gap_id	start	end	length	sequence
CP178622.1_gap1	49618	54420	4802	CAGGCACTTTCTAACTCCACTTCATTTTGTGCCACATCTTCTATTCTAATTGGGAATCCCGCCGAGGCAGCCAATGAACGCTGTCAGGTGCAAAGAAGTGTGAAAGCAGGGGCTTCGTTAGTTTGTATGCGTTGCCCGGGCGATCGCCTTAGCGGTGTCTACGTATGTACAAGCGCAAATGACGATGCTTCCACGATCTCAAAAAATCTGCTTAAGGAACTTGATAAAAAAGATTACGAGGGATCAAAGGTTCAAATTAGCGCCGACTCTTTATCAAAACATGTTGAAGTGACTCTCGATGAAGGCTCATCCCCCTTTGAGGCTCCTATTCTTCGCAAGAATACAGTCGTAAAAAGAATTGTCACACCGTCTTCGTCTGAAGAAGTGGTGATTGATTTAGGCCCGGAAGCACAAATCAAAAAGGCCTCTAAAGCCGGTCCAATGACAGTGGTAGAAAGACGCGACGAAAGCGGCGCCGTCTTGGATCGCGTGGGCAATAATCCTCACGTGGCGGACTATCATCTTAGAGCGCTAGAAGATGTCGGAAACTCGAAAGGGAACGACAATCTTGATGTCGAAGAGGTCAGCAAAACCGAACGTCTGGCTTGCGTTTATGCGGGTTGGGCCGTAGAAGGCCCGCAATGCTCTCCTATCAGTGAAAAAGAAATCCGTGACGCTTCTGGAAAGTCAGTCACTTACTCTTGTAAAGCAGATCAAGACGGTTCAGCGGTTTATGGAGACAATGAAGACGGAAAGTCCGTTGTCCTATGTAATCCCGTGCTTTTTGGATTGAAAGATGAAAAGCCTATTTGTATTCGTCGCTCTAAAAATGCGACGGAAGAGTGTGTAAAGGCGTCTAATAAAGCAAGCGAAACGCTGGCATTTGCCAAATCCAATCCTACAGAATATCGCGCGCTGGTTCGTCGCGTAGACGTTCTTTGCCAGCAAGATGAAAATGTTTTGCGCAAACACTTTGAAAAGCGCGGTCGCAGTAAATCACAAGTCGACCATGCGATTAAAGACTTAAGTTCTACCTGCGTGCATCTGCGTGGTCGTATGGCAGAACTCGTTGACGCTAATAAAGCAACGGCACCGCGCGCAGGCCAGCGCTAACTAAAGCATCTTTTGAAGCTCGTCCCAGGAAATGATTTTAACTCCCAGGCTTTGCGCTTTTTCAACCTTTGAGCCTGGATCATCACCGACGACAAGATAGTTCAATTTTGATGAGACAGATCCTAGAATCTTCCCGCCATTTTTTTCAATAATGTCTTTTGCGTCGTCGCGCTTAATAGGTAGAGTTCCCGTAATTAAAAAACTCATCCCGGAAAGCGCGCCCTCTTGCGAGCGAACCGGATTTGCAATCGTCACGCCGAGTTTTAGCATGTCGTGAACTTCGTTCACGAGTTTTTTGTTGGCGGTCCAATCACCGATAGCTTTTGCCACCTTCGGCCCGATTTCAGGAACTTGCAGAAGTTCTTCTTCAGTCGCTTTCAAAAAGTTTTCTATATTCACGAAGTGGTCGGCAAGATGCTTTGCGGTTTGTTCGCCTACGAAGCGAATACCCAGTGCAAAAATAAATCGCGCCAAAGTGGGGTTCTTACTGTTTTCAATGCTTTTAATAATATTCTCAGCGGATTTATCACCTTGTCGTTCCAAAGAAAGAACATCTTCTTTTGTCAGCCGGTAAAAGTCGGAAAACTTCGCTAAAAGCTTATGATCCACCATGGTTTCAATCAGCCGATCACCGACTTTATCAATGTTCATTGCGCGACGAGCGACGAAATGTTTCAAAGATTCTTTAACCACGGCGATGCAAAGTGGATTCACGCAACGAGTGACCACTTCACCTTCTGTTTTGACAGTCTCGGATCCACAGGCCGGGCATTCAGAAGGAATCAGGAAGGGTTTGCTCGTCTTAGGACGTTTTTCTGCTACAACAGAGACGACTTCGGGAATCACATCACCTGCGCGCTGAATGATCACCGTATCGCCGATGCGCACATCCTTACGATTGATTTCATCTTGATTGTGCAAGGTTGAATTTGTAACCGTTACTCCACCCACTTTGACGGGTTTCATGATCGCAACCGGGGTTAAGGCCCCCGTTCTTCCAACTTGGACTATAATATCTTCAATAACCGTTTGTGCTTGCTCGGGTTTGAACTTGGCCGCTGTGGCCCAACGCGGACTTCGAGCTACTAAACCCAAGTCGTCTTGCAGACGAAGAGAGTTCACTTTAATAACAACACCATCAATATCGAACGGCAACTGCGGACGAATCTTTTCAACATGGTGATAGTACTCAACAACCTCTTCGGGTCCTTTACATACTCGCACCAGATCTAATCCTTCTTTATTTTGTAATGAAGGAACTCCGACTTCGTGAAAATATTCTTCGATCTCTAATTGGGTTTTAAATTCTACGCCGTCGACGGCGCCTAGTGCATAAGCATAAAAACGCAAAGGCCGAGACGCCGTGATTTTTGAATCTAATTGCCGTACCGAGCCCGCCGCCGCATTACGGGGATTTGCAAAAGTTTGCTGCCCATTTTCTTGCTGAGTCTCGTTCAGTTTTGCGAAGTCTTGTTTAAACATTAAAACTTCGCCACGGACCTCTAAAAGCGCTGGCGGATTTTTCGTACTCAGCTTAAGAGGAACGCTGCGAATGGTACGGACACCTTGAGTGACATCCTCGCCGACCGTCCCATCGCCACGAGTGAGGGCGCGAATGAACTGCCCATTCTCATAGATAAGCTCCATCGAAAGACCGTCAAACTTCGGTTCGACGAGATATTCGACATGCTTATCGGTGTTAAGAAATTTCTTAACGCGCTCATCGAAGTCGAAGATGTCTTCGGGGGAATAACTATTAGCCAATGAAAGCATAGGAAGCCGATGCGGAGCTTTTTCAAAAGCGCTCAAAGGAGTTCCACCGACACGTTGAGATGGCGAATCCGAAAGGTCTAAGTTCTTTTCGCTTTTTTCTAAGGCCAAAAGCTCGCTATACAACTGGTCGTACTCGTAGTCCGAGATTTTGGGGCTATCCATCACGTGATAAAGATAGTCGTGGTGCGAGATGATTTTCTTGAGCTCTTCGTGGCGCTTTTTAGACATGGAAATGAATTTATCACTCTGGGGGAAAAGGTCTAGTCTAAAAAAGGAAGAACGCGCATTTGATGACTGAACTTTGTTTTTTGAATACCCTTAAATCTTACATCCCCGCGAAGGAGACTCTCGGTGATCGACAAAAAAACTATTGAACACATCGCAAAGCTTGCTCGCTTACAAGTCAGTGAAGAAGAAGCCCAAGAGTACAGCACCCAACTAGCGAAAGCTCTGGGTCATTTCGAGCAGATTTCAAAAATAAACACGGCTGGAATCGAGCCTTTGGTAACGCCAACGGAAATTGAATCTTTTTGGCGTGAGGATGTGGTTAAGCAGGAATTTACCGCTGAAGAAATGACGGCCAATGCTCCCGCAAAAGCAGGGAACCTCTTTAAAGTCCCGCCGGTGGTGTAAGATGGATTTAACTTTTGCTTCAATCACAGACATCGCCGAAGCCGTTCAATCTAAGAAAGTCAGCGCTAAAGAGGTGACAGAACATTTCGCGAAACGAATTGATTCCTTAGATGAAAAATTAAATTCTTTCACCACTAGGAATGATCAAGCTCTGAAAGACGCTGAAGCTTTGGATGCCCGAATTGCCAAGGGGGAACATGTCGGTCCCCTGGCCGGTGTTCCCTTTGGAATCAAAGAAATGTTCTGCACAAAAGGCCTTAAGACGACGGCGGGATCTAAAATTTTAGAAAATTTTATTCCACCCTATGATGCCACTGTCGTGGCTCGCCTTAAAGCCGCTGGCATTGTCGTGATGGGAAAATTAAATCAAGATGAATTCGCCATGGGCTCATCGAATGAAACCTCTTTTCACGGTCCGACAAAAAATCCTTGGAAGCTTGACTGTGTGCCGGGAGGTTCATCCGGGGGATCTGCGGCGGCGCAGGCGGCGCGTTTGGTTGCAGGCACATTAGGAACTGATACCGGTGGATCTATTCGTCAACCCGCAAGCTTCTGTGGCATCGTGGGAGTCAAACCCACCTACGGACGCGTCAGTCGTTACGGTATTATTGCTTACGCTTCTTCGCTCGATCAAGCGGGCCCGATGGTGAGCTCGGTAAAAGATGCGGCATTAACGATGGAAGTTATTTCCGGTTTTGATAGTTTTGATTCTACCACGACACAAAGATCTGTTCCCGCTTGGAGTAAAAATTTAAAGGCCGATATGAAAGGCATGAAGATTGGCCTGATGAAAGAATATATGACCGGCGGCCTGCACGCGGATGTGCAAAAAACCGTGGAAAACGCGGTGGACTCATTAAAGAAAATGGGAGCAGAAATAGTTGAAGTCTCTGTGCCTATGTCTGAATTCGCAGTTCCCGTTTATTACTTGATTGCGGCCAGCGAAGCTTCGTCAAATCTTGCTCGCTATGATGGCGTGAAATATGGTCACCGTGCCGAATTTAAAAACCTTTCCGCTGTTGAATTAGAAACTTTTTATGGAAAAACTCGCGGCGAAGGTTTTGGTAAAGAAGTCAAACGTCGTATTATGCTTGGTACTTACTGTCTTTCAAGTGGTTACTATGATGCTTATTACAACAAAGCAGGTCAGGTTCGTCGTTTAATAATGAACGAATACTTAGAAGCTTTCAAAAAGTGCGATGTCATTCTAAGTCCGGTTACTACCGCGCCCGCCTTCAAAATTGGTGAACGCATTTCTGATCCTTTAACCATGTATTTGAATG
CP178622.1_gap2	86956	89626	2670	TGGGCAAGCCTTGTTATTCCAACTTCCGATACAGAAATTTGGAACGAACTTCGCGAAAAATCTCGCCATCTTCCCGATTTAAGAATCATGTCGGAAAAGCCCCAGAATATGCCAGCGGCGCTAGGACTTGCAACACTGTTTACTGGCGAATCTTCTTTCAAAGAACGCTATCTAAAGTCGTTTGATAAATTGAAAGTAAAAGTAGGATTGAACTTCGATACAACGTTTTACTGGCATGGCTCTGCCGACTGGAGCGGAATCAACTTGAGTATGGTTGGCGATGTCACTGACATCATGATCGCGGACATGCTTAAGGAAACAGAGCTTCGCGACAAAATGCGCGAGCGCTTGATGGATGCGTGGGTCACTTATCAGCCCGCACGACGACATCTGCTTACAATCGCAGCTTACGGATTCGCATATAGACACGGAACTCGCGGTGGGGACTTCCGCAAAGAAAGCAGCGAAGTTCGTTTCAGTGAGGCACTAAGAGAATCCGTTTGGGGATTAAGAGAGATTCCTTATCCTCGTCCAAACTTAGATGTGAATATTGATCATTCACTTCGTCCAGATTGGTGTATGTCGCCAATCCCAAGACTTTTCTGGAAGTCGCTAAAGAAACCCGAACCACCAGTTTCTTATTTCTATCAAGGTCTTTACAGCTATCCGGTGTTTGAACTCAGTGCTTTTTCGAGCGGATTTCTTTGGAAGGATTCAGCGTTTGCTTATACCGAAGCTCACAACCGTGGAGTTGAGCAGGCGGGCGTCGATTACCTTTATGCTTATTGGTTAGCACGATATTCTGGAGTGAGGGATGTTCAGTAGAAAAATCGCCCTGGGAATTTTTGTAACGGCGATTTCAATTTCAGCTTTTGCAAAAAAAGAAATTGTTTTTTTCGGCGGCGGGGGCGAACCCGAAGGTCAAACCACCATCTTTGATGCGACCTATGGAAACTTTGCGCCTTTTAAAGAAGGTAGCGGATGGAAGGCACGCTCTTATTTCGATGGAGGACACCATATTTCTGAAGCTCTTGCTGAAGACATGTTTAAAGGCGCCAACAAACCCATGACCGCTCAGAATATGAAGGCCGAGATTGCTTCACTTAAGCAACGAATTCAAAGCGGAGACTTAAAATCGGGAGATCAGCTTCTCATTACGGTGGCCACTCATGGAGCCAAACAAAAAGACGGCCAACGCACTCATAGCGTCACCACAACCGATACTGACTTCGACATGGATGAACTAAAGACTCTTCGAGACCTTGCTGAAGCCAAGGGTGTTCAGTTGGGAATCGTAGATATGTCCTGTCATTCAGGTCCCGTAACTTCTCTTGGTTCGGACAAGACTTGCGTGGTTTCAATGGGCGGCGAAGGAGTCGCTTGGAATATCTCTGGAGATAAGTTTGGCCAGCTTTTAACGAAAGGAAATTCATTAGAGAATGCCTTTTTAACCAGTCGCAAAGATCAGCGAGCTTTAGTTTTAGGTGCTCCCCAAATTTCAACTGATGCTGGAAAAAGAGCCTTCAATGCGACGAAATTTTTAACAGAATCATTAATGGGTTCCGACCAACTTGCAGATATACCTTTGAGTGAGATATCTTGCTATGGCTCCAGCTCTCTTCCTTTCCTGCGGCTCGTGAGTGACCTCAAAAAAGTTGATAAAGCTGCCGGATTTCAAAGCTACTATAAGTACGCACGAGTGCAAGTGGGCCTTGATAAAAGCAAAAATCAACCAGTCATTGATAAAATGAAGGCCGCATTAGATGACTACAATGCTGCTCGAGACAAGCTTATTCAATCTCAAGAGGAAGCAGAAAAGCTCAACAAGCGCGAGTGTATTAATGTTGCCGATACGAAAATGTGTGGAACGAAAGAGCAGTTTATTTCTGGCGTGACGGCACTTACAGCAAAGAAAAAATCCAATGGTCTTAGTCCAAAAGAAGCTATCGAATTGGCGACGTACCAAAAGTACATCAACACTGCCTCGTTTAAAAAATGGCAAACACTTCGTTCAAGCTTCCGGAATGATAAGACTTTACATGATAAAGCGATGAATGTCGCGAAAGCCGAGCGTGAAGTTTACGATGAACTTTACAAAATATATTCAGCGGAAAATAAAAAACCTAATCCGTGTAGGGACTTTAAGTTATGAAAAAACACCTGTGGAAAAGTCTGTTGATGATGTGGATTCTTTGTTTATCCGGCATTACTAATGCAGATGAAAAATTCAAATGCGGCGAATATGAGTTCAAAGGAATTATAAAACAACACGAAGGGAAATTCGTCCTCAAGCTCTATGAAGGCTCTATGAGCGAGACAATATTCTCTTTGGCTCCGGACCTAGCCGAAGTAGCAAGTGTCTACAAAGACACTGCAGTCACTTTGAAGGGGAAACTTTTTGAACCCGTAAAAACCTATCGGGGAAAAATAGAGTCGACGAAGACCGCTGAAGAAATTAAAGAGCTTACTTCTGAAGATAAACCTTATACGGCTCGCTTTATGAGAGATGATATCAAGGAGCGAGTTCCAGATCCACTTCATCCAGACATGGATTCAGGAATGAAGCTCGTAAAAGAGGAAAGCTGTGATAGGAAGGCTGAAAAATCCTCTTCCAAGAAGCCTAAAAAGAAGTAAGGCATTGCTATTCATCACCCATTGCAATAAAAGAGC
CP178622.1_gap3	135916	139284	3368	TCTTAAAAAAATTAGGAGAACGTATGAAGAAGCTAATGTTTGTTATGCTTTCGGTATTTCTGGGAATAACGGCATCTGCACGTAGTATTATTCCGACTCCCACTTTCGAAGAAGCAACGATCAATGTGTGCCCGAAAGGTATCGTTGGTTGTGCTCACACTATCAATCTTGATGGCAAAAAATTTGCGATGGCGATTGATGAAGATTCTCGCGATGCTGAGCAATCCATCAATGCTTTGATTGGCGCAAACCAATTCCACAAGATTCGCAAAACGCAACCTTTCACAGTTCGGGGCTATTTCATCGAAAAAGGTGTTTTCCCGAACCCAACGGTGAAAAGAACGGTGTTTGTGATTCTTGAGGTCTCAAACGTAATAAGTCCCAAATAGTTCAACTCCCCCAAAGATGAACGGAAGGCCTCTTACGAGGCCTTTTCTTTTTCCGCCGCCATTGCCAGATCCAATACATTCGTTATGAACGCCTAAGCCCATGAAATAAGGTCATTTTTTAAAAACTCCAGTATCCTTTTCATTACGATTTTGCTATATCCGTCGACCTATGAATCCAGTTCAAGCCCTTAAGACGAACCCGTTTGTTCTTGCCCCTATGGCAGGGATTACGGATCACGCCTTCCGTACTTTCATGAAAAAACTTGATACCAGTGTTGTCGTCACCGAACTGGTGAGCGCTAACGGCATTGAATACAAGTCCGAGCGTACGATGAAGTTGATGAGTTTTGATGAGTCGCAAAGACCTATCGGAATTCAACTTTTCGGAGAAGAACCAGAAGTCATCGCTCGTGCGGCTCAAGTAGCCGAAGCGGAAGGGTGTGACTTTGTTGACTTGAACTTCGGTTGTCCAGTACCGAAAGTAGTTAAAAAAGGCGCGGGTTCCGCGATGCTAAAGGATCCGATTCAGCTGCAAAAAGTTTTGTCTGCAGTAAAATCCGCGATCAAGATTCCTTTGACGATTAAAATCCGTACGGGATGGGATGCGAACACTCGTAATGCCATCGAGGTTTGCAACATCGCTTATAACGAAGGCATTGAGTGGGTGGCCATTCATGGTCGCACTCGCGCCCAAGGTTATTCTGGTTTAGCTGATTGGGATTTTATCACCGAGGTGAAAAACCAAGCGAAGCTTCCTATCCTGGGAAATGGAGACATTCTCACACCTCGTCAAGCCAACCTAAGACTAGAACAGTCGGGCTGTGACGGCGTTATGATCGGTCGTGGTTGCCTTAAAAATCCATTTATTTTCATGGATGCGCTTTCAATGTGGCGTGGGGAACCAGTTAAGAACGTCAAACGTGACTTTGTTAGCTTATTCCAGGGTCTGGAACGTGAGATTGTGGCGCATTGTGATGCTCATATCACAGGTATTCAATTGAGAAAGTTTGCAGCTTGGTTCTCAACAGGTTATCCTGGAGCCGCACAGTTCAGAAAGAATCTTTTCCAATCCAAAAGCAACGAAGAGATCATGACTTTGGCGAACGAATTCTTCGCAGGCATCGGTGAGACCGAGCAGGAAGATCAAAGCCAAGACGAGTTCCTAATGGGAGGCCACGGGTAGCCGTGAGCCTGACAAAAAACTGGCGTGCGAATTTATAAATTTAGTTTTAGTGTTTTGAAGTTTTAAGAAAAAACGAAGGGTAAATATGGTTCAAGATCCAAAGAAAATTAGAAATATTGCTATCATCGCGCACGTCGACCACGGAAAGACGACGCTTGTTGACCACTTGATTAAACAAGCAGGTACTTTCCGTGACAACGAACACGTTGAAGAACGTTTGATGGACTCCATGGATCTTGAAAGAGAGCGCGGAATCACGATCGCAGCAAAGAATGCTTCGTTCATGTACAAAGACATCAAAGTTAATATCGTAGATACACCGGGACATAGTGACTTTGGTGGTGAAGTTGAGCGTATCTTGAACATGGTGGATGGTTGTATCCTTCTTTGCGACGCCTCCGAAGGTCCACTTCCACAAACTCGTTTCGTATTGAAAAAAGCTCTTGAGGGCGGCAAAAAAGTTATCGTTTGTATCAACAAAATTGACCGTGCCGATGCTCGTATTCAAGAAGTTCACAACGAACTTTTCGATTTGTTCATCGACTTAGATGCTACAGAAGAGCAATGTGACTTCCACACTGTTTACGCGATTGCGCGTGAAGGTATGGCGACTCTAGATCCAAAAGTGAACACAGGTTCTTTGGAAGTTCTTTACGATGCTATCGTAAATCTAGTTCCTCCTCCAAAAATTGAAGAGAACGCTCCACTTCAAGTTATGGTTTCTAATATTTCATACAATGACTACGTAGGTCGTTTGGCGATCGGTCGTATGAGAGCGGGAACTATCAAAGTGGGTGACGACGTTCTTTGTGTTCAAGCGAACACTCAAAAGAAAGTGAAAGTTTCAGCGTTATTCCAGTACAAAGTGAACTCGCAAGTTCCAGCGCAAGAAGTTGGCGCAGGTGACATCGTCGTTATCGCGGGTATGGAAGATTTCACTATCGGTGACACTATCACTTCGGTTACGGATCCTCGCCCGCTTGAGCGTATCCGCGTAGAAGAGCCGACAGTAGGTATGGTGTTCTCGGTGAACAACGGACCTTTTGCAGGTTTGGATGGTAAAAACGTAACTTCTCGTAAAATCCTTGAGCGTCTTGAAAGAGAGCTTTTGTATAACGTTGCAATCCGCGTAGAAAAAACAGACAGCACTGACGCGTTCAAAGTTGTTGGTCGTGGTGAATTGCAATTGGGCGTTTTGATCGAACAAATGCGCCGTGAAAACTTCGAGCTTCTAGTATCTAAGCCAACAGTTGTCTTCAAAGAAGAAAACGGCAAGAAAATGGAGCCAATGGAGATCGCGGTTATCGATATCGAAGACAGCTTCGTAGGTGCGGTAACGGAAAAACTTGGTAAACGTAAAGGTGTGATGACGAACATGGTTCAAAAAGGATCTGGTCGTACACGTCTTGAATTCCGTATCCCTTCTCGTGGTTTGATCGGTTACCGTTCAGACTTCTTGACTGACACTCGTGGTACAGGTCTTTTGAATACACAGTTCGACGGTTGGGATGAATACCGTGGTGAAATCGAACACCGTATGAACGGTGCGATGATTTCTGACCGCAAAGGCCAAGCAACTGCCTACGCAATCTGGAATCTTCAAGAGCGCGGTATCATGATGGTTGAGCACGGTGATGATGTGTACGAAGGCATGATCGTCGGCGAGCACGCTAAAGAGAATGATCTAGAAGTAAACATCACTCGCGAGAAAAAATTGACGAACGTACGTGCTTCAGGTTCTGATGAAGCTATCCGTCTAGTTCCAGTTAAGAAAATGACTTTGGAAAGAGCGATGG
CP178622.1_gap4	143410	146839	3429	GAGCTCCCGCGAACACGTCCGTTGGGAAGTGGACTCCATTATAAACACGGCTATATCCGATCAGAGTGGCTAAGGCATAAACCGGAATTGCCGCAGCTGGGAACATGATCGCGGTAAATGAGGCGAAGCAAAACATATTCGTCGCGTGATTGGAAACAAAACTGTAGCCGCCGTAAGGAGCACGAACCACGACATGCAATCCAGGCGTGTCACCCGGCCGAGGCCGTTGAATTGTCTTTTTAAAGGCTTTGTTGCCGACTCCATCAGAAATTGAGATAGCGGCAAGACAAAGAAAGAAGATGACGAGCCCTTTTTTTATGCCACGTCTCCACATAAAAATGCCCAACACGATGGGAACGAGAACTGTTTTGAAGAACGAAGTTTTATGTAGATCCGTAACAAACGGAAAAAACTGATCCGCCCAAGAGGCCGTCCACTGAGAATTGATCAACATCAAAAGGTTTTTATCGAGACTCAAAAGAAAATCTAACATCATGACGACTTTACCTTAGTTTTTCACCCGCAGAAAGTCTAGGTCTTCAGATGGTCCAAGTGTCAGCGTTAAACTCGTGTGGCACTATTTTGTTTATGGATAAAGCAACATGGTTTGGCCTCCTTGTAGGCTTCGGTGGGATATTGCTCGGGAACCTACTTGAGGGCGGGCACATCAGCTCTTTAATGCAGTTCACAGCTTTCGTTATCGTTCTTGCGGGAACCGTTGGTGCCGTGATGGTTTCCAGTTCAGAGAAAGACTTAAAAACCGGATTAAGTCTTGCAAAAAAAGCCTTCAATAAAGAAGAAAGCCAAGCCAAGAAACGCATTCAAGAAATCGTGGATTGCGCGCGTTTTGCCAAAAAAGAATCTATCTTGGGATTAGAGCCTCGCATCAACAAGATTGAGGATCCGTTCTTAAGAAATATTCTGCGTAATGTTGTTGATGGTGTGGAAGTTGAAAGCATCCGCGATATTTTCGAAACACAAATTCAAACGGAAGAAGATGAACAACTTGCGGGTGCAAAAATCTGGACTGATGCGGGCGGATTTGCTCCAACGATCGGGATTATTGGTGCGGTATTAGGTCTTATTCATGTTATGGGAAATTTAACTGATACCAGCAAGCTAGGCGCAGGTATCGCTGTCGCTTTCGTTGCGACGGTGTATGGTGTTAGCTCTGCCAACTTATTATTTTTACCATTAGGAAATAAATTAAAACGCAAAGTTCAATCCGACTCTCGCGAAAAGCAGATGGTGCTAGAGGGCGGCCTTCTTATCGCTAGCGGCATGAATCCCGTCGTCCTTGAACGAAAGCTATATGCCTTCTTAGACTCTGAACAAAGATAGGTCTAAGACAGAATGGCAAGAAAACACAGGAAACACGAAGAACATGAAAATCACGAGAGATGGCTAGTCTCTTATGCGGATTTTATTACGCTTCTTTTTGCTTTCTTTGTGGTGATGTATGCGACTTCCACCGAAGACGCTGAAAAGCAAAAAGAATTTGAAGATTCTATCAAACTAGAACTGCGTCTGACCGGACGCGGTGGCTCTGATAGTGCAGGAAATGAACTAGAAAATGCTATTGCTGAACTCGTGATGCCTTTGGGAAACTTCCCCAAAAAAGGTGGACCCGGTGAAGTTGAGGATTATGTTGTACGTTCTTTAGATAAATCCATGGGAGCTCAGCAGAAGAAAGAGTCCATCCAAGACATCTATCATGATGCTGTCGGTGTTCGTATTGCGTTGGCAGCATCAACTTTCTTTCCATCAGGCTCTGCGAAGCTGAAAGCCTCTGCTTTGAGCTCTTTAGATAAAGTGGCCGAAGTTCTTAAATCAAATACAAAACGCATCATCGTCGAAGGACATACCGACGATACTCCGATTCAAGACAGCCTATTTCCGAGCAATTGGGAACTGGCGGGTGGACGGGCCTCCGCAGTGGTTCGCTATTTCGTGAAAGTGCATCAGCTGGATGCAAAAAGATTTATTTCTATCTCATATGGCGATCAAAAACCGATCGTCCCTAATGACACTGAAGAACATCGTTCGATGAATCGTCGTATCGAAATCTTTATTGTGACCGACGATAAAAAAGTGGAAATCTAGAAAATAAAAAAGCCGAAGCTTAGAAGCTTCGGCTTTGGTGGTTCGATTTACAATTTAGATTAAACGCATTCTTTAAGTTTTCTTACGATCTCAAGAGCCTTTGCGCGATCAACTTTTTTCACTTCCATGATAGCTTGAACGAAGTTGTCTTCATTCTTTTTAGAAGCTGAAGAGTTGTTCAAGACATCATATCTTTCGATGATTTGAGTGTAGGAATCTCTTTCTGCTTTAGAGAAATCCGTTAGCATTTTTGTTGGAATGTCATTTTCCATTCTATCAAGAGCTTTGGACGTCACTTCCATTTCTTCTTTCGTTAGATTCGATTCTCTGTCGAGTTTTCTCATCCAACTATTAGCAATTACTTTTGCTGAAGCGTCAGCAGAATCTCTTAGGGATTTTCCTTCGGCGGCATCAGTTTTAGATACTTCACCACTCATTTTTTTGGCCGCTACGATCGTCATCATCGATTCGATGCGCGCTGGGCTGTCTGAAAGAGATTTAGCAATGTCAGAAGCATGACTAGGAAGTTCGACGGCTTTTGCGATCGCTTCATGAGCTTCTTTGCTTTTTTGGATTTTAGTAGCCGTGCCACCTTTACCATATGCAAACTCTTTGATTTGCTTTGTGTAGTCCACTAGCAACTCACGAGAAGTTTTAACTGGTGCTGCCACTGCAAAAGAAGATGCCAAAACGATAATTCCTGTTACAAATGCCTTTTTCATACTCTCTCCCTAATTTTGTAAATCGATACAATGGATTAATAAGCAAAAGACTTACCAGGTCCTTAGGCACTCTATACGCATTAGTTCTAACTGAAGTGTCAGAGATCTAACGGAGAGCGTTTTTTGTTAGTCGGATCTCGTTTTGAGACGGGGCCTAAAGCCATAATATTACAGGATTATTCAGAAACGAAAAAAGGGCGTGGAGATTCACGCCCTTCAAATTACCGGTACTTCAAATTGTCGATTTTAGTGCTTACCTGGCATTGAGATGCCTCTCATGGCATCTAGCCTTGCTTGAATTTCGTTATTGAACTTTTGTTGTTCAATATCGAGTTTCTTCAAGTTTCTGATCTTGCTCCAGCTAACGGCATTAGCCATCGATCCATACATCATCACTTCGGTCGCCAAGCCTTGAAGCTGTTCCAAAGCGGTAACGGCGACATTGCGCTGTTGTTTGTTCAATTGAACAACGGCACCTTCTTGCTCGTCTCCGACACCTAGAGCTGTCGCAAGCTTTTTTACAGAACCTTGGATGTTTTGAAGTTGTTCCTCAAGCTCATAGTTTTCAAGGTCGGATTCAACAACTTCACGGCCTTCTTTATTG
CP178622.1_gap5	158802	163055	4253	GCGCGATTGAAGAGTCGTTGTACTGGTCGATGTCTTCATAAAGAGTGTCCAGAGAATTCACTTTCCAGAATTTGCTTAAGAAAAGCTCGTCCGAGTTAGTCATCTTCTTAAACGTTTGATATTTCGTAAATCCGATGGCCCAACAAAACACGGAAAGCAGAATAAGGATAAGAAGAGTTAATTGGACAACAGGGCTAGCTTGAAAAATCGCATCCATGGAGCTTGTGTTCACTGACACAGAGGGTGCGGCCTGAGCCACGTTAACAAATAAAGCGGACATATCTTGACCTCCGATATGGGACGCATCGATCCCTAAGGTAAAAAGATATGTCCAAATGGTCCTGAGTTCAACCTATTGAGCAGGACCTTGGCCGAGAAGATGAAGTAATTGTGGTAAATTGTCCGTGATCAAACCATCTGCCTTGTAGCGACTCGCTTCAGCAAATTGAGATTCACTTTGAATAGGACCCAAGAAAATTCTTTTTTTGCGACGACGCATTTCTTCAATGATGTCGTCATTGAATGCGGGGCGTTTCATCAAAGTAAATGGTGCGATGAAAACATCTCCAGCAAATTGCGTCGATGGAAGAATCCACATCGAATCAAATGTCAGCATACGCATAAGATCCGGAGTGCTCGTTCCATACACCCACTCTGGCTTGATCTCTTTGATCGTTTTCATAATGATCAAGGCGTCACTTTGAATAAGAGTTCGCTCGTTGGGTTTTAAATCTTGGATCGTACTAACCAGCGTCGTATGCGCGTCAGCCACGTTATCAACGACATTCAGGATGAAGCGAGTTTGCGGAAACTGTTCGTAGTATTCTTTGAGGGCCGGGGTGGTTTTATAGAACTCGTTGATTTGCTCCCATGGATATTCATTCAGCTTTCCACCAATCATGATAGGTGTTGAGGGATTTTCCTCTTGCAGCTTGTGTTTCATGTCTAGGAATTCAACATCGCGAGAAGCGGGCAAAATAAAAGGCGTCTTTTCGCGAGAAAAGCGCACATCCAACCAAAGAACGACGTCAGACTTGGTTTTGATCGCCTGTTGCGCTTTTTCCAGAGTGTCCGCTTTTACGATAATCAGCGGAGCAGGGCCCGAAAAGAAGGCGTGCTCGTAAGCTTTATAGTGTTGGCCCAGGCCCCAAATACGGGCGGACAAAATAAGAATACCGACGACGGCAAGGCTGCAAATGGTAATGAAAAAGATTCTCATAAGACCTTCGTATAGCATTCTAAAGCATTGAAATCAGCAAATTTTTCCAAAACTAAGCGATTCTTTTCTGTCACAGTCTTAAATACGTTAAAATTAGGCGTATTTACCCTTGTTTTTCATTTCACTTTCGTTTAGAAACGGGGTCATAGCCCTACTGTGGACGCACATTTAGATGCCCACTGAAAGCAGCTCAAAAAGAGCAGAGAACGAATCATGAACAAGATCAACCGCAAACTCGAATACGCCCTCATGGCTTTAAAGCACATGAGTAAAAAGATTCCTGGCGAATTGACGTCCGCGAAAGAAGTTTCCGATTCTTTTAATACGCCTTTTGATGCGACAGCTCGAGTTATGCAACAAATGGCACAAAAAGGAATTCTTCGCGCCGAATATGGTGCTAACGGTGGTTATCAAATCACGAAGGATCTTTCTAAAGTCTCTATCCACGATCTTGTGGAAATCATCGAAGGCCCAACGGCTTTGGTGAAATGCCTTCACAAAGAGGCTCCTTGTGAAATTCAAGGAACTTGCAACATCGTTTCCCCCATCACTCAACTTAATCATCGTCTCACGGAATTCTATCGAAGCCTGAGTTTGAAAGAGCTGCTTGTGGATAAATCATCATTAGCTGGCAAAAAGTCAGCGGAGGCAGAGGCTCATGGACAATAAATCCTCCAACAACCCTCTTGAGTCTTACGAATACAAATACGGTTTTACGACAGATATCGAAACCGACGACGTTCAAAAAGGTTTGAACGAAGACATCATTCGTTTGATCTCGCAAAAGAAAAATGAACCTGAATGGATGTTAGAATATCGCCTGAAGGCTTATCGTCATTGGTTAACAATGGTTGAGCCCACATGGGCGCATGTTTCTTATCCAAAGATTGATTTCCAGGATATTCGTTACTATTCCGCTCCGAAAAAACAGGCGGAAGCCGACAAACCAAAATCTTTGGACGATTTAGATCCCGAGTTGATCAAGACGTTTGAAAAGCTGGGCATCCCTTTGTCAGAGCAAAAGCGTATTTCTGGTATTGCCGTTGACGTAGTTTTTGACTCTGTCTCTGTCGGCACAACACACACAGAAGTTTTGGATAAAGCCGGAGTTATCTTCTGCTCTATTTCTGAAGCTGTGCAAAAGCACCCAGAGCTCGTTAAAAAATATTTGGGTTCGGTTGTTCCCTACACTGACAACTACTATGCGGCTTTGAACGCAGCTGTTTTTACAGATGGTTCGTTCTGCTACATCCCTAAAGGTGTTCGTTGTCCGATTGATCTTTCCACTTACTTCCGTATCAATGCGAAAGACACCGGTCAGTTTGAAAGAACTCTTTTGGTTTGCGATGAAGGTGGTTACGTGAATTATCTTGAGGGCTGTACGGCGCCTCAACGTGACGAAAACCAATTGCATGCCGCTGTTGTTGAATTGGTAGCTTTGGACGATGCAGAGATTAAGTATTCGACAGTTCAAAACTGGTATACGGGTGATAAAGAAGGCCGCGGTGGTATCTACAACTTCGTAACGAAGCGTGGAAAAGCGGCCGGCAAACGTTCAAAAATTTCTTGGACTCAAGTGGAGTCAGGCTCTGCGATCACTTGGAAATATCCTTCTTGTATCTTGCAAGGCGATTATTCTGAAGGTGCTTTCTATTCTGTGGCTTTGACTCATGATCTGATGCAAGCCGATACCGGCACGAAGATGATCCACATCGGTAAGAATACAAAGAGCACGATCATCTCTAAAGGTATTTCAACGGATAAGTCTTCAAATGCTTACCGTGGCCAAGTAAAAATCATGCCTTCAGCAGAAAACGCGCGAAATTATTCTCAGTGTGATTCGATGCTTGTGGGCGATAAGTGCAGTGCCAGCACTTATCCTTATATTGAAGTGAAAAATAAGTCTGCCATGATTGAGCACGAAGCGACGACTTCACGTATTAGTGAAGATCAGATCTTCTATTTGCAATCTCGTGGTTTGGATATGGAAAAAACAATTTCGATGCTCGTTAACGGTTTCTGTAAAGAGGTCTTTAAAGAATTGCCTCTAGAATTTGCCGTAGAAGCCGTGAAGTTGATTGAAATGAAATTGGAAAATAGCGTGGGTTAATCCCGCGACGTAAAGGTAAGAGTTATGTTAGAAATTAAAAACCTCCACGCACGTGTTGAAGAAAAAGAAATTCTTAAAGGCTTGAACCTGACAATCAAGCCAGGTGAAGTTCATGCGATCATGGGACCCAACGGTTCTGGTAAATCTACTTTATCTAAAGTTCTTGCGGGTCACCCTGCATATGAAGTGACTGGCGGAGAAGTAAAGTATGAAGTGAACTTCCAAATGAAAAACCTTTTGGAACTTGAGCCAGACGAAAGAGCCAAAGAAGGTATCTTCTTGGCATTCCAATATCCTATCGAAGTTCCAGGCGTTTCAAACTTTACGTTCTTGCATACGTCTTTTAATTCGATCTTGCAACATCAAGGTTCTGAGCCAATGCCTGAAGGGGAGTTCCGTGAATTCCTAGTTCAGAAATTAAAGCTTGTTGGTATGAAGCCCGAGTACTTGGATCGCCCTGTAAACACCGGTTTCTCTGGCGGTGAAAAGAAGAAAAATGAAATTCTGCAAATGGCGGTTTTATCTCCGCGCTTAGCTCTTCTTGACGAGACGGATTCAGGTCTTGATATCGATGCTCTTCGCATTGTTTCTGAAGGTGTGAACAAGCTTCGTCGTAAAGACAACGCGATCGTGATGGTCACTCACTATCAAAGACTTCTTGATTATATCAAGCCTGATTACGTTCATGTTTTGTTGGGTGGAAAAATCGTTGAAACAGGCGATAGCTCTTTGGCCCTGAAACTTGAAGACAAAGGGTATGACTGGTTGACGTAAGTCAGCCGTCGAGGTGAAGAAATGAATTTGCTTTCAACCTATGAAAAATTCAGTCAAACACAACCGGCAGAAGGAGCTCTAGCGTCCTTCCGTCAGGCTGGCTTTGACTATGCCTCTCGCAAGGGTCTTCCGACTCGTAAAGATGAAGAG
CP178622.1_gap6	321589	323939	2350	CACCTATTACGAAGACTTGATGAAGCGTATCCAAGCCAAAGTAAAACAAGGCAAAGGAAAGTTTGTCGAAGAAGCTCCCAAAGAAGAACGCGTGGAGGAATCTACGAATGTCGTCGATCTCTTGCCACTTTTAAGAAAAAGTATCGAAGCCAAAAACAAGAAGGAAAGAACTTCTTCCCGTGCGCCGACGAAGCGTGCGGCTAACTCCAGTCGGAGGTAAGCATGCCTCTTCGTGAGTACGTTAAAAAACGCGATTTTAAAATTACGTCCGAACCAAAATCCACGCCTCGTCGAAACAAGAAGGCCAAAGATGACACCCTGATGTTCGTGGTGCAAGAGCATCATGCGTCGCATTTGCATTATGATTTTCGCCTAGAATTTAACGGCGTTTTAAAAAGCTGGGCCGTTCCGAAGGGGCCGTCTCATGATCCAAAGATCAAACGGTTAGCGGTAGAAGTCGAAGATCATCCTGTATCGTACGGTTCTTTCGAAGGGGTGATTCCGGAAAAGCAATATGGAGCAGGTCGCGTTTACATCTGGGATACCGGTACCTGGGAACCAATCGGCAGCGTGCGTGAAGGGCTGAAGAAAGGGCATCTGGAGTTTAAGCTTAAAGGTAAAAAGCTGCATGGCCAGTGGATGCTTTTAAGAACGGGTCGTCCTGCCAGCGGCAGTAAGTCGCAGTGGCTTTTGGTTAAAAGAACTGATGAATATGTGATTCCAAATGATGAGGTCGTTCCGATTGAAGATGAAAAGGGGAATGTTCGTCGTTCAGCACGAGCGACTTCATCACCTTCAAAAAAAAAGTCGGCAAGCCCCGCCAAAAGAGCAGTCAAAGAAAAGAGAAAAGTAAAAGCGCTGCCTGAATTTATTAAGCCCATGCTCGCGGAATTAGTGACAGATGTTCCCGAAGGCACAAAGTGGATTCATGAAACAAAATTCGATGGCTATCGCACCCAAGCTCACTTTGAAAAAGGAAAGCTCAAGCTTTTCACGCGAAGCGGTTTGGATTGGACAGAGAAATACCCCGGTATTGAAAAAAGTCTTAAGCAGCTGTCGGTGGCAAACGCCATCTTAGATGGTGAAATCGTAGTTTTAGATAAAGAAGGACGCAGCGATTTTCAGAAGCTTCAAAATTCTTTGAAAGCTCACGACGTGAATAACCTTGTTTATTATGTTTTCGATTTGTTGTTCTTAGATGGTGAGGACTTAAGAGAGCGTCCTTTGATCGATCGTAAAGAACTTTTACAAGAACTTATCAAGGATCTCAATGAGCCGCTGATTCGATATAGCGATCACATGGCCGGTTTCGGCAAAGATCTGTTCAAAGAGGCTTGTGATTATCAGCTCGAAGGTATCATTTCCAAAGATCAAGATAGCACTTATCAATCTCGTCGGGGCAGTTCGTGGGTTAAAGTGAAGTGCAAACTTCATCAGGAGTTCGTCATCGGCGGATATACCGAAGGCACGGGAGCTCGTTCCTCGTTTGGCGCTTTGCTTTTAGGTGTTTATGAAGGTGATCAGCTTCGTTACGTGGGAAAAGTAGGAACAGGGTTCACTGAAAAATCAATTGAAGACATTCTAAAGAAGCTATCGCGGAGGGAACAAAAGACATCTCCCTTTGATATTAAATCCCCCCGCGAAAGAGGAACTCATTGGTTAAAACCGGGCTTGGTGGCTGAAGTGACTTTTGGAAATTGGACTTCGGATAAAATTTTAAGAACGGCCGTCTTTCATGGATTGCGGGAAGATAAAGCTGCTAAAGAGATCCATATCGAAAAAGCCAAGCCGCTTGAAGAGGTTTTAGAAGAATCGCCTTCATCTAAGAAAAAAACCTCTAAGAGAGCTAAGTCTTCAAAAAAGCAAGAGGTCACAGAAGAATACTTGCGGGGTGAAATTTCTAATCCCGATAAGATTCTTTACGCGAAGGAAAAGATAACTAAACTTCAGGTCGCAAAATTTTATCAAGATCACGCGGATCTTATTCTTCCGCATGTGAAAGACCGTCCACTGAATCTTTTGCGTTGTCCAGAGGGAACATCTAAGCAATGCTTCTTTCAAAAGCACATCGCCGGAACGGTGCCAGAATCTATCACGCCTGTGAGTATTAAAGAAAGAAGTGGCACGAAGGCCTATCTGACTTTGGATTCACCAGAAGGTCTTCTGGCGCTTTCCCAGATGGGGGCGTTTGAAATCCATGTATGGGGATCGCGTCGAGAGACTGTCGAACATCCAGATCTTATAGTGATGGATTTCGATCCCGGCCCAGGAATCTCTTGGAAGCAGGTCGTTCAGTCCGCAGAAGATTTGAAGCAGATACTGGACGATTTAGGATTAAAAAGTTTTCTCA
CP178622.1_gap7	383689	387718	4029	TGATCGATCCAAGCTTGTACTGGAGGAGCACCGAAGCCCCAAGCACTGCGTGAACCGAAAAGACCGGATTTCAAATTCACCATACGTTGAGCAAGCTCCGAACGATCGATGATTGAAGTGTCTTTTGAAAGCTCTTGCATCGCTTTTTCAACACGTTTGATAGTGACTTTTTCAACTTCGATACGAGTGTATTGAGCTTTCCATTGCGTGTACTCTGCGTTTCTAGAAAGTTCAGATTCTAAAGACACTTTAGAGTTTGCAATGATAGAGCTCGTCAAGCTTACGGCCTGGCGAACACCATTCATCCAAGAACGGCTGGCATTAGCACAGGCTTTCAAAGCGCCTTCGTCGTCATAAACTTTGGAAGCGGAATCCGCGATTCTCTTCATTGAAGAGTTGTGCAGATTTCTCATTGTCGACGCTTGAAGTTTTTGACCGCGATCGCCTTGAGCTGTGGCTGCTTCTAAGTTTAAGAAAGCAGAAGCCGGGAAGGTCTTACCGTCACGAGCCCAGTTCACAAGCTCATTACCTAAAGTACAAACCATCAAGTCGTCTGGATTTTGAGTGATTTGGTTATCAACTGTCATGATGTCAGCGCGATCGTTAGCGATTTGCGCTTCGATAGCTGACGTGTTTTTCATAACAGCTTCTCTGTAAGTCAAAAGCTGAGAAAGCTCACGAGTTGGCGTTGTGAATTTCTTTTTGTAAAGATCCACTTCTTTTTCAAGCTCTTGAGTGATCTTGCTGATCTTTCCACTTTGAGCCAATTGCATGAAGCGAACTTTTTTAGCCACTTTCGTGTACTGACATGTATTCTGAAGAACCGCTTTACGATGATCAGGATTAGTCATATCCAAAGTGTTGGCATCAATCATTTTCGCGATGGCAGAAATACCGCTTGTCGCCACCACACCACCAATAACAAATGGAAGTGCTGGAGCTAAAGCCGCATTCATAGAAACCGCGAACAAAGCGTACGGTGCAAGACCGTTGATCACGTCGTTCATCGCCAACAATACTTTACCTGTCGACATTGTTTGACGACCGCACTTTGAGTTCAGGAAGTTATTATTATTGATAATATCTCCAAGACTTCCTACCGCCGCCAAAGCCGCCGTCATGGACTGATCGATTTGCGCTGTATTTACCATCGCCGCGTCTTGAGCCGCCATGATTTGCTGCAAAGACGTGATGCTATTTTTAATTTGATCACCATTCTTTTCAATCGCTTGAGCAGAAGGAGAACCCGTACACTCGGGGGATGCTTTCACTTCTTTATTAAGTGAATCAATCGCCGCAATCAATTCGGCGTGAGGGCGGTTGTCGAAAAGAGGACAGCTATAAGCTTCTGCCACTCTTGCTGCACCCATTTTCGTGCCTGATGAAGTGGGGCGAGTGTTTGAAGAGGATGAACTTGGCGGACGAGTTGAAGATCCAGAACCACCATTACTGTTGCCGTTATTGTTGTTATTATTGGAGTTCTGATTCCCTTTAGGAACTGAAGGAGTTGTAGGGAAGAGGCCCGTATCACCCGCATCATCTTCAGGAAATAAATCCAAAGGAAATCCTGAGGATGAGGATGTCGTTGCACTAGCCGCCAGCACTGTTTGCGGTGCATGGGGGATAATGAAACTTGCGGAAATCGCAAAGGCCATCGCACTTCGCTTTACGTACTTCAGTTTCATAAAGTCTCCATTGTTAAACTTTTCGCCAAGTAACTTTTTTTGCGTGTCATTTTGAGGCACTCCGATCCACGTCGTGGTCCTAAGTTCTTGGAAACACAACACTTCACCTGGCACTTCAAAAAAGACGGACGCGTTCGCGGAATCGTAGTGCAAGCCCAATGCCCTGGCGCTTCGTTTTGAAACAAGTCCAAGGCCTGTTCGCGAAAGATTGTCACCCGTGACCTTTCTAGACGCTTTTTGACCCTGCCGTAATAGAACCGCTGTCATTTGCTTATTATCTTCAAAGTAATGGGACTTGGCCGCAGGGGAGTGGAACAATCTTTGAAGTAGAGGTGAGGTATGAAACTGATCATGTCATGTCTCTTAATATTAGGTTTTACTTGTCCCTGCCTGGGCAAGGTGGATTTGAAGTCCACTAAAAGACTTATTATTCCTAAAGACAATGTGACTCCGAAGATCACTAAGTCTGATGTGGCGAAAGTGATTCCTCTGGATCTTAAAGCAGGTGATAGCCAGGGAACTGTTCTTGGGCGTATTGCCGACCGTGGATTTTCATTGTGGTTCAATTCTCGTATGATGAAAGAAACGGCTTTAGGTCGCTTTGCTGAACAAACTCAAGAAAAGTTAAAAACCGATGTTGTCGTTCCTGCTTCTAGCAAGGAAGGCGTAAGTCACAAGTTCTCGTTCCGTGTAGAAGCTTTCCAAGCTCTAGCAAAGGTTGAGTATTCTGGGTGGTTGAAGGCCGCATTTAACTACGATGCGAAAGCCGCGGCGACGGATATCGTTTTAAAAGAAAAATACCGTAACAAAGATTTATTCGTTACCCACAAGGCTAATAAAGACGAAGACCTTTCGATGGTCGGCGTAGCTTGGTCGTGGTGATCAGCTAAATAACACTATTTCGTACGTTTCGCTTTCGGCTTTCAAGAGCGGAGGATGAAATGGCGCCAGATAAGAGTTCCAATAAAGAAAAACAACCTTCTAAAAAAGAAAAATCCCCAGCGGGGACTGAAACCAATCCTGAAAAGCATCAAGAAGACGTCGATAAAGCCCGTCAGAATAATAATAGCGATAAAAGAATTTTCGATCTTTAGATCATAGACTCTAGGATTTCTTCCTAGACTTTCGTCCTCGTTATTTGACCGGGCAAGGATTGAAGCCTACCCTTAGTGCATGGAAAAAATCGTATTTATCTCTGGAAAAAGAACTCCTTTTGGTGGGTTTGGTGGCTCTCTTAAGGATGTATCGGCAACTGATTTGGGTGTGGCTGCTGCCAAAGCGACACTTGAGCAAGCGGGATTATCACCTGAAAAAATTGATCACGTTGTTTTTGGTAACGTTGTTCAATCTGGTGCAGACGCGGCTTATCTTCCTCGTCACATTGGTCTTAAAACCGGTGTTCCTGTGCACGTCGGCGCCTTCGCGGTGAACAGACTTTGTGGCAGTGGATTTCAGTCGTGGGTGAACGCGATGCAGATGATCCAGTGTGGGGAAGCAACGGCGGTCCTAGCTGGTGGTGTAGAGCAAATGTCTTTAATTCCTTATGTCGCTCGCAAAGTTCGCTTTGATGGAATGCGCATGGGGAACTTCGAACTTGAAGATCTTATGACTTCAGCATTAACAGACGCTTACGCAAAAATGCCGATGGCTATCACGGCGGAAAACTTGGGAGAGAAGTACGGCATCACGCGCGAGCAGTCTGACAAGTATTCGATCCAATCTCAACAGCGCTATAAAGCAGCTTTGGATAAAGGCTATTTTGCTCAAGAGATCTGTCCAGTTTCGGTGGAAAGTCGCAAAGGCACAGTGGTTGTTGATAAAGATGAACATCCAAAGCCTGAATCCACTTTAGAAAAAGTCTCTTCATTAAAATCTCTTTTCAAAAAAGATGGACTGGTCACGGCGGCTTCTGCTTCAGGAATCGTTGATGGTGCGGCTTGTTCTTTATTGATGAGTGAATCAAAAGCCAAAGAATTGGGAATGAAACCTATGGCTCGCATCGTAAGCTATGCATCGGTGGGATGTGATCCTACGATCATGGGGATTGGGCCGGCTGCGGCGGCAAGACTTGCTTTGCAAAAAGCGGGGATGACTTTAGATCAAATGGATCTTGTCGAAGTGAATGAAGCTTTTGCAGCTCAGTACTTAGCCGTTGAAAAAGAATTGAAGCTTGATCCGGCAAAAACCAATGTCAATGGCGGTGCGATTGCGGTAGGACATCCCTTGGGTGCTTCGGGAACTCGTATCATGAATCACTTGGTTTACGAACTTCATCGCCGTAATGCCAAGTACGCGTTGGGTTCAGCTTGTATCGGTGGCGGTCAAGGTATTGCCATCATCATCG
CP178622.1_gap8	453682	456066	2384	GAAGTAACCCCTTATCGTTTGGTGATCTCAACAGAATCTGGTTCTATTCAACTTGTCGATGATGCGAATAACGTTTTAGAAAAACGCTGTTTGAATTCAAGCAATCTTGATGAACTAAAAACCATCTTAAGCGGCTCCAGTATTTGTGAAGCCGAAGTGCAAAGTGATGATCAAGTGTGCTCGATGAAGTACAAGCCTTGGTATGCCGCACTTTACGTGAACGAAGAGCGCGTGAAGCTGGGTGAAGAAAAAGATTCTTGCGGTAAAGGCAGAAAAGATCTTTGCGGAGCTCTGACCGATGTATTCCAAGCTTATGTAGCGCATGTAAAGCAGCATTGGGATGAAATGAACTGCGAATAGTGATAAAATTCCCGCAAACCGATGCAATAAAAACAGCTTCCCCATAGGAAGCTGTTTTTATTTGTAGACTATTTTGAACTCATACTTTTATCGATAATATCTTTATAAAATAGAAGGCTCTGCACTTCAGAAAAGGTGTTCGGAAATCCCTGAAGGGGATAACTCGGTGCCAGGCTTTTGCAGTTTCCACCCTTGGAATCACAGCTATTATATCGTTCGCATCCGTGAACAGGATCGGTGTAGGTGGAAATACCAGGATTTCCACCGATAAGAACACCCACGATCTCATTTTTAGCATTAAAGACGGGACTGCCACTGTTGCCCGAGAAAGCATCTAAGTCTGTCAAAAACGAACGACTGCGATACTGCGGAAGAAAGACCTTAGCACTGTCTGTGTATTTTAGAGGAAGTCCCATCGGGAAACCCAGCATAGTGACGGGTTCATTCATTTTGACCGGACTGTTAGATATCTTAAAAGGCATTCTATTTACGGTCGGGCGATCCAAGCGAATCAGGGCAAAGTCATGGTTTTCGCCCTTCTCACTGACCGTTGCATAGATGATTTCTTTGCACTTAAAGATCTTGTCGTTGGCGATCTTTGCGGGATTCACTTTTGAATCGTAGTCAAACATCCAAGTGTAGACTTCACAATACTGGTCATTAACACTGCGAATTTCACCAAAGGTCACGGCACAGTGGCCGGCCGTGATCAGAAGATCTGGAGCAACTAAAAAGCCCGAGCAAGCGTAAGCGATGCTTGTTTGGTTAGCAAAGCGTTCATCCCGGCACATGAAATCGCTCATTTTATTAATATCTAAAGAAGAGTGACCATTTCCAAGATCGGTCCAAAGGCTGCTTAAGACACCGACAGCAACAGAACGCGCGAGTGAATTCTTCGCAGGGACTTGCAAGATATCTTTACGATCATCACGTCCAAAGATATCGGCACAGGCAAATGCAGGAACGATAAAAATGAAAGCCAATGCGACACGAGAAAGCAGTTTCACGAGAAGGTTCCTATCCTAGTGAGAGCGTTCGAAAGGCGCACCTTACTAGAAATGGATTCTAAGATCCACCCAGTTGAATTTATTTCCCGTCATGAATTCATTTGGCTAATAGAGAGAGAAATTAGGACCCCGAGTGGGGCCCTAATATTAAAGATTCGTTATATTCCTAAAAGAGATTTTACCTTATCGAAGGCCTGAGGAAGGCTTGCTCTGTTGGGAGCCGCACCTTGAGCGAAGTCGGGACGACCGCCGCCTTTTCCGCCCATGATGCCTGCGACTTCTTTTAAAAGATCACCGGCTTTGGTTTCGCCAGAAATCTCTTTAGAAACGCTGACGATGATGGGGTTTGAGCCTTCACCTTGTCCGACCACAACCACGACACCATTTTGGATTTTATTTTTCAAATGGTCTGTGACTTCTGCCAGAACCTGGCGATCGTCTAAAGCGAGATCTGCAAGAACCAGTTTCGCAGATGCTCCAGCCTTGGTTTTGAAAGTCAAAGCTTTCGCCGCAAGATCGTCGACATTTACTTGTCCACCTTGAAGCTTCTTCATCTCTTTTTCCATTTGCTTGATCTGCTCTTTTAAAGCTTCCACGCGATTAGCAAGTGTTGCCGTTTCGCCAGTTGCTTCAAGATGTTTCAAGTAATGAGGGCTTTTTTGGAAACCAGCCGCTGAAAGTGCTTCATCCAAGTGAGAAACTGCGTTCATCGCATAGCGAACAGCCCCATCACCCGTGATAGCCTCAACACGACGAACTCCGGCGCTAACGCCTGCTTCAGAGACAATCTTAAACAAACGGATCTGTGAAGTGTTCTTAACGTGAGTTCCACCGCAAAGTTCGCACGAGAAATCACCCATTGTTAAAACGCGCACTTTGTCGCCATATTTTTCACCGAACAAAGCCATCGCGCCTTTCGCCTGAGCCTCTTTAGGTGACATCACTTCGACTTTCACTTCGTTACCCATAGCGATCTGTTCATTTACCAGATCTTCGATTTGACGAATTTCTTCGGAA
CP178622.1_gap9	463244	467832	4588	GATCTTCTGGGGGTCCGTCGAGACACTCTCATGCAAGAGGGTGCGGTGAGCGAAGCGGTCGCTCGTCAAATGGCGCACGGAGTGCGTCGACAGCTTAAAACTGATTGGTCTGTGGCAATCACAGGTATTGCTGGTCCGAGTGGTGGAACACCCACAAAGCCAGTAGGAACTGTCTGCATTGCTATTGCTGGACCGGCCTTTGAAGATTCACGAAGACTGTTGTTTTCGGGAGATCGCAAAGCCATCCAGAATGCATCGGTCGACTATTCAGTGAATTGGCTGTGTGAAGCGCTGGACGCTTCTTTGAAATCTCGACAATAAAAACGGCCTCGGCCAGAACATTTAACATTAAAGAGTCGTAGCAAGTGCTACGAGAGAGGAACAACAGATGGCAAACGCTTCTGTAGACGGCAAAGTGAACGGCGAAAAATCTAAAGCTTTGGAGCTAGCAGTTTCTGCTATTGAAAAGCAATTCGGTAAAGGTTCGATCATGCGCTTGGGCGCAAACGAAACTCTAGTGAAAGATGTTGAAGCAATCAGCACAGGTGCTTTGAGCTTGGATATCGCTTTGGGTATCGGTGGTCTTCCAAAAGGTCGTATCGTAGAAATCTACGGTCCAGAGTCTTCTGGTAAAACAACTCTTTGCTTGTCCGTGATCGCTCAAGCTCAGAAAAAAGGCGGCGTTGTCGCTTTCGTCGATGCGGAACACGCATTAGACGTTAACTATGCTCGTAAATTGGGTGTCAACACTGAAGATCTTTTGATCTCTCAACCAGACACGGGTGAACAAGCTTTGGAAATCACAGAGACTCTAGTTCGCTCTGGCGCGATCGACGTATTGGTTGTCGACTCCGTAGCGGCGTTGGTTCCTCGTGCAGAGATCGAAGGTGAGATGGGTGATTCTCACGTAGGTCTTCAAGCTCGTTTGATGTCTCAAGCACTTCGTAAATTGACTGCGGCTATCAACCGTTCCAACACACTGGTTATCTTCATCAACCAAATCCGTATGAAGATCGGTGTTATGTTCGGTAACCCTGAAACAACAACAGGTGGTAACGCCTTGAAATTCTACTCTTCAGTTCGTTTGGATGTACGCCGTGTAGGCGCGATCAAAAACGGTGAGGACGTCACTGGAAACCGTACGGCGGTGAAAGTTGTGAAAAACAAAATGGCTCCTCCGTTCACTAAAGTTGAATTCGACTTGATGTACGGTGAAGGTATTTCTGAAGAAGGTGACTTGTTAGACTTAGCGGTGACTGCAAACTTGGTTGAAAAATCAGGTGCCTGGTTCTCTATGAATGGTGAGCGTATGGGTCAAGGCCGTGATGCTGCAAAAACATTCTTGAAAGAACATCCGGAGTACATGACTGAACTTCGCGCGAAAATCTTGGCAGCGAATGGTATCGGTAAATTGTTGGTTGATGCTAACGGCAACAACGGCGAAGACCACGAAGGCACAGAGCCGGTTGAAGCTGAAGAAGCAGCACCCAAAAAATCAAAAAAAGGTAAGCACTAATTTTTTTGATTTATTGATTCAAAATCAGGAAGCCCCGTCGAAAGACGGGGCTTTTTTTTTAACTTCTGCCTGGGGCTTTCAATACGATCTTACCTTTAAAATACGGTAATTTAAGGTGAAGACTTCTCTGATAAATATTAAGAGTTACCCATACTTGCACTTTAAGCTGATTTAATCCGATTTGAACAAGATTCAGTTAAAAACTGCTCTAAGTTTCTCCGAACTCTTCCGATAGATTGAATATGAATTACTCCGGTACGTATCTTCTCATATTGGTACTTCTTTGGAATTGCTTCGCAATGGCTGCGCCTAAGTATTTCACGTATCAAGGTCGCATCGTTAAATCTGATGGAACTGCATTAGAATACGGGAACGTCAGCTTTCTTTTTGAAATTACTAATCCCAATGGCACTTGTGTGATTTACCGTGAACAAAAAGACGGTATCAACATGCAAAGCTCTAAAGGTGTCTTTGATGTTCCTATCGGAAGTGGAACGAAGTTGTTCCCAACGGATCCTTTGTTTTCTTTGTTAGATGCTTTCAATAATTCAGAATCGCAAAATTGTGCCGGAGGCGCGACGTATTCTCCTTTATCAGGCGACGGGCGTCTGCTGAAAGTGCAATTTCACGATGGAACGGGTTGGAAAGTCATCGATCCACCAAATGAAATCCGTACCGTACCTTTTTCAGCGTTTGCTCATTCGGCAGAAAAGCTGGGCGATAAATTAGCGAGTGATTTCCTTTTAAAAAACAGCGTCGCTTCTTGTTCGGCGGGACAGTATCTGACATTTGATGGAACAAGCTTTACTTGTCAAAACGATGCCGGTGGAGCTGGTATGGTTTCAGACGTCAACGTCACGGCTCCACTTACAAAGTCGGGCACGGCATCCATTCCGGTGATAGGAATTTCAGTTGGAACCACAGCGGGAACTGTCGCTGCGGGAAATGATGCTCGGTTCAGCGATGCCAGAATTCCTACGGGAACAGCAGGTGGAGATTTAAGTGGGACATATCCAAATCCTTCTGTAGCTAAAATTCAAAATGTCGCGGTGTCTTCGGTGGCTCCTACTTCAGGTCATTTCTTAAAGTTCGACGGTGCTCAGTGGTTGTCGTCGGCAATCACGATGTCGGATGTTGCCAACTTAAATACGACTTTAACAAATTATCTGACGACATCTGCGTTTAATACGGCAGTGGGAAGTGCGAACTGTGCGGCCCACCAAACTCCTTATTGGAATTCAGTTTCAGGATCTTTCCAGTGCCAGGCGATCAACGTTTCTGTTGCTGGTGACGTCAGTGGCACGATCGGTGCGGTGGTTGTAAATAAAATCAAAGGCGTGACGGTTGATACGACCGGCCTTACGACAGGACAAGTTCTTAAATATGATGGCACGAAATGGGCGCCAGCTTCGGATAGCAATGCGGGCGGCACAGTCACGAATATCGCGACAGGCACTGGTTTAAGTGGTGGACCTATCACTTCAACGGGAACTATTTCGCTTGCGAATACGGCGGTGACGGCGGGTTCATATGGTTCTACAACTCAAGTTCCTACCTTCACGGTGGATGCTCAAGGTCGTTTGACGACGGCAGCGAATTCTGCGATTGCGTTTCCAGTGACCAGTGTGGCGACCAAAACAGGTGCGGTGACTTTAGATTATGGTGATATCAATAACGCCGCTTCAAAGTATTTCACCTATCGTCCAAACAACGTTTCTTGTAGCGATGGACAAACTTTAAAATGGATCAACGCAAGTTCTCGTTGGGAGTGTGCGAATGACACTTCTTCGGGTGGTACCGTCACTAATATTGCAACAGGCCCAGGATTAAGCGGTGGTCCTATTTCCTCAACGGGCACTATTTCTTTAGCGAACACCGCAGTGACAGCGGGTTCTTATGGTTCAACGACTCAAGTTCCCACTTTCACGGTAGATGCTCAGGGCCGTTTGACGACAGCATCTAATGCCGCCATAGCTTTTCCGGTAACAAGTGTTGCTTCTAAAACAGGTGCGGTGTCTTTGGATTATGGAGATATCAATAATGCCGCTTCAAAATATTTAACTTATCGCCCTAACAACGTGGCTTGTTCTGACGGACAGACTTTAAAATGGGTTAACGCCAACTTGCGTTGGGAATGTGCGAATGATGTCGACACATCTTCAGGTGGAACGGTCACCAATATTGCTACGGGAACGGGACTCAGCGGTGGACCGATTACATCTACGGGCACAATTTCTCTAGCGAACACGGCGGTAACGGCAGGTTCTTACTCTCGCGCTAATATCACGGTCGATGCTCAAGGTCGTCTGACAGCCGCGAGTAATGGGGCCGCTGTAAATCTTGGGACTGAAGTGACGGGAACTCTTCCGATTGCCAACGGGGGTACAGGACAAACGACTGCGACGGCAGCGTTTAACGGTTTATCGCCAGCCACGACGAAAGGTGATTTGATCGTCAACGATGGAACAAATGATGTTCGTTTGCCTGTAGGAACAAACGGCCAAGTGCTTTCCGCAAACTCTGTTCAAGCTTCTGGTTTGCAGTGGATCACTCCAACTAACGGCACGGTGACAAACGTAACAGGGACGGCGCCGATCGTTGTGTCGTCTGGTTCAACAACTCCTGCCATTTCAATCAGTGATGCGACGACTTCGACGAAAGGTGCTGTGCAAGTCGGCGCGGGACTTTCTGTCACGTCAGGTACAATCAGTGCAGATCCGGCGAATTTCCCTGCAACGGTTCCTGTTTCTAAAGGTGGTACGGGATCGACATCCTTAACGGCCAATAGACTTCTAGCTTCGAATGGTACCGGCACAGCTGTGATTGCATTTAACTGTGCCAACGGCCAAATGGTGACGTTTGATGCGACCGGATTGATGACATGTACTTCATTCGTAAATAGCAGTGTGATTTTAAACGGCGGAAATTCCTTCGGTGCCAACGCCACTATTGGAACCAACGATGCTTACGCGCTAGGGTTTGAAACAAGTGGTTCGACTCGCATGACAATTCTTTCTGGCGGTAACGTCGGCATCGGTACGGCTTCACCTGGAGCAAAGCTTCACGTCAGCG
CP178622.1_gap10	469283	472167	2884	CGACATTCAAACTTTTGGATTCTTTCAATAACTCGGCGTCGTTTTCTTGTGATGGAGGTTCTACTTACAACGCGGCCTCCGGTGATCAAAGACGTCTGCGCGTGCGTTTTCACGATGGTTCAGGTTGGAAAACGATTTCACCAGATAACACCATTCGCTCTGTCCCGTATGCCGCATATTCTGCGGCCGCCGAAAAGCTTGGAACTTATCAGGCGAATGATTTCGTTTTAAAAAACACGGTCACAAGCTGTCCGGCAAATAATTTTCTTACTTTTGATGGCACTGCTTTTTCATGTGCTCCAGTAACGGGGGCTAGTGGTGGAACTGTCACTAATGTCACGTCGGGAAATGCTTACGCGACAGTGACAAATGGAAATTCCACGCCGCAAATCACAGTGAATGTGGGAGCTGTCGCAAATACGGTCGCTGCCGGAAACGATGCACGCTTCACAGATGCCCGCACTCCCACAGGAAATGCGGGCGGAGACCTCAGCGGCACTTATCCAGATCCCTCTGTAAGTAAGATTCAAGGCGTAGCTGTAGCGACGACAGTTCCAACATCAGGGCAGTTTTTTAAATATTCTGGAACGAACTGGGCCCCAGCAAGTATCGCGATCTCTGACGTAACAAATCTTTCTTCGACTTTAAGCAATTATCAAACAACATCGGCATTTAACACAGCCGTGGGTGGTGCGAACTGTGGCGCGCACCAAACTCCTTACTGGAACTCCGTTGCGGGCGCATTTCAATGTCAGGCAATCAATGTTTCCGTAGCGGGTGATATCAGCGGAACTATCGGTGCTGTGGTCGTGAACAAAATTAAAGGTATAGACGTCGATACCACGGGTCTTACGTCAGGGCAGGTTCTTAAATACGACGGAACAAAGTGGGCTCCGGCAAATGATTCTAACACCGGTGGGACTGTCACTAACATCGCAACGGGAACGGGTTTAAGTGGTGGTCCCATTACTTCAACAGGAACAATCTCCTTAGCAAACACAGCGGTAACTGCGGGAGCTTACGGTTCTACAACCCAAGTAGGCACTTTCACCGTCGATGCTCAAGGAAGATTAACGGCCGCAGCCAATTCAAGCATCGCCTTTCCAGTAACTTCAGTTGCGACTAAAACGGGTGCGGTGACTTTGGATTTTGGTGATATTCAAAGTGCCGCTACAAAATACCTTACCTATAAGCCAAACAACGTCGCTTGTAGTGACGGTCAGGTTTTAAAGTGGGTCGCTGCAAATTCTCGATGGGAATGTGCGAGCGATACAGACACGTCTTCCGGCGGAACGGTGACGAACATCGCAACGGGAACCGGGCTTACGGGTGGACCGATTACGGGGACCGGAACTATTTCTTTAGCAAATACGGCGGTCACACCAGGATCTTATACGAAAGCAAATATCACCGTTGACGCTCAAGGAAGAATCACGGCGGCCGCAAACGGATCAAACACTGTCGATCTTACAACAGATGTTACGGGAGTTTTGCCAGTCGCTAATGGTGGTACTGGCATTTCAACGGGTGGCAGTGCAAATCAAGTTTTGAAATGGGATGGGGGCACCAATAAATGGGCGCCTTCTTTTGTGAAACTAAGCGAGCTGACAAATTCAACCGGTGGCAGTGCCTTCAATATTGCGGGCTGTACGGCTTCGCAAACCTTAAATTGGAGTTCCATCACTGATAAGTTTGAGTGTCAGAGCATTTCTATAGCGAACACTCAAGTCACCGGACTTGGAACGGCAGCAACGAAAGCAGCAGGGACAGCGGCCAATGAAGTATTATTATTAGATGGATCGGGCCGACTTCCCGCAAGTGCTCTTCCGTCGACACTGGGGCAATGGCAAGCCTCGGGAACAAAACTTTTTTACGATGACGGTATCATCGTTGCTGGCGGCTCCGGCACTTCGTATACGGGCACGAACCACGCATTTGTCGTAAAAGGCGATAGCGGTCAGTTCTCTCAGTTCATCATGGATCGCGGAGGCACTTTAACTAACTTCTATACCAACGGTACCAGCATCAATATGGGTAAATGTACATCGGTATCCTGTGCTGGAACGACGAACTTCTTATCTGCGGATTACACATCAAATCGTTTGGATCTAGGGATGGGTGGAACGTACCAGAAACTCTACCTGACATCGACAGGTTATCTAGGAGTGGGCGCATCTTCACCTTCGTACAGTGTTGACGTGCAATCAACAGATGCTTTTCAGCAGCGACTTTTCCACTCTTCGGATTCTGATTACAATGGGGCGGCCCTGATGATGACTCGGACCCGAGGCACCTTGGCGGCAAATACGGGCGTGCTTTCAGGAAATACCATCGGTGGGTTTTATTTCCGTGCGCATGATGGTTCCGGCACTGGAACAACTACATCTGCGATCGAAGTCAGCGCGACGGAAAATCAATCGACGACAAATCGTGGTTCGCGGATGACTTTTGAAACGACAAGCACGGGTGCTGCGACTCGCACTGAAAGAATGCGTATTGATGGAAATGGCTACGTGGGTATTGGCAATACGTCGCCGACAGTTCCTTTAGACGTTCTAAAAACTTTTGATGGATTCACAGCAATTCGCGCGCAGAACGCCAACAACTCTGTGGGAGCTTATGCGGGATTTGCCGCAGAGTCTGACACAGCGGCGATGGAAGTTGTCGCTTATTCTTCGACGAACTCAGGTATGTTCGGCAGTGTAGCGGCCGCTGATGCGGTGGCTGTTCGCAGCTGGAATGGAAAGCCGGCCTCTTCGATGTTAGTAGGGACGGGCAGTGCGGTGCCATTGCACTTGATTACGAGTAATGCCCCAAGACTGACGATCAGTGGTCTCGGGTATGTCGGAATCGGCACGACGAATCCAAGTTCAGATCTGGATGT
CP178622.1_gap11	480554	483677	3123	GCCAGGCAAAGCAGCATCTTCTCCTACCGCAGAAAGCTTGCGCAAAGAGCTTTTAAAAGCTTCTTCTCGATCTGTCAGAGTTTTTTCGATGTCATTTAAGGAAGCCTGTTGGCGCGGATTATCGATTGTGAGGCTACGAAGATTTTGGTAGCGTTCGCGCGCTTCTTTCACACCAGAAAAATACGGATCCAAATAGTCTTTACGGTTTGTAAGAAGAAATCCTCGCACGCCTGTTTCTGCGTCCTTGACAGCAGACATCAGTAAATCAAGCTCAGAGATTACATTCGCCGTGTGTTGCACCCATACTTGTTGCTGGCGAATATTTCTAAAAACGTTAAGTAGTAGAATCGAATTAAAAACAATCAAGACCGCGGCAACAAGAAAGAATGTTTTTAAAGTCGTAAAGCGAGAGCTTTTTTCGAAGTTTTCAGTCACATCACACCTTTAAGAAGTTACGAAATTAAATGCGATATTGCAGAGGAACGGACTTCCTATCACACCAGAGATAAAAATCTACAAAGGGACGCAGTTTTTTCTGAAAATTGATGTACGCATCATAAAAAAGAAAATACTTAGCACTGCAAGTGCCGAGAGAAAACAATGACGTGTTTTAATTTTTGAACGCTTTTTAACAGCGGTGAGTTTTCAGAGGAGAAACTCAAGAAAATCTTACAGGGATGTAATGAATCGCGCGCTCAAGAATTCGAGCGCGCGATGAATATTTTAACTAAGGTTTGTAGGGATTTTTCTTCGCTTCGGCCCAGTCTTTTTCATTAAAATCCTTGAGCCAATCTTCATAACCTTCGGCTTCCATTTTTTCTAATGGCACAAAACGTAAAGAGCCCGAATTAATACAGTAGCGCAAACCATCTTCTCCGGGGCCATCATCAAAGACATGGCCCAAGTGCGAATCAGCGCGCGAAGATCTGACTTCGGTGCGCACCATTCCGTGAGACATATCTTTCTTTTCTTTTACGATGCCTTTATTGATCGGCTTACTAAAGCTGGGCCAGCCCGTGCCCGAATCGAATTTATCTTTTGAAGAAAACAACGGCTCTTTGGAAATCACGTCGACATAGATTCCGGGATGATGATTGTTCCAATAGGAATTTCTAAATGGTGCTTCCGTAGCATTTCGTTTTGTAATCTCGTATTGCTCAGGGCTTAAGAGTTTCTTCAGTTCTGCATCGTCTTTGGGGAAGGCGCATGTCTCAGGGTTGTACTTTTCAGTCTTCACAGATTCCTCCTTCTTGGGAGTCGCTTTTTTGCTGGGGGCTGCATTAGCACTCAAGGAGAGAGCCAATAGCAGCATAATAAGTGCAGGTGTTCTCATAGGAAAAACCTCCAGCAACTATTGTAGTTGAGAAGGCTCTATTTTCGGAACAATTTTTCTGTTCAAAAATCTGACACTTACTTTAATTCGAAGTTTCGTGAGGTTGAGCACGCTTAAAGCAGGGTTTGAAAATAGAGTGGTATCCACGGCGTCTCTTTCGAGCCGCCGTGGAACTTCCGAAGTATTAGTGCTTTTTCTTGTCAGGACCGTACTTTTTCAAAAGAGAAGTCAGGACACCTTTGACCTCTTCTTCATGCAGACCGCATTTTTGCTGAACCAAACCATAGATTGATTTGATACTTCCGTGAGTCATCTCAAGTTCTTCGCTAGAAATGTCTTCCCAGGTTTTTTGTAGCTCTGCTTTAAGCAAGGGCCATTTCTCTTTTGAAATCTGTGTATTCATCATAGCGCTCTCCTGCGTTATGAAGCTAAGAGAAAGCACAGGCAGTGCCAGTCGTTAAAAACGCTGTGGTGATTTTAATCGTTTCGAGTGGGGAATTATTCCACACAGCCGGGAATTGCTCCCAGCCTTTGCTTATTTGCAGGAAAAACCGGGACCCATACCAGAGTCGCGAAAGTTAAAGTAGTCCCGCGTCTCAAGATCGTTCACAAACAGTTGTCCCGTATAATGAGAGAACTCAGAACCTTGGAATTGCGGATAAAGTCTTAAGTAAACACCTTCAGCATCGCCACGCAAGCTGATGTCGCTATAGTATGTTTCTGGCGATATGCGAACATCGGAGTTCGTGTAGCTTTTCGAGAAGCCTTTTTCTTTTACGATCAAGGTTGCACCAAAACTATAACTTCCGATGAAAGGCGTTTTGGGATTGATCGCCTTATTGAATAGCACTTCAATTCTGACGTCGTCGTTTTGAGATGGAATACAAACCAAGCGGGTGACAGAGGCGATGGACGTGGAAGCAGACAGGGCGATAAATAAAGAAATCAGTGTTTTCATAGTGAAAGGGGATTAACGACCCTTCCGAATAAACGCAAACAAAAACATTCAGCGGAAAGCTCAATGAGAAATGCGGAGGTGAGCTCCGCATTTTAAGTAACAATTAGAATGTGATTTTCACGGAATCTGCTGATTTTTTTGCTGGTCCATGAAAAACCGCCTCGATGTTGTTTCCATCGGGATCAATCACAAAAGCGGCGTAGTATCCGGGATGATACGGGCGCTCTCCCGGAGCTCCGTTGTCTTTGCCGCCAGCCTCTAAGGCCGCTTTATAAAATTTTTGAACCATGTCGCGGTCTTTGGCTTGAAATGCCAAGTGCACACGACCCGTAAGTTTTCCGACGGCGGCCTGGCTATCGACCGAAGACACAAACAGTTCATCAACCCAGAAATAATCCGGGCCCTCGCCTCCTAGGGGAACGTCAAGAGTCTTAAATACAGCCATATAAAATTTTTTGCTGGCAGCAAGATCTTTCACTACTAACTGAATATGATCGATCAAGCGACCGCGATGAAGCTCATTTGTTTCCACAGGGGACTCCTTTATTTTGCGACACTAATGCCGATATCACGTGGGTCGGCGACTCCGTGCAAAGTATCTCTTTCGTTAGCAACCGCCATCACGTAACAAGGAACAGGTTCGATTTTCACGTCGTAACCCATTCCTTGAAGTTTTGCGACAACATCCGCGCCGGGCCCTGGGGGATCGATGTATAAAACATCCGGTTGCCATTGGTGGTGATAGCGTAACATAGCGACCGAATCATACAACGACGTTTTAAACTCAACATAGTTTAAGATTGTTTGCGCAACGCAACTGATGATGCGAGTT
CP178622.1_gap12	558464	563227	4763	GTTGCTCCATAGTAAGGCGTGGGGGTAGAGAGTTTACCGACAACTTCTGCATCCCAGTTGATTTGCGGAGCATGATAGTACTGATGTCCATCGCCACGAGCGACGTGATTCCAGTTGTTGTTCTTTTCATAGCCTTCATCTCGCCCTTGAACGGCGTCGCGAGCTTTGTAGTTACCAACCACTCCTGCTTCAAAAAAGGACGTTATACGATATTTGCTTGAAAGCTGGGTGAGGAACTCGTTTCCTAAGGCCCAACCTTTGGCATTTCTTCCGCCGCGCACAGTGAGCTGACCTCGCGCCGAGTTCACCCATTTCGCAAGATTCAGGGAATAAGTCGAACCCAAGATGAGATCCGCAGTGCCCGAACCCAACTGCATGTTATAGGCCGCTGTTTGTGATGGATTCGAAGTGAATGTTTCGTCAATGCTTCCTGTCGGCAAAGTCACGCTGATGTCGGAAAGAACAAGATGTGCTTCTTTCGCGTATGTCGCAGTCATCGCCATCAAACGAACATCCCCGATCCCTTCGGTGTAATCGCGCGTTTTGAAATTGAGGCCGCCCGGAATCGGTTCATATTTTGTCTCGACCATATTTTTAATATGCGGAACAAAAGCAAGGAACGTCCATGTCGGACTGTAAAGCCACGTTGCTGTGATCATATTCACGTCGACGGTCGACGCATCAAAACCGTAAATGCGTGTGTTGGCATTGTTCGTACCTTGAAGATCGTATTTGTAATAGCTGTAAGTAAGAAAAACCGACGGAGGTTTTGGTGCGGGAGTGATGGAGGTACCTGTGGTTTCAGATTGTGCAAAACTAGAAGCGGAAAAAGACATCGTCAGAATGAATCCCAAAATTTTCTTCATGAAAGTTCTCCTTTGCTGGAGCATAAAACTCGTGAAGACGATTTTCAGTCAATGAAATTCACTCGAAAAAATCTAGAGCAATTGCTTTAATCTGCGAATGAAAACAGGTAGATCTAATGGGAATTTCTGGCACAACGAGACCCGTGTTTTTGTCCCTAAACTGTCGCCGTGTCAATTTGATACACACTCTTACGGGCCTATATCGCGCTTTAGGCTGACCTAGTTTTTGCTTGGAAGAATCCCGGTATAACCCAGGACGTTTATTATGAAATCAGTTGTGAAGCCTTTAATGATTATCTTATTTGCGGGAATTGCGTCGCCGCATGTGTTGGCGCAGGTTTCATCGTCGGCGGCTTCGGTCGTGATTGAACGTGCTGCTGAAAGCGAACTTCACAAGCTCTTTGCTAAAGCTCAAGAACACGCTGTTCTTTCGAAACCACTGCGTGATCGCGTTGATTTCTTTTCGGCTCAATTCTTAGGAAAACCTTACCTGGGTGGCGCGCTTGGAGAGGGAAGCACATCTTCTTTTGATAACGACCCGCTCTTTCGTTTTGATGCGTTTGATTGCACAACTTATGTTGAAACCGTCGTAGCACTTTCGTTAGTTTCTTCAGAAGAATCTTTTAAAAGTTTACTGACACAGATTCGCTACATGAATGGCAACGTCAGTCTTTTCACACGCAATCATTTCACGAGTGTCGATTGGAATCCAAATGCAGAACGACTTGGAGTTTTGCGGGACATCACCAGGGATGTAGGATCTTCCCAGACGTCGACGTTGGAAACTCTCATTGAAAAGAACACTTGGTTTGCGCGCCAAGCTCCCGACATGGTGAAGGCGAAGGACAACGAGGCAAAGAAGATCGAATACATTCGCGCAAGTACCCAGAGCATGGGTCAGGAAAAAGTTCGTCTTAATTTCATAGATAAAAAGACCTTGGTTTCTAATCGGGATTTGCTTCGTTATTTTCCCAAGGCAGGTGTGATCAATATCGTTCGTGTAAATTGGAAAGTGAAAGAGGCCATCGGAACGGCGTTGGATATTTCTCATCAGGGAGTTTTCTTTGAACGCGACGGTCAGATCATCTTCCGTCACGCAAGTTTTAAACGCGGGTCTCAGTTCGTCGTCGAAATTCCGCTTATTGATTATGTGAAAAACAACTTTGGGGATTCTACTTTTGCCGGAATTAATATCCTGGGATTAAACGATCTCCGTTTCTAAAAATATGTAACATAAGCGTTGAGAATTTCTTGCTTTCAATCCTTTGGTCGAGGCCTCCCTAGACCTTCGTCTTAAAATTTTTTGGTCCTTAATATCCAGTCTTTTCAATACTTAAGCGCGGTCCTGAGAAAATTCCTAGACCTAAGCCCTAAAGTTTCCTGGACCATGGTCCGAAGAGTTTCTCGTACACGTTGGTGCAAAGCTTCAGACGCTCGGACCCCTCCAAAACTCGAAAGAGTTCCTAAAGGCAACCTTCTCTGATGGCTCGGTTCCTCGAAGATCGGGACAGTCACCCTGATCCCGAGGGACCCTCCAACCTAATTTTTAAATTTATTTTTTAGTGAGTTAGTAAATTTTAAAAAACTGATCATCGTACGTTGGTGGGATTCAAGATTGTTCTGATGGCAAGTGGTGCTGCCTAGGTCCATGAATAGTTCCGTAAAATCAGCGCGCGAGATCTCAATCCCTTAGGAGGTTCTCATGGGCTTAAGAATCGCAACAAACACTGCATCAATCGCAGCACAACGTGTGCTATCCAAACAACAAAAACGAGCGGAACATTCAGCGCAAGCTCTTGCGTCGGGTTCTCGTATCGTAAACGCCGCCGACGACGCTGCCGGTTTGGCGATCTCAGAAAATTTCAAAGGACAGTTAAAAGGTATTGCGCAAGCGCGTAATAACGCGAACAACGCGATTTCATTCTCGCAAGTGGGTGAGGGTGGATTGAGCGAAGTTTCAAATATCCTGATTCGTCTCCGCGAGCTCGGAGTACAGGCGGCCTCTGATACTGTCAGTGATACGGAGCGCGGGTTCCTCAACAATGAGGCCCAGCAACTCATCCAAGAAGCAGACCGTATTGCTAAGACCACTACGTTCGGTAATACAAAACTCCTAGATGGTTCCGGTGGTAAATTGGAATTCCACGTCGGTGCCTACGGTGGAGAAGAAAATATCATCGCCTTCGACTTCGATGCCGACGCGACAACCAGTTCACTGGGAATCAGCGGTATCGATGTGGCGGATAAATCAGGAGCGCGTAGCACTCTGGAATCCGTCGACGAAGCCATCCAAAAAGTCGGTTCACTGCGCGCGAGTTTCGGTGCGATGCAATCGCGACTTGAATCTACGGTAAGTAACCTCGACGTTTCTTACGAAAACTTGTCATCAGCCAACTCTCGTATCCGCGACACTGACGTGGCGAAGGAAACAGCAGAAATGGCGTCAGCAAGTATCTTGCAAAACACAGCGGTATCGGTTTTGGCTCAAGCCAACCAGTTACCAAATGTGGCAATGAAACTAGTATAATAAAAAATCAAAAACCATATTCGTACACTACGATATCGAGTGGGGCCTTACTGGGATAGGGTCTCATTCGAGAATGAGGGGTCGCCCACATATACCTCTCGTGTCTTAAGCCCACCCTGGGAGCACCCGCTCCCAGGGATTTTTAAGGTGCCTGCTTCTTTTTTGGGTCTACACCGCATCAAAAGGCAGAATCTGAGCTTCGGACCGCAGCAATATCCCGATCGAACTTAGGTGAGTTACATCACCCTTTTTCCTTTGCATTAGTCCCACTTCATGGGACGACCGATATTCCACAATCACACAGAATTTCCTTATCACGTGACCGCGCGATGTATTAATCGAGATTGGTTTTCTTTAGACATGGATTTCATCTGGGAAGTTATGTCTAGAAATCTGTATTTCTTGAATGGCGCATTCAATCTGCGAATTCATTCTTTTGTTTTGATGAGCAATCACTTCCATATGATAGTTCGTACTCCGGATGCTAATCTTAGTGAGGCTATGAGATATTTCATGCGAGAAACAAGCCGGGAGATTTCTTTTAACAGCTTCCGTATCAACCAAACTTACGGATCACGTTTTCACCGTACTCTAATAGATAATCCGCTTTATTATCTTCACGCCTATAAATATGTTTATCGAAACCCTGTAGCTGCCGGACTCTGTAATAAGGTCGAAGAGTATCCTTACTCTTCTTTGCAAGGACTCTTGGGAAATAGATGGATGGACGTTCCTGTCTCCGAAGACGAGAACTGGGGTTTCTTTTCATCAAGAACTGAAACGTTGAAATGGCTGAACACGACACCAGACCCACAATGCATGGAGGAAGTGCGAGTTGCTTTGAGGAAGCCAACTTTTAAACTTTCTCCGCAGAACAAGCGACCTTCAATTTTAGAAAAGCATCCGCTATAAGCAGGCAACATCATCGTTACATTGTCGATACTTCGTATTGCAGGAACCTTCGCGCCAGTGTTCTTTTCTGTTGAAACGACGCACTTACGTCGAGTGAAAATAGCTATACGTTCGTGACTCGAATATTCAAGCTTCCCCTAAAAATTTCTGTTAACGCGGTGTAGACCCAAAAAAGAAGCAGGCACCTTTTGGTCGGGGGGCTTTTGGTCTTGGGCTGGACTTTGGTTTGGGATTTGGACGGATTTTGGGCTGGTTTTCAGGATGTTGGTCTAGGTTTATCTGGATGATGGTCTAGTTTTGCAGGACGCGACTAAAGGCTTCACAGACCTCGCCGAAAGGTATGTCAGAAGCAACGACGGAACTTAAGTCGAAGTACTCGAGAGACTCGGATGGAGTGACTGCCTGAAGAGAATCGTTAGCAGAGGAACCCGACAAAAGTGAAGTCACTAACGTGTACA
CP178622.1_gap13	568529	570337	1808	ACTTGTCACTGAGTTGGAAACAAAAGTCAGCGATATCACCAAAAATCTGGGTGAACTGACTTCGACAAGCGGATTTATCGACAAGAAATTTGTCAGCGGTGATCCGAATGTGATTGAGGGACAGGTAGATCCCAATTCGGCAATTCCAGGGGACTATTCGATTGAAGTTGTGCAGTTGGCGCAAAAGCCCGCGGCGATTTCAAACGGTTTTCCCGATAAGAATGAAACGCAAATCGGTGTGGGCTACATCAAGTTCGATACACCCGAAGGCGTGAAAGAAGTTTATATTAACGGCAAAAATTCGACGTTAGAAGGCGTGATGAAACAAATCAACGCCGCCAACGTGGGATTGAAAGCACAAGTTTTGGAAGACCGAAAGGATGCGGATAATCCTTTTAAACTTTTGATCTCTGGTCTTTCCACAGGAAAAGACAGCCAGGTGACTTTCCCGAAGATTTATCTTTTGGATGGGGACCAGGATATGTACTTCGATCAATCCCGCCCGGCGCAAAACGCGAAGGTGAAGGTAGACGGATTTGAAATCGAGCTTCCTGATAATAAATCCACGGATTTGATTCCGGGAGTGACGTTGGACTTTAAATCTGCGGCTCCGGGACGTGAAATCCGTATGAGCGTGAAAGAAAATTTGGAAGTGATCAGCGGAAAAATCAAAAGTTTCGTTGATTCTTACAATGCGGCCTTGGACTTCATCCAAAAGCAAAACAAATTGCAGGCGGGTGACGGGAAGAATCCAAAGCTGGGCCCTTTGGGCGGTGATGGAATGCTTCGTTCCATCGAAAACTCACTTCGTCGCGTGATTTTAAATCCGACGATGGGGGTTGATACTCCGATCCGCCGTGTGGGTGAATTGGGAATTGAGTTTAACAGAAATGGTACTTTGAACTTCAACCAGGACAAATTCAACAAGGTGTTGAATGCGAACCCGGCGGGAGTGGCCGCCTTCTTCCGAGGCGACGGTTTCAATACGGGCTTCGTGTCAGGATTGAAAAGAGAAATCGGAAACCTGCTAAACGGTCAGTTCGGTACGATTGCCAATCGCAAGAAGGGCCTGACAGATCGTATTAATCAGGTCAACGGACGTATCGAAACCAAAGAGCGTCAGTTGGAAAGAAAAGAAGAAAGTCTGCGACGTAAATTCGCGGATCTGGAATCGAAAATGTCGGACATGCAGGCGCAACAGGCACGTTTCGCGGCAATGGCTCCGAAAGCAGGGTAGTTAAGTTAAGAACTTTTTAGAGTTTTAGGTGTGAGGGACTATGAACAAGAATGCGTATCAGAAATATAAAACGACGTCGGTACAAAGTGCCAGTCGCGAAAAAATTCTTTTGATGCTCTATGAAGGAGCCATCAAATTCACCAAGCTTGCAATCAAAGCTGCCGAAGAAAAGAAGATTGCAGACCGTGGAATGAATATCGGCCGTGCTTTCGATATCATCATGGAATTAAACAACACGCTGGACCACAAGGTCGGCGGTGATGTCGCTATTCAGCTGGAACAGCTTTATATGTTCATGATGGAACAATACACCAAAGCCAACATCTCGGGCGATCCAGAACCTTTAAGAGCGAATCTAAAGCTTCTGAACACGCTTTATGATGGTTGGGTGCAAGCAGTTGAAAAATTGAAAAAAGAAACAGATAAAGCAGGCTAAAAATTCCCACGGAGGGGACATGACTAGGATTATCACGTTGTTGAACGAAAAGAATCACTACCTCGAGAAGTTCTATTCACTGAACGAAGTAGAGTTGGCGAATTTTGCTCAAGGGCAATTCGATAACTTGGAACA
CP178622.1_gap14	573372	575654	2282	TTGTCCTCAGCCAACTCATCTTTGCGCTGAGGATGTATCCGTTGAACAGGTTTTCGGTGCGGTATGGGATCAGTTGAGCGGCGAAAAGATGGCGCAAAGAAGTTTACAGCTTTCTTTAGAAAAAGCCGTGTGGACTTTGTATTTAGATAAGGCCAATTCCCAAGTTGAGCCCTTTTACGCTTTGGCAGCGGCTGAGTTTTTAAACTCTCATCCGACGGGAGAACTGCAGAATGTTTTGTCTGCTTGGAATGAAAAGTCGGAACAATACCGTCAGTGGTTGAAGAAAGCCTTTGAAGTATTGCCAACGCGAGAAGAACTGGCAGCTAAAAGAAGTTTCCAAACTTCCGATATTTCGGACTTAATTCTTTGCGCTCAGGATATTCTGAAGTCGAAAAAAGATGAGGTCGGTTATTTCCAGGTTTTTGTGGAAGCTTTGTTATCTCGCTTTAATCAACCTGTGCAAATCTATGATCGTGTGTCAGCAGCTTTGCAAGAAGTTGAAGAACTATTAACTATTCGTGAATCATTCACTCGTCATTTGCAAACAATCTCCATGGAAGGGGCCTACTATGCAAAAGGAATTGGACAACTATCTATCAGTGGCTTTGAAGAGACTCGAAAAAGCCTACAGCCAAATCCTCAAAACGCAGAGTTATAATCAGGATGCGGAAAGAGTTCAGTTGCTAAAAGAACTTATCAAGGAACAAGTGAAAAATGAAAATACTCGTCCTACAACTCGCTAGACTTGGCGATATTTACATGTCCTGGCCAGCGATGCGCGCTTTACGTCGTGCGCATCCAGATGCAGAAATTCATTTCCTCACTCGTCCTCGATTCGAAGGCGCGGTGGAAGGATTGACGGCGATTGATAAACATCTTTCTTTGCCGGTCAGTTCGATTCTTGCTCCTTTGGTGCAAGAAAATGCAGATATTGAAGCGGCTTTGCAAACATTGAACGAATCCGTAGATGCACTTCGTGATGAAAACTATGATTGGATTATCAATCTGACGTTTTCTCCGGCATCGAGCTATCTTACTCATGCTGTCACAAATCCGGCAGCTACGGTAACGGGTTACACTCGTTATAACGACGGAAGTTTGTGCCTGTCCGACGAGGTCAGCTCTTATTTCTATGCGCAAGTGGGTATTGATAAGCCCAACCGCGTTCACGTCGTGGATGTTATGGCTTCGATGTTGAATTTAGAATACATCGAGTCTGACTTTGCAGCTCCGCAAGTTGGCAGTTTTGCCACGACTCTTCCGGAGACTTATTTAGTCCTGCACGTGGGTGCGAGTGAAAAACACAAGTCTTTGTCTCCGGAAAATTGGGCGAAAGTGCTTCAACCGCTTGCGGCAACGCAAATCCCGATCGTTCTTATTGGAGCGCAGGGTGAAGCAGAACTGGCCGAAGAAATCCAAGCTCACGCTATCGAGAATGAATTCGTCAACTTAGTAGGTCAGACGAAAATTTCTGATATCTTCGCGGTCTTACAAGACGCAGAACTTTTAATTGGCTGCGACAGTGCACCGATCCACATGGCTTCTTTGACGGATACGCCGACATTCAATGTCAGTATCGGTGAGGTCAACTATTGGGAAACCGGGCCAAAATCCACTTTGGGATTCATTTATCGCGCTGAGAATGAAGAAGCTCTGAATGCCGCTCGTGTTGGTGAGTGCATTCTAGGTCTCTTGCAAGGTCAGGCGGCGCCGGAGCTTATCACTCGCGCAGCCGGTCTTGTCAGTTACGAAAAGAATGAAACCGCTCAAGAGCGTTTTCAATGGGACTTAGTACAAGCACTTTATTTGGGTGGGGCTTATCCTTTAGCGGATCGCATGGAAATTCTTCAAGGTGCAAGCCAGTTGGCTGATATCAATCAGTTCGCCATGGAGCAAATCCGTCTTATTCCCGAGAAGGGCTTGCAAAATGTCGGTCCTTTCTTGGATCGCGCAGAAGAAGTGATCGAAAGTATTAGCCGAATGGTTCCGGAACTGAGTCCTCTTATTAGCTGGTATCAAGCGGAGAAAGTCCGCGTTGGTCCTGGCACTTTAGAGGAAATCTGTACCGCAGCTTTGGATGTGCATGAACGATTGGCTCGCCATGTTCATGTCTACGTTCCTCAAGAGGCTCTGATCGAACAAGAGCAAGAGCGCAAGGAGGTCTGCGATGGAACGCTTTAAAGTGTCCGGCCAAGAGCTACGCGATTTTTATAAAGAAAATATCGTGCTGGGAAAAGTCTTTACCGATATCGAAAATGACCTTCGTTCAACGAATCAGGTTG
CP178622.1_gap15	599628	603298	3670	TACACTGATCCGGATGAAAAAAGCCACTCCGCAGAAATATTTCCTTAAGAAACACGGGGCTAAGAAACTTTTACCCAAAGTTTCAACGTCGGATAATAAATCGTCCCGTGGTCGCAGTCTGATTTTAGCCGGCAGTGCAGAGTACCCGGGCGCCGGAGTCTTGGCGGCGAAAGCCGCACTTCGCACGGGCAGTGGTTACGTGACACTGGCGCAAAAAAATATCGCGGTTTCGTCATTGGAAAATCCTGATTTTTTGCTTTGTGATCTTAACAAAAAATCTTGGCATGAGTTGAAATTCGACGTGATTCTGGTTGGGCCCGGATTTGGAGTTAATAGTTTTACGGCCCAAGTTATTCGCGAATTAAAGAATAAAAAAATCGAAAAAGTAATCTTAGATGCGGATGCTCTTACGGTGTGCGCGAATGAAAATCTATTTCCTTTGCCGGCGACTTGGATCGTCACTCCGCACACGGGTGAACTCGCTCGTTGCTTAAAGATCAGTGTAGAGGAAATCAATGCGGATCGCTATGCCGCCGCTCGGCTCGCTCAAAATCTTTTTCAGTGTGTGGTGATTTTAAAAGGGCACGAAACCCTGATCGCAAACCGCCAGCGAATTTATACCAATAAAACGGGAAATGCGGCCTTAGCGAAGTCCGGGACTGGGGATGTGCTGGCAGGAATCTTAACGGCCTTACGCGGGCAGGGGCTGACGGCGACACAGGCGGCTGTCTTAGGGGTTTATATCCATGGAGCGACGGCCAATCTTTGGGCTTCGCGCCAGAAAGACCTTCTATCGATGATGGCCTCGGACGTAATCGAATATATCCCATCTGTACTGCGTATTCTTCGTGGGAATTGAAAAAAGTTCTCACTAGCGGAGCTGACACAACCTTGTCTTTCCTTTTTGAGGCCTCCTAGGTAAAAACGGCCGCAAACAGGGAGAATTTCATGAATAAAGGGCTTTTGCTCGCAGCTCTTGTGACTTGGACTTTCGCGGCCCAAGCACAAACGTCTACCACGACACTTTCAACGACTTCTTCAGCCCCAAGCTCTGAAGTGGTGACTCAAGAATCCACAATGAAAGTGGATAGCGTTCTAAAGAATAAAAAATTCGAAGACGATAAAGACATCACAGATTCTCGTTTGAAAGCAGATTCTGGATCTCTTTCAAGATATTCCCTGAAATTTTCTTTGTCTTACTACGGTCCTCCGATCGGTGACCTTTCCAACAAAAAACAACCAAATCCAGACGGTTCTATCGGGAACAACGACACCTCATTGAGCGGTTCTATCAGTGGCCGTTACCGTCTTGATAGCAAAAGCGCGATCAGCATGGGAACAGGTGTTAGTGCTTTGACGCCTTTCCACGGTTCCGAGCGCACGGATGTGAAAACACCGTTTGTGAACTACGACCGCAACACGCGTCTAGGTGACGTGCAAATGAGAAACTCTTACGGAGTTTCTGTGACGACAGTTCAAGAGTACATCGACGTGGGTCAGTATGCGACTTTAAGCTACGACAACTCTTTGGTTTACAACTTGGGTGCCTCTGGCTTTGCAGTAGGTATGGATGCCAGCTTAAGCTACTTCCTTTACAATCGTGATTATCAAGCTAAAGACCGCACGGCGGGTCGTTACTACCTAGGCTGGTATCCGCAAGTGAAGTACAATGTGACAGACAAATTCAACATGTACACTTCAGTTGCTGTTGGTTTCACAAACCCACGTGCTCGTGAAGATCAATTCGCTATGTTGAACAGAACAACAAGCCAACGCTTAGGTGCAGGTTACGCCTTCACTCGTGACATCTATCTTTCAACATTCCTAAATTTCTACCCCAAAGATCTAAGAACAGAGTCTACGACAGTCAGCTTCTCTACCGTCTTCTCGATCCTGTAGGTGCCTGCTTCTTTTTTGGGTCTACACCGCGTAAAAGTAAAAAGGGAACTCATTGAGTTCCCTTTTTTATTTTTCAACGCCCTTCAAAGACGCCTCTAGAGCGATTTTCGCTGTATCAAAAATAAATTTTCACTAAAACCTCTGACGATCTTCTAAACACTGCTCGAAGTTTGATCAGACTTTCTTGTTTCAATCCAAGAATCGCTGCGATTTTTTAAAAATTTGAAAAATCCCCCTCAACTCTACAAAGGTCCAGCCGATAAGTTTACTACCTTGAATGAAAGGAGCCTTGAATGGCGAAATCCAAAGTAGTACGTCACGAATATATTCTTAGTCAGGAGGTTCGTGAATTGGCTCTACACAGGGAGACAGGTCCACCTTGAAAGAATAATTAAAAGGTGAAATTGGTGAAACCAGAATCGACAAGGGATTCTGGTTTTTTTATTTCTAATTCTGCGGTCCCAAGCTTCGCAGTCGATTGAGCAGATCAATCACCATCATGTAGGTCAGTCCCCACAGTGGTGGATCACGATCTAAATAAATCGCAGGCAAGTGGTGGTCATGACCGTTGTCACGTTTGATCTTATAATGTGTCTGCCTTTGCGGATTTTGGATTTCTTTCAAAGGAATCCAAAAGAAGTCGGCGACTTCGGATGCATCTAGTGTCAGCGCAAAATCACGATTCGTATAAAAAACAAAAGGACGAATATAAAAATCCAGCATGGAGCCCGCTTTGCGTGCCTGGACATCGTCCAGTCGACCTAACAATTCATCCACGGTTAGATCGACTCCGACTTCCTCTTTTGTTTCGCGAAGCGCGGCATCTAAATCGGTCTTATCATAGTTTTCACGTATACCGCCGGGAAACGCGAGGTGACCCGCCCAGCGATCTTCGGGGTGAAAAGCTCTTTGAATAAACGCAATCTCTAATTGTTCAAAAGAGTGTCCGCGCAAGATCGCAGCGACACATGCATGACGTGTCAATTTGGATGCAAGATCCACGGGAGGTTGAGACTGAAAAAGAGAATGAAGTATGTCTTTCAAGGTAAAATCCTTCGCAAGTTCTATCATAGCACGAGGCGGAGCAGAATCTTAGATTTTCATCTTGTTTTCAGTGAGGTCGAAGGACACTCTAGACTCTGGACAAGGTCCGTACAATTCAGCAAAACGAAGGACCACTTATTGGAGGACTAAAAGAATGAAAGCTCTATTCGCTATCACGGTACTTTTCGCAGGTTCTGTTTCTTTCGCAGCGCCAGATTGCACTAAAGAAGCAAAAGACAAATGGATGCCAGAAGCCAAAATGAAAGAGATGATTTTGTCTCAAGGGTATAAAATCAAAAAATTCAAAGTGGATGGCAATTGCTACGAAATTTATGGTTGGGACAAAGCGGGTGCGAAAGTAGAAATCTACTTCAACCCTGTGGACGGCTCTATCGTGAAAGAATACAAAAAGTAATTTTACTTTGAACAAGGGACTAGGTCATGAATGCGGGTGAAAAAAGAATCTACGTTTGGGATCCTTTTATCCGCGTATTTCATTGGACGCTGGTCCTTTGTATTTTTCTAAATTATTTTATCACCGAAGAAGGCGATACGGTGCATGAAGTGATTGGATATGTGGCGGCGGGGTTTGTTATCGCCCGTATTGTTTGGGGATTTATTGGCGGACCCAATGCACGGTTCCGCAATTGGCTCGCCAGCCCCGTGACGGTATATAAATATCTGCGAGATTATAAAAATCGTAAAGCTTATGTGACTCACAATCCTA
CP178622.1_gap16	800111	801161	1050	CCACCGGTGACCCAGCTAAACCAGTCTACACCTTTTAGTAAGACGGCCTCTAGGTCATGAGCCTTCATGAGCTCGCGCACAATGTCGATTTTTCTGACCGCCTCACTCATAGAGTTAGGATCGGCCAGCCTGTCCGCACAAACAAGTTATTGGAATACCGGTTGCAATAACACAGTTCGACGGAAGCGATCTAAATAGCTGTGACCTTGGTACTTCCCAATCTCGGGACCCCAAAATTCACTTTGTTTCTGGTGCCTAAAGGTCGGGTGACTGAGCTCTAGCATGTTGGATATATTTGTTGTCACCCAAATTTTTTCGTCTTTTGTTAACTTACGAAGCTGTCCTATGTACTCGGCTTTTCGTCCAATTAAATGATCTAGAACATAGATCAGATCTTTTGCTTGGTCACTCAAAGGGTAAGGTTTTCCAAATGGTGTGGTGCCCTTTTTAATTCCATAAGACAGTTTGTAGGCACGATCTTTAACTTGCGATCGAGCGTCCGAAACCGAGTTTTCATAGTGGTCGTGGAAACGCCCTCCACCGGGTAAAAGATATTCGAGATTATTGATATTAGAAGCGGCTGTCAGGATGTCATGAATAGCTTCTTTTGATATTTGCCAGCGCATGGTGCCTTCAAGCTCAGGATATGCTCCGAGCTCATCGGGCATCACAAAGCGGATATATCTGTTAGATCCTGAACGAGAGTTGAAAAACTTTTTGAAATCGTTTTCAAACTCTTTACGAGTGCAGTAATTATCAAACATCGAAAGTGTGATCATCACTTCCATTTCAGAAAAGGTTTTGCTACTGGCACCTACAACACCTTCAAAAGCTAGATTTACATATTTTCCCTCACCCCAAAATTCACCGACGAAGTTTACGGCAGGCTCCGCCAGTCCGCCTTTAACTTTGTCGTTCCAGATGCGACTTAAAGATCGATCATAGGTGTCAGTTTTGTGAGCGACATAAAGTTTTTGACCATTGACCGTCAACTCGCTGACGCCAGAGTTTCTTCCACGATTCCAAACGAAGAAGGCAAAGTGGGAGTTT
CP178622.1_gap17	808000	809474	1474	CAAAATAAAACGAGCGTGGGTTATTCCCACGCCGCTCTTGTGATATCAAACCCGTAGTCGTTGACACTGCCATCAGATGAAAAAACGATTTTTACGTAATCTCCTTCGACGGGGAGAGAGTATTCTCCGTCATTTCTGCCAAAGATTTCAGTGACTTTAGTGCCCGCCCGATCAAAGAGTTCCACCTTATCGAGATCCACTTCGGTTTTAAATTTTGAAAAGAAGAGGGCGATGCGCTTCGCGCCCGGGATTGTAACTTCAAATTCTTGCCGGGTGTTGTTGGCGTAAGGGTGTGCGGTAGAAATACTTAATGTCTGTCTATTCCACGATCTAGGATCATCGGGATCTGGATTCATCACTGAATTTTGCAAAGCTGCGGGCGCATACACCAAACCTCGGCGAATGCGGGCTCCGCCTAAAAGATTTTTGGTGGTGCTCATAATACGACTTCGGATTGATGTGTTTTTAAGTTCGGGATTTTTACTCCATAAAAGAACCGCGATCCCCGAGACGTGGGGTACGGCCATCGACGTACCTGAGAGGATCGTGTAGCCTCCGTACAGATCGGTTGAAAGAATGTTTTCTCCTGGAGCAGCCACGTCCACTGTGTAACGGCCAAAATTTGAAAAATCTGAAAGTCGGCCTCGATTGTTCATCGAACCTACGGCAATCACATTTGGTACAGCATAATTTGCGGGATATTCCGGTGTCTCATCGTTGTCAGAAGAATCATTTCCAGCTGAAGCGACGAAGACCCCGCCGGCTTCGTGGGTCATTTTGATAGCTTGTTTCAAATTCTCAGAATAACCTCCGCCACCCCAAGAATTTGAATAAATGTGCGCCCCCATTTTTCGGGCATAGTGGATGGCTTTAATGGCGCTATCTAGATAACCATTGCCATTTTCATTTAAAAATTTAACGGGGAGAATACGAACATGCCACGCCGTTCCTGCGACACCTTGTCCATTGAACGATTGGGCTCCTAGCGTTCCAGAAACATGTGTTCCATGTCCGTAGTCATCGGCGGGATCTCCCGTCGGCTTTGCGCCATCGACAAAGTTAGCTCCGAAAATATCATCGATGATTCCGTTACCGTCATCGTCGACGCCAGACGTTCCTTTTTGTTCTGCTTCATTGATCCAAAGGTTGCCTTGTAAATCAGGATGGTAGTAGTCCACTCCTGAATCCACGACAGCGACAACGATATCTTTTGATCCCGTTGTCAAATCCCAAGCTTTTAAGGCGCCGATATCCATGCCGCGAATTCCTGGCGTTAGATCCGTATCGCTCTGACCATAGTTATAAAATCCCCACTGTTGTGGGAACATCGGGTCATTGGGAGTTCGATGTGCTGTGTATTTATAATTAGGTTCCGCAATCTCCACGAGATCATTCTGGGAAAGAATTTTTAAAGCAGCGTCGCGTTTCTCAAAACTCGCTCTTTTTAGAACGACAATGTTTTGCTCAGGGATCG
CP178622.1_gap18	811827	814587	2760	TCAAGGAATGGGTTCTATCGCTGCCGCTATTGAGGGATTTAAGTTTGCTGTGGATCAAGGCGTTTTTATTGTGAATTGCTCCTTTTCCCTGAGCGAAGATATTTTGCGACAGATGCGGGCTTCGGTAGGCCCTGAGCGCTTTAATAAAACTCTGTTGATTTGGTCTTCAGGCAATCAGTCATGGCGGCTTCCTGATTTTGAAGAGTCTTGGCCCAATGTTATTGTTGTAGGAGCAACGAATCTGAATCCACCGATCTCTCGCGTTTTTTACTCTAACACGGGCTCTATCGTTGATGTCTTAGCGCCTGCCGGGGACCCCGGGGATGGCCTGACGACATGGACTCCTCAAGGCGACTACCGAACATTCAATGGAACTTCCGGGGCAGCTCCCGTCGTGGCGGGGCTTGCGGTTTTGTATAAAGAGCAAAACGCTGCGGCTTCACCCGCGGCTATCAAGCGCGCCATTGTCGAATCTTCTTGTAGAGAAGTTGTGAATTCCGCACGTTTGCTTAGCCTTTCTGAAGCTTGCCCTGCGCTGTGAGCAGGCCAGGCCCGCGTCGCGATCATTGCACATGTAAGGGAAATTGGAAATTCAGGCCCACGAAAGTTTGAAAGTTGGGAACTCCGTCACCTTCATGCGCCACCGTCCATTGAGGTTCCGCGAAAAGATTCATATTAATTCCACTTTCAAGTTTCCAGATTTTACCACCCCCAACGCCGACCGGAATATAATAGTCACCTGTTTCAAAATTGAAGAACCAAATTCCTGTCGAGCGGGCATAAAAACCTGCGGGGAGGTTGTACATGATCAAAGGTTGAAAGGTTGTGATGTTTTGAGTGGGCCGATCTTTATCACCTGCTATGTCGTGTTGATATGTTAACAGGGCCCCCACAAGTCCCCAAGGTTTTGGACTGATCGCCGTTCCCGAAAATCCAATTTGCCATTTTCCTGCTCCCGTTTCATCTTCACTCGCCGTCGGAAAAACGAAGTAGGGGCCGATTCCAAGTTGCACGTTCCCTATAGGTCGAAGCAAAAATATATCGAATATATTTAGATCACCAACGCCAGTGATTTGGTCGCCGTCAATTCCCGGGACACTAAGATAAGGAATAGAAACTCTGGTCAATTGGGGCAATCCGCCTATTTTTTGCGGAGTCGAGCCCCGCAGGAAAAACGTGTTTGAAGTTTCGTCTGTTCCGAATATTGATGAAGCTATGTAATCGTGAAAGTTCAATCCGACAGAAGGTGTTAAGGGATTGTTGGACTTGTTCATTTCATCGTCTGAAACTTCGCAAAAAGCGCGGTGAGCAAATAGAATCATCATCACGAAGAAAATCGACTGCAGTTTCATCAAAAACTCCTTTTAAAAATGATACGGATTTTGTTTACGACAAACGAACCGTATTAATGAGCATTGAAGAAAAACAGTCGTATGTTGAAATCGCAGTATTTTAATCAAACAAGTTGGACTCAAAGGTGATCATTTGCACTAGCATTTGTGCAAATTTGTGTGGGAGTTTAAGAATCGAGATAGAGATAGAGATCAGATCGATGAGAGACAATAACATATAAAGAAAAGAAGGGCGCGTAGAGCTCCCTTCTTATTGTTAAAATGACTATTTCAAAATTAAAGTCGGTTGGGCGCCGTCTGGTGTTGTTAAAATAAAGAAGTCATACTGACCTGTGCTTACAGGAATTGACAAAAGGAATTTCTGTTCTGCCTCTAATAAAGCCTGTGTAGCAAATTGCAGTTGAGCTCTGTAAGTATAGGCGTTCAACTTCCAAAGTCTTGGTTCAGACGCAATAGCAGAGCCTTCACTAATCTGAGTTAGGCTTGGAGCATAGAATGTGTTGTAGTCTTTAGGAACGCCTTGTCCGTTCAGGCAGTCAGCCTCAACGATGGATATAATGACTTTTGTAATTTGAGGCCCGCGAATAACCGCTTCAATTGTTGGCAAAATCACTTCTTTACGGTCACCTTGAGAACAGTAGTGTTTTACCTCAGGTGGTGCATCTAAAGAAACAGAGCGAGCTTCGCTGACACAAGTACCTAGTAAAAGAACAAGAGATAAGATGGAACGCATTTTAATCCTCCTAAATTTGGATAGGCTCTCATAAAACGGTTTTTGGTATGTCATAAAGATAAAAACACTTATCTACAAAAATCTTGCGGATCTTTCGTACCCGAATTGTTTAAACATGATGAATTTGAAACGGAAAGAAGCTTGATTAATGGATGTTCCGGAGCATCCCGCGAATTAAACTGCGATTGGCGTTGACGGAAGGAAGTACGAATCGCAAGCTTAAAGAGATTCGTTTTAAGGAGGCTTCATGAAAAACATTTTGCTCGCCAGCGCCGTTCTGTTCTCAGCTCACTTCGCAAATGCAAAAACTTTGGATCTTCTTTGTAAAAACAGGGAACATCTTGCTCAAATTAGTTTTGATGCAGAGATCATTCACATGGCCTGCCGTAACGAGGCTCATCCTCATCCGGCGATCTCTTACTCCTTGAACCTTGGAGATGCTGTGACCTGGTCTCCAGTTCGCACTGTCTTGTTGTGTTCTGAACCTTTGCAAAAGACGATGATGAATTTCTACCGCAGCCCGGAAGAGTCTATTTACCTAGAAGTTGAGCATGGACTTAAGAGAGCGACAGCTTCATTAAAAGTTCAAGGTCAGCACTACAACATGGAATGCATCTCGACCCTTTAAAATTTTTCCACGCTACAGGGACTTCCGAAAGTCCCTGTATTTCTTTA
CP178622.1_gap19	1000824	1005090	4266	GATGGCTTTTTCTTCCTTAATATCTACCAACTGAGATAGAGGAATAAGATTTCCGAAGTTGTTACGTACGTAAAGACGTTTAAAATCTTCAGGTTTTTGAATCTGATCTTCTAAAAATTTAAAACGGATGTCGTAACGACGTCCATCGGCCGTGTAACGCCCTTCGCGAAGGCCTCCTACACCGGCAGAAAGAATTTGCCCGACGTCTTCAACTGAAACTCCTCGCGCCGCCATGGCGCCGCGCTTAGGAAACAAAACCAATTCCGGAATCCCCATACGGAAATCCGTATCAAGATCTACCGCCAGTTTTTCTTTTTCTAGACGGTCCATCAGTTCGTTGGATTTATCAAAAAGGACTTTCAAATCCGGTCCACGCAAGTTGATGGCCAAAGGATTTTGGCGTCCTGTCGAAAGATTTCGTGCGGAAATATCACGCATGGAAATACGCATACCTTTAAGTTCTTTGAATTTTTGGCGCCAGATATTCATGATCTGTGTGTGACCCAATTGACGATCCGCGCGGGGCTTTAAGGCCACCGGAAGGAAGAATTGATTCACGTTTGCGGAACCGCCACCTCCACCGACAGAGATAACGAAGCCTTCGACGTTAGCGTCCGCCTTAATGATAGCTTCGACTTTTGCGGCTTCCGCACTGGTTTTTTCCAGAGAAGTGCCCGGAGGCATCTGGCCATTGATGATGATGAAGTTTTGATCTTGCGCCGGTACGAACTCTTGACGGACTTTGCTGACTAAAACCAACGAAACGACGAAGAACACCAAAGATCCGCCGACAACTAAATATTTAAATCTTAAAGTGCCGTGCAAAACTTTTTGGTAAGAGTGAGAGAACTTTTCAAAAAGAACATCCAAGAAATGCTCAAGCTTTGAAACTTTTGGTTCTGTACTTAAAAGAGCTGCGGCCCGCATCGGTGTGATGGTGACGGCTTCAAGAAGTGAAAGCGATACCGCCGCACTCATCGTAACGCCGAACTGGAAGAAGAACTTACCGATAATACCGTCCATAAAGACGACGGGTAAGAAGACCGCGATAACGGCCAATGTGGCTGCTGTAGCTGCCGGCAAAACTTCTTTGGAACCATCAGAGGCGGCCCGGGCAGAGCCTTTACCCATGCGATAGTGACGGACGATGTTTTCTAAAAGCATGATGGCATCATCGACGACGATCGAAATGGAAAGCGTCAGTGCCAAAAGCGTAAATAGATTCAGCGTAAAGCCCGAGAAGTAAAGAATGATGAAAGTTCCGACAATAGAAGTCGGAATTGAGAAAAGAATGTTTACTGCTGCCTGAATACTTCCTAGGAACAAGAAACAAACCAGGATGGTGATTAGGGCTGCCACCCAAAGTTTCTCAATCGTTAAGTGAACAGTGGCATCTGTAGGAAGTGTGAAGTCCACATTCACGCGGAAATTAAAACCTTCAGGAAAACTGCCTTTGATGGAATCTAATTTTTGACGAACTTCCTGTGCCACGGTCACTTCGTTCGTGCCGCGCTGTTTTTTCACGGAAATAGAAATTGCCTGACGACCATCGACACGCGCTACACGGCGGACATCAGAAAGGCCATCTTCTACGCGAGCCACGTCGCGAATATAGATGTTGCGGTCATGAATACGCTGCCCTCCGCGACGAAGAATTTGGATGTTCGCCACTTCGTCAACATTAGTTGCTTCGCCCAACCAGCGAACACGCAGTTCACGTTCTTTTTCGGTAAATTGTCCTGCGGCACTTTCCACGTGCTGCGTGCTGATGGCTTCAATCACATCGGACAAAGTAAGATAAAGAGCTTCTAGTTTTTTAGTATCCACCCAAATACGTAAGTTTCTTTGACTGAAGCCTTGAATGCTGACTTCGCCCACGCCCGGAAGGAAACGGATCTGATCCAACAAGTAGTTCTCAGTCCAGTTAATCATCTCGCGCAAGTCAGACTCGCCATAGATGGAAAGAATGATAATGGGGTCTTCTTCAGGGTTTTGTTTACGAACGGTCGCAGGATCGACACCGGGAGGCCAGCGCATACGGCTTAAGGCTGTTTGCACCTCTTGCAACACGACGTCGACATTGCGATTGATGTCGAACTCTAAAGTCACCGAACCTGAACCTTGGCGCGCACTCGAGCGCATCTCTTTGATACCTTCGATCGCCAAAAGTCTTTCCTCGATGGGATCGATCAACTCGGCCTCGACAATTTCTGGCGCAGCCCCTTCATAATCCACCGAAACGCTGATGACTGGGAAGTCGACGTCGGGCAACTGGCTGATCCCCATGCGGTTCATACAGATGGCACCAAAGACGATAAGAGCAAACATCAGAACCCAGGCAAAGACGGGGCGGCGAATCGAGAGATCGATCAAATTCATGGGTGTTCCTTTCGCGCACAGATATTTTTACCCATTAAAACAGGGTGTCAACAAAGCGGGCTTTCGGCCGACTGAATTTAGACGGAATGCAGAGGCATTTAGTTCGAATTATTTTCGAAAAAAATGGGAGCTAATTTTTAATTACTGAGCTTTGGCAGAAAGAGGCTCTTTATAATCGGGCATCAATTTCCCACGATGACACATGTAACACGTGGCCATGGGGCCTTTTTTCCCATCGAAACCGTTTTCTTTCAACATTTGAGTCAGCTTCATATGGTCTTTGCCGACTTTGAAAGATTTCTTCGAATCGTCGCGGAAATTTTGAACATTGTGGCACTCAGCGCAGGTGACTCCCAGCTCGCGAGAGATAACGATCATCTGTTCGCGAATTTTTTCTTCTTTGGTGACAAACTTAGTGACGGATTCTGAGTGCGCCTTTGGTAAAAGGAGCACGAGGCCTAGTAAAAAGAGGGCGTGGCTTTTTCGGATGCGCTGCATGAGATTAGCTTCGCTGACGTCAGGTCCTTTAGGCAAGCAGACCCTGACTTCTTGACTGCTTCTGGACCAAATGTAAAAGTACACGTGGTATTGTCTTACCTATTTTGGAGCCCAGCATGAAAATTAAGCACTGTGAAGACCTCAATACTCTTGTAAGTCTTAGCAAACGTCGTGGTTTTGTCTTTCAATCGAGTGAAATCTACGGAGGTCTAGCTAGCTGCTGGGACTACGGTCCTTTGGGCTCTTTGATGAAGTTGAACGTGAAGCGCGCATGGTGGAATGCTATGACCCGCAGATCGGATATCGTGGGTTTGGATGCGGCTATCTTGATGCACCCAACTGTTTGGAAAGCTTCGGGCCACGTCGATGGTTTTAGTGATCCTTTGGTTGACTGTAAAGAATGTAAGACACGTTTCCGTGCCGATAACACAGAATCTTATCTTAAAGATAAAAAGTGCCCGAACTGTGGCAGCAAGAATCTTTCTGAAGAAAGAAACTTCAACTTGATGTTCAAAACTCACATGGGTCCTTTGGAGGATTCTGCGAGCGTAATCTACTTGCGTCCAGAAACGGCTCAAGGTCACTTCGTGAACTTCCAAAACTGCCAACAATCATCTCGTTATAAAATTCCATTTGGTATCGCGGCGATTGGAAAGTCTTTCCGTAACGAAATCACTCCAGGAAACTTCATTTTCCGTACGCGTGAGTTTGAACAAATGGAGATGCAATATTTCGTAAAACCAGGCACCGACGAAAAATACTTCGCGGACTGGAAAGAAACGCGCTGGAACTTCTATATTAAGTACGGCATCCGTCCTGAAAACTTGAAATTCAAAGACCATGATAAGCTTGCGCACTATGCTCGTGCCGCCGTGGACGTGGAATACAAATTCCCAATGGGCTTTTCAGAGCTTGAAGGTATCCACAACCGTTCGGACTTTGATTTGACCCAACATTCGAAATTCTCTGGCAAAAACTTGGAATACTTCGACGAAGCCAACAAAGAGAAATACATCCCTTACGTTATTGAAACAGCCGTGGGTTGTGACCGCCTGTTCTTGGCTTTCTTATGTGATGCTTACCGTGAAGAGATCACGACAGATGAGGCGGGTAAAGAGGACACACGCGTTGTTCTAGGACTTCATCCTGACATTGCGCCATTTAAAGTCGCTGTTCTTCCGTTATCTAAAAAAGAAGAGCTGACTTCGATTGCTGAAAAGTTGCGCGATCAATTGGCGGAAGACTTTGATGTGACTTACGACGAAACGGCTTCCATTGGTAAGCGCTACCGTCGTCAAGACGAAGTGGGGACACCTTATTGTGTGACCGTGGACTTTGATACTATCAACGACCAAGCTGTAACAGTGCGCCATCGCGATAAAATGACTC
CP178622.1_gap20	1010386	1012646	2260	CGTCAGATTCCGGTTACGGAAAAAAAGGCGCAGTTGATTCAACGTTCAGATACGAAACGTTTGGAAGTTGTGATTGACACTGCGGCTTTGACGAAAGAAAAAATCAAATTCTCAAAACTAGCTGATCTAGATTTTGACGAAATGAAGAACAAGAAATTCCCATTGGGTAATTTCGGATCTCTTCGTCTGGTCGAAGCGATCGAAACTGTTCCTGTGGACGGTTCTGTTCGTGCGGATGAAAAGAAAGATCTAAAAGCTTCTATGCTTTTGGCTTTCGCGATCCTTCTTCTTTTGATCTCCATCATTAAATTCGCGCCAAAAGAAAACGCGAAAGTGACTGAAGAATTGAAACAACAAGTTGTTAAAATTGTTCAGACAAAAGAAATGAAGCGTAAGACGGTGGCTCCGACAAACAATATGGCCGCAGATCCTACCGCGACAAAAATGCCAACGAAACGTGCGGAACTTGTAAAGCGTTCGGGAGCTCTTTCCGCTCTAGGAAGCCTTCGTTCTGGTAAACAACGTGGTGGCTTGAACTTGGGTGCCGTGAATACAACTGCGGGCATCGGTTTGGGTGGCACAGGTGGCAGCGGTGGTGTGCAAACATCACTATACGGTAAAGGTATTACTTCAGCGCCTCTAGGTACGGGTGGAAACATCCAAGGTGGCGGCGGCTACGGAACTAAAGGGAAGGGCGGCGGCCAAGCTGGTTACGGCAGTCTTTCTTTGGTGGGTTCTGCGGGCGGCGCGCCAGTTCCATTGGGTGCAGAAGCGGAAGTTGCACAAGGTTTGGACCGTTCAGCGATCGACGAAGTCATTCGTCGTAACTTGGGTCAAGTGCGTTTCTGTTACGAGCAAGCGTTGCAAGGCACACCGAATTTGAGCGGTCGTGTGGCGATGGGTTTCACTATCGGCGGCAACGGTCTTGTAAAATCAGCATCGGTTGAAAACTCTTCGATGGCGAATAAAGGTGTCGAGGATTGTATTACAATGCGTTTGAAAACGTGGAAGTTCCCAGTGCCTCAAGGAGGCGTGGATGTAAAAGTAACTTATCCGTTCGTATTACGCAGACAAGGGCAGGGGTAGACAATGAAATTAGTATTGGCTTTATTAACAGGCTTGATGTTTTTAACTGCCTGCGAAATGCAGCAGGATCCTTTGAAGGATGCTCCCGAAGCGGTTCGTGAGGGACGTGCTCCTGAAGCGGAAAAACCCGTTCAAGAAAAACCATTCTCTAAAGATGCGATGTTCATTGATGCTCCAACGGTGGTTAACGGCCGTGTGGGCAGCCCGATGGAATTTAAAATCAATGGCCGCGTGATGGTTGAAGGTGTGACATATAAGTTGAGCATCGACAACTTGGCGGACTTTGAAGGAGCGACATTTGATGCGGCGACTGGCGAATTCAAATGGATTCCAACAAGAGCGGTTGTAGCAGGACTTCCAAGCATTGAGCTTCCTCTTCGTATCACTCTAGCAACAGATTCTTCGGCGAAATACCCGTTGATCTCTGTTGAAAAGAAAACTCTTTCTTTGATGGTTGTGAATGTGTACTCAAAACCTATCGTGCAAACGATCACAGGCAATGGAACACTAACGACAGGAACGACTCACTATCTAGACTACACGATGGAAGACATTGATGCTTTCAGTGAAGCGGATGTGACTTTGGATGTTCGTGACTGCGGTATCGCAAGCTATCGTGATTCTATCGCTCACTTGGTCAGCGTTCGTAATGTCACGAAGTCAACAACGACTCCGAATAAATACGAAGGTCGTATCGAGATCGACTTGAGAAATGCCGATCACTTGGCAAGCACGTACTACTGCTTTGCTTTGCAGGCGATTTCAAAACACGGTGTGAAGTCTGAAATCTATAAACGCGATATCACTATCAACACACGTCCTAAATCAACTCGTATCACGATGGAATCAGCTCCGACGTTGCTTGTAGGTCAATCTGCGCAAATCGCGTTCACGATCTATGACACGACGGCGAACGGAAGCCTAAGAATGGTGTCTATGGATGACATCGCAAAGGTTCTTCCGGGCAGTACTTTGACTTGTAAATCAAACTACACAAGCAAGTTCCAAATGGATTGCTCAGGTTATATCACAACGACAGGTTTGACAGCTCCAACAGCAGACGCCGTTTACAACATCAAAATGGAAGTTGAAAATACAGTTGGCAGCGTGTCCGTGAACACTACTCACACTCTTCGCATTAATGTTAAGGCGGTGACTCTATGAAATCTTTAAG
CP178622.1_gap21	1061804	1066111	4307	TAGTTGGATTAAAAGAACCATCTCCTTTAATAGCGATAACGCCGTCTTGAGTGCCATCATCTGCAGATCTTACCTGGTGAGGTGTCAGTCCGCGCGTCTGCATGTCTTTATAGTATTTATTCACCGTTCTTTCTACAGCCGGGCCAGTGACGGGAGGATATAAAATGTATTCTGTCGGACAGGCATTTAAAAGTCCGTAGGTTGCCGCCGAAGTGTCTTCAGAAAAAGCGATCACACAAACGGGGAAAGCTTGTGCAAGAATCTTCGGAAGATTGCGCACTTTTTTATTGGGATGATCAATGCTGATCATAACGAAAGCCGGTTGTTGTTGAACTAAAAATATCAATGCTTCTTTAAGATTTGTCGTCGACTTGATCACCCAGTCACGATTGCGCAGAAAACCTTCAACATTTCCTAGACCACCTGGCGACGACTTTATAATCAACAATGATTTCTTAACCAAAACGTGCTCCTGGGTTTTCTTTCTTAACGGAGCTTTAAAGTAAAAAAAGAATGGTTTACTCATGTTCTTAACCTACATTACCGAAGCTTAACCCCGACTGGCCGAATGTCTTAGAACACCCGTGCTAAGTCCTCAACTTGGCGTGTTCACGAAGAAGCGTTACGATAATGGAATGAAAAAAGCCCCACTGCATAGTGCCTCTTATTTTGTTGCACCCGGAAAAAATCCTGAATCCATGTTCGCTTGGAAGAAGGTCGACTCACAAATTCGCAATCGTCAGGGAGAAGTGTTTTTCGAAATGAAAAATGTGGAAGCTCCCGAGGCTTGGTCACAGCTTGCGATCGACATTGGTGCTAGCAAATACTTCCGCAAAATGGGCGTGCCTAAGACGAAGCATGAAAACTCTGTTCGCCAACTTGTGAATCGGGTTGTAAAGGCCATCGCGGCTTCGGCGTTGAAACAAGGCGGATATTTCAAAAGCAAAAAAGACGCGGATATTTTTGCCAATGAATTGAAATACATTTTGTTATCACAGCGAGGAGCTTTCAATAGCCCCGTATGGTTTAATGCTGGTTTGTGGGAGTCGTACAAAATCAATTCACCCAGTGAACACTTCGCCTGGGATGAAAAGAAAAAGAAGATTCAATCGACGCACAACGCGTATGAGCGTCCTCAGTGTTCGGCGTGCTTTATTCAAAGTGTGGATGATTCCATCGAAGGAATTTTTGAGTTGGCAAAAACTGAAGCCAAACTTTTTAAGTACGGTTCCGGTACAGGCAGTAACTTCTCAAAAATTCGCAGTCGTTATGAATTGACGAGTGCCGGGGGCATGAGCTCCGGTCTTCTGTCATTTTTGGATGTCTTAGATAAAGGCGCGGGCGCAATTAAATCCGGCGGTACGACAAGACGTGCGGCAAAGATGGTCGTGGTTGATATCGATCATCCTGAGGTGTTGGATTTTATCGAATGGAAAATGCGTGAAGAGCGAAAAGCTCACATGCTGATTGCCGCAGGTTTAAGTGCAGAGTTTGAAGGTGAAGCTTATCGCACGGTTTCGGGACAGAATGCGAATAACTCCGTGCGTGTGACCGATGCTTTTATGAAAGCTGTTGAACAGGAAAAGCCTTGGAAGCTTAAAGCCCGTGTCACGGGGAAAGCTTTGCGCGAAATGCCGGCTCCGGAAGTGTGGAATAAAATCACGCATGCAACGTGGGTGTGTGCAGATCCGGGAATTCAGTTTCACGATACTATTAACAAGTGGCACACGTGTCCGAACATGGATGAGATTCATTCCAGCAATCCATGTTCTGAATATATGTTCCTGGATGACTCCGCTTGCAACTTGGCTTCTATCAATTTGGTGAACTTTTTAGATAACGAAGGGCATTTCGATTTTGAGTCTTTCATTCACACGGCTCGAACCTTGTTCGTGGCGCAAGAAATTTTAGTGGATTACTCTAGCTACCCCACAGAAAGAATTGCGCAAAATTCTCATGACTATCGTCCTTTAGGATTGGGGTTTGCAAACCTGGGAAGTCTTTTGATGAGAAAGGGCATTCCGTACGATAGCGATGAAGGGCGTGCATGGGCTGGGGCGATCACGGCTTTGATGAGCGGGGTCGCTTATTTGACCAGCGCGGAAATGGCGCGCGCGAAGGGGCCATTTGCAGGTTTTAAAAAGAATCGCATTTCAATGCTGAAGGTGATGAAGATGCACGAATCTTCATTGAAGGGTGTTAACTGGTCCTACTTACCTGAGGGCCTTGATAAAGCCGTTAAAAATCTATGGAAGAGCGTTATCTATAACGGCACAAAGCATGGTTTCAGAAATGCGCAAGCAACCGTCATCGCGCCGACTGGAACCATCGGTCTTTTGATGGACTGTGATACCACGGGCATTGAACCCGATTTTTCCTTGATCAAATTTAAAAAACTTTCTGGCGGCGGAGAAGTGCAAATCGTGAATCAATCTGTCGAACAGGCTTTGCAAGTGCTGCAGTATCCGGCTGATGCGATCAAGAAGATCTTGCAATACGTGCAAGATCACAACACCGTCGTCGGTTGTCCTGAAATTCGCAGTGAAGACATCGCGGTTTTTGATTGCGCGACGGGAGTCGTCGGTCAACGCGTTCTTTCACCGGAAAGCCATGTGCAGATGATGGCGGCTGTGCAGCCGTTTATCAGTGGCGCCATTTCCAAAACGGTGAATCTTCCTAACACGGCGACGGAAGGCGATATCAGTCGCATTTATTTCTTAGCTTGGAAACTGGGAGTGAAAGCGGTAGCGATCTATCGTGACGGCAGTAAACAAAGCCAACCCCTGAATGTTCATAAGGTTAAGAAAGAGGAAGCGGAGGAAGTTCAACCCGATTTCACCATGAAATGCCCCGAATGCGGAAGCGACACCGTCCTCACAAGTGGCTGCTATCGATGCCCCAACTGTGGCACGACTGTCGGCTGCTCGTAAAGCCTTCTCCAAATTCCAAATTACGTCTTCGAAGGGGTCAATAATACCAAATCCTGCTGGCTGCGACCCTTGGTATAAGCATTTTTGGGGCTTCGCTTCAGGTTTTTATTCGGTCTGTTAAAGTCGTGGTGCGTTTTATGTGTATTGGGATTTGAGTTGTATTTGGCCGTTGGTTTTTTGTGGGTTCAAGGGTAAGCTTTCGGACTCTCGGTTATGAGTTAAAAAGGACGATTTTATGTCTAAGAAAAAAGATATTTTTGGTGATGATATTGAAGAGTCGAAGGACTTTGCGAGTTTTGAAGAGTTGTTTGCACAATCTGAAAAAGGTTTGGATCGCAAACTTCGTGTAGGTGATGAGGTTCGTGGAGAAATTCTTTCTATTGGTAAAGAAGAGGCCTTTGTTTCTACAGGGACTCCGGTGGATGGATTGATTTTAACAAAGGATCTTTTGGACGAAAATAAGGAAGTTAAATACAAAGTCGGTGATGTGATCGACTGTGTGGTGACGGCTTTTAAAAATGGCGAGATTCGTCTTTCTAAGCGTGGTTCCAAGAATGCGACGACGGATTCTTTGGAAGATGCTTTTGATATGGAGCTTCCGGTTGAAGGGCGTGTGACTGAGACTTGCAACGGTGGATTCCGTGTCAGTGTTCAAGGTAAAACAGCTTTCTGTCCGATCAGTCAGATTGATTTGAAGTTTGCTACCGATGCTAACGAATACGTAGGTAAGAAGTTTGAGTTTTTGATCACGCAAATGGATAAGCGCAACATGGTTGTGTCTCGTCGTCGTTTGTTAGAGCTTCAACGTGCGGAAAACGAAGGGACCTTCATGTTGAAGCACCAGCCGGGTGCTCTTCTTGACGGTAAGATTGTTCGTATCGAACGCTTTGGTGCTTTTGTTGAGCTTGAAGCGGGAATTGAAGGTTTGATCCACGTTTCTGAATTGGGCTGGTCTCGTATTCATGATCCGCATGAAGTGGTTTCTATCGGTCAATCAGTGACGGTGAAACTTCTGAAGACGGAAGAACTTGATGGCAAGTTGAAAATTTCTTTGTCCTTGAAGCAAGCTGACGGCGAAGGCAATCCTTGGTTGCAAGTGCCTCAGAAATTCCCGGTGGGAGCTGTGGTCAAAGGCAAAGTCGAGAAGAAAGAAGTGTACGGTCTTTTTGTGAACATAGCTCCGGGTGTCACGGGTCTTTTGCCAAAATCAAAATGGCGTGACTCCGTGGACGCCAGCCAGTTTGAAAATAAAAAACGTGGCGATGAAGTGACAGTTCAAGTAGATCAAATTCTTTTTGAAGAAAAGAAGATCTCTTTAGGTCTGCCAGGTGAGGTGGAAGACACAAGTTGGAAACAACACACGGCCGCTAATTCTGG
CP178622.1_gap22	1180615	1181132	517	TGGCTTTTGCCGATCGCATCTATTCGATCGAAGAGCGCGCTTTCGGTCCTTCCAACATGGCCATGCCCCGTTGGGTTTTTTATGATTGCGCCGTCATGCCAGGATTTGTTGCGGGCTTTGCCTGCAAGCCTTCGGCATTGACGAAAAGCATGCGTGAAGCTTTAGATCCCAAAAAATTTCCGGCGACGAATTCTCCGATCAAAACTTCCAGCGTTTTAAAAGAAGTGACATCTTTAGACGAGATGGACTGGATTCCGCTTTCTCTTTTCATCATCATTCCGACGATGCATCGAGGAGAGTGGGTCGCGCACAACCTCTGCTCGATCAATTCTTTGCTTCCACAAGGCGAGGGCTTTTACGGTTTAGGATTTTTATCTAAGGCCTTCGGTCTTTGGTACGCCAATGTCGATCAATGTTCGGGCATGACTCAATGGGGAAGTCCGGCGTTGAAGTTGCACTCTCACTATGGTCACTTGGAAGTCATCGGGGCTTATGCTCCGGTTCACTCTCATGCGAA
CP178622.1_gap23	1182284	1186428	4144	GATAAGTTCGACGTCGATAAAATTCTGACAATGATCAACGACAAGCGCACGGGGTTGGCTCCGCAGACGGAAGCTTTCGACGAATACCACGAGATGGTCGAAGTCCTAACGCCGAAGTTTGCCAAGCGCTTAGAGCACTTAGGTGTGGTGGACTTTGAAGGTCTTCTGATTAAGCCCTTACAGCTCTTTAGAGAACATCCAGATATTCTTGAAAAAGTTCAAGGCATGTTCAGTCAGGTGATGGTGGATGAGTTTCAAGACACCAATCGCCTGCAAATGGATTTGATTCATCAAATCGTTAAGTCTCATAACAATCTGACGGTGGTCGGCGATGACGACCAGTCGATTTACGGTTGGCGCGGGGCGGAAGTAAAAAATATTTTGAACTTTCCGCAGGAATTTAAAAACTGTGAAGTGATTAAACTTGAGCGCAATTATCGTTCGTCAGCTGAAATTTTAGCTGTCGCCAACGCGGCGATTTCTAAAAATAAGAACCGTCACGGTAAAATTTTAAGAGCAGAAATAGCGCAAAGCACGGGTGTGCTGCCTGAAATGTTTTTGTTGGAACGCGAAGAAGATGAATGTGAGTTCGTCGTCAGCGAAATTCAGCACTTTATGCGCCAAGGTCACTCGTATAAGGATTTTGCCGTGCTTTATCGCTCCAACACGCAAGGTGGCTTGATTGAGTCGTCTTTGCGTCGTGCGAATGTGCCGTATCATATCTCGGGTGGAACTTCGATCTTTGATCGTCGTGAAATCAAAGATTTGATGGCTTATTTAAAGCAGTCTTTAGCGCCGAATGAGGTTTCTTTACGTCGTATTATCAATGTTCCGTCTCGCGGTATTGGTGACACGACGATTGAAAAGCTCAGTGAATTTGCGCTTAAAAAACGCATTAACTTCGTGGATGCCTGTCGTTTCTGGCGTGAAGCCGAAGTGCAGGAAAAAGCGGGTCTTGCGATTGATGATTTGATGAAGTTCATCGAGGATCTTCCAAAGAACATTCTGGATTTCAATGTCGGATCGTCTCCGGGTGCAAAGATGGTGCAAATCTTTGCAGATATTGGTTATCGCGAATACGTTTATGGAACGGCCGCGGACCCGACGAGTGCCGAGAAAAAATGGATGGTCGTTGAAATTCTGGGCCGCATTTTGGATGCGTACCTAGGGCGTCGTTCTTATGACGTAGAAAGTATTAAATCTTTCATCGATTCAATGCTTTTACGCGACGATATGTCAGGTGAAGAGGAAGAGCCGAACAAAGTGCAATTGATGACTCTTCATGCCTCTAAAGGTTTGGAATTTCCGATCGTGATTTTAGCGGGGATTGAAGAAGATTTATTGCCGCATAAAAATTTAGGTTCGGATATCGATGAGGAACGCCGTTTGTTCTATGTTGGTGTCACTCGTGCGAAAAAGCGCCTGGTGATGTCACGGTGTCAGCAAAGAAAAAAGAACGGTGTGGTTCGTCCCTCAGCGCCGTCAAGATTCCTTCTGGAAATCCCGAAAGAGCTTTATACCGAGTTTCCTTTAGGAGCGCGCCCCGTTTCCGGGCAAGAGCGGGAAGATTTAGTATCGAGCTTCTTGGCGAAGTTGGACAGTAAACTGACCCCTCCGCCGAAGAAATAATCTTTAGAACATTTAGAACTGCCCCCTTTTTCTGTGCAAAGTTATTTCGAGCTCTTGGCGTGGCACTTGCCATTGCTGATTCTCATGAAGTTCAAATGCCCTTACTGCTATACTCAAAGAAATCCAAGTTCTGCTTCTCGGACAATTCGCAAGCTTGGATCTTATTATCGTAAGTCCGATGGTCAGCATCTCTCCAGATTCTGGTGCTTTTCTTGTCGCAAAAGTTTTTCTGCAGCCACGTCGAGTCCCTTAAAAGGTCAGAAGAAAAGACATTTAAATAAGACTGTCTGTGACTTATTAACGGGCGGTGTTAGTCAGCGGGAGGCGGCAAGAATATTAAAAATCAATCCCAAAACCGTAGTGCGGAAGTTCCGGTTCTCTATTGCGACAGCTAAAGAAGAACTCAAAGAGTGGAATAAAAAGTTTCCGCTTTGTACTGAAGTGGAATTTGATGATCTTGAAACCTTTGAACATACTAAGTGCAAGCCTCTTTCGGTGACTTTGATGGTTGAGTACTCGACTCGAAGGATTTTAGGTTTTGAAGTAGCGCAAATGCCAGCGAAGGGAAGGATAGCAGCATTTGCCAGAAAGAAGTACGGACCTCGGGCAGATCACAGGTCTCAAGCTCGTAAAAAGTTGTTTTCAGAGATGCAAAAATTTGTTTCGCCAATAGCTCTAATCCGATCTGACTCAAATCCTTACTATCCAAAAGATGTAAAAAGGTATTTCCCGAAAGCCCGACATGAAACCATCTTTGGTGGAAGAGGAGCTATTGTTGGTCAGGGGGAATTAAAGAAACTGAAGTGGGATCCGATTTTCAGTTTGAATCACACTTGTGCGATGTTAAGAGCCCACATCAATAGGCTCTTTAGAAAAACCTGGTGTACAACCAAGAGAGCTGATCAATTAGCGGGGCACATTGCTCTCTATGCTCTGCTTCATAACCGTCGCCTCGCCACAGGCTGAGGGGGCAGTTTTAGAACATTTTTTGGAAATCAGGTGGCAATGGCGTTTCAAAAGTTTGGATGCGGCCACCGATTGGCAGGCTCAAACGGAATGCATGAAGGAACATGCGATCTGTTTTATAGATGCCCGCCATTTTCTTATTGTAAGCGTCGTCGCCATAGCGAGTGTCGCCAACGATAGCGTGTTTTGCCAAAGCCGCGTGTTTGCGGATCTGATGTTGACGGCCTGTTAAAAGACGCAATTCCACCAGCGAAAAATACTTATTGGATTTAAGCACTTTGAAAAGAGTTTTAGCTTCTATGCGGTCTTTCAAAAGACCTTGAGGATTTTTACGTCCCTCCGCTTTGTCAGAAATCGGAAAGCTCCACTCTTGCCACTCGTCAGAAACGTCCATGCTGCCGCGAAGAACCGCGTAGTACATTTTTTCTGCTTTGTGAGTTTGAAACTGTTCAGAAAGGGCAGCTGCTGTCTCTTGCTCTGTCGCAACAACCAAAAGACCGCTGGTTTCTTTATCCAAACGGTGTACAGGATAGATGTCGTGGAAAGTTCCCGGATGAAGTTGTTTTTTTAGAACGCTGCGAACGTCGCCAGCTTCATTGTGTACGGAAATGCCAGTGGGTTTATTGATAATCAGCCAGTGTTTTGATTTTTCAATAACAGGCAGTTTGTTCACGGGTTTCATGTCGGGGACTCCTTCAGAATCTCTTGCACTTGCTCGACAAGAAGATCCTGTTCGGTCAAAGCACTGGAAAATAGAAACCTTTCTTTACGGGAGACCGCCAAAGAATGCACGGAAATTAAGACGAGCAGGTTAAAGAAGAACCCCAGCCAGCTTAAAAATAGGAAAAAACTACCCATCAAGAGCAGATTTTTTTCGTAGGCTTTGAGATCCTGATCTTCTTTTCCCTCTTGAAAGGGCTCTAGATCCGAGCGCGACTCACGCCAAAGCAGCCCGGCTTTGCGCAAGTTCGCCTGCATTTTTCGGTACGTGGTACGTTGGACTTTCCTGCGATGAAGCCAGATTTGCAGACCCGTCACCCCTGCCGAAGGAATCCATCCGATGACATAAGCTGCTGCCAATTCCGGAGCCATACATGTCCTTTCTGTAAGTCTAAGGATAGTCTTGAGAGCTGATTCTTAGCAAGAGACGGATGTATACCCAGGAGGGAGACATAAGAAAATGCAACAATAGGTGGCAGGGGGTGATTATGAGTCCTGCCGTCCAAGAGTTTTTGCATTTTTTAGACAACTATCATGAAGACGATCTGGATTATGGCGACTTTAAGCGCGAAGTGGACCTGCATCTGCGCCGAATGATCGAAGGTCTTCATCCTTTGACCCCAGAACAAATCTGGCAACTGCGTAAAATGCGTGAGCAGCTTCTTTGGTCTTATCGCTTCGATGTCGAGGAGATGCGTTCCCTTCTGATGGAGGAATCAAAGCACCTTGAGGATTTTGCGCCACCAGAAATCTAACAGAATAACTCTGTGCGCCGCTCTTGCGCTAAGGAACACCTCTGGGTAGGCTTGATTCACCAGGAGGTTTCTGA
CP178622.1_gap24	1256924	1261901	4977	GAGTCATTTTAAGGAGCTAGGCGGGGAGGAAAAAAGAAAAGGATCCTTGCGGATCCTTTTTAGTCTCAGTCAGATTCCTTATTATGCGACCCGTTTCATTCCGGGGGCTTTTGCTAATGAGTATTTGTTGCGGCCTGTTTGCTTGGATTCGTACAGGGCTTCATCGGCACGCTTGTACCAGCTATCTGCCGATTCTCCCGCGGTGATTTCTGCAATCCCCATAGAGATGGTGAAACGAATCTCAAGTTTATCTTGCACAAAGACTTCTTTGCGGATGCGGTTCATGGCCTCTTCTGCCATCTTGATCGCGGCTTCCGTATTACAACCCGGAAGAATCACGGCGAACTCTTCACCGCCTAGACGGGCGATAAAATCTTCTTCGCGAGAAAAGCTTTCTTGCAGCAGGCGAACGCATTCTTTTAGCACGAAATCGCCAATATCGTGTCCGTAGGCATCGTTGATCTTTTTAAAGAAGTCGATGTCTAATAGAATCAGTGTCATCGGGTCTTTGTCGATGTCATGCAATTGCAGATAGCGGCGTACTTGCTCATCGTAACTGCGACGGTTGTGAGCTCCCGTCATGTGATCCCGGCGCATGGTCTGATTGGCTTCCATCAACTGCTTTTTGACCGTGGTTAGATTCTTTTTAATGGATTCCATGCGTTTAGAGCGGCGTTCGTTCGTTGAATTCTGATGCTTCAAATAGAAGTTAATGAATTCTCTGGAGCGCGCGCGCAGCTCTTCAATAGAGTTTGATTCAACGGCTTCACGCAAGCCCTCAAGGCTTTGATTGATATCTGCTTGCGAAGCATCTTCGACTTGGGCTTCTTCGCTTAAGTGATCCGCGAAATCCCAGATGATGCGTTTAAAATCGTCAAACGTGTTTTGCACGTAAGTGTATTCATCAATGCGGTAGCTAGAGATAAACTGACGAAGGCGGAACAGAGTTTTTTCTGTTGCTTCTGTATCGGCTTGTACTAGCTCTTTAGCGAACGTATCCAATTTCGCGCGCACCTTGCGCACCGAATGATTTTGAATTTCAAAGAGGTGCTTGTTGTAAACATCAAGGATGTAGAGCAACGTTGCGCGATCCTCGGTCAAAGAGGGACCTGCAGAGGCCGCTCCTTTTTCGTGGGATGAAGTGCCCCAGTCCATATCAAACTGCTCAACAAGTTTTTTCATCCATTGTTTCAAACGTAGCCTCCTGGCGACTAAACAACCACCTTTCTCATCGGAATTATAGGGTCTTGATTGAAGGTCCCCCGCCGATTTTTAATCGAGAGTCCTGTTTCAGACTGAGACAATCAACACAATTGCCACTCCTCAAGAGTGATTTTCAGAACGCATTGTTGTTTTTATGCACAACTTCCTGACACTGCCTGCGACGCCTTCTGAATGGGACTATCATCGAAGTCATCAAGGAGATTTGTCATGGCTGTAAGTGCAAAAGTCAGCGGACCAGATTTCTCTAAGGGAGTTTCTGAAGAAATACTTAAAGACAATGAAAGCCTGCTTGGTCATATCGGTGATGAACCGGTTCTTTTAGTTCGTCACGAAGGCGATTATTTCGCGGTGGGTGCAAAGTGCTCTCACTATGGAGGCCCCTTAGAGGCCGGCATCGTGACAGGTGATAAAGTCATGTGTCCGTGGCATCACTCTTGTTTTGATTTAAGAACGGGGGAAGCTTTAAAAGCGCCGGCTTTAAGTCCCATTCCAGCTTGGCATGTTGAAGTCCGCGATAATAAAGTTTACGTCACCGATAAGAAAAGCCCTGTGATAACTCCACGTAAAGGCACAGAAACTCAACAGTATGTCATTGTCGGTGCCGGGGCTGCGGGGACTGCGGCTGCGGTGATGTTAAGAAGAAAAGGTTTCTTGGGAAGCATCACGCTGATCGGTGAAGACAAAGAACTTCCGTATGACCGTCCTAATCTTTCAAAAGATTTTTTGGCGGGGAATGCCCCTGAAGAATGGATTCCTCTTTTTACCGAAGATTTTTACAAACAAAATCGCATTCGTCTTGAATTGGGTGTCAAAGTTGAAAAAATTGATACGCATAGAAACTCTGTATTTATCTCGAACGGAAAATCTTTGAGATTTGATCGCTGTTTACTCGCGACCGGAGGGACTCCTCGAAAGCCGCGCATTCCTGGAATTGATAAAGGGCATGTGTATTTGCTGCGAACATTGAAAGACAGTCGGCGCATTATTGCGCGCACGTCGTGGGCCTCTAGGGTCGTTATCATCGGGGCCGGTTTTATTGGGCTCGAGGTCGCGGCCTCTTTGCGCTTACGAGGGATGGAAGTTCATGTTGTGGCTCCAGAGGAAATGCCATTGATGAATGTTGTGGGCGTTCACGTCGGAAGTTATCTTAAAAAATTGCATGAACAGCATGGAGTGAAATTTCATCTGGGACACGGAATTAAAGAAATTCGCGATCGCAGCGTGGTGTTAGATAACAAGCAAAGCATTGATGCTGACTTCGTTGTAGTAGGAGCCGGAATACAACCCAACACAGAACTAGCCGAACAAGCGGGCTGCTTTACTGACAACGGAATTTTAGTAAATGAATATCTAGAAACCAGTATGCCCGGCATATTTGCCGCCGGAGATATCGCACGTTGGCCCGATCCTCGCAGTCAAAGACCGATTCGAGTCGAACACTGGGAGGTCGCTGAGCGCCAAGGGCAAGTGGCAGCGCTAAATATGATGGGTGATAAAGTGCGCTTCCAAGATGTGCCGTTCTTCTGGACAACACATTATGGACTGACCTTGTGTTACATTGGACATTCGGATCGCTTTGATCGCATGGATGTTTTGGGCGACATGGAGCAAGTGGATTTTGCCGTCGCCTATTACGAAGATCAAAGAATTGCGGCCTTGCTTACAGTGGGTCGTGATCAGGAAAATCTGAAAGTGGAAGAAGCGCTTTCGCATTTAGATGATGAAAAGGTGCACGAAATCTTGGCTGAGTACGAACATCGTTTTGAACGGATTCAATCTTCGCCCGGGTTTATGGAGCCCTCACCCTGATGCGAGACTTCACGGGTGACTTTATTAATCCACGTATTCGGGAAAAAACTTGAATAGGTCAGTTCTTTATTACAGACATCTGTCGCGGCGACCAGGGGTTGCCAATCTTCAGTATTTTCGTAACGAACGGGCACGTAAAGATCGACTTGAACAATAGAGACATCCTTCTTCGTCCAGCTGCAAATATTTTGCGCCAAACGCCAATATACCATCGCATCACACTTCGTGCGGGTGATAAGCCAAGGCGGTTGAAGTGGCATTTCTTCTTTTTCTTTATTCTTTTTCCATAATGTCAGATAAGGCTGACACTGAGTCCGACCGTCATACATGATCATAGCGTACATGCGTCCTTCGCCGGTGAGGGCCGCATCACCGGGAATTAAGTACTGCGGAATCTGCAAAAGAATAAAGAATGTGGTTAAAAGTTTAGCTTCTGCTGAAGAGAAAACTCTTTGGAATGTTTCTTTAAAACCCAGGGCCGGGGCCGTGGATCGAACAACTAACAAAATCCCCAACAATGTCAGCATCACCGTCGGATAAAAGAAGCGAGTGAGATGCCAAGAATAAAGATGAAATAAAACCAACTGAGCAAAAATAAAATAGAACCAGCGATTCTTTTTACTGAATAAGAAGAAGATGAAAGCAAGTTCAAGGACTAAGACATACCATACGCCGATTTTATTGATGATCGGGGGCAGCAGTCGCTCGTTGATGGCTTCCGCGTTGAGCCATGTTGGATTCAGTTTTAAAAGTCCCGCTGTAAAATAAATAACGAAAAAACTAAATGTCAGGGCGTACGGTCGACCGGGAATAAGTAAAAAACAGACCGTTATAAGAGTCGGAAGATAATGGTAGTTTCCGGTCAGGCGATAGTCTTGAAGAATGATCAGGCACTTAATCGCAACCAGCACCCAAAGAGCGATAATGCCCCAACGAAAATTCTTGCGCAGCCAGAAGTACATCGCCACTAAAGCTGTAAGACCGTAGATGGCTAAAATAATTCCTAAGACGACGGAAGACGGTTTAAAGTCAGCACACGCCGAAAAAAGCGGCCAGCACACCGAGGGGTTCGAGGGAGAAAGAACCCATTGCACGGGCCTTTCTGTGAGCCAGAAAAATAAAGTGAGCAGATGTTCGAAGCTTAAAATCACTCCGACAAAAAGCAGCTGAGGATAGGTTTTTAATTCTTGAAGTAACGACCTCATAGCTGCTCTTTCATACCCAATGCCAAGGCCGTTTCATGAGAGAAGGGAAGCCGCGTATTTTTATCGAACAAAGCGCCGTCCAGTTGAGCCCCATAAAGCAAGGCTTGAGAAAGATCTGTGCCGAGAAGTTTACTTCCGCGCAAATCTGCAAAACTTAAGTGAGCTTTAGAAAGATTTCGATTCGAAAGATTGGCTTCACGCAAGCTGACAAAAGGAGCATACAGACGCTCTTGCAAAATAACTTCCGAAGCAGGGAAGAGGGGTTGCACCCCGGGATTTAAAATAGGAAAAGCAGGAGTGAATACCTGCTCTTCTGATGGAAAATAAAGTCTATTTACTTTGGGAGGAGGGAACATGCGCTGACCTAAATAGGTCAGCTGCAAAAGTCCCACGAAGGTGATTAATCCTGAGTAGTAAAAAGCCAGGCGTTTCATTAGAAACCGTCGCCATCTCCGTCGCAACTTCCGCCAGTCGAGAAGGTCCCGACTGTGATTGTGCTTCCGTTCACGCACTGAGCGATTGTGGCGCTGCTACAACCACTTGACGAAATCCAAGCTCTTCCGTGCAGATTTCCACCGCAAGAAGCATAACCTGCATTTACGGCGATGTTATTTACCGCTGTAATACGACCTTGGGCATCGACATAGAATTGTGGAACGTAAGAACCGTTACCATACCAACCTGCACCGACACCTGTATTAGTAAGACCAAGTGAAACACCACCAGAGGAACCACCGCC
CP178622.1_gap25	1270399	1272997	2598	CGTTCTTGCGCCGATTGCGGTAGATACCCTGAACTATGATATTTGGTCCAAAGCCTCCACAGAATATAGTACGGCAGTTGCCAACTCCAGTCGTACTTTCGTTGTGCGTGTGAATCCTGGCGTTAAAGTTTATAGTAATGATCCTCAATATGCTGCAATGGTAACCGGAACTTCTTCAGGTGCATTATCGACGACAGCGCGTGTTCGACTCATCAATCAAGGAAGTATTATTGGCGCTAGTGGTGCAGGCGGTGCATCGGCGGTTTCCGGTGATCCGGGGCCCCTTCGTCAAGGACAAGACGGCGGCACAGCTTTTCAAGTTTACGCTCTTCACGCCAATGTTACGATCATCAACGAAGGCTTCATCTTCGGTGGCGGCGGCGGCGGTGGTCGCGGAGGAACTGATAACAATGACGGCGCGCAAGGACAAGGCGGCGCCGGTGAAGGACCCCTTGCTGCGGCTGTCGCAGGAAGTGCCGGAGCTTCAAGTGGAGGCGTCGGTGGTGGAGCTGCAACTGCCCTCGCCGTCGGGGCGACGGTTCATGACTACATTCCTTCAAATGGTGCTGCGCAAATTAATGCTTCCGCTGGCCAAGGTGGAAGCAGCTGTTTGATCGGATCGGCCTTGGGAAATAATCCTGGTGAAGCTAAATTCGGTCGTGGCGGTTTCGGTGCCGGCTTCGGTGGTGGCGCGGGAACATGTTCTCTCTCATACGGCGGCGGCGGTGGTGGTGGTTACTTCGGTGGCGGCGGTGGATCCGGTGGTCTTTCCGATGTCAGCGACGGGGCAAACGTGAATACCGACGTGAACGGTTATAACGGTGGTAATGGTGGGGCGGCGATTCAAGTACCGAACTCGGTCGTGAATCCTGGCGACGTGAATATCGTGATTCTTCCTGAAGCAGGATCGCAGATCGCAGGTTGCGTGTGGAATGATATTTCTCAAAGATATCTGACGGGCGTAACAGGGGATAGTGATGTCAACACACGAACACTGACGTTTTCTTCAACCGCTGCACAAAGCGTGAATGCTCCAAGCAGTGTCCGTGTTTGGAATAACGGCCGCGGTAAAGCCTACCGCTAATAAAGCGAATTATAAGTTCAGTTTTCCTAAAGCCTGATCTAAGTTTTTAAAGGTCAGGCTCAATGCTTCTTCGTAAGCCTTCGTGACATCGGCACTTAACTTAAATCCAAAAGGATGTTTCATCTCAAAGCAGCTTGCTGCTTCGGCATTGAGTTTTGCCTTTTGGGGAATCGTCAAATGACTGACGATTTTCACACAGCCTTCTTTAAATTGACCGGTAGAGTAATCTTGGATTGTCAGCACTAAAGAATTAGCACCCGAAGTTTGAACTTTAATATTTTCTCGAGCTAAAGCATCCGTCACGGCACGAGCGACTTCAGCACGTAACTCTGTAGATTGAGTTTTCATTTCTTCAGCGCGGGCATCAATCACGCTGAGCGAAACGGTTCTTTTTGCAAGTCCGCTCATAGGGGACACTTGAATGTTCTCGGCCTTGATTGCCGGAACGTCCTTGATAGTTTTACCCGTCATGGCACAAGAGCTAAGAAATAAACAACCTAAAACAGCTAGGGAAAGTCTCATGATGAATTCCTTCTTTTAGGAATTATTATCGATTAAGACTTTCCCCGAAAGCAACGGAAGATTCTGCGCTTTAACAAAAAAATTACGTCGTAGCGCTGGCACCTCTTTGCGACGAGCGGAACTCGACATCCAAAGTGATGTTCGCTTTTAAAAGTTTCGAAACAGGACAACCGGCTTTGGCTTCTTCCGCAATCGTTTGAAACGTTTTAGAATCAATGTCTGGAACTTCGGCGATAAGTTTTAATTTTGAAGAGGTGATAGTGAAACCTTCACCTTCTTTTTGAACAGTCACGACGGCAGAGGTCTCAAGGCGGTCTGCTGTGAAACCTTTTTTCATCAAGGCGCCACTTAAAGCCATTGTGAAACAACCCGCATGGGCCGCACCAATCAATTCTTCAGGATTTGTTCCCAGCTCTGAACCGAAACGGGTGTTGAAAGTATAGGGTGTGTTCCTTAAAGCCCCACTTTCTGTCGTCAGTTCACCTTTGCCATTTTGAATATTGCCTTTCCATACGGCCGTGGCTCTTCTATCCATAAATTCCTCCTGGTTTTGTCGTATTCTATGTGCCGGATTCCTAGGCGGGAAGGCGGTCGTTAAAATACAAAACAGAGTTAATGCTTGGAGAAATCCCAAAGTTTTGGTCCAATGAAAGCATGAGTCTTGATAAGTTCTTCCAAGGTTTGATTCAAAAAGTCGAAGAGTCTGAAGACGTAGTGACCAATGCGGGCAAGGACGCGGAAGGTTTTTATAAACCGACGCGCACAATCTTGCTGCGGCATTTGAACTTACTGAAGGACTTGCATGCAAAGCCTTTGGCAAAACCCATGGTGCTGTCGTCCTGGAAGTATGCCGTTGAACATCTTCCCCCAGAGTGGCTGGTGCCAGATCCCGAAGACCGCGAAGCTTTAAAAAATCTTTTAGGTAATGGCTAGAGCACGTCTTTGGGAATATGTATTGAAGCACAAGTCTTTTGGTGACATTCTTTTTTCGT
CP178622.1_gap26	1322719	1326391	3672	ACTCTTTAACAACGACTTGTTGTTTTGGAGCCTCTGCTCTTTTACGTTTAGGTTTTAATTCCGTTTTAACGATAATTTTTTGTGCCACTTTAGGAGGAGCTGCTGCCGTTTCAACAGTTTGTTGCTTCGGAGCAAAGATTCCTACGCTCACAAGGAAAAACGCCGCACCTAGCACGATATAAAGGCCGCGCTTAGATTCTTCGTCTACCAATTGACTTGCCGTGATGTGGCCCATCTTCGCAGCATCTTCTAAAGACACTGTTCTTTGACTGATCTCGAGTTCTCCCACAGTTTGTTTGTGCCATTCTTGTGAAGGCACGCAAGCAATCACTGGCGCGTTGATACCAACGGCGGGCTTGAACTTCTTTTTCATTGAAAGAACTTTAGTCTCAACAACTTTACCGGCCTGGCGGACGATATAAAGTTGGAACTGCTTAGCCGCTTCACGTTGTTCTTGGCCTGCTTTTTCTAGACGCAGATATAGATCTGTTTCTTTTCTTACAGGTGTGAACTTCAATTCGCAGTCTTCAAGTTGCAGACTTTGTTCTTTATCTAAAGACAGAGCAGGGGAGTTCGCACTCGCCGCGCTCGTCATAAGATCCATATTGACATACCACCACTGGTTGTCACGGTACTCAAAGACACCTTGAATGCCTTTGGTGCCGGGAGCGATAGAAATCACATCCGCCAAGCGGGATGAACCGAAGGTGTGAGTTGAATTATTTGAGCGCAGCTTCCAAGTTTTTGCCGTCCCATCTTTCAGGGACTGACGTACAATCAACGTGAGCATGTGACACCTCTGAATTAGTTATTCAAATAGAGAGCGGATTCACGGATGCGGCCATCCATATCTTTTTGCACATCGTAAAGAGGCATGAATTTGATACCTCTTTTTTGCACAAGATAGGCCCCATCAGGGTTACGAATCGTTCCCTTAAGGTTCATCTCACCGAAATTGACTTCCTGGACTTTACGGACTGTTCTTTGTTTGGCAAAGGCAGTCGCTGTTCCCAAGAGAATGAAAGCGATCATCGCTGTGATGATAGTTTTCACTTGTACCCTCCATACTACAAGTCTCCCGAGATAACGTGCTGACCGACTTTGTTTTGTGTTTTCAAATATTGTATTTTCTTACCTAACCAGTCTCTCATATCCATTTTCTGACTGGCTTTAAAAGCTCTTTCATAAGAATCCAGCGCAAGTGTTGGACTCTGTTTGTAGGTCTCGAAGATATGTGCTTGTTGCAACAAGAAGTCTGCGTTGTCCTTTTTAAAGCTCAACAAATCTTTCAAAGTGCTGAGAGCTTTATCGACTTCGCCCTTCTGAGCGTAAGACTCACTCATCAAGGTTCCCACATTTAAAGTATACAACTGTTCTTTATTCAGAGAAGAGAATTTTTCAATTGCTCTAGTAAAATCTCCCTCTGAGAAAGCCTTCACTCCGGCGAAAGTTTGCATTTCTGTTGAAGGCATTTGCATGTCTAAAACTTTTTCGAAAAACGGCATTGCTTCATTCAAGCCATCGGCCTTGTAGATCAAGCGTGCTTTTTGGTACACGAACGGAGAAACTTCCGGTTGTACTTTCATGGCCGCTTCAATCATCCACAGAGCTTTGCTTTCAAAACCCTTACCTTCGGCACCCAAGCTTGCATAGAACAAACCAAGAGCGCGTGTGTCCTTGTTCTTCGCAAGTTCCAAACCGAGTCTTTCGACCATTTCGTACTGTCTAGAAGAATAACAATTTCCTGCAACTTCGAGCGGATTCAAATTCTGCAATTGAGCCGTCATGATTGCGGAGCGATTGCAATTTTTCGCTTTGGAAGTCTCATAACGAGACACTTTTCCGATCGTCATATCCATCGAAGCCGGAAGGAAAGCAGTCATCTTGTTCGCCTCTGGATACTGCGCCATCGGACTTACTGTTTGATCGACGCGCAAACTTGCGTAAGAGCGTTCGCTTTCGGCAGTTTGGCCTTTCGATGCAGCTAAAACTTTCAACTTCGCTTCGTTCTCGTTTTTCTTTTCCTGGATCGGAGCTGTCAACTTCGCAATTTCCGCACGAAGAGCTTCCTGATCGGCAGGGGAAAGAGACGCCGGAAGTGGCATCGTTGTTAAGCTATCAATGAAGTTTGCGTAACAACGGTCAATACCGCGCATGGCTTCTAGCTGTTGATAAGGATCTTTCGACATTTTCAAAGTTGTGAAGTAAGCCGTATGAGCTTTATCCAACTTTTCTGTCTTCATTGAAAGAACCAGCGCGAATTTTTCTTCGCGGGCTTTCACGCTTTGAGCCACCAACTCTTTTTCAAGGACACGAGCTTGGATCAATCGAGCTTCCGCACGCACTTCCGCCGGCACATCACGACCATTAGCTTTCATTGAAAGATCAAATGCCGCTGTTGTTTTACCGGAATCCAATAGCGCCTTTGCGCGATCAATCATGATTTCTGTTGTATAAGGCTCAATGCCTTTGGCCATGATTTGGTTTTGCAACTTATCGTATTCAGATCCGCGGTTGTCACCTTTATAAGAATCTAAAAGCTTACCGTAGATACGGCTTAATGTTTTATTATCCGCCGCTGCCAAGATGCCGTTGTAAGCGGCACGGGCCTCTTTCATCTTCTTTTCTAAAAGATAGATGTCAGCGGCAAGTTCTAGGTGAGTGTTGCGACCTTTTTTATCAAGGTCGGCGATTTTCACCAAAGTTTCAGCTGATTTTGAAATCTGTCCTACGTCGGCGTAAGCTTTTGCCGCTTCTTTCAAAGCATCCAAGTTACGTTTGTCGTTCGGATATTTTTCCACGAATTTCAAAGAAAGGTCTGCGGCTTCAAAGATTTTACCTTCAGAGTAAAGAAGGCTCAGTGCCTGCCACAAAGCATCTTGAGACAGTTTCGAGGATTCATGTTCTTTCGCGAACGCAATCAACTTTTGAGAAGCTTGATCTTTGTTGCCGGTTTTAGCGAACTCTTGAATCTCAGTGAAGTGAGCCTCTTCCATGATTTTGTTCATGTTCTTCTTGCGATCTTCATCCGCAGTCGAAGTCATGACTTGCTTCGAGAAATTTTTGATTCCCGCGTAGTCTTTGCGGATATTCAGCATATCCAAGATCAGGTCTTCGGATTTCTTTTTAATATCCGCATTGTCTTTAAGCTGAGCCAAAGGCTTCAACCATTTTTCGGCTTCTGGGTAATTGCTTTCTTCGTAAGCGATGTGACCCATTTTGAATTTTACTAAAGTCGCGAACTTACCCGTAGGGTGCTTCGCCAAATAGTTGGCAGCCAATTCTTTACGTTCCGCCTCTTTCAAAGGATCTTTGCCCTTTTCGATAGACTTTTCTTTCGCGTAAAGAGTCGCGTAGTTTGCGTCATGGCGCATAGTTTCGTCAGTGGCTTTATCGCCCACCATTTTGTACTGAGTACTTGCTTCGTCAAATCTGTTTAATTGGAACAGAAGTTCGGCGTAAGCAAAGCGAGTTTTTAAGTCAGGTTTTGTCGGATCTTCGTTATCCAACATCAATTTGAACAAACGCAGAGTTAAATCCGAGAACTCCGCGTTTTGTTTGTTCTTAAGCCAGATCTCCCACCATTTTTTCGCCATTTCCAAACTTGTCGTACGGAAAGACGTGTCGCAGGATTCTTTAGCGACGTCCGCTTTTTGCAGATTTCTCCAAGTT
CP178622.1_gap27	1339695	1343476	3781	GGCCGCGATCTTTTGGCGATGAGTGATGACGAGCTGTCTCGTTTTCGTAACGCGGAAATGGGATTTGTATTCCAGTTCCATCATCTATTAGGCGAGTTCACAGCCTTAGAAAACATCATGATTCCTTGTCGCGTGGCGGGTGAAGCCCCGAAAGCGGCACGCGAAAAAGCTTTGCATCTTTTAGAGTTCATGGGTCTTGCTGAGCGTCGAGAACATTATCCCAATCAACTTTCCGGCGGGGAGTTGCAGCGGGTCGCCATCGCGCGTGCCTTGGTGCGACATCCAAAGATTCTTTTCGCCGACGAACCCACAGGAAATTTGGATTCGCAGACGAGCGGAAAGATTCAAGAGTTGTTCTTCCGCCTGAAGGAAGAAATGAAGCTCGCGTTGGTGGTGGTGACGCATGATCTTACTTTTGCCACCAAATTCCCCAAAGTATACCGAATGAAAGACGGCATCTGGGTTTAGGACGCTTGAACATTAGTTTCTAGTTGCGTTGCTGCCTCCTCGGCGTATTACAATACGCCTTCGTCATTGCGCCTTGTAGAAACTAATGTTGAAGCGTCCTAAAAGTTATGGGTTCTATTGCGCTAACTGCGCGCTTTTCCTTGGAAGCGCGGCGCGTCTTCTTTGACAGGACCTTGGTCTTAAGTTACGATTCCCCAATAAATTTGTAAGTACGCAGAAATCTTATAGATTTTCGAAAAACGCCTGGCGGGGAATAGACTTTGAGTAAGCTTCTTTGTGCATTGTTAATCACTTCGTTATCTTCGACGGTTTGGGCAGCCCCAGCTAAGAAGAAAACCGCTAAAAATTCTAAAGCTCCCGTGCAAGCGGCAGCTCCAGTTTCTTCAGGTCTGACGATCAAAAATATTGAAGTCACTGGAAATCGTAAAATCGAAAAGGATGCGATTCTAACCAAGATCACTTCCAAAGTGGGCGGAGAGTATTCTGCACTCAGCCTGCGCGAAGACGTCGAAGCTCTTTTTAAACTTGGATTTTTTAACGACATCGAAGTGGACCGCCAAGTTTCTGGTAAAGACGTCACTCTGACATATAAAGTTTTAGAAAAGCCCTCCATCGTAGAAATCACTTACGAAGGTAATAGCGAAGTAAAGTCTGAAGACATCGCCGACGCGACAGGCATCAAGCCGTACCAGCTTTTGAATATGGCGAAAGTAAAAGAAGCCGTTGAAAAAATCCAAAAGCTTTACGAAGACAAAGGTTATTTCTTAGCAAAAATCGAAGCGGAAGTTCAAAACATCAACAAAGACGAAACTGTTCGTTTGGTGTTTAAGATTCGCGAAAACGACAAAGTAAAAGTAAAAAAGATCACGTTCCTGGGAAATCAAGCCTTGGGCGATGGCCAGCTGAAATCCAAGATGCTCACTCAAGAGGGCGGATTCTTCTCGGGACTTTCTGGTTCTGGTCAATACAAACAAGAGATGTTCGAGCGTGACGTGCAAATCCTTCGCTTCCTTTACTGGAATCAAGGTTACGTGCAAGCCAAAGTCGACCGTCCACAAGTGACCGTGACTCCAGATAAAAAGAACATCTACATCACGATCCGTATCGAAGAGGGCGAGCAGTACGATGTTGGTGAAGTCGATTTTGCTGGCGACATCTTGTTCCCAAAACAAGAGCTTTATGAGGCGATCAAGATTGATGACAACGGCGTTTTTGCTTACGACGTTCTTCAAAAAGACATCAGTGAGTTGACGGCGAAGTACGGTGATCTAGGTTATGCCTATGCCAACGTGATTCCTCGTACGGCGTTTAATGCTAAAGAACGTAAAGTGAATTTGATCTTTGAATTCGACAAGGGATCTAAAGTTTACTTCGGCAAAATCAACATGATCGGAAACTCCAAGACGCGCGATAAAGTCATCCGTCGTGAATTAAAAATCCACGAAGGGGAGCTTTACAACGAAACACGCCGTCGTCAGTCTTTGGAAAACATCCAACGCTTAGGATACTTCGAAGAAGTGAACTTCAAAACTTCGATCGATCCAGAGCGCACAGAAGTGATGAACGTCGACATCGCCGTGAAAGAAAGAAACACCGGACAAATCCAATTGGGTGCTGGTTACGGAACATCACAAGGTTTCACTTTGCAAGGTTCGATCAATCAGGCGAACTTCTTGGGTAAAGGACAAAACTTAGGTGCGTCTTTGAACCTAAGTAATACAGGAAGCTATTACAGCCTTTCTTTCACTGAGCCTTACTTCAACGACACTCTTTGGTCTGTCGGTGGAGACCTTTATCAAAGTGCCAACTCCGCACGTGCCGACTACGATGAAAAACACACGGGTGGAGCCATCCGTTTCGGTCACCCGTTGGCCGAGTTCACGCGTGGATACTTGCGCTACAAATACGATGATACTCAGCTGGAAGAAAAATTCGATAGTGAAGAGCAGTCTTTAACGGACCGCGATTTATTCCCTCTAGAAACAGCATCGGGTGTCACTAGCTCTATCACGGCGACGATTGATTATGACACTCGTAACGACCGTCAAATGCCGACGAAAGGGATGTATGCGAGTGCGTCTTATGAGTACGCAGGTCTAGGTGGAGACTTGAAATTCACTCGCATGAACACGAACTTCCGCTACTACAAAAACTTATTCTGGGATGTGGTGTGGCGAAATAACATCAGTTACGCGCGCATTGATTCTTTAGAAGGCCAAGACGTGCCGTTCAGTGAATTGTATCTTCTTGGTGGTCCTTATTCTCTGCGTGGTTACCGTTCGTACCGTGTGGGTAAAATGAAACTATCCAACAAGATCAAAGCTAAGATCATCGCGGACAACCCGGGCATTAGTGACGAAGAAGCCACAAAGCGTGCGATGCGTTTCTACGGTGGTACTCAACAGGCGATGTACCAGACGGAATTACAGTTCCCTTTAGTTAAAGATGCTGGCATCATGGGTGCTGGATTCTTCGACGTCGGTGCTGCGGATGATATCCTATCAGAGGATAATTTCTACGCAGACGTTGGCTTCGGTATCCGCTGGTACTCTCCGATCGGGGTCTTGCGTTTCGAATGGGGCTTCCCACTGAACCGCGATCCACTCTACCACGACGCGACCGTGTTTGAGTTTTCGATCGGGCCTAGTTTCTAGCGTGCGAACGCGCAGGAAGTCGCAGCGCCTCTGGCGCGGAGACTGGACTAGCTCGGCCTCACAGAGAGTAACAAAGAATTTAGTTTTAAACCTTTAAGGAGGATTGATGAAAAAAATGTTGATCGTGCTAAGCATGCTTATGACGGCATCCTTCGCACACGCGGAAGCAAAAGTAGGTTACGTGGATATGCAAAAAGCTATTCAATCTACTTCTGCAGGTAAGAAAGCAAAAACGGAACTTGAAGGCGAGTTCAATAAAAAGAAAAAAGAACTCGAGAAGAAAGAAGCTGATTTGAAAAAAATGGGCGAAGACTTGGAAAAGAAAAAGTCTGTTCTTTCTGAAGATGCTCTAGGTAAAAAACAAGCGGAATTCCAAGAAGAAATGTTGAAGTACCGTGATGTTGTTGGCAAAAGCCAAGTTGAAATCCAAAAGAAAGAGCGTGAACTCACAGCTCCTATCTTGGAAAAAATGAAAAAAGTAATCGCTAAAATCGCGAAAGACAAAGGCTACACGATGGTGATTGAGAACTCTCAGATGGTGCTTTATGCAACACCTGAGGCGGATTTAACACAAGAAGTGATCGCGGCCTTCGAAAAAGAAAAGTAGATCTCGGATAAAAACGAAAGGGCCTGCAAGGGCCCTTTCTAGTTTAAGGTAA
CP178622.1_gap28	1345500	1347879	2379	TCGTGATGGATTACCCAGAGTTCAACTTGATGCTTTCTAAAAAGCTTCATGCGATGGGCATTCCGGTTGTGTACTATATCTCTCCGCAAGTGTGGGCGTGGCGCAAAGGTCGTGTAAAGACGATCAAGAAGTACTGCAAAGAAGTCTTCGTTCTTTTTCCATTTGAAGTGCCCTTTTATGAAGAACACGGTGTTCCTGTTGAGTTCGTAGGGCATCCTCTATTGGATGAGCTTGATGACAAACTTCTTAACGACAAAGAGTATCTCAAAATTCATCGCAATCAGTGTGGTATCCGTGATGATGAAATCGTTTTGGGTCTGATGCCGGGAAGCCGTCGTTTAGAACTCAAGCAACACTTTCAGATTCAACTGGATACGGCACGTGTCTTATCCAAAAAATATCCGAACCTGAAAGTCGTGATTTTGACGGCTCCGACGTTCACGAAAGAAAAAATGCAAGAGTACCTGGAAGACTTCCGTCTGCCTTATGTGCTTTTGAAGGACGAACCTTTCCGTATGATTCATCTTGTGGACATGATGCTCGTGGCTTCGGGAACAGCGACACTGCAAGTGGGTATTTTGAAAAAACCGATGGTCATCATGTATCGCATGAAATGGCTGACGGGAGTTTTCGCCAAACTCGTGGTGCGCGGAACGAAGTATTTCGGTCTCGTGAATTTGATTTTGAACAAAGAAGCCGTGCCGGAAAGATTCCAATCGGAAGTGAATCCAGAACATCTGGCTTCCTTGTTAGAAAAATATATCGTGGATCCCGCTTACAAAGCGCAGGTCATTCATGACTTGGAAGAGCTTAGAAAATATCTTGGCGACCGCGGAGCCACTCAGCGTGTTGTGAAAGCATTGGATAAATATTTAACAAAATGAAGTATTATTTAAAGCCTTTTTCTTTTCTGTATAACCAAGTTGTCGGAGTCAAAAACTCTCTGTACACCCGTGGAGTGATCAGTGTCTACAAAGCACCGGTCCCTGTGGTGAGTATCGGAAATCTGACAGTCGGGGGCACAGGAAAAACGCCTATCACCGACTATTGCTTAAAAGCTCTGGTCGCTGACGGGAAAAAGGTGGCTGTCATCAGTCGGTCTTATCGTGCGGATGCCGAAAGCCCGTCGCAAGTGGATGTCGGTCATCCGTTTGCAGCACGTTATTACGGTGATGAGCCGGTTCTCCTTGCTCAAGCCAATCCTCAAGTGGCTGTCTTTGTGGGCCCCAGTAAATGGCAGACGGCGAAGTACGCTGTCAGCAAAGACCAGTTCGATTTACTTATTGTCGATGACGGTTTTCAACATCGCAAACTGCATCGCGATCTCAATATCGTGATTTTGGATGCGACAGAAAATATCGAAAATTACGCGGTTCTTCCAGAAGGCCGTGCCCGTGAATCTTGGGCGGGAGTGGACCGAGCAGATGTCTTGGTTCTTTCCAAATGCAATTTGGCTCCCGATGCCGATTTGAAAGTTCTGGAAAGCCGCCTGCCTAAAGATAAAGAAGTTCTTTATCTCGGTTATCAAATCAATCATTTGAAAAATGTCGCTACCAAAGCGGTGATCGCTCGTGAAGAGCTTCAAGGAAAATCCTTATTCCTGGTTTCTGCGATCGCTCGTCCGGATGTTTTTGAAAAAATGATGAGAAATATCGGAGAGGTTTCTAAAAAAAGTCTGCACTACCGAGATCATCATCAGTATACGGCAGCCGATGTGGCACGCATTGAAGATGAGTTCCGCAAATCCAAGGCTGATTATCTTATCACGACTGAAAAGGACGCGGTGAAACTGCGCCAGCTTTTCTCAGACTCCTCGCTGCTATGGAGCGCCTCTTTAGAGGTGGCCGAGCAGGGAAAGAAGGGACGTCTTCATGAACTTATTAGTCAAATTCTTCGTTAGTGTAATGAGCTTTTTTAGCTCGATGTTTCCTCGCACCTGGCTTCGTAAATCGGGCTCATGGGTAGGGTTTCTTTGGTTTGATGTTTTTGGTTTCCGCAAGCAAATCGTAATGAATAATCTGCAAATCGCCTTCCCCGAATGGAGTGAAGAACAAAAACTCAAGGTCGGGCGCGAGTCCGTTTATAATTTGGGCTATAATTTCGGGGAATTTTTCTTCATCCCATCTTTGTCGCAAAAATGGCTCGATAAGAATGCCGTTTTTGAAGGCTGGGAGAATATCGAAAAAGCCCGCGCCGGCGGCAAAGGAATGTTCTTTTTGACTTTGCACTTAGGAAATGGGGACCTCGCAGCAAACACGCTGGTTATGAAAGGTCAGCCGACCTACATCATCACGAAAAAATTCAAAACTCAGTGGTTCAACGATTTGTGGTTTGCCACTCGCGGAGCTAAAGGTGTTCAGTATATCGATGCTCACGGCC
CP178622.1_gap29	1349355	1350916	1561	ATACGTGTTACGTATCGAATCCAAAATCAAGATCGGAACCTTGGTTTCCGAGGTGGTCTCGATCAATCCAGGTAAGCCGTAGCTGACTCGGAGCTGTTCGACCCATTCGGGTAGCCACAATCGATCTCGGATCGTCTCGATTCTTCGGACAAACCGTAGTGGTCTCTTGATTGCCGCTCGATCAGTAAAGATAGCTCTTGATTGGATTGGAACCCTCTAAGGTTTTACATTTCTCAGTGCATTTTGAAGAGGAGCCGTGTGGAATTTCCATAACGCTGATGCTTACTGCCATCGGGGCAGTAGATTAAAATACCAACGCAGCTGGTGAAATGCTCACCCCGCTAGGTCTCTTTCACTTCCGCTAGCGCTTGACGTTCCAACTCAATCAACGACGGATGTTTCAACATCATCTGACGATATTCTTCAGCGGCACCCGAAAGCGTCACGCCGTAACTTTGAAAACGGAATACCACCGGAGCATAAAAGCAATCCGCAATCGACCATTCGCCAAAAAGATAGGGTCCGCTTGCGGCATGAGCGCTTCGGCATTCACTCCAGATTTGTTCGATGCGCTGAATGTCGGCAGAAATATCCGCGGGATCTTTCATGATTCTTTTTGCGATATTGCCTGGCATCGCTTTACGAAGTTCGGCAAAACCGGAGTGCATTTCCGCGACCACCGATCGTGCCCAAGCACGAGACTTCAGCTCTTGCGGCCACATTCTCTTTTCAGGATATTTTTCATTCAGATATTCCAAAATTGCCAGCGAATCCCAGATCGTTAAATCTCCATCGATCAAACAAGGAATGCGTCCTGACGGGGAGTACTTCAAAATTTCCTTCTGTGTCGAAGGCTTATCTAAAAGCACCACAGTCTCGACAAACGGAATGTTGAAAGAGTGAAGCGCCAGCCAAGCGCGCCAAGACCAAGTGGATAGATTTTTATCACCAATAATTAATTTCATAACAGTCCTCGAGTTGAAATACCGGGAACACAGACTCATCCCATATTAAATGAATAAGTTAGGCAGATGTATCAAAATTTTCGGAATAGATCTGCTGGATCTATGAATCGCCCTACACAAAATCTTTACTTCCTCAGCGCATCACTCTGCAAACGCTGATGTGCCAAAGTTTCGACTTCCTTCGCTAAGAACAGATTTTGCGCAAGCACACGATAAAAATTCTGCTGGCCGATTTCCAAAAAAACAGAATCCTGCTGCGTCGTCACTGTGGCCGTTCGTTGGCCGCCACTCATCAACAAAGAAATCTCGCCAAAGCAGGAACCTTGCCCAAGAACGTTGATGTTTTTTCCGCGTTGACTGATAACGACATTTCCTTGGACCAAAATATAACAGGCATTTCCCGGTTGTCCCTCTTGGAAAAGGGTCTGATGCGCTGGGGCCTGTTTCAATGTCCCGGAAAAAATCAAACTGTCCAAACTTTCATTCGGCAGATCCTTAAAGAAAGGGGATGAGGCCAAGGCCTGCAGTACCCAGAAGCGATGCTGTAGACTTTGTGCTTTATCGGTCTTAATTAGTTGATCAAACTCTGGTAAATG
CP178622.1_gap30	1354058	1358231	4173	GGAGCTAGTTTCAAAGATTCTGGCAAAGAATCCACCGTAATCTGGTGAGAGTTCTCTACAATGAAAGCGCGTTCAATCACGTTTTCAAGCTCACGAATATTTCCAGGCCAACGATAAGCCTTCAACAAAGTTAAAACTTCGTCCGTTACGGCGTTGATAGTGCGACCGTGTTGTTTTGAAAACTTCTTAATAAAGTTTTGTGTTAATGCTTCGATATCATCGATACGCTCACGCAAGGGCGGCAGGAAAATAGGCATTACATTCAAGCGATAGAACAAGTCTTCGCGGAATGTGCCTTCTTCCATCATTTTTTCTAAATTTCGGTTTGTCGCCGCGATAATACGAGTCGTGGTCTTCACCTCACGAGTCCCGCCGACCGGAGTGAATTTGCGCTCTTGCAGAACACGCAAAAGTTTTACCTGCATGTCCGGGCGAAGCTCTCCGATTTCATCAAGGAACAAAGTTCCGTTGTTCGCCATTTGGAACTTACCAATTTTTCTTTCTACCGCACCGGTGAAGGCGCCTTTTTCGTGACCAAAAAGTTCACTCTCCATCAAGCTTTCAGGAATCGCACCACAGTTGATGGCCACGAAACTTCCGGACTTGCGAGGGGAGTTGAAGTGAATGGCTTTTGCGACAAGCTCTTTTCCTGTCCCGTTTTCTCCGCGCACTAGAACTGTCGTGTCGACTTTGCACAGGCGATAGATCAGATTAAAGACCTCTTTCATCTTCGAGGAGCCGCCTACGAATTCACTTTCAATATCATCGTCAAAAACCGGGTTAGAAAGAGCCAGGCTAGAAACCAAGTCACGGGCTTCCTGAGACTTACGTACAATCTCCGTCAACTGTTGCGGGTTGACCGGTTTTTCAACGTAATCGTAAGCGCCTTCTTTAATCGCCACAACAGCGTCATGAAGATTGGAGTGCGCCGTCATTAAAACGACAAACGTACGAGGATCGTGTTCTTTGATCGCCGTTAATGCTTCAATTCCATTCATCTCTGGCATCTTCACGTCCATTAGGACCAGATCCCATTGCTGTTGTTTTACTTTTTCTAGCGCTTCCTTGCCGGTGGAAGCTTCATCGATTGTAAAATCGATTTCCGGCATTGTAGATTTTAAAATCGAAATGACAGAGCGGCGTAACTCAGCTTCGTCGTCAACAATCAGAGTGTGGAGTTTGTTCATCATGCGATCACCTCGGTTTCATTTTCCATTGCGATTTCAGAGTCGAGCGGCAAAGTGAAGGACACCGTGGTTCCGTGTCCAACAGTGCTTTCCATTTTTACTTTTCCGCCATGCAGTTCAATAAAGTATTTAACTAAGTAAAGGCCTAGGCCGGTCCCTTTAGTTCGTAAATCCTGATCACTTCCGCGAGTGAATTTGCCCCAGACTTTTTCCATGTCTTCGGGTTTAATGCCTTCGCCGGTGTCTTTCACAATCACGTGAACCATGTCATCGGCCTCTAGCGACACCACTTCGATTTGACCATCGCGAGGGGTATACTTAATCGCGTTTTCAACAAGATTAATGACCACCTCTTTAATCAGGGTGGTATCAAATTCTAAAGAAAACATAGGCTCAAGTGCCGTGTGAATTTGGATATTCTTTTCACGCGCCAAAGGACGAAGTGTTTGCAAAGCCTCTTCAATCACTTCGTTAATATCGCCTACTTCAGTGTGAATTTTAAAGTCACGGGATTCCACGCGCAGAACTTTTAAGATGGACTGAATATAGCGGTTTAGTTCGTCGCCATAAATACGCAGTGATCGTAAATCCTGACCCAATTCATTATCAGCATTCTGGGTTAACAGACGATCGACAATGGCTTGGATTTTCGCAATCGGAGTTTTCAGATCGTGAGAAATCAAGCTGACGAAATTATTCTTAAGCTGCTCTAGCTCTTGCAAGTACTGCTGTTCTTGTTGCAGGCGGAAGTTTTTCTTTTCGATCTTCGTGGCTTGATAGCCGATGAAAATGATCCAACATGCACCTAAAAGCACAAATGGAGAAAACGCCGGGGACCAGAAATAGAAACTATCAAAGACCCATGCTGAAAGAGCGGCTAATAAAGTTCCAATCCACAAAATACAGAACAGAGCTACGGATTGCGGATAAGTCGTAATTAAGAAGACCGCCATCAGCATCAAAACGAAAAAGCCCGCCGCATACCACCAGAATGAAAGGCGTTTGATCCACTTATTGCCTAAGAGCGTGTCTGTGACGTGCGCTAAGATCTCTGTGCGCGACAATGTTCCAACGGGGGTCATGTACACGGGGGCGGCGGACGTCTCGGCACCAATCAAAACGATCTTGTCGGAAAAAGCATTCGAGGGAATTTCGTCATACATGATTTCACTCAAAGTGTATTGAGTGAAGACCCGGCTTGTTCCCGCATAGTTGATCGGAAGTCCGGCCAGAGTGGTCGGAAATTTCTTACCCGTTAAACGCTCCACCAAATGAGGCATTTCCGCTCGTTGCGGGAAGACTCGGCGAACAACGCCGTCTTCATCGCGACGAACTTCATTGTTCCCCAAGTTGTCATGTTCACGGTTTGCAAATGCCGGCGTCAAAACACGCTCTAAGCTGTTCGTAGTTGAAGCCCATACAACGCGTTTATCTAAAAACAGACGCTGCTCTTCAGGATTTAAGCGCACGGTTCCGATGTTATCGCCAAAGTACAAGGTCACACCGACAGAGCGGGGATTTTGGCGCAGAATTTTTAGAAGCAGCTCATTCCAAACAGGTTTGTTCCAGAAAAAGCTGTCGGTGATATCTGTGACCTCAGACATGTTGTCCAGGAAGTTAGTCCTGCTGTCATAGATCGTTGCGAAGTCAGACTGACGGATGGTGATAAGGACGATCTGCTTTGAGGCTTTTTGGTCTCCGCGCAGTTGAAAGCGTTGGTCGTAGGATGTGATCTCGTCGTTAGAAAGGGCCAGGCCTCCGATGCTCCAACAAAGAAGGCAACGAAGCCAAAATCCGCGGCGTCGGGAAAAGAAGCGAAGCAGGACTTCGAGACGGATTCTGAGGTTTTGAAATGAGGCCTTTTGCACGCGTCGCAACATAGCAAATTTATTAAAAAATTCAACTATTAAAAGCACTTACCGCCGAGCCCAGAAAGAGGTATATTGAAAAATATGCATATCCTTCAAGGCGTTAAACAGTTGAGCTCCCCACTAGAGGCCTCTGTGGTCACTATAGGGAACTTTGACGGTGTTCATTTGGGCCATCAGCAGCTCGTGGAAAATGTGGTCCGCGAGGCTCAGTATTTTGGTGTTCCTTCCGTGGTGTACACCTTCCATCCTCACCCTGTAAAAGTTCTGCATCCAGAGCGTGCGACGTACCGTCTTTTTGATTTGAAAGACCAGCAAGAACAGTTTGCTCAACGGGGGATTGAGTACGTCATTATCGAGGATTTCACGAAGGATTTTTCTAAAGTTTCTCCGCAAGATTTCCTAGAAAAATACATTGTCGAAAAGTTGCATCCAAAAACTTTGGTCGTCGGCCATGACTTTTCTTTCGGCGCCGATCGCGCGGGGAATATTCCGTTTTTAGAAAAGTTCTGCGCCGAAAAAGGCATTCGCTTAATCATCATTCCTCCATTCCAATTTCAAGGGGCCGTGGTTTCTTCCACCCGCATCCGTGAAAAACTTAAGGACGGGGAGGTCGAAAAAGCCAATGAGCTTTTAGGCCGGACTTACTATGTGCGAGGTCATGTTGAAAAAGGATTTCAGCGTGGTCGCACCATTGGCGTGCCTACGGCGAATATTCACCCGGATGTTGAGTTCACTCCGCGCAAAGGTGTGTACTGCACTTTGACTAAAATCGGCAGTCACATGCATCCTTCGGTCACGAATATCGGAGTAAATCCGACGTTCCAAGAAAATGGCAAAGGACCGATCAAAATCGAAACGCATCTTTTTGATTTCGATGCTCATCTTTACGGCATGGAAGTGGAAGTTTATCTTTTGCACTTCATCCGCGACGAAATGAAGTTTTCTGGTATCGAAGAGTTAAAAGCACAGATTCAAAAAGACATGATTGAAACCCGCAGGTATTTCGATGAACACCCTGAAGTTCGTTGATATTCGCCCGGAAGGGCCTAGCGTTTTTGCGAAGTATCTGGATTTTTTGTCTCGGCAAAAATCTTGGGGTTGGGTTGTTGAGCATC
CP178622.1_gap31	1363675	1367218	3543	CGGCGAACTTTTATCAGCTTTTTCCAGACGTTGATAAGGCAGAGTCTTTAGTCAAAAAAGACGTGAAGTACGCACCGTCGCCAGAAGCTCAGGCAAAAATCCTAGGTCTGACGGTATCCAAAATCTATAGTCCTGAGCTTCAATCACATCTTTCTATCGCGCTTTTTGATGACTTAACTAAAATTCGTCAATTGGAATACAACGCCCGTCAAAATGAAAAGTTGGCAGCGGTGGGCGGCTTGGCGGCGGGGATTGCCCATGAAATTCGCAATCCGTTAGCCGGTATCAGCGGCAGTATAGAGATGCTGACTCAAACAGTGACGAACGAAGATGATCGTAAACTGATGAAAATTGTTCTTCGGGAAATTGATCGCTTGAACAACCTAATCACTGAATTTCTGGATTACGCGCGCCCCGAAACGCCGCCGACAGATCCGGTGGATTTGTCTTCGCTTATGACGGAAGTTTTGGACTCTATGCGTACCAACAATCAAGTGCGCGCCGATGTAGAGCAAGTCAGACAGTACGATGCCGGGTTAAAGATCTTAGGTCGTCGTGATAAATTGAAACAGGCTTTTTTAAATATCATTATCAACTCATACCAAGCGATGAATGAAAGTCCGCAGCCGAAAATTTCCGTTCAAGCCGTGACGAAAGGCAATGAAGTGGAAGTGCGCATTCGTGATGCCGGATGTGGAATGAGCGAAGCGACGAAGAAGAAAATGTTTGAACCCTTCCACACGACGAAACCTAAAGGCACGGGCCTAGGTCTAGCTGTGACTCATAAGATTTTGGAAGGGCATGGAGCACAAGTCTTTGTCGAAAGCGAAGTCGGCGTAGGTACTGAGTTTATTTTGACTTTTCCCAAAGCAAACTGAGAGAATGAATAGAACACAGGACGTGGGAGCGTATACATGAAGTCGAGAATTCTTGTTGTCGATGACGAAGAATCCATTCGCGAGTTTTTAGAGATCATGCTTAAAAAAGAAGGCTATGAAGTGACTTTGGCTGAGGATGGCCAAAAAGCGAAAGACCTTCTAACGAAAAAAACTTTCGATATGATCATTTCGGATCTACAGATGCCGCATGTGACGGGTATCGAGCTTCTGAAACACGTCAAAGAGTCTTACCCTGATACGGTCTTCATGTTGATCACGGCTTTCGGTACAACCGAAACTGCGGTTGAAGCCATGAAGATGGGTGCCTACGATTATTTGACGAAGCCGTTTAAGATTGATGAAGTTCGTTTGAACATTCAAAATGCTTTACGTTCTCGCAACTTGGAAGTTGAAAATAGATCTCTTAAAAAAGAACTCGTTAAAGAATATTCTTTCCAAAACATGGTCGGAAACTCTCCGGCGATGCACGCGATTTACGATATGGTTAAGCGTGTCTCTCAAACTCCAACAAACGTTTTGATCACGGGGGAGTCGGGAACAGGTAAAGAGGTCGTTGCGAAAGCGATTCACTACAACGGTCCTTTGAAAGACCGCCCGTTTGTGACTGTCAACTGTGGTGCTATTCCTGAAAACTTGATGGAATCTGAAATGTTCGGTCATAAGAAGGGCTCTTTCACAGGCGCTGTTTCAGATAAAGCGGGTCTTTTCGAAGTGGCTGATTCCGGAACTCTGTTCCTGGATGAGGTCGGTGAGTTGCCTTTGACGATTCAGGTAAAGCTTCTTCGTGCGATTCAAGAGCGTGTAATCCGCCGTGTGGGTGCGACGGAAGACATGAAAGTCGAAGTGCGTATCATCGCGGCGACAAACAGAAATCTTGAAGAGATGGTTCAAAAAGGAACTTTCCGTCAAGATTTGTTCTATCGCTTGAATGTTATTAATATCAAAACTCCGGGTCTTCGCGAACGTCGTGAAGACGTTCCTTTGCTCGCAAATCACTTCCTTAAAAAGTACAACGAGCGTTTGGGTAAAAACATCGGCGCAATCAGCGCAGAAGCAATGGAGATTTTAAAGAAGTATGACTATCCAGGTAACGTGCGTGAGCTTGAAAACTTGATCGAGCGCACAGTGGCTTTAGAAGGTGGCGCAACCATCCTTCCTGAGTCTTTGCCACCGATGGTGAATACGGCATCGGGCCGCAAGATGGCCTCGTCCAATGAAATCGAAATCGGCGATGACGGTGTTGATCTTGATAAGGTGATGGGACAGATTGAAAAAGAACTTTTGGTGAAAGCGATTCACGCCGCCGGCGGAGTGAAAAAGAGAGCTGCCAAGCTTCTTCATATTTCATTCCGATCTATGCGATATCGCATAGAAAAATACAACCTCGGTGTTGTCGGTGATGATGAACTAGATGATGAATAAAATCTCAACAGATTTTTAAAAAAAAGGGGAGTAAGAAGACTCCCCTTTTTTTATGGGAGCCGCGGAGTTTCGATTGAAAAAAGTTTTGATGCCTTTACCAAAAAAAGATTTTGATCCAACTGAAGCCGCGGTTCCCTGGAGAACTCTCTCCCGCGCGGGCGTGCAGATTTACTTTGCGACTTCGGATGGAGGCAAGGCGACTTGTGATGATCGCATGATCAGCGGTGACGGTTTGGGAGTCCTGGCTCCACTTCTTGTCGCCGACAAAAATGCCCAGGCGGCCTACGAGGATATGATTCAGTGCTCGGAATTTCGATCTCCGTTAAAGTGGGAAAATGCACGCGAAGTCGATTTTGATGGCCTTATTTTGGCTGGCGGGCATGCGCCGGGTATGAAAGAGTATTTGGAATCTCCGGTTTTGCAAAGCCAAACGGCGGCTTTTTTCGAAAGAGGAAAACCGGTGGGTGCAATTTGTCATGGTGTCGTTTTGGTGGCGCGAAGCAAATATGGCAACGGTCAGAGCGTGCTTTATGGTAGAAAGACAACCTCACTCTTACAATCGCAAGAATTGTTAGCTTGGAATCTGACGCGCTGGTGGTTAGGAGATTATTATCGAACCTATCCGCAGACAGTAGAGGCCGAAGTGCGCCAATCTTTGCAAGCTCCCCAGGATTTTTTAAGAGGCCCTTTGCCTCTATCCCGCGATAGTGACAGCAGTCTGAGTGCAGGCTTTGCCGTGTGTGATGAGAACTATGTTTCAGCGCGATGGCCCGGGGACGCCCATCTCTTCGCACGTAAGTTTTTAGAAAGACTTCTGACCTAAGGCTGGGTATGGGGTTTTCACTTGAGACTCTGTCCTGCCAATGTTCTTCTTAGAACTGTTTGGAGGCCTGCATGTCTAATGAAAATCAAAAAGTTGTCGCTTTACTGAATGAAATTATCGAGATGGAAATTTCCGGCGTAGTTCGCTATCTGCACTATGCATTGATGATCAAAGGGCCTAACCGTATTCCAATCGTTAAATGGTTCCATGACCAAGCGAATGAAGGTTATCAGCATGCTTCCATGGTCGGCGAAAAGATCACAGCTTTAGGCGGTCACCCTTCTTTGAAGGTGTCACCGGTTCCAGAAACTAAAACTCACAAGGTTTTGGATATTTTGAAAGAAAGCTTAGACTTCGAACAAAGCGCTTTGGCAAAGTATAAAGAAGTGCTTAAACACT
CP178622.1_gap32	1368502	1371999	3497	CGAATGAGGAATAACACAATCAAAACTGGAACCGGAATGCCGATCGCCCAAAGAAGAATCCAACCAATTTTACCAGACTGATTCTTTAGATCCATAATTGCCCCTCTTGTTAAGACAGTAAGTGGCAAGAGTCCTCAAAAGCATGAAGACTTTGCCCGTTCTTTTATAAGGAGCAAAATCAAAGCCACGAAGTATGGCTTTGCAGCAAACTGATGAATTACAAATTTCTTTGCAGGGGAGACTGTAGAACGGGCCAGGTGCTTTTTAAAACGGCAGGACGCCCTTTAAATACCAAGATACCAAAAGTCCCGTAGTGCGTGAGGCGCGACGCCCATTCGACAGGATTATTGTCCTTGCTCCAGCGCACCCACACTACTGTTTGCTGCGGATTGGATTTCAATCTTGTCACGAACACAGTGCTGGTGTCCGCAAGTTGGAATGTCTGTGAGTCGATGCGAACTGTCGTGTCAGTCAGTTCAAAGTTTTGATCTTCCAGTTGCGATTTCATGAACTGCGCAAAGAGATCCTTTTCGCCAACAAAAACCAGGGCGCCTTGTGTAGGTAGATTCAAGGTGTCTGCCATGGAGTGAAAGCTGTCTTTTCCTTCTGTGGAGGCCGCCCAAGACTGCGCGAACTTTTCTGCCGTCGTTTGAGAGGGATCAAAAAAGAAATGGACCTCAGGGCTTCCAAATGCCGAAGACAACGTCGCGGGGCGTTCTTCAACGAAGAGCTTTCTAAAAACATGATAATCAGGATCCACCGCGACCTTGACGGGACGTGAGTGGCTGACAAGTGAAAAGACCTGAGATTTATCAAAAAGACGAGCCATCTGACGAACCACCTGGCCATTTTCTAAGGTCCATACCACCGGGATGTGCAGCTCATAAGGGGGAGCGTTTTGTGTCTGAGCCAACACGTAAGTGGTGCTGTAAGAACCATCCAGCCAACGCATGACTTTCACATCAGGAAGTTCGATCTGCGGAGCTCCTTCGCGGTCTAACCACTGCGTGAAAAAGCTGTTTAAGTTCTGATTCGTGATTTTTTCAAAACTCTTTTGGATCTCGAAAAAAGAAACGCGTTGATACAGATTTTCTGTGTAAAAATCTTGCAACGCTTTTTTGAAAAGGTCTTTGCCGAAGCGGAACTCGAGCATATGGAAAATCATCATGGTCTTGCCATAACCCACGGCTTGCGAGCTGGAGTTGTGACGTCCCCGGAACTGGCGCACTGGGAAATCGTTTTTTGGATTGGCCGCGACGAAATCAGAGTAGGTGATGAGAGTATTTAGGCGATACCCACGGTCATTTCCCGCAAGTTCTTGTTGCCAGTGATCGGCCATGTAGGTTGTTAAGCCTTCACTCCAGTTGCCTTTGTCATAGTCCACATAAACGCTGTTTCCCCACCAGTTGTGCAAAACTTCATGCGGCAGGGAAGAGTTTAAGATGAACGGCAGGCGAATCACGGTAGGACCTAAAAGCGTAAAGCTCGGCATGCCATAGCCGGTTTCCCAAAAATTTTCGACAACGGTGAAGGAAGAATACGGATAAGGAGCGATGCTCGAAGCATAGTGCTCAATAAAGCCCGGAACTAAAGAAATAAAACTTTGCGCTAAGGAGGGATCGTCTTTGCGCAAAAGGACCTGCACCTTTTTTCCGTCTTTCATTTCTTTTTCGTAGAATGAGAAGGGACCGGCGACCAGATAGATTTCTTCTTGGGGATAGATTTCAACAAATCGTGTCGTGCGAGAGGTGGAGTCCACCTCGGTGCTGGTGATTTGACCTTGGATTAAGGATCTCCAAGCCAACGGGGTTTTGACGGTGATATCGAAACTTTTTTGCGTGTCGAGGAAAGACGGATACCAATAAGTGCTCCCGAAGAGAGTCGCTCCTTCCGGGGCAATCAAGCCGTTGGAGTTGTCATTCACGACAGCATCAAAGATCACACCTTGATAATACAAGGACACTTTGTTGTCCTGACTTCCTAGTTGCAATCCGTATTCAGCGTAGGGTTCTTCCTTGGTCGCCGCATGCAATAAAATAAGGCTGTCGTCCGCACTGGTGACAGACACTTGAAGGTCTTTGTGAAGAACGAAGCTGAGCTTGCGAGGAGAATCCTTCGCAAAAGTCAGAGTGTCTTGGGCTTTAAGCATCTTAAGACCAGGAAGAAGTTCCACCTGCATCTTGTGATGCACAGGGGCTGCGTGAGACTGCATAGTCACAAGTAGAATTAAAAGAAGAGCCACCACAATCATGAGTTTGTGAAGAGCTTGCGCCTTAGACATTTTTTACCTCTGAAACGGCGGTCTTTTTACGCCTGTCTCAGAGGGAGGTCAAAGGGATTTCAGAAGGGCTTATTCCCCTTTGTCAGGAGCAAACAAGTTTTGAATTTTATTCCATTTTTCGCAAGGAGGAGCCTCGATTGTGACTCTTTCGCCACTCCACGGGTGGATGAACTCCAGGCGCAATGCTTTAAGACAAAGGCCCTCAATTCCCACATCATTGCGGAAAAAGCGGTTGTGGTGCGAATCGCCATGAACGGCGTCCCCTAAAAGAGGGTGTGAAATGCGATTAAAGTGACGGCGGATCTGGTGGTAGCGACCGGTATGGGGAGTGACTTCCACCCATGAATAGCGTGCTGTTGGAAATTTTTTCCCGACAGCGACGGGGAATTCTTTTGTACCTAAGCGTTTAAACGAAGTTTTAGCGTCGACCAGTTCGCCCGTGGAATCGAGCTCTAAGGGGAGCTCAATCACGCCTTCTTCTTTGACGTAACCACGGACCACAGCTTGATATGTTTTCTGAGTGGCGCGGTCGGTGAAGAGTTTGCAGATCTCGCGCGCCGATTCGGATGAAAGAGCGAAAAGAAGCACACCGCTCGTTGCGGCATCCAGACGATGAACAGGATATACATGTTGTTTCATCATGCGACGGGCATGATAAAGACAGATTTTATCTCTTGAAACACGATGCTGGACATTTTCATGTGGATGAACGTGAAATCCCGACGGTTTATTGACGGCGATAAAGTAGTCATCCTTGTACAGCAGTTCCACTAAAAAATCCTAAGGTTGTCCCGCCCAAATATAATAAACACTTCCGCCTTTAAGCTGACTGACGACGGTATTGATGTACTTTTGTTCCACCGCCGGACAGCCTTCACTGCGACCCAAGGGCTTATATTGAGGGTCGACATACCAGGCGCCATGCACAACAATCGCGCGACTCATCGCTTGATCGTTGGTTTTTTCTAACCCCACTAGGCGCATAGAGCGGCCATGTTTACCACTGTATTCTGCCCCGGTCACGTACATACCGATGGATGACATCTTAGAGCCTTCGATATTGGAAAATTTCTTTGCCATTCCAGTGTGGCTGGGGTCAGAGCCGCGGCCATGCGAAACCAAGTAGCGAGTGACCAGCCCCGTTTTCATATCTATCAAGTACATACGTTTTTGATGTGACGCCTGGGTGAAGTCGATCACGGTCACATAGTTTTTA
CP178622.1_gap33	1432229	1434882	2653	CCGAGCAAACACGTTACATTGAGGACGTGAAGAATCTGATTTCAAAAGAGTTGAACAAAGCCGGCTTCAAGTACGAAGTCTTCGGTCGTTCAAAACACTTGTGGTCTATCTATCGTAAGATGCAATCACGTAACATCGATTACGATCAAGTCTATGACATTCTGGCGTTTCGAGTGATCGTTGATAGTGTGGCTGAGTGTTACGCCGCTTTGGGCTTAGTGCACTCTTTGTGGAAGCCAATTCCAGGTCGTTTTAAAGACTTCATCGCGATGCCGAAGGCCAATAACTATCGATCCCTGCATACGACAGTTGTTGGCCCGGGCGGGGAGCGCATCGAGATCCAAATCCGCACTTCAGAAATGCACTTGGTCGCTGAGCGCGGTATCGCCGCCCACTGGAAATATAAAGAGCGCGGTAAAATGATTGATGATTCGGACGTGCAGCAAGCAGATTGGCTGCGCGACCTCGTAACATGGCACCAAAATGTGCGCAGTTCGGATGAGTTCCTCGATACGGTTAAGACCGATTTATTTGAAACAGAAATATACGTCTTTACTCCGAACGGAGATGTGCGTGAGTTCCCTGAAGGGGCGACTCCGGTTGACTTTGCCTATGCCGTGCATACCGAGCTTGGAAATCAGTGTGTCGGTGCGCGCGTGAATGGCAAGATGGTTCCTTTGAAGTATCAGCTTCAAAATGGGGACTCTGTTGAAATCATTACTTCTAAAACCCAGATGCCTTCCAAGGACTGGTTGAAGTTTGTCGTCACGAACAAAGCCAAATCCAAAATCCGCGCCTTCGTAAAAGAAGAACAGCGTCGTCGCGCGATCATGTTGGGTAAAGAACTTTTAGAAAAAGAATTCCGCAAGTTCGGTATGGCTGCGGCGAAATACCTCAAAGGACCGGCCTACGAACAATATCTGAAAGACCACGGCATTGCGGACCTCGATGAGCTTTACGTCACTGTCGGCTACGGGAAGCTTGAAACACGTATTTTAGTTGAAAGACTGTCCCCAGAAAACATCGCAAAAGAAGCGGCGAAAACTGAAAATACGACTTTCATGGAAAGAGTCATGCGCGCGGCGACTCAGAAAACGCGTAAGACGAATTCTTTGATCAGTGTGGATGGCATGGATGATGTTCTGGTTCACTATGCAAAATGTTGCCATCCTATCCCTGGAGATCCAATTGTTGGCTTTATCAGTCGTGGTCGCGGTATCACCATTCACCGTAGTGACTGTCGTAAGGCTTTTGAGTTCGATCAACTTCGCAAGGTCGATGTCACTTGGAATGTGAAACAAGCCGGTGACGGCCAAGAGCGCATTGTCCGCTTGAAAATTATTTCTCAAGATACGCCAGGTCTTTTAAAGCTGATGTCAGAAGCTTTTGCGCAACAGGGAATCAATATCCAGTCCGCGCAAATCCGTACGACTAAGGATAAAAAAGCCGTCTGTCATTTCGAAGTCAGTGTGAAAGACGCAAGTCAGGTCAACCAAGCTATCTACGAGATCCAAAAGATCAAAGGTATTATTGGTGTCACTCGTGTCATCCAATAAAATTTCAAACCGCCTGCACCTAATATTTGCTTTCGTAACCTTGGCTTTAGGACTCATGGTCATGACGGGATGGTGGATAAAGAATCTAACCATCGTGCAAATTCATGCCGACTTCGCGCCGATGGTTTTTAATACGGCTTTTTGTTTTGCCGTAATTTCTTTAGGTTTTCTTTTTTCAGACCGTAAAGATCAAACTATTTCCAAGACCTGTTCCGCAATAGTATTTCTTGTATCAGGCTTGACGCTGGTGCAGTACCTAACAGGTGTCAGCTTAGGAATAGATAAACTTTTTGTAGATCCTTTCGTGAGCGTGGGCTCTGTGATCTCCGGGCGCATGGCGATCAGCACGGCGATTTGTTTCATCATGATTTCGCTATCGCGTTTTTTTAAAAAACGTGATTTTTCGTCTCACATCATTATCGTGACGGTTTCTTCATTGGTTATCGGATTTTCCCTGATCGGAATTTTTGGTTACGCATTTGGCTTTAATTCTGAATACGGCTGGGGAAGTTTTTCTCGTATGGCGGTTCATACTTCCATCGGGCAAGTGCTTCTTGCGCTTGCAATGCTTTGGCAGCTTCGCGTGGAAAACCGCCAGTTACCCGAGGCCCGCCGTCGTACTTCGGTGCCATCCTATGTTCTTATCGTGGGAATTTTGACATCCATTTTGATTTGGCATCTTTTAATTCTGCGCGATCAAGACAGAAATCGCCGTGTGGTGCAGATTCAAGCAGAAAGCATTAAAGCTAATATCACAAATATTTTTGCACCTCTAGAAAAAGCCTTGCAGCACATGGCTCGTCGATTTGCTGCGGGTGCATACGAGAATGAAAAAATGTGGTACGCGGATGCAGAAAGTTACTTCACCGAGTTTGAAGGATTGCGTCGTCTTCTGTGGGCAGATGAAAAACACATCGTCCAGTGGGTGTATCCGTTAGATCGGGGAGGAAGCAAGCTTATTAAAGCCAATGTTTCGACAGATGCGGCGGTGAAAGAACGCATGGCGATTGCTGAAAGTGAACACCGCGCTTATCTTTCTAAGTTCATGGAACTTAGAACGGGCGGCAAAGGCTTTGTGATGTTTGCCCCGATCTACA
CP178622.1_gap34	1439247	1443329	4082	CACTCATCTTCAAGCGTTCAAAAGTCAAATACACAGAGTTATTTGTCAGACGAGATACTTGCGAAGAAATAAGATCACTTAAGTCATCAAACGGAAACAACATGAAAAGGAAAACAAACGCTGAAACCACCATGACGGCGATCTTGCCTTTGCTTTCGCGAATCAGTTTCAGAAGCTGACGGAACTGTTCCATGATTACTCCTCGTCCGCCGGTGGGGCGTTACGATTGCGAGAACCTGAACGAGTCGGCGCTTCAGCGGGAGGTTCTGGTGGAGCAGGGACCGCTAAAGCAATCAATTTGTAAGTCACATCGAAATAGCGAGGATCTTCGGCGTTCGCCGTCATCGCCATGTCTTTTAGTTTCACGCTTGCATTGATGCTTTGAAACTGATGTCCCAAATCCAAAGCTTGGCGGATATTCAATTTCGTCAGGCTGACCTGAAGCATGCCTTCTGTCAGGTTTTGCGGAACGATTTTAGAATCATTCGTCAAAACTTCGGTGCCTTTCATTTGCTCAGGCAACAGATTTGCGGCAGTGAGCTGGTTTTGGATATTATTACGAATCATATCCATGCTAGGGGCTTGCGGGATTTGTGGAACATCGGCAGATTCGCGACTGACTTTTAAAAGTTCACGAATCGTCATGCGTTTGCTTTCAAATTCTTCCACATAAGTTTGGGACTGATTGAAGGCGCCATAGGGAATGCTAAGAATCATAAATGCGATTAAAGCGACAACGCCAACGACTGTTAGTTTTTGCGTAACAGGCGTCATGTTTTCATAACGGTCGCGCAACTGGTTGTAAGCCGCGCTATCTTGGACTCGTTCCCAAGTTTGACGGGCATCACTGATAAATCTGTCCTTTAAATCGTCTAAATTCATCTTGTCACCTTTTGGATTCCGCGATCGACATTAAAGCTGAATGAAAAAGCTGTACGTCCGCTCATGGGTTTTAAGGTAGAGCGTTGAGTTCGTACTTGGCCATCGGAAGTGATGTTCGTCAAAGACTGCTGAAGTAAAGACGCCTCTTGCGGTGTATTTACATAACCTTGCATTTGCACTAAAGCATCTGTCACCGAAAGCTGCTGCACATCTAAAGTCACTGCGGTCTTTGCTGGAGTCGCATCATTCACCTTTTTAATCACATCCAAAGCAGAGTTCATATTAGCCACGCTGGCCAATGTTTTTAAATCTGCGGCACGTTTTTTATTGTCACGAATGTACTTGCGGATGCCATTTTCAGAGGCGTTTCTTCCACGAAGTCCGGCAACCGTCTTTGCTTGATCTTTTAAAACTTCTTGAGTGCGGTCCGCCAAACTGACAGAGAAACTTTCACGCAAGGACGTGTAGACAAAAAGAACTAGAACGGCGGCAGTTAGAACTTTTGCAGTGTGACCCCATTTTTCCCAGAACATTTTCATCTGGTGATTTTCTTTCGCGAACTCGCCGCGAAGGAAATTCACCGGAGGGTTTCTTGGCTTTTTAAAGCCTTCAATAGCTAAGCCCAAAGCCACGCCAGCCTTAGCGCCGTTGTAAGCCGAGCGTTCAAAGAGGACGTTGGGAATAAGATCTAAAGTGGAAGTACGATTCACCGGAACTTCCAAAATTTGAGTTAAAAATGGTCCGATGTTCTGGATTTGCGAAACGCCCCCAGTTAATCCGATAGAGCCGATCTGAGCATTAAACTCACTCTTCAATTCCAGGATAGAAAGCTGAAGATCGCGGGCTAGCTCACGAACACTTTTAGCAATCGTATCTGAGAACGTGACTTGATCAAAAGTCGCACCTTGTTTGTTTGTTAAGATGAAAGCTTTTGTCTGCAATTCTTTGATGGATTCTAAGAAAGGGATTTCGTATTTTTTTGAAATCGCTTCCGCAATATTTTTACCACCCCAAAGAACCGAGCGCACCGCGATCAGAGAGTTTCCTTCAAACGCACTGACCAAAGTGCGCGAGTGACCGATATTTAAAATCAATTGCACATGACGAACGGGACGGTTGTCTTCGTCATTCAAGGCGATTGTCGGAGGAAGAAGAGCTGGAGGAGCTTCATTCCATTTTTCAAAAACGTTCGCAAGTGCTGTGCCTTCTGCCGAAACAATCGCAGGATCAATGCCGGCATCTTGGCCACGTTGAATGCAATTTTGTACGTGAACTTTCGGAGCCGCACACGCCAGAACTTCAGCGCCGCCACCGACGGTGCGAACGATCTTCGCATCAAACACGGCGTTTTCAGAAGAGAAAGGAAGATCTTCTTCCAACTCAAAAGCCAAGCTTTTGGAAATTTTAATTCGATCATTGAACGGGAAGAACTTATTGCGAATCGCCACACGATCTTGACGAAGCGCTAAAACAAACTTCGTTTGATTCGGATCGTAAGTCGCCGTGAAGTTTCTTAAAAACTCGATGACCTCAAGCTCTTGGTCTGCGCCTGGAGCGATATTCAAGGCATGTTCAATGAATTGAGTGACCTGAAAGCCTTTGGACGAGCTGGTCATCTCGACAATTTTGATACTGCTAGAGCCTATGTCTATGCCTACTGACTTCACCGTGAATTCCTCCATGAATCCTTGGACTTAAGTTTATGCGAGGTTCGGCCTGCTGTATAGCTTTTTAAGTTGTCGGCGCGCCTTCCGGGCTCGGTCGGTGCCGAAGCTTCGCTTCGGTTCGCGCCATCGTGGCGCCACCGAAGGCCGCTAATTTAAAATGCTATACACCAAGCCTAATCGATAAACTAAGAGTCGCGTCCTCGGTGTTTTTTGGGCGCCTTGGCGGCGCCGTGGGAGGAGGATTTTTCAGAGGAGAAATGGACGTTGGTCTAGGTGATTAGCGTTCTTGCCAGAAGACTATTCTTGGGGGGCCTTTTTGGACTTGATTGGTGTTGGCGTTGTTATTGCCGCCCGTCGGAGTTTTTGGTTTGTTAGGGTCCTCGGGCGGGGCATTGGGATCCTGTTTTTCTTTGTCTACGAAGGATTTGATTTTCGTAGCGGCGCGGTTCAAGTCCATCACTATTGCTGTGATTTCTCTTGTGGCTCCGGCGAATTCGCCTGTGCTTCTGATTTTGAAATTCATGACGGTGTCGCAGGTCATGGGGATGTCTTCAGGATTTCCCATGATGCGGATGCCTTTTTGTTGTACGAAGCTCCAGAAGTCTTGGCTGCCGCCGTTTTGGTCGCACTTAAAGGGGCCGCCTTCTTCTTCGGTTTCGCGGCGTTTGATAATTTCGGCTACGACTTCGTCGGTCATTGCGGGGTCTAAAGATTTTAAAACTTCTTTGGTTGCTAAATTTGGATTGATGCCCTTCATTCCGTAGATGGTGATTCTGGGTTGAAGTAGATCAAAAAAAGTATCATTCATTCCCGGAACCATGTGCAGTTCAGCAATCGTGCGGAACGCGCGGTTCGGTGGGTAGTAGTCGGTTTGGGACAGTTGATTGAGTTCGGCGTAGTTGGCTCTTTTGTCGCCGCCATTTAAGGATTGAGATTTGGGGCTCATCCAGTCGGCGATGTTGTTGATCAACTCTTCGAAGCGGACGTTGCTGTATTCGCGAGCGAATTCTTCGTCTTCTTGTTTCTTTTGTTCAAAGATGTTTAAGAGCTGCTTCTTAGTCATGTCCTGCAAGGTCTTTGAAGGAGAGTTCAAATCATTCAAATCGATTTTTGAGCCTTCATCTTCAATCGTGACGATGTAGCTGGAGTCCATCGCAGATTCTTTAAAGATTTTTTTGAAATTATCTTTGTCGACGGCGCTCAACTCATCAGGGATGGGCATCGGCCAGGCGAAAGGAAATTTCCAGATTTGATCTAGCATGGGGCTATTGCCTAATTGCGCGCCGAATTTGCTTTGTGCTTGCTGATAGATTTTGATGCGCAGAAGGCTTAACTGCATTCCGGATTTTGCCGCGTAATAGGCTTTTACTCGATTCAAGCTTTGCGAGTTCACTAAATATTCCACGTTAGAGTCGTAAGAGACTTCCATCGCGAAATACATGATCAGCATAATACAAGCGACGGCCACCATCATGGCCACGCCCCTTTGATTACTGAGTGGCGCCGCCAGATTGCGGCCAAGAACCTTGATTT
CP178622.1_gap35	1628436	1632531	4095	TCACCCCGCTCAATCGAGTGGCGTTGGTGATTCATGAACTCGTTTATTCTATCCATCGGCCCGTTATGGTTTCTAGAGAAAAGGCTGCTTTCTCGGTGGATGCTGTACGTGTTCGTTCGATTGTAGCTTGGGCTTTGTCTTCAGAGCTGACAAGAAGCTCGTTAGAGGCAGTTGAGCAAATAACTTTGTTTTCTGCAAATGCATCCCAACTTCGAGACTCTTACTTGTTAAATCTGGATGAGGATGTGGCTATTTTAAATGGATACCTGGATATGGGGGTTAGGAGCGAGCTTGAAAGGCAACTTCTTTGCAATGAAATCGGACGCCAATTGCAGTCTGTTTCGGTGGTATCGGTACAAAGAGAGATGCGTGCATCCTGGAGTGAGCTTTACTTTTCTAACTATCAGACAATAGAAGGCAGTACGCAATTTACTTTGCGACTTTCCACGCGAGCGCTAGGCCTTGATGCTCGCACTCCTGAATTTTGGAAAGACGTGAATCTGAAACAACCTGGTTTGGAATTTACTAAAGGCAATTTCAATGACTGCATGCGAATTGTAAAAGACAGTCATACTCAGTCCATTCAAAATTTTCTTAAGCTATAGATCTTCTCAGGCGGGAATCGCCCCGCCAAAGTTTTAGTCACTGTTACATAATCACTTTTTAGTGTCCGACCTCTGTCTTAAAATGATCCGTTTTATTGAGGGAAAAAATAATCTTCGCGAGTTTTCGCGTGAGGTCATATAGACTTGAGGGACATCTAAATCATAACGGGCTTAAAAAAAGAGGAATCATGGCAAGACTTATTCTGGTATTGTCGGCTTTGCTTCTAGGTTACTCACAAACCCAAGCAGCCGCACTGTTCGGTCGTCCTTCCAAGATCATTGATAGCAACGACAGCAACTCTAGCAGCGCAGGAAGTAGTTACTACACACCTTATACATCAGGTTCGTCGTCCTACTCAGCCACTGGGGGAGGTTGCGGATCTGTACCTTCTCATGTGAAAACCGCTTTCGGTGAGGCAAAGCGATTCACGCAAACTTGTTCTTATGCGCAGTTGTCTCCCGGCAAGATGATTGCCGTGAACGACTATTCAGGCGATGGTCGCCCGACAATGTACATCTTCGACCAAGATGGAAACTGCGTAAAAGGTTTTCCAATCAGTTGGGGTGTGGGTTCTGACCGCAGTGGACGCTTAGAGGCGTGCAGCACCGAAAATTCAAGAAAGACTCCTCCTGGATTTCACTTGACCGCTGTTCACAATGGGGCACGCTATAATAGTTCGAACTCATTGGGTATGGCAGGTCTTTCGGGACAAGACAGTTTAGGGCAGCGTGGAGTTATCATCCACGGAACAAGCCCTGCTGGAACATCCAACACGTGGGGATGTACGGGTGTAAACTACGAAGACTTGTCGACGGTAATGAAAACACTGGGAGTGGGTTCGCTGGTTTACAACTACTTCGGAGGAGCAAGAGCTTCTAATTGTAGTGATAATTCCGGAATGGAACGTCCAGCACAATGTCAGCCTGAAGCAGCGGCAGTAGCGGCAGCGAGATCCAACGGTGTTTCGTCGTCGAAGTACTCTGGGAAAAGCAAGTATTCCACCAGCTCAAGCGGTTCGAAGACCACGAACTCGACAAGAAAAGGAGCAAAATAATGAAGTCCATCTTAGCAATTGCAATCACAATGATGATGTCACCCTGGGCGCTTGCGGTAGAGACAGCTCCTGCTAAAGAGACACCAGCAGCTCCGGCGAAAGCGGAAGCAACGCCAGAGAAAAAGAAAGAGGCTAAAGAGCCTCGCAAGCCTTCCCAGGCAGAGCTTGAGGCTTTAAAAATTATGAAAGGTGCCGAGATTGAGATCTCTCACTACGACGATGATACGAACACTTTTGAAGTGACGATTATTAAAGAGCCCGGTGTTGGACCGAATGTGACAACGCCCGAGGAGCTTTATCGTGCGACGGAAATGAATGTGGACTTTGCGACATTCAGCTCTAAAAAAAGAGATTACATCGGTTCAGAATTTCAATTGAAAGAAGATCTAATTCTGATTGGACCAGAGCAGATCATGAAACGCTCTAGAAAGTAATCCAAAAGGGAAGTTCTAAGTTATAGAATTTCCCAGCCTTCTACCGGTTCCCACGTTGAATCACACGTGGGATTTAGAACCACCTCAGGGCATGCGATCAAAGCGCGAAAGACGATGCCTTCTTCATCTTCAAATAAGAGAGTTCCTTTGGTGTATCCGGCAGGCCCCGTATAAAGCCCCTTTAACGCGGCCGTGCGTCCTTTACGATCTTTTGTAACGACGGCACCTGGACACGCATCCGAACTGTCTTGGATAATCTTAAAGTCCCAGTGCTCGACTTGTGAATTCTGATTTAAAGACGTTGTGCGGATGCTTCCTTCGCTGATTTGCAAAGGTTGCAGGATTTTATACAGAAGAAAGTTCTCACGTGTTTCAGCAGGACCATAAACAAGACAAGTCATTGCTAAAGCGGATATTAACGACATCGAATACCTCTTTGACTAGAGACTTCACCCCAACGTACGGACGGACTCCAAACTGCATCGGAGTTCAAGTGGCCATCAATCATTTTTAAAAAAAGCTCCCACGCATCTGTTGCAGAGACTCCTGTCATCACGCGACAGCGAAGTAAAATTTCTTTGGCATCACGAATAGAGCCGTCGGTGCCTTCTTCGTTGGGATAATTATTCTTCTTCCAATAAGTTAAATCATTCAGTTGCCCATAAGCTTCACGAATGCGTGCGTCGCGTTTATGGGTGGAATATTCGTCCATCAAACCTGCAGAGAGGCAACGACCGCCATTGCTTTGAATGTTGTTCCAGGCCATGTTCACGGATAAAATGCGGCCTTGCCATAGATTGCAGATGCTTTCGACCACGACCTCAATGCGTTCATCAACAGTGGGAACACGAAAGCGCAGGATTTTGCGAATGTTTTCGTGCCATTGATAGATTTGTTTTCGAGACGGCGAAATATTTTCTCGCCACCCTGCCATAGAGAACTGCTCCTCACTGCTGTACGGCGCAGGAGCGTCTGTTTTCCACATACGGAATCCCCCCAGGCGACTTAGAGGCCAAGAATAGGGATTGCGAGTGGTGATAAGTTCACGCACTTTCATGGGTGTCGTTGAATACAGTGTCCGGATGTATCCATTGTCTTCAAGATGAGTCACGAGTTCAGCGTGTCCTCCACGAGTCCCCACGATACTTTCTTCTTCAGGCGTCAAAACGGGATTTAGAAAAACCACACCAGGTTGAAAAATCAGGCGATCAATTTTGATCGGGTAGGTATCGTACCCTAGGGTCTTCGTACTCGTAAGATGGGAGACATGATTGATAAACTCGCGAAGGCGTTGCCTTTCCGGCAAATGATCCCAGTTCGACAGAGTGTTTGTTAAGCCCGTCTTCATGTTTTCTATATTAGTGAATCTAACAGGAAGAGCATTTTCATACGCAAAGATAATACGAACAGCATAAACAGCATCCGCACAATCTGTGGCAATACCATACCAATTGCTTGCGGGATTTGAAAAGATGTCGAATTTATAGTTTTCTTGCACCCAAGAAGAATAGCGCTTTTCCCATTCTTCATTCCAAGAGTTCATTGCGGTCCACACTTTGGCGTGGGACATGGAAGAACTCATTAGGATAAAAAGTGCTACAAGAGTTTTCAAACAAACGCCTTAGTAAATATCTACGCCCAGATTCACTTCAGTGTATTTTAAATCATTGGGGCGCAGGTCGGTGCTGCCCTCTTTAAACTGAAAAACGATTTCACAGAAGCGAGGGACATTCTTAGGACGGTTGGCATTAACAATGACCGTGGTCTCTTTATAAGAGCCATCGAAAGCTGCCCAGTTTGAAGTATAGGAATAGTCGACTTCCATAGTGCCCGAAGGCCGGGTTTGGTTATTAGGGCGAGATGCTGATTGAGAGCCCATACCGCGAAGGTCACAGCGAGTGATCGTGCGATAGTAAAGCTGCGCAAATTTCGCGTAGTCCGGCAAAGAATGGTAAACCGAGCTGACGATGTCATAAGTTTTTTCAGACTGGTCGTTACGAC
CP178622.1_gap36	1634301	1635952	1651	CACCATTTGCGGAAGAATTGTCGAGTTCGTGCCATCTCCATAAGGACGAATGACAGGGGCTTGTGTGAAGTCGATCACAAAGCTGTGCTTCATATCACGAGAAGTGCGGCAGGCGAAAACCTCGCCTGCCATTAACAGAAGAACTCCAAAAAGAAAGATAGATTTTGTATTTAAAATTTTCATATTCAGTCTTCCTTTGAGCAGAGAGCCGGTAAGGCTCTCTGACGGAGTCTCTAATAATTACTGCTCTACAGATTCTTCAATCTTAGTGTATGTGCAAAGTTCAGCACCGTGGCGTTGCCATTTACGCAAGTTTTTAGACAAAACTTGAGAACCTGCTGCACCGTCAGTTTCAGAGAAGATGTAACGGATACGGCAGAAGCGTGGAGCTTTTGTGCTGTTGTCGATAGTCGAGTTGATCAAGTTAGCAACAGAGTTGATTTGAACTTGATTTGACTTCGTGTAGAAGTCACCAGACGCTTGCATTGGTGAATTCCAGTTAGAGAAAGAAGCTTCGTTGTCAAGCGTGTTGTAGTAACCCGCGTTGTTACGAGACTTTTGGATTTGACCCATACCTTGAAGGTCACACACTGTGATAGCTTGAACTTTCAAACCAGCCAAAGTCGTGTATTTGATACCTGTTGGGTTCATAGTCAAACCGTCTTGAGTGTTGTCACCACCATTTACCGCATTAGCGATAAAATCAGTAGCTGTCGCTTGAGCTTGCAAAGACCAGTTCGCAGTAACGCCATCTTCGAAGTACTCAATTTGAGGGCCACGGTAGCAGATGTCTACGAAGTACTCAGCACCGTAAAGCTCTGAACCAAGGTTGAAGCTCAACTCTTTAATTCTGTTTTTGAAAGCGTCAGCGTGAGGAACAAGCGTGTTGTAAGCGCCTTGACCTGCTTGAGCTGTTGTCGAAGTCCAAGTTTGGTTCCACTCAACTTTTGATTGGTTCCAAGTGCTGTATGAACCTTTCATGTAGTCCATAAGGTACTCACCACCGTTGTCGTTAGTACAAACGCAACGAGTGTTACAAACTGTACCGTTACACTCTTGTGGAGTACACGCCGTTTTAGTGTCTTCGAAGTAGCACACTTTGTGAGCAGAAGCTTCGTGGCGAAGACCCGCGTTACACGCGTAAATGTCTGGGCCAGAGCTGAAAGTTTTGAATTTAAAACGCAAAGAGATTGCGTTCGCGTTTTGAGCAGCGGTGAAAAGCATTGCAGCTGCTGCAAGTTTCATAAAGTTAGTCATTTTTTCTCCTTTTGAGCTAACGTACCGTTTAAGGTTTGTTTAAATTTAAATTACCGTTACCAATTTCAGTCTGCGGAGCATACTCCAGGACATACATGTCCTGGTTATACTGTCCCGTGCCTTCACAAATGATATATTTGATCTGCACGGGCTCGTTGTTTGAGTTCTTGCCTAAAACGACCAGTGGTTGTGCACTGCGATTCGGGCAAAGACTTTGGAACAATGTTTGAACCTCATCCTTGTTTAAATCCATATAGAAGTTATAAATGCTGCGAGCGGCGATAAAGACGTGGTCTTTGCGAAAGACTTTCTCGATATCTTTGACTTCAATAACTTGATTTGTGTTTCTATAAAGTCTTTCTAATTCTGTAAAAACGGTGCGCAAAACATTGTT
CP178622.1_gap37	1637304	1641365	4061	CGCCGTGGGCGTGAATTTGGTGCCTTGTTCCTCTGTGCCTGCTGCATTGATCTGCAACATGTCTTTAGCCCAAGGAGCGAATCCCAGTTTGTTAACTGTGTACCCAGTTTTATTCCAGAAGTTCGTTTTTTCAAGCTCGTTACACACAGGTAGAACGCGCGCCGAAACTTCTTTGAAGTAGTTCACATGCTCACTCAAGGAACGTTTCTCAGAGTAAGGCATTTGCGTCATGTTTTTAAGCTGAGCAACGCGTTCAATGTCTGACTTTAAGAAGTCCAGTGTTTCATCGCCCGCAAGACGAATTTCTGTACACATGTAGTACAACTCATTCATCATTTGCTCAGTGGAGCCATGATTTTTAATATCAGCAGAAACACTTGTTGTTAAGCCTTGAATGCCTAGCTGATCTTGAAGCAGGTTCAGGTTCGTCATCGCCGACTGGTATTTATTTTTCATAATACCACGCGACTGAATCAGGTTTTTACGGAAGTTCGACAACCACTCTTCAGCTTTATCGAAAGATTGAGTCCCTAGGAAATCGTTATTAACGCCTCGAACGCCTTTTTCCAGCATCTCAGCGTCAGTTCCTGCAGGCACTGTATCGAAGAATTCGCTATTATTTCCGCCAGTGGCTTTCGCTAGCTCACGCAAACTGTTGATAGAAAGGTATTGGTTATCGCAAGACGGTGGGGTCATACTGCGGCAGCCGTTCGGTGTATAAAGAACAGCTTCTTCAAGAGCAATGGATCTAAAGAGCTTACCGAATGTCGGGCTCATCACTTCAAGTTCGTTCGTATTTCTCCAAGCCCAGGACATGTAAATCTTTAAACTGTTCCAGAAATCAAAACCTTGAATTTCTAAAGATTGTGGGTTTGTCGCCCAATCCAATTGAAGAGTGACGAAACGGTTGCTCAACGTATCGTCAGCATCAAAACAGCCTGTGATATAATCAGCTTCGTTCATGTAAGCTAGAGCGATGTCTTGAAGATTGCTTGCGGTGACTTCAGCGTTATGCAGATGTCCTTGAAGAGCAGAGAATTTTTTAACGTAATAACAGCCTAGACGGTCTTTAGAAGCATGAAGCGGGAAGTTGGCTGTCGTGAAGCGGTCAATAGAGGTAATCGCGGCACGGTTTCCAGCATTGTACCAAAGTTGGCTTAAGTAGTCTTGCAAGTCGGCGCAAGCATTTCCTTTGGATTGTTCACAGTTACGGGATACTTGAAGGTACTTTGGAAGGTTCGCAGATTTTAAGTTTGCGGGTAAAACAGGGAGGTGGCCGCGCACCATCTTGTTCATAATATTTAACGTCATATACGCGACTGAAAGACGGAACTCTTTCATCGCTTTAGCCGAATAAGCTGCTGTATCAAGCCCCGAAAGCTTTGCGACAGAATTTGCGACTTTAGCGGCGTTATATCCGTCAATCATCACGAAGATAGAAGAGGTCGGCTTTTCTGAGTCAATCGCACACTGGGCGCGGTTGGTGAACGGCAAGGGACTCAGAAGTGTCGTCTGATGAGCGGGAATTTGCTGAGCCACGCTGAAGGCCGGCGCAGAAATTCCCATCAAGACTAAAATTGCAAAAACATGCTTCATGAATCCTCAGATACGTTCAGAAAATGGTAGGAGGTACGGATAAAACCGGCCAACTAACGCTTAGTTAGTTGGTTTGCAGTTATCAACTTTGTTCAACATGGTCGTGTAGAATAAGATGACGGTTTGATCTGCGGGAGAAAAGTTACGTTTTGTTGAACCATCCGTATTTACCATGTTGTACATATATGTATTAACGAAACGGTAAACAGAAGGCGTCACACGTAAAGTCGAATTACAAACGTAATTTTTGTAAGTCACAGTGATGCCCGCATAGTAATCGCTGTTGTTGGCGTTGTTGCTGCCTTCGCCGATGTAGAAGTTGTTGCCCGTGCCATTTGGATTGTTGCCGTAACCTACTTGAAAGCTCACAGTCCAACCAGAACCCGCACTGTCGGTACCTACGATAGAGCAAAGGTTTCCTCGGCAAGCGACTGCCATCTCATTTTCAATCTTTCTTTGGATTTCTGCTTCAGAGTAGTGTGGATTTGGACGAGGATCATACTCAGGGCTGCCACCATCGAATTCGTCAGCGTGAGCGCCACTTGCTGAAAGAATAAGCGCAACTAAGGATAACTTCAAAACGTTCTTGATCATTAAAAACTCCGTGTTTAGCAGACGACAGCGGCCCTAGATTTTCCGGTGACGTACCAATTTTGTTTTTGAGATGGCGGAGTTTGTAAACGAATTCTCGATTTTTTAAAAGGTGGAATTTAAATTATGTTCGCAAAATCACAATTGTGAAAGCACTGTGGAGAAATCACATCCTCCATAAGTATGAATGCTTTATGGGCACTCTGGACATTTCACTTCTTATCAGATTTTTTCGACAGACACTAAGCTGCCGTTATCGTGCACTATTACTCGGTGTATGGGGGTGCATCTTCATAAAATCAGAAAATGCGAAAATGACTTTGATGTTTTTTAGATACGCAGTGATCTAATTACACTTTTTCGCTGATGGGTTCCCACGTTTCACTGCGATATCACTGAAACATGTTTACCTATGGGGAACGATACTTAACAGTCGGAGAAATTAGATTTGTGTTTAGCAAAACACTTTTTTTAAATGTGTTGTGGAAGTGGTTCTTCGATCTGTGATGGAGTCGAATCTGCGCATCACATGATCAATACTCAAAATATATCTCGGTTCTCAAGACTGCGTTGTGATGAAAGGAGGAAGGAGGAAAGCGCAGTTTAGATTGGAAGATTCGAATTTGAATAACGTCTTAGCTTTGCTGTTTTTCGTCGAAGAGCGCAAGATCTCTGCTGTCTCGTTTGAATGTTCCCGTAAATACCTCGTTTATATTGTAATTGCCCTTGTCAGCTCTTCGAATACAAGCTCAATCCAGAAAAACTGTTTTCGAGAGGAAATTAAAGCTACCATCATTGGGGAAATTCATTATTCTTTGTATATGAACAAAATCAGGTTTTTAGGGCAAAAGGGACAAGGAACCCTTCTTATCGTATCCGTCCTCTGTGTCGTCGGAGTGATCGTCCTTATGACGTCTTTGGATGTGTTTACTAAGGACTATAATTACAAGTCTCTTGATTTTGACCAAGTGCTACTTGATGAGGCGACAAGCTCCTCATTTGCGGTGATGGAATCCGCGTTAGCCCGCAGATTGTGGGAGCCACCGCCTGACAGTCAATGCTTGAAGGCAGAGTCCTTCAGTGTCGAAGGTGAACTCCCGAACGGTGTTTCTTGGAGAGTCGACACCGTATTTAATTTTACGACGAAAAACTTTGAAATGACGGCGACTGGAACTTACCGGAAGCTGAAATCGAAGTTTCGTAAACACGTTAAAGTTTTAGATGTCTCAGATTATCTGCTTTTTTCAGGAAGTTCTAGCAGTGTGGTTTTACAGAGGGCGTACAGTCCCAAGACTCCCTCCGCTTTAATCGCTAAAGACCGTCGTATTTACACCAAAGGACCTTTAGTCGGCTATTCCATGATCCACCGGCCGAACCCCAATACTGGATGGGCAGGCTCCGCACCGATTTGGCCAGGTGAGTGGGGCACAGTGGTCCAAGGTGATCGCATGCAGTTCACGGGAGGAATTTACTATGCTCCCTGGAGTCTTCCACGCCCGAACGCCAGTTGGGCCGGTGTGGGGAACTTACCCACGCTGTTAGCGCCTTATTCCAATGCTTGGGGCACACCTGCTGTTTCTGTTGGCTCTTCCGGTGCGGGGTCCATGGTCTTTACAAAAAGTTCGACCGTCGCCGAATCTTTGCGTGATCAAGTCGTCAACGAAACTTCCGGACCTAACACGAAATCAAGTTTGCGCGAATTAGTGTACCCGGTGGCGTTGTTCGGCGGAAATCCTCCATTACAAGCATGGAGTGCAACGGATTCGGGCAGCTATTTTAATGACGTCGATCGCTATTCTATTTTTTACTACGAATATGCTGATGCCAACAAGTTCGGGATCCGTATGAATGCAACTTGTATGTCGCGCCCGGAT
CP178622.1_gap38	1643518	1645725	2207	CCCTGGCGATTAAAAATGTCGAAAATGATGTGCGCAATATCGTTCGTCTAGAGCCGACAGAAGATCTCTTGTCGGCAAATGACGGTCTCTATTTTGGGTTAAGTTCATTGACTCCTCAAGAGTCCCCTGAAGTCTGCTTAGCAGACGCAACTCATTCGGTTTTTCGTTACACGACCTTAGATCGTGTGCTGAGATCAGAACGCACGATGCGTTCGTGGTCCGAAAGTGGCGACGCCGATAAAACGGCGGAGGCTAACGAGCTGCGCGTATCGGCCGATGCCACGACCTCTTCGCTGTTTCAGTCTGGCAAAGCGCCGACGGAAATTTCACTCGTCGATGCTGACCGGCGCTTTATTCGCCGCTATGAGGTCGGTGCGGTGACGATGAACTTGAATTCGGCGAGGGACCCCTATGACGGCTTACCGAAAACCGACGCAAACGGAAATCCAATTCGCTTTAATTATGCCAGTGTCCTATTGAAGATGCCGAAGAATGCGCAAGGAGCGTCTGTTCAGAAAAGGCCTTCGGTCTTCGTCACTAGCAGCGAAGTGTATGCGTCCTCGACAGTGATTGTCTGTCTTCGTAAAACAGACCTTAATCTCATTAAAATAGAGCCTCTAACAAACAAAGTGACTGTCTTGCTGCAAAATCGTCCTTCCGAGTTTAACGTCAGCTCATTTGTGGCCAAATATCTGGGCACAAAAAAAGGCGTGCGTGTCGACCCGGTCAATTTCATGAATGATACCGTCAGTGATCCAAATGGTTACTGCGTGAATTCGGTTTTTCTGGAGCTAAAGGCTATGCTGCCATTAAAGAATCAGTCGGGCGCTGGAATAAGTACTAACGTCACTAAAAACAATGTGACCCGGGCCAGAACTATTTTTGCACCTAATCTAAATGCGAAGCGTGCGGTGGCTTGTTTGCAATAAAATCTTCTTCATGGTCGTTTCTTTTTAAATAAAGAAGGTGGGGCTTTGATCCCTCTTTCACGCGGCAGCGACTTATCAAATGTGAACTGATAGGGATGCCTAATGCGAGTATCAAAGAAGAAACAATTAATATTAATGCCGTTTCCAGATGCATAAAGTGCAGCGCACCACCCAGACAAAAGCAAACAGATCCCAGTGTTGATGCCTTAGTAATGGCTGCGATTCTGGTTAATGTATCCGGAAACTTCATCGCACCTACAGCTGCCAAAAGAATTGAAATAGTTCCCAGAAATAGCAGAACGTCGACGAGGAATTTCATCAAGACCCCCTGGTCTTTTCAATATAAAAAGCAAATAACGAAGTGCCTACGAATGAAAGAACGGCAAGGACAATGACTAAGCTCATCACGTTGTGATCGTTAACGACAATGGCGATTAAAACCGTCGCCGCAATTAATACTGCGGTCAGTAAATCAAAAACGACGGCTCGATCTGCTTGGGTGGGACCTAGCAAGAGCCTTCGAGTTCCAAGGGCCAAAGCTATGATTAGCAGTGATGATAAGATCCACATCATACGTTGTCCTTTGAATGAAAAAGCTTAAACAAGCGCTGCTCAAAGCGCATTTTTAAAGTATTTATGGCTTTTTCGCTATCCGGCGCATGAAAGAAGTGGATGTACAGCACCGTTTGGTCTTTTGATAAATCCACCACCAAAGAACCAGGCGTCAGAGAGATTATCAAAGAAAAAAGCCACAACGCTTTCTTGTTCTTTAGAAGAGTCGGCATCCGCACAATCACGGGATGGAGGTCTTCATTAGGATAAAAAAGGGCGGAAGCCACTTCATAAACGGCAATAAAAAAATCGTGAATAAAAAGAACGAATATTTCGATAATCAATCGTAACTTCGTCGTCATGGCGTTTTCTCTCCGGGACGTAAATCTAAAGATATCTTTTGTACGACTTCAAAAACTTGATCCGCATAAAGTCCCATCGTCACCGTCCATAGATTAAGTAAAATTATGGGGACGACAAACCATCTCCAGCGCGTTGGCTTTGGATTATTATGATAGTGGGGAGAGGGTTTTAAGAATGCTCCTAACCAAATTTTTAGCATCGACATCATCGTGAGTAGACTGACGGCCAAGCTAAAAAGAACTCCGAGCACTTCTCTTGACTCTAACAAGGCTCTTAAAGCAAAAACCTTAGCCCAAAAACCTGAAAGTGGTGGAACACCCGCCAATGAGAGCGCCGGAATCGCAAAAAGAAGCGCTAGCAAAG
CP178622.1_gap39	1780461	1782740	2279	GAAGTGCAAACAGGGGCTCAAATTAAAAAACCGCCAGAAGGGCGGTTTTTAATTTGGAGCGGGAGACGGGGCTCAAACCCGCGACCTATGCCTTGGCAAGGCATCGCTCTATCAACTGAGCTACTCCCGCGCTCGAAGAGAAACCAAAATTACAGTTGCCAGCCTTAGTTGTCAACGGGTAAAAATCAAAAAAATGAAGGCTCTACTGTACAGTCGCATCAAAAAATGGATGATTTTTGCTCTTATAGGCTGCGTTGCCTATTTTGTGGGCTATATTTGGGGCCACAAGAACCATAAGCCGCAAGAAAACTCGCAACCGCCGGTTCTTACAGTTCCTAAGTAGCTAACTATTCTTCCTCAGTCATTTGCTCGCGGAAATCTTCAGGCACGCTGTCGATCCATTTTTCGCGGGGACCATAGTAGTATTCCATGTGTGTTAATGTGCCGATGCGAAGGCCTTGGGCGTTGACGTGAGCACCGACAATGTAGGCTTCAGGGTCTTCAGTGTAGGTGATGAACTCCGCAAAAATATATCCTACCGTGGCTTTTGTAGCAGGATCAAAGACGCGATAGATGACCTTTGCTTGAGTATCGTAATAGCCATCGCCCAATTCCCAAGGGATTTCAATTTCAGAGGCCGTCTTTTGGACTTTCTTTGGAAGTTTTTGAAAGCTTGTGCGCTCGATGTTTTTAGAAAAAACGGTAGCTTTTGCTAAAACTTCATCGGGATGCTGAAGGGGAAGTTCCAGTTGTCGAGCCGAAGCACTTTGAACTCCTAAAACCACTAACATCAAAAATGCGAAAGATTGCATAAATCCGATCATATAAATCTCCTTAGTGAGTGTTCTAATTACTCTAACTGAGTGCGGAGAATACAATGCATCTTACGAAACAAATTATTAATTCTGGAATATTGAAAAAATAGTGCGTCGCTAAACTTAGAGACGCACCGGCAGTCTGAGAGACTCTATGAAATTCTTACTAAAGGTAAGGGTTAAAAGGCGCGCTGATAGAGCGAAAGTCTTTGAAGGGACCAATCTAAGAGCTCTTTCATTTTTTGCAGATCTGTCTGAGGTGTGGCTGGAAAACGAATCTCGACTTTATCATAACTCTCACCTGCGACTTCAGATGTTTTACACACTCGCAGTGGCAAGACGTCATCAGCTCGACAGTTCATTGCGATGGTGTTGATGTTTTCTCTTAACTTAGAAAGATATTTCAAAGAGTTCTTAAGAAGTCGTTGGACGGTTTCCTTTTTAAATTCCAGATTTTTGTTTCGCTCTTCTCGAAGGCGCTTTAAAGATCCTTTATCTAAAACATTTTCTTCTAACTGGGGTGCTTGTTCAGTCAGAAATTCGATATCTAAAAGATGCGTTTCAATTTCGTCTAGACGTAAGAAGTCGGAATAAACTTCGGGCGTCCTCTGGTCCGCCATCAGAGTAATGGCGGCGAGGGTGAGGCTTCCCTTAAGCAGGTTTTCATTCTCAAGCGCATGCAGAAGCTCGTGCTCTAAGGTGTCTCCTAAGCCTCCGGTGCGATAAGAAAGCGCGGTGACGCTAAAATAAAGAGAATTTGAACTGGGTTCGAAGAAGCCTTGAATCGGACCACTCCAGAGAGGCAAGAAGGGATCAAAAACCAACTTCAAGCTTTGCAGACGGCTGTCTGAAAGAACCTTTTCAAAAAACTGCCCATTGCTTTCGCGCGCTTCAGAAACACCTGAAATTATGAAAAGAGGGTAAGAGAGTTTTTCGATAAAACTTCCTTGAAACTCCATATCTTCTCTTTTGACCATCTGAAGTTCGTATTGAACGCCAATAGAGTTGAAATAGTCTTCTGCTGAGTTTTGGATTTTTGTTATCCAGGGTTGCAGATCTTTGCCAGGTATCAGGCGTCCGTTGTAGCGTAATACAAAATCATAAAAATCGGCCGTCAGATTGCTAAAAGGCTTCACCATTTCCAAAGGGTTATTTACAGAAGAAATCGGAGCCGGCTTTTCACCCCTTTTGGGTTTTGCATAGGTCGTGGACAAGCCTGTAAAGAAGACAAAGCAGAAGCCCAAGATGAAATATAAGAGCGTTGAAACGTGTTTTTTCATGACCTAACGGAAATGCAATCTGGAGACCTAAAAAAAAACGCCACGAACGATGATGTTGTGGCGTTTTGAACGATGAAATTATGGTGAATCCTAAGATGACTACTGTTCTGTAAGTTCAAAGAAGCTTGTTGAAAGCGCAAAAAGGGAATTTTTGCTCTCAGAGCTTTGCAGTTCTTGCATGATT
CP178622.1_gap40	1918168	1920280	2112	GAAAGTCTCAGCTCTTCGTCACAACTTTGATGTGGCTCTTTCGTATCCTTGGGTGAAAGGTTTCACACTAGGAACACGCCCGGACTGTCTTTCAAAAGCAGTTTTAGATATGTGGCAAGAGTATCACGAAAAATCATTCGTCGCGGTTGAATTGGGAGTACAAAGCTTCTTCAACGATCAACTGGAGTTCATGCGACGTGGACATACGGCCGAGGCCTCCTTAGAAGCCGTTCACAAAATTGCTGAGAACACAAAAGTCGATTTGGGAATTCATCTGATCTTTGGAAACCCCGGAGAGACAGATGATCACATCGTGAAGACCGCTGAGATCGTGAACACACTCCCTATCACCAATGTGAAGCTTCACAACTTGCACGTTCTTAAAAATACGCCTTTAGAGGGCATGTACCACGCCGGAGAATTCACTCCGATTGATCGCGACACCTACGCTCACCGGGTTGAACTTTTCTTGCAGCATCTTTCACCGCGCTTTGCGATGCACCGACTGGCAGCGTACTCTTCGCGCTGGGATGAGCTGGTGGCGCCGGAATGGACGAAGGATAAAATGGGTACGCACCAGTACATCATCGACTATTTACGTGCGAGAAAGTCCTATCAATCGCAGAAATTTGTCGCTGAAACACCGGGTGATTTGGATTTGCAGTCCGTTTTGCAAAGAAAATCCGTCCCGCTTGCTACAACTCATGCTTAGTTTCTGTACAATTTAAGATCGTGTAAGATCAGTACAGGGAAATTCCCGTTTAAAACAGCTAAAAACAGACTTTTCTAACTAGACCTTGGTTTTACGAGGTAAAATCATCAGCTCTTGCTAATTTTGTTTGCAGCAGTTTTATGTCAAGCGCTTCACCGAATCTGCTTAATTGATGAGCAACGTCACAAAAAAGTTGGCGTTATCCCAAAAAATATTCTTGCAACTTCGAAGAAAGAATTACACAGTTGGAATTGAGATCGATACCCGCCTTATTGATGAGGCACCTGAAAGAGACCCCTAGATATAGGGGTAAGCCGAAAGAAGAACTGACGGCCACTTAAGGGAGGTTGACGAGTAACAACTCTGGACCAACAGCTAAGGATTAGCGATTCAGTCTCTAAAATAACACACATTTATATATTGAGCCACGAGCTGATTTTTTACGAGGGGTGAAAAATCGGTCGGGGATTTTTTTGCCCAAATGGAACGGGGCAGAGGGGATACACCATGTTGGAAACAACAGCTCACATCATGAGAGTTAAAAAAAGAGATGGCACGCTGGAGCCGGTCGACGTTACGAAGATCGTTGAACGCGTGACTCGCAACTGCCAGGGCCTGACTCAAGTGGACCCACTACGTGTTGCTACGAAAGCAATCAGTGGTCTTTATGATGGCGCAACAACAAACGAACTCGACAATCTTTGTATTCAGACAGCTTCCCTATTGATCGGTGAAGAGCCTGAGTATTCTCGTTTGGCTGCTCGTCTTCTTTCTATCTATATTGACGAAGAAGTTCGCTCTCAAAAAATTCAATCTTTCGCAGACTCTGTGGCTTTCGGTCATTCTGTAGGTCTGTTGTCTGAGGCGACTTATAAATTCGTGGAAGCTAATAAAGCCGCTCTTTGCGCAGCGATCGAACCGTACCGCACAGACCGTTTTGAATACTTCGGTCTAAGAACTGTTTACGATCGTTATCTATTGAAAAATCCAACTTCTCGCCAAGTGTTCGAGACTCCTCAATACTTCTTTATGCGCGTGGCTTGTGGTTTGGCTCAATCAGTTGAAGAGGCTATCGAGTTCTATCGTTTGATCTCTTCTCACGACTACATGGCTTCAACGCCAACATTGTTCAACTCTGGAACAACTCGTCCTCAGATGTCTTCTTGCTATCTTTTGGACTCTCCAGCGGACGATCTTAAAGCTATCTACGACAAATATTCAGACATCGCTTTGTTGTCTAAATTTGCCGGCGGTATCGGTGTGGCTTACTCTCGCGTTCGTTCCCGCGGTTCTTTGATCAAAGGAACAAACGGCCATTCTAATGGTATCATTCCTTGGTTGAAAACAATGGATTCTTCCGTTGCCGCTGTAAACCAAGGTGGTAAGCGTAAAGGCGCGGC
CP178622.1_gap41	1938566	1942856	4290	AATTAGTGATTTGCTGCAATAGAGCCCTGGAAAAAGTAAAAAAACGCCAGATGGAGTAATATGGGAAAATCGTGGAAAAATGCGGGTAAGGTAGAGAAAGCCCAACAAAAGGGACAAATCTTCACAAAATTAGCTAGAGAGATCGCCGTTGCAGCAAAAGCAGGCGGCCCTGACCCCGCAGCCAACTCCCGTCTTCGTCTTGCCATTGATGCCGCAAAAAAAGTGTCTTGCCCCAACGATACGATCGAACGCGCGATCAAAAAAGGTGCAGGCCTTTTAGACGATGGAAAAGTGATTGAAGAAATCACTTACGAAGGCTACGGCCCTCATGGTGTTGGCGTTATCGTTGAATGCCAAACCGACAACAAACACAGAACAGCTCCGGACATGCGCCATGCCTTTAAATCTCATGAAGGCAACATGGGAGAGGTCGGCTCTGTGGCTTGGATGTTTGATCGCGTAGGACTTATTGAAGGTGAAAAAGCCGGCACTTTCGATCCGGATGAAGAAGCGATTGAGGCTGGCGCTAACGAAGTCAGCAAAAACGATGATGGCTCTTATGAGTTTTACACAAATGCAGATGACTTAGACTCTGTTCGTGATGCTTTGGTAAAACGCGGATGGAAAGTGACGACAGCGGAGCTTTCATTCAAGGCAAAAAACATCACAGAACTTAATGATGCTCAAAGAAAAGACGTTGAAGAGTTTTTAAACTATCTTGACGACATGGATGATACTCACCGCGTTCACGCGACGGTGTAAAGAAAAAGCCGCCTGAGAAGGGCGGCTTTTTTTATTTCTGAATGAAGCGCACAACTTGGTCGATCACTTTTGTGTCTTTAAGAATGCGGCGATGACCTAAACCTTCTGTAGCAAGAATCTGGGTTTGCGGCCACACGCTTTGAATTTCTTCAGCGGCAGCATAACGAACTTCTTTATCGTCGCGATCATGCACAATCAAAGCTTTCACGCGCAATTTACTACCGATCACACCCACATTCATTTCTTTTGGAGAAAGCCCGACTTTCTCAGACAGCATATTTATAAAATGTTTTTCTGCGGCGGGGCTGATTTGCACAAACTTAAAATAGTTGTTCACGACTTTTTCATAATGAGCAGGTCCCGCTACTAAAACCAACTTTTCAGCACGAAGACCTTTGGCAACCGCCAGCACCGAGCATCCGGCCCCGAAGGAGTGAGCTATCACCGCTTCGAAATCTCCCAGCTCCTTTTGCACGTTCACCAGAAACTGAGAATAGTCGCCGACATTGGTCTGCGTTCCTTCGGAAGCTCCGTGCGCCGGTCCATCCAAAGCAACAACGCGGTATCCAGCCTCTGTGAGCGCCGGAGCAAATGCCGCCATTTGGGTTCCACGACCGCTCCATCCATGCACCAAAACAACAAGAGGGCCCTTTTCAGGCCCCCACTCATATGCGGCGATGCCGCCACCTAAAACATATTTTTTTGAAGAAGCATACAACTCCTGCTCCGATGCAGGACGAGGCACTCGCTGAGGCGTTAGAAAAAGATCCAACGCTCCTTGAGCGGCAAGTTTAGGAAAAATCCAAGAACCCGCACGAAGCCCCGCTACTTGTAACTTCTTCGCAAGAGAGATTTCCATAATTATCTTTCGACAATGGCCACAACACCCATACCGCCCGCTGTACAAATAGAAATCAGACCACGGCCTGAACCTTTTTGTGCGAGCATTTTTGCAAGACTGGCAAGAATTCTTCCGCCCGTTGCGGCAAATGGATGTCCTAAAGCCAGACTTCCACCGTTCACATTCAATTTAGAACGATCAATAGAACCTAATGCTTGAGACTCGCCTAAATGCTTACGGCAATACTCGTCGGATTCCCAGGCCTTCAATGTACAAAGAACCTGACCCGCGAAAGCTTCGTGAATTTCGTAGAAATCAAAATCTTGGAGCTTCAAATTATTACGACGAAGCATTTGCGCTACCGCACGCGTCGGCGCCATCAAAAGACCTTCGCCATTCACGTAATCAACAGCCGCGTAATCCGCATCCACCAAGTAAGCCTGAATCGGAAGGCCGTGAGCTTTCGCCCATTCCTCACTGCTCAATAGAACAGCGGAAGCGCCGTCGGTCAGCGGCGTGCTGTTTCCTGCAGTCAAAGTTCCAGTCCCAGTAAAATCAAAAGCGGGTTTTAACTTTGCGAGTTTTTCCATGCTGGTATCACCGCGCACGAAGACGTCTTTCTTAAGACCTTTGAATTCAAAAACCAGGTCATTGAAGAAACCCGCATCATACGCCTTCGCTGCATTCAAGTGACTTTGTAAAGCAAGTCGATCTTGCTCTTCACGAGTGATCTTCCACTCTTTCACCATTAGCTCTGTATGTTGTCCCATGGAAAGACCCGTGCGAGGCTCTTGCACATTCGGGAAGCGCGGTTTTAAATATTCCAATTTAATTTCAGAAAGTTTCGCTATACGCGCCATCGCATTAGGAGCTTTTTGCGCTTCAGTCAAAATCCAAGAAAGCTCGTGAGGCAGAACTCCGGCAATATCACTATTGGTGTCCGTACCACCTGCGATACCGCTTTCAATCTGACCTGCTGCGATTTTTAAAGCAATGTGTGCGGCGGTCTCTAAACCCGTTCCACAAGCACGCTGAACGTCGTATCCGGGCGTGTGAGGATCTAACCCCGCGCTCAGTAACGACTCACGGGATAGATTCCAGTCCGAGGCATTTTTCATCACGGCACCCAATGCGACATCACCCAAAAGTTCACCGCGAATATTAGTTTTATTCACCAGATCCTGAAGAGTGGCCGTCATCAACTGACGGTTCGAAGTACGCGAATAATTAGTGAAGGACTTCACAAACGGAGTTCGTGAGCCTGCAAGAATGGCTACTGGGCGCATGGTTTTGTTTTTCATAGATGTTTCCTCGTGTTTCTTTTAAAACTTGAATCTACCTACCAATAGGTAGATAATACCCCTATCAGCCTTTATAAAGCAAGGACGGAAAGCATGGATACAAAAACCAAAGCATTGGATTTAGGACGTCACTATCTGCAAACCCTTGGATTTAATGGCTTTAGCTTTCAAACCGTGGCCGACGCCTTGGGTATAAAAAAGGCGAGCCTGCATTACTATTTCGCCTCAAAAGAAGAAATGGGTCTAGCGATTCTTGAGGACTATCAAAATGCCTATATTTCCTGGGCGCAAAAGATTCACGATTTGCCAGCGGACAAAAAAATGGAGCAAATGCTTCAGATGTTTTACAAGATTGGTAAAGATAAGAATAAGATCTGTCCTTTAGGTGCTTTGTGTTCCGACTTCAATACCATGTCAGAGAAAATTCAAGAGCGTTTACGGGAGTTTCATTTTCAGCAGCGCAAATGGTTGATTGTCACAATCAAAGATGGAATGAATGATAAAATCTTTCGTGCCGATTTAAACCCTGCGGTTGTGGCTGATTCTTTTTTGGCGGCAATTCAAGGGGGATTGCAAATTGCCCGCATGCGCGGCGAAGCCGAAACATTTAAAAGTATGGTTAAATTTTTAGTAAAAGGTCTTTCTTAATCCTTAACGTTCAAACACTTTCCAATCTTTGAGATTGTATTTGTTGAGGATTTTTTCTAAAGAACCATCCTGGCGCGCGCGTAAAAACCACGCATCTAAATATTCCGGTAAATAACCGAAGTGCGACTCTCGTGGAGAGCCCACTAAAACCACAGAGTTAAATCCTGTCAACGACGTCGGTAAAAGCTGAAGCTCTGCACGCGGCTTTTTAATCAAAGAATAACGAAGAACATTGTAATCACCTAAAGCAATTTCCACGCGACGATCGCCAATCATTTTAATCATGCGGTCAGCGACATCCGCCCCCGTCACTTTTAAACTACGAGCGGCAGGGATTTCTAAATGCGGCCCACCCGCATAGGTTCCCATGTCGGCAAAAACCACTTTTTTCGTGCGCAGTAAATCCTCATCAATTAAAGAGTCTTTCGATCCTGGAGTTAAGATGGCTCCGGTATAATTCACTCCTAACTTAGGCCCCACAACCCGAATCTGATCTTCATAGCGGACAAGATCTGCAGGAACGATGATATAATTCACACGACGGGTTTGCAGAGCAGACAGAAGACGCGTGTTGGGGATGCTTTCTAGATCCAAATAAAAACCGCGCTCCGTAGCGACCTCTTTAAGAATATTATAAATATATCCACCCCATACGCCGGGACCTTGCTCACAAAGATACGGACACAGGGGAGCTACGCCGATTTTAATCGTAAGAAGATTGCGCTGATTCGGAGACAC
CP178622.1_gap42	1944991	1946339	1348	GCTTCCAATTTTCCTAAAAGTTCGACCGTCGAAACGGCGGTATCGACTTCAAAACTGACAGCCTCGGAACTGACTAAGCGCTCACGAATGCTTTTAACTTGAGTGATCTGAGAACGGATTTTTTCTTTCAAACCTTCCATCATCGGAAGAGTGTTACGACCTTGAATTGTCAGACGAATCACCGACGTCCCTAAAGAACCGCGCTGCCAAGCTTCTAAAACTTGTGAAGCTAGGTCGTTGGCGGTCGTCTCAATCACCTCGCGCATTTTTTTATCAACAGCACTTTCAAAACTTCCGTTTTCTGTGTCATAGCGACGAGAAACATCGGCAATAGCGCGACCATTGCTGACCTGAACAGCCGTCATACGAATTTCAATACGGTAGTTCTTTCCAGATTCCCCTTTGTTTAGAACAACCTGGCCATCAATCAAAAGAGGTGCGTTGAAATATTGAGAAAAGAATTGGGCATCCTCACCCACAATACGTTCATTTTGAAAGTCGCCGGGAACACTGTTTCCCAAGCCTGCCTCTACTGGCTTCACTGCAAAAAAATTGTTCTTTTGAAAAGAACCACGCATAGCTTCTTCCAGCACGCGAGCTTCTTTGATCAAAAAGGCCTGCTGTGTTTTATCCGAAGGCAACCACCAACGGTAACTTTTCCCTTGCACACGATCAATCCAACTGATCACTGGAAGCACCACGGGAATTGCATCGTTTTCATTTAATAAAGCGTTGTCCTGAAGCATTTGTTTTAGATCACGCAAAGAGACCTTTAAAGAAACGGACATTTTATATTCCGCACCTTCTTGAGCTAAACTTGAAGCCTTCGCAAAAGGAATATAACGAGCCGAGTTTTTGATGATCTTAGATTGAATCAAAGACTTGTTTTTAGAAAATCTTTCTTCGCCCACCAATTCCTTGATGATGTCTTCAGAGACTTTCTGCGACGCTTGATCTTGAATATCACGACGCGCGCCTTGAGGAGTCGCCTCTTTAGATACTCCGGAGAAGGTGCGGTCGATCAATTCAGATTGTTGAGCTTTTACGGGACTGTTTAAAGTGAACATCAACGCTGCTGCCAACACAAAAGCTAAACGCATTTATTAACTCCTTAACTCAATAAAGTCAGTGCGACCGAAAACCGAGTGCACACCTTCAAAAAACTCATTATTCACGGCAACACCCGTCGCTTCACCGGCATCCATCAAAACACGACGACTGACTTCCGGGATCTCAATTTCAAAACTGACTGAAGTCGTCCCTGGATAATCCTTCATCAAAGAGTGTAAACGAGGATAGTCGTTCGGATCAATTTTATCCAAACGAAGCACCATGCGCTTGGTCTTTT
CP178622.1_gap43	1992308	1997083	4775	CAAGTGTGTACTGTGTTAACGATTAAATATCAAGCGTTAAAATGGGAACTTCATTCCACCTCGACCCATGCCCATTTTCATCATTCCACCCATCATCTTCTTAGCGTCCTCAAATTGCTTTACCAGCTTGTTCACATCTTGAACTTGAGTTCCGCTCCCCTTCGCAATACGCTGACGACGCGAAGCGTTTAGAAGCTTATGGTTGTGTCTTTCCTGATAGGTCATGGAGCGAATGATGGCCTCGATCTTTTTCATCTCAGCATCAGGTGGGGTCATATTTTTCAGCTGTTTGCTGAGTTCACCCATGCCAGGTAAAAATTTCAAGATGCTTTCAAAGCCGCCCATTTTTTTAAGCTGCTGGATCTGAGCTAGGAAGTCCTCCAAAGTAAATTCATTCTTCATGATCTTTTTCGCGGAATCACGCGCCGACTTTTCATCGATCACTTCCTGCGCTTTTTCGACCAAAGAAAGAACGTCCCCCATATCCAAGATACGCCCAGCAAGACGATCCGGATGGAAGACTTCCAGAGCAGAGACTTTTTCACCCACGCCCAGGAACTTAATTGGAATGCCTGTCACTTCACGAATAGATAAGGCCGCACCACCGCGCGCGTCCCCGTCTACTTTCGTGAGCACAAGTCCTGTCAGATTTAATTTTTTATGGAAACCTTCTGCGACATTCACAGACTGCTGACCGAGCATGGCATCGGCCACAAGAAGGATTTCTTGCGGAGTCCAAATTTCGCGAAGGCGGCCCAACTCGTTCATCAGTTCATCATCAACCTGCAAGCGCCCCGCCGTATCGACGATCACAACATCAACCATGTTGTCCTTCGCCCACTGCTTGGATTTTTCTAAGATCTCTTCAGGCTTCATTCCGACTTGAGTTGGGAAGGTTGGAATGTTGTTTTGACGACCTAAAGTCTGCAATTGATCGATGGCCGCGGGACGATAGATGTCCGCGGGCACCATGCCGGGTTTTTTACCCAATTTTTGACGAATATAAAGAGCAAGCTTTGCCGAAGACGTGGTTTTACCCGCCCCTTGCAAACCCACCATAAAGATCACGCTCGGATTTTCACGTACGTTGATATCAACAGCGCCGCCACCCAAAACGTTCACGAGCTCATCATGAACGATCTTAACGAACATTTGTCCTGGATTGACGTTTTGAAGAACCTCCGCCCCCAGGGCTTTGGCTTTTACCTTATCAATAAATATCTTAACGACTTTGAAGTTCACGTCCGCTTCTAAAAGACTGAGGCGGATCTCTTTAATGACGTCCTCAATGTTAGCTTCCGTGATCTTGCTTTGACCACGGACCTTTTTAAGGCTCGCCATAATCTTGTCAGATAAATTCTCGAACATGTGAAACTCCCGAAAGAAAGAGGTTTAACCTATCAAGAACCGAATGACAAAGAACCTTGCGACGCGCTGCACATACAAACACCTTGTAGAATTGTAAGGCGCAGAGCATTAGATGATTCATTCGGGCGGCTTTATGGTTATGAGAGACGCAAAAAGGGGCCCTACAATGAAAAAAATCATTCTTGTATCATTATTAGTAAGTACTGCAGCTCAAGCCCAACTTGTGACTTCCAATGCGGCAGCACTTGAGGGACTTAAAGACGCGCGCAAACAACTTGAAGTAAAAACTGAAAACTCAATCCTTGAAAAATTGGAAGCCGCTCGCTTGGAAGACGAAAGAAATCGTCGCCAACAATTTGAGTCTTTGAATTTCAGCGTCGTCAATGACGGAACTTCTTCTTACAACCATACGCCTCCTCAAGCTCCGGCAATGGCAGCTCCAGGATATGTTCCATCGGAAGTTCAACAGAACAACACGCAAGCTGTACAAACAGTGAACTACTAGTTCGCCATAAGGGGCCAACTTAAGGCCCCTACTTCGCTAGCTCCATGGCTTTGGCGACAGATCTGGCATCATGGCTCGGAACAATTAAAACTTCCGGGCTTCTTTTCTGAAGGGCTTGCAATTCCTGAATTCGCAGCATGACTTCATCAGGCTTATTATCGACGAACTTTTTAGAGAACCAGAATTTCGGCACGCCTTTCTCTATCGCATCGGCATTCCAGACTGTATCACCCACCAAGAAGATTCTTTTTTCGATCGACAGATTTACAAAAAGTCCCACTGAACCCGGAGTATGTCCCGGAAGACCGACCAGAACAAGCTTACCATCACCATAGATGTCACGGCTTTTGGGAAAGCCTTCATATTCTTTGGCCTCAAGTTCATAGGTTTTAAATTGGACCGTTTCTGGAAAAAGAGAAGGAAAAATCGCCGCGCTAGCATCTTTCGTTTTTGCGAAAGCCATTTCTTCAACCGTCACCTCAATGGGCAAATCTGGGAAGTCCGCAACACCACTGGAGTGATCGAAGTGCGCATGCGAAAGAATGATTCTGTCGAGTTTAATGCCTTTTTCTTTGATTTGTTCTAGAGCTGAAACATCCTGATTAAATTCCGTCGCAAGACGGGCCCACCAGACCATGTCTTGAACTTGTTCTTTCGCCTTCGTTCCCAGACCCGTATCAAACAGAAAGTTTCCTTTGGGATGTTCGATTAGAAATGCTGGATGAGTCATAGGGAAGCGCTTAAACCAAGAGCCTCCCTGAAGCGTCGTCGCCTCTAAAGGATCTATAGATCCCGTCTTTAGGACCGTGAATTTAACACTTTCGTTTTGCGACCACACTGGTAAAGACATTAAAAGAAATATATGGGGAATTGTTTTTACCAGTGACCGAATCTTCATGAAGTTTACCAACGTTGAAAAGAGCCTTTTTTTAGACTGAAGTGAGCTCCCGCATAGAAGAAGATAAATCCCAAAACGGATATCACCGCCGCTGTCCATACGTTAACGTCACTGACTCCCAGAATGCCGTAGCGAAGACCATTGATCAAATACAAAAGAGGATTCGCTTTTGAGACGGCCTGCCAGAATGGGTGCAGGTGTTCGATGGATAAAAATACTCCACCCAGATAAGTTAATGGCAAAAGGATAAAAGCCGAAAACGCAGACAACTGATCAAAGGTTTTTGCCCAGAAAGCCACACTGATACCGATCATTCCAAAAATCAAACCGGCAATAATGATAAAGAATAAAGTGACAAATGGATGAGCAATGGCCAGCCACTCTCCACGTTGATAATACATGAAGATAGATCCCACAGTGTAAGTGATCAAGGCGACAATGCTTCCGCGCACTAAGGCCCCTAAACTCATAGCCCAAATAATTTCTCGGTCGGTCACGGGTGCTACACGCAAATCCTCAAGGTCCCCAGAGAACTTTGAAGACACAATTGATGACGAAGAGTTTTGAAAAGAGTTATTGATCAAACCCATCATCATTAATCCGGGAATCAAGAAAGCGATATAGCTAACACCTTGGTGAGCGGCCATCTGTTCACCCAAGGAAACACCGAAAATCAAAAGGTATAAAAATGACGAGATGAATGGCGTCACCACTGTCTGCACAAGCACTTTCAGAAAACGTGCGATCTCGCGTTGGAAAATAGTTAAAAAACCGGTCATTGCAGGGCCTGCGCTTCTTTTTTACTTACAAGTTTAAGGAAGGCTTCCTCAAGATCACCTTCTTCAATTTTAACATCTTGAATGATGTTCACGGGAATACGGACTTCATTTAAGAAATCACCCAATGTTTTATTTTGGGGAACTACGAAAAGAAATTCTTTGCCGATCACTTCCATCAAATACGACGAGCGCACCTCATAGTGTTCAGTTAATATCAGGCGAATCTTTTTGTGCGTGTATTGGCGGATGATATCTTTGGTATTTCCCAACTCGACCAGACTGCCCAAGTTGATAATTCCCACACGATCACAAAGTTCTTCGGCCTCTTCGAGGTAATGCGTTGTCAGAAGAATGGACATGCCTTCGTTGCGCAGTTCTTGTACGAATCTCCAAAGATCTTCGCGCAGACGAATATCAACTCCCGCAGTCGGTTCATCTAAAAGCAGAAGTTTGGGATTGTGAACCAACGCTTTGGCAATCATCAAACGGCGTTTCATACCACCTGAAAGCTGCTTCACTTTTTTATGACGGTGTTCATAAAGAGCCAGCTTGCTTAAGACGAAATCGATACGGTCTTTGTTTTTACGAAGACCGTAGTATCCGGAATGAAACTCCAGAATTTCTTGAACATCAAAAAAGCCCGAGTTGATCACTTCCTGATGAACAACGCCGATTTGTTTTTTGGTGAACATCGGATCTTTGGCCACTTCAACACCGAATACTTTTACAGATCCTGAGGACGGTTGCTCCAGTGTCGTGATGGTAGAAATGATTGTGGTTTTACCTGCGCCGTTAGGCCCCAATAGGCCAAAGATCTCTCCCCCTTTGACAGAGAAAGAGATTCCTTTGACAGCTTCCGTTTTTGCGCCTTCGTATTGTTTACGCAGGTCTTGAATTTCCAAAGGTAGGTTCATGCGACTTGCCCCTAACGTGCTCGTGTGATGCTGGTGTGGAATTCCACGCTTGGGTTTTCACGCTTTAACCAGTTTAGATCCCACTCCTGATTTACAAGGACCACTGGATTTTCTTGAAGATCGCGGAACATATTGGCGCCACCTTTCAATTCAGCGACGGGCTTTCCGTCCTCTGTTCTTGGCCAGCGAGCGACTCCGTAAGGAAGACGATTCAGCTTCACTTCCAAATTGTATTCATCCTGCAAACGACGAAGCAGAACTTCGAATTGAAGTTCACCGACGGCACCGATGATAGGATCTTGAGGACCTAC
CP178622.1_gap44	2054308	2056479	2171	ACTTCCCGATCCGCAAAGGTCTTTTGTTGCGTGAAGTGGCCAGCGTCAAAGCTGTCGACGACGTGTCCCTTTATGTTCGTAAGGGTGAAACCTTAGGACTTGTGGGCGAGTCTGGTTGTGGCAAATCCACGCTGGGTCGCACGTTGATTCGTCTTTACGAACCCACGGGTGGCGCGATCAGCTTTGACGGCCAGGACTTTTTAACTCTCAAAGGTGAAGCTCTTCGTAAAAAACGCAAAAACATGCAGATGATTTTCCAGGATCCTTACGCCTCTTTGGATCCGCGCATGACTGTAGGACAAATCATTCGTCAGCCGATGGACATTCACGATGTGGGAACTCCCGCGGAACGCAATGCCCGTGTTTTGGAATTGATTGAACTTGTCGGGCTTCGCAAAGCCCACGTCAATCGCTACCCGCATGAATTTTCAGGTGGTCAACGCCAACGTATTAGCATCGCGCGCGCGATTGCTTTAAATCCTGAACTGATTATCTGTGATGAGCCTGTGAGCGCTTTGGACGTTTCTATTCAGGCACAGATTCTAAATCTACTCAAGGATCTTCAAGAGAAACTAAACCTGACTTATATCTTTATCTCTCATGATCTTTCAGTGATCGAGCATACCTGCGATCGGATTGCGGTGATGTACTTGGGTAAAATCGTGGAAATAGCGACCCGCGATGAGCTTTTCAGCAACCCAAAACATCCTTATACACAAGCTTTGATCAGCGCGATTCCTCGCGTAGGTCACGGTAAAAAAATCATGAAGAAGTCCTTAGGCGGAGAAGTTCCAAGTCCTATCAACCCTCCATCGGGCTGCACCTTCCATCCGCGCTGCCCACATAAGATGGACGTCTGTGCTTCACAGATTCCGGTTCTAGAGGGCGAAGGCACGCATCAAAAAGCGTGCTGGTTGACGACGGCAAAATAGTTATTTTTTTGGGGAATTATTATTAATCAACAAGGAGTACGTATGTTGAATAAGTTTGCGAAAGGACTCATGCTGGTAGCGGGTTTTGGCTTTACAAGCCAGGCTTTGGCTGCTCCAACAAACAATGAGCTTAAAATCGGAATCTCTCAAGAATTTGAGACGATGAATCCGCTTATCATGACCATGTCAGCTTCTGCTTACATGTACCGTTTGGTAGGTCGCTCTTTAGTGAACCTCACTCCAGAAGGTAAATGGGTGGCTCAATTGGCTAAAGAAATTCCTTCTTTGGACAAAGGCACAGCGAAGATTATTGACGACGGAGGAAAAAAGAAAGTTGTCGCGACGTGGGAACTTCTTGAAGGCGCAAAATGGGGCGACGGAAAGCCTGTAATCTGCCAAGACTTCATCACGGCTCATACGATTGCTACGAGCAACAATGTCAGCGTGGGTGAAAAAGAAAATTGGACTCAAGTTGAAAAAATCGACATTGATCCTAAAAACCCTAAGAAATGTACTTTCAAGTACGACAAAGCAAAATGGGATTTCTATCAGCTGGCTCAATTCTTCCCGGTTCCAACTCACATCGAAAAAGCGGTGTTTGATAAATACGGAAAACAAAAAGAGGGCTACGAAAAGAACTCAAACTACGTACGTAATGCAACAAATCCAGGTCTTTACAACGGACCTTACGTGATTTCTGAAGTAAAATTGGGTTCGCATGTGGCATTTGCACCAAATCCACATTTCTATGGAAAACAACCTCAGATCAAAAAAATCATCGTGAAGTTGATTCCTAATACAGGAACAATGGAGGCAAATCTTCGTTCTGGTACGATCGACATGATCTCTACGTTGGGTTTGGATTTCGACCAGGCTTTGGCTTTTGAAAAGAAAGCTAAAACAGAAAACCTTCCGTACGACGTTCACTTTGTTCCTTCAGTGACTTACGAACACATCGACCTTAAATTGGACAACCCTATTTTGAAAGATGTGCGTGTACGTAAAGCTCTTCTTTACTCCATCAATCGCGATGACTTGGTAAAAGCGCTTTTCGAAGGCAAACAACAAGTGGCAATTCACAACGTATCTCCGAAAGACCCTTGGTTCACGGCCGATCCAAAAGTTGTGACAGTGTACCGCTACTCAAAGCGTGAAGCTGGTAAACTTTTGGATGAAGCTGGCTGGAAAATGGGTGCAGATGGATACCGTGCAAAAGATGGCAAACGCCTTTCTTTGGTA
CP178622.1_gap45	2060847	2062475	1628	GAAATTTCTGGGAGGAACCCCCATGGGTGAGTTTAGCCTTACACACATTCTACTTCTTGCAATTCTTGGTTTGATTTTCTTTGGACCAAGCCGTCTTCCACAGTTAGGACAAGGTTTGGGTAAAGCCATCCGTGGTTTTAAACAAGGTCTTAACGAAATCGACGTGGACCCTAAAGACATCCAGGATCACAAACAAGTGAACCACACATCACAGCAAGCGACTCAATCACAAAAACAAACAGAAACACAGAATTCTTAATTGTTTTATCGGGAAGCCTTCACGAATTTGCTGAAGGCTTTTCTCCCAATGTGTCTGAAATAATACTCAAAGCTCCTGCTTTTAGATAAGCTTCCGCTTTTTCTTTATCATTCACTGTCCAAAGCGCCACGGGTACTTTTCTATTCAGCCACTGCTTTACATTTTCAACGCTCACGTAGTGATGATCCAAGTGTAAAGCGTGAATGCGCACGTAAGGTGCAAACCAAAGATGTTTTAAATAAATTTTATTTTCGGGCTCGTCTTCTTGAGTCGCTAACAAAGCACGCGGTACATCAGGCAGGAGATGACTTAAGCGCCATAAGGATAAGGGATTGAAGCTTGAAAAGAGCACCCGTTTTTCCATCTTGTATTTCTTAATAAGATCAGCGACGGCCCTTTCCAGGGCTCCATCCCACATGGCTGATGTCTTTAGCTCGATATTAATAAACGACGGAACGAGCTTCGATTGAAAAACTTCTTCCAAACTGGGAGCATCCGCTTCGGCTCTTAATTCGGCAGCCGACATTTGCACAACGATCTTTTCGATCTCTTTAAGACGTTTTAAATCTGTGTCGTGAAAGACAACCGGCACTCCGTCTCCCGACAAGCGAATATCCAATTCGATCATCATCAAGCCGCGCTGTTTGGCTGCCTCAAAAGAGGCCAGAGTGTTTTCTTGTGCTCCGCCTTTCCAGTAACCACGATGGCCCTGATAAGGAGGCGGCTTCACTGCTCCGTCAGGCCATGGCAAAGCCTTCCAAGTGAGATGCTTATAGAAAAGAAAAAGTGCAATCAGTAAAAGAAAGACAAGAAAAATCATCACTTCCTCTTGTCTTCAACGAATACCGGCGTTTCCCGCGTTCCTTCAATCACCCAACGACGATGAACTTTACCATCCCGATTGTGCACATGTCCCTTTAAACGGCCTTCTTCGTTCCAAGATCCATCCGTTACCAAGCGGCCATTTTTACCGGTCTGTGCCTGAAAGTTCTTCCAGGTTAAATTCTTAAGACTTTTGAATTGAAACTGCCCTGTCAGATCCGACATAGTTAATGCGTTTTGATTCCACCAAGAAGGCTCAGTCACATGTTTTAAAATTCCCGCCCCTGCAGAAGCGGAACTAACTTTCAGACTGCGTACTTGAGTATTCAATTGAACTTCACCATGGGACCAATCCAAAGTAGCTTTGGTTTTATTAAACTGCATGCCCTCGACATTCATCGCATCAACACGCACCAGGCCTTTGAGGAAATCCAGCTGTCCTTTTTTCAAACGGATATCTCCGTCGATGCTGACCAGACCGATTTCTCCACCATTGGTCATCAAGCTTTGCACAGGGGCCGCAAAAGAAATTTCATCTACTCCGGCT
CP178622.1_gap46	2064033	2066416	2383	CGATCAAAGCACGCGCTAAAGGAGAAAGGATGGAAATCAAACCAGCTTTCACGTCAGATTCATCGACTCCCACGATTTGGTAAGTCACTTCCTCTTCGGATTCCGTGTCCACGATCTGAACAACCGCACCAAAAACGATGCGATCTGCTTTGATTTGAGCTGTATCGATAACTTCAGCACCGGCAAGTTTGCCCTGAATTTCAGCAATACGTCCTTCAATCATAGCCTGGCGCTCTTTTGCGGACTCATACTCTGCATTTTCAGAGATGTCGCCTTGAGCACGGGCTTCTTCGATCGCGCGGATCACAGAAGGTCTTTCTTCCAACAGAAGTTTCTTGAGTTCGGCCTCAAGCATCGCTTTTCCGCGAATTGTCATGGGAAGTTTATCAGTAGTATTAGTGGCCATTTCTTCTCCGTTGTTAGAAGGACACTTGTTTTACAGGATTCTCCTGGACTTATCAACGCAATATAACGCACCGCACTTTAGGCTTGTAGCCATACCCTTTTGCATTGCACGGCATTACAATCGTGAGATGGACGCTAAAAAGAAGAGCGAAATCATCTGTCGCTGCAACAATATAAACCGGGAAACCATTGAAGAAGCTATTCGCAATGGCGCTCATACATTGAACGACATATTCGATACGACCTCAGCCGGTGTTGGCCCCTGCGGAGGATCGTGCCGTCGCAAACTGGGTCCCCTCTTAGAATATTACCTAAAAAATGGGACATTCCCCGATAAAATAACCGAGGACCTGACCGGAAAAGGCCCCGGCCCTAAGAAAGACTAAGCCGTCTTTCTTCCTAAACGATAATCAATGATTTTTTGAACATTGGGACGACAAGTACCGCAATTAGAACTTGCTGACGTCTGACGAGTGACGACCTCGGGAGAATGTGCCCCAGCAACGATGGCTTGATCCACCGTATGAGCGGGAACACTTCGGCAGTGACAAAGTTCTTCTTCGTCATAGGGAAAATTCCATTCTCCCCGCAATTTTAAAATCATTTCTTTGAGCAAAAGACTGGAGTGATCATGACCGTCTGGCACAGGCCATTTACTAAGATCGTTTCCAAAATGGCGACGCATCTGTTGCATCATTCCCATGAATTCAGAACAACCTAAAATAGAGACTTTTTTAATAGCTCCCGGTTTCTGAAGATCTTCACCTTCACAGTCCACTTCAATTAAATCTCGGCCTTCGAGTTCCACTTTGATTTTCATAGGAACACTTATTTTAGAGGGAAGTCGGTGATCGTCCAAGGCCAGTTATTGTTATCAATCAATCCCACCTAGGTCTTGTCCTCCCCGAAAATAAAAGGGACAATAGAGGGATGAGCTCAGGCCTACTGCGAGTGGAACTCGTCCCCATTTTTGAAGATAACTACGTCTTCATCTTACTTGATGAAGACGAGCGCAAGGCTTTGATTGTGGACCCAGGCGAAGCGGCGCCTCTAGTTCAGTACTTAAAAGATCGCGACCTCACTTTAAACGGGGTGCTACTGACTCATCATCACAATGATCATATTGGCGGAGTGAAGGATCTGGTGCAGGCTTTTAAAGCCCCCGTCTATGCGCCTTTAAAGAATAAAAATCAAATTCCTTTTGCCTCTGAATATGTGCAAGAGGGCGACAAGATTCAACTTGGAAACTTTTCCTTTGCCGTGATGGAGCTTCCCGGTCATACCTTGGGACATGTCGCTTATTGGTGCGCAGATAAAAAGTGGCTTTTTTCTGGAGACGTGCTGTTTGGCTTAGGCTGTGGACGTCTTTTTGAAGGTACCTACGATCAGATGTATCACAGCTTGCAACGTATTAAAGCGCTACCGCCAGAAACACTGGTTTATTGCACTCACGAATACACGGAAACCAATCTGCAATTCTGTAAGATGCTTTCAAGTTTAGATGATTCTCCCATTACGGGCGATGACGAAGATTTAGAACTTTACGAAAATGAACTGACCAATAGAAGAGGACTTGATATCCCAAGTGTGCCGTTAAAACTTTTTATCGAAAAAAAGGTCAATCCCTTTTTGTTAGCGCGCAATGTACAGCAGTTCACTTACTTACGTGAACTGCGCAACAAAGGTTGATTCTAGATTATAAGTACCATGACAAATTCAGGCCTAGCTCTTGAGGTGAATTGACTTGCTTGTAATTCACCGTCTGGCCACCGATAGAAGACGTGCGGTCATAAATCACATATTGCGAATTCAGAATATTTCTTACGTATAAATCCACACCCATATTCCACTGGCTGAGAGCATATTGAAGGCTGCCATCCCAATAGAATTGTTCTGGAGAGTCGATCGTATTTTCGGCATTACCGTAAGATGTTCCCAAGTAACGAAGTGTACTTGTGACGGTCCATTCAGCACTGAC
CP178622.1_gap47	2067605	2072297	4692	CATTTTGAATTATTTGTCGTAACGTTTTTGATGAAGCCATCGTCTTGATCGTGACTATAAGAAATACGTCCCTTAAGGGCGCCTTCTAGCCATGCCGTATTTCCTAAAGCTGCAAGATTGAAGCGATTGTAGCTGCCATAACCTAAACGTCCCGCCACCTCGTTTTGATCCGAAGGTTTGTTATGAAATAGCAAAATGCTTCCGGCTAAGGAGTTCACGCCTTGAGTCGTCGACTGAGGTCCACGGTAAAGTTCCAACTGTTCTGTGTCCCACAATTCGAAACTTCCGGCTTTGATGGCAAGATCTGTTTGAAAAACGCCATCGATAATAACTGAAGATAAATTGTCTTTCTGAAATCCCGTTACGCCCGTATTGTTGATACCGCGAATACTGAAGCTGTCGTCATTTTTGTTCACGGTGACGTTCGGAGCCGCATTGATGACCTGCAAAGAATCTTTCTGCACGGGAGCATCAACTTCATTGCTTTTTAGGACCGAAATACTTTCCGTACTTTCTTGATAACTTTTATTTTCTTTATTTCCCTGAACCTGAATGCCTTCAATGCGGCTTTCTGCCGCCTCGGTGGTTGCGGGAGTTTCCACTGTGGGAACTGTCTCTGCGTCTTGGGCAAAAACACTGATCGGAAGAAGCAATAAAATGAGTGCAAGTCTATTCATAGTGTCACCTAGGTGTATGTCGTAAAGTTGGGTACGGCTCTGTTGATAGGGAAAACTTCTTTTTGCATTAAATCGTTGATAATTTTCGCCGAACGCCAAGCCATCAGACTTGTCTGTGGTTCAGAGATACCATGACCATGACGGCTGAAGTTCAAAGCGTAGACTTTGTTTTTTTCAGATCCCTTCCACGATACTTGGAAGTTTTCTTTCATTATGAAACGGCCATCGCCGTCAAAATCAATCAAGGTGCGCAAAGGCTCAATGATGTTGGGAATGTTGACTCGGAATCCCGTGCTCAGAATGACCGTATCGGCATTCGATGTTTCTTCGGCTTTGTTGAAACCGTTTTTGATGTTCAGGGTGTAGCGATCTCCCCACTTTTGCATGCTTGTCACGCGACGGTATGGAAGAATCTGAATATCTCGAGAATCACCCCACACATGCTTTAGCTGATAAAGATCGCGATACAAAGTATCCAGGTATTCAGGCGTATTCCCATCGCTCGCAAGTTTTTGATATTTTACGATAGGATCTTTTAATGACTGATCCAGTTGCAGGAACTCGTGCACATAAGACGGAGCAAAGTACTCATTCACAAACGGTGAATTGTCCAACGGCTCTAAGTTGGGACGGCTGGCAATCAACTTCAAGCTTTTCGGATGCCCCCATTTACCTTGAAGACAATTACGGAAAATCTCTAAGCCGGTTTGACCGCCCCCCACAACAACAACATCTTTATTAGTCGCATCTAGAATTTTGATGTAGCTGGATTTAGCGTGGAAGACGTCTGGACCTTCTAATTCTTTGGCAAAGTCTGGCAGATGCGGAACAAGGCCCGTCCCAATACAGATATTTGTCGCCGTATAGATTTCGTTATTGATTTGCAAAATGAACTTTTCACCATCGTAGCGCACAGACTGAACTTCACTGTCGAAATGAAGATGCTCCGGCATATTTTGACTGACCCACTGACAGTACATTTCAAATTCACGGCGTGTGATTGTTTTACGATTCGTATTGATGAAGGAATAGAACAATCCTTTTTGCACCAAGTAATTCATAAACGTGAACGGATTCGTAGGATCTGCCGCAGTGACAAGGTCCTTCAAATAAGAGGTTTGCATCTCAGAATCAGCGAACATGATTTCTGAGTGCCAATCAAAACGGTGCTTACGATCAAAAAACGCAAACTTAATGCCCGGAGTTTTGTGCAGCAGAGCCGCTACACTCAAGTTAAAAAGACCGATACCGAGTCCGATTAAGTCATAATGTCTGTTCATAAACTCACCTTTTTCAACGCCTGGGCTATCGGATTTACTAAATCATCACCCAGTATCGGCAGCGGACGCTCGGCAGAATCCGCATAACCGATCTTAAATCGCACCTTATTCACCAACACGCGGTGAAACTTTTCCTGCAAAAGATCTACGCTCTTAAAGTCTTTCGAGCTCACGAGCGCAGGATTTTTCTGCACATAGTCTTGCAAACATTGTCCGAGAACTGCGTAAAATTTATCCTCGTGATATTTATCGCATTCTTGCAAAGTTTCGGAGATAAATCGTAAGACCGTGACTAAATGACCAGTCAAAAGATCATGGATCAAATAGTGCTTCGGTAAACGAGTTAGATCAAATCCAGAAAGCGCCTCGGAATCCTGGCTCAATCTCAAATCACCCTGAAAATCTTTTAAGAAAAGACCTACAGGCGTGTGATTTTTCATACGCACAACGACGTTCTGACCGTGAGCCACCAACCCCACCCCGTGTTGAACTTGAAGATGGTAAAGTGGAATGAACACACTCTTAAAATAGGCCTTAAGCCATTCGCTGATGCTTAAGCCCGATTTTTGGATATAAGCGCCTATCAAGGAACGACCGCTTTCATCCACATGGAAAAGACTGCCCGCGATTAACGCTTTCTCACCGTCTTTTAAGTGTGAGGAAGAGCTTTGGCGCCACAAAACACCTAAGAACTCGTTGTAGCGATAGGGAGCTTGTCCTACCTGTTTATAAAGGGGATGCGAGACAGAGATGCCTGCTTTCTCCTCTAAGACGGTGACCGCGCTCAATTGATTATCGCGACGGCAAAGTTCACTCAAAGCGTGGCTGAGTGCGGGCCCCTGCTTCATGTACTTACCGGGAATCCCGCGAATCGCTGATGTATTTAAGATGGTTATCGGCAGTTTGACGTCTAATTTTTCAGGACGTGAAATATTTGAGAAGGTGCGAAGACTGATCTGGGGGATATACTTGTCGCCCCAGGTTCCTAAATAATACGCCTTCCCTGCGTGCAGATATTCGGCGAACTGAATTTTTATGTAACGCTGCCACTGCCAAGGATGAACCGGCACGAAATAGAAATCCTTTTCTTGGAGCGACTTTTTAGCAAGTTCCACCTTGAATGCACTTAATTCTTGAATGCATTCATTCAAAAGGGCGTCACCCTCTAAGCTTTTATCGATCCCAGCAAGACACAAAGATTTATCCACCGCAAGCCAAGCAAACTGAATGGGCTTTTGAAATTCGGGTCCAAACTGATCTTGATCGTCAGCACTCCAGCCGATGCGCCCCTTATTCAGCAAGATCTTTGGGTGACCTTTAAGAACAGTTTGCACGGCTTCTCCACTCATTTCAGTGATTTGTTCTAAACTGAAACTGCGGCTTCTTTGCAGAATGTGAAGGTCGGCATAAAGCGTGTTATGCATTTCTTCCAAGAAGTTTCCTAGGATGATGTCATCCATTCCGGTTTCTTTTTGTATATCAATGAAAAACTGTCCCGCACTTTCCGCTTCTTCACCGTTACGACGGATGCTCGCGGCTTGAACTTTCAAATCGGTCCAAACACCACGCCAAGCGTGAAAGCTGTAAGTGATCCCAGAAGTAAGTTTTAATTGATACCGACCGACGGAGGATTCATCACGCACCTCTGTTGCCACAGGGCTCAGAACCTGTTCATAGGTCAATTCTTGCAAACTTTTTGCGATCATTTGCAAATTGATTTTTTTCCAGTCGGTCACGGACATCATAGGTAGTTATTCCCAAAGAAAAGTTCGCGCTTACATTCAAGCAACGCCGCGCGCTTATGAGGGAAGTCAAATTCCTTAACTTTTCTCCATGCCTTAAATGTTTCAAGATACTTCAACACATTTGTATTATCAGAGCGAGGTTCCGCCATGATCTTACGAGTGCGAGGTTCTTCCAGGAAAAGATAGTGACAAACGGCTTTTAAAATCGCGTCTGTGTTTTTGAAACCCAAAACTTCGATGTTTCCGATCAGAAAGTGGAAGCCGCGATCAAAAGCCTCAGAGTCGTAGTAAGGCCCCAAACGGTCTTCCTTCGTCCAATACATTTCGAAATAGCCAATGGGTGTTTCATCAAATTCCAAGATCACGGGGAATTGATGCGGATCTTGAAGGCCTTTTTTCAAGTAATCACGCAATTCTTCCTTCGGCTTATCAAGCTCCCAGAATTTCAATACGCGGGGCTGATTGTGCCACTCGTGGAAAATATCCAGGTCTTTTTCAATGTCAGCCACTCTGAAGCGCACCACTTTGTCGATACCCGGAATGCTTCTTTGGTAAAGCACTTGGCCTTCTTGAATGCGTGGGCGAATGGGATGCTTCACTTCTTTAGTTTCAGTCCAGCGCTCCGGAGTCACATTCTCAAGACCGTTATGAACCCATAAAGGACGAAGCTGGAAAAAATCAGTGCGTTCGACTTCGAAAGAGTCCGCTTTCGCGCCCAAAAGATTTTTAAGTTCTGAAGGGCCTGCCGGTAACGAGATTTTTTGGCAAGCCGGGTCCAAACCGAAAAGCGCCTCTAAAGTCGCTAAGGCTCCTGTTAAAGTGATCTTGCTATCTAAAGCTAGGACCTTTGTTTGTTCCGTTTGATCGAGTTTAAAATTCCAGTTTTGCGCACCAGAGCTCACGGTGCCGCCAGCAGATTCTAAAGAGACTTGGAAGTTTTCGGCCGTAGCGCAGGCAAAGGTTTTAAATACTTGTGTCGTGCTCATAGAA
CP178622.1_gap48	2073757	2076295	2538	TGCTGACATAGAAGTTCCAATAGAAGATCCACTGTCGCATCAAAGCTCAAGCTTTTAATGGCGTTCGCAGATTTTAAATAAAAATCACCTTGGTATTCGTGCCGACCTAACAGTGACCTCTTCGTCAGTGGAATAAGGACGGATCCTTTTTGCGGAACTTCAACGGCAATAGCGACCTTAGCTCTTTCAAGACGGACGTCCTCGAAAGAATAGTTCTGGTATTCCCTGAATAGAGAGTTAAAGAAACAGGAAATCGTGTGTTTTAAAGCCAAGTTTTGGAAGTTAGACATACTTCGCCTCGCGATTTCTATTTTTATATAACAACGCAATACACGCGATCATAAGAACAGAAACAAGTGTCATGACCATTTCAATACTGATCAGATTTATCTTAAATGTGAAAGAAGCAATAGCGCCGCCCACAGCATAACCGATCGTGTTTGCCGCCGCCGCCAGCCCGGCTCTGCGGCCGAAATGATCTTGAGAGCCCCGCGCTGCCATGAGAGCCAGATAACAAGGTGGTATAAGAGAAATCCCCACAGACAAAAAGATGATTGCAATTCCAAGCTCAGTCTTATTTTCCATGTATTGTAAAACAAGACTTCCTAACAAAAGACTGAACGCCCCCAAAACCATGGCACCTTGCCAAGGATTTTTGAAAAGCATTTTTCCAATTGCTTGAGTGACAACAGCAAGAATGGCACTTCCCAATAAAACTTGAGCCATCAGAACACTTGAATCCGCACTGGTCAGTTCGAAGGTTTTCTTTAAAAGAGATGCCAAAGAAAAGTTCAAAATGCCAATATAGCTTGTGAAAAGCAGAGCTAAGATAACCACATCCTGAACACGCACAACATCCGACCACCAGCTTTTGAACAGACTTTGCTCAGAAGCCACCGTACGAGTTGGCGGAGAATGCCTTATCCCTACAAAGTTCAGAATTAAAAGAATTAAGGACCACAGTGTTGCTAATTGCAGGATGCCTAGCATATTGCTTGCTCCCCCCAACAACAAAGTTAACGGCCCCAGTGCACGCCCAACATTTAAGCTCATCGAGTTGCTAAGCATGGATTTTAAAGCGGTCTGCTCCGGATGAAGATCAATTTGCAAGGCTTGCGCAACCGGCACCGTAGCAGAGGCTGTAAGTCCATAGAGCAAGCGACTGCCCCACATTAAAACTTCGTTTTGTAAAACAGAGCCCGGATAGGCAAGAAGGTACAAAATTAAACCTGACGAAACAAATAGGCCCAACATTCCCACAGCCAGTATTTTCATGCGACCATGTCGATCACTCTGTGACGCCCAGAAAGGACTGGACCACAAAAAAAGAAACGAGCCGACGCTAAAACTTAAGATCACGGAAGAGACACTCAATCCCCCCTTTTCCGACATCAGGGGGATGAAGGTAAAGGTCATCATCTGAATCGCGCTGAAAGTCGCGCTATTGAAGTGTCCTAGCAAGCTTCTTAAATTCATACCGATCCTTTACGAAGCCAGCGCACGAACAAATGAAGAACAAAGTAAGCCGGTAAAGCTAAGAATAATGCCAAGAGCGTATTCACAATACCAGTCGTTAAGAAACTTCCCACCACCGCAGTCACTGAAGCCATAGCGATGATTGTCGGCATCAGATAAGGACGCTTAAAGAAATCGCCCCTTCCGATACTCAATGAAGATTTCGGTGAAGCAGAGCTGACTTGCGACCTCTTTCTGCGGCGATCCCACCAGATATAAAGGCCTGAGATCGGTAAGAACAAAGAAATCACGGAAAGGATCAACCAAACGATTTTTAAAAACAGACCGCCATAATTACCAAAATGCAGTGGTTCTGAAAGCATCGCTGCTTTTAAGTACCATGGCAGGGAACGCACTTCTGTCAGTTTTCCAGAAACGGCATCGACAACAACGAGCTCAACTAAACGCTCCGTCCAGACGGTATTTCCATGCATCAAAACCAAGAAGTGCCCTGGTGGAGAAAACTGCGAATTCGGAAATGCTAGATAATCAAAGCTTGTACCAGGAAGAGCTTTTTGAGCCTCGGATAAAACAAGATCTAGCGAAGCGTAAGGCGCCTCCGGGGCTTCAGGATACTGAGCCGTGAGTTTTTGCAATTCGCTGTACTGAAAAACTTTGATAAGAGTCGAAGACACTCCTAAAAGAAGACCTGTCAGTGCAATCATCAATCCCCAGGCAAAAATACTCATTCCTAAAAAGCGATGAAGATCACTATTGAAAGTGCGAGACGTGTTTTGTCGAACTTCTCCAAATTGAGTTTTTTTGGCAAAGTTTCCATAAATAAAAAATCCAGAGATCAGAACAAAGGCATAAAGAAGCCCAACAAAACCGACATAGATTTTGCCGTTAGAACCCATAAGAAGCTCGCGATGAAGGCGTAAAATAAAATCCATCAAAGAGCTGGTCTTTTGCGGGGCCGCGACTTCTTCACCTGTGTGAATATTGAAATACACGCGACGAGACTCACGAAACATTTTCGAGCCGTTAAGTCCCATGCGTATTTGCGCTACATCGGGATCAGAC
CP178622.1_gap49	2155206	2156863	1657	CGACCATCTGCGACAGCGGATGGTGTTCTTCAATCGTGCGCGACATCGTATTTGTCGTTACACTCGTATAGATTTGTGTTGTTTGAATACTTGCGTGACCCAACAACATTTGAATCGAACGAAGATCCGCACCACTTTCCAAAAGAGCCGTCGCGCATCCATGACGGAAGCGATGTGGATTCACAGGTTCTGGGAATCCCGCTCTTAAAGACCAAGCTGCCAACCATCTCCACACATCGACGCGTGAAGGACGATGACCGCGATCATTAATCAAGATCGAAGGGCTGTTTTCTTTCACTAACATCGGACGGTGTTCTTTAAGATAAGTGGTTAGATTTTCCGCAAGCTTTTCAGTCAAAGGAACCAAACGTTCTTTGCTGCCTTTACCTAGAACTTTGATCCAACGATCCGTCGGATTGAAGTCTACGATGTTTAAAGCAATCAATTCAGAAACGCGGCAACCCAAGCCATACAAGAAAAGCAAAGTCAGCTGATTGCGAGCTGTGCGAATAGGATCTTGCACTTCAGCCGCATCAAAAAGCATTTGGAATTCTTGTGGAGTTAAAACTTTAGGAAGTCCGACTTTCACTTTCGGCGGACGAAGTTCACGAAGCTCCTCACATTTCATCCCGCGTGTCTCACAGAACTTGAAATACGTGCGCAGAGAAGAAATCACGCGCGCTTGAGAACGCGTGGAGAGTTTATTTTTCTTCATAAACTCATAAAATCCGCTCACCGTTTTGTTGGTTTTTTTGTATTCCATGTAGAGTTCTAAATCACGACGATATGCCATCACCGTATTCTGAGAACGTCCCCGGACATTTTGAAGCTCATCAAAGAAGTCGATCCAAAGAGGTAATTCCATACCGATATTAGACCTAGACTTTCCTCTAAGCGCAAGCAATTATTATGTAAGGCTTTTGAAATAAAAAAGCCCCAAGGTTTTATCCTTGGGGCGCAAGTTATTCTTAATTTTTGATCTTACAAGATCGTATCAGCAAACATCGCTGAACATACGTAGCCATTCGCGCGCACGATCGTTACTTTTGCATAAAGCTTACGACCCTCATCAACGAAACCGCCTCCAGCAACTCCTGTAGATTCGATCTTCAACTCGATGTTACCCGCAGTTGTTAATAAAGCTGGAACTGATACGTTCGCACCTAGGTTACCAAGTTGACCTACAGAGTATGTCTGCAAGTAGTAAGTTCCTGCTGGCACCACACAGCCTGAGTTTGTAGTATCGTAGAACGTAGTTGGTACAGTGAGAGTTCCTTGCATCGCAATGGGACCGTTGTACCACTTATAGTTGTAACCTGAAGCATTTGGCTGAATCAAACCCGCCTGCGCATACACTTGCATATTCGACAAAGTAAATGCGTTGGTCGATGCTTGGCTGCTAAAAGTTGTGATCACTGTTGGAGCGGTAATACCGCCACAGTTTTGGCAACCATTGATACCCACGATCGGCGTTGTCCCGCCGCTATCACCTTTACCACACGCTGCCAGTGTTAGAACAATTCCCAGCGCTGCTAAAGCTTTTGTGAATACCATTGCTGGAAAACTTAAAGTCTTTTTGTTAAGTCTTTCCATAAATCTCTCCTAGTTTCCAATTCTTTCTTTTAATCCCTAGTTAAACTTCTATCTAATTTCTACT
CP178622.1_gap50	2158399	2159318	919	CCTTAATAGAGTTGCGAACGGCAATCGCGGAGGATGTATTCACTCCTTCCAAGAAATAAACATCCGCCCCCACAACAAGATAAGCCTCCTTTTTATCGGGCTTGCTGGTGTCATAGATCACACCGACGCGGTCATAAGTTGTTTGGAATTCTCGTTGATGTTTCTGTTCTAATTGAACTGGCATGAAGCTCCAAGTGCGGTCGGCAGAAGCTTTTAAGTTCAGCTCTTTCCATTCATGCTCTACACCTGCTTTGAGTTCCGTGCGAACGCCTGAAGTTGTATTCTTATCTTGGTCACCGCTTTTGGGTTTAAAATCAAAAGTGGAGGTGCTGAGTTCAACTTTTCCGGTCGTATTATTGATACGCGCGGACCCTTTAAGATCCGAACCAAAGAACAAGGTGCTTCTTTCACCGTCTTTGAAAGTATTCGTCATGCGGTCAAAACCGGGAGCCGTTAAACGAAGGGCGCCACCGTAAGTTTCAGCTGTGACCTTCACCTCATCGATCAACTTTCCATCAGAAATAATGCTTGCCCCCGTTCGAGCGGAAAGGCCTGCAGCTTCAAGACGATACGTGCCTTCGTCGGTGCGAACTTGAGTGCCCAACATAAAGCCTTTAACCGTTTTTGTTCCCATTTGCACAGCAATGGTCTGCTCGTTATTAGAAGCACGCACTGTGAAAGCACTTTGATCAGGTTTGAAAAGCGCCACACCTTTGATCGACTCTTGCACCCATTGCGAAGTCGCGGGAACATACTCATGCACTTTTCCCGGACGAGACTCAACATATTGAGTTCCTGTCAGGACGCCTAAAATTTTAGAGGAAACATCGACCGCAGACTGCAGTGTCTTCTGCTTTGTATTGTAAAGCTGAGAATAGTTTTGCACATAGTATTCACCCGTTTTGGGATCTCGGAAATG
CP178622.1_gap51	2171505	2173911	2406	TTTTGATACGATCACGGATCTCTTTTAACAAATCATCGACCTGGTGTTTGACCGGACGCACTTCAACGACAGGATCAATCAAGCCTGTCGGACGAATGATCTGCTCAACGATAATACCTTCAGATTTTTGCAACTCGTAAGTTCCCGGTGTCGCCGATACATAGACGACCTTATCCATCATCGTTTCAAACTCTTGAAAGTTTAAAGGGCGGTTGTCTAAAGCCGAAGGCAAACGGAAACCGTGTTCGACCAGAGTCATTTTACGAGCACGGTCTCCACGATACATCCCCCCGATTTGCGGCACGGTCACGTGCGACTCATCGATAAAGGTGACGAATTCTTTCGGGAAGTATTCTAAAAGTGTCGGAGGTGGTTCCCCCGGGCCACGGCCTGTCATGTGACGAGAGTAGTTTTCAATCCCCTGACAGAACCCCATCTGCTCCATCATCTCGATATCATAGTAAGTTCTTTGCTCAAGACGTTGAGCTTCTAAAAACTTCATCTCTTTATTCAGATCAACCAGACGTTCACGCAGTTCATCTTGAATCGTGCGAATCGCACGCTTTAAGTTGTCATCACTGGTGACGTGATGGCTTCCCGGATAAATACCGATTTGATCCAGCTCTTCTAAAACCTGACCTGTTAATGGATCAATCCAAGAAAGACGCTCGATAAAGTCGCCAAAGAATTCCACACGCACGGCGCGGTCTTCTTCATAAGAAGGAAAGATTTCGACATTATCACCGCGAACGCGCACAGTTCCGCGCGAAAAATCCACGTTGTTACGCTGATACTGAATACGGATCAACTCACGAATCAAATGATCGCGCTTCATCTCGGTATTCGACACGATTTGAATCATCATGCCTTCGTAGGCTTCCGGAGAACCCAAACCGTAAATACAAGAAACGGAGCTGACGATGATCACATCGCGACGATCAAACAACGAGCGCGTCGCTGAGTGGCGCATACGATCGATCTGTTCGTTGATCGCAGAGTCTTTTTCGATGTAGGTATCCGTCGACGGAATATAAGCTTCCGGCTGATAATAATCATAATAGCTGACGAAGTACTCAACCGCATTGTGAGGAAAGAGTTCTTTAAACTCTGCATACAGCTGTGCCGCCAAAGTTTTATTCGGGGCCAGCACCAATGCCGGTTGATTGAGTTTTGCAATAGTGTGCGCCATCGAAAAAGTTTTTCCCGATCCCGTCACACCCAAGAGTGTCTGATGTTTTAATCCAGCATCAAAGTTTTCCATCATCTGCTGAATCGCACGCGGCTGATCCCCAGAAGGTTTATACTCAGATACTAGTTGAAAGTTCTTTTTATAAGCAGAGGCCATCCCTTCGAGCATAGCATAATTTTGAAAGGTGCCTGCTTCTTTTTTGGGTCTACATTGCGTCAATCCAAAGTCCAGTCCTTCATTTCTGCATAGTGACATGGAAAGTCCCTTGCTTCGAGCTGAGCTCCGTTCGAGAGTTTTACTATGAAAAACTTAAAGCGAATTCTGCTCGTTCTTACCGCTCTGATCTGTGTAGCTGTCTTTGTCGTCTACTTTTTTATGAAGCAATCCGTAGCGCCTATGGACGGACAACTAAAACTGGAAGGTCTTTCTGCTCCGGTCACAATCACTAGGGACACTTTCGGCATTCCGCACATCAAAGCACAAAACAAGATCGATGCTTTAAGAGCCTTAGGTTTTGTCATGGCAAGTGAGCGTCTTTTTCAAATGGAACTTTCACGCCGCATGACTCAAGGAGAATTGAGTGAGGCTTTTGGAGACGTGGCCGTTACCAGCGACAAACTTTATCGCAGCCTCATGATTAAACCTGCTGTCGAACGCATGCTCAAACACGAAAAAGAAACAGGCACCTTTGATGAACGCCTGTGGAGCGAGATGGAAGCCTATTTCGACGGCGTTAATCAGTACGTCGCCACTCGCCCCTTGCCTTTTGAAATGAAAATCCTAGGGCTGAAACCCCGTCCATTCACCCCAATGGATGCTTACGTCATGACCGGCCACATGGCTTATAGTTTTGGCATCGCTTTAAAAGCAGATCCTTTGATGTCAGAACTGGCAAAAAAACTTTCTGAAGAACAGTTTCAGGCTTTAAGAAACAATCCTTTGAGCGCACCTCTGAAGATTGTCACCAATAGCTTAGCATTGCCGGCTCTTACCGAGGGATTATTCACTCCCCACTTTGAAGGAAGTAATGCCTGGTTGATTGCCCCCAGCAGGTCACAATCGGGAAAAAGTATTTTCGCCAACGATCCCCACATTGGTTATGCACTGCCCGCAGTTTGGGTGGAAGCGCATATTCAAACACCGGAGTTTGAACTTTACGGTCACTATCTTCCACTCGTTCCCTTTGCGATCTTAGGTCACAACCGTCATCATGCTTG
CP178622.1_gap52	2178136	2179611	1475	CTTTCTTCATCAATGGCACCAGGATTTTTAATTCCGCGCCATGAGGTTTTCCGATCACGGCCACACGAATCGGCATGAAAAGGTTTTTACCCTTTGCACCCGTTTTATTTTTCACTTCATCTTGGATTTTCAAGAACTCTTCTTCCGTCATATAGTCAGACGTATGGGCGCTCACGAGTTCTTTCCAAGCCGTCAAGACCGCTTTCGTGCTTTCCCACTTCATCGCCTCTTCCGCTTCCGGAAGAATGACGTAAGATTTGTCATTCAGTGGCTTATAAAGCTCAATCGCATCCGACAAAATTTCCATATAAGGCTTAAACACCGTGATGGATTTATCCTGCCATACCGGATCTTGCGGAAGTTCCATTTTCTCACGCGCCAAGAACGGTTGAATCGCATTCCAAAGTTCCATATTTGGAAGAGCACGCAAATGTTGCGCATTCATCCATTTAAACTTCACGCGGTCAAAGATTGCACCTGAAGGATTCAAACGAGAGATATCAAAGGCTTGAATCATATCGTCAACCGACATGATCTCTTTACCTTCCGGATGTGACCAACCAAGAAGAGCAATGAAGTTCAAAACAGCCGACGCTAAATAGCCTTCTTCTTTTAGAAGACCACAAGCAACCGCACCCTTACGCTTTGAAAGCTTTTGGCGATCTTCATCTAGAATCAAAGCCATGTGACCAAATTCAGGAAGTGGCCAATTCAAACCTTCATAGATCATCATTTGACGAAGCGTGTTTGGCAGATGTTCTTCCGCACGGAAAACATGCGTGATCTTCATCAAGTGATCATCCACAACACAGCAGAAGTTATAAACCGGCATGCCATCAGAGCGCAGAAGAACAAAGTCTCCGACCATGTCTGAAGGGAATTTCACTTCGCCACGAACTAGGTCGTTCAAGGTGTAGTCTTTCGCCAAACCTCTGGTTTTAAAACGAACCACGCCTTTATTGCCTTTTTCGATATGCTCTAAAGCTTTTTGCAAAGGCCAATCTTGGTAAGGAGAATTCACATGCGGAGAACGGCCGGCCGCTTTCGCCTCTTCACGTTGCTTTTCAATCTCTTCGTCAGTCAAAAAGCAGTAGTAAGCTTTGCCAGCGTTTAAAAGCTGATCCGCATATTTTTTGTAGATATCTTGGCGCTGACTTTGGCGGTACGGCCCCAAGGGTCCCACATCTTTCAATGTTTTCGGATCCACACCTTCCGCCCAAAGAAGATTCAACCACACAAGGTCATCCACCACGCCACGCAAAGATTCTTCCGTGGAACGAGCCTCATCGGTGTCCTCGATACGAAGAATGAACTCACCGCCATTTTTCTTAGCGTAAAGATAGTTGTAAAGAGCCGTTCGAGCTCCCCCAACGTGCAAATAACCCGTCGGAGAAGGTGCAAAACGAACGCGAGGATGAGGCGAAATTTTTGAGGTCATGAGAACTCCAAGTTGCCCAGGCACAAATAAAAAAGGC
CP178622.1_gap53	2290596	2295283	4687	TTACCCTTGATCGCACTCAGCAAAATATTAGAGAATTTAGGACTATGACTGATATTCAAAAAAAACTTTTCGAAGCTGCTTGTGATGCTCAAAAAAGAGCTCACGCCCCTTATTCTAGTGCCTTTATCGGCGCCGCTGTTTTAATGGCAGACGGCTCTATTTATTCTGGATGCAATGTTGAAAACGCTTCTTTCGGCGGAACTGTGTGCGCTGAGCGCGTGGCCATTTTTAAAGCTGTCAGCGAAGGCGCTCCGAAACAAGTGAAAGAAGTTTTAGTCGTCAGCGACGCTGAAAAACCCTGGCCTCCGTGTGGATTCTGCCGTCAAGTCATCGCTGAATTCGCGACCGAACAAACCCTGATTCACACCGCGAACCTTCAAGGAAAAATGAAGACCTTCGCCTTCCCAGAAATCTTCCCCGAAGCTTTCACCCCAAAACACCTCGACTAGAGGTGCCTATCGGTATTTTTCGAAGTAGGTGTTGAATGTGCCTTGGCGGTTTTTTAGTTGGGTTGAAAGTTCGTTGATCATTTGGGCGTAGCCTTCGAATTCTTTGGCGTCTTCTTGTTGAAGGATGTAGCTCGCGACCGCTAAAGTTTCTAGGGCCTCGGTGCGGCGTCTTTCGATGTCGCTTGCCTCGACCACAGACGTCGTGGGCTCTACGGAAAACTTCACGCGAACGCCGAAATGGTCGGACCATGGTTTGCGCGGAGTTCCGCGCATGTTCACTTCGCCCTCAAGAGCTTTTAAAGTCGTTCCTGAATTTCCGACGTTGGAGAAGAAGATATAGTCAAATGTGTGATCGCTCAGCATCCAGCCCAAGGGGTTTCCCGTGCAGTACGTGCAGAAGGATTTTGGATAGGCTCCACCAAAAGATTCTTCCATAGAGTCATGAGCACCCAATGTTAGCATCAGGAACTTTCTTTCGACGCTATCGATGTCGGCATTGAAATCGCCGGATAAAACTAACTTTTCATTTTGGTGCTTTAATCTCCAGCGCAAGATATCCAGGATTTGCGTCAAGCGCACGGCAGGAGACGTAGGGTGAAGATGTGTGTTTAAGAAAAAGAAATCTTCATCGATACCGAAAAATCCGGCACGAACGACGTGATAGGCTTTTTTGACATTAAAGGCGACACGTACTGAATCCAGGACGCCGCCCTCGTTATTGACTTGAAAGTCTTCCGTTTGACTCCCCTTCACGTCCGCCATGAAAAGTGACATCAAGCCGATACGTGATTTTTTATTGGGAGCACTGATTTCGTATTGGCGATGCAAATTGTTTTCGATTTGTTGAATATGGCCTTCGTTCCATACTTCTTGTAAATGAACCACATCACATTTAGGGATGGATTGAAGAAAGCCTGTCATGCGTTCGGTGCGCTCTTCGACCTTAGAAGCATAGATCGGACCGTAAGCATTGAAGTTTTGTAAGCAGAATCGCGGAGGATTCGGATCGGCAGAAAAGTACATTTCCGCACGCGCACTTTGAGCACCTAAAACAAGCAAACCCAGAGTTAACATCTTTGAAAGAGTCATCACGTTCCTCGCAGACAAAAAGTCTTATGGTCCTTTATTCAAGTTCCATACAAAGGCGAGCAGCTTTTTAATTTGAAAACGGCTGTCTAACTTTGAGACAGGGCGACTAATTGGCAGAGTTTTATCGCGGAAAACGCAGCTTCCTTAGGGAAGAATAAGACTGTGCCCGGAAGTTAAAAATTCTATTTTCACCTGTTCCAGGAAACTCTGTGAAGGAAGCATTTTCCCCACCCACGAATCCACTTCTTTGAGGAATTCATCCGAGGTTTTTTTCGAAGCGGATTTCAATAGCTTAAAGCCTTCATGGCGATAGTCGTCTTGGTTGATACTGTTCTTGCTATCGTGTTTCCAAATAAAGTTGAGTTTTAAAAGTTCAAACTTACCGTCGAGAGGCAAAGACTCAAGATAGTGAGCGTATGAAAATCGGGCCTGCAGCAAAGTTTGAGTCGTATCCCAAGAAAAACCCCATTGGCGCTCCTCGCGGAAGTTCAAACTATAAAGTTTTACTTGAGCCGCATCGGCTTTTTGGGAAAGAAAATTTCTGGATTCTGCAAGAAGGGATGCCCACGTCGGATTCAGAATTTCGGTTTCAGCCATCCAGGCTTTGGACTCTAAATGACTCTTCAGTTCACCTAGCCACTTATCAACCAAAACCAAATCCGCTGACATGCCAGAAAGTGGATTTATCGGCGCATGAAATCCCGCAGACACATAAAACAAGAAACCCCGTCGTGCTGACAGGGCTCCTTCGATAACTATGCTTATTGGAATTTCACGAACAAAGCTAAGCATTAGTTCAACTGCAAAGCTTGCGTGTTCATAGTCACATGAGACTTAGAACGGAATTGGTTTACCCAGGCTTCAAACATACCGTCACCGCGGCGCTTTTGCAGCATTTCTGGAGCCATTGGCTCAAGGGCAGAAACTTGTTCTACTTTCGTCTCTTTTAATTTCAATACGTACTTCGCGTTGCCATCACGAACCAGGCGTTTCAACAAGGGCTCAGTTTTCTTAAGTTCGAAAACGGCCTCTGTCGCTACAGAGCTTGTGATTTTTGGGAAAGTTTCAGCACTGAGTTCAACAAAACCTGTTTCTTCCCAAGTTGCTTTCAACTCTTTAAGTTGCGCGTTCACGGCAGCTTCGTCGCCCTTAGCCAAGGCTTCGTCCAAAGCTTTCACAGCTGCGTCAGCTTTTTCCTTAGAAAGAGCTTTTGTCGCCGCTTCCGAATCAACACGAGCGAACATCACGTTGATCTTTTGAGATTTCAACTCTTGGATCTTTTTAAGTTCGACAGCTGTTGGTTTTGCAGCCAACTCAAACATCTGACGCGTGCGCACGTTTGCGATATCTTTACGCACTTTGTTTTCAAAATCGCCTGGAGTTGAACGAGTGGATTCAAGGTAACGGCTGTAGAATTCACGTTGGAACTGACCATTTTGTTGGAAGAACGGAATATCACGAACGATAAAGTTCGCTACTTCCGCGTCTGTTGTCAGAATGCCATTTTTCTGTGCAGCTTGTGACACAAGCTCCATGCGCACTAGGTTTTCCAAAGCTTGCTGACGAAGTAGTTGACGCTGAGAGCTAAAGTCCATCTGGCTTCCGAAGAGGTTTTGGTAGTACTGCTGAATGCGGTTTTCCTCTTGCTGGAAGTCGGCAAGAGAGATCAGGCTGTTGTTCACACGCGCTACTGATCCCACACCTGCGCCCATAGGGCCCGGCAATCCGAAAAACACGAATACCAGAATGATCGCGCCAAAGAGAATGATAGCTGTCACACTCTTACCAGAGAGTTTTCTCTTCATTTTATCAGCCATATTTTCGCTCATAACTTTTATCCTTCCTTAAACAACTTTTGAAAGCGGTTCCATTACCCAACGAATTTTGCATTTTTTCAAGGGGAAATTGTTGAAATAATTGGTTCTTTTGACTAGCGTTTGAATATTACCACGAGGACGCACTTTCAGAAATCGCGGTAACCATACACAGCATAGAGGGGAACCTTTGAACTTTTTCAACTTTGATCTCAAGAAACTTGTGATGATCGGGATTGTTTTGGCTTTGCCACTGATCTCTATCAACATGCAGCAAAGACCTCAGGAATCAAACTGGCTTTCGAAACCATTTACGATGTTGGCTAGCGCCGTGTCGGAAACTTTTTACGGCTTCAGTCATGGTGTCACTGATACAACCGCCATGTACGTCAATCTTATCAATATCAAAAAACACAGCGAAGAATTGAAAAGCACGAACAACGAGTTGCAAGCGCGTTTGGAAAAAATGAACGAGCTTCTTCTAGAGAACGATCGTCTGCGTGGTTTGCTGACTTTTAAAGAGCAAACGAAAATGAGCTTGATGGCCGCGCAAGTGATTGGTCGCGACTTGGTTATTGATCACAACACCGTCACCATCAACAAAGGAACTAACGACGGCCTGAAAGCCGGCCAAGCTGTCATCACGACAGGTGGTGTTCTAGGTTACATCTTTAAACCTGAACCTTTCACTTCGCATGTGATGTTGATCACGGATCGTTACGCCGTAGTTGATGGTTTGATCCAAAGAACGCGCGCGCGCGGTATCGTCGAAGGTAAAAGTCAATACACCAGCACCTTGCAGTTGAAATACGTCGAGCGTACTGAAGATGTGCAAGAAGGCGACATGGTCGTCACGGGCGGCTTGGATAATATTTTCCCAAAAGGTTTCCCTGTGGCGGTTGTTGAATCCGTCGAAAAGAAAACTTTCAGTGTGAGTTTGAAAGTGGATCTGCGTCCCGTTGTCGACCCTTATAAGGTCGAAGAAGTTTTTGTAGTTCTTTCTGCCGCGGCTGAAGATTTCGGAGACAAGTACGCTCCGCAAGCCGCAACCGAAGGCGAAACAACTGAGGCCGCTAATGTGGCAACGGCAGCTCCGGCAGCAAGCCCTGCGGCGACAGCAAAACCGACTCCCTCTGCAAGTCCGGCGGTAAAACCCGCAACGACGCCTGCGGTGAAACCTTCGCCGGCGGCAACTCCGGCACAAGCTCCGAAAAAGCCAGAGGAGAAACCACAGTGAAGATCCGCTGGAATGCTATTCTGAATTTTCTCGTATTATTTGCGGTTTTAATTTTGGTGGCGGGACTACAAACAACTTTCTGGTTCGAACTTTTTGGG
CP178622.1_gap54	2303372	2307943	4571	GTCGATGCTTTTTCCGACGTGGCTTCAGACATGCGATCGCCAAACTTAAAAGAGAATTTTTTCGTCTCTTCTTCAGGGTTTAGCGTGAACTGTTGAGATTCTTCGTGAATTCTTTCTGACTGCAAAGAAGCATCGCCAGTGCCTTCTTCAGCACCCTCGGGAACGACACCTTTAACGTAAATAGCTTCGTTTTCAGTTCCGGCCTTACCACCGACAATGCTGTTACCGCCCGCCTTCTGCGGACTTTCCACATGCATGGCTTTATTCAAGCGCTCTAAAAGAACCGCTTCATCATGTCCTAAGATTTTTCCAATCACTTGAACAAGTCTTAAAGGAGCTACAGGGGCTTCAAGAATCATATCTACGCGAATGCGGATCAACTCTTGTGGATTGGGTTTGAAGTTTGCGGGAAAAATAAGCACAGACTTTCCCTGCCAGCGCGTCATCTCTTTCAAACGTTTGCCAACGCCCAACGAACTGACTTTACCACCCTTCCCATTACCAACAACAAGATCCGGATTGAATGCGAGCATCTGTTCTGCGATGGAATACTCGCTGGAAAGACCAATGACATCGAAGCCCACTTTTTTCAAAGTCGCCTCAACAGACATAAGATCTGCGTAATCCTCGTACACCAAAAGAATCTTGTTCATACATCTATTGTCGGATATGCAATGGATCGGGTCAATATCGCAGAGACAAACTGTCTGTACTAGACGATGGACGCGATGACTCCTTTAATTCGGCGGACTACAATGGGACTTCACAACGGAGACTGCTTTTGAGTATCTTTCACGGGAAAAAAGCTGCGCAGTACATTTTTTTTGAAATGCTTCCCAGCTTCATTTTGGGACTGATGGTCTTTATTTCGATCATCCTCATGTTTCAGGTTTTGCGCCTGACCGAATTTGCCCTGGTCCACGGCGTGACTCTTAAAACCATCGCCGAGATTATCGGTTATGTTGTCATTTCTCTTTTGCCAGTGCTCTTTCCGATGGCCTTGCTCTTTTCCGTTCTTTTAACCTACGGAAGATTGAGTCAAGACTCAGAAATCGTCGCGATGAAAGCGTCGGGACTTCCGATGGGCACACTGCTGTTGCCAGCAATTGTGTTATCGCTTTTTGTCGGCGCGATTTCAGCTCAGATGTCCTTCAACATCGCACCTTGGGGAAATCGCCAGTTTGAAGTTTTGTACTCACGCCTGGCAAACACCAAAGCCGGCGCTGTGATCAAAGAAGGAACTTTCTCTGAAGGTTTTTTTGATATGGTCGTCTATGCAAATGAAGTGAACTCGGACAAAGGCCTACTTAAGAACGTGTTTATTTACGACGAAAAAACCGGCGACGTGCCTTTGACGATCATCTCTAAAGAAGGTGAAATCATTCCCGATAAAGAGCGCCCCGGCCACGATATACTTCTGCGCCTTAAAGACGGAGAAATCCACCGTCAGGCCAAAACTCACACGAAGATCAGCTTTGATACATACGATGTCAGATTCTCTGAACCTGTGAACATTGAAGAGAAAAAAAAATCTCCCCAGTCTTTAACTTTGAACGAAGTGCGCAGCCGCCTCAAAGAAGATCTTAAAGACGAGGAACTGGAGCGCACCTTACGCACGGAATATCACAAACGCTTGGCGATCACTTTTTTGTGTGTGGTCTTTGCGATGATTGGCGTGGGACTAGGAACGACCACAAACCGTCGTGCCGCGAAAGCTGGCGGTATGATCCTATGTATTGGCCTTATCATTCTGTATTGGACCTTGTATGTCGCTGCTGAAGGTATGGCGCGCTCAGGAAGCTTGCCTGTGCCTGTAGCGATCTGGGCTCCGAATTTTATTTTTGCTCTTTTAGGTATGGAATCTTTAAGAAGGAATTGGAACTAAGACTGCGGTCGAAAATTAGAGCGATGCAGTAGCATCCATACTACCACGGTCATCCTTGACCACATCGCCCCTCCCTTAAATCAAATGGTAGGGGCATTCCCTCGACCTTGCAAAAGATTTTTTTAGATCATTTCATTTTTTTCTGAACAATTTTGGCAACTTAGATGACACACTACCGGTAGTGGTGAGTGATTTCAGAGCCTCCTATTGGTGCCGCCAGCGACTTTGAATTTTCCATTTCTACGCCAAAGTGCATGGATAAATCGTGAGCATCGCGGACCAACAATGCACCGTCCACTAACAATTCTAAGCTCCCTGTAAAGTGTGGATCTAAAGGGTGCCCCGGCACCACCCATACCGGACGTCCCAGCTGCAAAGACTGCTGTGCCGTAATCAGTGTTCCACTGCGCTTTTTGGCCTCAACTAACAAAGTCGCGCGACCCAATGCCGCGATCAAACGATTCCGATGATGGAAAAGATGCTTATGCATTTTCTGTTCGTAGGCGTACTCGCTGATGAAACAACCTCCGCGATTTAAAATAGGCGCAACCCACTCTTGTAAGTTCGCAGGATACAGATTTCCCAAGCCAGATGGCAAAACTACAACGGTTGTCGTGTCTTTGCGCAAAGCTGTCGAGTGAGATTTTTGATCGATACCGCGCGCACCTCCACTAATCACGCACGGCTTTTCTTTATCACAAAACGGAGCAAATTCTTTTTCCATCCACTGCATTGATTCAAATGTCGGCTCGCGACTGCCGACGACAGCTAGCGTGCGTTCGTTGAGCCATGCAGGTGACCCTAGAAAACTTAACGTCAAAGGAGGCTCCTCCATCCAATAGCACGAAGAAGGATAAAGCGCTTCGCCATAGCAAACCATCTGCACCCCTTGAAGTTTTAGCTTCACGGTTTCTTCGCAGTGATTTTTAAAAAGCGTGTGATTCTTTTGTAAGGCCGTAAAAAGATCCGGCGATAGGATTTTTAATTCATCCATCAATGTTTCTGCATCCAGACGGCCCGTGCCCCCGAGTGTACGATACAAATGCAAAAGAGAATCTTTTTGAAGAGTGTATAATGGATGAGACTTAATAATTTGCGATAAAGAATAAAGATCATTCATAGCAAAAAGCCCCTGCAATTCGCAGAGGCTTTTAAGCTTCATTATAATTCAAGGTCTAAGTCGTCGCTTCCGGAATCCGGTGAGCTTTCTGGAGTCGCTGCCGGTGCATCTTCGAAGTCTTTTTCGAAATCTTGATCCACCGCAGGTTCCGTCCGACTAGGAGCTGCGACAGGCTCTGTATAATTCGTCGCGTGCGACGTTGCACTTCCCACATAGTCGCCTAGCAAAATATCTTCAGAAGCTTTCGTGATATAGGCCGTCGCAAAGTTTCCAGAGACTTTCACAATTTTTGCTGTGCCAATCATACGGTCATTCGTCAAAGCATTATTCTTTCTATTACGAACACGCTCATCCGCGAAGATGGCTAAAGTTTGACCTTCTTGCAATCCTTGATTTGTTCCCGCATCTAGGAACACCAATGAGTTCGAACCAAATAGTTTTCTTTTTGCTTCAAAGTGTCCGCCCATGATTTTAGCGCCCACTCCCGAACTCACTGCTCCTGGAGAAGGATCAATTACAGGCAGCTTTCCTGGCGTTAAAACCGCGCCCACTTGAACGGGCTGCAGAGATCTTTTAACAATCGCGCGATAGATGTTTTTTTGATCATTCACACGCTCTAAAATTTCAATCTCGCCTTGGATTTCAACCATGTGACCCATGCGACCTTTTTGCGCAGGATCTGGCACCGTTCCGACGTTTCTTTGCGCCACGTATTCTTTAGAGCCACCGCCATTTTCAAGCTGCACGAAAACATACTGGTGCTCACCAGCTGTTTTCATATCGAGCTCTGCCGCAGTCACTACGCCCGCTCCATACGCCGGAGTATCTTGAATGTAGTATTCAAGATTTTCTAGCGCCGTGGGGAACTGAGTCTTGGGCAGCTCCACTTGCAACTGTACTTTTGCCGCACCTAAAGCGCCCATACGGTATTGAGGTAAACTTTGCGGAAGAGTTTTTAAAAGCGGCGTTCTTTTGCGTGCGCGTGGGATTGTCGCGCCAGCCGTTGTCGAACCCGACGCTGCGGCCTCCGCATTTCCGTTACTTGCTTTTTGATCGATAACGGTAGTTTCTCCCACATCCAAAGTCGGCGCATCATCCATGCTGCCAGGGAAGAATTGAACGCTCATTCCCGGGTCGATCTCGTGAGGATTTAAAATCTGCCCTTTATTCAAAGACCAAATTTTTGGCCAGAACAAGGGGTCCCCAAAGAAAGTTGTCGAGATACCCGAAAGCGTATCTCCTTTTTGAACTTGGTAAGTTTCTGATTCACGAGCACCTACGGCTTTTTCCCACGCTTCGACAGAAGTTGGCTGCTCGTTGTAGGTTTTGTAAATGCGGTGAAATTCGGCTTCGCGAGAATAATCCGGTTCACTTGTTCCAAAAGTTGCTGGAGCAGCATCTGGCGTCGTCGGTGGCAAATCTGTTGCGGCCGGCGTAGAAATGTCTTCAGCAGGAATATCCGGCGCAGGAGTTTCCGCAGATTGTCCAGACTCATCAATTTCTTTGAACTCAGGAACTGTCGGTTCCACTGTTTCTTGAGGCTGCTGAGGTTCTAACACATCCAAA
CP178622.1_gap55	2315451	2320408	4957	ATAAATGATGCGAATCAGATCTTCTCGATGAATCAGGTTTACGGGTGCTAAACCATGGCTGATTACGTTCCGGCCGGCAAGGTGGAAAACAGGATGTCTGCTTCCTCCCATCAAGCCCCCTGCCCGAACGATCACTCCGTTTTTGGAAAATCTTTTTTGCAACGCTTGTTCAACCTCGTAAAGCCATTGTCCGGAATCGGAATTGGGATGAGGTTCTGTCCCTTCCGTGACTTCACCTGTAACATCTCCGTAAACCGAGATCGAACTTACAAAAATGATCCTTTTAAAAGAGTTCTCTGGAATCTTAGCCACAAAAGCGGAAGCCGACATCGTCTTTAACGGAGGAACGTTGACTAAAAGAATATCGCAGAATTCGCCAGGAAACAGATCTTTTTCCCAACTAAAAGAAGACCTGTGCGTGCCCCAGAATTTTTGATTTTTCGCTTTAAGATAGCTGGCGAATTCCGCCCCCAACCATCCTAGACCGATAATTCCCCAAACTTGACTCATAGATCCGCCAATAACCACTTTCGTGGCGCCCCGTATTTTGTCATACAGGCTGATTTCAAAACCTGGAACCCTTATAGATTTGCAGTTCCACATAGTCTACTAAAATGCGTTGTTCTGGTTTTTGGTTGCTTGGAAAATAAGCTTAGGACTTTTTTTGAAAGGGGTTTTTCCATGTTGAAGGTGATCGCGGAGAATTCTCAACACAAGTACATCGAGATTTTAGTGGATGGCGACATTAATAAAGATTCTGTGGCTGCACTGTTAAGTTTAATGCAGCAACGAATTTCCGAGTGGGGTGAAGTCAATATCCTTGAAGAGGTTCGCGATATCGGAAAAGTGGAACTTGCCGCATTCTGGAAGGATCTTCGTTTCGGAATTAAAAACATGGATAAATTTCCGCGAGCTGCCATCGTCACGGATATTCACTGGGTGAAAAATATTTCTAATTTTTTAGATCCTATTGTTTCGATGGATATCGAAGTTTTTGCGCGTAAGGATATCGAACGCGCTCGCAACTGGTTATCGGGAATTGAACCCGCACCCCCCTCTCCGACTCCAGAAGACCTTCCACCTTCACCTTAAAATTTTTAAAAAATGGGGAAAGGCGCTTTTCCCCATTTTTGAATCAAGCGGACTGTTCCTTGATAAGGCGGCGAATGGCATTTACGAGCTTCTTGGTTTCAATAGGCTTAGGAACATACATCTCAAAACCAGCATCCAAAGCTCTCGATTCGGTTACTTTAGACGTAAAAGCAGTCAAGGCCAAAGCGGGAATATGATGATCGGCTGTTTCAAGACCGCGCACAGTGCGTATGAACTCTATACCGTTTTTACCCGGAAGACCAATGTCACTCACGATAGCGTCCGGCTTCATCTGTTTTAAGAGTTCTTGTGCTTGATCCGCATTTTCGGCAGCGACCACTTCAACACCGTACTTTTTTAAAATGAGCTGAATCATTCGCAATGCATCGGGTTCGTCCTCGACCACTAAAATGCGACGGCCCCGCAATTCTCGCACATCAAAGTTTTCAATTGCAGCCTCGGGCTTGGCGTCCTGACCGTGATACAGGGGAAATTGCAAAAGAACTTTAGTGCCTTTCCCTTCTCCCTCACTTTCAATTTTCACTTCGCCACCGTGAAGATCAACCAGGTGCTTGACAATGGAAAGTCCCAGACCCAATCCTCCGTATTTACGCGTAAAGCTGCCGTCTTGCTGTCGGAAACGATCAAAAATATAAGGCAAGAATTCAGGCGTTATGCCGACACCACTATCCGTTATCTCGACATAAAGATGCTGGTCATCTTTGCGAGAATGCACCTCAATGCGCCCGTGTTCTGGCGTGAATTTCACGGCATTAGAAAGAATATTCCATAGAATTTGAGTGAGTCGCACCGAGTCCGCCCACAGCGGCGCCTCGGTCAACTGAGCCGACACCTGAATTTCTTTCGCTCGCGCCATATTTTCGATGGATTCTAAAGCATCACTAAGGATCTCTGAAAATTCAAGTTTGTGGGGATCAAGAGCGATTTTACCGGTGATGCTTTTAGAAAGATTCACCAAGTCCTCGACCAAACGAAGTTGAATCGCTGCATTTCTTTGAATGGCCGAAAGGGCCTGAAGAGCGGTCTCGTTCTTACGATCAACTTCTTCAGATAAAATTTCGGCGTATCCAAATATTATACTAATCGGAGTTCGCAATTCGTGGGACAGTGTCGCTAAAAACTCATCCTTCAAACGACTGAGCTCTTGCAGTTCCGTATTTTTATCCGCTAAAAGACGCGCCATTTTTTCAAGGTCATCCCCTTTTATTTCAAGTGCCTGTTCAATCACTTGTCGAGCGCGATAAGCTTTGGCGTGATTGCGCACGCGTGCCAGTAGCTCTACAGCTTGAAAAGGTTTTGTGACATAGTCTTGCACGCCTTTATTCAAAAGCTTCGCGCGAAGAGCATCATCAGCTTTGGCTGTCAAAATTACGACAGGAATAGACTGCAGAGTCGCGTCAGCCATGACTTGGTCGACAAGAAATTCGCCGCTGTAGTTCGGCATCATCAAATCACTTAAAATCAAATCAGGCTTTACAGCCCGTGCTTTTTCATAACCTTCTTTACCATCCGAGGCCGTCATACAGCGAAACTCTTCAGACAGAACTTCGACTATAAATTTCTGCAAGTCCGGGCTGTCTTCCACGACCAATACCAAAGGAGCTTCAGCACCCGCCTTAACAGGTTCAGATGTGGGCTGGGCGCTGACTGAGTGCGCTTCCTTCAACTGGTCTACCAATCCCTGCTCCACCAGTCGGATGTTTTTATTTTCGCCCATGGCAGGACTGACTTGCACATCTTCGCTGGCAAACTGAGGTAGCAGAACTTCGAAAAGGGCGCCGCCTTCGGGAGCTTTTTTTACTTCAACCTTCCCATGCATAAGCTCCACAAAGTCTTTTACGATGGAAAGACCTAATCCCGTCCCGCCTTTTTCGCGGTTCATACTATCTTGAATCTGAAAAAAGCGTTCAAAAATATTTTTTCGCATGTTTTCAGGAATACCAGGCCCGCTGTCGGCCACTTGCAATTTGATCTGGGGCTCTTTTGTATTCTGCATTAAGGAAAGACTGCAACGGACCTCTCCATTTTGTGGAGTGAACTTAAAAGCATTACTTAAAAGATTTAATAGAATTCGCAGAAACTTTTCAGGATCGGTGTCCATATTAAGACGATCCGGAGTTTCAATTTTAAAGCGATACCCTTTTTCTTCGGCTAAAACAGAAAAGTTATCTGCACTTTGTTTGACCAAAGAGGACGCATCGATTGAAACATAGTGAGCCGTCATTTCTTGCGCATCAAATTTTGCAACGTCTAAAAGATCATTCACTTGACGCAAAAGAATCTGACTGTTTCTTTTAACGAGTTCTAAGTAATTCCTTTGCGATGCCGTCAGGCTGTTATCGCCCAAAAGCTTCTCTACGGGTCCTAAGATTAATGAAACCGGGGTTCGCAGTTCGTGACTGACGTTGGCGAAAAAGTGCGTGCGCTGCTTATCTAAGATCGCCAATTGTTCGTTGGCTTCTCGCAGCTCTTTTTCACGAAGCTCTAAGGATTTATTTAAGGCTTCCAGTTTTTTATTCGTGACCTGAATTTCTTGAGCCCGTTCTAGAACGTCAGACTCCATCAACCCGACTTGATTTTTAAGCTCTTCATTGATTTTACTTTGTTCTTGCTCATGCTTGCGCATTTTTACGAACTCTGTAACGTCTTCCACCTTGTGAATGATATAAATCAGCTCGCCTTCTTTATTAAAAAAAGGAAGATTGATGGGGCTCCAGTAACGCTCTTCATAGGTACCATCAGGACGACAGATATCATATTTTTGTACGGCCATGGTGGAGGCTTGTTTTGTATCCACGACTTGTTGAAACGAAGCCCGAACATTATTCTTTCCCGTCGCTGCTGCTTCAGAGGGGTTTTCTGGAAACACATCAAACATGTATTTTCCGATGACTTCTTCGCGTTTAAGGAATGTGGATTTCGCGTAGGCGTCGCTCATCGCGACCATGTGAAAATCAGGTGTCAGCACTAAGTAGAGGCCAGGAATGCCTTCAAAGAGCGCACGATAATCTGGTTCATTCTGTCTTGCCATCTTGGACTCCATCGCAACAAGAACAAAAATCTGTTTGCTCTTTGAGTCTAATGCGAGGCCAATATGGAATGCTGGAAATTAAATTTGATTTTGCAATCTTACATTAGAGAGGAACAGTCCATCCCGAATAACGCTGAACTTCTTCTGAAATGTCCGCGCCCAATTCGACGTGGCGATAGCTTGTTGGAGAGTCCCATACCTTTTTAACAAGCTTATTCATAATATCGTGACCGGCTTTATAGAGCACGACGTGGCCCATTAAAGGCATCTCTAAGGTCACGAGATCGCCGAGGGCATCTAAAGCCTTGTGACGAACAAATTCATCCGCCCAGCGCAAGCCCTCAGGATTGATGATTTCAGCGTGATCTAATACGATGCAGTTGTCTAAGCTTCCGCCCTTCGCCAATCCGCGGGCCTTTAAGGCCTCAACGTCTTTCATGAAACCAAAGGTGCGGGCGTTGGCAACATCACGTCCAAAAGACTGTTCATTGATGTCGATGTCAATTGTCTGTTTACCAATTTTGGGATGAGGAAAGTCAATAGTCACGGTCAGACGAAGACCATGATAAGGCACAACGTAGGCGTGCTTTTCGCCCTCACTAAAGTAAATCGGCTCTGTGATGTAGCAATATTTACGAGGCTGATCTTGCTCCACAATTCCTACCGCAAGCAAAGCTTGTAAGAAGTCGCGAGCACTCCCATCACCAATAGGAATTTCAGGGCCGTCTAATTCAATGAACAAGTTATCGATGCGTAAAGCAGACAATGCGGAAAGACAATGCTCAATCGTCGCCACTGAAAAAGCCGCACCAC
CP178622.1_gap56	2323979	2327849	3870	ACTTCCTGAAGCCAAAAAAACCGTGACTGCAGGCGTTCAACGCCACCCGCAATTTGTGGGCGGACTTGTCACGTACACAAAAGTGATGCGCGATCTTGGAGAGCTGAATAAGGCCCTGGACGCGGCTAAGCGAGCGACGTCTCTTTCTCCCGAAAATATTTTGGCGCATCAACTTCTGGCGGAAGTTCAATTAGCCAGCAAGAATCCGAAGGAAGCTCTTAAAGCTTTCAAGATGGTTTTATTCTTAAATCCGAACTCGAAGTCAGCACAAAAAGCCGTTCAAAAACTAGAATCTTTGACTGCGGACGAATACGATGAAGAAGTTTTTGCGATGACGAAGCTTCCGGAAGTTCGTCTGAACGAAGCTCCACCACCCGTCGCAAAAAAAGAAGAGGCTCTGGTCGCAAAGCCTCTGACACCGGCCTCTCCTAGCAAAGCCATGGAACGCATGCTTTCTTTGATTGATGCCTTTATTGTGCGCAATGATCTAGAAAAAGCGCATGCTCTTTTGAAAGACACACGTGTGGAGTTTGGGGATCATCCCGAAATTCAGCGACGTATGAAGACTCTTCAAGTTCGCTATAATGATTCTGACGAAGCCACACCCTTAAGACCTTTGATGCCGAGAGAACAACTGGTTCGCGAACGTAAGCTTGAAGTTCTGCAAATGATGCTTCGCAAAATTGAAGAGTATCGCCTGCAAACTTAACCCTTAGAAGCAGAAACATTCCTTTCTCTTCTACTTCCATTGCCCATGACGCATAAAGACCTTCGCGCCGGAAAATGGCGATAGAGCCTTTTTCCAAAGGAGTGACTGTTGACCAAATACAGCCACTTAGGAGAATATGGCTCCTCTGCATTTACAATTTAAAAGGATCAAACATGTACGAAACGTCCGATTTTAAAAAAGGTCTTAAAATCATGATCGAGGGCAAGCCCTACGTAGTCGTTGATTTCCAACACGTTAAACCAGGAAAAGGAAATCAGTTCACACGCACAAAACTGCGTAACATGCTGACAGGCCAAAACTTGGAATCCACTTTCAAGTCCGGTGAAAAGTTCGAAGTTCCTAACGTTGAAAACAAAGAGATGACTTTCCTTTACAAAGACGACTCTGGTTACAACTTCATGTCTCCTGAATCTTACGAACAAATCGCGATGTCTGAAGAAGACTTGGGCGAGTCTAAATACTACCTTACTGAAAACTTGAAAGTCGTTATCTTGTTCTACAACGAAAAAGCAGTCGCTTGTGACGTACCAAAAGCCGTGAACTTGATGGTGGCAAAAGCAGATCCGGGCATTAAAGGTGACCGTGTTACTGGCGCAACGAAGCCTGCAATCATGGAAACAGGCCTTTCTGTGAACGTTCCATTGCACATCAACGAAGGCGATGTTCTTCGTATTGATACCGCTTCTGGCGAATACGTTGAGCGCGTAACTCAAAAATAACTAACGCCTAGTATTAAGTCTCCGCAACCACTCGTTTTTATCGCAAAATAAGAGGGATTTGGTCGCGGAGGCTATTCTTGTCCACATTTGTTGAACTAGAAATTCAAAATTTGCTCAATGAAGGAACTGACCTTCAACAAGCTTCCGAACGTCTGATTCAAAATTTAGAGTCTTCTTCTGAAGGCCTCACACTTGATAACGTCACTGCCTTAGCGAAATTTTTAATTCAAGCTGAACAGCCGCATCTGCTGATCGAATTTATTTTGCGTTACATCGACAATGAATCTTTTCCGATCCCTTGGCCTTATTTCTTGGAAGCCTTAGGCGCCGTCAGTGCGGAGCTGGATGAAAAGACCGTCAAAGCTTTGTTAGAGGGAATCGCAGAAGACAACTCTGAATCTGAAGCTGGCCGTTCTTTAGCGCTGAAAGATTTGATTCCAGAGTTGGGTGAATGGCGTGGCAATCGTAAATATAAAATTCACAAAGACTATCTGAACAATAAACGTCAGTTGTTAGATCAGCTTATCACTTTGCGCACGCAACAGCTTTACGAACAAGAAAAACATCTGTTACAACGCCTGCAAAAACTTTATCCCGGCGACGCTGATATTCGCAGCGAAGTGAATGAACACAAGCAGCGTTATGCACTTGAAATTCTGCAACGTCGTACGCCGAAAGCACGCACGGTAAAGCCCGAAGATTTTTCTCCCAAGGATCCTGAAGTTGAAAAGGCCATGAGTGCGCTTATGCAAAGCCTGCACGAACACGCGGCCGAAAATCCCGACATGGCTTTTGATTTTGCCGTAGCCGCTTTCATGATGGAAAACTACGAAGCGTCCCTATCGCTTTTAGCTTTGAGTGAAGAGACCGACTCCCTTCTTTGGTTCCGTCTGGAAGTCTTGTTGAAGTGTCGTCGCTTCGTTGAACTTTTAAACGAACTTTCACAAACAGAGATTATTTTCGCCCACGAACCGGAAACTTTTTTTGCAACGGCTTACTTGCGCGCACAGGCCCTTTGGGGCTTAGGACAGAAACACACAGCCATTGAAGTGATGGAAGGTTTGTTGGCTTCTCGCCCCCACTATCGGGCAGCCAGTGCTTTGCTTAGCATTTGGAGTGGTCAGTGAAAAGAGCGTTTTGGATTTTAATCACACCCCTGGCGGGCTTTTTAGTTTTGTGGCTGATCGGCTCGATGCTGATTGCGCCCAAACTGGAAGCTTGGGCGTTGAATAAGATTCAGACGTATTCAGACTCTTCGTTACCCGTCAAAATTCGTGCGGAAAAATTGCAGCTAAAACTTTTCAAACCTTCTTTAGCATTAGAAGGCATTGATGTTGAAGCCAAGGGCGAATTGGCTGAAGCCTTGAAACCAGTGCGGGTTGGCAGCGTGCGTGTTTTTATCGACTTCTTTCACCTGCTCAGTGGCCGTGTCACATTGTCGGCTGTGGTGGTCGACTCGCCGGACGTGGAAATCAACATCGATCCTTTTTTGAAAAGTGATACTCCTCCCAAAGAGTTGCCGCTGGATGCCTTATTCAATCAGCTGGACCAATTGCCACTGCATCGCCTTTTCATTCAGAATTTGCATTTGAAGGTCACCTCGAAAGACTTAAAACTTCAAGGTGAAATTCAAAGTGGCGACCTTCTTGCCACTAACATGGGAAAACACCTGACCGCCAAGGCCAATGTTCCCCAATTAAATTTAGACCTAGAAAAAATCGGAAGCTTTCAAGGCTCTTTAGACACGCATCTTTATCTGACAAGACAAAGTCTGCGCATCATTCAAATGGGCGTACGTTTGGATGAGTCCGAAGTGCTGGTTCGTGGAGAGCTGACGCAATTTCACCGTGTGACCATCAAACCCTCAGGCCTTCTGGATGTGTCTGCCCGCCTTCACCTCAGCGATCTTTATACGGAACTAAAAAAGATCCGTCCCGATTTAAAGCTGCCAACATTCAGTGGCGAAGTGAATTTAGATGCGGAGGCTCGCTTCAACGGTTTAGATCAGTTGCGCGGCAAAGCGGACATAAAAACACGCGCCTTGATGGTGGATAAATTTGAATTGGGCGATGCGCGTATTCAAGGTGAATACCGCGATAAAAAAATCAGCCTTTCAGAGATTCGCGTTCAACATCCCGCAGGCGAAGCCGTCATGACGAAAACGCAAATGTCGATAGGTCAAAACTTTGACTTCAAGACGCATGTTTCTGTTCACGACTTGGATTTGCAAAAGTTATTTATTAGTTTGAATTTGAACAATGTTCCTGTGGGTGTAGACCTTCAAGGGGAACTTCCTTGTGAAGGCCATCTTCACCCTAGCTTTGAGTTCACCTGTTCAAAAGCTTCATTGAAAGCACAAAACCTTTGGGTGAAGTCTTCTTTAGAACCAAAAGCCACGGCGATCTTGGATATCAATTCGAT
CP178622.1_gap57	2329048	2330439	1391	GTGGCACTTTAAGTCTTAAAAATCCCCAAGCTATCGATATCGTGACTGACAACGGTGTGGCCTCAATCCGAAACTTCCGCCTTGAAGGGCCGAATACGGAATTGGCGATTCGCGGAGAAAACTTCACCGCACAAAATATGAATATCGCCGTCAATATGAACTCAGATCTTCGCCTGTTGCATATCTTCATGCCCTTCCTTGAAGATTTAGGGGGACCGATCAAAGTTTCCACAAACATGACCGGCTCAGTGACAAAGCCACAAATCATGGGAACTCTAAATGCCAATAACACTTACATCAAAATCAAGGGCTTCCCTCACCCGCTGGAGCGCTTGAATGTGGATGTCGTGTTTTCACAAAGCCGTGTGATGGTGAATTCCATCCGTGGAAATATCGCGGGCGGCACGCTGACTGGCGACGGCGGTATTTTAATCAATGAGATCAAAGACATTCCAACGACAATTCGCCTGCGCTTAGATAACGTCACTCTGAACGTTCCTGAAAAAGTTCGCACCAATGGAAATGCTGATCTGGTTTTCTCGGGCCGTTGGTTCCCCTTCACTTTATCTGGAACTTACGCGGTGAACAGCGCCCTGGTTGAAAAAGAGTTCACCGAAGATTCTGGCGGCGTAGCGGGGGTCAAACAAAGCCTTTATCTTCCGAAAGTCATCCGTGAAAGCCGCTTTGAACCGGTGTTGCTGGACATTAACATCCTTATGAATCGCAACATCATCGTGAAAAACTCGCTTTTAGATGGCGCCGTCAGTGGGAACTTGCAAGTCAAAGGTCCTCCGACAAATCCAGTTCTTTTAGGTCGTATCAACGCGGAAAAAAATTCGAAGTTGATCTTTAAAGACAAGATCTTTCTAATTCAAAGCGGAACTATTGATTTCACCGATCCGGATGAAATCAATCCAAGTCTTTATATCTCGGCAGAGTCACGCATCAATGAGTATGACATCTCTTTGCTGGCTCAGGGGACGGCAAAAAATTTAACAATTCACCTCAACAGTATTCCTCCCCTTCAGGAACAAGATATTATTTCTCTGATCGCTTTAGGGGTGACGACTTCCGCCATGGATCAAAACGTTCAGTCCCGTGAGCAAGCTCAGCAATTGGGTGCAGAAATTGGCGGCGCCGTGCTGGCAAAGCCGATCAATAAAACTATCGAAGCCACGGGCTTTAGCTTAGCGGTGACTTCAGAGTACGACTCAACCCGCAATATCAGTGTGCCTAAGATCACCTTAAGCCGCAGTCTATCGACACGCGTGAAGGTGTCAGGCAGCCGTCCTGTCGGTGATTCACAATCCTATGACTTAAAACTGGAATACCTCATCAACAGCAACTTCACCGCCGTCGGTTCTTTTGAAAGCCGCGGGAATGAGGACGAC
CP178622.1_gap58	2332041	2334236	2195	TCCTTGAAGGAAACACCTTCACCAAGGATTACGTCCTTTTAAAAGAGCTGGAGTTCACAGAAGGCGATCTAGTCACGCCTTATAAGGTTCAAGAATCTGTCGCACGTTTACAAAGAACCGGTTTCTTTGGCACTGTCGACATTCGCACCCTGGAAGAAAAAACCAATGTCGCCAACCGCACCGTGGTTGTGAAAGTGACAGAACGTGATCCGGGCCTTTTGACTTTCGGTGCAGGTGCCACGAATGAAAGAAAGCTGACCTTGCGTGGATACGCGGGTGTCGCTTATCGCAATATCATGGGAACTGGCCGCGGAGCTTCTTTGCGCTTAGAGGGCAACTACAACATCGCAGACCTTAAGTACCTTGAGCACAAAGTGGTCTTCGGATATCTAGAGCCTTATCTTTTCGGAACACGTTTACGCGGTCGTATCAATATCACTCGTTCCACGACCGTGACGGATTACGAGATTCACCAGGCCTCTGAAGTAAACTCGACGACTTATTCCGTAGAAAAAGATTTCACGTCGCACGTTCTTGGAGTGTGGGATATCTGGTCTTTAGCGACAATCCGCGACTTCGGTATCGACGATGTCTATCCGTTCCCCGAAGATGAACAAAACATTGCGACGACGGGGCCGACACTGGATTTAGATTTCCGTGACAACCCTTTCAATCCGACCAAGGGAAACTTCACGCGCTGGAACGCCGAATACTCTGCGCCTTTCTTGGGTAGCACGGGCACGATTGAATACTGGAAGACGACCCTCAGCTTTACTCATTATGCTTCTGTTTTTGAGCTGCAAAAGCAGCCTGTTGTGTGGGCGAATCAAGTTCGTGGCGGTTACATTAAGAATCTCAGCACACGCGATGATGGCGGCGTACCTTGGGATAAAAAAGGTTTCACTCTTGGAGGCCAATCCACCATTCGTGGTTACGAAGCAGGAACTCAAGAAGTTTTCCCTAATCGTGATGACTTGGGATTATCTGAAAACGAAAAGACGTATTACCTAAAAACCGAAGCCGTGATGTATCTTGTGAAATCGGAAGTGCGCTTTCCTGTTTACGGGAATTTAGGCGGAGCTGTTTTTTATGACGGCGGTTACGTGAAGATTCAGGATTTGAGTTTTGAAGATTACTACCGTGACTCTGCAGGCTTTGGGATTCGCTATAACACGCCAGTGGGACCTTTAAGTCTGGAGTGGGCATGGAAATTAGATGCCCGCCCTAGTGAAGAGCCTTGGCGCTTCCACCTTTCAATTGGGACGTTCTAATTTAGGATCGGCTTACAACGGGCGACAACCAGATACGCGTCGGGTTTGCCCTCTTTCAAAAGCGGCAGCGCATACATCACGCGAACGCTGACCGCCAATCTTTCTAAAGACGCTTTCTCAATCAAAAGATGTTCTTCTACGTCAATGTCCATGCTGGTTTTTTCGCCCGTAATAATCGACGTTAATGTCGTGACAAGCTTCGCCGTCACTTGAGGATCACGTTCATACAGATGGATCCAAGGGCGCGTGTAAATATCTTCCACCGTATAGCTGGCATATTGGAAATAACTGAAAGTTCTAAAAAGTTGGATGTTCGCTAGATTATAAATTTCTGTCAGGTGTTCGTCCTGGATCAGTTCTAAGACTTTGGCGTCATACTGATAGCCATAAAACTCTAAAGCCTTCTTTACAAATAGTGAGGCATCCTTGATTTTGCCGCCCGCTTCGTGAACGGAGTCGCAGATCTTGATGTAGTTCTCAAGATTTTCTACGGTGCTTTGCTGCTCAGCTTCAGAAAGTTGACGGAAGTAAGGCAAAGAATCTTGGCTGTAAGGGCGAATTACAAAACCCTCTTGTTCAATAAGCTCACATAATTCTTCACTAAGAACTTTGAATTTGGCGATGGTAGAAGCTTGTAATGAATCCATACAGAACGAACCAGAATCTATCGTAAACGACTTTAAAAGAAAAGACCCCTACTACGGGGTCTTTTAATACTAACAAAACTTTAAAATAAAAGAATTCTTAGCGTGCTTTGCTGCCCGCGAATTTGCGGCGTAGATCTTGAGTAACTTCTTGAATAGTCGCATTCAAAGTCACTTCGAAAAGATCGTCAGCAGATACTTTGTAAAGCTCGCCCAATTTTTTTAGAGCGTTGATTGGTGGGTGAGAAACACCACGTTCCCAGTTAGAGATAAATTGAGG
CP178622.1_gap59	2345645	2347717	2072	GGCAGTTTGTTATCGTGCAGACCATGCATTAGTAAAACTCGAGGCGTGGACGTCACCGTGCCATCAGGCACCACTCCTTGAGAGACTTCTTGCAAAGTGCGCCCGCCTATCGCAACTATGCCGCGAATAAGTTCAGGTTCGGTAAATCCTAAAGAAAGACTCATGATCGTGCCTTGACTGAAACCCAAAAGAACAATTTTACGGGAATCAACTTCAGGATGCGATTTTAACTGATGAATAAAATCTTTTAAAAGAAGGCGGGAGCTTTCCGCCTCTTCGCGATTGTGCAGAGGTCCCTCCGCCGTGAAGCGAACTTGGAACCAGGCAAAGCTCTCAGGCCCCATCACTAAAGGCGCGCGCAAACTAAGGACGGCGAATCTTGGATCCAGCGAAGAAGCCAACTCCGCAAGATCCTTTTCGTTGGAACCGACACCATGAAGAGCGATGATCACAGGCGACTTACCCTGGCTTTTTTCTTTTGCCGGAATGTAAATCGCCTGCAGCTTGTTATCTGTTTTCATATTATCCTTTTTTACCCAAGCTAAACCCACGCATAGAAATAGAACCCATGTCATAACCTTCAAACTGGAACGCCAGTTCATCTTTCTCATCTGCGGCTCCTAAAACATACAGCATTGGTAAATAGTGATCGGGCGTAGGAACGCTTAAGCGTCCTGCTGTGGATTTCATAAATTCTTCAGTAAGTGCTTTAAAGTCGCGATCGACTAGTTTTGCTTTGGCCCATTCGTCAAATTCGATCGCCCAATCTTCACCTTGCAATGGCTTATCCCAGTTCGCTCGGCGTAGGTTGTGAACGATGTTGCCGCTTCCCACGATCAAGACGCCTTGCTCTCTTAATTTTTTAAGAGTGCGGCCTAACTCAAAGTGAAATGCGGGAGGCTCTGACATATCGATACTCAATTGCAGAACTGGGATATCTGCCTGCGGATACATTTTGCGAAGCACAGCCCAAGTTCCGTGATCAAGCCCCCACGAACTGTCGTCACCGTGAATTTGCGGTTTATTAGACAGGCTTTGAATTTGTTTTGCCAACTCAGGATCACCGGGCGCGGGATATTGCACGTTGAATAACTCCTGCGGAAATCCATAGAAGTCATGTATAGTGCGCGGCTTTTCCATCCGAGTCACCCAAGTACCTGCACTCAACCAGTGAGCGGAAATCACTAAGATGGCTTTCGGTGTCGCGATTTCATTTCCTAAATTAGCTAAACTTTGCGTGAACGGATTGTCTTGGATCGCGTTCATAGGATTGCCGTGCCCCACAAAAAGCACGGGCATCTTCGCACCGTCTTGTTTTGAAGTCAGATTTAAAAGAGTTTTTAATTGATCAGGCATATGCAATCTCCATAGGCCCCAAGCCGTCAGCGCACTGCCTGCGCCAATCAGCAAAGACCTTCGACTTAAGGAACGTGTTCCCTTACTCATGCCTCCATTATTATGGAAAAAGCACTGTTCCAAAAGACGTCAAATTTGCATAACACTGTTCTATTTTTGTATATTTACCCTCTAAGCCGGGCTTATTTAGCTTTTCAGATAGGGCACTAAGGCAATTGCTGCCGGTACAAATTGAATCACGGCACCTCTCCACATCTTGCGTGGATTTGATAAAAGCAGGACTAGGCCCGCACCACAGATTGAAAGAAGAGCGTAAATGATAAGCGTCGTTCCCATGGAATAGGTCATCTCACCTGTTCTAAAATGCAGGCCTGCAAAAATCGCGATGGCTAAGAAGAGATTGTAAAAGCCCTGATTGAACGCAAGCGGTTTTGTCGCGGCGACATCTTGAGGCTTTACGCCGAAGATGCGATTGATGCGCGGGCGTCCCCAAAGAAGACTTTCTAAAATGAAGAAGTAAACATGCAAGAATGCCGGAAGAAGAGCGAACGATATTTCCATGTGCTTTAGTCTTTAGATCGTAGGCTTTAAGGTCAAGGGGTCTTCACACGGCCTCTCTCCCCTCGCCGCGGCTGGCAAAGGGAGGGTTCATTGTTTCGGAGGAGTTGACCCACGCAGAACCCCGAGCTAGCTTGAGCCATTACTTTAACGACACA
CP178622.1_gap60	2397533	2401822	4289	TGCCGTTTTATCTTTACGTACCGGCAGCCATCCGTAAAAAATTAGACCCTGAAGCTTTTGGATCCCAAGCCGACATTGCCCCGACACTTTATAACTTAGCTCTTTCTGACAAAGAATATTACTCTTTGGGGCGCGACCTTTTTGAAAAAGAAGGCGACTTTGCCGTGAATGCTTCAAACCTTATCGTCAATCGCACCGGCGGAGTTTTGGCGGCGGGCCACGCGGCCGAGGATCATGCTTTTGATTGGCAAGGTCACTACGAAAAATTAGTTCCCGGAGAAATGACCGAATCTAAAAAAGCCCTTTCTTTAAAATACAAATCCTTGATGGGCATTTTGGATTTCTATTTTATGAAAGAGAAAAAAGATCAGAAAGGACCGATGCAAAATGCGGATTCTCGTCGTTGAAGATCAAGTCAAAATGGCGAACTTTCTAAAAAAAGGGCTCGCTGAAGTGGGTTATGCGGTCGATCTTGCGGAAAGCGGTTCCGCAGCTGAGTCTTACATGGCTCAAGGTGATTATGACTTGGTGATCTTAGATGTGATGCTTCCTGATCAAAGCGGTATCGATACCGCTCGCCATATTCGTCGCGATGGTTACGAAGGACCAATTCTGATGCTCACTGCTCTTTCAACGACGAAAGACAAAGTAAATGGTTTGGATGCCGGCGCTGACGATTATTTGACGAAGCCGTACTCTTTTGACGAACTTCACGCCCGTGTGCGTGCGCTTCTTCGTCGTAAGGGAAGTGCGACGAATGGAAGTCATTCTAACACTTTGAAATATGCGGACTTAGAGTTGGACTTGATTCAAAGAAAAGCCCGTCGCTCGGGCCAGGAGATTTCTTTAACCACGAAAGAGTTCGCTCTTTTAGAATACTTTATGCGCAACCCGGAACGTCCTTTAGGACGTGTTTCAATTGCGGAGCACGTGTGGGACATCCACTTTGATTCAGAGAGCAACGTGATTGACGTTTACATCAATCTATTGCGTAAAAAAATCGACGCTCCCTTTGCGAAGCGCTTGATTCACACAGTGGTCGGCACGGGTTATGTTCTTAAAGAAAATCTATAAATTTCTTTCTAGCTTCAGTATCCGTCTTCGCCTGTCGTTGATCTTCGTTCTGATTTTTGGAGCGACCACGATCTTTTTTAACATGTTCCTTTTCAAAATGATGATCGACACCCTTCAACAGGATTTCGACGATGCCCTCTTCAACTATTCGGTCGACGTTTCTGAGGGAATTGAAATCGGCGTAAAAGGAGATCTCAGCTTTCCGCCCCTGCGTTTAGATCATGGTAAAATTCTTCCCTTCCCGCTAGGAACCGCGTTGATTCAAGTGCGCCACAGTTCTGGCGCCGTCTTGGCGCGCGTAGGGAACTTTGGTGAATTCAATCCGCCTTATAAAAAAGATTTTCAACGCATCTGGGCCGGTGATGAAGCCACCTACCGCACTATTGAACACATTCGAAATATCCCCTCTGCCGAAGCGGACTCTTACCGACTGATTTCTTTTCCTTTAGATAATGCGGCCAAACCTCAGTTACTTTTACAGATCGCCGTGCCCATGACTTTGATGGAAACCCAGATTTCGCAGCGTCTGACTTTGTTGCAGGTCGGGATTCCGTTTGTCCTTTTGATTGCAACCCTGGGCGGAATGTTTCTATCGGCCAGAGCCCTGAATCCGGTGAAGAACATTATCAACACAGCCAAAGAGATTAAAGTTAGTGAACTTTCTCAACGTGTGCCGATTCCTAATGCCAATGACGAAATTCGTAAACTGGCTTTGACGTTAAATGAAATGCTGGATCGTATTCAGCAGGCTTTTTTAAGTCAGGAGCGCTTCGTCGCCGATGCTTCTCACCAGCTTTTAACTCCGCTGACAATCATGCGCGGAGAACTAGAGCTTTTGCAGAAATCAGAAAAGCGCGATGTCGATCAATTTATTAAAAGTGCTTTGCAAGAGGTCGACAATCTTTCAGGTATCGTGCAAGAAATGCTGCTACTTGCGCGCGTCGATGCCGGCACCGGCGCACTCAACTTTCAAGACTTGGCCTTTGATGAAGTCATCTTTGAAGTGTTGCCTCGTTGTGAGAAGCTGGCTAACTCAAAAAATATCAAGCTCAAACTCAATATCAACAATGAGACAATGGACGATCGCAAAATGGTTCGCGGAGATAATGATCTTCTGCAAAATCTTGTGATCAATATCATCGAAAACGCCATCAAGTATTCGCCGAACAACGAAGTCGTGACGATGAACCTCAATTGGAAACAAGACATCACTCAGTTCGTCGTCGAAGACAACGGCCCGGGTATTCCAGAAGAACAATTGCCGTTCATCTTTGAACGCTTCTCGCGCGGTGCAAACATGGAGACCCGTGTTAAAGGCTTTGGTCTGGGTTTAGCTATCGCGCAAAAAATAGCGATTCTTCATAACGCAAAGTTAAGTGCGCAAAATCATTCAGAACACGGTGCGCGCTTCACTTTTGAAATTAAAAACATTTAATTCCGTTTTAATCAGGGCTTTAACCCTCTTTGCTAGCATAACTCCTGTTCGATTGAAGCTAACTAAAGAACCAATGGAGGTTACTATGAAAATCGCTTCTGTTTTGATGACTGTTGTATTTGCTGGTGTTGTTGCTCAAGCTAACGAACCTGCTAAAACTGAAACTACAACTGCTGCTGCTCCAGCTGCTGCAACTGCACCTGCTGCAGAAACTAAAGCTCCAGCTAAGAAAAAACACGCTAAAAAAGTTGAAGCTAAAGCTGAAACTAAAGAAGCTGCTCCTGCTGGTCACTAATTCCTTTACGGAATTAGCGAGCGCATAGCTTTCTAAGTTAAAAGGGAACCTCGCGGTTCCCTTTTTTATTTCTTAAGCTCTTCACACTCTTTCGCAAAACTTTTCCAGAATCCTTGAATCAGCTCTTTGCTCTTCGGATCCGTCAGCGTGCCCTTTTCGTCAAAGGCCTTAGAAGCATTAAAATAAAATTCAGGCTGACCCATTGTCGGCATATTTAAATACGCCAGCACCTGACGCAAGTGATGTTGAGCGCCGAATGTTCCAATATTTCCAATGGAGGCCCCCATCACCGCCGCGGGCTTTTTATCCCACAGGTTTTGTCCATAAGGGCGGGAACCCCAATCGATGGCGTTTTTTAAAACTCCCGGAAAACTGCGATTGTACTCAGGCGTGATAAAGAGCGCGGCGTCGGCCTCTTTGATTTTATTTTTAAACTGTTTTGCGACTTCAGGTGGATCATTTTCCAGATCCTGGCTAAAAAACGGCAGCGTGGCGATATCAAAAGTGTCTATCTGAATATCCGCGGGGGCCATATCTTTAACGGCTTTAAAAAGTTTTTTGTTTAACGAATCTTTGCTGATACCGCCGACCAATGTCAGCACTTTTGTTGCCATGAGTCCTCCTTCACAACACTTCATCAGAATCCATTCTGATGTGCCTGCCAAGGTCTCCGACAAAAAACAAAGGCGGACTTACTGTCCGCCTTTTCTATCTTACACAAGGCTTTCTTCGATCTCTTCTTTGGAAAATTCCGACGGACGCCGCACCGATTTAACTTCACCTGCAGAGATCTCAACGATCTGGTCACAATCTGCAATCGTACCCAAACGATGCGCGATGATGAGCATCGTTACTCCCGCGAAGGATTGACGGATGACTTTTTGAAGTGTCGCATCAGTTTGTACATCCACACTGGCAGTGGCCTCATCCATAACAATGACACGCGCTTTTGTTAATAAGGCGCGTGCTAGACAAAGAAGCTGGCGCTGACCTTGGCTTAAGTTCAAGCCCCCTTCACTGACAGCCGAATGAACTCCTTGCGGCAATTCTTTGACATATTCCCACATCGAAGCATGTTTTAAAGCCGTCACTACTTCTTCATCGGAATATTCGTTATAACGATCCAAGTTATTACGAATGGTTCCTAAGAACAAAGTCGGATCCTGCGGAATGATCGCTAGGTTGCGACGCAATTTTTCTAATGGCACCGTCGCGATTTCCACTCCATCAATTTTGATTCGACCTTCTTCCGCTTCGATAAAGCGAAAAAGAGATTGAAAGAAGGTGCTCTTTCCCGAACCCGTGCGCCCGATAATACCTACTCGCGTACCGGCCTCGACATGGAAAGTGATGCCTTTAAGAACTTGCGGCAAGTGAGGAGCATAACGCACTTTCAAATTCTCAACAGAGATCTCTCCTTTTTCTGGCCAAGAAAGACGAAGCGGCTCTTCGTCTTTCAGCAAAACATCTTTTTCTGCAGGAAGG
CP178622.1_gap61	2404096	2406093	1997	ACGGCCAAGGCCGCAAGCGCCGACCATCCAATGTAATAAAAGAGCATCGCCACCACGCCGATGATCAGAAACAGTGACGAAACCAAATCTCCCAGGATCTGCGGGAAATCAGAAACAGAATCACTGTCCGAGCTCATATGGTTGACAATATCACCCACCTGGCTTTTTTGGCGCGCACTTTGACTGAGTTTCAAGCTGTGACTAAAGATCTTCTGGTTCAGAATATTCGTCGTCACTTGATAGCACTGAAGCGTATTATAAAAATAATGCTGCAAAAACAGTCCCGACAAAAAACCACAAAGACCTAAAAGAAGTCCATAAAGCAGGGCTTCGGGCAAAGTTTCTTGGGTCACGCCTTTAGAAATCAAACCTACGAAACGATTTACAAAAACTGGCGATAAAAGCGCTAAAACCGAGCTCGCCAGATACCAAGAGTATCCAGGCAGCAAAAATTTCTTAAGAGTGCGAATCAACGAAAACAAAAATGCTTTCGGCGTCGTCCACTGCAAGGGCTCTAAGGAAACAGGCAAAGTTTCCGGATGTAAATGCGCAGGTAAAGGCAGTAAGTCGCCTTCATCAATGTTTTTCGTTTTCGCCAATTTCACCAAAGAACTAACTTGGTAAAATAGCATACGTCTAAGGAAGTTCATGCAAATCCGTATCTGCTCATCAATGAGCAAAATAAAATATTAAAATGTCAGAGAATCAGATCTTTACGTTGGGTTGACGTCGGGATCTTTATTTTTGAATAAGGGAAAGACACATCATTGAAATGATTTTAGATAGAATCATAGTGACCTCCCCTTAAATATTGCGTGAGATAAAGCCAGGTTAAACAAACGACCGCGCTTTGTCTAGCCCCTAAAAAATAAATTTTTATTGAGTCACGGATTTAAAGGAATGGTGAAAATAAAGCGAGAACCCTGCCCTGGCCTGCTTTCTACGGTGATCTGACCACCCATTTTTTCCACCAGCTCTTTGCTAATACTCAATCCCAGCCCCGTGCCTCCGAAGCGGCGAGTTATCGACGAATCGCCTTGATAGAACCTTGTGAATAGAGTGGCTAATTTATCTTCGGAAATACCTATTCCTGTATCCTGAACTGTGAATTCAAGGACGGGTTGGGCTTGTCGACGCAGGGATATATTTAAAAGAACACTTCCCGAGTCCGTGAATTTAAGACCATTTCCGACCAGGTTGATAAGAACTTGCTGCAAACGTTTTGCATCTCCAGTCACCGTATCAGGCACATCGTGATCAATATCCACACGCAGTTCCAACTTTTTTTCCTGAGCCTTGATTAACAACAACTCAATACTTTTTCGCACGGTTTCGCGTAATGGAAACGGCACCTTTTCAAGCACCATTTGACCGGATTCGATTTTCGAGAAATCCAAAATGTCATTGATAATACCTAAAAGACTTTCAGAAGCACGACTCAAAATAGTGACATAGCTTCTTTGATCTTCATCAAGCGGACTTTCTAAAAGCACTTCTGCCATGCCCATTATTGAATTCATGGGTGTACGAATCTCATGACTCATATTCGCCAGAAATTCAGATTTTGCCTTGGTCCCCAACTCTGCTTCTTCTTTCGCTTTCAAAAGCTCCGTTTGATAACGATGCAGTTCCGTAATATCCGTGGAAACACCGGCCATAGCTATCACATTACCTTGAGCATCTAACAGAGGAAACTTTTCAGAGATGTACTGCTTTTCACTTCCATCTGGCAATAAAATGGCATCTTCCGTTTTTTCAGCTTTCTTGGTGCGAATGATTTGATGATCATTGCGAACGTGCCGAAGTGCATCTCTTTCAGCAAACAGATCAAAATCTGTCTTACCTAAAATCTCGTCTTTGCTTTTACCCATTAAGATTTCAAATTGTCGACTGGCTAAAATATAGCGCCCCTCTAAGTCCTTCACGTAAATAATCGACGGCGAGGAATCAAAAAGGCCGTTTAAAAGCTCTTGCTGATAGCGCAGAATATTTTCGGT
CP178622.1_gap62	2407107	2407734	627	CGCCTTTGAACAACACTAAGTCACTCATGCCTCCCAAAAGCGGAGCTAGCCACCACTTTTGAAAAGCCCCGAATTGAATGATTCCGCCAAGGAAAAGAGAAACCAAAAGACTTTCTTTCAATCGAAGAGCATCTTGATAGCGTTGTGTGACGCTCGCTACTCCTAAGAATAAAAGGAAAATGCCCAGAAATGCATTTTGATAGTGTCCTGTGATAACAATTCCCGCTAGAAAAAGAAGATGCACCAATGTGACGCTGGCTGGAATCGGAGCTTGCGCTCCCGAAAGACGCGTTTCAACTTCGCGCAAGGTGATACAGTTTTGAGCGAATTCTTTTCTAAAAATCGTCACAAGCAGAATGCCATTGATTGTTACGGCAATCGCGCTTTTCCAACCAAAGTGAGTCAACACGAATGCGAAGTCCCAATTCCATTTACTCGCAACCATTAAAATGGGTGGCGCCGCAAATGGGGTCAACGCTCCACCAATAGAAACATTCACAAAAAGAACCGCGATCAAAGCATAGATCAGTTTACTGGATTCTTTTTGCAACATGGAGTTAAGCATGAAAGCTGTCACTGTCATAGCTGCGGGCTCGGTGATAAAACTGCCACTGAGTGACCCAACAA
CP178622.1_gap63	2408850	2411086	2236	TCGTGGGGAACTACCTCCGTCGGCTTCGTAGAAACCTCCACGACGGGAGCACTAATGCGAGAACACCCCCCGGGGCATCCTCCAGACTGCTTCAAGAACTCTTTTTGCAAACCTTCGAGCTGTGAAAACAAGCCCTTCATTTTAGAACTTGCCGACATGATTCCATAGCTGATCGCAGGTAAAGCCTGCTTTTCTGCTTTCACTTTTACGTCGCAATGAGATTTGTTATTTTTGTTGAGCGCATCGCAAAGCTCTTTTAAGTCTTGCGTTGACGAGGTTTTCGTTGAACACGCCTGTTGGGCTTGAGCCACAGACCCCAATAAAAATACCAAAGATAAGAGAATGTGTTTCATGGATGCTTTATCGGCAGAAGGAGCTGCTTTTTAAAGCGATTTTTCCTTGAAAAGCGCGGGTCTCCTCATTGTTTCCACATTGTCAGATTTGAGGGCGAAAGTCTGGCTCTATTGGCACAGAGTCATATTATTTGCGATAAAGCGGCGCTGAGCAGCCAGATCCGTCTCGGAATAACTTAGCTCCGCAGCCGTGCAATGATGGGTTTGCGCTAACTCCTCCACTGCTTCTTTTTCAGAGACAGAAAGTCCCAGCGACCAAATCAATTTAACTTTCAACCATTGAGCCAGGTATTGGCACTGATAACTGCGATTCGGAGGCATGTACCCTTCCGGAGTTTTATCGCTCTTTGACGAATTTTCCGGCCCATACACAGGCAGCAAATGAAATTCATTCCCCATATAATTCGCATAAAGACAGCGTCGTTGCCAATTCCACTTATAGGCCCCGCTGATATACGCATTCTTCAATGGAACAAAGTGATCAATTTGAATATCCGATGCCCGCGTGTAATCACGATTGCTGTACGGATCTGCCCAATGCCCCTCCGTCACGGTGCAACCATTGGAAGCGAAAGAAACTTCCACGGCAGAGTCGCGAATTAAAACTTTTGCGCGCGTGTTGTAGCAAGTGCCGTCGTTATGGTCGCGCAACCAACTGCCAAAATGTTTCGCGCGGTTGTAGCGCTCGTTGTAGTTGGCATATTTGTCTTTGAAAAAGGAAAATCTAAGAAGAGATAAAACAGAATTCGTGAGTGTATTGGTTTCGGAGTTGTTTTCTAGAAATTCTTCGGCGACATCGAGAGGAGTCATTAAGGCTTTTTTCGGCGGAGACTTTGCGGACTCTTGAACCATATAATACTGAGCCCGGGCATTCCCACCGGCCAGCAACAACATCATCAAAAACAATGTCTTCATGGAGTCTCCAATCCCTAGAGATTCGCTGTCTTTTTTATTAGAAAAGCCCTTGCCACGCTTGGCAACGAGTAATTTGTTAGACTTCCGTTAAGGCTGGGCTTACAAAAGTCATTATGTTACGTGCCGGTCGCTTTCGCCATCGTCTTCTTGACGACACATTTCTAAAAACTCAAGGCCCGGTGGCCTATGAGTGCTTGCAGCCGTTTCTTTCTTTGTGGCGGCAAAAACGCCTGAGCGATGTCGAAATCGCCTCGATTTATATTTTTATTTTTGCGTTCTTGCGCCGACCCAAGGATTTCCTGGGAGGTGTTCACAATGAATTCCCGATTCCGTCGTCGAACGACACCGCTTTGCGGAGCGAAACTTTTTTAGGCATTCTTCGCGAATCACTTCCGGCAGAACTTAAACAGGCGAAGTCCTTGCGACGCTTTGAAAGCCCCCGCCCTTTTGTGGATTTCTTCTGTTCTTTGAGCTGGCGGTCGATCCCGCTCGCCGTACCTAAGTCTATCATTCGCTGGAAAGAGCAGATCTACCCGCTGGACCTTTTAATCACGTTGCCCACCCCGGAAGATGTTTTAAACATGCAGGCGCAAGGGCGACGTTGCATCAGCATGCTGGTTGAAAAAGATCAGATCTTGAATTTTGTCGAGGAAGGTCGAGATGTTTTGGGCTTCATCGTGCACGACCTCATTCATGCTGATCACTTTTTTGCGGACCCCGAAAAGGCGTTAGCCCAGATTGAGTTTTGCAGACGTTTGCGTATTGTTGTGACCTTTCCAGATATCCAACAAATGTTAGAAGAAGACGATTCTTTCCGACGAGAATTTCATTATTTAATGTCGGATATGAACTCGGTGCCTTTGCATTTGTTAAAAACTTTCAAGGCCATTTTGCTAGGCTTTTACAAACGCCAGCTTCATCTTGAGATGACAGCCGAGCTTCCTGCCGCAGCAGAAGCCAAATTTACT
CP178622.1_gap64	2412551	2416998	4447	AGGAGAAAGGATCGTGAAAAACAAATACTCTTCTGCCGGACGAACCCCTAGGAAAGACTCACTGCCGATCAATGTCGGACGAATGTAGAGGGAACAGCCTTTTTCTGAAGGAATCCAATCACGATCGAGCTTAATAAGTTCTTTGATACCTTCGATGAAGATTTCTTTAGGCGGAGCAATCATGCAAAGACGTTCTGCACCTTCGGCCATGCGGGCCCAGTTGAACTCCGGTCGGAACAGAACACAGCTTCCATCTTGATGAGAAAAGGCCTTCATCCCTTCAAACAGTGCCTGACCATAGTGCAAAACGCTCGCACCCGGATCGAGCGGAATGGGCTCATACGGTGTGATTCGTAAATTGTGCCAGCCTTTTTGCGTCGAGTAAGAAGCCAGAAACATGTGATCAGTAAAGTAACGACCAAAGCCCAAAGAATCAGCGGAAGGACGTGTTTTGGGGTTCTTCGTCTTTTGGATAGAGATGGAATTTGCTGTCATGACCCCAATAAATCACGAGCGCGTTTATGGCGCAACCAATTGATGCACTTTTATCCACCTAGCTCCCAAATTGAAACAATTGTCATGATTTAATCACAATTCACCATAGTTCCTCTTCTCTAATTTTTGTCGTTTATGATGGGAATCATGTTTTTATACTGTGATTTTCCGCAAAGTAAGGCCAGAGGAGATGACTGAAATGTCTCTGGCAACACTGATTCAATGCAAATACTGCGCGACACCCACTGAAGTGGGGCCTTATTGCTGTCGAGCGTGCGAGGTCTTAGACACGCAAGTCGGTGCATTTCCATTAGTAAAAAATTCATCCAATCCTTACTCTTATCTTGATCAAAAAGACTTTAAAGACATCTATCGCCATGGTGAGCAGAGCGAATTTGATTATCTGTTTTATGCAGAAGGTTTGCATTGCTCTTCATGTGTTCACTTGCTTGAAAAACTTCCAGAGTTCTATCCCGATGTCGTCAATGCTCGCGTGAACTTTGCTCAATCCACCGTGGCCGTAAAACTGAAAGACCAAGGCTCTTTAGCTCAAGTCGCTTATGTTATTAAGGAGCTTGGCTATTCGCCTTCTCTTCTTTCAGCTCAAGATCATGTGGCCGAAAAATTCAAAGCTGAAAATCGGGCCTTCTTAAAACGCATTGCAGTTGCGGGTTTCTGTGCCGGCAACACAATGCTTTTTGTCATCCCGGTCTATGCGGGACTGGCGGGACGCTGGGCGCAGGTTTTCAACTGGCTGAGTTTTCTATTGTTTCTTCCCATCTTATTTTACAGCGCCATCCCCTTTTATCGCGGTGCCTGGAACACCTTAAAGTACAAAGTTATTAACGTGGACCTTCCCATTGTCATCGCGATGCTATCGGGTTTTATCTTGTCGACTTACAGTCTGATCCGGGGCGAAGGCCACATCTATTACGACAGCACGGCGAGCTTTCTTTTCTTTATTCTATCAGCTCGTTATCTGTTAAAACGCGTTCAACAAAATCATCTTTCGTCTTCGCACTTAAAAACGTTCTTTAAGAACGAACGCTATATCTGTGTGGATAATGAACAGGAACGAAGCGTTCCTTGGGACCATATTCAGAAAGAGCAGATTCTTTTAATTCAAAAAGGACAGAACATTCCTGCGGATTGTGAACTGCTTTCAGACCAAGCAACGGTCGATATGTCTCTTCTTAACGGAGAATCCCTGCCGAAGGTCTTTTCTCGACACATGACTTTGCTTGCGGGAACTCGTCCCTTAGAGCATGAAATTCGTGTCAAAGTTTTGGACTCTTTCGCCAATAGCAAACTGGGTAAACTCTTCGCCCAACTTGAACATGGATCCTCGGTCAAAAGCCCCTTTGTAGCTCTGACAGATCGATTGGCGCAAAAGTTAATCATTTCGGTCTTTGGAATCGCGATTTTATTCTTCGCTCTTTATTACTCGATAAACCCGACAGAAGCTTTTAACCGGGCCTTAGCATTGATCGTGCTTGCATGTCCTTGTGCTTTAGCCTTTGGCTCCCCTCTTGCCTTTGGCTTGGCTTTAAAAAAGGGACAACGTCAGGGGCTTCTTATTAAAGATGCTAAGAGCTTAGAAAAAATTCTGACTGTTAAAAATATCTTCTTCGATAAAACCGGCACATTGACTGAAGGACAATTGCGTCTTTCTTACAGTGAGCCTAGCGTGATTGATTCCGATCTCAAAAAAATCATTCTAAGCCTGGAGGCGGCTTCTTACCATCCAGTCGCGTTCGCCCTTCGAGAAGCTTGGTCCGAGACAAAAATTTTATGCTCTGGCGTGCAGGCCGAAGAAATCTTAGGTCGCGGTGTGCGCGGTTATGTCGATGGTGATTTTTATGAAGTTCGTCACTTGGCTGAAAGTATGCACGAATCTGAAATAGGCATCGAAGTCACTAAAAATGGGAACAGCATTTCGCGCCTTTATTTCAGTGATACTTTAAGAGAGGACGCAAAATCATCCGTCGCTCAATTGAAAAGAGAAGGCAAAGAGTGTTTCTTAGTTTCGGGAGACCGTAAAAACCGCACTCTGAAAGTCGCCGAAATTTGCGGTATCGCGAAAGAGAACGCTTATGGTGAGCTTTTCCCCGAAGATAAAAAACAAATTCTCGATAAGTACTCTCACACTTGCATGATTGGCGATGGCGCCAACGATTCGTTATGCCTTAAAGAAGCCGACGTCGGTATCGCGGTGAAAGGCAGTGTCGATCTAAGCTTGCACAGCGCCGATATTTATTTAACTCGCGGCGGGCTGACTCCGGTTTTAGACCTTTTCAATCTGGCTCAGCAAACTCGTCGAGTTTTGGTGCGCAATTTGAGCATCTCTATCGTCTATAATATCGCCGGTGGGGTTTTAGCTCTTTGTGGTTTTATTAATCCTATGATGGCTGCGATCTTGATGCCGGTCAGTTCGGCAGCACTCATTTTATCTTCGCTCTGGGGGTTCCGATGAACATCATCACGATCATGATTCCCATGGCTCTTTTATTAGGAATTGGTTTCGTCGTCGCTTTTATTTGGGCTACGTCCAAGGGACAGTTTGACGATTTAGAAACTCCGGCACACCGAATTTTGAATGATGACAACGAAAGGAAACAGTTGTGAAAACGAACAGTAGTATTGTCGAAAAAATTTACTACGATGACGACATAGTAAAGAAGTTCGTCCTTGCCACGATGATCTGGGCAGGAGCGGCTTTCTTATTTGGACTTATCGCAGCCTTGCAGTTGGCTTATTGGCCGATGAATGCGAATCTAGAATGGATCACATTCGGACGACTTCGTCCCCTGCACACGAATGCGGCGATCTTTGCCTTTGCGGGTAACGCGATCTTTGCCGGGATTTACCATTCTTCGCAAAGACTTCTGAAAACACGTATGTTCTCGGATGTGCTTTCAAAAATGCATTTCTGGGGCTGGCAGCTGATCATTCTTGCTGCAGCAATCACACTGCCGCTGGGATACACGCAGTCTAAAGAATACGCCGAGCTTGAGTGGCCGATCGACATTGCGATCACAGTGGTCTGGGTTATCTTTGCTGTGAACTTCTTCGGAACAATCCGCCAACGTCGTGAAAAACACATGTATGTGGCGATCTGGTTCTATATCGCAACGATTATCACCGTGGCGGTTTTACACATCGTAAACTCGATTGAAATTCCGGTGGGAATGCTTCAGTCCTACCCGGTGTATGCAGGTATTCAAGATGCCTTGGTGCAATGGTGGTATGGTCATAACGCGGTGGCCTTCTTCCTAACAACACCTTTCCTGGGTTTGATGTATTACTATGTACCGAAAGCCGCAAATCGCCCGGTGTACTCGTACCGCTTGTCGATTGTGCATTTCTGGTCGCTCGTATTTATTTATATCTGGGCCGGTCCTCACCATCTTCTTTACACATCCCTTCCTGAATGGGCGCAAACTCTGGGAATGATTTTCTCTGTGATGCTGTGGGCTCCGTCTTGGGGTGGTATGATCAACGGTCTTTTGACCTTGAAGGGATCTTGGCATCTTCTTCGTACCGAGCCGCTGATTAAATTCTTCGTAGCAGCTTTAACATTCTACGGAATGTCCACTTTTGAAGGTCCCCTTCTTTCTATCAAATCTGTTTCTGCTTTAGGTCACTATACAGATTGGATTGTGGGTCACGTTCATGCGGGGGCTTTGGGTTGGAATGGTTTCTTGTCATTCGGGATGATTTACTATCTGGTTCCTCGCCTTTGGAAGACAGAACTTTACTCTAAAAAACTTTTGGAAAATCACTTCTGGATCAGTTTGACAGGGGTTCTACTTTACTACATCTCGATGGTGGTCGCGGGTATCACTCAAGGTTTGATGTGGCGAGCGGTCACTCCGGAAGGTCAATTGGTGTATCCAGATTTTATCGAGACCGTGGTTCGCATCGTACCTCTTTACTGGGTGCGCGCACTAGG
CP178622.1_gap65	2475331	2479956	4625	AGCCCTTTGGGGTTCCGTCGTTATCGGAAAGCCTTTACTTGTGTACCTGGCTGAACAACAAGGTCATCAGTTTCCCGATTTTATTAAAGATAAAATGAAGGGCATTACAGTTCGATCAGGTCTTTTCTTTGCCATTCATACAGGCCTTGCCATCTGGGCCGCTTTGGCATGGAGCACATCCGCGTGGGCTCTATTAAAAGGCTTAGGAGTCACGATTAGTTTTGTGTTGTATCTCATCATGGAGGGTATTCTTTTACGCCGGGCCGTTTTAAAACAAAGATAGTATGAAATATTTAATCCTACTGTCTTTTGTTATCCTTTCTTCGGCCTGCAGCCGCTCGGGCGTTATGGTCCGCATGTTCGACGATCTTGCAGTCTCAAAAGCCGATGACTACTTCGAGCTGACCAGCAAACAGCGCGAAGAACTTAAAAAAGACCTGCAAAAAGATGTCGACGTCGCTCGCAAAGAGCTTCTGCCCCAAATCGCAAAAAGCCTTCGCTCTATCGAGCCCCAAATCAATAAAGAAAAATTGGATTCAGAAATCCTCACCGCCCAAATGATGGAGTTTCAAAACTATTTTAAAAAACTCTCGAGCTATTTTGGCGAGACCGCCGTGAAAACATCTTTGTCACTGGAACCATCCCAAGTCTTTCACTTTGCCAAAGAAGTCCGTGAAGATATTGAAGATGACTCTGAATCTGACGCTAAAGAAAAGGTAGAAAAGCGTTATAAAAAATCTGTCGAGTTTTGGATTGGTGGTATCTCGTCGTCTCAAAAAGAAAAGATTCAAAAATTCTTAAAACAAAATCCTTATCCAAGCAAACTTCAAAACGAAAACAAGGAATACGTTTTAAACCAATTCCTGGAAGCCAAAAAGAACCCGGAAACTTTAAAGAAGTTCGTTAAAGATTTTTTCAACGACTATGAGTCCGTGCGCCTGCCTGCTTACACAGAAGCCTTGAACAATCACAAAAAAGCCTTCCAGAAATTTTTGATTGAAGAATTCTGGGGCACGGTCAGTAAAAATCAAAAAGAGACGCTAAAAGAAAATATCACGAGCCGCGCAGAAGATTTAGAAAAAATCGCTCAGTACAACTAGCTCCCAGAAAACTCAGGCGCCTTCTTTTCTTTCATAGCCTGAAGAGCGGTAAAGTGATCCGCCGTTCTCTGCGTAATCCCCTGATAAGCCGCCGACAAGTCCAAGATAGTATGAAGATCATTTAAATAAGCCATCTTCATCGCCTTCTTTGTCATCTGCACCGCAACCGGAGCATTGTTCGCAATCTTTTCAGCTAGCTGACGAGTCTCGACTTCAAGCTGAGCCTCCTCAACAAAATAATTAAGAAGTCCCCAACGTTGCGCTTCCTCACCCGCAATCAAGTCCCCCGTTAGAGACATTTGCATAGCTTTAGAAAAACCAATCACGCGCTGAAGAAAGAAAGTTCCGCCGTCTCCCGGCACAAGTCCCAACTTTACAAAAGTTTCCCCGAACTTTGATTTCACAGTACCGACACGCAGATCACACATCATCGCAAGATCACAACCCGCTCCAATCGCTGGGCCATTGACCATGGCAATTAAAGGCTTTGAAAGCTCTTCAATACACTTAGGAATCTGCTGAATACCGTGAATATAGCGCATGCGAAGCTCATTACTTTCACCCGCAAACATTCCCGTTTTATTCTGCATGGCCTTCACATCGCCGCCTGCACAGAATGTCGGACCTTCACCTTTAATCACGATCACTCGGACTTGCGGATCAAAATCAGCATGTCTTAAAACGCGAGTTAAGGAATCCACCATCTCTAAAGAAATCGCATTGCTTTGCTCGACATTATCAAGCGTCAACCAAAGGACATGCCCCGAAAGCTGGGTTTTAAGATGCGTGAAATTTTCAGAATAGAAATTCATAGTAAGCTCCTGACTCGATTGAATCAGAAGAGCCCACCGTCATCAAGGAATGAAATATTCAATCACGGCGGGAAGACCATTTTGTTTTGCCATCATGACTAAGCGCTTGGGTTTTGCCCCTGACGCGGCCTTAACCAAGATACGTCGTCCTTCACATGTGATGTTGTCTGCCGGCATTGCAAGCTCGGTCAGCATGTAGTGACTGTTTTCTATAAGCGGCCAGTTTGCCGTCGATGTTAAATCCGCAGGATTTGTGATTGCCGCTTTATAGACTTTTCCTGCGGAACAGAAATAGATATTTCCAGAATCATACGCAAACCCACCCGGTGCTTTGGAAAGAGTTAACATCTTTCGCACATTGCCGCCATAAACCACATGCATGTCTCCAGCATAAGCCGAGTCACGCACTGGATTTAAAAGCCAACCTGAAAGAGGCGCGAAATAAACGGGCGTTCCCTTATAATGCATTCCACGCGGTCCTAAATGACAGTTGCTAGAACTTCCATCTGGACACGCATCACCCGACTGATCTTGAACGGTGACACCTGCAATATAGTTGGAAGTTGTTGGAGTTAAAAGTCGCAAGTGACTGTTGTTGTGAGCTGTTCCATTCCAATGGAAATGATTCATTAAGATGTTACCACTGCGATAGGCGACGATCTCTGGAGAATATCCGGCAATTAAAAGATCCGACAACGGTATTGTGGTTTGCGTGAAGCTTGCGGTTGTTCCCTCGCCATCAAGCAGGCTTTCCCAAAGACCTGTAGCTCTATTCAAACGACAGACCTTATGATACGAGACAGCAGAGTCGACATCAATCTGCACTCTGTTTTCATAACAGTTCATGTAAACGTCGCCGTTAGCAGGATTTGTCGCAAAGGGATTTGGATTCCACCAGTTCCCTAAGCGAATCAACTGAGTGTTCGCTGCGGTGGCAAAATTGACATTGCCGTTTTGCCCGTTACCTGCCACCAAACGAACTTCAGGAGAAGCTCCCGGCACGATCTCGCGCATTTTATTTTCTTGGTGATCCAAAATAATGACGCTGTCACCGGCTCCGTGATCTAAATAGTGAACCATTGCTAAGCGCATGTCGGTCGCAGAGCCACCATCACCTGCATCTTTACGTTGACCAAAAAGTGTATAGACATTGCCATTGACGACAGTCTTAATAACTCCACGAGTCGAAAAATAAATTCTTCCGTAACGATCGACAAAGGCATCATCCAAGGCCACCGCGCACGAAGTCGCCGGGGTTCCATCTGTACAGGATCCCAAGGCTCCCGTCCCTAAAACACGCGACCATGTACCATCGTCATTAAGTTTAGAAAGTGAATGTTCTGTGGCGCGATTTGAGCGATAAACTCTGCCATCCAAAGCTTGAACATCATAGTAATTCAAACTTGTATTGCCGTAGGGATGATTCGGGTGAACTCCGTTCGCGACCCAGGTGGTAATATCAAGCTCCGTCATATTCCCATAAGAATTTCCTGGGACCGGATTTGTCGCACCGACATAGGCCTTTAAGATCTCGCTTGTTTGTGGATTATAGCGCAAGCTAAAAAACGACCAATCTTTGACGTTCAAATCCCATGTGGGCAGATCTTTGACACCCGTTCCGGAAAAACGGAAAGCTTCAACACGAGGAACGGCCAGCGATCCTTTATATACGCGGATACGTCCGCCGTAGTCTTTGCCTTTGTTTGTATTGTCAGAAATAAAATAAATATCACCATTAGGCAGGGCCATAAATGGCGCGCGCTTACGGATAGCCCAGGTTTGATCATTCGTGAGATTGATTTTCACGTCACGTGGATCTGCGACGGTGTCGGCGGTGTTAGTTCCGAGATTTCCTGCCGGGTCCGCACCGATGATTGTTTCAATCGTCATGGGCTCGACGCTTGTGTCAATTCGACGAATCATGTTGCGGTCATAGACTAAAATACGATTTTGATAATCTAAAGTGGTTCTTAAAATCGCTTTAGCCCGGGCTTGCTCTACGGGAATGCCGTCACCATAAGAGTCCTCGGAGCTTTTAGCTAAGCGAAGAATTAATTTCGAGTTGTTCGTCTTCGGATCAATATACATCAAACCATAAGACGAATCGTTAAAGAAAATCTTTCCGTCGGTCGTCACTAACAATGTACCCGGAGCGGTGTCATTGCCGACAGCGGTATTAAACACCGTCTGCTTCGCGTTTCCATTGTGACCGGGGTCTTGATTTCCCGCGAGCAGATTTAATAGACCACTGTTTAAAGGCGGACTTGTCACTTGCGCGGTCTGACCGTAATTGTCAGTCACACGCACTTGCAACTTGAAGAAAGTGTCGTTGGGGAAGGTCGAATTCCAAACAAAGCATCCCGTGTGGGGAGCGGAATAACTGCAACTTGATCCATTCGTAGAGTTATTTGCTAAAGAATCATCAATCAAAGTATAAGAACTTCCATCTAATGAGGAATAAAGTTCCACTTTCGTGATGCTGCCATTATCTGAAGCCTTCCACTTAACATATACCGGCGCATTGTTGGCAAAATTCATATCGCCATTAATAGGCGGCGTATTCGGAGTCGCAGAGTTCACAGTCAGGATATCCGACACTGTTGGTGAAGGGTCATTGATATATTCAATAGTGTTATAATCTTTTTTAAGCGTCGCCGAGTTCGTGCTGATATTGCCAGCCACATCGCGCACCCAGGCATAGATGTTATAAGAG
CP178622.1_gap66	2481900	2482890	990	ATATTCTGATTCTCGTAATAACACTCCCCTTGAACACTCACATTATTTACATCAGAGGATTTATTGATAACAAAAGACTCAAGACGCTCCCCCGAAGAGTCCGTCAAAACAGGAGGAGTCAGAGCATTAAAATCTAAAAGATTCCCACTGAGCGTACACCCAGCAATAACGTACATTCCAAATAGGATTCCAGCGACGTTCCTCATATTATATTCATCGGAACGCCGAAACCGATTCTAAATACTACAAATCATATTCAAGCTCACTATCTCAAGCAGAGACATGACGAATGTTCCACCAACATCCGAACACTCCAACTATTTAATTTTCACATCGAATAATTGTTCTAAGACCAAAATCCCCCTCTGAAAAAACCAAAAAAACCCGGTACTCTCCCTAAAAATCCCGCAATAATCTAGCCCCCGAATTTCCCCAACGGCGCAGCCCCAAAAACGAATAATACCGCTCTTCTGCCAACACAACAGCAGAAGAAAAACCCCGCACGACAATTTTCTTTAAGGAGTGAGTTGAGATTCAAGCAAAGACTTGCTGATTAGAACTGCGGCTAGGTATAGGCCCGAAGGCTCGGCCTTAGCCGGCGCCACGACGGCGCGAACCGCCCAAAGGGCGGCGGCGATTGAGCCCGGAAGGCGTGCCGACCGAAGCGGCCTATACCTAGCCGCAGTTCTAATCAGCAAGTCCCCCGTTTGAAACAAAATCCCCAGGCCCAGAAACGAAAAAAGGCCCCCGAACGGGAGCCTTTCGAATCAGCCAAGATTACTGTTGGCAGAATGGTAGATCTGGTTGGAGTTGGCAGATAATCTGACAAATCATAGGATCACCCAATGGGCATTCACCCGGCTCACCTGGGTTGCCTGGATCAGGAAGACCGCCACCGTTGTCTGGAGGATTTGGATTTGTACCACCAGATTTAGCACCTACGTTGATGTTCAATGTAGAAGCCGTTTTACCGTCAGCATCTGTCACAGT
CP178622.1_gap67	2490729	2495712	4983	TTCTAGCTTCATCTTTTCTGCTTCCGCTTCTGCTTTACCAGTATCTAATTTGATCTTGGCTTCTTCGGCTTTGTTCTGAGCAACTTCCATTTGTTGCTCTAGCTTCTCGCGTTCGGTCTTGGCTTTTTCAGCTTCATCACGCAGACGTTTTAACTCGGCATCAGCCCGCAGGCTTTCTGCTTCACTTTCAGCAATCACTTTTTTAGCGCGAGCGATTTCAAGACTGGCCGCCGCTTGTTCTTTCTTCAGGTTGTTGCGATTGCCTTCAAGCTCTTGACGAGCCTTCGCGGCAGATTGTTTCGCTTTTTCTTCCTGAGATTTAATTTCGTTTACTTTTTTGCGCTCTGAATCTGCTTGCTGAACGGCTTCTTTAGATGACACTAAAGCAGCTTTCAGCTCGCCTTCCACTTTTTCAATCATCGCTTTGGATTGTTCTTCTTGAACTTTCAAACGAGCAATTTCAGCTTCGGCTTTCGCTTTATCCGCTTCCGCTCTGGCAATTTCTTGTTTTGCTTTGGCTTCGCGGGCTTTGGATTCTGCCACGGCTTTTTGAGTCAGCAATTTTGCTTTTGAAAGATTTTGCTCTGCTTTATTAGCGTCGGCTTTAGCTTCCTCAGCTTCTTTACTAGCCTGTTGACCGGCTTCGGTTGCTGATTGCGCCTGCTTTTCTTGGTCTTTCGCCTGATCTCTTAATTCGTCAGCTTTATCTTCAGCTTGCTTTCGCTTAGCCAAAGCCTCATCGCGAACTTGCGTGGCTTTTTTTGTTTTTTCTTGGGCTGCTTTGATACGAGCTTCTGCTGCGGCTTGCTCTTTTTCAGCATTGGCTTTTTGCCGTTCGTGGTCCGCAGTTTCTGCTTTCAGTTTTGCAGACTCTCTTTCTGATTCAGCTTGTTCTTTCTTAGATTCGTTTTCTAAAGAACGAGCCTTATTGATCGCGGATTGCGCTTCAGAGCGCGCTTTATCGCGGCGACGGCGGTCTTCTTCCGCACGTTTTTTAGCTTCATTGGCTTCGGCCTTCGCGGCTTCAGCGTCTGCTGTAGCTTCTTCGGCTTCGATCTGTGAACTATCAGCTTGTGCGAACGCATGTTGCGGTAAGCCTTGAGTCATCAACGCTGCCAAAAGAAGTAGACCAAGAGGTTTCAACTGCATGGGAGTCTCCTTACGATGTTTAACAGCAATAAGGATATAGAAATTTTGGGCAAAAAAAAAGCGACCAGGATTGGGGGGGGAGGGTCCTGGCCGCCATGGGGGGTTGACTTGTACTAAAGCAACGGCGATGCCACGACCAATGTTTCGTCAAAACCAATCAAATGCGCTTTTGTGTATCCCGCGCTGACTAGTCTTTAGACGATAACTGACAATTGCGGGCCTTAGATTGAGACCTTTTCTCCTGTTTGGCACCTGAAAAAATATTTTGAGAATCCCCGGCTTTTTGTCTCGCTCTAATGCGGTTGTCTCATTTTGAAATACAATTTTCTGTAATCCTTCGAGGTTTTTAGCGGAATCACTCACATTATTTAATTATCCCTCCGATATAAAAGTATGGTCACACTTCGGTACGTCCTTTTTATTGTGCTGCCCATAACTGTTGCGCTATTTGATAGCTTGGCTTTGGCATCGCCCCAGAGTCTGAGTTATCAAGGGCGTATTCTTAAATCTGACGGTTCCCCCCTGGAATACAACAACGTCAGCTTTCTTTTTGAAATCACTTCGGCTGATGGAAGCTGTGTCTTGTATCGCGAACAAAAAGACGGCGTAAATATGCAAAGTTCAAACGGAGTCTTTGATGTCCCGATTGGAACGGGCACACGCCTTTATCCCACGGCACCCGTCTTTGAACTTTCTGAAGTTTTCGTAAATGGAAAGTCTCATAGTTGTTATGGAAGTGGTAGTTGGTCCGCCAGCAACACCTCGGAACGTCAGTTGAAAGTTCAATTCCACGACGGAAACGGCTGGAAGGTCATTTCGCCAGCCAATATCATTCGCTCTGTGCCCTTTGCTTATACTTCTTTTAGCGCGCAAAAAATTGCAGATAAAACCGTCAACGACCTTTTACTAAAAAACGCCGCACCGGCAACGACATGTCTATCAGGTGAAGTGCTAAGCTGGAATGGAGCTCAGTTTGTATGCGTCACTGATGCTGGCGGCTCCGGGGTGATTTCCGATATAATCGCCGGAACTGGAATTTCTGTTTCAGGAATAACAACCAAAACCATCAACCTAGCAAACACCAGTGTCGCTGCTGGCAGCTATGGCTCCGCCACTCAAGTACCGACCTTCACCGTCGATACCCAAGGCCGATTGACAACGGCAAGTGCCGTGACAATCACCGGTGTTTCACCCGGTGGCAGTGCTGGCGGAGATCTATCGGGATCTTATCCCAACCCTACTGTAGCAAAATTAGCTGGAAAGAATTTGGCAGTCACATCACCTAGTGGTGGGCAATTTTTGAAGTACGATGGCAGCGAGTGGGAAAATGCATCGCTGTCCTCCGCCGATTTAACGGATGCGGGCTCACTTCTAAAATCTTCGCAAATGCCTGCGACGTGTGCCGTGAACCAAACACTCACCTTCGTTTCACCGACGGGCGCATGGACATGTTCCAACATCGGGTTGAATTGGTCTCAAATCACAGCGGGAAAACCGACAACACTGATCGGCTATGGCATCACAGATAAAGTCATTAATAATGCTGGTACGGACGCGGGAACAGATATCACTTCCCTTCAATCAGGTTTAAATTCTTCAAAGCCTGCGGCGGGAGTTGCGGGAAGAATTTATATCTCCACCGACACCAAAGAAATTTATCGTGACAATGGCACCACTTGGATTCGTGTCGCCACGGAATCTGGAACCAGCACCGCGACATTAACAGGAGTCACTGCGGGCACAGGACTTTCTGGTGGAGGAACTTCTGGCAACGTCACTCTGAATCTTGCCAACACATCGGTGACGGCGGGTTCTTATGGATCCAGCACACAAGTACCCACATTCACTGTCGACGCTCAAGGCCGTTTGAGTTCGGCTTCGCAAGTCACAATTTCTGGAGTGGCCCCCGGAGGAACTGCGGGCGGAGATCTTTCAGGAAGCTTTCCAAATCCCACGGTCGCAAAAATTCAGTCGACCAATGTTTCTGCGACCGGGCCGTCTATCACAGGACAAACACTTCGCTATCAATCGAGTCAGTGGACACCGGCGTTTTTAAATATGGCGGATATTCGCTCAACGATAACTCCGTTTGGTGGTGTTTTTGCGGCGACCGCGTGTGGTGCAGACCAATCTATGTATTACGAATCCTCGTCGGACACTTTTAAATGTCAAAATATCACTCTGGCGGCTTCGCAAATCACGAGTGGTCAAATTGCCTCGGCACGATTGCCTGCAAGTGCGAACTATTGGCAAGATGGAGGCTCAGGTAAAATCGTCTATAGCGGTGGTGCCATTTCCGCAGCAGGTCTGATTGAATCGACCAGTGGTGGATTTAAATTCCCCGACGGCAGCACCCTGACTTCTGCCAATGGAATCAGTGCTGCGGGAAGTGCATTTATCGGAGCCGCAAGAACTGTCGCTACAGCAAACTGCAGTTGGGGTCTTGATAGCACAACGTTTGCGACACTCAATACGGCCAATGCAAACTGTGCTTTACCGACATTGGAAGGGTCTGCCCTTGTGCCGAGTGAAGGTAAAATCCCTGCCGTGCGTTTTGCGAATTTGAAAGCGGGTCGATATTTAGTTTATGCCTATGGTGCCTTCTATTCAAATACCGGCAGTTGCTTCTTTCGCATTACTGATGGCACTCAAACCTCTGAAGCGACAAACACTCATGCCGCGACTACGGATCGAACAAGTCTGATCGTTGGCGAGTTCAATTACACTGCAGACCAACCTACAATCACTTATAAAATTGAAATACGCAGGTGGACGGGCTCGGGTTCTTGTAACATCAGCAATGCCGTCGATTATGGCGCCGGACAAACTTTTAAAATGAGTCTGTACCGAGTCGAAAAACCCGCAGAAGCTTCTGATAATTTAGGTAATCACGTCGCTACAAACAATCTGGTTTTAGGTAATCACTACTTATCCGGTGATGGTTCTAACTCTGGAATTGGAATCACGGCTTCAGGCAATGTGGGCGTGGGCACCAACGCACCTGTCACAACCTTAGATGCTCGCGGCGAGGTTCGTATCGGTAACACAGGCGCAAGTTGCAGCGGCGCGATTGAAGGCGCCACTCGTTATAATAGCACGTCAAAGAAATTAGAATTCTGTGACGGCAGTACTTGGCGCCCCGTCACTTCGACCACAAGAAGAACCGTGTGCACCTATGATAACGCCGCCTACAGCACACAGGTGAACGGACAAAATCTAATAAACTGGGGAGCCGGTCATTGTGACAACGGTTACCCTAGCAGTGGTTGTGTAGGTTATCTTTCTAAGGCCGTGGCCTGTGGAAGTGATAGCGATTGGGCCGCCCTGGGCCCGAATGAAACGCCTTACAATGGAGGCGTGGCCGTGGGTGCCAATGGCGGTATTTCATGGTCGATGGCGACTCCATGTAACGGAGTCTGGGTGCGCGCTGTATACGAATGTTCTAACTAAGAAAGGTAGAGCACGTGGTTATGAAGACCTTTATGTACGTTTTTAGAATAGCGATGCTCTTCTTCATCATCACTTATTCTCTTGTGGCGAATGCTTCGCCGCAAAGCTTAAGCTATCAAGGCCGAATTCTAAAATCAGACGGCACACCCTTAGAGTTCAACAACGTCAGTTTCCTTTTTGAGATCACGTCTGCTGATGGAAACTGTGTTTTGTATCGAGAGCAAAAAGATGCCGTGAACATGCAAAACTCCAATGGCGTCTTTGATGTGCCTATCGGATTGGGCACACGTCTTTTTCCAACAGGCCCGGTGTTTTCTCTTTCTGATGTTTTTGTGAATGGCATCACGTACACCTGTGCCGGCAGCGGTTCTTGGATTGCCAGCA
CP178622.1_gap68	2599359	2603496	4137	CTTCGCTGAAAGGCAAAGCAGATTTCGAAGACTTTATGAAAAGAGCGTTGCTTGTTCCGGGAAAACATTGTTTTTCCCTTCTGAAAGATGGTCAAGCACTGGGGGAACCCGCCTATTTCCACAAGTCCCACATGCACCTTCGCCGCTTGCATAAAGTTGTCGGATTTCCGGTAAATCTTGTTGTGGTAGGCGATGCGTTTTGTTCGCTGAATCCCGTTTTTGGCCAGGGAATGACGGTGGCTTTGGAGCAAGCCCTGCTTCTAAAGAGAATGCTTTCTCAAAAATATTTTACAAGCCGAAAGTACCACAGCGACGCGGAGGCTTTACTTCGTGTTCCCTATCTACTTTCGAAGCTGGGTTCAGAAACCCACCCTAGCTTTACCAAACGATATCTCGAGAATTATTTGCATCGCTGCCAAGAATCTTCAAAGCTGCACCTTCGCTTTTTAAAAACCCTGCACTTTGAAGGAAGCGTTTTTGATCTATTGGATTTCACGTCCTTCATTAAAACTCTACTCGGGAGACACTCATGATCAAGCTTCATCAATATCCAGCCATTTGGGGATTACCCAGCTTGAGCCCTTTTTGCATCAAGGTGGAAATGTTTTTAAGAAAGAAAAACATTCCCTATCGCGTGATCGTTGAAAAGAATCCCGCACGCGGTCCCAAGGGAAAGATGCCTTTTATTCGCGATGGCGATAAAGTCGTTCCCGACTCTTCTTTTATCTTGCAGCATCTTTCAAACGCCTACACCACCTCCACTTTATCAGCTCTGAATCACGCTCAAGGAGTCGCCTTTCAAAAAATGATTGAAGAGCATCTGTACTTTATTTTGCTTTACAGCCGCTGGATAGATCCGAGGGGTTGGGAGGTCATAAAGAAAGATTTTTCTTCATTGTTTCCGCCCGTTGTTGGCACACCCTTTCTGCATTTCTTGCGACGTCGTCTGCGCAGCCAAGCCTATCTGCAAGGTCTAGGAAGACATTCCCAAGAAGAGGTTTATTTACTGGGAAAACAAGTAATGACAGCGCTGTCTGATTTTCTTGGCGATAAGGCCTATTTTTTAGGAGAGGAATTTACGACCTTGGACGCCACGGCCTATGCCTTTCTTATCACGATTCTAAAACAACCCATACCGAGCCCGTTACAAAAAGATCTTCTTAGCCACGCGAATCTTGTGGCCTATTGCCGGCGGGAAGAAGCGTTGTGCTTTCCGGAATTTGCAAAAGGGGTCACATCATGAAAACACTGCAGCAGATACAACAACAAGCGCTACTTCACATGGAGCACGGTCGTCTGGAATTAGGTCCCTCTGTTTCGGCAAACCCTGTCAGCAGTTATTTAGATCTGGCTTTGTATGAAAAAGAAATGGACGGCATCGTTAAAAAAAGACCTTTACCCTGGATTGATTCATCTAAAGTAAAAAATGTCGGTGAATCCTACAGCGCCGAATTTTTGGGAGTGCCTATAATCGCGGTTCGCGATGAGCAGCGTAAAATCCGCGTTTATCTCAACGCCTGTCGACACCGTGGAGCACAGCTTAAAGTAGTGAAAGAAGAACAGATAAAATTGGTGTGTCCATTTCATGGCTGGTCTTATTCGACCAACGGAAACCCCTCGGAAATTCCCGAAAGGCAAAATTGTTTTGCGAGCGTATCTTCGACGGCCTTTCGTTTAAAAGAACTTCCTGCGTATGAAGCAGCCGGTATGATCTGGATTATTCTTTCGCAAGACGAATTTTCTTTCCCATCCGCGTTTCAGCAATTACTCGAAGACCGTGAAGAGCTCGGTTTCCTCCCCAGGCACGCCCTAACGGAAAAATCATTTATTGCGAACTTCAATTGGAAGCTTGGCGTAGAGGCATTTCTTGAAGTTTATCACTTTACGCATGCCCATGCTCCTTATCTCGCACAGTTGCAATTTCCCAATCTCAGTATTTCAGACACGCAGGGGGAAAACTGCCGGATCGTCGTACCTTTAAGAAAGCCTTCGGACGACACATCCCTTTTGCAATGGTCGCAAGTTATGTACTTTATTTTTCCTTCAAGTTTTTTGCTCTTTTATGACGACCACGTGGCTTTGATTTCATTGCTACCGATTTCGATCAATCAGACGCTTTTTCGCGCGATTCCACTTGTGCCTAGTGAAGCTTCAAAAACAGATTCAAAGATCCAGCAAAAAATCGATTTTCTTGAAGTGATTATCGGACAAGATATTGAAATTTTAGAAGGCATTCAAAAAGGTCTTCAAAGCAAAGCCAATCGCTTCTTCACGTTCACGCGTCTGGAATACCTTCTTGCAAAATTTCATCAAGACTTGCACGTCGGTCTAAGCACGCAGGTCCCATGAAAAGAAAAGAGCCACTTCAGGAGGAAGTGGCTCTATAAAAATTAAAAAAATAAATGCTAATTACTTGTAACCAACTTTATTCATCAACTCTTTCGCCTTAGGAGCTTTTTCAGCGATTGTTCCAACATTTGTCGTGTCTTCAACAAATGCACCGAAGTTGATCAATGTTGGCGCAATTTCAGCTGTGCGGTTAGATGGGTATTGGCTGAAACCGTTAGCGACTACTTCTTGAACTTTTTTAGAAGCAAGGTACTCAAGAAGCATGTTCGCTTCTTTCAAGTTCTTGGAAGCTTTCGTGATACCGATACCAACGCCATTGATGTGTGCACCAACGTCTTTTTGGTTTGAGAAGAAAGGTTTCACTGGGAAGCTTGGGTTGTCACGAACAAGAGGAGCCAAGTAGTAAGTGTTCGCAATACCTACAGAGCACGTGCCGCTAGCAATAGCGTGGATAAGATCTGTGTCACCTTTGATTGGATCAAGAGCTAAGTTATTCACCCAACCAGCAAAGATCTTCTCCGTTCTTTCTTCACCCAAGTGGTGAACGAAAGAAGCGCCCAAAGCTTCGTTGTAAGAGTTGTTAGAAGTTCTTAGGCAAAGGTGGCCTTCCCATTTCGAGTCTGCCAAGTCTTCATAAGTCGACAAGTCCGCTGGGTTTACTTTGTTTGTGTTGTACATGATCACGCGCGCACGATAGAAAATCAAAAACCATCTGTTGTTCGCGTCAATCAAGTGAGCCGGAATGTTTTGAGTAACATACGGGGCATTGAAAGCTTGCAAAAGGCCTTTGCTATCAGCTTGTCCTAAGTAAACGATATCTTTATCAAGGTACAAGTCAGCGGGCGTGTTCGCGCCTTCCGCTGCCAGACGATTCACAAGATCAGCAGAACCTGCATTGACCACTTCTACTTGGATGCCAGTAGCTTGAGTGAAGGGAGCAAAAATAGGTCCCAAACGAGCACCGTCGTAAGAAGAGTAAACGACCAATTTATCAGTTTTAGCGAAGCTGATGCTTGCAACTAGAGACAAAAGAACGCCAACGATCAATTTTGACATGACAGATTTCCTTTCACTTTGTGTTGGCGGGTTGTCGGCCATATCAGAGCGAAAGTCAAAGAATCGGGATTTTGTAGTCAGTAGGTTTTCAACTACGGGGTGGTTAGGTCGCTAAGTAGATTTAGCTGAAAATTATACCCGCCTTAGAGGGGCCAACACCCTTTTACCAATCATCAATTAGGCCGATATTTAGCGGGAGGCCCGACCGCACAGTCGAGCCTCAATACCTATTTCGCTATTGAAAAACGAGACGCCAAACTTTGCGCCAAATCTTCTTTACGCAAAACCGTCAATAAATCGATGCAATCAAAGTCCTCGTCAAAAGCGGGTTCGCAAGCAACCTGGGCGCCCAACTTCAGATAAGATTTCAAAAGAGATGGAATTAGGTCTTGAGCTTCTGCTGATTGCTCTTCGGTCAAACCCTTATCGAAGTACTCGAACCAATTTTTAAAATCCGGCATCGTAAATTTCTTCGTAGGCTTGCAAGGATATTTTTGTGACACCAAGCCTTGGTCCACAAGGTACTTATGAGTCAACGCCGCTTCCCGAGGCGAGTTGATTTTTAAACTCGAGCAGCCAAAAAGAACTTTAGCGCCGCTTAAGTTCATGTACTCTGCTATTCCTCTCCACAGTAAAGAGATGATAGAGCCTTTGCGATAGTCTTTATGAATGCAGGCGCGCCCCAGCTCTAAGAAGGGACCATCATTCTCTCTAAAAAAATTTTGCAATTCA
CP178622.1_gap69	2692862	2694833	1971	GGCACTCCGCTGATTCCTAAGTCATAAGCTTCACCTATCAAGGCACCGACTTCTTCGCGGCCTTGATCGCTTGTAAGGAATTCAGAAACTTCTTCCGGTTTGAAACCGATCGGTGACAATGCTTTCTGAAGATTTTCGATCTTAGATAAATCTAAGCCCTCTTCATAGTAAGCCGCATAAAGTGCGTTAGTAACATCAAGCTGCTTTCCTTTTGTTCCCGCCCACCAAATCAGGCGATGACAATCCAGAGTGTTGATATGAGTTTTAATTTTCTCCATATTCATTTTCAATCCGGATTTTTCAGCTGCCCCGAGCAATCTTGCTTCCGCCGCCTTAAAGTTTTCGTCATTTCCGAATTTATTCCGCAGATATTCTTTGCGAGGAACACCTTCTTGTGGGCTGGCAGGATCTAGTTGAAAAGGCAGGACCTTCACTTCGATGTCGATATCTTTGCGCTCTGCCACGGCATCTAAGAAATTTTTCTTTCCGACGTAACACCAGGGACAAACAATATCCACAACAAGCTCAACGACGATTTTCTTTTTCATAATCCCACCTCGCGCTTATACTAGACATTATGGGTTTACGTCTTCACGTCAACGAACTTCTTAAAATCAACCCGGCGCCTTCACCGTGGCCACGCATGGTCGTCTGTGCTTTTGCGACTATGATTCCTTTGATTGTCGGCACATTATTGCATCAGCTTCCGATTTCAATCTTCGGAGCCCTGTTCGGTTTTCTTTTAGTCCTCAACGACCATTTGGGCACCTTAGGACACAGGCTTTGGGTGATCACACTAACATTTTTATGTTTACTGGCGGGTTTAACTTTAGGAGTTCTTACCGGTGGACAAAAAGTTTTGCTGATACCCTTGCTTCTGGGATTGACGTATTGGTTGGGACTTATTTCCACTCAAGGGGCTGAGTTAGAACGTGCGGTTTTGTTTTCGGTATTTCAGATTCTAGCTGGTGCCTATTCTCCTGCTGTTGCTAAATATCTTTCACTGAGTTTAGTCTATGCGTTTTTGGGTTATCTTTGCGTGATCGTCGCGCTTTCTATTTTGGTTTTTGTTCGCCGTCACAATCCGAATCCATTTGCACGTATTCGCGAGACCTTTAAAAAGTCGTTAACGAAAGAAAAGAGCCGACATCTTTATGCTTTGAGTTTTTCTTTGGCGGTTTTAATCACTCTGCTGGTCGTTGATTATTTTCAAATGAGTCACGGCTATTGGGCCGTGGGCACTGTCTTGATCATCATGCGCCCCGAGGCCAAGGCCAGCATCTATCGCATCATTCAAAGATTCTTTGGCACCTTGGTGGGCGTGCTGATTGCCGAGTTGATTATCCTCAGTGTGCATTCCGTTTGGATTGCGATTCCTTTGATTGGGTTTATTAGTTTTTGGGGGCCGTGGTCTTTAAGTCGCAGTTACTGGCTGGGGTCTGCGGTGATTGTGACTATGCTCTTAGTACTTTTGGATTTACCGAGTATTGCGACCGGTGACTTACATACGCCTTTAATTCGCTTGCAAGCCACAGGTATTGGGTGCTTGTTCGGACTTCTGGGAGTCGTGATGGCCAACCCCCAAGTTTTGTGGCGGGACAACCCGCCACGCTCCTAATTACTTTTTAATTTCGCCGATGTATTTTGGATTTAGTAAATTTTCAATGGAGAAAATTTGATTCAGTTGTTCTTGAGTGACGACACCTCTTTCAAGCGCCACTTCCGCTACACTTCGTCCCGTCTGTGCACAGATCTTTCCGATCTTATCACCTTCATCATGACCAATGATAGGATCGAGGAAGGTCACGATACCGATGCTGTCCATGACGTACTCACGGCAACGATCGACATTTGCAGTGATACCAACCACACACTTTTCTTTAAGCGTGATGCAAGCTTGAGTCATCAAAGTGATGGATTCAAAGATGCTAGAGGCGATCAAGGGCTCCATGACGTTTAATTGCAACTGCC
CP178622.1_gap70	2696204	2698010	1806	AGAAATCTTTCGAGTATCCGGTGTCACCCGAATAAAAAAACTTGAGCGAAGGCGCTTGAATGTACCAGCCTCCCCAAAGAGTTTTATTTCGGTCCCAAAGACTTCGCTGACTCCAATGCTGTGCGGGCGTGAAAGTCAGTGTCACGTTTTTGACTTGCGTGTTTTCCCACCAGTCCAATTCTTTGACGTTGTCGATGTCTTCGGATTTAAGCAGGGATTCTAATCCTAGCGGCACTAAAAACAACAAGGCTTTGTCATTTTGTTTTGCCAGTTTCCGCAAAGTCGGAAGATCCAAGTGATCAAAGTGCGCATGCGAAATCACGACGACATCAATCGGTGGCAGTTCTTCAATAGGAAATGGCAAGGCCACTTGTCTTTTCGGCCCCATGAAACTTACAGGCGAAACGCGATCTGAGAAAACGGGATCGACTAAAATATTAAGGCCTTCAACTTGTAGAAGGGCCGAGGCATGACCAATCCAAGTTAGTGTGTTTTCCGTGCGATTTTGTTTCAAATAAGCCGTGTCAGTTTTTAAAACTTCGGGTTGGAAGGGCGGCTCGGTCGGCGCGTTGTTGGTCAGGCGCTCCCATTGCCACTTCCAGAAACTCGCTTTAGGCGAATTGTCATAGTTATTATAAAACTGAGTCTTACCCCGGTGTGGTTTGTTTGGATCGTAGTATTTGAAGCTTTGACACCCCGAAAACACCAAAAACCCCGCTGCTGCTATGATGGACCTTTTCATAAGCTCACAATCTCACACTTTACACTCTCTGTCATATCCGGATGTGTTGCCTTGCGCGCTATGAAATATTAGGACTGAGTCCTGACACTTCGATACAAGGAAACACCCGTGATTCGTGAATTTTGGAAGCAGCAAAGCACATCGCAGAAAGTCACAATTCTTTTCATTCTGGCCTTAATTTTCCGAGCTTTCTTTTCGCTTAACATTGGATTGATCGATGACGAGGCTTATCACTGGTCTTGGGCCAAGTGGTTGCAGCTTTCCTATTTCGATCACCCCGCGATGATTGCGTGGCTTGAAGCGATCACGACCAGCGTTTTCGGTGACACCTACCTGGGCGTACGCTTACCGGGATTTTTGTGCTTTATCGGTATCACCGTTCTGCTTTACAAACTGACGAAAGATCTTTTCCACGACGAGTGGGCGGCGATCTTTGTGGGCTTTGTGATGTTGTGGTCTCCGTTTTGGGGATTCGGGGGTTATGTCGCTTCGCCAGAACCTCCATTCATGCTTTGTTGGGTGGCGGCGGCTTACGTATTCTGGCAAGGGGTGCGTGAGGACGATAAACGTTGGAGCACGAAGAAAACTTGGTTGTGGCTCGGTGTATTGATGGGCTTGGGTCTGAACTCGAAGTTCATCATTGCGCTATTGGCTCCGGGATTTGGTCTTTATCTTTTGACGACGCCTTCGCGCCGCAAGGATCTTTTGACACCGTGGCCGTGGGTGGGCTTTTTGATCGCGACCGTACTTTGCTCACCGATCTTTATTTGGAATATCGCGCATGATTGGCCGGGATTTAAGTTCCAGTTCCATGATCGCCATCAGGGTTCTAGCTTTAGTTTTAATCGTTGGCTTGTGTTCTTTGGCGCGCAGCTTTTGTTTGCGACTCCGTTCTTGTACGTGTTGATTGTTTTGGCGTTCATCACTTCGCTATTGAAATTCAAAGAGGCGCGATGGAGATTTTTATTCTGTCTGACCGTGCCGTCGTTTGCGATTTTCTATCCGCAACCTTTGTGGGCCGAATACAAACCGCACTGGAGTGGCGCTGCTTACACGCTGTTGTT
CP178622.1_gap71	2699226	2700600	1374	CTCCAGTTGGCGGGTTATTGAGCGTAACTGTATATGCCACAAAAGCCGCTCCTTCTTCCAAAGCTAATGAAGTCACAGAAAGTACCACTGGAGGAGGAGGCACAACGGTAATAGTTAAACTCTTCGTAACAGCTAACGATTTATAGCTAGCTAAGATAGAGTGCAAAGCATTCAAAATATAATTAAGGTCGTCAACTTCGTGTTGGTAGTAGTCTGCTAGTTTCTTATTATATGTACTGTCCCTATATAATTCTTGTTGAATCTTTCTTACTCCACCTGCTTGAAGAGCAACACGAATGGATCGAGATGCTGCCTTATCCTGCAGGTATAAACTCGACGTAAATACAAAATCACCGGTGGCCAAGGCGCTAGTCGAAAAATCATAAGTGTATCCACCCAAACCATCCGAGTTCGCAAGGACGCTGATCCCATCAAAAGAAGCTAATATATCCGTCTCTTGCTCTTCAATAGCTCCGAAATGTTCTGGCGCGACAGTCATAGTTATCGTCGCGTTTTCACCTCTCACAAAAGTGTTGTTGGAACTGCTAGAAGAAAGTACTAATGCATCATTGATCGCCTTACTTCTGATAGTAGCTGAAGCTACATTGAATGTTTTAGACTTTGATTCTAACAAAGTACGACTTGCAACAACCTGATTATTTAAAGATACAATCTCACCTTCTAATGATGTCTTGGCATTTGTGAGGTCTGCAATTTTTGCGGAGTCAGTCTCACCCTTCAGTAGGGCAGTGACAACTTTCAATTCATTTTTTTTCGCTACTATTTGCAATCCGAGATTTTCCACTGCAGCTTTATTTTGCAAATAGATATTTACATTCCAAGACTTGCTGCCGCTTTGTAATGGCTGGGTTATGGCCACAAACTCAGTGTTTGCAAGTTTGAAAGTACGAATATCGCCCCCCTCAAATGTGCCGATGACAAAATATTCGTCAGCACTGTTTTGAGGCAATGGCTTTAGAGATACCAAAAGTACCGCTTTTTCATTTGATAAGTAGCTCTGTTTGTCAGTTCTTAACGTCGCTGCATCCTGCGCGAAACAGAAACTCGATGCTGAAATGCCGAAAATAAAAACAAGAATCGCTTTCATACTACTGATCCTTTTTTAGAAATGAAGGTGGGTTTGCTATAGTAGACGGTGTTAGAGAATGCACCCCACTAGCTGTCCCATTTCCCAAATTGCCGCCATAGTTGACTCCCCAGCACTTCAATACTGAGTTGTGGATTGCACAGCCAAACTTATTTCCTTGTGAAATAGACCCAACATTTGACGTGATTCCACTCACACCACTTGGCAAAGTAAATAGCCCATTTCCAAAACCATTGCCAAGAGAACCATTCGTAGCTTTACCCCAA
CP178622.1_gap72	2814733	2816928	2195	GGCACCTACCCATTTTGTGAATGTTGACCCAGAAAAAATGGAGCTGGTTATGGGACTCGAACCCGCAACCTGCTGATTACAAATCAGCTGCTCTACCAATTGAGCTAAACCAGCCTTACTGAGATAACCGAAATGTTTTACGGATAAAATCTAAGTCCGTCAAAGATAATTATTTGCCAGATTACGATTTTTTTCGGTTTCCGCGCGGTGCGTGCTGCCTGAGAGTTTCAGTTAACGCCATAGCTGTCGCTACAGAAGCGTTATAACTCGCCGAAGAACTAGCCTGCGGAATGAAGACCAATTCATCACAAAGTCTTTCTGTTGTCACTCTCAAACCTTTGTCTTCCGAACCAATCGCCCAAATAACTTTATCTGGAAGATCCAATTCAAAAATAGATCTTTTTCCACGCGGACTAAGACCAAAAATCCAATAGCCTTTTTTCTTTAATTCTTCTGCATAGTTAGCAAAATTGGTCGTTTCCTCAACCGGAACGTGCTCAACTCCACCACAAGCGACTTTATGAACTGTCGGAGTTAGACCCACCGCGCGATCTTCGGGAATCAATACGCCGTGAGCACCTGTAAGCCAAGAAGTTCTCATAATTGCGCCCAGGTTGTGCGGGTCTTCGATACCGTCCAACATTAACACGACGGACTTATCGAAACTATCCAGACCATCCATATCCAAAGTCGGTGCGCCATCGACGAAAATCGCAGCACCCTGTTGTGAAGAACCGAACTTTTCGATCACGTTCTCGGGCTTGATATCGACCTTCACTCTTTTCTCTGTCGCTAGATCGTGCATGTCGCGAAGGTCACCGGAATGCTCCCATCCTTGACGGATCCACATGCCTTTCACTTGGTTAGGACGCACGTTTAAGACTTCATTGATCGCATGTGTCCCGATCACGATACGCCAGTCGCGTGGAATCTGATTTTCAGAGCGAGCGGCAGGATGAGGACCACGTCCCTGCTGTGGACGGCCGCTTTGAGGACGACCTCCCCCAGAGGAGCGAGCACCGCTTTGTTGCGGACGTTGAGATTGAGAACCACGAGACGGACGAGAATTATTTTTCTTCATAAGCAGCCATTACAAAATCTGTTGCAGTTTCCTTGATGTTATTTGATTCAAGGATGGGTCTTCCAACGACCAGTGCCGAAGCTCCTTTACGAAGAGCTTCTTTGGGACCCATGATACGCTTTTGATCGCCGGAATCCTGCATACTAAATCGAATTCCAGGTGTGACAAGGTAAAGATCGCGGTTTTGTAAAAGGTCTAATTCATGCGGAGAGCAAACCACGCCTTGAAGGCCCGAAGAGCTGACTAAATTCACCAGATCGGTCACGTGCTGAGCAATCGGTTGTTCTTTCATATTCCCAGGGACAGAGGCTTGATCCCAAGATGTTAGAATAGTGACCGCCAAAATCTTAAAAGGCCTTTGGCTTTGCAGCTCTTTTTCTACGGCGGCCATCCTTTTTAAGGCTTCGGCTCCGCTGAGAGCGTGAACTGTGACTAAAGAAGCCCCTGCTTCGAAACTTGCGCGAACAGCGGCCTCCATTGTGGAAGGAATATCAAAGTGTTTGTTATCCAGGAAAATCGGGCCTCGTTGCGCCATCTCTTTTACGAATTCCATGCCATAGCGAAGACAAAGGCGCGGACCCAGCTTAAATCCGCCCACGATCTCACTGAGATCATCAGCAATTTTTAAGGCTTGATCGCGAGTGTCGACGTCGAGAGCTAAAATAATCGGATTTCTCATCGGATGAGCACGAAGATTTTTTTTCAAAGGGACTCCTGACATAATGGATTTTTGCAGTTTCTCATTCGGGGATGAACGAGGCAACTATCGGCGCGGGTCGTCTCACCCAGAGACACCTCTTTTTCAGCTTAGAGAATTCATTTAGCCACCTTGGCGGCTGAGTTATACTAAGAAAAAGGCTGAAAAGTATGAAAATCTTCAATCAAAGACGCCGTCTGATCGTCAATCGCGAAGTTCAATACGATGTGCTTATGTACGTGGGCATTTTTGTCATGTCCGTCTTTGCGGTTCAAGCGTTGGCGATGTACATATTTTTAAGCCAGCTTGAACACGTTGTCAGTCATATGACGGCTTTGGAATTTGTCGCTAAGTACAAAGTCAGTATTTTGATCTATCAACTGATTCCGGTCGGTTTCGGAATGATTGTTGGAGTGT
CP178622.1_gap73	2874385	2876314	1929	CCTGCTACATGCTTTCTAAGACGCGAATCATGGCGTCTTCATGTGGCTGAATGAGCCCCCGCCCGGGTCTATCTAAATCTTGGATAAGCACAATGACGACGGCAAAGAGGATTCCTAGAACCAGAGGTGCTTTGGCGCTGTGCTTTTTTATTCCAAGGGAATAACTTAATGAGGCGAGGCCCATCGCCGCAATCAGAATGAGAACATCGAAGACCACTTCGGGCACGTGATTTTCAGAAGCAAAAAGTCTTTCTCCGTCTACATCAATCAGATCGTTATTCGCTTGAATGAACGTGGCGGCAACAGGGGACATGTTGTTTTTTACAAGCTTCGTGGTTTCTTGCCATATCTTGGTTTGCAGAGCTTGCATATTCTGGATGAACTCGCGCTTTCCATTACGAATCGACGTGAAGAATTCAATGCGCTGTTGAGTGTATTCTTTTAAAAGTCTTCGGTACTCTTGAACTTGATCTTGGGGAAACAAGTCACTGCGCAAATAGGCTGTGCCGATAGTGTTGGACTCTTTTAATACCAACGAGCTGCGCGTATCAAATCTTGATATTGCCATTGAAAAAGTAAATCCCAGTAATAGAGCTAATAGACCGAGAATCGTGGTTGAGAGAAATTCTGTCGAACCCGGTTCGGCTTTATCTTTTTTGCCGGCGATATAGTGAGAAAGCAGTGAAACCGCGCTAAAAAAAACGATAAGCACAATGAATATCACCCAAAGTTTGGTGTTATAAAAAAATTCCATCTGCATTCCCTTGACCCCTGTATAAGCTTATTAAGGCACACAAATCTAGGCAAAACAAATCGGATCTCTCAACAGCGGAGCGGCTCTCTCCACAACTTACTAAACAGAATTCTTCAATAAAAAAGCTGTCAAACACGTACGCTGAGCGCGCGTTTTTCTTATATAGGAACAATGCTTTTCGCTATAGGAAGGACCTAAATTAAGGCTCATTTGTGTCACTCTCTCGCTTCTTATGGGTATAGGCAGGTTTATTTAGTTTAGAGTGCCTAAAATATCAACGGCGCAAAAGTGGCCCCTGTCAAAATCATTACAGTGGAATTTTTTCTGAGGAAACTCTAACTTCACCTGGTTGGAAAAAATCAAAAATCTAGAAAGGTTCCTGTTATGAAAAAATTGGTTTTACTTGCCCTTTTGGTTTCAGCCACTTCGAGCCTTGCTTATGCTGACAATCGCTGCGGCGGAACTCAGGGTGTTTCCTGCAATGGTTTTTACAATCGTTTCGATGCATTGAAGGTTCTTTTAGAAGTTGAAAACAGCACTCAAGATGCTGAACAGAATCTGGCTATCGTAGAAGCTGCACAAAAGCGATACAACTTGAACTTGCGTTACGTCGTCGACAACTTCGTTCATCTACAGCAAGCCTTAGGTGGCGGCGGGGCAACTGCGGACACCCGAAAAGCCTTCAATCTAATCCTTCAAGCGCTTCGTGGACCGAGAACTCTGGATATGCTTGTTACGAGTTACATCGAACTTCTTAGAGCAGAGAACTCTAAAGAAGACGCGGCATTAAATTTTATTCTGGTGGCGGAAAAAGTGAGCTCATCACCCGCAAGTTTTTCACAGGCCAATCGTTTTTTCACTTCACTACTTCTGCTATTGGGAAACAACCATACAAACTATGCGCGAGATGTGTTTTCTAGAGCGATGTTCGTCAGTAAAACTTATTCACTAACAGACCTGCACAGCAGCTTTAAAATGCTTCTAAATACTGAAAACAGCATCGAAGACTCGATTGGGAATTTTGATCTTGTTTTAAGAGGTGCGGACCGTTGCGGTGACTTGACTAAAGCTACTTTGGATTTTCTTCAGGTTCTTCAGCAATACAGCAACTCGCAAACGAAAGAAGCCCGTAATATGTTTATTCGTCTTTACGAAATCTAATACTCTCTCAAAAC
CP178622.1_gap74	2892587	2895684	3097	TCGGCAGCACTGGGAAAGTCGGTGTGAATGCTTCCGGCGCCTCATCTCAGCTTCAAGTCCACGGCGCCGCGAGTGTTCAAACTGACTATGCAATTGCGACTTTCCAAGATTCTTCAAACAATGGCTTAAGCTTCGGTGTCGATACGTCAAATGGTTGGAGCTGGTTGTATTCGCGAACGGCTGGAGTTTCTCCCCGTCCGATCGCTCTTTTTGCTCACAACACAAATCAAACACCGGATCTTTTGGTTGATAACGGGCAAGTCGGTGTGGGAACTGGATCTCCGCAAGCTCCTTTGCACGTTGTCGGAAATGCCAATGGCGGCATTCTTGTTCAAAAAAGTTCCAATGATAATGGTGGCGCCACAATAGTTTTTGCCAAATCTCGTGGGACAAACACGGCGCGCACACCCGCTCAATCGGGCGACCGCTTGATGGGACTTTATGGATCTGGCGCCTACGATGCGACGAACATTTCTAATAACTCCGCGGCCATTCAATTTCTTGCCGCTGAAAATTTCACAAGTACGGCGCAAGGGACGAGCATTGATTTTGGAACGACGCCGATTGGCGGCACGGCTCGACAAACACGAATGACCATTCTTCCTTCAGGCCAGATTGCTGTCGGAGCAATCACGGCTCCCGCCGGTATGCTTTCAAATACGACCATCAACCTTGGGGACTCGGGAACTATTGCGGCGATCAACGGAAATGGGATCGGTCCTGGAGGACTGCAATGGGAAGCTGCGGGTACCGGATATGCGACGACACTTTTTAACTCGACCAATTTAGCAAATGCTCATGGACTCCAACTTTACACCGCTTCAAGCGATGCTAACGTGAACGTTCTGTACGCTCGCGCCAATGGCAATGCAAGATTTTCTATCAAAGGAAACGGATACGTCGGGGTTAATACTGCCAGCCCTCGAGAAACAATGGAAATTAATAAAGGACACTTCCTGCACACCGGTGGGGATTTAGTTCATTTCTTCAATAGCTATCATAACGGTACTCAGAGATACGGTGGTTATGGTGGGGCTTCGGGTTATGCGGGCGGTATTGGATTCAGTCCGTCGACAGGCACTCTTTATTTAACGACGTCTTCAGCTGCCGGCGCTGCGGATGTCGCTGTATCTGGCTCCGGCAACCACGTCCAACTTGATAGATTGGGTAACTTAGGAATTGGCGGCGGAGCTCCTAGAAAACTGAGCGTGACCGGTGACGGGGCCTACTTTTACAACCCTTCGGGCAATGTCGTGCAAGAGTTCCAAAGTGCAGGAGGATATTTATTCCGTTTGCAATCAAGTCCTGCAGGCTTTGATATTTTCGACGCCTCTTCGAATGCCAACAGACTGACAATTCTTAATAACGGAAATGTGGGAATCGGAACTGCGGGTCCCTCTTACAACCTTCACGTTATCGGTAGTGCGGGCTTAAGCTCAGGAACAGCATGGATCAATGCCTCGGACATCCGATTGAAAGATATTAAAGGCGACTATGAGTACGGATTGAATGAAATTCTGAAACTACACACAGTTCGCTTCAACTATAAAAAAGGAAATCCTTTGGGACTTCCATCTGACCACAGGATGACGGGTTTCATTGCTCAGGAAGTTCAGAAAGTTATTCCTGATGCGGTAAGAACTCGAGCGGACGGCTATCTTGAATTGAACGTCGATCCGATTCACTGGGCGACAGTCAACGCCGTTCAAGAACTTCATGGCATTTGTAAACAGTCTGAAGAACAAATGAAATCCGTAGATGCCCGTTTGCAACGTCATGATCGTGAGATTGCGTCTTTAAAAGAAGAAAATCGTCTTTTAAAAGAGCAGCTTGAAAAACAAAGCAAAGATCTTGAAGAGATCAAGAAGAAGTTAGGCCTTTAAAGCCTAATCTTCTTTACCCTCTTTCTTTTTAATAGCACCCATATACGAATACTGCCAAGGGCGGAAGGATAACAAGACACCCGTGTCTTGCACGGGCACGTTGTGCTCCCCTTCAAAGCGTGACTCCTCTTGCATCTCTAACAAAATGCGCTCGAGTTTTGCTTTGTACTTGGCCAGCGCCGGAGGACTGATTTTTAGAAACGAAAAGCGAATGTAGTCTTCGGGCCTAAAATCGTAACTCAAATAGCTGGTCTTTGTTTGATCGAACAAGGCTTTACCTACAGGTCCATCGCGACGGAAACGCAAAAAGCCTTGGCGCTTGAACTTCACTTTGTCGCGAGGATGAAGCTCGATCAAATTCAATCGGTCTAATTGGAAAAGATATTTTTTCGATTCAGAACTGGCGATCTGATAGTCGCGCTCAATCTTCTGTGGAGTCTTCCCCTCTTGTAACATCATGAAGTAATGCAGAAGGCGCGCATTTTCCGCGAGGGCCTTTTCTTGTTCGTCGGAAAGCGTGACCGCTTGATTGGCCTCTTCCAGATTTGCGGATTTCACGACTTCAGAAAAACTGATATCGGCCACGCGACAGATTTCTTCCAGGCGTTCAAGACTTAAACTCTTGTTGGAAAGAATGCGCTTCACGCTAGATTCGCTTAAACCCAAGGGTTTCGCCAAGTCACGATATAGAACATTCTTCGCTTTTAAAGCGCGTTTGAGTGAGTTTAAAAACTGGTCAATTTGCGACATCTCAACCCCCAAAACTGAGGGTAGCGTATTTTAATACTCTAAGCAAGGGTATTGAATAATAGGACCAACCTGCCGATCCTAGAGACAAGGCACTGTAGGAGGTTTTATGGCCATCTTGAAGTTTCTAGTAGACCGTTTATTCCAGTCTCGCCCTTTCTTTTATGGCTGGGAACAAAGAGCATACGAACGACGCCAAGAGCAATATCGAGGGGAAACCCAAAACTCTTGCAGAGTCCGCTGGGATTAACTAAAGTTCCGACGATGCAATCTGCGACAGAGAACTCTTCTTTATTTAATCGCCCTCTTTGGTTCTACATAAAAAACAATCCCCGAGCCTTCAGCTTGGGGATGCTTTTTTTGTTGATCACCAATGCGCTGGACGGAATTTATCCGTTGATTATGAAAACGGCAATTGATCAGATCGAAACAAAAGTTCCGCTCGATGACATCGGTAAAACATGCGC
CP178622.1_gap75	2906954	2910783	3829	ACGAGCGAGATCACCCTACGCGCTTTAGAAATTCTAAAGTCCTGCGACATCGTCATCTGTGAAAGCACGAAAGAAGCTTCCAAGTTGTTGCGGGCCCACGGCATCACCGGCAAAAATTATGAAGTGCTCGATGAACACTCCACTGCGGAAGACAAGGCGGCCTTAGTTCCTCTTTGTGCGGAAAAGAATGTGGCCTTGGTCACGGACTGTGGCACTCCTGGATTCTGCGACCCGGGGGCGGATTTAGTTCGCCTTTGTCGTCAAAAAAATATTCCGGTAAAGTCGGCTTTAGGCGCCTCGGCACTGATGGGCCTTCTTTCATTGAGTGGCCAACGACTGGATGAATTTGTCTTTCGTGGATTCTTGCCTGCGGAAACTGAAAGCCGCCAACGGGCGCTTAAAGAACTGACTAAAGAAAAGCGCGCCATCATCGTGATGGACACTCCTTATCGTTTGAAAAAAACTTTGAATGATATGAAAGAGCATTTTTCAAATCGTAAAGTACTTTTAACGCTCAATCTTTCTCAAGAAGATGAAACAGTTTTGGAAGGACCGATTGATAAAGTGATGTCGTCGGTGCCTTTTGAAAAAGCAGAATTCATGCTTCTGATCTATCCTTAATGACGAATTTGATTTCACTTCCCATTGATAGCTTTATTCCCGCTATTCAGGAAAAACTGAGAAGTGAAAGCAACCTTGTGATCACCGCTGCGCCCGGTGCTGGTAAAACCACACGCCTCCCCCCAGCTCTTTTAAGTGTCGTTGCAAAAAAGGTGATTGTTCTTGAGCCAAGAAGAATGGCCGCGATTGCCGCTGCTCATCGCATCGCTGAAGAACAAGGCTGGCAAGTGGGCCGTGAAGTTGGATATCAAGTTCGATTTGCCAATAAGACTTCAAAAGAAACTCGTCTTATTTTTATGACTGAGGCTTTGCTTGCAAGACAGATGATTCAAGATCCTGAATTGCAAGACGTGGATCTGGTAATTCTGGATGAGTTTCATGAACGCTCCATGCATGTGGACTTGGCGTTGGGGCTATTGCGTGAACTTCAAGAGCTGGGCCGTGATATTAAGATTCTTGTCATGTCTGCCACATTGGAGGCAGACAAAATTTCTGCTTATCTTGGGGGTTCTGGAATTATCAGCGTACCCGGAAAACTTTTTGAGCTGGATGTTCGCTATCAAAAGTCTTCTCAGCATCTGCAAACCTTTCCTGGGTTTTACGACACTGTTTTGCAAACGGTGAAAGAAGCACAAGCTCAGACTGATAAGGATATTTTGGTGTTCCTTCCCGGCGTGGGAGAGATTGATCGAGCCCTGAATGCTTTGCAAGCCTGGGCGGACGGAAAAAACATTGAGCTAGTGCCTTTGCATGGATCCTTAAATATCGAAGATCAACGACGAGCTTTGCAAAAGTCTTCTCGTCAACGAGTGATTCTTTCTACGAATATCGCGGAGTCTTCGGTGACCATTGATGGCGTGAATACCGTGATTGATTCGGGTCTTGCGAAGAATATGAAGCAAGATCATCGTACGGGATTTTCACGCCTTGAGCTTGGCCGAATCAGTTTATCAAGCGCCATTCAAAGAGCCGGCCGCGCCGCTCGTCAGTTTCCCGGCGTTTGCTATCGTCTTTGGAATAAGCACGATGAACTTTCCTTTAGTAAAAGTGAAATCGCTGAAATTCAGCGAGTGGATTTGACCGAAAGCCTGCTTTTTCTGAGTGCTCAAGGAGTGACGGACTTTGAAGCCTTTAGTTGGTTTGAAAAGCCTGCCGCGGTGGCGATTCAGAATGCATCGAGGTTTTTAAAAATTGCGGGCGCCATTGATAGCGCTAATAAAATCACCGAACTCGGAAAGCGCATGCTCCACTTCCCTCTGCCGGTGCGCTTAGCAAAGCTCATGATTGTTGGAATGGAACTGAAAGCGACGGAACTTGCGTCTGAAATGGCGGCTTTGCTTCAAGAGAGAGACATACTGCGCAAAGAAGGCGTGAATTCTTTTATCGGTGATAATTTAGAATGTGACCTTTCTGCGAGACTGGAAGTTCTGCACCAATTCCGTAAAGACAAACGCGCGCCGAAGGAAGCCGCTTTTTTCGCATTACAGACCGTCGACCAAGCCGCTCGCCAAACCGAAGAATTGGCGAAACGCCTTCTGAATAAGGAAGAAAAGTCCTTGTCGAAGGATGAACAAAAGGTTTTAACGAAAAAGATTTTGTTGTTAGCCTATGCCGATCGTTTGTGCCGTCGCCGAGGAAAGTCTGAAAGAGCCCTTATGGTCGGCGGTCGCGGAGTCAAACTTCAACCGGAAAGCTTGGTTAAGAATTCAGAATTCTTTGTGGCGCTGAACGGCGTCGAAGGAAGCTCTGACGCAGAAACTGTCGTCAGCCTGGCTTGCGGATTTGAGAAAGATTTTATTCTTCAGACTTTCAAAGACAGCATCACGAAGGTGAAAGATGTCACCTTCATTGAGGAAAAAGGCCAGTTCTTCTCGCGCGAATATCGATCATTGCATGGCTTGGCCCTAGATGAACCGACTTTATCACCTGCTTCCAGTGAAGACATCGCAAACAAATTGCCTCAAATCTTGAGCGAAAAATTAGAACTCGTTTTTAAATCCAATGAAAAACTTGCTGACTGGTGGCAACGCCTGGAGTTCTTGGAGAAACAAGAACCGCAGAATTTGGATTTAGAAAGTTTGAAATTAGAAGCGTTCACGCAAGCGTGCATGGGTGAAACTAAAATGCAGGTTGTGATGGAAAAAGACCTGGTCTTTTTCTTTGAAAACGTCTTCCCCCAAGAAGTCGTTCAGACTTTAAGAAAAGAACTGCCCGATAAAATTCAGGTTCCTAGCGGCAGTCATATCAAAGTCCACTACCCTTTAGATAAAGCGCCGTACTTAGAAGTAAGAATTCAAGAAGTCTTCGGCATGATGGAGACACCCAAAGTGTATTTCGGAAAAATTCCGTTAACATTTCATTTATTGGGACCGAACTTCCGCCCCGTCCAAGTGACATCGAACTTAGAGAGTTTCTGGAAAAACGGTTATCCCGAAGTGCGCAAAGAATTGCGCATCAAATATCCCAAACACCAATGGCCGGAAGATCCTGCCGATGGAACGCCGGAAGCCAAAGGCCGCCGTCGCTTTTAGTCTTTCTTCTTTCGAGCGGGATTTGCCTTAGAAAGCTTTAAAGTAGATTGTCGCTTCGTTCGGGCACGCCGTCCGGGCTCAGTTGCCGCCGCACTTCGTGCGGTTCGCGCCATCGTGGCGCCGGCAAAGGCCCTCACTACGACACTCTACTTTAAAGCTTTCTAAGGCAAATCTTGCTAGATAGAAGAAAGGCTATTCAGCTTCGCTGTTGGGTTTGGGTCGGCATCCGCCGACGTTGGGGTTTGCCCTGTATAGATCAATTTCGAGTTTCCACCACGTACCCATGAATTTGTGATCAGTGATACAATTTTCTAACTCCAGGCAGCTAACCATGTGGACAAAGTGTACAGTTTACTTCCACGGTGGAAGTAAAACATGGGGCATGCAAGCGGTCCAAATCTACCGCCACCGTGGCGGTAACTGCGGACGGTTCTGCCACTGATTTTCAAGTATCGAAAGCTCTTTCAACCAAAAAAACCCGACAGAAACCACATCTGCATTGAGCACAGCCATAAAAATCTCTAGCGATTTAAAAATAAAAACCGAAAGCAAAAAGAACCAAGGAGCCACTCAAGCCGTAACAGAGAAGAGATTTTGATTCCAGCACAGATTTGGGAGTGGGGGAAGGCCCCTCTTGAAGCCCGTCCGAAGGCTCGGCCTTAGCCGGCGCCACGATG
CP178622.1_gap76	2912739	2913310	571	AATACTATTTCTTCCGAAACAGAGATTGTACGACCCACAAAGGACCGATCAGCAAAAATTGTAAGTCTTTGAAAAATGAAGGCTTTTTACCCTCGATTTGATGACCCTTAAATTGGCCTATCCAAGCTAAAACGAATATAACCGACAAGATATAAACGGGGCTTCCTAGCTGACTCACCGCGTAAGTTAGGACGTAACTGAGGATCACTTGCGCCAACATTACCAAGAAAGCCTGGGCTCCGAGGGTCATATACCATCCAAGGGCGATGGCAATAAGGACCTCCCCCACTCGAATAGGTCCCATAGAAAACGGAATTTGGATCAATAAACCCACGATAGAAAAGAAGATCAAGGGCACGCAGATCTTATGAATCAACTGGTTCTTAGGATTCTGATGACTTTCGCTGTATTCAGAAAACCATTGCTCCAGTGATTTCATAGCTCTCCTATTTTTGTGTGGAAAGAGGGCCTACCATCGTGGCTCCTGGTGGAACATCTTTAGTCACAACGGCATTTGCGCCGATCAAAGCGCCATCACCCACAGTGATGGGTCCCAAAACTTTAGCACCGG
CP178622.1_gap77	2916431	2921299	4868	TGAACTTGAGATTCCGCATCCGGCTCTTTCAGCTTCGTGGCCTTCATATAGGTCTGTAAAGACTTTTCGTAAAGTCCTAACGTCTTATAGCGAATGGCCTGAGACATCAGCTCATCATAGCCCAAGCTGTTCTTCTTACCTTTTTGTGACAAAGAAAGCACGACGACGCCAGCGATGACCAGGGAGGCTGCAATCAAACTCCAACGAAGAACATTGGATTTCTGACGAATTTTTCCTTGAAGACGAGTGTCACCGGAAGCGCCATAACTTTTTGCGGCCGCCGGAGCCGTCGTCGAACGCGACACGGGCTGCTCGCGAACCGGAGTCACATCTTTAAATCCCGTCTCGCGCACAGGCGGTGGAGTTAAATCTAAGTTCGGTGGAACCGGTGTCGGAGTTAAATCATCGGTCACAGGAATGATATCAGTACGAGTCATCGTGTGATGAGCAATCGACTGAGTCATCGTCTGTTCTGATTGAGAGTCCTGTTCTTCACGGATATTTCTGACGATATCCATGAAAACCTTGTTTTCGCGAATGTAACTCCAACGTCCTTCAGGCAGACGGACTTCATCAATAATAGAAACTTGTTTTGTACGAAGCTGCTCCGTGACTTCGGACAACGTAAACGGGCCCAGGATCCTGGTTGAGGATTTGACGAGCCAATTTTTTTCGTTGCCGTTCACGTTGTCTGTACTCATATCAGATTAGAATGGTGCTTTCGTTAAAAGAAGTTTTAAGTCGTCGTTCGTTAAGAATAGACCCGCGCCCAAATAGCTAGAGCGTCTGTCACCCTGATTGAAGGCGTCGTTGATACCACCAGTAATATAGATACCGCGATACAAAGTGTAAGACAGAGAGCTTCGAACATTTGTATTTTCAAAATCAAACGCTTCTAATGTGAATTTCAACTTACGACGGAAGAAGAAGTAGTCGATACCGAAGCCACCCGAGTTCTCGATCAAACCACCCTTTAAAGTCAGGTCCCAGAAATTCTTCGCGTAAAGAACGGTGAACTTGATCTGGTTATAATAAGTTTTCGTTTCCGTGTAATCAGCTGGAGATTCCGGCCCCGTACCTGTTCTTTTATAACCTGTTTTTTCAACTAAGCCCGCAGGGTCATCCACAACAGCGATGTAGTAATAACGATCTAGCCCCGGTTGGATTTGCACCCCAATGTAGGACTTTGTCGCCCCGACATCGTTCAAGTACTCACCACGGAAATCAAAGGCCGTTTGAATACGATTCGCCGAATCCAACATACCGCTCAGACCATCAATTGCAGAAGACACATTTTCAGCGGTTTGCTCATCGCTGACAAGCTTACCGATCGCGCCCTCACCTTTATTGATTTTCGATGTGATCTCATCCAGGTTTTTAACGGAGTTCGACAAGCGCTTCCAAGTCTCTTTCAAACCCGTTTCGCTTTGGTCGTTCATCACTTCTTTTAAAGAAGACGTGATGTCATGGATGTCATCCACGATGTCGCCCACTTTGTCTTTGTTTTCCGTCGTCATTTGCGCCAAGTCGCCTGTCAGCGTCTCGATGTTCTTAACGATACGACCAAGAACGTGGCGACGAGTCCCATCTTCAGATGTTGCCTCTTGCAGGTTTTTCGCAACTTCTTTCAAAGAACTGGTCACTTCAGAAACTTGAGTCATCAGGTTATCTAGCGATCCACCATCACGAACAATCAAGATTTGTGCATTGTCTTCTAAGGGAGGATCTGTCGGTGAACCCGGATAAACTTCCACGTGCTTGTCGCCCAAGATACCTTGTGCTTTCACCTCGATGGAAGCCGAAGTCGTCAAAGGAACATCGGATTTTACCGTGATATCGATACGCGCTTTTCCGTCTTGCAAAGAAATGTTTTTGATCACACCGACAGGAATACCGGCAGAACGAACGGCCGAGTTTTTAACCAAGCCCCCTGCATTCGGAAGTAAGAACCAAGCTTTTTTGGAACGACCAAGGTATGAAGGATCATCACTGACCTGCATCGACATGACGGCGATCAGTGATCCCACCACGACAACTAACAAACCTACTTTAAACTCTGCAGCGCGAAGCCAATTCATTGATGTTTCATCCCTTTATTCACGAACCTCTTCACAAGCTCGATGTCCGTGTTGAAGAAATCCTCTGGAGTACCAAATAATAGAACTCGGCCACTATCTAACATCGCAATATAGTCGGCAATCCTGAATGCGGCGGACAAATCGTGGGACACCATGATAGAAGTCGTCGCACCAGCTCTTAATTTATGAGTACTCAGAATCAAATTATCCACCATTTCAGTCAGAATGGGATCTAAACCCGTGGTAGGCTCATCATAGATCAAGATTTCTGGATCTAGGGCGAGAGCCCGAGCTAGACCGGTTCTTTTCTGCATCCCACCACTGATTTGGCTTGGAAGTTTGTGATAATGTTTGGACTCCAAACCGACTTGCTGCAATTTTTCTTCGGCAATACGAAGGACTTGGGATTCCTTCAAATCGCGGCGATGCTCGAATAAGGGAAAACACACATTTTCTAACACTGTCATGTCATCAAAAAGTGCGGCCGACTGAAAAAGAACTCCGAACTTACAACGAAATTTTGTCAGCTCATCGGGCGGTAAAGTTCCAATATCGGTTCCCAGAACCTCAATTGTTCCCGAAGTGGGCTTAAACAGCCCCAAGAGATGCTTCAGCATCACGCTTTTTCCAGTTCCAGAAAAGCCGATGATTGCGGTCAAACTGCCTTTGGGGATTTCTAAGTTGATACCTTTAAGAACAAACTCTTTTCCACCATCAAAGGATTTTTTCACGTCCCTTAAGGACACTGCTGATTCTTGTTTCATTAAGAAATCCCCATGATGTTGTAATAGAAGCGAATCAAGTTTGTCGCGAAGTAATCAAGAATGATGATACCGACCATGCTTTGCACCACGCCCTGATTCGTCGCATCCCCCACACCCTTGGCGCCGCCGGTGGTATTAAATCCGCGGTAAGTACAAACCACAGCAAAATAAACACCGAAAATCATTCCTTTGAAAAGACCTTCGTTGATGTGTTTGACCTCGATGAAGTCAGCAATCTTTTGCCAGAACACGGCCTCATCTAAAGAAACAAGTTTCACGCAAAGAAAGTAACTTCCCAACATCGCGACAAAGTCAAAAACTGCAACCAATAAAGGCATACAAATGACAGCGGCTACGATTCGAGGAGAGATCAAATATTGTTTTGTATTCACGCCCATCACATCCAAGGCGTCGATTTGTTCGTTCACACGCATGGTTCCTAAGCGGGCTGCCATAGCGCCTCCCGCTCTAGCAGCAACAATCAAGCCCGTTAGAACAGGCCCTAACTCACGCGTGATTCCCAGCGCCACTGTGGGCCCCACCATGTTCACGGCGTTAAACAATTTAAAACCTAAATAAAGTTGGAATGAAAGAGCCAGACCCGTAAACACCCCTGTTAAACAGATGATGCCGACAGATTGATTTCCAATGAACTCCATATGGCGAATCACTTCGGGAAAACGCGAAGGTTTAGCAAAGATCAAACGCACACTTTCAGTGAAAAACATCATGATCTGACCGGTCTCGGCGATACCATCTCGCACTTTGTTTAAAACAAAGGCGCCAATGCCAGAGATGATCGTATAAAATCTGTCCGCTAAGGTCACTTTACTCTCCCCCAACTTCGTCACGGATGAAACGGGCATCGACGCCAGTGTAAACGCGAGGCACACGCTCACCAACACTGGTCAACATTTCCCACGTGATACTGTGAGCCAGTGTTCCGATTTCGTCGGCGGAAAGAAAGCTTCCTCCGCTGCCGTATCCAAATAAGATCACTTCTTGATCTTTAAATTTCTTCAAATCTTCGTTTCCTACAACGTCGGTCACATCAAGCATCAAATAGTCCATGCAGATGGTGCCGGCAATAGGAACTCGTTTTCCCGCGAACAACAGATTCGCTTTATTAGAAAGAATGCGGTGAAAACCATCCGCATACCCCACAGGAACGACAGCGATAACCGAATCGCGTGTGGCTTTCCAAGTGGCGCCATAAGACACAGTTTCACCCGCTTTGACGTGACGGTATGTTGCCACTTGGGACTTAAAAGTCATAACAGGTTTTAATTGGCAGACTGATTTATCCTCTAAAGGATTATAGCCATAGATCATCAGGCCCGGACGCAAACCCCAGTTTTGCAAAAGCAAAGGATGATCTTTACTTCCACCCTGCTGTTTTAAAGCCATCAGGTTCAAAATGCCGGAACTATTTAAGGCGTGGCAGAAAATGTTAAACGGTTTAAAGAGCTGACTGACTTGATCGAGCTTGCGCAACTGTTCGGCACTTTGCCCCTGAGGGTCTAATGCATCATCACCGTTATACAAGTGAGTGACTAAAGCTTTCAGACGGATTTTTTTGTTCTGCCACAGACGATCAAAAAGTTTTTGGCCTTCTTCGGGACGGAAACCCAAACGGTTCATGCCCGTATCAAACTTCAGATGAATATTCACCGGCTGATCGGCCACCGCTTCAAGATGCTCGATATGTTCCCAAGTGCTTACCACCGGAGTCATTTGATACTGAAGAATTTTTTCAGCACCTTCTCTGTCGAAACCACGGAAGACTAAAATCTCGGCTTTCACTCCGAAATTTCTTAGTAAAAGACCTTCTTCAATCAGGCAGACACCTAGATGTTTAACACCTAAAGATTCTAAGAAGCGCGCTAATTGCACGTCGCCATGCCCATAAGCATTGGCTTTTACCATCGGACACAAAAAAGGAGCTTGCGGAAATGACGACTGCAACAAACGTATGTTGTGCGCCAAGTGATCTAAGTTGATTTCCGCAAAGGTGTGTCGATACATT
CP178622.1_gap78	2973124	2974309	1185	AAGCCTCCGTTAGTCAACATATAAGCTTTTTGTTCAGGAGAACTGACTTCGATAACATCGATATTCTTCACAACACCTTCAAAGATATTGCGAACCGCACGGTCAATGCGGTGAGAGACTCCAATTTCATGAGCCAAATCGTTCGCAGTTCCCGAACGTACTATAGTGATAGGTGGAATCTTACTTAAGTCATCATACTTCATTAAACATTGAAGCGCGACATTGATGGTACCATCACCGCCACAGATTATGATGGCGTTGGTTTTATGAGACATCTCTTCATTAAGGAAATCCGCCATCTCCGTCAGCGTCTGCGGACGGCTGAAACGAAGGTCACAGCGAAACAATGCTTCGCGTACTTTCGCTTCAATCAGATCTGCATTCACAGACCCGGCTTTTGAATTTACCAGAACGGATACTCTCATAAAATTTAGTCCTCGGTGGAACACAAAAGCAATTCTTATACCTAAGGTTCTTTGGAGTCATGAGCGCTAAAATAGAATTGGCACTCTAGAAGATGACCAAAAACGTCACTTTGGCACCGTTGTACAGACAGTGGACACAATAAGCAAGAGTCAGGATGTCACCGACTCATATATCTAAGAGATGGACACTGTGTACCCACATTTGAAACGCGTAATGAAAAAAATCAGAGGAAATTCAGAATAAAAAATCCCGCGAGATCGTCGCGGGATTTTATTAGAAAAAAGATTTCTTGCGAATCTATGTCGAGCGAAGCAGCTCTGGGATCGACTTCTTCAGAAGTTTCACCGTCGGATAAAGACTTGCTAACACAGTTGCAATCATCGGCAAAAGAAGAGCCTGCACATAGTGCGGAGCCATAATATCTAAATACACGATAAACTGACGCGTGATCCCCGGCGCTGGCGGCATCGGAATTCCTCCGCGCAGTAACGTCTTATCAATGAGGACCGCCAGGCAGATTCCTAAAAAGCCCCCCAGGATTCCTAACAAACTATTTTCAATAAGCAGAATGCGGAAAAGGCGCGAGCGTTTTTCACCGTTAGCGCGAAGGGCACCCATTTCTCCGGCTCTCTCTAAAAGTCCGACAGAGATCACGTTGAAAATACCCATCGCCACGATCACCAGAATAATGGAGCGAATGAAAGCAAACTGCGCATTCAAGAAGTCGACAGAGTTCTGATAATAGTTTTTGTCTAAGAT
CP178622.1_gap79	2975425	2976056	631	AACACCGTCAAAGTCGGAATCAGATAAAAAGACTGAAAGATGAAGCCGACTTTATGCAGACGAACTTGTTCTTTTTCACTTTCTTCAAGACGAGTCACATCTTCACCAGCGAACTCAATATGACCATTCGATGGAGTGTCGATCAATCCTAACAGATTCAGCAAAGTCGTCTTTCCAGTGCCACTGGGGCCTACAATACAAGTGAAGCAGCCCTTTTCCAGTTCCAGATCGATGCCCTTAAGAACAGGAACCTGTTGTTTATTCCAAAGATAAGAGTACTCAAGCCCACGAAGACGATACAGTCCACTCATGCTGGTGATTCCTTACATGTAAAAGCGAAAGCCCAAAGAAATAAAACCGCCCGAAAAATCCAACTCGCGTTGTTCACCGGATGTATTTAGGACCGCGTCTCCACTGCTTTTCGCACCAGAAAACGTTGTGACATCTTTCGAGTATTTTAAATTATCTATTTTTAGCTGACGATAACCAAACTCGACAAGAATGGTTGTCGTGTCTGACAAATTACCTTCATAACCTAAAGAAGCTTGCAAAGAAGTTCCCGAACCTTTGGACTCGGCTGTGTGGTCGGCGACACCCGGGAACGCCGTTTGGCCGTCCGCGGTTAAGGTGT
CP178622.1_gap80	2981693	2985161	3468	ACTCTTCGCGCATTGGTTCTTTCGTCGATCAAGCCGAAGAAGCGCTTTACACCGATGATGATTCGGCGATCAGCCGTTTGAATGCGGTTCTTAAAAAAGGCCTTGAACTTGCGGGCGTGGATCCGCAAATCGCGACCAAGCTTGAAAATCTTGAGCAAGCAAAAGCTTTGATTGATGAGACCGTTTACGAGCTTCGTCAGTATGCTTCAAAGATCGATGCCGATCCTCAGCGTTTGGAAGAAGCGGAAGGTCGTTTGAGCGATCTTCGCAAATTGCAGAAGAAATATGGCTCAACAGTAGATGATATTTTAAAAGCCTTGATGGATATGGAAATTGAAATTTCCAATCTGCAAAACTCTGAATCCAAAGTGGAATCTTTAAAGAAAGAAGCTTCAGCGATCTTAAAAGAGCTAGAAACTTTGGGAGCCGATCTTCACAAGCGTCGCTTGAAAGGTGCAGATTTGCTTTCAGAAAGCGTGAATGCCGAGCTTTTAGACTTAAACATGAAGGGTGTGACCTTCCACGTACAAGTTGAAAAGATGGAGCTCTCTTCTTCGGGCATGAGTGACGTGGAATTCTTGAGTCAGACTTCCGCAAAAGATGTAAAACGTCCTTTGGCGAAGTTTGCTTCTGGGGGCGAATTGAGCCGTATCCTTCTTTCTTTGAAGCGTGTGGTGGGCTCTACAAATCAACCTCGCACTTATCTCTTCGACGAAGTAGATACTGGTGTTTCCGGTGAAACAGCCGAAAAAGTCGGAAAGAAACTAAAGACCATTGCTAAAGGACAGCAAGTGATCTGTGTCACTCACCTTCCGCAGGTGGCTGCCTTTGGTGACGCTCACTTCTTTATTCAGAAATCTCCGCAAAAAGGTTCTGTGGCGATGCTTGTGTCAGAACTCAAGACAAAAGATCGTGTGCAGGAACTGGCTCGCCTTATCAGTGGCGAGAAAATCTCTAAGACTTCTGTCGCCCACGCCGAACAACTTTTGGCAGAGGCTCAAGCCTAACAGCTGATGAAGAATTCGTAAGTAGAGCCTCCTTATTTCCCCAAGTAAAATGGGAGCAAATAAGGAGGTTTTTTTATGATTCTGGTCATGGGAGCCACGGGTAATATTGGCTCTAAAATCGTTACCCACTTACTAGCTCACGGTCAAAAAGTGCGTTGCGTGGCCCGACACTTTCCCAATAAAGAAAACTTCCAAGGTGCAGAACTCGCCCAAGGCGACGCAAATAATGTGAGCTTCTTAATGGATGCCATGCTCGGTTGCTCGGCAATATTCACCATGATTCCACCGAACCCCAAAGCCGAAGAGTCGCGTTTCTATCAAAATAAATTTGGCGAAGTGATTGCCGAGGCTATCGAGGAAGCCGGTATCAAAAAGGTCGTCAACTTAAGCAGTGTTGGTGCGGATTTAGAAAGTGGCACAGGCCCCATCTTAGGATTGCACGATCAAGAAGAGCGCCTGAGTGAAATCACTCATGCCGACATCATGCACTTGCGTTGTACTTACTTTATGGAAAATCTAAATAATAATATCTCAAGCTTGATCGGAATGAACCGTTTCTTTGGCACAATCAATGGGGATGTTCCGATTCCTATGGTTGCGACTCGAGATATTGCCGCTCGTGCCGCCTTCCTATTGATGAATCCTGATTTCAAATCTCACAATGTCGAATATTTGTTGGGAGAAAGAGATATTTCCATGAACGAAGCCGTTAAGATTCTGGGAAATGCAGTGGGACGCCCGGATGCTGAATATGTCGAAGTGCCACCGCAAGAAATGCGCAATTACTATATTGGTGCAGGATTGAGTGAAGACTGGGCCGATGTTTATCTCGAAATGGAAGAGGCCTTCGGGAACGGAACTATCGCAGGAACTTTCCAGCGCAATAAAATCAACACGACCGCTACTTCTATCGAAGAGTTTGCTCGCACTACTTTTGCGGATGCTTACAACAAAGCACTGGCAAAACAAAATCAAGTGCGCTTTCAACAGACTCAACGTGGCGGCGAAGCCCGACCTTAGTCTGAGTCGACGTAGAGCCTCTTGGAAATCCAAGAGGCTTATACCCACCCTCCCCTCGACGTGATAGCCTAAATCCCATGAAAAAAATCACTTACGCTGTTTTACTTCTGGGAGTTTCCTGCATGCACAAAGATCTTCAATCTTATCCGCAACCTGAAAAAGTTCCGGTGACGCTTAATAAGCATGGAGACGCAAGAACCGATGAATACTTTTGGCTGCGTGAACGCGAGAATCCAAAAGTCATTGATCATTTGAAAAAAGAAAATGAATTTACGGCCCAGGCAATGAGTTCGGTGAAATCTTTGGAACAAACACTTTTCTCGGAGTTAAAGTCTCGTGTAAAGGAAGATGAATCTTCAACGCCCGTCAAAGACGGCGATTACTACTACGCCGCTCGCTACGAAAAAGGTCAGCAATACCCGCTTTATGTTCGCTACAAGGGTTCACCAAAAGGGACGGAAGAAATTCTTTTGAATATACCGGAACTAGCGAAAGGACATGACTTCTTTGAATCTACAGGGCCACGCATGAGTCCCAATCACAAGATTATGGCCTATGCAGTGGATACAGTGGGACGTCGCTTTTATACCGTGTATTTCAAAGATCTTGAAAGTGGAAAGCTTCTGCCTGACACAATTCCCAACATGACCTCAAATCTTACTTGGGCCAATGATAATGAAACCGTATTTTACGCCGAACAAAATCCAGAAACTTTGCGCAGTGAAAAGATCTATCGCTACAACTTGCGCACGCAAAAGAAGGACTTAGTTTATCACGAAAAAGATGAAACCTTCAGTACTTACGTTTACAAATCATTGTCAAAGAAGTTCATCTATATCGGCTCTAGCAGCACACTAACGACGGAAGTTCGATTCATTGAGGCTAACAAACCCACTGAAGCCTTCCGCGTCTTCAATCCTCGTGAACGCGAGCATGAATACTCGGTGACGGACGATGGCGAACGCTTTTACATCATCACAAATAAAAAAGCTAAAAACTACAAGCTGATGACGACGGACCTTTCTCACACGGATGCTAAATCCTGGAAAGACCTGATTCCACATCGCGCTGACACATTCTTGCAAGATGTGACAGTGTTTAAGAACTATTTGGTATTGGATGAAAGAAAGAATGGATTAACTCAAATTCATATCACTGACAAAAAAGCCAAAAATGCTTATTTCATCCCGTTTGCAGACGGCAGTTATATGGCTTCCGTCGGCGACAATCGCGAGTTTGATGCTGAATGGGTGCGCTATGATTATGAATCCATGCGCCTACCCCCTTCTGTTTATGAGTTCAATATGAAAACTCACGAGCAGGTTCTAAAAAAAGTGCACGAGGTTCCTAACTACAACCCGGAACTTTACAAATCGGAACGCATCTTTATCACGGCTCGTGATGGCGTGAAGGTGCCTGTCTCATTGATCATGAAGAAAGA
CP178622.1_gap81	2994570	2997382	2812	CAATCGGAGCGCCACCTGTACCTGTTCCGCCACCCATACCCGCAGTGACGAACACCATGTCCGCGCCTTCCAATTTCTCAACAATTTCATTATACGATTCAATCGCAGCTCTGCGACCCACATCTGGGTTTGCACCTGCGCCCAAACCTTTAGTCAAATCAAGACCCAACTGAATTTTGTTAGGAGCTTTATTTGCATTCAAAGCTTGGATATCTGTGTTGGCAACGATGAACTCAACACCGGTCATGTTAGACTCGATCATTGTCGTTACAGCGTTGCTTCCGCCACCGCCGACACCGACAACTTTAATATTCGCTCCGATATTGATATTTTCCTCTAGCTCAAACATTCGACCCTCCCCTATTAATACCGCCAGCCCAGGCTACGGCGGTGATGCAAGTAAAAAACTTTTTAAAAAATCTGTCCGAAAAAATCTTTGATCTTCTTCGTGATACCGTCGAGAGACTCGCCGATGTTCACTTCTTGCTGCTGATGACCTGCCTGCAAATCTTTTCTTTGTGCTAGTGCATACAACAACAGTCCGACGGCTGCTGAGAACTCTCCAGATTTCACAACATCTGTCAGACCGCCGATTTGCTGAGGAGTCCCTCGACGAACCGGAATATCAAAAATAAACTCACCCATCTCAATCAGACCATCAAGTTGACTTGCGCCGCCGGTAAGAACGATTCCCGAACCCAACATTGGCATCAAACCACTCATGCGCAAATCGTTCGCGATCAAGTTCAGAGTTTCCTCTGCTCTTGCTTCGATCACGTCTGCTAAGTCTTTGCGAGGAATCACGCGGGCTTTTCTGCCGCCGACACCTTCGACCTCGATAGTTTCATTTTCATTCACCATAGAAGCCATGGCGCAGCCATGCTTCTTCTTTAAAGCCTCTGCCGCAAACTGTGGAGTGCGAAGTCCTACAGCCACGTCATGAGTGAAGTGCTGACCACCCACCGGAATTGTCGATGAATGCGCCACACTTCCGTTGACGAAATACAAAGCGTTGCAAGCGCCGCCGCCCATGTCGACAACACACACGCCCAGATTTTTTTCGTCATTAGAAATAACTGCGGTTGCTGAAGCCAATTGCGCCAGCACCAAACCAGAAATTTTAAGTCCCGCTTTTTCAACACATTTCACCGAGTTGTTGATCGCGCTTTGGCTGCCCGTCACGATGTGAACGTTGGCTTCTAAGCGGATGCCTGACATACCCACAGGATCTGTGATGCCGTCTTGGCCGTCGACTTTGAATTCTCTTGGAAGAATGTGCAGAACCGTGCGATCTGCCGGAACCGCTACGGCTTTTGCCGCTTCGATCACGCGATCAATTTCTGAAGGAGTCACTTCGCGATTTTTAATTGCGACCATGCCCTTTGAATCAAAAGAGGAAATGTGCGTGCCCGCAACGCCGACCCATACCTCAGAGACGGAATAGCCAGACATCAATTCTGCTTCTTCTTTAGCTTTTTTAATGGATTCCGTTGTGGCCTCGATATTCACCACAACGCCTTGGCGAATGCCCGTATTAGGAGCAGTTCCTACGCCAGCGACTTCGATTTTTCCGTCGGAATTGACTGTGCCGATCACAAAAGAGACTTTGGTAGACCCAATGTCCAAACCAGCCAATACCGGTGCCTTCGGTTTTGATGTACTCATCCTTAAGTCCTCACGGATGCTTAATCTAATGTTGTAGAACCACCCGATAAAATCATTTCAAAGGGTTTTCAAAGCGAGCTTGACCCGACTTTGATCGGTCCTCCAGACTTAAGCTTAGGGATCCTTACGCAACCTGACAAGGACTTTCTTAGACAGATTCGCATCTATGACGCGCGCGTCAAATTGGCGAGATTCGAGATAGTCGACGACTTGTGAGACTCGAGCGGCCTTGAGTGAAACTTGGTCTTCGCCCATCTTCACTTGAATTCCGGTCTTTATCATCGTCATCCAAAAACCTTCTTTAGAGTCGTGGCGAATTTCAGAAATCGTTTTTTTACTGAACGATCCTTCAGCAGGAATTTGTTCGATCACTTCCACTGCTTTTTTTCTAAGCTCACTTTTCTTCTGAAAACTTTCGCCGTCTAGAAGAGCCACATCAGGAGCTTGCTTGGTTTCAACAGGATCTAAAAAACTTCCGTCTTTAATAATAGGTACAAGTTTTCCACCCTTACCCATATAAAGAAGTTTCACTTCATAAGGACGTACGCGCACAGCAAGAGTCGCCGGCCAGCTGCGTTTGATATTCAGTTGCTCCACCCAATTTAAATCCGAAACTTCACGAGAGATTTTTTTAAGTTTGATGTTCCAAAGTGAAATGCCCTTGTACTTCGCCAAAGACGCTTCAAGACGGTCTACATGAGGCTTTAAAAATTGTTCTTGGCCTGCCGGAGGGTTTTCAAGAATGACTTCGATTTTCGTGATATTGAAGAAACCATTTTTATTAAGATAAAAAAGGGAACCCGCAAGAGCTACAGGCAAAACAATAAATCCAAAGATGAGTTGTAAAACGAGCTTCTTCACGAGGTTCTCCGAGCAAATCCTTTGCTGTCGTAGATTTTAGACTAGCAAGACCCGGTGCTACTTTGAAGCTATTTAAGTGAGGAGATTTTCTTTCCCGCCGGAAGCAAGACCTAGGTCCCAGCGCTTCAAACACTTTCTTCGCTAAAGTTGCGAAATAAATGCAGAACACGAGTTCTTAAGTATTTTTTTATTCTCTCAACCACCGATAGAAAGATTACCAAGGAGACATCTATGAGACTGGGGACGAAGATTATTTTAAACGTGGGTTTATCCTGTGTGATCTGTA
CP178622.1_gap82	3109011	3113309	4298	AAGAGTATGAAACTAGACTCCTGTCTAGGTGAAAAAACAGCTGTGGGACAGCAGAGTTTCTCTCTCTTCCTCGTTATCATCCATGACAACAAACCGGCCTTGTGCAAATTCCTTTGCACTGCTCTTTTTCAAATCCTACACTAGCTTTTATGGTGAAGCACACAATTCTTTGTGTAGATGATGAAATAGATAATGTAGACGCCCTTGAAAGGTTGTTTCGTAAGAAATTTACCGTACTAAAGGCCACCTCAGGTAAAGAGGCTCTGGCTGTTCTCGACGAACATCCAGGACCCGTTTCTTTAATCATCACCGATCAAAGAATGCCAGAAATGACCGGCGTCGAATTTTTAGAAAGAACTTTGGAATCTCATCCTGAGACGATTCGCATTCTTCTTACTGGTTACACAGATCTTGAATCCGTGATCATGGCCGTCAATAAAGGACAGATCTTCCGTTACCTGACCAAGCCTTGGGACCCTGTGGATCTTACGAACACCGTTGAGCACGCTATTGAAAGATTCGCGCTCGGACAAGAGCTTAAACAGAAAAATGCGGAACTTGGAAAAGCTTTGGATGAACTTAAAAGCTTGGATGTTGCCAAATCTAATTTCATGATTTTGATCAATCATGAATTGAAGACACCTTTAACATCTATATTGAGCTTCTCGTCCCTGCTTGCAGAATCGAACTTGAATGATGAAGACAAGTTGATGGTCAATCGAATCACTAAGAGCGCGGAACGCCTAAAAACATTGGTAGAAGATGTGCTGCTTGTGGTTCGTGCTGAAACTAATCAGCTGAAGATCGATATGCAAAGTATCGCGTTCACTCAATTTGATGAAAGTCTTTCGAAGGACGTGAATGATCTTTTACAAAAGAAACAGCAGAAGCTGGTTTCTAAACTCGAACCCGTGACGGTAAAAGCAGACGCCCGTTTGATTAAACAGGTGATGCTTCGTTTGATCCATAATGCCGCCAAATTCGGTGAAGAAGGCAGCGAGATTCATATTGAATCCATCCGCAATGGTGCGAACCTAAGGTTCTTGGTTCACAACAAGGGACCGCACCTTCCAAACTCGGTGGTCGATAAAATCACGAAACCGTTTTATATTGATGAAGATGTTATGCACCACTCGACGGGAACGGGCCTAGGGCTTACGATCTGTCAGTCTATTTTAAAATCACATCAATCCCAGTTGCAGTTTAAGAATACCAATCAAGGCGTGATGGTTTTCTTTGAACTCGCGGTCGGTTGAATCGTCCGGACGCCGTCCCTAAGCTTTTTTAAAAGCAGCTCGGCGTCCGACTTCTAGATTGCTCTGGCCTCGGAGCATGAAAACACTTTTTCTTTCCATCACATCCTTTGTCTCTTTGACTTGGGCCCAGGATAAAAACCTCACTCTTTCTTTGGGCGAATCACGAAGGCTTGCTCTCAGCGGTCAATCCACCGTTTGGATTCAAGATCGAGATATCTTAAAAGCTGAAGGTCAAGGTTCAAGCCTTACCATTCGAGGCACTCGCGAAGGTCAAACGACTTTGAAGCTGGGCTCAGTTGTTTATCGCATTCAAGTCCTTCATCCTACGAAAACAGACTCATTTACGGAGCTACAAAATGAACTCAAAAACATTGTGGGACTCTCTGCTGAAATTTCCGAAGGTGATCTTTTAGTAAAAGGGCAGCTTTATCGGCTGCAAGACTGGCAAAAGCTTTCTGATTTTGCACGCGCGCGAGGTTTGACTTATCAAATGCGGGCAAGCTTCTCGGAACAACTTCAAACAAAAGCCCACTCCCTGTTTCGTGAAATTTTAGAGACAGGCAAGTTACCGCCGCAGACTCTGATTTTTTCAGAAGGCGTCGAAGTTCGCGTCAGCGCTTCGGACGACCTCTATAAAAAGTACGCCAAAGCTTTGAATCCTTACGGCATTCGGGTGACTCGTGACGAAAGCAGCTTAGAGATTGCTCCCACAGTCAAAGTACAGATCACCGTTGCAGAAATTAAAAGAAGTAATGCCATGAAGTATGGCATTGAGTGGCCCGCTTCATACGCCGCGAAACTAATGCCTTCGGGCAAATGGGAGGTCGAAGACGGAATGCCATTTAATCTTCATGCGCTGGAAGAAAATGGTGACGGTAAAATCCTCGCTAGCCCCAACATTCTTTGTCGCAGTGGCAAAGAGGCCGAGTTTTTAGCCGGTGGAGAATTCCCGATTCGCATTCTAAGTTACAAAGCTTCGGAAGTGGTTTGGAAGCGATACGGAATTTTACTTCGCGTGAAGCCGAAAGCCGATTCTTCGGGCCGCATCAGTCTTTCAATTGAAACGGAAGTGACGACTTTAGACAAGGCCAACGGCACCGGAGATATTCCGGGAGTCTTAACAAATCGAGTTTCCAGTCACTTCGATCTGACCCGCCCGCAAACGATTGCTCTTTCGGGCTTACTAAAAAATGAAGAAGGGGAATCTTCAACGGGTCTGCCAATGTTGTCGCGACTCCCCGTTATCGGGGCTCTTTTTTCCAGCAAAGATTTTCGCGAGAACCGCTCTGAACTCGTGATCTTTGTGCGACCGACGATTCTGAAGGAAGGTGATAGTGGCGTCGGCCAAGAACATCTTCAGGCACGTGGAGAAATTTTATGATGATTGCTGCAAAAACCGTTTACGATAAAATTCAAGATGATATCCAACAAATTCCTTTGAATGAATTTCTGCTTTCTCCAGAAGAAGCGAGTTCTCTGCGTTCAAAGAAAGTGGAACAAATCATGGAAAAACATCTGACATCGCAAACCTCGGATGTCCGTACACGTGTCTTAAGTGAAATCAATACCTGGGGACCTTTGGCAGAAATTTTAGAGGATGAAAGCATCACTGAAATCATGGTGAATGGTCCGCAATCAATTTGGCTTGAGCGTGAAGGAAAGCTTTCTCGTCATCCAGATTCATTCTTTTCGGAATTAAGCTACCGCAACTGTTTGGACCGTTTATCTCACGAAGCCAATGCACATATCACCAAAGAATTTCCCGCGGCTGACGGAGCGTTTAAAGATTTCCGTTTAAGCCTGATCGGCAGTGATGTGACACAGTCTTCGGTCCACTTCACCTTAAGACGACATCCTAAAAATCCTTGGACGTTTTTGAAACTCGCCGAGGCTGGCTGGTGCCGTCCCGAAGACTTGCGTATTTTTCGAGAGTTGATCGAGCAGAAAAAGAATTTTTTGGTCGTGGGTTCTACGGGATCGGGAAAGACATCGGCTTTAAATTCGTTTTTAAATTTGCTTCCCGAGAATGAACGCGTGGTGATTATCGAAGATACATCTGAAATCCCCTTGCCTAATAAAGCCAGCATGAAACTTTTAACTCGGGAAGATCCGCAAAATGTTTTGCCTTCGATTGATCAAACGCAACTTGTGAAGCGAGCTTTGCGACTTCGTCCCGATCGCATCGCCATGGGGGAAGTCCGCGGCTCCGAAGCCAAAGACTTTTTGATGGCCTTAGCAACAGGACACGCGGGAAGCTTTGGAACATTACACGCGCAAGACGCCGCACAGGCCCTGATTCGTCTTGAAATGTTGATTCAAATGGGCGCTCCCCAATGGAATCTTTCAGCCATTCGTCGTTTGATTCAAATGTCTTTGGATTACGTGATCGTTGTCGGCCGTGAAGCGTCGGGACAGCGCCGATTCAAAGGGGCTTATCGCCTTTGCTCTTTAGAGGATAACGGATTCCTTTTAGAACCGTTCGACTTGTGAGTTCGATGATTCTGGTTGCAGCTCTGGCTGCAACTCATCGTCACGCACAATTTCGTAGGTCACAGCGGATTTAAATTCTTTTTTGCGGAACAAGTAATAAATAAATCCCGTCATCACACCGACAAGAAAACCAATCAGATGTGCGCGATAGCTGACGTTGGGCTCAAAAGCTGTCGAAGGCATGAAAACACCCAAAGCGACTCCCATCGCTCGTAAACTTCTTTGCAACCATGTGCGCTGTTCATCTAACATCAGATAAAGAACGAGCCACATACCGCCCATCCAGTAAACAACTCCAGAAACACCGATCAGATTGATATCAGGCGCGTAAGTCAGAATTGTCAGAGCGTTCGTCACTCCGCCTAGTAAAAAAGCTAAAATCGGAAACACCCAAAGGCCAAAGTAGCCCGAAAGAAAATATCCGAAGATAAAAAACAGAATGGAGTTCGAGGCCAAGTGTCCTAAATCAGCGTGAGCAAATAAAGTTGTCCACAGCCGCCAATATTGATGCTGCGAAAAAACAGAAAACTGCGAAGCACTCATCCAAGTGGA
CP178622.1_gap83	3185585	3186245	660	GCTAAGGTAAGCGCGCATCAGCATAAAGGCACAGAAGGTGCTCATAACCGAACAGAGAAGATAGACCACGAACGCCATAACTAGTCCTTCTTAATCTTAAAGGCATTCGCGAAGTCGCGGATGCTATCAATGGGTTGAGAGTAAATAAATCCGATAACAGAAGATCGACGATTGGCATAGAGCTCTTCCAATCGATTCAGGATCTCCATTTGTTTTGAATCGGCAGGGAATTCATAGCCCCCGCCATTATTTACGATTAATTTTGCCGCCGCCAACTCTGCAAGCTGTGATGAGGCGTAGGATACGTTCGTTCGCATTTCAGAACTAATGTCTTCCGCGCGCCACGCTTTCGTAGAATCCCGCTTCATCAACAGTAAAACTTCTAACAGAGAAACCGAGCTGATATACCGTCGAATAAATTCACGGATATCATCAGGTATCTCACCGGACATGAGCATCCCCTTCCTTAGGTTTATTAGGATTGAACTTCGAAAGATGCTCAATCAGAACGTTGAATTCGACCGGCTTAGCAAGATGTTCTGTGCAACCGGCACTGATACTTTTTTCCCGTTCTTCGCGCAAAGCATGTGCTGAAAGAGCGATAATGGGGGCTTTAAAATTTTGAGATCTTAAAAGACGTGTCGCCTCGTAGCCGTCCAT
CP178622.1_gap84	3200408	3201497	1089	GCATCTTTATCCAAGTTGGGATTTCCCGTTGTACGGGCTTTTTTCGCTGGATCCGTCCAATTGGCATCAACGATTTTATTTAAAACTTCGCCGACGTTTTCGCCGCCAAGTTTATCCTTATCGAGAGCACTGATGTTAGAAGCACCCACGTTTTCGGCTTTCGTAGTTGTTGCGCCGAATGCGTTGACTCCTAGTTTGGTACTCATGACTGCCATTGAGGTCTCCTTCTAAAAAGTTTCTTGCTGCTTCAGCTGCCGCGCCTGCTGGCGCTTCAGTTCTGCGGGTTGCCGCCCAGCGGGCTCGCGCCCTTAAGCTACAAGATTTAATCCGCTGCCTTTGCCTTCAACTTTGCGGGAACTTCGAGCGGTGCTGGAAGTTTCGATCGGTTGAAGTGGATCGCGATTGCGCATTCCATAACCTTTTAAGTTTGGCATTTCAGAGTAACCTTCGCGACGTCCTTGTGAACCGAAGTTTTCGTTGAACTGGTTCCAGAACTGGCGAGCTTGATCACGCTGCTGGTTGCCGTTGTTATTGGTTTGGTTTTGCATCGCTGTATCCGCAGACGTTGAATTCACAACATCCACCTTTACATTTTCCATTGAGAGCTTGTGAGCAGCAAGACTGGTTTTCAGTTCAGCTAGACTAGACTCAATCGCCTTCTTAGCCTCTTGAGTATCTGCTGACATCTGCATGTTCACTTTACCGTCTTGAAGCATCACTTTCAGATGAATGGTTCCCATGCCTTCTGGAGTCATTTGAACTTTCATCTCCCCGCCACCTTTTTTTATAAGATATTGGGCTTGATTCATGAGCTGCTTCACTGCGGCTTCGTTCTCAGTTTGATTGACGGGCGTTGGCGCTACAGCTGCGGCTACAGGTGTTGCTTGAGGCAGACCCAAAGCTTCGCCCTTGATAGGCTGAGCATGAACCGCTTCAAGACCGGAAAGGCTGGATTGGAAATCCGCACTTTTCGTCGTCAGTTTCGTCAATGCACTTTCTTTTTCAGAGGACATTCCCTGTTGCGCCAGATTCTGCGAATTCTGTTGCATCATTTGTCCCTGAGATTGGTTTTGGAAGAATTCCTGATTG
CP178622.1_gap85	3252093	3254258	2165	TTGTGAATCTGCCAGTTGATTTAGGGCCTTGCCTTGAACCAGCCACGCAAGCTACTCTTAAGGAGTGAAATCCTTAGTCGCCTTTCTGACATTTTGGTCCTCTATAGCGTCGGCAGCTCCGCATCCCGCGACGAGCTCTTCTGCTTTCACCGCGCCGGAAAAAGGGCTTTATTTTCTGCACAAAGGTTTCACCTTAAAGACCGAGGGCACGAACTGGGTTCCAGTAGCAAGCAGCGAAGAAAGCCTTCTAGACACGGTTCGCTTCGCTCCTCGCGACAATCAAACGGAAGGCAGTCTTAGCATTCGTACGGATAAAGTCGCAAAGAACGCCTCTTTAGAGCTTTATACCCGCAAGTGGATGCGCGATTACCCGAACTATGGTTTTGAGGTTATTTCCGCCAAGAATTTCACTTTGAATGGCAGTCCCGCTTTAGTTGTGGATATGCTTTCAAGATCAAAGAACAAACAGATCCGCCAAGTGGTTTTAAAAAATGAAGACCGTGTGGCTATTATGACCTGCCTCGATGACAAGACTCGTTTCACCAAAGCTCTGCAAAGCTGCAATCAGATCATGAAGACCTTCGCTTGGACGACCTCCGAGGCGTCTGCCAGCAAAGAACCGGCTCCCGTTAAAAAATAAAGCTGAACTGCACACGAAAACCCCATTCAGAAGCTTCTTCGGGCCCTGACACCAAATATTTAAATCCTGCCCCTAACTCCGCCGCATCCGTTTGCGAATACGAAAAGATATGCGAATAACTAAGAATGGCGGGATGAGTCCACTCTTCCTGTTCGCCATTATAGACGGACTCAAACATTAAATTCACCGCTCGCCCGTCGCCAAATCGATAGTTATAAAACGGTTGGATCGAAGCCAGGCTGATATCGCTGCGATCTTCTTCACCCGCAAAAGACCAAAGGTAGTGAGCCAAGATTCCAAATGTGTACTGAAACTCTTCATAGGCGACGGAAACAGCGGGTCCAGCCGCCCACTTTCCTGCGCCTAGAAAAGTATCTGTGGCCGTGGGTGCTTCAAACGCAGCTCCGGCAGCCCAACTCCACTGTGAATTCGGTTTTGCTGGAGTGAGCAGAAATGTTTGCACAAGATCGCCTAAACCAAACTCATAGTCGGAAGAAGGGAAAGCCTTCTCATGATAAAGCACCGGCAAGAAACTGCGAGAAACCAAGTTCCAGTCGGTTCCCATGTCTAAAGAAAGATGAGGTCGAAAAGCCATTTCTAAAACGCTGCCGTTTTCAAGAGGGCCGACGCGATAGTTATTTGTGATTTGAATAGGAAAGCGATCCAAGCGGGAGTGAGGACTGGCGAAGTCTTTGGCAAGTTCATCCACGTTTTTTGCAAAAACGGTGTCAGTAAAAATCAAAGCACCTACAAGAATCAAAACTGTCTTCAGCATAAATCCCCCTGATTAAGTCTCCTCAGGGAATTTAAGACGAGCAATGCATTCTTTCCTGGCTAGTTAACTGACAAAAAAAAGAGCCAAGATAACTTGGCTCTTGAGATAACAATCGATATGGCTATATGGAAAACTAGTTACAACGTTTACCCCATGTGTTGGCTGTTTTATCACCCACACCGATGTGTAAAGACGCACTTCCATAGTGACCGATCGCGCGCAATCTTTTTTGGGCGCGCATTTTACAAAGCTCACGGAACGCGCGGTCGGCTTCGCTGTTGCTCGCAAAGCGTACGTCGATAGAAGTTCCGTAAGGATGACGACCTTTCGCACCACCCACGTTTTTGTTGTAGGGCTCCGGTCTCCACCAATTATAGATATGGCTGATTTTAATTCCTCTAGCAGAAAGATCCTGAAGGATTTTTACGCCTGCAATTGGATATTGCCATGTCTTTTCATCAGGGTGAATCAACTGATGTTCTTGGCTTGATCCGTATGTACAGCGAAATGTCGAAGCAGAATTCTTGTTCGGTCTAACAAGCTGGTTGCACCAAGAAGAGTTGTTTGTCTCTTTAGCGCAACGTTGAAGAAATTCTTCTTCTTTTGTATTTCCTAAATTTACTTGGGCTTTCTGGCTGGAAGAAGCTTTCACACAACCTAAAGACTCAATCTCTGGATCAATGGCTTCTTCACTGTCATTATGAATGTGGTCTGCGATATCCTCTGAAGCGCCGTCTTCAATAGCGGCCG
CP178622.1_gap86	3267174	3268191	1017	TTAAACGAAGGTCGTATTCCGACATTGCGCGGACACGTTTTGACTGAAGAAGACCGTATTCGTCGTCAGCAAATTTTGAAGCTGATGACAGAGTTCGAAGTCGAATTCACGGATGCAGATCAAGAAGCAAAGTCGAAAGAGTTCTTAAGCGAAATGCTGAAAGATCATTTGGTTGAGATCAAAGATCACAAGCTGCTTGTTAAAGAAGAGGGCCGCCCTTTCTTGCGCAATGCCTGTGTTTTCTTCGACGAACGTTTAAAATCAAAACAACCACAGACTAAGATATTCTCTCAATCTATATGAAAAAAATCAGCGTGATTGGCGCAGGGTTTGCGGGCTTAAGCCTCTCCCTGCGACTGGCTCAAAAAGGCTTTGAAGTTGATATCTACGAACAAGGTCCCCGCGTCGGAGGCCTTATCGGAACAGATAAAAATCAGTTCGGCCTTGCCGAACAGGCGGCGAATTCAATGATTCGTACAGCCCACGCCGAAGCCCTTTTCAAAGATATTGGGCTCACGCCACTGAGCGCTCTTGAATCCTCAAAAAAACGATTTATCTTCCGAGAAAAACCGCGTCCTTGGCCGCTTTATTTCTCGGAAACAGTGAAATTCATCGGTAAGCTTTTGTTTAATCTTGCCCGGGGAAAGAAGAATTTTTCCCCGCGCGAAAACGAAACTTTGCAGAGCTGGGGTTACCGTATTATCGGCGCACCGGCGACGCAGTTTATTCTCAGCCCGGGCATGCAAGGTATTTATGGGAATGCCACAGATGAACTGAGTGCAAGCCTGATTCTTGGACCCTTGATTAACCGTAAAAAGAAGGACAAGTCGCAGCCTCAGTACAAGGGTATTATGACGGGACCTGAGGGCATGCAGGATGTGATCGATCATCTTGAAGCAAAGCTGAAAGAGCTCGGGGTTCGCATTCATTTGAATTCTAATGTTAAAGCAAAAGAGTTAAGCGGACCCGTTGTTGTTGCTACTTCCGCTCAGTCTGCAAGCGAAATTTTAAAGTCCT
CP178622.1_gap87	3309666	3312582	2916	TTTATCAGCCAAACACTTTGTATAAATCCAGAAGCAAAGCTTTCTTGAAGGACCGACTTCTTCGCCATGATAGCCTTGTTCCTATGAAAATGAAGATGATGCCATTCATTCATCGGCTGCACAGCGATCGTTTTTTAGATAAGCTCGGGAACGATAAGATCTTAGATCTTGCAGCGGCCCTTTCTTATTACACCGCCCTTTCCTTGGCGCCTCTGCTTATATTAATGATCACCTTTGTTTCTTTCCTAGGAATGGAATTTAAAACCGAGATGATCAGTGAAATCGAAAATCTTGTTGGCTCCCAAGCCAGTCAGGCCATCAAGGCTATCGCAATGAATGCTGACAAAACCCCTACGATCCGGGACTGGGCAGGATTAGTGGGGATCATCACTTTGCTATTTTCTGCTGGCGCGATTTTTGGTCAATTGCGTGAGTCCTTGAATGTTATTTTTGAAGTAGCAAGCCCCGCGCAGGATCAACAAGACGAAGGAATTTTAAAAAGTTCCTGGGCCTTTATTAAGAAAAAAATATTCAGCATGGGAATGGTGCTGGCCTTCGTTTTTATTTCGATGGTGTCTTTGGTGATTTCATCCATCATCTCGCTAGTTCTTAGTGGTGCTGCGGCTATTATCGGACAGATCGCCAACTTTTTGATCTCTTTGTTAATCTTCACTTTGCTTTTTGCGGCTATCTATTACTTTTTACCGCAAAAGAAAATGCGGCCGGCGGAAACTTTAACAGGTGGTTTGATCACTGCGATCTTATTTTCTATTGGTAAAACACTGATCGGTCTTTATCTGGGACAAAGCGCTGTAGGTTCACTATACGGCGCCGCAGGATCTTTAATCGTATTACTAATGTGGGTCTATTACTCTTCGATTATCATCTTCATCGGTGCTGAAATCGCCAATGAGATTCACAAAGTCGATGACGAAGAGGCTTCGACTTTGACAAAAACGCGCGGCTAAGAGAAATTTCAATCTCCAACCACCGCGAGGTTTTTATGCGTGATTTCTATCCTTCAATTGAACCAAATAATTCTGGAATGCTGAAAGTATCCGACATTCACACTTTGTACTGGGAAGAGTGTGGAAATCCCCTGGGAAAACCCGTGGTGTTTTTGCATGGCGGACCAGGCGGTGGCGTGGCTCCAGATCACCGTCGTTTTTTCGATCCTAAAGCCTATCGCATTATTCTTTTTGACCAACGTGGTTCTGGAAAATCCACTCCCTGTGCAGAGCTTCGAGAAAATAACACGTGGGAATTGATCAAAGATATCGAAACGATTCGCTCCATGCTCAAAATCGACAAGTGGGTTGTTTTCGGCGGCAGTTGGGGTTCAACGCTTGCTTTGACTTATGCGATTTCTCATCCTGAAAGAGTGAAGGCTTTGGTTTTGCGCGGAATCTTTTTGTGCCGTCCTTCAGAAATCAAGTGGTTCTATCAAGAAGGCGCCTCAGAAATTTTCCCTGACGTATGGGACGAGTACTTAAAACCCATTCCAGTGGCTGAACGTGGTGACATGGTGACGGCTTATTACAAACGACTGACTCATGAAAATTCAGAGGTGCGTTTGCAAGCGGCAAAAGCATGGAGCAAGTGGGAAGCGGCTACATCACGCCTGATCGTAGACCAAAACGCTATTGATGAATTCGATGATCCTGAATACGCGTTGAGCTTTGCACGCATCGAGTGCCATTACTTCACCAATAATGCCTTCTTCTCGACGAACAATTGGATCTTAGAAAACATCGAAGCCATTCGCAAAATTCCTGCAGTGATTGTTCAAGGCCGCTATGATGTTGTCTGCCCGGCTCGCTCTGCGTGGGACCTCCATAAAGCTTGGCCGGAGGCAAAATTTACAATCATTCCTGACTCAGGTCATGCGGCTGCAGAGCCTGGAACTCGCTCAGCTCTTATTGAAGCCACAGACAGCTTCAAACACCTGTAAGAATTTCAGCTACCAAGGGGCCTAGCGCCCCTTATAGAACGTATAAGTATTATGATGTTGTAAAGTGGTTCCAAATTGGGTTTATTAGCTTTCACGCACCGTGGGGTTTACGGTGCAACTATCCGGGGGGATACGTGAAGTTGAATAAACTTGTTTTGGCGGGGCTAGTTTCAAGTTTGGCTTTAACAGCTTGCTCACCTCAAGCTTCTAATCAAGGTGAAATTCAAACAACAGGCGAGGGAATCATTGGCGGTAAAGTAGTTGAAGCCGGTGATAAGATTCAAGAAAGCATCGTGGCTGTTTACGATGCCGTTGAAGGACAACTTTGCACAGGGTCTCTTCTTCCAAACAACCTTGTGCTAACAGCCGCTCATTGCATCGGAAGCGAAACAGAAGCGATGTATGTTTTCTTCGGTAATGAGGTCAACAAGTACGCGGTTCGTCGCCAGGTCGACAAAGTAGCTATTTCATCTTTGTGGGAAACACGCCAATACGAAGACTACGACACGGGTGACATCGCTTTGATGCACTTCCAAGGTGAAGTTCCGGCGGGCTACAAACCAGCCACTTTCTTAAGCGAAGCGAACAAAAAACTTCTTAAAAAAGGCGCGAAAGTCGTTCTTGCTGGTTACGGCATCACAGATGGCGTAACAGGTGACGGCGCAGGAACTTTGCGTATGACTTCGGTTAAAATCGCAGACCCAAAATTCAGCCTGACAGAGGTAAAGCTGGATCAAACTGGCGGCACAGGTGCCTGCCACGGTGACTCTGGCGGTCCAGCTTACATCGAAGTGAAAGGCAAGTACTACCTTTGGGGTGTTACTAGCCGCGGAGTCGAAGACGCTGAAAACGACTGTTCAAAATACTCTGCATACACGAGCGCATTGGCTCACAAAGTGTGGTTGAACAGAATGGCCAACAAGCTGATCGTTTCTTTAACAAATCCTGAAATTTCCAAATAGACT
CP178622.1_gap88	3353553	3357175	3622	AGACGGTCTGACTTTGGCAGGAGCTCTTTAATGAATTTGAAACGTCCCTTTGAAGTGCGCATTGTTCTAGTGCGCACTATCTATGAAAGAAACATCGGTTCCACGTCGCGCGCGATGAGCAATATGGGTTTTGATAAACTTGTACTAGTCGCACCTGCTTGTGAAATTACTTATGAAGCTCAGCAGGCGGCAGCCACCGGGCAAACGGGTCTGCAAAACAGGACGACTTATGCTTCTTGGGACGAGTTTTTTGCAAAAGAACCTGAAAGCATTAAAATCTGCTTCACGGCCCGCGACGGAAAAGGACGCCAAGTCCGCGATATCGACGAGGTCCTCACAGATATCGCGGATCATGCTCCTCAATTTCAGGTTCAAAGCGATGAACCTTACGTCATTCACTTGATCTTTGGCCCTGAAGACTGGGGTCTGGCCGCTGAGGACTTAGAACATGCGAACTTCTGTGCCTGCTTACCGACATTCGGTGAAAACTGGAGCTTGAACTTAGCGCAAGCCACTCTTTTAGGGATGTTCTCTTTAAGAAAAATGTGGGGCGGACAACGCACAAAACTTGATGGCGGGAAAAGCCGTCGTGCCCCTCAAGGAATTGAGGGCATCAATCCGGAAGAAACTTTGCACACTTGGTTGCAAGAGATGGGCTTTGATTTAACTCGTCAGCGCAAAATCAACGTGTTCACGGTTCTTCGCCGCATGCTTTTACAAAACACGCCGACGAAGAAAGAACTGGTTGTTCTTGAAACCGTATTACAACAAAGCATTCGCAAGCTTCGTGAATGGAAAGAATATCAAAAAAGAGACGGCAAAGCCTAAGACGTGATCAAGTCGTCTTGAAGACGGTCTTGCTGTTCACGAATGACACGAAGCTGTTGATCTAACTTCGTCAAAGCTGTCGTCATACTTTGGCCCAAGTCGGTAAGTTCGTTAATTCTGGCAATGGTGTCAGAATCTTCGGCTCCCACTAAGCGAAGGCTTTCAAGTTTTGCGGAATTAAGATCAATTTCTTTGGAAACGGTTTCCATTTTTTGATTCAGCTTTTTGCGGTCTTCGACCAAAGCTTTCGTCATTTCATGAATCTGTTCTGAAGTCAGAACTTCCAGTTTTCCAGTTTTAAAGGAATCGTCAGATGGAGTCTCTTCACCTTGGAAGGCTTCCCAGAAAAGAGACCATTCATTTTTGAGGGCTTTTACGATCGACCTACTACTGTCATCACCCATATATAATTAAATACTCCTGCGCTCGAAAGCGACTTACCGGGTTCAGGCTTTCGGAATAAGAAAGTAACAAAGCCCGTAACCCAAGATCGCCACACCAAAAGTCACAAGGGCCATGACCACGAAACCCGTTCGGACCAGCCCGACTTCGATGCGGTATCTCTTGGCTATTCTAGCACAGACGCCTAGAAGCTTGCCATCCAGGGCATGGTCTAGCTTATCGACGCGGGGCAAACAGACCGCCAAAATCAAATAAAGGAGGATTCCGGTACCAAACCACAATATCGCGATAAGCCAAATGACGCGCACTATCCAAGTTTCAATACCTAAGGCCGTACCTAGACCTTTGCAAACACCCGCCAAAGCACCATCACTGGCGCGAACCCAACGGTAGTTTTGAGTTGCTGAATTTACTGTCATGACAAAGTCCCCGTAATCATAAAGTCGTTTCCAAAAGTCAGGTAACGAGGGTTTTTAATATGAATTTTATTTTTCATTTCGGAAATCCGCACAGTCTCGGTCCAAGAGCGTGCTCCACCAGATCCCATGATGATGGGCGCCTGGAACATATAAAGACGGTTTACTAAACCCGAGCTAATGAACGAACTTGCTGTCATCGCTCCACCCTCGACCATCACCGATCTTAAACCTTTTGTATAAAGCTGAGCCAACAGAGCTTCAAGATCCAGATCCCCTCCGACATTCGTTTTCACGTAAACGATTTGCGGAGCCTTCTTTAACTTCGACAATGTCTTATCCACGCGTTCTTTTGCTTCTTCAGCCACACACCAAAAAATATTCTCTGGAGCGTGAACCTCAGAAAGCTTTAATTCATCGAAGCGGTAAAGCAGTTCGCCTTCGCCATCGATCACGACGACCTTGTTGTTCTTTTTGATCTCGGGATGACGAATATTCAAAGAAGGATTGTCAAAGTCGATCGTGCCTTTACCTACGACAATGGCGTCGTAACAAGCACGCAGATAGTGAACATACTCACGCGATTGGGGCCCGGTGATCCACTGACTTTCACCGGACTTTAAAGCCACTTGACCGTCAATACTGGAAGCCATCTTCAAAGCCACAAAAACTTTTTTCTTGCGGAAATTCCAAAGAAAAGCTTCGCACACTTCTTCAAGTAGCGTTTTGATTTCTTGGTCTTCATCAGAGTTTTTAGAGGAAAAAACCTCGGCTTCAATACCGGCGTTTTTTAAAATGTCAGCGCCTTGACCCGCCACCAAAGGATTCGGATCGATCAAACCGAACGTCACTTTTTTTAAAGGAAGCTTCGCCATCATCTTTGCGCAAGAAGGAGTTTTACCTTCATGAGCACAAGGCTCTAAGGTTACAAAGACATGAGCCCCTTTTAGAATTTCCGGAGATAGATCTTTCAGAGCATTCACTTCAGCATGAGGGCCGCCGTAAAATTCATGATGCCCGCAGGAAATAAATCCTCCATCAGCATCTAAAACGACGGCGCCCACTAAGGGATTGGGACTGACACGCGTCGCCCCTTTGTAAGCTTCACTGATGGCCAGTCTCATGGCCTGTTCGGGTGAAAGCTTGGTTCCCTTTGCGGGAATAGAAAGGGGCTTAATAAGTTCCATAGATCCTGACTATGTTAAATATCCACGTTCGCGTTGATCACGCTCGATAGCATCGAACAACGCTTGGAAGTTGCCATCACCGAAACCATCATGACCTTTACGTTCAATCACTTCATAGAAGATCGGACCGAAAGTGTTTTTCGTGAAGATTTGTAGCAAGTAGCCTTTTTCATCTCCGTCCACCAAGATCGCATTCTTTTCAAGGCGATTCAAATCCTCGGTCACGTTCGGAACGCGCGCGGGAAGCATCTCATAGTAAGAGTGCGGAGGTGGAGTTAAGAATTGGATTTCACTGTTTTTCAAGTTTTCCAAAGTTTGAACAATGTCAGTCGTCAACAAAGCCACGTGCTGAATGCCAGAACCCTTGTATTCATCCAGGTACTCCTGGATTTGAGATTTGGACTCTGTAGGCTCATTGATAGGGACTGAGAATTTTCCGCATGGAGAACGCATTACTTTTGAAAGCAAACCCGTCTTCGCACCACGGATGTCGAAGTAACGAGCTTCACGGAAAGCCAAAACTTTCGTGTAGAAGTCACACCATTTGTCCATTTCACCTTTAGGAACATTGTTGGTGAAATGATCAATCACAGTGAAACCCACGCCCGCCGGAAACTTATCTTCCGGTTTTACTTGGAAAATTTCGTTGTAAAGTTTGTTCTGGTTTTTCTCGTCGATGAAATAGATCAACGAATCACCAATGCCATAAATAGCTGGGAATGGTGTCGCGCCCTTTTGGTGATCATTGCCCTCGTAAGGACGGCCCCCGCGTGCAACTGCGGTCTTGAA
CP178622.1_gap89	3534881	3535412	531	GATGTTCTGGTGGTGGAGGCGGAGGTTCTGATACTCCCGGCCAAAACTACAATAAGCTGAACCTAGGCGACGGACAGCTTGCCTCTCGCGTGATTGGGCAAGCCAACCTCACTTCGGACTCTTCGGGAACCACGCAAACAAAGTTGAAAACTCCCTATGGTTTGGATTTAGATCCTTATGGAGTATTAAGGGTCACCGAGTTTCTAAATAATCGCATTACGACCTTTGCGACCATTCATGCCAGCTCCGGCTCTGGCGCAGAATCCGTATTGGGTCAATCTAGCTTTACCAGTGGTGGAGCTAATGGTGGAGCCGGTGCCGGTCGCCCTGCTGCAAATACTTTATATCGCCCTACTTCCGCAAAAACCTTCGGAAGAAAACTCATCGTTGCCGACTCTTTCAATCACCGTGTGCTCATTTACAATTCGATTCCTACAACCGGGAATCCGAATGCGGACGTTGTTATTGGTTCGCTTGATTTTGTCACACCGATGCCAGGCGTGTGTGCCGCGAACACACTGCACTTTCCGT
CP178622.1_gap90	3621328	3626316	4988	TCACACTGAAGATTTATCTATGAAGTTTGGCGAAGAACGCCCGGGGATCGTACATCGCCTTGATAAAGAAACCAGCGGGGTGATCGTTATCGCGAAAAACGATAAAGCGCACGAGTCTTTGACTGCTCAATTCAAAGAACGCAGCACCCATCGCATTTATTATGCAGTCGCAATCGGAACAGCGAGAACTTTGTCATCCGGAACAATCAAGAGCTTCTTAGCCCGTCATCCAACAGATCGAAAACGATATGCTTCGGTATTGGATGATGAAAGAAGACCTTACGTAGATAAAGACGACCCTCCTTCCCTCGGAAAGTGGGCCGTCACGCATTACGAAGTTTTAAATCGCAAAAGTGGCCTCAGTTATCTAAAACTAAAACTAGAAACTGGAAGAACACACCAAATCCGCGTGCATCTTTCAGAAAATGGCCTACCGATTGCGGGTGATGTGCTTTACGGTGCGGATAAAAAAACGAAGAACATCGAAGCCCGAGAGACTCAAGAGTCGATCCGTGGATTGAATAGATTTTTGCTGCACGCTGCAGAGTTGGGATTCACTCATCCCCGCACGCAGGAAAGAATGTTCTTTCAGCAAGACTGGCCGGAAGACATTTTAACGTTAATAAAAAAATGGGGACTGAGATGAATCTAGAACAAACCGAACTTGGATATGAAATGCGCACCCCGCATTTCACGGTTTTTCTAGGTGGCATTAACGCCCAACTCACACAACTTAAAGCCGCTTACCCTGATTATACATTCATGCGCGTAAAACAAATCCACAGCGACGCTGTTGTGGAAAGCAAAGATGCCCATCTTGACTATCAGACGATCGCGGATGCTCACTTCACTCGCGAAAAAGACTTGGCACTTTGTGTGATTACGGCCGATTGTGTTCCTGCCTTGATCTATGATCCAACGACGAATTTGATTGCAGGTATACATGCGGGCTGGCGCGGAGTTGCTTCGCGTATCATTCCTAAAACAATTGAAAAACTAGTCGCCGCTGGAGCAAGACCTCAGAATCTTCATGTTGTGGTCGGACCCCATATTCAGAAATCCAGCTTTGAAGTCGGTATAGATGTGCGCGATCAGATCCTCACAAGCTTGGGTCCTTTAAGTACTGAAGAACGAGCTCTGTATTTTGAGACTCTTCCCGATAACAAAGCACTTGTAGATCTAAATCAGGTCGTTCGAACACAGCTTCAGCAAGAGGGTGTCGCCGCCGACAACGTATTCCTTTTACACATTGATACGGTGACGGACTCTAGATTTCACTCGTATCGTCGCGATAAAGATAAGTCCGGAAGACAAATCAGTTTCATTTGCCGTACATCATGAAAATCCTGCCGCAAGATTTTTATATGGAAGACACCTCGACGGTAGCCAAAGCTCTGTTGGGAAAAATCTTGCATGTGAAAAAAGGCAAAGAAGAATTTAAAGCACGCATAGTGGAAGTCGAAGCTTACTTAGGAATTGAAGATCCGGCCTGTCACACCTTTGGAGATCGAAGAACTCCCCGAACAAAATCAATGTATTTGGATGGAGGACATAGCTACGTTTACATGATCTATGGAATGTACTATTGCCTCAACTTTGTGACTCGCACCGAAGAGTTTCCCGAAGCGGTTTTGATTCGCGGCGTTCAGCCATTGAATGCCGACACACATGTTAAAAAGAAAGATATTAAAACAAATGGCCCGGGAAAACTCTGTAAGCATTATCAAATTAATAAAGAACACGACGGATTAAAGCTCTGGAAAAACACGTCTCCCCTTTTTGTTAGTGAAGACGATCATGTCGTTAAACCAAAGCAAATCATTGCTCGCCCCCGAATCGGCGTCGACTATGCAGGAGAAGCAGCGCAGTGGCCTCTTCGCTTTTATCTTAAAGATAATCTTTTTATTTCACGTCCCTAAATTCAGAACGACACTCGTCGACTGCTTGTTTTCTCAATTCGAAGCAAATAGCAGGACCAATGTTTGAAAGCGTAGTGATAAGTGCGAGCCGAAAACAAAGTTTTCTTTGGTCCTCATTTCTGAACAGTGCTAACATTGTAAGCATGAAGGTCTTACCGCAAGTTCAGGATGGGGAACGTTTCAATACTTTTTCGCACGCTCTAGGTGCTTTTCTTGCGCTTCTTGGTTCTGTTCTTTTAATCGGACTTGCGGCTTCAAAACAAGATACGTGGCGACTGTTTTCTTTTTCTGTGTATGCCTTTACAACCGTAGGTCTTTACTGCATTTCCACGATGTATCACGGATCCCAAGGACAAAAGAAAAACTTCTATCGCAAGCTTGATTACATCGGCATTTATCTGAAGATCGCTGGCAACTACACTCCCTACGCCATTTTAGCACTGCGTGGAAACACCGGCTGGATTGTTCTAGGTGTCGTGTGGGCATTAGCCGTGCTCGGAATTATGTGGGAACTCGTTGCAACATCGAAGAATCGCAATTTTTCTTTCGCACTCTATGGGATCATGAGTGTCACCGTTTTACCTGCATTAAAACAATTGATGGACGCAATTCCTCCAATGGGTTTTGCGATGATCATGGCTGGTTTCATTTCTTACGCGATCGGCGTTTATTTCTTTTTCAACGACACCAAAATCAAGCACGGTCACGGCATGTGGCATCTGTGTGTGATGGCCGGAACAGCCTTTCAATATCTCTGCGTATTAATCTATCTGACCTAGCCCTTTTGTCTTTAATAAGTGACAGTTCCTTCGCATTCCATACAATTTAATCATACAACTGAATTCAGGTACATGTCTGGAAGGGTACGACGATGCAACTGAGATATTTCTTCGCTGTTTCCATTATAGGTTCTTTGCTGCTTTTAAATCTTTCCTGTGCAGAAAAAAGTCAGGCTCCAGAATCAATGAATTTGAAGCTTCTAAGAATGCAAGCAGAAGCAAACTATCAAACTGATATCGTGCAGAACCCTGCTTCAGTGAAGAACGTTCAAAGAGTTGCCTTGGTTTCAGGTATTGATCAATCTTCTGATCAAAGTTTTTGGAACTCCATCGCGTCTCACAAACCCGATTTGGTCATCGCAACAGGAAACACCGTTCATTCTACGAAAGCTTTCGAAAAACCTTTGCTTTCCCAATACAAAAAATTAGATGAAAACGAAGATTACCGCAAAATCCGTCAAAGCATTCCATTCATGGCAACTTGGGATGAACTTGATTTCGGGCTTCGCCACGGTGATTCCTCTTTTCAAAGCAAGAACGAAAGCCGCGACGCTTTTCTTAAGTACTGGAATTACATTCCGAAGCTTCAACCGAAATCGGCAAAAGGTGTAGAACACTCTATCATCTTGGGCCCTGCTGGAAAGCGCGTGCAAATCATCGTTCTGGATGCTCGTTATTACGCAACTCCGTGGACTGAAAACGGTTCTGACGGAAAATTCAAAAAGAACTGGTCTAAATCGGCGAGCTTGTTAGGAGCTCAACAGTGGAATTGGCTAGCAAACGAACTTAAAAAAGAATCCGACTTCAAAGTTATTGTCTCTTCCCTTCAACTTGCCGCAAATACGGATGAAGGAGAGCGCTGGGGACTTTATCCTCACGATCGCCAAAAACTTTTTGATACGATTCGCAATGCCGGAGCCAAAAAAGTCGTTGTCGTCAGCGGCAACCGCAACTTCGGTGCTTTAGGTAAAGTCGATATGGAAAACTACGGTCCTCTTTATGATTTAACTGTCGGGCCTTTCAATGAGTCAGTCATGAATGCAGAAAAAGATCGTCATTACATCGGTGAGCCCGTTGCTTCCGAAAATTTTGGAATGTTGGAATGGGATTGGAAACGTCAGACACTTTACCTAAAAATCTTCGACCGCAACAACAAGCTCGCTAAAGACCTTCGTATCAATATTTAACTAGAAAGAACCTGGTTCCTTTTCCCAACGATGGGAAGCAGGTACCTTTTAGGCAAAAAAAATCCCGCTGAAGAAGCGGGATTGAAGATTCGAAAGAAAAATGGTGGCTTGAGACGGAATTGAACCGCCGACACAAGGATTTTCAGTCCTCTGCTCTACCAACTGAGCTACCAAGCCACGGAAATCAAGAGACCAAATGTGTATCTTTTGGCCTCTTTGATGTCAACAACTAGGCTTTATCAAAGGCGTTTTTTAAGTCGTTTAGTAGATCGTTCAAGTCTTCCACCCCTACAGAGAGGCGAATCAACGAATCATCGATCCCTAAAGCCTTGCGGTTTTCCGCCGGAACGGAGGCGTGCGTCATAATCGCCGGATGCTCGATAAGGCTTTCTACGCCTCCCAAGCTCTCTGCCAAAGAGAAAACATTCACATTTTCAAGGAATTTGCGGGCAGAATCCATGCCTCCCTTGATGTAGAAAGTGATCATTCCGCCAAAGCCGTGCATCTGCTCTTTAGCCAAAGCATGTTGAGGATGGCTCTCAAGACCTGGATAGATGACTTTGTCCACTTTTGGATGGCTTTCCAAAAACTTCGCGATCGCCATCGCATTTTCCTGGTGGGCCTTCATACGTAATGGCAAAGTTTTCAAACTTCTTAAGCACATGAACGAATCAAAAGGTCCTTGGATTGCGCCCATGCCGTTGCTTAAGAAAGCTAATTTTTCCGCCAGGTCATCACGAGAGGTCACCGCAATACCGCCAACCACGTCACTGTGGCCGCCGATATACTTCGTTGCGGAGTGAACGACGATGTCAGCACCCAACTCTAAAGGACGTTGGAAGTACGGGCTCATAAACGTATTGTCGACCGCAACGATGATACCTTTAGATTTCGCAATCGCAGAGATGCGTTTGATGTCGACAAGTTTCAAAGTCGGATTTGTCGGAGTCTCTAACCACACCATTTTCGTAGTGGCTTTGATCGCCTTTTCGAAATTTTCAACTTTCGTCAGATCCGTATAAGAAAAGTCGATGCCATCATGCTTAAGGACTTTGTCGAACAGACGGAAAGTACCGCCATACATATCATCCATAGCAATCACA
CP178622.1_gap91	3630952	3631745	793	CGAAGTTAATTGATTTTACCTTGCCTACTTTAATACCCATAACGCGGACTGGAGATCCTTCTTCGATTCCACCAGCATAGTTGTACATGACATTAAGTTCTTTAGAGTTAGAAAAAGGAGAAATGAAACCCATAAAGTAAGCGAACACCACAATGAGCGCTACAGAGACAAGAGCCAGCAAACCTACCTTGGTTTCAACCTTCATACGTTCTCCTAATAAAGATAACTAAAAGTATAGGACAAAATAAAATCAATCACAATAATTGCAATCGAAGCCACGACCACGGTGTTCGTCGTTGCTCTGCCGACACCTTCGGCGCCTTGTTGACATCGAAAACCAAAGTAGCAAGCAACGATGGGAATGACTCCTCCGAAACAAGCACCTTTGATCGCGGCAAAAACCATATCTTGAAATTGCACAAAACGATCCATCGATGTGAGAAACATCGATGGTGTGTAGCCTAAGTAATGTTGGCTGACGATAATGGCAGAGAAAATACAGGTCATATTCGCGATGATCGTCAACATCATGCATCCCAAAACACAGGCCAGAAATCTTGGAACTACAAGGTAATTTACCGGATCAATACCGAGCATTTTAAATGCATCGACTTGCTCTGTGATTTGCATCGTCCCCACTTCGGAGGCGTAACCTGCTCCCACGCGAGAGGTCAGAAGAAGTGCGGTAAGAATGGCGCCAAGTTCTCGCAGAATGAGCAAAGCCGCAAACCCCGGAACCATCGAGTCGTTTTGGATAACCAGCTTCATATGGAATGACGATTCTAAGATTGTC
CP178622.1_gap92	3640656	3645195	4539	AAATCGCTGGCTTTCCGACGGAAGTGTCTTAAGCGGAAATCCTATCTTCACCAATATCATCTGGAATGAGGTGGGCCGTGGTGCAGATCTCGTTCAATTAGAAAAATGGCTTGCAGAGAACAGCGCCGTTATCGAAGAACTGACAACGGCTGTGTTTTCTTCAGAAGCACCTTTGATTACTGATTTCATCCCTGCAGAGAAAATTGATCTTGGCCGTGCGAAATTGGGAGAACAAATCTTCAATACAAACTGCGCGAAATGCCACGGAAATTACGATAAAGCCTGGAGCCTTGCGGGTTCAGAAAATTTACCTCTTAAAGAGCAGCTTAAAACGGTGCAAGTTCGCTACAAACAATCCACACCTGTTGTCGATGTAGGAACAGATCCTTATCGTCGCCTAGGAATGAAGTCTTTAGAGCAACTCAATGACCTTGCGATTTCAAAAAAGAACGGCATCGTGATTAAAGCCCAAGAAGGATATGTTCCGCCACCACTTGTAGGTATTTGGGCTCGTTGGCCGTACTTGCATAACAACTCGGTTCCGAATCTTTGCGCTCTTCTGACTCCATCGGATCGTCGTCCCGTTGCCTACTATTCGGGTGATGCCTTGAATCCCACAACCGACTTCGATTTAGAGTGCAATGGCTATCCTCTGGGAGATAAAACTCCGAAGTCCTGGCAGACTCGTGACCATTATTTTGACACTCGCAAGAAGGGTATGAGCAACAAAGGCCATGACGAGCGCATTTTCATTAAAGACGGAAAAGAAATTCTGTCTAGTACGGATAAGCGCAATTTGATTCTTTTCTTGCAAACTCTCTAGTGGTTGCGAATTCCACCGGGTTATCCACATTCCAAGCTGTCGATACTTTCGACAGCTTCAGAATTCTTTTCTGAAAACATTTCGGGGCCCACATGAGCGAGTGGCTTATGTTAAAAAGACCTCATGAAAAGAACGTGCATTTTATTTTTTAGTGCTATCGTCCTTTGCGCCTTCAACTCATTTGCAAATTCTGAAGAGTCGTTTGCCCGAGGCTTCCTTATTGCTGTCGACACCCGTGATCACAAAGCGTGTGAACAAGCCTTCTTAAGAGTTTCTGGCGCCACCGGCCTGAAAATCTCAAGCTTGTGTGCTCAAGACGGCCGTAATCCTTTTGCCGTGGCCGTCATCACTGTTCCTATTGATGAATTCGAATTTCTTTCTGAAGTCACAAATAAACACGGCTCGAATGCGCGCGCAGCGCGCGCTGACAGGTCTGTGATTATGACTCTTCCGCATGATCGCGATACTGAAACATACTTTCGCATCTCTGCACGCCGCGATCGTATGTCAATCACGGTATTCCGCGAAAGTGATTTTGGTGCGATGGATGAGCGTCGCGAACGCTTTCTTATCATGTCATTCGTGATGAAAAATACAGGCTCTCAGGGACTGAAGGACCAGCGCGTGGCATCCTCCATTGATCGTCGTTTGGTCTACAATCGCGGCGCTACGGAGTTGACTCAGTCTCAGTACAAATCTATCGCCACCAAAGCCTCAAACATTATTGATGCCATTAATGGTGCTGTTCAAAATATCACTTCGCCGCGTGTTTCCCTAGATGTCTTCGTTCCTCCAGATGCTTGCGATGCCAATCGCTTCTGTCCTAATGAGGATGTTATTCGCCTCGGTTTAAGCGTCGTGATTCGCTTTTAAACTCAAGCAGAGGGCGGATTTATTTCCGCCCAATTTTCGTTTGACTATTTGCGGCAAAAATCCTAAGAAAAGCCCCAATCCTGGGAGCTAAAATGAAGAAACTATTAATTTTTATTCTATTGGCAGCAAGCCCTGCTTTGGCCGGCCGTATTGACGAAATCGTCATCATGACGACAGAGAGCGTGGAAGAGACTTTAGATCTTTGGAACACGGATAAAACCTACGAAATCACGTATCAGGATTTCACAACGCCGGACCAAGGATTTGATCTTGCGGTGAAAACCAAGCTCAACGTAAAGAATGTCCGCGAGAGCCAAAACCAAGAGTGGACATGTGTCACTCAATTCGTTAAAACTCCTAGGTTCTTTGACGTTTCTAAAACAGATTGTAAATAAACAAGGAGATACCATGGCTATCGAGCAAACTTTCTCAATCATCAAGCCAAATGCAATGAAGAAAAACGCTATCGGCGACATCATCAGCATGTTTGAAGCAAACGGCTTGAAAATCGCTGCTGCGAAAATCACTATTCTTTCTAAAGCTAAAGCTGAAGAGTTCTATGCTGAACACAAAGAACGTCCTTTCTTCGGCGAACTAGTTTCTTTCATGACTTCAGGCCCAGTTTGCTTGATGTGCTTGCAAGGTGAAAACGCAGTTTTGAAAAACCGCGAAATCATGGGTGCTACTGATCCTAAAAAAGCTAACGCTGGAACAGTTCGCGCTAAATTCGGTGACAACGTTGGCGAGAACGCAGTTCACGGTTCTGACTCTGCAGCTTCTGCAGCTCGCGAACTTGCTTTGTTCTTCGAAAAGCACGAAATCTGCAACGTTTAATCATTTAAACTGAAATTGCGATTTTAAATGTCTGCAAAATCAAACAAGGGGGGAGCGCAAGCTCCCCTTCTTGGTTCAAAGATCAGATTAAATATTGAAAAGCTAGCCATTGGCGGTGCTGGAGTCGCTCGACACGAGGGCATGGTTGTCTTCGTTCCTCAAGCAGCGCCTAATGAAGAAGTTTTGGCCGAAGTCACTTTGGTCAAAAAGAATTTTGTCGAAGCAAAGATCCTGGAAGTTCTGAATCCGGGTGCTTCTCGCCGAACTCCACCTTGCCCGGTGGCCAACGTTTGTGGTGGCTGTAATTGGCAGCACATCACTGAAGAACAACAGCTCGCACAAAAAGAGAAACTGGTTTTTGAAACTCTGAAGAAGTTCAATCCCTCTTTGGAATTTGAATATCTACCAATTCAAAAAAGTCCCCGTTCTTTGAGGTATCGCAACCGCATTCAACCGAAGTTCCAACACGGTCGCTTTGGTTTCTTTGCACGAAACTCTCACGATATTGTTGAAATCAATGACTGCCCGATTACGGAAGAGGCCTTGACCGAAAAGTTCGCGGAAGTAAAAACTTGGGCTCAACAAAAGAATGCCAAAGAGCTCCTTCGTCTTGAAATGTACATCTCGGAGGAAGGTCTAGTTCGCTACGGCCTTATCACTGATGACGACGACGGCATTGGCTTTTCTCAAGTGAATCGCTTTCAGAACGAAGACCTGGTTCGCACCGCCCTAGACTGGGCTGGTGATTATGAATTCAAAAATGTTTTCGATCTTTATGCCGGCGCTGGAAATTTCACGTTTCCTTTGGCACAAAAGTATTCGTCTTCAACGATTACCGGAGTGGAGCTCAATCCGAAGCTCGTTGAACGCGCGAAAAGTAAAATCAAAGAAAAACGCATGAAGTACTTCCTTTCCGACGTTGAAAACTACATGCGACGCGCTCAAATCGGGACTGAAGACTTGGTTTTGCTAGATCCACCTCGTGCAGGAGCCAGCGAATACATCATGCGCGCTCTGGCCTCAGCGGCCCCTAAAAGAATAATCTATATCAGCTGTCACCCAGTGTCCTTGGCTCGAGATCTTAACTGGTTCTTTGCTTGGGCGCAGAAGCTGGGCAAATCGGCAAAGCTCGCAAGGGTGCAAACCTTTGAAATGTTCCCTCAGACCGACCATGTTGAGACTATTGCAGAGCTCAGGGTTGACTCTTAGTCTTCAAATGATACCTTTTTAACATGCGTAAATGGATTCTCGCACTGACTCTTTTATCTGCACTTGGATGTGCCAGTCAGGACAAGCAAAAAGCTGATTTGTACTTGCGAATGGGTGCTGCTCAAATGGAAAGCGGCAACTATCCGTACGCGCTTCGCGACCTTCTTAAAGCAGAAGAACTTGATCCTAAAAATGCGGCGACTCAGAACAACCTGGGCCTCGTCTACTTTTTCCGTGAACGTTATGACTTAGCCGAAAAGCATTTGCAAAAAGCCTTAGAGCTTGAGCCCAAGTACACCGAAGCTCGCAACAATCTTTCTCGCGTATTGATCGAACAGGGTAAATATGCCGATGCAGAAAAAGAGCTTCGTGTTGTCTTAGCAGATCTGACTTATCCTTCTCCTGAAAAAGCTTACATAAATTTAGGTCTGGCAAAATTCAACCAGAAAGACTTTACCGGTGCGCGCACCGCTTTCACCAAAGTACTTAATGCAAATCCAGATGATTGCATCGGGAATACTTACTTCGGTCGTACGTTTTTCGAGACTGAAGATTACGCCCGGGCGGCAGAAGCTTTGGATCGCGCCATCGGATTCTGTCAAAAAAGCCTTTATGATGAACCTCACTACTACAGTGCTTTGGCTTACTACCGCCTTGGAGACAAATCCAAATCGGTGGCTCGCTTTGAAGAGCTTATAAAGTATTACCCTACCGGGAAGTACCGTGAAAAAGCCAAAGGCATGCTCAGCTTGATTCGAAAGGGACATTAATGAAAAAAACCGGTGAAATTTTAAAGAAAG
CP178622.1_gap93	3687146	3689455	2309	TGTTCAAGCGCCAACAAAAGCGGAGCAGGATGCAAATCGTCTTCATGCGATTGATATCGTCGAAAATAAACTGAACGAAGATCAACTTGAAGACGTTGCAGATAGTTCTGACTTCGGATTCCTGCGCGCGCACGCTATGTATCGCCTGGGCGAACTTGCTTTAGATAGAAAAGACACTTCCGCTGCAAAAAAATACTTCGCCGCTGTTGAAGATTTCGTTCCCGGTACAGACCAAGCTATTCGCGCACAAGAAATGATCCAACAGTTGGACGCCTCTAAGAATGTGCACACAGAGACGGTCGGAGTTGTTCTTCCTTTAAGCGGAAGAAATGCACCTGTCGGTCAACGCGCGCTTCGCGGACTGGAAATGGGTCTAGGACTTCATATTCCTGGCTCTGGATTTAAGCTGGCGGTCATGGACAGTGAAGGCAACCCCGACTCCGCTCGTCGCGGTGTTGAGCGATTAGTGAAAGAAGACAACGTCATCGCTATTGTCGGAAGTTTATTAAGTAAAACAGCCCCGGCAGTTGCGGCGAAATCAGATGAACTAGGTGTTCCTACGGTCGCTCTTTCGCAAAGATCCGGTCTGACAGAGATTGGCCCTACAGTATTTAGAAATTCACTGACCAGCGGAATGCAAGTGCGCGCCCTGGTCCGCACCGCGATGGATAACTTAGGCATGAAGAAGTTCGCAATTCTTTATCCTAACGATGCTTACGGTGTTGAGTTTGCAAACATCTTCTGGGATGAAGTTTTAGCTCGTGGGGGACAAATCACCGCGGTACAAAATTATTCGACGAAAGAAACAGATTTCCGTCTGGTCGTGCAAAGACTTGTGGGAACTTACTTCGGTGAAGCACGCCAAGATGAATTCAATCTTCGCCTGAAAGAGCTTCAACACAGCGATAAAAAAAGATCCGTACGTCAGTCGAATCTAGAAAATATTCTTCCTCCTATCACCGACTTTGATGCGATCTTCATTCCTGATAGCGTAAAAGCCATGGGTCAGATCTCTGCGATGCTTTCGTATAATGACGTTAAAAACGTGAAATTGATGGGCACAAATCTGTGGAATACAAAAGACGTCGCTCGCCGAGCGGGGAACTTCTCGAACAATCTGCTTTTTGTGGACAGCTTAACTCCAACGGCTCAGGACAAATCGCGCTTCGTTGCGGAATACAAATCTTTGTATAATGAGGATCCTTCTTTGATTGAAGTTCAGGCTTACGATGCGGGCCTAATTTTGCGCCAGCTTATCGTTGCCGGAGCCGACAGTCGTGAGGAACTCACACAAAAGCTAAGCCAGCTCAGCCGCTTCCCTGGCGCTTTAGGGCCTCTTTCCATGAATGCAGAGCGTGAAATCGAGCGCCCTGTCACCGCCCTAACTATCGAAAAAGGCGAAGTAATTCCCTTTAAGTCCGGCGTTAAATAGATTCCATAAAATAAATTAATGACGATTTTTTAACCTCCCCCTGGGGTGTGCCTGTCTTAGGTACACCAGCGACGACGCAGTCGCAAAATCTAAAGAAGGGGGTTGTTATGACAAGTCGTATTTCTGAAAACTTAGTGATGGAGTGTAGAAAGAAACTTCTTATCGCAAAACAGGATGTTTTGAATAGATTCAGAACAGCCCAACGCGAACTCGCTCACACAGAGCGCGGCGGAGACGAAGCCGACCAATCCGTCGCTCATATTGCCGAGCATTCTTTTTTAGTAACTCAAGCACGCATGAGAAACCAACTTGTCGAGATCGAGATGGCCCTGGCTCGCATCGAACAAGGAACTTTCGGAGTCTGCGAAGAAACGGAAGAAATGATTGAGACGGATCGCCTGCTTGCGATTCCTTGGACACGCCTCAGTATCGAAGGTGCCGAGATGCGAGAAGCAGTAGGTCGTAAATTCGCTCGATAGGCGCCGCGCCAAGAGCCTGCTTACTAAAACGTCACGCAGCGCTTTTTTGATGACATGATCTCAAACCCCCGTAATAAGGAAGCCACATTCGGCCAGATCATCATATCGGGGGGTGAGATGAACGTAACCGAACTTACAGAACAAGAACTTCAAAATTTGCGTGAATCTTTGCTTTTTCAAAAGAGCTCGATTCTTAATAAAACGCACGAGTTTAAAGCCGAACAATCCAGCATCGGAAACGTTGCGGATGAAGCAGAAGCGGCTTCTCAAGATATCTCTAATAATATCTCTATCCATCTTCACGAAAGAGACCGTACGGCGCTTTATGCTATCGAAAGAGCTCTTTCAAAAATCGCTGACGGGACGTACGGCCAGTGCGAATCTTGTGGTGAAATCAT
CP178622.1_gap94	3711633	3712797	1164	CGTGGGTCTCGCGTCGATCCTTGTAAGGGGCCAAGTTGTCTTGGACAACTTCGACTTCCACCAACGGAACATTTTCATCTTGAGGTGTCGTTGAAGCGGCTTCTTCTTGAGCGAAAGACAACGATCCCGCAAGAACGGCAAGAACGAAGCAGACTTTGGATATCAGACTAAGGTGCAATTTCATGTTGTCTCGCAAATATCGCCTACCTTCAAAAGTGGCGAATGATATTCTTTAATCTATGAGCAAGTATATCAGAGATTTAAATCGAATTTTGAGTGTTACTCTGCTCACGCTTCTCTTTCCCTACCTTGTGCTAGCTGCCCCGACCACCCTTACACAAATAATCGATAAAAAGATTGCCGCCATGACGGTTGAAGAAAAAGTGGGACAGCTTTTTATCGTTGGATTTCCACAGAAAACCGTCACTCCCGATTTAGAAAAATTCATCGCCGCAAATAAGCCGGGTTCATTTTTACTTTTCAAAAGAAACATTCTATCTATTGAGCAAATCAGAAATCTGAATACGCAGTTGTATCGAACAAGCTTTAAGTATTCAAAGCTTCCGCCCTTGATCTCTATCGATCAAGAAGGTGGATCGGTCTCTCGTTTACCTATTTATCCCGCTCCACCGAATGCTTTGGCAATTGGGCAGACGCAGTCGCCATTATTAGCGGAAGAAATGGGTTATCAAACAGGACTCTTTCTGCGCGAGGTTGGATTCAATATGAATCTTGCGCCGGTGCTAGATGTGACCGATCCCTTAAGTGGAAGCTTCATCGGTGTCAGATCTTTTGGATCAGATCCCGATGTTGTCAGTGAGTTGGGTGTTGCCTACTCTAAAGGTTTATTAAAAGCGCGCGTGATTCCTACGGCCAAGCATTTTCCGGGGACAGGCAATCTTAAAGCCGATCCACATCTTAGTGTGGTTCAAAATAATTCTTCTTTAGAGGCTTTAAAACAAACAGATCTAAAACCTTTTGAGGCTTATGCGAAGCTAGGTGATAAAATTGCCTTAATGCTTTCGCACCTAATCTACCCGGCTTTAGATAAATCTCGCGAACCTGCGAGTTTTTCTAAACCCATTGCTCAAGATCTTTTGCGTGGTGAGATGAAGTACAAAGGTTTAGTGATCACTGATGATCTTCAAATGCAGGGCTCAAAAC
CP178622.1_gap95	3714223	3714785	562	TAAAGGTCAGCTCACAGGCCGCATGATGCATGAGTTGGGTCATCGCTTTGGTCACGCAAATAACAACGAGAACTACAACGAATACCGTCAACACATGCGCGGTAAGAAGTGCATGATCACCACATATTGCGGAAAAAGTTTGAATGAGGAGTTCGCGGAAGTCTTTGAGGCCTATGTCGTGAATCCTGATTTCTTGGCTAAGCATTGCCCTGATTCTTACGCTTATTTTAAGAGCAAGTTATTCAGAAATTCTGAAGATTTAAATGTATCGTGTGAAGATCCGGATTCTATCTTAGAGCATGATGAAGAAGATGATATCAACGCGGTCGAAGATTCAGATGAAGAACAAATTGATGAAAGCAATGATTTCAAAATGCTTCTTCCAGAGTTAGGTCCAATTCCTGCGGCGAACCCACGCTTCACGAATATCGATTATACTCTGACTCCACCAGAGCCGACAGTTCCCCTTTCGGAAATGAAGATTCCTGCCCCAACAGCTCGTCCTCGCGGATTGAGATAATCATAAGGATTAAAAAGAAAAAGGCCCTCTTTTCAGAGAGCC
CP178622.1_gap96	3722012	3723787	1775	CTGTTGCGCCAGTCGGAGCCGACGCAGAAGGAGCCTTGGTTGGAATTTCTGCCGGAGCAGGTCCGCCCAATAAAGAGCCTAGGCCGCGACCCAAACCCTTCTTTTTGTTTGAAGATTCAACAGCAAAATCAGACATTTACTTCCCCTTCGTAAGCATTTTGTTGTGTCTGCGGAGCTGCTTCCGAAGTCGTTTTTTGCACAGAACGTGCAATAACTTCTTTAGCTAGTTCCAAATATCTAGTCGCGCCGATGGATTTGCTGTCGTATTCGAAGATGGATTGACCATGGCTCGGTGCCTCGCTGAGGCGTACATTTCTTGGAATGATGGCGTTAAATACTTTATCGCCAAAGTGATTCTTGATCTCGGTCACAACTTGGTGACTTAGATTATTGCGACTATCGAACATCGTTAGAACGATGCCTTCGATGTGCAATTGTGGATTCAAATTCTTTTTGATTAAACCTGCTGTATTTAGAAGTTGGCTCAATCCTTCCAGCGCATAGTATTCACATTGAAGTGGTACCAAGAAACTATCTGCCGCATTCAAAGCATTTAAAGTAATTAGACCCAATGATGGTGGACAGTCGATGATCACGAAGTCATATTGATCAGCTACTGTCGCGATCGCTTGTTTAAGACGATATTCACGATGCGGCATATCAACAAGCTCAATCTCTGCTCCGACTAGATCAGGATTAGCCGTGGATACCTTTAAGTTTCCATTTGCTGTGTTTTGAGTAGCCTCGGCCAAAGTTTTTTCGCCGATGAGTACGTGGTAGCTATTCGCATCCTGGCTTTCGTATCTTTTGATACCCAAGCCGCTGGAAGCATTCCCTTGAGGATCCATATCGATCAAAAGAACTCGTTTTCCGAGAGTAGCCAGGGCAGAAGAGATGTTAACAGACGTCGTTGTCTTGCCTACGCCACCTTTTTGGTTAGCTATACAGATCGTTTTTGCCATTTTTCCTCCTTGAGATTCAAAAATCAGACTTTTTGGAAAAACTTGCAAGAATAAAGACTAGTTTTTCGCGCCACACCTTATGATTTTTTGAAAAACAGCCGATGTTCCACGTGGAACAACCATGTTTTTACGAATTGTCTGCCTAATCATTCTTTCTTTCGCGCTTTCCGCGTGCAATAAGCCGGATCCAAACCCCGAGCTGAAAGATCCTATTTATTCAGATCTATCCGCAACTCTCGCGGCGACAACTCAAGCGATTGAGGCAGAGAAAAAAGCTCTTGAGGGATTCCAAAAGGAATTGTCAGAAGTAGTTCCGCAAACAGGACAAATTAAGTATGCGCAAAAGAGAGTTTTCGACTCCCAACAAAAGATCGCGCGCCTTGAACAAGAAAAGCAGTATTATGAGCTGAAAATTGAGGCTCGAAAGAAGTCTTCGAAGAAATCCTATATGGCGGCCTTCAAAAAGGGTGAATCCTGGCCGAATCCAAAAGAATTTGAGGACTATCAAGCACAAAAGAAGTTTCGAGAAGCCAAAAGAACCTGGGATGTGAAACAACGCATGCAGGAGCTGGGTGTAGGAGACGAAAAAGCCCCAGCGGCACCGGCTGAGGCTCAACATTAGAATGTTCCACGTGGAACATTCTATGATTTAGGCAATTTTCTCTGTTTTAACGACTGAAAACTTCACGGCACCTACCGGAAGCTTGTATTCTCCCACAAGTGATGGCGTCCAGATGGAACAAAGCTGTGTCGGAATTTCTCCAACTTCAATCCCCCACTCTTCGCTCTTAAGATGGAATAAAAGACCGCCCT
CP178622.1_gap97	3730337	3730837	500	TCGAACAACAGCCGAGCCGATTTTACGACTGGCAGTAACTCCGAAACGCAACTGACCTACTGAGTTCTTCTGATAATTCAGAAGTAACCATTTAGTAGGCCAGTATCTTTTTCCCGTTTGTTTTAGAGAGAGAAAATCAGAACTTCGCTTAATAACTAGTGGAGAACTATTTTCCACCTGTAGAAACCGTCAAACGCTTTCTTCCTTTAGCGCGACGACGATTAAGAACTTCTTGGCCAGCTTTTGTAGCCATACGAGCGCGGAAACCGTGTGTAGTTTTACGACGTTTATTTGATGGTTGGTATGTACGTTTCATTACTCTTCTCCCCGGACAGAAAATTACGACGCTAAATGACGTCAGTTACATCTATATATGTATGCCACAAAGTTGTTCACAACTAGATACGTGGGGCACTAATAAAGCACGTTGCGGCAATAAGGTCAACTGTTGAAAACTTCAGCTCCCCTTGTTAAGACCTGCCCTGCTTGAGGGGAATCGC
