gap_id	start	end	length	sequence
CP177357.1_gap1	39071	43730	4659	GCTCGCGTGGACCTCGTCGTGCTCGGCCGCCAGCAGGTCGTCGCCGGCGTCGATGCGCCGCGCGCCCAGCACGACGAGCGTGGTGACGGCGACGAAGCCGAGGACGGCCAGCCCGAGCGCGAGCGGCCAGTCCGCGCCGGGCGCGAGCAGGACCGACGGGTCGGGGACGCGCTCGACAGCGCCGTCGGACGAGACGTGCTCGACGGTCCCGACCCAGGGCCACAGCGCGCGGAGCGAGCCCGCCAGCAGGCCGACCAGGACGGTCATCGTCAGGTCGTGGTAGCGGTCGAGCAGCCAGCTTAGGCCCTTCGCCGCGAGCCCCAGCCCCAGCCCGGCGCCGAGCGCGAACGTGGCGACGTACGCGACGTCGAGCGAGCGGAGCGCCTCCAGCGTCGTCCGGTACAGCCCGAAGACCTCCAGCAGAAACGCGCCGCTGACGCCGGGCAGGATCATCGCGTTGATGGCGACGGCGGCCGTGCCCGCGATCCGGAAAAAGCCGGGGTCGGCGGCGTCGCCGGAGCGGGGCAGGCCGACGAGCACGAACGCGACGACGGCGCCTACGACGGCGGCGGCGACGTGCCAATTCTGATGCGTCCGGCGCTCGCGCCACGGGACGACGAGGCTGGCGCCGACGAGCCCGAAGAAGAGGGCGCGGCACTCGACGGGGTAGCGCTCCAGCAGCTCAGGCACGAACAGCGACCCGATGCCGATCGCGGTGAAGATGCCGGCCGCGAGCGGCAGCAGCAGCCCCCACTCGAGCGCGCGCATCTGGGCGAACCCGTCTCGGAACCGCCCCCGCGCGAGCGTGAGGACGGCCGAGAACGCCTCGCCGATGGCGTTGATGAGCGCCTTGTAGACGCCGACGATGAGCGCCATCGTGCCGCCGCTGACGCCGGGAATGATGTCGGCGCCGCCCATGAGGAGGCCCTGGAGGTAGTGGCGGAGCATCTGGAGGAGAGGAGGGGTCGGGGGGAGGAGACGAGGACGCCGGGCCCTCTGCGCTGGGGCGGGCGGGTCGCCGATCGCCGACGACCAACGACGGGCTACCCTCGCACGAGGGGGACGAACAGGACGCCGTCGAAGGTCTCGTCGACCAGGCCCGTCGCCGTGTTCGTGAAGCGGTGCAGCGTCTGGCGCTTGGGCGGGCCGACGGGGATGAGCAGGCGGGCGTCGGGCTTGCCCGCAGCGGGGGGGCGGAGCTGCTCGACGAGCTCGTTGGGGACGACGGCGCCGCCGGCCGTCACGATGATGGCGTCGAACGGTGCGTAGCCGGGCCAGCCGTACGTCCCGTCGCCCTCGCGCGTGCGGACGCGGAGGCCCAGCTCGCGCAGGATCGGGACGGTCCGCTGCAGGAGGGGCGCGTGGCGCTCGACGGAGAACACGCGTGCGCCGAGCTCGGTGAGCACGGCGGCCTGGTAGCCGCTGCCGGTGCCGATCTCGAGCACGCGCTCGCCGTCCTGAACCGCCAGCAGCTCCGTCATCCGGGCGACGGTGAACGGCTGCGAGATCGTTTGGCCCTCGCCGATGGGGAGGGCCACGTCGTCGTAGGCCTGCTGGTGGAGGCCCGTGTCCGGGATGAAGCGGTGGCGGGGCACGCGCCCGACGGCCGCGAGCACGCGCTCGTCGGCGATGCCCTTGTCGCGGAGGTCGTCGACCAGTCGGGAGCGGGCGCGGGCGGCTTGGCGGTCGGTCACGGAGGGTCGGGCGTGTCGGGCGGCGTCTCGGGCACGTCGTCGGTGGCGGGCGTCTCGCGGCGGTCGGGCGAGAAGGCGTCCAAGAGGCGCTGCTCGACCTCGGGGATCGTCAGGCCGACGTCCAAGCGGCCGTTCTCGGCGACCGAGATCTTGCCGGTCTCCTCGCTCGTCACGATCACGAACGCGTCGGTCCGCTCGGTGAGCCCGACGGCGGCGCGGTGGCGCAGGCCGAGGTGCGGGTCGAGCCCGCGCGCGTCGGAGACGGGCAGGATGCACCGCGCGGCCTCGACCTTCTGGCCCTGCACGATGACGGCGCCGTCGTGCAGGGGCGAGTTGGGAAAGAAGATGGCCGTGAGCAGGTCGCGCTCGACGTCGGCCGAGATCTGGGTCCCGGACTCGATGTAGTTGCGCAGGCCGGTGCTTCGGGCAAACGCGATCAGCGAGCCGACGCGGTCCCGACTCATCTCCTCGAGCGCGGCGACGACCTCGTCGGTGATCTTCTGCCGGGGCGGCTGGGTCACGAGGCGGCGCACGATCGGGTTGCGGCCGAGCAGGAACAGCGCTTGCCGGATCTCGGGCGCGAACAGGATCAGGACCGCCAGCACGAACACGTCGCCGACCGCCCCGAACAGCGTGGTCAGCGTCGTCAGCCCGGCCGCGCGGACGACCTCGTTGACGGCGTACAGGCCGAGCAGCGCGACGGCCACCTGGACGGCAATCGTGCCCCGGATCAAGCGGTAGGCCTGGTAGACGATGATCGCCGTGACGAGTACGTCGAGCAGGTCGAGCCAGCGGACCGGGACGAAGCCGATGCGGACGCCCTCCTGCATGGCGAGGGCGAGGGACAGCGCACTCATCGGCCTGCCTCGAGTGCCGCCGCGACGAGTCGGACGGCGTCGACGGTCTCGGGCACGTCGTGGGCGCGGACGATGCCGGCGCCGCGCGCGACGGCGAGCGCCGCCAGCCCCAGCGACCCGGCCAGCCGCCCGCCGACCGGCGCGGGCGTGCCGCCACTCGCGAGGACGGTGCCGATCGTGCTCTTGCGCGAGACGCCGACCAGCACGGGCCAGCCCTCGGCCACGAGTCGGTCGAGGCGGGCGACCAGGCGGAGGTTCTGCTCGGGCGTCTTGCCGAACCCGAAGCCGGGGTCGACGACCACGTCCGCCACGCCCGCCCCGTGGGCGGCGGCGACCGAGCGGCGCAGGCTCGCGATCACGTCCTCGACCACGTCGCCGTAGGCGTCGGGCGGGGCGCTCCCGCCCGTCTTCGCGAGCCCGTGCATGACGACGAGCGGGGCGCCGTAGTCGGCCGCCGCGCGGGCGGTCCCGACGCCCTCCCGGAGGCCGGTCACGTCGTTGACGAGGTGGGCGCCCGCCCGGAGCGCGGCGCGCGCCACGGCGCCCTTTGTGGTGTCGACCGAGATGAGCACGTGGGGCACGGCGCGGGCAATCCCCTCGACGACCGGGACCACGCGCGCCAGCTCCTCGTCGAGCCCGACCGGCTCGGCGCCCGGCCGGGTCGACTCGCCGCCCACGTCGACGATCGCCGCGCCCGCCTGGGCCATCGCGGCGGCGCGCTCGACGGCGGCCTCGGTGCTCGCGTAGCGCCCGCCGTCGGAGAACGAGTCCGGCGTGACGTTCAGGATCCCCATCACGTGCGCCGCGCCGGGGCCGACTGCGAGCGCACGCCCTCGGCAGTCCAGCACGCGGGTGTCGGTGGGGGCGGGCGGGGCGTGCGTCATCGGGCGGGAGGGGGCCGCAAATCTACGACGGCGCAGCGTCGGGCCCGGCCCCGCGTGATCCCAAGCGTTCCCCCTACGGGACCTTGCGCCTTCACGATTCGTACATGAGAACCCGGTCCGCTGTACGTTCTGGACCCCCGTTGTTCACGCCGCCCCTCTCGGCTCCACCCAGCCCGACTGCCGTTCGTCTCACCAGCCGCCCCCCCCGGCCGCGCCATGTACGTCCCCCCAAGCCAGCGGATGCTGGATCAGTACCTCCAGGAGATCGGCCAGATCCCCCTGCTGACGGCCGAGGACGAGGTGCGCCTGACGCGGCGCATCAAGACGGGCGACGAGGAGGCGCTGCACCAGATGGTCCGGGCCAACCTGCGGTTCGTGGTCTCGGTCGCCAAGCGGTACCAGGGGCAGGGCCTGTCGCTGGCGGACCTCATCAACGAGGGGAACTACGGGCTCATCAAGGCGGCCAAGCGGTTCGACGAGACGCGCGGGTTCAAGTTCATCTCGTACGCCGTGTGGTGGATCCGGCAGGCGATCCTGCAGGCGCTCGCGGAGCAGTCGCGGACGGTGCGGCTGCCGCTCAACCGGATCGGGACGATCTCGAAGATCCGCAAGGCCTCGGCGCGGCTGGCGCAGACCTACAAGCGGCCCCCGAACGTGCAGGAGCTGGCGGAGGAGCTCGACCTGCCGTTGCACAAGGTGGAGGACGCGCTCCGCCACCAGGCGCGCTCGCTGTCGGTCGACGAGCCGTTCGGCGACGACGACGACAACAGCCTGCTCGACGTGCTGGAGGGGGCGGCCTCGGTGCCGCCGGACGAGCTGCTCGTCGGCCAGAGCGTGACGTCCGACATCGAGCGGGCGCTCCAGACGCTGTCGCCGCGCGAGGCCGAGATCACGCGCCTCTACTTCGGGATCGGCCGCGAGACGGCGATGACCCTGGAGGAGATCGGCCAGGAGTACGAGCTGACGCGCGAGCGCGTCCGCCAGATCAAGGAGAAGGCGCTCCGCAAGCTCCGCCAGCGGGGCCGCCGGGCCGAGCTGCGCGGGCACATGAGCGAGTAGGACGCCGGGGTGCTAGTCGGGCGAGGTGGCCTTTTCGGCGACGTAGACGTCGTTCTGCCACGCGTCCGCATAGTGGCGCACCATGCGCATCCCGGCGCGCGCCAGCACGTCTCGGTACCCCACAGCCCCCAGCGAGACGTACCGAAAGGGGACCCCGTCCATCTC
CP177357.1_gap2	227355	231601	4246	GTCCCACGGCCACCGCCCACAGACCTCCCCGATGTCGGCGGCGGCGTCGCGGTAGCCCCCGGCGACGGCGTCGAGGAACGGCTTAGCGCGCGAGGCCGCGCCGCCCTCGGGGTGCCGGCGGACGTAGTGGAGGTACGCCCCCGCCGCGCGCATCTCGGCCGCGAAGAACGGCCCGGCGTCGCCGGTCTGGAGCAGCTCGCACACGCCGTGCTGGCGGTGCGCGGTCGCGAGCTGGAGGACGTTCGGCTCGTCGCCGTCCGCGAGCGCGACGGGCGTCCTGTCGGCCACGATGGACAGGCCGTTCGAGGCGTACGACGCGAGGAACTGGGAGGCCATCAGCGGACCTCGACGGGGATGAGCATGAGGTTGGTCAGTCCGAGCGCCCCCGCCGCCGCGACCGCCCGGCCCGAGAAGAGGACCGTCCGGGGCTCACGCGCGAGCCGGAAAACGTCGGGGGCCTGGGCTAGCGCCTCCGCCTGCAGCTGGGGCGCCACAACACGGTTGATCGTGCCGTCGGGATAGCGACGGATCTCCGAGGCGGCCTCGTTGAGGGCGTCGACCGAGCCGATCGGGCTGAAGAGGACGTAGTCCCGGGTGTGGTCCCGCCCCTTGTGGTCGACAATGGTGAGGGGAAGTACCTCGTGCGGGCCGAGATCGACCTCGGCGGCGAGCGCATCGAGCGCATCCCGGTGGAGGATCACGAGGCGTCCCGTGTTGCCCACGAACGACCCGGGGCGCAGGCCGGGCATCGTCGGCGTGAGGTGGAGCCTCATCCCGTCCGGCCCCGGCGGGTAGCGGTCGGCGATCGGGAGGCCCTCGGTCATATGGACGAGCGGCACGAATCCGTCGCGCGGGCGCCCCTCCACGAACAGGAAGTCCGCGGCGGAGTCGGGGATGAACTCGAGGCGGGCGCAGGCGGGGGTCATACGGCGGGGCCGGCGGCGAGGAGGTCGTGGAAGTCGTCCATGGTGGTCCTCTCGCTCATCTCGTCCTGAAGCGCGGGGATGTTGGCCACGATGGTGGCGTGGATGCCGTCGGAGATGCCGACGAGCCCGTCCTTGACGTTCCGCCCCTCGGGCACGGCGTGCCCGTCGCGCTGGCGCGCGGCGAGGACCCCCTCGTAGGGCGCCAGCTCGTCGCCTACCAGGGCCTGCACCCGGGCGCTGTACGTCATGTGGTTGTGGCCCGCCGGGTGGATGGGCAGGCCGACCGCCAGGCCGTGGGGGTCCCGCTCGCACGGGAGGGCCATCATGTTCTTCCAGTGGTTCAAGTTGTACCGCTCCCCGAGGAGCGTCTGGACGGCCACCCGGAGCACCCCGAGGTCCGACTTCAGCCTCTCGTTCAAGGCCCCCTGGAGCACGGCGTTGGGGAGGAGGTGGTGGGCCTGGTTGGGGTACGGGGCGAACCCCGTCATGAACGAGTGCGACGAGACCGCCGCGCCCTGGTACTTCTTCTCGGTCACGGTGCCGTCGTCAGCCTCCGTCCGCCGGGTCTTCGTTTCGACGACGAAGCCGCTCGTGATCGCCGCCCGGTTCGCCTCGATGGTCGAGGTCGCGTAGGTCGACCACCCCAGGGCCCCGAGCCGGCGCGCCTCCGACGGGTGGGCGTTGTAAATCTCGTGGTCGTGCTCGATGGCTCGGTAGGACGCCTGCCACCGGTACGAGCACGTGTTGTTCGGCTTGTAGGCCGCTTTGCACCGGGTCAGGCAGGCGCCGTCCCCGATCTGCGCCTCGTTCTTGTGGAGGTCCGGCAGGCTCTCGATGGCCGCGTGCGCCTCGTTCGTCTCCTTCGCGGGCTTCCCGCCGGCCTCCTGGGCCTGGCGTTTCGCGCCGGGCTCGGCGGACGCCTCGCTTTCGCCGACCTCCTCAAGGTCGTCGGGCTCCTCGAGGTCGGCCTCGTCGTAGCGTCGCTTCTTCATCGTCCTCGTGGCAATGGGAGGGGGGAGCGAGACAGCGTGCAGGCCCCGGCGGCGCCGGTCCCCTCGCAGGCTGCCACGCCGGTCGCGGCCGACCGGCCGTCGGCGACGGCGCGCGCGGCGAGGGCGACGTCGAAGGCGGGCGCGGCGGCGCCGAGGTCCCCGACGGACGTGGCGTGGGTGGACCAGGACGGGAGGGGGCGGTCGTCCGCGGGGAGCCGGGCGAACGCGTGGCCGTACGCCTTCGCCCGCCACGGCTCGCCGTTCATGTCGAGCCGGAGCACGTCGGGCCGCTCACGCAAGGAGGGAGTCAGCACCGTGGCGAGTGCCCGCCCCAGCGCCGCGATGTTCAGCTCGGCGGGGGGCGGGTGCGCCGCGGCCCCGACGACCTCCGCGAGGGGCGTGGCCCCCCTGTGGGCCGCTGCGCGGCGGGTCTCGAGGAGCAGGGCGACGGCCCCCTCCCCAGGTGAGAGCCCGTCACCGTCGGCCGCGGTCCGGAGCCGCTCGCTGCCCGCCAGCCACAACAGGGAGGCCTCGTCGAGGAGCGAGTCGACGGCGACGACGACGAGGCGGTCGGCGTCGAGCGCCGCGAACGCGGCCCCGGCGCCCGCGAGGAGCCGGAACAGGGCGGTCCGCCCGTGGAGGAGTCGCTCCCCGGCCACCGCCGTCTGGCCCAGCGCGCGGCGGAGGGGGGGGAAGACCGCGGCGCCGAGCCCGTCGGACCGGACGAGGGGGTCGTGGTCCCACCGCCCCTCGCGGAGGTCGGCGAGGAGCGCGACGAGGCCGGTGCGGCGCCAGAACGCCCCGTCGGCCGGGGGGGGGAGCGCGGCGGGGGTGACGAGGTCGCGGACCGCTAAGGGGGCTAGCTGGAGCCACCGCGCGACCGAGACGAACCCGTCGGTGATCGGCCGGACGGGGTGCCCGACGGCCGGGACGCTCTGGTGCTCGTCGGGGTCGGTCGTGAGCAGGTCCTCGACGCCGGCGGGCCGCTCGATTCCGGCGCGGACCGAGGCGCATGCCGTGGCCGCGTCGCGGCCGACCGACGTCACGACGCCGATCCCCGACACCACCACCTCGACGGGGCCCGGGGCGCTCATAGCGGCTTGTCGCAGATGAGGCACTCCGGCGTGGGCGGCACGCCGATGGCCACGACGGGCGGCTGCAAGACCGGGAAGGGCGGCGTGTTCTTGTCGTTGTGGAGCATGAGGTCGAACGCCCGCGCCACGTTCTGGCCCTCGGCCTTGACGTCGAACGAGAACGTCACGAACTCGGCCTTCCCCTTGATCTTGTTGCTGGCCACGCCGCCGCCCGCGCTGCCCGCCTCGTCGCCCGTGCTCATGCGGAAGTTCGAGTCCTTCACGCAGATCGGGTTGCCGTCCACCTTGACCTTCTTGGTCCCCTTCGCCGTGTCCGTCGACATCGCCACGTTCGGGTAGGGGATCGGGATGGGCCCGCCGGGGCTCGGCGTCTTGCACACGTCGGGGAACGCGATCGTCGTCCCGTTGCTCGCCTTGTGGACGACCGAGAGGAAGTTGACGCCGACGGACGAGGGCATGGCTCAGGCGGTGACGGTGATCTCCTGGAGGTCGGCGAACCCGTAGGGCGCGGCCAGCCCGCCGCTCCACACGAGCACGATCTCGCCCTGCGCCCCGCCGTCGCCGTCGACGACGACGCGGTCGAGCTCGAGGGCGACTGGCTGGCAGCTGAGGCGGCGGCCTGCGACCTCGGCGCTCGGCGACAAGCCGGGCAGCGTGAACCGGACCATGCCGCGGGGCGAGACCCCGAGCGCCGCGCCGTGCTCGTTGCCCCGCAAGCGCCCTGGGACGGTGAGGCCAGGTGGGGCGACGTCGAAAAAGCGGGCGTCGAAGTCGGCAGGGAGGAGGGGCTGGCGGTCCCGCGCCCAGGCGGCGTCGTAGGTCCCTGCGAAGGCGGCGCGGGGCTGCCAGCCGGGCGCCACGAACCCGACGGGCGCCGGGGCCGGCCGGTCGTCGGGCGTGCGGATCAGCGCGTCGGGCCGCTCGAAGTTGGGCAGCGGGCTCGCGTCGACGACGCGGCGCGTGCGGGACGCCCGGAACCCGACCCCGACGGGGTTGCGGGCCTCGGCGCCGTGGGCGCGGTCGTCGGGCGCCGAGGTGTCGGTCCCGCCGGCGGCCCGCTCGTACGCCAGCGGGATCCGCTCGAACGGCGCCGGGCGCGACATCCGGGTCACGCCGAGCGCCGACTGCCACTCGCGGTCGCCGAACACGGCCGCGGTCGCCTTGGCGGGCCCGAGCTGGACGCCCACCCGGCCCTCGCGGTCGCCCGCACGTCGGGGGTACGCCGAGCCGGTCA
CP177357.1_gap3	261607	266479	4872	GGGGATCGCCCGCTGGCGCGGGTGGGGCGGTCGCGGTCGGCGCGGCGCCGGCGCTTGCGGTTGCCCCGGCGACGACCGCCGCCAACGCCTCGGCGTCGCGGCCGGCGGCGTCGGCGAGCGCCGTCTGGAGCGCCTCGTCGCGGTGGCCGTAGTCGAGCCCGGCGTACGCGCGGCGGAAGGCGGCGAGGGCGTCGGCGAGCGCCGCCGCTTCGTCGGCGAAGGGGTTCGCGAAGGCGGCCCCGAAGACGGTCCGGTCGAGGTCGTCGGCGACCATCCGGTCGCGATCGACGACGACGTGGACGCGGAACGGGCCCAGCTCGATCGTCGCGCCGTCGGCCACGTCCGCGCCCCCGGAGCCGACGCGGACGCCGTCGACGAACGTGTGGTTTTTGCTCCCCAGGTCGACCACGCGCAGGCGGTCGCCGACGACGCGGAGCTCGGCGTGCTGCTTGCTCACGACGCGGTCGGGGTCGTCGAGCGGGAGGTCGCAGGTGCCGGCCCGGCCGATCGTCACGGCGTCTTGCTCCAGGGCGTAGGTCCGGGGCTCGTCGCCGCGCTCGGCATGGGAGACGGTGAGCTTAAGGCGCATGAGGACAGAGAGATGCGTCAGTCGTCGAACGGTGGACCGTAAGGTCGGGTCCGGAGGCTCCCCAGTGCACGGCGTTCGCGGCCAGCTCGTTCTTCGCCCCAGACTAGGCCCTCAGGCCCCTGCCGTCGCGTCCAGCACGGCGTCGAGGGCGCGGACCAGGACGCCGGCCGAGGGGTAGCGATGCGCCGGGTCGGCGTCGGTGGCGGTCCGGAGGACGGCCGCGAGACTGGCGTCGAGGGCGGCCCACGCGCTGCCGGGCTCGGGCGGGTCCGGCAGGTCGAGCCCGCTGTCGCCGAGCGCCCACGGGACGCGCTGGCGCGCCCCGCCGATGACCTCGAACAGGAGCAGCCCCAGGGCGTAGACGTCGGCCGGGAAGCCCACGGGCTCGCCGAGCACCTGCTCCGGGGCCGCGAACTCGGGCGTGAGGCCGAGCCCCTGCGGGGCCTCGCGGCCGGGGCGGCGCGCCAGCCCCAGGTCGAGCACGGCGACGGTGCCGTCGGGGCGGACGATCAGGTGCTCCGGCTTGAGGTCGGCGTGGACGATGCCCCGGTCGTGCAGCGTCTCGACCGCCCGGCACAGCCGCCAGCCCAAAAGAAGCCGTTGGAGCGGCGTCAGCTTGCGCGCATGGTCCGAGGACCGCTGCCCGTCGACGGGCTCGAGGGCGAGGTACGGCCGCCCGTCCGCCGCCACGCCCACGTCCAAGAGCGCCGGCACGATGGGCGGGGCGAGGCGCCGCAGCATCCGGGCCTCGTGCGCAAACTGGTCGCGGACGCCGTCGACGTCCCGGGTCGCCAGCTTGAGCGCGGCCCGCTGCGGGCCGGCGGGCGTCGGGCGCGAGGCTTGGTAGACGACGCTCGCGCCACCCCAGCCGAGCTTGCCGCGCACCGCCCACCCGCCGACTGCCGACGGCGGGGGCGGCGGGTCCGCGCCGAGCCGGAGCGGGCCGTCCATGAGACGGTCGAAAAAGGCGGCGGCCTGGGCGTCGGGCCCCGACAGCAGGCGCCGCGACGGCGCCACCTCAGGCCTCGGCGAGCGCGCCATAGAGCCACGACCTCGCCGCGCGCCAGCTCCGCGTCACCGTCGCCGGCGACAGGCCCAGCGCCTCGGCCGTCTCGTCGACCGTCAGCCCGGCGAAAAACCGGCACTCGACGACCTGGACGCCCCGCTGGTCGTGGCGCTCGAGCCGCCGCAGGGCCGAGCCGATCTCGGCGATCTCGGCCGCCTCCCCGTCGGTCATCGACACGCCCGTCGCCTCGTCGAGCGGGACCGGATAGAGGCCGCCGCCGCGCTTCTGCGCGCACCGGGCCTCGGCATAGTTCAAGAGCACCTGCCGCATCGCGCGCGACGAGGTCATCATAAAGTGGGCCCGGCTCCGGAAGCGCATCGCCGACCGGGCCAGCTTGAGGTAGGCCTCGTGCACGAGCGCGGTCGTGCAGACCGACGGCGACCCGAACGCGCGGACGCGGTGGGCGTGCGCGATCTGCCGGAGCTGGGCGTAGACGCGGGCCGAGTGGGCCGGGTCGGCGGCGTCGTGGCCGAGCGTGCCGAGCAACTCGGCCGCGTCGGCGTCGACATCGTCATCGACGCCGGAGGCGTCGACGGGGGAAGCGGGGACCATGGGGAAGAGGTCTGGTGTGCCAGGGACGCCCCGTCCGTGCGGCGGAGCGGTCACCGCAGAGTAAACTGACCTTCAGGAATTCCCCCGCGGAGTCTCTTATGTCTTCAGGGTTTGGGTGGTGTGTTGGGCCGGGTGGGCCTGACGGCCCCCTGAGTCGCCGTGGGGGGGGGGAGGCGTTTGCAAATCGTCCTGTTCCTAACTGTCTAATTGTCAACGTCATTTCAGTGTGGCGCCCGGTCGCTCCCCGGTCTTGTGAAGACCGGAGGCCTCGTGCCTAGGTTGGATCCGCCTACACCGGTCGAGCCATGCCCGTCGTCGCCCTCGTCGCTGCCGTCCTTCTCGCCGCGTGCAGCGCCCCACCGCGCGCCGCTGCGGACTCCACCGTGATCGCGTTCGAGCACGTCACCGTGATCCCGATGGACGGCGCCGAGCGCGCGCTGGCCGACCACACCGTGCTCGTCTCCGGCGACCGCATCGTGGCCGTGGGGCCCTCCGCCGAGGTCGCCGTCCCCGACGGCGCGACGCGCGTGGACGGGACCGGCCGCTACCTGATTCCCGGCCTGGCGGAGATGCACGGCCACGTCCCGCCGCCGCAAGCGCCGGCCGTCGACACCGAGGAGACGCTCTTCCTCTACCTCGCCAGCGGCATCACGACGGTGCGCGGGATGCTCGGCGCCGACGGCCAGCTCGCGCTCCGCGACCGCGCCGCCAGCGGCGCGCTCTGGTCGCCGACGCTGTACCTCGCCGGGCCCAGCTTCAACGGCGGGAGCGTCTCGTCGCCCGAGCAGGCGGCCGCGATGGTGCGCCAGCAGGCGGCCCAAGGGTGGGACTTGCTCAAGGTCCACCCCGGCCCGACGCGCGCCGAGTACGACGCGATGGCCCAAGCGGCGCGCGAGGCCGGCCTGCGGTTCGGCGGCCACGTGCCCGCGGACGTGGGGCTGGCGCACGCCCTCGACCAGGGCCAGGCGACGTTCGACCACCTCGACGGGTTCGTGGAGGCCCTCGACGGCGACCGGGGCCCCGTCGACCCGGCGGCGCTGGCGGCGCTCGTCCGGGCCACCCGGGAGGCCGGCGCGGCGGTCGTCCCGACGATGGCGCTGTGGGAGGTCCTCTACGGCACCGCCGACCTCGACGCGCTCGCGGCGTACCCCGAACTGGCGTACGTCTCCGGCGCCCAGGTCCGCACGTGGACGGCCGGGGCCGCGCGCCGCCGCGCCGACGCCGACCCCCAAGCGGCGCGGCACGTGATTGACAACCGGGCGCGGATTCTGGCCGCGCTCCACGCCGGCGGCGTGCCCGTGCTCATGGGGACCGACGCGCCCCAGCTCTTCAGCGTCCCCGGGTTCTCGCTCCACCGCGAGCTGCCGTACATGGTTGCGGCCGGGATGACGCCCTACGAGATCCTCGTGTCCGGCACGACCGCCGTCGGCGCCCACTTTGCCGCCTTCGACACCTTCGGGAGCGTCGCGCCCGGCCACCGCGCCGACCTCGTGCTCGTGGACGCGGACCCGCTGGCGGACGCCGCCCACCTCCGGCAGATCGCCGGGGTGATGGTGCGGGGCCGGTGGCTGCCGCGCGACGCGATCGACCGCCGGCTGGCGGCCATCGCCGACCGCCACGCGCGCGACTGATCCTCGCCAGCAGGCGCGAGCCCCGCTAGAGCCCGAACCAGTAGGTCGCCTTCAGCAGGAACACGTTCTCGACCGGCGCCCGGAACACCTCGCCGATCTCCTCGCCGACCCCGAACCCGTCGTACGGCGCGAACTCCGAGCGCTGCTGCTGCCAGACGGCGAACAGCGTCGAGCCCGGGCGCCACTCCCAGCGGAGGACGGCGTTGCCGCGCAGCGAGCGGAAGTTGAAGTCCCGGTTGCCAAGCTGGAACGGCGCGCCGCCGTCGCCGGGGTCGATGTCGAAGGCCACAACCGCGCCCTCGCCGTCGAGCACCTCGGCGACCGTCCCGCGCGCGACGCCGAAGACGTCGAAGTCGAACGAGCCCGGCGTGCGGAACTCCTTGAGGCTCGAGTACTGGCCCGTCGTCACGAACGGCTGGGCGAAGAGCTGGAGCGTGAGGTCGGGCGTGAACGTCCAGTCGGCGCGGACGCCGAGGTCGAACGAGACCTGGCGGATGTCGGCGAACACGTAGCGCGTGCCGTCGAGCGCCGCCGCCGGGTCCTCGATGCGGGCGACGAACTGGTCGTTGTCGCGCTCCCAGCCGATCGTCGGCTCGATGGAGAGCGAGAGCGCGTTGCTCGGGCGGACCGTCATCTCGGCGCCGACGTAGCGGTCGTACTCGGCGGGCGCGCCGTCGTATTCATTCGCGAACTCCGAGCGGACGCTGGCGAAGAGGCCGCCCGAGACGACGCGGCTCTGGTCGGTGTTCACGTTCATCCGGATCCCGGCATCCGTCGGGCGCTCGGCGATCGGCCCGCCGCGCGTCAGGCGGTCGTTTTTCTGCGGGCCCGTCGCGTTGACGCCGAGGTTGACCGACCACTGGTTCTGGAACTGGGCGTAGGCGCCGCCCCCGTAGTAGTGGCCGATGAGGTCGCCGTCGAAGTTGGACACGTAGCCCCCGTAGTGGTACACGCTGTAGCGGCGGAGCGGCGGGGCCTCCGACTGGCGGCGGCCCACGAAGTAGTTGATCGACGCCACGTCCGCGCGGTTCTGG
CP177357.1_gap4	337182	338434	1252	AGACGCTGCGGACGGCGACGGCCGTCACCGACGTGCTCCGGGGACGGCACCGGGCGACCGGGCGGCTGCCCGTGTCGGTGCCAGGGCTGAGGGAGGCGGGCGCGTCCGCGCAGTAGCACGCCCGACGGGACGCGCCTAGGCGGACGGCTCCCCGAGGAACGGTTCGCCCCACACACCAAAGACGGTCTCCGCCAGCGGGCGGCGGGGCTTGGGCGTGCGTGCGCGCTCGGCGAGGTCGTCGGGCACGACCGCGCGCGGGTCAGGGGCCGGGACGCCGAGCGCGAACCCGGCGACGGGATCGAATCCGTCGGGCACGCCGAGGGCCTCGGCGGCGGAGGCCACGTCGAGGCCGGCCATCCAGTGGATGCCCAGGCCGACGGCGTGGGCCGCCAGCGCCAGCCCGAACCCGGCGGCGCCCGCGTCGAACCGGCGGTGCGCGTTCGGTTTGCCGCTGCGGTCAAAGGTCTCGGCCGCCAACACCAGCCCGAGGATGGGCGCCGTCAGTGCCCACTCGGGATTGCGCCCCTTAAGCGCGTCGGCGATGGCCCGGTACACCGCGTCGCCGCGGCGGCCGACGACGAATCGCCAGGGCTGCTCGTTGTAGCTCGACGGCGCCCACCGGGCCACCTCGAACACCCGGCGCAGCGCGTCGTCGGGGACCGGCGCGTCGGCGTCGAAGGCGTAGGGGCTCCGGCGCGCGAGCGCCAGGCGGAGGAGGACGTCGTAGTCGGACACGGGGCGGTGGGAGGGGAGGCGCGGAACCGCCGACGCCCGGCCGCCGATCCCTCAGCTCGCGTCCAGCCCGACGGCGTCGGCCAGCGTCGCCAGCCCATCGCGGTCGAGCCGCTCGACGAGCCCCCGGTGGATGCGGCCGACCAGCCCGGGCCCTTCGTAGACGAGCGCCGTGTACAGCTGCACGAGCGAGGCGCCGGCTCGGACGCGCGCGTACGCCTCGTCGGCCGAGTCGATGCCGCCGACGCCGACGATGGGGACGGCGCCGTCCGTCGTCCGGTAGAGGTGCCGGGTCAGGGCCGCGGCGCGTTTCGCGAGGGGGCGTCCACTCAGCCCGCCGCGCCCGATCCGCTCGACCGCGCCGGCCTCGGTCGCCAGCCCGTCGCGGTCGGAGGCCGTGTTGGAGGTGATGAACCCGTCGACGCCGTGGCGCAGGCAGATGGCCACCAGCTCGTCGACCGCGCCCGCGTCGACCCCGCTCGCGGGCGGCGGCGACAGCTTGACGAGGAGGGGGAGCGGG
CP177357.1_gap5	402174	403952	1778	GCGCCGCCCGACCGGTCCCGACGAGCACGGAGATCGGCGTGGCGATGCCCATCGCGCAGGGACACGCGATGATCAAGACGGAGACGGCCGCGACGAGCGCGTACGTCAGCCGGGGCTCGGGACCCACCAGCATCCAGACCGCGAACGTGACGGCGGCAGTCGCCAGCACGACCGGCACGAACACGGCGACCACGCGGTCGGCGAGCGCCTGGATCGGCGGCTTCGAGCCCTGCGCGTCCTCGACCATCCGGACGATCCGCGCGAGCGCCGTCGCGCCCCCGACGGCGCCGGCCTCGACCGTCAGCGCACCCGTCCCGTTGACGGTCCCCGCCGCGACCGACGCCTCTTCCTCCTTCTCGACCGGGACGGGCTCGCCCGTCATCGCCGACTCGTCGACGAACGAGCGGCCCGCGACCACGACGCCGTCGACCGGGATGCGCGCGCCGGGGCGGACGAGCACGCGGTCGCCGACGGAGACGGCCGCCAGCGGGACCTCCTGCTCGCGGCCGTCGCGCACGACGATCGCCGTCGCGGGCTGCAGGTCGAGAAGCGCGCGGATGGCGGCGCCGGCCCGGCCCTTCGCGAGCGCCTCCATCCACCGGCCCGCGAGGATCAGGGTGATGATGGTCGCGGCCGCTTCGAAGTAGACGTGGTCGGCGCCGGCCGGCAGCACACCGGGCGCGAGCGTCGCCACGACCGAGTACCCATACGCGGCGGATGTGCCGAGCAAGACGAGCGTGTCCATCGACGGGGCGCCCGCGCGGAGCGCGGCCCAGCCGGCCCGGAAAAAGTGGAGCCCGGGCCCAAACTGGACGGCCGTGCCGAGCGCCAGCAGCGTCCAGCGCAGCGCCGTCTCGCCGACCGTCCGGCCGAGCCAGCCGCCGGCGCCGGGGACGAGCATCGGGCCCATCTCCAAGATCCAGATCGGGAGCGTGAGGGCGGCGGCCCACAGCGCGCGGCGGCGCTGCAAGGCGCGCTCGGCGTCCTTGTCGGCCTCGCGGTCGGTGCGGTCGGTGTCGGCGCCCGCCTCGAAGCCGGCCTTGCGGATCGCTTCGGCGATCGCGTCGTCGCTCAGCCCGGGCCGGGCCGAGACGGTCGCCCGCTCGGTCGCCAGGTTCACGCCGACCGACTCGACGCCCTCCATCCGCGACAGGACGCGCTCGACGCGCGCCGAGCACGAGGCGCACTCCATCCCCTCGACGCGGAGCGTGACGGTGCGGGCGGGAGCGGTGGTCTCAGGCATAGATGCGACGGTTTTGAGGGTGTACGCCCTGGACCCCGCTCCAGAGTTCCGTGAAGGCTCAGCGCCCTCGGAGCCTGGGCTCCGAAACCCTGGGTCCGGTGGCTCAAGGAAGGGCCGCGATACGCCTACGGCCGCGACCGCTCCGTCAATCGGCTGGTGCGGTGTCGTCCGCGAGCGCCGCCAGCACAGGACACTCGGCGCGCGTCGTCGCCGCGCCGCCGCAGGCGTCGGCGAGCGCCGCGAGTGCGTCGCGCGTCTTCGTCATCTCGGCGATGCGCGCGTCGATCTCGGCCACCTTGTCGATTGCCCGCTGGCGGACGGCGCCCGCATCGGCGTGCGCGTCCGACGACAGCGCGAGCAGGCCCGAGGCCTCGTCGAGCGTGAACCCCAGCGCCTGGGCGCGGCGCAGCGCTCGCAAGCGGCGGAGCGCGTCGGGCCCGTACTCGCGGAAGCCCCCGGGCGTGCGCGGCGGCGGCGCGAGTAGTCCGCGCTTCTCGTAGTAGCGGACCGTGTCGACCGGCACGCCAGCCGCGTC
CP177357.1_gap6	422895	427313	4418	ATCGTTCAGTTTGGCCTCGGCCCCATCGGCCAGGCCTGCGCCCGCCTCGCCCTCGACCACGGCCACACGATCGTCGGCGCCCTCGACCTCGACCCCGGCCGCGTCGGCCGCGACGTGGGGGAGGTGCTCGGCCGCGAGCCCGTCGGCGCGACCGTCCGCGACGACGCCGACGCGGCCCTCGCAGAGTGGGCGCCCGACGTGGTCCTCCACACGACGCTCTCGTTCCTCGACCGGATCGAGGGGCAGCTGCTGGCGTGCGTGGCGGCGGGCGCGCACGTCGTGTCGTCGTCGGAGGAGCTGTTCTGGCCGTTCGACCGCGACCCCGGCTTCTGCGAGCGCGTCGACGCGGCGGCTCGGGAGGCGGGCGTGTCCGTCGTCGGGACGGGCGTCAACCCGGGCTTCGTGATGGACCTCTTCCCGGTCGTGCTCGCCAACTCCGTCGTCGCGCGCGTCGACCGCGTCGACGTGTCGCGGTCCGTCGACGCCGGGCGGCGGCGGGGGCCGCTCCAAAAAAAGGTCGGTGCCGGGCTTTCGGTCGCCGCGTTCCGCGAGCGCGAGGCGGCGGGCGGGTTCGGGCACATCGGGATGGTCGAGTCGGCGAAGGCGCTCGCGGCCGGGCTCGGCTGGGCCGGCGCCGAGGTGACGGAAACGTTCGGCCCCCACCTCGCCGACGCGGACCACACGACGCCGCACGCGACGGTCGCGGCGGGCGACGTGGCGGGCATCCACCAGACCGCGACCGTCACCCTCGACGGCGAGACGCGGGCCACGCTTAGGCTGACGATGGCCGTCGGCGCGCCCGACGAGGACCGCGTGGCGATCGCGGGGGACCCGCCGCTCACGGTCGTCGTCGAGGGCGGGACGTTCGGCGACACGGCGACGGTCGCGGCGGTCGTCAACGCGGCGCGGCGGATCGGCGCGGCGCGGCCGGGCCTGCGGACCGTCCTGGACCTGCCGGCGGCGGCGGTTTAACTGCGGGCCGTCACGAAGGGTGGCCATCGGGCCGTCATGGTGTCCAGAGGGCCCCCGTGTCGGGGCAGGGGGGCGGATGTGGTCCCCGGCCAGCGGGGCTGACGCATGATGGGGCGCCGAGGCGGCTGTCGCCTCGGTCTGTGAACCCTCTTCGTCTGACGTCATGCGCATCCTCAAAGGGGTCGGCCTCGGGCTCGGCGCCCTCCTCGTTCTGGCCGTCGTCGCCGTCGGCGTCGGCGCGATGGTCGGCGGCTCGAACATCGACGCCGTCCACGACGTGGCCGTCGAGCCGCTCGCGATCTCGTCCGACTCCGCCGCGCTCGCGCGCGGCGCCCACCTCGCGGGCATCTACGGCTGCCGCGACTGCCACGGCGACGACCTGGCCGGGCAGGTGATGGGGGAGGGCGGCCCGTTCCGGCTCGTCGCCTCCAACCTCACGCCGGCCGGCGTCGGCGGCGAGTACGACGCGGCGGGCTGGGACCGCGCCATCCGCCATGGCGTCCGCGCCGACGGCCGCGCGGTGACCGTCATGCCGTCGGGCGCCTACCACAAGATGAGCGACGCCGAGGCGGCCGACCTCATCGCCTACCTGGAGTCGCTGGAGCCCGCGGGCGCCGACATCGGGCGGACCGAGTTCCGCTTGATGGGCAAGGTGCTCGCGGCCGGCCCCCTCGATCCGGGCGTCAACGTCTACGCCGAGCCGACGACGGCGACCTCGCCCCCGCCCGGGGCGACGGTCGAGTACGGCGAGTACGTCACCGAGATGATGTGCGCGTACTGCCACGGCGCGGGCGTGGTCGGGAAACAGCCGCCGGAGCCGGGGGCGCCGTTCGCCCCGGACCTCGCGGCCTCGGGGCAGTGGGCGCCCGAGCAGTTCCACGAGACGCTGACGACGGGCGTCCTGCCCGACGGCCGCGCGCTCGACCCCGAGGTGATGCCGTGGACCGCGACGGCCCGGATGACGCCCGACGAGCGCGAGGGCGTGCGGCTGTACCTCGCCTCGCTGGCGGGGCGCCGGGGCGCCGACGCCTGAGGGCCGGCGCGCGCCCGTGGCCTCACTCGCGGACGGGGCGCACCGGCGGGCCCGGCTCGGGCGCGGGCGCGGGCCGGTTCGCCGGCGCATACACATGGGGCCCACCGTCGACCTCCAACCGGAGGCTTCGATCTTCAGTCCCCGACTCGCTGGGGCGGATCCGGGGCCGCGCGGCGACCCATCGGTCGCAGTCTCCGTACCCCACCTCTCGGTCGCAGACGAGGAAGGACACCCGGACCTCCCCGCGCAGGCCGCGCCTCAGCTCGGACGTGGCCCGGAGCACGCCCACCTCGTCATGGTCTCGGCCGTCGATCCAGACCGCGACCGGCCCGGCCATGAGGGCGTGGCCCGTGTGATTCCGCGTGTCGTACACGCCCCGGTCCTCGGCCACCACCATCACGCGCAAGCCGTCGGTGGCGGCCACGACGAGCGTGCCGCCAGGGTTGAGGGCCGCGGCGAGGTCGTACGGCTGCCCCTCGACCTCGAACAGGTACTGGCCCCGCTCCTGGGTGACGGTCACGATGTGCGCATCGCGGAGCGGGACGGTCCGGCTCGGGTCGGGTTGCGCCGAGGCACAGGCGCACACCAAGAGGAGGGCGAGAGGGAAGACGCGAGTCATGGGGCAGCGGGGAGGGTGGAAAAGGCGGGGGACGAGCGGAAGTCGGCCAGCCACGGCGAGCGGTCGACGACGTCGCGGCCGAAGCCGCGGCCGAGCGCGCTGCGGAACCAGCGGGCGGCCTCGGCGCGCTGGCCGGCGATCTCGTGGGCGACGCCGACCGTGACGGCGGTCGACACGTCGAGGTCGTCGGGCGCGCTGGCCTGAGCGATCTCGGCGAGGGCCGCGCGGGCGCTGTCGCGCTGGCCGAGCACGGCGTAGGCCTCGGCCATCGTCACGAGGACGGCCGGCGTGCGGCCGACGGCGAGGTGGGCGCGGGCGAGGTCGAGCGTGGCGCGGTAGTCGGCGCGGGCGGCGGCGCGCTGGCCGGGCGACCACCACCGGGCCTCGGCGAGCTGGTGGCGGGCCGTGTAGTCGTCGGGCTGCAGGGCGACGGCGGTTTCGGCCGCCCGGACGGCGCCGGGGTAGTCGCCGAGCGTGGCGCGGACCGTCGCGAGGTTCGACACGGCGAACAGGTTGCGGGGGTCGAGCCGGGCCACCTGGGCAAAGGCGGCGGCCGCCGCCTCGAGGTCGCCGCGCGTCCACTCGGCCACGCCGAGGTTGATGAGCAGCGTGGTGTTGGCCGGGTCGAGCGCCAGGCCCCGCTGGAACTGGAGCGTGGCGTCGTCGGCCCGGCCCTCGTCGAGATAATAGACGCCGAAGCTGCTGTACGGGCGCCAGTAGTCCGGGGCGAGATCGATGGCGCGTCGGAAGGTGGCCTCGGCGTCGGCGGAGCGGCCGAGCATCCCGTAGGCCATCGCGAGGCGCCGCGTGGCCTCGGCGTGGTCCGGCGCGATGGCGAGGGCCCGGTCGAAGGCCGCCAGCGCCAGCCCGTACTCGCCCCGGCCGTCGTGGATCGCGCCGAGCACGGTGTGGACCTCGGCGAGCCCGTCGTCGAGGGCGAGGGCGCGCCGGGCGCTGGCGACGGCGCGGTCGGCCCAGGCGACGTCCGAGGTGGCGCGGTAGGTCTGCCATTCGGCCTCGGCGAGCCCGGCGAAGGCGAGCGCGAACGACGAGTCGATGGCGAGCGCCTCGGTAAAGAGCGCCCGGGCGCGCGCCAGGTCGTCGGCGCCCTGCTGCTGGCGGAGCTCGCCTCGGCCACGCAGGAAGAGTTCGTTGGCCTCGGGGTCGTCGGTGCCCCCGGCCGCCAGCGCCGCCTGCGTCTCGGCCCCGACCTCGACACGGAGCAGGTCCGCCAGCGCGAGAACCGCCGCGTCTTGGAGCGCGAACGCGCTGCCGCTGGTGTCGTCCACCTCGTCCGAGCCCAGCGTGTTCGGTGTCTCGCCGCCGACGTCGACCAGCGAGAGCGTGACGCGGACGCGGCCGCCCTCGGTCTGGACGGTCCCCTCCACGACGAGCGTCGCGCCGAGCTGGTCGCGGGCCTGCGTCGGCGTGAGCCCGGCCGGGACCTCGCTGGCCGGCACGATGCGGACGCGGTCGGAGACGGGGCCGACCTGCCCCAGCTTCCCCGTCACCGTCTCGACGAGCCCCTCGGAGAGCATCCCGGCCTCGGCGCCGACGGCCCGGAAGGGCAGCACGGCCAGGCGGTGCGGCTCGGCCACGGCGGCCTCGGGCCACAGGGCCACGGCGGCGAGGACGGCGACGAGGACGACGCCCGCCAGCATCGCCATGCGGGGGATCCGGCGGGCCCGGCTCGCGCGGTGCGCAGGCTCGGGGGTGGCCCGCGGCGTCGCCCCGGTCGGTGGGGGAGGGGGCTTGTCCCGGCCCAGGGCGTCCAGCGCCTCCGCAACCGCCTCC
CP177357.1_gap7	428910	432936	4026	ACTTTACCTCGTTCGCCGAGCAGGCCGAGCCGGAGGCCGTCGTCGCGTTCCTCAACCGCTTTTTCGGGCTCACGATCGACGCCGTCACCTCGCGCGGCGGGATCGTCCACCAGCTGCTGGGCGACGGGTTCATGGCCATCTTCGGCGCGCCCATCCAGTCGCCGGCGGACTGCGCGAACGCCGTCGAGGCCTCGCTCGACATCGTGGCCCGCGTCGCGGCGGAGGTGGAGGCCGGGCACCTCCGGCCGACGACGGTCGGGATCGGGCTGCACGCCGGCGACGTGGTGGCCGGGACCGTCGGCTCGGTCCAGCACAAGGAATACAAGGTGACCGGCGACGTGGTGAACGTGGCCGCGCGCGTCGAGGGGCTGAACAAGACGCTGGGGACCCAGGTGCTGGCGACGCGGGCCGTCTGGGAGCGTCTGCCGCTGGGGCGGTTCGAGGGCCAGCCGCTGGGCGAGGTCGCGCTGCGGGGCCGGGCGACGGCCCAAGAGCTGTACCGGCTCGTCTGAGCGGACGGCGCCGGGCCGTAGTTTGCGGCCCCACCCGAGCGCATGTCCGTCCCTCCCGACCCTGAGATCCAGCGCGCGGCCCGCCTTCTCGCCGAGGGCCGGCCGGCCGAGGCGGCGTCGCGGCTGGCGGCGCTCGTCGCCGAGGCGCCGACCTACGCGGCGGCCCACGTGCTCCGGGCGACGGCGCTGGAGGCCGCCGGCGAGATCGACGAGGCGCTCGTGTCGTGGGGGCGGGCCGCGGCCCTCGTGCCCCGGAGCGCGCTCGTCCACCGCGAGCGGGCGCGCCTGCTCGCGTCGCAGATCCCGGACGACGCGGCCCCGGGCCTCCCGCCGCCCGTCCCGGCGACGCCCGCGCCGGCCCCCGGTCGGGCGCCCGAGCCCGAGGCGACCGCACCTCCCGAGCCGGCCCCGCCAGCTCCCGCAGCGCCCGAGCCACCCCCACCCGCCACCGCGCCAGATTCGGACGCGGACCCCGCCTACGACGACGACTACGCCGACGGCCCCTTGCTCGGCTTCGGCGAGCCGGCGACCTTCGCGGCGGACGAGCTGGCGGGGGACCCGACGCCCACCGCCGAGGCGCCCGAGCCGACCGCCGGCGCGTCGGCTCCGCCCGGCCCCGCCCCGACGGCGGCCAGTTGGGGCGACGAGACGGGGCTCGCGCCCGTCCTCCCGCCGGAGGCTCACGAGGCGACCGAGCCCGCGCCAACGGCGCTCTCCCCGCCCGACGTCGACGCGCCGACCGAGGGCTGGTCGCTGGTCGACGAGGCCGACGTGCCCGCGCCGCCGCCCGCCGCCCTCGTCTCGCCGGACGTGATCGCGCCCGAGGGCGACCGCCCCCCGCCCGCCGACCCGGAGCCCCCGCCCGCCGAGGCGACCGTCGAGGACGTGCCCCCGCCGATGCCGTCGGTCGCCGACGAACTCGACTCGCTGATCGCCCAACTCGAGGACGCCCCGCGCATCAAGCCCGACCCCGCCTATTCCGGCCCGATCGTCGACCCCGACGCGGGCAACGTCGACGACCTCGCCTCGGAAACGCTGGCGAAGATCTACGCGGCGCAGCACCAGTACGTCGAGGCGGCGCTGATGTACGAGAAGCTGGCCGCGCGGACGCCCGAGTCCGCCGAGGACCTCTTGGAGCGCGCGGCCGAGCTGCGGCGCAAAAGCGGATGAGTGTGCTGCAGCGCCTCGCGCGCCCCGGCCCGCGCATCGTCGCCGGGCTGATGAGCGGGACCTCGCTCGACGGCGTCGACGCCGCCGTTGTGCGCGTCGACGGGACCGGGGCTGGTCTGGCGGCCGAGGTGCTCGGCTTCGTCAGCGAGCCGTATTCCGACACGCTCCGCGCCGCGCTTCGGGCGTGCGTCGAGGAGGCCACCTCCGACGTCCGGCTCGTGAGCCAGCTCCACGCCCGGCTCGGGCTCCACTTTGCGGCGGCCGCCCGGTCCGCGTGCGAGGCCGCCGGGCTCGCAGTGGCCGACCTCGACCTTGTTGGGAGCCACGGGCAGACGGTCCAGCACGTGCCCGTCGCCGAGGACTGCGCGGGCGTCCCGACGCGGTCGACGCTGCAGATCGGATGCCCGGCCGAGATCGCGACCGCCCTCGGCGTCCCCGTCGTGGCCGACTTCCGGGCGGGCGACCTCGCGCTCGGCGGCCAGGCCGCACCCCTGGCGCCGTACCTCGACGGGACGTTGTTCGCGCACGCCACCGAGACGCGCGTGCTGCTCAATCTGGGCGGCATCGCGAACGTGTCCGTCGTGACACCCGACGGCGTAGCGCTGGCGTTCGACACCGGCCCGGCGAACATGGTCTCCGACGCGCTCGCAGCCCGGCTCCTGGGCGAGCCGTTCGACCGCGACGGCGCGCTCGCGGCGGCCGGCACGCCCGATCCCGCGTTCGTCGACGCCGTGCTCGCGGAGCCGTACTTCGCGGCGCCCCCGCCGAAGTCGACCGGCCGGGAGGACTTCGGGACGGCGTTCGTGGACCGGCTGGTCGCGACGGGCCACGCGCCGGCCGACCTGCTCGCGACGGCCGCCGCGCTCACGGCCCGGTCCGTCGCCGACGCCGTCCGGCGGCACGCGCCGGGCGCGGCGCGGGTGATCGCGTCCGGCGGCGGCGTCCGCAACCCGACGCTGATGGCGGCGCTGCGCGAGGCGCTCGCGCCGATGCCCGTCGAGACGACCGCCGCGCACGGGCTCGACCCCGACGCCAAGGAGGCCGTGCTGTTCGCCGTGCTCGCGCACGAGTGGGCCAACGGCGTCCGCACCGGCCTCCCCGCCGTCACCGGCGCGCGCGCGCCCGCCTTCCAGGGCTCGCTGACGCTGCCGTAGCGCCTGCCCCTTCTCGACCCGACCGATGCCCATCGACATCCCCAAGCGCTCCCGCGTGGACCTCATCGAGTCCATCCAGGACTACGTCCGCGAGCACCTCGAGATCGAGATCGGCACCATCGCCGCCGAGTCCTTTCTGGACTACGCGCTCGACGAGATCGGCCCGGCGGCCTACAACAAGGGCGTCCGCGACGCCCAGGGCCGGCTGTCGGGCGTCATCGCCGACCTCGACATCGACTTGCGCGAGCAGGAGATGGGCTACTCGCTCCGCCGCCACGCCCCGGGCGGCCGGGGCCGGCACTGACCGGGTCGGCGCAACTCCACCCGCGCCGGGCCGAATACGGCGGGTCGCCGCCGGGCCGCGCGCGACCTCCCCACCCTCGATCCGATGTCCAGCACCCACTTCGAAGCGCACGACGGGCTCGACCGCCTCTCCTCCGACGAGCTCGAAGAGCAGGCCTTCGGGCCCGACCCCACCCGCAAGCGGACCCGGCGCGGGGGCTCGCGACGCTGGCGTCGGCAGCCCAAACCAGCGCCCGAACCTGCCGCGCTCGCCGTCGTCGCCGCGCCCCGCGCGCCCGCGTCCCGGCCCGTCGTCACCAAGTACTGCTACGCGTGCGGCGAGGAGATCGAGGCGAGGGCCGGCGTGTGCCCGACGTGCGACGTCCGCCAGCCCGAGGCGCCGGCCCGGCTCGTCGGCCGGGGCAAGGACAAGGGGACGGCGACCCTGCTCGCGCTGCTGTTCGGCGGCGTCGGCGCGCACCGGTTCTACCTCGGCCAGACCAAGTGGGGCGTCGCGATGCTCCTGTTCTGCTGGACGCTGATCCCGGTCGGCATCGGGATCGTCGACTTCGTGCGCTACGTGCGGATGTCGGACCGCCGCTTCGCCCAGCGCTACGACGGCGCCTCGCGGACGCTCCTCGTGCCGCCCCGCGAGCAGCGGATGCTGGCGCGGCCCGTGCGCGAGTCGGTGGAGATGGACGAGGACGAGGGGTAGCGTGGGCCTCGCGTTCGCCCTCTGTCTCGGCGTGGTCTCCGGTGTCTTCGTCCTCTTGGGCGTCCGCGAGTGGCGGGCGCCGGTCGACCTCGCGGACGACGACTGGGGGCACGAGGCGGGGTGGGCGGCGATGATCCGGGGCTACGCGGTGATCGCCGTCGTGCTCGGGGCGCTGGGCCTGGCGGTCGCGGTC
CP177357.1_gap8	434624	438761	4137	CCGACGACTGGTCGGAGGGCTCGCTGTGGGGGTGGCTGGCACTGCCACTTGTCGGCTTGGCGATGGCGGCGTTTCTGGAGTGGATGGTCCGCGTCGCCGTGTTCCGCCCCGGCGCGCCCGGCCTCAACCTGCCCAACAAAGAAGCCATCCTGGCGCTCCCACCGGAGAAGCGCGCGCCCGTGCTGGCCCGCGTGGCCGCGATGACGTACGCCACGGCGGCGCTGTGCGTCGTCGCCTTCGCGCTGATCCAGCTCGGCACGTGGGCCGAGGCGCACGGCGCCAGCGGGACGGGCTGGGTGCTGGCGGGCCTTGCCGTCGCCGTCGTGGGCCCGCTGGCGGCACTCGCGGTCGGGCTGGTGGCGATCCAGAACGAGGTGGACCGCCAGCAGGCCTAGGCGCGAGCGGACGGCGCCCGCCCGAACCCGTCCGCGGTCCTCCGGCCGCGGTCCTGGACTCCCCGGCCTTTGCCGAAGCTTCGCCAGCGAGGGCCGCCCGGTTCACGACGCCTCCAACGGCGGCGGGTAGCTTTCTGGCCTGTCCCCTCCGACCCGTCCAAGATGGAAACCTCCACGCCCACCGCGACCGGCACCGGCGACGTCCTCCAGGTTATCGGCCCCGTCGTCGACTGCGAGTTCCCCGCCGGCCAGGTGCCCGACATCCTCGACGCGCTCGAGATCGACCGCGAGACCGGCACGCTCGTCCTCGAAGTCCAGCAGCACCTCGGCGAGAACCGTGTCCGGACCATCTCGATGGACTCGACCGACGGCCTGACTCGCGGCACGCCCGTGCGCGGCACCGGCAAGCCGATCGCGATGCCCGTCGGCGAGGAGGTCCGCGGCCGCCTGTTCAACGTCGTCGGCGAGGCCATCGACGGGCTCCCCAAGCCGACCGTCTCGGAGTACCGCCCCATCCACGCGGACCCGCCGACCTACGACCAGCTCGCGACGTCCGTCGAGGTCTTGGAGACGGGCATCAAGGTCATCGACCTGATCCAGCCCTACGCCCGCGGCGGCAAGATCGGCCTGTTCGGCGGCGCCGGCGTCGGCAAGACGGTCCTGATCCAGGAGCTCATCAACAACATCGCCAAGGGCCACGACGGCTTCTCGGTCTTCGCCGGCGTCGGCGAGCGGACGCGTGAGGGCAACGACTTGATGCGCGAGATGCTCGAGTCGGGCATCATGACCTACGGCGACGCCTTCCTGCACTCGATGGAAGAGGGCGGCTGGGACCTCTCGAAGGTCGACATGGAGAAGCTCAAGGAGAGCCAGGCGACGTTCGTGTTCGGCCAGATGAACGAGCCGCCCGGCGCGCGTGCCCGCGTGGCGCTCTCCGGCCTGACGCTCGCCGAGTACTTCCGCGACCAGGGCGGCACGGACGTCCTGTTCTTCGTCGACAACATCTTCCGGTTCACGCAGGCCGGCTCCGAGGTCTCGGCCCTGCTCGGCCGCATGCCGTCGGCCGTGGGCTACCAGCCGACGCTGGCGACCGAGATGGGCACGATGCAGGAGCGCATCACGTCCACCAAGACCGGCGCCATCACCTCCGTCCAGGCCGTCTATGTGCCCGCGGACGACCTCACGGACCCGGCCCCGGCCACGACGTTCGCCCACCTCGACGCCACGACCGTCCTCTCGCGCGCCATCGCGTCGCTCGGCATCTACCCGTCCATCGACCCGCTCGACTCCACGTCGCGGATCCTGACCGAGGAGGTCGTCGGCAAGGAGCACTACCGCGTCGCCCAGGACACGATGGAGCTGCTCCAGCGCGACAAGGAGCTCCAGGACATCATCGCCATCCTCGGCCTCGACGAGCTGTCCGACGAGGACAAGCAGGTCGTCAACCGGGCCCGGCGCGTCCAGCGGTTCATGTCGCAGCCGTTCTTCGTCGCCGAGCAGTTTACCGGCACGCCCGGCAAGTACGTCAAGGTCGAGGACACCGTCCGCGGCTTCAAGATGATCTTGGAGGGCGAGCTCGACCACCTGCCCGAGGGCGCGTTCCTGTACAAGGGCGCCATCGAGGAGGTCATCGAGGCCGGCGAGAAGATGCTCGCGGAGGCCTAGAGGATTGTCGGTCGTCGGCGATCGGGTTTCTGATCCGCCGACGACCGGTCACCGATCACCGACCACCACTATGGCTGACTCCCTTCTCGTCGAGATCGTCTCCCCGGACCGCGCGGCCTACCGCGGCGAGGCCCGGGCCTTCCGCGCGCCCGGCGTCGAGGGCTCGTTCGTGGTCCTGCGCGGCCACGCCCCGATGCTCGCGGCCACCCAGACCGGCACCGTCGTCGTAACGACGCTGACCGGCGACCGCGTGTCGTTCGCGACGTCCGGCGGCTTTGTCGAGGTCCTGGACGACCACGTCATCATGCTGGCCGAGACGGCCGAGCCGGCCGGCGACATCGACGTCGAGCGCGCCCGGGCCGCCGAGGAGAGCGCCGCGGCGCGGCTCGCCGAGGCCACCACTCCGGAAGAGCGTGCAGCGTTGGAGGCCGAGCGCGACCGGGCCCGGACGCGCCTGCGGACGGCGATGGGCCAGGTCTAGGGCTTCATCCAGGGTTCTTGCCGCACCCGAATGCGGCGCGTACCTTGGGTCTCCGGCAGCGGCCATTCGTGGCCACACCGACTCGGGTTGAGCACGCCCAGCCCCGCCCTCCAGGGCGAGCTCCCCGACTGAGCGCCCGACGATTCGTCGTCGGGCGCTCTCTTTTTGTGCCCTCCTGCTGGCGTCCGGGGCGACTCCGAGCGAGACTGAGGCCATGCGATGGTCCGTCCCACAACTCCTGGGTGGGGGGTGCATCACCCTCGTCGTCGCGTTCGCCGTGATCGTGGTGGGTGGGATCGCGGCCCTGCGGCCGGACGTGACGGAGCGTGACCCTACGGTCCGTGCCCCCGAGGCGCCGCCTGCTCGCGTCGTCGACCTGCCGGGATGGACGGCGATCGTGCTCGATCCACCCGACGCCGACGGCCGCGTCCGGAAGACGTTTGGGACCGTCGGTGGCCTGGCGATCCGCGAGGCGGAGGGCGCGCTGCTGGTCCGGGGCCTGCGGTTCCGCAGCGGCGGGGGGGCGCCCGACACCCTGCCGACCTTACGGCTCGTACTCGACTCCCTCGTCGCGCAGCCAGCGACGCCGGCAGAATGGCGCGCGGCGGGTCCGGCAACGGGGGATTGCCCGGGTGCGTGGCGCGTCGAGGGAGACCCGTATCGAGACGCTTCGTCTCGTACTCGCCCGGCCGCCCCGGTCGCCGAGGCCGACCCCGACGCGATCGCCGGGGCTCACGTCGACGTGTCGAGCGGGGCGGCCGACGGGCGGTCGGAGGCGGTCGTCTCGGCCGCGGGCCCCCGAACGGACTGGTCGACTGGGCGGGTGGACCTCGACGGTCTCCGCTACCTCGACGTGGTCCCACTCGTTGAGGGCGCCCCGCACGCCGGACCGGTCCGCCTGCCCAAGGGCGCGGTGTGGGAGGCGCCGTGCTGGTCGCCGTCGGGCCGGTTCGTGGTTGTCCCCTCGCGGCCGAGCGTCATCCTGGGCCCGCCCGGCCCCGAGGCGGTGCGGCTCGCGGTGCTGCGCGTCGGGCCGTGACGGCGCGGTAGCTTGTGGGCGTCCCCCAACGCCCTCCCCGTGGCCCTTCCGTACACGCTCCGCGAGGGGCTCGCCGGCTTCCGGCGCGCCAAGCTGGCTGCCGCGACGAGCGTCGTGGCCCTCGCCATCGCCCTCGTCCTGATCGGCATCTTCGCCCTGCTCGGGTGGCAGGGCCAGAACGTCGCCGAGGCGCTCCGGCAGCGCGCCTCGGAGGTCGAGGTGTTCCTGGCCGACAGCGCCACGCCCGAGGCCGCCACGCGCATCGGCGACCGCCTGCGGTCGGTCGCCGGCGTCGACTCGGTCCGCTACATCTCGCACGAGCAGGCCGCCGCCATCTTCCGCGAGGCGTTCGGCGAGGAGGCCGACCTCTACGACGACGCCCAGTTTCTGCCGGCCAGCTACCGCGTCCAACTCGGCGGCGACTCCGCCAACCCCGACTCGCTGGCCGCCTTCGCCAGCCGCGTCGACGGGTGGACGGCCGTCGAGGACGTGGCCTACGACCGGGCCTCCGTCGAGGCCGTCGAGCGCAACCTCCAGCTGTTCTCGAGTGTCGGGCT
CP177357.1_gap9	444454	445318	864	CAAGGGCCCCAACCAGTTCAACCCGGTCCGCCACCCCGAGGCCGCGACCGCGCGGCGCAACCTCGTCTTGAGGCTGATGGCCGACCAGGGCGTGCTCGCGCGCGACGAGTCCGCCGCGCTCCAGGCCGACTCGCTCGGCGTCACGCTCCAGACGCAGCCCTCGACGTATAGCGCCGCGCCCCACTTCACGGCCGCCGTTCGCGCCGAGCTCCAGGACTGGGCGCAGGCGCGCGGCTACGACGTCGACCGCGACGGGCTCGTGGTCTACACGACGCTCGACATGACGATGCAGCGCGAGGCCGAGGCCGCCGTCGCCGAGCGCGGCGCTCGCTTGCAGCGCACGGCCGACGCCGAGTGGCGCCGGGGCGTCCCCCGCGCGGCCCTCGACGCTGCCCTCCGCCGGACGGTCGAGTACGCGAACGCGACCGACGCCGGGCAGTCCGAGGACGAGGCGCTGGCGACGGTCCGCAGCGACGCCGAGGTGGTGGCTCGGGCCGCCGAATCCGTGCGCCGCGTCGAGGCGTCGCTGGTGGCGATCCAGCCCGAGACCGGCGCCGTCCGCGCGTACGTCGGCTCGCGCGACTTCGCCGTCGACGAGTACGACCACGCGGGCGTCGCGCGCCGCCAGCCGGGCTCGACGTTCAAGGCCTTCGTGTTCGCCGGCGCCCTGCAACGCGGGTACGGCCCCGACGACGAGATCGAGAGCGGCTCGGCGGCCGTCGAGCTCGACGACGGGACCACGTGGCGCCCGTCCGGCGGGTCGTCTGGCGGGACGCTGGCCGACGCGCTCGCGTACTCCAAGAACGCCGTCACGGCCCGGCTGACGCAGGAGATCGGCCCGCACCGCGTCGCCCTCGTCGCCCA
CP177357.1_gap10	452043	455063	3020	CGGCACCTCCACGTCGACGCCGTCGCTGAGCCGCTCGTTGAGCGCGTCGCGGGCGGCGGTCCGCAACTCCTCCGGGCCCGTCAGCGCCACGCCGATCAGGAAGTCCATCTCGGCCCCGTCGCGGACCTTCCCCGTGGCGCCGACGATGGCGCGCATGGCCGCGAGGTCGTTGGGCGCGTCGAGTGTGCCGTAGACCTCGCGCAGGAGCGTCCCCGCGCCGAGCGCCCAGAACGCCGAGTCGGCGACGAGCGGGGCGGCGGTCGAGGCGCGGGCGGCGTCGCCGGTGCGCAGGGCGTCGGCGTAGGCGTCGTAGAAGCGGCGCGGGCCGTAGCCGCCGGCCTGCCACCGCTCGCCGAGCGCGCCGAGGGCGGCCGTCGCGAGGCGGGAGTCGGGTGAGCGGGCGTCGGTAAAGAGGCGCGTCAGGGCGGTCCCGTCGTCGGTGCGGGCGAGGGCGCGGAGCGCGGCTGCCTTGGCGAACGGGTCCGGCTGGCGGTCGGCCCACGCGAGGACGGCGGCGGGGTCGGCCTGGGCCACGGCTGGGAGCAGCGCGGCCTGCACGGTCCACGGCCGGTCGCCGTCGAGCGCCGCGCGCGCCAGGTCGAGCGCCTCCGGCCCGCCGGTCATCGCCAGCCCCTCGGCGGCGACCTGGGCCACGTGCGGGTTCGGGTCGTCGACGGCTCGGGCGAGCGCGCCGCGCGAGGGGACGTCGTCGCGACCGTCGAGCGCACGGGCGATCTGGACGCGCGTCTGCCAGCGCGTGTCGGTGCGGAGCGCCTCGGCCAGCCGGGCCGTGTCCTCGCGCTCGTCGAGGCGGCCGAGCGCCCGGGCCAGCGAGGCCCGGGCGGGGTCGCCGGCGAGCGCGTCGAACGCGACGCGGATCGCCGCCGCCTGCGCGCGCCACGCCGCGACGGGCGACCGGGTAAAGGCGTACGCGGCGTTGGCGCGGATCGCGGGATCGGGGTCTTGGAGGCGAGCGCTGAGGAAGGCCGCCCAGGCGTCGCTGGTCACGTCGCGCAGGCCGAAGCGGGCGAGCGCGAGCGCGCGGTGGGGCTCCAGGATGTCGGGGAGCGGCGTCTCCAGAACGGCGCGGAGGTCGGCCTGCCCGCCGACCTTGCCCAGCGCCTCCACGAGCTCCGCCAGCACGGACGCCGTGGCCTCCTGGCGCAGCGTGATCACGAGCGCGACGCCGGCCGACGAGTCCGCGGTCTGCCCGAGCGCGAACGCGGCGTCGGCGCGGACGGCGGGGACGGGGTCGTCGAGCAGGCGCCGAAGGCCGGTGATGGCTGCCTCGTCCTGCACGGACGCGAGCGCGAACGCGGCCCGGGCGCGGACGGTGCTGTCGGGGCTGGCGAGGGCGGTCGCCAGCGCGGCCCCGTCGCGGCGCACCTGGGCGTCGACGAGCGCCTGGAGGTCGGGCCGCGCGAGCAGCCCGTCGGCCGGGCGCGTGGTGTCGACCGTCGCCGGGGGCGGGGGGAGCGCGGTCGAGGCGCAGCCGGCGACGAGGAGGGCGGCGAAGACGAGGAGCGGACGCACGAGAGCTGTGGGGGACCGCCCGCCGACGTGCGGGCGCGATGAGTCAAACGGCCACCCGCGTCGGTTCGGGTGGGTGAGCCCGTCGAGTGGGAGAGGCGGGACTCGAACCCGCACGTCCTTTCGGACACCAGCTCCTAAGGCTGGCGTGGCTACCATTACACCACTCTCCCGAGAGCCGAAAGATAGCCGAGCCCTCGGCGGGCAGACCTCTCCTACGCCCCGCCCGGCGCCAGCAGGTCCACGATCGCGGGCGTCACGTCGAGCAAGGAGTGGCAGCCGGCAAACGCGCTCGCGCCGGGGCCCCAGGCGACGAGCGGGACGGGGTTCGTGGTGTGGCTCTTGGTGCCGAGCGCCTCGAGGTTGCCGTGGTCGCTCGTGATCAGCAGCGTCGCGTCGTCGGGCAGCACGTCGAGGAGCGCTGCGAGAAAGCGGTCGAGCGAGTGGAGCACGGCCGCGGCGCGGTCCGGGTCCTGGCTGTGGCCGGCCTTGTCGGTCAGGAAGTACTCCTGGAGCACGAAGGCGTGGGCGCCAAGCAGCGCCGCCAGCCGCCGCGCCGCCGCGGCCTCGGAGATCGGGCGGTGCGCGCCGTCGAGCAGCCGCGCCCACCCCGCGCCGGTGAGGTCGGCGGTGAGCGCGGTCCCCGCGAGCAGGTCGTCCGCCGTGCGGAGGCGGACGCCCGCCGACTTCGCCGCGAGTGTCGTGACCGTCCACCGCCCGCGCGCCTCCGCCGCCCGGAAAAAGCGGTCGGGGTAGGCGTTGCCGAACGCGAGTCGCTCGGCTGGAATCCCCGCTTCCACCAGTTGCACAAACACGCTGCGCTCGGCGACCGAGGCGCGGACGGTGGTCGGCGGGTACGGGCCGAAGTGGTTGCCGTGGGTCTGCGCGGCGTTGAGGCCGGTAAAGAGCGCCGATTGCCCCGTCCCACTCTGCGGCAGGCCCCCGACGTTGAGCGTCGCGTCGATGGGGACGAACGTCAGGTCGGACCGGCGGACCGGCTCGGCGCCCTCGACCCAGCGCTGGCCACCCCCCAGCCGCTCGAAGGCCGGGAGGTCGAGCGTCGCGAACGGGTTGTCGGGCTCGGGCCCCAGGCCGACGCCGTCGAGAAACAGGAAGAGGAGCATGGGGAAGAGAAGAGGCGCGGAGGAGCAGAAGAGAGGAAGAGGAGTTCAAAGGCTGTGGGACGGGCGGAGTCGGACCGTCGTGGGCGCCCCCTGCGATCCTCTACTCCTCTCCTCCTCTACGCCTCTTCTCTTCGTCAGGCGACCGTCTCGGCGACCGCACCGGCGTCATCGGCGGGCCGGGCTGCCTCGGCCCAGGGCGCGTCCGCTGGCGCCGGGGGGACGAGGAAGAGCGGGCGCTCGGCGTCGGCGGCCCAGGCCGCGGCGCGGGCCTCGTGCGAGCCCGCCGGCGGCGTGACCGCCAGCACGGCGCGGCCGAGCGCGGCCTGCACCATCGCCCGCTCGCGGTCGTCGTGGTCGAAGGGCCCG
CP177357.1_gap11	563500	566919	3419	CCCGCGTTCCGGTTCGACACCTTCGTGCGGCGGTAGTCCAAGCAAAAGCGGCCCTCTCGCCTCGGCGAGAGGGCCGCTGTCTAGTCGGGATGGCGGGATTCGAACCCACGACCTTCCCGCTCCGCGGGACGCGCTACCACGAGGCCGCCGTCTCCAATACACGCCGTGGGGATTTGAGCGCTTTCAGCGCTCGCTCCGTTCGGACCGCCTCGGCGCGTGACTCAAAGGGGCGGGAGGCCACGAGAGCCCAGGGCCCTCGGCTGCGAGTCGACGGCGTGTGCCCGGACCGGTGCTCATGGAGGCGGCGGTCGAGGTCGGCCGTCTGGCCAACGTAGAGCCGCCCTGTGCGCTCGGAGCGGAGAACGTAGACGTGACAGACCATCCCTCAAACAAAAGCGGCCCCCTCGCCGAAGCAAGAGGGCCACTCTCTGGTCGGGATGGCGGGATTCGAACCCACGACCTCCTCGTCCCGAACGAGGCGCGCTACCGGGCTGCGCTACATCCCGAGCTCCAACGGAAACCGCTGGCGGGACCCGAAGCTACGACGGCGGCGGCGGCACATCGCGCGAGGGTGCGGTGAAGCGCCCGAGAACCCGGAGGCCCTCGGCGCCGACGGCCCGCGGCGCCCGCTCGGATATGGGGCCGCCCCCCTTAGCACACCGGGAGGATCCTCGATACTCTGGGACGCCCCGCCGCTCGTTCCGCCTCGACGCCTCCATGGCCCCGACCGACCCCTTTCGCCTCTTCGTCGAGAGTTCGCCGACGCCCAAGGCCCTGTTCGACCGGCAGATGCGGTTCCTGGCGCACAGCCCGTCGTGGGGGGCGGACGTCGGGATCGAGCCGGGCACGCCCCTCCTCGGGCGGACCATCTACGAGGTGCACCCCCACGTCGAGCCGGAGTGGCGTCCGGTCTACGAGCGGTGCCTGCGCGGCGACAGCGAGCGGATGGACGCCGCGCCGATTGACGGGCCGACGGGGCGCAAGTGGGTCCGCTACGCCATCCAGCCGTGGCACGCGGCGCCGGGCGAGGTCGGGGGGCTGGTCATCGAGGCGGAGGACCTGACCGAGGAGGTCGCGACCGTCCACAAGCTCGGTCAGGACTCGCTGCTCCTCGACGCCGCGCTCGCGAGCGCGCCCGTGTTGGTGTTCGCCTTCGACGCCGAGGGGCGCATCACGCTCCGGCGCGGCCGCGTGCTCGACGCCGTCGGCAGCGGCCCCGACGAGTTCATCGGCGACCGCGTCGTCGACCGGTTCCGGGGCGACGACACGATCGCCGACGGGGTGGCCCGCGTGCTGGCGGGCGAGACCGTCCACTGGACGCTCACGGTCGCCGGGCGCGTGCTCGAAACGACCGTCGCGCCCCTGCTCGGCCCCGGCGACCGGGTCGAGGGCGGGATCGGCGTGGCGGTCGACGCTACGGCCCGGGTCGCCGCCGACACCGACCGCCAGCAGCGCGAGGCGCTCTTCGAGGCCGTCGGCGAAGCCGACGCCGTCGTGTGGGCGTTCGACGCCGACGCCCGGGTGACGCTGATGCGCGGCCGGCCGCTCGACGCCATCGGCATCGAGCCGGAGCGGGTGATCGGCGAGCGCGTCGATGTCCTCTACGCCGACTACCCCGAAATCCTGGACGGGCTCGCGCGCGTGCTCGCCGGCGAGCCGGCCGCGTGGGCCGTCGGGTTCGCCGACCATCGGTTCGAGACGTCCGCCCGGCCCATCGTGGACGACGACGGCGCCGTCACAGGCGGCGTCGCCATCAGCCTCGACGTCACCGAGCGCCACGCCGCCGACGCGGCCGCCGCCGAGCGCGAGCACCTGCTCGACACCGCGCTCTCGGGCGCGCCGATGGTCCTTTACGCCTTCGACGCCGCGGGCACCATCACCACCAGCCGGGGGCGGGGCTTGCGCGCGTTGGGCCTGGAGGACGACGAGACGGTCGGGGCTTCCATCTGGGACTTTATCCCGCCCGAGGAGCGCCCCGGCCACCCGTTCCACGACGTCCTCGCGGGCTCCCCTCAGTCCTGGACCGCCGACTACGGCGAGCACGTGATGGAGACGACGGTCGTCCCCATGGCGGGCGGCGGCGCCGTGGCGGTGTCGAACCTGGTGACCGAGCGCGTCCGCGCCGAGGAGCGGGCGGCGACCCAGGCCGCCCACCTCCGGCGCCTGCTCGCGACGACCTCCGTCGACGGGCCCCTCGGCGAGCGCGCCGGGGCCGTCCTGCGCGAGATGACGGACATGCTGGGCTTGCAGACCGGCGTGCTGGCGACCCTCGCCGATGGGCACTGCACCCTCCTTGCGAGCCACGAAGCTGAGGGCGAGCCGCTGGCGGTCGGCACGACGCGGCCCATCGGGCAGACGTACGGCGCCCTGCCCGTCGCCTCGGCCGCGCTCGTCGCCATCCCCGACCTCGTCGCGAGCGGGCTCGATCCGGCCGGCCGACTCCCCGAGGGGCTCCAGTCCTACGTCGGTGCGCCGGTCGTGGTCGACGGGGCGATCGCGGGCGTGCTCAGCTTCTGGGCGACCCACCCCACGGCTCCCTTTTCGGAGGCCGACCAGGACCTGGTCCGGCTCGCCGCGCTGTGGGCCGGGGCGCTGCTCGAACGGGACCTCCGCCAGCGCGAGTCCGAGGCGGACGTCGCGCGCATCGAGGCGCTCGCGGACGCCTTCGCGCTGCGCTCGGCCGACGACGTCGGCAAGGTCGGCGAGGTCCTCGAGACGCTGCGCGCCCAGCTCGGCCTCAAGACCGGCTTCTTCAGCCGGATCGACGAGGATGAGAACCGCCTCCAGGTGGTCGCGTGCGCGGCGCCGGAGGGCACCGAGCTGACGCCCGGCGACGTGTTCCCCCTCGACGCGACGTACGCGGACATCGTGTACGCGGCCAACGAGGAAGTGGTCGCCATCGACGAGATGTCGTCCTCGGAGCACTCCCGCCACCCGAGCTGGCAGAACTTCGGCCTCGAGGCGCACATCGGCGCGCCGGTCGTCGTCGACGGCGAGCGGTACGGGACGATCAACTTCTCGGCGACCGAGGCCCGGCCCCGCGGGTTCTCCGCCGCCGACCGCCAGCTCGTCCGGCTGGCGGCGCGCTGGGTGGGCGGCGTCGTCGAGCGGGACTTGCGCCAGCACCGGCTCGACGGGGCCGAGCGCCGCTACCAGGCCATCTTCCACTCGCAGTACCAGTTCCAGGGCCTCCTGACGCCGGACGGCACGCTCGTCGAGATCAACGACGTGGCGGTCGAGTTCTCTGGCATCCCGCGCGATGCGCTCGTGGGTCGCAAGTTCTGGGAGAGCCCCGTGTGGGACACCTCCGCTGACGCACGCCGGATGCTTCGCGACGCCATCGTCGAGGCCGCCGCCGGCGCCTTCGTCCGCTACACCGCCGAGGTGCGCGGCGCCGACGGGGCGATCGTCCCGGTCGA
CP177357.1_gap12	570532	573792	3260	GGGAGAGGCCGGGGTCCCGAGGCCCGGCCGACCCTCCCGCCGCCGCGGGAGGGCCGCGGCAGGCAGGGCGGGGCTGGGGAGCTTAAGTTCTTTACTATAAAGATGTTCTGCCCCCCAGATTCATGCTGGCCCTCCTCGCAGCCCTCGCCCTCGCCGCGCCCCCTGTCGTCCCCGACGCCCCGCCTGCCGGGCCCGACGAGCCCCGGGTGACCCTCACCGCCGCCCGCTCCAACTCCGCGCTCGACGGGGTCCCCGGCCAGGTCCGAATCCTGTTCGGGGATCAGGTCGAGATCACGGGGGAGATCGACAACACGAGCACCCTGAGCGGCGGGCCGTTCGACATCACCGAGGTCGAGATTGAGATCGAGGTCGTGCCCCTCGAGCTGATCGACGTGAATCCCATCTTCGTCGACGGGTTCGAGTCCGGCGACGCGACCATGTGGAGTACCACCTGCCAGCGGGGCGCGACGGGCGCCGGCGACGCCTGCTTCATCCGCCTGATCGTGGGGAACGTGGCGGCCAACGAGGTCCGCCCGTTCACGCTCACGCTCACGGGCCAGGCCATCGGGTCGGTCCGGCTAGACTGGCAGCTGACGCAGTTTGAGTTCGACCCCGACGGGACCAACAACGTCGCCACGACGGTCGTCGAGGTCGAGTCGGCTCCCCAGATCTCCGGCCAGAAGTGGTACGACCCCGACGGCGACGGCGCCCGCGACGACGGCGAGGGGCCCGTCGACGGGTGGCCGATCGACCTGCTCGCGGGCGACGGCTCGACGGTCGCCTCGACGGTGACCGGGCCGCTCGACCTCGACGGCGACGGGGCCATCGACCCGCTCGCCGAGCGGGGGATCTACGCGTTCCCGCTCCCCGCGCCCGGCACGTACACGGTCGCCGAGGCCCTGCCGTCGGGGTGGACGGCCGTGCCGGCCGGCGGCGTCCACGAGATCCAGGTGGCCGACCAGCCCGTCGGCGCGCTCGACTTTTTCAACCGCCCCGACGTCGCGCCCGACACCGACTGGGGCGACGCGCCCGACACCTACCTCACGACCGCGGCCGTGGGCGGCCCGGCGCACTTCCTGATGGGCTTCTTCCCGCCGATCCTGGGCGTCCAGGTCGACCCCAACGACGACGGCGTCCCGACGATCGACGCGTCGGGCGACGACCTTTTCATCCCGCCCGACCAGGTCGACGACGAGGACGGGCTCGTCGGCATCACGTTCGGGGCCGGGAACGCGGGCGAGCTGACCGTCGAGGCGCCCTTCGGCGGGACGCTCGACGCGTGGCTCGACCACGACGACGACGGGACGTTCAACCAGCCCGACAACCAGATCGTGACGGCCGGCGCGCTCGGGTTCGGCCAGACCACGTTCACGTTCACGATTCCGACCGGCGCCACGCGCGGCGGGATGTTGCGGTTGCGCGTCCACGACGTGCCCGGCGGCGTCGGCCCGGCCGGGCTCGTCGCCGACGGCGAGGTCGAGGACCACCTCACGCTCGGGCTCGACCTCGGCGACGCCAACCAGGACCCCCTCGAGATCATCCCCGGGATGCCGTTCGGCTACCCCGTCCGGATCTCGATCGACGGGGCCCGCCACCTGACCAACGACCTGGTCCGGATCGGCGAGCGCGTCGACGCCGAGACCGACCTCAACGTGGCGCTCGGCGCCGAGGTCGGGCTCGCCTCGAACACGGCGACGGGCGACGACAACCACCCCGACGACAACCAGAACGACGGCCCGCGCGACGACGAGGACGGCATCGCCTTCGGCGACGGGTTCGTCCCGTTCACGATTCAGCTCCCCGTCGGCACGGCCGAGCCGTCGGCCCCGAACCCGCTCACGCGCTACGGGCTCGTCGCCGGGACGACGGGCACGCTGACCATCTTCCCGAATGTCGACGGCGGCTTGGACGGGTGGTTCGACTGGAACCGCGACGGCGACTGGGACGACCCCGGCGAGCACGTCTTCGCGAACGAGCGGATCGGCCCGTCGACGCCGCCGCCCACGCTCGACGTGACGGCCCCGGCGACGGCCCCGCCCGGCTTCTACCACGCCCGGTTCCGGTTCAGCCGCAACGGCGCGCTCCAGCCGACGGGCGTCGCGCCCGACGGCGAGGTCGAGGACTACCTGATGGCCACGTTCGCGCCGATGGACTGGGGCGACGCCCCGGCGCCGTACCCCTCGGCCGCCGCCGACGGCGGCCCGAGCCACGCGGTCGGGCCGGTCCGGCTCGGGACGGCGGCCTCCGACGAGCCCGACGCGCTCGCGGCCGACGACGACGACGGCGTGACGCTCCCGGCCGTCCTCGGCCGTGGCGGCGACGCGACCGTCTCGGTCGTCGTCTCGGGCGACGCCCCGGGCGCGCTCTACGGGTTCGTCGACTTCAACGCCGACGGCGACTTCGACGACGCCGGCGAGGCCGTCCTCAGCGGGACGGCGCTCGCGGCCGGCACGCACGACGTGACGGTCGCCGTCCCGCTCGGGGCGACGCCGGGCCCGACGTGGGCGCGGTTCCGGGTCAGCCGCGTGCCGTTCCCATTTACGGCCGGCGGGCCGGTCGACGCGACGGCCGTGCCGTTCGTGACCGAGGGCGAGGTCGAGGACTACGCCGTCGAGATCTCGGCCAACCCGGTCGCCGACGAGCCCGCGCCCGACGAGACGGCGCTCGAGGGCGTCGGCCCGAACCCGGCGCGTGGGGCCGTGACGGTCCGGCTCGCGCTCGCGGCGCCGGGCGACGTCGGCGTCGCGGTGTACGACGCGCTCGGCCGGCGCGTGCTGCACGCCCCGGCGGGCGTGCATCGCGCCGGGCGCCACACCCTGCGGCTCGGCCTCGATGCGCTCCCCGCCGGCGTCTACGTGGTCGTGGTCGGCGCGGGCGAGGCCCGGTTTACGCGGTCCGTGGTCGTCGTCCGCTAGCGGCGGCGATGCGGGGGATGGAGACCCGCCGCCAGCAGGGCGGGGGAGAGGGACCGTCCGGCGCCCTGGGCTTCACCGGCCCTCCCCGCCCGCCTCGCTAGCTTCGTCGACTCCCTCCGCCGGGATCGCCCCCGGCCGCCGACGATGATCGAGATCCCCCGCGACCGCCACGCCACGCCCGCGACGCCCGACACCCCTGCCCCGGCCCCCCAAGACGGCCCCTACGAGCCCGAGGCCGTCGAGCAGGCGTGGTACCGGTACTGGGAGACCGGCGGCTTTTTCCACGCCGACCCTGACGCCGTCACCGAGGGCGGCAAGACGCCGTTCGTGATCCCGATGCCGCCC
CP177357.1_gap13	613799	617619	3820	GTGTCGCTGGCAGGACGTCAAGAGCCCGCGTGGCGAGACGGTCTCGCTGCTCGTCGAGGCGGTCGGCGACCGCGCCGCCGAGACCTACCGCGAGGTGCTCGGCGCCATCGCCGAGGTCTACGACGACGAGACGGCCCACCCCGTGGCCCTCGACCGGCTGCGGCTGGCGGTCACGCCCGAGAAGTTCGGCCCCGAGGTCCGCCTGCGGCACCCCGGGCAGCGGCGCCGCGCGCGCGCCAAGCTTTGGGCTCTCAACCTGATCGGTCGCGTCCTCATCCGGTTCGGCATCGAGACGTCCGAGACCGATTGGGCCCGCTACCCGTCCCTCTTCCGCGACGCCACCGACCACCGCAAGTTCGACGGCGTCCTGCGGATGGTGCTCGCGGGCTCCCCGGCCGACCGCGAGCGCCTGGAGCCTCTTCTGGACCGCCTGTACCAACAGGGCCGCCTCGCCTACGGCCTCCACGTCTCCGACCGCGCCGTGCTGACGTGCCTGGTCTACGAGCGGATGGGCCAGCAGGTCCACTTCGTCGACGGCGCCGGCGGCGGGTACACGCAGGCGGCCGTCGGGCTCAAGCGCCGCCTCAAGGCCCTGGCCTGACAGAGGGGGGCGAGAGAGACCTCGCGCGGGCTCCTGCCGACCCGCTGGGCCAGCGGGCGGATTTCCGCCAGCGGGGCTCACCCTGCGTCGTGCTCGGCAGGCCCCCCGCGCTCGGACGTGCAGAGGGACCGCGCTGAGAGGGGACGGCCTGCGCGCCCCCCAACTCGGGCAAGCACCCGGCTCGCGCTTACGCCGCCCCACGTAGCATCGATACCAAGCGTGCCTCCCGCACACCCCGATGGTCCTTACCGAGACCCGCCCGCTCGCCCGCCCGTCCGAGGCGCCCGCCGTCACGCTGGCCCGCCTCCGCCGCCTGCTCGACGTGAGCGTGGCGCTCAACGCGCTCGGCGACACCGACCGCCTGCTCGACTTTATCGCCCGGACGACGACCGAGGTCTTGGGGTGCGAGGCCGCCTCCATCATGCTCTTCGACGAGGCCACCGGCGCCCTCCGGTTCGCCGCGGCGACGGGCGAGGCCGGTGCCCAGCTCGTCGGTGGCGAGGTGCCCCTCCGCGCCAGCCTCGCCGGGATCACCTTCCTCGAGGACCGGATCCTGCACGCCGCCGACGCCGAGTACGACGAGCGCCGCCACCGCGAGTTCGACGAGGCCACCGGCTTCGTGACCCGGGCCTGCCTCTGCGTGCCGATGCGCGTCGACGGCCGGCCCGTGGGCGTGCTCCAGGCCCTCAACCCCCGCGGCGAGGCCTTCGACCGGGCCGACGCCGAGGCCCTGCTCATCATCGCCTCCCAGGCCGCCGTCGCCATCCGCAACGCCCGTCACGAGGCGGCCCTCCAGCGCGCCAACGAGCGGATGGCCGGGCTCGACCGGCTCAAGTCCAACTTTATGGCCATCGCCTCCCACGAGCTCCGGACGCCCATTACTGCCGTCCAGGGGTTCGGTCAGATCCTGGCCGAGGAGCTCCGCGGCGACCTCCACGCCGATGCCATCGCCGTCGTCCGCGCCGGCGAGCGCATGATGGATGTCGTCGAGACGCTCGACGTGATGGCCGGGCTCGACGAGGACCTGGGCATCCACCCCGGCACGCTCACGTCGATGGCCGCCGTGCTGGGCGCCGCGGCCGACGCCGTCGCCCCGGCCGCCAGCGTCTCCCTGCCCGACGGGCCCCTCCTGGTCGAGGGCCACAGCACCCGCCTGCAGCTCGCGTTCTCGAACGTGCTCCGCAACGCCGTCCAGTTTTCGAGCGGGGGCCCGGTCCGGCTCGCCGCCGAGGTGGCCCACGGCGAGGTCCGCGTCACGATCGCCGACCAGGGCCGGGGGCTCGCCGCCGCCGACCTCGAGCGGGTCTTCGAGCCCTACCACCAGGTCGCCGACCCCGACTCCCGCGACCACGAGGGCCTGGGCGTCGGCCTGACGGTCGCGCGCGCCGTCCTCCTCCAGCACGGCGGGCGGCTCTGGATCGAGAGCCCCGGGCTCGGCCAGGGCTGCACCGTCCGCGCCCGCCTGCCGCTCGCCGCCGCGGCGTAGCGCACGTCGGGCCAGGGGAGGACCTCAGCCCCGCTCGGCGAGGAGCGCCGCCCCCGACCCGGCCTTGCCCCGGATCCGGTCCAACGCCGCCCGCGCCGCGGCCCCCGCCGCGGGCGTCAGCCGGTCGAACCCGACGCGCATCGAGAACGCCGTCGTCGAGGAGGAGCGCTCGATGCTGGACCGGCCTCCGACACGAGAGAAGAGCACACTCACGAGCCCGTCCGTGTCGTTCGCCACGGTGATCGTTTGGGTCGCCCCGATGGGGTACCGGAGCACCTCCGTCCGCCCCATGAGGCCACGGACGACGACAGCCCGCTCATTTGTCACCGCGTACCGCGTGGACCGGAGCAGGGCCCGCGACAACGCCGGGATCCCGAGCACGAAGCCGACGGCGAGCCCCCCGCTCGCGAGCAGGAAGACCGCCAGGATCCCGCCCGCGCCCTCCATCTCGTCCCGGTTGGCCCACCCCATCAGCAGGAAGAACACGAACAGGACGGCCATCAGGTAGCCGGCCCGGCGGACCATGCGCACGGCCCGGGTCCCCGTCCCCGAGGGGTCGGGCTGCCCCTGCCAGAGCAGCGTCTCGTCCGGGCGGAGCACGTGGCGAGGGTCGTGCGGGTGAGCGGTGTCGGACATGGGGGCGACGGGAGGGCAGGGACGGACGCGACCGACGGCCTCCCAGCCCCGCCGCGTGGGCGATCGAGGGGGGGAGGCCCGCCCCTCCCTCCGCGCTCCGGTCCCCCGCCGGGTCACTGCGCCCCGCTCGCGCACGCCGCCCCGCCGGCGCACGTCCCCCACCCGTGCGGCCCCCACCTGCCCCCTGCAGGCGACGCACTGCCGCCAGCAGGGGAGGGGCCTATTCGGTCGCGTCGTCCGTCGCCGTGTCCACGGCCGGCGCCGCGTCGGCCGGCATCGCCTCCAGGCCCGCCTCCGTCGCCTCGACCGCCGCGTCCTCGTCGTCCTCGATCACCACGCGCGCCACGTCCGCGATCGCGTCGTTGGCCTTGAGCTTGAGCACGCGCACGCCCTGGGTGTTGCGGCCGTACTCCGAGATGTCGGCGACGGCCATCCGGATCATGATCCCGGCCTCCGTCGCGATCATCAGCTGATCGTCGTCGAGCACGCTCTTGATGGCGACGAGCCCGCCCGTCTTGGGCGTCGTCTTCTGGGTCAGGATGCCCTTGCCGCCCCGGCTCTGCGTGCGGTACTCGTCGAGGTCGGTCCGCTTGCCGTAGCCGCCCTCGGAGATCGTCAGCACCTGGGCGCCGTCGCGGCGGACCGTGATCATGCCGACCACGCGCTCGCCGTCGGGCAGCTTCATCCCGCGCACGCCCCGGCTCTTGCGGCCCATCGAGCGGACGTCGTTCTCGTGGAACCGGATGGCCTGGCCGTGCGAGGCGCCCAGCAGCACCTCGGTGTCGCCGTCGGTCAGCTTGGCCTCGATCAGCTCGTCGCCGTCGACGATGTCGATGGCGATGATGCCCGTCACCATGGGCCGCTTGAACGCCGCCAGCGCGGTCTTCTTGACCAGACCCGCGCGCGTGGCCATCAGCACAAAGTGGTTCTCGAGGAAGCCGTCCTCGGCGTCGTCGCGGAAGTCCTCCTTCTTGATCGCCACGACGGCCCGGACGCGGTCCTCGGGGTCGATCTGGATCAGGTTGCGGATCGAGCGGCCCTTCGCCGTCCGCGTCCCCTCCGGCACGTTGTAGACGCGGAGCCAGTAGCACTGGCCG
CP177357.1_gap14	625945	627633	1688	GCGCTTAGCCGAGCAGCACGCCGGCGATCGTCGCCGTCATCAGGTTCGCGAGCGTGCCCGCAAAGACGGCCTTGACGCCGAGGCTCGCGATCTCGCCGGTCCGCTCCGGCGCGAGCGGCCCGATCCCGCCGATCTGGATGCCGATCGACGACAGGTTCGCAAACCCGCACAGCGCGAACGTGGCCATCACGATCGTCTTGGGTTGGAGCGAGCCCGCGCCGAGCGCGTCCGCGAACAGGCTATAGGCCACGAACTCATTCGCGATCACCTTCGTCCCCAGAAAGCTGCCGAACGTGGTGATGTCGACGGTCGGGACGCCGATGAGCCAGGCGATGGGGGAGAGGACGACGCCCAGGATGCCCTCCAGCGTCAGCTCGGCGCCGAACAGGCCGGCGCCCCAGCCCAGGATGCCGTTGAGCATCGCGATGAGGGCGAGGAACGCGATGAGCATCGCGCCGATGTTGAGCGCGAGGTGGAGCCCGTCGGCGGCGCCCGTTGCGGCCGCGTCGATGACGTTCTTGGGGCCCTCGTCGACCAGGTCTTCGATCGTGGCCTCGGTCGCGAGGTCGCTGGCGGTCGAGGGCTGCGTGGCCTCGCCGGCGTCTGTCACCGGGACGACCGTCTTTTTTGTGTCGAGGTGGTCGGGGGCGGTGAGCCGGGCCTTTTCAGGGACCAGGATCTTGGCCAGCACAAGCGCGGCCGGCGCGGCCATCACGCTCGCGCCCAGCAGCTGCTCAGCGAAGAGCTGCTGCCCGGCCTCGACGGCGATCCCGGCGACGCTCGCGTAGCGCTCGCCCAGGAACGCGACGTAGCTCGCGAGCACGCCGCCGGCGATCGTCGCCATCCCGCCGGTCATCACGGCCATCAGCTCCGAGCGCGTCAGGTTCTTGATGTAGGGCTTGATGACGAGGGGCGCTTCGGTCTGCCCCACGAAGATGTTGGCGCTCACCGACAGCGACTCCGGGCCGGACGTGCCGAGGGCTCGCTGGACCACGAAGGCCACGCCCCGGACCACCCACTGCATGATGCCGAGGTAGTAGAGGATCGACATCAGCGCCGCGAACACGATGACGGTCGGGAGCACGTAGGCGAAAAAGAAGAACCCCAGCGAGCCCTCGGCGCCGGGCGACAGCGCCAGCGACCCGAACACGAACGTCGCGCCGGCCTCGACGGCGGACAGGAACGCCACGAACAGCCCGGCGACCGCCGCAAACGCGGCCTTCGGCCACCCGAACGGCGAGAACACCTCGGCGAGCGCCTCGCCCTTGAGGAACAGGACCGCAAACACGAGCTGGAGCGCCAGCCCGGCCCCCACGGTCCGCCAGCGGATGGCGCGGCGGTCGGAGGAGAAGACGACGGCGAGGGCGACGATGCCGGCGAGGCCGAGGAGGCCGCGGCCGATCGAGACGATGTCCATGCGGGGCGGGGGGCGAAACCGCGAAGATAGCCGGGGTCCGGCCGTACGCGGCCCGAGCGGCGGGCGCGGAGCGCGGGTGATCCATTTGTAGGTGGCAGAGAGGGCTCGTATCTGGCATCATGGGTTGGCGGCCCTGCTGCCCGCACAGAGAGCGGAGGGGCTCGCCTCCCTAGCCACAGACCCGATACGAGATGCGCAGCGCCCTCCGCCTTTCTCTCCTGCTACTCGCGCTCCCCGCCGCAGCCCAGCCCGATTGGCTGGCGTTCTTCCC
CP177357.1_gap15	703823	706082	2259	GGCGCTCGCCGAGCACGGCTGGGACGCGGTCGAGGTGCCCGAGCCGGCCGAGCTGCGCGCCCGGGCCGCCGAGGCCGACGCCGCCGCGCGGGTGCTGGAGACGGCCGAGGGCGCCCGCGCGACGGCCGCCGAGCGCGAGCGCCGGGCGCGCGAGACGCTGGGCGGCCACATCGAGACGGCCCCAACTGTCGACGTGACGGCGCTGGGCGACATCGCGGCGTTCGCCCAGAAGGCGGGCAAGCTGCGGAGCCGGGTCGACGAGTACCAGGCCCGGAAGTCGGCCGCCAAGGCACGCCTCAACGCGGTCCGCTTCCACGACGCCGACGAGCTCCGCCGCGCGGCCGACCTCTTGCGCCGGTGGCTCGCGCACACCACCGAGGCCGAGGCGCGGCCGCCCGGCCTCGCGCCGACCCCGATCTGGATCGCCGCCGGCGTCGTGGCCGTCGCCGCTGTCGCGCTCGCCCTCCTGCTGACGCCGTCGGCGTGGTGGCTGCTGGGCGCCGCGCTCGCGCTCGCCGTCGTCGCCGTCGTGCTGGGCCGCGCCGTCGACCCGCCCGAGAGCCCGGCCGTCGCCGCGCGCGACGCGTTCGGCGCGCTGCCCGTCGCGGCCCCGGCCGAGTGGTCGATCCCGGTCGTCCAGAAGCTGCTGGACACGATCGAGCGCCAGGCCGTCGACCAGAAGGAGCGGGCGATGTGGCAGGACGCCGTCGACGAACTCGACCGGGCGCTCTTGCTGCTCGAGGACGAGAGCCGCCGCCTGGAGGCCGAGGCCGCCGCGATCGGGGCCGAGCTCGGCATCGGGACGCCCGACACGCCGGAGGCGCTCCACCTGTTGACGCGGTCCGTGCTCGCGTGGCAGGAGGCCGCCCGCGACCTCGGCGTCGCGGACGCCGCCCGCGACGCCGCGCGTGGCGCACTCGCGACGGCGCTCGACCTGTTCAACCACGCCCTCGACGGCGTCCCCGTCGAGCCCGCCGTCGACGCGGCTGGGGCGGCCGGCGCCGTCGCTCGGGTCGAGCGCGAGACGGCCGAGCGCGACCGCCTGCGCGCAAACGCGGCCCGCCTCGACGACGCGGCCGGCGCCGCCGACGCCGCCCTCGACGAGGCGACCGCCGAGCGCGACGCGTTCCTGTCCGGGCTCGGGCTGGCGGAGCCCGCCGCCGAGGGCGTCGCGTCGTTGTGCGCGGCCCGGCCCGCGTATCGCGCCGCGCTCGACGAGGCCGCGCGCGCGCACGCGCTCGCCGACGAGGCGGCGACGCGCGCCCACTCGCACGCCCGGTGCACGCCCGAGGCGGCGGCCCTCGGCCGTGCGGCGCTGGCGGAAATGCTGGCCTCGGCGCAAGCCCGCGCCGCCCGGCGCGACGAGTGGATCGAAGAGAAGACCCAAATCCAAACCCTCGTCGCCCAGGCCCGGACGGCCGACGAACTGGGCGCGGCCCACGCCGAGCACGCCCGCGCGCTCGACGCGCTCGAGCGGACGTATGAGGAGCAGGCCGACGCGCTCGTGGGCCACGCCCTCGCCGACCACGTCGCCGCCGAGACGCGCGACCAGCACCTGCCGCAGGTGTTCAAGCGCGCCCGCGAGGTCCTCGCCGACATCACCGACGACCGGTTCCGGCTCGACTTCGACGCCGCGTCGACGGCCTTCCGCGCCTTCGACGCCCGCAAGGGCCGCGCGTTCGGGCTCGACGAGCTGTCGTCGGGGACCCGCCTTCAGTTGCTCCTCGCGGTGCGCCTCGCGTTCGCCGAGCAGCAGGAGGTCGGCGTGCGGCTGCCGCTCCTGCTCGACGAGGCGCTCGCGAACTCCGACGACGACCGCGCCGGGGCGATCGTCGAGGCCGTGCTGCGGCTGTGCCGCCAGGGCCGGCAGGTCTTCTACTTCACGGCGCAAGCCGAAGAGGTCGCCAAGTGGCGCCGGCTGGCGGCCGACCATTCGGACGTCGAGTGCCGCTTTCTGGCGCTCCCCGACACGTCGGCGCTCGTCGCCGTCGACCTCGACGCGACGCCCGCCCCGGCGGCGTCGCGCCCCGTGCCCGACCCGGACGGCGCCACGCACGCCGACTACGCCGACGCCGTGGGCGTCCCACCGTGGACGGCCTGGGACGATCTCGACGCGCTCCACGTCTGGTACCTGCTGAGCGACCCGGCCGACGTGGCGGCCTGCCTGCGGCGCGGGTACGCGACGTGGGGCCAGCTCCGCGCCGCCGTCGAGCGCGGGAAGCCGTCGCCCGTCGCCGACGTCGACGCGCTCGCGCTGTG
CP177357.1_gap16	782248	785152	2904	CCGAGCCCAGCAAGCTCTGCGCGACGGCCATCCCGTGCGCCGCCGAGATCGACGTGCTCGCGTGGCCGACGCCGAACGTGTCGTACTCGGACTCGGAGCGCTTGGGGAAGCCCGAGAGCCCGCCGTACTTGCGGTTCGTGGGGAACGCCTCGCGCCGGCCGGTCAGGATCTTGTGTCCGTAGGCCTGGTGGCCGACGTCCCAGACGAGCTGGTCGTCGGGCGTCTCGTACGCCCAGTGCAGGGCGACCGTCAGCTCGACCACGCCCAGGCTGGCGCCAAAGTGGCCGCCGTGGACGGCCACGATGTCGACGATAAAGTCGCGGAGCTCGTCGCAGAGCTGGGGCAGCTGCTCGACCGGGAGCGCGCGGACGTCGGCGGGGCTGGCGATGGTGGCCAGGAGGGGGCCGGGCGTGTGGATCGGGGCGCTCTCGGGCATACGTCGGGTCTCGGGTCGGCCGATGGGTCCGGGGGTAGACCGGCGAGGCCGGGGACCGGTTTCAACGGACAGTGAAAGGCGCCGCGAAGACGGGCTAGCGGGCGATCGTGAAGCGGACGGCCCCGGCCGCGGTGCGGACAGCGTACGTGCCGGGCGCGAGCTCGGGCGTCGCGAGCGCGCCGTCGAGCCGGGCGACGACGCGGCCCCGCGCGTCGACGACGACGCCGGTGACGGGCGCCGAGAACCGGGCGCCGCGCCGCCCGGGGTTGCCGAGCACGCGGAGCGGCGCGGGCGCGGGCCCGTCCTCGTCCGCCGTGTTCACGGGCCGAGGCGGGGCGTCGGCGGCGGCGGCGACCGCCAGCTCCAGCCCAGCGTGGTTGAGCCCGAGCTGGTTCCAGTGCGCATCGTCGGCCATGAGCCCGATCTCGGGGAACGTGTGGGCGTGGTCGCAGACGAGCGAGTACCCGGCCGCTGCCTCGCTGTCGGCCTGAACGGCGCGGACCTGCTCGAACCCGGGCGTGTCGCCGCTCGCGAGGTGGCCGATCTGGACGACGTAGATCGGGACCGGGTAGCCGGCGCGGGCCGCGAGCGTGTCCGCCAGCGCCGTCAGCGTCGCGCGGAAGTCCTGCCGGTAGTCGGCCGTCCGGATCCGGCCGCGGTCGATCTCGTGGGCGTCGGTCTCGCCCTGGATCCAGAACAGCCCGGCCAACCGGAGGGCAGGCATGCCGTCGGGGGCGTTCTCGAGGAAGGCGTCGAGCAGGTCGATGGCGAGCTGGAAGCGGTTGGGGCCGCCGCCGGCACCCGGCCCGAGCTCGCGCGCGCTCCAGTGGCCCCGCCCGCGGTCGGCGGCCGCCACGTTTGAGGTCCCCCCGAAGGCCGTCTGGAGGAAGGCGGTCGGCCGGCCGGTCCGCTCGGCGTACTCGACGGCGAAGGTGGGCAGCGCGGTCCCCCCGACCAGCGTGTTCGGGCGGACGGTCACGAGCTCGACGAACGGGCCGCCCTGGGGCCCGAGCGAGTCGGTCAGGACGCGGACGAGGTACGCCGTGCCGCGCGCCGGGGTCGGCGCCAGGGCCGGGTTGCCGCCGGCGCCGACCGCGTTCGACTGGCCCGCCATCAGGAACAGGTCCAGCGAGTCCGGGAACGCCGGCTGGGCCGCCGGGACGGCCGCCAACGCGAGCGCGAACGCGAGAGGGAAAAGGCGGAGCATGGGGGACCGGGGGCCGCGCCAAGGTATCCGACCGGCCGGACCTCCGCACACCCCGACGGGGTAGTCTCGGCGAATGCCTGCCCCACGCCCGTGCCCTCCGATCGCCCCGTCCGCGTCCTGTTCGTCTGTCTCGGCAACATCTGCCGGAGCCCGCTCGCCGAGGGCCTGTTCCAAGACAAGGTGACCGCCGCCGGCCTGGCCGATCGCGTCGTCGTGGACTCGGCCGGGACCGGCGGCTGGCACGTCGGCGCCCCGCCCGACCGCCGCATGACGGCGACCGCCGCCGCCCATGGCACCGACCTCGCGCGCTTGCAGGCCCGTCAACTCGTCCGCCACGACCTCGACGACTACGACCACGTCTTCGTGATGGACAAGGACAACCTCCACGACACGCTCGCCCTCAACCCCGACGGCGACCACGGCACGCGCGTCCGCCTCTTCCGCGAGTTCGACCCCGAACCCGGCGACTACCAGGTGCCCGACCCGTACTACGGCGGGGCCGACGGCTTCGAGACGGTCTACGCCATCGCCGACCGCACGACGGACGCCATTCTGGACCGGCTCCGCGCGGTCTACGGCTGGGGCACCTCGACCTGAGCCGTGCTGCCGTCGCCGCCCGGCTCGACGGACGCGGCGGGCAGGACGACGGTGATCCGCGTGCCGCGCCCCGGCGCCGAGTCGACGTCGACGCGGCCGTGGTGCAGCGCGACGATCTGCTGGACGATGGACAGGCCCAGCCCCGTCGACGGCTCGCCGGCCGTCGGGGTCGCCGCGAGCCGGGCGAAGGGCTCGAACATGCGCGCCTGGTCCTCGACCGGGACACCGGGGCCGGAGTCGCCCACGCACATCCACACCTCGTCGTCCGTCCCCCGCACGTCGACCTCGACCGTGCCGCCCCGGGGCGTGTACTTGACGGCGTTCGAGACCAGGTTGTCGACGACCTCGGTGAACCGGTCCACGTCGAGCCGGGCGAGGTGGCCGCGCGGGGCGCGGACGGCCAGGGTCTGCCCCTTGGCCCGGGCGCGAGGGGCGAACGGCTGGGTGGCCGCGTCGACGAGGGCGCCCAGGTCGAGGGGCTCGAGGACGACGGGGAGGTGGCCGCCGTCGAGCGCCGCCGTCACCAGGAGGTCGTCGATGAGCCGGAGCAGGCGCCGCGCCTCGCGCCCGATGTGGTGGGCGTGGTCGGTCACCTTGGCGGACCGGGTGGCCGCGGCGACGAGGTCGGCCAGCCCGAGCACGTTCGCCAGCGGCGTCCGGAGGT
CP177357.1_gap17	926807	928380	1573	GGTCCTGGCGGGCGAGACGTACCTCGGCCGTGACCTCCGCGAGCGGGCGGCGGCCGCCGACGGCGGCGACGACCGCGTCCCGCTGAGCGACCGGCTGACGGATCGCGAGATCGAGGTGTTCGAGCACTTCGGGCGCGGCCGCTCGACGCGCGAGGTGGCCGAGGTGATGGGGCTGAGCCTCAAGACCATCGAGTCGCACCGGGCCAACATCCGCCAGAAGCTGGGGCTGGGCGGCTCGGCCGAGTTCGTGCGCCGGGCCGTGCTTTGGGTCGAAGACCCCATGGGCCCGAATTGACGCCGCAGGGCGCCGGGTGACTTCACCGAGTCTCGGTGGAGGGGACGCTGCGGGCGGCCTGTATATTGGCTGCCCGGCCGTTCGCGGTCGGTGTTGGTCGAGTAGCTCAGTTGGTAGAGCAACGGACTGAAAATCCGTGTGTCGGCGGTTCAAGTCCGCCCTCGACCACCCTACGGCGTTGTAATCGCCGTTTGGTAGACAGCTTTTGCGCAGACTGCTGACGCATTGCTGACCCTCTGGACCCAAAAGAGGTACAACCGGAGGTACGGGGAGCCCGGAGGTACCGGTGAACCACCAATCGGGGGTTCCGGTCTGGAATGGGAGATTGAGGTGTCGAGAGGTCGGATTCCAATCACAAGAATCCGATTTCGAAATGAGCAGCCTCGTACGCGCGAGCAACCGCAACTACTACCTCCAGTTCTACGACGCCAGCCGGGAGCCGAAGAAAAAGTCCGTCCCCCTCAAGACCAAGAGCCGCCGAGTCGCCGAGAAGGTCCGCGTCCTCGTCGACGAGATGGTCCTCACCGGCAAGCTGGACCCCTGGGTCACCACCGACTTCCAGCGACTCATCCTCGGTCCCCAGATCGAGACGTGGGCGCTCCGGGACGGCATGGACGCCTTCGTCGATGCGAAGTCTTTGACCCGCTGGACACCGGCGACCCGGCGGACCTACGAGCAGGTCCTCGACCAGTTCGAGGGGTATCTCAAGGACCATGAGCCGTCCGTCCGGCTCGTCACCGACGTGACAGCGGACGTGATCTCGCGTTGGCTCGTCTCGACGAACGCGAACCCCACAACGCGTCGGAAGAACGTCCGCCACCTCAAGGCGTTTTTTACCTGGATGACCAAGGAGCGTGGGATGGTCGCGCCAGATGGCACCACGTTCGAGAACCCCGCCAGCGGGGTCGACCTCCCAAAGGCGCAGCAGCGCCACCCTCAGTACCTCACGCCGAAGGAGGTCGACGCGATCACGCAGGGGATTGATGCGTACCACGAGCGGGAGAAGCTCTCGAAGGACATTCGCTGGATCGCGCCGGTCATCCGGTGCAACGTCGAGCTAGGACTCCGGGCGGCGGAGGTCTGCGGGCTCCAGTGGTCGAACGTGTCGTTCGCTGATGGGGTGATCCGCGTCTACACGACGAAGGGGAGCACGGACCGGACCGTCCCGATGAGCCCGCACGTCACTGAGATTCTCCGAACGATCCGCGCAGAGCGCGCCGAGCATCTCGGCGTCCCAGAGGATGAGGTGCCCCGGTCGGACTACGTGTTCAAGACCTC
CP177357.1_gap18	977466	982329	4863	GCGGAGATCGACGCCGACGACATGCTCGACCTCAAGCAGGCGGGCTTCTCGGACGTCCAGATCGCGTACCTGACGGAGACCGAGGAGGGGCAGGTGCGCGAGCACCGGCAGTCGCTCGGCCTGCGGCCGACGTTCCGCGTGGTCGACACGTGCGCGGGCGAGTTCGAGGCGCTGACGCCGTACTTCTACTCGACGTACGACCAGGGCGAGACGGAGTCGACCCGGAGCGACCGCGAGAAGGTGCTGATCCTCGGCTCCGGGCCGAACCGGATCGGGCAGGGCATCGAGTTCGACTACTCGTGCGTCCACGGCGTGCTCGCGGCCAAGGAGATGGGCTACGAGGCCATCATGATCAACTGCAACCCGGAGACGGTCTCGACCGACTTCGACATCGCCGACAAGCTGTACTTCGAGCCGGTCTTCTGGGAGCGCGTCAAGGACGTGATCGACCTCGAAAAACCGGCGGGCGTGATGGTGCAGCTGGGCGGCCAGACGGCGCTCAAGCTGGCGCGCAACCTGCTGGCGGCCGACGTGCCCCTGTTCGGGACGCCGTTCGAGAACATGGACCTGGCCGAGGACCGGGGCAAGTTTTCCGGGGTGCTGGAGGAGCTCGAGATCCCGTTCCCGCCGTACGGCATGGCGCACACGGTCGAGGGCGCGGTCGAGGTGGCCGAGTCGATCGGGTATCCGATCCTGGTGCGGCCGAGCTACGTGCTCGGCGGGCAGGGCATGCGGATCGCGATCAACAAGGACGAGGTGGCCGACTACGTGGCCAACATCCTGAAGCTGTTTCCGCACAACGAAATCCTGCTCGACCGCTTCCTTGAGGATGCCATCGAGGTGGACGTGGACTGCCTGAGCGACGGCGACGAGGTGTGGATCGCGGGTGTGATGCAGCACATCGAGCCGGCGGGCGTCCACTCGGGCGACTCGACGGCCGTGATCCCGCCGTTCTCACTGTCGGACGCGACGGTCGAGGTGCTCAAGGACACTGTCGTCCGGATCGCGAAGCGCCTCGGGGTCGTCGGTCTGATGAACACGCAGCTGGCGGTGCAGACGGTCGACGGGGAGGACCACGTCTACGTGATCGAGGCGAACCCGCGCGCGAGCCGGACCGTCCCGTTCGTGGCCAAGGCGACCGGCGTGCCGGTCGCGGCGATCGGCGCGAAGCTGATGCTCGGCGCCACGCTCGCGGAGTTCCGGGAGGCGGGCGCGCTGGAGTCGTCGCTGGTCGGGTTCGCGGTCAAGGAGCCCGTCTTTTCGTGGGACAAGTTCCCCGAGGTGACCAAGGAGCTCGGCCCGGAGATGAAGTCGACCGGCGAGGCGATCGCGTTCGTGGACGACATCACGGACGCGCACATCTCGAAGCCGTTCGAGATGCGGAACCTGTACCTGTCGCGCTAGCGCGCGCGACGGGGGACCGGGGACCGGGGACCGGGGACCGGGGACGATGGTGCCAGCAGGTCGAAGCGGTGCGCCTGCCTCGACCTGCCGGCGGCGGGGCGAACGAATCGGGCGGTGGGCCGTTGACCCGGCGAACCCGCCTCCCGCACCATGACCGACCGCCCCGACGACACGCCCGCTGACGACCCGCTCGCCGACGACCCCGAGCTCTCCAAGGACGAGGCGCCGCAGGCGATGCACCTCTTTACTGAGCCGACAGAGCCCGACGAAAAGCTGGACCCGAACCTGGCCGCCTTCGACCGGGTGCAGAGCGCGAAAAAGGTCGATGAGGAGTACCAAGCCGAGTACAACCGGCGCTACGTGAAGGAGCACGGCGACCACCACGGGAACGAGCCGGGCGTCGGTGAGGACATCTAACGGACACGAGAACGGGGCGCGCGGCGGTTGGGACGCCATGCGCCTCGCCTGCCTCGCCGTCCTGCTCGCCGTTCCGGCTGTCGCGTCGGCGCAGCTCCGGATCCACGCGGCGGCGAGCGAGGCGCCAGCGGATGCAGCAGGATGGACGGCGGAGACGCTGCCGTCGGGCGAGCCCGTTTGGATCGGCCCCGTCGTGCTCGACGTGCCCGCCGACGGCGTCGAGACGGTCGGGCTGGAGGTGATCGGCGACCGGGCGGACGTGTCGCTGTGGCTGTCGCAAGCCGTGGCGCCCGCCTTGTTCGACGTGACGGCGGGGGCGGTCGGCGAGGTGCTGGCGGTCGTGGTCGACGGGCGCGTGGTGGCGGCGCCGGCCGTGCGGTCGGCGGTGCCGAACGGGCTGGTGCTGGTGACGGGCCTGCGGGTGGCCGAGGCGGAACGGCTGGCGGCCGCGCTCCGCGAGGCGGACCGCGTGACGATGGGGGCGCCGCATGGGGATCCGCCGGGACGCCCGGCGAGCGCCAGCGGGCTGGACCGGCCGGACGGGCCGTCGGCGCCGGCCGAGGCGGAGCAGGCGGCGCTGGCGTTCGTCGACGCGGTCGCCCGACGGGACTGGGTGGCGGCGGCGGACGCGCTCCACCCCGAGTCGACCGCGGCGTTGCGTCCTGCCGCGCTCGGGCTGGTCCGGCTCGACGGGGCGACGGCGTACGCCCGCGACGGCTTGCGGGAAGCCACGTTTCCGGTGTCGGGCATCGCGCCGGCCGGCTCGACGGACGCCTTGAGTGACCGCGACCTCGCGCTCCTCTACGTCGCGGCGCTCGACGCGCTCGGCGACTGGGGGCCGATGTGGGAGGGGCGCACCGTCGTGGGCCGCGTCGCGGATGTCGACCGGGTGCACGTGCTCTTGCGGCCGCGAACGGGGGCAGCAGGGACCTCCGAGATCGCCGTCGTCACGGTGCGGCGCGACGCGCAGGGCCGCTGGCGGGCGATGCTGACGGAGGCGCGGGGCTACTGACCCGCGCGCTACTCGTCGTCGTTGCGGTCGTGGAGCTGGAGGTCGATCTCGAAGGGGTCGAGGTCGAGGGCGACCTGCTGGACATAGCGGCCGCGCAGCAAGAGCGCACCGAGCGTGAGCGGGATGGTGGCGAGGGTCAGGGCCGTCGCGGCGAGTTGGCGAGTCGTCATCGGGTACGGGGAGTGGTTTGAGGGGTGTATGACGCGTCGCGGCATTTGTTCGCCGTCATGCGGCAATCGGGCGCTCCCCGAGGCCTGGGAGGGCCGATGCCTGAGACTTCACCGCGCGTCCCCAACCCGTTGGCGCGGCAGCCGTTGGCGAGGCACCCTCCGAGACTGCGATGAACGCGTTTGGACTCCCGCCCGGCACCCGTCCTCACGTCGTCGTCGTCGGCGCCGGCCACGGGGGGCTCGCGTGCATCGAGGCGCTGGAATCGGCGGCGGTCGACGTGACGATCGTGGATCGCAACAACTACCACAAGTTTCAGCCGCTGCTCTACCAGGTGGCCACGGCCGGGCTCGGGGCCGACGACATCACGCAGTCGATCCGCCACATCGTGCGGCGCCAAGAGAATGCGGATGTGTTGATGGGGCTCGTCGTCGACGTCGACACCGAGGCGCGCGTGCTGACGCTCGACACCGGCGACACGGTCGGGTACGACGCGCTCGTGCTGGCGGCCGGGGCGTCGACGGCCTACTTCGGGGTCGAGGGCGCGCAAGCGCACAGCTTCCCGCTCAAGAACGTGCCCGACGCGCTCGCGCTGCGGAGCCACGTGCTGTCCCAGTTCGAGGCCGCCGCGCGCGAGCCGTCGCGGGTGGGGGAGGGCGTGCTAACGGTTGTCGTGGTCGGCGGCGGCCCGACGGGCGTCGAGATGGCCGGCGCGCTGCGCGAGCTGTCGCGCGTGCTCGCGAAGGACTTTCCCCGGCTCGACGTGAAAGGGGCTCGCGTGGTCCTCGTGGACGGCGAGACGCTGCCGCTCGGCGGCTACGACCCGAGCCTGCGGACGTACACGGCCGACGTCTTGGAGGAGAAGGGCGTCGAGCTGCAGATGGGCCAGAACGTCGAGCGCGTCGACGCGCGCGGCGTGACGCTGGCGGACGGGTCGCGGATCGAGGCGCAGACCGTCGTGTGGGCGGCGGGCGTCCGGGCGGTGCCCCTCGCCGACGCCGTCGGCGTGGAGCAGACGAGGGCCGGGCGGATCGCGGTCGACGCGACGCTGCGCGTGCCGGGGCACGACCGCGTGTTCGTGATCGGCGACCTGGCGGGCGCCCGCGACGCCGAGGGCGAACTGTACCCGCAGGTCGCCCAGGTGGCCATCCAGCAGGGCCGGCACGCGGCGGCGCTCATTGAGGCGATGGACACGGGCGCTCGCGCGGATGCGCCGTTCGAGTACCGTGACCTGGGGCAGATGGCGACGATCGGGCGGAGCGCGGCCGTGCTCCAAACGCCCGGCGGGCTGACGATGACCGGGCTCGTCGCGTGGCTGGGCTGGCTAGCGGTCCACCTCGTCGCGCTCGTCGGCTTCCGGAACCGCATCTCCGTGCTGTGGAGCTGGTTCTACAACTACCTCACGTACGACCGCGGCCCGCGCCTCATCCTGACCGACGGCGGCGGGCCGCGCCCGGTGCTCGCGACGGCCCCGACGACCGGCGACGCACGGGGCGGCTCGCACGACCCGGCGCTGGCCGACGAACCCGGCGAGGAGTACGACGGCGCGGGGAACGCCTAGCGCTCGCCACCGTCACCCGGCCCATGACGACCGTCCACGACACCCCCGACCTCGCCGCCGTCCGCGACGCCCTCGTGGCCGCCGACCGCGTGGTGATCACCTGCCACCTCCGGCCCGACGGCGACGCCATCGGCACCGAGGTCGCGATTGCCCGCGCGCTCCAGTCGCTGGGCAAGACGGTCACCATCCTGAACGCCGACCGCGTCCCGCGCAACCTCGACTGGCTCGCCGACGAGCAGCCCACGGGGCTCATGCAGGTCTACGAGTCGGGCGACTTTGCCCAAGCCGAGGCCGTCTCGCA
CP177357.1_gap19	985180	987191	2011	GAGGGCGGGCGGCTCGCGATGGAGGCCGTCGCGAGCGCGGTCGACCTCGCGCTCGCGGGCGCCGTCGACGGGGTCGTGACGGCGCCGATCTCGAAAGAGGCTATCCAACTCGCGGGCTACTTGGTGCCCGGGCACACCGAGTTTTTGCAGGAGCGGACCGGCGCCGAGTCGGTCGTGATGGTGCTGGCGGCCGACCTCACGGCGGGCCCGCTGCGCGTGGCGCTCGTCACGATCCACGTGCCCGTCGCGGCCGTCGCCCACCTCGTCACGGGCCCGCGCATCGCGAGCGTGTGCCGGACGCTGGCGGCGGGGCTGGCGGACCTGGGCGTCGACGCGCCCCGCCTCGCGGTCCTGGGCCTCAACCCGCACGCGGGCGACGGCGGCGTCATCGGGCGCGACGAGATCGAGACGATCGGTCCTGCCCTCAACACGTTGCGCGCTGAGGGCCTGGACGTGACCGGCCCGTTCCCCGCCGACGCCTTTTTCGGGCGCGGCGGCTGGCGGCACGCCGACGCCGTCGTGGCGATGTACCACGACCAGGGGCTGGCGCCGTTCAAGGCGCTCGCCCAGGGCGCCGGCGTCAACGTCACACTCGGCCTGCCCATCGTGCGGACGAGCCCGGACCACGGGACGGCGTTCGACGTCGCCGGGAAGGGCGTCGCCGACGCGTCGTCGATGGCGGCGGCGATCCGGATGGCGGCGCAGATGGCGGCCCGGCGCGCGGCTCGGTGAGGAACCGGTCAGGCCTCGCGCCCGCCGTGCCGCGCCCGACCGACGGCGCGATCTTGCCCGCATGACCGACGCCTCGCCCTACGACGCCCTCGCCGCCGGCTACGACGCCGTGATGGCGCATGTCGACTACCCCGCGTGGGCGGCGTACGTCCAGAGCTTGATCCGTCGGCATCACCCCGAGGCCGAGACGCTCGTCGAGCTCGGGTGCGGGACGGGCGCGCTGGCGGTCGCGCTCCAGCCCCAGGGCCCGCCCCCGAGCGGCTACGACTACCGCGCCTTCGACGGGTCCGAGCCGATGCTGGTCGTCGCCCGGGAGGCCGCGCGGCTGTCGGGCCGCCGCGTCGCGTTCGCGCCGCTCCGTTTTGGCGAGCCGATCCCCGGCGACCCCGCGGATGTCGTGGTGTTGGTCTACGACGGGCTCAACTACCTCTTGTCGATCGTCGAGGTCGAGGCCCTGCTGGCGTCGATCCGCGACGCGCTCGCGCCCGGCGGCATCGCGATCTTGGATCAGTCGACGCCCGCGAACTCGGTCAACCACGCCGACGGCTTCCACGACGAGGGCGAGACCGACGCGTTTTCGTACGTCCGCACGAGCAGCTACGACGAAGACACGCGGCTCCACACGACCGGCTTCGAGTTGACGCTCGCCGACGGGACGGTCGCCAGCGAGACCCACGTCCAGCGCGCCTACACGCTCGACGAGGTGGCCGAGGCCATCGAGGCGTCGGGGCTCGCGGTCGAGGCCGCGTACGACGGCTTCGGCTCCGACGCCGCCGACGAGACGGCCGACCGCGTCCACTGGGTGCTCCGGCGGGCGGGCGAGTAGACCGGCACGAAGGACGCACGCCAGCGCAAGCGCTCCTGCGTTCCGGCGCTCCCCGGTCGCGCCTACCTTCCCGCTCCCCCCCGACCCCCGCCCGTGGACCCCGTCGTCGAACGCGTTTCCGATTCCGCCCCCGCGACGCCGCGCGAGCGGCCGCTCGTCGAGCTGAAGAACGTCGCGGCGGGCTACACCGACCCGTCCGGCGCGCGCGTCGAGGTCGCCTCGGACCTCAACCTGACGCTGAACCGGGGCGAGATGGCCTACCTCATCGGGCCGACCGGCAGCGGCAAGTCGACGCTGCTCAAGCTCCTCTACATGGACGTGATGCCCGAGTACGGGCTCGTCCGCGTGGGGCCGTACCAGTCCGACACCACGAAGTCGCGCGACATCCCGCTGTTGCGCCGGATGCTGGGGATCGTGTTCCAGGACTTCCAGCTGCTCCCCGACCGGAGCGCC
CP177357.1_gap20	989911	993129	3218	CTGCTCTCGGTCGTCCTGTTCGCCATCTCGACGTCGATCTCGTGGAGCTACTACGGCGACCGCTGCGCGAACTACCTCTTCGGCACGAAGGCCATCCTGCCCTACAAGGCCGTCTTTGTGGTGATGCACTTTGTCGGCGCCGTCCTCGCGGTGACGACGATCTGGGACCTCGGCGACGTGGCGCTCTCGCTCGTGACGCTCCCCAACGTGCTCGCGCTGCTCCTGCTCTCGGGCACGCTCAAGAAGCTGACCGACAGCTACTTCGAGCGCAAGCCGTGGGTCGAGAACGAGGAGGCCCACAAAAAGGCCAAGGCCGAAGGCCGCCTCTGAGGGAGGAGGAACGGGTGACGGGCGATGAGCCCGTCGCCCGCCTGTCCCCCATCACTCCGACCCCATCCCCGCCTTGCTCACCGTCGTCGACCACCCGCTCCTCCGCCGGGCCCTCTCCACGCTCCGCACCGCGTCGACGCCGTACGGCGACTTCCGGCGGACGCTCACCGACGTGTCGTCCATCCTGGCCTACGAGGCCCTGCGGACGCTGCCCGTCGAGGAGACCCGGATCCAGACCCCGCTCGAGGAGACGGCCGGCTACCGGCTGGCCCGCGAGGTCGTGGTGATCCCCGTGCTCCGCGCCGGGCTCGGGCTCGTCGACGGGTTCGTCCGCTACGTGCCGGAGGCCCGCGTCGGCCACCTCGGGATGTACCGCGACGAGCAGAGCCACGAGCCGGTCGACTACTACTCGAACGTGCCGCCCCAGGTGCGGGACGCCCGCGTGTTCGTGGTCGACCCCATGCTGGCGACGGGCGGGAGCGCCTCGGGCGCCATCAACCACCTCAAGAGCCGGGGCGCGCGGGACATCACGTTCGTGTGCCTGGTGGCCGCGCCCGAGGGCGTGGCCCGGCTGGAGGAGTACCACCCCGACGTCCAGATCGTCACGGCCGCCCTGGACCGCGAACTGGACGAGAACGCGTTCATCCGGCCCGGCCTCGGGGACGCCGGCGACCGCATCTTTGGGACGGAATGACGCTCGCACCGTGTAGGGGACTGGGGACTGGAAACGGCGGATGGTGGGCGCGCTCCCGATCCGTGTGTGCTCGGCTCGCGCTCGCCGTCTTGCTGGCGATCGGCGCCGGCGGCGTGCAGGCGCAGGACACGGTCGCCGAGCCGAACGCGTCCGCCGCGACGACGCTCGCGCAAGACGTCGGGGCGCCCCAGCCCGACTCGTCGGCCGCCGACGCGCCCGTCCTGCTCGACGCGCCCGCCGACGCGTACGGGGAGCCGTCGGTCGTGGAGGCCGCGCCGGCGGAGGACGCCCCGCCCGACGTCGGCTGGCTCTCGATCTTGCCCGCCCTCCTCGCGATCGCGGCGGCGCTCGTCTTCCGCCAGGTCATCGTGGCGCTGTTCCTGGGCGTCTGGCTGGGCGCCTGGATCGTCACCGGCGACCCCTTGATGGGCTGGGCGACCGGCCTGTTCGCCACCATCCAGACCTACATCCTGGCGGCGCTCGCCGACGACGACCACGCGGCCATCATCCTGTTCTCGATGATGATCGGCGGGACGGTCGGGCTCATCCAGAAAAACGGCGGGACGGCGGCGATTGTCGACACCGTCACCAAGTGGGCCCGGACGGCCGGGCGCGGCCAGTTCGCCACGGCCCTGCTCGGCGTGCTCGTCTTTTTCGACGACTACGCCAACACCCTGATCGTCGGCGGAACCATGCGGCCCATCACCGACCGCTTGCGCATCAGCCGGGAGAAGCTGGCGTACCTCGTCGACTCGACGGCAGCGCCCGTCGCCTGCCTTGCCTTTGTGACGACCTGGATCGGCTACGAGGTCGGGCTCATCGGCGACGCCGTCGACAAGCTGCCGGGCTACAACGAGGCGGCGTACTCGGTCTTCCTCGGGTCCATCCCATACTCGTTCTACCCCATCCTGGCCCTCTTCTTCGTGTTCACGATCGCGCTCACCAAGCGCGACTTCGGGCCGATGCTCAAGGCCGAGCGCCGCGCCCGCCAGACCGGCCAGCTGTTCCGCCCGGGCTCGTCGGCCGAGGCCGCCGAGGCCGAGAACGAGCTGCTGGAGCCACCCCCGGAGGCCCCCAAGCGGCTGATCAATGCGCTCCTGCCCATCGCCGTGCTCGTGGTCGGCGTCCTCGTCGGGCTGTGGATCACCGGGCGCGCGGCGGTCCTGGAGGGCGGCGGCGAGATGACCATCAAGAACGTGATCGGCGAGGCCAACTCGTACACGGCCATGATGTGGGCGTCGCTGGCGTCGGTCGTCGTGGCCGTCGCGCTGTCCGTCGGGCAGGGGATCTTGTCGCTGGAGCAGGCCATGGAGGCGTGGTTCGCGGGGATGCGCTCGATGCTGCTGGCGATCATCATCCTGATCCTGGCGTGGTCGCTCTCGAACGTCAACGACGCGCTCGGCACCTCGCAGTGGCTCATCGACCGGCTGTCGGGCACGCTGTCGCCCGGCATCGTCCCGGCGCTGGTGTTCCTGCTGGCCGCCGCGACCGCCTTCGCGACGGGCTCGTCGTGGGGCACGATGGGGATCCTGATGCCGCTCGTCATCCCGCTCGCGTGGGGCGTGCTCGCCGCCGACGGCCTGCACACGACGGGCGACTACACGCACATCATCTACTCGACCGTCAGCGCTGTGCTCGCGGGCTCGGTCTGGGGCGACCACTGCTCGCCGATCTCCGACACGACGATCCTGTCGTCGCTGGCGTCGCAGTGCGACCACATCGACCACGTCCGGACCCAGCTCCCGTACGCGATGACGGTCGGTGTCGTGGCCCTCCTGCTCGGCACGCTGCCGACGGGCTACAACGTGCCGTGGTGGGTGATGATGCCGATCTGCGCGGCCGTGCTGTTCGCCGTGGTCCGCTTCGTCGGCGAGCCCGTTGACGACCCCGAGGCAGTCGCGGAGGCGCCCGAAGGGACGCTCGTTGGGTAGGGACACCCCGCCGGCGCGTCCCTTAGGCGGTGCCGAGCCCTGTCACAGGACGGCAGAGGGATTTCCCAGGCCTGCAACGCCTCTGGGTAGGCCTGCAACGGCATTTCCAAGGCCTGCAGGGGCCGTTTCCAGGCTCGCGCGAGCCGTTTTGAGGGACGCAGTGACCCCGATTAGGGATTTGCCCCCACTTTGCGTGCCGTCGGTGCTTGCGGCCGGTGCCCGCGAGCCGCTCCGGAGGCGCGTCGGGGGCGGTCGCGCGTGGG
CP177357.1_gap21	1129463	1132381	2918	ACGACAAGCTCAAGTCGGTCAGCCGCGGCTACGCCTCGTTCGACTACGACTTTATCGAGGACCGGGCCTCGAAGCTCGTCAAGCTCGACGTGATGCTCAACGGCGACGCCGTCGACGCGCTGTCGACGATCGTCCACCGCGACAAGGCCTACGACATGGGCAAGCGGCTCACCCAGAAGCTCCGCCAGCTCATCCCGCGCCAGCTCTTCGACGTGGCCATCCAGGCCGGCATCGGCAACAAAATCATCTCGCGCGAGACGGTCAAGGCGCTGCGCAAGGACGTCACGGCCAAGTGCTACGGCGGCGACATCAGCCGCAAGCGCAAGCTGCTCGAGAAGCAGAAGGAGGGCAAGAAGCGGATGAAGCAGGTCGGCGCGGTCGAGGTCCCCCAGGAGGCCTTCCTCGCCGTCCTCTCGATGGAGTAGATGATGAGGGATATGGGATATGGGATGGAGGGATGGGCACGCCAGTGGTCGATGGTGTGTCTGCTCATGACTCTCGTCTGCCTCCTCCTCCCGCGTCCCTCTCGCGCCCAGACCGTCGTCGAGGTGCTCCAGCAGCAGCGCCGCGACGCGCGCGTGGCCGAGGTGCTGGCCGAGCGCGGCGACCGGCTGGCGCCCCGTCCGCTCGCCGAACTCGGGACCGTCGACCGTTGGACGCGCGCGTTTCTGGCCGTCGAGGCCGGGCGGCAGGCCGCCGTCGACAGCGCCCGGGCCGCCGAGGAGGCCCGCGCCGACAGCGCGATCCTGGCCGCCCGGCTCAACACGCTCCGCTGGCGGAAGGTGGAGCCCGGCGCGCAGGGCAGCTTCCTGGAGCAGTACCGCGAGACGTACTGGCTGGCGGCCCAGCCCCAGCGCGGGCTCGTCACCGACACGTCGGCGACCGCCGACCTCCGGGGGCTCTTGCAGGCCGCGTTCGGCGACCCGACGCGCAACGGCGACGCCCAGAAGCGCCACGGCTACGGCGGCTCCGAGTTTATCCAGTTCGAGTATTGGTTCGTCGTCAACGACTCGATCCCGATGCTGGCCCTCGACGTCGACGGGCCGTTCGGGCGCGGCCTCCTGATCGCCAGCGACGAGACGTACGCGCCGATCCTGCCCGCGCTCAAGGCCGACCTGTCGCGCCGCCTGGCGGCCGCCCGCCGCCCCGACCCCTGGCTCGACTACTACCACTCGTACGAGCGCGGCCAGTGGTTCCGGACCGGCTACAACGGCGAGGTCGGTCAGTACGCCGTGCCCGTCCGCGCGCCCCGCTGGGCCGGGCGCGACTCCGAGCGCTGGGTGATCCACCGGTAGCGGGGCGCCAGCAGCGGCGACTCCAGACCTCCCGTCCGCCGCGCATCCCGCCCCGTCTGCCCCCGTAGCTTCCCGCTCCGCCTCCCCCCGACGCCTTGCCCGCGACCGCCTCGCCCCGACGCTCCGCCAAGCCGGAGCGGCCCGTGCCCACCTTCCGCGACAACCTGTGGTACTGGGTCAAGGCGATCGCCGCCATCCTGCTGCTCCGGGCCTTCCTGGTCGAGCCGTACCGGATCCCCTCGGAGTCGATGGAGGACACGATGCTCGTCGGCGACTTCCTGCTGGTCTCGAAGGTCCACTGGGGGCCCCGGACGCCGGCCACGATCGGCATCCCGTTCACGTCCGTGTACCTGCGCGGCGTCGTGTTCCCCCAGGTGCGGCTGCCCGGCTTTACCGAGCCCCAGCGCGGCGACGTGGTCGTGTTCAACTACCCCGCGGGGCGCGACGTGGAGCGCGGCGTCATCCCGGCGACCGTGCCCATCGAGCGCCGCGCGCCCTACATCAAGCGGCTCGTGGCGCTGCCCGGCGACACGCTCGCCGTGCTCGACAAGATCTTGCACATCAACGGCACGCCGGTCCCGCTGGCGCCGACGATGAAGCAGCGCTGGACCGTGATCGGGACGGGGGAGACCGGTGCAAGCGCCCGGCAGCTCGACGAGATGGGGATCGAGCAGCTGCCCGGCTCGATCCTGCGCGACTCGACCGGCGTCATCCGCTACGACGTGTTCGCGACGCCGCCCGAGGTGGAAGCGCTCGCCGCCCGCGCAGACGTGGCCCGCGTCGAGCCGTTCATCTTGGACGAGCGAAACGTCGACGTGACGTACGGCGCCAACCCCGACCACGTCTCGCCACGCGTCGTCCCGATGGCGGGCCTGACGATCCCGCTCACGGCGGCGACCATCGACCTGTACGGCGAGGCCATCACCCGGCACGAGGGGCGCACGCTCGACTCCGACGGCGCGGGCGGCGTGCTCGTCGACGGGGCGGCCGCCACGAGCTACACGTTCACGCAGGACTACTACATGGCGATGGGCGACTTCCGCGACAACTCCGTCGACAGCCGCTACTGGGGGTTCGTGCCACACTCGCACCTGGTCGGAAAGGCGACGATCACGTTCCTGTCGTTCAAGGGGGACTTCCCGTTCGTCCGCCCGCTGCGCTTTTTCCGGCCCATCCCGTGAGGCGCCCCGCCGGACGGCCCGCCCCTGACGGCTCGTGATGCGCGACCTCCCCACGCCCCCGGATCCTGACCCGAGCGCAGCCGACCCGTCGCCTGGGGACGCGGGCGTGCAGGCGGGCCCTGTCGGACTCGGGGCCTGGTCGCCGTGGCCTGGCGCGGCTCCGCGCCCGGGAGCTGACGCCGCGTCGGGCGGTCACGTGGGGTGGACGCGGTGGCCGGGAGCACCGGAGCCGGCGGACCACCTCGCCTCGCCAGCCCCGGCCGACACGCGAGCGACGCGGCCCGAAGCGCTCGGCGCGTGGGTGCGCATCCTGCTCGGCGCCATCGTGTTCGCGCTCGCGCTCCGCGTGCTGGCGTTCGAGGCGTACCGGATTCCGTCGACGTCGATGGAGGACACCCTCCTCGTCGGCGACTTCGTCCTCGTCTCGAAGCTCCACTACGGC
CP177357.1_gap22	1159741	1162386	2645	ATGCCGGAGCAGCCGCCGCCCTTGACGCCGACGCGCAGGCCGTACTCGGCGGGGATCTGCTTGTTGGCGACGATCCGGCGGACCTCGGCCGCGGCGCGGTCGCTGAGGGAGACCGGGGGCGGGAGCGTCGGGGCGCCGGTGGGCGCGGTCGGGGCGATCGGGGTCGTGTTCATGGGTCCGGGGGCGGTCGTGTCGAATCGGAAACGGCCGCCGCTGTTCCGTCCGTGCCACCGGCCCGGGTGGATTCCTCGCGCAGCCACCGCAAGGTACGGGGCGGCCGGAGCGCAGAACCGCAGGAACGTCCGCGCTCGGGACCGCAGGGCCCGAGGCCCCGACGTGCGTGCGAACGATCCGCGCGCGGTCCGTTACTCCCGGGGCCGCGCCAGCACGACTGCGCCTCGTAGCGCCTCCGTCGTTCCCCCCTCGACGTCGATGGCTTCGACGAGTACGATGTAGATGCCGGCGCGCAGTGGGCGCCCGTCGTCGCCGGTGCCGTCCCACGTCAACGTCGCCGTCGACCCGCTGAGGCGACCCGGCTCGAGCTCGCGGACGAGCCGCCCGCCGCCGTCGTAGACCCGGGCACGGACGAGCGCGGCCTCGGTGGACAACGTGTACGTGATCCGGCCGGCCTCGCCGAGCGTCGGCGCGAACGGACTCGTGATCGTCAGACCCGCATCGCGCTCGACGGGCGTTCCGGCGATGGCGACCGAGTTGGGCGCCGACGGCGTGCCCCCGGCTGGCGCCAGCGACGACGACCAGTTGGCGGCCACGTTCGGATCTGCGCTCGCGTCCCGGCGCTCCAGGCTGATCCCGGTCGCGTCGTCGAGCTCGATGCGGTGCCACTCGGGCTGGTAGACCACCGAGTCGAGGACGGTGCCCGCCGCGCGCAGGACGATCGCCTCGCCGCTGTTCGACAGGCTGATGACGGTGCCACCGACGACCAGCGGCGCGTCGGGAAAAGCAACGCGGAAGCCGTCGGCGTCGCGGACGACGGCGACGACCTCTCCCGGCAGTAGCACGGCGGGCTCGTCCACAAGCGGATCGCCGTCCCCGTCGCCGTCGTCGAGCGTCACGCGATCCAGAGAAAAGACGCCCCCCGCCGACGTGTTGCGCACCTCGACGTACTCCCCCGCGCTGCCGACCGTCGGGTCGTACATGATCTCGGTGATCGCGAGGTCGCCGGCACCCGGCGTGTCGGGCGTGCCGACGAAAAAGCGGGCCGACGTGCTCGCGGTCGTGTTGCCCGCGAGGTCGGTCAGCCCGGAGACGGCGAGCGTGTAGACGTCGGGTTCGGCGAGGTCGCCCGCGAGCACCACCTCGACCGCCTCGACGCCGCCGTCCGCCGTATCGGTCGCCGTCACGCCAGCGACAGCCGTGGTCTCGACGGCGTACGCACCCGCGTTCGTCGCCGAGGCCTCCGTGACCGGCTCGGAAAACGCGACGCGCAGTCGGGAGGCTGAAAGCGCCGTGACGCGCGCGATCGCTGGCGCGACGGTGTCGGGCACAAAGTCGACCGTCGTGGAGCTGCTGGCGGTCGTGTTGCCCAGCAGGTCGGTCAGCCCCGTCGCGGTGACGGTCGAGGTCCCGGCCACCAGCGGGGCGGAGAGCGCGAGGGTGACCGTCGTGCTCTCAGGCGTGTAGCTGGCGTCGGTGACCGTCGTGCCGCTCACCGAAAACGCCGCCGCGGTCACCGAGGCGGGCGTAGCGGGCTCGTCGAGGGCAGCGAAAACGGTCCGGCCATCCGGGGACGCGGTCGCCGAGACGAGCGCGGGGCCGGCGACGTCCGGCATGAACTGGCTGTTCTGCGCGCCCGGCGTGCCGCCGCTCACGTTCGTCGTCGTGGCCCAGTTGGCGGCGACCGACGACGGCCCGTCGGGGTCCTTGCGCTCCAGGCTCGCGTCCGTGCCGCCCCACGAGGGGAGGTAGCTCAGCGCGTCGACCGTCTGGCCCAGGTACGCGAGGACGATGTCGTCGCCGGCGTTGTTGAGCGCGCTCCACCCGGGTTGCTCCACGAACGCGACGCCCGGGAAGACGGCCGCGAACGCCGCGCCGTCGTCGACGATCACCGCGTACCCGCCGGGTTCGACGAAGATGGCCCCCGTCGTGATCGGCTCGGGGTCGCCGGTCGAGTCGTTGAGCGTGAAGTCGCGCAGGTCGAACGGCTGGTCGGTCCGGTTGAACAGCTCGACGTACTCGCCGGGGTTTGCACCTGACGGCGGGTCGTACAGGAACTCGTTGATGACGAGGTCGCGCGCGGCGGGCACGGCGCCCTGCCCGAAAAAGAAGGTCGCCGTCGCTGACGTCAGCACATTCCCACGCACGTCCGCGATGCCCTGCACCGTCAGCGTATACGTCCGCGGCCCGGCCAGCGGCGTCGCGAGGGCGAGCACGACCTCGGTCGGGGCGTCGCCGATCATCGCGAGCGTAGGCGTGCCGATCCCGCCGTCGAGGCTGTAGTTGCTGGCGGTCTCCGCGCTGCTGGCGCCGACGGGCTCCGAGAAGGTGACGAGCACGGTCTGGGCGTCGAGGGCGTCAGCCGAGACGAGGGCGGGCGGGTCGGTGTCCTGGGCGAAGACCGAGTTCTGCGCGCCCGGGGTGCCGCCGGACGGGTCCGTCGAGGTCGCGAAGTTGCTGGCCTGACTGCT
CP177357.1_gap23	1206481	1208658	2177	CGGTCATGGAGTAGAGGCCCTCGGCGTGGAGGGCGACGAAGCGGGAGCGCTCGGTCATGGGTCGGGTGTCGGTCCAGGGCACGGCGGTGGGGGAAGGCCATGCCAGGGTGAACGTGGCTGTCACCCATGTGCCCGGTCCGAAGTGTTACCCATGTGGCCGGTCCATACACATAGGCGGCATAACCCACCGCTGCAGGCCGACCCAAGCGCCAGCACTCTCGGTTCCGCCAGCCGTCGGCGTATTCTGTGCTCCGCTCCACCCGCCAGGCCTCAGCTTGGGGCGGCTGAGCGGTCCACTGTTACACGGCGTTGAATGCGCGTGCAGTCGTCCGGTTAACTTGGCTCTTCCAAGCAGTGCCGACATGAGACAGCTCATCGATGTCACCGACCGAGAGACGAGGTTGACGCAGCAGGCGTCCGCCGCTGTCGCGTCTGCACTGGGAGCAGTTGGTATGGTCATACTCGTCACCGACACCGGCCCCACCGTAGCTGCATGGGCCGCGCTCCTGTCTGCATTCGCGCTCCTCGCTCTGACGGCGAGCATCCGCCAGCGGTGGGAGATCGACTACAAGGGACACCGGATTCGGTTCGAGAACAGCGCCGTCTTAGCCGAGCGCATGTACCTAGATGAGGGCCTGGTGGCACGGGGCGGGTTGGGTAATAAGATTGAGATGCGAGCCCCTATACGAGTCGGCGAGGGGGCAGGTGAAACCATCGTGGCGTTGGTAGACGCGGGCCTTCTCTCGTTTCGACTTCGGCTGTTCGTAGAGCAGTCGGAGCCAGTCCCTGAGGATGCCGACTTCGCGGACTCCGGGGGCCGAGCTACCCTGGTCACGCCGCCCCCTCGCCCTGGCGTAGGCGCGGCACGCCTAGTCACGGACTCCGCTGTGCTTGGGAGCGCAGCCGTCGCTAAGCAGGTCATTGAGTTTCTAGCAGCAGTAATTGGACTCATAGGCGGTATCAGTGCTCTGGTCGGCTGGCTGTCTTGACGACTCACGGTGCTCGGCGCCGTGAAACCCACCGCTGCAGGCCGACCGAGAGGGCCAGCGTTCTCGGCTCGTCCGATCGCCCGCGCAGTTATAGCTTCGTCCCAACGCTCTGCCCTCACCACTCGGCGGCTGAGCGGTCGACTGTTCTGCGGCTCTACCAGCTTGATCGCTATCTACCGTGATGATCATGCGTGACTCCTGCTCAAACCTGTTCATCCTCTGCATGGCCGGGGTCTCCTTCTGCGCCGCTGCCACGGTGGAGGCGCAGGACCTTGCCGAGCGAGCCGACGCGCTCCTTACCTCTTACCACGACACAGGGCTTTTCAATGGGGCGGTCCTCGTCGCCGAGGGGGATAGCGTGCTCTACGCGGCCGGATTCGGCGAGGCTGATATGTCCTGGCAGATCCCGAACACGCCCGAGACAAGGTTTCGAATTGCCTCGGTCACGAAGCAGTTCACGTCCGCCCTCGTTCTCCAACTTGCCGAGGAGGGTCTCGTTGACCTCGACACCCCCGTTAGGGCGTACCTCCCTGAATACCCAGCAGACCAAGGAGACCGGGTCACGGTCCGCCACCTCCTCACACACACCGCGGGCATCCCGAACTACACGGGCCTCCCGGAATGGGACAGCATCAGGCGCGACCCATTTGTGGCTGACTCGTTCATTACGGTGTTCTCACGCCTCCCCCTGGAGTTCGAGCCAGGAAGCCGATTTCGCTACAGCAACTCGAACTACTTCGTCCTCGGCGTCCTCGTCGAGCACGTGACGGGTCAGTCCTACTCGCGCGCCCTCAGCGAGCGGCTCCTCGGCCCGCTCGGTTTGGACGGATCGGGGACGGCGGACGACGCCCGTGCCCGTGTGGTCGAGGGGGCGGCACGCGGGTACGTCCGGGTCGCGGGCGGCTTCGCCCCCGAGTCGTATGACAACCCGAGCGTGCCCTACGCGGCCGGGATGATGTACTCGACCGTCGGCGATCTCTTCCGTTGGACCCGAGCGCTCCACGGGGGCCAGGTGTTCCGCCAGCCCGAGACGCTGGAGACGATGCTGACGTCGTTCGAGGGGACGCGGTATGGGTACGGCTACGGGATTTACTCGATCCCCCTCGCGCTCGACACCGACACCGTCCGGGTCGTCGGTCACAACGGCGGCTTCGGCGCGTTCCGCTCCGAACTCCGCTACGCGCCAGA
CP177357.1_gap24	1210265	1215103	4838	TTACGGGGGAGACCTAGGCGAGCGCATCGCTACGCACGTGGAAGGGCTCGGCGGATTCCTGACGCCGGACGACTTCGGACGTCACACGGCCGAATGGGTCGAGCCTCTTTCGGTCCCGTACAAGGAATACCGGCTCTGGGAGCTCCCCCCCAACGGCCAGGGGATCGCCGCGCTCGAGATGCTCCGCATCCTGGAGCCCGTCGACCTCGCCGCCATGGGCCACAACTCGGCCGCCTACCTGCACCACCTCATCGAGGCGAAGAAGCTGGCCTACGCGGACCTCGAGCACTTCGTCGGCGACCCGGAGCACATGGCGGCCACGCCCGAGCAGCTCCTCGCGGACGGCTTCATCACTCAGCGCCGGGCACTCATCGACCCCGACCGTGCCCTACCACGCGCGGACCCCGACACCTCCCTGACGACGAGCGAGACGACGTACCTCACGGTGGCCGACGCCGAGGGGAACATGATCTCCTTTATCCAGAGCCTGGCCGGGGGGTTCGGGTCGGGGGTGGTCGTTCCGGGGACGGGGTTCGCGCTTCAGAATCGGGGCGTCGGGCTCTCGTACGAGGAGGGCCGGGCGAACACCGTCGCTCCCGGGCGGCGCCCGTTCCACACCATCATCCCGGGGTTCGTGACACGGGCCGGCGCCGACGGCGAGCAGGAGCCGTGGCTCAGCTACGGCATCGTCGGGGGGCCCCAGCAGCCGCAGGCGCACGTGCAGGTCTTGCTGAACATCGTCCTCTTCGGCATGGACGTGCAGCAGGCCCTCGACGCCCCCCGCTTTCGCCACTGGCGGAAGAACCGGGTCAGCTTCGAGTCGTCGATCCCTGAGGAGGTCGTGAGCGAACTCCGGTCCATGGGGCACGAACCCCAGAACCCCCTGGGAGCGACGGCGCAGACGATCTTCCTGGGCACGAACCGGGGCCTCGTGTTCGGCGGCGGCCAGGCGGTCATGCGGAACCCCAGAGGGTACGTCGCGGGCTCGGACTCACGGAGGGACGGCGTGGCAGCGGCCCACTAGAGCGCCAGAACGTCGGGCCGCAGAACCCGCCACTACAGGCCGACGTGGGGCTTCAGCGTCCCCGGCCCGTCCGACCGCCGTCGTATTCTATGCCTCGTTCTACCGTCTCGGTCGTTGCCCCATGCGGCTGAGCGGCCAACGGCTACGACTCTTGCCACCGCCTCCATTCCCCATGCGAACGCTCGGCGCCATCGTGGCCGGAACGGCCGTCGCGCTCGCCGTGCTCTACATGGCACTGGCGGTCGTCGCCCTCGTCGTGGAGCCGGGCGACACCCCCAGGCACTTGAGGTCCTTCGGTCGTCTCCTCCCCAGTCTCGGGGCGGTCTGCCTCCTCTACTTCGCCATCGCCTCGTTCGCCGCAGGGAGGGCGTCGAAGCCCCGGTCGGCGCTCGGCGTCGGCGCGGTCGTAACAGGGGCGGCGTGTGCGCTCTGGCTCGCAGGCGGGATGTTCGCGGAGAGCGTCCTGGAGATTTGGCTGGTGGCTCTGGTGGGTGCGGTCGTGCTCTCGACGTCGCTGTTGCTCGGGTCGGAGGTGGTATACCGGGTCGGTGCGTGGGGGCGCGGTGCTGAGGAGGCCTGACTCGCCGCTGCAGGCTGACTCTAGGCGCGGGCGCTCACGGTCCCGCTCACCGTCACCGTCAGTCATCGCTTCGACCCACCGCTGTGCCCCCAGCTACGGGCAGCTGGGCGTCCAACTGTTCTGCCGCGGTACGGTATGCGCTCCTCAACTCTTATCCCCCTGCTCGCGATCGGCGGGTGCTCGCTCGTCGGAGAGCCGGCACCGGAGCGCGAGGTGGGGGCGGCGATCCAAACGGACGCCCTCGTCTACACCGCGAGATACGAGGGCGGGGAGGGGACGTACCGGCAGTACGGGTTCGACGTCGTGGCTCGCTTTGCGAACCCGACCGCGGACACGGTCTATCTGGGCCGCGCCTACCCGGACCAACCCCGGCCGGACTACGGCGTCCTCCTCGTGAACGACGAGGACGACTGGGGCTCGGCCTATGGCGGCGCCATCTTTGGCGTCGGGCACGACCGCCAGATCGCCGTCGCGCCGGGGGAGGTGCGCGTCGACACCCTGCGTCTGCGAGGGCCGAACGCTTGGGACGGGATGACCGACGAGCCGTTTGGGCGACTCGAAGGCGAGATGCGGCTGATCTACGTCCCGCAGGGGTGCAGAGGCGACGGGGCGTGCCGCCTCCCGCGCTCGCTGGCGACGTTGAACGTGTTCCGGGTCGGTCTGGAGTAGACCTAGACCTCTTGCCGCACGGCAGACCTCGTTCCTGCGGATCGGCACGGCACTCTGGTGGTCCTGCCGCGTCCAGCCACCCGCGACTGGATTGACGCGCTCACCGCTCGGCCCTGATGTGCGGCCGAGTGGTGACCTGTTCTGCCGTGTCCGTTTCGAATCGCGTACGGTGGAGGTGGTGGATGGCCTGGACCGGCTGGCTCGCGAGGTCTCGTAGCCCGATGCCGGGCGGGTGGAGGGCCGCCGGGGGGCGGATCGGGACCGTTCCGTCTGGGATGCCGACCGGTGAGCCGGCCTGCGGCCAGCGCCGGCGGTCCGGCGATTAGGTTCGGCGCAGTCCTCCTGGCTCAGACGATGATCCGGCACCTGCTTCCCGTCGCGCTCCTCGGCGCCCTCCTCGTAGGCTGCGACACGCCCCCGGTCGAGACGGTCGAGGGCGGCGGGGTCGCGACGGCGCAGATCGACGGCCGGCCGTACACGTTCCGCGTGTTCGCCCAGCCCAGCGCGTATGACCCGTCGGAGGTCGTGCTCCGAGCGTACGCCGACGAGCTGTCGCGGGCGGTCATGCTCACGTTCCGGCCCGCGCTCGGGGCGGTGGCGGTGAACACGGCGATGACGGGGTACTGGGACCTCGGGCTGTGCACGCCGTCGGACGCCTACGTGGTGGCCGGGGCGGGCGATGCGACCGTCCGGGTCACGGAGCAGGGCCCGAGGGCCCTCCGAGGCACGTTCTCGCTCCGGGTCCAGCGTGAGGGCGACCCGACAGACGTGGTCGCCATCACGGACGGGACGTTCGACGTCGAGGTGGGAGGCGAGCCGTTCGAGTACTGCATCGAGGGGTGAGCGCGCCGCCGAGGCGGGGGCCTCGGGGCGGGCTCGTCGCTACTCGGCGGGGGTGAGCGTGAGGCGGTAGACGGTGGGGCCGGGGAGGAACGGGGAGGGGCGGCCCTCGGCCCAGTCGTCGTGGCCGGCGCCCCAGTAGGGCGAGAGGAAGTGGCCGGCCTGGCCGCCGGGCATGTGGAAGATGCCGCGCTCCTCGAAGCCGGGCGAGACGACCATCCGCTGGCTGGCGCCCATCGAGGGGCCGGCGACGCGGGGCATCCGGGAGTCGCCGCGCTGGGGCGCGGAGGGCATCCGCAGGCGGCCGCCGATGCCGGGCAGGGCGTCGGCCATGGGGTGCGCCATGACGAGCGCATTGTCGTCGGCCCACGCGGTGTCGAGGTCGCCGCGCGCGACCTCGGCGGCGGCGTCGAGCAAGAGGGCGTCCCACGAGGCGTGGCCGGGGGGCAGGAGGTGGGCGGGCTGCTCGGTGACGAGCGCCCAGACGGCGGTCTCGTCGCGCGCGGGGTAGCCGGCGCGGGGGGCGAGGGCGCGGACGGACGCGAGCAGGGGCGGCAGGGTGCGGTCGACGACGCCGTCGCGGAAGCGGCGGACGAGCCGGTAGCCGGCGTCGTCGGCGTGGCCGCTCCAGTCCTCGACGGTGCGGCGCAGGGCGTCGAGGTCGTCGGTGGCGGGGGCGTCGGTGAGGGTCGTCCGCAGGAGGTCGCGCCACCGCGCGTAGAACAGGGCGCGGTCGTCGAGCTGGATCGCCAGCAGGTCGCGCTCGTCGACGGGCGGGGTCAGGGCGGCGAGGCCGTCGCGGATCTGGCGCGCGCGGGCGCCGTGTGCGTAGTTGGCGTCGCCGATCGCGGCGAGGGCGTCGCCCGAGGCCACGCGGCTGTTGGCGGACCACAGGCGGCCGTCGGCGGGGTCAACGATCCGGGGGACCTCGTCGGGGCGGAGGAACCGGTCCCACCGCGCGTTCGGGTCCGTCGAGTCGACGGGGCGGCGGCCGTCGCGGCCGACGCGCAAGGGGATCTGCCCGGCGATCGTCCAGCCGATGCGGCCGGCGCGGTCGCCGGCGACAAAGTTCTGGGCGGGGATGCCGGAGCGGTTGGCGGCGTCGAGGACCTCGTCGAGCGTCGTCGCCGTCTCGGCGTCGAGGAGCCCGAGGTTGGTGGCCTCGGGCCGGTGGGCGCCCCACTGCATGGCGTAGCGCGCGCCGTCGGGGCCCGTCGCGGTGACGGGCCCGAACGGCGTGTCCAAGACCACGAGTTCGCGGACCTCGTCTCCGACGGCGATCTGCTCGCGCAAGGTGTCGAGGGCGACGGTCCCGCTGGCGGTGGCGATGAGGCCGGGCTCGGGTTCGACGAGTCGGACATAGTCGATGTAGTCGCCGTAGGAGTTGGTGAAGCCCCAGGCCACGTCGCCGTTGCTCCCGACGATCACGAGCGGGGCGCCGGGGAGCGTGACGCCGGTGATGCGGCGGCCGTCGACGACGAGCGAGGCGCGGAACCAGATGTGGGGCAGGCGCAGGCCGAGGTGCATGTCGTCGGCGACCAGCGCCGCGCCGGTCTCGGTGAGGTCGCCGGCGACGGCCCAGTTGTTGGAGCCGAGCACGTCGGGCTCGGGCGGGGCGGGCGCCTCGTCGCCGGGCTGCCAGTCGCCGAGCTGGGCGGCCGTCGGGATGGGCGGCGGCTCGACGGTGTCGCCCTCCAGGGGGGCGTCCCAGGCGTCGCCCGTCGG
CP177357.1_gap25	1217173	1221102	3929	GCGACACGCTCGAAGCGATCGCCGAGGTCGTCGTCGAGCACGACCTGTTCGTGCTGTCCGACGAGATCTACGACCGGCTCGTCTACGGCGACGCCCACGAGCGCGGCCACGTGTCGGTCCCGTCGGTCGAGGGGATGTACGAGCGGACGGTCCTGATCGGCGGGTTCTCGAAGGGCTACGCGATGACCGGCTGGCGGATCGGGTACGCGTGCGCGCCGAAGCCGATCATGGACCAGATGTACAAGGCGCACCAGTACATCGTGATGAGCGCGCCGACGCTCGCCCAGATCGGGGCGCTCGCGGGCATTCGAGAGGCGCAGCCGGACGTGGAGCGGATGCGGCAGGCCTACGATGACCGCCGCCGCCTGATCGTCGACGGCCTCAACGCGGCCGGCCTGCCGACGTTCGAGCCCGAAGGCGCCTTCTACGCCTTCCCCGACATCACCTCGACGGGCCTGTCGTCGGAGGACTTTGCGCAGCGGCTGCTCCAGGAGGAGCACGTCGCGTGCGTGCCCGGCTCGGCGTTCGGCCCGAGCGGCGAGGGCTACCTCCGGTGCTCGTACGCGACGGCGATCGACCAGGTCGAGGAGGCCGTCACGCGGATCGCGCGGTTTGCCGACAAGGTGCGGGGCGAAGGGTGAGGGATGGAGGGGTAGAGGTATGGAGGGACAGGTCTCTCCGCTCATTCCTCTCGCATCCCTCATCCCTCTCCGATCCCTCTACCGTCGCCGTCGGCAGATCGTCCCAGCACGTCGTGTAGCGGGGCGAGAGAAGGTCGCGGCGCATGCCCCAGCCCGTCGCCTCGCCCGCGTGGATGCGGCGGAGTTCGTCGGGCGTGCCCTGGGCGGCGACCACGAGCGCGTCGCGGCCGAAGCGCCGCGAGATCCGGTCGAGCGCCTCCATCACCTCGGGGCGCTCGCGGACGGGTGCGTCGAAAAGGTGGGCCTGGCCCTCGCCCGCCGGGCCGAGGCCGGTCAGCATCACGCCGGCCTTTTTGAACCGGGGCGCGCCGCCGCCGGGGCGGACCAGGCACGACGCCACCAGCGACCGCGCGGCGCGGACGATCGCGAGCGTGTCGTTCGTGGGCGTCGGGAGCTCGACGACCGCGCGGCCGTGGTGCACCGGCGACCCGTGCCGGCCGGTCGTCACGAACGTCTCGACGACGGACGCCGCGAGCCCGTCGCGGCGCAGCATCGCGGCGGCGGTCGCGGCGTGCATCGAGACCGCCCGGCCGATCGGCTCGGCCTCGGTCTGCGGGTGGCCGAACATCCGCGAGCGAACAAGCGACTGGCGCGGCGGGGGCGCCTCCGAGAGCGGCAGGCACGAGACGCCCCGCAGCTCGAGTGCCGTCCGCAACAAGACGACGTTGTAGTATTTGCGGAGGTACGTGTCGTCGAGCGCCGCGAGCCCGGCCGCCGTCGGCGCGCCGTCGAGCGCGAGCCGCCGCGCCCAGCGCCGGCCCACGCCCCACACGTCGCCGACGGGCAGCGCCGCCAGAAACCGCTCGCGGTCCGGGTGCCCCCACCAGCAGACCGTCTGGCTCTCCAGCGTCCGCGCGTACTCGCTGGCGGCCTTCGCGAGCGTCTTGGTCTCGGCGATCGAGACGCGAACCGGAACGCGGGTGGCGTCCCAGACGGCCTGGCGGACCGCCCGCGCCAGCGCGTCCAGGCGCTCGGGCTCGGCCTCGGGGCGGCTCGCATCGGCGCGCAGCTCCAGAAACGCCTCGTCGATCGAGTACCGCTCGACCTCGGGCGAGAACCGCTCCAGCACGCGGAGCACGCGCGACGACAGGTCGTGGTAGAGCGCGTAGTTGGAGCTGAACACGGTCACGCCCAAGCGCGCCAGCTCGTCGCGCACCTTGAAGTACGGCGCGCCCATCTCGACGCCGAGCGCCTTGGCCTCGGCGCTCCGCGCGATCACGCAGCCGTCGTTGTTCGACAGCACCACGACCGGCCGGCCGCGCAGCTCGGGCCGGAAAAGCTGCTCGCACGAGCAGTAGAACGCCGAGCAGTCGACGAGCGCGATCAGCCGCCGCGTGGCCCCGCTCATGGCTTCCCCCGGAGCGAGCGGACGACGTGCGTGACGACGCCGCAAATGAGGAGCTCCTGGCCGTCGCCGAACCGGATCTCGTGGTACCGGTGCGACTCCTCGGGCAGCGGGTCGGGCGCGAGGTACGCCCCCGCTGCGTCGCGGCAGAACCGCTTGACGGTGTGCTCGCCGTCGACGAACGCGACGACCAGGTCGCCCGGCTCGGGCGCGAGCGCGGCGTTGACGACCAGCAAGTCGCCCGACCACACGCCCGCCCGCATCGCGCTCCGGCCCTCGGCGCGGACGTAGTAGGTGGCGGCTTCGTCGCGGATGACGAGCTCGTTGAGGTCGAGCGCGCGCTCGACGTAGTCGCTGGCGGGGGACGGGAAGCCGGCGGCGCAGGGGTCCTGAAACAGGGGGCGGACGAGGGGCGGGCCGGCGACGAGCAAGACCGGCGCGGAGGTCGTCATGGACAGGGCGGAGGAGACGGGTCCGAAACATGGCGTTAGGCGCTGCCATCTCCGGTGTCAGCATGTGCGAATGGGGTGGAACCCCGGGCCCTGCCTCGCAGCCTCGGTGAGACCGGGTAGATTTTCGGTCACCGATCCCCTCCTACGATGCGCCTCGTCCTCCTGTCGGCGGTTCTCGCCCTCGCCGCTGGCGCCTCGGCCCAGACGTCGTCCGCTCCGGCGCCCCCCGAGGAGGCGGCGTTCTTCGCCCGTCGAGGCGACATCGCCCTGACGGCCGGCGTGTTCGGGGTGGGGGGCGGGGCCATCAGCCACCTCGGCGCGCGGTACTGGGTCTCGGACCGCACGGCCGTCGGGGCGGACGTGGGGGAGGCCACCCTCGACGTCGGCGGCTCCGAGGCCGACGACCAGCGGTTCCCCTCGTACATGACGTCCGTCCACGCGCAGAGCGCGAGCCTGTGGGCCGAGCGCCACGTCGCCTCGCCCTGGTCGGCCGTCTCGTTGGTCGCCGGCGTCCGCGTCCACGCCGGCCTCCAGAGCCGCGACGTTTCCCGCTACCTCATGTATCTCGCCTGCGACGTCGAGCCGTGCGAACTGGCTGGGTTCGGGGCGTCGGCCCGCGAGGAGGCCGTCACCGGCGGGGTCTCGGCACTCGTCGGATACGAGGTCCGCCTGTTCCGAGGGCTCACCGTCGGGGTCACCTCGGAGGTGGGGCTGGCGCGGACCTCGGCGACGCTGACCGAGCGCTGGGCCGACCGCGAGCCGGCCCGGTCGGAGCGTGCCGAGTGGCACGCGGTGACGGACAGTCGGCTCTCGGTGTCGGTCTACTTGTAGTCTGGCATTTGCTTCGACACGGACGGCCCAGCGCCTCGCGCAACAGCGAGGCCCGGCGGTTCCTGCTGACCGGCCGCGCCGGCGTCCTCATGTTCTGACCCCCTGTCCTCCGACGCCATGCCCCGCCTCATTGCCTTTCTCCTTCTGCTCGCGATGTCGGCCTCGGCGGAGGCTCAGTCCGAGTGGGTCCCGACCGACTGGGCGGTGGCCGGCACGGCGTCCTACGCCGGCGCGGTGTACGTCGACCGGGACAGGAACCTGGAGGACCTGCGCGGTCCGAGCGCCTCGATCGACGCGACGTGGAAGCGGCTCAGCGTCGGGGCGGCAGTCGCGTCGTTCCCCGACGACACCGTCACACTCGTCGGCGGGGCATTTCACCTCGCGCGCAACCTCAAGCAGCAGGTGGTGTCCTCCATCGGCGTCGCCTTTCAGACGGCCGAGAACAGCGATGACTACCTGATCCCGACGTTCACGCACTCGCGGAGGCTCTCCGGTGTCCCGGACGCCGCGCTGATCGGAAGCCTCGCCGTGGGCGGCGCCGTTCCGACCACTCCCGGCCCGCGGAATGACATCGCGCTGACCGCCACCGGCGCGCTGTCG
CP177357.1_gap26	1317233	1318631	1398	GTTCGACGAATGGGAGCACCGGTTCCTGGTCCAGGAGGCCGTGAGCGGGCCCTCGCTGTGGTTCCACGCGGCCGAGTGGTACTTCCGCGACCGCGAGCCCCTCTCCGACGCCGACCTCTACGGGCGCCTCGTCGACACCTTCCGGCAGGTCGCCGAGGGCGTCGGCGCCTTCCACGAGCAGGGCATCCTCCTCCGCGACCTGACGAGGTCCAACCTGCTGGTCCCCGAGTCCGGGGGCATCCGGTTTATCGACTTCGAGTTGGCCCACGAGGTCGGCGGGAGCGACCCCGTGGTGTCGGGCGGCACACCGGGGTACCGCTCGCCGGCGCAGCGCCGGGGCGACCGGCCGACGGAAGCGGACGACCACTACGCGCTCGGGGCCTTGTTGCTGGACCTGGTCTCGTTCAACGTGGCCGGGTCCGAACTCAACCCCGACGGGACGTTGCGGGTGTTCGACCTCGCCGCGCGCGACGTCGGGTTCCCCGACGCCCTCGGCCGCACCGTCCGTGGCCTCATGCACCCGTCGCCCGCCGAGCGGTGGTCGATCGCCCGGGCGGTCGACGCGTTGGAGGCGGCGAGAGGGGAGCCGTCCTCGACGGTCCCGGCGATCTTCGAGGGAGCCCGCGTCCGGCCCTGCCCCGCTCCGGAGCCCTCGCTCCGCGCCGCGCTCCCCGCGCTCCTCGACGGTGTCGTGGCGTACGTGACCGCCCACACCGACACCGACCGGGAAGACCGGGTCTGGCCGTCCTGCCCGGAGGCCTTCACGACGAACGGAGTCGGCCTCCGCCATGGGGCGGCCGGGGTCGCAGCGTTCCTGCGTCGGGCCACCGGGGCGGTCCCGGAGGGCGTCGACGCCTGGATCCGGGCGTCGGCGCACCGCCGCGCGCTCCCGCCGGGCCTGATGGCCGGGCACGCGGGGCTCGCCCTGTACTGGCTTGAGGCCGGGGATCTCGACGCGGCGCAAGCCGCCCTGCGAGACGCCTCGGCCGGTGAGCGCCTCGCCCTGTCGACGCCCGGGCTCTACGACGGGGCGGCGGGCTGGGGGCTCGCGCACCTGAGCGTTTGGGCGCAGGCCCCCGCGTCCGCGGCGCTCGCGGCGGCCCGGCGTGCCGGGGACCACCTGGTCTCAGCCGCCCGGCCGTCGTCGGCGGGCGTCTATTGGGACCAGGAGGGGACCGTCCGGTTCGGGCTCGGCCACGGCCAGGCTGGCGTCTCGCTCTTTCTCACGTACCTCGCGCGTGCGACAGGCGACCCCGCATACCTCGACGTCGCCGTCGCCGCGATGGACGACGAGCTGTCCCGCGCCGTCGAGTTCGACTCGCTGACCCTGTGGCGCTTCTACACCCGAGAAGGGGGCGTCGGGGTCGGCTCGCAGGTCCCCCACACCGAGTACGGGTC
CP177357.1_gap27	1353916	1357682	3766	AGAGCGCCGCGCCGACGGCGCCGTCGCCGCCGTCCTCGGAGCGGGCCGTGCCGGCGGCGGAGCCCTCAAAGATCCAGCGCTCGTCGGCGAAGCGGAGGCCCCAGTCGCCCGCCGCCGCGAGCGAGCGCGCCGAAGGGACGCCATCGGCCGGGTCGGACTGGGCGGCGTACGCCGTCAACCCGGCGCCGATGTAGCTCTGGCCGGCGAACTCCTGCTTGACACGCGCCGCGGCGTACGTCCGCGAGGGGGCGAAGTCGTCGCCCGTCGCCGCCGCGAGCGCGCCGAACGACAAGCCGCCGGGCGTCCGTCCGGTCAGCTTGGTGGCCGCGATGATCGGGGAGGCCCCGCCGATGCGCCGCGTGTACAGCAGCGCCCCGTCGCGGCCGCCGCCGACGGTGAGGTCGAAGATCTGGGTGCCCTCGGTGAAGAAGGGCCGGCGCTCCTGGAAGATGGTCTCGAAGGTGCCCAGGTTGAGCTCGGCCGGGTCGGCCTCGACCTGCCCGAAGTCGGGGTTGACCGTCGCGTCGAGGATCATGGCCGAGCCCAAGCCGAGTTTGAGGTCGGCGCCGAGGTTGCCCTCGAAGCCGGTCGCCGCCGTGCCCGGGACCGTTTCGCTCTCGCGCCGCGAGGCGCCGGTCAGCGTGTACGGGACGACCTGGAGGACGGGCCGGGGCGTGAGCCCGTCGACGCCATCGAGCTGGCCGAACAGGCGGACGAGCCCGCCCGACGCCTCGGCGCGCGTGATCGGCGCCCAGAACGACTCCTCGCCCGTCGCCGGGGAGACCCGCTGGAAGTTGATGCCCCACGACCGCGAGGTGCCCGAAAAGCGGAGCTGGGAGTACGGGATGCTGAGCTCGGCCGTCCAGCCCGTGGCGTCGACGCGCACGCTCGACGTCCAGACGGCGTCCCAGCTGTCGTCGTCGTCGTTGCCCTCGACGATGCCGTCGAACTGGACCCCGGCGGCCGTCACGCCGAAGAGATACGCCGTCCGGTCGTCGTCGTAGCTGTCGATGGCGACGACGAACTGGTCGGCCTCGCCGCCGTCGTCGCGGCGGCTGAGCGGGGTGCGGATCTGGGTGCCGTCCATCCGCGCGCCGATGACCAGCCCGGTCGGCGTCCGGAGGACGCGGACGGTCGTGGCGTTCGAGGCCGGCACGCCCTCGGTTGGCTCGAACTGGACGAACCCGCTCGCGGGCTCGGCGCCGGCCCACGCGGCCTCATCGAGCACCCCGTCGATCACGACGGACTCCGCGGGCGCGGCGGTGACGGTCGGCGGCGGGAGGAGGAGAGCGAGGAGGAGGGCGAGCATGGCGGGGACGCGGGGGCGCCCATAGGATCCCTCTCACGCCGGCGGACGGGGGTACGTTCACGGCGAAATCCTCTCGACCCCGTGAGCCCCGACCGGTATCGCACCCTGGCCGCCCCGGCGGCCGCCGAGCCGCCCAAGACCAAGGGCTCGCGCCACATCGGCGAGGCGGCGCCGGTCGAGATCGCCGAGCAGGCGCTGGCGGTCGTCGAGGCGGCCCGCAAGCGGGAGCACGCGGCGGTCCACCACTGCTGGGCGTACCGGCTGGCGCCCGACGCCCCGGCCCCGCGCTCGAGCGACGACGGCGAGCCGAACGGGTCGGCGGGCGTGCCCATCCTGCGCGAGATCGAGGGGCGCGGCCTGTGGGGCGTCGTGGTCGTCGTGACGCGGTACTACGGCGGCACGAAGCTCGGCGTCGGCGGGCTCGTCCGCGCCTACGGGGAAGCCGCCGGGGCCGCGCTCGATGCGGCGCGCAAGCGGGTCGTAACGGTCCGCGTGCCGGTCCGGCTGGCGTTCGCCTTTTCGGACACGTCGCCGGCCATGCGGCTGCTCGATGTGTTCGACGCCGAGGTGGCCGACCAGACGTACACGGCCGACGGCACGGAGCTGGCGCTCGCCGTCCGAGCGGGCGAGGCCGACGCCTTGCGCGCCGCGTTCGTAGAGGCGACGGCGGGACGGGGCACCGTCCTCGCCTGACGCACCCGCGCCCGGCACCGACGCGGCACCGGGCGCGGTGGACACCGCCGACCGGCGTTAGCGGACGACGGTCACGGTGTGCGTGAGCCGGACCGCCTCGCCCTCGACGACGACGACGTACACACCCGTCGCCAGCCCGGCGACGTCGACCGCGACGGCCGTCTCCTGGCCGGCCTCGACGCGGCCGCTGTACAGCTCGCGGACGCGGCGGCCCGTGGCGTCGTAGACCGACGTGGCGACCGACTGCGCGACGTCGAGCGTAAAGCGGACGGTCGCGCGCGTGGCCATCGGGTTCGGGGCGACAGTCAGCGACTGGGGCGCGACGCTGCTCGCGGCGAGCGCGGCCGGGGCCGTCGCGCCAGTCGGCGGGTTCGGGTCCGTGGCCCCGAGTTCGAACGAGCCGATGTCGTCGGCGCCCCCGCCGGAGCGCAGGAAGCCGCGCTGGTCGAAGGCGAACGTGGTGTCGCCGGTGTCGAGGGCCGGGCTCCCCGGGGCGAGCGCGGCCGTCTGGGTCGGGCCGCCGTTGTCGGCCAGCGGCCCGAGCTGTGGGTCCACGCCTACGAGGTCGTCAGTGCGAGGGTCGAAGGTGCTCGCCGCTGGCACCGTCCCGATCAGGTTGTTGCCATTCGTGTCGTAGCCGCCGAACAGGTTGGGCTCGCCGGTCGGCGGATCGGGGACGGCCGACGGCCCCCCGAGGTGGTTGTCCGCGACGAGCGTGCTCCGCAGCGAGACCGGGCTGGTCGCCCCGCCGCCCGGGTGGTCGTTGTAGAGGCCGCCGCCCTCCGTCGACGCCCGGTTCTCGGCGAGCGTCGTCGCTTCGATCTCGACGTCGGCGCCCGACGAGGCCAGGCCACCGCCGCGCTCGGCGCCGTTGCCGTGCAGGGTCGCGTTGAAGACCGACACGCTCGCGCCGTCGCTGCCGTACACCCCGCCGCCGAACCCGGCCGCCGTGTTGCCCGTGACCGCCGACGCCGCGACGATGACCCGGCCGCCGACCTGGTGGACGCCGCCGCCGTCGGTCGCCGCGTTGCCCACGAGGCTCGACTCGCGGATCGAGACGAGGCCCCCGGTCGACGCGAAGGCGCCGCCGAGCCCGGACCGGTTGCCCTCGAACCGGGCGAGGAGGGCGTGGACGTTCGCGTCCGGCCCGACCGCGATCGCACCCCCGCGGTCCACAGAGCGGTTATCGACGAACATCGTCCGGGTGAGGTCGGCGGTCCCGCCGCTCGTGGCGAGCCCGCCGCCCGCGCTCGCTGCGACATTGTCGCGGATGTGCACGTCGTTCATGACTAGCGCGCCGCTCGTGTGGCGGACCCCGGCACCCGAGCCGGCCGCGCGGTTCTGGCTGAGGGTGGAGGCGAGGATCGTCGTCGGCCCGCCAGTGAGATAGATCCCGCCGCCGTCGGTGCCGAGCGCGCGGTTGTTCGTGACGCTCAGCATGGTAAACGTGCCGTCTGTGTCGGCGCCGGCCCAGATCCCGCCACCGGCCCCCTTCGCCACGTTGCGCGTCAGGACCACGTCGTCGAGGTGGAGAGCCACGGGCCCGCCGCCGGTGTGGATCCCGGCCCCACGGGCGTCCGCCGCCGTCACGCGGTTGCCCTGGAGCTCCGACTCGGTCAGGGTGAGCGTGGCCCCGCTCGGGGCCTCGACGGCGATGGCGCCGCCGGCCCGGTCCGCTTTGTTCTCGAGAAAGAGGCTGCCCCCTCCGATCGTCGCGGTGCCGTCGTTGAGGAACAGGCCGCCGCCCGCGCCGGTCGCCGCCGC
CP177357.1_gap28	1361127	1365794	4667	GAGCGCGAACGCCGTCGAGCCGACGAGCAGCACCAGCACCATCGTCGTCAGCAGCGCCGACTGGCGGGCGGCGTCCCACAGGAGGGGACGGGTAAAGCGACCATTCAGCGCGGCCAGCACAAGGGCCCCGACGGCCCCGAGCGCGCCGGCCTCGGTCGGCGTGGCGACCCCGGCGAAGATGCTGCCCAGTACGACCAGGATCAGCGCCAGCGGGGGAAGGAGGGCTCGCATGACCCGGCGCGCGAGTGCCCAGCCGGCCTCGGCCCGCTCCGACGCAGGTAAGGCGGGTGCGTCGTGCGGCCGGCGCCAGGCCACAATCCCGACCCACACACAAAGCAGGGCCGTGAGCATCAGACCCGGCACGAGCGCCCCGGCGAAGAGCGCGCCCACGCTTACGCCGAGCTGGTCGCCGAGCACGATGAGCACGATCGATGGCGGCACGATCTGGCCCAGCGTCCCCGACGCTGCGACCGTCCCGGCCGCGAACGACGGGCGGTATCCGCGGTCGAGCATGACCGGCAGGGCGATCGCCCCGAGCGCCACCACGCTCGCGCCGACGACGCCCGTCGCCGCCGCCAGCAACGCGCCGACCACGACGACCGCCAGCGCCAGCCCGCCCCGGACGCGGCCGAACAGGGCGCCGATCGTCGTCAGGAGATCCTCCGCCAGCCGGCTCTTTTCGAGCACGACGCCCATAAAGATGAAGTACGGGATCGCCAGCAGGACGGGGTTCTGCATGATCCCGAAGAGCCGGTCGCCGAGCGCCAAGAGGAATGCGGCGTCGAAGTAGCCGGCCGCCAGCCCGAGCAGGGCGAACACGACCGACGCCCCGCCGATCGCGAAGGCGACCGGGTAGCCCGTAAAGACGAGCGCCAGCACGACGAGCACCAGGATCGGGCCGAGCCAGTCGGCCAGGTGGGCGACGAGGTCCACTACGGCGTGCGGAGGGTGGCGACGGCCCGCAGCCCCTGGGCCACCCCTTGGAGCGCCAGCAGCCCGAGGCCGACCGGGAGCAGCAGCTTGACCGGCCACCGAACCAGCCCGCCCGCGTCGAGCGCGCCCTCGCGCAGGACGACCGAGTCGACGACGGCCGGCCACGAGGCCCACGCGAGGAGGGCGCAAAAGGGGAGCAGCAGGAGCACCGTGCCCGCCAGGTCGATCGCCGCCCGCGTGCGCGGCGGCCGCCCGCCGTAGATCACGTCGACGCGGACGTGGGCGTCCTCGGCCAGGGCCCACGCGGCGCCGAGCAGGAAGACGGCGCTGAACAGCATCCACTGCACGTCGCCGAGCGCGTTGAGCGCGGGCGTGATGCCCAAGACCGGCGCGAGGTACCGGAGTACGGCCGCGAGCGCGCCGGCCGCAACCATCCCGACCACGAGCCGGGCGCAGAGCCAGCCCACGGCGGCGCTGAGGCGGTCGGCCAGGCGGGGGAGGGCGTCGAGCACGGCCCGAACCTACCGCCCGGCCCGCTGGCGCGAGTCGGTCGCCCTCCCCCGGCCCCTCCCGTCCGGGAGGGGAGGGTTACTTGGATGTCCCCGCCCGTCGGCTGTCGGACGTCTCCCTACGACGTCCCCTCTCCCGTCGGGAGAGGGACAGGGTGAGGGGCGCCGAGACGCGGGCCGCCCTGCGGGCGCGAGCATCTACCGACGACCGACGACCGACGACTCAGCCCTCCGCATCCGCCATCATCGTCCGCATCGCGCCGACGGCCAGCCCGTCGACGTGCTCGTTGAGCGGGATCCCCGCGTGGCCCTTCACCTTGACCCACTCCACCTCGTGGCGCTCGTTCTGGGCGATCAGCCGCTCCCACAGGTCTTGGTTCAGCACGGGCGACTTGTCGGACTTCCGCCACCCCCGCTTCACCCACCCGCCGATCCAGTTGTCGTTGAAGGCGTTGATCAGGTAGGCGCTGTCGGAGTGGAGCCGGACGCGGCACGGCTCGCGGAGCGCTTCGAGCGACTCGGCGGCGGCGGTCAGCTCCATCCGGTTGTTGGTCGTCGCCGGCTCGGCGCCCTTGAGGTCGCGCTGGATCTGGTCGGGCGGCGTGCCGTAGAGGAGCGTGGCGCCCCAACCGCCCGGGCCGGGGTTGCCGGAGCACGCGCCGTCGGTGTAGATGGTGACGTCTTTGATGGTCGTGGGTCGGAATGCGGGGGAAAGCTAGCGGGGCCCGGCCGGTGCGAGCGGAGTCCCCACGGAATGCGTCGAGCGTTCGCCCGACGAGCGACCTTCCCCGCGATCTTCCGACGCCCCACGGCTCCCGCCTCTGCGCCATGAAATTCGTCGACTACGTCACCGTCACGGTCCGCAGCGGACACGGAGGGCCGGGGAGCGTCCACTTCCGCCGCGAGAAGTACGAGCCGAACGGCGGGCCCGATGGCGGGGACGGCGGCGTCGGCGGCTCCGTCGTCGCTGTCGGCGACCCCAGCCTGTACACGCTCCTCGACCTCCGCTACAACCGGCACCACTTCGCCAAGGCCGGCGAGCCGGGCCAGGGCAACAACAAGTCCGGCAAGGCGGCCGACGACATCGTGCTGCGCGTCCCGCTCGGGACCGTCGTCAAGGACGCCACGACGGGCGAGGGGCTGGGCGAGATCGTCGTCGAAGGCGACCTGATCGTGCTCGCCCAGGGCGGGCGCGGCGGCCAGGGCAACACGCACTTCAAAAGCTCGACGAACCAGGCCCCGCGCTACGCGCAGCCCGGCGAGCCCGGCGAGGAGCGCGAGGTGGTCCTCGAGCTCAAGTTGCTCGCGGACGTCGGGCTCGTCGGCTTCCCGAATGCGGGCAAGAGCACGCTCGTGAGCAGCCTGAGCGCCGCCAAGCCCAAGATCGCCGACTACCCGTTCACGACGCTCGAGCCCAACCTCGGGATGGTCTACCTCGGCGACTGGCGCTCGTTCGTCATCGCCGACATCCCGGGCCTCATCGAGGGCGCGAGCGAGGGCCGCGGGCTCGGCCACCAGTTCCTCAAGCACGTCGAGCGCAACGCCGTCTTGCTGTTCTGCGTCGCCGCCGACTCCGAGGATCCCGGCGCGCGATACCAGACGCTCGTCGACGAGCTCGGCGCCTTCAGCCCGCACCTGCTCGCGAAGCCGCGCGTCGTCGTCTTGACCAAGATGGACATCGTCGGGCCGGACCTCGCCGACGCCTGGGTCGAGGAGATCGCGGCCACCTTCCCCGACGACATCGACCTGCTCCCGGTGTCGGCGGTCTCGCGCACGGGGCTCGACACGCTTAAAGAGCGTTTGTGGACGCACGTCGAAGCCGAGCGCGAGCTGGCGGCCGACGACTAAGCGGGCTCGGCGGTCAGCACGAGGGAGAGCGGCGCGTCGGCCTCCGATGCGATCGGCTCGTCGAGTGCGGCGAGCCGCAGGCCCGCCGCAGCGAGCAGGCCGACCCAGTCGGCGAGCGTCCGGAAATACCACGGCATCGGCTCGAAATCGCCGTCGAGGGTCTCGAACGACTCCTCGCGCCAGCCACTCCGGTACGGCGGCCCCGCCGCGAGGGGGTGGACCGTCTGGATCACCACGCGGCCGCCGGTCGCCAGCCGGGAGGCGGCCGCGCGGACGACCGGCGCGTCGTCGTCGGTCAGGAGCGCAAAGTTGAAGACGGCGGCGTCGTACGGGCCAGCAAGACGTGTGGGATCGGCAACTGCGTCGTCGTAGCCGACGACCGCGAACGAGCCGCCCGCTTCTCGCGCCAACCCGATCAGGGGCGCGCTCCCGTCGACGCCGTGCACGTCCGCGCCTGCGCTCGTGAGCGCTCGCGCCAGCCAGCCCTCGCCGCAGCCGACGTCGAGGACCCGGCCGCCGGACGGGAGGCCACGGAGGACCGCCGAGACGACCGCGTCGTCGGTGCCGGCCCGGCGGCTCGGGATGGCGCCGTCGCGGACCGCACGCGCCCACGGGTCCGCGTTCTCGGTCCACGACTCGCGCACACGGTCGGCGGGCGACACGCTAGATCGCCGGGTCGGCCGGCGTGGTGTCCGGGTTCGACAGCCGCTCCTGGCGGGGGAACGGGTAGAAGTTGCGGGTCCGCTGAAACGGGTCGGCCGTATCCGGCGCGCCCTGCCCGAGTCGACGGGCGTCGGCGAGGCGCAGGCCCTGGAGGTAGAGCTCGAGGGCACGGTTGCGGTAGATCTCGTCGAGCAGCGCCTGCTGGCTCGTGGCCCCGGCGTACGGCGCGAGCCCGGCCGCCAGCCCGAACGGGTCGTCGGTGTCGGTGCGGACCGCGTCGATGGCCGCAACGGCGCCGGCCGTATCGCCCTGGCGCGCGAGCACCTCGGCACGGATCAGCACCATCTCGTCGGGGATGTACACGGGCAGCGGGCCGCCGTCGCCGCCGACGATGAAGCCGGTGGCCACCCCGATCGGGTAGCCGTTGACGCTCACGTCCATGGTGTCGGCCTGGGTGAAGTACGCGATCCGGCCGTCGTCCGCCTCCGCGCTCTCCACCCCGAGGTCGATGCGGACGGCGAAGCTGGGCTGGCCGAAGTCCGGCGAGATGGCGCGGTACAGCGGGTTGGGCGAGGAGCCATCGTAGGCGAACACCGAGGTCGCGGCCGGGTCGACCCGGTTGGCCGCCGCGAGCGCCTCGTCGAGGTCGCCCGCGAGCAAGGCGTAGCGGGCGCGGTACGCGCGCACCGAGTTGAGCAGGTCGAAGCCGTCCGG
CP177357.1_gap29	1369066	1371967	2901	TTCCCCGAGTTCTGGCTCACGACGGCGCCGGCCACCTTGCCGGCCAGCACCTGGTCGACGGCCGTGGCGCCGACGTCCTGCAAGTCGCGCGCGTCGACGGTCCCGATGGAGTTGCCCAGCTGGCGGCGCTCGACGGGCAGGCCGGTGGCCGAGACCACGACCTCGTCGGAGCGCAGGGCGTCGGTCGAGATCTCGATCGTGCCGAGGTCGACGGCCCGCGCATTGCCTAGCGTGACCGGGCGGCGGTCGGACTGGTAGCCGACGAAGCTGACGCGCAGGGTGTAGCTGCCCGACGGGACGCTGGCGGCGATCGAGAACCGGCCGTCGAGGTCGGTCGCGGCGCCGGCCGTGGTGCCTTCGAGCAGGACCGAGGCGGCGATCACCGGCGCCCCGGTCTCCGCCTCGACCACCTGGCCGGTCAGGGTGTACGTCGATTGGGCGGTCGCAGGGAGCGCGAGGAGCGTCGCGAGTCCGAGGAGAGTAGCGAGGCGCATGGGCCGGGGGGTGGGTGGACGCGTAAAGCATACGGCACGTCGCTTGGCCTCGGCGTCGCTTCCAGCGCGGCCATTGGAAATGTGCGAGGTTGCCCCCTTCACAGCCCCCTGCGCTCGTGACGATCTCCGAGACCGGCCGCCCGACAGGCGCCGAACGCCTGCCCGTCCTGATCTTCGAGACGCCCGCCGAGCTGGCGCGCCAGGCCGCCCGCCAGATCCGGACCCTCGTCGAGGCCAAGGCGGCCGCCGGCGATACGGCCGTGCTCGGGTTGCCGACCGGCTCCACGCCCATCGGCGTCTACCAGGCCCTCGTCGCCATGCACCGCGACGAGGGCCTGTCGTTTGCGAACGTGGTCACGTTCAACCTGGACGAGTACGTCCCGATGGCGCCGGACGCGATCCAGAGCTACCACCGCTTTATGCGGGAGAACCTCTTCGACCACGTCGACATCCCGGCCGACCAGATCCACCTGCTGCGCGGCGACCTCCCCGCCGACGAGGTCGAGGCCCACGCGGCGGCGTACGAGCGCGCGATCGTCCGGGCCGGCGGGATCGACCTCATGCTCCTCGGCATCGGGCGGAGCGGCCACATCGGGTTCAACGAGCCCGGGTCGACGCCCGCCGACCGGACCCGCCTCGTCGTCCTCGACGAGATCACCCGCAAAGACGCCGCGTCCGACTTTTTCGAGGAGCGCCACGTCCCGCGCGAGGCCTTGTCGATGGGCGTCGGCACCGTCCTCGACGCGCGGGAGATCATCCTGATCGCGACCGGCGAGCACAAGGCGCCGATCGTGCGCCAGGCCGTCGAGGGCGAGCCGACGGCCCAGGTCCCGGCGACGTACCTCCAGATGCACCCCAACACGACGGTCTACCTCGACCGCGCCGCGGCCGGGGCGCTCACGCGCGAGAAGACGCCCTGGCTGGTCCGCCGCGTCGCGTGGACGCCCGAGGCGGCGCGCCGCGCCGTCATCTGGCTCTCCCGCGAGATCGGCACGGCCATCCTGCGACTGGACGCGGGCGACTTCCACCGCCACGGCCTGCACGGCCTGCTCCGCGACGCGGGCGGCGTCGACGACCTGTGCCTGCGCGTGTTCGAGGACCTCCGCCAGCGGGTGGCCTACCGCGATGCCCTCCCCCGGGGCGAGCGGGTGATCGTGTTCAGCCCGCACCCCGACGACGACGTGATCTCGATGGGCGGGATGCTCCACACCCTCGTCCGCAACGGCAACGACGTGACCGTCGCCTACATGACAAACGGCTCGGTCGCCGTCTTCGACCAAGACGTCCGCCGCCACCTCCACGTGGTCGAGCTCACGCGCGACGTGCTGGCGCCCGGCGACGGGGAAGCCGTGACCGACCGGATCGACGCGGTCCGCGCGGCGCTGGCGGCCAAGGGGCCGGCGGCCGTCGACACGGCCGACGTGCAGACCATCAAGGCGTCGATCCGCTACGCCGAGGCCGTCGCGGCGCTCGAGGTGATGGGGCTCGGCCGCGAGCACGCCCGCTTTCTCGACCTCCCATTCTACCAGACCGGCCTCGTCCGCAAAAACCCCGTCGGCCCGGACGACGTGGCCATCGTCGGCGACCTGCTCGACGAGATGGATCCGTCTCACCTGTTTGTGGCCGGCGACCTCTCCGACCCCCACGGCACGCACCGGATGTGCTACGCCGCCATCGACCAGGCCCTGCGCGAGCGGGGCGGCGGCCCGCTCGTCTGGCTCTACCGCGGCGCCTGGCAAGAGTGGGAGATCGACCGGGCCGACACCTTCCTGCCGCTCTCGAAGGCCGACCTCGACCTCAAGATCGAGGCCATCTACAAGCACGAGTCCCAAAAGGACCGTGCTCTCTTCCCGGGCGCCTACGACGACCGCGAGTTCTGGGAGCGCGCCCGCGACCGGAACGTCGGCACGGCGCGCGAGCTCGAGGCGCTCGGGCTCCCGGCCTTCTACGCCGTCGAGGCCTTCGTGACGGTCACCGAGATGCCGTGAGCGCCGGTGCGCGGAGCCGGACCGGACGCGTGCGCCCCCCGGTCGCTACACGGCTGGCCCGGCTCACCCCAGGTCCACCTTCTCGTTCTCGCCGAGCCCGGTCGCCGGCTTCCCAGTGATCTTGGCCTTCACGTACCCGAGGGCGTACACGATCGGGCTCGACGGCGAGTCCCAGTACTCGGCCCGCGTCACCTCGACCTTGATCAGCCGCAGGTGCGGGTCGTCGACGCCCTTGGGAAACCACGCCGCCAGCGGCTCCGACCACATCTCCTCGGCCTTCTGCTTGTCCTTGACGATCAGCGCCGTGCCCGCCATCGTCACGTAGTCCTGTCGGCCGGGGTGCGCGAAGGTCACGTCGACCTTCCGGTTGCGCTCGATGTGGTCCACCTTCTCGGAGTCGTCGCGGGTGAAGAACCACA
CP177357.1_gap30	1375213	1377635	2422	TGGCGGTAGTCCAGGATCTTCTCGCCGTCGACGGGCAACGTGGGGATCTCGCGCGCACGCGCGCCGGTCGCCACGATGATGGCCTTGGCCTCGATCGTGGTCGACTCTCCGACCGTTTCGCCGTCCATCGTCTCCGACGGCTCGACGGCCACCTTGCCGCCGCCGAGGAGCGTCGCCGAGCCCATGTAGACGTCGACCTTGTTCTTCTTCATGAGGAACTGGACGCCCTTGTTCATCTTGTTGGCCACGCCCCGCGACCGCGTCACGACGGCCTCGAAGTCGGGCGTCGGCAGGGAGTCGCCGGCCGTGAAGCCGTAGTCGGTGATGTGGGCGAGCTGGCTGGCGATCTCGGCGCTCTTCAGCAAGGCCTTGGTCGGGATGCAGCCGATGTTGAGGCAGACGCCGCCGAGCTTGTTCTTTTCGACGATGGCCGTCGAGAGCCCGAGCTGGTGGGCGCGGATGGCCGCCTCGTAGCCGCCGGGCCCGGAGCCGATGATCAGGACATCGTAGGGAGCGTTCGCCATGTCGACAGGGGAGAGCGTGGTGTGGGTCGAGGATACCCGTGCGGAGCGTGCGTCGTCCCCCGCCGGCGTTGAAATCAGAGTGAGGCGAGCGCGGGTCGCCCCAGCGGGCGCTAGCCCTCGACCGTCCAGTCGTCGACGACGGCGGTGATGATGACGTTCGCCGGGGTGGCCGGCGCGCCCGGCGGGCGGTGGGGCCCGAGCAGGCCGGCTACGACGGCCCCCTCTTTGGCGATGAGCACCACGTCGCCCGCCCCGGCGTCGAGCCCTGGGTCGAGGGCCACGTCCTCGACCCGGTCGAGCCGGTGGCCGTCGAGGCCGATCCGACCGACGAGCAGGAGGCGATGCCCGTCGAGCGGTGCCAGTTTTGTCGTGGCGACCACGGGAGAAAGGACGCGTGCTAAGTGCATGTGCCAGTAATAAGATGAAGGGGGCAGGCGTCTAGACTGTCTGTAGTCACTAGTTTATGCCCTACCGGAGCCCACCACACTCGCTCCGGCCATGTACCACCTCCCCCCCCACACGGATGTATAGCACACAGGGAATCGAAGCGATCGCGACCGTCACCGAGCTCCGCTCGAAGACCTCCGCGCTGATCGAACAGGCCAAGAGCCTCAATACGGGCATCATGATTCAGAAGAACAACGAGCCCGAGGCTGTCCTCGTCTCGTACGATCTGTATCAGAAGATGCACAAACTCTACTATAAAAAGTAGGGCCCGACCTGGGGCCGGGCGCCACGTCCGGCCCTAGCGTTCGCCGATCAGCCGCTTGAGCTCGGCCACGCGTCGGACGGTCGACTCGCGGTCGAGGGATCGGAACCGCTCGGGGAGCATCGAGCGGCTGGTGCACTCCATGACCGCCGCGAGCGTCTGGAGCTCGACCTGGAGGGGGTAGGAGGGGGGCAGAAAGTCCTCGACGACAGCGTGGAGCACGGCCCGAGTGATGGGGGCCTGGGTCGGCCCGGAGGTGCTGTCCGTCGCCGTCGGCGGATCGCCGGCCTGGCCGTCGCCAGCCGATCCTTCGGTCACGTCGGCGTCCGGGGAGTCATCCGAGCCGGGGGCGGTGTCGCGGGGCGTGTCGTCGAGCGCGTGCGTGGCCGCGCGGAACTTGGCGCGCGTCAGCAGGGCCTCCATGTCGGCCCCGGAGTAGGTCCGCTCGCCGTCGAGCAGGGCGTCGGGGACCTCCGACATGGGCACGTCGACGCCCGTCTTGCGCATCATGACCTGGAGCAGCTCCTCGCGGTCGGCGCGCGTGGAGGGATAGAAGAGGCCGAGGTGCTCCTCGGCGCGGCCCTGCCGCTTGAGGTCGACCGGCATGAGGTCGGGCCGGGCGGTGACGAGGAACCAGATGATCTTGCCGCGGAAGCGGGTGTCCGACATCGCCTGGGCGATCTGGCCGAACACCCTGCTCGACACGCCGGAGTCGCCCTGGGCGCTGCGGTCACCGAGCGCGGCGTCCGCCTCGTCAATCATCACGGCGACCGGGTTCATGGCCCGGAGCAGGGTCAGGATCTTTTCGAGGTTGCCCTCGGTGACGCCCTGCCACTGCGAGCGGAAGTTCTTCAGCTTCACCATCGGGATCCCGATCTCGCCGGCGAAGGTGGTCACCAGGAACGTCTTGCCCGTGCCGACCGGGCCGGAGACGAGGTAGCCCATCGGCATCACGTCCGGCCGCCCGGCCTTGATGGCCTCGGCCGCGGCGCGGAGGTGCGCCTTGGCCTCGGCGTGTCCGGCCACCATGTCGAGCGTGTAGTCGGTCTCGACAAACTCCAAGAGCCCATACGCCTCGGCCTCGATGAGCTCCTTCTTCTTCTCGCTCAGCGTGTCGAACGTGAGCGGGCGCTCGTTTTCGAGCACGTCCGCCAGGATCGTCCGGAGCTGCACGTAGCCCAGCCCGGCC
CP177357.1_gap31	1429681	1430299	618	CTTCATGTCCCAGGCGACCCCGCTCGTGCAGGACGGCGACGTCATTGAGGTCGAGACGCGCGTCGACTCCGGGTGGACCTCGCGCGACACGTTCACCGTCGTCGGCCTGGTGACCTCGGGCGCGATCGCGGTTGTGCAGTTCCTGCGTCTCATCAACGTCGACTAGGTGGCCCCCGACGGACGCGGCATCCTGGTCACCGGCGGCGCGGGCTTTATCGGCTCGGCCGTCGTGCGCGGGGCCCTCGCGCGGTATCCGCGCTCGCGCGTCGTGACGCTCGACGCGCTGACGTACGCCGGCTCGCGCGCCAACCTCCGGGCCCTCGGCGACCGGCACACCTTCGTCGAGGGCGACATCCGCGACGGCGCGCTCGTGCGCCGGCTGATGCGCGAGCACGACGTCGCCCTCGTCGTCCATCTCGCCGCCGAGTCGCACGTCGACCGCTCGATCGACGTGCCGGCCGAGTTCGTATCGACGAACGTGCTCGGGACCCAGTCGATGCTCGACGCCGCGCGCGAGGTGTGGGGCGCCGCCCGCGACGTCCGGTTCCACCACGTCTCGACCGACGAGGTCTACGGCGACCTCGGGCCGGACGACCCCGCGTTTACGGAGACCACCCC
CP177357.1_gap32	1448788	1453273	4485	TCGCCATGGGCACGATCGCCAGCTTTATCGCCACGGCCGGCTTCGTCCAGGCGCTCGCGCACGAGACGTCGCGGCTGCTGGGGCACGACTTGGGGGGACAGGCCCGCCGCGTCGCGTTCCGGATCGCGAGACTGGGCGCCGGATTCGTGGCGTCCACCGGAGCGCTCGGGGTCCTCGTCAACCTGGTCGTGCCGTTCTACCCCGCGATGCTCGCGCTGGTGGGGACGCTGTACTACGTGCTGCTGGGCTGGCTGTGGCTGGCGCTGGCGCTGCTCTACGTCGAGGAGCGGCTGTGGGCGGTCGCCGCGGCGACGACGCTCGGGATCCTGCCCGTGTGGGGCGCCGTGGCGGGCCTCGGGTGGAACGTCCACCTGGCCCACGCGCTCGGGCTGGCCGTCGCGATCGCGATCGCCCTCGGGATCGCCACGCGCACGCTGGGGGCGGGCGCCGACCGCGACGCCGGCGACGGACCCGAGCCGCCCCTCCCGCGCGTCTCGACCGTCGTCCACACGACGCTCCCTTACGTGGCGTACGGCATCCTATACTTTGCCGTCCTGTTCGCCGACCGCGTCGTCTCGTGGTCGGCCTCCGGCGACGACCCGCTGGCGTACCCGATCTGGTTTCGGACGGAGTACGAGCTCGGGATGGACTGGGCGTTGGCGGTCATCTTTGCGATGCTGGCGGCCGTGCCGTTTTCGGTCCGGCGGATGTCGGGGCAGATCCACGAGCTCGGCGGCCTGGTGGACCCTCAGGCCGCCGGGGCCCACATGGCGGCGCAATACGCGCGCCACCTGTTCTTGCTCGTTGTCATCGGCGTGGTGGCCGTGGCGCTGGTGTGGGCCGGCGGGCTGTGGCTGGGGACGTACGGGCCCGAGCTGCTCCACCCGATCTTCCGGGCGGGCGTCACGCGGTACGTGTTCTTGATCGCGGCGGCGGGCTACTTCTGCTTCAGCGTCGGGCTGATGAACGGGCTCATCTTCCTGGCCCAGGGGCAGACGGGCCGGGTCCTCGTGCCGCTCGCGTGGGCGCTCGCGGTCGACCTCGCCGTCGGCCTCGTCGCCACGCGGGGGTGGGGCTACGAGCACGCCGGGTGGGGCCTGCTGGTCGGGGCCGCACTGTTCGCCGGGCTCACGACGCGGCACGCGGTCCGCATGCTCCGCCGGGCCGACTACTTCGCCTACGCCGCGTACTGATGGACGGCGTCCCCTACGGCCTCGAACTGATGGTGGGCCTGCTCCGGGTGAGCGTGGTCGCCCTGGTCTCGTTCGTCCTCTTTACACGCGCGGCGCTGCCCGGCCCGCCGAAGACCTCGTCGTGGGAGGGGCGCGGCTGGGGCGACGCCGTGCTGGGGGTCTCGGCGACAGTCGTCGCGGCCTCCGCGCTCGGCGTGCTCGGCCTGCTCGACACGATGTCGCTCGCGACCACGCTCGCGCTCGCGCTCGCCGGGGGCGCGGTGCTTCGGTACCGCCGGGTCTGGCGCCGCACCCTGCTCCTCACCTACGCCGACGGGCTCCGGTGGCTGGAGCGGCTCGTCCCTCCGGGCCCCATCGCCCCCGGCGCCGACGACCCCCCATCCGACCCGGTGTCGATCCGGGCCCTCCTCGTCCCCGACCGTCCTAGGTCGGCGGCACGGTCGGTCGATCCACAGCAGGCGACGGCGATGTCGTGGAGGGCGTCGGTCGGCGTCGTCGCCGTCGTGGCCATCGGGGTGCGTCTGATCCCCGCCTTCGCCGAGCCGGCGCCGTTCACGCTCCGGTTCTACGCCAGTTTGGAGACGCTCAAGGGGCTGATGGTCGGGGCGCCGACGGGGAGCGAGGGCGGCTGGGGGCTGCCCGCGCTGGCGCTGGCGCTCTCCGAGATGGCGCGCGTGGAGCCCTCGCTCGTGCTGCGTGGGGCGGGCGCGGTCGCGGCCGGGGCCGTCACCTACGGGGTCTGGAAGACGGTCCGCTTTTACTGGGGCGGTCCGGTGGGCGCCTTTGCGGGCGCGCTGCTCGTGGCGGTCGGCGGGCCGCTGTTGGCCGTGCCCATCGAGCGGCAGGCAGGCGCCGAGCCGCTGCTCCTGGCCGCGGCGCTCGCGCTGCCCGTCTTTCCCCACCTCGCCGCCTACGTGGGGGACGGCAACCGGCGCGGCATCTCCGTCGGGCTCGTCGGGCTGATGGCGACGGGCCTGGTGTACCCGGCCGTCGGGGCGCTGCTGGCGGCGCTCGTCGGCCTGCACGTGCTGGCGATCGTGGTGCAGGTCCGGGTGCGCCGGGCCCTCGGCGGGCAGCGACGGGGCCACTACCGCGACCGGGGACTCGTCCGCCGCGCGGGACTGCTGCTGGGGGCGGGGGCTGCGTTTGCCGGCGCGTGGCGTGGGTACGTGCTCCTGCTCGACACCCTGGGCCTCGAGGGGTCCGTGTTCTTTTTCGAGAACGCGGACGTCGCCGTCGCCCTCCCCGGGGCGGTCGCGCTGGTGCTGGGCGGGCTGCTGGTGGTGGCGCCCATCGTGCCCGGCCGGTCCATCTACTCGGAGATGCTCCCCCGGCCCGGCGCGCTGGTCCGGAACGGGGCCCAGACGCTCGGCCTGCTGGCGGTGTGGGTGGGCACCGGCGGCGACCTCGTGGGCGTCTCCGGCGGCGCCGCGGTGCTGTTGACGTGCTCGGTGGCCATCGCCGCGGGGCTCCTCGTCAACGAGGTCTACATCCGCGTCGTGGAGCCGCTCCGGATTCTGGTCCTGGGCGTCGGGCGGGCCCCCGTCTGGGCCCCGTCGGCGGTGGCGCTCGCCGCGGCGTTTGTGGTCGTGACGACCGGCTGGGGCGTGCCGGTGCCCGGGCCGCCCGTCGAGCCGGCCGGCTTCGTCGAAGCGTTTCAGGACATCGCCGACCATTCGATCCCTTACACCTGGACCGTCGTCTCCCACAACGGGATCGGCCTCCGGGCCCGGCACCGAGGCCGCTTCATGGACTACGAGTACTTCCTCCAGAACTTCGACGCCGGTTGGTACTCGCACCACGGCCGCGACGCGATCCCGACGCCCGACGTCTACCTCTTCCTCGAGCGCGGCCGCGGCCCCTCACTCGTGCGGGAAGAGCTGAGGCCCTCGGGGCGCCGCCATTCGGAGCGGTTGCGCACGTGGGTCGACACCTACGCCCGTCGCGACGACCTGCCGGCCACGCTGACCGTCGTCTACCGCGACGACGAGGTCGAGGTGCTCCGCCTCGGTCGCCCGGCCGGCACGCTGCTCGAAGTGCCCGCCGACCTCGTCATCCCCGGCGCGCCCGCGCCGATCGCTCGCGCCGACGCCCGATGACCGCCCTCCGCGCCCTGCTCGCCGTCGTCGGCATCGCGGCCACCGTCCTCGTCGGGTCCCGGATGCTCGCGGCCGACGCGGACGCCCGCTTCGTGGCGGTCGTCGACCGGCCGGTGGCTGCACGCGCCGCCGAGGTGCTCCTGCTCGTCGACGGAACGGACCCCTACGCCGCGCCCGTCGTCGAGCACGTGCGGACGGCCCTGGGGCGGACCCGCGTCGCGTTCGCGGAACACGACCTCGCGTCCGGCCAGCCGCTCCCGCCGCTCGGCTCGATGCAGGCGGTGCTGACCGTCGTCGAACGCTTGGGCCAGATGTCCGACGAGGACGCCCGCGAGCTGTCCGCGTTCGTGCGCGGCGGAGGCGGGCTGGCGGTGTTGTACCGGGGGCACGACGCCCGTCTCGCCGGTCTTCTAGGGGTCGAGCTGACAGGGGCGCCTCGGTTTTCGACCGCCCCGGAGCCCCTGACGTTCACAGACGCCCTGATGCCTGGGGGCGACGACCTCACGCTCCAGCCGGTGGCGCTGTCCGCCCTCGACGTGCGCGCCGCGTCCGACTGCGACGTGTTCGCCGAGCGCGAGCAGGGCCGGCCGCTGGCGTGGACGTGCGCCCGGGGCGCAGGCCGCGTCGTGTTCTGGAACACGGTCGCGCTCGGGGCGAAGGCGTTCCGAGGGCACCTGCTGCAGTCGCTGGCGCTCGTCCACCCCGCGCACGTCCGCCCGATGGCGGGGTGGGCGACCGTCTACCTCGACGACTTCCCGTCGCCGGCCTCGAACCAGCGCGTCGAGCCGATCTGGAGTGCGCACGGGGAGTCGCCCGCGACGTTCTACGCCCATCGGTGGTACCCGGACATGGTGGCGATCGGGGAGCGCTACGACCTCCCCTACACGAGCACAGTCATCTATTCCTACAACGGCCGCACGACCCCGCCCTTCGATCTCGGGGAGTGGCTGACCGGCCGGGTCCAGAGCTTCGGCGGGCTGGTCCCGTACGCGCCCTACATCATGGCGGAGGACGCAGGGCGCTCGGAGCTGGCGCTCCACGGCTACAACCACGAGCCGCTCCGCCTTGACGTCTGGGGCACGCAAGCGCCCATGATCGACGCGCTCCGGGTCGCGCGGCGTCGCTGGGTCTCGGAGGACGCCGCACCGCTGCCCACAACGTACGTCCCGCCGATGAACCGCATCGACTCGGTC
CP177357.1_gap33	1455507	1457020	1513	TGGTCGGGCTGTCGGCCTGCGTGACCCCGCCCCCGCCATCGCAGGCGGAGGTGTCCCGAGAGTCGCGCCGGGCCGCCCTGCACGGCGCCGGGACGTTCGCGGCGATCTTGTCGGAGCGCGCAGAGCTGGACGCCCTGGCAAGCTTCGACGTCGTCATCCTCGACCCCGACACCTACGAGGCCGACGACGTGGTCGCGCTCCGGGACGCCGGGGTGGCCACGCTGGGCTACGTCAACATCGGCGAGATCGAGGACTGGCGCTCGCACGCGCCCACCGTGGATCCGTTGTGGGTGCTCGGGGAAAACCCCGCGTGGCCCGGCCACCAGTTTATCGACGCCCGCCAGCCGGGTTGGCGCGAGCTCATCGTCGGGACGGTCGCGCGGCTCGTCGTCGCCAAGGGATTCGACGGCCTGTTCCTCGACATGGCCGACGTCGCCGCACCCGCCCTGTTTCCCGAGACGGCTGACGGGGTCGTCGCGCTCGTCGAGGCGCTCCGCGAGGCGTACCCGATGCACGCGATCGTGATGAACCGGGGGCTCTTCCTCCTCGACCGGGTGGAGCCCGCGCTCGACGGCCTGCTGGTCGAGGGCGTGTGGGCCCGACTCTCGCCGGACGGCGCGTACGTTCGGACGCCGGCCGACGAGACCGACCGATTGGTCGCCGCCCTACGCCGCATGCGCCAAGCCGGCGGCGGCGCCTTCGCCGTCGATTATGCCGACACCGACCGCCTCCGCGCCCATGCCCTCGACGCCGCCCGCCGTGCCCGACTCCCCATCTACGTCGGCCGGCGAGCCCTCGGTGGGCCCGAACTGGACGGACGAACAGGCTGGTAGCGCCGACGTCGCGCTCGTCCTCGAAGGCACGTATCCCTACGCCATCGGCGGGGTGTCGACCTGGCTGGACGGCCTGATCCGGGCGTCGCCGGATGTCTCATTCGGTGTGTGTCATCTATATGCAGGACAGCGGCCGGGCGCCCCGGCGTTCGAGCGTCCGGACAACGTGGTCTGGCACACCGACCTGCGTCTTCCGGACGCGCTCGACGCGATCGACCCCGACGAGTTGGCGGCCCAGTTGCCCGCGTGCGACGTGGTCCACGCCTTGTCGACGGGGTTTGCCGGGCTCGTCGGGCGTTCGATCAAGCGCCAGCGCGGCGTCCCACTCGTCGTGACCGAGCACGGCGTGTACTGGCACGAGGTCGAGCAGGGGGCACCGGAGCTCGAGACCGGCTTGCGGCTGCTAGGCGCGGACGCGTCGGGGGGCAACCCCTGCGCGAGCCGGGCGGGCTGGGTGGACTGGTTCAAGGACGCGGCGCGGCAGGCCTTTGCGGCCGCCGACGTGGTAACGACCGTGACGGCGGCGAACCTGTCCTTGCAGGCGGCCGTCGGGTTCGAGGACGCCCTCGTGATCCCCAACGGCGTCGCCCCGCCCGCGTCGCGTGGGCCATTGAGCCCCCGGGAGCTTGCGGAGGTGGAGGCCTCGGCCCGGCTCGACGCCTCGTTTCGCGTGGTCTACC
CP177357.1_gap34	1536999	1540139	3140	CGACGGCGCTGTCGCCCCGGCGACCCCGGCCGACGCGTAGTCCGTCCAGCTCTCGACCCTGCGGCCCCGCTCGCCTCCACACGGAGCGGGCGGGGCCGCGTCGTTGGGACCATCTTCCGCAGACCGCAGACCGCAGACCGCAGACCGCAGACCGCAGACCGCAGACCGCAGACCGTACTACCCATGACCCGCTTCCTCGCCCTCGTCGCCCTGCTGGCGCTCGTCGCCAGCGCCCCGCTCGCCCAGGACTTGGGCGAGACCGAATTCGCCAACTCCGGCGCCGCCGAGGCCCAGGAGCCGTTTTTGCGCGGCCTGTTGCTGCTCCACTCGTTCGAGTACGACGACGCTCGGGAGGCCTTTCAGCAAGCGCGAGCCCTCGACCCCGACTTCGCGATGGCGGCGTGGGGCGAGGCGATGACCCACAACCACCCGGTCTGGCAGCGCCAAGACCGCGACGCCATGCGGGCCGCCCTGGATGGCGTCGAGACGTTTCCAAAGACGCCCCGCGAGCTCGACTACCTGGGCACGTTGAGCGTGCTCGCGGGTGAAGGCGAGAAGGACGAGCGCGACGACGCCTACGCCGAGGCGATGCGCGAGCTGGCGGACGCCTACCCCGACGACCTCGACGCCCGGGCGTTCTACGCCCTCGCGCTCCTCGGGACGGCGCACGAGGGCCGCGACTTCGCGACCTACATGCAGGCGGCCGCCGTCGCCGAGGAGGTGTTCGCCGAGAACCCGCGCCACCCGGGCGCGGCGCACTACCTCATCCACGCCTACGACGACCCGGTCCACGCCCCGCTCGGCTTGCGGCCCGCCCGCGCGTACGCCGACATCGCGCCGTCCGCGAGCCACGCGCTCCACATGCCGAGCCACATCTACCTCGCGCTCGGGCTGTGGGACGACGTGGCGGCGATGAACGAGCGGAGCTACCTCGCCGCCAAAGCCGGCACGGACCGTCGAGGCGAGGCGCTCAACGGTCATGGCTGGCACGCGCTCTGGTGGTGGCACTACGCCGCGCTCCAACTCGGCGATGTCCCGCTCGCGGACCGCCTTCTTGCCCTCGCCCGCGACCTCGACGACGGGTCGGGCACGGCGACCGCCCACCGCGTCCGGATCGGGGCCCAGCACGCGATGGCGACGGCGGACGACTCGGGGCTCGGCGACCCGCCCTCGTTGGACGTAGGCGTGTCGACCCTCGCCGTCGATGCCCTTCCCCGGGTGACGATGGCGCTGGTGCGTGGGGAGGAGGGCCGAGCGCGCGAGGTTCTGGCCACGCTCGCAGCGGCGGTGCGGGCGGCCGGCGACGTGCCCTGGCATGCGGAGGCGACCCTGTGGATGGTCCGGTCCGCGCTCGACACGTACGCGGGCAACGAGCCGGCGGCGATCGAGAAGCTGGAGCGAGCGGCCCAGCTTGAGCGCGAGGCCCCGCTCACCTTTGGCCCCCCGGCCCCCGTGAAGATGGCCAACGAGATGCTGGGTGCCGCCTGGGCAATGGGGGGGCGCTGGGCGGAGGCCAGGGGCGCGCTCGAGGCCGCGCTCGCCCGTGCCCCCGAGCGCCGGTCGGTGATCGAGTGGCTCGACGCGGTGGAGGAAGGCGAGCGGGCGGCGGCGACCGGCGGCGAGTAATCGCGGCGAATCGGGCCGAGCGGTGGAACGGGGCCGCGCGCCAGCGATACCGACGGGACAACTGTCTATCAACCGAATGGAATTGACCCCCGCCGTCGAGCGGACGCGCCTGGACTCGGGCGTCCGCGTCCTGACTGAAACCGTTCCCTCCGTCGGGTCCGTCGCCGTCGGCGCGTTCGTCGACGCCGGCAGCCGAGACGAGGCCGCCGCGGAGGGCGGCATCACGCACTTTATCGAACACATGGTGTTCAAGGGGACCGGGCGCCGCGCCGGGTACCTCATCAACCAGCGGATGGAGTCGGTGGGCGGCTACATGAACGCCTTCACGACCAAGGAGCACACGTGCTTCTACGCACGCGGCTTGCGCGAGCACCTCGGCCGCAGCTTGGAGTCTGTCCTCGACCTGGTGACGCAGCCAACGCTGCCGGCCAAGGAGATCGAGAAGGAGAAGGACGTCGTGGTCGAGGAGATCAAGATGTACGAGGACGCGCCCGAGGACCACATCTTCGACCACTACGAGGCGCTACTCTACCCGGACCACCCGCTCGGCCGCCCGGTCATCGGCACGCCCGAATCCGTCCGCTCGTTTTCGCGCGACGACCTCGCGGGCTTTATCGGCCGCCACTACGTGCCCGACCGCCTCGTCGTCTCCGTCGCCGGCGCCGTCCGCCACAGCGACGTGGTGCGCCGCGTCGAGACCTTGCTGGCCGACTTCGACCGCGCGCCCGCGCCCGCCGACCGCGCCCCGGCGAACGGGTACACGCCAGGCGACGTCGTGATCGAGCGGCCCGTGCAGCAGGCGCACCTCGTCATGGGCACGCGCTCGTTCGGCATCGAGGACCCGCGCCGGACCGTGCTCTCCGTGCTCAATACGATCCTGGGCGGCGGGATGTCGAGCCGGCTCAACCAGAACATCCGCGAGAAGTACGGCTGGTGCTACTCCGTGTACTCGTTCACGAACGTCCAGACCGACTCGGGCGACGTGGGCGTCTACATCGGGACCGACGCCAGCCGCGTCGACCGCTCGCGCGTGCTCATCGAGCGCGAGCTGACCAAGCTGGCGGAGACGGAGGTCAGCCCGCGAATGCTGTCGCGCGCCAAGCACCAGCTCAAGGGCTCCATCATCCTGGGCCTGGAGAGCACGTCGAACCGGATGCAGCGGCTCGGCCGCGTCGAGCTGGCGTTCGACCGGATCGTGCCCATCGCCGAGGTCGTCGGCGAGATCGACGCCGTGACGGCCGCCGAGGTGCGCGACCTCGCCGCCGAGCTGTTCGCGCCCGGCCGCCTGTCCTCGGCCGTCCTGCTTCCCTCCGACCGCTAGACGATCTCGGGAGCGATCCCCGATTCGCTCAAGCCGCACGGCGCTCCGCCGATGCCCTGCACGCCCTCCGCCTCCACTGATCCCGCACCCATGGCTTTCCGCTTTGCCGGCCGTCCCGTCCTCGTCACCGGCGCCGCCGGCTTTATCGGCTCGCACGTCGCCGACCGCCTCGTCGCCGAGGGCTGCCAGGTCC
CP177357.1_gap35	1568714	1572273	3559	CCACCGACACCTCGTCAGCTTCACGCTCGACGCCCTCGAGGGCCGGCTCGACCCCGACCGGTTTATGCGGGTCCACCGCAACGCGATCGTCAATCTGGGCGCGATCCGCGAGATGATCCCCTGGTTCTCGGGCCGCTACAAGCTGGCGCTGTCCGGCGGGATGGAGGTCACCGCGAGCCGTGCACGGTCGCGAGAACTCCGGGCCCGGCTCAGTCTGTAACCCCGCCGTTCCCTTTCGCCTGGCCGATTGGAGGGGGACGTGGGAGACCCGATCTACAAGGGGCCTATGCGCCTCTCTCCTCGCCTCCTCGTCGTCGTCGTTGCCCTGTGCGGGCTGGCGACCTCCGCTCCCGCCCAGACCGCCCCGGAGACCGTCCGCGTCCGGCTCCTGGACCGCCAGGCTCCTAGCCGCGTCACCGTCGAGGCCGATGGCCCCCTCTACGTGAGCGTCGACGGCGCCGACCGGGGGGCCGCCCTCGGCGGCACGCCCCTGACGCTGAGCGCACGCGGCGCCGAGGCCCGTGCCGAGTTCGGCGGCGCCGACCTGTCGGCCGGCGAGATCCGCCTGACGGGCGAGCGCCTGCGCGTCCGCGCCGCGGGCGTCGACCGGGTGTACGCCGGGGCCCTCGTCGCGTTCGTAGAGGGCGGCCGGCTCCGGCTCGTCAACCACACGCCGACCGAGCCCTACGTCGCCAGCGTCGTCGCCAGCGAGTTCGGGTTCAACGCGCTCGAAGGCGCCAAGGCGCAGGCCGTGCTGGCACGGACCTACGCGGCGCGCCGGGCCGGCCAGCACGCGCGGCACGACCTCGACGACCACACCGGCTCCCAGGTCTTCCACGGGATCGACGCGGCGACGGACGTCGCGCGGCGCGCGGCGCACGAGACGGCCGGCGAGGTGCTCGCGTACCGCGGCCAGCTCGCCGACGCCTTCTACTTCTCGTCGTCCGGCGGCCACACGGCCGACAACGACGCCGTCTGGAGCGGCCAGCCCCTCCCCTACCTCCGCGGCGTCCCCGACCCCTACGACCAGGGCGCCCCCGACCACACGTGGCAGACCACCGCCAGCCGCTCGGCCGTCTTGCGGGCGCTCTCGTCCGAGGTCGGCGGCTCGGTGACCGGGCTCGAGGTAACGCGCCGCTCGCGCTCGGGCCGCGTGCTCGAGATCCGCGCCATCGGCGGGCGGCGCGGGACGCTCACCGGCCCCCAGTTCCGCCGCGCTGTCAACGCCGTCGCGGGCGGCCGGACCGTCCGGAGCACGCGGTTCGAGGTCTCGGTCTCCGGCGACCGCTACGTCTTCACGGGCAGCGGGTTCGGCCACGGCGTCGGGCTCAGCCAGTACGGCGCGCTCGGGCAGTCGCAGCAGGGCCGCACCTACCGCCAGATCCTGGGCCACTACTTCCAAGGGACGGAGGTGTCCGGGACGGCCCCGTTCGCCGCGCCGCTGCTGGTCGCCACCGCCGCCGACGCCCCGGCCCGCACGCAGCCGACTCCTCGCCACCGTGCCGACCGGGTGGCCGAGCCTGGCGACGCCGCGCAGGCGATCCCGCGCGAGCCCTCGTCGCTCCGTACACGCTATCTCCCCGCTTCCGGCCGCCGCTGGCCGACGCCCCGCCGCGAGACGCGCGAGTCCGCCGACCCGCCAGCCGACGTTCGAGAGCGCGTCGAGTTGCCCGCCCGGCCCGCCGCGCCCGTCGTCGCCGCCCGGCGCGATGCGGACACCCCGGACGAGTCGACCCCGCGCCGCCGCACGGCCTGGTAAGCAGGACGGCATCGGGGCGCCCGGCCCAGTGACTCCCCCCGCTCGTCTGCCCTGAGCGCTGCGATGGGCGCTTGGACGGGGAGAGCGAGCACGCCCCCGAGGCGTGCCCGCATCCGGCCAAGGCTTCCCCGCACCCGCCCGGGGTCCATCCGCACGATCCAGGGGCACATCCGCACGACCCTATCGGGCTTCCGCACGATCCCGAGGTCCATCCACACCCGCATCTTGCCCATCCGCAGTTAGGAACAGGCGATCCGCCATCGGGCCGGCAGGGAGCGGCCGCTCATTCCGCCGAGACGCGTCTCCCGGCCTACCGCTCCACGGCGACCGTCGCCTCGCCACCCGGCCGCCACCACCCGCGCGCCATGCGAGGCGTCGAGAACGCCCAGCCCGCCACGCCGGCCGCGTTGAGGGCGATGACGCCACCCGTCGCGACGCGAGCGCCCGGCCACACGACGCGCGCCGCCATGTCGGCCAACGCGGCTGCCGCCGTGGCCTCGGGGTCGGCGCCGACGGACCGGGCTGCGAGCTGCGTCGTAAGGATCGCCTCGCCCCAGCCCGTCGTCGACGCCGCGCCCCGGGCGTCCGCATAGAACCCGGCTCCGGGGATGGGCGAGTCGCCGACCCGGCCGGACCGCGTCAGCGGGGCGCCGCCCGTCGAGGTCGCCGCCGCCACGCGCCCCTCGGCGTCCCGGACCACGCACCCGACCGTCCCGCGCGGCACGTCCATCTCGCCTGAAAACGCCGCGCTCGTGTGGAAGTCGGGGGTCGACGTGAGGCGCTCGTACCGCGCACGCTCGCGGTCGACGATCAGCGACTGTGGCGAGACCGACGGCAGCCCGACTTCGGCGGCAAACCGCTCGGCGCCCTCGGCGACGAGCAGCCGCGCCTGGCCGTCGGCTGACAGCAGCGCCTGCGCAAGCCGGACCGGGTTTTTAACTCTGCGCACGTTCGCGACGGCGCCCCACCGAAGGTCCGTCCCGTCCATTACGCCCGCGTCGAGTTGGGGCAAGCCGTCGCGGTCGAGCACGGCGCCGCGGCCCGCGTCGAAGGCGGGGTGGTCTTCGAGCGCGGCCACCGTTTCGACGGCGATGGCGAGCGCTGACCGCCCGTGCTCGAAGGCGCGACGCGCCACGCGCAGGGCCCGCGTCAGACCGTCCAGGTGCTCCGCGAGCCCATCGTCGGGGATGTCCCACGCGCCGCCGTGGATCAGGACGAGCGGCCCGTCGCCAGGGACCGTCCCGGACAGCGGGCTAGACAAAGTGGCCGAAGGCATTCTCGAAGTGCTCGATGTCCGGCGCGCCGCCGCCGAAGAGGACCGCGACCACGTCGAACCGCGTCGGCGACGGGATCAGCCGGCGCTCGTGGAGATACGCCTCGGCGACGCGCTTGATGGCCTTCTGCTTGGGCTCGTCGACGGCCGCCTCGGGCCGCCCGAAGCCGGTCCCGCTCCGCGCCTTGACCTCGACGAAGACGATCATGCCGCCGTCGTTGCGCGCGTTCGGCTCGAAGGCGACGATGTCGACCTCCTCGCGTCCGAAGCGGTAGTTGCGGTCCATCACGCGGTAGCCCTTGGCCTCGAGAAAGTCGGCGGCCACGTCCTCGCCCCGGCGCCCGACGTCGGCGGCCGTCACGAATCGTCGCGCCCGCGGCGCAGCTTAGAGGCGAAGTTGGTGACCCGGCGGACGCTGTCGGTGCTCCGGCCGCGGACGAGCGGGAGGAGCGCGCCGGTAAAGTCCTCGAACACCTGGATGATGTCGACCATCGCGTCGACGCGGTCGGCCAGCTCGGCGTCGGCCG
CP177357.1_gap36	1585561	1589370	3809	TGCGGGACGCGGTGCGGGCCGTGGCAACGGCGCATCCCTATGACGAGCCGGCCATCGACGTGTACGCGGTCGAGAACCGGACGACGCGGCAGGGCTACGGGGCGGTCGGGACGCTGGCGGCGCCGGAATCGCTGGCGGCGTTTTTGGCTCGCGTCCGCGATGCGCTCGGGGCGGGCGCGCTGCGCTACGTCGGCGACGACGGGCAGACCGTCGAGCGCGTCGCCGTCTGCGGTGGGTCCGGGCTGTCGTTCCTGCCCGCCGCGCTCGCGGCCGGCGCGGACGCGTACGTGACGGCCGACGTGACGTACCACCGCTTTTTCGAGGCGCTCGACCCCGAGGGCGCGCCCCGGCTGGCGCTCGTCGACGCCGGGCACTACGAGACCGAGGCCGTCACGGAGCGCCTGATCGCGGACCACCTCCGGGCCGCCCTGCCCGGCCTCGCGGTCGACGTGACGCGGCACCGGACCTCGCCGATGCGGACGTTCGTCGGTAGGACTGGGGGCTGAGCGGACGCTGAGTCCCAGGGCGGCATACCGGCAACCGATGACCGAAAATCGAGGACTGGGCCGACAATTCGCTCCGGTCTCAAAACTGCGAGGCTCCGGGGGCGGTACCCTGCCCGACTCCCCACGCGCACATCTCCAATGGCGACGACCGACACGACCACGATCGAGGACCAGCTCCGCGCCCTCGTTCGCCTCCAGATCATCGACACCAAGATCGATCAGCTGACCAAGCTCCGCGGCGACCTCCCGGACGAGATCCGGGACCTCGAGGACGAGCGGGCCGGCCTCCAGACGCGGCTCGGCAAGATCGACCAGGACAAGAAGGAGGCCGAGGTCCAGAAGAAGAAGCTCAAGCTGGACATCGCCGAGTCCGAGGGGCTCATTCGCAAGTACGAGGAGCAGCAGCTCCAGGTCCGCAACAACCGCGAGTACGATGCGCTGACGAAGGAGATAGAGGCCCACCGCCAGCGCATCGGCGCGGCGTACGAGGAGATCGAGCGGTACGACAACCTCGACACCGACTCGGCCGAGACGGTCGACGGCGCCGACGACACGCTCAAGGAGCTCGAGGCCCGGATCGCCGACAAGCGCGTCGAGCTCGACCGCGTCGTCGAGGAGACGAAGGCCGAGCAGGAGACGTACGAGAAGCAGCGCGAGAAGGCCGCCAAGCAGATCGACGAGCGGTACCGCCGCGCGTACGAGCGTCTGCGGACGCGCGTCCGCGACGGCCGGGCCGTGGTTCCGATCGAGCGCGGCGCCGCCGCCGGCTTCATCGTGCCGCCGCAGCGCCAGGTCGAGGTCCGCCAGCGCGACCGGATCATCGTCTCGGAGCACGACGGCCGCATCATCGTGGACGACGCGCTGTTCTCCGAGGAGGCGGCGTAGTCCGAATCCACGCGACCTTGAGCGGGCGCTGGCCCCACGGTCGGCGCCCGTTCGTTGTTTACGAGCGCGTCGGCCGGGCCGCCGCCTCGGGGCTCGCCCCGGGGAGGAACGTCCGGACACCACAGGGCACTGTGCTTCCTAACAGGAAGGCGCCCCGCCTCGGCGGGGTGACGGCAGGTGCAACAGAGAACAGACCAGCCGATGGTCCCGCAACCGCCTTCGGGCTGCGCGGGACACAGGTGATGGGTGAAACGGTGGGGTAAGAGCCCACCAGCGCGGCCGGCGACGGTCGCGGCTAGGCAAACCCCACGGGGTGCAAGGCCACGCAACGTCCGCCCGGGCTCGTCCCGGAAAGGGTGCCCGCCCGAGGACGTGGGTAGGCCGCTCGAGGCCGCCGGCGACGGCGGTCCCAGATAGATGGCGGCACAGGCCGCGGCGTGACGCCCGCGGCCGGACAGAATCCGGCGTACAGGCCGACGCGGTCAGCGGGGCCCGCTCTTCGGGGCGGGCCCCGTTTTTTTGTTGGGGAGTGGGGTCGCCTCTTTCTTGCCCCATTTAGGCCTTTGTCGATCGCGGCGCTCGTCACTCTGAGTACCCGCGTGTGCGGGGAGGACGGCTGGGGAGAGGACGCCTGGCTCGTGCTGCCCTCCCCATCTGCTCTCGGTGAGACGGCGGCCACAAAATACGAGGGCGCCCCGAGTGATCGGAGCGCCCTCACGAGGTGTTGAGCTGGGGCCGGACGGAGCGCACCGCCGTCTGCGGTCCGTCGTCCGTCGTCCGTCGTCCTGATTACTCCTGGGTCGGGGGGACGTCGGGGGCAGTCGGCGTGGCGGGGTTGGCGGTCGAGGGGGCCGGGGCGGCGTCGCCCTCGATGGGCGCCTCGATGGCCGACGGGGCCGCGGCGGGCAGCTCACCGGCGCGCTCCTGCAGGATGGAGCCGTCGCGGCCGGCGCGCGGGATGAAGAACGTCGTGACGAGGCACAACCCGAGGAAGAGCCAGCCGAGGGACCACGTGGCCTTCTCGAGGAAGTCGGGGGCCTGGCGGGCCCCCAGGATCTGGGTCGTCTGGCCGCCGGCGGCGATGCCGGCGAGGCCGCCGCCCTTGCCGCTCTGGAGCAGGACCGCAATGCCCATCAGCAGGGCGACGATCAGGATGACGACGATGAGGAGGTAGAACACGGGTCGGTCGGGGGGGAGTCGGTGCGCAAGCTAGCGCCCGGGCGACCGGACACGCGCGCCGAACCTCGGTGAAGACGGGGGCTGACGGGGCGACGGTGAGCCGGCGCCCCGGGCGGTTTCTCCCGTCATGTCCGAATCCTCCTCTGGTTCCCTCGGGGCACGTGCCAGACGCGCCGCTTGCACGTCCGTATTCTCAGGTCGTGCCCCACACGGGCCGTGTAAACCGGCACGCCCACCGAGCGCCCCTTCGATGCCCCCTCCCCTGCGTCACGACGTCGTCTTCGAATCGCACGGGACCCGGTGCGCCGGCTGGTTCTACGTGCCCGACGGCGAGGGGCCGTTTCCCACCGTCGTCATGGCCCACGGCCTTGGCTGCGTCAAAGAGATGCGCCTGGACGCGTTCGCCGAGCGGTTCCGCGCGGCGGGTTACGCCTGCCTCGTCTTCGACTACCGCCACTTCGGGGCCAGCGACGGGGAGCCCCGCCAGCTCCTAAGCATCTCGCGCCAGCTGGAGGACTGGGCCGCGGCCGTCGCCTTTGCGCGGAGCCAGCCCCAGGTGGACCCCGACCGCGTCGTGCTGTGGGGCTCGTCGCTGAGCGGCGGGCACGTGCTTGAGGTGGCCGCAGACGACCCGCGCGTGGCCGCCGTGATCTCCCAGGTCCCCCACGTGAGCGGGTACGCGTCGCTCCGGAGCGAGCGGCTGACGACCGTCGCCCGGCTTTCGATACACGGGTTGTACGACTCGGTCCGAGCCCTGCTTCGGCAGCCTCCGCACTACGTCCTGTCCAGCGCGAGCGAGGGCGAGACGGGCTTACTCAACGCGCCGGGCGAGTGCGAGGGGTACCTCGGCCTGGTACCCGACGGGCTGGCGTTCGACCGGCGCGTGGCCGCCCGGTTCGTGCTGGCCATCGGGCTGTACTCGCCCGGCCGTGCCCTCCCGAGGCTCCAGATGCCGACACTCGTCCAGGTGGCGCGGGGCGACCTGACAACGCCGGCCGGGCCGGCCATCGAGGCGTGCGAGCGGGCCCCGAACGCCACGCTGATCCAGTACGGCGGCGGCCACTTCGATCCGTACACCGAGCCGCTGTTCGGGAAAGTCGTCGGCGACCAGCTCGACTTTCTCGCCCGACACGTCGAGCCCCTCGCGGGGCAGGCGGAGGGGTCCGCGCCGCGCGCCGCCGCTGGAGACGAGCACGCCTAAGGGCGGCCTCGGCTGGTCGCTGACGTCGCCGGAGACCG
CP177357.1_gap37	1598296	1599520	1224	CCATGATCGATGCGCTCCGGCCGGGCGAGACGGTCCGCGTGGTCGTGCAGAGCGCCGACCACGCCGAGACCGTGCGCCAGCGGCTGGCGGCGAGCGGGATCGAGAGCACGGTCGACGCCGGGCGAGCGGAGGCCCCGGGCGCCCGCGGTGTCCGCCTCCACGTCTGGCCCACCGACGACGAGTGGATCCGAGACTTTGGCGCCCTGGTGGTCGCCGACGACGGCGGGCGTCGGCTGGCGACGGACTGGGTGTTCAACGCCTGGGGCGGCAAGTACGACCGGACGGAACAGAACAACACGGTCCCCACGGCGATGGCCGCCGTCCACGAGCTGGCCCGGGTCCCCTTCGACCTCGTGATGGAGGGCGGCTCCGTCGACGTGAACGGCGTCGGGCTGGCGCTGACGACGGAGAGCTGTCTGCTGAACCAGAACCGCAACCCCGGCCTCTCCAAGGCCGACGTCGAGCAGCTCCTGCTGGACGGGCTCGGCGTGACCGAGACGATCTGGCTCGGCGACGGGATCGCGGGCGACGACACGGACGGCCACGTCGACGACTTCGCGCGATTCGTCGGCGAGCGGACGGTCGTCGTGGCGCAGGAGCCGGACCCGACGGACGTCAACCACGCCCCGCTGGCGCACGCCGCCGAGCGCCTCCGCGCCTGGCGGGGCCGTGACGGGCACGGGCTCGAGGTCCACCCGCTGCCGATGCCCCCGGCGCTCTTCCACGACGGGGAACGCCTGCCCGCCAGCTACGCCAACTTCTTGATCGGCAACGCCGCCGTGCTGATGCCGGCGTTCGGCGTCGCCCAGGACGACCACGCGGCAGACGTGCTGGAGCGGCTCACCGGCCGGCCGGTCGCCCGGATCCCTGCGCGGCACCTCGTCTGGGGGCTCGGCGCCTGCCACTGCCTCAGCCAGGACGTGCCGGCCTAGCCACTGCGATGCCCGACCCCTCCCCATCGGCGGTGCGCTTCGGCCAACGCGCGCGACCTCAGGATCATGACCCGTCTCCTCACGCTCTCGCTCCTCACCCTCGCCGCGTGCGCCGCCCCCGAGGTGCCTCTTCCCTACAGCCAGCTCCACGGCGCCGCCCGCGACACGCGCCTCGACGGCGTGCTCGATGACGGGCGGATTGCCCCTGGCTGGGGCCTGACCGACTCGACGGCCGCGCTGCCCGACACGCTCGACCTGCCCCGGATGTCGGCGCTCGACTGGACGCTGGCGA
CP177357.1_gap38	1600797	1601321	524	CCCCGTCAGGGTTGCTCCGGATTGCGGACTCCAGACCACCTTTCCCACACAGATCAGCGCGCCCCCCCTCTCCCAACCCGGGTCTTCTCATGACAACCTTTCGCATGCTCGGCGCCGTCCTCGTGCTGGGCCTCTTCCTCTCCGGCTGTGCGTCGGAAGAGTTCACTCCAACCGCCGTAGGCGACGCCGCGACGGCCGCCACCCCTGGGGCGGTCGCGTACGCCAACGCCGACGACCCCGAGGCGCAGATCTCGGCCATGATCGACGACGCCAACCTGACCCTCGAGGGCGAGGGCGTTCAGATCCTCATGGGCGAGTGGGTCGGCAACCCCGACGGCGGCATCGCGGGCGGCACGGTCATCGCCAAGGACGTGGGCAACAAGCGCCTGACGGCCGACTTCGTCCCGTTCGACGGCCGCCGCACCTGGAGCGGCGCGGCCCCCGCCAGCGACAACGTGACCTACGCCATCGACCAGACGGGCGACGCCGTCCCGTTCTTCGGCGGGCTCACCGGGGCCGAGACC
CP177357.1_gap39	1665135	1668267	3132	GCGGAGTTGCTCCATGGTCGAGCGGTAGGCGTGCTCCAGCACCTCGGTGCGCGAGGCGAACGAGAACACGTTGGTAAAGAACATCATGTAGTCGTCCTTCGGCGGCTCGAAGAGCAGCAGGTCGGCGCCCTCGAAACGGGCCTCGTAGGCCGCCATCCCCGTCCCCATGCGGCTGTGGATGAGCGTGCGGAAGGTCTGAGCCATGACGCCGGGCATGCCGCGGTCAGTCAAGCGGCCCCGCTTCATGGCCCCCTCCGCGACCGCTCGCGCGGTGTCGACGGGGACAATGGGGTTGACGCACAGCACGAGCCCGGCGCCGTGCGCGAACGCCACCGACGCGTGGACGGTCTTGTTGAGCACGCCGTCGACGTAGTGGCGCCCCTCGATCTCGACCGGCGGGTACAGCCCGGGGAGCGCCGTCGAGGCCTGGACCGCGAGCGAGATCGGGACGTGCTCGGCGCCCGGCGACCCGAAGACGACCGTCTCCGACGAGTCGAGGTCCGTCGCGACCACGAACAGCTGAGTCTGCAGCTTTCGGAAGTCGTCCGTGCGGCCCTCGACCTCGAAGAGGCGCTGGAGGTACGCCCGGAGCGGGTTGTTGTCGAACACGCCGACCGGGAGCGCGCGGCCGACGCGGCTGACGAGCTCGGACGCCAGCCCGCCACGCGGGTCGGCCAGGAACGAGCGGAACGCGCCGACAATGTGCCCGGGCAGCTGCAAGCCGCGCTTGGCGTACTCGCGGAAGGCCGGCGCCATAAAGAGCTCGGGCCGGAAGGGGTGCTCGGCGCTCGCGTGGCCCGTGACGGAGCGGACCATCTCGGCGGTCGTAATCCCGTTCGCCAGCGAGGCCCCGATGATGGCGCCCGCGGAGACGCCGACGGTCACGCCGACGGCGTTGAGGTCGAGCCCGTCGAGCGCGTCGTCGAGGGCCCGGAGGACGCCGATCTCGTAGATGGCGCCCTCCGGGCCCCCGCCGGCGAGAGCGAGGCCGATGGATCCGGTGCTGTTGTGGTCGGCGACTTTCATAACGTGTAGACATGAAACGGGCGAGCGCGGAAGGCCGCGCCCGCCCGGTGCGGTAGAGGCGAGCCTGAGACTTAGCCCCGCTGCTCCTGGATCCGGATGAGCGCGGCCTGCGCGTCCTCCTTGCCCTGGACCTTCTCGACGACGACGTCGCCCAGGCGGATCTCGTACCAGCCCCCACCGACGGCCTCGAGGACGAGCTCGTTGCTCGTCGCGCGCTCGACCTTGAGCTTCTCGATGTTGTCGGTCAGCCGCTCGACGCTCTTGGTGAGGTCGGAGATCTCCTTGCGGGTCGGGACGCCGAGCTTGGTCATCACGGCCGTGACGGCCTCGCTGAGCTGGCCCTCGGCCTTGTCAGCCGTCTCGCCGGCCATGTACTTGGCGTCCTGGACGCGGCCCTTGGCGGCGGCGGTCGCCTCGTCGGCCTTCTCCTCGACGGCCTCGCGGATGGCCTTGACGCGGTCGGCGCCGAAGCCCGGGAGGTCGATCTTCTCGCCGCGCTTGACGAGCTTCTTGAAGGTCTTCGAGCCCTCCTCCTCGGCGACCACGAGGGCGCCGAGGCCCGCGAGGAATACCTTGTTCACGGCGTCGCGGACGTCGCCGGCGGCGTCGGTGAGGTCGCGCTGGACGGTCTCGACCGTCGTCTTGACGGTGGAGACGGCGTCGGTGGCGGTCTTCTTGAACTCGCTCTGGAGCTCGTTGGCCTGCTTCTTGGCGTTGGTCTTGGTGGCGGTTGCCATGGTCGTTGGGGTCTGGGTGGGTTGGGAAATCCGTGCGTCGCGGGACGCGCAGGGTCTACTGGTCGCTGGTCGGTGCGGGGTTGTCCAAGCTTTCGAGCGTGCGCTCCAAGCCATCGAGGCGGGCGCGCAAGCGCTCCATCTCGTCGCGGACCTCGCCGATCGGGCCGGCGGGCCGGATCTTGTCGACGGCCCGGCGAGCCAGGTCGTCGACGCTCTTGCGAGCCTGGCTGATGCCCGTCTCGACGGCGCCCTCGCCAACCTTGTAAACGCGCTCTCCGGCGCGCAGCAGGTCGTGGAGGAAGCCGGCGGAGAGCACGCCGTTGCCGGACCGACCTTCCTCGGAGATGATCTGCGTGAGGACGGCGGCCGTCACGCTCTCGCCCGTCTTGTTGTCGACGACCGACACCTCGTGTCCGTCGCGGACGAATCCGGCGACCTCTTCGAGGCTGACGTAGCGGCTTTCGGCCGTGTCGTAGAGCTTGCGGCTCCCGTAGCGCTTGATGAGACGAGGCATGGGTCTGGGCGGGTTCAGGCCCTATGACGCAATGCGGCAAAGCCGGTTTCCGCATTGCGTCATTTCCCCCTCATTTCACATCGCCGTTGTAGCGACGAGTGCCTCGATTCGGGGCCCGCGAGGTGCCGCACCGCGTCAGATTCGCCCCACGCCTCTGCCCTCCTCGTAGCGGATGGCGCTGCCGCCCAGTGCTGGCGGTGTCTGCAGGCAGGGCGCCCGTCCTACGCCGCACCTCGCGGCTACAGTAAGCCGCGTGTCAGGTGGAAGTACAGGACGACCACCGGCACGGCCACCAGCGTCGCGTCGACGCGGTCGAGGAGGCCACCGTGGCCGGGCAACCACGACGCCGAGTCCTTGACGCCGACAGACCGCTTGAACTGGCTCTCGGACAAGTCACCAAGTGGGCCGAGCACGCCGCTGGCGAGTGCGATCATGGCCACGTCGAGCCACGACACGGCGTCGCCGAGCGCGCCGAGCTTGAAGGCGGCGACCATCGCAAACGCGCCCACGGCCCCGCCGATGGCGCCCTCCCACGTTTTCTTGGGCGAGATCCGTTCGAAGAGGGGCGTCTTCCCGAACGCGCGGCCCGCGAGGTACGCGAACGAGTCGGCCGACCACACGGCGAACAACACGGCCGCCGTCAGCCAGAACGCCTCGTCGCCCCGGAGCCCGATGTCGCCGACGCGGAGCAGCACGATGCTGCTCGCGAGCAGAGCCGGATAGACCACGCCGAAGACGGTCGCGGCGGCGTCGAGGAGTGGCGAGTTGCGGCGCTTGAACAGGACGGCCACCTGAATCATGGGCACGCCGGCGACCAGCACCAGCAGGGTCACCGGCGCGAGAGGCCACACGACG
CP177357.1_gap40	1717859	1719241	1382	TCTAACGCCGGCAGGCGTGCGGGAGTGCCGGGCCGTCGGTGAGGAATTCGGGCCTGCTGGCGGCGATCAGTCGTCCTCCCGCCAGAGGAGGTCGACCACGACGCGGCCGACCTGGCCCAAGCTCTCGGCGCTCACGTTCTCGGGCGTGTCGGCGGTCGTGTGCCAGGTGTCCGGGAACGGGGCGTGGATGAGGTCGACGACGGGGATGCCGGCGCGCAGGAAGGGGACGTGGTCGTCCTGGATGGCGGGACCGAGCTCGTCGACGAAGGCCGTGGCGCCGGTCCGCTCGGCGGCGGCGAACACGCGGTCGAGCACGTCGGGCGCGTGTTGCTGGGAGAACCCCTCGCGGGGGATCCGCAAGTTGCGGTCGCCGACCATGTCGAGCAGGACGCCCCAGACTGGCCGGTACGTCGGGTTGTTGAGCACGAACATCTCGGACCCCATGGCGAACGGGACACGGAGTTCGTCGGCGACGGGCCCGTTCGTGCCGAGGTCCTCGAGGTCGAAGAGGATGATGTCGACGCCGACGGCGCGCCCGATCGGGTGGACGTCGAGCAGGCGGGCGATCTCGAGCAAAACGGCGACACCGCTGGCGCCATCGTTCGCGCCGAGGACGGGCTCCAGGCGCCGCGTGGGGTCGGGATCGTTGTCGGCCTGGGGGCGGGTGTCCCAATGCGCCGCGAGCAGGATGCGGCGGCGAAGCTCAGGCTGCCACGAGGCGACGATGTTTGTGCCCGCAAACTGGCGCGCGGTGTCGCCGGGGACCGGGATCCGGATCTGCTGCTCGACGACCTGGTCGGCGTGCGCCTGCAGTCGTCGGATCAGAAACCGGCGAGTCGAGTCGTGGGCGGCGGTGCCAGGGATGCGGGGGCCGAAGTCGGTCTGGGCCTCGACGAGCGTGTAAGCGCGGGCGGCGTCGAACGCGGGGAGCGGGTCGGGGCGCGTCATCCACCACCAGGCGAGGCCGCCGACGACGAGGAGGGCGAGGGCGGCGAGGAGAAGGCGGGTCACGCGGGCACGGCGAAAAACTGGAGGTCAGCGATGGAGCCGTCGAGGGCGACGGTCTCGGGGTCGGGCAGGGTGTCGGCGATTCGGGCCGCCTCAGCGAGGGCGTCGTCCATGAGCCGCTGGCGCTCGGCGCCGGCGGCGCGGCGCAGGCCGTAGGGGGCGGCGCCCGCGAGCACGTCGTCGAGGCGCAAGCCCAGGACGGCGGGGCGGGCGTCGCGGCGCGTCCAGTCGCCGGAGGCGGGGTCGAAGCGGTACAGGGAGAGGAAGCGGCGGCCGTGCGCGGCGACGAACTCGACGGCGCTCGCGATGTAGTCGACCTCCTCGTCGCTGTGCGTAAAGTGCAGGCCGACGCGGGCCCAGCCGGGCTTCATGCC
CP177357.1_gap41	1749689	1753858	4169	CATATCGGCGACGGTGGCCGCATCCGCGCCGGGCCCGTCTGGGACTTCAACATTGCCTTCGGCAACGCCGACTATTACGGCGGCGACCGCGCCGACGGCTGGCAGGTCGACCTCGTCCCCCGCTCGCGCGACCACCCCATCCCCGGGTGGTGGCCCCAGCTCGCGCACGAGGCCGCCTTCCGCTCTGCCGCGGCCGCGCGGTGGGCCGACCTTCGCCGCGGCCCGTTCCACGCCGACTCGCTCGACGCGACGGTCGACGTGCTGGTCGGCCGCCTCGGCGACGCCCCCGACCGGAACTTTGCGCGGTGGCCCGTGCTGGGCCGCCGTGTATGGCCGAACCCGTTCGTCGGCGCGACGCACGCCGAGGAGGTGGCCTACCTGCGGCGGTGGCTCCGCGAGCGCGCGGCCTGGATGGACGGCGCGCTCGCGGCCGAGCGCTAGCCGACGGCGCGGCCCGGATCCGCAGGCGCCCGAGGACGGCGGGGCTTTGTGAGGTCCCGGCCCATACCGCGCAGCGACGGCACTGCGGTCGGACGCTCCCCGTGAGAGGAGCCCCTACCCCCCCTCCCCCCCTCTCCGATGACCCTTCTCGTAGCCGGCGCCCACGGCGCCATTGGCCAGCGCCTCGTCCAGATCCTCGCCGAGGCCGGCCACACCGTCCGCGCGATGGTCCGAGACGACGACCAGTTCGAGGCCATGCGCGCCCTCGGTGGCGAGCCCTTGTTGAGCGACCTGACCAGCGACGTGTCGCAAGCTCCGGCTGGCGTCGGCGCCGTGATCTTCGCCGCCGGGTCGGGTGGCAAGGCCGTGGAGGAGGTGGACCGTGACGGAGCCATCGCGCTTATCGACGCGACCGCCGCGCAAGGCGTCTCCCGGTTCGTGATGCTCAGCTCCATCGGCGCCGACGCGCCCCAAGACGCCGACGAACTTCAGGACTACCTGCTCGCCAAGCACGGGGCCGACGAGCACCTCATGGGCACCGACCTCATCTACACGATCTTGCGCCCGACGTCGCTGACGAACGGGGCCGGGACCGGGACGGCCACGTTCGCCGCCTCCCTGGACGCCGACGAGCGCGCGATGGGGGTCGCTCGCGAAGACGTGGCGCTCGCGCTGGCCTCCATCCTCACCGTGTCCGAGACGGAGGGCGCCGTGATCGAGATGACCTCCGGCTCGACCCCGATCCGGGAGGGGCTGGCGACGGTCTAGGCCCGGCGCGGATGGGGCGCCCCGTACCTTGGGGCGTCCCCCCGAGCCCATGCCTGACACGTTCCCCTTCGGCCAGTCCGCCGCCTGGACGCCCTCACCCGAGCACATCGCCGACACCAACCTCGCGCGCTTCTGGCGCCGGCAAGGGCTCGCGGACTACGCCGCCCTGGAGGCCTGGGCGCTCGAGGACGTCGGCCGCTTCTGGGACGCCGTCCTCGAAGACCTCGGCATCGAGTTCAGCCACCCGTACGCCGCCGTTTTGGACACGTCCGACGGCATCGAGCGGCCCCGGTGGTGCGTCGGCGGGCGGATGAACGTCGTCCACAACTGCCTCGACCGCTGGGCGGGGACGGCGGCCTGGGACCGAGACGCCGTCCGCTACGAGGCCGAGGAGGGACACACCGTCGCGCTCACGTATCGCCAGTTGCACGCCGCCGTCGCCGACTGCGCGGCCGGCCTGCGGGCGCACGGCATCGGGGAAGGCGACGCCGTCGGGCTGTACCTCCCGATGTGCCCCGAGATCGTCGTCGCGTTCCTGGCGATCGCCCGCATCGGCGGCGTCATCCTGCCCCTGTTCTCCGGCTACGGCGCCGAGGCCGTCGCGACCCGGCTGGCCGACGGGAACGCGAAGGCGCTCGTCGTGGCCGACGGCGCTCCGAGGCGCGGCAAGACCGTCCCGATGAAGGACGTCGCCGACCAGGCGCTGGCCGACGCGCCGTCGGTCGAGACCGTGTTCGTGGTCGAGCGCGTCGGCATCGTCGGCCTGCCCCAGCACGACCGCGACGTGCCGTGGGCGCGGCTCATGGAGACCGGGGCGGCCGCGACGGACGCCCAGCGCGCATGCGCCGACACGGCCGCCGAGGACCCCGCGCTGCTGATCTACACCTCGGGCACGACGGGCACGCCCAAGGGCGCCGTCCACACGCACTGCGGCTTCCCCATCAAGGCCGCTCAGGACATGCGCCACCCGATGGACGTGCGCGCCGGCGACGTGGTCTGGTGGATGAGCGACATGGGCTGGATGATGGGCCCCTGGCTCGTCTTCGGAGCCCTCCTCAACGGCGCCACGATGGTCCTCTACGACGGCGCCCCCGACGTGCCCGACCACGCCCGGACGTGGGACATCTGCGAGCGCTTTGGCGTGACACTCTTGGGCCTGTCCCCCACCCTCGTTCGCGCCCTCCGCCCCCACGGCACGGAGCCAATCGAGCGCCACGACCTGGGCGCCCTCCGCGCCGTCGGTTCAACCGGAAGCCCGTGGGACCCCGAGAGCTGGCGCTGGTTGTTCGAGAACGTGCTCGATTCCAACAAGCCGATCCTCAACTACTCGGGCGGGACCGAGATCTCGGGCGGCATCGTCTGCGGCAACCACGTCGAGCCGCTCAAGCCGACCGGCTTCTCGGGCCCGGTCGTCGGCATGGACGCCGACGTGCTCGACGAGGCCGGCCAGCCCGTGCGCGGCGCCGTCGGGGAGCTCGCGATCCGCCAGCCGTGGATCGGCATGACGCGCGGCTTCCACGGCGACGCCGACGACGCCCGCTACCACGCGACGTACTGGGACCGCCACCCCGGGCTCTGGGTCCACGGCGACTTTGCGGCCATCGACGCCGACGGCCAATGGTTCCTGCTCGGCCGCTCCGACGACACCATCAAAGTCGCCGGCAAGCGGCTCGGGCCGGCCGAAGTCGAGGGCGCGCTCAACGCCGACGCCCGGGTGCTCGAGAGCGCGGCCATCGGCGTGCCCGACGCCGTCAAGGGGCAGGCCGTCGTCGCCTTCGTGCGGCTGGCGGACGGGGTCCGCGAGTCCGAAGAGCTGCGCGACGCGCTCGTCGGCCGGATCACCGAGGCGCTCGGCAAGGCGTTGCGCCCCAAAGCCGTGCTCTTTGTGGATGCTCTTCCCAAGACGCGCAACGCCAAGGTGATGCGTCGCGTGATCCGCGCCGCCCACCTCGGCGACGACCTGGGGAACGTGACCGCGCTCGAGGACCCCGAGGCCGTCGAGGCCATCCGGCGCGCCTGGTAGAGGCCCAAACGCACGAGGGGGACCAGGCGCATGCCCGGTCCCCCTCGCAAGCCGTCGAACGGGTCGGCTAGACCGCGTCGTAGTAGTACGTGTTCTCGGCGCCAGTCTCGCGGTAGTGGGTGTCGAGGTAGTCGCGGTCGTTGTCGCGCGGGTGGACCCCCATCACGATGCCGCCGTCCTTGACGTCCTTCTCGTAGACCTTGGCCTGGTCCTCCGGGATGCCGGCCCCGATGAGCGCGCCCAGAAGGCTGCCGCCCGCGCCGCCGGCACCGGCGCCCAGGAGCGCGCCGGCGATCGGCCCGGCGATGGCGCCGATGCCCGGGATGAGGACGGCGCCGCCGACGCCGACGATCGCGCCGAGGACGCCGCCGGCGGTCCCGCCGACGGCGGCGCCGACGCCCGCGCCTTCGGCGGCCTTCGAGCCCTGCTCGATCTCGACCTCGGCCACGTCGCGGTTGTACCGCTCCCAGGTGTCGTCGGACATGACCACGTGGATGTCGTCCTTGGTGTAGCCCCGATCGCGGAGCGAAGCGTACGCGTTGTTCGCGGAGGCGGGATCGCGGTAGGTCCCGGTGTAGAGGGGGCGGTCGGCGGTCTGGTCAGTCATGAGAGGGGGGTGGGGGAATGGACGTCTTAGAGTGCGCCTCCGCCCGGGCTGTTCCAGCCGACCGGGGTTCCACGAAACTCCTGACCGCCGATTCCGGGAATCGCCCGTCCCATCTCAGTGGTACCTACGCTCCGATTCGACCGCGCCGGACACCTGTCACGAACTGCGGTGTACGACGCGGGCAGCCCGGCCGCCGCTCACGGGCTGGCCGCCCCCATCCACCCCTCTCTTCTACACGTCCCCCGATGACTCGCACCGCTTCTGCCCACTGGTCCGGCTCCCTGTCCGACGGCTCCGGCGCCATTTCGACCGAGACCGGCGCGCTGTCCG
CP177357.1_gap42	1864535	1866848	2313	CTCGCGGTTGGTCTTCTGCTGGCCTGGATGTCCCGGCTCGCGTTGCGGGGCCGGTTCGGCGCCGTCTGGCGCCGGCGCAGCATGCGACTGGCCGCCCGGGTCCGCCGCCCGTTCCGCGCGCTCGTCGCCGACGTCCGCCTCGTGCTCCGGCTCGTCGCCACGCGCGGGAAGCGCTGGTTCGCCCTGTCCTTGTCGCTGACGGCCGTCCAGTGGATCACGCGGTACTCGCTGGCGACCGTCGTGATCGTGCTGCTCGGCGGCCCGCTCCGGCCGTTCCTGTTCTGGGTCCTGTCGTGGGCCACGTACGCCGTGTCCTCGGCCGTCCCGACGCCCGGCGCCGCGGGCGCCGCCGAGGCCACCTTCTTCGTACTCCACACCCCGTTCGTCTCCGCCGAGCGGCTCGTCGTCGTTACCGCCGCGTGGCGGCTCCTGATGTTCTACGTCCCCGCGCTCGTGGCCGCCGTCGCGTTCCCGATGCTCGGCGCCGCCGAGCGGCGTCGGCAGGCGCGAGCGGAAGAGGCCGGCAAGCGGGACTCGGGGCTGGCGGACGTGTCCGCGCGTGCCCCGGAGCTGCCGGTCCAGGACGCGTAGCGCACCGTCCGTAGGCGCCGGGGCGAGTAGCTTCGGCCGCCGCTTTGGACGGCCCCCGTGGCATCGACGTCGCATCGCCTCCCCTCGTCCCCCTCCGGCCGTGCCCCGTTTCCTCGTCGCCCTCCTCGCCGCCGTCGGCCTCGCCATGCTCGGGTTCGCCGTGGCGATCACGATCTGGGACGGCGGCACCCCCCATGGGCCGACGCTGGGGTGGGCGGTCCCGGTTCTGGGCGCGCTCGCGGCCGTGTTCTTCGCCGTCGCGGGGTCGCTGACGAGGGGCCGACTCGTGCCGCTGCTCGTCGCCGCCGCCGTCGCGAGCGTGGCCGGCGGGCTCGCGGCCGGCTTCATGACGGCCGGCGTGACGGCGTCGTTCGGGCTGGGCGAGGCGACGTGGCTCGCGACCTCCGTGCTGGCGGCGGGCCTGCTCCCCGGCGCGGTCGCCTTCAGCCGGGCGACCCTCGCCCCCCCCGCCGCGACGGCCTGAGCCTCAGGATGCCCCCCGGCCCCGTCACCGTCGCCACCTGCACCCACGTCTTCGAAGCCGAGATCGTCCGCGGCCGGCTCGCCGACGCCGGGCTCGCGGCCGTCCTGCGCGACGCCGAGATCGTCACCGCCGACTGGACCCTGAGCGTGGCCGTCGGCGGCGTCAAGGTCCGCGTGGCACCCGCCGACGAGGCCGCCGCGCGCGCCCTCCTCGCCCAGCCCGCCCATCTCGACGATTACGAGCCCCCGACGCCCGCCGAGGACGCCGCCCGCCTCGCCTTGACCGGCGCCCTCGTACCCACCCCGGCGTTTGTTGGGACCATCTTGGGCACCTACCACCTCGGCCGCGCCCTCGCGACCGCCCACCGCTAGTCGCCCCACACCCGGCGACGCACCGTCTGGGCCGCCCTCTTCCTCCTCCCCGCGCTCGGCCTGCTGGCGCTGCTCCTCTCAGACCGGTAGCGAGGAGCCGCCACGGACGCCCTCACAAGCGGATCGGGCGATCTCGGGGGCGTATCGAACGGTCTCAAGACCGCATCGAGCGATTTCAAAGGCATGTCGAGCGATCTCGAAGGCGTATCGAGCAACCTCGACGGCGTATCGGACGACCTCGACGGCGGATTGAGCGACCTCGACGGCGTATTGCGCCATCTCGAGACCGTATTGAGCGACCTCGAACCCGTATTGGACCACCTCCAGGCCGTATTGAGCCATCTCGAGACCGTATTGAACGATCTCGAAACCCCTTCACAGTCGGCCCGCGCGAGCCCCCGTCAGGCCCCCGGACTCCACCGGAACCCCACACGCCCGCCCCTAGCTTGCGCCGTCCCTCTTTCCCTCGCGCAACCCGCTCCATGCCCGACACGCCCACGTTCCAGAACTACATCAACGGCCAGTGGGTCGACGCCGCCAGCGGCGAGACCTTCGAGAGCCGCAACCCGGCCCGCCAGTCCGACCTCATCGGCCACTTCCCGAAGAGCAGCGCCGACGATGTGGCCAAGGCCGTCGCCGCCGCCAAGGGCGCCTTCGACGCCTGGCGCCTGATGCCCGCCCCCAAGCGCGGCGAGATCCTGAAGCGCGTCGGCGACTTGATGACCGAGCGGAAGTCCGAGATGGCCCGCGCCATGACGCGCGAGATGGGCAAGCCCTTCTTCGAGACCAAGGGCGACGTCCAGGAGGCCATCGACACGGCCTACTACGCCATGACCATGGGCCGCCAGCTCTTCGGCCACACGGTCC
CP177357.1_gap43	1871160	1871828	668	GCGCTCGCGGCGTGGAGCGCCTCGATCTGGTCGGCACTCAGGTAGGCCGGCTCGTCCATCTGCTCCCACAGCTTGCGCGCGTGGGCGTGGTCTTGGTCGATCCGTTCGACTGTCACCGACGCCGGATCGCTCGCGCCGACGAGCGCCAGGCGGACCGTCGCCGTCTCGATCGCGTGGTCCGGAAGCGCGTGGTTCGTCAGGATCACCACGACGCGGCCGTCGTCGTGGCGCGTCACCCAGCGGTCGACCGTCGCGTGCATCCCGTCGACGAGCAGGCGCTCGGTCCCGGCGCGGTGCAGGAGTTCGACGGCCCGGTACGTCGGCTTGGCGACGCCGTGGATGGTCAGGAGCCCAAACTTGCCCTTGAAGGGCGTCGAGTCGAAGTAGACCTCCTCAAACAGGTCCGTGAACGTCCAGAAGCTGTAGCCCTCGACGACGCCGGCCACGTCGAGAAAGCTTTTGGCCACGAAGGCCGCCGCATACGGCCGGTCGTGCGGGGCGTAGAACGGGTTGCTCGACGCGTTCCACTCGGTGTAGTACAGGGGCCGGTCGCCGGCCTCTCGGACGGCATCGAGGGCCTGCTGGCGCAAGATGCCGCGCGTGCTGGCCGCGAGCTGCTCGCGCGTGTCGTCGTCGGGCGCACCGAAGGCGTCGGTCGGGTAGTGGTG
CP177357.1_gap44	1926608	1929420	2812	CCGCTACGACGCCCGCCTCTACCCCGAGCGCGTGCCCGCCGAGTCGTCCGTTCCCCGCGAGGCCCCGCGGACCGGGTCCCCGTCCCTCGTCGGCGCCGACGACTAGTGCGGCGCGCGCGTCCCCGTCGCCTGGTGCTGGCGGTCGCGTGTGCGGCCGTCGGGCTCGGCTGTGGCGACCGCGCCGCCGCGCCGGCGCCCGGCGAGGGCGCCGTCGTCGCCCGCCTCGGCGACGCCACGCTGACGACGGGCGACCTCGCCGACGCCGTCGGCGGGGCGACGGGGGCCGACAGCGCGCGGGCCGTCGAGGTCGCGACGGCCCAGTGGACCCAGCGCGAGCTCCTCGTGCAGGAGGCCCGGCGCCAGGGGCTCGACCGCGACCCCGCCGTCCGGCGCCGCGTCGCCGAGGCCGAGCGGGCCGCGCTCGAGGCCGCCGCCATCGAGGCCCTCTTCGTCGCCGCCAGCGCCGAGCCCTCGGAGGCCGACCTCCAGGCCTACTACGACGCCCACCGCGAGGCCCTCGCCCTGCGCGAGCCCTACGTCCGCCTCCGGCACCTCCGGCTGGCCGACCCCACGCGCGTCGACGAGGCACAGGCCTCGCTCGCCCGCGCCGTCACCTCCGGCGTCCCCGACTCCCTCTTCGCGCTCGCCGCGCGCGAGTACGCCCTCGACCCCGAGCGCGCCGCCGCGTTCTCGGCCGAGTACGTCCCCGAGGGCCGCCTGCGCGCGCTCGACGAGACACTCGGCGACCGGGTGGCTGCCATGCCCCCGGGCCCCGCGGTCGCCGTGGTCCAGACTGGCGGCGCCGTCCACCTCGTGCAGGTCGTCGACCGCGAGCCGGCCGGGACGGTCCCGCCGTTCCGCCTCATCCGGGCCGAGCTGGCCGAGCGGCTCGCCGTCCAGGCCCGCCGCGACGCCCACTCGCGCTTGATCCAGCGCCTCCGCTCCGAAGCGCGGGCGCGCGGCGACCTCGTCGACTAGCGCACGGTCGTCACCGCTTCTTCCCCCCGTCTGCGGGCAATACGACGCCGGTGCGTCCGTCCTTTGGCCCGACCCGATCTCTCTCCCATGCGCCGACTGCTCTTCCTCGCCCCGCTCCTCGCCGTCGCCGCGGCGGCGCAGCCCGTGTCCCCGGGCCAGCGCCTCGACGGCATCGCCGCCGTCGTCGGCGAGCAGGTCATCTTGTACTCCGAGGTCGACGCGCTCGTCACCCAGACGACGCAGGGCCAGCAGGCGCCGCCCGACCTGTGGAGCCGCGCGCTCGACCGCCTCGTCGACCAGCGGATCGTGATCGCGCGGGCCCGGCAGGACACGACGCTCAACGTCACCGACGACCAGGTGGCCCAGCAGGTCAACGCCCGGCTGGCGCAGCTCGCGGCCCAGGTCGGCGGCGAGGCCGCGCTCGAGGCCGCCTATGGGCGGGGCATGGAGGAGATCCGCGTCTCGGTCCGCGACGACGTGCGCGACGAGATCCTGCTTCAGCGCTACCAGGGCCGCCGCGTCCGCGAGGTCACGATCACGCCCGGCGAGGTCCGCGCGTGGTTCGAGAAGATCCCCGCTGCCGAGCGCCCCGAGGTGCCCGAGCTGGTCCGCGTGGCCCACATCGTGCGGCTCCCCGAGACCGACGAGGCCGGCCGCCTCGCCATCCGCGCGACGGCCGACGCCCTGCGCGACTCCGTCCTGGCGGAGCAGGCGACGTTCGAGGCGATCGCCGACCGCTGGAGCACCGACCCCGGCAACACGAACCGCGACGGCACCCAGAACGGCGGGCTGTACACGACCCTCCGTCTGAGCGACCTCGAGCCGCGCTTCCAGGCGGCCGCGGCGTCGTCCGAGATCGGCGCCATCACGCCCGTCTTCGAGACGCCCTTCGGCTACCACTTTATGCGGGTCAACGCGCGCGAGGGCAACCAGATCTCGTTCAACCACGTGCTCCTCCAGATCGAGGCGGGCGAGGCCGAAGCGCAGGTGGCTCGGGAGTTCCTGACCGTCCTCCGCGACTCCGTCCAGGCCGGCGCGCCGTTCGAGGCGCTCGCCCGGCGCCACTCCCAGGACCCCGCCAGCGCCCCGCGCGGCGGCTACGTCTCGGTCCCCAACACGCGCCAGCGCGACCTGTCGACGGAGGGCCTCGGCCCGCTGTGGCAGGCCACGCTCGACACGCTCGAGGTCGGCGAGGTCTCGATGCCCGCCGAGGTCCAACTCGCCGACGCGACCGGCACGCGCGCCTTCCACATCGTGCTCCTCCAGAAGCGGACGCCGCCCCACCCGCTCTCGGTCGCCGACGACTACCAGTTGCTGAGCCAGTACGCGCTCCAGGAAAAGCAGCAGGAGGTGTTGCAGGACTGGATCGGCGACTTGCGCCAGAAGGTCTACGTCGACATCCGCGCCGACGAGTACCAGCCGCTGCAGGCCGGCGGCTAGCGACTCCCGAGCGGCGCCCGTCGCGCCGACCGCTCGTAGACTCGCCCCCCCGCCCCCTGCTTGCGCCGATGCCCATCGACCCGACCGACCCGTCCGCCGTCTCCGCCCTCGACGAGGCGTACCGGCGGCTCAAGGCCGAGGTCGGCCGCGTGGTCGTGGGCCAGGAAGAGGCCGTCGAGGGGCTCGTCGTCGCCCTGCTGGCGCGCGGCCACGCCCTGCTCGTCGGCGTGCCCGGGCTGGCGAAGACGCTGCTCGTGCACACGCTCGCCGACGCGCTCGACCTCTCGTTCCGCCGGATCCAGTTCACGCCGGACCTGATGCCGAGCGACATCACGGGGACGGAGATCGTCGAGGAGGACCCGGCGACGGGGCGCCGCGCGTTCCGGTTCGTCCA
CP177357.1_gap45	1955329	1958170	2841	AGTTGCGGCAGGGTTCAGCGACCTCAACCCCTCTCCACGATCATCGCCGTGGCCTCGCCGCCGCCGATGCAGATGGCCGCGAGGCCCCGTTTGGCGTCGGTCTCGACCATCGCGTGCAGGAGGGTCGTCAGGATGCGGGCGCCGGAGGCGCCGATGGGGTGGCCGACGGCGACCGAGCCGCCGCGCACGTTGAGCTTCTCCGACGGGATGCCGAGCGCGTCTTGGGCCGCGAGCGCGACGACGGCGAACGCCTCGTTGACCTCGAACAGGTCGATGTCGTCCAGCGCCAGCCCGGCCTTGGCGAGCACCTTGTTGACGGCCTCGATGGGGGCCGTCGTGAACTCCATCGGCGCCTGGCTGTGCTGCGCCGAGGCGACGATGCGCGCCATCGGTGTCTTGCCGTTCGCCGACGCCCACGCCTCCGAGGCGACGACGAGCGCGGCGGCGCCGTCGTTGATCGAGCTGGCATTCGCGGCCGTCACCGTCCCCTCCTTGGTGAAGACGGCCCGCAGGGTCGGGATCTTGTCGAAGTTGGTCTTGGCCGGCTCCTCGTCGGTGTCGACGACCGTGTCGCCCTTTCGCCCGGGGACCGTCACCGAGACGATCTCCTGGGCGAAGGCGCCGTTCTCGACCGAGGCCTGGGCGCGCGTGTAGCTCTCGATCGAGAACGCGTCCTGGCGGTCGCGCGGGACGTTGCAGGTCACGCCGCAGGCGTCGGCGGCGACGCCCATCGCCACGCCGTCGTAGGCGTCGCGCAGGCCGTCGTGGAAGAGGCCGTCGACGACCTCGCCGTTGCCGTAGCCGTAGCCGTACCGCGCCTTCGGGAGGTAGAACGGCACCTGCGACATGTTCTCCATGCCCCCGGCCACGACGACGTCGGCGTCCCCGGCGCGGATGGCCTGGTCGGCCAGCATGACGGCCTTCATGCCCGACCCGCAGACCTTGTTGATGGTCATGCAGGCCACGCCTTGGGGGAGGTCGGCGGCGAGCGCGGCCTGACGAGCGGGCGCCTGCCCCTCCCCCGCCGTGACGACGTTGCCCAGGATGACCTCGTCCACCTGGTCCCTCGCCACGCCCGCGCGGTCGAGAGCGCCGGTGATGGCGGTGGCGCCGAGCTGGGGGGCGGAGACGGTCGAGAGCGCGCCGCCGAAGGAGCCCACGGGCGTGCGGGCGGCGGAGAGGATGACGGAGGCCATGGAGCAGAGGGGTTGGAAGCGTTTCCGAAGCTATCCGGGCCCGCCACCAACGGGGTTGACCGGCGGTGAAAACGCAAGCGTGCAGTGGGCGCGTCCCACCGCGCCCGCCGGCCCCAATCCCGGCGGGCCCTGCGACGGCGCCCTGCCCCTGGCGCCCCTAGCGCTCCGGCCCGGCCGTCGGCTCGAACCGCTCGTGGGCCACGCGCCCCGCACGCGGGGTGTCGGCCAGCTTGCGCCCCACGAGCGACTTGACCTGCTGGCGGCGCTCGGCGTAGCGGACGATGCGGCCGGGCGTCGGCAGGTACCGGACGTAGCCGAGGAACCCGTAGACGGCCGCGGAGCCGAACAGGAAGGTGACGAGTGCGGCGAGCGGGCGCATCGTCGCCATCGCGAGCGCCCCGAGCGCGAGGTACGCCCCGAAGGCGTACAGGGTCAGCGCCGCCCGGCGCGTCGACATCTGGGCCTGGAGCCGGTGGTGGATGTGGTCGCGGTCGGGGTAGAACAGCCGCTGGCCGGTAAGCTTGCGGCGCAGGATCGAGACGGCCGTATCGAGCACCGGGATCCCCATGATCACGGCCGGGATGACGAGGGCGAGGACGGGGTTGGGGTGAGCCGTCCCCCGCAGGGCGTACGCCGCGAGCGCGTAGCCGAGGAACAGGCTCCCGCTGTCGCCCATGAAGACCGTCGCGGGCGCGAAGTTGTAGCGCAGGAAGCCCAGGAGGGCGCCGCACACCGCCGCCGCCAGCACGAGGGCGCCGAGGTCGCCCCCGAGCGCGTGCGCCCCCGCCAGCCCCACGAACGCGATCGCGACGACGCCGGCCGCCAGCCCGTCCATCCCGTCGACCAGGTTGACGGCGTTCATCATACCGACCATCCAGACGACGGTGAGCAGCCCGGAGACGGCCAGCGCGAGCGGGCCGGCGCCGAGTGCGGCGTCGAACACCATCACGCGCGCCCCGCCCGCGAAGGCCAGCGCGGTCACGACGAGCTGCGCCACGAATTTCGCCCGGTGCGACATCGCCCGGCGGTCGTCCCAGAACCCCACCGCCGCGATCCCGAGCGCCCCGAGCACGACGAGCGGATCGGGCAACGTGAGGGCACCCGAGATGGACCGGGGGAGCTCGATCCGGGCGACGGTCATCACGCCGATCCCGACCACCGCGGCTCCGACGATGGCCAGGCCGCCGACGTTCGGGACCGCGTCCCGATGGATCTTCCGGGTCCCGTCGGGCTCGTCGAGCCACCCCACGCGACGCGCCACCCGACACACGGTCGGCACCAGCAGGAGCGCGGCGAAGAGGCTGACGAGAAACCCCAGCGCGAGAGCGAGAATGGGCATCACGGGATAACTACGGGGCTGTGGGGGACGCCCCATCTTGGCCGGTTAGATACGGCGAACGCCGTTAACCGACGCAGCGGTAGTACACCATACAGAACCGAGGCCGCCGGAGAGTCACGATTCCGCCCCGGTTCATGGCCGTGCCGACCACCGCTGAAGGATGGGCGCGAGGGCATCGCGCCAGTCCAACGGCGCCATGTCCAGCGCCGCCAGCGACGCCGCCAGCGCGAGGCCGACGCGCCTCGGACGGGGCGCCGGGGCGCCGTACGCCTCGGTCGAGATGGGGTCGACGGGGACGCGGGGGCA
CP177357.1_gap46	1969802	1973983	4181	CTACAGCGGCACGCTGCCCGACGGCCGGTTCGTCATCCAGTGGACGAACTGGGGCACGTACGTGCCGTCGTCCGGCGTCGACCTGACGTTCCAGATCCTCCTCTCCGACGACGGGTCGATCGAGTACCAGTACGGCACGCTGACGGGTCCGCTCGACAGCGCGACGGTCGGCATCGAGGACGAGGACGGCGCCGTCGGCCTCCAGGTGGCGCTCAACGCGGCCTACCTCCGGTCCGACCTCGCGATCGCCTTTACTCAGCCGACGCGGTGGGCGACCCTCTCCGGCCCGGCGAGCGGCGTGATCGGCCCCGGCGGATCGGTCGGGTTCGACCTCGACGTCGACGCCACGGACCTGCCGGAGGGCGTCTACACGACCGAGATCACCGTCTCGACGAGCGACGCCGCCGCCGAGATCACCGTCGTCCCGGTGACGCTGACCGTCGGCGGCTCGACGGCCACCTCGTCCGTCGTGATCGCCGGGGCCCGCGGGGCCCGGTTCCTCGGGCCCCCCGCGGCCGGGATGACCGTCGACGACCTCGCGGCCCAGAACCTCGTCCGCGGCGTGCCCGGGTACTTCCCCGACCACCCCAAGCCGACCCTGTGGACCGGGTACGACACGGCCGCCGGCCGGTGGCTCCCCGACGGGGGCGCCGGACACGAGCTCCCGCTCGGCCGCGCGGTCCGGTGGTACCTCCTCGACCGCGACGGGGTCGGCGACCCCGCCGTGAGCGAGAGCCGGGCCCTCCCGTTCACGCTCGCGACCGGCCGCCCGGTCAACGACCGGTTCGTCCGGGTCCCGCTCGACACCGGGGGCAACCGGTTCAACCACCTCGCCAACCCGTTCGCCGAGCCGCTCGACGTCTCGGGGATCCGGTCGTGGCAGGGCGGGGGCGGGCTCTCGCGGAACACCGGGGTCTACACGTACGACCCGGCCACGGCGACGTGGGCCGAGGCCACGACGGTGGCCCCGTGGCAAGCGTTCCGGTTCCGGGCCCGGGGCCCCCGCCGGAACGGGAACCCGCGCGTGCTGACCATCCCTTCGGACGCCCGGGTCCCCGCCGCGCAGGCGGCCCGGGCGGCCGGCCCGACGGCCCCCGGCCTCCGGTTCGCGCTCGAGGCGACCTCGGAGGCCGGCCGCCCGCTCCGCGACGCCTCGCTCGCGGTCGCCTTCGACGCCGAGGCGACCGCGGCGTTCGACGCCGACGAGGACACCGAGAAGTTCCAGCCCCCGGCCACGGCGTACGCGCTCGTCGGGGCCCGCGTGGGCCGGGCGCTGGCGACCCGCGACGCCCGGCCGTTCGCCCCCGCCGAGGTCCCGCTCGCCGTCGAAGCGCGGGGTACGCGCGGCGACGCGACGCTCCGCTGGGACGCGAGCGCGCTCCCGGCCGGGCTGCCCGTCGTGCTCGTCGACCTCGCGACGGGCGAGGAGGTCGACGTCCGGGCGCGGTCGAGCTACGGGTTCCGGCTCGCGCCGAGCCCGGCGCTCGACGACGTCCCGCTCGACGACCTCGCCGACCCGGCCGCGGCGGCCGACCGGTTCGTGCTCCGGATCGGGGCCGCGCTCGCGAGCGCCGGGGACGTGGCGGCCGTCGCGCTCGAGGCGCCCGTCCCGAACCCGTCGGCGGGCGGCGCGCGTCTCGAGTTCGGGGTCCCCGAGGCCGGCGCCGTCCGGCTGAGCGTGTTCGACGCGCGGGGCCGAGAGGTCGCCGTGCTCGTCGACGGGCCGCTCGCGGCGGGCCGGCACGAGGCGGCGCTCCCGGCCGGGCTCGCGGCCGGGGTGTACGTCGTGCGGCTGGCGGCCGGCGGTGCCGTCGTCAGCCAGCGCGCGGCCGTCGTCCGCTGAGGCGCCGCGCTCGGTTCTGTTCGGGGGCGTCGGCCTCGAAGCGAGAGCCCGCCGCCAGCCGGCAGTAGGCGCGCGCGTCTTAGCCGCCGCTCCACACGGGCCCATTGCCCACGGGCCGGGCACGGGTCTAGTTTGGACGCCTGCCCGCCGGAGAGGCGCGAGCCCCTCCTCTGGCTCCGTAGCTCAGTTGGCAGAGCAGCTGGCTTTTAACCAGCGGGTCGTAGGTTCGAGCCCTACCGGAGTCACACCTCGACCGAGTTCTTTCTAGCGCCCTGTGCGCACCCTGCCCGGGTGGTGAAATTGGTAGACACGCACGCTTGAGGGGCGTGTGGAGTAAAATCCGTGCTGGTTCGAGTCCAGTCCCGGGCACGTCACGAGCGGCCGTTGCAGCGATGCAGCGGCCGCTTTTTTGTGGGCGTGGCGGGTCCACGAGGCTCCTGCTGAACGCGCGTTCGCGCCTGGCCTGTGCCGAACCGCCCCTTACGACGTCGCCTCCCGGACCGGGGCCGGCATCGCTTTCGGGGGCGCCAGACCGGTCAGCCCGACGGTGAACGTGGTCCCCTCCCCTTCTTCGGTCTCGACGGTCAGCTCGCCGCCGTGCCCGTGGACGACGATCTCGTAGGCCAGTGACAGGCCGAGGCCGGTGCCCTCGCCGGTCGGCTTCGTGGTGAAGAACGGCTCGAAGATCTTGGTCCGCGCGCCCTCCGGGATGCCCGGACCGTTGTCGGTGATGCGGACGCGCGCGCCCTTCCCCCACGGCCGCGACTCGACCCGGAGCACGGGGGCAAACCCGGGCTCGCCCGCTGCCGCCCGCTCGCGGAGCGCCTGGAGCGCGTTGTCGAGCAGGTTGAGGAACACGCGGCCCATCTCCTCGGGCACCATCACGACCGTCCCGACGGCCTCGTCGAGGTCGAGGTCGAGCTCGACGTTGAAGCCGGAGTGCTCCGCGCGCATGCCGTGGTACGCCAGCCCGACGTACTCCTTGAGCAAGCTGTTGAGCGGCGCCTCCCGGCTCGGGCCGGGCTGGGCCCGGCTGTGCGCCAGCATCGACCGGATGATGCCGTCGGCGCGTCGGCCGTGCTCGCGGATCTTGAGCGCGTTCGAGCGCATGTCGTCGAGCAGGTCGGCCGACTCGTCGAGGGCCTCGCCGACCGGCCGCTCGGGGACCTCGCGGACCTCCTCCTCGAAGTCGTCGAGCAGCTCGACCAGGAGCTGGGCGAAGTTGTTGACGAAGTTGAGCGGGTTCTTGAGCTCGTGGGCGACGCCGGCCGTGAGCTGCCCCAGCGACGCCATCTTTTCCTGCTGCACGAGCCGCGTCTGCGCCGCCTCCAGCCGCGCCAGCGACGCCGTCAGCTCGGCCTGCTGGGCCTCGAGTTCCGCCCCGCGCGTCTCCAGCTGCTCGCCCCGCGCCGCGAGCCGGTCGCGCAGCCGCGCCAGCCGCTGCGTGCCCCGGTACTGCCCCCGGCGCCCTGCGTACAGCGCCGCGCTCATCGCCGTCGACAGGAACGTGACCAGGAGCAGAAACGACAGGCGGCGGACCGCCTCGCCCGCGTCGACCAGCGAGCCCGTCGTGCCCGCGAGTGCCAGCGCGCCGGTGTGGAGGACGGTGATCAGGCCGCCCAGCAGCATCGTCTGGATCGGCTGAAACGGCACCGTTCCGACGGTGAACAGCAGCAGCAGCGACAGCCACGCGGCCATGAACTCGAGGTCGCCCCGGACCAGCTCCTCCCACGTGATGACGAGCGAGCCGACGAGCACGAACAGGGCCACCAGCCACCGCCCGAGCACCAGGCCGGGCCGGAACCGGGCGACCACGAAGAACACGGCCGCCGCCGCGTACACGAACAGTTTGTCGGACAGGGCCTCCCCGATCTGCGTCGCCGAGTCGCCCACGTCGCCGACGCCGCCGCCCCCGACCATGCTCGTCACCACGACGGCCATTCCGACGCCAACCAGCGCCACGATCCCGAACAAGCCGGCGACGCGGAGCCCGATGACCGTCGCCCCGTCGAGCACGGCGCGGAACCCGGGGTCGTGCTCGGCGCGCGACGGGGCGACGTAGCGCTCCCAGAGGACGCGCAAGCGGACAGATGGAGACATCGGCGAGGGTGGGGCGGCGGGGGATACTCGGGCCGTCCGGCTTTGTCCCCGACGGCCCGAGCGGCCGCGAGCGGGGGCCGCGGGCCGGCAATCAGCGAGCGGGGCGGAACGGAGGCGAGCGGAAAGCGCCCTCCGACGCCCATCTCCTCCCTCGGCTCCCCTGCCCCCCAACTCAGGGTGCCTTTTTGCGGGCGCGGCTGCGCGGCGGCGGCGCGGCCTCCACGACGAGAGGTGCCGT
CP177357.1_gap47	2128622	2129744	1122	AACCCTGCGACGGTGTCCTCGACGATCGCCTCGGCGTACCCCTTGCGCGCCAGCGAATCCCGCACCTCGCTCGCGGTCCGCGCCTTCACCGACAGCCCCGCCAGCGCCGAGGCTTTCGCCGCGTACGTCTCCTGCTGGACCAGCAGCTCACGCTGCTGCGCAGCCGTGAGCGTGATCCCCTTGCGGACGCCCGCCTTGATGACCAGCTCGACCGACAGCCCGAACGCGAAGGCGTCGTCGATAAAGACGCTGGCGCGGTCGAGGTCCTTTTTCTGCTGGGCCACGCGCGTGACGGTGCCGTCGGCGAGGTCGAGGTCGGCGGGGTCGACGCGCTCGCGCCGCTGATTGTTAAACGCCACGGGATCGGGAGAGGGGGCCGACAGAGTACGCGGGCCGGGGTGCCGGGTCCCGCGTCACTCGCTCACCAGCGGACGGCGACGCTGACGACGGGCCACCCGGGCAGGCCGCGCGCGTCGGTCGCCAGCGGAAGGTCGGGGTCGAAAGGGGCCGACGACGTGCCGGTCGGCGGCCGGGCGGTCGCTTGGGCGAGCGCGGTCCATCGGTAGCCCGCGCGCTCGCCACGGAGGCCGACGGCGGCGCTCGCGCGCAGGCCGATCCGGTCGCGCGTGCCGCCGGGCACGGCCAGCCCGGACTCAGCGTCGAGGCGGACGGCGGCGGTCCACGGGCCGCGCGCGCGCTGGGCGATCAGCCCAAGCGCGAGCGGGCGCGAGTATGCCGAGGGTCGCCAGTCGCCACCCGTCTCGGGTCGGACTTGGGCGAGCGCGAGCGCCCCGCTCGCGCCGAGCGTCCACGGGCCGATGTCGAGGCGGGCGGCGGCCTCGATGCCGGCGGCGCGGCCGTCGTGCGCCGGGTGGCCCGCGAGCAGCGCGGACGGATCGACGCCGGCCTCTTGCGCGGGCCCGTCGCTGGGTTCGAGCAGGCCCGACGAGCGGTGCGCGTAGAGGTCGACGCTCAGCGCCAGCCGGTCCGTCGCGGCGACCTCGGCGCCCAGCCCGGCCTGCCACGACCGCGCCACGGGTACGGCGGCATCGGCGAGCAGCCAGCGCGACGCCGCCAGCGCGTACCGGCCCTCAACGCGGTCGCGCACGCGGTGGACGGCCT
CP177357.1_gap48	2130837	2131990	1153	GGCGGCTTGGCGGGCGCCGAGTGCGCTGAGGTCGGTCGAGCCCGGCGTCGGGCCGGGCGGCTCGGGCCCAGCGACGACGCGGGCGTCGGTGCTCTCCAGGAGGTCTGGCTGCAGGCGGATCGTCGGGGGCAGGCGCGGGGAGTCCGGGAAGACGTCGAGCTCGATGCGGACCGGGCGGTAGCCGACGTGCGAGACGCGGACGACGTAGCGGCCCGTCGGGAGGTCGGGCACGGCGAACCCGCCGTCGGGCCCGACCACGTCGCCGAGCCCGAGGTCGACGAGCCAGACGTGGGCGCCGACCAGCGGGTCCCCGCTCTCCGCGCCGACCACGCGTCCGTCGAGCGTGCCGGTGTACGCCTCGCGCGCCGTCTCGATGTCGGGCCGGACGTTGAGCGGCTCTTTGATGAGCACGTACTGCCCCTCGCGGATCCGCTCGGCGCGGACGCCCGAGTCGCGCAGGATGAGCCGGAGCGCGCGGTCGGGGTCGTCGGTGGCCCGGTAGCTGCCCGTCACGCGCACGTCCTCAACGAGCCGCAAGGCGAAGACGAGCTCCAGCCCGGTCGCCTCGGCGAGCTCGTAGAGCGCGTCCGCCAGCGGGGCCTTGACCCAGACGAACTCGGCCTCGGACTGCGCGGCGGCGGGCCGGGCGGCGAGCACGGCCACGAGGCAGAGGACGAGGGCGGCGGAGCGCACGGCGGGAGGATAGGGACGGCCCCAACGGACGGCGCCCCCTGCTCCGCGCCTTCGGGCGCCGCCTTACTCGACGATTCGGAATCCGCGCCCGTCGGCCTCGACGCGCGCGCCGAGCGACAGCGCCAGCTTATCGACGGCATCGCGAAGGCCTTCGCGACCGAACTCCGCGGTGCCACCGATGACAACCGACGCCAGCGTCGGGGCGACGGAGACGGGCACATCGAAACGGGCGCTGAGCTGGCGGGCGATCTCGCCGGCCGTCTGATCGGTCGCGAACACGACGCCGGTCCACGCGAGCGCGCCGAGGTCGGCGCGAGCCGGTGCCGAGGGCGCGTCGAGCGCGAGCACGGTCGTCCGCTGGCCGGGTGCCAGGGTCACGGCGGCGGCGGGCGTCTCCCGAGGCGCCACGGTTACGGCGCCGGTCACCAGCGTCACCTCGGTCCGCACGTCGCTGGCGTCG
CP177357.1_gap49	2164740	2167512	2772	TCCACGTTCTACCGCTACGAGATCGTCAACCGCTCCACCGACGTGCTCGACGACGTCTACGCCGGGCTCTACATCGACGCCGACCTCGGCAACTTCAACGACGACTACCAGCACGCCGACTCGACGCGCGGGATGCACGTGTTCTACAACGGCGACAACGACGACGAGGGCGGCGGGGGCTACGGGACGCCGCCGCCGGCCGTCGGGATCGACGTGCTCAGCGGCGCCTCCAGCGCGCTCCACACGCTGAAGAGCTCGGGCTTCCCGGCGAACGGCCCGCGGGACGGGGACCAAGCGTACGCGCGGCTGCGCGGCCTGCTCAACGACGGGACGCCCATGCACGTCGGCGGCTTCGGCCTCGAGACCTCGGGCCCGACGACGGTGTGGTCCTACCCCGGGGACCCGCTCACGGGCGCGTTCTGGAGCAACGAGAATGTCGACGGCGCGGGGACGCCGGCCGTCCCATCCGACAAGCGCGGGACCGTCGCGGCCGGCCCCTCCCGGCTGGCCCCCGGCGAGCGGATGACGGTCGACGTCGCCATCGTGTTCGGGACGGGCACCGACCGGCTCTCGAGCATCTCCGCCGTCCGCGCCCGCTCGGACCGCGCGCAAGGGCTCTACGACGCCGGCGCGCTCACCGGCACGGCCCCGCCCCCGCCGCGCCCCGCCGCCCCCGTGCCCACGAGCCCCGACGACGGCGCCACGACGGACGGCGGCGACGTCCGGTTCACGTGGACCCCCGTGCCCGGCGCCACCTACTACCTGTTCGAGTTGCTGTCCTCGTCCGACGCGGCCGAGCCCGTGTTCGAGCAGGTGGTGTCGGCCGCCGCGATCGACGTCGACCGGTACGCGGTCCCCCTCAACCAGCGGGACCCGCTGGCGTGGCGCGTCCGGGCGGTCGTCAACGGCGTCGAGAGCCTGCCGTCGGAGCCGCGTCTGGTGACGGTCTTCGTGCCCGGCTTCAACCGGTTCTCCGTCGTGGCCAACGCCACGGGGCGTCTCGATCAGCCTGCCCCGGTGACCCGGCCCTTCGCCCGCTTCCCTGCGCTCCCCGAGGCCGGCCCGATCGCCACCCAGCAGGCCAGCGGCTACGTGTGGTACCTCGCCGCCGAGGGCGCCTCCTCCTACGCGGAGTTCCTGGCGGCCGTGCTCCCGGGCACGAACGCCGAGCGCGCGTTCCCGCACGACTTCGAGATCCGTTTTTCCCCGGGCAACCTCGGGGCCCTCGACGGCCGCCAGATCACGGTTCCGTTCGAGCTCTGGGACATCGGCGTCGGCACGCCCGACGACCCGGCCGACGACGTCCGGATGATCCCGGTCGTCCACGACACCGACGGCGACGACCGGTTCTCCTTCCACGAGGACCCGGCGTTCTACCTCTGGACGACCGACGCCATCTCGTGGCACCGCCCGCTCGACGCGGCGCCCGGCCAGCGCGGCTACCGCGCCTGGGCCGAGGGCGTCCCGACGGCCTACGGCCCCGAGGTCCTCGCCCAGACCACCTTCCGGCGCGAGCGCACCGACGGCGGAGGGCCGGCGGCCCCCGAGGCCGGCACCGTGGTGCGGATCGAGTCGAGCTCGCAGGCGATGCCGCTCGCGACGGACGCGGCGCCGGCCCCGCTGCTGCTCGGCGACGTTCGCCCCAACCCCGTCACGCTCCGTGGGACGCTCGGGTTCGCGCTCGCCGAGCCCGCCCGCGTCCGGCTCTGGGTCGTCGACGTGCTGGGCCGCACGGTGCTCGGGCTCGTCGATGGCGACCGCGCGGCGGGCGAGCACCGCGTCGGGCTCGACGCGTCGGCGCTGGCGTCGGGCGTTTACGTCCTCGTGCTCGACGCCGACGGCGAGCGGCTCGCCCGGGCGTTCACCGTCACCCGCTAGCGCACACGAACGCCGCCGCTGGTTCGTATAGTGGCGTAGCACCGGCCCCGCCGGTGACTCTTCAGACAGGGACCTCCCTGCTTGCCGGCCCGCCCGATGCGAAAGCGTCGGGCGGGTTGTTTTTTGGCGATGGGTTTGTGCCCCCGGCGCATCGCGAAGGGCGCCGTAGTGTGAAGGTGGATTCTCGCCGCTGCCGATGCGCCCGCTGCTCCTCCTCGCCGCCCTCCTGCTCCCGCTGGCGGCCTCGGCCCAGAAGCCGGTCGCCGCGCCCGCCGCCCAGGCCACGCCGGGCGACTGCGCCACCGGCGTCGCCGAGGCGGAGCTCGACATCGCAGGCGTCCGCGCCCGGCTGTACACCATCGGTGGTCTCTTCTGGCGGGGTGCCGGTGCTCACTACGAGGTCCCCCAGGGCTCGGGTACCCTCGCCATCTTCGCCGCCGGGCTCTGGGTGAGCGGCCTCGTCGACGGCGAGCTCCGGACCGCCAGTTCGACGTACGGGCCGTGGGAGTATTGGCCCGGTCCGCTCGACGAGAACGGGGAGACCACGCCCGAGACGTGCGCCACCTACGACCGAATCTGGATCGTCGCGGGGACCGATCTCGACGCGTACCAAGTCACAGGCATCGCCACCGACGACCTTGCGGAGTGGCCGGTCGCTGTGGGTGCCCCCTACTTCGTCGATACAGACGGGGATGGCGCGCAAGCCGTCGATGAGCTGACCATCTCGCTCGACCTCGGCGACCCGGGCTACGGGACGAAAACGCTCGACCTCGCGGCGGGCGAGCGGCCGGTCATTTTCGGCCGCCAGACGGCGTGGTGGGTGATGAACGACGCGGGCGGCGACCACGGATGGGGCCGCACCGAGCCGCTTGGCATCGAGGTCCGGGTCACGGC
CP177357.1_gap50	2169389	2172098	2709	TCGACGCGAGCCGGCTGGCGACTGGCCTGTACCTCGTCGTCCTCGACGCCGACGGCGCCCGGCTGGCGCGCCCCCTCACGATTGCCCGCTGACCGATGCGTCGTCTCCTGCTGCTGCTCCTGCTCGCGCCCACCTTCGCGAGCGCCCAGCCCGACCCAGGCTGCGAGATCGGTGTGGCTGAGGCGGACCTCGACGTGGCCGGCATCCGGGCGCGGCTGTTCAACACCGGCGGGCTGTTCTGGCGGGGAGCTGCGCCGGTCTACGAGGTGCCCAAAGGCTCCGGGAAGACGTCCGTGTTCGTCGCCAGCCTCTGGGTCGCCGGTGTGGTCGACGGAGAGGTCCGGGCGGCGACGTCGACGTACGGGCCCTGGGAGTTCTGGCCCGGACCCCTCGACGGCTATGGTGACACGAGCGTCGAAACGTGCGCGGCCACGGATCGGATCTGGATTCTCGCCGGCACAGACCTCGACGCCTACGAGTCCACCGGATCTGTGACGACGGACCTTGCCGAGTGGCCGGTCGGCATCGGTGCCCCGTACTTCGTCGATGCAAACGGTGACGGCACTCAAGGGCCGGACGAACCGACGGTCTCGCTCGACATCGAGGACCCTGGCTACGGCACCAAGACGCTCAACCTCGGCGCTGGCGAGCGGCCCGTCATCTTTGGGCGCCAGACGGCGTGGTGGGTGATGAACGACGCGGGGGGCGCGCACGCATACTCCGGCTCAGCCCCTCTCCACATCGAGGTCCGCGTGACGGCCTGGATGCGAGGAGGCGAGGCCGAGCGGGCCCTCTACGAGTCCACGTTCTACCGCTACGAGGTCATCAACCGGAGCGACCGGATCATCGAGGACGGTCTGCTCGGGCTCTACGTCGACGGCGAACTCGGCAACTTCAACGACAACTACGTCGGGACGAGCCCTGATCAGTCGATGCTGTACTTCCAAAACGGCGACAGCGACGACGAGGGCAGCTACGGCTACGGCAGGCCCCCCGCGCTCGGGATCGACGTGCTGAGTGGTGCCTTTGCCGGGTTGCAGTTTGGCAAGGGAATCGGTCCCACCGGCTTCCCCCGAGACGCCCGCAGGACGCACCAATACCTTCAAGCGATCTGGCTCGACGGGACGCCGCTCAAATACGGTGGAGACGGGTACAACACCAACGGGCCCGTTACCCGATGGTCGTACCCAGCAGTCCCCCCCGCCTACTGGAGCGAGTATGAGCTTGATGGGAACGGTAACGCGAACACGCCTGGAAACCGGCATGGCGTCGTCTCCGGCTCCCTCGGCGATCTCGCCCCCGGCGACCGGGCCACAGTCGACGTCGGCATTCTCTGGACACAAGGCACAGGTCGCTACGACGCGGCCCGCCCTCAGATCGACAGCGTCTACGAGCTGTTCGAGGTGTCGGACCAGGCGCAGGCTCTTTATGACGCAGGTGCCCTCACTGGCCGTCTCGCCGAACCCGCCCCGCCGACGGCCCGCCCTGCCCTGCTGGCGCCTGCGGACGGCAGCACCCTCTCGAACCCATCGGTGGCGTTTTCGTGGACGGCTATCTTGGGCGCGACGGGATATCGCCTTCAGATCGCCCCGACCGCCGCCTTCGATTCCCTCATCGTCGACCGCGACGTCACCGCGACCGAGGTCGAGGTCGGCCCCGACGTGTTCGGCTACAACGACCTCACCCCCAAGTTCTGGCGCGTCCGCGCGGCCAACCTCGGCGCCCTCGGCCCGGTCTCCGACTACCGCCAGTTCCGCTACATCCGCCGCGCGTTCTCGTCGTTCGAGGTGGTCGCCAATGCCAGCGGGCCCATCGCCCCGCACCCCGGCGCCGCGGCGTTCCAGGGCTTCCCGACGCCCGGCGACGAGAACCCCGAGGTGGGCGTCCAGCAGACGAACGGGACCCGGTGGCTGGTCGCGACCGGCAACTCGGGCGCCTACTCCGGCCCGTACGAGGAATTCCTGGCCCGCGTCCTCCGCAACGACAATGGAGAGCGCGCCTTCCCCCACGACTTCGAGGCCCGCTTCACCGGCCCGAGCACGGCGTACCAGCGGTTCGGCGACGGCTCGCTCGTCGAGATCCCCTTCGAGATCTGGAACGTCGGCATCGGCACGCCCGACGATCCGTCCGATGATGTGCGGATGATCCCCGCCATCGTCGACATCGACGGCGACGGGACCTACAACCTCTCGACAGCGGATTCCCCGGTCTCCAGTAGCGACGACGACCCGGTGACCGACTGGGTGTACTGGTACGAGCCGACGGACACGACGCCCGGCGAGGCCGGCTACCACGCGTGGCTGGCGACGGCCGCCAGCGACCCGACGGCGCACGGCCCCGAGGTGCTGGCGCGGACGGTGTTCGTGGGGTGGAATCTCGGGTCGGCGCCGCCGTACGCCGCCGAGGTCCCCGAGCCCGGGACCGTCTTCCGGATCGTGAGTAGCGACCTCTTTGGCGTCGCGGCAGAGGCCCCCACCCCCTCCCCCACCGGGCTGGCGCTGGCGGTCGGCCCGAACCCGGCGCGCGGCGCGGCGACGGTCCGGTACACGGTTGCCAGCGGAGGCCCGGTGCGGCTCCGCGTGCTCGACGTACTGGGCCGCGAGGTGGCCGTGCTCGCGAGCGGCCCACGCCCGCCGGGCGACCACACGGCATCGCTCGACACGAGCCGGCTGGCGGCGGGCCTCTACCTCGTCGTGCTCGACGCCGACG
CP177357.1_gap51	2331700	2336126	4426	CGTTGAGCTGAAGCGACGGCCGGTTCGCCCCCCGGGCGTCCGCCCACGTCGCGGCGACGCGGCAGGCCTCGACGAGCACCCAGCGGTCGACGGCGGTGAGTTGGCCGCTCTCTTCGGCGGGCCCCAGAAAGGCGATCGGCGGGAGCAGGCCTAAGTCGGGGTGCTCCCAGCGGACGAGCGCCTCGAAGCCCGTCAGCGCGCCGTCGGAGAGCCGGACGATGGGCTGGAACAGCAGGCGCAGCTCGTCGCGCTCGACGGCCTGGCGGAGGTCCATCTCGAGCCGCAGCTTGTGCGTGACCTCGGCGTGGACGGCCTCGCTGTAGATGGCGACGCCCCCGCGCCCCTCGGCTTTGGCCTCGTACATCGCAAGGTCCGCCTCGCCGAGGAGGGCGTCCGGCGTGTCGTGGTCCGGACGCCCCACGACGACGCCGAGCGAGGCCCCGGCGTAGAGCCTCCGCCCGTCGATGTCGACCGGCGCGGCGAGGTCGTCGATGACGCGGGCCGCCACGTTCTCGGCGTAGCCGGGCGCGGGCAGGCCGTCGAGGAGCACGGCGAACTCGTCCCCCCCGATGCGTGCAACCATGTCGCCGTCGCGGATCACGGCGCGCAGGCGGTCGCCGACCACCTGAAGCAGCCGGTCGCCGGCCGTGTGGCCCAGCGTGTCGTTGACGACCTTGAAGCGGTCGAGGTCGAGAAACAGCACGGCGAAGCCGTCGCTCAGGTCGTAGCGCGCGATCACCTCTTCGAGGCGGACCGAAAAGAGCGCCCGGTTGGGGAGGTCGGTCAGGGCGTCGTGGTACGCCTGGTGATAGAGACGCTCCTCCATCTCGACTCGGTCCGTCACGTCGCGGGACGAGGTCTGCAGCCGGACCACGGCCCCGCTCTCGTCCACGATCGGCTTGGTGAGGGTCTCGAGCCACACGTACCGCCGGTCGCGGTGGCGGACGCGCACGACCACGCTCACGTCGTCCTCGTTTTGAAGTGCCGGCCGGTGGCTCCCCGTGCGGACGGCGACGGTATCGTCCGGGTGGATCAGATCGTAGGGGTTGGTTCCGACCAGCTCATCGGGCGCGTAGCCGAGCAGCGTCGTGACCGACGGGCTGACCCACTCGTAGGTGCCGTCGGGGTTGTGCAAGGCCACCAGGTCCTGCATGTTCTCGGCGAGCAGCCGGTAGCGGGCCTCGCGCGAGCGGAGCCGGCGGGTCGCCGCGACCCGCTCGGACACGTCGTGGTAGAGCCAGAGGTGGCCGACCTGGCCGTCGCCCAGCGTCACGGGGACGTAGTCCCGCTCGAACGTGCGGCCGTCGGCGAAGTCCACGGGCTCGGCGAAGACCTGAGCGCCGTCGCGGAGCGTGGCCTCGACGCGCGCTCTGGCGGCCTCGGGCTCGGCAAACATCGGAAGCGCGCGCTCGAGCGCGGCCACGCAATCCCCGCCGACGAGGGCGTCGGGCGGCGCGTCGATCCCAAAGATCTCGCAGAACCGCTCGTTGGCCAGCAGGAGCTGGCGGTTCGCATCCTCGAAGATGACGCCGCCCTGGATGTTCTGGATGAGCGTCGTCAGCCGCTGCGCCGTCTCGTCGAGGGCGCGGCGGTCGGCGTGCCAGTCGGTCAGGTCGCGGACGATCACGAGCACCTCGCCGCGGTCGGGGTCCGGGCTGACGCGCGCCTCGAAGGTCCGCTCGACGCCGTCCGACGTGACCAGGTCGTACTCGACCTCCTCGGGGTCGCCGGAGTCCAGCGCCCGGCCGATGGCGCCGAGAAAGCGGTCCGCGAGGTCCGGGGGGATCGCGTCGTGGAGGGTCCGGCCGACGAGCTCGTCGGCGGGCGCCGCGAGCGCGTCGGGGTCCGGGGTGTGGACCTGGAGGTAGCGGCCGTCCCGGTCGAGCCGGAAGAGGAGGTCGGGCAGGGCCCGGAGCAGGGTGCCCTCCCGGGCCGCCCGCTCGCGGATTTCGGACTCCTGCGCTACGCGGTCGGTCACCTCCTCGACCCAGTACGAGTAGTGCTCGTCGTCGTCGCCGGCCGGGCTCACGACGGCCTCCAGCCAACGCGTGCCCTCGGGCGTCTCGTGGGGGTACCGAAACCGGACGGGCCCGTCGGCCTCGGCGCACGCGCGGTAGTGGTGGAGCCAGCGCTCGAGGTGCTCCGGGGGCACGCCGAGGTCGCTCGCGAGCCGGCCCGAGGTGGCGTCCGGCGTCGTCCCGAAAAAGGCCGCCGCCGCGGGGTTGTCGGCCACGTGCAGGATGTCATCGGCCCGGAGCCCGACGACGCCCATCATCAGCGGGGCCGTCTCGAAGAGATGGCGGAGCACGTCGGCCGGGACGGGCGGCGGGGCGGGGGCGGAGGGCGTCGGCACAGACGTTTCGGGGAGACCCCTCCCCTATCGAAGCGACCCGGACAGGATTAAACCCGGCCTGTTTAGCGGCCCGTGGCGACCACCCGACCCGCCGACACGCCGCTCGCGCCGCGCACGCGCCACACAAACAGGCCCGCCGACGGCGCCCGCCACCGCACGACCCGGCGGCCGGACCCGGCGACGGACTCAGAAAACACGACCCGGCCCAGCACATCGACGACCTCGACCCGGACCGGGCCCGGCGCGTCGACGGCCAGCCGCACGTCCCCCGCCGTCGGGTTCGCGCCGAGCACCTCCGCGCGCAGCGACGACGCCGGGCGCGCGGGCGTGTCGGTCGGGTTCGCCAGCCCCCCGCCCTCGACCACCTTCACTCGGCGCCGTACCGGGAGGTCGAGCACGCGGTCGACCTGGCCACTCGGCCACCGGACCACGAGCGAATCGACGCGGAGCGCGGTGCCGAGCCCGAGGTGGACCGGGATCAGGTTGGCGGCGAGGTACTGCGCCCCGTGGTGGCTCCCGGCGTGGACCCGGCCGTCGGCCCACGCGGCGACCGTCGCGCCCAACCCGTCGCGGTTCGAGGCGGTGCCCTCGAGCTCGACGTCGAGCCACGTCCCCTGGTCGAGGGTGTTGCGGTAGAGGTACGGCGCCCGTTCGATGTTGGAGACCAGCAGGTCCTGGGCCCCGTCGCCGTCGTAGTCGAAGGCGGCCACGCCGCGGGCCGCTTGCGAGTCGTCGACCCCCATCGCGCCGTCGACCCGGGCGAAGGCGAGGGGCGTGCCCCCGTCGTTGCGGAAGAGGTAGTTGGTGTCGGTCGACGTCGTGTTGAGGCCGGTGACGACGAAGAGGTCGTTGTCGCCGTCGTTTTCGAGGTCCACGAACTCCGTCCCCCAACCCCAGCCCGCGATGTCGACGCCCGCCGCCTGGGCGCCGTCGGTAAAGACGCCCGGCGCGGTCTGCAGGAAGAGCGGGTTGCGCTGGTCGCGCGACGGCGTGGCGACGTTCGTGAGGTAGACGTCGAGCAGGCCGTTGCCGTCGGCGTCGCCGAGCGCGACGCCCATGCCGTAGTTGTCGTCCTCGAGCCCAAACTCGGCGGTCGCCTCGCGGAACGTCCGGTCGCCGTTGTTGACGTAGAGCCGGTTGGGGCCCGCGCCGTCGAGCGTGTCGACGTCGGTCGTGAGGTAGAGATCGGTGAGGCCGTCGGCGTTCGCGTCGAAGGGGAGCGCGGCCCACGTCCGGTTCGGCTCGTCGAGGCCGGCGGCGGCCGAGCGCTCGGCGAAGGTGCCGTCGCCGAGGTTGTCGTAGAGCCGGTTGCGCAAGTCGGCGGCGGGCCCGTAGTCCCACCACCCGCCGATGTAGAGGTCGAGGTCGCCGTCGTGGTCGTGGTCGAACCAGACGGTCGTGTTCGAGATGTAGCCGCCGCCGGCGTCGGCGCCCGAGACGCCCGCCGTGTCGGTGACCTCAGTGAAGGTGCCGTCGCCGTCGTTGTGGAACAGCTGGTCCGGCCCGACGTGGCCCAGGAAGAGGTCGGGCCAGCCGTCGTTGTCGTAGTCGCCCCAGGCGGCGGCGTACTGGAACCCGAACCCGCGCGTGTCCTCGACGGTCGCCGCCGTCCGCGCGGCCAGCCCCGAGGTCAGCGTGACGTCGCGGAAGGTGCCGTCGCCGTTGTTCGCGAACAGGCGGCTCCACGTCCGCACGTCGCCGGGGTCGTAGGCCGGGCGGGCGACGATGTAGACGTCGAGGTCGCCGTCGCGGTCGAAGTCGGCCACGGCCACGCCGTTCGTGTTGCTGATCCCCCCGATCCCGGCGTCGAAGGTGGCTTGGACAAAGCCTTGGGCGCTGGCGGCGCTCGCGGTGAGCGCGAGGACGAGGGCGAGGCGGGCGGTCATCGGACGACGGAGAGCGTGGAGTGGAACACGTCGGCGCCGGCACGGGCGCGGACGACGTAGAGGCCCGGCGCGAGCCCGTGCGTGTCGAGCGTCGCCGACCCGCCCCGGAGCGCGAGCGTCGCGACGCGGCGGCCCCGCACGTCGAGCACGTCCGCCGCGCCGTCGGCCGTGCCGAGCCGGACGGCGA
CP177357.1_gap52	2339053	2343327	4274	AAATCTCGTTCTCGTGGCGAGCGACGAGCACGCGGTCGCGCGTCATCACCAGGTCCGGCTCGATTACGTCCGCGCCCTGCTCGACCGCCAGCGCGTACGCCTCCAGCGTGTGCTCGGGGCGATACGCGCTGGCGCCCCGATGGGCGATGACGAGCACGGGGTCGGGGGCGGTCACGGCGGGTCGGAGCGCGGGAGTGCCGCAAGATGCGTCCGGCCGCGCGCTCCGTCTGCCCTGACGGCCTGGGGCCCTACCTCTGGATACCCTTCACAACGCGTCCGTCCGGCGCGTCCTCGCTGGTGGCGTCCAACAGATCAGCCGGGCCCCGCTCGGGAGCTGGACCCCATCGCGGCCGCGGCCGATGTCGCCCAGCAGGATCGACGTGCGGTCGGTCGCGGGGTCGTAGGCGACGAGGCGTCGCTGGGCGAGCGATCCCCACACGAACGTGCCGTCCCACACGGGGAACGCGCTGCCCGCCAGCTGGACGAGGCCTGACGGGGCCATGTTGAACTCGGGGCCCCAGGCCTTGAGCGGGGAGCAGGGCGTTGAGCGGGCGCCAGCCCCAACGGAGGGGTGACCGAGGCCGGAGGCTAGAACTCGTCGCCCCCGTCGAAGTCGCCGCCGTCGCGCTCGCCCGGGTCGCGGTCGCGCGTGCGCGCCTGCTGGCCGAACGTGTACGACAACGTCACGCCGACCTGGCGGCCGCCCCACGTCCGCGAGAGCTCCTGGAAGAGCTCGGGCTGGTCGAGGGTGTACGCGAAGCCGCTCTGGTTGAACGGGTCGCGGAGCTGGACGGTCAGCGAAGCGCGGTCGTCGAGCAGCTTCTGGCGCAGGGCGAGGTCGACCGAGACGCGCGAGTCGATGCGGGCCTGCTCGGTCTCGATGGGGGCGCTGTAGCGGGCCGTCGTCTGGAGGGCCAGGCCGCCGAGCCCGAGCCGGTCGCCGAGGTCGTAGGTCGCGTTGAGCCGGCCGCCCCAGCTGAACCCGTCGCTGGCCACGTCGCCCGTCGAGGTCGTCGTGCCGTCAGTCTTGAGGCGGAAGCCCTCCAGGCTCGCGTACCCGCTCAGCCCGCCCACGTCCTCGAACGACGAGACGAGCTCGACGCCGTAGCTGTCCGACGTGTCCAGGTTCTCGAAGGTGCGGACCGTCACGCCGTCGTCGCGGATCGTCAGGAAGCGGCGGATGACGTTGGTCGTGTGGCGGTAGTAGGGCGTCAGCGAGACGGAGCCCCAGGGCACGAACTGCGTCACGCCGGCCTCGAACGAGGACACGTACTCGGGCTGGAGCGCCGGATTCCCCTGGCGGATGTTGAGCGGGTCGTCGAACGACGGGAACGGGTTGAGCGCCCGCGTCCGCGGCCGGTTGACGCGGCGGCTGTAACTGGCCTTAAAGGTGGTCGCGTCGCTCGGCGCGAACGACAGGAACGCGCTCGGGAAGAGGCTCGCGTAGTCGTTCTCGTAGGTCTCGTCGCTGGTGAGCAGGTCGAACGTCGTCGTCGCCTGCTCGGCGCGGAGGCCGACCTGGGCGCCCAGGCCGCCCCACTCGCCGCCCGCCTGGACGTAGAGCGCTTGGACCGACTGGTCGAAGTCGAACGTGTTGCTCTGGTCGAGGTCGGTCACGAAGACGCCGTCGGCGCCGGCCGTCTCGGCGGCGAGCGTGCTGCCCAGCGCCTGCCAGTCGCCCTTGTAGCCTGCGTCGAGGCGGAGCGTCCCGAGCGCACGGGTGTAGTCGATCTGGACCGAGGCCTCGCGGTCGGAGTCGTCCTGCGAGGACCGGCGCGCGGGCGTGAGGTCGCCGGCCCCGTCGAGCAGGGTCTCGAGGTAGGCGCTGTCTTCGGTCTCCTGGGAGGCCTCGGCGCGGCCCTCGACGGTGAGCCGGTGGCCCTCGCCGAACTGGTGGACGAGCCCCAGGCGGGCGTCGAGCGAGCGGCCGTCATCGACCTCGGTGACCTCGCGCCCGAACCCGAAGACCGGCGCGCCGTCGAGGCCCTGCACGAGCGTCTGGCCGATCTCGGTCTCGTCGCCAGCGCGCGTGCCGAGCTGGAGCTGCGACGTGAGCGTCGTGGCGCGGCTGAGGGCGTAGTCGGCGGAGAGGTTGACGAGGGCCGAGGTCCGCGTCCGGTCGCCGGCCTCCTCCTCGGTCCGGGTCGTCGGGTCGGTGTCGTAGCGGTTGATGCGGAAGCCGTCGCCGCTGCCGGGGCGGACGTCGTCGCGGAGCCCGACCGTCGCCGCGAGCGACCACGGGCCCTTCCCATAGGTCACCGCGGCCGTGCCATCCAGGCCGCCGTTCGAGTCGGTCCCGGCCGACACCGTCCCGCCGACGCCGCGGTCCGTGTTCTGCTTGAGGACGATGTTGATGACGCCGCCGACGCCGTCGGGCTCGAAGGCAGCCGACGGGTTGGGGATGATCTCGACGCGCTCGACGGAGCCCGCCGGCAGGCTGGCGAGATACGACGCCAGAAAGTCGCCCTGGACCGGCGCCGGGCGGCCGTTGACGAACACGGCCACGTTCCCGGCCCCCCGCAGCGACACGTTGCCGTCGACGTCGACGTCGACCGAGGGCAGCGTCGCGAGCACGTCGGTCGCCGAGCCGCCGTCGGAGACGGGGTCGTCGGCCGTGGCGTAGACGGTCCGGTCGATCCGCGTCTGGACCTGGGTCCGCCCGGCCGTCACGCGGACCTCGCCGAGGGCCGCCGCGCTCGGCACGAGCCGGATCGCGCCGAGGTCGGTCTCGCCGCCGACGACGGCCACGCCGCGCTGGCGGGCGGGGTCGTAGCCGACGAAGCTGGCGACCACGTCGTACGTGCCGGCCGGGACGCCCTCGACGCGGAAGTCGCCGTCGAGCGTCGTCGTGGCGCCGCCGACGAGCGTCGAGTCGGGCCCGGCGATCTGCCAGACGGCGACGGTCGCCGTGGGCAGCGGGAGGTCGCCGTCGAGCACGCGGCCGGTGACGGCGCCGGTCTGGGCGGCGGCGGCGGGCGCCAGCAGGGCGAGGAGAACGAGGAGGCGGAGCATCGAATCGGGGGGCGTGGAGCGAGAGAGATAGGGCTTTTCGGGGCTCCGGATCCGGGGCCAGGCACGAGATGCACGGGGGCGTCACGAGCCGCACGCCTGCGGTCATGAGCCCTCTTAGACTGGGCCGCCCGACCCCTAGATTGCGGCCATGAACAGCGCCCCTGCCCCGCCCTCGCGCCCGTGGTCTCGCCGGACCGAGGGGCTGCTCGCGGTCGGGTTCTGGCTGGCGCTCGGCACGCTCGCCGTGGTCCGCCGGGCGGTCGGGCCGTGGCACGAGACGGCGGGGATCCCCGCGAGCGACGTCGTGGAGACGCTGGCCGAGTACGGGCTGTGGGCGCTGCTGACGCCGCTCATCTTCTGGCTGGCGCGGGCCTATCGGATCGAGCGCGAGGGCCTGGCCCGGCGGCTCGCCGTCCACGTGCTGATCGGGGTCGGCGTCGCGGTCGCCGTCGGAGCGCTCACGCGGGGCGTGCTCCGGCCGGTCCTTTCGCCGGAGCTCGCCGCCGCGCGGCCGTGGTCGATGGCCGAGATGGTCACGGGCCTGCGGTTCCTGGACGAGCTCATCATCTACCTCGCCGTGCTGGCCGCCGGCGCCGCCCGCGACGCGCTGCTGCGGCTGCGCGAGCGCGAGGCCGAGGCGTCGCGGCTGCTCGCCGACCGCGTCCGGTTGGAGGCCCAACTCACCGAGGCCCGGCTGTCGGCGCTGCGGATGCAGCTCAACCCGCACTTCCTGTTCAACACGCTCAACGCCGTCAGCGCGCTCGTCGAGCGCGACCCGGCCGGCGTGCGGACGATGATCGCGCGGCTGTCGTCGCTGCTGCGCCGCGTGCTCGACGACAGCGGCGCCGCCGAGGTCCCGCTCCGCGACGAGCTCGCGTTCGTGCACGACTACCTCGACGTCCAGCGCGTCCGGTTCCAGGGCGGGCTCGAGGTCGAGGAGGCGATCGCGCCCGACGTGCTCGACGCGCTCGTGCCGCCGCTCCTGCTCCAGCCGCTCGTCGAGAACGCCGTGGGCCACGGGGTCCGCAGCCTGGAGGGCGTCGTCGGCCGGCTCCGGCTGGCGGCCCGGCGCGACGGCGGCCGGCTGGTGCTGGCGGTCGAGGACAACGGGCCCGGCCTGGCGGGCGGCGACGGGCTCGGGGGCTCCGGCGGCGTCGGGCTCACGAACACGCGCGCCCGCCTCGACGCGCTCTACGGCGGCGACGGGGTGCTCTCGGTCCGCGACCGGCCCGAGGGCGGCGTCGTCGCGGAGGTGACCCTCC
CP177357.1_gap53	2366249	2368076	1827	GTGCCGATGCGGTCGTCGGAAAAGGCGAACGGCTGGTCGTCGAGGTAGAGCGCGCCGTAGACCTCGCCGGGCAGGCGCGGCTCGATGAGCCGCTGGCGGACGAGCTGGCGCCGGCTCGTGGCCTCCAGCAAGGCGCCCTGGTAGAGGTGCACGTCGACGCCGAGCGCGGCGGCCACGGCGTCCAGGCGCGGGCCCGGCGCGTCGGGCTCGGCCGCGTAGACGGCGGCGGCGCGCGACAGCCGCTGGCGGAGCGCGTCGCGGACGGCCTCGCGGTTCTGCTCCACGATCACCGACTGCCCGACGACGCCCGTCAGCGCGACGCTCGCGAGCCCGACGATCAGGAACCGGTTCAGAACCTTGTCGCGGAAGCGCGTCCGGGCGACGGGCCACAGCCCGGCCCGGCGCCGGAGGTACAGCCCGACGACGACGACGACGGCGCCGAGCACGAGCCCGGCCAGGCTCAGGCGGAGCAGCACAAAGAGGGCGTCGAGCCGGTCGCCGGCCGGCGCGCGCACCGAGACCACGTCGCGCGCGTCGTCGCCCAGGCGTTCGTAGTACGCCAGCGTGGGGCGGCCGTCGAGCGTCTCGGGCCGGCGGTACGACCGCGCCCGGTCTTCGAGCGCCGCGTAGACCGTCGAGTCGAGGCGGAGCGGGGCCGCGCCGCGCTGGCGGACGAGCACGCCGTCGTCGTACTCGGCGTAGCCAAGCGCCTCGTCGTCGAGCCCGAACAGGCCCGTCGGCGCGAGCACGCGGGGGAACGGCGTCTCAGTCGGGAAGCGCGAGGTCCGGGGGGTGACGCGGAGGTACAGCCAGGCGACCGTCTCCTCGCCGTCGAGGAGCGGGCCGACGGCGGCGGTCCGGCGCAGGCCGCGCCGCTCAGCGACCGGGGCGCGGACGCGGAGCGCGCGCGGGCGGCCGTCGCGGGCGGCGTACGCGGCCCGGACGGCCGAGTAGCCCAGCACGTCGTCCGTCGTCTGCGCGCCGCGCTCGACGTAGCTCCCCAGCGTGTCGCCGCTCGTCGCGACAATTCGCAGTTCCGTCGCCACGTCCGCGAGCGAGCCGAGCAGCGAGCTCGACACGAGCCCGGCCGCGAGGGCGTCGACGGCACGCCGCGACGAGTCGGCGGCGGCGGGGCTGGACTGGCGCGTCGAGTCGACGGCGGCGAGCGCGTCGAGCAGGACCGGCCCGAGCGCATCGTCGGCGCGGGCCTCGTCGAAGACCTGGTCGATGGCGGCCGTCACGCGATCGTCGCGGTTGTCGGAAAAAGCGAAGGCCGCGTCGGCAAGCAAGAGCGCGGTCCGCTCGCGCAGGGGCTCCTGCATCGCCGCGAACAGGACGAGCGCGAGCACGCCCGAGGCGAGCAGCGTCCCCCGGAACGTGAGCGGCAGCGCCCACCGCGAGGGGTGGTCGAACAGGGCGACCGCCAGCAGCGCGCCGAGCCCGGCGAGCACGAGGGCCGGCACGATCGGCGCCCCGCCCAGCGCCCCCGCCACACCCGCCCCCGCGAGCGCGGCGACGCCCACCCATGGCCCGCGCCGGTGGACGACGAGGACGGCCGCACCGACCGTCAGCAGCGCGGCCGCCAGGACCGCCAGCAGGCCGGCGAGCACGGCGGCCATCGGACCGCTCAGCAGCGGCCCGGCTTGGTCGGCGTAGGGGATCGTCGCGTCGAGCACGGCGTGGTGGACCCACCGCCCCGCCAGCCACACGGCGCCGAAGGCGACGGCGGCGACGCCCGCCAGCCCGAGCGCATGGCCCGCCGGCGACCGTGGGTGCCGCGGCGTGCGGAGCGCCACGGCGAACGCGGTCCCCGCAGCGACGAGCAGG
CP177357.1_gap54	2375631	2380169	4538	GCCTCCTCGCCGCCCGAGATGGCCACGGCCGCCGCGAACAGGCCCGTCGCCGTCGTGCCGACGTTGGAGCCCAGCATGTACGGGAAGACCTTGCGCACGCTCAGCACGCCGGCGCCGACGAGCGGGATCACCAGGCTCGTCGTGACGGACGACGACTGGACCAGGAACGTGAGCACCATCCCGAAGAGCATCGCCATCATCGGGTTGCCGAAGACGTACTTGTCGAGCGCGCCCTCCGACCGCCCGAGCACGAGCGACTTCAGCACGACCACGAGGTAGCGGAGCGCCGTGAACAGCAGGACGATGCCGACGAGCGCCGTCACCCAGGCGTTCTCCGCCAGGACCGTCTCGCCGATCCACTTGGCGAACTGGTCGAAGGGCGTCTTGCCCATCCCGCCGGAGTCGACGCCCGGGATGGCGTTCGCGAGGGCGATCGCCGGCTTCGAGATGACGCCGAAGAACAGCTCGAGGGGCAGCAGGATGGCGACGGCGATCCAGTTAAAAAAATCGTGGACGGTCGCCCCGGCCATGGCGCGGCGGAACTCGTCGGGCCGTGTGATGTGGCCCATCGAGACGATCGTGTTGGTCACCGTCGTGCCGATGTTGGCGCCCATGATGACCGGGATCGCGTTCGCCACCCCGAGCGTGCCGGTCGCCACGAGGCCGACGACGATCGAGGTCGTGGTCGAGGAGGACTGGACCAGGCTGGTGGCCAGGATGCCCAAGATGAGGCCGAGAAGCGGGCTGGCGGTGGCGTCGGCGAGCAGGCCTTCCAGGTCGAAGGAGCCCTTGCCGAGCCCCTTGATGCCGTCGCCCATGAGCTCGAGCGCGAGCACGAACAGGCTCATGATGGCGACCAGCAGGACCAGCCGGACCCACAGGGGCTGCTTGGCGGGCGTGGCCGGGTCGCCGTCGAGGTCGTCGCGGTCGATGGGTGGGAGGCCGGTCAGCGCGTCGAGGTGCTCGTCGCGGTCGGGCCGGGCGCCCGGGCGGGCGTCGTCAGATGTGGGCATGGGGAGTGGGTGAGTCGGTGAGTCGGGAGTCCGAGGGCTTCAGGGCCCGGGGCACCGGCTCAGCCCCAGGAGGGCGAGTTGCGGACCTGGTCGAACGGCAGGGCGACGGCCGAGACGATGTTGGACAAGTGCGACGAGGTCCGCCCGATCATCCGGGCGCCGACCGCCAGGACGACGGCCTCGTTCGAGGTCACGTCGTCGGCGCTCGCGATCTCCTGGAGGAAGGCAGCGACGTCCTTTTTGGTCTGGTCGTGCTCCTCCATGATGGCGCGGCCGACGCCGGCGTCGCCGACGACGAACGAGCGGCGGACGCGGGGGAACGTGGCCTGGACGCGGTCGCGGATCGGCCGGAGCGCGTCGACGTGGCGCCCCATGCGGGGGGCCGCGGCGAGGTCGGAGATCTTGGCGATGTTCTTGGCGAGGTCGCCGCAGCGCTCGGCGTCCTGCACGATCGAGACGAGCAGCAGGCTGAACGAGGTCTCGACCTTGGGGTCGGAGACCATGTGCTCGAGGACGGCCCGGCGAACGGAGGTCTCGCCCGCGTTGATCGTCTCGTCCATGGCCGAGAGGTCGACGTGGAGGGACTCGTTGTCGAGCAGGCAGTTGGTGGCCGCGGCGAACATGGTGTCGGCCGTGTCGAGCATGGCCCCGAGGTCTTCGAGGGCGCGGTCGACGAGGGGCGGGCGCGAGCCCGTGAGGAAGCTGAAGAAGTTCATCGGTGCGGGGGTTAGAAGCGGATGTCGACGGTGACGCGGCCCAACACCTCGGCGTCGCCGCCCTCGGGGCGCTCGACGATGACGTTGGGCATGAGCTGGACGGACGGCGCGAGCCGCTGGGCGAGCGCCACCAGAACGTAGTGCTCGCCGACCCCCGACCGCGCGACGGCGGCCTCGGCAAAGTCGTAGCGGGCGACGAGCCGGGTGCGGGGCGCGAGCGCGACGGCCCCGAACACGCTGACCCCGACGCCGGTCTCGGTGTCGAGCCCGGCCGCCTCGGGGTCCTCGACCACGTAGGCCACCTCGACGCCGCCCCGGGCGCGCTCGGTGACGGCGCCGACAAACGCCGAGGCGCGCGTGCTGGCCTGCCGCGTCCCGTCGTCGGGGTCGGACTCGGTGTAGTCGGCGCCGAGCGTGGCGCGGAGCGGGGAGCCGTCGGGGAGGTACGCGAGCTGGCCGTAGACCCGCTTCCCGTTGGCCCCGGCGTCTTCGCGCTGGACGCCGTTCCCGTTCGCGACCATCGCCGAGTAGCGCAGCCCGGACCCGCCCAGCGGGCCGTCGGCGCGCAGGCCGAAGTCGCGGGACTCGCGCAGGCGCGTCCGGTCGGTCAGGGTTTGGGCCAGGCTCCGGTAGCCCCAGACCGTCTCGGCGACCTCGAAGACGGGCGGCGGCTGGACGCCCAGCGTGGCGCGGTGGCCGTCCGGGGCATACCGCCAGCGGACCCAGGCGTCCTTCACGAACGGCGACGGGCGGCCCTGCGCGGTCGTCGAGCGCGTCGTGGCTTCCAACCGGACGCGGGCGTCGAAGGCGTCGTCGAGGGCCACGTCGGCGGTGAGGTAGATGCGGCGGTAGTCGAACGAGTTGTCGCCGACGGCGGCGGCGTCGGCCGAGGCCAGCAGGTAGCGGTAGTCGACGTAGGCCAGGCCGCTCCAGTCGACGGTGGGCTGGGCAGAGGCGGAGGTCGCCGAGAGGGCCAGTGCCGTCACGCACAGGACCCAGGCTCGTTGCAGAGTCACGGGAGAAGAGGGGTAGTGGTCCGCCCGCGGCGCGGGGTGGGAATCGGACATCCGCCGGCGAAGATGGCCGGTGCCTGTTACGACAGTGTTACCGGTCGGTGGAGCGCTTGCTGAGACCGCCGCGCCGTGCCGGCGGGCGGGCGTCTCCGCCTGTCGTCCTGAGCGGGCCTACAGGGCGGCCGAGAGTTGGACTCGGACCGTCTGGATGACGCGGCTCCCGGCCGGCGCCCGGCCGTCGTAGACGAGCGAGCCGCGCACGCGCTCGGTGAGGCCGATTTGCGCGTCGACGCCCCAGATGGCCGAGAGGCCGGGGCCGCGGCCGTCGGTGAGCTCGAACAGCGACAGCCCGCCGCCCTCGGCCCCGCGCAGCGACACGCTCGACCCCTCGACGCGCGCGGCGGCCGTAAACCGGCCCGACCGCGTCCACCGGGCTTCCAAGGGGACGCGGGCGACGAACGCGCCCGTCGGGCGGCCCGGCCCCGCGAGCGCGTCCGTCCGGGTCGACAGCGTGGGCGCGACGGACACCTCGACGCGCGGCGACGGCGCCCACCGAACCGAGCCCTCGGCGCCAACGCTCCCGATGTCGAACGTTCGGCTGGCGAACGCCTCGCTCAGCGTGCGGCGGCGGCTGGCGACGGCCGCGAGCCGAGCGTCGAGCGTCGGCGCGAGGGGGGCGAACGCCTCGGCGCGGGCGGTCTGAACGAGGCGGCGCTCCAGCCCGGCTGCGAGGCGGGCCGTCGACTGAGCGTGGGAGAGGGCGAGCCGCCCACCCCGGTCGGCGAGGTCCGGAAACAAAATCACGTCCTGATCGACGCGGAACCGGCCGTCGACCGTCCCCGCGTCGAGGTCGGGCTGCTGCAGGACGGCGGGGTCGAGCAGGAGGACGCGGAGCACGTCGCGCTCGCGCGTCGTCTCGCGCACGTCGACGACGGTCCGCAAGGCCACGGCGCGGAAGACGCTCGCGAGCGGGCCGTCGCCCGTCGTGAGGCGGCCGGGGCGGGCGTCCATGCGGAGTCCCAGGCCCACGCCGACGGTCGGGACGAGGTCGGTGCCGGGGACGAACGTGCGGAGGTAGGTGCCTTCGAGCGGCGTGGTCTCGGGGAAGAACTCGTCGAGCTGGGCGACGCCATCCGGCTCTCCCGCACGGGGCTCCCCCTCGCCGTCTCGCCAGACGTACTCGCCCAGGTCCTGCCCGACGCGCACGAACGTCTCCTGCAGGATCGGCGCACGCTCCGTCAGCGCGTCGTAGACGACCCGGCCATCGAGGGCGCCTCTGGCGACGGAGCCGCGCGAGGCGAGTCGCAAGGCGACCGACTCGGCGTCCGAGCGCCCCTGCTCACGGAAGGCGTCGGTGTAGCGCTTGCGGCGGTAGCCGAGGCGCCCCTCGGTCTGGAACGTGCCACCGACGGCCCGGCCCGAGGCCTCGACCGTCAGCGCCGTTGCGGCGTCCGCGAAGCTCTCCCCGCCGTCGAGGGCGAGGGGCTCCGACTCGCGACGCAGCTCGACGAAGGCCTGCGCGTCCGACCCGCCGGAGGCGACCCCCAAGCCCGGCCGGATGGCCAGAAAGGAATACGACGCCGAGAGCAGCGAGTCCTGAGGGAAGACGCCGGACTGGCTCCGGCGCTCGTGCTCGAATCCCAGGCTGGGGCGGAAGGCCCCGAGCGTGACCGCGCCGACGGTCTGGGCACGGCGAAACGCACCCGTCCCGATCTGGCTCGCGATGGGCCCGTCGCCCGAGGTCGCCGTCGCCGCCCCTTCGAGCACCAGCGACCGCCGCTCGTCGCCGATCGTCG
CP177357.1_gap55	2394363	2398843	4480	GGGCGAGACCGTCTTGTAGCGGCTGGCGACGAGCACGACGAGCGCCACGAAGGCGACGGCGACGAGCACGGCGATGGTGCCGGTGAGTCCAAGGAGTTCGATCATGAGTCTGTCGAGTGGGTGAGACGAGGGGTGGGGCCGCCGGGCGCTGGCGGGCTCAGCGGGACTGCAGGCGGGCGGGCGGCACGGGTGGGACCATGAGGTCCTCGCGGTCGAGCGGCGCGACGCGCAGGACGCCCTCGCGGTCGACTTCGACGACGACGACGGGCGTCCCCGTGGGGATCGGGTCGCCGGAAAACGAAGCGGCGGTCTGGAAGGTGGTGCTGGCGCCCATCCGGACGACGACCTCGCCGAAGCCGTTCTCGGGCACGCCCGTCGTCAGCTCGCCCGTCTTGCCGGAGTACTCGCGGACCGAGAAGCCGGTCGAGTTCTCGCTCGCCTTCATCGGCTTGACGTACACGATGTGGAGCGCGACGGCCGCGACGACCCCGATGACGGCCGCGACCGTGACCTCGGGGATCGTCCCGAGGTCGGTGTACGCGTCGAGCAAGAGGCCCGCGCCGCCGAAGAGCGTCACGCCGAAGACGGCGGAGAGCGGGTCGAAGGCGCCGCCGACGTCGAGCGCCTCCAGGGCCCCGTCGAGCGCGTCCATCGCGGCCTCCAGCACGTCGCCGAGGAAGACGAGGAGCACGGACACCGCGACGCCTCCGAGCAGGCAGGACCAGTAGATCGTCGTCATGTCAGCGTGGTGGGCGAGAGCCTGCTACGGGCCGGCGCCCGCCCGGTTACGCCGCCGACCCACCGCCTGAACGTACGACGCCCCACCGCGACGGCCAGGTCGCGAGCGGGGCGGACACAGATCTCCCAGCGGAGAACGCAGCGGCTAGTTGTAGATCGAGTCGAGCAGCGAAGGGACCTTCGCGGGCGCGGTCTTGACGAGGAAGACCGACGATGCCAAGCACGCGACACCGAGGGCGGCGAGCAGTCCGAGACGGGCAGGCGTCATGATCGGGGGGGACGGGTTCATGGAAACGCTCCCAAAGATCGCGCCATCCCGCACGATCGGCCGGCGTCCGTTCCCAGAGGGCGAAATCCGCCTCCGAACCGCTGGAGGAGTGCCCCGGGCGGTTCCGGACCTCCCCCCCGACGGTTCGATCTCACCGCGGCTTACACTGGCGAACGCATTCCGATCTGTATCTTTTCAACTCCCACCGCCCCCTCAACCTACTTACCCATCTCCATGGCCAAGAAATCTCCCACTCCCGACTTCAACATCTCGGTGGTCGACAAAAAAGAGGCGGCCGACATTCTTCGGACCTCCCGCCAGCGTGGCGGCCGCAACTCGAAGTACTCCCCCATCTACGACGAGGTCGGCGGGCTGAAGGCGGGCGAGTTCGTCGTTCTCCGGAGCATCGACAAGACCGCCAAGCTGGGCCTCTACCAGGGCATCAAGCGCATGTTCGGCGAGGACGTCAAGATGGCCTCGGCGCGTGACCGCGACGCGAGCGGCGAGGCGTACACGCTCGTCATCGGCCGGTCGACCGACCACGACGAGATGCGCGAGCTCGCGCGGAAGGGCTAGCGCGGCGCGTAGAACGGATTGGCTCGGCCGCCCCCTTCGGGGGACGGGTCGGGCTGCCGTCTGCCGTCCACCATCGCCGCCAGCCGGACGTAGTGGACGGCGTTCGCGCGGTTCCGCTCGACCTCGTCGTCGGTCAGCTCCCGGACGACGCGCCCGGGCGAGCCGACGACGAGCGAGCGGGGCGGGACGACCGTCCCGCCCGTAACGAGGGCCCCGGCGCCGACCAGGCTGCCCGCCCCGATCACGGCGCCGTCGAGCACGATGGCCCCCATCCCAATCAGCACGCCGTCTTGGACGGTGCACCCGTGGACGACGGCGTTGTGGCCGATCGTGACCCAGTCGCCGAGCTGGCACGGGTGCGTCCCGCGCGAGACGTGGACCGTCGCGTTGTCCTGGACGTTCGTTCCGGCCCCGACGGCGATCCAATGGACGTCCCCCCGTAGCGAGGCCCCGTGCCAGATGCTCGCGCCGTCGCCCAGCGTCACATCGCCGACGACGGCGGCGGTCTCGGCCACCCACACGTCGGCGCCAAGCGTAGGGTGAATGTCGAGGAAGGGAGCGATCATCGGGGCGGGAGTTCAGGGGGCCTCCGGCTGGCGGCTGTCGCCAGCGGAGTGACGGGTGACAGGGGCGCAAGCCCCCTCACCGGGCCTCTCCCAGCGGGAGAGGGGACGTCGTCACGAAATGGGTCGCACGCCGAGGATCGGTAACGAGCGGTACCGAGGCTGCGCCTCCGACCCATCGTTACCAGAAGAGCGGGACCGCCATCACGCCGATGCCGAGGAGGATCATGACCAGCTGGCCGACAGCCTTGGTGGCCGGGTAGCTGTGGCGGCGGTTGAGCTCGGGGATGAGGTCGCTCCCGGCGATGTAGAGGAACGCGCCCGCCGTCACCGGCAAGAGCACATCGGCCAGCCCCTCGACGCCCGCGCCGAGCGTCAGCACCAAGCCGGCGCCGATCAGCCCGCCGAGCCCCGCGACGAAGTTGTACAAGAGCGCCTTGCGGACCGGGTAGCCGCCGTAGACGAGGACGCCGAAGTTGCCGATCTCGGCCGGGATCTCGTGGAGCATCACCGCCAGCGTGGTGACCAGGCCGGTCTGGATCGAGACCATGTACGCCGCCGCCACGATCGCCCCGTCGACCACCTTGTGCGCCACGCTGCCCACCAGGTTGACGAGCGCGAACGGCGCCGCCGCGTCGACCCCGTGGTGGTGGTGATGGTGGCCGACGTGCCCGCTCGCGCCCTCCAGCGCCTCCGGGACGCCGTGCTGATGGCGCCAGTGGAGAAACTTCTCGAGCACGAAAAACGCCAGCACGCCCGCCAGCACCAGGAGCCCGGTCTCGGGCCCGCCGCCGAGCGTGGCGTAGCTCTCCGGGATCAGGTGGAGCAGCGCCCCGCCCAGCATCGCGCCGACCGCGAAGGCGACCAGCAGGAAGATCGTCCGCTCCAGCCGGGCCCGGCCCAGCGACAGCGTGAGCGCGCCCGCCAGCGACGCCAGCGAGATCGCGAGGACGGACAGGAGGGCGGCGGCGGCGGGGGTCACAGGCAGCGGGGGGCCCGCCGGACGCGGCGGCCGGCGGTCGGCTTACTGATACCCCTTCCCCTCGCGCTCGGCCTTGGCGACGGCCTCGGGGTCGAGCGAGACGGTCGGCTTCTCGATGCCGAGCGAGCCGGGGTCCTGGGGCCCCGCGTTGATCTGGGGCGCGACCTCTTCGGAGAGGTCGTCGTCGGAGTCGGGCCGGTTGCCCATGCCGACCTTGTCCTCGACGTAGTCGGGGCGCTCGTCGCGGAGGTGGAGGGGGTCGTCTTTCGTCGAGAGGTCGGCCATGGGACGGGAGGAAGATGGGCCGGTCGTACGACGCGGCCCGGCCACGGGTCCGCTACGCGTCCGCGAAGCGGAGCGGGTACTCGGCCTCGACGTCGCCGCGGGCGATGGCCGCCAGCCGGCGCTTGAGCAGGCGGCGGCGGAGCGGCGAGAGGTGGTCGACGTAGAGCACGCCGTCGAGGTGGTCGGCCTCGTGCTGGATCACGCGCGACAGCGTGGCCTCGGCGTCGAGCGTCTGCTCCTGGAAGTGGCGGTCGAGAAAGCGGACGTGGAGGCGGTCGGGGCGCCAGACCGTCTCGCGGAGGTCGGGGATCGACAGGCAGCCCTCCTCCACGTCCACCTCGTCCGAGGTCTCGTCGAGCTCGAGCACGGGGTTGATAAACACGAGCGGGGACTGGGCCCACTCGGGCACCTCGCCGTAGTCCTCTTTGAGATCCTCGGCGTAGGGCGACAAGTCGGCCACGAACAGCCGCAGCGACCGGCCGATCTGGGGGGCCGCCAGCCCGACGCCACTCGCGGCGTGCATCGTCTCGATCATGTCGTCGATGAGCGCCTGCAGCTCGGGGCTGTCGGCGTCGATGGCGTCGGCCGGCTGGCGGAGCACGGGCTGGCCGTAGGCGTAGATCGGGAGGACCATGGGGCGTGGGGGCGTCTCAGAGGATAGGCCGCCCGGCCGCCGGGGATCCGGGCGGACGCCCGTTTCCCGCCCGATTCAAGAGCCGCGTTCGTCGAGCCAGTCCTGCAGGATGACGCACGCGGCGGCGGCGTCGAGCGTGCCCCGCTCGCGGCGCTTGCCGCGCCGGACGCCCGCCGCCACCAGGTCCTCCATCGCGCGGCGCGACGAGTCGCGCTCGTCCTGCACCACCACCTCCGCGTCGGGCGCGGCCTTTTTGAGCCGCCCGATAAACGGCCGCACGCGGTCGACGGCTTTCCCCTCCGCCCCGTCGTCGAGGAGCGGCCACCCGACGACGATCGTGCCGACGCCTTCGTCGGCCACCAGCCGCGCGAGCTCGTTGAGGGCCGCGCCCGGCGCGAACGTGCCGGCCGGGCGGGCGAACAGGCGGAGCGGGT
CP177357.1_gap56	2405455	2409259	3804	GCCGCGGTAGCAGCCAATGTCCATCAGCCGCTTGATGTTGAGCTGGGTCTCCGTGCGGAGCGAGCCCTCGACGACGTAGTTGTCCTCGACGAGCGACCGGACGCGCCGGGTCTCATCTTCGGACCACTGGTCGGGGTACGTGTCGGCGTCGAGGCCGGCACGCTCGAGGATCTCGATGGCGCGGCTGTTGCCGACGCCGAAGATCGTCTGGAGGGCGATCACGCCGCGCTTGCGGCCGGGGACGTCGACTCCTGCGATTCGAGGCATAGTGCTGGATGCTTGTGTGTCGAGCGTCGCGCACGCCGTCAGCCGAGTGCTGCGGCAAGGCGCGAGGCGCTCACCCCTGGCGCTGCTTGTGCTTGGGGTTCTTCTTGTTGATGATGTAGATGCGGCCCTTGCGGCGGACGATCTTGTCGTCGGCCGACCGCTTCTTGACGCTGGCGCGAACCTTCATGGGTCTCTCTGGCTGAGTGGGGACCGGCGGGAAAGGCCGGCCTGGAAGAACGCTCCCGGGCCGTGGGGAATGGTCGGACGCGGCGTGAAAACCCCGCCAGACTCGTCCCCCACCCTCTCCACGGGCAGCGCCGCGCGGAGAGCCGACTGGCTACTTGTAGCGGTAGACGATCCGGCCCTTCGTCAGGTCGTAGGGAGACATCTCGACCGTCACGCGGTCGCCGGGCAGGATGCGGATGTAGAACTTCCGCATCTTGCCGGACAGGAGACCCAGGATCTCGTGTCCGTTCTCCAGCTCCACGCGGAACTGGGCGTTCGGGAGCGCTTCGGTGACCTTGCCGTCTTGTCGGATCGCAGGCTGCTTCGCCATTCGGGAGCGCGGGGTGCGCAGGTGGTGAGTCGTGTCGGTTAGGCGGCGGGCGCGGGCTCGCCGTCGCGCGCTCGGAGCGCGGCTTCAATGGGGTCGTACGAGGAGAGGACCTCCGCGTGTCCACGCTGAACGTGAACCATGTGCTCAAAATGGGCGCTCGGCGCGCCGTCGGCGGTCCGGACGGTCCAGCCGTCGGCGTCGACGGTCACGTCGCCCGTACCGCCGTTGATCATCGGCTCGATGCAGATCGTCAGCCCCTCGCGGAGCCGCTTGCCGACGCCGCGGCGCCCCACGTTGGGGACGTTCGGCGGCTCGTGCAGGTTGGTGCCGACACCGTGGCCCACCAGGTCGCGGACGACCCCGTAGCCCCGGCTCTCGCAATACGTCTGCACGGCGTGCCCGATGTCGCCGACGCGGTTGCCCGCGTGCGCCGCCGCGATCCCCTCGTAAAGCGACGCCTTGGTGGCGTCGAGGAGCGCTTGCGCGGACGCCGAGATCTCGCCGACGCCAAACGTGTAGGCGTAGTCGCCGAAGTACCCGCCCAGCTCGACGCCGCAGTCGACAGAGAGCACGTCGCCCTCGCGGAGCTCGTACGCGCTCGGCATGCCGTGGACGACCACGTCGTTGACCGAGATGCACAGGCTGCCGGGGAACGGCGTTGTGTCGGGCCCCATCTGGTAGCCCTTGAACGCCGGACGGCCACCCGCATCGCGGATGACCGCCTCGGCCGCCTGGTCGAGGCGGAGCGTCGGGACGCCGGGACGGATCTCAGCCGCCGCAGCGGCGAGCGCCCGGCCGACGACCGCCGCCGCTTCGCGGAGGCCGGCGACGTCGGCGGCGCTCTTCAGCGTGATCCGTCCCCGCGCCACTATCGGCGGCGGCCGCGGACGCGGCCCGTCTTCATGAACCCGTCGTAGTGGCGCATGAGCAGGTGGCTCTCGATCTGCTGCAGCGTGTCGAGCGTGACGCCGACCAGGATCAGCAGGCTCGTGCCGCCGAAGAACTGGGCGAAGCCCTGCTGCACGCCGAGCTGCGCGGCGAACGCCGGCAGAATCGCGACCGCGCCGATAAAGAGGGCGCCCGGCAGCGTGATCCGCGTCAGGATCGTGTCGATGAACTCCGAGGTCTGGCGACCCGGGCGGACGCCGGGGATAAAGCCGCCCTGGCGCTTCATCGTGTCGGCCATCTCTTGCGGGTTCACCGCGATCGCCGTGTAGAAGTACGTAAAGAAGACGCAGATGACGAAGAAGATCGCCGAGTACCAGAACCCGAAGATGTCGCCGGTCGCCGTCCCGATCGTCTGCATCACGCCGTTCTCGGGGAAGAAGGCGGCGATCGTGCTCGGGATGAACATGATCGACTGCGCGAAGATGATCGGCATGACGCCGGCCGCGTTGACGCGGAGGGGGAGGTACTGGGTCGTCCCGCCCATCTGCTTGCGCCCGATGACACGCTTGGCGTACTGCACCGGGATCCGTCGCGTGCCCTGCGTCACGTAAACGACGCCCGCGGTCACCAGGAAGAGCGCCGCGATCTCGATCAGGAAGATGAAGATGTTGGTGTCGCTCCGGCCGATGCCGCCGAACTGCGGGACCTCGTTGAGCAGCGCCTGCGGCAGGAAGGCGATGATGCCGATCATGATGATCAGCGAGATGCCGTTGCCGATGCCCTTCTCCGTGATCCGCTCACCGAGCCACATCACGAAGACGGTGCCGGCCGTGAGACAGATCACACAGACGACCGTGAACGCCCACGCCGGGATGACAATGGCGCCCGCCGACGTCGACTGCAGGTTGATCGCGTAGCCGATGGACTGGAGCGCCGTGATGACGATCGTGCCGTACCGCGTCCACTGGGTGATCTTGCGCCTGCCGTCCTCACCCTCGCGTTGCAACTTCTGTATCGGGGCCCAGACCGCGCCGAGCAGCTGGATGATGATCGAAGCCGTGATGTACGGCATGATCCCGAGCGCGAAGACGCCCGCTCGGAAGAACGCGCCGCCCACGAACAGGTCGAACAGCCCGAACAGGCCGCCCTGGTTCGGGTTGGCGTTCGCCAGCTCCTGGAGCGCGATCGCGTCGACGCCCGGGAGCGTGACGTACGAGCCCAGGCGGTAGACGATGAGGATGCCCAGCGTAAAGAGGATCCGCTGCCGGAGCTCGTGGATCTTCCAGATGTTGCGGACCGATTCGGCGATCGAGGCCATTCGTTCAGGGGGTTGCTGGAGCCCGGGGGCTCAAAGTGCGGGGAACGGGGAGCCGGGGCGACGCCCCGGCCGGTCCCCTCTAGGCCTCGACGACGGTGGCGGTGCCGCCGGCCGACTCGATCTTCTCCTTGGCCGCCGCGGAGAACGCGTGGGCGTGGACGTCGAGCTTGGCGGAGAAGTCGCCGCCGCCCAGGATCTTGTAGCGGCCGTTCTTGCCGCCCATGCCGAGCGCCTTGAGCGTCGCCGGCGTCAGCGTGGCGCCGGCCTCGACGCGGCCCTCCTCGACGAGCTGCGCCAAGCGGCCCAGGTTGATCGGGTCGTAGGCGACGCGGTTGCGGTTCTTGAACCCGAACTTGGGGACGCGGCGCTGGAGCGGCATCTGGCCGCCCTCGAACCACGTCGGGACGCTGCCGCCGGAGCGGCTCTTCTGGCCGTTGTGGCCCTTGCCGACGGTGTGGTTGCCGTGGCCGGAGCCCTGGCCGCGGCCGATGCGCTTCTTGGTCTTGGTCGAGCCCTTGGCGGGCTTGAGGTTGCTGAGGTCCATCGTATGGGGGGCTAGTGGCGCCGGCCCGGAGTGGGCCGACTCGCGGTGCGCGAGCGGGAGGTCCGCTGGCGCGGCGCCGATGGCGGCGCGGGTTAAAGATAGACCGGCCGGGCACGGGGCCGGGCCGGTCTCGGTTGGGTTTATCGGTGAAGCGTCCCCGCGGGGACCGACACGGCGGGGTCTCCCCCAGCCGGTCGCCTAGGCCTCCTCGACGGAGACCATGTGCTGCAC
CP177357.1_gap57	2411497	2412468	971	GGCCGGTTCGGACGCTCGCGACGCGAGCAGGCCGCCTGGCCGCTAGAGGTTAAAAAAAAGGGTGGGCGAGGGTCGGGGCCGCGGCCCCGACCGTTCTACCAGCTCGACTTGCGGATGCCGGGGATCTTGCCCTCGACCGCGAGCTCGCGGAACACGTTGCGGCAGACGCCGAACTTGCGGATGTAGCCGCGCGGGCGGCCCGTCAGGGCGCACCGGTTGTGGAGCCGGACGGGGCTGGCGTTGCGCGGGAGCTTCTGCAGCTTCTCGGCGATCGCCTGGGCCTCGGCGGGGTTGAAGTCGTCGCTCGACTTGAGCGCCCGCATTTCCTCCTTGAGCTGCGCGCGCTTGTCGGCGTACTGCTGGACGGTCTTGCGGCGCTTCTTTTCGCGCGCGATGACACTGGTCTTAGCCATAGTTCTCTCTGTTGGGTTACGCGGCCTGGGCCTCGCGACGGACGAAGGGCATGCCGAGCGCCTTGAGCAGCGCGTGGGCCTCCTCGTCCGTGTCGGCCGTGGTCACGAACGTGATGTCGAGGCCCGAGATGCGGGGCGTCGAGTCGATGTCGATCTCGGGGAAGATGATCTGCTCCTTGATCCCGAGCGTGTAGTTGCCGCGGCCGTCGAAGCTGCGGTCCTTGACGCCCTTGAAGTCGCGGACGGCGGGGAGCGCGAGCGTCACGAGACGGTCGACGAACTCCCACATCCGGTCGCCCCGCAGGGTGACCATGGCGCCGACGGGCATGCCCTCGCGGAGCTTGAAGTTGGAGATCGACGTCTTGGCGTTCCGCGTCGCCGGCTGCTGGCCGGTGATCTTGCGGAGCTCCTCGATGGCGTCGTCCAGGACCTTCTTGTTCTGCGAGGCCTCGCCGATGCCCTTGTTGACGACCACCTTCAGCAGGCGCGGGACCTGCATGACGTTGTCGTAGCTGAACTGCTCGGTGAGCGCGTCGACGATCTCGGCGCGGTAGCGCT
CP177357.1_gap58	2474320	2475281	961	GTCATATGCGACGCCGCAGCGCCCGTACCCCCCGTCGACTTCCACCAGCACGTCGGCCGTCGCGCCCGCTGCCGAGAACGCCTCGGCCGCGAGCGCGACGCCCCGGGCCGAATCGACGGTGAACGAGATGCGCGTGCCGGCGCTCGCGAGCGTCGCGAGCCGGTCGAGCTTGGTCGGGCCCACGACGGGCGACGCCAGCCGCAGGTCGTCAAAGCCGGCTTGGGCGAACGCCTCGGCCTCGTCGACCGTCGCGACGGTCAGGCCGCGCGCGCCCCGATCGGTCTGCATCCGGGCGATGGCCGGGCTCTTGTGCGTCTTGACGTGGGGCCGGAGCGCGACGCCCTGGGCGTCGGCGCGGGCCGCCATCGCGTCGAGGTTGGCGTGGAGCCGGGCGCGGTCGACGAGGAGCGCCGGGGTGGGGAGGTCGGAAACGAGCACGCGGTCGGGGGAGGGGGCCGCCCCTCAACCCCGACCGCGCGGTGTCTGATCCAGGGCGGCTAGTCCTGGACGGGGCGCCAAATGCGGGGGTGGCGGTACCACTCGCCCTCGTTCGCGCGGATCGCGCCGTAGGCCGTGCCGATAAACCACCACGCGACGACGCCGATGAGCATGGGGATGCCGACGACGACGGCGCACAGGATGCCGGAGACCACGGCGGCGGCGACGATCGTGATCTGGAAGTTGAGCGCCTCACGCGCCTGGTCCTCCACGAACGCGGACTCGTCGCGCTTGAGCCAGTACAGCAGCGCGGGCCCGAGCAAGCTGCCGAGCGGCAGGACGAGCCCGGCATACCCCGAGAGGTGGGCCATCAGCGCGAGCGAGCGTTCCTCGGTGTCGGGCTCGTAGGGGCCGAGGTCGGACTCACCGAAACGGTCGTCGTCGAAGTCGGAGTCGTAGGGGCCGGTGTGGGGGACGGAGCTGGGCATGGCCTCGGTGGGGGAATCGGGGTGCTCTACGGCGC
CP177357.1_gap59	2521729	2524869	3140	CCCGCCGCGCCCGGCCGACCCGACCGGCGCCGTGCTCCTGCTCGTCGACCCCCACGACCAAGCCCGCGCGGCGGTCGCCGCGCTCGCGACCGCCATCGGCCTCCGGGTCGAGACGCTCGCCAGCGCCGACGACGCCCGCGCGTACGTGGCCGGCGGCGGCCGCTACGACCTGGCCGCGCTCGCGCTCAGCGCCGACGCCTTCGCGCTCGCCGACGACCTGCGCGCCGACCCCACCGTCGGCGGCCGCCCCCTCCTCCTGCTGGCGCCACTCGGCGGCGCCGTCGCCTCGCCCGGCCTGTTCGACGCCGTCGTCGCCAAGCCCGTCCGCGGCGACCGCTTCGGCGCCGTCGTGCGCGGGCTGACGGGCCCGGCCGTGCCCGAGGCGCCCGCCCGGCCGCTCGCGGCCGACTACTCGCACCTCCGCGTGCTGCTCGTCGAGGACCACGAGGTTAACCGCCGCGTCGCGCGCGGCCTGCTCGCGCGGCTCGGCGTGGCGCCCGACATCGCCGAGGACGGCGCCCAGGCCCTCGACGCGCTCGCCGTCGTCGACTACGACCTGGTGTTCATGGACGTCCAGATGCCCGTACTCGACGGGCTCGAGGCGACCCGCCGGCTCCGCGCCCGGGCCGGCCACCAGCCCCGCGTCGTCGCCCTCACGGCGAACGCCTTCGCCGAGGACGCCACGCGGTGCACCGCCGCCGGCATGGACAGCTTCCTGACCAAGCCGGTCCGCCTCGCCGACCTGCGCGCCGAGCTCGCGGCCGTCGCGGACGGCACGCCGCCGGCCTCGCCGCCGCCGCCGCCGGCCGCCCCGCCGCGCCCGGCCCCTCGGGGCCCGATCGCGCTCCCCGCCCCGAGCGTCGTCGCCGACCACCTCCGCGCGCTGTGCGACGGCGACAGCGTGCTCGCGTCCGAGATCCTCGACGCCTACCTCGACGCCGAGGGCCCGCTCGTGGAGGCCCTCGTCGAGGGCGACCGCGCCAGCGCCGCGCACAAGCTCAAGGCCGCCTGCGGCACGCTCGGCGCGGACGCGCTCACGCACGCCGCGCACGAGATCGAGCAGGCCGTCCGCGCCGACGGCGACACGGACGCAGCGGCGGCCGCGCTGGCCGACGCCCTCGGCCAGTTCCGAGCTGTCGCCGGGCTCGCGCGCACGCTCCTGTCGGAGCCCGCCAGCAGCGCGTAGCGCCGTCGCGCCGACCGCCCCAGCTCGCGGAATGAGACGGGCGCCCGAGGGGCCGCGGCCGCGTCGCTCTCAGCCTGAGACGGACCGCAACACTCGCCGCTGGCGTCACGCCGGACCGGACAAATCCGGCGGCCGGAGGGGCCATGTCCGGGACCGGCACCACTTTCCCAAAGGCTCGGATCGTTCTCCCGATACCCCCTCCGACTGTGAACACCGCCCGCCTCTCCGCCTCCGTGTCGACCTCCTGCGACCTGTTCGCCCACCGAGGCTTCGAGCTCCGGCTCCTGCCGGCCGCCGACGCCTTCGCGTTCGAGATCGGGCACCACGCGCTCACGCTCCACCGCTCCGACGCCTCGTTCCGCACGCCGTTCGCCGCCGAGCGCGCCGCCCGCCAGCACGTCGACGCCGCGCTCGGCGCCTTTGACGCCGCCCACCGCACGCTCGCGGCCTAGCCTCCGGCACTCGGAGACGGCCGCTGCTGCTGCCACCTGCCGACGACGGGGGAACGGGCGTTCACGCCCGCGTCGTCGACCTCGACCTCTCCGATGCCCCCGGGCCTCCGTTCTGTGGTGGGACGGGGGCCTTTTTTTGGGATCGGTGGAAAGCCGAGGTCGCTCTTGGCGCCGGGACCCGACGGGGCGACCGCGCCATGCGGCGCCGATCGGAGCGGCTTCGGGGGTCACGCAAGCAGACCCGGCGGCCCGTGCCCCACACGCCCGCCTCGGTTCAACGGCGGTGGATCGCCGGGGTGCGCCACGGCGCCACCCGTCCTCCGCTGTCCATCAACGACGGCCGGTCCGGCTCAGTCGTCCTCGAAGTAGAAGTCCTCGTTGTGGGTCGGGTAGTCCGGCCACACCTCTTCGATGCTCTCGTACGGGGCGCCGTCGTCCTCCATCTCCTCGAGGTTCTGGATCACGCCCGCAGGCGCGCCCGTCCGGTCGGCGTAGTCGATGAGCTCGTCCTTGGTCGCCGGCCAGGGCGCGTCCTCCAACGTCGCGGCGAGATCGAGCGTCCAGTACATCAGTTCAGAGGGGGGATTTCAGGGGGGGCGGCACGATAGGTCCGCGCCCGTCCAAATGCAACGGGTCAGAGCCGTGAGGTTCCGGCGGAGACCGGGAAACGCCCGGCGGACGGCCCACGCCGGTCGCCGGGGCCGCCCGCGCGGCGTCTTAATCGAACGGACGACCGACTAGTCGAACGAGATCGTCTGCGAGCGGGCGGCCTCCAACAGCTCGCGGTACTGCGCCGGCGTCACGTCCGGCACGAACGTCGCAACGGGGTTGATCGGCGTGCGGGCCTCGTTAAGCAGGCGGACCTCGTAGTGGAGGTGCGGCGCCGTCGACAGGCCCGTGTTGCCGGAGTACGCGACGGTCTGGCCGCGCTGGACGGCCGAGCCCACGCGCACGCCGTCGGCGACGCGCGAGAGGTGGGCGTAGCGCGTGACCTTGCCCGCCAGCGGGTGGTCGACCTCGATCACGTTCCCGTACCCGCCCTTGGTGCCGACGAAGCTGACCGTGCCGTCGCCGGCCGCGTACAGCGGCGTGCCGACGGGCGTCGGGAAGTCGACGCCGGCGTGCATCCGGGAGACGCGCAGGATCGGGTGGAAGCGCATGCCGAAGCCGGACGTGAGTCGGGCGCCCTTGAGCGGCAGGATCGCCGGTTGCTGGCGGAGCACGGCGTCGCGGTCGGTCGCCAGCGAGCGGATCTCGTCGTACGAGCGGCTCTGGAGCTCGAGCTGGCGCTCCAGGCGGTCGAACGTCTCGGCGGTCTCGGTGAGCAGCTCCGCCGTCGGCGTCGAGTAGCGCGCGAAGCGGTCGTCGCTGGCGCCGCCGACGCCGAGCTGGAACTCGTCCTCGGAGATCGGCTCGGCGTTGAGGACGGTCCGGTAGATCTCGCGGTCGGTCTCGGCCAGCTCTTCCAGCTCCTCGGAGAACCCGGTCAGCTGGGAGTGCGC
CP177357.1_gap60	2553645	2554698	1053	GCGATCTGGGCGGCGCGGGCGTCGTCGAGCGGGGTCGAGATCACGAAGAGCCCGTCGGCGCGGCCCCGCTGCACGGCCCGGTCGAGCTGGGCGCCGACGCGGTCGACCGACCGGCTGGCGTAGACGAGCAGGTCGTAGTCGGTCTCGTCGAGCCGGTCCTGCACGCCCCGGAGCACCTCCATGAAGAAGGCCGAGGTCATCATCGGCAAGACCGCCGAGAGCAGCTGCGTCGACTGCCGGGCCAGGCTCTGGGCGCTCGCGTGGGGCACGTAGCCCAACTCCTCGGCGACGCCGAACACCTTCTGCCGCGTGCTCTCCGAGACGCGGGGGTGGCCGTTGAAGGCGCGCGAGACGGTCGCGATGGAGACGCCGGCCTTGTCGGCGATGTCGTAGATGGTGACGGGCACGCGAGGGCTAGGTGGAAGCGCTTTCAGAGGATACCGGCCGGCGGCCGAAGGGACAACCCGGCCCGAATCCGCTCGCGATCACTCCGCCTCGTCCCAGTGCTCGATCATGTCGATCACCGCGTCCGCGATCTGGTCCTGGTCGACCGTCCCGACGATCTCGCCGCGCTTGAACAGGTGCGCCCGGCCGCGGCCGAGCGACACGCCGAGGTCGGCGCCCGCCGCCTCGCCGGGGCCGTTCACGGCGCAGCCCATCAGCGCCACCGACAGGTCTTTGTCGAAGCCGCGCTTGGCGACCGCCTCCTCGACCTCGTCGACGACCGAGAACAGGTCGCCGGCGAGCCGCCCGCACGTCGGGCACGCGATGACGTTGACGCCGGGCCGCCCCAGCCGCAGCGACTTCAGGATCTGGTGGCCGACCAGGACCTCGTTGACCGAGTCGGCCGCGAGCGACACCCGGATCGTGTCGCCGATCCCGTCCGCCAGCAGCGAGCCGATGCCGATGCTCGACTTGATCGGGCCGGTCTTCAGCGAGCCCGACTCCGTCACGCCCAGGTGCAGCGGGTAGTCGGTCGCCGCCGCCAGCAGGCGGTAGCTCTGGATCATGAAGTACACGTCGGAGTGCTTCACCGAGATCACGATGTCCTCG
CP177357.1_gap61	2576060	2576946	886	CGGAGGCCCGGACGCTCGACGTCGCGCCCCGCGACCAGATCTCGGTCGTGGCCGCGGCCCCGGACGCCGGGTACGCGAGCGCCGTCGGCGCCGTCGCCTTCCCGGGCACCTACCCCATCGTCTCGGGCCAGACCACGCTCACGGCGCTCGTGGAAGCGGCCGGCGGGCTCACCGACCAAGCGCTCCTCCGGGGGGCCTACCTCGAGCGGACGGCCCGGACGGAGCCGCAGGCCGCGCTCGACCCGCTCGCGTACCCCACCGACCGGCCTGTCACCATCGCCATGTTCGACTCGACGGTCACGTCGCTCGGGCGGCTCAGCGACCTCGGCCTGGTCGGGCGCCGCTACTACGTGCAGGAGTACGTCTCGACCCCCCGGCTCTCAGTCGACGTGCCGGCGGCACTCGCGGGGAGCCTCGACCTCCGGCTCCGCGACGGCGACCGGCTCGTCGTGCCGCGCGACCTCGGCGTCGTCCGCGTGTTCGGCCAGGTGTCGTCGCCAGGCTACGTCCCCTACGACCCCGGCCTGACAGCGGGCGAGTACCTCGCGCGAGCGGGCGGGCCCGGCCCCGCCGGCACGACGGTCTACACCGTCGACGCCCGGACCGGCCGGTTCACGGCGGGCCCCGAGACGCTCGTCCAGCCCGGCGACGCCGTCTTCGTGGACCGCCCGCCGACGTCGGACTCGCCGGAGTTCGAGAACCTCGCCATCCAGGAACAGCGCGAGGAGCGCGAGGCCGCCCGCGACCGGCGCCAGTTCCTGTTCCAGACGATCACGACGACGGTGACGACGCTCGGCTTCCTCATCGGGACGTACTTCACCGCCACCCGGAACTAGTGGACCGCGCCATGGACCCCCGCGAGACCTCGGACCGGACCGACCTCGGC
CP177357.1_gap62	2582677	2584209	1532	TCGTGGAGTACGGGGCGAACCTCGAGCCGGGCGACGTGCCCCCGGCCGAGGCCATCGCCGACGCCGTCGCGGCCCGGTCGCGCGACGTGTGCCGCCTGCTGTTCGTCGGCGGCGGCTGGGTCCGCAAGGGCGGCGACGTCGCGCTCCGGGTGGCCGAAGTGATGACCGCGCGCGGCGTGCCGACGACGCTGACCGTCGCCGGGTCGCACCCGCCCGTCGACGCGCACCCCCTGCTCCGGGCGACGGGCTTTTTGCGCAAGGACGTGCCCGCCGAGCGCGACCGCTTGCGCGCGCTGTTCGCCGAGAGCCACTTTCTCTGCATGCCGGTCCGCGCCGAGGACTTCGGCTGCGTCTTCGCCGAGGCCGCCGCCTTCGGGCTCCCGTCCCTCACGACCGACATCGGCGGGATGCCGACGACCGTCGGCGACGACGCCGGGGTGCTGTTCCGCTTCCAGGAGCGCCCCCAGGTCATCGCCGACCGCGCCCTCGAGCTGTGGTCCGACCGCGCCGCCTACGGCCGGCTGGCGACGACGGCGCGCGCGAAGTACGACCGCGTGCTGAACTGGGACGCGGGCGCCGAGCGGCTGCTGGCCTTGCTCGCGCCGCACGTCCGGTGACGCCGCCCGACCTCTTGATCGTGGCGCCGTACGCGGGCGGCCACCATGCCGAGTACCTCCGCTGGATCGTCGGCGGGCTGGCGACGCGCGACGTCGGCCGGATCGCCGTCGCCGCGCACCCGGTCCTACTCGACGCGGAGTCGGACGCGCTCGCGGCCGTCGACACGCGCGCCCTCGACGTGTCGCCGCTCGCCGCGCCGGGCTCGCTCTGGGCGGCTGGCCGCGCCGTCGGCGCCGTCGTCGGCGACGCCATCCGGGCCGCGCGCGCGGCCCAGGTCTTCCTCCCCGCGCTCGACCACACCCAGCTCGCGCTGGCGACCGGCCTGCGGTTCGAGGTCCCGACGCGGGTCTCGGGCATCCTGCTCCGGGCCACGCTGCACGAGCCGGCGACCGGCCTCGGCGACCGGATCAGCCGGCTCCGCAAGACGGCCCTGCTCCGGCTCGCCGCCCGCAACCCCCACCTCGGCGCCGTCCTCGCCCTCGACCCCGACGCCGTCGCCCCGCTCCGCCGCCTCGGCCTCGACGCGCGCTGGCTCCCCGACCCCGTCGAGACGCCGGCGCCAGGCCGCTCGGCCGGCGCCGTCCGCGCGTCGCTCGGGGTCGAGGACGGGCGGACGATGCTCCTGCTGTTCGGGTCGCTGGAGGTGCGCAAGGGGGTCTTCGACGTGCTGGAGGCGCTGACGGACGTGCCCGACGAGGCGGCCCGTCGGCTGGCGCTGGTCGTCGTCGGGAAGACGTACGACGACATGCGGCCGCGCCTTCGGGCGGCGGTCGACGCCGCGCGCCAGACGGCCGCCCACGTCGTCTTCCAGGAGCGGTTCGTGCCCGACGGCGAACTGGACGACCTGGTGACGGCCGCCGACGTCGTGCTGGCGCCGTACCGGGGCCACGTCGGGTCGAGCGGCGTCGTGCTCC
CP177357.1_gap63	2641038	2644629	3591	GCACCCCGAGCGGCCCTACACGCTCGACTACATCGGCGCGCTGACGTCCGGGTTCGTCGAGCTCCACGGCGACCGGCTCTTCGCCGACGACCGCGCGCTCGTCGGCGGCCCGGCGACCTTCCGGGGCTCGCGCTTCGGCTCCACCGACCGCACCGTCATGGTGCTCGGCCACCAAAAAGGCCGCGACACCAAGCAGCGCAAGGAGCGCCGGTTCGGGATGCCCAACCCCGAGGGCTACCGCAAGGCCCAGCGCCTGATGGAGATGGCCGCCAAGTTCGGCAAGCCGATCATCACGTTCCTCGACACGCCGGGCGCCTTCCCTGGCCTCGAGGCCGAGGAGCGCGGGCAGGCCGAGGCGATCGCCCGCAACCTGCTGGTCATGGCCCGGCTCCCGGTCCCGATCATCGTCGTCGTCATCGGCGAGGGCGCCTCGGGCGGCGCGCTCGGCATCGGCGTCGGCGACCGCGTGCTGATGCTCGAGAACGCGTGGTACTCGGTGATCTCGCCCGAGTCGTGCTCGTCGATCCTGTGGCGGTCGTGGGACCACAAGGAGGACGCCGCCCGCGCCCTCAAGCTGACGGCGCCGGACTTGATCCAGCACGCCGTCATCGACGAGATCGTCCCCGAGCCCATCGGCGGTGCGCACCGCGACCCCGGCGCCACCTTCCAGGCCGCCGGGACGGCCATCGCGACGCACCTCGACGCCTTGCTCGGCCTCGACACCGAGGCCCTGCTCGACGGCCGGCTCGCCAAGTTCGACGCGATGGGGGCGTACGAGGAGCGATAGCCCGGCGCCCGCCCGCTCTCGCCCTCGCCGGACCGATGCCCGACGACCGCCCGACGCCCACCTTCACGCACCTCCACCGCGTCCGCTACCGCGAGTGCGACCCGATGGGCGTCGTCTACCACAGCCACGTGCTCGACTGGTTCGAGGCGGCGCGGACGGAGGCGCTCCGCGAGGCCGGGCTCCCGTACCGCGCGCTCGAGGAGAGCGGCGTCATCATGCCCGTCGTGGACCTCGCCGTGAAGTACCACGCGAGCGTGCTCTACGACGACCTGGTCGAGATCGAGGCCTCGTTCCCCTCGCTCGGCGTCCGCTTGCCGATCGACTACGTCGTCCGCCGCCAGGGCGAGCCCGCCGTCCTCATCTCGGGGCGCGTGACGCTGTGCTTTATCGACCGCGAACGCGGGCGGCCGGTCGGCCCGCCTCAGGTGGTGCGCGACGCCCTCGCCCCATGAGTCGCGCCCTCTGGCAGAAGCTGGGCTACCGCAAGGGCCTGGTGGCCCACCTCGACGAGGCGCCCGACGACTACCGCGCGCTCCTGCGCGGGCTGCCCCACGACGTGCGCTTGGACGGCACGCTCGACGACTCGCCCAAGCTGATCCACCACTTCACGACCGACGCGGCGGGCCTGCGCGCCCGGCTGGCGATCTTCAAGGACGCGATCCCCAAGACCGGCGCGATCTGGGTGTCGTGGCCGAAGGGCGCCTCGAAGGTGCCGACCGACATGTCCGGCGACGTGGTCCGCGCCGCCGCCGCGCCGCTCGGGCTCGTCGACGTCAAGGTGGCCTCGGTCGACCGCACGTGGACGGCGATGAAGCTGGTGATCCGCAAGGAGAACCGGTAGGGCGTGGCGAGAGAAGAGGACTGGAGGAACAGAAGAGAAGAGGAGGGACCGTCTTCTTCTCCTCCTTGCCTCTTCTCGTCTCCTCTCCTCGCCGGATCCGCGTCGAGGCCGTTTGGGTAGCCCTCGCTCCCCACCGCTCCGCCCGATGCCCCTCTCCCGCCGCCAGTTCGTCACTCGGACCGCGCTCGCCGCCGCCGCGCTGCCCTTTGCCGCCCCGCTCGCGAGCGCTGCCGCCCGCCGCGACGACTTCCGCGTCCTTCGCCGCAACGTCGGCGCCTTTACCGGGCGCGGCGGCACGATCGGGTACCTCGACGCCGACGCCTTGGTCGCCGTCGACGCCCAGTTCCCGGAGTCCGCGCAAACGTTCCTGAACGGCTTGCGGGATGGGAGCGGACGTGGGCTCGACCTGCTCGTGAACACGCACCACCACGGGGACCACACGGCGGGGAACGCCGTGCTGGCGCCGGTCGCGGCGATGCACGTCGCGCACGAGTCGGTCCCCGGCCTGCAGCGCGCCGCCGCGAGCCGGTCGGGCGACCTCGACCCGCAGCACGTCGCGGGCGAGACGTTCCGCTCGGAGTGGCGGATGCCGGTCGGCGACGAGACGGTCTCGCTGGCGTACTTCGGCCCGGCCCACACGGCCGGCGACGCGGTCGTCCACTTTGAGGAGGCCGACGTGGTCCACATGGGCGACCTGATGTTCAACCGCCGCCAGCCCTACATCGACCGCGGCGCGGGGGCGTCGGTGGCGAACTGGATGACCGTCCTGGAGACCGTCCACGGCCGCCACGGCGACGACACGATCTTCGTGTTCGGCCACGCCGGCGAGGGGTTCGACGTGGTCGGCACGCGTGCCGACCTGCTGATCTTCCGCGACTTCCTGGCCGCCGCGCGCCTCGCGATCGTGCCCCGCGCGGCGGACGGCGCGACGGCGGCCGACATCGAGGGACTGATGATCCCCGGCTTCGAGGCCTGGGGCCCGACGCCCGCCCGCGTCGCGGAGCCGATCATCGCCGAGTTCGCGGGCGGGTGATGGGCCATCGGGTGATGCGTGATGGGTAAAGGGTGAGGAGCCCGATTCACCACCGTCCAGCCCTTTCAAACCCGCTCATCACCCATCACTCGTTACTCATCACCCCACCATGCTCCCCCTCCCCGACGCCGTCGCCGCCGACCTGCCCGCCCTCATCGACCGCGCGCTCGCCGAAGATGTGGGAGCGGGCGACGTGACGACGAACGCGACGATCTCGGCCGACACGCGGGCGACGGCGCGCTTTCTGCTCAAAGAGGACGGCGTCGTGGCCGGGCTGGCCGTCGCCGAGCGCGTGTTCGCGGCGGTCGACGACTCGCTGGCGGTCCAGTGGACGGCGGCGGACGGCGACCGGCTCGCGGCGGGGACCGTGTTCGGGACCGTCGAGGGGCGGGCGCGGTCGATCCTGGTGGCCGAGCGGCTGGCGCTGAACCTCATGCAGCGGATGGGCGGGATCGCGACGGCGGCCGCCCGGATGGCGGATGCGGCGGCGCCCGCGACCGTGCTCGACACGCGGAAGACGGCGCCGGGGATGCGCGCGCTCGACAAGTGGGCGGTCGCCCTCGGCGGCGCGCAGAACCACCGCGTCGGGCTCTACGACATGGTGCTCGTCAAGGACAACCACATCGCAGCGGCCGGCGGCGTGCGCCAGGCCATTGAGGCCGTCGGGCGCTACACCGAGGCGGAGGGCTTGGACGTGCCGGTCGAGGTGGAGGCCCGAACGCTCGACGAGGTCGACGCCGTGCTGGCGGCGGTCGCGAGCGGCGCGCGCGTCGACCGGATCCTGCTCGACAACATGGCGGTCCGGACCGAGACCGGGCTCGACGTGTCGCGGCTGGAGGCGGCCGTCGCGCGCGTGGCCGGGGCAACGCAGACGGAGGCCTCGGGGAACGTGACGCTCGACACGGTCGGGGCGATCGGCGCGACGGGCGT
CP177357.1_gap64	2657221	2661417	4196	ACCTCCCCGACGACGTCGGCTACGTGTTTGTCTCCGGCTTCTCCGGCGGCGGCGACGAGGCGACCGCCTTCGCGACGGGGATCCAGCGCCGAATTCAGACCGCCGACCGCGAGGGGCTCGTGGGCTGGATCGTCGACCTCCGCCTCAACACGGGCGGCAATATGTGGCCGATGCTGGCAGGCCTCGGTCCAGTGCTCGGGGAGGGTGTCGTCGGCCACTTCGTCGCCCCGGGTGGCGTCGTGCTCCCGTGGGCGTACCAGGACGGCGCGTCGATCCTCAACGGCCACACGGTCGTCAAGGTCGCCTCGCCGGTCCGTCTGCGGCGAGAGCGGCCGCGCGTCGCCGTCCTCCTAGACACGCCGACCGCCAGTTCGGGTGAGGCCACGGCCATTGCGTTCGAGCGCCGGCCGGACACCCGCTCGTTCGGGTCGCGCACGTGTGGGCTCTCGACGGCGAACGCGGGGCTCCCCCTCAGCGACGGGGCCACGCTGTACCTCGCGGTCTCCTTTATGGCCGACCGCGAGCGGTCGTCGTACCGCGAGGGTGTCGAACCCGACGAGGCCACCTCTAGCTCCGAGGAGACCATCCGCCGGGCCATCGGATGGCTCCGGGACGGCGTCTGACCCCGCCCCCCTCGACGCCGTCGCCGAGAGGGGCGAGATCCGTCAGTACGCCTCGACGTGGACGCCGGCGACGGCCCGGCCGGAGGGGTCCGCCGAGGTCTGGAACGAGGCGTCCCACGCCAGCGCCTCCGGCGTCGAGCACGCGACCGACTTGCCGCTCGGGACGGTCAGGGCGCACGCGTCGTGGGGGTAGTGCGCCTCGAAGATGGTCCGGTAGAGGTAGCCCTCCTTGGTGTCCGGCGGGTGGATCGGGAATCTGAATTCGGCGGCGGCCATCTGCTCGTCGGTCACCAGCGCCTCCGCGCGCTCCTTGAGCGAGTCGATCCACGCGTAGCCGACGCCGTCGGAAAACTGCTCCTTCTGGCGCCACGCGACCGACGCCGGCAGCATGTCCTCGAACGCCTGGCGCAGGATGTGCTTTTCCATCGTGCCCCCGTGCGGCCGCTTGGCCTCCGGGTTGAGGCGCATCGCCACGTCCAAAAACTCCTGATCCAAAAAGGGGACGCGCGCCTCGACGCCCCACGCGGCCATCGACTTGTTGGCGCGCAGGCAGTCGAACAGGTGGAGCCGGTCGAGCTTGCGGACGGTCTCGTCGTGGAACTGCCGGGCGTCGGGCGCGCGGTGGAAGTAGAGGTAGCCGCCGAAGATCTCGTCGGCCCCCTCGCCGGAGAGCACCATCTTGATGCCCATCGCCTTGATGCGCCGCGCCATCAAAAACATCGGCGTCGCGGCGCGGATCGTCGTCACGTCATACGTCTCAAGGTGGCGGATCACCTCGGGGATCGCGTCGACGCCCTCCTCGACCGTGAAGTGCAAGGTGTGGTGCTCGGTCCCGATGTGCGCCGCGACCTCCTTGGCCGCCGCGAGGTCGGGCGAGCCCTCGAGCCCGATCGCGAACGAGTGCAGGTGCGGCCACCACGCCTCGGCCTGGTCGTCGGCCTCGACACGCTTTTTGGAGTACTGCTGGGCGAGGGCCGCCGTGATGGACGAGTCCAGACCGCCCGAGAGCAGCACGCCGTAGGGCACGTCGGTCATCAGCTGGCGCTTGACGGCCGCGTCGAGCGCGGCGCGGACGTCGGCCGGCTCGGCCGGGTTGTCCTTTACCGCGTCGTAGGCCATCCAGTCGCGCGTGTAGAACCGGACCGGGTGGCCGACGGCGCTGTCCCAGACGTGGCCGGGCGGGAACGTCTCGATCTGCTTGCAGACCGGCACCAACGCCTTCATCTCGCTGGCGACGTACAACGTCCCGTGCTCGTCGCGGCCGGTGTAGAGCGGCATCACGCCGTGCGGGTCGCGCGCGATGAGGTACCGGTCGGTCTCGGAGTCCACGAGGACAAAGGCGTAGATGCCGACGAGGTCGTCGAGGAAGTCGGCGCCGCGCTCGCGGTAGAGCGCCAGGATCACCTCGCAGTCGGACTCGGTCTGGAAGTCGAACGGCTCCGCGAGCCCGGCGCGGAGCGCGCGGTGGTTGTAGATCTCACCGTTGACCGCGAGCGCGTGCGTGCCCTCGGGGTTGAGCAGCGGCTGCGCGCCGTGGAGCACGTCGACGATCGCGAGCCGCTCGTGCGCGAGCACGGCGCGGTCGGTCGCGTAGACGCCCGACCAGTCCGGCCCGCGGTGGCGCTGGAGGCCGGACAGGCGGACGGCCGTGGCGCGGGCGGCGGCGGGGTCGGTCTGGAGGTCGAGGAGGCCGAGGATGGAGCACATGGGCTCGGGGGGCTGGGGCGGGCCGCGGGCGCGGCATAAAAAACAGCGGCCCCTCCGGTGTGGAGGGGCCGCTCGAATCGGGGTGGACGGTCCGCCGGACCTACGCACGCCAACGCTCGCGCCTCCCTCGGGAGACTCGGTTGCGGTTGACGAAATTGAGGGTGCGGGTCACGACGGGGCGTTGGGCAGGTGCTCTAGAGGATCGTCCTTTTTCTCCAGATGTCAAGGGGGGCATCCCGAGACGCCCCCCGCCCCGGCGCCGAGGCGTGGCGTCGGCTCAGCCCGTCGGCTCGCCGCCGGTGACGCCGAAGACCTCGCCGGTGATGTAGCCCGACTCCTGAGTCGCCAGGAACACGAAGGTCGGCGCGATCTCGGCCGGCTGGCCGGGGCGGCCGTACGGGACCTGCTCGCCGAACGTCTCGACTTTGTCCTGCGGCTGGCCGCCCGACGGCTGGAGCGGCGTCCAGAAGGGGCCGGGCGCGACGGCATTGACGCGGATGCCGTCCTCGATGGCCTGCTTCGCGAGCGCCTTCGTAAACCCGATGATGGCCCACTTGGTGGAGGCGTAGTCGAGCAGCCCCGGCGACGGGCTGTAGCCCTGGATCGAGGTCACGTTGATGATGGAGGCGCCCGCCGGGAGGTGCGGGAGCGCCGCCTTCGACAGCCAGAACATGGCGTAGACGTTGGTCTTGTAAGTCTGGTCGAACTGCTCGGTCGTGATGTCCTGGATGGACTCCTGGTAGACCTGCTTGCCGGCGTTGATGACGAGCACGTCGAGCCCGCCGAGCTGGTCGACGGCGTCCTCGATGAGCTGGGTGCAGAACGCCTCGTCGGTCAAGTCGCCGGGGAGGCGGACGAGCGTGCCGCCCTCGCCCTCGATGAGCTCGGCGAGCGACGCGGCGTCGGGGCTCTCGGCGTCGAGGTAGTTGATGGCGACGGCGGCGCCCTCCCGAGCGTAGGCGATGGCCGTGGCCCGGCCGATGCCCGAGTCGCCGCCGGTGATGAGCGCCTTGCGGCCCTCCATCCGACCGAAGCCGCGGTAGCTGTCCTCGCCGTGGTCGGGGACCGGGTCCATCTTCTGGGTCAGGCCCGGCGCGGGCTGGGGCTGGCGCGGGAACGGCGGGGCCGGGTACTGGCTCCGCGGGTCCTGCATGGCGTACTGGTTGGGCGTCTTGGACATGGAAAGAGGGGGAAAGAGAAGGGCCCTCTTGAATGCCATCAGAGCCCTCGAGGTTGCTCCGACTCCGTCCGGCGCGTGACGCTCGGGGCCGCCGCTAGCTTCCGGGTCTCCCCCCCGATCCCCGTCCGTGCCCACTCTGTCGACCTCTCGGCTCCGTCCCGCACTCCTCTCGTTCGCGGCCCTGCTAGCGACGGCCGCCAGCGCCCAGGTCCCGACGCCCGCCGAGCACCTCGGCTACGCCCTCGGCGACCGCTTCACGCCCCACCACCGCGTGGTCGACTACGTCGAGGCCGTCGCCGCCGCGAGCGCGCTGGTGACCGTCGAGCGGTACGGCGAGACGCCCGAGGGCCGGCCGCTGCTGGTCGCCGTCGTTGCCGACAGTCCGCAAGCGGCCGAGGCCGCTCGCGCAAGCGCCGTTGGCGCATCGCGGGGCGAGGGCCCGCCGACCCAGCCCGTCGTGTGGCTGAGCTACAACGTCCACGGCGACGAGGCCGTCAGCACCGAGGCCGCGATGCAGACGCTCTACGACCTCACGCAGAGCCCCGACCTGCTGGCGGACGTCGTCGTCGTCCTCGACCCGTGCCTGAATCCGGATGGCCGCGACCGCTACGTCTCAGGCTACCAGCAGCGCCGCGGCGCCCGGCCCGACGCCGACCCCGACGCGCGCGAGCACGACCAGCCGTGGC
CP177357.1_gap65	2729917	2734736	4819	TCCGCCAGCGGGTGGACGGCGCGGCTCCGCGACGGGGCCGAGATCACCGCGCCCGCTGCGATTGTGGCGACCGGCGGGCTGTCGGTCCCCAAGACCGGCAGCGACGGGTTCGGGCTGCGGCTGGCGGAGGCGCTCGGGCTGGCCGTCGAGCCCGTGTACCCGGCGCTCGCGCCGCTCACCGCCGAGCCCGCCCCGCACGCCGACCTGTCGGGCGTGTCGGTGCCCCACGCCCAGGTCCGGGTGCCCCAGGGCAAGGGCGCGTTTGCCACGTCGGGCGGGTTTCTGTTCACGCACCGCGGCTACAGCGGCCCCGCTGTCTTGAACGTCTCGCACCTCACCGCACTCGGCGCTGCCGCCGACGCCCGCCCGCCCGTCCTCGTCGGCTGGGACGACACCTCTCCCGAGGCGTGGACCGATACGCTCACCGCCCCCGGCCCCGGGCTCGTGCTCACCGCCCTGCGCGCCGCGCTCCCCACCCGCCTGGCCGACCGCCTGCTCGCGGACGCGGATGTGCCCGCCGACCGCGCCCGCGCCGACTTGCGCCGCGACGAGCGGATCCGACTGGTCGCCGCGCTGACCGCCTACGAGCTGCCGTGGACCGGCGACGAGGGCTACAAAAAGGCCGAGGTCACCGGCGGCGGCGTCCGCTTGGGCGAGGTCGACACGAACACGTTGGAGAGCCGGGCGCACCCCGGCCTCTACGTCGCCGGAGAGCTGCTCGACGCCTTCGGCCCCATCGGGGGCTACAACTTCTACTGGGCCTGGGCGACCGGGCGGCTGGCGGGGCTCGGAGCGGCGCGCGCCTGAGTTCTGGCCTCGACCTAAAAATATCGGCCCCGCCGGCGCGTACCGGCGGGGCCGAGCGGCTACATCCGCATAAACGACACGACGACGGCGAGAACGCCCAGGAGGATCAGCCCGGTGAGGATGACGAAGGGCATGAAGCCCCCGGTGCCGGACGGACCGGGCGTGGAGGTGGGATGGCCCGCGAGCGGGCGAGACGACGTGGACATAGGAGTGGTGTCAGGAGGAAAAGCGAGGGGGCGCCCGGAGGGTCCGGGCAGGGGAAAACCGGGGCCGACGCCCCGCCGCACGACCGCGGCCCTCGCTCTCACAACCGCAACACCTGCGTCCGCGCGCTCGGGCGGACGTCCCGTCGGGTCGGCGTCCAGACGCCTGCCGCCCGCGCCTCGCGGTGCGGACGGGTGGCGCCACGCCGGTGTGCCCTCGCCCCGTGCGGCGTCGGGCGGGCTTCCTCGGTCGCCCCCGCCAGCACCGCGCCCGATCCGGGGGCGAGGGCGGCGGAGCCGGGGTGCGTCGTCCGACCCACCTGCTCGCCGTCGAGGGGTGCGGCGCCCGCCGGCACGCCCGCCGACGCCGGCGCGACCGCGCAAGCGAGGAGGGCAGCGAGCAGGCCGAGGCGGACGAGCATCCGGGAAACGCTAGGGCGGCGCGAGCAGACCGGCCGTGCCACGCCCTCCCCGACCGTCCGTTCCCCGCCCCGCGCGCGAAGAAAACGCGCGCCCGGCGGCCCTCCGCCGCCGAGTCGCATCGGGAACCCACCGAGCCCGCTCCCCCGGCGAACCGCCCCCCGCGGCCGGCGTCCCAGCGCCATGCCCGACCGCCCCGACCAGCCGACCTTCTCGCCCGACCAACTCGACCGGCTGGCCCGCGTCGGGACCGAGCGCGCCGTCGAGGCCGGCGAGATCCTGTTCCGCGAGGGCGACCCCGGCTACGACTTTTTCGTCGTGCTCGACGGCGCCGTCGCGGTCTACGCCGACCCCGACTGCGAGCGGGCGATCACGTCGGAGCCGCTCGGGCCCGGGCGGATGCTGGGCGAGATGGGGCTGCTTCTCGGCGAGAGCGTCTTCGCGACGGCCCGCGTTGAAGCGCCCGGCCGCGTGCTCCAGGTGCCGGCCGAGGCGTTCCGTGACCTGCTCGCCCGCGACACCGACCTCGCCGAGACCATTCTGAGCGCCTTTGCCGCCCGGCGCGGCAAGGTGGCCGAGGGCGCCTCCGGCCTCACGCTCGTCGGCGCCCAGACCGACCCCGAGGCCGTCCGCCTGGCGGAGTTCGCGCGGCGCAACTACCTCCCCCTCCGCTGGCTCACGCCCGACGACGCCGAGACCGCCGAGGTGCTCGCGCGCGCCGGCCGCGACGCCGCGCCCGAGGGCCCGGTCGTGGTGTGGGGGACCGAGACCGTGCTCGACGCGCCGAGCAACCTGGAGCTGGCCCAAGCCGTCGGCATCGTCGGCGAGATGCCCGAGAGCGAGACGGCCGACCTGGTCGTGATCGGGGCCGGGCCCGCCGGGCTCGCGGCGGCCGTCTACGGCGCGTCCGAGGGGTTGAGGACCGTCGTGGTCGACGAGGTCGGGCCGGGCGGCCAGGCCTCGTGGTCGTCGCGCATCGAGAACTACCTCGGCTTCCCCGCGGGCATCTCGGGCACCGACCTCGCCACGCGCGCGACCGTCCAGGCCCGCAAGTTCGGCGCCTGCCTCGCCACGCCCCGCCGCGCGACCGGCCTCGGCCGCGACGGCGACGCCTACACGGTCGCCCTCGGGTCCGGGCCCACCTTGCGCGGCCGGACCGTCCTGATCGCGACGGGCGCCCACTACAACCGCCTTCCGCTCCCCAACCTGCGTCGCTTCGAGGGCGCGGGCATCTACTACGCGGCGACCGAGATGGAGGCGCGCGGGTGCGACCAGCGGACCGTCGTCGTGGTCGGCGGCGGCAACTCGGCCGGGCAGGCCGCGATGTTCCTGTCCGAGCGGGCCTCCGTCCTCTTGGCCGTCCGCGGCGACGACTTGCGCGCGAGCATGAGCAGCTACCTCGCCGACCGCATCGAGGCGTCCGACGCCATCGACCTCCGGATGCAGACCGAGGTGACGGCGCTCCACGGCGACGGCTCCGACCACGAGGCGCTTGCGGCCGTCGACGTGACGACCGGCGGCGAGACGGAGCGCGTCGAGACGCCGGGCCTGTTCGTCTTTATCGGCGCCAGCCCGTGCACCGACTGGCTCCAGGGCGACGGCGAGGATCGCCTGGGCGTGGCGCTCGACGCCAAGGGCTTCGTGCTCGCGGGCGCGGACGTGCCCCCAGAGTGCCTGCCCGAGACCTGGGGCGACGCCCGGCCGAGCACGTTTGAGACCTCGCTCCGGGGCGTGTTCGCCGTCGGCGACGTGCGGTCGGGCTCGACGAAGCGGGTGGCCGGGGCGGTCGGCGAGGGGTCGGTCGCCGTCAAGGCCGTCCACACCCGGCTGGCGGCGCCCCGCCCCGAGCCCGGCTGACCTCGTGCACCCCAGACCGGGGTCGACAAGCAGCCCAAAAACTTCCATAGAGGCAGGTGGGAACGGTGCCCCAACGGAGACACCAGGCAAATCGAGAAAGTCTTTGTGCCCACGTCGGGCCATGCTACTTTGATACGTCTTGCCTACGGGGTTCACCCTCTCACCTGCGACACCCCACGGACCACGCCTCTTAGATCTCTCACTGTTGGCCCCCCGATGGGTACTGTCCCTTTTGACGTCGATAGTGGTGAGAGCACGCCAATCATCTGGGACTACGTAGACAGACAGAGTTGCGGCGAGCGGAGCCACACCGATCGGAACGCTCGAGCTGACCGGTCCCCCAGTACCGATCACGCGCGCCGGTCCGATACCGCTGCCGTTCACCTGAGCCGAGCCTAAACCCGATGGCCGTAGGACTCTTCCTCTTTTCCCTGATCGCTCTCCTCTACGGGCTTTTCGATCCCGACGGCGTGCTCCCAACTGCTCTCGGGCACCCAAGCCGAGGAAAGGTGCTCGCTGTCTACGGTGGCCTCCTCCTTCTGACCGGGGTGTCCATGGGTCCTGAGACCGCCGAGCCCCCGTCCAACGTCCAGATAGCCGGCGATTTCGACGCGGAACGGGAGGTGGTCGCCCCCGACCTCTGGCCTGGTGGAGCCGCAGCCCGAGACAGCACGTTCACCCAGCTCGCCAGCCTCATTTCGGCCAGTCGCTTCGCCGAAGTGCAAGATCAGGCCCGCGCGCTCGCTGCCGAACCCTACGCTGCAGAGTGGGCCGACTCCCTCCGATCCATTGGTAACCAGGCCGAGGAGGAGGCCATGTACGCTCAGGCGCAGTCGCTCCCAGGGTCAGAGTTGGAGCGCAACCGCGACGCCTACCGCGAGCTCGCTGAGATGTACCCGCGCTCACCTCGTCTGGCGCTCTACGCTAGCAAGCGAGACTCGTACGCCCAGCGCGTCGTCGACCGCGACGCGGCACGGCTGGCCGCCCGCACACGTGCGGCCTCAAGGCCCGCGCGGCGGTCTCGGTCATGCTGCAAGTACTGCTCAGCGGGCAAGCCCTGTGGAGACTCCTGCATCTCTCGGTCTTACAACTGCAACAAAGGCCCTGGCTGCGCCTGCTAACTCCTGACCGTCCTTGCTCTGCCCTAGCGAGTCCGGGGACGGCGCCAGCAGGGCTCAGGACCCCTCCGCTGCCTGTCCGGACGAGTCGCCCTGACCCTGGCACCGCCTTCCAGAGGCCCCGTACTGCCGTTCCCGGCACCCGGACGCCGTTCCCGAGGCCCGTACCGGTTTCCCGAGGCCCGTACCGCGTTCCCGACACCCGTACCGGGCCTCCCCGACCGTCCGGACAGCCCCGCCAGCAGGCGAACCAGCCTTCCTGAGCCTGAAACCGGCGCTCCGTCACGCCGGACCGGCCGCCCGCACGCCCCGTACCGTCGCGCCGACCGTCCGGACCGGTTTTCCGGCATCCGTACCACGTTCCTGAGGCCCGTACCGGCTTCCCGAGGCCCGTACCGAGCCGCCCGGGCGTGC
CP177357.1_gap66	2744897	2748060	3163	CTGCTGGTCGCGGCTGAGCCCGCCCGTCAGCGGGGTCTCGGCGCCGGTCTCGGTGTCGTAGAGGAAAAGCGCCGTCTCGTCGCGCACGCGGCGGACGAAGGCGAGGTGGCGGCCGTCGGGCGAGGGCTGGGGACGGGCCGCGCCGCCCGGCCCGCGCAGGATGGTCTCGAGGTCGCCGGTCTCGCGGTCGAGGCGGCGGATGGCGTAGATGCCCGCATTCGGGTCCTTGTTGTACTCGAAGTTGGGGCCCGGCGTGAGGTCCTCGGAGAAGTAGAGGTACCGGCCGTCGGGCGAGAGCGCCGGCTCGCCCGCGTCCTGCTGGTCGTTGCGGCGCTCGGTCAGTTGGAGCCCCGCGCCGCCGGAGCGGTGGACCATCCACATCTCGCCCGCGCCGAGCGAGCGGCCCGAGGTAAAGTGCTTGCGGGCGACGAGGTACTCGCCGTCGGGCGTCCAGACGGCGTTGTTGAGGAGGCGGAAGTCCTCCTTTGTGACCTGCTGCGCGTCGCTCCCCCCCGCCTCCGCGGGGGCAGGCTCTGCCGCCATCGTCCAGATGTTGTCGCCGCCGGCGCGGTCGGAGGTGAACGAGATCCGCGAGCCGTCAGGCGAGAACCGGGGCTGGAGGTCGAAGGCCGGGCCCGAGGTGATCCGCCGGGCCGTGCCGCCCTCGATGGGCAGCAGGTAGAGGTCGCCCAAGAGGTCGAAGACGATCGTCCGGCCGTCGGGGCTCACGTCGAGGTTCATCCACGTCCCCTCGGTCGTCGTAAACCGGACCTCTTTGGTCGGGCCGTGGGCGGCGGAGACGTCCCAGCCCTCGGACACCTCGGCCGTCGTGTCGGGCGGGGCGGCGGGCGTCGGGTTCGGGTCTTGGTGCTGCGCGGCGACGGGGCCGGCGACGAGCGCCAGCAGGGCGAGGAGCGGGAGGGGGCGGAGCACGGGCGACGTGGGGTGAGGACGAGAAAAGCCGGACGGTGACCGCAGCGGCCGTCGAGGAGTCTCCCCCTCCTCATCCGAGGAGGGGACAACCCGAAGGGTCGGCGAAGCCAAGGGGTGGCCGATCAGCGGTGGCGACGAGGCGAGCCGGTCCCCCACCCCTGTCCCCTCCTGTCCAGGAGGGGGACTTCGCAGGGAACGGCAAAGGTAGCCCGACCGCCAGGGACTCCCGCGCCGGAGTAGGTTCGCAGCCCGCCCCCTCAACCCCATGCGCACCCTGCCCCTGCTCGCCCTGCTGATCCTCACCGTTGGCGCCGAGGCGCAGTCCGCCGACCCCTGGCCCGCCATCCGCGCCGAGCGCATCGCGACGCTGCTGCCCGACGCCATGGACCGCGCCGGCGTCGACGCCTGGCTGATCGTGTGCCGCGAGAACGACAACGACCCGCTCGCGGGGCACGTCGGGTGCGAGAACGCGGGCGGCGAAGCGGCCTTCCTGTTTTTCCGCACCGCCGACGGCCTCTCCCCCGTCGCCGTCTCGCCAGCCGGCGAGGCGACGGCGCTGGCGGAACTGGAGCGGCACGACCAGGTGATCGAGATCCCACGCGGCGAGCAGGTCTGGCCGTCCGTCGTCGCCCTCTTCGAGCGGCACGACCCACAGGCGATCGCCATCAACCGGGGCGGCGGGCCGATCTCCGACGGCCTATCCTCGACCCAGTACGAGCGAATGCAGGCCGGGCTCGGCGACTGGATGGCGCGGACGGAGTCGTCCGAGACGCTGGTGTCGGAGTGGCTCTCAATCAAGACGCCCGCCGAGGTCCAGATCCTGCGCGAGGCCGCCGCGCTCACCGCGCAGTGGCAGGTCGAGGCGTACGCCGCCGCCGTCCCGGGCGTCACGACGGACCGCGACATCGCCGATTTCCTGGAGGCCCGGATGGCCGAGGCCGGCGTCGGCGATGGGTGGGCGCCCGACCAAAACCCCGCCGTCAACTCCGGCCGGGACCGCGGCCACTCGCACCCGACGGACCGGGTGATCCAGCCCGGCGACTTTATCCAGACCGACTTCGGCATCCGCGTGGGCAACTTGGTCACCGACATCCAGCGCTTTGCGTACGTGCTCGCGCCCGGCGAGACCGAGGCGCCGGCCGACGCCCTCGCGAAGTGGCACGCCGCCCGGCGTGGCTCGCGCGCGGCCTTCGCCGCCATGCGCCCCGGCGCGCGCGGCGTCGACGTGGACCGCGCGCAACGGGCCGTCATGGCCGAGAACGGGTCGCTCCCGGTGATGTGGAGCACCGGCCACCCGGTCGGCTACTGGGCCCACGACTCGGGCCCCAGCCTGGGCGGCGGCCAAGCCGGCCGCACGCCATCGGGCCGCCAGCTTGCAGTGCTCCGCCCCGGCATGACGTTCGCCTTCGACGGCTTCCACACGTGGGCGCTGAGCGGCGACGACACCAAGACGATCTCGGTCGAGGAGATGGTCGTCATCACCGGCGACGGCGCCGAGTGGCTGACGCCGCCCCAGGAGGCCCTCATTCTGATTCCCTCGCGCTGAGGGCGGGCTGGCGTCAGTAGGGACACACCGGCGGTGTGTCCCTACGGGGTTCGCGGGCTCAGAACCGCAGCTCGACGGTCGCCCCGCCGCCGGGCTCGGAGACGACGGCCAGCTCGCCGCCGTGGAGGCGGACCACGCGCCGCGCGAGCGCCAGCCCGATCCCGCTGCCGCCCGGCTTCGTCGAGAAAAAGGGGACGGCCACGCGCTCCAGCACGTCGGACTCGATGCCCGGCCCGTCGTCGGCGACCGCGACGATGGGCCGCCCGCCGGGCCCCGTCGACACGCGGATCGCGACCGTCCCGCCGCCCGCCGCGCCCGTCGCCTCGATGGCGTTCAAGACCACGTTGACGAGCGCCTGCTCGACCAAGTCGGGGTCGACCACCATCTCGAGACGCGCGGGCTCGACGGCGACCGAGACCGCCACGCCGCGCTCGGCGGCCGTCGTCCGAAAGAGGGTCGCCACGCGGCCCGCGAGGTCGGCGGCAGGGACGACGCGGGGCGTGGGCTGGGGGACGCCCGCGAGCGTCCGGTACGCCTCGACGAACGAGACGAGCCCCCGGCTCCGCCGCTCGATGGTCTCGAGCGCTTCGTCGACGGCCCCAAGGTCGCCCTCGTCGGCGAGCCCGCGCGCGGTCCCAGCGAGGGAGGCGATGGGGGCGACGGAGTTGGTGATCTCGTGCGTGA
CP177357.1_gap67	2872868	2876113	3245	ACCGGGGCGGCCCGACGGCCCCGGACGGCCGCCCTGCGGGCGCTGGCGCCGCTCGTCGTCCCGCTGCGGGCGTCCCTGCGAGCGCGGCGGCGGCGCCGAGCGCGGCGGCTGCGGACGCCCCTCGGAGCGCGGCGGAGGCGCCGGGCGCGACGGCTGGGACTCCGAGCGCGACGGCTCGGGGCGCGGCAGGAAGGCCCGGGGGATCTGGGGCGTCTCCGCGAACCGGCCCCGCTCGTCGAGCCGCACCCAGGTCGCCGGCAACTCATAGAGGTACCGCCCTACGCCCCACTGGACGGCCGCCCGCTTGGTCGCGCCGGAGAGCCCGCCCTTGACGGCCTCGACCGCCGAGTTGTCGGCGCCGTCCCACTTGGTCACCCACTCGGCCGTGCCGTCGTCACGTTCGACGCGAACCGAGATCCCGCACAGCACGCCGCCGCCGGGGCCCTCGCGGAACTCGTTGCGCCAGTCGGCCGGGCCGCACACGTCGTCGAAGCGCTGCTGAACGGCGCGGCTGGTGAGGTAGGCCATCGCCAACCCCTTGGACTTGTCGCGCGTCGTCGCGCCCGGCTTCCACTCGACGTCGGCGGGCGGGAAGGGGGCGGCGAGGCGGCGGAGTTCGGAGGCCTTCATCGGATCGCTGTGAGAGTGTCCCGCAAGCTCGGACGGGGCGGCGACACCATTCTGTCACAGCGCGCGGCCGACCTCTTCCGCGCGGGATCGGCTAACGAACAACGGAGAAAAGCGCTACCAGACTACCAAACAGAGGAGAACCGAGCCAAATATGTTGACAACAGAGGCTGCGGGCACTTAGTATCGCCCGTCCCTGAGGCAAAACCAGTCCCCCACCTTCAACTATGAGGCCCCTCCCCGCCCTTGCCTTCCTCTTCCCCACCGCCGCGTTCGCACAGGGCGCCGCCGCCGTCCAGGTCAACCTCGACGTCGTCTGGGTCGTGCTCGCGGCCGCGATGGTGTTCCTGATGCAGGCTGGCTTCGCCCTCCTCGAGACTGGGCTGACGCGGGCCAAAAACGCGGCCAACATCATCATGAAGAATGTCATGGACGCCTCGGCGGGCGCCGTCGTGTTCTTCCTGGTCGGCTTCGGCGTGATGTTCGGGCCCAGCTTGGGTGGCATCGTCGGGACGGGCGGGTTCGCCCTGCTCGGGATCGAGGGGCAGGACCCCGCGTGGACCTACGTCTTCTTCTTTTTCCAGGCTGTCTTTGCCGCGACCGCCGCGACGATTGTGTCAGGCGCCGTCGCCGAGCGCGTCAACTTCAAGGCGTACCTCGTCTTCTCCGTGCTCGTCGTCGGGCTGATCTACCCCGTGTTCGGGTCGTGGGCGTGGGGCGGGCTGTTCGCCGGCGGCGGCTGGCTGGAAGGCTTGGGCTTCCTCGACTTTGCCGGCTCGACGGTCGTCCACTCGGTCGGCGGGTGGGCCGCGCTGGCGGGCGCGCTCGTCGTCGGCCGCCGGGCCGACTCGCTCGACGAGAACGGCGACCCGGTGGCCATCCCCGGCCACAGCCTGCCGCTGGCGGCGCTGGGCGTGTTCATCCTGTGGTTCGGGTGGTTCGGGTTCAACGCCGGGTCCACGACGGCCGGCTCGCCAGCCATCGGGCTGATCGCCGCGAACACGTTCCTGGCGGCCGGCGCGGGCGCCGTCGCCGCGATGGCTGTGACGTGGTGGCGGAGCGGTGTGCCGGACGTCGGGATGACGCTGAACGGCGTGCTGGCGGGGCTCGTCGGCATCACCGCCGGGTGCGACGTGGTGCTGCCGATCGGCGCCCTCGCCGTCGGGCTCGTCGCGGGCGCGCTCGTGGTCTACGCGACCGAGGCGCTGGCGCGCGTGATCGACGACCCGGTGAGCGCGGTCGCGGTGCACGGCGTGAGCGGCGTGTGGGGGACGCTGGCGGTCGCGCTGTTCGCCGCCGAGGGCCCGTCGCTCGCCCAGCTCGGAGTGCAGGCAATCGGCGTGGTCGCCGCGTTCGCGTGGGCCTTCCCCCTGTCATGGCTCGTATTCACGGCGCTCGACGCGACGATGGGCCTCCGCATCGACGAGACGGGCGAGTCGGCCGGTCTCGACCTCCACGAGCACGGGACGGTCGCCTACCCGGAGTTCCTGATCGCCGCGCCCGTCGACGAGCGCCTGGAGGCGGGGGACACGAACCCCGCGTTCCGGTTCGACGCCGTCCAGCTCGAAGCCTCCGCTGCCCTCCGGACCCCGTTCTCGGTGCCCCCGAAAGCCCGCGCCTGATGGAGAGAATCGAGGACAGACCTGCCGATCCGGCGCGACAGACTGGCGCAATGCGCGACAGAACGGCGCACGACGGGGGATCCGAGTGATGACCCGGTGAAGGATCGTATTCTGCGGGCGCCCGGAATGGTCTGTGCACCCATCGGAGTGAACAGACGGACGACCCATGACGACCCCGACCTCCCCCTCTCGCGTGCGCCGCGTCGCGTCCCGGATCGCCGGGGCCCGCCGCCGGGCGGCCGTCGTGACGAGCGCGGCGCTGCTGGCGGCCGGCGCCGGCGTCACGATCAGCGCCCCCGCGCCCCAGTCCGAGGTCGCCATCGAGGCGCCTGCTCGCGTGATCGTCCCGGACGTGCCCGCCGCCGAGGTACCCGTCGCCCTCGTCAGCCACCGCAACAACGAAACCGAGGCGGAGGCCGCGCCGACCGCAGAGGCCGGCACGCCCGTCGGCTCGGGCCTCGCCAGCTACTACGGCCGCGAGCTCGCGGGCAACCCGACCGCCTCGGGCGAGCCGTTCGACCCCTCTGGCCTGACGGCTGCGCACCGGACCCTGCCGCTTGGCACGCGCATCCGCGTGACGCACGAGCGGACCGGCGAGAGCGTCGTCGTCCGCGTCAACGACCGGGGGCCCTTCCACGGCGACCGCGTGCTCGATCTGTCGCGCGCCGCCGCCGACGCCATCGGCCTGACAAAGCGGGGCACCGGCACGGTGTCCATGGAGCGACTGGGCGGCGCGCGCGGGTAGCCACCCAGCTGGGGCCGTCGAACCGGCTGGCCCAGTCGTGTTCCAGTCCCGCACCTTCCAGTCCCGCACCGCGGCCGGGCCGGCCGGCGTCAGCCGCGGGCCGCTGTCAGCCGCTGGCGGAGCGCGGCAACGTCCACGTTCCCCGGTGTCCCGTCGCTCGCGTATGCCGCCAGTGCGTCGGCGTCGGAGGGCACGGAGAGCGAGCCGAGGTCCGTGCCGACGGCGCGGTAGGCGTCGCGGAACGGGGTCCC
CP177357.1_gap68	2941755	2943172	1417	CCGACGCCCGGCTCGACGTGTACCGCGTGGCGCAGGAGGCGCTGACGAACGCGGTCCGCCACGGCGGCGCGCGGGCGGTGCGGCTGGCGCTCTACTCCGGGCCCGACGGCGACGTGGTGCTCGACGTGGTCGACGACGGGTGCGGGATCGAGGCCGGCGCCTCGGCGTCGGGCGGGATGGGCATGCGCACGATGCGGGCCCGCGCCCAGCGCCACGGCGGGCACGTCGCCGTCGAGGGGCTCGACGGCGGCGGCACGCGCGTCCGGCTCCAGATCCCCGCTGAGCGACTGTTCACCGGCTGACGCTCTTCTCGGCCGCCGCATACGAAGCCGGGAGGGGGCCCGTTATCAGCGGGCTACCCCCTGCGGTCGTGTGTGTGACGCAGGCTTTGACCGGGGCGCCCTGCAACGGGCGCCCCGGTTTTTTTAACAGCTCCTTGGCCGCGAGCCGCGCCCGACGGGCACCACGGCGCGCGAGGCGGCGTTGAGACCGGGCCGCTGGCGATGCGCCACGGCCGACCCGAGCCTCCCCCCGACTCATGACTTCTCCCAAGCGAACCGCGTCCGTCGTCCTCCTCGTCGCCGCCGCCGTCGTCGGCGGCATCGTCTTCGTGACCTCCGCCGCCAACTTGGCCGGCCTGTCGAGCCTGTTTGGGCAGGCCGATGCCCAGGGCCGGCTCGCCGAGTCCGAGGCGGTCGCCACGGCCGAAGATCTGGGCCAGGCGTTCTCGTCGGTCGCCGAGCGCGTCAACCCGGCCGTCGTCCAGATCCAGTCCACGCGGCTGGCGCCGGCGGGCGCGCAGAACAGCCCGTTCGGGATGTCGCCGTTCGGCGGCGACGGCGCGCAGAGCGGGCTCGGCAGTGGCGCGTTCGTGTCGGCCGACGGCTACGTCGTCACCAACAACCACGTGATCGAGGACGCCGACGAGCTCCGCGTGGTGCTCTACGACGGGCGCGAGCTCGAGGCCGAGGTCGTCGGGGCCGACGCCTTCTCGGACCTCGCCGTGCTCCGCGTCGAGGGCGACGACTTCCCGGCCCTCGCCTTCGGCGACTCCGATGCGCTCCGCGTCGGGCAGTGGGTGCTCGCGTTCGGGAGCCCGCTCTCGGCCGACTTGTCGAACACGGTCACCTCGGGCATCGTGTCGAGCCTGGGCCGCTTCTCGGGCGCGCCGGACCCGCGCGGCCGGCCGACCATCTCGACCTACATCCAGACCGACGCGGCCGTCAACCCGGGCAACTCGGGCGGCCCGCTCGTCAACCTGCGCGGCGAGATCGTCGGGATCAACTCGGCGATCGCGACGCGGACGGGCACGTTCAACGGCATCTCGTTCGCGCTCCCGGCGAACGTCGTCCGCTCAACCGTCGAGCAGATCATCGACTCGGGCGTCGTCGAGCGCGGCTACCTCGGCATCTCGTTC
CP177357.1_gap69	2944349	2946211	1862	ACCTGCTTGGCCAGGTCGCGTTGGTCGGGCTCGGGCTGTCGATCGCGCTCGGCGAGTCGGTGCCGGGCCGGATCGGTTACGGGCTCGCGGCGCTCGTGCTCGCGCTCCCGTTCGGGCTGTACCTCTGGGCCAGCCTCGGCGTGTTCCGGCGGGGCCGGGTGTGGTCGCCGCTCGCGACGGCGCTCAGCCTCGTGCTCGGATTCGTGACGTACGGGATGGTGATCGGCACGGCGTACGTGGTCCTCGCCCGATAGCCCCTCACCCCACGTCGCGCAAGACGGCTTCGAGGTCGACGCCGGCGCGGAAGGCGGCGGGGGCGGGGAGCGCGCGACGGTCCAGGAGGCGCTGGGCGGCGGCGGCCTGGCGATCGCGCCCGACGGTCGCGATGGCGCGGACGGCGCCGCCGGAGACGTAGGCGGCCAGGAAGTCGCGGTCGTCGAGCGAGCCGTCGACGATCACCTCGTCCCAGCGTTCGGCGTGGCCGACGTAGCGCAGGCTGAGGCCGAACTGGCCGGTCCAGAAAAAGGGCACGTCGGCGAAGGGGGCGACCTCGAGCGTCGGGTCGGTGTCCGCCAGCATGGCGTGCGCGGCGGCACGGCCGTGCTGCTGGGCGACGCGCCAGTGCTCGATGCGGACCGCCTTGCCGGTCCGGGCGTCGGGCACGACGGCCACGTCGCCAGCGGCGTAGAGGCCCGGCGCGGCGCGCAGGCGCTCGTCGACGATCAGTCCGCCGTCGTCGCGGCGGAAGTCGGCGCCCTCGAGGAACGCGGTCGCGGGCGAGACACCGACACCGAGCAGGACCACGTCCGCGGTGACGTGCCCGGCGGAGGTCTCGACGCGCAAGCGGCGCGGCGTCTCGGCCTCGGGGTCGGCCGCGACCGTGGTGATCCGCTGCACGTCCGCGCCGAGCCGGAACTGGACGCCCTGGTCGCGGGCGGCCTTTTCGAACACGCCGCCCACGTCCGGGCCGAGCACGTTCTCAAACGGGGTCTCCTCGCGGCCGACGACGGTCACCGCCAGCCCCCGCCCGCGCAGGCTCGACGCCGCCTCCATGCCGATAAACGAGGCGCCGATGATGGCGACGGACTCGGCATCCCCAACGCGGTCAGCCAGGGTGCGGGCGTCCTCCCACGAGCGCAAGAGCTGGACGCCGTCGAGCGTGGCGCCCTCGATGGGCAGGCGGCGGGGCGTGCCACCCGTCGCAACGAGCGCCACGTCGTAGGTCACGGTCTCGCCGTCCTCGAAGGTCGCCGTGCGGGCGTCGGGGTCGAGGGCCGAGACGGCGCGACCGGTCCACATCTCGATGCCGTGGCTCTCGTAGAAGGCGCCGTCGCGCAGGCGGAGCGCGGCGTCGTCGGGGTCGGCGAGGTAGCCCTTGGAGAGCTTGGTGCGGTCGTAGGGCGGCTTGGTCTCGGGCGTCGCCATCACGAGCCGCCCCCGGTAGCCCTGGGCGCGGAGGGCCTCGGCGCACGAGGCGGCCGCGGCACCCGCGCCGACGAGCAGGAACAGCCGGTCGTCGGCCGTGGCGTCCACGCTCGCCATCGCGGGCGTCTCGCCGTCGCTCTCGCGGTACGCGATCCCCTTGCCGTGCTCGTCGGCGTCGTCGGGCGCGGCGACGAGCACGTCGTCGCCGTCGACGCGGACGGGGAAGCGCCGGAGGGCGTCGAGCGCGGGCGGCTGGCAGAGGGCGCCCGAGGCCACGTCAAAGGCGGCGTGGTGCCAGGGGCAGACGACGGTCGTGCCGTCGAGCACGCCGTCGGCGAGGGGGGCGCCGTAGTGCGTGCAGAAGGCGGTGCAGGCGTGGAAGGTGCCGTCGACGCGGGCCAGCAGCACGGCCGTGCCGTCGGCGTCGACCTGCCGCA
CP177357.1_gap70	2948304	2950745	2441	GCGCGTTCATGCCCGTCAGCGAGGACCAGGCGATGATCGAGGCGGCGGCGGCGGGGCACCTGTCGCTCGAAAAGCTGGAGGCGATGAGCGCGATCTGCTCGGTCGGCCTCGACATGGTCGCCATCCCCGGCGACACCTCCGCCGAGACGATCGCGGGCATCCTGTTCGACGAGTTCGCCATCGGCATGATCAACGACAAGACGACGGCCGTGCGGCTCTTGCCGGTCGCCGGCAAGGGCGTCGGCGAGTGGGCCGACTACGGCGGGCTGCTCGGGCGCGCCCCGATCCAGCCGGTGTCGCAGGTCTCGAACGCCGTCTTCGCGCACCGCGGCGGCCGGATCCCGGCGCCGATTCGGAGCCTGACGAACTGATGCGTGGCTCGATGACCAACGCTTATAATTAGCGCTCGGCCGGTCACCAATCAGCCCGCATGACTGACACGCTCTACCAATCGTCAAACGTCACCGTCACGCCGACGCGGCTCGTTGTAGACAAAAGGACATTCCCGATCGCGGGAATCACCTCTGTGGAAGTCCGGCCGAAGATGAACCTGATGGGGCCATTTGTCGCAGCCATCGTCATGTATATGATTGGGGGCCAAGGGCAAGTCAGCACCCTGCTTGCCGTAGGCGCTTTCTTTTTCCTCGCATACCTGCTCCGGTCGAGCACCATCCGGCTGAACACGGCCGGGCAAGATGTGACCGCCTACGAGACCAAGGATCCTGCAAAAGCGGAGGCCATCGCAAAGGCGATCTCGGATGCAGTCGATCTCAGGGGGTGAGTAGACCGAAGTCTCCCTCCCCCACCCCGGGGAGGCCCGCGCCAACCCCGCCGGTCTAGGTTCGGCGCATGGCCTCCGCCCCGACCCTGCGCGCCCCGTCTGCCGCCTCGGCGCTCGGGCTCGTCGTCGCGAATGTCGTCCCGCTCGTCGGGGTGCTGTGGTTCGGGTGGAGCCTGGTCGGCGTGATGGCGCTGTACTGGGCCGAGAACGGGGTGATCGGCGTCTTCGCGCTGCTGCGGATCCTGGGGGCTCGCGAGGGCGGCGTCGGGCAGAAGCTGTTCCTCGGCCCCTTTTTCGCGGTCCACTACGGCGGGTTCTGGCTGGGCCATGGGGTCTTCCTGGCGTCGCTGTTCGGCGGCGACGCCGGCCTGGCCGACGCGGCGACGATGCGGGGGATCGTCGAGGGGCTGGCGGCGCTCGTGCTCAGCCACGGCGCCTCGTTCGCGGTCCACTACGTGTGGGGCGGCGAGTGGACGGCGGCGAACGCGCACACCGAAATGTTCAAGCCCTACGGCCGCGTGGTGCTGCTCCACGTCGTGATCCTGCTCGGCGGGGTCGCCGTCGCGACGACGGGCGCGGGCGTGGCGGCGCTGGCGCTGCTCGTCGTCCTCAAGACCGGGCTCGACCTGGGCGTCCACGTCGTCGGCCACCGGATCCGCCGGTCCGACCTCGCGCTCGCGGAGCCGGACCCGCGAGCCACCACGATCCGCCTCGACCACCATCCAAGCCTCGGTGGGTCGGGGAGTCGGTAGGCGGTACGGGCTTCGGGAACGGCGTCCGGGAGGTCGGCGGGCGGGTCTGGAGCCCTGCCGAGGCGGGGGGACGCAAGGGACATGATTTGATCACACCGCCGCCGGAACGCTCGCCCGTGCAAACGTTCGAGGGCGGCTTCCGTTGAGCTGCCGCCCCGGCCCCTCCTTGACCACCGTCCAGAAGTCCCTCTCGACCACGCAGGTCCGCCCCCGGCACACGCTGCTCCGGCTGGCACGGACCGAGCGGCAGTTCCTGCTGCTCTTGGGCGTGGCCTTCTTCGCGGCCGGCGCCGCGTTCCCCTACCCCGACGTCGCGCGGTGGCTGGGCTTCGCGCTGGCGGCGTACTCGGCCATCGCCAACGACTCCATCCAGACGGTCGGCGTGTTCATCGCCTCCAACAAGGCGCGGCCGTGGTGGCTGCTGTGGCTGTTCATCGGCGGCGTGTTTCTGATCACGGCGTACTACGGGTGGTCCACGATGGGCGGCGACGTGAGCTACGGGCGGCTCGCCTCCAAGGGGTTCTCGGAGACGCCGGCGACGTTCACGTTCCTGCAGGTGGCCGCGCCCATCTTCCTGCTGCTGATCACGCGGCTGCGGATGCCGGTCTCGACGACGTTCCTGCTGCTCTCGTGCTTCGCGACGACGCCGGACGGCATCTGGGACGTGCTCACGAAGAGCCTGTGGGGCTACGTGGTGGCCTTCGCGACGGCCGTGGTCGCGTGGCTCGTGGTCGGGCGGCTGATGCGGCGCGTCGAGCAGACCCCGATGTCGCCGGCCTGGTACCCGCTCCAGTGGCTGGCGACGGGCGTGCTCTGGGCGACGTGGATCATGCAGGACGCGGCCAACCTCGCCGTCTACCTCCCGCGCCAGCTCTCGGCCGGCGAGTTCGGTGCGTTCGTGGGCGTCA
CP177357.1_gap71	2955894	2958887	2993	CCGCGACCTGGTGGCGCTCGTCGCCAAGGACCGCCCGGCGCGCGTGGTGATCGAGGACTTTACGCCGCTCGTGCAGTTCGAGACCTTCGAGGCCTTCCACGAGGCGTTCTCCGACCTGGTCGGGGCCTTCCGCCAGCACGAGACGACGCTGGTCCTCGGCCTCGGCGACCCGGCCAACGAGGCGTCCCGGCGCCTGCTCGAGGTCGTCGAGGGGCTCGTCGACGGGACGGTCCGCCTGGGCGCCGACGGGACGGTCTCGCTGGCGGTGCCCCCCCAGTTCCCGTCCAGCGACGGGGCCTCTGTTGAGGCCGCGGCCCCGGCCGACCCCGAGGCCGCGCCCCCCATCGCCGCGCCGCTAGCGCCCGAAGCCGCTTCCGCGCCGTCCCCGCCGCCGCCAGCCGAGCCGGCGCCCGACGGCTTCAGCACCACCTTTTCGAACACGGGCCCGTCGCCCGACGGCGCGCCCGCCCAGCACCCGGCGTCCGTGCCGGAGGCCCCGGCGGCGGCCGGCGCGACCACCAGCAACCCCCCGGCCACCGACGTCGTGCCGCCCGACGCGCCGCACCCGTCGCTGCTCGCCCCGCCCGCCGACCCGTTCGGGCTCGACCCCGCCGACGAGCTCGTCCAGCAGGGCTACCTCGCCGACTCGCGCGCGGGGGGCGGCGTGCCCCCCGGCCCCGCGCCCGGCGCCCCGCCCCCGAAGCCCTCATTCGCGCCCATCGGCGCCAGCGCCCCCGCCTCCGACCCCGGCGCCGACTTCCGGGTCGCCCTCGACGCCGCCTTCGCCAGCCGCAGCGCCGGCATTCCGTTCGTCGTCGTCGCCTTGCGCGTCGACCCGGCGGCGCCCGAGGCGGCGGCCTTCCACGCCGTCGAGGCCGGCCTCCGGTCGGCGCTCCGCCCGACGGACCGCCTGCTCGTCGACGCCCCACGCAAGCGCGCCGCCGTCGTGCTGCCGTCGTCGGGCCCGGAGGCCGCACAAGCGCTCTTCGGCGGGCTCCAGACCTCGCTCCGCCAACACCTCGGCGCCGACGCCGAGCGCGTCTTGCAGTCCGTCGCGGCCGTGACCGTCCCCGACGGCCAGCCGTTCGAGACCTCCGCCGAGCTGCTGGCGTACGCCTTCGAGAGCTGAGAGGGCGGTCGGTGATCGGTCGTCGGTTCTCGGAGTCCCGATCACTGGACACCGACAACGGGTCACCGAAACGGCCGCTCGCGGTCGAGCACTGCGACGAGGTCGTCCACGCCGACGGGGCCGTGGCGGTACACGAACGGCTCGCCGTAGTCGGCGCCGATGCGGTAGCCGTAGGTCCGCGCCCGGGCCTCGACCCACTTCAGGAAGCGCGGGTTCGAGATGTACGTCTCCGGGCCGTCGCCGCCGTCGTTACCATCGTCCCCGCCGGGCTGGTAAAACTGGCTCTCGAACGCCAGCAGCGCCCGCATCCGCCGCTCCCACACCGACGACACGTCGACCACGAACGTGGGCTCGACGTCGAGCGCCTGGAGGTAGTGGAGCACGTGGTGCGGGCGCCACGCTTGCTGCGGCGTCCCGTCGTCCTCGGCCGTCTCGATCTTGGCCAACCCGCTGTAGAACAGGGCGTCGACCGCCAGCTCAGTCGCGTCGCCGTGGTCGGGGTGGCGGACGTGCTCGGCGGTGATGAGCACGATCCGCGGGCGGTGCCGCCGGATCGAGCGGATGAGGGCGCGCTGGGTCTCCTTCGTGTTCTGGATGTCGCCGTCAGGGAGCCCGAGGTTCTCTCGCGCCGCGAGCCCCAGGATCTCACCCGCGCGGGCGGCCTCTTTCATCCGGCCCTCCGGCGTGCCGCGCGTGCCGAGCTCGCCACGCGTAAAGTCCACGATGCCGGTCCGGTAGCCCTGGTCTGCGAGCAGGCACATCGTGCCGCCGGCGCAGAGCTCGACGTCGTCGGGGTGGGCGGCGAGGGCGAGGACGTCGAGGGGCATGGGGGGACGGGGGACGGGGGACGGGGGACGGGGGACGGGGGACGGGGGACGGGAAGATGCGCGCGCAGGAGCGCAGAGTCCACCCGGTCGCCCTGGGCGCCGAGTCGCGCGGCAGGGCCCCAGCCCCATCCCCCGGATGTCGGTCCGTGGTCCTCGGTCCTCCGTCCTCCGTCCCCGGTCCTCGGTCCGTCGTCCCTGGTCCTCTACTGCCGCTCGAACACCAGCCGCCCGACGACGGTGCCCGCCAGCGGGGCGTAGGCGACGGCCGCGATCGGGGCCCGGGCCGCTCGCGGCGCGTTCGCCGAGGTGTAGCCCGCCCCGTCGTCCGTGCCGGCGTCGTAGACGATCGCGTCGATGACCACGCGATCCGCCCAGCCGTCGCCGTCGCGCAGGTCGAGGCCGTCGACGCCGACGAACCAGTCGGGGCTGGGCGCCAGCATGCTCACGACCGTCGCGGCCGGGCGGGCGTCGGTGACGGTGACGGTGGCGCCCGCGGTGCCGGGCGACGGGCGCAGCGGGTCGCCCTCGAGGTACGCCGCCGCGTCGCCGAGCACCTCGACCTCGGCGCGGAGCCCGGCCGTGCTCCCGGTCTCGGCCATCGCGCGGACGCCGTCGCTGGCGACCGCTCCAACGCGCCAGAGCGACACCTCGGCCGCGTGCGCGGCGCCGGTCAGGCGCGAAAAGTGGGGGTCGGGCGGGAACGCCTCCGGATGCGTCGCCGCGCTCCACGTCGCCTCGAAGGTGACGGCGTAGGTCGCCGGCGCCAGCGGCTCGGGGTCGAACGGCGGGTCGACATCGGAGAAGACGTCGCACCCGGCGACGAGGAGGACAGCGGCGAACAGGGCAAGGCGCATGGCGGCAGGGGCGGGTGCTCGCGAGACGTGGCACGCCGGCCCGTTCGTACGCCGAGGCGGGAAAAGGTGGCGCCGTCCTACCCGAAGACCCCCAGCAGCCATGCCAGCACGGGCAAGGCGAACAGCACCATCAGCCCGACGAACAGCCACGCACTCGCGGTCATGCTCGCCTTGCGGACGGGG
CP177357.1_gap72	2964583	2968092	3509	CCACACAGAACTCGCCTGCGCGACGGCGGGCGCCAACTGCGCCCGGTACAACACGAGCGTCAACGCGCCGTCGGCCTGGTCGATGCTGTAGGCCCGGACGCGGTCCGACGTCTGGACGCGGGCCACCAGCCCGCCCTCGCGCTGGTCGAAGGACACGCGTTCGACGTCGATGCGCGCGCCCGGCACGGGGGGCACGTCGGCAGACGCGGGGGGCACGGCCACCAGCAGAAAAACAGCGAGAGCGAAGCGGAGCATGGGGGACGGGGGCCAGGGGAGGCGGACGCCCCCGGGTTAGGGAGCGCTCACCATCCTTCTATGTCGTCCCCGACGGGCCCGCGCGAAACAGCGGCGCTCGGCGGAACGCCTCCATTCCCAGAAGGCGCGGTGGAGTCGGGGGGACCAACGCGAACGTACGGATCTGCCCCCCCTCACTTCAAGCGATTTCAGAAGTGCCTTCCAAACTGGGGGTCTCCCCCTACCGCGTGTGGATAACTATCGCGCCCGGCGCCGTGTGCACCGCGCCCGTGGGTCTCTGTCGTGCCCCGACGCCGGCGGCTATTCGTCGCCGACCAGCTCGCGCAGGCGGAGGTCCACGATGTCGTCGTGGTAGGTGCGGCGGGCGTCGAGGGCGCGGCGGGCGTTCGCGAGGCGCTCCTCGGCCTCGGCGATCTCCTGGTCGCGCGTCTCGTGCTTGAAAGCGAGCAGCTCCGAGATGGCGCCCCGGAGCTGGGCGCGGAGCCGGGCGCGCTCGGCGCCGAGCGGTAGGGCCCGGACGCGTGCGGCGAGGTCGTTGACCTCAGCTTCGGCGGCCTGCTCGCGCTGCATCTGCTCGAAGAGCGGCCCGTTGCGCGTCGCCACCTCGCGCATGTACGCCGCCTCGACGATCGGCGTGACCGCTTCCGGGGCCATCTCCACGACGGCCTCCGGGGCCGCCGCGACCGCGTCGCCCAAGATGTACACGCCCCGGTCCGGGCGGCGCGACTCGTCCATCGGGACCAGCCGCTCGTCCTCGAGCACGTAGGCCGTGCCGTCGATTTCGAGCACGGGCAGGATCGGGCCGCTGAACTCGAGCGGAGCCGTCATCAGCCCGGTGAGATCGAGCCCAGGAGGGACGGCATTGGCAAGGTGGCGGCCGTCGAGGTAGACGTGCCCGTCGCGGACCTCGAAGACGTGGACCGTCTCGGCGGAGGCATCGGTCTGAGCGCCAGCGGCGATGGAAACGAGCGCCAGCGCGATGGCGGCGAGCAGTCGGGTCATCGGAGCGAGTCGGGGCGGATGCGGGCGCGGGCGGGGGGCAGTGCGGGGGCGCCCTCACGGACGGACTGGAGGCCGAGCGTGGCGCCGCGGACGGTGCCGGCCGGCCGGCCGAAGGCCTCGGCGGGCGCAGCGTCCCAGGCGAGCGCGTCGGCGTCGTCGAGGTCCTGAAGGCGGAGCGACAAGGCGCGGACATCATCGCTCGCCTCCCACGAGGGGACCGGCGCGGCGCCGGCGGCGCGCGGCGTGGCGGCACGAGCGGACGGGGTTGACGCGGCGGCAAAGGCGGTCGGAGGCGTCGTCGCGCGGGCGTCCGGGCGCGCGGCTGGCGGCGGCGCGGGAGCCGGGCGGGGCACGACGCGCTCGGCGGCGGCGAACAGCCCGGAGGCGGCACTGGCAGTGCCCGCCGAGGAGGGGCGAGGAAGGGGGTCGGCGGCGACCGGCTCGGCAGCGTCTGCCTCGGGCGGAGCCGGAGCGGCCTCCTCGACCACGGGGGCGGGCTCGGCGACGGCGGCCACGACCGTCGTCTCGGCGTCCGCGGGGCCACCCTGGGGGAGAACGACGACGGCGGCGAGCGCGGCGAGAACGAGCGCGGCGCCACCGGCCCAGGCGCCGAATCGGTTCTGGAGGAACGCGTTCGGGACGGCAGGCGCGGTCGCCGGCGGCGCGGGCACTGGGGCGGCGACGGGCGCGGCGGCTGGGGCACTGGCGGTCGCCGCGGCCAGCCGGACGGCGTCGAGCGACGCGGCCGCCGGGCGCGGACGTGGGAGCCGGTCGAGCGCGAGCAGCGACTGCGCGAGCACGGCGACCTCGATCGGCGAGCGGGCGTCGAGCGCCGTCGCGTCGGTCGGCTCGGCGGCGCGCGCCAGCACGGCGGCCACGGCGTCGGCCGTCGGGCGGGGCTGGGGAAGGGCCGCGAAGGCGCGCTCCACGATCTCGCGCGACTGTTCGAGCACCCTGCCCTCGACCGACGGGGCGGCCGTCTCCCCGAGGTACACGCCGCGCACAGCCGCGAGCGGGTCGCTGGGCTGGGCGGCGAACGCGAGCACGGCCGCGAGCGTCTCGGCCTCGGGGCGAGTGCGCGGCAACTGATCGAGCGCCGCCAGCGACTGGTCGAGCACGGCGGCCTCGACGGGCGAGTCGGCGGTGAGCGGCTCTCCTGCGGGCTCGGCAGCGCGCGCCAGCACGGCGGCCACGGCGGCGGCGCTGGGCGACTGGCGGGCGGTGAGGGCGGGCGCGAGGGCGGCGAACGCCTCGACGGCGGCCACGCCCTCGGGCTCAGGGCGCGAGCGCGGGAGGCGGTCGAGCGCCGCCCGCGACTGGTCGAAGAGGGCGGCCTCCGCCGCCGACCGCGCCTCCAGCGGCGGGCTCGGCAGCCCGGTCGCCTCGGCGGCTCGGGCCAGCACCGCCGACAGGGCGGCGTCGCTCGGGGCGTGCGTCGGGCCGGTCGCCAGCAGGTCCCGCATCTCGCCCAGCACGGCCGACTCCACGCCCGATGGCGCCGCGTGCGCGGGCTCCACGTCGTAGACGTGGCGGATCGGGAGGAGGGCGTCGGGCATGGGTGGCGGGGCGGGCCTAGCGAACGGGGCGATGGGCGAACTCGTGTGTGGAGGGTCGGCGGAGCTAGGCGGAGGCCGGGTCTTTCGGCTTCGGCGCACCGGGCACGTCGGCCGACACGCCCTCGAACCACTCAGGGTCGAGAATCTTGCGCAGGTTGATCAAGGCGTAGCGCATTCTTCCGAGCGCCGTGTTGATCGAGACGCCCGTGAGCTCGGCGATCTCGCGGAAGGTCAGCTCGGACTGGTGCCGCATCAGCACGACCTCGCGCTGCTCCGGGGGGAGCTGGTCGATGGCCGCCTCGACCTCCTGCCACAGATCCGCCCGGCCCAGCAGCGAGCCCGCGTCGGGCGCCTCGTCGGGCAGCCGCTCCCAGAACGAGGCGCCCTCGTCCTCGCTGCTGAACTTGTCGACGTCGGTGAACTTTTTCTTGGCGCGGAGCCAGTCGAGCGCGGCGTTGCGCGCGATCCGCATGGTCCACGCGAGCCAGCGGCCCTGGCTCTCGTACGAGCCCCGGCGCCGGTGCATGGCCTGGATGGCGCGGAACAGCGTCTCCTGGAAGAGGTCGTTGGCCACGTCGCGGTCGCGGACCATCCCGACGAGGTAGCCGAAGATCCGCTCCTGGTGGCGCGAGAGGAGTTGGGAGAACGCGCGTTGGTCCCCCTCGTCGAGGTAGGCCGTGACGAGTTCGGCGTCGG
CP177357.1_gap73	2969445	2973968	4523	CTACGCCACCAGCGCCAGCGCCTCCGACAGCTTGCGGACGGGCAGGATCTCGAGCCCGTCGGGCACCTTGAGCCCCTTCGTGTTGGCCTTCGGCACCAGCGCCCGCTCGAAGCCGAGCTGGCGGATCTCCGCGAGCCGCGCCTCGATCCGGCTCACCGCTCGGACCTCGCCGCCCAGCCCGAGCTCGCCGACCGCGACGGTCCCCGAGTCGAGCGGCACGTCGCGCAACGACGACGCCGCCGCGAGCGCCACGCCCAGGTCGACGGCCGGCTCTTCCAGGCGCACGCCACCCGCCACATTCAAGAACACGTCCGCTTGCGAGAACCGTAGGCCCTCGCGCTTTTCCAACACCGCCAGCAGGAGCTGGAGCCGCTTGGCGTCGAAGCCCGTCGTAGTCCGCTGCGGGGTCCCGTAGCTCGACGACGTGACGAGCGCCTGGACCTCGACCAAGAGCGGCCGCGTGCCCTCCATCGCGCAGACGACGGACGAGCCAGAAGTGCCGAACTGGCGCTCGCTCAGGAACAGCGCGCTCGGGTTGCCGATCTCCTTGAGCCCGCCCTCGCGCATCTCGAACACGCCCAGCTCGTTCGCCGCGCCAAAGCGGTTCTTGACCGCGCGCAGGATGCGGTACGCGTGGTGCCGGTCGCCCTCGAAGTGCAGGACGGTGTCGACCATGTGCTCCAGGACGCGCGGCCCGGCGATCGAGCCCTGCTTGGTGACGTGGCCAATGAGGAACGTCGTGGTCGGCAGCGTCTTCGTGACGTCGAGGAGGGCGGCGGTCGACTCGCGCACCTGGGCGACCGAACCAGGCGCGGACGTCAGGTCCGGGCGGTAGACCGTCTGGATCGAGTCGACGACCATGAAGTCGGGCTGCAGGTCGTAGGCCGCCGCCAGGATGGCCTCGACGTTCGTCTCGGGAAAGAGGAACAGGCCGTCGGGGTCGATGCCCATGCGCCGGGCGCGGAGCTTGACCTGCTGGGCGCTCTCCTCGCCGGTCACGTAGAGCAGCGTGCTGCCGTCGAGCCCGCGCCCCAGCTCCGTCATCAGCGTCGACTTGCCGATGCCGGGGTCGCCGGCGACCAGGATGAGGCTCCCGACCATCGCGCCGCCGCCGAGCACGCGGTCGAACTCGCCCAGACCCGTCGCCAGCCGATGCCGCTCGGCGACGGTCACGTCGCGCAGGCGCTGAGGGCGGGCGGTCCCGTACGCGCCCGCCATCCGGGGCGCGCTCCCGGCGCCGGGCTGGGCCCCGAGCCCGCCCCGCATCACGGGCGCCTTGACCTTGCTCGGCACGGCCTCCTCGACGAGGGTGTTCCACTCGCGGCACCCGCTGCACTGCCCCGCCCACCGCGGCGTGGTGTGGCCGCAGTCCTGGCAGACGTACTGGGTTTTCGCTTTGGCCATGTGGAGAGGTACGAGGTGCGGAGAGGGAGAGGCCGGCGCCCGCAATTCCAAAAGGGGCCGTGGAGAAACGGCGACGGGGGACCGGGCGCGGGCTGGCGTCGTTGGGCGCCCGTAGGTTCGCCGCGTAAGGTCGCGTCGGCGACTGCCACCCGTCCGTCACCCATGGAAGTCCACCCCCCTGCCCGCGCCGCGCTCGCGTCCCTGCTGCGGGTGCCGTCGGACCTGCTCGCCGGCTTCGGGGCGTACTGGGTGCTCCTCGCGCGCGCTTTCAACCTGCCGCGCGACCTTCGCCCGTCGCTCTACGCGCGCAACCTGGCGACCCAGATGGTCCAGGTCGGCATCGACTCGATCCCGATCGTGGCGCTGGCGACGGCGTTCTCGGGCGGCGTGGTCGTGGTGCAGGCCATCTACCAGCTCGAGAACCCGCTCCTGCCCGTCTCGATCGTGGGCACGTTCGCCGAGCAGTCGATCCTCCTCGAGCTGGGCACGCTCGTGACCGCGTTCGTGCTGTGCGGGCGCGTCGGCGCGCGGATCGCGGCCGAGATCGGGACGATGCGCGTCAAGGAGCAGATCGACGCGCTCGAGGCGATGGGGCTCAACAGCCGGAGCTACCTCGTGGTGCCGCGCGTGCTGGCGGGGATCCTGATGTTCCCCGTGCTCTACGTCGTCGCCGCAACGGTCGGGATGAGCGTCGGGGCGCTCGTCGCCGAGGCCTCGGGCGTGCTGACGACGCAGACCTTCTGGGAGGGCGCGCGGCTGTTTTTCCGGCCCTACGACGTGTTCTTCGGGCTCGTGAAGTCGCTCGTCTTCGGGTTCGTCATCACGTCCATCGCCTGCTACACCGGCTACCAGGCCGGCGGCGGGGCCGAGGGCGTCGGCCGGGCGACCACGCGCGCCGCCGTGCTCGGCTGCGTCTGGGTCCTCTTCGCCGACTACATCTGCGCCGCCATTCTTTTGTAATGAGTACAGGGTAATGAGTGATGAGCCCTTGCCCATCACCCTTTGCTCATCGCCCATCACCCGTTTTGATCCAGATCCGCAACCTCGCCAAGGCCTTCGACGGCGTCCCCGTGCTGCGGGACGTCGACCTCGACGTGCCCGACGGGGAGGTGACCTGCATCATCGGGCGGAGCGGCTCGGGCAAGAGCGTCCTGATGCGCCACGTGATCGGGCTCCTCAAACCCGACACCGGCCGCGTCGTCGTGGACGGCGCCCCGCTCGACGAGTTGACGTACTCGGAGCTCCGACAGGTCCGCCGCAAGTTCGGCGTGCTCTTCCAGGGCGGCGCCCTGTTCGACTCGATGTCGGCGCGCGAGAACGTCGAGTTCCCCCTGCGCACGTTCACCGAGCTGACGCCCGCCGAGGTGACGGCGCGAGCGAGCGAGTGTCTGGAGCTCGTCGAGCTGCCGGACGCCGGCCCCAAAAAGCCCGCCGAGCTGTCGGGCGGCCAGCAAAAGCGCGTCGCGCTCGCGCGCGCCATCGCCATCGAGCCCAAGTACATCCTGTACGACGAGCCGACCTCGGGCCTGGACCCCGAGACCTCGAACACGATCGACGAGCTGATCCAGCGGCTCGGCTCCACGATGGGCACGACCAGCATCGTCGTCACGCACGACATGCACTCGGTCCTGTCGATCGCCGACCGCGTCGCCTTCGTCCACGAGGGCACGATCCGCTGGACCGGGACCGTCTCGGACCTCCACCACGCCACCGACCCGGCGCTCGTCGCCTTCGTCCGCGCCAACGAGTACAAGATCGGCGTCCCGTCGCAGACCGCGTAATGGGTGATGGGGGAGGGGTGATGAGCCCTTCGCCCCTCGCCTCGACTCTTTTCCCATTTCTATGACCAACGAACTCAAGGTCGGCCTGGCCGTGCTGCTCTCGGCCGCCTTCATCTTCTTTGGCGTCCGGTTCCTCTCGGGCCAGCCGCTGTTCGGGGCGGGCTACACCGTCGTGGTGGTGTTCGAGGACGCCCAGGGGCTGGCGCCGGGCGCGCTCGTGCGGCTCAACGGCGTCCGCGTCGGCGACGTGCGCGACGTGCGCCTGGGGGCCGACGCGCGGCGCGTGTTCGTGGACCTCTCCATCGACGGCGACGTCGAGATCCCGCGCGGGTCGACGGTGCAGACGTCCGGGATCAGCGCGCTCGGCGAGGTCAACATCGAGATCACGCCGCCCCAGGGCGCCGGCGCGGGCCGCCCGCTGGCAGCCGGCGACACGCTCATCGCGTCGACCACACCTGACATCTTCGACCTGATCGCGGGCGAGTCCAACTCGCTGACGGCCCGCGCGGACACCGCCCTTATCGGCGCCGTCAACACGTTCACGACGCTCGACCGGATCCTGCAGAACTCGGGCGGCGACATCGAGAGCCTGCTGGCGCAGCTCCGCTTCCTGTCGCAGGCGAGCGTCAAGCTGGTGACCGAGGAGCAGGGCCGGATCGACCGGACGCTGGCGTCGCTCGAGGACGCCGCCCGGAACGCCAGCGGCGTCTCGGACCGCGTCGGCCGCAACGTCGAAGACCTCTCGATCGTCGTCGGCAACGACGTCGTGGCCACCTCGGGGACGGTCCGCCTGCTGGCGGAGACGAACGCGGACTCGGTCACGGCGGCTGTCAACAACCTGTCGTCGGCGTTGCGCCGGGCCGACCAGCAGCTCGTCCAGCTGACGGCGCTGACCCGGACGCTGACCTCGCTGACGGCCGACCTCGACTCGACGCTCAACTCGCCGAACGGCACGATGGGGCTGCTGCTCAACGACCCGTCGCTGTACTACAACCTGAACTCGACGGCCGCCTCCATCCAGCAGATTCTGCAGGACCTCCAGGCCGACCCGGGCCGCTACCTCGGCGAGCTCGACGGCGTGGTCAAGGTGTTTTAGAGAGCGGACACAGGACGCTGGCGCGAGCCCGCACTCCCCGTTCGCGTGGCGCGACGCTGGTGGGGCTGGCGCCCGCACCCGAGCGCTCTCGCTCGAAGGGTAGGACGCCACACGACCTGGCTCCGCCGACCCTTCGGGTTGTCCCCCTTGCCAAGGGGGATAGCCGGGGGTGCCTTGAGCGGAGGCGAAGCCGAAGCGATGGCATCGCTGGCGGGGGGTCTGCCGAGCGTGGAGGCATCAGA
CP177357.1_gap74	3068257	3072527	4270	CGCGCCGGTTGAGCGTCGGCGGCGAGGCTCAGAACACCGACACCGAGGCTCCGAGCTCCATTTTCGGGGCTCTGAACACCGATTGTGGGGCTCCGAGCACCGACGTCGAGGCTCCGAGCTCTGATTGTGAGGCTCTGGAGCGAATGTTTGGGGGATGGCGAGGCTCTCTCAGGCGTCCTCCCTCCCCGTGGGAGAAAGGCATTGTGCGAGGCGTCTGGCCGCTCGTGTGCCGTCCGAGCGCTCCCGAATCGATTGGCGGGCGCCTACCCTCCGGGGGCCCGCCGACGAGGGGATCGCTCCGCTGAGGGAGTGGCGTAAACGGTCCCTGCGCTCCGAACGGAAGGCACGGGGCCTCCCTACCCAGCGGGAGCCGTCACGCCCGCACGGGGCCGTCGGCGACCACGAGCGCGCCGGCCGACGGCGCCACGCTCACCACGGCCGCGACGACGCCCTGGGAACGGGCACTCGCAGACCAGCGCGGGCGGGCTGCCCCGCCGCCCGAGACGGGCGCCAGCACCCGCGCCAGCCGGACACAAAGAGGCCGGGCGCCACGGCCGTCCCACCACAGGCAGACGCGGAGCCCGGCCGGCTCCCCTCGCGGGGAGCGTGTGCCGTCCTACCCGTTCATACGCCAAACGGCCGCGTACAGTGCCACGGGGTCGACAGATCGTCTCGCCGGACCCGTTCGGGGCGGTGCGGAGTATGGCCTGGGCCCCTCCCCTCTCCGATGCTCTTCCCTCTTCTCGTCCCCGGCGGCACGGCCGCGGCCGGCTCCGGCTCCCTCACGCTGCTCATCGTCTTCGTCGTGCTCGCCATCGGGGTGAGCTTCCTTTGCTCCATCATGGAGGCCGTGCTGCTCAGCGTGAGCCCCGCCTACGTCGGCGCGATGGAGGAGACGAACCCGACCGTCGCCGCCCGCCTCAAGGCCCTCAAGGCCGACGTCGACCGCCCGCTAGCGGCGATTCTGACGCTCAACACCATCGCCCACACGGTCGGCGCGACGGGCGCGGGCGCCCAGGCCGCCGCCATCTGGGGCAGCGAGAGCGTCTGGATCTTCAGCGCCGTCGCCATCTTCTCGACCGTCCTGACGCTCGGGATCCTGATCCTGTCCGAGATCATCCCCAAGACGCTGGGCGCCGTCTACTGGCGCGGGCTGGCGCCGCTCGTCGCCCGGATGCTGGCCGGGACCGTGTGGCTGCTCAAGTGGACCGGCCTGATCTGGATGTCGCAGATGATCACCAAGCTGATCGCGCGCGGCGAGAAGGAGGGCGCCGTCAGCCGCGAGGAGCTGGCGGCGCTGGCCCAGATCGGCGCCGACGAGGGCGTCTTCGACGACGCCGAGAGCCGCATCCTGCAGAACCTCTTCCGCTTCCGCCAGCTCAAGGCGCGGGACGTGATGACGCCGCGGACCGTCGTGGTGGCGTACCCCGAAACCACGCCGCTGCGCGCGATCGCGTCCGACGGCACCCCGTTCTCGCGCCTGCCCCTCTACGGCGCCAGCCGCGACGACATCTCGTCGTTCGTGCTCCGCGACGACGTGCTCGCCGCCGTCGCCGACGGCCGCGCCGACGCGCCGGCCTCGTCGGTCGCCCGCGACCTGATGGCCGTCCCGGACTCGCTCTCCCTCCCCGTCTTGTTCGAGCGCCTCTTGGACCGCCGCGAGCACCTCGCCCTCGTCGTCGGCGAGTACGGCGGGACGGCCGGCGTCGTCTCGGTCGAGGACGTGGTCGAGACCCTGCTCGGGCTCGAGATCGTCGACGAGTCCGACGACGAGCACGACATGCAGGCGGCGGCGCGCGCGCGGTGGACGGAGCGCGCCGAGCGGCTCGGCATCGTGCCCATCGGCGGCCCGGCCATCGCCCCCCCCGGCGCCGACCCGACGATCGCGGGCATCACCGGCGGCCAGCCGCCCGACCTGGAGACCAGACGAGGAGAGGAGTAGAGGAGAAGAGGCGGGGACGGCCCAGTCCCCGAGTCGCCGCGCGGGACACGCTTCGCCCTCTCCCCGCAATCCCGAGTTCTCTCTTCTTTTCCTTCCGCCCTCTTTTCCTCTTCTCGTATCTCAGACGATGCGACGACTCGAAGACTTCGCCGACGCTAACCTCCGGGTCTTTGCACGGCCCCCGCTCCCGGCGCCCGACGCCATCCGCTCGGTCTACCTGATCGGCATCTGCGGCAAGGGCATGGGCGCCCTGGCTGAGCTGCTGGCGCAGGCCGGCTACGCCGTCCGCGGCTCCGACGAGGCCGCCTTCCCCCCGATGTCGACGCGCCTTGCGGCCGCCGGCATCCCGGTGATCGAGGGCTACGACGCCGCCAACCTCGACGGGCCCGACGGCCGGCCGCCCGACCTCGTCGTCGTGGGCAATGCGTGCACGCCGACGCACCCCGAGGCCGCCGCCGCCCGCGAGCGCGGGCTCGTGCAGGCCTCCCTCCCCGAAGCCCTCGCGCACCTGTTCCTGGGCGAGCGCGAGCCGGCCGTCATCGCCGGGACGCACGGCAAGACGACCACGACGGGCCTGCTCGTCCACGTGCTCACCGAGGCCGGGCGGGCGCCGGGCTTCCTGGTCGGCGGCGTGCCCGTTGGCGAGCCGCGGACGGCCGCGCGCGGGTCCGGCCCCGTCTTCGCCATCGAGGGCGACGAGTACGACGCGGCCTACTTCGACAAGCGGCCCAAGATGCTGCTCTACCGCCCGCACCGAGCGGTCATCACGAGCCTGGAGTTCGACCACGCCGACATCTACGCCGACTGGGACGAGTACCAGCGCGCCTTCCACGCCTTCGCCGCGCTCCCCCCCCCGCACGGGCTCCTCGTGCTCAACGGCGAGGACGCGGCGGTCCGCCAGCTGGCCGACCGGACGTGGGCGCGCGTCCGGCTCTACGGCGAGGAGGGCAAGGAGCCCGAGGGCACATCGTTCGACATCGCCGCGCGCGACCTGCGCGCCGTCGATGGCGGGCAGACGTTCACGCTCGTCGTCGCGGGCGAGGCCGTCGCGGAGGTGCGCCTCCCGATGGGCGGGCGGTACAACGCGCTCAACGCGCTCTCGGTCGCCGCCGTCGCGCTCGACGCCGGCGTCTCGGCCGACGAGGTCGCAGGTGCGCTCGGCACGTTCCGGGGCATGAAGCGCCGCCAGGAGGTCGTCCTCGACGGCCGCGTGCTCGTCGTCGACGACTTTGCCCACCACCCGACGGCCGTCGAGGCGACCGTCCGGGGCGTCCGGGAGCGGTGGCCGGGGCGCCGCGTGGTCGCCGTGTTCGAGCCGCGCTCGAACTCGTCGCGCCGGGCCGCCTTCCAAGCGCCGTACGCCGACGCCCTCGCGACGGCCGACGCCGTCTTCCTGTCGACGCCCCCGCTCCGCCACAACGACGACCCGGCCCAGTTTGTCGACGCGGAGGCCGTCGCCGCGTCCGTCTGGGCCGCTGGGACGCCTGCGACCGCGTACGCCTCCGCCGACGCGCTCTTGCCCGACCTGCTGGCGGACCTGTCCGACGGGGATCTGGCGCTCGTGATGTCGAACGGCTCGTTCGACGGACTCGTCCGCAAGCTGGCGGCGGCGCTGGAGGCCTGACGGACGCGCGGTGACCCGTGCGCGGCCGCCCGTACGGAGGGAGGGGCAGACCTCCCTCCCCGCTATGCGCCTCCCGCTCTGCCTCGTCGCCCTGCTCGCCCTGCCCGCCTGCGGCGACGCTCAGGATGCTCTCGACACCCCCGAAGCGGCCGAGGCCACGGATGCCGAGGCGCCCGAGCGCTTCGAGCCCCTCGCACCGCCCGCTCAGGCGGCCGCACCGGCGGGCTCGGCGGGCACGTTCCGCTTCCACTACGTCCGGGGCGCCAGCGACAACCGCGACACCACCGTCATCGACGGCTTCCTCCCCCCGCCCATCCCGCGCGAGGCGATGGGGTCGCTCGCCCTCGACGCCGTCCCGACCTACGAGGTCGCCGTCCAGCCCAACAGCATCTCCCTCGACGTCGACCCGAGGCGGTCGGGCTTCGTGTACGTCACTGTCAATGAGGTGGGCGCGGTCGAGGCCAAGGCCCGCACCGCCGGGTCGTCGCTCTCCGAGCGCGTGAGCGGCCTGTTCCGAGGCACCGCCTACGCCTTCTCGTTCCCGCCGTTGTGGGACACGGCCGAGGGCTCGGCGCGGCTCGCGTTCACCGACCACGAGGACGACTCGCCCATCGGCGAGATGACGCTCCCGATCTCGGACCGCCCCGTCTGGGCCCAGCCGCTGACGCTCCCCACCGTCCCCGAGGACACGCGCCTGACGTACT
CP177357.1_gap75	3080508	3083049	2541	TGCTCGAACTCGCGAGCGTGCTCGCGGGCCCGAGCGTCGGGATGTTCTTCGCCGAGCACGGCGCGCGCGTCGTCAAGGTGGAGGCGCCGGTGGGCGACGTGACGCGGCGGTGGCACCTCGCCGCCGAAGACCCCGCCGACACCCGGCCCGCCTACTTCTGCGCCGTCAACTGGGGCAAGGAGTCCGTCGTCCTCGACCTCGCGAGCGACGAGGGCCGCGACGCGCTCCACCGGCTGGCGGCGCACGCCGACCTCGTCGTGTCGTCGTTCCGCCCCGGCGGCGCGACCCGCTTGGGCGCCGATGCAGACACCTTGCGCGCGCTCAACCCCCGCCTCATCGTCGTCGAAGTCGACGGCTACGGGCCCGGCGACGACCGGCCGGGTTACGACGCCGTGGTGCAGGCCGAGGCCGGGTTCACGGGCCTCAACGGGCAGAGCGACGGGCCGCCCACCAAGATGCCCGTCGCGCTCGTGGACGTGCTGGCGGCGCACCAGCTCAAGGAGGCGGCGTTGGTGGCGCTGCTGGCGCGCGAGCGGACCGGGCAGGGCGCGACGGTCCGCGTGTCGCTGCTGGCGTCGGCCGTGGCATCGCTGGCGAACCAGGCCGCGAATTGGCTGACGGCCGGGGTCGAGCCCCGTCGGATCGGGTCGGCGCACCCCAACATCGCGCCCTACGGCACGCCGTACCCGACCGCGACGGGCGACGTGGTCCTCGCCGTCGGGACCGACCGCCAGTTCGCCGCGCTGGCGGACGTGCTCGGGCTGGCGCCCGACGCCCGCTTCGCCACGAACGCCGACCGCGTCCGTGCGCGCGACGGCCTCGACGCCGTGCTGACGGCGGCCCTCGCGACACGCGATCGCGAGCCGTTTCTGGCGGAACTGGGCGCCCGGGGCGTCCCCGCCGGCGCCGTCCGCTCGGTCCCCGACGTGTTCGCGCACCCCGAGGCCGCCCGGCTCGTCGTCGACGACGGCGACGGCCACCGGGCCGTGCGGACCGTCCCGGGCGAGGCGCGCGTGCTGTCGCCGCCCCCCGCGCTCGGCGCCCACACCCGCGCCGTGCTCGCCGAGGTGGCCGGGCTCGACAGGGCCGCCCTCGACGCGCTCGCCGGTCCCCCCGGGTCGCCTTGACACCTGCCGGGCGCGGCCGTTGACTGAGGCCATGCGTGCGCTCGCCCTCGCCCTCCTCGTCGCCGCCTCGGCGGCGGCCCAGACCGCGGCCGTCGTCGGGACCGTCCGCGACGCCGACGGGGCCCCGCTGCCCGGCGCCAGCGTCGTCCTCTCGGGCACCACGCGGGGCGCGGCGACCGACGCCGAGGGCCGGTTCCGGATCGAGCGGCTGACGCCCGGCGCGTACCGCGTCGTGGCCTCGATGCTCGGGTACACGTCCGCCGTCGAGCCCGTCCGCGTCGACGATGGCGGCACCGCGCGCATCTCGCTGGCGCTCGCGCCGACCGTGACGGCCCTCGACGGCGCCGTCGTCGAGGCCGAGCGCGACGAGCGCTGGGCCCGCCACCTCCAGACCTTCCTCACGGCCCTCGTCGGCGAGTCCGACAACGCCGACTCGACGCGCCTCCTCAACCCCCAGGTCCTCGAGTTCCGCTCGCGCTGGGGCACCCTGACGGCGACCGCCGCCGCGCCGCTCGTGTTCGAAAACCGCGCCCTCGGCTACCGCCTGACGTATCTGCTGACGACGTTCGAGGGCGGCCCGTCGAGCATCTCGTACGACGGCGAAGAGTCGTTCGAGGAGCTGGCGCCCGCGTCGCCGGACGAGGCCGCGCGGTGGGCGGCGGCGCGCGAGCGGGCGTACCGCGGGTCGCTGCCGCACCTGCTCCGTGCGCTCCTCGCGGGCACGGCTGACGCCGAGGGATTCAGCCTCGTGCTCGTCCGCGAGGACGCCTTCGGAGGCCGCCCGTCGTTCCGGACATCGCCCGGGCGCGTGATGGCCGTCGACGCCGACGGCTGGGGCACGCTGCGCGTCCGCGACCGACTCGAGGTCGTCTACGACGGCGAGCCCGAGGAGCCGGCGTACCTCCGCTCGGAGTGGTTCCGCGAATCGCGCTCGCGCCCCGACCCCGTCCAGCGCTCGGCGCTGACGGTCGACCGGGGCCGCGCCCGGATCGACCCGCGCGGCGTGCCCGAGGACCCGTTCGCCGTCTCGGTCTCCGGGCATATGGCGTTCGAGCGCCTGGCCGACCGCGTCCCCCGCGGGTACGTGCCCGCAGACTGAGGGCCGAGGAGTGAGGAGGCCTGGGCCGCCGACCGACTACCGCCGCTCGCCCGCCATCCACCGCCCGCCGAGGACGGTCGCCGGGACGAGCGCGAGCAGGAACGCGAGGTGGTACCACGCCGGCAGCAGGGCCCACGAGGCCATCTGCACCGGGATGCCGGTTGCGAGCAGCAGCACCGCCAGGACCCACACGTGACGCATCGGCCGGCGGGGCGCCAGCCGAGCGGACACCGCGCCGGCGCCTACCGAGGCGATCACGCTCAGCGTGAGGTACGCCAGCAGCACGCCGACGCGGTCGGTCCTGCCGTCAGCGTC
CP177357.1_gap76	3151982	3154356	2374	GCGGCAGCAGCCCCCGCGCGCCGACCGCCCGGTCCACGAGCCGCATCACGTCGAGGCAGACGGCCTCGATCGCGCTCCGGACGGCTTGCGCGTACGTCACGACGTCCTCGACCGAACCGGTCTGTGCCAGCCGCGCGGCGCCGAGGAGCCACAGCGCGCCCGTCTCCAGCGCGACCGACGCCTCGCCGATGCGCAACCGCTGCGTCTCGTTGTCGGTCCGCCCGAGTTTCTGCAAGTGCGCGACGGCCGCGTCCACGAGCGCGACGGCGCCGCCGAGCTGGACGGCCGCGAACCGCACCGAGCCGCCCGTAAAGTGGGGCTCGCGCAAGTAGTCGCCCGGCTCGCCGACGAGCGCGTGCGCGTCGAGCTCGACGCCCGTGAAGTCGCACCGGCCGCTCCGGCTGGCGCGCATGCCCTCGGCCGTCCACCAGCTCGCGTCCTCCGTCACGTCCGCGCGGTCGAGCGGGACGAGGGCCATCTGCCAGCCGCCGTCGGGGAAGGCGCCGTTCGCGAACGCGCGCGTCACGAAGCCCAGGCCGGACGCGAACGTCTTGGCCCCTTCCATCCGGGCGCGCCCGCCGGGGAGCGGCGTCAGCCGGACGCCGTCGCGCGGGATCTCGGTGTTCCACACGCCAAACAGGTGGCCGTGCCGCGCGTCGGCCGCGTACCGCGCGCGCTGGTCGGCCGTCCCGTACGTATCCACCAGCGCCAGCGCGTTGACGTGCCCCTCGTAGACGCGCCCGACGGGCAGGCTCCCGCGACCGATCTCGCGGAGCACCAGGTACAGCGCGTGGTCGCGCGCCGGGTCGGTCCCCAGCCCAGCCCCCCCCTCGCTCACGGGCAGCGGCGCCGCCAGCAGGCCCGAGTCGCGCAGGTCGTCGAAGGTGGCCTCGGGGAACGCGCCGGGCTGGTCGTCCTCGGCCGCGCGCCCGGCGGCGCGGTCGGCGACGGCGCGCGCGGTCGCGACCCAGTCGGCCGGCGTCTGAAGGTCGGCGAGGTCGCGCGGAGCGGAAAGGGTGTCGATCATGGCTAGGCGGCGAGGGGGACGGCGGGGGCGAGGCGGCGGGCGCGGTCGAGCCGCTCGGCCAGCGACAAGCCGGCCAGGCGCTCGGCACACGCGCGCAGGTCGGCGATGGCGGCGGTGATCGGCTGGTCGCCGTCGGGCGTCGTCGTGAGCGCGTCGGGGGCCGGGTCGTCGCGCTTGGCGCGCCACAGGCCGAGCGCCGCCAGCCGCATCTCGGCGTCGGCGGCGGATTCGACCGTCGGCTCGCGCCCGGCCTCGGCCTCGCGCGCCCAGAACGCGAACGCGTCGGCGAGCCCGCCTTCGGCCCGGCCCACGCTCCGCGCCGACGTCCGGACGCGGACGCGGTCGCTGTGGCGGACCGGCACGCCCGCCGCGACGAGCGCCCGGTACAGCGCCACGTCCTCGGACGTGCGGACCGGCGGGAGACCGCCCGCCCGGGCATACGCGTCGGCGCGGACGGCGAAGCTGGCGCCGTAGTGCTGGTGGTGGCGGGGGTACGGGTCGTGCGCGTCGGGCGCGTACAGCCAATGGAGCCGCTCGACGGCCCGGCGGTAGCCGAGGTCCAAGAGGTAGCTCCGGCGAACGCCTGGCGCGAGCGACGCCCGCTCACCGGCGTCGAGCCCGATCCGCCCGCACACGGCGCCGGCCCCGCGCCCCACCTCGGCGACCGTCTCGCGCAGCCACGACCGCTCGGGCCGGGAGTCCGCGTCGGTCGACAGGATCAGCCCGTCCGGGCGGCCGAGCGCCAGCAGCCGCGCGCCGGCCGCATCCGCCACCAGCTGGCGGGCCCGCCCGACGTGCGCCTCGGCCGGCGCCAGCTCGACGACGCCCACGCGGAGCCACGGCCGGTCCGCCGCGAGCGTGTGCGCGACCTCGACGGACCCGTCGCGGCAGTTGTTGAGCAGCACGAGCGCCTCGACCGACCCCTCGCCCCAGCCGTCGGGCCGGCCGAGCCCGTCGAGCGCGTCAACGAGCCCAGGCAGCCGGGATGCTTCGTCGCGAGCGGGCACCACGACCGACGCTCGCAGGGCCGGGTGGGGCGGGGCGAAGAGCGACAGCGGGGACATGCGAAGCGGCAATCGGATGGGCATCGGGACTACCCCGTGCGCCCGGAAAAGAGCCCGCCCAACCCCTCCGGAATTCCCGCACAGCCCTCTCAGGGCCGACGTGACGCTGCGTGCGCTACCCCCGGAACGCCGAGACCACGACGCCCGCCAGCTTCCCGACGCTCGGCGAAGTCGCGAACTCGGTCGCGCGCCGCGCCGTCGTGTCGGCCGTCTCGTTCGTCACGAAGTACAGCGGGGCCGGGGCCGCGTGCATCTCGCCCAAGAGGAGCGAGCGCGGGAACGG
