gap_id	start	end	length	sequence
CP178619.1_gap1	54606	56101	1495	TCCGGGATCGTATTCACTGATAAAGCATCCCCCCTGATCCAACACCGGTGTCATCCACTCATTCAAGCTGGCGGGATAAATCTCATCCAGCCCGGAAGGCAATATCACCGCCGTTTGACAATTCTTTCGAAGCGCCAATGAGTGGGCTTTTTGGTCAACTCCTCGAGCACCTCCACTGATCACCAGCGGCAGTTGCGCATCCAGGAAAATCGACAACTCCTGCTCCATCCACCGCAACGATTCCGCACTGGGTTCGCGACTCCCCACAATCGATACGGATCTTTCGATCATCCACACCGGTGAGCCCCGGTAACTCAGCACTAACGGGGGATCCGCCATGCGATAGCACTGCGAGGGATAAAGTGATTCACCATAAACGACGAATTGAAAGCCCTTTAGATTCCAGCGCAAAAACTCGCTGCGAAAATCTTTGAACAGAGAGTGATTTTTATCCATGAACTCCCCCAGCATCGGAAAGTACTCGGCCAGGGCCTGACGAAGATGAGTCTCTGTCAGGCACTCAAGGCGGGCCAAGCGCAGATATATCTGGTGAATTTCATCCCGATGAAGGCTGTATAAGGGGTGTGACTTTATAAGTTGAGAGATGGCGAGAATTTCAATCATAAAAAAAGGGCTCTGCAATTCTGCTGAGCCCTTCAATTATTTTACAATTCCAAATCAAGATCCTCAGATCCGGAGTCCGGCGGTGGCGTGACTTCCGGCGCCCCCTCCAACTCAAACTCTGTGTCGAGCTCACTTGGAGATTCAGGTGAGTGACTTTCAATGACCGGCGCCGCGGAAGCTGTCTTGGCGCCGCTGTTACCGACATAGTCCCCCAGCTTCACATCCTCGCTGGCTTTCGTCACGTATGCCGTCGCAAAGTTCGGCGTGGCCTTGACGATTTTCACACTGCCGATAGCACGATCATTCATGACCGCCTTGGATTCACCGTTACGAAGAGCACTGTCCGCGAAGATCGTCAGGTTCTGACCTTCCTGTAAACCACGTGATGTGCCTGCATCCAGGAACACCAGTTCATTCACTCCGAACAAACCGCGCTTCGTGATCAATTCGCCACCCATGATTTTAGCACCTGCAGAGTTGTTCACCACCCCTGGGCGAGGATCAATCATCGGCACCTTACCCGGAATCACCTGCGCACCGACTTCAATAGGCTGAATCGCCTTTTGCACAATTGCGCGATACAAATTCTTGGTAGGATTAACCTTCTCCATGATTTCCAGCTCACCTTGGATTTCCACCATCTGAGCTTTGCGGCGCTTGGCTGCAGGATCAACCAGCTCACCAAGATTCTTTTGCACAATATAGTTCTTTTCAGGATTGCCGGTGATCTCCACGTACACGATCTGATATTCGTTGGCGGTCTTGGAATCCAGCTCAGTGGAAGTTACTTTACCGGAGCCGACGATTTCACTGTCCGCGATAAAGTAGCCCAGATACTCCGATGGTGTTGGCATATTGATTTTGCGATATT
CP178619.1_gap2	57545	59619	2074	TTTGCATGAAATTTAAGCACCTCGTAAGCTCATGTATTCACTTAGTAAATCATAAAAACAGCCTCTTTTTTAGAGAGCTCAATTTCAGATCTTACAATCCGAATGAAACGGACGCAGAGACCTCAAGACAGAATATTTTAGAATCTGCGCTGGGAGCGAGTTTTGCTAAGTATACGAATTCATGATTATTATACTTCTACTTGCTGCGGGCTTAAGCATTTCATCTTCCAACTCATTGCTGAATAATGCATCACGCCTTTCACAGAGTTATCAACAAAAGTGTCTTACACTCGTGCCTCTCGAGTCTGAAAACCACACTGCATTGGCCTCAATCGTATGCGGTGAGCAACTCCAAGATCAGAACCTGAAACAGAATTTGCAGAAAACATCACTCATCCATATCTTCGTGATCTCCGGTTCACATTTACTTTTGCTGGACGAACTCTTCGCAACTCTGCGCGTTCCATTCTTTGTAAGATTCTTACTTTTGAGTCTTTACTCTTTAGTCGTTGGATGGCAACCACCCGCCGTAAGAGCCTTGTCAGCATTGGGTTTGCGCGGATCATTCAAAAAACTTAAATGGCTTTTTCCTGCGGACACGATGACGTTGATTGCGGGTTGTTTCACACTTTTACTATTTCCAGATTGGTGGAATTCCACTTCATTTTTGATGAGTTGGTGTGCCGCTCTTGCACTCAGTGGTGTTTCACTTTTAAAAATTAAAAATTCTTTACATCGACTTGTGTTCACTCAAGTGAGCATTTTTGTTTTCATGATGGTTCCACTTTGGGGCTTGAGTTCCTTACATCCACTTTCTCTCCTCTATAATCTATTGCTAGGGCCTTTGGTGTCTTATCTCTTACTACCGCTAGGTTTTCTTTCGATCGCATTCCCGATCACTGCTGGCGTGTTTGATTTTGTGATCGAGTTTTTTTCTTGGCTGCTGGTTTGGACATCTGAACCTGTGCCCACAGCTAGGGCCTCCACTGTCTCGACCACCTACCTGTGGGTGTGGATATTGTCCTGGCACGTGCTGTTGCATTTTCTTCGTTTGAAATTGCGCCAGGGAAAGGATTCCGCATGGTCCGCTTCTTAGGGTTTGCGTGGATCTCTTTTCTTCTGATTACTTTTAGTGCAACCCCGGTCGGTAATCGCAATGAGCACCGCGGTGTCATCGTTTGGAACGTGGGACAGGGATTGTGGATAACCGCTGTCGAAGAAGACTACTGCCGTCATTTTGATGTGGGTGGCGAACGATTCGCCTGGGGTAAAATTGCACGACTCTGCCGAAGTAAAAGGAATTTCATCTACCTTAGTCATTGGGATTGGGATCACATCGGCGCCCTCTCCCGCTGGCCCCGAAGTTGGGAAACTTGCATTGCTTTGCCACCCATCGGCAAATCGTCTGCGGGAAAAATGAAATTACTAAGCGGTTTCAAATCCTGTCCGGGGACTATGAACCTGTCAGTTTGGAGAGGTGCACAGGAGTACACGTCGTCAAAACCCGGCAAGAACAAACGAAAGGACAGCAATGGTTTAAGTCAGGTCGTGCGCTATGGGGACTTTCTTTTGCCCGGAGATTCACCTGTAAACTCAGAAATGCATTGGAAGAATCTACCTTGGGTCCCATCAGCACGCGTTCTCATCATGGGCCACCACGGCAGCCGCACCAGCACTTCGGATGAACTGCTACAACGACTGCCGGGCTTGAAGCTTGCCATCGCCTCAGCCCGCTACGAACGCTACAAACACCCTCACGCCGAAGTCGTGCACCGCCTGAAGACCCATCACATCCCCCTGCTGCGCACCGAGGACTGGGGGAATATCTGGTTTGAGAAATAAAAAAAGCTCCGAGGTCTCCGAAGCTTTCTTTGTTTTGGATATAAACTTAACCACTACCAGAAGTAGGTCACGCGGGCCCCGAACTCGCGAGGCGCGTTGACTTGGTAAGCCTTAAAGCTTGAGCCGCTGGCGTCGAAGATCACGTACTTTTGATCAAGCACGTTGCGGATGAAGAACTCTGTGTTTAAATTCCATTGTGCCAGCAAGTAACTTAACGATGTATCCAGATACC
CP178619.1_gap3	64196	67665	3469	GTCATTTCTGCAGAGGTTTGTTCCGCCTGTTTTTGTTCAATACGCAAATCCGAGAACAAAGTGTTATGCATCTCTTCCAGAAAATTTCCCAGAATGATGTCATCCATGCCCGTCTCTTTTTGGCAGTCGATAAAAAACTGGCCGGCACTTTTCACCGGCATTTTGATTCCATCGACCACGCGAACAATGGAGTCCGCCTGAACTTTGATATCTGTCCAAATCCCCTGCCAGCCCTGACAGTGGTATTCAATTCCATTTTGCAAAACGAACACAAAGTTCTGACCGTCCAAAGTGACGGCTTTCAGAACCTGTTCATAGCTCAGCTCCTGAAGGCTTTTAGCCACCAGGTTCTGATTCACCCGCACCCATGCGGATCCTGAATGAAGTGTGTTCGCTGTCAGATTCACAGGAAATTCCCCATAAAGAATTTTTCACGACGGCATTCAAGTAAAGCCGCACGCTTATGAGGGAAATCAAACTCCTTCACTTTTCTCCAAGCCGGGAATGTCTCGACATAACGGATGATACGTTGATTGTCCGAGCGCGGTTCCGCCATGATTTTACGAGTGCGCGGCTCTTCCAGGAACAAGTAGTGACTTGCTGATTTCAAAATCGCATCGGTGTTATTAAAACCCAAATACTCTTTGTTACCGATCAACAAATGGAAACCACGATCGAACGCCTCTGATTCGTAGTAAGGACCCAAGCGATCTTCCAATGTCCAATACATTTCAAAATATCCCACTGGCACGCCATCAAATTCCACAAATGTTGGAATCGAGTGCAAATCCACCAGACCTTTTTCAAGATACTCTTTAAGTTCAAAATCCGGTTTCGCTAGTTCCCAGAACTCTGCAACATAGGGCTGATTGTGCCAGAAGTGGAATGTTTGAAGATCGCGCTCCACATCAACCACTCGGAAGCTGACTGTTTTACCAATGCTTGGAACAAAACGCGAATACAGCAAATCCCCTGGACGAGGTTGAGGGCGCACCGGATGATACACCTGCCCCGTGTGCATCCACTGTTCAGGAGCCACGGACTGTTTTCCGAAAGCGCACCACAAGGATGGGTTCTGGAAGAAATCCTGGCGAAGAGTTGTAGTTTGATTCACAGAAATGGATTTCAACTCGGGCTTCAATCCAAACAGATGCTCCATCGCCACCATGACTGATCCTGGCGCCGCGTTTTCTTGGACGATCAATTGGGCTTTGTCGGCTTGCTCTTCAAGGTGAAATTGAACGGTTTCATTTGCTATCACCGTCAAAACACTGCCAGCGACTTCCGCCTGGTATTGAGTGCCTTCCTGAACATGCAAGTAAGTGTGTTTGCTCATAATACGTCCTAAGCCTTGACCGCAACAGCTGCGATCGGGTTTTTAATCAGGTTGTAAATCGACAATGGGTTTGTCGCGGTATTTTCATTCATATTCTGCAAACTGCAGGTGAAGTTTCCTTTGTGCCAAATCTCCGCCTGATCCAAAAGGTAGTTCAAGCAGGAATGATCCTGTGGATTCGTGTCACGAATGGACATCAGGAACTTGCGCAAGTCGCGCACCAGGTCTTCTTCACGCACCCAATGATCGGCAGCAATGGCTGCTATCACATTGAAGGTGGAGTTGATCATCAAATAGTAGGCAAACAGAATATTCCCTTTATCATCCAGGATATTTCCGTTCTCCATTTTCAGACTGGCCACATCTTTGCCATACAAAGAGAAACCAAAATGGCTGTACCCCGTGCCCTGACAATCGCGGAAGTAGGCTTTTTCAGGAAAGTTAGCCTTCAGGCTTAAAATCAGATTTTGCTGATGGGCCCCCAATAAGATTCCATAATTGGCCTGCGCCAATACCAAAGGTTTCACGGCCACTTCCAGGTAACGCGCAAACCATTGCTCTGAAATTTCACTTAACGGACGACCCGTCTTTTCAGATTCCTTGCGAATGGACTTTTGAATCAGGTTTTCGCCACCCAGCGGGTTGTCCTGCGCCAATGTTGAAAGCACCACGGCTTCTTCGCGGTTGCTTTCCGTGAATGGATTTTCGCGGCAGACGACGATGGATTCCGTCAAAATTTCACCTGACGGATCCTTGAGTGCCATGAATGCCGGTTCAAAAACCACCTGGAACTGAGGCTGTTTGCGCGAAAACTCCTGGGCTTTGGAGGTCATGAAAACGTCATATACCTGCAACCCACGCACGACTTCCACAGCTGTCAAATGACGAATGGAATTGGTAAGTCGCAAGGTCAAAGAAAACTTCATCATAAATGGCGAGTGGGACGCATAGATGGATCGCAATGATGTCGTCGGGAACCAGGGCTTTTCAGCTGCTCCCAGATCCAATAGCGATCCCTCTTTCAGATAATTCTGAACAACCGGATTTTTCAGTAAGTGCTGTTTTTGCCATGGATGCACCGGGAATGGGATATAGCCGGCTTTCAGTTTTGCCGTAGCCACTGCAGAACTGGAATAGTCTTTTAAAAAGGCATCCAAAGTCCATTGTTCAATCTGGAACTTTTGGGCTTTTTCATTAACGACCGTTTCAGGTTTCGCCAGGAACCAATGCAAAGTGAACTGCCCGGCCATTTCCGGTGAGTACTGGCGATAGTCGGCCTCATCAAAACCTTCACGCATTTTTGGATAAGGGTGAAAGTTATGGCCGATCATCAAACCCTGTTCCGCTTGCTGAAAATTCATAGGTCTCGCATAAATGGACTGCAAGTCCGCCTTGCGATGACCCAACGCCAGCTCGATATTTTCCACACTGTTTTTCAGGCGATCCATAAAAACCGCATCGTTGCCGGTGCTGTTTGGAAAAACCGCTGTCAGATGCTTGACTAAAACTTCCGCCACCGTCAAAAAATCAGTGGCCTTCAGAATACCGGCACTGTGCACATAGAAGGTGGAAGAGTATTGATGGCGGCCCATCAGGGAATTGCGGGTCAGAGGCAAATACAGTTCGTCTCCGTTGGTTAATTTTACGGTCAGAGACTCTTTGCAGCCCGTCTCAATTGCAATCTGATTCGGCGAGGATTGAATTGCATAATCAAACCATTCCCTGAAAAGGGAATTGAAAAAACACGAAGCCGAATGTCGAAGAGAAAGTTCACGCAAGTCCATATTATGTCTCCACCGCAGCTGAAAAACGCTGACGATATAAGATCGCAATGCTCACCATCATTAATAAAACCAAAAAAACCATGAGCGACTCGAGCGAAAATGCCTGAGCCTTCAGAGTGATCGCAGCCAGTGAACCACCAACGGCATAACCAATAGTGTTGGCGGCACTGACGATACCTGCTTTGCGCCCCAACCCCAGATGGACTGAATCAACAGTCGTCATCAAAGTCAGATAGCATGGCGGCACCAGGGCAATTCCCACCGACAAAAAGAAAATGGCCGCCCATAAATGAGACTGCATATTCATCACGAGCAACAGCACGGATCCCACTAATAAAGTCAAAACGCC
CP178619.1_gap4	76675	77999	1324	TCTTACCCACTTTAGGCAACCCGGAAAGCGCCTTGGCGTTTCCAGCCTCGATCATTTCCTGAATTTGCACAGGACGACCACCCGACAAAATACTCAGGGCCATTTTTGGACCGACCCCGTTAACTTTTAGAAGTGAAAGAAACAGATTCTTTTCCTCTTTGTCGTGAAAACCAAAAAGCGTCAGGGCATCTTCGCGCACATGGGTATGAATCCAGACGATGATGTCCTTGCCCAGCAATGTTGTGAAGTCACCCAAAGTATTGGAGGAGGCAAACACCTCATAGCCCACACCTTGCACATCAATCAGGGCTGAATCCCCCAGAACTTCGATAATTTTTCCGCGCAAATAACCGATCATATACTCACCGCTTTTTGTAAAACTGCGTTCTTTTTCATTTCAAAGGCATGGTAGCAAGCCATGGCCAATGCATCCGAGGCATCGATGCGATTGATGGACTTAATCCCCAGCATGGCCAACAAAACAGCCTGCACGTCCTCTTTCGAGGAGCCACCATTGCCGGTGATTCCTTTTTTAACGGATCTCGTGGCGTATTCCGCAACGGAGGCTTTACCCAAACCGGCTTCATACATCACCACTCCCCGCACATGCCCCAGCTTAAAGGCGCTGTCGGCATTTTTGCCCATAAAGATTTTCTCGATCACCACTTGGTGGGGACGATATTTCTCCATGACTTCGCGAAAGGCCAAACCAAGTTCAGTCATGCGCGAGGCAAAGTTCATATCCTCCTCCAGCAAAATAACACCGTGATTGATGTGTTCAATTTTGCCATTGTTGATGCGAACCACGCCAAAACCAGTGATGCGGGAACCGGGGTCAACCCCAAGAATCGTCAAACTCATACTTTTAATTTCATTCCGAACGTATTGCTAAGTCAATGAATGTGCACTAGAATCTGAAGCATGCCGAAGATTGAAGCAAGCGCTATCGAAAAATATCAGACTATCCTCGCAAAGGATCCAACTTCCCAGGTGTTTGCACCGCTGGCGGAAGCTTATCGCGAGATGGGCATGATGAAAGAGGCCTTGCAGGTTGTGACTTCTGGCGTTCAACGCCATCCGCAATTTGTCGGAGGATTGGTCACATACGCTAAAATTTTGCGCGATGCAGGCCAAATCGGCCGCGCTATCGAGGCCCTGAAAAAGGCCACAGGCTTGGCTTCGGAGAACATCCTTGCTCATCAACTGCTGGCCGAACTTCAACTGGCCAACAAGAATCCAAAGGAAGCTTTAAAGGCCTTCAAGATGGTTCTGTTTTTGAATCCCAACTCTCAGTCCGCGCAAAAAGCCGTGCAAAAACTGGAGT
CP178619.1_gap5	164867	168350	3483	GATAAATGCCCCCGGAAACAATTGCCAACCACTCAGCCCAACTGCGTTCATGCCACAATCCATAGGCCTCGACAAATCGCAATGCTGAATACGCCAATGCCAACAGAGCCAGCTGCCGGAGTATCTGACTGTGTTCCTTCAGCGCAGTGAATATCGATTTATAAAAATGATTGTGCTCGACTCCCAGGTAATGGGAGACCTGAACACCCACTCTTTGAATGTCCTGCCCCATCAAACTTAGAATTCCGATACTGACAAAAAGCACCGCGATGCCTTTGACGGCCTCGATGGAAGCAATCAATTTAATTCCACTCATAGCATCACGCTGCCTGTATCCGCGTATTTTGACAAGGAAGAAGCGACACAAGTGCGAACTGATTTTAAAATTTGTACTATCATTCCATGGATGCAGAAGCTTCACGCGTTCTCAATTTCTGGTTTGAAGAGCTAAATCCCGAACTCTGGTTTGCAAAAAAGCCTGAACTGGACCGGGAGATTCTTCAAAAGTTTTTGGGAACCTACAGAAAAGTAGAACGATGCGAGACATTTCGCTGGCGAGCAACGCCTCGCGGGCGTCTCGCCGAAGTTATTGTTCTGGATCAATTCTCTCGTAACATTTTCAGAGACACCCCGGAAGCCTTTAAAAACGACGGCCTCGCTTTGGCCCTCTCACAGGAAGCGATTGCAACCGGGGACGATCAAAAACTGGATCGTGACGAACGAGTCTTCCTGTATATGCCATTCATGCACAGTGAATCAGATCTGATACACCAAGAGGCTGTACGTTTATTCTCTCAACAGGGCCTTGAAAACTCCCTGGAGTATGAACTGGAACACAAGGTCCTTATCGACAGGTTCGGCCGCTACCCCTATCGCAATGAAATATTGGGACGGCCTTCAACGAAAGAAGAACTGGCTTACTTGAAGATGCCGGGCTCGGCCACCTTTTAGGCGGCCTTTTTACCCACGACTTCCACAGCGATATTATTGACCATCAATTCAAGGTTGCTGGCTTGGGCAGACATTTCTTCTGAAGTCGCAGCCGTTTCCTCTGCCGCAGCAGAGAACGCCTGAGTTTGTCTTTCCAATCCTTCCATCGATTTGTAGATGGATTGAATTCCCTCTGTTTGGTCACGAGTGGTATCTGCGATTTCCTTGTTCAGGATGCTGACTTTTTTCACAGAACTGACGATCTCATTTAAGACTTCATCACTCTTTTGTGCCAGATCCAGGGAAATTCTTGTTTGATTCACGTTGCTGGTCACAACCGCTTTTACTTCCTTGGCCGCCTCCGCAGATTTTAACGAAAGCGTGCGAACTGCATCCGCCACCACGGCAAAACCACGGCCCTGCTCTCCGGCCCGGGCAGCTTCCACCGCTGCGTTCAAGGCCAGTAGATTTGTCTGAAATGCGATGTCATCAATGATGTCCATCGCCGAAGTGATTTCCTCAGAGATCTTGGACATGGCCGTAATGGATTCCATCAAACGACGAATCTCATCAGCGCCTGTGGCAGCCCCTTGCTCCGAACTGTGCGCAAGACTCGCAGCCTGGTTTGCACGCTCCTGATTGGCACCAACCACCTCGCTCAGCGTGCGTACCGCACCCAGCGTGTCTTCAATTTTTGCAGCCGACTCGACGGATCCTTGCGCCACGTTCTGACCGGCACTAGAAAGCATGTTTGATGCTTCCTTCACTTGCTTGCTGGCATCGCTGGTATCAACAACCGTACGGGTTAAGAACTTCATCAATTTATTTGAGAACATCGCAAAAACCGCAAAGGCGATGAACGAAGCCAGACCGAATCCGATCATGACTTTCAAGCGCACTGCGGCGACCATTTTTTCAACGTCATCCACATAGACGCCAGTACCAACCACCCATTTCCAAGGTTTGAATTGTCTGACGAAACTTATTTTAGGCACTGGATCGGGCGAGCCTGGTTTCGGCCACATATAATTCACGAAACCTTCTGCCGCAGGTGTTTGCGCCATCAACGCAAACTCTTTGAACAAATGCACGCCGTTAGGATCCTTGATCCCACCGGCATCTTTACCATCCAACTCTGGCTTAATTGGATGCATCAACACATTCGGGCCAAAATCGTTGATCCAAAAATATTCACTGCCGGCATATCGATACTCGGAGATCGCCGCAAGCGCCAACTTTTGCGCCTCTTCTTCGGTGATCTTCTTATCCTCGAACTGCTTGTAATATCGTTGGATTGTATTGGAAGCGAGATCAACGGTATTGCGTAACATGACCTTGCGATCCTCGTACATGTTGTTGCGAACCATCGGCATCAAATAAAACAACACAATCGCCCATAGGGGAACCAGCGCTGCAATCAACAATGCCAGTGTTTTATAGCGATAACTTCGCCCATTCCATATACGTACACCCATTTCAGCCTCCAAATTAACGCTAAAATGATCGGGTGTTTCCACCCGGGGCTTAACAAGCTTGATTCGAAACTGAGTTTGTTCCATATTTTCTATTCAGGAGATCATACATATGCCACATATGCGTTTTCGCGGAATGAAAGCTGAGCAAGTTGCGAATTTAAGCCAGACCTTACCACAGCAGCTGGCACCGGCGATGGAGACAAGTGAGGACAATTTCTCATTTGAACTTATCAACACACAATATTTCACAAAAGGCCAAAGCGGTGGTGAGTATCCCTTCGTTGAGGTTCTTTGGTTTCAAAGGTCCCAAGAGGTGCAAGATAAAAGTGCAATGATCATCACTGAAAAAGTAAAAGCACTTTTTCCTCAAGATGATATCGCCGTGATCTTTATTCCTCTCGAAAAAAAGAACTACTACGAAAACGGCAGTCATTTCTAATTGCTAATGAATCTTTCTTAATTTGATAATTCTTACCGCTCTTCAATAAAGTCAGGTCTTTAAAACTTACGTAATAAAGGTCGGACTATGAGCGTTAAGATTCCTCTTTCGCCCATTCCTGTTTTGAATTTTGTCTCTGGAAAATTCAAAGCTGGAACGGGTTCTAAAATTTCTATTCACTCCCCGCACAATGGGGCCTTGATTGGCGAGATTCACCAATCTTCCCCTGAAGACATTCAAACTGCCATTGCAGACGCACGCAGAGCTCAGAAAGAATGGGCCGCGACACCTATTAAAGAGCGGACGAAAATTCTATTCCAGCTTCGTCAGATTCTATTGCGCGACATCGATGAAATTTCTCATTTAAAAAGTTCAGAGTCTGGCAAAACTTTTACAGAAGGAAAAGCCGGCTTGATGAAAGGCATCGAGGTTCTGGAATTTGCAACATCTTTGCAAAATCTGGATGTCGGCGGAAAACTGGAAGTTTCCCGGGGGGTAAGCTGTGAGTATCGCAGAATGCCTGTGGGAGTTGTGGCCAGCATCACGCCTTTCAACTTCCCGGCGATGGTTCCCTTCTGGACAATTCCAACGGCACTTGCCCTGGGTAATGCCTATATTTGGAAGCCCTCTGAAAAAACA
CP178619.1_gap6	326503	329047	2544	CAATCGTCAAACCAACGTGCGCTTCACCTTTGAAAACGGAGCCCGTTTTCTTTTTCTCCACATGTTCCTTTGCCATTTTATAAGCGTTTGCTGGAAGTGGGATGTATTGAACTTGTTTTGCCATTTCAGCAGCATTGTTCAAATAAAAATCCACGTATTGTTTAACATGCGGTTTCGAAGCAATAGCCTCTTGAGAAACGTAAATGAAGATCGGACGGGACAACGGATTGTACTCCCCTGACATCACCGTTTTCTCAGTCGGCAAAACGGCTTTTTTGGATGGAGCTTTTGGACCACCCACTACTCCCAAAAGTTTCAATTTATCTTTGTTCGTCAGGTAGTATGCGAACGGAAGATAGCCCAAGCCACCCTTTGCACCATTCACACCCGTCACGCGTGTGTTATGATCCACAGAAGCCGTGTAATCACCGCGGGAGGATTTTGATTTCTCAACGATCGCCTCTGTGAAGTAGTCAAAGGTGCCGTTGTCAGTGGAAGCACCGAACAGGGACAGTTTCTCGTCAGGCCATTTCGAGTTCACTTGTTTCCAAGTCATGACTTTGCCTTGAGCTTCCGGCTCCCACATCTTTTTAAGTTCTGCTGCTGTGATTTCTTTCACCCAGTCATTTTTTGGATTCACAACGATCGCGATGGCATCGAAGGCGATTGGCAACTCGTAATAAGTCACTTTGGAATCGCGGCACGCTTTCATTTCTTCTTTAGTGATCGGGCGTGACGCATTTTGGATGTCTGTTTCGCCACGGCAGAATTTTTTGAAACCGCCACCTGTGCCGGAAACACCCACAGTCACGCGAATAGCACCTTTAGTGCTTGCTTGAAACTCCTCAGAAACAGCTTCTGTCACTGGAAACACAGTGCTTGAACCATCAATTTTCACTAGGGATTCCGCTTTTGCGGCAAATGCGCTAAGAACCAAAGCGCTGGCGATAAAGAACTTCATTTTATATCCTCCGATATCTTGGATATCAGAAAACTAACAAAGTCCCAGCCTTAGAGGAATCACTTCCCCGTTAAGATTATGTCAGGGAAGTGTCAGGGCGTTTAGACGCGAACGCTCAGTCCGTCTTTCAATGCCTGCTTTTGCGCACGAAGAGCGGGAATCAACCCAATCAACACACCGACAAGGATCGCCACAAATATATAGACAAGTTCCTTCGACGCAATCGCCGAACCTTCCAGGTACAAACCGAAATTGTTTTGCAACCAGGGCTTCAAGGAGTACGTCAGTAACAAAGAAAGAATCACACCGGTTATAACGCCGACCACCGTCAAAACTGCCGATTCAAACACCAACAAGCCAACAATCTGGCCCGGAGTCGCCCCCACTGCGCGCAGAATCGCCATTTCACGACGACGCTCGTTCAGCGTGGTGGTCAAGGCAATCAGCATCCCCATGAACCCCACAGCCAACACCATCCAGGAAATAATGCGCAAAACATTTTCCACATAAGAAAGGCTATGCCATAGCTCACTCAAGGTCGCCCCAGGAATGATCGCCAGCAATGGCTCCTTCTGGTACTCATTGATTTCACGTTGCAGCTTCAGTGTTTCAATGCGCGATTTTGTGCCAATAAAAAAAGACGTGATGTTATCGATCTTGATATTTTCTTTTTTGATTTGCGAAGTCGGTGTTTCCTTGCCGGCAACAGGCATAGCACCATCTTGCCAGTCCATGTGCAAGGCCTCCATACCTTCCAGGCTGATATACACCGCACGATCCAACGGTGTCCCCGTCGGAGCCATGATGCCGGTAATTTTAAAAGGTCGGTGATCGTGATGAACAATCCCCTCACCCTTGGTCACTCCGTGCGCGATGACAACACTGTCTCCCAGGCGGTAACCCAACTGACGCGCGACTTCGAAACCAACGACGACATCCCACAATCCCTGAACTTCTTTTCCAGACTGCAAAGACACTTTTTGATCGCCACGGAAGTGGTAATGCTTAAAGAAATCGGAAGTGGTTCCAACCACGCGGAACCCACGATGACTGTCCCCCAGCGAATAAGGAATTGTCCAGGCAACTGCCGGATGTTTTTGTATTTCCTGATAAGTCTCAAAGGACACATTCTGTGTCGGCGTCCCTATATTGAACACTGTGTATAGAATCAACTGCAATGGACCACTGCGCGCACCGACAATCAAATCTGTTTTGGAAATCGTTTGCGTGAAGCCTTCTTCAGCGGCCCGTTGTGCACGCTCCACCGACAAAAACAATGCAACGCTAAGTGCAATTGAAAACACCGTCAACGTCGTCGCAAAAGCGCGATTTTTTAAAGATTTAATAGCCAGGTTCAAGAAGATCATCATGTTGTCCTGTTAATTGATTCCAGCGACACGGAACGGGTAAATAAGTTTTCAATGCCACGATCATGGGAAACAAAGACCACAGTCGTGCCATAGAGTTCTGACAAATCAAAAAGCAGCTTCAAAAATTTCTCGCGATGGTCAGCATCCAATGCTGACGTTGGCTCATCGGCCAATAACAAATCAGGTTTCCCCAACAAGGCCCGCGCGACAGCC
CP178619.1_gap7	337636	339538	1902	AGCTTGATGACGTGGCTTATGTTCGTTTCGCGAGTGTTTATCGTACCTTTAAAGACGTCCAGGAATTTGTTGAGACGCTTGAAGACGCTGAACTGCTTGATTTTGTCGATGCAAGTAATCCACAATTAAGCCTGACTGCGATGAACTTCGTTGAAAGCGAGAAAAAGCCAAATCATGAAACTGACAGCAAGACGACAAGCCCGGGAGCTCGCTCTCCAAATCCTGTTCCAAACTGAGTTCACGCCCACTATCAGCGTTCGCACGTTTATGGATGTTTTCGAAGAGTCTTATGACTCTGAGACGATCTCTTACGCCGATCTTTTGATCAAAGGTGTACAGGCAGATAAAGCCGCTGTGGATTCTAAAATCCAGGCTTCCAGTGCTCACTGGAAAGTCGAACGTATGGCCACGATCGATCGCAATATTTTGCGTATCGCCGTTTGGGAAATGAAATTCTCTGCCGACCCTATCAAAGAAAACATCGCCATCAACGAAGCCGTTGAGATCGCGAAAAAATACGGCACATCTGACTCTGCAAGCTTCGTTAACGGGCTTTTGGATCAAGTGAGCAAGGTCCACTAATGGCTTTGAATGTGCTTTCCCAAGCTGGCGCCCTGAATCCCGGATCTGATCTGTGGGTCGTGCCGCAACTTGGGAAATCACAATGGACTGGCAAGCTGGACTGGTATTTGAATTTCCAGCTGTGCAAGTCCTCCCGCCACCACTCCGCCAACGTTCCCGTTTTTTTGAACGAAGTGATTAAAGAAACGGAAATGCAAAAGTTCTATCGCCCGGTCGCAAACTCTGCACCGATGATGATTGCCACAGAAACCCTGCTTCCAAACAGATGGGTTGTTGTTGTTCCTTGGGACGACAATTTGGGCACTTGGTGTGAATCAATCTCCCAGGTTTGGAGTGGCTTGCAACAGCCCACGCTGCGTGTGTTTTTGCCACCTGGACAAAGTACCGGGAACTTTCAACAAGCCTGGGGCAAACTTCAATCCTTCCAGGATTTCACTGTCGTGCTTGATTAATCCTCCACAGTGGCTTCACAATGAAGTGAAGAGGATTGCATCATGGAACGTCTATCACAAGCTTTGGTCTCTAAAATCTCCACATTTCAAAAACGCCTTCAATCATTTTTGGAAAATGATTTCGATCCGCAATCTGAAGAGCGCGAACGCATTCAAACTGAATTCGAAGCGTCCCGTGACGAAGCACTGGTGCGCGGTCTTTCCCAAGGCTTACCAGAGGATCACATTGATCGCTCGATCGTGGTATTCTCCCGCCTGGCGATGTTATTTCAAGCCGGCATCCTTTTGGAAAATCACGATGGCAACTGGAAGGCTCAGGCTTTTTTTAACAAAGGTGTTTCTGAACTTTTCAAAAACAACTCCAAATCCTCGATCTCTTTGCCTAACGCCAGCTTGATGACGTGGCTTAAAACTGATGCCGCTGCAATATTGCGTAAGACCAATCTGCAACATCTGGATCCTGAAAACAAAACAACATGCCTGTTGATCAAAGTAACTCCTGATTTTTCATTCATTTTGTTCTCCGAGCTGCCGGACATCTGGTTGCAAAATCACACTGACAATGTTCGTCGTTCATTGATCAACGGATTTGCGGACTAACGAATGACTCCTGAAGCCAAAACCTACACCATCTACATTCTCTCAGACAGTACAGGTGAAACAGCGGCGACGATGATTCGCGCTGCTTTGGTTCAGTACTCCACCAAAGACATCAACATCATCCGCAGTAAAAATGTGCGCACTGAAGCTCAGGCCGAGGCCGTGATCGAAGAATGTTTCGAGCGTCGCGGAATGCTGGCTTACACCGTTGCCAGTCCGTCGCTGCGAAATAAAATTCGCGAGCACGCTTCCGGCAAGGGCATTCCGC
CP178619.1_gap8	522273	526132	3859	TGAGTGATGCTTCTGCTACCGAAGAGGAAGAGGATGAAATTACAGAAGAAACGGAAAGTACGCTTACCGATGAAAATGAAAAAAGTAAGCAATCACCAATAAACAAAAGAAATTTGGATCCTATGCCACCCTTTGAATCGAATGGCTCAGTTAAGGCACTTGTTCAAGTGAACATCACCCTTGATTCATCTATGGATACAGAAAAACTGGAAAAACAATTGAGATTACTTAAACAGTTTGGGGCAATTTAAAAAGATCTATAAAAAATCCCATTAGGAGTTGATATCTCTCTAATGGGATTAACACGCAGGTCTCTACATGAATTCTGAAACGTCTGCTCCAAAAGCATCGGCGATACGCTTGATCGTTTTGAATTGTGGTCGATATTTAGCTCTCTCGATATTGGAAATATATCTTCTATCTAGCCCAGTTAGCTCTGCAACATCTTCTTGAGTTTTTAAACCCAATCGATTTTTATGTTTTAGATATGCAGTTAAGAACTTAGATGAAAAATTCTTTTCTTCTACACTGCTATCCTTGAGCTCTAACTGTTGATCGATATCATCAATACTCATTGAATCTTCAGCAATTGTCTTACGACTTCTCACTCGATTGATCGACTCCATTATTTCAACAGCGGTATCTAATATATTATTTAATTCATCGACCTCATCCTCATCTAGCCCGGTCTCAGCTTTTTTAACTCGCAAGCTTTCTGCTTCTTCCATAAGTGACGCGATGGCTTTATGTTGATTTTGCATGAAATCGAAGAACGCTTTAGCCTCTTCACATTTCTTGGACGTTTCGGAGGCCGCCTGCATTATATAGGCATATACGTTTTCTGGATTTATTTCCTCTGGCTTAACTAATTTTAAATTAGCGTCCATCTTTACCTCCTTTGATAACTTTGAGCTGCGGTTTCTGTTGCTGTAGCATCTTTTCTTCGTACATTTTAATTTCCAATTCAATTTCGCGAACAAATGCTTCGACTGCAGTGATATCCGTCTGGGTTAATTTATTGGTTTTTTTTGCAATCACCTTAAAAATCCACATAATTTTTCGAACATCATCTTGATAAACAAAAACACGAATCCATTTTCCTTCGACAAAATCGAAGTTAAATTTGAATGCTCCAGCGACTTTTTCGTAATCAAATATGTCTTTCGTCTCAGGCCAGTATTTTAACTGCTTGAGCTCTTCTACGATTGAACGCTTTGCCTCTGCTGATAAACCAAGCTTCTCGCCATCTTTCCTGGCTTTCTTGGTGACATTGATTAGATATCTTACGCTATATTCATTGCTCATAAAAAGATCGTGCTATAAATTGCTACAAAAAGCAATAAAAGTCAATAAAATATTTCCCAAAAGGTATAGAAAGTATGCCAGATCGCATATATTTAACTTAATGGAGATTATACAGTAGGCCCCCAAAACTGCCAAAGCGTCTTTCCAAAACCATCCCCACTTTCAATCTCAATCCAATTCAAGACAGCTTCCATTCCTGCTCATACTCAGTCCATGTTTCGACTTCCTTCATTTTTAGCCTGTGGATGGCGAGTATTAGTGATAATCTTTGATTGACGCTTCCATAAGTTAGAAATAGCGCTGATTCACTCATTCCATAAGTCTGCGAAGAAAGCATCTTTTCAAATGCAATAATCACGCGAACTCTGAAAAAGCTATGAAATAGGAAGCGATTCTTGGACAACCTAACCCAATCAAGCAGATCACTTAATGCAGCCACAACGGACTTCAACGCATCAACAGTCAGCTCGTCGGTTGTTGTATTGAATGTTAAAGTCCCGGCCTCACAGAGATCACCGTAACGAACAATCGCAACCCCTCCTTCAACATTATTGTTCCGATTCCTAATATAAGAGAGGCCAATTTCAATTGATTTACAATGACGCTCAAAAGTCTTTTCACGCTCCTCCACTTCCATTGCTCTCGTTTGTAAATATAAAGTTAAAAATTACAAAAGGAATTCCGGCAAAGCTGACGATGCCGCTAACCCATTGTCCAAAATTTGCTAATCCCTGTGAGCATAGAGAGCCGATTGAGGAAATGCCAACGGATAAAAAATGACAGCCACCAACCCCAAGCCGACCAAAGTCACGAATATTTTCAAATTGCATTTGCTAATCACCCCAACCTCCTTCATGTAAACAAAATATTAATTTCTTAAACCAGAGGAGGCAATTCAGAAAAATTTAGATGCTCCCCAATTTGAAGTTCGCGCCTCATACAACAAATTTGCTTGAGCCGTCAAAATAGCTCGAGAAATGTCATCTATGTGGGAAGCGCCACTCCAAGCCAAGATAACTGCGATGCTCCATTGAACAAGACCGTTAAGACTCATTACTTATCCCCATTGATAGCTATCTGTTTGGATTCAAACCTTGCGACGATCTTCTTAACCGCCTTATTGTGCCACGCCTTAGCCTTTCGAGGCTTTAGCCTCTTCGCATTGAGGTAATGAGTGATTTCATTGGCACCACACCCCTGTCTCCATTGGCGATGAATTTTGAGTAATACGTCGTACTCAACCGGGTTCTCGACCAAGTGTCCTTGAAAGTAACAATACCCAAACAGCGGTGGACTTTTCTTATTTCGATTTCTCCATCGCACAACGTCCTCAGGGGAAGGATCCTTTGGACTAAATTCCACGCCAGCCTTGAGCAAGTAATTTCTGGCTGTGGTTTTGGAGATATTCAGTTCTTTGCAGATATCGCGTAAAGAAAGGCCTTTTTTATATAGCTCTGCACCTTCTCTCGAATTATCTTTCTTTATTTGAAAATATATCTTAATAAAATCAACGATTTGAAAAGGTTCGCATAATGGATGAACTGGGGCGACCATTATATGTATTATGTGAACCCTGGGACGACGAGTTCCGGGGTTTTTCTTTTTTAGCTCCCTCACGGAAACGTCCGGCAGCCTCGATAACATCTGCCTCGGCACGAGTATTCATACCGAGCCAACATTGCTTTTAGAAGAATACCGATAGCGAGTCATTGTGTTGCACTCCCGTCCCGACAGGGACCCCCGAGAGCTAGTAAAGCCGCAGGCCATTCTTCGACCATAACTGTCTAAATATTTAACACAGACTCTCGGCCTTCCTTGGAAAATAATGGTGTTTGTTTGAGCCAACGAGCCCGAATCTCATTTAGATGGATTTGATTCAACTGGGTCCGTTTTTGCACTGATCTTCAAGGATGGGCGGCTTTGTACCGCAAATTCAATGGAGATACCGATGAATAAGCCAATGACCGTTGTCCTTGTAGCAGCTCTCTCTTTTGGAGGCGTAACGGCACTTCTTCCGACATTCTCATTGGCCGCTCCCACCCAGAAATCCCAATCCGGCATGAAGGGAATCCAGCTTGATGCGAACGCCGTGGTGCCTGAAATTGTGGCTCTGGGAATTCAACCACAAGTTTACAAGGTCATGCCTCCTCGCTTAAAAGAACAATCATACGAGGAAGACCAATATGTTCTGCATATCATTCTTGGCCACTTGACCGTTGATCAGTTCGAAGAGCTTAATTCTCTTTATGGCGCTCATAGTTTCGTTCAATATGACTCTAAGAAAAACTACAACCTTATTGATTTCCTACCCCGGGCTATCCAAGCCACTGTGAATAAAACCTTTACTCAAACTGCTATTAGCGGCTTTCCTTTAGGTGAGGTCGAAACTTCTGAGGATATTAAGGCTGATCTTTGGCCTCTTCAAAAGAATGGCGTGGGCTTTTTCACGAATTGCTGGGGTACAACGATTGAGGTTTTAAGATCACTACGTTCAGATGACGTGGTGATCCCCTACACTTTGTCCTGGCCATCTCGTGAGACGGCGGATGAATAC
CP178619.1_gap9	657294	661378	4084	CACATGCCTGTGGAATTATCATTCCCACACAAGGGACCATAGAAGATATAACCCATGCCGGCCCCGTCCAAACCACTCTTTGGAGTTTCGCTGGAGGAAACAATCAGATCCTCGTAACCGTCATTGTTCACGTCACCGGCAGATTGAATCATCCAACCAAATCGGCGGTTGCTATCGTTGCCACTTAAACCACCATTAATAATTGGCGGCATGATGGAGCGAACTTTCCCGGTACCATTTAAGTTCAAACTGTCTGCATTGCGTGATTGGAACAGATCGTCTGATTGACATGAAGCTGTCTGAATCGGATCCCTGTCATAATAGTCGCCGTGACTTCCAGCCACGATTCCTGCCGAACTGCCGCGATATAGGAACAAGCGTCCATAGTCACTACGTCCGTCCTCGTAATAGCAGGCCGTGTCCTCCCACATTGGAGCAGAGACCACCAAGTCATCAATCCCGTCGTGGTCATAGTCCATGACTGCTATACTTTTCCCAAACTGGTGCATCAAACGGTCGTAACCATGAGGAATGTTATCGACAAACGGACTGTACAAATACTGCATCTTGCAGTTCTTCGTTATCGCTCCCGTACATGCCTTCATTCCGGTGGTCTCTGAGGTATAAGTGTCCACCATGTATGAAGAATTGGTCGAAGTCAGATTGGCATTCACACCAGGTTCCATATCCGAATTGGCATAACCTTTGGCTTTAGGAGTTTGCAGCCCGTTTGTGGATCCATAGTAAATCCAGATGCGACCACTTTCCCAAGCCGGAGCTCCACCGTTACAACCTGTGTCCGTGCTATCGGCACACTGCCAACCACCACCCGCAGTCCATCCATCAGTGGGATTTCCTGGAGGCGATACCCCGACATTGAAACTATTCGTGCCGGTTTTATTCATACCAAAAAAGCTGGTGGCATAAGGACTGCTGATCACGATGTCACTCAGTCCATCACCATTGAAATCCCCATGATAAACCAGCTGACGACGAGTCACCGCACCATTGGTTGATGAAGCGGTATTTGACGGGCTTTCCTGATAAGCCCAGCGCTTCGTCACGATCTGCGGATCACCATAAGCAGGAATCCATTGCGGATTGTTAACGGCTTGCAAACCGGAGCGAGAGCCGTAATAAATCACAACCTGCCCACCACCCTGGATTGTGGCATCAACAAAAGTCACATCTCCAAAGCCATCACCATTAATATCACCCGCAGCAAAAGCTCTGTTGGCCCATGTGCTGGAAATATTCGTCGGCTGAGCGACAAGTTGAGGCAAGGCAATATCATCCTTAGTAATACCCTGGGCCGGCGTGACCATCGGATAACAGGAATCATCACTGGCTCCTGAGTCTTTGAAAACTTTCGCTTTATTAGCCAGGCAATAGTCGGTCGTCACAAGACCCACTTTTGAACCAAAGAAAACCACAGCTTCAGTTGAAAAAGCCGCCGTATTCGCTGAAGGGCGCACCAGTTTACCAACAGCATCCGCATAGCCATCGCGATTGATATCCCCGACAATACGAATACTATCATAACCAAACTGTTGCGGGCTTCCCAGCGAATCATAGATCGCAAACGATGGAACCGAGTTCACGGAAGGCAATGCCTGTCCATTACTGTTGAATCCATAGATAGCACCACCACCGTTTTTCGTGGTCTTGTCTAAATGGGCTCCGGCTGCGATATCATTCAATGGACGGGTTCCACTAAAGTCACCGTCAAAATTTCCCACGGCCACCGAGCGGCCCATGTAGTCGTACTCGCGGGCTGAGGAATTATAAAATTTCAGGAAGTTCGTGGTGATCCCTGCTCCCGCCAAGCTTGTAAATGCATACACGGCTCCGGAATAGGTACCTTTGGTCTGATCACCCACAGCCCCCACGACGACATCTTTCAGTCCGTCGCCAGTCACATCGCCAACTGCCATTCCTTCCGGATGAAGTGCCAAATTGTAGTAGGAACCAATTGAATTACTACGGATCAGCGTCGGCGCACACATTTGGCGAGTAGGCGCATTATCTGTGGTGAATGCCGTACATTGTGCAAGTCCATCATTCCAATCCAGATTTTTATCAGTGGGAGTCACCGCATCCAATTGGTAGAAGTCGTTGAATTCATACCGTCTGAATGGATTGCCGTAGTAAACCCACAATGCACCCGATTGTTCGTTTGCAAAGTTCGAAAACAGTCCCACACCCACAACCGCTTCAGCGTAACTGTCACCGTTTGGATCCGACACCGTCGTAATGACCGCATTGTTGTTATTGTAGTGGGATGGATCCCCGACCAAGGCGACAGAGGTGCCAAAGCCCAGATTTTTTAGCTTATAGGTCCCGTCGGTTTTATAGCCACTGCGTGGAAATAAAGCTCTTACCCCAGTGGAATTTACCAGACAAGAATAGTGTTCCCCGGGAACTGACATCTTACGCGTACTGCATCCCCAGAATGCCATGCGCGAGGGACTTTCTTGCACTCCCGGAGCGGGAGCGATATCAGCGCCGCGACCAAAAAACAAATAGGCAGCTCCTGTTACGTCACCAACTTTGGCAGACGTTCCAGCGTTTGTGGGCAAACCGAAGTAGTGACTATTTCCTGTAGAGTCATTGGAAAAGCCGCCCCAACCTCCGTTGGTGAAGCCATACGAAGCACAATCACCACTTCCCGGATTACATGCCCCCAGTAGTTTCAATTTATTGGTCGCTGTCATTTGCGGATAGCGGTCGCCAGGGGCACCGACAATCATATCCGATCCACCTACCAGCTGATCTTGCTTATTGCGAATACGGAATTTACCGTCCACATCAGCACCACCGGCAATAGAGTAACCAAAAAACTGTCCTTCGTGCGGATTCGGAGAAAAGACTTTTAAAAATCTGAATTTTTTGTTCGCATCGGCTGCCGGAGTCTCATACCCCAACCCATTTTTTGAACCAAAGAAGACGGCCACATAACCGACCTTTAGAACAATTCGGGCATTACCGGAAGCAGTCGAATCAGCAACTCCATCCCAAGGTGCCGTCGGCGCACCAACGGCAATATCATCATAACCATCGGCATTGAAATCGCCGATGAAGGAAGCCGCGAACCCAAATTGGGGATCATCCGCTAAAGTCATTGCTGTCGGAGTGATTTCAGTGCTTGGCAAAATCGCCATATTCGGCCACAACATCGCTGCCGAGCAAGTCGCATTTTCAACCAGACCGTTACAGGTTTCCACGTTCTGCTGCATATCTTTGACACGTGAAGGAGCCGTCAAACCTCTGGAGCTTCCAAAAAACACAAAGGCTGCACCATCATAGTTCTTGTCAGCTCTTGATGTGTTCGCTGTATTGTAACCCGGAGCTCCCACCACGAGATCCTGGCAGGCATTACCCAACAATGTGTCACCGTTCAAATTGCCACTGCCAGAAAGTGACTTACCGAATCTTGAGTATTCCGTTAAGTCTTCAAATGTCAAAAGTTGCGGATCAGATCCCGGACTGATAGGACTGCGGCTGGGAGTCCCGGAAGTATTTAATTTATAAATACCTGTGGATGGGTTCCTAACCGAATAGTATATATAAACCGCACCCGCTCTGGGAACGGCCACACCTGCTGATGTCACAGAAACAGATGGCAGACCAACCGCCAAATCAGGATAGCCATCGCAATTGAAATCACCCGTCGTCGACGCTTCACCCATGAAGGCAATTCCCGAATCCACATTCTTAAGTGGAGGGACTGCATCCAATCCCAAAATCCCCTTGATGTACGTACTCAGTTTATCGAAGACCAGCGTTTCTGTTTTGCCGGCATCGGAATAGCTCACCTGCAAAGAAAGGTTTTCGACCTTTCCGTTGGTGACACCGGTACCAGGAGAAAACACGATGGTACCCGCACCCGTGATAGGATCCGAGATCGGTGTACTTCCAGAGTACATACGAGAAACATAGTTTTCATTTTTATAAGTGGAATTCACCACCGGAGTGACTTTTACAAAAGGCAATGAACCAATCGAAATGGGACTTAAGGAAAATGCCGGTGTGGGAAACGAAGAGTTCGTGCTGACATTGACGGCTTTGGTGGCATAGCCAATGG
CP178619.1_gap10	684345	685394	1049	GCACCAGAGTAAGGCTGACCATCTTTCAACACTGTCACTGATTTAGTTGCGTCAACAACTGGAGCACAAGTCAGAGTGAAAGTTTTCAAAGTTTTGCGGATACCATCTGCGATACCAGTAACTTGAGCCGCGTAATCAGCCGCACACACGTCACCGATCACACCACCAGTAAGTTTAGAGAACTGTTCGTAACGGTAACCGTAAGCATAACCATTCGTAGACTTACAAGCTGTATCGCCTGGACGAGTGATGATGGAGTGGAAGCTGAATGCTTTTTGACCACCATAAGTTTGGCTTACGAAGTTCAACAATGATTGCGGATCATTTTTAGTACCGTTTTTAGATTCATCTTCGTCAGAGATCACAAGTACTGAGAACTGGGCATCCGGGCGGACAAAGTTCACGTTACCACCGCTTTGAGAAAGAGATCTTTCAATCGCACGGTAAGTTACATAAACCGCCTGCTCGTCACCGCTACCAGTTTCAGTTCTTTGCAAGGTCGCACCCAGCAAGCTTTGCGCCTCTGCATCAGCCATTGCGGAAGTAAGGATGTATGAACCTTTTTTACCAGTCAGTTCAACCAGACGACCGTCACCCAATTTCACATCGCGTGGATCTGTAGTTGTAACCGCAATCTGCCAGTCCAAACCTTTGATCACGCTCAACAGATTCTGAACACGTTTCGCCATATTTTTCTGTTCGTATTCCATGGAACCGGAGTTATCGATCACGATCAACAAGTCCACTTTTTTGTTTGGCGTAACCTGGACAGTTTGAACCAGGGATTTGTATTTAGATGACACTTCAAAAGTGATGGACTTTCCAGATGAATGAGCCAATTTATCTGTTGCAGATACCGCCAATGTATAGGTCCCGGATACCATGCTTGGAATTTTGATTGTGTTGGTACCAGCGGCACAGGGTTTAGCAACACCTGCGAAAGTACAAACCACTTTATCCACACCAGCACCAGCATCAGTCACTGTGAAGACGATTTCCACATCGGAACCCTCTTCAACAGTCGTGCTCGGATATTTGGAGAATACGAT
CP178619.1_gap11	689309	690841	1532	CGAATACTTCGACGCTGCCAAAGCCAGCTACGGATAAACCGAAACAGCAGGCTCAGCAAAAAACAGAAGTTGATAAATCTGAAGTGGATAAAGACGGTTACCGCGTGGTCGACGCTGCGAAAGAACTGGCGGCGATGAATGCCCTGAATCAGGGGCAGTCCACAGTGGGTGAACTTCTGCCTACGGACGTGAGTATTGGCTCATTCACCGCTTTGAATACAGATCGCTATTTGTTCTATTCTTTTTATGCCCGCATCGAAGAGCTGGTTCGCTATCGCTGGGAGTCCCGCGTGCAAACAGCCATCAACGGCATGGATCCTTCAACGGCGATGGGCATGAGCCGCCGCAATTGGAATACTCAAGTTGAGTTTTTGCTGGATAAGCGCGGCTTTTTACAAAAAGCGATTGTGATGAAAGAATCCGGAGTTAAGAACTTTGATGCAGCAGCCGTCAATGCTTTCCGCGAAGCCCGTGTATTCCCGAATCCTCCCCAAGAGATGATCGAGGAAGATGGCTTCATTCACCTGCGCTATACTTTCACAGTGAACTACGCGCCACCCACCTTGGTTAACAGTCGCTAAAATTATTTTTTAGGTACAAATCTAAGCGCTGCTGAGTTGATGCAGTAACGAGTACCGAGCGGTGCAGGTCCATCATCAAAGACATGCCCCAAATGACCGTTGGAATCTTTGGCACGAATTTCAATGCGAATCATGCCGTGGGAAAAATCCGGTTTCTCGACAACCACATCCGGCGAAATCGGTTTGGTAAAACTAGGCCAACCACATTCAGAATCAAATTTATCATCGCTGGAAAACAAAGGAACTCCAGAAATCGCATCCACGTAAACTCCGGGCTCGGTATGATTCCAAAAGGAATTGCGAAAAGGGGCTTCTGTCCCATTCTCGACCATGATCCGGTACTGCTCAGGAGTCAGCAGTTTACGTAGTTCTTCTTCGCTTTCGGGCAATCCACATTTCAATACTTTTTCATTCATAGGACCATGGTAGGACTTCTTGCGGTTTTAGTCCAGACACCAGCAGATTTCATGTCACTCACCACTAAGCCTTGGTAATATCAAAGGAATATGAATAGATTTTTAATCGGCTCACTATCGACACTTTTGCTTTTGTTTTCATTTTCAGCTCAGGCAATTAACATCGAGCTGGGCGCACAGTACGGACACAAAACTCAATCCTACGATGCGAACAATTACAACGAAATGGAATCCATGACCGGTTCCTTGTCTTTTTATCTCTGGGAACGAATCGCACTGGAGTTAAGCTACACCGAAGCTCAATCAGTTGTTGTATCCAAAGCCTTCACAGCAGATCCAAAGCGTACCACGATTCAAAAGTCACAAATCCTGGGGTCCGATTTGATTTTGATTCTGGCGGATAAAAAAGCCTTGTTTCAACCGTACATCAAAGGCGGCTTGGCGCAAATCTACCGTAAGCAGACCATTAAAATTGAAAACCAGGACACCTACGAAAATGAACCCGAAACCGCCGTGGCACCTTCTTACGGTGTCG
CP178619.1_gap12	718235	722141	3906	AGCGCTCAGGAAATCGCCTTGGGTGATTATACGGTAGAGCTGTCAGAAAACTTAGGTGGCCAACAAATGCTGCATGGCCAATTAGAGGGCCAAAGTGTGAGAATTATTACGGATTCCATGGATAAATTTTCCAAGGGTCAAAAGGTCCCTCTGAAAATTGATCTGACAAAGGCTCACCTGTTTGATAAGAAAACGGGACAAAATCAGAGGCTATAGGAGTCCACGTGTTTTCAAAGCTGCAACGTTCAATCTTACTCCTGACTGTTTTGTTGGGCACAAGTTCAGCGCTTGCAGCTCCTCGTACAGTGTTCGTCCAGCTTTTCGAGTGGCCATGGAGAGACGTTGCGCGCGAGTGTGAAGTTTATCTGGGTCCATCTGGTTTTTCTGCAGTTCAAGTTTCTCCCCCGCACGAACACATCGTTCACAACGGTGCATGGTGGGAGCGCTATCAAGTTATCAGTTATAAATTAGAATCTCGCGGTGGCACAGAAGCTGAATTTGCCGACATGGTAAAACGCTGCAACGCCGCTGGTGTCGACGTTTATGCCGATGCGGTTATCAACCACATGGCGGGCTTCCCTCAAGGTGTCGGCTTTGCCGGGACCAAGTTTACTCACAAAGAATACCCGGGGCTTTATAACGCCGGTGATTTCCATTCTTGTGGTCGCAACGGCAACGACAACATTGTGAACTATCGCGATCTATATGAGCTGCAAAACTGCCAATTGGTGGGCCTTGCAGATTTGGCAACAGGGGCCCCGAAAGTCCAGCAAACGATTGCTAACTATCTGAACCACATGTTGGATTTGGGAGTTTCAGGCTTCCGCATCGACGCTGCCAAACACATCCCTGCCAAAGACATCGCGCAAATCGTGCGTAAGTTGAATCGTCATCCTTATGTTTTTCAGGAAATCATTCATGAAAACGGTGGACCAATCAGCTACAACGAATACTTTGGTGGCGGCGACGTAACTGCTTACGAGTACCCGTTCATCCTTGGTGGCAGCATCAAGTTTGGTGGCCTTGGCAATCTGTTGAACTTTTCCCGAGGTCTTCCCGATAGCGAACACTCTTTGGTGTTCGTAACCAACCATGACCTGGAAAGAACGGGCGATGCAAACATCCTTCGTTATACTGGCGCTGATCACAATGTGTATCGCTTAGCACAGATCTACATGCTGGCGTATCCCTACGGCTATCCGCAGGTTTACTCTGGCTATGACTTCACTTCCTATGACCAGGGCCCGCCCATTGGTCCCGACTTGCGCACCCTGAGTGTTCTATCGAACAACAATACTTGCGTGGCCCCTTGGACTTGCGAGCACCGCCTGCCGGAAGTGGCTGCGATGGTCAATTTCCGCAATTTGACTGATAAGGCGTTCTACGTGACGAACTGGAACACAGACAACGTGAACTTCATTTCGTTCAGTCGTGGCGGCCAGGGATTTGTGGCTTTGAATTTCTCTGCCGGTGCAATCACACGTGAATTGCAAACGAGCCTGCCTGCGGGCAGCTACTGCGACCTGACTGGCCCGTCTTACAGCCGCCAGTTACGCAAGTGCACAGATATGAAATACAACGTCAAATCTGACGGAACTATCACTGTGACCTTGCCTCCGTACTCATCTCTGGTACTTTTGAACCGTGAGCAATTCAAAAACAAAAAATAAAAAATCTATGACGAAAAAAACTTATACCATTGGTTTCGACTTGGGCGGAACCAAGCTGGCTGCAGCTCTTCTGGATAACCACGGAGAGATGCTTGATTTCATCAAAGTTCCTGTCGACATGAAACGCGAGGGCTCTGCCCAAAAAACTCAAAAACGCGTGATCCAAGTCATGGCTGACATCGCACTTGATTTCAAAAAACGCTTCCCCAAAGAAACATCTGCAAGCGTCTTCAAAGGCATCGGCCTGGCGAGTGCAGGACCTTTGAACGCTGAGGAAGGCAAACTTATAAATCCGGTGAATTATCCTGGTTGGAAAGTTGTTCCTATCCGCGACCTGGTCGAAAAGGAAATCGTAAAACACGGTTTTAAAACGAAAGTTTACTTCCAGCACGATGCCACGGCTGCTGCTTTGGCGGAAGGCTGGGTTGGCGGAGCAAAAGGCATGAACTCCTTTGCTGTCGTCACTGTCGGAACAGGTGTGGGCTCTGGGATTATCTTTAACGGTATGCCTTGCCAAAGCCGCGGGATGGGTTCTGAATGCGGTCACTTCGTGGTCGACATGATGGGTTTGAAAAACAATCCTGACAAAATTCACCACTACACTGTTGAAGGCTTGGCTTCTGGAACCGGTCTATTGCGACGGGCGAAAGAAATGGGCTTCACTGGAAACTCTGTCGAGGAGTTGGTGGACACCAAAGATCCTAAATACGGTAAGTTGTATTCAGACATGGCCGTAGCTTTGGCAAGTCTTTGCCATGATCTTTCCCTGTCATTTCATCTGGAAAAAATCTTTATCAGCGGTGGCTTGATCAAAATCAAAGATCTTTACTTCAAAGAAATGAAAACGAACTACTCGAAATTCATTCGCGGGATCAATACCGATCTCGAATGTAAAATCGAAATTGCCAAAACCAAGAATCACGCTGGCGTTTTGGGTGCTGGATATCTTCCGCATCTTTACGGCAAATCTGGTAAATAACATTCCAAAAAATCCACACAGAGGGGCAAAAATCCTCTGTGTTTTTTCATTCAGTCGCTTCTATTGCCCATAGATTTTAGTACAGCGACAAAGCCCGTCAGGACCATCGCTTGCAAAAGCTTCCCTGCAGACGGAGGCGCTTGCGATGGAACAATTAAGCACACGAAAATCCCATCCCTATGACATCGTTCAAATTGTCAAAGATGATCACAGGAATTTGAAAGCCCTCCTAAGCACTCTTAAAGATGACAACGAACCTTACTTAAAAAAACAGGAAGCATTCCAAAAACTCGCACTGCTGCTCGAGGCGCACATCGGTCCCGAGCTGGAAACCTGGTACAAGTGTTTAAAATACGAACACCGGATTACGGTCGAGATATCAGAAGGCGAATTAGAGCATCGCCTGGCCCTGCAGATCTGCAAAGACATGGAGGCAACAACATCCGAGGGATCGTTTATGCTGAAAGCCCGCGTCCTTGCAGAGATGGCACTTCATCAAATCATGGTAGAGGAAAGGGACCTTCTGCCGGAACTTGAAGTGGCCACGACACTCGACAAGCGGATCGAGTTGGGATTGATATACTTGGAAATGCAAAGACACATCGAGGTCCTGCAAAACAGCGAACACCACCTGTATCCGCATTCTTCGCCGGATCAATTGCAGTGAAATAAAAAAGGGAACTCCGCTTTGAGTTGTTGCGGAGTTCCCTTTTTCCTCTAAATGAATTTTAAAAAATTACTTCTTAAGCTTGGCCTTTGCCAAAATCTTACCGGCCTCTACACCTGGCTGATTGAAAGCATCAATTTTCAGATACTCACCAAGTCCTGCAACAACCAATTGCCAGAACATGAACAGGTAACCCAATGTTTCCTCATCCAAGGCTTTTGTTTTCAAAGTCATTGTTGAAACACCGTTGGCAACCAGGGCTTCTTGGGTTGCCAAAGCTTCTGCCTTCAACAACTCGCCCATCGTGCGACCTTGAAGATCCATTGTTTCTTTGAACTGCGCATTTTTGATACGCATAGAGCCGCCTTCAGCCTCATCCACGCGCTGGAAAATCACGAACTTGTCTTTTGTGCCTTCCATCACCTGTTGCAGAATGGAGTGCTGGTCGGAGGCACCAATCGCTGCAATCGGAGTTGATACTCTTGGCGCTGGAGTTCCTGCGCGAGTCACTGGTTTACCCAAAGACTCCGCCCACAACTGTGCAAACCAACCGCCGAAGTCTTTCATGCGGGAATTGTAGGACCATAGAA
CP178619.1_gap13	724634	727341	2707	GATGTCATCACATTCGCAGAACCCGCACGATTGCTGCCACGGAAATTACCGACGCTGACTTTCACATCAACATTCGGTGACTTGCGTGCACCCAATCGGGCATTGGCAAAACCGGAAACCGCCAGAGTGCGTTCCGCATCTGTGTTGGTTGCAGACGTGTGTGAGCTGGAAGCCGCTGAATCCTGAATGGAAACTGTTTTGTCTTCTTTGGAGTCCTCGCCCATGGATGCCGCCAGTGAATCCACCGGACTGGTGAAATCATCCTGGTATGCAGGCATTTCCACGACATGATCATCATCGCTTTCGACGCTGGCGACATCGTCAATGCTGTCGATCGCCTGATAATCCCCTTCGCTGGAAGGGCCATCGTAAGTCTCCATTGGAGGAGTCTCATATTTCGGGCGCGGAGGAATATCGAAACCTACGGGTTTTTCCCCGTCCAGCATTTCATCACCGGAAGAGAATTCTTCGACAACTTTATTTTCATAGTCGTCGCCCTGTTCAGCACTGGTATATTCAGCCAAGCCACCATTGAATTCGGAATCGTCGATTTCAGCACCGACATCCTTTTCAAGGCCGGACCACATGTCTTCATCACCATCTGCACTTGCAGAAGATGCCTGATGATAATCCGTAGGCTCATCGACCACCGGCTTCTCATCTTTATGGAACGAACCGTCCTCCTGAATACCACGGACGTCATCCATCAGTGATTCAATCAGATTTTCCGCTGCTGAAGATTTCTTTTTTCGTTTCGACATACTAGTGGAATTATCGGAAATTCCTCAACTTCTCTTAAGGAACTCCCGCGGGATTCCGCCTATCTGGCACAAGGTCCAGCCCCAAAAGGTACGGACTTACCTCATAACCACCAAGCCCACTTTGGCCCCACCCTTCCCCGCAAGCAGAACCTCGCAATTTCGTCTCAAAAGGAAACGCCAAGAGGTACGGCCTTACCTGCGAGGTAAGGCCGTACCTCTTGGCGCAGGACCCCGCATGTATTATTTTTATATTGTATGCAATTTAATTGCACACAATATAATTCAGCGTAGAATCTAGGCATGAACCAAAAACTGCTTTTGAAAAACCAGCTTTGTTTTCCGATCTACGCGGCTTCCCGACTGATCACACAGCTTTATGCAGAACACTTTAAAGCTTTTGATCTGACGTATCCGCAGTACTTGGTATTTATGGTTCTGTGGGAAAAAGCTCCGCGCAAAGTAACCGAGATCGCGGATCTTTTGATGTTGGATACGGGAACGGTCACTCCCCTGATTAAGCGCATGGAGACTCGTGGCTGGGTCACCCGTAAACGCTCTGCCAAAGACGAACGCACGGTCGAAGTTCACCTGACCGCCGAAGGTCGCAAGATGGAAAAGCACTTCGCTTCGGTCCCCGAGAAACTGCTTTGCAATGTCGAATGCAAACAGACGGAGCTGCAGGCTATTTACAAAAATTTGAATAAGTTAAACGAGCAAATGAGAAAAGCCTTAGAAGGAGGTCATTCATGAGTAAGCTCTATACAGCAGTTGCAACCGCAACTGGCGGACGCAACGGAAGGGTAGAAAGCTCTGACGGAGTCCTGAATCTTGAAGTACGTATTCCGAAAGAAATGGGCGGATCTGGTGGCGCATTCACCAACCCCGAGCAGCTATTCGCTGCCGGATACGCAGCCTGCTTTGATAGCGCGCTGAATTTCGTGGCCATGCAACAAAAGACGAAAATCACGTCTACTGTCACAGCAGAAGTCGGCATCGGTCCGAACAATGCTGGCGGCTTCGCGTTGGCCGTTAAATTGCGTGCGAAGATTGAAGGTGTTGAGCGCAACATCGCCCAGCAACTACTGGATACGGCACACAAAGTGTGCCCTTACTCCAACGCCACTCGTGGCAATATTCCCGTCGAGATCGAACTAGTCTAACCCCTCCCGTAAAAGGCAAAGACTATCCAAAATAAAAAAGGCAGATCAACTTGATCTGCCTTTTTTTATGCGCTGCTTACGTAACTAGGACCTGGCACCTTATACGGTGATGACTTTTTTGTATTCCGCCAGACGTTTTTCAAGGTCTGCCAAAGTCACTTTGGAGAGAGCTTTCACAGAGAAATCTTGGATTGTGTGGGACGCCATCATGGAACCCATGATGCAGGCTTGTTTCAGGGTGTTCAAAGTTGGAGCTTCTTTCTGAGCCGCGATGTAACCGAAGAAACCACCGGCGAAAGTATCACCTGCACCTGTTGGATCGATCACTGTTGGGATCGGCATTGCAGGCAGGATGAAGTACCCCGCTTCTTTCGTGTACATAGCGAAACCATACTCGCCACGCTTGATAACAACTGCAGAAGGACCCATTGCTGTGATCATTGGAGCGGCAGAGATCGCATTGGATGCGCCAGTTAGCATTTTTGCTTCGCCTTCGTTGATCAACACAAGATTCACTTTTTTAACAACTTCAAGCAAAGCGTCTTTCTTGATGTTGATCCAAAGGTTCATTGTATCAAGACCTACGAACTTAGGTTGTTTCACTTGAGACAATACTTGCAACTGAAGTTCAGGAGCGATGTTCGCCAGAAATACGAAAGAAGAATCTTTGTAGTGCTCTGGCAATTGTGGATTGAAGTGTTCAAAAACGTTCAACTCGGTGTTCAACGTTTTCGCTTCGTTCATATCACCTTCATACGAACCCGCCCAGTGGAACGTTTTGCCTGG
CP178619.1_gap14	806972	811545	4573	TTGTATTCAGCGATGTGCGCATTCTGCAGGAAGGCCTCGCTGCCACGGAAAGTGATGTAAGAATCCTTAAGCTGCACGTCTTTATTGCGCAGAGATTTCACTTCGCTTCCCATCAACATAAGACCCGCTTCGAATGTTTCCACAATCGTGTAATCGAAACGCGCCTTTTTGTTGTCCTGAATGATCAGAATGTTACCGCTCATGTTCTTACTCAAATCCAAACTTGTGATAAAGCTTAACAAACTGTGCAGGGCTTAACTCCTCGGCACGGGCTGTTTCCGGGAACCCCAGTTCCTTCAACCACTCTATCAGTTGTTCAGGAGTTACATTTCTTTGCCCCAAAATACCAGCCAAATTTTTCTTCAAAAGCTTGCGGCGCTGGGCAAAGGCCATTTTAACGAATGTCAGGAAGGATTTGTGGTTTTTCACCGCACTTGTAATGCGCGTGAAACCCAAAACGCGGCTGGCCACCTTCGGAGGAGGAGCAAAGTCACCGGGACCGGCTTCAGACACGATATGGATATTCCAGAAAGTCTGCGCGATCACACTTAAAAGACCATAGTGATCGTCCCGAGCCGGTGCTTTGATTCTTTGCGCGACTTCTTTTTGAAACATCAAAACCATGTGCGCGACGCCGTGGCTTTCCATCGAGCGTTCAATCACGATACTGGAAGAAATCTGATACGGAAGATTGCTGACGAATACCAATTTTTTATCACTGAAGAATTGTGACCAATCCATACGAAGCGCGTCTTCTTCATGAACGGTCAAACCTTTACCACGCCAGTAAGCTGCGATCTCGCGATCCAGCTCGATCACTTGCATCGGCACATTCAATTCCAAAAGCAAATCCGTCAAAGCCCCGGGACCAGGTCCCACTTCCACCATTTGCTCTGGCTGGAAAGCTTTAACCTGATCAATGATGCGATTGATGACCACGTCATTCACCAAAAAGTTTTGCCCTAGAGCTTTCTTGGCTTCAATGCCCAGTTGTTCCTGAGCCTTTTTTAATCGTTCGCGGGCATAACTCATTTAAAATCCGATGTAAGAGCGTGAGGAGATGGACCCAGATCGATTTCTGAAGCTTCACCGCGGGCCATGCGCAAGGCGCCCGCGTATCCGATCATCGCAGCATTGTCTGTGCAATAACGCAAAGGTGGAATCACAAGACGCAATCCACGTTTCGCAGCCCATTCTTCAGCGCGGGCACGAAGTCTTGAGTTCGCACTCACACCACCCGTTAAGATCACGCGCTTGGCTTTGAAAATTTTTGCAGCCCGGTCCAATTTAGCAATAAGCACATCAACAATCGCTTCTTGAAATGAAGCGCACAGATCCGGCAATTGCGCCTTCACTTGCTCAGGTCCTAATTGCTGAATCATTCTTTGTCCCGAGGATTTAAGCCCCGAAAAACTCATATCGAAAGTGTCTTCGTGAATCATGCTGCGTGGAAATTCAAAAGCCTGCGGATTCCCCTGCTTGGCCATTTGATCAACCTTCACGCCACCTGGGAATCCCAAACCAGCCATTTTTGCAAACTTATCAAAGCATTCGCCGGCAGCATCGTCCTTGGTTGCCCCAAGAACCCGGTACTCGCCCAATCCCGTGATGTGATACAGGCTTGTGTGCCCACCACTGATTGCCAGCCCCATATACGGATAATTAAAATCCTCTGGCGGAGCAAACTGAGCATCACGTAAAAATGGCGCCAGTAAATGACCTTCCAGATGATTCACCCCTAAGAAGGGAATGTGTTTGGCTTGCGAAAGTGATTTTGCCGTAACCAGTCCCACGATCAAAGCCCCCACCAAACCTGGACGGTTGGTAACGGCAATCCCGTGAATATCGGACCAGTTCATATTGGCTTTTTTAAAGGCTTCCTCGATCAGAGGAATCAGGGCGATGGAGTGATTGCGAGCTGCGATTTCCGGAACCACGCCACCATAGGCTTCGTGCTCCAGATCCTGAGAAGCAGACACCACGGAATGCACCCAGCCGCTGCGATCCACGATCGCAACTGAGGTATCATCACAACTGGTCTCTATCGCTAATACTCTTTCAATCACTTTTTCTTATTTCATACCCTTCAAACGGATCTTAGCACGACGAGCTTCATCTGACTTGGGAAATTTGCTTAAAACCTCATCAAAAAAGGTTTTAGCTTCCTCTTTCATACCCAGCTCCTGGAAGGAAACACCGATTTTATAGGTCGCATCCGCAAAATGAGTCCCCTTCGGAGATTCATCACGGTACTTTTGATAAGACAAGATGGCCTGTTTCCAGTCCTTTTTATTGAAAAATTCCTGAGCAGTTTCGTAGGAACCGCGTTTTGATTTTTCCACGGCTTTTTCAGCCGCCGCACGTTCCGCCGCCGCTTTTTCAGCAGCTTCCGCTGCCTGGCGATTGGCTTGAAGAGCATTTAGCACAGCCGCTTGTTGGTAAATCTGATTTTCCATTTTGGTCAGACTTTCCTGCAAAACATCTACTTTTTTAGTCAAAGCTTCGTTTTGCTGTTGAGCTGCCTTTAATTGTTTTTCAAGGTTTGCGTTTTGCTGGCTATTCTCAACAACATCAAGGCGGCCATTAAAGGCGCGCATTTGTTCCTGAAGATCAGTCACACGCTCACTGGCATCAGCGTTCGCACGCTGCATGGTTGTTACTTGTTGTTGGTAAACCTGGCGTTGCTCGGTGTTGCGAACATCATTGCGTGTTTGCAGACAGCCGGTCATGAAAAGTGAAGTGGCAACCAAGGTAACAAGTAACTTCATAGAATGTCTCCGGTCTTTTGACGTATCAAACGAGCTGAGTTCTCTGCTTTTTCAGCAGCGAATCGGGCTCTGACAAATTGTTCTTTAGCTCGGGCGAAATCACGGTCGTTATAGTAAATGCGACCTTTGCGATAGGCTTCTTCAGCCTGATGCCAGTATCCTGGCGAATGACGGGCGGCTTGAACAGAACGGGCTGCATCGATAGCAGCCCGTGCAAGTGAGTAGTCCTCGATGGGCGCAGGGACCGTCTGGCATCCAACCATCACCGAAAAAAATAAAACTCCGATGAGTAATCTGGCCAATGTCACTGCGACCCTACTTACTACTGAGCAGGTACGAAGTTAGCGCGGCGGTTTTTAGACCAAGCTTCTTCAGAATCACCGTTAGCAACTGGTTTTTCTTTACCATAAGAGATAGTGCTCAAACGGTCAGCTGCGATACCCATGGAAACCATGTACGCTTTAACCGCGTTAGCACGACGCTCACCCAAAGCAACGTTGTATTCGATAGTACCACGAGAGTCACAGTGACCTTCGATTTGTACTTTTACGTTACCGTTCTTTTTCATCCACTCAACGTTTGTTGCGATATCTTTTTTAGAGTTCGCATCAAGGCTGGATTTATCGTAACCGAAATGAACTGTTACTAGTCCATCGATTTTACCAGAGTCAGAACCTGCTGGATCAAAGCTCATTGGCGTTGACTCAATTGCAGTGTTACCAGTTGGGGAAGTAGAAATATTTGCATCTGATTGAGATTGTTTACCTTTGCAACCAACTACCATCGCACATGCAACAAGACCGAATACCAATTTACGAACCATGATGTCCTCCTATGAAGTTCATATAATTTACATTAAAAACTTTAATTTATAGCGGCTCATTGTCAAAGCTTTTGCTTTCTTTGAGTGTGTTGCGTTGATTTGGAGTTAAAGACTGAGACGAAAATATGCAGAAATCTTCCGTTTAGAATATTTGCTAGATAATGCCAAGCAGCAGGACCTTCGTCATCATACCGCCTCTTTGGCTCAGTATTTGAAGTTTTTAAAAGTCAGAATGAAGAAAGCAATCCGCAAGCGCATTATTCACTTTTGGGAAGCTCCCCCGGTGCCCTTATTGGGCGCCATTGGCGGGCCTTTGACAGGCAGTCTCACAATGAGACAGCTTTTGGTTGCTGTCCTTCTGATGATGGCCTGTTTTTCAAGCAATGCCCAAGCGGCGGCTCCCCTTTGTTCCGAGGTGTTCACGCCTCCCCGGGCCTCGGTCCCTCTGATCACCAAGAGAGTTGCGGAAAACATCTTCGCCACCAACCGCAATCTTAAAGACTACTCCTTGGAATTACATCCTGATTTCAAAGAAAGCATCGCCAAACTTACTGCCAACCAGCACTGGGTGGATTTGGGTGCTGGGAAAGCGACAGCGCAAATTCAATTTTTGAAGTCCTTCAAAAACAAAAGCGACCGACCTCAGATGACCGCCGTGGCTTTCAAGCTGGATCGCTGGTTCAAGCCTTCCACCTTTAATGGAAAATTAAGTATCCAAGAGGGCGCCTATGAGGCGATGCCCACGGCCTCCTGGAAAAAAGTGGACGTGGTTACGGACTTGTACGGTGTTCTGTCCTACACGACGGACTTTTCCGGGGCTCTACAAAAAACTGTTGATATGATGAATGTTCATGGCGAGCTTTACCTCCTAGCTCTCCCTTGGGGCTATCAATTTGAAAAAGGGCCAAGCCAAATGGACCTGCCTCAATATCTTGAAGGCATTGAGGGTCTGCGAATAGAGCACCTTCATCGAGGACAATTC
CP178619.1_gap15	817218	818192	974	ATGCCACCGCTGGCAATACCACCAACCATCGCACCTGGGTAAGCCATTCCGCCACCCATATACATACCGCCCATGTATGAACCAGCCATGCCGCCCATCATAGAGCCCATCATTGCACCTGGATAAGCACCCATGTACATACCGCCGGAGGCCATGCCGCCGACCATAGTGCCCATCATGTTACCCATGTACATGCCGCCCATCATAGAGCCCATCATATTACCCATCATGGAACCCATCATACCACCTGGATATGAACCCATGAAACCGTTGGCAATACCGTTTACGAAACTCATACCACCATTGGCATATGGACCCATGCCCATACCCATCGGACCGGCAACGCCCCAAGGACCCATGCCCGGAGCATAGATACCACCACCCATTTGAGCGTAGGGATTCATCATGCCCATCGCATAGGGGTTACCCCACATGCCCGCTCCATTCGCGCCACCATATGGACCGTACATTCCGTATGGACCACCATTTTGACCGTAACAACCAAAACTACCAGCGCCGATACCACTACCCATTTGCGCGCCGTAAACACCACTGCCACCAGCGAATGCCTGAGTCAGGCCCGTCGCCATATAAGGCATGCCCATCATCCAATAAGGAGCCGGATTCATCGGATAACCAAGATTTGCCGCTGCATCTACAGAGTACTCATTTGCTTGTTTGCCCATGTACATGCCAAGGACACCCATACCGACGTTGGCGATAACGCTTGTCCAGTCAGTTTGAGGTTTTTCATAACGATAACCATTACCTGCAGCCGCACAATCACCGCTGCCGCAGACGCCAGCTTCTGTTTGACCACGTTGAGCGTCTTGTCTTGCTTGAAGAGCGTCTTTACGAGCGTCCTTCAAGTCATCATTTGCATATTCAATAGAACGATCGATTGCTTCGATATCATCACGAAGTCTGTTTGCCGTTTGAACAGATTTTCCGTAAGCCGTAATGGACGTCTTACA
CP178619.1_gap16	968963	973353	4390	CGTTGACGTGAATTGGTTTTTTCCAGGAAAGACTTTTGAAAGACAGATGCGAGTTTTCCGCATCGATGTCCAAAGCTACTTCGTTGTAGTAAGAAAAAATACCGACTTGCTCAATGGATTGTGGCGCACCGGAACCGCGATAGCGTTTTGGGCGATCGGCAGTCACCATGATCAAAGGCAAAGAGGAATAGGTTCCCTCAACGGCCGCTGGAAGCAATTCTGCAACCGCAGTCCCTGAAGTTGTGAAAATCGCGACCGGGCGACGATAGCCGGCAATGCGGCCCAAAGCAAAAAACGCCGCCGAGCGCTCCTCGAAAAAGGAATAGACCTTCAGATTTTTATTTTCATCCAGAATATGGACCAGAGGACTGTTGCGAGCTCCAGCACACAGGATGAATTCACGGACGCCCGTGTCCACCAACTCCTGAATAACTTTTGCTGCCAACTCCATGTTTGTCATACTTTAAGCCCCAAAATCTTTCTTACCGACAATCGCTTTTGAAAAAGCTCCCGCCACTCTCTGGAAAATTCACTGGCTGCAACAACGCCGCAACCCGATCCAATCATAGATTCGTTCTGATCCCACTGCAAATTCCGAATCGCAACAAGACACAGAGCCTCCTCTGCACCCAAAAAAGCCATCGGGCCGCCAAAGCCACGACGCCCTTCCTGACCCGGCAGTTCCTGCATCCATTTGTAACCAGCAGCTCTGGGCGCGACTCCCAAGGCCGGAGTCGGGTGCAGCTGCATAACCAACTCGCGAAAATCCGGTTTGCTTTTGCACATCACCTGGAAATCAGTTTTCAAATGGTACAGAGTCGGAAGCTCCAGGATCGTAGGACCGTGACTCTGCACCTGTCCCCATTGGCTCAATCTTTTGCTAAGATCCTCAACAACGAAATGATGCTCTTGCATTTCTTTTTCATCAAGCAGCAATGACTCGCGTTCGGCTTTGTCACTCTTAGGACAAGTCCCCGCCAGCGCCATCGTCTGCAACAGCCCGCGATCGTAATCAAACAAAACTTCCGGTGTGGCCCCTAGAATACCCTGCCCATTCTGCCAAAAACCAAAGACGTACAAAGTCTCCGGAGCTGCGAGCAAATTCAAAATCATCCGAGCCCGATCTGCACTGGTCACCGTTTGCGATGAACGCGCAAACACCACAGGCACAGCCTTTTGAATTTGTTGATTTGCGATCTTTTTTTGGATCACTTCCAAATCGGTTTCGAAATCTGATTCCGGTGGTTCCTGCCACTCGGCCTTACTTAGGGGCCCATCGGGACGCGGGTTTCCGGTCAGGTGGTTTTCAATTAGGGCTTGAAATTCAGAGGTACTAACCGTGAACTGGGCCGTTCCCCACCACAACGGGTGTGACTCCTGCTCATAGAAATCAGGGCAAAATACTGAAATCTCTGAACTATTGGGAGTTTTTACAGGGTTAAATGGTCCCTGTATAAGAGTCCATTGCCCCTTGTGGCGCAAGAGGGCCCCCGAGTCCAAAAAGTTTGTAATGCCTAGAGGCGATATGTTATGTTTCCGATCCACAGTGAGAGTTCGTAATATGGAAATCCAAACTATGCAAACAAGTCCCTCAACCCAAATCGTCAATGTTGGCGGGTTCGACATTGGGGGTCCCGAATTTACCGTAATCGCAGGGCCGTGCTCTATCGAGAGCCACGCACAATTTCTTGAAACTGCGTCCGGTGTTAAAGCTTCTGGTGCTCACCTTTTGAGAGGTGGCATTTGGAAAATGCGCACGTCCCCAACCGCGTTCCAAGGCTTGGGCAACTCGGCTTTTGATATGGTTAAAGACGTTTGCAAGCAATTGAACATGAGCCTTGTTTCTGAAGTGACTGACGTTCGTCAAATCGCTGAAGTTTACGATGTGGTTGAATGTTTCCAAGTTGGTTCCCGCTCCATGCAGAACTATGAACTTCTGAAAGAACTGGGCCGTCAAAACAAGCCTGTATTGTTGAAACGTGGTTTGGCTGCTTACATCGAAGAGTGGATCAAAGCTTCTGAATACGTGGTCAAAGCCGGTAACAACAACGTTATCCTTTGCGAACGTGGTATCCGCACTTTCGAAACTGCGACTCGCAACACGCTGGACCTGAACGCCGTTGCTTTCGCCAAGAAAAACACACATCTTCCAGTCATCGTGGATCCTTCTCATGCAGTGGGCATCCGCGCATTGGTTCCGGATCTGGCTTACGCAGCAGCTGCTGTGGGCGCCGACGGTATCATCGTGGAAGTTCATCCTCGTCCTTCCGAAGCACTTTCAGATGGCATGCAAGCCCTGACTTTGCAGGATTTCGAAACGATGATGAGAAAACTGGAAAGAATCCTGGTTGCGATCGACCGCCCTCTTCACAAGGTGACAGCACATGCACACTGAGAAACAAAAACACTCTCCAAATCCTGAAATCATCCGCAGCATGTTCTCTAAGGTTGCTGCGAATTATGACAAGGGCAACAACGTGCTTTCCATGGGTGTTCACCACTTGTGGAGAAAGAAATTGGTTAAGTTCTCTGGCGCAAAATTGGGCGACAGAGTTTTGGACTGCGCCACTGGCACAGGTGACCTTGCGATTGAATTCAAACAAACAGTGGGTTCAGCGGGTCAAGTGACTGGCACTGACTTCTGCGCAGAGATGCTGATCCCGGCTCCGGGCAAAGCGGCTGACAAAGGCCTTGATATCAAGTTTGAACAAGCCGATGTCACTCAGCTGAACTATGCTGATGACTCTTTCGATATCTCTTCCATCTCTTTCGGTATCCGCAATGTTGGCAACCCGGTAAAAGGTTTGTCCGAGATGGCTCGCGTGACGAAGTCCGGCGGTAAAGTGATGATCCTTGAGTTCGGTCAAGTGAACATCCCGTTGTTCGGCGCATTGTACAACTTCTACTCGCAAAACATTCTGCCAAAAATCGGCGGATTGGTGACGGGACAAAAAGATGCTTACGAGTATCTGCAAAAGTCCTCTGCAGCATTCCCATGCCGTGAGGAGTTTGTGGCGATGATGAATGAAACGGGTGCATTCTCCAAGTGCGAGTTCATCACATTGACCGGTGGAATTGCGTACATCTACAAAGGAACTGTGAAGTAATACACTCCCCACAGACGGCTCATTGCGAAAAAAGGCGTTCCCCAAGAACGCCTTTTTTATTTTGTTTTCATCAACCACTTCGCATTGACTCCGACCTCAGAAAGTTAAAAAGTAGTCGCACTTTCCAAGGAGTCTAAAATGAAATGCATTATTGCTGCTGTGTTGTTTGCAGGTTCTACATCTCTTGCAAGTGAGTTCTGCCCGTCTGCTGAAGATTATCAAGCGCACGGTTGGGTTGTGCATAACTCTGAGGACTTTGCCAAACTGGAAAAGACCTTCGATGCCATGCTGACTCAGGGCCAAAAAGACGGCCAGATCGTTGATGATTTGAGCGGCCACATGGTTGTAAATGACTTGGATAATAAAGAAATCATGCTTGCTGTGAAGTCCTTTGAAGACCTGCGCACACCGGATTTGGTGATGTATGGTGATCACGCGACTTACACACACATGGAAACTCAAGAACGCGTGGAAATCCGCTGGTTCAACGGCAAAAAGAATGTCGTGATCAATCCCAAATACATCAAATGCATCACGGGTCAGCCGCCATTCGCTGAAAACGCAATTCTGTAGTTCCTATTCTGAAAACAAGAATAAAAAAAAAGCTGAGATCGCATCTCAGCCTTTTTTTTATTCAGCATTCTGAATTTTTACGTCAGAGGAGAAATCCAATCCATCGAATCAGGAATTGTTCCCTGCTGGATTCCCGTGATTTCACTGTAAAGCTCGGAGCTTAATGGACCCGTTTCGTTGTTATTGATAGTCCAATCTTTCTCGTTGTAGTGAATCACACCAATCGGTGAAATCACGGCTGCAGTACCAGTACCGAAAGCTTCTTTCAGCTCACCTTTACTTAGGCGTTCGATCACTTCAGTGATTGTGATACGTCTTTCAACGATCGGAAGATTTTTCTTCTTAAGAACCTGAATGATCGCATCACGGGTACCACCAGACAAAATACTGCCGTTCAATGCGGGAGTCACAATTTCATTATTGAACACAAAGAACGCATTCATGGTGCCGACTTCTTCAATACCCAAGCGCTCCACATCAAGCCACAAAACCTGAGCGTAGCCCTTCTGTTTGGCCTCCAAAGCGGCCTTCAAGCTGGAGGCGTAGTTCGCCCCTGCCTTAACAGCTCCCAAACCACCTGGTGCTGCACGAAGATATCTTTCCTCTGTCCAGATTTTTACGGGCTTAGCGCCCTCAGCGTAATAAGAGCCCACTGGAGATAACAAAATGAAGAATGTTGTTTCACGGGAAGGACGAACTCCCAAGAACGC
CP178619.1_gap17	999711	1003012	3301	TCGTTAAACGATTGTCAGCACGGGAAACGACTTCCTTAAACATGGCCACCGGCATCAGGTAAGTATGGGGATCACGAAAAATCGAAATAAATCCATTCAGACCGACGCCCACCATCAATGAGCTTTGATTTTCGGGAATGTGATTTTCTTTTAGATCCTTCCAGACATTCATGAAGGAGAACTTTGTCGCCACTTCTGTTTGTTCGGTGAAAAACTGCTTCCAAATGGCAATTTGCTTTTTCTCTGTGGAGAAATCCTGGGATAGACCTTCACTGACCAGATGGATATTTCCATTAGTTTCAACAGTCAGATTAAAACGATTGGCGACAGAAACCACGGCATTGGCACAGGCCAAAAAGTAACGCTCAGAGCTAGCACAAGTGTCAGGCCCTAGAAGGTCTTCCAAAGACTCTGCTTGCAAACCCGTCTCAGCCCAATAGCTATCCACAGATTTAACTGGAGCAACAGCGGGCGACTGGAGACGCGACCAGTACAGACTGCCCCCTAGGACAGCCACGCTCAATGATGCAAATAAGAATCTACGTGTACTCAATAACACCCCATGCCTCCCGACAAGGTCTCCACCTGTGTGTTCCACCGATGATCCTCAAAGCAACGTCCATGCCTGCTCAGCTCCAATTGGTTGCATTATAGGGGGTGTTTTTTGAACTAATTGCAGGTTTGGACAGAGCTTCCACAGGGGCTTTTTCTTGTGTATCCCGAAGGGCTGTAATAGGGTGAAAACACTATGATTATTGTAACAGGCGCAAACGGTTTTATTGGCAGCGTGATGGTGTGGCAACTCAATGAAAAAGGGTTCTCTGACATCATTGCCGTGGACACAGTTGATCTTCAAAAACGCAATCTTCTGCGTAAACGTGTTTATTCCAAATTTCTTCACAAAGACGATCTTTGGAATTTCCTTGAAACACCTGAAGCCAAATCCAAAGTGACCTGGATTGTTCATATGGGGGCTTGTTCCTCCACCACAGAAACCAACAAGGACTTCTTGTGGGAAAACAACACCAACTACACTCAACGTATTTTTGAATGGTGTGCCCAAAACGGCAAAAGCATGATTTACGCTTCAAGTGCTGCCACCTATGGCGCTGGCGAATTGGGTTTTGATGACACCACAGATCCTGAAACTTTGAAGCCGTTGAACCTGTATGGCGAATCCAAAGTGTTGTTTGATCGCTGGGCTTTGAAGCAGAAAAAGACACCACCGCATTGGTATGGTCTTAAGTTCTTCAACGTGTTCGGTCCCAACGAATACGAAAAAGAAGGCATGGCAAGCATCGTCTACAAGGCTTACAACCAAATCAAAACCACTGGCACATTGGGATTATTCAAATCCGCAAATCCAGAATACAAAGATGGCGAATTCATGCGCGACTTTGTTTATGTGAAAGATGTGACCGGCTGGATGGCAGAGCTTATGGAGAAAAAACCGACTAACGGTATTTACAACATGGGCTTCGGCAAACCTCGCACCTGGTTGGATTTGGCGAAAGCGACTTTTACAGCCATGGGCAAAGAGATGAAAATCAACTGGATTGAAATGCCCGAAAACATCCGTGGCCAGTATCAGTACTACACTGAAGCAAAAACAGATAAGTGGAATCAATCCGGTATGAGTTTGCCAAAATGGCCGCTTGAAAAAGCCGTCGATGATTACGTTAAGAATTACCTCAGCAAAGAAGACCCATTGTTATAAAGGCACATGTTATGGAGACGGACTTTTTACCCCCGCACCTTAGAAAATACGTCGTTGAGCAGAACTATGAAAAGTACACTCCGATAGATCAATCCGTCTGGCGCTATGTTTTGCGCCAGCTGCGCTCATTCCTGTCCAAGAACGCCCACGAAAGTTACGTGGAAGGCTTGGGAAAAACCGGAATTTCCGTAGAGCGCATTCCGCGCATCGAAGAGATCAGCAGCAAATTGAAAGAATTTGGCTGGAGAGCCTTGCCCGTGAGCGGATTTATTCCACCGGCGGCATTCATGGAACTTCAATCCCTGGGCGTTTTGCCGATTGCTTCCGACATGCGAAGCATCGATCACCTGCTCTATACTCCTGCTCCTGACATCGTTCATGAAGCTGCAGGGCACGCACCGATTTTGATTCAACCCGAATTTGCCGAGTACCTTCGTCAGTATGCACAGATTGCCAAGAAGGCCATTCTGTCCAAAGAAGACCTGGATATGTACGAAGCGATTCGCGAGCTTTCAGATTTAAAAGAAATGCCAGGCGCATCGGCGACGGACATTAAAGCTGCTGAAGCAAAACTGGATAATGTCAGCAAAAACATCTCTCACGTTTCTGAAGCCGCTGAACTAGGTCGCATGAACTGGTGGACTGCAGAGTACGGCTTGATTGGCACCCTGGATAATCCGAAAATTTTCGGTGCAGGCCTGCTATCGAGTGTTGGTGAATCCAAGTGGTGCTTAAGTCAAAAAGTAAGAAAGCTTCCTTTGACAATTGAGTGTATCAAGCAAAGTTATGACATCACCGAACCTCAACCGCAGTTGTTCGTAACTCCTGATTTTAAAAATTTGGTGAAAGTTCTAAACGACATGGCCGATCAGATGGCCTTCCGTTTGGGTGGGTTGGCTGGATTGAATAAAGCTATTCAGGCGCAATCAGTGAATACCGCTGAACTGTCATCTGGAATTCAGATTTCCGGTCAGATCATCGAGGCGATCACAGACGCCTCCAAGAAAGTGGCTTACCTCCGTCTGCAAGGACCCTCTCAGCTTTCCTTTAATGACAAGCAGATTCAAGGCCACGACAAGTCTTACCACTTGCACGGCTTTGGAACTCCAGTGGGTTACTTGAAAGACTACCCACAAAAGGATCCATCAAGCCTGACTCGCAGTGAATGGGCTGATATCGGCGTGGAACTGGGACGCCAAGCGCGCCTGGAGTTTGCTTCAGGTGTGTTGGTAACTGGAACTGTTAAAAATATGACTGTGCTTGAAGGCAAAACCATCATCCTTTCAATGACCGATGCCAAGGCTGAATACCAAGGCCGCGTACTATTTGACCCGGCCTGGGGTGTTTATGACATGGCTCTGGGTGCGACAGTCACCTCGGTTTTTGGTGGCGCTGCGGACCGCGAAGCCTACGGTGAAACCGAAGACTTCGTCGCAAAACGCGTCCCAGCTCCAAATTACAAGCCCGAGGAACTGAAACTTCACTCTCAATATGGCCGCTTAAGAGATTTGCGTGAAAAGAATATCCAAGGCGCAGACCTGGAAAAATCTTTGTCCGATCTTTTGGCAAACCATGATAAGGAGT
CP178619.1_gap18	1004126	1007677	3551	CAGCTTTTGCATTGCGAAGGCCAAGCCTTGTCCCATGTCGTTCAGTTCGTGGATACGATTCATGGTTTCTTGTTCTTCCGCCCCGACCAGGCGAAGGCTGTCCAGCTTCACCGAGTTCAGATCGATTTCTTTATTCAATGTCTCAAGCTTCTGATTGATTCTCTTGCGGTCTTGGATCAAGGCCTTTGTGATTTCACGCACCTGGCTCAAACTCAACACATCCAATTTGCCGCTTTCGAAAGCAGATTTGGTTTCTTCAGTGACTTCTTCGTCACCCTGGAAGGCTTCCCAAAACAAAGCCCACTCATTTTTCAAGGAACTTACTAACGACTTATTCCTGTCATCACCCATATATTAAAAATTACTCCTGCGCCCCTAGGGCGACTTTGCCGATTTGTGGGCTTCCGGGATAAGGAAATAGCAAAGCCCATAAACCAAGATCGCAGCTCCGAAAGTGACGTACATGAAGAGAAGGGCAGTGGTTCTGACCACTCCCACCTCGAGCTCGTATCTCTTGGCTATTCTAGCACACACCCCTAGAACCTTACTATCCAGAGCTTGGTCCAGTCTGTCGACGCGCGGCAGCGCATACCACAGGGTGAAATATAGAAGGACCCCGCACCCAAACCAAAGTACCGCGATCAGCCATATGACACGCAGCATCCACGTTTCAATCTCAAAAGCCTCTGCGAGTCCTTTGCAAACCCCGCCCAAGGCCCCGTCTGAAGCTCGGGTCCAACGATATTTTTTATTCGGAACTTCGGCCGTCATCGTGTCCATTATTGAATTCTCCCCGTGATCATAAAGTCATTTCCAAAGGTTTTATAAGTCGGATGCTGAATGAAAATCTTGTTCTTCATCTCATCAATGCGAATTGTTTCCGTCCATGATTTCGAACCACCGGATCCCATGATGATCGGTGCTTGAAACATATAAATCCGATTAACCAAGCTGCTCTCAACAAAACTGCTCGCAGTCAAAGCTCCGCCCTCTACCAATATGGATCTGAAACCCGTTTTGTAAAGTTGCGCCAACAAGTCTTCCAGATCCAGATTCCCGCCCACTTTGGTTTTTACAAAAACCAACTGAGGTGCTTTTGAAAGTTTGGATACTTTCTTCTGCACTTCTTCTTTCAGGTCTACAGCAACACACCAGAAAACGTTCTGAGTGTCGTGCACTTCGGAAAGCTTCAGCTCCGTGTACTTGCCGATCAATTCGCCTTCGCCGTCGATGACCACCACTTTGTTTTTCTTTTCAATTTGGGGATGGCGAATGTTGAGTGAAGGATTGTCGAACTCGATCGTGCCCTTGCCGACAAGTAAACCGTCATAACAAGCTCGTAAATAGTGAACGTACTCGCGAGATTCAGAGCCGGTGATCCACTGACTCTCCCCTGATTTCAAAGCAACCTGCCCATCCAGGGAGCTGGCCATTTTCAAAGCGACGAAAACTTTTTTCTGACGGAAATTCCAAAGAAATGCCTCACAAACCTCTTCCAGCTTGATGCGCATTTCCTGATCGTATTTCAAACTTTCTGCTTGATAGAGATCCGCTTCGATTCCCGCCTGGCGCAGAATTTCAGCTCCTTGACCTGCCACCAATGGATTGGGATCGATCAGTCCAAACGTCACGCGCTTGATAGGAAGTTTCGCGAGCATTTTTGCGCAGGAGGGAGTTTTGCCTTCGTGAGCACAAGGCTCCAAGGTCACGATAACGTGGGCGCCCTTCAGATCTTCTGCAGAAAGATTTTTAACAGCATTCACTTCAGCGTGAGGGCCACCGTAAAACTCGTGGTGACCCGCAGAAACAAATCCACCTTTTGCATCCAACACTACACATCCAACTAATGGATTAGGGCTGACGCGAGGTCCACCTTTATAGGCTTCGTTGATGGCCAAAGCCATCGCCGCATCCAATGTCATCGGTGTACCCCTGACGGGGATATTAAGGCTGCTAATCTGTTCCATGGAGCTGTCTCCCTCGTAAATTGCGGCTCTAGCTTATTCTCAAAATGAGACGAATTCAACGGTCTGGTTTTACCAACTTTTAACAAATAAACCCGAAAGAATTTATAAATATTAACCGATTATTACTTAGATTTAGGGGTTGAAACGTTATGTCTGGTAAATCTAGGAAAAAAGATCCCACTTGGTACTATTTCTTAATGGCCTTTAACGCCTTGGCGATCCTTTTTGGCATCGGTCTGCTTCGTGACCTGATGTGGATCTTTTAACCTTCCAATTTCTTATAAAATTCCAGAACCTTCGGATCCACAATAATTGATTTTGGATTCCACCCAATCAAATGCAATCCCTTCGCAGACTTCAATCTTGAAAGCGCCACATAGGCGTGTCCCGGCTCCCACAGACGACTTAAGTTACACCATAAATCATCCAGCGTAGCACCCTGGCTCTTATGAATTGTCGTAGCGTAAGCCAGAGTCAGGGGAAATTGAATCACCTGTGCCATCACATTGCCTTCGGCATCCTGTAAAGCGAACGACACCTTATCGACACTGACCTCGCGGCCACCATCTTTCTTCACGGTGATTTCATCAGCTGCAATATCAGTCACCACACCGCGCGTGCCATTGACCCAGCGCTTTTGCGGATCGTTCTGCAAGAACATCACGCGACAGCCCAGTTTAAGCGTCAGCTTCACCGGTACGGGTGCTGACTTCATCAAAATCTCCACGTGCTTTTCTGAACCAAAGTAAATGGAATCAACAGTGACTTCCTCTTCGCTCAGCTCGTTCAACTTCTTTTGATTGAAATCCTCGGCGTCCGCTTTGCGTGGGAACAATCTTGTGCCTGGATCATCCTCATCATGGTCGCGTAAATGTTCATTTAAGAAATCCCGTACGCGCTCAGTGACCAAGCCATGGCGAACATCACTTAGTACATCCAAAAACAAATTATCTGATACACGCTGATTGTGGGAAAGCATCACAGATTGAAAACCCGTTTGCTGCCACACCGGATTCAAAAAGCACCAGTCGCGCGGACCACTTTGTGTGACTGGTGGAAGCTGAGCAAAATCACCCACGGCGATAATACGCATTCCTCCCCAGGGCAAAGAGGATTCACGCGCCTTTTGCGACAAGGCTTCGGCAATCATCAAGGCTTGACCAGGTATCATGGAGATTTCATCAATGATCACGCCTTCAACTTTGCGAAGACGTGCCATCAGCTTGTTGTCTTTGGAAGCGCGCTGATAAGTTGCATCAGCTCCGCCTTCCATGATTCCCAAACCAAAGAAACTATGAAAAGTACGGCCGCCCAACAATACAGCAGCTGCACCGGTACTGGCCAAAATCGGCATGGCCTTCGGGTCCAGTTCGCGCATGAACTGGCGAATCAGGAAACTTTTTCCACTGCCCGCCCCACCCGTCAAAAAAACATTCTCCCCAGAGCGTAAAAGCTCCAGAGCGTCTGCTTGTTCAGGTGAAAGTTCCACAGTGGTTTTTGTCATAAAGAGGAATCATGCCCCTTGGTAGGGCCAATAGCAAGATTGTGTTGCCTTTCAAAGCAAAGGGTCATGAAATATCTGAG
CP178619.1_gap19	1025700	1028099	2399	ACTGGCACCACTGCACCTTTACGCTGCCACCAGGAGCAGAGCTGATTGCCACCAATGATTTCTGTAAGAATCAGGCCTATAAGATTGGTGATAGTATCATAGCGACCCAGTTTCACCCGGAAACGACCGAGGACTGGATTAGAGAGTGCGCTGATGAGGTGGGCTCTCACCAGCAGGGTATTGTTCAGAACAAAGCCGAGATGCTGGCTGATTTGCATTTGCAAAAGCCATTGAAAGATTGGTACTTCAGACAGCTGGATAAGTTATTTAAGTCTTAAAAACAAAAAAGGCCTGGGAAACCAGGCCTTTTTTGTTTGAATTATAATTTCAAATTACATCGCGAAAATTCTGGAACACGCACGAGTCAGTGCATCACGTTGCTGATTCTTAGCAACGAGCTCAATAAACTTCTTACCTTCTTCTGTGGTAATATTATAAGTTTTTCCGCGATACATTCCACTCACACCTACACCGCCCTTGTTCACAAGAGCTGTACCTGTTTGAATTTTGATTTCTCTTTCAAACTCTGCAAAGAAGTCCTTACCCCACTGATTATAGGTCTCAATGGACATCCACGCTGGAGGTTCATTTCCATGCAAAATACCCACTGATACCGACGCATAACCTTTCTTAAGGTTGCTTTGCTCCCAGGCTTTGGTGATATCTGTTCTGCCGACTTTATCAAAGAAGTCCTGAGTCAGATAAGTATCGCCGTAGTCACGCAATACGATCTTACCCGTCGGACGCATCTTCGCATCCAACTCCACCAGGAAGTTTTGCGAGTGTGGTGAATCGTACGTCATACCCGTCAACGCAAAGAACTCAGCAATCGCACGCGCCAGGGGTTTGTTATAGTGTTCATTCCAATACTCTGCCGGATCACTGGAGCCATTCAGTTTTGCGATCTCGCGGCCCTTTTGTTCATGCATGATTGAGAAACCCGGAACATATGTTTTTCCCGAATTCGTTAATGTGTCGTACGAACGAATAATCATACCCTGATCGATAACAACTTTACCCTTGTCGTCACGGGTTTCGATACCGAACGCCAATGGCTCATCAAGTAAAACGATATTGTACAATTTTGGTTGTTTCGCAATTTGGTCTTCCACGAAATCCGTCATCATACGTATTTGCTTACCATCGTCCCAGTCCTGATGCTTGTCACGCCAGTGACCGCCGGTCTTATCTGTGGAGCCTTTAAAGGAGAACTCTGCCTTGGACACCGGATCGACGATAATATAACTGCGGGAAGCAGTCATATAGCCTTTATAATAGACTTTCTTAACAGGAGTGATGCCATTGGCCTTCAGGAAACCTGCGATCTCCTGCCACCACTTGGTGTCTTCTGGATTAATGATCCAACGAAGGTACTTCACGCCTTTTTCTTCATGAATCAAAGAGTTTACGAACTTTTCAGGAGAGCGTTTGGCGATGTCCGCCTGCACCAGACTCAAGGGAATATCATAGTGATAGACCATAACTTCTTGATTACTACGAGTGGCTACTGCGTTGGCTTTGGTTTCCAGATTAACCAATTCCTGCATTTCCTTGCTGATGGCGTGGGAAAACGACGCCAAAACCATATTGGAAATCAAAGCAAAGCTTAGAGCTCGGTTGAACTTCATAATAATAGTCTCCTGATACGTTTTAAGTTCCGACCCGCGTGTTTCAAGAGAAGTACCAAGTTTTCAGGGGCTCAAATTGAATTAATTTGATCTAGAGAAGGAAAATCAGGCAAAAGAGCGCAACACGGCAGTCAGTGTTAACAAACTTAACACCGTAATTTGCTTGAAGAAGTTCAATTATTTACCGTTCGGAACTTTTCCGAGTGGTTTTAGAGTACCGACTTTACCCACTTTAGAAGGCAGAGCGTGTTGGATCTTTTCAGACATCCAAGGATCAATTGCGATTAGTTTTTCCAGGTTCAAACCGGTTGTAATACCCATACCGTGGAACATGTAAACGACATCTTCAGTTGCCACATTTCCCGTAGCACCCGGAGCATAAGGGCATCCACCCAAACCACCAAGGCTGGTATCAAAAACACGAACACCCACTTCAAAGGCCGCAAGAATATTTGCCAAAGCCTGTCCACGAGTATCATGGAAGTGACCCGCTAACTTTTTAACTGGAACCACTTTTTTGATCTTCTTAAACAAGGAACGAACCTGACCCACATTCGCCACACCGATAGTGTCGCCAATGGAAAGCTCATACACACCCAGCTTATGCATGCGCTGAGCAAGCTTCACCACGCGGGCTTCTGGAACTTTACCCTCGAACGGACAACCAAAACACGTGGACAAATAGCCGCGCACCTTGATCTTGTGTTTTTTGGCTAAGGCCATTACCGGCTCAAAGCGCTTGAAGCTCTCATCGATCGAGCAGTTGATGTT
CP178619.1_gap20	1033263	1035366	2103	TCTTAATTCACTTTTAATTATTTTTTGACTGCCATCCTAAGAGGATTAAACGGACCCCTGCGCACTACGCAGATTTATTCAACTCGTTTAATTTTTCTGACACGAAATGATCCACCATCTTTTGATAGCGGGCATGCAGCGATAAAGCCGCGACGTCTTTTGCAATCAATTGCACCAAACGCAGGTCTTCCTCGGTAAAAGGTGAGACCCCACGCTTATCTGAAAACGTCATCACGCCTAAAATTTCATTCCCCATAACCAATGGACACAGCAAACATGAGCGAGTTCTATATTCGTTGGATTTAATATGAGCCCGTTCTTCGTCAGTGATGCGGTCCTCTTTTTTGAAATCGTCCACCAGCAAAGGACTGCGGGTTTTCATCACCCGTCCGATCAGACCGTGACTTGGATCAACAGTCAGCGCGACTTCTTTCAATTTATTGGTCGGTCCATAGATCGCCTGCGCATGAAGCAAAGGATCATTGCCTTTTAAATCCACCAGATAAATCGTGGAACGTTCAGCATTCAGGTATGAGCAGATAATGTCCTGCATGTTCGACAGTTTTTCATCATAGGAATCAGCACCACAAACAATATTCGTAACCTTTTGCAGAACCTGAATGGAGTTCAAACTTTTCAAATTGGATCTTTCATGGCTGGCATAACCAAAGATCGTGTAGACCGCAAAGAACAACGGGAATCCCACAGGAAAGAAATTATCCAAAACCTGCGCGGTCGGGCCATCGATCCACGCTGGATTTGTTTTCATATAAATTTCTGCAGTGGCAACGATACCAAAGATCAATCTGCGAAAATCATGAACCGGAACACCTGCGCGGTGGCGAAGACTGGTTAATACGACCATCGCCAAGTATAATGTCGCTGCGACCGAAATCGCAGTAGTAATCCAACTTAGACTGGCACTTTTAGCTGCTGGCACGAAGAACAATGCGGTAAACACCACACCAGCCAGGATAAAGTTTGCTGCCATCTCGACATGTCTTTTTGATTTCTCCAACGCTTCCAAAGCAACAAACGGCAACGCCACCAGACCCGCAGACAACAGACTGATTGTCTGCATTGCATGCTCACTAAACCCGGTGACCTCCACCGGAACTCTTTCAACCAGACTAAGGCTGCCGATTGAAAACACTGTGGACAGGTAAATTAAACGGCGGTCCTGTGGAGTGAAAAGCCACAGTCCACAGGTTGCCACTGCAAAGAGTGGATTCAAGACAATCAGGTTTTTCCAACTGGCCACAAAATGAAGTAAGGCCGTTGGATTAGTAAGCCCACCCTTGGGCACCAGGAACACGGCCCAAATAAAGAATCCTGCAATCACCAGAAATGACAAACTTGCGATCATCAAACTATTTTGCAGGGTGATTTTCTGAGGCAGCCACTTTTGCAAGTGGGACTGAATTGAATTGTTATCCCGTATATTGAGCCAAGGCAGGTCAACCGAATAGCTGACTACCGGCTTTTTAATATTTTTAAGCTTTCGTTCTTTGATAGGAGTGAATTTCAAATCAATCTTATCGCTGACCTGATCCACAACCTGCTGACTGATGCAAATTCCACCAGGAGGAGCCAGTTTTTCCAGACGTGACGAAACATTCACATCATTTCCGAACGCATCTTCCTCGGTCGCAATAAAATCACAAAGGTGAATGCCGATTCTAATCTGGAATCTTTCATCCACCATTCCGCCCAGATTTCTTTGATAGAGCTGGGATTGAATGTCGTAGGCGCACTTTACTGCTTCAAGAACACTGGGAAACTCGATAAAAAATCCATCACCCAAAGTTTTGATCTCACGACCACCATAGGACGGGAAGATCTCTCGCAGAATGTTGGTTTTCTCTCCCAGCAATTTCATCGCTAAAGCTTCGTTGCGATGAAATATAGCGCTATACCCTACAATGTCCGTAAACATCAAAGCGGCCAACCGACGACGATCAACAGCGGGACTGAATTTTACAAAGGACCTGGTGGATAATGGCATTCCGAAAATATCGGAGGATTGTTTATTTCCTTAACTCGCAGAAATACGAGGAAACTCCGAACTCACGGCTGAACTGGTACTTCCGTTCGACGAGATGT
CP178619.1_gap21	1104077	1105699	1622	GGAATGCGTTTCTGACACTCACCCAGAGGGCAAGAAAAGCGATCCGGATTTCATTATTATTCCACCAAGTCTGAACAATATAATTTCTGCGGAAGATTCCAAAACATGGACACCGTGGATCCTTAAAGGGCACAGCAAAGGCTCCATCATCTGTTCAATATGCTCTGGAGCGTTCCTTCTCGGCGAAACCGGTTTGCTCGACGGCAGACCGACCACCACTCATTGGTTCTTTAACGATCAGTTTAAACAAAGGTTCCCGAAGACCCTGGTGGATACCGACAAAATTCTCATCGATGATGGTGACATTATCACTGTTGGGGGTTTGATGGCTTGGGTTGACTTGGGACTTAGCCTTGTTGATAGATTGCTCGGCCCAACCATCATGATTCAAACCGCACAATTCCTTCTTGTCGACCCTAACGGTCGCGAACAGAGGCACTACAGCCACTTTACCCCGGTTATGAATCACGGTGACGAAAGCATTTTAAAGGCCCAACATTGGCTGCAAAAGAATACCAAGAACGAGCTAAATATTACAGTCTTGGCTGACAAGTCCGGGCTCTCTGAAAGAACTTTTCTACGAAGATTTAACAAAGCCACAGGTCTGAACCCGACAGCCTATTGTCAAAAACTTCGTGTCTCCAAGGCCCGTGAGTTATTAGAATTTACCAAGAAGAATGTAGAGCAGATTGCCTGGGATGTTGGCTATGAGGATCCCGGGGCATTCCGTAAGGTTTTTCACAAAGTGATGGGGCTGACCCCTGGGGAATACCGACATAAATTCCACATGAGATAAAGGAACCGAAATGGCAGCAAAAACAGAGAAAGCCAAAGTTGACAGCTATATAAAATCATTAAAAAAGTGGCAGGATGAAGTCTCCCAAATAAGAGCCCTCGTTTTGGAGAGCGGTCTTATTGAGGAATTTAAATGGCGACTGCCTTGCTACACCAATGCCGGAAATAACATTGCGATCATTCAAAACTTCAAAGATTCCTGCGCATTGATGTTCTTTAAAGGCGTACTTCTTAAAGATCCAAAAAAGTTATTAAAAGCCCCGGGACAGAACTCGCAAACAGCCCGACGCTTGGAGTTCACTTCCTCTGCTGAAGTGAAAAAAATGAAGACAGCGACAAAGACCTTCATTAAACAGGCCATTCGCATCGAAGAGACAGGTGCGAAGGTCACTCGCAAGCCTGCTGATCCGGTTGAAATGCCTGCTGAATTTAAGCAGGCTCTTACAAAGGACAGTAAGCTTAAAAAAGCATTCCAAAGCCTGACGCCGGGTCGGCAGCGTTTGTATCTGATGCATTTTGCATCTGCGAAGCAACCCGCCACCAGAATCGCGCGCATTGAGAAATACACTCCCAATATTCTTAAAGGTCTGGGAATGAATGACAGATAAACTATAATCTCAACTCGCCACTGGAAGGGCTCATTGTCCAACAACATATAATTGGCGGTTTTGGCATTATTTCTGTCACTTCCGCCAATGGTTCTGGTCTCTTGTTCATGAGATTCTTTATCTGTACCCGGCAATTGAGCCGGAAAAGATAAAGGAGAACTTATGGGAAACTCAAACGGAAAAACAGTTGTACTTATTCATGGCGCTTGGATGACACCT
CP178619.1_gap22	1220608	1224859	4251	ATCTGCAGCTGCAACCATTCCAATGGGCACAGATGCTGATGGAGCAATTCAAAGGCGATTTCGCCCCACGCTCCTATGTGACAAAATTCCACCAGGAAGGCGATCGAGTTACATCCGTGACTGTCAACGGCTCGAAAACGATTCATGCTCACAACTTTATCTTCGCCGGCACAGTTCGCGATCTTTCTATTTTGCTTCCTGAGGACGCGATCTCCGCGCGTGCACGCTCCAAACTGGGTAAAAACAATTATTGGACGGCACTGTGCCTTGATATCTGCCACAGCAAAGCTGTGACTGAATCAACGGCAGTTCATGTTCTTAACGGCACAACTCAGGATGAGATCGGCCCTTGCGCCGGTCGCTTTATGCCAGCCGTTGAGGTTGATGGCAGCCAACTGCAGGCTTCCCAATGGATCACCTTCATTGAAACCGAAATGACTGACGATAGCGAAGTTGTGGGAATGGCATTGAAAAAAATCAAACGCCAAATCAAACGCGCTTATCCAGAAGCTTTGGACGACATCAAGCTTGAGCGAATTTTTGTGGCTCCGTACATCGCCGGCAATGGCGACCTTAAGTTGAGTGCAAATCAAACGATCCCAAGCCTTGAGAATCTTTGGGTGGCCTCTTCCACTTTGAACGATCAAAAGAACCTTGTAGGGTCTCTTTTGCAGGCAGAAATGATAATTGCTTCCCTCGGCTTCAAAGTTGAGAAAACCGCAGTCTCCGAGGCTCCGGCCGAGGACTTTGCTGAAGCAAGCATGTAAGTTATTGAAATTACATATATTTGATTGACGCCGTCGCAGAAATGCTGCGGCGTTTCTTTTTGCAGCTTTTCATTCGAGAAACTCTGCTACCAGACTGAGCAAAAGATCCTTGCTCTTCCATGCCACGCTATGATATCCCGTGAGTCCAACAATAACACACTCTAGAGCACAACCTGGTCCCCGAGTACTGAAAAAGGGGTCTTCCGGCGAAACAAAAAAAGCTGGCTCTGCACTAGAGGAGGATTAACCAGAAAGGACGTACTACCATGGCACAAGTTACCATGAAAGAAATGCTAGACGCTGGAGTTCACTTCGGACACCAAACACAGCGTTGGAACCCAAAAATGAAACCTTACGTTTACACAGCTCGCGGCGGTATCCATATTATCGACCTGCAAAAAACTGTTGTTCGTGCGAACAAAGCTGCTGAATACGTAAAAGAAATCGCTGCTAACGGTGGTCGCATGATCTTCGTTGGTACTAAAAAACAAGCTATCGAGCCTGTTCAAGAAGCAGCAGCAAAATGCGGTCAATACTACGTTACTAAACGTTGGTTGGGCGGCATGATGACTAACTTCGAAACGATCAAATCTTCTATCGATCGTCTTCGTAAAGTTGATGCTATGAAAGAAAAAGGCGAATTCAACTACCTTACTAAAAAAGAGCGCGCAAAAATCGAAAAAGAATACCTTCGTTTGTCTGAGTTCTTGAACGGTATCCGCGACATGAAAGAAATGCCTTCTGTAATGTTCGTAGTAGACCTTCCAAAAGAACACATCGCAGTTGCTGAAGCTAAACGCTTGGGTATGACTGTTGTTGGTATCGCTGATACAAACTCTGATCCAGATTCTATCGACTACCCAATTCCAGGGAACGACGATGCAATCCGTTCTATCAAATTGTTCACTAACCTAGTTGCTGACGCTTACATCGAAGGCGCTAAAACTTGGGAACAAAAAATCCGCACAATGACAGATAAACAATCTGACGTTGCTAAGGAAGCTAAAGGTGACGAGGCAGCTCCTAAACGTCGTGCTCCTGCTGCTAAAGCTGGCGCGAAAGAAGCTCCTAAAAAAGCTGCTGGTCCAGCAGTTGTTAAAGCCAACAAAGGTCGCAAACTTGTTGCTGCTGGTACAGCAGAAGAAGTTGAGATCCAAGCTGAGCTTGAAAACAAAGACGAATCAGCTGAGTAGTCTCAGACTGGTCTCTGAAGAAAGGGTGGCTTGACCACCCTTCTCTTTGCGTGTCCGCCATAGCTTCAGCGACGGCGGATTCCCACTCTCCGGTTTCACCAGAGAGTTTTTGATAAAGATCTTTATTACTGTTCTTATTATAAGGAGTCTTCCTAATGTCTATTTCAGCTACTCTTGTTAAAGAGCTAAGAGAAAAAACTAACGCAGGTATGATGGATTGCAAAAAGGCGCTTGAAGCGACTTCTGGCGATTTCGATGCTGCTGTTGAATGGTTGCGCGTTAAAGGTCTTGGCGCTGCAGCTAAAAAAGCTGACCGTATTGCTGCTGAAGGTGCGGTATTCGCACTACTTAACGGCACAACTGGTCTTGTTATGGAAATCAACTCTGAAACTGACTTCGTTGCTCGCAATGACGGTTTCAAAGCTTTGGCAGCCGACGTTGCTGAGCACATGTTCAAAACTGAACTTGCTGCGGACGTTTTGACTCAAGCTTTCTCTAAAGATTCTTCTAAAAAATTGGGCGACCTTTTCACAGAAGCTACTGCAACTATCGGTGAGAAAATCGTTCTTCGCCGTCAAGAGAAGTACACTGCTGCTGCGAACACTTTGGTTCACACGTACGTTCACGGTGAAGGCAAAATCGGTGTTATGATTGAAGTTGCTGTTTCTAAACCAGAAGCTGTAACTAACCCAGCATTGAAAACATTCGCACAAGACGTTGCTTTGCACATCGCTGCGATGAACCCAATGGCTATTTCTTCTGAGCAAATCCCTGCGGACGTTGTTTCTAAAGAAAAAGAAATCCTAACTGCTAAAAACCTAGAGTCTGGCAAAAAACCTGAAATGATCGAAAAAATCGTTGAAGGTCAAATCCGCAAGTTCTTGGCTGAGAACTGCTTGATGGACCAAGCTTTCGTTAAAAATCCGGACTTGAAAGTTTCTGATTTGGCGAAAAACGTTGGTAAAGAAGTTGGAGCAGACGTTACAGTTAAGCGTTTCGTACGTTTCGAATTGGGCGCTGGTATCGAAAAGAAATCCAACGACTTCGCAGCTGAAGTTGCAGCTCAAATGAAAGGACACTAATTTGAAAGCGCCTATCTATAAGCGTATTTTGCTAAAGTTAAGTGGTGAGGCTCTTGCTGGAAAGCAAGGAACTGGTATCAACACTGCGACAATCACACAGATTGCGCATGACGTAGCAGAGGCTTACAAGGCAGGCGTTCAAATTGGTCTCGTCATCGGTGGCGGTAACATCTATCGTGGTGTTGCCGCTTCTGCTGAAGGCATGGATCGCGCAAGTGCAGACTACATGGGTATGCTTGCGACTTGTATCAATGCCCTGGCTTTGCAAGATGCTCTTGAAAAAGCCGGTGTTCCAACCCGTGTACAAACAGCCATCGAAATGGCTGAAATCGCAGAGCCTTATATCCGCCGCAGAGCTATTCGCCATTTGGAGAAAAATCGCTTGGTGATCTTCGGTGCCGGTACCGGAAACCCTTATTTCACAACAGATACAGCCGCTTCTCTTCGCGCGATGGAAATCGATGCTGAAGTGATCATGAAGGCGACTAAAGTTGACGGTATCTACGATAAAGACCCTGTGAAACATGCTGATGCGAAGAAATTCGAAAAGATCAGCTACATCGAAGTACTGAATCGCGGTCTCCAAGTTATGGACTCAACTGCGATCTCTATGTGCATGGATAACAAACTACCGATTATTACTTTTGACCTTTCAGTTCCAGGGAATATCCTTAAAGCTGTTCAAGGTGAAAACATCGGCACCCTGGTTCACTAGGGTCCAACTAAGGAGTCTCAACATGGCAATTGCTGACATCAAAAAGACTGCTCAAGCACAAATGGACAAATCCATTCTTGCTTTGGGTGAAGAGCTTAAAAAAATCCGTACAGGCCGCGCTCAAGTTTCAATGCTTGATGGCGTTCGCGTAAACTACTACGGCAATCCTTCTCCACTATCACAAGTCGCTTCCGTATCTACTCCAGATGCGAAATCTTTCCTTATCGCGCCTTGGGAAGTATCTATCCTTAAAGACATCGAACAAGCGATCATTAAATCTGAATTGGGCATGGCTCCAATGAATGACGGCAAAGTGATTCGTTTGAAAGTCCCTGACGTAACTGAAGAACGCCGTAAAGACCTTGCAAAACAAGTTAAGAAAATCGCTGAAGAAGCACGCGTAGCTGTTCGTATGGCTCGTCGTGATGCAAATGAAGCTATCAAAAAAATGAAAGCTGACAAAAAAGCACCTCTAAGCGAAGACGAAGCTAAAA
CP178619.1_gap23	1252104	1256380	4276	CCGCAATCGCATTCAGCCAAAATTTCAAAATGGCCGCTTCGGTTTTTTTGCAAGAAACTCCCACGAGATTGTCGAAATCGACGACTGCTTGATTACAGAGGATGTTCTGACAAAGAAATTCCCGGAAGTCCGCCAATGGGCCGCAGATAAAAAGTCGAAAGATCTTTTGCGACTGGAAATGTATATCTCTGAAAATGAGGAGATCCGCTACGGACTGATCACTGACGAGGACGATGGCATCGGCTTTTCTCAGGTTAACCGCTTTCAAAATCCACATTTGTTAGAAACCACGTTGAACTGGGCTGGAGATACCGAGTATCGGCAGGTTTTTGACCTCTATGCTGGAGCGGGTAACTTTACTTTCCCGCTGATGAACAAGTATAAATCCGCCAACATAACGGCTGTCGAACTAAACCCAAAACTGGTGGAGCGCGGTCGCGCCCAAAATAAAGAAAAACGCCTGCGCTATTTCATGTCTGACGTGGAAAGCTACATGCGCAGAGCGACTATCCAAAAACAGGACCTGGTGGTCCTGGACCCTCCTCGTGCGGGCGCCAGCGAGTACATTATGCGTTCTCTGGCTGCGGCGGAGCCGGAAAAGATCATCTATATCAGCTGTCACCCGGTTTCTCTGGCAAGGGATCTGAAATGGTTCTTCGCATCCGCTCAACAGCTCGGCAAAAAATTCCGCCTGGAGCGCATGCAAACTTTCGAGATGTTTCCACAGACAGACCATGTGGAGACTATTGCTGAGCTCAGGGTTGACTCTTAGCCCTCTAGTGATACCTTTTTATTCATGCGTAAATGGATTATCGCTGCCTGTGCACTCACTTTGGTGGGCTGCGCAAGTTGGAATCAAGACAAAGAAAAAGCTGCGTTATATCTTCGAATGGGCAATGCCTTTATCGAAGAAACGAACTATCCCAATGCCATTGTCGCTTTGCTAAAAGCCCAAGAGCTTGATCCTAACGAACCCACAATCCAAAACAGCCTTGGCCAAGCCTACTTCCTGAGGGAACGCTACGACCTTGCAGAAAAACAGTTTCGCAAGGCAATTGCCATGAATCCCCAGTACAGCGATGCACGCAACAACCTGGCTCGCACACTCATTGAAGTCGGCAAGTTTGCGGAAGCTGACAAAGAACTTACATTGGTACTAAATGATCTTACCTACGGTGGCTTTGCCAAAGCTTACACCAATCTGGGGCTTTCAAAATTTCACCAAAAGCAGTATTCCGCTGCCCAGGATGCATTCCTGAAGGTTCTTAACTCCACTGCAGACGACTGTTGGGCAAATACCTACTATGGTCGAGCTTTCTTTGAGCAAAAAAAGTACTCACAGGCAGCAGAAGCCCTGGATCGCGCCATTGGCTTTTGCCAAAAAAATCTGATTGATGATCCTCATTACTACAGCGCCCTGGCTTATTTCCGTCTGGGGGATAAATCCAAATCCATCGCTCGTTTTGAAGAAATCATTCGCTATTATCCAAATGGCCAATATCGTGAAAAATCCAAGAGCATGCTGGAGCTGATTCGAAAGGGACAACAATGAAAAAAACCGGTGAAATACTAAAAGCCGCTCGTGAAGAAAGAGGCCTTTCACTTAATGAAGTGGGTCTGTCCTTGAAAATCAGCAGCAAAGTTTTGAAAGCCATCGAAGACGGTGACGAAAATCAATTGCCAGCAAAAACGTTTTTGCGCGGTTTTGTAAAAAGCTACGCAACGTTCCTGCGTCTGGATGCTGATAAAATTCTGGAAACCTTCTATCAGGAAATGGGCAGCACGCGCCCTCAGCCTTACATCCGTCCGACTTCGACACCAGAAAAGGAAGCAGAAGTTGCAAAAACCACTGCATCTTCTGATGAACCTGAGGCTACCGTCACTCCGATCAGAAAATCAGCCCCAGCAACTTCTTCCAGCAATGACTATTCGCCGCTGAACAAGAAAAACAACACCAAGACGATCGTGGTTGGTGTGCTGTTGGTATTCCTGGCGGGCTTGATCATCTTCACCAAAAAAATGATCGACAAGTATTCCAAAGAAGCTGAAGTGCCAACCGCTGAAGTAGCGGAAATGATGGAAGGCGCGACTCCGGTTGATGGTGATGCCGCTCCAGCAGAGCCACTGACATCTGAGAGCCCGACTCCAAACGCGTCGCCGTTGGCACAAATCACAAAACCAGAAGAAAAGCCTGAACCAATCTCCAAGGCAACACCGGTTGAGACACCTAAAGCCTCACCATCTCCTTCTGTTTCACAAAGCCCATCTCCAACGGCAACTGTAGCGGCAACTGCGACAGCCAAAGCGTCCCCGTCACCAACGCCGACAGCATCTGTCGCTGCAACGACGACTCCGACAGCTTCTCCATCACCAACCGCTTCTCCAACTCCTGAGAAAGCAAAACCGGTGGAGCTGATCGTTGAAGCATTGGATACAGTTGAAATCGAGTACGCCTCCCCATCGGGTAAGCCACAAAAAATCAGACTGTCTGCAGAGCAAGTACACACTTTCAAAAGCAAAAGCGGTTTGAAAATTAATTTCTCCAATGGTGGCGCTGTGAACCTGATACTTAACGGAAAAGAATTGGGCATTCCAGGAGATCTGGGTAAACCAATTAAATTGAGCTACTAGCCTTGAAAGACCTGAAACGACTTTGGCTTATCAGCCTTTTCGTCAAACTTATTCTGGCGGCACTGCTTCCACTCAGTGCCGATGAAGCCTACTACTGGGTTTGGTCTCATCGCCTGCAATTAAGTTACTTCGATCATCCACCCATGGTGGCATGGCTGTTTTATCTGGGTCACTTTCTGGAGCCCCTTCTTAACTCCGTTCGCTGGCCCGCAGTTCTGCTCGGTCACTGTGGGATCTGGGTTGGCGTTGAGCTCCTTCGAAAACACATCGATCTCGAGAAAGTTCGCGTGTGGATTTACCTGGTATTATTCTCCCCGCTGTTGGGCTTTGGATCTTTGATTGTCACTCCTGATCTTCCGGTTATCTTTTTCTGGATTTTATCCATCTACTGTTTCGATCTTGTTTTGCAAAAAAAAGATTTGAAAAGCTATGCAGCCTTAGGCTGCGCATTGGGTCTTGGATTCTGCGCCAAGTACCACATTGTTCTTTTTGTGCCTGCCATTTTGCTTTACCTGGTATTTGAAAGAAAATGGCGGGAAGTGAACTGGAAGTATGTTCCAGTAACCTTGCTTACGGGCCTGCTTTTCTGTCTGCCGGTCATTCTGTGGAACTATCAAAATGACTTTCAATCCTTCCGCTTTCAATTGGATCACGGCTTTGAACGACCAGATTACAAAGCAGAATGGACAATCAGTTATGTGATAGCACAAATTCTGATTATTTTTCCCTGGGTGTTCTGGTCAGCACTTCGCGCGAAAGTTCCAGCGCCACTAAGGTATTTGATTTACTTTGCTTGGTTTCCACTAATTTTCTTCTTTGGAACATCCTTTAAAGCACTCGTGGAAGCAAATTGGCCAATTATCGCCTACCCGGCGGTCTTCATGCTTGCCGTGCTTTATCCAAGAATGCAGCAATGGTATCGCTACTATGTTGGATTTTTCGGACTGCTGATCACGCTCGCAGTTTCCATGCTTTTTATTCCATCTTTACGAAACATGGATCCAAAGGTCAGCGAGCCTTTTGATTATCAAAAGCTTGCGAAAGAAACTGTCGAGTACCAGCCCCTTTATGGGAATTCATACCAAATGTCGTCATCTCTTTGGTATTTTAGCAAAACTCCGGTCTTCAAACTTAGCGGCATCAGTCGTTATGACTATTTCGATACTTTTCCAGAGGCAAAACCTCAGGGTAATAAGTTTTATTTGGTGAAGCGTGAAGGCAATGGTTTACCGCAGTGGCTTTCCGAACAACAATGGACTTATCAGGAAATCAAAAGGGTTGCGCCTGACTTTGTTGTTTTGGAATTCACTCGACCATGAAAACACTTGTCGCACTATCATTCTTACTGGTGACTTATTTCCTCTACGGATTTTATCTAAATCAGTTCGACACGTCCATCGTGCCACGACAGATCTCGGCGGCACACTCTTCCAACTACTACGACTACAAGGGTGTCTTAAACGTCCACACTGATCTTTCAGCGGGCTCTGCAACTCCAAGCTTTGTGATTACTTCTGCCAAACTAGCCAGCCTGGATTTTCTGATCTTTACTGATTTGAATCTGTTCAATATGCCAACAAGTTTTGAATCCTATCACGGAAATCTTCTGGTGATGTCTGCTGGCAAATACAGCTATCTGGATTCT
CP178619.1_gap24	1280438	1285350	4912	CCGCTTCAATGGTCGCCCTGTTGGTATCGTGGCAAATCAACCAAACAACCTGGCTGGTTGCTTGAACATCGAAGCTTCCCGTAAAGCTGCGCGCTTTATCCGCTTCTGTGATGCTTTCAACATTCCAGTAGTTTCATTCGTAGACGTACCGGGCTTCTTGCCAGGTAAAGATCAAGAGTGGAATGGCATCATCACTCACGGTGCAAAATTGCTTTACGCTTACGCTGAAGCAACTGTTCCTAAGATCACAGTAATCACTCGTAAAGCTTACGGTGGTGCTTATATCGTTATGGGTTCTAAGCTTTTGAGATCTGATGTGAACCTGGCTTACCCAACTGCAGAAATCGCAGTAATGGGTGCTGAGGGTGCGGTAAGCATCATCAGCCGTGAAGAAATCAACAAAGCAAAAGATCCAGCTGCAGAAAAAGCCCGTTTGACAGCTCAGTACGAAGAGAAATTCTCGAATCCGTACGTGTCTGCAGAACTTGGCTACACTGACGAAGTTATCGATCCAGCGTTGACTCGTAAACGCATCATCGACTCTTTGGAAATGCTTAAAAATAAACGCGATATCACTCCGGCTAAAAAGCACGGAAATATCCCTCTGTAGGAGCGAACATGGCATTGTTTAAAAAAATCCTGATCGCTAATCGTGGGGAAATCGCAATTCGTATCACTCGCGCTTGCCGCGAGCTTGGTATCGCGTCTGTTGCAGTTTTCTCCGATGCCGATCGTGATAGCTTGCACGTTTTCCTGGCGGACGAGGCCTACCACATTGGGCCTTCTCCATCCAAAGAAAGCTACCTGAACTATAGAAAAATTCTGGAAGTGGCTAAGCAGGCTGGCGCAGATGCGGTTCATCCTGGCTATGGTTTCTTGTCTGAAAACACGACGTTTGCAAAAGCGTGTGAAGAAGCAGGAATCACTTTCATCGGACCAACAGTCGCCAACATCGAATCCATGGGGGACAAGATCTCTGCCAAGGCTTTGATGAAAAAATCAGGCGTACCAACTGTTCCTGGTTCTGACGGTGGCGTTGAAACTGTTGAAGAGGCGACTAAGATCGCTGAAAAAATTGGTCTTCCAATCATCATCAAAGCAACTGCTGGTGGTGGTGGTAAAGGGATGCGTATCGTTCGCAAAATGGACGAAGTTGAAAGTGCCTTCCGCGCTTGTCGCTCCGAAGGTCAGAACTATTTCGCGAATCCGACTGTTTACATCGAAAAGTTCATCAATGATCCAAAACACATCGAAATCCAGGTGTTTGGCGATAAGCATGGCAACCATGTTCATTTGTTTGAACGTGAATGCTCTGTACAACGTCGTAACCAAAAGATTATCGAAGAATCCCCGTCACCTTCTGTTCCTCACGAAGTGCGTTTGCGCATGGGTGAGGCCTCTGTTCGCGCAGCGAAACAGATCAACTACGTGGGCGCTGGAACTATCGAGTATATCTTTGACAACAAAACCAAAGATTTCTATTTCATGGAGATGAATACTCGTCTTCAGGTTGAGCATCCAATCACGGAAATCGTGACTGGTGTTGACTTGGTTCGTGAGCAAATTAGCGTGGCGGCTGGTAAGCCGTTGAGCTTTAAGCAAGAAGACATCAAGCAAAAAGGTCACGCGATTGAAGCGCGTATCTGTGCAGAAGATCCAGTTACTTACAAACCAAATCCAGGTGTTATTCGCGCTTGTCGTCACCCACAGGGTCCGTTCATGCGTGTGGATTCTTACGCCTACCCTGGTTACAACGTTCCGATTTATTACGATCCAATGATCTCCAAGGTTATCACTTGGGGCGATACTCGTAATGAAGCGATCGATCGTATGCAACGTGCTTTGTCTGAGTTCGTATTGACGGGTATTAAAACCAACATCGTTCTTCACAAAACGATTCTGGACCACCCGACATTCCGTGACGGTACTTACACGACACAATTTATCGAGAAAAACTTCGAAGTTATTGAACCGGTCATGTTCAAACAAGTTGATGACCCTGTGTTCTTGATCGCAGCGGCTATTGAAGCCTACAACGATCGTAAATCGAAGGATATCCGTCAGCTTAACGTTCGCTCCACTTGGAGAAGCGTGGGCCGTAAACTTCAGTTGAGGACGTAACATGTATTTCGAAGCAGAACTTAGAGGAATCAAATACAAGGTGGATGTGACGGAAGGTCGTCACTCTTGGAAAGTTTCTTTGCAACAAGATGGCAAAGAGTGGGTTCACCACGATATTTCCAAAAATGACTTTAAACACGCAGAAGAGTACATCAGCTTCCTTTTCCAAGGTAAGTCTTACTTGATCGACGTTGTGGGCTCAGACACTGAATACACGGTGTTTACGCGTAACTCATTCCGTTCTATCAAAATCTTCAATGACGAAATGCTTTTGCATGAATCTTTGAAAAAAGGTGGCGGTTTCGGTGGCGACATGGAATTGAAATCCGGTATGCCAGGAAAAATCATCGAGATCTTTGCGAAAGAGGGCGACATCGTGAAAGCGAACAAGCCACTTTTGATCATGGAGGCGATGAAAATGGAAAACGAAATGCGCGCAGCTCGTGATGTGAAAATCAAAGAGATCAAAGTTAAACAGGGCGATTCTGTTGAATCCGGTGCGGTTTTGATCAAATTCGAAGAGCCTTAATCGGTTCTTCGAGCACAAATAAAAAGGGGAAGCTTTCGAGCCTCCCCTTTTTTTATTTTTAAATTTGAAAAATACTATTCGCGTTGGTTTTGGCGGTATTCAGCCGTACGCTTTTTCTCGAAGATGCTAACCATCAAAACGCCTGCTTCATATAACAGAACCATTGGGATCAACATCATAACCATGCTCATCAAGTCCGGCGGAGTGATGATCGCTGCGGCAACGGCAAGCCCCATGATCGCGTAGCGACGTTTTTCTTTAAGAAATTTGGAACTTACAATCCCCATCATTCCCAGAATTGAAATCACCAATGGCAACTCAAACGACACACCAAACATAAGACACATTTGAGTAAAGAAGCTAAGGTACTGATCAATAGATATCATCGCCTTATCAGTCGTGCCACCATAGTTCATCAGAAAGTGGAACGCCATCGGAAGCACGATGAAATAGGAAAACGCCATTCCCGCTACGAACAAACCTGATCCCGCAACGATAAATCCGACGGAATACTTCTTTTCGTTCTGATATAGACCAGGCGCTACAAACTTCCATACTTGGTACAACCAGAATGGGCAGGAGATCATGATACCCAATACAAAAGAAATCTTGATGTGGGCCATGAATTTATCCAGAGGACCTGTATAAATCAAACCACCATCAGGCAGGTAAGGGGCTATCGGACCACGGATGAAATCAAACACGGGTTCACTGAAGTAATAGCAAATGCCTGTCGCGATCAACAAAATCCAAACACAGCGAACCAAGCGAAATCGCAGCTCTGCAAGGTGCTCATAAAGGGATTGGGCTTTTTCGTTTAGTTCTTCTGTTCTAGCCATTATCCCTTGCTTCCTTGATCATCGTCAGACTTTTTCGAAAGATCTTTAAGCTCCATTTGTTGTGGCTCTTTGGAATCGACAACACCGCCATGTGGAATATGATCAGGCGAAGACCAATCGCCCTCTTCAGCAACATCGGGTTTCATTTCAACTGCAGGTTCAGCAGGAGGAGCTTTTTTCGGTGCTTCAAACAAATCAATCGGATCAAACTTGGCTTGCGCCTTCAGTTCATCCGTCAAGTCACCTGTTGTACGTTTAAGTTCATTAAGAAAGCGGCCCAGTGTGCGCGCCAACTGCGGAAGTTCTTTGGGACCGATCACGATCAGCGCCAAAGCACCAAGGAATATAAGTTCTGACATGCCTAAGCCAAACATGGTCGCAGATTAGTGGAATCACCCTTGTTTGCCAAGCTTTACTTGGTCTTGGGGAAGGGTCAAAACACCCATTTCGACCAGCTTTTCTTTGGCCAGAGCCGATCCCGTACGCTGGTAGCGATCGTAGAGACGAAGAATGCTCTCGTCCGACTTAATAAAGGAATGTTGGCTGATGTAGGTCAATACATCAACGAACTCAATGAAGCGGGCTGAGAACGTTTTATAAACTCGCGCCAGCCCATCCTCACGGGTGCAGTGTGCTAGATGAGTGTAGGCTGCTCCACCAATGTTTGCATAGTAATCCACATCGACAATTTTGCGCGCCAACGAGTCCCCAAAAAAGCCGCTGATATACAAAGCTCGATCTCCAAGCTTACGAAACTTTTCGGGCTTCAGCGCTTGCTCTGCGTGATGGGCATGAAGGTACATTTCTGCCAGAGTACTTTCAGCCTCAAACAGTGCGCGCGCATCCAAGTATTGCTGAAGTAAATTTACAAGATAGGTTTCGACAAGAGGAAACGTTTGAACTTTACGATCGTAGAGTCCTTTGGAAACGAGCTCTTGAAAGTAGCCTTCTGGACTGACCAAAAGGTCCACCATTTGCGAGTTGGGTTTATCTTTCATCCTATACTCACCGCTTTGCCTTACTATAAGTCTAACAATGATTTGTGAGTATTCGGTTAAATGTTTGCGGGAATCGAGACATTGGTCCAACATAGTCACCGAATCTCAATTCGAGACACCAGCGCCCATTCCGCGCTTCATGTATAACTTTTATACACTCCCCACCCCCTCATTTGTTCCCCATGGGTAAATACCCTGGCACCAGGCTTGCTCTTTAAGACTGCGAGAAAGAGCGGGTGTATATGATTAAGATCAATATGACTTCCAAATTAAAGATGAAGAAGTGCAAAAGCTCCGGCCGTTGTGTCGCTACTTTTGCGGTTCTGACTGGTTTGGCTGCTTATTACTACACAGCTCCAGCTGTGGATACCAGCTCCGTAGTCAGTGATATCACTGCAAAAATTGAAAGCGTAAAAGACTCCGTT
CP178619.1_gap25	1405863	1407319	1456	CAGTGTTACCGTCAGTCGGCTTCTTTGGAAGTGGCAGAAGACATGTTGGCTCTGGCAGCGGCCCGGGAAAGCGGCTACGCGGATATCTATCGCGAGCAAGGTGCGATCTATGAGACCCGGGGAGATATTCGCTCCGCAGCACAGGCGTACAATAAATATCTAGGGCTCTCCCCAAATGCCCCGGATCGTGCTGAAATAGAAAATAAGTTAAACCGAATGGGCAACTAGGAACGTCAACGGAGGATGCCACAATGGGTATCGGCGATAAACTAAGCAGTTTTTCAAATAATGTTCAAGAGGGCGTAAAGTCCACAACCATGACTGTTCTGCACATTTTGTTGCGACTGATCACTGGATTTTTTGTTGGTATGACGCTGGCTTTGATCGGTCAGGAACTGATCGGCTACGGAACTTTTGCTCTGATTTTTGCAACTGTGGTAGTGATGTCAGTCATCATGAAGCTCCTGTCGCAATGGAGTTTTGCGCAAATCTTAATTTTTGATCTGATTGTCGTCCTTGTCGGGATGCTATTAAGAATGTATATACTGGTCGCACCTTAAACGAGGACTTCTGAACAATGATCGACATTAAACTTCTGGAAAAAAAAGCTGAAAACGGCACTTCTTATTACGATGAGTATAAGCAGGCATTGATCAATCGTGGCGGTACTCCGGAAATCCTGGATCAAATCATGGAGCTTAATAAAAAGCGCAAAGAGATGATCGCACAGGCCGAGACTGCAAAAGCCAATCAAAATAAACTGAGCGGCGAAATCGGAAAACTAAAACGCGAAGGCAAAGACGCTTCGTCGTTGTTGGCAGAAGTTGATACGATCAAAGGCTCCGTGAAAGATCTTGAAGCGAAAGCTGCTGAGGCGGACCAACAGGTTATTAATTTGGCTCTTGTGATGCCAAACAAACCGCATTCCTCTGTTCCTGTCGGTGCGTCTGGGGATGAAAACGTAGTTCTAAAAACTTGGGGCGAACCAACGAAGTTTGGATTCAAGGCGAAAGAACACTGGGAATTGGGCGAGAAGCTGAACATCATCGATTTCGAACGCGCGGGTAAAACCACGGGGACTCGCTTTGCCTTCCTAAAGGGGGCAGCGGCTCAGATGGAGCGCGGTCTTATTCAGTTCATGATGGATTTACACTCTACTCGCCATGGTTACACTGAAATGATTCCACCGTTCATGGTGAATTCAAACAGTCTGACTGGTACTGGTAACTTTCCGAAATTCAAAGAAGACGTTTTCCATTTGGAAGGCTCTGATCTTTATTTGATTCCGACAGCGGAAGTTCCTGTTACGAATTACTATAATAATGAAATCCTGGATGAAACTTATCTTCCGCAAAGCTTCTGTGCTTACTCCCCTTGCTTCCGTTCTGAAGCAGGCAGTGCCGGTCGCGATACGAAAGGTTTGATTCGTCAGCATCAGTTCGACAAAGTTGAGTTG
CP178619.1_gap26	1408801	1410506	1705	GAGGGCGGATTGAATCTTTGGATTCTGCTGGCGTCACTGACTATCGCCGGAATTATTGGTGATACCGTTAACTATCACATCGGTAAATATCTTGGGCCAAAGGTGTTTGATATCGACAGTCGCTTTTTCAAAAAACAATACTTGATCGATACGCAGAACTTTTATGACAAATGGGGCGCTTTCACGATCGTGGCTGCACGCTTTGCACCGATCGTCAGAACGTTCGCTCCGTTCGTGGCGGGTATTGGCAGCATGAAGTACCGAAAGTTTGTTACTTACAACGTTATTGGTGCTGTGGTTTGGGTGTTTACATTCATCCTGGCAGGACACTTCTTTGGTAACCTGCCGATTGTGAAAAGAAATTTCCACATCGTGATCTTTGGTGTAATCGGGGTTTCATTGATTCCGGTAATTTGGCCGATGGTAGCTTCGAAATTTAAAAAGGCCTAAGCGGCCTTTTTAAGTAGTTTCTTAAGATCGTTATTAGTCTCAAAGAAAACCGGATCCGTTGCTTTATAGTGATCAGCCAAATGCTTCACCACGAAGCTGCCGCTGGCGCGGAATAACGGATTCTTGGATTCCAAAAACTCTGCCAATTTTTTGGCAAGCTCACCATCGAAATTCTGTTTGCCCGTCACCAGCAACGCATCTGCGGAGACGCGGTTGTGGCTGGCATAAATATACTGTCGTAAAAAGCTTACATCTCGAGCCAGGTCACCAAGAACGATAATTGTATTCGCTTGAGTGCGTGGGTCTTTGTGCACAAGGCACTTTTCAAGTAATTCCAACAGAGAGCTTTCCACAAAGGCGTGCGGAACCAGATTGGATGCCAGTGAAATAACAGATGCCAAAACCTTGTCGCTGATATGCTTTTTTTGGTTCAGAGAATGAGTCACAGAAACCAGTTTTTCAAAAGCGGCCACCTGTTGCAGCGTCGTTTGATTCACCTTGAAAGTTTTTAGAACCGAGAAAACCCTGAAGAAGCTGATTTCGTCTTTTTCCTGAAGAGCTTTCTCAAGGAATTTATAGATACAAACCAGATCACTGTCGCTGCGATAGTACGTCAGTTTTTCAAGCTGATGGCGCCCCAGCAGGCGATCAATCGGCGCAAAGTCAGTGACTTTGCAAAGTGTCGCAGGTGTTGAGAAGCCTTTTAGCATTGTGCTTTTAGTTTCAGCGATGGTGCACAGATCCTGCACGGAGCTGCTTGCTTCACTATAGAAAGTAATGGAGCTCTTAACCTTGTCATCTACCTGACTTAGCAACCTAGCAGACTCAATCAAAGGCAATCCGGATAGGCCATAGCCCGAGTCCTGAGGAACAAAGCGGATTTTGCCAATGACGAAAGAGCCTTTCACTTTGAAATAGTGATCTGCTCCATCCGGAAGGTGATCTTCAATATCCTGAGCCACTTCAAAGACGGCGCGCAGACATGCCAGCGACATAGCTTGGGAGTTCACACCTTGGGATTCTTTGATGTGGAAAACAATCTCGTCACCAACATACTGATAAATAAGACCGTTATAGCGCTCGATGATTTCGCGAGAGCGGATAAAGTAGGAGTTCATCATATCACTGACGTACTCATCCTTCTTATCCAGGAAAATCTGCGTGTAGCCATTCAGATCAATACGCACCATTGATGTTTGGAATGCATAGGGTGGTTTTCTGCCGGATCTGATTTCATGAACAATCGCCGGAGTTA
CP178619.1_gap27	1413364	1417126	3762	CAAGGCTATTTCGGCATATCAATAGTAGATGTTTAGCTAACTGGACTAAACTCACGTCCAGTTTTAGATAAAGACTTCTATTTTTGGGGAGTTAAATTTAAGACGATCTATATATGCGTATACTTTTCTATCTCTTTTTTATTTTAGCACCAGTTTTTGCAATGGCACAAATTAACTATGGCACTCTGGTAGAATCTGATTGGGCTACTCCGGCGTCAAAGGATTATCCGGCACCGGATCCAGGGAAGAATCCTGAAGAAAAATTTCTTCCATCATACATTACGCAGGACACTCTGGGGATTTGCTACGCCGCAGCCGCGTCGACCATACTAAATTTTGAGCAGTGTAAGCAGATGAATGTCAAAAACTGTAAGACCGACTTGGGTGATGATAAACGGGTTTCTTCGGTTGGAATTGCAAGATATGTTCGACATACAAATACCATGGATGATGATGACACTCGCGATGAAAACTATAGTAAGTTGGGTGAGGGTGGAGATGGTACTCTTAATCTGAGTATGGCAGTTGACATCGTGGAACGTCTGCCATCAGAAAAGTGTGTGTCGCTTGATAAAATTCTATCAAAAGGTGCATTCAAGAATAAAGAGGAAATTACCCTGGCTCAGAGAGCAATTTGGGATAATTTAAAAGAGGACTACGACAAGTATCGTGAAGCGGTAGCCAGCAACTGTAAAGACTGTGCGGACAAGTACTATCAAAGAGCTGCAGAAACTGTTTCGAAGAACATGAAGATCGAAGAAGATCAAAAATCAACGTCATCTTTGCGAAGTGATCCAGCGAAATTGCTAGCGGCATTTCAGAAAGATACTTATGAAGAGGCGCTCAATACTCTCTTGTATCCTGCGGAGTGTAGCAATCCAAAAAATGGAATTGAGCTCGCTGGAAAGAACAACTACGAAGTTAAGTATTTTCCCGAAGTAGGCAAAGCGAATCGCGAACAGGCCCTCGGTAAAATTGTTTCGATTCTACAAAGTCGACAGCCAGTACTATTGGAGCCTATTTGTGTTGCAGACTGCTCAGATGAAGATAAAAAGAAATGTGTAAAAGCCTGCACAAGCAAAGAATGTTCGGATGCCTGCGGTCCTAAGTATCACGCAGCCGTAGTTGCTGGATATAGAAAGATCTGCAAGAAGGACAATCCTAGTAGTTGTCGATATGCACTAAAAGTAATCAACTCGGGCGGCGCCAGTTGGCAGAAAGCCAACAATGACGGTTGGCTTGAGGCAGATCCATTAATGAAGAACGTAGAAATTGATAGCTTATCTATGGCCTGGTTAGGTGCGAAAAAGAACTAGAAATGCGCGCCGCAAGAACGTTCTGTAAACGGTTTCACCGCAGAAAAGTGAGCCGTTTGTGTATTTTTCGTAGCTTGACTCCACCATTAGCTCTGCTAGTGTCAGCTCCCTTATGAAAACAGAATTCATGCTTAAAGCAGTAGAGCTTTCCCGTAAGAACATGCAACAAGGTGCCGGTGGTCCTTTTGGTGCGGTTATCGTTAAAGACGGTAAAATTATCGGTGAAGGATGGAATAAAGTTACGTCCTCCAACGATCCCACAGCTCATGCAGAAGTTTCTGCAATTCGTGATGCTTGTTCAAACGTAAAAAACTTCAGCCTTGAAGGTGCAGAGATCTACACGAGCTGCGAGCCTTGTCCAATGTGTCTTGCGGCAATTTATTGGGCGCGTATTACTACTATTTATTATGGCAACACTCGTAAAGATGCTGCCGACATTCAGTTTGATGATGATTTCCTTTATCAGGAGATCCCAAAAGACATCAAAGACCGTAAAGTTCCGATGATTCAGTGCGGACACTCAGAAGCTCTTGAGGTCTTCAAAGAGTGGCAGAGCAAATCTGACAAAATCCCCTACTAAGGTCTGATCTGATAAACAGGACTCCAAGCGAGGTTCAAACTTGGAGAGAATAGAGGAATGAAGTACTTTTCATTCCTCTATTTATTTTCAGCCCTTCTATTCACATCTTCTTGCACCACAGTTGAAAAGAAGGTGCCTCGTGACGTTGCCTCACTTCAAGCGACTGGCGGAATGGAAGGTATCTGGTTCTTACAAGGCACCAGCTCCACTCGTGGACCCTATAACGGCGAATTGGAATTAAGAAGAACCAGTGATGGCACTTATGACGTTATTCGCGTGGTCACCTATATCAACTATTTCTATGATGGATTGAAAGTTCAAGAAGTTTGGACAGGGAAAGCAGTGACTGCCGGTGATACGTTGGTGCTAAGCTATGATCTGCGCCAGGCGGATTTTATTGAAAAGATTGGCAATTCCAAACGTGATGCGAGTGACTTTAAGAATACGATTAATGTGGTCACCCGCTTTGTTGCAACCGACAAGGGTTTGGCGGCTCAGTACTCAGACAAGAAAGTTTCCAACTATAACGAATGGATTACGACCAAACGTGATTTGGAAGTGAAGCCCCTTTGGACAAACTTACGCACCAATATTGATGCGCAGGGGCCGAAGGTGCCTGTTGCTGTTCGCGGAGTTATCAACATCTTTAAGCGCGATATCGGGTATCACAAAGATCCCTATGTGCAGTCTTTTAAGAATAGAAAAGAGTTTCAGGAAGAGCGCCCGTTTATTGTATTTGATCCAACCGACTATGACTTCTATCAGACACATAAGGATATAATCCGTGTCGTTAATAAAATCACGGATGATATCAGCATCACTGAGGCCTCTGTAAAAAGAAATGCCTACGCTCCGTCGCTCAGTGATAAAGCAGCCAGCTATGACAAGAACACCGTCACTCATCACATCAATGAAATCGGCATGGTTTCAAAGGCCGAAGTCGACTCAAATGATAAGTTGATCGCTTATCGCTATGATGGCGACTCAGCCTTGTGGACGGGAATGTATATCGGTTCACAGGCAATGCGATACTTAAAAACCAAAAACCCGGATGCGTTGGCGAATGTTCGTAAATCCCTGCGTGCGATTTTTATTTTGATGGATATTACGGAGGATCCTGAGGAGTTTGCAAGAACACTTATGCCTTATAAGCCTGGTGATGCGATTCCGAATAAGTGGCATCAAGGTAAAGGCGTTTATGCAAACATGCTGTGGCTCGAAGGTGGCAACAACGACATGTACAAGGGTCTGACGCATTCAATGATGTGGGCAAGTTTGGTGATTCCTGAATCTGACAAGGAAATGTGGGATCACTTGCGCGATAAATCGCGCCGTCTGTTAAAGCTTAGAATCTTCGATGATAAATCTCAGAATCAGGCTCCGTCTTATGGATTGGTGGCCCTGATCAACAAGGATAAGAAAGCTCTTGAGGACTATCGTTCCGCTTATCGAAAAATGCGTTGGAAGCCTTCCGGTTACAGCATGAACGCTAACTTCTATTGGCATGGAAGTGCTGATTGGAGTGGTGTGAATCTGGGCTTGGTGGGCGACATGACTGACATCACTATCGCGGAGCGACTTGGTGAAACAGAAATTCGCAATCGTCTGCGCGAAAGATTAATGGACACTTGGGTTACCTATAGCCCGGCTCAACGCCATTTGGTGACGATGGTGGCCTATGGCTATGCATATTCGAAGGGGACTCGTGGAGACAACTTCCGTGAGGATAGCAGTGAAGAGAAATTCATGTCGGCACTAAACAATGCAGCCTGGGGCATTCGGGAAATTCCTTACCCTCGTCCTAATCTGGATGTGACCATTAATCATTCGTTAAACCCGGAATGGTGCATTTCTCCAATTCCCCGC
CP178619.1_gap28	1552890	1554684	1794	GCGATACGGAGTCTTGATGTTAGGGGATCCTTCTTCCTTGATGCGGGCTTTAAGGGCCGGCAGGTTTTCGCTGACTTCGGTGGGTTGCCATTCCATTTTTGGAAAAAAGGGAGCCAGGTAGACTGCATGTTGCCCGGTTCCTGAACCAACCTCTAAAAGTCTTTGATCCTCGGCGCGGATGACTTTTTTAAGTACTTCCAGAATGGGTTCTTTGTTGCGTTCAGCAGAAGGGGAGTGAGGGAGTTCCATAAGATCCTTTGTGGTTAAATGAAAAAAGCCCCGAAAACCGGGGCTTTTAATTGACGGGGACTAGTCTTCGTCCTCGTCGTCATAATCCTCATCTTCATCGTCCTCATCATCTTCGTCGTCTTCATCATCTTCATCCTCGTCTTCATCGACGTCGTCTGCGGATTCGATACGTACCAGCCAACCCTCTTCGTAAGGGTCTTCCATGATGATGGATGGATCGTCGATCACTTGTGTGTTGATTTCGATAACAGTTCCGTCAACTGGAGAATAAATGTCCAGTGGGCCATCGCTGGTCTCGATTGTTCCGATCACAGCTTCAGTGTCCACTTCCTCTTGTTCAGCAGGAAGGTCTACAGAACTGATAGAATCGAAATCCTCAAGTCCGTCTTCGTTGATACCGATTGTGATTACGCCATCTTCTTGGCGGTACCACAAATAGCCCATAAAATTTTTTACGTCGTCTGATGCCATTTAATCTCCAGGAAAAAATACTGTTAACAATCGTAGTACAAGTGGAACTCGTAAGGAACTGGTCTTTGCTGTACTGGACGAACTTCTTTGTCGATTTTGTACTGCACCCACGTATCAATCAAGTCTTCACTGAAAACATCGCCCTTTTTCAAGAAACTGCAGTTTTTCATCAGATTATCCAAGGATTCTTCCAATGTTCCCGGAACAGATGGGATTTTTGCTGCCTCTTGAGGTGGCAATCCGTAGATATCTTTATCCAATGGGTCGCCCGGATTGATCTTATTGATGATACCATCCAAGCCCGCCATCAGGATCGCTGCTTCTGCAAGGTAGATGTTCGCCGTAGGATCTGGTGTGCGGAACTCAATACGTTTTGCTTTCGGGTTTGGACCTGAATTTGGAATACGCATCGCCGCAGAGCGGTTTTTGAAGCTGTAAGCCAATTTCGTCGGAGCTTCAAAGCCCGGAACCAAACGCTTGTAGGAGTTTGTCGTTGGATTGATGATACCGCACAATGCAGGAGCATGTTTCAACACGCCACCGATGTAGTGCAACGCCATCTCTGACAAACCTGCATACTTGTTACCTGCAAAAAGATTTTTACCATCTTTCCACAAAGACATATGAATGTGCATACCGGAACCGTTGTCGCCAAAGATTGGTTTTGGCATGAATGTCGCCGATTTGCCGTGGCGAGCGCAAACATTCTTAACGATATATTTGAACCACATCATTTTGTCGCCCATGTTCAGGGCAGTGTCGAACTGGAAATTGATTTCACATTGACCGGCAGAAGCTACTTCGTGGTGATGGCGCTCCACACGCATTCCACAACGTTCCATCTCTTCACAAATTTCAGAGCGGATGTCTTGCAAGGTATCTGTTGGAAGCGCAGGGAAATAACCTTCTTTGGAGCGGATTTTGTAACCCAAATTTGCTCCGCCTTCATCGCGACCTGTATTCCATACAGCTTCATTGCTGTCGACCATATAGAATGCAGAGTTTGGTGTCTGTTCAAAACGAACATCATCAAAAATGAAGAATTCGGCTTCAGGACCGAAATACGCTGTATCA
CP178619.1_gap29	1559276	1560344	1068	CTTGAACGATCAACAGCGTAAAGAAATGTACGCTTGTGACGTTACTTATTGCACGAACAATGAACTTGGTTTCGATTACCTTCGTGACAATATGAAGTTTGATTTGAACGATTACGTTCAACGTCCTCACTATTATTCGATCGTGGATGAGTGTGACTCCATCCTGGTCGACGAAGCACGTACTCCGCTGATCATTTCCGGTCCGGCAGAGGCATCCACTGAAAAATACCAAATCGTAAACGCCATCATCCCGCACTTGAAGCGCGAAACTCACTTCACAATGGAAGAGAAATCCAAAACGGCTTCTTTGACAGATGAAGGTAATGCGAAAGTTGAAGAACTGTTGGGCGTGGGCAATCTTTACGATCCACAGAACATCGAACTTCTTCATCACGTTTACCAGGGTTTGAAGGCTCACTATCTGTACCGTCTTGATGTGGAATACATGATCAAAGACGGCGAAATCGTGATCGTGGATGAGTTCACAGGCCGTTTGATGCCGGGTCGTCGTTGGTCTGATGGTCTTCATCAGGCGATCGAGGCGAAAGAGGGCGTTGAAGTTAAGTCTGAGAATCAAACTTTGGCGACTATCACTTTCCAAAACTACTTCCGTATGTACGCGAAACTTTCAGGTATGACGGGTACAGCGGACACAGAGGCGGTGGAGTTCAAAAAGATCTACAACCTTGATGTGAACGTGATCCCGACAAATAAACCGATCCGCCGTATGGATGAAGAGGACGTTGTCTATAAATCTGAGAAAGCCAAATACAAGGCAATCACAGCAGACATCAAGGAACGCTCCACTAAAGGTCAACCGATCCTAGTGGGTACTGCTTCCATCGAGAAATCCGAAGCTTTGAGCCGCTACCTTCGCAATGAAGGCATCAGACACGAAGTTTTGAATGCAAAACACCATGAGCGCGAAGCCGAGATCATTGCTCAGGCCGGTCGTAAAGGTTCTGTGACTATCGCAACAAATATGGCCGGTCGTGGTACCGACATCATGCTGGGTGGTAACGCCGAGATGCTTGCGAAGTCCGCTATTGGTAACGACGAGTCTCCGGA
CP178619.1_gap30	1599372	1604368	4996	TGGCATAGGCTTTAAGGGGGATATTAACGTTCTTTGGAATCATCAATCCTGGCGGACTTAGTCTGATACTTGAAACGGTTGCAGCAGTGGTCGTAAAGGATATAACAGTGGATTTCCCCTGCCATAAAACCTGAACGTTAGTGGAACCTGCCGCTTGGGCGATAAGTGTACCTTTTTGATGGTCGAAATTTTTTGCGGTTACCACCTGATTGTCTGCGACGACCCAATCCACAAGTTCATTGACGACTTCGGTGCTATTGTCATCATAGTTCGCTGTGATCGTAACTTTCTTTTGGCTCCCTGCCGGTAGTGAAATGCTGGTTTCAGAAGCGGTAAGAGAATTTAGTTTTTTCGCCGACACTTTAACCAAACCCGATCCCGTAGCGGAACCAAGTGTGGAAGAGATTGCCGTATTCCCGGCACTCAGAGCTTGAACAAATCCTGAATTAAAAATGGCGATCGAAGCGTCAACTAACGACCAGGAGGATGAATTTGTGACGTCAGTGGTTGACCCGTCAGATAGAACTGCCATGGCGCGAATACTTTGCGACAGTCCAATGGAGCTGTTAATAAGCGCCGGACTTAAAGATATCGAAGAAACAGAGCTGCTGGAAACTGTAATGGAGCGGGTGGCGGAAACTGCACCGACTTCCGCCATCACATTGGCTGTGCCTCCGGCAACGGATTGCAAAAGTCCTTTATTTGAAGCGTTGTCGACAGTGACCTTGTTGTTGTCAGAGCTGCTCCAGGTAGCAACGCCCGTGAGGTCCTGAGTGGAGCCATCGTTGTAGGTTCCTGTTACTTTAAGATTCTTTAGCGTTGCCGCAAGCATGGTGACCTGGCTGGGGCTGATTTGCAAGGAGGTGAGGGTTGTGGATTTAACTGTCACGGATCTGCTGACTTGAGTTCCTGCAAACGTGAAGGTCACATTGGAAGTGCCCGCCGCATCTCCGGAGAAATCAGAATCGCTGCGACTTAAAACGGAAACGTCAGAGGAATCCCAGACCCCAAAGTCCTTCAAATTTCTGACCTGGCTATCTGAATAAACCCCGACCGCATCAGCGGTGAAGGTCGCTCCTCGATTTAATTGCGCTGGAACATTTGAAATCGAAATCGAGTTCAGTGTCGGGCAGCTGATCTGAATATTGCTGACATCAGCGCTTGCCACTGTCCCGCTAGAATTCTGTAAGGAGCACTGGATGGTCGGATTTTGAGGGAGGGAGAGAATTGAAACTGTATATGCATCACCTGATTTGATTTTGGTGGTGAAGGCAAAGCTTGTTGCGCCAGAGCTTAAAGTTTTGGTTTCGGAGCCATTGAGGCGTACAGAGATTGAGTCGTGTGCCAAACCCGCAATCGAACCACCAATTGAGTATTCGGCAACAGGGGTTGGCGTTGAAGCAACCGGATTGGTTGAATTCTCGTCTTCTTCGGACTGAGAACTGCATCCCGTGAAGAAAACGGTAACTGTAAGTAGAAGAAGAACGTGCCGAACTACATTGAACATGTCTTATATATCGGTCGCAGAATCCCAGGTCTTCATAATGCAAACGTGCGCAACCGTTCGATTTTTCGTTACAATCAAGAAACAAGAATTCTGGTGCATATAACTTTTGAATCATGATCCCTGCAGAAAATCACACTTTGGTCGGGAAACTTCTCCGTCCTTGGTCCTATCATGGGAAACAGTGATAATACCGATTATGGTAATAGATTCGGAGGGATGGACGTGAAGAAGTACATTGTGGGTTTCGCGCTCGTGGTTTTAGTTTCAGCTTTGTTTTTCGCAAAATACACAGGTGACGACACCATTTCTTCTTCTGAAAGAACTCCAGCCGAAAGTTCCACTGCAGTTTTCGGCACGGATGAGCTTTTTACCGGCTCCAAGAAAGTCCTGTCTGACTTGAATAATCCCAATGTATTCAACGCTCGAACTTGCGCAGAGGTCGTGAACAAGGTCACTGATTACTTGTTTTACCTTCCGGCGAACCATTTTATCCCTAAGACTGATGCAGAAAAAGAGCAGCTGAAAACAAAGGGTCCCGACCTTTTAAACACCGTGTTTCAGATCCGCGTGACCTTGCATGAGAAACTTAAACAGTTTGATTCCAGGAATGAGCTGGAAGGCAATTGCATCCAGAAGATTCGTGAAGGATTTCAATACGCACGATTTACGGAAGAATATATTTTGGATTGGCTTTATGCTCAAAAGGTTTACACGTTTAAGAAAACCCCAGTTTTGATAGATGAACAACCCAGTACTTGGACAAACCCAAAGTTTAAAGGATTTCAGTTGCAGTCTGGTGACGTGATGCTGATAAGAGGCAAATCCTATGTGTCAGCCATGATTGCACGTATTGCCGACGAAGAGGGAAACTTTTCTCATGCCGCTATTGTTGGCGAGGATAAAGCCGGTAATAAATATGTTGTGGAAGCCTTGATCCAATACGGGGTGGTTGTCACACCATTGGAAAAATGGCGTCAGGCCGAAGATTCACGAGTGGCTTTGTTCCGATATCCTGATCAGGCACTTGCCAAGAAAGCGGCTCGTTATATGTATGATCTTGCGCAGGGAGCGTTGGAACGCAAACAAGGCATTCGCTACGATTTTTCCATGAACGACGATGACTACTCCTCAATGTTCTGCTCAGAAGTGATCCGCGTCGCCTATGACAAGGCCTCGGGCGGAAAGGTGATGATTCCAAAATTCCGTAGCACGACTACCAAGTTTAAAGATCATAAGTATCCACGCACTCTTGGGGTGACCAAAACATCTTTGTTTGCTCCATACGATGTCGAAGTGGACCCGCGTTTTGACTTTATTGCTGAATACAGATTCATGCCACTGCTGCGCCAGGTTCGCATGCAGGATGCAGTCCTGCAAAGTGTCTATAGTTGGATGATTGAAAAGGGCTATGATTTCCATTGGGATCTTGGCCATAGCTCAAAATCATATCTTGCGAAGTTAGTAAGGCAGTTTGGTGTGGCGAAAGAGTCTTTGCCCAAGTATATGCCGGTGGAAACGATAAAAACCACCGTGCAGTTTGAAACTGTCGCAGCAGCACTGGAAAAGAATATTTATAAAAAGGAAGCAGAGTACTATAAAAAGAATGGTTATCTTCCTTCGTTCCAGGACATGCTGGCTATCAATGAGGCTTTCAGAGTGCAGGATTGTAAGAATGGCAAGCGCTTCGAGCTTCCAGGCATTGATCGCTCCCAGTTCCATGGCTTCTTCTACAGTGATTCCAAAAGCTGCGAATAGTGATTTCTATCACTTCCCCGTTGTTCGTATTGAATAAATCCACATAAGATTCTTCAATACGATCAGTGGGGGAAAGATGAAGCTAAATTTCACCGTAGCACTGTTGTGTTTGTTCATTTCTATTTACACCGCAAATGCCCAAGTTAAGATGTTCAAGTCGGTCGTGCGACCTACGAAGGGAATTCTTGTGACCTATCCAGTCCATCAAGCGAGCGTTTCAATCCGTAAAAGTGCCAGCGAAGTGTATGAGTTCATGGTTCAGCCCGAGAATATGCCGCTATGGGCGCAGGGTTTAACCAAAGCTCAAATGAAGCAGTCAGATGATGGGTGGATTGCAGAGTCGCCGATGGGTAAGGTTAAGATCCGCTTCGTCCCCAGAAATAATCTGGGAGTACTGGATCACGATGTGACATTGCCTTCAGGGGAGGTAAATCATAATCCGCTGCGAGTCGTTCGCAATGGCGAGGGCAGCGAAGTGATATTCACACTATATCGTCTTCCCAAAATGTCAGATGAAGATTTTGAAAAGGATCAAAGAGCTGTACACAAAGACCTGCAGACTTTAAAATCTATTCTGGAAAATAGATAAGAGGTTGTGCGAATGATAACGGCGTTGCTTAGAAAAATGGGTTCAAAAACTCCGGGTTGGGTGGTTAAGGAGCTGATTAGCATCTGGCCGCCATACTTGGGCGCCGGTATTAGAATCATGGAAATTTCCAAAGACTACCGCTACATCAAAGTTTGCCTTAAGCAAACCTGGTACAATCGCAATTACGTGGGCACTCAATTTGGTGGTTCCCTTTATGCGATGACGGATCCATTTTATATGCTGATGCTGATCAATAACCTGGGACAGGATTATTATGTCTGGGATAAAGGGGCGACTATTGATTTCGTTTCTCCGGGGAAAAGCCAGGTCACTGTTGAGTTCCGAATTGATGATGAGATCATTAATAGAGTTCTAAAAGAAACTGCCTCTGGCGAAAAGTACATCTTTGATCTTCCTGTACAAGTAGTGGATATCAAAGGTGAGGTGGTGGCGACTGTTCTTAAAAAGCTCTATGTGCGCAAGAAAAAGAAATAGCCGCACTCGAATTTCTAAAAAGAAATCTGAAAACGAATATCGATATTGCTGGGCAGAGCACCCGGTGCCGCACTGATTTTATCAGAGGCATCGATTATTTTATCACCGGAGTAGGTGTCGTAGGCGCCACGCAATAGACTGGCCACAACGCTGGATGCAACTCCGATCCAGTAGGCCTGCTTCTTGGTTATATTCCATTGTTTGTAGGCCAAGGCGGCCGTTGAAACTGCGACCAGAGTGTCTGCAACCGAGTTAATAACTTTCGTGTTTCTTTCGGGATCATCACCGTCGGTGGTAGCCAATCCCTGAACCAAAGTTCCCGCGCCCACTTCCATCAGGATGTCTGAAGGATCATCTGTTTTTATGTTGGCAGGTCGGGAAATCTCAGTGGAAAACTGCAGGAGCTGTAAATCCGCAAGCAACATATGCTCATCCAATGTCACGATGAACTGAATAGTGTCGGGAATGGCATTGAAGTCGTTCTTGTTGTCGCATTGAAAATCCAGGACTGTGAACTTCCCTGAACTGCTCACTTTCAAAGTTTTGGAATAGCGGTGGTTGCGGACGCTGGGAACACAGGCCTTCACAAAGAGCTTCCAGACTGCGGAGGCTTTGGAAGGCACGGAATCCCTGGTTACGATCAGGTTCCC
CP178619.1_gap31	1677317	1682046	4729	GCCGAAGCCGAAGACCGCCACATCGAAGCGGTCCTGCCAGCTAAATCTTAATATTACGCAGAACTTTGTCCGCGCGTTCGAACTCTTCAGGAGCTACATAAAGGCGATCGATGATACGAGTGCCTTCATAGCGGCGGAAGATTTCAGTCGATTGATTGATCGGAGTTGGATGGCTCCAAGGATCCAATTGATCGACTACGAAGATTTGTGATGCGCGCTCTTCTGGGGACGCCGAGTGGTATTTCGATAAACGAGCATGTGACGATGCCCAGATTACTTCCAAACCTTCTTTTTCCAAAGATTTCTTTACCAACTCAGGGCGATCAGACTCTGTTGTATTATGCTGCTCTAGCAAAACCTTGAACGGACGACGTTGGGCAATTCTCTGTGCCCAAGGATTGTCTGCTGAGCGTAAATGTTCATGCAGACGGTAGTCATTGTACAAAGTGTACTCTTCAATTTTACCAGGCAATTTGAATGTGCAATCCGGAGACGTTAGATAGCGATTCAACATCTCTTCGTAAATGATGCTCTTATGGTGACCGTAAACCATCAAATGCATGTGATGGCGAGAGATCAAAAAGTCATCGAAGGAATAAAGAGCACGGCGGTTTAGTGCCAAATACAATTTATCGTCCACACGGTGGAAGGTCATATTTTGAATCAACCAATGGGAGTCGATCTTACCGTAGTTCGTGCCACAGAAATAAGAGTCGCGCTCCAAGTAGTCCATGCGATCCGCATCGATCTCGCTGGAAACCAATTGCGAAAGGATAGGGCGGAAGTCCACTCCATTGTCGATAAAGAAGTCATCAGGGCAGTGCAAAGCCTTGTCGATCAAACAAGCAATGTAAATTGGATCGATATCAGAGAAGTTCTTTTTGATTGTTTCAGAGATGTTGGAATCCGTGACGTATTTAATTGTGTAGTCTTCATGATTCGCACGACGGTTTTTGTACATCACGGTGTGAGCGGCATCTCCCCACTTTTGTTCCTCGTCATAAACTTTGATTTCAAGTTCTGACAGAGCCGGCATCACAGTTTCAGTTGTATGCGAAAGGGGACCGTGACCGACATCGTGAAGCAAAGCCGCCAGACGAACTGTTTGGCGCAAGCGAGTTTTCACGGAAGGTTTTGAAAATGGATAAATGCGGAAGATGGAATCAAAAACTCTTCCCACCATGTGAGCCACTCCCACAGAATGCAAATAGCGATTGTGAGTGGCGCCAGGAAAACTCATCTCGGAAAAACCAAGTTGTTTGATCGCGCGCAGGCGTTGGTATTCAGCTGTATCTAAGATGGCTACTTCAGGCTCTGCATAATAGATTGAACCGTGAATAGGATCTCTAATTTCCACTAAAAACCTCCGCGAAATGGCTTGTCTATATATGTGGTCAAGAAAGAGGGCTGTCAATAATGGCAAAAGGCCCTTTTTTAAGGCCAGGGCGGGGCTACTAGCCCTAGTCGTGAGACACTTTGTAAGGTCTAGATACAGAATTCTGTATTATCGATTTGTAGTAATTTCAATTAGTTACGCCGCATCGTGGCCCGTCTTTAGGCTAGATCTGCATTTTTTTGAGACGTATCACTTTAGGAATTTTGAGACACACCGATCAGTAAGGGGAGAAATGAACTACCCAACGGCACCAGTAAGGTGCCTCGAGTTTCAAGGATCGAAACTCGGTAAATCTTCAAGGAGGAGGAATTATGGGTTTGAGAATTAACACGAACACAGCTTCGTTGAATGCACAGAGAGTTCTGTGGGGCACGAAGATCGGTCTTGATAAGAGCATGGAAAAGCTTGCTTCAGGATTCCGAATCAATAGAGCAGGCGACGATGCCGCCGGTCTAGCGATCTCTGAGAATTTGAAAGCTCAGGTTCGCGGTCTTAAACAAGCATCACGAAATGCTCAAGACGGTATCTCTCTAGTCCAAGTGGCAGAGGGTTCGATGAATGAGATCTCTGGGATCTTGATTCGTCTAAGAGAACTGTCTGTACAAGCAGCTTCTGACACGGTCGGACCGACTGAGCGTCAGTTCCTGAATGTGGAGTATGATCAATTGGTATCTGAGATCGATCGTATCGCAGAAGGTACAGAGTTCAACGGAACTCAACTTTTGGCGGGTGTCGGTTCCATCTTGGACTTCCAAGTAGGTACTAGAAATAATCCTGAAATCGACCGTATCTCTTTCGATGCTTCCAAAGCTGACGCAAACTCTGCGGCACTTGGTGTAAACTTGACGTCAGTAGCTGACAAAGCTTCTGCGCAAAATGCACTGGCAGCAATCGATACAGCAATCGTCAGCGTATCCGCGATGAGAGCCGACTTCGGTGCGATCCAAAATCGTCTTCAATCAACTGTTTCGAATATCCAAGTTTCAGTTGAGAACATGTCAGCCGCTAACTCTCGTATCAGAGATGTGGACGTAGCTGAAGAGACATCTGAAATGACTAGAAATAATATCTTGTTGCAAGCAGGTACTAGTGTACTGGCACAGGCGAACCAACAAGCTAATACAGCACTTGGACTCTTGAACAAATCTTTCTCATAAGTATGACGAGCTCTGACAGCAATGTCAGAGCCTAGACTCAGACTTCCGAAAAGATTACGGTTCCCGATCTTATCTTCAATGATCAGATCACCCTCAAGAGAATCACCACTGCGGTGGTGGTTCCGAGTGTATACAAGCCCGAAGCTCTATTTATGAGCTGATATTGATCTCTGTTTCCTGCGACGTGGCCCCACAGCAATGTGGGGTACCACATTTCTCGACAATCGAGAATCGTGAATGGAAAAATGGATTTGGTACGGGGAGTTTTAACTCCTGGATTTTATTGCCGACGGAACTCTTACTCCGTTGATGACGACTTTCTTGTCGTGTCTTTTGCGTTCTTTCGTGTGCTTTGCACTCTCGTTTTTGAAAAAATAATTTTAAAATAAAATAAAAAATTTAGAAGAAACTGGACTCGAGATGTTTCTTTAGAGTTCCGATAAGTTAAGCGTCAGCTTCTATCGCAAGCCGACAATTTATTAATTTAACAGACGCACGGATCGCGTCTTATGCCAATGGATGGCACTACTTCACGGAGGAAGAAACATGATACACGGAGGATAGAATGGGATTAAGAATTGGTACAAACGTGTCAGCATTGAATGCACAAAAAAACCTCTACATGACACGAATTAACGCAGACAAATCAATGGCGAGATTGGCATCCGGTCAAAGGATCAATCAAGCTGCTGACGATGCCGCGGGACTTGCGATTTCAGAAAATTTAAAAGGCCAAATTCGTGGTCTGCGCCAGGCGAACAGAAATGCCAACGATGGTATCTCTCTAGTCCAGGTCGCAGAGGGTAGTTTGAATGAAGTTTCTAACATGCTTATCCGCTTGAGAGAGTTGGGTGTGCAAGCAGCTTCTGACACTATCGGTGAAACAGAAAGAAAGTTCCTGGATGTTGAGTATCAACAATTGAAGTCCGAGATTCAGCGTGTAACTGAGTCGACGAAATTCAACGGATACGAACTTCTGAACGGAACAGGCGGAATGATCGATATTCAAGTTGGTGTTAACAATGATCCATTCCAGGATCGTATTAGCTTCAACGCCGGTGCGGCGAACTCCTCACTGGACTCCTTGGGTTTGACGGCAGAGTCTGTTGGCACCAAAGAGGGCGCTCAAACGAGCTTGAGCTTGATCGATAACGCTTTGACTTCGGTGAATGCGATTCGTGCGAACTTCGGTGCGCTACAAAATCGTCTGGTATCAACATCCAATAACTTGTTGATCGCAGATGAAAACTTGTCAGCAGCGAACTCACGAATCAGAGACACTGACGTCGCGGCAGAGACTTCTGAGATGACAAGAAATAACATCTTGTTGCAAGCAGGTGTGTCTGTACTAGGCCAAGCCAATCAGTCCCAGAATCTGGCACTGAAGCTTTTGGGCTAATAACGCAAAGATAAAGAATGCTAAGCGTTCAACCCCCGGTGGTTAATTCCATTCGGGGGTTTGTTTTTTATTTCAATTGATTTTCAAGTCGGTGGAATCCTCCAGATCGGCTAATTAGTGGTTGCCTCGGGTCCTCAAAACTGAAATATCGAGCCATGAACAAAATTGCGATCATTTTGCTTAGCTGCCTGACTTCTTTTAGCGCCTATGCGACCTGGGATTTGAACGATGTTTCCTACCTGTTTCCATTGCCGCGCAAGGTAGGACAGGATCAATTGCTTAACATTAAAGCCGTGGGTGTCGGTGGTCCGATTCTTCCGGTTCGTTTCATGGATACGATTCCGCCACTTTCTCCGGTGATGACCCCTGATCAAACCAACGATGCCTTGCGAGTGATTGCGATGCGTATCGATCCATGTTTTCCACTGCCAACTCCGTTGAGCTGCCAACGTCAACTGCGTTTGGTATGGCAACCTTTGGAAGAGGGGCGCTTCAAGGCGCAAACTGTGGACGCTGCTTTGCATTCCTTCTACGTTTTGACTGATGAGGAATTTATTGCGCTTCTAAATGACCTGCAGAATTGGAAATACAAGTATCAGGTAAATACCACGGGCTTGCCTTTGCAAGTTCATCCGGTGTGGGCGCATACACAGGATAATGCTCCATCGATTTCTGATATGAATGCCATCATTCTGAAATATGCCGGATTCAAAAATTTAAGCAGAGTGACTGCGATGGTGTTGCGTGGTGCAGGGGACATGTGGGCATTCGGTGGCT
CP178619.1_gap32	1839915	1843594	3679	AATGATCTGGAGTAAGCGGTGGCAAGTTCGGCGTTCCTGAAATCTCTGACCAAAGGGCAGATCCTGCATTCGGTTGTTGAAGAAAAACAATCGGGCCGGGATGTCCTGTGCAGTTTTAACGGGAACCTATTAAGAATTGCCAATCATAGCGGACAGCCCATGGACAAGGGGCAGATCGTCCGGGTGCAGGTAAAATGCACCGATCCACTTGAGTTTCAAATTTTTGATCCCAACACAATTAAGTTCGAACGTGTAATTTGAACGCCAAGACCCTGACTTGTTTGCGAGTTCAGGGTTCCGGTTGAAAACTGTAATTACCGTTCAGTATCACCATGCAAGGGGAAAGATATGCGAGCGTTTCGAGGCCTGCTGTTGTCAGTGGTATTCGTGTTCAGTCAGTCAGCTTTTTCACACGACATCGTTGGTGGGGTGGAAGCAGCACCCGGTGAATTCCCTTGGATCGTTTCACTCCTGGATAAAGACGGTAAAGCTTATTGTGGTGGCAGCTTGATCGCAAAAAAATGGGTTTTAACTGCCGCCCATTGTATGAAGTATGCTCCCGCGAAAATTTTGGTGGGACTGTATCAGATGTCAAATATGGAGGGTGCTGAAGTTCATACGGCTGCCCGGATTATCAATCATCCTAAAAAAGGCTACTTTTCAAATGATTATGATTTCGCACTGATTGAGCTTGCTGCGGAATCGGCGATCGCGCCGGTAGAGCTGAACACGCAGGAAATTCAAATCCCCACTGAGCCCTCGGCGCCAGCAGTGATGACAACAGTGGCGGGGTGGGGAACGCTGACCTCGAATGGGGCTGTTCCGGATATTTTAAATAAAGTCGATGTACCCTTGGTTCCTCAGGAGAGTTGCAACAAGGTGTATTCCCCGTTTGGATTTGAAGTTACCGACCGGATGCTTTGTGCAGGTTTGGAAGCCGGTGGCAAAGATTCGTGTCAGGGTGACAGCGGTGGTCCGATGATTTTAAAAACGACTGAAAAAACCTTATTGGCAGGAATCGTAAGTTGGGGAATGGGATGTGCTGAGCCCAATTACCCAGGTGTTTATGCCAAAGTGAATGCGGTGACTGATTGGATTAATCAAACAATGGCCGGGGAGGTGCCTGCTCCTATACCTTAGTCCAGAAAGCTGGACCAAGACACAGATTATACCCAATTTGGAACTAGCCTTTGGCACGACTTGAAAAACAAATAACAATGTCTAAGCACATTCATTTTTGAAGGATTCAAAAAGAGAGGGACACGGACATGAAAGTTTTAAACTACCTATTAATCACAGGTCTAGTATTTACAGGTGCAGTTTCCACAGCAGCGCAAAAAGTTGGCGCTAAAATCGTGGGTGGCGTTGAGGCGTCTGTTGGTGAGTTTCCATATATGGTATCTCTACAAGGTAACTACGGCGGTCACTTTTGCGGTGGTTCATTGATTAAGCCAAACTGGGTTTTGACAGCAGCTCACTGTGTAAAGGGTGGTACTGTTAAAGCTGTTAAAATCGGTCTTCACAGCCAAAAAGACACGGCTGGTGTTGAGTCTTTCGCTCCAGTTAAAATCGTGGCTAATGCTGGCTACCCAGGTGGCGGCACAGATTACGACTACGCGTTGATCCAACTTGATGGCAACTCCACATTCACGCCAATCGAATTGAACACGGCTGAAATCGTTATTCCAGAAGACGGTACTGAAATCATGTCTACAACTGCTGGTTGGGGCGCGACTAAAGAAGGTGCTTACGGTCTTCCAGACAAATTGCAAAAAGTTGACGTTCCATTGGTTTCTCAAGCAGCTTGCTCTAAGTCCTATGCTGGCAAAATCACAGATCGTATGATCTGCGCTGGTTACACTCAAGGCGGCAAAGACTCTTGCCAAGGAGATTCTGGTGGTCCATTGGTGGCTAAAGCAGAAGACGGCCAAACATACCTTATTGGTGTGGTTAGCTGGGGTCGTGGCTGTGCACGTGCCGGTTACCCAGGCGTTTATGCCAAAGTCAATGCAGCAATTGACTGGATTAACCAGACTATCGCTGAATAAAATCGAGCTTTTAGCTTAAAACTTAGATCCCGTGGCTTAAAAACCACGGGATTTTTTATTGCCAAATCGTGCCATCGAGCGGGACTTGATTTTCCGTTAAAAAAGAGTAAATCCATTAACAGTATGCAAAATAAAGAATTTGATATCTTAATAGTCGGTGCCGGCATTATCGGGACTTCCGTAGGTGCAGAGCTTGCTCGTCGTGGCGCAAAAGTTTGTGTAATCGATAAAGGTTCAGTGGGCCGTGGTTGCTCGTATGGGAATGCAGGCTGGATGACACCTTGCTTTTCCATGCCGCTGCCAATGCCAGGTATGTTCCTGAAATCCATGAAGTGGTTGGCGAATCCGAACAGCCCCCTTCATATCAAACCGTCCTTATCGTTGGATCTGGCTGCATGGCTGTTCCACTTCATGAAGGCGATGAATGAAAAACAAGCGCGTCGCGCAGTCGAAGGCTTGGTCGTTCTTTCCCAAAAATCTTTGGAAGAGTACGCAAAACTTGGTCAGAAGTACCCAAAAACCCGCTTTGAACAAAAGGGCCTTTTGATGGTTTCCCGCACTAAAGAGGGAGTGGCGGCGGCTGTTGAGGAGCTTGAGTACGTTCGTGGCGTTGGTGTGACTGGTAAACAGATGACTGGCGAAGAAATTATGAATTTCGAACCAGCATTCCGTCCACCAATGTTGGGTGGTGTTTACTTTGATCAGGAAGCCATGGCTGAGCCGTTCCAAGTGGTGCAGGCAATGGCCGAAGAAATTCGCGCCAATGGTGGCGAGATCATCGAAAACTGTGAGTTGATGGATCTTGAAATCCAAGGTGGTAAAGTCACCAAGGCCCTTACTTCCAAAGGTGAATTCAAATTCAAAGAAATCGTAGTGGCGACAGGCAGCTGGTCTAAGGATCTTGCCAAGTTGTTGCAGCTTAGAATTCCGATTTTGGGTGGTAAAGGTTATGCCTTGATCGTTCCAAAACTTGAAAAACAACCAAAGTATCCAATCATGTTCGTCGAGAAAAAAATCGCGATCACTCCGCGCGAAAACACTTTGCGAATCGCGGGAACTTTGGAGCTGGTTGACCAGGATTTCTCAATCACTGAGCGCCGTGTGAACAATATCAAAAAAGGTGCTTCCGAATTGTTGTATCTTCCAGAGCAATTGGAAGTTCAGGAATTGTGGGCTGGACTTCGTCCATGCACTCCGGATGGCGTGCCTTTGATCGGTTACCACAACAAGATCTCCAACTTGATGTTGGCAGTGGGTCATCAGATGCTGGGTCTTCAATCCGGCGCTGGCACAGGCCTGATGGTGGCGGACCTTATCGACAAGAAGAAAACATTCGTCGACGTGGAAACTTTCGCTCCAAACCGTTTCTAAAGGTAACAGTTCCTTTTTTGGAATGCGCTTAGTCAAAAAAAGCCCGGTAAAAACCGGGCTTTTTTATTGGTTAAATTCCAACGATTCTGCGAGCTTCCTCGCGATCGAAATAGTTGAATACGTCATCGATCATTCTGCCAAGGTTTTCCCGGTCGTTAACTGCGTGGTGCAGATTGCGAAGAGCGGAGAATTTTTCTCTGCTAGCCATGAATTCACGAATAACAGTTCCCAATTGGTGTGATGTCAAAGCAGGTGTTTTT
CP178619.1_gap33	1846875	1849380	2505	GACGGCATTCTGAATGCCATCAGTGATGATAAAGGCCGTTGGGGCGAGCCCCGTATTTATCAGTTCGAATTTAAAGTTAATAATAAATCAATGACCTTGATTCCGAAGTCAGTGAAAGAAGTGAAAGGGCTTCCCAAAGAAGGCCGTCGTAAAGCTTTCGTCGATTTGGAAGGCCTGGTGCAATTGCCTGATGGAGATTTTTTAATTTCCTCGGAAGGTAACGGGGATCTTAAGCCGCGATCCATGCCACGAATTTTCCGGGCAGGAGCGGAAGGCAAATGGAAATCAGATATTTCCATTCCGGAAAAGTACCTGCCAGAGAGCACCGGTATGCAAAGCAAAGGTGTTCAGAACAATGGTGCCTTTGAAGGGTTGACTGCGACTGCTGATGGCAAGTTTGTTTTTGCCTGCCTTGAAGCACCTTTAACTCAGGACATCGACATGGAGACCGAAGCCTCCGGCGTCGTCGTAAGAATGTTGAAATTTGAGGACCGTGGTGCTCAACGTGGATATTATTCCCCGGTTTCAGAGTTTGCTTATAAAGTCGATGCCTATCGTGACAATCAGATCGGTCGTGAGATTTTCAGAGGTGTTTCTGAGGTTCTGGCTCTGTCTGAGTCCAAGGTGATTGTACTTGAACGTGGCGCACGTCTTTATGGCAAAGGTTGGAAATCAACGGTTTCCTTGTATCTGGCGGATTTGTCAAAGGCGACCAATACTTTGCCGATGGTGAAACTTGCTGATCATAAGTACACGCCCGTTGAAAAAGTGAAGCTGCTTGATCTTGAAACAGACTTGATAAAAGAGCGCGGAAAAAAAGACGTTCAAAACTTTGAAGGTTTGGCCATCGGGCCCAAATTGCCGGATGGTCGTCGTACACTTCTGCTTATGTCAGATAATAATTTTTCCAAGAACGAAGTTACTGAACTTCTGGTCTTTGCAATTGAAGGTGAATAACAATGGTTACGGTTTGGAGACTCCGCACTGGAGCTGATAAACGCATTCGTAGTGGGCATCCCTGGGTTTTTTCCAATGAGCTGTCAGTCAGTCCGAAAGGTTTGCCGCCGGGTTCACCCGTGGAGCTTCAGGACGCCAAGGGACAGTTTTTAGCAAGGGGCTACGGCAATCCGCATTCTTTAATCGCTTTCCGTGCATTGACTTTCAATAGTCAGGACAAGGAACCAACGGGATTTGATTTTCTTCACAGCAAGATTCTAAATTCGTGGAGAGTGCGCAAGGCCGCGGGTTTTCGAGGAAGTTTCCGTCTTGCATTCGGTGAATCTGACTACATTCCGGGGATCGTGCTGGATTACTATGTGATCGATCAGGGGGGGAAGCAGGCTCAGGTGTTTGTGGCCCAGCTTGTGACAGCAGGAATGGACCTGGCATTGCAGAATACTGAAGCCTTCTTTAAAGGTTTGGCAGAGAAAGCGAAAGAACAGGGTTTGTCGTCGTTTGACTGGAATCAAACAGCTGTGATCATTCGCAATGATGTCAGTGTTCGCAAACTGGAAGGTCTGACCAACAATGAAGCGAAAGTTGTGAAGGATCTGCCTGATTTCAATTTGGATCACGTGGAAATTCTTTTGAATGCCGCGGGAGACGCTGGTGTTATCAAGATGAGTTGTGATCTGCGTGAAGGCCAGAAGACTGGATTCTTTCTGGATCAGACTCATAATATTTATCTGGCAATCGGACTTTTTAAAAACTGGGCAAAGCAACAACAGACCAAAACTATTCGTGTGTTGGATTTGTGCTGTTATGTGGGCCATTGGTCGACGCAAATCACCCGCGCTTTGAAGGCGGAGGGTTTCGATGTTGAAGTTTCCCTGGTGGATGTCTCTAAGACGGCTTTGGCTTTCGCCAAAGAGAATGCCGAGCGTGAAGGTGCCAAGGTTACCGTTCACGAAATGGATGTATTGGAAGGTTTGGCAAATTTGCCTACGGGCCAATATGACATTGTGATTTCGGATCCACCGGCGTTCATCAAAGCCAAAAAAGATATTCCAACCGGAAAAGCGGCCTATATTAAAATGAATACTCACGCTTTCCGTTTGGCAAAAAAGAATGGCTTTGTGGCTTCATGCTCCTGCTCTGGTTTACTGGAAGAGGATGAATTCCGTGATGCGATCAGAAAAGCATCACTTAGGAACTACAGCGAAGTTCGCAGCGTTTTGCGCGGCGGGCACGCAGCGGATCATCCTACTTTGATGCAATTCCCAGAGGGTTTTTACCTGAAAATGTACGTGCATTATATCGTCTAAAAAAATGAGCTGGACCAAGGGCTAATTGAAGGCCCTTGGTAAGTGTCACAAAGTTCTATTTTCCCCTAATTTTCTAAGGCTTGGCTGGCTTAAACCCGATAAATACAGGGATGAAACAGCTGTTCAAAAAAAACAAGATCATTGTATTTGTACTATTCATGTCTCAAATTGCATTGGGGCAGGATGTGACGCCTTTGGCGGCGACGACGATCTTGCCAACCACGGCAGCCTCACCAGTCGT
CP178619.1_gap34	1879454	1883358	3904	CGACGGTGCTGCCGTGTCGTAGTACCACGTTAATGTATTGGAGGCGGTATTGGTATTAGTGGCAGCATCAGCGACCACTCCTGCCGGCAATTGAAGGGAAGCACTGCCTTCAGCATTGGCTGTGGCCGTCAAAGTATAAGATGAACCGCTGCCGGTTATAGAACTCAATGTTAAATTCGTGGTGGTAAAATCACCAAGTGCCAGGCCTGTTACGGTTTCACTAGCGGTTACAGTAATTGTGATCGCGGCAAGTGTTGTTGGGCTTGATTCCGTTTTTGAAAGTGTCATTGTCGGTGCGGTCGCATCGTAATGAACAGTTAGCAGATTGGAAGTGGATGATAGATTGGAACTTGCATCCACAGCTGCATTGTTGTTTACGCGCGCACTGAAATCCCCAGGTGCAGTGGCTGTTAGCGTAAAGCTATAGGTATCACCACTGCCGGTGAATCCGCTGACGGTTGCATTTGTTAAAGTTAGATCGGAAACATCGAAACCCGTGACCGCCGCTGAAAAACTGACATCCACCGTAATCGAGGCGGTATTGGTGTGAGTTCCAGCGGTCGTGCTTAAAGTTGGAAGCGGACGGTTTGAATTGAAATCAATAGACAGACTGTTTGAAACGATATTGTTATTTCCCGCCAAATCCGTTGTTTGATTGGCGCGATATTGAATACCGACTGTGGTTAAGTTAGATGACGGAGTGATTTCGGCTGAATAAGTTTGTCCACTGCCTGTGATATTGCCGACAGTTCCATTTGTTACTTGGAAGTCAGCGGCAGTTGGCGCGATGACATCTTCATCAAATACCAATTCAATTTCCAGGGGGCTGACATTAGTTGGATTTGCACCTAGGTAGCTGATCGTTGCGTGAGGTGCCGTTACATCACTAATTAAAGTCAGAGTGTTGGATGCTTCGTTTCCAAGTGAAGAAGTTTGCCCGGTGGTGAAGCTTGCCGGTAAAGATACGCTCACCGCACCTTCTGATGATGGAGTGATTTCAATATTCCAATGAGTCGCGTCCACTTGTGTGCAAAGTGTGATCGTGCCATTAGTCACTAGAATGTCTGCGGCAGTCAACTGAGCCAGTGGCTCTGTTGAAGTGAGTTGTACATTCCAGGTTGTGATGTTGGAGTGGCCCGAGACCAAAGAACTGAAAGTCAGTGTTGGTGCGGCCTTCGAACTGAATCCATCAAAGATTTTTGCAGTCATCGAACAAGCCGAAATAATCACGCTTCCTGCAATGATTGCAAGAACTTGGGTTAGCTTTCCAATACATTCCGGAACGAGAAATCGCTGACTCATTATGAGTACTTGTCGGAGAATTCCGGGTGTTCCTTAAGGTTTTTGTGAGTTAATGACTTCAAAGAACTACTTTGAGGCCCTCTCCATTCTTTGCAAGAATTTGTCGGCTTTCTCAAATTGAGTCAGCGTTAAAGCATCAATCCAAATACCTTTGGGATTATAGAAAATCACTGTAGGAAGGCCTTGGATGTTGTACTTCTTTTTCAACTCTTTTAACTGTGCGGTTTCTTTGGTGGCATCAAATTTCAATAATACGAAATTTCCGCCCATGGCGCGCACGCGTGGATCAGTGAATGTGTTCTCGGCTAGTTCGTGACAAGCAGCGCACCATTCGGCCCAAAAGTCTATGATGACCGGGCGGCCGTCTTTAATTGCCTGAGCCAAAGCTTCGTCGGAATAGTGCTGCCAGTTCATCATCTGTATCTGATTGATGGTGTTATCGGCCATCATGCGTCCTTTAATATAAGGACGTAAATCGAAAACAGAAAGTACGATGTAGCCAATACCCACAATCAGCACTGCCTGCATGATTCCTTTTTGCATGTGTTTGATAGGAGTGCCGCCATTTTTGGTCGGTAGAAATGCTCCATAGATGCTGGCCACAATAACCAAGCCCAGGCCTAAAGAAGCATCAAACCAACGAGCGGGCAGTAGTAGTTCCAGATAGTAGTAGAATGCTGACAGCATCAAGGTGCCCAGGATGAATTTAAACCAAACCATCCAAGGACCCGAGCGTGGAAGAGTTTTGACCAATTGATTGGAGAGACCCAGGACGATAAAGATCAATCCCAATCCCAGGGCATAGACAAATAGAAACAGAAATCCAAACAACATGTTTTTGGTGGAAGCAACGTAGGTCAGAATTGCAACCAGCACTGGGCCGACGCAAGGGCTGGCCACGATTCCGGCGAACAATCCGGTCAGGTAAATTCCCAGTATACTTTGCTTGTGTTTTTTTCCGCCCAGTCGATTGCGTAAGAACGCGGGAACTTGCAAATCGTAAAGGCCATACATGGACAACGCCATCGCCAAAAAGATAACACACACCACAGCCAGTACATAAGGATTGCCCAGTGAAGCACCGAACATGCTGCCGCTGCTTGCTGCTGCCAGACCTAAAAGAGAATAGGTGGTTGCAATGCCCAGAACATAAATACACGAAGTAAAGAAATTCTGCAGACGGGAGCGCTCTTCAGAATGGTTTCCCAGGACGGCCAGTGTGATGGGAATCATGGGGAATATGCAGGGAGTAAAGCTGGTGAAGATTCCCGCAAAGAAAACAAAGATCAAACCCGCGACCATGCTTGATCCCAGGTATTTTACAAAGTTAGCGCTGTCAAAGAAGCCGCTGGGGTCTTCCTGGGATTCCGTCGCGGAATGAATTTGTGCTTCACCCTCAACCATGGGGGTGATGATCGGAACTTCCAAAGTTTTCGTTGTCGGGAACAAACAGAACTGATCCGTACACGCTTGATAAGTCAGTTCCAGTTTCATTTTACTGTGTTTTTTTAGAAAGCGGGTCGGGGCTTCGATATGTGCGGTCAGTGTTCCATCGCCGACCAAGCCGGTTCTTTCACGTTTGGAAAACTTGTCATACCATTTGGTGATCGGATCCAATTTGAACGGCGCAATTTTGAAACCATCTGGTTCAAAAATCACCACTTTAAATTGATCCTCATAAGCGTGGTAACCTGCCGGAAGTTTAAGTTTGAATGTGAGGGATCCACCTTGCCCCGGGCTCCATTCATAGGGAAGCACTTGAGTCTCGACTAAGAGCGGGTCTGTTTCAGAGGCCGTAGTTTGAGCCCAAGACAAAAGGCCTGCGAAAAGGAAAGTAACTATAATGAGGAGTTTCTGAAGTGTTGCTTTCATATAAATGTCTTATTCCCTCTCTCGACCATGGGCAAGATTATTTGCCGATGGCTCAATTCTAACACGTATCAGCCCGATAGAGGATACTGAGAGGTCATATTCTATGGGTTTTGTAGGTATATTGATAGTTTTCGCGACAGTATTCGGGGGCTATATTGCCGGTCACGGTAAGATGGGCGTTATCATCGAAGCTGCCGGTCTCGAGATGGTAATCATCGGGGGAGCCGCCTTCGGTGCATACGTTATTGCCAACCCAATGAAGATCGTAAAGATGGGGATTAAATTATCCATCAAAGCGATGACATCGAAGGGTCCGCAAAAGTCAGACTATGTTGAGCTTTTGCAAATGCTTTTCCAACTTTTCCAGGTCTTCAGAAAAGAAGGTCCTCAAGGTATCGAGAAGCACATCGAGGAACCGGATAAATCTGACATTTTTAAAGCTTATCCAAGCTTCATGCACAATCATCATGCCGTTGATTTTCTTTGCGACACGATGAAAGTGACATTGTCAGCCGAACTTTCACCTTATGACGTTGATGATCTTTTGGATGCGGATATCAAAGGTATCCACGCCGAAGAACATCTTGCTCAACATGCCATCGCCGCAGTGGCCGGTGGTTTCCCGGGTCTGGGGATCGTTGCCGCCGTACTTGGTATCGTTAAAACCATGGGTGTTTTGACGGCAGGTACAGAGGTGATCGGTGAGTACGTAGCCCATGCCCTCGTGGGT
CP178619.1_gap35	1884572	1888950	4378	TTGAAAGACGCTGCTAAAAGCCCGTCTTCGCTGACAGAATAAAGTAAATATCGCCGGTGCCGTTCAGGTCGCCGGCAGCAGAGGTGCCGGTTACGGCACCTTCAAAAAAGATGACTCCCCAAGTGGTCCCGATTCCCGTTCTTAAGTCAAAATAGCTGCTAATTGAATCGACGTCGGGTGTGTTGTATCCGGCTTCATTGTCCCAGATCCAACTTGTGAAGACTTGTGTGGATTTTCCAAAACCAATCCTTGCTGATTTTTTGTGGGTGCCTTCCCAGTTGCTGAAGGCTTCATACTTCACGCGGTAGGTTCCAAAATTCAGATGCAGGCCCAGGATGTTTCCGTTGCGCTCGCCATCCTGATAAAAAGTGCTGTGCGAATAGCTGAGGATGGCATTGGATTCCTGGGTGAAGTTGATTTTAATATCCCCATTGGCGCGCAGATTGAAATTGTCATCGCCCACTTCATAGTTGGTATTCGAACCCCAAAGTCCCAAGCGGAACTGAGGTCCAAAGTTAAACCAGAATGAACCTTGTAAAGCGGGAGAGCCATCGGTTTGATTCAATCCGTTTTCAACGTATTGAGACAGCAATGAAACCTGGCCGTCCATTTTAAAGGTCGGTGATGAATTCTCCGCAGCAAAGCTGTAGGAGTTAAGGCCAATGAATGTTATGATAAAACTGATGTATCTTCGCATAGATAGTGCATTTAATTGTGAACGAAGAAAGTACAAAATAAAAGAAAAGCCGTCAGGGAGCTGGACCAACAGCCAAGCGGCAGGTATGTAAGGTTATGAATTTAGATCTGCCCTTGGATGAATATACGTATATTGCATTTGATACCGAGACCAGCGGAGCCTATCCGGTAGGATATGACATCGTGGAGTTTGGTGCGGTGAAGTTTCATAAAGGTCAGGAAATTGATCGTCTGCAGTTCCTGCTAAAGCCTCGCGAGTTGATGAGTGATTTCATCATTGGAATTCATGGCATCACAAATCTGATGGTTGCTGAAGCCCCATTGATGCCAGAAAAAGTTCAACAGATTCATGAGTTCTTCAAGGGCTCTGTTGTTATGGCTCATCACGCTCCGTTTGATTTGGGTTTTTTGACAATTGATTTTGAAAAAGCCGGTTTGCCTTTACCAATTGAACCGGCATTGTGCACAAGTCTTCTTTCGCGCAAATGGATTCATGGTGTTGAAAATCATAAACTTCAAACGTTGATCAAACATCTGAACATAGATGGTGGTCAGGCGCATCGTGCCTATGATGATGCTAAGGCATGCTTATATGTTGGTTTGGAATGCTTTAAAAAAATGGGCGAGGGAGCAACTCTTGCGCAGGCAATTAAAAGCCAAGGCAAGCAACTGTGGTGGAAAGACTATTCCATGTACACGGTGAACAACACCAATCTTAAGACGATGATTGAATCCATTCATACCAAAAAAGATTTGGATCTCGTATATGATGGGGGCTCAGCTAAGGGCGAGACTCGTCGTGTAAGTCCAATTGGAATAGTACGCAATCCAGATGGTGATTACCTTATGGCCCTTTGTCAGAGAGAGAACACAAATAAGCGTTATTATCTGTCCCGCATCAAAGATGTGGGAATTGTTTATTAACCCTCACCTTGACGATAATTAAATCGGATACATGATTAACCTATGACCTTGCCATTCACGGCAGGGGAAAGGTGAAACCATGTCATTCGTATCTGGTTACCTTCCTGTTATTCCGCTAAGAAATGCCGTTCTGTTTCCCGGTGTCAGCATGCCTTTGCGGGTTGGAAGAGACCGCAGTATTCTCGCTTTGCAAAAAGCACTAACCAATCAAAAGTGGATCGTCCTCCTGACGCAGAAAAATCCCGAAAGCTCGCTGGAAAAGCTCGAGGATATGCATACCGTGGGCACGCTCTGTAAAATCGAATCGCATCGCAAGGAAGACGATGGCAGCTATACAATTTTTGTAAATGCTCATCAGCGTATTCGTGCTCTGAATATGAGATTTGAAAATGGCATCTATGAGACTTTGACGGAAGGGGTTGAAGATATCCTGGTCGCTGATCGTAAGACCGAGGAAGCCTTGCTTGAAAGCCTCAAACAGATTGCCTACGAAACTGTGGATTTGCTTGGCAAACACATGCGTCGCGTGAAGGAGTGGATCGCAGAGATCGAAGAGCTTTCACTGCTGACCAATGTGTGTGCCGCTCACGCGGATTTCACGTTGGCTGAGAAACAGGGGATTCTGGAAACTGCAGATGTGCGTGAACGTGCGCTGAGAATTCTGGATCTTATGAAAGAGCAGAAAGAGCGTTTGAAAATTCAGCTCGATATCCGTCAAAAACTCAGCGAAAACATCAATCAAAGTCAGAAGGAAAGCATCCTTCGCGAGCAGATGCGTGTTATTCGCGAGCAGCTGGGGGATGAAGACAGCAATGAAATCACGGATCAGTATCGACAAAAAATTCAGGCGGCCGGTTTGCCCGAAGAAGCTTTGGCGTTGGCAACCTCGCAACTGAAACGACTGGAGAACATCAACTCTGCTTCTCCGGAGTATCAAATCATACGCACGCATCTTGATTTGATGACTGAACTACCGTGGAGCAAATCCTCGGTCGATCAGGAGATTGATCTGGAAAAAGCCGAAACGATTTTGAATGAAGACCATTTCGGCATGGATAAAATCAAAAAAAGAATTCTGCAGCATCTGGCGGTGATGAAACTGCGCAAGACGCATCAGGGTTCCATTCTGTTGTTTGTGGGTCCTCCGGGAGTGGGTAAGACCTCCCTGGGTAAAAGCATTGCGCGCGCCTTGAATAAAAAGTATGTGCGCGTGGCCTTGGGTGGCGTGCGGGATGATGCGGAAATTCGCGGGCATCGTCGCACCTACATAGGAGCAATGCCAGGGCGGATTATTTCTGGAATTAAGAAAGCCGGTGAAAACGATCCTGTATTTGTACTGGATGAAATCGATAAACTTTCGCGCAGCTTTAACGGTGATCCTGCCAGCGCCCTCTTGGAGACTTTGGACCCTGAGCAGAACAATTCTTTTCAGGATCATTACCTGGATACGGCATTTGATCTTTCGAAAGTTCTATTCATCGCTACGGCCAACGCGCTCGATACTATTCCAGGTCCGCTATTGGATCGTATGGAAGTCATTGAATTGACGGGCTACACGATAGAGGAAAAGAAAAACATCGCGAAACGTCACTTGTGGCCGAAGCAACTTGCTGAGCACGGTATCGAGGAATCGCAGTTGGAAATCACAGAGGGCGCATTGTCCAAAATGATCACCGACTACACCCGGGAAGCCGGCGTGCGTGAACTGCAGAGAAAAATTGCGACGATATGTAAATACATGTCGATCAAGATTTTGAAAGCCGAAGGCGAAAAGCTGATCGTCGATATCAATGATCTGGATGATATTTTCGGTGCGGAAAGATTTACTTCTGAACTGACGGAAACCTCATTGCCACCGGGAGTGGTGACGGGACTTGCATGGACTCCGGTGGGTGGAGACATCCTGTTTATCGAAACGGAGGAAATGCCGGGTTCAGGACAGCTGTTGTTGACGGGGCAATTGGGCGAGGTGATGCAGGAATCCGCAAAAATTGCGATGAGTCTGTTGAAGGCCAGATTGCCATTGATGGATCCGACGGTGGATTTCACCAAAAAAGAGGTGCATGTCCACGTTCCGGCGGGTGCGATTCCGAAAGATGGTCCGTCGGCAGGTGTAACTATGCTGACATCGATTGCCTCCAAGTTGCTGAAAAAACCGGTCAATCCAAAACTGGCCATGACGGGTGAAATCTCATTGCGTGGAAGTGTTCTGCCAGTGGGTGGCATCAAGGAAAAAATCATTGCGGCTCACCGTGCAGGTGTGACGGAAGTGATCTTGTGCAAGCGAAATGAAAAAGACCTTCGCGAGGTTCCAAGTGAGATCAAAGACAAGATGAAGTTTCATTTCGTCGATAATGTCAATGATCTGCTGAAGATCGCCTTGGAAATTGATTTCCCAGCGTACAAGTTGAACTTCGATAACAATACGCAGATGTTCCCACGAGCTATCAATTAAGGTACGGACACACTTTCTCCAAAAAAGAAGGCCATGAGGTTGTGCTCATGGCCTTTGTCATTTTGGAGAAAGTGTGTCCGTACCTTCGGCGCTACCTTAATCTTTGAATTCAACGACGTTGACGGTGCGCTCAGATTTCATGGTACTGATGCGTTTGTTGATTTCTTCTGCCAGGGTTTCCAGTTCTTTGAACTCGTCGCCTTTACGCACTTTAAGTGGCGGAATGGACTCGCCCTTCATGATTCCGTAGACATATCTTTCAAAGGCATAGATAGGGCCGGCAATGCGATGGGAAAGGACTTT
CP178619.1_gap36	1914762	1917520	2758	GAAATCTGGCGGGCTCTGACTGATACGGACGATCTGGAAAATTGGTGGGGCGACGATGTCGCCCTTGAACCAAAAGTCGGCGGAAAGTTCCGCGAAGCCTGGGAAGATGACGAGGGCAACGAGCAGCTCGCTTCCGGTAAAGTGCTTTCACTAACTCCCAACAAATCCATCACCTTCACTTGGCGCGAAAAGGATTGGGATGCGAAAGCTATCACAGAGTGTTCTTACGTGATCGAAGACAAAGGTAAAATACGCACGATGACCGTAACCCATAAGGGTTGGGATGTCTTTCCAGACAAAGTCCGTGCAAAGCTTTTCAAAGATTTTCAACTTGGTTGGAAATATCATATGCAGGAACTTAAGTCTTATCTTGATGATGAAATTTAATTTGCTCTCTTTTTATCACGGTATTTGAGAGCATTCTAGTGGCTAGAAGATCTTCGATTCAATGACTTTGATCACCTGATTTCAATGTGCTCGGTGATCTTGATTCGCGCAGCACACGATCAATTCAAATTAAATGATGGTTTGATTTTCCGACTGATGCGTTTTTGATTTGTTACCTGATTTTTTTGATTGGGGATAAGTCGAATTCGCTGATCAAAGATTTTTCGATGCCAAATGTTATACATGCGAAGTTCAAATAGTTTGAGGTGGGTCTCGAAACCCCCTTCGCATGGCAATTGCATTTACTCTGTTTATCAAGAAACGAAACAGGGGGTACTGTGAAAGTATCATTTAGAAGTCTTATATTAGTAATGCCATTACTCATGACAACAGCATGTTCGCAATTTGGGACAAGTATGGAGTTTGAACAAATTAACTCGCTGGCAGCTGAGGCCGTCGACGATGGATCCAGTATTCAGGATGTCGCGAGCCCGATTCCGTCCGCTCCAAAACCAGCGGCCCCCGTTGATGTTCCAAGTGTTGGCGATAGCGATGTGCCAGAATGTGATTTTGCGGTGCTTGATCAAAGTAACATCCATGAGTCGATGGAAATTGCCGAAGGGACTCTCCTGACATATCAGACGGGCAACTCAGCTATCAAGACTTGCATCATTTCCAATTGTGAAACAGTAACAGAAGTATCCATTTCTCAATAGCCAGGAAAAGATCCAGGATCAGACATATCCAAGTCAGCAGCAATCACTCCCGCCCATTGCTGCTGACTTCTCTTTTTGTGCTGTAGATTTACTTTGCGTTTCTTCATGAACTTAAGGGGTACATCCTGCGCTCATTGCGGCTATTAACTGATGGTGGGTGAAAGTTTACAGCTAAATGTCTCATGCCGAGCCGAATGACTTGGGTAAATGACAGGTTCCCTTGCAATTGATATTAGGGAACCTTCACGTACTTCGATCAAAACTTTTGCAACGTCAGATCCTGAACACCTTAAACCTGGTTTAAATAGTTATCGACTCGAACAAACGCTGTGCATGGCTTTTGCTTTACTCCTTATTGAATTCAATTTGGAGGAATAATGAAAACCACAGCGACTTTAGTTTTCCTATCAGCGGCTCTTTCTTTTACGACAGCGTGTTCGCAGTTGGGAACACAAGTGGAGTTCGGTGCTTTCAGAAGCGCGCAGGAAATCATTCCTGTCGTGGATGGCGAAGAGCCAGGGACTATATCTGATGAATCCATTCCGGAAGTGATTGATGAGATCCCGGTTATGCCTGGCGAAGTAATCGATGACGACGGAAATCTGGTAACTGACGATGGCGAAGTGATTCTGCCAGCGTGTGATGCCCTTCAACAGGCCGAAGCTAACTTTATATTAAGTCAGGAAGGTTCCAGCAACGTGGCGGGCGTTAGCCAAACTGGCAATGCCAACTCTGCGACCATCTACCAAAAAGGCGATAGCAATACTGCCTGTGTGGTTCAAGCCGGTGACAATAACCAAGCAAACGTTCAGCAAACTGGCTCAAACAACTCAGCGTCTGTAATTCAGCAAGGTAATGGCAGCTCGGCGAATATCGTACAAAGTGGTGGCAGCAACTCAGCAGTAGTTAACCAGCACTAATCGCGAAGGTACGGACACACCTTCTCCACGGTGTGGATCCCAAAGGTACGGACTTACTTAGCAGGTAAGGCCGTACCTTTTTCTTTTTAATTTTCAATAATGATATCAATTACTTATAAATTTCCCATTGCATTTTAAAGCCCGCATGTGCTAAACCCTTAAAGTTCCAAGCAAAATTCAATTTCCAAGGATATAGGGGAATCGCACATCATGCTTTATCAGTGGCTCTATTCAATGTCGGAATACTTCTCTCCATTGAATGTCTTCCGTTACATCACAGTTCGTACGTTCATCGCGTTTTTCACGTCGTTTTTGCTGTGCTGGATGTGGGGACCTTACTTCATCAAGCGCCTGCAATTGAAGCATTTCGGGCAAGCGATTCGTGATGACGGTCCTCAGTCACATAAGAAAAAAGCCGGAACTCCAACCATGGGTGGGGGCTTGATTCTGCTTTCCACGCTGATTCCGTGCTTGTTGTGGGTCGATATGCAAAACCCATTGGTATGGGCCGTACTTATCATCACTTGGGGCTTCGGTTTGATCGGTTATATGGATGACTGGTTGAAGGTAAGCAAAAAGAACTCCAAAGGTCTTTCTGGTAAAATCCGTTTGGCAGGGGAGTTTTTGATCAGCGGAGCGGTGGTTGCGTACTTGGTGCACTTCCATAGCTTGGGTACGACTGTTTATATTCCCTTTGTAAAGTCCTTCGGTTTTGATTTGGGTTATGCCTATATC
CP178619.1_gap37	1992108	1994564	2456	GCAATACTGCTTTTAAGGAGAGGCTAAGGAAGGCGTCGTAAGGTGTAAATATAATTGGGTATGTATCTTGAAGTCGGGTTGGACCTTGGCCGAGGTCTTTGTCTCAGATGTAGAAAATGAATAATTGTTTGCAATACCTTGGATTTGGAAAAAGTGTTGCCTAGAAGTTCGACGAAAAACAATGGAACATTTTGAGGTAAAATGACTAATATCCGACAGTTAAGTCATCAGTTTTTTGAACCGATAGGGAAACTCAAGGAGCACTGAACGATGGGAAAACAGTATTATCTTTCTAATAATGGGACTCATATCGGACCTTACACTTTTGAAGTTGTCCTGCAAAAAGTTGAATCCCACGAACATCAATGGACTGACTACGTCTATGACGAAACGATCGGTGACTGGGTTATGTTGATGGAACATCCTGAATTTTCAGTGAAGGTTTCCACCAAACCGGCAACACGTCCAGAAGAGGCACCACAGGCAGCTGCAGAGGTTCCGGCATCCGAAGGTCTAAAAGATAAAGAGTGGTTCATCCTTAAAGAAGGTAACAACTACGGTCCTTTCTCTCCTGTTGAAGTTGTGCAGATGCTTCAGGAAAAGACTTTGTTTGAATATGACTATATTTGGCATGCACGCATGGCAAACTGGTCACGTGTGGCAGAAGTCGAGGAGTTTGCTCCTGACAAAATCCGCGCAATGAAGCAATCCAATGACACTGGACTTGCGGAGATTTTCTTCCGTCGTCGTCATGCTCGTGCAGCATACGGTGCCAGCTTGATTGTTCATAATAATAAAACTGTGTTCCGTGGCCAGGCATTGGAGATCAGTGCTGGTGGTGCGGGTGTTATGATTGACAACCCGAACTTGCAGCCAGGGCAGTCTTTGTTTTTGCATTTCCAACCGGGTGACGGTGTGCCGCCATTCAATGCGGTTTGCCAGATCGTCAGCAAGCAATTCATTAAAGAGCTTGCGCCAAAAGGTTCTGATTCTGTCAGATACGGGGTTAAGTTCACGACAGTGAGCCAATCCGTGCGCGAAAGCATCAAGACTTTCACGACAGCAAAAGCGGCCTAGGTTTTTTAATTACTTTTTAGAATTGGTGGCAGAGGGTCCAAGGACTACTCTGCCACTTCCATTTTGGAATCACTGGTTTCCGGATTGGCAATCAATGGGGACTTATCACCCGCCGAAGCGAATTGATAGTATATGCCCTTGGCATCCATGAGTTCCTGATGAGTTCCCACTTCCGCGACATTGCCTTGATTCAGAACGACAATACGATCGCATTGCTCGATGGTCGACAGGCGGTGGGCGATAATAATGCTGGTGCGGCCCTTGGTGATTTCATGGGTCGCTTCCTGAATGATGTGCTCGCTTTCAGAGTCAATATTGGCGGTCGCCTCGTCCAGAATCAAAATATCCGGATTGAATGCCAAGATCCGTGCGAACGCGATCAGCTGTCTTTCGCCGACCGACAGATTTGCACCACGCTCATCCACCGGACTGTTCAAATCCCGCCCCGTGCGATTCAAAAGTCTCATGTAGCCGGTTTTCTCGCAGGCCGCTGCAATTTGTTCGTCTGAAACACGAGGGTCACCCAATCCAATATTATTGCGAATGGTTCCGCGGAAAATAAAGTTGTCTTGTTGCACAACTCCCACGTGATGACGAATTTCCTCGCGGGCAATGCTTTCGATAGGCAGACCATCAATGAACACCGTGTTTTCAGGAGCATCGTAAAAACGCTGTAGCAAGGAGATAAACGTGGATTTACCACTTCCGGTACGTCCTACCAGTGCGATGGATTCGCCCGGTTTGAAATGCAGGTTTACGTCCTTCAGAACCAAAGGCAGACTTTCTTCGTAACGGAAGTTCAAATTACGAATCTCAATGTCTCCGCGGACTGATTTGGGGGAGGTGAGCTGTTGCTGCTCGTGCTCCTTGTTCTCGTCCATCAAAGTAAATATACGTTCAGCACTGGTAAGTGAGTTTTGGAACTGTTGATACTTTTCCAGAATCTCGCGCAAGGGTGGAATAAAATCCTGAATGTTCATCAGGAAGGCGATCAATGATCCGATGGCGATGGAGTTTTCAGCGCTCATCAACCCGCCAAAATAAAGTGCAGAGGTGATGGTCACGGCATTGAACAGATTCATAATCGGCTGCATTAATGCATAGGCATAAATCGAGCGCATGTTGGTGTCGCGGTAGCTGGTGGACAAGTTGCTGAACCGATCCCTGTTGCGGCGAACACGGTTGTACAGTTGCACCACTTTGATGCCATTCAGATTTTCAGCCAGAAAAGCATTAATGACAGAAAGTTTGCGCTTTTGCTCGTGCAGAATGTCGCGAATTTTGTTGCTCAGGTAAAATGAGGCCCAGATAAACAGAGGTGCCATGACCAACGATATCAGTGTCAGCTTCCATGAAATAAGAGCCAGAGCAATGACAAC
CP178619.1_gap38	2145403	2149865	4462	GTGCCTTGTCTGTTTTGAGCGTAGGACTAAGGCTCGCCAGGGATTTCAGAAACACTGGCGCAAACAAGTTGGTTGGCATGTTCGTGGCAGGAGTACAATTCGCTGTGATTTTCCTGAAAATCTGATATACGACCAAAGACTTCGGCGCCCAATTGCCAGAATTTGAATTCATCAATGGCGCCGTTTTCAAAGGCTTCAAGCTGTTCGAATGCGGCATCGTAAATCGCCAGCGCAGAGTATTTTCCGCCGGGAGTATAGTAAAAGCACCGTGGCTCCCGGGATTTTAGTTCGCATCCGGAGTCGTTGCATATAAATTCATTGGTTATGATATCGATAGTTGAGTCTGCGTGATAGACTGTGACCAGGTTCCCTGCGGAAGCTGATTTAACTGAAAAACCCATGAAATTGTCAGAAGGCTTGTTAAGACCCAGATTGTTTTGTTTTGCATAGATTTGCAAAGCGGCAAGAAGATCCCTGCGGAAGGAAGATTCCGCGGCTGCAGCATTCAATGTCAGAAAAAGCCCGCACAACAAAAGACAAAAAGAGTTTTTCATTTATGTTAGATCGGTTGTGAAAGTCCGAACTTAACTGGACGACTGTACTGTCGCAGAATGGTTCACTTGAGCTGGTGTTATAAAGCAATCGGGAGACGCTGGTGAACTGACCAGGCGAATACTATGCTGAGGTATGGCCACAACTCACTTGCTGGATAAGGAAAAAAACTTTTCGTTGGTTCTTGGTGGGCCTCTGTATCAGTTGTTGATTAAAACCCGTCTCGCCACGGCAGCCACTCAGTTACTACGTCGGCGCATGATCTTTTTTATACTGATCACCTGGGTGCCGCTGGCACTGCTTTCTATGATTGAAGGCAATGCGTGGGGGAGTCAGGTCCGGGTGCCTTTCATATACGATATCGAAATGCATATTCGCCTTTTATTGGCCCTGCCGTTACTGGTTGCTGCCGAAATAGTCGTGCACAAGCGCATGGCCCCGGTTGTCAGTCAATTTGTTGAGCGCGGAATTATTCAGAAGAAAGATCGAGCCAAGTTCGACGCATCCATCGATTCAGCCATTCGCTGGCGCAATTCGATTGTGGCGGAAGTGGTGTTGATTGCATTCGTTTACATCGTCGGAGTGGGTATAGTCTGGAGATCGCAATTGGCTTTGGATGTATCCAGCTGGCATGGCATCGCCGATGGCGGCCAAATGCAATTGTCCCTGGCCGGATGGTGGTTGGGATTGATCAGTTTGCCATTCTTTCAGTTTCTTCTGTTGCGCTGGTATTACCGCCTGTTTATCTGGGCCCGGTTTTTGTGGCAGGTTTCACGACTTCATCTGAATCTCACAGCCCTCCATCCGGATCGTTGTGGGGGCTTGGGTTTCCTATCTGCGATGGGCTACGCATTTTCACCGGTCTTGTTCGCTCAGGGCACAATGCTGGCGGGATTGATTGCCAGTCGTGTGTTCTTTGCAGGAGCAAAGCTGCCGGAATTCAAATTGGAGTTGGCTGGTTTGGTGGGACTGATGGTATTCGTCGTACTTGGACCGTTATTGGTGTTTGCTCCGAAGCTCGAAGAGGAAAGGCGCAAAGGTGCCCGCGCCTATGGAACTCTTGCTAGCAATTACATACGGGAATTTCAGCAGAAATGGATGATGGGTCATTCACCCGAAAAAGAGGCGCTGGTGGGGAGTGCTGACATCCAGTCTTTGGCGGATTTGGGTGGCAGCTTTGATGTCATAAAAGAGATGAAGGTCTTTCCCTTCAATTTACGCACAGTGATTCAGTTAAGTATTGCAACATTGCTCCCGGTGGCCCCATTGCTATTAACAATGTTTTCACTCGAGGAGCTGTTGCAAAGACTGCTGAGCATGGTTCTTTAACTACTCCACCGTGCCCAGACGAATTTCTGAATCCAGAACTATCGGCAGTTGTGCTTCAGCTGAAAGGCTTTTTTGCAAATCATAAAGCTCTTTCTGGCGAGGGTACTTGGCAATCAAAGTAGCCAAGGTCTCTTGAGCGCGCAATCTGAAGTTACTTTGGGCCACGCGAGATTGCAGGGCTTGGGGCTTTAGAGTTTCCGCTCGGAACTGCCACATATCCAACTGGAAGTTTTCATAAGGATGTAAGCCAGATCCCAATCGCACCGCAAGATCCGTCATGCGTCTTTGCGACTCGATCAAGTCTGTGTAAGCCAGCTCGCGTTGACCATTTTGAATGTTCAAAGCCGCTCGTTGGATTTTGATTCGGGCCCACATGAACTCATACGGAAACTCAAGGACGCCATTTTGAGCGGCTTTCGATGAAGCTGTTTCCAGTAGACGCAGAGTGCGGTCGATACCGGCAATCGTCACGTGATCGTGTTCGTTGGTTAGATAGGCCTGAACATAATATTTCATCGAGTCGTACCATGCGGATTTTGCAGAATCCTCCCAAGCTTTGGTGACACCGATAATTTCAACCGGAGATCTTTGACCAGGACCCAGCAAGCGGAAGCCGACAAAGTGGGAGCGGTTGGTTGGATACGTTTCCCCCACGCTCATCCACCATTCTTGACGGGCCGGGGCCATCACATGAGTGGCAGCAGTGTAAAGCTTTGTGGTGGTGCGCCCAAAGGCTCTTGGTCCCACAAGTTCGTCAGTGTGACCGCTGAGGCGATTGATCACCCATTGCGCGTCAACTCTGCCAAAATCCTGATTCAAGGTGCGCTCCACATGGGCCAGGCGAGCCCGTGTCTCAAGAGTTTTATTCAGACTGTACTCGTAACCTTCCTGGCTGGTTCTTAAACCCAGGAAGTGATTGCTTTGACCCAGAAATCTGTTTTTGGTTCTGCGCGCTACCACCACTGTGTCACCATTAAGCTCAATCGACGCGGATTCATCGGTCTTTGCATCAGAGATAAAGAATGTCCAGGCCCCAAAACCTTTGCGAGATTGGATGATGGCGATTGCTTGATCCAAAGTGCGAGCCTTCAATAGTACTGAGTGCAAAAGAAAGGGCGCGATATCGGATTGGCCGGGAGCATAGTGAATCTGAGTTCCTTCCGTTTGCAATTCGTGCAGGCTGACTGATAGACCGTGATTATTGAAACCACTGATGCCACCGGCATAGTGCAGCCCCGCCGATGCGATACCAACAGAAGTGGTGCCATTTGTTAGGCGGTTGATAACAATAACCTGATCCTGTTCAAAGAATCCCAAAAGACCCGTGTCGAAGTTACGGCCATGAAGAAGGGCCCCATCCATGGAGCTGCTGGCAGACGCACTGATCCCTGTGCAGCCCATTTTGATTGCTCTTAAACCTTTTGCCAGGATTTTGAAGGGCTTTGCCAGTGCACTCCCGATAAAATAGGGGGCGCAAGAAGCAAAAAGCTGCTTCTTCATTTTTCCCGGATCGTCCTCCAGCTGCCTTTGCATGGAGTCTGCAAAAATTGAGAACTCCACCATGTAGTTGCTTTCCTCAAAGTCCTTCCAGTCGACTTTGCTGCCTGCAGCTTTGAGTCCACGATGCAGATTTCTAAGACCGTCTTTGAATTCTTCAGAAACGCTGGCGCGATAGTTGTCGATCACGCAGTTTTTAATAAGCTTCAATTGATCTTTGGACTTTTTATCCAAAGAGGAAAAAGCACGTTCCGTGCGAATCTGAACGCCTTTCAGGACGCCGGCTTCGATTTCTTTGCGCAGGAAGTAACCATGAAAGTAGGCCGTTTCCTTATAGCCGCCGGTCAAATCCAGCACGTGTACTTTTTTTGCTGTGCCGGGCGCCTGGCAGACGAAATGGCGCTGGTTTTGTTGTTGGTTTTGCAAAATGCAATTCGCAAAAGCAGCCCCGGGAGCCAGTAACAGAATCATGATTAGCAGTTTCATAGAATCTCCATGGAAAGATAAACGGAAAAGCAGAAGAATCCGCAAGCTGCGACGACTTCAATTTTTCTTAAGATTTTTTTAATGGGACCGTGCAATCTTTTTAAGCTCCATAATAGAGCCATAAAGCTTGCCACAAAGGTCAGCGCGTAGATGGAAACACCCAGCAAAAGGGTGTTTGTTTCCAGCGCATGTGAAAACAGACCGGCATAGATAAAGACCAGATGAAAATTAGAGAGCGTCAGCGCCAGGCTCATTCTAAATCCCAGATCGGGGATTTGGATCGAGGACGTCGGTGATTTGGAAAAAATCACGTGCACTGAAAAGATCAATAAAGCCAAAGCTGTTAGTACTGTGAGCAGATTTTTAAACCATTGCAGATGCAACAAGGGACTGCGTAACAGGGCTGTGGCAAAAAGAATGTAAATCAGATCCCCCAGCAGGAAGCCTGCTATCGAGGACCACGGCCATGATCTGCGGGAGACCAGGCTGCGAATGATACTGAAACTTGCCGGGCCTAACGCAAAGGCGGAGAGGATCCCAGTGACAAACATCGCAAGAATCATTGTAAAGTCCCTGCTTGATCCAGATTCTGACGAAT
CP178619.1_gap39	2265141	2266835	1694	GATCAACCTGCGGAAAATTCCATTGCGTGAAGACGTTGTATTCATGGTGCGACCTCTTTCGTGAATAATACTATTAAATAGTTTTGTCCTAGACCTGTCATGCGGGAAGTTGCAGCGGTGGTATTTGCGAATGTTAATTCGCAGGACCAAGTAACACGCGCATCCAAAATGTATCTCATGATTTGATAGACCAATGTGCGATTGAACTATTGCATAGCTCATGTTGCAAAATAAAACCCATAAAACCATTAAAGTAGACCCTCAAACAGCCCGAAGTTTTTCAGACATCAAGATTTATTGAGGAGTCCACCGTGCGAAGCAAAAGTTTAAATTTCAAAATCATGGGTATAGTCGGAGTTATGACCGTGGGCGCTCTGTCGATCACTGGTGTGGGTTACTGGGGCATGGCAAGTTTGAATGAAATTCTGGAACGGGCCACTCAAGTAACGGCGCAAAGAAGTCACAAGGACCATTCATTAAACGCGTTATTTCAGGATCAATTGATTCAAGAACGCAATTATCTGTTGAATCCGTCTGTTGAGGCTCGCCGAGAAGGTAAAACCAAACTTACAGAGGGTGATAAGGCCATTCGCGATATGGTTGAATCCCGCAAAAAAATCTCAGGTCCTGGTGGTTTGAAGGATCTGGCTGAATTTATGGCTCCCTATGAACAATGGGTTCTGCTAAATCGTGAAATTATTAATTTTGTCGATACCGACCGAACCACAGAGGCTGTCGCATTACTGCTGGAGAAAGGTCGTCCCATTCGTATTGCTGCCACCGCAGTGACTGACCGTATGATTGCAAGTGCCGCCGAAGATATGGCTGCTGATAATAAAGAAGCGGAAGTAGAATACGCTCGCGCCCAATCCTTGATGACCGTGGGCGCTGCAGTTTCAATTTTATTGGGTCTTTTAATGTCAGGCCTGGTGCTGCGTGCGATTGGTCGCTCTATTAATCGTGTGATCTCAGACCTTAATTCCAACTCAGCCCAAGTGGGACAGGCTTCGCAACAGATTGCCAGCACATCCTCCCAATTGGCGGAAGCCTCTTCAGAACAAGCCGCTTCACTCGAGGAAACTGTTGCCACGCTTGAAGAGCTGTCTTCAATGATTAAAACAAACGCAGCCAATGCCAATCAAGCCGCCAAGATGTCGGCCGACACTGAGGTGATTGCTGGCAAAGGCGACACGGCGATTAGGAAGCTTAAAGGTTCCATGAATGAAATCTCCAAGGATTCAAAAAAGATCGAGGAGATCATCACAGTTATTGATGATATCGCATTCCAGACAAATCTCTTGGCGCTGAACGCGGCCGTCGAAGCGGCTCGTGCCGGGGAGCAGGGCAAGGGATTTGCAGTTGTGGCAGAAGCCGTTCGTGCGCTCGCGTCCCGCAGTGCCACAGCGGCCAAAGAGATCTCAGATTTGATCAAAGGCAGCGTTGAAAAAATTGAATTGGGTTCCAGTGAAGTAAGCTCCAGTGCGGAAATTCTGCAGGAAATCGTGGCTTCTTCCCATAAAATGACTGGAATCAGTCGTGAGATTGCCTCTGCCAGTGATGAGCAGGCGAACGGTGTTGCCCAAATCGGCAAGGCTATGAATCAGTTGGATCAAGTGACACAAGTGAATGCGGCGACATCTGAAGAGGCCTCGGCGGCCGCGGAAGAGTTGTCAGCACAAGCGGACCAACTGAAT
CP178619.1_gap40	2288453	2293051	4598	CGTTGGGATTCATGCACGAGCAGGTGAATCCTCATCGTACTATGGATTTGATTTTGGATCGTATCCAAGGGTACATCGAAGATCAAAGCTCTAACGCAAATGCTGTTGCTCTGACTGAGTATGACCCAGATTCAATTATGCATTATAGCTCGTTTGCGACGAGCATTTGCAATTACCTGGAGGACTCAAAATGGGAGATGCCGCTGGCGCGTCTGCCAGATCGCTCTTGCCGTGTTGATGGCTGGGAGAAACTTACCGCTGCGAATAACAACGGTAAGGACTGTCATCAGGAGTGCGCGGTGTTTATTACTAAAGAAGGTAAGTACGTAAGCGGTCAGCGAGTTGGTCTTTCGCCCTTGGATATTGAGGGGCTTCGCCAGCTTTATGGGGTGAAGTAGGGGATGCTACGGTTTTTCGATTTTCCCATCAGGATATTTAGCAAACCTTCCCGATAACTTATCGTGAACGGCATCGCTGCGATCCCAGCTCCAACCACCGAATTGGGTTTCATTGTAGTCATTGATGGCATCTATGATCTCTTGCTTGGTATTCATCACGAACGGACCATGTTGCACGACCGGTTCGTTAATGGGTTGCCCTTCCAGATATAGTAAATCCAAATCAGCCTCTGCAGTCACTTGAAGCGCCGTGGAGCCATCAAGGTAGGCTGCGTGGTTGGCTGCAATGCTTTGGCCCTGAATCCGAGCCTTGCCGCCCTGGTAAAGGTAAATAATGCGATTGGTGTTGGTTGCGGCCTTTGGCATTTCAAAGGTTGCGCCTTTTTTTAGATTCACCAGGAAAATGTTCACCTCGTGCTTGGGATCTTTTGCCCACGATGCTTCGGTGGAGGCAAAGTACTCTGTGCTTTTATATTTACCGTGAATGACTGTGACTTCAGTGTTGTCGCCTTGGTATTTAGGAATTTTCTGGGACCACAGCATTTTGAATTCTGGATCGACCATTTTATTTTTCTTAGGCAAGTTCAACCAAATCTGAAAGATCTCCATCGTGTTGCCCTTTTGCTCGTTCAGCAAAGGAAACATCTCGGAGTGTTGGACACCTTTACCGGCAGTCATCCATTGCACATCACCTTCACCAAAACGCCCTGCCGCCCCTAAGGAATCTGCGTGGTCGATAAAGCCCTGGCGGGCGATAGTAATCGTTTCAAAGCCGCGATGAGGATGGACCGGAAAGCCAGGAACATCGGAGCCATGATACATGCGAAAGCCATCTTTGGATTGAAAATCATGGCCAATGTCCCGGCCTTCCAAGTGCGGCAGATCCAAGCCCATGCCAGCATTTCCTTGAGGAAAGTGATCCAAGTGATGTGCGCAGAAAAGAAACGGATCAGCGCCTGGTAAGTGAAGATCAACGGGGACGATCTTTTTAATCATAAGAAGCTCCTGGTTATTATGATAGACGACTCTGGGGTTTAGGCAACTTGGTGTATATGTGCCTGCTGCTCGTCAGGCCATCCGAGCCTTAAAGAGTCCGTATTTAATTTTCGATTTTTAAGGGTTTTAAAACTAAAAAACCACCTTGCGGTGGTTTTAAATGGATGGGGTAGCAGGACTCGAACCTGCGAATGACAGAATCAAAATCTGTTGACTTACCAACTTGTCGATACCCCAACAAGATGAACGGTTGAACCGCTAAACTACGGATTTTGCGTATGGAATGCAATCTATGACGCATTGCGAATAGATAGAAAAAGCCCGCCAATGCAGGGATTGCTGCAAGAGCGGGCAAAACTGTCCTTGGGTTTTGAAGCCGCCTCCGGTTTCAGAGCCTCCACAAATGGTTCCGAAACTTGGCGTGTGAGCAGGGTTCTTCAAACTCCTGTGAGCGCGGTTAGTACTCGTCGCTGCCGTAGTCGCTGCCTGGCGCCTTCTGGCGTTTCAGGTTCACGAGGGTTTCTCCCATGGACTTTAATTCGTTTTCGTAAGCTTCAAAGACCATGTCCTCGATCATCTGGCGCGTCTCCTGGTTTAGGGGATGCGCGATATCGCGGAATTGGCCGTCTTTTCTTTTTTTGGAGGGCATCGCGACGAACAGGCCGCTGGTGCCTTGGATGACCTTCAGGTCGCGGACCACGAAACAACCATCAAGTGTGATGGAGACGTAGGCCTTCAAGCGATCCTCATTGACCGGGAAAACTTTCACTTCGGTGACTTTCATAGAGTCCCTTTCTAGGTGCTGATCTTGTTGCTACCAATGGAGCCATACTATGGTCCTATCTCTATTTCGGACGCTGTTGTAAAAACTGAAGACCTAGGTCGGGGAAAGTTCTAAAATTTCGGGTCTTTGTTCGATTTTGTCTCAGCTTGAAACGCTTTCCCACTTACAAAAAGGCGATCGTTAAGCATCTTCGTCGGGACCCCCGAATCAGGGGGAAATCGGGTGGGGACAAATGGGCGAGTCGGTTCGGGCAACCGGCAAAGAATTCAGATAACTTGCGGTAACGTGACAGACGAAGGGTTCCGTGGGAAGAGTCCGCATCGTTAAAAATACAACTCTCTGTCTGAGGTAATTTATGAAGTCCCTTGTCGCTTCTTTGTTTATCGTGTTTGCAGCTTCTCAAGCTCTGGCTTCGGGGGAGTACATTAGCTGTATGCAAACTCACACAAATGATCCCTTCCTGCCAAATCTGGTAACTTTGTATGTGTCTGAAGCGACCCACACCGTTCGTGCGAAATTCTATATCGAAAACGATCAGCGCGAAGTGATCGCAAACAATATTGCTGAGGACGGGAAAGCTATCCAGTTCGGTCATGTTCGTTTGCTTGAAAATGGCGTACCTAAAGGTGGCCCTATCGGGATTAAGTTATTCCTTGAGAAGTCGGCCTTCTCTCAGCGTGGTGAGCTTACTTGGAAGTACTTTGACGGTTCTCAAGCGACTTACAGCTGCTCTTCCAATTAGTTTTTTCTGACAAGTTGAAAATGAAAAATCCCCGGTGATGAGCCGGGGATTTTTTTTGTTTGAATGGACTCCGGTTAAAGACCTGCAGGGAAATTTTTCAGGTCATAATCGAAGGGAATTGCTTGGGGAAAGCAGCGGGGAGATGCTGGGAGGCTGTCATCAATTGCGGTGTAATAAATAGTTATTTCAAACCTCTTTTCAAAGTTGTAGCAACCTTGCGTTACCACGGACTCACCAAGGCCCGCTTCCATTTCCCTATTGACGGCGAACCACAATGCCCCGCAATCAGTATGACTGTCGTTGAAGTCCATGCCGACGATATTTACGTTAGTTCCATAAAAGGTCAGGGACTGTCTTTGCCAACCACTACCTAAAGAAATAGGGAATTTCATTGCCAATACTTGTTTGCCGGGAATCTCTTTTTGGCCGAAATGCCATTCGCCATCAGGACCATGGACAGGACGAAAAGATCGATCGTTCGGAAGGTACTCGGAGACATCCGCCTTTGCCAAAGACGCTGTTAATGTCATTGCGATCGTTAGAATCAGTTTACTGAGTTTTTTCATTTTCGTTCTCCTGGTTTTCGGACCCTTAAGTTCTTTGTTTTGTTTTCTCATGTTGTGTTCGACACAAATAGGTATCGCCTTATTGGTCTATTTCCTCAATTAACTGATTTAAGGTATAAAAATTTAATACTTTTCAGCAGAATACGGATAGTTTGAACGGGCAGAGGTGTCAAAATAGAAAAACCCGGGAGGTCCCGGGTTCTGATTTTGAATTTGTTTTTTTGGGATTTTAAGCGGCTTTTGAGTTCGTCGCTGCCGACACTTTCTTGTTACCGTGAACCAGCGACTGCAGCTCGGTCACAATTCCATTCAGCGCCTGTGCCTGGGTCGACATTTGCTCCGAAGAGGCAGCAACTTGTTCTGATGAAGCCGCATTGCCTTGAGTGGATTGATCCAGGTGATTCATCGTTCTTGAAATCTGCTCGATGCCTTTGGCCTGCTGAGTGCTGCCGGCTGCGATTTCTTCGTTCAAGGTCGCGACCTTTTTAACTGATGTCAGAATTTCCTTAAATACGACTTCGCTGTTATTGGCAATCGCGGCGCCGTGTTCGCTTTTTGCGACGTTATCTTTGATCAGTGAATTGATGCCTTTTGCAGATTCCGCGCTCTTGTGTGCCAAAGTTCTGACGGCATCAGCAACGACAGCAAAGCCTTTGCCTTGTTCGCCGGCGCGGGCTGCCTCGACAGAAGCATTCAGAGCCAACAAATTCGTTTGAAAAGCAATGTCGTCGATCACGCTGATAATCTCTTCGATCTTTTTGGATCCTTGGGCGATGTCGGTCATGGCCGAGAGCAGGCGCTGGATTTCCTGCGTGCCTTTTTCAGCTGATTCGTGAGAAGTGCGTGAAAGGGTGTTGGCCTCGAGTGCGTGCGAGGTGTTCATCTTAACCATGCTGGACAGCTCTTCGATTGAAGCGACAGTTTCTTCTAATGATGCAGCAGCTTCTGTGGCACTCGTTGACAGGTGTGAACTGGCTGCCGCTAGGTGTGATCCGCCGCTGGCCGTTTCTGAGGCTGCGCCGAAGATGTTGTCGCTGATACGATTCAGTGATTTGGAAAGGGAGTTTGCGACCAGATAGCCCAGCACGCAACCAAAGACGCTTCCAGTGATC
CP178619.1_gap41	2294510	2296454	1944	TGAGCGCGCGCATCGATGGCAGAGTTAACACCAACCACCATGCCTTTGGTGTTCACCAATGGACCGCCAGAGTTTCCTGGATTGATGGAAGCATCAGTTTGAATAAGTGGAATTTTATTGATCTCGGCAATGCCGCGGCCTTTGGAAGACACAATACCTTTGGACATCGAGTGGCCATGACCAAATGGATTTCCGAATGCGGCCACCCATTCACCAACTTCAAGTTCTTTGGAAGATCCCAGAACTGCCACTGTCAGTTTGGTTTTTGGCTTAATTTTGATCAAGGCAATGTCGGTGCGCTCATCGCGGCCCACGACAGTGGCTTCGTAAAGATCTTTGGAGTCTTCGCTAAGTTGAACTTTGATTTGGTCAGCACCCGCGATCACGTGATTGTTGGTTACGATCAAGCCGTCTTCGCGAATGATGAAACCAGTGCCCAGGCCCATCATCTGCGGGCGTTGCTGTTGTTGCGGGGGTTGTTGCATTTTCATGCCATAGAGCTGTTCCAACATATCCAGCATCGGATCACGTCCGCGGGGCATGTTTTTAGGAATGGCTGAGGTCGAAATATTAACGACTGCCGGGTTGATCGCTTTGCTTAGCTCCACAAAAAGATTCGCCGGCAATGTGGCGCCCAGGTTTAGTTTTGGTGGGTCTTTCGGTAAGCTGGTGGTTTGCGCTTGAACGGGAGCCGCCATGGAGGCCGCTAACAGAAGGAATAAGAACTTCTTCATAAAAACACTTCTCCTTACAAATACAAGAGTATCAAATATAACGAAAAACTCCAGCCGGGGCTGGAGTGAAATTTTCTTAAACGGAAACAAATTTTAATTGTAGATCATTAATTAGGTTATCTAAAAACTGCGCCTCGTCAGCCGTGAGATTCCCTTTGGTTTTTTGCTGCAGGACCACCAGTAAATCAATATTGAAGCGCGCCATGTTTTTATCTTTTGCTGTTTGGCCCGTCGATGGATCCGGTGCCAAGCCCATAGCCATCACTGCCGAAGAGGCCAGCGACATGATTAGTACTGAGAGTGAAGCTTCCATTTTATCTTGCATAAAAAACCCTCTTTGAAAGTGAGTTCGATTTAAAAAGTGTCAAGTTAGATTGGATAATATCCCATCAGCTTTTGTAGGCGGGTTTCAATAGGCGGATGGGATTTCAAAAATAAATTTCTTTGTCTAAAGCCCTCGGGATTCACAATAAACAAGTGACTGGTGCAGGCCGGGATTTCCAGGGGCTGTGTTTGTGCCAAACCTTCCAGACGCCACAAAACCTCGCCCAAAGGATGGCGATTATTTAATAATTCAGAGGCCATCAAGTCATTTTCATAAAAAGACTTTTCACCGACCACCACTTTAATTATCAACCAGCCAAACGGGGAAAGCAGGGGCATGAAAAATTGCAATTTATAGGGCAGGAAGGAATCCAGAAACTGCCCCAAACCCACCACGGAGTTTGCCAAAGTGGAGCTGACGCTAAATGCAAAAGTATCTAGGCGGCGAATGTGACAAAGTTGATGGGCGACCACAGCTTCCAATTCCTTCGCACTTAGTTTTTGCAAAAGTCCCAGGGTAAAACCCAAGGAGCCGTTTCTCCACGAATGTCCGACACAGAATGCGTTTGCAGAACTGTGGGGAGTCATAAATACCGCCGGAGTTGGCATGCCCAGCTGACGGGACATGCGTTCGACCATATCCAAAATGCCCCAGGCATCCTGGCCTTTTAAGCGCTGCGCGCCGAGTTTGGAAAGAACGCGGTTTTCACCGTAAAAGAAAACGATGAAGTTTAACAAAAGTGCAAGCAGGAAGCCGACAATCAAACCCAGGCGATCACCAAATTGGTAACCCAATACCAGCAGTGCTAAAGAAGTCGATAGGATGAAAATCCAAACCTTGGTGTTCGTATTTGCCATGCTGTTTTTGTCCCATCGCTAAGAGTGA
CP178619.1_gap42	2442711	2443436	725	TTTGGACAGATCAAGAATGTCATCGATAATGCGAGTCAGTGAAGCGCCATTGCGTTGGATGACGTCGAAGTACTGATCTCGCTCCTCGGCCTCAAGGTCCTGAGTTCCGATGATTTCAGAAAAACCCAGAATGACACCCAGTGGAGTGCGAATCTCGTGGGACATGTTTGCCAGAAATGCTGATTTCGCCAGATTTGCATTTTCGGCGGTCATTTTTGCGGCCTGAAGTTCGCGAATGGTTTTAGCGAGATTTTCTTCTGTGGTGTGATTTCTGATTACCGACACCGTGGTGTCGAGTATCGTGCACAGCATGCCGGCGATTTCGCCCTTGGCATTGAACAGGGGCGAGTTGCCGTAGGTGTAATAGTTGTCCCGAGGTTTGCCTTCGCCTTCGACTTCGATGTCGAATTGCACATCGGCGGCAAGGACAGTTCCTCCGGAATCAACTGTACTGGCAATCTCTTCAACTTGGTCCCAAACCTCCGGCCACACATCATGAAGCTGGGAGCCCAATGCCTTGGGGTGGCGATGCTTTAGAATTGGAATGTAGGCATCATTATAGAACACTCGTCGCTCGGGACCCCAAGTGCAGTACATCCCGACAGGGCAGTTGAAAAGTATTCGCAAGGAATTGATTAAGCCAAAATCCCAACTCTCAATTGGCCCCAGATCGGTGGATGCCCAATCGAAGTCCAAAGTTCTTTGAACCATCTGACTGGACTTTG
CP178619.1_gap43	2481583	2486240	4657	AGCGTGAACAATTTTATGAGCCAGGATATTTACGAGGGCTTTGGCCGTTGCTTTGTGGCGCCAATCACCTACGAGATGTTCATGCGCGCCTGTGAAAACTTAAAGAAAAAACATCCGACCTTGAAGTTTGTGATCTGGGATGCGCTTCGTCCGCGCAGCATTCAGGCAAAGTTTTATCAATACCTGGAAGGCACTCCATTTCAGAACTATGTGGCAGCACCTTATCCGGGATCTTTGCATAACTTCGGCATGGCGATGGATCTAAGCTTGCGAGAGCGAGACGGGGACTATCTGGACATGGGAACAGGCTTTGATGACTTCCGGGATCTGGCTCAGCCAAAGCTTGAACAGAAGTTTTTGAAGTCGGGGGAATTGAGCAATTTGCAATTTAGCAATCGCATGATTCTAAGGAACCTGATGGAGAACGAAGGCTTCAAAGTTTTGGAGCATGAGTGGTGGCACTTCAATACTCTGCCTAAAGATCAGGTTCACGGGAAGTTTCCAATTTTAGAGTAGTGTCGTGTTTTGGGTAAAAAAATAGCCCTGGAGAATGAAGGGTTTCGCCAGGGCTTAGAGGGACTCTTGTTCTTAATGAACTCAATGTTTTTTAAGGGAAGAGCGAAGCAACATCATTGCATAAATGCTCTCCAACACGAGTTAAAAGTCCGTAAGAAACTTTGTTTTTAAGTTAAAAATCCGTCATTTAAGGATGCTATTTGGAATGATGAAAAGCAGGAGCAGCCCGATGTTTTCAATTTCTAATGCGCAACATCAAAACCAGTTGCCGGTCCAGTTATGCGTGGAGTGTCTAACAGCATTAAAAATGGCTTAGTTAACTATTTGATAATACTGGGCAAATATAAGCCATTTTAGAGCCCTAAAAATTCTTATTCATCACCTTGACGGAATGCCGTCCGAACCCACATTTATCCTGTGTTATTCAAGCTTTAATTAATAAATTACCACGGTATTGGCTGGCACTGGGATGATTACGAAATCCAGGTGGGCATTTAAGGAGAAATCAAACATGGGTAAAATTATTGGTATCGACTTAGGGACGACAAACTCATGCGTCGCTATTATGGAAGGCGGAGAAGCCAAAGTTCTTGTGAACGAAGAAGGCGCTCGCACAACTCCATCGGTTGTTGCTTACACTAAAGACGGTGACCGTCTTGTAGGCCAAATCGCTAAACGTCAGGCTGTGACGAATCCAGAGAACACAATTTACTCTGCGAAACGTTTCATCGGTCGTCGTTTCGAAGAGATTTCAGAAGAAATCAAATTGGTTCCGTACACTGTTGTTGCTAAAGGCAATGACTGTGCATTCAAAGTTCAAGGCAAAAACGTATCTCCAGAAGAGATCGGTGCTGCGGTTCTTGGCAAACTTAAAAAAGTTGCTGAAGACTATTTGGGCGAGCCGGTAACTGAAGCAGTTGTGACTGTTCCAGCTTACTTCAACGATGCTCAACGCCAGGCTACAAAAGATGCTGGTCGTATCGCAGGTCTTGAAATCAAACGTATCATCAATGAGCCAACAGCGGCGGCATTGGCGTACGGTATGGATAAGAAAAAAGAAGAGAAGATCGCTATCTTCGACTTCGGTGGTGGTACATTCGATATCTCCATCCTGGAAGTTGGTGACGGTGTTGTTGAAGTTCGTTCTACGAACGGTGACACGCACTTGGGTGGTGACAACTTCGATACAGTTATCCTGGAATGGTTGATCACTGAGTTCAAAAAAGACCAGGGTATCGATTTGAAAAACGATAAAATGGCTCTTCAACGTTTGAAAGAAGCGGCTGAGAAAGCAAAAATTGAACTTTCATCTGCTCAAGAGACTGAAATCAATTTGCCATTTATTACTGCAGACCAAACAGGTCCTAAGCATTTGCAAACGAAATTGACTCGCGCAAAATTCGATCAAATGACTGAAGATTTGGTTAAACGCTCTATGGAGCCTTGCCGCAAAGCTTTGGCTGATGCAGGCTTGAAAGCTTCTGAAATTGACGAAGTTGTATTGGTGGGTGGTTCTACACGTATCCCTTCAATCCAAAAAGCAGTTAAAGACTTCTTCGGCAAAGAGCCAAACCGCACAGTGAACCCGGACGAAGTTGTTGCTATCGGTGCAGCAGTTCAGGGTGGGGTTCTTGCGGGTGACGTGAAAGACGTGTTGTTGCTAGACGTAACTCCATTGTCTCTTGGTATCGAAACTTTGGGTGGCGTGATGACTCCGCTGATCGAGCGCAACACGGCGATTCCTACTAAGAAATCTCAAGTGTTCTCGACGGCAGCTGATAATCAACCAGCCGTAGACATCCACGTTCTTCAAGGTGAGCGTAAGATGGCTGGCGACAATAAAACACTAGGTCGTTTCGAACTAGTGGGTATTCCACCAGCTCCACGTGGCGTTCCTCAAGTTGAAGTAACATTCGACATGGACGCGAACGGTATCTTGCACGTATCTGCGAAGGATATGTCTTCTGGTAAAGTTCAGCAGATCAAAATCACTGCACAAAGTGGTATGTCTGAAGCGGAAATTAAACAAGCCGTTGCAGATGCTGAAGGTCACGCAGAAGAAGATAAGAAAAAAGCTGAGGCAGTGACTCACAGAAATAACCTGGACAACTTGGTTTACCAAACTGAGAAATTGATCAAGGATTCTGGTTCTCAATTGCCTGAGGCGGAAGTTAAAACTGCGAACGATGCCATTGCTGATGCTAAAAAAGTTCTTGAGAACAAAGGCGCATCTGCTGATGAATTGAAAGCAGCTTTCGACAAGCTTCAAGCTTTGACTCACACAATGACTTCTGAGCTTTACAAAAAGCAAGGTGCTCAAGGTGATGCTGCTCAAGGTGGCGCTCCAGGTGCTGACGCTGGCGGCGAGAAAAAAGCTGACGGCGACGACGTGATCGACGCTGACTACAAAGACGTAAACTAAGTTTTTGTCGAACTACTTGTAAAAAACCAAAAAGCCCCTGGGGACAACCCAGGGGCTTTTTTTTGTAGCGAAAAAGGTACGGACTTACTTTGCGAAGTAAGTCCGTACCTTTTGATTAGCGTTTTTTAAATGGGGACTTGCGAGCTGCGGGTTTTCCATTTACGGGTTTGCCCGGACTTGGTTTACCTGGGCCCGGCTTGCCAGCGTTTGTTTTGCCAGAACTTGGCTTACCGGTTGCTGACTTTGAATACGGCGTCTTGCCGGATGGGGCTTTTCCTGTCGTGGTTTTTCCCTGAGTCGATTTTTCCGCAAATGGTTTTCCGCCAGTTGCAGGTTTTCCCTGTGCCGGCTTTTTATCGCCAGGTTTGTGGCTGGCTTTTTTGACAGGGGCAGACCCGGGTTTTCCTTGAGCACGTGGGTGAGAGTTGTATTTGGAGCGATCGTATTTATCAGACTTACGACCTTCCAATTTACTGATCAACGGCTCATCACGTTCCGTGACCAAATTAACCACAGTACCTTCACGACCAGCACGGGCTGTTCGACCTGCGCGGTGTAGGTAGTTTTCCATTTGTTTTGGCAAATGGTAGTTGATCACGCGATCGACGTTTTCGATATCCAAACCACGGCCCGCCAAATCAGTAGCCACCAGGAACTTGATTTCGCCCTTGGTGAACTTCTTCAGGTTCGAACGGCGATCATTCTTTTCCATTTCGCCACGATACAAAGCCACGGCATGTCCCTTGGCTTCCATTTCCTGCGCCAGCTTGTCGCATTGTTCGCGAGTATTGGCGAATAGGATTGTGCCACCTTCGACTTTTTGTTTTAACAAGCGATCCAATTGTTCCCAGCGATTGCCGTCTTTCACAATCAGGTTTTTAGTCGTCAAAGTTTTAACGACCTTGCCACTGTCAGAGCTTTTAACAACTTCAGCGCTGGAGAAAATCTCCTCCATCAAATCCTGAACAGTCGGGGACATGGTTGCAGAAAACATAGCCGTTTGTACATCCTGAGGACACGCATAGTAGGCTTTGTTCGACATATCCAGGAAGCCCTGATCCATCATCTGGTCAGCTTCGTCAAAAACCAACATACAAACGTCAGTCAAATTGATCTGATCCAGATCCATCAGCTGTGAAAGGCGCCCCGGTGTTGCCAGCAGGATTTCAAATACACCGGAAACATTTCTTTTGGCCTGTTCCATCGCCATTCCACCCAGAGCGGGACGGACACGCAGGCGAGTGTCATGGGTCAAAGTTTTAAAGACTTTTGAAACTTGTTCTCCCAGTTCACGGGTAGGAACTAAAACCACCGCGCGTGGGGAGGACTCTGCCGTCACCGGGTGGCCTTCCTCTTCAAGTTTTTTAAGAAGGTGCAGCATTGGCAATGCATAGGCCAATGTTTTACCGCTCCCAGTTTCAGAAATTCCCACCACCGATTGGCCGCCCATCAATAGCGGAATAGTGTTGCGCTGGATTTCTGTGGGTTTGGTAATGCGTTTAGCGGTAAGGGTTCTGGTTAAAGAGGGGATCAAGCCAAAGTCTGCAAAATTATTCATGGGAGCATTCTATCATACTCTGTGGTGAGGCCAATCTGAATTGTGTCGGGTTATGTTAACTTCTGCTCTGACGCGCATTTGCTACCAAAAGTAAGTCCGTACCCTTAGAATTTGAGCATATTTTACAGTGAGGAATTGATGGCTATAGAGGTGAAGCATTT
CP178619.1_gap44	2488070	2489787	1717	CTCCGCAAAAATACAAAGACATGTACTCCCAGTCTGTTCAGGATCCCGAGGGATTCTGGGCGCAAGAGGCCGAGCGCCTGCATTGGTTTAAAAAATGGGACAAAGTTAAAAACACCTCTTTCAAAAAACCAGTCAGTATCAAATGGTTTGAAGGTGGAAAACTGAATGTGGCCTATAACTGCATTGACCGTCATTTGGCGACCAAGGCAGAAAAGGTTGCATTGATCTGGGAAGCTGATGATATCAACACAGCTTCAAAAAAAATCACATACAAAGAGCTTCATCAGGAAGTCTGCCGCTTTTCCAACGTTCTTAAAAAAATGGGTGTGAAAAAAGGCGATGTCGTGACCATCTATATGCCGATGATATTAGAGTCCGTGTATGCAATGCTGGCCTGTGCACGCATTGGTGCCGTTCACTCGGTGATCTTTGGGGGCTTTGCGCCGGATTCCATCAGCGACCGCGTGCTGGATGGAAAATCAAAGTTCATTATTACTGCGGATTCCGGTTTCCGGGGTGGCAAAACAATTCCATTGAAAGACAATGTCGACAAGGCTGTTAGCAAGGCAGGAATTGTTGAAAAAGTTCTGGTCGTAAAATACTCGAAAACAGTTGTGCAGATGAAAGAGGGCTTGGACGTCTGGTACCACGATATGGTTCAGGGTGTGAGCGATCAATGTGAAGCCGAGCCCATGGATGCCGAAGATCCATTGTTCATTCTTTACACTTCCGGCTCCACTGGAAAGCCTAAAGGAGTTCTGCACACCACAGGCGGATATCTATTGTGGGTAAGTGTCACTCATCAATACGTCTTTGATTATCAGGAAAAAGATATTTACTGGTGCTCTGCCGATGTCGGTTGGGTGACGGGGCACAGTTACATCGTCTATGGACCCCTGGCAAATTGTGCGACGACTTTGTTTTTTGAAGGCATTCCGAATTACCCGACACCGTCACGTTTTTGGCAGATCGTTGAAAAGCACAAAGTGAATTTGTTCTACACGTCGCCGACGGCTTTGCGCTCGTTGATGCGTGAAGGGGAAAAATGGGTGAAGGACTGTGATCGTTCTTCGTTAAGAATTTTGGGAACGGTGGGGGAGCCGATCAATCCGGAAGCTTGGATCTGGTACTACGAAGTGGTTGGCGACAGTCGTTGTCCGATCATGGATACGTGGTGGCAGACCGAAACGGGTGGCTTCATGATCACCCCGATGCCGGGAGCCACTCCATTGAAACCGGGTTCTGCGACGTTGCCTTTCTTTGGTGTGCAGCCTCATCTGCTGACACCAGAAGGTAAAAAGATTGACGGTGCCGGTGAGGGCGTTTTGGCGATCGCCGATTCCTGGCCGGGACAAATGCGCACGGTCTTTGGTGATCACAAGCGCTTCGAAGAAACTTATTTCTCCACATATCCTGGATACTATTTCACTGGTGACGGATGTCGCCGCGATGAGGATGGCTATTATTGGATCACGGGCCGCGTGGATGACGTGATCAATGTATCGGGTCATCGCTTGGGGACGGCTGAAATTGAGTCTGCCTTGGTGGCAAATCACAATGTGGCAGAAGCTGCAGTCGTAGGTTACCCGCACGACATCAAAGGTCAGGGGATTTACGCCTATGTGACCCTCAAAACCGGAATCGCGGCGACGGATGAGCTTCGCAAAGAGCTGATCCAGACAGTTCGTAAAGAGATCGGACCGATTGCCACCCCGGA
CP178619.1_gap45	2584408	2585100	692	AAATATGAAATTCATGACGATCACAAAAGCAAAAGCTGTGTAAAAGTCTTTTCTCATCTCAAAACCTCACTGTTGTTTTTGAATATTGTTAAATACTAGTCGGCAAGTTTATAGACCAACTCGACCTATTTGAACATTCCAAAAGTGAAGTTTGCCACAAGCGAATTTTACTCGCATATTAAGTCTTGTTATCGTCTGGACTAACTTAGTGAAAAGGTCAAAGGAGAGAAGATGAAATTGAATTTGGCATTCGGTACTGTCGTCGCAGTCGCTGCTGCGATTCTGTCGGGCTGTGCTTCTGGAGGCAAAGTGGAAGAGTCAAAAAAACTTCTGGTTCGATCGGGGTATGACGAGGTCAACGGCCTGCGCATGTATTATGAGATTCACGGGGATAAAGCTGGTGTGCCGCTGGTATTGTTGCACGGTGGGGGCTCAAGCATTGATGTCACCTGGGCGCATATTGTCCCGTATTTCACTCCGCAACGAACGGTTATTGCTATCGATGAACAGGCTCATGGGCGAAGCGGGGACCGACCGGGGCCCGTGGTATTTGAGCAAACAGCAGATGATGTCGCCGCGTTGATGAAGTCCCTTGGTGTTACCAAGGTGGATGTCATGGGTTTCAGCAACGGTGCGACCAATGCCTTGCAGCTCACACTAAGACACCCTCAGTTGGTTCGCAAAATGGTTCA
CP178619.1_gap46	2707303	2708989	1686	GACTAAAAAGCTTTTCGGTGGGCTCAGGATTTCTTGAAGTCCAGTTCTAATACTGAGGTGGAAAAACAAAGAGATCAGGCCGGGGGACCTGATCTCTTATTAGGACTAAATGACTGTTTTATTACTATTTAACTTCAGCCAAAGAGTTGTAGGAGTCGCTGATCTTTTGTTGGCGATCCACTTCTTTTTGCCAGCGATTGACTTCGCCTTTGTAACCCTGCTGTTTGCCTTTCCATTCTTTTTCTTCGGAAGCAAGCTCGCGGATTTTTTTGTTTACCTGGTCGTATTGATCTTTCAAAGTGTCACGACGGGAGTTCCAGATTTTTTTCTCTTCTGTCAATTGTGACATCTGATGCTGGTAGTCCTGAACGTTGGACTCACGCTTTCTCTGGTTTTCCTTGATTTTCGCGATCATCGCCTCCAGCTCAGCAATTTTTTGATTCTCTGCCGCTGTTTTGCCCTTCTCGTCGTTGATCAAACCTTGAAGCTCAGTTTCCTGTTTGCCAATTTTTTGAATGGACTTGGTGTTTTCCTCTGCTTGAGCCGCTACTTCTTTCTGTTGGCCTTCAACAGCGGATTTGGCCTTGGCAACCTCGTTCAAGTTACCTTCAACCGTTTTCAGATTTTTTTGGTACTCAGACAGGTTCGTTTTGGAATTGTTCAAATTTGATTTGATGCGCTCCAAGCCCTCTTTCGCTGTGTTTTGCGCGAATGCAGCAGTGGAGAAAGTCAGAAGAACAGTCATTGTTGTCAGTTTGATAGAATTTTTCATATACAAATCCTTTTCCTTAAATATTTCTCTTAGTGCTCATTCATGCCGGCAACGCTATTGTCCTGCGCGCAGACATTTTTCAAAGATGAACGGTAGTGACCCACTTCGTCTTCCCAGATCTCGCCTTTGAATTTCCAGTTCAAGCTTTTCTCTTTAGCCACTTTAAGCTCTGGACGTTCTTTATCAGTTACTTCACCGCCAGCCATTTGGTAACGGATGTGTTCACCAGCGCCCGAGTACAATTCATACTGAAGCACGTCGTTTTGATCCAGAACACGGTTTAAGTTGGTAACCATGTTTTTAAAGTTGCCTTGCAAAGACTTGCCGGCGTCAGTGCGCAGACCGTCTTTTTCCTTGTCAATACGAGCGATACCCTGAGTGCGCAGATTTTTGATCGAAGTGCGCGCTTTGTTCGCAATATGGTATTGAATCTGGTAGCTCAAAAGTTTTTTCTCGGCACTTGCTGTGTCACGACCTTTTGATTTTGCAGTGGCCACGTCTTTGCTGGCTTCTGCTTTTTTCGTCAGGAACTCTTTTTCCATTTTGATCAATGTGAAAGAGATCTTATTGAACTTTGTGATTTCGTCCTCGTAGTTATTGATTTGCTTTTGGATGCTCATGAAACCAGGGTGGCGCGCAAGTTCCACGATGAAAGCACGTGGCAAGCCATCGACTTCTTTCAGGTCAGAGTTCTTCGCCCAGTTTTTCACAGTTTCATAGTAGTCCGTGGATTTCTTATGGGCTTTGTTATAAGCCTCAAGTTTGCCTTTCCAAGGACCGTATTTGCCACGCATCTCCTCAAGAACCTGAACACCGTCACCGTATTGGCACAGGTTCAGATAGCCCACAGTACGAACCACAAAAGATTCCGGATTGAAAGCGTTCTTAAAGAAGTCCGTGTGCAAGGAGAACAT
CP178619.1_gap47	2727980	2732683	4703	ACAATGTTGATTTGTTTTATCGCCACTTTAGCACCGGCTCGCCGTGGTGCGAATTTGAATCCTATGGAAGGGTTGCGAAATGAATAATCCCGTTAGTAATTTTCTTTCCGTCAGAAACATCCACAAATCTTATCCCAGTGGCAATGGAGAGTTGGAAATTCTTCGTGGCGTGAGCTTGGATATCAACGGCGGTGAGGCTTTGGCGATTCTTGGATCCTCCGGTGCCGGCAAAAGTACGTTACTGCAAATCATGGGTACCCTGGATCGTCCCAGCAGTGGTGAGGTTACCTTTGAAGGTCGTGATCTGTTGGCAATGAACGATGACGAAATTTCCAAATTTCGTAATGCCGAAATGGGTTTCGTCTTTCAGTTCCATCATTTGTTGAGTGAATTTAATGCAGTCGAAAACGTCATGATTCCTTGTCGAGTGGCAGGGGAGTCTCCAAAAGCAGCAAAAGAAAAAGCCCTGCACTTACTTGAGTTCATGGGACTTGCTGATCGCGCCAATCACTTTCCGAATCAATTATCCGGTGGTGAGTTGCAGCGCATCGCAATTGCACGTGCCTTAGTTCGTCATCCAAAAATTCTTTTCGCCGACGAGCCCACTGGAAATTTGGACTCGAACACGAGTGCAAAGATTCAAGAGTTGTTTTTCCGTCTGAAAGAAGAGATGCAGTTGGCCTTGGTGATCGTGACGCATGATCTTACTTTCGCGACCAGATTCCCAAAAGTTTACAGAATGAAAGATGGACTTTGGGTATAACGCGTCAGGGTGGTCGTTTTTGGTGTACTAGACTTAGGTAGTGGGCTACGATTTCACAGTTTAAAAGGTAACTATCGAGAAATCTTTGAGATTTTTGAAAAAGATTTTTAAAAACGAACTCTTTGTGGGTTCCCTCTCGGTTGGAGAATTCGAACTTTGATTAAGCTTCTGTTTACTTTGTTATTAGTGACTGCAACGTCAACGGCGATTGCGGCTCCCAAGAAAAAAGCAGCGCCCAAGAAAAATGGGACAGCGGTTGCGCAACCTAAGAGTGCGACTTCAGGTCTTTCTATCAAGTCCATTGAAGTTGTGGGAAATCGCAAAATTGAAAAAGATGCGATTCTTAGCAAAATCAGCTCCAAAGTGGGAGTTGAGTACAACGCCACTGCAATCAGAGCCGATGTTCAAGCTCTGTTCAATTTAGGTTACTTCAACAACATCGAAGTGGATCGTCAGGTTTCCGGCAAGGAAACGGTTTTGACTTTCAAAGTTTTGGAAAAACCTTCCATCGCTGAGATCACTTACGAGGGCAACAACGAAATTAAAGCCGAAGATATCGCTGAGGCGACGGGTATCAAGGCTTACCAGCTTTTGAATATGTCCAAAGTGAAAGAAGCTGTTGAGAAAGTTCAAAAGCTTTACGAAGACAAGGGTTTCTTCCTGGCACGCGTGGATGCTGAGGTTCAGGACATCACAAAAGATGAAACTGTTCGTCTGGTTTTCAAAGTTCGTGAAAATGACAAGGTTAAAGTTCGTAAGATCACTTTCCTTGGGGCTAAGCATATTTCAGAAACTGAATTGAAAAGTAAGCTGATCACACAAGAGGGCGGCTATTTCTCTGCGATGTCTGGTTCCGGCCAGTATAAGCAAGAGGCTTTTGATCGTGATGCGCAAATCGTGCGCTTTATCTATTTCAATCAAGGTTACGTGCAGGCGAAAATTGACCGCCCGCAGGTGACAGTGACTCCGGATAAGAAGAACATCTACATCACTTTCCACGTGGAAGAGGGTGAGCAGTACTCTGTTGGGGATGTGGATTTCGCCGGTGATATTCTGTTCCCGAAATCAGAATTGTACGATGCCATTAAAATTGATGAAAACGGCGTTTTCTCCTATGAGGTTCTGCAAAAGGACATCAGTGAGTTGACGGCGAAATATGGCGACCTGGGTTATGCCTTTGCCAACGTTATCCCGCGCACGCGGGCCAACGACAAAGAGCGCAAGATGGACCTGGTGTTTGAGTTCGACAAAGGACAGAAGGTTTACTTCGGTAAAATCAATGTTGTCGGCAATACCAAAACCCGTGACAAGGTTGTCCGTCGTGAGTTGAAGGTGCGTGAGGGTGAGTTGTACAACGAAACCCGTCGTCGTCAATCCATGGAAGGCATCCAGCGTCTGGGCTTCTTTGAGGACGTGAACTTTAAGACATCCGTGGATCCTGAAAAAACGGATGTCATGAATGTTGATATCATCGTTAAGGAACGTAATACGGGGCAAATCCAATTGGGTGCCGGTTACGGAACATCACAAGGTTTCACTTTGCAAGGTTCGGTTCAGCAAACGAACTTCCTGGGTAAAGGTCAGAACTTGGGTGCGAGCTTGAATCTAAGTGGTACAGGCAGTTTCTATAACTTGTCCTTCACCGAACCGTACTTTAACGACACTGAGTGGTTGTTGGGTGGCGATGTTTACAGCAGTACCAATACAGGCCGTCTGGATTACGACGAGAAGCACACTGGTGCCTCTGTCAGAATGGGCCGTCCTTTGGCAGAATTCACTCGTGGATTCTTGCGCGCAAAGTACGATAAGTCTGATCTAACGACGCGAAATAATGCCGATGGAACACCTATCACTGATACGGACTTGTTCCCATTGGAAACAGCTTCTGGTGAAACGATCTCGTTAACTGGAACGGTGGAGTACGATACGAGAAATGACCGTTTCTCTCCGACCAAAGGTATCTTTGCATCGGCTTCTTATGAGTACGCAGGCTTCGGTCAGTTGAAATACAACCGTGCCAGCACGCGCTTTAACTTCTTTAAGAATGTTTTCTGGGATGTGACTTGGAGAAATAATCTTCAGTACGCGCGCATTGATGGGCTTGACGGCCAGGATGTGCCATTCAATGAGTTGTACTTACTGGGTGGTCCTTACTCGTTGCGCGGTTTCAGATCATACCGTGTCGGTAAAATGAAGTTCTCGCAGAAGATATACAATGAAAGTATTGCGGAAGGTATGACTCCGGATCAGGCCAATATTGAAGCCATGCGTTTTTACGGTGGTACTCAACAGGCCATGTATCAGACAGAGTTGCAATTCCCATTGGTGAAAGATGCGGGTATCTATGGTGCCGCGTTCTTTGATATTGGTGCGGCCGACGATGTGTTGAGCGGCGATACATTCTTCTCGGATATGGGTTTCGGTATTCGTTGGTATTCACCAATCGGGGTCCTAAGATTTGAGTGGGGCTTCCCATTGAATCGTGACCCGAACTACCACGATGCTTCGGTGTTTGAGTTCTCAATTGGTCCAAGTTTTTAATTTAGTTGTTTAAGTTAAGTATTTTTAAGGGAAGAAAATTTTAGGGAGGAATTTTTATGAGTAAAATGATTATCGCAGCGACTGTATTTATGATGGCAGCAGCTGCTCACGCGGCAGACAGCAAAGTTGGATTCGTGGATATGCAAAAAGCTATTCAAGCAACTTCTGCCGGTAAAAAAGCAAAAGCTGAACTTGAAACAGAGTTCAACAAAAAGAAAAAAGATCTTGAGAAAAAAGAAGCTGATCTGAAAAAGATGGGCGAAGATCTTGAAAAGAAAAAATCAGTTCTTTCTGAAGAAGCACTTGGTAAAAAACAAGCTGAATTCCAGGAAGAAATGCTTAAATACCGTGATATCGTAGGCAAAAGCCAAATGGAAATCCAAAAGAAAGAGCGTGAATTGACAGCTCCTATTTTGAACAAAATGAAAACTGTGATCGGCAAATTGGCAAAAGACAAAGGTTACACTTTGGTTCTTGAAAACAACCAAGGGGTTTTGTACTCCACACCAGACTCTGATCTAACAGAAGATGTTATCAAGGCTTACGAGAAAGAAAAATAGTTTCAAAACTCAAAGGGGCCTTAAAAAGGTCCCTTTTTAAATTAATGACCTGTTTCAATTTACGCAGAATAAATTTAGGATATTAAATCCATGGCAAATTATAAAATTCATCCTTCCAGTGTTGTTTCCCCTGATGTTGAGATCGCCGATGACGTTGAAATCGGTCCTTATTGCCTTATTCAAGGCAAGGTGAAGATCGGCAAAGGCACGATCGTGGAAGGTCACGTTACTCTGGGTTCGCGCTACGGTATTTTGGATATCGGCGCAAACAATCACTTCTGCCCAGGTGCGGTTATCGGTGGAGCTCCTCAGGATATTTCCTATAAGAACGAGCCTACCTCTTTGATTATTGGTAACAACAATATGTTCCGTGAGTTCACGACTGTGAATTTGGCGACCTCCAAGGGCGACAAAAAGACAGAGATTGGTGATAACGGTTATTTCATGGCTTACACACACGTGGGGCATGACTGCAAACTTGGCAACAATGTCATTCTTGCAAATAACACCCATTTGGGTGGTCACTGCGAAATCGCTGACGGCGTGTTCGTCGGTGGTATGAGTGCTTTGAATCAATTCACCAAAGTCGGAAAAATGGCGTTTATCGCAGGCAGCAGTATCGTGAATAAGGATATTATTCCATTCTGTCGCGCTCAAGGTACCTATGCGACTATTCGTGCAACCAATAAAATCGGACTGGCACGTAAAGGTTACCCACGTGAAGAAGTGACGAATGTGCATAAAGCGATTCGTATCATCATCATGGGTTCCCACACTGTTGAGGAAGGCATCAAGCGTATTCAGGAAGAATGCACAATGAGCCCGAACATCGAGTATTT
CP178619.1_gap48	2737100	2741944	4844	GGACGACGTCCGCTTGTTGACCCATTCCGAGTGGGTGAGGAAGTCGTGCATGACGTGTCTTATTTCAAAATGTCAGCGGGCGAATTGCGTTTCAAAACATTGCCAATGGCCACTGTGAATGGACGTCAATCCTATAAGCACAATATCGCTATTAAGACGATCTCCCTTTTTGCTTCGGTTTATACAGTTGAAGACAACGTCGACATTTTCATGGACTACGAGGAATTAACGCCAACCGTATTCGAGTTGCACGTGAAGGAATCCGGCCAGCTTCGTGAAGCCAAAATGCTTTTTGATAACACCAAAAAAATGGCGACCTTCTGGGAAAAGAAAGTCACCAAACAGGATGGTGAAGAGGAAAAGCGCGAGCAATGGGAGCTCGAGGAGTACGCACAGAACGTTTATAGTGCGATTTTCTATATGCGCATGTTTCAGTGGGAAGTCGGCAAGGAGTATGCTTTCCGTGTATCCAATGACAAAGAGAATCTGGTTTTCTCGGGCAAAGCAATTCGCAAGGAAGTTCTGGACACGGAGCTGGGCCCGATGAAAGCGATCGTAATTCAGCCAAATATCACTTTGAAGGGGAAGTTTAAGCCTATTGGTGAAAACCTGATCTGGCTGTCTGATGACGAGCACAAGTACATTCTAAGAATCGAAGCCAAGATTAAAATTGGAACCTTGGTTTCAGAAGTGGTGTCGATCAAACCTGGAAAAGTTCCCTAAATAAAAAAACCCGGTGATGAACCGGGTTTTTTTATTAATCGCAGTATTGAGTTATACGGCCGGTTGCTTTGCTGACGTTGACAGTCTTTGTGGTCACCCATTGTTCGACGTCTTTTTCCAGGATATCATCCCATGCTATTTTTTTAACCTGCAAAGCCACCATATACGAGGCTCCATCTGGCAGGCAGTTTCCCTTGGGATAGACGTCCTCAATGACGATCGTTTGTACGTCGTTGGCAATCAGTTGAGCAGAAACCTTATTGAATTGGTCATTGATGTCCTGAGACCGAGCTCCCGCAGGGAGTGCCGCAAGCATAATCAGTGGAAGCAAGTATTTCATTTTTCCGTCCTTCTGGTGAATTTCCGGCAGTTATATCACAGCGAAGGGGAAGCGTTGTTTTATACGATTTCAAGGTAAGGCACCTTGCAGAATTTGACCGTAACGTCTAAGAGTTTTTCATGTCGCGGGCAAGGCGGGAGGCAGCCAGGGTTTCAATAACTTTGGCCAAAATAAGATTCTGAGCCAGCATTTTATAGAATGCATTCTGTTCGATTTCCAATAAAACCGTATCTCTTTGAGTGGTTACCGTCGCCGTTCTGACGCCTCCGGAAACCAGCAGTGAGATTTCACCAAAACAGGTTCCCTGGTTAAGAACATTGATGGCAGAGCCTTTTTGACTGATAACCACAGAACCTTGAATCACGATATAACACGTATTGCCGGCTTGGCCTTCATGAAATAAAGCCTGATTTGCGGGTGCCTGAACCAGGCGTCCGGTAAATATCAAGGCATCCAGACTGTCCGTGGGGATGTCCTTAAAAAACGGTGATGATAGCAGTGCCTGCATCACCCAAAAGCGATGTTGAAGGGCCTGGGCCTTGTCAGACTTGATAAGGTTGTCGTATTCAGGCAGGTGATGGACCCTTAGGATTTCAGAGGCTGTGCTGGTGATAACATCGGCATTGCGCGGTTGGTTTAGCAGGAATCCTCGCTCACCAAAAAGAGCTCCGGAGCCCAGTGTTGCCACGAGCTGTCTGCGGGTCTCCGAAAGGACTTTGTAAATAGAGGCCTGTCCTTTTAATAAAACAAACAGGTCACGACTGCTTTGGCCGGAATGAGTGATGCGAATATTGGGTGGCACGGAAAACACCTCTGCTTTTTGCAGCAGATAATTGGCCAGGTGAGGTTCCAGGGAGCGAAAGAACGGCAGGGTCGCAGGATCGGGTTTGATCTGTTTGCCATTCATAACGTCGATAGAGCTAAATACCAACGGAGAGTCGTCAGAATTTACTTTTTTAAAATAGTCGATGATGTTTTGATTTGTGATCAGTCTTTCGTGCACCAGAAATTGAATCAGACTGTAGAGTTCACGGAAGCTGACCAACCATCCTTGCCCCAGAAAGAACTGCACAAGTCCTTCAATGGAAACTCCGTTTTTCAGAACTTCGAGGTAGGAAAATTGCAAAGCATTCAGCTCAAAGCTGCCCAGACCTGACGGTAAAGTCACGGTACCACCCTGAGCGTGTTTCAGGGTTTTGATGGGTTTAAGTTGAATCACTTCACGTTCTATTTTCATCCCTGAGCTTATCGGAAAAATCCGGGTGTTTTTTGCCGCGCCCTTGGTCCTGAAAATCAAGGACCAGACCCCTTGAAAGTCAATTTGGAGGGGGTTGATGTTCTACAATAATGCTATGGCGCAAACCAATTGTCGGTATTTTTCAGGATATAAACCCTGTTCTAAAAGTCAGAGCTGTGACTCGGACTGTGTCTCCTATGATGCGCCGAAAATTTCCATTTTAATCGTGCACTTGGGGGCGCTGGGGGCGGTGGTTCGCAGTACCAGTTTACTGCGAGCGATAAAACGCAAGTATCCTTCGTCCATGCTGACTTGGGTGACCGATGCGCCCGCGCATTTGCTTTTGCAGAATCATCCCGTGATCGATCGGGTGCTGACGACTCGCGAGGCTGATTTATTGCAGTTGCGGTCCCTGGAATTTGATGTCGCATTTGTTATTGATAAATCCCTTAAAGCTGTCGGTGTGCTTCGTCACACGCAAGTACTGCAGGTATTTGGCTTTACCGCAAATCCAGTGAACGGAGCGATTCTTCCCGCAACTCCCGCCGCAGAAGAGCTGTGGGAGCTGGGTCTGAATAATCAAAAAAAGTTCTTTGAAAACAAAAAGCCCGAGACGCAGCTCATGATTGAAGCCTTGGAGCTGGGTCCGTATAAAAGAGATTCCTACTGGTTGCCGCTGACGGAGTCAGAGCAGGCGCAGTTGCAGGAGCGTCGCTCGGGATTTTTGACCAACGGCAAGAAGTGGGTGTTGGGTTTTAACACCGGATGCAGCAATGTTATTGCAGCGAAAAAGCTCACAGTGGAGTTTCATCGATTGATGATAACTTCTTTGCAAAGCAGATATCCTGAGGCGCAAATTGTGCTATTGGGTGGTCCCGAAGACACTGAGCGAAATGTGCAGATCGCCCGTGGGCTTCCAGTTATTTCCACTGCCACTGAAAGCGGCTTGCGAGACGGTTTGATCAGCGTTGCAGCGTGTGATGTGGTGATTACCGGTGACAGCCTGGGCATGCATATGGCGATTTCTCAGGGGCGACAAGTGGTGGCCTGGTTCGGTCCAACCTGTGCTCATGAGATTGATTTGTATGGCCGCGGAGTATCTATTCTAACCAAGAGTTCATGCAGTCCTTGCTGGAAGAGAGCTTGTGAAAAAAGCATAATGTGCTACGATCAGGTCTCTTTGCAGGAGATCGTTCATGCCGTTGAATCTTGTCGTACAAACAGCCTTTCTGGGGGACTTGCTCTTGGCAATTCCACTCCTGAAACGTTGTCGTCAGATTTGGCCTGATCACGAGCTGGGGCTGGTGTGTCGCAAAGGTTTTGGCGACTTCTTTATCAAAACAAAATTGGTTGATCATATTTTTGAAATCAAAAAAGGTGATGCAGATTCCTATGTGCAGGCACTGCAGGGGATTGCAAAGCACCAGGTCAATTACCTTTTGTCCCCCCACGAATCCATGCGCACGATTTTCTTTTGTCGCAAAATCAAAGCTCAACATAAAATCGGTTTTAAAAAACCATTCAGCTTTCTGGCTTTTTCCCAGACGGTGAAAAAGCCCATGATGCTTCCGGATCCAATGCGCCAAATGAGTTTGTTGCAACCAGTGGATGGCAAGTTGCCAGAGTTATTGCTTGGTTATCAAAACAGCGTCAAACCTTATGAGCTCGATTCGAAGGGTAAGCTGCCTTCCCCTCCGGAATGGTCCTCAATGAGTGTTCGCGAAAAAATCATGCAATGCACGGACGTGTATGCAGGCTTGCAATCTCGCTACAACCTGAATGCGTTGAGTGAAGGTCGTGGCGTACTGATGTTCCCGGGATCCGTTTGGGCAACCAAGCGTTGGACCAAGGAGGGATTCGTCGCAACCGGTAAATCACTTCAGGAACAAGGCTATCAGATTTATGTGATGGGCGGGCCGGGCGAGGAAGCTCTGGCGCAGGAAGTGACCGACTTGATTCCGGGTTCGATTTGTATTGCCGGAAAGACCTCTATTTTAGAGTCGACGCAGATTATTGCCCGTGCGCGATTGTTGGTCGGGAATGACAGTGCGGCCTCTCATATGGCAGCTTCTTGTGAAACTCCCTTGATCGCCGTATTTGGTCCCACTGTTTTAAGATTTGGCTTCAGACCGTGGTCGGCAGATTCATATATTGCTCAGAAGGAAAATTTGCCCTGCCGTCCCTGTGGCAAGCACGGGCATAAAGTGTGTCCTATCAAAACTCACGTCTGCATGACCCACCTGCCAGCAGAGCAGGTGGTCGATAAAGCCGAAACTATTCTTCGCTCGTAAAGTCTTTGACGTTGATTCCGTACTTGCGGATTTTCCTTAGCAAGGTGTTTTTCGGAATATTTGCCTGAGCCACGGTTTGATTGATTCGACCCTGATTTGCTTTCAAAGCACTCACGATGAATTCCTTCTCCATGCCTTCTTTGAACACGTCAAAGTCCAACGGACCGGAGTAACCGACATTGGCCGTTTTCTCGGGAGCTTCCTTGGGAGTAAGCTTCAAGGATTCCGGTAAGGATTCCAGTGTGATATTTTG
CP178619.1_gap49	2749764	2752017	2253	TCGGTGGACGCGTCAAGGGGAAGGATCTGCAGATCTTCACCCGTCAGTTTGCAACATTGATCAACGCCGGTATCCCGGTGGTGGATTGTTTGAAAATTCTTTCTGAAGGTTTGCGGCCGGGGCCCCTAAGAAGTGCTGCAGGTCAGGTTAAGACTTCGATCGAAAGCGGTCGTCGTTTGGCCGATTCCATGGCGCAAGTGCCACTGGTTTTCGATAAACTTTATGTGAACATGATCCAGGCCGGTGAGGAAGCCGGTATCCTGGATGGTATCTTGAATCGTCTGGCTCTCTATATGGAGAAATCAGAAAAATTGAAAAGTCAGGTTAAGGGCGCCCTGGTTTATCCGGCCGTCATTCTGGTGGTGGCATTTGCAGTTATCACCGGTATCCTGGTTTTCATCCTTCCTAAATTTATGGAGTTTTTTAACTCTGCTGGTAAAGAACCACCTGCACTGACTCAGGCCGTGATTGCACTTTCCAATTCCATGATCAATCAGTGGTACCTGTATGCGGCGGGTGTGGTGGGTATTCCGTTTGCGATTCTTCAATATTATCGCACCGACGAGGGCCGCGATACTATGGATCGACTGTTCTTTAATGTCCCGGTTTTCGGTGAAGTGATTCAGAAGTCTGCAATTGCCCGTTTGACTCGTACTCTTTCGACCTTGTTGTCATCGGGTGTGGGTTTGATTGAAGCGATCGATATTTCCGCAAAAACTGCCGGCAACATCGTCATCGAGCAAGCTTTGCTTCGTTGTAAAGCCTCAGTCACCGAAGGTCGTACCTTTGCGGCGCCATTGGGTAAAGAAAAAGTTTTCCCCGAGATGGTGGTGCAGATGATCTCCATCGGTGAACAATCCGGTACGATGGATATCATGCTGGGTAAGATTGCCGATTTCTATGAAGACGAAGTTGAAACTGCCGTGAAAGCCATGACTTCATTGCTGGAGCCTTTGATGATGGTTTTCCTGGGTGGTATCATCGCGATCCTGGTTATTGCCATGTACTTGCCAATCTTCAGTATGGCAGACGTTGTCGGCGGGGGATAATTGCGCTTAAGTTACGCCCTTCAGAATAATAAGAAACAAGGACTGACTGTCGAGTTTGCTCGCGTCAGTCTTTTTGCCATTGTCCTGTTGATCAGTGTGGTTTCAACGATGGCTCAGGGAAGTTTCGTAAACTGGTCCGTGCAGGCGCCTTTTTACCTGGTGCTGACATTGGCGTTGGGGTTGCACATCATCTGGATTTCAGAGTGGGATCAGTTGCTGCAGAATCCGCGCGCCCTGTTTTTGGGTTTTGTTCTGGATTCAGTCTTCATATCGCTTTTGATTTATTACTTCGGTTTGAATCAGTCCTTATTGATGTTCCTGCATCTGGTGAACATTTTGCTGGCGGGAATCGCATGCCGGGGAGTGGGTGCCTTAACTTTGGCTCTATTCACCAGTATCACCTTCACAACGGCGGCTTTGTTTTCACCGGAAATGAAGGCGTTGAACTTCTTCTTCCTGTTGGCGCTTAATAATATCGCATTTTTCTCGGTGGCGGGACTAGCAGGCTTCCTGAGTGAACAATTGCAGTCAGTCGGTAAGGAATTAAAACAAACCGGCTTAAGTCTGCGTTCTGCACAGGAGTTAAATCAGTTCATCATGGAGAACATTCCATCGGGAATGCTTTCTTTTACATCAGACGGACAGGTGCTGACTGCGAATAATTCCGCTTTGGATATCCTGGGTAAAACTGAAATCACCGGTCTTAACTGGTACCGTCTGTTTCCTGAGACAGAAAAAGCCTCTGACAACTTCAGAGGTGATTTGAAGTATGTCGAAAGTTCCGATCAAACGGCAAAGATTCTGGGTGTGACTTTATCCAAAGTGTACAGTCCGGACCTGCAAGCACCACTTTCGATTGCTTTGGTCGATGATTTGACCAAGATTCGTCAGTTTGAATTTGCTGCTCGTCAGAACGAAAAACTGGCGGCAGTGGGAGGCTTGGCAGCCGGGATTGCACATGAAATACGCAACCCGCTGGCGGGAATCAGTGGCAGCATTGAAATGCTGACTCAGACAGTGACCAACGATGATGATCGCAAGTTGATGAAAATCGTCCTGCGCGAGATCGATCGTCTGAATAACCTGATCACTGATTTTTTGGATTATGCCCGTCCGGAAAAGCCTCCTACAGATGCGGTGGATATGGCGTTTCTGCTGAATGAGGTTCTGGATGCGATCAAAACGGACGGGAAAGTCAGAGCCG
CP178619.1_gap50	2857760	2860416	2656	GTGATGAGTAAGCCGGGGTCAGGATAGATTTCAATCAGTAGTTCTTTAAGATCTGCGAGTGAATAGGTTTTATTACTCGCAAGATTTTCAGAGACTCGGGCTAAAACCCATTCGCGCTTCATTTTCTGTGACGGGATTTTAGTCAGTTTTCCGTATTTGAAAAACGATTTTAGAACCTTCTCTTTGTATTGTTCTTCAACTTTGTCCTGCTCTTTAAGCTTAACTCCAGCTCCCAACACTAAATTCTTAAGGCTCACTTCCGCAAAGTCAGGTACCGCAAAATAGATAGTATAATACTGATCTTTCTTGCTGGAAACGAGTCCCGCCTCGACCAACTTTTTAAGGTGAAAAGAAACCGTCGAAGGAGCAAGCTTTAAGCGCTCGGAGATCACTTCGATATAGGCGTCTCTTTCCAAAAGAAGACGGAAAATATTAAGACGAGACTCATCTGATAGGGCTTTAAGAATAGTCAGACTTTGCATTAGTGAGTGCGGGCTCCATGAAGACTGCGACGAACGTGATCCAGGAAAGCAATTTGAATTTTGCCAACTTCAACTTCATTCGTGACATCATGTTTGAAGCTATTCACAAGTTTTTGAGTAAAATCCAACTCCATTTTCTCAAGCAAGTTCTGCAAGGCAAAATACGCACGATCTTCCTGCGGGCAATCCTCAATCTCCGTCAGAGCAGGAAAGTTGATGCCATTTTCAACAGCGTCAACATACTTATCAGCCATTGTCAGATAGATATTCGATAGCGAATCGATAACTTTGCCCTCTACCGCGGAATCCAATTTCCCGCGAGAGAAGGACTTCATGTCATTTTGAACCTTTTTGATGCGTTCTTTGAAAACATCCTTATTAAACATAGTAACCTCTTTTGTGATTCGATAGATATCGAAACAAAAAGAGGCTGTCAATAGGTATAATTCGATGCGTATCGAATTGGTTTTACCAAAGACTGTCTTGCGGGCGCTGGCCTTTCAATGCCTGCTCGATGTTTTCCAGGGCGCGATAGCCCATGGCATCGCGGGTTTCCTGGGTGGCGCTACCCATGTGGGGAGTCAGGAAGACATTGTGGAGTTCTTTAAGTTCCAGGTTGTAGGCGGGTTCGTTTTCGAACACATCCAATCCCGCGGCAAATAGTTTTCCTGACTTTAAGGCACGAATCAATGCGGACTCGTCGACCAGGCTTCCGCGGGCCACGTTGATGAAGACTGAGTTGTTTGGTAGCAATGCCAATGTTTCGTCATTGATGATATGCTTTGTTTCTGCCGTGCCCGGTGCATTTAAAGAAAGAATCTGACAGTGAGGAAGCATTTCGTTGAAATCAGAAAAGTAAGTCGCGCCTTTTTCAAGTTCCGCAGGCAGTCTGCGGCGATTGCAATAGATGATCTTCATTCCAAAGCCTCGCGCGCGGTCGGCGACGGCTTGTCCAATGCGTCCCATACCGTAAATTCCCAAAGTTTTTCCGCTGACTTTAAGTCCGAGCATATCAGACTGACTAAAGGCTTTTCTCCAGCCGGACTCCATAATCTGCATGTATTCGCGACCGCGGCGGCAGGCGTTCAGTAGCAACAGCATTGCAATATCTGCCGTGCACTCGGTTAATACATCGGGAGTGTTTGTTAATAATATTCCTCGTGCTTTTGCAGCTGGAATCTCCAGATGATCAAAGCCCACGCTGCAGGTTGCAATCACTTTGACCGAGTCAGGAAGTTTATCGATGACGTCTTTTGTGATTTTTTGTTTAGGAACAACGACAATCCCTTCCGTCTTCTTTTCTTTGGCCAGAGCAATGATTTCGTCAACGCTTAATTCGCGATCAAATGTGGTGGCCTGGAAGCGTTGATTTGCAAGAATGACTACATTTTGGGGGGCTCGGTAGGGAAGAAGAATGGAGTGTTTCATGAAGGATAGTGTCGTTCTATGTGTTTTTTGTCGCAAGTGATTTTAGTCTTTTCTCAAATAACAAAGTGTGAGAGGATTTATTTATCGGACATCTTTTCTTGGTGTCGGGATCTTAGAGTCTCCCTCTGTTTTTCACAGCAACGACTTGCAAATAAATAAAATGAAGGAACCGCAGGGTTTCTATAAGAGGTTGAGTTATGACAACTACAACGGCTTGGATTCTTTTGATTGTTGCAGGAATTTTGGAATTTATCTGGGCGTCGGGCCTTAAGTATTCCGAAGGATTTACCAAACTGGTGCCGTCCATCTTTACACTAGTGACGATGGGGATCAGTTTTTATCTTTTGTCTTTATCTATGAGGGTGCTGCCGGTCGGCGTGTCCTACACAGTGTGGACGGGGATCGGGGCTGTCGGCGCGGTCGTAATGGGTACTTTGATATTCAAAGAACCTTTGTCTTTGATGAAGCTATTCTTTTTGGGGATGATCATTGCGGGCATTCTTGGTCTTAAGTTTGTAGAATAGCCGTTTTTTAGCAAATTAAATGGAAAATAGAAGGCGGCCACGTCATTCTTAAAGAATGCGATCGACTTCTATTTTTCTGCTGACAGCATTTTTTATTTCTATTGCCTATTCCGGAGCCTTGTCTGCAAAGGGGCGAGGTCTGGCTAGCGTGGGGTTGTCGACTCCGGCATGCTTGTTTGCGAAAAAAATGGAAGTTCACGGGCATCGTGGGATGAATGGTTT
CP178619.1_gap51	2916907	2921238	4331	TATCTTCGTTATTTTCTACTTCCTTATTATTCGTCCTCAATCCAAGCGCCAAAAAGAACATCAAAAGTTCTTGAATGAAATCAAACGTGGCGACGAAGTTATCACTTCTTCAGGTATCTTGGGTCGTATCGAGGGCATCACTGACCAATTCGTGACTGTTGAGATCGCGGATGGCGTGAAAGTTAAAATGCTTCGTACTCAAATTGCGACAACTCAGAAAGCAGCAACAGCGACAGAGGAAAAGAAATAATGGACGGACTTCGTTGGAGAACCCTGGCTGCGGCCGTGGGTATCATTTTGGCTCTCGTTTGGTTTATGCCAAACGTGGTGAATTTTGGAAACTCATGGTGGCCATCTAAGCAAAAGATGAACTATGGTCTTGATATTCAAGGTGGTTTGCATCTTGTAATGGGCGTTGACGTAGACGGCGTGGTGAAAGAGTCCACGACTCGTTTGATCGCTTCCCTTAAAACAGACACAGCCAAAGACGGCATCACTTTGACGGATGTTAAATCCGAGCGCCCTGAGGCGGGCGAAGTGACTTTGTCTTTCGCGGCGGCTGAAAAAGCCAAAGTTGAAAAATACATGTCTGAAAAGCATCCAGCGGACCTTCAAGAAGTGGGTTCCACGGATACAACGGCTACGTACCGTTACTTTGATGCTTATTTGAATGACTACAAAAATCGAGTGATTCAACAGGCGATTGAAACAATCCGTAACCGTATCGATGAGTTTGGTGTGGCCGAGCCTTCCATCTCTCAACAAGGTACAAACCGTATCCTGGTTCAATTGCCAGGTATGGCGGATGCTGAAAAAGCAAAACAGTTGATCAATACAACTGCAAAGCTTGATTTCATGATCGTATCCACTGAGAAAACTCCACAGGAGCTTCAAGTGATGATCGCTGACGCTGAAAAAGCGGGCGGTTATAAAATGGATTCCATGAAGTACTCAGACTATGTGACTCGTTTGAATGCGGATCTTAAAGGCAAATTGCCGGCAAAATCTGTGATCTACTTCGAAAAGTCTGCAAACGCGACTTCCATGGAAACGGGTTCTATTCCGTATCTTCTTAAAGAAGACACGGATCTTGGTGGTTCTGCATTGGATGATGCAAGCGTTGGTTATGACAACTACGGAGCGCCAATGGTTTCCCTTCGATTCAACTCTGCAGGTGCGACAAAGTTCGCTGACTTGACGGGTTCAAACTCCGGCAGACAAATGGCGATCGTACTTGATAAAATCATCAAGTCTGCTCCAAGCATTCGTGAGCGTATTGGTGGCGGTCAGGCGACAATCACTTTGGGTGGTGGCCGTGATCGTAACCAGATGATGGATGAAGCGAAAATGATCTCCACAGCTCTTCGTGCGGGTGCTTTGCCTGCTTCTTTGGAGCAATTGGAAGAACGCCGTGTGGGTCCTACTTTGGGTGCGGACTCTATCGATAAAGCTAAAATGGGTGCTTACATTGGTGCCGCATTGATCTGCTTGTTCATGATCGTTTACTACAAAGGCATGGGCTGTGTGGTCGCAGTGTGCTTGGGACTGAACGTTCTGGGTGTATTGGCTCTATTGACTTCTTTCGGTGCAACTTTGACGTTGCCTGGTATCGCGGCTATCGCCTTGACGGTGGGTTTCGCGGTCGATGCGAACGTGTTGATTAATGAGCGTATCAAGGAAGAACTGGCGCAGGGGCATAGTTTGAAGGCCGCAATTAAAGAGGGCTACAACCGTGCGATGTCTGCGATCATCGACTCCAACGTGACTACGGGTGCGACGGCTGTGATTCTTTTGTACTTCGGTACAGGTCCGGTGCGTGGTTTCGCGGTGAGCTTGTTGATTGGTATCGTGACAACTATGTTTGCGAACGTGTTCGTATCCAAAGTTATCGTGGATCAGTTGATTTACAAATTTAACGTGAAAAAGTTGTCCATCTAGGATTGGTGCAAAAATGACTAATAATACAAAAACTACGACAACTGAATCTTGGGGCAAAATCGATTTCGTCGGTAAAACAAACCTTTTCACAGGTATTTCCGTTTTGTTGGTGATAATCTCCCTGGCCTACTTGGCGATCAAGGGCGTTAACTACGGTATCGATTTTAAAGGTGGTACTGAGTTCCAGGTTAAATTTGCTCAAGGCGTGACGATTGACCAGGTTCGTAAATCTGTTGATGATTTGAAATTAGGTGATGTGGGTGTTCAAGCTATCGGCGAAAACAACGAATTCATCATTCGCTTCCAAGGTCAACAGGGTAAAACTGATAAAGAAACAAATGAAATCCTAAATCAGGATATCACTAAAATCAGAACTATGATCGAAACAAAGTTTGCTGATCATAGCCCTGATATCCGTCGTGTCGACACCGTGGGACCTCAAGTGGGTGCGGAGTTGAAACGTAACGGATTGCTGGCAGTTTTCTATTGCTTGCTTGTGATCTTGATCTACGTAGGTCTTCGTTTCGATTACAAATACGCTCCGGGCGCAGTATTCTGCTTGTTCCATGATGCGGTAATCACTTTGGCGATTTTCGTGGCAGTTGGTAAGGAAGTTAACGTTCCTATCCTGGCGGCGATTTTGACTTTGATCGGTTACTCTCTGAATGACACGATCGTCGTATTCGACCGTATTCGTGAAACTGATGGCTTGTACCATGATAAAGGCTTCAAATTTATCATCAACAAGGCGATCAACGATATGCTTCGTCGTACATTCATGACTTCCGGAACAGTTTTCACTTCAGCATTGTGCTTGTGGTTGTTCTCTGGCGGTACAGTGGGTGATATCGCGTTTGCGATCTGTGTGGGTATCGCATTCGGTACTTACTCTTCCATCTATGTGGCAGCACCGTTTGTTATGTACATGGATAAATTGGTTAGTAAAAAGGCTTAATAAATCGAAGGCCCCGAGAAGGGGCCTTTGTGTTTTAACTGGGGATTTGTTCCCGCGGAGTGATAGTGAATCCATTGTGGAAATTAAGAGAAGCAAACGGCGAGGTGGCAACACCCGCAAAGGTCGAGGGGCAATGGCCATCCTTGATCGGTAAGCTTCTTGCGGCCCGGGGTTTCACTCAAGCCGGTGATGTCGATAAACTTCTGTTTCCAAAACTTGGAGATTTGAAAGATCCACTTCTGTTGAAGGGGATGTCTCAAGCACTCGAGCGCCTGGGGCAGGCTTATATTGATAAGGAAAAGATCTGCATTTATGCAGACTTTGACCTGGATGGAACTTCCGGATTGGCTTTGCTAAAAACCGGGATGCAGGCTTTGGGTTTTACCGAAGTTTTGCACTACCAACCGAAGCGCTTGTCTGAGGGATATGGTTTCCATGCGGCCGCAGTCGAGGAACTTAAAACCCAGGGTGTTTCCCTGATCATCACGGTCGATGTTGGTATCACTGCGCATGCAGCGATCGACAAAGCCCGAGAGTTGGGTGTTGATGTTATTTTAACAGATCATCACTTACCGGCAGACACGTTGCCATCGGCCCATGTGATTATTAATCCAAACCAAGGAACTTGCGAAAGTGGTTTAGGTTATTTGTGTGGTGCGGGAGTTGCATTCTACCTTCTGCGTGGTTTGAAAAGATACTTTCATGATCACGCGCAACTACCTAAAAACAATTGGGATCTTAAAGAGGTGCTGGATTACTTCACGATCGGGACTTTGACCGATATGGTGCCTTTGGTGGACGACAATCGAGTCCTGGTGAAGCACGGCCTGGTGAAGTTGGCAGAGACAAAAAGAGCCGGACTTCTAGCATTACTTGAAGAGTTGGATCTGCAGGATCGCGCTTTGACCAGTCAGGATGTGGCAATTCGTTTCGCACCAAAATTGAATGCTCTATCACGTATGGAGTCGGGGATTTTGCCAATTGATATCTTCTTGCTGGAAGATCAAGGTAAAGCCCGCGACATGGTTCGCCAGGTGATGAAAAACAATTCCACACGAGTGCAGCTGCAAAGTGATGCGGAAGCTGAAGCTCAAGAATTACTTAAAGACTGGCCTCATAAGGACTTTGTTTTTGTGGCTTCTTCCAGTTTCCACCGTGGGGTGGTTGGATTGATCGCTACAAAGTTGACTCAGGTCTACAACAAACCAGCTTTCGTGGGTTCTGTTGGTGACGATGGGATGATCGTGGGATCTGCACGTTTGCCTCAGGGACAGGAAGCCTGTTTGGTCGAGGCGATGTCCACGGCAGCCGAATTAATGAGTCGTTTTGGCGGGCATTCAGCGGCTGCAGGTTTTGAGATCGCAGAAAACAAAGTTTCTCAATTTGTGAACCGATTGGATTCGCACTTTTCGGATCTTCGCGAAAAACCAAAGCCATT
CP178619.1_gap52	2930594	2935227	4633	TTGTGTTGCCTTTGGGCGTCTGCAGTTCAATGGTTTTGTGCTCTTTGTTCTGGATGATGTCGCGGCGGATCTTTGTGATTTGCGCAGGATCGGCGGCGACGAATTGGAATGTGCAAAGAAATTCCTTAATGGATATCTCCTTGCAGGCCACACAGACCGCGATAATACTTTTCTTGCTGTCTGATGAGAATGAATCACTGTAGTACTTGGTGATCGCGCCAATCTTAATTTCGTGATTATTCAGACTGGTGAAGCCGATTTCAGACAGGGATTGAAACTGAATGTCCTTAAGCATCTCAATAGTGGCTGAAATTTTCGCCGCCGTCAGTGTTGTGCTGGTCACAGGATGATGTCCGGTGAGGGCGTATTGCAGATGCTCTTTGACGATCAATTTATCAAAGGGCTTGTAGAGCACGTTATTGATGATGCGCTCCTCGGCCAATTTGATATCAAAATCGGGATTATCGAAGGCGGTCAGGATCAGGGCCGTGGGTTCGTGTTCTGAGCACATTTTTTTGCGAATAAAGAAGTCGCGGGCTCTGCGTACCAATCCCATGTTTTGGGTGCCCAGGAATTCGTTCTTGGCAATTACCAGACGCAGTTCGTCTGCGACTGTGGGTTCTGGAGTGTCAGAGAGGTCAGAGGGGTGTTTGTGGCCAGCGTTTGCCAGGGCTTTTGGGCCCTCAACCATCGCGATCTTAAGGAATTCATGAAATGAAGCCAGATCCTTGAAAAAGCGAATAGAGAGCTGAGGATCTATACTTTTTAGGCTGTCATATAGATCCTGACTGGTTCTCTCGTCGTCTTCCAAAATCAGGATGAACTTCATATTACTATTGTATATTGGAATGAGACTAAAAACCAGATGACTGGACCACTGTCCCGATGTGGGATTTTTTATCCACCCGCGCGTAGCTTATCTGAATAGAAAGTAGACCGCGCCGACCAGGCACAGGGAGGCCCACAGGTAATCCAGCTTTAAAGGCTGTCCCATATACCAATAAGAAAACCCGGCAAAGACCACCATGGTGATGACTTCCTGAATGATCTTAAGCTGTGGCAGTGTGTAGACTTCAGAGCCCAGGCGATTCGCGGGCACTTGAAAGATGTACTCAAACAATGCAATGGCCCAGCTTCCCAGGATCACAATCCACAGTGCTGAGCTTTTGAAGTTTTTTAAATGTCCGTACCAAGCAAAGGTCATAAAGACATTTGAGATCAATAGCAGCACGAGAGGGCTTACATACTGAAGCATTATTTATGAGTCCTTTGGTTGTAGGCGTGATTGCACAGCAAGCTGGCAATGCGGCGGTACTCACTCAGCAAATCCAAATGGATGGAGCTGGTGTTGATGGACGTATTTAAACCACGGTTCAAGCGACTAATGTGATTCTCTCTGAGGGAGATTTCCAATTTCGCGAGATCCCGTTTCAGTTGAATGGCCTCTTCGCAAAGCTCACGGTTTTGATAGGCATTGATAGCCATGGCAGAAACCTTCACCACTTGCTCGTGCATCTCGCGAATCTCGGCCCAGCCTTCGCCGGAGAACTCAAGCTTCAAGGCGTTCTTTTTGATCGCCAACGCCAGGATGTTGATGTCGATGGCATCCGCCGCACGTTCCGCATCAGACAGGAACATGATCATGTTCATGATATTTTGATGTACGACTGTGCTGGATTTATTGGCATGATCCAAAAGGAACATTTTGGTTTCGCGGTACAGGAAGTCCACCTTGTTATCGCGATCCTTGATGGAATCAAAGACTTTGGGATCATTGGTTTCAAAGAGTTTGATGGAGTCCTTGATCATACCCAGTACGATGTCGGCCGTGCGCATGATTTCGCGATTTGCGTAGGACACCGCTAGGGCGGAGCTTTGGTAATTGTTCATGTTCACGAACTCGGTGCCAAACTCCTCGGAAGCCGCCTTCGGGAACATCTTTTCAATCCACTGGGCACCTTTATCGATGAATGGATAGAAGATGATGGCAGAAATGACATTGAAAATTAAATGGGCATTGGCGATGGATCGCGCCACCGTCGTATCAAAGGTCATCAGGAAGTCGATGAATATCTGCGTGAATGGATAGAAGATCACAACACTGATGGTTTTATAGAAGAAATGCGCCCAGGCCACTTGGCGTCCGATGTAATTTCCACCAGCGGCCGAGATCAAGGCCACCGAAGTCGTTCCAATGTTGGCACCGTATACCCAGATCATGGCATCGTAAAAAGTGATCGCTTTAACTGCTGCCAAACTCATCGCCAGACCAATGGTGATCGCCGAACTTTGTACAAAAGCGCAAAAGACGATGGAAATCAGCAAAGAGTATCCAGGATTATCACGGACACTTTGAAAGAACTCCGTCAACATCGGGTTTTCGGCAAAGTGATGTGAAGATGTGGAAACCAGTTTCAGTCCCAGGAACAACAAGCCAAAGCCCATCATGACCAGGGATAGGTTTTTGAATACGGTCTTTTTGGATTTAAAATAAAACGCAAAAGAAATAGCAAACAAAGGCAGCGCATATTGGGTCAGGTCAAACGAGATCAGTTGAACCGTGATCGTTGTACCGATCGCAGTTCCGATGATCACACCCATCACTTGGCGAAGATTGATAACACGGGCAGAGCCGAGGCCTACCAGCATCGAAGTCGCCGCTCCTGAACTTTGCATCAGAGTTGTAAGCCCCACGCCCGTTAAAATGGAAAGCAGCTTGTTTTGCGAAAGGTGATTCAGAAGATGGGTGATTTTACCGGCCATCAGTTTTTCAAGGGAAGAACTGGTCAAGCTCATGCCGTACAGGAACAAAGCCACGCCGCTGATCAAGATGATGAAATAGGAATTCTGTGTATCAATCATAAAGATTCATCATAGCACCATTTTTCGTTTAAGGAAGGGCGAATTCTGATTTATGCTGAGTCCACCTCGGAGGAGAGTTTCATGGCAGATCTTAAAAAGCCGGTTTTGGTTGTGGCGGCGGTCATTCGCAAAAAGGATGACTCGGAAATGCGCATTTTGCTGGTGCGTCGAGGGCCCGGTCAAAGCGGTGCGGGCTTTTGGGAGTTCCCCGGAGGTAAAGTGGAGCCGGGTGAATCTCCGGAGCAGGCTTTGCGACGGGAGATTGATGAGGAGCTGGGGATTCAGATCTCCGTGGGTGACTTGGTCGGGGAGTTGGATTTTGACTATCCCTCCAAGACCATTCGCTTAAGAGTCTATGAGGCAACGACCACCGATAGTCAGCTCACGTTAAGTGAGCATGATGCATTGAAATGGTTGAAAGCCGCGGAGATTGTGACCGAGGACTTGTCGGCGGCGGATCGTCCTTTTGTAAAGGTGCTTCAAGGCAGTAAATAGCTTCGTTCCTGAGCTGTCGGCAGGCGGCAAAAGTCGCGGTGACCGAACCAAGTATAGCGGTTTTTTGCAACCATTTTATAAAGTGAGTCCCGAATAAATCCTGGAATGATCCAACCCAGTCGAGACACATTGTAGACGCCACCCAGTCCAGAAAGAATTTTAAGTACAGCTGCAGAACGATGGTAAATGCGACCTGACTCGTAGTAAACCACAGTGTCCAGAGACTCACGGTCCTGGGCTGGCAAAAGACTTTCTGCAGTGGTGCCTTGAAGTGGGGCAAATAAAAAATAATGATTCGGATCGCGAGAGATCACGGCGTCGACAAAGCCATTACAAAGGTGGCAGACTCCATCGAAAAAGACCACATTTCTCATTTTAGCATCGACATTTTCCATAGCAATCCTAGGTTACAATCATTATAATACATAAACAAGCTGTGGGGGTCCTTAGCTATGGAAGTATTTCTGTTTCCGTTAGTCAACGTGACATTGTTTCCACATACAACAAAGCCCCTGAATATCTTTGAACCTCGCTATTTGACTATGGTGAAGAACGCCGTAGCTCACAATAAGCCTATTGCCATGGGCTTTATTGAAGACCCTTCCAAAGTGGGGCCGGTGTCTCCGGGTGAGCCCGTGCCGTTCGTGCGTGAAATCGCAGGCTACGGCTATGCTCAGATTATCGAAGAGCGAGTGAACGGAACTCTTCTGGTCTTTTTGCAGGGGCAAGGCAAGTTACGTTTGAAACATACAGTTGACCACAAGACGCCCTACATTGTTTGTGAGGCCGATATTATACCCGAGCAAACTTTGGTGGATCCACAGCATTTGGTGCGCCTTCAGGGGCTGCATAAAGTTCTGATACGCTGGATTCACACCCATATTCCAGATCCCGCACAGCGCGACATGTTTTTAAGAAATATGAATTTGCCCGAAGAAGTCGTGGGGTCTTTTGCTTCTTATATGGTCAGAGACTATGATCTGCAGCAGATGGTGCTGGAAATTAACGACATCAACGAGAAGGTGGATTTTCTCCACCGTCTCACCGAATCCAATGAGCTGACTACTTAAGCCGGAGCCTTGCCGGCGTTTCGCATAAAAAACACCCATTGCAGCAAGGTCACCCAGATAACATGGGCCAGACACAGGTGAGTGACTTTCATCCACGTCGGGGCATGAAATACCAAAGTCCCAATTCCAAATAAAATTCCCAGGATCAGGATACCGCTCATCTGAGCGGATTTTTTTTGCACCAAAGGGTGCGACGCGGATTGGGA
CP178619.1_gap53	2942080	2943180	1100	TGATAACTCTGGCGGTATTTCAATTAGCAAAGAAACGGTTGGGCTTGGCACAATGTCTTTTGAACAGGAGATCATTGATTGCAACACCGGCCCGGTATTTGGTGACTACGGGTGGTCGGCAAAAATGCCAACCTATGGCTGTGGTGAATTCATGGGTCAAGATGGTTTGGTGAGTGCGACAATTGGTGGTTTCAATGTTTCGCCTGACCGTTCTATAGTTGAGGTCTTTATCAGCTATCCTGGAGAGACTGGATTTTGCGGTGGCTTCTGGTCACCTTTGATGGTGTTCTTTGATGATAAGCTTCCGATCTTTGACAATGTCTCTGATTTTCCTTTGAATCCAGGCGGAAAAGTCTATTGGCCCAGAGCGAATAGCCCTGGATTTTTTCTGGCTCTGGATCGGGACAAGAATGGGAGTATTGATAAAAAAGATGAATTGTTCGGAGATAATAACTCTGACGTAAATGGTTTTGAAGCGTTGAAAAAACTCGACACCAACAAAGACGGCGTTATTGATTCCAGGGATCAGGACTTTAAACGCCTGGTCTTGTGGAATGATAAAAACGGCGATGGGGTTTCGCAGTCCAGTGAGATGAAAAAAGCGAGTCTCAAATTGAATAAGATTTCACTCAACTACACGCAGTTTTTTGAAAACCGCGGAAAGAACGCAGAGATTCGTGAACGATCCAAATTCTGGTACACCGATGCGAAAGGGAAAACCCGAAAAGGCAATGTCTATGACATTTGGTTTGCTCCGTACATTCAAACAAATCTAGCCGGAGGTAAATAGCATTAAGTTTGCGTGAATCCATAGGAATTCTTTGGTAACACTTCACTATGATTCGGAATGATACAAAGTAGCGGTCCGAAATCGAACTTTAAGTAGTATCACACGCTAATTACTTAAGAATTCTGGGATTATTGCGATTTTTCAATAAATCTTGTTCGTTTCCTGTCCGATAAGGACTCATATAGGAAACGTCGGTATGTATAGGACTATTGGAAATAAAAAAGGTAACGCGATAATGCAGGTTCTCACGGCCATGGTCGTGTTGAGCATCAGTTTTTATTTTTTATCCTCTTACGTCATCGGTCAGCGT
CP178619.1_gap54	3002829	3005685	2856	ATTCCATTGGATAGCTGGGTGCACGGTAAGGAAGGTGGCGGTCGCAATATCGGCGAAGCTTGTCATATCTACGATTTGTTTACATTTTTAACTGGTAGCAAAGTTATCGATATTAAAGTGCAGTCAGTTGGCTCAGTTCCTGGCGGTTATTCAAATCGCGACAATTTTGTAGCTTCGTTTTATTTTGAAGACGGATCTATAGCATCGCTTACTTACACTTCCATGGGGCACACAAGTCTTGCGAAAGAGCGCATGGAATTATTTGTCGATGGAAAATCCATAGTGCTGGATGATTATAAGTCTTTGGAATTTTTTGGTCCAATCCCAAGTAAAGTTAACTTTAGAGTTCAGGATAAAGGTCAACATCAAGAACTTGTTGAATTTGCAAGGGCTGTGAAAACAGGTGGTAGCTGGCCGATACCTTTGTGGGAACAAGTTCAAGCAACTGAAATGAGCTTTGTTGTTGAAAGCCTGCTTTCCGAATGAGTTATTAATGTCGGTCATTTCAATTTTTACTAAAGCAAAACGAGTATTTAAGAATAAAGGAGTTGCAGGGCTCTGTGCGGCTGCTCTTGGAAAGATTCAAAGGTCTTATCGAAGAAAATGTTTTCGTGTGGCTGGAGGTTCTTTTGCCAATCTAAACCTGAAAAGACCACATAGGTTTGAGAAGTTGTCTTTCGACGATATCGATTTAAAGAATTATCCTGCATCAAAGATATTTGGGCAAATTCAGTCCAATTGTTACCAGATTCTTGAGTCGGAGCTCCGCAATTGGGGGCGTTCTAATGTTGCTGGTCACCTGCATTGGCACATGGATCTTGTTAGAAATTTCGAATGGTCTTCGAAAGTTGCTGGAGTTGAACTTTCAATTCCATTAAATGGTGGTGACGTAAAGAGGCCATGGGAGCTTGGCCGGCTTCATCAATTGGTCCAATTAGCTCTCTGTTACAGGTGTTTCAGGGACGACGAGGAGCGAAGAAAATCATGTCAGCAGCTTGCGACAACAATACTTTGTGATTTCCACGAATCAAATCCTGTATTTAACGGTCCGCAGTGGATGTGTGCAATGGATGTTGGTATCAGGCTTTCGAATATCTGTCTTGCTGCCGATATATTTGGTGAGGAATTTGTTAGTTTAAATCAGAAAGTTTTGGATTACGAGTTAGCACGGCATATATTTTTTATTGAGAGTAACAAAGAAAACTCGCTAGGTTCGTTTGTTGGCAATCATTATTTGGCAAATATCTGTGGTCTGGTGTACGGATATGCGCATTCTGGACATAAGCGTGCATCGTACATGTTGCGAAAAGTTTCCAAGGAATTAAATTTTGAAACAATAAAACAGTTTGGAAATGATGGAGGGAACTTCGAAGGCTCCACTTACTATCATCGCCTCTCTGGTGAGTTGGTTGTATTTGCTTTTGCATGTCTGTTAAAACGATCTGATTCAAAAATTGAAATGGGGCTGACATTTCTTGAAAGACTTAAGGCGATTCTGTTCTTTTCAGAATCGGTTTCATTGGTGGATGGGTTTGTGCCTCAGGTCGGTGACAATGATAGTGGGCACCTGTTAATTTGCAACCCCATACAATTTCAGGAGAATGACCTAAATCACAGAAGTTTTATATGTGGGCTTCGTCATTTTTTTCAGTTGAAAGATAAAAACCAATTTTTGGAAGTTCTTGTAAGTGAATACTGCAATGCTGACAACGGGACATTTTTGGTTCCGGAACATAAGGCAGTGTATGGAAGCGAAAAAGAGTTTTTGCGAGCAACAGAAAAATGTTTCAAGTTAAATAGTAAACAAGAGTATAATTTTAGTGTTGCGCATTTTGATCCCCAGCAGGCTAGTTATTTTTCATTTAGCGATTTCGGTATTTATACATGTAAATTTGGCAACGTGTTTGTCAGTCTTAGATGTGGTGTGAACTCCAACGACAAAGGGGGGGGGCACCGTCACAGAGATCAGCTGTCTATATTTATTCATGACGGGCGTGATATTGTAGGTCGAGACCCAGGAACCTATTTGTATACTTCTGACACGGCCATGAGAGCTTTGCTTAGATCTGCTTCTGCTCATAATGGCCCTTATTGCGGGACAGGTTTGCGCGTGGAGGCTTCATTGTTTGAGATGAATGATCAGTTTGCGCAATGTATTTATTTTGGGCCTTTAGGGTTTTTTGGAAAGTCCTTCGAGAATGGTAAAGAGTTTTGTCGTTGGATTTCTTTTTCAGAGGAAAATATTAAAATTATTGATTGGGTTGAGTCTGGAGAGGAATTAGCCAGACTAGATTTTGCGGAAAATTTATTTTCACCAGGATACGGTCAGATTGCGGGAGTGGCGCAGTGAGAATACTAACAGTGAATCACACGATTGATCCAGTGTTTGGTGGTGGGACAGCTGAAAGAACGTTTGAACTTAGCCAAGCTCTTGTTAAGAGCGGCTATGATTGCACGATTTTGACGTTGCTTGAAGGTGAATCTCCGCGTGAGCTAAAAGGGGGGAGAATTGTTAGGCTACCGGTTTGCAAATTTGGATTAATTCCAAAGTATTTGTTCAAAGGAATCGTGCGTGAAGTTAAAGGGGCTGATGTTGTTCATATGATGGGACATTGGACAGTACTCAATGCCTTAGTATATTTAACAGCGCGCCATTTTAGGAAGCCTTATGTTTTTTGCCCAGCTGGAGCCCTACCAATTTTTGGAAGATCTAAGTTTGTTAAGTATATTTATAATTTACTGATTGGAAAAAGTATAGTTCGGAATGCTTCTAGGTGCATTGCCACAACGGAAAATGAGATAAAGCATTTTGTTTCATATGGAGTTTCTGCTGATCAAGTTTTGTTAATTCCAAAC
CP178619.1_gap55	3171511	3176229	4718	GATTTTTCCGATCATCGCAAACACCTTGATGGGTCTTGAAAGCGTTCAGGCAAATCAACTGGACCTGTTTAAGATTTATCACGCGAATGCCTGGCAGATTTTGTGGAAACTGAAACTCCCCGCTGCCTATTCCTATATCTATTCCGGTCTGAAAATTTCAGCCGGCTTGTCGATCATTGGCGCCATTGCTGGGGAGTTTGTGGCTGGCGGCGGATTGGGTTCCATGATTGACTCTGCCCGCACACAACAACGGGTTGATATCGTGTTTGGCGCCTTGATATTACTTTCAGTGATGGGTCTTTTGATGATCGGAGCCCTGACATTGGCTCATCGCCTGATTCAAAAACGCCGTCCTTATTTTACGGGAGACTTATGAAATCACTTTTGATCCTGACTTTGACTCTTGGAAGCTCTGTTGTTTTTGCGGCAGAAGCAAAAAACACCAAGCCCACTCCTGTGACCATTGCTTTAAACTGGAAAGCCGAGCCCGAGTTCGGTGGCTTTTATGAAGCTTCCATTGGCGGAATTTATGCAAAGCATGGCATCGATGCGAAAGTTCAAGAGGGCGGTTCTGGCACTCCCACAGTGCAAATGCTGGCGAATGGCAAAGTGGATTTCGCGATCGTCAGTGCTGATGAAGTTGTGATTTCCCAGGATCGTAACCCAAAAAACAAAGTCATCGCATTGTTCGCAGTCTATCAAACAGCTCCCTATATCATCATGACCCATGCCGAGCGCGGTTTTAAAAATTTGCAGGATGTTTATTTAAGTGAAGGCACTCTTTCAGTTCAGGCCGGACTTCCTTATCATCAATATTTGCTGCAGAAATTTGGAAAACCCAAAGCGCAGGTGGTGCCCTATCTTGGTGGTGTTTCAAATTTCCTGAATGACAAGAAGTTCTCGCAGCAAGGTTTCATCACTATTGAGCCATTGGCAGCACAAAAAGGCGGCGCCAAGGTTCAGAGCTTCTTGATTTCGGATGAAGGCTTCAACCCCTATGTGGTTGTACTTGCCGCCCGCGAAGAGACTCTAAAGAAAAATCCGGAGCTGGTGAAAAACGTGGTCGAGGCCACACGCCAAGGCTGGCAGGGATATCTTAAGGATCCCACGAAGACCAATGAGCACATGGCTAAATTGAACAAATCTCTGGATCTGGCGACTTTTAATGAGGGAGCTCAGATTCAAAAGCCCCTGATCGAAGCCAAAGGTCAGGAATTGGGGAAAATGAGTATTGAACGCTGGGAAACCCTGATAAAACAACTAAAAGAGCTAAAACAGATCAAGTCGTCCCCTAACGCTCAGGATCTGTTCAGACCCTAAAAGGTCTCCAAGGTAGCCATTCTCAACTTGACGAAGCGCTTCATACCTTTTAGAAAGGAGCGCTTGTCGGAGTTTATTATATGAAATTATCCATCAATCTTGCTGAAATTCCTGAAGAAGGCCGTACCTATTTGTGGGATACACAATCTGGCGAGGCCAACGCTGTATTAGCCGATTTAATTGGCAAAAACACCTATTCAGCTGAATTTACGATCCGTCCTTTAAACTCCAAAGACTTTGAAATGTCTGGAAAAATCAGCACAAAGATCCCGGATCAATGTTCTCGCTGCGGCACTGATATTCAGTTCCCAATCACCGAGAAATACCGTGAAATCCTGATCCCTAAGCAAGATCAGCCGCGCAATTCCAAATATTCGAAAGTAAATCACATCAGCGATCTTTCCGGTGATGAAACTGATTTCTGCGAATATGAAGGGCAAAATTTCGATATGGCGGAATATTTACACGAGGTTATTGCGCTAGCGACCCCGTATAACCCCGTATGCCCTAAACAAGATAATCCGAACTGCTCAATTTACACAAATCCTGAGCCAGAACAGGGTTTTATCTATAACGAAGAAATGCCGGCCGAGAAGCCAGAAAGTCCTTTTGCAGCTTTAAAGAACTTAAAGCTTAATTAAAGACTTGATTTTTAGTGTACATTATATAAATTACCGTACTTCTGATTCATATTGTTAGATTTAAAAGAGGTCTGAAATGCCAACTCCTAAGAAAAAAACATCCCGTTCTAAACGCGATATGCGCCGTTCTCATGACGGTTTGTCTGCTCCGGCAGTAGCTTTGAACAAAAAAACTGGCGAACTAGTTCGTCCACACCGCGCAACTAAAGGTGCTGACGGCGCTTTGTACTACAAAGGCAAACAAATCAGCGCAGCTAAGTAATAACTTAGAGTTAGGTTGACATCCATGGCAGGAATGTATCGATCTCGTGTAGCAGGGATAGGCTCTTATCTACCTGAAAAGATTCTTTCAAATTTCGATTTGGAGAAGATGGTGGAGACGTCCAATCAATGGATCGTAGAACGCACTGGGATCGAACGCCGCCATATCGCAGCCGAAGGTGAAGGTACATCTGATCTTTGCCTTCGTGCCGCTCAAAAAGCTCTCGCAGACGCAAATCTTACCGCACAAGATATTGATATGATCATCGTCGGCACCGTTACGGGTGATCGTCAGATGCCTTCCACAGCCTGTTACGTACAAAGTAAACTGGGTTGCCGCAATATCGTGGCTTTTGATTTGAATGCGGCCTGCTCGGGATTCCTTTATTCTGTTTCTATTGCTGATCAATTTATCCGTACAGGCATGTACAAAAACGTTTTGGTTCTTGGGGCCGAGGTTCTTTCTCGCTTTGTGAATTTCAAAGACCGTGAAACATGCATCCTGTTTGGTGATGGTGCGGGCGCTTGGGTTCTTCAACGCGCCGAAGACGGTGATAAAAATGTTATCGCCTCCTCTCACCTTCACGCGGATGGCGATTTGGCCGAGCTTCTGACACTTCCAGGTGGCGGCAGTTTGATGCCTCAATCCCAATACGTTCTCGACAACAATTTGCACTACGTTTCTATGAAAGGTCGCGAGATCTTTAAGAATGCAGTTCGCACAATGGCTCTTTGCTGCAAAGAAGCGTTGGAAGCGAACAACATGTCTGCTGATGATGTAGACTGGATTGTTCCTCACCAAGCCAACAAGCGCATCGTGGAAGCTGTTGCTGATCAATTTAAATTCCCAATGGAGCGCGTGATTCTTTACCTTCATGAAACAGGTAATACATCATCAGCTTCAATCCCGTTGGCCTTTGACTGGGCCGTTCAAAATGGAAAAATCAAACGTGGTCAAACGATCTTGCTTACTGCATTTGGTGCAGGCTTGACGTCTGGATCCGTTCTATTGAGGTACTAAAATTATGTTCACTCTGGTATTTCCCGGACAAGGCAGCCAACAACCTGGCATGGGCCGTTTTTTATCCGATAACTTCAAAATCGCTCAACATGTTTTCGAAGAGGGCTCTGAAGCTCTGAAACAAGATATGAAAAAACTGTGCTTCGAAGGTTCTGAAGCAGATCTTGCTTTGACTGAAAACACTCAACCCGCTTTGTTGCTGGTCTCGACTGCGACTCAAAAAGTTTTGCGCTCTGAGTTTGGCGTAAAGGTTCACTCGGCAGCTGGTCACTCCATTGGTGAGTATGCAGCTTTGGTTGCAGCCGATGTGATTCGCTTTGATCAGGCAATACAAGCGGTGCGCACTCGCGGACAAGCAATGCAATCTGCAGTTCCAGTTGGTCAAGGTGGTATGGTGGCTGTTTTGGGTCTTGAACCTGATCAAGTTGAAACACTTTGCCAATGGACAGTGAAAAATTCTGGTTTTGGTCCGCTGTCAGCTGCAAACTTCAACTCCCCGGGACAGATCGTTATTTCTGGCTCTATGAAAGCAATCAACTGGTTAAAAGATAATTTTAAACCAGAAGCTATCTGGGCTGAGGCACCTAAGCGTGCGAAATTGATTCCCCTGCAAGTGTCTGCTCCTTTCCACTGTGAAATGATGAAGCCAGCAGAAGACACTATGCGTTTAGTTTTGACCGCGATGGAATTCAAAACAGCTGCATTCCCTATCGTACAAAACTTCAATGCTAAATTTGAAACTGAAGGCGCAAACCTTCGCGAAAATTTGATCCGTCAAGTTTCAGCACCGGTGCGCTGGACACAATCCATGGAGACTTTAAAAGCTTCTGGACACTCTCAAGTTATCGAATGTGGCGCTGGAAAAGTTATCCAAGGGTTGCTAAAGAAAATTGATGGCGACTTCTTTAAAGTAATGACCACAACTAGCATGGAAGACCTCAAAACTATTGAGGATTTTTTGAAAGCTACGAGTCATTGAAATTTCTTGAGCTTTATTTGGAGTTCGGCCAGAGTGGACTCGCGTAAAAACAATGAGCTTTTGCTTTAGTTTTTTTAGTCGCACAGTTGGCACGACGGCGCGCCGTCGTAGGAACTTAAGGAAAAAGTAATGAGCGGAAATTCACTTCAAGGTAAGAAAATCGTAGTAACCGGTGGCAGCCGAGGTATTGGCGCCGCTATTGTTAAACTTCTTGCTGATGAAGGCGCACAAATTGCTTTCACTTATTCTTCCCGTGAAGAAGCAGCACAACAAGTTGCTCACACTCTAAAAGGCGAAGGTCACTTCTATATCAAAATGGACGTGGCTAATGAACAGTCCGTGAATGAGGCTGTCGATCACATCCTTGAAAAATGGTCTGAAGTCGACGGCGTTGTGAACAATGCCGGAATCACCAAGGATCAATTGTTGTTGCGCATGAAAGCAGAGGATTTTGACTCTGTTGTTTCCACAAATCTTCGTGGAACTTTCCTGGTTA
CP178619.1_gap56	3191874	3196506	4632	TCATGGCAACGAATACGGCTCAACAGCTGTGGCAATGGGTGCTGCAGATGCATTTGCAAAAAACCCAATCCAAGGTCACACCGTCTACATCATTCCGGTTTTGAATATCCCAGGCTTCAACAGTCGCTCCCGCTATGAGCGCGTTGGCTACAATTCAGTGGACCAAAACCGCGACTATCCAGGTCCTTGCATCACTGGAAAACCTTTTAAATCCAAAGCCACTAAGGCATTGGCGGACTTTATTGATGCCAAGAACATCATCAGCTCTGCAACTTTACACACACACTGGCCTGCAGTATTGTATCCTTGGGGCTTTTCAACTCGTGACGTGATGACCAAGGATGACGCCACATTCATTCAACTATCCAAAGATGCTGTTGTGGAAAGTGGCTATGATGTTGGGAACTCCAAGGACATGCTTTATGCAGCTGATGGCGCATTTGAAGACTATGCTTACTGGAAGCATGGTATCTGGTCTTTGTTGTTTGAAATGGGCACCACTCACAACCCGTCTGAAGCGCAAATGGCCCAAATGGTTTCCGTGAATGTTCCCGGTCTTCGCCGCTTCTTTGAGAACGCTCCAAAAGAGCGCGCTAAAGATCACGCCTTCACTGGCAAATGCGATCGCAGTATCATGCAAAGAACTCACTTGGAATAGTCTGAATTCCATTGTTATTGCAAAGGCCGGCTTTTAGCTGGCCTTTTTTTTATGCTTTCAACGACTCCATTCCGACAAAATGAATATGTCTAGCCTTCCCTAAGAGCCGCCATAAAACGTCACCTGTGCCAAATTTAGTCGCTAAAATCCTGTCAAAGCCAACACAGTCGCTTTTTATGTGGCTCAGGCCTTGCTCGTAATCTTGCGGGAAAACTTTTAACCCGGAGGAATTACATGGAATTTTTAATGTCACTTGGTCGCGGTTTTACTTCAGGAGATGCTATCTGGATGTGGACTATTCTAGCTGCTCAGATCGTGTCTGTAGCTATCATTGCTGAGCGCTCTGTTGCGCTTTTCATGAATCGCAAAGTAAATCAAAAGGATATCTCTAAAACTCTAGCTGAAGATATCAAGGCTGGAAACCTGGATAAGGCTCTACGCCGTTCAATGCAATTGGGTATGACTCAACCATTGGGTGTTGTGGCTTCTGCTGGTATCCAAGCGGCAATCGATATGGGTGGCAAAGAGGAAATCCAACTTAAAATGGACGAAGTTCTTCTTGAAGAATCCACTCGCGTGGAAAAGCGCATTGGCTTCCTGGCGATGTTTGCCAACGTAGCTACTTTGCTTGGTCTTTTGGGTACGATCACTGGTTTGATCCACTCATTTGCCGGTATCTCTAACGCAAACCCTGCAGAAAAAGCGGCGATCTTGTCACAAGGTATCTCTTTAGCGATGAATACGACAGCTTACGGTTTGATCGTAGCGGTTCCAGCTTTGATCATGTACGCGGTTCTTCAAAACAGAGCGACTCGTTTGACAGAAGACTTGAACAAAGGCGCATTGAATTTGTTCATCCAGCTTGGTTACCACTACGCTCCAGTTTCTGACAAAAAAGAAAAAGCACTTAAGTAGTAATAAAAACGCATAACTGAGAGGGCTTTTATGAGCGCATCAGGTAACGGTAACGACAAATTAAATTTCGAGCTCAATATCCTGCCGATCCTGGATATCCTTTCTGTACTCATCTGCTTTTTGCTTTTGACTGCAGTGTGGTTGCAGGTCGGTACAATTGATACCAAACAGGCCATCGGAGACAACTCCACAGCTGGCGCGACGAATCCACCGTCCCTTTGGGTTACTTTGGAAGCGGACGGCAGTGTGCAGCTTTCTTTGCGCGATATCCCCAAGGCAAAAACCCTGGAAGAGCGTATTGCAAAGTCATCAAAAGGTTTGGATTTGGCAACCCTCGAGTCACGCTTGCAGGCTTATAAAGCAAAATGGCCTGAGCTAAAAACAAGTGTTGTTCGTCCTGGAGCACAAACCAATTACGGTGATGTGATCCGCGTGATGGATAAATTGAAGCAAAACTCATTCGAAGGCGTGGGCTTGTCCCCACTAGGGTAATATTATGAGAACTTCATTCTTAAACACCAATCAAAAACGTTCCTTGCTGGCAGAAGCACAAAGCCTGAAACCAGGCTCGCGCAAAAAATCCGGCAAGGGTGGTCTTGCATTGGCACTGCCTTTGACTTCTTTGATCGACGCTTTTTCAATTATCGTGATTTATCTTTTGATCGGAACTCAATCCACCGGTCTCGAGGTTAAATCCGGCAACATCAATCTGCCGTTGGCAGATCAGGCGACCAGCGTTGAAAAGGAAATGCCGATTTTGAGAATCGAAAAGGGCAATTACTTTATTAACGACGTACGAGTTGCAGACAGCCAGCTGGGTTCAAAATTGGAATCTTTGAAGAAAGACGCCAAACAAGAGATCGAGCTTATGATCCAAGCTGACACCGAAATGAAATACGCGGACCTGGATCCAATCATTAAAGCTGGATCACTGGCAGGTATCGAAAAACTTAAATTCGCGGTGGTACCAAAACAATGAAAAACTTAAAACGCCTCCTCATTATCAGTCCAATTCTTGCGGGTGCCCTGTTCACTCAGATCGCCCGCGCGGAAAAGATGAACTCCGACACGCAGGATCTTGTCGTCGGCAAGATGGAGCGCGTTTTATCAGCGATGGATAAAAAAGATCCATCGTGGATCCCTACCCAGCAACGTCTGGCTGACACTCTGGCAGAAAGAGCGCGCACGCGCTTTATGCAGGAGATGGAATCCAATTGTGACGGCTGCAAAGGCTCCAAAGCGGACCGCCAAAAAGCAGTTGAGATTTACGAGAACTTGCTTTCGCAGGTAAAATTGAACGAACATGGTCCCATCCTGTTCCAATTGGGACATCTTTATCAAATGGCCGGTCAAAACGACAAGGCTATCGATCTTTTCCAAAGCATAGTTAAAGACGCAAAAAAGAAGAATATTGCTAAAGACATCGTCTCCCGTTCTCATGCGGAGCTGGGTGATCTTTTATTCCAAAAAGCCAAATTCAAAGACGCAAAGAATCACTATGTGATCGCGCTTCAGGATAAGAACCTGCAAAACCGTGCGTTGATCACTTACAATATGGCCTGGAGTGATTTCAACGAAGAGAAACTGGCTGCTTCAATCAAAACTTTGGAATCTCTTCTTTCCAAACCAGAACAAATCACTCGTGATACTGAAAAAGGCACTTCCTACGATCCTGTGTTTCACGCAGATATCGTGCGCGACTTGGGCACTTTCTATGCGCGCCGTAATATCTCAACTAAAGAGATCGCGCGCTTTGAAGTGCTTTCACCAAAAGAAAAGCGCAAAGAACTTCTTTTGGACTTTGCCAAAGAAGCAGACCGTGTCGGTCAAAAACAAGCCGCTCATGACATCCTAAGCCGCTACATGGATCAGGAAGGTCTGACTGAAACTGAAACATTGGAAGCTTTCGTACGTATGGCGCAAATTAACTACGACCGTGGACAAGCCGGAAAATCCACTCAGGATTTTGCCAAAGCGGCCAAAGCTTTCAAAAGCACTGATTGCAAAGAAGCTTCCAAATGTGAAGAGCTTAAAAAAACCATGAAGCGCTATGTGACAGAGCTTCACCGTTCAAAAAAATTGAAACCCGATCAGGACCTTTTGAACGCGTATGTGATCTATTCCAATACTTTCCCGCAAGATACAGAGATGACCACTCGTGGCGCGCAAGTGGCAATGGATATGGGTAAACCCGCTATTGCTGCCCAGTTGTACCGTGCGATCAGTGACAATTCTGATCTTTCCGAAAAGGACCGCCAAAACGCCCTTCTTAACGAAGTTGCGGCTGGTGAAAAATCCAATGACATTGAAATACAAAAAGCGGCTTACGTTAATTTCCTTAAGAAAGGAAAAGACGAAGGCAAGACTTTTGAAGTTCGCTACCAATTGGCGTACTTGAGCTACCAGCAAAAACAATTGAAAGAATCCGCGGTTGCGTTTAATGACCTGGCTGAAGACAAATCCGGCAAAGCAGAGCTTCGCAAAAAATCCGCGGACCTGGCGCTGGACAGCCTGGCGCAACTAAAAAACGACGAACAGATTCAGGATCTGGCAGCAAACTACGCGAGCCTTTTCCCTGGTCACAAAGCTGAATATGATTTAACAGCACGCAAAGCTTTGATGAATCAAGCGGCGGCATTGGCGAATAATCCAAACTCCAGCAAATCTGACATGCGCACTGTTTTGAAGCGCATCACATCTGCGAATCTGGCGACAGCTTCGGCAGAGGAAAAGGTTTTGTTCTACACTAACGAAAGCATCCTGGCGCAAAAACTGGGTGAAGATGCTATCTATGTGGCTGCATTACAAAAGCTGATCGCATCTGACATTCCCGCTCCTCGCAAAGAATCCTTGCTTGAGCAACTGACTGGCTACTATGAGACCAAATTGGATTTCGTCAGCGCTTATAAAACGGCTGTGCGCCTGAAAATGCCAAAAGTCTCAGAACGAGACAGAGAGTTCCGTCTGGGTACTTTGGCGGATTTGGCCAATACCAATCCTCAACGTCACTACCGTACAACCCTTAAATTGAGTCTTAAAGGTGACCGCGCCCTTGTGGT
CP178619.1_gap57	3201278	3204580	3302	AAAAAACAAAGCGAAAATCAAACAAGCTCGTGAGCTGTTCGCCAAAGGCCAATACTCACAAGCTATGAACCTTTACAATCAGATCCCTCGTGGTTCTGACTACTGGTTCCAGGTTGTTGAGGAAAAAGGCTGGGCTTACTTCAGAATGAATGATTCTGAAAAAGCTTTGGCACAATCCAAAACTTTGATCAGCCCCCAATTTGGCGAAGTTGTGAATGCGGAAGCCTACTTCCTGCAATCCCTGGCTAACCTGAAAATCTGTGATTACAAATCTGTTTTCAAAACGACTCAGGCCTTTAAGGAAAAACAAAGAGACCGCGTTGCCTCCGTTCAGGATCTTTCCAAGAACGGTTTCAACGACTCTTTCCTGAACGTCCTTAAGAAAGTTGATAAATTCCCTCTTCAAGCCAATGAAGTTGGCGAGTCCTTGCTGAAACTTCCGGTTCTTTACTATAAGGACATGGAACTGCAAAAACAGATGTTGCGCTTCAAAGTAAGCCAAAAAGGCATGGAGGTTCTTGCGAAAAACAACACGCAAAGAACTTTGCAAACAGAGCTTGATCAGGTGAACAAAGAAGCTTTCGCAAAAATGAAAGTAAGACTTCAACAACTGGCGGCGGATGAAACGGCTGAAAACAGACGCATCATCGGCAAGCTGAACCTGGTTGAAGTTGAGGCCATTCAACGCGTGCATACGGATCAGCAAATGGCTGAGTCCATGTTCACTGAAAATGAATTCAAAAAAACCAATGCGGACCTTCTTGTTTTCAAAGACGATGGACGCCCTTGGATTGATGAACTTGATAAATATGACGTTGTGACCAAGTCCTGCGCACAAAATGTTAGGAGAAAAATGTGAAACCACTTTTAGTTCTTTGCATTTATCTGTCGGCTTTCATGCTTCTTTCCGCGTGTGCACAGGAATCGGGAACGATCCTGGCGCAAAAAGAACTTGTGCAGGAGAAAGCTGAAATTCCGGTTTTTCCTGATGTACCTGCTCAGCAATTTTCCTGGATCACTGAAGACGGTGGTCAAAGTCAGCTTGATTTCAACCCTCGCGTTGACATCTTGTTTGTAACTGACAACTCTGACTCCATGAAAACAGCGCAAGCGAATTTGATCAAGAACTTGAACCGTTTCACGAACGGTATCACAAGCAACAAAATGATCGATTACCATATCGGCGTTATTTCGACTTGGGATAGTTCTGAGCGCTTTGCCAAAGCCAAGAAAGACACCTACCAAATGGGTGATCTGCGTTTCGCAAAAACTGTTGCGGGCACAGAAACTCAAGAGCGCTTCGTAACCAAAAAAGACTCTGCAGCTGTATTGGCAAATACTTTGAAAATCGGTATCGCACCATACTCTGAAGGTGGTCCTGAAGTTGAGGAATTCTTTTCTCCCTTGACTGCGGCTTTGCAAAAAAATGGTCGTGGTGCAGCGAATGAGGATTTCTTCCGTGATGACGCTCAATTGGTTGTGATCTTTATGACAGATGCAGATGATTCGTCCAACATCACTTCAGAGCAAATCGCACAAACTTTGATCGACTTCAAAGGTGGCAATAAAGACAAGGTTTCTGTTTACGGTGTGCTTGTGGACAAAAACGACGCTGACACAAACAAAGACTTCGGTTTGCGCGTTCGCCCTGACTACCACCCTGAGTGTTTTACTCCGGATAAAAAGAAAAGAATTTCTGGTTGCGGCCCATTTGGTCCAGCGAACATTGAAAAAGCCATCGTCCTTGCGAACCAAGGCAACGGCACTGAAAAGGAAATTCGCAAGAAATTTATCATGAGCATTATCTCCCCTAATTTCGGTGCGGAATTGGGCAGCATGGGTGACTCAATCACAGTGAAGACTTTGGCCAAACAAATCTACCTTTCTCAAATCCCTCGTGTGGATGAGTCTGGTAAATTAATGCTTCGTGTACGTTACGGCACTCCGGATTTGTTGACTCAAGGCAAAGGTCAGTTGATTGCGAATAAAATCAACGGCGGCTGGACATATGACAACAGCTCAAACTCTGTGAAGCTTTCTGGCGATATCAAATACGATTACAAAGAAGGTGCTCGCTTCGCGGTGGACCTGGTTCCAATTCCCCTGGCTAACTAATTGGTCTTTTTAACGGCAGAGGATTCTGAAAGCTTCAGAATCCTCTGCAGACTTCCATCTTCCTTCATCTTGAGCAAAGCAGAATTGAATTCCTTAACCAGCACACGCCCCTCTTCATTATCACGAAATGCAAAATAGCAATCCTGACTGGAAACAGGGTTATCCTTATTGTAGCTGATACCCTTGGCGCGACTCAATTCCAACGCTCTTAAGCCCGATTTTTCCTCCACGATAAAAGCATCTATGATGGATTCGCTCAGGCGACGCATATTCGTCACGTCGTCATCGGCGTAGATAAAGTCGATTTTTGTATCACTTTGAATTTGCGGCGGATAGTGGTAGCGAAATGTCAGTCCCACTTTCTTGCCGCGCAGATCTTTCAGATTTTGAAATGGTTTATTCTCCCGATAGAAAATATAATTTGTGCGCACATAAAAGGGCACAGTCTTAAGCGCATCTTTGGGAGTGGAATTGTCCATCCCTGGAAAATAACCTGCAGCAAGTCCGTTGAAAAACTCCAGCTTTGCCCGGTTGGACTTGACGATATCCACTTTGAATTTCACCGGGACTCTTTGTGCAATCTCCCTGGTCAAATTAACAAACAAACCTTCCTGCTCACCCTCCACCATAAAAGGAATTGGAAAGGTCACCAAGCGGGCTTCTTTGCCTTGAGCGACAGATAAAATACCAATTAAGAATGGAACCAGAAAAAGAGTTTTCATTGCTAATATTTATTAACCAGCAACTGCCACTCTCACGCAAACAAATTATGTTTATTGATTAAATATCAAGATCTCACACCTAAGGTCGAGCCACGTTTTGTAAAGAAACCTTCACGTTCGATGACCGCGAAACCGTTCGCTTTGAGTGCCCGCTTGAGTGTTCCTTTAACTGCATATGTTGATAGTGAACACTGCGACTCCGCCGATTCCAGAAGGAGTCTGTTCAGGAAATCCTCCTCCCAAAGATGGGGATGTGTTTTTGAACTGTAGGCATCGTAAAAAAAACCATGATAACGAGAAAGAAATGTCATCTCTGCAGTCATCGCACCGTGAATGTCAGATACCGACTGGAAGTGTTTCTTCAAGAAAGACTTTAACTCACTCTCAGGGATCTCTGTCCCCTTCAAAACATGCATCAAGGCTTGATCGTAAATAGACGCAACCTCAGGAAGCAGACTTTCAGTT
CP178619.1_gap58	3219696	3224342	4646	AATAAAGAATTTGAATTGTTCTTCCAGCCGATTGTCGCTCTAAAAAGCCGTAAAATCATCGGTTGCGAAGCACTCTTACGCTGGAAAAGCCCTACGCGCGGATTGATCTCCCCGAATGTTTTCATCGATGTTATTGAAAACTCGTCCATGGTAATTCCGATTGGTCACTGGATTATCAGTGCCGCCCTTAAAGAATTGAAACTGATCCAGGATCACTTAATTCAAAAAGGCAAAAAGAAGGAAGCCGACGAGTTCATGATGAGCATCAACATCTCGGGCCGCCAGTTCACGCATTCAGACTTCCTGGAAAACCTTGAAGATCTGCGCGAAAGACAGGGGTTGGATGCCAAGAATATCAAATTGGAAGTCACTGAGCGTGTCATGATGGATGGAGTCCTTGCACTTGAAACTTTACACAAGTGCCGTCAGCACGGTTATGCAATTTCAATTGATGACTTCGGGACGGGATTTTCAAGTTTGCAGTATCTAACTCAAATGCCAATCACATACCTGAAGATCGACCGCTCCTTTGTAATGAAGGTTCTCAGTGATCCAAAATCCAAAGCCGTCGTCAGCGGTATCATTTACCTTGCGCGCGAAATGGACTTTGAAATCATCGCCGAAGGGATCGAGCATCAGGACGAAGCCCTGGTTCTGGAAACTTTGGGTGCTCAGTATGGCCAGGGATATTTGTTCTCAAAGCCTGTGGACCATTTTGCATTCATGCAACTGATCTAGTCGTAAAATCGCCATTAGCATATCAATCTGAGACCATGTAAACCCATGGTCCAGTTATTCGAATCTTTCTCCAGACAGACTCAAGTCGGTTAGACCAACGCCGATAAGATCTATGTCTTAAGACATTTAACCAGCTTAAGATTTACAACTGGAGGTCACAAGATGGCTGACAAAAAATTCGAAAAGCAAATTCCAAATAACGTTATTTCACTTGAATCATCTAAATGCTGTGGCGAAGGCTGCAAAAAGAAAGCTGAAAAAGCCAGCTTCTGCGCAGAACACTTCACGTGGTTCAAAGAGGGTTTGCTGACGAAAGAAGGCGCAAGAGCGGCGGACTTCGATAAGAAGTTCTATCACTTCACGGCGCGCAAAGCCGGTTAATTTTGGTTCGCATTTCAAAATCCAATCCGTTAAAAGCCAGGACTCCCATCCTGGCTTTTTTTTATTTCTGCCACACACACGTGCCTGTCTCACTTTGATACAGCCTCATGGCCCCCGCCTTGCTCTTTATAAAAAGCATGAAGTGGAAATTCGGCGTAAATCATTTTACGAAGGTCTTTGGGTTATTCCTATGTTTAACATATGGACAACTCTCTGCCGTAAATGCGCAACCTCCGCTTTGCACCTCCGTCTTTGCGCAGGAATCCGCAGCTGACACAAAATCCGGTGCACAATTCCTGCTTTCACGAAAAACCCCCGATCACACCTCCCCTGGCGTCACCAGAGCCGCTGAAGTTCACAAACTGATTACGGGCAAAGCCTTAAGCAAGCCCGTTGAAAAAATTCAGAACTGGATCGCCCGTTATGAATCATGGCTTGGTCTAAACCAGGCTAACTCCCGTGCCCAGCGCCTGGTTACGGAAAAGCTGAATCAGGAATTCGTCATCAAAAAATCCGATATCCCCGAAGCTTATTATGAACTTCAGGCACGCATCTATCTGGAAACCGGCCGCGGCGTTCTTAAACTGACACCAGAAAACCGCGAGTACCTTGCGCAGGTGGTGATTGCCGATCAAAAGTCCTCTTTGAAATCCTGGATTGATCATATTTTGTTTTCCACCGAATCAATGAATTATCCAATGTGGGTTAAGATCTGGGCATTCCAAGGGATGACCAAGCTTGGTAAATTTGATTTTGAAACGGGTGTTTTTGCCAATCGCGGAAAAGGCCAAACAGCTCCTTTCCCAACACTTGATAAAGTGGCTTTGCAAAAAACTTTGGATGCCATGATGGCCAAGGTCAACAATCGCTCTCTGGACAAAATCGAAGATCCCGAAACCCTGAGCCTGCTTGATGGGGCTAATTTTGGAAAAATCTTTGGTCGCTCTGTTTTTGTTGAAATCAACCGCAAGCTTGAAACATTAAGCATCGACGGAAAATGGGTTAAATACAACCAGGGATCCAGCCCGAAACCTTTGGTTGATTCATTGGCTTGTAAAAATACCGGATGGTGCACTCAACAACCAGCAACTGCGGCAAAACAATTGCGGGACGGCGACTTCTACGTCTACTACAGCATGAATGAACACGGTCAGCCCACGGAGCCACGAATCGCAATCCGCATGGAAGGCGATCGCATCGGCGAAGTCCGTGGCATCGCCAAAGAGCAGAATCTGGACGATAAAATCGTTAAGACTGACATCCTGGATAACAAATTGAAGGAATTCGGCGCAGAAGGCGAACTTTATAAAAAAAGAAATGCCCATATGAAATTGCTGGGTTTGGTGGAACAAAAACACCTTAAGAACCTACCGCTGACAAATGAAGAAATTATGTTTCTTTATGAAACCGGTGAAATCATTCAGGGCTTTGGACATAAAAAAGACCCACGCATCGATGCTATTCGTGCAACTCGAAACATTAAGAAGGATCTATCCACGGCACTGAATGTGCGCGAAGACCAAATATCCACTTCTGATTCTGAACTTTACCGCGAAGGCATCCAGGTTCACTGGGGTGATGTCACACTGAACAAGGTTTCAAACGTCACCGGCGGCCTCAAACTGCCCAAAATGGTATTCGGCGATATCGACCTCTCTTTGTCCTGGGCCCATGATTTACGTCTTCCTGAAGTCATGCGCGGCAATTTATTCCTGGATAAGCTGAAATCGCCGAAAGGTTTAGTGCTGCCAGAAATCATGCGCGGAGATATTTCCTTACGTAAGATTAAATCACTTGAAAAGGTTCAACTGCCGCGTGAGTTCACAGGCCGACTGATCACACCAGAAATGGACGGAATATGAAACATCTCTTCTTTCTAGCCATTTTCATTGTCCATTTTGGGACTGCGCAATTTGCCGAAGCGGCGGGTCCGCCGATGTGTGCTCATATTTTCTCGGGAACTCCCTGGGGAAATTTGCGCCCCGACTTCAAACACAATACACAATACTCAAAAGAGATCTCACAGGAAGTGGATATCAAGAATCAATGCAACCTCGGCACCTGCCACCTGCATTCGTGGCTGGCTTCCCTTGAAAAGAACTACACCCGCCGTACTGGCGATGTATTACCCCTTTCCAATCATTATCTGGGGGCGAAACAGCTCTTAAGCCGCTCGCTTATGCAAATGCGCGTACAAGACAATAAAGCAGGAATTGAATTGGGCGCAGGCTCCCTTAATTCAAAGGACAGCATTCTGGAATTTGGCCTGATCCCTGAAGGGGTTTGGACACCAAAAACTGAATACTACAAGAATCCCACAGCTCAAAAAATGAAAGAGTATCTGGAAAACATTATCGCACGCACCAAAGCTGCGACAGAAAAAGCCGAAACTCCAGAACAGAAAAGTAGAATCCTTGCACACGGCGAAGCCCAGCTAAAATCACTGTTTAACGACTTCGTTGGAGAACTGCCAACAGAATTTTCATTTCAAGGAAAGCAGTGGACCCCCCACTCCTTTGCCAAAGAATATTTCTCTTTTTTAAGAGCACCACAAACACAAATGGTGATCATGGCAAATCGCAAGAGCATGACACATGCAGAGCAAGTAAAAGGCGACACCAAGATCAACACAGATCTGGCGTCAGTGGAATCGGCAGCGACCCAACTGATTGATCGTGGTCAGATGGTTTATCTGGCTTACGAACACCATGCAGAGTATGTCGACAAGTCCACAGGCATAATGTCAATCCGCGCTTTTTATACGCCCTCCTATGCAAAACCCTTGAATCGCGAATTGCGCGAGCAATTCAAAAAAAATGATGGCGGCCATGCCGTGCAAATAGTCGGATATGAGCGCGACCCACGAACAGGTAAAATATTAAAATGGAAAATCAAAAACAGCTGGGGCACGTCCTCGGGCGACGATGGTTATTACCACATGTATGATGATTATTTCCGCACCTTTGCAAAAGGAATCACGTATTCAGAGGCGGATCCAGGGGTGGCCCTAAAAATGCCCGTAAAAGGCCACTAGGATAGCAGTCCCAAAAATGAAGTATTTTAATCCAACAGAAGCAGCTTCGCGCAATGACATGACTTCCTATCGGCGAAGTCTTTTGCTAGCATAAGTCTTACTTTGAGACAGGGGTCGAGAACATGAAAAAAGCAGTCGTTATTACAGGGGCTTCCAGCGGAATCGGCGCAGCCACTGCCATTCACTTCGGTAAGAACGGCTATTTCGTTTACCTCATGGGTCGCAATAAGGACCGCCTGGCCGAAGTCGCCGTGCAATGTCGTGCAGGGGCCTCTTTAATGAGCTGTGACCTGACAGACGTCCCTGCCCTTAATAAACGCATTGGCGAAATCCTTTCCACCAATATTCACCGCGTGGAAGTTTTAGTAAACAATGCCGGCATCTTTGATGTGCACACGACAGAGCAAGGCTCTGATGAATTATGGCAAAAGGAATTTGATGTTAATCTGATGAGTGCCGTGCGCCTGACCCGCGCCTTTTATCCGTACTTCAA
CP178619.1_gap59	3229130	3231436	2306	CCGCAAAGCTCTGACAATATCTTCTCCACTTGCATATGTACGTACGCGATTGGCTTTCCTTAGGGCACTTATTTCTTCAGCTTTATAGTAAATATTTCTGCCAATAAGAGTGCCAAAGACCAGACTTGTATCTGCAATATAGGCCTCAATATTTTTCGCCTTCACATCTTTGTCTGCTTTCTTTATCAGCATTAGTCTTGGCGCACGCCAGAGACCGATAAATTCTGAATTCTTAAAAGCCACATCGTCAGTCAGGGGTCCTAGAAAATCCAATCTGTTATTGGCGAATGAGTTCATCAGAACAGAAACACCACCCACTTGTTCACTGAAACGACATTCAAGCCTGCGCATGGCCTCGATTGAAAACTCATAGCCCAGACCATTCTTCTTTCCGGACTTAACAAAGTAAATTGGTGGAACACTGATCAACCCCAAAACATAGTGTCGCTCACAAGCTTGAGACACCAGAGTTGCACGAGCCGGTGCTGCGCGAGTCGGCGTTGAGAAAACCGATATCAGAAGAATGCAGCAAACAAGGATGAAAACACTTTTCATTTCTAAAGTGTACCGCCCACGAAGAAAAAGTCATTGTTTCAATCAACAAAGACCATCGAAATGCTTTCTGATTTGATACTAACGTTGTGTAGATACAGCCAAGGGATTGATAAAATCCAGACGAAGATTCTCGTAGTACTGAATTTCTTCGTCAGTGAAACCCGCTTTACCGCGCAGAATGCGGTTGATCGGCTCCACACGCTTAGGCAGACGATGGCGTAGATCATCCATGCGCTTTGGAAAATCCACAGATGAATCGATCTTATTTTGACGGCAAATCTCGCGATACCAACGCGAACCGAAATCCACGTGACCAATCTCTTCAAAATTGATTTGCTTCACGATTTTTTGAATGCTCTCTTTGCCCGATGTTCCTTCCAGACGACGAATCAAAGTGTCACCCGCATCCAGACCACTGCCTTCAAGGTAACGATGTACGATCAGGATACGATCCAAAAGCGTGTCCTCGGGCGCCACCGCATACCAAAGGGCTGCATGAACAGGCCAATCACCCCATTTGAAACCAAGGGCTTCAATACCCTCAAGACACATTCGTAAATGCTGGGCTTCGGAAACCGTCACCGCGACCAGTTCTTCTTTGAAACCTTCAGGGGCATCAGGGAACTCAGAAAGTGTGCGCACCCCCAACTCCATGGCCTGAAGTTCGATGCTGGCCAGATCATGAAGCATGCGGGCCTGGCCTTCGATAGTCGAAAAACCCTTTTTGGGAGGGTGGTATTTTGGATGCAGCAAGTCAATATCGCGATTCGGATCCTTGGGAGCCAAATAAGGGGTCTTGAGCCTAAAGGCTTCCTCACAAGACTGCTCAATCTGATTAATTTTGGTCCAAACATCGGCAATATCAAAGGTCAACATAGGAAGCGTTTTACATGCAGCTCCCTTGCTTGCCAAATACTTCGTGATTTGGTGAAATTCCTCTCATGGGAAAATCATGGAAAACCGCAGGTAAAGTAGAGAAAGCCCAACAAAAGGGTCAAATATTCACAAAACTAGCGCGCGAGATTCAAGTCGCGGCTAAAGTTGGAGGCCCTGATCCGGCTGCCAATGCACGTCTTCGCCTGGCAATCGATGCTGCTAAAAAAGTATCCTGCCCGAATGATACAATTGATCGCGCGATCAAAAAAGGCGCAGGCCTTTTGGACGACGGCAAAATTATCGAAGAGTTGATGTACGAGGGTTACGGTCCTCATGGCGTTGGCGTGATCGTCGAGTGCCAGACAGACAACAAGCACAGAACAGCGCCAGACATGCGCCACGCTTTCAAATCTCATGAAGGCAATATGGGCGAGACTGGTTCCGTTGCGTGGATGTTCGAGCACGTGGGTCTTTTGGAAGGCACTAAAGCTGGAACATTTGATCCAGACGAAGAAGCGATCGAGGCTGGCGCTAACGAAGTAGGCCCTGGCGAAGAAGAAGGTTCTTACGAGTTCTACACAGGCTCTACAGATCTTGATTCAGTTCGCGATGCTTTGATCAAGCGCGGCTGGAAAGTCACTAAATCCGAATTGTCTTATAAAGCTAAAAACATCACGGAACTTAACGACGCTCAAAGAAAAGACGTCGAAGAATTCCTGAACTACCTTGACGACATGGACGACACTCACCGAGTGCACGCCACTGTTTAATAGGTCGCGCCGAAAAGGTACGGACTTACTTTGTCCATTTCAAAAAAGGCAATCCACATCGGGTTGCCTTTTTAATTTCAGAGGTAATATGAAAACATTGGTTGT
CP178619.1_gap60	3247674	3248196	522	TCTCGGCTTTGTATCCTTTTTGAATTGTGATCCCCAAACTTTCCAACTGCGTAGACATTGGAGGATACGGATTCGAATCACTGCCCGTAATTTTGAATCCACGGTCTTTCAAAAGACCGGCCATAGAGGCCATCGCAGTACCGCAAATGCCCATCAAGTGAATGTGACTACCAGGTTTCAAATCCATCTTCTCTCCTGCCTTAGACTCCGCTACGGCGATAATTTTCTACAATCCAATTGTGAATCTCCGAACGCAATTTTGCAAAGGCCTTGTTATCAGAGCCATACAAAACCCGATTGGACAGGACGTTCACACTCATATCCAACTTGGGATCATACCAGATCGATGTTCCGGTAAACCCAGTGTGCCCAATCGAATCCAAAGAGAAATAGCTGCCGCAACTTGCGGATCCCGGAGTCGGCATCATATAACCCATTGCCCAGTCACCCTTACCCTCAGGCAAAGCGCGCTTCGCAAATAACTGGGCTGTTTTCTGGCGAATGCTATAGCGAGCAATCCCC
CP178619.1_gap61	3278680	3281777	3097	TCCACAAACTCCCAATAGATCTGCGCAAATGGTGCTCCGAATGTTCCGCGGAAAGTTTTCGATGGCGTATACATATAAGCAAACCCCGGAATCGGGATGTTATTCAGAATGGGACGATTGTTCGAGTAGTTCACCAGATAAATCCACGTGGCAGTTTCATCCACAGGATTCACATAAAAGTAGTTTGCACCGATGGTGTTCACACTGGGATCTTTGAATGGTTTGTCGCTGGCGGAACCAAAATTGACGTTCGCCGCCCAATATTTCTTTTCATTGATCATGCGACTGTAAGTCACCCCAACATCCACCTGATAAAGATCCGGCATGATGTTGTTTTGATCGGGATAAAGATCTATCCAATTCCCCAGCGTGGTCACCGCCCAGGCCTCTTGATCAGTTTTATAGACCGGAACGGTCGCGACAACCGTACCGCGATTCATACTGGCATTTTCACTGCCATCCGCCAAACTGGTTTCAGGCTGAATCGAGCCGGAATAGGAAAGCACACCTTTTTGTCGACTGGGCGGAGCCATAGCGGAAAAGAGCTGCGCCTGTGAAATAACAGGAAAACCCACAATCAGAGACAAGACTAACTTAGAAATTCTGTTCATTAAAAATCCTGCAAACCTAAAATGTCTTTACAAATATCCATCTGACGATCCATCTCTGCGACGGCTTTTTGCAAACGAAGCATTTCGCGCTCATCCACTTCCGCTTCCATTGCAGCCACAACAATCGGATGCTTCTTAAGCCATGCCCCTTGTTTGGATGCGTAATTTTCAGGTACCCCAGAGCGAAACGCTGCCAGACGTGCGTTTCCGTCTCGGAAATACTCCACGATGAACTTTAAAGTTTCATACGTAAGAAGTTTCCGATGAGCCTTGAGTCTTGAGGAAAATCCAACTTGTCTGATTCGCATTACAACCATGATACCTGTATGGCCTACCAACGCAAGCAACTGCATAAGCCTTCCTATTATTTTTTCTTTTCATATTGATTAACAAACCAAAGCTTCTTTACACGGATTCAGTTTACCCCTACCCTTTACTTGTTTACCGAAAGGATTCAAATGAACAGCGAAAAGGAAATGAACTATAAAGCATGGATTGCCGTACTCATTCTTGGCGTCCTTCTATGGATCACTCCCGCTCCCGAGGGATTAAAGGAAAATGCCTGGCATTTATTTGCGATATTCATTTCCGCGATTTTCGGAATCGTCATCAAGGCTGCCACGATGGGAAGTATTTCGATGATTTCCATCGCCTTGGTCGCAGCACTGCAGCTGCGAGCACCCGGGGACATGTCACAATCAGTTAAGCTCGCCTTAAGTGGTTTTGGCAATGGCACTATCTGGATGATCACCATCGCGTTTTTTATTTCACGCGGATTCATCAAAACAGGACTGGGCAGACGAATCGCTTACTGGTTTATCGTCAAACTGGGGGGCTCTCCGTTGGGAATCGCCTATGGCCTGGCATTTTCAGACTTGGTTCTGGCACCGGCCACGCCAAGTAATACGGCCCGTGCCGGCGGTATTCTGATGCCCATCATGAAATCCATTGCGATGGGATTTGGTTCAGATCCGGCCGATCCAAAAACTCACCGTAAAATGGGTGCTTATCTGACTTTGAATTCTTATTATGCCAATTTGCTTGGGGCCGCGATGTTCATCACAGGGACCGCCTCAAACTCCATGTGCCAGAAGTTCGCAAAGGATCTGGGAGTGGAAATTTCGTGGGGCGGATGGGCCATGGCGGCAATCGTTCCGGGTCTTGTATGTTTAGCTCTGACACCGTGGTTGTTGTTTAAAATTTATCCGCCAGAATTAAAAGACACCAAAGCCGTTCAACAGGACACTAAAAAGAAACTTTTAGATCTGGGGGCCGTGACTCGCAATGAGTGGCTGATGGTGGTAGCCTTCGTGATGCTTTTAGTGATGTGGATCTTTGGTCCACAACTGAAAATCGACGCCACAGTGGGCGCGATGATTGGTTTGGGATTCCTGCTTCTAAGTGGAGTGCTCACCTGGGAAGACGTCAAAGGTGAAAAAGGTGCGTGGGATACCATGGTTTGGTTCTCGGCTCTGGTCATGATGGCGGAGGGGTTAAATCAACTGGGCTTTGTCAGCTGGTTTAGCGCCATTGTAAAATCTGAACTCGGTCACTTGCCATGGTACTGGGCATTCCCGGCGGTTATTCTGGTTTATTTCTATACCCGCTACCTGTTTGCCAGCGCAACGGCCCACGTGGCCGCGATGTACTCCGCCATGCTTGCAGTGGGAATTGCCGTGGGAATCGAAGGAAAGCTTCTGGCGCTGATGCTGGGCTTTACCGGCTCCTTATCCGGCGTACTCACTCACTATGCACACGGACCTGCGCCGATTTTATACGGTGTCGGCTATGTGGAGCTGAAAGACTGGTGGAGAATCGGCTTTATCTTCTCTGTGGTCTATCTTTTGATATTCATGGGCCTGGGCGCCGCTTGGTGGAAGATCTTAGGCATCTACTAGCCAAAAAAGAAAAACCCGGTACATTGCTGTACCGGGTTTTTTAGTTTTTAAATCAAAATTTTCAGAATCGACTAGCGACCTGTACCGTGGGGAGGTTGGTTACCAGAACCACCGGAAGATCCGCCACCAGCGTGTGCACTTTGGCTTGCGCCAACAACTAAAACAGAAGCGATAAGTAGTGCGATAAACAGTTTCATTATTCAGTCTCCAAAAGTGTATCAATCGCCGTAAATGCAAATACCGGGATATTCCCTTTTGCCTGCGGCTTTTCCAGAAGCGCCACGCGTTCTTTGAATGCGCGCTCTTCAATCAAAATCCATTCACGATATGTCTCTTCACTTACGTTTTCGAAGTAAACGGACATAAAGTTTGCGAAGTTAACGTCGGAATTATCCGGCTTTAAGAATCGCTCTGTAAGTCTCAACCCGACTGATTTAATAGTCGTGGATGAAAATGGTGCTCTCACCTCACCTTGGCCATAAAGTCCATTCCCGAGGGGTCGGAGAACTTTTAGGTCAATCATGCGTTCGAGCACGCTAAGACCATAAGAACCGAATCTCTGTTGAACGAAACTGGCGTCGAAAGGGC
CP178619.1_gap62	3284741	3289060	4319	ATGAAAGCTATTTTGATGAGCCGCGCGAAAAAATGGATGATTTTAGCCCTTATAGGCTGTTCTGCATATTTTGTAGGCTATATCCTGGGCCAAGACGCACAAAAGGCGCCGGTAACGACGCCTCCTGAAATTCAAAGTCCCCGATAAGGAACTGTATTCGGATTTTTAGCGCTATTTGCAGGCAACCTGCTTGTTCTCCAGCGCACCCGTAATGTCGTTCATAGTGATCGTGATTTTGCACGCACGGAACATCTCCGCACGATCCACCACCACCTGGTAACTGCCAGAAGCCTGGCCGTCATATCTTAACTGAGAAACGTAAGAGACCGAATATTTCGGAAGATATCCCAAACGTGAAGCCGCTTGGATATCTGCCTCCGCACCAACTACGCGGGCGTGCACGATGGCCACGTTTTTCGCCTGCTCTTTGCTCATGGCTTGCGTCTGAGTCAGCATGCCTGCCTGGGAAACGGAAACTGTCAAAGCCATCATCATCATGCCAAAAGCTGTCACCATTTTTTTCATAAGATCTCCCTTATACGAAAGTAAGCCAGTAAGAATAACTCACTGGCTTACTTTGCAATTTGGGTGCTGGAATTTTACAGAGCTGAGATCGTTCTCAGTTGCTCGGATTTCTGCTGAATGTTCTCTTTAAGAGCGATCTTCTGTTTTGGAGTCAGGTTCGTCATAACCCGTGTAATCAGCGTCTGCAGACCATCCTGATACTGCTGATAAGCTGCGCGGTACTCGGGCAGATCAAATTTATCCGTCTGAGTTGTGTACTCTTGAACAAAGGCCCTCATCTCCTCTTTGGAGTTTTGATGAGCTATGAATTCTTTAAATACGAAGGCCTTGTTTTTCGCGCGAAGCTCTGCCGGATAAGGTGCCGCTTTTACATTATCAGCGATCAACTGTTTTTGTTGATCCGTCAGCGAACCCACAAACATCTCAAAAACGTCTTCGTACTTACCACGATACTTCTTTTCCAGCTTTGCCGAGTCCTGGGCTTTTTCCAGGTCTTCTTGATTCTTTTTATAGAAAGACTTTTTAAAGTACTCGATTTGTTTAGTATCAGTGGAGCTGATAAAATCCACCGCCGTCGTCGCAAAATGTGAATTGATCTGGTCAACATCCTTAAAGAATGCACCGAAGTACCCTGCGACTTTTTTATCGTTCAGCGAGCCGTCATCAACATCCTTCTGGATCTTATTCAGACGATCCATCCAGATGGGCAGCAGGGTTTCTTTCATGCTGATCAGGTCTTTTTTGATGTCTTTTTTAAGAGCCTTGCTTTGCTCTGAGGAGATATCGAAATAGTCATCCACCTTGGACGCGATATAAGTATCCGCCCAGCGATAGGCGATATCCAAACGACTGCAACCCGAACAAACCAATATCCCTGCGAGAAATATAAATACTATTCTTTTCATGCAACCTCTTTATGACAGACTACCAAACCCTTGCTGGCAGCGGCGTTCAGAGATTCAATTCCCGACCTTCGCTATAGGAAAAGTGTTGCATCTTCACATTACGTCACATCATTCCGTCACAGATGACTGCGGTAGTCCGCGTCCGGGCGCTCCAGATCCTGATCTTCTGTGGAAGTCATGGAACCCGGGATTTTATCCGCCAGCACATCCAGTCGCTCCACAATCGGAGGTCTTGCCAGAAGATCCGGTGCCCGCGCAATCAATGCTGCTGCCACTTTACCCTCCAGATGCGCACGACGAGCGTATTCGTCTGCAAAGGCATCAAAGATTGCAAAGGTTGAAGGTCCGATTCTGCAGGCGAACCACACGGTGGTTCCCATCTCTTCTTGCACAAAAGGCAATGCATCCCTTAGAAAGTTTTCGAGTTCAAATTCCCGTCCCGGTTTTGCTTCCAGATGAATGTACAATCCAAGCGTTGTCATCAGAACCTCCCTGGCCTGATTTCACGATACTTTTTCTGGTTGTTGTCTCCAAGTGGGACGATAGTGTTTCTAATCACGGAAAGTTTGATTTTTTCCCATTTTACACTTCTAAAGTCCTGAAATACTCCGATAGGTAGTCATCGGTTCCTAAAAGGAACCCACACCAAGGAGTTCAGTATGTTGAAATTCACATCAAAGATGACACTAGTACTAGCAATGTTGGGTATGGGCGCATGTGCTTATGTTCCGGTCCAGGAAGAGCCACGTACACCATCAAGTGTGGCTGAGGAAAACGCAAAGCCGTTGCCTTGGCATTACCCGTTCGTACAAAAATCGAATGGTGCAAAACCAGGTATGTTTTAACAGCCTCTAATTTTTTTGATTCCAAAAGACCGGGAGTGCACCCGGTCTTTTTTTTTTACAGTGAACGACGTTTCTGCGCCACCGTCTCAAAGTGAGACACTCATCCGACGTTATCTCAATTCTATTGATTCCGAAGCCCGCTCCATCTGGTACTTTATTTGAATCATACGCAAGTGATGAAAAACGTCCGACTTTTTCTAATTATTTTTTGGGGTATTCTATCCTCTGCCGCCAGTCATGCTGCAGACATTCAGCTTTATCAATGGATTCCCCGTTCCCAAGCCATAGCCCCTTTGATTTTGCCGGTAAAATCCGGAGAAACTCCTGAGGCGGCGGCTGAAAGATATCTTCAGAATCTTGAACACAAACCAGATCTGATGGAGCTGTTCAAAGGACAGCGCCCCACCACGGCTGCGGGAAAATTTGAGCTCCTGAAAGGCGATCGTGAAACTCGTGCATTGCTGATCGCAAATCTTCCAAAAGATTACGGTCCCGATTCAGCGCGGGTTCATAACTTTAAAAAACTTCTTACCAGAGCCGGTCACCAGTCCTACATACTGCCAATCAGCGCAGATCTGGGGCTGACATTAAGTGAAACCAGAATTCTATTTGAGAAAATCTCTGCCCAGTTTCCGCTACTCATTGCAATGGGTGGAGATGACGTGGATCCGTCCTTCTATAAAAAAGAAAACTATCACGCTCGCAACACCATCCCCACTCGCGATCAATTCGAGATTTCGCTGATCAAGAATTATGTTGCAAGCGAACGCGGCTTCTTACTGGGAGTCTGCAGAGGATCGCAAATCTCCTCCGTAGCCCTGGGTTACAAAATGATACAGGACGTGCCAATTCAAGTGGGACCAGAGCTGCCTCATGGCGATGACTGGCATGACATCGAAGTTAAAAAAACTTCACACGGAATCTTAGCGTCACTTTTGCCGGCGGATTCAAATAAACTTTTTGTTAACTCCCTTCACCATCAGGCCGTTCAATTCAAGCCCGGCGGAATGCTGGAATTGGCTGCCACAGCTGCGGACGGCGTAACTGAGGCCACGGAATTCAAAAACGGTCGTGGCCTGCTGTTGCAGTTTCATCCGGAACTGATGGAGAACGAACTGGGCTCCCGCATTCTTAAGCGCGTTGTCGAACAAAAGGTGCGCATGATGCCGATGAGCTGTTCGAAGGTCTTTTAGCTCTAAGTCTAATTTTTACCCCAAAATTTTATCCCCTCCTCTGAAAAGCCGATCTTCTACCTACATCTTTCAAAAGGTAGGACGTTATGAAAATCGGCTTTTGGATGACAGGTCTGGTATTCTCCGCTTCTATGACGGCTTTGCTGCCGCCAGCACAAGCTCATGATCACAGCACTGAAAATCAGATCGTAGAAATTATGTGGGCAGGCAGTGAGCATCTGTCCCTGGGTGAAAGCGGCGCATTGAATGCATGTCGTGATTTGGGTATCAGCAAAGCGGATTGTCCGATTTCAAATATCCCGCGTGGCGATGGAAAAATTAATTTTGCTTACGGCGAAATACTTATGGCCGCTGACTTTTACAATGGTCCCAGTGAGCTTTATGCTGACAAACGCAAAGGCATCAAACACGTCATCAAGTGCACGCATGCAGAAATTCACGGCAACAAACCAAAAACCTGCAACAGTATTGCGACATTCTTTTCGATGCCAAGATATCTGGGTGTTGTAACGAAAAACTACAATCACTTTGGTTGGTACAACATGAAAGACTATGTACGCTACCACCAGGAGGCGATAGACAAGGCCTTGAAGTCTTTTGAACTTCGCGACTCCGCCCCACAAAAAAGTCTGCAACTGTATCAACAGGCCATGATTCTGAATGCTTTCGCTGATCACTATCTGACGGATGCTTTCTCTTCAGGACATGTGCGCGTACCACGTGTGCAAACGGCGATGTGGGGAAAAGAGAACTTCAAGGGCTTGCTAAAGAAAAATCGCGGCGATCTGGTCACGATGCTTTTGCATGATAATGAAAGCATGGATTTGCGCACGGGTCGCGAAATCGGTCTT
CP178619.1_gap63	3460852	3462210	1358	AAAAACTAGAAAAGACTTTTGGTGTTGATGAAAACGCCTCTTCACAACCTTCCGAACCCGTGAACAAAAACCTGGGGCACTTCGATATTCTGGTTATTGGTGGCGGCCCTGCGGGAGCATCGGCTGCGATCTATTCAGTTCGCAAAGGTCTAAGTACCGCGATGATCACTGAAAAAATCGGCGGTCAGGTTCAAGAGACCAAAGGCATCGAAAATTTGATCGGTGTGACTTACACTGAAGGTCCTCAATTGGCGGCGCAGTTAAATCAACACGTTTCAAGCTACCCTGTTCGCGTTCTTGAAAACCGCCGTGTGAAATCCATCAAAACCGAGGGCAAGATCAAAACGATCGAACTTGAAAGTGGTGAACATCTTATCGCAGACTCCATCATCGTGACCACAGGTGCGAAATGGCGCGAATTGGGTGTTGAAGGCGAAAAAGAATACATGGGCCGCGGCGTAGCTTACTGCCCACACTGTGATGGTCCTTTTTATAAAGGTAAAAAAGTTGCGGTCATCGGCGGAGGAAACTCCGGCGTGGAAGCTGCGATTGACCTAGCTGGCATCGTGCGCGAAGTGATCGTGATTGAATACAATAACGAACTAAAAGCGGATCGCATCCTAGTTGATAAACTAAAATCATTGCCGAATGTGTCTGTGATTACTGGCGCAAAAACGGAAAAAGTTTTAGGCGATGGCCAAAAGGTGCACCAACTTGAGTACACGGATCGCACTTCCAATAAACTGGAGAAACTGGATCTGGATGGTGTGTTTGTACAAATCGGCCTTGTTCCCAACAGCCAATTCCTTAAAGGCACCGTGGAACTAACTAAATTTGGCGAAATCATCACCGATGAAAAATGCCGCACCAACGTGAAAGGCATTTACGCTGCTGGTGACGTGACCACAACACCGTACAAACAGATCGTCATTGCCATGGGTGAAGGTGCCAAAGCTGCCTTGGCGGCATTTGAAGATCGCATGTACGATCACGTATAGTTAACGTACAACATCTACAAAGTGCGGCAGTACTGCCGCACTTTGGGTTTACAATTTCCACAACCTGGGTTTTTCCGGCACTGGCGAACACTTTGCCTATGCTACTTCCGTAGTCCAGGATGGCTCCGGCTACGGCGTCGCTGAAATCAACATCAAATCCCTCCAAAACTACGACAGCACTCCTGTTTTGACTGTAAAACAAATGGCTTACGAAGGTGATGCTCGCGCCGCCCTTAAAATCTCAATGCAATCTGTAAATTTCTCTGCCTACAACATCGCTCCGGGAACCAACAAAGGCTCTACTCTTAGCGCCACTTCTTCATCTGAAATCACAGTGAACACAAATGGCGCTGCTTACAA
CP178619.1_gap64	3464649	3468638	3989	TTATGGCCTGGCGGCTTCCCAACTACTGCGTGTTCGTGAAAAAAACATTCCTTTGACTGTGTGCGTGGATAAAGTGGCTGCCAGTGGTGGTTACCTGATGTCGGTGACAGCTAACAAAATTTTGTGCGCTCCTTTTGCAATTGTCGGCTCCATCGGGGTCGTTGCGCAAATTCCAAATCTTCACCGCGTTCTGAAAAAACACGACGTGGACTTTAAGGAATACACGGCGGGCGAGTACAAACGCACTGTCAGCCTTTTGGGCGAAATCACCCCAAAGGGAGAAGAGAAATTCAAACAGCAGCTTGAGGACACTCACGTTCTGTTTAAAGGCTTCGTATCCAAATTCCGTCCTAATTTGAATCTGGAAGAAGTTGCCACTGGTGAATACTGGTATGGTGAGCAAGCTATCACAAAAGGTCTGGTGGATGAAATTCGTACCAGCGACGATTACTTGATGACTCTGGCTGATAAACACCAGGTGATCAAAGTGAAGTTTGAACAAAAGCAATCGATCAGCGACAAGCTGACTGGTGTTTTAGGCAAGGCGATGAAAAAAGGCGCTCTGTCGATCGTAGAAGAATTGGAAACTCGCCGCTTCCTTTAAGGCTTGCGGCCCTTCGGTTTTAGAAATCAACAAGGAGATATGAATGTTGAATAAACTTGCAAAAGGATTGTTGCTGGGAGCTGCGCTGGGCATGAGTACCCAAGCTGTGGCGGCACCTTCAAATGCCGAACTTAAAATCGGTATTTCTCAGGAATTTGAAACTATGAACCCAATCATCATGTCTATGTCCGCGTCTGCGTACATGTACCGCATGGTGGGTCGTTCCTTGGTGAACCTGACTCCGGATGGAAAATGGGTTCCGCAATTGGCGAAAGAAATCCCTTCCCTTGAAAAAGGCACAGCTAAAATCATCGATGATGGCGGCAAAAAGAAAATCGTTGCTAACTGGGAAATCATCGACGGCGCTAAATGGGGTGACGGCAAACCAGTTATCTGTGCTGACTTTATCGCTTCTCAAAAAATCGCAACATCCCCGAACGTAGCGGTTGGTGAAAAAGAACAGTGGACGCAAGTTGAGAAAATCGACGTTGATCCGGCAAATCCTAAAAAATGTACTTTCAAATACGACAAAGCGATCTGGAGCTTCTACCAATTGGCTCAGTTCTTCCCAGTGCCTGCGCACTTGGAATTGCCCGTATATGAAAAGCACAGCAAAGCCAAAGAAGGTTACGAAAAGAACTCCAACTACGTTCGCAACCCGACCAACCCGGGTCTTTACAGCGGTCCTTACGTGATCACTGAAGTAAAATTGGGTTCCCACGTGGCATTTGCACCAAATCCACATTTCTATGGCAAAAAACCTGTGATCCAAAAAGTGATCGTAAAATTGATCGCTTCAACTGGAACAATGGAAGCAAATCTTCGTTCCGGCACTATCGACATGGTTTCCGTTCTAGGTATGGACTTCGACCAAGCGCTGGCTTTCGAGAAAAAAGTAAAAGCGGAAGGTTTGCCATTTGCAGTGACTTTCGTTCCTTCAGTAACTTACGAACACATCGACTTGAATCTGGACAATCCAATTCTTAAAGATGTTCGCGTTCGTAAAGCACTTCTAAACTCCATCAACCGCGATGACTTGGTTAAAGCTCTTTTCGAAGGCCGCCAAGAAGTAGCAGTTCACAATATCTCTCCTAAAGATCCTTGGTTCACTAAAGATCCAAAAGTTGTGACTTTGTATCCGTACTCCAAACGTACTGCTGGCAAACTTTTGGATGAAGCTGGCTGGAAAATGGGTGCTGATGGCTTCCGTTCCAAAGATGGCAAACGCCTTTCTTTGACGTTCCAGACAACTGCGGGCAACAAAACTCGTGAGTTGGTTCAAGTTTATCTGCAAAACCAATGGAAACAAAACGGCATCGAAGTTCTGGTTAAAAATCAACCGGCACGCGTATTCTTCGGCGACACGATGTCTAAACGTAAGTTTGAAGGCCTGGCATTGTTTGCGTGGGTTTCTTCTCCGGAAAACTCCCCGCGCTCCACTCTATCTTCAAAAGCGATCCCGTCTGACAAAAACGGATGGTCTGGTCAGAACTACATGGGTTGGGTAAACCCACAAGTTGACAAAGATCTGGATGCTTTGGATTTGGAGTTTGATGCGAAAAAACGCACGGCTTTGGTTCATGATATTTTGAAACAGTACACGACGGACGTACCAGTTCTACCGTTGTACTACCGCTCTGACATCTCTATCGTTCCTAAGAATCTTAAGAACTATAAAATGTCCGGTCACCAATTCTACGAAACTAACTATATCGAAGATTGGTCTTTGTAATTCGTATTTAAGAGAGGCTACCCATGACTACTTTTATCACTCGTCGCATTCTGCAAACACTCGCTGTGATAGCTGTTCTATCCTACGTGGTTTTTGTTCTTATGAGTTTAATGCCCGGCGATCCGGTGGACATGATGGTGGCCTCCAATCCAAAAATCACAGCTGAGGACGTGGCCCGTCTGAAGTCTTTGTATGGTCTGGATCAGCCAATCTATAAACGCTATGGCAACTGGATGGCATCCGTTGTGACTGGTGACTTGGGTTACAGCCGTACCTACCGCGTGCCGGTTCAGGAACTGATGGGACCACGTTTGTGGAATACATTCATCCTATCGGCCGCTTCTTTGACTTTGTCTATTTTGATCGCAGTTCCATTGGGTGTGGTTTCAGCTCTGAAACCAAACTCCAAGACAGATTACTTTATGAATCTGTTTTCTTTCGCGGGGATTTCGATCCCCTCGTTCTGGCTGGCGATCGTTTTGATTATTATCTTCGCTGTTAAATTCCCGATCTTCCCTGCCGGTGGCACTCAAACCATCGGTGTCGAAAATATGGGTTTCTGGGCCGAGGTGATGGACCGTGCGAAGTACCTGGTACTTCCGGTGCTTTCTTTGTCCATTCAACAAATTGGACGTTTCTCGCGCTTTACTCGCTCGGCGATGACCGAAGCTATGCGCAACGATTTCATTCGTACTGCGCGCGCCAAGGGCTTAAGCAACAAAACAGTTATCTGGAAGCATGCTTTCCGTAATGCTTTGATTCCATTGATCACTATCTTGGCCTTGAGTATTTCAACTTTATTCTCGGGCGCATTGTTGACTGAAACAGTGTTTGCTTACCAAGGCGTTGGTAAATTGGTTTACGACTCCATCATCGGCAATGACTATAACGTTGCGATGATTTCGTTTGTGATTTCTGTGAGCATGGTTTTATTGATGAACTTGGTGGCTGACATTATGTACGGCTTCGCTGACCCGCGAATTGCATACAAGTAGGTCTGAAGATGTCAGGAAGTGAACTAACTATGAATAAAGTGAATGTAGCCTCAACATTAACAGACAAGGACCGCGCCGAAATCGACAAAGCAATGCCGATGTGGAAAATGGTTTGGCGTTCTTTTAAAGGCCACCGCCTGGCTGTGGCTGGAGCCTCTGTTATTATTTTCTTCATGCTGATTGCGATCTTCGCCAATCAAATTGAATACGTGACAGGCCTTGATCCTAACGCACAAAATGTGGCGAATCGCTATGTGGCACCGTTGACGTCCACCCAAGCTGGCCCCGATATTCGCGAAACTGAAATTGAAAAATTCATCAATGCGAACCCTGAAGCTGCCGACAAGATTCAAAAAGCCCTGGTTGAAAAAGGCCTGGTTTCAGTTCCTGAGATTGATTCCATTTATGAAGTCGGCGCTAAGGAAATTCCTGAAGCCATCGGAATCTTTAAGTCATTGGCAATCCCTGAAACCAAAGAGCTTTTAAAAACCTTCAGCAGCTTTGACACGTTCCACTTGTTCGGCACCGACGAACTGGGCCGCGATGTTTTCATCCGTCTGGTTTATGGAACTCGTGTTTCCATGGGTGTCGGCGTTTTGGTTGCGATCGCTTCTGCTTTGATTGGTCTATTGATCGGTAGTATCGCTGGTTACTACGG
CP178619.1_gap65	3470104	3472066	1962	TGGGTTCTTCCCTGGGTAAAGCAATCCGTGGTTTCAAACAAGGTTTGAACGAAATTGATGTGGATCCAAAAGACATCAAAGATACGCACCAACAAGTGCAACATCAAAATCAGCAACAACAAAATCAATCTGTTAATCAAACACAAAGCCAAAAAGAAACACACAACTCTTAAGAGTTGCGGGAGAATAAAATGGGTTCATTGAGTCTTACACACTTATTATTAATCGCTCTTGTTTTCTTGATCTTCTTTGGTCCAAGCAAATTGCCTCAATTGGGTCAATCTTTGGGTCAAGCGATTCGTGGCTTCAAAAAAGGTTTGAACGAAATCGACGCTGATGCCAAAGACGTGGGGCCAAACCAACAAGTGGCTCACAACCAAAATCAAGGTCAGCAAGTGAATCAAACGCAAACTAACAAAGAGCCACACAACTCTTAGTTATTAGTCGCACAGTTTGTTTTAACGAAAAGCCTTCTTGGGATTCCCGGAAGGCTTTTTTATTTTCCACATTCGATTCGGATGCGGCAGCGTGTAGCACCATAACGACATCCTCCAACAAGGGATCACAATGCCTGTGAGCTAATGGTCATTATGTGACTTAGAACTCTTTGCTTTCTTTACAAGGAGCCAGATTAGTTTTATTTTTTGTCTATGCGTTTTTTAGAACCAAGCGAATTCCTTCCTAAGGTTGAAGCGATCTTTTCGGATCTCAAAGATAAAATTAAAATGGCCCTACCCAATGCTGACGTGGAGCACATTGGTTCCTCTGCTATAAAAGGGGCGATATCAAAGGGCGATCTCGATGTTCTTGTGCGCGTACTGCCTCCAAACTTTGAAATTGCTATTTCAAAGATCAAAGAGTTGGGTTTTGCTGAAAAAAGTGGAACTCTCCGTACTGAACAGTTATGTATGTTAGTTACGGATGTGTATAACTGGGATGTGGCGGTCCAGCTTATAGCGAAAAACTCTGAGTTTGAAGACTTCGTATCCTTTAGGGATAGACTCAACGACGATCCCGGTCTTGTTCTTGCGTATAATCAATTGAAATTGTCTTCACGTGAACTATCACCGGAAAACTATCGCCAGAAAAAATCAGCTTTTATAGAAATGGTTCTGCGGAACGAGAATTCCAACCACAAGAAGTAAGAAGGTAAAATGTCATCACCAGAAAAGAAAGAGTCATTTGTGGTCAACGAAAGAGAAGGGATGAAGCATGTTTGGCTGATTCGTAACCTTTGGATTTCATCGAAAGACCTTCCTGTATTCGAATTCGAAGTGGCAAATTTTGATTGCTTTAATGAAGACGTATGGTTTGGAACTCAGCATAAGCCGACCGTTAATAAGGTTTTAGAGCACTATCGAAAAATTCAAACAGCAACTTTTGAATATCCTATTATCTTTAGCGAAGACGGTTCAATTTTTGATGGAGTTCATCGAATCTGTAGGGCATATCTGGATGGACGAAAAACAATTCCTGCAGTGAAGTTTATAAAAGACCCTCCACCAGATCAAATTATCCCAATGTCCCAGGCAGTGGTGATCACTTAACCCTTGCAAATTGAACAATCATAAAACCTGAAGGCACTGACGAAAAATCAGTGCTTCTTTATTTCTGATACACGAGAGAGAAGCTTTAGACATGACATCACGCAGAACCGATATCGGTTCTGCACAGCAGTACAAAAAACGGAACTGTTACCTGAGGGTGTCGGAGATGATGCTTTGAGCGCCGCTGGCGAGTAATTCTTCGGCCCTAGGTTGGTCGTTTACTGTCCAGAAGCTGACTGGGACTCCCCGCTTTACGTATTTCTTTAGCTGCGTGATGGTTACATAGCGATGATCCAAGTGCAGGATGTTGGCGTGGATATAGGGTGCAAAGAGCATCAGCTTTAAGTACCAGCGGTTGGCTGGGTCTTGCTCTTTCGTGGCTAGCAATGCCCGCGGCACTTGTGGCAACAGACGA
CP178619.1_gap66	3473505	3476012	2507	GTGAACGAGGCACTCTCAACACTCATCTCCCCTAGGTCACCTTCCAGACGCAGATCCTTCACTTCGAAAGGCGCTGATTTTAACTGTTCAGCCTCACCGCGCATGCGTGCTTTTGCTGAAACCCACACCTGCTTGCCGTTCAGGTTTTTTGCAACCAGATCGTACTTCTGTAAAACCTGCAGCACTTGGCTGAGTGGAATATGCTTCACATCAGTTTCCACGTTCAGCATATGATCGTTCAAAGTGTAGTGCGTGATCACGCTGTAGTGACCCTCACGCCAGTTCCCGAAAAAATGCGCCTGCAGGGATTGTTCGGGCATTTCCTTGTATTCCAGAAACAGATTCGCATGGGATAGATAGTCCCCGACGGTGTCATCCTTCAGGAAATTGGTTTTCGCATGAACTTCCACAATACGAGGTTCAAAGGATTTTACCTGGGCCTTGAAACTGGAAAGCTCAAAGGGATATTGCGGGTACTGCGCTGAGAGAATCTTGAAACTGTGAATATTCAACTCACTGATGTCGTTTCGATACTTCTGAGCCTGCTCCATCGGCGACAATTTCACCAGCGGTGCTTCCTCTTTGGGACGATGATAGTTTTCAGAGGCATTCTGCTTCTCTTTTTCACAGGCCTCCACCGTTCCACGCAAAGTCAGTACCAGGTTGTCTGCGTTGATCTTCTTGACCGGGGATTCCTTGGTGATCAACCCCCACAATGAAAGCGGTAGGCGCATTTCATCAATCTCCAGCACCGGAGACATCCAGCACGCCTGATCAGACTCCATACGCACTTGCTTAATCAAAACTGCGAAGCGTGGCAAAATGCCATTCGCAAGACTAAGCTCCGCTGAATCAAAAGAGACTTTGATATCTTTATGTATGTGACTTGCGGCTTTCTCCAGTTGCGCTTTGATTCGTTGAGGAGAAAGTAAAGAGCTGGTGGTGTAACCAATTAAAAAAGCCAGGATCAATCCCGTTAAGAAGATTTTCATTCCTGGCTGTTCAGAGATTAAATATTTATCAGAACGATTGCGGCGATCCATGACCCATTCTCATTCGAAAGACCCGGATCGCCAAGTGAAATCGCCTCCGCCGCCGTAGCGTTGGCGATGGCGTCTAGCGGTACTCGAAGTGAAGGATTTCGAATTCCTTGTCACCTTTAGGGCTTTGCACAGTTACAGTGTCGCCCACTTTTTTACCGATCAAAGCGCGTGCAAGAGGAGAAAGCACAGAGATCATGCCTTTTTTAACGTCCGCTTCATCCACGCCCACGATTTGGTAGTTCACTTCTTCTTCAGATTCAGTTTCAACTGCTTTTACGTGTGCACCAAATACAACACGATCCGCCTTGATAGTGGATACGTCGATCACTTCAGCACCCGCCAATTTGCCTTGAATTTCAGCAATACGGCCTTCAATCATGGATTGGCGCTCTTTTGCGGATTCGTACTCAGCGTTCTCAGAGATATCCCCTTGAGCACGAGCCTCTTCGATAGCAGCGATAATAGTGGGTCTTTCCTCTAACAATAGCTTCTTAAGCTCTGCATCTAGCAGCGCTTTTCCGCGAACTGTCATTGGAAGTTTGTCGTTTGTACCTACAGACATGTCTATCTCCACTGTTAAAGGGACATTACTTTTACCGGAGTTCGCGGAATATTTCAACCCGCACCCCCGCCCCAGACTCGACGCGCCGCATTTTGATAATGCATTGAGCCGCATATTCTACAGGCGTACCATAAACCCATATGGGTCAAAAAAAGAAAACCGAAATCATCTGCCGCTGCAACAATGTGTCCCGTGCGACCATTGAGAAAGCTATTACAGATGGGGCCAAGACCCTGAATGAAATCTTCGACACCACCACCGCCGGCGTTGGACCCTGCGGAGGATCCTGCCGACGCAAACTCGCACCCCTTCTGGATCACTATTTAAGAACCGGTCAATTCCCTGAAAAAATTCAGGAGGATTTATCTGGTAAAATTTCAGTGAAAGAAGATGGTGGCGAGAGTAAAGACTAAGACGCTTTTTGCTGATTCAAACGATATTGAATCATTTTGTGAACTTCCGGTCGACACGTGCCACATTGAGCACTGGCTGATGTCTGACGAGTCACGACTTCAGGAGTACGAGCTCCTGCAATAATAGCCTGATCAATTGTATGCGCAGAAATACCACGACAATGACAGATCTCTGTCTCTGGTGAAACCGCTTGCCACTCGCCGCGCAAACGCAGAACCATCTCACGCAGAAGTAAACTGCTGTGATCCTGCCCTTCTGGCACGGGCCATTTTGAAATATCAGCACCAAAGGATCGGCGCATTTTCTTCATCATATCCATAAATTCAGTACATCCCACATGAGAGACTTTTAAAGTTCGACCGGGTGCTGAAGAGTCCTGCCCTTCAGTTTCAACTTCAATAAAATCACGTCCGTCGAGTTCGACTTTAATCTTCATATAAGCTACAATTCTAGATGAAGATCCCTCTTGCCCCAAGGCCAGTTATGTT
CP178619.1_gap67	3494518	3497906	3388	GCCGATACAGATCAGAATAGAAAGAATTAAAAGCAGCACCACCGCCAATCGCAATGATGCAAATGCCTTTAATATTTTCTTAAAAAATCGGACGAATTTCGCCATCCGTCCCAGTTTCACCCATCCGAACTAGGGGTCAATGGTTTGATGACATTGCTGTGACCCAGCAACTAATAACAGTATTACGGATTGAATACCAAAACCAGATACACAAAGAACAAAATCAGATGCACAGTTCCCTCGAGCATTGTGGTTCGTCTATTTGAGAACGTCAAAGTGCTTAGGATCAAGGTCATTCCCAGCAGAGTCACTTCGCGAGGAGCGAGCCCTAAAATAACTGTTTGGCCCGTGATCGTACCAATTGCCAATATAACCGGAACGGTCAAACCCACAGTGGAGGTTGCGGCCCCCAAACACAGATTGATTGTTCTTTGCAGATCATTGCGCGCAACCGCACGCAATGCACTGATCCCCTCTGGAGCAAAAACCACGGCCGCAACAACAACACCACCCAAAGCCAGCGGCAAATCCAGAGCTTTGATTTCCGCATCCAGAATTTTTGCGAGCCCCTTGGACAAAAGCACGATTGGCAGAATATTCGCCAAAAGCAAAATCACGTGCTTGCGCAACTCCTTCCAGTTAATCGGTGCACGAGGAGCATCGACATCCTCGTCAACCTTGCCCTCAATTTGATGCACATAAAATGCCCGGTGACGTCCCGTCTGTGTGATCAAAAAGACCCCATACAATGCAATGGAGAAAACAGAAAAATACGTGGATTGCCAAAACGACAAAGTGCCTTCTGCCGTTGACGTCGTGAAGTTTGGAAGTATCAGAGCAATACAGGTCAGGGGAATCAAAACAGAAAGATAAGACGCTGCACCTTGAAGGTTGTAGGACTGTTCGCGATGCTTTAGACCTCCGATAAAAAGTCCCAAGCCCACGACACCATTCATAACGATCATGAGTACCGCGAACATCGTATCACGTCCCATGGTAGGAGCAGCTCCCGATCCCAGCATCACAGCACCCACCAGCGCCACCTCGATGATCACGATCGACAACGTGAGGATCAGTGTGCCATAGGGCTCCCCTAAAACTTCCGCCAATACTTCGGCCTCATGAACAACTCCAAAAGCCGCCCACAAAACCACCGCAAAAAAGGCGACGAACAGAACTCCCAACATAATTGGAGAAGTCACCGTGGCCATCCAAGCCGATAAAGCCAGAAAATAAACAAGAACAGTTGTCCATGATGTCAGTAAACGTAAATTAGAAAGATTCATCATAACTGTTCTCCTGCCGTGAAATTCATTTTTTATTTCCAAGAAAGCAGTTCTATCTGTCAAGAATTACTTCACTACAACACCACGTTCATGGAAAGAAAATTGGAACTGTTCTGATGAAGTACGCTCTGTATCACCTGACGAGAAGCCTGATCCTGCTTCGCCGCCACCATACAGCGGATACTGAATGATCGAAGTGCATCATAGACGCTCAATGTACCTTCTGCTGAATTCTTTCTTCCCGTGAACGGATACACATCGGGTCCGCGCTGGCACTGACTGTTGATATTGATACGACATACTTGGTTGCTCAGTCGATCAATCATAACTCCTAACATTTGTGCATTCTGACCAAACACACTGGCTTGATTTCCATAGGGAGAGTTTAAAATATAATCTTCAATCTCCTTATAATCTTCAAACTCAGCAATCGGAACCACGGGTCCGAATTGTTCCTCAATCGCAATTCTTGAGTTCAACGGGACCCGAGCCAGCACCGCAGGAAAGAAAATACCGTCGTGAATTTTTCCACCTTTTTCTTTATTGGCCAGTTCAGCGCCCTTCGCAACAGCATCATTGATCAAACTATTCAGGTACTCGGATTTTTTTGGATCAGGAAGAGGAGTGATCGCCACACCTTCATCCCAAGGCATACCGGGTTTCATGGAATCGATTTTTTGCACCAGGCGTTTGGTAAACTCACTGGCCACTTTTTTATGCACGAAAATCATTTTCAATGCCGTACATCTTTGTCCATTAAACGAAAGAGCTCCTTTCGCGCACTCACTGACCGCATTATCCAGGTCCGCATCCTCCATGATGATCGCAGGGTTCTTTGCTTCCAGACTTAGAATGCTGCGAAAACGAAAGGGCTGAGGATGCGCAATCTTGATCTGACTGGCGACCTTACTGGTGCCAATGAAAGCCAGGACATCAATTTTGCCATCACGGACGACGGGATTGACGATTTCGCGCCCCAATCCATTGATAACATTCACCACACCCTTTGGAAAAGCATCCCGAAAGACCTCCAGCAACGGATCCCACAGCAATTGCCCATAGCGAGCGACCTTGACGACGGCGGTATTTCCCATAATCAAAGCCGGAATCAAGGTCGTGAAAGTTTCATTCAAAGGATAATTGAAAGGCCCCATACAAAGTGTCACACCCAAGGGGGCCCGGCGAATTTGCGCCATGACACCACCGGAAAAATGAAAGCGACCGGCTTCACGTTCCATGTTTTTAACTTCATCAACCGTGTCGTCGATGTATTGAATGGTGCGATCAAACTCCGCCTGAGAATCAATCCAGGTCTTTCCAATCTCCCACATTAGCAAGCGACAGATAAGCTCCCGTTGCTGGACCATGCCGTTGCGAAACTTCACAACAGCATTCATTCGTTCCTCCATTTTCGCCGTGGCCCACTCCCCCAGTCCCTTGCCCCATGCCGCGGAGGCGGCCTGAACAGCCTCTCTTAGAATTTCAATACTCACGTGAGGCGTTGTGCCGATCGTCTTAAGCTCGGGCCCTGTGGTGCAGGTCGAGTGAACGGGAATGGTCTCAAATCCCTGACTTCGTAGTTCGCCATTGATCAGAATGCGCCCATTGATTTCTGGAATGCCCGGGAAAGCTGGTAGTGCTTGTGCCATTTGATTTCCTCTCCAAATGAACTCAGACTGACAATCATATGTTTGAAATGACAGAAAATCTTGGATAGGATTTTGAAATACAAAAAGGACACCTATGAGAGCAAAGGTTCACAGAGTAAACGGTCACCATTTCAAATTTGAAGTTCGCGGCATGCAAGGAGATCTGGACGTCGCCCTGCCTGATGCAAAGTCAGAAGGCCCCAGCCCTAAAGAGCTGGTTCTGGCAGCACTATGCGGCTGCACAGGAACCGATGTTGTGGACTTGATGGCCAAGTTTCAGGTTCAGTATGAAAGTTTTGATTTGGAAGCACGAGCGGGACTCACCGATAAGCATCCCAAAATCTTTACGCGCATTGATTTAACTTATTCCGTCAACGGCCCAAATGTGGATGGCGCCCAGGTGGTCGAAGCGGCAAAAAGATCCACCCATCAATACAGTGGGACGGCCGCAAT
CP178619.1_gap68	3530767	3534621	3854	GATTTTTGGTGGGGATGTCCCCCAAGGAAGTCCTGCGAATTCTTTCGCCCACTTTAGTTCAAGTGGGCATTCCGGGATAGGACAGCCCTACTGCAAGGGCATGTTGTCTTTAGGGATACTTGGATAGTTGCGACGAACTTGGATTTCCTTGGCCTTGGCCCCTGTCACACGAATATATGGAACCTCGGTGTTTTTATCAGCAAGACCAATCTTATTGAATGGATTCGTTTTGTCATACCAAGGCATAAAGCCTGAGTAAAAATCAAAACGACCACGACCCATGATACCGGCTCCCTTGTCGCGGATGATGAAGTAACCATCATGCAAAGTACCGTCTGGCAAAATCAAACCGATGACGGAAGGAACGTAAATCACCTCGCCCAATTTATAAATGGACAGGTCGGCTGCCAATGTGTGGAAAGGATCCAGACACACGGTGCGAACGCCGTATCCATACTTGCACTCTTCACGATCGATTTCAAAATAACGATTCTGACCTTTGATACGAGCCAAAATATTCAGCAAACGGATTTTGCCATTTTTCTTGATAGAACAAGAACCCTGCAATCCGCAGGCATCAGAAATCTTTTTACAAACACGAATCAAGGTTTTACCGCCTTGACCGTAAAGTGTGACCTTTTGACTGTCCGGGCAGGTTGTTTTCTCGGTGTCGAAAATCGGGAAGTAATAAACTGTCGGTTTAAGTTTCGAAGTGCCCACGATGTCTTTGCCTGCGGGACGATCTTTTTCAATTTGCTCAGCACTCACAGTCCCGTGAGAAGGAACGGCTTTGGGATCCACAGTTGCTGGCTGAACGGGCAAAGTCCCATCCTCTTCGGACTCGGGAGCTGATGCTGGCGCAGGGAATTCTTCAGGACTGCCAACTGTTGCAGGCTGCACCGGCAACGTGGTCTGCCATCCATCGGAATCGATATCATGCACACGTTGATCTTGAAGAGTCACATGGCCATTATCAGAATCCAGGGAGTTATAAGCTGCAAATTGATCTGCGTTGCCACAAGCTGTAAGAGCCATCGTCGCCAAAACGATTGTGAATGTGAAAAAACGCTTTGTTTGCATGCACCCTCCAGAAGAAAACCGAGGCCCAACCTAACAGACAATATTCAGTATCGCGACGACTTTTTTTACTCTGCAAACATTGGAAATGCCGTGCCGTAAATTGGTACTTTTTGCCCCTATCATGCCAGCAATCTACCCATCAAAACTGTTAATAAATTAGACAGTTCCCGCTTCTATGGTTAGCATATCCCCATGAGTACATACGTTTTTCTAACTGAAGTGGCCAATTTCTCTGAAGCCCAGGTGGTAAAATCCTTCTTAGTCGCCCAGGGCTTCCATCCCCGTCTGCGCGACGAGATGACCCGCTCTGTAGCCCCTCACCTGGAAACGTTTTTAGGAAAATTAATCATTGAAATTCCCGAAAATGAATTTTTGGCGGCCTCCTCATCCTTGGAGCAACTGGAAGATTCCCAGGCCGAGAAAATCGCAGAGCAAGACGAAACTTTGCTGCTGAAAAACCAGAACCTGCAAGAGAGCCAGGATATGGCAAAAAGATGCCTCATCAATGCCGTCCTGGGATGCGTGCTGATTCCAGTGGTATGCAATCTCTATTCAATGCTTCTGGGATTTCGGGTATTGGGCAAGGAGATGCCCCTATCGCAACTGACACGAACGAGACTGGTGATGGCATTCGTATTTAACTGCTTTGGTTTTTACATCTGGTTAACGTACGGGCCGATGCTCCTGAAGGACCTTTTCTAATTTACAGGTGCGCGCTGCGCCATTTAGTGGCCCGTTTACAAATAAATCGCGTTTAGAGTTCAATTGCCAAGGATTCGTGCAATTTTATTGATTGAAGCGTCTTTTCGCGATTTACCCCTTCTAAATTATAACTTTTCATTGAAGGGATCGTTATGCGTTTCTTGATGGCTGCTATGGCCTCTTTGTTTATTTCCGCTTCCGCGCAAGCGTGGGTTCCAGCATTCAATTACCAGCTGAATGGTTATCAAGCTGCAATCACAATGTACAATCCAACAGGTTTCACAGTTTACTGCCAAGGTCAGGCTGTGGGTCAGTTGCAAAATGGTATGATTGTTAATTCCTGGTTTGCTGACTGGGTGGGACCGTTTCAATACCGCACGGCTTTTGTTTATGCGAATCCTCCGTTCTTTTTCGTGAACGCATGGATGAACGTAAACTGCCAATAGTGCAAAAAAACTCTGCCGAAGTTTAGGACTTCGGCAGCTTTTTCCAATCGCGATCGGCCATCATTGTCACCGATTCAGTATTGAAATCATAAACGATACGAATTTCGTTTTTCTTAAGCTGACGATGGATCTGCTCTTTCTTTTTCTCGAGTGAAATTTCCACCAGTCCGTAATCAGTTCCTTCACGCAATATAAAAGACTCAATCACGGCATCCAGGATCTCGGCGCTGAGCTGCTCCACTGGAATTGCCACTGGTGGCTTTGCTTCTTCGTTTTGCTGATCGTAATCAATATCCATCTTTAAGATCTCCGGACTTGGTTCTAGCACGAATACAAAGTTCGTCACATCTTTCGTTAAACTCGACGCCAGAGTGCGCCTTAACCCAGCGCAACTCAATCTGATGCGCCTGTCCCAGAGTATGAAGCTCCTGAATCAGATCCACTTCCGGAATAGGCTGCCCTTGATTTTTCACCCAGCCATTGCTGGCCCAGCGTTCACTTTTTTCAACAGCTTCCAGCATCACTCGTGAGTCGGTGTAAAGAACACCGCGACTGTTTGCGGGCAGGGATTTTATGGCTTCAATGGCAGCTTGAAACTCCATTCGGTTGCTGGAAGTTTTCTTTTGTGCGGCAAAGCCTTCACAAACGATAACACCCTTGCGCGACACCACATACGCCCAGGCACCTTTGCCATGCTTAAAACTGCCATCCGTGTAGATTTCAAAAACATTTCCAGAAAAAATACGTCGTAAGAACTGCCAGATGCGATACATACTCCAAAGCTTTCCACAAAGTTTCCCGAAGCGCAGTAATTTGTTGCATAATTAACGCAAAGATTTTCAGTGCGCGAATCCCGGGTTCACGCTATCCATCTGCTTAGAAACGAGGTGAATTATGGTTCAAGCTTTTAAAGTTTTAGGTTGGCTCGAAGGTCTTTCTTTCCTGACTCTTCTTTTCATCGCAATGCCCATTAAGTACATGGCAGGCAATCCCGCAGTGGTGAAAGCCATGGGTCCGATCCATGGTTTCCTGTTCATCGGTTATGTGCTTTTCGCTAATTTTTTGGCGAGTGAATTGAATTGGTCACGAAAAATGCGCATTCAGGCATTCTTTGCAGCAGTTCTGCCGTTTGGAACATTCTGGTTCGAAAGAAAATACCTGGACGCTAAAAAAGCGTAGTTTTGTTTAAGGGCTGCTCGATTTTACGGGAGCAGCCTTTTCCTTTTTCCGCTCCTGCGGAGTTTTAATTTCTGGCGGCTTTTCTTTTTCCGCCTCGATCAGAGTCTTTGGTTTCTCAACCCGACTTTGAATAAAGTAGCGCACTCCCAGAAACAATCCATATTGATTTGAATACTCGTTCGGCTCATAGGTCAAAGCATAGGAATATCGGGCCTCAGCCATCACCGCCCACAATCCTGATTGCCACACCTCACCCTGCAGTGCCAGATCGATGCCCGTTTCCGACGGTTTTGAGGCCGACGTTTTTACATTTTCCGAATCGGCAAAATCATTGTGAATAGTATTGATATTACCCATCGGGTAATTCGTATAGATGCCCAAAGAGGTCGCAAATGAAGGTGCCCAGTAGCGACGATAGGCGACCGTGATGTGCATGGTTTGCGTTCT
CP178619.1_gap69	3635069	3639520	4451	CTTTGGAATTCCGTAGTGCTCCATCCATTCAATTAACCAAAATGAATGGCGAGTTCGTTTTGAAAAACCTGACTGCAGGTTCCTTCAAAGCGCGTATGAGCCTGATCCACATTTACACTGAGAAAAACAAGGAAATCCACCGTCGCCTGGGTCAAACTGATGAGATTCAGGTAAAAATGGAAAACGGCAGCTTGGCGCTTAAGGCACCAATGACGTTGCAAGCGATTCCGACTCGCGGGCAGATCGCATTTGGTTTGGAACTTGCCGCGATAAATGCTCCAGAAGGTTTGACACCTTTTGAGGGTATCTACATGCTTAACGAATACGACCAGATCAAAGGTTCCAACTTCTTGAAAATTGGTTCTCAGGTCGTTCAATCCAAAGACTTTAAACTTTCTGAATATATCAATGCAGAGATGATTCAAGTTTCAAAAACCAACACAAACACTGTTGACGATGAAACATACCAAAAACCAAAAATCGAAGTTTCCCAGCTGGAATTCAAATTCATCCGCGTCGGTGAAGAAACAACTTCCATGCGTGAAGCTATCTACAGCGTAAAAGCCTGTGTTAAAAATGGTCTTGATCAAAAGACCACGCGTGCTCACACATTCACAATCAGCAAGTTCAGACAAAATGAGTCTGAGCCGGAAAAAACTGTCAGCATCAAAACAGACAACAACTCTTGCGTCACTTGGGACGAGAGCATCAAATTCAAGTACTTTGATTGCCAGCGCTTCATCAAAGGCTCTGTGAAGATCTCCAACCCAGAACTGGGTATGAGTGAAACTATCGGCATGCTGGTAAACCCTTGGGAAAACTGGGGTCCAATGGCTCGTGATCTGCGCTACGTGGATCCGACTGAAAAATTGGTTTTGGATTGCCGTCAGGAAAACCGTCCACGCACTCAGGTGATGCTGGATTCTTACTCTTACAACACGGTTTCTTACAACTACTCTGTGGACACAATGTTCAACATGACGGTAACCAAGAAAATCCAGGTTCGCATGGATCCACACTTGTTGGTGTATTCAAGCTTGTCCAATGGTCGTTCCGAAGTTCAAAAGCTTCGTGATGGTACTTACTTGTTGAAAATGGCCGTGGTTAAAAACGCTGACTACGACACGAAAAGAACGTTTGTAACGGCATCGCAAAAACTGGTGACGGTTCTTTCCGGTCAAATCAATACTGAAATGAAATTCCAAACTCAGGACCTTCAGGCCCTGGGCAACCGTAACACCATGTTGATTGAGATCTTCCCGGTGGACGAGGCAAAAGTTCAAGTGGGTGCTGACTCTCAATTGACTTTGAAAGACGCAAAAGCATCTTTGGATTCTGCCATCGACACGACAACAGGACTTGAAACCCCTACTTTCATGGGTCCGATTGTTCTGAATGTGGATGAAGCCGGTCGCAACGTGCGCATCGCTGATGCCACAGCGGTTAACAAGTTCTTGCTTGAAGGCCAAGGCGCAAACACTCAGAAAAATGGCATCGCCCAAATCATCGCTCAAGGACAAATCGAGCAGTCTCAACGTATGAAGAACCTGGCTGCGATGGCGAATGCGGCGACTTTTGCTCAGCAAAACAATCTGGATTTGATCAACTTGAAAACAGCTGCTGAGAAAAACACTTTAGGTGGCCTGGTTCCAGCTCTTACAGGGCGTGCTCCCCGTTTGCTGACAACCAAGAAGGACCTGATGGCGACGATTGCTTCCGGCAAACTTTCTGGCGAAGTGGCGCAAAAACTTTGTGCTTTCTGGGTGCAGGATTATCTGCCACGCATGAACAAGGACAAAGGCGGCACACTGGATCCACAGACGGCTCTGACTTTGGCTGCTGATTGCTATAATAGTGTTAAAAAAGATCCAACAAGATTCTTCCAGCTTGAGCGCCGTATGGTTGCAAAACAAGTGATCGGCAGCCGCTACCTGCAAGGCTACAATCAAGGTCTAAGCGTAGGCACAAGCTTTGGTATGAGCCGCGCGCACTCGACTGCAAAAACTCACTCCCACAGTGTTTCCATGAAGGCTGGATTGGGTAAAAAGTTTTTGGATTTGTTCAACGTCGGCGCGGACTATGGTTACACAATCAGCTGGGCAACGACTGATGCTAACGCGACATCCAACGGTGTGGGCGTGAACACAACTCAAACTTTGACTGTTCAACAAAGCAAGATCAAGGTTCGCGTTGCCAAGTACGAACAGTGCGTGGTTGTAAACTTGAACCCGGCTCTTTTCGTAAAGGGTCAAAAGAACTGGTATGACTTCAGCCGCTCTGACTATATGAACGTATTGAATCCACGCCTAAGTGAAAACGAAATTGCGGCTTCCGTGACTCGTGGTTTGATGCTTTGTGAAGGTACGGACCGCACTCTTCCGGTGGATGTGACTGAAGACTACTATATGATTGCTCAGGAAACGTCGAGTGCTCAGATGCAGGATAACGGTGATGCCCGCAATCGTACTTTCTTCCTGGCATTGCGTTCCGCTGCAGACTTTCATAAGTTTGTGACGGCAATCAAGGGCAATACAATCATGCCTCAAACTTCGAACACTTCTGAAGATGTGATTAAAGATGCAAATCAGGCCTTGATCAAAATCTTCAAACTTGGCTTGCCGGCAACTCCGGGCATGTTTAGAAACTAATTCCCAGCACCGCCATTTGGCGGTGCAATCCCCAACTTCCCCTTGGCCCAAGCTAAAACTCGAAAAAGTCTTGGGCCAAACAAGTATTCGCACTCTTCAGCACTGGCCCAGCGATATTCCTGGTGCTCAGGCACTCCCAGAACCTTGCTGATTCCCATCACGACTTTTTGATCCGCAGATATCTGCGCCAAAAAATAGCGCGCGACTTTACCCTTGCTATAGGGTTCGGTGTCATAAAAGTTTTTTCCATGAACAAACTGCGGGTCTACCAACCCCGACTCTTCCTGCATTTCGCGAACAGCCGCCTCAAGAGGATCCTCGCCCGGTTCGACTTCCCCTTTGGGAAAATCCCAGTAATTAAAACTGCGCAAAATCAAAAAACGCACTCCTTGATCAGTGATTTTAAAAGGAACAATTCCAGCAGATAAGGTGCGCGGAGGCCGCGTCACCTCGACGCCTCTTTTAAAGTCTCTTTCAAAAATTCGATGGAGCGATGACCAAACCACGAGAACGACTCCCCGTTCACCACGGCGCCTTCAATACCCAGACCTTTTAAGTCAGACACTTTTTTGGCAAAAGGAAAAGGTTCTGATGAAAACAGACAAAGAGCATTGGGATGATCTTCAAGTTCAATGACGGGGTATTTTTCGCCTTCTGGAAATTCCACCGGCTTCATCCCCAGCTTCTGCAAAACAGAACCAATATAAGTTTCACTACTGACTGCCATCCACGGCTGCTTCCAGATCAGATAAAGCACCTCGGAGTAATTCTGGGAAGGCATCTTCACCCACTCCATAAATCCGGGAACTTTCATGGTATCAAATTTTGCGTTGGGCTTTTCAAGAATATCCAAAACATCCACGGCCATTTCCAGCAACGCCGCATTTTCAAAAAACTCACCCAGCTTTACCAATTCCTGTTGCAGGGACTCAAGCGAGTGAACATGAGTTGCGAGATATTTCACCGGACATTCCTCCGCCATTTCCAGCGGATTTTCTTCCTGATCCAAAAGAACGATGTCAGGCTTCAGATCCATCACCAGATCCCAGGAGACTTCCTTGGTTCCACCGACAATGGGAATATTCGTGATCATTTTAGCAGGATGAATACAAAAACGCGTGCGGCCGACAACATTGATTCCCGCTCTTAACAATGTCTCTGTCCACGATGGGACCATGCAAACCACACGCATTTTTATCTCCTTAAAAGAAGATTACATGGCTGGCGCTAGGTAGTCAAAATCTGGTTCCCACTGATAAAACTCACGACCATATGGCATTCCATGCAACACACCATCCACCACCACGTATCCAGAGTCGTGGCGATTGTTTGTCGATTGATGCACCCAGTGCAAAATCGCGCCATCCGGAGATGGTTTATAATGTCCCGCTTTTGCATTGGAAGTGATGTAGTCACCACAGGACTCCACTGCTGCGCCCACTCTTAAATTGTCAATTTCACGAAAGCTGACATTGTAGATCACTTCGATCGTATCGCGAGGTCCCTCGCCGATTTTTACCTGAAAATGCTGGTGGCTTTTTTTGCCAGGATAAATATTCGTCACCACTCCGTAGATATGGCCACGATTTTTATACTGGTTCTTGGTTTGTTTCTTCCAAAGCAGGATCTGCTCATTATTGACAGGAAGGACTTGTCCATTTGCGATGCAATCCGGCGCTGCCTCTGTTGCGAATGCGATGGACCCCGACAATACCAAGCCCATAACCGACGCTAAAATCCGTTTCATAATGCACTCCTTTGCATGTAAAAATGGTCCGATATTTCTGCGGACAAAGCCAGAAA
CP178619.1_gap70	3645617	3646291	674	CGCGGAAATCCATTCTCAGGATGGCTGGGCGCTCGCTACCAAACACCTTCTGGCATTGCCTTCGGAACCTTGGGATTTGAATGGTGGTTTGAAAACTTCCTGGGCATTAATAGCTCTGCGACACGCCTTCATTGGGGCCTTGCTGTCAGTCGCGATCAACATCTGACGACGAATAGTGATTATCCAGAAGTGGATCTGACAACGGCAGAGCTTTTCTGGCGCGCAACGCCTGGCTTTCATTTGATCGATGAGACCTGGGGCTTAAGCATCCCGATGCAAATGGTTCAGGGCAAAGATGGCAGCTCCATGGCCTACGGCCTGGGAGTGTTTATGCAAAACAAACCCACAGCAGCCTGGTTGAAAAAAGCCATGGAGTGGTCTGAACTTAAACTTCAGTACTATCTAAGTGGCTCTGGCAGCGACTTCAAAGTCAGCAGTGCCTACCGTGTTGAAGGCAACGGCTACCACCCGATCAAAAAAGATTTCTATCTGAAATATGGATTGGCGCTGACAGATTACAAATATGATCCGGCGGCCCCTAAAGAGGAAATGCAAATCGAACTGAACGGAATGGCATTCTGGAAGTTCTAATGTAAAAGGCTCCTCAGGGAGCTTTTTTTTATTTCTTCTTGAAGAAACCTGAAACCATTTGCTTCAGGTCCATGTTGAAAACA
