gap_id	start	end	length	sequence
CP177185.1_gap1	189136	192603	3467	ATGCAAGCACACGCGCCTTTTAAATTTGAACTTAAAGCAGTAACTTTAAGTTATGGTATGGGTGAGGATTATACTAAGCTTCATAATCACTGCAAAGAGCATGGTATTGATCATGAAGTAATTGATTCTAATATTTATGAAATTTCAGGCGATACTATTAGGAAAAATTCAAGCTTTTGTAGCTATTTTTCAAGAATGAGACGCGGAGCTTTATACACTTACGCCTTAGAAAATGGTTTTAATAAATTAGCCATAGCTCATCATTTAGACGATGCAGTGGAAAGTTTTTTTATGAATTTTATTTACAATGGTGCTCTTAGAAGTCTAGCTCCAAAATATAAAAGCAAAAGAGGTGTAGAGGTTATTCGTCCTTTGATTTTTGTAAGAGAAAGACAATTAAGAGAAAATGCTATTAATAATGAATTAGAAGTTATTGGTAATGAATTTTGTCCTGGTATGAAGTTAAGTGAAAAAAATGTAAAATTTCCTCATGCAAGAGAAGAGGCAAAGCAACTTTTGGCAAATTTAGAAAAAGAAAATCCAAAATTATTTACAAGCTTAAAAACTGCATTTGAAAATATCCACGCGGATAGTTTTTTTATGGTTAAGGATAATGACTAAACTTTTAGTTGTTGTTGATTATCAAAATGATTTTATCGATGGTAGCTTGGGTTTTGAAAAAGCTACCAAGATAAAAGATAATATTCTTGCTCTTTTGAAAAATCATCAAGGTGATATTGTTTTTACTTTTGATACGCATGATGAGAATTATTTAAAAACCCAAGAAGGAAAAAATTTACCTATTTATCATTGCATTAGAGATACTTTGGGTTGGCAAATGCCAAGTGATTTTGATGTGTATTTAAAAAATGCAAAAAAAATCTTTTATAAGAATACTTTTGGTAGTTTAGAATTGGCTAATTTTTTAAAACAAAATTATTATGAAAGTATAGAATTTTGTGGTTTGGTTTCACATATTTGTGTATTTAGTAATATTATTTTAGCTCAAAGTGCTAGTATCAACTCAAAAATCATATTGCATAAAAATGCAACAGCAAGTTTTAATAAATCTTTAGAAAATAGTGCTTATGAAATTTTGCAAGCTTATGGCGTAGAACTTTTATAAAATGCAAGGTTTTATCTTACACACTCAGAGTGTAAAAGATGAGGATTTGATTGTCTATCTTTTAAGTTCTAAAAGAATTATTAAAAGCTATAGATTTTACGGAATGAGACATTCTAATATTTTAAGTGGATATAAGATTGATTTTGAGCTTGAGGAAAGTTCGAGGTTTTTACCACGTTTAAAAGATGTTTTACATATTGGTTTTTCATGGATTTTAGATAGAGAGAGAATGTTTTTTTGGCAAGAATTTATCAGACTTTTTTATTGGCATTTAAAAGACGTTGAGGAAATTGATAGTTTTTATTTTGAGCTTTTAGAAGATTGTGCCAAGCGTTTTGAAAAACAAGATTGTAAGCGTGTTATAGTAGATGCTTATTTAAAAATTTTAAATTTTGAAGGACGTTTACATAAAAGTTTTGTGTGTTTTTATTGTGATGAGTATATACAAAAAAACGTTGTATTGGTAAGAGCTTTTTTACCAGCACATAAAAAATGTGCTTTTGGCTATGAGTTTAAAGCTAAAGATCTTGCAAAGCTTTATGAAAAATTTAATTCATCGCATTTTAGCGATGAATATATTGATAATTTATATAAAATTATTAAAGAGGGTTTTTAAGAGTAATATCATACATCATAATAGCCTCTTGTCTTAATTTTGCGATGATATTTGCACTGTCAATATGTGTATTTTTTATAATAGCTTCCTTGCTATTTTTAATATCTTCAAGCAAATTTCCAAGTTGTTTTTGAGAGCTTTGTAAGCAAGTACTTATACATTTTGGTTGGGTTTGTTGTAAAATTTGCTCGAAATTTAAACTTTGATTGTTGAGCTTTGAAGCATGTGCTGCTAGATTGTTTGCGCTTGTTCTAATGCCACCTAATGCTTTGTAAATCCCTTTTGAATTGATATGAGCTGCCATGAACCTTCCTTGTTTTATGGTATCTCTTCATTCATATTGCTTAGTAATTTACAAGCAAAAATCATTCCTTATTGAAAAATTCTTGAATATATTTTCGCATAATATCTGCATCATTAACACGATTAACACAATCTCTAAAATTAGAAGCATCTTCATAACCTTTAGAATATTCATGCAAGTGTTTTCTAAATATGCTTATGCCTTGTTCTTTATAATGCTTTAACATTTCTTCAAAATGTGCGAATATAATTTTATTTTTCATAGCTTTTTCTATTTTTTTACCAGTTTTTATCTCATGAAATATCCAAGGTTTTCCTATGCTTGCGCGCCCTATCATCAAAGCATCACAATTTGTAATTTCAAATACTTCTTTAGCATTTTCTGCGCTAATATCACCATTTGCTACTAAAGGGATTTTGATATTTTCTTTGGCTAAAGCTATGGCTTCATAATCAGCATTTCCACTATACATTTGTTTTCTAGTGCGACCATGCATACTGATAAAATCTACTCCAGCAATTTCACACGCTTTGGCAATAGCAATGGGCTCTTTTTTATCAAATCCTAATCTTACTTTGACACTAGTTAATTTTTTATTACTTGTTTTTTTGATAAGCTCTAAAATTCTTTGCAGTTTATCAAGATCTTGCAAAAGAGCACTACCTGCGCATTGTTTTATAACTTTATTTACAGGACAACCACAATTAAAATCAATTCCATCTATAAAATCAAAACGATTTAAAATTTCTACCGCTTTTTGAATTACGCTTTCATCCGAACCTGCAATTTGAACTATATAAGGGCTTTCAAGTTCAGCTTTTTCTAACATTTTAAGAGTTTTTGAGCTCTCATATACTAAGGCATTAGAACTTATCATTTCACTAATGGTTACATCAGCCCCAAATTGCTTAACTAAATTTCTTAAAGGCAAGTCTGAAAAACCTGCCATAGGAGCTAAAAATAAAGGTTTTTTGCTAAAATCTATCATTGTATTAATTTTTCAAGCTCTATTTTTTTATTATGTTCTCTTAAAAAGAGTAAGAGCCTAAAGTCTTTATGCTCATTTTGATCATTTCCTAATTCATTAAGCAATTCATCATACATGCCAAATTCTGCTAAAGTATAAAGATAAGCTCTTAAAGCTTGAGAATGATTATCTTTTAACTTTTTAAATAAAGCAATTAATATTTGAGGTTCTATTTTTTTGCAAAGTATTTTAGCACAGTGCAAATATGATTTATCATCTAAGGTATTCATACTAAGTAAAACTTCGATTTCAGCATGATTTAATTCTAAGTTTTCTTTTTCAAATCTACTTAAAAGCAATAAAATATCATCTTGATTTTTTTGTATTTTCAGTGTTTTAATTTGACTATAGGGCACATTTTCTAACACTATTTTATAAGCAAAAATTTCTAGCT
CP177185.1_gap2	193871	195021	1150	ACTGCAAAATTTTTTGATGAGTTTGGTATAATGCTCATCTATCTTGCTAAATTTATCATTATTATTTTTTTGAATGCTTAAAAGATTGATTTGCATTTTTTAGTTTTTAGAAAAAAACCTTAAAAAATCTGCTATAAATTTTTTATGTTCGCTTCTTTCCACAATCGCATCAATCAATCCATGTTCAAGTAAAAATTCAGCCTTCTGAAAGCCTTCTGGTAAATCAGCTCCTATGGTTTGTTTAATTACCCTAGCTCCTGCAAAGCCTACTAAAGCACCAGGTTCAGCCATGATGATATCTCCAAGCCAAGCAAAAGACGCGCTTACACCACCCATGGTCGGATCAGTTAATACTGAAATATAAGGAAGTTTTTCTTCTGCTAATAGTTTTAATGCCGCGCTAGTTTTACTCATTTGCATTAAAGAATAAGTACTTTCTTGCATTCTAGCTCCACCACTTGCACTTACTATAACAACAGGAGTTTTTTTCTCAATCGCTCTTTCAATGACTCTAAGAATTTTTTCACCTTCTACTGAGCCTAAACTTCCACCCATGAAAGAAAAATCAAAAACAACTAATTGAGTTTTAATGCCATCTATATTACATTCACCACTTATTACAGCGCTTTTTCTTCCTGTTTTTTCCTCATTTTCTGCTAATCTTTTTTTATATGATTTACTATCTACAAATTTAAGCGGATCGATTGCATGTAGGTCTTTATCCATTTCCACAAAAGAGCCTTCATCGCTAAGCAATTCAATGCGTTTTAGAGGGTCTAATCTCATATGAAAATTACATTTAGGGCAAACATTATAACAAGTTTCTATTTCTTTATAATACATTAACGCATGGCAAGAATTACATTTTACCCAGTGATTTGGAGCTTCACTTGGAGTAGCTTGTTTGCGTCTTATACTAGAAAAAATATCTAAAAAATTCATTATCTCTACCTAAAATAAAAATTTTAAAATTATAGCAAGATTTTATTATTTTTAAAATCTTGCGCCCAACATAAACTCGAATTTACTTAAATCGTCTTTTGAGTTGGTGTTAAATGGTTTAGCAAAAACTAAATTTAAAGCACCTAGTGGGGTTAGCCACTCAAAACCAACACCTGTACTCCATCTTTGAATTTGACTTAAAGAACTC
CP177185.1_gap3	196890	199588	2698	TAATTTCTATCAAAAAGATTTTTAATCGCTGTATCTATGCTAGCAGGATCGATTTTTTGTCCTATTTTTAATTTAGAAATCGCAATAGCACTTTCTTTAGAAAGTTGCGATAAGCCTTCAAATTTTATATCTTTAATTGTAGCTGCACATAAAGAACTTGAGAGTGCAAAGAAAACAAACCATTTTTTCATTATTCTACCTAAATTTTTATATACAAAATCGTTATAATACCAAAATATTTTTAACTAATGCTTTTTAAGGAAAATTTATGAAAGTAGGTATAGTCGGACTTGGCTTAATAGGTGGATCTTTGGGTCTTAGCCTAAGAGAGAATAAATTAATAGATTTAGTTTGTGGATATGATATAAACAAAGAATTTGAACAAATCGCGCTAGAGCGAAAATTAATAGATAAAATTGTTTCTTTTGAAGAGTTGAAAAAATGTGATGTGATTTTTTTAGCTATTCCTGTAAGAGCTATTGTAAAAATCTTAAAAGAATTTCAAGACATTTCTAAAGATTGCACTATCATTGAGCTTGGAAGTACAAAAGAGGAAATTATTAAAAATTTATCTCCTTATTTGAAAAGTCAATTTATCGCAGCTCATCCTATGGCAGGAACTGAAAATAGTGGTCCAAATGCAGCTATAAAAGATTTATATAAAAATGCAGTTTGTGTTTTGTGCGATGTGCAAAATGCTGACCATATTCATCAAAAAAGGGCTATAGAAATTTTTTCAGATTTAGGAATGAAGCTTGTATTTATGGATAGTATTGCGCATGATCATCATGCTTCTATCATTTCACACTTACCGCATGTGATTAGTTTTTCTTTGGCAAATTTTGTGATGAAAGAAGAAAATAAAAAAAATATAGCTCACCTAGGAGGTCCTTCTTTTAAAGATATGTGTAGGATTGCCAAATCAAATCCTCAAATGTGGAGCGGTATTTTTGAGCAAAATAAACAAAATTTATTAAATTCTATTGATTTATTTCAAAAAGAACTACAAGAATGTAAAAAAATGATAGAAAAATGTGATATAAATGAGCTTGAAACTTGGATTAAAAGTGCAAATAAATTAAGAGAAATTTTATAAAATTTTTTATAATTTACTCTTAATTTGCTAAAGAATAATATATTTTTAAAAAATATAGATTGAAAGTGAAAATATGGTTTTTGCGCGTAAAAGATCAAATAAAAAATGGATTTTTGTAGTTTTTTTAATACTTTTAGCCTTTGTGGTGTTTATTTTAAATATAAAGTTGTTTGAAAAAAATCCTCCGTTGATTCAAACAAAATCAGATGTAATTTATAGTAATCTAACAGATCCTATATCTATAGAAATAAGCGATGAAAGTGTTTTAAAAGATATAAAAGTTACTTTATTTAAGGCAAATGAGTTAAATGGCGAAATACTTGTTAATGAGCATGTTAAAGGCAATAAAAAAAGTATTCATTTTGATTTAAAATTACCAAAACCAGCTTATAAAGAAAAAGTCGATTCTTATAAACTTGTAATAGAAGCAAGTGATGGTAGTTTTTGGAATTTCTTTTTAGGAAATCAAGCACTTAAAGAAGTAAAAGTTATCATTGACACCAAAAAACCACTTGTAGAAATTTTAGATAACTCTTATCAAATCGAACAAGGTGGAGTAGGTAGTGTGGTATTTAAAGCAAGTGATGAGAATTTACAAGAAGTTTATATCACAACTGATAAAGATAAAATTTTTAAAGCAACTCCTTATGTGAAAGAGGGATATTATGCTGCTTTGATTCCTTGGGAGGCTACTGATGAGCACTTTAGAGCTTATGTGGTGGCAGTAGATAAAGCAGGTAATGTAAACAAACAAAGAATTAGATATTATTTTACTAATAAAAAATACCGTGTATCAAATATAAAAGTGAGTGATAGATTTTTAGATGGCAAGATTGAATTTTTAGCACAAAAATATGCCCCAAAAGATAGAGAATTAAGCAGGCTTGAAAAATTTAAATTTGTAAATGAAGATTTAAGAGCTTCTAATGAAGTTATCATTCATGATATTACAAATAAAGTCCCTGATACTATGATTAATAATTTTAAAGTTAATCTTTTCAAGCCTTTAAAAAATGGCCAAAAAGTAGCTGATTATGCTGATCATAGATTTTATTCTTACAATAATCAAGCATTTAGTAGCTCTTATCATATGGGACTTGATTTAGCAAGCGTAAAAGAAGCACCTATCATTAGTAATAACGATGGTGAAGTGGTATTTGTGCAAGAAAATGGAATTTATGGATTAAATATTATCATCTATCATGGCTTTGGTATTTATACTCTTTATGGACACTGCACTAATGTGGATGTAAATGTAGGAGATAGAGTTAGAGCAGGTGATGTTATAGGTACTACAGGTACTACAGGCTTAGCACTTGGAGATCATGTGCATTTTGGTATTTTAGTTCAAGGGGTTGAAGTGCGTCCTGAGCAATGGCAAGATGCAAAATGGATAAAAGAAAATATCTATAATGTATTACAATCAAGCAAAAAAAGAATTTTGAGTGAACAAAAATGAATCAAACAACAATAGCAAAAGAAGTTAAAGGTGTTGGCATAGGTTTGCACAAGGGTGAGCCTATTAGTATAAAATTAGAGCCATTAGAAGCTGGTAGCGGTATAGTGTTTTATAGAAGTGATTTAGGAATTTCTTATGAAGCA
CP177185.1_gap4	238918	242927	4009	TTGTCCTAATACAGCGATTTTTAAATTTGGATCTATACAAATTTCTCCACTGCTTGATTCTATTTCGCCTGAGAGAATTTTTAAAAAGGTTGATTTTCCTGCGCCATTTGCGCCTATAAGTCCATATCTTTCACCACGATTTAATTTTAAATTTACATCTTCAAATAAAAGTTGGTTTGCAAAACGCATAGTGAGATTTTTTACTTCTACCATGAATATTCCTAAGTTTTTTGCTTGAATTGTATCAAATAATGAGTATTATTTGAAATCTTTCATAGAAATTTCTTTTAAAAGTTTCTTATTGTCTTCAAGAAAATCATAAAATACATCTATTGCAAAACCTGTAATAATTGCAACATAAATTTCTGATTCTAGTTGTGTTATGCTATAAATCCCTTCTATTTTTACATATTCTAGCATATTAGAATCTATTGCTAGGGCTGAAAATAAAAAAGGCGAAGAAGCTTTAACACTACAAAATTTAATATTTGGAATATTACTGTCAATGATAAATTTAAAATTTTGAAAACCAAAGTTAAAATATTTAATTTCATTAAAAGCTTCAATTTTATCTTTTTCAAAAATTGCAGCTGTTTCAAAATCACTTTGATTTAATTTTTCTTTTATAGCTATATCAAACATTTCATCATAGTGTGATATATAAAAATTTTTTAATTGTTGGTCTAAAAGAGTGATGATCTTTGGATCATCACATCTTGGTAAAAAATTTGCAAAAACAAAGGTGTGAAAAAATAAAAATAAAAGAATTTTTTTCATAAAAAACCTTTGGATTATTTTTGAATTAATCTTCCGTTCTCAAATTTTTGTTCATCTATTATAGCACCATTTCTGTATGTTCTAAAAATACCATTTTTTAAATCATTTTTATATTCTTCTTCTGAAATTAAGGCTCCATCTGGACTATACGTTTTAAAAATTCCATCTTTTTTGCCATCTTTGTTATAATTTTGCTCTAAAATAATATTCCCATTAGAAGTATAAAATTTATAAGCACCGATATATTTTCCATTTTTATAAGTTCCCTAAGCCTCTATTTTTCCATCATCATAATAAGATTTAAATTGTCCATCATATTGATTGTTTTTAGTTTGTGCTTCAAGTTGGAGCTGTCCATTTTCAAAATATTGTTTTACAAATCCTTCTTTTTTGCCATCTTTATATTCTTCTTCACTTTGTAGTTGTCCATTACTAAAAAAAGTTCTTTTTACTCCATGAATTCTAGATTGAGAATTGTAAGGAATTTCTTCTTTAAGATTCCCATTTGTATATTGACTTTGGTTTACTTTAACTGTATCACTAGGTTGCCCTGGAAATTTTTCTCCACCGCATGCTACAAATAAACTCGCTAACCCTGCTATAAAAGCAATCTTAATTTTTTTATTCATTATTTATCCTTTGATATTATTTTTTCATTTTGTATAATTATTGTTTGCTGTGATTTGTTTATGAAAGACCATATTAAACAAACAATCCATACTATTAAAGTCCATCCTAGCAATAAATTTAAAGCAATAATTGCAAACCAATTGCTATGTTTTCTACAAAGTGCTATTACTGATGGAAGCATATATAATGTAAATATTATAATAGCTGTAGTATTGCCTATCTCTTCAGCACTCACATTCAACTCCTCCTTAATTTTTAACTTGAGATTTTATTTTTAAAATTATAAAAAATAAATATAAAATAAATCTTAAAAAACATAATATTTATTTATTTTTTTATAAATAAGAATAAATATTATGCTGTTATCTTTTAAATAATTTTTAAGTATGCTCAAAAATATTAATTTTTGCAAAGAAGAATTTAAATATGACAAAACGAGATATAGCAGGCTTTTTAGGAGTTGATGTGCAAACTTTACGTAATTGGCAAAAAACTCGTCCTAATCTTTACCGTGTTATTATGCAAGGTTTGGCTATTGAAGAAGCTGTAAAAGAAAGCAAAGAGCATTATGAAAAACTTTCATCTATTGCAAAGGATGCGCAAAAATATGTAATGAAAAAATAATTCAAAATTGTTGTATAATTTTTAAAATTATTTTTTAAGTTAAGGTTATTTGATTGAGTTTGGTTTTATTATCTTTTTTACCTTCTTTTAGTCTTATTTTGGAGTTTTTAGCTTTATTTTTAGCTTATTTTTTTAAGCAAAATAAGATTTTTTTCTTACTTTTATTAATTTTATGTGCTAGAGCTTTATCTTTAGTAGCAAGTGAGTATCAAGCGCATTTGTTTATTTCGGTGTTTTTGCCTTTTTCTTTTGTGCTTTTTGTGTTTTTGCAAGATAGCAAGCTTGTTTTTGAAAGAATTAATCTCATTAAATTTGCGTATTTAGCCTTTATGGGTTTTATAGCGTTAATACTTAGCACAAGTACTAATTTTAATGCAAGCATTACAAGTGAAATTTTTGGCCTTTCAACACAATTTTTTAAGCCTATTAGTGAGTTAAGCTTTTGTGTGTTTTGGGTGGGAATGATATTTTTATTATTTTTGTATTTTAAAAACAATGATTTTCATTTTTTACTAGCTTATATGGGATTGAGTGTGCAATTTTTATTTTATAATAATGTTGATTTGGGTTATTATGAATTTGCTTCTTTAGTGTTGATAGGATTTTTAGTGTATAAAGCTTATAAAATAGCCTTTTTTGACACTTTAACCAATTTGCCAAATTTAAAAGCTTTAAGAAGATATGCTCAAGGACTTGAAAATTTTCATTTAGCCTTGATTGAAGTAAAAAATATCAATGAAATTTATCATCAAAAAGGCTCAAAAATGGGCGAGTTTATAATGCATGAATTTGCTAGAATTTTAAAAAAAGCTTTGCACGCTAGGGTTTTTAAAGATGATAAGGATTATTTTATTATTGTATTTGAAAATGAAAATATAGCCTTTGTGCAAAGCAAGCTTCAAATGCTTGAAAATTTTATGCAAAAATATAGTTTTGAATTGAAAGAGCAAAATGCAAAATTAGAAATCAAACTTTGTTTATCAAGTAAAAATGAAAACATAGAAGAAAGTTTAAAACAAGCAAAATTAGAACTTAGAAGACAAAAGGATTAAAATGTTAGATTTGATTTTTAGAGAGTATGATATAAGAGGGCTTTACCCAAGTGAGTTAAATGAAAAAAGTGTAAAAGCTATAGGTTATGCCTTGGGTTTAGAAATGAAATCAAGAGGTTGTGAGAAGGTAAGCGTAGGTTATGATGCAAGATATAGTGCAAATGAACTTTTTAACTATTTAATCAGCGGTTTAAATAAAGCTAATATACAAGTTTTCAGTATAGGCTTAGCACCAACTCCTATGGGGTATTTTAGTTTGTTTTTCGATGATATTTTTGATGCAAATATCATGATAACAGGCTCACATAATCCAAAAGAGTACAATGGCTTTAAAATCACGATTAACAAAGAAAGTTTTTTTGGTGCTGATTTGAAAAAGCTTTCTTTAAAAGTGCAAGAGTATTTAGAACTTGAAATCAATGATGATTTAAGATATGAAAATTATGATGTTAAAAGCTTATATATAGACTTTTTAGCTAAACATTTTTCACATCTTAAAGATTATAAAGAAAAAATCATTATTGATTGTGCAAATGGAGCTACTGGAGTGATTATAAAGCCTTTGGTGGAAAAATTAAATCTTAATGCACAAATTTTATTTGAAAATCCTGATGGAAATTTCCCAAACCACGCGCCCGATCCAACAGAGCTTGAAAATTTACACGCATTGCAAGTTGCGCTAAAAGAAAATGAAAATGCAAAAATGGGCTTTGCTTTTGATGGAGATGGAGATCGCTTGGTGGTTGCAAGTAAAGACTATGTATTTAAGGGCGATGAGCTTTGTTATTTATTTGCTAAAAATATAAAAAATCCTAGAGTTTTAGGTGAAGTAAAATGCTCTAAAAACCTCTTTGATGAGGTAGCTAAATTTGGTTTTATCATGATGGGTAAGACCGGGCATTCTAACATTAAAAAAATGATGAAAG
CP177185.1_gap5	244659	245824	1165	ACTAATTCTATCAAAACCAAATTCTTTTATAAAAGTGCATAATTCTTCAAAGTCCTCATCACTCTCTCCTGGGTGTCCTACTATAAAACCTGTGCGTAAAAATGAATTTGGGGCTTGTTTCATTAAATTTAAAAGTTCGATTAATTTAGCTTTGTTAGCTCCGCGTTTCATGATTTTAAGCATATTATCGCTGATGTGTTGTAAAGGCATATCAAAATAATTTACAAAGACTTTTGATTGAATGATTTTTTCTATCACTTCTTTGCTAATACTTGTTGGATATAGATATAAAATTCTAGCAGCCTTTACACCTTGGATATTTTCTATAGCTTCAATAAGCTTTAAAAGTCCATCTTTTTGACCTTGATCAAACAAATACGAACTTGTATCTTGAGCAATAAAAGAAAAGTCTTTATAGCCTTTTTTAACAAGCTCTTTTACTTCATTTACAATGCTTTCTAGGCTTCTTGATTTGAGTTTTCCTTTAAAGCTTGGTATGGCGCAAAATGAACATTTTTGATTACATCCTTCAGCTATTTTGATAAAAGCATGATAATTTGATCCTGTGATTACACGATTGGTATTTTTATCTTGCAAGTAAGTAGAATTTGAAAAAAGATTAGTTTTTTTAAGTATCATTTCATCAATTTTTTCATAATCTCCCACACCGGTAAAAAGATCAACTTCAGGTAGTTCTTTCATCAATTCCTCGCGGTAGCGTTGCATTAAACAACCTGTTACAACTAACAACGAATCTTTTTTTCTTTGCTCGTGTAAGTCTAAAATCGCATTTATGCTTTCTTTTTTAGCACTATCTATAAAGCCACAAGTATTTACAATCAAAACATCAGCTATACTTGGTTCATTACAAATTTCGTAATCACTTAATCTTCCAAGCATGATTTCGCTATCAACTAAATTTTTATTACAACCTAAAGACATTAAAAAAAGTTTTGGCATATTTCTCACTTTAAATATTTTATTTTTTGCTAAAATTATAAGATTAAATTATATCAAAATTGGAAAGAAAATTTTTATGGATAATTACGAATACAGCGAACTTTTAAAAAAATTAAAAAACAAAGTTGGAAATATCGCTTCTATTATTAAGCCTGAAGAGATAAAAGCAAGATTAAAAGAAATAGAAAATTTAGAAAATTCCCCT
CP177185.1_gap6	247863	250063	2200	GTGTCTATGGTTTGTATGTTTGGTTTTATATAGCTAAGCGCAAAATCGGTATTTAATATTTCAAGTGAGCTAATTCCACATGCAAATAAAAACCATAAGGCAAAATAAGGAATATTTGCTTTAATGGAGATTTTTTCATTATTTTTGCTTAGAAATTTCAATGAAAAAAGACTTAAGAAAATCAAAAAAGGTACTAGCATTAAAACACGCATCATTTTTTCTATGACAGCACCATCTCCTGCTTGTACAGCTTCACCTGCTGCAACAGCATGTGCAACTTCATGCAAGCTTGCTCCCATGAAATACCCCATTTGTTTTAAACTAAAAAAATCAAACCAACCCAAATTCCAAGCCAAAGGATATAAAAACATCCCCAAAGTTCCAAACATAACCACAGTGCAAACTGCCACGCCAACTTTAGCAGAGCCACCTTTAACAATGCTTTCACTAGCCATCACAGCAGCTGCTCCACAAATGCTTGAGCCACTACTTATAAGTATGCTTTCTTTAAGATCAAGTTTGAATAATTTTCCTAGCAAAAGCCCTATAAAAAAGGTAGAAAATACCACTAAAAATGCTAATAAAATTCCATTTAATCCAACTTTTTCTAAATCATTAAAAGTAATTCTAAAGCCATAAAGTATAATCCCAAGTCTCAAAATTTCTTTTGTTGCTATGCTTAAAACTCCTGATTTTTTAAGTAAATTTGCATTTTGATGTGCTAAATTTCCTATTAAAGCTCCTAAAATCACGGCTATGATTAAAGCTGAAATTCCAAGATTTTTAAAAAAATTAAGCTCTGAAATAGCAAAAGCACAAAAAGCAAGGGTAAAAAGCAGTAAAAAAGCTTCAAATTTTCTATGTTTATATATATTTTTATGCATGAATTTTTCCTTTTTTGTTTTTGTAATCTTAATGATTTTTTTATGATAAGTAAAATTAATTTTATTTGATATAATGATTAAAAATACTTATCAAAAGAGTACTTATGACTTTTAAACAAATAAAATATTTTCAAGCTTTGTGTGGAAATTTAAATTTAAGAGCTTGTGCTAAAGAATTAAGTATAACTCAATCTGCTTTATCTTTAGCTATATTTGAACTTGAAAAAAGTTTAAACACCAAGCTTTTTGATAGAAATGCTAAATTTTTAAGCTTAAATGAAAAAGGAAAGATTTTTTTAAAACAAATCACACCTTTAATTTTAGAATTTGAGCGCATAGAAAAAGTAATGCAAGATGATCAAAGCTATGAAATAAGTATGAAAGTGAGTCAAAATGTAGGCACTTATTTACTAGGATCTTTTTTAGATCAAAAGGCAGAAAATATCAAGTTAAATTTGTCTTTAGATAATAGTCAAAATATTATCAAAGATATTTTAGATAAAGAAATCGATATAGGTTTGATTGAAGGAATTTGTAAAGACAAGGATGTAAAAAAGATTAAAATTTGTGATGATGAACTTATTGTGGTGAGTAAAAATGACTTAAAAAAACAATTTTTCATAGATGAGTTAAAGGATTTTAAATGGCTAAGTCGTGAGCAAGGTTCAGGTGCAAAAGAAGTATTTTTAAATGCTTTGCCTAAAGATATAAAGCTTAATTTAGCTTATGAGCTAAACTCAACTGCTATGATAAAAGAGTTGGTTAAAAAAGGTGAATTTTTAGCAGTTTTACCTAAATTTAGTGTTAAAGAAGAACTTGAAGCTAAAAGCTTATTTGAAGTGAGATTAAAAAATTTTAAAATTTCAAGAGAGCTTTGCTTGATTTATCATAAAAATAAAGAGCCAAGCAAGAAATTTATAAATTTATGTGAGTTTTTAAAACTTTGCATTCAAAAAGATTTAGTTTAATTCTTGAATACATTTTTTAAAAAGCTCTCCCCTTTCTTCGTAAGATTTAAATTGATCTAAGCTCGCACAAGCAGGGCTTAGCAGGGCTACTTCATCATTAGTTAAGTTTTGATTGATTTTTTCTACTGCTTTAGGTAAAAACTCGCAAAAATGTGCTTTTAAATTAGCATTTTTAGCATATTCAAGCATTTTATTAGTGCTTTTTCCTATGGTATAAAGCTCTATATCAAGCTCTTTCATAAAAGCAAATAAAGCACTTAAATCCACTCCCTTATCATCCCCACCTATGATAAGATGAATTTTTTTATCCTTATAGCGTTTAAGAGCAGCCAAACTAGCATCAAGATT
CP177185.1_gap7	260315	262158	1843	TACGAGCTTGCAAATGGTAAAATAGAAAGACTTTCTACTCCAAATTTAATCCAAATGATCATGCTTGCAACAGCTTGTTTGATTATGCTTTTTGCTAAAGTTCCTGCTAATAAACTTGGTGAAGCTTCTGTATTTAAATCAGGACTTATAGGAGTTGTAGGGGTTTTTGGTATAGCTTGGATGACAGGAACATTTTTTGAAGCTTATAAGCCTTTATTTAGCGATTCTTTATCACATGTTGTAGAGGATTATCCGTATTTATTTGGGGTGGCTTTATTCGCTTTTTCTATGGTGATTTTTTCTCCTTCAGCAACGGTAGCTGCTTTAATGCCTTTGGGTGTGAATTTGGGAATTCCTCCCCAAATTCTTATTGTACTTTATCCTTGTGTGAGTGGAGATTTTATAGTACCAGGTGCTAATCAGATAGCATGCGTGGCTTTTGATAGAACAGGCACAACAAAAATAGGTAAATTTGTAATCAACCACTCTTACTTAAGACCGGGGTTTGTTTTGATTATTAGTGCGACTATTGCGGGTTATTTTATCTCTAAGCTTGTATTTTAGCTTAGAGATTGTTTTTAAGTTTTTGTAGATATCTGTAGACGCTAGGTTCTGATATATTAAGCGACTTAGCAACTATAGGTATGCTTCCTTTGATGTTAAAAATTCCTTTTGAATGAAGCTTTTTAATAATCTCATCTTTTTGCTCAGTGCTTAAGCTATATCCTGAATTTAAATATTTCAAATCTATGTTTTCAGCTAAAATATCTTCTATAGAATGACTAAGTGTTTCTATATTACTCACATTATGTAAATTTACATTGTTTTGATTATGAATATCTAATAAATCACTAAAATCATTGATTTTTTCAAGTTCTATGATTTTACTAATAGCATTTCTAAGCTCTGTGGTATCGTGATTTATACATAAAATCCCTACGATTTTATTTTGATTTTTAATGAAAAAAGTTGATCCAGTAACGATCTTAGACTTTCCAACCTTTGCTTTATAATCACATAAAAAGTCTTTGTTTAAATACTCTTTTTCTTGTACAAGCTCGCTTGCAAAAGAAGTTAATGGAGAATTAATTGTTCTTCCACTAATGTGGTTATTTGCAATGGCTGCAATATAGGAACCCTCAGGTGCAATCACATGAAAAACGATTTCATATTGATCTCCAAGTACTTGCCCTAAAAACTGAGTGAGCTTGATAAATAATTCTTTTTGTTGTTCATCCATGATCTAGACCTTTTTGTTGTTTTTTGTTATTTTACAAAATATTTCATCAAAGTTGCCAATATTTATCATAATAAAAAAAATTATTACTATGATAAAAAAATATTGACAATTTATTATTATGATGATAATATTATATTATGATTTCATTTAAACACAAGGAGTATACATGGCAAATTATCCAAAGGCTATAGGACCATATTCAGCTTATAGAGAAGCTAATGGTTTGTTATTTATTTCAGGACAACTTCCTATTAATCCAGAAAGTGGAAATATAGAAAGTGAAGATGTAAAAGAACAAACAAGACAGTCATTGTTAAATATTAAGGCTATATTAGAAGAAAATAATCTTTATTTTAACAATGTGGTAAAAACTACTTGCTTTTTAGCAAATATTGATGATTTTGTGGCTTTTAATGAGGTTTATTCTGAATTTTTCGCAGCTCCATATCCTGCAAGAAGTGCTTTTGCGGTAAAAGATCTTCCTAAGGGTGCTAAAGTGGAGATAGAGGTTATTGCTCATAAAGGATAGAGCATGTTGGGTTTATTTTTTGCAGGATGTTCTGTATCTTTACTTGTTTTTATGCTCTATAAAAAAATCAACGC
CP177185.1_gap8	316023	317336	1313	AAAAAGAAGAAGCACATGGTCTTATAAATGCAAGAGACTTTGGTGGTACTAAAAAATGGAGAACATGTTATATCGCCGATGCAACAGGGCATTGTATGCTTTATGGTGTGGCAAATGAAGCGATTAAACATCAAGTTAAAATCATTGATAGAATGGAAGCAGTAAGAATCATCCATGATGGTAAAAAATGTCTAGGGGCTATTGCTAGAGATTTAACTAATGGAGAATTAATCGCTTATGTTGCTAGAGGAACTATGATTGCAACAGGTGGTTATGGTAGAATTTATAAACAAACCACAAATGCGGTAATTTGTGAAGGTACAGGAGCTGCTATTGCACTTGAAACTGGACTTTGCAGACTTTCAAATATGGAAGCAGTACAATTTCACCCAACTCCAATCGTACCAAGCGGTATCTTACTAACTGAAGGTTGTAGAGGTGATGGTGGTATCTTAAGAGATGTTGATGGCTACCGCTTTATGCCTGATTATGAGCCTGAGAAAAAAGAACTTGCAAGTAGGGACGTTGTAAGTCGTAGAATGATGGAGCACATTAGAAAAGGTAAAGGTGTAAAAAGCCCTTATGGAGATCATTTATGGCTTGATATTTCTATCCTTGGTCGTGCTCATGTTGAAAAAAATCTTCGCGATGTTCAAGATATTTGTAAAACATTTAATGGTATTGATCCTGCTGATGAGGGTCCAAAAGGTTGGGCGCCGGTTTTACCTATGCAACATTACTCAATGGGTGGTATTAGAACTAAACCAACCGGCGAAAGTCAATGGCTAAATGGTCTTTTTGCGTGTGGTGAAGCAGCTTGTTGGGATATGCACGGATTTAACCGCTTAGGTGGAAATTCATGTTCAGAAACTGTTGTTGCAGGTATGATCGTAGGGGATTATTTTGCACAATATTGTAAAGAAAATGGTTCAGAAATTGATACCAATATCGTTAAATCTTTCCTTTCTAAAGAGTATGATTATTTAAAATCTCTTGTAAGTAAAGAAGGAAAGCATGATGTATTTGAAATCAAAAACAGAATGAAAGACATTATGTGGGAAAAAGTAGCTATCTTTAGAACAGGTCAAGGTCTTGAAGAAGCGGTTAAAGAGCTTGAAGAGTTATATCATAAATCACTTGATCTAAAAGTACATGATAAAGAATTAAAATGTGCAAATCCAGAGCTTGAAGAAGCTTATAGAGTTCCAAGAATGCTAAAAATTGCTTTATGTGTTGCTTATGGTGCGCTTTTAAGAACAGAAAGCCGCGGGGCTCATTATAGAGAAGATTATCCAAAAAGAGATGACTTAAAT
CP177185.1_gap9	318525	319819	1294	TGAATTTAAAAATTTGATGAAAAGTTTAAATTTACGCTTAGATCTTTATGGTATTCAGTATGCACAGGTTTGTTTTATTAATGCTTTAAATTTAGGAATTTTAGACAAAAATGAGCTTTTAAAATCCCTGGAAAAACTTCAAAAAATTACCGATAATACTTTAATACATGCTTTTGTATCTAGGCAAAAAGTTATTCAAAAAGATTACAAGCAGGAAGTTAAAAACTCACATCAAACATTAGATCTTATTAACCAAAACTTACAAGAGCTTTGTGAAGATGAAAAAGTTCAAAAACTCTTACAAGAAGCTTTGGTTAAATTTAGTAATATTGATTTTTCTATCGCAGTAACGGGCGTGGTAAATGCAGGTAAATCAAGTATGCTAAATGCACTTTTAAAAAAAGATTTTTTAGGTGTATCTAATGTGCCTGAAACTGCAAATTTAAGTGTTTTAAAATACGGCAAAGAACAAAAAGCTAAGATATATTTTTGGAGTGATGAAGAATGGCAAGATATTTTAAAAAGCTCTAAAGATAATCAAGATATGCAAGATCTTATAAAACAATTAGAGCAAAATTTTAATCTAAATGGGTATATTGAAAAAGAAAATAAAAATATAGAAATAAAAATTGAAGAATTAAAAAATTACACTAGTGCAAAAAACAAAATTTCAGCACTTATTAAAAAAATAGAGCTTTTTGCATCGCTTGATTTTTTAAAAGATAATGTTTGTATAGTTGATACTCCAGGACTTGATGATGTGATCATCCAAAGAGAGCTTTTAACAAAAGCTTATATAAGCAAAGCTGACTTTTTAATCCACCTTATGAATGCTTCTCAAAGTCTTAGTCAAAAAGATTGTGATTTTATTATAGAATGTTTGCTAACTTCAAGAGTAAGTAAGCTTTTGATTGTGCTTACTAAAGCTGATTTACTTAATCAAAAAGACTTGCAAGAAGTGATTCACTATACTAAAAATAAACTCAAAGAAAATTTAGCACAAAAGCAGCTTAGCCAAGAATTATTAGATAATGTAGATTTTGTGTGTATCTCTTCGAAACTAGCTAATGATTTTTATCAAAAAAAAGGTGGAAATTTAGAACAAAGTAATATTTTAACACTAGAAGAACTTATAGCTAAAAGCTTATATGATAAAAACAAAATCGCTCTAAATGCTTATAAAAAAGAATTATTATTGCATTTAGAAAAAATAGAAGAAAAAATTAAATTTTCTAATAAAATGCTAAATTATGAAAGCTTTGAACTTGATAAGCAAAATCAAACTATTATCAAT
CP177185.1_gap10	402647	405928	3281	AAGAGCTAAAGGTCTATTTTGTTCATCTAAAGCCATATCCTGCTCAAATAATATATAAAAACAAAGTGCTGCGATGATATTTACATCGCTTGGAGGACAACCTGGTATATTGATTACTTTTTCTTCTAAGACTTTAGAAATTCCTATGCTTTTGGTAGGATTTGGATGCGCAGCTTGAATTCCTCCATAGCTTGAGCAAGTTCCCATAGCAAAGATTGTTTTAGCATTCTTAGCACATTTTTGTAAAATTTCATATCCATTTTCACCATGTGCTCCTATGGTTAAATAAAAAGGATCTATAGCACAAACCCCACCTTCAACAGCTAAAAGAAAATCTTTTTTTTCTAAAATTTCTTCTAGATGTGATTCTGCTTGATGTCCGCTTGCGCTCATAAAGGTTTCATGATATTCTAAAGAAATAAAATCAAAAATTAAATCCAAAAAATCAGGCAATGAAGTTCTAAGCAAACTTTCACTACACCCTGTACATTCGCTTAAATGAAGCCATATAAGGCTAGGTGGGGTGTGAAGTTGGAAATATCTATGTGCCAAAGGGTTAAAATCACTTGGCAAACCTAAAATTTTAATGATAGAATTTACAGCCTCTAATGAGATATTTTTTTCTTCTTTGTGTGAGTTTTCTAATAGAGCGATTTTATGCTCTAATATGCTTTTTAACTCTTCATTGCTTAAAGACATTTTTTAACCTTTAGCTATTTGTATCATATTTAAAAAATCATTTGCATTTAATGCAGCTGAACCTATTAACACTCCATCGCAATTTCTTAAAGCACAAATTTCTTTAATATTGCTTTGATTGACACTTCCTCCATATAAAAGCTTAGCTTCGCTAAATTCTCTTAAAAAATTAAGTATGGTGTCAATATCATCAAGATTAGCACTTACTCCAGTGCCTATGGAATAAATAGGCTCATAAGCTATAATAAGTTTTTTATAAGATAAGTCAATATTTTCAATTTGTTTTTTTAAAAAATCCAAACTTTTGTTAGCATTCTTAGTTTCTAAACTTTCACCTATGCAATAAATGATGTTAAAATCAAGATTTTTTGCAAAATCAAATTTAGCTCTTAAAAAGCTTTCATCTTCGTTTAAAGCTCTTCTTTCAGAATGGCCTATTAAAACACTTTTGATGTTAAATTCTTCTAAGTGAATTTTACCTATTTCTCCAGTATACGCTCCATTTTCACAAGGGTAGAAATTCTGCGCGCCTTGTTGAAAGGAAAAATTTTCTTTTAAAAAAGCTATGCTAGGAGGGAAGATGAAAATTTCATCTTCTTTGTTTAAGTTTTGGTTTAATTTTTGAGCGTAAAGTTCAAAGCTTGATCTTGTGTGATTGCACTTTAAATTTGCTGCAAAAATCATTCATTATCCTTTATAGTCAAAGGTTTTACACCAGGAAGTTCTTTTCCTTCTATAAGTTCTAATGATGCTCCACCACCGGTTGAAATGAAAGTCATCTCATCAGCATCACCTGCTCTTGCTACAACATCAGCAGTATCGCCACCACCTATTACAGTTGTTGCATGAGATTCGCTAATATAATGGCTCATTTTAATGCTACCTTTTGAGAATTTATCTATTTCAAAAACCCCCATAGGTCCATTCCACCATATAGTTTGAGCATCAGAAAGTGCTTCTTTAAACAATCTTACACTAGCTGGACCTATATCAAGCCCCATCCAACCTGCGGGAATTTCTTGTACAGGGGTGTATTTCATCACTGCTTCTTGAGAGCAAGTTTGTGCTGCTGTAACATCCACAGGAAGATAAATTTTTACACCTAGATTTTTACCTTTGAGTAAGATTTTGTTTGCTTCTTCAATTAAATCTTCTTCTAAAAGAGAATTTCCTATATCATAACCTTGAGCTTTTAAGAAAGTAAAGGCCATACCTCCACCTATGATAAGCTTATCTACTTTTGGAAGTAAGTTAGTCAAAGCTTGTAGTTTTCCGCTTACTTTAGAGCCACCTACTACCGCCACAAAAGGTCGTGCAGGGTGTTTGATAAGATTACTTGCAAACTCGATTTCTTTTTGGAGTAAAAAGCCTGCACCTTTATTTGCATTATCAAAGTATTTAGTGATAGCTTCAACACTAGCATGAGCTCTATGACAAACCCCAAAAGCATCGTTAATATAAACATCGGCCATAGAAGCAAGTTCTTTGGCTAAATTTTCATCATTCTTAGTTTCACCCTTTTCAAAGCGTAAATTTTCTAAAAGTAAGATTTCACTCGGCTTTAATTCACTAGCTTTTTTCTTTGCATCTTCACCTATAACATCTTTAGCCATGATGACTTCTTTAGCCATTAAACGTGCAAGTCTTTTTGCAACCGGCTCTAAAGAATATTTTGAAGCTATTTCTTTTGGGCGCCCTAAATGTGAAGCTAAAATAACTGCACAACCATTATCTAAACAATATCTTATAGTAGGGATAGCTGAGCGAATACGACGATCATCAGTAATATTTAAAAACTCATCTTGAGGAACATTAAAATCACATCTAATAAATACTTTTTTCTTTGCAAGATCAATATCTTTAATCGATAAAATACTACTCATCTTAAGCCTTTGCTATGAATACTGCCATATCTACTAAACGAGAAGAATATCCCCATTCATTGTCATACCAAGCAACCACTTTAACAAAATCATCACAAATTACTTGAGTTAAATCACTTGCTACAATTGCACCATAAGAGCAAGTTATAAAATCACTTGAAACTCTTTCTTCATCATCAACCAATAATATACCTTTTAAATTACTAGCAGCTGCTTTTCTAAAGGCTTCGTTGATTTCTTCTTTACTTACTTTTTTCTTTAAAGTTGCAGTTAAATCCACAGTTGACACATCAGCTACAGGTACACGCATGCTTTGACCATGTAATTTTCCATCAAGTTCAGGCATAACAAGTTTCATAGCTTTTGCTGCACCTGTTGAAGTAGGGATGATATTTTGAGCAGCAGCACGTGATCTTCTTTTATCTCTAGCTTTTGCATCAATAATGCTTTGTCCGTTTGTGTAGGCATGAATAGTTGTCATTAAACCTTTTTCTATGCCAAAATTATCTTGTAAAACTCTACAAATTGGACCTAGACAGTTAGTAGTACAACTTGCGTTTGAGATGATGTTTTCGCCTTTGTATTCGTGAGCATTTACCCCTAAAACATAAGTTGGAGTTTTATCTTTTGCAGGTGCGCTCATGATAACTTTTTGCACCCCATGATCTAAAAATCCTTGACATTTTTCCATAGTTAAGT
CP177185.1_gap11	408775	409320	545	TTTTTGGCGAGGAATTGCTAAATATAATTTAAGCTTAGAAGAAGAAGCTATAGAAGATTTAAACAAGGCTTTAAAAATTGATAAAAACCATAATGGTGCAAAGTATTATAAAGGACTTTGTTATGAAGATCTTTATATGTTTGAAGAGGCTATAAAATGTTATGATAGCGTGATTTTAAGTAACGAAGAAGATGATGAGTCGTATTTTCATAGAGCAAAATGCAAAAGAAATCTTGAAAAATACAATGAAGCTTTAAAAGATATCAATGAATGCTTAAAAATAATTGATGATATTGGAGAATATTGGATAGAAAAAGCACAAATTTTAAGCTTTTTAGGAAAATATGATGAAAGCTTTGAAGCGGCAAAAAAAGCAAGTGAACTTGAACCAAAATCATATGAGTGTTATCATTTTATGGGTGCAGTTAAAGTATATTTGCAAGATTTTAAAGAGGCTATAAAATATCTTAATATGGCTTTAAATTTAGATGATAGTGAAAATTGGACACATTATTATAAGGCAGAGTGTTTAAGAAATTTAGGTG
CP177185.1_gap12	456338	459682	3344	TTTTAAAACTTAAAGCAAGTATATAGCTAATAATAAAGCAATAAGTAAAGTAAAATAATTTATTACTTATGTTTTTAAATTATTTAAACTCTTTATATATACTTCCTTTAGGTTTTAAGACCTAAGCTAAATAAATAATAGAATATTTATATATTAGATTAGTTATTTAATGTTATTTGAATTATCATTGTTAAGAGTCACAAGCAAGTTTTAATAAAAACAATTTTACAGGACTTGTTAAAGGATAAAACCTAACTATCTTTTCTTTAGCTTTTAGTTAAAGACAAGTTTTAAACTCACAGCTTAGTGAGACTAATTTATTTAGTTTTATTAAGTGTTTAAATGCTTTCCGTCTTAAGATAGTAAAGTCTTATCATAAAAACTTTAACAAGGAAGTGATGCGTTTTAGAATGAATTTAAAAGGTAAGCTATTAAGAGCGAATGGTGGATGCCTTGGCTGGTAAAGGCGATGAAGGACGTACTAGACTGCGATAAGCTACGGGGAGCTGTCAAGAAGCTTTGATCCGTAGATTTCCGAATGGGGCAACCCAGTATATAGAGATATATACTACCATAATGGAGCGAACGTAGGGAATTGAAACATCTTAGTACCTACAGGAAAAGAAATCAATAGAGATTGCGTCAGTAGCGGCGAGCGAAAGCGCAAGAGGGCAAACCCAGTGCTTGCACTGGGGGTTGTAGGACTGCAATGTGCAATAGGTGAGGTTAGTAGAACACTCTGGAAAGTGTAGCCATAGAGGGTGATAGTCCCGTATACGAAAACCAAACCTTAGCTAGCAGTATCCTGAGTAGGGCGGGACACGAGGAATCCTGTCTGAAGCTGGGTCGACCACGATCCAACCCTAAATACTACTACCAGACCGATAGTGTACAAGTACCGTGAGGGAAAGGTGAAAAGAACTGAGGTGATCAGAGTGAAATAGAACCTGAAACCATTTGCTTACAATCATTCAGAGCACTATGTAGCAATACAGTGTGATGGACTGCCTTTTGCATAATGAGCCTGCGAGTTGTGGTGTCTGGCAAGGTTAAGCACACGCGAAGCCGTAGCGAAAGCGAGTCTGAATAGGGCGCTTAAGTCAGATGCTGCAGACCCGAAACGAAGTGATCTATCCATGAGCAAGTTGAAGCTAGTGTAAGAACTAGTGGAGGACTGAACCGATAGGCGTTGAAAAGCCCCCGGATGACTTGTGGATAGGGGTGAAAGGCCAATCAAACTTCGTGATAGCTGGTTCTCTCCGAAATATATTTAGGTATAGCGTTGTGTCGTAGTATAAGGGGGTAGAGCACTGAATGGGCTAGGGCATACACCAATGTACCAAACCCTATCAAACTCCGAATACCTTATATGTAATCACAGCAGTCAGGCGGCGAGTGATAAAATCCGTCGTCAAGAGGGAAACAACCCAGACTACCAGCTAAGGTCCCTAAATCTTACTTAAGTGGAAAACGATGTGAAGTTACTTAAACAACCAGGAGGTTGGCTTAGAAGCAGCCATCCTTTAAAGAAAGCGTAATAGCTCACTGGTCTAGTGATTTTGCGCGGAAAATATAACGGGGCTAAAGTAAGTACCGAAGCTGTAGACTTGATTTTATCAAGTGGTAGGAGAGCGTTCTATTTGCGCCGAAGGTATACCGGTAAGGAGTGCTGGAGCGAATAGAAGTGAGCATGCAGGCATGAGTAGCGATAATTAATGTGAGAATCATTAACGCCGTAAACCCAAGGTTTCCTACGCGATGCTCGTCATCGTAGGGTTAGTCGGGTCCTAAGTCGAGTCCGAAAGGGGTAGACGATGGCAAATTGGTTAATATTCCAATACCAACATTAGTGTGCGATGGAAGGACGCTTAGGGCTAAGCAAGCTAGCGGATGGAAGTGCTAGTCTAAGGTCGTAGGAGGTTATATAGGCAAATCCGTATAACAATACTCCGAGAACTGAAAGGCTCTTCAAAGTCTTCGGACAGCGAGGAGAATTGCTGATGCCGTCGAGCCAAGAAAAGTTTCTAAGTTTAGTTAATGTTGCCCGTACCGTAAACCGACACAGGTGGGTGGGATGAGTATTCTAAGGCGCGTGGAAGAACTCTCTTTAAGGAACTCTGCAAAATAGCACCGTATCTTCGGTATAAGGTGTGGTTCGCTTCGTATTAGGATTTACTCCGAAAGCGAAGAAACTTACAACAAAGAGTCCCTCCCGACTGTTTACCAAAAACACAGCACTCTGCTAACTCGTAAGAGGATGTATAGGGTGTGACGCCTGCCCGGTGCTCGAAGGTTAATTGATGGGGTTAGCATTAGCGAAGCTCTTGATCGAAGCCCGAGTAAACGGCGGCCGTAACTATAACGGTCCTAAGGTAGCGAAATTCCTTGTCGGTTAAATACCGACCTGCATGAATGGCGTAACGAGATGGGAGCTGTCTCAAAGAGGGATCCAGTGAAATTGTAGTGGAGGTGAAAATTCCTCCTACCCGCGGCAAGACGGAAAGACCCCGTGGACCTTTACTACAGCTTGACACTGCTATTTGGATAAGAATGTGCAGGATAGGTGGGAGGCTTTGAGTATATGACGCCAGTTGTATATGAGCCGTTGTTGAGATACCACTCTTTCTTATTTGGGTAGCTAACCAGCTTGAGTTATCCTCAAGTGGGACAATGTCTGGTGGGTAGTTTGACTGGGGCGGTCGCCTCCCAAATAATAACGGAGGCTTACAAAGGTTGGCTCAGAACGGTTGGAAATCGTTCGTAGAGTATAAAGGTATAAGCCAGCTTAACTGCAAGACATACAAGTCAAGCAGAGACGAAAGTCGGTCTTAGTGATCCGGTGGTTCTGTGTGGAAGGGCCATCGCTCAAAGGATAAAAGGTACCCCGGGGATAACAGGCTGATCTCCCCCAAGAGCTCACATCGACGGGGAGGTTTGGCACCTCGATGTCGGCTCATCGCATCCTGGGGCTGGAGCAGGTCCCAAGGGTATGGCTGTTCGCCATTTAAAGCGGTACGCGAGCTGGGTTCAGAACGTCGTGAGACAGTTCGGTCCCTATCTGCCGTGGGCGTAAGAAGATTGAAGAGATTTGACCCTAGTACGAGAGGACCGGGTTGAACAAACCACTGGTGTAGCTGTTGTTCTGCCAAGAGCATCGCAGCGTAGCTAAGTTTGGAACGGATAAACGCTGAAAGCATCTAAGCGTGAAGCCAACTCTAAGATGAATCTTCTCTAAGCTCTCTAGAAGACTACTAGTTTGATAGGCTGGGTGTGTAATGGATGAAAGTCCTTTAGCTGACCAGTACTAATAGAGCGTTTGGCTTATCTTATTTAAGCATCACTTC
CP177185.1_gap13	483771	484371	600	ACTTTAAGAGGTCCAAGAGGCGGGGTTATTATGTGTAATGATGAAGAAATTGCCAAAAAAATCAATTCTGCAATTTTCCCAGGTATTCAAGGTGGTCCACTAATGCATGTAATTGCTGCTAAGGCAGTTGGGTTTAAATACAATTTAAGCGATGAGTGGAAAATTTATGCTAAACAAATCATTAAAAATACTGCTACTTTGGCACAAGTTTTAATAGATAGAAAATATGATTTAGTTAGCGGTGGTACTGATAATCATTTGATTTTATTAAGTTTTTTAAATAAAGAATTTAGCGGTAAAGATGCAGATTTAGCACTAGAAAGAGCAGGTATTACAGCTAATAAAAATACTGTTCCAGGTGAAACTAGAAGCCCTTTTGTGACGAGTGGTTTAAGACTTGGAACAGCGGCTTTAACAGCAAGAGGCTTTAAAGAAGAGCAAATTGCTATTGTTGCAAATTATATAGCTGATATTTTAGATGATATACAAAATACTAAATTACAAGAGGAAATCAAGGTTAAACTAAAGGATTTAGCAAGTAATTTTATTATTTACGAAAGGGCTTTATTTTGATTACAACAATGGATTTAGCTTTAATTA
CP177185.1_gap14	489782	491467	1685	TGATAAGAAAATGCACACAATGTGGTGCTTTAAGTGAAAATGAATTATGTGAAGTTTGTTCTAATATAGAAAGAAATCGTAATATTATCTGTATAGTTCAAGATTCTAAAGATGTCTTGGTTTTAGAAGATAGCAGAAGTTACGATGGGCTTTATTTTGTACTTGATGATACAAGTGAAGAAAATATTATAAAATTAAGAAGCATGATTGAGCATAATAAAACCACAGAAATATTTTTTGCTTTCACACAAGGCTTAAATTCTGATGCTATTGTTTTTTTTATAGAAGAAAAATTAAAAGATTTAAATTTAAGTTTTTCGCAAATAGCTCAAGGTATTCCAAGTGGTGTGAGTTTGGAAAATGTTGATTTTATATCTTTGCATAAAGCTATAAATCATAGAACTAAACTTGATTGATATATTGTTTTAACAATGCCAACCATTCATTTTTGTTAATATCATTTAAGATTATATTGGCAAAATCACAGTTTTTAACTCTATCTTTGGAAAAAAGTAAAATGGTATTTTGTGAATTTTTTATTTTATATTCTTGCAAAATTTGACTGATATGTGTAAGATCAAATTTTATAACTTCATAATCAATTAAAATCAATTTGAAATTTAATTGTAAAGATTTTTTAAAATCACTTAAATTATTTACAGTTTGGTTGTTTTGGCAAAATTGATTGGTTATATTTAAAATAAGATCGTTTTCAAAACTAGTAGATTTAAAAATCAAGACATTATGAGAATTTCTTTTTTTGTAAGTTTCTTGTGTGAAATTGGCATTTAAAAAATTAATAATATCTTCAGTACAAATTTTAGTAAAAGTAAAATTTAAAATATCATCAACCTTTTCTTTTGAGATAATAAGGCTAAAATTCTTTTCTTTGTAATCCTTTGTAATTTCACTACTAATTCCTATATTTGATAATATACATTGCAAAAGAAAATTTTCAATAACATTGTTGTTTATGATACCTGCATGTATATTTTCAAAACAATCATTTATGGGAATTTTATTGTGGTGGTATTGTTGTAAAATTGGTTTTAGTGTGTATAAATTATCTGTTTGTAAGTAATTTAAACCTTGGATAAGATATTGAAAATCTTTTTGTGTAAGTTGGTTTTGTAGCTTTTGATCTTGCAATTGCTTGTTGATTAAATCAAACGATAGCTTTAAATTTTCTTTTAATTCTTCCAAAGAATTTGATTTTGACAGAGAAAGATATTTTTCAATTTCTTGTGTTAAAATTTTATTTTTTTTGATTTTTTGATTTTTTAAGATTATATAAACACACGCAATAATAAAAATCAAAATACTCATAAAAGTATAAATGAAGAATAGTTTTTGATGGATAGGATATAAAAAATAATAATTTAAAAAACATAAAATTAAAGTCAAAAGACTAATAAATAATATCATAAATTTTCCTTGATTAATTTAGCTATTTTTGCATTGGAAAGTGATTTTAATTCATCAAAGCTAGCTTTGCTAATTTCATCAAAACTACCATAATAATCTAAAAATTTTTTAATATATCCTTGGGAAATTCTAAGTTGTATTAATTTAGAACTTTGCAAATCTTGTTTTCTTTTTGTTTTTTGATGAAAACTAATTGCAAAGCGATGTGCTTCATCGCGTAATTTTTGCAAAAATTGTAATTTTTTATCATCAGTTGAAAG
CP177185.1_gap15	654447	658799	4352	TTTTGGCACTTTGGGCATTTACTTGGAGTTTCTTCGCTTGCCCATTCATGGGAGCATTCGCAATAATATACAGGAATTTGATGACCCCACCAAAGTTGTCTTGAAATACACCAATCTTTTAAATCTCTCATCCAAGCATTAAAACTATTAATCCAATGTGCAGGGTAGAATTTGCTTCCACCAAGATTAACTTTTTCTATGCTTTCTTTTGCGATTTCATTTTTTACAAACCATTGCTTAGAAATATATGGCTCAACCACATTTTTACAACGATAGCAATATCCTACTTGATTAGTATAGTCTTCTATTTTTTCAACAAAACCTTTTTCTTGTAATTCTTTTATAATAACATCTCTTGCTTCTAATCTTTCTAAGCCTTTAAAATGCAAGCAATGTTCATTTAAAATACCTTTTTCATCAAAGATAGTAATAAATTCAAGTTTATGTCTTAAGCCTACTTCATAGTCATTATGATCATGTGCTGGGGTTACTTTCACAAAGCCTGTACCAAATTCCATATCTACATGCTCATCAGCAATAATAGGAATTTTTCTATCTATTAAAGGTAAAATGACATTTTTACCTATTAAGTGTTTAAATCTTTCATCATTTGGATTAACCATCACAGCACTATCGCCAAAATAAGTTTCTGGTCTTGTGGTGGCTACTACGATGTATTCTTGAGAATTTTCTAAAAAATATTTTAAATAATATAATTTTCCTTTATTTTCTTTATGTTCAACTTCTATATCACTTAATGCTCCATCATGAGTACACCAATTTACCATGTAATTTCCACGCACGATGAGCTTTTTATCATAAAGATCTACAAAGGCTTTTTTTACTGCATTTACCAAACCCTCATCCATGGTAAAACGTAAGCGACTCCAAGCAGGAGTGATACCTAAAATTCGCATTTGCTTAACTATAGTGCCACCGCTTTGTTCTTTCCATTCCCATACTTTTTTTATAAATTCTTCTCTGCCTAAATCTTCTTTTTTAACACCTTGAGCTAAAAGTTGTTTTTCTACAACATTTTGTGTTGCAATGCCTGCATGATCAAGCCCCGGTTGATAAAGGGTTTTATAGCCATCCATTCTTTTATAACGCGTTGTGATATCTTGTAAAGTACAAGTTAGAGCATGGCCTATGTGTAAAACACCTGTTACATTGGGTGGTGGCATCATAATACAAAAGTTTTTGCCTTTTTCTTGAATTTTTTCATTGCCATTGATTTCAAAATATCCGCGTTCTTCGCAAATTTTATAATATTCTTTTTCTAGTGATTTATCATACATAATTGTTACCTTGAGAATGAAAATAAATTGTTATGTTAGCTTAAAATTGTTAAAGAAGTTTTGAAATTTAGAAATTAGTTATAAAAAACTAATTTCTACTTTACGGTTATTTTGTCTTTGAGAATCAGACTTATCTTTAGTAGGGTAGGTATCTTTTCCTAAAGATTCTATTTCTATAACTTCAGTAAAGCTAAAGAAATGTTTAGCCACATTCATTGCTCTATTTAGTCCTATCATATAGTTGGCAAAAGTACTACCTCTATCGTCTGCATAACCTTGAATTTTGATTCTTTTGATTATATCTTCTCTTGCTAGGTTTTGATTGATTTTTTCAAGTAAATTTTCATTGCTGTATTCGCTATATCCATTTCTTTCAAATAAAAATTTCAAATCAGAAATTTTAACATCTACATAATTGTATTTTTTCTTATTTTTAGCAAAAACAATATCTTTATTATATATACTTAATTTCATATTGTCATTTGAAAGCATATCGATAAAAATCGTTAAATTATAATCTTGAGAATTAGCTTTAACAGGATTAATCATTTCTTTTAACATATCAACTCTATAATCACTTAAACTTTTTCCATCTAATACATAAACTTTAACAAAATCATCACTCAATCTTGGCTCGTATCTGCTAGTTTTGCCTTTTGCAATGTATTCTTGCATAGTATTTTTATATTTTGTTGTTTTTTCTTTTTTTACGTTTGTTTGTTTGTTATTTTCAACTGGAACTTTTTTTTCTTCTTGGGTTACTTTAGGTGCGATAGTTTCATTTTTAGAAACTTCAGCTATATTTGTTTGGGTTGTTGGCACGACTTCTTGAGTGCTTGTATTTTCATCTATGATAGGATTATTTTGTACTGGATTTTCTTCTTTTAAAGGCTCTTGAACTGTTTGTTGTGATTGATAAGTATTATCACTTATATTATTTCTTTCTTGATTGTATTGAGTGCTTGGTGGAGTGTAGCTTTGATAAGAACTACTTTTTTTATAATCATATACATAAGTATTTGAATCATCTTCAAAATACCACATATAAAAACCAATACTAGCGCCTATTAGCACCACAAAAGCTATACTAAAAGCAATAATACTTTTCATTTTTTATCCTTTGTGAAGTCCTTAAAAGGACTTTTGATTATTTATAATTTTTAATAGAATTTTCTAAAATTTCACTTGCTTTTTCAATACCTGCAAATTCTTTTACTTTTACCCATTTGTTTGGCTCAAGCATTTTATATGTCTCAAAGAAATTTTTGATTTTATCTAAGCTTGCTTTTGGTAAATCATCTAAACTTTTAATACTATCATATCTTGGGTCAATTTTACTTACAGGAACAGCTAGTAATTTTTCATCCATACCGCTTTCATCTTCCATTAATAACACTCCTATTAAACGACAAGGAATCACAGCTCCTGCTTGAATAGGGTATTCATTTAAAACTAAAACATCAATGGGATCGCCATCATCTGCAAGAGTGTTTGGTATAAAACCATAGTTTGCTGGATAAAACATAGCTGAATACATTACACGATCAACCATGATGGCTCCGCTTTCTTTGTCAAGTTCGTATTTAATGTTTGAACCATAAGGAATTTCAATAACCGCATTAAGTTTGTTTGGTACTTCTCCAACTTTGATTTTGCTAATATCCATTTTTTATCCTTTATTTTAATAAATCATTAATTAAATTTTTCATATCAGCCACAATAGCTTCAATACTTCTTTCACCATTGATTACATGGTGGATGTTTTCTTTGGTATAAAAATTTATTATTTCTTCTAAAGGTTCCAAATAAACTTTCATTCTATTATTGAAAACTTCTTCGTTATCATCAGCACCTCTAGCACGCCCTAAAACTCTTTCTCTAGCAACTTCTTCGCTAACTTTAACTTCTATAACACCTTTTAAATTTACTTCGCTTTGATTTTTTAATACCTTATCAAACTCAAGCATTTGCTCAACACTTCTTGGATAGCCATCGATAAGTATCGTGTTGGTTGGTGCATTTTTTAAAGCAGTGATGATAGTATTAACTACTACTTCTAAAGGAACTAAATTTCCCTTAGAAATAAAATTATCAATAATCTTTCCAAGCTCACTACCACTAGCAACCTCTGCTCTTAGTAAATCACCTGTAGAATAATGAGTAATGCTTGTATCATCTTTAGCTATGATACTTGCATCGGTTGTTTTACCACTACCTGGTGCACCTATGATTAAAAATAATTGTTTCATTTAGTATTCTCCCTTAATCTTATACCTAATTCTCTCATTTGTTCATTGCTTACTTCGCTTGGAGCTTGAGTCATAAGACATTGCGCTCTTTGTGTTTTAGGAAATGCTATAACTTCTCTAATGCTTGAAGATTTTGTTAAAAGCATGATAAGTCTATCAAGACCTATTGCTATACCACCATGTGGTGGTGCTCCAAAGCTTAATGCATCAAGCAAGAAGCCAAATTTCTTTCTTTGTTCTTCTTCATCAATATTTAAAAGTTTAAAGACTTTTTGTTGGATAGGGCTTTTATGAATTCTTATACTACCACCGCCTAGTTCTACACCATTTAACACCACATCATGTGCAATAGAATTAATCTCTTCTAAGTCTTGCTCATCAATATTTTTTGGCATAGTAAATGGATGGTGCATTGCAGAATAGCTCCCATCATCATTTTGCTCAAACATAGGAAAATCAATAACCCATAAGAATTCTAACTTATCCTCATCAATGATTTTCATTTCTTCAGCAAGGAATAATCTAAATCTACCCATATAATCAAGCACAGTTTTCTTAGCTCCTGCACCAAAAAATACTACATCTCCAACTTCTAATTCGCATCTTTGAATTAAAGCATTCAAATCTTCTTCACTAAAGAATTTGCAAAGTGGGCCTTTAGGACCATCTTCTTTCATTTGTATAAATGCAAGCCCTGCTGCTCCAAATTTGCGCACAAATTCTTCAAATCTTTGCATTTGGCGTTTAGAAAAAATCGTATCGCCTTTTGGAACTCTTAAAGCTTTAATGCGATTTTTCTTTGTAT
CP177185.1_gap16	661897	663385	1488	TTTTAGATGAAATCGATGCAAATTTGAGCGGCAAAGAAGCAATGAGTATAGCCGAAGTTTTAAAAGAGCTTGCTAAGTTTTATCAAATTTTTGCAATTTCGCATCTACCGCAACTTTCATCAAAAGCAAGTAACCATTTTTTAGTAGAAAAAATAGAAAATGAAAGTAGGGTAAGAAAAATAGAAAAAGAAGAAAGAGTGAGAGAGCTCGCTAGAATGGTAAGCGGGGAAAATATCACACAAGAGGCTTTAGAATTTACTAGAACTTTACTTTAAAAACAAAAAGTAAATTTTCTATATGATATAATAATAGTTTTAAATTACAAAGAGAGTTGGTTATGGAAGAAAAAATTTTAATTATTGATGATAATAAAATGCTTACAAAGCTTTTAGCAAAAAAAGTAGAGAATACTTTAGGTCTAAAAGTGGATGTTGCTTTTGACATGAATAGTGCTAAAGAATTAGTAAAAAATGATTATTTTATGGCTTTTGTGGATCTTTGTTTACCAGATGCTCCTAATGGAGAAGTGGTGGATGTGGTTTTAGAAAAAAATATTCCTGCTATAGTGCTTACTGGAAGCAGTGATGGTCAAACACGTAAAAAATTTATGGAAAAAGATATTATAGGTTATATTCAAAAAGATAGCGAAAGTTGTATTGATGAAATGCTAAGCTCCATTAGAATGCTTCAAAAAAATAATAAAACTAAAATTATTTTAGCAATTGCTAATGTAACTTTACGTGCGGAAATGAAAAAAAATCTTAATAATCAGCTTTTTAATGTTTTAGCAGCAGCACATGGAGAAGAGGCGCTAAATTATCTAAGTGATAATCCTGATACAAAATTAGTAATTTGCGATGCAACTATGCCTGTAATTAATGGGGAAGATTTGCTTGTAGAAATTCGCTCAAAATACTCTAAAATAGAACTTGGTGTGATTATGGTTGGAGATAAAGATGATGCGCTAGAGGCAAGAGCTTTTAGGAAAGGTGTGAATGATTATGTGATTAGACCTTTCCAAAAAGAATCACTTAATTGTAGAGTGAATAATTGTTTAGATTATATGCAAAAATGTGTTTTACTTGATGAATATAGTTTGGGTAAAGATTTGCTAACAGGTCTTGATGATTATGCAAATTTTGAAAAAAGATTTTTAGATTATTTAGAAGATATGCAAGAAAATGAAGAAATGGCTTTGGCATTAATTGATATAGACAATCTTGCAACAATTAATTATGAGTTAAGCTATGATTGCGGTGATGGAGTGATAAAACACACAGCTAAAAAAATCAAAGATCAAATTCGTGGTATGGATTTAGCAACTAGAATTGAAGATGGTAAATTTTACGTACTTTTAAAAAATACAGATAATAAAGAAGCATTGAAAGCTTTTTCAAATATAAGAGTAAATATTGCTAAAGAAAGTGTTTTAATAGCTCTAGATGAAGTAGATTATAGTGTTTCTGTGGGGGTTGCTTTTGGAATTAA
CP177185.1_gap17	672416	673145	729	GTTGATCAAATTCTTCAAAACTTAGTTTTTTTCTGATATTTTCATTAGTTTGTGAAAATTCATCTTTGTATTTTTGTGCTTCATCTTTTAATTCTGCTATTTTTAGTTCTTTATTAATACTTGCTTTTGCCTCATCAATATTGCTTTTAATGGCTTTTAAAATTTTTGCAATTTCAACTATAGTTGAAGGTAATTTTTCAGGCCCAAGCACTAAAATAGCTACAACTAAAATAACTAAAATTTCACCAAAACTCATTATTTTATCTTCTTTCATTTGAATATATGGTTTACATTTTACATAAAAATACTTAAAAATATTATTACTTTTACTATATTAATATATAAAGATATATTGATATATTAATATATTTTGATTATAATCACAAAAATTAAAATATTGAAAGGAAAAATATGTGGGACAAAGTTTTAACTATTTTACAAGAATTTCTGTTTCTTTTTAGCGAAATTTCAATTTTGTTTATTTTGGTAAGTATGCTTGTTGCTTTTGTGAATGAAAAGTATTCTAAATTTTTTGAGACTCACCTAAAAAGTGATGGATTTGGAAGCTATATCAAAGCTATATTTTTAGGTGCTTTAACACCTTTTTGTTCGTGTTCAAGTATACCGCTTTTAAATGCTTTTTTAAGAGCAGGAGTTCCGCTAGGTGTATGTATAGCTTATCTTAGCACCTCGCCTTTAATTAATCCTATTATTTTAGTGATGTTTGTA
CP177185.1_gap18	783168	784477	1309	TTTACTAATTTGTTCAGCTAAGCTATCATATGTAGTATTTTCATCGATATCTATGGTATATCTATCATAAGTATCGCCGTTTTTAACTACAAAAGTTAAAGAGGTTTTGCCATCTCCTGAATTTAATAATTTATCGCTTCCATTTGGTTTAAAAGAAAGCGTTCCGTTAATTTGAGTTTTATCATTATTTCCATTTTCTCTAAAACCAAATAAACCACCAGCGCTAATACTATTTTTATCAAGCTCCCATCCCATACCTTTTAAGAGATCTTCATCACCCGAAAAAGAAATATTGTTTTGTGTTCCAGTATCTTTACTTTGTACTACTAAACGATATGGGTTTTCTTTATCTCCAGTATTAACTATTTTAGCTTCTACTTTGCCGCCTGTAGCAGAGTTGATTTTTTCAGCAAGTTGAGCTACGGTAGTGCTTTGATCAATTTCTATTTTATATTCTTTTCCATCTTGTGTGATTGTAAAAGATTTAGTGCCACTTAGACCTAAATTTTGAAGTACTGATGAAGTTTTATCTCTGAAACCATTACTTTGATATACATCTTTTTGAGCAAGTTGATCCACAATAACTTTCATATTGGTAAGATTAGATAAAGATCCTACGGTTAAACTAGCAGCAGCACTATCCCCGCTTACACTGGGAGATACTTTCTTTTGATTAAACTGCGAAGCATCTCCTAGACTATTTACAGCCGTTTGAAATGCAAGTAGTTTAGCTTCAAGCTCTGCTAAATCTTTTTGTCTTAATCCATTAGTTTCAAGTTGCGAATTATAAAATTTTAAATTCGCATTCATCTCCGCTTCTTTAAGTTTATTAAGCGTATCACTTGTTAAAACACCAGAACCTATCCCTAAACTACCTAAACTACCTACTGCCATAATTAGCTCTCCTTATCAAAAATAGTACCAATAACACCTTTAAAATGTTCTATTAATTTCATTGCTTCTTCACTAGGAATTTTACGTATAAGTTTTCCCGTGTCTTTTTCAGTTACGTTTATATACATTTCATTGATTTTGTCGTTAAATGCAAAACGTACATTTGTTCCTAGTGTTTCCATTTGATTATTAAGCTTTTCTGTCACGTTTTTTAGTTTTTCATTTAAATTCTCATCTTGATCATTTAAATTAACTTGTTGTTGCTTATTCTCTTGAGGTGCTTTTTCAATACTTTTTGTATTAAAATGAGTTACATTTGCATCTCTTTGAATATTATTGCTAATGTCCATTTTAAACTCCTTTTTAAAAGACTTTAAAATACTCTATCGACATAATTTAAAAAAACTTAATATTT
CP177185.1_gap19	884606	888321	3715	TAGAAAACTAATAAATATTGTTTTACTTCTTCTTTGCAAATTAAAAAGGCTAGAAAATGAGAGATAAAATTTTAAAAAGGGTATTAAAATTATGTTTTTTTACATTTTTTATTTACAACACCGCTTATGCTTTGTGTACTGATGAGTTGAGCGATGAGGATTTAAAATTTATACAAAATACAAATTTAAATCAAGTTAATTTTAAATGCAATATAAACAATCAAACATATTATTACAGCAATCTCACCCGAAAAGAATATTTACAAAACTTAGAAGAACTTAAGGCGATTTATTTTAATCTGAACAAAGAAGAATTAAAAACACTAAGCTATGTCATCTATCTTAATGAAGCACTTTTTTATCTAAAACTTGATTTGAATTTTTTTAAAAACTTTTTCTCTGTACAAAAAAACGATATTTCAAACCTTGAAGACTTAAGAAGTTCTCATTATAAGCAAATAGAAAATATCCTAACATTAAATCAGAAAAAAGAATTACAAAACTCTTTTGTTTTAGCAGATCAAATTTTACAAAAAAATGAAATTGCAAAAGATTATATTGATATTTCTTCCAAGCTTATAGAGCAGAGTAAACTAGAAAATAAAGAAATTTTAAAGTATATTGAAAATTCAAATAAAGATATCTTCTCTCTTAAAAATATCAATCAATTAATCTTTTTTTATAATACAAATTTACTTATAAATGAAGCTAAAAATTATCCACAAAGATTAGCTCTTGCTTATGATAAAAATGAAGCATTAAAACTTTTAGAAATACTTTTAAAAACAATGAATAAAATTTCAAATAAAGAAGATAAACTCGTGCTTTTGCAAAATGCTTTAATTACTTACGATAAAGCAATATCAAGCTTGAATATTGATTTACCACTGAATGAGCAAAAATATAAAAAAATAATCAAAAGAAAAGAATATATTATTTTAATGGGACGATTTTTTCAAAGTGATGCGTTTGCTTATTTTAATACCAATCTAAAAAGAAAATTTGATTTTAAGGATGATTTTATTCAAATTTTTCCAAAAAGAACGAGTGAAATTTTAAAACTCATTGCAATTTACAATCAAACAAAAAAAACTTTAATACTTACAAAAGAAGCTTTAAAATATAAGGAATAAATATGTCAGACAAAAATGACTTAATAATACCCGAAGAGATTAGACAAGCTTGGGATGAAATAGAACCTATTTTAGATTATGGAAATACTATTTTAGAAACTTTCAACTCTTGCGGATTAATTTGCAAAAAAGTTCCTATTACTGGCGATGTTATCAATTTTATTTTGATCTGGGATGAAGAAAAAAGCGTAAGCAAAGCTATAGCTAATTTAGGAATAGATAAAATAACTGATTTAACAATTATCATCTCTGCCATTATGGATTTGGGAATGACACTTGATAACATAAAAGATATTGAAAACTCTAGAGAAGAAGCTAAAAAATTTACTTTTAGTTTAATTGACTCTTTTACAAGCAATAAAACTCAACAAGCATGTAATCTTTCCAATAACTCTCTCTACCCCTACTACAAAAACATACAAAATTCCTTTGCTCCTTTATGTTCTATAGATGATAAAAATAGTAATTTATTAAAAGAATTTAATTTTGATAGTTTTTCTTGTAATTTTTACAATAATAATATTTTCAATCAAAGTCTTAAATATTTAGATAATATACAAGATGAAAAAGAATATATCAATGAGTATAAAATATTTTTAGAAAATCTTAATCACTTTAATCAAGAATATAATAATTATAAACTTATGTCTATACAAGTAATCAATAATTTAAAAATAGCCTATATACAAAAACTATCTTTGCAAGATATCAACAACATCAACATCTATTCAAAACCCTATTTATTAAAAGCTTTATATTTTTGCGAAGATTATGTTTTATATGATAAAGATAAGCAAACTTTATTTGATGAAAACACAATAAAAGAATTAGAATTTAACTCTAGCTTTTATACTATCTTTATCTCTCATAAAAACAAACTAAATGATACTTATTTAAATGCAAGAAAAGAACTTTATAAAAGTATTGATGAATTTAAAAGACTTGGTTTTAAAGATTTAGAAAATGCTTATCAAACTTATATGAGCTCTTTTATTATCAATGAAGAATTAAATAGCAAAGATAAAACAATCAATAAAAATAAAAATAAAGAAATAAATAAAAACTTAAATAAAGAAAGTGACACAAAAGAAAGTATAAATTTCAAAGAACTTTCTTTAAATTCAAATCAAGAAAACAATACAAAAGAAAATACAGACACTATAATAAAAAACACAAATTTTAACAATGAAACTTCTTTAAAAACAGAACAAAGCAATACCATTATAGATGATATAAAAGAAGATTTTAAGATTGTATCTAATAATGCTATAATAAATAATACTAACTTTAAAGGTAAAAAAATTGCTTAAAATATCAAAAAGAATTTCTATTATAGTTTTTATTGTATTAGTTTTTATCATAATTGCTAGCAATGCTTATAACTTTATCCAAGAAGCTTTACAATTTAAAGAAGCTAATGAAAATAAAGCAAGAGAAAATCTTAGTGCTTTAATCAAATGGAGTGAAAACGAAGGCAAGGAAGAATTAGAATATGCTAAGAATTTAAGCAAAGAAAACTATAATCAAGAAAAAGTTACACAAATGATTACTAAAAATCTTAAGATGATACAAGCTAGTATTGAAGATATGAAAACTTTAACCTCTTACTATCCTACAGAAGAAGATGTCGAGCTTATGAGACAAGCTGGATATGTTGCAACAAATTCAAATACTGATATTATACTTTATCTTTTATATAATGAAGGAAATATCACAAATCAAAAAACTTCTTTTTTATTTGACAAGGAAAGATTTAAAGTTTTTGAAGATTTTTTATTTTTTCTAAATACTCGTTTAGAAGAGGATTTTTTACAAAAAGATATTCATAAGTTTGATAGCTTTGATGTAGTTAGAATTGGAATGTATATTAACACTCTAATTGGTTATAATTGTGCATTTACTGATATGTATTTGAGTGAATTTTTACAAGATTATATTTGTGATTTAAATACCCCTAAAACTATGACAATTTTAAATGGTATGAGTCAAATTAACACTACTACTGACAAAGTTTTATTGTTTTTAAATAAAGAATTAAAAATATACACTGATAGTCATTTAAAAATGCAATTAGAAAAAGCGATCTATATTTTTAAAAAATTCAAACTTAACCAAAAACAAATCAATCAACTCAATACCCTACAATCTAAACTAAAAGAATGCACAAATGAATGAGATAGAACTTAACACTCAAAATAAAACCTTAAACGAAACAGAAAAAGAATTGCAAATTCTTTTAAAAGATGCAGGTGTAGATGAAATAGGAGAAAAACTACTTAAAGAAGTAGAAGATGTAAATAAAACGGAAAATTTTATGCATCAAAATAAATTTCAAACTGCAAAAGAATATACTGGATTTATAAGTAATGCAAACGATACAATATCTAACTTTTTCAAAAACCTCGAACCCTACCTACTCCCTTTTAAAATCATCATAAAAAGAGCAGATAATACCCTTAGTGGAATTGATACTTTAATAGAATATCAAAAAACAAAAGATGGTTTAAAAGTTTCTGTAAAAATTGGTTCTGAAATTATTGCTTCACAAATTTTTACAATAGGGACAAGAAAGGTAGTCCAAG
CP177185.1_gap20	889395	893865	4470	ATGTTTTAGCTAAAAATAGTTTAAATATAAAATTAGAACCTAAAAAGATAAGCAAGCACTATGCTTATGATGATTTAAACCATCAAGATCTAAATTTAACCCACAATAACACTAGTATTATAAACAACACTGCTACTTCAAATTACATCAGCCTTATCATACAAGATGAACATGGAAAGGCTATTGATAATGCTAGTATTAGTATAAAAGGGTATGATCATGAAAAACTAATCAAGCAAAGCGTATTAAGATTAAAAACCAATAAAGAAGGTAAGATAAGATTTGATAGAGAAAAAGACTTTAGTAGTTGTCATAGTTTTAAAGTCAGATTAGAAGATAATAAAGCTTATTTAGCCAAACCCTTACAAGATAGCAAAAGAATATTTAATAATTATATCAATCATAAAATAGGACTTATACTTAGGTTTAAAAATAAAGATTATTTTAAATATGATGGTTTTTATTTATATCATTTTAAAGGAAAAGATTTAATAGCTTCTTATATGGCAAGAAGTGGAGTAGCTAAAGCTGATAATTTAAAACCATCAAATAAACAAATTGCTTTTAGTTTTTATCAAGATATAAAAGATAAAACTACCAAGAAAAAAGCATATTTTTACTATGATGATGAAAGTATTAAAGATAAATTTGGAAGCTTACCTGAAGGAAAGTATTATTTTAAAATCAATGAGATTCATTACAACAAACAACCTGATTTTTTAAAAGATTATCCTTTTAGCATAGGTAAGACTTGGGGAAAGTATTGTGTTAGATTATACACAGATAAAGAATGCTCTAAAAGTTTTAAAGAAATAGAAATTTCAAATCCAAATAATGAAAAAGGAAAAAGCAAGAATAAAGAAAGTATGAGTAAGGGGGATTTGTATCTTTATAACATTAATGAAAAGGGAGAATTTGGTAGCAATGGTAGTATAGGAATAGTTAATGGGGTATTGTTTGAAGATTTATTAAAGCATTTAAGCTATATTACAAATGAAGAAGAATTGCTTTGCGAATTAGAAGTTAAATACCCCCAAAAACTAAATAATAAAATTATATTTGCAAGTGATAATATAGATCTAAATACCTCTTTTGCACCAGGGACTTATATAAGCTTACAACTAGAAAAAGAAAGCGATGAAAAGCTAAAATGGGCTTTTGTAGAATGCGAAAGCAAAGAAAAATTAAATTTATTATTACATGATTGTAATGGTTATATTGATGAAAAAAATCTTAAGGTATTATTTGAAAATGATGATTTGATTTATAATGAAAGCTATGAAGACAATATTTTATCCTTTTGCTTACCTATAAATAGAAACAACGAGCCTAAAGAAGACATACAAGATTATCAATACTACATAGTTTTATTTGCTTATAGCAGTGAAAAAACTATACCTAATTTAGAAGATCATTACATCATCATAGATATGAGCTTTAGAGTGGGAGTTGGAGATGATGATAGTGTAAGAGAGGGAGTGCTTGGGGGGATGAATAACACAAACAACAGCAATTTAGCAAAAGACATCATTTATACAAATTATATTTTTAGCGTATTAGAAGCTATAGATTTTTTAAAAACTTGTTGTAAATTACAAGATAAAAATAAAACAAATGATAATATCTTTTTTAAAACCTACCCTCAGCTTGCTGGAAAAATTGCTTATATTTATTATAGGTTTGATTTAGCGAATGAAAAATTTATAAAAAGCGTAAAAGATGGAGATGAATACATAAAAAAAAGAAAGAAATTTTATACAACCGCCTCAGAAGTTTATAATCAAAATCCCATTTATAGACTTACCTTTGAAAAAAAAATTCAAAATGAAAACATTCATATAGAAATTATAGAAGATTTTTTAAAAAACTTTGCCAAAAGAATAAATATAAATGAAAAAGATTTACCTATAATTACAAATAATCCTAATAACGGGGATTCTGGGACTTATGATTTTACAAATAATATTTTAAGTTTAAACCCAAAAACGTATTTTATTGATTTCATCGATACTATTATACATGAATTTAGACATTTTTATGTTAGTCATATAAATATCAACTCCAACAATAGCTTAGAAAGGTTACTTTTTTTAAACACAGTAAATTTGTATATACAATGGAATTATCATGATATTTTTAATGCTTACAATAAAAAATGTTTGCTTTTTGATAGCGTAGAATATGGAACACAAAAATGTTTTATAGATAAAACCTACTATGAAAGTAGAAAAAAGATTGTAGTTACAAAAGATAAAAAAAAGAATTTAACAGACTCTCCTTTATATTTTATACAACCAAGCGAAAGAGATGCCAGAATTATTGCTGGTAAATTTAGAGAAAAAATAGGAATAATATAATGAATAATATAGGACCATTACCAAATATAAAAAAATATGAACATTTTTTACAAACTAGAAAAGAACCAAACGCACTTTATCTAGGTGTAAATACTAATATAAAATGTTTTAACAATATATGCCCTAGTGAAAAACAAGGTTGGTTAATTGGACACTTGATAGATAGTGAACTTGATAAATTTTACAATCCCAAATTTGGTATTTATTTAGGTAAAATCATATTTAATAAAAAAGGTAACAAACTCATTCCAAAATATATACCTACAAGTATTGAAAATTTAGAAGAAGAGATTAAAAAAATCAAAAATCCTCTATGGATAGCTGAAAAAAATGATGACTATGTTGAACCTAAAATTATACCTACAACAGAAGGACAAAGCTACCATATAACAAGCCCAAACAATCTAGAATATCAATGCAAAATAGAAAAAAATACAACTATACTAAATCAAGAACAAATCTTATCCTATGTAAAAGAAATTCATAGTAAAAATGCAAGAATAATCCAAGACTATATAGACCAAATTTATAAAGATAATGGCATAAAACCTTATGCATTTGATGATGAATTTTATGAAGAATTGGGTAATTTAGGAATAATCACTCAAAGACAAGTGGAAGGTTTTAAAAACGATTATTTGATTAAAAAAAATTCCTTATTGCTTACTATGTTAGATTATTTGGCTGGACAAGATAGAAAAAGTAAAGATTATTTGATTACTTTTGATGATGAGTATTTTTATGATTATTTTGTTTTTAGTTTGGGTGGATTTGTATTAAAACTTTCTCAAGGTATGCTTCAAAATGAGATCAATTCTCTTTTTAATCCTGCGGCTTATATAGATGATACAAAAATAAATTATAATGATTTAAATAACGAATTAATTAGAAAATATGAAAAAGAAATATTTGACATGGGATTTGAAAAAAGAGGTAGTTATTTTGTGGATTATTTTGATTATAGTTTTAATTATAATGGGTTTTTTGAGATTAATAAATACAACGGATCATATTACGATGAACTAAATTTAGCTTCTAGTTTAGATTCACCTAATATTATTTGCTATGATAAAAACTCCATAAAAAAATGCATACTAAAACCCTCTACTCTAGGAAAATACTATTTTCAAATAAACAAATATCACGAAGAAGTTTTTTTTGAACTTTTAAAACCATATTATCCTAGTATAAAAAATCTCCCTAAAGGATGGAGTAAAGAAATGGTTGAGAAAATATAATCTTATATTTTTTCTATATTCTCAATCAAACTACTGATGTTAGAATCAATTTTAATATTATGAGTTTGCAAGTCAAAAATTGCAAAAATAAAAAAGCTCAAAATACACCCAATAGGTATGATAACTAAGGCAAATTTCATAAATCTACGTTGAAAATACTGCCAAAAATTTTCTCTATTTGATCTATTGTAAGCCTTATCAAAAGCCGTCTCATCTGTTAAATTTATAAGAGGGGTTAAAGCTGATGCTATATTATTACAAAGATAAATAATTTTTTCTTCAACATCCTTTTCGTGAGAATATTTTCCTTTATATCCCAAAATTAAACAAACATATATAAATTCTAAAAAATCTTTATTTTTAGATGGATTAGACAGCCAAGAAAGTGCTATATCGTAAAAATTATCACCACCTAAAGTCTCATCAAACAATCTCACAGTTAATGTATGATTTGCCCAGGAACTATTAATGAACAAATCATTTTTCATTAAACTTTCATCTATAAACACACACAAACAATATCTTAATTTTATAATATCTTTCTCATCATACTCTTTAAAAGTACTTAATTTTGAACTCCAAACTAAAATTTCATTTACAAGTTTTTCTTTTAAATTTTCTATATAAACAGTATCTAAAGAATGAACCTTGGATAATCTATAAACAAGTAAAAGAATTTCTAAGCAATTATCAACAACCTTATTAATCTCTAAACCTTTTAAATCACTTTCTAAAAGTAAAGATTTTTCTTTCAAATGTGATTCTTTTTGCATGTTACTCCTTAAAATACAGCCCACATTTTTATATCAGGATTTTTAATATTTGTTGTCAGATATAAACTAATAACATTTTCACCTTTAAAATGCTTAAATAAC
CP177185.1_gap21	896411	897716	1305	TTCAGATTTCATCACTAAAGTAAGATACCCTGATAAAAATTTAATAAAATTACTACTTGATAAAAATACAAATGAACTAGATCAAATAAAATGTTTTATCAATAATCTTTCACTTAATCCCTTTTGGATAGAAGGATTTAAACTATTTTGTGATTTTTTACATCATCATCAAAAAGAACATTCTTTAAAAATTTTAAATTTACTAATTTGCAATTTTATTCTCAAATTTAAAGATATTACCAAATTGAGATTTGATAATGGTGAATTAATGTGCAAAGAGGATACATTTAATTATTTTGTAAAACAAAGTCAAGAAATTAATAAAAAAACACATGTTGCATCATCTGATAAAAATAAAAAAAATAAAAAAGTGGAACAATTGCTCATTGATATAAACAATGAAAACTATAATAATTCTTTATTTTGCAATATAAATTCTTTAATAGCTATGGCACAAGTTTTTGAAACAAATAATATGAACAATAATGCAAAAATTATATACTTGCAACTAGTTGAACTTATGGAAAAAACCTTATTGAAAGATTACTTAAATGATGAGTATAATTATGCAAAAAATAAAACTCATAAAAAAACGTAAACTTAGTTATTCTTTATTATTTTTTTTGTATAATTAAGTATAAAAAATTATAAATTGAAGGAGACGAAATGTCTGATGGATCAAGTGCACCAAAAGAACGTATAAATATAACTTACAAGGCAAAAACAAACGGACAAAATGCAGAAATAGAACTGCCTTTAAAACTTATGGTAATGGCTAATTTAACAGGTAAAAATGAACAAAATTTAGAAGATAGAGAAATTGTATCTATCAATAAAATAAATTTTAATCAAGTTATGCAAAAACTAGATATAAAAACTCAATTTAACGTTAAAAATACTTTAGGTGGAGGCGCTGAAGAATTAGATATTAATCTAAAAATATCAAGCATGAAAGATTTTTCTCCTGATAATATAGCACAACAAGTACCAGAGCTAAATAAATTAATGCGTCTTCGGGAGGCTCTAATGGCTCTAAAAGGACCTATGGGGAATATACCAAATTTCAGAAAAGCAGTTTTAGAAGCCCTAAAAAATGAAAAAACTAAAGAACAATTGCTTCTAGAGATCAAAAAAGAAAATAATGAAGAGTAAAGGAAACATAATATGTCAAAAGAGAAAGTAATTGATACTCCAATTATTGAAAGTATTATGGAAAAAAGTAAATATGCTAGGAATGATGAATGTTACAGTATAGCAAAAAGAGGTGTGGCTGAATTTATTTCTGCAATCGTTGAAAGTGACAAT
CP177185.1_gap22	901800	905292	3492	GCTATTTACATAAAAGATATACACTATGATGAAGCTTTAAAATACTTTCCAAACGCAGAAAAATACAAAGAACTTAAAGAAAGTATATTGTTTTTAACTAATAATGAATTTTGTGTTGATTTATACCTTAAAATTATTTTTAATAAAAGAATGTTATTTAATCTAGGAAATCATTCTCACTCCAAATTGGGCTGGGGTAAAATTTTAGGAAAAAAAATAAAAACTTACGAAATAATACATATAAAACTTCATGAATGATTTTTATATTTATCAAAATATATCATTTACTTATTTATATATACTTAAATTTAATTATTTAAGTTATTTTTAATACTGATATACTAGATTTAGTAGCATCCAATATTACGTAAAAATCATAAATTAGTGTTCTTAAGCCTATTCTATTTCAATCTCACATTCATAATCATATTAGATAAAAAGATACTATCTTCACCAAAGCCTTTTGAGTCATATTTATTTTTTGATTGCATAGTTTGTATTAAAGTTGAAAGATTGTATAAACTTAAACTTTCTAATATATTTATAAGTTCTATCTTACTTAAAATATTAAAATCATTTAACAAGCTAAGATAATTACTTACAATAGAAGAAGAATTGATATTATGAAATACAATTTTATTTTTTATATCTTCTTTAATAAAAAATTGATTATTTTTGTAAGGGGTATTTTAAAAAGAATATGTAACTATCTCTAAATAATTTTAGCAAAAATGCTAAATAATAGGCTTTTAAAGCTCATAGAAATACATTTTTATCTTTCTCAATTCAAAGCATAAAATATCCCAAATATCCCAAATATCCCAAAATATCCGTTTTATCCCAAGAAAGTGATTAAATGCTATATAAAAGACAGATAAAAGCGAAAAATTAGTTGTAAATTTTAAATCCTAAAAATGTTTTACTTTCTAAAGATAGTTACATTTTTACTTAAAATAAACTTATGTTTTATTTTTAATGTAACTATCTTTATAAAACACTATATAATCATAGTTTAAGCACTTTTTACACAAGAATAGTATGTAACTATCTATAACTTTAAGGTTTGGAGGATAGTTACATATAAAACTTAAATAATTTTATATAATTACATAAATATTTTATAGGAATATACAATGAATAAGATTGATAATATTGCAAATTTTTTAGATAACAACTCTAAAAAATGTTTAGCTATAAATGGGTCTTGGGGCATAGGTAAAACTTATTTATGGAAACAAGTTGAAAATAAACTTTCTGAAATAAATGCAGATAAAAAGATTGTTTATATAGATCTTTTTGGTAAAGAAAGTTATAAGCAAATATTAGAAGAAATAGTTTTTAAAATCCATGGAAACTACAATAAAATAGCAAATACTTTTTCACAAATTATAGCCAAAATTACAGAAATTAAATCCGCTGGAACAATTAACATTAACCCTGATGCTATTTTCTCATTTTTAAAAAAAGAAGATTTTAAAAAAGTTATTGTGTGTTTTGACAACATAGAAAGAAAATCTGATAATCTTTCTTTGAAAGAAATTTTAGGACTTGTAAATTTACTTAAAGAAGAAAAAGAATGTAATGTTGTTGTGATTTTTCATGAGGAAGAATTAAAAGAGCAAGATGACAATTTGACTGAAAATAATAAAGAAGAAGAGACTGAACAAGATTTTAATAGTTGGTATCAAAAAGCTAAAGAAGAACAAGTCAAACAATATAATAGTAAAAACTGGTATCAAATATACAAAGAAAAGGTTATTGATTGTGAAATAACCATAAAAAACAATGATGAAGTGGCAAAGGCAATCATAAAAGATAAAGTAAATAAATATACTAAAATTACAGACGAGATAAGAAATATTATTGGAAATATTATTTTCGAAAGATATAAAGAACAATGCAATGGAAATCTAAGATTATTAGATCACGTATTAGAACACATAGATTATTTTAATATGCAATGTTTTTTATTGTTTTGCAAGTATGAAAATAAAAAAACATTTTCAGATGCTCTAAAATTAAGTTATATCTCATTAATATTTCAAACTAAAAAATATCTTTCTATTAAAATAGAAGAAAATGACATTTCCTCAAACTACCATCTTTACGAAAAATACCTAAAAAATATGTTTCATTTAAGTAAAGAAGAGAAATACCAACTAAGACGCGATTTTTATCAAACTTTAAAAATTGATCTTTATTATAAACTTCAAAACTGCAATATGGAATATTTAATAGGTAATTTAAGTGATGAACAATTTGTAAAAGATATTAAAAATTCACTCCTAAAAATAGACTTTTATTCAGAAAATGGAATGACACGCTTTCCTTATGATTTTTATCAAAATTTACTTTCAACCTACACACAAATTACAAATAAAAAATTAAGCAACATAGAAGAAAAAATCAATAAACACTATATAGAAGCTCTTGTTGAAAAAGAATTAAAATTTGATTTTCGCGATGATTATAAATCAGATAAGAACCTATTAAAATTATTAGAAAATGAAAAATGGAAAGATTATTATGAAGATACCAAAGAAAAATACAAAACAAGCAAGTATGAAAATATTAATGCTTTTATTAATAGCTATGAAAACATAGAAAGTAGTTTTTATCTCGAAGCGATTAAGCAATATAATTTTTTTAAAAGAGAAGAATTAGTACAGCTATTTAAAAATAATAACGATTTTTGTATGAATTTTTTCACTCATTTTTCTATGAATATGGTTGCAAGTCATAAATTTGACGATGATTTAAATAATAATTTATTTCAAGCTTATTTGGATTTTTTAGATTTAGATGAAAATAAAATAAAAAAAAGTATTGTTTTAGAATATATAAATTCACAAAATAGCGTATTAAGAAAGCTACTAATAGAATAATTTATAGCTTTCAAAATAAAATCTTTTCATTGCTTTTTGCAATTTTTTGTTAAATTCTTTTAAATTAAAATAAAAGGATTGATCATACAAATGCAAGAAGTAATTGAAAAGTTAAAAGACATACTTGCAAGCGAAGGCAAGTGTGAATTAAAAACACAAAACTTGCATTAGAAATGAAAGAAGAAATACAAAAAAATACCCTATAAAGCTTATGGTTTAACTACTGATATCATTCAGCTTTTAGAAGATAATTATGATATGAATCTTTTTGAAAATCATTGTATTAAGTATTACAAAGAAACTCAAAAATTAAAAACTATTAACTCCAAGCAAAAAAGAATTGACTGTATAAATGATTTGATAAAAAAAAGCTGAAGTGAATCCTAAAATCAGTAAAAAGGTTGTTGATTTTTGGAAAAATAAAGCAAAAGAAATAAGATAATCAAATTTAAGTTTAAGGTTTGTAGAAAAATAAAGTGGCCATTTTTATGGACTTTTTATTTTTCCGCCGACATATAACAAGTCATATAATTTTTTACAAGCTTGTCTGCTTTGACCGACACTTTCATCGCTCTTAGTTAAACCTAGCAAAATACAACCTTTTGTA
CP177185.1_gap23	1023010	1026614	3604	TAGCAAAAAATCTTTATTTTGGAATTTTTTTATCGTTTTTAAATTTTTAGTATCTATAAGTTCTATGATATTTTTTTCATTATCTCCAAAAACTGCTATTGAGCCATCTTTATTTAAAGCACAAGTATAAATCAAAAAATCTCTTTCTATATTTTTTTCTTGGTCTTTTCGCACTATACCTAATTTTCTATCAGTGCTACAGCTTGCAATAATTGTGTTTTTAAAATCAAGTTGATAGATATTATCCTTATGAATATTCTTATAACTTTTTATTTTTTGCCATTTCTTCACATCAAAAAGTATTATTTCGCCACTTTCAAAACCTGCCACTAATTGAGTTTTTGTTTCATTTAAAACCACATCACTTAAGCTTGAACTAGAAAAAGTAAATTTTTTTACAACGCTTTTTGTTTTTAGATCAAAAAGCTCTATATTAGAACCTAACAAGGCTAATAAAATAGTATTATCATCTAAAAACAAAGCCTTTTTCACTCCATCATTAGTTAAATCATAGCTTAAAAGTTGTTTATTTTTGTAAACATGTAATTTTTTGCTTCCAAAATCACCTTCACTTAAAATCAAAATAGCCCCATTTAAGTAATCAATACTATAAATTTTAGGGCTAAGATTTTCTTCGTAAAAATTTTTAATCTTATCAAGTTGAGTAATTTTTTGCATTTTTTTATCTTTAATGAAATATTGATTTATTTCTCCATTATCAAGTCCTATAAGCAAACTATTGTCAGTAAGTTTTAAAGCGTTTAAATTTGAATCAAGTTTAAGCTCATAACTAAATACATAAATACTCATTAGTAAGATTAAAAATATTTTTTTCATAATTTTATTTTACACCCTCATTTAAAACATCCAAAAGATTAGATTTTTTCTTTAGTTCTTCACTTTTAAATTTCGCTTCAAAGCTATTTCCCACTAAAGGTTTAGCATCACTTTGTGGTACATGGCATTGCGTGCAATTAAACCTTGCATCACTTACCATGTCTTTGGTGGATCTATTTTTTCTTAAATCAAAATAATGACTGCTTGGAAGTGGCGTAGCTCCAACATCTTTAGCAATAGCCTTATCATGGCAACTTAAGCAAATATTATTATCCTTGGTAATTGGAAGCATATCCTCTAAAGTATGTGGGATTAATGGCGGAGCATTTTCAAATGACCTCTCAATCAAAACAGATTCACCAGCCATTGCTTGAGAATATTTTACATCCAACAACTCTACATTTTCACTTTCTAAACTTGTTTTTCTTAAACCTATATCTTTTGAATCAACACTTTTAACAGCAAGCCCACAAGCACTTATTAAAATAGCTGCTGCTAAGGATAAAAAGATTTTATTTTTCATTTTCTCTCCTTAAATTTATTATACTAAAACCTAAAGCATCATCACCGCAAACATCAATACATTTCCCACATCTAATACATTCACCTGATTTTGCATCTTGATTTTCTTTACCTATCATCCAAAGTACTTGCTTTTCAGGACATACTCCAAGACATTTATAACACTTAGTGCATTTTTGTAAGTTATATCTTACTTTTAGCAATGAAAAATGCGAACTTAAAGCCCAAAAAGCCCCTAAAGGACAAAAATGCGAGCAAGTAAATCTTGGACTAAAAAATGTATCTATACAAAAAATAATCAAAGCTACAAAAAGCCAAGAAATACCACCGAAAATAATCCCTCTTTGGATTATTCCTATATAAGAAAATTCCTCAAAAACAGGAAAAGAAAAAAGAAAAGAAAAAATCAAAACAAAAGCCAAAACATAATAACGCAAATTTTTATTTACATTAAAAACTCTTGCTTGATTAAAGCCTAATTTATTTCTAATAAAATAAGCAAAATCAGTAATGATATTTACAGGACAAACCCAAGCACAAAAAGCTCTTCCGGCAAAAATAGCATAAAATAAAAACACTATCAAAGCACCACTTAAAGCCATTAAATCTACTTGCAAACTTGCTAAAGTAAGTTGAATAAACGCAAAAGGATCGCTTAGTGGTACCAAAGAAAATAAAACCGAAGAGCTTAAATTTCCTTTTAATATAAAATTAAATACACCAAAAGAAAAAAAAGTCAAAATAGACAATTGCACTATTCTTCTTAAAATAAGATACTTCATAGCAATTCTCCATCATTAAGATAATCTTTAGCCTTGTTTTTATTGAAATTTTTATCTGTGTTTACATCTTGTAAACGTTTTTCATCTTTTTCATCCCAACCTTTGATGTAATTATCCCCAGCTTTTCCTAAAACAAATTCTCTAGGTAAAACTTTAATGGCTGCTTTTTGTGTTATACAAGCTTTTTCACAAATCCCACATCCAACACACACTTCATGATCTACCACAGGTAGTAAAAATGCATGTTTTGCTGTTCTTTCATTGCGTTTTATTTCAAGTTTTAATGCTTTATCCATTAAAGGACAAGCTCTATAACAAGCATCACATTGAATTCCCCAATAAGCAACACAACTTGCACTATCAATTATAGCTATACCTATTTTTGTTTTATAAATTCCATCTTTTTGCTCTAGATATTTATGATCTAACGCATTTGTAGGGCAATCCCTTATACAAGGTATATCCTCACATAACCTGCAAGGATTTTCTCTTGCCACAAAAAAAGGTGTACCATTTTTAGCACTATTTTCTAAATTTGCTAGTTTTAAAACATCATAAGGACAAGCTTTTACGCAAAGTCCGCATCGTATGCATTTTGATAAAAATTCTTTTTCATCATCTGCTCCAGGAGGTCTTAAAAAATACTCCTGATTTGAGCTAAATGCTAAACTTGCTAAAAATGCACTTCCGCTTCCTATACATAAAAGCTTGAAAGCAAAGGCTAAAAATTCTCTTCTATTTTTCATTTTTATGCTTTAGTAATTTTTACGGCACATTTTTTGAAATCTGTTTGATTAGACAATGGACAAGTTGCATCTAGTGTAACTTTATTTATATATACATTTTCATCAAACCAAGGCACATACACAAGCCCTTTAGAAGGTTTATTTCTACCGCGAAAATCTACTCTAGCTTTTACTTTACCACGGCGTGATTCTACCCATACGATGTCGCCTTGATTGATTTTCATGGCCTTAGCATCATCTTCATTCATATAACAAAGTGCTTCAGGTACTGCACGGAAAAGCTCAGGAACTCTCATAGTCATAGTTCCACTATGCCAATGCTCTAAAACCCTACCAGTACATAACCAGAATGGATATTCTTTACTTGGTCTTTCAGGTGCTTTCATAAATGGCCTAAAGAAAATTTTTACTTTGTTTTTTAAACTATATTTTTCTTTAGTTTGTGGAGCTAGTAAATCTCCTTTTGGTAATTCTTTAGCAAAATCACCATAAAACGCAAAGTCTGAATTTGGAGCAGCTTTTTTAGCATAATAATCAAATTTAGTATTAAATCTCCATTGAGTTTCTTTACCATTTACTACAGGCCATCTTAAACCTCTTACTTTATGATAAGTATCAAAATCAGCTAAATCATGTCCATGACCTAAGCCAAATTTGCGGTATTCTTCCCATAGATATTTTTGTACAAAAAATCCATAACCTTCAAATTCTTTACCA
CP177185.1_gap24	1120341	1121578	1237	GATTTGACTATATCGGCGGTAAAACTGAATATGCAGCAGGTGCTGAAACAGATAAAAACGAATATATCGCAAGAGTATCTTACAAATACAGCCCAAAACTTACATTTAGTGGCTTCTATTCTTACTTAACTGAAGACTTTAATACAGCTGGTGTTCATGACAGTGATGATCAATACATCAGACTTGAAGCTCTATACAAATTCTAATTATAAAAGCTAAGCCAAAAGGCTTAGCTTACTATATCTAAAATTATCTCTTCTTTTAATCCTTGTATTTTTATTTCTTTTATTTTTAATTCATTAGGTAGATTTTCAAGCAAAGTTTCTTTACTATGTATATTTTTACTTGCTAATATTCTTAACATTTTACCCCTATAAGCTTTTGCAAAATGACTTAAACTTTTGGATTTTTTTAAAAAAGTGAGAGTGGAGTAAAATTGTTTATTTTTTTTAGATATAATCGAGCTTTATTTATATTTAAAAAAGGCATATTTATGTTACGCTTATTTATTGTGAGTATTTTATTTGTCAATTCACTATTAGCTTTTAATGTAAAATCTTTATTTACTTATACTTTTAATGATAACATTAGCTATGACTTAGAAAAAGCTAAAGAAATTTATTTTAGAAACAAATGCAATACTTGCCATGGAGAAAATGGAGAAAAAAATTCTTATGGTAAAAGAGCCATTAAAGACTTAAGCCCAGAAGAAATCAAAGGTGCTTTAAAAGACTATGCTAATGGATATTTCAAAAATCAATCAAGCGATAATATCCAAATGAGCATATATGCTAAAAAATTAAGCGGGAGTAATATGGATCACATTATTGCTTATTTGAAAGGACAAAATTTTTCTATAGAACTTAATCAAAAAGATCTTTTAGAAGAAGAGCCTGCACCAAAAACCAAACACAATACATTTTTAAAATAACAAAAAAGGAGTTTTCATGAAAAAAAATCTACTGCTAGCTAGCTTACTTTGCGCTAGTTCAATTTATGCTGCAGAAGTAAAAATAGGCATTGTTTTACCACTTACTGGTACTTTAGCAGCTTATGGCAATGATGTATATGAGGGCATTAAACTAGCTAATACTTTAAACCCGAATTTAAAAAATGGAGATAGTATTAAAATTATAGCTATTGATACAAAAGGAGATAAAATAGAAGCAGCAAATGCTACTACTAGACTTATTTCTCAAGATAAAGTTTTAGGTCTTATAGGTGAGGCTGTTACGCC
CP177185.1_gap25	1122624	1124624	2000	TAAAATAGAAAGTGCAAATGCTAGCACAAGATTAGCTTCACAAAACAAAGCTTATGCACTAATTGGAGAAATGCTAACAGCTAATACTTTGCAGGTGATAAGAATTGGCGAGGAAAAAAAGATCCCAGTGGTTGCCCCTGCAGCTACTGCTGATAAAATTTTAAATAAAAAATTATACGCTAGCAGAGTTTGTTTTATGGATAGTTTCCAAGGTTCATCTTTAGCTAATTATGTAAAAAATAAACTAAATTATACCAAAGCTGTGATAATTAGCGATCAAAGTGCGGATTATTCTTTAGGTTTAACTAGAGCCTTTGAAAAAGAATTTAGCAAACAAGGTGGAAAAATTTTAGATAAATTTAGAATTACAGCAGGCGATAAAGACTTCAAAGCTATTCTTTCACAAATTAAAAATTTAAAACCTGATTTTATTTATCTTCCGGTATATTATACTGAGGCTTCTTTGTTTGCACGCCAAGCAAAAGCAATGGGTATAAATATTCCTATGGGTTCAGCAGATGGAGTAGCTGATGAAACCTTTATTAATCTAGCTCAAGAAGCAGCAGAGGGATATTTATTTACCGATAGCTTTGATTATCACAACCCCCCAACACAGCTTTCAAAAGACTTTGTATTAGCTTATGAAAAAGAAAAACAAAGCAAAGAAGTTCCAAATTTCACGGCTATGGGTGCAGACGCATATTTTGTCATTTTTGAAGCTATGCAAAAATGTATTAATGATTTTAACAGCGAATGTATCAATAACAATATTCATACTACTTCAAAATTTGAAGGTGTTAGCGGGGTGATTAGTATTGATAAAACAGGCAATGCTACGCGTTCAATTGTTATAAAATCAATAGAAAATCAAAAGCAAATTTATAAAGATACGATTTTTCCGTAAATAAAATTTTAAGAGGTTCAATGGATAGTTCTTTAATATTACAGCAAATTATAAATGGTTTTAGCTTAGGTAGCATGTATGCACTTATTGCTATAGGCTATACAATGGTCTATGGTGTTTTAAGATTGATTAATTTTGCGCATGGTGATATCATGATGGTGGGCGCATACTCGGCTTTATTTTGTGTTACAAGTATGAATGTGCCTTTTTTAGGCGCTCTTTCTTTGGCTATGTTATTTGCAGCAGCTTTAGGGATAGCTATTGATAGAGTGGCATATAAACCTTTAAGAAAAGCACCTAGAATTTCTTTACTTATCACAGCTATAGGTATAAGCTTTTTAATACAAAATGTGTTTAATGTCTTATTTGGCTCAACCCCAAAATATTTTCCTGTACCAAGTTATCTTGAAACAGTGATTAATTTTAATAATATCAGCGTTAGTATTAATAGTATTTTAGTGCCTATTTTGACATTTTTTATACTATTAGTGGTTTTATTCATACTTTATAAAAGCAAATATGGTATTGCTATTAGAGCTTTAGCTTTTGATATTCATACTGTAAATTTAATGGGAATTGACGCAAATCGTATTATTGCTATTGTGTTTGCATTGGGCTCGGCTTTAGCTGCTATTGGTGGTATTTTTTGGGCTGTTAGTTATCCTTCTGTTGAACCTAGTATGGGAACTCTTATAGGACTTAAGGCATTTGGCGCTGCTGTTTTAGGTGGCATTGGCTCGGTTGCTGGAGCGGTTTTAGGTGGCTTGATTATAGGATTTACAGAAGTTGTTGTAGTTGCTATTTTCCCTGATCTTTCTGGTTTTAAAGATGCTTTTGCGTTTATCTTTTTAGTATTGATTTTGCTTTTTAAACCAACCGGAATTTTAGGTATTAATTTTGAAAAAAGTAGGTTTTAAGATGGTTGCAAGAAAAATTACACATTTAAGTTTTTTTATCATAGCACTTGCTTTTCTTTTTATATCTCCTTATTTTTTCAATGATTATAAAATAGGAATTTTAAGCAATATTGCTATTTTTGTTATCTTAGCAGTAAGCTATAATCTTATCAATGGGGTTACAGGGCAATTTTCACTAG
CP177185.1_gap26	1188137	1192121	3984	TTATTTTTTACATTATTGTTTGTATATACATTAATAGAACTATCTTTAGAAAGATTAATAGCTTCTTTAGCACTTAAATAAGTTTTAGTATCATCTTTTAAGATAAAGCTATAATGATCAAAGTTATTGATAGTATTTGCTTTTATACTTGTATTTAATACTAAATGATTATTAGTGCCACTTTTATGCATTAGAGCTTTTGATACAAAGTTATTATCTTCTTTAGTTTGTAAAAAGCTACCTGCTAATACATCTATATTGGTATTATTAAAAATATTAGTATTGCCACTTAGATATAAGGTATTATTATAGCTTTTATCATTTTCACTATATACACCAGAAGCTGCTATGATGATAGTAGAGTTGTTTTTATACTCATCTATATTTAAATTATTTATATGAGTATAATTATCATGAGTATTCTTAGCTACACCTGCACTAATAATAGCTATACCTTCTCTTTTATCAGAAGCTGTACCTAGAGCTAGATTATCAAAGATAAAAGTATTATTAGCACTTTCAGTATTAGCATTAATAACATAAACATTAGAACTAGCTGCACTTGAATAATCTTTAATATTTAAAGTATTATCATTAGCATTTTCATTGGCTCTTAAAATGATTTTAGAACCTTTATCTATATTAGAAGCATTTGATAAAGATTGCACAAGATTATATTTTATAGTGTTTTTTTCTAAATTATCAGCTTCTATAATAGCAGTGAGGTTTCTACCTGATTTTACATTATCTAAAACTATACTATTAGCATTAGCACTACTTGCATAATAATCTTTATCATTTAAACTAACCTTGCTTACTCCATATAAATATAAAGGCATAGCAATGTTTGAGTTTTTAATATTAATGCTATTATTATTTGCTTTAGAACTTAGAGTTTGTGCTGCTGTGATTTGAATTTTATCTTGATGATTTTCAACAGTAATACCTTGGGTTAAATCCCCATTGATATGAATACTATTTCTATTAGCTCCTTTAGTAGCTACCCCACCATAAAGATTAAACTCATTTTTACCTGTAAAATTAGAATTAATTTCAAATGGTTTTTTTAGATTAATGCTAATGCTATTATCATTAGCTATACCATTATTAGTAATACCTGCATAAAAGTCTAAAAGTGCTTTTACTTCTACATTAGTATTTAATGCTAATAAGGTTTGTAAGTCTTTTATATCTATGGTGTTTTTATAAGCATTACCTTGTATGATTTTACCCCCATAGATTTCTCCTACCAAGATAGCATTATAAGCTAATAGGGTATTTTTAGTATCTACTCTTAAATCTAGTTTTAAATCATTGATTAATACACTATTATTACTTACTTCATAGCTTTGATTATTATTAACATCCACAAAAGCTCCTCCTAAGTGAGTAGTAGCTGATGTTGAATATGCTCCACTTGGACCATGGACTAATAAAGAAGCTCCATCTATAATAACTTTATTATTTTTAGCATTAGCATTATAAGTAATGGCTCCTATTACATGAGTCATTCTCTCATCAAAGATATTATCCCCTAAAGTGCTTTGTCTATAAGGGGTGGTATGAAAGTCTATTTTTACACCTTTATTTAATATAACTGTATTATTATTAGCATTAGCATCTACACCAAAAGCACCTAATACATAAGGAGCACCATTTAAAGGTAAGGTATAGGTGTTTTCAACACCCATATTTACATAGGCATCTTTTAAGAAATTTAAAGTATTATTACTTACTTCACCTTTTCTAGCTATGGCTGGAGTGATTAAAAAATTATATTTATTATCCAAACCACTAGCTTTAGGATTAATTACTTCTTTATCGGTAGGTTTTAAATAATATACTGAAGATAATTCTCCTGCTTTTAATACTAAGGTATTATTATTAGCTTTTGCATTAAAAGTATAAGCAGAAACTAAAAAAGGTATATAGCTGATTTGATTTAGAGTAGTATTAGCTGAATTAGAACTATGAAAGCCATTAAATACAAAAATATCTTCTTTAATACTTGGAGTGAGTATGTCTTGTTTAAAATATAAATCATTCATTTTTGCATGAGCTTTATCTTTAGGATTATCATAGATTAAAGTGATATTTGAAAGATTTTTATTAGTAGCCATTTGACCATAGAAGTTTTTACCACTTAAGAGTTTATAAGTATCAAGATTATAATCATAGACATCATTGTTCTCATAATGGTGTTTTTTAATTATATAAGCATTAGAAGTTTTATCATAATTTGCCTGAGTGGCAGCTTCTAAAGAACTTAGTGAAAAAATAGTAAATAAAGAAAGTTTTAAAAGATTAGAGTTTTTATAGTTTTTTAAAGAATTTAAAGTGTGTGAGTTAAAACGAAAATTATCGTATCCCCCCCCCGTGAGGCGATTTTTAGCTGTGCTTATATGCATTGAAAAAGTCCTTTTTATATATTTTGCATGTTTTATAAGCTAATATTAGTATTTTATTTATAAATTTTTACTTAAGTATAATTTAAGATAGTAAATATCTTAAATACTGCAAACATAATAATATTAATATTTCTAATAATAACTATTGTAAAAATTTAATCTTATTTTCTAAAACACTTTTTGGGGTAAGTCCGATGAATTTTTCATTTATTTTGCCTTTTTCATCATAAAAAACTATCACAGGCACGCCATAAATTCCACCCACAGCTTTAGACAAAAATGAACTTGCTTTGGCTTCATATAAAAGTGGCAAATCTAACTTTTTTTCCAAAAGAATTTTTTGAGCTTCTTCTTTTAACTTAGCTCCATTTAGCACCGCTAAAATAGGAAAATTTCTTTCCTTATAAAGCTCGTTTAGCATAGGAATTTGCGCATTACATGCACCACAATCTTGCGTGAAAAAAAATAAAGCATAAGCTTGATTTGCATTTTGTGTTTTTAAGGTTTTTTCAAAACCATCATATTTAAAAGTATAGTTTTGATTTGAATTTAAGGTTTGAAATTCGTTATTTGAGCATGCACTAAAGAAAAAAATGCTTATTAAAGCCAAGAAGCAATAGAAGCTTTTAGTTGCGACCATGGTTTTTCTCCTATGATTTTATCTTGTACAATCCCATCTTTAATGACAAAAGTAGTTGGCACTGCAAAAACGCTAAATCTTTGCCATGAGATATCCAAATCATCTTGTAAAAATATGATATTTTTGTAATCATATTTTGTAGCAAATTCTTCAAAATCCTTACCCTTATCTATAGAATCAAGGGCCAAAATAGTGATTTTTTTAGGATATTCGTTAGCTAGTTTTTCCAAGAGTGGCAAGTCTTTTAAACAAGATGCACAACCTTGCTCTACAAAGGTTAAAACAATGAGATTATCAAAATCAGCTAGTTTGATTTTCTTACCTTGTAAATTTTTAGCTGCGATTTCTGGTGCTTTTAGTCCTATTTTACCACCATTTTTATTGTTGTTTTCAAAACATGCACTTAAAAAAACTAAACATAAACAAGCTAAAATGATACTTTTAATTTTCACTTTTCATCACTCCATGGCTTAAAATGATAGTTCTATCAGCAAAAGTTGCTAAGTCTGGATTGTGAGTGATTAAAACTATGGTTTTGCCATCTTGTTTTAATTTACAAAAAAGTTCTAGAATATTTTTTTCATTTGCCTCATCTAAATTTCCAGTTGGCTCATCTGCTAATAAAATTTCAGGATCATTCACTAAAGCTCTTGCTATACATAGTCTTTGTTGTTCCCCGCCACTTAGCTGACTAGGTAAATGCGTAAGTCTGTGTGAAAGCCCTACTTTTTCTAGTGCTATTATAGCGTCTTTTTGTTCTATACTTGAGTGATAAAACTGCGCTAGCATAACATTTTCTAAGGCATTTAAATAAGGTATTAAATGAAATTGTTGAAAAATCAAACCTATTTTTTCTCTTCTAATCACGCTTTTTTCTTCTTCACTTAAATTTCCAACTTCTTTATCATCTAAAAAATACTCCCCACTACTTTGAGT
CP177185.1_gap27	1196138	1197261	1123	ATAAACCCTAGCAAAAAGCTAGGGAAAAATCACTTAGGTTTTCCTGTGTATTTGAAGTTGTATTTAACTGAAAATGGCTCAAACCACTTACCAACACCTGTTTCTTTATCAACATGGCGTCCAAAACCTTGTTTTTCTGGGCTTTCTATTAAAAATACTAACTCATAATTTCCTATACCTGTATCCATTTTTAAATTCGCACCATAGTGAGGGCCATCATCTGCAACCATAGGCATAAGAGTTCCTGTTTTTACTTTACCATTATCAAGATTAGTTAGCTTATAAGCTATAGTTAAATAAGGGATCCAAAAGCCTTCTGGAAAGCCGTTTTTATTGCCCTTTAATGCATGAATGTCTGCTTCAAGGTGAATATCTGCTAAACTTGCTGTAAGATCAATCCCTCTTGGCTCCATTTCGATTGGTTGTAAATAAACCGCTGCTATTTCCATACCATTTAACTCATAAGGATCGCCAATTGGCACCTCTGCTGCAAAAACTGAACTAGCTAAAATACTAGCTGCTGCGCCTAAACTTAATAAAGTTTTTTTCATATTTTTTCCCTTTTATTTGAAATTTGCTTTGTTATAAAAATACCCATAACGAGTAAGATTAAAACCATAAACTGAGGTATGATGCTCTCATAGTAAGGATAAATTCCAAGCCATAAAATTCCTTCAAAATCAAAAGGAAGTAAGCTTGGGGTGATAACCTTAGCTTCTATGAGCTCACCAATGCCTTTGCCTGTAAAGACAAAGACCATATAAAAAATAATGTATGAAGTTATATAGAAAAATTGTTTTACTGGTATTTTTAAAGCACCAGCTTTTAATAAATAATAAAGTATGATAAGTGCGATTAATCCACTAGCTAATCCTATAAATATAAAACTATAATCGGTACTTGTTTTTGCATCAAATAATAAAGCCTGATAAAAAAGAATAGTTTCAGCACCTTCTCTATATACAGCTAAAAATACACTAAACCATAAGGTTTTTGCTGAATTATTAGAGATAGCTTCAACTGCTTGGGTTTTTATATGATTTGCCCATTTTTTATTTTGTGCATTTGATAAAAGCCAAAAACCCACATAAAATAATAATGCAACAGCCACAAGCATAGTAAT
CP177185.1_gap28	1342337	1344778	2441	TTGTTAAGGTTTTAGTAATTTTTCCCATAAATCATCCTTGTTTATAGTTTTTGGAGTTTTCAAGGAAAATTATCTTATATTATATTTAATAAAAAAATATATTATTTAAATATAAAATTAATTATTTAATAAAAATTAAAAAAGTAATTAAAAACATAACAAAAGGAATAGTAATCAAACCAAACCCTAAGGTTTGGTTATCATTTAAAACTTCTTCTTCCTAGCATCTTCTAAGATATCATTAGCTATTTTATTTACATTATCAGATATAGCTGCACTATCTTTTGCTATTTTTAAGTTCTCTTGGGTTACATGATCAATTTGTGCTACAGCATCATTAATTTGTGTAATACCTGTAGTTTGTTCTTTAATACTCTCACCCATTTCATTAATAGATTGAACTAAGATGTTAGTATTAGCTTCAATCTCACCTAAAGACTTTTGAGTTCTTTCTGCTAGATTTCTAACTTCATCTGCAACAACAGCAAAGCCACGTCCGTGCTCACCTGCACGAGCTGCTTCAATAGCAGCATTTAATGCAAGTAAGTTAATTTGATCTGCAATATCTCCAATAATAGAAGTAACATTTTTAATCTCTTCACTTTGAGCAATTACTTCACTAGTTTTATGAGAAACATTTTGCATAGAAGAAGTGATCTCTTCTAGTGCTGCTGCTGTTTCTTCTAAAGAAGAAGCTTGGCTTGATGAAGAATCAGTTAAGTCTTTAACAGCACTTTGTAATTTACCACTTTCATCTGCTAATAAAGAAGCAAATTCAGATGATTGTCTTAGCATAGCTACTATTTCTTGACCTAACACATTAGTTGTTACTTCAACTCCACCTTTAGCATTTTTAACTTCAGTTGTAAAGTCTAATGCTTTATAGCTATCAAATACTCTATTAATCTCATTCATATTAGAACCAACCTTTTGTTCTAATACATTAAGCATATCATTTAATACATTTTTTAATTCTACTAATTGAGGATTAGCAGGAATTGCAGTAATTCTAGCTGTTAGATTACCACTTTCTATTTCTTTAGCTGTATCTACTGATTGTTCTACTGCTTTAGCATCTTGTTCTAGTGCATTTTTAGTTCTAGTAATATTTTCATTGATGGCTTTTGCCATAGCACCTAATTCATCATTAGTCTTAACATCTATCATAGCTGAATCTTTGGTTTTATAGTTGATAAAATCAAAGAAAGAGTTGAGGCCGGTTTGGATTTTTTTTAGTGGGGATAAGTTATAATTGATCATAAATCTTATAACTATAAGAGCTATCACCAAACTTATAGCTCCTATGATAATTTGTTTTATTAAAGCCTCGTTTACTTTTTCCGAATATACCTTTTCCTTTGTTACTGTACATACTTTATATTTAGAATTAAAAGAATTAGTACACATAATCGCTTCCATAACACCTTGCTCATTAGGTATATAAGCAATTGCATTTTCGTTATTGAGTTCCAAAAAATGAGGGTTTGCTCTCATATAAATTGAGATATTCTCGCTCAGTTTGTCTTTTTTACCTATTTTTTCAACTTCTGGATGAAAAAATGCATTTCCTTCTATATCATATATAGCTGTATATGCTTGAGAACTTTTTCCAACAGAAAGCACATCTTTTGAAAATCTCTCCAAATCATAATCTCCACCAACAACACCTATAAATTTGTCATTTTTAAATACGGGCATTGCATATGCAATTTTCATTTTACCATCAGCAAAACTAGAATATGGATCAGAGACAATCAGCCCTCCTTCTTTTTTTGCATTGATATACCATGCTCTTGTTTTTACATCAAATCCTTTGGATTTATCTAAATAAGTATGATCGGATTTATAATGTTTTCCATTTTCTTCTAAAGCAAAATATATAATGTCAAAATTATTTGCTTTTTTAAAAGCCTCTAAAAAATTATATATATTTTCATCATTAGAAAAATCTTGTTTTACTATTTCTTCCGCTAAAGTTGACACTGCTTTTCTTTTTGCATTTGAATAAATAAAAAAAACTTCAGCTGTATCAAGCATTGTCTTTTTTTGTATTTCTTCTAGGTATTCATAAGTATCTTCTTTTATGTTGTAATAACTCAAGCCATTAACACCAACAAGAACTATAATACTTATAATGGCAATTACCAAAGTTAATCTACTCGTGATGCTTTGAAACATTTTTACTCCTTAATATTAAATGTTTTTAATGGAAAATTATATAATTAAAAAATAAAATTTTAGATGTAAGAAAAATGTAGAAATATTTTTAATAATAAGTTTTAAATAAAAAATTATAAAGCCTATAAATAGGCTTTATAAAATTTAAAGTTTATCTTCATTTTTACTTAAATAATCAGCAACGCCTTTAGGATCAGCTTTCATACCTTCATCACCTTTATTCCAACCAGCAGGACAAACTTCACCATGTTCGTTAGTAAACA
CP177185.1_gap29	1352865	1353624	759	CCTTTTGAATTTTTCAAACCCTTTAAAGCATAAAAAAGTCTAAAGAAAAAGCCAAAAGTATCAATTATTGTTAAAGTTTTCATTTTTTTCCCATATTAAAAAATAATAATAATTATCGCCCAAAATTATTTAAAAGTCGGTAAAAAGTATTAAATTTCCATTTTAAGCATTTTAGATAAAATTATCATTTTGAAATTTCAAATAAAGGTTTAATCTTGCAAACAAAATCAATCGCGGATGAAAATTTTCAAACTCCACAAGGAAAAAAAGCCTTTAAAAAGGCTGTGTTTTCGTGTTGGCTAGGAACTGCTATGGAATATGCAGATTTTGCACTTTATGGCCTAGCTGCAGCTACTGTTTTTTCAGAAGTTTTCTTTCCTGAGCAAACTCCTGTTATAGCGTTATTGCTTAGTTTTGTTACTTATGGTATAGGTTTTATCGCTAGACCTATTGGAGCTTTATTTTTTGGATATTTAGGAGATAAATACGGAAGAAAAAATGTATTGATGAGCACCATTGCATTAATGGGTATTTCAACTACTTTAATTGGTTTTATACCAAGTTATGCAGTAATTGGAATTTGGGCTCCTATATGTTTGGTTATTTTGCGTTTTATGCAAGGCTTTGGAGCAGGTGCTGAGCTTTCAGGTGGGACTGTCATGCTTGGAGAATATGCTCCTAGCAAACATAGAGGTTTAATCTCTTCTGTTATAGCACTTGGATCAAACAGTGGAACCTTGCTTGCAGCTTTTGTATGGC
CP177185.1_gap30	1403921	1408662	4741	AAAGAGCAAGCACTATCGCCTGAGTGAATTCCTGCTTCTTCAATATGCTCCATAATGCCTGCTACATAAACTTCTTTTCCATCACTTATCGCATCTACATCAAGCTCAGTTGCATTGTCTAAGAATTGATCAATTAATACCGGAGATTTATCACTCACATCTACTGCTTCTTGCATATAAAGTCTAAGCTCGCTCTCATCATGCACCACACGCATTGCACGGCCACCCAAAACATAGCTTGGTCTAACAAGCACAGGATAGCCTATTTCATTTGCTTTTATAATGGCTTCTTCTACACTTATGGCTGTACCGTTTTTAGGTTGATTTATACCTAGATCTTCAATAAATTTAGCAAATTTCTTTCTATCTTCAGCTAAATCTATCACCCTTGCACTTGTTCCTATGATCTTTGCTCCAAAAGCACTAAGGCGTTTTGCAAATTTAAGCGGAGTTTGACCACCAAAATGCACTATCACTCCATCTGGTCTTTCTCTATCAATAACCGCTCTTAAATGCTCAAAATCAATCGGCTCAAAGTATAAAATATCACTTGTATCATAATCTGTTGAAACCGTTTCTGGGTTACAATTATACATTATAGTTTTTACACCCATATCTTTTAGAGCAAAAGAAGCATGCACGCAAGCATAATCAAACTCAATGCCTTGTCCTATGCGGTTTGGTCCACCACCTATAATCATCACTTTTTTATCTTTTTTATCTTTACTTTCTTTTACTTGCGTAGCTTCATTTGTATTAATACTTGAGTATAAATACGGGGTTAGTGCTTCAAATTCGCCCGCACAAGTATCTACTTCACTATATTGAGCGATGATTTTGTGTTTAATTCTTGCATAATAAATATCATTTTGGCTTAACTCAAGATTATCTTTTTGATTAATTAAGCTAGCAATTTTTTTATCTGAAAAACCTAAGGTTTTAGCTTTTCTTAATAGTTGCTTATTACTTAAAATATCCATATCTATTTGATTTTCAAATTCCACTATTTCTTTGATTTGATTTAAAAACCAAGGATCTATTTTGCAAAGCTCAAAAAGCTCTTGTGTGCTAAAACCTTCTCTAAAAGCTTTTGCTATATAAAGCAAGCGTTTTTCATTAGCTTGGCGGATTTTTGCTAAAAGCTCATTTTTATCACATTCTATAATATCAAATCCACTTAAATTTCTCTCAAGTGAGCAAAGTGCTTTTTGAATGCTTTCTTTAAAAGTTCTTCCTATAGCCATAACCTCACCCACGCTTTTCATAGCAGTGCCAAGCTCTGTGCTTGCATTTGGGAATTTTTCAAAAGTAAAACGAGGAATTTTAGTTACGATATAATCAATTACCGGTTCAAATGAAGCAGGAGTTCCTGTGATATCATTTTTAATCTCATCTAAACTAAATCCAACTGCTAAAAGTGTAGCTACCTTAGCTATAGGATAGCCCGTAGCTTTACTAGCTAGGGCTGAAGATCTTGAAACCCTAGGATTCATTTCAATAACTATCATTCTACCATTAGTTGGATTGATAGCAAATTGCACATTTGATCCACCTGTATCTACTCCAATTTCTCTTAAAATAGCAAAAGAAGCATTACGCATCGCTTGGTATTCTTTATCAGTAAGTGTTAAAGCAGGAGCTATAGTAATAGAATCGCCTGTATGAACCCCCATAGGATCGACATTTTCAATAGAGCAAACGATAATACAATTGTCATTTTTATCTCTAATGACTTCCATTTCGTATTCTTTCCAACCAAGCAAGCTTTCTTCGATTAAAATTTCATGGATAGGGCTTAGTGCTAAAGCAGTATTTGCAAGTTCTGCAAACTCATCCATATTATACACCACGCCACTTCCTGCACCACCTAAGGTAAAAGAAGCTCTAATCATCAAAGGAAAACCAATCTCATCAACAGCTTTTAAAGCCTCTTCATAATTATACGCATACATAGATTTTGGCAAATCCATACCAATTTTTTTCATACATTCTTTAAAAACTTGTCTATCTTCACCTTTTTTTATCGCCTCAGGGTTTGCACCTAAAAATTTTACATCTGCAAGCTCACCGCTTTCATAAACTTCCATAGCAACATTTAAAGCAACTTGGCCACCCATAGTAGGTAAAATCGCATCGATTTTTTCTTTTTTGATAATGCTTAAAATACTTTCTTTGGTAATTGGTTCTATGTAAGTTGCATCAGCAAATTCAGGATCTGTCATAATCGTAGCTGGATTAGAATTGATCAAAACTACTCTATAACCTAGCTCTTTTAAGGCTTTTGCTGCTTGAGTCCCTGAGTAGTCAAACTCACAAGCTTGACCTATAACGATAGGCCCACTGCCTATTAATAATATATTTTTTATATCTGTTCTTTTTGGCATATATTTTCCTAAGCTGAATTTTTAGCCAAATTATAACAAATATAAGTTTTTTAGAAGTTGAATTTAACAAAGAATTTAGCTCTTAAAGAGCTAAAAAATTTATTGACGCTTACCAAAAGTTATAGCATAAGCTTCATTTCTTATATCAAATAAAGGATCTTGTGGTGGATTAACCCCTTGAGGTACATCCGAAGGAAAATATACATCAAAATTACAATCTTCATCGCTCAAGGCATTAACCTTAAAAGTCCCAACTAGACTTTCTTTGTGCTTACCACTCCATAAAGCCGTTGTTTCATTGGTAATATCATTTTTATTTGCATATACTAAATACATTTTATATTCCACCGGTTTATTAGCCTTTATGCGATTTTGAAAATCTTCTTTTAAAAAATCACTACTTGCACTTTTCATTTGTGCTTCATTTAAATATGCCACACCTTCACTTGGAACTAATTTCCATCTTGCTGGTAAATAGTTTTCTCTATCTGCTTGTTTAAAATAAAAAGTATGAATACTAAAAAATGGAGTATTTGCTACGCTTTTACTAATACCAATTTTATCAGTATATGCAGCAAAATTTCTATAAGAATCAACTTCTTGTATCATTTTGCTTATTTTTTCTTGATCGACTTTACCATTTACAGGAAGTCTCATTTCAAAAAACTGACCGAATTCTTTAGGATTTTTTGCGAAATTTATTTCTGTATTTAGCATAACCATAGTCCAAGAAGCAGAATCTTTAGGATCAGTAATTCTAATAGCCATGCCTCTTGTTTTGCTTTTATCATCTTTAAAAGCCCCGCCTAAAGAATATCTTACTTGGATTGGTAAGCTTTTGTGTGTTAATAAAGGTACATCAACTTCTTTATTGATAGACAAATCTGGCTCAAAAGTTCCCATAGCACAAAAACCCTTTGCATGATTAACTTTTGCTTTTGGATTTTTAGGATCTGCGTTAAGTTGATAAAAAATATCTGCTATTTTTTGCGCATCATATTCTACTTCATTTGCATAAATAGCACCACTTAAACAACAAATAGCCAAACAACTGCTAATATATTTTTTCATTAAAGCTCCTAGTTTCAAACTTAGAAGCTATTGTAATATTTAATTCTAAATAATAATTTATATTAATTAAAATAAATAATTTTTTACTATTAATTTTCTACCATATAAAAATAACTTGGTGTTTTCATTTTAACATAAGGTTTAACATAAGCATTTTGATAAGCACCCTCTTCTTCTATTTTAAAAATTTCTCCTACTGGAATTCCTGAAAAGAAAATCTCATCTAAGCCACTTGTATAAACCTTATCACCCATTTTAAGCTCAAGCCATTTAGGGATATATTTAACTAAAACATAATCATTTCTTCCATGAGCTATACCTGGTGCTTGCTCTTTACCTATGTAAACAGAAAAAATACATTCCTCATCACCTTGCAAAAGGCCCAGAGCTCTGCCATTTTTTTCTATAACTATACCTGCTGTATAGCCATTATAAATCAAGCCTTTGATTTTTCCTTTATAATCAACATCAAGCCAAACCTTATGATAATCACTAATTTGCGCATAAGAAGTTGCCTTAACTATGCTCACACTAGGATAATAAAAACTTGAGTTTTTATCACTTAAAATATTATTTAGCTCATTAGCAAAGTTTTTCATGTAGATATTGTTTTTCTCAAGCTCGGCATTTCTTTCTCTTAAAGTTCTAATTTCTTCAGCTTGATTAAAATGTTCGTTGAGTTTATTTTTTAAAAGATCAATACTTTGAGAAAATTGATTAACAATAGCAATGTTTAAATCTAAAACATTTCGTTTTATTACATCTCCATAATAAAACGAAATAAATACTAAAAAAGATAATATTAAAACGCTAAGAATTTTACTCTTCATTCGTTAGCTGGTGTAATAATGAAATTTCTTCTAAAGCTTTACCTGTACCTTTTGCAACTGCTAAAAGCGGCTCATCAGCTACATATACTGGAAGTTTTACAATTTCAGATAAATATTTATCAAGCCCGCGTATTAAAGCTCCGCCTCCCGTTAAAACAACACCATTTTCAACAATATCTGCCGCAAGATCAGGTGGCATCATTTCAAGAACGATTTTTAAAGCATCAGCGATTTCTTTTAAATGTTCACGCATAGCTTCTCTTACATCTTCACTTGTTAATTCGATTCTATTTAACAAGCCTGTTACTTGATCACGCCCTTTAACCACCATAGAAAGCTCTTTTGGAAGTTGAACTGCTGAGCCTATTGCGATTTTAATTTCCTCACCCGTTCTTTCACCTATGACAAGGTTGTATTTTTCTTTTACATAATTTACTATACTAGTATCAAGTTTAT
CP177185.1_gap31	1410086	1411987	1901	TCTGCGCTAGTAAAGTTTTTCCACTTCCTGTTGGACCTACTAATAAAATATTTGATTTTGCTAATTCTGTATCATCATCTTCTAAGTCAGATCTAAAAAGTCTTTTGTAGTGATTATACACCCCTACACTAAAGATTTTTTTAGCTCTATCTTGTCCGATGACATATTTATCTAAATATGCTTTTAATTCTTTAGGAGTTATGTCTTTAAAATTTTCTTTATCAACTTCTTTATTTTTTAGCTCTTTTTCCTCTCCAAAGAAAATATTGCAAGCGCTTTCAGCACAATACTCACATATAAAGGCATTATTATAATCATTTACTAAAATTCTTCTTTCACTTGTTTCTATTTCATTGCAAAAACTACATCTTTTAACCATGGTTCTTTTCCTTATATATAGGAATTCCTCTTTTTGTTTCTAAGATAAAATTACACATTTTTTTAACATTTTCACTAGAAGTACTTTCTAATAAATTTAAAGCATTATCTTTTAGATTTCCTTGTCTGAATAAAAATTTAAAAGCCTTGCTTAAAACATCTACTTCTTCTTTGTCAAAACGTCTTCTAATCCCTACTAAATTTAAACTTCTAATACTTGCACGATTTCCCTCAGCTAAACAAAATGGCACCACATCTTGAGAAAGCGCACTAGCACCTGCTATCATACATCCTTCTCCTACTTTTACAAATTGATGTATTGGAGTAAGCCCGCCTACTACGGTATAATCTCCAAGTTCTACATGACCTGCTAAAGTAGCATTATTTGCTAAGATGATGTGATCTCCTAAAGTACAATCATGCGCAATATGAGAATAAGCCATGATAAAAGCATTATCACCTATCCTTGTAAAGCCATCACCTTTAGCTGTACCTGAGTTAATAGTAACAAATTCTCTAATAACCGCATTCTTTCCTATAATAACACCTGAGTTTATCTCATCTTTATAAGATATATCTTGCGGGATATCTCCTACTATGGCATAAGAAAACACTTTTGAATTCTCACCTATAGTTACATTAGGTAAAATTCTTGCACCTTGTTTGATGATAGTATTTGCGCCTATGTTAGCATTTTTACCAACATAAGCATAAGCTTCTACTACAACATCATCTGCTATAATAGCTCCATCTTCTATAACTGCACTTGGATGAATTTTGCTCATCATTTATCTACTATCATGGCTTTAAGTTCAGCTTCTGCAACTAATTGTCCATCTACAAAAGCTTTTCCTTGGAAAATCCACATATTTCCACGATTTTTTACTACACTCATTTCATAATCAAGTCTATCACCAGGACGCACTGGGTTTCTAAATTTAGCATTATCAATACCTGTAAAATATACTACTTTAGTGCTTGGATCTACTTTATCATCCATACTTTCAAACGCTAAAACCCCTCCAGTTTGCGCCATACCTTCTAAAATTAACACACCTGGATAAATTGGATGATCTGGAAAATGCCCCATAAAAACATGATCGCTTATACTAATATTTTTATAACCTCTAACAACTTCTTTGTTTTTTAATTCTACGATTTTATCTACAAGTAAAAATGGATACCTATGTGGTAAAATTTTTTGAATTTGCATTACATCTATCATAAATTTAGCCTTAAAATATATTCAAAATCCAGATTTTACAAAAAAAATATTAATAAATTAATTAAGTTTTATAACTTCACAATCTTTTCTTTACTATCAAAATAAATTTCACTTTTTGCCATAAATTCATAAGCGCCTTTAATAATATTTTCAACAATAACCACCGGTGAAAGATCATAAGCACCAAAATGCTTTTGCCTTATTTTGATTTCTTGCTCTATTTTTAAAGGATTTTGTAAAAAATCTTCGTAATTTTTAAATCGCATTTTACATAAGCTATTAAAATAATCAAAACTCC
CP177185.1_gap32	1413310	1418134	4824	TCTACACTTTCACCACCAAAAGCAATATTATATGGCTCAATATCTTCTAACATTATGACTATATTTTGCTTTGGTTTATTATATTTTGTATGTAAAAGTTCTGTAATATCTGCTATTAACTCTTCTTTTTGTGCTTTGCTAAATTCTGGTTTAGCAAGTTTGATATTAATAATAGGCATTGTTTTTCCTTGCTTTAAATAAAGAATTTTACTATATTCTAGCAATTATTAGTATATTTTTGATAAAATTAGTTTTATTTTCAATAAAGGCTTACTCATGATTAGGGCAAAAAAAATTTGGATGGATGGAAAAATCATTGATTTTGATGATGCGAAAATTCATGTTTTAACACATTCATTACATTATGCAAATGCAGTTTTTGAAGGAACAAGAGCTTATAAAACACAAAATGGTTTAGCAATTTTTAGATTAAAAGAACACACCAAAAGACTTTTAGAATCTGCAAAAATCACTTTAATCAACTCACCTTTTTCTCAAAAAGAACTTGAAAATGCGCAAGTTGAACTTTTAAGAGCAAATGATTTTCAAAATAACACTTATTTGCGCCCATTGATCTTTTTAGGTGATGGAACTATGGGAGTTTATCATGCTAAAGCTCCTGTTAGAGTAGCTATTGCTGCTTGGGAATGGGGTGCTTATTTGGGCGAAGAAGGCTTAGAAAAAGGTATTAAGGTTAAAATTTCTTCTTTTGCTAGAAATAGCGTAAAATCTAGCCTAGGCAAAGCCAAAGCAAGTGCAAATTATTTAAATTCTCAAATGGCTAAGTATGAAGCTATAGAAGCAGGATATGAAGAAGCTTTAATGCTTGATGAAGAAGGTTTTGTAGCAGAAGGAACAGGCGAGTGCTTTTTTATGGTTAAAGATGGGAAATTAATCACCCCGCCAAATGATTTTTCATTAAAAAGTATCACTCAAGATACTGTTTTAAAAATTGCACATGATTTAGGCATAAGCGTAGTGCGCCAAAGAATTTCAAGAGATGAAGTTTATGTAGCTGATGAAGCATTTTTCACAGGAACTGCAGCAGAAATAACTCCGATAAATAATATTGACGCAAGAATTATAGGAAATGGAAAAAGAGGTGAGCTAACGACAAAGCTCCAAAATGCGTATTTTGATATAGTTTATGGACGCAATGAAAAATACGCTTCTATGCTAACTTATATTTAACAAAGGAACTAAATGCCAGCTGATTTGAATGATTATTTTAACAAAAAAAACAATCAAAACAACAATAAGCAAAATTTAAATTTCAAAGCTCCTGAATTTAACTTCAAAGGTTTTGGAAAATTTTCTCCATTAATTTATAGTGCGATTGCGATTATTTTAGTTTTTGCGCTTTTTAAGCCTTTTGCAATAGTTAATTCAGGGGAAATGGGGATCAAGTCTACCACGGGTAAATACAGCCCTACTCCGCTTGAGCCAGGACTTCATTTTTTTATGCCAGTATTACAAAAAATCACTATAGTAGATACTAGAGTAAGACAAATCAATTATGCTTCCATTGAAGGCGTAAATGAAAATTTACAAATAGGCTCAGGGGTTGTAAATAAAAATAGTATTTCAGTACTTGATTCAAGAGGTTTACCTGTATCTATTGATGTAACCGTTCAATATAGATTAAATCCTTTGCAAGTTCCTCAAACCATAGCTACTTGGGGGCTTAATTGGGAAAATAAAATCATTGATCCAGTTGTAAGAGATGTAGTAAGAAATGTGGTAGGTCAATATACCGCAGAAGAGCTTCCAACAAATCGTAACACCATAGCAGTGCAAATTGATCAAGGCATTAGAAAAACTATAGAAAGTCAACCAAATGAGCCTGCCGAGCTTCAAGCAGTTCAACTTAGAGAGATCATCTTGCCTATCAAAGTAAAAGAACAAATTGAAAGAGTGCAAATTGCCAAACAAGAGGCTGAAAGAACTAAATATGAAGTTGAAAGAGCTAATCAAGAAGCACTTAAAAAAGCAGCTTTAGCTGAAGGGGAGGCAAATGCAACCATCATTAGCGCTAAAGGTAGAGCAAGTGCGGTTAAAATAGAAGCTGATGCGCAAGCATATTCAAATAGAGAAATAGCAAAAAGCTTAAATAATCCTTTGCTTGATTTAAAACAAATCGAAACTCAAAAGCAGTTTAACGAAGCACTTAAGGTTAACAAAGATGCCAAAATTTTCTTAACACCTGGTGGAGCTGTGCCAAATATTTGGGTTGATAGTAAAGATAGTAAAAGAACGAGCTCAATAGCAAACTAAAATTAAAGAGTGATAATGAACACCCAGCACATTCGAGAGCAAATGATTTTTTATACCACTCATTTGCACTTGATTGATTTTTTACTAATGGCTTTGGTTATATTTTTTTTCATTATCACTTTATTTATTGCTTTAATTATTAGAAACAAACCTACTTTTGCTTTTATGGTTATTTTTTTAGGAATTTTATGCTCAGCTAGCATAGCATATTTAGGATATTTTTTAATTGATACTAAAGTTAGATCAAGAATAGCTAGTTTAGATAATGCTCAATTTTTTGTATACGACAACTCGCTTAGCGTTGATTATAGCTTAACAAATACTTCCAAAAAAAGTTTTAAGTATTGTAAGTTAAAAGTAGAAGTCTTTAAAAAAAGTGACAATAATAGCACTTTTAAAAATTTAATACACACCATAAAACCTCTAAGAAGCAAATCTACTATTGTAGAAAAAACAATAAACCCTAGCCAAACCATTAATTTTAAAACCAAATTTTCCGATTTTAAAGAAGGTCAAAATTTTGACATTAAAATTTATTCAAAGTGTTTCTAATGGGATATTTTACTTTTTTTCATATTCTAATCATTTTCATTATGCTAGCTTCTACAGGTTTAACTTGGGTTTTACTTTACTTAAAAGTTCAAAATAAAAAATATATGATTATTTTTTGCATAGTAAGTTTTATACTTGCTTTAATTTTAACCATTTCATTACTGCTAACCATAGATCAATACACCAAAAAAGCAAGTTTGAGTAATTTTTCAACCTATAGACGCTTAGCAACAGAGAGTATTATTGTAAAAGGTAGAGTAACCAATGATACTAACTTCAAACTTTCAGAGTGCTTTTTAGAGCTTAGAATAATCGATGATAACAAAAAACATGAAGTAAGTGGCGAAATATTTAACCAACAAAATTTTGATAGCATCAAAAGAGCAAGTCAACAACAAAGAGATGCCTCATATAACATAAGTATCGCAAAAAATCTTCCAGGACATACTTATAAAGATTTTTCATTTGAAGTGGGATTGCCACCTCATTTTCAAAGTTATAAAATATTCAAACAATTAAAATGCAAATAAGGATTATTTAATAAAATAATCCCCATCGAAACTAATCAAAGAATATTTTCTTTCATCGCCTATACTTGAAACTAACTCATCAATATCTAAAAAAGTCAAGCTATCTGCACCTGTATATTCTCTAACCTCTTCAACACTTTTATTAGCTGAGATTAGCTCTTCAAAAGTAGGCGTATCTATACCATAAATATCAGGAAATTTAATTTCTGGGCATGCTATAGCTAAATGGATTTTTCTTGCACCTGCTTGTTTTAAAAGTGCGATGATTTTTTTAGAAGTTGTTCCTCTTACCACACTATCATCAATCACCACTATATCTTTACCCTCTAAAACTTTTTTCATAGGATTGAGTTTTAATTTTACTTTCAAATTTCTCATTTCTTGAGTTGGCTCTATGAAAGTTCTTCCAACATAATGATTTCTCACTATTGCCATTTCAAGTGGAATTTTTAAAAACTGTGCAAAACCTATAGCAGCACTCACGCCACTATCTGGAACTGGCACTACAAAATCTACCTTTTCTTTAAATTTTTTAGCCAAGGCTTCGCCCATTTTTTTACGCACTTCATATACGCTTTTACCTTCTATAATACTATCGGGTCTAGCAAAATAGATATATTCAAATGCACAAATTCTTGGATCTGTCTTATCAAAAACTTGAATACTTTCAAACTCATCACTACCTTGAGTAAAAACTAGCATCTCACCTGGCTTTACATCACGAATAAATTCAGCCTCTATCAAATCAAAAGCACAAGTTTCACTCGCTACAATATACCCGCCATCTTTTAATCTGCCTAAAGACAAAGGTCTAACCCCATAAGGATCTCTTACGACAAAAAGTTGATTTTTACTAGCAAGCATAAAACAATATGCTCCCTTGCTTTGAGTTAAGCTTTCTATAAATCTATCTTTTAAAGTTTCTTTTTTGCTTTTTGCTATTAAATGCACCACATTTTCTGTATCCATATTTGAGTGAAAAATAGCACCATTATCAATTAGCTCTTTTCTAACTTCTTCTTTATTAATTAAATTTCCATTATGTACTAAAGAAATATCCCCCAAAGAACAAGTAGCTGCAACAGGTTGGGCATCATGCAAAGAAGAATTTCCTGCAGTAGAATAACGATTATGTCCTATAGCTATCTCGCCTTTTAATCCTGCTAAAATTTGAGTATTAAAAATTTGTCCAACCTCGCCTTTAGCTTTATGAGTTTTAATATTTAAACCATCACTTACACTAATCCCACTTGCTTCTTGTCCACGGTGCTGCATTGCAAATAAAGCATAATAAGCCACCGTGCTTGCATTTTTTGAATTAATTACTCCAACTACTGCACACATTTAAATTCCTAAACAATCATCTATATCATATAAGCCATTTTCTTGAGAAACTAGCCATTTTGCACATTTTATTGCACCTTTTGCAAAAGTAGCTCGTGATGTTGCGGTATGATTTAACTCTATA
CP177185.1_gap33	1419208	1424036	4828	AACCGCTCCATCACCTGCTGCGCATATTACTTGTTTTGGCGCATCTTTTCTTAAATCACCTGCTGCAAATAATCCTGCAATATTAGTTTGCATTTTAAGATCTACACTCACTTGACCGCCTTCTTCCATGGCACATAAAAACTCACCATTATCTTGTTTTAAGATTTCATTTCTTACATTTAATCCAACAAAGGTAAATATTCCAGGTACATCAAGCTCTCTTTTAGAACCGTCATTAAATGCTATTTTAATTTTATTAACACCCATATTATCACCACAAACCTCATCAACTACCGCATTTGTAATTAATTCTATTTTTTCATTATTTTTTACTTTTTCAACTGTTGAAGGTGCTGCTCTAAACTCATCTCTTCTGTGGATTAAATATACTTTTGAGCAAATATTAGCTAGATATAACGCCTCTTCTAAAGCAGTATCTCCCCCACCTAAAACAGCTACTTCTTTATTTTTATAAAAAAAGCCATCACATGTTGCACAAGTGCTTACGCCTTTTCCAAAAAATTCATCTTCACCTTTAAAACCTGCACGACGTGGTGTAGAACCTGTACATACAATTACAGCTTTTGCTTGTTCGTTTTTACCACCTTCTAGTTTTATATTAAAACTTCCATCAGCATTTTTGCTAATTTGTTCCACGCCTACCATTTCGTGTTTTAAACCAAAACGCATACATTGTTCATTCCAAGGGGCCATAAAAGAAATTCCATCTAAAACTTGAGCAACACCAGGATAATTTTCGATTTCTGAACTTGAAGTAATCTGCCCACCAGGCATACCCTTTTCAAACATGACAACATTTTTTAATCCACCTCTAGTAGCATATAAACCTGCGCTCAATCCTGCAGGTCCACCACCTATAATAGCTAAATCTAACATAATATTTTCCTTGTAGTTTTATTTATAGGTATTATACAAATTTTTCTTTAATTATAAATAATAAAAATTATTAAATAGTAAAAAATATGAAGAAAAGCCACAAAAAGTGGCTTAAGATTATAAAAGTGAGTTTAGTTTGTCTACTAAAGCTTGTTTTGATTGAGCTCCCACTAGCTGATCAACTACTTCACCATCTTTAAAGAAAATGATAGTTGGGATAGATCTTACACCAAATTGTGCAGCCAAATCACCTTGCTCATCTGTATTTACTTTACAAATTTTAGCCTTACCATCAAAATCATTTGCAAGCTCATCAATTACTGGTGCAAGCATTCTACAAGGTCCACACCATGGAGCCCAAAAATCTACTAAAGCTACACCTTCTTTTGCTTGTGCAAAATTTTCTGTAGTTAAATCAATATATTTTCCCATTTTTTCTCCTTTATTTTTTCACATTTTATTAAATTAGAATAAATATTCTCTTAATAACCAATGTTCTCTAAAAGTTTTATATCATCTTTATATACACAAAGTAAATCTATTTGATAATTCTCATCACTTTTGTGTTTCATAAAGTAATACTCTATAGCTTTGATGATTTTATTGTATTTTTTATTATCTAATCTATATGCTACTTCATAATCTCCTTGCGTACTTTTAACCTCAACAAAATGTAAAATTTTATCTTTTTTAGCAATGATATCGATTTCTCCAAATTTAGAATGAAAATTTCTTTTTAAAATTTCAAAACCTTGAGTTTTTAAATACTCGCACGCTAAATCCTCTCCTTTTTTGCCAAAAAAATACTGAAATAAAGCCATTAATCTTCTATTCTCATCATAAAAACATCATCTTTTACAAATTCTTGTTCTTTAAGTTTTTGAATTAAAATTTGTATATTTTTTTCATAAGTTTGATGAGTGATAAAAAATAAAGTACTACAATCTTGCTTTTCTTTTTTTGGCTTTTGTAAAAAAGTATCGATTGAAATTTGATGTTCACTCATTAATTGTGTAATTTTTGATAAAACCCCTATTTTATCTAATACTTTCAATCTTAAATAATATCTTGTATAAATTTCATCCTTATTTAAAAGCTTATAAGAAGTATCATTTAAATACCCAAAAATAGCACTATTTTTTTCTTTTCTTGCTATATCGATTAAATCAGCTATAACGGCACTTGCAGTTGCCTTGCCACCTGCACCTGGGCCATAATATAAACTTTCACCCAAAATATCTCCATCAACACTAATAGCATTCATCACTCCATCAACTTTTGCTAGTATTTTATCTTTACTAAGCATAGCAGGATGAACCCTTAGTTCTATTTTTTCATCTTTTATTTTAGCAATACCCAAATGCTTTATGATGTATTCAAATTCCTTTGCAAAATAAATATCTTCATCACTTACCTTACTAACACCCTCAATCAAGATATCTTCAGGTTTTACTCTTAATCCATAGGCAATATTTGCTAAAATTAAAAGCTTATGCGCAGCATCAAAACCTTCAATATCAAAAGTAGGATCAGCTTCGGCATATCCTAAATCTTGAGCCTTTTTTAATACTTCTTGAAATTTAGCATTATCTTCAGTCATTTTACTTAAAATATAATTGCTTGTACCATTTAAAATGCCTTTAATAGAAACAATATTATTAGCACTCAAACCCTCTTTTAAAATTTTTATAATAGGAATTCCACCTGCCACACTTGCTTCATAACCAAAAGCTGTATCTTGTGCTAATTTTTCAAGCTCATAACGATGATAAGCAAGCAAAGCTTTATTAGCAGTTACCACTGATTTTTTTCTTTTTAAAATCTTTGAAATTATCTCAAAAGATAAATCAATGCCACCCATTAACTCCACAAATACATCAATATCCTCACGCTCTAAAACTTCATCAATATCATTAACCACAGGAATCAATGCATTTGGTTTTGGATTTCTTGCTAAAGCAATCACTGGAATAATTTCTTCATCACATCTTGCTTTGATTAAATCTTGATTTTTTAACAAAGTTTCTACAACAGCACTTCCTACAGTGCCATAGCCTAAAATTGCTATTTTCATTTTATTCTCTTAAGTATTTTTTAATATTTCTTGCTGCTTGACGAATACGGTTTTCATTTTCTATTAAAGCTATTCTAACATACTCATTGCCAGCTTCACCAAAGCCAACTCCAGGACTTACTGCTACATTTGCTTTTTGTAAAAGCTGCTTAGAAAATTCCATACTTCCAAGGTGAGCTTTACTTTGAGGGAGTTTTGCCCAAACAAACATACTTGCATTAGGTTTTTTTAGCTCCCATCCTGCTTGGTAAAATGATTCTAGTAAGACTTCTAATCTTCTTGCATAAGTTGCTTTAATCTCTTCAACGCAAGTTTGATCTCCATCTAAAGCTATAGTAGCAGCAACTTGTATAGGAGTATACATACCATAATCAAACCAAGATTTAATCTTTTTCAAAGCCGCAATTAAACGTTTATTGCCCACCACAAAACCTACACGCCAACCTGCCATGTTATAAGATTTTGAAAGTGTATAAGTTTCTACTGCTACATCTTTAGCACCTTCAACTTCAAAAATCGAAGGGGTTTTATAAGAACCAAAAGTTAAGTCCGCATAAGCAATATCAGAAATAATATAAAATCTTTCTTTTTTTGCCATAGCAACCAATCTCTCATAAAAACTTTTTTCCACTGTAACTGTTGTAGGATTATGCGGAAAATTTACTACTACATATTTTGGACGTGGAATGCTTTCATGTAATGTTTTTTGTAAATTTTCAAAAAAAGTATTTTCATTTAATTCATAATTTTCATTAAAATCAAAATTCATTGTCGCTACATTACCACCTGCTATGATAAAAGCTTGAGTATGTATAGGATAAGCAGGTGTAGGTACAATAGCTACATCTCCTGGGTTAATAACAGCTCTTGCTAAATTTACAAAGCCTTCTTTAGAACCCATTGTTGCAACTACTTCACTTTCAGGATCTAAATCAACATCATATTTTCTTTTATACCAATTACAAATTGCAAGCCTTAGTTTATAAATTCCACTCGAAGCAGAATAACCTGAAGTTTTGTCTTTATTTGCACTTTCACAAAGCTTGTCTATAATATGTTGAGGGGTTTTGCCATCAGGATTCCCCATAGAAAAATCTATTATATCCTCCCCTGCTCTTCTTGCTGCCATTTTAATCGCATTAACTTCAGCAAAAACATAATTTGGAAGTCTTTCTATGGTATTAAAATGAATTTCTTCAAACATCGTCCGTCCTTTTAGCGTCTTAAGTAAATTTTCAAACCCCTTTTTATATTATCAAGGCTAAACATATCTCCTATAATAGCATATTTTGCGCCCAATGGTATATTTACATTTACCTCATTTTGCTTATGTGTATTTTCTACACCTTGAATAAAATTTAAATTTTTATCTAAAAACTGGATTTTACAAAACCAAGAGTCAAGATTGTGTGCACTAAGCTCCATACTTTTTGCACCTTGCAAATCAATAATATATTCTCTTAAAGGTTTGTTTAATTGAGTAATAGTATTTAGTGGAATTTGAGTATTAACTTTAGGTTTTGCTTTTGAAAAATCTAGCTCATATTCATAATTTAACTCTGAAATTTTATAAATATCTTTAATAAAAACAGAACTACCCAACAAAGCCTTATAAAAAACTCCTGGATCAAGCATATACTGAGAATCTACAGCTAACTTATATGTGATATAGTTTTCCCTTAAAGTTAATTCAGCTGGTATAAAATATATATAACCTAGTTCATTTAAAGTATCATTGATTGTTTTAAAAAACAAAACAGAATCAGCTTGGGCTTTAAAACTAAAAGTTAAAGTTTTTGGTTCATTTAATATAAAATTTGCCAAAGAATTGGTTTTTAAAATTTGAGAAATAGTGTA
CP177185.1_gap34	1426517	1428678	2161	AAATTTCTAAAGAATGAAAAGAAATATCGTTTAAATTTCCTATGGGTGTAGGAATAAAATATAACATTATTGCATTGCGTATTTTTTCTTAAATTTCTCTACACGACCCGCAGCATCTACGATTTTTTCACTACCTGTAAAAAATGGATGACAACTTGAGCAAATATCAACTTTAATTTCTGGTTTATTTGACTTAGTAGTAAAAGAATTTCCACAAGCACAACTAACTTTGCATTCTACATATTCTGGGTGAATTTCTTTTTTCATTGTTTATCCTTTTTCAAAACATTAAGGCGTAATTATATAGATTTTTATATAAAAAATAGCTAAATTTAAGCGTGTTTTTAAATTATGAATTTTGAAGCAACCCCTATTAAAGCTGTTTGTGCTTTAAGTACAAAATCAGTCTGTAATTTTGCTTTTTTTATATTCTCCTCTCTTTCTTTTTGAGAAAATCCACCTTCAGCACCTATTAAAAACACGTACTTACTAGGTTCAAAACTCATCAAATCTTCACCTTCAAAATCTATCAAAACAATGTTCTCATAAACTTGCTGAAATTTTTTAAAATTATCAAAGCTTTCAAGCTCCATTAAAGAAGCACGACCACATTGTTGGGATGATTCTATGAGAATTTTTTCCATTCTTTTAAAATCTAACTTAAAATTTTTTTGTGAATAATCCATATACACAAAAGAAAGCTTTGCTACTCCAAGCTCGTTTAAAAAAGGCAAAGTTTTTTCTATAATCTTTGGATCAATCACTGCTAAGGCTAAATGTAAATGCATTTTTAATTCTTGTTTTTCTTCTTTTTTATCAAGTAAATTTAATACACATGAGCGTCTAGAAAACTCTATGCATTCATAAGTGTAAGCAAAAAAATCTTTTAAATTTTTTAATATGATTTTATCGCCTACTTTAATTCTTCGAGCCTTTAGGTGTAAAAAAGCTTCATTTTCTAACTCTAAATTTAAAACACCACTTTGTGGGTGATATAAAAATCGCATTAAAAATAAAACCTTTGAAACAAATAAGGTACAAAAAGTAAAAATATACCCAAACACAAAATAAAAAAGCTTAAAAATCTAAATTTAGCATAACGCTTAAACAATCTTGCTTTTTTAAATAAAACAAATTGATAAATAGCCAAAGCAAAAATCAAAATCCAACAAAACCACATAGAAAGTATGTATAAATTTAGCTCAAAATGCTTTAAAGCCCAAAGCAAGCTTCCTGTAAAAAGTGTAATTGCTAAAAATAAATAATAAATTGGCAAAAATAGGCGAATTCTTTTTATAAAAATAAACTCTTGCGAAAAACTACTTTGAGTTAGATATAAATAAAACAACATTAAAAAGCCATTTGCATATAGACTATACACATGCAATGCTAAAAAAAACTCGTAACTTTGATCCATCACTATCCTTGTGTGCTATTTTCATCTTTGATATCATCATCTACGGGCATAGGCAGTGTTTCATCATCTATAATAACATTAGAGTCACTTTGCTCAATTTGAACTTGTTCGGTTTGCACTTCTTTTTTTGTATTGTTATTTTCTTGATTTGAGCAAGCCATAAAAAACAACAATGGCACAACTAACAGAATCTTTTTCATCACACCTCCTTTTGATTGACAAAAACAAAATTTGCATCTTGAAGTTTTTTAAAAAAATCTTTATCTTTCCATTCATCAATTATAGCTTGTGAAAATTCAATATCTGCCAAATTTATCTTTGGCAAAAACTCACTATAAGCATCTTCTCTAAAACCTTGTGCATAGCCTGTTCTTGTTTCATGCACAATAATACTTTTTAAACTAACACCTTGCTCACCATTAATCATCTTAGTCTTTAAAAGCAAGGTATCTATCAAAATAAAAAATATGCGTACAAAATTTTCTGCACTTACATTCACAGGTAAACTTACCCATCTTTGCGAGTGCTTTTTCATATCTTCTAAATAAACTTTATCATCATCTTTAAAAAGCGTAATAGCATGATCAAAACTATCAATAATTTGTTTTATCTCATCTTTTAACAAGCCAAAATCATACACCATTCCAGCATTGTCAAGGTATTTACTCTCAAGTAAAATTTCTACCTTATAAGAATGGCCGTGTATGCTTGTTTTACATCGCTTGGAGCTACAAAATCTAACAA
CP177185.1_gap35	1432039	1432622	583	TACTAGTTTTACCTATACGTCCATCGATATTAGGTCTATTTGCACATCTTGGGTTATTTTTGTCAATATCCTCATCCATCAAACGGTTAATCGCCATTGCAAAATTTCTTGCACTCACTGCACAAATAATACCCAAAAATAAAGCCTTAAAGCCAAACCAAGTACTATCATTTAAAATAACAGAAGCCACAATCATTGAAGTAAATAAAAAAGGTAGGGCAAAAATAGAATGCTTAAAAACAATCAAATCTAAAATATCTTTTAATTTTTCTTTTAATATAGGCATTTTTTCTCTTTATAATATATTTTTGTTATGATTTTACTAAAATAATTTTAAATTTAGGATATTTTTACGATGTTTTTTGAAATTGCACTCATTGGAACTACCGCAAGTGGCAAAACAGAACTTGCTAATAAACTAGCTTATGAATTTAATGCAAGTATTTTAAGCCTTGATAGTCTTTGTGTATATAAACAAATCAACATCGCTTCAGCCAAAACAGAGCAAAAAACCTTAGATGAGCTTGATTATTTTGGCATAAATTTATTAAATGTCAATGAGCATTTTAACATCGCTTTGTTT
CP177185.1_gap36	1436041	1439228	3187	AATCCAATACACAAACAAAGCAAAAATTGAAAGCAAATAAGAAGCCTCATCTCCTTGAGAACTCACACTCATACTAGAAACAATAACTGCTAATATAAAAGAAGAATGAGTGATGGAACTATATGCAAGCATTTTTTTTACATCTTTTTGGATTAAAGCTACTATGCTTACAGCAAGCATAGAAAAAATCACTAGCAATGCTACTATATATTCAAATTTTACCCCGCCACCCAAAGCAGAAAAAATTCTTAAAACTACTATTATCATAGCTATTTTTGGAACAATTGATATAAATGCTATAAAATTTGTATGTACTCCATAATATACATCCTTTAACCAAAAGTGAAAAGGTGCGATAGAAAGCTTAACTCCAAAAATTACTAAAAACATTACTCCAGCACAAAGCAAGATAGGATCTGAAATATATTCAGAATGCAATAAATTATCTAAATCTAAAGACTTAGTTTTTAAATATACAAAAGCACATGCAAAAACAAAAAATCCTGCTCCAACCGCAGCTAAAGTAAAATACTTTATACTAGAGCTAATAGCATTATAAGTTCCTCTTAAAGCAATAAGAGTATAAAGAGCTAAAGAAGAACCTTCTAAGGCTAGGAAAATTACGATCAAATTAGTACTTGACACCATTAGCATCAAAGAAGCAATCATAAACAAAAATAAAGAAAAAAACTCTGGCTTTTGCTCATCTTTGTCCATCAATAAATAAAGCATTGAAAAAACTAAAATAACTATTTGAGTAAAAATTGCATAATTATCACTTACAAATAAACCAAAAAAAGCTTGAGAATTATCTAAAACAAAGCCATTATAAAACAATAAAAAACATAAAGTACCAAGCAAAGCTATAACACTTGCTCCTATATAAAAATTTCTAGAAAGTTTTTTAAAAGCACTCAATAAAAGTAAAGCAATAGCCCAAAAAAGCAATGACAACACAGGAAATAATAATACAAAATTTAATTTTTCTAAACTAAAGCCACTCATTAAAAACCTCTTATATTATCTATGATTTTTTGATTTTCTATTGCAATATTTCTTGTTTGCATAATTTCAAGAATACTATTTACATTCAAAGCAATTTCATCAAGCATAGCACTTGGAGCTATCCCTAAATAAATTACCAATGCGCTCAACACACTTAAAACAAAAATTTCACCTTTTTTCAAAACTAGCTTTTCTATTTTTTCTGCATTAGTGGTAAAAAACATATTTCTATAAATATTTAGCATATAAATAGCCCCTAAAATGATCACACCGCCTGCAAATAATGCATACCACAAATTCACACTTGCTATGCCTTGCAATATCAAAAATTCACCTACAAAAGAAATAGTCAAAGGTAGTGAAATAGATGAAAATAACAACACCGCAAAGAAAAAGCTAAATAACGGAGCTGTTTTAGCTAAATTTTTATAAAAGTCTAAATCAAAAGTATGATATCTTTTATAAAGCATATAAGCTGCTAAAAATAATCCTCCTGTTACTATACCATGTGCAAACATGTAAAATACAGAACCACTAACTCCATTATAAGTAAAAGTCACAATACCCAAAATCACCACACCCAAATGCGAAATTGAGCTATAAGCAATTAACTCTTTCAAGTCTTTAGTTTTAAAAGCAATTAAAGCTGCATATAAAATTCCAACTATACATAAAATAGCAAGTAAAGAATAATAATGATTTAAAGCATCAGATGTTAAAGGCAAGATAAATCTTAAAAATCCAAAAGGAGCCATTTTAAAACTCACAAGCATTACAGACACTAATGTTGGGCTTTTTGCATAAACCTTTGGTGCCCAAGTATGAAAAGGAAACAATGGACTTTTAATAGCAAAAGCGATAAAAAATCCTATAAAGATTAAATTTTGTGCATTTTCAGGTATAAAAAATTCGCTCTTATACCAAGCAAGTAAATCAAAACTCCAATACCCAAAACTTTTATAATACAAAAATCCTACATAAATAATTGCTAAAAGCATGAGCATAGAACCACAAAATGCATAAATGAAAAATTTAATCCCTGCTCTATAATTATCCGAATACCTGCCTATTAAATAAATAAGTGGTATAAGAGAAAACTCCCAAAATACATAAAACAATAAAGCATCTAGTGAAGCAAAAAGCCCTATAATACAAAATTGCAGTAAAAATATACTTACAATAACACTTTTATCTTGAATATCTAAACATATAAAAGATAAAAAAATCATAATAGAACAAAGCAACATCAAATAAAGTGCTATAGCATCTACACCTATATGAAAATTAACTATCAAAGAATTTAAGCTAAACTCATACGCTATACCATCATGATAATCAAACAATAAAAAAACATTTAAAACTAAAATCAAAAAGCTAATTAAAATAGCAAAAGTTTTAGAATCTTCTTTTTGTAAAAACAAAGCTATAAAAGCTGCAAAAAATGGAAATAACATTAATAAACTAAGCATTCTACACCGCCAACGCTAAACAAAATAAACACACAAAAGCCAATACTGTAATTCTTAAGACCAAAGAATAATCCTTGCCCACACTAAGCACTCTAGCAAAGCTTCTAAGGAAAAATGCAACACTATCTACCAAAGTATCTAAAATTTCTTTATCGCTTTTTCTTAAAAATTCACAGAATAAAGCATATTTACTAACAATAAATTGATGATAAAATCTTGGTATATAATATTCATTAAACAAAAGCCTATAAATGCTTGTTTTAGAAAGTGATGGTTTAAACCAATTTTTCCAATAAGCTATAATAGCCAAAAGCATTCCAAGCACCGCAGCAACACTTGCAAGCGCCATAACTAAAGAATTTTGTCCATCAATAAAAGCTAAATTTTTACTTACAAACTCCATAAAGCTATGCTCAAAAAATCCTGCAATAATAGCAAGTAAAGCCAAAGGACTCATCGCAAGCAAAGCTATCTTACTAGCTTCGTGAGGATGTTCTTCATGTCTTTTTGGAGTAAAAAATACAAGCATTAAAAGTCTAAAACTATAAAAAGCTGTCATAAAAGCTGCTATTAAAAGCGCTAAAAAAATTCCATGATGATGACTTATAAAAGAAAATCCTAAAATTAAATCTTTAGAGAAAAATCCTGCAAAAGGATAAATTCCTGCCAAAGCCAAAGAGCCTATAAGCATTAAAATAGCACTAAAACGCATA
CP177185.1_gap37	1483732	1485052	1320	AACACAAGCTAGCTGCTAGAAAATTTAAGCGTTTAAATTCCTTACTTAAAGAAAATGAAGTTTTACTTAGAATTGGTGCTTATCAAAAAGGTACCGATAAAGAACTCGATCAAGCCATTGCTAAAAAAGACTTTATGCAACAATTTCTAAGTCAAAATCCTGAAGAAAGTTTTGAATTTGAAGATACGATTAATATACTTAAGATGATTGATATGCAATAATTGGAATGATTTTTGCTTTTTTATGATAAAAAGTCATGAAAAAAGGATGGATCATGTCAAATGTAGCATTTTTAGATCATCAACAAAACCTAGGTTTAAAATATACTGATATTTGTCAAAATATTTTTGAAAGAGAAATCTTTACACATATGTTTTTAGAGTGTGTAAGCTTTGTTTTACTAGAAGATAAAGCTAAGTTAAAATACTTAAAGATTATTAATTCAAAAGAAGAATTTATCGTTGAATTTAAAATTAATAATCAAAAAAAATCTTTTATTATTAATGATAAAAAAAGCTTGAATGCAGAATTTAGTGCAAAAAGAATGACTCAAGATGAGTATGAAAGAGAAATAGCTAGAATTTATCAAATAGAAAGATATTTAAAAACGCAAAGCAATCTTCAAAATTTTTCTAGCGAGATTAGCACTACCATGAAAAATCTTTTTAAAGATATGGATGAGTTTAAAAACTATATCGATATACTTGAAGCAAAAGAAAACACTCACAATCACTACTTATCAAAAATTTATAATATAGCTTAATATTAACCAAACTTTGCCGATAATATTACTAATCCAAACAAAAGGAGTATGTTATGGGCGAAGTTACTAACAATCAAGCAAGTTTAATGCTTAACATTGCAACTACTATGATGAAAAAAACCATAGAAGCCAATGAAAATGCAGTAATGCAAGTACTTGAAGGCGTAAATGCAAACCCTGCTCCAACTACTACTCCTAGCACTAGTTCAGGATTGCTTGACATTTACGCTTAATTTTTCTCTTCGATTCAAAAATTTTGGCATAGCTTTTGCTTTTTTAAAGCTAAGCAATATTTTTGAAGAGAAGAGTTATGTTTGTAAATTCTAATGTTAATCCGTATCAGAATTTTGCAAATTATCCTTTTGCAAAAACTGGACACGCAGAAGAAAAAAAAGAAAATACCAATATTAAAAGTGATTTACTTGATATAAAAGGTTCTAATTTAGATTATAAAGTAACTTATGCAAGTGAATTTGGTTTTAGAATCAATGAGCAAGGTTTTTTTGAAAAAGATCTTAATAAAACAGCTGCTTTACCTCTTGATTATGATATTAATA
CP177185.1_gap38	1579845	1580345	500	TTTCACCATAAAAGCTACTTGTTCTTTAGTAGCTTTTGCTTTACCTGTTACGGTTTTTTTTACTTGCAAAGGTGTGTATTCTGCAAATTCTCCATGAGTTTGTAAGATTTTTAAACTCAAAGCTCCACGAAATTGTGCTAACTTTAAAACTGTTTTTGGATTATAAGCAAAAAATATATCTTCTATAGCTACCTCATCAAATTGATGATTTTTAAAGATTAGATCAAGTCCTTCACATAATTCTGTGATTTGATACTGCAAATCATTAGGTTTGATTTTAATAAGACCTGCTTCTATGAGTTGATTTTTATTATTAATTCTTTCTACTATAGCGTATCCACAATACCTAGAACCAGGATCTATCCCTAAAACTTTCAAACTTTTCACCTTTTTATTCACATAGATGTGAAATTTAAATTTTTATGTGAATAATTTTAACCATTTTTTATAAAAAATAAGCTAGAATTTTAAGTTTTACATCATAATTTATAAGAAAAATA
