gap_id	start	end	length	sequence
CP179935.1_gap1	131158	134155	2997	ATCCGGAAGAAACTCACGGAGAAAGGATTTGATTTTTAGAAATTCAGCTTTGTTGTCTATTACTATACGGCTGACGTCAGACGTTGCCGCGTCACGAAGTATACGGAAAACAAGTCCGTGATCCTCGTAAATAAGGCATGGTGATTTACCTGACATCTTGTCTTTTATTTTGCTCCACAGGCGTGAAAGGTAATCCACATCCGCACGGAGTTCTTCCTCGTCGTGTCCGGCTGTTACAGTTCTTGCTATCAGCCCCATATTAGGGGATTTAATAGCCTTCAGCACGTCACGCAGACGGTCACGTTCCTGTTCGTCTTCTATCTTTCTGGAGACTCCGACGTGTTCATATCCGGGCATCAGGACTATATACCTGCCCGGGACTGTAAGGTGTGTTGTGAGCCTTGCACCCTTCTGACCTATCGCTTCTTTGGCGACCTGTACAACTATCTCCTGCCCTTCTTTAAGCATGTCTTCGATGGGTGGGATATTTTTCTGTTCGTCTTCGGTCATCTGGTCAATGTCCGTGACTGTTCTTTCGCTGTCGATGTTGTTTTCTAGAAAGCTGACACGCTCTCCGTTTTCCACATATACATCGGCAGCGGGCAGAAAAGCCGCCTTTGGCAGACCAACATCAACAAAAGCTGACTGGATTCCGGGTAAAACCTTTATCACACGTCCTTTATAGATATTCCCTGCAACGTTTTTACTGTGTGCACGCTCAACATATATTTCTGCCGGATTGCCGTTTTCAAGTATGGCTACCCGTACTTCGTTTAAAGTCGAATTGACTATTATTTCTTTTGACATTTTAAAAATCTTTTCTCTGTTCCATCGCTTTAAGCAATGTTATCTCGTCGGTGTATTCCAGATTTGTACCTATCGGCACTCCGCTGGCTATTTTGGTCACTTTCAGGTTCTGTTTTTTGAGTAGTTTTGAGAGGTATATGGCTGTGGTTTCCCCTTCGATGTCGGGGTTGGTAGCGAGTATAATCTCAGAAACATCTTCAGCTTTTGCTCTTTTCAGCAGTTCTTCAATGTGAAGGTCTTCCGGTCCTATGCCGTCGAGGGGGGATATGCGCCCACCGAGGACGTGATAAAGCCCTCTGAAGAAGCCTGTTGCTTCCAGCACATAGATATCCTTCGCCTCTTCCACAACGCATATCTGGCTCCTGTTACGGTAGCCGTCAGTGCATATATGGCAGACTTCTGTCTCGGACATATTTCCGCATATTTTACAGAAGACGGTCTTCTCCTTAAGCTCCACAAGGCTTTCTGCGAGGGATTTCACCTGTTCGCTGTCAGCTTTCAGTATATGCAGGGCAAGCCTTGCGGCGGTCTTTCTGCCTATACCGGGGAGCCTTGAGAGCTCGCCAACGCAGCGCTCAAAGATCCTGTTTTTCATTTTGGTTTGTACTTAGAACAGTCCGGGGATGTTCAGACCCATGCCGCCTGTGACAGCGGACATCTTTTCCTGAACCACTTCCTGAGATTTCTTAAGCCCTTCGTTAACAGCAGCGAGGACAAGATCCTGAAGCATATCAACGTCCTCAGGGTCAACAACATCTTTTTCAATTTTGATGCTGACAATTTCCTGTTTGCCGCTGACCTGAACGGTAACCATACCGCCTCCGGAAGTTGCTTCGACTATCTCTTTTGAAGCCTCCTCCTGAACTTCCTCCATCTTTTTCTGCATCTTCTGAGCTTGTTTCATCATTTGTTGAATGTTCATAAAATTCTCCGTATATTATTTATATTCTTGTATAAAAGCGGGCGAACCCGCATTGATATCATGTTAAACGCAATAACTATTTATTATGGAGTATTGAGCGTATAAGTCAATAAAGAAGTGAGAAGGTCAGATTTAAAGTCCCCCTTAAATATTTAAGAGGGACTATATATAACTTGCCGGGACAAGGCATCCCGCTATACATTTTTATACCTGGAACAATCCGGAGGAGAGATATCTCTCGCCACTGTCCGGAAGTATCACAACGATATTTTTCCCTTCCAGTTTATATTTTTCAATAGCCTGAATTGCAGCACACACAGCAGCGCCTGAGGAAACACCGGATATGATCCCTTCCTCACGGGCGAGTCTTCTTGCGTACTCTTTTGCGTTTTCATCATCTATCTGCTCCACATCGTCTATAAGCGAAACGTCAAGTGTTTCAGGGATGAAGCCTGCTCCTATACCCTGAATGGTGTGAGGACCGGGCTGTAGAGGCTGTTTTTCGATAAACTGACTTATAACAGGGCTTTTAACAGGCTCTGCTGCGACTGTAAGTATATTCAGCCCTTTTTCATTTTTGAGATACCTGCTCACACCAGTGATAGTACCGCCTGTCCCCACGCCGGACACGAATACATCGACTTTACCGTCAGTGTCTCTGAATATTTCAGGACCTGTTGTTGCTTCATGTATCAGCGGGTTGGCAGGATTACGGAACTGGTTCGCGAGAAAGTATTTTTCAGGTTCTTTCGCAACCATTTCATCAGCAAGAGCTACAGCACCTTTCATGCCGAGTTTGCCGTCTGTCAGTATCAGTTCTGTGCCGAATGCCTGCATCATCATTCTTCGTTCCATTGTCATTGTGTCGGGCATAATGATGGCAACTTTAAACCCGAGGGCGGCTCCTGCGTATGACAAGCCTATGCCTGTATTTCCGCTGGTTGCCTCGATGATAGTCATCCCTTCTTTGAGTTTTCCAGACTCGATGCCTTGTTTAATAATGCCTGCGGCAACCCTGCATTTTACAGAATAAGCTGGGTTACGACCTTCTACCTTCGCAAAGATATTGTTTTTATATTTCCCCTGTATGCTGTTAAGGCGTACAAGGGGAGTTTCGCCGATAGTCAGCGAGTTGTTTTCAAAAATTTTCATGAAACTTTAAATCCCTCTTCTTCTATTGCTTCCACGATGTCGCTTTCTATAACATCTTCGGAAAATGTAACTTTCGCTGTACCCTGTTCGAGATTAACATCACAGCCTGACACGCC
CP179935.1_gap2	182181	184646	2465	ACATGGAAAAAAGGAGGCTTTTTATCATGGAACACCTTTCAAATTTCGACCCCGAGGTCTCGGGACTTATCAAACAGGAAGAGCAGAGGCAAATTGACAAAATCCGTCTGATCGCTTCAGAAAATTATGTTTCTCACGCCGTGCTGGAGGCTACAGGGAATGTTCTAACCAATAAATATTCTGAAGGCTACCCCGGAAAGAGATACTACGAGGGGCAGCAGTTCATTGATCCTATCGAAACTATTGCCATTGAACGTGCGAAAGAGCTTTTCGGTGCGGAACATGCTAATGTTCAGCCCTACTCAGGTTCACCTGCAAACATGGCGGTTTATCTTGCTTTTGTTAAGCCCGGTGATACTGTCATGGGCATGTCCCTTTCGCATGGCGGGCACCTTACCCACGGCTCGCCGGTAAGCATCACAGGGAAATATTTTAATATCGTTTCATATGAACTGGACAGGGACACAGGACTTCTTAACTACGAAACCATAAGGGAATTAGCAGTTAAGAGTAAACCAAAAATGATTATTGCAGGGCACTCAGCTTATCCGAGACAGATAGATTTTAGAAAATTCAGAGAGATAGCTGACGAAGTCGGCGCGGTTCTTTTCGTCGATATGGCACACTTTGCAGGGCTTGTTGCCGGCGGTGTTCACCCTTCGCCTGTCCCTTATGCCGATGTTGTATCCACAACAACACATAAAACTCTCAGAGGACCAAGGGGCGGTATGCTTCTTTGTAAAGCGGAATATGCCGCAGCTATTGATAAAGCTGTTTTCCCCGGGATCCAGGGTGGACCGCATAATCATACGACAGCGGGGATTGCTGTTGCTCTGAAAGAGGCACTTCTGCCTGAATTTAAAGAGTATGCCGCACAGGTAGTTAAAAATGCCGGAAAAATGGCGGACTGCCTGACGTCTATGGGGTATCAGCTTGTCACCGGCGGAACAGAGAATCACCTGCTTCTCATAGACCTGAGCAACAAAAATATCACGGGAAAACAGGCCGCAAAGGCTCTCGATAAGGCAGGAATCGTTCTGAACTGTAACGCTGTGCCTTATGATACCAGAAAACCCTTTGATCCCAGCGGTATAAGGATGGGGCTTGCTGCGGTTACGTCAAGAGGATTTAAAGAGGCAGAAGTTGAAAAAACTGCCCAGTGGATAAATAAAGCTATAGAGAATTTTGAAAATGAAGAGGTTCTCGAAAATATATCAAAAGAAGTCAAGGAGCTTTGTGTTAAGTTCCAACCTCCCGGCCTCTAAACGAAAAAAGGCGGAGCAAGTGCTCCGCCTTTTAATGTATGTTTCTGAATATAATTCTAGTTTACGCCCCAGAAGCGAAGTTTCTGAGTTGCGAGCCTTGCCGCATCTGACTCAGGGTACATATTGACAACTTTCTGAAGCGACTTAACAGCGTTGTCTTTATCAGAGATATTGCCGTAGCTGTAGCCCATTTTCAGAAGTGCGTCCGGTACTTTGTTACCTTCGGGATACCTTTCAACCAGTTCCTGAAATTTCATTACTGCACTTTCGTAATCTTTTTCGGCATATTTGATTTCACCGAGCCAGTACATTGCATTGTCAGATCTTTCCACGTCAGGATATTTCATAAGAAATTCATTAAATTTTGTTTCGCTTTCGGCGTATTTACCGTTGCGGTACAGTTCGTATGCATAGGTGTAGAGACCAATTTTGTCCTGAATGTTGTCTTCTACAATAATAACTTCCTCGTCGCCGGATTTCATTACTATTGGGGAGTGATCGGCAGAAAGTTCCATTTTAGTTCTTTCAAGCTCTGTAACGCGTTCTTTTATTTCCATAACGTCAGAGTTGGTAACTGTCATCTCTTCACGAAGCTGCGAAATCGCATCTGAGTTTCTGTTGATACTTTCGGTGTTTACACGGATATCTTTATCCAGTCCCTGTATCTGAACCTGCATGTCGCCTATAGTAGACTGAATGCCGAGCATTTCATCCTTGATGTTATTAAGACTTTGCTGGACAAGATCCTGATTGCCTGTACAGGCAGAAAGGGAAAGTCCCGCTATCATAACAATTAAAAACTTCTTGTACATAACTTCTCCTTCTATATTAAATATTTATCTACTTCATTGACGAGTATGTCTGTGTCCGGCTTGCCTATGAACCGGTTTGCTCCGACACTCATAACTTTTCTTTCATTTTCTTCGGATGCCAGAGAAGAGAAAACCAGTACGGGAAGGTCTCTTGTATCCGGATGTGATCTGATAGTTTTAACTACAAAGGCTCCATCTGTCACAGGCATTTCAAGGTCGGTGACAACTAAGTCGGGAAGCTGTTCTTTCATTTTGTTTAAAAGAAGTTTGCCATTCTCAAAAGAGAAAGTGGTATAACCGGACTGTTCCAGATGTGAATGCAGGAAACGTCTGATAACGCTTGAGTCTTCTGCAAGATAAACAGTTTTTCCTTCTCTCTGGGGTGCTT
CP179935.1_gap3	191040	193888	2848	CATCGTAAAATCTCGGAAGAAGAGATACTAGTGAGCTTTTGCCTGCTCCGCTTGAACCGACAAGTGCCACGCTTGTTCCGAAAGGTACGCTTAGGGATATGTTGTCCAGAACCTTTGCACTGTCGGGTTTATAGCGGAAAGAAACATTTTTAAATGTAATGTTTTTCTCATTTGCATTGCATTGAAGTGCCCCATTGTTGTCCAGAATGCTGTTTTCAGTGTCGAGAACAGAGAATATTCTCTCCATAGAAGCCCTTGCAACCTGTATTATCTGGTTATAGTTATTAAGTTTTTTGATTGGTTCGAACATCATGCCGAAAGCAGTCACAAAAGAGAAAAAAGTCCCTGTTGTTGTTTCACCGCTGATAACCATCGTTCCACCGTATAAGATGATGGCCGCTATGCTGAATCCTGAGAGTGTTTCAATCATGGGTGAGCTGACAGATGTTATCATTGCCTGCCGCAGTTTATATTTCAGCTCCGAAAGGGCAACTTTTTTGAATTTACTGTATTCTCTTATTTCGGCTGCAAAAGATTTAACGACCCGTATTCCTGAGAAGCTTTCGTTGAGAGCACTGCCCATCTCTCCGGTATATTCCTGAATCTTATGGCTGGTTTTCTTTATCTTTTTGCCGGATTTGTGGACTATAAGAAACAGTATCGGAGCAAGTATGAAAACAGATATACCAAGTTTAGGGTTTTGAAAAAAGACTATTCCGGTCAGGAAGACTATGGACAGGGAGCTTCTGAAGATTCGCATAGCGGACGATATTGCTCTCTGGAGGTTTGATACATCGTTGATGATTTTCGTCATCATTATACCAATGCTGTTTTCACTGAAATAACTCATCGGCTGATGAATAATTTTCTGATACATGTCGTCTCTGATGCTTTGTACAGCTTTTTGTCCGGCATATTGGATTGAGTAAGACTGGAGAAATCTTGCGCCGCACCTGAAAGTGAAGAGAGAAATGATCATCAAGGGAACCAGCCGAAGCATTTTCTCATCTTTTGATATAAAGATACCATCAAGAATATCTTTGACCATGTATGCTATCGCCGCATCGGTTCCAGACACAGCCATGGAAGACACAAACGCTATTGCTATCAATATTTTATGTTTTTTGAAATATTGCCAAATACGTTTTGTATTGTTCATAAAGTGACTTATAGCATTTTTTACAAGAATTTACATCCAGCAATTACAGGTATGCTGAATATGTATCTGAAAGCGGCTTACTTTTCAAAAGCCGGACGGAATGGAGGGGGCGCTCATGCTCTATGCAAAGTATGAGTGGAGATGTATAGGCCGGATTTATTATAAAAGCAGAATATTGCTTATAAGTACCGTAATGCCGGAGATGCTGCCTGCGCTGTCGGTCAGAGGTGACGTAACAAGTGCCACAGGCTGAACTTCACCTGCTTTGTTTAAGACATGCGAGTCAAAGCTGTAGTATACTTCTCCGGTTTCTACAACATTCAGAATATTGTCTTTTTCATTGTTGATGAATATCTTTTGGATACCATCAGTTCCGAGCACTTCATCTGCTGTATATCCTAAAATATTTTCCGCACTGTCATTCCATGCCGTTATGATGCCTTTGTCATTCATCTGTACCATTGCTCCGCAAATATCATCCATATATGAGCCTCTTGAGTGTTTATAAAAAAATTATACCATGTTTAAGAGACAATATAATTGATTAATTAATAAAAACAACTGCACTTTGGTACACTTGAAAAGATATCATGATATGAGGTGAGCCATCTTTTTTTGAGAATTATTTCCATGCTGTTGGCATGATAATTGTTATAGTAAGATCATACGGAGGCGGATATGCAGGGGATATTTGAAAGAATGAAGATCGACACACTTGCCACAGGGCTTAGAACAGCATCTGTAAAAAACGGTGTGATCGCTGAAAACATTGCCAATAAAGACACTCCCGGCTATAAGGCTCAGGATCTGGAATTTTATGATGTTATGGATGAAGTTTTAGGGACAGGGAAAAAATTACCCCTTACAAGGACAAACGAGAAACATCTTCCTCCGGCAGGCAGGGGTGTTGATCCCTCTTCTTTTGTTTATCAGCAAAATAATCCGTCTGTAAGAAATGACGGCAATGATGTTAATGTTGACTACGAAATGACTCAGATGGCTGAAAATACGATTCGTTATAATATGATGGCGGACATGACAGCAGGTAAATTTACAAAACTGAAAAATATAATTGCAGGCAGATCATAAAGGGGTAGGAAATGAGCTTTTTTGATGTACTCGGAGTAGCCGGAACAGGGATGAGCGCGCAACGGATAAGAATAAGCGCTATATCGGCAAATCTCGCAAACGCAAATACCACAAGGACAGATGATGGCGGACCTTATGTAAGGCAGGACGTTATCTTCAAGCAGGTGCTTGAAGGGGAGCTTGCGGGGGGCGTTAAAGTGACAGAGGTTGTGAAAGATGAAAAACCGCCGATATTAAAGTATGAGCCCGGACATCCTGATGCTGATGAAGAGGGGTATGTTGCTTATCCTAACATAAACCCTATCGAAGAGATGGTTAATATGCTCGAAGCATCAAAAAGCTATGAAGCGAACACAACAGTAGTGTCAACCGCTAAACAGCTTGCAATGAAAGCTCTTGAAATAGGAAGAGCTTAAATAAATGGGTTGTAAAACAGGCGTGAAATATATTATATTACTAGAGAGTATACACGTGTTTTCTCATGTAGACTCAGTGCAGGGGTAGGAAATGTCTGAAATTAACAATATTAACTTTCTGCTGCCGAACAAACTGGACACAACAAAGAGCTCTCAGGCTGAGAAGCCGGAAGCGAGCGTTGAT
CP179935.1_gap4	381186	382154	968	GGACTGCGTGTAGAAGTTCTGGATGCTGCAGTTATCTCTCTGCTGCTACTGCGCAAGGACTATTTTACTGCGGGCTCTATAACTTTCCTGCTGAACCTCGGGCACTATCTTGAAGCGTCAACGGAGTATAAGTCAGACAAAATGCTCCGCAGTCTCATAAAGCCCGATGTGGAGTATGTATGGGTACTTCAGGGGCAGAAAGAGGTTAAGGTATCTATTGATGATGTTTGTGTAGGGTCGCTTGTGATAATTGGTGCGGGAGAGATGATTTCTGTTGACGGAGTTGTCTATTCCGGCGAAGGGCTTATAAATCAGTCTTCGGTTACCGGGGAAAGTCTGCCTGTCAGTGTGGAGAAGGATTCGGAAGTTTATGCAGGAACTGTAGTAGCAGAAGGTAAAATCATTGTTGCAGCTACTAAAGTTGGTGCAGAAACGACATCAGCAAGAATAGCTAAGTTTATAACAGGGTCGCTTAAAAACAGGTCAACATCAGAAGTGCGTGCCTTTAAAACAGCAGACAAGATGGTTCCGGTGACATTTGGAATAGGTCTTGCCGCTCTTCTTCTGACCAGAGATTTCAGGCGTGCTTCGTCTGTGCTCTCTGTTGATTATTCATGTGCTCTGAAGCTTGTGATACCCACTGCAATCAAAGCAGGGATATTTACCGCAGGCTCAGAAGGAATCTTTATCAAGGGTGCTCAGGCACTCGAGAATTTTGCAGAAGTTGACACAATTGTTTTTGATAAGACAGGAACCCTCACCAAAGGCTCACTGGAGGTTTCCGAGATAATTTCATACGGCAGTCTTAGCGAAGAAGACCTGCTTTGTATCGCCGCAAGCGCAGAAGAGCACTACAGCCACCCCATTGCTTCCGCAGTTGTACAGGAAGCTTTGAAGAGAGGGATTGCGCTTAAGGAAACGGGTGAAGTGGACTTTATCATAGCCCACGGTGTGTCTGCATATGTTGA
CP179935.1_gap5	390291	392352	2061	TCGTTCCATACACCAGCGTCCTTGAAAGCTTCCCAGCCCTTTATCTTGTCGCCCGGGAAGTCTTTTTTGCCATCCCATGACGGAGCAGTATAGTATTTAACAGCGATCTCAGCGAACTCTTTCGCATTGGATGCGCCCTTACCTGTTTCCGGATCGATTATCTGCTCTTTGTAGTAGCGCAGGAGCTTGTCAAAACCTCTTTCTGCAAGTTTTTCAGCTATAAGAAAAGGGATCTCGGTTTCATCTGTACGTACATCAAAAAGAGGCTCAACAACTGGCTGAAGCAGTGATACCTGCGAGTGTAAGTTACCTTTGCTCTTGAGATATCCCCACTTTTCAAAAGTTGTAATTGCCGAAGGAAGAACAATGTCAGCAAACTGAGTCATCTCAGATGCGTTTGTGGTTATATGGACATAAAATTCGAGCCCGCTCATGGCCTCTTCCCATCTCTGAGCACCTGTGCCTGAGAATGCGAAGTTGTTCATGTAGCCGATACCCATCTTTATTTCCATCGGATTTTTCTGAAGTATACCGTCAGCAAGGTTGTTTGTTACAACACCGCCCCCTGACTTACCGCTGTTGAGTGCAGGAAACTGGAGATATCCACGCTGATCAATTTTGTATTTGTGCTTTATTTTCGCAACTTCATCTTTGTAGTCATCGAGTTTAGGCATTTTGTTGACATGGGTTTTGCCCTTCATCATTGTTCCGCCGATGTTATCAAGGTTACCGAGGAGTCCGCAGAGGGATTCGATAGCCATTGCGGTATACGTCCCACGAACCTGCATAGCAGCACCAGGTCCCATCCATATGCAGATAGAGGGAGCAGCGGCAGCCATTTCTCTGGCAGTTTTATAGATAACTTCTGCGGAGATACCACACTCCTGCTCTGCCCATTCCGGAGTTTTATCTTTGAGTTCAATGTTCCACCATTTGATGATGCCGTTAGTATATTTCTCTTCAAATACGGATTCATCGAGTGTCACACCTGTTTTGAACTGGTTTACACTGTTTTTGAAATCTCCTACGAAAGGCTTGTGCCAGAGATCTTCTGTAAGTAAAACGTGAGCTATAGCAACAGCAAGTGCGCCGTCTGTCCCCGGAAGAACCGGAAGCCAGTTGTGGGCTTTTGCAGCGGAAGCATTCAGTTTAGGATCAACAACAGTGACTGTTGCTTTGTCTAGAACATCACCAAAAACTTTAATGCTGAAAGGAACCTGTCTATTCGATACGAGTGGGTCAAGTCCCCATATCAGAAGATATTTTGTCCTTGTAAGGTCATAATCCCTGTAATCCCAGTATCCGTGAGTATAGAATGCGCCTGACTTTTCCGCTTCAGCACATAGGGCAGAGTGAGAGATGTTGTTAGGGGAACCATAAATCTTTGTCATAGCATCATAGATCATATCTCTCATGTAAGTATAACGCCCTCTGTTCAGCATATACTTATGAGCTTCTCCGTTGTTTCGGAGTTCCATCATCTTGTCAGCTATTGTGTTGAGCGCTTCGTCCCAAGTTATTGGAACAAACTTAGGGTCGATGCCTCGACCTTTTTCAGGGTTGGTTCTTTTCATCGGGACTTTGACCCTGTCCGGGTCGTAAAGCTGCTGTAGCCCCATGTGGGCTCTTGGGCAGCAGGTTCCGCAGTTTGCTTTACTGTTCGGGTTACCTCTGACTTTGACAGCACGTCCGTCCTGAACAAAAACCTGAATAGGGTCCCATGTTGTGCACCCCTGACATGTTGTAGAAATCCATTTACCCGGATCTTCGCCTATTGCTTTCTTTGGGTCCATTGGAGCAAGAGCATTATTCTTAGGTACTCCACATCCGACCATAGCCACAGTGCTCACAGCAGCTGTAGCTTTCAGAAAGTCTCGTCTTCTTAATTTCATAAAGACCTCCTACGAGTTTACGTCACAGGAGTATATGCAACCGGCATGCCAATAATTGAAAAGGGGTAAAACCTTTATAAATAAAGAATGCAGTAAAAACAGAAGGGCGTGCAAGTAAAGAATCTTTACGCTAAAACGTACAGACTCTTTACGTTTGGTTGTGTGTGAT
CP179935.1_gap6	430794	432393	1599	ACAGCTCCATCAGCTCAGTTTCACTTGGTATTTTACTGCCGACTTTCCAGTTTCCTGCTGCAATCTGTTTCTCCAGTTCGTCAGCAACCTGAATAGACAGAGTTCTGTTAACCGGTTTTTTTATTTCCATAGTTTTTAATCCTGCGTAATAAATTAAGTTATAATTATATCAAATACTTTTGCAGTTGTATAGGGGGTGCCCTGCATGCCGGATGCATAAACATGCCCAAGCAGAATATCTTTACTTATTTTGTATGTATAATCCAGCATCAGTAAATTGATAACATTTTGTTAGATGCATTTCACTATAACTTATTTTATATATTTAGACCTCTGTACAATGTACATACTGGTCCTTTTTTTTGAACATTAATCGGATACATTAGGAATTATGATAAAAAATACAGACAACACACAATATAAGAATCTTGTAGTTAAAAACAACTATTCTGAGGCAGAACTCTGCAATATTAATTTTGATAATGCTGCAACAACCCCGCCCTTTGTGCCTGTAATGGAGGCTGTTAATGAGTTTGCCCTGTGCTATTCATCTGTTCACAGAGGAGCTGGCAGGAAAGCGGAGAGAACATCAGAGATGTTTGATTCTGTGAGGGAATATGTTGCAGATTTCTTCAACGTCTCAAAGGCTGACCAGACTGTGCTTTTCACGAGAAATACAACTGAGAGCATTAACAGACTTTCAAACATTTTGGCTTCGGCAGGTCGGAAGACAGTTCTGGTTTCAGGGATGGAGCATCATTCAAATGATCTGCCCTGGCGGCGTAATTTTAATGTCGTTTATATCAATACTGACAGAACAGGGCGGCTTGATCTTAACGATTTTGAGGAGAAGTGCCGATTATATTCCGGAGACTTAAGGCTTGTAGCCGTTACTGGGGCATCCAATGTCACAGGCTATGTTAACCCAATCTATGAAATAGCAGTGACAGCACATAGGTGTGGAGCAGAAATATTAGTGGATGCCGCACAGCTTGCACCACATATGAGAGTAAATATGAATCCTCCGGAAACAGACAGGCGTATTGACTATATGGCTTTTTCCGGGCACAAGCTCTATGCTCCATTCGGGACAGGCGTTCTTATCGGTAATAAACATGTGTTTGAGAATAATCCCCCGGATCTTTCAGGTGGAGGAACTGCTGACATTGTTACGTATGATTCTGTTGTGTGGCATGATATTCCGTTAAAATATGAGGCAGGTACTCCTAATGTCATGGGAATAGTTGCCCTCGGAGCTGCTTTGCGCACTCTGAATGATATTGGTATGGGCAAAGTACACGAATATGAGCAAAAGCTTGCTGCATATGCCTATAGAAGATTGTCAGAAGTCAAAAACATATGCATATATTCCGACCAATACGATAAAGCTGTTAATATTGGTGTTATCCCATTTAATATTTACGGCATACATCACAGCGAACTTGCAGCGCATCTTGCTTTTAACGGCGGTATCGATGTCCGGAGCGGATGCTTCTGTGCCCAGCCATATGTCCAGAAACTGCTCGATATATCTTCTGACGAAGTTGTAAAATACTCCTCACTCTCTCAGGACAAAAGACCCGGTATGGTTAGGGTAAG
CP179935.1_gap7	443360	446529	3169	GGTTCAAATCCAGTCATCCCGATATGCAAAGGGCATTGGTCTTTATTGATCGATGCCCTTTTTTCGTTAAGTTGCTTAAGTATGATTAAGCAGACTTGTTAAGCTCGTAGTCCGGCATCTAAGGGTGCTCATATGGAGAGTGCCGAACCCCTTCTGATTTTCATTTATTATAAAAGAATAATCACATCTCGAATTGATAGTTTATTATTTGATTAAACTTATTAACTTTATATATTATTATAACTATGTTTTGTATTCGTACTTCGATGAAATACTTAAAAACAGGAGATAGGCTGAATTGTCCTTTTCTTGATCCAGATCAATTATTGATACTATAATAGTGTTATAATTGATCGTGGTGAGTGTTATTATTATTATTATTTTGTGATGCCATAAATTTTCCCAGAAATCCGACAGTATGGTTCTGTCGTTTAACTTTATGTAAAGAATACTGGTTCATCCAGTTTAAGGGAGTTTTTTATGCGTATTAACATTGAGAAATGGAATGTTGAAGATCGTTCGTTTTGGGAGCGTGAAGGGAAAAAGATTGCTATAAAAAATCTTTTAGTATCTATACCCGCCCTTCTTCTGGCATTTGCTGTCTGGATAATGTGGAGCATAATAGCCACTAAGCTTAAAGAGTTTGGTTATAACTTCGGGATGATTACTCACGGAATGAATCAGGATGAGATCAATGCTGCTCTGAAAGAAATTAATAACCTCTATTACACACTTCCGGCGATAGCAGGTCTGTCCGGCGCTACTCTCAGGATACCAAATTCTTTTCTGATAGGCATCAGTGGCGGGCGGAATGTGATTTTCGTGACCACTGCGCTGCTTTTAATTCCTGCTGTGGGAGTAGGCTATGCACTTTCAGATATCAGAACCCCATATATAACATTTGCTGTACTTGCAGCCTTATCAGGTTTCGGTGGTGGGAATTTCGCATCGTCTATGAGTAATATCAGTTATTTCTTTCCGAAACGTATGCAGGGGACTTCTCTTGGCTTGAATGCAGGGATAGGTAATCTGGGTGTTGGGGTAATGCAGAAAGCTATCCCTTGGAGCGTAGGGATTTTTATTTTCAGCGCTGTGGGCAGTGATGGCATAGAAGTTTCAGGAACAGCTTTTTCAGGAATCCAGAATGCCGGGTGGATATGGCTTATCCCGCTTGTCGTGACTATCGCGGCTTCATTCTTTCTGATGAATAATGTGGATGCAGGAACTCCGAAAATGCCTCGGGCACTTCCTGCCATGGTCAAAACTCTTTATCTGACCAGTATAGGCATTGTTACTTCCGGCATCGGCGCATATATGCTTTTGGGGCTGAATGTCAATATGTGGATAGTGCTGCCGGTTGTGGTGGTTATGACACTGCTGCTGATGAAATATGCCACACCGCCTGAGATAAAGGTTAACCTCAGCAAACAGTTCGCAATATTTAAAAGTAAGCATAACTGGATAATGACCACAATATATACGATGACATTCGGTTCATTTATAGGATTCTCTGCGGCTTTTCCTAAGCTCTGTCAGGATATTTTTGTCTATACCGACCCGTTGGATCTGGCATACAGAAATCCGAATTCACCTGATTTTCTCATGTGGGTTTTCCTCGGGCCTGTTCTGGGAGCACTCGTAAGACCTGTTGGCGGATGGCTTGCCGACAAGGTGAACAGCGGAGCGAAAGTAACAGCCGTCAGCACAATTCTCCAGATAGCCGCAACCTTTGCCGTTGCGTATTTTATAAAGGCAGCAAAGGGGAGTCCGATGCCGGAGGTTTTCTGGTGGCCGTTTTTCGGAATGTTCATGATTCTCTTTATAACAACAGGTATAGGAAACGGTTCAACGTTCAGAAGTATCCCGTACATATTTAGCAAAGATCAGGCGGGGCCTGTACTTGGCTGGACATCTGCAATTGCGGCATATGGCGCATTTATCATCCCTAAGATATTTGGTCAGCAGATAGCTGCAGGAACACCTGAATACGCCTTTTACGGATTTGGCGCATATTATTTTATATGTCTCGTGCTCAACTGGTGGTACTACCAACGCAAGGGAGCCGAGATCAGAAACCCCTGAATCTGAGGAGAAAAAATGAGAAAAATAATCTTTTTGATAACATTAGCAGTTTTAGGTGCTGCTACATGTGCATGGGCTGATATTTTCGGCAAACCGTTTTCAGATGGCAGCCCCTCCTGCACAACCTGTCACTCTGTTGCTGCAGGCGGGTACTCTATTTCAACATGGGGGCCGGATCTAAGCAGTTTGTATATTGACATGGGAGAGGACGCAGAGGTTATTGCAGATTTTATAAAAGCAAGCGGAATAGAGCCTATGGACGCTGTATACGCAGATTCGGACATCCCGGATGAGGAGATACAGGCGCTGGTGCAGGCTTTTGCCGGACTCAATCCTGATGAAGCTTCAGTCGAAGGGGGGAGCAATATCCTTATATCCGCTTTCGCGCTTTTTTTGATACTGCTGTTTATCGGGCGGCTTGTTTTCAGAAGCAACACCCAACTGGAGGAGAATAAATGAAAACAATTAAAAAACCTGAATGGTTTCAGCTTATAGAGTCTAATAAAGAGAGAAACTGGGAAGAGCTTTACCGCAACAGATGGCAGCACGACAAGATTGTGCGCAGTACTCACGGGGTAAACTGCACAGGAAGCTGTAGCTGGAATGTTTATGTCAAAGACGGTCTTGTAACCGGAGAGATACAGGCTACTGACTATCCGCAGATAGGCGGAGATATCCCCAGACTTGAGCCGAGAGGCTGTGCCAGAGGTGCTAGCTTCTCATGGTATCTGTATAATCCTATGCGGGTGAAATATCCGTATATCAGGGGTATTCTGCTTGATCTGTGGGAGAATGCAAAAAAGAAAAACTCTGACCCTGTAGCAGCATGGGCAAGTATTGTGGAGAATAAAAACAATCGCAATGCCTATGTGAAGAGCAGAGGAAAGGGGGGCTTCCGAAGAGCAGACCGTGAGGTTGTCAATGAGATTATAGCCGCTTCAAACATTTATACGATAAAGAAATATGGTCCTGACAGGATAATAGGTTTTTCGCCCATCCCAGCCATGTCCCAGGTGAGTTATGCCGCAGGTTCAAGATACCTGAATCTGATAGGCGGTGTTGTTATGAGTTTTTACGACTGGTACTG
CP179935.1_gap8	448231	452228	3997	TTTGTGCACCCTCTGCAAAAAGCAGTACCTCCTCTATGGGAATCAGCCAGTGACTGGGACACATTCAAGGGGATAGCGGAGAAGTTCTCCGATCTGTCGGCGTTGCATTTCGACGGTCCGGTGAAGGATCTTGTTTCGGTTCCTCTTATGCACGATACGCCTGATGAAGTAACACAAACATCTGTGAAAGATTGGAAATACGGCGAAACCGAGCCTGTTCCGGGGAAAACTATGCCGAAATTTGTGATTACTGAACGGGACTACGGCATGATATACGAAAAATTCGTTGCTTTGGGACCTAATGCAGGTAAGCAGCTGGGAGCACATGGGGTCAGTTGGGATTCCTCCGAAGAGTATTCCGAGCTGATGTCCATCAATGGCAAAATCACTGCCGCAGGAGAGGACTGTCCTTCTATCAAAGAGGCTTCGCAGGCTGTTAATGCTATTCTGCATATGGCTCCTGAAGGGAATGGTAAAGTTGCCGAAAGAAGCTTTAAAGCTCTGGGAGCTAATACCGGCATAGATTTTTCTCCACTGACGAAAGGCTCGGAGAAGAACAATATGAGTATGGAAGATATCGTAATACAGCCGAGGAGAATCCATACTTCGCCTTGCTGGAGCGGGATAATAGACAAGGGGAGACCTTATGCCCCGTATACTATAAATACTGAATTCGGGCTGCCATGGAGAACCATGACCGGAAGACAGCATTTTTATCTGGATCATGAATGGTATCAAATGGCTGGGGAGGCGCTCCCTGTTTATAAAGAGAATCTGGCGGAAGACTCTCTGAACGAAACCGAAGAGATCGATGAAACTGCAAAAGGGCTTAAGCTGAACTATCACACTCCCCACGGCAAGTGGCATATTCACAGCACATATTACGATAATCTGCGAATGCTCACCCTCTCCAGAGGCGGTCAGGTTATATGGCTGAACAATAAAGATGCAGAGGGGCACGGCATTGAAGATAACGACTGGGTAGAGGTTAATAATCTGAACGGAACCGTTGTGTGCAGAACTGTTGTCTCTGTGAGAATACCGAGAGGAGTTTGTTACATTTATCACGCAACGGAGCGCACTATAAATGTGCCTCTGTCGGAACGCACAAAGGAACGGGGGGGCAACCATAACAGCCTTACAAGAGTCCGGCTGAAACCCCTTGCTATGGTGGGCGGATACGGGCAGTTCAGTTATTACTTTAACTATTGGGGACCTATAGGTGTTAACAGAGACACGTATGTATTTGTGAAAAAGCTCAATAAGGTGGAGTTCTGATATGGATATAAAAGCTCAGCTTTCAATGATTCTTAATCTGGATAAATGCATCGGCTGTCATACCTGTACAGTTACATGTAAAAACATGTGGACGAACAGAAAGGGTGCCGAATACATGTGGTGGAATAATGTAGAGACAAAGCCGGGAACCGGATTTCCTAAAAAGTGGGAAGATCAGGATAAATATAAAGGGGGGTGGGATGTTACCTCTGATGGGCTCAGGCTCAGACTGGGCGGCAAGTTCGGGATGCTCGCTAAGATATTCTATAACCCTGATCAGCCGAAGATGGAAAATTACTATGAGCCGTGGACATACGAATATGAACATCTGATAGATGCGGCTGAAAGCAAAACTCAGCCCACCGCAAGGGCGATCTCTCAGGTGACAGGCAAGCACATGGAGATTAAAAGCGGTCCGAACTGGGACGACGATCTGGGCGGTTCTGATAAATATGCATCTGCCGACCCGAACCTTTCTGAAGAAGAACAAAGACTTATGATGGAGTTTGAGAGTGTGTTTATGTTTCATCTCCCCAGACTCTGTAATCACTGCTCTAACCCCGCGTGTGTGGCATCGTGCCCGTCAGGTGCTATATATAAGAGAGAGGACGACGGGGTTGTTCTGATAGATCAGGAGAAATGTAAATCATGGAGGTACTGCGTTTCTGCCTGCCCTTATAAGAAAGTATATTATAACTGGAATACTTCGAAATCAGAAAAATGTATATTCTGCTACCCACGTATAGAAAACGGTCAGCCAACGATATGTTCTCAGTCCTGTGCAGGTAAAATACGCAGCATAGGCGTTTTGCTTGTGGACATGGATAGATTCGCAGAGGTGATGACTGTTGCTGATGCCGATCTTATGGAGGCATACGAAAGCTGCATCCTCGACCCGAATGATAAGGATGTTATACGTCAGGCAAAAAAAGCGGGAATAAACGATGAGTGGCTCAAAGCTGCCTCAAAGTCTCCTGCATATGCTTACATTAAAGAGCTGGGGCTTGCACTGCCTCTCCATCCGGAATACAGAACTTTTCCGTCAGTGTTTTATGTGCCGCCGCTTTCACCTGTTACAGCGGGGGCTGAGGCTCATGCCGGACTCCCTGATTCAGATATGATGAAAATACCGCTGACACTTCTTGCTAAGCTATTCTCTGCTGGGAATACAGAGCCGGTGAGGGAGATACAGAACAAACTTACGGATGTCAGAAAGTATATGAGAGAAAAAAGGTTTGGTGGAGATGGTGCTGAAAAAGTTTTAAAAGATTCAGCATTTTCAGAAGAGCAGATAGAGAAGGCTTATCACCTGATCACTCAGGCTTCACTCAACGAGCGTATGGTTATACCTCTGTCTTCCCATGCTGAGAGCAAAGATCCATATAAGAGGCAGGGAGAAGTGGGGTTTGGTGTCAGGGGCAAGAAAAGCTGGAGGCAGTAATGAAAATATTTGACCAATATAGTGAACTGCTCAGGTATCCGTCTGAAAAAGCCGTCTTTTCCAACGGGGTAGACAGTTTAGAAAGAGCGGGAACAGCTCATCTGAAATATTATGAATTTGGCAATCTCCAAGAGGAGTATGTTGATTCGTTTGATTTCAGCGAGAAGTCTTCGCTGATGATAACGGTGCATCTGACTGAAGAAGAGAAGGAGCGCAGTAATATTCTGGCGGGTTTTGCGTCTTTTCAAAAGACTTACGGCGGCTCCTGCGGGAATGCATCGCCGGATTATCTGCCTGATCTGCTGAACGCTTTGCAGGATGCAGCAGGAAGAACAGGCGGGTTAAACGATGCCTGTCTGATGTCTGGTATCCTTCTGCGGGCAGTAGAAAAGATTGAAACAGCGCTGACCCGTTCCGGTAGTGTATACCTGCCTGTATTGTGCGGGCTGAAAGAAGAGCTCTGTCTGTTTGCAGAGAATCAGGAGGTGAGTGATGCTTAATACTTTTATGTTTATAATCTTTCCATATATATGTCTTTCGGTGATGATATTGGGGCTGGTGACAAATATCATGTTTGCCGGGCTGAGAATATCTGCTCCGGCAACGGGCTTTTTTGAGAAAAAGAAGCTCTTCTGGGGAATTGTGCCTTGGCATTTCGGTATACTGACTGTTTTGTTAGGGCATTTAATCGGGCTGGTATTTCCATGGCTGATTTTAAATATCTCTTCTTCTAAAGGGGCTTTGATGTTGCTTGAAATCGTGGCTCTCGGCGGCGGTTTCGCTGCGCTTTTTGGGGTGACAATACTTCTTCTTCGCAGGGTGGGGGAGGAGACTCTCTTTGCGTCTTCCGGTTCAGCCGACTATATAGCGTTGCTGCTGCTTTGTATACAGGTTGTGCTCGGGATCTCCGTTGCGGTGGCTCACAGGTGGGGGATAAGCTGGTTTGCATCTAACATGTCCGGTTATTTGTGGAGTTTGATTATATTTCGTCCGTCAGTAGCATATGTCACCGGTATTCCGGCTGTACTCTCTGCTCATATCATGTTGGGGTTTCTTTTGATGGCGATACTCCCTTTTACCAGACTTATGCATCTGGTATATGTCCCTGTGCTGTATCTTTTCAGAAAACCACAGATAGTAAGGGGATACGAGAAAGCTTAGTTCAGTGAATAGGGGGGGCATGCTGCATTAAGCGTGAAGTTAATATGATCGTTTTGTTCTGAATACAGCCGTCTTTGTCGTGCGAGCTGGGCGGTTTAAAGGCGCAAGTACCGAAAA
CP179935.1_gap9	458168	462976	4808	TTATTTCTGCTGGAGTTCATCCGGCATTAAGTGCTACAGCAGTTCTTGCAGGGACATTCGGCAGTATGCTCAGTCCCGGTCTTTCTCATAACCCTTTCATCGCTAAACTCGGCGGGGTAGATGTTATGAGTGTTATAGGTGTTCACGCCCATGCAGATATAATAGCAGGGGTGATAGGAGCTTTAAGTCTTACAGTAGTAGCTTTTTTTATGAAAGAGCATAAAGGATATATTCCTGAAGCCGATGAAACTGAAGTTCTGATAGAAAAACCGAATCTTCTCTATGCAATAGTTCCCCTTGTGCCTCTGACAATACTTGTGCTCGGCTCAAGCGGTCTCGTCTCGGCTCTTAAGATGGGCGTTGCTCAGGCGATGATCATAGGGTGCCTCTTGGCTCTCGCCGTAACCAGAACTTCTCCGACAAAAGTTACTAAAAGTTTCTTCGACGGGATGGGATCTGCTTACGGAAACATAATGGGGATCATCATTGCAGCAGCTGTATTTGTCGGCGGTATGCAGGCAATAGGTCTTGTTGATGCGTTTATTCAGACACTGACAACAACACCTAGCATTGCCAAGCTGGGTGGGACATTTGGTCCTTTCCTTCTTGGTCTTATAAGCGGTTCCGGTGATGCGGCAGCGTTTGCATTTAACGAAGCTGTGACTCCTCACGCGAATCAGTTCGGAATGGAAGTTGTTAACATGGGCAGTATGGCTGCTCTGTCGGGCGCAATAGGAAGAACTATGTCACCTCTTGCAGGTGCTGCCATTGTATGTGCCTCAATCGCAAAAGTTAACCCCATAGAACTTGCCAAACGCAATGCTCTGGGTATGTGTATTGCTGTTGTTGTAGTTTATTTCATTTTCTAAATACAGGATGACCAGCATGAAAATCAATCCGGAAAGATTTAAAAAAGACTTTGCTGAGCTGAAACAGTTCGGGCTTCTGGAAAACGGAGGAGTTACAAGAGTTTCTTTCTCTGAAGAAGATATGGCTGCCAGAGCCTGGCTCGAAAAAGCTATGGAAGACGCAGGGCTGGAAGTAAGCATTGACGCTTTCGGAAACATGCGCGGATGCAGAGCGGGGACAGAAGACCTACCTGCTGTTATGGTGGGGTCTCATATAGATACAGTCCCTGAAGGCGGGCATTATGACGGTGTTATAGGCGTTTTGTCAGCTCTTGAGATAGTTAGAACCCTGAATGACGGGAATGTCAAAACCAGAAGACCTGTCGAAGTCGTAAACTTTTCTTCCGAAGAGTCAAGCCGCTTTGGTGTAGCTACTCTGGGAAGTAAAGCTATGGAAGGCAAACTGAATCTGGCATTACTTAATAAACTAAAAGACAAGAACGGCATTTCGCTTTATGAGGCTTTGAAAGGCTGTGGCTATGATGCCGACCATATCGAATCCGCAAAGGTTGACCCGAAAAGTATATATGCTTTTCTGGAGATGCATATTGAGCAGGGCCCCGTTCTTGAAGCCAAAAAATATCCCGTGGGTATAGTGACTTCCATTGCCGCTCCTACACGTTTTAAAGTTACTATAAAAGGCTTGGCTGACCATTCCGGCAATACCCCTATGGGAATGCGTAAAGATGCTCTTGCCGGTGCTAGTGAGCTTGTCCTTGGTGTTGAGCGGATAGCTTCTTCCGAGGCGGGTGAAAAAACAGTCGGTACTGTCGGCTATTTGTATGTAACTCCCGGTGCTATGAATGTTGTTCCGGGAAAAGTTGAGCTCGGGATTGATATTCGTGATGTATCCATGGAAGATAAAAATAAAGCTGTTCAGGCTGTCAAAGACCTGATTGCCGACATCGCTGAGAGAAGACATCTCGATATAGAGTACGAACAGCTATGTAATGATGAGCCTGTCGCTTTGTCTGACAGGGTGATTAGCACCCTTCAGGAAACTGCAGATGAGATGGGGATATCATACCTTTCTATGCCTAGCGGTGCAGGGCACGATGCTATGAATATGGCGCACTTTACAGAGGTTGGGATGATCTTTGTGCCGAGTGCGAAGGGTATCAGCCATAACATCGAGGAGCATACCTCTATGGATGAGGTTTGTTTCGGGGCAGACCTATTACTGAAAGCCACAATTAAGCTGGCTGGGGAATGAGATTATGACAGATAGAGTAAAAGAGATTGTTGACGGTATAGCAGGAAAGCTCGTTCAGTACAGGCGTGATTTTCACAAACATCCGGAGTCTGGATGGACTGAGTTCCGTACAACTTCCATCATTGCCTCTAAGCTTAAAGAGCTGGGTTATGAAATTAAGCTGGGGAAAGATGTCATATGCAAAGAAAGCATGATGGGGGTTCCCTCTGAGCAAGACCTTGAGCTTCATATGAAGCGTGCTGTGGAGCAAGGGGCTGACCCTGAACTTGTCCAGATGATGAAAGGCGGGCTGACTGGGGTGGTTGGCGAGCTTAAATGTGGTGAAGGTCCGGTTATGGCTTTGCGCTTTGATATTGACTCCAATGATATTTCGGAAGTGCAGGATGAAAGCCATTTTCCTTACAGAGAAGGATTTGTGTCCATAAACCAGAATGCTATGCATGCTTGCGGTCATGACGGACATGCTTCTATCGGGCTGGGCGTTGCAGAGGTTTTGACAAAATTAAAAGACCAGATAAAAGGAACTGTCCGTATTATCTTTCAGCCTGGCGAAGAGGGCGTACGCGGTGCCGGTCCTATGGTGGACGCGGGAGTTGTTGATGGTGTTGACTTTATACTGGGTGGGCATATTGGTTTCCGAGCGACTAAAACAGGTCAGTTCATATGCAGCACTGACAAGTTTCTTGCCACTACTAAATTCGATGTGACCTTTACCGGTGTACCGGCTCACGCAGGCGGAGCTCCGGAAGCTGGGAAAAATGCACTTCTTGCCGCCGCCGCCGCTGCACTGAACCTGCATGCTATCCCAAGGCACGGTGAAGGTGCATCACGCATCACCGTTGGTGTTCTTAATGCAGGGCAGGGGCGCAATGTTATCCCTCCCAACGCTCTTATAAAAGTGGAAACAAGGGGCGAAACATCAGAAATTGACGACTTTATGTTTGAAAGTGCCAAAAATGTTATCGACGGCGCTGCTAAAATGTATGGCGTAAAGTACGACCTTAAGCTGATGGGGAAAACCAAAAGCGGAGAAAGTGACGCTGAGATGATGGAAATAGTTAAAAAAATAGCTGAATCCATGGACTTTTTTGATAAAAATGAAATTATTGATAAGACTAATATGGGTGGGAGCGAAGATTACTCTCACATGATGACTGCTGTTCAGAAAAGTGGCGGAAAAGGTACTTTTGTTATGTTCGGCAGTGAACTGACTGCGGGGCACCATGACTATCATTTTAATTTTGACGAGTCATGTCTTGCACCGGGTGTTGAACTGTACGTCAGGAGCGTGTTGAATATACTTTCTTAAAGATCTACAGGTGATATGGTTCCGCTGGAGGGGTGCCGACGGAACCACCTATTTTCTGTTGTCTGGTTTTTTTGCAGCGGGGATAGAAAGCTCAACAATAGCACCGCCGTCCTTCTGGTTTTCAATTGCGATTTTTCCATTAAGGTGTTCTTCTATCACAATTTTGGTCATGTAAAGACCGATACCGGTTCCTCTGCCTTCTTCCTTAGTGGTGAAATACGGATCAAAAACTCTGCATAGGACTTCATTAGGTATCCCTGTGCCGTTGTCGGTTATTTTGATTTTAACTATGCTGTTTGTGCTCGTAACGTTGATTTTTATCAGACCTTTTTTATCTGCTGTGTTGTTTTGCAGCTCTTCTTCTATCGAATCTGCTGCGTTATACAGCAGATTTATCAATGCCTGCTTAAATTCTCCAACATAGCCGTTTACCATGACATCTTGACTTTCACAACCGGGGTATTCAGAATAGTTCGTATAGTGAAATTTTTCCTGATCGCATTGACAGGAGAAAGCGATATCTATATTTTTTGTTTTGAACTGTGTGACTATCAGGTTCACCAGATTTATAATTTCAAGCGTCACGTCAAAATTCACTTTTGACTTATCAGATTTGAAGAAATTTCTGAAATCATCAATTGTTTTGGACATGTGGTCTATAAGTTTGCTATATACCTTGTCATAATCCTTCATCAGTTTATCGTTGAGGTTGTTATCAGTGAGTATTTCAACCATCTCCTGCCCGATCAGCCCGAGGGCATTTAGCGGCTGCCGCCATTGATGGGCTATGGCATTTATCATCTGTCCCATATCCGCAAGTTTTTTCTGTTGAATAAGTTTTTGTTCCTGTATATTCAGCTCTTTTTTTAGGTTCAGTTTTTCTGTGATGTCTATTGTGTTGGAGATAATGCCGATTATTTTTCCTTCATCATTTAAAAAGGGTGACAGTGTTGTTTCAGTATTTATTGCTTTGCCTTCTGATATAAATATTTCCCCTTCATACTGCACTATTTCGCCTTTAAGTGTTTTCTGGAATTTGGGTTTGATAAAGTCAAATTTCTCTGCCCCTATGATTGTGCTAACATGTTGTCCGATGAGTTCTTTTTCTGTTTTGTTGAAAAATTTTAAATATTGTCTGTTAACCTGAATATATTTGTAATCCATGCTTATAATTGAGATAAAAGAGTTCAAGGAGTCAAATAGCTGCTTAAATGTCATCTCCTGATTCAGACGTTTTAATGTCTCCTGTTTGACAAGTGTTTCCAGCTCTTCATTGATAGATTTCAGTTCCAGATGAGTCTGAATCCTTGCCATGAGTTCCTTCTCGTTGAATGGTTTTGTAATATAGTCAACTCCACCCAGCTCAAACCCAAGCACA
CP179935.1_gap10	464265	468736	4471	CGCTTTTGCCGCCTATGTCATTCCCCGGGTAAGCCTTGGCAACTTCATTGTATGTTTCAGCTTCGGCAGAGTTTTTCGGATATTGAATGTTCACAATGGAGTCAAATAATATTGACGGAGTGACAGGCTTGCTCAGGACAAAGTTAAAGTTATCGTTTCCTGACATTTTTTCTGTGAGTTCTTTCTCATAAGCTGTGACCATTATCATTATAATTTTATCATGAATACCGCTGTCTCTGCTGAATTCTCTGATCTTTTCAGCAGTTTCGAATCCGTCCATGCCAGGCATCTTCCAATCTACTAACACTAAATGAAAAGGTGAGCCTTTTTCATGTTCTGCCTGGGCAAGTTTTAAGGCACTTTCACCATCTTTTGCTGTATAAACTTCAAATGACCATGACTCCAGTATTTTGCGCAGAATTTCCCTTGATGTTTCTTTATCGTCCACGACAAGGGTTTTCATCCCGTAGAGATTGTTAGGATTGCTTGAAACAGCATTTACAGGTATTTGTAAGGTAAGTTTGAAGCTGAAAATACTGCCCATATTTATATCACTTTCTACGGTGACAGTTCCACCCATCATGCTTACCAGGTTTTTCGTTATCGCAAGCCCTAACCCTGTCCCTTCGTATCTGCGGGTAGAAGTTTCGTCTACCTGAGTAAAGGCAGTAAATATCTTTTCAAGTTCATTTGCAGGTATGCCAACCCCCGTATCTCTGACAGAAAACAAGATACTGATGTCACTGTCCGTAATTTCTGTCACCTCAGCCTTTATGTGTATTTCTCCTTCGTCGGTAAACTTGACTGCATTGCTGACTAGGTTAATCAGGACTTGTTTGATTCTCAGGGGATCGCCTGTGAGGTGCTGAGGGATTTCCGGATCAATTTCAAAAAACAGCTCCAGACCTTTTTCTTCTATCTTAATTGTGAAAAGGTCGTCAATACTCTTGAAAACACTCTCAAAGACAAAGTCATGGTTATCAATACGCAGTTTCCCGGCTTCGATTTTTGATAGGTCAAGGACATCGTTAAGGATACCCAGCAGAGCCTTTGCAGAGCGGTCTATCTTTCTCATATAATCCTTTTGTTTGTTGGAGAGCTCTAGATCCAGCATAAGTTTTGTAAGACCAATGATGCCGTTCAGAGGTGTTCTTATCTCGTGGCTCATATTTGCCAGAAAAGAACTTTTAGCCTTGCTTGCCTGCTCTGCGGCATCGCGCGCTTTCGCCAGATCTTTATTCGTATTGAGGAGCTGTCTGTTGATAAGAGTCAGCTCATTTTCCCATTCATTACGTTTTTCAAGCGTATCGTTGAACGTGTTTACAAATATTCCTATTTCATCGTTGTATTTCCATTTTAAAGGTTCAAGGTCGGAACCGATAGCATATTCAGGAAGGATTTTGGATATAAATACAATTGGTCTGATGACCCTTTTCCATAGAAATATAAATGCCATAATGAGAAATATTGTTAAAGAAAATATAAACATCAGAACTTCTTTATTAACTTTCTGAGTCAAATTGGAAAGCTCTGTTACTGTTTGCTTTTGCAGAACAAGAACATTTTTGTTCAGCTCGCTGGAAATAGAGAATATATTTGATGTCTGGATATCAATCTGATATTTATAGTAATTATCATTGCCTGTTTTATTTGCAATTTTCAGATATTCAGTAAATACATTTTTCAATAGTTCGTGGAGCATTTTAATGTGCATTTTGCGAGCCAGCAGCTTAGGTGCCGGAGACTCAGTGAGTTTCTCTACTGTTTGGGTTGTCTGTGCATACTTGTCGAGCCATTTTGTTTTTGCCTGTTTACTGTCGAACAGAACGATTTCATATATGAGAATTACCAGATCATTCATCTGCATCGATAGCTCGTTGCTTAGATTATTTCTGATTTCCGCCGCTTTTGTCTTTTTGGAGAGATCGATGAGCAGGACTGAAAAATATGTTAACAATACTAGGGAAAGGATAGTTATTATGGCATTGATGGTTTGTATTCGCATAGTACATCACTCGATAATGGTTACAGAAGATGGTTTAACCCTCTTGAGAGGGGCTGTGTCAAAGAGTGTCGAAAAGTTTATGATTTCGTCTGCTCCGTAGTGTTTGTATCTACTCAGCCATGTTATCTGGTTTTCCATTGCTCTTGGCAGTGTATATGGGAAATTTATTATAAGTTTATGTCGCTTCAGGGCATTGACGGCGTAGTCATCCGAAAGATTAAACCTTTCTTTAACCAACTGTTTCAATTCTTCATAGTTGTTCTGAGCCCATTCCTCAGCATCATAAAGTGATTTCAGTATTTTTACTGATACTTCAGGGTTTTCCCGGTGGTATTTTTCGTCAACAACTAATATAAAGTGAAACGGCATTGATGAAGGCATAGGGAAGTAATTCAGCTTGTCTGTCTGAGGTTTAAATATGTTAAAAATAGATGTTTCCCATACAAAAAAGGCATCGAAATCAGGATTGTTAACAAAGTTTATCCGTTCATTCGGTGCTATGTTTAAAACATTTGCATCAGTATAAGCCATACCGTTTTGCTCGAGAAACACACCGCATAAGAACTCCGTGATGGTGTCGATGTTAGTTGCTATGTTTTTCCCTTTTAGGTCGGATGGTTTTGATATACCACTGGATTTTTTAGCAAAAACTCCGCTGGATATTTTAGTTGACGCATTGTTGATATCAGCATCTGTGACTGATGCGAGTATTTTGAAGTCTGTTCTGGAAAAAGTTTTTTTAACAACGACAAATTCTGTGCTTACAGAAAAATGTCCATCACCGTTAAGCATTGCATTTATGGCGTCTCTGCCTGTTGGATAGAGGGCTATTTCTGCATCAATGCCGTGTTTAAGAAAGAAGCCCTGCTGTTCAGCAATGAAAAAGAGTGTGCTGGCTTCGCCGTTATAAAGACATAATCGTGCTTTTTGTAAAGACTCTGCATCTTTACTGTTTTGAGCAGAATTGCATCCCATGCATAATAAAATTGTTAGTATAACTATAATGTTTTGTTTTATCATAAGTCACCTTTTGTAAAAAGAATAACACAACTTATTACTAGGCGCGCATGAAGTTTAATTTTTGTTTTTGATAAAAAGCTTCGTCTTTAGCTGTGGGGCAGCGTTTGCGTCCCCCATTGAGAAAATTATGGAGCATGGTGCGACTCTTCGTAAAGAAACAATCGTATCAGGTTATGAAGTGCTTATCTTATAGGTTTAGTTTGGTGGTTCAGCAATGAACATATAGCCTGTTCCCCACACAGTTTTGATATATGAAGGATTTTTCGGATCATCACCAAGCTTTGCCCTTACCCTGCTGACAGTTACGTCCACTGACCTGTTATACGCATCCCAGTCGGAGCCGTTAAGTTCGTTCTGGATGGCATCTCTGTCCATGACATTAAATGGGTGTCTGGCAAAAAGGCTTAACACAGACATTTCGCCCTGAGTAAGTTCCATTGGTATCCCGCTGAGGTATGCTCTGCCTGCTGACAGGTCTATTCTCAGATTGCCATATTCGAGGATGCCCTTCTCTTTTTTAGGGGAGATTTGACGTTCAGTCCGTTTTAATATTGCAGATATTCTTGCTACAAGTTCCCTCGGCTCAAAGGGCTTTGACATATAGTCATCAACGCCGGATTCAAGACCGGCTATCCGGTCGGAAACATCTCCTCTGGCAGTGAGCATTATTATAGGTACATCAGATATCTTTCTGATCCTTTTGCATGTTTCAAAACCGTTGATATGAGGCATCATTACATCAAGGATGATTATGGACGGCTCATCGTTTTCCAGAGCTTCTATAGCTTCCAGAGGATTGGTGTAGCTGTCGACGATATAGGCATATTGGGAAAGGTATTTGTTCAGCATCCTGTTTAGTTTGCTGTCATCATCTATAATCATTATCCTTGTTTTCATAAGTTGTACTCAAATATTATATATTACAGCAATTACGACTGCTGATATAAAAATAGCGGCTGTTATAAGAAATGCAATACCGTTCAGGTTTTTCATTGAATTCTCCTTTTCAAGAAGGGGCGCCGCCCCTATCGTTCAGAGCGGCACTTATTTGGTTTCAGGCAAACAGACTATCATCGGCATACTCGGTAATGTCGTTGCCAAAGTGGAGGAGGTATCCTCCCCCCTCGTGTACCGGTATCCAATAGGAATCGATAACCTGTTCAGTTGTTTCCAGTTTGCAGACCGCTCTGGTGGCTGTTTTAGTTTTAAGTGCCTCAGCGGCACGGCAGTATTTTGCATGAGATACTCCGGGAGTTAGTTCGTGGCATTTTATACCTTTAGGTATTCCCATCGTGTTTGCTGCTTTGTTAACTGTAATGATATCGTGCCTGCGGGAGAGAAGCATTACAGGAGAGGGGTATTCGTCCCACATCATATGAAAGGCTTCCAGAACTTGTTCCTCTGTTTTTGTATTTTTGTTTTCCATTTTTGCCTCCGTGAATAAAT
CP179935.1_gap11	475640	477577	1937	CGTGGTATAACCATCTCTGCTAAGAACTGTTCTGTTTTATGGGGAGAAACAAAAATAAATATCCTCGACACACCGGGACACGCCGATTTCGGTGGAGAGGTTGAAAGAGCTCTCTCTATGGTTGATGGAGCGATACTTCTCGTTGATGCTTCAGAAGGACCTTTGCCGCAAACACGTTTTGTGCTTGGTAAAGCTTTTGAGGCAGGTCTGAAGATCATAGTGGTTGTAAACAAAATTGACAGACAGGATGCCCGTATCAATGAAGTGCTTGATGAGATATACGACCTTTTCATCGACCTTGGCGCCGATGACGAACAGATAGAATTTCCTGTGTTTTACGCTATCGGCAAACAGGGGATATGCAAAAAAGAGCTTGAAGACGACAGTACAGACCTTAAACCTCTTTTTGATGCAATAGTGAAAGAGATCCCCGGACCTTCATACAAAGCTGACGAACCATTTCAGATGCTTGTGAGCGACCTCGGATATTCTGAATATCTCGGCAGACTTGCTGTTGGGAAAGTTATCAACGGTTCTGCTAAATCAAACGAAACACTTGTCAGGCTCGGACCTGATGGACTTAAACAAACTCTCCGTGTTTCCAAACTTCAGATATATGAAGGAATGGGAATGCAGGAAGTGACTGTTGCAGACCCGGGTGAGATCATTGTGCTTTCCGGTGTGGAAGATATTCTCATTGGTGACACAATCTGTACGAAAGATGCTCCTAAAGCACTTCCCCGCATTACTGTGGATGAACCAACTGTTGCTATGCAGTTTCTGCCTAACAACGGACCTCTTTCCGGTCAGGAGGGCAAACTCGTACAGTCTAACCGTATAAAAGACCGGCTTATCAAAGAAACTCTGCAAAACGTTGCTATAAAAGTTGAAGAAGATAAAGAGAGAGACTGCTTCATTGTGAAAGGCCGTGGTGAATTCCAGATGGCTATCATCCTTGAAACAATGCGTAGAGAAGGGTTTGAGGTTTGTGTAGGAAGACCGGAAGTTATTTTTAAAGAGATCGACGGTCAGGTTTGTGAGCCTATCGAACACCTCTTTATCGATTGTGATGAAGCTTTTGTCGGCGTTATCACTGAAAAGCTTTCCATAAGAAAAGGACGGATGACCAACCTTGTAAACAATGGAACAGGCAGAGCCAGAATCGAATTCTCTATACCAAGCCGCGGGCTTATCGGGTACAGAGATGAATTTCTGTCCGATACAAAAGGTACAGGTATTATGAACTCACTCCTTCAGGGGTATGAGCCTCACAGGGGAGAGATACCTTCACGCTTCACAGGTTCCATCGTTTCTGACAGAGCCGGCAAAGGCGTTATATACGGTCTTTTCCATCTGGAGCCGAGGGGCGAACTCTTTATAAAAGCGGGGGATGTTGTTTACGAAGGTATGATTATCGGTTCTTATAACAAAGATAACGACCTTAATGCCAACCCTTGTAAAGAGAAAAAACTTACAAACGTGCGTGCCTCCGGTAAGGATGATGCGCTGACTCTTACACCTGTGACACCAATGACTCTTGAGCGTGCGATTCATTTCATAGCGGATGATGAGCTTGTTGAGGTTACTCCTAAGAATATCCGTCTTCGCAAGAAAATTCTCTCTGCTCAGGAGAGACACACCAGCCGTGCCAGAAAACTTTCCGGCAAGATATAAAAAGTGCTCTGCTGAAACAGACGGAGAGCATATAAATAGAATTTTCACATGATTATCTCTCTTCGGAGGTTATAATATATAAATATAATCTCCGGAGGTGAGAATCATGCCCCATCTTCAGTTTGATATAAACCGTAAAGCTTCATCAGAAGATAAAATCTTTTTTAATGAAAAAATCAAAGCTCTGTTCTCAGAGGTCATGGGTACCGGAAAAGACCATATCAGTGTCTCCATAAGGGAGCACGATACCTATAATCTTTTTA
CP179935.1_gap12	478818	481722	2904	TAATTTCAAAGCTGACAGAGCCGGAACCTATAATGACGCCTGCCCGGAAAATGATTGTCTGTATTTTATGATGTTCGGCAGCGAGGGTGTCACCTGTTTCCATCCTGCTTCGGAGGTGCTTGCTTGCAGATTCTGTTTCGCCAAGTCCTCCGAGGTATATGATCTTTTTCACACCTGCGATGATACATTCTTTTCGGAAAAGCTCGGCACTTTGTTTGTCCATATCTTCAAAGTCGCCGGACTTTCCCATTGAATGAATAAGATAATATGCTGTGTGTACCCCGTTCAGGGCTTCCCGCAGAGAGTCAGGGTTAAATGTTGATCCCTCAACAGTTTCGCATGAACTGAGGATTTTTCTATCCAGCTTGGCACTGTTACGCACAAAAATGCGTAGATCCGCCCCGTCGTTAATAAGTTCATATGCGAGTCTTCTGCCTATGTAGCCTGTTGCGCCTGTGATTAATATTTTCATAGTTTTATTGTAGCAGATTTCCTGATAAAATGATTGATCATGAAAAAGATAAAAGAGAGTATCACCACCGAAAAAGGGGTCTATGTATTATTTCTGGAATGTAATAGAAATCTGACCGTTCGGGTGGGGAGTTTCGGTGAACTTGCGGTTAAGCCCGGTATTTACGCTTATGTCGGCAGTGCTTTTGGAGGCGGCGGGCTGAAAAGCAGACTGGGCAGACATTTTAAAACAGCAAAGAAATGCAGGTGGCATATAGATTACATTCGCCGACATATGCGGGCAAAAGCTGTCTGGTATACCAATGAAGGTGTCGATGCGGAGCACAGAACTGCCCGGAGGTTTATTGAAGGCGGTGCAGAGATACCTATGAAAGGGTTCGGTTCCAGTGACTGTAGCTGCATAAGTCATCTTTTTTATATGGAAAGCATTCCTGAGCCGTTTCTTCCGTTTTCGGTCGAAATATCATAATATCCACAGTATTTATCCATATTTCTTTCATATTCGTAAAATAATCTATAAAAGTACCGTTATTAGTAGATGCAGAAAATGTATATACCACGGCGTGACATAAAGACGGAGGCCATGATGTATATCAGTCAGGCAGACAGTTACAGTTATTACTATCAGAGCACGGCAGCGAGCGCTAGCAATTCCACTAAATCAGAGAAGTCTTCATCAGGAGATTTCTTCAGCGCAGTTGATACCAGTCAGGACGGAAGTGTCGATCAATCTGAACTGACAACTCTGATGAGTAATCTGGCAGAGGAAACAGGACAAAGTATAAACGTTGAAGAACAATTCTCGGAATACGACGCAGACGGAGACGGAACATATACCAGCGAAGAGCTGAAAAGCTTTATGGATGCAAACAGACCGGAACCGTCAGATATGGCAGAGCTTGAAAGTGTTGATGATACTGCTGAGAAAATGGGAGCGGGGGGCCGCCTCCTCCACCACCAAGCAGTTCTGAAGAAGAGGATGATGATACCCTCACAATAGAAGAGCTTCTCAGCTCTCTTGAGGATGAAGAGACTTCCTCTACAAACGCATACCTTTCTTTGCTTGATTCTCTGCAGGATGAGCTCTTCTCAAATGACTCGGATGACGACGATGATTCAGCAGCAACTGTCGCTGATTATCTTCAAACAATCAGTCAGTCATTATCAGAAGATGCTGAATACTCTTCTATTAGCTTAGAAGCGTAAATTAATTACATTTTCTGTTAGCTAAAAGTTAAAAAGCCGGGCATAGCGTCCGGCTTTTTAGTGGTGTGTAGAAATTAATTTTGAGATTATGAAATATAGAGTTGTCACTCTTTCATAGTTCATTTTTAATGTTATAACTAAATTATGTATAAAATGTGAAGGCAGTGTGTTAAGTGGATTCATAAATAATCTTTATATTGAAGAAGATACTTGCTTTGACTAACATAATCTCAGGTGAAAAAATTGAAATTCAAGCTTTTTTATAAATTTTTCGGAATAATTTTTCTGTCAATTTTGCTCAGTCTGCTCACTGCTGCTGTCACAATAGGTTATTTTGGCAAAAAAAACTTTCACAGATATCTTGAAAAAACAAAAGTTAAAGAATTCAGTACTCTTGCTGTAAATATAGGCAAATATTATGAGGCTCATGGAAGTCTTGAAAAGCTTATAAGTAAAGAAGTTCCTCTTCACATTGCTTTTATGGCAGGCGACAGAGAGATGGCAAAGGATCTTGGTTCTCCTGATGCTATGGAGGCAATGCCGAGATTTCCTAAAGAACATGAGGTTTTTACTTTTTATGATACGGATATGAGATATCTTGCCGGCGGGCAGTATCCTCCTGAGGATATGCATATATTTCCAGTTGTAGCAGACAATAAGCCTGTTGCTTATTTTGGCGTACTTAAGTTCAGAAAATTACCTCCTAACCCGTTTGCAGAGAAATTTCTTGAAAGTCAGATTTACCTTCTGATGATTACAACGCTTATAGTCATGGTTCTCGCCACACTCACAGCTTTATGGCTTACACGTAACATGCTGGCTCCCCTCCGAGAGCTTAATATAGCCACAAGGCGGGTTGCTGAAAGGGATTTTGATGTTGATGTTGAGATAGGTTCTAATGACGAACTTGCTGATCTTGCAGATAACTTTAATGTGATGACAAATACTCTGAAAGAATATGAGCTGAGTCAGGCAAGGTGGATATCCGATATTTCTCATGAACTGAGGACACCTCTATCTGTTATTCTAGGCAGTATAGAGGCGATACAAGATGGTGTCAGGAAACCCGATTTTGAAACGATAGAGTCTGTATATCAGAATACTATACGTATGAAAAGGCTTGTAAATGAGCTGCACGATATCACTCTTGCCGAGTCAGGAGTGATGCATTTACAGAAAGTCAGCGTAGATATTGCACACGAACTTGCCAGCCTTCTTGATTTTTAT
CP179935.1_gap13	488118	492810	4692	GATGACGTTAGAAAGGCTTTTGACTCTGACGGAGACGGCAAAGCTGACCTCATCGCATGTCCTCCGGGATGGGGATGTGAAAAGATTATCTCTCACCAGATGGATGCCTATGGTCTGAAGGATTACATCAATCCTATCAAAGCTTCTTACTCTGCCAGCATGGCTGAAGGGATAGCTAAGTTCAAAAATGGCGAGCCGGTATTCTTTTACACATGGGCACCTAACTGGACAATTTTTAAACTGAAACCAGGGGAAGACGTTGTCTGGATAAATGTTCCGGAAATTAACCCTACAGAAGCTCAGAAGGGATATGTGGACAGAATGACCGGGACTGGCATCAAAGGTGCTGTAAGCGATCCTATTAAACTCGGTTTTGTTGTCACAGATATAAGGGTTGTCGCTAATAAGAAGTTTCTTAAAGAAAATCCTGCTGCTGCAACATTTCTGAGAGAATTCCATCTTGACCTGGAAGACATTAATGCTCAGAACGCCCGTATGAACGAAGGCGAGAAATCAGCAAAAGATATTGCAAAACATGCTCAGGAGTGGATTGCGAAACATCCGGAAAAGTGGAACAAGTGGCTTTCTGATGCAAGGGCTGCCGCTAAATAGATATTAAATAGATTATAATACTGAGGCGGGGTTTAAAACTCCGCCTTTTTTATGCGGTCGAGGACAGAATACCACGCATTTATGCGTAGATGAATGAGCTAATCACAGCTTTAGAGCTTATAAGTCATTGCGGGGAATGTAATTACGAAGCAATAGAACCACGGGGTTACACGTGGGAATCTATGTATTGCTGATATACTCCGCCGTACCTTTCAGAATCATACCAACACAGATTGCGCTCGTGAAAAATATTGGTTCTTATGAATAAAGCAATGCTTTTTTAAGGGGACGGCTTAAAGGCAATGCAGAATGAAAATTTTTGGTGTGCATCACGCTTTTAATTAATTATACTAAAGTATCAAATGGGGTGGTTTATGCAGGTTAATCTTGATGACGGCACTAATATAAATGTAGAAAAGACAGAAGCAGGGGATGAGTTTGTTCTTTGTGTTGACGACAGAACCAGAATGTATTTTTCCAGATCGGAGCTTAAATTTATTCAGGCACTGATTGATTCTGCTCTGAAAGAAGATGAGGTTATGAGCAGGGAAAGCCTGCAGGACAGCCTTATAAATGCCGTTGAAACACAGAAACCGCAGCTTCAGCTCATTCTCAGAAATATGAAAACTGAAGATATGGCGTATGCTGTATGGTATATTGCAGACAAGAAGTTCACAGAAGCAGTTCTTGGTAATATCTCCAGACGTTCCAGCGAGGATGTACAGGAGATAGTCAGGGAGAGTATTGAAAGACGAATCAGGAAAGAACGTGCAGAAGGGAACAGGGACATTGAAAATGTTTTGAAAGAGCAGGGGAGACATGCCGCTGCCGGAATGCTGCGGAAAATATTAAGCGCATAGTGCTATGATTTTACAGCATATATCAGCTCATTGACTTCGTCTTCGCTGAACCCCTCCTCTCTGAGGAATATTTCGAAATTTTTTATAATTGTAAAGCATTTAACTTTATCGTTTTTGTCTTTGTAGTATAGGTACGCGAGCCTCACCATTTCTGTTTCGTGGATGAAGATATCATGCCATTGATCAAGGTAAGGCTCAAGAGGTATGATATCCGGCAGATAAGAGTTCATCTTGTATATCAGCGTCATCATGTCTATCATCGCTGCGTCAGTGTACTGTCTTTTTGCATCTACTTTTTCTATGTCGTTTATAAATGAAAAGTATCTTTCGCTATAGGTGTCTTTAATAGTTAAAAGACAGAGCAGGCATTTCGTAAACTCTTTATTCTCAAAAGATATTCTTGCTTCACCGACTTTATTGATAAAATCATCTGCATTACATTTAACGTGCGACATCCTGACTATTCCGTTGTTGATGGTGATATAGTCTTTCGGGTTTATGCCGGGGAAATTATTAGATAAAAGCTTTCTGAATCTGGACATAAGGTTGTCAAAGCTTTTCCGTGCATGTTCTTTGCCACTTGACGGCCAGATATATGATTGGATAACTTCTTGATGTGCTGTATAGTTTTTGGAAGAAAGAATAATTGCTATCATTGTTCTGAAATTGCCTGAAAGCTGTTCAGGGGAAAGTGCTGTTTCGCCTATTCTTATCTCTATTTCACCGAAGGCATTTATCTGCATTACAGGGATCATCTCGCTGCTGCCTGTAAAGCTTATGTTGAACTGCTGGAAAGCAATGTTGTCAGCATATTCAGCCGAATTATCATTTTCGTGAGCGTACTTAAGCATATTCTGACAAATATCAGGCATTGACCATTTAAGTTTTTTCTGTCTGGTTTTCATCATAAAACGTACAGCCGAGACTGCGTATTCTGCTGCATTTCTTCTGTCACTGATAGTATCATAAAGGTATGACATATATGCACAGGATGAAGCGTTTATCCTTTCGTTAGAAAATTCCTGTGCAAGTTCAAGGGCCTTTGTCAGCCGCATTTCAGCTTCTTTAAAATTACCCAGAAGAGTGTAAATCGCTCCGGCATAGAAATAAAATTCGCTGACCGTATATTCGTTCATCTCAGCATCAATAGCTACTTTAAGAGCTTTTTCTGCCAGTATTCTTGATGTTTCATCAAATTTCGTTGCAAGTCCGAGTGCTATATGGCTGGTCATTGCTGCACGAATATGCGCCGGAAGGTTATTAAGTTCATGCATACTGTATTTTTCCATATGTCTCTGAAGCTTTTCGATGTCTCCGGAGTGTGCAAAGTTATCAGTTTCATAAATATCCAGCAGAGCCTTATAGAGCATACTTAGCTCCATATGAACAGACATTGTTCTCTGAGCATACTGCCCTATGTATTCAGATATTTTTGTTTCTCCCTGGATATTATAAAACCTGTGCAGTTTCATTATAAAAGTCAGGAGAGAAAATGGATCTTTTTTTATTGTATGCAGCTCTGCAAAAAGAAGATCTGTGAATCTCTCACAAAGCTGCATAGAGCCCATTAGTTCGTTGAAGAGGGCATATACATAATATATTTCTATTTTCTGTCGGAACATACGTTCCTTTTCCACCAGCGGTAGGACTTTATTTATAAACTCTTTTATAATCTTCTGGGGGTAGTAGTTCATTCCGCCGAAAGCGAGGGATGTGTATATGGATACTATTTTAACAGGTGAGAGATTCTCTTCTTCGGCTGTAAGACAATCTTGTATAAGCTGTTTGTACTTAAGTCCGTTTATGCTTGTTCCGCGCAGAAAGAAGTGAAAGTTTACCAGACCGGTGTAGCTGAGAAGTATTCCCGTTTTGTCGTTACAATCGATGAATTTTTGTAAGGTAATGCAGAACATCCTGCAAGCCTGCTCCGGCATAATATTAATAGAAGTGTACGCATAAGCCAAAGCTGTCCACATAGTGCTGCGCAGTATTTTGCCAGGAACATCTGAAAGGATTCCGTTATATCCTCTGTTGTTATCAGAGCGTAGTATTTCATCAATATTGTCTTTCATGACAGACTCAAGGCGGGAGTATGCCTGAGCTCTTATAAGGTATTTTATTGCCAGTGTCAGGCTGCCCTTGTTTAGCTCATAAGAGGCCGCGGCGTTAAGGAAGGCTGCGGCGTTAATTTTCTGAAATGTTTCTTTAGACGTAGCAATAAGCCAGCTTCTGTAGATGTTATGCAGGATAAAAGTGACTTTTTTCTTCTTTTGTATGAAGTTGTTGCTGTCAAGGGCGTTAATCAGAAAACTCGCCAGCTCTGTCCCTCCTGAAAACTTAACGGAAAATTCGAGTGGGATCTCTTCAAGCAGAGAGAGGGCAGCGAAGGAGCTGTACAGCTTAATATCTTCCGGACGCAGAGCGTTAATTTCAAAAAATTTATCAAGCTGTCCTGCAATTATTGATGAATCCGGGATTTTGCCCCGTGTTCTGAAATATTTAAGTCCTGTTACTATTCCGTGCGCCCACCCTTCAGATATAGCGTATATCCTGTCTATCCCTGAAAGGTCTATGATGTGCTCCAGTTGTGCCAGAGCTAGCTTGTGGAATTCCTCTTTTGTGAAATAAAAAAAGCTGTTATCGAAAATGATTATTTGCTTTTCAAGTCTGTTTGCAAGTGTTGAGTCTGTACAGGTTCTCCGGGAGCAGATTATGAAGTGCAGGGTTGATGACGCGGCAAGCAGAGCGGTTTTAACAGCTTTGCACCCCAGTCCGATAGTCGGCAGAAGCTCTGTGTTGTCGAGTACGATCACTGTTTTTCTTCGTGTGTATCTCTTCAGTGATTTCATAATTGCTTTTATATAAGTTTCGTATTTCAGTTTATCGTGATTTCCTGTCGGTGTTTCCATCTCTGCACAGGAATAGTTCGGAAAGCATTTTTTTATCGCATTATAAAGTGACCAGCAGAAAGACAACGGGGCTTTGTCGCTGTCTGTTATGTCGTGCCAGATACTGTTTGCATAATTAGTTTCTGCCACTTGTCTGGCGAGAATGGATTTCCCCGCACCAGGCACAGCGCTGAACATGAAAATGTTATGGAAATTGCTCATAGAGGCGAGCTCAGATATCTTGCTGTCTCTTTTGATAATAAAACTGTTGTCGTAAAGTGTATTGGTGTCAGTAAATTTGTCTTTCATACTTTGATTATATGTCAGAAAAT
CP179935.1_gap14	540136	544071	3935	AAATGATAAATTAAATCACAATAATTTCAATCTTAAATTTTTACATCAATACCACTTAAGATGCAAGGGGGAATTACTTAAACCAAACCCCCATCAGAATTTAATTTTAAAGGTTTTTTCCAATGACATCCACTCCTAATTCTGGTATAAAAAAACTTCTTTCAAATTAGTAAATCCTGAAAATTAATTCAGAAAATAAAAGGTGCTTTATATGAAGGTTAAAGTCTTTGTCAAACTTAAAGAAGGTGTCCTTGATCCTCAGGGGCAAACGATCCTTGGTTCAATTGGGCGTATGGGTTATGATTTCGCCACAGAGGTTCGTGTGGGCAAGTTTTTTGAGATAGAAGTTAAGGATAAATCCTGTGAGAAAGAGCTGGAGAAAATTTCTGCGGATCTTCTTTCCAACCCTATTATTGAAGAATATTCAATAGAGTTTGTGGATTAATAATATGAAAGCAGGTGTTGTTGTTTTTCCAGGTTCAAACTGTGACCACGACTGTTATCATGTGCTGAAGCACGTTATGGGCGTTGATACTGTTTTCCTGTGGCATAAGGATACCGATCTTCAGGGGGTCGATCTTGTGGTTCTTCCTGGCGGTTTCTCCTATGGAGATTATCTTCGCAGCGGAGCTATAGCTAAGTTTTCTCCCATTGTGAGTGAAATTGTTGATTTCGCGAATAAAGGTGGGAAGGTTCTCGGGATTTGTAACGGTTTTCAGGTACTGACAGAGACAGGTCTTTTGCCGGGGGCGCTTATGCGTAACCGCGACCTGAAGTTTATCTGTAAATACCTGAACCTTCGTGTTGAGAACTCCGATACACCTTTTACAAGAATGTACGCAGCCGGCGAGGTTGTGGGGATACCTGTCGCACATATGGACGGGAATTACTACATCGATCCGGAAGGTCTTGCGAAGCTTGAAGAGAATAATCAGGTTGTCTTCAGGTATTGTGACGAAAACGGCGAATGTATAGACTCGACCAACCCTAACGGCTCCCTTAATAATATCGCAGGTATTGTGAACGAAGCCGGGAATGTGCTCGGCATGATGCCTCATCCGGAACGCTGTACAGAGGGTGTTATGGAAACCAGAGACGGATATTTTCTTTTTGAGTCAATTATGAAAGCGATAGGGGGTGCCGCATGAGCGTATACGAAAGCTTCGGCTACCCGAAAGTGACCTTTACGGTCGCAAAAGAGATGGGACTTTCTCAGGCAGAGTTTGAGAGCGTTGAAAATCTCCTCGGCAGAACCCCGAACTATATAGAGCTTGGTATTATTTCATCTATGTATTCCGAACACTGCTCCTATAAATCAAGCCGTGTTCATCTTGCAAAGTTTCCTACGGAAGCGCCCTGGGTGGTTCAGGGGCCGGGGGAAAATGCAGGTGTTATATCAGTAAACGACGAGGGGCTTTGTGTCTGCTTTAAAGTGGAATCACACAACCACCCTTCATTTATAGAGCCCTTTCAGGGGGCTGCAACCGGTGTCGGAGGTATCCTTCGGGATGTCTTTACCATGGGTGCAAGACCTGTTGCTGCTATGAACTCACTCCGTTTCGGTGGACTTGATAACCCTAAAAACAGATACATATTCGAAGGAGTTGTGGAGGGGATATCCCACTACGGCAACTGCTTCGGTGTGCCCACTGTAGGCGGGGAAGTCTATTTTAATGATTGTTACAACGGTAACCCGCTGGTCAATGCTTTTGCTCTCGGTGTTGTGCAGAAAGATAAAATATTTCTAGCCAAGGCAGAAGGTAAGGGTAATCCTGTAATATATGTTGGTGCTAAAACAGGACGTGACGGCATACATGGCGCCACAATGGCTTCTGCTGAGTTCGACGAAAACAGCGAGGCTAAACGCCCGAATGTTCAGATTGGTGATCCTTTTAAAGAAAAACTGCTCCTTGAGGCTTGTCTGGAGCTTATGAAAACCGATTATATTGTCGGTATTCAGGATATGGGCGCTGCCGGGCTTACAAGCTCTGCTTTTGAGATGGCATCCAATTCAGGCTCAGGCGTCAGGCTTGACCTTGACAGAGTGCCTGTACGTGAAAACAGTATGACCCCTTATGAGATCATGCTTTCAGAGTCTCAGGAACGTATGCTCATGGTTGCTAAAAAGGGCTATGAGGACAAAGTTAAAGATATATTCGAAAAGTGGGATCTTGACGCTTCTGTTATCGGTGAAGTTACTGATGACGGATATGTTCGCCTCACATGGAACGGAGAAGAAGTTGCCGCTCTGGAGGCTGCTCCGCTGGCAAACGAAGCTCCGAAATATGAAAGACCTTATTCAAGACCTGCGTCACAGGACGAGCTTCAGAAAACTGTCGATGTTGACGAACCGGAAGACCTTCAGGAAGTGCTTTTAAAAATGCTTGCCAACCCTACCATCGCTTCAAAACGGTGGGTTTGGGAACAGTACGACCATATGGTACGTGTGGGAACAGTACAGCTCCCTGGCAGTGATGCGGCACTTATACGCCTGAACGAATCAGAAGTGGGCGTTGCCATGTCCAGTGACTGCAACAGCAGATACTGCTATCTGAACCCTTTTGAAGGGGGGAAGGCAGCTATTGCTGAGTCAGCGAGAAACGTCGCTGTGAGCGGTGCGAGACCGAAAGCCTTTACAAATTGCCTGAACTTCGGAAACCCTGAGAAAGAGGGGATTATGTGGCAGTTCGTAACTGCAGTTGAGGGGATATGTGAGGCTGCAAAAGTTTTAGAAACTCCGGTTGTGAGCGGTAACGTATCGCTTTATAACGAAACAGAAGGTGTACCTATCCAGCCGACACCGACAATTGTTATGGTTGGTGTCATAGATGATGTTACCAAACGCATAGGCTCATACTTTAAAGACTCGGGCAACACTATTTATCTCCTTGGGGAGAATGACGGACATATAGGCGGTTCTGAATATCTTGCTTTCGTTCACGGGAGAGAGGCGGGGGATGCTCCGGCTGTTGATCTTGATCGTGAGAAGGCTATTATAGATTTTATGTGCGAAGCTGCTGACAACAGACTGGTTAGTTCAGCACACGACATATCCGACGGCGGACTTGCTGTGGCTGTTTGCGAAATGACATTCGGAGGTGAAAACCTTGGTGTGGATATCAAACTCGAAAGCAGTCTCCGTAATGATAAACTTCTGTTTGGTGAAAATCATGGACGCGTTCTGCTGGAAGTGTCCAATGTAAACGCCAGAGCAGTTGAAAAACTCGCTGGGAAATACAGCTTGCCCATAAGCAGAATAGGGCGTACGACAAGTGACAGGATAGAGATTTCATCCGGCAGGGAAAAAGTTATTAGCCTTCCGGTTAAAGATGCTGAGACTATCTGGAAAAACAGCATCGGGGATAAAATGAATGTTTGATAAGTTTCACGAAGAATGCGGTGTGGCAGGTGTCTATGCCAACGAAGACGCTGCAAATCTCGTTTACCTTTCGCTTTATGCTCTTCAGCATAGAGGGCAGGAAGGTGCAGGTATTGCTGTGAGCAACCGCAATGAGATAGCAACAGAAAAAGGGATGGGGCTTGTGGCTGATATCTTCTCTCAGGAGAAGCTTGACAGGCTCACAGGGGATATTGCGATAGGGCACAATAGATATGCTACAACAGGACTTTCTGAGCTCCAGAACACCCAACCTATAACAGTAACGATCAACGCCGGTGTGATGTCTCTTGCCCATAACGGTAATATAGTAAATGCAGACGAAATTAAACAGGAGCTGGTGAAGCAAGGGGCTATTTTCAATTCCAGTTCCGACACTGAAGTGGTAGTTCACCTCATAGCCAAGAGTAAAAAAGAAGATCTGCTCGATTCTATTGTTACGGCTCTTTCACAGCTTAAGGGTGCTTTTTCACTTCTCCTTATGACAAATGATAAGCTGATAGGTGTACGTGACCCGATGGGGATGCGTCCGCTTGTC
CP179935.1_gap15	546839	551424	4585	TCGCCTTTGTATGTTTCAGGGTCAAAAGTTACGTATTTGAAGTCTGCTTTTTCCGGCACTCTGTATTGTTCTTTGTGCTCGTCAAAGAAGGCGGTGAGGGCGTTGTCTGTTATTTCGACATTTCCGATAAAATTGTCAGCTCCAAGCTCAAGGTATCGTATAGTCGCTACGGTATTTTGATATATAAATTCCTGCTCAACTTCCTGATCGCTGACAGCAACACTTTGTCTTATGAGATCCTCTATTTTTTTGAGGGTTATATCTCTTCTGATGCTACTCTCAAAAATTTGAGGTGTCAGTCTGTTTCTTGAAAGTAGCTGGACATAAAGCTGTTGATCAAACTGCCCGTCAGTCTGAAATGCCTGAACCGACTGAATGTTAGCAGCAACTTCTGCGTCAGAAGCAGGGATATTGAGTCTGTTAGCCTCATTTCTGAGGAGGGTTTCCGTGATGAGTGTTTCCATCACTGTTTTCTCAAGGGTGTCCCCTTTGAGTATCTCGTCTATATTATTACCGAATAACTGCCTGAACTGGTTTCTTGTGTTTTCGACTTTGTCTCTGAATTCCTGGTCTGTGATTGTTACGCCGTCAACCTTTGCAGCGTAGAGCTGGCTTTGAACTTTGTCACCAACGCCCCATACAAAAAAGATTGTGCCGACAAAAGCTGCGATTACGAACCATAGGGAAAATGTAATGAGTTTCTTTTTATTTCTCAAGCTGGAGATCATATTGAAGTACCTCAGATGTTTAAAAGGACCCGACAGGGTGACTCCGGCACTCTGGCAATCCAACTACCGTTGCTTCCTTCCGGACCTGGCGGGGTTCGCTGGATGTCAGATGCAGAGGCCCCATCGGGCCATTCGTTAATGTTTTTGTCAAAACAACAAAAAGCGGAGAAGGAGGGATTCGAACCCTCGGTACGCGTAAACGTACACACACTTTCCAGGCGTGCTCCTTAAACCTGACTCGGACACCTCTCCAGAAAGGAATCAAGTTTATATCAGCCTTTTTGCTTTCTGTCAATACTGTTGATTCAGTTTCGACCTAATTAGTTTATCAAAACTGCTCACTGCTAAACATATCACATCCTGAGATAAATTATAATCTTTTCGTAACATAAACGGAGGATAATATGGACGGCAAACGTGAAAACACACTACAGACGTGTCTTTCCGAAAGGGAAAGAGATATGGTGATCAAGATCGCAACTGATGAAGGTATCAGCGTATCTGCTTTTATAAGGCGGGCTGTACGCAGGGATCTTCAAAGAAATTAGGACTTTCGGGGAGTTTTGCTGTCTGCTGGCTCCCCTGTTAATCAGCTCTTACAAACTTAGCCTGTTTGTCGGTCTTTTTAATCTTAAGGAAATACATAGGAGGATCACCGGCATCCGGAGGGGTGATTTTCCCTGTTGCTTCAATGTAGCCGAAGCGTTCTTTTACACTTATCAGTTCCATGCCACAGCCGGGGCATTCTGCTCCTGTATATATAAGGAGGACAGAGTTCTTGTCAAAATCAACTCCTGCCAGCGGATCTTTTAACTTTACAGCACGTTTCATCAGAAAAGCCTGATACTGTCCCCACGAGTTTATAACAGTGGCAGACGACAGGGCTTTATTAAATTCTTTGTTGGTGTGTATTATCGAATATTGCATATCTTTGCCACTATAAGCGCAGTTTACTGTTACCAGTGAGCATATTGTTAAAAGAATTATAATTTTCTTCATTTTTTCACCATACTTGTTTTATATAAATAAAAATATAACATATAAAAAAGACGTATGATATTATATGTTATCTAAAACCAATCAGGAGACAGTCATTATGTCTAAGAAATTCCATGTTTTTACATTAACAATACTGGTATTTATTTGTAGCATTACCAGCTTTGCTGCTGATTCTATATCTGTGCGAATTATAAACGGTACCGCTGCTCAGGAGGGGGAGTTTCCATTTATGGTTGAACTCTTTTTACAACAGGGGGGGAACTATTACTCATTTTGCGGAGGCACACTTATAAGTGACAGATGGGTGCTCACCGCAGCTCACTGCCTTGAAGACTATACTCCTGATGCTGTGCTTCACGGCACACTCGTAGATGACCCGCTTGACGTAGGTCAGCTTGCGCCTGTGCAGCAGATCATAGCCCATGAAGACTATGATCTTTTTGGTGATAATATGGATAATGACATTGCTCTTTTGTACCTGTCGCAGCCTGTGGCAGATTTACCTATAAATTACGTTTCTTCGACCCTTGTGCCAGCTTTTGAGACGGGTACAGTTGCCACAACAGCGGGGTGGGGAAACACCAATCCTAACTTTAGCTCCAGCTCTGATGTGCTTCTGAAAGTAAATATACCTGTTGTTGCTCAGTCAGAATGTGCCTCAACATATTCAAACCTGACAACACCGTATACCGATAATATGATTTGTGCCGGATATGAAGACGGAGGGTACGACTCGTGTCAGGGTGACAGTGGCGGTCCTCTTTTTGTTCAGAACAGTGATGGGACAGAAACTCTCATAGGGGTAGTAAGTTATGGACTTGGATGTGCGGAAGCAGGGCAACCAGGTGTTTATACAAAAGTTGCAAACTACTTCAACTGGATAGAGGAGAAAACAGGACTGACCCTTACCGAGTATGATGGTTATATCCCTGTTACTGATAGCGGTGGGAGTGGCGGCGGCGGTTGTTCTGCTGCCGGAACAGGCTCAGCGTTCAGCTTTTTGCTTATGTTTGGGTTTGCAGGTGCATATATGCTGAGGAGAAGATTTACAAAAGCTAAGTCGAATATTGTTTAATATATTTTATGAAAGGGGGGCATATGTCTCCCTTTTCTGCTTGTGCTATACAAAATAGAAAATTTCTTATAAAAGAAGATGAACGCTTATTGAACTTTCAGGCGGTTATATAATCTATGTTACATAAGAGCGGAGGAAACGTGAAAGATTCTGCGATAATAGAGAAAGTACTTTCCGGAGATGCCCAGCAGTTTGAGATGCTGATACTCAAATATCAGTCACGTCTGTTTGCTACAATACTAAATGTAGTTAAACACAGAGAACTCGCCGAGGATATCACGCAGGAAGCTTATATGAAAGGGTTTGATAAGCTTGAAACCCTTAAAAACAGAGAACAGTTCTACCCATGGCTGAAGAGGATAGCCCTTAACCTTGCCCTGAACCATTTCGAAAGGGCAAAGCGTGTTATGGATGTTGAGAACGAAGATGACGAAACCAGCTTTTTTGAGCGGATTCCAGATGGAGAGAGTCCAGAAGAGCTGGTAGTAAAAGAAGAATTGAAGAGATACGTGCGCCACTTTGTTGAAGCTTTGCCGGATAAGCTGAGAGTGGTTGTAGTGCTTAGAGAGATGGAAGATATGAGCTATGACGAAATAGCTGATCTTATGAACATCCCCATTGGCACAGTCAGAAGCAGACTTTTCAATGCAAGGCAGATAATTAAAGACAGACTTATAAATCAGGGGTTGGTAGATGGATTGTACAAAATTTCGTGAGCTGATATCACTTTATATCGATGAAGAGTCCAGTGCTGTGCAGACGCAGGCGTTGGAAAAACATATGGAGACATGCGGTGAGTGCCGTGCTGCTCTTGCAAGCCAGCTTAAACTGCGCGACATGGTTTGCAGCTCATATGTTAAAACGATAGATATCGACCTTTCTGCATCCATCATGGGCAAAATAAACGGTGCCGGCGAAGTTAAAAGTAAAAAACCGTCCTCTGTGAAGAGACTGTCTATGGTTGTTGCCGCTGCCGCCGCTGTCTGTGTGATAGCTATGGCTGCAATGATGAGTCTTAATGTCGATAATAACAAAGTTGCCGGAAATGAAAAACTCGAGGAATACGTTATCGAGCATGTCGGTTCCGGCGTAAGCGACTTCCAAGGTGAAGTCGAAGCGGTGAACATAGAGAAATGAAAAAACTGACCCTGCTTTTGTGTCTGTTGATAGTTGCATATTCAGGCTACGCAGCAGAGCAGGTCTATTTCAAAATAGCTGTTAACGAGAATGATTATTCAACGTTTCTTACAGACAGAATAAGCACAAGAAAAAAGACACTTCAATACCTCGCCACTAAGATGCGCCAGTATGTCTTTCATCCCGGCAGTCTTAACCGTGACTATTACACTGTCACTGAAAACAGAGGTATCAAATATTTCGACAGGGATGTAGTTCAGTACGACATTACTCCTGTGAAGCATGACAGATTCAGACATGTTCTGCTGGTTGATCAGAAAAAAGATGTAGTGATCCGTAAAGAAGTTTATGACACTAACGGCAAGCTCGTTTTTTCTTTCACCAGCCTGGACAGAGAATCGACAGAACATGTCGATGACGCTGATTCTCATCCTGACCCTGATTCTGATGCAGTGCATATTGCCGCTGCCTCTGTGCACCATGATGCTTTTAACGGTTATTTCGTTACAGCCGACAGAGAGCTTAAGGATGGCACAAAACACATTAGCTTCAGCGACGGACTAAACAGGTTCTCTATTTTTAGAAAAAAAATTAATACTGAACCAACAGAACAGAAAAGAATCTTATACGGAAACTACATATACCG
CP179935.1_gap16	569328	572231	2903	TGCTCTACGGGAGTTGTTCGCTTGCATAATGAACGCTTTTTCGTCACCGTAGTTAGCAATAAGATCATTTTCGCCTGTGCTGGCAAAGAATGCTCTGAGCAATGCTCCATAGGCTCTTACGCCAGTATTAAAACCATACTGTTCAGTTTTGACATCACCGGCAATCTCATCTCCAGAAGCTTTCTGGTAAAGAGCTGATGGCATTATATGGAAAGTGTAATCGCCTACTTTCTTTTCAACAGATGCTTTCAAATATGTTTGGTTATACACATCTTCTAGGTCGTAGTACCAAGCTTGAAGAGTAGAGTTGACAGCCTCTGTTGGTAAATGATATCGGGCACCCAGAATAAGGAGTCTTTTGTCATCATCAAGGTCTCTCACTTCACGTATTTCTGCCACATTTTTGAAATTCGAATCAGAATAATCAACATAGCCAGTGAGATAGTGTAAGTCGAGTGTAAGGTTAGGAATACTTTTGTTGACAACAGAAAGTCCTTTGAAAGTTCTTTTCTGAAGACGAATAGGGTCGATGTGTGCAAATGGAGTAAAAATCTCATGTGCACCAAGCTTTACATTAGTGTTAAAATAATCCGCTTGGATGTAATACTCTTGAAGACGTGAAAAACTATCGTGTTTACCATTATTATCTGCGAGCAAACCGCCATATACTGCTTTGTTATCATCACTTCCAAGATCGTTACCTGAAACATAAGCAAGACCGGCACTAAGACCGTGTAATGGTGCTGTATGAAAATATAGTGCTGTACCTCCAGCGAAGTCTTCTTTGTCTTGTGTTTTTCCGTCGTAGTCTCTGCTGAAAAAGAGAGTACTCAGTTCCCCTTTCAGTGTTCCTTCTGTAAATGCTTCCTTTAATGTTGTAGCAGCATCAGCATACATGCTAAAGAGAAAAATTATTAATATTGCTAATACTTTGTGTATCTTGAGTGTTCTCATTTTAAATCTCCGTTTATATAAGTTAATTTTATCAACATAAATCTAGGACTTAGCAGCATGTTTGCCTGCAAGACGTCCAAAAGTTGCAGCGCGACCCACGCTAATGGCTATGATAGGGAATGGATAATCATTCGCTCCACCAAAGAAACCACCAGAAGTATTACCTGCGGCATAAAGCCCGTCTATGACTTTTGCTTCTTTATCAAGAACTTGCATTTCAGTATTTATGTTGAGCCCACCGAGGACTACTGAAACACAGCATTGTCTTGGTATACCGTAAAAAGGTGCTTTTTTGATGTAAGATAAATCTATAGCAATTTTACCAAAATCTTCATCAACGCCTTTGTCTACAAGCTCGTTGTATCTTTCAATTGTCTTTTTAAGAGGACCTGCAGGGAGATTCAATTTGTGTGCAAGTTCTTCTAAAGTGTCAGCTTTAACGATGCGGCCTTTTTTAAGAGCGTCTTCAAACAACTGACGGTTGATCGGACTTGTAACTCTTGGAGGAAATTGTTTAATGTTTTCTTCCCAGTCAGCGTCGAGAATATTATAGTAATAGCCATCCGGATTTTGAGCATTAAGGGTCTGGTTCCCCATAAGGTAAAAAGGAATATCCTCATTACAAAGACGTTTACCTTCTTTTTGAACTGCGAGCCAAGGCAGACCACGACCGGGCGCATCTCCATCTGCGAAGTCAAGTGTGGAGTGTACATGTGCCATCTTAGTATGTGGTCCTTGCTCCATGGCAGCACCAGCCCACATTCCCATAAGGTGACCATCCCCCGTATTGGTTCTGGGTGTATAGTAGTTGCCTAGGCCTACGGCACTGGGACAATATTTCGCAAGCATATCAGGGTTGTTGCTATAGTCCCCAGTACAAAGGATTACTCCTTTTTTGGCGTTAAATTGTTTATATTCACCGGTTTTTTCATGTTTAGCAATAACACCGGTCACTCGCCCTTTTTTATTTCTAACAAGTTGAACACCAGGTGTATAAAAACGGAACTCAACACCCTCTTTAATTGCAGCTTCAGCAATTATATTGATGGCTTCCATCATTCCGCCTTTCCATTTGTGTCCTGTAGAGAAAGAATTGAACCAATATTTACCACCGCTTTCACCAGATGGCGAACCTGCCCAATGCATAAAAAAAGCAGAAGAGTTTGCTGTTCTTTTTGTGATATCATTAGCCCAGTCAAGTGTCTCACCACTGTGATCAGCCCATAATTTTAGTAATTCAAATTTAGGCTTGTTCAAACTTTGGTAATTAAACTCGTTGATGGCTTTCATTTTGTTAATATGTATGTTTTTTTCTTTCTGTAGTTTTGAATCTATAGCACCAAAAGTATTACCATGGCACATGACAACAGGCCCCTTTTGCAGTACTATGACTTTTGCTCCTGCCTCCTGAGCAGATTTACACGCCATAATTCCTGAAATTCCAGCACCAACTACCACAACATCAGTTGTAACAGTCTCTTTTATCTTAGATGCAGGAACAGGTTCAGGAGCTTTTTCAAAGTCGATACAGTCAGAAGCTTGCTGTTTTGCATCTGCTTTAGATGGAAGTCCGCCAACCACGCAAGCGGAAGCGGCACCAAGGGCAGCTACAGCACTTGTTTTAAAAAAACCTCTTCTTGACACATCAGTTAGTTTTTTATCTTTAGGATCCATTTTAACCTCTCAATTATATTACTGCTCGGTTTTGACTGGTTCACTCCAACGTTTTGGCAGAGTTTTCATCCATGGCTGAACATGACATTTAGCGCATAAAAGGTCGGATTTGCTATGCATGCTGTGACATGTTGAGCAATTGAGCTCTCCAACGTGTTGAGAATGTGGTCGAACTTTTCCTTTTCCAAATGGGAAGACAACTTCCTTGTCAACTTCTTCTTTGTCGTGACATCTAAGACAAAAGTCGTCGCCAAAATCACGTTTTCTTAGTTTGC
CP179935.1_gap17	578169	582475	4306	TTCTCCATATCTCAGGATAAGCTCGCACCCAAGTTCATAAATAATTCTGGTTTTCCACTTACCGCCTATTATAGATACGGTATATTCGAAAGGTGCTTTTTTTGTCCGGCAAAGTGTCTTCATTGATCTTAACTCTCTTTTTGGTTAGTATATTACATAAAAGTGCATACTATCTTTTTAAACCATTTTAAGCATAATAACAATGAAGATAAAAAACAAGAGTTGTCTGATGGCTCTGCATGCTATTGCAGACGGCAGCTCTGTATGAATTAAGGAGGATGCATGATGGATTTTTTAGAATTGGCAAAAGATAGGTACTCTGTCAGGAAATTCAGTGAGAGAAAAGTTGAGCAGGAGAAGATTGATTCTATTCTCGAAGCGGGCAGGCTGGCTCCAACTGCTGTTAATTATCAGCCCCAGCGCATACTTGTTATAAGCTCGGATGAAAGTCTGGATAAGTTCAGAGACTGCACTCCATATCATTTTAATGCACCTCTGGCGCTGCTTGTGTGTTATGACAGTGAAGTGAGCTGGAAGCGGTCTTTTGATAATAAAGATATGGGAGAGGTAGATGCCTCTATTGTAGCTACACAGATGATGCTGGAGGTGACAAATCTCGGGCTGGGGAGTACATGGGTAGGGCATTTCGATCCTGAAAAGATTCGAAACGCTTTTAAAATACCTGCAAATATAGTTCCTGTGGCTCTTTTCCCCGTTGGATATCCGGCTGAATCAAGCAAGCCAAGCCCGAAGCACTCCAGCCGGCTGGCAATAACTGAGACAGTGTTCATGAACTCCTTTTAGAAAGGATCACCGACTGTTGTGAAAATATTATTCTGGTGTATACCTGTTTCTGCGGCAATTTACCAATCATATATGATTCGTATACAAACCGCTGATGAAATGGGTATACAGCAGTTGATATACCCAAAAAACTTTTCTTAATTAAATTAAATTCTAATTGTTTGTTGAGATTTTCGCTGAATCTAGTATTTTCATAGTTCCCTTATTTTTTAAAGATACAGTTTTAAAAGGAGTGTTATTATGAGAAATCACTGGAGCAGCCAGCTTGGTTTTCTTCTGGCTGCCGTTGGTTCAGCAGTGGGACTTGGCAATATATGGAAATTCCCATACATCACCGGAATGAACGGCGGTGGTGCTTTTGTTATAGTTTATCTCATTGCAATTGTTATCTGCGGTCTGCCGCTTCTGATAGCAGAGCTTTTGATTGGGCGTGAAACTCAGAAAGATATCGTTGGTTCATTTAAATCACTAAGCAAGAACCCTTTATGGTCAAACCTCGGCTGGCTGAACTTTGCTGCAAGTTTTATCATTTTATCTTACTATGGTACTGTAGCGGGGTGGACTCTTGACTACCTGCTGAAGTCTGTAACTGCCTCGTATATCCATCTTCCGGCAGAAGAGATAACAGGGCTTTTCGGGCAGCTTGTCGGTGATGCGTATACTCAGCTATTGTACTTTACTATTTTTATGATCCTTACCGTTCTGGTTGTTTTAAACGGTGTTAAGAAGGGGCTTGAACGTTGGAATAAGATACTCATGCCATCACTGTTTGTCATACTGGTCATTATGTTTGTATACGCCATGACAACCGACGGAGCCGCCAAAGGTATACGTTTTATGTTTTATCCCGACTTCTCCCGTCTTTCTGTGGATGGGGTTCTTGAGGCTATCGGGCATTCATTTTTCACATTGTCGCTTGCCATGGGGATTATGGTAACTTACGGCTCATACATGGATCAGAAGGAGAGTATTTTTCCTATGGCTTCCAGAGTGGCAATACTTGATACTGTTGTTGCGCTGGTTGCAGGGCTTGCTCTTTTCCCTATAGTTTTTACTGTGGGGCTGGAACCCGCTGCGGGACCTGGGCTTATTTTCAAGACCCTTCCGCAGGTTTTTGCTGTGATACCTTTCGGACATCAGCTTTCATTGCTTTTCTTTGTTCTGCTTTCATTTGCAGCATTGTCTTCTATGATCTCAATTTTTGAAGTTGTGGTTGCGTATCTTATTGATGAAAAAGGCATAGGACGTACAAAAGCATCTCTGATTATGGGTGTTGCAGTTTATATTGCAGGTATACCTGTTGCACTTTCTTACAATGTCCTTAGTGATTTTACAATCATCGGTATGCCGATTCTTGACGGGCTTGATAACATAGCGAGTAACTATATGCTCCCTATAGGTGGGATGCTTACTTCTGTTTATGTGGGTTATGCTTTGAAAAAAGAGATTGCGCGCCAGCAGATAGTTGACTCCGACAAACTTGTCAAAGTATTCAATGTCTGGTTTTTTCTGATCCGCTTTGTTACCCCTGTAACGATATTTATCGTTTTCCTCAACAAAATAGGGCTATTCGGGTAATATTCGCCTGACGGATTGATAATATAAGCATTAAGGCACTCTTACAGGGTGCCTTTTTTAATAATTTGATTTGCAGTTATAACCGTTATATACTTAACCTGTTTCCTCCTATTAAGGACCTGTACAGCAGAGGTATGCAATGGATTATCAGATATTAATAGTTTATTCAGTGGTTTCGTTTTTTTATATAATAAGCCCCGGTCCTGCAATTTTTCTTGCCATAACAAACGGCATGACAGCAGATATGAAGATTGTTGCAATGTCTTCTCTTGGGAATATCCTTGGGCTTTTTCTGCTGTCGGCTGTTTCAATCTCAGGGCTTGGTGCGCTGCTGCTCGCCTCTTCGGCACTGTTTGCAGTAACTAAGCTTGTTGGGGCTGCTTATCTGATCTATCTGGGCGTTAAGCAGTTGAGAAATGGCAAGCATGGTCTAACAGCAGATTTTGATGCTTCTGCGAAAAAAGCCAGAAGTAGTTTTTCATATTTCAAAGAGGGCTTTTTCCTTGCGTCTACAAACCCGAAACCGATACTTTTTTTCGCTGCTCTTTTCCCGCAGTTTCTGAACCTCAAAATTTCAGTTCTACCTCAGTTTTTTGTTATGACCGTGATATTTATGTTTTTTTCTTTCATATCCTTATGCAGCTATGGATATGTTTCTAAATCTGCCGGAATGTTTATAAATAACCGGAAAAATATTGTATGGTTTCACCGCATTACCGGCGGTATATTTATTACTATGGGGCTGGGGATTCTTCGGCTCAAACGGATTCAGCAATAGAGGCTGGTACTGATTTTGTCAGCTATTTTCCGGTATCATCGGGTTATAGCCAAATTTGTCATATTTCTCCAGAAACAGCCTGACAATCGCCTGTTCAATCTTACCTTTTCTGCGTGAGGGCACCGGAACGCGAACGAGTAGATTGAGCGTGTCCTTGTCCGCCATTATGATTGTCACTCTTGGGTCAACGTTCGGAGCTTCAAAGGCGGTTCTGCTGCTCAGCTTTTCCATATGTTTTCTTGCTTCCTCGATATAGTCCTGCACGGTTTCATTTGCAGCTTCAAGGAGTACTTTTTCAGCTTCCTGCCATTTTGCGCATGAACTTATGGGGACAGAGAAGACATGCAGAATATATTTTTCTGTAAAGGTTTCGTTGATAAGCGGGTGGGAAAGGAAGATGCCGTTTGGTATGTTGATGCTTCGTCCCGTATATTGGTGAGAGCTGACCCCCGGACCAATCTCAAGAAGAGTTGTGGAGAGCAGGTCAATATTTACTACATCGCCTCTGTAGTCACCTATGTGTATCCGGTCACCTATGCGGTAAGACTGGGAATAGTTTCTGATCATGCCGCCTGTTACGCATAAAATAAGCTCTTTAGTAGCAAGAACTATCGCAACCGCAAGGGCTGTGATGGACAGAGCGAAGTCTTTTATATGGGAAAGCCATATGAAAGCTACGGTGAGAATGACCAGAAGCATAAAGAATTTTCTGGTGTATACCATTGCTCGCATCTTTGCCTCTTTGTGATGGAAATCTCTGTTTTTGATCATTTTCAGAGATATATTTCTCAGCAGGATGATGATTGCAATTGTTATGATAGTTGAAGCTATTCTTATAAGCATTTCATTTTCGATGGGCATATAAACTCCGTTCAAAATCTTTTTGCCAGTGTTTTAGTCAGCATAGGGTAAACTATTGCAGTCAGCAGTGCGGATATGATCAGCATAGCGGCCTCTGTCTCAGTTATCACCTTATAATTCATGCCGAACATTGCCACAGTTACCATAAGCGTCAGAGGGAAGGAGAGAGCAACGGGGGCTATCATGAAAAGCCTGAATGAAACCCCTGTGAACAGAAAATGAATCATCGAAAGATATCTGATAAGCAGCAAAAGGATAGATATCAACACTGCTCCTATGATCACT
CP179935.1_gap18	625341	627820	2479	TGTACAGTTTTGAAGGATAAAAGAACCGCAGCGGTGATAGCCGAACCTAAGTTTAATTCTGATGAGGAAATTCAGCAGAAGGCGGATTTGGTTGTTGTGCTGGGCGGTGATGGTACCCTTATCTCTGCTGTCCGTATACTCGGTGATAAAGAAACTCCGATACTCGGTATAAACCTTGGAAGGCTGGGGTTTCTGACTGAAACTGTTGCCGATGATGCCGTCAGTGCATTGAAGGATGTTCTGGACGGTGATTATATGGTCGAACACAGGATGAAGCTTCATTCTCACCTCTTGCAGGAAAATGAAAAAGTTCTCGAGATAGATGTACTTAACGATATCGTTATTAATAAATCCGATGCAGCGAGAATCTTTGAAACCACTGTCTATATTGATGGGATGCTGGTAAACGAGTACCGTGCCGACGGGCTCATAATTGCTACCCCGACAGGTTCCACTGCATATAGTCTGGCGGCGGGCGGTCCTATTGTCCACCCGAGTCTGGAGACTATGATACTCACGCCGATATGCCCTCAGGGGCTTTCCAACAGACCCATCGTCATTTCTGATGAAAGCGAGGTTACTATAAAAGTTAATGCAGCAAAAGAAGCTGTGTCAATTACTTATGACGGTCAGATATTCAGAAAGCTGGATAAGTGGAAGACTATCACTGTGAAAAAAGCGAGCACCGTGACAAACCTTATAGTGCCTAAAAATAAGAATTACTATTCACTCCTAAGAGAAAAACTCGGCTGGGGGATCAGCCAATGCTGATCATGCTTAGAGTCGAAAATCTCTCAGTGATAGAATCAGTCACCGTTGAATTTGACAAAGGACTTAATATTATCACAGGTGAGACCGGAGCAGGAAAATCTGTTTTTATAGGAGCGCTTAACCTTGTTCTCGGTGCACGGTTTAACAGAGCACTTTTTCGTGACCCGGAGAAGAAGCTTGTGGTGGAAGCTGAATTTACTGATATTTCTCACCTTGATGAAGAGCTTAAAGACCAGTTTGAAATAGAGACTGACATCATTATAAGAAGAGAGATAGACAAAACCGGGAAAAACCGGATATTCATAAACGGACGGATGGCTACAGTAGAACAGCTTAAACAGCTTGCTTTCGGCTTTTGCGACATACACGGTCAGCACGAGCATCAGATGCTGCTGGACAGCGCAACTCACATCGCTTTCATAGATGCCCTTGTGGAACCGTCCCTGAAAGACCGCTATGAGGAAACATTCGAGCGGTATAATGCTCTTGAGAAAGAAATAAGCCGCATAAGAAATAACCGTCAGCAGATTTTAAAAGAGAAAGATATGCTTGAGTTTCAGCTTAATGAAATAGAAAGCATGAATATAGATATTGAGGAAGACTGCCAGATTGATGAGAAGGTCGGCATCCTGTCCAATATGGAAAAAATACTCGAAAGCGCTGCAGGTGCTCTCGGAATGCTTCGTGACGGAGAGATAAACGCCTATGACCTCATCTCTTCCGCCTCTACAGCTCTTGAAGGGGTTGCCTCATACAGCGGTGATCTTGAAACGGCTTCAAGTCAGCTTACAGAAGCGACATACCTCATTAACGATGCCATCGCAGGGGTAGAGAAGGTAGCAGACAGGCAGGATCTTGATCCTGCGGAGCTTGATACCCTGATGGACAGAAAATACCGGCTGGCAAACCTTACGAAGAAATATGGTCCAACCCTTGAAGATGTAGTACGTTTCGGTGAAGAGACCGCCGGAAAGCTGGATGATATAAATTTTGGTCAGGATAATCTGGATAAGCTTCAGATACAGCTTGATGATATATATGCAGAGCTTGCGGAAGATGCAAAAGTGCTGAACCTTCGCAGGGGCGAAATAGCAAGAAAAATCGAAGAAAAAGTTATTGAGTCTCTTGATGAACTTGAGCTGAAAAACTGTGTCTTTACTACAGTGTTCGAAGAGGCTGAAAAGCTGGATGCTATGGCTGGAGTCAGGGCAGAGTTTTATATCAGCACTAACCCTGGTTTTGAGCCGGGGCCGCTTACAAAAGTTGCTTCCGGTGGAGAGATATCCCGTGTGATGCTTTCTCTTAAGGAAGTCTTTGCGGTGGCAGACAGAGTGGACACTCTGGTCTTTGATGAAGTTGATACGGGCATCAGCGGCAGAACAGCTAAGAAGGTCGCAATTAAGCTGAAAAAAGTCGCAGAAGCAAGACAGGTAATAGTTATAACACACCTGCCTGTGGTGGCATCCGCCGGAAGCAGGCATTTTCACATAACAAAATCCCTGGACGGAGCGAAGGCAAAGACTAATATCGGACTGGTTGAAGAAGAAGAACGCCTTAAAGTGCTCGCCTCCATGCTTACAGGAGAGGTGACACAGTCTGCAATACAGCAGGCAAAACAGATGATAGAGGATATGGTAAATGCTTGAAACGTTTGTGAACTTCGTTCTGGGGACGGTGTCTGATCTCGGCTATACAGGCATTGTGGTTC
CP179935.1_gap19	629473	631440	1967	ACAAACAGATTAACAATGGTAAGATAAACTTATAACGGCTGAGCAGGTGTTCAGCCGATTTTATTTTCACTTATGAATTTATCAAGTTCAGGTTTTATCATTTCAAAAGTTAAATCATTCATGCAGGGGATCTCGTCTGATATCCTGCAAATGCTGCTGCGGCATGGTTGACAGTCCAGCCCTAAGTTAATATATGTATGTCTTTTATGAGGATGTACCCAGCCGGAAGATGTTGAACCTATTACAACGAAAGTCGGGGTTTTCTGTGATACAGCCATATGATGCGGGGCTGAGTCATTGCCGATATGCATTTCTGCTCCGGACATGAGAGCTGCAAGCTCCAGCAGAGTTAAAGGCGGAGCTACTATAATGTTCCTGTGCAGTCTCATCCCTTCTAAGCCGGATGTAATATAATCCCTCTCACCTGGCCCGTAAGTTAGAACCACCTGCAAATCTTTAGTTTCTGCTAGCCAGTTGGCTGTATCTGCAAAGTGCTTTAGTTTCCAGCGTCTGGTGTCTTTTTTATGAGTAGGAGCCATTGTTATGTATGGTTTATCGAGTTTCAACCCGCATGCCATTGCCTTTTGAACCATAGAGACTTTATCTGCCTGAGTATAAAAGACCTCTGGAGAACAGTCGTATTTATCTGCTGAAAAAGCTGTATCAAATGACTTCAGCATATTGAGTTTTATGAGTCCGGCATATGCGCCTTTACTGCTTACGAAGGTGTTGTAGGCAAATCTTCGCTTGGATTTTCTGAAACCAACTTTATATTCTGCACCGGAAAATAAAACACTATACATAGACCTCGGTGTGTTCTGTGTGTCTAAGATTACGTCATAGTGCCCGTTTCTGACCGCGAGAGCAGAGCGGATAGTGGATATGAAACCACTGCCGGAAGGGACGGTAAGGACATTGCGGATATTCGGGTTATATGTGAGCAGGTCTTTATTCATGCTGAATGTGAGAAAATCAACTTCAGCTTGCGGGTAGAGTTTTCTGATCTCCCGCGGAAGTTGTGTGGTCAGTATAACATCGCCTATCTGTTTGAACTGTATAATCAGCCATTTTTTCATAAAAGATTGCCCTGCTTGAATAAAGCGCATTTATTAAGTTATATTTATATATACATTAGTGAGCGAAAATGATAAAGAATGTTTTATGGAAAGGGTAAATGTTTTTGTAAAATACTTTCATAACAAGGGTGGTGGAGAGCGCATCTGCTTTAATTTCGTGAATTTTCTTATGGATAAAGGGGTGGATGTTCATGTTATATGCGGCGAAGATAAGTTAAAGTCTAAAAAGTATGAGAACATACTTACTGTGACAGGGTTGTTGAAACCGGGGCGCTACCTTAAATACTCGAGTTTTCACAGACGTGCAGTAAAGCTGGCGAAGAAGCTTGACGGTATACATTTTTCATTCGACAGAGTCCCTGGTTGCCACATATACCGCAATGGTTCGGGGCTGCACAGCTCTTATGTTAAGAATACTTTGTCTCTGATGTCAAAAGAGACTGCGTTTAAGAAGAGGGTGAAGAGAGCATTAGATCCGGTTAATAAGCATCTGATAAATAAGGAAAGACTGACATATGCTCACCCGTCGCTCAGGAAGGTCATACTTAACTCGGAGTTTCTGAAGCGGGAAGTGCTTTCAGCTTTCCCTGATGCCGAAAAGCTGATTGACATTATTCCTAATGGAGTGAATAAAAGTAAGTTCACTTTCACATCTGAAGATCCATTCAGAGATAAATATAATTTGGAAAAAGGCACTGTCTGCATAGGTTTTGCCGCAAATAATTTTCAACGCAAAGGTCTTGATCATTTGCTGAATGCAATGGCGGTACTTCCTGATCATTACGTCTTGCTGGTTGCCGGTGGCAGAAGAGCTGATTCATACATGCAGACGCTCGATGAACTGGGGCTGAGAGAGAGAGTTTTCTTCGTGGGGGCAGTTGATGATATGCA
CP179935.1_gap20	637861	639700	1839	CTGAAAGACCTCGATTATGCCAGAGAGACAGGCTTGTCTGATGCTTTGATAGACAGACTGACCCTCGATGATAAGCGTATAGACGGAATGATTCAGGCTGTTAAAGATATACGTTCTCAAGTTGACCCTGTGGGAAAAGTTGTTGACGGTTATAAAAGACCCAACGGACTTTACATTACGAAAGTTAAAGTGCCTCTGGGGGTTGTGGGTATCATATTTGAGTCCAGACCGAATGTAACAATAGATGCCGCTGCCCTTTGCCTTAAATCAGGGAATGTTGCAATACTGAGGGGCGGTAAAGAAGCTGTCCATTCAAACACATACCTCGGCAGGCTCATGAAAGAGGCTGTGGCCGAAGCCGGACTTCCTAAGGCATGTGTAAACATCATAGAGGATACTGACAGAGGGCTTGTGATGGAAATGCTGAAAGCGAAAGGCAGTATTGACATTATGATTCCCAGAGGGGGTAAAGCCCTGATTGAGTTTTGTACTGAGCATTCTCTTATACCTCTTGTTAAGCATGACGACGGCATATGTCACGTATACATAGATAAGTTTGCAGATATAGAGATGGCTGTGTCCATCGCTGTTAATGCTAAATGCCAGCGTGTCGGTGTCTGTAATACCATGGAGACACTTCTTGTGCATGAGGCTGTGGCTGAAACTGTCCTTAAGAGGCTTGAAAAGGCTTACGGCGAGCATAATGTAGAGCTTCGAGGGTGTGAACACACTGCGGAGCTTATAAGCTGTAAGAAAGCCGCAGAAGAGGACTGGAGCACAGAGTATCTGGATTACATCCTCTCTGTAAAAGTTGTTTCTTCCATTGATGAAGCGATTGAACACATAAATAAATACGGATCTATGCATTCTGAGAGCATAGTGACCGAAAACTATACAAACAGTGAGATGTTTCTTAATATGGTGGATGCAGCGGCGGTTTATGTTAATGCGTCAACCAGATGGACTGACGGCGGAGAGTTTGGTATGGGGGCGGAGATAGGCATCAGCACCCAGAAACTTCATTGTCGCGGACCAATGGGAGCAGATGATCTGACTACAACAAAATATAGAATATACGGTCAGGGGCAGATAAAGTAACGTGAAAATAGGCTTATTCGGCGGTACTTTCAACCCCATTCATATAGGACATCTTGCTCTGGCTGAGAATGTTACAGCAAGCCTTGGGCTGGACATGATGTTTCTCATTCCGTCTAAAATACCACCTCATAAATCCGGCAGCGGTATTATCGATCCTGTAAAACGGCTGAAAATGGTGGAGCTTGTTGCGGAAGGGCTTGGCGAAAAGTTTAAAGTGTCAGATTACGAGATTGCGGCGGACGGTGTTTCATATACATTGAAAACCCTTAAACATTTCAGAAGACTGTACCCAGACGACGAAATATTTTTTGCTTGCGGTACAGATATTTTTGCCTCTATACATAAGTGGCATGCATATGAAGAGCTTTTTAAATATGCTAACTTTGTTGTTGTGAGCCGTTCTATGGTTTCTTTTGGAAAAATGCTTGAAGCTATCCCTGAAAGGCTGCATGATATAGTGATAAGAGAAGAACAGTTTGCCGGAGAGAAATCCGGTAGGGTTATACTTCACGAGATGCCTCCCGTTGATGTATCCAGTACGGATATCAGGGAAGTTTTGGAAGCGAGCTACAGAAAGGCGAACCTGCCGGATGTAGTTTATGAGTACATATCAGAAAAAGGATTATACAGGGGAGATGAATGAAAGACCGCACCACGCTGGATTTAATACTTAAAGAGCTTGTTGAGCGTAAAACCGAGGATATCACAGCGCATTATGTAGCACCGGTAAGCAGTGTTGCA
CP179935.1_gap21	641360	644282	2922	ATCAGATCATAGACTATTGGGAGACGATAAAATATGATCTGTCTGAAAACCATATAAGAGGTCTTCTGAAGTATTATAGTTATGCTGTTAAAATAGGCAGACTGAAGAAGGTTCCCGCTCTGGAATTTTTTGTTTAATAGATCATTAATAGTTTTTCTATTGTTTATTTCGAAAAAAAGAGAGGCACAGTACGTACCTCCTCGCTGAGGAGGGGGTACATAAGGTGCCCCAATATTTTAGATTAGGTTCAATCTCTGTTTAAAAGAAGTTGTACGCCTTTTCTCCATGTTGATTAAGGTCTGTCCCTTCTGTTTCCTCTTCAGGAGTAATCCTTATGCCTATTGTGGCTTTTATCGCAAATGCTATTATCAGCGTCATGATGAAAGAATAACCTCCACATGCAAGCGCGTCTATTATCTGAATAAGTACCTGACCAGCATTGCCGGCAATGAGTCCTTCTGCTCCTACGGTTGCAAAAACGCCTGTAGCTATAGCACCGAAGAGACCGCCGAGACCGTGGATGCCGAAAACGTCAAGAGAATCGTCAAGTTTAAACTTGAATTTAAGGGTGATGCCCCAGTAGCATAATGCCCCTGTGAGACCGCCTATGATAATCGCTGCCCAGGGTTCTACAAAGCCGGCAGCGGGGGTTATCCCCACAAGACCTGCAACAATCCCTGAAGCCACTCCGAGTGCGCTCGGTTTGCTCACTGCCATCTCAATAATCATCCAGACGAAACCGGCTGCCGCAGCCGCTATCATGGTGTTTACGAATGCCAGAGAAGCTATCTTGTCCGCTGCAAGTGCAGACCCTGAGTTGAATCCAAACCATCCAAACCACAGCAGTCCTGCACCTACCACAGTATAAGTTACATTGTGAGGTATTATTTTTGCATGCATAAAGTCTTTTCTGTTGCCGAGAACCAGCGCTATTGCAAGTGCAGCCATACCGGAAGAGAAGTGGACGACAGTTCCGCCTGCGAAGTCAAGTGCTCCGAGTTTACCAAGCCAGCCCCCGCCCCAAACCCAGTAAGCAATTGGTGAGTAAACTAGTATTATCCAAAGCGGCATGAAGAGCAGCCATGCGCTGAATTTCATACGTTCTACAATAGCACCGCTTATGAGGGCGACTGTGATTATTGCAAACATGCCCTGAAATATGGCAAAAGTTCCTAAAGGTATGGTGCCGGACATGGCGTCCATAAAATCACTGCCAAACATAAAATATTTCATACTCCCCATAAAGAGAGAATCAGATTCACCAAAAGCGATTGTAAAGCCTATCACTGCCCATGTCACTCCTGCAACGCAGAGTGCCGAAAAGCTGTAGAGTAAAGTGGAAAGTGCGCTTTTAGACCTGACCATACCGCCGTAAAAGAGAGCCAGCCCCGGCAGCATCAGCATTACGAATGCAGAAGATACTAATACCCATGCTGTGTCGCCTGTGTTTAGTCCATCTGCGAAAGCTGTCGATGCTGACATCGTTATCAAAAGCACTATCAAAAGTCTTATCATAGAGTCACCCCGTAATTCGATTTCGTAACAGTTATATGCAAAGAGTATGCCAAAACATGTGTAAAGAATTAAAAGGCTTTCAGAACTTTTCATTTCATTAGTGGTCAAATAAAAGTCATCTGGTGCCTAATAATTAATCACGGTGTGAGCCTGACTGGATAATTCGGAATTGATGTTGTATTGAATGTGCATATATGGTAATTAGTTTTGTTAAATTAGAATGAGTAGTCTGGTGGTTTAAGTTGGAAAAAATATCTTATGTGATACCAGTTTTTGATGAAGAAGATAATATTGTAAAACTTTTTGAGGAAATTACTGCCGTATCTAAAATTGTTGGCAAAGAATATGAAATAATTTTCGTGGATGACTGTAGCAGAGACAACAGTCTTAATGTGATAAAAGACCTTGCGTCAAAGATGGACGCTGTAAAATATGTTGCTTTTGAAAATAATACAGGACAATCCGCTGCAATGTATGCCGGGTTTCAGTATGCTTCAGGGGATGTTGTAATCACTATGGATGCTGACCTTCAGAATGACCCTGCCGATATTCCCGAGATGCTGAAGTTTTACGGCGAATATGATATGGTCATCGGATGGAGATACAACCGGAAAGACACTCTGGCGAAGAAAATCGCCAGCAGGTTCGGAAACAAGATCAGAAACAGTATAATCAAAGACAATGTCCATGACACAGGGTGTTCGCTGAAAATTATGCGGTCTTCTATGCTTAAAAAGATCAAGATATATAAAGGTCTTCACAGATTTCTGCCTGCTATGATGCAGATGGAAGGGGCAATGGTGAAAGAGGTTAAGGTGAACCACAGACCCCGAATTCATGGGGTGTCGAAATATACTAATATGAAGAGGGCAAAAGAAGCTCTCTACGATCTTATATCTGTAAGGTGGATGCAGAAAAGATATCTGAAAATAGAAGTCAGAGAAACCAATGTCGCCCGCTGAATTAGCTCTGGTCGTATTTGGCTTTATTGGGCAGGTACTTTTCTTTATGCGTTTTATCCTTCAGTGGTTGTTCACTGAGAGGTATAAAAAGAGCACTGTACCGGTATCATTCTGGTATTTCAGTATTATTGGGAGTTTTATGCTCCTGACCTATGCGATATTAATCAAAGATCCAATATATATTCTGGGGCAGTCCACCGGGGCTGTTATATATCTTCGGAACTTATATCTGATATATAAAGAGAAAGGTGTTAAGGATAAATATTTTTCATTTAAAATAACGCTTATACTCTTTGCTTATTTCGGCATGGTTGCTGTTGCTGCTGTTTTCTATCCTGAAGTGCACAGACAGCAGAAAGTGTCATATACCGGAATTATTTTTGCAATAGGCATCGTTGCTCAGTCAATGTTTTTTCTGCGGTTTTTAGTTCAGTGGATATATTCT
CP179935.1_gap22	646051	647397	1346	CGTCAATTTATAAACAACCTTAAAGTATTTATATTAAAAATATAATCAAACTAAACAATGTTAAATACTGTTTGACATTTATTTATCCTATTGGTAGATTTTTAAGATTATAAGCAAGGTACACGGAGTTTACATATGATCTGGAATGAGCACTATGAGACACTTCCACGAGAATATCTGGAAGAGCTTCAGCTAAGAAGGCTGAGGCAGCTTCTGAATAATGTCTACGCCAGAGTAGAATTTTACCGAAATAAAATGGACGAAGCCGGGGTTAAACCGGATGATATTAAGTCTCTGGCGGACATGAGCAGGCTCCCTTTTACTTATAAACAGGATATGAGAGACAACTATCCTTTCGGGCTTTTTGCTGTTCCTCAGGAACAGATCGTCAGGCTGCATGCTTCCAGCGGAACAACAGGGAAACCTACTGTTGTGGGCTACACCCGCAGAGACATAGATACATGGACAGAGATCATGGCGAGAACATTCTCTGCTGCCGGTGTCGGCGCAGGTGACATACTTCAGAACGCATACGGTTACGGGCTTTTTACCGGTGGGCTTGGTGCTCACTACGGTGCGGAAAAGATCGGAGCGTCTGTTATTCCGATATCCGGTGGTAATTCGAAAAAACAGCTTATGCTTATGAAAGATTTCGGCTCCACTGCGTTTTCATGCACACCCAGCTATGCCCTTTCTCTTTATGAAACAGCTGTGGAAGAGGGGATTGACCCCAGAAAAGACCTGAAACTCAAAGCGGGCATATTCGGTGCAGAACCGTGGACAAATGCCATGAGGCAGGAGATAGAAGATAAGTGGGGGATAGATGCCCTTGACATATATGGACTCAGCGAAATCATCGGACCAGGGGTTGCGTTTGAGTGTGTCGAAGAGAAACGCGGGATGCACATCAACGAAGATCATTTCATCGTTGAGACAATTAATCCTGAAACAGGCGAGGTTCTCCCCAATGGCGAAGAGGGCGAGCTTGTTTTCACGACTATAACCAAAGAGGCAATACCTCTTATCAGATACCGCACAAGAGACGTAACAAGCCTTATTACTGAGCCCTGCAAATGTGGACGCTCTTTCGTCCGTATGAACAAAGTTATGGGCAGAAGCGACGACATGCTCATCATCAGAGGGGTTAATGTTTATCCGTCTCAGGTGGAAAATATACTAGTACAGCGTGCAGAACTTTCGCCATATTACCTTCTTATTATAGACAGAGAAGGAAATATGGATACACTTGAAGTACAGGTAGAACTTGCCGAAGGTCAGTTTATGGACAGAGTACGCAGGCTTCAGGATCTGGCAAAAGGGATAGAGAAAGATATCAAAAGTATGAT
CP179935.1_gap23	655942	658369	2427	TTTGGACTCAGTTTGTTCCCCTTTTATAATGTGCTTGCCTGTCCACATAGTCGAAAGTTCTGAGAGAGGGATTTCTATCAGTTTCGTATGTTTCGGCTTAATGTCTTTTTTTTGTAAGAAAACAGAGAGAGAAAGAGTATGAAACTGAATATGAACCAAGCAGGTATAGGAGGATAAGGTACGATAAGTTTCGCAAATTTTCATATCGGCATATAGACGGACAAGGCCGCCGCCGTTTTGGTAGAATACGTTACGACACAAATTCACCAAAGGAGGCAAAGGCCATGTCCGATGAGAAGATTATACACCTGAACGAAGGAGCCATAAAGGGCGAGTTACAAGAGCTTGTCCGCAACAGTGTAGAAGAAACACTTAATAACCTGCTTGAGCAAGAAGCCCAAGCTTTGACAAACGCCGCTAAATATGAGCGCACAGAGAACCGTAAGGGTTATCGTTCAGGTCACTATGAGCGGAATCTTTTTACAAGCTCATGGGATGTTAAGCTGAAAGTTCCCAAGCTTAAAGGAGTAACTTTCGAAACAGCCATTATTGAACGCTACCGCCGCCGTGAGAGCTCAGTAGAAGAAGCTCTTATAGAGATGTACCTTGCCGGCGTATCAGTTCGCCGAGTAGAGGATATAACAGAGGCGTTGTGGGGTACTAAAGTATCTCCTGGTACCATCAGTGAGCTTAACAAAAAGGTTTATGTTCACATAGATGATTGGCGTAACAGGGAGTTGAAATGTAACTATCCCTATGTTTATCTTGATGGAATTTATCTGAAGCGCAACTGGGGCGGCTCATATGAGAACGTTGCAGTGCTGGTAGCCATAGCTGTAAATGAAGAAGGCTATCGTGAAGTGATCGGCGCATCAGAGGGTATGAAAGAGGACAAAGAGAGTTGGAAGAGCTTTCTCTGTGATCTTAAAGAGAGAGGCTTGAAGGGTGTTCAGCTTTTTATAGGCGATAAGTGCTTGGGGCTTGTTGATGCAGTCAGCGAAGTCTATCCGGATGCGAAGTATCAACGCTGTACGGTTCACTTTTACAGGAATGTATTTTCTGTAACACCGAGAACCAAAGTGAGAGCTGTGGCAGCTATGCTTAAAGCTATTCATGCTCAAGAGAGCAAAGAAGCAGCCCTTGAGAAGGCACAGGCAGTTGCACAGAAACTTCGTGATATGAAGCTAAGGGAAGCCGCTAAGAAGGTTGAAGACAGCATAGAGGAGACTCTGACTTATATGACTTTCCCTTATGCTCACTGGCTTAAGATTAGGACGAATAATGTCATTGAGCGACTGAATAGAGAGATACGGCGGCGGACTCGTGTGGTAGGGACATTTCCTGACGGTAACTCAGCTTTGATGCTTGTTTGTGCCAGGTTGCGTCATGTAGCTGGAACCCAGTGGGGAACAAAACGATACATGAGTATGAAATATTTTACTGAAGCCGGAGATATAGAGATGGATTCAGTTGCTGGATAGTTAAAAGCTACCGAACGGCAAAAGGAAATTTACGAAACTATCTTGACGGTACCTAGTGGTACTGGTAATTTCATCAGGCATAGTTATATACACTAACTAATAATTCTAGATATAAAAAAAGCCCCTGAATATCAGGGGCTTGTGATGCCGAGAGAGAGACTTGAACTCTCACGCCCTTTGACAGGCACAGGATCCTTAGTCCTGCGTGTCTACCAGTTCCACCACCTCGGCTGAACAGCTATATCATTGCTGTGTGAGAGGTTATAACAATTTACCAAAAACATGTCAACTGTTAATTTGCATTAATTACTGTTAATATCTAACAACTCATACTGACAGTAAAAATGATGATGCAAAACGCTATTTATATATAGCAATTATACATGATCAGAAATATCGATAAACTGATACTGTATAGATCAGTAGTATAGCCTATAACTATCAAAAAGAGGGGAGCTGTGGTTGAGCTCCCCGTATAAGCTTGTTAGTTTTCCAGAATATTCATTCCGAAATCACGTCCCCACTGGTAAGCATCTTCAAGTTCCTGCTCTGAGGGGGTCATCTTGACCTTAAAGGCAGGAAGGGGCAGTTTCATCCGCATACTCTTCATTATGTCTTCAGATACCTTCACACCTTCGCCACTCCAGCCAAATGAACCGAAACATCCTCCAAGTCTGTTGACGACATTCAGCACAACAAAGAACGAGAATAGGTCAAGTATAGGGTGAGGGGCTTTTGCGTTTAATGTTGGTGTACCTATAAGCACTCCATGGGAGATTTCTATAGAGTCGATCATAGTCATGACGTCTGTTGTAGCACAGTCAAACTCTTCGACTTTTACTCCGACTTCCTCAATACCCTTTGTTATGGCATCTGCAAGTTTTTTAGTGTTACCGTATGCAGTGGCAAATACCAGAGTAACCTGCCTGTTCACCATATTTTTGTA
CP179935.1_gap24	752118	755222	3104	AGATGATCCTGAGAAAAGTCGAGAGCGCTTCTGTAGTGTGTAGTCATGAGGAAATATCTAACTATCTCAGCATCAAATTCCTTGAGGACATCTCTTATAGTAAAAAAGTTGCCGAGAGATTTTGACATTTTTTCCTGATTGACGTTAACAAATCCATTATGTATCCAGTATTTAGAGAACATGCACCCACATGCTGCCTCGGACTGGGCGATTTCATTTTCATGATGAGGAAATACGAGGTCTTTTCCGCCGCCGTGTATGTCAAAAGGGAGTCCGAGAAGGTCTTCGCTCATAACGCTGCACTCAATGTGCCATCCGGGGCGACCTTGTCCCCATGGGCTTTCCCAGCTTGGTTCACCGGGTTTTGATGCTTTCCACAGGACAAAATCGTAAGGGTTTTCTTTCTTTACGCTGACTTCAATTCTGGCTCCTGCCATCATATCTTCCAGCTTTCTGTGAGATAGTTTTCCGTACTCTTCAAATTTTTGCACACGGTAATATATGTCGCCGTTTGATTCATATGCAAATCCCTTCTCAATAAGAGTTTCACACATCTGAATCATTTGTTTTATGTAGTCTGTCGCTTTCGGTGTGTGGTCGGGGCGCAGGATATTGAGGCTGTCCATATCAGCATCGTGCTCAGCTATAAAGTTTGCAGCAAGTTCGCGCCAGTCCATCTGTTTTTCATTGCTTCTTTTTATGATTTTGTCATCAATATCGGTGAAATTTTTGACAAAAGTGACATTGTACCCCTTAAACATTAGGTACCTGCGTATAACATCGAAGACACCGGAGCTGCGTGCATGACCTATGTGACAGAGGTCGTAAACTGTTACACCACAAACATATATTTTCACATTATCCTTTTGCAAAGGCTGAAATTCTTCTTTTTTGTTGGAAAGTGTATTAAAAACTTTAAGCATGTATATCACCCGCCGGAAGCCGCAAGCAGCTTTCTGGTATATTCTTTTTCCGGTTTTTCCAGCACTTCATTGACGGTGCCGTACTCAACCATCCTGCCGTTATGCATGACCATTACATCATCGCACAAATAAGATACAACAGCAAGGTCATGGGATATTAGAATAAAAGTGACTCCTTTTTCAAGTTTTAATTTTTTCATAAGGTTCAGTATTTGCGCCTGAACGGATACATCGAGTGAACTGACAGGTTCGTCAGCTATGATTATCTCCGGCTCTAGCGAGAGCGCCCGTGCTATTGATATACGCTGTCTCTGACCGCCTGAAAACTCATGCGGATATCTGTCTAGGTGTTCCCGTTTCAGACCTACAAGTTCCATATAGTCACCGCAGATTTTTCTGAGGTTACCCTTCATGCCGTGAGTTTTCAGAGCGTCTTTCATAGCAGAAAAAATAGTAAGCTTGGGGTTCAGGCTGAGGTAGGGATCCTGAAAAACAACCTGAACATTTCGCCTGTAGTTCATATAATTCTTCCCCAGACCATTAATGTTTTTTCCGTGAAAGAGGACATTGCCTTCGTCCGGCTTTATTATGTCTGAGATAATTTTAGCAACAGTAGTTTTGCCGCTGCCGGATTCACCGACAATGCCAAGTGATCGTCCCTTCAGTATTTCGACAGAGACGTTATCCACAGCGTTGATGATAGTTGAAGAGCCTTTAAATATTCCTTCGAAGGCTTTGTATGTTTTTTTAATATTCTTTAGTTCAAGTATATTTTCTAGCATTGGTTAGTTTTAAAATGTGATATTTGTTCCTGAAGTTCGTGGGAGAGTTCAGCGAGTTTTTCTGAGAACTGACTGACTTCATCCACAATCTTTTTATTGTCTTCAGAGGAGATGCTTACATTTGTCACAGTGGTTGTGATGTTTGCTATAGCCTCGCTCTGCTGTTCAATGATGTTCAGGATAGGCTCAACAGATTTAGCTGCTGATTCCATCTGACGTACAACCTCTTCAAAGTTTTCTCCAACTTCTGTGATAGATTTTGAGCTGGACTCAACTTCGTCAATGCCTGTATGCACTATATCCACAACACCTTGAACATTGCTCTGTATGGAGCCTACCATGCTGGATATCTCCTGAGTTGATGTTCCTGTTTTTTCGGCAAGCTTGCGCACTTCGTCTGCAACCACAGCAAACCCTCTTCCTGCTTCTCCGGCTCTGGCTGCTTCTATTGCAGCGTTCAGTGCAAGCAGGTTAGTCTGTTCTGCAATGTCTACAATGATGCTGACGATGTTTGTTATCCCTTGTGAGGCAGTTTTCAGCTCTGCAAGGCTGTCTGCAACACCGGCAAGGTTGCTTGCGACGCTGCTGACCTGGCTTATCGATGTCTGAAGCCCTAGGTTGCCTTCAACAACTTTCTCTTTGGCAGTCTGTACCTCTTTTATTCCAATTTGCACTGATTCAATTATGCGAACAGTGGAAGATGAAAGTTCTTCCGCAGCAGATGCGGCGGCAGCCATTTCCAGATTAGTGTCATTGAGGTTTTCGTGCATCTTGTGCATAAGCTCCGCAGACTGGTCACTTGTCTGACTAAGATAGTTTGTGCTGGTAGTTACGTTTACCACCAAGTCGCATAGTGACTGCTGCATTGTGTTTATGGAATTTGTCAGTGCGCCAAACTCATCATTTGATTCATGCTTAACATCACCGCACATCAGGTTTCCGTTTTTAATATTTTCAGCAACATTCATTATTTTGCGTAGTGGTTTCGTAATCTGTGAAGCACTGTAAATACCTATAATCACTGCGAGTACCAGCACTACAACAAGCATAATGATAGTAGAGGTCATTACTTTTGCGGATATAGAGTAAATAGTTTTTACTCCGTTGTCCATATGTTCCTTTGCAGTTTTGGTGAGTGATTTCAGCTCTGTCTCAGTCTCAACAACGTCTTTTTCCAGTACATTTATCTGTTTTACAAGATTTTTCTCCATATCTATAGTTTGCAATCTGATGTTCTGAAGTCTGGCAGAAGAGTCTATCATCGTCTTAGTGACGCCTAGAAGCATTGTCATTCTTTCGCGCACTTCATCATTTTTCATTGCTACGATATAGTCGCCTTTGTAGGAGCCTCCATCGAGTATCGTCTGTGCTTTTTCCGTCAGTTTTTTTGCGTAATTTA
CP179935.1_gap25	797521	799520	1999	GTTGTATAGCTTAAGGCTTTTTGACATGCTGAGGAACATGTTGGGTGTCATTATGTCGCCTTTTTCATTTTCAATGCGCATCAGAGCCTCATACTTGATGATCTCACCTGTCGCAGTGTCTACGATAGGCTGAAAGTACGGGATTATTTTTTCATGGCTCAGGGCATCCCGCAGAGAGCCGGAGTATTTGACTGTTTCACGGATTTTTTCCATCTCTGACTCTGCTTCGTCGTATGTCATGAATGATTTCTTATTCTTCTTTGCCTGCCTAAGGGCTATCCCTGCTTTGGTTATTGTTGTTTCCATCCCTGATGCTGTGCCCGCTGTCAGGGAGAAGTGCATTTCTGTTTCTTTGTATATGAAAGTGCTTTTTGATATTTTATTCAGAATATCCTGGATAACAGAGTTGAAAGCATCGTAGTCAGTAACATCATAGCAAAGTATGCCGAACTCGTCGCCGCTCACTCTATAAACGCTCATTCTGTCGGGTATCAGAGCTGCGAGTTTCCCTGCTACAGATTTGAGAAGGTAGTCACCGCCTTCCATACCGTAATAAGTGTTGATAGCGCTGAAGCCGTCAATATTCATCAGTGCCACAGCGGGGAGCGTTGCACGGTTTCTGTCCAGACGCATTTTAACTCTGTTCGGAAGTCCTGTCAGCACATCCTGATATTGACTCTGAATTTCCCTCTGCTGCATAATAACTTTTGTGATATCTTTTCTTACTGACAGGTATTCAGTTATTACTCCATCTTCGTTCTGAATGGGGACTACAGAAGTTTCAAGGTAAAGGGTATCGCCGTTTTTCGTTTTATTCAGAAGGATGCCGACCCATATTCTACCGCTGGAAACAGTTTTTATTAAGGTTTTGTATCTTTTGACATCCATTTCAGGGTGGTTGAGCATATGGTGTTTCTGCCCTATCACTTCATCACTGCTGTACCCTATAGCAGACAGGTATGTATTGCTGATATATTTGACACGTCCTTTCTGGTCGGCAATGGACACAAAGTTTGATGCATCCACTGCGTCCATATACTGTTTATTTTTTCTGCTTGCCTCGGCGAGCTTTTTTGTTGTTGCTGTTAGTTGTTTGCGCTGTGATGTCGAATGGATGCTGAAAGCGGTCAGAGTTATCAGCGTTGTAAGTGCCAGCAATACTGTTATCCAGATGAGAAGCTGTCCGTGTTTTTCAAGAAATGTCGGATAATTGTTTATGAAGGTTATCTGACTGTTCAGCGGTTCGGGGATTCGCAGGAATGCTCTGTCGACTGCTTTTCTGTCAAATATAAGGTGATTGCCTGTGTATATATGGGATTTCTGGGGAGGATTCCCCTGAAGAGTCTGTCTCGCTGCTATGCCTGCTTCCTCCCCCTGCTTTAATTCGCTGGTGACAAACCCGCCGAGAACACCCTCCTGTATTTCAAGTTTGTGCATAGCAAATATGTAAGGGGAGGGGAGGGACTCTTTAAGTTTCCTGAGTGAAGATGCTGTTGTTTCGTGGCGGTTTCCACTGTAGAATCCTCCGGCATTTACTATAACGAAAGCCGAGTCTTTGCCGCCTTTTAGCTCTGTAAGCAGTTTATCTATATTTTTTTCAGTTTTGAAAAGAATCTGCTGCTTATTATTGCTGAGAGTGCTGACGTAGTTCTCTGTTTTTTTGGATGACCCGTTTTCTGAGTCTATGAAAGTGATGTCTGGGGTGCTGTTTAGTAATGTGTTTATAATCTCTATGGTTTTGGTTATATTGTGATTAATGAGTATGCCGTAGGTTGTACCGGAGCGGTAGATTGCCGGACTGTCTGATATTCCTGTGACTATTAGCGGAACCTCTCTGAGAAAGCCCAGGCTTGTGCTGCTCAGATAAGACAAGGCTTCATCGTTGGTGGCATAGATGAGATCCGGCTTATTCATTAGATATTTAGCCAGCATATAGTTGTCTATTACTTCAGTATTTTCCAGTCCTGCATATGATGTTTTTGCATTCAGGTATTCAGTG
CP179935.1_gap26	802728	803637	909	TACATAGTAACCAAGCTTGCGGTAGTGGTCGACAAAATCTGCAAGATTATCCTGATTATCTATTTTCGATTCAACTATTTCAATAGATATAGAGGAGTAGTCAAGCCCCTGTTCATCGGTATATTCCTGTGTTATGCGTTTGACATCCGGGTCGTTTGCTTCTATTGCAGTGGTATCAAAGTTTATGAATAGAATGTATTTTTCGTGGTCTGGTATAGTCTTAAAGGCTTTAAGCGCATTTTTACGGCAAAGTCTGTCCAGCTCGGTTGAGCAGTTTTCTGCTTTTGCTGCGCTGAAAAGTTCCATAGGGTGAATAATGGCTCCTGTTTCGGAGCATATACCCCTTGTCAGTGCCTCAAATGCTATTATTCTTTTTTCCCGCAAACTTATAACCGGCTGAAATAATGTTACAACATTTTTTTCAGCAATAATGTTGTGTATATCTATATCTCTTAACATCGTGTCCTGCTTTTAATAAGTCTCTTTCCTACAATAGAAAAATAAAAAGGGCAACAGCTAATTCACATACAAACCATATGACATGAATAGTGTGAATTTGAAAAATATGTTTATTTTCTTGTTGTGAATCTGTTTTGAGAGGGCTCAACCCTAAAATCATAATCTGCAAGAGGTGAGCCGGCAAATCTTTATTATTATTTAGTGGCTGTTGTCATTGCATATTTAATGTTATCAAAGGACATATAACCCATATTGCGGAATACTTCCTTCCCTTCTCCTGAGAGAATGACTTGTGTAGGGACCCCAGTAATAGCGAAATGTGAAGCGATTGCCTTATGTGAGTTTACATCGATATTTATTATTTTATGACGGTTGCTGTTTTCAAACTCAGCCAGTGCTTTTTCAACCTCGGGTTTCATCTTGCGGCATGTGACACAGCCGGTGGAGCTG
CP179935.1_gap27	817764	819627	1863	ATTTCGAAGAGGAGCCTGTCATCATATACTGGGATCCCCCATTCGTTGTCGTGATAATCTGCGTAGAGTTCCTGTCCTGGTTTTCCGCCGAAGCACCTTGCTTTACCGTCGTTTCCAATATCCATAGTGTACCTCTGAAACTGCTGTTTTAACAGAGTACATAGTATTTGAAATTGAATAATTGTCAACGGCAGGTGCCAAAATATATTGACATTAGGCGGTTTACATCATATGTGTTGTATTCACAACTTTATATGCGAGGTGTAATGTGTCAGAATTTCAAAAGAAAGCTGCATATAATGTAGCTATAGCAGGTGCTACAGGCGCAGTCGGTGAAACATTCCTTAACATCCTTGAAGAGAGAAACTTCCCCATTGCAGAGCTTAAGCTTCTCGCTTCCAAACGCTCAGCAGGCAAGGAACTTACGTTCAAAGGCAAAACGTATAAAGTTGAAGAGCTGACACACGACTGTTTCGAAGGTGTGGATATAGCACTTTTCAGTGCAGGCGGCGGCAGAAGTCTGGAGTTTGCCCCTTCCGCTGTTAAAGCAGGTGCAGTCGTTATAGATAACTCGTCAGCGTTCCGTATGGATCCTAAAGTTCCTCTTGTTGTTCCGGAGGTGAACCCAGAGGACGCCTTCAAACATAACGGGATAATAGCAAACCCTAACTGTACAACTATTGTCATGCTGGTGGCTCTCAAACCACTTTATGACTATTCTAAAATAAAAAATGTCATTGTCTCCTCTTACCAGTCTACATCCGGTGCAGGAGCACAGGCTATGGAAGAACTGGAAAATCAGGCAAGGCAATGGGTTAACGGTGAAGATATCGTTGTTGATAAATTTGCACATCAGATACTTTTCAATGTTATTCCTCATGTGGACAGCTTTACAGAAAACGGATACACAAAAGAAGAGATGAAGATGTTCAACGAAACACAAAAGATGCTGCACGATAAAGACATCAAAGTCAGCGCAACCTGTGTCCGTGTTCCTACACTTTCTGCTCATTCTGAAGCTGTGACTGTTGAGACTGTTGAGCCTATTAGTGTGGAGAAAGCACGGGAACTTTTTGCTGCTGCTCCCGGGCTTGAAGTGATAGACGACCCTGCAAATGCTAAGTACCCGATGCCTCTTTTTGTGGCTGGCGGGGATACTTGCTATGTCGGCAGAATCAGAAAGGACATCGCTCGTGAAAATACCCTTACATTCTGGGTTGTGGGCGATCAGCTGCGGAAAGGAGCAGCAACTAATGCTGTGCAGATTGCTGAACTTTTTGTTCAATAAATTTGTTAGTTAACTTATCAGAATTGAATATCCCTCGTCCGTTTAAGGCGGGGGATTTTTCTTGTATGAAATTTTATACAAGGTAATTGTCATATATAATAAATGTTTGTCGGGGAGTAAAGTTAAGAGCATATGCTGGTCTGTCAGGGTTATTTGTTGGGTAATTTTCACTATTGCTTTAATAAATATTAATCAATGATAGACTTTTTTTGCAGAAGCCTGATTATTTACTTGATTTTATAGGCTTCCGAGTGTATATAATTTTAACTTCTTGACGTTTAGGAGGTTGTAGTGAACAAGAAAGAGCTCATCGAAAAGATCGCCGAAATGGCCGGTCTGAAAAAATCAGATGCTGAAAAAGCACTTAAAGCTTTTGAAGATGCAACAGTAGCTGCACTTAAAGCTGACGACAAAGTAACACTTGTTGGTTTTGGTACATTCTCTGTATCAGAAAGAAAAGAACGCAAGGGTAGAAACCCTCAGACAGGCGCTGAGATGACTATTCCTGCTAAGAAAGTGCCTAAATTCACACCTGGCAAGCTTTTCAAAGATTCCATCGACTAAGAAGAATATTT
CP179935.1_gap28	823587	827899	4312	GATTGTTCCTTCTGTGCACAGTCTTCTCACTTCAGTACCGGTGCGCCTGTTTACGGATTCATAGATATGGAACGTATTGATGCCGCTGCAAAAGATCTTGCTGCCAAAGGAGTTAAACGCTTCAGTATTGTTACAAGCGGTATCGGACCGAATGATGAAGAGTTTCAGAAGATCAAAGAAGCTATGGGCGTTATAAATAAGCATGGACTTCTGGCGGATGCGTCTGTTGGATGTCTTAGTTATGAACAGCTTATAGAACTTAAAGAAGCTGGCATGACGGCATACCACCATAATCTAGAAGTGGCTAGAAGCTATTTTCCAGAAATATGCTCAACACATGATTATGAAAGAGATGTCGAAACTGTGCGAGATTCAGTGCGTGCCGGTGTTTATGTCTGCTGCGGCGGGATATTCGGATTGGGAGAGAGCTGGGCGCATAGGGCAGAGCTTGCATTTATCCTGAGAGGTCTCAACGTTGATTCTGTTCCAATTAATTTTCTAAACCCCATAAAAGGAACTCCTATGGACAACCAGCAGGTTCTTAGTGAAGAAGAGGCTCTCCGTATAGTTGCTATGGTCAGGTTTATTCTTCCGAAACAGGATATCAGAATTTGCGGCGGGCGGAGTATTGTTTTTAGAGAAAATAGTGCAGAAAAGCTTCTCAGAGCGGGAGCTAACGCATTAATGGTTGGAGACTATCTTACTGTAAAGGGCGTAGATATCGATGATGATATGAGAGCGCTCGGCTAACTTATATCTAATTTATGCGGTAGCGGTGTCGGCCGACCGTTTTTATCTATGCTTACAAAAGTTATGTTAGTGCTGAATACTTCTTGCTCTCGTTCTGCGCATGGGGCATCGCCAAAAACTTTTACTTCATATGTGATAGATGTTGTTCCCTGCTTTACAGGTTCAACTTTAAACCTGAGTACAGATCCGTTTGCCACCTGATGTTTAAACACAATCTTGTCCATAGCTACAGTTACAAATGACACTCCTCTGAAATTTTTAGCTGCAGTTAGGAATGCGCATTCATCTATCCATTTTAGAAGAACTCCACCGAAAAGATATCCGTAGTGGTTAAGGTGTTCAGGTCGGACAAGTGTATATGTTTCCATTAGTTTAAAAAATCCTGTAATTTATTTTTCATCGCCTTCTTGCGGAGTTTTGAAAGAGCCCGTGTTTCAAGCTGCCGGACACGTTCACGGCTTATATCCATCAGCTCCCCGATTTCTTCAAGAGTTTTAGGTGCTTCTTCATTCAGACCGAAACGCCACTCTATTATTTGTGATTCACGTTCATCAAGTTCATCAACGATGTCGTCCAGAGCGGTTTTTAGTGTTTTCGAGATGATATCTTCTTCAATATCTTTTGTGCCTGATTCCAGAAGGTCGATGAAAGACCTGTCCTCTCCGTCTTTAATAGGTGCTTCAAGTGAGAGATAGTTTCTTGAAACCCGCAGAACATTCTCGATATCCGCTTCATCCATTTCAAGCTGTTCGGCAAGCTCGCTGGCTGTCGGTTCACGGTTTAGCTTTTTGTTGAGCTTTTCTGTAGCACCGTTTATCTTGTATAGGATCCCCGCCTGTTTGATAGGTAGTTTGACAGTACCCGACTGTTCAGCTAGAGCCTGAATTATGGACTGACGGATCCACCATACGGCGTAGGATATGAACTTGACATCTTTTGTATGGTCGAACCTTTTCGCAGCCTCCACAAGCCCCAGATTCCCCTGATTTATAATATCCGCAATGGGCAGACCGGTATTCCGGTATCTGTTGGCTATGGATACTACAAATTTTAAGTTACATAGGATGAGTGTGTTAAGCGCATCTTCATCGCCTGCCTGAATCCGCTCTCCTATTGCAAACTCCTGAGCTTTTGTCATGGGTTTGTATGCAGAGATAGAGTTCAGGTAATGCTTAAGTGAAGTCTCACTCACAGGAGCGGGCATTACTTTAGCTGTTGTTGCACTCTCATCTTCAGATTTTTCTTTTTTTTCAGTTTCTTCTGTTTCTCTCATTAAACCACCATTTGGTGAATTATAGCATACGGGGATACGTTTCGCTCTTAAGTTAAGAAAATTTTAAAATCATCTGGTTCCCGTCAAAGTCCAGCAGGCATTTGTCACCAGCTTTCAGTTCTCCTTTGATAATCTTTTCTGCGATAAAATTTTCTACCATCCTTCGTATGGCACGTTTCATAGGTCTTGCTCCGTACGCGGCATCAAAACCCGCTTTAACTATCTCATTTATGACATTTTTTGTCCAGTTAAGTTCTATGTTATTTTCAAGAACACGTTTAGCAAAAACTTGCATAAGTATCTCTGCTATTTCCGTAATGTGAGTTTCATTCAGAGGGTGGAACACAACGATATCGTCTATTCTGTTTAGAAACTCAGGTCTGAAATAGCCGGAGAGCTGACTTATGGCAATTTTTTGTATACTGCTGTATTTCTGTTCCCAGTCACCATCTTCAGCGAATGCATCATGTATCATATCGCTTGCAATGTTCGATGTCATGATGATGACGCAGTTTTTAAAGCTGACAGTACGCCCTTTGGAGTCTGTAAGCCTGCCGTCATCCAAAAGCTGCAAGAGCACATTGAAAACGTCAGAATGTGCTTTTTCAATTTCGTCCATAAGGATAACAGAGTAGGGACGTCTGCGAACAGCTTCGGTGAGCTGACCGCCCTCGTCATAGCCTACATATCCCGGAGGCGCTCCGATAAGCCTTGCCACGGAGTGTTTCTCCATGTATTCACTCATGTCTATCCTTACGATAGCATCTTCCGAGTCGAACAGGAATTCCGCAAGCGACTTGGCAAGCTCTGTTTTACCAACACCCGTAGGTCCCAGAAATATAAATGAACCGATTGGTTTGCCGGGGTCATTCAGACCGGCACGGCTTCTTCTGACAGATTCGCTCACAACTCTGATGGCGTTGTCCTGACCTACTACACGTTTATGAAGATAATCCTCCATGCGTATCAGTTTGTCTGCTTCCTCTTCGAGGAGTCTGGTTGCCGGTATACCTGTCCATTTGCTTATAACAGTAGCAATGTCTTCTTCGTCTACTTCCTCTTTAAGGATGCGTTTATTTTTCTGAAGTTCGCTCAGTTTACTGTTTGCTCCCTGTAGTCGGGATTCAAGCTCCACAAGTTTGCTGTACTTAAGTTCAGATGCTTTTGTCAGATCACCCAGCCTTTCTGCTGATGCCATTTCGTGTTTAGTTTGTTCGATCTGCTCTTTTATGTGCCGGACATTCTGTATCACGTCTTTTTCGTTTTGCCATGCAGCACGCATACTCTGTGCCTGCTCTTTAAGATTGGCGAGTTCATTTTCAAGTTTTTCAAGACGCTGTTTGCTGGCGTTGTCTTTCTCTTTTTTAAGCGCCTGTTTGTCTATTTCAAGGTGAGTGATACGACGTTCAAGCTCGTCCAGCTCTGTGGGCAGGCTGTCTATCTCCATACGGATTTTGGCTGTTGCTTCATCAATAAGGTCGATAGCTTTGTCAGGCATAAACCTGTCGCTGATGTATTTGTTTGCCATGTGCGCTGCTGCAACAATAGCATTGTCAGTAATCCTCACTCCGTGGTGAACTTCGTAGCGTTCTTTCAGCCCACGCAGAATTGATACTGTGTCCTCTACAGAAGGCTCCTTAACCATTACAGGCTGGAATCTTCTTTCGAGGGCTGTGTCTTTTTCGACATATTTCTTATATTCGTCGAGGGTTGTAGCTCCAATGCAGTGGAGCTCTCCCCTTGCAAGTGCGGGCTTCAGAAGGTTTGCAGCGTCCATTGCTCCGTCAGTTTTTCCTGCTCCGACAAGGGTGTGCATTTCATCTATGAAGAGCACTATTTCACCGTGGCGTTCTTTTATAGTGTTCAAAAGAGCTTTCAGTCTGTCTTCGAACTCTCCGCGGAATTTTGTTCCTGCAATGAGTAAACCCATGTCAAGAGCGGCTACTGTGCGCCCTTTAAGGGTTTCCGGTACGTCACCGTTCACAATCCTCTGGGCAAGTCCCTCGGCTATGGCAGTTTTACCCACACCGGGTTCACCTATGAGCACAGGATTGTTCTTGGTGCGTCTTGAGAGAACGTGTATGACACGCCTTATCTCTTCGTCACGTCCTATCACTGGGTCAAGTTTTCCTGCACGTGCTGACTCGGTAAGGTCTATGGTGTATTTATCCAGTGCGTTCATCTTATCTTCCGGATTCTGATCTGTAACACGTGTTGAGCCTTTTACTGACTCGTATGCTTTAAGCAGAGTATTCAGACTGTACCCGTTCGCAGAGAGTGCCGACCGGA
CP179935.1_gap29	880195	883280	3085	TAAGATTTTTGTTAGGTAAAAAATAAGAAAAGAAGAAAAAAATGAAAAAAATGCTGACTAAGGATAAAGCTAATATGTGGTATTCGGTATCTCTATGTGTGTTGAGTTTTAGTGTGTTTTGTGGTTATTTATCAACTGTCTACCTCTTGAATGGTTTGATTTCAATTTGCTGGGAAGAATGAACTGTTTACTCCCTTTTTGATTGATAGTGGAAGATGTAGTTTTATTATGTTGATAGATCTTCTGATAGCATTCATAAGAATATCTGATATTTCTAAATAAATTGACAAACCCACCTTATTCATCTAGTAATTATCACGAAACAAATGTTCATGGGGAAAGAGCGTATATAAAAATGATTATTGTCAACATGCCTGACGGAAAGGTGAAAGAGTGCAAACGCAGACGCGTTAAAGACATACTTAAGGAACTGGGACTGAACGAAAATGCGGTTTTGGTTGCGAAAGGGGATGAACTCCTTACTCCCGATATAACAATAGATGACGGTGACGAAATCCGCATCATTTCAGTGGTGAGCGGCGGATGAAGTGCAGAAAATGCAGTGAAAAGGCTCTGATTACTCTCCGGAGACATAATGCATCATTTTGTAAGGAACATTTCAACGAGTTTTTTATAAAGCAGGTAGAGAAAGGCATCAAAGAATATAAGATGTTTGATTTCTCTGATAAAATAATGGTTTGTATCTCCGGCGGTAAAGACAGTCTCGTCCTCTGGTATCTGCTCCACAAGATGGGCTACGAAACAACCGGAATGTATATAAATCTCGGCATTGGCGAATACTCTGAGAAATCTCTTAGAAAAGTTGAAGCATTTACAGAGAAGTTTGGGCTGAAAGCTGTTATTGTCAACCTGACAGAGCTGGGGCATCCTATACCTCTGCTTGAGAAAAGTGTAAAGCGTCATGCCTGTTCTATATGCGGTACTGCAAAGCGGTATTATTTTAATAAAGTGGCATACGAGAATAATTTTGATGTTGTTGCCACAGGGCATAACCTTGACGATGAGTCTGCCAGACTTCTGGGTAATGTACTTAAGTGGGATCCCGCATACCTGAGCAAGATGGATCCTAATCTTCCGGAGGAAGGGGACTATATCAAAAGGAAGGTGAAACCGCTGATAAGGCTCACAGAGCTGGAAGTAGGCGCCTTTGCCTTTATGAACGGAATAGACTATATAACAGATGAGTGCCCTAAAAGTGTGGGTGCGACATCTATGCTTTATAAAGGTGTCCTTAACAGTCTGGAGTCAGATATGCCGGGGACAAAACATTATTTTTATAATGAGTTTTTCCGCACAGTTGCCGACAGGTTCCGTGCGGACAGTGAAGAAAAAACAGAAATGTACAATTGCGCAGTCTGTGGTATGGAGAGTTTTCTCGAAACCTGTTCATTCTGCAAAATGCTGGAGAAAATGAAATGAGTAAACTTGAATACGGCTCGCTGTGTATTGCTGTCGATGAATTGAAAGGTAAGAGGCATCTTCTGAGGCTTAAGGATGGCGGCAGGTTTACCGCCATGTACGGTTATGTCGACCACAGTGCAATTGTTGAGGGTGGGGACGGATGTTTCATTAATGCGTCCAAAGGACCTGGATACAGGTTTTTTTATCCTACATATTCTGATTATGTAATGAACATCAAGCGCAAAGCGCAGATTATATATCCGAAAGACAGTGCCGCTATCCTTATGTGGGGTGATATCCGCGGAGGGCAGCGTGTGCTTGAGTCCGGTGTGGGGCAGGGCGCAATGTCCATGGCGATACTTAACACCATGGGCGGAAAAGGCGAGCTGATAAGCTATGAGATAAGAGAGGACTTTGCGGTACAGGCTGCGGACTTCATTCAGGAGTTCTATGGAGAAGCTGAAAACCATAAGATAGAGGTCAGAAGTGTCTACGAAGGTATAGACGGTGAGTTTGACCGTATAATACTCGACCTGCCGGAGCCATGGCATGTTGTGACACACTGCGAGACCGGTCTCCGCAACGGCGGGATAATAGTTGGCTATCTGCCGACGATACTTCAGGCTGTTACTTTTGTTGAAAACCTTAAATCTTCCGGTATATTTGAAGAGATAGAGACATTTGAGTTTACCAAGCGTCCATGGAAGATAGACGGGCGTTCTGTCAGACCGGAGATGTGGACATATAACCACAGCGCATTCTTAGTCAAAGCCCGTAAAGTTACAAGAAAACCTGTGGCAGAAGCAGCTCCTGAAGAGCCTGCTGATGATGTTGCTGAAGAGGAAATGCCGGCTGAAGATTAATTATATTCGCTGACTACTGCCTTGAAGTCGGAGAATTTAAAGAAGAAGTCGTTATTCCCTTTTTGCAGTGTTCCGGTTGTGAAGCCGAACCTGATGTAATCAAGAGTGTTTCTGCTGGTTGTATCATCTTCTATACAATCCATTACGACAGGTTCTCCCATCGGGTATTCAATACCGTTTACTGCTTTATCATAGGCGTAATATTTGCTTACGTTTGTCATGCTTACCTCCAGCGATGGGGTAAGACGCATATCTGCGACCATCTCTTTCCACATATAGACACAGATATGGTTTTCTGTACCGGTTTTTTGGTTACATTCTGTTCCGTTCTCATTACACCCTGAAACAGCTTCAATGCGCACACCGAAGAGGTTTGCGTCATTAGTGCCGTAATTATTCGGTATTGCGTCTCTGCTTCTGTCATAAAAGCACCCGGTACCTCTTAAACCTGAGTTAACGCATGCTTGATTAAATATGTCCAGTGTGTCTGAGTGAGAGGTTTTATGAACGACATTCCCGTAGCTGGAATATCTGCCGTTGCCGTCTTTTACTTTAGAGTAGGAGTCTATGGCTATATGGTTGTTGTTTATATCGTTTTCACAGCGATCCATATATAGGTCAAACTCCACTGCAAAGCTGTTTCCCCCAGGAATACCGCTTGCATAGCTTTGGCATCTTCCTCCGTATCCCAGCCCGCTTCGAGTTTGCCCTGCTGCGCGTTCGGTGGTGAATGATGTGCCGTTTTCACGTTCGTATCTGCTGCGGATAACTGCGAACGTAAACCCCATAGGAATGCGCCA
CP179935.1_gap30	931017	932679	1662	TTATCATCAGCGTTGAGATCGACTTCTTTCATCATTTCAAGCTGTCTTTTGATTTCATTGTTTTCTTTATTAAGGAGTCTGTTTTTTCTATAAAGTTCTTTATTCTCTGCAATTAGTTTTTTGTTCAGCTCTTCGTGGGTTTCCATATATTCACGTATTTCATTCTGATTTTTAAGCATATCCGCAGATTCTTCCAGCTTTTCACTTAGTTCTGCATTCAGCATTTCAGAGCATATTATGCGTTCCACAAGCCTTTTTATCTTTTCAGCATATACGGCAAAAGCACTTTCGGGATATTTTTCTAAAAGCCTGTCTGAGGTAAAGATTGCTTTCTCTTTGCTGAAGTACGGGCTTTGGGGGTCTGCAAACAAAAGGATATATCCGAACATCCGTTTGTCCTCCTGCTGTTTATGAGATTGTTCGAGGGTAGCATATGCCTGTTTGTAATTTCCTCTGTTCATGTAGGTTCTGAATATTTTGTCTGATTTGTCCGGAAGCAGTGCGCACCCGCCGGATAAAAATATCAGGCATAGCGCAGAGTAAAGTAGAATCGGGTTCCTTCCCCTTTGGAGCTTTCTGCCCATATCTCTCCTCCGTGTCTTTCTATTATTTTTTTGCATATAGCAAGTCCCAGCCCTGTGCCTTTGTATTCAGTAGATCTGTTGCTTCCAAGCCTGTAGCGCTCGAATATTTTTGAAAGTTCATCCTGAGATATCCCTATCCCTTCGTCTTTTACACAGACACACAGGAATTCGCCGCATCTATCAGCAGAGATGGTCACATGTGTGTTTTGGTCTGAGTATTTAAGTGCATTGCCCAGAAGATTTACAAAAACTACAGCTATCTTTTCAACGTCCACAAGCGCTTGGACTTCACCTTTGCTTATGAGTGACGTTACAGTTATATTCCTTCTCTCGGCTATAGGAGCAGTTTTTTCTATTGCTGAATGAGCTATTTTTCCTATGTCTGTCTGTTCAAAGTCATAGTACTCTTTTGCCATGTCAAGTCTTGTTATCTCAAGTATGTTGTTGACAGAATTTATCATTCTGTCGCTTTCGCTGCTTATGATATTCAGTAGATTGTTTGACGTTTCTTTATCGCCTCTGAAATACTCTTCTTTCAGCATTTCGGAAGCTTCACGGATAGATGTCAGTGGTGTGCGCAGTTCATGTGATACGTTTCCGATGAATTCTGACCGTAGTTCATCGTTTTCCTTCAGTCTGTGCACCATTACGCTGAAGTCCTCTGCGAGCTGGCTTATTTCGTATGGACCATCAGAGTTTATATTGTCGGGGTAGCTCCCTTTTGCTACAAGGTGCGTGTTCCCCCTGAGTTTCTTTATCGGAATAACAATATTTCTGGTATTCAGAAAAGCGAGAAGCACAATTAATATGAAGCCTGAGAATATAAATATGAATGCCGCAACCTTCACCTGTTCAGATAGTATTCCTGAGATTTTCAGGCTGTTGCTCCTCTCTTTCATTGCAATGTCCCTGAGCCCTGCGATGGCGTCGGCAACAGGCTGTATATCCGGCTGAATAGTCTCCTTGCTCCTGTTCAGAAGATAGAATTCGCTGTCAGTAATGTATTCAGTGTAAGCAGTCTGGAGACTCTCAAAGGCTTTTAGTTTAGTGTTATCATTTATCAGTGTTCTGATATCGT
CP179935.1_gap31	979237	983428	4191	ATAATCGTTTACAGAGTCAACTCTTATAAGTCCAGGTTCAGCTTCAATGTGACAAGAAAGACATGTTTCGCCAGATATATCACTAAAAGATATATGAACAGCATGAACTTTATTGCTCAATCTGACTTTCTTTCCTGTCTGGTGGCAGTCAAAGCAACCTTCAAAGACTTTTTTCGTTATATGTCCATCAGGGAGGATATCCTGAGGTGTTTCATGGCATTCACTGCATTTAAATCCTATTTCTCCGGCTGATACTGCGGCGAATGAAAATAGAAATACTGCTGCAATTGTTAATATATATTTCATCTTATTACCTTGTTTTTATAATGATTTTATTGCGGTCGCTTTTCAGGGCGACCGCAAAATAATAGTGAAGTTTTCAGGTCAGAATGCGTATATGAATTTAACCCAGTATTTTTCGCCTTCTGTTCTGTTCCTGACCATTGTTTCTTTCTGGTATTTTGCTATGAAACTCATGTTTTTGTATTGATATTTCAAAGCAGGTCCTATGGCAAGTACCTGACCTTTGTAGTTATCTACAGTGTGTCCGTTTTGTTCATCGTCTGTCACCTGTTTGTAGTAATATCCGCTTATGCCTGCAACCCAGTTGCCGATATGGTAGCCTGTGTGATAGTCAAAGTGGAACTCCTGACCGGTTTGGTAGTCTGTATCATTGTTTTCAGTATTAAAGTCATACATCGCCTTTACAGAAGCTTCATAGCCACCATCGGACAGATAAGTAAAGCCAAGAACGGGTTCTATCGAGTAGTAGTTTCTCCCCACGTTTACAAGTTCATCTTTGTCGTATTGTCCTGTTGGAGCAGTTATGTCAAGCCCTGCGGCAAAATTCCAGTTTTTTGTGTGCCATGACAGGTTTGTCCCAATTGTTATATCACCAAGTCCGGAGTCGTCATCGTCCATTCCCATGATATCCAGATCCATATCCATAAGAGGGATAAGGGTGTGAAATCCTATAAAACCGCCGAGAAACTGTTTATCAGTGATGTATATAAACCTGAAAACATTTGCTTTAACCTTAAGATCAAGATTGACATGCTGTTCGTCACCATCGTTATCAATCATCTTGTCTGCGGTGTAGTAATTCGTATAGTTGATGAAGTAAAATCCTGGTGGCGGTATAGCACCTGCCATAATGGACTCTGCACCGTTAGGATAAGAGCTGCCGCCGCCTTCACTGGCATTTGCTGTGAAAGAGAATGTCAGAGCAGCAATGCTTAGTGTAACCAGAAGCATTATTTTGTTTATTGAAGACATAAAAATACCTCTTATTTAGTTTTTGCAGCGTATGCTGCTGCGTTTACACCGGAAAGGCGTCCTGATGTAGCTGCAAAAGAATACGCAGAACCTGAAGCCCAAAGAGTGTACGTTCTGCCGTATTGACCGCCTGCATCACATCCAGCTGCGTAAAGCCCTTTGATGATTTCGTCTTTATCGTTGGTTACTTCAAAGTCAGTAGTAACCCTTGCCCCGCCGAGCGTTGTAAAAAATGCCGGCTGAACCCTTACAGCATAGTAAGTTGGATTGTCTATAGGGATAACTGTTTCAGGGTTTCTGCCGAATTTTTCATCTTTGTTTTTAGCAGCGATCTCGTTATATTGTTTAACAGAAGCCTGAAGTTTTACAGGGTCTGTACCCATCTGTTTTGCAAGATCATTAATGGAGTCAGCATAAGCAACTTTTTTGCTTCCGGCTGCTACGGCATTTTTAATTTCCTCTCTGATTTTAGTGAATTTTGTGCCGACAGGGATCAGAACACCAAGCCCTGTTCTGGAGCCGTTTTCTTCGATGTATTTTACGGTGTTTTCGTCAAATACACTCCAGACATAAGCACCTCTCTGGGCTTCTATGATATTGCCTGCTATGGCAAAGTTGTGGACGATGGTTTCATCTGTTACTCTGTCGCCGTATTTGTTTACCCAGAGGTTTGGTTCCCATGTCATGCCGAGAGCATCTCCCATAGGAGGGAGGTGTTTATCAATAATAGCTGGGTGAAGCATAAGACCGAGACCAACAGTATCTGCACCTGCATCTTTTGTCATCTGGATTCCGTCACTGGTTTTACCAAGTGGGATGATCTGTTGAACTTCTTTTGAGTTAAAAGGAGTCCATTGGTCTATCTTGTCTTTACTGTCGCCGAAACCGCCAGTCGCAACGATTACAGCCTTAGCTTTTATAATGACTTTATTTCCTCTTTTATCAACTGCTTCAACACCTTTGACAACACCTTTGTCTACTATAAGTTTTTGTCCGGGTGTGCTGTACATAATTTTAACACCCAGTTCTTCTGCTCTTTCCACCATTCTTGTGATGAGAGCAGCACCGTGGTGTGCGCCTTTGTAGTCCTGAACCAGATGCCAAACCTGAGGTTCTTCTGCTGACATGCGGAAGACTTTGAATTTTACGCCTTCACCTTTGAGCCAGTTGATTGTATTTGTGGATTCTTTGATGTAGGTCATAACCAGCGCTGGGTTAACCTTGTAGCCCTGATTGATTTCCATAGACTGTTTAAATACTTCTTCGGGAGTAAGATCAACAAATTTTAATCTCTATTCTTCTGTCTGAACAGCAAAAAGACCTTCTGCGAAGTTTGAGCTTCCGCCTGCAACTTCCTGTTTTTCAAGAGCGATTACTTTTGCTCCGTGTTCTGCTGCTGAAACTGCCGCAGAAACACCAGAGCCTCCGACACCTATGACAACTACATCTGTTTCATAAACTCTGTCGCGTGCGTACGCTGTCATCACAAACATAGATAATGCTGTAACAACTGCTGATACAAATAGTTTTTTGATAACCCTTTGCATTTTTTCCTCCTAAAATATTCGCCGGACTTTTAATCCGGTGTTATAAAAATGATAAAACTTTTGTATTGAATCCACTATTAGGCGAATTACTGCATAATTCGAATGATTGTCCTTATGTGTGAATATAGTTTTCAGCAGATGCGATGAAATTTCCCCTATAAACCTGCGGGAGATTTACCTATCTGATTAGAGCGTTTTTTCTTGTTTCCTGTTGAAGTAAAGTTGAAGTGGAATGCATTACGAAGGCTCCGCCGAATATGCTAAGGGCAGAGGAGAGGCATACAGCGGTGAAGATTCCGGAGCAGCTATATAAAACTGAACTTACGAGTGCTCCTGAAGAAGCTCCTATGCCCATGATAGAGTTGAATCTGCCTATTGATCTGCCGAGTGCATTGCCTTGTGCGGATTCTATCAGCATGGAAGAACATGCCGGTTGCGATATAGCATTTACAAAACCGTACATACATGATGATACAATAAATGAATCCATACTTTCTGCTGAAAAAATCACAATAAGCAGTAGACCGGACATAACACCTCCGGCAGATAACATGATTTCTTTCCTTGCTTTGTCTGCCAGATGTCCTGTAATTGGCAGAGAGAATGCTGTTGCAGCGGTAGCAAGTCCAAGTGTCAGCCCTATATATGACTCTTTATAGCCTATGAGGTGCATATATATGGGCAGTAGCATTGCCATTGATGTTACAGCCCACCCTTTGAAAAAGATATATACATAAAGTGCTTTGAGCTGTTCTGGTTGTGTGTGACGGGGTGATGTTATTTTTTTATCTGATCGGTAACTGATGGTGAGTCTATTCTTAATGAAAAGCACAAGTAATATGGCTGATAATGTACAGATAAGCATTATTATAAAAATAACGGAAAATCCGAAATATTCTTTGATAATCCCTCCAAAAACAGGAGCAGTGGCTAATGCCAGATAGAAGGAAAGATCAAAAGTTCCCAGTGTTTTACCTCTCTTGCCTGTTTCCGCATTAGAGCCAAGGACATAGTGCATCACAGGGCGGAAAAGAGCGCATGCCGACCCCTGCATGATTCTTACTATAAGTATAAGATTTTTGTCATTAGTAGCATAGTAGGCTATTGAAACCAGCAGGTATAAGATAAGTCCTGAAAATATAATCCTGAAGGCTCCATGCCTGTCCAGTAATTTACCAGCGAGGGGGCTGAGACTTATTTTAGAAAGTGAATACAGAGTAAAAGCCAGACCGATTATGAAACCGCCCGCCTTAATTTCTCCCATATATAATGAAAATAGAGAATCATTTATTCCAAAAGCAAATGTTATCAGGAAGTTAACGACAAATAAAATAAAGTATGTTCTCTTCCTCTCAGCTTCGGGCATAAA
CP179935.1_gap32	1093409	1096078	2669	AAGTTCCACAACTGCTCAGTTGACAGCTCCTTTATCAAGGGAACTATCAGAGGCAACCACGGCGACTATACAGTCACCCTGAAGATTGACACAGATCCTATCGAGTATGAATGTGAATGTGAAAAAGGAAAAGATGTTTTCTGCAAGCATGCCGCAGCTTTGGGGCTAACATACATCTATACTCCCTGGGTTTTCGCCAGCAATCAGAAGCTGGACAGAAAAGCACTCCGCACAACAGAAGAGATCAAGTTCTATATCAAAACAACATCGCTTAAACAGTTACTGGATGAATTGAAAAAGATTAATATTTCAATCTCTCAGCTTGCCGAACTCAGCGGTGTACCCATGAAGAGAATAGCATCGCTTGTTAAAGATGATGCTAACGGTAAGCATCACAATATTACTGACCCGCTGAAGCTTTCGTGCCTCTTTCTGTTGGAAAAATATTCTTAGAGACAAAGCCCCTCAGTTAAATCAACCGAGGGGCTTTTGTATTTAAAGTGCAGTTTTAAGAACTTGTTCTGATACTTTAAGGTCGACGTCCCCACGCTCTGATAGGGCAAGCATTTTATGTTTTTCTAGGTTTGCTAAAATATCTTTTATATCTGCTGATTTAAGTCCATAGTCAGAAAGCCTTGTTTTGATACCAAGACTATTAAAAAACTCTTCAGTTTTAACTATTGCTGCTTCAATGCGTTCATCTTCGCTGCCTGATGTTATTCCGAATATCCTTTCGCCGTACTGGAGGAGCTTTTCTCTCTTCTGATCTTTTCTTACTCGCCACATGGCGGGGAGCACCACAGCAAGAGTTTTTGCGTGATCTATACCGTAGAGAGCAGTCATTTCGTGCCCGATCATATGTACAGACCAGTCCTGCGGTACACCGGAACCGATTAGACCGTTCAGCGCCATAGTTGAACACCATACAAGGTTTGCACGTGAGTCATAGTCTTTGGGGTCTTCGATAGTTTTGCTGCCAATTTCTATAAGAGTCTGAAGTATCCCTTCGGATGTCCTGTCCTGAAATCTACCGTCAACAGGGTATGTAACATATTGCTCTACCGTGTGTACGAATGTGTCTACAACGCCATTTGCAACTTGTGTTGCAGGCAATGAATATGTATATTCCGGATCAAGTATTGAAAAAACTGGGAATGTCCCTGCATTAAATACGGGCATTTTATCTGTCCCTTTTGTTACAACGCCCCCATTGTTCATCTCTGATCCTGTAGCAGGGAGGGTCGCAACTGTGCCTAACGGGAGAACATTTTTCACAGGAGTTCCTTTAGCGCCAAAATATAGAAGCTCTTCCTCTTTGCCATAGAACTCTTTTGCCGGAGCTGTTATTGCTATGAATTTTGTCCCATCCATAACAGAGCCCCCGCCAACAGCCAGAAGGAAGTCTATACCCTCTTTTCTGACAATTTCCACAGCTTTCATAAGGGTTTCAAATTTTGGGTTCGGCTCTATACCTCCGAACTCAAATACCTTTCTGTCTGACTTGGCTAGCTCCTCTTTAACAGCGTTCATCACACCATTTTTGAAGATACTTCCACCGCCGTATGTTATAAGTACCTTAGCATTTTCAGGTATGAGGCTGTTCAACTGCTGAACCTGTCCCTTGCCGAAAACTATCTTTGTGGGATTGCAAAAAACGAAGTTATTCATTGTGTCTCCTCTTTATATATTTGTTACTTATCTAATATAGAGCATTAAGAAATATTTTTAATACCTGATTCTATATATAAATTGCATAATCCTTTCAAATGCTATACTTTATGACCTTAAAGACTCATAAAAACATATCAAATACTGCCATGATGCGGAGTCGTCTAGTGAATCAACATGCAGAAATCCTAAATCAGTTTGACCTCAAAGAGGGGGTAACGCAATCACTTCTTGAAAGTGTCAGATTGTTTAAAGTCACTCACGAGAGACCCCGTGAACCTCTTTTGTATGACCCGTGTATGTGCATTATAGCACAAGGGCACAAAGTCGGCTATGTCGGAGACAGAACATTCAGATATGATCCTGAAAATTACCTTGTTGTATCAATAGCCACTCCTTTTGAGTGCTGCACTTTTGCTGATGAAAATAATCCTCTGCTTGGCATCTTTATAGATATTGATATGGCAATGCTTCATGAGGTTATACATGCCATGGGAAGTCAGGTAAGAACTGTCAGTGGCGGAAAGCTTCCCCAAACAGTTGGTCCGGCTGTAATGGATAATGAAATGTTTGATGCGGTCAGTCGTCTGCTGAACATTCTGCGGTCTGAGACAGACGTGAAAGTTTTAGGAACCGGGCTTGTGAAAGAAATACTTTACAGAGCTCTTAAGGGGAGTCAGGCTCACCTTTTGTATGCCCTTGCTGGATTTGACGGCAGTTTTGCAAATATTGCCCATGTACTGCGCCGTATTCATATAAACTACAACGATAAGCTTGATGTAAACTATCTTGCTGAATATGCGAATATGAGTGTTTCCTCTTTTCATCGTGCTTTTAAAGAAGTGACATCCGAGCCGCCCATGCAGTATTTAAAGAAAGTCAGGCTTACAAAAGCGAAAGACCTCATAGTTAACAAAAGGTTGAAAGCATATTTAGCCGCACAGGAAGTGGGCTATGAAAGCGTTTCTCAGTTCAGCAGGGAGTTTAAACGCTACTTTGGT
CP179935.1_gap33	1249313	1253309	3996	CATGTAACCTGAATCTTCAAGAATTGCTATTGCAAAGAACATAAACAGGATAAGCGGTGCAAAACCAAGTACCCCACCGACACCATCTATAATACCTGATATTATCAGAGATTTAAGAAGCCCGTCATTGAGTCCGGCATCAACGATGCCGGAAAGCCAGCCGAAAGCTGTCTCAAGCCAGCCGACAGGAAATTCACTTGCCCAGAATGTAACTTCATATATCCCGTAAAGAAAAGCAATCATCAGAAGAGGTCCGAACAATCTGTTTGTCAAAACCTTATCAATCTTATCACTCAGAAAGAGCCTGTCCATATTTGACTCTTCTGCAACCACAACCCCTTTAAGTATTGAGTTAATAAATCCATACCTATAATCAGCAATGAGGTTTTCCGCAGTGACTTTAAGTGTAGAACGCAGATGGTTATTAAGTTCATCTGTAATGTCGAGCAGTTTTTTGTGCACTTCCATATTCAAGGCACCCTGAGCATGCACCTGTTCATCATTCTCAAGATATTTAAGAGCAACCCATCTGGCAGGGTATTTATCTGTCAGAAAATCGTTTTTCTCTACTATAGGAGTCATTTTATCAAGAGTGGAGTCTATATCCTGACCATAAGATATTTTGAAATCCGGTTTAGGTTTGCCACTGTTGATAAAATCGTCAATTCTGTCAAGGAGTAGTCCAGTACCTTTATTTTCTCTTGCCACTGTCTCAACAACCGGAGCACCCAGCTTCTTAGCAAGAAGATCAACGTCAATATGGATATTACGTTTCTTTGCAACATCCACCATATTGAGCGCTAAGACAACAGGCACTTCCAGTTCCATAAACTGGACAAACATATACAGGTTACGTTCCAGGTTTGATGCATCCAGAACATCCACCACAACCTCTGGTTTTTCATTAACAACATAGTCTCTGGCAACAACCTCCTCAAGAGAATAAGGACTGAGGCTATATGTTCCGGGAAGGTCAACGATATTAAAAACTGACCCGTTGTGCTTGACAGATGCTTCTTTCTTTTCAACGGTAACACCGGGATAGTTCGCAACGTGGTAGTTAGCCCCGGTAATATTGTTAAACAGAGAGGTTTTCCCACAGTTAGGGTTTCCGGCAATCGCAATATTTTTCATAATTAATCCTCAACTTCTACTGTGATATGGTCAGCTTCGTTGTTACGAAGACTAACTGTAAAACCTCTGACTTTAAGAGCCACAGGGTCCTTCAGAGGAGCCCTACCTACGATCTTGATTTCTGCCCCGGGAGTCAGCCCCATATCATTAATACGCTGACGCAGTTCCCCTTCGCACTGGACACTTGTAATGCGCCCCTTCTGATCTTTCTTCATACTTCTCATGGATATTTCCATTACACTCTCCAAAAAATAACATAATGGTAAGATTACAATCTTGAAGTCAAATAAAATTCTGACATATCAAAAGCCTATAATTCCTTTCCAAAATCTGTACACAGTATTTCTATGATAACGATTTTCAATATCATTACCTTACATACAAAAGTAAGTCAATATAAAAAAGGATAGTTTACACCTATTTCTTTCTAAAATGATACAGATTGTTCTGCCTATGTGCTTAATACATATCAAGACGCTGATATATTGAAAACTTAATCGATGTTGAGGTGGTGTGATTCATGTGAAAAATGTACATTGAATAGTCGATAATTCATATATAGAAATAATTTAATTGTCTAGTTTTAGTTTTATTCAAAAAAAGCGGATCCTTTTCAAGACCCGCTTTGTATTCTTATAGCACCTACCTGATGCAAATTAATTTGCTCAACTAAACCCAGAGGCACACCCACCGGAAAAATCGTTCTTAACGGAACTGCCTGATGAAGCTGAGACCCTGGATATTAATTTTTCACAATTTTCACTTTTGCATATGGGGCACTCTATTTTAGTATCCATATTGAAAACAAGTTTAGAAAACTGATTATCACACTTTTTACACTTGTATTCATAGATCGGCATAAGGAATCCTAGATATATTTTTTCAGAGCGTCTTCGTATACACCTTTTGGTTGAACACCGATAAACTGCTCAACAACTTTTCCGCCGTTAAATATCATTACAGTAGGGATGCTCATGATGCCGTACTTTGCTGCAAGCTGCTGGTTTTCATCTACGTTAACTTTACCAACTTTCACTTTACCCTGATATTCGGAAGCAAGAGATTCAATAGTTGGGGTGAGCATTCTGCAAGGTCCGCACCATACTGCCCAGAAGTCTATGAGAACAGGGGTTTCCGCATCTAATACTTCTGTCTGAAAACTGGCTTCGTTAAGTTCTGTTGCCATGTGATTCCTCCTCAGTTATCTGTCTTAGTAATAGTATACAATTTTCCTCATTTGTCAATGCATATAGAGTATATATTGCAATATTCATATATAATCATTTTAAACAAAAATGCAAGTAAATCTATGCATACACTCAACACATTTTTCACATGAATTATATTTACAATCATTTATTATACCGAGCCTTGTTAATGCAAAATCATACTTTGCAGGATCATCCGCGTTTAATTGTTTAAAGAAAGTGCTCACTGTTTCCAAATTCTTTCTGGTGGCAGAGTCATTATTTATAATATTGTTATTTTTAGCAAAACGAAGGATATGGGTATCAATAGGCATCAGCAGTTCAGACGGTGAAAATTTCTTCCACAGTCCAAAATCAACGTCATCTTTGCGAACCATCCACCGCAGAAACATACGAAGTCTTTTAGCTCCTGAAGTCCGCGGGTTGGGAAACAGGAAAAAGAACCCCTTTTCAGCACCCTGACACATTCTGTTTACGACTTCATAAAAATAATCAATCCCCTCTTCCAGAGTGTCACGGCGGGCAAAAAGGTTTTCAAGAGAACCATATTCACCGTAAAGTCTCTGCATAAACTGAGAATAGTAGTGCACATCAGATACAGACTGAAACCTGTAATAGAGCCCTTTGCTCTCAGAGTTTAATTTCTCTGGCTCTGTTCCGTAGTGTTCAAAGAAAGAGAGCAGGAATGACTTGATAGCTTTTACGTTCCCATAGGCAAAAGAAGCAGCGGTCAGCGCTATGAACTCTTTATCCCCTTCAAGCGTGTGGGGGTAATGTATGGGGTCAGTATGGATGTATTCTCTTTTATTATACTGTGCATAGATTTCTTCAAAAAAGGTTCTGTATCTGGTGGTGGCTGTCACTCAGACCCTCTCCAGAAGAAATGTATTAAGTCTTTTCATATTAATATCAGCACGGTGATAGCCAAGGCTTTCAAAAAATTCGTAACAGTTAAAATTACCTGTTGTTTCAGTCTTCAGAACAACATCCTTATCGCCAAGGCTAACAACGAAAGATGCAGCATTAAGCACCTTCTCGTCACCTTTCTTGTTTAGTTTTTTATAAAACGCCTCACCTTTCAGATACTTATCACGGAACAAAGAGAAAAGATCCTCTCTAAAAGTTAACCTGATATAAGTATCAAATTTCTTTGGGTGTATTGTAAATTTATTGATAGAACGGACATTTACACCTGGCGGCATAAAGCTATTTATCTTTTCCAGAAGCTTATTGATATCTTCGATAGGAGCAGACTCAAAAAGTACAACTTCATTGTACCCTTCCAGTCCGGAAGATGCCGCCTGAACATAACTCAGCTTCGGCTGGGGATTAAACCCTGCTGAAAATTTCAGTCCGATATCTGCCAGTGTCAGAACGTGTGTGAATAGTCTCTGTGTCTCAATAGCAGACAAAAGGCTCATACGATCTACCTTACTGAAAACAAGGGCATATCTTTCAAACACGTCACTTTCTGCCGGAGCAGTATCAGTATTAATTGATGCAGGTAAAGAAAATTCATTCTTTACAGTTTCAAAATCACAAACGCCGCATTCGGAGCAGTTGCCGTTTGTACAGTCATGTGTTGCAATCAGCTGTTCAGACCTTTCATACTCACGCCAAAGAAACTCTTTCCTGACGCCTACATCGATATTAT
CP179935.1_gap34	1309756	1314628	4872	CTCTTCTGCGGTTTTGATTTTTCTAGCCATGCAGTACCCTCCCGAAAAAAATTAAAAAAAGAAAAAGAGGGCTGTGTTTGTTTACACTGCCCTCAAATATATTTGTCTAAGTAGTTAATTACTGCATAAGTTCAGGTTTGATGTACTGATCAAGTCCTGCTTCTTTGTAGTATTTAAGAGCACCTTTATGCATAGGAGCTGTAAGCCCTTCCAACATGCTCTCTTTTGTTATAACGGCATATGCCGGGTGAAGTTTTTTGAATTCTTCAAAGTTTTCAAAAACTTCTTTTGTGATCGCATAAACTACATCTTCGGAAACATCTGAAGATGTAACGAAAACAGCTTTAACACCAACAGACTCAACATCAGATTCATTTACTGCTGTAGGGTAGTTGGAGATAGCGATTTTTGATTTTGCATAGTATGGGTATTTAGCAATGAGGTTATCAGCTGTTTTACCTGTAATAGGAACAATCTTAACCTTCACACGTCCGGATGTAGCCTCTTTGATGTTACCGTTAGGGTGACCGACAGTATAGAAGAATGCATCAATTCTTTCATCCTGAAGGAGACCTGGAGATTCAACAGCTTTTGCGTACTCAGCTTTGATATCGTCTTCTGTAAATCCGGCAGCTTCAAACAGATCTTTAGAATTCTGGAGCTGACCGGAACCAGGGTTTCCTATGTTTACAATCTTACCTTTAAGATCTTCAATAGAGTTGATACCACTGGCCTCAGAAGCAATAAGAGTTATAAGCTCAGGGTAGATAGAGAACACAGAGCGAAGTTTTGTCTGAGGTCCTCTTTCAGACCATTCTGCCTGACCGTTATATGCCTGAGACTGTCTGTCCGACTGAGCGACGCCGAATTCAAGGTCGCCGGCGAGAACAGCGTTAATGTTATAAACAGAACCACCTGTTGACTCAACAGTAGCTTTGATTCCATATTCAGCGGCTTTCTTATTAACAATACGGCTAATAGCGCCGCCAGTTGGGTAGTAAACTCCTGTAACGCCGCCAGTACCTATTGTTACATAAGTAACTCCTGAAGGTTTAGCTGCTGCTTCCTCCTTCTTTTCCTGTGCAGGCTGCTGTGAGCAACCAAATGCAACAAAAACTACGAGAAGCGCCAAAAGTGCAAGTCTTTTCATTCTTTCCTCCTAACATAAATTACATTAAAGTAAACCAAACTCAGGTTAACCTGTCAATCTTTTTTGATCATATTTAAAGCACTATCAAACAAGAGATTCATAAGCATAACTGAGCAAAACTTAATCATAAACTGTATAGGATATTAACACTGTCAATGTTTTCTTTTCGTTAAGCCTTATGGATTAACAGTCTGAAGTTTATAACCTATGTTAACTAATCTTCATATATTTTTGCGACACCTGTTCTGTATGCTGCCGCTTCAACATCCTTTGCCACAGCCTCATGAACTTTTTTATCCAGGATGTTTGGCACAAGGTCACCCTCAAGAGCAAAAGACGCTATGGTTTTTGCCGCAGCGATTTTCATTTGGTTATTAATAGTAAAAGCATGAGCCTGCAAAGCACCCTTGAACAGACCAGGGAAAGCCAATGCATTATTAACAGACTTTCCGTCTGCTGCAAAAATAGCGCCGTGCTTCATTGCGAGATCAGGATCTATCTCCGGATTCGGGTTAGAAAGTGCAAGTATGACGTGCCCCGGCTGTATCATATCCGGTGTTATAAGGTCAGGGCATCCTGTTGTAGCTATGACAATCTTAGACTGCTCTACTACTCCGCGAAGATCTTTGGGACTGCCGCCGAGGGATTCAAAACGCTCAAGAGCTGACTTGTCAAGGTCTACACCATTAAATTCTTTGATTCCGTATGATTTAAGCAGTTTCATGATACCTGTCCCTGCTGCACCGAGACCTATTATCCCGACACTGGACTCTTTCAGGTTCACAAAAGTGTATTTAGCAATGTTCAGCAATGCTGCAAGCACAACAACAGCAGTACCATGCTGATCGTCGTGTAGAACAGGAATATCTAGCATTGCATCCAATTTATCTTCTATTTCAAAGCATTCTGGTGCTTTTATATCTTCGAGCTTAATAGCGCCGAAGGTTGGGGCTATATGCTTTACTGTCTCTATGATTTCTTCAGGTTTATGAGTTTCCAGCAGTATCGGAAACCCGTTTATGCCGGCAAGCAGACTGAACAGAAGAGCCTTCCCTTCCATCACAGGCATTCCTGCAACTGCGCCTATATCACCAAGACCAAGGATAGCTGTTCCGTTTGTGACTATTGCAACATTATTTCTGATAGATGTATACTTATCCGCAAGTGCTTTATTGTCATGAATTTTCTTGCATATGGAAGCTACGCCCGGGGTATAAATTATCTTGAGGTCATCAATGGAGTTAATGTCTACAGTGGGTTTAACAGCAATTTTGCCATTAACATGCATCTTCTCCACAACGTCTACAACTTCTATAACATCTGCGCCTTCGAAATCTTTAATACTTGATAGGATGTTATCGAGCACATTATTCTCGTCAGCATAAATATCAATATCTCTTATTTTATAACCTTTGCCGAGATGTACAGTTTTAATATCCCCGATCATGGTGCTGTTTGCGCCTATGATCGATGTAATATTGCCCAGATAACCAGGCTTATCAATTATTTTGATTCTTAATGTCTTTATGACTTTATTAGAATATTCAATTCTCATTAGTGCCTCCGTCCTCTTCTGTCAGAAAAATTTCCCATGTCAGCGGTTCATAATAGTTACACGATTTTTTAGGAGTTTTTATATACCTTCCCATAGAGGCACATTTAAGACTGAATGTATTCTTCATCTCTGTTATTAATAATCTCCTGAAATGAAGACAACACCCGCACAACGACTCCTCAATATTAATACTCATAAAAAAATATACCCCTAGAGCTATAAAATGTCTACGCTATTAACAAGACTATTTTGGTGTTTTACAGATTCTTATAAATTTCCTGCTGATCAGCGAGCCAGTTAAGACCTTCAAATTTAATCTCAGATATATCCTGTTCAGACAGTTTCAGCTTATCCAGCACATGCTGGTTTACATCACTGTGGATGTCATCTGTTGCTTCCAGCAGTCCCAAAAGCTCGCCAAGCTCATTGTCTTTATAAAGCAGAGCATGTTTTATCTTTTCGCTTACGTTTATCATCTCAAGCAGTTCTTCTTTTGAAATGCCGAGGATAACATCCAGATGTGACAAAAGCCCAATAAAAAAAGCGTCAGCAAGTCCCCTATAGTTATCACCGAAAACCTTCTTGGCAAGAAGCTCCAGTATATGAGCCTTAAGCATGGAAGTTTCCAGCAGTGTGGACTTAACCGGGTCTCCTTTCTTGCCTGCATAAAGCATAATAGTCAGCCATTTACGCATTGCTTCGCGCCCTATCAGGTTGAGTGCGTGCTTAATGCTGGTTATCTCGTGGCGCAGACAAAAAGAGCATGTATTTATAAGTTTCAGGAGTTTAAGTGTCAGCTCAGGCTGAAGCCGAAACTCCCTTTCAATCTCGCCAATATCTGTATTTTGTGACAGCTTTGAAAGCAAGCGCAGTATGCAGGCTTTAGAAGGTTCAATGTTCTTTTTCTCTATCACAGCCGGTTTCTCGAAAAAGAACCCCTGATAAAGCTCAAATCCGCAATCCTTCGCAAAAAGAAAGTCTTCTCTTGTCTCAACTTTTTCAGCCAAAAGCATCATGTGTCTGCCATGAAATATCTTTTCCACCCTGTCCATCTTAGCCAGACAGTTTTCTTTCATATCGACCTTCAGATATTCCACATAGGAAAAAAGCGGCATAAACATACTAAAATAATCAGCATTCAGAACAAAATCATCTAATGCAAATGTATACCCGTCCCTATAATAAGCGTCAATACGATTTATTACTTCCGGGGTAACATTGGTTGTTTCAACAATCTCCAGCACCAAATTCTCTTTCGGCAAAACATCAAGAACATCCTGCATAATAATGTTGTCATCAACATTGATAAACGCTTTTCTGCCGGACGTGAGGGATTTTACACCAAAATTCTGAAAGATATTAATCAGGACTCTGGAGGTAGCTGTCACAGGGTCATAAAACTCTGCACGCTCATCTGTTCCGGCTTTACGAAAAAGAAATTCATAGCCGAAAACAGATTCGTCAACAGCAAAAATAGGCTGCCTTCCCACAAGAAAATTATCAAATCTCATAATCCAACCTTAAGCAATGAGTTATTGATGTATAATGAATAATATAGCACTATATAATAACAAAATCACTACTTAACATAATTAATCTTAAGACGATATTCTTTATCATCAGGAGTATATAATATGGGTCTGGCACAATTTCTTTATGCAGCAAGAAAGCTGAACAACATCGGCAGATGGGCAAGTGACTTTATGCACATACGCGCTTCCGTTTCCGAACACTCATTCTTTGTTACTCAGGTGGCACAAATGCTCGGCATGATAGAAGAAGAGCACGGTAATAGTGTAAACTGGGAAAAACTCTATAAAAAAGCCCTGAACCACGACGTTGTGGAGGCATTCACAGGGGACATCCTCAGCAATGTAAAAAACATGACCCCAAAGATGAAAACAGCAGTGGACGACATCGAAAATATGATAGCCGACGAGCTTCTCTTCTCCAAAATGGAACCGCCGTACAGAGACATGTACAGAGATATGATTTTCGATGGGAAAGATGAATCACTCGAAGGGCAGATACTGCGTTATTCTGATAATATCGATGCAATGCTTGAGTGCCTCACAGAAACAAAACTTGGGAACAACCCGCCATTTAAAAAGAAATATTCAGAAATTCGGGAAAAGCTTAAAAAGTCTCCCCTTACAAGCGTTCAATT
CP179935.1_gap35	1332486	1335623	3137	ACAGAATATTTGGCAAACCGAAAGGCGAGCAGGACATCATGGATGCTCTCCAGTTCCTCCGGAATAAGAAACATCAGGTCACCACAGGCGTTGCCATAATAAACAAACGTGCAGCCGTGTGCGAAAGATTCTACCGCACAACTGACGTATATTTTAAAAATTACTCTGATGAATTTATCAGATGGTATATCAAATCTGAAGAACCTTTTGATAAAGCAGGTTCCTACGCCATACAAGGGAAAGGAAGCCTTATGGTGGAAAAGATCGATGGCTGTTACGACAATGTCGTAGGGCTCCCGGTTGCTGAACTTTTTGAAAGACTGATAAAGTTTGGTGTACGTCCCGGAGGACTGAATGCATATTGATCTAGTTCATAAATGCCTTGAAAGACAGGCTGAAAGACAAAGCAGAAAGAAATATTTATTTTTTAATGATGAGAAATTTACCTACAGAGATATAAATAAGCGTGCTAACAGGCTGGCGCATATCCTTATAGAAAAAGGGATAAATAAAGGTGACCGTGTTGCCGTTATGCTTGAAAACAGCCCTGAGTTTTTCGTTACATTCTTCGGAATATTAAAATCCGGCGGAATAGCAATCCCGGTGAACACATTCCTCAAGCAGGAAGAAGTCGCCTATATGATTAACGACAGTCAGGCTAAGTTTTTTGTGACATCACAAAACTTCGAAAACGTTGCCACAGGGATAAAGGCTCTTTGCGAAAACCTTAGCTCTGTTATCGCATACACTGAAACATCTTTCAGCTCAGACAATGTAAACACGTCAGCAGTCATAAATGAAAATAATCCAGAAATAGAAATAACCAAAGACGACCTCGCAGTTTTTATATATTCATCAGGTACGACAGGTCACCCAAAGGGTGCAATGCTGACTCACAGCAATATGACTTCGAACACAGCTGCATGTCTGGCAAGATTCAAAGTTACCATCAAGGACAGGTTCCTGCTCTTTCTTCCTGCTTTTCACTCTTACGCAATGATGACATGTATCATACTGCCAACATATGTGGGTTCATCCATCATTATTCTTGAAAGCGTGAATGACCTTAAAAAGAAAACATTCAAAAAGATACTTTTATACAAACGCCCGACTTTTTTCCTCGGTGTTCCGCAGGTTTATATGGCACTCTTAAAATCAAAGATGCCGAAATTTTTTATAAAATATCTATACCCTATAAGGCTTCATGTCAGCGGAGGAGCACCACTTCCTGAGGAAACACTTGAGCAGTTCAGACAGAAGTTCGGACGACCGATAATAGAAGGGTACGGGCTTTCTGAGGCATCACCTGTTGTTTCCGCAAATAAGCTGAAGGAACAAAAACCTCTCTCTGTCGGCCCCGCATTGAAAGGTGTCGAAGCCAAAGTAGTCAATGAATTTGAAAAAGAAGTGCCTACCGGTGACGTCGGAGAGCTCATTGTCAAAGGACCAAACGTTATGCAGGGGTATTGGAATATGCCTGAGCTTACTAAAAGCGCCCTCCGCAACGGGTGGCTCTTCACAGGTGATCTGGCGAAAATTGACGAGGACGGATATATATATATTGTTGACCGCAAAAAAGATCTTATCATTGTAAAAGGGATGAATGTTTATCCCAGAGAGATAGAAGAAGTCCTTCACAAACATGAAAGAATTGCAGCAGCGGCAGTTATAGGGATGCCTGACAAAGCAAGCGGCGAAATCCCTGTTGCGTATGTCAAACCGAAAGACGATGTTGAATTAACAGATAAGGAAATACGTGTGTATCTGAAAAACTGTCTCGCAAATTATAAACTGCCGAAACAGATTTATGTGAAAACCGATCTCCCCATGACTGTCACAGGGAAAATACTCAAGAGAGAGCTGAAAGCCAAAGCTCTGAACAAATGAAATATTACGATGTCATCCTGCCTGTTCCAACAGGCGGGATTTACACCTATACATCCGAAGACGAAATTCAGAACGGGGTCAGAGCCACTGTCCCCCTGGGCAGAAGAACTCTCACCGGCATAGTCCTCAGAGAAAACACGGCTCCGGATGAATCCATAAAATACAGAAATATCAGCACAGTACACGACACAAACCCAATCTTCAGCTGCGAATACATGGATCTGATAATGAAAATATCAGAGTACTATTGTGCCGGTGCAGGGCAGGTTCTGAAGGGTGTCATCTCCGAACAGGTCTACACCAGCGAGAAAACTACAGTAGAGATAAAACATTTTGAACCGAAAGAACTAACCCTCAACGAAGCGCAGCTTTCTGTCTATAACGGTATATATTCATCACTGAAAGACGGCTTCTCAACCCATCTGGTGCACGGCGTTACCGGCAGCGGGAAAACAGAGATATTCATAGAGCTAGCAAAAAAAGTTATAGCCGAAGGCAAACAGGTGCTCTACCTAGTGCCTGAAATATCCCTTACACCTCAGCTTGAAAACAGGCTGTCTGCACGCATGGGGTTCGACGTATTGTCATACCACAGCAAGAAGACACCAAAGAAGCGCAAAGAAGCGTTCTGGAGCTTCTCAGCCGGCACATTGCCGATGATGCTGGGGGCAAGAAGCTCGCTCTTTGTCCCGGCAAAAGAGATAGGTCTTATAATAGTCGATGAAGAGCACGAAAGCAGTTATAAGCAGGACGAGATCCCCTCTTATCAGCTTCGGGATATGTCTGTCCTTTACGGAAAGATACTCAAAATACCTGTGATTCTGGCAAGTGCCACACCATCACTTGAAAGCTGGGCAAACGCTAAAAGCGGAAAATACTTATATCACTCTATCCCGTGCAGACCAGACACCGATATGCCGGAAATTCAGATAGTAGACATGAAAGAGGAAGAACCTATAGGCGGTATTCTGTCCATCCCGCTCTACGATGCAATATATGAAACTATAAACAGAGGTGAGCAGGTCATACTGCTGATAAACAGAAAAGGCTACTCCCACACCCTGTACTGCCGGAAATGCGGAAATATTATAAACTGCTCTAACTGTTCTGTCGCCGTAACATACTATAAGTCAACAAATACATGCAAATGCAACTACTGTTCTCAGGAAGTCAGAAGACCTAAATGCCTCCACTGCGGAAGTGACGACATAACCGACTACGGCGCAGGAACTGAAAAAGTTGCAGAAGTT
CP179935.1_gap36	1380113	1383191	3078	TGTTCACTAAGTTCAACACATTGCTGCTGACCATTTTTACATAAGCATTCAAAATCGAGATCTATATCTTTTGCCGCTATCTGAACATTAAAAAGTCTGATAAGATCCGTCAGCTCGTAAATAACACTAAACTCCGTAACATTCTTGTCAGGCAGGAAAAAATCCCGAAAATCATCAATTGTTTTAGACATATGAGCAATAAGATCCATTGAATTGTTCTCAAAGTTGTCCAGATATTCCTCAGACACTTCCCCCATGTCAAATTCGTCCTTCACATCCTGAATGTAAAGGGCAAGCGCATTAAGGGGCTGACGCCACTGGTGAGCAATAGCGCTGATCATCATACCCATATCAGCCAGTTTCTTCTGCTGTTGAATGATCTGATCCTGACGCATATTTTTATCAACTTCATCCTTAACTTTTTCAAGAAGGGTCTCATTCATCTGCTTAAGTTCTTTTTCGAGCCTCACTCTGTCGGAAATATCAAGACAGAACGCAATGAACCTGTCTTCATTAAGCTTGATAGAGCTAATTCCCACATGAACTTCACGACCTCTTTTGGAAACAAGTATTTTCTCAAAACTGAGTCTGCCCTGTTCACTAAGAGAATCGTATTCCATATTATCTGAATTATCAGTATCTTTTACCAGAAGGTCTTTCATATTAAGCTGCATGAATTCATCTGTGGTATAACCAAGCATATTCACCGCCCCCTGATTTACCTCAATGATGCTCCTGTTCATATCCGAGACAAAAACAGCAATAGGAGTCGAATTTATATAAGTACGGTATTTCTCTTCACTCCTTACGAGTTCATGATCTTTCTCCTGAAGTTCATGAGCCATCTGCCACATTTTACCTGTGAGTTCCCCCAGTTCATCAGAGCTGAACGGAGCCATATCCTTCTTAAGCTCACGGGTTCGGATTGCCTGCATGACTTCTGACTGATTTTTCAGAAAATTCTGAACATATTTATTGATAAAGACCCAGTAAAGAAAAGCCACCATAACACTCAGCACACTTATAAAACTAGCTGTAAGCCCAAGAATCCTATTCAGTTCTTTGTCTCTCTCCTGAAGCTTCTGACTAAGCCTAGTGGTTACTGTCAGGAAATTTTCTGATGTAAGTTTCAGATACTCCTCTTTTTCCTGTATTGTAAGTTTACTGACGTACATTTTCTCAAGAGTTTCAATCATTCTATCAACCAGCATAAAAAGCTCTTCCTGATCAGTCTGCGTCTTCAGCCCAAGGAGTTTTTCTCTTATCTCTTTAAGTTTATCAGGGTCATTTGTCTTACGAAATTCTTCAACATGCATACCCAGAAAATTAAAATAGGTGTCTTTGATATTTGAATTCCGGTGTAAATTGTGATAAAGCTTAACACGATATTCCAACATTGCGTTATCAAGCGAAACCTGATACCTATTCTGGTGTACATAATCGTTAATAGCTTTATGGTAATTTATAATATCAGCAGGAAGAGACGCAGTACTTATGTCGTACAAAATAACACTGGACAGCTCGCCAGTAAGGTCTTTACTGACTTTATTCATCTCCGAAACACTCTTTTGAAGGTCATAGATAGCAGAAGGACTGTCGCTGTTTGCCACTATCATGTGCTGCTCACGCAGCTTATATACACTGTTGTTAAAACGCAGTAAAATGTGCAGAACATTATGCATTCTGCTGCTGCCCATCTGATAGGTATAAATCGTTGCGCCAAGAGCAAAGATGAGAATTATAACTGAAAGAAATATCCAAAAAACTTTTTTACTGATTGACATTATCGGCTATATGCTCCCTCATTTTCTCGTACGAGTTATTGTTATATAATACACGATCTATCGTGCCCTTATCGTATGCCTCTTTAACTTTTCCGTGCAGCATCCCTTTGTCTATTAATGACTGAACCCAGAAATTGACCCCTTTGTTCCATGAGTCAGTGTACTCATTCATAAATATTATGCTGGGCAGAGATTTCATTTCAACCTCGTGGGGTGTAGAGAGCCATCTTGATGTAATATCCACACTCTCTTCCGGATGTTGTCTTATATAATCTGAGGCGTAGCCGAAAAGAGTAACAAGAGCGTCTGCAACATCGCTATGCTCTTCTAAAAAATCCCCTCTGGAAGCAAGTGCACAGCAAGGATGTTCGTTCCATTTTTCCGGCGGGGGGAGTGAGCTCAGATATGAAATAATCTTTGCGCTGCCGCTGTATTCTGACAAAGCAGGGTACGGCTGCATAACAACAAAACCATCGATTACCCCTGCCTGCAAAGACGGCAAAAGATTTTCCGGTCCGTGCAGATTGACAACAACGACATCAACATCAGATGTTGAGATATCCTTGCCAAATATTATTCCTTCATAATGTAAAGCAGACTCGAAAATGAGATTCTGGACAGAAACATCAATTTTATAGCCTATCCTGACTGTCTCATCAGTGGTCTTAATATAATCTATAAACTCATCCCAGTTTGAAGCCGGAATGTCATTCCTTACAACTAACGCAGCCCCTTCAGACATTACCGGAGAAATTATTTTAATATCACTCCCTTCATCTATCATGCTTATCATTGCCGGGACACCGCCAAAAGCAACATCCAGTATTTTATCATTAAGCTTACGAACAAGATGTATCCCCCCTGTGCTGGCATCAATGTAGATATTGGCAAGCAGGTAGTTACCGCGATATAGTTTGTATTGAGATTTGTAAACAACTTCGCTGAGAAAAACTCCGGCTATATCTTTAAAATACTCCCCCTTCTCTGCGGCGATATATAACGAAGCGTGATGGTCGTGATGGGCATTGCCTAAACGCACATCCGGTATCTCATGTCTGGAATTACATGCAGAAAGTGTAAATATTAATAAACTCAAAAGGAGACATCCCCGTAATAAACTCATAGAATTCTCCGCTAAAAACGTTCTTACATATCTTTATAATCAAAAATATAATAAACATAGCCTCTTCAAATCATTATCATATGCCATGAAAGATGATAGACCACTATTAAGTAAAGAATACACGGTAAGATGGAAGTTGTCATGTCTGTTTACATTGAAAATATCCCGGTA
CP179935.1_gap37	1484823	1485324	501	TGTGTGAGCGTATGTCACAGGGAAATCTTCAGGAATATACCCTTCATTCTTAGCGTTTTTCACAAAGTTGTTAAGGTCGTCGCCAATAACCTCTGCCATGCATGATGTGCAGATAGCTATCATCTCCGGCTTGAACAGCTCGTATGTGTTCTGAAGACCGAGATACAGTGCGTTATGACCGCCGAAAACCGCAGCATCTTCTGTCATAGCGTCGCATGAACCGGGAAAAGGCTCACGGAAATGACGCATGAAGTGTGAGCGGAAATAGGAAGCACACCCCTGTGAACCGTGTACGAAAGGCATAGTCTTCTCAAACCCGATAGCCGCATAGTAGCCGCCGAGGGGCTGGCAGGCTTTAAGAGGGTTAACAACGAGGTCTTTTCTTTCGAAGTTGATCTTTTTGTATTCCTCTGTTTTTGTCCACTCAAGAATCTCCTGGATCCTTTCGTCAGACTCGCCGCCTTCGTATTTCTTTTTATTTTCAAACAGCTCGATGTAATC
CP179935.1_gap38	1514858	1519381	4523	CTCAGTAGTAAAATCACACAGACTGAACCCTGAACTTGTCGGGCAGAACATGTCTGATTTCCAGGACAGCAACGGTGTACGACTTTTCGAAGAATTGGTCAAAGTAGCTAAAAATGGTAGCGGATTTGTTCAGTATGTCTGGCCGAAAGCTTCTAAAAATGCAGAAGTTGCAAAGCTGAGTTACTCTTTAGGACTGGACAAATGGAACTGGATCATAGGAACAGGCTTCTACATTGATGACATACAGGATGCTGTTGCAGTAAAACAGGAACAACTTGAAAAGCAGATTACGACTCTCTTTACCACAGTTGTAATAATTGCACTGCTTATTATCGCAGGTGTAACGGGTATATCATTCTTCTTTTCAAACCTTATGACCAAAAGCATCATACTCGCCAACAGGTTCCTTAAAGAAGTATCAGACGGTGAAGGAGACCTGACTAAGGCACTGCCTGTCCTATCACAAGACGAGGTAGGTATGATGTCTACTCACTTTAACATATTCATTCAGAAACTTAACGATATAATCTCTGTTGTAAAAGAAAGCTCGCAGTCAGTTGCGTCAGGCAGCACTGAGCTTGCAAGTGCTACAGAGGAGCTTTCAGTAACGATGCAGGATCAGGCGTCTCAGATAACATCTGTGGCAAGTGCTACAGAAGAGATAACTGTTTCCTCGAATGAAGTTCTACAGGCTCTTCAGGAAGCGAACCAGCAGACTGCAAACGCAGACAGGCTCACAGCAGAAGGTAAAAGCAAACTTCTCAGCTCTGTAAACGAAGTGATGGAAATAAAAGAACGTGTTGAAAAACTCGGAACAACTATTGGGAACCTCTCTGAATCTTCCGCTGAAATAGGAAATATTATAAGCGTTATTAACGACATCGCAGACCAGACAAATCTTCTTGCACTCAACGCAGCAATCGAAGCGGCAAGGGCAGGAGAACACGGACGCGGCTTTGCTGTTGTTGCTGATGAGGTCAGAAAACTCGCCGAACGTACACAGACAGCGACAAAAGAGATAGAAACAATCATCGGCAGCCTTCAGTCTGAAACTAAAAATGCAAATAAAGATATGCAGGAGACAACCCATAAAGTTGTAGAAGGAGCGGAAGCTATCAAGGAGACCGAAAGTATCTTTGAGCAGATTGTTAGTTCTGTTGAGTCCATCCACACAACCAACGACATAATAACAGGCTCCATCGAAGAGCAGGTTACAGCAATAAATAATATCAATGACAACGCTCAGGTCATTTCAGCCGGCATAGAGCAGAGCTCCACCGCTGTGAGCGAGATTACCAAAACAGTTGTAGACCTTCAGCAGCAGGCAGACGATCTCCATATGCTAGTAGACAAGTTTAAGACGAAATAAAGCTAAGACGTAAACAAGATTGGCGAAATATGGAAAAGCGGGTTTTTATGCCCGCTTTTTTTGTGGAGTATATATGTTTGAAAAAACTAACTGTTCTAACCGGCAAGCTCTATCTTATGCTCAGCTTTCAGTTTATTCATAAAAGTGTAGAAAAGCTTAAGACGTTTCTGTGAGATAAGCTCTCTTTCAGCACTCTGCGCGTCACTGAAACGGACATCGCTAGCCATCAGTTCGCGAATATCCTCTTCTGTATATTTAACTTTGTCATTAACTTCTTTTTTGAGCACAGCACTCAGCATAGCTGATTCTGTGGAAACATTCCCCATGGTATGAGATGTAACAAAACTGTCACCCTCTTCAACATTCTCTTTAGCATATTCCAGCAGCAGCTTTCTATTAACATAATGATTAAAAAGCTCCTTTCTGCCTTCCTTAGAGTCCATCTTCTTGCGGTAATTATCGCCGAGAAGAGTATCAACATAACTTTGCAGCTCTGCCGCTTTCACAGCATTGCCGTCAATATATCCTACAACATCGTCCATGTTTCTGTTAAATGCAGAAACAGAAATCATCCCTGCAACAGCAACTAATAATACTAAAATAATAAGTGTCTTTTTCATCTTTTTATACTCCTCTTAGAGCTTGTAAGTAAAGGCAGGGAGCCTGAAGCCCCCTGCCGAATGTTATTTGTTACTTAATCAGTTCATCAGCCGGTGAAGGTGACGGAAGATCGATATGTACTGCTTTGTAAAGCGGTGTTTTAGGATCATTCAGATTAAGTTCTTTTACTCTGCGTTTATCGTATGCATCGTAAATAGGATGAGGCGGATACTCTTTACCGAGATATTTATCAAGGTTATCGTATCTTGCCATCCAGAGATTCCATGCATCTTCTGTGATCAGCTCTTTTTTGTATGCCTGCTCAACGTTAGCTTTAGCTTTTTCCCAGTAGTCAGGAATAATCTTATAGAGCGCAGGAACATTAAACTGCTCTGCTGTCACTATAGAAAAAAGTGAGCCAGGGAAATCATAAAGCTTGTATGTGAAGAATTTAGCAGGAGAATCACTTTCATAGATTTTCTTAGCTTCTTCAACACCGCGTTCAGCACCCCAAGCTATCATAGCCTGAAGGTTGTGCTGGAGTTCCCATATACCGTGCCACTGAACATAGTCAGCCGCAGCCATAGCTGATCCCATACGGAATCTTCTACCTTCGTGGTGCCATGAGTTATACATAAGTTCAGAAGCTGCTGTATACCAGCTTGCATTGAGGACAGTGTTAGAGAACTGTTTCTCTTCGCCGGTTGCAACAATTTTGTCTTTAAGAACTTTTATAAGACCGAGTGACTCATATTTCTTTGTCCAGTAAACGAATTGTCTGCGGATTTCGTTGTACTGAAGGTTTACAAGGTCGTAAACAAGGATATATTCATCAATGAAAGTTGGAGCGTGACATGTTTTACAAACAGTCTTCATACGTTCTGCTTTCTTCTCCCATGTACCAAGCTCTTCTTCGAACCAAATAGTTCTGTATGACCATGGAGCCTGAGCTTCCCATGCAAGACGTTCAGATACGTTGTGAGTTGATTTTACAGAAGTTCCAGGTACTGCATCCATATGGCATGTTGAACATACAGGAGCTTCTATTGGAATTCTGTCTACTTCAGATGAATTATAGCTCAGATCCCAGTCTTTCCCTTTAGCAGCAAAGATATTACCATGTTTTGACTCATAGTAGATCTCTTTCTGCGGGTGGTCAGGACCAAGGTGACACTCACCGCAAGTATTAGGGTTTCTAGCAAGAGACACATCAAAAGAGTGCTTAGAGTGGCAGATATCACATTCGCCTACAGACCCGTCAGGCCACATGGCTGAAAGATTGTGACAGTTTTCGCAGCCCTGTTTTGTACCTACGATAGGTTCAAAAACAGCTCTGTCAGCAGCAGCATAAAGCCAGAAAGGATATGCGTGCTTAGATTTTGTGTGCTCTTCAACTTCCTGCTCGTGGCATGTTGCGCAGTCTTTCGGGGTTGGGTGTGAAGCAACTACAGGGTGACCTTTCTTAGTATAAGCATCGAAATCGCTCGCTTCTGCGGAGTGGCAGTCAAGACAACCGATTCCATTTTGTGCGTGAGCACTTTCTGCATACTGATCATGCACTTTCGGAGCAATACGTTCTTTCTCGTGGCAGTCGACACATTTCTGTGATTCAGCATCGAGTGTGATGTCTTTGTATGTCACAGCATAACCTGTGCTTGCTACAAGCATCATAACCATTGCTATCAGAAAAAGTGTGACTTTTGGCAAAGACAATGAATACTTTCTCATTTAGTCTACCTCCTAATGTAACTATGAAAAGTGTAAATGTAATAATTAAAAGAAGGTGTAAAAGATGTTTTCATGACGTAAACATTGTAAAGACCACATCTTTACTTTTTTTACAGACACATATAAGTTAAAATACTGTAAATAGTTATATCAGGTTGGTGACACAAATTATGAACAACAACTCAGGCATCAAAATACTCGTTGTGGACGATGATCCGGATATTCTTGAAGTGCTGCGCCTTCTGCTGGATCTGGAAGGTTACAACGTTATCACTGCATCAAACGGCATTACAGGACTTGCACTCGCCAGAGAAAATACTCCGGACATGATCGTTCTTGACCTCAACCTACCGGATATCAACGGGCAGCAGATATGTAAGATAATAAGGAGCGAACTGGACATCCCTATTATGATATTGTCTGCAAGAGATAATGTGTCAGACAAAGTTGTCTGCCTTGAATACGGCGCTGATGACTACATGACAAAACCGTTTGAAAATATAGAGCTTATAGCACGTGTTAAGGCTATCCTGCGCAGATCAGAAAAAAATAACACAAGTCAGGAAGCCGGAACAGGCGATGTGCTGATTTTTCACCATATGACTATAGACAAGGCCAGCAGGCAGGTTTTCATAAAAGACGAAAAAGTTGCACTGACACCAAAAGAATATGAGATACTTCTTTATTTCGTGGGCAAAACAGGGCATGTTCTCTCCCGTGATGACATTGTTAATGATATATGGGGTAAAAACTCTATTTATTCATGGTCCAGAAGCCTTGATGTTCATATCAAAAATTTACGGCAGAAAATTGAAATCAACCCTAA
CP179935.1_gap39	1694565	1698305	3740	TTTCTTATTTTTGCATACCCAATATTCAAATACACAATAAAAGGTATTACAGTAAAAAAACACGCAAACCAGCGCCAGAGAGGGTTTAGCATGCGAAAAATGTTTTAAATTTAGACTTGATGATAGCCCCACTTTAAAGTAAACTCCACATACGTTTGCAGAACCATATTATAAATTGGAGGACATAGTGAGTAATAAAGATCAAAAGGCACTTGAGGTTTACGGTCTCACCAATCTTGGCGAGGTTAAGAGAAACCTCACAGCACCAGAACTTTATGAAGAAATAATTAAAAATGGCGAAGGTAAAATTGCCAAGGGCGGAGCTATAGTCTGTCTCACAGGAGCAGTCACCGGCCGTTCACCTAATGACAAGTTCATAGTTAAAGAGGACACTACAGAAGGTGATGTCAACTGGTCAAAAGGTAACGTCCCAATCACTCAGGAAAAATTCGACAATATATACAATAAACTCTGTGCTTATCTTCAGCAGAAGGACGTATACGTTCAGGAATGCTACGCAGGTGCAGATGAAGCCTCCAGAATAAGAGTACGTGCAATCAACGAATACGCATGGCAAAACCTTTTTGTTCAGAACATGTTCATTCAGGAACCAGACGAAACAAAGCTTGCAAACTTCGAAGCTGACTTCACCATCATATGCTGTCCTGACTTTAAATGTAAAGGCGAGCTCGACGGCGTTAACAGCGAAAACTTTGTTCTCCTCAACTTCGCGAAAAAAGTAGTTATCATCGGCGGTACAGCATACGCCGGCGAAATGAAAAAATCCATATTCACAGTTATGAATTACCTTCTGCCTAAGCAGGGGATTATGTCTATGCACTGTTCTGCCAATATAGGCAAAGACGGTGATGTCGCACTTTTCTTCGGTCTTTCCGGTACGGGCAAAACAACCCTCTCCACAGACCCTGAAAGAGCTCTCATAGGCGACGATGAACACGGATGGGACGATAAAGGCGTTTTCAACATAGAAGGCGGCTGTTATGCAAAGGTCATCAACCTTTCCCGTGAAATGGAACCGGACATTTTCGCCACAACAGAGAAATTCAACACAGTTCTTGAGAATGTCGTAATGGACGATGGACGAAACGTAGACCTCGACGACGACAGCATCACAGAGAATACAAGGGCTTCATACCCGCTTCAGTCCATAGACAACATCGAGCCTTCAGGTAAAGGCGGTATGCCGAAAAACATAATTTTCCTTACATATGACGCATTCGGTGTTCTCCCACCTGTATCAAAGCTCACTGTACCTCAGGCAATGTATCACTTCATCTCCGGCTACACGGCAAAAGTTGCAGGGACAGAAAAAGGCGTGACAGAGCCAAAAGCAGTTTTTTCCTCATGTTTCGGAGAGCCTTTCATGGTTTGGCACCCGTCTGTATACGCTAAACTTCTCGGCGAAAAGATCATTGAGAATAACGTTACATGTTATCTGGTAAACACCGGTCTCACAGGCGGACCTCACGGTATAGGTTCAAGATTTAAAATCAGCCACACAAGAGAGATCATAAGAGCTATCCTATCCGGTGCAATTGATAAATCCGAGTTTATGGAAGACGAGATCTTCGGTTTCGGTATCCCTAAAACCCTCGGTGATATCCCCACTGACGTTCTTCACCCTGTGGAGAGCTGGAAGGATAAGGCTGCGTATAAAGCACAGCTCACTCAGCTTGCTGAAAACTTTAAAGCCAACTTTAAAAAGTATGAAGCAGGCACAGATGCTGAAATCATAGCAGGCGGACCAAAAATCTAATTTACTTAAATATTATTACATATGGGCTGAAGGAACTATTCCGTCAGCCCTTTTTTTTTGCTATACTGATTTGTTAATATATGAGTAATACAGGAGCACCAAATGGATAAGCTTTTTAAGGGTGCAATCAAGTTTCGAGAGATAAGCTTCGAAAAGAGAAAAGAATTATACGAATCACTCCACAGCGAACAAAAGCCACACACACTATTCATCGGCTGTTCAGACTCACGCGTTGTACCGGAGCTGATCACAAGGACCCTGCCCGGTGAGCTTTTTGTCGTCCGCAACATAGCAAATATTGTCCCACACTACCGTGTAGCAAAAGAATATGCAGCTACAACATCCGCTATTGAATATGCAGTCAATGCTCTGGATGTTGAAAATATAGTGGTCTGTGGACACAGCAACTGCGGCGGATGCAACGCAATCTATTTTGATAAGACACAGCTCGAACAGCTGCCGAATGTTGCACATTGGCTGGAGCAGATAGAGGGAGTAAAAAGCGAAGTTCACCTGCGCCACCCAGATGCAGACCCAGAACACAAAGCATGGATAACAGAGCAGATAAATATAGTCAAACAGATGGCAAATCTACTCAGTTACCCATACATAAGCAGAAAGTATGAAAAAGGTGAACTGCATATATATGGTTGGTATTATGTTATTTCCAAAGGCGAAGTTTACAACTTTAATAAAGAAACAGGAGAATTCGAGCTCATTAGCTGAACCAGTCGCCCCCAGCTGCGACGACACCCTTCCCGTCATTGCGAGGAACAAGGTGACGAAGCAATCTGAATATACACGACGCCCTGAACGGCATAAGATTGCTTCACATACGTTCGCAATGACACCCTTCCCGTCATTGCGAGAAACAAAGTGACGAAGCAATCTGAATATACTACATCCTGAACGGCATAAGACTGCTTCACATACGTTCGCAATGACACTTTTCCGTCATTGCGAGGAACAAAGTGACGAAGCAATCTAAATATACTACATTCTGAACGGCATAAGATTGCTTCACATACGTTCGCAATGACACCCTTCCCGTCATTGCGAGAAACAAAGTGACGAAGCAATCTGAATATACTACATCCTGAACGGCATAAGATTGCTTCACATACGTTCGCAATGACACTTTTCCGTCATTCTAAAGTTACAGGCTTACTAATCATGCTTACCGGATGCAAAAGGATGGGTGGCATCATAAACACGGAGCAGTTCCGTCAGATTCAAGTGTGTGTATTTCTGGGTGGTGGTTAATGACTCGTGCCCTAAAAGACTCTGAATAGTCCGCAGGTCTGCCCCCCCTTCAAGGAGATGGGTAGCGTATGAATGCCTGAATGAGTGAGGTGAAAAATCCATAGGCAGTCCGGCTATCTTCAGATATTTCTCAACGATCCTGCGTACGGAACGATCTGTAAGTCTGGAACCAAATTTATTAATAAATATTGCTTCATTATCAGGTAGATAGCCATTACAAATATCCATTTTAACATCAAGATAATCATTGATCATCTCAATATGCATGTCTGCTATAGGAACAATACGCTCTTTCTTCCCTTTACCTCGAACAAGGATACGCATACCACCGAAGTCTATATCTGAAAGATTAAGCCCCACCAGCTCGCTGACACGAACCCCTGTTCCATACATAAGTTCCTGAATAAGCGCATCACGCATACCAGCCGGCTTATCTTTATCCGGAGCATCCAAAAGAGCTATAATACTGTCAATATTAAAAACTTTAAATGCTTTCTGCTCCTTTTTAGGAAACTTCAGCATCCGTGCAGGATTATCATCCGTGTGGTTCTTCTTCTGCATAAATGCAAAAAAAGATTTGAGGCAGGCTATCTTCCGCTCTATAGTTGACTTTGCCAGCCCCTTGTCAAACAACATCGCCACAAACCCCCGCAAAGTGAAAAAATCAGCATCCTGAATGTCGTCAATAGCCGAATCCTCC
CP179935.1_gap40	1709566	1713780	4214	GAAAAAAAGTTTAATTTTCGGAACTGCCGGACACATAGACCACGGTAAATCATCCCTTGTACTTGCCCTCACAGGCAAAGACCCTGACAGACTCAAAGCTGAAAAAGAGAAAGGGATAACCATAGAGCTTGGCTTTGCAGGTATGGAAACGGAACAGGCAAATATATCATTCGTTGACGTGCCGGGGCACGAAGGACTCATCAAAACAATGATTGCAGGCTCTGTTGGGTTTGACTCCGTATTATTTTGTGTGGACAGCAGAGAAGGGGTACGTCAGCAGACCATTGAGCATTACAACATCATACGGACAATAGGCGTGCGCTACTGTGTCGTCGCTCTGACAAAGACAGATATCGCATCTCCGGAGCAGATACAATCCGCCGAAAATGGCGTCCGAAAACTGTTCGCTGCATGCGCCATAAAAATAAGCGACATAGTGCATACGAATATAAATGATCAGAAATCTATTGAAAAGTTAAGAGAGGCAATCGGCAGATGCTCTACGAAAATACATCAGAAGATTCAGAAAAGGTGCTATGTTGTTCGTGCTGACCGTGTATTTTCCATTAAAGGGAGCGGAACAGTAGTTACAGGCACATCGCTGTTTGGGCAGGTTGCACCGGATACACTGCTTTTCAATATCAGAAACATGAAAGCCGCGAGGATTAAAGCAATACAAGTCCACGACAAGACAGTGAAAAAGTCTGTCGCAGGGGAAAGAACAGCCATCAACCTTCCTGACTTTTCCATAGATGATGTTAACCGCGGCGATATCCTCAGTGACAACAAAAATATAATTTCCACAAGAGGTATTTTCGCAAATATCACTGTGTTCGAAGGGCTTCATGAAAAAGTATCCCTCAGGCACAACAAAACATATTCCATATACATTGGCGCACTCTCCTGCGAAGGGAAGCTCCTCTTTTATGACAATAAGAAACTCGCAGCAGGCGAAAGAGCCAACTGTTTTATAAGACTTGACAGACCGGTCATTCCATATTTTGACGAACCACTCATTATCAGGTCTGCAAGCCCGCAGATGAGTATTGCCGGAGGCAGGGTACTGGGTATAGAGGAAACATTCCCCGACAGGAAATTTGCCGGCGAAATACTCAATTACCTCAGCGTTCACGACTATGACAACGCTCTTAAAAAAGCAGTTGAGATTTTCCACTGCGGGATCAAACTCCCTGAGCCGATACAATTTTCCGGTCTGATACGCAATGAGCTTGCAATGAAACTGGCTCAACTAAACATAGCCAACTTTCAGGGTTTTATTCTGGACAGCAGAAATCTGGAGACTTTTGTCGAAAATACGATACAATCCCTTAATAAAAAAGGAGTTCTTGCCATCAGCAAGATTCAGCATACATGCGAACAGCTCCCGGACCCTGTGCGTTTTGATATAATAAACCGCATAATAGAGAGAGCGCAGAAACAGGACTATATATTTGACGGACAAACCTTGAAAAAGAGGGAGAAAGACCCCTTCGAGGAGCTGGCTATATCCGTACTGAACCAGATGAAATCCGACCCGCTCATGTCAAACAGTACGCTGCTCTCAGAAAAAATGAATATTCCGGTTAATCAGGTACAGAAATGCCTTCACTATCTCTGCAACAGAAGTCTTGCAAAAAATATTGAAGGAAACAATCATGTCACAATGGAACTTCTGAACTCTTTTATCGAAAAAGCGTCTTTTGAATGTAAAAAGAACGGTCATGTTGATCTTACTGCGATGAAAAACCACTTTGGTCTGCCCAGAAAGCTTTTGGTTCCCCTTATGGAACAGCTCGATAAGACAGGACTCTTTGTTAATAAAGATAATAAAAGGATGTTAAAAATCAAATGATATGAGTTTTGAACTTGTGTCCGACTACCAACCCGCAGGCGACCAGCCGGAAGCAATCCGTCAGCTTGTGGCAAACTATCAATCCGGCGAAAATGCGCAGGTTCTGCTCGGTGTAACAGGCTCCGGTAAAACCTATACTATGGCAAATGTTGTGCAGCAGCTTAATGTTCCAACCCTTGTCATAGCTCATAACAAAACTCTTGCTGCACAGCTGTATGGTGAATTTAAGAAGTTTTTTCCTAACAATGCTGTGGAATATTTCGTCAGTTATTACGACTATTACCAGCCGGAAGCATATAAACCTCAGACAGATACTTTCATAGAAAAGGACTCCTCTATAAACGAGGATATTGATAAACTGCGTCACTCAGCCACAAGAAGCCTTCTTGAAAGACGTGACGTTCTGATTGTTGCCTCTGTTTCCTGCATTTACGGTCTCGGTTCACCGGAAGCTTACCACGGGATGCTTGTACACCTTGAAGTAAATGAAGATGTTGAAATGGAGACTGTTCTCAAAAAACTTGTTGAAATACAATATGAGAGAAACGAATACGACTTTCACCGCGGCACATACCGCGTTAAAGGGGATACTCTGGAAGTTTTCCCTGCTCACGAAGACGACCTTGCCTACCGGATTGAATTCTACGGCGACGAAGTGGACAGAATAAGCGAATTTGACCCCTTAACAGGCAAAACCATTAAAGAACGACCGAAAGTTGCAATATACCCGAATACCCACTATGTCACCACCAGCACAACCATTGAAGATGCTGTCTCTATTATTAAGAGAGAGCTGGCACAGCGATGTACAGAATTTGAAAATCAGAACAAACTGCTGGAAGCGCAACGGCTAACCCAGAGAACTATGTTCGATATAGAAATGATGCTGGAAACCGGATACTGCAACGGTGTAGAAAACTATTCACGGATACTTGAAAACAGACAGCCCGGTGACACACCTCCTACCCTTCTCAGCTACCTTCCCAAAGATGCCCTCGTCATTGTGGACGAATCCCACATGACAATTCCGCAGATCAAAGGGATGTATAACGGCGACAGGAGCAGAAAGACAACACTGGTGGAATACGGTTTCCGCCTGCCTGCGGCTCTGGACAACAGACCGCTCAAGTTTGAAGAGTTCCGTGAGCGTGTTAACCGCATAATGTACGTCTCCGCAACACCTGACGATTTCGAATTAAAAGAATCAATGGGGCTTCTTGCTGAACAGATTATCCGCCCCACAGGGCTTATGGATCCGCCTATTGAGGTTCGTCCATCCAGAAATCAGGTTGACGATCTCTATAACGAAATACGCAAAACAGCAGAAAAAGGTGAACGCGTCCTCGTCACCACCCTGACCAAACGGATGTCAGAGGAGCTTACCAAATATTACGACGACATGGGCGTGAGAATAAAATACCTTCATTCAGAGATAGATACCCTTGAGCGCATCCGCATCCTCAAACAGCTTCGGCTGGGAGAATTTGATGTTCTGGTGGGGATAAACCTTCTGCGTGAGGGGCTGGATATTCCGGAGGTAAGCCTTGTCGCTGTCCTTGATGCTGACAAAGAGGGATTTCTGCGCTCTGAAAAATCGCTCATACAGACCATCGGACGTGCAGCAAGGAATGTTAACGGACGTGCGATATTCTACGCTGAAAAGATAACCCGCTCCATGCAGTCAGCACTGGACGAAACAAAACGCAGGCGGGAAAAACAGCTCCTATATAACAAAGAGCACGGCATAACTCCGCAAACAATTAAAAATGAGATAAGCAACATACTCGAATCAATTTACGAAAAAGACTACGTAACAGTTGATATTAATGATGATATAGGTATAACATTATCGGGACGCCGTGAAGCGGACATCGAAGCCCTGAAAAAACTTATGCAGGAACATGCCCAGAACCTTGAGTTTGAAAAAGCGGCACGGGTACGCGACATGCTCTTTGAATATACTTCCGGCAAAAAATAAATAATCCGCTCAGACGGGCGGTCTTCATAAAGGTAAAGTAATGATCAAAAAAGTTCTTAAATATTTTATAATCTTCTGTGTGATAATGACTATAGCTATCTCCGGCGGTGTTTTCGGCTACATTTATAAACTAAGCCGTGAGCTTCCTTCCATAAAAGACCTGAAAGACTATGAGTATAAAAGACCAACTATTATATATGACAGAAACGGAAAAACCATAGCAGAGCTTGGCTCTGAAAGACGCTATCCACTGCCGATAGAAGACATCCCGGAGATGCTTCAGAATGCAGTTGTGGCTGTCGAAGATGCCCGTTTTTATGAACACGGGGGGGTTGACCTTATGGGGATTCTCCGTGCCTTTATAACCAACGTTAAGGCTGGACG
CP179935.1_gap41	1740187	1740804	617	CTGTTGACATGGCTTTAGGCAGGGCGCAAGTGACTAAAATGTTCCCGTCTGATGCAGAGCTGATTCAATATGTTAAAAAGCACAACATAAATGATTACAGCATCCACAAACCAAGGCTTGAGGATGTTCTTCTGGACATGAAGGAGGATTGCCCGTGACAACTGTTTTATCTGGTACTTATGCGGTTTTCTACAGAGAACTGCTGCTGCTGAAGAGCAAACTCTTTCGCTTCGGATATGTTTTCTACAGTCTCTTTTCCCCCGTGGTATATCTGGCAGCATTCGGTCTGGGGCTCGGCTCCAGGATTGATGTCGGCGGTATGGAATATACCACATTTCTTCTTCAGGGGATAATATGCATGAGCTCCATGAATAACTCATACAACCTTGTTATGACCTCTGTAAGTATCGGCAGGCTTCACTCTGGAAGTTTTCAGACTATTATCACATCACCTGTCAGCAGTTTATCTGTAATGGGCGGGCTTGTGCTTTCAGGAATTGTGCGTGGTTTCGTTGCTGTGATATTTATAATGGGGGCAGGGTTTCTAATGTTCGGAGCATTCCCTTTTACATGGATGTCTTTTATAGCACTCGTTCTTAACATGAGTTTTTTCGCCG
CP179935.1_gap42	1754654	1755733	1079	GATAGTACGGTCTCACCCTAACCTTAAGAAGCCCGTGGTAAAGCCCTTTCAGTGTATCTACAGAGTCGTTGACCCCTTTCAGAAGCACTGTCTGGCTTCCAAGCGGAATACCGGCATCTGCAAGCATATTACACGCCTGAACAGTCTCTGCTGTGAGCTCGTCCGGATGAGTGAAATGTATGCTCATAAACAGCGGTCTAACGCTTTTCAGTATCTTTATAAGGCTTTTAGTTATCCTCTGAGGAAGAACAACAGGAGCCTTAGTTCCTATCCGTATCATCTCAACATGCTCAATAGCACTCAGGCTCTCAAGCAGCCATTTTATCGACGCATCCGGCAGGACAAGCGGGTCTCCTCCGGAGATGAGCACATCACGCACCTGCGGGGTTGCTTTTATATAGTCTATTGCCTTCTGCCAGCGTTCTTTAATGTTTCCGCTGTGAATTTCACCCATCTTCCTTGATCTGGTACAATACCTGCAATAAGTTGAGCAGTGTTCAGTCACCAGAAACAGTACCCTGTCCGGATATCTGTGCACGAGCCCATCCACGGGTGAACAGCTGTCTTCACCAAGGGGGTCATCCGCTTCACCGCGGCCTTTTATCATCTCCATATGAGTGGGTATGACAGTTCTCCGCACGGCATCACAGGAAGATGTACCGGTAAGGAGAGATGCATAGTAAGGCGTAACAGCAAACGGGAGCCCGCTGCATGTCTCAAAAGCACAAGCCTCGCTCTCGGAAAGTTTAACAATTTTCTCGACATCTTCTCTGCTGCGTAAAATATTAGCAAGCTGCCAGCGCCAGTCGTTCCACTGCTTCTTAGTAGTGCCTTTGAAGTAGCGTTTACGAAAATCATCTGCATTAACAACAGTTCTTCCTGTAGCTCCATTAATCTGTCCGGAGCTTATGGGGACTTCTGCTATTGTGCTCACTAGAGACCTGCCTTAAGGAAAATACGGTTCATATCACAACCTCACGTTTTCATTTTTATGTTATATACCAAGAAACGTGCCAACACATAAAATATTGTATAATAAGGATTTTACTAAATAAGGGCATAAAAAAACCGGAACTATT
CP179935.1_gap43	1767726	1770543	2817	AGGCATGCAAAAAGGTCGTAAGGAATCTTTGCAGAAGCCGTAACGGATGTCCCGTCTGAAACTGCCGATGCCGGAATAACCATATCATCCAGAAGCATGCATATATTAACATCCCCAGGAGACGCACCCTCTGCCGCGACAGCAGATGCGCTGAAAGGAATTGTTATCTCTGCGTCAAAGCTTTCTTCGTCTGCGGCTCTGTCTTTATAAAAACGTATGGAGAAAAGATCAGAAACAGCCTTATAGCCGTTTACCGAATATTGAGATTCTGCTCTTTCGATATATATTTTTCTGCCGGCAAGCCCAGCATCCGATGCCACTATTCCAAAGCCGAAAAAATCTCCACTGCCGGAATATGACACAGCCCCGTCATCACCGGCTGTCAGCTCCGTCATTACTCTTGTATCATCGTCTACAGAGCTCTTCTCGCTCCCGCTGCCAAGGCAGGCTGTCAGTGAGAATAAAAATACCGCTAAAATAAGGAACTTAAACAATCTCATAAACAATCCTCTGTTAATCAATTGGAACTATACTTTTCAGAAAGCACTTTCAAAAGCTCTCTGGTGTCCTGTCCGTCATGGCACTTAACACACAGAGATTCACTATCCGGAGAGGTCAGCAGCATACCCTGCCCGCTGTAATGGGGGTTATGACAGTCGCTGCACTCAATATTCTTATTCAGCTTCTCTATAAAAACACCCTCAACAGGATGAAATTGTATACTGCTTGCTGAGTGAAAGCTGAACCCTTGCTCGTCTGAAACATGGCAGTCAGTACAGATGCTGTTCACACTCTTCCTCAGGTGTGTTTTGTCTGTAGACTTATGAGGTGAGTGACATATTGTACAGAAGCCTGCCGCCACCGGACCATGAACATATTCGGCGGTTTCCATAGCGTCATTCAGTTTTGTATGACACTTAAGGCAGGTTTCCGCAAAAGGCTCTTTCGGGATAAAATTACGTTCCTGTTCGTGACATTCAAAACACTTCCCCTCTTTCACGGGCTTATGCACCCAGTTCCCGATAAATTTATCTCTGTGGCAGTTTACGCAATCACTGATATTCTCAAATCTATGGCAGTTCCTGCATACCTCAGTCTTACCGCTGGAATGAAAATTTCCAAGGCTCTCAGTCCAGTCTGCAATAGAAACTGGTGAATCAACTTTGGTAACTTTAAAACTCTTCACATCCCCGTTCTGTATCACTTTGATATCGTTTTCGCCGAGCTGAAGCTGAAGTATTGTCATCAGCATATAGGCTGACTTCCCTTTCTCCATCTTTATGAGCTTTTTATCAAAGTTTTTACCATTGATGCTCACCTGCACATCTTCACCTGTGCTGCTCATCCCTATCACATGTATGTTACTGACAGACTTCACTTCACTTCCCATAGGAAAGATAATCTGCATCTCAGCCCAAGCACAAGGCTGAAAAACAAACAAGCTAGTGAGCGTCAATATTATAGTTATCAGGCAGCTGTATCGCATCTGCACGTTCTTTATCCCCTTTTGATTCATAAATGGATTTAATGTAATGCTTCAGTCGGTTTTCATCTGGATAAACGCCTTTCAGGTTTTCCAGCGTTTCTAACGCAGAATCAGGGTCACCCGCCATATACTCAGACACTCCTGCATAAAACCGGCATTGAACATCACCGCATGTTTTCAGAATACGGTGTGCTCTTTTCGGTGCTTTAAGCCTGAGGAACGTTTCTCCCAGAAGTAATCTGCCTTTGTCATCAAGCTTCTCTGTCTCTATTTTGTCCAGCTCTGCAAGGGCGGCATCACGCTCGCCTTTCTTTGCCAGCAAAAGAACAAAATTCATTCGAGGGACAATCTTCTTGTACATCTCTGCACTTTCGATTGCTTCCATAGTTTCGGCGAAATCTTCCGCATCAATTCTTCCGGCAGTATAATCAAGATATATGGGTATCAATGCCGCAAAGTCAGATTCCTTTTTGAGAACACCCAGCGCTTCTCCGGATCTGGAGAACACTATTTCCGGAGTATCTTCTCTCGCATCAGACCGGTATATGTATCTCTCGTTTTTATTCCCTTCAAATGCACCTTTTATCTTCTGAACGCCTGCTCCGGATGCCTCTGCACAGATGCAGGTCACATCGGTCTGTTCCGTGCAGTATTTCAGAAATTCTGTCATGATATTAAGGTCATACCTGCCATCGATATCAAAATACAACACTGCACTCTTCTCGGCAGGCTTCACAGCATCATCAAAAACAGGCTTAATCTCAGCATACCCCAATGCGGAAATTGCAATAAGCCCCGCAACAAGCAAACACCCACGTAATATTCTCATTTCTTCTCCTGATAATTTTCAAGGTAAAACTGGATCATCAGTATATTTTTAAGAACCTCAGCCTCCAGTTGGTCCTTGTTTCTGGAATTGCGATACTCTTTGTCATGATATTTATTGTAAAGTTCCTCAGCATCCTTTTCACCATGACAAACTTTGCAAAAATCGTTCTTAACGTTTTGCTTAAGAAAACTGTTATGAACATCTCCATCAACATTGGCTTCGACAGTCAACATGTCTTTTTTCCATACATGAGGATTATGACATGTTTCACAGGTCACCGCACCATCAGCTGAAACTTTTCCATATTCATTAAACAGAAATTCTTTAAATTTTTCCTTATACGGGAATATTTTAAATATTTTCTCATGACTTAAAACTTCCGGTACTTTTTTGTAACCTATACCGTCTTTTTTATGACAGTCAGTACACATCCCAAAGGCAAACCCATCTTTATCTTTGTTCTTAAAAGCCCACATAAGCTTATTATTCTTATGGAAATTAT
CP179935.1_gap44	1772982	1774430	1448	GGTAATCAACAAGCTCTGTGCCCTTCAGCTCAAACAGGAACTGGGGCATCCATTCATAGTGGCAGAGCGCACACTGCTTTGATGAATCAGGGTTAAGTTTTGTTACATCTTCTGCGTAAGCACTCCACAAGCAGAGCGCCAGCACAGGGATAATGAATAAAAGCTTTCTCAATGTTAATCCCCTAATTCGTATATAAAAACTGATCTGTTAAATGCATCGACAACCGCAAGTTTATCTCCGTTGATCCTTATATGGGTTACAGAGCCAAACTCAAGCTTTTTGCCGGCTTCATCTTTCAGAACACCTTCGAAACGACCATCTCTGTCCAGATATTGAACTACACCTGTATAACCGTCAGCGATTAATAATGTGCCCCCTTTATGAACCGCAATACCCGTCGGTCTGTAAAATTCCCCTGGTTTTATCCCCCACTTACCGAATATCTCATAAAACTTCAGCTCTTTTGTGATCTTCTGCACTCTGGTGTTGAGCACTTCTGAAACATACAAAACACCTTTGGAGTCAACCGCAAGAGCAAAGGGATACCAGAACTCCAGCTTTCTGCCTCCGTACACTCCAACGGATTTTTCAAACCTATTTGTTGTGATATCAGTTTTAATAATCCTATGGTTATCATTATCTACGCTGAATATGTGACCATCAGCAACAAGAGCATCTGTGGGGTCATATCTCCCTTTCAGCTCTGCAGGCAGACGGAAAGACTGATACACTCCAAACCCTGCCGAAAGCATATCAAGGCTCTCGTGCTCACTGTTGCAGAACAGAAAATAGTTGCCGTTTCTGACAAGGCAGTTTCCGCCTTTAAGAAAGTCTCTGCTCACAGTATTACCGGCAGCACCATCCACATAAACGGTATAGCTCCCGGCATAAGCATCATAAACACCAACCGAACCGTCGCTTTCTAAAACAACATCCGTTGGTGCAGAGTGGTCTCCCATCTGTATTTTATATAGTAAAGACGCTGTGACCCCTTCTGCGTCAACACTTAAACTGACGCAGAACAGAACAACAGCTAGAAATATTTTAATTTTCACTCTCAGTTTCCTCTTTAGGGATCAGAAAATCCGGCAGATAGAACTTTTCATACTTTTCAATCATACCGACGACTTCATTTCCTATAAGCTGGTCAACACGCCTGTCAGGGTATCCGATCTCTTTATAAGGCAGATAAGCTGTAGCTCTGTCTTTAGTATGGCAGTCATCACAACGGACAACGTCTTTAAGCTCAGACATCGGTCTGTGGATAACCTTAAGAGAAGCACTTTTAGCAGACGGGAGCATATTGGTAACATTCGCCCTGAACTCTGCAACGTACTTTATCATTGGGTCAGTGTCATATATCCTGCCGTCTTCAACACCCTTTTTCAACGGCAGCAATTTGTAAGGAGTGTCACCAAGGTACACATTAAGACCTATCGTATCTTTC
CP179935.1_gap45	1777007	1780722	3715	GCATAAGCCCTATTCTTAATTTACTGCCGCCCTAAAACCAGCAACAATTTCCGACAAAGTGATATCATATTAAAACAGTTTAATTATTGAAAAACAGGGCGCCCAAAACGAGCGCCCCTAAAATTTCGTTTATTTTCTATTACTGAAATTTAGCCATAACAGCATCAATAACAGCGTTAAGCAGACCATCCTGATTCTCTTCTAAAAACCCGAAAGTTTTTGTATGAGCATTAAAGGAAGCCAGCTTCCCTGCCTCATCGGCATTAATAAACTCTGATCTGTGACATGATCCACAAGCTCTTGAAGCAGGACCGTTCACATAGCTAGGCACAGCACCTATATCTCTGTCCATACTCCACTCGCCGGCTGCAGAAAGCAGACCCGGAAGAGATTTAGACTGATCAGGTACATTGTACTTGTCTGAGTTGTGACATGACTCGCAGTTAGTTGTTGTAAACATTGGGTATGTGCTGCCAATATGGTGGTCATACTCCATTTGCTCAAACGGGTCACTGAAGTCGATATCATCAGTATCGAAAGGCTGGAATGTGTGAATAGCGTGTACATATGAGTCAATCGAACGTGACTGCATTTCAAGGTGGGAACCACCGCTGGTTGTCACGTGACACATACGACATACAGTAATGCTTCCGCCTCTGTCAGGGCTGTGGAATGTTGTAGCAAGCTGATCGTGACAAGTGTTACAACTGTTTGCATCAGCTATATCATGTCCGAAAAAGCCAGCTTCAACAGCAGCATCTTCCAGGTTGAATGTAGTAGAAACAGCATTCAGACCAACAGTAACATCACCAACTTCAAGAGAAGGAGCAACAGCGACCTCAACTCTTTTAATCACGCCGTCCGTAACCATGCTGTCAGTATCAAAAGCACTGATATCGTAAGTCACAGACCATGATGCGCCGGATGCAGTTGCATTAGTGAAGTACGGATTAGCGTCACCGCCGAATGTATACTCACCAAGCCTGTTACCGTCAGCATCTCTGCCGTGGTTGGAAATGATAAAGTCTTTTGTATCATAGCCGTAAGCAGCAACGTATACAGAAGGAACTATATCAGCAGCATCAACGCCTGCAATTGTGCTTGCTGCGCTGAAAGCTATTGTAAGAGATGTACCGGAAAGCGCTACAGAGTCTATCGTAACTGTAACATCCTCAGCATATTTGTCACCTGTAGTTGTGTAAATAGCCGGATCATAACCGCCTGTATGTATCTCTGCAAATGTCGGCATACCACCGGCAGCAGAGTGACATGTTGTACAGTCAGTTGATGCATTCAAAATGTTTGAATGGTTAGGATAACCTGCATTAGCAAGTGTTGTAAGGGCATATGTTGTCGTGTCGGATGTATAGTTACCATCTGCATCAGCGGTGTCGGTACCCCCAGTTACAGGGTGACAGCTTATACAGGTTTCATACTGAAAGTTTGCATCCGCAAGAACAACGCTAAGTTTGCCGTCGTGGCAAGTTGCACAGTTTCTCATACTCTGAGGATAACCGAACTCCATTGCGTGAGACATGTGAACGTCATTCATAAGGTTTGCAGTGTAACCATATTGAGCCAGTTCAGCAGTTGTCATCTGGCTTTCTATGTCACCATCCCCATCTTTATAGTAAAGACCAGCTTTTGCTGGGTTGTCAACGATAAGCTGCCATGATTCGTGCCCACCTGTTTTGTCGTAGAGGAAACTATGGATCCCCACGGGGAACCCCGTGGTTCTATTGCTTCGCACGTGCTTAACACACGGATTTACAACTTCGCTGTCACAGCTAGAGTATATAAAAAATACTTCACTGCGAAGCCCGCAGGGCTGTGGCAGTCTCTGGACTCGTTAGTTAATCCTGAGATTGCTTCGTCATTACATTCCTCGCAATGACTTATAAGCTCTAAAGCTGTGATTAGCTCATACATCCACGCAGAAATGCGTGGTGTTCCGTCTTCGACCGCATAAAGAAAGAACCGGCAGAAGTGATCCCCTGCCGGTTGCAGAAATTATTTTATTATATTTTTTTGATATCTTCTATGACCATATACACACACGGCACAAGCACCAATGCAACAACAGTCGTAAAAAGAACTCCAAAAGCGAGCGAAACAGCCATAGGCACCAAGAAACGTGCATGAAGAGATTTCTCCAGGATCATCGGAAACAAACCAAAAAATGTCGTAAGCGAGGTCATAAGTATAGGTCTGAAGCGTCTCTTTGCTGCATTAACAATAACCTCAATACTTAAATGATTTTTATCTACAAACTTGTTGATAAAGTCCACAAGCACCAGTGAATCGTTAACCACCACTCCAGCCACAGCAACCATACCAAATATACTCATGAGAGATATATTAAACCCCATCAACATGTGCCCCCATACTGCACCGGCAAGACCGCAGGGGATAGCCATCAGCACTATCAACGGCTGTACATAACTACCAAAAGGCACAGCCAGCAGAGCGTACATAGCGAGCATAGCAACTGGAATAAAGCGTGCAATACCACTCATTGATTCCTGTCGGCGCTCCTCTTCTCCTTCAAATTTCCATGTCAGCCCCGGATGTTCTGCCACCTGACGCGGAAGCATAGTTGCCGCAAGCTCTCTCATTATTTCAGTGGGGTTCGCATTCCCGTCAGCAGCAGCGCTAACGTTAACAACTTGCTTTCGGTCTGTCCTGTTTATCGAAGCAAGTCCCTGTCCACGCTGCACCTCGGCAACCATATAAAAAGGAACCTGCATACCATCTGATGTTTTTATATACATCTGAAGCAGATTATCGAGTCCGGTCTTTTCGTTATCGGGATACTCCACCCGCACTGTAACTTCGTCCAGCCCACGCTGAAATTTAAGTGCTTCCAGCCCATTGAAAGCTGCACGCACCTGTCTGCCGACCTCTTCATTAGTCAGCCCATACTTCTTTCCAAGATCATTAACACGAAACAGAAGTTCTTTTTTACCTCGGTCAAACGAATCTTCTATGTCTGTAACACCTTCATATGTTGCAAACTTTGCCTTCAGCTCATCCGAAACAGCCATCAAAACAGCTTCACTACTGTGTGCGTACCTTACATTCAGATTATCTCCAAAATTAAGTCCTTTCGAAGAATAAGTTATAGACTCGACACCCTGAACGTCACCAACAGTTTTTCTGAGTAGATTTTCAAATTTTCCCGTGCTGATATCCCTGTCTTCAGAAGGAATAAGAGCAACCGAAACACGTCCGCTTGAACCGCTTACCGCTCCAGTAATAACATAATCGACATATGACTTATCAAATCCAGTCTTAGACCTCATCTCCTCATCAACAACTTTTGTACTGGCATCAATATGCTGTATAACTTTGTTCAGCTTCTCAATATTAGTCCCTTCCGGCATAGTGACATAGATGCGTATAACATCCCGTTCAACCTTCGGCATAAATGTAAATTTCATATGACCGGACTTAATACTGCCATAGGTTATAATCAGCAAAGCCACAAAAACAGTAATTGTGATATACCTGTAGCTCATTGCCACATGCATAAAGCCGCCGTACACTTTTTCTATGAGGAATTCAAGTCCGTTTCGTATCTTCTGCCTGACACCGAAAGAAAGCCTTTTCTTGTCTTTCTTCGGTTTGTCTGAACTGTTCAGGTGAGCAGGGAGTATGAAAAATGACTCCAAAAGCGAAACCACCAGAACAGATATAACAACATAAGGTATATTGC
CP179935.1_gap46	1784590	1787496	2906	ACCATTTGCCATCACAAACTGCACCTGTACCGCTGAAACTAAAAGCATCCGGATATTTTATCTCTTCGTCCAGTTTGCTTTTAGAAACCCTATGCGTTGTTCCGGCACAGCCTGCGAGTGCAGCAAGTACAAAAAAAACTAAAACAAGTCTGCAATAGCGTAACGCCATGTCATTCTCCTGAAAAATAGTTAATATAAGATACTCTGGTTTGAAGAATAATGTTGTTAATTAATATTGCAGAACTGTAAATTAATGTAAACATATAGCGGTTATCTTTGCAGAAATTTACGGGCTTTTTGCGCTTTTTTTATATATTATGCTGTTATGAACAAAAATAGCAAAATACTTGTCATCGATGATGACGTTGAACTTTGTGAACTGCTTAGCGAATATCTCGAAGCTGAAGGTTTCTCTATAAAAGCTGTGCATAACGGTAAAGAGGGAGCGAGCACTGTCATTGACAGTGACTTTGACTTGATAATACTCGATGTCATGCTGCCGGGAATGGGTGGGTTCGATGTGCTGAAAACTATCCGGTCGGTCAAGATGACGCCTATACTGATGCTCACTGCCAAAGGCGATGACATAGACAAGATACTCGGGCTGGAAATAGGTGCGGATGACTATCTGCCTAAACCGTATAACCCGAGAGAACTCCTAGCGAGAATCAAAGCAATACTCCGGAGATATACCAGTCCTCACTACTCAGAAAAAGCACAGGAGCTTACCGGCGGAAACTTCGTGCTGGACACAGGTAAACTCACAGCAAGCTACAGAGGCTTTCCCCTCGGATTAACAGTAGTTGAATTCAATATCCTTGAAATGCTGCTCATTAATATAGGCAGGGTTGTCACAAGGGAAGAGATAGCGCTGAAAGTTCTGGGTAGAGAATTATCATCATTTGACCGCAGTATAGACGTACACATAAGCAATATCAGAAAGAAAGCATCTGATACCGACATAATCAAAAGTATCAGAGGGGCGGGCTATCAGCTCATTCCGGAGAATGATTAATGAAAATGCCCTCACGAAGTATTTACTTCAAAGTTTTCTTCGGACTCTGGATAACACTTATGGTGTTTGCACTTACTCCTCTTTTCCTTTTTCTGCTTGGCAGTCAGGACAACAGGGAGACATTTTCCAACCTCACCAAAAAACAAACAGCAAAAGAGCTTTACAGCGAAATCAAACAAGCCGCACATGAAAACAGCATAAACCAGCTCTTAAGCCTGATAAATGAAGCAGAAAAAAAGCTCGGTTCCAGCATATATATCTTTAAAGACAACAATATGTCTGAGCTTCAAAATAGAAAATATCCGGAAGGCACAAGAAAACTTATTAAAGAGATGCACGACGGCAAGGTCGTACTTATTAAACGTTTTTCAGAAGATCCGGCAGATATGCGGTTGATAAGGGTTGTTAAAGCAGGGGACTTTATACTGATAAGCTATCCTGAAGACACAGACACTCATCTCTCTATTCTGCCAATTTTGTCTTATCACCTTCATATACTCATACACATATTTCTTCTGGCTGCGATAGCCAGCTTTGTTATAGTAAGGTACTTTGTAAAACCACTGCTGACAATAAGTCAGGCATCACAGAAAATTGCAGAAGGGGACTTTTCCGTGAGAGTTTCTCATCAGGTCAAGTCAAAAGACGAAATAGGCAAACTTGCAAAAGATTTCGACCTTATGGCAGGAAAACTCGAGCAAAACAGGCAAAATCAGGAAACAATCCTGCGTAATATCTCACATGAGTTACGCTCACCGCTGACACGACTCAGGCTGTCACTGGAACTTGCCAGAACCAAATCAGACAAAAAAATATATCCTGCACTGGACAGAATAGAAAAGGAATCTGAACGCCTTAATGAAATGATAGGTAAACTCCTTGAAATATCCAGAATAAAAGGCTCCGATGACATCCGCATGGAGATACTCAAAATCGAGACTATAATTAAACCTGTACTGAGAGACTGCGGGTTTGAAGCTGAGAATACCGGTAAAAAACTGAATGTACATTATCTCCCGGACGTAAAAATAAAGGGAAACACAGAGCTTATAACGAGCGCTGTGGAGAATATTGTCAGAAACGCTATCAAATACTCTGAACATACAGTAAATATAGATATTACAGAAAATGCAAAAGCAGTTGTTCTGAGAATCAGCGACGATGGCTCCGGAGTAAAAGAGGAACACTTGGAGAGCATATTCACCCCATTTTACCGTGTGCAGGACGACAGAGACCGAAAAACAGGCGGCACAGGCTTAGGACTTGCAATAGCGAAAGCAATAATTGACGCTCACTCGGGAGAGATAACAGCTTTTAACAATGGAAACAACGGTCTTACTGTCGAGATCACTCTTCCGTCAAACTAGCCGTCAGTTTACAGGAAATGAGATTATAAAACGCGCACCGAAGTCTGCATTCTCTGCTCGTATAGTTCCGTTATAATGATCCTCTACGATCTTTTTAGACATATACAATCCAAGACCTGTTCCGTCATCTTTTTCTGTGAAATCCGGCTCAAATATCTGATCCAGAATTTCCGGTTGTATGCCTGGTCCGTTATCACTGAACTCAATACGAATTAACTCTCCGTCAAATGCCAGATTAACTCTGATCTCTTTTTCTTCCTGTTCCAGATTCATCAGTGCTTCTCTGGAGTTTTGAATCAGATTCATTATGACCTGCTTGAATTCATTTGAGTTACCGTAAAGTGTTATATCACAATGCTTATGGGCATCTTCACAATTTGATGGATCACATAAAGTTTCACGCTTTCCGCATGAACAGCTCAAAATGTAATTGATGTTATAATATTTCAGATACCCGCTGCTGAGCTCAAAAGCGCCGCAAACAGATAACGCAACACTGAACTCTCTGTCCATGCGCTCATTGC
CP179935.1_gap47	1793796	1794885	1089	CATCATCGTTCTGACGCATATAGAACGGCTTAATGCTTTTCGGGTAGTTATAAACAAAAACCGGCTTTTTAAAGTGCTTTTCAGTCAGATATCTCTCATGCTCAGTCTGCAAATCCACACCGAACCCAACAGGGTACTCGAACTTTTCGCCGGAATTCTCAAGAATCTTCACCGCTTCGCGATATTCGACACGCTCAAAATCATTCGTAAGCATATTTGTAAGCTTGGCCTCAAGCTCTTTGTCGACAAAATTAAAAAACAGTTCAAGGTCTTCTTTGCAATTCTCCATCAAAAACCAGATAAGATACTTCACAAACTCTTCGGCAAGAGTCATATTGTCGTGAATATCAGCAAACGCCATTTCCGGTTCAATCATCCAGAACTCTGCTGCGTGCCTTGGGGTATTACTGTTTTCGGCGCGGAATGTCGGTCCAAAAGTATAAACACTGCCAAGTGCACACGCATAGCTTTCAGCATCAAGCTGACCTGAAACTGTAAGATACGCCGCTTTGCCGAAAAAATCTTCCGCAACAGGTTTTTTCGTATCCTCAAGGGTTGTCACGCGGAACATCTGCCCGGCACCCTCACAGTCAGAACCTGTAATTATCGGTGTATGAACATAGTGAAATCCACGCTCACGGAAAAACTGATGCACAGCAAATGAAGCCTCGGAGCGGATACGAAATATCGCTCCATATTTATTCGTTCTGGGGCGCAGATGAGCTATCTGGCGCAGGAATTCGTCTGAGTGGCGTTTCTTTTGCAGAGGATATGTCTCCTGGTCTGCACCACCAACAAGAGCAACTGCCTTCGCCTTAAGCTCCCACTTCTGACCTTTCCCTGGTGATTCTATAAGATCACCTTTTATCTCAACAGATGCTCCGGTATTAATATCCTTTAAAACATCGTAAGTTCCGATATCTTCATCAGCAATCGCCTGAAGATTTTTCAGACATGAACCGTCGTTCAGTTCCAGAAACGTAAAATTCTTCGAATCTCTTTTGCTTCGCACCCACCCATGAACAGTAATATCACTCTCAGGATGCTCTGCGTTTAAAAGGTCTTTGATTTTGTTTCTCATTATCAAAC
CP179935.1_gap48	1796055	1799359	3304	AAAACACGGTCACTCTCGTTTATGCCGGAATGCCGGCAATAACTCTATTTACCTTTAAGGTTGTAAAACGCACCAAGCCCTTTATAAGCTGCCTGATCGAAGAGCTCTTCCTCTATGCGCAGAAGCTGGTTGTACTTGGCTATCCTGTCTGTTCTACAAGCGGAACCTGTTTTAATCTGTCCGGCATTCACAGCAACTGCAAGGTCTGCAATAGTTGTGTCTTCTGACTCGCCTGAGCGGTGAGAGATAACACATGTATACCCTGCTTCTCTTGCTGTCTGTATAGCATCCAGAGTCTCTGTGAGGGTTCCTATCTGGTTCAGCTTAACAAGGATAGAGTTAGCGACTCCTGTTTTGATACCCCGTGTAAGTCTCTCTGTGTTAGTGACAAAAAGGTCGTCCCCCACAAGCTGGCATTTGTCGCCGATAGCGTCGGTAAGAAGCTTCCATCCATCCCAGTCATTTTCATCCAGACCATCTTCAATGGATATAATAGGGTACTTTTCAACGAGATATTTATAATATTCCACCATCTGAGCAGATGTTTTTTCCGGCTCCGCCTCAGCTTCGAGGACATAAACGCCTTTATCTTTGTTATAAAATTCGCTTGAGGCTGCATCAATAGCTATGTAGATATCTGAACCAGCTTTATAGCCCGCTTTATCGATAGCTTCGAGGATAACTTCTATCGCCTCTTCGTTAGAGCCAAGGTTCGGAGCGAAACCGCCCTCATCCCCGACAGATGTGCTCATCCCTTTTGCTTTCAGCACGCCTTTAAGTGTATGAAAAACTTCAACACCCATTCTGAGAGCTTCACGGAATGATTCTGCGCCGAGAGGCATAATCATGAATTCCTGAATATCAACGTTATTATCAGCATGTTCGCCGCCGTTAAGTATATTCATCATAGGAGCAGGGAGAGTACACGCGTATGCACCGCCGATATATTTATAAAGCGGAAGCCCACAGGACTCCGCAGCAGCTTTTGCACAAGCGAGTGAAACACCGAGAATAGCGTTTGCGCCAAGTTTCCCTTTATTTTTTGTACCGTCAAGCTCAATGAGCATCTCGTCAATAAGCTTCTGCTCTGTAACATCAATCCCCTCAAGCTCAGGCGCAACGATTTCATTAACGTTTTGTACAGCCTGAAGCACTCCCTTGCCGAGAAAACGCTCTTTGTCACCATCACGAAGCTCTACAGCTTCATATTCGCCGGTGGAAGCACCTGATGGAACAATGGCACGCCCCATAACGCCGCCACTTGTCACAACCTCTACCTCGATTGTAGGGTTTCCTCTTGAGTCCAGAACTTCTCTGGCAAAAACGTCAATGATATCAGTCATAGAATTCTCCTCAGTATATATGATTTAACTTTTTGGTATGAAATATAAGAGGCGCCCGTGCCCCCCTTTTTCCGCCCTCAGTATATATTGATGTAGGATCAAAAAACAACATTATTTAAGTCTTAAAAATATTTTTATTGGTATTATTACAAAATCAGTCTATTTTTATATTATTAGACATCTGAAAGGTACGAACAGAGGTTATATGTTGAAAAGCTTTATTTATACTAAGAAAAAGTATTACCTCCTTTTCTCAGGCTACTTTCTAACATTTGGTGTAGTCATCGCCTTGCTCACGTCCTTTATAAATTACAACATAAAATATACAGATATTGAGAAACAGCTAAAGTCCCGTTCACAGTCTGAAGCGGCATTAAAAATAGACTTTCTTACAAGCTATGTGTGGAACATAGAGCAGGAACTCGAATCTCTTTTAAATAACCAGATCACCCTTAACTTTATCCACCAAGAAACCGCAGACAGAAGAAACCAGCTCCAGAGCCTCTTTTACTCTGTCATGTTCTCTAACAAAGATCTCATGCAGCTCAGATTTATTGATGCAGCCGGCATGGAGGTCATAAGAATAGACCGCCCTGATTATGACGGAGGTATAAAAATCGTTGAGCAACAGGATATGCAGGACAAAAGCGGAAGGTACTACTTCAGGCAGGCATCAAAATTACCTGAAAAATCTTTCTGGCACTCTAACCTCGACCTAAATATTGAACACGGCACAATTGAAGTCCCTTACAAACCGACATACAGAGTTGCAGCCCCATTATATGTTGGACACAAATTCAAGGGTATAGTTATAGCAAACCTCTTAATGAACAACATACTCAGCACCTTATCAAACTCTGCCTATTTCAGCGTATATGTTGCTGATGTTTACGGTGATATTCTCGTCAGTCCTGAACCGGATAAGTCGTGGAGCAGATACCTTCCTAACAGACCAAATGCAGAAGATATCTTCCCCGAACACATTGATGTAATAAAAAAGAAAGGGGACGCCATCCGGGATGAATTTTATATGTTTTGTCTTGAGGATATCTTCCTTAACAACGAAGGGGTTAAGCTTATTCTTGCGCCGAAAGACGAGGTCATGGGGCAGCTCAAAAAATCTAATATACTGTCTGCAATACTCATAACTCTCATCGTGTTGCTGATATCCATCCCTCTTTCATGGCTTGCATCATATCTGCCGTCCAGACTCCAGTCCAGTCTGCTCAACGCCTATGAAAAGATAAAAGAGTACAACAAAATGATAGACAGACATATCTCTACCAGCAAAACAGATATACACGGCAGAATAACAGAAGTGAGCAGCAAATTCACCGAAATAACAGGTTTCAGCAAAAGTGAAATAGTAGGCAAAACCCATAGAATCCTCCGCCATCCGGACAACCCTTCAGAGCTCTTCGAAAGTATGTGGCTAACCATAAGCAACGGTGACACATGGCAGGGAGAGATAAAGAATGTCAATAAAACAGGAGAAGAATACTGGGTACACCAGACTATCTCACCTGAAGTTGACAAATACCAAACCATAATCGGATTTAATTCCATTTCAAGAGATATAACAGACAAAAAACGGATAGAGGAGCTGTCGGTAACCGACAGACTCACAAGCCTGTATAACAGACATAAACTTGATGACGTACTTCAATCTGAATACAGCAGGCACCAGAGACACAATACTGATTTCTGTGCGGTTCTCATTGACATAGATCACTTCAAAAACGTCAATGACACTCATGGGCATCAGACAGGGGATAAAGTACTTGTAAAGCTGGCAGAATTACTCAAAGCCAATACAAGAGAGTCAGACTATATAGGCAGGTGGGGCGGAGAAGAGTTCCTGATTATCGCTGTGGAATCAAACCTTGAAGGGACTGCATTCTTGGCGGAAAAACTTAGAAGAATGGTTGAAGAAACAGATTTCCCTATTGTCGGAAAAATCA
CP179935.1_gap49	1892362	1896799	4437	TACTATCTGTTTTCTCAAAATCATCACCGACAGTTAACAGACTCCAAAATCCTGCAAGCTTATTTTGTATTTTCTCTGACATTCTTTTGTACCAAACGGTTACACTCATGGTATTCTCCGTTTACTTGTGGCCACAATGTTATTTGATTTTATACTTGTTTTTAGCAATGTAATATCCAACACCGCAGCCAAACAGAAATATTACAAATCCGCCCATTTCTGATCCTGATTATGATTCCGGCACTATTTCGGGGTTGCTAGGAGTTTCATTTTCAAGTTCGTCTTCGAACTCATCGAAAGAGCAGGACTCTGCCTCCTCTGAATCTCCAAACAGAAACGCCGCACCAACCACAGCGGCAGCACCAATGATTGCACCTATTGTTCCATATTTTAACCAGCTCATAATATCCTCCTTACGATTTTGTTATCATAAGCTACCACAGCAGGATTCCAGAATATGGAAATATTGAAAAATAATTTTAGACGGCAGGTATAGCTTCAGAATAGGTGGCGGGTTTAACTCCAGAATGAGTGGTGGTTTTTAGCAGAATATTCACATCACTCTAATCAATATTTGAAGTATAAAAATGAACATAAAATAGTATAGGCCAAGAGAATAGCCTTCTCCAAAAGATAACTTGTTCATAGGCTTCTTCATAATTTTATTAATTCTAGTAAGATAGTTAAACATAATACACTCCTTTCGGATAACCGTAAGCCTCAATTAATAATACTTTCGGTTTTACGAAAACGCAAGTAAAAGTTTGCGATTTTCCGAAAGAAGTTGTATTTAGTATATATGGTCGATATCAGATTAAAAGACGAGTACCTTGCCCAACTTCGGGAGAGGTATAACACAAACACACTAGGCAAGATTCTGAACTATGACACAGCCTTTAAGCTACTGAAAGACGGTAACGCTAACATCACCATGCGAAACTTCTACAAACTATGCAAAGCTATGGACTGGGAGTTTCACTTCGCTGTCGAAGGAAAAGAAGAAATCTAAATTTTATTCATATGTGCTGACCACGACATGATCTGACAGTTACCCTCTTAAGGTTCGGTGTCAGTTAACTGATAAGTGTCAGTTCTTCTCTATTCATACCCAATATTTTTTCCTTTGCCAACGAAAGATTCTCTGCGAATGTTTCCATCGGAGTTCTGCCTTGGCAGCGTTTGCCCTGATGTGTCCTGTCGTAATTGTACTTATGGAGCCATTCATCAAGGTCAATCTGAAGCTCCTCTATACTGTGATAGATTTTCTTTCTGAAAGCGACTTTGTAAAATTCATCCAGAATCGTTTTGTTGAATCTCTCACAGATCCCATTCGTCTGAGGGCTGATAATACTCGAGGATGAATTAAAAATATTTTCTGAGCTGAAATCCGGGTCTTCTAATAGTGCTTTTTTTATATTTATAGCTGTTTCGCCGTATGGCAAGGCTTTCACTAATTCATTTACAATATCTTTAAACTTATTCTTTTTTACAAAGTCTGAGATATACTGCTGATATGATTTAAAACTTTCAGTTTTTCTTGCCAGCTCGTTAATCTCCCTGGCAATTATCTTAAGGTAATAGCCTTCGCTCTTATAATCACTCATATTCTGGACAAAAGAAACTTTTATACTTTGATAAGTATCATGAATTTCATAAAGTAATTTCTCAGCAAACAGACTTTTCCCCACACCGGAAGGAGCACTTAGAATATATACTTTTTTACTCTCATAATATCTTTCAATATCTTTAGAAAGATACTCCAGTTCAGCTTCTCTGTTTACAAAAGAATCAATAAGCATCAGTCATAATTCCTAATTATCGTTAGTTTTTTATTATTTTAAATCAGATAACGGAGATTGTAAACATATCTATATTGTGAAGACTTTAATTAGATTAGATAAGAACGGTTTAATACTATCTTATTTGTCGCATGGGTGCTTTTGCAGATAGATACCAGCGGCGATACCTAATGAGCCAAATACCACGCCGAAAATTGCCAGAAAGATGAGACCTGTCATATTCACGCTCCTAACATAAAGTAAGGTTTTTTGATTTAGGAATCAAGGGTAATAGCATTAGTCCGATACAAAAAATGATTCGACACTACACCCATAGTATTTTGCAAGCAGATACAGGTGCTTCAGATTGAAGTGTTTTCCGTTTTTGAGGTTTTCAGCCTGATTTACAAAGGCGGTGGAGCTGTGACCAAGAGCTTCGATGGCAATTTCTTCTGTGGTTTTGCCGTGCTCCATACGCATGTGCTTCACATTGTCTGAAACACGTTTGAGAAACTCCTGATAATCTTCCATTTTGCAACCTCGCGTTTTCTAATTATCCGCTAGTCGCTCTATTTCATCATTTTCCTATAGGTAAATATTTTCCTTGAGGTAATTAAACACTGCTGGTAATTTAGAGATTATTATTCGGAGGTTTATATGCGGATTACGTCCTTATTCATTTACATGCTCATGGTGGTCGCTGTCACTGGTTGCGGCGGCGCGGCTGTTCAGCTAAATGTACCAGCCAAGGCAGAGATAAAGCGAGAAATAGGCAACAGCACCCTAAGAGAGAAGATTGCCCGAATAGGCAAAGTCAACTTCCTATACGCCAGTCACCCGGTTGAATACATCAATCTTTCAGAATCTAAAACGGCTATTCTAACAGATGGCTACTGGTTCGATTTTGTCAACAAAGCACTCAGGGAGATTTGTGACAGCGTCAACGGCACTCAAACAGCACAACAGGAGGTAATTGACTCATTTACAGGTCAAGAAACAATTCAAAGTATCACTGTAGAAGCGAATACAAAAAGATGGGATTGTACCGAAGGGAGCATCGAATTCTCTATCGATTCGATAATAACTAACAGCTCATCACAAACAACAATTGGTGGAGGGCGTTCTCCAAAGATTATGATAATGGTTGAGAGCTCATATTCCGGCAAACCAGTTTTATCCGAGAATCAGGCAAAGATGATGTCAATATATCCTGAAAATGTGTCGCTTAAAGAATTTTTAGAATCCAAATTTGCCCTATTTAGAGGCAAGGCAGCAACACATGTAAGAATTCAGCCGGATGGGGCTATATATCAAGAATATTACATGAAAAAGAATAACGTTACCGATATAGATAAAGATTTGGGTATCCTCTATGACCTGAATGCCCTGTGCGCTCATAATGGTGGTTTCGCCGCGCCGATAAAAGGATATAACAAGTCTGATATAGCCTATTCTCTGATCCCTGCTGATGCAACATTTCAGTGCACATCAAAGACTCGCCCATTCTATGTCAGATTTCAGGATGTAGGCGGCAATAAGTACGCAATATACGCAAAAGAAGGAGTGCTGAACATTGCCAAACTTTCAGGCAATGCGCCCCAAGCCTTAGACAATACAAATATGTCACTCAAAGAGATGCTTGCGAACAAGCTTCAGGCACAGATCGGTGCTGCGGATCTGAACAAGCAGAAATACGTATTAGCTGTTAATGAAAACAATCCTGTCATGACCATATCAGACATGAACTTTGTTACGGAAGTGCACTGGATATATAAGACAGGGCAGTGTGACCAGGTCGCTGCCGTTACCACAAATACAGATACGAACAGTTTTGATAAGATTGAAAATTATTTCAGGTGCGGTGATTCAATGAAGAAACTAGGCGACTCCCCTCTTCCAACTGCCTTACCCGGCTCATTGGTTCCCAGAGTAGATGGTATTGTTAAAACTGTTGACCAGTCAGGCTCTATATTCATCACGGACGTATACAGTGGAGTGATGATAGTTGGGCGCGAACTCGAAAATTATAGGATGAAGTACATCTACTTCATAAAGGATAATAAACTGATATATCTAATAAAGAAATAAGCAATATCCGCCGCTGGAGCAATTTAGCGGCGGTTCTTTTCATCATATTTTCGATCAATTCTATGCTCAACATAAGTACCGATCGTCAACATAGCTAAAAGCAAGAATATTAATAAGTATAAACCAAATATAGGCATATCGTTCACCTCATGGTAAATAATATAGTCCTAGTTTAATAAATTGCAAAATAAAATGACGATCAACAAGGGCAGATATCAATATGCATCAGAACGGCTCAGATAGCCTTAAAATCAAAAGAACATCTTTGCCGAAAGGCGACATACTATAAAATGACAAAATCACGCACAGTTTAAATCTTCGATTCTCAGCAATATTAGCCACTTATAGGCTCATTGCACACATCAACGGCTAATAATGACAGCATATAAGATTTAAGAACAAACCATAAAAAATAATTAAGCTAACAAACTAAGAATACCCTGTCTGAGCTATAAGTAAATCAGACAGGGTTCGTAATAATAAGAAATTAAATAGTCAGACAGGGTGAGAATAAATATTTATTACTTATGCACCCTGTCTGCTGGGAATAAGGTTTCACTCACATAATTCC
CP179935.1_gap50	1902304	1906056	3752	ATTTCCGGGAGCCCTGATGAAAAGGCTGGCAGGTGTCGGTGCAGGGGAGAAAGCCCCATGGCCGGAAAAAAACGAACTTGTCTGGAAAGTTTATTCTAAGCTGAACTCACTGCCTTCTGAACAGTTCTACGAACATATAAGGAACTACCTCGAAGGAGATATTAACGGAATACGAGCTTACCGGCTTGCCGGCAGGATAGCGGATGTATTTGACCAGTATCAGGTTTACAGACCGCAGATGGTTCTCGACTGGCTGAGTGTTAAACCGAAAAATCCACCTGTAGAAGATAATGATATATGGCAGATGGAGCTTTTCCGGTCAATTTTCCCTCATGGTTCGGGATGTAAAACAACTATCTTCGATAAATTCATAAAAAACTGCACAAAAGGAGCAAACAACTGCCCCGCTCTGAAAACTCCTATACACATATTCGGCATAAGCGTACTGCCCGCTTTTTTCATAGAAATGCTCAAAGCCGCATCGCAGTATACAGACATATATTTTTACCTGCTGAGCCCGACAAGACAATATTGGGGGGACAGCAAAACCATAAGAGAGAAACGCAGACTGGAGAAAATCACACAGAAATCAGCAGAAGAATTATACATAGAAGAGAAGCATGAGCTTCTTGATAATCTGGGTGTAATAGGGAGAGACTTTTTCGACTATCTGTTCGGTTCTGACGACAGCTTTCTCACAGAAGAGGAATATTTTGACATAGCAAAAAACTCTGTCCTGCAGACAGTTCAGGCTGAGATACTCGATCTTGAATATGGCAATGAAAAACCTTCCCACGACAATTCAATTATCATAAATAACTGCCATAACCCTCTCCGTGAAATGGAAACTCTCTACGATCAGCTCCTTGAACTTTTTAATAATGATCAGACACTGAGACCTTCAGACATACTGGTAATGACCACAGACATAGAGAAATATGCGCCATACATCAAAGCTGTTTTTGACAATCCATACAGCGAGCGGGAACGCATCCCATACTCCATTGCCGACGTGAGCGAAAAGCAGACAAACAGACCTGCGGGAATATTTCTCGAGCTACTAAGCACTTTGCGAGGAGACTTTAGCTTAGCTGATGTAATGCGCATACTTTCATACGACTTAATAGCAGATAAATTCAGTATTAAGCGTTCCGATCTTTCCACGCTCTCCACCATGCTTCAAAACGCAGGAGCCATGTGGAGCTACGGCAGGGAGCACCTCAGAAAGGAGGGGCTTACCATTGACGATACTTTCACATGGGAACGCGCACTGCGGCGTGTTGCGCTCGGACTTGCGGAAGGCAGCAGCGGCAGCATATACAGCGAAGCAGCGGTAAAGAATGTTCCATTCTCTCTTTCTGTACAGATAGGCGGACTTATGCGTTTCGCAGATTTGTCTTCAAAATATGCAGAACAGATGAATTCGGAGAAAACAATACCAGAGTGGTGTGCTCTGATGCAGGCTCTTGCAGATGACTATATCAAAGAAACTTTTGATAATGCCGATGACATATTGCACCTTTCAAAGTGCATAGCAGACATAAACACAGAAGCAGAAAACGGAGACTTCACAGAGGCTGTTCCGGCGGCACCTGTTCTGGAAAGGCTCACAGAATCGCTTTCTGAAACACGCGGAGCAAAAGGATTTATATCCGGACGCGTCACCTTCTGCGCCATGCTTCCCATGAGAAGCATACCATTCAGGGTTATATGCGTGGCGGGACTTGACGAAAATACTTTTCCCAGACAAAAAGTATCTCTTGAGTTCGACCTGATGGCAAAAAGCCCTAAGCCGGGGGACAGAAACAACAGAGACAGCGACAGATACCTATTTCTTGAAACCCTCATATCCGCTCAGGATACCCTTATACTAAGCTATACCGGTCAAAGCGAACGTGACAATGCAGAACTGCTGCCATCAACATTGATAACGGAACTGAATACTCACCTGAAAGGCAGATTCGGTATAGAAGACATAACACTTAAGCAGAAATTACATAGTTTCTCACGTGATTACTTTTCGAATGAGAAACTATTCACATATTCATCTGACAAATATAATACTTCAAGAGCCTTCTCGTCTGAAAAGACCGGACACAGGTTCAGCACACTGCCCATTGAGGTTCAGATGCCTGACGAGGTCTCTCTGGCAGACTTTGAGAACTTCTTTATAAGCCCTCCGGACTACTTCCTGCGTAAGGTGCTTGAGATACGTCCGAAACTGCGGGATGAATCCCTTCCGGAAAATGAAATCATGTGTCCGGATCCGCTATTGCAGTACAAAATAATAGACAATGCTCTTCGTGAAAGACTGGAGGGCAAAGACCCTGATAATGCATTGGAGTATCTTTACAAAACAGCACAACTCCCTCCAGAGAACCTGGGCAGACTCTCCATCACAGAAACTCTGAATACCAGCATGGAGCTGAACAGAACCGTCACAGAAACACTGGGCGGAACACCCGAAGAGCAGAAAATCGACAGTGCCATTGACGGTCTGCACATATCAGGAACAATATTCGGCGTAAGCGGAAACAGGTATGTATATGCCAAACCTGCAAGTATAAAACCGAAAGACATCATCAGAGGGTGGATAAGACATCTTCTCCTTTGTCAAAAAGCATCCATAACTACGACTCTATGCGGAGGCGGCAACACGGTAGAGATCCCGCCTGCGGACAGTGGACACCTGAATAATCTGGTGGAGATATTCAAAGAGGGGCATAAATCACCTTTACGCTTTCACATAACTGACGGAATACGTGAGCTGAACGATAGAGTGTTAAAAAGCTCTTTTCTTGAAGACAGCCATAACAGCGTAGCGTCCGACTATGCTTTCCGCATATGCTTCGGAGCAGATACAACGCTTGACAGAGACGCAGCAGAAAAGATTATTAATCCCCTACTGCTGACACTGAGGGGTGCGAAATGAAACGCAAACAGATGGAACTGCTTACCGCCCCTCTGACAGGCACAAGCCTGATAGAAGCCAACGCAGGTACAGGAAAAACATACAACATTACCGCCCTCTTTACACGAATGGTCACAGAGCTTCAGTACCCTGTGGAGAGCATCCTTGTAGTTACTTACACAAATGCCGCAGTGTCTGATCTGAAAGCCAAAATATATAAAAGGCTTAATGATGTACTGCTGGCTATGGTCTCCCTGCGGGACAGCGTAGAAATAACTATGGAGGATGAATTCCCTCTGGACTATGCCCTTAAGCGGAAGGAAAACCTCACAAAAGATATTAAGCTTCTAAAAGGCGCTGTGCGTGACTTTGACCAGTGTGCGATATTCACAATACACGGCTTTTGTCAGCGCATGTTGAAGGAAAACGCTTTCAGCGGACATGTTGCGTATGACATCGACCTCACCGGCGACAGCAGAGAGATATTGAAAAAGCCTGTATATAACTTCTGGCGGGAAAATATCTATAAAACGCCGCAAGAGGCTATAAAACTTCTGAAAAGTCTTACACCGGACAGCCTCATCAATTTTTATATGCAAGTACAGAGCAATCAGTCCATAACCGTAGCCGAACCTGCGGTGATTGTGGAACCGGAAGATATCCTAAAAATAATATCCGAACTGACAGACTGCATGACTACAGTAAAAACCTGCTTCACAAGCAACGAAACGGAGCTGAGAGAACTGCTTGACAGCAAAAGAAAAAACTTTCCACTGGACAAAAGGTCATATCAGGCGAGATATGTTAATGACTCTTTTAACGAATTAAAAAAACTCACAGA
CP179935.1_gap51	2099122	2103059	3937	TCCTTATGGCATATGGCATCATTGCATCATCCTTTTATAATTATCAGGTCGATAGAGTTCTTGCACCCGGCGAAAGCTTTAAGTTTGAAGAATATACTCTTCAGGTTGCAGATGTTCAGTTTAAACAGCGTAAAAACTACACCTCTGCTTACGCTCCTGTCCGCGTTTTTAAAGACGGCAAGAAATTATACACTCTTGCTCCTGAGCGCAGATTCTACGATAAAAATCAGGAAGCATTCGCTGAAGTGGCAATAAGGTCTTCCCTTAAAGGTGATCTTTACCTTATACTGTCGTCCTATTCTAAAAATGAAAACTATGTTGGTATTCAAGCAGTTTATCAGCCGTTGATAGCTTGGGTATGGATAGGGTGTATAGTTATGGTACTTGGTGGTATATACGGTATATCAGGACGGAAAAAACAAAATGTCTGAACCTCTTATAAAGTTCAGCAGCGTTAATAAAAAATACGGGCACATCCACGCACTGCGTGATGTGTCCGTCTCTTTTGAAAAGGGCGAGTTTGTCAGCGTCTTCGGTCCGAACGGTGCAGGTAAGTCAACCTTTTTAAAACTCCTCTGCACAATGACATCCCCCTCATCCGGAGAGATAAGCTATGAAGGAGTTCCTCTGAAAAAGCTCAGAGACGAATACCGAAGTAGATTCGGGGTGATCTCGCATCAGCCGTTTTTATATTCTGAACTTACAGCTATGGAAAATCTTCGTTTCTATGCTCAACTCTACGGCGTAAAGCACATTGACGAACGCATAAAAGAACTGCTGACAAAGGTCGAACTTTATAAAAGACGTAATGACAAAGTTAGAGGCTACTCCAGAGGCATGCTGCAAAGACTTTCTATCACACGAGCTCTTTTGCACAACCCCGACATTGTTGTCCTTGACGAGCCCTACACGGGTCTCGATACACACGCATCTGACATACTGACTAAAATATTAACAGAGCTCTTTGATAGTCTGCGTACAATTATCATGGTTACCCATAACATGAAACAGGGGTACGATGCAGCTTCTCGACTTGCGATTATCAGGCGAGGGAAGCTTGTTTTTGATAAGAAAAAGTCAGACATTTCGCTCACTGAATTTGAGCGGTCATACACTGAGGCGGTGAGCTGATGAACTATATGCAGTCACTCATGGCTATCATACGCAAAGACCTGCTGCACGAACTCAAGTCCAGAGAGATAGTAGTGTCTATGCTTCTCTTCTCTGTTTTAACTGTTGTGGTTTTCAGTTTTATATTTGAGCCAGGCTCAGAGTTTAAAAACCGTGTTGTCGGAGGTATATTGTGGATGGCGGTTATCTTCGCCGGACTGCTCGGGCTGAACAAGTCTATGATGAGCGAAGTCAACGGCGGTAACTTTTCAGCCCTACTACTTGCTCCGGTTGACAGATCGGCTATCTTTTTCGGAAAGGCGATAAGCAACTTTATGTTTATGATGGTGGTAGAGCTTATAACCATCCCGCTCTTTACAGTTCTCTATAACATAAGCATCTTTAACTCCAGCTATATGCCTATGACAGTTTTTCTAATGGGAACTTATGGATTTGCCATATTAGGCACCTTGTTTTCCATTATATCTGTCAACACAAGAACCAGAGAGGTTATGCTGCCTCTCCTGCTTCTACCTGTGATGGTACCGGTTATTCTCTCCGCAGTTCAGGCACTTAACATTTATATTCTTGGTGAAGATCCTGCACTCGCTCACAAATGGTTGAGTCTTCTTGCAGTATTCGATATTATATTTACAGTCGTTGTGTTTGCAGTATTCGATTTTATAGTAGAGGATTAATATGAAATTACAAAAGACATTAGATGTCGCAGCTATTTCTGCTGTGTGCATTGCACTTTACTTTGCATTTATTTTCGCTCCAGCCGAACTACACATGGGCGCTGTACAGCGTATTTTTTATTTCCATGTGGCATCTGCCTGGATAGCTTTTTTCGCCTTCTTTGTGACCTTCGTACTCAGTATTCTGTTTCTTATTAAACAGAACTTTTTATTTGACGATATCGCAGAGAGCAGCGCAGAAATAGGTATTCTCTTCTGTACAATAGTCCTCATCACGGGTCCTATATGGGCAAGACCTACATGGGGTGTCTGGTGGACATGGGATCCGAGACTGACTACAACAACAATTCTCTGGTTTATATATGCAGGTTATATCATGCTTCGCAAATTCATCGATGAACCTGACAAAAGAGCTAAGTTCGCTGCTGCGGTGGGGATAATAGGCTTTATAGATGTACCGATAGTTTTCTTTTCCATACGCTGGTGGCGCACAATTCACCCGAATGTTGTTCAGGAAGGCGGAGGCGGTCTTCACCCTGACATGCTTAAAGCTCTGCTTATAAGTGTATTCGCATTCACTCTTTTATACGCTGCCATGCTTCTTAAAAGAACCAGAGTCGCATCACTCGCACGCAAAATAGATTCACTGGAGGGTTAATTATATGCAGAATTTTTCATACCTGTTCGCAGGATACACTGCTATATTTCTTCTTTTAGGTGCTTATTTCTTTATACTCGGATCAAAAGTTTCTGATCTGGAAAAGAGAGTCGAAGCCCTTGACAGCGAAGAGGATTAATCAGACTGACGCAGGTGCAGCCTGCCTAAAAGTATCGTAGAAAACATCATTATGCCGAGGAACACCAAAAACATGTTCCAGTTGTAGTTTTCATAAACAACACCTGGCAAGATAGAACCAAGTGTTCCTCCGCAGTAATAGAATGATACATAAAGACCGTTTGTTACGCCTTTATTCTCATCTGCCATCTTATTAATGTACCCTGATGCGACAGTATGGGTCATAAACATACCCGCACAAAATACGAACATACCAAAAAACAAGATATATATGTTGACTGGAATAAACAAAACAAGAGCCATAAGGAAAATAGTAAGTCCAGCGAGGATTGCATTTACTTCCCCCCTGAATATTCTGATTAGTTTTAGTGAATTAAGAGATGTCACAATTCCCATTATGTAGCCGGTGTATATCACTCCAATCAACATAGCACTTGAGCTCGGATCAATCTCACGCAACCTGTAAGGGATAAAATTCATAACACCTGTAAACATAAAAAACATACTGAAGACCATCATGTAAGTTACAAAAAAACTACGTTTCCTAAGAATTACAGCAGCAGCTTTAAGATCTAGCTTATGTACCTCTGCCTTACTGCTCCCCAGACGCCATATCATAATGACGGCTCCAAGCAATGAAACACCAAGTATAAAAAATACTGTACGCCAGTTAGTGTAATATGAAATCAGACCAGAAAAAAACCTGCCTGAAAAGCCACCTATGATGGTTGATGAAATATAAATTGCCATTATTTTCTGAACATTATCTTTTGTAGTCATACGTGCGATATAAGTCATTATACCTGTGAGTACAGCAGGGATAGCCAGCCCTTCTATTACGCGCAAAACCAGGAGCAGGTTAAATGAGTCAGATAAGAAAAAGATGAACTGACAGATTGCAATCACAATGAGCGAAACAAGCAACATCTTTTTTGACGATACAGACTCCAGCATATAACCATAAAATATAGGTGAAATACTGAGAGGAAACATAGTCACAGTAGTCAGAAGTGCTGATTGAGACTGCGAGATATTAAAATATTCCATTATTATGGGCTGCACAGGCTGAGGTGCATAAAGTGCAGAGAATGTGAGTATTGTGGTAAATATTATTATAGCCAGTCGTGATTTATCCATGCAGTCAGATTAATACAAAAATGAGATTATATAAAGATCAATTAGTGTATAAACAAAAAAGGGCCCACCACATTGGCGAGCCCTTACTTTATATCAAATCGTAATTAATTTGATTAGAAGCTGAGTGAAAGTGTGTGGAACAGAGCCATTGCTGGATCTGGATCAACACCGCTAACATCAGGATCAACAGATGCGT
CP179935.1_gap52	2109838	2111028	1190	TTGCAGACAGAGACGGATCCACTGATGTTGTTATAGTTGACAGATTCGGCACATTAGAAGAGCTTTACATCACATCGGACAAAATTTTTATCGGCGGGTCGCTAAACCACACAGGCGGACACAACATCTTCGAAGCACTCCAGTTTGAAAAATGTGTGGCGACAGGACCAAACATGAGAAACTTTCAGGAGATATCAAGCCTTGCCTCCGACCACAGAGTCACCTGCACAGTAAAGAATGAGGACGAACTTGCTGAGTTCATAGACAGCCCGGAATGCGGGAAAAACTTCAAAAGCTTTTTCCAGGCACTTGATACCGACAGAGAGAGAAAACTGATGCACCTGAAAGAGGTTCTGACCAGTGTATATAACTCTTAGAATACTTTACTCACTGCTGAGCAGACTGCCTTTCAACACGCTTGAGTTCATAGGGCGGACAACCGGTTCTGCCATGTACTACATACTTCAAGACCGCAGAAAAGTTGCTTATAAAAACTGTGAGATCATAGGCATACCGGAGAAAGACCGTAAAAGAATCGTCAAATCTTCTTTTAAACATACATTTTGTTCATACATAGAATCTTTCTATACTAAAAATATCGACAGCGCATTCCTTGAAAAGATGGTAAGCGTTGAACACCGGGGTGAAAAGCCTGAAAACCTTGCGTGCTTTATGGTTTCCGCCCACTTCGGCGGGTGGGAAGTCGGCTCCTATGTTATGACTGAAAAGCTTGGGTTAAAGGGCGCAGTAGTCGGCAGAAAGCTAAAAGACCCCAAAGTTGACGAATTCATAAGAGAACAACGCAAAAACTCTATCGTCAGCGTCATTTACCATAGAAATGCGACTGAATCGATAAAGAGATACATGGACAAAGGGGAGTCGATAGGAGTCTTTTTAGACCACAGCGCAACCAGCCGTGACTGCTTTGCTGTCCCCTTCTTCGGGATTAATACCACATTCATAAAGGGCGTCCCCCTTCTTGCTGTTCGCAGAAACTACCCCATACTTCCGGCATTCATACTGAGGGAGCAGAAAGGGTTTAAGCTGATAACCTATCCTCTGATGTACCCCGACAAAGCACTCAAACCTAAAGAGAGAGCCCATGACCTCGCACTGCGTATTAATAAGGTTTATGAAGAGATAATCAGAGAACACCCGGAGCAGTGGTATCTTATACATAAAAGATTCAA
CP179935.1_gap53	2134913	2139542	4629	ATAGTTAAACTGACCTGTAGCACTGTCATAAGTGACATTGAATTCATCTGTAGGAATAACGTTACCGTCAATAGCCTCTTCAATTGCAGATGCAAGCTCTGTCAGCGTTGTAAAATCTCTGCCGGCATAGATCTGACTTTCGTAGTACATTTCATCACTGGATTTAGTATCGCCTGCATCGTCATAAACAGATGCGAGGTCGGACATTGCCACTGCCAACAGTGGTGAACCACTGAATGAGTCGATAGAAACATTAGCACCGACAACAGTATTTCTTGTAACATTAATGGTACCGTCAACTACAGCAACTGAGAAATCCGCTGCACCTGCGGCTGTATTAAGCTGCGTTTCAAGTGCATTTGCAAGCTCTGCCATGGTATTAAAATCCACACCATATTCAAGCGTAACCGGATTTGAATTGATATAAACAAGAAGCTGCGGGTCACTGGCAAGATCAAGATTCACATCAGAAGTGTTATATATGTACCCCATCTCCGTCATGCCGGTACCATGAGCCTTCACCTTAATAGACTCGTTATCCGCAAGATCCATGTTCGCACCATCATCACTGTAGACCTGAAAAATACTGTCGCCTGTATCAGCATAGTGCAAAAGAGAAGGATATGACACAATACTAGGGTCTGCATCAGTATCAAGGACTCCTGCAAGACTGGCTTCAGAAGTTACTTTCGCCTGTGCTGTCTGATATGCCGAGCTGAGGACAATGTCCTCTGTGGTGCCTTCTGTAAGCAGTTCACCAGTATCAGGATCGACCATCCACCCCTGAACATAAAAGCCGGAAGAGGTCACAAGCGAACCGGATGTATCAAACCTGAAATCTCCTGCTCTTGTATAAAGAAGGTCGCTGGATCCGGCTCCCTTGATAACAAAGAAACCATCCCCCTGAATAGCCAGATCAGTATTGACAGAAGTGCTCTGCATACTCCCTGTTTCAAATATTGTATCCACTCCGGCAAGAGATGTACCAAGCCCAACCTGAGTTGAGTTAGTACCACCAAGAGTGTCCGACGGCGCTGTGCTGCCTACGAGTGTCTGACTGAGCATATCCTCAAAAACAGCACGACCGGATTTATAACCTACTGTATTAACGTTGGAAATGTTGTTACCAAGAACATCCATTGCCTGTTGGTTTACACTCAGACCGCTAATGGCTGAGTAGAGTGACCGCATCATTTAAGCACCTCCGAGAGTTGCATCTCTCACTGAGGTAACATCTTCCGCAGGAATATCACTTCCGTCAACTTCGTAAACAAGCTCCCCGTCTACGGTTTTGACTCCTGTCACCAGACCGTTACCATATGTATGAACATCTATTTTTTCACCATCTGTACCGATAGCAACAACTGAAAATGTATATTTCCCTTCATCTACAGCATTACCATCGGCATCAGTACCATTCCAGTAAAATGTATTCATGTCCGTATCAGAAACTGATGGGGAAAAACTTCTGACAAAATTCCCTTCAGAGTCTTTAATCGTTACAGTTGTTTTAAATGGAACTTCCTCTGCTTCAAATGACACTGCTGCTACACCATCAGAAAGGTATGTATTGTTACCATCAAACTCCACAAGTTTTCCGATATAGCCAGAGGCAGACATCATAAGCTGCTGCGTATTCAGGTTACTCGCACCGCCAGCTATCTCGCTGAGACTTTTCTCCATACTGGTGAGCAGTTCCACCTGTGTAAATGTTGCTGTCTGTTCCATCATGGCAGAGTCGTCCATAGGATCTGTAGGATCCTGATTCTGAAGCTGTGTTATGAACAGGTTCAGAAAATCTGACTGAGACAGCTCTCCCTGAGTGTTGTTATATTCGATATCTGACGTATCATATTGCTTTGTGTCGACTGTCGTTGTGTTACTTACTAACATAATTCCCCTCCGGTAGATGCCTGTCAGGCATAAATACCATCTGCTTCATCAGCCTCTTCTTCTATATTAGGCATAAGAGCTGATGCTCCGCCGCCGCTTTTCTTACCTTCTTTCCCTTCCCATCCCGCAAATTCTCCATTGCTGAAATCCTTAAAGATAAACTCAAGGTTTTCCACAATTACTCCTTTGTCAGCAAGCTGTTGTCGAAGTGCTTCAGAGTTCGAGCTGAAAAGATGCTTTGCGGTTTCTGATTCAAAAATAACTTTGCCGGTTATTTTCCCTGCCTGTTCGGTAAGCTCAATATTCACCTTGCCAAGTTCCTGCGGATGAAGCTGGATGTTTAGCTTATTCACCTTCTGGGTTTTAGCAAGTTCAATGAGCTCGGCAAATTTCATTATATCTTTAGGGCTCTCAATTTTAACTTCTGTTGTAATCACCTTCTCGGTGAGCTCTGTTTTAATAGTAAAGCCTGTGTCAGTCGTTTCAGTTGTTGTCTTCTCCGAACCCTGCTTTGCATTAACCAGCTCGGCTATTTTTTCTTTCAGATCTGCCGGAAGCTGCTCTGAGTTTTTCTGCTGCACCATATTCATAAGAGTCTCTTTCTTTGACTCCCCCTGACCACTGTCCGCAGAAACCTGCACACCAGCCTGCACATCTGACTGAGTCTGTGACTGAGCTTTTGTCTGGGGTACCTCGTTTTTCACAAGTGTAAGTATGGGTGCTGCCTGTGCCGACTGTATAGCGGCAATCTCATCAAGTGACTGTTCGAGAACCATACTTTCTTTAGGTGTTACTTCCTGTTCGGAACCTAATATACTCATAGCTATCTGTGTAAGAACTTCTTCAGGTTCGACTGGTGTAACTTCAATGAGTGCATCCAGAAAAACAGCTATATCTTCCGCAGAATCTGCTTCGTCCAGCATACGCTTAAGCTCCGCCTTCTGCTCTTCCGGAATATCAAGGTTATCTATAACTTCTTCAGGCGTTTCCGGTTCTTCCGCTTCAACGCTATTCTTCTCTTGTTTTGCAGTGTCTGTTTTCAGCGTATTGTCTGAACTATCTGAACGATCAAGGTATTTTTTGAAAACATTTTCAAATTCTCCCTGCTGCGTCCCTGTCGTTTCAGTGACTTTAGGCACCTGTACTTTTGCCTGTGCGCTGAAAAGATTAAGAATGGACATATTCTCCATAATAGACTCCTCCGGCTATTTAATAGAAAATATGGTGCCAATTGAGAGAATAATAAAAAATGATGATTTATCTAAAGTTTTGAACGGTAAGGTCGATATTAGCCGGCAGTTTTTTCCACAGCTATTTTTTCCATAAAGGAATTTATTTCCTCTGCGGCTGTTTCAGAGGCATTTGTGTCGGGAAAGAAATCCCCTACCTCTTTCAGATCAGATTTAACACTCTCGTATTCGTCACGAATCTTTTCTGTGTAGCGGACAAGGTTAAATGCGCTGGCGTCACTCTGAACCAGTTCAGGGACAACGGCTCTTTTCATGATTATATTAGGCATACCGATATATTTCAACCTGTACAAAAGCCTACCCAGCTGATATGTCAGAAAGCTTGTTTTATAAAGCAGTATAAGAGGCGTGCCTACTATGGCTGATTCCAGAGTTGCAGTACCCGAGCACACCCATAAGACGTCAGAATATTTCATAATGTCATGGGTAAGCCCCGTGGCAAAGCGTATTCTCGTCCCTTTTATCTTTTCTCTGATATAATCTTCGTCCACACCGCCAGCGGCACCAAGCACATACTCATACTCCGGCAGAGAGGCAGCAGCATTTATCATCACAGGGAGCAGAGATTCGATCTCACGTTTACGGCTTCCGGGGAGCATACCTATTATCTTCGCATCAGGTTCAAATTTCCCTTTTGCCAGAAATTCATCTCTGTCTGCACACTTGAATTTAATATCACTTTTCAGAGGATTACCTATGTACTTCGCATTGACACCCTCCTTACGGAGAATCTCCTCCTCAAATGGATATATACAAAGCACAAGATCACAATAATCACGGAGTTTATAAACACGCTTATAGTTCCATGCCCAGAATGTCGGCGATATGAAAAATATAACAGGTATTCCCAGCTTCTGCACTTCTCTGGCAAAACGGAGGTTAAACCCCGGGTAATCAACAAGAATAACGGCATCAGGTCTGTTCTCACTTAATTCCTGAATAAGCCTGTCTTTAACCCTGAAGAGAAAACGAAGTTTTTTCAGAGCCTCGTCGAGACCTATGACACTCAGGTCTTTTATATCATAAAGCTGAACCTGTCCATGCTTTCTCAGATCCGGACCACCCGTACCTGTCAAAGTCACGTCAAACCGCTTTTTAAGTGCAGTGATAAGTGAACCGGCATGAGCATCTCCGGATTTTTCAGCAGCCATGATAAAAAGTTTTAGATGTTTCAATCAATCACCTGTAAAAGACAACAAAAAACCTGTCGCCGGAATAATATTTTCTATATTTAAGATCACCGTTATAGAGAAATATAAGCCAGAGCATGCCGTCTTTCTCTCTCGCTTCAACTTTATAAACATAGCTTACCGCAAACCTTTGAAGAACTTTTGAAAAAAGTTTAGCATCTTTAAAGCCGAATGCAACTATACCGTTCATCTCACGCACTGTCATATCAGGTCTGCCCGGCAATCTGAACTCAAAAGATTCCGTCTTTTCGTTTTTTTCTCTTCTGAATCCTGAAAGTCCGCTATAACCTTTGCAT
CP179935.1_gap54	2143918	2147430	3512	AAAACAAAAAAGCTTTTTTTGACTATGAGATACTGGAAACATTTGAAACCGGTGTTCAGTTAACCGGAACAGAAGTGAAGTCTATAAAGGATTCACGAGTCAGCCTGAAAGAGGCATTTGTTAAGGTCATAGGTAATGAAGTGTTCCTTGTGAACTCCCATGTACCCGAATATCTTCAGGGGAACAGGAACAACCATGTGCCGACACGAAGCAGAAAACTACTCATGCGCAGAAAGCAAATTGACAGACTGATAGGGAAGATTAAAGAAGCGGGGCTGACTCTTGTCCCCCTAAAAATATATCAGAAAGACAGACTGATCAAACTCGAAATCGCACTGGCAAAAGGGAAGAAAACCCACGACAAACGCCAGGTTCTTAAAGAAAGAGACCTCCAACGGGAAATGGGTAGAGAACTTAAGATAAAATAAGTCTCTTTTTAACCCTTGACATTTACGGCTAAAGATATATCTATCTAGATATAAAACAGGAGGCAACCATGAAAAACGTTCTCATAGTTTACGGACACTCAAATGAACAGAACTCGCTTTCCAATAAAACTATTATAGATTATGTAAAGGATCTGCCACATATAACAATAAGAAACCTTAACGAAGTTTCCAAAGATTTCAAATTTGACATAAAGGCAGAACAGGAAGCGCTGACAAACGCAGACGTAATTGTCTTTCAATTTCCGTTCCACTGGTACTCCCTGCCAGCAATTTTTAAGAAATGGCTTGATGATGTGCTGGCATTCGGATTCGCATATGGCCCTGGAGGCGACAAGCTCGCAGGTAAAAAAGTAGTGCTGTCCTTCACAACAGGCGCACCGGCAGACTCATACTCTGTCAGCGGCTCAAACAACTACAGCGTGACACAGCTTCTCGCACCTATCATTCAGTCTGTAAATTTCGTCAATATGATTGTCAGTGATACAGTTTTTTCAAACGGAATGCTTTACATCCCAGACATGGTTGGTGATAAAAACGCTATCCAGGCAAAAGCAAAAGCACACGGCGAAAAACTCGCTAAAGTGCTTGAGAAATTATAATAACTTGCAAATATCTGTTTAATAACTATAATACTATGTACGCAGTAATGTCGCCTGCATGATCTTTTTGGGTTGTGCAGGCGTTTTACGCTGAACTGTTTTCAGTATTTTACAAAAGAATACGGGGGCGCACGGTTTCGACGGGGGATCGTAGGTCTCTAGGTGCATGTCCGGGGCGGCCACCCGGTTAGCAAGCCAACGCAAGTAATTGCAAACAACGAACACACACTCGCTGCTGCTTAATTAGTGGCGATGTCCTCTGCGAAGGCACTCCCGCGGTCTTGTAGAGGGCACAAACTTTAGTGGGATAGTCTGGTGTGATGCCTTGGGCATCAGGCAAAACTAAGAGGATGCTCTTTTCGGTTGGGTCGTCTTTGCCCCTGCCGTAAAGCTAAGATTAATGCAAAGACTAAACATGTAGTACCTTTGACTGAACATACTTCGGACGTGGGTTCGATTCCCACCGCCTCCATTTTTCTTAATTCCAGTAGATTCTTGACACGTCTCATTCTTCTGTCTCCGTACTTGTCATGTAACAGGTCACAATAAACCAGAAGCTGTTCAAAACTTCTAAGCAGATTTCTCGGTACCCGACCGTCAGGAGTTCTGAAAACATACTCATTTGCATTGGTACATTCTTTCAGAGATAAGTCTTTCAAATCCTCAAACCTGTCCTTAATCCGTTCCAGATAGGTTCTTATATTATTGTGAGCAATCAGTTCTCTCTTACCTGTTTTTCCATCAACATAGAACCTGAGATATTCCTCACCATTATGCTTAAAGAACTCGATCTGATTCCATTTAAGGTTTAGACTTTCCCTGCCACACCTCATGCCAGTATGTGCCAGAATCAGTACATAGTCTCTTAGTAACTCTCTGATATCACGAGTTGTTTTTCTGTGACCTGTTTTAGACCATTCAGTCATGTTCCTAACGAGTTTCCTGTACTCATCTTTGGTAAAATGCGGTCTTCTGCTCGCTTTCCGCCCTTGATTTTTGGGGTGTGGAATTTGTGACTTCAATATCCACTGATGCTGAATTGCAATGTCCAAGACATAGTTCAGGGCAGAAGTGTGAGTCTTGATAGTCGATGCAGATGGGACTCTACCTATTTTCTTTCTTCTGAATTCGTCAAACTCTTTCATCTCTTTGTACCCGATAAGGTCGATATTCTTGTTTTTGAAAAAAGGAATGAAATATCGCCTCAAGCATCCGATGTAGTGAGAATAGACCTCCTTGCCGTCCCCTGAATCCAGTTGGTTCTGTAAGTTCCTGATTGCTATATGTGCAACATTCTGGAATTTTTTAGACTCAATCGGAAGGTTATGTTCCGCTCTGTACCTGATCTCAAGGTACTTGTCTAAGGCGAATTTCTCAGCCTCATTTAAATGCTTTGTTTTGCATGATTTTTTAATATATTCATTATTCACTTTCAGTCGGCAGTGGTAGTATTTACCTCTCTGGTAAAGAGCTACATCGCCGTCTTGTAAACTCTTGATAATCTTCACTTAAACACCTCGTAGTAATTATAATATTCCTATTTTGAGAAATACATCTTTAGTTAATGGTTATGCTGGGGAGTTGCATAAAAACGGTCAGATATTCAGAAAACAAATCAGCGAGGAATATTCCTCGCTGATCATTATTGATGAACCTAAGCAGAGTACATAGCAGCAAGTCTCTGTATTACCCGCATGTCTGGGATAGCAATAGCTATCTGTGTGTCACTCAAATTAGGGTATTTCTCACGAACTAGTGCTCTAAGTTCCGGTAACTGTGAACTTCTTGTATTAAATGAAATACAGTGACACCTAGACTTAATAGCAGGACTAAGAGCCTTTTCAATGGGCAGGTTCCAGTCTGTGTTTAAGCATAGTATGAATAGTACATTTGCTTTTTGCGAGTACTCTTCAAAAGGCACTTTATATGCATCTTGTTGTGAGTATGTGGCGTTGTGCCACTCATCGAGTATTATACATTTACCTAGAGGTTTGCTTTCATCACCTAATGTCGCCATAGACGCATAATTGTTAACGGCTCTCAATAATTCACCACTACTTGCACCATTCTTTTTGTATTCATTCATGTCATAGTAGCAAACTTCAGAGCAAAGTGTTTTTGCGATATATTCAGCAAAAGATGTCTTACCGTTGCCTGGTCTGCCGTAGAAGCAGAGAGGACTTGGAATCCTCTCTGGGTTATCTAGCAGATATTTTAATTCCTTCTTCAGTTCTGAAGTGAATAGAAAATCGTTGAATGTCTTCATATTACTCATGATTAGACCCCACTATTTCAAATATTCTGTTGTATAATTCGCCATCGGCAGTAAAGTACTTGTTCAATACTTCCATGGCGTTCTGTATTTCAGTTTTTGCAATGTTGTCTATATTGGCAGATGACTTCAGTTCGAGAACTAACTTACTACTGCTAACACTAACAGAGTCATCTTTTGACTTTGTTTTGG
CP179935.1_gap55	2150657	2153682	3025	GCTGCTGAGATTATACGGTCATCAGGTGTCAAAATTTCTGTATTAACTCCGTATACTACAGTTGGTATTTCATGACCAGCAGGAGCTGATAATATAACTTTCTTTGCCCCTGCATCAAGATGCTTTTGTGCTTTAATTTTAGTAAGGTAAGCTCCTGAACAGTCGATTACAACATCGATATCATGTTTGCCCCATGACAGACTATCTGGAGCAATTTCATGAGTTATATGTATATGTTTTCCATTTACTGCTATGAAATCACAGCCTGTCTCTACTTCATTGTGCATGTCCATTGTGCCGAGAGTAGTGTCATGTTTTAGCAAGTAAGACATCATCTCTGTAGATGCGGGGTCGTTTATTATTTTTATTTCATATCTATTATCGTTAATGATCTGTTTAAATAAAACTCTGCCTATTCTTCCGAACCCGTTAATTGCAATTTTTTTAATCATTGAGTCACTCCTAGGATTATCAAGAGCTAATATTTCATTGTATATAACCTAATAGCTCTTGTTATTCATCAGATATTGTGTTTAAATATACTAAATGATACTAAAACGTATATAAGTTATATTTTATATCTCATTTTAAATTATTTTGCACATTTGTCAAGATTTGGAGGCTTTATGAAATCAAGAGATGAGCTTTCCGTAGAAGATATTAGTGAAATACTAAAAATCAGTAAGAGCAAGGTTTATAGCTTGATAAAGAGTGGAGAATTGCCATCTTACAAAGTTGGACGGAAAATTCGTTTTTCAGAAGATGATATCAAATCGTATATTAAAGGTCTGAAGCAAGCGAGTACGCCTGTTACGCATAAAGCAATCGGTGGTACGGCGAATAAAGGGTTCGTCTTATGTGGTCAGGATATAATATTGGATATACTCTCAAATTATATGCGGCAGCATAATACACCTGCATTGCGGGCGTACATTGGGAGCTACGATAGCCTTATTGCTCTTTATCGGAATCAGGTTAGTGTAGCATCAGCCCACCTTTGGGACAGCGACACTGATACCTATAATGTGCCTTATGTGCGGAGGCTGCTGCCTGGAATTCCTGCTGTTATTGTTCACCTGACTTGCCGCATTCAAGGTTTTTATGTTGCCAAAGGAAATCCAAAAAATATAACTAAATGGGACGACTTTGGACGTGACGATATTACTATGGTTAACCGTGAGCAAGGTTCAGGCTCTAGGGTCTTGCTGGATGAAAACCTGAGACTTCTGGGTATTTTTGGAAGAGACATTTCAGGATATGAAAAAGAAATCCAATCTCATTTAACGGTTGCAAGCGTTGTTGCTTCAGGAAAGGCTGATGTTGCTATTGGTTCAGAGAAGATAGCGAAACAAGTTGAAGGTATTGATTTTGTCCCAATTAAAAAGGAACGTTATGACTTAGTATTTAAAAGAGAAGATATGGGTACCCCTGAGATTGCATCGTTGTTGAGCATAATACGTTCAGACACTTTTAGAGATGAATTTTCTCATATTGGCGGTTACGACACAAAAGATATGGGGAAAATAGTTATTGAATTTTAATGAGTTATTACATGAGGACCTCATGCTTTTATTACCTTTTGCCTTAGGTGCTTTGTCTTGGTTTTTCAGTACGCTGGCAGGAGGAGGAGGGGCAATGATTTTTGTCCCTGTTGCCGGAATGTTTTTTTCGATTCAGACAATTGCTCCTGTTGTTGCTGTTGCAGGTTTGTTATCTGGTTTGAGCAGAATAATTTTATACCGAAGATCAATTAATATTAGAGTCTCACTGCTTGTTATACCCGGCGTCATAACCGGAGCAGTATCGGGAGCATACCTATTCTCTTTTGTTAACCCGATATTGATTGCATATTGCCTGGCTGTTTTTTATTTATTGAATGGAGTATGGGCACTTTTTTTCAGAGAAAAGAAGCTGTTTAAAGTTAAAAACTGGTACTTCCCAATAGCTGGGGCGATTTCTTCTTTTATATCGGGAATTGTTGGTGTCGGCGGTCCTCTAATGAACCCGTTTTACCTCAACTATGGTATGCAAAAGGAGATGCTACTAGGCACCAAAGCTGCTGTCGTTATAGTTATGCAATTATTCAAAGCAGGCACGTACACGACAGTGGGTATGATGGATTCAGGAGTCTTGCTTATTGGTTCTATTGCAGGAATTGGGGCTGTTGCGGGCAATTATCTTGGTCGTAGATTCCTCAAGAAAATTAGTGACAGGACGTTCTCCGTAACAGTTAATCTGATGCTTATTCTTTGTGCGTGTATTGTTGTTTTTAAAAACATAGTATAATGAGTCAAGTTTAAATTTGATGATTTCTGGAAGTATAACTCAGAGCAATTAATCTGTTAATTTAGAGCGAAAAACGTTCTGAATTAACTTGTGAACTTACACACATTTATTACAAAATATTCTTGATAAAGAAGTAAATCTTTTGAATGTTTCGGGGAGGGGGCATTGTTCAGGAAAAGACAGCTACGTATTAAAGAATGTATCGGTTTTCAGAAAGCATTTAAAATAGACCCTTCATAATACACTACCTTCACTTAATTTCTGACCAATTCTAACCACAAAATCTCAATCAAAAATGTACCACGAGTGTACCACAAAAAAAAGACCAGTGCCGAAACACTAGTCTTTGCGTAAGTCATTGATAGTATTATAAAAAAATGGTGCCCAGGGACGGAATCGAACCATCGACACGGGGATTTTCAGTCCCCTGCTCTACCGACTGAGCTACCTGGGCATTTCTTATCAAAAGTGAGGTCTAAAAATATCGAAAAACCTCTGTCTTGTCAATATCTATTTCGTATCTTTTTAAAAAAGATTTAGCAAAGCTTTAATTGCCTGTCTTGCATTGAAAAATCTCCCTGAGTCCCCCTTGTTGCCAAAGGGGATAGCAGGGAGTGTGTGTTTAAAATATGAACCATCAGGTTCGTATATCTAGCTTAAAATATAGCAGGGCTGTGACCATACTATATAGTTCTGCCTATTGCAAGAGCTATTGAGCGCATGCTTCCCATAAGTTCGA
CP179935.1_gap56	2314450	2317001	2551	ATAACATATAATATACTGGTAAAAATATAACTTTTGAGATTAACGTTTTGACGGCAGCTTACAATACGCCACTGTAGCTTCGTTGTTAAACTTTTTTCTCAACGTATAATTTTGTATGAAAGGTTGCACACCTGAAGATATGAAACGGCAGGATATTTTCATTAGCTCATATCTACAATAATTTAGCATACATATAATCTTTGATACCTTTAATACAACTGCGATTTTAAAACACAAACAGCATTATATTCTAAATATTATATTTTCCTATATGTTATCCGGTTAATTTTTATAAAAAAAAATATAAGCCGAAAAAAGATTCATTGAACAGAAAAAACAATGCTCTGACAATATATTTACATCATGAGCATTTACCCCTTCTCTGAACACCCTCCTACAAACAGGTTAACTTAAATTTACATTTTTGACTTTAATTCCGGTGTATGATACTAAAAATATGTATGACATTAATTATTACGATGAATTCTGATTTTTTATAAATGAACTTAATAATATAGGACGGTGTTATTAATGCTAGCTATCGCTTGTATCAAACAAGTACCGGATACCACTCAGGTTCAGATAGATCCTGTAACAAACACTCTTATCAGAGACGGTATCCCCTTTATCATCAATCCGTATGATACCCACGCTCTGGAGGAAAGCCTCCGACTGAAAGATCAATACGGCGCAACCGTTGTCGTGCTCACTATGGGCCCTCCTAATGCAGAGGCTGCCCTCCGTAAAGCGCTGGCTCTCGGTGTAGACAGGGCAATACTCCTCTCTGACAGAGTCTTCGGCGGTGCTGATACTCTTGCCACTAGTAATGTCCTCACAGCAGCGATCAGAAAGCTTGCTGAAGAGGACGAGGTAGGCTTTGTCCTATGCGGTAAGCAGACTATTGACGGCGACACAGCTCAGGTCGGTCCCGGTATAGCCACACGCATGGAGATGGAACAGCTTACTCTGGTGGACAGGGTGGAAAATGTCGACTTTAACGCAAAAAAAACAACTGTACGCAGAAAGCTTGAGGGGCGTTACGAGAGAGTGGAAAGCAAACTCCCCGCTATGATAACTGTCGTACGTGAGATAAACAGACCCAGATACCCCACAGTTCCCATGAGGCTGGCATCAAGGAATGCAAAGGTTGAAGTATGGGACAACAGCGTCCTTAAGCTTGACGTTAACACTATCGGCCTTAAAGGCTCGCCTACGTGGGTCAGCAAAATCTTCTCACCGGAAAGAGACAAAGGTGAAATAATCGGCGACGGTCTTACGAAACCGCAGGAAACAGCTCAGCTTCTCATAGACAAGCTTCTTGAGAAAGACCTTCTGAGTATATAAAGGGGTAATGTAAAATGGCAAAAGTTAAAAAACCAAGAGGCGTTGCAAGGCTCAAGCCCGATACCTGCATAGCCTGCGGAGCAAGGTGTGAAAGTGCCTGCCCTGTAGATGCCGTCACAATGGACGATAATGAATCACCCATTATAAATGAAGAAAAATGTATCGGCTGTGTGAAATGTGTAAAAGTATGTCCGGCGGATGCAATTTTCATGTACTTCACCGAAGAGGAACAGAAGATACTGGCCGAGCTTGAAAAAGCAGGTGCAGAACCGGAAGTTGAAGAACTCTCCGATGAGGACAAAGCTATTGCTGAGATGCTCAGACAGTACAACGGTGTGTGGGTCTTTGTGGAGCAGACAGAAGGCGAAGTTGCAGAAGTTTCATGGGAGCTTCTGGGCGAGGGGCGCAAACTCGCAGACAAGCTCAAAACCGAGCTGTGCGCTGTCGTAATAGGCGAAGGGGTCGAAGGTCTCTGCAAAGAGTCTTTTATATACGGAGCCGACAAAGTCTATACCATAGATGAACCTGTATTTAAATATTATCGCACACAGGCATATCACGAAGCGATGTGCGGACTGGTTGAAAAATATAAACCGGAGATAATTCTCATGGGCGCAACAGGCATGGGGCGCGACCTGGCAGGTGCAGTGGCAACAGAAGTTGCAACCGGACTCACAGCCGACTGCACAGGGCTGGACATCGACGACAAAGGTAATCTGATGCAGACCCGCCCTGCTTTCGGCGGGAACATCATGGCAACCATTATGTGCGACAAGCACAGACCTCAAATGTCTACTGTGCGCCCGCATGTTATGGACATGCCGGAAAGACAGGAAGGGAAATCCGGTGAGCTAATAAGAGAGACATCCAGCGTTAAAGAGGAGGATATATTCTCTAAAGTGCTGGAGATAATAAAAGATAAAGGACACTCAAACGAAGAGGACATTGCAGGTGCAGAGATCATTGTTTCCGGAGGGCGTGGAATGATGAACTCTGACAACTTCAAAATATTGCAGGAGCTCGCTGACGCAATAGGCGGAACAGTGGGCGCATCCAGAAGTGCTGTGGATGCCGGCTGGAAACCCCACTCACGTCAGGTAGGGCAGACAGGCAAAACCGTACGCCCGAAACTTTATATCGCCTGCGGGATCAGCGGAGCTATTCAGCACCTTGTGGGTATGCAGGACTCGGATGTTGTCATAGCCAT
CP179935.1_gap57	2322789	2323318	529	ATATCTTTTTCAGAAAAAAAGCATATCCAAGATATTCTTCGTTAAGCTTGTCCAAAGTGATAGACTGAGCAACATCATCCATCTGCGGAACTATTATCTCAGCAGTACCGGATTCTTTATCTATTGCAGTAACAACACAGGCACTATCATCTTTCAGAAGGAGTATCGCAGGCAGTACCACAGAAGGTATATGTTTCAGCTTGCGCTTAACCAGACTCGTATTAAAACCGGCTCTGGCTGCAGCACGTGAAAAATTCGCTTTCCCGCCTTCCGTACTGAAAAGCTGCTGACGCACAGCAGATGGATCCATAGGCAGCCCATGTGACAAGGATTCTGCGGTTGCCGGTCTGTTGTTCAGCTTTGTAAGCAGAACCAGACACAGCATCAGCGGGTCTGTCTGAACGCTTTTATTACTCATTATTTTTACCCAAAGGGTTTATGCCGGCAACGCCGCGCCCTTGAAAATATTTTATATTATTATCCTCGAGTTTCTGCCGAAGTTCTTCACTATCTATTTTCGTCGCTATAA
CP179935.1_gap58	2326515	2330772	4257	AACGCCGGTCACAAACATAACTCTGTAATAAGCAATTAAAGAGGCATACTTAGATTCAACAAAAGCAGTTTTAGCTGCCTGATTTTCATTTTCCACATCCAAAAGCTCTGGAAGTGTCCTTCTACCTAGCTGATATTCCTCTTTAAATGCCTCAAGGGTTTTCGTACTGAGTCCAACGTGGTTCTTCAGATACTCATATTTTTTATCTTCTGACTCTTTTATGTTCCAGGCGAGCCTGACGGACTCATTCAGATTACGCCTTTCGATGTACGTTCTCTGGTGTTCCTTCAGTATCTCACGGTAATTTTTCTTCTTTTCTGCACTTCGCTGCCCACCGTCATAAAAGTTGTACTTCAGATAAAGCATGGCACTGTAGCTTTTCGTGTCACCCTCGTCACCACCAGTATTATTGTCGTAATCCGCACGAAGTTCGGCGTCAAGCGTAGGGTAATAAAGAGCCTGAGTACGTTTCATTGCAAATTTTTTGGTAAGGACATTATACTTCGCAACATTAAGGGCAGGATAATTGTTAAATGCAAGCTCAACTACATCGTCAACATTTCCGGCAAATTCATATGTTTTAGAAGGATCAAGAAACTTGTCTGGGGCGGCAAAACGTCCGAGCTGTTTATGAAATTTAACCACAGCCTGTTTGAGGTTCTGCTGCTGAGAGATGACATTTGCTCTAGCGAGGGCTACTCTGGACTCTGAATTCAGCATATCCGATTTTCTGCCGAATCCGGCCTCAGTCTTCTCTATAATCTGTTTAAGAATCTGCCCCTGAGTCTCAACATTCTCTTCTGCAAGGGTGAGTAGCTCACGTTCTTTCAGAACGCCGATATATGCTTCTGCTGTTTCGATGAAAACATTGTTGGCAACATCCAGCACGTCATAGGCGGCTGCCATCAGTCTCGCTTTCGTTTCATTTACATAATTATCAGTTCCAAAACCGTTAAATAGATTCTGTCTGGCATATATCCCGGCAGAACTAGCTGTCAGGTCACGCTCTTCCTCGTCGGAAGAGGCTCCGTTTGTATATTGCTGTCCGACAGAAAACTCTGTTCCGACATTTGGCTTATATCCGCTTTCCGCAGCCCGGACTTCATGAATAAGAGCTTCATAAACTTCAAGAGCTTCAAGTATCTGAGGGTTTGTTGCAACTGATTCTCTGAGGACACTGTCAAGTCCCAGAGGCTCCGCAAACACTTCCGCATTATCAGCATAAGCCGGTAGTGATAACGATAAAATCATTAGAAAGATAAGGATGATTGCTTTTTTAGTAAACTTGGTAAACATATAGCTCCCCTAAAATGTGATACATACCGCTCCGATACGCCGTCATGTCATCTAAAATGATAACACAGTGCGTAACAGCTAACTATAGGATTTTAATTTAGCGGGTATCACGTACTAATAATAAGATAGCCGAACAAGCATTAATAATTCATATTAATGTCATCGGGCCTACACTTTACCCGAAGGGGTAAAACATGTAAAAAACTTTACAATCCTGTCAGGCAAGACAATAGAAAGCTTATTGAGACACTTTGAAACGTGCCCGCTCTCCATAATAATACAACATTCCTTAAAGCCTTTCTGAAAAGGCTGATGGACTGCCTAGACTATATACTCTGCCATGACTCCTCCGACTATAATGTCAGTATTCTTATTCACAATAATAAAAATTCTGCGGTTTTGAGAGTGTTTGTTCTAGCCACCAATAACAAAGACATTACTCTTTAATACAGTTTCCGCGTAGCCCGCGGGCTCACATCCACTACCGCATGTACCCTTTTTCAGCCACATAACCACTAAGCTTTACAATTCCCATCCCCTACTCACTTCATCTGCATCCGGGGGACATCAGTATTGCATTATACGCTTTTATTGCCATGATTACCAGAGTCCTACATAAGATAGTTAAGGTATTTTTACCTCAAAACAAGACAAACTCCGGATCGGCAAAACGTCTCATAAGGGCATTTACAATTAACCTGCAAGAGCGCTTGTTAACAAATTGTCGTACATATTAACAAACTCTACAGTCATTTTTCTACCACCAATAATGAGGAGCTGTTCCCATGTTTTTTACAGTTAAAAATACATACTTTATCAAAAGCTGTTGAAAAAGATAAAATGGTGATATAAGAAGTTGTATGAAAAACATAAAGAGGCTCTGGACTTATTTCAGAGCACAGAAATTATTCATTTTGGCAGCGATGGTCGCATCTGTATTTGTCTCTGCCACTGACGGTGCAACAGCATATATTGTTAAACATATACTTGACGGCATTTTTATAGATAAAGACGAAACGCTCCTGAAGCTCATCCCCCTCGCTATAATTATAATGTATACATTTAGATTCGGAGCAAGAATCGTTCAGTCATATTTCATACAGCACGCAGGGCAAAAAGCCGTACAGGATATCCGCGAAGACCTGTATTACAAAATGATACACTTGCCCATGCACTATTTCGACAACAACGACACCGGCGCAATGATGGCAAGGATAATCAACGATGTCTCATATTTAAAGAGTGCAGTCCCCGCCGCTCTGAAAATGTTCCGCAGCGGATTATCTATTTTTTTCCTTATCGCTGTAGTTCTTTACCAGGATCCTATTCTCGGCTCAACAGTATTCATAGCGATACCTTTTATGGCTCTTCTCATAGACAAAACAGGCAGGAAAGTAAAAAAATACAGCAAAAAACAGCAGCAGCGTGTCGGAAAGATGGCGACCGCTCTACAGGAAAGTTTTTCTGGAGTAGCAGTTGTTAAATCTTTTGCTAACGAAGATAAAGAGTCAAAAAACTTTTTTATTCTCAATGCCAACGCCGTAAAGTATCGGCTGAAGCAGGTGATGGTTAATGCAATCAGTGCGCCTCTTATGGAGACTATTGCCGGATTTGCTGTTGCAGCAATCATTTTTTATGGCGGAATGCGAGTTATCAGCGGAGAAACAACAGCAGGAACGTTCTTCTCATTCGTTACAGCTTTCGGTTTAATGTTTGATCCGTTTAAGAAAATCAACGAATATAACTCCACCATACAAACAGCGAATGCGGCAGCAGACAGGATATTCGGTGTTATGGATATGGAAAACAGTATTCTGGACAATGACGGCACACTGGAGTGTGATGCTAAAGATAAAATTATCAGATTTGACAATGTTCACTTTAGCTACAGCAGCACACCGGAAGAGGTACTGAACGGTATAAATATCACGGTACAGCCGGGAACAACTGTTGCTCTGGTGGGTTCAAGCGGTGCAGGGAAAAGTACAATCGCATCACTGATTCCCAGATTTTACGATGTTACAGCAGGCTCTATATCCATAGACGGCACAGACATCAGGGACTTTAAAGTGCATTCTCTCCGTAAAAACATCGGGATAGTCTCGCAGGAGCCGTTCCTCTTCAACATGCCGATAAGAGATAACATCGCTTACGGAAGACAGGATAGCGATTTTGATGACATCAGAAAGGCTGCGGACTCTGCGTATGCACTGAAGTTCATCGAAGATCTTCCTGACGGTTTCGACACAATAATAGGCGAACGCGGAGACAGACTCTCGGGCGGTCAGAAGCAGAGGCTCACTATTGCGAGAGCTCTTTTGCAAAATCCACCTATACTCATCCTCGATGAAGCCACAAGTGCGCTGGACACAGAATCAGAGCGTATCGTACAGAAAGCCCTGACTAACCTTATGACTGGACGCACGAGCTTCGTGATAGCTCACAGGCTCTCGACTATATTAAATGCAGATATGATCGTAGTTCTTGACAAAGGGAAGATAGAAGCCACAGGCACACACACGGAACTGCTTGCAAAATCAACAACATACTCACGCTTATGCAACCTTCAGTTCACCACCGAAGAGGCGAAATAAGCTACTTATCAATAGCTACACTGACAAAAACAGGCTTCAACACACGAACCAGATCAGAAGACTTCATGCTCACAAGAAATCCTCTCTTGCCACCGTTAATGTATATGGTCTCCAGTTCAGAAATCGTCTTTTCCATATAAACCGGCATCTGCTTTCTCGTCCCGAAGGGTGACGTCCCACCAACAAGGTATCCGGTATTTTTATTCGCAATTTCAGGAGTGCAGGGTTCAAGTGTCTTCACACCTATCTCCCGTGCAAGATTTTTTGTGGATATGTCCTTATCCCCGTGCATAAGTACAACACAGGGCTCGGATTTCTCATTCTGTAATATTATAGTCTTAATCACAGCGTGGGGGTCAGCCCCCAG
CP179935.1_gap59	2338821	2343672	4851	AATTATGCAGAGCATCGCTTTCGAAAATAATTTATCTGAAACAGCATTCATCTTCGAAAAAGATAGCAAACTAAACATACGCTGGTTCACCCCCGCCTGCGAAGTTGCTCTTTGCGGTCATGCTACGCTGGCAGGCGCACATGTGCTCTTTGAACACGAAGGGTTTGAAGGTGACAAAATAGAGCTTATGTCTGAAAGCGGTATGCTCACCGTTACCCGCAAGGGTGATAAACTGGAGCTTGATTTCCCCGCTGAACGTGTAATCCCCTGCGAGACAGACCCTATTATAGAAAGAGCTTTGGGCAAAAAGCCTCTGCAAACATACACAGGTTCGGACATGCTCGCTGTTTTTGAGTCAGAGGCGGACATTGCCGGATTCACCCCAGACTTCAAAGAACTCGCAAAGCTTAATGCCAGAGGGATCATTGTCACTGCAAAAGGCGACAACTGTGACTTTGTCAGCAGGTTTTTCGGTCCGGAAGTAGGCATAGACGAAGACCCTGTAACAGGATCGGCACACTGCATACTCACACCATACTGGGCAAACGTGACAGGTAAAAAAGAATTTAAAGCCAAACAGATATCATCCAGAGGCGGTTCACTTGACTGCTCACTGTCAGGGGACAGAGTAAAGATCGGAGGCAAGGCTGTAACATATATGAAAGGCACCATCACCCTTTAGCCGGAACTCTTCTCAGGATAATCTTAAAACCGGCACCGTCAGGTGTGTTATAAGCGGCAAGAACCCCTTTCATATGGTCTTCAATAATAAGCTTAGACATGTAAAGACCTATGCCCGTACCTTTCCCCTCCTCTTTCGTTGTAAAATAAGGGTCGAAAACTTTGCCAAGCACCGACTTTGGAATCCCCCCGCCATTATCCGTAACATCCACCATAACTTCGCTCTCTCCGCCTGTAATGCCAATAAAAAGCCTTCTGCCAGAACATCTATGCACGAGTGCGTCTTTTGCATTCTGGATAATATTCATGAGCACCTGCTTGAACTCTGACGGATAGCCGGAAACCTGAGTCATAAGATATGGACATGTCAAAGGCACAGAACCGTTGCAGGCGGCAAAGTCCTTATGGTCACACGTACAATTTATTTCGTACTCGATAAAATTATTATGAAGCTGTGCATCCACGAGGGAGACGGTCTCCGTAACAGCATTTACAACTTCAAACTCTGACTGAGCTTTCCCCGGCTCGAAAAATGCTCTGAAATCATCAATGGTTTTTGACAAATGCTGCACGAGATTCATAGAGTCATTCTTAAAGCCTTCCAGCAGTTCCGGTGTAGTGTATTCATCATTGGCGCAATCAATAATATACTGGATATAAAGCCCCAGAGCATTCAGCGGCTGCCTCCACTGATGAGCAATAGCATTTATCATCTGCCCCATGTCGGCAAACTTTTTCTGTTCGAAAAAGAGCTGTTCATGCTGGATCCTCTTTGTCGTTTCCTCTTTAACCTTCTCCTCAAGCTCCAATGTGAGCTTTTCAAGGTCTCTGCTGGTTTCGAGTATCTCCTGCTTGGCATTTTCCAGCTCTGTAATGTCATTCGCTGTTATAACAAATCCGGCAATCTCACCCTTTGAGTAGTGGGGGGTGAAATTAATATCAAGGTACCTTCTTCGTCCTTCGGACAGTTCATACCAGTTCTGTGAGCGGATATCTTCCCCTGCGACGCATTTATCAAGGCAGACTTTAAGATACCCATCGTATCTGAGGCTGCCGTGAAAATCACGCATATGCACACCGACAATACTCTCTTTAGGAACTTCAAAGACTGATTCATAAGCATCATTAACCGCATAATACCTGTGGTCGAGCCCTACATATGAAATAAGCTCTTTGGCAGAGTTCATAATGTGCCCGAACGCTTCAAGTTCGCTGTGGGCAATCCTCAGATCACTTATATTCTTTCTGGTTGTCAAATAGAACATGAGTCCGCCGCCGACAAACATAACAACACAGATAAGGAGACCGGAAATTATAGCTGCACTTCTCGGTCTTATAACTTCAACATAAGGGACACTGGCTGTCAGCACCACACGCCTGTCTCCCAGATCAACAAAATCATAGGCCACCAGAAGTTTTTCGCCATATATATTGTCTTTGACAGTCACGCCTCTCTCCCCTTCATAAGCAAGGGACACGGGCTTACCCTCGGGGACATCACCGATAGGTTCTTTCAGTAAAAAGGACTGCCCGTCTATGTTTTTGTAAACAGAATAAAAAGTTGTCCCATCCTTTACAATCAGCGCAAATGTGCTTGAGAAATCTCCCCCTATAGTCGAAGCAAAACCGTTCTGCATGTCAAGTACAGCAGAGTGAAAAGCTTCATTACTGGTTTCTCTGTGTTTCTCTATGTGGCTGAGGAAGATGACCTGAAGATTTACCTTTTTGTTGCTGACAATTTCACGCAGCCGCAGCTTGTGCAAATCAAATGTATTTCCATACCAGTACCGCATAACTCCGGCTACAGCTATAACTGCAACCAGAATAATCAGAATATACGCTATGATAAGCTTTCCGGAGAAATTTCTCATATAAATAATAACACCCTTGAGGTTTGGCTTAATGGTCACTTCTTAGCTATAAATAAATATAACACAGTTAATTCGAATAACAAATTTAACATCTTGTGCTATGCTATACTGATGTTTATACTTATATGTTTTACATAAACTAAAGCTAATCGGGAGAATCTGATGAGAAATATTATCATAATCGTTGCAATGCTCTGTTTTTCATACGGATATGCAGATATTACCGTTACAGAAGAATCAGACGGATCCAAAATGGTAACTTACTATGCCGATAATGTCTCTGCACACTATATAGACGGTCACTTAACAAACATCACCGACATCAGTAAAAGCCTTATAACTGTTCTGAACCCTATGGAGAAAACATACTTTCAGGCAACTTTTGAAGAGATGAGAGCACTTGCAGAACAACTTAACGAACAGATGAAAGCCATGGCGGAAAACCCTCAGTTTCAGGAACTGCTGGACAGACACGCCGGTAAAGTAGATATCAAAAAAGACGGCACAACAACCATAGCCGGATATAAATGCGATAAATACCTACTAAGTATGGAAGAGATGGGTGCCAGTGCAGAAGTATGTTTCTCAAAAGAGCTCGGTGATGCCCTACAGAAAGAAGTTGACATCAAAAAAGCCGAAAAACTCATGGACTCTCTGGAAATCGACGGCATGGGAGACATGATAGGTGCAAAGATATCAGAACTTGAAGAAAAAGCAGGGTACCCCCTCAGCGAGAAAACAGACAGCACAATGTTCGGTATGGAAGACGGATACGACAGAATAGTTACAGAAATATCAAAAACTAGGATAAAAAAATCAGTATTCAGCATCCCTGATGGCTATGAAAAGATAACAATTGATCAGGCAATGGGAAATTACTAAATAAAAGGCTGGGCATCATAACCCAGCCCTATTGTTTTTACTCTGCGGACTTCTTATTCATTCGACTTTGCCGACAGGCTTGAGATCGGAATTATCTTACAGAAATCAGCAAGAATCTGCTCTGGATTCGATTTGAAGTTCTTGGCAAACTCCTTAAGGCTTTCATTATAAGACTTATCTATATCAATATCTTTAAACTGGCTGATAAAGCTGTTTATGTGCCCTGTGAGGAACAGTTTGTCATCAGGAGTGAGATACTCTATCTTTCTTACCCCTTTGCCGAGCTGACCGTCTGTGACTCGCCCTCTGATGTATGCCGCCCCCGCAGTCATGCCGGAACATACATAATATCCGATAGGATTCATCCTGTTCACAATATTCAATATTATGCCGATACCACCCTGAGCGTACTCCATGAAATAATCCCCCATACCCTTTTCATGACCAAGCCCGTAAACAGCGACAGGAGCTCTTCTGCCGGAAAGCTTCACTTCAAACTGTTTCAGAAAGTCCTGCCAGTTTGTTTTCACACGTTTCGCCCGGCGGTGCTGGTATTTCTTTATAAGTTCTTTGAGGATTTCATCATCCGATGCGTTCTGAAACCTTTCAACATCTATATTTTTCCATTCATCCGGCAGTCCGGCCTTCATCAGAAGAAGATTACGCACTCCTCCTGATTTTGCCACACGAAATGTACCGCTAACAGAATATGCCGCAAAAAGGTCACTCACCTCACCTGCAATGTTTATCTCTCCGGGGTTTGATGTATTCGCTACACCGACCTGTGCATTTGCAGGGACAGTGGTAATAGTGGAATGGTTCGGTATAACGTTGATTTTTACGTCTCGAACAAAGGCAAAGGAGTGATTCCCCACAAGCCCCCGCACGGTTATCTCTTCGCAGCGTATACCTGTGCCAAGGGTTCTCTGCCCCATAACGTTATCGAGAAAAAACTTCTTAACACCTCTGTCCACAGCTTCTTTCATGATGTGGTTAATGTGCATGGATTCAATTTTGTCAAATCCGACATCGATCTTAAGGCTGTCCCCCTCGATACCGGAGAGAACCCGCTCAAAAACTTCTTTATTCTCTTCATAAGTGGCAGTTCTGGATTTGAAGATTTTCTTCTCACGCTCTTTGATGGAGACATGCGGGACCTGCTTTGGATGATCCCCCTGTCCGAATGTCGCAAAAAGGAGCGGGTCGCCCCCGTGATACCTGAAGCGTCTTGCCCCAACAACGTCAGCATGATTAGACATGCCAAGCCCGGCAGCCATCCCCTCCATGTCGTCATGAAAAGACCTGACCATACGGGCGATATTGTCTGACGCAGTAGCAGGGTCTATCCTGTGACCGTAGGGTCTGGATGTAATACCCCATGCGCACTGCCCCGTGTGGCATCTCCGGCAAAGAGTAC
CP179935.1_gap60	2411843	2416359	4516	ACACACGAAATTACAACTTTGTTGTCGCAGATAGAAAATATGCAAAATACGTCACTGCGAAGCCCGCAGGGCTGTGGCAGTTTCTGGACTCGTTAGTTAATCCTGAGATTGCTTCGTCATTACATTCCTCACAATGACTTATAATATCTAAAGCTGTGATTAGCTCATTCATCCACACATAAATGCGTGGTATTCTGCCTTCGACCGCTAAAAACAACAAAACCTCTCCGAAGAGAGGCTTTGCTTAATTTATTTGTAAAATATAAGAAGTTACTTTACTGCATTTTCCCAATCAGCAAGGAACTGTTTGATTCCTGCATCTGTAAGTGGGTGCTTCATCATTTGCTCAATAACTTTGTAAGGGATAGTAGCGATATCCACAGCGATATCCTGACACTGGAGCATATGGGCTGTACTACGGATAGAAGCTGCTATCACTTCTGTATCATAGTCATATATATCCACAACATTCTGGCACTGGGAAACAACGTCAATGCCGTCGTGTCCGATATCGTCCAATCTGCCGGCAAATGGGCTTATGTATGCAGCGCCAGCCTTACATGCAAGCAACGCCTGATTAGCAGAGAAGATAAGTGTAACATTAACATTTATCCCTTCGCCTGAGAGTATGCTTGTGGCTTTAAGACCGTCCTTTGTAAATGGTATTTTCACAACAACATGGTCGCTTATCTCAGCGAGTTCACGTCCTTCTTTCACCATTCCTTCCCAGTCTAGCGCAATAACTTCTGCACTGACAGGTCCGTTTACAACTGCGCAGATTTCACCGATAGTTTTTTTAAAATCCTTCTTCTCTTTTGCTATAAGAGAGGGATTTGTAGTAACCCCGTCAAGTATACCGAGGTCTTTGACTTCTTTGATCTCTTCTATATTCGCCGTATCAAGAAATATCTTCATTTTTGTCACCCTTCTTCTGTTCGATAAATTGATCCATTGTCTCCTGAGAACTGAAATAATACAGTTTGTCGTAATATTTTACTTTAAACTCAGTATCTTTTCCCACAAAAACGCCGTTGACAGGATCCTGCACAGTTTCCACTGCATCGCTGTCGATTTTTGACTTACTGTCAGTCCCGACAGGCTTCTTGAAAAGCTTAAAAGCCAGAAATGCCATAATGGCAGCAAGAACTATCTTCAGTATCATCTTTACTCGCTCCCCTCAGGTTTTGTTGTCTGCGGAGTACTCTGACCTTCTCTCTGAGGTCTTCTTTGTCTTGGTTTTCTGTTGTCAGGTCTGCGTCCTCTCGGAGCACCGCCCCCTTTTCTTTCCGGAACGATAAGAATCTCTTTGAGATGACCATCACCTTTGCTCACAGTGCTGATCCCCGGCACTTCCTTGAGCACCATGTGGATCTCTTTGCGAACCATAGTAACCATAGGAGCCATTTTGATAGGCTTTCCTGTTCTGCGGACAGTTTTTGCCAGCTTAACAGCTTTCTCTTTAAGGTTTTCCACAACTCTCTCTCTGTACTCCTCTACATCTACGATGAAGGTGAAGTCAGGGCTTTGCCATGCAAGCATTCTGTTCAGTATAAACTGCATAGAATCCAGCATCTGGGCATTTTTGCCTATGAGGAGTTTAGAATCGGGAGAAACTATATTAAGTATTATATCAGGATTTCTATTTTTTGTTTCAATACTATAGTCAGCAAAACCAGCTTTTTCCAGTATTTCAGACAGAACAAGCTTTGCTTTTCTGGTGTAAAACTCAACGTCATTAAATTTAAGCTTTACCAGCGCATTCTTCCTGCCAAACCCCAAAAAGCCTTTCGAAGCCTCTTTAAGGACTTCATATTCGATAAAATCCTTAGGTATATCTTTTTCTGTAAGGAAGTTGTTGACTGCCTGTTCAGCAGTTCTGCCTTCCACTTCAAAATATTTCATTTTTTAAAAATCTCCGTCATTTACGCAAGTTTTTTGTTGATAAAGTACTGCTGCGCAATGGACAGTACGTTATTAGTCAGCCAGTAGACAACGAGTCCCGCCGGGAACGTAAGAAACAGGAATGTGAAGATAAGCGGCATAAAAGTGAATATCTTCTGCTGGAGAGGATCCTGTGCTGTCGAAGGTGTCATCTTCTGCTGGAGAAACATTGATGCCCCCATAAGAATCGGAGAGATGTAATAGGGGTCTTTGAGAGAAAGATCGGTTATCCAGAGCATGAAAGGCGCTCCCTGAAGTTCAATTGCCAGCAGGAGAGTTTTGTAAAGAGCGAAAAAGATAGGTATCTGCAAAACCATAGGCAGACATCCGCCAAGGGGGTTAACCCCTTCGTTTTTGTACAGTTCCATTGTAGCCGCATTGGTTTTCTCTTTATCGCCTTTAAACTTTTCTTTGATCTCAAGCATTTTGGGCTGAAGAGAAGACATCTTCTTCATACTTACCATACTTTTCTGGGTAAGTGGGAAAGTCAATATCTTAATAACAAGTGTCAGCAGGATGATCGCAACACCATAGTTGTGTACGTAGCTGTAAATTATTTTAAGAAACTTAAGCATCGGGATGGCGATAAAGGAAAATATACCGAAATCGATTGATTTTTCTAACTTAAGATCATAGGACTTCAGCAGGTCATATTCTTTAGGACCTGCGAATAATGAAAACTCCACAGTCTCCCGTGCATCCGGATTAAGTTTCATATCTGCCGAACCGGTTATCTTTGCAGAGCCGCCGGCAGGCGATATGGTTCCTTTACTATAATCCTGAGCCACACCTATCATGAAATATTTTGACATATAGCCAACCCATTTCGGATGATCCACAACAATGCTCTTATCAACTTTTTCAGCTTTCTCTTTCTTTAGCCTTTTGCCGTCGAACATGAGAGGCCCCTGAAAGGAATATCTGTCAGACTCAAACCCGTCTACTGCATTCGCACCAATCCCGCTTGTAAGTGGAACATTGACTGTCCTGTCACCAGTATTATTAAGGACAAGCTCACCTTTCACAAGATAGCTGTCATCATTTATGACATATTTTTTAGTGACAACAATATCTCCCTGAGAACCCGAAAACGTCACAGTGGTAGTGCCGTTTGTCTTCTGGACGTCTGAAGTATAGGCAGAGATGAAGGGGACATCAGCAAAAACGACATCGCCGTTTACGCTTTTGAAACCGACATTTGTCAAGTCTCTTGAGTGATAACTGTTTATCACCGCTTCCCTGATGTTACCTGTATTTGCGTTAAAGACGTATCTGACATTATCAGTGAGTACATCGAAAGTTTCGAGAATCATCGGTTCCGTCTGAGCAGTCTGCTCTTCTATAGTAATAGGCTGTGCATCCTCAACAGGGACGATCTGACCTTTATTATCTTCTGTCTGTGCTGATTGCTGAACCTGATTCTGTACGGTGGGCTTTGGAGCAAAGAAAACCTGAAAAGCGAGTATAACCAGCGCACTCAGTCCGATTGCCAGTACGGTATTCTTATTCATTTCGAGATAACCTCCAGAGGTTTCTGTTTATTTTACTGGGTCGTATCCGCCCTTTGACAGCGGATTGCATCGGGCTACTCTCCAAACGGAGAGCATCGTTCCCTTGATGAGCCCCTTCTCTTTCAGGGCTGTCATCGCATAATCAGAGCATGAGGGGTAAAACCGGCATCTGTTTCCCAACAGAGGTGATATGAAGAGTTTATATAACCGGAGCACTGCTATCAGCAGGTTTTTCGGGTTTAATATTTTCAGCAAGTGAGAGGATTTCATACCTTAGTTCACCGTAGTCGGCATCAACGCTTTTCGGCAGAGCTCTCAGAACGATATCCAGCCCCGAAGGGAAACTGTCTTTATCTCTTCTGAATATTTCTCTGAAGCTTCGTTTTAGCCGATTTCGGGTCACCGCTTTTTTGTCAACACGCTTGCTGACGGTGACCCCCAATCTCCGCAGGTCTTCTCCATTATATATATAATGCAGAGCAACAAACTTACCGATAAGTTTTCGCCCCCGCCTGAAGACCTGTTCAAATTCCTTCGTTTTCTTCAGCCTTTCCTGTTTTCTGAAACGCTGATCGTTAAACTGTAAGACGCTTACGGCCTTTAGCCCTTCTTCTGGCTATTGCGAGTTTACCGCCTCTGGTCTTCATTCTGGCTCTGAAACCGTGCTTACGTTTACGCTTAGTGTTGCTTGGTTTTTTCATTGTCAGCATCTGTGCCATTACAACCACTCCTTTCCTTAATTATATATAGAGACTATTATACTGTCTTACTGTCTGGTAAGCCCGTGATTATATAAGCACGATTCATGTTTGTCAACATTTGAAAGTTGCATTTTTTTCTTGACTAATAAACTGCACTTATGTATAAGTGATGTTCCCTGCACTTGGCAGGTTTCGTGGAGGTACGTATATAATGTTCGCAATTATAAAGAGCGGCGGAAAACAATATTCTGTCAAACCCGGCGATACGCTGAAGGTTGACAGTATCAATGCCGAACAAGATTCTGTTATTGAAATTAAAGATGTACTTGCAGTTAGCGAAAACGGTCAGCTTAACTTAGGAGC
CP179935.1_gap61	2437273	2440294	3021	ACTTTAACTTTTAAACAATAATGTATTACACAACCGGAAAGGAGCAGCCTGCAATAAAGTGTTGACATAATAGCGTGAGTAACGTTATAAAGTTCGACCACCTTTGTTGCGTGTACATATAGGTGCGCAACTGCGTAAGACCATGAAGGAGGAAAAATGAACACTTACGAAACCGTATTCATCGTCCGTCCTGATCTGCCACAGGAGGAACTCGACAAAGAGCTTGAGTTCTATAAAGGCAATATTGAACAGCACGGCGGTAAAATTCTTAAAGTTGAGCCTTGGGGCAAGCAGACTATGGCATATGACATAGAAAACTTCAGAGAAGGCGTATACTTTCTTATCCAGTTCGAAGCCAGCACTGAGTATCATGACGAACTCAATCTCAGATTCCGTTACAATGAAAACATTCTCAGATTTGTTGTTGTGGCTATCGACGAAAAGAAATTTAAACTCAACCCTAAAAGAGACACATCCGGTCCTAAACGTTACGGGAAAAAACCTAGCGGTCCTAGGAAACCAAGAGAGGATGCAGAGCAATCTGAAACAACAGAGGAGAAAAAGGTAGAAGCTCCGGCTGCTGAAACACCAGCAGAAGCCCCCGCTGAAACTCCAGCTCCGGCTGAGACTATAAGCGAAGCACCTGAAGCTCCCGCAGTTGAAACAAAAGAAGAAGAGACTGAAAAGTCCGCTGACTAATTCTCTTCTCTAGGAGTATCTTATGGGTTTTCTGAACAAAGTAATGATGCTGGGCAATGTAACTAGGAATCCGGAAGTCCGTTATATACCGGGACGTGATCTCCCCGTTGCTAAATTTGGTCTGGCTGTAAACAGAAAAACTAAAGACAAAGAAGAAACCTGTTTTATCGACATAGTTACATTCGGCAGAACTGCTGAAATGTGCGGCGAATACGTTACAAAAGGTATGCCGTTGCTTATCGAAGGCAGGCTTTCATACAATACCTGGGAGCAGGAAGGCCAGAAAAGGAGCAAGCATGAGGTGGTTGCTGAGAACATCCAGTTTGTATCATCCAGAAGAGATGACAACAGGAATGATTCCAGTTCCTTTAAAGAGCCGTCCGCTGACACTATCGACGAAGACGACATTCCATTTTAGGAGGATTTAATGGCTTTTGTAAAACGCAGATTTCAGCGTAAAAAAGTTTGTAGATTCTGCACAGAAACTATAGATATAGACTACAAAGATGTAAAACTGCTCAGACAATTCGTTACCGAACGCGGCAAAATTATGCCACGCAGACTGACAGGCACATGTGCAAGACACCAGCGTCAGCTTGCTACAGCAGTTAAAACGGCAAGAATCATAGCTCTTCTTCCGTTCAGCCTTACAAAATAATAACCGGGGAGCATCTGCTCCCCTTTTTTTTTAATGACAAAAATATGAATATGCACATAGCCTTATACCCGCTTATCGCTGTAATACTTTTTGCTTCCAATGCTGTTATCCCGCAGTTTGGTCTTGTTGCGGCTGTTTTCAGCCCCCTTGTACTTCTGCTGTACTTTGCACATCAGGAACGTGACAGAAGATATGACACCATGCTCGTTGTCCTTGTTGCAGGGCTTGCTGTGTTCAATCATGTTCTGGCTGCTTTCTTTATTATATCTCCTGTCTTTTCAGCAGTCTTTATAAGATACTGTCTGCACAAAAAAATCTATACTTCGTGGCTCCCGGCGACCGGGGCGGCACTTCTCTCTTTTGCTGTAACTTTTGTCATAATCTACGGTTTCGCTTCATACAGAGAGGGGCTTGTTGACTTTGCTTCTAACGGTCTGAAAACCTTTATGGATGCAGCAAAAGAGGCAAATGCACCTATGACTCAGTCTCCGTATTTTACTCAGATTGACGAAAACAGAAATCAGGCAGCACTTTCCATAGTTCTTGTATTCCCTGCATTCAATTACATGTACACGGTTTTTGCCGCCTTCATATCCCTGCGTCTTTTTTCAAAAATCAAAAACATCCCGCATGAGAATTTTCGTCTTCCAGACAACTTGGTTTGGGCACTGATAGCGTCTCTTGCACTGGTATTCACTTCATCTCTTTTCCTCCGCTTTACCGGAATCAATTTTGCAATGATACTTATGACCCTGTATGCATTTCAGGGGTTTGACATAATACTTTTCTGGATGAACCGCTTCAAAGTTCTGCCCATTATAAAGGCTATCATTTTCATATTTATTTTTTCTGAACCCCCGATTATACTCATTATCTCTCTGGTAGGACTTTTCAGTGTATGGTTTAATTTCTATGGAAGACCAAAAGACGAGGAGCAGGAGCGATCGGAGTAACAAAGCTTACCGCTACAAAGGTATCAATCGCAACAGCCAGTGTTTTAGCTATTACAAAGGCAACAATAGGTCTTTTGACAGGTTCGCTTGCTGTTCTGTCTTCGGCTCTGGACTCAATCCTTGATATCATTTCTTCCAGCGTTAACTATGTAGCAGTAAAGGTCTCTGACCAGCCGCCTGACGAAAATCATCCATACGGTCACACAAAATTCGAGCCCCTTGCAGCACAGATCCAGTCATTTCTGATTTTGTTCTCCGGTATTTATATATTTTATAAAGCGTACACGAATGTAGAGCAGCAGGCGGTGATAACAGATATCAGCATCAACATATACGTTATGCTTTTTTCTATGTTTGCCACACTCTTCCTCGTTATCTTCCTGCGTAAAGTGGCAAAAGCAGAGAAATCACAGGTTTTGGAAGCGGACAGCCTGCACTACGAAATTGACCTCCTCACGAACGGCGGAGTGCTAGTGGCACTGCTTATTATCAAATTTACCGGTTATCATCTGATAGACTCACTTGTAAGTGCACTCATTGCAGTATATATTATCTTTTCAGCAATAAGACTCAACTTCAATGTGACCAAAGATCTGCTGGATGAAGTTATCCCTGATGATGAGCTGGCAATTGTCGAAGAGATAATCAACAGCCATAGCAAAGACATCGTAGAGGTACACAAGCTCCGCACCAGAAAAGCAGGGACGAAAC
CP179935.1_gap62	2447576	2451153	3577	GAGCATCGGCAAGTTCAGCTAAAAGCGCTTCTGTATCAGGGGCATTATTGTCTTCAACATCAGTAAAAAAGCTTTCGTCTTCCTGCTCTTCGGCATGGGGTTCTTCACCCGTAATATCAAGCTCATAGGTTTCGTCAGCAAGTTCATCCAGCAGATTTCCAGTTTCTATAATCTCTTCTTCGGGCTCTTCGGCTTCCTCGTCTTCAAGAGGCTCTTCTGCAAGCTCTTCAAGGAGGTCTGCCGCATCATCTGCGATGCTTGGCTCCTCTTCAGGCTCTTCATCTTCGAAATCTATCTCTTCATCAAGCAGGAGTTCATCTTCTGAATCTGCGCCTGCTTCTTCGTCATCGTCAAAAACAAGTTCATCGGGCAGTTCGATTTCTTCCTCAGCAGCGCCTTCGTCAAGCTCAAGGTCTTCAATGCTTATTCCACCATCTTCCTCCACGTCTTCGGAGAGCTCAAGCTGGTCTACATTTATATCATCGGGATCAGTGTAATTTATCTCTTTAAACTCTTCCTCATAATCTCCTGCACCAGCTTCAGAGGCTTCATCCTCTATGCGGGTTTCTTCTGCTTCCTGTTCGTCTGCATGTTCCAGCTCTTCATCTTCGCTTCCGACCGGCACAGGAGCCGGCAAAACGGCAGGGTCAGAATTAAGTCCGGTTTTGATTTTTTCATCGAGGGTTTCAGAGTCGAACGGCTTATATATGAAATCATTTGCACCCGCACTGGCGCATTGTGCTTCTTCAAACTGGTCAAAAGCACCGACAAGAAGGATTACCCAACATCCGGGGCAATGCTCTCTGACAACGGCGACCATTTCACTCGCTTTAATGTTAGCAAGCTTGTTATCCAAAAGGACAAGATCCGGCTGCTCCGCCTTAAGCTTCATCACAGCCTCTTCCCTTGAGAAGACTTTGTGAATGTTGTACTTATCCTTGTCAACACAGAGATCTATGACTCTGTGAATCGTAACGCTGTCATCTATAAGTAGTATCTTCTTTTTCATAGAACCCCTCTTAAACGATGCGGTGGTACGGCAGACGCAAAGGGACTGCCAAGGACACTTATCCTAATTTTTAATACTATCACCTTAGAGGCTAATAATCAACTGCATGAGTCATGCAAAGGGGCATAAAATAAGGAGAAATCAGCAATATTTGGTGGGAGCACCGTAAAGTTCCACTATCTGCCTGTTCACGCACTCAGGCACAAAGCCGGCAACGTCCCCTTTATGGGCTGCAACCTCACGCACCATGCTGGACGAAAGGAATATGTAGTCCTGATTCGGCATAAGAAAGACAGTTTCAAAGTCTTTTGACATCTTTCTGTTCATAAGGGCAAGCTGAAATTCATACTCAAAGTCGCTGACGGCACGCATTCCACGCACAACAACATCAGCATTCACTTTTTTCATGAACTTAATCAACAGGCATGTAAACGGCACAACCTCTATATTCGGGATTTCACAAAAGACTTCCTGTGCCATAGAGACTCTGTCTTCAAGTGTAAATGCTGTATTTTTCTGGGGATTTTCAGATATGGCAACGATGAGCTTGTCGAAAAGTTTTGCGCCTCTGTGGGCGATATCCACGTGTCCGTTTGTGAGCGGGTCGAACGTCCCGGGATACAGTCCTATCATTTACATCACCGAAAGATAGTAGATTTTTGTATCGCCGTATCTCTTTTCGCTTCGCAGCTCAAATTCTTCTGGGTAGCTAAACGGCGTTCTTACGCTCTCTTCATATATTAAAATTCCTTCGTTTGCAAGGATTTCATTGTCTTTTATCTTTTTTATAAGCTCCAAAGGCTCAATATCTCCATAAGGCGGATCAATAAATATGATATCAAATTCACCGCGAAGCTTTTCCACAAGAGCCTCTGCCCTTCCTTTGATGACAGTATAAGTTCCGTTGTCTGCTATCTGACAGTTTTTTTTGATAAGATCCGTATGAATGTCTATGAAGGTACAGTGCGAAGCTCCTCTGCTGAGTGCTTCAAGCCCAAATGCTCCTGTACCGCAGAAAAGGTCAAGCACTTTTGCCCCATGCACTTTATCAAAAAGCGACGAAAATATTGCATTCTTTGCTTTATCTGTTGTTGGTCGAATCGACGAGTCTTTCGGCGTAACAAGCTGTCTGTTCTTGAAGCTTCCGCTTATAATCTTCACTAAGCACCCTCACTATCTCTTTTGACATATCTTTAAAATCCGGTTTAACACCTTCTTTGATAAACACATTTTCTCTGTACAACTTTTTCAGATAGCCGCCATAACCATATGCTACATTGAGGTATCTTTGGTCAACACATATTTCACCCATAGTATTTATGAAAGTTTGCACAACAACTGTTTTCACCATGTCGCCCATTGCGGGATGGTACGCTCCGGCGAGGGCAGATTCCCTTACTGAAAGACTGTCATGGAGTCCCACTCTGATTACGTCACACCCTGATGCAGACAACAGTATAAATCCATAAGCACAGCGGGCAACAGCGTCAGCAAGAGTCAAAGGCACATATTCCCCTGTGCGCCACAGATCAGCAAGCTCTGTTTCCTCTATTACAACAGTAGGATATATCCGTGCATAATCAGCCCGCATCATAACTGCCCTGTCTACAGTTTTTGCAAAAGAATTAAAATCTTCTTTATAAAGCCCGGTCATAAGCTGTATCCCTGCATGCTCAACAGCAGTCTTAACATGTGCAAATGCTGCTTCGCATTCTGATGTAAGGTATGGTCTTTTGTTGGCTTTCAGTACAGTATCGTCCAGAGACTGCACTCCCAGCTCAATGGTTTTTACTCCATTTCGAACACTTTCGTCTAATATTTTCTGATTTATACAATCAGGAGAGGTGGAAAACCTTAACGTATTGATGCCGGTTTCTTTTGCAAGTTTATACAGTTCCGAACGAATACCATCAGGCAGGCAGCTAAAACTTCCTCCGTAAAAGGCAAGTTCAGTCCATTTCGCATCCATAGACAAACATTCGCTGATCTGCTGTCTGGCAGAGCTTATTACATTCGATGGACGCACTCCGGTAATTCTGTGTTGGTTGCAGTAAACGCATCTGGATGTGCACCCGGCGAAAGTTATAAAAACAGGGAGTATCCTATTTTTCATTACCAAGTTTTCTAAGAGCGTTCTTTGCTGCATCTTTTTCTGCGCTCTTTTTGGTTTTGCCTATCCCCTGCTCGCTGACAAGAGTTTCAACATCCACACGAACAACAAATATCTTATCGTGCTCAGGACCTTTCTCGTCAAGAACAGTGTAATCAGGCAGAGTGCCGAATTTACGCTGAGAAATCTTCTGCAATTCACTCTTAGCATCCACAAAAGAGCTGTTAGATATGTCCTCGTCTATACGTGAACCAAAGTGTCTTATAATGATATCTCTTGCAAAGCCGTAACCGCCGTCCAGATAAATGGCCGCCACAACTGATTCGAAAATATCACACAGCAGAGATTCCTTATATTTACCGCCGGAGGCTTTTTCACCTTTACCAAGAAGGATGTGCTCACCAAGTTTCAGCTCTATGGCTATCCTGCTGAGAAAACCCTCGCTGACAAAATAGCCG
CP179935.1_gap63	2454363	2457376	3013	TCTTCGTCAGCAGCCCCCATGACAGCAGCCATAGCACCAACGCCCACAGGGACAGCAGACTGCATAAACCTGCCTCTGTTATGCACGGCTTTAACACCCTCTTCGAAACTGAGTCCGCCGGCAGCAACCACAGCAGAATACTCGCCTAGTGAGTGACCTGCGAAAAAGTCAGCATGGACTCTGCTTTTCAGAATATCCCAGACAGCTATGCTCATAGTGAGCAGTGCCGGCTGAGTGTTAGATGTAAGTTTAAGGTCATCCTCCGGCCCGTCAAACATAATTTCTGTCAGACCATAGCCAAGGCTTTCATCAGCTTTATCAAATATCTGCTTAACACTTTCGTATTTTTCGTAAAAGTCTTTCCCCATTCCGACAAACTGAGCTCCCTGCCCAGGAAAGACAACTGCTGTTTTCCCCATTTCAATCTCCAGAGATTAAATATGAATTACGCAGACTCCACTCATGAAGCTGCAAAATGTTCCGGCAAAGGTTTTTAAGACGTCAGTTTCAACACTGCAAAAGCCCCCGCAAAAGGGCAAGTCCACCTGTTAGAATGTAAACGACATAGAACCCCATGTCAGTCCGCCGCCGAAAGCAGCAGACACAACATTATCACCTTTCTTTATCTTACCCTCTCTGACGTATTGGTCAAGAGCTGTGGGTATTGTTGCAGCAGACGTGTTAGCATACTGCTCTATATTTATAACAACATTGTCCATAGAAACACCCAGTCTCTTAGCGACAGCGTCGATTATCCTCATATTCGCCTGATGCGGGATGACCCAGTCGATATCCTCAGGGGCAAACCCTGCTGCATCGGCAGCTTCTTTTGCGGCGTCAGCCATGGCACGCACAGCTATTTTGAAGATATCATTCCCTTTCATCTTTATCATATTGTCTTCGATAGGTTCATCTTTCAGGTCACGCAGAAACTTAGTTCCTATGTTGTCCTGTTTAAGAAGTTCGCCGTACTGACCGTCAGCATATGTATGTACACTATGTATCCCCGGTTCAGCATCAGCGGAAAGCACAACTGCTCCTGCTCCGTCCCCGAAAAGGATACAGGTTCCCCTGTCCCGCCAGTCAAGGCTTGCGGTAAGATTTTCAGCACCGACTATAAGTATCTTTTTTGCAGAGCCGGACTTGATAAGCCCATTTGCTAGACTACACGCGTATAAGAAACCTGAGCACGCAGCAGAAAGGTCAAAAGCAAAACCATTTCCTGCTTTGATTTTATGCTGAATACGGCATGCAGTGGATGGCATCGTAGTATCCGGTGTGAAAGTGGCAACAATAATGCCGTCAAGCTCCTCCGGATTTATTCCCGCCATTTCTATAGCAGCAAGTGCAGCCTTGGCTCCCATGTCGCTTGTATATTCCCCAGCACCTGCAACACGGCGCTCCTTCATCCCTGTCCTTGTTTTGATCCATTCGTCACTTGTATCAAGGAATTTTTCGAAATCTTTATTTGTCATGATTTTTTCAGGGAAGTAAGATCCGGTTCCGATAATTCTGGAAAATATGTTCATATGCCCCACCTGTAGGAGTTTTGCATCGGTTAAAAATTTAAATAGTTTTCCTCTTAAATTTTTCGACGATATTGTTCCAGAAAGAGTCTTCTTTGTCAACGTTTAATACTTTAACAGACTCTGCGATACTCTCCGCAATAAGCCCGTTCAGGTGTTTTACAGCAAGATCATGTGCCATTTTTACACTGTATTTAACAGCAGTTTCGTTTGCACTCCCATGCCCTATGATGCAGACTCCGTTAACACCCAACAGCGGTGCTCCGCCATATTCCGAGTGGTCCGCACGTTTTTTTATTCTTTTAAGAGCAGGAATTAACAGTATAGCGCCGATTTTAGTAAGTAACGAAGAGCGAAGCTCCTCTTTCAGCATTTGAGAAACATACCAGCCGGCAGACTCTGAAACTTTCAGAGCGACATTACCGGCGAAACCGTCCACAACGATAACATCCGATGTGCCTTTGAACACATCTTTACCTTCAACGTTACCGTAGAAATCAATCACTCCTGATTTGCCCAATTCCGACAGAAATTTGAAAACGTTTTTGGTAATATCGTTACCTTTAACATCTTCTTCCCCAACAGACATCAGTCCCACAGAAGGTTTTTCCTTATGCATAATAAGTGACGCATAGGCACTGGCCATGATAGCAAACTGGACATAGTTTTCTATTTTGCAGTCGACATTTGCCCCTACATCACACATCACTGTTGCGCCTTTAACAGTGGGCATAACAGCAGCGATTGCCGGTCTGTCTATCCCCGGCAATGTTTTCAGAATCATCTTTGCGCATGCCATGACCGCACCAGTATTACCAGCACTGAAAAATGCAGCGCCGTCACCCTGTTTAACAAGACGCAGACCCTGATGTATAGAGGAATTTCTTTTAGTACGAAGTATCTGAGAAGGACTATCATCCATCTCGACTTTTTCTTCAGCATGGACAACTTCTATCTTCTTAAGTTTGTCCCCGCCGCAGGATTCAAGCTCCCGCCTGATTTCCTGCTCGTCGCCAACCAATATGACCTGCATGCCGTATTGCTTAACAGCAGCTACTGCACCTTTAACGATCTCACGGGGAGCGTTGTCCCCTCCCATTGCATCAACGACGACCTTCATATCTTAAAGCTCGTCAGTAGCGATGACCTGCTTTTTGTTGTAATGACCACAATCAGGACATACTCTGTGGTTAAGCTTAAGCTCACCGCAGTTTGAACATTTGCTGTATGCCATAGTTGTAGCGTGGTGGTGGCTTCTTCTGCTGCCTTTTTTGTGTCTTGATGTCTTATTCTTTGGTACACCCATCTTAGTAGACTCCTTATTAATAGCTCAGCAAGTCAGTTGCAGACTTTCTGAATCTAGTCTTTCTTTATATCTTTCAAAACTGTCCATCTCGGATCAGTTATAATATCACATTTACATTTACTGAGATTGAGGTTTATACCGCATTGAGGGCAAAGCCCCTTGCAGTCATCACCGCACACCA
CP179935.1_gap64	2459460	2463750	4290	ACACGTCTGTCCATATTTCTTTCCATCCAGTCTGCGGTGGAAAAGAATATACGTTCCTGCCCGTCTGCATAAAAATACATTATTCGCGGATGCTCAAGAAAACGCCCTACGATACTGCGAACAGTGACATTCTCAGTAAGACCTTGCAGCCCCGGCTGTATTGCACATATCCCCCTCACTATAAGGTCAATATTCACTCCCGCCTGTGATGCCTCAATGATTTTGTCCACAAGCATCTTATCCATTATGGAATTCACTTTCACTATTATGTGCGCTTTCTTCCCCGCTTTCGCGTGAAATATCTCTTCGTCTATAAGCTCCAGCAGTTTTGACTTAATAGATCTGGGAGCCAAGTAAAAATGCTTCCAGTTCGCTATTTCTGTATATCCCATCAGAAAGTTGAAAAGCGCGGCGGAGTCACGCCCCACCTCTTCGTCTGCGGTCACATAATCCACATCAGTATATATTCCTGCTGTCATTTCATTAAAATTCCCTGTGGACATGTGAGAATACCGGACGATCCTCCCCTTCTCTTTGCGGACGATAAGCAGGTTCTTAGAGTGTATCTTCAAACCGACTATGCCGTATGTCACTATGCAGCCGGCCTCTTCCAGCATCGCTGCCCAATCGACATTACGAGCTTCATCAAACCTTGCTTTAAGCTCTATCACAACACTGACGTGTTTACCGTTCCGAGCCGCTTTCATAAGGTTTTCCATAATCGTCGAGTTTTTGTTCGCTCTATAGATCGTCATCTTTATTGAAACCACAGACGAATCTGTACTTGCCTTCGCAACCAGACGTGAGATAAAAGAGAAGTCGTGATACGGGCGATACATTATTACGTCTTTCTGTTTTATAAATTCAAAAATATCCGTTTTCTCATCAAAGCCTTCCGGCAGTTTGCTCTTGAAAGGCGTATAACATAACTCAGGTTTTTCAGCGGTAATCCCAAAGAGGGATGTCATATCTATAACATCATCAATCACATACACGTCATCTTTTTCAAACTGCATGAGCTCCGCCATCTTATCCAGAATATCCGAAGGGAGCCTTCCGTCAACTTCCACCCGGCATATTCCGCCTTTACGCCTTGTTTTCAGGTACTTTTTGATTGAAACAAGGAGATCTTCTGCGCCCTCCTCTTCAAGGGACAAATCGGCGTTACGGGTTACACGCAGACAGTAGCTGTCTACAATTTCATAGTCAGGGAAAACAAGGGGCAGATATCTCTTAAGAACATCTTCGGCAAAGATATAATAAGTTTTCTCGAGCTTCACACGAAAAATACGCTGCATACTTTCAGGCAGAATTATTATCGAGTGATAAATCTCCCCACCTTTCTTAAGCACGGCATAAACAGACAAGCGGAAATTATATATAAAAGGCATAGGGTTAGCGGACGACAGCGTCACCGGCGATATAACAGGATAAATCTCTTCGTTAAAAATAGCCTCGGTTATCTCATCCAGCTCAGGGTCAACTTCCGGCGCTATCACAATCCCCTTCTTCTCAAGGTCAGACTTCACCTGAACAAAAATCCCCTGCCGGAGATGGGTCAGCTCATGAGCCTTTGCACTGATCTTTTCCAGCTGTTCTGCCGGCGTCATTCCGGCTATGTCCGTTTTCCGGTATCCGGCATCATGCTGATCTTTAAGCCCGCCAACACGTATCATAAAAAACTCGTCCAGATTAGACGAAAATATAGCAAGAAACTTCAGCTTTTCAAGGAGCGGAACATCCGGATCAACCGCTTCCATAAGGACTCTTCTGTTAAATTCAAGCCAGCTCAGTTCCCTGTTGATAAAAGGGGTCTGTTCACTCATGTATATTACCTTTTCCGCTTATTTTTAATCGTATAATATTCTTGTTTCAAGCTCTATGGGGATACCGAATGTATCCATAAAAATCCGTCCTTTCTCTTCGAACGATAACTTTTCCAGAAATGGTGTCTTTTTACATTTCGCCCTTATAACAATTTTCCCCTGAAGTATATCAACGTCAAAGTCTGTGATAAGGTTCATATGCGAGGCATCCATAGCATCAGAAACACGCAGAATACTCACAAGCTTTTTGATAAGAAGTCTTTTCTCCATAGGAAAATAATTATACTTATTCTCAAACCAGTGCTCAACATCACCGTTATGCATCAGGGCAAGATAAGAAACAATCTTGACAAACTGCCTGTCCAGCCCGGGGATTTCTATGGACTGCACAAGGTAGTACGAATGCTTGTTGTGGTTTCTGGAGCCTATATAATTGCCGACATCACTGAGTATAGACGCAGCCTCCAACATAAGCTTCTCCCTTCGTCCGAGGGAGTGCAGAGGTCTTAGTTTTTCGAACAGCTTCATCGAGAAACGCACAGTTGTCTCCGCATGTTTCTCGTCCATATTATACCTTCTGCCTATACCGAGGATAGTGCTGCGCACACGATTCACAAACCCTCTGTCTCTTATATTACCGGAATAATAAAGGCTCAGAGTATGAGGGAACGACTGCCTCGTAAACTTCACGGTATCAGTCCCGGCATAGTCCATAAGCTTCAGATATGTAACAAGGGTCGGCAGCAGCACAGACGCCTCATCTTTTCTGATATTCAGGCTTGTCATAATAGTGTCTCTCGGCATCTGTTTAATCTTTTCATAGAGCTTTTCAAGGTCGGATCTCTTGAGTTCATTCTTAACAGGTCTGAAGATGCTCAGCAGAATATTCAGAGAACTGCCCGCACTGATAAAGTGCTTCAGTCTGGTGTCCTTTGACATCCCGCCTTCCATAGAGTGAAACATCTTCATAACATACTGCTCATAAGCTTTGTATCTGCTGATTCGTGGTATGTCGCTGAATATCCGCCGGAGTCGAAGACTGCCGTAAGGAAGTGCTCCGGAGTATATATTCTGCTCATCCTTCAGTATGGCAAGGGCAACATTGCCGCTTGAAATATTAGCGATCAGCACCCCGTCTTTTTCATATTGGCTGAATCCGGCTATGTCATTTTTAACACCGACATATTTGATGTATATTTCATCTGCCGGTTCGATAATCTCTAGATCTATCCCCGTCTCCTGACGGACATGATCTATAAAAAACGCTCTGTTCACAGCCTCACGCACACCACTGGTACAAACAGCTTTGTAATGTTTGCGTATATTGTATTCATCAAGCTTCTGGCTGAATTTTCTCAGGATGTCCGTAGCGAGATAGACATTTTCAAGGGCGATATACCCCTTAGAGAAAGTATCCTTCCCAAGGCGAAATGGTTTTATAAGATATTCAAGAGTGCGCTCCTCTCCGTTTACATACTCGCTGATATGCATGCGGAAGGCGCTGGCTCCGATATTAATTGCTGCAAAAATACCGTTTTTCATACAAGCTCTACCGTCTTTTTTAATAGTTTCGAGATCAGTTCTTTTTTAAGTTCAAAATCCCTTATCTCCATTGAAATATCACCCTTGCTCACTGCCTCTATCACAACCGAACTGTCTCTGACATCAACTTTCAGATTTTTTATCTGACCTTTATGTGACCTGTCCAGAGCAATGGCGATGCGAAGTATGGAAGCAAGCTTTATAACGCGCTCCCTGTCAGTGTCGTTCAGCATATTGTAATCCTCATGGCTCTGTTTCGGAGAACTTTTCCTGTGGTATCTTGCGATATTGGCTATAAGCTCAACCTCTTTAACAGAATACCCCACCAGCTCACTGTGCTTTATAAGATAATAAGTATGCTTATGATGCTTAGAATAGGCTATATGTTTCCCTACATCACGAAGCACAGCAGCAGCCTCCAGAAGAACCCAGTCACGCCCGCCAAGACCCATCTCATAGGCAAGCCCCGTATAAAGCTTTTTCGCAAGCTTCATAACCTGCACAGCGCCGGATTCATCAAACTCAAATTTGTTCCCAACTTCTATCAGCCTGGAATATCGTATGTTCTCGGCATTATTCTGAAAAGGGAGCTCTATCCCCATTCTGTTGATAGTATCTATTGTCAGCCCTGCCCTGAGTCCACCTGAAAGGGTATAAAAACCGCTTGCGCCAGTCTCGTTCAGAATCATATCTGTCTGTATTGCAGCCGGCAGAATGAGATCACCCCGCTGTTCTTCCAGCCCTTCTGTTTTTATACGCTGGCTGTAAGATTTTTCACTGAAATCTTTTATAAATTTTTTAAGAAATATACGCTCGACATATTTAACATTGCTGGCACGAACCAGTTTATCTTTGTAATGTTTGACCACAGCAACATTATTCATAGAACCGCCAGTACATATCACCATATCAATATCTCTGC
CP179935.1_gap65	2468143	2470666	2523	TAAGAATTTACATATTCCAATAATACTGAAATTATATATATTTATTGCAAAACAATGTTCTCTAATGGTTAAATTACACATATAACATTAATAATATATATTATTTTACTGATATTAAGTATCACTACACGATCTGAATGAAACATAATTGATATTAAATTATAATATAGTTCTATTTATTAAATATTAATTTTTCTTAATTCTAACTAAAATACTGTATTATTTTATGTTTTACTGATATTAAATTTGTAAACTTATACATAAACTCTATTTAACTTATAAAGCAAACTTAAGATTGTATGTGACCGACTATTGCCTTATATTATAACAACAAAGGGCGGTTTATAACTATGCTGAAACTCACCGATATACAAATCCTTAAACTTGGTAAGATCCTGCATCATATAAGAAATAATAACTTATTCTACAGCCGGATTTTACCTGATGAGCGCATAACCTCATACGAGGCACTCTCCAGCCTCCCCTTCATGACAAACGAACTGCTGGCTCAGGGGTACCCCTTTGCCTATAGCTGCGCCGACACAAAAGGTCTGATTACAGGAAGAATCCAGCAAATAAATAAAGAACCGGTTATGAACTTCTTTACTGACAATGACATTACTCATATAGCAGAGATGACAGCCCGCACTCTCAGCATAGCAGAAGTGACAGACGAAGACACCCTCCTCCTGATAAGCGGGCATGACGAATACCCGTCTTTTGCGGACGCCTGTGAAAAGCTCAGACACTTCCTTATACACGCCGGCAAACTCAGCCACAGAAAACTGTACCAGCTGATAAACGACGCTGACGCAAACTGTCTGATGGGAACAACTAAAGACATAACAGCCTTTATCGAATATTGCAGAGAGAATTCTCTGGAACTGACAGAAACGTCTTTGAAATCAGGAATCTTTTGCGGTAAACCACTGAGTAACGGAACAAGAAAACATCTGGAAAAAGAATCAGGAATGGACATTTACATGACTGCCGGATTTGGCATATTTCTGCACGGCATGGCGTCCGACTGTAAAGAACATGACGGGATGCATCTATGGGATGATCATTATATAGTAGAAATAATTGATGATGAAGGCAAAATACTGCCCGATGGCGAAGAGGGGGAACTTGTAATAACTACCCTCACTCTGGAAGCACTGCCTCTGATACGATTCCGTACAGGCAGGAAATCTGCAATAGTATCAAGAGAAAAATGTACCTGTGGTCTGCACACAGTTAAAATAGACTATCCGTCCTAATATGTGTGCTCATAGCCTGTTTCTGAAATATCAACTCTCCCCTGTTCACCCTCAAGATAAACACCACTTCCGGTTTCAACATAGCCCACACGCACAGCAGAAGGTGCGAGCATCTCCAGCTCGCTTATATCTTTTTCGGCGACAGTGAAAAGAAGCGCGAATTCCTCACCTGAGCCCAAGGCAAACATAACTGCGTCACCTTTCACATGTAAATGCTCAACAGGAAACCTACTCTCTTCTATCACCATACAAACGCCGCTTTTGTCTGCGATATGAGATGCATCACGACCAACGCCGTCACTAACATCAATGCACGATGTCGCCAACCCTGTGCGCCCCAGAAGGTCTCCGAGCTCTGTTTCAGCTTTTATCAGATAGTGGTTGTAAGTGTCTCCACCGGCAAGCTCCTGCTCCAGAAGCTCACGGACACGCCCAACAGGACGGGACAGATAAATAATATCTCCGGCGTTAGCTCCGCTTCGCTGAAGCACATGCTGATTTTTCCTGCCGATGATCGTAACTGACACGAAAAGGGAATCCTGAGAAGAAGTAGTATCGCCGCCTATCAGCTTTACGCCGTACATTTCGAATGGCTTGACGATATCTTCAGCGTTAACATCATACCCTTCAGGAATGGCAATTCCCAGAAGTCCATACTCTGCTGTTCCGCCCATTGCCGCAATATCGCTGACATTAGCGGTGACTATTTTACGCATAATATGCAGGAAAGGCGCTCCCTTTGTAAAGTGCACCCCTTCCACCATTATGTCTTTTGCAACAAGTGTCTCGCCGAACAAGGCGGCATCATCTCCTACCCCTAGTGTGACACCGCCGTTATTCAGCATTGAAGACAGTCTCTCTATAAGAGAGAATTCTTTATTTTTTTTCAAAATTTTTCCAGTTTATCTCTGAGCATTTTGGCAGCCATGTATGGATCTTCCGCGGCACATATGGCTGACGACACAGCGACACCGCTTACCCCGGAACTGCTGAGCTGATCAACATTCTCTCCGGTAATCCCGCCTATCGCCACAGAGGGTTTCCCCGCAGCAGCAACGAGCTCCTTTATTCCGGAAGGACCTATAAGCCCCCGCAGATCAGCCTTTGTGCTGGTGAGGAACGCCGGTCCGGAGCCTATATAGTCCGCCACGCCTGCCGCCCGCACATCGTCCATATCATTACAGGAATACCCTAGAATCAGCTCGGGATACTTTGCCCGCACATTAGAAACAGGGATATCCTTAACACCCAGATGAACAGCCTT
CP179935.1_gap66	2472179	2473864	1685	TATCTCTCCTTTCCCAAGGTGTGCACCTTGAGGCATATCACTACACTCTATTTAATATCCTTTACGATACCGCTTTTGCGGCTCGCGCCTCTCCCCTGCAATGTCATTACAAACACACCGGTCAACAAAATCCGGCACCTTGAGGCATATCACTACACTCTATTTAATATCCTTTACGATACCGCTTTTGCGGCTCGTGCCTCTCGCCTGCAATGTCATTACAAACACGCCAGTCAACAAAATCCGGCACCTTGAGGCATATCGCTACACTCTATTAATGTCCCATATAGCCCCCTGTGCAAAATTTACGGCACAAAAAAACCCCACTGGAAATCCAGCAGGGTTGGGTTTATATGAATATGCATGATCTACATAATTCCCCTTCCCTACGCCGGCATTATCCGGATCAGGTCTTGGGGTATATCTCAGCCGCCCTATCTAAGGCAACACCCCCAGGGCTGTTAACACTATATACAACTTTGAAAACTTTTTGACAAGTATCTTTTGAGATTATGTCAGTAAGCTATACTGAAATCCTCAAGATTCCCTTCAGCCGCAGAGTACGCAACATCTATCTTCTCCACACTGCACCAGCCTGAGCCTTCGTTAGCGATATCTATCAGATCAATAAGAACCTGCTCCGTCCCTTCGGCAACAATCTCAACAGTTCCGTCAGGCATATTCCTGACATATCCGCAAACACCAAGCGTTGCAGCACGTTTCTGTACTACAGCACGATAGCCGACACCCTGCACACGCCCGTACACAACAGCATGCAGTCTGTTCATAGCTTACTCCACCATCTTAAGCATAAAGCTGCCCATCTCTGCTCCTTTATGGTTAACAACCACCGGATAAGCCATTCCTGCCTTATCTGCTGAGTATTTACGCATAAAATCATTCGGGTTTAGCTTTATGTTAAACCCCCTGTCGTCTCCATTATTATAACTAATACTAGGCGGGACATATCCTTTCAGATTAATTGGATATTCATTCCCGCATGAAACATCAGAAAATGCAGAGAGAAACTCAATTTCATCACCAACTTTTGTTTTGAGTGTATCTCCTGAAAGCAGAGCCTTTTTAACTCCGTTGTGCTTAACAATAAAGACAAAATAGTGTCCGGTTCCATTATTCTTTTTAACTTTTATCTTTATTGTCCCCATTTTATTGTTATCTTTCCGGAAGACAATAACAGAGTCCCCTTTCATTTCGACTTTTTTGCGATAGTCATTAAGGTCGCCGTAACCGAGTATATCACAGGACACCCCTCGGTCATAGTTCCCTTCAATGTGAGTAACTTCGCAAACATCACCTTCTCTGATAAGGATGCTGGAACCCTCTTCGACAATTTTCGGTTCATCATTCACATTTATGACAGCATAGTCCATTTTAGGCTTTTTCAAAAAAATAGTAGGAGCTTCCGGCACTATATCATAAAGTTTCATAAACTCATTCACAGCATAGTTATGATGAAGAATTTTCATCTCTGTAGTCGGAAGATTTTTTGAAGATTCTATAGCATATGCAGGTAAGCAGTATGTCCGCAGGGCATAATAAGTCGCAGTTTTACGCATTTCTGCAAACTTTGTGCCTGTGTTCTGGGTTTTTGTATTAAAGTAATGCATATGATACTGTTCGTCGCCAATCTTTTTATTAGTCTCTTCAAGAACTTTATCCGCATG
CP179935.1_gap67	2510552	2511744	1192	AGCATTGTCAGCTTTATTGATTCCAGATATGTTATCGTCTCTGATGTCGGGGAGGCAAGCGTTCTGCCCGACGAAAACTGCTATGCTCTTGTGGCTCAGACAACTCAAAACTCGGAATCATTTGACAAAATAGCAGAAATACTTAAAACTAAGTGTGACAAGCTTATTATTAAAAATACAATCTGTAATGCCACCAGCCTAAGACAGGCTTCTGCTATTGATTTAGCTAAAAAAGTTGATATCATGGTTGTAATCGGCGGGAGAAACAGTGGAAACACAACCCGTCTGTATGAAATATGTAAAAATATATGTGCTAACACACATCATATAGAAACGAAAGAAGAACTGAAAAAAGAAATATTCGACGGTTGCCGGAAGGTTGGCATCACAGCTGGAGCCAGTACCCCCGGTTATCTGGTAGAAGAAGTTATAGAATTTTTAAAAGAGGTCAGTATGAGTAGTATTAACAACAACGATGGAGACAACATGCAGATGGAAGATTTCGAGGCTATGCTTGAGGAGTCTTTCCAGCAGCCGGAGAAAAACTCTATCGTGCAGGGAACAGTGGCACAAATAAATGAAAACGATGTACTCGTTAACATCGGCTTCAAAACAGAAGGTGTTGTGCCCAGCGCAGAATTCATGAAAGATGGCGAAATAACTATCAAAGTCGGTGACGAAGTAGATGTTCTCTTCCTCGGCATAGCAGGCGGCGGCGGTTATGTTAAGCTATCCAGAAAAGCTATCGAAAAAGAAGCAGACTGGATCGAAGTGGAAAAAGCGCTTGAAGAGGAAACACCGGTAGAGATCAAAGTTACTTCTGTTGTGGACAAAGGCTTCACAGGTAAGTGCGGAGAAATCGAGTGTTTCATCCCTGAAAACCACATAGACTTCAAAAACAGCACTATGGAGCCGCAAGAATATGTGGGCAACATTTATGAAGTCAAAGTTCTTAAAGCAAATAAAAAACAGAGGTCATTTCTTGCTTCCAGAAAGCTTCAGATGATCCAGTCCATAGAAAAAGAGAAGAAAGAATTCTTCAGTCAGATAGAAGAGGGGCAAATCCTCAAAGGTTCCGTCAAAACCATCAAACATTACGGTGCATTCATGAACTTTGGTGCTGTTGACGGCTTTCTCCGCAAAAACAATATAGCATGGGGCGTTGTGAAACACCCTAACCAATACATCGAAG
CP179935.1_gap68	2514155	2514682	527	TCAAAAGTGTAGTTTTCAAAAGCGGAAAGCTTAAAGATGTCCCTTCACCTACAAGAGACCTATCATACTCTGAAAAAGAATATATGCAGGCAATGATAAGTGAATTTTATGAACAATTCCTCCGTGACGTACTTAAAAGACGCAGCATCAGCGAAGACAAATTAAGAGACCTTGCAGACGGACGTGTATTCAGCGGACGTCAGGCTGTTGAGCTAAAACTTATAGACAGAATAGGCACCAGAGAAGAAGCCGTTGTGGATATGAAAAATGAGCTGGGCATACAGGATCTCGAAGTTAAAGAGCTGTATGATAAAGACGAGTCACTGCTAAGCCAGCTTTTCACCAAAGCAGCTGTTCTCAGGTCAGAATTAATCCCGAACGGTGGATTCTACTACATTTATAAGCCCGGTCTTTGATGGTCGGGCGATATACTTTTTAAGGATTTCTCTGTTGCCGGTTATCAAAACAGGCTTGAGCTTCGCACTCCCGAGGGGAAATTTAAGCTCCAGCCTCATGATGATTCCGGT
CP179935.1_gap69	2518968	2520249	1281	ATAACATTATGCGCTAAAGGTGCCGGTTTCAAAAAGATAGCAGTGCCCAAACAAAATGCTGATGAAGCCGCAATAGTCAGCGGCATTGAGGTCTACCCTTTTGAAACGCTGGACAATGTCCTGCATTTTATAAATGAACCAGACAGCTACACTCCTCATAAAGTTGATATTAAAGAACTTTTCAAGAAAAATAGCTTTTACAAAGAAAATTTCGCAGAAGTTAAAGGTCAGCTTGTGGCAAGACGCTGTGCGGAGATAGCAGCAGCGGGCATGCACAACCTGCTCATGATTGGTGCACCGGGAAGCGGAAAAACGATGATTGCCCGCAGACTGCCCGGCATAATGCCAGACATGTCACTTGATGAAGCAATCGAAACCACAAAGATTCATTCCGTGGCGGGTCTTGTAAGAAACTCTAAAGACCTGAAAAGCACTCGCCCTTTTTTCGCACCACACCACACGAGCAGCAACATCGCCCTCATAGGCGGTACTGTCAGATACAAGACATATCTTAACCATTCAGAATATACCTTAACTAATACTAGCATGGAGGCGATATGAGATCAGCCTCCGACCTTTCTATTGAACGATTAAAAAACGAAAGCGGCGAATTCAAATTAATCGACATACTTGGGATACGTAAAAACAAAGAATACAAGTATGAATATATTGCTTTATTCTTTAATGGTTATAAATATTTAAATTGCCCAATCCCCTTTGAGTTATATTATGGAACCTACATTGGTGCACAATATTCATACGGCAAAATTAAGACGAATATTAGCAAAAACGCTCAATCTAAGCTAATTGAATTTGATCCTGCTAAAATCGAATATACTGCTTTCAGAAATATCATAAATGCCTTCAATATAGGGCCTTCAGTATATGACCACTCGTTTAGCAGTGATGATGGTGGGAAAAAATATCAACATGAAATTCTAAACCAGAATGTCGCAACAGTGAACAATGGCAATAGTATCTTCATACTACCTTGCTTCTTAATTGCATCAACTTTCTATTTCACTTCTTCCAAAATGGTGAACATGATTATGACTGGTAACTTCAATGACGCATTATATGGGGATATAGAGTTCAACAAGAATGGCGTTCCAATTGTTTTTTATAAAAAGTCATACCCGACATCAGACATACCTTATGTAGTACTTTACCATACATCATCACATGCAAAATACTTATGGAATAGGCTTCGATTTTTTAGAAAACCGTCGTCAATCAACTACTTATATACAGATACGAAATTACCTTATAACAAAATAAAGA
CP179935.1_gap70	2628880	2629750	870	AACGCCATATTTCAACACGTCTTTTATTTTCGTCTTCTTTAAGGTTTCTGTGTATTGCATATGAAAAGTCATGCATGACATCAGTGACGTATTCGTAAAACTTTTTTAGCTTTATATTGAAGAAATCCTGATAGGTTATTTTGTTATCTGATTCGTTCATAGAGTATAGCCCGCCGGTTAAGAGGTTGTCCGTTTTTTTTGTTTGGTGCTGCCGGAAAAGCGGGGCCGAGCCCTAATGTCTGAACATTTTCTGCCGGAATCCCTGCTTCAGTAAGTTTGTTTAAGAAAAATGCAGCCCTTTTAGCTGAAAGTTCAAAGTTGTCAGCATATTCTGTATTCGGTACAACACGCACATCGTCAGTATGTCCGATTATTACATACTTTTTTGCATTGTTAGCATTGCTTATAATATTTATTTCTTTGTCAGTTAATTCCTTACGAAATTCGCCAAGAGCAAAGTAAATAGCCCCCTGCTCATTAAGATTTGCACTGAGTATACCATTATCTGCACATTCTGTTCCGTTAGCTTCAAAAACCACCACCACAGAACCTTCTTTTTCTATATTTTCTATAGTGTGTGAGTTGCCTTCCGGGGTGAGCTTCTGACCATTATAAATTAGGCTTCCTAACTTTTCGCACGGATCAGGTGTCATTTCGATCATTAGGCTGCCGTTTGCAGGTACATTAGTCGTGCCATATGGTTTAACAGAGCCTTCCCCGACTTTTGTAATTGTAATTGAATATTCTCCGTCAGATGTCGGCGTTAAGCCTCTCATCTCACCTGAAACAGCTGTAGGCGGTTGATATAATTCGATTGAAAGGATCTGCCATCCGTTTAGAGCAACATTTTCACGTGCTTCTTCTTCGTTT
CP179935.1_gap71	2631315	2635480	4165	CGTCTGATTTCAGGTACTTCAACACCGTGATCCACAGAGTTTCTGATCATGTGGATAAGCGGATCCCCTATCTCTTCGACAACAGATTTATCAAGTTCTGTCTCTTCCCCTGATATGACAAGATCAACATCTTTGCCCATATCACGGCAGAGGTCACGAACCATTCTTGGGAACTTATTGAAGACTTTGCCGATAGGAACCATTCTTGTTTTCATTACAGCAAGCTGTAGTTCAGTCGTGATGAGTCCTATTTGCGATGTGGTTTCCATGAGTTGCTCAATGAGGAATTCCCCTTCGAATTTCTTTTCGAGATCTCCGGAGATCTGCCCGATACGGTTACGGGAGAGAACGAGTTCACCAACAAGGTTCATCAGAGAGTCCAGTCTGGAAACATCCACACGGATAGTCTGTTCAATGGACATCGCTGCTTTTTTCACCTGCTCAACATTTTTCTGCGGTGCCTCGGGAGCTCCGGATCTTGTTGCATCTGACGCTCCGGGGAGCTTTCCTTCATTTGCAAGTTTGAGCCTGTTGATAAGGTCAGTAACATCTGCAACGTCTGTACCGTTTTTGATGTCAACGATTATGGTTTTTGTTATGTCTACGAACTCAAGCAGAATATCCATAATGCCTGGTGTGACGGAAATTTCATTTTTTCTAAGTTTGTTAAGGATTTCTTCTGCGTGGTGGGTGACCCCGCTCATTTTGTCGAAACCCAGAAATGACGACGCACCTTTCATGGTATGTGCGCCTCTGAATATTTTATTAAGCAGATCAAGATCGTTTTTACGTGTTTCAAGTTCAACAAGGTCGTGATCAAGAGCTTCTATGATTTCTTCAGTTTCCAGAATAAAATCCTGTACAAGATCCTGCATATCGTTGTTGTTCATGCTTTCCTCCAGAGATCTTACTGACCGAACTCTTTCATAAGTTCATCAACAAGGTTCTGATCCTCCAAAAGGTCTTTCTTCGATTTGATCTTGTCCAGCGCCTCAATGTCTATCTTATCTTCTTTAACGCCGTACATTATTACCAGGTGAGAAAGTCTTTCCTGAAGGTCGTATATTATTTTAACAAGCTTATCGATTTTTTGCTTGGTAATGTCCTGAAATTCAAGTGAAGCAATAATATCAAACGATGAATCCTGACCTGAGAGGGCTTTATCTCTCAGTCTGTCAATTATCCCGCTTGTCTGGGCGAACTTTTTTGCCTCTACCTGGGTTTTAAGGGTTTTAAGGTTGTCACGTATATCATCACCGACAAAAGTGATTTTGTCCACACAGCTCAGAACATTCTCTGAGGCGGTTTTTGCATCGCTGATTATAGCTTTTAGCGTGTCTTCGAAGCCGGGCAGGTCTTCATAGCTGTCCTCAACGGTGTCATAAACTGTCTGGAGTTTTTCTATAGATTCGCTGAAATACTGGGCGATATGAAATAATTCGTTTTCAGCGTTAACATCAACACTGGCAACGTCATAATTTCCTTCATTTATACTTCTGGCAATATCCAGAAGCTCATTAATGTCTTTGTATGCAGACATCATCAAATACCGAGGAGCTTATTCACCTTTTCCTGAAGAGTGTCCGGTGTGAAAGGTTTAACAACATAGTTGTTCACACCGCTTCTGAGTGCTGTCAGGATGTCTTCTTTTGCGGCTTCCGTTGTAACCATCAGAATAGGAGTTTCTTTATATTCCTCTTTTGAACGGATAGTCTTTACAAAGGTGAGTCCGTCCATTTCGGGCATATTCCAGTCTGTGATTATCATATCAACGTCGTTTTTCGCAAGCACATCAAGACCTTCAACACCATTAGCAGCTTCAAGAACATTGGTGAATCCAAGCTTCGTGAGGGTGTTTTTTATAATTCTTCTCATGGTAGAAGAATCATCCACTGTTATTATAACGTGTTCGTGAGCCATTTCTGGTCCTCCACCTTGTTTCTCTTATCTTATATTATTTCCAAAATACTACACTGTGTCAATCTTTTAATTTTTTAATTCTTTCTGCACGACTGACAATTTCTTTAATTCGGAAACCAAAATAACCATCAACAATGACAACCTCGCCTCTGGCGATGACTTTATTATTAATAACAAGTTCAACAGGTTCGTCAGCGGACTCGTCCAGTTCGATGATATTCCCTGATCCCATAGTTAGTATATCCTTTAAAAACATTTTTGTAGAGCCCATTTTTACACTAACCGGAACATCGATATCAAGCAGGAGATCCAGATTGGATGGAGAACCTCCGCCATATCCGCCTCCAAACCCTCCAGTAGCGGGTTCATCGTCATCTTCTGGGAACGTGAACGCTGAGCCGAAATCTGGTTCCTCATCGTCTCCGCCGCCGAAAAGATTCATAAGATTTATGTCGGTGTAGAAACGGAATGTGGTATTCTGGTCACCTATCCCGAGGTCTGCATCAATTATCATATAAGCATCTGACTGAAAAAGTGCGGGAGCATCATTAACCATTACATCGTCTATTCTGAAAGACACTTTAACCTGAGTTTTTTCCTCAAGAGGCACAGTGACAGCAGCGAGAGCCTGGGACGCCAGCTCTTTTATTGCGTCTTTGTCGTCGTCTTCTAGAGATTCCTTACCTGGCTCATCCATCATCATCATTAGATTTGTCAGAAATGTTATGTCTGCTGTTTTAAACATCAGACCGGCTTCAAGTCCTGATTTTTCTTCAGTGACAATAATAAGCACCTGTCCTTCGTAGCCGCCTGCGAGATCATCCGGACCACCGCTGGAAACTTCAGAAAAGGACACTTTGATATCTTTGTCGAACATACTGTTCAGTGTGGACTGGAACACTTCCTTAGCCACATCTGTGAATGTGCTGTGCCTGTTTTCACTCAGCGGGGTTTTCATCGTCTGACTCCGTTATAAATTGTGTGATCTTAACTGCTTTTTTAACCCCGAGAGTACCGACCTCGCCGAGGAATTTCTGTTTGTTGTTAAAGTGTATTTCAACAGGTCTGTCCTGTTTCACGTTAAACATAACCAGGTCTCCGTTCTGAAGCCCCAGAACATCTTCGATCGTAAGTTTATTGTGACCGAGATAGATGCTTGTCGGAACCTCAGTATCGTTAAGCATATGCATAATCTCGTCTTCCTTCTCCCCCTGAAGTCCTTTCTTAGCACCTATTAACCAGTCGCTGGAGCTTATTTTACCCAGAACCGGTTCAAGAACTATCGCAGGGATGCAGAGGTTCATCATACCGAGAACCTCGCCGAACTTGACTTCACAAACTACAAGTATAACAACTTCGTTCTGAGAAACAATCTGTATGATATGCGGGCTGTTTTCACTCAGTTCTTTTTTGAGCCGTATGTTAGGGATTATCTGCCTCCAGACCTCTTCGAGATCTTTTAGGATGAGACCTAATATACCGTCCATTATGTGCTGTTCCAGACTTGTAAGTTCTCTCGTCTGGAAAAGCGGCTTGCCAGTTCCTCCCAGAAGCTTGTCAACAATCGGGAAAACGAGCGAAGGATTTATCTCAAGCACTGCATTCCCTTCCATGGGGATCATAGAGATGATGTTAAAACTTGTGGGGTCAGGCAGAGACATGAGGAATTCACCGTATGTCATCTGGTCTACGGATGTGAGTGTTATGTCGGTGATCGTACGCAGGTAGTTTGAAAGTGTAGAGGAAAAATTCCGTGCAAATTTATCGTGCAGGTTGCGTATTGAGCGGAGCTGTTCCTTGCTTACACGGTCGGGTCTCCGGAAGTCATAGACAGATATCTTCTTTGGGACGAAGTCTAACTGCTCAACTTTCTCATCTGCGATCTCCTCATCTGTGGAAACTGTAGAGAGTAGAGCGTCAATCTCCTCTTGACTTAGAATATCTGCCATTTGTTACCTGTTTGCTCCTGATTATGTAAAACTTATTAAAAACGCTATCTGCAATATGCCACTATACGCTGATAAATTTCAGTAAGAGGCACAACTTCGTCATTAAATCCTGCTTCCACTACAGCTCTGGGCATACCGTAGACTATACAGGATTCTTCATCCTGAGCTATCACACTGCCGCCCTTCAGCTTAAGGAGCTGGAGACCTTTCATGCCGTCGCTCCCCATGCCTGTCATTATAACGCCAAGTGCGTCACGTCCTATTGTCTCTGCAACAGATGCTGCTGTTACATCCAC
CP179935.1_gap72	2644032	2648503	4471	GCATCTGGACAGAATACGAAAACAGCAGGACAGCTCAGGCGGTTTTACCGCTTTCATCCCGTGGCCTTTTCAACCTGACAACACGGAGCTGGGCGGAGGGCATGTTACAGCGGTTGAATATCTGCGTGTTCTCGCTATAAGCCGTCTTTACCTTGATAATGTACCTAATATTCAGGTATCATGGGTTACACAGGGACCGAAGACAGGGCAGACTGCCCTTTATTTCGGTGGAAACGATTTTGGTTCACTGATGATAGAGGAAAACGTTGTGGCTGCTTGCGGGGCAAGCTTTCGCATGAGTGTGGACGAGATAAAAAACACCATAGACAGAGCCGGCTTCAGACCTGCTCAGAGGGATATGGAATACAATATTCTGAGGTATCTTGATTGAAAAATGATTTCCTGGAGGTTCTTGTAGAAATCTCCGAAAAAATGAACAGTATGTTTGAGATTCATAATCTCCTGCCGGCAATTATTAACATAGCGAAGGAGTATCTGGACGTTAAACGGATATCTCTGATGCTTATCGAGGATGATGTGCTGAAGATGTATGCACATGCAGGATTTGATGTGGAATACTCTGACGTCAGCCTGCGTCTCGGCGAAGGTATCGCGGGGAAAGTTGCCAAAACAGGTGTTGAGGTTATGGTTAATCACACTGAGGGAACCTGCAGAGAGATGGGCTATGAGGCCTCGTCGTTTATGTCTGTCCCTCTGAAAAAGAGCGACAAGGTTCTCGGTGTGTTAAATCTTACCGATAAAGAAGGGGACTATTTTAACGAAACAGATGTGAAAGTAGCCAGATATATAGCCTCTCAGTGCGCTCTCGGCGTTGAGCGTTTCAATATATACAGAGACATGCGCAAAAGTGAGAATCTGCGTGTGGTGGGTATGCTGAACTCTTCTATCGCCCACGATATTAAAAATCTTCTGAATATTGTGCAGTCCTATCTTGAGCTTATGAATATGGAAGAAGGGCTGAATCCTGAGATGCGGGAGTATATAGATGCGATCCATTCCGAGGTTAAGCGGATCCATGGGCTGACTCTTGATATTCTTGATTTTTCCAGACAGCGTGTGACAATTAACATTGAAACTTTCAGAATTTCTGAACTGTTTACAGAAATAGCTAAGCATGCTAACATCATGACTAAAGATACGGACATAGTTGTTGAAGTTACTGCTTTGGACGATCTCACCATGAAAGTGGACAGAGGCAAGATTTTCAGAGTTATATTTAATCTGGTCTCTAATGCGATAGATGCACTGGGGTGTTCCGGTAAAGTTAGGCTGACTGCTGAACAAGATAGAGATTTTTGCGTATTCAAGGTGCGTGATACTGGCAAAGGCGTACCAAAAGAGCATCTGGCAAAGCTCTTTCAGCCATTTTTCTCATCGGGCAAGCATAAAGGCACAGGGCTTGGGCTCGCTATTGTCCAGATGATTGTTGAGGCTCATAACGGTACTATAGAAGTAGATTCTGCTGAGGGCTTATACACAGAATTTACTGTAAGGATACCATATAATTATGAATCTTTTAAAGAACTACACAAGTAAGGGTGAGTCAGAGCTTGCTAAGTTTTTAATGAGTTATTACGGACTGCATCTGAATGAGTTTGCATTTTCAAGAGACGATGCAGGTCGTATTGTTATTAAAATTATAGCAGACAAAAATGCTGATGCTGATGCCGAGCTTTTCATTTCAGATGACGGGCTCAGAGCGATGGTAAATGCTTATCCGGCAATCAATAACGGTGCTCCGCTTAGTGCTGACTATATTATAGAACTTTTGAAGCATGAGCATATCACAGTGAATATCCACAGGGATGTTATAGACAATGCTGTAAAACTCTGTAACGAAGGTGCTATATCAGAGAATATGACAGTAGCTGAAGGTGTTGAACCCATTCATGGGAAAAACTCTCAGATACTTCTTAATTTTGATCCAATAAAAAACAAACCAAAAATATTACGCAGCGGGCGTGTTGATTATAAAAACATAGATAATATACGAATAGTTAACGAAGGGGATCTGCTCCTTACGAAAAAACCTGCAACCGCAGGAGTAAGAGGGTTGAATGTACGAAATCAGGAGATTCCGCCTGACCCGGGTATTGATATAGAAATCCAAGTTGGCGAAGGGGTGCGTGCAGAGAAGGATGATTCAGAATTTTATGCTACGACAGACGGGTGTGTCACCTTTGTCAGAAACACTCTTGAGGTTTCCCCGATATATATCGTCAGGGGAAATGTTGACTACAGCACAGGAAATATAGTATTTAACGGCAGTGTCCATATTAATAACGATGTGCTTAGTGATTTCAGCGTAAAAGCTGAGAAAGATATATATATAGACGGCTTGTGTCAGGATGCTCATCTTGAAGCAGGCGGAAATATTGTCATTAAGCTCGGCGTAAAAGGTGATAACAAAGGCATTATCAAGGCTAAAGGTGATGTCTGTGTCGGTTACGCCGAAGGCGCGAACATAGAGGCGAGAGGGAACATAGAGATACAAAAATATTCCTATCACTCTAACCTGAAAACCGGAGGAATTCTGGAGGCGATAAAAGAACCGGGAGTCATTGCAGGCGGGACAGTAATTGCCTTTGAAGAAGTACGTATCAATCAGGCGGGGACAAGTGGGAATTCACGTTTTCTTATAAACATAGGAACTAAATTTTATTTTGCAGATGAGCTTGAAGCACTGAAAAGAACAAAAATTAAATACGAAGAAAACAAAGCAAAGATTGACGAATTCCTAGGCAGTGTTAATTTAAAAAGCAAAGAAGTGCTTACTAACCCAAAAGTCCGGCAGTTGATTACCATGAGAAAACAGATAGACGCTAAAATCACAGATGTTGATGAACAGATGAAAACACTTATAAAGAATGCACATCATCCGAGACCGAAACTTAAAGTGGCAAAAGAACTTTACGGCGGTCTGGATGTCCAGATATATAGAGAAAAACTGAATATTAGGGAAAACCAGAAAAATGTCGTATATTATTTTGAAGATAAATATCAGCAAATCGCACATGTTTCATTGGAAGACCAAGACTGGCAAGAATGAATGACCATATAATTATCAAAGGTGCCAGACAGCACAACCTTAAAAATATAGACCTTAAAATACCCAAGAACAAGCTTGTTGTCATAACAGGTGTGTCCGGATCGGGTAAGTCCACGCTAGCTTTTGATACCCTCTACGCTGAAGGGCAGAGACGCTACGTCGAATCCCTCTCCGCCTATGCGCGGCAGTTTCTGGAGATGATGGAAAAGCCTGATGTGGATTCTATCGAATATCTCTCCCCTGCCATAAGCATAGAACAGAAATCGATCAGCAGGAACCCGCGCTCCACAGTCGGGACGATTACAGAAATCTATGACTACATGCGGCTTCTCTTCGCCCGTGCGGGTGCTGTGCACTGTCCGGTCTGCGGAAAGCTTGTGCAGAGTTATTCCGTTCAGCAGATAGTGGACAGGGTGCTTGCTTTTGGTGAAGATGCAAAAGTTGAAATCATGGCTCCCGTTGTCAGGGGTAAAAAGGGCGAATACAAGAAACTATTCGAAAAACTCCTTAAAGATGGTTATGTCCGCGCTGTTATAGATGGAGAGGTGCGCAGACTTGAAGAACCGATTGAGCTGGATAAACAGGTTAAGCACAGTATCTCTGTTGTTATCGACAGGATAAAGATAAAAGAGAGCGTCAACAGAAGGCTTACTGATTCTGTTGAAACAGCTCTTGGGCTTGGAGAAGGGCTTGTTGAGGTTATGACAGATGACCGCAGAGACTTGTATTCACAAAAATTTACCTGCCCTGACTGCGACATAAGCATAGAAGAGATTGAGCCGAGAAGTTTTTCGTTCAACAACCCTTTTGGTGCATGTCCCGAGTGTGAGGGGCTTGGCGAAAAACAGGTTTTTGACACGGAAGCGATAGTCCCTAACGATGAAATAAGTGTTCGTGAAGGTGCCATAGAGCCGTGGCAGCAGTTTGATAACTTCCATTTTTATAATACGCTGGTTGCTCTCTCTGAGCAGTTCGGCATTGATATGAACAAACCATACAGAGACCTCACTGAAAAACATAAGAAGATTCTCCTCGAGGGGCTGGACGAACCGATTAAAATGTTCACCTTTAAAGGGGAGAAGAAAGTTTTTTACGATAAGAAGTTTAACGGTGTTTTCGGATTGCTGAAAGAGAAGCTTTACACCGGAACACAGACAGACAGAGACTTTGCTAAAAAATATATGTCTGCTCAGAATTGCCCTTCATGTGACGGAGCCAGACTGAAACGCACAAGCCTGTCCGTTTTTGTCGGTGGTAAAAATATTGCAGAGATTTCTGCTATGAATGTTCGTGAAGTCTTGGAATTTTTCGAAGGTGTGACATTTGACGGGTTTATAAAAGATGTCGCAGCTAAGATCATTAATGAGATAAAACGCAGGCTGAAATTCCTTAACGATGTTG
CP179935.1_gap73	2785127	2788269	3142	TTTATATGCCTGCTTGATGTGAACAAAGAGGATGTCCCCGATGCGGTCTTTTCTCTTATCACCATCGTGATGAATAATACCGCACATCTTCTGGAAAGTTTCGAACTTTACAACAGAAATAAAATGGCAAATGAGCTGCTTAGTAAAAGTGTTAAAAGGCTTGAGCAGTCCGAAATCTACCTTAAAAGCTTTAACGAGAAACTTGAGGCTGAGGTTGAATCACGGACGAGAGAGCTGACTGCGACCAACTCTTTGCTGGAGAATGAGATCAGCGAGAGGAAGAAAATTGAAAAACTTCTCATTCAGCAGAAAGATGCTCTTGCGAACCTTAATCAGACCCTTGAAAACAGAGTCGCTGTTGAAACAGAGAACAGACGCAGAAGTGAACAGGTTCTGCATGAACAGAGTAAGATGGCAGCAATGGGGCAGATGCTGAACGCTATCTCACATCAGTGGCGTCAGCCGCTTAATTCCCTTGGGATGATTGTTCAGGATCTGATGGATGAATTTGAAGAAAAAGGTATCTCAAAAGAATACCTGACAGAATCTGTGGAAAAAGCTGTTAAGCTTATACTGCATATGTCAAATACCATAGATGATTTTTGTAATCTTGTCCGTCCGGACAGCAACGAAAGAGAAGATTTTAATCTTTTTGAAACGGTTAAGGATGTGTCAGTTCTGGTTAATGAAAGTTACAGTAACTCCGGTATCTTTATCGAACCTCTGCTCCGTGGTGATAATGAGGAGACAGAGCAGCTTATTGTTCATGGTGAACAGGGACTTTTTAAACAGGTTCTTCTGAATATCTTTTCCAACTCCAAAGACGCCATAAGTGAAAGGCTGGCAAACGGTAAAATTTCGAGAGGACTCATAAGGGTAGAAGTGGAGTCACTTGACGGAACTCTTAAAGTTTTTGTTACCGACAACGGCGGCGGTATCCCCGTTGCAGTCATAGACAGAGTTTTTGAACCGTATTTTACAACTAAAGAAGAAAGTAAGGGGACGGGCATAGGTCTTTATATGTCTAAAGTTTTTATCGAAGAACATATGAACGGTTCCATCGCAGCCAGTAATACAGGTGATGGTGCTTTGATCAGCATATGTTTTAATAAAAATTAAATTGATTTCAGTTTCCAAGGCTTATTATTTGCGGCAAGCTCTCGCCGGTATTATTATTAATTATAGTTACTAACGAAAACAGGTACATATGGCTACAGCAAAGTTCCGCATCGCAGTCATTTCTGACCTGCCGGACGGGCTGTGCAGTCCGGAGATCTTAGATCTTTCAGATATTTATCAATATAAGTGCGTTCAAAACATTCAGGCAGATAAGTATGACCTGATTTTATGGGATGCAAGAGGGGGCACAGACCTGCTTTGTGAAGCCCTGCCGGAATTATGCAGAACTGTTACCGTGATCATTGCAAATGACATTGATCCGTCGATAAGACAGGAACTGAGCTTATTTCATGATGTGTTTTTCTCTATCCCGCCAATCAGTAAAAGCGAAGTCGAAAATTATTTTACGATGTCCGCAGAGATGGAATCTGCTCTGATGGATATGCAGATATATGAAGAGTTTGTAGAAGATACAGACAATATTATCACAAGAGTGGATAAAGACGCACGGTTTACATATGTGAACACTGCTTGTGAGGGTCTGTACGGGGTAAGCAGGGATGTGCTTATAGGGCAGTCTGCTTTCGATTTTACACATGTCGATGACAGAGAGTTTACAATTAATGCTTTTAATAGCTGGATAAAAAATAAGCTGAAGAGAACATCCTTTATCAACAGGCAGGTACTTAGTGACGGCAGTGTGATTCATGTTTTATGGACGATAAATCTCCATTACGGCAGTTCTGGTGAGATCCTTTATATTAACAGTATTGCAAAGGATATTACAGACGGCTATCTGGCAGAAGCCGCCCTGAAGAAGAGTGAGTCATCCCTGCGTGCAATACTGGACTCGTCACAGGATATTGTTCTGCTGCTTGACTCCGATGGTACAATACTCGATTGCAACCAACAGTTCTGTAAAGAGGTTGAAATCGATATTGCTTCTGTTCTGGGGTGTAATCTCTGGAACATCAGAGGGATGAACACTAACGGAGAGAGACGTGTTATCTTTGACAATGTCGTTCGTACAGGCAAGCCCTGCCGTTTTGAGGATTATGGCGCAGATAATTGGTACAGCGTATATATCGCCCCAATAGCTTTAGAAGATATGGAACAGAAGCGTTTTGTCGCTTTTGCGAAAAATATTACCTATAGAAAAGAAGCTGAGCAGTTCGCCCGGATGAACGAACACAGGCATAAATCACTTGCCATATTAGGGCAGATGTACGAAGCGGATTTTGACGAAATACTTGAATATTCACTTGAAAGTTCCATAGAACAGACGCAAAGCATCGGTGGGTATATTGTTGAGTATGATGCGTCTATCGGAGTGTCGAAGCTTAAGGCGTTTAAAGGGCATAGTAATACAGAGGTGACTCTCTGTGCAGATCAACCTCTGGAAGTGAGCAGATTTCATGACCTTTACACGGTATTGCGAAATAAGGAACCTGTACTTAATAACAGGCAGCGTTCTGTCATACCTATGCCTGATACAAAAACGGCTGAATATAACGAAAATTCAATGCTGGTGCCTTTGATGGCGCAGGGTGAGATCAGGCTCATTCTGGCGGTCTATGGCAAGAGCAGGAACTATAATCTTAGCGAGGCTATCGGACTGACGCACTTTATGGAAGGGGTGTGGCGGCTCAGGGAACGCAAGGAAGTTGAAAAGACAATCAGTCTCCTAAATCAGGAGCTGGAGAGGAAAGTTAATGTGAGGACAGCGCAGCTTAAAGAGAGTGAGGTGCGTTTCAGAACTGCTTTTGAGTCGACTGTGCACGGCATGCTGCTGATTGCTCTCTCCGGTGAAATTCTTCAGCTTAATAATTCATTCGCAGCGATGCTGGGATACGATGAATCTGAACTTGTGGGAGAAACAGTCTATTCTATTACTTATCAGGATGATATTAAGCTAACTACGGAGGCGATGAGGTCTATTGTCAGTGGTGAACAGAATCATTATGATATCACAAAGAGATATGTGCGTAAGGACGGAAATCTCGTTATTGCTACGGCTAATGCC
CP179935.1_gap74	2802318	2805297	2979	GTGGAGGCTGATGCGGACAGGCTGCCGGAGGCTGTTGTAAAAGTGGACACAGCAATAAAAAAAGAGCTGATAAGCAGACACCCCGGGTTTGGGAAACCGTACAGGGTTAATGTTAAGTTCACAGATGAGATGCTTGAAAACGGATATGACCCGCTTACACTTTATTCTAATCTACGGAACATCTCAGATGTTTTTATCGCTGTAACAGATACAGAAGGGATACCGGAGACAGAGCAGATTGAACCGTACAAGCTTTATCTCAGACCGGATATATACATCATAAGTGATGCTTCTTTGAATGAGATAACAGACCTTGCGTTTGACCCTGACACTGTTGAAGTTCACGAAATCTCTCTTGATGATGAGGCGGGACAGCCTGAAAGCAAAACCTCTATGATAATGGAAACAGATGAAAGACCTGAAAGTCATGTTGCGACTGAAGGGATAGATACAGAGATGCTCGCAGAGCTTGCCGCAGGGATAGAGGACTATTTTGAGTCTATAGAAAACTATCTGATAGAAATAGAGAAGACTGGTATCGGCAGCAAAGAGGCTGTTGATAACATTTTCCGTGTTTTTCACAATATCAAAGGCGACAGCGGGTATGTCGGTTTCTCTTTTATGGAGAAATACGCCCATCTCGTTGAAAATATGCTTGATAAAGTGCGTGAAGGCTCTGTGGTTTTTGACAATAGGGCAGCAGAATTTATCCTAAACATAATCTCTGATGTGAAGGCTGTGATAAATGCTTTACTAAACAAGGAAAAACCGTGCCTGCCGGAAACTTATACCATGCTTCATGACCTGACTAATACCATTACTCTTCAGGTTCAGAATACGCCTGCGATCACAGATGAAGTAAAGATTTTCCTCGGACAGGTTGATCAGTTTATGGAGATGATAGAGCTGGCCGAGAGTGTGCCTGCGGGAATGCAGATGAGACAGAGAGCCGCTGCGGGACTGCGCAATGCGGCTAAATTTATAGGTTTTAAAGACCTCACTGAACTTGCAGTTGCGTTTGAGTCGGATGTCAGCCGTGGCAAAGACTATGATGCTGTACTGAGTTCTATAAAGAGCTATATCACTCAGCTGAAGTCGCCTCCGAAAAAGCTTGGGGAACTGCTGGTTGAATCAGGCAAGGTCACCGTGGAAGAAGTTGAACACGCGAAATCCCAGCAGAAAAAGATAGGCGAGATACTTGTCGATCAGGGTAAGTTGGATAAGGACGAACTAGACATGGTTCTGAAAAAACAGAATATCATGAAAGCATCTGAAAATACTGCACCGGCTGCTGTGGTTGCAGAGCCGGAACCGTCACCCGAACCTGTTGTTGCAAAAGAGAAATTCTCTCAGTCGATGAAAGTCGACCAGGAAAAGATAGACAAATTCACAAATACAATAGGTGAGCTTGTAGTAGCAAAGAACGCATATGAATACATGATGCAGAAGCTGATAAAAGACTATGACCTCCCAACGAGTCTTGTGAAGGACTTCAAAGATAACTCGAACCTGATCGCAAGAATATCACAGGATTTGCAGCGTGATATCCTCTCCCTGCGGATGGTTCCGATCAAACAGATATTTAATAAATTCCCCCGTGTGGTGAGAGATATCTCCCGCAAGCAGAATAAAACTATGGATCTGAGGATTATCGGGGAAGATACAGAGATAGATAAAAAAATTGCTGATATCCTTTCAGATCCGCTTGTTCATCTTGTTCGTAATGCTTGTGATCACGGTCTTGAAAGCGCTGCGGAACGAACAGCTTCGGGCAAGTATGAAACCGGAAGCCTTATTCTCAAAGCATATAATGAAGGGAGTTTTGTTTATATCGAAGTGATTGATGACGGCAGAGGTATTAACTGCGGCAAAGTGCTGGAAAAAGCTGTCAGCAAAGGGCTTGTCCCTGATGGAGCGAATCTCACAGAAAAGGAGATAATACAGTTTATACTGGCTCCTGGGTTTTCCACAGCCGAGAAAGTTACTGATATCTCCGGTCGGGGCGTTGGTATGGATGTTGTTAAAAGCTCCATAACGAGTGTCGGAGGATTTATAGATGTTTCTTCTTCTGAAGGTGAAGGCACACGGGTAACGATGAAGATCCCTGTTACCATCGGTATGTCTACTTCGCTTCTGGTTCAGATGGGCGAAGATGAGTTTTATGCTTTTCCTATAGAAAATGTAGCAGAAACTATAATTATAGAGAAAGAGCAGGTAAAAGACCTTCATTTTGGTAAAGGAACCTACTACAGAGGGAATGTTTTACCTCTTTTTCAACTGTCTAAGTTGTTGGGAGGAGAGAATAAAGAGCTAAGTGATGAGGTCAGCGTTGTGATAACAGTTACAGATGCCGGCAAAACGGGTATTATAGTAGATGAACTGCTGAACAGAATGGACATTGCTATCAAGCCTGTTCCTGAGTATTTCTCTCACCTGAACTACATAGGCGGAGTTACCATACTGGGGGACGGTCAGGCGGTGCTTGTTCTTAATGTTAACAAGCTGTTTTAATATCAGAGGTCTATTATGAAAGTTTTTGTGGTTGATGACAATGAGCTGCATCTTAAAATGTGTAAAATATTATTAAATAATCTTGGATACGAAGTGACTACATCTACATCCCTTGAAGATCTGCAAAAGAGGATGGACGGGCTTTCTGAGCCTGATGTTGCACTGATAGACTATAGACTTTCTCCCGGAGAGACAGGAGTGGATGTTTTATCCTACCTGAAACAGAATGGTAAATGGCAGAAATGTAAGCTCGTTGCGCTCACTGCCGACATAAGCGAGAGGTCTATGCTTGAGAGAGCGGGATTTGACAGTGTGGTGTTCAAGCCTATTACAGAAGCTCTTCTGAAGGAGATCATCAATTAAATGAGTGTAAAATTTGAAAGTCTGAAAAATGAGATCAATGATTGTTTTTACGAGATAGTCGGAATAATCAATGAGATTGTCGGTCACAGAACTGACAGCTTCACA
CP179935.1_gap75	2916077	2920958	4881	TGAGGTGTAAGATGAAAGATTATGCATTCCGGATGGACTTCAGCGTACGTGACTATGAGCTGGATATGGAAGGGGTTGTAAATAACTCAGTATATATGAATTACCTGGAACACGCCCGCCACAGATTTCTTCTCTCTATGGGAATAGATTTTGCCGGTTACGCCGAAAAGGGCATCTTTCTTATTGTAGCAAAGGCTGTGCTGGAGTATAAAACCTCTCTCCGCAGCGGTGATGACTTCTGGATAGGGATAAATCTTATCCCTCATTCAAAAGTCCGTATGATATTCCAACAGGATATCTATCGTTATCCTGACAACAAGCTTGTGCTTAAAGGGGAAATCACAGGTACAGGGATTTCGGAATCAGGAAGACCAAAGCTGCCGGATGAAATATTAGAAAAACTGGGAGCACTTTAATGTTGAATTTTATTATTGATGAATCGAAATGTACAAAATGCGGGCTATGCGCCGTTGACTGCCCGACTAAGATTATAGACATAACAAACGGCATACCCTTCATACAGCAGAAGAATGAAGGCAAATGTATGGGGTGCCAGCACTGTCTGGCTGTCTGCCCCGTTGCGGCATTGTCTATCTTGGGCGTAGACCCTGATGCCTGCGTTGATGTCAGATTTGCAGCAGCTCCGGATGCTATGGATGCCCTGATACGCAGCAGGCGCTCTGTGCGTCAGTTTAAAAAAGTTAATATTTCAGCTGAAAAGATGGAACAGCTTATCAAAGCCGCAGCAAATGCACCCACAGGTAAAAACAACAGAGGTGTTGCTCTGCACATAATAGATAATATTGAAGATATGGATATATTCAGAGAGGAAGTGATCTCGCATCTGGAAAAGCTCGATAAAGAAGGCAGGCTGACAGGGCAATATCAGGTTTTCAGCACTTTTGCGAAAGCGTTCAGAAAGGGGAACGACATAATATTCAGAGGCGGTCCGAATCTTGTGGTTGCATCTGTGCCTAAGGAGAGCCCCACACCGAGTGCTGATGGAATAATCGCTCTCAGCTATATGGAGCTTATGGCTGCTACTCTTGGTCTCGGAGCAGTATGGCTGGGGTTCTTAATGCATATATTTGCACTGGCACCGGAGCTTAAAGGGCTTCTGAGTATTCCTGCTGACCACGACGTATCATATGTACTGTTGCTTGGTGAGCCGTCAGTTAAATACAGCAGAGGAGTTATGAGAGACGAAATCTCTGTTAACAGAGTAAGTTTTAGGCACTAGAAATAATATAATTTTTTTGTGAGTTGTTAAAATTTTATTGCGAATGCGAAAAAACAATGATATTTTTGCGTTGAAGGTAGTAATTTCCTATGATCTGCTACAGGAGCGGGTTTAAGGTTTTATTACAAGTTTTGGCAAGGTCCATTGGACAGGATATCGATGTTCGTCCCAATTTGTTTTCGCCAGGATAAACAGTCGATAGGAGTGTTTTATGGCGAAAATTTGAGGATAGTATCAGTTATTATGAACATCTATGTTGGAAATCTCTCTTACAAAGCTATGGAAGATGAAATCCGTGATATGTTTCAGTCTTTCGGCGATGTAGCCTCTGTGAGAATCATCACAGATCACGAAACAGGCCGCTCCAAAGGATTCGGCTTTGTTGAAATGGAAGACGATGAGCAGGCTAAAGCCGCAATCGAAGAACTTAACGGTGTAGAGATGCTGGGCAGACCGCTCACTGTCAACGAAGCAAGACCGAGAGCTCCCAGAGCTCCGAGAGGTAACTTCGGTAACGACCGTTACTAAGAAGCTCAACCATTTTCTGAACAAACGGCCGGAGGTTTATATCTCCGGCTTTTTTCTATAACCTCCACATGTAAAAACAAAATAAACTTGATATGCCACAGCAGGTGCATCATTATTGTATTATCACTCTGGAGGAATCATGAGCGTATACATAAAAGCGGGGGGACTCTCCACTTTTTGCAGGTGTCCGGATAATCTTATTAACAAGATCAGAGAAGCTATCAAGGCTATGGATGCTGACCTGTCCTGCGTGGATGCGGTTTATCTCGGACTTATGAATCCGGAAGCATTCACCGGTGTCGGCAACATTGCATCCTATGTTACAGACAAGGTCGGGCTTTCGGGTGTTCCATCTGTGCGTATTGAAACTGCATCCAGCACTGGTGCGGCAGTTTTGAATCTTGCTTATGCCGCCGTTAAGGCTGGTCTTTATAAGAATGTTCTCGTTATCGCTGCCGAAAAGATGACTCATCTTTCAACCCCTAAAGTGACAAAGATAATTTCCGAAGTGATAGAGCCTTCCGAAAGGCGGACAGGAGCCAGTATGCCGTCACTTGCTGCTATGTGTGCAAGAAGGTTTGCCTATGAGCAGGGGCTGAGCGATAAAAAGTTTTCAGACATACTCGGTGCTGTTGCTGTAAAAGCCCATCATTACGGAGTGTTGAACGACAAAGCACAGTTCCGTAATGAGATAACCAGAGATGATTACCTTGCCAGCAGATTTATAGCAGAACCGCTGAGGCTGTATGACTGTTCGCCTATAAGTGACGGAGCGGCAGCCCTTATTGTTTCTAGCGACAAAAGCGATGTCGTGATCGCCGGAGTCGGGCAGGGGACAGACAAGCAGGCACTCACCAAGCGAACTTCAATCACAAGCTTTCTCTCAACCAGAAAGGCGGCGATATCTGCCTATAATATGGCTGGATTCGGTCCGGAAAATGTAGATTTTGCAGAGATACATGACGCTTTTACCCCATTTGAGGTGGTGGGGCTTATTGATACGTTTCTGCTCAGACCGGAAGATGTAATAAAATTCTATCAGGGTAAAGAGGGATATCATGACGGCAGACTTCCGGTTAATATATCCGGAGGACTTAAATCGAGAGGGCATCCTGTGGGTGCTTCTGGGTTGGCACAGATTGTTGAATGTTATAAGGTAATGACCGGACGATACCCGAAGGAGATAACTCCTGAAAAAACTGATGTCGCACTGACCCAGAGCATAGGCGGACTTGCCACTAATAACTTCGTAACGATCCTGAAGAAAACAGGGGCTAAGGTAACCCCCCTCGCAAGACCAATGGTCTATGCTGCGCCCGACGTTAAAAGCGATACGGATAAAAGATACAGGATATATTCAGCTACAAGGCTCCACACGCCTCCGGAGGGGTTTGATGCACCGCTGGATCTTGTTGTGCTCCAGAGGAAGGGGCGTCTGATACTGGCACGCTCCACAGCGGAAGAACTGCCTAAGATAGGTTCGCTCATGCAGATAGACGAAAAGGTTGAAGGGAATCTTCTGGTGAAAGAGGACGGTTTTTTACGTTTTCTTGGATTCTAGGCTTCTTTCGCAAGCTCTCTTTCTATGGCTGTTCTAAGTTTTTCAGGGTCTTTGGAAGATGCAAACCGCTCCACCCTTGTGCCGTCTCTGCTGATCAGAAACTTTGTAAAATTCCATTTTATAGGTTTCGTGCCCATAGTACCCGGCGCCATAGTTTTAAGCGCACGGAAAAACGGGTGCTGATTTGCTCCGTTAACATCAATTTTCTGGAAAACAGGGAATGTTATAGTGTAGTTACAGCTAAGAAATTCGTGAATCTCCTCTTCTGTACCCGGTTCCTGTGCGCCGAACTGGTTACATGGAAATGCTAGCACAACAAACCCCTGATCTTTATACATCCGGTAGATTTCTTCCAGCCCTTCATATTGCGGGGTGAATCCGCATTTGCTTGCGGTATTAACAGCCAGAACAACTTTCCCGCTGTATTCATCCAGATTTTTCATCTCGCCTGTAACAAGTGGTATTTCAAAATTCAGTAGTGACATAGCAGGCTCCTTCTACTGTTATAATTGCTTTTAAATGCTGCTAAATCAACCGGAATTATTTCAGCATTGCTTTTGCAGGTACACCGACAGCGGTGACGTTGTCATCTATGTCGTACGCCACAAAGGCGCTTCCGCCCACCATGACATTCTGTCCTATGGTGATGTTGTCGCGAACTGCTGCACCTACCCCTATCCATGTATGATCCCGGATAGTTACTTCACCGCCGAGGTTTGCCCCTGGTGCGATGTGGCAGAAGTCCCCTATGCGGCAGTCGTGATCAACGGTGGCGCCAGTGTTGATGATTGAGAAATCGCCGATATAAGAGTCTGCATTTACAACTGTTCCCCCCATTATGACTGTACCGGTGCCCACCTCTGCACTCGGGCTGAAAACACATGAAGGGTGTATCAGTGAAACTACGTTGAATCCCCGCTCTAAGACATATTCAGCCCGTTTCTGACGGACGCTGTTTGCGCTCACTGCGACTATCACATTGTTTGTCTGTTTTTTTAATGATTCGATCTCTTCTGTAGTGCAGAGCACTTCTTTGTTCAGTATTATTGTGCCTGCCGGTTTGCCGGAACCTGTGAAGCCTATCACCTCGTATCCACACGCTTCAGCCAGTTCTTTGACAACTTTTGCATGACCGCCTGTTCCCAGTATGATAATTTTATCTGCCATAATAGTTACCTGATATGAAATTTAATAGAAATACCGCATTGCCACCATGTCGGATCTTTCAAAACCGTGCTTTTTATAAAACTTCTGTGCAAGCAGATTGTTCCCGTCGGTTAGCAGTGTGATACGTCTGCACCCTTCTTCCTTTGCGGTGTTTTTTGCAGCCTCCAGAATCTTAGCCCCTGTCCCTGTTCCTCTCTGTTCGGGCAGCACGACCATGTCTTCGAGCACAGCTACTTTGCCTCCGGTGAATGTACTGATAGTGAACAGCAGATTTACCATTCCTATTATGCGTCCGTCCGCCTCTGCTTTAAGTATGCACCCCGCCGAGGGGTTTTCGATTATATTCCTCAGCCCTTCAGCCTGCTTTTTAAAGTCAGGTTTAAAC
CP179935.1_gap76	2925496	2926274	778	TAGGTCTTATGAGTAGTTTACTTGAGGTTAAAGACCTCGTGATCAAATTTGGTCTGCGTACAGGCGATGTTACCGCCACCACAGGCGTCAGCTTTACCCTTGAAAAAGGCGAAAGGCTCGGTCTTGTGGGAGAGAGCGGTGCAGGCAAGTCTGTGACAGGATTTTCAATAATAGGTCTCATTAGTAAGCCGGGCTATGTGGCAGACGGCAAAATTCTCTTCAACGGCGACGATCTTACAAAGATGGAGCGTGAAGAGCTGCGCCACATCAGGGGGAACCGCATCAGTATGATCTTTCAGGATCCTATGATGACTCTCAATCCGGTTCTTTCTATCGGGACGCAGATGATAGAAACACTGCTCGCACATAATCCTGAAATGACAAAAAAAGAGGCGAAAGCTATCGCCCTTGATAAGCTTAAGAAAGTTCATATACCCTCACCTGAAAAACGTCTCAGCCAATATCCGCACGAGTTCTCCGGAGGTATGCGTCAGAGGATTATCATAGCGATTGCACTGCTTACCGACCCTGAGATAATAATAGCAGACGAGCCTACTACAGCCCTTGATGTTACTATTCAGGCAGAGATAATGGATCTTATTATCGAGCTGTGCGAGACAGACGATATGGGGCTTATACTCATAACGCATGACCTCGCTGTTGTGGCACAGGTTACAGAGCATATCGCTGTTATGTATGCCGGGCGGGTAGTCGAGAAAGGGCGGACAAAAGATGTCATAAACAACCCTCAGCACCCTTATACTCAGGGGCTGATTGC
CP179935.1_gap77	2929818	2930761	943	AATCCTGTTAATGATAATCCAGTTGCAGTTGATGACATCGTCACACTTGACGAGGATGCAGCAACAGTCATTAACGTTCTCGACAACGATTCAGATTTAGACGGCGACGACCTTACAGTTTCAATCGCTACCCAGCCTGAACACGGAACAGTCGTTGTTAATTCAGACGGCACAGTTACATATACACCTGCTGCTGATTATAACGGCACAGACAGTTTCACCTACACCGTATCTGACGGCAAGGGCGGAACTGACACAGCTACAGTGAACCTTACAGTTAATCCTGTTAATGATAATCCAGTTGCAGTTGATGACATCGTCACACTTGACGAGGATGCAGCAACAGTCATTAACGTTCTCGACAACGATTCAGATTTAGACGGCGACGACCTTACAGTTTCAATCGCTACCCAGCCTGAACACGGAACAGTCGTTGTTAATTCAGACGGCACAGTTACATACACACCTGCTGCTGATTATAACGGTACAGATAGTTTCACCTACACCGTATCTGACGGTAAGGGCGGAACTGACACAGCTACAGTAAACCTTACAGTTAATCCTGTTAACGATAATCCAGTTGCAGTTGATGACATCGTCACACTTGACGAGGATGCAGCAACAGTCATTAACGTTCTTTCTAACGACAGTGACTTAGACGGCGACGACCTTGCAGTGAGTATCGCTGCCCAGCCGGAACACGGCACAGTAGTAGTTAATTCAGACGGTACAGTTACATACACACCTGCTGCTGACTATAACGGCACAGATAGTTTCACCTACACCGTATCTGACGGTAAGGGCGGAACTGACACAGCTACAGTAAACCTTACAGTTAATCCTGTTAACGATAATCCAGTTGCAGTTGATGACATCGTCACACTTGACGAGGATGCAGCAACAGTCATTAACGTTCTCGACAACGATTCAGATTTAGACGGCG
