gap_id	start	end	length	sequence
CP180383.1_gap1	31479	36290	4811	CGCGCACCTATGCCGTGGATTTCCCCGACCGTCAGCCGTGGTTGCCATCTGGTTTCTCCTTTCAGGTTTGCACTGCTTATACGCAGGTGGTTTCCTGCGAGGATTCGGCTGATACGACGATCCCGGCAGATGAGAAGATTCGGCAGATGCTAAATGAGCAGATTGAGATATGGCATCGGGATTGGCAGTGCACGGGAGAGACTTGGGAATAGTAGTGTGAGCATGCAGTCTGGAGATGACAGGTCCATGTACTGCTTTCCTTGCGTAAATAGGGTCGGCATAGTGTCATGATCTGACTCTATTTACGCACCCGGGATGCGGAACGGCGGACGGAGCGTGCGCGTTTGTCTCACTCCGCTTTCGCGCTGGAGCCGCGGCTTGCTTCCACTGGGTATTTCTTGGCGTTTTTCGCCATTTTGCTGCGGATGATCTCGTCGAGGTCGACGTCGAGCACGTCGGCCATTTGGATGCAGTAGATCATCACGTCGGCGAGCTCCTCGTACACGTGCTCCCAGTCGCCGTCGCGTGGCTCGTCGCTCCACTGGAAGCACTCGAGCAGCTCGCCCGCTTCTATGCTCACAGATTTTGCCATGTTGGCAGGCGCGTGGAATTGTTGCCAGTCGCGGTCTGCGCTGAACTGGTGGATCATGCGGAGCGTGTCATCGGAGATCATGGGTGCCATGGTAGCAAAGCTGCTAGTATGCGCAGTATGAGTATGCCTACAACGTCGTCGCGCAGCACATACATCGTGCATATTCCCGCATGTCCAGGCGAGCTGGATGAGGAGACGCTACATTCCATTATCGAGAGCCAGTTGAAGCAATCCATTCCTGCTGATTCGGTGGTGGAACAGCATGCCAGAGAGTATCTTGAGCAGTATCCGGTCGTTTACATCGTGCATGCCGAGGATGTCAAGCAGAGGAAAGACTCTTCTGAAACTCGGTACATCGTGTACGTTGGCGAGACAAATGACATTGTTTCGCCAACGCGGCAGCATCTCATCGGCGATGCAAAGAATGAAATTCCTACATATGCGCTTAAGGAAGTCTGAGAAATAGAGTTGGCTGGCAAGGAAAAGATTGATGTACGTATACTGAGATATACGGAGAATGGGCAGAAACGATACATGGCGGCATCTTGCCTTCTTGTCCTAATCTTAAGCATCGTTAATGCATATGTCCATGAAATCGAATACATGCTCAGAAAAAAAGAATATAATTATTCTTGGAGTGAATTATATAATTACTTTATAGATTTTTATCCGAATGTCAATTCGCCCTTTTCTTTGCTGCTTGAGCTGTTTTCTTTCCTGTCTACCCTTGCGATTGCTCTTGCTGTTGTTGTGGAGGGGGAAGGGAAGATGCTGATATTGAGTAAATTCTCATACTGGCTGTGTGTGGGTAGTTGTAGTGTGCTTGCGGTTATGTCTCGTGCTCTATTTTCCGGTCTCGGTGTGATAAAGGCAATTGCGGTAATTGTTTCCTCAATCATTATTCTTTATTATCTAGGTAGATTTAGTATTGTCATTGGGCAAAAAAACTTTATCAATGCAAGGATGGCTTTTGATAAATCGGTCTCATTGATTTATTTAAAACTATACGAACGATACGGAGGGGAAAGGTCTGCGGCAAGATCACTTGTAAAAGTTTTTGTATTGCTTTCTATTTTGCTTATAATGGCTATAGGTCCTTGGGTGTTGCTGATTACGGATGCCTTATCGGCGACGAGGTATGATAATGGCAATATTCTATCTGTCTTGCTTGTATTCCTGTTTATTTATTGTCTGACGTTTGTAGCATTGTTAAAAAATGAAGAACATGGGATGAATGGGCTACTTCTTGTGACGAGCTGTTTCGTACCCCTCTTGCCTCTCCTGTTTTATGTATTCCATAGCATTCATAATAGTATTCATTATGTAATTATATTTTTTATTGCATTATCGCTTAGTTTCTGGTCATTGTTCTGCGTTGCTTGTTCGCGTATGTCTAGCGGGGAGTTGTCGGAGAAGCTTCGAAAGCGTCGTCCTTGGATACTTGTTGCTGAAATTGAATCTATTCATTCTATAAAAGCAAGACTATATATGAAAATACATTTAAAATATATAGATAGAGTTGAGTATATGAATGGTCTTGGTGGTAGTTGATATTGCTGTTATGTGTTATGTTTTGGGTAAGCAAGGTGGTGTTGAAGGTGCTATGAATATGCCAACATGCCGGTTGTTGAAAGTGGTGGTAATTTGCGGCTGATGCAGAATTTTTGAATTGTGGTATTGAGGGCATGTTTTTGAGTGGGGCTAAACGCGCGTTCTGGTGCCGATACGTGCTGTCGTCCAAATATTCGAAAATCTCAAAAGTGTTGACGAATTATCTCGTATTTTTGTTTTGCTGGGATTGTATTTTGATTGTCGGCGTTAGGGTCGTCATCGGCGTTGGCTGGTTTTGCTTATATGCTTATGTCGCGTACTCGAGTATGGTCATGCTGGTCTGATTGATGAATCTTGCTGGCAGTTTCGATGTGTTTGCGTTTGTGGTCGTGCAAGGTGGTTCCCTGGCTCGGCGTTCGTGCTGCTGTGTCGGATTTGGCGCCCGTTTGTTTACTTCATTGGTTTCTGGTAGACTGAAGTATTGCGGGAAAATTGACATTCTTTCCAGTTTTTTCCATGTGCCGCCTTGCGACTTCAATTCTTAATTGAGCGCAAATAGTTTTGAGCTCGTGGGTGAGGGCGGAATTAATTAGGTATAGGAGTCGATGGTTGTGAGGTGGTAGCTGCATGAGCAATTCGGTCTTGGTGTAGCGATGGTTGGCGTGTGAACTTAACTATTGGCAAGTGTATTGCGACGATGCCGCGTGTGTTCAATTGTGAGTTGAGTCTCGAGCATGGTGTGAGACGGGATTGCGCTATTGTTCTCGCCTCCAAGGTTCTAGTGGTATATGGAATCACCGAAAGTACTCATTTTGTAGTCCCTGTTAAACTATATGATTGGGGTATGTCGGAAAACGCGCTGCTGAACACTAAGGAAACAGCCCAATATATAGGGGTGTCTGCGGGTGTAGTGACACGTCTCGCGAATACGGGCGAACTTGAGTTTGACACCTGCGGAGCTCGTAAAGTTTTCCGTAAAGAAGCCATCGACGCATATCTGGAACGGAATAATCTGATTCAAGCTGCGGTGGATCAAGTGTCAACTAAAGACTTCGAGGACAACATCTGCGCTCTCTCATTTTTCAGTGGGGCTGGCGGTCTGGATCTTGGCTTTGAGCGAGCTGGCATATCGGCGGCACTATATTGTGAGAACAATCGTGAATGCCGTATGACCTTGCATCGAAACCGTCCAGATGTCGCCCTGCTCGGAGATATCACCAAAATCAGTGCCGACGAGGTTCGTCGAATGGCCCGTATCCCTCAGGGGCGTGAAATCGATGTGATGTTCGGCGGTCCGCCATGCCAAGCATTTTCAACAGCAGGCGCGCGCCGTGCATTCGAGGATCCCCGCGGCAATGTATTTCTCAGATACTTGGACTTGGCCTCCGAATTGAAGCCGCGATACCTAGTCATAGAAAACGTACGCGGACTGCTCTCCACCCCTTTTCCCGTTGAATCTGGCGGGAAGCCAATCCGGGGCGGAGTGATGCGCTACATACTCAATAAGTTGGAAGAGATGGGCTACGGTGTTTCGTTCAATCTCTACAACGCGGCTAACTTTGGAGCGGCCCAGATTCGTGAGCGTGTGGTCATTATTGCCAAACGTGATGGCACGAAGTGTGACTGGCTCATACCTACGCATACTGATCCTGATGGCAAATATGTCCAAAACTGGAATCTTCCCTCTTGGGTAACGTTCCGAGACGTTGTCTACGATATTGAAGATTCTCGGCAAACCCACACTGATTTCCCTGAGAAGCGGTTGCTTTACTTCAGCATGCTGAAAGAGGGGCAGTGCTGGAACAAACTCCCCATCGAAATTCAAGAGGAGGCTATGGGTAAGGCCTATAAGCTTGGAGGCGGCAAGACCGGATTCTACCGACGCATCGCTTGGGATAGACCATCCCCCACTCTGGTCACCAGCCCAACGATGCCAGCCACCGACCTTTGCCATCCCAAGGAGCTGCGACCGCTGAGCGTGGAAGAATATAAACGGGTGCAGGGTTTCCCTGATGATTGGTGGATTGCTGGCAGCATTCACGACCAGTACCGCCAAATCGGCAACGCCGTTCCGGTCAGCTTGGGCGAAGCAATTGGCCGAGCAATTCTCGATGACATGAGGGGAGAGGCTCATGATGAGCGTTGGCGCAATTTCCCCTATTCAAGATATGCCCATACCAGCGATCAAAACTGGAATCTGGCCTGAATAGTAGGATTTAGTGATCTTAAATTATCAATTATGGAGGCGCGCAAATCAAATCAATGATTTGCACGCCTCCATTGGAATCTGCGAAAGTCCTTTATCTGCCAGTATTCCTGGCGTTCCTCTTGGCTTCGCGTTCACGGCGTTTCGCCTCTTTTTCGGCCTTGTATCTGTCAGAGAGCTCGGCAACACCGTCGAGTGTATGTGGAAGACCATTCTTATCGAGCTCCTCCAGCAGTTGCGTTGTTACTCGCTCGAGTGATGATTCACGAGCCAGAAGCACGGCTTCAGAGTTGATACTTGAGAATGGGCGAATAAGGCCATACGGTGAGTCAATGCCGCACAGCCACTGCCACATTGCAGTGCCCGACAGATAGCGGTAACGAAAATTCTTGAGATCGGCGTTCTCCTGAGTCACTCCGCTCACCTCGAACGTACGCCATTCGTCTTTACTGATAGTCGAAC
CP180383.1_gap2	224504	225294	790	GTTCGCGCTCGATTCGACCGCCTCACGCGCGCAACGCACGCTCGTGCACGACAAGCCGCGGTTCTCGTTCTTCCAGATTCTCTCACCGCGCGCCGGCGGCAAGCGCGAGGCGCCGAAATTCGAGATGCTCGCGCCGGGCGTTGCCAAACACGAGCAGGAGATCGTGCTCGCCCCACAGGCGGACCCGCTCGCCGACCCCGCGCTGCCGCTGCGCGTGGCCGCGGCCGCCGGGCGTGAGGGTCTGCCGATCAATACGTCCACGTTGGTGAATCTCAAACGTGCGCCGATTCACGACAAGGCGTGGAGTGACGAGATGCGCCGGCTGTTCGTGGAATTGCTGGCGAGTGGCGAGCGGTTGCCGCAGGTGTGGGAGGAGCTCGATTTCGTGGGCATTCCGGGCAGACTGATGCCCGAATGGGACGCGATTCGCAACCGGCCGAGCGTCTCCGCGGCGCATCGCTACACGATCGACCGGCATATGCTCGCAGTGACCGCGCAACTGGGGCGTGAGCGGCCAGTCAACGGCGGCGCCTTCGATGACGTCCACTACACGGCGTTGCTGCTCGCGGGGATTCTGCACGACATAGGCAAGCGGCCGGGCGTAGCCGATCATGCGGCGGAGGGCGCGCGCCACGCTGCGGTGATTGTGCGGCGCATGGGATTCGACGATCAGATGGTGGATTGGGTGCGCCTGCTCGTGCGCGAACACCTGACACTCTCGGATTTCGCCAGCTCGCGCAACCCGAACGACCCGGAGGTGGGCGCCGAACTGGCGTCGCTGGTGGACGGC
CP180383.1_gap3	286482	288179	1697	TTACGGGCTAAAAGGGGCGTTGTATTCGGCAACAACAATCGTTGGAAAATGGCGGTTTTGTGTTTTTGGGGAATTGCTGGATACTTGCCAGGTTGCAGATTTTCGCTAGCCCGTAACCGAAAGGCCTAGCCCGTAAGGAGTTGGCTGGCCCGTAAGGGGCCCCATAGCCCGTAACAGCTGGTGACATCCCGTAACGGATAAGGACATCCCGTAAGAGATTATGACATCCCGTAACAGAAAACCTTAGCCCGTAACGTTGTATGAGACGGAGACGCGAAAAGAGAAAGGCGGCCAACCGTGGGGCTGGCCGCCTACTTGCGGGGTTGCGGAATGTATGTAGGTCGGTTGCCTACTTATGGGGTTGCGGAATGTGCGTAGGTTAGTTGCCTACTTGAACGCGATGATATCGGATGCGTTGCGGTTCCGGGGGCATCGGATGGCCGCCGAAATCGGTCAGCGCGAGATGCTGGCCTTGATCAGCGCATCGGAAAGGTACTTGCCGGCGCCCATGACGAGCGGGGCGAAACGGTGGCCCGGATTCGAGCCCATGCGGCCCGAGGGTCCCGAGATCGAGATCGCGGCGATTACCTGGCCGGAGGCGTTGCGAATCGGCGCGGAGATGGAGCAGACGCCCTCATCGCGCTCGTTGATCGAGTCGGCCCAGCCGCGCTTGCGCACCGTGGCGAGCTTGGCGGCCGAGAACTTCGCGTGACGCAGGCCCTGGTGAAGGAGTTCGGTGTCTTCCCACGCCAGCAGGATCTGGGCCGCGGAACCGGCCTCCATCGAGAGCATGGCGCCGACCGGGATCGAATCGCGCAGTCCGCTCGCGCGCTCGACGGCGGCGATGCACACGCGCTGTTCGCCCTGACGACGGTAAATCTGCGCGCTCTCGCCAGTGCGGTCGAGCAGCGTCTGCAGAATCGGGCCGGCGGCGGCGAGCAAGCGATCCTCACCTGCGGCGGCGGCGAGCTCGGTGAAACGCGAGCCCAGTACGAAGCGGCCGTGCTGGTCGCGCACCACGAAGCGGTGGCGCTCCAGCGCGATCGCCAAGCGGTGCGCGGTCGGGCGCGCGAGGTGCGTCGCCGCGACGAGCTGACCGAGCGTTGCGGGGCCGGACTCGAGCGCATCGAGAATCTTTACGGTCTTGTCGAGCACGCCGACGCCGGAATGAATCTCGTTGTCGTCTGCAGGCACATCGTTGTGATTGGACGGATTGTTTGTGCTCGTCTCAGCAGACGGAGCAGATTTTGCGGCAAGCGTATCTGAAGTCATACTGAGATTATTGCATCTCAGTATTCGAAACGCAAAACGACAAACTGGGCATTTCTGTTGGATTAGTCTGCTTAAGCGCTCAAATTCCGCGGAAAATCAGGTGTTTTACAGTGCGAAAACAATCTGCAACATCTTTGAAAAAACCTTCACATCTCGCATTCTGACATAGTACGCGACCGGCGATTCGCCAACCTTTAGTCTGGACAGACAAGCTCGCGTGTGGTAAGCGAGCGGCGCGGGAAAAGCAAGGGAGAGCGCGCCCCGCACACGCGACAACACTAGGAGGAACAGGTTTATGGGAATGACATTGGCCGAAAAGGTTTGGGCCGATCATTTGGTGCGCAAGGGCAGCGACGGCGCTCCCGACTTGCTGTATATCGACCTCATGCTGATGCACGAAGTGACCAGTCCGCAGGCGTTTGAGG
CP180383.1_gap4	412215	413070	855	TCCGCGATTGGCTCGTGGTGGGCGAGGTGCTCTCGTGGAGTCCCGAGGAGGGCGGTCGCGTGACGATCATGAGCCGTAACAAGATGGAACCGGGCCAGCTCGTCGAGTTCCTGCTGCCCGGGCGCGCGCCGCTCGAGTACGTCGTACCGGACGGCGGCATACGCGACGCCGACGGCAACGAGGTGCCGATGGTGAACAATCCGGCCCATGTGTTCTCGTTGCCGTTGGGCGTGGAGGTTCCGGTGAACGCCGCGTTGCGCTCGCGCACGAAGAAGCCGACGCTCAAGGCGGAGTGAGCGCTGCTCGTTGGCCATTGTGTGCATTGGGCGCAGATTGGCCGACGGACAGCGCTGCCCATTGGCCATTTTGCGCTGCAATGCGGAAAGAGGTCAATGGGTGGGGCAGGATTGTCGAAGATGCTTTCGGTCCGGCTCGTCGGTCGGTCATTTCGTGCAGGTGGGCACGATTCGGCCGGTGAGGAACGTGCCTCAACGACATTTTCGAGCCGAACTGTGCAAAGTGGCCGCAGGAAGACGCGACAGGATGTGTGCAAAGGGGCGCAGGATGCTTAGACCAGAGCTGAAGGCGCTTGTGCGGTTGGCGTTGGCGGCTATTGTGTGACGTATGAGTGAACAAGAACAGCATACGGATGAACAGAACGCGAACGCGGCACCCAAGCCGATGCAGATCAATCTCGATGACCTGCTCAAGGCGGTGCAGGCGCATGGGCAGAAGACCGTGGAGCAGGAAGACAAGGCCGCACGCGAAGGGGGGAAGGACGCCGACGGCAAGACCTATGACGATGCCATTCTCGACAGCTCGGCCATCGAACCCACCGACGACGAGGGCAACCCG
CP180383.1_gap5	429260	433794	4534	ATGACGAACGTGATCGGCGGCAACCAGACGCCGTCGGGCGGCTACGGCGGCATCCTCCATGCGATCATCGGCACGTTGGAGATCACGCTGGGCGCGATGGTCATCTCGATCCCGATCGGCGTGATGTGCGCGGTCTACTTGATTGAATACGCGGGCAAATCCAAGCTCGCGCGCACGATCCACCTGCTCGTCGACGTGATGAGTGGCATCCCGTCCATCGTGGCCGGCCTGTTCGCCTACTCCATGTTCGCGATCCTCGTCGGTCCCGGCACGCTCAACGGTTTCGAAGGCTCGGTGGCGTTGTCGCTGCTCATGATCCCGACCGTGGTGAAGACGACAGAGGAGATGCTCAAGATCGTCCCCAACGACCTGCGGGAGGCATCGCTGGCGCTCGGCGTGACCAAGCAGCGCACGATCACGAAGGTCGTGCTGCGCACCGCCCTTTCCGGCATCGTGTCGGGTTCCATCCTCGCCATCGCCCGCGTGATCGGCGAGACGGCTCCGCTGCTCATGACCGCCGGCTACATCGTCTCGACGAACGCGAATCTGTTCTTGGGTGAAATGACCACGTTGCCGGTGTACGTCTATCAGGAGTATTCGAAGTACCATGCGAACTGCCCGGCCGACGCCGGCAGCGGCTGCGTCACCGCCATACCGATGGAGCGTGCGTGGTCGGCCGCGCTCGTGCTCATCGTCATCGTGCTCATCCTCAACCTCATCGGACGGATCGTCGCGAAGGTGTTCGCGCCGAAGAAGAAATAGCACGCCAACACCATCACACCTAGATAAGGAATACGAATGGGACAACAAATCGACATTCGCCATCTCAACATCTATTACGGCAGTTTCCTTGCGGTCGAGGATGTCAATCTGCATATCGCCGCGAACAAGGTGACCGCGTTCATCGGGCCGTCCGGCTGCGGCAAATCCACCGTGCTGCGCACGCTCGACCGCATGCACGAGATCACGCCGGGCGCCCACGTGAAAGGCGACGTGCTGCTCGAGGGCAAGAACCTTTATGCAAAGGATGTGGATCCGGTGGCCGTGCGGCGTGACGTGGGCATGGTGTTCCAGCGGCCGAATCCGTTCCCCACCATGTCGATCCGTGAGAACGTGCTCGCGGGGGTGTCGCTCAACAACCGCAAGATCTCGAAGTCGGATGCCGATGACCTCGTGGAGTGGGCGTTGCGCGGCGCGAATCTGTGGAACGAGGTCAAGGATCGCCTCGACAACCCCGGCATCGGGCTCTCCGGTGGCCAGCAGCAGCGCCTGTGCATCGCTCGCGCCGTGGCCGTGCATCCGCAGGTGCTGTTGATGGACGAGCCATGCTCGGCGCTCGACCCGATCTCCACGCTCGCTGTCGAAGATCTCATCGAGGAGCTCAAGCAGGACTACACGATCGTCATCGTCACGCACAACATGCAGCAGGCCGCCCGCATCGCGGACTATACGGCGTTCTTCAACCTCAAGGCCGTGGGGCAGCCCGGGCACCTGGAGTATTTCGCCGATACGTCGACGATGTTCAACAACCCGCAGAACGAGGAGGCCGAGCGCTACGTTTCGGGCCGCTTCGGCTGAGAGAGAGGTTTGTTCCTGTGCCGTGGGGCTGGGCGGATGCGGGGCATCTTGCTGAGGAACGCCACGGAACGCGGACAACCGACGAAGCGGGAGACCTGCGGCCGACTGGGGGCATATCCGTGGCATAACGCGCCCATGTAACGACCGTGTTTTACACACCCGTGCTAGTTTTTAGCTGTCCTGTCGTTTGCGGCGGGGCGGCAGAAAAGAGTTCACGAGAAGAATACAGGGTTACTCATGGAGAAGTTTTTCCATTTGAAGGAAAACGGAACGTCGGTTTCCACTGAGGTCATGGCAGGCCTCACGACGTTCTTCGCAATGTCTTACATCATCGTCGTCAATCCGCAGATCCTGTCGCAGACGGGTATGCCGTGGGGCGGCGTCTTCCTGGCGACTATCATCGCAGCCATCATCGGCACGCTCGTCATGGGCCTGTTCGCGAACGTCCCGTACGCGCAGGCTCCTGGCATGGGCCTCAATGCCTTCTTCACCTACACCGTGTGCTTCGGTCTGGGCTTCACCTGGCAGGAAACGCTTGCCATGGTGTTCCTGTGCGGTCTGATCAACATTCTGATCACCGTGACCAAGGTGCGCAAGATGATCATCAAGGCCATCCCCGAACCGCTCCAGCAGGCGATCGGCGGCGGCATCGGCCTGTTCGTCGCCTACGTGGGCCTGCTCAACGTCAACTTCATCACCTTCACCCCGAAAGACACGAAGGCAGCCGGGCAGGGCCTCGCAACCGGCGCCACCCCGGGCATGGCCACGCTCAACAGCCCGGTGCTGTGGCTGTTCCTCATCGGCCTGCTGCTCGCCATCGTGTTCACGATCCTCAAGGTCAAGGGCGGCCTGCTGCTCACAATCATCATCACCGCCGTCATCGGCATCCCGATGGGTCTGACCACCATGAGCAACTCCGTTTCGCTCGGCGAGACCTTCTCGCAGCTGCCGCAGACCTTCGGCGCCCTGTTCACCGGCGAGGGCTTCGGCTCGCTGTTCTCCGACCCGGCCAAGCTCCCGCTCGTGCTGGTGACGATCTTCGCGTTCTCGATGTCCGACACCTTCGACACGCTGGGCACCTTCATCGGCACCGGTCGTCGCACCGGCATCTTCTCGAAGGCCGATGAGGAGTCGCTCGAGAACGGCCATGGCTTCTCGTCGAAGATGGACAAGGCCCTGTTCGCAGATTCCATCGCCACCTCGATCGGCGCGATCTGCGGCACGTCGAACACCACCACCTACGTCGAATCCTCGGCGGGCATCGCCGCCGGCGGCCGCACCGGCCTGACCTCCGTCATCGTCGCTGCCTGCTTCGCCGTCTCCGCGTTCTTCGCGCCGGTCATCTCCGCCGTGCCGAGCGCTGCGACCGCGGGTGTGCTCGTGATCGTCGGCTGCCTCATGGCCGCCTCGCTCAAGGAAGTCAAGTGGGACGACATCACCGAGGCAATCCCGGCGTTCTTCGCCGCCGTGTTCATGGCGTTCTCCTACTCGATCTCCTACGGCATCGCTGGCGGCTTCATCACCTACTGCATCGTCAAGGTGTGCAAGAAGAAGGCCAACGAGGTGCATCCGATCGTGTGGATCGTCTCCGCGCTGTTCATTCTCGACTTCATCTGCATGGCCGTGCTCTGACGGCCGCAGCGGAATCGCATCAAATAAGGCCCCGGCTATCCGGGGCCTTATCGTATGTTGTGAGCCGCTTGCCGCCAGACAATCTGCTGAGTTGTCTGCGTACTTGGTTTGTCTCAGGGTGAGCGGCTGGGTGAGACAAACCAAGTCATGAGAACCGGGTTTGTCTCACCTAGAGCGCGTCAGCGAGACGAACCAAGTCGCAGGAACTTAGTTTGTCTCATATGGAGCGTCTCAGTGAGACGAATCCGGTCATGACAACTTGATTCATCTCATTGAGGGTAGATTGGCGAGACAATCCACCCCACTGCAGCTGCATTTGTCTCGCTCGCGCCGATTACTTCTTCTTCTGCGTGGCCTGAATCTGCTCGGCGATCGCCTTCAGCCACTCGTTGAGCGTCTTGTACTGGCTTGGCATCTGTTCGGTGATGTCGACCACTGGGATGTTGCCCGAGTCCGCCGCGTCCGTCAGCTGGTCGCTCAGCTGGGACTTCTCCTGCGAATTTGCGATCAGCATCTTCATGTCGCCCTTCTTGAGCGCCTCGGTGAAGCTCTTGATGTCGGACGCCGTGGGCTCGCTCTCGTTGCTCGTCGCGTTCTTGTATCCCTTCGGCGTGACGTCGGTCATGCCCATGTCCTGCGCGAGGTAGTCGCCCACCGACTCTATGGCGCCGTACGGCATCTTGCCGTCGGCCTGCGCGACGGTCTGAAGCTGCGCTTCGAGATCGTCCTCCTCGGTATGCCAATCCTTGTTGAGCTTCTCGAATTCCGCCTTCTCGCTTGGCATGAGTTTGATGTAGGCGGCGGTGATCTCATCCGCCGTCTTGTTGCGTACGGCGGCGGAGAACCACACATGCGGATTGTCGCCGGTCTTCTTGCCTCCCGCGGCGGCCGCGTCGATCACGATCGCTTTGGACTGGCCGGCCGCCTTCGCCGCCCACTCGTCGTAGCCAGCGCCGTTGAGTATCGCGACCTGCGCATGCTGGAACTTGGAGATGTCGTTGGTCGAAGGCTCGTAATCGTGCGCATCGGTGCCGGTGTTGTTGAGAATGCTGGTGACGTCCACATACCGGCCGCCGAGTTGCTTGGCCACGGATCCCCACACGTTCGTCGAGGCGATCACCGTGATCACCTTCTCCTTGTCAATCTGGGTATCTCCGGCCTTTGAGTTCGAGCAGCCGGCCACCGCGAATATTGTGGCCAATGCGGCGAGCAGAATCGTGAGTGTGCGCAACAGTCTCTTCATATATTCATTCTCCATTCCGGGGTTTCTTCGAGTCTAACGGCATATGCAATGCCGCTGTATCTGTTTGCAGATTAGCAGAAA
CP180383.1_gap6	502865	506391	3526	GCTCAATGCCGGTGCTTGGGACAAGTACGACCTGGTGGGCGGCACCGACCCCGACGCCGACCGCCATGGCATCGTCTGCCCGAACTGGGGCGTGATGAATCCGAACCATTACCTGGCCGTCTGCGTTGAATACCTGTTTGGCGGCAACCGCCCCGACTGGCCGGAGCACACCGGCGTGGGCAAGACGCTCGTCTCCTCCTCGCTCATCGACCGTGTGGCCGCCTCGATCGGCGCCCCGGTGGTGGAGGTGCCCGTCGGCTTCAAGTGGTTCGTCGACCCGCTGTTCACCGGCGAGATTGCTTTCGGCGGTGAGGAGAGCTCCGGCATGAGCTTCCTGCGGTTCAACGGCCGTGTGTGGACCACCGACAAGGACGGCATCATTCCCGACCTGCTGGCCGCGGAGATCACCGGCAAGACCGGCAAGAACCCGGCCCAGCTGCATCAGGAGCAGGTGGACCGTTTCGGCGAGAGCTGGTATTCGCGCATCGACACGCCGACCACGCTCGAGCAGAAGCAGAAGTTCGCCAAGCTCGACGCCTCCGATGTGACCGCCACGAAGCTCGGCGGCGAGCCGATCGAGCAGATTCTCACGAAGGCCCCGGGCAACGATGCGCCGATCGGCGGCATCAAGGTCGTCACGAAGGATAACTGGTTCGCTGCGCGTCCTTCGGGCACTGAGAACATCTACAAGGTGTACGCGGAATCGTTCGTCTCGCCCGAGACACTCGACAGCGTGCTCACGGAGGCCACCGAGGTGGTCGACAAGGCGCTCGGCGAGTGATTCCAAGACCGTTAGGTCTATAAACCTAATAAGCCTATAAGAGAAAGCGGGCTGCAGATGCACATATCTGCAGCCCGCTTTCTCATTCGGTCTTAGGCATGAATGCGCCTGCCGGCATGCCTCAGCCAATGAGGCCGAAGAACGAGCTGAGCACCAGCGCGCACAGCACGCTCACCGACAGGAGGGCGACGGTGGCGGTATGCCCGGAAGCCATGCGCATGGCCGTCTTCGGGTATTCCTTGTCGATGTTGCCGGGGCCGTAGAAGAAGAACATGCGCACCCACATCCAGCTGTTCATGACAATGAGCACCAGGCTGCCCAACCGCAGCATGCTCCAGCCGAAGGAGAGCATGGTGGCCTCATCGGTCAGCGAGAGCGCGGCCTTCGCGGTGAACGCGAAATAGCCGAGGAAACCGGCCGCGCATATCGGCAGCAAAACGATGTTCGTGATGATGAGCACTTTGGAAAGCATGGTGAAACGGTGCACCACAATGTGCCCGCTGTCATCAACAGTCTTCGCCTCCACCCGTTTGCGTGAGACGAATGCGCCTATGCAGAAGACGACCGTGAGCAGCCACGAGACGAGACATATCACGATGAGCACCACGAGCACCCAGACTGACGATACGAGACCGGAGGAGATGTTCTCCGGTATCGCATATTCCTGATAGGGGCGTGCCCCGCGATGTCAGGCGTCAGCCAATCGTCCTCGGTCGCGCCGGCGGCAATCGCGTTGATCCAATCCTCGAGATTGTGGGTGTAGTCCTTGTCGAGCGGCAGTCCGGGCAAGGAGAGCGAGGAACCGGTGCGCATCTGGTGGTTGGCGGCGTAGTAGCGCACGAGCACGTTCGAATTGCCGGCGGCATGGGCGTCGCCGATCAGTTGGAGCGCGCCCTGTTCGATGGGCATGGCCGGGTCGATCGTACCGTAGTTGACGAGCAGCGGCATCGTGAGCGTATCACGGTATTCGGCTGTGTTGAAATCGGCATATTCAAGGCCGATCGGTGCGAAGTTGAGACTGAGCAGGCGCGGTATGATGTCGACGACGCCGCCTGGCGCGCCGATGATGTTCAGGTATTCAGTGGCCGCCATCGCAATCTGCTGGCGACCGGAATACACGGGCGCGCTCGTGAGCACCTGGAATGCGATGTGCCTATCCTTATGCGTCATCACCGAGGCGATCCATGTGCCTTCCGATTCTGCGTACAGGCCGACCTTGCGCGCGTCCACGCCCTGCTGTGCGCGCAGCAGATTGAGCCCTGCGAGGTAGTCTTCGGCGCTTGAGTCATAGTCGCGGCGCAACGGCGTGTAGTTGTCGAGACGCTTGTCTTGCACGAGCGTGGTGATGCCGGCCGAGGCCAGCGCGTTCGCAAGATCGGCGTACACCTCCTCCGCCTTGCCGGTGCCCGCACCGTGCACGAACACGCATGCCGCGCGGCCGCTGGGTGCATTCTCGGGCTCGCGCAGAATCGCGTTCACCGTCTTGCCGCCGGAGATGGGCAGCCGCAGACGAGTCTGCCTGACCTGGTAGGTGCCTTCCTGCGGGGTGGTGATGCCGCGCGCTTTGATCGCCGTGCTGCGCTCGGTAACCTGCAGATGCATGCTGAGCGGTTTCACCGACCATTTCGGTTCCATCGCGATGCCAAGTCCTGCGAACAGCGCAATCATGACGATGGACACGCCGAAGGTCCACGCAAGCTGTCTGAAAAAATGCTGCACAGTAACACTGTACCGATTCGGCAGATATTCCTCTTACCGCGACATGCGCGCCTATGCGCGACGCTGCGCCGCCTCCGCCTCGTCCAGATTCGTATAGCCCCCGAGACGCACCGTGTTGGCGATGATCTGCTCGGTCAGATTCTCCTGCCTGCGTTCGCATTCCCGCACGAACCGCTCGTACAGGTCGAGCGTGCGCTGCGAATATGTGGCCAATTCGCCGCGCAGGTACGTTTCGAACGAGGTGGTGGTCTCGCTGTCCTCGGCGGTGTCGAACACGCGCATACCCGCGCCAAGTGCGGGGTACCGGTCGGCGAACTCATGCGCCCATGCGAGCTGTCGCTTGATGATGCGTTCCTGCTGCGCGATGCGCGCCTCGGATAATCGCGGCAGATGCGGTTCCAGATCGCGCGCGTAGATCTCGGGCGCCGTCGACGCCATCATGCGCGCGTATTTCTCGGTGACGAGATTGCGTCCGCCCGCATCGGCCTCACGCAGGTCGGCAAGGTAGCTTGTCAGCAGCTCCTGCGGCCATGCGGCGAACTGGCTTGCGCGCATCACCTCGAACATCGGCCGGTTGCCCTGGCAGCTTGCGCGTCCACCTTCGTTGTTCGTGTGCTGGAACTGGTCCCATTCGCGTTCGATGATCGATTTGATCGTCTGCCGTGTGCTCATATCGCCGCCTTATTCCTTGCTTCGGTGGATTACAGACTGTGCAGGCAGGTCGCCGGCGACGTGATATGCGCCTCCACATACGGCCGCTGCCATTCGAGGAAGGTCTGCGGGGAATCGCTCAGGCCGAGCGCATTGAGTGTGTGGGTGATCTGTTCGCAGATTGTCTCGACGATCGCGTTCACTGTGTCGATGCTCGGTGCCGCGCCTTTGCCGCCTTCGCCGAAGCCCGCGCCGCCGAAACAGGCTGCGCTTGACAGACGCATCAGTTGCTCGAGCTCGCCGCAGATCTCGGTGAGCAGCATCGCCGGGCGTGCACTCAGCCGGCGCAGTGCGGCGAACCGCCACTTGTAGTAC
CP180383.1_gap7	559989	562011	2022	TCCGCAAAGGTGTGCTCAATGAGCCGCGCGCCGTTGAGTTCGGCAAGCTCGCCATCGATGATTACGAACAGTTCGCCGAGAATTTCTCGAGTATGGAGCGTACGCGCAAGCGAGTGCGGCAGCTGGAGGCGATTGCCTCCGAGTTCGCCGAGTATGAGTCCGCCGAACGCGGTGTGCGCGAGCTTTCCACCATCGCCCCCGAGCAGGGCGATAGCGCACGGATTCGCACCCAATGGCTTGACGATCGCATTCATGCCGACATCACCGAAGTCCTGCCCGAATATGAGCAGCATGCCACGGACTGCAGTGCCAGTGCACAGGCCGCCAAAGAGCGGGCGGAGCAGATGCGGGAACAGGCCGACTCGCTCAATAGGCAGCTTCAGGGTATGGGAGGCGACGAGATAAGCCGTCTGGAAGACCGCATTCGCGATGCACAACGGCGCCAACGCGAAGTGTTGGGACGCAGGGAGCTGTTGGCCTCCCGATTCAGTGCCTCTGGCGAAGCATTGCCGGAAAGTCGCGGGCAGTGGGATGCATTGGTGGCCGAATACACGCAATTCGAATCGGAATACCAGCAGCGTAAAACCGAATTGCACGGGTTGCAGTACCCATTGATCGACGCCCAGAAGAAAGCCGAACAGCGAACCAAGGCACTCGAGAAGGACTTGGAACGCAAACGCCAGTCGAAGACGCGCATCTCCAGCGATATGGACGAGGCCCGCAATATGATTGCGCGCGCCACCGGCCTGAGCCCGCAGGAGCTGCCTTATGCGGCGGAGCTCATGGACGTGGGCGAGGAGAACGAGGAGTGGCGCACCGCCATGAACGTGGCATACCGGTCGCTCGCAACGGTGATTCTGGTCGACAGTTGCCATGAGAACGGCTTCGCAGCGAAAGTCTCGCAGATTCCCCAGGAGGCGCTCCCACGACGCAACTGGCGGTTCGTCGACACGAGCGTCCATGTGGAGGCTGAGGAGCGTGAAGGGTGGCTGTCGAGCAAGCTCACGTTCAACGTGGAATCTCCGTTCGCCGATTGGCTTCGTGCCCGGGTGACCGAGGCGCGGTACGACGCATGGTGCGTGGAGGCGATCGACGACACCAATGAGACGACGCGCCAGGTGCAGCGCGACGGGCAGATCAAGGAAGGTCGGAAGGGCAGTCACGGCACCAAGAACATGCCTGCCGTCATCGGATTCGTCACCGATGCCTATCTGCGCGATCTGGAGGCAGACATTGCCGAGGCGCGCAAGACGCGGGATGCCGCAACTCGCGATCTCGAACAGTACGACGTGCAACTCAACGCGCTTGAGCAACGCCATAGTCTGGCCCAGACGCTGCAGGACCATGCATGGAACGACATAGACGCATATGGTGTGGAGGAGGAAATCGCCAGCCTCCAACAACGCGTCGACGAACTCGAGCAGAACCCCGAACTGGCACAGCTCAATGCCACGCTGAAAGTCCAGCAGCAGGAAATGGCCAAGGCGAACAGTGCATGCTATGCCGCGGAAGACAAACTCAAGCGGGCGAATGCGGCGGTGAGGTCGACCCGGCAGTGGCTGGAAGCGTATGACCGGCGCACGCAATCCGTGGAACGCCGGCCTTTGAACGAGGCATGCGGTCGGCTGCTTGAACGGGGATATCTGGCATACTTCGGCGAGAGCACACAATCGGCGAACGAACGAATGGGCAGAATACTCGGTTTGGACGGGCAATCCTGCACCTCACTGGGCGGCCATGTACGCGAGAACGAGGCCTGCGCCAAACACGTACGCGAACTGCTCGGCACACTCGCCCAAACCGTGGGCAGGCAGGTGAAGGAACTGGCTACACAGCGCGACAACCGGAAACGGTCATGCGAGGCGAGCATGCGCTCGTACCTCGACCAGTATGCGTCAGGCGACGAACGAGTGAGCGCCGAGGTGGAGAACGAGCGGTACTTCAGGAAAGACCTGGAGGAGCTCAAACCAGGGGTGATCGGCGACGAGGCGACGAACGTGGAGTACATGAACTCGCTCGACA
CP180383.1_gap8	741014	743260	2246	GAGGAGCCGCCCGAATAGCGGCCGTCGGTGATCAGTGCGACGTCCTTGCCTATGCCCTTGCCTTTGACGAACGAGGTCGGGTAGAGCATCTCCTGCATGCCCGGGCCGCCCTTCGGTCCCTCATAACGGATGATGAGTGCCTGACCTGGTTTCAGCGTGTCGTTGAGAATGACCTCGACCGCCTGCTCCTGCGATTCGACGACGAGCGCGGGACCACGGAACTTCCAGATCTCCTTCGGCACACCTGCGGTCTTCACCACGGCGCCATCCGGGGCGAGGTTGCCGCGCAACACGGCGAGACCGCCTTCGGTCACGGCGGGATGGTCGATGTCGTGGATCGCGCCGTTCACACGGTCGGTGTCAAGCGAATCGAATTTCGTCTCATGGGTCCATGGCTCGGGGGAGACGATGTGGCCCGGAGCCGCCCTGTAGAAGTCCTTGGCGTATTCGGTGCAGGAGTCGCGCATGATGTCCCACTCGTCGAGCTTGGCCTCGAGCGAGGGGTAGTCGATCGAATGCACATCGCGGTGGAGCTTGCCGGCACGGTCGAGCTCACCCAGGATTCCGGTGATGCCTCCGGCTCGGTGCACGTCGGAGATCTCCCATTCGCCGGATGGCGATGCCTTGCAGATGCACGGCACAGTATGCGAGATGCGTTCGATGTCATTGAGTGTGAAGTCGACGTCCGCAGACTGTGCCATCGCGAGAATGTGCAGCACGGTGTTCGTCGAGCCGCCCATCGCCACATCCATCGTCATGGCGTTCTCGAAGGCGTGCTTCGTGGCGATCGAACGGGGGAGCACGGATTCGTCGTCATGCTGGTAGTACTGGTTGGCGATCTTGACCACCTGTTGTGCCGCCCGTTCGAACAGCTGCTTGCGGTAGCCGTGCGAGGCGAGCACCGTGCCGTTGCCGGGCAGTGCAAGGCCGATCGCCTCCGTGAGGCAGTTCATCGAGTTCGCGGTGAACATGCCGGCGCATGAGCCGCATGTCGGGCACACGGTGCGCTCGAAGGCGAGGAGGTCGTCGTCGCTCATGGAGTCGTCGGCAGAGGCGTACATGACGTCGATGAGATCGGTGTTCTCCTTCACGGTGCCGTCCGGCAGCACGGTGGTGCCGGCTTCCATGGGGCCGCCGGAGACGAACACGGTCGGAATGTTGAGACGCAATGCCGCCATGAGCATGCCCGGTGTGATCTTGTCGCAGTTCGAGATGCAGATCAGCGCGTCCGCACAATGCGCGTTCACCTGGTATTCCACCGTATCGGCGATGATCTCGCGGCTAGGCAGGGAGTACAGCATGCCGGTGTGCCCCATGGCGATGCCGTCGTCGACGGCCATCGTGTTGAACTCACGCGGGATGCCGCCGGCCTTCTTCACGGCCTCGGAGACGAGACGCCCAACTTTGTTGAGATGTACGTGCCCGGGGACGAATTCGTCGAAGGAGTTGGCAATGGCGACGATCGGCTTGCCGAAATCCTTGCTGTCAACGCCGGCCGCACGGTAGAGCGCGCGGGCACCGGCGAACATTCGTCCGTTCATGATTTTTGCAGATCGCATTTCCATAAGCATCTATTCAACTCGAACTTCGCGGAGAGTGGGCAAGGCTTCCGCATGCTGGAATTTTCGGCCATAATCTCAACAGAATAGGTACATCTGTCAGAGTTTGCCTATTTTCGTCGACTTGAGGTATACTGAACCTTTGCATAAGCATTTGCTAGTGATTTGGAGATTTCAAATGGCATTCGGCACTGAGCCTATCCCGACCGGTCTTGCGGATCCGCCGATCGACGACCTCATGGAGCATGCGGATTCCAAGTACGCATTGGCCATTTTCGCTGCCAAGCGTGCTCGCCAGATCAATTCCTACTTCACGCAGCTCAATGAGGGTCTGCTGCAGAACGTCGGTCCGCTCGTCGAGTACAAGAGCCAGGAGAAGCCGTTGTCGATCGCGTTCCGCGAGATCAACGAAGGCCTGCTTGAGGAGACGCTCGGCGAAGACGATCTGAGCGAAGGAAACTAGACTTTCACGAACATGCATGTGCGCCCTGCCGGATATTGGTGGGGCGTTTTTGTTTTGGCGGCCAACCCGGTTTGACCGCGAATCCAGGTGGTGCTAAGTTACGCTTGCGTATGAAAGTAGCGAAGATGTGATTGAATTGTGGAGACAAACGCCCGCATATTGAAATAGAGAGGAGGAGTCATGGCAGAAGTGAAGCTGATCTCCGCGGAATCCGTTACCGAAGG
CP180383.1_gap9	744426	746492	2066	CCACCCTCGTCGACTGATACGAATACCACCAAGTCCATCCCGGCAAGCTGCTTATGCAGGATGGGCAACGGCATATCTCAATGCAACAGCTGCACCGAATGCGCCGTGCAGCAAGGAATCTCCAAAGGAGATGAATATGGCCGCAATGACCGTGGCACAGATGATCGAGCTGTTCCTCAAGCCGGGTGCACCTGTGCATATTGAAAGTTTCGATGGGTCGTCGTATGGGTCCGACGATGCTCCGCTGACGTTGCAGGTGAAGAACTCGCGCGCCATCTACTACATGGTGAATGCGCCGAGCGAGCTCGGCCTGGCCCGCGCCTACCTGCAGGGGGACATCGATTCGCCGCAGCTCGTGCCCGGCAATCCATATGCGCTGTTCAAGGAACTCGTACCGCTCAAGTCGTACCTGCGTACACCAAATCCAGCCCAACTGGCCAAGGCGCTCGCTTCGGTGGCCTCCCATGGGTTCCACCGTCCCGCGCCTCCCGATATCGAGGGCCCAAGCCGTGCCCGCCGCATCAGCGAAGGACTGCTGCCGCATTCGAAGGCCGGCGACGAGGCCACGGTGAGCTACCATTACGATCAGTCGAACGAATTCTATTCGATGTTCCTGGGACCATCCATGACCTACACCTGCGCGGTGTTCGACTCCCCGCTCATGTCGCTCGAGGCCGCGCAGAAGAACAAGATCGACCTCGTGCTCGACAAGCTCGCACTCCAGCCGGGAGAACGACTGCTCGACATAGGTTGCGGTTGGGGGTCCATGGTGATCGAAGCTGCCAAGCGCGGCATCAAGGCCCTCGGCGTCACGCTGAGCGAGGAGCAGGTCGAATGGGCTCAGCGCTGGATCAAAGACGAAGGACTGGAGGACCTCGCCGAGGTGCGACTCATGGACTATCGTGACGTTCCCGAAGGCGATTTCGACGGCATCTGCTCCATCGGCATGATGGAGCATGTCGGGCACAAGCACTACCCGTCGTATTTCAAGGAGATCTACGCCAAGCTCAAGCCGGGCGCCAAATTGCTCAACCACCAGATCACCCGGTGCAACTCGCATCAGGGCAAGAAAGCCGGTCAGTTCATCGACCGTTACATATTCCCGGACGGCGAGCTCTCCTCACCGGCCGAGATCGAGATGGTGATCCAAGACACGGGCTTCGAGGTGATCAATCAGGAGAACCTCCGCCAGCACTATGCACTCACGCTGCACCGTTGGAACGAGAATCTGGTGGCGCATTGGGATGACGCCGTCAAGCTCGTCGGTGAGCCGAAGGCCCGTTTGTGGGGGCTCTATATGGCCGGTTGCGCGTTCAATTTCGAGATGAACAACATTCAGGTGCATCAGTTCCTCGCCATCAAACCAAACGATGAGGGCACTGACACCTACCCGTTGCGTCCATGGTGGCCGAACCACTGAGTCGGTAAGCTGACGCCCACGTGGAAAGCGGCATGCTCATACGCATGCCGCTTTTTCGTATGTATGGAGCTGGACACGCGCATGCTGACGCCTTTACCTGAATGAGGGGAGAGCCTAGACTGGGGCACTATGAGTGGAACACCCGAAGAAGCGATGCAGCCGGCTTTCGACGGCATGGGCATGCGGCGGCGCTCGCCGCGCAAGGCAGCGCCCAGAAAGCCTGCTGCCCAGCTGCCGGTGGCGCGGGTGGTGCTGGATGTGCAGGCCACGCATCTGGGGCAGCCCTTCGACTATTTCGTCGACGACAGCATGAGCGAAGCCGCTCAGCCGGGTGTTCTGGTCCGGGTCAGATTCGGAGGCCAGCGCGTCAGCGGCATTATTTGGGAACGGGTGAACGACAGCGATACGCCGACAAATGCCATTCGCTACATCGAGAAGGTCGTTTCGCCGCGCGTGCTCGTACCGAGCCAGATGCGCCGTGACATCACCGCCGTGGCCAATGCCTACGGCGGCACCATAGCGAACGTGCTGCGCGTGGCCATGCCGGGCAGGGTCGCCGGCGTGGAGAAGGAGCCCAATGCCACCATGCAATCGGCAAGCGACGTGGAGTCGGCTGCCGATGAGGCGTCCTATGCCGATTCGCCGA
CP180383.1_gap10	748196	752549	4353	AAAGTGGGGAACTGCGGTTCAGAATGGACCCGAAAGATCTGCTGTGAGGCGGCATCCGACTCAGCTGTGACCGTAAGCCGACTGCCTGCGCCTTGTGCGTACTATGCTTGGGATTCAGTGAAAACCACAGCCCATGAGTTGCACGGGCGGAAGAGAGGACATCAATGTTACGAGTGCTGTTCGCGGGAACCCCGGAGGTGGCGGTTCCCTCTTTGCGTATGTTGGCCAAAGACACCGAGCATTTCGAAGTGGTCGCAGTGCTCACCCGGCCTGACGCGCCCACGGGGCGCGGCCGTAAGATTATGCCCAGCCCGGTGAAAATGGCCGCTCGTGAACTTGGCCTCGATGTCATCGAATGCGATCCGGCCGACGAATGCTTCCTCTCCGCATTGAAGGCCACCGGAGCACAATGTGCGGCGGTGGTGGCCTACGGCAAGATCCTGCGTGAATCGGTGCTGGAGGCGCTGCCGCTGGGATGGTACAACCTGCATTTCTCGCTGCTGCCGCAGTGGCGTGGTGCCGCTCCGGTTCAGCGCGCGATCTGGGCTGGCGACGAAGTGACCGGATGCTCGGTGTTCCGCATCACTGCAGGTATGGATCGTGGGCCGGTGCTCGGGCAGAGCACGGTGACCATAGGTGCGCATGAGAATGCCGGCGAGCTGCTCGACCGTCTCGCCGAAGATGGCGCCGGTCTGCTTGCGGCATCGCTGCAGGCCCTTGACGAAGGAGTCGTCAACGCCGTCGATCAGCCGGCAGGCTCCTACGATGTCGCCGCCAAGATCACCACGCAGGATGCCCACATGCGTTTCGACGTGCCGGCTTTCGCGCTTGATCGCCAGATTCGCGCCTGCACGCCGGCGCCGGGGGCATGGGCGAATCTACATCCACATGGTGATGATGCCAACGAGACGCTGCATGTGTCGAAGGCCATCCCGGCCGATATGACGGCCGATGAATCACCTCGGAATCTCAAGCCGGGTGAGCTGCACGTCACCAAGCATCACGTGTGGGTGGGCACTTCCACCGACCCGTTGGAACTGCTGGTTGTCAAGGCCGCGGGCAAGCGAGAGATGGGGGCTCCGGAGTGGGCCCGCGGCGCACATCTGGCTGAAGGTGCCTATCTCGACTGACGTGTCTCACCAGAATGCCCGGAGCCGGCTTTCATCGAGGTGCCGACTCCGGGCATTCTAGTGAATTGCTGCGGTTGCCCGGCAGCGGACATTGTTCTGCTACTGCAGGAAATCAAGCACCTTGCGAAGATCGCGCTCGTCGATCGTGTGGGGGGCCGCCGTGCGCACAGTGGGTTTGGCGCAGAATGCGATGCCCAGTCCGGCAGCGCCGATCATGGGCAGATCGTTCGCGCCATCGCCCACGGCAACCGTCTGGATGCGCGCGATGTCGTTCTCTTGAGCCCATGACCGTAGCCGGGAGAGTTTGACCTCCTTGGTCACGACATCACCGACCACTTCGCCGGTGAGCATGCCGCGGCGGGCATCCACGCCCAGTCGGTTCGCAATGTGGTAATCGAGATGCGCGTCTGCTGCGAGCCTGTCGACGATTTCGTGGAAGCCACCTGAGACGACCCCCACCTTCCAGCCATGCGCATGGAGCGTGTCGATGAGTTCATGTGCGCCATTGGTGAAATGCAACCGTTCGTACACGCGATCGAAGATCTGTGCTGGCATCCCTCTCAGCAGCGCCACCCGTTCGTCCAATGCCTGCCGGAAATCAAGCTCGCCGTTCATCGCCCGCGCGGTGATGGCCGCGATCTCGTCGCCCACACCCACCTCCTCGCCGAGTTCGTCGATCACCTCTTCATCGATGAGCGTGGAATCGACATCCATCACAAGCAGGCCCGGCATGCCGAGAGCGGGTAATGGGTCAGCGAGTGTGTCGGTGTTGTCAAGATGTTGCGAAAGTGGTGCGCTCATGCCTTTGATTGTCGAAAAACGTTGGGACAATCAAAGCATGCACTTTACTGTTACCCTGGCTGAGGCCCAACTGCAATGCGCCACGAGTTCCGATGGCCTGATCGGCGCCATGACGGCGTGGCTCGTCTCTCTCATGGAACATGTGGGCGGTGTGGGCGTGGCATTGGCCATCGCCCTCGAGTCAATCTTCCCTCCCATTCCCAGCGAGATCATTCTGCCCCTCGCCGGTTTCACCGCTGCCCGTGGCAGCATGAGCCTGTTCGGTGCGATCCTATGGGCGACAATGGGATCGCTGCTCGGCGCCTGGGCGCTGTACGGCATTGCGCGCTGGTTCGGTCTCCACCGCATTCACAAGGCAGTCGACAGGATCCCCGGCGTGAGCCGCAAGGATGTGAACAAGGCAAACGAATGGTTCAACAAGTACGGCACCTGGTCGGTGCTCATCGGACGCGTGATTCCCGTTGTTCGCTCGCTCATCTCGATTCCGGCCGGATTCAACCAGATGAACTTCGCGAAGTTCTCCGGCTGGACCTTCCTCGGCTCGGCAATCTGGAACACGGTGCTCGTCACCGCCGGTTACATGCTCGGCGACCAGTGGTGCTCCATTCTCGGCGTGCTCAATGTGTTCGAAGATGTGATCATCGTGGTGTTTGCGCTGATGCTGGTGTTCTTTGCGTGGCGGTGGGTTCGCAATCTGATACGCGAACGTCGCTCGACGCAATCCCATGAGTAGACTGTCGATGCGCGTTAGGCGCTGAAGTCAGTTCGGGTTCGTGCTCTCCTGCACGGACCCGTTTTCCTTTGCGGGGCCGTGCATTACAATGGCATACGGAACATTCGGATTGAACGAAGGTGGGTATGGGGCAGGAGAAGCACACGGACGCGGCTTCGCAGTCCAGGGATCCCGAGGCTGTGGCGGCGCATGAGAACGACCAGCTGCGGCAGCGCAACCACGCGCTCGCCAAAGCGCTCACCCGTGCCACCGAGGAGCTTCGCAAGGCGAAGGCGCAGCTCGAGCAGTTCATGGCACCGCCATTGACAATGGCGACCATGGTCCGCGTGCATCGCTGTTCCACCGATGAGCATGGTGTGCGGCATGCAAGCGCGGAGATTCTCAATGGCAACAGACGCCAGATCGTCCCGCTGTCGCCGACTGTCAATCCCGCACAGTTGGGGAGCGGCCAAGGCGTGTTGCTCGATGCCAACATGGTGATTGTCGATTCCTGCGAGACACCTACTACCGGTCCGATGCGTGCGGTCTCGGAAAGCCTTGCCGACGGTAGGCTCATCGTCTCCGATGTCGGAGGCAATCGCGGTGTGGTCATGCGTGCGAGCGCGGTGGCACGAACTCCGATCAACGTCGACGATCGTGTGGTGATCGATCCCTCCGGTACCTATGTTTTGTCTGTACTGCCGCAGGAACAGGCGCAGGATCTGCTTCTCGAGGAGACTCCGGATGTCTCCTTCACCGACATCGGAGGTCTGGATGAGCAGATCGCACGGATTCGCGATGCCGTGCAGTTGCCGTTCCAGCATCGTGACCTCTTCGACCGGTTCGACCTGAAGGCACCGAAGGGCGTGTTACTGTATGGGCCTCCGGGCAATGGCAAGACGCTCATAGCCAAGGCCATCGCGCATGAGCTGGCCGCGGGCAGTGGTAACGACGGCGTGTTCCTGTCGGTGAAGGGACCGGAGCTGCTCAACAAGTTCGTAGGCGAGTCTGAGCGCCTCATCCGCAGAATCTTCGAGCGGGCGAAGGAGCTGTCGGGTGCCGGACGCCCCGTCATCGTGTTCATCGACGAGATGGATTCGCTGCTGCGCACCCGAGGCACGGGCGTCTCCAGCGATGTGGAGACGACAATCGTGCCGCAGTTCCTCACCGAGCTCGACGGCGTGGAGAGCCTTGACGACGTGATGGTGATCGGCGCCTCGAACCGCATCGACATGATCGATCCCGCGGTGTTGCGTCCGGGCCGTCTGGACGTCAAGATTCATGTCACACGGCCGGACGAGACGGCCGCCATGGCCATCACCCGTCATTACCTCACCGATGCGCTGCCCCTTGAACCCGGCAGGGACGCGGATGCGCTGGCGGCCTCGCTGGTGCGTGATCTTTTCCGCAGGGATGAATCCCGATTGCTTGCCACGCTCGATGAACAGGGCCGTCGGCGTGGAATCTACATGGCCGACATCGTCAGCGGTGCGATGCTGCGCAACATCGTCGACCGGGCGAAGACCAAGGCGGTGAAGGCCGAAATCCTCCATGGGTCGGTGAGCAGGGACGATGAGCCGCAAGGCATCACCGAGGCGCGGATCCATGAGGCCATTGACGACGAATACGAACAGAACCGCTCCACGATCAACGAGACAGATCCAGGGCAATGGCTCAGAATCAACGCGCTGACGTTGGCGGCTGACGGCG
CP180383.1_gap11	795111	796150	1039	AGCTGCACACGGCGGAACATCGCATTGCGGATGAGCACGATGAGCCCGCGACGATCTTCCACCACGGCGTTGGCCACATTCGGTGCGGCGAGGTTCGCGGCCTCCTGCGCCTGTGTGCCGGCGTTTTCCCATTCGTCCACGAGGCTGGAGTCAATGGAGCGGACCAGAACGCGCAACCATGCGATGATGTCGTCGAGTTCCTCATTGCGTTTCTCCGGGGGTACCGTTCTGGCCAGCACACGGTATGCATCAGACAGATAGCGCAACAGCGTCCCCTCCGAACGGGCTGCGTTGTACCGGGCGATGTAGCCGTTGAAGTCGGATGCAGTCTCGACCATGTCGCGCACCACGGACTTGGGATTGATCCAGTAGTCGTTGGCCCAGGGAACGTCTTTCCGGTACTGGTCGAATGCTTCAGTGAGCAGGTCATTCAATGGTTTGGGATAGGTGATGTCTTGCAGACGGTCGAGACGTTCATCGTAATCGACGCCATCGGCCTTCATCTCCTCCATCGCCTTGTCCCGAGCCTGCCGCTCCTGGGCGCGCAGAATCTGCTTTGGATCTTCCAACGTGGCTTCGGCCATAGAGATCACATCGAGTGCATACGACGGGGAAGCGGGATCGAGCAATTCAAGGGCGGCGATGAGGAATGGGCTTAACGGCTGGTCGAGCGCGAAATCCTGCGGAAGATCGACGGTGGTGTAGTAGTAGTCGCGGCCGTCTTCCTGTTCGATTTCGATTACATCGGTGTCGATGAGTGTGCGGAAGATCTCATCGGCGCGGGTGCGAAGTGCGTTCTTCTGCTCATCGGTCTGCGCGGAATCTTCGATGAGCCGGTCGATGCGTTTTCTGGCATCGCCTCCCTGGGCGACTTCATTGAGCACCATCGAATGGGTTATCTTCATATGGGGGATCAGCGTTTCCGGTTCTTTCCCGATTAGCTTGGCGAAGGTGGACTCATTCCATGTCACGAATCCCTCCGGTGCTTTCTTGCGCTTGATCTTCCTGAGTTTCTTCGGATCACCGCCTGCCTTCGCCA
CP180383.1_gap12	812871	814775	1904	TATTTGAGCCAAGGTGCGGCAGGCATCAACGGAATCTCGATGAAACTGACCGCCATGGCAAGTGCGACGAACAACGCATACATGGCGATGCGCTGCGTGGACCAGCGTCCGCGGTCTGCCGCCCCAGTGGAGTGGCTGCCGGAGACCTGGTTGGGTGAAATCGAATCTGGGTGTGAAAAAACACTCATGCGAGCTCATTTCTTTCATCCGGACTATAACCGTTGGCCCTGGACTCGCACCAGATCCACCGCTTGCGCGGGTTGCGGGCTCCGCATGCGGGCACGGGCCCGTTGCGCTACCGCCAGTAAGGAGTTTCACCTTCCCTGAAATTGCACTACCTATGTATAGTCCACCGCACGGATTTGCCTGCCCATTGTCCACAATATGGGCGATATCGGATGGGACGCGGCCCAGATCGGACGCCTATTTGTTAATGCGATGTATTAGTATGAGTTCGGAATGAATCGCCAGAACGGCAAACGATTGCTTCCCAGTGCATGCCAATTGCGTACCATATAAGGAAAACCAAGCTATCCAGCGTTTTCATGTCCGACAAATACGCCACAATATGGGGTATGAGGCATGCAACGAGTGCACGCCTCGGATTCGAACGGCAAGGGAGATTGCAATGATTGACACTGCACAAGCATTCGGCGTTGACATCGGTGGCTCGGGCATCAAGGCCGCTCCGGTGAATCTGGAGAAGGGCGAATTCGCCGAACCCCGCCTGAAGATCCTCACTCCAGAGCATTCCACTCCCAAGGCTGTGGGAGACATTGTGCGCCAGCAGCTCGAGCATTTCGAAGTGCCCGAGGACGTACCGGTGGGAATTGCGTTCCCGGCCCCGATCAAGCCGGGTAAGAAGCTCGACTTCATGGCGAACCTCGATCAGTCGTGGATTGGTGTGGACGTGACCGAGGTGTTCTCCGAGGCATGCGGCCGTCCTGTCACCGTGGTCAACGACGCGGACGCGGCCGGTCTGGCGGAACAGGCGTTCGGTGCGGCGGCGGGCCAGGATGGGCTTGTCATCGCCACCACCCTCGGCACCGGCATCGGTACCGCCCTGATCTACGATGGCGTGCTCATCCCCAACACCGAGCTCGGCCACATCCAACTGCCGAAGGGCAAGGGCGATGCGGAGAAGTATGCGGCATCCTCGGTCCGTGAGAAACTCGACATGGGCTACAGGAAGTGGGCCAAGCGCCTCACCAAGTACTACGGTCTCATGGAGCTGTACTTCAGCCCCGAGTTGTTCGTGGTCGGCGGTGGTGTGAGCCGCGTCTCCGAGAAGTTCCTGCCGTACATCGACATCAAGACCCCGATTGTCGCCGCCAAGCTGCATAACGAGGCGGGCATCGTGGGTGCCGCCTACTACGCCAACCAGCAGTCGGCCAAGTAGGTCGCATTACATTCATGCAAGACTCGAGGCGCCATGGGATTCCATGGTGCCTCCAGCCGTATTCGCCCTGTTATGGACGACGCTGGGAGTAGTATTATGCCGTGCGTTTTTCCAGCAGAATCGATGTGAGCCAGCCGAATCCAATCGCCGCATGCGAAGCAGAGGCCAAGGCTCGTGGGGTGGACCTCGACAAACTCAATGACTCGAATCCCACGGCGCACGGCCTTGCGCCGCAATTGCTCCCGCAGGTGTATCGGGCACAGCCACGTGGTCAGATGGAGGCACGGCGTCGCCTTGCCAGGGCAATAGGATGCCCGGATCCGGAGCGACTGTATCTGCTCAGTTCCACATCGCAGGCCTATGCATGGCTCATGATGTTGCTATGTGATCCGGGGGAGGCGGTGCTCGCGCCGAAACCGGGATACCCGCTCATCGAATCGATCGCACGGCTGTGCGGAGTGAAGACGGTGGAATACCAGTTGCAATTCGACGGTTCCTGGTACAT
CP180383.1_gap13	1010986	1014068	3082	AACGCCCCATGCCGATGACGGCGAGATGCGCAGCCGGTCCATCCATGCCGTTCGCCCGCATCGTATCATGCACCGCCCATTGCAGCGAGGCCTGGATGATCGAGTCAACCACGTCGGTCATACCATTCAGGGCCTGCGCCGAATCGATCACATCGGTCATCCAGCCGATCCCGATGCGCTCGATCTCATGGCGGCGCAGTGCACGCAGCATGTTCGCCGCGTCGGCCAGTGAATCATCATATCGTGTGATGATCGCCTGACAGCCCACATCCAACGATTCACGTGTGCGCGCATGCAATTGGTCGTCATCGCCGAGCCAGCGGATCGACTCCTGCGACTTGTTGAGCGCGTCGCCGAGGAATCTGGAATTCGACAGCACGTGACACAACCGCTGTGCGGCCGACTGCGAGTCGCGCAGGAACCCCAGGTAGTCGCTGCCGGAACCGAACCGTTCCTCGAGGTTGCTCCAGCCCAGCAGTCCCATGTCGGGGTTCTGCCCTTCACCGAGCCAGCGCAGCACCGCGGGGAGCAGTATGCCATTGATCTTCGCGGCACGGGTGATGCCGGCGGTGAGCGCCTGCACATGCCGCAGCGCCGCCTGCGGGTCGGCGAAACCGATGGCGGCGTAACGATCCATCACCGCCTGCTCGCTCAGTTCCACGCGTTCGTCGCCCGAGACCGCGCTGATCGGCAGCATCGGCCGGTAGTAGATTTCGTTGTGGAGCCGACGGATCTGCCTGCGTGTCTCGTCGAAATTGTCCACCAGCTCCTCGTTGTGCCAGCCGAACACGCGGGCGAGCCTGTGCAGTTCGGCATTGCGCGAGAGCTCCTCCACATTGACCGTGCGCTTCTTCTCCAATCCGCCGGCGTTCGCATTGCCCATGTCGGGGAACAGATGGGTGCGTTTGAGCTGCCACATCTGCTGGCGGTGTTCAAGCACCCGTTCGAAACGGTAGTCGTGGGAGAGCACGCGGGCATGGCGGCGCGAGACATAGCCGCCATCGGAAAGCGCCTGCAACGCCTGCAACGTGGAGCGAACATGCAGGGTCTCATCGGCGCGGCCGTGCACCAGCTGCAGCATCTGCACGGTGAACTCCACGTCGCGAAGACCTCCGCGGCCCAGCTTGATCTCACGGTCGCGCAATGGCACTGGGATGAGGCTCTCCACACGTTCGCGCATGCGCTGGCAGTCGGAGACGAAGTTCTCGCGCCGCGAGGCCTGCCAGACGAATTCGGATGCCATCTGCATGTATGCCTCGCCAAGAGGCACGTCACCGGCCACAGCCCTTGCCTTGAGCAGTGCCTGGAACTCCCAGCTCTCCGCCCACTGCCGGTAGTAGGCCTTATGCGAGTCCAGACGGCGCACCAGCGGACCGTCCTTGCCTTCGGGTCTCAATGCCCCATCGATCTGCCACAGTGCGGGCTCCATCACATTGGGCATCACCGATTGGCAGATCTTCTGCATGAGCATGGCGATCTTCGAACCGACCTTGACCAGCTGCGGTTGCGACATGGTCTCGGCCATCGGCTCCACCACGTAGATGAGATCGACATCGGAGACGTAGTTGAGCTCCTGTGCGCCGAGCTTGCCCATGCCAATGATTGTGAAGCGCAGGAGTTCGGACTCCTCCGTGTTGCTCTGCGCAATGGCCAGCGCGCTTTCCAGGGCGGCGTCCGCCAGATCCGACAACGCGCGGGACACCGCCGGTTGAATCGCGATCGGGTCGTCGTGCGAAACATCGTAGGCCATGATCGCAGCCAGTTGTTCGTAATAGTTCCGTCGTAACCTATTGGTCGCCTCCGCCAACGGCACGTCGGTGATCAGGCGCCGGAACGAGGAGTCCGAAGAGTCCGCGGCGCCGAGCTGCTCTTCATGGGCATCGATCGCCGCCAACATGGTCGCACGTCTCGCCTCGCCGTCAAACCCCGCGCTGTGGAGGGAATCGACAGCCGCCGCCTCGACGAGTTCGGGTCGCGACCGCATGAGCACGCCAAGTTGCCGGCTGGCACCGAGCACCTGCAGCAATGTGCGCGGAGACCTACCGTGCAGCAGTCCGTGCAGTTTTCCGGGACGGTCGGCAAAGCTGATGATCAGTTCATGCAATGCGTCCAATGCCACGTCCGGATCCGCGCAATGCGCCAGTTCGCCGAGCAGTTCCCGCTGGGTGAGTTCGAGATCCCCCGCCGAGCACACCTCGCTGAGCAGTTCCTTCGCACGGCCGAGATTCTCGAATCCGGCATGAATGATGTCTCGTGTGCTTGGGGTGGTGTTCTCGTCGATCTCCATGCCTGTCAATCTAGCGTGTTTTTGTTGCGCTGGGAAATTGGGTCACGCTTTTTCGAACAGATTGCCCACGTTCTGCCATATTCTGCGCGAGACCGACGGATGGTTCATCGTGTACAGGTGCACGCCATCGACTCCCTGAGCCACGAGGTCGCTGATCTGCTCGCTCGCATAGATGATGCCCGCCTCGCGTAGCGTCCTGGGATCGTCTCCCCACTTTTCGAGCATGCGTTCGAGCTTGCGCGGGACCCGGGATGAGCACATGTTCGTCATGCGCCGCACCGATTTCGCATTGGTGACCGGCATGATGCCCGCCTCTATGGGCACATCGATGCCCGCGGCCCGTGCTTTGCCGAGGAATGCGATGAAATCGTCGTCGTCGTAGAACAGTTGGGAGATCAGATGCGAGGCGCCTGCATCCACCTTGGCTTTGAGATTCGCCACATCCTCGTCGAGCGTGGCCGCCTGCGGGTGCTTCTCCGGATAGCAGGCGCCATAGATCTTCAGATTCGGCCTACGTTCGCGAATGTAACACACCAGATCACTGGCATGGGTGAACACGCCGGCCGGTTCGCGCTCGCTGTTGCGGTCTCCGCGCAATGCGAGCACGCCGCTCACTTTCGCCTCATCGAACATGGCGAGCGCCTCGTCGACATCCCGGGCGGTGAGGTACTGTGCGGTCAGGTGGGCGACCGCGTCTATGCCGTATTCCGAGTGTATGGTGTGCGCGATGCGTGCGGTGGCCGTGCGGTCCGCTGATTTGCCGGTGCCGTAGGTGACCGAGATGAAGTCGGGTTT
CP180383.1_gap14	1017787	1021480	3693	GCCACCTGGCGCGATCACCCGATACGCCTGTTCCAGTCGGTTCCAGGGATCGAGCATGTCGAGCATGATGCGGTCGAATCCTTGTTCCGGCAACGTGGAGGCCACCGAATCGAAATCGCCGACCAGAAGATTCCACCAATCCGGTCGGCGCCCGTAATACAATGTGGCGTTCGCCTCGGCGATCCTCGCGAAATCAGGGCGCATCTCGATCGTGGTCAGGCAGCCGCCCTCACCCACCGCGTCGAGCAGGTGCAGGCTCATCGCACCCGAACCGGCCCCGGATTCCAGCACGCGGGCGCCCGAACGTATGTCGCCGAGCTCAATCACCTGCGCGATGTCCTTCGGATACATGATCTGTGCGCCACGCGGCATCGACAGAACATAGTCGGCCATGCGCGGCCGCATCACCGCGAACTGCCAGCCGCCGATTGCGCGCGCAGCCTTCCATGGTTTCGCCGTATCGCGTTCCGGGTGCTCCCTGTTGAATTGGTCCTCACGCTTGGCGGTGACGGTGGTGACCACGCTGCCCTCGTTCCTGCCGATCACATCGTCATGCAGGATGATGCCATGTGAGGTCTGTGTGACGCCGCCCGCAACCAATTGGTCGGTGATCTTGTTCGACTTGCGGTCGGTGAACTGCACTTTCTCACCGGATTGCAACGGACCTCTGCGCATACGCTCTCGACTCCATGCTCTGCTTGCTCATTGGACGTAAATCCACTGTAGCCAAGCTCGTCTACACCATCCGTCGGCCTTCCCGTCGCCGACATGCTCATATTCGGGCGAAGGCGCTCCATCGGTCGTCGATGTGGTGCACGTCGAGCGGCATGCCGAACAGTCGGCTCAGCCGTTCGGCGGTCAACCCGTGTTCGAGGTCACCCGCATATTCGATCGTTCCCGGTGCTGGATCGGCAGGGTCGGGTTGCGACGTGACGGTTGACTGGCGTCCCATGATCGCAATATGGTCAAAACCCTGAGGGATCTCCTCGAGATGATGCGTGACGACGATAATCGTACGTGGGTCGTCATGCAGCGACGACAACGCGCGAATCGTGATCTCGCGCGCGCCGAGATCGAGTCCGGTTGTCGGCTCGTCGAGAATGAGCAGTTCGGATTGGGCCATGAGCGCACGACAGATCAGTGTGCGTGTCCGCTCCCCCTCGGAGAGTCGACCGAACTGCTTGCCGGCAAGGTATGCGATGCCGAAATCTTCCATGAGTCTGCGCGCGCGGGCGTATTCGTCGGATGTATAGGTGTCCTTCCAACGGCCGGTCGTCGCGCTGAGCGCGGTGACCACGACGTCAAGCGGGTCTTCGAACGGCGGAAACGCGCGCGACAGCTCCGCCGAGCTCAGTCCGATCAGGTGGCGGTACGAGAACACGTCGACCTTGCCAAGGCGCCGTCCGAGCACGTCGATGTCGCCGGATGTGGGGAACGCGCGTGTGCTCATCATCGAGATCAGGCTCGATTTGCCAATGCCGTTCGGCCCGAACAGAATCCATTTCTCGCCGCGTCCGATCTCCAGATTCACGTCATCCACGATCACACGGCCATACCGTCGCAGATGCACGTTGTGCATGGCCAACGCCCGTGTTTCGCAGTCCAGTCCTTCCATTGCACCCCCATATGAGAGCTGGATCCCGTTGCATGGGATCCAGCCCGCTTCCTCTTGCTTGCCGTGCCGCGAATTATTCGTGCTGCGCCGCACGCTCCTCGAGCACACTGCGGTACACGGCGACGGTCTGGTCCGCGATCGACTCCCAGCTGAACTTGTCGCGTGCGCGTTCGCGCCCACGTTCACCCATGTCCTTGGCCCGCTGCGGGTCGGCGAACATCTCATTGATCGCATCCGCCAGATCGTGCACGAACCGTTCGGGATTCGTCGGCGTGCCGGTGCCGTCGTGCTTCTGTTCGATGGGCACGAGATACCCGGTCACCCCGTCGACGACGACCTCAGGAATGCCACCCGTCGCGGTGGCGACCACCGGCAGACCGCAAGCCATCGCCTCGAGGTTCACAATGCCGAGCGGCTCGTAGATGCTCGGGCAGATGAACGCATCGCAGCCGTGTTCGAGCGCGTTGAGCTCGTGCTTCGGCAGCATCTCCTCGATCCAGATGATGTTGCCGCGCTCCTCATTGAGCCTAGCCACCGCCTCCTTGACCTCCTTGCCGATTTCCGGGGTGTCGGGCGCGCCCGCGCATAGCACCACCTGGATGTCCGGGTCGACGAAATGCAATGCCTGCAGCAGGTACGGCAGCCCCTTCTGCCGGGTGATGCGCCCGACGAACAGCAGGGTCGGCTTGTCGCGGTCGATGTGGTAGCGGTCGAACACCGCCCAGCCGGCATCATCGGGGGCCGGCGTCTCGAAATCGGCAAGCGTGATGCCGTTGTGCACCACGACCACCTTGTTCGGGTCCACATTCGGGTAGGCGGCGAGAATGTCCTCACGCATGCCGCCGGACACGGCGATGATGCGGTCGGCATGCTCATAGGCGTCACGTTCGGCCCAGGAGCTCAGATTGTAGCCGCCGCCGAGCTGCTCGCGCTTCCATGGGCGGAATGGTTCCAGCGAATGGGCCGTGATCACGAGCGGGATGTCATGCAGCAGCTGCGCCATGCGCCCGGCAAGGCATGTGTACCAGGTGTGGGCGTGGACGAGTTCACTGTCGACGTCGTTGGCCATCTGCAGATCCACACCGAAGGTTCGGATGGCCGCGTTGTCGCCATCCAGCTCCGTCGGCACATCATAGCCTATCACACGCAACGAGCCGCGTCCGTCGTGCTGCGCCGCCTCGGATTCGCGCGGTCCGTCGAATGCGCGCACCGTCACGTCGATGCGTTCGGCCAACACCTTCGCCAGCTCCTCCACATGTACGCCGGCGCCGCCATAGACATGCGGCGGGTATTCGCGGGTGAGAATGTCAACTTTCATAATCGCCTCTTCCATGAGTTCCATGCATACGACTGCATACACCACAATACGGCCTTCGGAGGCGAGAAACACAATGGATTGTGTATATTGGAACGATCCGTTCCGCCGGCGTCGCGAACCGCACACCGAAGCAGATGGTCAACACGTCGCTTTTTGCGTAATTGATTCATGGGCGTTCCCCCAACGCGCGAAAACTACTCTATTCGCGTATTTGCCTATACAGACACCGGGTTCGGGTCTAGGTTGGAGACATGAGTGAAAACAACATTGTACGCCTGAACAAAGGCGATAAGGCACCGAATTTCGAACTCGAATCGGACGAATACAAGCACTATGCGCTTGCGGACTTCAAGCACCAGAACGTCGTGCTCTACTTCTACCCGAAGGCGGGCACGTCGGTGTGCACGCGTGAGGCCAAGGACTTCCGCGACAACCTCGAGCGTTTCCAGGCCGAAGGATATGCCGTCATCGGCATCTCCCCCGACGATGTGAAGGCGCTGCAGGAGTTTCGCAAGAGCAACGACCTCAACTTCATCCTGCTCTCCGACCCGGAGTTCACCGTGCACAAGCTGTACGGCGCCGCCAAGGAGCACGAGAAGGACGGCAAGGAAACCTACGAGACCATTCGTTCCACTTTCGTGCTCGACGGAGACGACACGATTCGCTTCGCCGGCTACGACGTGAACGTCAACGGCCAGATCGACGAACTGCTCGAGCAGATCGAGAAGATCAAGTAAGGCATATTCGTTCCCGGAAGGGG
CP180383.1_gap15	1162376	1167333	4957	GGGCGGCGAGGGAGACACCGAGGATGGCGTTGGCGCCCAGACGGCCCTTGTTCGGGGTGCCGTCGAGCTCGATCATCAGGTCATCGAGTGCGCGCTGGTCGGTGGCGTCCATGCCGATGACCTTCGGGGCGATCTCCTCGTTCACCGCCTTGACGGCACCGAGGACACCCTTGCCCTGATAGACGGACTTGTCGCCATCGCGACGCTCCCAAGCCTCGGCTTCGCCGGTGGAGGCGCCGGAGGGAACGAGACCCAGGCCGCGAGCACCGTCATCGGTGTCGAGCACGACCTCAACGGTCGGGTTGCCGCGGGAATCAAGAATCTGGCGTGCGTACACGCTTTCAATTGCTGCCACAACTTCTCCTTAATGTGCATAGGTTGTGATGACAGTTTCCAGCGTAATGAGATTGTTGGACGATTGGCGGGAGCGGATCAGAAAAAATGTGAGCGCTCCCACGACTCTTTTCGACTGCGACACGCGTATTGTCCGAGCCTTCCGACAACGTGAACAGCGACACGGGGTGCCCGGGCCATGACCTTCAAACATGCTGGAAGCGACGCCAAAGCGGGTCGGCTGGGCTGAGATCACACTCGTTGAACCTGACATAGACAATGCTATCGAAGGGAATGTCATGACCCAGTCTGCAACGAACGAGTCCGGGAACCCTTACCGGGATGCCAGTTCGATGGGCACGACCGGTGCACCGGCACGCTCCGCCGCATACGCCGTGCCCGCAGCCGAACATACCAAGACTGCGAGCCGGATCGGCACGCGATTCATTCCGTGGCATCATGGCCGCGCACCCCGCTTCTGCGCGCTGTGGGCTTCCACGGTGCTCATCGTGCTCGCGTGGGCCTTGGCCACCGGAGGACCGGCGCACAACCGTTCACTGCCCTCCCCCGGCGAAGTGTGGCAGGCGCTCCTTGCGTTGCACAGCGAGGGGCTGTTGCTGCCATCCATAGGCGTAAGCCTCTACAGAGTGTCTCTCGGCGTGGCCCTGGGTGTCGTGACGGCGGTGCCAGCCGGCATCATCGCAGGGTCAAGCACCATTGGCCATGCAATCATGGACAAGCCCATACACATGCTCAGGGCCGTGCCGTTCCCGGCGCTCTCCCCACTGCTCATCGTGCTGTTGGGCATTGGGGAGACGATGAAGGTGGCATTGATCGCCATCGGCGCGTTTGCGCTGATCTATGTGAATGTGCGCGACGGCGTGCGCGGCATCGATCCGAAACTGCTCGAATTGGCGCAGGCATACCACCTGCCCAAACGCACCGTGTTCGCGAAGATCCTGCTGCGGGGCACGCTCCCGCGCTTCATGACGGGGCTGAGGTTCGCACTCACCGTGTCTTGGATCGCGTTGGTGACCTGCGAGACGGTGAATTCCTCGGCAGGCATCGGCTACATTCTCTCGCGTTCCCAGCAGTTCTACCGGACCGACCAGATGGTGCTGTGCATTGTGCTCTATGCATTCCTGGGGCTGTTCAGCGAATGGCTGGTGGGTGCATTGGAACGGCTCGTCGTTCCATGCGCACACTGATACTCCATATAGCGGCAATCAGGTTCACCCTTACAATGACCAATCCCATGAGACATATGGGTACACCCATATGCACCCAAACAAGGAGAATCATGTCACGATCCACCATGCTCAGATTCACGTCCGCCGCATGCGCAGCGTTGCTCTCACTGTCATGCTCGGCCTGCGGCGAACCGAATGCCGCGGATTCCTCCACGACCATGCGCGTGGCCTATCTGTCGACCGCGAATTACCTGACCACCGTACGCGGCGAAGACTTTCTTGACGAGACGATGCAGCACACCAACGTCAAATTCACCGGCCCATACAACCCGACGGATGCATACTCAGCAGTGCTGTCGGGCAATGCCGATGCCACGAGCACCGGCACCGGCTCGTACATCAACTTCGTGGCGCAAGGCCAACCGTGGGTGGCCTTCGCGATCGAGTATTACACCGGTGATTCGCAAGGAATCGTGGCCTCGCCGAAATCTGGGGTGAACTCACTTGAAGACCTCTACGGCAGGAACGTTGCGATCATAAAACGCGGCGGCACCGGCGATTACGTGCTGCACAAGGCATTCGAGCATGACGGACTCGATGTAGGCAGGGTGAACATCGTCGAGATGAGCCCCTCCAATTTCCAGGCGGCTTTCACTTCGGGACAGATCGACGCATTGAGTTCCTTCGACCAGAATCTGGCCGCCGCAATGGCGACCCCGGGCGCGAAACTGCTCGTGAACGCAACGGAATACGGGAATAAGAACGTCTCGATTCATATGGTGTCGAAGGATTTCGCCACCAAGCACCCCGAAGCGGTGAAAGCGATGTATCGGGCGCTCGTCAGGGAATCCGACGTGGCGCAGGCCACGCCGTCGATCATCACCGACGCATACCGGGAATTCGGCGCATCCGATGACGTGACCGAACAGATCGCAAGGTTCAATGTGCCGGTGATCAAGCCGATTGATGCAGAGGGATTGAAGATGCTGGAATCCCAGGCGCAGGAGTATGTCGATTTCGGATTCATTGACGCAATGCCGGACTTGCAGGCGGCGTCAATGGATTGCTCGGCCTGATTGCCTCATCGGAGGTTGTGGGGGAGCCGGCCGGGAAGCCTTGCTTCGTCGAGGTGTCTGCATGGCGCGGCTCCGCTGCGTCGGCAGCACGCTCCTCAGCAATGCTTCCCGGCCGGCTCCCCCACAGCCTCCGGCATATGCAGGTTGTTCGAATTGGAAAGGGAGTGTTTCCATGGCACCAGTTGTGAACATGGACTCGGCGTCCAAGATGTTCGACGGGCGCCCCGTGCTTCGCAATGTGACCCTCACGATTCGCCAAGGCGAATTCGTGTCGCTCATCGGACGCTCGGGATGCGGCAAATCAACGTTGTTGCGCATGATCGCCGGGCTGGTTCCGCCGGATTCGGGGCGCATCGATGTTTCCGGCGAGTACGCCTTCGGCTTTCAGGATGCCCGTCTCGTGCCCTGGCTCAAGGTATGGGACAACATCACATTGGGGATTGACACCAGGCGCAAGTTCCGCAAGGAGGCGGCCCTGCTCGCGTTGCGGCACGTGCAGTTGCCGGACATGGCTGATGTGCTGCCCCACACGCTTTCCGGCGGTCAGATGCAACGGGTCTCGCTCGCCCGCGCATTAGTTCGTCAGCCGAACCTGCTGCTGCTCGATGAGCCATTCGGGGCTTTGGATGCCCTCACCCGTTGGGACATGCAGGATTTGTTGCTCAGATTGCGGAACGAACACGGGTTCGCCACCATCATGGTCACACATGACATCGGCGAGGCCCTGCGTCTGTCGGATCGTGTGCTCGTGCTGCGAAACGGCACAATCCGCGAGGAACTCCGTATCGATCGCACCGAAGTGGACACAGACAACCGGCCTTCTGATTTCGCCGCATTAGAACGTCGACTGCACGACGCGCTTCACGAATAACACCGTCTGTGCGTGCGCGTGTCTGCGGAGAGATTCGATGGGTTTGGATGGGTGGGGCCTGAGCGAGGCGCCGTTGAGGAGCGTGCTGCCGGCGTAGCGAAGCCCCGCCATGCAGACACCTCGACGAAACGACGCCCCGCTCAGGCCCCACCCATCCAAACCCTTCCGCCGCTACTTCACAGGCTTTGCAGACCACGCTAGATCGTCGAGGAGCTGCTCGGTCCAACGCAGCACCTCATCCGATTCCATCGGACCGGAACCCATCGAACCTTCGAACGGCGTGGGTATGGTGTACGCGTTCAACATGGGCCGGTATTGGGCACCTGGGTAGATGCGCGAGATGCGCAGCTGCACCGATTCGGCAGGGTCGATCTTCGAGATGCGCAGCTTCCTGCCCTGGCCGATGATCTCGCTGATGCCAAGCGCGCGTGCCTTTTCACGAAGACGCGCCACGTCGAACAATGATTCGAACACCTTTGGCGGCTTGCCGTAGCGGTCGGTCAGTTCGTCGCGCAACTCGTTCAGATCCTTCTCGCTGCGGGCACCGGCCAGTTTGCGGTAGACCTCCAGCCGCAGCTTGTCGGAACCGATGTAGTCCACGGGTATCGATGCCTCGATCGGCAGGTCGATGGTGACCGCAACCGGTTCCGTGCGTTCCGGATCCTTGTAATCCTCGATCGCCTCGCTCACCATACGCACATAGAGGTCGAAGCCCACGCCTTCGATGTGTCCGCTCTGCTCATCGCCCAGCAGGTTGCCGGTGCCGCGCAACTCGAGATCCTTCATGGCCACGTCGAAGCCGGACCCCAATGCGGTGTTCTGCGCAATGGTGACCAGGCGTTCGTGGGACTGCTCGGTCATCGGCTTGCTCGGATCGTACAGGAAATAGGCATAGGCACGATCACGGCCTCGGCCGACACGTCCACGGAGCTGGTGCAATTGGGAGAGGCCGAATCGGTCGGCACGATCCACAATCAGCGTGTTCGCATTCGAGATATCCAGACCCGTCTCGACAATCGTCGTGCACAGCAGCACATCGATGTCACGATGCCAGAAATCGCGGATGATCTGGTCGAGCTGCTTACGTCCCATCTTGCCATGGGCAATGCCTATCCGGGCTTCGGGAACGAGGTCCTGCAGACGCTTGGCCTTCTCCTCTATGCCCTCGACACGGTTGTGGATGTAGAACACCTGACCGCCGCGCAACAGTTCACGTCGAATCGCCGCGGTGACCTGCGCGTCCTCATAGGCGCCCACATAGGTGAGCACGGGCAGGCGGTCCTCGGGCGGAGTCGCCAGCGTGGACATCTCGCGAATGCCCGTGACAGCCATCTCCAACGTGCGTGGAATCGGCGTGGCCGACAGGCTCAGTACATCGACATTCGTACGTACGGCCTTGAGCGTCTCCTTCGCCTCAACACCAAAACGCTGCTCCTCGTCGATGATCACAAGGCCCAGGTCCTTGAACTTGATCTTCGGATTCAGCA
CP180383.1_gap16	1179085	1180581	1496	TGAGTCTCATAATTCCTCAGAATAGGTAGAAAACGGCGTCATTCGACGAGGTCTGAAATATTGTCCCATATTGAGACATTTAATAGACTATCCCCTATCGTCCCCGAGTGGACAATCGACATATTCTCTTCACAAGGCGCCCACACCCGGCTGCGAAGATCAGCCGAGGAACCACGGCACGACAGGTTACCGGCAGCGATGTCACCGTTCCTCATCCGTAAACAGATGACGCAAGAGCACATCCCTATGATTGATGAACGATGCGGTGATGCGGTAGGCATCGGTGTCCTCGTAGTCACACGGACGAACGCCATCGTCATCGAATTGAAGGATCTGCGCCCCTGGCAGTCCGAGCAGTATCGGCGAATGGGTGGCGACGATGAACTGCGCGCCCTGTTCCGCCAACCGATGCATATGCGCCAGAAGTGCCAGCTGCCGGCCGGCGGACAATGCGGACTCGGGCTCATCCATGAGATAGAGGCCGGGCGCATTGCGTGACAGCATGATCTCGAGGAAGCCTTCGCCATGCGACATCTCGTGCAATGCAGACATCGCGCTGCGACCTCGATCGTAATCACGCGCCTGCGTGGCCATCGTGAAGAAGCTCTCGGCGCGCAGGAAGAAACTGGATGGCGGAATCGCTCGTTTGCGGTAGAGAATAAGCGCATCGGCCAGATCCGAACAGTCATCATAAGTGCTGAAACGATAGTTGCGCGAACCACCCTCCGCGCTGAAGCCGCATACCACCGCGATCGCCTCCAGCAGCGTCGATTTGTCGCTCCCGTTCTCTCAGGTCAGCAGCACGACGGGTGAACCGAACTCCAGTTCGTCGAGCGAGCGCAATGCGGGAATCCGATTCACATATGAGGCACCAAGCTGTCTGTAATCGACACGGAATCCGGAGATAGTCAAATCATCCATCGGCACCCGTCCAATCGCGAGCTCCGGCACAATAAACGGAATATATGGCAACAGACGCATAAACCACCTTTTCGTGGACGCACGCCTCCCGCACACCACACTCTACCGGCGTGGACGAAACAGAACACTGGGCACCACAATGCTTCATGTCAGGCGTCAATGCCGTCGATTTGCTGTTCCAATGCGTTCATGAACCTGTCGACATAGGTGATCATTGCACGACGTTCTGCGGGTTCGAGTGTAGGCATCGCACGCACTTCAGCCTGACGCAACGGTGCAATCATGCGCTCCCGGTAACGCTCCCCCTCTTCGGTGAGGTGGATTCGCTTGATGCGCTTGTCGTGTTTGCTGCCCTGCAATCGGAGTAATCCTTGTGCGACAAGCGAATTGAACACATTGTTCACGGTCTGGCGGGGCAACAACGTATAGGCGCAAATCTCCCGCTGTGACGTACCGTCGTTCTCACGGATGTAGTCGAAAATGAGATACACGCTGAACAAGAGTCCGGAACGACGCCCATACGCGCCGTAGATCAAGTCGACACGGCGGAACTCCTCGAAGAATGCGATGAGCTG
CP180383.1_gap17	1220657	1222131	1474	GCGGACCTGCTCATGCCGAACCTGACCGAATCCTCCATTCTCACCGGCACTGAGTACCCCGGACAGGACATCACGAACGAGCAGGTCAGGCAGATCATTGGCAATCTGTTCGATATGGGCGCCAAGAACGTCGTGCTCAAGGGCATCGACCACAATGACGGCCGAATTCGCAACTTCGTGGCCAATGCCAAGGAGGGCGTGGACCGGATGACCGAATGCGTGCACGAGAAACTGCCCTACATGTGCCATGGCACCGGCGACGCGTTCGCCTCCGCCATGATCGGGGGCGTGATGGCCGGACTCGACCTTGCAGCGGCCTCCAGACTTGCCGGCGAATTCGTGCACAACGCGATGGTCCAGACGAAGTTCCAGCCCGACTATCAGGATCGTGGCGTGAGTTTCGAACTGAGCCTGGGAGATTTGACCAGCCTCGTGGATTGAGCAGGTCGTGGATCTGACGCATTCGCCCCGCATGAAAATGCGGGGCGAATGCGTATTCCAATGCCGACACGCACAGTGGACATCCCGAATGTGAATAACCGCTTGGGTGTCCACATTCGACACCAATGCAAGCCGGGTTATCCACAAATCTTCAAAGCCGGTTGCATGCGTGCCGCGATGTTGCTGGACTTGGAGCATGGACATTACATCACAGCACAACAGCACATCGCCGACACTGGCGACCATACCCACGCAGACAGTCGTGGACGCGGATACCTTCGAGCAATGCAAGGCCATGCTCTTGGCCCCGGACCTCACCGCCAAGCAGATCGGCTCCCTGGGAGAGCGGCTTTGCCGGGCATGGCTGATCGAACATCATTGGCACGTGTTGGCCTGCAACTGGCACTGCCGGTTCGGCGAGATCGACATCATCGCGCTTACCTCGCACAGCACCATCGTATTCGTCGAGGTCAAGACGCGTAGATCCACATCATGCGGCATCCCCGAGGAGGCAGTGCATGCTGCCAAACAGATGCGTGTTCGTCGGGCCGCAATATGCTGGCTCGGTGAGCATGGATCGACCATACGCCACATCGGAGTGCGTTTCGATGTCATCGCCGTCACCGTCACACCCACCGACGTCTTCATTCATCATGTGCCGGAGGCGTTCTGATGGCTCTGGGAACAGCATTGTCAGTCGGGCTGGTGGGGCTCAAGGCCTTCATGATTCAGTTGCAGGCATTCATCTCTCCTGGCCTGCCGTTCTTCTCCATCATCGGGCTGCCCGACGCGTCGCTGAGCGAGGCCAGAGAGCGCGTGAAATCGGCATGCACCGCAAGCGGCTTCAAATGGCCCCAGACCCGGGTGACCGTCAACATGTCGCCGGCCTCGATGCCCAAACGAGGTTCTTCACACGATCTTGCCATCGCCGCCAGTGTGCTCAGCGCCTCGGAATTCATAGAGCCCGACGCGTTGGACAACACTGTGCTACTCGGCGAGCTCAACCTCGATGGCACGGTGCTGCCCATCAACG
CP180383.1_gap18	1223211	1226866	3655	CATGGACCATCTGCGATCTCGATGGACGTACAAGTCCGAACCTTGACGATGTCGACCGCGCGCTCTCGTTGCGCACCACTGAAGTCAACTGAACCTACCCGGCCCCACCTTGAAACGGAGAAGACATGACCGCCCTCACCCATCAGACCACGTCACAATCACACACGGCACCCGCACAACCCACGTTGAGCGCCAAGGCGCTGCTGCAGTCTGACGACGAAGCGCTCGCCCGCATGTTGCTGACCCACTGCAGCGAATGCGCCAATGCGCTCATGACCTCGTTGCTGAAGGGATGCGACAGCGAACATCCAGGTGTGGAGGCACTGCGCGCGCTGCTCATGGTTGCATGCGCCACCACCGAACAGGAGCAACGACGCGCACGCAACACCTTGGAATGCATGTTCATTCTGGGCACGGCACGCTGGGGCCGCAAGGCGCGCAGCGAAGGCGTGGCATCCTTCCAGCTGGCCTCACAACGGTGGATCGGCCGCCTGCTGCAGCTGCCGACCTTCGACCCGGATGCGCTATGCGCACTGTTCACCGGACAAGGCGCCTATACCGTTGTCATTCCCGGTTCGCCCTACTGGCCAGAGTCGTTGGAGGACCTCGACGTGCGCTCTGATTGGGCGCCTCCACTTGCCTTGTGGGTGCAGGGCGACGCAACGGCCCTCACATCATGTGATCGCCCGGTGTCCATAGTGGGTTCGCGTGGCGTGAATGAATATGGGCGTCACGTTGCGAGGAACCTGGCCTGCCAGACGGCCTTGAATGGCCATCTCGTCGTTTCCGGCGGTGCCATGGGCATCGATGCCGCGGCGCATTGGGGAGCGCTCGAGGCCATGAATCAGCTCGGAGCCAAAGTAGCCGGAAGAACCGTGGCGATATTCGCCGGCGGACTCGACCATTGTGGCCCCACCACGAATATGCGGCTCTTCGAGCAGATCTGCGCCCAGCATGGAGCCTTGGTGTCGGAATGCACCCCGAGCACGATACCGGAGCCACGTCGGTTCCTGCTGCGCAATCGGCTGATCGCGGCACTGGCCTATTCGGTCGTGGTCGCACAGGCCCGGCTGCGCTCCGGAGCGCTCAATACGGCAGGCTGGGCGAACGAGATGAACCGCAGGCTCTTCGCAGTGCCGGGCGAGATCACGACACCCGCGCATGCCGGGTGCAACAGGCTCATCGCCGACCAGCAGGCGTCGTTGCTCTCCAGCACCTCGGACATCGAGCAACTGTGCCATGAGACCCATGCACCGAGCATCAGACCATAAACGTCAGGCCCTATGGCAGAATCGAGGTATGAGTCCAACCAAGGTTGAAGACATGTATGATGCGGTGATCGTGGGTGCGGGCGGGGCCGGTCTGTCCGCAGCGCTGGGATTCTACCGCAGCCAGGAGGTCGCTGATCTCAGGGATCGGGGCATCGAGCCCAAGGTGTTGGTGATTTCCAAGTTGCAACCCCTGCGATCGCATACCGGATCCGCCGAAGGCGGCATAGCCGCCAGCCTCGGCGACATGGAACCCGACGAATGGCAATGGCATTACTACGACACCGTGAAAGGCGGCGATTGGCTCGTCGATCAGGATGCCGCCAAGTTGTTGGCCAAGGAGGCCGCCCACACCGTACGTGACCTGGAGCATGACGGAGTCGCCTTCTCCCGTACCGAGGATGGAAGAATCGCCCAACGGCGTTTCGGAGGCCATACCAGCGACTTCGGCAAAGCCCCGGTCAAACGTGCCGCCTATGCCGCCGACCGGGTGGGCCACCAGATTCTGTTCGCCCTCTGGCAGCAATGCGTGGCACAGGGCGTTGCATTCGCTGAGGAATGGTACGTGACCGATCTTGTACTCAACGCCGATCATACGGCCAGCGAAGGTGTGGTCGCCTACGACGTCGCCACCGGCACGACCCATGCCATCGCCGCGCGCAACGTGCTCATGGCGACCGGCGGTGCCGGACGCCTGTTCCATACGACGTCGAATTCCCACGATCTCACTGGCGATGGCATGGCATTGGCCTTGCAGGCGGGTCTTGATCTCGAAGACACCGAGTTCCTGCAGTTCCATCCCACTGGTCTGGCGCACACCGGAATCCTTCTCTCGGAGGCCTCGAGGGCCGAAGGTGGCGTATTGCGCAATGCCACGGGAGAGGCATTCATGGAACACTATGCGCCCGAGCACAAGGACCTGGCCGCGCGTGATGTGGTTTCAAGGGCCATTCGCAGCGAGGTTATGGCCGGGCGGGGCGTCGCCGACCCGAAGGATCCGGAAGGGCCCAAGGACTGTGTATGGCTCGATATGACCGGCATCGACGCCACCCGAATGCATGAGGTGCTGCCACAGGTGGTCGAAACGATCCGGGATTATGCCGGGCTCGATCCCGCCACGGACCTCGTGCCGGTCAAACCGACCGCGCATTACACGATGGGCGGCATTCCAATCACCGTCGATGGCGAAGTCTACATTCCCACAGCCGACGGGCGTCAGATTATAACGGGAATGTATGCGGCGGGCGAATGCTCGTGCGTCAGCGTGCATGGAGCCAATCGCCTTGGAGGAAACTCCCTGCTCGACGCATGTCTGTTCGGCACTCGCGCCGGACGCTCCATCGCCACCCGAGTGGCATCCGATCCGGTTGCCGCATCGGATGTGGAAGGTGACACGCACGCCCTTGCGCAGGAACTCGTCGATGCGTCGAATCGACGCAAAGGCATCATCGACACACTGCTCGAATCCGCTGACTCTGCAGAGGGAACGTCCCAGAGCGACAACGCCTATGCGCTCATCGCCGATCTCGGCACCTTCATGGAGGCGCATGCAGCCGTGGTCACCGACGCCACTTTGCTCGACAAGGCAATGGCCGCATTACGAAACGACCTCATTCCACGTTCTGAGCTACTGCATGCCCATAGCGATTCCAAAGTGTTCAACCAGGAGATCACCGCGATTCTCGAGGCGCATCATCTCTGCGAACTCGCGCTGGCCATGCTCACGGCCACACGCGCCCGTGAGGAGTCCCGCGGCTCGCTCTATCGCAGCGATTTCCCCGAGCGTAACGATGCCGAATATCTCAGGCATTCATTCGTGAACCTCAACGGCGACGTCAGCTGGGCGCCGGTGAACATCGTAGACATCGAACCAGGCTCGCGCTCGTACTGATTCCAGCCGTGACCGGCGCAACCGTGTGAATGTTGCACCGGTCACGGCTTTTGCATGCGCGCGCATATACAATATGAGACAGTATTCGACACTGTGGAAAGGCATTGCATGAGCTCCCCATCCTCCGTCATCCAAGCGACGGTGACATTGCGTGTGCACCGCTTCACCCCGCGTCCCGAACGGGAGCGCCGACATTCGTCAAGTCCGTTCGGCAGGCGCGGCGGCTCGCCGTTCGCGGATTCCGCACGCGCCGGCAGGCCACGCGGCAAATCCTGGGTGCAGGAATACGAGTTGCTCGTGCGTCCTGAAGACACGTTGCTTGACTGTCTGCTCACCATCAAACGCGATATCGACCCGACACTGGCATTCCGCTATTCCTGCGGCCATGGCATGTGCGGTTCGGATGCCGTCGCCGTCAACGGCACACCCACGTTGCTGTGCACGGCACAAGTGCAGGATTGGGTGCAGCGGCTACCCAACATCTCCTACCCCGACG
CP180383.1_gap19	1232910	1233551	641	TTGCGCGCGATCTTGTCTACCTCGTCGATGTAGACGATACCGTGTCGCGCACGGTCCACGTCGCCGTCAGCCGCCTGCAGCAGACGTGACAGCACCATCTCGACGTCATCGCCCACATAGCCCGCCTCGGTGATGGAGGTGGCGTCGACGATGATGAAGGGCACCTGCATCGCCTTCGCCAATGTCTGCGCCAGGTAGGTCTTGCCCACGCCGGTCGGTCCAAGCAATAGTATGTTCGACTTCGCCACACTCACCTCGTCGAGCGGATCGAGAATCGAACGTGTCGAATCCGCAAGCCTGGACTGCTCGAACTGGCGGTGTGCATTGGCATCGTGGCGTTCAATCTGCGCGCGTTTGAAATGGTTGTAGACCGCCACGCTGAGTGTGCGCTTGGCGTCGTTCTGCCCGATCACGTATTGGTCGAGCACATCGCGAATCTGCGAGGGCTTCGGCAGTTTCAACACCTCAAGACGCGAGTCCTTGGCGTTCTCCTCGCTCAGGATCTGCACGCAGAGGCCAATACATTCGTCGCAGATCGCCACGCCGGCACCGGCCACCAGACGGTGTACCTCATGCTCGCTTTTGCCGCAGAACGTGCAGCGCTGCACGCCGTCGTTATAGCTGACCACACGTCCCATATT
CP180383.1_gap20	1336122	1337235	1113	TGTCTGCGCAGCGTTGCATGTTGGGAGGGCATCGTTTTCGGGAAGGAGCGCGAATGAGATTGCCGGAACGAATCCCGGTGGGAGCGCGCGTGGTCGTGCGCATCACCGATGGCGTCGACGAGTACACTGGTCGACACCAGTACCGTGACTATGTGGGCCATGTGCGTGCGTGGGATGGCAGAACACTGCAGCTGACGCGCGATGCCGCGGCGAACGGCAGCAGACCCGCACAGGACGTGGATATATCGGCGACCGACATCGCCATTCTCAAACCGGTGCCAGAGCGCCCGGCTGCCCGTAGATGAGCAGCCAGCAACACGTCAGGAGCGAATGCTCGGATGCTGCTCGGCGATCAGGCGGTGCCCGGAGGTGAAGCGCACAATGTACTCACCCCGTTGGGCGGATTTGAGCAGCTGTTCGCGCCAATGCTCAGGGTCGATGCGCAGCGACTGGAAGATGGTCTCGGTGCTGTCGCTCACCTTCCCCGCATTGATCTGCGCCTTGTAGTCGCGATATGGCTGCCCCTCGGCGAAGAAATGGCGAATCTCGGTCTCGTCTTCCTCATGCAGGGCATTGGCGAACTCGCTCAGCCAATCGATCATGCGATGCAGCAGTTCCTCCACATTATGCGCGTTCTCGACCACCATGGCACGCGTGCGATCCGGGTCGGTCAATGCCACGCGGGTCATGTCGCGCCAAGAGCCGGCAGAAAGTGCCGAGGCGATGGCGTTGTTCGCATCGCTCGTCATCTCGTTGATGAGCGCCGTGGACAGCACATGCGGCATATGCGAGATGAGCGACGCCTCGCGGTCATGGGTCACATCGTCAATCACGATCATCGTGTTGCGCACGCCGCGTGTGATCATGCCGGCGATCTGCACAACGCGCCGGTACTGCGTGTGCAGACCGAATGTGACCGCCCACAGCGCGTCATCGAACAGTGTGGGGTCTGCGGCCACCCAGCCAGAATGCTCGTTGCCGGCCATCGGATGCGCTCCCACGTAGCAGTCAAGCAGACCGACTTCGCTTACCTGTGTGCGCACGGGCCCCTTCACCGAACCGACGTCGGACAGCGTGGTCTTCTGTGGATTGATGATCGGTTTGATCGTCTGC
CP180383.1_gap21	1420528	1423905	3377	ACAGGCCGGTCTCACGACGCACACGGAAGCGATCGCCGAGGGTCATGAGGGTCACGCCGCCATTGTCGTCGACGATGGCAAGCCTGACCTCGCAGGCACCGGGATGATTGGAGAGGATCTGCGAGAACTGTTCGAGCCGTTGCATATCGAGGGCGTGCGCAGGCAGCTGGACGAAAACAGGACGGTCCTCACCGGCTTCGATGACGGGCACCATGAGGTCGGTGGCGCGCAACGAAATCGTCTCGTCACGTGCCTCGACCATGCCACGCACCTGCACGATCGTGTCGATGGCGAGTTCCGCCGCGTGCGCCTCGTACACCTTGCCGAACAGCAGGCATTGGATGGAGCTCTCCATGTCTTCAATCGTCACGATCGCCCATCGGTTGCCTTTCTTGGAGACGCGTGAGTCGACGTTGGTGATGAGCCCGGCGACCATGACCTGACTGCGCTCGGGCATCGTGGGAGCACGGTCGATCAGTTGCGCGATGGACATGTCACGCAGGCTGGCGAGCACGGACTGCATGCCTGAAAGCGGGTGGTCGGACACATACAGGCCCAGCATTTCGCGTTCGAAGTTGAGCTTGGTCTTCTTGTCCCACTCCTCCACGTCAGGTACGCTGATCGACACGTCGCCAAGCGCTTCGGCCTCGCCATCGTCGGCACCGGCGTCGAGGTCGGCGAAGAGGTCGAACTGCCCAGTGGCCTGCTTGCGTTTGAGGTCGGTGACCGAGTCGATCGCGGCCTCGTGAATCTGGTAGAGGGCACGCCGGTTGGGGTCGATCGAGTCGAAGGCACCCGCCTTGATCAACGATTCGACCAACCGCCTATTGAGTGCGGTCAGAGGCACACGGCGAATGAAGTCCATGAAGTTGACGTACCTGCCGTGGCTGCCCTGACGCTCGGCAATGATGTCGGCGACTGCCTTTTCACCCACGTTCCTGATGGCACCGAGTCCGAAACGCACCACATCACCGACGGCGGAGTAGGCGTACACGGATTCGTTGACATCCGGCGAGAGTACCTTGATGCCCATGCGGCGCGCCTCGCCTAGGTACAGGGCGGTCTTGTCCTTGTTCGTGGAGGCGCCTTGCAACAGGGCGGCCATGAACTCGGCCGGATAGTGCGTCTTCAAATAGGCGGTCCAATACGAGATGAGCCCGTAGGCGGCGGAATGCGCCTTGTTGAACGCATAGCCCGAGAACGGCACGAGCACGTCCCACACCGCCTGCGCCGCCTCGCGGGAATAGCCGTGCTCCTTCATGCCTTCGAAGAACGGCACCTGTTCCTTGGCCAGCACCTCGGGCTTCTTCTTGCCCATCGCGCGCCTGAGCACGTCGGCCTTGCCCAGCGAATAGCCGGCCAGAATACGGGCGGCGGATTGCACCTGTTCTTGGTAGATGATCAGGCCGTAGGTCTCGTCGAGCACCTCCTTGAGCGGCTCGGCAAGCTCCGGATGGATCGGCTCGATCTTCTGCAACCCGTTCTTGCGTTTCGCGTAGTTCGTATGCGAGTCCATGCTCATCGGGCCCGGACGGTAGAGGGCGATCAATGCCGAGATGTCGTTGAAGTTATCTGGCTTCAGCTGCTTGAGCAGCGCACGCATGCCGTCGGAATCGAGCTGGAACACACCCAGCGTGTCGCCGCGCGACAGCAGTTCGTATGTCTCCTTGTCGTCGAGCGGAATCTTCGTATGGTCAATCGGTTCCTTGCCGTTGGCCTCGATGTTCCTGAGCGTGTCACCGATCACCGTCAAGTTGGACAGACCCAGGAAGTCCATCTTCACCAGACCCAATGTCTCACACGTGTGGTATTCGAATGTCGTCGTCACCGTGCCATCCGTGCGCTCCAGCAGCGGCGACGTGTCAGTGATCGGCTCCGAGCCCATGATCGTGGCGCATGCGTGCACACCCGTCTGGCGAATCAGGCCCTCGATGCCCATCGCCTCGTCGGTGATTCGCTTGGCATCGGGATTCGACTCATACAATTCGCGGTATTCACGCGCCTCCGCATAGCGTTTCGCACCTGGATCGAAAATGTCGTGCAGCGGCACGTCCTTGCCACCCGTTGCCGCCGGCGGCAACGCCTTGGTAACCAACTCGCCCATCGAGAACTCGTAGCCCATGATGCGCGCTGAATCCTTGAGCGCCTGCTTCGTCTTGATCGTGCCGTAGATCACGCATTGCGCCACCTTGTCGTGCCCGTATTTGTCGCCGCAGTACTCGATCACCTTCAGACGGCCCTCCGGGTCGAAGTCCACGTCGATATCCGGCAGCGACACGCGCTCCGGGTTCAGGAACCGTTCGAAGATCAGACCATGCTCCAGGGGATCGAGCTCGGTGATGCCCATTGCATAGGCGACCATCGATCCTGCCGCGGAGCCACGGCCCGGCCCCACCATGATCCCATGGTCTTTGGCCCATTGGATGTAATCAGCCACCACCAGGAAGTAGCCTGGGAATTGCATCTGGCAGATCACACCGCACTCGTAATCCGCCTGCGCCAGCACATGCGCCGGCACATTGCCCTCGTACCGCCGTTCGAGGCCCTCCTCCACTTTCTTCAGGAACAGCGAGGTCTCGTCCCAACCCTCCGGGCATGGGAACTTGGGCATGAACGCGCCGTCCTCGTGGTCGTCGAACATCACATTGCAACGTTCCGCCACCTCGATCGTATTGTCGCACGCCTCGGGCAGGTCGCGGAACAGCTCGCGCATCTGCTGCGCGGAACGCATGTAATACCCTTCTCCATCGAACTTGAACCGGTCCGGATCATCCAGGTGCGAGCCTGAATTGATGCACAGCATCGCGTCCTGCGCGCCAGCATCCTCCTCGTGGACGTAATGCGAATCGTTCGTGGCCAGCAGCGGCGCACCGAGCTTCTTCGCGATCTCAAGCAGGTCCTTCGTCACCTTGCGCTCGATCTCGAGATTATGGTCCATCAGCTCAATGAAGAAATTGTCTTTGCCATAGATGTCCTGCAACTCACCCGCCGCACGCAAGGCCTCATCGAACTGACCGAGGCGCAAACGGGTCTGCACAATGCCTGACGGGCATCCCGAACCGCAGATCACGCCTTTGCTGTAGGTGGAGAGCACCTCCTTGTCCATACGCGGATAGCGCATCACACGTCCTTCGAGATTCGCCACCGAAGAGGCCCTGATCAGGTTCCTCAATCCTTCGTCGTCCTCGGCCCACAGCGTCAAATGCGTGATCAGGCCTCCACCGGACACATCATCACGCCGTTGCGCCTCCGTGCCCCAATGCACGCGCGATTTGTCTTGCCTCGCCGTCTCCGGCGTCACATAAGCCTCGATGCCGATGATCGGCTTGACATCCTGCTTCACCGCCTCGGTGTACATCTCATACGCGCCATGCATG
CP180383.1_gap22	1433714	1434251	537	GCGGCGTATCTGGCGCTCCACTCCCCCACCCACACGGGGGCCGTCGCGGTCTCCGGCGAGGTCGATCTCGTCACCGACGGACGACTCGTCTACCGACTTCCCGGTGGAAGCGCGATGATGACGAAGATCACCGGTGCCGGGTGCTCGCTTGGGGGTGTCACGGCCACCTATCTTGCAGTGGCCGATCCACTGGTGGCATCACTGGCCGCCTCGATGCTCTACAACGTATCTTCCGGAGCCGCCGAACGAGCATCGCATGGGCCGGGATCGTTCCAAACCGCGTTCCTCGACGCTCTGTGGAACGTTACGCCGGAGGAAATCGCCTCCGCACCGCTCTATTTGGCCTAGAATCTGCCATGGCACGGCATGCCGGCACACAACAAACGAATCAGGTGACACAATGAACTCGTTCCCATACCCATCCATGCGCGACCGTTTCGACCTGCGCTTCTATTTCGTGGTCGGCCCCGACGATTGCGGCAACCGGCCGATTCTCGACGTCGTGGCCAAGGCCCTCGACGGAGGCGCCAGTTTCAT
CP180383.1_gap23	1443025	1444046	1021	CTCGCACAGCCGAACGTCCGACTGCATGGCGTGAGCGCCAGCTACGGCAACGTGCTCGAGCAACCGGCGGCGCGCAACACCCGCGCTGTGCTGAGTCTGCTCGGGCGCTCGGATATACCGGTGTTCGACGGCGCAAGGCATCCCTCATGGGCACCGTATTTCATCGCCGACGCCGGTTGCGCGCAATTCCACGGCAGCGATGGTCTGGGAGATGTCAGCACCGGCGACGGCGACAATGCCGACTTCACGCCGACTACGCCCGGCGAGACGCTCGCCAGTGACGCGAATGGACTCGTCACACTCACCGCACCACAGATTCGCAACCTCACCGAGTGCGGCACTGCGATCTCGGTAGGAGGTTACCAAGTGGGCGAGAAGCACGCCGATCTGCCCACGATGCCAGAACTCACGATTCCCAGCGGGTCTGCGCACACCCCCACTCCCGAGAAACTCGAATTCCCGCAGGAGAGCTGCTCGCAGGCCACCGCCGGTGCGCGCATGATCGTTGACGCCGCCCGCGCATTCGGCCCCGACCTCACGATCCTCGTCACCGGGCCGCTCACCGACATCGACACCGCGCTCACACTCGACCCGGAGGCGGTGCGGCAGGCGCGCATCGTGTTCATGGGCGGCACCCTCACGCAGGAAGGGAATTGCTACGACCTCGTCTGCGAAACGAACATGATCCAGGATCCGGAAGCCGCAGATCGCGTGCTGCGCAGTGGCGCGGACGTGACGATGGTCGGGCTCGACGTCACCCACCGCTGCCTGCTGGGTTCCTCCGACATCACCCCTTGGAACGCGGCGCATACCGAGGCCTCACGGTTCCTCACTGCGATTGCGGAGTTCTCCATTCGCGCGAACGCGGCCAGCGAGCCGATCTTCGCCGCCGGCATGCCGTTGCACGATCCGTTGGCCGCTGCGGTGGCGCTCGATGCGACGCTCGTCGGCACGCTCGACCTGCCCATGTGTGTGGAGACGAGAAGCGGCGACGGCACCGGCGTGCGCGGCCGCACCATCG
CP180383.1_gap24	1533919	1537142	3223	CCGTTCCTGCGCGGTTCCCGAGTCCAGGGGAACGCTGCCGAAAGGCATGTTCGTGGCGAAAGTGGCCGTCTCGGCGAAAACGAAGCAGCATCTCATCCACGCCATCGACGGCATCACGATGCTCGCCATTCTGCGCGCCGCAAACACAGGCGTGGAACAGGGGCGCCGGATTCCCGAAGTACTGGTAATCGGCCTGCGGCTCGCCGACGGCATCGAGGAGGCGCCGCATGACATCGTCGAGCTCATTCAGGCACAGCGCAAATCGGGCATCGTGTTCGTCTGCGTGCGCAACGTGGAATTCGAAGGCGCCATGCGCGAGGAAGCATGTTTCGTCGTGCGTCGCCCATTGAGCGAACGCAGTGGGCATGCACCCACATTCCATGAATTCGCGAGCGCATGGATTCCCTCCGGAGAAGCCCTGCTGGAGATTGCGGATGCCGCTGCCACCACCGACGACCTGTGGGATTCGCTGTGTTCGCAGGTGATCTTCGGCAGCACGGATTTCGCCGATCTCGACGCGCGTATCGTACGCGCGAGCAGAATCGCCCAATTGCGCACGCAGATCGCCAAACTGGAGGGCGACCATGCCAGGGCGAAGACGCAGGAGCGGCGCAACGAGGCGCATGCCAAGCTGCGCAAGGCCCGCGCCCAGCTCGAGTCCCTCGAACAGTTGTAGCCGAGTCGTGCCCATTCAACGGCGCAACGAGGCCACGAAATCGCCCAGACGCTCGAATCCGACCTCCAGATCGCTCATCGATGCGGCATAGGAGAGCCGTACATGCGTGCTGCCGGTGGCAGGTCCGAAATCACCGCCCGGCGTCAACGCCACATGGGCCTCATGCAACGCGCGTTCGCAGAAGGTCTGCGCATCGAGGCCGGTGGAGCTGATGTTGAAATACGCGTAGAACGCTCCGTTCGGCACCACTTCCAACGGCAGTCCGATGCGGGCGAGAGCGTCCACCACGAATGCCCGGCGTTCCAGCAGTTCCTGCCGGCGCTCCTCGCATATGCGCAGCGACTGCGGTGTGAAGCAGGCCAATGCGGCGTACTGCGACGGCGTATGGGCGCCGAGGAAGAAGTTCGTGGCCAGATTGTCCACCGCATCCAAAGCGAACTCGGGAACCACCATCCACCCCAAACGCCAGCCGGTCATGCCGAAGAATTTCGAGAAACTGCCGCACACCATGGCTTCAGGGTCGACGGCGAGCGCCGACTCCACACGGCTGCCGTCTGCCTCCACGTCGGTCAGGTCCAAATAGGTCTCGTCCATAATGCGCCATGCACCATGGTGTGCCGCGTACGCGCATACGTCACGCAATACGTCGGGCGCGATCGTGGTACCGGTGGGGTTGGAGGGCGACGTGATCATCACCGCGCGTGTGCGCTCGCTCCAGTATTGCCGGACGAGCGGCTGATCGAGGTGGAAGCGCGTCGCCGCGGACGTGGGCACGTCGACCACCTTGCCGCCGAAGGACCGCACCAGCTCGCGGTTCGACGGGTACGACGGGTCTGCGATGATCACCTCGTCGCCCTCGTCGACGCTCAATGCGGTCGCCAGCAGCAGTGCCGCCGAACCTCCTTCGGTGATCACGATGCGTTTCGGATCGACTTCGACGTCATGCGCCGTCCGGTAGAACCGCGCGATCGCCTCACGGAGTTCCGACAATCCCATGGAATCCGAGTACGGCAGTGGACGGCCGTCATACAGGTCGCGCATCGCCTCACGCACTGGTTCCGGCGCACCGTAATCGGGTTGCCCCAGACTGAGGTTGATCACATCGACACCTTGCGCGCGCAGACGCTTCGCCTCATTGCTGATTCGCATGCCCATGAACGGCCTGGCCAATGCCGCGCGTTTCGCAAACGGCGGCCGCATGTTCTGCCGTTGCGAATCCTTCGTCTGTTCGTCTGCACCTGTCATATGACACTCCTTCGCCCTGAGCTGCTCACTGTTGCCCAGTATCTGCCGTTTCGCCGCCGTTTTCAACCGCTCCCTCTACGGGCGCATCCAGAATCTGCGATGCCAGCGATTGCAGGCGCGCGTCACGCGACTGCCGTTCCAGCTCGCATTCCCATACGTCGATCACCCGCCAGCCCATGGCCCGCAGCTGCTCGTGCTGGGCTCCGTCGCGCTCGCGGTTGCGCGTGAGCTTGGCCGTCCAGAATCCCACGTTCGACCCCGGCATCTTGAATTTCGGGCAACCTTCATGCATATGCCAGAAGCAGCCGTTCACGAAGACGATTGTGTGGTATTTCGGCAGCACGATGTCGGGATGGCCCGGGTAACGCCTGTCGTTCTTGCGGAATCGGAATCCCCGTGCGAACAGATAGCTGCGCACGAGCCGCTCTATTGACGTGTCCTTGCCGCGAATGCGCGACATCGTGTAGCTGCGCGTGCCTCGCGCGTATTTGGAATCGCCAGAATCTGCAGATGTGCCCACGCAACCATTATCACCGGTCCCGCGGATCGCCGAACGCACACGATTCCTTCACATAGTGAGCAGACTTCGCCGTTCGCATACCGTTTCGCGGACGATTCATGCAACCGTGACAGTATGGAACAACAATATGGTGGAGGGAAACATAAGGAGGCACCGTGGGATTACGTAATCGACACACCCAGCCGGTGTATTACAACGAACTGTACGATATTGAGGATTTCATTGGCACGAGCTGCCTGAACAACGACGATCTGCATGCGCCCACGTTCCTTTGGGATTCCTCAATCTGCGAGGAGTCGCGTGACGACGACGCCGAGCGTCTGGGCACGCCGGTGGCGCCCACGGACGAAGCGGAGACGGTGATGACGCTGTCGATGCAATGGTATTTCGACTCGCTCGCCGCCATTGTGCCGGGTGCGCAACGCACGGGTGACGGCATCGAGATGCCGCTTCGCGATATGCCCACCTTCCGCATTGATTCGCAGGCACTGCAGGGGGTGAGCTGCGTGGTGGGCAACGCGGTGGCGAGCAACCATTGGCTCGACGCTGTGAACAATCTGGCACGCGCGCTCGAAATCACCGCCGAGTTCCTCAACAACTGCGCCGACCGCGACAACGAGGGCCTGGACTTCCTCGAAGACACGATCATGCAGGTGCAGGTGTACATGGATTCCGTGGCCCGCAATGCGAGCCCGGACGTCGCGGCCACCGCGCTGCGCCGCATCACCGACGTCGCCTGCAGCAAATACTTTCATTTGAACGCCACGAAGATGATCGAGCTG
CP180383.1_gap25	1540288	1541267	979	GAACATGTTCAGACCTTTCTGGAATTCGCTGATTGACGTGCGCTCACAATGCGAGCTCGTCGGCGACGATCTGCGCCAGACGCGCAGTGACCTCGTCGGCCTGTTCCTGCGTGGCGGCCTCGGCCATCACACGCACGAGCGGTTCGGTGCCGGACGGCCGCAGCAGCACACGGCCCGTATCGCCGAGCAGCTCCTCCTCGCGGGCGACGGCTTCGAGCACGGCCTTGTTCGTCTTGGCCGCCATCTTGTCGACATTCGGCACGTTGATGAGCTGCTGCGGCAGCTGCGGGAAGTCGGCGGCGAGCTCCTTGAGGGACTTGCCCGACTTCACCACCTCGTTGCACAGTGTGAGCGCGGTGAGCGTGCCATCACCCGTGGTCGCGAACTCGCGGTTGATCACATGGCCGGACTGTTCGCCGCCCAGGCTGTAGTCGCCGCGCAGCATCTCCTCGAGCACATACCGATCGCCGACGTTCGTCTGCACGGTGTCGATGCCCATCTCTTTCAATGCGAGCTTGAGCCCCAGATTGCTCATGACGGTCACGACGAGCGTGTCGTGGTTGAGCTTGCCCTCGCGCTTCTTGGCACGGGCGAGAATGCCCATGATCTGGTCGCCGTTGACCATGTTGCCTTCGGCATCGGCGGCCAGGCAGCGGTCGGCGTCACCGTCGAAGGCCACGCCGAGGTCGGCGCCCGAGGCCCTCACCATCGCCTGCATCGACTCCGGGTGCGTGGAGCCGGCGTTCTTGTTGATGTTGTAGCCGTCCGGCGAGGCGTTGATCACAATGACGTCGGCGCCTGCGCGACGCAACGCCTCCGGGGCCACCACCGAGGTGGCGCCGTTAGCGCAGTCGGCCACCACTTTGAGGCCCTTGAGCGGCTGCTCGTTGCCTTCCGGGGCGATCGCCGAGACAAGGTGGTCAATGTACAGGTTCGTCGCGGTCGTCGTATCGTGGCTCACACGCCCCACACCGGCGCC
CP180383.1_gap26	1546162	1548670	2508	GAGCGAGCCGGCCGGCGTGCGCACGCACACGGCGAGCGCGTCCGGAATCGAATGCGTCACCGAGACGAATTCGAGGTTGAACGGACCCACCTTGAGCTTGTCACGGCCTTCGACCTGCGTCATCACCGGCTCGATGCGGTGTTCCCTGCACTTCGCCTCCACGAATCCGAGCGTGAGCTTCGAACCGATGAGCGGAATGTCCGGACGCATCTTGAGCAGATACGGCACGCCGCCGATGTGGTCTTCATGGCCGTGCGTGAGCACCAGCGCATCCACCTTATCGAGACGGTCCTTGATGTAGTTGAAGTCAGGCAGAATGAGGTCGACGCCCGGCTGCTCCTCTTCCGGGAACAGCACACCGCAGTCGATGAGCAAAATGTGGCCGTTGTATTCGATCACATTCATGTTGCGGCCGATCTCACCCAGACCGCCGAGCGGCACGATGCGCATCGAGCCCTTGCGGTACTTCGGCGGTGCGACGCGGTTCTCGTCCTGCGTGTCGCTCGTGGCGAGCGGCTTGTTCACGTTGATCTGCTTCCTCACCCGTGTGGACGTATTGCGGGTGGACTTGCGCGTGCGCGGGCTCTTCGCCTGGCTGGCCGCCGACTTAGTGCTGCGGCGCTTCGTGCCGGTTGCGGATTTTCCTGCGGAGCGTTTCCTCGTTGTCTTTGCTTCTTGTGTTGCCATGCTACTTTCTCTTCGCATTTCCTTGATTATTGCCGTTGCCTTTGCAATCGGCGAGGTATAAAAACCAACGGCTGCCGCTTGGGCAACCGTTGTGTGCGGATCATTCCGGAATGAGACCGGATGCCCGCAGGCCGTCGCGTACGACTTCGATCTGTTCGTCGTTCGGCCCGATGTTCGGCAGACGCATTGTTGTGCATTCCATGATGCCGCGCACCTTGAGCGCCGCCTTTGCCATGACCGCCTGGAACCCGGTGCCGTTCATCGCCTCGATGACCGGCGCGATGCGGTTCGCCAGGCCCTGTGCCTTGGCGATGTCGCCGCGGTCGAACGCTTCGGCGAGCTCGCGCATCGGTTTGGCAGCGGCATGGGCCACCACCGAGATGATGCCCACCGCACCGATCGATAGGAACGGCAGATACAGTGCGTCGTCCCCCGAATACCAAGTGAGACCGGTCTCCATGCGCTTGCGTACCGCTCCGGCGATGTCTCCGGTGGCGTCCTTGACGGCCTTGACGTGGTCGAGTTCCGCGAGATGCACGTAGGTGTCCAGTGCGATTCTCACACCGGTGCGCCCAGGCACGTCGTAGACGATGATCGGCTTGTCGGCCGACTCGTTCACCGCCTGGTAATGGCAGAAGATTCCCTGCTGCGACGGCCGTGAATAGTACGGGCAGACGACGAGCACGGCATCCGCGCCCGCCTCCTGCGTCTGTTCGACCATGCGCACGGTATGCGCGGTGTCGTTCGAACCGGCGCCGGAGATGACCGGCACGTCGACGACTTCCTTGACGGCCTTGACGAGTTCGACCTTCTCATCCATGTGCGTCGTCGGCGACTCACCGGTGGTGCCGTTGACCACGAGGCCGTCGGCACCGTCGGCCACCAGCTGTTTGGCAACCGTCTGGGCCATGTCGAAATCGACATCGCCGTTGGGCTTCATCGGTGTGATCATCGCGGGCAATACGCGGCCGAACGGGGCCGGATCGAGAAGATGCATAATACCGTCACTCATAATTGCAACGGTACTTGCTAGTTCGGACGCGTACCGCCCGTTCGCTCACAGGTCGAGGAATTGATCGAGCCCGACGGTGAGTCCCGGGAACTCGCCGGAATCGACCTTGCGCACGGCGAGCAGCACGCCGGGCATGAACGAGATGCGGTCGAAGGAATCCGCTCTAATCACCAACTGTTCGCCGGCATTGCCGAGCAGCACCTCCTCGTGGGCGTTCAGTCCGCGCAGACGCACCGCATGCACGTGCACACCGTCGATCACCGCACCGCGGGAACCGTCGTCGGTCTGCGTGTTGTCGGGCATCTCACCCAGACCGGCCGCCTTGCGGGCGTCGGCAATCGCGTGGGCGGTGTGGATGGCGGTGCCGGACGGCGCATCGACCTTGTCGGGGTGATGCAGTTCGATCACCTCGGCGGATTCGAAATAGGGGGCGGCGATGCGTGCGAACACGTCTGCAAGCACGGCGGAGATCGCGAAATTCGGCGCAATGAACACGCTCTGCTTGCGACCGTCGATTGTCTCGGTCTCAGCGAGTGCGGCGCGCACCTGGTCGAGCTTCTCGTCGGTCCAACCGGTGGTGCCGACGACGACGTTGACGCCCTGCCTCACGAGCGTGAGCACATTGTTCAGACTCACCGCGGGCACCGTGAACTCGACGACCACATCGGTGTTCTGCGGCGTGATCTGCGTCAGATCATCGCCGGCATCAAGCGCGAGCGCCAACTCGGTGTCGTCGGCGGCACGCACCGCCTCGACCACGTGCGAACCCATGCGTCCCTTGGCTCCGACCACGGAAACTCGAATCATAC
CP180383.1_gap27	1633267	1636253	2986	AGGAATGATACTCCTCCCATGAGCACACAGGTTATAAAAGAGAAGAAAACATTTTTGATAACAAAATTGAATACTTCAACAATTATTGTCATTATCAATGTTGAAACAACTGTTTTCCAAATTACATTCTTTCGTATGCCGAAGGACAGAGTCTTGCTAGCGAACCACGCCGTGGTCGCCGTAACAAAAGTCTCACTCGCAACAGATGCAACAGCCGTGCCATTCTGGGACAACAACGGAATCAAGGCGAGATTGAGAGTAATGTTGATTAATGCACCGCCAATAGTGCAATACAGCAGTTTTTTCTCTTGGTCGAATGCCAGCAGTACCTGAGTGCCAAATAAATTACTAAACCCTAATGCATAGATTAGTAGTGACATAATTTGCATAGTAAGAATGCCTGCGCTATAGGCATCTCCGAAGAGAATAAGAACCAGTTGTCTAGAGGTGCATATAAGTCCAATCCCAATCGGGAGAAAGCAGAAGAACAAAATTTCAAACACACGACTTACGATGCTCGCACATTCTTCGTAGCGTTTCTCGACCTTATACCGACTGATGCGAGGAAGCAACACGCCTCCCACTGCAGTAATCACTGTAATGATGATGCGAATAATTTTATCAGCATTTGTGTAATATGCAACTGCTGCATTATTGGACATCAATCCCAATATTGTCACGTCAAGTAATGTGTACAACTTAATCGAAATGATGGTTGAGAAAATCAAAATAATTGGCTTGATATGTTTTTTCAATTCAATATTACTGAATCCTAAACCAATATTAAGTTTATGTAAATGTCCGACATTGAATATATTATTAAGCCCGATGGCACACACGCCAATTAGTGCATACCAGACATAATCATTTTGGCTCCGCACGAATACGAAAAGCGCTGCAAGAGAAACAAGTTTCACAATAAAACTGCGAACCGCGATAAAGCTATAATCTTCTAACCCCTGATAAATCCAATCAACATTAATGTAATTAAGGAGGATGCTACCGCCGCATACAATGTACAGAACCAAGTTCTCTTTGAAATTTGGAACTACGAAGATCATGGCACAGTATGCAATCGCCGCAAGAGTAGTGGAGATTGCATTGATTGAGATGAGCTCTGTAAATACTCTCTTTGTCCCAGCTTTCGAATCCCGCGCATGCGCAACTTCACGTATCGCGTAGTTGGGGATACCCAGAGATGCGAAAATCACAAAATACGCTACCCAATTCTGGGCCATCGCCACCAAACCTACGCCCGACGGCATAAGTACACGTGCCACATATGATGCAGAAATCAGCGGAAATATAACATTCAAAAGCTGGTAACAAACATTAAAAATAGAGTTTTTAGCCAGTGAGTTACTCATATATACACCAATTAAGCTATTCTACAGAACAGAAATCCCTCTCACGCTTAATGCATAAAAATAGAACGAACATCTTCTATAAATTTATTCTTCTCTGCCTTAATCGTTGACCTGTACCCATCAAAGTCACGCATCCTTCGATCATAGTCGACAAGGCATTCTCGTATCGTCTCCACAATCGCAGGAATACTCGTGACGGAATCCTCGAACTGATATTCCTCGGGAATCGGAACGTCATCATATGCAGCCGATCCTCTTTTCCCGGTAATCACACAGCATCCTGAAATTGCTGCCTCACGAGGGAATCTATCTTTACCGGGGTGATCTCCAAAATCTATATAGACCTTGGAGGTCTTCAATTTTCCCCGAACTTCTTCATTACTCATGTTCTCCAATGGAACCCAGTTCAGATCAGGAGCAGCTTCAATCAATTGCCTAGTAAATTCAATACCTTTTTTTGGATTATATAACACCGCATTATTGCGATATGAGATAGAAGTATCTTCTTGATATTCTTCATTAATGTAGTCGGAGAGATATACGATATTTGTAAAACCGCGTTTCTTTAGATAATCCTCGGCATAATACGATTGAACGAGATTCTTACTTACATTCTTGCGTATATACGAAAACCCGTAGCGCCAAAAACCATGCTTTGTCCATGTAAGAAAATACCTAGTTAACTTGTTCTTAATTATATAATGTAAATTATACCTTTTCAGGTAATTATCTACACTCAACCACCAGCAATACTTGGTCGCATTCTTTAGAAAATGAATATCTTCGATGTTGACTTCGGGAAATACGACAATCGAATCAGCTCTATCAGGAATCTGTTCGAATAAACAATACTTCTTCACATATTTTTTGAAAGCTGCGTTTACAGGAGAGAGTTTATCTTCCTTATTATAGGCTGTGTAAGCAATTATGGCCTTCACCCCATTATTATTAAGAACATGCACCAATTGGTGAAGCAATTCTGGGCCACCACTTTTTGAATACGCAGGACAAACCACGTAAATAGCAGAATAAGCATTATTAGAGACAGTCATAATTTTATAATCCTTCATACATAAAAATTTATAAATTCAAACAGATTGCTTATCAAAATTTATTAAACAGAGTACGTGAATCTCTGATAGCTTTCAGAATCGCCCGCACACGCTGAATTCGATTTGGGTCGAATACAAGGGTATGCACAATAGCGGATTGAGGTGATTGAAGCTGGATGTGCATCCTTTTCAGGAAGGAGCCGTATTTTTCTCGCACATAAAGGAGATTACGAATTTGATAGTAAGTGCGGAAAACCGAATGCCCGCTCCTATGACCCCGCCGAATAACAATTTTCCCTTGCTGTATTCTTGGGAAAGGTAATCCAGATGGTTCTATATGCCCAATTTCATGAGTCAAAACTACCGTATTGATACGATAACTACAATACCCCTTCATCAAAGCTCGAATATCATACTCCGTATCAACTAGATCAATGAACAGCTTTTCGTCAAACCCTCCAATTGCTTTCCATGCGTCCAAGTTGGTTAATGAACCAGATGTGATAGGGAGGAGACACACTTCCTTCTCTGGTAAATCGCTTGTATCTACTCTGACATTGATGTCGG
CP180383.1_gap28	1647938	1649348	1410	TCAGTAATTTATTGCATAATAAGAATATTGCAAAATTTTCATATAATAAATATGTAAGTCCACTTAGAGTGTACTATACTAATCGCAATATTATATACGTGAATCGTAAGCTAAAAAAATACGGACCGGTTGGTTACATCAACTACAATTGCAAAGGTTATTTAGGTTTTATATTTTGCTTTAATTTGCCAAGCCTTCTTCGAGCCCGGCATAAAGGACAGGTGCTATCCGCAATCATAAAGGGCACACGTGCAGGATTGAAAACATACCCCTCTCAATGGGTTGCTCCGACCATAACGGAGGCAGCAAAGGAACATAATGAATGATACAACTGCCAGACAAAACCTATTTGCAGGAATAGTTACTTTCAATCCAGACATTGAATTACTCCGCAAGAACATCGAGGCTATTTGCGCGCAGGTCGACTTAGTGATTATTGTCGACAATGGTTCTCGTAATCTAGAAGATATCCGACCCCTCGCTGACGCCCATCATTGCAAATTGATTCCCAATGCGCAGAATGAAGGCATTGCAACTGCGCTAAATCAAATTGCACTAGCCGGAAAGGGCGATGGCTATTCCTGGATGCTCACCTTGGATCAAGACTCGGAATGTCCTCCAGATTTTTGTTCGACGCTTTCACAGTTTTTCTCAATGAATTCCAGAATCGCTATCGTTGCTCCAGTTATACAAGATCGTGATCGGGGCATTATCGGACACAAACCCGCAGGTACATACGGGGAAGTGCGAACATGCATCACATCTGGCTCATGCACTCGTCTCTCTGCTTGGGAAAAAATCGGAGGTTTTGACGAGAAGTTGTTTATCGATAGCGTCGATTTCGATTTCTGCTATCGTATACGTAAAACTGGATATGTAATCATTCAGACGAGAGAAGCAGTACTGGAACACTCCATTGGAGAGGTTAAGAAAAACAAACTTCTTGGAATCCCCTATTCCGAGCATTCCGCATTTAGGTACTACTACATTTCCAAGAACAACATATATTATCCATTGAAAAACAGGTTGTATCTGCATGCTCTTCGAGGTAATGCTCGAAACATGAGAAATCTTCTTCAGGTACTTTTTTTTGAAGAGGATAAAAAAGCTAAGCTTAAACAAATTGCTCGGGGGTGGGTCAACGGATACAAATAGATTTTCTTATACCCGGTTATCGGTAGTACATGTTTAAGAATGTAGATACGTCTACTTTCAGCACCTCCGGTGCTTCTCTGACGAAAGGACTAACTGTGCAATTCATATTGCACGCCGTACGCATAGCGTCCGTAGCTCAACCAGACATCATAGAGTAGTCTTGCGCCCGATTTTTTAGGATCACCATGATTCAAGCTGTTAGTTATTTCATATTATTGTCTATCTCCTTCTTTAAAAGAAAAAGTTATATTCTGT
CP180383.1_gap29	1660131	1664882	4751	GATCATAGACAACGCCCGACTCTCATGCGCCTGCACCTCCTTCGACTGCCTATATACATTGAACCCCGCGATTCCAAATAGAACAAGAACTGCGACAAACAGACCGACAATACTCAACACCCAAGGCCATACGCGATGATGCCTCTTGACATTAGTCCGTGATACTCGATGCGATGCCATACGCGCCCCCGACAATGATAAGCACCGCACGCCAAAAGGCACGCGGTGCTATGTTATACATTATTTTACGATTTACGATTTTTTCTATTTTTTTCAGCAGGACTACTATTCGAATAATAGTAATAGTTACTATTCTCAAGTGCCTTCTTATTTTCCTTAGCGCAGTTGATAATGACTCCCGTGACAGGCATGTCCAGAGTCTCCAGTTCATCTGCGATCTCGTGCAGATCACGCTTGAGCGTCTGATCTCGGCGGCACACCATCTCCAACGTGCCACCCTGCTTCATGAAGATCACGGCATCGTTCGCCACGACCATTGGAGCGGTGTCGATGATGATGTAATCATACTGCTGCATCGCATTGGCCACCAAAGTAGTCATCAGAGGAGAGTTCAGCAACGTCGACGCGTTCGGTGGCTTCGGGCCAGCCGGTATGATGTGCAGATTCGGCTTCCAGTAGCGCTGAATCACATCTTTGACTGCCGCTTGGCCAGAAAGCACATGGGTCAAGCCAGCAGAGCCATCGATATCGATCTTATGCGCGACGGAGGGGTGACGTAGATCCGCATCAATGAGTAATACGCGTGGACCATCCTCAGCGAGAGCGGCGGCGATGTTCACCGAAATGGTGGTTTTGCCTTCGGAAGCACCTGCCGATGTAACAACCACAAGACGGCAGTTCGTACCTTCCACCGGAGTGGAGAACGAAAGATTGGTGCGGATACGGCGGAAGTCTTCAGCAATCGGACTCCCTGGCTCACTGACTACAACCGGAGAACTGCCAGCAAGAATATCATCCTTCACCACGCGACCGATTATCGGCGCGTCGACAATATCCGTTACATCACTCTCGTCCTGGATTTTCTTGGAAAGCACATCCTTCAGCAATGCCGCCAATATGCCAATAATCAAACCACCTAGCACGCCGACCAGAATGTTGAGACTCCACTTCGGGGAGCTCTGCTTCGTGGGAACCTGAGCCGGCTGCACAATGGAAAGCTTCACTGCGGAATTGGACCCGGCAGTGTACAGGGATTTCTCTACAACATTGCTGAGCGAGGCAGCCACACCGTTTGCGATGCGGGCGGCGGTCGAAGGATCGGCATCAGTTACAGCGATATTCACAAATGCTGTGTTCGTAGGATTCGTTACGGTAATCTGCGACGCAAGTGAGATAGGCGTTGTATCCAATTTAAGCTCGTCCACAACCGGCTGCAATACCGATTGTGTTTTCGCCAAATCAGGGTACGACTTAATCTGACTCATGATATATGAACTGCCGCTGTACTGCTCAGAGGAGTTCGCGGAATCATTGGAACTGTTATACGTCGCAAACAGCTGCGTGGTGGTCGTATACGCCACCGGAGACATAGCTGTATAGAGTATATCCACACCAAGTATCACCACAAAGGTGACGGCAATCGTAATGATATGTTTGCGCAAAATACTCAGTAAATCGACAATGGTCATGCCTTCATGCGCAGGCACTGGAGTTTGCGATTGACTCTGCGAGTAGCGGTTTACCTCGTTCTCGGCCATGTATAACGCTTTCCATTCAAGCATAGAGGCACCGCTCAAGTCAGAACTATCTCTAGGCTTTCGCTTCAACCTCAACGTTTCCCATCGAATATCAACTTTTATATGATATCAATCGTTTGCGACTGCGAAACATTGTGCGGATTCCCCGCAAAAATCACCAAGCATCTTCACATCTTTGTGGCGCAGAAGAACACTCTCTGTGAGGAGTTTCCGGGAATCGCACCAAAGTGCGGTAGCGATGGTGCCAATGCACGATTACAGTCATTCCCAATCGAATATCCTGTAGAGAAAGAGAAATCCCTCTGCCAGTATGGCGCTATGCTCTGGGAACGTCTGACATTATGAGCAACGTGCGGATACTGAACGTGCCTTGGTATTTGTTCTGGAATAGCTATTCGGCGCGGGTTGAGATCAAAGATGCGGAGTCTACAGCGGATATCTTGTAGTGCGCAATTGGAGAGTTCGGTCTCACTGCGACCATGTAGGCGAGGTAAATGTGCCGTGTTTGCAAACAGCCTGCCGCAAAGATCATCGAGTGAGCTCCAACATCGCCGTTGCCGAGAGTGCAGCCTCATAACAGCAACCGAAGCGCCGCCAGGGTGGTCGGTCTTGCAAGCCCAGTCTCAAGGAGGCGCTTACAGCACCGACAAAAGCGCCAATATAGAGAACGGTATCTCAAACAGGCAATTTAGGCGCGCCAACTTCATTTCCACAAACACTTCATGCTGTTTCGTTTACCACGCGAGCAGTTTTGGGGCCATGCGGGAGAATCGGGAATCCTCTGCGATTCCAGCGGTAGAATTGGAACCGTAATCTTGAGAAGGTTCCAGCAGCTGGAGTAATCTGCGACGACGATGTCGCGGACCCGCAACGAAGCGAGGTGCTGTCATGTTCAACGGCAAGAAGAAAGCGCCAAAGAACGACTGGCGACAGTCAATCATGTCGCTCGGCCAAGTCAAGAATGAGGCGAACGAGAGCGAGAGCCAGACGACAAGGCGTATGCCATTCGGCCGAACCGGGCGAACGGATCGGCCACAATCTCAACACATGCCGACAGCAACCATGCCCAATGGTCCGGCCACGGGCATGCAAGTCGCCGCACAAGCCGCTCCCCCGCAGAAACGCAAACGATTCAAGGTGCTGATCTACGCGTTTGCCTTCCTCATGGTGTTTGCACTCGGCGTGGGAGCGGGTTCCTCGAATGCTTCGAAACCGGCGGGAACGGTCCCGTCTGCTGCAGTCGCGCCCACCGAGCAGATCGACGCCAAGGAGAACGACGCCGAATTGAAACGGCGAGAGGAGGCTCTGAACAAGCAAGCCGAGGAACTCGACAAACTGAAGCGTGAGCTCGACGAGCAGCAGAAGTCACAAAGCGAGCGCCAGACCCAACTCGACGAGCGAGAGAAGAGCATCGCCAGCAAGGAGGAGGCGAAGAAACAGGCGGAGGTCGAGGCTGCACAGCGCAAGAAGGCCGAGCAGGAGCAGGCGGCCGCAGCGGAGAAGGCGCGCGCGGAGGCCGAAGCCGCGGAACGGGAGCGGGCACAGGCTCAGGCGGCACAAGCAGCGGCGGAGGAAGCGGCTCGGCAGCAAGAGCAGGCTCCGCAGGTCGTAGAACAGCAGACATCGCGAATAGTGCATCCAGGTGCCTTCTGCTCCACAGCCGGGGAGACAGGCGTTTCGCAGAAGGGCGTCGGATACACGTGCAAGGCAGATAACAGCGGGCGCTTGCGTTGGCGGCGGTGATGGGGTGTGCGGCGGTAATATATCGCAGATCGTCGTAAACCGAATCGCATGCACAATGAAGTGTTCCGTCGATTGCCGGATTTTGGAATGAGAACCGTGCTTTCAAATTGAGTATCCAGATTAGTACCGCGTGCCCTCGGAAGAGAGCATCGCCGCACTCGTCCAAGCCAATCACACAATCATTGTTTTGTATATACCATTTGCCGAGCAGCTCGTTGAGCATGATGCAATCTTGGTCTTGTGCGGACACAAGCGAAAGCCACAGCAGGCGAACTTAAAGTGCCATGCTTGCAATCGGTTGGCCGCAATGGTCATCGAGCAAGCTCTAGCATTGCCGTCGCCGCAAGCGCAGTCTCATAACGACAACCAAGGCACTGCTAGGAAGATCGGTCTTGCAGACGCAATCTCAGCAAAAGCCCTTGCAGTATTCGCCAGATCGTCGATATTGCGAACACTATCTCGGTGAAGCACTCATATGCCATCGTTCGAAATATACACAGAGATACTACCGAACGTTGAGATTATGTAATTTCGATCCTCCATCGGTGCCGTTGGCGCGCACAGTTAGCGACACGGCGTGTGGGTCCGCGACGCGTAGTGGAGGGAGGATTCATATCTGCGTGGTGCGATGCGCCAGATTTACAATCTGGTCCGGTCATCTCTGCTGCGGACAGCCACCGAATCCATGGTCTGCAAATACGTGCTATGGTTTGTGATGGCATGCGTTCCGGTTGCCGCCCCCCTTTGGTAGCTTCTGAGACGCATGCCTCATTCAGATGAGAGCCTGCTCTTCGTCGCAGGTATAGTGGCTCTTCTCAAGTTAGTGTGTAAGGGCCGTGCTTCATCATTGCTTGTGTGATAGAGAAATTGAATGAGGAAACACGGCCTGAACCCGAGTTTAGCGTGTTCGACCCCCAACGTTTCCTTGGTTTGGATGAGATGGGTCTTCGTGTGCTCTCGTGGCGGCGTCTTGGCAGGCCGGACGGCCCGGGGTTAAGGCAGATCAGGTGCGAGCCGGACTCGCACGACGCGCGCTGGTGCCCCTCGTGCGGCGCGTATGCCAGGGTGCGTTCGTCGTGGCTGCGCACGCTGGCGCATGTGCCCTACGGCGACGACGCGGTGCATCTGCTGGTGCGCGTGCGCCGCTACGAGTGCGTGCCGTGCTCACGCTCGTGGAGCGATGATCTTGAGGCGGTGGGCGCCGGCAGGGGCGTGTTGAGCGTGCCGGCGGTGATGTGGGCGCTGCGGCGCGTGTGCCTGGACTCGATGACGGTCTCGGCGTGCGCCAGG
CP180383.1_gap30	1761069	1763313	2244	GCCACCCACAATGCCAGGGCGCCCCACAGCACCCACAGCCACACCTTGTCCATCTCCGGCAGGCCGATCATCACGCCACCGAGCGCGATCACACCCAACGCAAAGATGATCCATTCAACCGCATACCGTTTCATGCCACTCCTTACCGTAATGTTCCACCGTTGTAACTCATGCCCATACTAGCGGCCCCACTGCCGCACACCCCGCATTGTCTCCCCGCATATGGCCACTGGATTCGCCGGTCGTGGCATGCCATCGTATCGCGCAGACCATCGCGGGTGACTTCCTTGTGCGCCCGCATTTGCCGCAAAAACAAAAACTCGCGAATTCGCGAGCTTCATTCAGATTCTCCTAGCACCCGAGGTGCGTCATTCACCTCAGTAGTCCAGATTCCCATGATCGTTGGAATCCTGCTGCGCACCCTGCGCAGTTTCCATCATCAGCTTGTCAAGGGCAGTCGTCGTGGACTCCCATCTGTTGAACATGGCGATCCTCCTTTCCTCAGCTCCGACTCATGCGAGATGCCGGTAATTCGTCAGAACCTCACATTTTGTCTGTTCGTTTTGCCCTTCACAATATGCCCACATATACGAATATTTTCTGCCCACAGCAAGCACAATATGGACACTGCGAATGGCACCCGCCAACGATCCCGGCCCATCGGGAAACACACCGAACCGGCAAATACGAAAGGCCCCAGCCGAAGCTGGGGTCTTCCATTGAGGTGCCCCCTCAGGGACTCGAACCCTGGACACTCTGATTAAGAGTCAGATGCTCTAACCAACTGAGCTAAAGGGGCTTGGTTGCTTGAACCAAGAGATAAATATACTCAGATTCACGGAAGATGCAAATCCCGGCGTGTCGCATTCTGCCGCCAACTGCCCAGTGCTTCCCGCTTGCGGCCATTCGGCGAGATAGGGTCGCCGGCTATTGCGCCAGGTGCACCGGAAGACAGTCCTCACTGCCGTATCCGTTGGCAGTGCACCAGCCTTTCGCGGCCTGTGCCGTGGCAAACGTCTCGCCGCTCAGCATGACGTAGTAATCCGAGGGGTGCCCCGAGCGGGAGTAGTTCGTGTAATCGGGACCCCATACGAGCAATGCATTCGGGTACTTTGCCTTGAGCTCACGGTATTGTCCGAGGATCGTCTCATACGTCCACGTTCTGCCCGCCGCCTGCAGGCCCGGCTTCTTGCTTGACAACTGGGTTGTGTACACGTTGAGCAGACCGGCCGCCTTCGCTTTGTCGGCCTCCACCTGCCGCTGCAGCTCGTCGTACGCCTGTTGTTCGGCTGCAGATTCCCGCGGGTGTTCCTCGTCTGCTGCACCGCCGGTTTCGCCGCCGTCCATGGATTCACTCGGCGTCGGCTGCACTTCGCTCGTCGGTTGCTGCGCAGACGCATCCGGATGCGGCCTCGGCTGCGTCCTCCACGCCCACACACCGATTCCGGCCAGTATGGCCACAATCAGTACGATGGCGACGATGATCCACACATGCCTGCCGTTCCGTGTTGCTGTGGATGCGTGCGCTCGTCCGGTGCGAGGCACCGCCGAATCGTTGACCGGCTCGCCTGCTGCCGCAGTTGCCGTCCTGGCCGGCACCCTCCTTCTCGCAGACTCTGCAGGAGGCAACGAAGGTGGCAACGCCGGACTGTTCATGTTCGTCACCAGCGGACGCTGTTGCGATTCCTGCATGCGGATCGGCTGCATCACCGCGGTCGTCGTCGCCTCGAACGCCACCGGTTGAATCCTGTGTTCCGTATGGGTGGACTGCGATTCCTGCACGGGCTTTCCACACACCGGGCATACCGCATCATCCGCATTGGGCGGGCTACCGCAATGTGGGCACTGCACGGGGCCTTCTTTCTCTTATACCATCGCCGGAGCGCACGGAGGAACTCGCGGCGGATACGACTTCATTGTACAGGGGAGGGCGCAGGCATGGGCCATATACAAAGGCCCCTGTGACCGTGTACAGTCACAGGGGCCTTCAATGCTTAAGCTCAGACTGGTTGAGACCGACCGGAGCCGGTCATGAGTCTATGGGCCGGATTACTCAGCGACAACCTTCACGAAGAAGTTGGCGGAGATCTCCGGGTGCAGGGCCACGGTTGCCGGGAACTCACCGAGGGTCTGAATCTTCTCGACGGTGATGCCCTTCGGATCGACGGCGACCTTCTCGGCAAGCGCGTTGGCGATCTGCTCGTTGGAGATGCCGCCGAACAGCTTGCCTGACTCGGAAACCTT
CP180383.1_gap31	1765476	1768689	3213	CGGTCCGGTCGACCACCTGACCGCCATGCCGATTCTGCTCGACTACATGCGCGACCGCCTGCCGCTCGACAATACGACGATCGTCTCGCCGGACGCGGGGCGCATCAAGGTCTCCGAGCAATGGGCCGCGAAACTCGGCGGCCTGCCGCTCGCCTTCATTCACAAGACCCGCGACACCACGCGACCGAACCATGCCGAGGCGCATGGCATCATCGGTGAGGTGAAGGACCGCGACTGCGTGGTGATCGACGATATGATCGACACGGCCGGCACGATCTGCGAGGCGGTGCGCACGCTGCACGACCACGGCGCGAAATCGGTGACGCTCGTCGCCACGCACGGCCTGCTCTCGGGCCCAGCCGTGGAGCGACTCAAGGACAGCGGCGTCAAGGAGATCGTGCTCACCGACACGGTGCCGATCCCCGAGGAGAAGCGCCTGCCCAACATGACGGTGCTGTCTGCGGCCCCATTGCTCGCCGCTGGAATCCGCTCCGTGTTCGAATCCCGTTCGGTGAGCAATCTGCTCAACGGACTTCCCGAGGACATGCACACGCGTCACATCTACGCTTGAACGGTATGCGCCCTTCATGTTGAGTGGCGGTGATGGGTCGGGTGACGCTTCGTCACTGGATCGCAAGCGCCCTTTACGTTCCTCAGCCTCACCCGACCTATCGCCGCCACTCAACACGGTATGCCTCTATTCGCCCGTCTAGCCCCCCCTCGTACCTCGCAATAGACACCTCACTTGGAGGAGGGACGAGGAGTCTGTTTGGTGGCGTATGGGGCAGCCGAGCCGATGAGATGAGGAACGTAAGGGCGCTTGCGATCCAGTGACGAATCTCATCGGCTCGGCTGCCCCATACGCCACCAAACAGACACAGCGCATTTCAGTTAGCGGAAGCGCTCCCGAATCTGCGCGGCGGTGCCATAGGAGGCCTGCGCACCATAGCCGGTGGCCGCATATGCCGACACATACGAAGCCAGTTGCGCGGACTCCTCCAAGCTCAGTCCACTGGCCAATGAAGCCAGCACAGTGCCCATGAACGAATCGCCGCAGCCCGTGGTATCCACCGCATCCACACGCACCGGGGCAATGCGGATGATCGATGGATCCACCGTGGAGTCAAGCACCACCGAACCGTCGCCGCCAAGCGTCACAATCGCCTGATCAAAACCGAACTCGCTCAAACGGTTCTGAGCCTGTGCCCAATCGAACGAATCCCAGTCATCATCTTCAGGCTCGTCAATGTGCAGCAGCTGCACGAGCTCATGCTCATTGACCAGCAGAATGTCGGCATGCGCAATGAGTTCGGACGGCAACGTCGCAATGAAGGGCGAATCGTTGAGCAGCACCTTCATACCCGCATCATGGCACATGGTCGCGCATGCGGTCACTGTTTCAAGCGGGCTTTCCAAACACAGTCCCAGCACCGACGATGCGGTAAGCAGATCGCGCTGGGATTCGATGTATTCCACCGTCACGTTCGCGTTGGAACCCGGCGAATACACAATGGTGTTCTCGCCATGGGAATCCACAGTGATCACCGTCGTGCCGCTGGGGCCGAGCACCTTGCGAATGCCATCGGTGTTCACTCCGGCGGATGCGAGCTGAGTCAGCAGGAAATCCGCATTCGAGTCGGAGCCCACTGCACCGAACATGCGCACGGTGGCGCCGAGCTTGGCGGCAGCGGCGGCCTGATTGCCCGATTTGCCACCGGGCAGCACCTGTAGCGGGCCGCCGGTCACGGTCTCCCCCGGCCCGGGGAGCCGCTCGGTGGTCACCGTGTAATCTGCGTTCATCGAACCGACCACGGAGACGGATCCGTGAATCTGCTCCAGCTTATCGAGAATCTGATTCATCGTATTTCCTTCGCATATATGTTTGGTCGTTTGCTTACGCGGCATCGAGGTGAACGACCATACTACTCACCATTCAATGACACAGCGCGCACAGGTGCCGTGTCACTTGGCTGGGTGGAGCACCTCTTCGACATCCTCCGGCTGCTCCACTTCCTTCTGCACCTGCGCGGACTCACCGCGGTAGATGTGCTTGTGGAACACCAGGAACCAGACGAGGCCGAGCACCACCACGCCGGCGGCGATGATCAGCAGATTCGAGTAGACCGCAGCCGGTCCGGTGGCACCGGTGAGGGAGCCGCCGGCGAGCGCCGTGCCGCCGAGCTGTGCGCCGAAGACGGCGATGCCGATGGAAGCGGTCACGTTCATCACCAGATCGTTCATGCCGACGCCGCGGCCGGATTCATCGACAGGCAGCGTATCGAGCACCGTGGAGACAACCGGCGAATACATAAGTCCGCAGCCTGCGTAGAAGATGCACGCGAACAGCGTGAGCAGTCCGAAGTCCGTGTTCACGCACAGCGCCGAACCGACGAATCCGCAGATCATGAGCAGCGAGGCGAGCACGATCGCCGTGGTGCGCCCGATCTTGCCGACGATCCAGCCCGAGGTGGTGCCGAAGACGGCGGCCACGATGAACGCCCACACAATGTACTGCGAGACCTGCGTGACATCCATGTTGTAGAGGGTCGTGCCCATCGTGTTGAAGATAGGCGAGACGCAGTAGTTCGTGAAATAGAACAGCACGATGAGCATGATCGCGGCGAGCCAACGCGTGTTCTTGAAGAACGCGGGCGTGATGAACGGGTCGCTCGCCTTGTTAATGTACACGCCGAACAGCACGAACAGCACGACGCACACCGCGAGCATCCACCAGCTGTTGTACGAGAAGAACAGCGAGAGGAATGCCGAGGCGAGGCCGAAGATCGTGAAGCCGAGCCAGTCGACATGCTGGGAACCGCCGCGGCGGTTCGGCAGCAGATGCAGCAGGAACGGCAGGAACACGATCGTCACCGCCGGAATGAGGAACAGGTACTGCCAGGCGATCGACGTGAGCAGGCCGGCCGCGAACACGCCGATGGCCGCGGAGACCTGGTAGCCTGCGGTGAACAGACCGAAGAAGATCACCTTGAGTTCCTTCTTGAGGTACTTCGTGGCGATGACGAGATAGACGGACCCAGACACCTGCTCGCCTGCGGTCTGCAGGATGCGCGCGATGATGACGGTCCACAGATTCTTCGTGAAGAAGAAGTTCGCGATGAACCCGAACAGCGAGCCCACGAACAACGTGACCAAGCCGAATACAATGAGTTTCTTCAGCGAGACGAAATCGCCGAGGGAACCGTAGATGAAGCA
CP180383.1_gap32	1909408	1911094	1686	TGGTTGTTGAACAGGCGGAAGAAGCGGTCGAGACGAACGTCAATGGACGCTGGCTGCACCATTTCGTCGGTCCACGGATCAAGCGAGATATGACCCTCGGCGTGCGCGGCACGGATGTCGCGGTCAGATAGCAGCATCAGCTTCTCCTTGCAAAGGACGATGAGTGTTCCTGCGCACGTCGGACGCATGCATACGCTGCCATGCCCCTCGCACGCACATATACGGCCCAGTGTAGTGATACCAAGCGAATTCACCGGCGGCATGAACCGCCACGACCGCACACCCGGCCCGGGAAAAGGCAGGGGCCTGCCACGACGGGCAGGCCCCTGCGGGATTCCGAGAGGAATCAGTGCGTCGCGCGCATGCGCAGGAAGATCTTGCGAATCTCCGAGGCGACGAGCACGATGGCGGCCAGGCCGATGCACTCCAGCCACGCCATCGGCGGCAGCGGCGTGGTGCCGAATGCGGTGTTGAGCCACGGCACGTAGATCACGAGCAGCTGCAGCACAATCGACAGCGCGATGGCGCCCCACAGCCACTTGTTCGAGAACAGCCCCTTGAAGGCGCTCTGCAGGTGCGAGCGCGAGGCAATCGCATTGAACAGCTGGGCGAACACGAGAATCGTGAAGCCCATCGTGCGAGCCTCGACCATCTGGGCGTCGTGGCCGAGCGCATCCACGGAACGGTCGGTGAACACGCCGCCGCTCAGGTGCATGTCCATGCCGATCAGCGTCACGATGGCCATGATGAGGCCGATGTAGACGATGTCGCCCCACATCGCACCGTCGATCACACGGTCGGTGAGCTTGCGCGGCTTGCGGTTCATCACGTCTTCGGTCGTCGGATCCACGCCCATCGCGAGCGCCGGGGCGGCGTCGGTGAGCAGGTTGATCCACAGCAGCTGGGTGGCGAGCAACGGCACCGTCACGCCCACGGAATCCGGGTTCTTGATGCCCAGGAAGCCGGCGAGCACGACGCCGAGGAACACGGTGAACACCTCGCCCACATTCGAGCTGAGCAGGTAGCGCAGGAACTTGCGAATGTTGTCGAAAATGCCGCGGCCCTCGCGCACGGCGGCGACGATAGTGGAGAAGTTGTCGTCGGCCAGAATCATCTTGGCCGACTGCTTCGTCACCTCGGTGCCGGTGATGCCCATGGCCACGCCGATGTCGGCGGCCTTGACCGCAGGCGCGTCGTTCACGCCGTCGCCGGTCATGGCGGCGATGTTGCCCTGGCGCTGCAGGCTCTCGACGATCTTGAGCTTGTGTTCGGGGGCCACACGGGCGTACACGGAGACCTCGGAGGTCGCCTTGTCGAGCTGCTTCTCATCCATCGAATCGAGCTCGTCGCCGGTGAGCGCCTTGCCGCCCTGTTCGATGATGCCCAGGTCGGAGGCGATGCGGGCCGCGGTGAGCGGATGGTCGCCGGTGATCATGACCGTGCGCACACCTGCGCGGTGCGCTTCGGCCACGGCGTCGCGCACCTCCACGCGCGGCGGGTCGATGATGCCAACCATGCCGGTCCATACGAGCTGGTGCTCGATCACATCTGCCTGCTCCGAGATGTCGGAGACGTCTCCCGCGGCATTCGTACGAATGCCCGGCACCTCGCTCAGCGAAGCGGTCTCGAGCGGTCGGTAGGCCTCGCCGAGCGTGCGGTAGGCTTCACGCGAGAGCTCCTCCACTT
CP180383.1_gap33	1943801	1944301	500	CTCCACTTCGCGTGCGAATCAGGCGGAGAGGGACTTGCGGCCCTTGGCGCGACGGCGGTTGATCAGCGCGCGGCCTGCGCGGGTGCGCATGCGAACGCGGAAGCCGCTCTTCATGTGACGGCGGCGGTTATTCGGCTGGAATGTCCTCTTCATACAAACTCCCGGTTAATTTAGGCCATGCTCGTGCACGGCTCCTCATGAGTCAAGCTCTACCAATTTACAAGCACCCCTACCCGTGGGCGTGATTCATGCACATTTCCACAATTGCCGTGGTGCATAGGCTCGCGAAAATGTACACCGTGCGCTGTGGGCAGATTCGCCGCATTACCCACAAACCCGTTGAAATATGGGGACAATTCGCGCAACCTATCCACATCGGAACCTGTTGCGGGAGCAAAAACCCAGTGTTTTCAACACGCAAGCCTGTGGATAACTTCTGCTCGATGGAGTAAGAATAGTATGTTATCTATATCTGACTCCAAGAATGGGTGAAGTGCTCG
