gap_id	start	end	length	sequence
CP180709.1_gap1	29287	33584	4297	CATCAAATCCGTCATCGACCGATTGCCTGCGACGACCTCCAACGAATATGAGACGTATATTCTCTCTGTGATCGCGCAATGCGTGAAGGCGGAGATGCTGGCCGCCAGCTCCTGGCGGGTGGCGGTGAACGCCGGCGCCGACTCGACCGGCCGGCTCATGGAGCATCTGCGGGCGCTGGAAGCCACGCGCGGCGCGCTACTGGAGCGGATGCCGACAAGCTTGAGCGCCCGGTTCGATCGGGCATGTGCGCAGTCGTCGTTACCGGAGGCGGTCGTGGCCGCGCTAATCGGCGTCGGCGCCGACGAAATGTGGGATATCCGCAATCGGGGCGTCATCCCTGCGGGCGCGCTCCCCCGCGTCCGAGCCTTCGTCGACGCAATCGAGGCAAGTCACGACGCGGATGAGGGGCAGCAGTGAATACAGCGAGGTCGAGCTGTTGAGTCGCGCTCATCAACTGTTCGCCGGAGACAGTCGGCGACCGGGGTTGGATGCGGGCACCACACCCTACGGGGATCTGCTGTCTCGGGCTGCCGACCTGAATGTGGGTGCGGGCCAGCGCCGGTATCAACTCGCCGTGGACCACAGCCGGGCGGCCTTGCTGTCTGCTGCGCGAACCGATGCCGCGGCCGGGGCCGTCATCACCGGCGCTCAACGGGATCGGGCATGGGCCCGGCGGTCGACCGGAACCGTTCTCGACGAGGCTCGCTCGGATACCACCGTTACTGCGGTTATGCCGATAGCCCAGCGCGAAGCCATACGCCGTCGTGTGGCGCGGCTGCGCGCGCAACGAGCCCATGTGCTGACGGCGCGACGACGGGCACGACGGCACCTGGCGGCGCTGCGTGCGCTGCGGTACCGGGTGGCGCACGGCCCGGGGGTCGCGCTGGCCAAACTTCGGCTGCCGTCGCCGAGCGGTCGCGCCGGCATCGCGGTCCACGCCGCGCTGTCGCGACTTGGCCGTCCCTATGTCTGGGGCGCAACGGGGCCCAACCAGTTCGACTGTTCCGGTTTGGTCCAGTGGGCCTACGCCCAGGCGGGTGTTCACCTGGATCGCACCACCTATCAACAGATCAACGAGGGGATCCCGGTGCCGCGCTCACAGGTCCGGCCGGGCGATCTGGTCTTCCCGCACCCCGGGCACGTGCAGCTGGCGATCGGCAACAATCTGGTCGTCGAGGCGCCCCATGCGGGCGCGTCGGTTCGGGTCAGCTCGCTGGGCAACAACGTGCAGATTCGGCGACCGCTGAGTGGCAGATAATCGCCCAATCAGACGGGCAGGATGAGAAGGTTGAACCATGTCGGAGCAAGCCGGGTCTTCGGTAGCTGTCATCCAGGAGCGCCAGGCTTTGCTGGCAAGGCAACACGACGCCGTGGCCGAAGCCGACCGTGAGTTGGCCGACGTGCTAGCCAGCGCGCATGCGGCCATGCGGGAAAGCGTCCGTCGGCTGGATGCTATCGCGGCCGAACTCGACCGCGCGGTTCCGGATCAGGATCAGCTTGCCGTCGATACGCCCATGGGAGCGCGTGAGTTTCAAACGTTCCTGGTCGCCAAGCAGCGCGAGATCGTAGCGGTCGTCGCCGCCGCCCACGAGCTCGATCGCGCAAAAAGCGCTGTGCTAAAGCGCCTGCGGGCACAGTACACGGAACCGGCCCGTTAGCTGCGGACCGGATACGCTGGACCGGCAGGCGTTGGGTGAATTGTCGGCGACTACACACCTAGGTACTGTCACGCGGCATGGAAGCGCCGGGGACAGGGCCCGCAGTGGGTCGCAGTGGCGTTTGACGCGGCGATGTCCACGCACGAAGATCTCCTTGCCACGATCAGGTACGTCCGCGACCGAACCGGTGACCCAAACGCGTGGCAGACCGGGTTGACACCGACCGAGGTGACCGCGGTGGTCACGTCCACGACACGTTCCGAACAGCTCGATGCCATTTTGCGTAAGATCCGCCAGCGGCATTCGAACCTGTACTATCCAGCACCGCCCGATCGGGAACAAGGAGACGCCGCCCGTGCCATCGCGGATGCGGAAGCAGCTCTGGCACATCAGAATTCGGCTACCGCGCAGCTCGATCTGCAGGTCGTCTCGGCAATTCTGAACGCGCATCTGAAGACTGTCGAGGGTGGCGAATCGCTGCACGAGCTTCAGCAAGAGATCGAAGCCGCGGTACGCATTCGATCCGATCTGGACACTCCGGCCGGCGCGCGTGATTTCCAGCGTTTCTTGATCGGCAAGCTCAAGGATATCCGGGAGGTGGTTGCGACCGCGAGCCTGGACGCTGCGTCGAAATCCGCTCTGATGGCCGCCTGGACATCGCTGTATGACGCATCCAAGGGCGACCGTGGCGATGCCGATGACCGCGGACCGGCGTCGGTCGGCTCGGGCGGCGCGCCCGCACGCGGTGCCGGTCAGCAGCCGGAGTTGCCGACACGAGCCGAACCCGATTGCCTCCTCGACTCGCTGCTGCTCGAGGATCCGGGTTTGCTGGCCGATGACCTACAGGTGCCGGGAGGCACATCCGCGGCAATACCATCAGCGTCGTCGACGCCAAGCCTGCCCAATCTTGGCGGAGCAACGATGCCGGGTGGCGGAGCAACACCGGCCTTGGTCCCCGGTGTGAGCGCGCCGGGTGGGCTTCCGCTCTCCGGCCTGCTGCGCGGCGTGGGTGACGAACCGGAGTTGACGGACTTCGACGAACGGGGACAAGAAGTCAGGGATCCGGCCGATTATGAGCATTCCAACGAACCGGATGAGCGTCGCGCCGACGACCGAGAAGGCGCCGACGAGGACGCCGGGCTGGGCAAGTCAGAATCGCCACCGCAGGCTCCGACGACCGTGACGCTGCCCAACGGTGAGACGGTGACCGCGGCCAGTCCCCAGCTCGCCGCGGCGATCAAGGCGGCGGCCAGCGGCACACCGATCGCAGATGCGTTCCAACAACAGGGAATTGCCATCCCGCTACCGGGAACCGCGGTCGCCAACCCCGTCGACCCCGCCCGGATCTCAGCGGGAGACGTAGGTGTGTTCACCGCCACGCCCTTGCCCTTGGCCCTAGCAAAGCTCTTCTGGACGGCCAGATTCAACACATCTCAGCCGTGCGAGGGCCAAACTTTCTAGGCTGGATACATCCAGCGGCGACCGCGACCGCGCCGGCGAGGACCGAAGCACCGACACCAACCAGGCCGGCGGCCGCTCGATAGGTACTGACCGCCCGGTCACAACAAGAGGAGACAGCGGATGACAGATCGAATTCACGTGCAGCCTGCACATTTACGTCAGGCCGCTGCCCATCACCAGCAGACCGCCGACTACCTGCGGACCGTGCCGTCGTCGCACGACGCGATCCGCGAAAGTCTGGACTCGCTGGGGCCTATTTTCAGTGAGCTCCGCGACACCGGGCGTGAGCTGCTCGAGCTCAGAAAGCAGTGCTACCAGCAGCAAGCCGACAACCACGCCGATATTGCCCAGAACCTGCGAACGTCGGCCGCGATGTGGGAGCAGCACGAGCGAGCGGCGTCGCGCAGCCTCGGCAACATCATTGACGGGAGCCGATGACAGGGCGATGACCGACGCCAATCCCGCTTTCGACACGGTCCACCCCAGCGGGCACATTCTTGTTCGGTCCTGCCGCGGTGGATACATGCATAGCGTCTCGCTGAGCGAGGCGGCGATGGAGACCGACGCAGAAACCCTGGCGGAAGCCATCCTGCTCACCGCCGACGTGTCCTGCCTTAAAGCGTTGCTGGAAGTACGCAACGAGATCGTGGCGGCGGGCCACACCCCGTCCGCGCAGGTTCCCACGACCGACGACCTGAACGTCGCGATCGAAAAGCTGCTGGCCCATCAACTGCGCCGCCGTAACCGTTGAAGTGCTAGATGAGCCAGGTCTTGGTGCTGTCGGGATCGGGTGCGATGTCGGTGGGCGGCTCGATCGGATTGGGGCCGAACAATTCTCGCGCTCGAGTGAGCAGAGCCCGCACCTCGTCGAGTTGCTGCTGCAGCGCAGAATCAGCCATAACCCCACGCTACCCAGGCCCCGTCTGACACACAATTCACCACCCGCTCACCGCCTGCGCGGGCCAGATGATGCCGGTACGCTTACCCGGTGGCGATCTTCGGTCGATGGAGTGCGCGCCAGCGACTCCGGAGAGCGACCCGGGAATCCCTCACGATTCCGACGTTTAGCTCCTCGCTGGATTGCACCACACGGGTAATTGGCGGGCTCTGGCCCGCTGAGCTTTCGTCTAACACCGCCGAAACCGCCACGCTTGCAGAACATCTGAAAGCGGATCTG
CP180709.1_gap2	116480	118964	2484	CACCTTGACCGGGCTCAAGATCGCTGCGGCGTTGGCGGGAACGACGCCAAGCCGCGCTGTGCTGGTAACGCAGGTCACCTGTGGAGCGCTCGCGTTGGCATACGGAGCGATGCTGCTTTATCTCTTCATCCCGGGCTGGGCGGTCGATTCGGATTTTGCCCGCCTTGGTCTGCTTGCGGGGGTAATCCTGACGTCGGTGTGGTTGTTTGACTGCTGGCGGCTGTTGGTCAGGCCGCCACATGCGGGCCGTCGCCGCGGTGGTGGCTCCGGTGCCGCACTGGCCATGATGGCCGCCATGGCTTCGATAGCTGCCATGGCCGTTATGACCGCGCCGCGATTTCTCACCCACGCGTTCACGGCTTGGGATGTCTTCCTCGGCTATGAACTGCCGCAACCGCCGACCATAGCCCGGGTGCTCACCGTGTGGCGCTTCGATAGCCTGATCGGAGCCGCTGGTGTGGTTCTCGCGATCGGGTATGCGGCGGGCTTCGCCGCGCTGCGGCGCCGAGGTAACTCTTGGCCGGTGGGCAGATTGATCGCCTGGCTGACTGGTTGCGCCGCACTGGTATTCACCAGCGGCTCCGGTGTACGGGCCTATGGTTCGGCGATGTTCAGCGTCCACATGGCCGAACACATGACACTGAACATGTTCATCCCGGTCCTGTTGGTGCTCGGTGGCCCGGTCACGCTGGCGCTGCGGGTGCTGCCGGTAACGGGTGATGGACGGCCGCCGGGGGCTCGCGAATGGCTGACCTGGCTGCTGCACTCCCGGGTGACAACTTTCCTGTCGCACCCGATCACCGCATTCGTCCTCTTTGTGGCCTCGCCCTATATCGTCTATTTCACACCGCTGTTCGATACCTTCGTCCGCTATCACTGGGGCCACGAGTTCATGGCGATCCATTTCCTGGTGGTCGGGTACTTGTTCTACTGGGCGATCATCGGCATCGACCCAGGGCCGCGCCGACTGCCCTACCCGGGCCGGATCGGGCTGTTGTTCGCGGTGATGCCGTTCCACGCCTTCTTCGGGATCGCGCTGATGACGATGTCGTCTACGGTGGGCGCTACGTTCTATCGTTCCGTCAATCTGCCGTGGTTGTCGAGCATCATCGCCGACCAGCATCTCGGCGGTGGAATTGCTTGGAGCCTAACGGAATTGCCGGTCATCATGGTCATCGTGGCGCTGGTTACCCAATGGGCGCGCCAAGACCGCCGAGTCGCGTCCCGCGAAGACCGGCATGCCGACAGCGACTACGCCGACGACGAGCTGGAAGCCTACAACGCGATGCTTCGCGAGTTGTCGCGAATGCGGCGCTGAATGTGCAGATGATTTTGGAAGCGGTTGGCGTATCTGCCCGTGCTCGGCTACACCAGGACCGCGGGGCGCTGGCACGCGAACGATCCGGCGAGGAGGTGGGCCAGCCGGAGATTCCCTCCACAGGCTGCAGCAGAAGTCCTGGATCTGACCCCGACCTGAACCCTTGTCAGTGCGGTCCATCGACGGAAAATTGCTGTTCCGCCATGCTGGGCATGCTATTGAGCGCCAAAATTGCGTAGCCGCAAGCTGTTTGACACGACGAAAAATGACGAGAACGCCATGGCGGCACCGGCGATCAAAGGGTTGAGCAGTCCGGCGGCGGCAATCGGGATGGCTGCGACGTTGTACCCGAACGCCCAGATCATGTTCATCCGGATCGTCCGCATGGTTGCACGGGCCAGGTCCAGCGCCTGCGGAACAGTATTCAGATCATCGCGCACCAGAATGATGTCGGCTGCACCGAGCGCGACGTCGGTGCCACGCCCGATCGCCAACCCCAAGTCGGCACCCACCAACGCGGGACCGTCGTTGATGCCGTCACCGACCATGGCGACGGTATGTCCTTCCTCGCGGAGCCGTTGGATCACGTCGACCTTGCCTTCGGGCAGCATATCGGCGACAGCGGAGTCGATGCCGACCTGCGCCGCCACCGCGTCGGCGGCGGCCCGATTGTCGCCGGTGAGCAGAATCGTCCGCAGCCCGCGGCTGCGTAGCGCAGCGACGGCGGCAGCCGCTGAATCCTTGAGGGTGTCGGCGATTGTCAGGGCTGCGCGGACGACACCGTCGACCGACACAAAAACGACAGTCTCGCCTCGGGATTCGCCGTCCAGGCGCGCGGACACCAGAGCCGCGTCGTGGCAGGGCGTGGTCCGGGTAATCCAGGATGGCTTGCCGACCTCAACGTGATGGCCGCCGACTTCCCCCGATACACCGCAGCCCGCGACGGCGACAAACCCGTTGACTGGACCCGGATCCGGCGAAGCGGCAACGATGGCCGCCGCCATCGCATGCTCGGAAGCCGATTCGACAGCGGCGGCGAGGCCAAGCACTTCCTCGCGATCTCGCTCGCTGGTGCCTGAACCTGCCATTGTTACGGTGCTCACCGCCAGCTGCCCAACCGTCAACGTGCCGGTCTTGTCGAACACCACGGTGTCGATGCTCCGGAT
CP180709.1_gap3	120011	121394	1383	GTCTAGGACGGTTGTCTCGGTGTGCGGTGCCGCGTGGTATCCGGCTTTCTCGACCACCCCGCACAGCTCATCGGCTGCCATGCCCACGGCATCGATGGTCGCGACGCGGGTTGCGAAGTTGACGGATGCGCGTACTCCGGGGATCTTGTTGAGCTTCGTCTCGACGCGGCTGGCACAGGCCGCACATGACATACCCGAAACATCGAGCCGGATCCGCCGCACCGACTGCAGGTCGGCATCTCCCACAACTGGAGCCGCCACGGCCCTCCTCGGATCGGCGTATTTGCACCCGTCAGCCTACAAGTCGTAAGCAGGCGGTAATCGGTTCCCTATGGCCCGCTGGATGCACTGGCGATGGATTCTTTTGGTCCGATTTCTGCGGTTGGCGTGCTAGGTTTCCGACTGTGACGCCCGTCACAACGTTTCCTCTCGTGGACGCGATCCTCGCTGGTCGCGACCGCAACCTTGACGGCGTTATCTTGATCGCCGCCCAACACCTGCTGCAAACAACGCACGCCATGCTGCGTTCGCTATTTCGGGTCGGCCTCGATCCGCGCAACGTCGCGGTGATCGGCAAGTGCTATTCCACTCACCCGGGAGTTGTCGACGCGATGCGGGCCGACGGCATCTATGTCGACGATTGCAGCGACGCCTACGCACCCCACGAATCATTCGACACCCAGTACACCCGCCACGTAGAACGGTTTTTCGCCGAATCCTGGGCGCGGCTTACGGCCGGGCGTACGGCTCGTGTCGTGCTCCTCGACGACGGCGGATCGCTGCTAGCCGTCGCCGGCGCCATGCTCGATGCGAGCGCCGACGTGATCGGAATCGAGCAGACGTCCGCCGGCTACGCCAAAATCGTCGGTTGTGCGCTGGGGTTTCCCGTCATCAACATCGCCCGCTCGTCGGCAAAGCTTCTATACGAGTCGCCGATCATCGCCGCACGCGTGACACAGACGGCATTCGAGCGCACCGCGGGCATCGACTCAAGCGCAGCGATCCTGATCACCGGCGCGGGCGCAATCGGCACTGCCCTGGCCGATGTGCTGCGTCCGCTGCATGACCGGGTGGACGTGTACGACACGCGCTCCGGCTGTATGACGCCCATCGATCTTCCGAATGCGATCGGCGGCTATGACGTGATCATCGGTGCCACCGGCGCCACCAGTGTGCCCGCCAGCATGCACGAATTGCTGCGCCCCGGCGTATTGCTGATGTCGGCGTCTTCGTCCGATCGCGAGTTCGATGCCGTCGCGTTGCGTCGGCGCACGACGCCCAATCCTGACTGCCATGCCGACCTCAGGGTAGCCGACGGCAGTGTCGACGCTACCTTGTTGAATTCGGGCTTCCCGGTCAACTTTGACGGTTCGCCCATGTGCG
CP180709.1_gap4	154042	155857	1815	CATGACCGGCAATTCGCAGCGCGCGGTGCTGGGATTGTTTGGGGACGACGCGTGGATGTCTGTCACCGCGTCGTTGCTGATTCTATTCTTCGTCGCCGGCGTGGTGATTGCGTCGGTGTGCCGGCGGCATTTCTGGGCGGCGCATCCCCACGGCCCGACCGTGCTGACCACCTTCAGTTTGATATTTGCCGCCGGAGTCGACATTATGCTGGGCGGCTGGCACGAGAGCATGCTCGATTTTGTGCCGATTCTGTTCGTGGTCTTCGGGATTGGCGCCTTGAACACATCGTTCGTCAAGGATGGCGAGGTATCGGTTCCGTTGAGCTATGTGACCGGCACATTGGTCAAGATGGGCCAGGGCATCGAACGTCACCTGGCCGGCGGAAAAGTGGAGGACTGGCTCGGCTACTTCCTGCTGCACGCCAGCTTCGTGCTAGGCGCCGCGGCCGGTGGCGCCATTAGTATGGTCGTCACCGGACCCCAGATGCTCGCGGTCGCGGCGGTAGTGTGCGCTGCGACAACCGGCTATACCTACCTGCACGCTGACCGGCGAGGGTTGGTCAATCAAAAGCGGCCCCAGCCGGGAAAGCGGCTCTTTCGAGCGCTCAGGCGAGGCGAATTAGATTCGGGAACCTCCACGCCCGCAACCAATTACGGGTCGAGTTAGCTTGGCTTCCAGTGGCGCTGGCGAAGGGGTGACCACGCCAACTTCACCCGGAAGGTCCGACCCAGTGCGGATGTTCCACACATCGGCAGCAGCGCTGGCCGTTGCGCTGCTGCCGATGCTGGCTTGCTGGCTCAGGCGGCCGGCGCAGCAGGGGCGGCCGGGGGTGTCGCGCCGTTGAGCACATGCTGGATATCGGCCTTCATGGCGACCAGCTGCTCGTTCCAGTAGGGCCACGAGTGTGTTCCGTTGGGCGGGAAGTTAAACACCCCGTTGCGTCCACCGTCGGCCGCGTAGGTGTCCCGGAAGGTCTGGTTGGTGCGCAGGGTGAGGCCTTCCAGGAACTTCGCCGGTATGTTGTCGCCGCCGAGGTCGCTGGGTGTGCCGTTACCGCAGTACACCCAGATCCGGGTGTTGTTGGCGACCAGGCGGGGAATCTGAACCATTGGGTCGTTGCGCTTCCAGGCCGGGTCGCTGGACGGACCCCACATGCTGTTGGCGTTGTAACCGCCCGAGTCGTTCATCGCCAGGCCGATCAGCGTCGGCCACCAGCCCTCGGACGGGTTGAGGAAGCCCGACAACGACGCGGCGTACGGGAACTGCTGCGGGTAGTACGCGGCCAGGATCAGCGCGGAACCGCCCGACATCGAAAGACCCACCGCCGCGTTGCCTGTCGGGGACACGCCCTTGTTGGCCTGTAGCCAGGCGGGCATCTCTCTGGTAAGGAAGGTCTCCCACTTGTAGGTGTAGTTCTGGCCGTTGCTCTGCGAGGGCTGATACCAGTCGGTGTAGAAACTGGATTGGCCGCCCACGGGCATGATCACCGACAACCCTGACTGGTAGTACTCCTCGAAGGCCGGGGTGTTGATGTCCCAGCCGTTGTAGTCATCCTGGGCCCGCAGACCGTCGAGCAGGTAGACCGCGTGCGGTCCGCCGCCCTGGAACTGGACCTTGATGTCGCGGCCCATCGACGCGGATGGCACCTGCAGATATTCCACTGGAAGACCGGGCCTAGAGAATGCGCCCGCGGTGGCCGGCCCGCCGAAGGTACCGACCAGACCGTAAACCAGGACAGCCCCCATAGCCGCGATAGCCAGCCGGCGCGGCAGGGTTGTCGCTGCGCTCCGCAACCTTCGCACCTGTTCGAAGAA
CP180709.1_gap5	315380	317102	1722	CACGATCAGGTCGGGTTTTAAGGCGGCGATTCGGTCGATCTGAATCCCGTTGTCCAGGTTCAATACCGCCGGCCGCGCCCCGCCGAGCTTGGGCGCCGCCCACGGCCACACCGCAAACGGCTGGTCACCGAACCAGTCGGTCACCGCGATGGGCACCACATCGACCGCGAGCAAGTCGTCCTGCTCGGTGTAGCCGGCGCTGACCACGCGCTTGGGTGGCTCTTTGATGACGGTCTGACCGAACAGGTGGGTGATAGTTACCGCCGCGCCGCCAGGAGTGCCCGGCGGGGGTTTGGGCGATGAACAGCCCGCGAACAGCCCGGTGGCTGCTGCAGCCTCGGCGACCTGCAAGAATCCCCGGCGGCTGCATCCCTGTCGCACAGCGTGAGGGTATCGCGCGCGTTACCGCCGGCGTCGGGCGCTGGTACTTGCTGGCCCGTATCCGCCGCCGCCGGGGGTTTCGATCACCAGCGTGTCGCCCGGCTCGACGTGCGTTGAGCCGCATCCGGCCAACTCGACGGTGCTGCCGTCGGCGCGTTCCACTCGGTTGCGTCCCAGCTCTCCGGGGGAGCCGCCGGCCATGCCGTAGGGCCGAACCCGCCGATGACCGGAGAGCGTGCTGACCGTCATCGGCTCGGTGAACTCGAGGCGTCGGACGGCGCCGTCGCCGCCCCGCCAGCGACCGGCGCCCCCGCTGCCCTGACGTACGGCGAACTCGCGCAGCAACACCGGGTAGCGCCACTCCAGCACCTCGGGATCGGTGAGCCGGGAGTTGGTCATGTGCGTCTGCACCACCGAGGCCCCGTGGTACCCGTCACCGGCCCCGGAGCCCGATCCTACGGTTTCGTAGTACTGGTGCCGCTCGTTGCCGAACGTGACGTTGTTCATCGTCCCGGATCCCTCGGCCTGCACACCCAACGCGGCGAACAGCGCGCCGGTGATCGCCTGCGAGGTTTCGACGTTGCCAGCGACCACCGCGGCGGGATGGGTTGGTGCGAGCATCGAGCCTTCGGGGACGACGATACGCAACGGGCGCAGGCAACCGTCGTTGAGCGGGATGTCGTCGGCGACCAGGGTCCGGAACACGTAGAGCACCGCCGCATTCACCACCGAGGTCGGTGCGTTGAAGTTGGTGTCCAGCTGAGCCGAGGTTCCGGTGAAGTCGATGGTCGCGCTGCGGGCGGCGCGGTCGACGGTGATGCGCACGGCGATCGTCGCGCCCGAATCCATGCGGTAGCGGTAGGCGCCGTTGTCGAGCCGGTCGATGACCCGGCGGACCGCTTCCTCGGCGTTGTCCTGGACGTGGCGCATGTAGGCCGCCACCACGTCGCGGCCGAAGTGGTCGATCATTTTTCCGACCTCGTCGACGCCCTTTTGGTTGGCGGCGATCTGCGCGCGCAGATCGGCGAGGTTGGTGTCGGGATTGCGGGAACCGAACGGCGCCTCGGTAAGCAGGCGCCGGGTTTCGGCCTCGCGGAACCGTCCGTTCTCGGCGAGCAGCCAGTTGTCGAACAGCACGCCCTCTTCGTGGATCTCGCGGCTGTCGGCGGGCATGGAGCCGGGGGTGATGCCGCCGATTTCGGCGTGGTGCCCGCGAGAGGCGACAAAGAATAGGACGTCCTCGCCGCCGGTGTTGAACACCGGGGTGATCACTGTGATGTCCGGCAGGTGGGTGCCGCCGTGGTACGGGTCGTTGACGGCGTATACGTCACCGGGCTTCAT
CP180709.1_gap6	411777	412892	1115	TCTCGCGCGGATGAGATCGGCGCGGGCCGCATCGACGCGATGCTCTCGGCCAACGACGTGGCCAAGCGGTTCACCCGCGAACTGAACCAGATGGGCATTTGCCAGGCGGTGGTGCCGGTATCCGGACTTCTTGCGCTGACCGCGCGCACACTGCGCCAGACCGAGTTCATCGCGCTGCGCAAGCTGGCCGGTGCCGAGCGCACCGAGCTCAATAGGGCCCTGCTGAGCGTGGACCGTTTTGTGCGCCGGGACAGTCCGCTACCGGTGGACGCGGGCATCCGTGCGCAATTGCTCGAGCGGTTCGGCATGTTCGGCATCCGGATGTCGATTGCCGTGCTGGCGGCCGGCGTGACCGATTCGACCGGGCTGGCCGCCGAACTGCTGGAGCGCAGCGGGCTGGTGGCGCTGCGCAATGTGATAGACCAGCAGTTCGCGCAGCGCTCCGACATGCTTAAGGCGCATACCGCCTTGGTCTCCTTGCGCCGATTCGTGCAGACGCATCCGGTGCCGGCGACCCCGTACGTCATTGCCGACATCGACCCGTTGCTAGCCGACACCCACGCCTTCGAAGAACTCCGAATGCTAAGCCTTTTGCCTTCGCGGGCAACGACATTGAACGACGACGAAATCGCGTCGCTGCGCCGCATCATCGGCGGGTCGGGCACCAGTGCCGCCGCTCGGCTGGGCCTGGATCCCGCGAATTCTCGCGAGGCCCCGCGCGCCGCGCTGGCCGCAGCGCAACACTGGCGTCGCCGTGCGGCGCATCCACTCAACGATCCGTTCACTACCAGGGCCTGTCGCGCGGCGGTGCGCAGCGCCGAGGCGATGGTGGCGGAGTTCTCTGCTCGCCGCTGACGCGTCAGGCCCTCGGGTGTCACAGTGGTGGGCGTGACTGGTGGCGCCAACGCAACGGTGATCAGCCACCGGGTGGAACATGTTTTCGAGCCCAAGGGGCAGCGACGGCAGCTCGGGGCACAAGGGTCATAAGGGCATGCGCTCAGAATGTGTCGACCTTCTCGATGCTGACGAACATGCCATGGCCCGTGCGGTTGTTCGTGAAGCGGGTGCCATCGGTGGTGGCGTCGATGGTCCAGCCCTGCGCTTCATAGGTTCGG
CP180709.1_gap7	413899	415223	1324	ATTGGATCCGCCGAATGGACGACCGCGACACTCTTGGTGTGGTCGATGGCGTGGTGCGCGACGGCCGTCACACGATTGCGGACCAAATACCAGCCACCGATGAGGGCCGGTACACCGATCACCGTTGCGGCGATCATCCAGGGACCGTGTTGTTCGTCGAAGTACATCAGGATCAGCACGCCGGCCAGGAAAGCCAGCGTCAGATAGCCGCTGAACGGTGAAAGCGGCATCCGGAATTTCGGCCGCTGCAGCTGCCCGGCGTTCGCCATCCGGTGGAGCCGCAGCTGGCAAGCCACGATCGTCGCCCAGGCCGCGATGACTCCCGTCGCGGCGATGTGGAGCACGATCTCGAAGGCTTGGCTCGGTTTGATGGCGTTGAGAATGATGCCCAACAGGCCGATACCGGCGGTGAGCAGGATCCCGCCGTACGGCACGCCGGTCTTCGACATTGGTGCGGTGAACCTCGGGCCGCTGCCGTTGATCGCCATTGATCGCAGGATCCGTCCGGTGGAATACAGTCCGGCGTTGAGGCTCGACAGCGCGGCGGTGAGCACGACGAGGTTCATCACGCTGCCCGCCGCGTCGATACCGATCTTGGAAAAGAAGGTCACGAACGGGCTGACATGTTCTTTGTAGGCGGTATAGGGCAGCAGCAGGGCCAGCAGGACAGTCGACCCGACGTAGAAGCACGCGATGCGCAACACCACAGAGTTGATCGCGCGCGGCATGATCTTTGCCGGTTCGGCTGTTTCCCCGGCCGCGATGCCCACCAGTTCGATTGCGGCGTAGGCGAATACCACCCCCGAGGTGACCAGCACTATGGGCAGCAGACCGGTTGGCACGATGCCTCCATGGCTGCTCCACAGGGAGACCCCGGTCTCCTGGCCGTCGATCTTGTAGCGCCCAGCGAGAAAGACCGTACCGACGATCAGAAACGTAACCAGCGCGATCACCTTGATCAATGAGGCCCAGAACTCCAGCTCGCCGAAGAGCCTGACCGAGATCAGGTTCATCGACAACACGACCAGCAGCGCGATCAACGCCAGCGTCCACTGGGGGATGGGTTGAAACGCCCGCCAGTAATGGCAATAGTGCGCGATCGCGGTGGTATCGACGATCCCCGTCATCGCCCAGTTCAGGAAGTACATCCACCCGGCGACGAAGGCCACCTTTTCCCCGTAGAACTCGCGGGCGTAGGACACGAATGACCCCGAGGACGGACGGTGCAGCACCAGTTCGCCGAGCGCGCGCAGGATCAGGAACACGAAGATGCCGCAGATCCCATAGACCAGGAACAAACCGGGCCCCGCCGATGCAAGGCGGC
CP180709.1_gap8	451955	453934	1979	TGGGGCCATGCGACGACGACGTCATCGGCCGTCGGAAAGCGCGCTGGCGTGGCGAATACCGCGCGGGCGTCGCAGACGGTGACCCGGTAGCCGAGGAACGAACCCTGCCGCGCCAGCGCGGCGGCGAAGTCGATGGCACCGAACACCAGCATCCGCGGGCGCGGCGCGTGGCTGGACACGAAGACCTCCATGCCCTCGCCACGCCGCTGCCCATCGGGCCCATATTCGAGGATCTCGCTGCGGCCCACCGCGAGCAGACCCCGCGCATCGTCGATAACCGCCGCATCGGCACGCGCCGAACCCAGCGAACCCGTCACGGGGCTCTTTGTGTCGGGCCGGATCACCAGTCGGCGACCCACCCGCCGCTCGTCCGGATGGGCGATGACGGTCGCGATGGCGACCGGGCGTTGCGCGCCGATGTCGTCGGCCAGCTCGCCCAGCTCGGGAAACGTGGCCCGCGATACGGGCTCGACGAAGACGTCGATGATGCCGCCACAGGTCAGGCCTACCGCGAATGCGGTATCGTCGCTGACTCCGTAGTGTTCCAGCCGCGGTATCCCGGTTTGGGCCACCTCGGCGGCCAGCTCATATACCGCACCCTCCACGCAGCCGCCCGACACCGACCCACTTACCGAACCGTCCGGGGCTACCACCATCGCGGCCCCCGGGGGCCGCGGCGCTGACCGCAAGGTTCGCACCACCGGCGCGACCCCCGCGGTGTCACCGGCGGCCCAGATCGCCATCAGCTCGGCAAGCACTTCACGCACGCTTCCCAAAGTAGGCTTCAGTGCATGACCCCGGCTCAACTTCGGGCCTATTCGGCGGTGGTTCGCCTGGGCTCGGTACGGGCGGCCGCCGCGGAACTCGGTCTTTCCGACGCCGGAGTCTCCATGCACGTCGCGGCGCTGCGCAAGGAACTCGACGACCCGCTGTTTACCAGGACCGGTGCCGGGCTGGCGTTCACGCCCGGCGGGCTGCGGCTGGCCAGCCGCGCGGTCGAAATCCTGGGCCTGCAACAACAAACCGCGATCGAGGTCACCGAGGCCGCCCACGGGCGTCGGTTGCTGCGCATCGCCGCCTCCAGCGCCTTCGCCGAACACGCCGCGCCGGGCCTGATCGAGCTCTTCTCGTCTCGGGCCGACGACCTTTCGGTCGAGTTGAGCGTGCATCCCACCAGCCGGTTCCGCGAACTGATCTGCTCGCGCGCCGTCGACATCGCGATCGGCCCGGCCAGTGAGAGCTCGATCGGTTCCGACGGCTCGATCTTTCTACGGCCCTTCCTGAAGTATCAGATCATCACCGTCGTCGCGCCGAATAGCCCACTGGCCGCAGGCATTCCGATGCCCGCGCTGTTGCGTCACCAGCAATGGATGTTGGGTCCGTCCGCCGGCAGCGTAGATGGTGAGATCGCAACCATGTTGCGCGGCTTGGCGATTCCGGAGTCCCAGCAACGGATCTTCCAGAGCGATGCCGCCGCGCTGGAGGAGGTCATGCGCGTCGGGGGCGCCACGCTGGCCATTGGCTTTGCGGTCGCCAAGGATCTTGCCGCCGGACGGTTGGTGCACGTGACCGGTCCTGGGCTGGATCGCGCCGGCGAGTGGTGTGTGGCGACATTGGCGCCTTCGACCCGCCAACCCGCCGTCTCCGAGCTTGTTGGCTTCATCAGCACCCCGAGGTGTATTCAGGCGATGATCCCGGGTAGCGGGGTCGGGGTGACGCGGTTCCGCCCAAAGGTCCACGTCACCCTGTGGAGCTAGCTACTTCGACTTGAAAGGCTCGGCGCGCCGGTCCGCCCGTTGACGGGGCCCGGCTGCGAGGATTAGCCAGTTCCCTTGTCGCACAGGAGCGTTGAGGCTATCGCCGTACGCCTACTGCGTGCGATCAGCGCTTGCTCGTTCCATACCACAGGGTGCGGCCCAGGTGCAAGGTTCACTGTGCATCGTGCGCTGGAGCCTTTGGTGCCTGTTGCCCGTTGAACC
CP180709.1_gap9	538937	541870	2933	TGTAGTAGGCGGCCTCTTTGTCCTCGCCGGCTTGGCGGGCTTCCTGGTAGCGCCCGATGATGAATATCCCGTAGTCCGTACCGGCCGCGATTGCCAGCGAAGTCAGCAAGCTCACCGCAAAGGTGGTAAGTCCGATAGCCCCGCTATGCCCCAGAACCGCTACGACTCCGCGCGCAGCCGTCAATTCGACCCCCACCGTGATCAGCAGGAGAACCACGGTGATTATCGACCGGTAGACGAGCAACAACATAATAAAGATCACGGCGACCGTAACCATGGTGATCCTGGCCATGGATCTATCGCCACTGTGGTGCATATCCGCGGCGAGTGCGGATGGTCCGGTCACATAGGCCTTTATGCCCGGCGGCGCGGGCGTGCTTTCGACGATGCTGCGTACTGCCTCGACGGATTCGTTGGCCAGCGGCGTGCCTTGGTTGCCGGCAAGTGACAGTTGAACATAGGCGGCCTTGCCGTCGTTACTTTGCACGCCCGCGGCGGTGAGTGGGTCCCCCCATAAATCTTGGACACTTTGCACGTGCTTCTTATCGGCCCTCAATTGAGCAACCAGGCCGTCGTAATACTTATGGGCAGCGTCGCCGAGGGGTTGGTTACCCTCTATTATGACCATCGCGAAACTGTCGGAATCGCCTTCCTTGAACACCATGCCGATACGTCCCATCGCCTCAAACGACGGTGCATCCTTGGGACTCAGCGACACCGATCGCTCTTGGCCGACAGCTTCCAGTGACGGGACAAATACGGTGACAACGACGCAAACTGCCAGCCAGCCAAGGATGATCGGTACCGCAAAGGCGTGGATCATCCTGGCGATGAATGGCTTTTCGGGGCGAGCGTTGGTATTGGAGTCGTTCGCGAATTTAGTACTCACGCGGACTTCACCAAGCAGTAAGTATAGGCGTTGACTTCGTTGGAAACCCTCTCGGCCCTGACCTTGCCGTCTACCGTGATTCGGCAGCCAATGCTGTCGCTATTACCTTGTGCCACGATATTTCCCATCACCGCCGCGTCGTTTGTCGTGATATGCAATGACCACGGTAGCACCGCTCCATCGACCCGTTGCGGCTCGGAATTGACGTCGAAATAACTAATGTCGGCGACTGTTCCGGGGGGTCCGAAGATCTCGTAAGTCAGGTGTTTAGGGTTGAATGGTTTGCTGTTTTCCAGGTTGGTGTCGGAGTACGACGGGCGGTTTTCGGAGCCGAAGAAGCCGCGGATCCGGTGCACGGTGAAGCCCCCGACGATGACCACCACCAGGATGACCAGTGGAATCCAAGTCCGCATTAGCACCTTGAAAATCTCAGATCCCCTTCACCGGTTGGCAGTGGTACGGCGGACGATACCCAACTTTCAAAATCCGTTCGAGCTGGTCGCTACTTGAACGCAACTAAGCGTAGCCTAAGTAAAACATGGTTTTAGGCCCGAGCTCTCGACTCCTTACCTCGTTCGCTGGAGTGTAACGCATATCACGTGCGTAACGGCACGCTACGTTATCGGCAGCCCTCTTACAAATCACACGGTGTGCGTTATCCTCTGGCGGTGGCGCAACTCGGCTTCCAGCGCGCCCGCACCGAGGAAAACAAGCGCCAACGTGCGGCGGCGCTGGTGGAAGCCGCGCGGTCGCTGGCGCTGGAGACGGGCGTGGCATCGGTGACGTTAACGGCTGTCGCAGGTCGTGCCGGGATTCACTACTCTGCGGTGCGCCGCTACTTCACCTCGCACAAAGAAGTGCTGCTGCACCTCGCCGCCGAGGGTTGGGCGCGGTGGTCGGGCACGGTATGCGAGCAGCTGGGCGAGCCGGGGCCGATGTCGGCACCGCGGGTGGCCGAGGCACTGGCCAACGGTCTGGCCGCCGATCCGCTGTTTTGTGATCTGCTTGCCAATCTGCATCTGGATCTCGAGCAGGAGGTGGATGTCGACCGGGTCATCGAGGTCAAGCGGACCAGCATCGCAGCCGTGATAGCGCTCGTCGACGCGATCGAAAGCGCATTGCCGGCACTCGGGCGTTCTGGGGCATTCGACATCCTGCTGGCCGCTTACTCGCTGGCGGCCACCCTGTGGCAGATCGCCAATCCGCCGGAGCGGCTCACCGACGCCTATGCCGAGGAGCCAGAGTTGCTCCCACCGGAGTGGAACCTCGACTTTGCTGCCGCGCTTACTCGCCTGCTCACCGCTACGCTTCTCGGCCTGCTCGCCGGATCCCCATGCGAATGCCGGTCGCCAACGCGCTGAAGCGGGTGCGGGACGAAGGGGGCGCCGGACTTGGGCCCGCTTGGCGGCGGTAGGTGACCAAACTCACGCTTCTTGGGCGTGCGCCGCAGCCGAACCACGACTATTGCTAGTTGCAAACGATAGTCATCGTCAATTGTTGCCAGACGCACAGCTGGTGTTGGCGGGAGTCGCCGATAGAGGAGTGTTCGACATGACGTTGCACGTCGGTGCCGACGGCCTAGAGACCGCAACTACGGCGCGCGCCGTGGCGGTCGCTAGGTCCGGAATGGATTGTGTGGCCGGTGATGCGTCAGGGGCGACTTCGTGCCTACGCGGTGAGCTATGACGAGCGCACTGATATGGATGGCCTCTCCGCCGGAGGTGCATTCGGCCTTGTTGAGTAGTGGGCCGGGGCCGGGGCCGGTACTGGCCGCCGCCACAGGGTGGTCGTCACTGGGCCGTGAATACGCCGCGGTTGCTGAGGAACTCGGGGCATTGCTGGCTGCGGTGCAAGCCGGGGTGTGGCAGGGGCCCAGCGCCGAATCATTTGCTGCCGCGTGCCTGCCGTATCTGTCTTGGTTGACGCAGGCCAGCGCCGACTGCGCCGCGGCGGCTGCCCGGCTGGAGGCGGTGACCGCCGCCTACGCCGCGGCTTTGGTGGCCATGCCCACCCTGGCCGAGTTGGCGGCTAACCACGCGACCCA
CP180709.1_gap10	546222	548837	2615	TCCAGGAAGCGCCGGCCAGCAGCAGGTGGTACCGCTTCATGTCCAGCAGCGGCACGTCGCAGACCAGCGCGCCGAACTTCTCCGGGTACCCGGTCAACATGATGCCCATCAGCAGCCCACCGTTGCTGCCGCCCCGCGCGCCGAGCTGCTCAGCGGTGGTGATGCCGCGGGTCACCAAATCGGTTGCCACGGCGGCGAAGTCTTGGGCGACCTTGTCCCGGCCCTCGCGCATCGCCTGCGTGTGCCAGCCAGGCCCGTACTCGCCGCCGCCGCGGATGTTGGCCAACGCATAGGTGCCCCCGCGGGCCAGCCACAGCCGGCCCAGGACGCCGTCATACGTCGGCGTTCTGGATGTCTCGAATCCACCGTAGCCGTTCAACAATGTGGGGCCGGGATTGTCCGCGTCGGTGCGTCGCACGACGAAATACGGGATCGATGTGCCATCGTCTGATGTCGCGAAATACTGTGTTACAGCCATGTTTTCCGCGTCGAAGAAAGCTGGCGCAGATTTGATCTCTGCTAGTCGGCCGTCATCGGTGCCGCGCATCAGCCGCGACGGCGTATCGAATCCACTGGAGTCGAGGAAGAACTCGTCGCCGTGGCTGTCGGCGGAGACGATGACGGTGTTGGTGGCGGCGGGGATACCTGAGAGTGGCTCACGTCGCCAGCTGCCGGGAGTTGCGATCTCGACGCGGCTCGCCACGTCGGCCAGGGTGACGATCAACAGCCGGTCTCGGGTCCAGGCGTATTGGTACAGCGCGGTGTGCTCGTCGGGTTCGAACACCACCTGTAATTCCGCTGAGCCGGCAAGGAATTCGTCGTATTCGGCGGCCAGCAGTGAGCCGGCAGTGTACCTGGTGGTGGCCACGGTCCAGTCGGTGCGCAGCTCGATCAACAGCCAGTCGCGGTGAATTGACACGCTCGCGTCGGTGGGGGCTTCGATTCGGATCAGCTCCGAACCACGCAATTCGTAGACCTCTTCGTTCCAGAAGTCGAGGGCCCGTCCCAGCAGGGTGCGCTCGAATCCGGGCGTGCGATCCGCTGACGCGTTGACGCGGACGTCGGTGCCCGCGCCCTCGAAGATTGTCTCCGCATCGGCCAGCGGTTTGCCCCGGCGCCATCGCTTGATCACTCGCGGATAGCCGGAAGTGGTGAGCGAGTCGCCGCCGAAGTCGGTGCCCAGCAAGACAGTGTCCGGGTCCTCCCAGGTAATCTGGGATTTGGCCGGTGGCAGCTGGAACCCATCCTCGACGAATTCGCGTGTCAGCATGTCGAATTCACGCACAATGGATGCATCCGAGCCGCCCGGGGACAGGCCGATCAGCGCGCGCGTGTAGTCGGGTTCGATGACACCGGCGCCGCCCCACACCCACTTCTGGTCGTCGGCGCGGCCCAGTTCATCAACATCGATCAGCACATCCCAGCCCGGCGAGTCGGTGCGGTAGCTGTCCAGCGTGGTGCGCCGCCACAACCCGGGGGGGTTGGCGGCATCGCGCCAGAAGTTGTAGAGATAGTTGCCGCGCCTGTTCACATAGGGGATTCGGGCATCGGTGTCGAGCACCTCGAGCGCCTCGACGCGCATCCGCTCGAACTCTGCGTCGCAGAACGCCGCCGTTGTCGGCTTGTTGCGCGCGCGTACCCAATCCAGCGCTTCCGCACCGGTGACGTCCTCGAGCCATAGGTAGGGGTCAGCGCCGTCTGGGGCAGGCTCAAATGTCATGGAAGCCATTGTGGCCCCGGCGGTAGTGTGAGCTGTATTACATGATTTTGACGAGGAGCCGAATACGATGACTGTCTTTTCCCGTCCCGGTTCCGCCGGGGCGCTGATGTCCTATGAATCCCGGTACCAAAACTTCATCGGGGGCCAGTGGGTCGCGCCGGTCCATGGGCGCTACTTCGAGAACCCGACGCCGGTGACCGGCCAGCCGTTCTGCGAGGTGCCGCGCTCCGACGCGGCCGACATCGACAAGGCGCTCGACGCCGCGCACGCGGCGGCGCCGGGGTGGGGCAAGACCGCACCGGCCGAACGGGCGGCGATCCTCAACATGATTGCCGACCGCATCGACAAGAACGCCGCCGCGCTGGCGGTGGCCGAGGTCTGGGACAACGGGAAACCGGTCCGGGAAGCGCTGGCCGCCGATATCCCGTTGGCGGTCGATCACTTCCGGTACTTCGCCGCGGCGATTCGCGCCCAGGAGGGCGCGCTGAGCCAGATCGACGAGGACACCGTGGCCTACCACTTCCACGAGCCGCTCGGCGTGGTGGGCCAGATCATTCCGTGGAACTTCCCCATCCTGATGGCGGCCTGGAAGCTGGCGCCGGCGTTGGCGGCCGGCAACACGGCGGTGCTCAAACCCGCCGAGCAGACACCCGCTTCGGTGCTCTACCTGATGTCGCTGATCGGTGATCTGTTGCCGCCCGGGGTGGTCAACGTGGTCAACGGATTCGGCGCCGAGGCCGGCAAGCCGTTGGCCTCCAGCGACCGCATCGCCAAGGTCGCGTTCACCGGGGAAACCACCACGGGGCGGCTGATCATGCAATACGCCTCGCACAACCTGATCCCGGTCACCCTGGAACTCGGCGGCAAGAGCCCCAACATCTTCTTCGCCGACGTG
CP180709.1_gap11	589876	594766	4890	TGGGCAAATAGGTTGCGAGCAGACCCCGCCAGCTCGACCGTCACGCGCTTGTAACGCCGCCGTTTCGCCTGGCCGTTAGGCTGTCGGAGTGAGTTCGTCGAACGGGCGCGGTGGCGCCGGAGGAGTCGGCGGCAGCAGTGAGCACCCGCAGTACCCCAAAGTTGTGCTGGTGACCGGTGCTTGCCGTTTCCTAGGCGGCTACCTGACCGCACGGCTTGCCCAGAACCCGCTGATCAACCGGGTCATCGCGGTGGACGCGATCGCGCCGAGCAAGGACATGCTGCGCCGGATGGGCCGAGCCGAATTTGTTCGCGCTGATATCCGAAACCCATTCATCGCCAAGGTGATTCGCAATGGCGAGGTGGACACGGTGGTGCACGCCGCGGCGGCCTCGTATGCGCCGCGGTCCGGCGGCAGTGCGGCATTGAAGGAACTTAACGTGATGGGCGCGATGCAACTGTTCGCCGCCTGCCAAAAGGCGCCCTCGGTCCGCCGGGTCGTGCTGAAGTCGACCTCTGAGGTTTACGGATCGAGCCCACACGATCCGGTGATGTTCACCGAGGACAGCAGCAGTCGACGTCCTTTCAGCCAAGGTTTCCCTAAGGACAGTCTCGATATCGAGGGCTACGTGCGCGCGCTGGGCCGACGCCGCCCCGATATTGCAGTGACTATCCTGCGGCTGGCCAACATGATCGGCCCGGCGATGGACACCACGCTTTCACGATATCTGGCCGGGCCGCTGGTCCCGACGATCTTCGGCCGTGATGCGCGACTGCAGTTGCTGCACGAGCAGGATGCGCTGGGTGCGTTGGAGCGCGCGGCGATGGCCGGCAAGGCCGGAACGTTCAACATCGGAGCCGACGGCATCCTCATGCTGTCGCAGGCGATCCGGCGGGCCGGGCGAATTCCGGTGCCGGTGCCAGGGTTTGGGGTATGGGCTCTGGATTCGCTGAGGCGAGCGAATCACTACACCGAGCTGAATCGTGAGCAATTCGCTTACCTGAGTTATGGCCGGGTTATGGACACCACCAGAATGCGCGTCGAACTGGGTTACCAGCCGAAGTGGACGACCGTCGAGGCGTTCGATGACTATTTTCGCGGCCGCGGCCTGACTCCCATTATTGACCCACATCGGGTACGCTCCTGGGAGGGTCGCGCCGTAGGTTTAGCGCAGCGCTGGGGTAGCCGAAATCCAATTCCATGGAGCGGACTCAGATAGGTTTGGATGGGTAACGTGGCGGGCGAAACCAGAGCGAATGTCATTCCACTGCACACAAATCGGAGCCGGGTAGCGGCGCGCAGGCGTGCCGGTCAACGGGCAGAGTCCCGGCAGCATCCGTCGTTGCTGTCCGATCCAAATGACCGGGCGTCGGCCGAGCAGATCGCCGCCGTTGTCCGGGAAATCGACGAACACCGGCGCGCTGCGGGTGCCACGACCTCGTCCACCGAGGCCACGCCCAACGACCTTGCGCAACTCGTCGCCGCGGTTGCTGGATTTCTCCGACAGCGCCTGACCGGTGACTACAGCGTCGACGAATTCGGGTTCGACCCGCACTTCAACAGCGCCATCGTACGACCCTTGCTGCGATTCTTCTTCAAGTCATGGTTTCGGGTCGAAGTCAGTGGTGTCGAGAACATCCCGCGCGATGGTGCGGCGCTGGTGGTGGCCAATCACGCAGGTGTGTTGCCGTTTGACGGGTTGATGTTGTCGGTGGCCGTCCACGACGAGCACCCGGCGCATCGGGATCTGCGGCTGCTTGCCGCCGACATGGTGTTCGACCTCCCCGTGATCGGCGAAGCCGCCCGCAAGGCGGGTCATACCATGGCGTGTACGACGGATGCGCACCGGTTGCTTGCCTCCGGCGAACTCACCGCGGTGTTCCCCGAGGGATACAAGGGGCTGGGTAAGCGTTTCGAGGACCGTTACCGGTTACAGCGGTTTGGTCGCGGCGGCTTCGTATCGGCCGCGCTACGGACCAAGGCGCCGATTGTGCCGTGTTCGATCATCGGCTCCGAAGAGATCTACCCCATGCTGACCGATGTCAAGCTGCTGGCTCGGCTGTTCGGCCTGCCGTACTTCCCGATTACGCCGTTGTTCCCGTTGGCTGGACCGGTCGGGCTAGTGCCGTTGCCCTCGAAATGGCGCATCGCGTTCGGTGAGCCGATCTGCACCGCCGACTACGCCTCCACCGACGCCGACGACCCGATGGTGACGTTCGAGTTGACCGATCAGGTGCGCGAGACGATCCAGCAGACGCTATACCGACTGCTTGCCGGCCGTCGCAACATCTTTTTCGGCTGACCCTTATTTGACCAGAGTGAACTGGCAGACGTCCGTGTACTTGTCGCGGAACAGGTCTGAGCAGCCACGTAGGTAGTGCATGTAGATGTCGTACGTCTCCTGGCCCTTGAGGGCGATCGCCTCATCTTTGTGCGCCTGTAGCGCATCCGCCCAGGCGTTCAGGGTCGGCACGTAGTTGGCCCCGATCCGGTGGTAGCGCTCGACCTTCCATCCGGCGTTGGAGGAGTAATAGTCCACCTGCGAGATCCTGGGCAGCCGCCCGCCCGGGAAGATCTCGGTCAGGATGAACTTGATGAAGCGCAGCAGGCTCATCGGAGACGTCAAGCCCAGCTCCTGGGCTTCCTCTTTGTCCGGGATAGTGATGGTGTGCAGCAGCATCCGGCCGTCGTCGGGCGTCAAATTGTAGAACTTCTTGAAGAAGGTGTCGTAGCGCTCGAACCCGGCGTCCCCGGCACCGTCGGCGAAATGCTCAAACGCACCGAGTGACACGATGCGGTCGACCGGCTCGTCGAACTCCTCCCAGCCCTGGATTCGCACCTCTTTTCGGCGGGGGCTGTCGACCTCATCGAACATCGCCTTGTCGTGGGCGTACTGGTTTTCGCTCAGGGTCAAGCCGATGACGTTGACGTCGTACTCGGCGACCGCGTGTCGCATGGTGGAACCCCAGCCGCAGCCGATGTCGAGCAGCGTCATGCCGGGCTCAAGGTTCAGCTTGTCCAGTGCCAGCTTGCGCTTCGCGTACTGCGCCTCTTCCAGCGTCATATCGGGACGTTCGAAGTAGGCGCAGCTGTACGTCATCGATGGGTCAAGCCAGAGCTTGAAGAACTCGTTCGATTTGTCGTAGTGGGATCGAACTGCTTCGACCGGCGGCTTGAGCTGCGTGCCGCTTGTCGTGTCGCCCTGTGACGTCATTGAACGGACCCTACTTTCCCCACTAGATCGATGCAATCGCCGCCACCGTTGCATCGGCATCGGCTTCGTGGTGGGCCGCTTCTCCCAACATGGTGACGACACTGGTGACCACAGGCTTTCCTTCGGCGTCGGTAACTTCGCTTCGGATCTCGGCGAGCACCGTGCCGTGGGATTCGATGACGGAGTCAAGATAGGTGTCGAAGTACAGCTTGTCGTTGGCCAGGATCGGCCGGTGGAAGCGGAACTTCTGGTCGCGATGAAAGACCCGGGCGATGTTGATCGGGATATTGAACTTGGTGAAGATCTCCAGCTGCACGCGCCGGCCGGCGATCGCCAGGAAGGTCAGCGGGGCTACCAGCGCGGGGTAACCGGCCGCTGCGGCATCCGGCTCGCTGTAGTGGGTCGGGTGGTCGTCTTTGACCGCGACCGCGAACTCGCGGATCTTCTCGCGCCCCACCAGAAAGTGGTCCGGCGCCCGATAATGCTTGCCGATCAGTGTCTGGGCTTCTTCGGGAACTGTCATGCCGCTGCCGCCCTCCGCTCGAATAGTTGCTAAGCCCTATTGCCCGGCTCCTCCTCGCCCCGCTGCGCGGGTCGCATCGTCGCCAGGCTGGGCCCTATTGCCCGGCTCCTCCTCGCCCCGCTGCGCGGGCCGCATCGTCGCCAGGCTAACGGCGCAGCTTATCAGCGTGATTGGCGTCTAGAGGCTAGAGCCGCCAACGCGCCGCCGGCCGCACCCAGCGCCAGGGCCGACGGAACCCCGATCCGAGCGGCCTTGCGGGCGATTCGGAAATCACGGATCTCCCACCCCCGTTCCCGGGCCAGGCTGCGCAGGCGGGCGTCGGGGTTGATGGCGACCGCGGTGCCCACCAGCGACAGCATCGGGACGTCGTTGTAGCTGTCGGAGTAGGCGGTGCAGCGTTTGAGATTGAGTCCCTCCCGGATGGCCAGCGACCGCACCGCGTGTGCCTTGCCGGTGCCGTGCAGGATCTCGCCGACCAGTCTGCCGGTGAATATCCCGTCGACCGACTCGGCGACGGTGCCCAGGGCGCCGGTTAGGCCGAGCCGGCGGGCGATGGTGGCCGCGAGTTCGTATGGGGTAGCGGTGATCAGCCATACCTGCTGGCCGGCGTCCAGGTGCATCTGGGTGAGTTCGCGGGTGCCGTCCCAGATCTTGTCGGCGATGATCTCGTCGTAAATCTCCTCTCCCAAGGCCACCAACTCCGCGACGGATCGGCCCTCGATGAACGCGAGCGCCTTGCGCCGGCCAGCGGCGACGTCGTTGCTGTTCTCCTTGCCAAGTAGCTGGAACTTGGCCTGAGCGTAAAGAAATCCGAGGACGTCGCGGTAGGTGAAGTAGTGGCGAGCGGCTAGCCCGCGGCCGAAGTGCACCGCCGACGAGCCCTGAACCAAGGTGTTGTCCACGTCGAAGAAGGCGGCTGCGGTCAGGTCGATCGGCGGCTGCCGATCGCTGCCGGCGGCGGCGACGGGGGCCGGCATGTCCACCGGCGAGTGGCTGGCGCTGGCATCGGGTGGCGGCGGGTCGGCCGGCGAAGCCAGGTCGACGTGACCGGCCTGGTCTGGGCTACCCAGGTGGGAGGAAACCATCATTACTCCTAATCGCGGTGCCTGCCCGGTGGCCGATGCTGCGGCCGTTATCAACCCTATCCGGCAAA
CP180709.1_gap12	602771	606429	3658	GGTTGCGCGCTGAGGGTGCGCTGCCCCCGCCGCGCAAGAAGAGCCGCAGGCGCTAGTGGCCCACCCTCGTCAGGTGAGCGTGCGTGTCTGTACACCGACACGCCGACCGAGCTGGCATTTTGCGTACGCTCGCGGCTACGAATGAGCATGAGTTCCTATCCGCGGCAGCGACCGCGCCGGCTCCGCTCCACCGTCGCGATGCGCCGTCTGGTTGCGCAAACCTCGTTGGAGCCAAGGCATTTGGTGCTGCCGATGTTCGTTGCCGACGGCATTGACGAGCCGCGGCCGATTACCTCCATGCCGGGCGTGGTACAGCACACCCGGGATTCGCTACGTAGGGCCGCGGCAGCCGCGGTGGCCGCCGGCGTGGGTGGGCTGATGCTTTTCGGCGTGCCGCGCGACCAGGACAAGGACGGTGTCGGTTCGGCGGGCATCGACCCCGACGGGATCCTCAACGTCGCCCTTCGCGATCTGGCCAAGGACCTGGGTGAGGCCACGGTGTTGATGGCCGACACCTGTCTGGACGAGTTCACCGACCACGGGCACTGCGGTGTGCTCGATGACCGGGGCCGGGTCGATAACGACGCCACCGTGGCCCGCTATGTGGAACTGGCTGTGGCGCAAGCGGAATCGGGCGCCCACGTGGTCGGACCCAGTGGGATGATGGATGGCCAGGTAGCCGCGATCCGAGACGGTTTGGACGCCGCCGGCTACATCGATGTGGTGATCTTGGCCTACGCCGCGAAGTTTGCTTCGGCGTTCTACGGCCCGTTCCGCGAGGCGGTGAGCTCTAGCCTGTCCGGGGATCGGCGCACCTACCAGCAGGAGCCGGGCAACGCCGCCGAGGCGCTGCGTGAGATCGAGCTCGATCTCGACGAAGGCGCCGACATTGTGATGGTCAAACCCGCGATGGGCTACCTCGATGTGGTGGCGGCCGCGGCGGACGTCTCGCCGGTCCCGGTGGCCGCCTATCAGGTCTCGGGAGAGTACGCGATGATTCGTGCGGCGGCGGCCAATAATTGGATCGATGAGCGTGCCGCGGTGCTAGAGTCGCTGACCGGTATCCGGCGTGCCGGCGCCGACATCGTGCTCACCTACTGGGCGGTAGACGCGGCGGGCTGGCTTACGTGACGGAGGCCTGACATGACACCAACCGGGGATACCAAGCCCAAGTTGTTGTTCTACGAACCCGGCGCGAGCTGGTACTGGGTGCTGACTGGTCCGCTTGCGGCGGTGTCGGTGCTCCTCCTCGAGATATCCAGCGGCGCCGGGGTTGGGTTGATAACGCCGGCGATCTTTCTGGTGATGGTGTCGGCGTTCGTGGCATTGCAGGTGAAGGCGGCGCGGATTCACACGTCGGTCGAGCTGACGCATGATGCCTTGCGCCAAGGCACCGAGACCATCAGGCTGGCCGAAATCGTCAAAATCTATCCGGAGGCAGACGGCCGCGAGACGTCCGGGGAAGAGCCGGCAAAGTGGCAGTCGGCGCGGACCCTGGGCGAGCTCGTCGGCGTACCGCGCGGCCGGGTGGGAATCGGGCTGAAGCTGACCGGAGGCCGCACCGCCCAGGCCTGGGCGCGTCGTCATCAACAGCTGCGGGCGGCGCTGACTCCGCTGGTTCAGGAGCGGCTCGGGCCCGTGGATTCTGATGTCGCCGACGTCAACGGTGACGACGCCGGGCCAGCGCGGTGATCGCCCGCTACCGGGCCGGGGCCGAACTGTTCCTGGCTTGTGCCGCGCTTGCCGGATCTGCGGCGAGCTGGTCGCGGACCCGCTCCACCGTGGCCGTCGCGCCCGTCATCGACGGCCAGCCGGTCACCCTGTCGGTGGTCTATCACCCGCAACCGTTGGTGCTGACCCTGCTGCTGGCGACGATCGCCGGCGTGTTGTCGGTGGTGGGGACGGCCAGGTTGCGGCGCGCGCGAGCTGGCTTGAACGCACATCCGGACGGCTTGAACCAGCGTCCGCCCGGCGGTTGGTGTCATTGAGCCGTTTGCGTGGATCACTTCCGCTGCTGCTTGATCGGGCCCTGGTCTGTGTCGGCAGCGGCTGGTAGTATCGAAAGTATGTTCGATCAGGTGCGGGGGCGCATGCCTTCACCGGAGGCGATCGCTCATTTTGATGAGCGGTTTGAATGCCATGCTCCGCGGACCACGAGGGTGTCGGCGGCGTTCATCGATCGGATCTGCTCGGCGACTCGGGCCGAAAACCGGGCCGCTGCGGCGCAGTTGGTGGCGTTGGGGGAGTTGTTCGCCTATCGGTGGTCGCGTTGCGGGGGCCGCGAGGAGTGGGTGATGGACACCATGGCGGCGGTGGCCGCCGAGGTGGCGGCGGCGTTGCGGATCAGTCAGGGTCTGGCGGCCAGCCGGTTGCGGTATGCGCGGGCGATGCGTGAGCGGCTGCCTAAGACGGCTGAGGTGTTTAGCGCCGGCGACATCGGCTATCTGATGTTTGCCACGATTGTGTATCGCACCGACTTGATCGTTGACCCTGATGTTTTGGCGGCGGTGGATGCGCAGTTGGCCGCCAATGTGGCGCGTTGGCCCTCGATGACCAAGGCCCGCCTGGCTGGGCAGGTCGATAAGATCGTGGCGCGTGCCGATGCCGATGCGGTGCGGCGGCGCAAGGAGTATCAGGCCCAGCGCCAGTTCTGGGTCGGGGAAAGCCAAGACGGTGTGTGCCAGATCGGTGGCAGCCTGTTGGCCGTCGACGCACACGCCCTCGATGCGCGGTTGAGCGCGTTGGCGGGCACCGTGTGTGAGCACGATCCGCGCAGCCGTGAGCAGCGCCGCGCGGACGCGTTGGGGGCGTTGGCGGGCGGGGCCGATCGGCTGGGCTGTGGCTGTGGGCGCGCTGATTGTGCGGCCGGGAAGCGGCCTGCGGCCCCGCCGGTGGTGATTCACCTGATCGCCGAGGCGGCCACGATCAATGGCACGGGCTCGGCGCCGGCATCGCAGATGAACGCCGACGGGCTGATCACCGCCGAACTGGTGGCCGAGCTGGCCAAGACGGCCACGCTGGTGCCGCTGGTTCATCCCGGCGATGCGCCGCCCGAGCCGGGGTATGCGCCGTCGAAAGCGCTCGCCGATTTCGTTCGCTGCCGGGATCTGACGTGTCGCTGGCCCGGCTGTGATGAGCCCGCCACCAATTGCGACCTGGATCATACGATCCCGTATGCCGCTGGTGGGCCCACCCATGCGTCGAACCTGAAATGTTACTGCCGTACCCATCACCTGGTGAAAACGTTTTGGGGATGGCGTGATCAACAGCTACCCGACGGCACCCTGATTTTGACCTCCCCGTCCGGGCATACCTATGTCAGCACCCCGGGCAGTGCGCTGCTGTTCCCCAGCTTGTGCCACTTCAGCGGCGGCATCCCGGCACCGGAAGCCGACCCACCCTACGACCATTGCGACCAGCGCACAGCGATGATGCCCAAACGCCGGCGCACCCGCGCCCAAGACCGGGCCTATCGCATCGCCACCGAACGTCGACAAAACCACGCCGCCCGCCAGCGCGCCCAGGTGCTCACCCAGACCGCCGCGGCCACCGACACCCACGGCCCACCACCGGATCACAACGACGACCCACCGCCGTTTTAGGCTGACCTGCTGATTAGCGGTAGCACCAGCTGACGGCGGCGGTCGATGGCGTCAGC
CP180709.1_gap13	629422	631316	1894	AACAGCAGGCGCCGGTCCCGCCGCCTCCGCCCGATGATCCCACCGCTGGATTCCAGGGCGGCACCATTCCGGCTGTACAGAACGTGGTGCCGCGGCCGGGTACCTCACCCGGGGTGGGTGGGACGCCGGCTTCGCCTGCGCCGGAAGCGCCGGCCGTGCCCGGTGTTGTGCCTGCCCCGGTGCCAATCCCGGTCCCGATCATCATTCCCCCGTTCCCGGGTTGGCAGCCTGGAATGCCGACCATCCCCACCGCACCGCCGACGACGCCGGTGACCACGTCGGCGACGACGCCGCCGACCACGCCGCCGACCACGCCGGTGACCACGCCGCCAACGACGCCGCCGACCACGCCGGTGACCACGCCGCCAACGACGCCGCCGACCACGCCGGTGACCACGCCACCAACGACCGTCGCCCCGACGACCGTCGCCCCGACGACGGTCGCTCCGACCACCGTCGCCCCGACCACGGTCGCTCCAGCCACCGCCACGCCGACGACCGTCGCTCCGCAGCCGACGCAGCAGCCCACGCAACAACCAACCCAACAGATGCCAACCCAGCAGCAGACCGTGGCCCCGCAGACGGTGGCGCCGGCTCCGCAGCCGCCGTCCGGTGGCCGCAACGGCAGCGGCGGGGGCGACTTATTCGGCGGGTTCTGATCACGGTCGCGGCTTCACTACGGTCGGAGGACATGGCCGGTGATGCGGTGACGGTGGTGCTGCCCTGTCTCAACGAGGAGGAGTCACTCCCGGCGGTGCTGGCCGCGATCCCGGCCGGCTATCGGGCGCTAGTGGTGGACAACAACAGCACCGATGACACCGCGACGGTGGCCGCCCGCCACGGTGCCCAGGTGGTTGTCGAGCCGCGGCCCGGATACGGCTCGGCGGTGCATGCCGGTGTGCTCGCCGCGACCACCCCCATCGTAGCGGTCATCGACGCCGACGGCTCGATGGATGCCGGCGACTTGCCCAAGCTGGTCGCCGAACTCGACAAGGGCGCCGACCTGGTGACCGGTCGGCGGCGGCCGGTGGCGGGCCTGCACTGGCCATGGGTCGCCCGGGTGGGCACCGTGGTGATGAGCTGGCGGCTGCGCACCCGCCACCGCCTGCCGGTGCACGACATCGCGCCCATGCGGGTCGCCCGGCGAGAGGCCCTGCTGGATCTGGGCGTTGTCGATCGACGCTCGGGTTACCCGCTGGAGCTGCTGGTCCGGGCCGCTGCGGCGGGCTGGCGTGTCGTCGAACTCGACGTCAGTTACGGTCCCCGGACCGGCGGCAAATCCAAGGTCAGCGGTTCGCTGCGGGGCAGCATCATCGCGATCCTGGACTTCTGGAAGGTGATCTCGTGAGCTGCCTGCCGGTCAGCGTGCTGGTGGTCGCTAAAGCGCCGGAGCCGGGCCGGGTCAAGACCCGGCTGGCCGCGGCGATTGGCGATAAGGTCGCCGCCGACATCGCCGCGGCCGCACTGCTGGACACCCTGGATGCGGTGGCCGCTGCGCCGGTCACCGCCCGGGCGGTGGCGCTTACCGGCGACCTGGACTCCGCGGCCGATTCCGCGGAGATCCGCCGACGGCTTAAGTCCTTCACGGTATTTCGGCAGCGCGGTGACGCCTTCGCCGACCGGCTCGCCAACGCACACGTCGACGCGGCCGACGGCTATCCGGTGCTGCAGATCGGGATGGACACGCCCCAGGTGACCGCCGAGCTGTTGGCCGATTGTGCACGCCTGCTGCTTCAAATCCCCGCGGTGCTCGGCCTGGCGTTCGACGGCGGTTGGTGGGTGCTGGGGATACGCACGCCTACTGCGGCCGAGTGCCTGCGCGCCGTCCCGATGTCACAGCCAGACACCGGCGAGCTCACCTTGAAGGCGTTGCGCGACAACGGCATTGATGTGA
CP180709.1_gap14	637747	641147	3400	GGGCCAGATATGCGCTGCCGTAACCGCCATCGAAGCTGCCGACGTCGGCGTCGGTCTGCTTGAAGCGGGCGTACTCGCGGCTGGCCAGGGTGAGATCGCAGACCACGTGCAGGCTGTGTCCCCCGCCGGCCGCCCAGCCATTGACCAGACAAATGACCACCTTGGGCATGAACCGGATCAGCCGCTGCACCTCCAGGATGTGCAACCGGCCGGCGCGGGCGACATCAACCGTGTCCGCGGTGTCTCCGCTGGCGTACTGGTAACCGCTGCGCCCACGAATTCGTTGGTCGCCGCCGGAGCAGAACGCCCAGCCGCCGTCCTTCGGGGACGGCCCGTTGCCGGTCAGCAGCACCACTCCGACGTCGGGCGACATTCGTGCATGGTCGAGCACCCGGTACAGCTCGTCGACGGTGTGCGGGCGAAATGCGTTGCGCACTTCAGGGCGGTTGAACGCCACCCGCACCGTGGCATCGTCGACGTGGCGGTGGTAGGTGATGTCGGTCAGATCGTCGAACCCGTCCACGAGCCGCCACGCCTTGGCATCAAAAGGGTTGTCACTCAAGGCTGTTGAACTCCGTCCTTGTTCGCCGGCTGGAGCCACCACGGCGATCTGATCCGTTCACCCATGCCTGCCACAGTAATCATGGCCGCTGGGCGTCAGCCGGACGGTATGGTGCCCGGGGCCTTGGTCACATGTGGTCGTGAGTTGGCGCCCGGGCGGCTTTCTGTGGAGGGTCACCGCGTACTCGATCATGGCGCTGCTCGCAGTTCATCACCGAACCGGCACAGTGTCGCTCGGCAATGCGGTCTACTCGTGGGGCATGTTAAGCGCTCAACAGGGCGGCGCGCCCACCTTTCTCCAAGCCCCGCTGGACTCAGCCGATGGCGTGAGCCGAGGGCCAGGCGCGTGCCAATCTTTCGTCGGTGGTCAACAACACCAGACCTGCCGTTTCGGCCAGCTCGACGTAGAGGGCATCGGTCAGGCGGAGGGTGTCGCGGCGCGACCACGCTCCAGCAAGCAGCGACGAAAGACCGTGTCGAGTCACCGGCACCTGTCGCAACTCCTCCAGTGCCGCATCGACATAGGCAACGGTGAGTGCGCCGGCGCGCTGCATGCGCCCCAGCGCCGACAACACCTCTGCATCGAAGTGCGCCGGCGCGTGCATCGCGGTCCGAGCCAGCCGCGCGCGCACCGCAGAGCACCGATCGCTAGTGCGAGCCAGTAGATCCACCATGGCACTCGCGTCGACGACCACCTGCTCCGGCGGCGAAGTGGGCGATGCTCTCACGCTTCGAACTCATCGCGAGCGGCATCGATCGCACCCAGCACGTCATCATGCCGAGCGCCGGTGCTTCTGGGTTCCAACCCCTCAAGCCACGCATCGGTTGCGGAGTTCTCCAACTCGGCACTGATCGCGGCCTGAGTCAGCGCCGAGACGTTCAAGCCCCGCGCCCTGGCGCGCTCCGCCAATTCGTCGGGCACATACACGTTCAACCGAGCCATACACACCAATGTACACACAACGATCGTTTTCGTGCGCCGGCTCAACAAGGCCTTCGGCGGGTTCTTTCGCCCGCCGCAGACCGCGAAACCCGCTGTGGAGGTGGGTTATCCCGAGCATCGCCGGCATATCTGCACGGCATCGGCGGCGTCAAGTGCGCCGGCATCGCCAGGCCGAAGGCCGGGGTGAAGACTAATCCAGATCAGATGCGAGGGACCAGACTTCATGCAACGGCCAAGCCCTAGCCGACCGCGCGCCCAGCGCCTTCCCAGAACCGTGCGCGCACGGCCTTCTTGTCCGGCTTTCCTAGACCGGTCAACGGCAAAGAGTCGACGACCACCACCCGCTTGGGTGCCTGCACCGATCCCTTGCGTTGTTTGACCGCTGCCTGGATCTCGGCGGTCATGGCCTCGATCGCGGGCTCATCGCGGGCCGCGTTGGAGCGCAACACCACCACCGCGGTGACGGCCTCGCCCCACTTCTCATCCGGCGCGCCAACCACGCACACCTGAGCAACCGCCGGATGCTCGGCCACCACGTCCTCGACCTCCCGGGGGAACACGTTGAAGCCGCCGGTGACGATCATGTCCTTGACGCGGTCGACGATGTAGTAGAAGCCATCGGAGTCCTCGCGGGCCAGGTCGCCGGTGTGCAGCCAGCCGTCTTTAAAAGTCCGCGACGTCTCGTCTGGCAGATTCCAGTAACCGCCCGCCAACAGCGGTCCGCTGACACAGATTTCGCCGACTTCGCCCTGCTTCACCGGCTTGCCATGCTCGTCTAACAGCGCGACGCGGGCGAACAGCGTCGGCCGCCCACATGAGGTCAGCCGCTTCTCGTCGTGATCGCCCTTGGCCAGATAGGTGATCACCATGGGCGCCTCGGATTGCCCGTAGTACTGGGCGAAGATTGGGCCGAACCGCCGGATCGCCTCGGCTAGTCGCACCGGGTTGATCGCCGAGGCGCCGTAGTAGACGGTTTCCAGCGACGACAGGTCCCGGGTGTGCGAATCCGGGTGGTCCAGCAGCGCGTACAGCATCGATGGCACCAACATGGTCGCTGTAATGCGTTGCTCCTCAATGATTCTGAGTACCTCGGCCGGGTCGAACTTCGCCAGCACTATCATCTCGCCGCCCTTGATCACCGTCGGCGTGAAAAACGCCGCGCCGGCGTGCGACAGCGGGGTGCACATTAAGAACCGCGGGTTGGCCGGCCACTCCCATTCGGCGAGCTGGATCGAGGTCATGGTGGCGATCGACTGCGCGGTGCCTATCACGCCCTTAGGCTTGCCGGTGGTGCCGCCGGTGTAAGTCAGGCCGATAACTTGGTCGGGTGGCAGGTCGGCGGCGACCAGCGGCTGCGGCTGGTATTTGGCGGCCTCGGCGGATAGGTCGACTGCCACATGCTTGAGCGCATCGGGCACCGGCCCAATGGTGAGGATTTGCTGCAGCGAGTCCACCTGCTCCAGCAGAGCCAGTGCGCGCTCGACGAACATCGGGTTGGGGTCGATGATCAGTGAGCTGATGCCGGCGTCGTTCAGCACGTAGGCGTGATCGGCCAGCGAGCCCAACGGGTGCAGCGCGGTGCGCCGATAACCGCGGGCCTGCCCGGCGCCGATGATCATCAAAACTTCAGGACGGTTGAGCGACAGCAGACCGACCGCCACCCCGGTGCCGGCACCTAGCGCCTCGAATGCCTGGATGTACTGGCTGATACGGTCCGCCAGCTGGCCACCGGTCAGCCTGGTGTCGCCGAGGAACAGCACCGGCTTGTTCTGGTGGCGCTTGAGCGCTCCCACTAGCAGATGGCCGTTGTGGGTCGGGCTGCGCAACAGCTCGCCCGAACAATCCTGGTCACGCATGGCGCCGCTCTCCCTCGCTAGCTGGGGTACCCCCACCGCA
CP180709.1_gap15	643292	648109	4817	GTGGACGCCAACGGTGGCTGGGGTGTCGCCGAGGCGGTGGCCGCGGCGGCCGCCCTGACCGCCGACGGCCCGCTGGAATACCTTGAACAACCCTGTGCCACCGTCGCCGAACTCGCCGAGTTGCGCCGGCGGGTGGATGTGCCGATCGCCGCCGACGAAAGCATCCGCAAGGCCGAGGATCCGTTGGCCGTTGTCCGCGCTCAGGCCGCCGATATCGCGGTGCTGAAGGTCGCCCCGCTGGGCGGTATTTCGGCGCTGCTTGATATCGCGGCGCGGATCGCCGTTCCGGTGGTGGTCTCCAGCGCGCTCGATTCCGCCGTCGGAATCGCCGCCGGCCTGACCGCCGCCGCGGCCCTGCCGGAGCTCGACCACGCGTGCGGGCTGGGCACCGGCGGGCTGTTTGAAGAGGACGTGGCCGAGCCCGCAGCACCCGTCGACGGCTTTCTGGCAGTTGCGCGGACAACGCCCGACCCGGCGCGGTTGCAAGCCCTGGGTGCACCGCCGCAGCGGCGACAGTGGTGGATCGACCGGGTCAAGGCCTGCTACTCGTTGCTTGTACCGTCTTTCGGGTGATCAACCTGGCCTACGACGACAACGGGACCGGTGACCCGGTGGTCTTTATCGCCGGCCGCGGCGGCGCCGGACGCACCTGGCACCCACATCAAGTCCCGGCCTTTCTGGCGGCTGGATATCGGTGCATCACGTTCGACAATCGGGGCATCGGCGCCACCGAAAACGCCGAAGGCTTCACCACGCAAACCATGGTCGCCGACACCGCGGCGCTGATCGAAACCCTAGACATCGCCCCGGCGCGCGTTGTCGGGGTGTCGATGGGGGCATTCATCGCGCAGGAACTCATGGTGGTCGCACCCGAGCTGGTCAGCTCGGCGGTGCTGATGGCCACTCGCGGCCGCCTGGACCGCGCCCGCCAGTTCTTTAACAAAGCCGAGGCCGAACTCTATGACTCGGGTGTCCAGCTGCCACCCACATACGACGCGAGGGCTCGCTTACTGGAGAACTTCTCCCGAAAGACGCTCAACGATGACGTGGCCGTTGGCGACTGGATCGCGATGTTTTCCATGTGGCCGATTAAGTCCACCCCCGGACTGCGCTGTCAGCTAGATTGCGCTCCGCAGACCAACCGGCTGCCCGCCTACCGCAACATCGCCGCGCCGGTGCTGGTGATTGGTTTCGCCGACGACGTGGTGACGCCGCCCTACCTGGGTCGGGAGGTCGCCGACGCCCTGCCGAACGGCCGTTACCTGCAGATACCTGACGCCGGTCATCTCGGGTTCTTCGAGCGGCCGGAAGCCGTCAACACCGCGATGCTGAAGTTCTTCGCCAGTGTCAAGGCCTGAGCGCGGCCCGGCCATACGGTCCGGCTGTGACACTCTGTACTGGTGAACCCCTCGACGACACAGGCGCGCGTCGTCGTCGACGAACTGATCCGCGGCGGCGTTCGCGACGTGGTGCTGTGTCCGGGCTCGCGCAATGCGCCGCTGGCCTTCGCGCTGCAGGACGCCGACCGGTCCGGCCGGATCCGGTTGCACGTTCGCATCGATGAACGCACCGCCGGCTACCTGGCCATCGGGCTGGCAATCGGGGCGGGCGCGCCGGTGTGTGTCGCGATGACATCCGGCACCGCCGTGGCCAACCTCGGTCCGGCGGTGGTGGAGGCAAACTACGCTCGGGTGCCGCTGATCGTGCTGTCAGCCAATCGGCCCTACGAGCTGCTGGGCACCGGCGCCAACCAGACCATGGAACAGCTGGGCTATTTCGGCACCCAGGTGCGCGCCAGCATCAGCCTGGGGCTGGCCGAGGACGCACCCGAGCGGACCTCGGCGCTCAACGCGACCTGGCGATCGGCTACGTGCCGAGTGTTGGCGGCCGCCACGGGTGCTCGCACCGCCAACGCGGGCCCCGTGCACTTCGACATCCCGCTGCGCGAACCGCTGGTGCCCGATCCCGAGCCCCTCGGCGCGGTCACCCCGCCGGGCCGGCCTGCTGGCAAGCCGTGGACCTACACGCCGCCGGTCACCTTCGACCAGCCACTGGACATCGACCTGTCGGTCGACACCGTGGTCATCTCCGGGCATGGCGCTGGCGTGCACCCCAACCTCGCGGCGTTGCCGACCGTCGCAGAACCGACGGCGCCGCGGTCCGGGGACAACCCGTTGCACCCGCTGGCGCTGCCGCTGCTGCGCCCTCAACAGGTGATCATGCTGGGCCGGCCGACACTGCATCGTCCGGTATCGGTGCTGCTGGCCGACGCAGAAGTGCCGGTATTCGCATTGACAACCGGTCCACGCTGGCCGGATGTCTCGGGTAACTCGCAGGCCACCGGCACGCGGGCGGTCACCACCGGCGCGCCGCGGCCCGCGTGGCTGGACCGGTGTGCGGCGATGAACCGGCACGCGATCGCGGCGGTTCGGGAACAGCTCGCGGCGCACCCGTTGACCACCGGGCTGCATGTCGCGGCGGCGGTGTCGCATGCGCTGCGGCCCGGTGACCAGCTGGTGCTCGGGGCATCCAATCCGGTGCGGGATGTGGCGTTGGCCGGTTTGGACACCCGCGGCATCCGGGTACGGTCCAACCGTGGGGTCGCCGGCATCGACGGCACCGTGTCCACCGCGATCGGGGCGGCCCTAGCTTATGAGGGGGCTCACGAGCGCACCGGCAGCCCGGACTCCCCGCCCCGCACCATCGCACTGATCGGCGACCTGACGTTCGTGCACGACAGCTCCGGGCTGTTGATCGGGCCGACCGAACCGATACCGCGGTCATTGACCATCGTGGTGTCTAATGACAACGGCGGCGGCATCTTCGAATTGCTCGAGCAGGGTGATCCCAGGTTCTCCGACGTGTCATCGCGAATCTTCGGCACCCCACACGACGTCGATGTGGGCGCATTGTGCCGCGCCTACCACGTGGAATCTCGCCAGATCGAGGTCGACGAACTCGGACCGACCCTCGATCAACCCGGTGCCGGCATGCGCGTGCTCGAGGTCAAGGCCGACCGGTCGTCGTTGCGACAATTGCACGCCGCCATCAAGGCGGCTCTGTGATATCACCGAAACCCCTGCTGCACATCCTGATTCATGGGCGCAGTGATGAACTGCCCGATACTCGAGGCAGGATCGTGCTGCGCTGGTTACGAATCGCCGTCCTGATAGTGACCGGTTTGGTCACGCTGCAGTCGGTGCTTCTGGTGGCTGGTGCGTGGCGCAATGACATTGCGATCCAACGTAATATGGGGGTCGCGCAGGCTGAGGTGCTCAGCGCCGGGCCGCGGCGTTCGACGATCGAGTTTGTCACACCGGATCGGATCACCTATCGGCCGCAACTCGGTGTGCTGTATCCGTCCGAATTATCCACGGGCATGCGAATTTACGTTGAGTACAACAAGAGGGATCCCAACCTGGTCAGAGTGCAGCACCGTAACGCCGGACTGGCGATCATCCCGGCCGGGTCCATCGCGGTGGTGGCCTGGCTGATCGCCGCCGCCGCGCTGGTCGTGCTAGCGGTGCTGGACAAGCGGTTGGAACGTCGTGAAAATTCGGCGTCTGCAACGGGCTGAGCAGCAGAGTTCGCACGCCGTATGCCGCTACGCAACCATTTCGACAGCCGGCGCTGACAGTGTGTGTGGCGTGCGCGTTGCGATCGTCGCCGAGTCGTTCCTCCCGCAGGTGAACGGCGTCAGCAACTCGGTGGTCAAGGTACTCGAACATCTGCGTCGAACCGGTCATGAAGCCCTGGTGATCGCGCCCGACACGCCGCCAGGTGAAGACCGCGCCGAGCGACTTCACGACGGTGTCCGGGTGCACCGGGTGCCGTCGCGGATGTTCCCAAAGGTGACCACGTTGCCGCTCGGCGTGCCCACCTTCCGAATGCTGAGAGCGCTGCGCGGATTCGATCCGGATGTCGTGCATCTGGCGTCGCCGGCGCTGCTTGGCTACGGCGGACTCCATGCCGCTCGGCGGCTAGGGGTGCCCACGGTCGCGGTCTACCAAACCGATGTTCCGGGTTTCGCGTCCAGCTACGGCATTCCGATGACAGCACGGGCGGCGTGGGCATGGTTCCGCCACTTGCATCGCCTGGCTGACCGCACTCTGGCGCCGTCCACAGCGACAATGGAATCCCTTATTGCCCAGGGCATTCCGCGAGTACACCGGTGGGCACGCGGGGTGGACGTGCAACGTTTCGCGCCGTCGGCGCGAAACGAGGTGTTGAGGCGACGGTGGTCACCGGACGGCAAACCCATCGTCGGCTTTGTGGGTCGGCTTGCTCCGGAGAAGCATGTCGACCGGCTCACGGGTCTGGCGGCCTCCGGCGCCGTGCGGCTGGTGATCGTCGGCGACGGCATCGACCGGGCAAGATTGCAATCAGCAATGCCCACAGCGGTTTTCACCGGAGCACGGTATGGCAAAGAGCTCGCCGAGGCGTATGCCAGCATGGACGTCTTCGTACATTCCGGTGAGCACGAGACGTTCTGCCAAGTCGTGCAGGAAGCGCTGGCGTCGGGGCTACCGGTGATCGCTCCGGACGCCGGCGGACCGCGTGATCTGATAACCCCGCACCGCACCGGGCTGCTGTTGCCGGTCGGCGAGTTCGAGCACCGGCTTCCTGACGCCGTCGCCCACCTGGTGCACGAACGCCAGCGCTACGCGCTGGCCGCCCGGCGCAGTGTGCTGGGCCGCAGTTGGCCGGTGGTCTGCGATGAGCTGCTCGGCCACTACGAGGCGGTGCGAGGTCGGCGCACGACCCAGGCCGCGTAACGGTAGCGTCGAGGCTATGAGTCGCGCCGCCTTGGACAAGGA
CP180709.1_gap16	677825	678942	1117	TGGTGCAGTACTCGCCGGACACCGTCGACAACTACGCCGGCTACGACTACGACAACCCGCATTCCACCGGATTCAGCATGACGCACGCGTCGGTGGGCTGCCCGGCGTTCGGCGACATCTCGATGTTGCCCACGACCACCCCGCTCGGCTCGCAGCCGTGGAGCGCCTGGGAGGAGATCGCCCACGACGACACCGAGGTCGGCGTGCCCGGCTACTACACCGTACGGTTCCCCGGTACCGGGGTGATCGCCGAGCTCACCGCCACCACCCGCACGGGCGTCGGCCGGTTTCGCTACCCCCGCAATGGGTGGCCGGCGCTGTTTCACGTGCGCTCCGGCGCATCGTTGGCGGGCAACTACGCCGCGACACTGCAGATCGAGGACAACACCACAATCACCGGCTCGGCGACCAGCGGCGGGTTCTGCGGCAAGAAGAACCTGTACACGGTGTACTTCGCCATGAAGTTCAGCCAGCCGTTCAGCTCGTATGGCACCTGGGACGGCTACGCGGTCTATCCCGGTTCACACAGCATGAATTCGAGTTACAGCGGGGGGTATGTCGGGTTTCCGGCCGGCTCGGTGCTCGAGGTGCGGACCGCCCTGTCCTATGTGAGCGTGGACGGGGCGCGAGCCAACCTGGACGCCGAAGGCGGAGCAAGCTTCGACGACATCCGTGCGGCGACATCGAGCGAATGGAACGCCGCGCTATCGCGAATCGCGGTGGCCGGCAGGGGGCCTGGCGACGTGGACACCTTCTACACTTGTCTTTACCGGTCACTGTTGCACCCCAACACCTTTAACGACGTGGACGGACGTTACATCGGATTCGACGGTGTCATCCACAGCGTTGCCAGTGGGCACACCCACTACGCCAATTTCTCCGACTGGGACACCTACCGCAGCCTCGCCCCACTGCAGGGACTGTTGTTCCCGCAACGGGCCAGCGACATGATCCAGTCGTTGGTGACCGACGCGGAGCAGAGTGGTGCGTATCCGCGTTGGGCGCTGGCGAATTCCGCAACCGGCATGATGAGCGGAGACAGTGTGGTACCGCTCATCGTAAACCTCTACGCCTTCGGCGCCAGGGATTTCGACCTCAAATCCGCGCTGCACTACAT
CP180709.1_gap17	680465	682823	2358	GCCGACCATCGTCACCACGGTCACCGTGACGAACGTCGTTCCGCCGCCAAAGGCTTCGATACTGGCCCACAGTGCCAACGCAGCTCCGAGCGTCGTTCCGGCACAACCGAGTACGATCAACGCCAGTCGCTTCGGCTCCCGGGCCAACGCAATGAGGTCATTCGTTACCTCCCTGAGCTTCGGCCGCACCGCCGTCGCTAGCCAGCGTCGCAGCTTCGGCACGAAGAGGAATGTCCCGACAATGCCTAGGGCCACACCGGCAATGAGGTAGAGCACCGTGGCATTCGGGACGAAATGAGATAGGTCGGTCGAGGTGCCGGCCAGGGCGCTGAACAGGATCAGCAGCACGAGGTGGACGATCACCTGTACCGACTGCTGCAGTGCCACCGCCGCGGTGGCCCGCACTGCGGTCAGCCCTCCCTTCTGCAAGAACCGGGTACTCAACGCTAGCCCGCCGACGCCGGCCGGGGTAGTCGTTGCAGCAAAAGTGTTGGCTACCTGCATGATTGACAGCTTCCAGAAGCCCACCAGCCCATCAGCGCAGGCCCACAACGCCGCTGCCGCACCGACATACGTCAGCGCCGACACCGCTAGGCCCAGTAGCGCCCACCACCAGTTCGCGGTTCGCAGCTGGGAAAAGAACGTGGGCACGGTACTGATGAAAGGGTAAGCGACATAGACCAGAGCACCGATTAACACCAGTTGAATGAGCTGGCCGCGGCTGAACCGGGTGATCGTTTCGGCTTTGATCTGATCCGCGCCCGTTTGCCGCATCACCTCGGCGCGTGTGCTGGCGATGACCGCATTTGGGTCGGTTATCGACTCTCGGATTCGTTTTGGCACAGCGGATTTGGTAAGTCTTCGCGATGCCGCCAGGATGGCTTGCTTGCCGAACGTGTCAATGGCTGCGGTCACGGCGGCCTCGGCGTCATACAGCGCCGACGTCGTCACCAAGAGTTGGGCCAGGTCGGATTGGAGTTGGGCGTCGGTGGCGCCGTACTCGGCCTCACCGAACCCGCCGAACAGCACCGCGCCGTTGTCGACGGTGATCTCGGCACTACACAGGTCCCCGTGGGAGATCTGCTGGTCGTGCAGGGTCCGTAGCGCCTCCCAGACATGGGCAGTCGGCGTGGTTTTGGTGCATTCGCTGATGCCGATTCCGCGAGCGGGCCGGTGTGCATACAACGTCCATCCCCGGTCGAGCGGGGACACCGCGATCACCGTCGTGTTGGCCATGCCTAGATCGCCGAAGGCAATGGCCATCAGCGCGCGATGCTCGACCGCACGGCGCATGGAGGCTTGCAGGGGTGCGGTCTCGGTGCCGCGCAACGTCAGCTTCAGCCAGAGTTGGCGCAGCGCGCCGCCGCCACTTTGGTGCGGGCCGTACAACTCGATCAATGCCTCGCTGCACGCCCCGGCGTTGGGCTGCTCGCAAGCGGCCGACAGTACCAGTGGCCCGGGCCCGGCCGGCCGCACAACCGCGAGCCCGGACACCGCGAATCCGCGTTTTGCCAACGCGCGAATGGCACCATCCAGTGGCACTTCAAGCGCTGGTGTGCCGACGACCAGGACCACCAACGCGCCGACCAACCACCCCACCGCCAGCCCCAACAATGAGCGGGCCGGCACAATCGCGCTGACAACCAGATGGATCGGCACGAATGCCAACAGCAGCGCCCACCACCAGTGCCGCCAGCGCGCGGGCAGCCAGGGACCCGACACGGTGAGCACCGCCGCGAGCATTGCGATCCATCGCGGGTCATCGAGAAACTGGGCCAGCAATGTGGCGAGCCGGTCGGAAAGGTCAAAGTGCCATCGGGGTGCCGCGATGCGGCTACTGCTGATCGACAACGGGAGAACGGCCATAAGTCCGGCGGCCGCATACGCGCCCAGCAGCTTCCACTGCCGGGAAACGATCAGGCCAATCAGGATCACGAACGGCAACGCCAAAATCGCCAGGCCGTACCCCAGGTACACCAGATCGGATTGCGACGGGGACAGCACCCCGACGATCTCCGAGATGGATTTCTCCAGCGCCACCCACTGCGGGCGGGTGATCAGCGAACTCGTGATCACCGCCACGAGGTAGATCGCCGCCAGCACCGCCCGGATGATGTCGTTGGTGCGCCGGGTCAGTGGTTGCAGCAAGTTACCGGAAACGCCGATGTCGCGTCCGTCAACTCGCATGTTCTAACGATCTTCCGAATCAGGGCCCGCGGTGTCTGGTGCCGTTTCGCGGCTCCGCGGACAACTTAGCCCGATAACTGCGTGGGGTGTCGGTCTGACCACTTGACGTCTTACCAATCTTCATTCACACTGGGCGCATGGCGCTGCAGCCGGTGACTCGCCGATCGGTGC
CP180709.1_gap18	691932	696618	4686	GAGCAGTTCGTTGACCTGGTGTCGACCCGCACCAGCGGTCCGTATCTGCGGCATGGGCAGACGATCACCACGACTACGGTCCCCAGCCAGATTGGCCCGGCGCTGGACGCCGCCAACCGTGGATTGGCAGTGCTGCCCAAAGACCGGGTCGCGTCGGTGCTGCACGAGGCGTCGGAGGCCGTGGGCGGGCTGGGATCCTCACTGAATCGCCTCATCGAAGCCACCCAGGCAATCGCCCACGATGTCAGGGGCAGCCTCGAGGACATCGACGACATCATCGAGCGTTCGGCGCCTATCATCGATAGCCAGGTCAATTCCGGCAACGAGATCGCCCGCTGGGCCGCCAACCTCAACACGCTGGCCGCTCAGACCGCGCAGACCGATCCGGCGGTGCGAAGCATTCTGGCCAACGCGGCACCGACTGCCGATCAGGTCAACGCCACGTTCAGCGACGTGCGGGAGTCGTTGCCGCAGACGCTGGCCAATCTCGAGGTCGTAATCGATATGCTCAAGCGCTACCACAACGGCGTCGAGCAGGCGTTGGTGTTCTTGCCGCAGTCCGGCGCGATCGCCCAGTCGGTTACTACAGAGTTCCCCGGCCAGGCCGGACTGGGTGTCGGCGGCCTGGCGCTCAACCAACCACCGCCGTGCCTGACCGGCTTCCTGCCGGCGTCGGAGTGGCGGTCACCTGCTGACACCAGCACCGCACCGCTACCCAAGGGCACCTACTGCAGGATTCCGATGGACGCGAGCAATGTGGTTCGTGGAGCACGCAACAACCCGTGTGTAGACGTGCCCGGCAAGCGGGCGGCGACCCCGCGGGAATGCCGCAGCAATGAAGCTTATGTGCCCGGGGGCACCAATCCCTGGTATGGGGACCCCAACCAGATGCTCAGCTGTCCCGCGCCGGCCGCGCGTTGTGACCAGCCGGTGAAGCCAGGCCAGGTGATCCCGGCGCCGTCAGTTAACAATGGCATCAGCCCGCTGCCCGCCGATCAGCTGCCAGGCACACCTCCACCGGTCAACGATCCTTTGCAGCGACCTGGGTCAGGCACCGTCCAGTGCAATGGGCAACAACCCAACCCGTGCGTCTACACCCCGAGCACATTTCCTACAACCATTTACGACGTGCAGAGCGGCAAAGTCGTAGCACCCGACGGTGTGGTGTATTCCGTTGAGGCTTCGACTCATGCCGGAGCCGACGGATGGAAGGTGATGCTGGCACCAACCGGCTGAGCCGGCGCGATCAGGTACCGGCGGATTCGCGCTGGTCAAGAAAGGCAACCGTCAGATCGTTATGACCTCGACGTCGGGCATGGCGGCGTAGTCGTTGTCTTGGGTCAGGATCGCAATGCCGTGCGCCACGGCTGTGGCCGCAATCCAGCTGTCGTTGATCGGCACGCGCAGTTTGGCGGCGCGCAGCTTGGACACCAGTAATGCCCATGCTTCGGAGACCGCCTCGTCGATGCCTAGTGGTTCGAACCGTTGCGCAAGCTGGTAGGTGGAGAGCCGACGTGCGGCGGCCTCGGGGCCGGAGGCTTGCAACACCCCGAGCCGCAGCTCGCCGAGTGTGACTACCGAGACGCCCCATTCGTATCCCGCAAACCGGTCCGGGTCGAATCGTGTCGCCTCGATGCCAATGAAAACGGATGTGTCGGCGAGGGCGCGCCGTACGTTCACCACCGCACATCGTCCGTGGTTTGCGTCAGCGTCTCTCGCAGCTCCTCGCCCAGATTGGTGGTATCGGGGCCCAAGCGCACCAGTTCGCCGATCACCTCGGCAGCTGGCAACCATTGGCGGCGCCGCTTGAGCGGAACGATGCGCGCTACGGGGCGATTGTCCTTGAGCACCTCGATTTCCTCGCCGGCGGCAACTCGCCGCAGTACCTCGGCGGTGTGGTTGCGAAGATCGCGAGCGGGTATCGTAGCAGACATGCTACGAGTGTAGCGGAGCTGCTGTCGCGCCGCCTCGTCTCGATGTCTGCGGTCACGATCTCCGCAGGTTACGGCCGCTGCTGTGCCCGCAGTCGCCCGCGATGGTGGGCCCGTCGGGGTAGATTGCGAGCGCGCCCGGACGGAGGCCGCCGATGCCGAAGTGCCGTGATTTGTTCGAAGAGTTAGCCGGCCCAGAGCGTGCTAACGGGTAACGCCGCGAGCGTTGGGCCGAACGGGGTGGCTTCCGGCGCGGCGGTGAGCAGCACGCCGAACTGAAATCGATCATCGAGCCGCTCGGCCAGATAACGTAGGCCACGCAGGTCCTCGGCTCGCGGCGTGCTGGTCGCCTTGACCTCGATGCCGCAGACCCGACCATCGGGATGTTCGAGCACCAGATCGACCTCGGCGCCGCCGCGGTCGCGAAAATGCCACAGACTCGGCCGTTCGGTCGACCAGGTGAGCTGTTTGCGAATCTCGTTCGCCACGAAAGTCTCCAGTAGCGGGCCGAGTGGACGGCCGGGGCGATCCAGCGTCGCACCGGTAACGCCGAGCAGGTGACACGCCAGGCCACTGTCCGAGACCACCAGTTTCGGTCGGCGAATCACCTTGCGGCTCAGGTTGGTCGACCAGGCCGGCACCCGGTGGATAAGGAACGCCGCTTCCAGCAGGGCCAGATAGCCAGCGGTGGTGCGAGCCGGGATCGACAGGTCGTTCGCCAGTGCGCTCACGTTGAGCTCGGCGCCGGTACGCGCGGCGCAGAGCCGAAGCACACGCGGCATTTCGGCAAGCCGCTCGATCGGCGAAATCTCGCGGATCACCGACTGCGTCGCCGTCGTGAGATAGTTGTCGAACCACGCGCGACGCCTCGACGGCGATCGGGCGACGATGTCCGGGAAGCCTCCGGTGGCGATCCTGTCGACCAGATCGGCGCGGCGCATATCGGAGCCGTGGATCAGCTCGCGTGGTGCGGTGAACAGCGCATCGACGAAACCGTCCGCGATTCCGGCCCGCTCACCTTGCGAGAACGGCCAGAGTTCGATGATTTCGACCCGCCCGACGAGCGCGTCGGCCATGTCAGGAGCCGAGAGCAGCCTCGCTGAACCCGTGAGCAGGAACCTGCCCGGCCTGCGATCCCGGTCGACCTCTGCCTTGATCGCCCGAAACAGCCCCGGCTCGAGCTGGGCTTCGTCGATGACGAGCGTGTCCACCGGCCGGGATACGAATGCGCGGGGATCGTCGCGGGCGGCGTCGCGGTTGGCGACGTCGTCAAGCGAGACGACTTCGCTGGATCCCGGATAGTCAAGTCGCGCGACCAGTGTTGTTTTGCCGACCTGACGCGCGCCGTTGACAACGACGACCGGGGTGTCGGCGAGCGCGGCCAGCACCGAGGGCGCGATCGCGCGTTCGACGACTCCCATGCGGACAGAATACTCTGCCGATTTGTCTACCTATTGGCTGCCGATTCGTCCCCATTAGCGGTGCGGATTAGTCCACATCATCGCTGCGGATCCGTCCGACGGCGGCCCTGAGCCACGTGGCCGACGAAGAACGCTCGGAGGCGCTGCTGCGGGAGCGCTCGCTGCACTACGTGGCCAGTAGCCGGGCGGGGGACATGTTGGTGGTGACCTGGAGCGGACAGCGGTCGGAGTTGTTGAGTCAGCTGAAGATTCACGCGGCGACAACGACGTGGACGCCGATCTTTTCGTAAGTGTCCTTGGCTCGAGCATCGCGTGTGGCGAGTTCAGCCCGGTGCTCGGCGGCGGCAAGGGCCACGAGAGCGTCATAGACCGCGCCACCAGTGATCTCGAATTGGGCCAGCACGCGTGGGAGATGTTCAGTGGTGCGGGAACTCAACAACAGCGGTGCCGCAAAGCGTTCGGTAAGAAGCCGCGCGGCGTCCATCGGTGCCAGTCGTAGGTCACGCGGCAGGCGGGTCAGCACGGAGTAGGTTTCGGCCAGGGCGTGCCCGCACAGCGCGGCCTCCCGATGTGCCCACCAGGCGACAACCGCCGCATGCGCGGTATGGGTCCGTACCAGCAACGGAATCGCGACGCTGGTGTCCACTGCCAGCGGCGGTTTCACTTCCGGCCGCTATCGATAAGGCCGAACACGACCTCATCGTCGATCGTGGTCTCACCGGTGGCCACCAGTACGCCATTCTCCTCTTCGAGACGCGCTGTTCGTCCGGTGGGAATCAGGTGGAGACCAGCGCCATAGCGGGATATTTCCACGGTGGACCCCGGTTGCAGCCCCAAGGCTTCGCGCAGCGGTTTGGGTACGACGATGCGGCCAGCCGCATCCACAACAGCCTTCATGGGAATACGATACCAATGGCTTCCCACTCAGGTGCGGAAGTCGACTCACCGCCGTTACCACGACCCCGACGACCACACCGTCAGCTGCGGCGCGGCGTGGCGACTATTGGTCGCTAGTGTCGTGCTCCCGATTCGGGTCCTTTGTATCTGATGACGTGATCCGCGGAAGCTCCTCGTGGAAGGGCGGCCGCGGTGTGGGGAGGGTGATGCGGAGTTCGGCCCCGCCGTCGGGGTGGTTGGTGGCGTTGGCATGTCCGCCGTGGGTGGTGGTGAGGGCGGCGACGATGGCCAGGCCGAGGCCGCTGCCGCGACCGCCGCGGGCGGTGTCGGCGCGGGTGAATCGGTCGAAGGCGACGGGAAGAAAGTGGTCGGCGAATCCGGGGCCGTGGTCGCGGACGCCGATGTCGACTGCACCGTCGCGGGCGTGCGCGGTGACA
CP180709.1_gap19	708491	710635	2144	GCGCGGTCAGGTTGCGGATCTGCAGGCGCACGTCGCCGATATTGAGTACGCCCGCACCCATTGCAGCACCAACGACTGGATCGACCGGACCGCCCAGTTCGCCTCGGGCGCCATAGTCTTCAGCATCGGCGTGTTGACCGCAGAGACCGGGGCGGGGGTCGTGGCTGCCGCGGCCGGTGGTGTCGGCGCGGCCACGGCGGGCGTGAGTCTTCTACAATGCCTGGTGGGGAGCAAGTGATGGACGTATTGGCTGCTGGGATCGCGGCTGGCGCGCTCACGCTGGCGGCGTGGGGCGCCTGGCGCCCGCACTACCGGGCGGCGTCCTACCTCGTGGCCGGTGCCGTAGAGCTGGCACTGATCGGGCTGCTGGTGGTGACCGGGCAAACATTGATGGCCATCTCGGTGGCCTTCCTTGTGGCGCTGGGCGGTCCGTTGGTGGTGGTCAACCACCGCAGAGCTGAACGCAGCCGAGGTTAGATGAACGAAGAGGGCCTGTAGGTCGCACTCATCGCGCGGCTAGCCTGTGAGGCCAGCCCTCGGGCCGCCACCCAACACGGCTCGTGCGCTGTCTCGGCCGGCTCGTCTGCCGCACGGCCAGCATGATCAGTCCCGTTGGAATACCGGTGAGCGTCGGCGCGCGCATCACGATGCAGCGATGTTAGGATGAGGCGGTGCGCACTACCATCGACCTGCCGCAAGACCTGCACAAGCAGGCACTGGCGATTGCCCGGGATACGCACCGCACGTTGAGTGAAACGGTCGCCGACCTCATGCGACGAGGCCTGGCCGCCAACCGCCCTACCGCGTTGTCCTCAGACCCCAGAACGGGATTGCCTTTGGTGAGCGTCGGGACCGTCGTGACCTCCGAGGACGTGCGTTCATTAGAGGACGAGCAGTGACGGTGCTGCTCGACGCCAACGTGCTGATCGCATTGGTGGTCGCCGAGCATGTGCATCATGATGCCGCAGCGGACTGGCTCATGGCGTCCGACACCGGATTTGCGACCTGCCCGATGACACAAGGAAGCCTGGTTCGATTCCTGGTGCGCTCGGGACAGTCCGCGGCGGCGGCTCGGGATGTCGTCAGTGCGGTCCAGTGCACGAGCCGCCACGAATTCTGGCCCGATGCACTCTCTTTCGCCGGTGTCGAGGTCGCTGGTGTGGTTGGGCACCGGCAGGTGACCGATGCCTACCTTGCCCAGCTCGCGCGAAGCCACGACGGGCAGTTGGCGACGCTCGACAGCGGCTTAGCACACCTGCACGGCGACGTCGCGGTACTCATTCCAACGACCACCTGATGTGCATCGTCTCCCGGCGGCGCGGCGAGCCGCCCCAAAACCAACGATTGGGCCACGATGCGTAGGCATAGCTGAGGTGGCGTCGCGGCCCTCACCGGCGACACCACAGAGGATCTCGGGCCGATCCGATGAGCGCCACGCCACCGCCCGGAGGACTCGACGCGTCGGTGTTCATCGCGAACGAACGCGGTCGGCAACTCGACGAGGCGCTCCCAGTAGGGTTCTGCGTTGTGACGGCGCCGACGCGGTGGACCCTGGCCGATGGCCGTGACCTGCTGTTCTTTTCGCTGCCCGGACACGTCCCGGCGCCGGTGTCGGATCGTCGGCCGCTGCCCGAACGTGACCCGGCTCCCTCGCGGCTGCGGTTCGACCGGGCCACCGGCCAGTGGGTGATCGTCGCCGCACAGCGCCAGGATCGCACCTACAAGCCGCCGGCCGCGCGCTGCCCGCTGTGTCCGGGGCCGACCGGTCTGAGTAGCGAGGTGCCCGCCCCCGACTACGACGTTGTCGTCTTCGAGAACCGGTTTCCCAGCCTGGCCGGGGCCGGCATCGCCCCAATCGGCGCGCCCGACGGTGACGGGTTCGTATCCGCTCCGGGGCACGGACGCTGCGAGGTGATCTGCTTTTCGGCCGATCACACCGGTTCGTTCGCGGGCCTGGACCCGGCGCATGCCCGGCTGGTCGTGCACGCGTGGCGGCACCGCACCGCCGAATTGACGGCGCTGCCCGGGGTAGCGCAGGTGTTCTGCTTCGAGAACCGTGGTGAGGAGATCGGGGTGACCCTGCCCACCCGCACGGCCAGATTTACGCCTATCCGTATCTGACGCCGCGCACCGCGGCGATGCTG
CP180709.1_gap20	736611	737435	824	CGCGCTCGCATGCGCCGGTCTTTCTCGATCGGGATTTGCCAGATATCACCCTGGCCGGCGCAATCACTACTTCGCCAGCGTGAACTGGTTGACGTCGATGTAGCCGACCCGGAACAGCTTGGCGCAGCCGGTCAGGTATTTCATGTACCGCTCGTAGACCTCTTCGGACTGGATCGCGATGGCCTCGCTTTTGTGTTCCTGCAGCGCCTCGGCCCACAGGTCGAGGGTCCTGGCGTAATGCGGCTGCAGCGACTGGCGGCGAGTCAGCGTGAAACCCGTCTTCGCCGACTGGTCCTCAACCATTTCAATCGTCGGAGGTTGGCCCCCCGGGAAGATTTCGGTCGCGATGAACTTGAGAAAGCGGGCCAGCCACAACGTGAGCGGCAAGCCGTGGTCGACCATCTGCTGCCTGGTCAGGCCGGTGATCGTGTGCAGCAGCAACACGCCATCGGGCGGCAGGATTTTGTGGGCCCGGGCGAAGAAGTCGGCGTGACGATCGTGGCCGAAGTGCTCGAACGCGCCGATCGACACGATGCGGTCGACGGGCTCGTTGAACTGCTCCCATCCCGCCAGCAACACTCGCCTGTCGCGCGGGGTGTCCATCTCGTCGAACGACTTCTGCACATGGGCGGCCTGGTTCTTCGACAATGTCAGGCCGACGACGTTGACGTCATACTGCGCGATCGCGCGCCGCATGGTGGCGCCCCAGCCGCAACCGATATCGAGCAGCGTCATGCCGGGCTGCAGACCTAGCTTGCCCAGCGCCAGGTCGATCTTGGCGATCTGGGCCTCTTCCAGCGTCATGTCCTCGCGTTCGAAATGCG
CP180709.1_gap21	861259	865028	3769	ATGGTCGACCGCGCCGTCGGTGCTTTCGGCGGCATCGACTATCTGGTGAACAATGCGGCGATCTACGGTGGCATGAAGCTCGATCTGTTGTTGACCGTGCCGTTGGACTACTACAAGAAATTCATGAGCGTCAACCACGACGGCGTGCTGGTGTGTACCCGCGCGGTGTACAAGCACATGGCCAAACGGGGCGGCGGCGCGATTGTCAACCAGTCCTCGACCGCGGCCTGGCTGTATTCCAACTTCTACGGCCTGGCCAAGGTCGGTGTCAACGGGCTGACGCAGCAGCTGGCCCGCGAGCTGGGCGGAATGAAGATAAGGATCAATGCGATCGCACCCGGACCGATCGACACCGAAGCTACCCGCACCGTCACCCCCGCAGAGCTGGTCAAGAACATGGTGCAGACCATCCCGCTGTCGCGGATGGGTACACCGGAGGATCTGGTGGGCATGTGCCTGTTCCTGCTGTCGGATTCGGCATCGTGGATCACCGGGCAGATCTTCAATGTCGATGGCGGACAGATCATCCGGTCATGACCGGCGCCGGCGCCGATGCAGAGCGGGGCGATGAGGTGGGGGCACGCCCCCACAAGTGGGAGGTACCCCCATCCGCTGGCGGGGGAGAGCGGCGCTCATGACCGCTCACCCGGAGACACCACGCCTGGGATATATCGGCTTGGGTAATCAAGGCGCGCCGATGGCTAAGCGTCTGCTCGATTGGCCTGGCGGACTGACCGTTTTCGATGTGCGGGTCGAGGCCATGGCACCGTTCGTCGAGGGCGGCGCCACCGCAGCGGCAAGCGTCTCCGACGTCGCCGAAGCCGACATCATCAGCATCACCGTGTTCGACGACGCGCAGGTGAGTTCGGTGATCACCGCCGACAACGGACTGGCGACGCACGCCAAGCCCGGCACTATTGTCGCGATTCACTCCACCATCGCCGACACGACAGCAGTCGATCTGGCCGAAAAGCTCAAGCCGCAGGGGATCCACATCGTGGATGCACCGGTCAGCGGCGGCGCGGCGGCGGCCGCCAAGGGTGAGTTGGCCGTGATGGTCGGCGCTGACGACGAGGCGTTCCAGCGGATTAAAGAGCCATTTTCGAGGTGGGCTTCGCTGTTGATTCATGCCGGGGAACCGGGCGCTGGCACCCGGATGAAACTGGCGCGCAACATGTTGACTTTCGTCTCTTATGCCGCCGCCGCCGAGGCGCAGCGGCTGGCCGAAGCCTGTGGCTTAGACCTCGTGGCGCTCGGGAAGGTGGTGCGGCACAGCGACTCATTCACCGGCGGCGCGGGAGCGATCATGTTCCGCAACACCACTGCGCCGATGGAGCCGGCTGACCCGCTGCGGCCGTTGTTGGAGCACACCCGCGGCCTGGGTGAGAAAGACCTGAGTCTGGCGTTGGCCCTGGGCGAGGTGGTATCGGTCGACCTGCCGCTGGCCCAGCTGGCGCTGCAACGGCTGGCCGCCGGCCTCGGGGTACCGCACCCGGACACCGAGCCAGCAAAGGAGACATGATGGACGAGCTGCGCCGCACCGGCCTGGACAAAATGAACGAGGTTTACGCCTGGGACATGCCCGACATGCCAGGTGAGTTTTTTGCCCTGACCGTCGATCACCTATTCGGCAGGATCTGGACCCGTCCCGGCCTGTCCATGCGGGACCGGCGGATGGCCGTGATCGCGGTGCTGACCGCTCAAGGCCAGTCGGATCTGCTCGAGGTCCAAGTCAACGCCGTCCTGCATAACGACGAACTCACCATAGACGAGCTGCGTGAACTCGCTGTGTTCATTACCCACTATGTCGGCTTCCCGCTGGGCTCGCGGCTGAACAGTGCGATCGAGCGGGTAGCGGCCAAGCGTAAGCAGGCGGCCGAGAACGGCTCGCTGCCCGACACGAAAGCCAACGTCGCCGAAGTTCTTGCTAAGGAATCTGGTAAATCGAGCTAGTCTGACGTGTCGTGCGCGTCCTGGTAATCGGTTCGGGTGCCCGCGAACATGCGCTATTGCTGGCGCTCGGCAAAGACCCGCAGGTTTCGGGGCTAATCGTTGCTCCCGGCAATGCAGGCACCGCTCGGATCGCCGAGCAGCACGACGTCGACATCACCTCCGCCGAGGCGGTGGTCGCCCTGGCTCGCGAAGTCGGCGCTGACATGGTGGTGATTGGCCCCGAGGTACCGTTAGTGCTCGGGGTGGCCGACGCCGTGCGCGCGGCCGGCATCGTGTGTTTCGGGCCCGGTAAGGACGCGGCTCGCATCGAAGGCTCCAAAGCATTCGCCAAGGACGTCATGGCGGCGGCCGGTGTGCGCACCGCGAACAGCGAAATCGTAGACAGCCCAGCGCACTTGGACGCGGCCCTGGACCGGTTCGGGCCGCCTGCCGGTGACCCGGCCTGGGTGGTCAAAGACGACCGGCTAGCCGCCGGCAAGGGTGTGGTGGTGACAGCGGACCGCGATGTCGCGCGCGCACACGGAGCTGCCCTGCTCGAGGCCGGGCACCCGGTGTTGCTGGAGTCCTACCTGGACGGCCCGGAGGTATCGCTGTTCTGTGTCGTCGACCGCACCGTCGTGGTGCCGCTGCTGCCGGCACAGGACTTCAAGCGAGTCGGTGAGGACGACACCGGACTTAACACCGGCGGTATGGGCGCCTACGCGCCGCTGCCGTGGTTGCCCGACAACATCTATCGGGAGGTGGTCAGCCGGATCGTCGAACCCGTTGCGGCCGAACTAGTCCGGCGTGGAAGCTCGTTTTGCGGATTGCTGTATGTTGGTCTCGCGATTACCGCCCGCGGGCCGGCGGTGGTCGAGTTCAACTGCCGATTCGGCGATCCGGAGACCCAAGCCGTGCTGGCCTTGCTGGAGTCTCCGCTCGGCCAACTGCTTCATGCCGCCGCTACCGGGAAGCTGGCCGATTTCGGCGAGTTGCGGTGGCGTGACGGTGTGGCCGTAACAGTGGTACTGGCGGCCGAAAACTATCCCGGGCGCCCCCGGGTCGGCGACGTCGTTGTCGGCTCCGAAGCCGAGGGGGTGCTGCACGCCGGAACCACGCGGCGCGACGATGGCGCGATCGTTTCGTCCGGTGGCCGGGTGCTGTCGGTGGTGGGCACCGGTGCCGACTTGTCCGCAGCACGCGCACACGCGTATGAAATCCTCAGTTCAATTCGGTTGCCAGGAGGTCATTTCCGCAGCGATATCGGTTTACGGGCGGCCGAGGGGAAGATCAGCGTCTAGCAGGCTGCGGCTTGGCCATCACGGCGGGGATCGCTGGCCGCGAGGTACCCATCGTCGAGCCGCCAGATTGCCTGACAACTCCCGAACTGGCTGTAGTCCGCTACTGCGACCAAGTCATGCCCACGCTGCCGCAGTTCATCGAGAGTTGAATCCGGGAAGCCGTTTTCGAAACTGACCCGCATACCGTTCACCCAGCAGAACCGAGGGCCGTCACAGGCCGCCTGGGGGTTCTGGCCGTAGTCGGCGATGCGCACCAGCACCTGCACGTGACCCTGGGGTTGCATCATGCCGCCCATCACCCCGAAGCTCATCACCGGCGCACCGTCGCGGGTCACAAAACCTGGGATGATCGTGTGATAGGGGCGCTTCCGTGGCCCAACCCGGTTCGGATGTCTCGGCACCACAGTGAAATCCGAGCCGCGATTGTGCAGCGAAATGCCGGTGCCGGGCACCACCACACCGGAGCCGAACCCAAGGTAGTTCGACTGAATCATGGACACCATCATTCCCGCAGCATCGGCGGCGGCCAGATAGAC
CP180709.1_gap22	885365	885962	597	CACCCGTCGCGGTCATCGCCCGGTTCATGCCACGGCCTGACGCTAGGTCGGCCCTGCGCGCTCTCTTGGACGCAATGATTACCCCGACACGGGCCGAGGACGGATGCCGTAGCTACGACCTCTACGAGAGCGCCGACGGCGGCGAGCTGGTGCTTTTCGAACGGTACCGCAGCCGCATCGCGCTCGACGAGCACCGCGGTTCGCCGCACTATCTGAACTACCGGGCACAGGTCGGTGAATTGCTGACCCGGCCCGTCGCGGTGACTGTGCTCGCGCCGCTCGACGAGGCTTCTGCTTAGAGCGGGTAGCACCCAGGCAGCTTGATCCACGCCCGGCACCGGCCGAGCGCTCGGGAACCGCCGCAGACCACCGCAGTCCCCCCGTGGGTTCAGCGGCGCGGCGGCGGGTTGGCTATACCAGCAGGTAAAACGAATCTCGGTAGGATTCAAGAAGTCTCAGCCACAGTTCGCTGATGGTCGGGAAGCACGGAACGGCGTGCCACAACCGATCGATTGGCACCTGGCCGGCGACGGCGACGGTGGCCGAATGCAACAGCTCGGCGGCGCCCGGGCCAACCATGGTCACGCCCAGCAGATG
CP180709.1_gap23	887576	892487	4911	GACTTGATAGGAGCGTGGCTTTCGCCCCGACTGAGATGTGTCCGCCGACCGGCCCATGAACCGCCCCGGCATGTCCGGAGACTCCAGTTCTTGGAAAGGATGGGGTCATGTCAGGTGGTTCATCGAGGAGGTACCCGCCGGAGCTGCGTGAGCGGGCGGTGCGGATGGTCGCAGAGATCCGCGGTCAGCACGATTCGGAGTGGGCAGCGATCAGTGAGGTCGCCCGTCTACTTGGTGTTGGCTGCGCGGAGACGGTGCGTAAGTGGGTGCGCCAGGCGCAGGTCGATGCCGGCGCACGGCCCGGGACCACGACCGAAGAATCCGCTGAGCTGAAGCGCTTGCGGCGGGACAACGCCGAATTGCGAAGGGCGAACGCGATTTTAAAGACCGCGTCGGCTTTCTTCGCGGCCGAGCTCGACCGGCCAGCACGCTAATTACCCGGTTCATCGCCGATCATCAGGGCCACCGCGAGGGCCCCGATGGTTTGCGGTGGGGTGTCGAGTCGATCTGCACACAGCTGACCGAGCTGGGTGTGCCGATCGCCCCATCGACCTACTACGACCACATCAACCGGGAGCCCAGCCGCCGCGAGCTGCGCGATGGCGAACTCAAGGAGCACATCAGCCGCGTCCACGCCGCCAACTACGGTGTTTACGGTGCCCGCAAAGTGTGGCTAACCCTGAACCGTGAGGGCATCGAGGTGGCCAGATGCACCGTCGAACGGCTGATGACCAAACTCGGCCTGTCCGGGACCACCCGCGGCAAAGCCCGCAGGACCACGATCGCTGATCCGGCCACAGCCCGTCCCGCCGATCTCGTCCAGCGCCGCTTCGGACCACCAGCACCTAACCGGCTGTGGGTAGCAGACCTCACCTATGTGTCGACCTGGGCAGGGTTCGCCTACGTGGCCTTTGTCACCGACGCCTACGCTCGCAGGATCCTGGGCTGGCGGGTCGCTTCCACGATGGCCACCTCCATGGTCCTCGACGCGATCGAGCAAGCCATCTGGACCCGCCAACAAGAAGGCGTACTCGACCTGAAAGACGTTATCCACCATACGGATAGGGGATCTCAGTACACATCGATCCGGTTCAGCGAGCGGCTCGCCGAGGCAGGCATCCAACCGTCGGTCGGAGCGGTCGGAAGCTCCTATGACAATGCACTAGCCGAGACGATCAACGGCCTATACAAGACCGAGCTGATCAAACCCGGCAAGCCCTGGCGGTCCATCGAGGATGTCGAGTTGGCCACCGCGCGCTGGGTCGACTGGTTCAACCATCGCCGCCTCTACCAGTACTGCGGCGACGTCCCGCCGGTCGAACTCGAGGCTGCCTACTACGCTCAACGCCAGAGACCAGCCGCCGGCTGAGGTCTCAGATCAGAGAGTCTCCGGACTCACCGGGGCGGTTCACCAACCTCAACACCCCCTCAAGTGAAGGAGGCAACCACCATGGTTGTTGTTGGAACCGATGCGCACAAGTACAGCCACACCTTTGTGGCCACCGACGAAGTGGGTCGCCAACTCGGTGAGAAGACCGTCAAGGCCACCACGGCCGGGCACGCCACAGCCATCATGTGGGCCCGTGAACAGTTCGGCCTCGAGCTGATCTGAGGCATCGAGGACTGCCGCAACATGTCGGCGCGTCTGGAGCGTGACCTACTGGCGGCCGGCCAGCAGGTGGTGCGGGTACCCACCAAGCTGATGGCCCAGACCCGCAAGTCGGCGCGCAGTCGGGGCAAGTCGGATCCGATCGATGCGCTGGCGGTGGCGCGGGCGGTGCTGCGTGAAACCGACCTACCCCTGGCCACCCACGACGAGACGTCGCGGGAGTTGAAGTTGTTGACTGACCGTCGAGATGTCCTTGTGGCCCAACGCACGTCGGCGATCAACCGGTTGCGCTGGCTCGTCCATGAACTCGATCCCGAGCGGGCACCGGCAGCACGCTCGCTCGATGCCGCCAAGCACCAGCAGGCCCTGCGGACCTGGCTGGACACCCAGCCAGGATTGGTCGCCGAACTCGCGCGCGCCGAGCTGACCGACATCATCCGGCTCACCGGCGAGATCAACACCCTGGCCCAGCGCATCAGCGCCCGAGTCCACCAGGTCGCCCCCGCACTGCTGGAAATCCCTGGCTGCGCGGAGCTGACTGCAGCCAAAATCGTCGGCGAAGCCGCCGGAGTGACCCGGTTCAAAAGCGAAGCCGCCTTCGCCTGCCATGCCGCAGTGGCTCCCATCCCGGTGTGGTCGGGCAACACCGCCGGCCAGATGCGGCTCAGCCGCTCGGGCAACCGCCAGCTCAACGCCGCCCTACACCGCATCGCACTGACCCAAATCCGGATGACCGACAGCCGGGGCCAGGCCTACTACCAAAGGCTGCAAGACGCCGGGAAAACCAAACGCGCAGCACTACGCTGCCTCAAACGCCGCCTAGCCCGCACCGTCTTCCAGGCCCTGCGCACCGTCCACCAGCCCAGCTCCGAACACACCCAACCCGCGGCCGCTTGCCATAGGAGCTATTGCTCGCGCTCGTGCCTTAGTGGCTGAGCGCGACCGACGCCTCGGCGGTGTAGCAAAGGAACGTCAGCGTCTCCTGCAGGTAGAGGCGCACGGTGTCCGTGTCGTGGCTGGCGTACCCGATTGCAACGTCGGTGCCCAGCTGTAGGTCGAAGTCGCCGCCTCGAGTGGTCAGCACGAACGCGCCGTCGATGGCCGGGGCCCAAATGATGTCCCCGTCCACCAGCCGGTTCAGATGCTCACGGATGGGATAGCCGTGATCGGAAGTCTCGCTAACCTTGGTGTAGACGTCAGCAGAGAGCAACACCGAATACGGTCCGTCCACACCGGCCAACCGCAGTTCGGACAATGCCTGGGAGATGACATCAGGGATTTCACGGGGATCCTCGGGCAACGTCAGCGCCGGGTTCGAACTCGCGCTGCGGATCCCTTCGATTGATGCGGCGCTGTAGCCTTCGAATATTGTGCGGTCCTCGACGAAGGCCAGCTTCTTGGCCGCCTCCTTTACCGGTTCCCAATCGGAGTCCTTAGAGCCACGTTCCACGTCGTCGATCTCGTTGCGCGACAGGGTAAACGGAACCCGTAGCCGGACAAGGGGTTTGCTGGCCCGCAGGTGGGCGATCACGCCGTTGGTTGGTGCCTTAACATCGATCAGCCGGCCGGTGCTGACCGCCGCGGTGACGGGCCCCCCGGGATCACTGACATCGACCACCCGGCGCCCGGCGATGTGTCGCTTGAACGTCCGCGCCGCCTCCAATTCGATTTCCGCCCAAGCGGCTTCGGTGACCGGTGCCAAATCGCGGTAGAGATTGTTCATCGAGGGCTTCCTTTCAAGCTGCCGATCGATAGCGACCCGGCTGCCAGAGTTGGCGTCGCCGCCTGCGGTAGGGGCGGTGGATGGTCGAGAAAGTCGATGGTGGGTGAGAAGAACAGTCCGCCGGTCACCGCGGTGGAAAAGTCAAGTACTCGATCGGTGTTGCCTGCCGGATCGCCGAGAAACATGTTGCGCAGCATCTGCTCGGTCACCGTTGGCGTGCGCGAATATCCGATGAAGTAAGTGCCGTACTCGCCCTTGCCGACTTCGCCGAACGGCATGTTGTGTCGCACGATCTTGCGCTCGGTGCCGTCGTCGTCGGTGATGACGTTGAGCGCTACGTGTGAATTGGCTGGCTTCGCGTTGTCGTCGAGTTCGATGTCGTCGAGCTTGGTCCGGCCGATCACACGCTCCTGCTCGGTGACCGAGAGGGATTCCCACGAGGCCATATCGTGCACATACTTCTGCACGTGCACATAACACGAGCCGGCGAAATTTCGATCCTCGTCACCGATCGTGGTGGCCTTGATGGCGATTGGGCCACTTGGGTTTTCGGTGCCATCGACAAAGCCCAGCAGATCACGGTTGTCGAAAAACCGGAAGCCGTGCACTTCGTCGACAACGGTCACCGCATCGCCCATCGACTTGAGAATGCGGCCAGCCAACTCGAAGCACACGTCCATGGTCTCGGCCCGGATGTGGAACAACAGATCGCCGGGAGTTGCCGGGGCGGTATGCCGTGGTCCGGTCAGCTCGACGAACGGATGCAGCTCGGTGGGTCGAGGTCCGGCGAACAAGCGGTCCCAGGCGTCGGACCCGATCGAGACGACCACGGACAAGTGTTTGGTCGGGTCACGGAAGCCGATCGCACGCACCAGGCCGGAGATCTTCGACAGTGCGTCGTGCACCGTCGCCTCGCCGTCGGCGCCGATGGTGGCGACCAGGAAGATCGCGGCCGGAGTCAACGGCGCCAGAATCGGCTGCGGAGAGACAGCAGGCACAGCCACGACCCTAACGTCCCTGCAATACCGGTGATGCTAGACATGGCTACATGGCGGCCACGGCACACGGCCTGTGCGAATTCATCGACGCGTCCCCGTCGCCGTTTCACGTCTGCGCGACGGTGGCGGGACGGCTGCTCGGCGCCGGATACCGCGAGCTGCGCGAAGCGGATCGCTGGCCGGACAAACCGGGCCGGTACTTCACCGTCCGGGCTGGCTCGCTGGTGGCGTGGAACGCCGAGCAGAGCGGGCACACGCAGGTCCCATTCCGGATCGTCGGCGCGCACACCGACAGCCCCAATCTGCGGGTCAAGCAGCATCCGGACAGGCTCGTCGCCGGCTGGCACGTGGTGGCGCTGCAACCGTATGGGGGAGTTTGGCTGCACTCCTGGCTGGATCGCGATCTGGGCATCAGCGGGCGGCTATCGGTGCGTGACGGTACCGGGGTCAGCCACCGGCTGGTCCGGATCGACGACCCGATCCTGCGGGTGCCGCAGCTGGCGATTCACCTGGCCGAGGACCGCAAGTCGCTCACGCTCGATCCGCAACGACACATCAACGCTGTATGGGGCGTGGGAGAG
CP180709.1_gap24	895477	898047	2570	ATTCCTGGCGGTGTGCCGCAAGTGGGAGGTGCTGGCGACGGTGATCGGCGAGGTCACCGACGGCGACCGGCTGCAGATCACCTGGCACGGCGAGACGGTGGTCGACGTGCCGCCGCGCACCGTAGCTCACGAAGGTCCGGTATATCAGCGCCCGGTCGCCCGCCCCGATACGCAGGACGCGCTGAACGCCGACCGCTCGGCCAAGCTGTCACGGCCGGTCACCGGCGACGAGCTGCGCGCGACTTTGCTTGCGTTACTTGGCAGCCCGCACCTGTGCAGCCGCGCGTTCATCACCGAGCAGTACGACCGCTATGTGCGCGGCAACACGGTGCTCGCCGAGCACGCCGACGGCGGCATGCTGCGCATCGACGAGTCGACCGGCCGGGGCATCGCGGTATCGACCGACGCGTCGGGACGCTACACGCTGCTGGATCCCTACGCTGGCGCGCAACTCGCGTTGGCCGAGGCGTACCGCAACGTCGCCGTCACCGGCGCCACCCCGGTCGCGGTGACCAACTGCCTGAACTTCGGTTCCCCCGAGGACCCCGGCGTGATGTGGCAGTTCACGCAGGCGGTCCGCGGTCTGGCCGATGGCTGTGCGGACCTCGGGATTCCGGTGACCGGTGGCAACGTGAGTTTCTACAACCAAACCGGTTCGGCGGCAATCCTGCCCACGCCGGTGGTCGGGGTGCTCGGCGTCATCGACGATGTGCGTCGGCGCATCCCTACCGGCCTGGGCGCCGAGCCCGGGGAAACGTTGATGCTGTTGGGCGACACCCGCGACGAGTTCGACGGTTCCGTGTGGGCGCAGGTGACCGCAGACCACCTGGGTGGATTGCCGCCGGTAGTCGATCTGGCGCGGGAGAAGCTGCTGGCCGCGGTGCTGAGCTCGGCGTCGCGGGACGGGCTAGTGTCCGCGGCGCACGATCTGTCCGAGGGTGGGCTGGCCCAAGCCATCGTGGAATCGGCGTTAGCGGGTGAAACCGGTTGCCGCATAGTGCTTCCCGAAGGGGCTGACCCGTTTGTGCTGCTGTTCTCCGAGTCGGCGGGTCGGGTGCTGGTCGCGGTGCCACGCACCGAGGAGAGCCGGTTTCGCGGGATGTGTGAGGCGCGGGGACTTCCCGCGGTCCGCATCGGCGTCGTCGATCAAGGTTCGGACGCGGTTGAGGTGCAGGGCTTGTTCGCGGTGTCGTTGGCCGAACTGCGTGCGACATCCGAGGCGGTGTTGCCGCGATACTTCGGATGAGTCGGCTTCGCGCCCTGTCTTTGGCCGCCGGCCTGGTCGGCTGGAGTCTGGTCAGCCCGCGGCTGCCGGCGCCGTGGCGGATTCCGTTGCAGGCGGGGCTGGGGAGCGTGTTGGTGCTGGTTACTCGTGCGACGATGGGCCTTTGGCCGCCGCGGCTGTGGGCCGGGCTGCGGCTGGGCTGGGCCGCGGGGGCGGCGGCGGCGACCGCGATCGCGGCAACGACGCCGGTGCCGATGGTGCGGTTGTCGATGTCGGCTCGTGAGTTGCCGGCGTCGGTGCCGGTCTGGCTGGTATGGCACATACCTGGCGGCACGGTGTGGGCCGAGGAGGCCGCGTTTCGCGGGGCGCTGGCCACTATCGGTGCCCGGGCCTTCGGTCGGTCGGGTGGACGGATACTGCAGGCCGGCGCCTTTGGTTTGTCTCACATCGCCGACGCGCGCGCGACGGGCGAGCCGCTGGTGCTCACGGTGTTGGCCACCGGTATCGCCGGCTGGATGTTCGGTTGGCTGGCCGACCGGTCCGGCAGTCTGGCAGCACCGCTGCTGACGCACTTGGCCATCAACGAGGCCGGTGCGGTCGCCGCGGTGCTGGTCCAGCGGCGTTCTGGTATCTCGACTCGACTGTGATCGCGGGGTCGGGCCCCTGGTGATCGTGGAACGGCTCACAACAGCGCGGACCTGGTCGGCGGCGCCGCTATACTGATTGGTCACTGTCTAACCAATCAATGGAGAGGGTTGGCACCTCAGGTGCATAGACTTAGGGCCGCGGAGCATCCGCGGCCGGATTACGTTCTCTTACATATCAGCGACACTCATCTCATCGGGGGGGATCGTCGGCTCTACGGGGCGGTGGACGCCGACGACCGGCTGGGCGAACTGCTCGAACAGTTGAACCAATCCGGCCTTCGTCCCGATGCGATCGTCTTCACCGGCGATTTGGCCGATAAGGGCGAACCGGCGGCATACCGCAAGCTCCGAGGCCTGGTCGAGCCGTTCGCGGCGCAGTTGGGCGCCGAGCTCGTCTGGGTGATGGGTAACCACGACGACCGGGCCGAACTACGCAAATTCTTGCTGGACGAAGCGCCATCGATGGCGCCGCTAGACCGGGTGTGCATGATCGACGGTCTGCGCATCATCGTGTTGGATACCTCGGTACCCGGACATCATCACGGCGAAATCCGCGCGTCCCAATTGGGTTGGCTTGCTGAAGAGTTGGCCACGCCAGCGCCGGACGGCACCATTTTGGCGTTGCATCATCCGCCGATTCCGAGTGTTTTGGATATGGCCGTCACGGTGGAGCTGCGCGACCAGGCTGCGCTTGGGCG
CP180709.1_gap25	976329	979498	3169	CAGATACGGTGCGGCCGCGGCCGCCATCGCGGCCGCCGCCGGACCCTGCCACGCCGAACCCGGCCCAGCCGTTAGGCCTGAGATCAGCAACGAAAACGAGGCCGCTGCCATCCCCAGCTCGGCGGCCAGCCCATCCCAGGCCACCGCCGCCGCCAGCATCGGGGCCGGCCCCGCACCGGCGTAGATCCGCGCCGAATTAACCTCCGGCGGCAGCACCATGAAATTCATCACGCCATCCCTTCTCAGCTGGCCACCCCCGGCCTAGCCACCACGACGGCGGGACCCGGCTGCCGCGATCCGCGCCGGCGGGCCTCGGTCGACTACAGTGGCGCGATCGCTCGACAACTTGAGCACCTTGGCAAACGACGGTATGTCCAATCGCGGCACATTGTCGGGGTTTTCATCGAAATCCTGTCGCCAACCCCGACAGCCGGGTTCCGGGAAGCCGGGTGTCGCAGTGGTTTAGGTGTCGACGTTGAACACCCGGGCAGGCAACCGGCCGTGGCTATTTCGGGTCGAGATAGGTTTCGAGTCCGGCTTGTGCGCCGCGTGCGCCACGGCGGGCAGCGGCGAGCTGCCAGACGAAGATGGTCGTGCCGAGCAACCCTGTTGCCAGCCCGGCCACTGTCACCGGACGCCAACTTGCGAGGCCAGGCACGACGAATGCGGCCACCGCGGCGACCAGCCAGGCGAGCGCGCCGACCGCGATCACCGGCCACACCTCGAGCAGCACGGGTGGTAGCGGTGGCGGCTCGCGAATCTGACTATTTTCGACGCTCATCCCGAGTCAACATAGCGCGGCGATGATGCGTCGGCGAACGGCCCGGGGTGGGTGGCTTCCGCACCAGCGGGAGGTACCACCACCTGCTGGTGGGTCGTCGGCCGGCAATGGGTGGAACCGAAATCGTCGTTCGCCGTTTCAGATGCCCTAGTCTGAACTTCCGTTGTAACCTCAGCTGTGCTTGACAGCGATGCGCGGCTGGCCAGCGACTTGTCATTGGCGGTCATGCGGCTCTCCCGCCAACTGCGGTTTCGGAACCCGTCATCGCCGGTCTCGCTGTCCCAGCTCTCAGCGTTGACGACGCTGGCCAATGAGGGCGCGATGACCCCGGGTGCGTTGGCGATTCGTGAACGGGTCCGGCCACCGTCGATGACCAGGGTGATCGCCTCATTGGCCGACATGGGTTTTGTAGACCGCGCCCCACACCCCATCGACGGTCGGCAGGTGCTGGTCTCGGTGTCGGAATCGGGCGCCGAATTGGTCAAGGCGGCACGGCGGGCCCGGCAGGAGTGGCTGGCTGAGCGGCTCGCGACGCTGAACCGCAGCGAGCGTGACATCCTGCGCAGCGCCGCCGATCTGATGCTGGCTCTGGTCGACGAAAGCCCGTGACCGAAGGCCGTTGTGCCCAGCACCCCGACGGCCTCGATGTTCAGGACGTCTGCGATCCCGACGACCCACGGCTCGACGATTTCCGTGACCTGAACAGCATCGACCGTCGTCCCGATCTGCCGACCGGCAAGGCGTTGGTGATCGCCGAGGGTGTGCTGGTGGTGCAGCGCATGCTGGCCTCACGGTTCACGCCGCTGGCGCTGTTCGGCACCGACCGCCGGCTGGCCGAGCTCAAGGATGATCTGGCCGGTGTCGGCGCGCCGTACTATCGAGCGTCGGCTGATGTCATGGCACGGGTGATCGGCTTCCATCTCAATCGTGGGGTGTTGGCAGCCGCGCGCCGGGTGCCGGAGCCGAGCGTTGCTCAGGTGGTCGCCGGGGCGCGCACCGTCGCAGTGTTGGAAGGCGTTAACGACCATGAGAACCTGGGCTCGATCTTCCGCAACGCGGCAGGGCTGAGCGTGGACGCGGTAGTGTTCGGCACCGGCTGCGCTGATCCGCTCTACCGTCGTGCGGTCCGGGTATCCATGGGACACGCGTTATTGGTGCCATATGCACGCGCGGCCGACTGGCCCACCGAACTTATGACGTTGAAAGAGAGCGGCTTTCGACTGTTGGCGATGACCCCACACGGCAACGCGTGCAAACTACCGGAGGCCATCGCCGCGGTGTCGCACGAACGGATTGCGCTACTGGTGGGCGCGGAGGGCCCGGGCCTAACGGCGGCCGCACTGCGGATTAGCGATGTGCGGGTGCGCATTCCGATGTCCCGAGGGACCGACTCCCTCAACGTCGCGACGGCGGCCGCATTGGCTTTCTACGAGCGGACTAGGTCGGGCCATCACATTGGGCCCGGCACGTGAACGATCAGCGCGACCAAGCCGTGCCCTGGGCAACGGGTTTGGCGGTCGCCGGCTTCGTCGCCGCAGTCATCGCGGTTGCGGTCGTGGTGCTGAGCCTCGGCCTGATCCGCGTGCATCCGCTGTTGGCCGTCGGTCTCAACATTGTGGCGGTCAGCGGGTTGGCCCCTACGCTGTGGGGCTGGCGCCGCACCCCAGTGCTGCGCTGGTTCGTGCTTGGCGCGGCAGTGGGCGTGGCGGGCGCGTGGTTGGCGCTGCTCGCCTTGACGTTGGGGGACGGCTAGCGACGCCCGCCTGAGCGCACCCCGAGCAGCACATCTTCCCAGGCAGGTATGGCGGGTTTGCCTCGTCGGTTGCTGACCGGCTGTGCGGACGGCACCGTGAGCGTCGGCTGTGCGGGCTCGGGCTCATCGAAGTCGAGATGGGCGACCGGCGCCAACGGCCGTAGCGGGCGATTGAAGGTGGGGTTGATCAGCTCATGGGCCGTGTCGTCGATCGCGGTGGCGGTTCCGCCGTGGGCGCCGGGGGTGAAGCGGAAATGCGCCAGGTTGTCGGAGCGGCCAGCCTTCCAGGCAAGCTGCACCGTCCAGCGACTGTCCTCGTTGCGCCACGCGTCCCAGGTGAGGCTGTCGGGGTTAAGGCCGCGTGCCACCAGGGCCGCGGCGACGGTCTCCTGCATGGTCAGCACCGCCGGGCCGTCGGCCAGGACCGGGTGCGCCGCGGTTGCCAGCTCGGCCGCGCGCGAGCGTTCCAACAGTACCGGGTGGGCAAACCGGCGGATACGGGCGATGTCGGAGCCCGATGCCGCAGCGACCTGTTCGACAGACGCGCCGGCCCGAATTCGGGCCTGAATCTCCTTGGGGCTCAGCACGTTGGTGACCTCGATGTCCAGCTGGGCTTGCTCCGGCTGGACGGAGTC
CP180709.1_gap26	1077895	1079655	1760	TGTCGACGGCCAAGAGCTCCTGGTGCCGGTCGATCAGGTCCAAGTCGGAGACCTGGTGCGGGTGCGGCCCGGAGAGAAGATCCCGGTCGACGGTGAGGTCACCGATGGGCGCGCCGCCGTCGACGAGTCGATGCTCACCGGCGAATCCGTCCCGGTCGAGAAGACGGCGGGTGACCGCGTTGCCGGCGCAACGGTCAACCTCGACGGGCTGTTGACCGTGCGCGCCACCGCCGTCGGGGCAGACACCGCGCTGGCGCAGATTGTGCGACTGGTCGAGCAGGCACAGGGCGACAAGGCGCCGGTGCAGCGGCTGGCCGACCGGGTTTCGGCGGTGTTTGTCCCGGCCGTCATCGGCGTTGCCGTCGCGACCTTTGCGGGATGGACACTGATCGCCGCCAACCCGGTGGCTGGTATGACCGCCGCGGTCGCGGTGCTGATCATCGCGTGCCCGTGTGCGTTGGGCCTGGCTACCCCCACGGCCATCATGGTCGGCACCGGCCGGGGCGCCGAACTGGGGATCCTGGTCAAGGGAGGCGAGGTGCTGGAAGCGTCGAAGAAGATCGACACCGTGGTGTTCGACAAGACCGGCACCCTCACCCGCGCCCGGATGCGGGTGACCGATGTGATTGCCGGCCAGCGGCGCCAGCCTAATCAGGTGCTGCGGCTCGCCGCCGCGGTCGAATCGGGCTCCGAACACCCCATCGGTGCGGCGATCGTTGCCGCTGCACACGAGCGCGGGTTGGCGATACCGGCCGCCAATGCGTTCACCGCCGTCGCCGGGCACGGGGTGCGGGCGCAGGTCAACGGCGGGCCGGTGGTGGTCGGACGGCGCAAGCTCGTCGACGAACAACATTTGGTTCTGCCCGACCACCTCGCTGCGGCGGCCGTGGAGCAGGAAGAGCGCGGCCGCACCGCGGTGTTCGTCGGCCAAGACGGCCAGGTTGTGGGTGTGCTCGCGGTAGCGGACACGGTCAAAGACGACGCCGCGGACGTGGTCGGTCGGCTGCACGCCATGGGGCTACAGGTAGCCATGATCACCGGCGACAACGCCCGCACGGCTGCCGCGATCGCCAAGCAGGTCGGCATCGAGAAGGTGCTGGCCGAGGTGTTGCCGCAGGACAAGGTAGCTGAGGTTCGGCGGCTGCAGGACCAGGGCCGGGTGGTCGCGATGGTGGGTGACGGCGTCAACGACGCGCCCGCCTTGGTACAAGCCGATCTGGGCATTGCGATCGGCACCGGTACCGACGTGGCCATCGAGGCCTCCGACATCACGCTAATGTCCGGCCGGCTCGATGGTGTCGTGCGCGCGATCGAACTCTCCAGGCAGACCCTGCGCACCATCTACCAGAATCTCGGCTGGGCCTTCGGCTACAACACCGCCGCGATCCCACTGGCCGCGCTGGGCGCGCTGAACCCGGTCGTGGCGGGCGCGGCGATGGGGTTCTCCTCGGTCAGCGTGGTGACCAACTCACTGCGGTTACGCCGCTTCGGCCGCGACGGCCGAACCGCATGATCCATGACCTGATGCTTCGTTGGGTGGTTACCGGCCTGTTCGTGCTGACCGCCGCCGAATGTGGTCTGGCAATCATCGCCAAACGCCGACCGTGGACGTTGATCGTCAACCACGGGTTGCATTTCGCAATGGCCGTTGCGATGGCGGTGATGGCCTGGCCGTGGGGCGCGCGGGTTCCGACGACGGGACCTGCGGTATTTTTCTTGCTGGCGGCCGTGTGGTTTGGGGCGACGGCCGTCGTTGCGGT
CP180709.1_gap27	1080765	1081582	817	CCAGCACGACCAGCCGCACCGCCGGATCTGCTTCGGCCGCACTCAGCCCTTGATGTAGTTGGCTGACCAGCGTGCTCGACAGCGCGTTGCGGTTGTGCGGAGAGTTCAGTGTCAGCCTGGCGAAGGGGCCGCCGCAGGCGGCCGGGCCAGCGTAGTCGACGGGGCTGTCCATCAGTAGGACCGGGGCAGACCCAGCGATGTCTGCGCAACGAAGTTCAGCACCATCTCGCGGCTGATCGGGGCGATCCGCGCCAAGCGGGCCGAGGTCATCATCGCTGCCACGCCATATTCCTTGGTGAGGCCGTTGCCGCCCATCGACTGTACGGCCTGATCGACCGCGCGGCTGGATGCCTCGGCCGCAGCGTATTTGGCCATGTTGGCCGCCTCGGCCGCACCGAAGTCGTCACCATGGTCGTAGAGTGTGGCGGCTTTCTGGGTCATCAGCTTGGCGAGTTCGACCTCAATGTGGCACTGCGCCAACGGATGTGCCAGGCCCTGGTGCGCGCCGATCGGGGTGGACCACACCTTGCGGGTTTTGACGTAGTCGACGGCCCTGCCGAGTGCGAACCGGCCCATGCCCACCGCGCTAGCCGCACCCATGATGCGCTCGGGGTTCAGGCCCGCGAAAAGCTGTGCGATCGCCGCGTCTTCGGCTCCAACCAGCGCATCGGCGGGTAGCCGGACGTCGTCGAGGAAAACCTGGAACTGGCGTTCGGGGCTGACCAGCTCCATCTCGATCGGGGTGTAGCTGAACCCGGGAGCGTCGGTGGGCACCACGAACAACGCGGGGCGTAGCTTGCCGGTTTTGGCTTCCTCG
CP180709.1_gap28	1097126	1100294	3168	ACGGGCGTTGCCGGGTTCGGGCCTCGGGTTGGCGATCGTCAAACAGGTGGTGCTCAACCACGGCGGATTGCTGCGCATCGAAGACACCGACCCAGGCGGCCAGCCCCCTGGAACGTCGATTTACGTGCTGCTCCCCGGCCGTCGGATGCCGATTCCGCAGCTTCCCGGTGCGACGGCTGGCGCTCGGAGCACGGACATCGAGAACTCTCGGGGTTCGGCGAACGTTATCTCAGTGGAATCTCAGTCCACGCGCGCAACCTAGTTGTGCAGTTACTGTTGAAAGCCACACCCATGCCAATCCACGCATGGCCAAGTTGGCCCGAGTAGTGGGCCTAGTACAGGAAGAGCAACCTAGCGACATGACGAATCACCCACGGTATTCGCCACCGCCGCAGCAGCCGGGAACCCCAGGTTATGCTCAGGGGCAGCAGCAAACGTACAGCCAGCAGTTCGACTGGCGTTACCCACCGTCCCCGCCCCCGCAGCCAACCCAGTACCGTCAACCCTACGAGGCGTTGGGTGGTACCCGGCCGGGTCTGATACCTGGCGTGATTCCGACCATGACGCCCCCTCCTGGGATGGTTCGCCAACGCCCTCGTGCAGGCATGTTGGCCATCGGCGCGGTGACGATAGCGGTGGTGTCCGCCGGCATCGGCGGCGCGGCCGCATCCCTGGTCGGGTTCAACCGGGCACCCGCCGGCCCCAGCGGCGGCCCAGTGGCTGCCAGCGCGGCGCCAAGCATCCCCGCAGCAAACATGCCGCCGGGGTCGGTCGAACAGGTGGCGGCCAAGGTGGTGCCCAGTGTCGTCATGTTGGAAACCGATCTGGGCCGCCAGTCGGAGGAGGGCTCCGGCATCATTCTGTCTGCCGAGGGGCTGATCTTGACCAACAACCACGTGATCGCGGCGGCCGCCAAGCCTCCCCTGGGCAGTCCGCCGCCGAAAACGACGGTAACCTTCTCTGACGGGCGGACCGCACCCTTCACGGTGGTGGGGGCTGACCCCACCAGTGATATCGCCGTCGTCCGTGTTCAGGGCGTCTCCGGGCTCACCCCGATCTCCCTGGGTTCCTCCTCGGACCTGAGGGTCGGTCAGCCGGTGCTGGCGATCGGGTCGCCGCTCGGTTTGGAGGGCACCGTGACCACGGGGATCGTCAGCGCTCTCAACCGTCCAGTGTCGACGACCGGCGAGGCCGGCAACCAGAACACCGTGCTGGACGCCATTCAGACCGACGCCGCGATCAACCCCGGTAACTCCGGGGGCGCGCTGGTGAACATGAACGCTCAACTCGTCGGAGTCAACTCGGCCATTGCCACGCTGGGCGCGGACTCAGCCGATGCGCAGAGCGGCTCGATCGGTCTCGGTTTTGCGATTCCAGTCGACCAGGCCAAGCGCATCGCCGACGAGTTGATCAGCACCGGCAAGGCGTCACATGCCTCCCTGGGTGTGCAGGTGACCAATGACAAAGACACCCCGGGCGCCAAGATCGTCGAAGTAGTGGCCGGTGGTGCTGCCGCGAACGCTGGAGTGCCGAAGGGCGTCGTTGTCACCAAGGTCGACGACCGCCCGATCAACAGCGCGGACGCGTTGGTTGCCGCCGTGCGGTCCAAAGCGCCGGGCGCCACGGTGGCGCTAACCTTTCAGGATCCCTCGGGCGGTAGCCGCACAGTGCAAGTCACCCTCGGCAAGGCGGAGCAGTGATGAAGGTCGCCGCGCAGTGTTCAAAGCTCGGATATACGGTGGCACCCATGGAACAGCGTGCGGAGTTGGTGGTTGGCCGGGCACTTGTCGTCGTCGTTGACGATCGCACGGCGCACGGCGATGAAGACCACAGCGGGCCGCTTGTCACCGAGCTGCTCACCGAGGCCGGGTTTGTTGTCGACGGCGTGGTGGCGGTGTCGGCCGACGAGGTCGAGATCCGAAATGCGCTGAACACAGCGGTGATCGGCGGGGTGGACCTGGTGGTGTCGGTCGGCGGGACCGGGGTGACGCCTCGCGATGTCACCCCGGAAGCCACCCGCGACATTCTGGACCGCGAGATCCTCGGTATCGCCGAGGCCATCCGCGCGTCCGGGCTGTCCGCGGGAATCGTCGACGCCGGGTTGTCGCGCGGCCTGGCGGGTGTCTCCGGCAGCACGCTGGTGGTCAACCTCGCGGGTTCGCGTTATGCGGTGCGCGATGGAATGGCGACGCTGAATCCGCTAGCGGCACAGATCATCGGGCAGTTGTCGAGCTTGGAGATCTGAATCCGGATCGAGTGTCGGGCTATTGCGATTCTGTGCTCGCGCGAGGCCCGTCGGTTGGCGATGGTGTCCCACGGCCGCCGTGCCTCCCCGGCGAGTCCCCGTTCGTTTGCGCGAGCAGATCGCGGATTTCGGTGAGCAGCACGACTTGGGTGTCGCCCGGCTGCTCGACCTCCCCCTTCTTGCGTAGTGTGTTGTAGGGCAGCACGACTAGGAAGTACACCGCGAACGCGATCAGGAAAAAGTTGATCGCTGCCGACAACAAGACGTTCAAGTCAATGGTCTGACCACCGCCGATACCGATCCGCAAGATGCCGACGTCGGACTGTGCGTTGACGCCGATCCGGTTGATCAGCGGCGTAATGATGCTGTCGGTGAACTTGGTGACCAACGCCGTGAACGCTGTGCCGATTACCACCGCGACAGCCAGGTCGACGATATTACCCCGCGCGAGAAACTCCTTGAATCCTTTGAGCATGCGATGTCCTTTCTGCAGTCGGCGGCCGGCAGTCCGCGAGTGGAACACCTAGAAAAACTAGACCAGGTGGTGTCAATGGCCACGACGCTGGGATCGCCGTTGCCATGGGGAGCTGACGCTGCCGGGATCCGGTGCTGTTGTTTGTTGACGGGATGCCCTTGACTTCGCTGACCGTGGTGTGCGCGTAACCGGCCGGTCGGGAACGCGGCGACGGATGGCGCGGTGGCCAGGACAGTGATCGAGATGACATCACGCCAACAACGCCTTCAGCTGTGAGCGATCCGGGCTAGACTACCGCCGAAATATCCAACAAAGGACCTACATGAACCGGCAACCTATCGTTCAGCTGAGTAACTTGAGCTGGACATTCCGAGAAGGCGAAACCCGACGACAAGTCCTAGACCACATCACCTTCGATTTCGAGCCCGGTGAGTTTGTCGCGCTGCTG
CP180709.1_gap29	1109911	1110487	576	CTGAGCCGAACCACGGCGACTCTGGTGAACTTATGGCGCTCGAATCCCCGGCATCCGGGATGGCCGATGGCCGTCGGGCCGCTGCGGGTCTCGGCAGGCGTGATTCGGCTGCGGCCGGTGCGGATGCGTGACAGCGTGCATTGGAGCCGGATCCGGTTGGCCGACCGTGCACATCTTGAGCCGTGGGAGCCCAGCGCGGACGGCGAGTGGACCGTCCGGCACACGGTTGCTGCCTGGCCGGCGGTGTGTTCGGGTCTGCGTTCGGAGGCTCGCAACGGCCGCATGCTGCCGTACGTGATCGAGCTGGATGGGCAGTTCTGCGGCCAGTTGACCATCGGCAATGTCACCCACGGGGCCTTGCGGTCGGCCTGGATCGGCTATTGGGTACCAAGCGCGGCCACTGGCGGAGGGGTGGCCACCGGAGCGTTGGCGTTGGGTCTCGACCACTGCTTCGGTCCGGTCATGCTGCATCGAGTCGAGGCCACCGTGCGCCCGGAGAATGCGGCCAGTCGCGCCGTGCTGGCAAAGGTTGGCTTCCGCGAGGAGGGGCTGTTGCGCCGTTACCTTGAGGTTGAC
CP180709.1_gap30	1112272	1116280	4008	AGCCGGGCTTTTCGCTGGCCATTCCACACGATGGCGACTATCGCCTTTTCCAGGTCGACTGCACGCAAATGTGCCAGCGAAGTGGCCAGCCGGTGATGATCAGACTCATGTCGGAGTCCGTCGATGGTGGCCAGCCGTGGGTCTTGGAATATGAAGCGGGCACGGCGGTAATCCGGCTTCTCGGTGTTTGCCAGGCCGCTTCGTAGGGTGGCGTGTGCTCGCTAACCGGGCTTGGCGGCGGCTACAAACGGCAACGCGCGTTGTGTCTACTGCTCGACGTCCACTAGCCCGGCCGACCGAGACAGGTTGACGAAGGCATTCCGGTCAAACATCGTGAGTCCGATGTTGCCGGCGGCGGCGTTCGGCGCGTAGCGCATCGGCGGGCATTGGCCGGCATAGCTGGTGTGGATCGTGATCCGCCCGGCTGGCCGCAGCACTCGCACCTTCTCGCGGGCGATCCGGAACGGTTCCGGCATCAGCTACAGCGCGCCGAAACAACAAACAGCATCGAATGTTTCGTCGCCGAATGGCACCATGCGGGCGTGGCCGCGGATATGACACGTCCGTGGCCCACGGTTGTCCAGGGCGGTGCTGGTCAGCGTCGGCGCAGAGATGTCGAACCCGACCGCAAGACCCCCGTCCGGTGGATGTCCGGACAGCGGCTCAGTGAAATTACCTGGCCCACAACCGATATCGAGCACTCTGTGGGCGCGGCCGAGGTGCAGAGACACCGCGGCGCGGTGCCGCTCGGTTCGGGTGGTGATGCGGCTGGCAAGGTGGAAGGAGGCCGGACGCCACAACCGTTCGTACAACCGTAAGCTGGGCTTGGCGCCGGGCCGGATTGGACGGGATAGCCGAATTGACCGGCGCACGAGTCGAAGATCTTGCGGGGATGGACGTCTTTCAGGGATGTCCGGCCGAGGGTCTGGTGTCATTGGCGGCGAGCGTTCAGCCGTTGCGGGCCGCTGCCGGCCAGGTGCTGCTGCGGCAGGGCGAGCCGGCGGTTTCGTTTCTGCTTATCTCGTCGGGTAGCGCAGAAGTCAGCCATGTTGGCGACGATGGTGTTGCGATCATCGCTCGGGCGCTGCCGGGCATGATCGTCGGCGAAATCGCGCTGCTGCGCGATAGCCCGCGCAGCGCGACGGTCACCACCATCGAGCCGCTGACCGGCTGGACGGGTGGCCGCGGCGCTTTCGCCACAATGGTGCACATCCCCGGGGTCGGTGAGCGATTGCTGCGCACCGCCAGGCAGCGTCTCGCCGCCTTCGTCTCCCCGATTCCGGTACGGCTTGCCGACGGGACTCAACTGATGCTACGCCCCGTGCTGCCCGGTGACCGCGAGCGGACCGTGCACGGACACATCCAGTTCTCCGGCGAGACGCTGTATCGACGGTTCATGTCGGCTCGTGTTCCCAGTCCGGCGTTGATGCACTACCTGTCGGAAGTCGACTACGTCGACCACTTCGTCTGGGTGGTGACCGACGGAAGCGACCCCGTAGCCGACGCGCGTTTTGTGCGGGATGAAACCGATCCGACGGTCGCCGAGATCGCGTTCACGGTTGCCGACGCGTATCAGGGCAGGGGGATTGGAAGCTTTCTCATCGGTGCGTTGTCCGTGGCCGCCCGGGTCGACGGCGTCGAAAGGTTTGCCGCGCGCATGCTTTCCGACAATGTGCCGATGCGAACGATCATGGACCGCTACGGGGCGGTGTGGCAGCGCGAGGACGTCGGAGTCATCACCACCATGATCGATGTGCCGGGTCCGGGTGAGCTGAGCTTGGGGCGCGAGATGGTCGACCAGATCAACCGGGTAGCCCGGCAAGTGATCGAGGCCGTCGGCTGATCACCGACCCCGGGTCGGTGCGTCCGCCGCTGGCACCGCAGTTCGCCGCTGATCTGCTAGTCAAAACGGTGTCGACGTTGCGCAGCTCAGGGGCTGCGTTGGGTAGATTGACCACGATGCGCAAGGCGGTACTGGCAGTCGGATCGGTGTGCTGGCTTGTCGGCTGCTCATCAGGGGCCAGCTCCACCACCGCCTCGACCGGCGACATCGCCAAGGTGGCCGAAGTGAAGTCGGGCTTTGGACCTGAATACACCGTCACCGATGTCACTCCCAGGGCCATCGATCCCGGGTTCTTTTCCGCCCGCAAACTGCCCGACGGGCTGAGTTTCGATCCGGCGAACTGTGCGCAAGTGGCGGCCGGGCCCCAGCTGCCGACCGGGTTGCAGGGCAACATGGCCGCCGTCTCCGCCGAGGGCAACGGCAACCGGTTCGTCGTCATCGCGGTGGAGACGTCCCAGCCGCTGCCGGCCCCCAGCCCCGGGAAAGACTGCAGCAAGGTGACTTTTTCCGGGACGCAGCTGCGGGGCGGCATCGAGGTGGTCGATGTACCGCACATCGACGGGACACAGACGCTGGGCGTGCATCGCGTGTTGCAGGCGGTCGTCGGCGGGTCAGCGCGCACCGGCGAGCTCTATGACTATTCCGCTCGGTTCGGGGACTACCAGGTGATTGTCATCGCCAATCCACTGGTAATCCCTGGACGGCCGGTTGCGCGGGTCGATACGCAACGCGCCCGCGATCTGCTCGTACAGGCGGTGGCCGCGGTCCGGGGTTGACCGAGTTAGCGGACGTCGCGCGGCCGGAACTGGATGCTCACGCGCGGACCCGTCGGCGCCGATGTCTTGGGCACCGCATGCTCGAAGGTGCGTTGACACGATCCGCCCATCACCAATAGATCGCCATGCGCCAACGGCAGTCGCAACGATGGACCGCGGCCACGCGGCCGCAGCGCGAAGACGCGGGTGGCGCCGAGGCTGACGATCGCCACCATAGTGTCCTCAGTGCTGCCGCGACCAATGGTGTCGCCATGCCAGGCGACGCTGTCAGAGCCGTCGCGGTAGTAGCACAGCCCGGCGGTGGTGAAGGGCTCACCCAGTTCGCCGCCGTAGATGTCGTTGAGCCGCCGGCGCATCCGCGCCAGCTGCGGATGCGGCGGATCTTCGATGGTCAGGTCGTGAAAACTCACCAGCCGCGGCACATCGACCACCCGGTCGTACATCTGACGGCGCTCGGCTCGCCACGGCACCGTCGACAACAACGCGTCCAGCAGTTCTTCGCCGCCGGTCAGCCAGCCCGAACGGATGTCGATAAAGGCTCCGTCGCCGAGCTGTCTTCGCTCGTTGTGCTCGAAGAGCGCGCCTTGAACCGCGATCGCCACGCCGCCAAGCTTATCGCACATTCGTTCGATGGCGCCGCCCCGGCTACGGTTTGACCTGTGGGTGTCGAATTGGGGTCAAATTCCGAGGTCGGCGCGCTAAGAGTGGTCATCCTGCACCGCCCGGGGGCCGAACTGCGCCGGCTCACACCGCGCAACACCGACCAGCTGCTGTTCGACGGCCTGCCCTGGGTATCCCGCGCGCAGGACGAGCACGACGAATTCGCCGAGCTGCTGGCTTCCCGCGGTGCGGAAGTGCTGTTGCTGTCGGACCTGTTGACTGAGGCACTACATCACAGCGGGGCCGCCCGCATGCAGGGGATCGCCGCTGCCGTCGACGCACCGCGGCTGGGACTGCCGCTGGCGCAAGAGCTTTCGGCCTACCTGCGTAGTCTCGACCCAGGCAGGTTGGCGCATGTGCTGACGGCCGGCATGACCTTCAACGAGCTCCCGTCGGACACGCGGACCGACGTGTCGTTGGTGTTGCGTATGCACCATGGCGGAGACTTCGTCATTGAGCCGTTGCCGAACCTGGTGTTCACCCGCGACTCGTCGATATGGATCGGGCCGCGGGTGGTGATCCCGTCGCTGGCATTACGGGCACGGGTGCGCGAAGCGTCGCTGACCGACCTCATCTATGCTCATCACCCGCGGTTCACCGGTGTGCGGCGTGCCTATGAATCGCGCACCGCTCCGGTCGAGGGTGGCGACGTGTTGTTGCTCGCCCCGGGTGTGGTCGCTGTCGGAGTGGGCGAGCGGACTACACCAGCAGGCGCGGAAGCATTGGCGC
CP180709.1_gap31	1287055	1289794	2739	ATCGAGATACCCGATGTTGACGAGAGGGGTCCCCGACCCGGCGGACCGGGGCTTGACGGGCGCAATGCGGCGCGGCCGGCCAGCCCGTAACGTCCAGCGAGTGCGGTCGCGCGCCGACGGCCCGGCCCCACACCGCTCATGACGAGGAGGGTCATCCCGTGACCGTTACACCTCACGTCGGTGGACCGCTCGAAGAGCTGCTGGAGCGCAGCGGGCGCTTCTTCACCCCAGGTGAGTTCTCGGCCGACCTGCGCACCGTAACCCGGCGCGGCGGCCGCGAAGGTGACGTGTTCTACCGCGATCGGTGGAGTCACGACAAAGTGGTCCGATCCACGCACGGAGTCAACTGCACCGGATCCTGCTCATGGAAGATCTACGTCAAAGACGGGATCATCACCTGGGAAACCCAGCAGACCGACTACCCGTCGGTGGGCCCGGACCGGCCCGAATACGAGCCACGAGGTTGTCCCCGTGGCGCGTCGTTCTCCTGGTACAGCTATTCGCCGACGCGGGTGCGCTATCCGTATGCCCGGGGCGTGCTGGTTGAGATGTACCGGGAAGCCAAGACCCGCCTGGGCGACCCGGTGCTGGCGTGGGCCGACATTCAGGCGGATCCCGAGCGCAGACGCCGCTATCAACAGGCCCGCGGCAAGGGTGGGCTGGTCCGGGTGAGCTGGGCCGAGGCCAGCGAGATGGTGGCCGCCGCCCACGTGCACACCATCAAGACATACGGCCCGGACCGGGTCGCCGGCTTCTCGCCGATTCCGGCGATGTCAATGGTCAGCCATGCCGCGGGGTCCCGGTTCGTGGAGCTGATCGGCGGCGTGATGACGTCGTTCTACGACTGGTACGCCGACTTGCCGGTGGCCTCGCCGCAGGTGTTCGGCGACCAGACCGACGTGCCCGAATCCGGCGACTGGTGGGATGCGTCGTATTTGGTCATGTGGGGCTCCAACGTCCCGATCACCCGGACGCCCGACGCACATTGGATGGCGGAGGCCCGTTACCGCGGCGCTAAAGTCGTTGTCGTCAGCCCGGACTACGCCGACAACACCAAGTTCGCCGACGAGTGGGTGCGGTGCGCCGCCGGTACCGATACCGCGCTGGCGATGGCGATGGGCCACGTGATCCTGTCGGAATGTTACGTCCGTAACCAGGTTCCGTTCTTTGTCGACTATGTGCGCCGCTACACCGACCTGCCGTTTTTGATCAAGTTGGAAAAGCGGGGCGACCTGCTGGTTCCCGGAAAGTTCTTGACCGCGGCCGACATTGGTGAAGAAAGTGAGAACGCGGCGTTCAAACCCGCCCTGCTGGATGAGCTTACGAATACCGTTGTCGTGCCGCAGGGCTCACTGGGATTCCGTTTCGGTGAGGACGGTGTTGGGAAGTGGAACCTGGACCTGGGTTCGGTGGTGCCGGCGCTAAGTGTGGAGATGGACAAGGCTGTCAACGGCGATCGCAGTGCTGAACTGGTTACGCTGCCCAGCTTTGACACCATCGACGGGCACGGTGAGACGGTGTCGCGTGGAGTGCCGGTGCGCCGGGCGGGCAAGCATCTGGTGTGCACGGTGTTCGATCTGATGTTGGCCCACTACGGGGTGGCGCGTGCGGGGCTGCCCGGCGAATGGCCGACCGGCTACCACGACCGAACCCAGCAGAACACCCCGGCCTGGCAGGAGTCGATCACCGGTGTGCCGGCCGCGCAGGCAATCCGGTTTGCCAAGGAATTCGCCCGCAACGCGACCGAATCCGGAGGACGGTCGATGATCATCATGGGCGGCGGAATCTGTCACTGGTTCCACAGCGATGTCATGTACCGCTCGGTGTTGGCGCTGCTCATGTTGACCGGATCGATGGGACGCAACGGCGGCGGGTGGGCGCACTACGTCGGCCAGGAGAAGGTGCGTCCGTTGACCGGGTGGCAGACGATGGCGATGGCCACCGACTGGTCGCGGCCGCCGCGTCAGGTGCCCGGCGCGTCGTACTGGTATGCGCACACCGACCAATGGCGCTACGACGGCTACGGCGCGGACAAGCTTGCCAGCCCGGTGGGTCGCGGCAGGTTCGCCGGCAAGCACACCATGGACCTGCTGACCTCGGCCACGGCGATGGGCTGGAGCCCGTTCTATCCACAATTCGATCGGTCCAGTCTCGATGTCGCCGACGAGGCCCGCGCCGCGGGCCGCGACGTGGGTGATTACGTCGCCGAACAACTTGCCCAGCACAAGCTGAAGCTCTCGATTACCGATCCGGATAACCCGGTCAACTGGCCGCGGGTGCTCACCGTCTGGCGGGCGAACCTGATCGGCTCGTCGGGCAAGGGCGGCGAGTATTTCTTGCGGCATCTGCTGGGCACCGACTCCAACGTACAGTCCGACCCTCCCACCGACGGTGTGCATCCCCGGGATGTGGTGTGGGACAGCGACATTCCAGAGGGCAAGCTCGACCTGATAATGTCGATCGACTTCCGGATGACGTCGACGACGCTGGTGTCGGATGTCGTGTTGCCCGCCGCGACCTGGTACGAGAAATCCGACCTGTCCAGTACCGATATGCACCCGTACGTGCACTCGTTCAGTCCGGCGATCGATCCGCCGTGGGAAACCCGTTCGGACTTTGACGCATTCGCCGCCATCGCGCGTGCTTTCAGTGCGCTGGCGAAACGTCATCTGGGCACTCGCACCGATGTGGTGCTGACCGCGCTGCAGCACGACACCCCGGATGAGATGGCATATCCCG
CP180709.1_gap32	1303496	1305408	1912	GCTCGCCCACTACGGCAGCCCTGACAAAGACCCGGCGGTGCGGCTGCGTGTCCTGACCGACGCCGGCCGGTTGTCCATTCCGTTTACCACCGGTCTGTTGGTCGGCATCGGCGAGACGCTATCCGAGCGCGCCGATACGTTACATGCGATTCGCAAGTCGCACAAGGAGTTCGGGCATATCCAAGAAGTGATCGTGCAGAACTTCCGCGCCAAGGAACACACCGCGATGGCCGCCTTCCCCGATGCCGGAATCGAGGATTACCTGGCGACGGTTGCGGTGGCGCGGCTGGTGCTGGGCCCGGGCATGCGCATCCAGGCGCCGCCGAACCTGGTGTCTGGCGACGAATGCCGGGCGCTGGTTGGCGCCGGGGTCGACGACTGGGGCGGTGTCTCACCGTTGACGCCCGACCATGTCAACCCCGAACGGCCCTGGCCCGCTTTGGACGAGCTGGCGGCGGTCACCGCCGAAGCCGGCTACGACATGGTGCAGCGGCTGACCGCGCAACCCAAATACGTACAGGCGGGCGCGGCGTGGATCGACCCGCGGGTGCGGGGACATGTGGTGGCGCTGGCGGATCCGGCGACCGGCCTGGCCCGCGACGTCAACCCGGTGGGCATGCCGTGGCAGGAGCCCGACGACGTGGCGTCCTGGGGCCGGGTCGATCTGGGCGCAGCGATCGACACTCAGGGCCGCAATACCGCAGTGCGCAGCGACCTGGCCAGCGCCTTCGGTGACTGGGAATCGATCCGCGAGCAGGTGCACGAGCTGGCGGTCCGCGCTCCGGAACGCATTGACACCGATGTGCTTGCCGCCCTGCGATCGGCGGAGCGTGCGCCCGCCGGCTGCACCGACGGCGAGTATCTGGCGCTTGCCACCGCCGACGGTCCTGCGCTGGAAGCCGTTGCCGCACTGGCTGATTCGTTGCGCCGCGATGTCGTCGGCGACGAGGTGACCTTTGTGGTCAACCGTAACATCAACTTCACCAACATCTGCTACACCGGTTGCCGGTTCTGCGCGTTCGCCCAGCGAAAGGGTGACGCCGACGCCTACTCGCTGTCGGTCGGAGAGGTCGCCGACCGGGCATGGGAGGCCCACGTCGCCGGGGCCACCGAAGTATGCATGCAGGGCGGTATCGATCCCGAGCTACCGGTCACCGGCTACGCCGATCTGGTTCGTGCCGTCAAGGCGCGGGTGCCCTCCATGCATGTGCACGCGTTTTCCCCGATGGAGATCGCCAACGGCGTCACCAAGAGCGGGCTGAGCATTCGCGAGTGGCTGATCGGCCTGCGCGAGGCCGGGCTGGATACCATCCCGGGTACCGCCGCGGAAATCCTGGACGACGAGGTTCGCTGGGTGCTGACCAAGGGCAAGCTGCCGACGTCATTGTGGATCGAAATCGTGACGACCGCCCACGAGGTGGGTCTGCGGTCATCATCGACGATGATGTACGGGCATGTGGACAGTCCACGGCACTGGGTCGCCCATCTTAACGTGCTGCGCGATATTCAGGACCGTACCGGCGGCTTCACCGAGTTCGTCCCGTTGCCGTTCGTGCACCAGAATTCACCGTTGTACCTGGCCGGTGCGGCGCGCCCCGGGCCCAGCCATCGCGACAACCGCGCGGTACATGCTTTGGCGCGGATCATGTTGCACGGCCGCATCTCGCACATTCAGACCAGCTGGGTGAAACTTGGAGTGCGGCGCACCCAGGTGATGCTCGAAGGTGGCGCCAACGACCTGGGCGGCACGCTGATGGAGGAGACCATCTCGCGGATGGCCGGTTCCGAACACGGATCGGCCAAGACCGTCGCTGAGCTGGTCGCGATCGCCGAAGGCATCGGCCGCCCGGCGCGCCAGCGCACTACCACATACGCCCTGCTTGCGGCCTAGCCCCGGCGACGATGCCGGGTC
CP180709.1_gap33	1439965	1444044	4079	GCCTAGCCCGAACACGGTGCGGCACAGATCGCTCGTCACTGCGCAAGATCGGCCGCCCAGGGGCAAGACGGTGTGGTTTACCGGACTGTCCGGCTCCGGCAAGTCGTCGGTGGCCATGCTGGTTGAGCGGAAGCTACTCGAAAAGGGCATCTCCGCTTACGTTCTGGACGGCGACAACCTACGGCATGGCCTCAACGCCGACCTGGGCTTTTCCATGGCCGACCGCGCGGAGAACCTGCGCCGGCTGTCGCATGTGGCCACACTGCTCGCCGATTGTGGCCACCTGGTGCTGGTGCCGGCGATCAGCCCCCTTGCTGAGCACCGTGCCCTGGCTCGTAAAGTGCACGCTGATGCGGGAATCGACTTTTTCGAGGTGTTCTGTGACACCCCGCTGCAGGACTGTGAGAGGCGTGATCCCAAAGGGTTGTACGCCAAAGCGCGTGCGGGTGAGATCACGCACTTCACCGGGATCGACAGCCCATATCAGCGGCCCAAGAACCCAGACCTACGGCTTACGCCGGATCGCAGCATAGACGAGCAGGCGCAGGAGGTTATCGACCTGTTGGAGTCATCGTCTTAGGCCGGCCTGGTTGCTCTGCTGTCCCTGGCAAGCGGGTGGCACAATCCTGAAGCATGCGGATGTCAGCTAAGGCGGAGTACGCGGTGCGGGCGATGGTCCAGCTCGCCACGGCCGCCAGTGGCACCGTGGTCAAGACCGACGATCTGGCTGCGGCCCAAGGCATACCACCGCAGTTTCTCGTCGATATCCTGACCAACCTGCGCACCGACCGCCTGGTGCGAAGCCACCGCGGTCGCGAGGGTGGTTATGAATTGGCGCGTCCGGGCACCGAGATCAGCATCGCCGACGTATTGCGCTGCATCGACGGACCGCTGGCTAGTGTCCGCGATATCGGACTTGGCGACCTGCCCTACTCGGGCCCCACTACCGCGCTGACCGACGTTTGGCGCGCGCTGCGCGCCAGTATGCGGTCGGTGCTGGAGGAGACCACGCTGGCTGACGTTGCCGGTGGCGCGCTGCCCGAGCACGTCGCCCAGCTCGCCGACGACTATCGCGCGCAGGAGAGCACGCGGCACGGCGCCTCGCGCCATGGTGACTAGCCGCCAGAGCCATCGGCAGGGCCTGCCTGAGCCAGGTGCAACCGAAGGAGTCAACGAATGGTCAGCACACATGCGGTTGTCGCGGGGGAGACGCTGTCGGCGTTGGCGTTGCGCTTCTATGGCGACGCGGAACTGTATCGGCTGATCGCCGCCGCCAGCGGGATCGCCGATCCCGACGTCGTCAATGTGGGGCAGCGGCTGATTATGCCTGACTTCACGCGATACACCGTTGTTGCCGGGGACACGCTGTCGGCGTTGGCGTTGCGCTTCTATGGCGACGCGGAATTGAATTGGCTGATCGCCGCCGCCAGCGGGATCGCCGATCCCGACGTCGTCAATGTGGGGCAGCGGCTGATTATGCCTGACTTCACGCGATACACCGTTGTTGCCGGGGACACGCTGTCGGCATTGGCTGCGCGCTTCTATGGCGACGCCTCCCTATATCCGCTTATCGCCGCCGTCAATGGCATCGCCGATCCTGGCGTCATCGACGTCGGGCAGGTACTGGTCATATTCATCGGGCGTAGCGACGGGTTCGGCCTAAGGATCGTGGACCGCAACGAGAACGATCCCCGCCTGTGGTACTACCGGTTCCAGACCTCCGCGATCGGCTGGAACCCCGGAGTCAACGTCCTGCTTCCCGATGACTACCGCACCAGCGGACGCACCTATCCCGTCCTCTACCTGTTCCACGGCGGCGGCACCGACCAGGATTTCCGCACGTTCGACTTTCTGGGCATCCGCGACCTGACCGCCGGAAAGCCGATCATCATCGTGATGCCCGACGGCGGGCACGCGGGCTGGTATTCCAACCCGGTCAGCTCGTTCGTCGGCCCACGGAACTGGGAGACATTCCACATCGCCCAGCTGCTCCCCTGGATCGAGGCGAACTTCCGAACCTACGCCGAATACGACGGCCGCGCGGTCGCCGGGTTTTCGATGGGTGGCTTCGGCGCGCTGAAGTACGCAGCAAAGTACTACGGCCACTTCGCGTCGGCGAGCAGCCACTCCGGACCGGCAAGTCTGCGCCGCGACTTCGGCCTGGTAGTGCATTGGGCAAACCTGTCCTCGGCGGTGCTGGATCTAGGCGGCGGCACGGTTTACGGCGCGCCGCTCTGGGACCAAGCTAGGGTCAGCGCCGACAACCCGGTCGAGCGTATCGACAGCTACCGCAACAAGCGGATCTTCCTGGTCGCCGGCACCAGTCCGGACCCGGCCAACTGGTTCGACAGCGTGAACGAGACCCAGGTGCTAGCCGGGCAGAGGGAGTTCCGCGAACGCCTCAGCAACGCCGGCATCCCGCATGAATCGCACGAGGTGCCTGGCGGTCACGTCTTCCGGCCCGACATGTTCCGTCTCGACCTCGACGGCATCGTCGCCCGGCTGCGCCCCGCGAGCATCGGGGCGGCCGCAGAACGCGCCGATTAGCCGCACCACGTATACCCCGCGGGCAGGTGGCCGCTGGCCGATAGCCTCATGTGTGTGAGCGTGGGCGAGTCAGTTGCGCAGTCGCTGCAACAGTGGGATCGCAAGCTGTGGGACGTGGCGATGCTCCACGCGTGCAACGCCGTCGACGAGACCGGCAGGAAGCGCTATCCCACGCTGGGCGTCGGCACTCGATTCCGGACGGCGCTACGGGATTCACTCGACATTTACGGAGTGATGGCCACGCCTGGCGTCGACCTGGAAAAGACTCGCTTCCCTGTCGGGGTGAGATCGGACTTGCTGCCGGATAAGCGCCCCGACATCGCCGACGTCCTGTATGGAATTCACCGGTGGTTGCACGGTCATGCTGACGAATCCTCGGTTGAATTCGAAGTAAGCCCGTACGTGAACGCCAGTGCCGCACTCCGCATTGCCAATGACGGCAAAATTCAGCTGCCAAAGTCCGCAATACTGGGTTTGCTGGCCGTTGCCGTGTTTGCGCCGGAGAACAAGGGCGAGGTCATTCCCCCGGACTATCAGCTCAGCTGGTATGACCACGTGTTCTTCATCAGTGTTTGGTGGGGGTGGCAAGACCATTTCCGCGAAATCGTCAACGTCGACCGGGCATCGCTGGTCGCCCTCGACTTCGGCGACCTGTGGAATGGCTGGACGCCAGTTGGGTAATCCTGGTCGCTTGTCGCCCCGCCGGGCTGGGTTAGATTGCCCGGCTCCTCAACCCGCCGTTTCGGCGTGCATCGTCGCCGGGCTAGGTTAGATTGCCCGGCTCCTCAACCCGCCGTTTCGGCGTGCATCGTCGCCGGGCTAGCCGTCTCGGTCAGCGGACCGGATCGTCGACGCCGCCGCCTGCGCGGCGGCTACCTGGCCGAACGTGGACGGCGGCGGCGCTAGAGTCCCGGGGCGCTCGACGACCTCGGTCGCCCGCGCCGCGGCACCGAGAACCATGGCCCGGTCGGATTCGTCCGCGAACTCGCGCTGTGCTGCCCGCACGACCAGGGCAATTTGGGTTTGCACCGCTACACGGCGCGACGGGTCGACGCAGTTCTGGGCGACCGCGCTGAGCAGCTGCAGCAGCGCAGTGAGCACCAGCGGCTCACGCGAGCCGTAGCGGCGGATCTGGGCACATCCGACGTGCAGGTAGGTGGCGAAGCTGGGGTACGGCAGCCAGAAGAGGAGCTCCCCGGCGCGGTCGCGGCGCACGTCGTCCGGCAGCGCCCGCGATGCCAGCACCGACTCCACGGCCGAAAGATGGTGCACGACTTGGATCGCCGTGTACGGGTCGTTGAGTGCGGGCGATAGTGCCCGCAGCGCGATATCCACCATCTGCCGCAATCCGAAGCGGATGTCCTGCTGCAGGGTGCGCTCGAATCCGATGTGCACATGACGTAAGCAGCGTTGCGGGAAGTCAGACCCTGGCGCGCCCGGCGCGGTGCCCCTGCGCCAGCACCAGCCGAGCAGGCCCCCGGCGGTGACGTAATCGCCGACGAAGGTAACCAGCAGCGCCGTATACCGGCTGG
CP180709.1_gap34	1468443	1473334	4891	CCGTGCGTCGTTCCAGGCTCGGCGCCGCTCGACGTCGAGCGCCTCGGTGGCCCAGGCCACCACATGAAACGGATCGGCGCATTGAATCGCATCCGGGCAGCGCTCGGTGACCACGTCAGCGATCCAGTCCGCGGCATCGGCCGAAACGTGAGTAATCTGGGCGGCCCGCTCAGCGCCCAGGGCATCGAAGAACAAGCCCAGGGTGGCCTTGTCGTGGCCCGGGGCGGCCCACACCAACCGGCCGCTGTCGTGATCGACGACCACCGTCAGGTACCGGTGGTGGCGCTTGTAGGAGATCTCATCGATACCGATGCGGCGCAAGTTCGCGAACCGGTCAATGCGCTTTTCGGTGTCGGCCCAGACCCGGGCCACGATCGCCCCGACGGTGCGCCAGGCGATCCGCATCAACTCGCACACCGCGGTCTTCGAACACGCCACCGCCAGCCAGGCCACCGTGTCATCGAAAGCATACGTGTGCCCGGCATGATGACGCGCCCACGGCACCGCCACCACCGTCGGCCCATGGGTGGGGCAGTTCACCCGCGGCGCCTCGGCCTCCAAGAACACCTCGACGGTGCCCCAATCCAGACTGCGCCATTGGCGCAGGCCCGCACCGCGGTCATACCAGGACGCCTTGCGACCGCAGCGACCACAGCGGCGCAACACTGCACTTCGTGGCCGCACCCGGGCGATCACCCGCGCACCGTCTCCGGCGTCATCCTCCTCGAATTCGATGTCCTCAATCACGGTGCGCTTGTCGACACCCAGCAGCGCACGAAATAGCCTCACATTGCGCACGTCGTTGTCGGCTCCTTGTGTTTCTGATCCTTGACAAGCCAGAAACCTTAAGCCACAACGACGTGCGCCTACTCAGGACACAAACTCACCCACGGAAGTGTCAGAAGAGCCCAAAAACCGTGGGTATTGGGGGCTTTCGCGTCTGCTCGCACGCGGAAGGTGCCGCTAGCTCGCCGTCCTATCACCACCGGGCCGCCACAGCACGTCACCGTCGGGATTGGCTACCCGCGACAGGATGAACAGCAGATCCGACAGCCGGTTCAGGTATTTCGCCGGCAGTACGCTGACGCCTTCCGGGTGAGCGTCGACCGCGGCCCACGCGGATCGCTCGGCCCGGCGAACGACGGTGCGAGCGACGTGCAACAGCGCCGACAGCGGTGAACCACCAGGTAGTACAAAGGATTTTAGTGCAGGCAGGCCCGCGTTGTATGCGTCGCACCACCCTTCGAGCCGATCGATATAGGACTGTGCGATTCGCAGCGGAGGGTGCTTCGGGTTTTCCACTATCGGAGTCGACAGATCCGCACCGGCATCGAACAAGTCGTTCTGGATCTGCCGCAGCACATCCGTGATTTGAGTGTCCGGGTGGCCCAGCGCCAGGGCGGCCCCGATCGCGGCGTTGGCCTCGTCGCAATCCGCGTATGCCACCAGTCGGGCGTCGGTTTTGGCGACACGGGACATATCGCTCAATCCCGTCGTTCCGTCATCGCCGGTTCGGGTATAGATGCGGGTCAGGTGGACTGCCATGAGCAAACGGTACTCGCTGACTGGCTTGGCTCACTGACAAGGCAAAACCCCTTTACTACACTGACCGGGTGGCCGAGCGTTTCGTCGTGACTGGGGGCAACCGGTTATCAGGCGAAGTGGCCGTCGGCGGCGCCAAGAACAGCGTGCTCAAGCTCATGGCTGCGACGTTGTTGGCCGAGGGCACCAGCACGATCACCAACTGTCCCGACATCCTCGATGTGCCGCTGATGGCGGAGGTACTGCGTGGTCTGGGCGCCACCGTCGAACTCGACGGTGACGTGGCCCGGATCACCGCACCTGACGAGCCGAAGTACGATGCCGACTTCGCTGCGGTGCGGCAATTCCGCGCCTCGGTCTGTGTGCTGGGACCGCTGGTCGGGCGGTGCAAACGGGCCAGGGTCGCGCTGCCGGGCGGTGACGCGATCGGGTCGCGTCCGTTGGATATGCACCAGGCGGGCCTACGGCAATTGGGTGCCCACTGCAACATCGAGCACGGCTGCGTGGTAGCCCGAGCGGAAACGTTGCGCGGTGCGGAGATTCAGTTGGAGTTCCCCTCGGTGGGAGCCACCGAGAACATCTTGATGGCCGCCGTGGTGGCCGAGGGAGTCACCACTATTCACAATGCGGCTCGAGAACCCGACGTCGTCGACTTGTGCACGATGTTGAACCAGATGGGCGCACAGGTCGAAGGTGCGGGTTCGCCGACAATGACCATCACCGGTGTCCCGCGGCTGCATCCAACCGAGCACCGGGTGATCGGAGACCGTATCGTTGCCGCCACATGGGGCATCGCTGCCGCAATGACCCGTGGTGATATATCAGTGGCGGGCGTAGACCCGGCGCATCTGCAGCTGGTGCTGCACAAATTGCACGACGCGGGCGCAACCGTCACCCAGACTGACGCCAGCTTCCGGGTGACCCAGTACGAGCGTCCGAAGGCTGTCAACGTTGCGACCTTGCCGTTCCCCGGGTTTCCCACGGATCTGCAGCCGATGGCTATCGCTTTGGCGTCGATCGCCGACGGCACATCGATGATCACGGAGAACGTGTTCGAGGCGCGGTTCCGCTTCGTTGAAGAGATGATCCGGCTCGGTGCAGACGCTCGGACCGACGGGCACCACGCCGTGGTGCGGGGCCTCCCGCAGCTGTCGAGCGCTCCGGTGTGGTGTTCGGACATCCGTGCCGGGGCCGGCTTGGTGCTGGCGGGGCTCGTTGCCGACGGCGACACCGAGGTCCACGATGTATTCCACATCGATCGCGGATATCCGTTGTTCGTGGAGAACCTGGTGAGTCTCGGTGCCGAGATCGAACGGGTATGCTGTTAGGCGACGGTCACCTATGGATATCTATGGATGACCGAACCTGGTCTTGACTCCATTGCCGGATTTGTATTAGACTGGCAGGGTTGCCCCGAAGCGGGCGGAAACAAGCAAGCGTGTTGTTTGAGAACTCAATAGTGTGTTTGGTGGTTTCACATTTTTGTTGTTATTTTTGGCCATGCTCTTGATGCCCCGTTGTCGGGGGCGTGGCCGTTTGTTTTGTCAGGATATTTCTAAATACCTTTGGCTCCCTTTTCCAAAGGGAGTGTTTGGGTTTTGTTTGGAGAGTTTGATCCTGGCTCAGGACGAACGCTGGCGGCGTGCTTAACACATGCAAGTCGAACGGAAAGGTCTCTTCGGAGATACTCGAGTGGCGAACGGGTGAGTAACACGTGGGTGATCTGCCCTGCACTTCGGGATAAGCCTGGGAAACTGGGTCTAATACCGGATAGGACCACGGGATGCATGTCTTGTGGTGGAAAGCGCTTTAGCGGTGTGGGATGAGCCCGCGGCCTATCAGCTTGTTGGTGGGGTGACGGCCTACCAAGGCGACGACGGGTAGCCGGCCTGAGAGGGTGTCCGGCCACACTGGGACTGAGATACGGCCCAGACTCCTACGGGAGGCAGCAGTGGGGAATATTGCACAATGGGCGCAAGCCTGATGCAGCGACGCCGCGTGGGGGATGACGGCCTTCGGGTTGTAAACCTCTTTCACCATCGACGAAGGTCCGGGTTCTCTCGGATTGACGGTAGGTGGAGAAGAAGCACCGGCCAACTACGTGCCAGCAGCTGCGGTAATACGTAGGGTGCGAGCGTTGTCCGGAATTACTGGGCGTAAAGAGCTCGTAGGTGGTTTGTCGCGTTGTTCGTGAAATCTCACGGCTTAACTGTGAGCGTGCGGGCGATACGGGCAGACTAGAGTACTGCAGGGGAGACTGGAATTCCTGGTGTAGCGGTGGAATGCGCAGATATCAGGAGGAACACCGGTGGCGAAGGCGGGTCTCTGGGCAGTAACTGACGCTGAGGAGCGAAAGCGTGGGGAGCGAACAGGATTAGATACCCTGGTAGTCCACGCCGTAAACGGTGGGTACTAGGTGTGGGTTTCCTTCCTTGGGATCCGTGCCGTAGCTAACGCATTAAGTACCCCGCCTGGGGAGTACGGCCGCAAGGCTAAAACTCAAAGGAATTGACGGGGGCCCGCACAAGCGGCGGAGCATGTGGATTAATTCGATGCAACGCGAAGAACCTTACCTGGGTTTGACATGCACAGGACGCGTCTAGAGATAGGCGTTCCCTTGTGGCCTGTGTGCAGGTGGTGCATGGCTGTCGTCAGCTCGTGTCGTGAGATGTTGGGTTAAGTCCCGCAACGAGCGCAACCCTTGTCTCATGTTGCCAGCACGTAATGGTGGGGACTCGTGAGAGACTGCCGGGGTCAACTCGGAGGAAGGTGGGGATGACGTCAAGTCATCATGCCCCTTATGTCCAGGGCTTCACACATGCTACAATGGCCGGTACAAAGGGCTGCGATGCCGCGAGGTTAAGCGAATCCTTAAAAGCCGGTCTCAGTTCGGATCGGGGTCTGCAACTCGACCCCGTGAAGTCGGAGTCGCTAGTAATCGCAGATCAGCAACGCTGCGGTGAATACGTTCCCGGGCCTTGTACACACCGCCCGTCACGTCATGAAAGTCGGTAACACCCGAAGCCAGTGGCCTAACCCTCGGGAGGGAGCTGTCGAAGGTGGGATCGGCGATTGGGACGAAGTCGTAACAAGGTAGCCGTACCGGAAGGTGCGGCTGGATCACCTCCTTTCTAAGGAGCACCACGAAAACGCCCCAACTGGTGGGGCGTAGGCCGTGAGGGGTTCTTGTCTGTAGTGGGCGAGAGCCGGGTGCATGACAACAAAGTTGGCCACCAACACACTGTTGGGTCCTGAGGCAACACTCGGACTTGTTCCAGGTGTTGTCCCACCGCCTTGGTGGTGGGGTGTGGTGTTTGAGAACTGGATAGTGGTTGCGAGCATCAATGGA
CP180709.1_gap35	1474617	1477517	2900	ATAGCTCACTGGTCAAGTGATTGTGCGCCGATAATGTAGCGGGGCTCAAGCACACCGCCGAAGCCGCGGCACATCCACCTTGTGGTGGGTGTGGGTAGGGGAGCGTCCCTCATTCAGCGAAGCCACCGGGTGACCGGTGGTGGAGGGTGGGGGAGTGAGAATGCAGGCATGAGTAGCGACAAGGCAAGTGAGAACCTTGCCCGCCGAAAGACCAAGGGTTCCTGGGCCAGGCCAGTCCGCCCAGGGTGAGTCGGGACCTAAGGCGAGGCCGACAGGCGTAGTCGATGGACAACGGGTTGATATTCCCGTACCCGTGTGTGGGCGCCCGTGACGAATCAGCGGTACTAACCACCCAAAACCGGATCGATCACTCCCCTTCGGGGGTGTGGAGTTCTGGGGCTGCGTGGGAACTTCGCTGGTAGTAGTCAAGCGAAGGGGTGACGCAGGAAGGTAGCCGTACCAGTCAGTGGTAACACTGGGGCAAGCCGGTAGGGAGAGCGATAGGCAAATCCGTCGCTCACTAATCCTGAGAGGTGACGCATAGCCGGTTGAGGCGAATTCGGTGATCCTCTGCTGCCAAGAAAAGCCTCTAGCGAGCACACACACGGCCCGTACCCCAAACCGACACAGGTGGTCAGGTAGAGCATACCAAGGCGTACGAGATAACTATGGTTAAGGAACTCGGCAAAATGCCCCCGTAACTTCGGGAGAAGGGGGACCGGAATATCGTGAACACCCTTGCGGTGGGAGCGGGATCCGGTCGCAGAAACCAGTGAGGAGCGACTGTTTACTAAAAACACAGGTCCGTGCGAAGTCGCAAGACGATGTATACGGACTGACGCCTGCCCGGTGCTGGAAGGTTAAGAGGACCCGTTAACCCGCAAGGGTGAAGCGGAGAATTTAAGCCCCAGTAAACGGCGGTGGTAACTATAACCATCCTAAGGTAGCGAAATTCCTTGTCGGGTAAGTTCCGACCTGCACGAATGGCGTAACGACTTCTCAACTGTCTCAACCATAGACTCGGCGAAATTGCACTACGAGTAAAGATGCTCGTTACGCGCGGCAGGACGAAAAGACCCCGGGACCTTCACTACAACTTGGTATTGATGTTCGGTACGGTTTGTGTAGGATAGGTGGGAGACTGTGAAACCTCGACGCCAGTTGGGGCGGAGTCGTTGTTGAAATACCACTCTGATCGTATTGGGCATCTAACCTCGAACCCTGAATCGGGTTTAGGGACAGTGCCTGGCGGGTAGTTTAACTGGGGCGGTTGCCTCCTAAAATGTAACGGAGGCGCCCAAAGGTTCCCTCAACCTGGACGGCAATCAGGTGGCGAGTGTAAATGCACAAGGGAGCTTGACTGCGAGACTTACAAGTCAAGCAGGGACGAAAGTCGGGATTAGTGATCCGGCACCCCCGAGTGGAAGGGGTGTCGCTCAACGGATAAAAGGTACCCCGGGGATAACAGGCTGATCTTCCCCAAGAGTCCATATCGACGGGATGGTTTGGCACCTCGATGTCGGCTCGTCGCATCCTGGGGCTGGAGCAGGTCCCAAGGGTTGGGCTGTTCGCCCATTAAAGCGGCACGCGAGCTGGGTTTAGAACGTCGTGAGACAGTTCGGTCTCTATCCGCCGCGCGCGTCAGAAACTTGAGGAAACCTGTCCCTAGTACGAGAGGACCGGGACGGACGAACCTCTGGTGCACCAGTTGTCCCGCCAGGGGCACCGCTGGATAGCCACGTTCGGTCAGGATAACCGCTGAAAGCATCTAAGCGGGAAACCTTCTCCAAGATCAGGTTTCTCACCCACTTGGTGGGATAAGGCCCCCCGCAGAACACGGGTTCAATAGGTCAGACCTGGAAGCTCAGTAATGGGTGTAGGGAACTGGTGCTAACCGGCCGAAAACTTACAACACCCTCCCTTTTGGAAAAGGGAGGCAAAAACAAACTCGCAACCACATCCGTTCACGGCGCTAGCCGTGCGTCCACACCCCCCACCAGAACAAATTTGCATAGAGTTACGGCGGCCACAGCGGCAGGGAAACGCCCGGTCCCATTCCGAACCCGGAAGCTAAGCCTGCCAGCGCCGATGATACTGCCCCTCCGGGTGGAAAAGTAGGACACCGCCGAACATACAAAAACACCCCCGGTAACGGTGGTGTTTTTGTATGTTTATATCGACTCAGCCGCTCGCGAGCGGGCGAATTATGGCTTCGATTTTCGCAATGACGATACCCTCGCGGGCGGGGGCGCTCAGTCGAAGAGCGTCAAGTCTGCGGGCGCCCGGCTTTTCTCCAACTCGAGCAGAGCTCGTTTCCGGTTGATTCCACCGCCGTACCCGGTGAGCTTTCCGCTGGCGCCGATCACGCGGTGGCACGGGACGATGATGGCGATGGGATTGTGGCCGTTGGCCAATCCCACGGCGCGTGCGGCGCCGGGGGCGCCGATCTGGTCGGCGATTTCCCCGTAGGACCGGGTTTCCCCGTACGGGATTGTCAGCAATGCTTTCCATACTCGTTGCTGAAAGTCGGTTCCCCGGAGGTCAAGTTCCACATCGAATTCGGTGAGCTCGCCGGCGAAATAAGCGTTGAGTTGGTCGACAGCGCCAGAAAATGCGCCGGGGTCGGGTGTCCAGTGTGTGCGGCTTGGCTCATACGTCTGCTCGAGCATCCGCAGGTTCGTCAACACCGAGCCATGCCCGGCCAGGGTTAATGGTCCGATGGGGCTATCGATGGTGCGGTAGTGAATCATGCGATCTTCTCCTGCGGTGGCCATTGGTTTACCGGATGTTCCAGGGTGGTCCACAGGTGCTGGGTGGCATAGGAGCGCCAGGGGCGCCAGCGAGCGCTGTGCACCGTCAGGGCTCGTCGTTGTGCAGGCAGGCCCAGCTTTTTGGCGGCC
CP180709.1_gap36	1513443	1517828	4385	AACCGACGGGTCGCGGTGTTGCGGTGATCGGGGTCGAACATGATCCGCCGGCAACGCGGCTCGTTGGCAAAGACGCTGGCCACGATCCGCGGTAGCAGCAGCGGGCCGAAGCCCCGATTGACCTTCGACAAGTCCGCGATGGCCGCGTGCAGCCCCAAATCGTAGGGGTCTGCGTCGTAGTAGTGAGAAATCAAATCCTTTGCTGCCCAGTATAATTCGAGATAACCACCATCTGTTCCGTGCCAGCTGCCGATCAATGGCAACGAATAGGTTCCCTCAAGTTGGGCGTTCAGGTGTTGACGCCAACGTGACGCCGGCCAGTCGTACTCCCAGGCCGCCGCCAGATGAGGACGGTTCATCCACTCCGCCAACATCTCCGCGTCGGTCAGCTGTGCGACCCGCAACCCGTATGGCGGCTCCAACGATGGAACGGGCGGGCGGGCGAGGCGTCGTACCTGGTCAGGTAGGTCGAATCGCTCGCGGGCTAGCCGAACCAGCGCGTCGTCGGCCTGGCCAGCGGATGTGGGTTTGGTCATTGCGGGCCGAGCTTACCGGAGGGCTCGCTGCTTAGGTTAGGCATGCCATACATGCGTGAGCCGGGATCACGTCGCCCGCTGCCCGGCTGTCCGGGGGTCGAGGCGGTACGATCGCTACGCCCGCGGGCGTGATGAAATTGGCAAACATGCCGGTTTTAGGTGCCGGTGCTCGAAAGAGTTTGAGGGTTCGAGTCCCTCCGCCCGCACTCCATGGTCCCCGAGTTTGACCTTCGGTAAGGCAACCCTTAGTTTGGACGAGATCGTCCGACTGGGGCCGACTGGGTTGTATGCGCGGGCTGAGTATCAGCGCGGTCGCGGCGCAGCTCGGGGTATCGGCGGAGCGCGACGCCGTTGCACGCCGGTTGGCCGGTAACCCAGCGTTCGTGGTCGCCCGATCTGAGAAGTCGTGGCGGATTAGGCCGCCGCGAGAGAGGACCGCTGATGGCACGCGGGTTGCAGGGTGTGATGTTGCGCAGTTTCGGCGCGCGCGACCACACCGCAACGGTGATCGAAACCATTTCGATTGCACCGCATTTCGTGCGGGTCCGGATGGTTTCGCCGACGCTCTTCCAGGATGCGGAGGCTGAGCCCGCCGCATGGCTGCGGTTCTGGTTCCCCGACCCGAACGGGTCCAACACCGAGTTCCAGCGCGCCTATACGATCTCCGAAGCTGACCCCGCCGCGGGCCGCTTCGCGGTCGACGTTGTATTGCATGACCCGGCGGGTCCGGCCTCGTCGTGGGCGCGCACCGTCAAACCTGGCGCAACCATAGCGGTCATGTCGCTGATGGGCTCATCGCGGTTCGACGTGCCCGAGGAGCAGCCCGCCGGGTATCTGCTAATCGGCGACTCGGCGTCGATTCCGGGGATGAACGGGATCATCGAAACGGTCCCGAACGACGTCCCGATCGAGATGTACCTTGAACAACACGACGACAACGACACGTTGATCCCGCTCGCAAAGCATCCCCGGCTGCGGGTGCGCTGGGTTATGCGCCGCGACGAGAAATCGCTGGCCGAGGCGATCGAGAACCGCGACTGGTCGGACTGGTATGCGTGGGCGACGCCAGAGGCTGCCGCGCTGAAATGCGTCCGGGTGCGGCTGCGCGACGAGTTCGGGTTCCCTAAGTCCGAGATCCACGCTCAGGCTTACTGGAACGCCGGGCGTGCCATGGGCACCCACCGAGCAACCGAACCGGCGGCCACCGAACCTGAGGTGGGCGCAGCCCCGCAGCCAGAATCGGCGGTGCCTGCCCCGGCGCGTGGCAGCTGGCGCGCTCAGGCTGCCAGCCGGCTGCTGGCGCCGCTAAAGCTGCCGCTGGTGCTCTCGGGTGTGCTTGCGGCTCTGGTCACGCTGGCGCAGTTGGCGCCGTTCGTGCTGTTGGTCGAGCTGTCAAGGCTGCTGGTCTCCGGCGCCGGCGCGCACCGGTTGTTCACGGTCGGGTTCGCCGCGGTGGGGTTGCTGGGGACCGGGGCCTTGCTGGCAGCCGCCCTCACGCTGTGGCTGCACGTGATCGATGCCCGCTTCGCCAGGGCGTTGCGCTTGCGGCTGCTGAGCAAGCTGTCCCGGTTGCCGCTGGGCTGGTTCACCAGCCGCGGGTCCGGATCGATCAAAAAATTGGTCACCGACGACACGCTGGCGTTGCACTACTTGGTCACCCATGCCGTTCCGGACGCGGTCGCCGCGGTTGTCGCCCCGGTGGGGGTGCTGGTCTATCTGTTCGTCGTGGACTGGCGAGTGGCGCTGGTCTTGTTCGGGCCGGTTCTGGTCTACCTGACCATCACGTCATCGCTCACGATCCAATCCGGGCCCCGCATTGTTCAAGCGCAGCGGTGGGCAGAGAAGATGAACGGCGAAGCGGGTAGTTACCTCGAGGGTCAGCCGGTGATTCGCGTCTTCGGCGCCGCGTCATCGAGCTTCCGTCGCCGGTTGGACGAGTACATCGGATTCCTGGTCGCCTGGCAGCGGCCGCTGGCCGGCAAGAAAACCCTGATGGATCTGGCCACTCGCCCAGCAACGTTCCTGTGGCTCATCGCCGCTACCGGCACCTTGTTGGTAGCCACGCATCGAATGGATCCGGTGAATTTGTTGCCGTTCATGTTCTTGGGTACCACGTTCGGTGCCCGCCTGCTCGGGATCGCCTACGGGCTCGGCGGCCTACGCACGGGACTTCTGGCGGCCCGGCACCTGCAAGTCACACTCGACGAAACCGAACTCGCCGTGCGGGAACATCCGCGCGAACCGCTCGACGGCGAGGCGCCAGCAACTGTGGTGTTCGACCACGTCACCTTCGGGTACCGCCCTGGAGTGCCGGTGATCCAGGATGTATCGCTTACGCTGCGGCCGGGCACGGTCACCGCGCTCGTCGGCCCGTCCGGCTCCGGCAAGTCGACACTGGCCACCCTGCTGGCTCGATTCCACGATGTCGAGCGAGGTGCGATACGCGTTGGTGGACAGGATATTCGATCACTGGCCGCGGACGAGCTGTACACGCGAGTCGGCTTTGTGCTACAGGAAGCCCAGCTTGTGCATGGCACCGCCGCCGAAAACATCGCGCTGGCGGTACCGGATGCCCCCGCCGAACAGGTCCAGGTCGCGGCCCGCGAAGCGCAAATCCACGACCGGGTGCTTCGGCTGCCGGACGGCTACGATACCGTGCTCGGAGCCAACAGTGGTCTTTCGGGCGGGGAGCGACAGCGGCTCACCATTGCCCGTGCCATCCTCGGCGACACTCCGGTCCTCATCCTCGACGAGGCCACCGCGTTTGCCGATCCGGAATCGGAATACCTTGTGCAACAGGCGCTTAACCGGCTGACCCGGGACCGCACCGTGCTGGTAATCGCCCATCGACTGCATACCATCACCCGGGCCGACCAGATCGTCGTGCTCGATCATGGTCGGATCGTCGAACGCGGCACCCACGAGGAGTTGCTTGCCGCGGGCGGACGCTACTGCCGGCTGTGGGACACCGGCCAGGGCAGCCGGGTGGCGGTCGCCGCAGCGCAGGACGGCACCCGATGATCCGCACCTGGATAGCCCTTGTTCCGAACGACCACCGCGCCAGGCTAATCGGCTTTGCGCTGCTCGCGTTTTGTTCCGTTGTCGCGCGAGCGGTGGGCACCGTGTTGCTGGTGCCGCTGATGGCGGCGTTGTTCGGGGAGGCGCCGCAGCGCGCGTGGCTGTGGCTGGGCTGGCTGTCCGCCGCGACCGTGGCCGGGTGGGTGCTAGACGCCGTGACCGCACGCATCGGTATCGAGCTGGGTTTCGCCGTCCTTAACCACACCCAACATGATGTGGCGGACCGGCTTCCGGTTGTCCGGTTGGATTGGTTTACCGCCGAAAACACCGCGACGGCACGGCAGGCGATCGCGGCCACCGGGCCGGAACTTGTTGGCCTGGTGGTTAATCTGGTGACACCGTTGACCAGCGCGATCCTGCTGCCGGCAGTGATCGCGCTGGCCCTGTTGCCGATCTCCTGGCAGCTCGGCGTGGCTGCACTGGCCGGCGTGCCGTTGCTGCTGGGGGCGCTGTGGGCCTCCGCAGCCTTTGCGCGGCGTGCCGATACCGCAGCAGACAAAGCCAATACCGCGCTCACCGAACGGATTATCGAGTTCGCTCGGACTCAACAGGCATTGCGGGCCGCCCGGCGCGTCGAGCCGGCTCGAAGTCTGGTCGGCAACGCTCTGGCCAGCCAGCACACCGCGACGATGCGGTTGCTGGGCATGCAGATACCGGGCCAGCTGTTGTTCAGCATCGCCAGCCAACTGGCTTTGATCGTGCTCGCCGGCACCACCGCGGCGCTGACCATCACGGGAACGCTCACGGTTCCCGAGGCCATCGCCCTGATCG
CP180709.1_gap37	1519126	1520793	1667	TCAACAACGCCGGGATCACCCGCGACGCAACGATGCGCACGATGACCGAAGAGCAGTTCGATCAGGTCATCGCGGTGCATCTGAAGGGAACATGGAACGGTACCCGGCTGGCGGCGGCAATCATGCGGGAACGCAAGCGGGGCGCCATTGTGAACATGTCTTCGGTGTCAGGCAAGGTCGGTATGGTCGGCCAAACCAACTACTCAGCGGCCAAGGCCGGCATCGTAGGAATGACCAAGGCGGCCGCCAAAGAACTTGCACACCTCGGCATTCGGGTAAACGCAATAGCTCCGGGGTTGATCCGTTCAGCGATGACAGAAGCTATGCCGCAACGCATTTGGGACCAGAAGCTTGCCGAAGTTCCGATGGGTCGCGCCGGCGAGCCCAGCGAAGTCGCTAGCGTGGCCGTGTTCTTGGCTTCGGATCTATCCTCGTACATGACCGGCACCGTGTTGGACGTGACTGGCGGCCGGTTCATATGACACCGAGATCATTGCCACGGTACGGCAATTCGTCAAGAAGGAAATCTTTCCCAATGCACCGGCCCTCGAACGTGGCAACAGCTACCCGCAAGAAATCGTCGATCGGCTGGGTGTTATTGGCTTGCTCGGTTGCCGGCTGCAAGGGTATCGACACCACCGAGTTCATTCTCGGGCGTGCCGGCGCATTCGAGCTGGCGGTGCGCGCTGCCCAGCACCGTCATAGGTACTTGACGATGGTCAACGTCGGACGAGCGCCACCACGTCGCTGCCGAACGGTATGCATGGCGGCTACCGATACTCCGCGGAATATCAGATTGAACGGCTGATGCCTGATGCGCCCGTTGCTGCTCAGCGGAGCGGGAACCAGCGCGATCCAGAAGCCTCTGAGGACTCGAAGGCTGGCCTCCGGAGTCCATCGATGATGTGCAGTTGCATCGCGATTGCCGCCAGGGGCGTTGTCGCTTGAGCACATCTGGGCATAGGCTGCCATCTTGGAGGGCAGGCAACCTGCATGATAGGGAGGAGAATATGGCCCGCACGCTTGCGTTGCGCGCATCGGCGGGACTCGTCGCGGGTATGGCAATGGCCGCGATCACGCTCGCACCTGGGGCCCGCGCCGAAACCGGTGAGCAATTCCCCGGGGATGGGGTGTTTCTCGTGGGAACTGACATTGCGCCAGGCACCTACCGCACGGAGGGGCCGTCGAATCCCCTTATTTTGGTGTTCGGCAGGGTGTCCGAGCTCTCAACCTGCTCATGGTCGACACACAGCGCACCCGAGGTGAGCAATGAGAACATTGTCGACACCAACACCTCTATGGGCCCGATGTCAGTGGTGATCCCGCCGACCGTGGCAGCCTTCCAGACGCATAACTGCAAGCTTTGGATGCGGATCTCATAGGGGCCGGCGTACCCGGTACCGGCCGCGGGCCTACCACGTGCCGGAACTGGAAGCGCAGTAAGCCCTCAACGCGCCACCGCTTTGGCCCGCGCGCCCGGCGTAGGCGCATCGGCGGTGGCCGTGGGGCGGCGCACTGCGACCTCACCAGCGGCTTTCGAGCTTTGTTCGATCAACCGGCCAGCATGGTCGAGGATGCATTCGAGACCATATTCGAAATTGGTTTCATCGGGGGCCCCGATCCGATGCCCCCTCCCAGTTGCGTGAGCAAGCAGCGGAGTCGTCGCG
CP180709.1_gap38	1540150	1542977	2827	AGCCCGCTATTCATGATCTGCGTGACCACCCGCACGCCGGCTACCGGGCCGTTCATGTCTGGCTTCGGTTACCTGCCGGTCGTGTCGAGATACAGATTCGCACCATTTTGCAGAGCCTGTGGGCCAACTTCTACGAGCTTCTCGCTGACGCGTACGGTCGGGGCATCCGCTATGACGAGCGGCCGGAGCAGCTAGCGGCCGGCGTTGTCCCGGCACAGCTTCAAGAGCTGGTAGGGGTTATGCAAGACGCTTCAGCGGATCTGGCGATGCATGAAGCCGAGTGGCAACACTGTGCAGAGATCGAATACCCCGGCCAGCGGGCGATGGCGCTTGGCGAGGCGAGCAAGAACAAGGCGACGGTGCTCGCAACGACCAAGTTTAGGCTGGAAAGGGCCATCAATGAGGCCGAGTCGGCAGGGGGAGGTGGGTGAGGTGGCTGGCTATGTCGTCGAATACAACCGGCGCACCCACGTGCGTCGCATCACCGAGTTCGCCACCCCGCAAGAAGCGATGGAGCACCGGTTGAAGCTGGAAGCCGAGCGCACCGACAGCAATATCGAGATCGTTGCGCTCGTCAGTAAGTCGTTGGGAACCCTGAAGCAAACGCATTCGCGGTACTTCACTGGTGAAGAGCTGAACGTCGGAAACGGCGCGCGGTAGGCCCTTGGGTTTCCGCGAGTGTGCCGGGTCCGGTCGACATGGGGAGGTTCGGTCAACATGTCTACCCGGCACTAGAGCCCGAGCGCCCGATAGGTGCGGCGGACGAATTTTGGTTGCGCGGTCCGCAGTTTCGCCAGGGATGGGTTACCCGCGACGGCCGCGGCAGCGTCCACGGACAGATCGGGACAATGCTGGATCAGATACAGCAGTATCAGGTCGGCGCTCGGGTCGGCCTGCCACCATGTCCCGTACGCGCCGGGCCAGCTGAAGGTCCCGAGCCCGCCCGGCCCGAACAGCGGCCTGGACTTCGCCGGATCGGTCACCACCGATAGGTTCAGCCCGAAGCCGCGGCCCACCCAGAACGGCGCCCCCAGAAAGCTGTGCCGTTTCTGCTCGTCGGTCAGCCGGTCGGTGCGCATCAGGCGCACCGATTCAGGTGACAACACCCGGACCCCGTCGACCGTCCCGTCGCCCAACAGCATCCGCACGAACCGCAGGTAGTCATCGGCGGTCGACCACAACCCGCCGCCGGCGTTACAGAACGACGGCGGCGTGACGTGTGGCGGCCCCATCACGTCGTGCCGCAACCGGTCTTGTTCGTCGAGCCGGTACATGGTCGCGGCCCGTCGCTGCGCGTCGGCCGACACGTAGAAGCCGGTGTCGGTCATTCCTGCCGGACCCAGCACTCGCTCGTCGATGACCTGGTACAGCGGTGCGTCCTCGATGCGGGAGACAATGACACCCAAGACGTCGATGGCGTGGCTGTAGGTCACCCGGTCGCCAGGTTGGTGCACGAGCGGAAGGGTTGCCAGCGCTGCCAGCCAAACGTCGGGACCCTGGCCGAACGGCAGTCGCTGATAGGCCCGCGAAATTGGCCCCGACACCGAGAAACCGTAAGCCAGGCCGCTGGTGTGAGTGAGCAGGTCCTCGATCAAAATGGCTCGTCGCGCGGGATGTGTGCGATCCAGCGGGCCGGCGGCATCGTCCAGCACGGCCACCTTGCAGAGCTCCGGTGCCCAACGCGTGATCGGGTCACGCAGTGCCAGTTTGCCCTCGTCGACCAGGCTCATCGCCGCCGCCACCGTGACCGGCTTGGTCATCGACGCGATGCGAAACAGCGTGTCGCGTTGCATGGGCACGCCCGCGTCGATATCGCGATAGCCGATCTCGTTGACTTGCAACAATTTTTCGCGCTGCCAGACCATGGTTACCGCGCCGGAAAGCAGGCCCGCGTCGCATACCTCGCGGATGGACGCCTGATTGCCGTCGAGATTCACCCGGTTCAGGATACTGTCCGAGCCAGCGCGGCTCGGCGGATTACTGATTGTGCGAACGTTTTCCCGCGCACCGGTCGCGTGTTACTGTCGCGCTCTCCGGCGAATGTGATCTGGGGAACATGCTGTGAGCGCGGCGGCATGCTAGTGACGATGGTGTCGCTGCTGGTGAACCAGGGTGTGGGTAGGCAGTCACCGAGACCCGCAACCATGGACGGGGCTGGATTCGAGGCTCCGTGCATGCCGTACGACTAGGGGTAGCGCCCAGCTGCTCAATACCATCGGTTGGATAACAAAGGCTGAACATGAATGGCTTGATCTCACAAGCGTGCGGCTCCCACCGACCCCGGCGCCCCTCGAGCCTGGGGGCTGTCGCGATCCTGATCGCGGCGACACTTTTCGCGACTGTCGTTGCGGGGTGCGGGAAAAAACCGACCACGGCGAGCTCCCCGAGTCCCGGGTCGCCGTCGCCGGAAGCCCAGCAGATCCTGCAAGACAGTTCCAAGGCGACGAAGGGCCTGCATTCCGTCCACGTGGTGGTGACGGTAAACAATCTCTCGACCCTCCCGTTTGAGAGCGTCGATGCCGACGTGACCAACCAACCGCAGGGCAATGGCCAGGCGGTGGGCAACGCCAAGGTCAGAATGAAGCCCAACACCCCGGTGGTGGCCACCGAGTTCCTGGTCACGAACAAGACCATGTACACGAAGCGGGGCGGCGACTATGTCTCGGTGGGTCCGGCGGAGAAGATCTATGACCCGGGCATCATCCTGGACAAGGACCGGGGGCTGGGCGCGGTCGTCGGGCAAGTGCAAAACCCGACAATCCAGGGACGTGACGCCATCGACGGCCTGGCCACCGTCAAGGTGTCCGGGACCATCGACGCCGCGGTG
CP180709.1_gap39	1577155	1579268	2113	GCCGGGCGACGGTCGGCTCTGTCATGGGCCTACCGTACGACCGCCAGGCCTATCCGTGTAGCACAACCCGTAGCGCCACCAGCCCACGGTTGGTGGCCTCGGTGGCGGCGGGCACCACACCGGCATAGCCAACGTAGCCGTGCACCAGCGTCTGGGCGTTGTGCACCTCGACGGGAACACCGGCGGCGGCCAGCAGCTCGCCGTACCGAATCCCGTCGTCGCGCAAAGGGTCGTAGCCGGCGACAGCGATGTAGGCCGGCGGCAGGTCGGCCAGGTTCTCCGCTCGGCCGGGCGCCATTGGCGCTGGCGGGTTGTGCAAGTCGATTTCGCCTGCGTACCAACGGGAGAACGCGGCAATTGCCTTGACGTCGAGGATCGGTGCGTCGGCATTCTCGGCCAACGACGGCAGCGATTGGTCCCACAGAGTGGAGGGATACCACAACAGCTGAAACACAATGGGCGGGCCGCCCATATCGCGGGCTCGCTGCGCGATCACCGCGGCGATGGTGCCGCCGGCGGAATCTCCGGCGACGGCGATGCGGCCGAGGTCAGCACCGACCTGGCGGCCATGCTCGGCGACCCACCGCGTTGCGGCCCAAGCATCTTCGATGGCAGCGGGGTAGGGGTGCTCAGGCGCCAGCCGGTAGTCGACGGACACGACAATCGCGTCAGCGCCGACGGCGTGCTGGCGGCAGGGGCCATCGTGCGTGTCGAGGTCGCCCATGACGAATCCGCCGCCATGTAAATACAGCACAACGGGCGCCTCGGCTTGATCGGGACACGTTGGCGGCCAATAGATCCGGGTCCCGATCGGCCCCGCCGGTCCATCGATCGCAAGGTCAACGACCCGCAGCTCGGGGTGCACCGGCTGGCGCGGTAGATCGCGCAACCGCTGGCGCACGGCCTCGATCCCATCGTCGATCGATAGCCGAAACGGAACCGCATCCAGTACCTTCAGCAGGATGGGGTCGATCGCGGGTTTCTCGTCGGCGGTGTTGTCCAAACTGGGCATACCGGTACCGTACGCACCTCGCTTGCTGGCCGGCGGCTGGGTGGTCGCCGGCTGGGCGGGCCTCGCCTACGGCGTGTACTTGACCGTGATCGCATTGCGCTTGCCACCGGGCAGCGAGTTGACCGGGCACGCGATGTTGCAGCCCGCGTTCAAGGCATCGATGGCGGTGCTGCTGGCCGCGGCCGCGGTTGCCCATCCCATCGGCCGCGAGCGGCGGTGGTTGGTACCGGCGCTGCTGTTGTCGGCCACCGGCGACTGGTTGTTGGCGATCCCCTGGTGGACGTGGGCGTTCGTGTTCGGCTTGGGGGCATTCCTGTTGGCGCACTTGTGCTTCATTGGTGCCCTGCTGCCACTGGCGCGGCAGGCGGCTCCATCGCGTGGCCGGGTCGCTGCCGTGGTGGCGATGTGCGTTGCGTCCGCGGGGCTGCTGGTGTGGTTCTGGCCACACCTGGGGAAGGACAACCTGACCATCCCGGTCACGGTATACATCGTCGCGCTGTCGGCGATGGTGTGCACCGCGTTGCTGGCACGGCTGCCGACGATTTGGACCGCGGTCGGGGCGGTGTGTTTCGCCGCGTCGGACTCGATGATCGGCATTGGCCGGTTCATCCTCGGCAACGAGGCGTTGGCGGTGCCGATCTGGTGGTCCTACGCCGCAGCCGAGATCTTGATTACGGCCGGGTTCTTCTTCGGCCGCGAGGTTCCTGATAACGCCGCAGCACCTACGGATAGCTAGCGGACCGGTTGTCTAGCAGCGGATCTCGCGGTCAAGCCCGCACGCCCGTCGAAGTAGAGCCGATCGCGCGGGTGCTGCCGATGTTGTCGGTGCCGCACCTGGACCGCGACTTCGACTACTTGGTGCCCGCCGAACACTCCGACGATGCCCAGCCGGGGGTGCGGGTACGGGTGCGGTTTCACGGTCGGCTGGTCGACGGGTTTGTCCTAGAGCGCCGCAGCGACAGCGATCACCACGGCAAGCTGGGCTGGCTGGATCGTGTGGTGTCGCCCGAACCGGTGCTCACCACGGAGATCCGCCGGTTGGTCGATGCGGTGGCGGCGCGCTACGCCGGGACCCGCCAGGACGTATTGCGGCTCGCAGTG
CP180709.1_gap40	1582625	1584513	1888	CGTTGTCACCGATGTGCGCGTAGGCCTCGATCGTCGGGCCATAGTTGTTCTTGAAGTAGTCGTGGACGGCCTGGGCGGTGTCGAACCGCTTCACTTCCAACAAGCCACGGGCCGTCTTGAGGCCAGTGACTCCATCGCCCAGCAGACCAGTGACATAGGCCTCACGTCCCCACAACGCCGACGGCGGCAGATCCGCCGACACGCTGGGCCGGTATGGCCTAATGGTTGCCAGCATCCGGCCGAAGAATCCCTCGCACGTCCAGCTGATCACACCGATCGTCCCGCCAGGCCGGCAGACGCGGACCAGCTCGTCGGCCGCGGCCTGATGATCCGGTGCGAACATCACGCCGATCGCTGAGATCACCGTGTCGAACTCGTCGTCGGCAAACGGCAGGGCTTGCGCGTTGGCTTCCTGGTATTGCAGGGTCAGCCCCTGTTGGGCGGCCCTGGCCTGGGACCGCTGCAGCAGCTCGGGCGTCAGGTCGGTGGAAATGACCGTGGCACCCGTCTTGGCTGCGGGCAGCGAAATATTGCCAGAGCCAGCGGCGACGTCGAGCACCCGAACACCCGGCCCGATGCCCGCGGCGGCAACCAGGATCGGGCCGAGTGGCGCCATCACCTCTTCTGCCATCAGGGCGTAGTCACCCAGGGCCCACATCGCCCGGTGTGTGGCCGCAAGCGTTTGGTCCTCGCGAGCAGGTGTGTCGATAGTCATCAGGTCTCCTGAGAAGTAAGTGATGTGGCTGCGAACTTCGACATCGTTGTCGCGGGCACGGCGGGAGCCTGGGCAGTAGCGTGCCTTGCGTACCCACCGGATACAGTATGCATCAGAAATAGTGTATTCCTCTAACTATCGCGCGTGTCGGAATTGTGGCCCACGCCACGTCGGCGGCGCTTCTTAGACTGGGCGCGTGCGCCTTGTCTTTGCCGGCACCCCCGAACCCGCGCTGGCCTCGCTGCGCAGGCTCATCGAATCGCCCAGTCACGACGTGATCGCCGTGTTGACCCGTCCGGATGCCGCCTCCGGCCGGCGGGGCAAGCCGCAGCCGTCACCGGTGGCCCGTGAGGCGGCAGAGCGCGGCATTCCGGTGCTGCGGCCATCGCGACCGAACTCGGCAGAGTTCGTCGCCGAACTGTCGGATCTGGCGCCAGAGTGCTGCGCCGTGGTTGCCTACGGAGCCCTGCTCGGCGGTCCCTTGCTGGCCGTGCCGCCGCATGGCTGGGTCAACCTGCACTTCTCGCTGCTGCCGGCCTGGCGTGGCGCGGCGCCGGTGCAGGCCGCCATCGCCGCGGGAGACACGATCACCGGAGCCACGACGTTCCAGATTGAGCCAAGCCTGGACTCGGGACCGATATACGGTGTCGTCACCGAGGTGATCCAGCCGACCGACACCGCGGGCGATCTACTTAAGCGACTGGCGGTATCGGGGGCAGCGCTGCTATCGACCACGCTGGATGGCATCGCCGATCAGCGGCTGACGCCGCGGCCGCAACCGGCAGACGGGGTCAGCGTGGCGCCGAAAATCACCGTAGCGAATGCCCGGGTGCGATGGGACTTGCCGGCGGCGGTCGTGGAGCGGCGGATCCGCGCCGTCACTCCCAACCCCGGCGCCTGGACGCTCATCGGTGACTTACGGGTCAAACTTGGACCGGTGCACCTCGACGCCGCTCACCGGCCATCGAAGCCCTTGCCGCCCGGTGGAATCCACGTGGAACGCACGAGCGTGTGGATCGGCACCGGCTCGGAACCGGTGCGGCTGGGCCAGATTCAGCCGCCCGGCAAGAAACTCATGAACGCGGCCGACTGGGCGCGGGGCGCACGGCTGGACCTGGCCGCACGGGCAACATGACCCCTAGATCGCGTGGGCCGCGCCGCCGGCCGCTGGAC
CP180709.1_gap41	1619850	1622001	2151	TCGATATAGCCGCCGGTGCCGCCGGTGCCGCCTGCGCCGCCAGCGCCGCCGGCGCCGGCGCTGCTGCCATTGCCGATGGTCAATGCGCTGGCGCCGCCGGTGCCACCGACGCCGCCGTTGCCGCCGGTACCGCCTTTGCCGCCGATCATTGAGCTGCCGCCGCCGGTGCCGCCGGCGCCGCCGTCGCCGCCGGCGCCGCCGGCGCCGGCGCTGCTGCCGCCGATGCCAGCTGTGCCGCCAGTACCACCGGCGCCGCCGGTGCCGCCGTCGCCGCCGATGCCGCCAGCGCCTAGCGCCGTGCCGCCGTCGCCACCTTGGCCAGCGGTGCCGCCGTTGCCGCCGGCGCCGCCATTGCCGAACAGCCGGCCACCAGCCCCACCCGCAGCGCCGTTGCCGCCGTCGCCGCCACGGGCGCCGTTGGCACCGCTGTTAGGACTGTCGCCGGCACCGCCGGCGCCGCCGTCCCCGCCGGTCCCACCGGCGCCGCCGGTGCCGAACATCCCAGCAGCACCACCGGCACCACCGCCACCGCCGTTACCGCCAGGGCTGGCGGGGACGGGGGGGAGGCCGCCGCCGCCGTCGGCGCCGCTGGCGCCAGTACCGCCGTTGCCGCCGGCGCCGCCGTTGCCGCTTAGCCAGCCACCGGCTCCACCGGCCGCGCCGGTTCCGGCCGCCGGGCTGTAACCGGCACCGCCGGCCCCGCCGTTACCGAACATTCCGGCATCCCCGCCGTTGCCGCCGTTGGGGTGGGCGGCGTCGCCGGCTCCGCCGTTCCCGCCGTTGCCCCACAGCAACCCGCCGGCCCCACCGTTTTGACCGGGCAGCCCGTCGGCGCCGTTGCCGATCAGCGGACGCCCCAGCAGTGTCTGGGTGGGCGCGTTGATGGCCGCGAGCACCTGTTGTTCGAGGGCCTGCAAGGGGGAGGCGTTGGCGGCCTCGGCGGCGGCATACGAGCCCACGCTCGCGGTTAAGGCCTGCACGAACTGTTGATGAAATCTGGCCATTTGGGCACTGAGCGCCTGATAGTCGCGGGCGTAGCCAGAAAACAACGACGCGATGGCCGCCGACACCTCATCGGCCCCGGCGGCCAGGACACCAGCCGTCGTGGGTGCCGCGGCTCCGTTGGCCGCGCTAAGCGCCGCACCGATGCTCGCCACATCCGCTGCCGCCGCTGACAACATTCCCGGGACTACCATCACGTTCGACATCGCTGCAGTCTAAAACCTGGTGCCATCGTTGCGACGCAAAACAATCGACATGCTTACCATTTCTGAGCTCAACTAGCTGCTAGGTTGCCGCACTAGACTGCTGCAAATGCAGGTCTATACGTCGGCAACGCACTGGGGCGTGTTCACCGCTCGGGTGCACGGCGGCGACATTGCGGCCGTGGCCGCGCTCGCCAGTGACACCAACCCGGCTCCGCAGCTGCAAAACCTGCCCGGCGCGGTACGTCACCGCAGCCGCATCGCCAACCCCGCCGTACGGCGCGGATGGCTGCAGCATGGCCCGGGGCCCAGCTCGGCTCGCGGCGCCGAAGAGTTCGTGGAGGTCAGCTGGGACGAGTTGATCGAGCTGCTGGCTTCCGAGCTGCGCCGTACCGTCGACCGCTACGGCAACGAGGCGATCTATGGCAGCTCCTACGGCTGGGCCAGCGCCGGACGGTTCCACCACGCGCAAAGCCAGGTGCACCGGTTCCTCAACATGGTCGGCGGGTACACCGCATCCCGGCACAGCTACAGCGCCGGCGCGTCCGAAGTGATCTTCCCGCATATCGTCGGCGCGGCCCTGTTCGAAGCCCTGGCCGAGACCACGACCTGGGATGTCATCGTCGACCACACCGCGCTGTTGGTGGCGTTCGGCGGATTGCCGGTGAAGAACACCGCGGTGATGCCCGGCGGTACCACCGCTCATCCGGACCGCGACTACGTCGGCCGGTACCGGGCTCGCGGCGGTCGGCTGGTGTCGGTCAGCCCGCTACGTGACGACATCGCCGCGATCGCCGGTCCGCTCGACGATCGATGTCGCTGGCTTGCGCCGGTGCCTGGCACCGATGTGGCGATCATGCTCGGGCTGGCATACGTGCTGGCCACCGAGTCGCTGGCCGATCGCGCGTTCCTTGGCAGGTATTGCACCGGCTACGAACGCTTCGAG
CP180709.1_gap42	1630177	1632303	2126	ACTGCAGGAAGGTGCCGCCGTAAGCCCGGGTGGGTCCGTGCAGCACGATGCCGGACAGGATGGCACCCATCGCGTGCTCGCGAACACCGAAGTGCAAGGTGCGACCATACCAGTGCGCGGTGTACTCCTTGGTGGAAATCGAGGGCGGGCCAAAGGAGTCGGCGCCCTTTATCGTTGTGTTGTTGCTGCCCGCCAGGTCGGCCGAACCGCCCCACAACTCGGGCAGTTTCGGCCCGAGCGCGGACAGCACCGCACCCGAGGCCGCACGGGTGGCCAGCGCCTTGGACCCCGGTTCCCAGTGGGGCAAGTCGGCGTCCCAGCCGTCGGGCAACTTCTGCGCGAGCAGCCGGTCCAGCAGCGCCTTGCGCTCGGGTTCACGCCGCGCCCAGGCATCGAATTCGAGCTGCCAGCGTTCGTGGGCCTGTTTGCCGCGGGCCACCAGCCCTCGGGTGTGGGTGAGGACGTCCTCGCGGACCTGGAACGTCTTGTCCGGATCGAAGCCGACGATCTTCTTGACTGCGGCCACCTCGTCGTCGCCCAGCGCCGCGCCGTGCGCCTTGCCGGTGTCCATCAGGTTCGGCGCCGGATAGCCGATGACGGTGCGCAGCGCGATGAACGAGGGCCGGTCGGTGACCGCCTGCGCATTGGCGATGGCCTCCTCGATGCCGACGACGTTCTCACCGCCCTCAACCTCTTGCACGTGCCAGCCGTACGCGCGGTAGCGGGCCGCGGTGTCCTCACACAGCGCGATGTTGGTGTCGTCCTCGATCGAGATCTGGTTGCGGTCGTAGAACACGATGAGGTTGCCCAGTTGCTGGACCGCGGCCAGCGACGACGCCTCCGAGGTCACCCCTTCTTCGATGTCACCGTCGGAGGCGATGACATAGATGTAGTGGTCGAAGGGGCTGGCGCCCGGTTCGGCGTCCGGGTCGAACAGGCCGCGCTCGTAGCGCGAGGCCATCGCCATCCCGACCGCCGACGCCAGTCCCTGCCCCAGCGGGCCGGTGGTGATCTCAACGCCGGGGGTGTGGCGGAACTCCGGGTGTCCGGGGGTCTTGGATCCCCAGGTGCGCAACGACTCAATGTCGGACAGTTCCAGGCCGAAGCCGCCGAGGTAGAGCTGGATGTAGAGGGTCAGGCTGCTGTGCCCGGCCGACAAAACGAACCGATCGCGGCCCAGCCAGTGTGTGTCGCTGGGATCGTGACGCATTGTCCGCTGAAACAGCGTGTAGGCCAACGGAGCCAGGCTCATCGCCGTTCCAGGATGACCGTTGCCGACCTTTTGGACGGCATCGGCGGCCAATACCCGGATGGTGTCGACGGCAGCCGAATCGATCTCGGTCCAGTCGTCGGGATGGCGCGGTCGGGTAAGCGCGGAGATCTCTTCGAGTGTGGTCACAAATTCAGTCCTCGAGTCAGCAAGATGATCAGTCCTCACCCTAGTGCGGGAATCCCGGCGCTTGCAGTGCCGCATATCCGGGTACCCATCCGGGCCCTGTGAAACGTAACCCGCGCGCTACCCACGCTTCGCATTCGGTGCCGATATGCCGAAAAATCACCGTCATCGACCCTGCGGCTCTGCTGCTGGGGCTACGTCGAACACCGTACGTCGCAGAAGTGTGGTGCGGGTCGGGCGGCCGGCTTAATCGCGGTGATAATCGGTTGGTCGGCGATCACCGGCATCATCGGTTGGCCGGCGCTGGTGATGCTGTTCGCCGGGCCTCGCGTCGGCGAGCCGGGCAAGCCGGTGCGCCTGCCGATCCCATGGCGGGATGTTGGTGGGTACCGCCCGACCGGAAGAAGCATCGCGGCATGCCGGCGTGGCGAGCCTCGGGGTCTACACGAATTCGCCGCCGCCGAGCCCGCCGAAGCCACCGCCGCCACCGGCGCCGCCGGCGGTACCTGTGGCGATGGACCCCGGGCTACCGAGGCCGCCGAGACCGCCGAGACCAAGGAGGATGCTGAAGCCGCCGCCACCGCCCTGCCCCCCGTGGCCACCGGTCCCACCGGTGCCTGTTCCAAAGGGCCCCGCGTCGCCGGTGCCGCCGGTGCCCCCGGAGCCACCCATCCCGCCCCGGCCACCGACGCCGGCAAAACCATTGCCGCCAAAGCCGCCCGCACCTCCG
CP180709.1_gap43	1636038	1639514	3476	TGGCTGCCAAACAGCGTCGCGATCGCCGCCGACACCTCATCGGCGCCCGCGGCCAGCACGCTGGTGGTTGACCCCGCCGCCGCGCTGTTGGCTACACCGATCGATGACCCGATGCGCGCCACATCCGAGGCCGCCGCGGCCACCGTCTCCGGGGTTACGATCACCAACGACATCACAGACCTCCCGCCACGCCCCTGCCCCTTCGGCAGGTCACACTCCTGCCAGATAAGGGTCGCGCCGCCACCTTGTCCGATTCCAGGTCAAAATCCCCATAACCAGCACGAATCTGCTGTGCACAGTGCACATTCGCCCTACTATCGGCTCGTGGCATTGCGGCTAGCAACGGTTGGTCTTCGGGCCCAATCCTTAGGGCGTCACACTGATCAATCCCAGATAGCGATTTTCATCGGGCTGGTGTGAAAATTGTCCTGACCGCGGTTCGGGCTGGCGAGCGGTGCCGATATGCCGGCGAAGTCGTGTGAATCGACCCTGCGGCTCTGCTGCCACAGTTACCCGGTCTACCATCGTGCGTAGTAGAAGCTGCGCGCGGCTGCGATTCCCGAGGAGTTAGTGCGTGAACGTTCGCGGGCGCGTCGCGCCGCGCCGAGTGACTGGTAGGGCAATGAGCACCCTGCTGGCCTACCTGGCGTTAACCAAGCCGCGAGTCATCGAGCTGCTGTTGGTCACCGCGATACCGGCGATGCTGCTGGCCGACCGCGGCGCCATTCATCCGCTGCTCATGCTCAACACGCTCGTCGGCGGGATGATGGCCGCCGCCGGCGCCAACACGCTCAACTGCGTCGCCGACGCCGATATCGACAAGGTGATGAAGCGAACCGCGCGCCGGCCCTTGGCGCGGGAAGCGGTGCCGACCCGAAACGCGTTGGCACTCGGGTTGACGTTGACGGTGATCTCGTTCTTCTGGCTATGGTGCGCCACGAACCTGCTGGCGGGGGTGCTGGCCCTGGTCACCGTCGCGTTTTATGTGTTCGTCTACACGCTTTGGCTCAAGCGACGCACGTCACAGAACGTGGTGTGGGGTGGGGCGGCCGGCTGTATGCCGGTGATGATCGGCTGGTCGGCCATCACCGGCACCATAGCCTGGCCGGCGCTGGCGATGTTCGCGATCATCTTCTTCTGGACGCCGCCACACACCTGGGCATTGGCGATGCGCTACAAGCAGGACTACCAAGTGGCCGGGGTGCCGATGCTGCCGGCGGTGGCGACCGAGCGTCAGGTCACCAAGCAGATCTTGATCTACACCTGGCTGACCGTGGCCGCGACGCTGGTGCTGGCGTTGGCGACCAGTTGGCTTTACGGCGCGGTGGCCCTGGTGGCCGGTGGGTGGTTCCTGACGATGGCCCACCAGTTGTATGCCGGGGTGCGCGCCGGCGAGCCGGTCAGGCCGCTGCGGCTGTTTCTGCAGTCGAACAACTATCTGGCGGTGGTGTTCTGCGCACTGGCCGTCGACTCGGTGATCGCGCTGCCCACGCTGCACTGATTGGGGGCCCAGTTCCGCTGCGGTGCCGGCCCTGCTCGGCCAACGTAGTCAGATGGTTGGATCGCCACCGGCGCCACCGGCGCCGCCCGCGCCACCAGCACCGCCGCTGCCATCTGGGTCCGTCGAGTCGCCGAGGACGCCGGCGCCGCCATTGTCGCCAAATACCGTGAGACCTAGCAGGGTGCCGGCGCCGCCCTTGCCGCCGGCCCCGCCGGCGCCGCCCAATCCACCGAAGCCCCTCCCTTCGGTGGGGTCGCTGCCGCCGTCGCCGCCGTCACCGCCCTTGCCGCCGGCCCCGCCGTCGCCGCCGGCTCCGGCGGTGCCGTCGCCGCCCTTGCCGCCGGCCCCGCCGTCGCCGCCGGCTCCGGCGGTGCCGTCGCCGCCCTGGCCGCCGGCCCCGCCGTTTCCGCCGCCGCCGCCATCGCCGATGATGTTTTCCCCGCCCTTGCCGCCAGCCCCAGCGTTCCCGCCGGCTCCGCCACTGGCGCCGGTGCCGCCGGGTGCAACGGCGTTGGCGCCGTTACCGCCGTTGCCGCCTTTGCCCCCGGTGTCTGCAAAGTCGGGGGTCGCACCCTGCGCGGCGCGGGTCACGCCGTCACCGCTGAGCCCCCCGAGCCCGCCAGCGCCGCTGAAGCCAGGATTGCCGCCGTTGCCGCCATGGCCGCCGTTGGCACCGGGTGCGACGGCGTTGCCGCCGGTCCCGCCGACCCCACCGTTGCCGCCTTTACCACCGTCCTGGCCACGCTCGCCCGCGGTGGTGGCATTGGCACCCTCGGCACCACTACCACCGAGCCCGCCGTCTGCGCCGCGGCCGCCAGTCCCACCGGCCCCGCCATTGCCGGCGAGAGTTCCGCCGTCGCCGCCGGCGCCGCCCTGGCCGCCGTTGCCGCCGCTATTGCCTTTGCCACCGACTGCGCCCGAATCGCTCGCGTTCGTCCCTGCGGCGCCGTTGGCGCCGTTGCCGCCGGCGCCGCCGTTGCCGACCAGCCCGCCATGGCCGCCGGGTCCGCCGTTGGCGCCGTTGGTGCCCGCGGTGGTGGCGTTGGCGCCGTTGCCGCCGGCACCGCCGTTGCCGCCGCTGGTGGGGGTGGCGCCGATGGCGCCCTGAGCGCCGGTGATGGAGCCGGCTCCGCCGGTGCCTCCGGCCCCGCCGGTGCCGGGGTTGCCGCCGTTGCCGCCGTGACCGCCGGCACCTGCGTTGAAGGCCTGGTTGCCGTTGGCGCCGGCTCCGCGGTCACCGCCGACGCCACCAGCGCCGCCGGTCCCGCCGGCCCCGCCGGCGCCTTGGCCGCCCAGCAGGCTGATCAGGCCGCCGGCCCCGCCGACCCCGCCGACCCCACCGGCACCGCCGCTACCACCGGCACCGCCGGCCTGTCCGGTGGCAATCACCAGAGAATGGCCGCCCCCGCCGGCCCCACCGGCCCCGCCGATACCGCCGTCCCCGCCGGCCCCGCCGGCACCGGCCAGCCAGCCACCCCGGCCCCCGGCCCCGCCATCGCCGGCGTCGCCGCCGACCCCACCGGACGTACCGTGCGGGGACAAGTCCTCACCGGCTGCGCCGGCCACACCCTCCGCGCCGTGTCCGCCGGCACCACCGTGCCCGCCCACGCCCAACAGCCCGGCCGCACCCCCGACACCGCCGTGTCCACCCACACCACCGATCGGGCCGGGCCCGCCGGCACCTCCGTGCCCGCCGGCCCCGTAGAGGGTCCCGCCCAGGCCACCGGCACCACCGGTACCGCCGACCCCGCCGGGCCCGCCGGGCCCGCCGGGCCCGCCGGTTCCGCCGACCCCGAACAGTCCGGCGTTGCCGCCGGCCCCGCCGGTTGCCCCGCCCAGCAGGCTCTGCCCGCCGGCCCCGCCGACTCCACCATTGCCCACCAGCCAGCCGCCGCTACCCCCGGCCCCACCGGCGGCGCCGGCCCCACCGGCCCCACCGGCCCCGCCGGTGCCGAACAACCCGGCGGCCCCGCCG
CP180709.1_gap44	1640746	1644574	3828	CGCCGCCGTCATCTGGGGTGACCAGGCCCAGGGCGACCACAGCCACCTGGACCGAGTCGCCGACGCGTTCGGCCATGCCGGCGGATGCCCGCACCCGCTGGTCGTGGTAGCCGGCGCCGCGACTCGCTGGGTGTGGGTAAAAGACGCCCCCGGGTTTGACATCGACCTGATTCACGAGGTGCTCCATGACATACCCGACGCGCGTATCGCCATCGGGGCCACCGCGCCGGGAATCGAGGGGTTCCGGCGCAGCCACCGAGACGCACTCACCACCGCTCGGATGATTATCCGGCTGGAATCACCGCACCGAGTCGCCTTTTTCACCGACGTCGAGATGGTCGCGTTGCTCACCGAAAACGCCGAGGGTGCCGACGACTTCATCCAACGCACCCTCGGAAACCTCGAGTCGGCCAGCCCGGCTCTGAAAACGACGCTATTGACCTTCATCAACCAGCAGTGCAACGCTTCTCGGGCCGCGAGACTTCTCTTCACCCACCGCAACACCTTGATGAACCGACTCGAGACCGCGCAACGACTTCTGCCCCGCCCTCTCGCCGACACCACCATTCACGTCGCCGTCGCACTCGAAGCCCAGCAGTGGCGGGAGAAGCAAACCAGCGATCCTCCGGCAAAGAAAGAGTCGAATGGCACCAAGATGCGTTAGCAAGACAGCGCAGCACAGACCGCTACGCTACGGCAGCAGCACGACCGAGCCGACCGTCTTGCGAGCCTCCAGGTCCTGATGGGCGCGCAAGGCGTCGGCCAGCGGGTAACGTCCGCCGACCGCCACGGTGATCGCTTCGCTGCCGATCGCGTCGAACAGCTCAGCGGCCCGCCAGCTGAACTCCTCGCCGGTGCGGGTGAAGTGGAACAGCGAGGGACGGGTGAGGTACACCGATCCGGCGGCATTGAGGCGCTGCGGATCGACCGGTGGAACCGGACCGCTGGCGGCGCCGAACAGTGCTAATGTCCCGCGGACAGCCAGGCTGGCTAGGCTGGCGTCGAAGGTGGTGGCGCCGACACCGTCGTAAACGGCTTGCACACCGGTGCCGCCGGTCAGTTCGCGAACCCGCCCGGCGAACTGCCAGGCATCCTCCGGGTAGTCGAGAACCACGTCCGCGCCGGCATCCTTGGACAGCTTGGCCTTCTCCGCCGTCGAAACGGTGGTGATCACCCGCACCCCCAGGTGAGTGGCCCATTGTGTCAGGATCAAGCCGACGCCGCCGGCGCCAGCATGCACCAAGACGGTGTCACCACGCTTCACCGGGTACACCGACTTCAGTAGGTAATGCGCCGTCAGGCCCTTCAGCAGCGCCGAAGCCGCTACCTCAGACGTGACGTCGTCGGGGACCTTGGCGGTCAGAGATGCTGGCGCTGTGCAGAATTCGGCGTAGGCGCCGTTGGCTGAGGCGCTGACCACGCGGTCGCCGACGCTGATGGCGGTGTCGGCTGCGGTAACCCCTGGGCCGACGGCCTCCACCGTGCCGCATACCTCGGAGCCGATGACGAACGGGAGTTCGCGCGGATATTGCCCGGAGCGGAAGTAGGTGTCGATGAAGTTGACACCGATGGCCTCGGCCTTGATCAGGAGCTCGCCGTGGCCGGGTTGAGGTTGCGGCTGGTCGACGTGGCGTAAGACGCCTGGCCCGCCGGTTTCGGTGACTTCGATTGCGTGCATGTGGCTATCATGCCCGGGCATGAAGCTTGCCCGGCCGGACGTCTTCCATCCGCGCGTCGTTTTGGCGGGTTGGCCACAGCAGCCCGCCGGTGACGGCGACGATGCTGGGCTGGTTGCGGCCCTGCGCCACCGCGGCTTGCATGCTGGTTGGCTGTCTTGGGACGATCCCGAAATAGTCCACGCGGATCTGGTGATTTTGCGGGCTACCCGCGATTACCCCGCGCGGCTCGACGAGTTTTTGGCCTGGACTACCCGCGTGGCCAATCTGCTGAACTCGCGGCCGGTGGTGGCCTGGAATGTCGAGCGCCGTTACCTACGTGACCTGATGGATCGGGGGGTGCCGACCGTGCCCGGCGAGGTGTATGTGCCGGGAGAGCCGGTCCGGTTGCCACGCAAAGGCCAGGTCTTCGTCGGTCCGACCATCGGTACCGGGACACGGCGCTGTAGTGCCCGGTTCGCTGCCGAGTTCGTCGCGCAACTGCACGCGGCCGGCCAGGCGGTGCTCGTTCAGCCCGGAGGTTCCGGTGACGAGACCGTGTTGGTCTTCCTTGGCGGTGAGCCGTCGCATGCGTTTACCAAGCAGGCCGACACTTGGCGCCAGACCGAGCCCGACTTCGAAATCTGGGACGTGGGTGCGGCCGCCGTGGCCGGCGCGGCCGCGCAGGTGGGTGTTGACCCAGGTGAGCTGCTCTACGCGCGGGCCCACATCACAGGTGGAAGCCGAGATCCCCGGTTGCTGGAATTGCAATTGGTGGACCCGTCGCTGGGCTGGCAGTGGCTGGACCCAGACATCCGCAATCTTGCCCAGCGTGACTTCGCGCTATGCGTCCAGTCAGCGTTGGAGCGGCTGGGGCTGGGCCCGTTCTCCCATCGACGCCCATAGCGCGGCGGTGGCCGCCGTAACCGCCGCGGCACCGGCCACGTGAATGGCGACCAGGGCGGCGGGTACCCCGGTGAAGTATTGCGTGGTACCGACGGCGGCTTGCGTGGCAACCAGGGCGAGCAGCACGGCGAGTCGCACCAGAATCGCCCGGGTGGCACCCACGGCCAGCAGCCCGAAACCCAACCCGATCAGCAGCGCAAGGTAGGCAACCAACAGCGACGAATGCATATGCACCAAGGTGGTGATTTCGACTTTCAGCCGCGGCACGGTCCGGCTGGGGCTGCGATCTCCCGCGTGCGGGCCTGCCGCCGTGACTAGCGTGCCCGTCACCAGCACCGCGGCCAGGTTCAGCGCGCTGAGCGCCGTGAGCGCACGCAACGGGCTGACCACCAGTTCGTGGACGACTCCGTCATCGGGCTGGCCGATCTTGACGTAGAGCAGCACCGCCAGCCACACCATCGTCATCGACGCCAGCAGGTGGATGGCCACCGTCCACCACAGCAGCCCGGTGCGTACGGTGATGCCACCGATCATCGCCTGCACCACCGTCGACACCGGCATCAGCCACGCGTAGGCCAGGACTTCCGTGCGCCGGCGCGCCCGGGTGACGACCAGCACGGCCAGTGCCGCGGCTATCACCACCGCAAACGTGACCATCCGGTTGCCGAACTCGACCGCCTGATGGACCCGCGGCACCTCGGCGACCACCACCGGGGTGAAGCTACCCGGAAAACACTGCGGCCAGGTCGGACACCCCAGGCCTGAGGCGGTAACCCGGACGATTGCCCCGGTGACGGCGATGCCGCCCTGGGTGAGGATGACGATTGCGGCGATGACCCGCTGGACACGCAGGCTGGGAGACACCGCCCGATCGTAAGGCACCAAAAACTACACGCTGTAGTACGGGCGGACCGGTGTCGAAACTGCAACCACGCACCGATGCGTCGGCGTGTCTTGTGCGTGGTTGCAGTGTCGCGAAGCCGGGCGGCCGGTTCAGGTGAACCGGAACCAGCGCAGTGCGGCCAGTGCGGCCAGCGCGCCCCACACCGCTAGGACGACGATCCCGAACCAGTCCACCGACACGGTCATGGCCTGCGACAGCGCCTCGGTGAGCGCGCCCGACGGGGTAACCCGAGCCACCCATTTGAACGCCGTCGGGATCACGTTCGACTCCAAGGTCAGCGCACCGAAACCGGCGAATACGAACCACATCAGGTTGGCGACGGCGAGAACGATCTCGGCTCGCAAGGTGCCGCCGAGTAGCAGG
CP180709.1_gap45	1655739	1658731	2992	CCCACCTTGTAGATGTCGCTGGAGTGCTGCGCGGCGGACATCAGGTACCCGGTCAGCGCGCCCGTCATTGCCGTGATGTCGTCGAGCGCGGTGCGCAGCAGCTCGGCTTGCGGTTTTAGCGACGGGTCAATGTTCTCGACGGTGTGGGTGACCTGAGCCAGCACAAATTGCAAAGCCTTGCCGTGATCGCGCACGATCTTGCGGAAGAAGAAGTCCAGTGCCTGGATCGCCGTGGTGCCCTCGTAGAGGGAATCGATCTTGGCGTCACGGATGTACTGCTCGAGGGGATAGTCGACCAGAAAGCCCGAGCCGCCCAGCGTCTGCAGCGACTCGGTGAGGATTTCGTAGGCGCGTTCTGAACCCACGCCCTTGACGATGGGCAGCAGCAGATCGTCCACGCGGTGCGCCATGTCGTGATCGGCACCCGAAACCCGTTGGGCCACAGCGTCGTCCTGGTGAGCAGCGGCATACAGGTACAGCGCCCGCAGGCCTTCGGCATAGGCCTTTTGGGTCATCAGGCTGCGCCGCACGTCGGGGTGGTGCATGATTGTGACCCGCGGCGCCGTCTTATCCGTCATCTGGGTCAGATCCGCGCCCTGCACCCGCTCCTTGGCGAAGGCGAGTGCGTTGAGATAGCCCGTCGACAATGTGCCGGCGGACTTAACTCCGATGGTCATGCGAGCATGCTCAATCACCGTGAACATCTGCGCAATCCCGTTGTGCACGCCGCCGACCAGATAGCCAACGGCGGGCACGTCGGCACCGCCGAACGTCAATTCGCATGTCGGAGAGGACTTTAAGCCCATCGTGTGTTCCAGGCCGGTCACGTAGACGCCGTTGCGGGCGCCGAGCTCGAACGTATCGGGGTCGAAGAGGTAGTTGGGAACGTAGAACAGGCTCAACCCCTTGGTGCCTGGGCCGGCGCCCTCAGGTCGGGCCAACACCAAATGGAAGATGTTCTCCGCGGTATTGCCGACATCCCCACCGGAGATGAACCGCTTGACGCCCTCGATGTGCCAGGTGCCGTCGGGTTGTTCGAACGCTTTGGTTCGACCCGCGCCGACATCGGAACCGGCGTCGGGCTCGGTGAGCACCATGGTGGCCTGCCAGCCGCGCTGCACGCCCTCGGCCGCCCACCTGCGTTGCTCATCATTGCCCTCGATGTAAAGGGACTGGGCCAGCACCGGGCCCAGGTTGAAAAAGCACGCCGACGGGTTGGCGCAGTAGATCATTTCGTTGACGGCCCATGCCAGCGGCGGCGGCGCTGGCATGCCACCGATCTCCTCGGCCAGGCCCAGCCGCCACCAGCCGGCCTCCTTGATTGCCTGCACTGTCTTGGCCAACTCGTCGGGCACGCTGATGGAGTGGGTGTTCGGGTCGAAGACCGGTGGGTTGCGGTCGGCGTAGCCGAAGGATTCGGCGATCGGACCCTCGGCCAGCCGCGCCGCTTCGGCCAAGATGGTGCGGACCGTGTCGACGTCCAGATCGCTGTAGCGTCCGGTGCCCAGGACCGCGCCGATATCAAGGACTTCGAGCAGGTTGAACTCGAGATCGCGGACATTGGCGATGTAGTGTCCCAATGCGGTTCCCTTCAGGTGGCTGATCGGCCCTGATCGGGCCCAGTCTCTCCGAGCGGGAAGAACGTACGCAACCGTAACCTGCGGTGGGAGGGCGGAACTGCGGCGACTATGTTCCGTTCGCGCCGGGCAGGCCGAGCAGCAGCCCGCCCCTGCCGCCGAGCCCGGGGGCGCCGGCCCCGCCGCCGTCGCCGCCGTCACCGCCGTTACCGATCAGCTGGGCGTTGCCACCGTTGCCGCCGTTGCCGCCCAACGCGCCGCCATCGCCGCCTTCCCCGCCGTTGCCGAACAACCCGGCCTGGCCGCCGGCCCCGCCGTGGGCGCTCGATGCCCCCCCGGCTCCGCTGCCGCCGGCGCCGCCGTTGCCATAGAAGAACCCGGCATCGCCGCCACGCCCAGCGCTACCCGCGGATAGGGCTGCCCCGCCGGCACCACCGTCGCCGAACAGGAAGGCCCTGCCGCCGGCGCCACCTCCGCCGAGGAAGCTGCTGGCGCCAGCACCGCCGTTGCCAAAAAACAGCCCGCCGTTGCCTCCAGAGCCACCGGCTCCCATGCCGTTGGGGCTGATGCCACCCGCGCCGCCGGCCCCGAAGAGCACGGCGGAGCCGCCGATGCCGCCGGCACCGCCGCCACCGCCGCTATTGCCGCCGGCCCCGCCGTTGCCGAACAGCCACCCGCCGGTGCCGCCGGCGCCGCCGTTGGCGCCCAGGGCGCCCACGCCGCCGTTGCCGCCGTGGCCCAGCAGTCCGGCGGCGCCGCCGTTGCCGCCGGGGCCGGCAGCGGGCGAGAAGCCGTTGCCGCCATTGCCGATCAGGAGTCCGCCGGCCTGGCCGTTGGGGTTCGCCGCGGTCCCATCGGCGCCGTTGCCGATCAGCGGACGGTTCAACAGCGCCAGGGTGGGCGCGTTGATGACGTCGAATAGCGGCTGCAAGGGGCCAAAGTTGGTGGCCTCCGCGGCGGCGTACGCCTGCGCGCCGCCGGACAGGGCTTGCACGAACTGGCTGTGAAACGCCGCGGCTTGGGCGCTGAGCACCTGATAGGTCTGGCCGTGCGCGCCGAACAACGCCGCGACCGCCGCCGACACCTCATCGGCGCCTGCGGCCGCGACAGCGGTCGTCTGGGCCGCCGCGGCCGAGTTGGCCGCGCTAATCATCGAACCGAGGCGCGCGAGATTCCCCGCCGCTCCCGACACGAACTCCGTATTCGCGACCACGAACGACATCTGGCACCTCCGCAATGAAGAGCTAGCGACCGACGTATCTTATCGCGATCCAGCGGCCGCTTCACCCGTTTCGGGGTAACGCACCCCGCCAGAATGGTTAATCCGTTAGTGGCCCCGCTTGCCTTGTGCCAGTGACCAATTCAATCGCATACCGCAATGCAATCGAGATTTTTGGTCGTTCCTGCGTCCCTAC
CP180709.1_gap46	1687275	1691458	4183	CATGTCGCCGCCGCCGCGGCGGCGCACGGGTACACGCCCGAACAGTTGGTGTGGCACACGCCGGAAGGCATTGACGTCACACCGGTATACATCGCCGCCGACCGGGCCGCCGCCGAAGCCGAGGGCTACCCGCTGCACAGCTTCCCGGGCGAGCCCCCCTTTGTGCGCGGCCCCTATCCGACGATGTATGTGAACCAGCCGTGGACCATCCGCCAGTACGCCGGGTTTTCCACCGCCGCGGATTCCAATGCGTTTTACCGACGCAACCTGGCCGCCGGCCAGAAGGGGCTGTCGGTGGCCTTCGATCTGGCCACCCACCGCGGCTACGACTCCGATCATCCCCGCGTGCAGGGCGATGTCGGAATGGCCGGTGTGGCAATCGATTCCATTCTCGACATGCGACAGCTGTTCGACGGCATCGACCTGTCGACCGTGAGCGTGTCGATGACGATGAACGGTGCGGTGCTGCCGATCCTGGCGCTGTATGTGGTTGCCGCCGAGGAGCAGGGCGTGGCGCCGGAGCAGCTGGCCGGCACCATCCAGAACGACATCCTCAAAGAGTTCATGGTCCGCAACACCTACATCTATCCGCCGAAGCCGTCGATGCGGATCATCTCCGACATCTTCGCCTACACCAGCGCCAAGATGCCCAAGTTCAACTCCATCTCCATTTCCGGCTATCACATCCAAGAAGCCGGTGCCACGGCGGATTTGGAGCTGGCCTACACCCTGGCCGACGGCGTCGACTACATCAGGGCGGGCCTGAACGCCGGCCTGGACATCGACAGCTTCGCGCCCCGGCTATCGTTCTTCTGGGGCATCGGGATGAATTTCTTTATGGAGGTCGCCAAACTGCGGGCCGGCCGGTTGCTGTGGAGTGAGCTGGTCGCACAGTTCGCGCCCAAGAGCGCCAAATCCCTTTCGCTGCGTACACATTCGCAAACATCGGGGTGGTCACTGACCGCCCAGGATGTGTTCAACAACGTGGCGCGCACATGCATCGAGGCGATGGCCGCCACCCAGGGGCACACCCAGTCGCTGCACACCAACGCCCTGGACGAGGCGCTGGCGCTGCCCACCGATTTTTCGGCCCGCATCGCGCGCAACACCCAGCTGGTGTTGCAGCAGGAGTCGGGCACCACGCGGCCGATCGACCCGTGGGGGGGCTCCTACTATGTGGAGTGGCTGACCCATCGGCTCGCGCGGCGAGCCCGGGCGCACATCGCCGAGGTCGCTGAACATGGCGGCATGGCGCAGGCCATCAGCGACGGCATCCCCAAGCTGCGCATCGAGGAGGCGGCCGCGCGCACCCAGGCCCGCATCGACTCCGGTCAGCAACCGGTGGTCGGGGTGAACAAATACCAGGTGCCCGAGGACCACGAGATCGAGGTGCTCAAGGTCGAAAACAGCCGGGTGCGCGCCGAGCAGCTGGCCAAACTGCAGCGGCTGCGGGCAGGCCGGGACGAGCCGGCGGTACGGGCCGCGCTGGCCGAGCTGACCCGCGCCGCCGCCGAGCAAGGACGCGCCGGAGCAGACGGGCTGGGCAATAATCTGCTGGCCCTGGCCATCGACGCCGCCCGGGCCCAGGCCACCGTGGGCGAGATCTCCGAAGCGCTGGAGAAGGTGTACGGACGGCACCGGGCCGAGATCCGTACCATTTCCGGGGTCTACCGCGACGAAGTTGGAAAGGCCCCCAACATCGCAGCCGCAACCGAGCTAGTGGAGAAGTTCGCCGAGGCCGACGGCCGCCGGCCCAGGATTCTGATCGCCAAGATGGGCCAGGACGGCCACGACCGCGGGCAGAAGGTGATCGCGACCGCGTTCGCCGACATCGGGTTCGACGTCGACGTGGGGTCGCTGTTTTCCACCCCCGAGGAGGTGGCGCGTCAGGCCGCCGACAACGACGTGCACGTGATCGGGGTGTCCTCGCTGGCCGCCGGCCATCTGACGCTGGTGCCGGCGCTGCGCGACGCGTTGGCGCAGGTGGGCAGGCCCGACATCATGATCGTGGTCGGTGGTGTCATCCCGCCGGGCGACTTCGACGAGCTGTACGCCGCCGGGGCCACCGCCATTTTCCCGCCGGGGACGGTGATTGCCGACGCGGCGATTGACCTGCTGCACAGGCTGGCCGAGCGGCTGGGGTACACGCTGGATTAGCGAGAGGCCCGCGGTGCCGTTTCTGGTTGCATTATCCGGTATCATCTCGGGCGTGCGTGATCATTCGATGACCGTGCGGCTCGACCAGCAAACTCGCCAGCGCCTGCAAGACATTGTGAAAGGCGGATACCGGAGCGCTAATGCGGCGATCGTCGACGCCATCAACAAGCGCTGGGAGGCGCTACACGATGAGCAACTCGACGCCGCCTACGCGGCCGCGATCCATGACAATCCGGCGTACCCGTACGAGTCTGAGGCCGAACGGAGCGCCGCGCGGGCCCGGCGCAACGCCAGGCAGCAGCGCTCGGCACAGTGAACGCGCCGTTGCGTGGTCAGGTCTATCGATGCGACCTCGGATACGGGGCCAAACCGTGGCTCATCGTCTCCAACAACGCCCGCAACCGTCACACCGCCGACGTGGTGGCTGTGCGCCTGACAACAACGCGGAGAACCATACCGACCTGGGTCGCCATGGGCCCCAGCGATCCATTGACCGGATACGTCAACGCGGACAACATCGAGACCCTCGGCAAAGACGAGCTCGGTGACTACCTCGGTGAGGTCACGCCGGCGACGATGAACAAAATCAACACGGCGCTCGCGACCGCGCTGGGGCTACCGTGGCCATGATGGCCGCATCCCACGACGACGACACCGTCGACGGGTTGGCGACGGCCGTGCGCGGCGGTGACCGTGCGGCGCTGCCACGGGCCATCACACTGGTCGAGTCGACCCGCCCCGACCATCGTGAGCAGGCGCAACAGCTGCTGCTGCGATTGCTGCCGGACTCCGGGAACGCCCATCGCGTCGGCATCACCGGGGTCCCGGGGGTGGGCAAGTCGACTGCCATCGAGGCGCTGGGCATGCATCTGATCGAGCGCGGGCATCGGGTGGCGGTGCTGGCGGTCGACCCGTCGTCGACCCGCACGGGTGGATCGATTCTTGGTGATAAAACCCGGATGGCGCGGCTGGCGGTGCACCCGAACGCCTACATCCGGCCGTCCCCGACGTCGGGAACGCTGGGTGGGGTGACGAGGGCCACCCGGGAAACGGTGGTGCTGTTGGAGGCGGCCGGTTTTGATGTGATCCTGATCGAAACCGTCGGGGTGGGCCAGTCCGAGGTCGCGGTGGCCAACATGGTCGACACGTTCGTGTTGCTGACCTTGGCCCGCACCGGTGATCAGTTGCAGGGCATCAAGAAGGGCGTGCTGGAGCTCGCCGACATCGTGGTGGTGAACAAGGCCGACGGGGAGCACCACAAAGAGGCCCGGCTGGCCGCCCGGGAGCTGTCGGCGGCGATCAGATTGATCTATCCTCGCGAAGCACTGTGGCGCCCACCGGTGCTCACCATGAGCGCGGTGGAGGGCAGGGGACTGGCCGAGCTGTGGGACACCGTCGAGCGTCATCGCCAGGTGCTCACCGGGGCCGGCGAATTCGACGCCCGTCGGCGCGATCAGCAGGTCGACTGGACCTGGCAGCTGGTTCGCGACGCCGTCCTGGATCGGGTGTGGTCCAATCCGACGGTGCGCAAGGTCCGCTCCGAGCTCGAGCGTCGGGTCCGCGCCGGCGAACTGACCCCGGCCCTGGCGGCTCAGCAAATACTGGAGATAGCTAACCTAACGGATAGGTAAATAAATCCGTGTTTGCCGATGGTCGCTGCGAAATCCACGTAAGTTCGACCGTGTGATGGTTGACACCGGAGTCGATCACCGCGCGGTTTCGTCCCACGACGGACCGGACGCGGGCCGGCGGGTGTTTGGTGCGGCGGACCCACGCTTTGCGTGCGTCGTTCGAGCCTTTGCCAGCGTGTTTCCGGGGCGCCGGTTCGGTGGCGGAGCGCTGGCGGTGTATCTCGACGGGCAGCCGGTCGTCGACGTGTGGAAGGGGTGGGCTGATCGGGCCGGATGGGTGCCGTGGTCGGCGGATTCCGCGCCGATGGTGTTCTCGGCGACCAAGGGCATGACGGCCACGGTCATCCACCGGCTGGCCGACCGGGGGCTGATCGACTACGAAGCTCCCGTTGCCG
CP180709.1_gap47	1692986	1697956	4970	ACGCGATGGCTTTCTGCGAGATATCGAAGCCGGCGTAGCGTCCCTCGCTGTTCAGATAGCCGGTGAGCGGCAACGCCATCCGCCCCGAGCCGCAGCCGACGTCGAGCACCGCTTCGTCCGGCTGCAGCCCACACAGGTCGACCAGATACCCGACGAATTCAGCACCGACTTCCTTGTAGGCGCCGCCGACGAATTGTCGCAGGGATTTTGGAGGCAGCGCCTCGGCGGAGCCACCGTCGGCTGAACCGCGTTTCGAGCGCGTCAGGATGTTCTGGAAAAGTCGCTTAATGATGCACCTCAGTTATCGGCCGCGCTTGAAGGTTCAGGAATCCTCCAGGCGGAAGCCGACTTTCATAGTCACCTGGAAGTGCGCGACCGCTCCGTCGACCAGGTGGCCTCGAATTGACTGTACTTCGAACCAGTCCAGCGCGCGCATGGTCTGCGCAGCTCGGGCCAGACCGCCCTGGATTGCCGCGTCGACGCCGTCGGGCGAGGTCCCGACGATCTCGATCACTCGGTAGGTGTGATTGCTCATCGTGTCCCCTCACATTCTTTTACCCGCTCTTACCGGCCAGCGGCACACCAGAATAGTCCGGTGCCATCGGGGGAGCCCTCTACGGCCGGTCACTTTGAGCACTTGCCGCGCGGCAGCTTCGGCCGGATTCTCTCCGTCCTCAATGCCGCTGCCGACCATCATCCACGTGAGTTGCTCGTCGTCGGGATTGCGACCTTCGACCAGAAGCGCCCGGCGGTGGGGGTCGATGAGCACGACCCGGGTGGTGCGGCGACGCCGGCGGTGGTCATCAACTACGAGAGCCGGTCGTCGGCTGGCGGCACCATCGGCCATTCAACAACGTCACAGGTAGCGTGCTGTTTGTATCAGCAGCCGAAACGCCCAGCGCTCCGGCCGACCAAGGCGGCAGCGACGACCGCAGCGACAACCTGGATCGAACGAGTCCAAAACCGCCGCGGACGCCACTCGGCCCTCGTATGATCCCGAGGAGATACCCTACGGGGTGGATTGGGGATGGATCGGCGATGCGCCTCTCGATCGTAACGACTATGTACATGTCAGAGCCTTACGTGCTGGAGTTCTACAGGAGAGCGCGCGCGGCGGCGGACAAAATCACGCCTGACGTCGAGATCATCTTCGTGGATGACGGCTCGCCGGACGCAGCGCTCCAGCAGGCCGTCTCGCTGCTCGACAGCGACCCCTGTGTTCGGGTAATTCAGCTTTCGCGAAATTTCGGCCACCACAAAGCGATGATGACCGGCCTGGCGCACGCCACGGGGGATCTCGTCTTTCTGATCGACTCAGACTTGGAAGAGGACCCGGCTCTCCTAGAGCCGTTCTATGAAAAGCTGATCTCGACGGGCGCCGACGTAGTATTTGGTTGCCACGCGCGGCGGCCCGGCGGTTGGTTGAGGAATTTCGGACCGAAAATCCATTATCGGGCGTCCGCCCTGCTGTGTGACCCCCCGCTTCATGAAAATACTCTCACCGTGCGGCTGATGACAGCCGACTATGTACGCAGCTTGGTCCAGCACCAGGAGCGTGAACTTTCGATTGCCGGTCTGTGGCAGATTACTGGTTTTTACCAGGTGCCCATGTCCGTAAACAAGGCATGGAAAGGAACGACCACATACACGTTTAGGCGTAAAGTAGCGACACTGGTCGACAATGTCACTTCATTTAGCAACAAACCTCTAGTCTTCATTTTCTATCTTGGTGCGGCCATTTTTATTATTTCAAGCTCGGCCGCGGGCTATCTGATCATCGATCGAATTTTCTTTCGCGCTCTGCAAGCGGGGTGGGCATCCGTGATCGTATCCATCTGGATGCTGGGGGGTGTGACGATTTTCTGCATAGGGCTGGTCGGAATTTATGTATCCAAAGTCTTCATCGAAACTAAGCAGCGGCCATACACAATTATCCGAAGAATCTACGGTTCGGATTTAACAACCCGGGAGCCATCCTCTCTGAAGACCGCCTTCCCGGCCGCGCACCTGTCGAACGGGAAACGCGTCACATCAGAGCCAGAGGGATTGGCAACTGGCAACAGGTGAATAAGCGTAGCATGATTCCTGTAAAGGTTGAAAACAATACTTCGCTCGATCAGGTGCAAGACGCTCTTAATTGCGTCGGGTACGCGGTTGTAGAAGATGTGCTTGATGAGGCGTCACTGGCAGCGACCCGTGATCGCATGTATCGTGTACAGGAGCGGATTCTTACCGAGATTGGCAAAGAGCGGCTGGCAAGGGCCGGTGAGCTCGGTGTTCTTCGACTCATGATGAAGTATGACCCTCATTTCTTTACCTTTCTTGAAATCCCCGAAGTCCTAAGCATCGTTGATCGTGTGCTATCTGAAACGGCCATCTTACATCTGCAGAATGGCTTTATCCTTCCGTCCTTCCCGCCCTTCTCCACGCCGGACGTTTTTCAGAATGCGTTCCACCAAGACTTTCCCAGGGTTCTGTCCGGTTACATTGCCTCCGTCAATATTATGTTCGCCATCGATCCCTTTACACGAGACACCGGCGCAACGCTCGTAGTGCCGGGGAGCCACCAGCGCATAGAGAAACCGGACCATACCTACCTCGCGCGCAATGCCGTTCCCGTTCAATGCGCGGCGGGCTCGTTGTTCGTTTTTGACTCTACGCTTTGGCATGCGGCTGGCCGAAACACCTCCGGCAAAGACCGCTTGGCCATAAATCATCAGTTTACGCGCTCGTTTTTCAAGCAGCAGATCGACTACGTCCGCGCGCTGGGCGACGCCGTGGTTCTGGAGCAGCCTGCGCGTACTCAGCAACTGCTCGGATGGTACAGTCGAGTGGTTACCAATCTGGACGAGTATTACCAGCCGCCGGACAAGCGATTGTATCGGAAGGGGCAAGGCTAGTTTTGCGAGAATTCCGTTGCGCCTATTTGAAAGCCCGACATGAAACGATCGCTTTTAAGCGCATATGTCTGTTCTGCAAAAATGTCTAATTTTTCCGATAAAGGTTGGTGGGAAAGCTCGATGCGTGCCGTGTTTTGTAGGTGGCCGGATGATCCACTTAGACAGGCCGTGGAAGCAGAATTTGCGCGTCCCGATGGCGTTGCGGTGGCGTAATGGCCTGGCGAAAGCTCGGGAGAATTTTTGCTCCGTCGGGCGAACTCGACTGGTCGCGAAGTCATGCTGCGCTACCGGTTCCTGAATGGATCGAGGGTGATATTTTCCGCATCTATTTCAGCGGCCGCGATGGTCAGAATCGTTCCAGTATCGGTAGCGTGATCGTCGATCTCGCCGTGGGCGGCAAGATTCTGGACATTCCGGCGGAGCCGATTTTGCGCCCCGGCGCTCGAGGAATGTTTGACGACTGTGGGGTGTCAATCGGATCGATTGTGCGTGCCGGCGATACGCGACTTTTGTACTACACGGGCTGGAATCTCGCTGTCACCGTGCCCTGGAAAAACACCATAGGCGTGGCGATTAGCGAAGCAGGTGCACCATTCGAGCGATGGTCTACTTTTCCCGTCGTTGCGCTGGACGAGCGTGATCCATTCTCGCTTTCTTATCCCTGGGTCATCCAAGATGGAGGGACATACCGTATGTGGTATGGCTCAAATCTAGGCTGGGGAGAGGGCACCGACGAGATACCTCACGTGATCAGGTATGCGCAATCAAGGGACGGTGTCCACTGGGAAAAGCAGGATCGCGTGCATATCGACACAAGCGGATCCGACAATAGCGCGGCCTGTAGGCCGTGCGTCGTCCGCGATGCGGGAGTATACAGAATGTGGTTTTGCGCTCGCGGTGCGAAATATCGGATTTACTGCGCTACATCGGAGGATGGTTTGACTTGGCGGCAACTCGGCAAAGATGAGGGCATCGACGTTTCGCCAGATAGCTGGGACTCGGATATGATCGAGTATCCTTGCGTGTTCGATCACAGGGGACAGCGCTTTATGCTTTATTCGGGCGATGGCTACGGTCGCACCGGGTTCGGTTTGGCGGTGCTGGAGAACTGATCAGGGCTGACAATAGATGTTTAGCGGCTGATGATGCGCTTCCCGCTCGAATAGGCTGAGACCATTATTGCCGCGGTAGCGATGATTTCCCGGATTATCGTCGTCGCCGCGATCACTCACTGCTCGTCGAGGCCCTTTAAGGGCTTCATTGTATCCTTCGCACTGCTTATCTTCATGCGCGCAACGTCAGGATGCGCGTGAGCGCCTCGACAACGCGGCTCTGATCTACCTCCTGAAGTCCAACCCACATCGGCAGACGGATTAGGCGGGAAGCCACGTCGTTGGTGACGGTCAGGTTGCCATTGGTGCGGCCGTAGCGACGCCCGGCCGGCGAATCGTGAAGCGGCACGTAATGAAAGACCGCGCCTATACCTTCGCTCGTCAGACGCGCCAGCACCTCCTCCCGATCGGCGCTGGGCGCTAGTAACACGTAGTACATGTGGGCGTTGTGAGAGCAGCCCTGTGGGATGATCGGACGGCGCAGGAGCCCCCGCTGTTCCAATGATTCGAAGCTTTCATGATACCGGTTCCATAGGTCCAATCGGATACGCGTGATCCGCTCGGCTTCCTCGAACTGAGCCCATAGAAAGGCAGCGACTAATTCGCTGGGCAAATAGGAAGACCCTTTGTCCTGCCACGTATATTTGTCGACCTCGTTGCGAAGGAAGCGGCTGCGATTGGTGCCCTTTTCCCTGAGAATCTCTGCCCGGAGCAGGAAGTCTTATGAGTTGACAAGCAGGGCGCCGCCTTCGCCGGAAATCACATTCTTGGTCTCGTGAAATGAGAGCGCTCCCAGGTCGCCGATGCTGCCGAGCGCCCGCCCACGATACGACGCCATCGCGCCTTGGGCCGCGTCTTCGACCACCGCCAGGTTGTGGTGCGTGGCGATCTTCATGATCGCGTCCATCTCGCAGGCCACGCCGGCATAGTGAACGGGGACGATGGCCTTGGTTCGCGG
CP180709.1_gap48	1701145	1705117	3972	GTGGATCAGTGTAAACCGTTGCGCGCCATGTTCTGTAGGCACTGGTTCGGGTTGTGGTTAGGCTGCACGGTTGGCAGGTTACCAACCACTGAGCCCCTGGGCGGATGTGAGCTCGGACTCCGCCTATGGGGTGTAATTTTGGCAGATTGGGCCGGGTCCCCGTGGTGAGGACTCCTCAACCGGATTGGGTAAGCATGAGGTGGTGCTGGCAGCGGTGTCCTGGTCGCTCTCCCGAGTAGGCCCGTTGTGACTGTCATGTGGGCGAGCGGGTTTGCGCGCGTAGGAGACGATGATTACTACGCACGTGACCAACCACAAGAACGGTGCCCATGTCACCGTGGTGAAAACGAGTGGCGTGGTACCGACTACCCCTTTGGCTCCCAGCTGTCCATAGAGCGGCACGTAGAACGGCTGGCCCGGGACCGCGACGTTGACGATGCTCAGCGCCACGGCCAAACTCACGCAGACGCCGACCGCGCGGCGGCGGTCTCCATGGGCTGCGAGTTGGTCGAATATCCCAGCACCAGGAGGCCCGTTGGGGTCTCGGGCTACCAGTGCAGCGATTGGCAAGACGAAAACGAGATAGTAGAAGGCGACGTCCGCGGGGGAGAAGGTGGCGGTGGCGAGCAACACAATCCCCACCATGACAGGCGGGATACGGCGTCCGAGCGCCAGCACGGCGACCACGACTATGACTAGGACAGCAAACCCGATCTGCGTTCGCGGACCAGTGAGGAAACCCTCTGGGATCTTGCCCGATTGATAGTTCTTGATGCTATCGGGGATCAGCAGGAGTGCCTTGCCAAAGGACACGTTCCGCGGGTCTCGAAGCCCTCCGAACGAACTATTGAACTTGATGATGCCGTGGATCGACTGTGCGATCGTCCCCGGGAAGCCTCGTGGCCACAACAGAAAGGCTGCGATATTGGACACCACCACACCGGTGATCCCGATACCAGCCCACCGCCATTGTCGAGCCGCCAACAACACCACGCCGAGAACGACGAACTGCGGCTTTACCAGGACGGCCAAGATCACCGTGATGGTGGCGAGGCCCCACCGCTGTCGGGACAACGCCACGAAGTAAGCCAGCGCGATCGGTACCACGAACCCTGTCGAGTTGCCTCGATCGATGACCCCCCACGCCGGGATGGCCGCGGCGCCCAGTGTCACGAAGATGACCACTCGCTCCAGACCACGTGCCCCCCGGGCCGCCCAGATGGCGGGAGATATGACCGCCATCGTTAGGGCGACCAGGTAACAGATCAGCCCCAAGCGCGGCGCACCCAGCCAATGGCTGGGTAGTCCGAAAATCGCATACGGTATGCGGGCGGGGGCCCATGCAGCAACCGCGGTCGGCTGGTAATCGGCGGGTAGCGAGATCAGGTAGTCCGCGGGATTGGGTTGAATCCCGGCGGCGGCGACCATGGCGTAGTCGCTGAAGCAGTGCCGACCGATATTCATGCCCCAATCAAGCCAACAGTCCCCAGGGACTACCAAAAGAGTGGAAAAGACGTCGACCGCGTACCACTGACTGAGGGCGTACGCCGTCGCCGCCGAAATCACCGACGCCAGCAGGATGGTGCCGAGCATGAGGGTGCGCTCGGATTGGGAGCCGATCGCCCAGAGCCGCTCCCGGCTCGCGGTCACGGCACCGCGCAACACCTCCGGGGGTCGCTTCATCTGGATTCTCCTCGGTTCTGCGCGAAACGGTAGCAGAGCGCCATGGTTGCCAACGCGGTCGCCGGGCAGTCTAGACCGGATCTTCCTCGTGGCAACCGACAACAGGACGTCGTTGCCGAAAGGGCGCTGGGCACCGACATCTAGGATGAACCCACAGCCACGCCCCGACGTTATGCCATGGCGAAGAGCGACCGACAGGAGCGGGAACCCAGTGAAGCGAGCGCTCATCACCGGAATCACAGGACCGGACGGCTCGTATCTCGCTAAGCTCCCGCTGAAGGGATATGTGGCCGCTGGTAGCCCGGCCGAGGTCTATTTCTGCTGGGCGACACGGAATTATCGCGAATTGTATGGGTTGCTCGCGGTCAACAGCATCTGGTTCAATCACGAATCACCGCGTCACGGCGAGACATTCATGACTCGTAATCCTGCACCATATCGCGGTCGGCAACGAGGCGCTGATCGATGCGCAGACGCTGATGCGCCGGCCCACCCGGATAGGTATCAGTATTGGGGCGTTCCGGCCAGCGTACGAGGCGTGATCGACCGCGCAATGGGTGTTTGCGTTGAGTAATAATCTGAACCGTGTGAACGCATGCATGGATGGATTCCTTGCCCGTATCCGCTCACATGTTGATGCGCACGCGCCAGAATTGCGTTCACTGTTCGATACGATGGCGGCCGAGGCCCGATTTGCACGCGACTGGCTGTCCGAGGACCTCGCGCGGTTGCCTGTCGGTGCAGCATTGCTGGAAGTGGGCGGGGGGGTACTTCTGCTCAGCTGTCAACTGGCGGCGGAGGGATTTGACATCACCGCCATCGAGCCGACGGGTGAAGGTTTTGGCAAGTTCAGACAGCTTGGCGACATCGTGCTGGAATTGGCTGCAGCACGACCCACCATCGCGCCATGCAAGGCGGAAGACTTTATTTCCGAGAAGCGGTTCGACTTCGCCTTCTCGCTGAATGTGATGGAGCACATCGACCTTCCGGATGAGGCAGTCAGGCGGGTATCGGAAGTGCTGAAACCGGGGGCCAGTTACCACTTCCTGTGCCCGAATTACGTATTCCCGTACGAACCGCATTTCAATATCCCAACATTCTTCACCAAAGAGCTGACATGCCGGGTGATGCGACATCGCATCGAGGGCAATACGGGCATGGATGACCCGAAGGGAGTCTGGCGTTCGCTCAACTGGATTACGGTTCCCAAGGTGAAACGCTTTGCGGCGAAGGATGCGACGCTGACCTTGCGCTTCCACCGTGCAATGTTGGTATGGATGCTGGAACGCGCGCTGACGGATAAGGAATTCGCTGGTCGCCGGGCACAATGGATGGTCGCTGCTATTCGCTCGGCGGTGAAATTGCGTGTGCATCATCTGGCAGGCTATGTTCCCGCTACGCTGCAGCCCATCATGGATGTGCGGCTAACGAAGAGGTAATGACATGGCGCAAGCGACATCGGGCATTCGCGCGGCACTTTCGCAACCTGCTGTGTATGAGGCGTATCAGCGGATTGCGGGCGCTAAAAGCGGGCTTGCGTGGATCACAACCGACCCCATCTAGTCGTTGCCAGGCATGCGTACTCTCGACCTCGGTTGCTGGCCAGCGGTGATACACAGCTCCCCGCCAGTGGACGTGACATGTACGAGAGACGGCATGAGCGCGGAATGTGCGACCGTGCCGTCGAGATGACCGACGTCGGCGCTACGGCAGCCCCCACCGGACCTATCGCGCGGGGCAGCGTCGCTCGGGTCGGCGCGGCGACCGCGTTGGCCGTTGCCTGCGTCTACACGGTCATCTATCTGGCGGCCCGCGACCTACCCCCGGCTTGTTTTTCGATATTCGCGGTGTTTTGGGGGGCGCTCGGCATTGCCACCGGCGCCACCCACGGCCTCCTGCAAGAAACGACCCGCGAGGTCCGCTGGGTGCGCTCCACCCAAATAGTTGCGGGCCATCGTACCCATCCGCTGCGGGTGGCCGGGATGATTGGCACCGTCGCGGCCGTCGTAATTGCGGGTAGCTCACCGCTGTGGAGCCGACAGCTATTCGTCGAGGGGCGCTGGCTGTCCGTGGGGCTACTCAGCGTTGGGGTGGCCGGGTTCTGCGCGCAGGCGACCCTGCTGGGCGCGCTGGCCGGCGTCGACCGGTGGACACAGTACGGGTCACTGATGGTGACCGACGCGGTCATCCGGTTGGCGGTCGCCGCGGCAGCGGTTGTGATCGGATGGGGTCTGGCCGGGTACTTGTGGGCCGCCACCGCGGGAGCGGTGGCGTGGCTGCTCATGCTGA
CP180709.1_gap49	1711229	1713836	2607	TGAAGTTCATCAAGATCAACGCATCCAGGCTCAAGTTGCCCCGCACCCGAACCGGGGGGAACTTCGAGTCCTTGGCATGGCCGTCCTCCCATATCACTCGGACGGGATGGAAGCACACCGTCGTCTTGGGGTGCCGGTCGAGGAATGCGACCTGTTTGCTTAGCTTCAGCGGATCGATCCAGTAGTCGTCCGCCTCGCACAACGCGACGTACTCGCCGCGAGCGGCCGACAGGGCGCCGGTCAGGTTCCCATTGAGGCCGAGGTTTTCGGTCCTGAAGATCGGCCGGAACACGTGCGGGTACCGCTCGGCGTACTCACGGATGATCGCCGGGGTGGCATCGGTCGACGCGTCGTCGGCGACGATGATCTCCACCGGGAAGTCGGTTTGCTGGTCGAGAAAGCTGTCGAAGGCCTGACGGGCGTAGCCCGCCTGGTTGTGAGTGGTCGAGACGATGCTCACCTTGGGGCAAAGCTGGGGACTCACCGTCGGCCCTTTTCCTGCGCGGCCGCAAGGGTATTGCGATGGCGAACGTGAATCGCCTGTGCCCGCCGGCCGTCGGCCGTCGTGGCCTGGTGGTCGGCGGACGTACGGCACACGCTGGCGAAGTATAGCGAGGGTGCACTGACGTTGGGCTCGAACCGCGTGGCGCGCGGTGTGGGCGCACCGTCTCGAGTCGGTGCTGGTTGGCTCGCGGCCTACAACGGCGCTCTCCGCGGCGCGGGCGTACCGGATATCTTAGCTGGTCAATAGCCATTTTTCAGCAATTTCTCAGTAACGCTACGGGGCGCGCCGTGCCGTAGTAGCGTCCCCACTGATGTGGACGATGGTGCTCCTTTTGGGGTTGGGGATGGCGATTGACCCGGCGCGTCTGGGACTCGCGGTCGTCATGCTGTCGCGGCGTCGGCCCATGCTGAATCTGTTCGCCTTCTGGGTGGGCGGCATGGTGGCGGGTGTCGGCATCGCGCTAGCCGTGCTGGTGTTCATGCGCGATGTCGCCTTGGCGGCCATACAAGGCGTGGTGTCCGCGGCCAACGAGTTCAGGGAAGCGGTCGGGATCCTGGCGGGTGGGCGTCTGCACATCGTCATCGGTGTCATCATGCTGCTGTTGGCCGCGCGCATGGTGGCTCGCGCGCGGGCGCAGGTAGGGGTACCGGTAGGGCCAGTGGGGGTAGCCGACGGTGGAATGTCGGCCCTGGCGCTAGCGCAGCGCCCCCCGGGTCTTGTTGCGCGGCTGGAAGTGCGTACTCAACAGATGCTGCAGGGCGACGTTGTGTGGCCGGCGTTCGTGGTGGGCGTCGCCTCGTCCGCACCGCCCTTCGAGAGTGTGGTGGCGTTGACGGTCATCATGGCATCGGGAGCCGAGATCGGCACTCAGTTCGGCGCATTTGTCGTGTTCACCCTCCTGGTGCTTGCGGTCATCGAGATTCCGTTGGTCGCCTACCTGGCGATACCGCAGCAAACCCAGCAGGTTATGCTGCGGTTTCAGGATTGGGTACGGTCCAATCGTCGGCAGATCTCCCTCACCATCCTGATAGGGGTCGGGTTCCTCTTTTTGTACCAGGGCGTGACTAGTCTCTGAGTCGCCATGTGGTGCCTGGTGATGCATCAAGCGTGGTATCGGTGAACCCGGCGAAACCGCTTATCTCGGTGTGCATCCCGATGTACAACAACGGCGCCACCATCGAGCGCTGTCTGCGTAGCATCCTCGAACAGGAGGGCGTCGAGTTCGAGATCGTGGTCGTTGACGACGACTCGTCCGACGACTGCGCCGCGATCGCCGCAACGATGCTGCGACCCGGAGACCGCTTGCTGCGAAATGAGCCTCGCCTCGGCCTCAACCGAAACCACAACAAATGTCTGGAAGTCGCGCGCGGCGGACTTATTCAGTTCGTACATGGTGATGATCGGCTGCTCCCCGGAGCCCTGCAGACACTCAGCCGACGTTTTGAGGATCCCAGTGTCGGAATGGCTTTCGCCCCCCGACGGGTGGAGAGCGACGACATCAAGTGGCAACAACGGTACGGCAGGGTCCATACCCGTTTCCGCAAGCTGCGCGACCGCAACCACGGGCCGTCGCTGGTCTTGCAGATGGTATTGCACGGCGCGAAGGAAAATTGGATCGGCGAACCGACCGCCGTGATGTTTCGGCGGCAATTGGCGCTGGACGCCGGTGGTTTTCGCACCGATATCTACCAGCTCGTCGATGTGGACTTCTGGCTTCGGTTGATGCTGAGGTCGGCGGTCTGCTTCGTTCCGCACGAGCTCTCGGTGCGCCGTCACACGGCGGCGACGGAGACCACACGGGTGATGGCGACTCGGCGCAACGTGCTGGACCGACAGCGCATTCTCACCTGGTTGATCGTGGACCCGTTGTCGCCCAACAGCGTTCGCAGCGCCGCGGCGCTGTGGTGGATACCCGCATGGCTGGCCATGATCGTGGAGGTGGCCGTGCTCGGACCGCAGCGGCGGACGCACTTGAAGGCTTTGGCGCCGGCCCCATTCCGCGAGTTCGCCCACGCCCGGCGTCAACTGCCGATGGCTGACTAGCAGTCGCACTCTGCCTGGCCGTCGTCGGAGCCACAGACAATTCCAACCCATTTGGCCTG
CP180709.1_gap50	1723422	1727056	3634	CCCACGCAATGACGCTCAACAACGACACCCGGGTCTCGAAGGGATTTGTTGCCGCGTTGCTCGACTCGCGGCTACCGGCCGACGCCGGAATGGTCGGGCCGATGTTTGACGTGGGTTTTCCCTTCGCGGTAGCTGACGAGAAACCAGACGCCGAAAGCTATGTTCCGCGAGCGCGATACCGGAAGGTGCCCGCAGTCGAGGGAACGGCGCTGGTGATGTCGCGGGATTGCTGGGATGCGGTCGGCGGCATGGACCTGTCCACGTTCGGGCGCTACGGATGGGGGCTCGACCTGGATCTCGCGTTACGGGCTCGAAAGTCCGGGTATGGCCTGTACACAACCGAGATGGCCTACATCAACCATTTCGGGCGCAAGACCGCCAATACGCACTTCGGTGGGCACCGGTATCACTGGGGTGCAAGTGCGGCCATGATCCGGGGATTGCGTCGAACGCATGGCTGGCCCGCCGCTATGGGTATCTTGCGGGAGATGGGGATGGCCCATCATCGTAAGTGGCACAAGTCATTTCCGCTCACCTGCCCGGCGAGCTGCTAGGCGTGCTCCCAGGCGTTTGGCGTGCCGTCGCCTCCAGCAGGTCCGCGGCCGCGGTGACGGCGGCTGTCGGCCGGGTCATCCGTGTCGAGATCTCACGTGCCCGCGCGGCGCATTCCGGCGCCAGGATCGATCGTAGCTCCTTGAGCAATGACCCGCGGGTGATGTTCGTAAAGCGTTTGGCAGAGCCGACTTTGAGTCGTTGGACGGCACCGGCCCAGATCGGTTGATCGGCCACGTCCCAGAGAATCAGCGTGGGCATTCCCGCTCGCAGGCCGGCGGCGGTGGTACCGGCGCCACCGTGGTGGACGACCGCGCGGCACTTGGGAAGGATGGTCGAATAGTTGACCAGGCCGACACGTTTCACGTGGTCGGCATGACGAATGCGGGTGGAGTTGGCTGCCGGAGAATAGATCAGGGCTCGCTCGCCGAGCTGTGCGCAGACATCGGAGATCATGGCGAGCGTTTGGACGGGCGTTTGGACGGGCGTGCTGCCGAAGCCGAAGTAGATGGGTGGTGTTCCGGCGGCGATCCACGACTCGAGTTCTTCGTTGGGTTCGCTGTGTAACTCCATGGTCAGCGGGCCGACAAACGGGCGGCGGTCGCTCCATTCGGCCGCCAGTCCGGGGAAAAAAACCGGGTCGTAGGCTTGGATTTCGGGCGCTCCGCGTTCCGCCAGCCGACGCACCGCCGGCGCCGGTGCTGGCGGTAGGCCCAGTTCACGTCGTTGCGCGCGATCGGCATCCTTGCTGACGTACGCATACAGCCGCCATGAGACCTTCATCGTCGCGCGCACCAGAGTCGCCGGCGTCGGTATCGACGGGATCGCGATTTGGCCGTTGACCTGCATCGGAAAGTGATGCAGTGCCGCAGCCGGAATGTCGTAGTACTCGGCGACGTTGGCTGCCACACCATGATATGTCTGGCCCGTCATCACCAGGTCGGCGCCGTCGGCCAACGTGGTCAACGTCGTGCCCATCTCCGCCCAGCCTTCGACGAATAGTTCCTTGACGGCGCGGGCGAGGTTGAGCGGATTCTGGGCTCTGGTGAGGTTGCGGACGAATGCCGCGACCGTGTTGATCTGTTCGTCCGAGTCCGGGCCGTAGGCGACGCCGGTCAGACCTGCCGACTCGACGAACTCGATCAGGTTGGGCGGCACTGCCATATGAACTGCGTGGCCTCGCCGCCGCAGCTCCACGCCAACCGCGGCGCAAGGTTCGACATCACCGCGGGTTCCGTGGACCGCCAAGACAAACTTCATCAGCGCCTTCCCGCGTTCGACGTCAGGCGGGTGCCGGCGCGTCCCTGTCGGCCGCCAACTTGTCGCACATCAGATCCGCCAGGCCACGAACGGTGGTGTTGATTTCGGTGGCGGAAATGCGGATCCCGGTTTCGGCTTCGACCCGCGCACGCAGTTCCTGGCTGCTCCGTGAGTCCAGGCCGTACTCGCTGAGCAGCCGGTCGGTGTCGATGGTGCGGCGTAGGATTAGGCCGACCTGCTTGGAGAGTAGCCGCCGCAGCCGGTCTGGCCATTCCTCGCGGGGCAGGTCCACCAGCTCGGCAAGGAATTTGCTTGTGCCTGAACGGTTTTGCCCCAGGGATTGGAACTTCTCCGCGAATGGGCTGTGCTGGGCGAAGGCTGTCAGCCAGGGTGATCCGATCACCGGGGCGTAGCCGCTGTAGGCGCGGTTGTGGCGCAGCAGGGTCTCGAAGGCGTAGGCGCCTTCCTCGGGGGCGATGGCGTCGCCGGTTTGTTCGGCAAAGGCGATCGCGCGGCCGATCTGGCCCCAGGCGCCCCAGGCGATGGAGGTGGCTGGTAGGTCTTGGGCTCGCCGCCAGTGGGTGAAGGTGTCCAGCCAGCTGTTGGCCGCGGCGTAGGCGCCCTGACCCGGCGAGCCCACCAGGGCGGCCGCTGAGGAGAATGAGCAGAACCAGTCCAGCGGCTGGTCCGCGGTGGCCCGGTGCAGTTGCCAGGCGCCATATGCCTTGGGCGCCCAGTCGCGTTCGATGAGTTCGTCGGTGATGTTGGCCAAGGTGGCGTCCTCGACCACCGCGGCCGCGTGCAGCACGCCGCGCAGCGGCAAACCCGTCGCGGTGGCCGCCGTGACCAACCGGTCGGCGGTGTCCGGCTGGGCGATATCGCCGCACTCCACCACTACGTCAGACCCGATCGCGCGGACGAGTTCGATGGTCTCCAACGCCTTTTGGCTGGGCTGTGAGCGCGAGCTGAGCACGATGCGGCCGGCCCCGGCGTTGGCCATCTTCTCGGCCAGGAATAAGCCCAGCCCACCCAGGCCACCGGTGATGATGTAGGACCCGTCTGAACGGAAAACCCGAGCCTGTTCGGGGGGAAGCACCACGCTGCTGCGCCCGGCGTGGGGGACGTCGAGGATGAGCTTGCCGGTGTGCTCGGCCGCGCCCATCACCCGGATCGCGGTGGCCGCCTCGGCCAGCGGGTAATGGGTGCTCTGCGGCATCGGCAGCACACCCTCGACGGTCAACCGATACACCGTGCTCAACAGTTCGCGGACCGCAGCCGGATGGCTCACCGACATCAACCCCAGGTCTAGACCGTAGAACGCCAGATTGCGCCGGAATGGCAAGAGTTCCAGTCGGGTATTGGAGTAGATGTCGCGTTTGCCGATTTCGATGAAGCGGCCGCCCAGGGCCAGTAGTTTGAGGCCGGCCAACTGTGCGGCACCGGTCACGGAGTTGAGCACGATGTCCACGCCGTAGCCGGCGGTGTCGCGGCGGATCTGCTCGGCGAACTCGACGCTGCGCGAGTCATAGACGTGTTCGATGCCCATGTCGCGCAGCAGGTCTCGACGCTTTTCGTTGCCTGCGGTGGCGTAGATCTGGGCTCCGGCCGCACGCGCGATCGCGATTGCGGCCTGGCCCACTCCGCCGGTGGCGGAGTGGATGAGCACCTTGTCGCCGGCCTTGATCCGCGCCAGGTCCTGCAGCCCGTACCACGCGGTGGCGCTGGCGGTGGTCACTGCCGCGGCTTGGGCGTCGGTCAGCCCCTCGGGCAGTCTGGTGGCCAGGCGGGCGTCGCAGGTGACGAACGTGGCCCAGCAGCCGTT
CP180709.1_gap51	1735202	1736563	1361	CCGGTTGGCGCTGGCGGCACAGTTCGGAGCCGACCTCGCCGTCGATGTTGCGATCGATGACCCGGTCGCCGCCCTGACCGAACAGACCGGTGGGCTGGCAGACGTCGTTGTCGACGTGACCGCCAAGGCGCCAGCGGCATTCGCACAGGCGATAGCGCTAGCCCGGCCCGCCGGGACCGTTGTTGTCGCCGGCACCCGGGGCGTGGGCAGCGGGGCACCGGGATTTTCGCCCGACGTCGTTGTGTTCAAGGAGCTGCGTGTGCTTGGCGCCCTCGGCGTAGACGCCACCGCCTACCGGGCCGCGCTTGATCTGTTGGTGTCCGGTCGATACCCCTTCGCAAGCCTGCCTCGCCGCTGCGTGCGGCTCGAAGGCGCCGAGGATCTGCTGGCTACCATGGCCGGTGAACGCGACGGTGTCCCGCCTATCCACGGAGTGCTCACACCATGACAACATCCCGCGTGCCCCTGTTGCCGGTCGACGAGGCCAAAGCTGCTGCCGACGAAGCGGGCGTGCCCGACTACATGGCTGAGCTCAGCATCTTCCAAGTGTTGCTGAATCATCCGCGACTAGCGCGGACCTTCAACGACCTGCTCGCCACCATGCTGTGGCACGGGACCCTGGACTCACGGTTGCGTGAGTTGGTGATCATGCGGATTGGTTGGCTCACCGACTGTGACTACGAATGGACCCAACACTGGCGGGTTGCTTCAGGGCTTGGCGTGTCGGCCGACGATCTGCTCGGTGTACGGGATTGGCAAGGGTACAACGGGTTCGGGCCCGCTGAGCAGGCCGTCCTGGCGGCCACCGATGACGTGGTGCGCGAGGGCGCGGTGAGTGCGCAGAGCTGGTCGGCTTGCGAGCGGGAATTACATTGCGACAAAGTGGTTCTCATCGAACTCGTTACGGTGATAAGCGCATGGCGAATGGTCGCTTCGATCCTGCACAGCCTCGAGGTCCCACTGGAAGACGGCGTTTCCAGCTGGCCGCCCGACGGCCTTTCGCCAAGGTGACTGCGCCGAGCGTGTAACCATGGCGAGATTCCGCCGGCGATTTTTCCGCCCTGAGTGCACGTTCGGCGCAGAAGCACTAGACGATCCGGTAGGTTTGCACAGCGTGAGCGACGATGTTCCCGTCGGGATCGGTTGCGGTGATCTCGGTAAAGGTGAGTTCCTTGCGGCGTCGGGCAGTGCGCGCATGACAGAGCAAGTCACACCGCTTGGCGGCGCCGGTGTACTGGATGCTCATCGCGACCGTGGCGGCGCGGGTGCCCCTGTCGAAGTCGTGGTTCGACCAAGGGGCGGCGGCACCGGCGGTGTCCATCACCGACGCGATCACCCCACCGTGAAAGTAGGTGCCGTCA
CP180709.1_gap52	1873186	1875006	1820	CCGGGTGGTGTTGGTGGATACCGATGGGTCGGTCGCTGTCGAGGATGCGGTTGGTTTCGGCGCACGCTCGGGTGAGCCGCAGCTGGTGGTTCGTCGAGGCCGGGTATATGCGGCACGGTTGGCCCCGGTAGCGGCCGGGTTGACTTTGCCTTCGGCGTCGGCTGGGGGCTGGCGGTTGGTTGCCGGTGGTGGGGGGACTTTGGCGGATGTGGTGGTGGCGCCCGTTGCTCCGGTGGAGCTGGCGACGGGGCAGGTGCGGGTGGCCGTGGGTGCGGTGGGGGTCAATTTCCGGGATGTGTTGGTGGCGTTGGGGATGTATCCCGGCGGCGGGGAACTGGGTGTCGACGGGGCAGGGGTGGTCGTTGAAGTCGGCCCGGGGGTAACCGGTTTGGCCGTTGGTGACCGGGTGATGGGGTTATTGGGGCTGGTGGGTTCGGAGGCGGTGGTGGATGCGCGGTTGGTAACCATGGTGCCGGCGGGCTGGTCGTTGGTGGAGGCAGCGGCCGTGCCGGTGGCGTTTCTGACGGCGTTTTACGGGCTGTCGGTGTTGGCGGAGGTCGCGGCGGGGCAGAAGGTGTTGGTGCATGCCGGCACCGGCGGGGTTGGTATGGCAGCGGTGTCGTTGGCGCGGTATTGGGGTGCAGAGGTTTTCGTCACGGCGAGTCGCGCCAAGTGGGATACATTGCGGGCGATGGGTTTTGACGATATCCATATCTCCGACTCGCGATCGTTGGAGTTCGAGGAGGCGTTTCTGCGGGCCACCGAGGGCAGCGGTGTGGACGTAGTGCTGAACTCGCTCGCCGGTGAGTTCACCGATGCCTCGCTGCGGCTACTGCCCAGCGGTGGCCGCTTTATCGAGCTGGGTAAAACCGATATTCGCGACGGGCAGACGGTGGCCGAGCGGCATCGGGGGGTGCGGTATCGGGCGTTCGATTTGGTCGAAGCCGGCCCAGACCGCATTGCGGCGATGCTTTCCGAGGTAGTGGGGTTGCTAGCGGCCGGAGTGTTGGCGCGGTTGCCGGTCAAGACTTTTGATGCGCGATGCGCCCCGGCGGCCTACCGGTTTGTCAGTCAGGCCCGTCATATCGGCAAGGTCGTGTTGACCATCCCCGATGGTCCGGGTGGGCAGTCCGGGTTGGCGGGGGGCACCGTGGTGGTCACTGGGGGGACCGGCATGGCCGGTTCGGCGGTGGCTACCCATTTGGTCCGGCGACATGGGGTGGCCAATCTGGTTCTGGTCAGCCGAAGCGGTGAGCAGGCCGACAGGGCGGCAGAAGTCGCGGCCCTGTTGCGCGAGGGCGGGGCCCAGGTGGCGGTGGTCTCCTGTGATGTGGCTGATCGTGATGCGCTGGCGGCATTGTTGGCGGGTCTGGATCCGCGCTATCCGCTTAAAGGGGTGTTTCATGCCGCTGGGGTGTTGGACGATGCCGTGATCACGGGCTTGACACCGGATCGGGTGGATACGGTGTTGCGGGCCAAGGTCGATGGGGCCTGGAATCTGCACGAGCTAACCGAGGACATGGATTTGTCGGCGTTTGTGGTGTTTTCGTCGATGGCCGGGATTGTGGGCACACCGGCTCAGGGGAATTATGCTGCGGCGAATGCGTTTTTGGACGGGTTGGTGGCCTATCGGCGCTCGCGTGGGCTGGCCGGATTGTCGGTGGCGTGGGGACTGTGGGAGCAGGCCTCGGCGATGACCCGGCACCTCGGCGAGCGGGATCGCGCCAGGATGACGCAGGCCGGGCTCGCTCCGCTAACCACCGAGCAGGCGCTAGGGTTCCTGGACACTGCGCTGCAGGCCGATCGCGCGGTGGTAGTGG
CP180709.1_gap53	2059501	2060634	1133	CGCAATATCAAGGTGTCCGCCCGTCCCTCGGACTCGGTGGCAATCGCATTGCGAGTGGGTGTTCCGATCTACGTCGAGGAGGCCGTACTAGCCCAGGCCGGTCTGCTGATTCCCGACGAAAGTGACGAGGAGGCCACCACCGCTGTTCGCGAGGACGAGGTGGAGAAATTCAAAGAGTTTCTCGACAGTGTGTCACCTGACGATTTCAAGGCCACCTAGCGCGGCGACGATGCGCGCCGGGACGGCGGGCTGAGGAGGCGCGCGATAAGGCCGAGCGCGGCGACGATGCGCGCCGGGACGGCGGGCTGAGGAGGCGCGCGATAAGGCCGAGCGCGGCGACGATGCGCGCCGCGACGGCGAGCATCCATTATTTGCCGGCCAGCAACGTCACGGCTGCGTCTCATCTCTGGCTGCAATTGTCGACACGCCTAGCGGTTAGTGCCTAATGCGCCCGGCGACCGCGATACTTTGATCACGACTTGATAGTTAACCGGGAGCATCGCGCCCATCGAACAGCGTATGCTCTCTAACACTCGGGCCCTCAGTAATGGCTGTCGGGGGAGCCAGTGACGCAGCTAGTGACAAGAGCGCGATCGGCGAGAGGAAGCACCTTGGGCGAGCAGCCACGTCAAGACCAGCTCGACTTTGCTGACCACACGGGCACTGCTGGTGATGGTAACGACGGCGCCGCTGCGGCCAGCGGACCCGTGCAGCCCGGCCTGTTCCCCGACGATTCCGTTCCTGACGAGTTGGTAGGTTATCGCGGACCGAGCGCCTGCCAGATCGCTGGGATCACCTACCGCCAGCTCGACTATTGGGCGCGCACATCGTTGGTTGTGCCGTCGATCCGTAGTGCGGCAGGATCCGGCAGCCAGCGGCTGTACTCGTTCAAGGACATCTTGGTTCTCAAGATCGTCAAACGGTTGCTCGACACCGGTATCTCGCTGCACAACATCCGGGTTGCAGTTGACCATCTGCGCCAGCGTGGCGTCCAGGATCTGGCCAACATCACCTTGTTCTCCGATGGGACCACCGTGTACGAGTGCACGTCGGCCGAGGAGGTCGTCGACCTCCTGCAGGGCGGCCAGGGTGTGTTCGGCATCGCCGTCTCGGGCGCGATGCGGGAGCTGACG
CP180709.1_gap54	2084551	2089333	4782	GCTCAAAGGTGGGGCGATCGCCTGGGCAGCGATGGGCGATGCGAACGCGTCAATCCCGACCCCGCAACCGGTGCTCCCGCGACCGATGTTCGGCGCGGCCGCGGCAACCGCGGCGGCGACCTCGGTGCACTTCGTCGCGCCGCAATCCATCGACGCGCGCCTGGCGGACCGGCTCGCGGTCAATCGGGGACTAGCGCCGGTGGCCGACGTGCGCGCAGTGGGCAAGACCGACCTGCCGCTCAATGATGCCCTACCGAGCATCGAGGTCGATCCCGACACCTTCACCGTGCGAATCGACGGCCAGGTGTGGCAACCGCAGCCGGCCGCCGAACTACCTATGACACAACGGTATTTCCTGTTCTAATGACCTCGCTGGCCGTGCTGCTCACCCTCGCCGACTCGCGGCTGCCCACGGGTGCGCACGTGCACTCGGGCGGCATCGAAGAAGCCATCGCCGCCGGCATGGTGACCGGCCTGGCCACCCTGGAAGCGTTCCTGAAACGGCGGGTCCGCACCCACGGCCTGCTGACGGCGTCCATCGCGGCCGCGGTGCACCGGGGCGAGCTGGCCGTCGACGACGCCGACCGGGAAACCGACGCGCGCACACCGGCTCCCGCGGCCAGACACGCCTCACGCAGCCAGGGCCGCGGGCTGATCAGGCTGGCACGGCGGGTGTGGCCCGATTCCGGCTGGGAGGAACTGGGCCCGAGGCCGCATCTGGCGGTTGTGGCCGGACGGGTCGGCGCGCTGAGCGGGCTGGCGCCCGAGCACAACGCCTTGCACCTCGTCTACATCACAATGACCGGCTCGGCCATCGCCGCCCAGCGACTGCTGGCGCTAGATCCCGCCGAAGTGACCGTGGTGACCTTCCAGCTGTCCGAACTGTGCGAGCAGATCGCGCAGGAGGCCACAGCCGGACTGGCAGACTTGTCTGATCCGCTGCTGGACACGCTCGCCCAGCGGCATGACGAGCGCGTGCGTCCCCTGTTCGTTTCCTGAAAGGTAAGGCATGGCAACGCATTCCCATCCCCACTCGCACACCGTGCCCGCTCGGCCAAGGCGGGTCCGCAAACCGGGCGAGCCACTGCGCATCGGCGTCGGCGGCCCGGTCGGCTCCGGCAAGACCGCACTGGTGGCGGCGCTGTGCCGGCAATTGCGGGGAGAGCTGTCGCTGGCGGTGCTGACCAACGACATCTACACCACCGAAGACGCCGACTTCTTGCGCACACATGCGGTGCTGCCAGACGACCGGATCGCGGCCGTGCAGACCGGCGGCTGCCCGCACACCGCGATCCGCGACGACATCACCGCCAACCTGGATGCGATCGACGAGTTGATGGCCGCCCACGACGCGTTGGACCTGATCCTGGTCGAATCCGGCGGCGATAACCTCACGGCCACCTTCTCTTCGGGGCTGGTGGATGCGCAGATCTTCGTCATTGACGTTGCCGGCGGCGACAAGGTGCCGCGCAAGGGCGGGCCGGGGGTGACCTATTCGGATTTGTTGGTAGTCAACAAGACTGACCTGGCTGCATTGGTGGGCGCCGACCTGGCGGTGATGGCCCGCGATGCGGACGCGGTGCGCGACGGCCGCCCGACGGTGCTGCAATCGTTGACCGAGGACCCAGCTGCCAGCGATGTCGTGGCCTGGGTTCGTAGTCAACTGGCCGCCGATGGAGTCTAGTGTTCTGGTGGTCGCGTCGCCGAATCGGTTGCCGCGCATCGACTGTCGGGGCGGTGTCCAGGCACGCCGAACCGCGCCCGACACGGTGCACCTGGTGTCGGCGGCCGCGACCCCGCTGGGCGGTGACACCATGAGAATCCGGGTGATCGTGGAACGGGGTGCCCAGCTACGGCTGCGTAGTGCCGCCGCGACGGTGGCCTTGCCCGGCGTGGATACCCTGACGTCGCATGCTCACTGGGAGATCGACGTGACCGGCACCCTGGATGTGGACCTGGAGCCGACGGTCGTCGCCGCCTCAGCCCGGCATCTGTCGCATGCCACCTTGCGCCTGCACGACGACGGTCGGGTCCGCTTGCGCGAGCGCGTGCAGATTGGCAGATGCAATGAGCGCGAAGGATTTTGGTCGTCATCGCTGCAGGCCGATCGGCATGGTCGTCCCCTGCTGCGGCACCGGGTGGAACTGGGTGCCGGGTCTTTGGCCGACGACGTCATTGCGGCGCCGCGCGCCACTATCAGCGAGCTGCGCTATCCGGCGACGGCATTCACCGACGCCATCGACGCACGGTCGACCGTTTTGGCGTTGGCGGGTGGCGGAACACTGAGTACCTGGCAGGCTGACCGGTTGCCTGGCTAACGCTAGCTGGCCACCTTAGCGCTTGCCGCTGAGCCCTGCGCCTCGGCGGCCAGCTCGGCCAGCTGTTCGAGCCGCGTTCGCGCAAATGCCTGCTGGTCGGTGATGGTCAGCTGGCCGCGGCGAGTACTGAGGAAAGTCACCGTCCACGACAGCAGAGTGGTGATCTTGGTCTTGAACCCGATCAGGTACGCCAGGTGCAGCACCAGCCAAATCAGCCAGGCGATAAAGCCGCTGAACTCAACGGGACCGATCTTGGCCACCGCCGAAAACCTCGAAACCGTGGCCATCGATCCCTTGTCGAAGTACTGGAATGGCTCACGCTCCGCCGGGTTGGCGCCGGCCAGTTCGGCCTTGATCGTGCTGGCGACGTATTTCGCCCCCTGGATGGCGCCCTGCGCCACACCCGGCACACCCTCCACAGCGGCCATATCGCCCACCACGAACACGTTCGGGTACCCGGGAATGGACAGGTCGGGCAGCACTTGGACCCGGCCGGCCCGGTCGAGCTCAACCCGTGATTGCTCGGCAAGGTCCCTGCCCAACCGACTGGCCGAAACCCCGGCCGACCAGACCTTGCAGGCCGACTCGATGCGCCGGACGGTGCCGTCGGAGTCCTTGACGGTGATGCCGTTGCGGTCGACGTCGGTGACCATCGCACCCAGCTGGATTTCCACGCCCAGCTTCTGCAACCGGGCAGCCGCCCGCTGACCGAGCTTTGCGCCCATCGGTGGCAGCACCGCCGGGGCGGCGTCAAGCAGAATCACCCGCGCCTTGGTCGAGTCGATGTGCCGGAATGCGCCCTTCAACGTGTGCTCGGCCAGCTCGGCGATCTGTCCGGCCATTTCAACACCGGTGGGGCCAGCCCCGACAACGGTGAATGTCAGTAGCTTGGCCCGCCGTTCCGGATCGCTGGACCGTTCGGCTTGCTCGAAAGCGCTCAATATGCGGCCACGCAACTCCAACGCGTCGTCGATGGACTTCATGCCGGGTGCGAATTCGGCGAAATGGTCGTTGCCGAAATAAGACTGGCCAGCACCCGCGGCGACGATCAGGCTGTCGTAGGGGGTTTGGTAGGTGTGACCGAGCAATTCCGAGACGACGCACTGCCCGGCCAGGTCGATGTGGGTGACGTTGCCCAACAGTACCTGGACATTGCGCTGCTTACGCAGCACGACCCGGGTCGGCGGAGCGATTTCTCCCTCGGAGATAATCCCGGTGGCCACTTGGTACAGCAGCGGCTGGAACAGGTGATGGGTGGTGCGCGCGATCAGCTTGATGTCAACGTCGGCCCGCTTGAGCTTCTTTGCCGCGTTTAGCCCGCCGAACCCAGATCCGATGATCACAACTCGATGCCTACGAGGTGGTTGCGCTGTGGGTTCTTGCTGGGGACTCATGTTCCGCTGCTCCTGACGGGGTCACCTCGATGAGCGAGTTCAGTTAGCTACTACGGTAGTCAACCCGACCGCTGCAGGCCCAGTTGAGGACATGTGTCATCAGCCACACCACAGCGTGCCTGCGTCACCGGCCCCCGGTGGCTACACACCCAGCAGCGGGCGCAGCGCTTCAGCGGCGGTGGTGATGACCCCGGGCAGATAGCCGTGCGGAGCCAAGTTGATGATTAATCCGTCGACACCGGCATCGAGCACCTTGGCCTGAATTTGGTCGGCGATCTGTGCCGGGCTGCCCACCACCACGCGACCGCTCATCTCCGCGGGAATCGCATCTGGCGAGAGTGTCTCGTCGATCATCACCGTCAACAGCAGGCTGGTCTGAAGCGTCGACCGGTCCCGGCCGGCCTCGTCGCACCGCGCGGCCAGCGCCCGCATCTTGCGCGGCAGCTCGTCGACCGCCGCCACGATGTTGAGATGGTCGGCAAAGCGGGCGGCGATCGCGAATGTCTTTTTCTCACCACCGCCGCCGATCAAGATTGGGATGCGGTCGCGATACCGCGGCTCGGCCATCGCCGATTCGGTGGTGTACCAATCGCCGAAAAACGTTGGGCGCTCACCCTTGACCATTGGCTCGAGGATCTGTAGCGCCTCTTCGAGCCGGTTGAACCGGTCACTGAAAGTGCCGAACTCGAAGCCGAGCTGGCGGTGTTCCAGCTCAAACCAACCGGCTCCAATGCCGAGGATCGCTCGACCGGCGCTAACCACGTCGAGCGTGGTGATGATCTTTGCCAGCAGGGTCGGGCTGCGGTAGGTATTGCCGGTCACCAACGCGCCCAGTTGCAGCCGCTCGGTCGCCGTGGCCAGCGCACCAAGGGCCGTGTAGGCCTCCAGCATCGGCTGGTCGGGCGTCCCCAACATGGGCAGTTGGTAGAAGTGGTCCATCACAAACAGGGAGTCGTAACCAGCCGCTTCGGCCTCACGCGCTTGAGCGATGACGGACGGGAAAAGCTTCTCCACCCCTGTGCCGTAGGAGAAGTTGGGGATCTGTAGACCCAGCCGAATAGTCACACTAC
CP180709.1_gap55	2103854	2104394	540	GCTGCGCCATCTCCGGAGCGACACACACCACTATGTTGCCGCCGCAGATGCCGAGCACCTCGCTGCCGGGCAGCTTGCCTCGCTACCGGACGCCGGCTTGGAGGTCCGGATTCGGCTGTTGCGTGATCGCATCCACCAAGGCTGGATTCTTACGGTGCTGTGGGTGATCGACACGGGCGTCACAGCGGCGACGTTAGAGCACACCCGCGCAGGCTCCGCGGTGTCCGGAGGGGGCATGATCATGGAAAGTGGCAGAATCGGCGCCGAGATTGCTCCGCTGGCTGCGGTGCTGCGCGCCGACCCGCCGCTGTGCGCGCTGGCCAACGACGGCAACCTCGCCAGCATCCGCGCGCTGTCTGCTCCCGCCGCCGCCGCAGTTGACGCGGTCATTGCCCGGATAGGGCACCGCGGGTTAGGCGAAGCCGAGCTGGCTAACCTGACGTTTGCCGACGATCCGGCGCTACTGCTGAAGACAGCCGCCGAAATCGCCGCGCGGCCCGCCGGGCCAGCTCACCCAGCGACGTTGATCCAGCGACTGGC
CP180709.1_gap56	2110248	2115036	4788	ACAAGCACACGTACATCAGCAAACCCCCAGCAGATGCTGCGTCGGCGAACGATCAAGCCGCATATTAGTGGAGTCTAGCCTAAGCTGATTAGTGGAGTCTAACCTAACAATGACCCGCGGCTTGGACTTTGCGCCGGCGAGACGCGCCGACGCCGCAACAAACCCTGCGCCGACCCGTACTCGCTGCACTAGATTGAGACGCGGCACGCAAACGTGCTGTTATCAGCCCAAGACGAGCCCGACACCGGTGCGCTCCAGCCCTGCCCACCTGGCGCGGTTCGCCACGACAGCCTTATATCCCATAGGAGTGGTCATGCAAGGTGATCCCGATGTTCTGCGCCTGCTCAACGAACAATTGACCAGCGAGCTCACCGCTATCAACCAATACTTTCTGCACTCCAAGATGCAGGACAACTGGGGTTTTACCGAGCTGGCGGCCCACACCCGCGCGGAGTCGTTCGACGAAATGCGGCACGCCGAGGAAATCACCGATCGCATCTTGTTGCTGGATGGTTTGCCGAACTACCAGCGCATCGGTTCGTTGCGTATCGGCCAGACGCTCCGCGAGCAATTTGAGGCCGATCTGGCGATCGAATACGACGTGTTGAATCGTCTCAAGCCAGGAATCGTCATGTGCCGGGAGAAACAGGACACCACCAGCGCCGTACTGCTGGAGAAAATCGTTGCCGACGAGGAAGAACACATCGACTACTTGGAAACGCAGCTGGAGCTGATGGACAAGCTAGGAGAGGAGCTTTACTCGGCGCAGTGCGTCTCTCGCCCACCGACCTGATGCCCGCTTGAGGATTCTCCGATACCACTCCGGGCGCCGCTGACAAGCTCTAGCATCGACTCGAACAGCGATGGGAGGGCGGATATGGCGGGCCCCACAGCACCGACCACTGCCCCCACCGCAATCCGAGCCGGTGGCCCGCTGCTCAGTCCGGTGCGACGCAACATTATTTTCACCGCACTTGTGTTCGGGGTGCTGGTCGCTGCGACCGGCCAAACCATCGTTGTGCCCGCATTGCCGACGATCGTCGCCGAGCTGGGCAGCACCGTTGACCAGTCGTGGGCGGTCACCAGCTATCTGCTGGGGGGAACTGTCGTGGTTGTGGTGGCTGGCAAGCTCGGTGATCTGCTCGGCCGCAACAGGGTGCTGCTAGGCTCCGTCGTGGTCTTCGTCGTTGGCTCTGTGCTGTGCGGGTTATCGCAGACGATGACCATGCTGGCGATCTCTCGCGCACTGCAGGGCGTCGGTGCCGGTGCGATTTCCGTCACCGCCTACGCGCTGGCCGCTGAGGTGGTCCCACTGCGGGACCGTGGCCGCTACCAGGGCGTCTTAGGTGCGGTGTTCGGTGTCAACACGGTCACCGGTCCGCTGCTGGGGGGCTGGCTCACCGACTATCTGAGCTGGCGGTGGGCGTTTTGGATCAACGTGCCGGTTTCGATCGCGGTGCTGACAGTGGCGGCAACCGCCGTCCCTGCGTTGGCCCGACCGCCCAAACCGGTCATCGACTACCTTGGGATCCTGGTCATCGCTGTGGCCACGACCGCTTTGATCATGGCCACAAGTTGGGGCGGAACCACCTACGCCTGGGGCTCAGCGACCATTGTCGGGCTGTTGATCGGGGCCGCAGTGGCGCTGGGTTTCTTCGTGTGGCTGGAGGGCCGCGCCGCTGCGGCCATCCTGCCGCCCAGGCTGTTTGGCAGCCCAGTATTTGCCGTGTGCTGCGTCCTGTCCTTCGTGGTCGGATTCGCGATGCTGGGTGCACTGACCTTCGTACCGATCTATCTGGGGTACGTGGACGGCGCGTCGGCGACCGCGTCAGGTCTGCGCACGTTGCCGATGGTGATCGGCCTGCTGATCGCCTCGACCGGGACGGGTGTCCTGGTCGGCCGGACGGGCCGCTACAAGATCTTCCCGGTCGCGGGGATGGCGCTGATGGCGGTTGCGTTCCTGCTGATGTCGCAGATGGACGAGTGGACGCCACCGCTGCTGCAATCGCTGTACCTGGTCGTCCTAGGTGCCGGCATCGGATTGTCCATGCAGGTGCTCGTTCTCATCGTGCAGAGCACGTCGTCTTTCGAAGACCTCGGCGTCGCAACATCGGGTGTGACCTTCTTCCGGGTGGTCGGCGCCTCGTTTGGTACCGCAACATTCGGTGCGTTGTTCGTAAACTTCCTGGACCGAAGACTCGGTTCCGCGCTGACGTCGGGCGCCGTGCCTGTCCCGGCAGTGCCATCTCCGGCTGTCTTGCATCAGCTGCCCCAGAGCATGGCCGCCCCGATCGTGCGGGCATATGCCGAGTCGCTCACCCAGGTGTTCCTTTGCGCGGTCTCGGTCACGGTGGTCGGTTTCATCCTGGCGCTGTTGCTGCGAGAGGTACCGCTCACCGACATCCACGATGACGCCGACGACCTCGGCGACGGGTTCGGTGTGCCCAGAGCCGAATCGCCGGAGGATGTGTTGGAAATCGCGGTTCGGCGTATGCTGCCGAACGGGGTGCGACTGCGCGATATTGCGACACAACCCGGTTGCGGACTCGGCGTCGCCGAGCTGTGGGCCCTTCTGCGGATCTATCAATACCAGCGGCTGTTCGAGGCAGTACGGCTGACCGATATCGGTAGACACCTGCACGTGCCCTATCAGGTCTTTGAACCCGTCTTCGACCGTCTGGTCCAGACCGGCTACGCGGCACGCGACGGCGACATCTTGACGCTAACCCCGTCCGGGCACCGTCAGGTCGACTCCCTCGCAGTTTTGATCCGTCAGTGGCTGCTCGACCACTTGGCCGTGGCGCCCGGCTTGAAGCGACAGCCAGACCACCAATTCGAAGCCGCTCTGCAGCACGTCACCGACGCGGTGCTCGTTCAACGAGACTGGTATGAAGATCTGGGCGACCTGTCGGAATCACGCCAACTCGCGGCTACAACGTAGCGATGCTTGCCGCGCGTAGCCGCGCGAGCTGATCCGCGCTGCAGAATGACTGCCATGACAGCCACACCGCTTGCCGCGGCCGCGATCGCCCAATTGGAGGCAGAGGGCGTCGACACCGTCATCGGCACCGTCGTGAACCCCGCCGGACTCACCCAGGCCAAGACCGTGCCGATACGCCGGACCAACACATTCGCCAATCCTGGCCTCGGCGCCAGTCCGGTGTGGCATACCTTCTGTATCGACCAATGCAGTATTGCATTCACCGCAGACATCAGTGTGGTCGGCGATCAACGTCTCCGCATCGATCTGTCCGCCTTGCGCATCATCGGCGACGGGTTGGCGTGGGCGCCCGCCGGGTTCTTCGAGCAGGACGGCACACCGGTCCCCGCCTGCAGCCGAGGAACACTGAGCCGGATCGAGGCCGCGCTTGCTGATGCCGGCATCGACGCGGTAATCGGCCACGAAGTCGAATTCCTCTTGGTCGACGCGGACGGCCAGCGGCTGCCTTCGACGCTGTGGGCGCAGTACGGTGTCGCCGGGGTGCTCGAGCACGAGGCGTTCGTCCGCGATGTCAACGCCGCGGCAACGGCAGCAGGCATCGCTATCGAGCAGTTCCATCCCGAATACGGTGCCAACCAATTCGAGATCTCGTTAGCGCCGCAGCCGCCGGTCGCGGCCGCCGATCAGCTGGTGCTGACCCGCCTCATCATCGGCCGTACCGCCCGCCGGCACGGGTTACGCGTGAGCCTATCGCCAGCGCCCTTCGCCGGAAGTATCGGATCCGGTGCCCACCAACACTTCTCGCTGACTATGTCGGAAGGGATGCTGTTCTCCGGTGGGACTGGAGCAGCTGGCATGACCTCGGCCGGGGAGGCCGCGGTGGCAGGAGTGCTTCGCGGACTGCCGGACGCCCAAGGCATCCTGTGCGGATCGATCGTGTCCGGTCTGCGAATGCGACCCGGTAACTGGGCCGGAATCTATGCATGCTGGGGTACCGAAAACCGGGAAGCGGCGGTGCGATTCGTCAAGGGCGGGGCTGGCAGCGCGTACGGCGGGAACGTGGAGGTGAAGGTCGTCGACCCGTCGGCCAACCCGTATCTCGCGTCGGCGGCGATCCTCGGACTGGCACTCGACGGCATGAAGACCAAGGCGGTGTTGCCGTCGGAAACGACCGTAGACCCGACACAGCTGTCTGACGTGGATCGTGACCGTGCCGGCATTCTGCGACTTGCTGCCGATCAGGCGGATGCAATTGCTGTACTGGATAGTTCGAAACTGCTTCGGTGCATCCTTGGCGATCCCGTGGTAGATGCCGTGGTCGCGGTACGCCAGTTAGAGCATGAGCGCTACGGTGACCTCGATCCTGCGCAGCTGGCCGACAAGTTCCGGATGGCTTGGAGTGTGTAACGATGGCCGACTCCGCCGGTTCGGACCTGACGCGGCACACGGCCGAAGTGCCGTTGATCGATCAGCACGTCCACGGATGCTGGCTGACCGAGGGGAACCGGCGGCGGTTCGAGAACGCGCTCAATGAGGCCAACACCGAACCCCTGGCAGACTTCGACTCGGGATTCGACTCACAACTCGGGTTCGCCGTGCGCAACCACTGCGCTCCCATCCTTGGATTGCCTAGGCACGTTGATCCGCAGACTTATTGGGATCGCCGCAGTCAATTCAGTGAAGCTGAATTGGCTCGCAGATTTCTGCAGGCCGCCGGGGTAACCGACTGGCTGGTGGAGACCGGAATCGGCTACGACGTGTCCGGAATGGCAAGCGTCGCCGGCCTCGGCGAACTGTCGGGCAGCCACGCTCACGAGGTGGTTCGTCTTGAACAGGTGGCCGAACAG
CP180709.1_gap57	2125332	2127523	2191	GGAGCCCGTGGATGGCAGCCGGGATGGTTTACCGGGGCCGGGTTCTTCCCTCCGGAGCCATAACCGGTGGGCGTTTCTCATGATCATGTGCGAAGGCCGGCCCACCGAATCACCGATCCCACGGTGGCTGCGCTTCGTGCTTACGTCTGACCGTGCCGGCTCGGCATGGTATATCGGGGCAGGCTTCTTCTTCGCGCCAGTGCTGGCGGTGCTTTCGCCATGGCCGACCATCACCGCGGTGCTGTGGTGGATCATCGGACTGGCGGGACTATGGCTCGGACTGCTCGGAATCGCGATGGCAGTCGGACTGGCCCGGGTGTTGCGTTCCGGCGCCGAAATACCGGAAGCCTACTGGCGCACGCTGGTCGACTACCGATCCGCCAACGAATAGGAGACTCCGATGAGCTTCAATCCCAAAGATGCGGTCGACGCTGTCCGGGACATTGCGGCCAATGCCGTCGAGAAGGCCTCGGACATCGTGGAAAACGCCGGCCACATCATCCGCGGCGACATCGCTGGCGGGGCCAGCGGCATCGTCAAGGACTCCATCGACATCGCCACCCACGCGGTCGACAGAACGAAAGAAGTGTTCACCGGCAAGACGGACGACGAAGGTTAGTCGAGACTAGTCGGCGCGCGCTTGTCGTCCGTTGTCAAACGGACGCGGCAGCATTGAGTGCGTCCAACCGGGCGGTCGCCTCGAGGTACTCCTGCACCCAGCGTTCGATAACGGTAGCCGTCTTTTCCACCTTGGTGAACTGCCCAACAACCTGCCCCACCGGGTTGAACGCGACGTCGACGGTCTCGTTCGGGTATTTATGTGTGGCTTTGACGGCCATGCCGGAGACCATGTATTGCAACGGCATACCGAGCGGCTTCGGGCTCTCCGGTTGCTCCCAGGCCTCAGTCCAGTCGTTGCGCAGCATCCGGGCCGGCTTACCCGTGAAGGAACGACTGCGCACGGTGTCGCGGCTGGTCGCCTTGACGTATGCGGCCTGTTGAACCGCGGTGTTTGCGGCTTCCTCGACCATCAGCCACTGCGAACCGGTCCATGCCCCTTGGGTCCCCAGCGCCAACGCTGCAGCGATCTGCTGACCGCTGCCGATGCCACCCGCCGCCAACACCGGAACCGGCGCTACCTCCTTGACGACCTGAGGCCACAACACAATGGAGCCCACCTCGCCACAGTGCCCGCCGGCCTCGCCGCCCTGGGCGATGATGATGTCGACGCCCGCATCGGCGTGCTTGCGGGCCTGCGAGGGTGAGCCGCACAATGCGGCCACCTTGCGACCCGAGTCGTGGATGTGCTTGATCATGTCCGCTGGGGGGGTGCCAAGCGCGTTGGCGACCATCGTCATCTTGGGGTGCTTCAGCGCCGCGTCGACCTGTGGGGTGGCCGTCGCCTCGGTCCAACCGAGCAGCTGCAGACTGTCCTCGTCGGCGTCCTCGACCGGGACACCATGATCGGCGAGGATCTTGCGGGCGAAGTCCAGATGCTCCTGCGGGACCATCGACCGCAGCGTCTTGGCGAGCTCATCCGCCGACAGCTGGGAGTCCATGCCCTCGTACTTGTTCGGGATCACGATGTCGACCCCGTAGGGGTGGTCGCCGATGTGTTCATCGATCCAGTTGAGCTCGATCTCCAGCTGCTCCGGCGTGAACCCAACTGCTCCGAGCACACCAAAACCACCAGCTTTGCTGACGGCGACCACCACATCGCGGCAGTGAGTGAAGGCAAAAATAGGAAACTCGATACCGAGCTCGTCGCAAATGGCAGTGTGCATGCCTGCTCCTGGAATGCTAGCGGACGCAAATAGAACTGAAACGTGTTCTAGTTTAGTACCCGTCTTGGTAAGGTGGCCAACAGCCCAGGTTCCGGTCGGGTTTCGGCGCGCACCCCGGCGAAGCTGACGAGGCGGTCTAAGGTCACCTTCACCCGCGCATGGCCGGCCAGCAACAACGACGGCTGTCCCACCGAGCAGAAGTACTGGGCGATGGTGTGCACCGCGGTCGGCTACCACCGCGACGACCCCGCCGCAGAACTGCTGTTACGCAACGAAGGCTTGGCAGCTGCAGTCCAAACTGGCCACCTACGTCTACCCGCCACAGAAACTAGTCGCCAAGGTCCGTGCGGGCGCCAAAGTGTCCGACAACCACGACCAGGCGACCACTCTGTTCCAACACGCGATCG
CP180709.1_gap58	2128752	2129874	1122	CGCGCTCGGGTGAGGAGCTAAGGTTCTGCTTACGCCCTGACAGCCGTGATGTACTGGGAGCGCATGAAACTGTCGATCTTTACGTCCACGTCCGGCGGTGTCAGTCCGTAGCCGACCTGCAGCTCGAGGGTGCTGCGGACGGGGTCGACGGCCCATCCATGCTCAACTAGCCACTCCACGGGATCGGTCTTGTCGTCGTAGGTGAGCGCGGAGAAATTCACGTCACCAGACATATTGACCCCCGGGTGTGCGGTTTCCAGCGCGGCGAGCTGCTCGTGATCCAACCGGGACCCTAAGGCGCCCAAGGCAACTCGGCTGCCAGGCGCACACAACTCATCGATCCGGGCGAACAGAGCATATTGCGCATCGCCGGTCAGGTAGGGCAGTAGTCCCTCGACCGACCAGGCGCTGGGTCGTTGCGGATCGAACCCGGCCGCTGTCAGCGGCGTGGGCCAGTCCGTACGCAGATCTGCTGGCACCGCCACCCGGTGAGCTTTGGGTACAGCACCCCGCTCACTTAGCACCCGTGCTTTGAATTCCAGGACCTTCGGCACATCGATCTCGAAAACCGTTGTCCCGGGCTGCCAGTCAAGGCGATAAGCGCGGCAGTCCAGACCGGCGGCGACGATCACCGCCTGTCGTATGCCAGCCTCATCAGCGCAGTTGAAGAAGTCGTCGAAAAACCGGGTTTGCACGCCGTAGAGCCGAGGGAAAGCGGTGCCGTCCTCCGACGTTCTCGGGTTTGCTAACAGACCCTCCAGATACGGGTCGGCCGAAGCGGTGATGAAATGCTTCGCGTATTCGTCTTGGACCAGCGGTTTAGGGCCCGTGGTGTGCAGTGCACGCCAACCCGCAACCAGTAGCGCGGTGTAGCCCACGTTGCTGACAATGTCCCAGTGGTCGTCATCGGAACGAAGCGAGCCATACTCAGGTGTAGTCATCTCATCAGCCTTCCAGCATTACGGTCACCGGACCGTCGTTGACCAGTTCGACCTGCATGTGGGCACCGAACACGCCGGCTTCCACGTGCGCTCCCAACTGGCGCAGCGCTGCCGCGAACGCTGCTATCAGGGGCTGCGCCACCGCACCTGGCGCCGCGGCGTTCCAGGACGGTCGCCGACC
CP180709.1_gap59	2172433	2175701	3268	CGTCGTCGCCCATGCGCAGAATCGCTTCGATCGCAAACACCGTGGCCGCAAAGGGAATTGGGGTGAGCGCCCGGCCGAGTTCGGCAAACGCGATCGCGGTCTCGACTAAGGTGGCACCCAATCCGCCGTGCTCCGGCGGGACGTGCAGCGCGGGTAATTCGAGCTCGGTGCAAAGCCGTTGCCACAGCCTGCGGTCGGATCCGTCCGCGGCAGCCATCTCCCGCACGGGCGCGCCCCGGCCAAGGAAGCCGCGCAGCGAGGCGCGGAAATCGTCTTGTTCGGTGCTGTATCGGAAGTCCACGTCAGCAGAGCACTTCGGGCCGCGGCTCCTTGGGGAGGCCGAGCAGCCGCTCGCCGATCACGTTGCGCTGGATCTGCGAGCTGCCGGCATAGATCGTCGCGGCCCGTGCGTAGAGCAGCTCATCCATCCAGCAGGCCGGGGAGTTTGGCGTACCCGCCTCCGGGACCAGCCGCGCACCGCCGTTGCCGGGCCCCCGCGGGCCCAGCGCCTCGAGCCCCAGGATTTCGACGGCGAGATCGGTGTACCGGCGGAAATATTCGCTCCAGATGACCTTCGTGATCGCGGCTTCCGCGCCGGGCGGCCGTCCGGTCAGGGCCAGGGTGAGGTCACGGTAGCCCCGATACCGCATGATCTGAACCCGGGCATAGCACCACGCCAAGCCGTCTCGTACCCGTGGATCGGTGTGTAATCCGCGGTCACGGGCCAGCTCGCACAGCCGCTGCAGGTCCCGCTCAAAATCGATGGCGGCGGTGGCGATGTGCGATCCGCGTTCGAAGCCGAGCAGCGTCATGGCGGTCGACCAGCCGTCGCCGACCCGGCCGACGACATTGCCGGCGCTGGTGCGGGCATCGGTCAGGAAGACCTCGCTGAACGAGGAGTGCCCGGCCGCGTTGACGATCGGCCGGACCACGACGCCGGGCTGGTCCATGGGCACCAGCAGAAACGACAGGCCCCGGTGTTTCGCAGCGCTGGGATCGGTCCGCGCCAGCAGGAAGGTCCAGTTTGCGGTGGTGCCGGCCGACGTCCAGATTTTGTGGCCGTTGATCACCCATTCGTCACCGTCGAGCACCCCCCTGGTGCGCACCGAGGCCAGGTCGGAGCCGGCCTCCGGCTCGGAGAAGCCCTGGCACCACCGATGCTCGCCGCTGAGGATGCGCGGCAGGAAATGCCGCTTCTGCGCCTCGGAACCCAGGGCGATCAGGGTGTTGCCCAGCAGGTCGATTCCGAGCAGGTCGTTTTCCGCGCGTTCGGGCGCGCCGGCGCGGGCGAATTCCTCGGCGAGCACCACTTGTTCCATCGGGGACAGGCCACCACCCCCGTATTCCGTCGGCCAGGACACCGCGACCAGGCCAGCGCCGGCCAGGGCCCGCCGCCAGTGCCGGGCGAACTCTTCCCGCTCGTGGGGCGGCAGCGCCCCGGGTCCGGGCCACCCGGGCGGCAGGTGCTCGGCCACAAACTCCCGGATCCGGTCGCGGAACGCTTCCGCTTCGGGTGGGTAGCTGACGTCCACTGCGCGCCCCGGCCTCAGGGCCGCTGCTTGATCGCGGGCCGGATCTGCGGTGCGGCGCGCCAGTCCTCCAGGCCGTACTCGACCGTTCCGTAGGACAGCTTGCCGCCGGTGACTTCGCCCCAGTGCGCGTGATTGAGCTGGTGGATCTTGAAGCAACCGTCCAGCGCGGCGGAAAACCCCATGGCATCGACGGTTTGGTTCACCGATTCCTTGATCAGCAGTGCCGCCATCGTCGGCACCTTCGCGATCCGACGCGCGAATTCGATTGTGCTGGTCGCGAGTTCGTCAGCGGGAAACACCTTGCTGACCATCCCCAGCGCGTGGGCCTCGTCGGCGCCTATGCAGTCGCCGGTGAGCAGCAGTTCCTTGGTCTTGCGCGGCCCGAACTCCCACGGATGTCCGAAGTACTCGACCCCGCACATGCCCAGCCGGGTGCCGACCACATCGGCGAACACGGTGTCCTCGCTGGCGACGATCAGATCGCAGCACCAGGCCAGCATCAACCCCGCCGACAGCACGGCCCCGTGCACCTGGGCGATGGTGATCTTGCGCAGGTTGCGCCACCGCTTGGTGTTTTCGAAGTAGTAGTGCCACTCCTGGCGGTTGCGTGACTCGACCCCGCCGAAGGTCGCCCCGTTGCACCGGTAGCTGGGGTGCTGGTCCGGCCCGGGCGAGCGTTCCCGGATATCGTCAGCGGATCCGAGGTCGTGACCGGCGGAGAAGGCGGGGCCGGCGGCCCGCAGGATCACCACCCGGACGGTGTCGTCCGCCTCGGCAAGTTCGAAGGCGGCGCCCAGCTCGACCAGCATGCCGCGGGTCTGGGCGTTGCGTTGTTTCGGGCGGTCCAGGGTGATCGCGGCGATGCGCCCATCGTCGATGGTTTCGTAGCGGATGTATTCGAACTCCCGGGGCCGTCGGGAGCGTTCCCCGTCCGACCGGCGATCGACCGGACCGACCCTGCCGACGAACATGTCCGCTCCTTACTGGACGTGAACGGCTGACCTGTGCGAGGTTACCCGTCCCTTAGCCAACATGTCCATAGCCAATACGCACATGAGAGTGATCGATATAGACAAATTCCCATGCAAAGAAGCACTTGTGTACAACGAAGTATCTTGGTAGTACTGTGATATACGCAAAGGGCGCCACCGCAGCGCGCCGGGCATCCGACCGGTACAACCAGGAAGGGTTGACGATGGAGATCGGAATATTCCTCATGCCGGCCCATCCACCGGAGCGCACCCTCTACGACGCCACCCGGTGGGATCTGGACGTCATCGAGCTGGCCGATCAACTCGGCTACGTGGAGGCCTGGGTCGGCGAACACTTCACCGTGCCGTGGGAGCCGATCTGCGCCCCCGATCTGCTGTTGGCGCAGGCGCTGCTGCGCACCCAACACATCAAGCTCGCCCCGGGTGCGCACTTGTTGCCCTACCATCATCCGGTCGAGTTGGCCCACCGGGTGGCCTATTTCGACCACCTCGCCCAGGGTCGGTTCATGCTCGGCGTGGGCGCCAGCGGCATCCCGGGTGACTGGGCGCTGTATGACGTGGACGGCAAGAACGGCGAGCATCGCGAAATGACCCGGGAAGCGCTGGAGATCATGCTGCGCATCTGGACCGAGGACGAGCCCTGGGAGCATCGCGGAAAGTACTGGAACGCCAACGGAATCGCGCCGATGTTCGAGGGTCTGATGAGGCGCCACATCAAGCCGTACCAGAAGCCCCACCCGCCCA
CP180709.1_gap60	2306469	2309093	2624	AGTCGCCTCGGAGCCGTGAGCTATGAGACCGACCGCAACCACGACCTGGCGCCGCGCCAGATCGCGCGGTACCGCACCGACAACGGCGAGGAGTTCGAAGTCCCGTTCGCCGATGACGCCGAGATCCCCGGCACCTGGTTGTGCCGCAACGGCATGGAAGGCACCCTGATCGAGGGCGACCTGCCCGAGCCGAAGAAGGTTAAGCCGCCCCGGACGCACTGGGACATGCTGCTGGAGCGCCGTTCCATCGAAGAACTCGAAGAGTTACTTAAGGAGCGCCTCGAGCTCATTCGGTCACGTCGGCGCGGCTGACCCGGGAACCCCCTGCTCCCGGCCGGGCAATGTCCGGTCGTGCGCGTGCGTGGTCCGAGCGCGAAAGGCGTCCCTCGATGCCCCAGCGGGCGACTTTGACCAGCGCCTCACGAATGTTGGACCCGCTCATCTTGGACACACCGAGCTCGCGCTCGGTAAAGGTAATCGGCACCTCGGTGACGACGAACCCGTTGCTCACCGTGCGCCAGGTGAGATCGATCTGGAAGCAGTAGCCCTTGGAGTCCACGCCGTCCAGGTCAATCGCTTCGAGTGCTTCGCGGCGGTACGCGCGGTAGCCAGCGGTGATGTCGTGGATCCCGATTCCGAGCGCCAGGCGCGAATAGGTGTTAGCGGTTTTGGACAGGACTAGCCGCCGCCAAGGCCAGTTTCGTACCGTCCCCCCCGCGACATAGCGCGAACCAATCGCAAGATCGGCACCAGCGTCGACGGCGTCCAGCAGGCGCTGCAGCTGTTCGGGCGCGTGGCTGCCGTCGGCATCCATCTCGACCAGCACCGAATACTCCCGGCTCAACCCCCAGGCGAAACCTGCCAGGTACGCCGCGCCCAAACCGTTCTTGGCGGTGCGGTGCATCACGTGGGTGCGGCCGGGATCGGCCTGCGCCAGCTCGTCGGCGAGCTGGCCGGTGCCGTCGGGGCTGCTGTCGTCGACGACCAGCACGTGCACGGCGGGGCATGCTTGCGTCAGCCGCCGGTGGATCACCGGAAGGTTCTCCCGCTCGTTGAACGTAGGAATGATCACCAGGACGCGCTGGCTGGGACGGTTACCCGGGGCTGGGGGCGCCGGCTGGCCGGTGGTCATGTAACTCCTCGATGTTGCTCTGTGTCGTCCGAAACCGGATGAGTGTCGGCCGCCCTGCTCGGGCTGAATGAGTTCGTCGTCGGATTCACTCAGGGCCGGCGGACCGGAGGCCTCAGATCTGCCCGGGGGCGCATCGGAATCGTCATTTTCGCCCTTTGGCTCCGAGCGCCTCGGACGCGGGAACCACCCATTCTGCCGCATGGCGACGAGAACGACCGCTGCGGCTGCCCCGACGAGAATCCATTGCAGGATTGGACCCCATCGAGTTGCCGGTGTCAGCCTCGTCTTGAGGCGCACCTGGCTGTCCAGGTATGCGGGCTGGAAAAAGTCGGTCCGGATCAGCTCACCCCCGTCTGGTGCTATCACCGCACTGATCCCAGTGGTACCGGCAACCACCACGTATCTGTCGTGCTCGACGGCCCGTACCTTGGCGAATGCCAGCTGCTGTTCGCTCATTGTCTTGTTGAAGGTGGCGTTGTTGCTGGGCACGGTCAACAGCTGCGCGCCGCCCAGAATCGACTTCCGCGGGGCGCGGTCGAAGATCACCTCCCAGCAGGTAGCCACCCCGACCGGGACCCCAGCGATGCGCACCACACCGGTGCCGTTGCCGGGCACGAAGTGGCCGGCGCGGTCGGCGTAGCCGGAGAGGTGCCGAAACAGCCACGGCATGGGCAGGTACTCGCCGAAGGGCTGCACGATTGCCTTGTCGTGGCGGTCGGCCGGCCCGGTGCCGGGATTCCAGACAATGGCCGTATTGGTCCACTCCGGATTTTCACGAGGACGGCCCGGAACATCCATCAGGGTGCCGATCAGGATCGGCGCGCCGATCGCTTCGGCCGCTGCGGAGATCCGTTGACCGGCGTCGGGGTTGACGAACGGGTCGATGTCCGACGAGTTCTCCGGCCAGATGACGAACTGGGGTTGCTGCGCCAGCCCCGCATGCACGTCGGCGGCCAGCCGCAACGTCTCCTCAACGTGGTTGTCTAGCACCGCCCGACGTTGCGCATTGAAGTCGAGACCGAGCCGGGGCACATTGCCCTGGACCACCGCGACGGTGACCGTGGGTTCGCCGCCCGATCCGCTACCCGCATGCCGCACCTGCGGCCAGACGACGATGGCGGCGAACAAGACCAGGCATATGCACGCGGCCGGCAGCACCACCGCCGGCGGCGCATCCCCCTGACCACCGGTTCGCCACCACTTCTCGATTTCCAGCGCGATCGCGGTCAAGCCGCATCCGACCAGCGCTACCCCCGTTGACAGCAGCGCCACACCGCCGAGCTGGACCAACGGCAACAGCGGGCCTTCGGCTTGACCGAAGGCGACCGACCCCCACGGAAATCCACCGAACGGAAGGATCGACTTCAACCACTCCTGCGCCGCCCACCCCACCGCGAACCAGATCGGCCAACCCGGCAACAGGCGTACCACGACGGCGAACAGACCGAAGATGCCGGGGAACAGCGCGCACGTCGTCGCCAGTGCCAACCAG
CP180709.1_gap61	2317150	2320309	3159	CGGTCGGCGGCGGAGGGGTCCCAGCCGGTGGCCTGCAGGGCCGCGACCAGTTCGCGGGCTTTCGCCTCGGTCTGGTCGACTGTCGCGCGTTCGTCGGTGCCATCCTCGGCCAGGCCGAGTGCCTGCCGCAGGCCGGGGATCGCGTGCGCGCCGCCGAACAGCTGGCGGGCCCGCAAGATGGCCAGCACCAGGTCGAGTTTTTGCTCCCCCGTTGGGTTTTGCCCGAGGATGTGCAGCCCGTCGCGGATCTGGACGTCCTTGATCTCGCACAGCCAGCCGTCGACGTGTAGCAGCATGTCGTCGAACGAGTCCTCTTCCGGGCGTTCGGTCAGTCCCAGGTCGTGGTCCATCTTGGCGGCGCGGATCAGCGTCCAGATCTGCTGGCGGATGGCGGGCAGCTTGCCGGGATCCAGCGCGGCGACGCTGGCATGCTCGTCGAGCAACTGTTCCAAACGCGCGATGTCGCCGTAGGTTTCGGCGCGGGCCATCGGAGGAATCAAATGGTCGACTAGCACCGCGTGCGCGCGCCGCTTGGCCTGGGTGCCCTCGCCGGGGTCGTTAACCAGAAACGGGTAGATCAGCGGCAGATCGCCCAGCGCGGCGTCGGGTCCGCAGGACGCCGACATGCCCAGCGTCTTTCCCGGCAACCATTCCAGGTTGCCGTGCTTGCCCAAATGCACCACGGCGTGCGCCCCGAAACCGTTCGAGAATCCGGTATCGAGCCAGCGGTAGGCGGCCAGGTAGTGGTGGCTGGGCGGCAGGTCCGGGTCGTGGTAGATCGCCACCGGGTTCTCCCCGAAGCCGCGCGGCGGCTGAACCATGAGCACCAGGTTGCCCGCTCGCAGTGCGGCGATGACGATCTCGCCGTCCGGGTCGTGGCTACGGTCGACGAACAGCTCACCGGGTGGCGGGCCCCAGTACGCTGTTACCACGTCTGTCAGTTCGGCGGGCAGGGTGGCGAACCAGTCCCGATACTCCTTGGCCGACACCCGGATGGGGTTGCCGGCCAGCTGGCCTTCGGTGAGCCAGTCGGGGTCGTGTCCGCCGCATTCGATCAACGCGTGAATCAGCGCGTCGCCGTCGTTTGATTCGACACCCGGCAGATCACCCACCCGATATCCGCGCTGCCGCATCGCTTGCAGCAAGGCCACCGCGCTGGCCGGGGTGTCCAGGCCCACCGCGTTGCCGATGCGGGCGTGTTTGGTCGGGTAGGCCGAGAAGACCAGGGCCACCCGCTTGTCGGCGGGGGCGACCTGGCGCAGCCGTGCGTGCCGGACCGCCAGGCCCGCGACCCGGGCGCAGCGCTCCGGGTCGGCCACATAGGAGATCAGCCCGTCGTCGTCAATCTCCTTGAACGAGAACGGAACCGTGATGATGCGGCCGTCGAACTCGGGCACCGCCACCTGGCTGGCCACGTCCAGCGGCGACAGGCCGTCGTCGTTGGCGCACCACTGATCCCGCGGGCTAGTCAAACACAGGCCTTGCAGGATCGGGATGTCCAGCGCCGCCAGGTGCTCAACGTTCCAGCTGTCATCGTCGCCGCCGGCCGAGGCGGCGGCCGGCTTGACTCCCCCGGCGGCCAGCACGGTGACCACCATGGCGTCGGCGCCGCCGAGCCTTTCCAGCAGCCGCGGCTCGGCGGTGCGCAGCGACGCGCAGTAGAGCGGCAGCGGGCGTCCGCCGGCGTCTTCGATCGCCCGGCACAGCGCCTCGACGTAGCCGGTGTTGCCGGCCAGGTGCTGGGCACGGTAGTAGAGCACCGCGATCGTCGGGCCGGTCTTGCCGGCGTCCGGATGCTCCAGCACCCCCCAGGTCGGGGTGGCGACCGGCGGCGTGAACCCGAAGCCGGTCATCAGCACGGTGTCGCACAGGAAGGCGTGCAACTCGCGCAGGTTGTCGACGCCGCCGTGGGCCAGGTAGATGTGGGCCTGCAGCGCGGTGCCGGCCGCGACCGTGGAGCGGTCGGTCAACTCGGCATCGGCGGCCTGCTCTCCGCTGACCAGTACGGCCGGTACCCCGCCGGCGATCACCGTGTCGATTCCGCTCTGCCAGGCGCGGTAGCCGCCGAGAATCCGGATCACCACGATCGACGCTTCGGCCAGCAGGTCGGTCAGTTCCAGGTCAGACAGCCGCGAGGGATTCGCCCACCGGTAGTTCTTGCCGCTGGACCGGGCGCTAATCAGGTCGGTGTCGGACGTCGACAACAGCAGAACGGTCGGTTCCGGCACCAATTCTTCTTACCGGAGCAGGACTCGAGCGGTGGCGTCGGGCCCGCGAGCTTTGTAGCCACGCCTAGACTACAAACATGTCTACATCCACGACGATTAGGGTTTCAACCCAGACTCGGGATCGTCTGGCCGCCCAAGCCCGCGAACGGGGAATCTCGATGTCGGCTCTGCTCACCGAACTGGCCGCCCAGGCCGAGCGCCAGGCAATCTTCCGCGCCGAACGCGAGGCCTCGCACGCCGAGACGACCACCCAGGCAGTCCGCGACGAGGACCGCGAGTGGGAGGGCACGGTAGGCGACGGCCTTGGCTGAGCCACGGCGAGGAGACCTTTGGCTGGTCAGCCTCGGCGCCGCTCGCGCGGGTGAGCCCGGCAAGCATCGGCCCGCGGTGGTCGTTTCCGTGGACGAGCTACTCACCGGAATCGACGACGAACTCGTTGTCGTCGTGCCGGTGTCAAGCTCGCGCTCCCGCACCCCACTCCGGCCACCTGTCGCGCCCTCAGAAGGTGTAGCTGCCGATAGCGTCGCGGTGTGCCGCGGCGTCCGCGCGGTCGCTCGTGCCCGACTCGTGGAGCGACTCGGCGCCCTCAAACCCGCCACGATGCGCGCAATCGAAAACGCCCTGACCCTGATCCTCGGCCTCCCGACGGGACCTGAGCGCGGCGAGGCGGCGACCCATTCTCCCGTACGGTGGACGGGTGGCCGGGACCCGTGACGCGGACGCCTGCCCCGGTGCGTTGCGGCCGCACCAGGCCGCCGACGGGGCGCTGGCGCGGATCCGGCTGCCCGGCGGGATGATCACCGCGGCACAACTGGCGACGCTGGCCAGCGTCGCCAGCGACTTCGGCTCCGCGACACTGGAACTGACCGCGCGCGGCAATGTCCAGTTGCGCGGGATCCGCGACGTGGCAGCGGTCGCGGACGCGGTCGCC
CP180709.1_gap62	2325192	2329543	4351	GCGAACCGCTCATCGGCGCGGTATTCGATCGCGGCGGTGGTGCCGGTGGCGGGCACATACACCCCAAGCCGGGCATCGTATCTGCGCTCCAGCTCGGCGAAGCGATCCGCCAGATCCGCTCCGGCCGGCAAGGTTGTCGATGCCGGACGGGCCCCGCTCGCATGCCGTGCACACCCCGTCACGGAAACCAGCATTGCCATCGCTACCAGCAGTTCGCGACGACCGAATCCTCTGTTGCGCATGCCGTAGTATCACACGCGCGCAGATGGCAGGCGCCAAAGCGCATTCGACGCCGCGCTCCCCCGGCTGCTCGGCGGCGGGATCTACGACGACCGGTCGTAGACTGACCGGACCTGCCGGGCTATGGTTTATGCCCATGACCGCGACGGCAAGCGACGACGAGGCCGTTACCGCACTCGCCTTGTCGGCGGCCAAGGGGAACGGGCGGGCCCTTGAGGCGTTTATCAAAGCCACCCAGCAAGACGTGTGGCGGTTCGTCGCCTATCTGTCCGACGTGGGCAGTGCGGACGATCTCACCCAAGAGACATTCCTACGAGCGATCGGCGCCATCCCGCGGTTTTCCGCACGCTCCAGCGCCCGAACTTGGTTGCTGGCCATCGCGCGCCATGTCGTCGCCGATCACATCCGCCACGTCCGATCCCGGCCCCGCACCACCCGCGGCGCGCGTCCCGAACATCTCATAGACGGCGACCGCCATGCCCGCGGATTCGAAGACCTCGTCGAGGTAACCACGATGATCGCCGACCTAACCACCGACCAACGGGAAGCGCTGCTGCTGACCCAGCTGCTCGGGCTGTCCTATGCGGACGCCGCGGCGGTGTGCGGCTGCCCGGTGGGCACCATCCGATCCCGTGTCGCTCGAGCGCGCGATGCGCTGCTTGCCGACGCGGAGCCCGACGACCTCACCGGCTAGGCAGACCGGCCACCCACATGGCGGCCCGGTGGACAGAATCGACCGCCGCTACCCCAGCCGGCAGCAGCGGGCGCGCTATCATGACCACCGAAATACCCAGCGCAGCAGCGGCATCCAGCTTCGCTCGGGTCATCTTGCCACCGCTGTTCTTGGTGACCAATGCGTCGATGCGCTGCTCACGCAGCAGTGCGAACTCATCGTGGTAACCATATGGCCCGCGAGATAGCACCAGTTTGTGCCGCCGCGGCAGGGCGGTGCCATCGGGCGCGGTAACCACGCGGATCAAAAACCACGCGTCGCTGTTGGCGAAGGCCGCAATACCCGAGCGTCCGGTGGTCAGGAACACTCGCGAATAACCTTGTTCAGCAACAACGTCTGCAGCCTCGATGTCCGATACCGCGATGATGGCGGTACCGGGATCCCACGGCGGGCGAGCCAGTACCAGGTACGGGAGCCCGAGCTCACCGCACACCTGCGCGGCGTGCGCGGTGATGGTTACCGCGAAGGGGTGGGTGGCGTCGACGACGGCATCGATGCGCTCCTCTCGCAGCCAACCGCGCAGCCCCTCGACACCGCCGAACCCGCCGATGCGCACCGGACCGATCGGCAGGGCAGGGTTGGGTACCCGGCCGGCCAGCGAGCTGACGATCTCAACGTGTGGGTGCAACTCTTTCGCCAGCGCACGGCCCTCGGCGGTGCCGCCGAGCAACAACACCCGGGTCACTGTGCATACCGACCGTGCCGTGCCACCGAATATAGGTAGCTGTCGGTAAAGCCCTCAGCGGTCAGCACGTCGCCAACAACGATCACGGCGGTCCTGGTGATCTTGGCATCGTGCATCCGCGCGGCGATATCGGCCAACGTGCCGCGTAGCGTCCGCTGTTGCGGCCAACTCGCGAAAGCCACCACCGCAACCGGCGTTTCGGGTCGGTAACCACCGTCTAGCAGTCGCGGAACGATGGCGTCGATCTGGGCTGCGGCCAGGTGCAAGACCAGAGTGGCGCGGGATCGGGCGAGCGCGGCCAGGTCCTCACCGGGCGGCATGGGTGTGGACAGCGTCGCCACCCGGGTGAGCGTCACCGTCTGCGCCACGCCCGGCACGGTGAGTTCGCGCTTTAGCGCCGCCGCGGCTGCGGCAAAAGCCGGTACGCCCGGCACGATTTCGTAGCCGATGCCCAGCGCGTCGAGTTCGCGGCACTGTTCGGCCAGCGCGCTGTACAGCGACGGGTCGCCGGAATGCAGCCGGGCAACGTCGCGGCCGTCGGCGTCGGCGTCGGCAAGTTTGCGCACGATTTGTTCGAGGGTCAGCGGACCGGTGTCGACAATCGTCGCGCCGGGCGGACACTGCGCCAACAGGTCGTCGGGCATGATCGAACCCGCATACAGGCACACCGGGCATCGTTGCAGGAGCCGTTGGCCGCGGACGGTGATTAGGTCGGCGGCGCCGGGGCCCGCTCCGATGAAATAGACCGTCATCGCTTGGTCACCGACCACTGGGTGACCGGCAGCTGTGGGCGCCAACCGGTGAAGCCGCCCAGCGGTTCGCCGAGATAGTGCTGGAATCGTCGTAGCTCGCCACCGAGGCGCGAATATGCATGCGCCAGAGCGGCTTCCGATTCGACGGTGACAGCGTTGGCGACCAAGTTCCCGCCTGCGGGCAGGCTGTCCAGGCAGGCCTCAAGCAGGCCTGGCTGGGTTACACCACCGCCAAGAAAAATCACCGACGGCCGTGCGGCGTCGTCGAACGCATCGGGCGCGTCGCCGCGCACGTCGACGCTCACCCCGAAGGCCGCGGCATTGAACCCAATGTTGCGGCGGCGCCGTTCGTCGCGCTCGAACGCCACCGCGGTGCAGCCCGGCCAGCTCCGACACCACTGGACCGCGATGGCGCCTGAGCCCGCGCCGACGTCCCATAACCGCTGCCCGGGCCTTGGCGCCAGCGCAGCCAGGGTCAGCACGCGGATCGGGTGTTTGGTGATCTGCCCGTCGTGCGCGAATGCCTCGTCGGGTGCCCACGACGTGCGCTCGTCGGGCAGGTAGCGCACGGCGATCACGTTGAGCTCATCGACATCGAGGGGTGGGTCGCAGGCCCATGCCCGGGCCGTACCGTCGCGGCGGCGTTCGGCCGGGCCGCCAAGCTGTTCGAGCACGCTGAACTTGGAGTCACCGCGACCGTGCTCGGTCAGCAGCACCGCCAGCGCCTGCGGGGTGGACCGATCGCCGGACAGCACGATGGCCCGGCCGCCGCGGCGCACCGCGGTGTGTGGTTGCGCGGTGACCAGGCTGATCACCTCGGTGTCATACACGTTCCAGCCCATCCGGGCGCACGCCAACGTCACCGCGGACACGTGCGGCAACACGGTCACGTTGTCGTGGCCGAACAGCCGGATCAGGGTGGAGCCGATACCATGCAACAACGGGTCGCCGCTGGCAACCACGTGTAGGTCAGCCCCATCCGGTGACAGGCCTTGCACCGCGGGCAGCATCGGCGTCGGCCACTCCCAGCGCTCGGCGGTGACGGTATCGTCGAGCAGGGCAAGTTGCCGTTTCGAGCCGTAAATTACTGTGGCCCTGCGCAATTCGGAGCGAGAATGCTCGGAGAGACCGGTCATGCCGTCGGCGCCGATCCCGACAACGATGATCATCGGCGCCGCTCTCCCCCGCAAGCGGGCGGTACCCCCACCGCATCGCTGCGCTCTGCATCGTCGCGGATCATCGCGGCATCCTGCGCCAGACGAACCGGGGAAGCAACCGCAGCGCAACAAACATTGGCCGCAGCGCCCACGGAATCCACACCACGCGCTTACCGTTGACCAGCGCACGCGCGGTCGCGGCGGCCACCCGCTCCGGGGTGACCGACAGGGGTGCGGGCGTCATGCCCTCGGTCATGCGCCCGATGACGAATCCCGGCCGCGCGATCAGTAACCGCACCCCGGTGCCGTGCAACGCATCGGCCAGGCCGCTGGCGAAGCCGTCCAGGCCGGCTTTGGCCGATCCGTAGACATAGTTGGCGCGGCGCACCCGAATCCCGGCGACCGAGGAGAACACCACCAGCGATCCCCGTCCGGCGGTGCGCATCGCCGCTGCCAGATGAGTCAGCAGGCTGACCTGGGCGACGTAGTCGGTGTGCACGATGGCCACCGCGTGCGCCGCGTCTGTCTCGGCGCGGGCCTGGTCGCCGAGTATCCCGAAGGCCAGCACCGCGGTGCCGATGGGGCCGTGCTCGGCAACGAGCGAAGCGACCAACGGGCCGTGTGCGGCCAGGTCGTCGGCGTCGAACTCCCGGGTGTGCACCGCTATAGCGCCAGCTGCGCGGAGTGCGGCGGCCTGGTCGGCGAGTTGATCGGCGTTCCGCGCGGCCAGCACCATCGTCGCCCCGGCAGCCAGGCGTCGCGCGAGTTCGCCGCCGATCTGGCT
CP180709.1_gap63	2350386	2351976	1590	GCGTTGCCGTTGACCGACAGGTCACCGGTCAGCAGCCCGATCTGGTCACGGCCGTAGCGTGCTGTGAGATCGGTGTGCTTTTGGTTGCTCAGGGCTTTCAGCGGCGTGGTGTAGAAACATTTACTGCCGGCCGCCAGCGCCAGGTGCACGGCGAACTCGCCGACCACCGTCTTGCCAGCGCCGGTCGGCGCGCACACCAGCACACCGTGGCCGCGTTCCAGCGCGCTGCAAGCCCGCTGCTGAAAGTCGTCGAGCGAGAACGGTAGTTCCGCGGTGAACCGGTCCAGCTCGGCCAGCTCAGTCACGTCGCCGCCGCCTCGCCTGGGCTGGCGAGCAGACGCAAAATCCCCCGCACGCCCGGCGTGTCGGGGGATTTTGCGTCTGCTCGCCAGTTGACCGCGCCCGCTCGCGGCTAGCGGGCCTACGTGACGTCGTCATGAGATCCGATGACCGATGGCGCCGGCACCGGCGAGGGCGGGTCGATGACCGAAGCTTCGTCGTCGGGAATCGCGGCTTCGCGCTTGGCTTTTCGCTTGTCATGCACGCGGGCGATCTGAATGGCGAGCTCTAGCAGCACGGTCAACGCCGCACCGAGCGCGGTCATCGAGAACGGATCGGATCCGGGCGTGAAGATCGCCGCGAAGACGAACATCGCAAAGATCAACCCGCGCCGCCAAGACTTGAGCCGCTCATAGGTCAGCAGGCCCGCCAGGTTCAGCATCACGATCAGCAGGGGGAATTCGAAGCTGACCCCGAACACCACCAGCAGGTTGAGCAGAAAGCCAAAGTAGCGGTCGCCAGACAGCGCGGTCACCTGCACGTCGCTGCCGACGGTCAACAAAAAGCCCAACGCCTTGGACAACACCAGGTAGGCCAGTACGGCACCGGCGACGAACAGCACCGCTGCTGGGATCACGAAGGCCACCGCGAAGCGGCGCTCCCTCTGGTAGAGACCAGGCGTGATGAACGCCCACAGCTGGTAGAACCACACCGGGCAAGCCAGCACAATGCCGGCGGCCATCCCGACCTTGAGCCGCAACATGAACTGGTCGAACGGCGCGGTGGCCAACAAACGGCACTCTCCGTCGGCGCTGATATCCGCCCGGGCCGACTGCGGCAGGGCACAGTAGGGATGCCGCAGCCACTCTCCGAGGCTGTCCAACCCGAAAATCGAATGCGAATACCAGACGAACCCGAAGATTGTGGTGACCAAGATCGCGGCCAGGGAGATCAGCAACCTGGTGCGTAACTCGGTCAGGTGGTCGACCAGCGACATCGTCGCGTCAGGATTGACGCGGCTGCGCCTGTTACGTGGGTTGAGCCGTTTGAGAAGACCGGCGGCGCGCACTGAAGCGACGCCCGAGCTAAGCCGGCCGAGCCTCGGTGCTGTCTTGACCAGACGCCGCTGAGGGGTCGACACGCTGCGATTGCACCGGCGTGGGGGTCTCGATAGACGCTTCCGCTTTGTTCTCGTTCTGCAGTTCACGGACCTCGGACTTAAAGATTCGCAATGACTTGCCCAACGAGCGCGCCGCATCGGGGAGCTTCTTGGCACCGAACAACACGATCACCACGACAGCGAGGATCGCC
CP180709.1_gap64	2353744	2354896	1152	TCAGCTCGACAGGCGACAGGGCGTAGGCGTCGCGGTTGATGCGATAGCCCTCGGTGGGCTCCAACGCCGAGACCCTGCCGACCTCGAGCGGAATGCCGAGGTCACGCAGCTCGTTCTTGTCGCGCTCGAACATCCGGGAGAACGCCTCAACGCTGGGGCTGTCCGAATAGCCTGCCACGCTGGACCTGATCTTCTCCGCAGTGATGTAGCCACGAGTGGACAGCAAGGCTATGACGAGATTGACCAGCCGTTCGACTTTCGAGGTCGCCATTGGTGGTGCTACATGCTCGCGATCAGCCGCTTAACCCGCTCATCGACCGCCCGGAACGGGTCTTTGCACAGCACGGTGCGCTGCGCCTGGTCGTTGAGTTTGAGATGTACCCAGTCGACGGTGAAATCACGTCCCGCCTCCTGCGCGGCGCTGATGAACTCACCGCGCAGCCGGGCCCGGGTGGTCTGTGGGGGCTGATCGACGGCCTCCGCGATTTCTTCGTCGGTGGTGACGCGCGCGGCCAACCCTTTGCGCTGCAGGAGATCAAAGATCCCGCGTCCGCGCTTGATGTCGTGGTAGGCCAGATCCAGCTGAGCGATCTTCGGGTGGGACAACTCCATGTCATAGCGGTCCTGATAACGCTGAAACAGCTTGCGTTTGATCACCCAGTCGATTTCGGTGTCGACCTTGGCGAAATCCTGGCTTTCGACGGCATCGAGTTGGCGGCCCCACAGGTCGACGACCTGCTCGATCTGCGCGTTGGGCTCCCGAGTCTGCAAGTGCTCGACTGCGCGGGTGTAGTACTCCCGCTGGATGTCCAGCGCGCTGGCCTGACGGCCTCCGGCCAACCGCACCGGCCGGCGACCGGTGACATCATGGCTAACCTCACGGATGGCGCGGATCGGGTTATCCAGGGAAAAATCACGGAAGGCGACTCCACTTTCGATCATTTCCAGCACGAGCGCCGCGGTGCCCACCTTGAGCATGGTGGTGGTCTCGGACATGTTGGAGTCGCCGACGATGACGTGCAGCCGCCGGTACTTCTCGGCGTCGGCATGTGGCTCGTCGCGGGTGTTGATAATGGGGCGGGATCGGGTCGTGGCGCTAGAGACGCCCTCCCAAATGTGTTCGGCGCGTTGGCTTAAGCAGTAGGTGGCGGC
