gap_id	start	end	length	sequence
CP180384.1_gap1	11914	14518	2604	GTGCGATGCTCGGGTATGCGTGCGCCCTGCTCTACACGAAACTCGTGCCGAAGAAAGCGAAGCAGCTCACCGGCACGAACACGCGACCGGGATTCGTGCACCGCATGGTCTCCATGTGCATCGACTTCCTGCTCATCGCGCTGGTGTACGTGCCACTGAGCATCCTGTACATCTTCCTGTTCTACCTGGTGTTCAAATCGACCGGAGACGGCCATTACGTCTGGCTGTCGCTCACCGTGGAACCGCGCGTGCTCGACTACATGACGTGGATCACCGCGGCCCTCTCGTTCCTGCTGTTCGAGGTGTGGATTCCCTGGCGTCACCATGGCCAGACGCTCGGTTGCCGCTACACCCACATGACCATCGAGACGCGTGATCGCTCACGGGGCCAGCGCATTGCGTTCTACGCAATCCGCACGCTGTTCTTCGGCGTCATATTCGGCGGTCTCGCCACGAACCACCCGATCTGGGGATGGACGTTGCTTGCGCTGCTCATCTTCTGGCTTGTCAAGAAGTGCATGCCGTGGGATCTCGTGCCGGGGACCGATCCGCAGACGCCGCCCACTTCGCCACAGCCGCAGGTTTCCACGCTGCCGGAACCGAATCTGCAGCGATGAATAATCCGCAGACATGGCATACAGCGAGACGGCCACCGGAACACACGAATCCCGGCAGCCGAATTGCTGCATACGAACGGTTACATGAGCGCGCGCATGCGCAGCACCACCATGAACAGTGCGATCACATGGCACACATAGCCGCCAATGGTACCCAAATGGAAGAGCTCGTGGAACCCGAACCACTTCGGGAACGGATTCGGCTTGCGCAACGCGAAGCATACAGCGCCGGCAATATAGCAGGCTCCGCCGGCGATCACGAGAATGGTGGGCACAGGCCCGATGTACGGGGATTTCCAGAACAGCCAGATGATTGTGATCGGGGCGAGTCCGAGCACAATGTAGACGATGGTGAACAGCCAGTCGAGGCCCACCGGGTAGATCAGATGCACGAACGTGCCAAGCAATGCGGTGACCCAGACCACGCCCACATACACCCAGCAGATCACCGTGTTGTTCAGTGCGAAGAAGAACGGCGTGCAAGTGCCGGCGATCACCAGGAAGATGTTCGAATAGTCGATGCGGCATAGTACGTCGTCGACGGCCTTCGGAAAATACCCGTGGCCGAGGTGGAGCGCCGCGCTGTTGCCGAACAGCAGGATGATCGTCGCGCTGTACACGCTGATCGCCACCTTCATCCAGCCGCTCGGCGCCAGGCAGATGAGGATCACCGAGGTGGCCACGGAGAACGGGAAGGCGATGAGATGCAGCCATCCGCGCAGCTTCGGTTTTTCCAGAAGGATCTGCCTGAGCTGCATCTTGGTGCGGTACTGCTCGTTGCGCTTGCTCTGCGCGCGGAGTTTCTTCGCCGTCACCACTTTGCGTGGTTTCTGAGAACGCGTGACCTGGCCAATATGCCGGTTGTTGCGCTTCATACGGGAATCTTCGAGGTACGAACTGCGCGGGGGCTTGCGCTGACTGGGATTCGCTCTCCTGTTTGCCATATTGCCCAGCATAGGAAGTTTTGTATAAAACGGCCGCCTGAGTTATTCCTACAGGAAATTGCATGCAGCATTCTTGCGTAAAAGGGGACAGATTCCATACCCGATTTGTCTCTTTTTACGCAGGTGAGGGCAGCCATCGCGGAAGGTGGCGTGGGGCTGTGCTGCTTATTTCCTGTGTACAGCTCTCCTTCTGCGTACGGCTCCCTTTCTGCGTAATTTGGGACAGGTTATGCGGTGTATCTGTCTCTTTTTACGCAGGCTCGGGTTTGCGTTGGTTGCACTCTGAACTGCACCCCGATTATGAGATTGCACTCCTCCTTCTCCTCCTTCGCTGCGTAAAAAGGGACAGATTAGTGAGCTAATCTGTCCCTTTTTACGCAGCGAAGACGCCGAGGGCGCCCCTGGGCGCTTAGAAGATGCCCTGCGCGACCATCGCGTTCGCCACTTTGGTGAAGCCCGCGACGTTGGCGCCGAACATGAGGTCGCCGTCGTGTCCGTATTCCTTGGCGGCATCGAGCGATTCGGCGACGATGTTCTTCATGATGCCCTTGAGTTCCTCGTCCACCTTCTCGAAGCTCCAGGAGAGACGGTAGGAGTTCTGGCTCATCTCGAGACCGGAGACCGCCACACCGCCTGCATTCGCTGCCTTGGCCGGGCCATAGAGCACATGGTTCTTCTGGTAGACCTCAATGGCCTGTGGCGTGGACGGCATGTTGGCGCCCTCGCAGACCACCGTGCAGCCGTTGTCGACGAGCTTCTGGGCAGATTCGCCGTCGATCTCGTTCTGCGTTGCACACGGCAGCGCGATGTCGCACGGCACGGTCCACACCTCGCGGCAACCTTCGTGGTATTCCGCGCCGTCGACACGGTCGGCATATTCGCGAATACGGCCGCGCTTGTTCAGCTTGATGTCTTTGACCACATCGAGATCGATGCCGTTCGGGTCATAGACATAGCCGTTCGAATCGGAGCAGGTGACCACCTTGGCGCCGAGCTGCGTGGCCTTCTCAATGGCGAAGATCGCCACATTGCCCGAGCCGGAG
CP180384.1_gap2	16935	17483	548	CGACAACGACAACGAGCTGCAGAACAACGCCGGCCGTCCGCGTACCGGCGACCTCGTGTTCGATTCGATCAAGCTCGTCGGCGAACGCGATCCGTATGTGCCGGAGGAGAAGTCTTCCGAGCCGTCCAACGCCAAGCTGATCACGATCGACGACTTCGAATCGTATGCCGATGAGGCTGCGATGAAGGAGGCTTGGGGCAACCGTGAACACACGGATGTGCTCTCGCTGACAACCGAGGATGACGACAACAAGTACCTGCAGTACTCGAACCCGCACGGTGGCTGGCTCGATGTCGCGACGTTCATCCAGAACGACACGGCCCGCAACAACTGGACCGGTTTGGGTAAGCTGACGTTCCGTCTGAAGCACGATGGTTCGAACAATGCGATGGACCTGCAGATCGGCACCGCCGACGGCAAGTACTTCCATGTCGACCAGAAGCTGGCTTCGGAGGATGGCGCCGATTGGAAGACGGTCGAGATCGATCTTGTGAACAATCCGTCGCTGACGCAGAGCTGGCCGGAGGATGAGAACAAAGGCAAGACGA
CP180384.1_gap3	128153	131993	3840	GCTCGCCGGCGAAGTACTGTTCGAGCTCACGGAACGTCTCGTCGGTGAGCCCGGTCGTCTCGCCTGCGCCGTCGGCGTCGTAGTCCGCCTGCGGAATGATGCGCAGCCGAACAACGGCATCATCCTGCCAGTCCACGCGCACCGGTCCGTATTCACTCGCATATGTTGCAAATCCCTGCATCTGTGCCTCCTCCTCGATGGCTGTACGTTGCCTTGATTATAGGAGGTCAGATTTGGGTTGGTGAGAGGGAGCGCCGAATGCTCACCGATTCTGCGTAATGTCGCGCGTAATGTCGCGTTTACGCAAGGCGCGCATATATTGGCCATGTGTGTTTGTACGCGCACGGCTGATCTGTATGGTGGCGACTGCGCGATGGGGTGCGTCGGGGACGGAGGTATGCGCCTGGTGGGGTAGGTTGGGTGTATGGGTCGGGAGCGGCAGTCGCAAGAAACGGCACGGGGTAATGGTTTCCACCGTGTACGCGCCATCATCATCGCCTGCGTGGTGGTAATCGGTCTGTTGGCCGGCGTCGCAGTGCGTCTGTCCACATGGTGGCACGCTTACAGGGTGCCATCGATGACGGGGCAGACGATTGCGCGCGTGTCTGCGGACAGTTCGGTGACCGATGACGTGTCGCAATGGTACAGCCAGTGGAAGGGCAGGCGGCAGGAAATCGGCGTTGCGCCGCAGTATCAGTTGAGCTCGGTGCGGATTCGCACCGTGCAGCGATTGCCGAATATCGCGTCGCGGTATGACCAATCCGATGGGCGGAACATCTACGTGCGGCTGGACGCGACGGTGCGCCCGCGGTTTGCGTCGATCCAGCGCATCACCGACGTGCATGGATGCCAGACATACGCCGTGGAGTCGGGAATCAACGAATCGTGTGTGTTCACATCGGAGCCGCGTCAGGACGGTTACCGCATCGCGCAGGTGATGGAGCCGATCATGTATCAGCGATTGGCGTATCCGGAGCAGTTCGAGAAGACGGAGCCGGATCCCACGGCTCCGGTGCTCGACGGCCGCAATGGGTATCGTCTGTCCAAAGAGAGGCTGGAGGTGACCTACGACGGCGGGACGACGTGGCGCGAGGTGCCCGACGGCGTCGCGCGCATCGTAGGCGGCATCAACGCGAACACCACGCTATGGCTCGAGCCGTCGAGGTATGTGATCACGCCACAGTTCACGGCGTTCGTGGGGTACGACGAGGGCACGCATACGGCGCAACTCCTCTATTCATGGGACGCCGGTTCGACGTGGCTCACGTCGGCATTGGGGCACGGTGTGCAGGCTCCCTCCTACATCTCCGTGGTTGGCGACCGCATCGGGGTGGCATATGGGTATGGCGACACGCTTGGCTCGGTCGGGTATGCGATGGTCGCGGGCACGTTGCCCGAACTGCGCGCGGATGCGGAGGCTGTGTGGCGGCAGATTCCGATGTATATGCAATATCCGTCCGATCTGACGATGGCGGGATGGGTCAATGACACCACGGTGATCGTCGGGCAGGCCGGATCGCTGCATGTCTCGTCGGATTCAGGGGCCACATGGCGTGAACTGGGAATACCCAAGGAACCTGGTTTGGAGGGCAAGCTGGGGTATTACCCGTTTGATACGCCGACGCATGTATGGGTGGAGGATGGCACGGCCTATCTCGCAATGGGTCAGGGAGAAGATGCCGATTATGCGCCGAATGGCACAGTCGTGGAGGCGGTGTTCTCGTACGATCCCGCCACGGATGCGTGCACCTTCATCAGGCAACAGCCCGCCCCCACGCCAATGCCTGCAGGTTGAACGCCGCTCCTTGCTTCGCTTTGTCGGCCTCCGCGACGATGCGCAGGGCGTTCAGCGTGCGCGGGTAGCCGATGTAGGGCAGGTTCTGCAGTACCACTGTGCGCAGGAAGTCGGCGGTGTTGCCGAGGGCGATGTTCGCCTTCGTGTGGGCGAGCAGCTGCGGTTCCACGCTACCCTGTGCCGCGAGATAGCAGAACGTGATCATCTCGCGCTGCAGATTGGTGAGCCCGGTGCGCGTGTAGTAGTCGCCGAAGCAGTTGTCTGCAAGCCAATAGTTCACCTTGCTGCGCTCGTAGCTCTTGTCCATGCCCTCGCCGAACAGCTCGACCTGCTTGGCATTGCCGGCCTCGAGGCGGTTCTCCATGGTCGTGGTGGTCTGGTCGGGCAACGGCAGGGCCACTCCGCGCGCTTCGAGCACTTCGTTCGTGATGGCGAGGAATGGCCGCACGCGACCGATGCCGAGGTAGTCGACGGCCTGGTGCACGACCTCCTTCGCCTGCACCGGCGTCAACCCGGCGTCGAGCGCGCGCCCGAGCTGAATGCGGAACTCATCCGCGCCCTGGCAGCCGAGCAGCGTGGCCAGGATGGCCAGATAGCGCGTGGTCGGTTCAAGCTCCGTTTCGGGGTCTCGCGCGACCTCCACGTCGGCGAAATGCAGCATGCGCTCGGCGAACTGCGGGTCTGTCTCTTTCAGTCGTTCATTCGGTTGTTCGGTTATGCCAGCCATTCCAGACTCCTTTGCGTATTGTTTCACTTGAGCGAGCGGTAGAATGCCTCGTCCACCGGTTCGAGCCAATCGTTGCTCTTGCCCTCGCCCGGCACGTCGATGGCGATGTGCGAGAACCAGCTGCCGGGGGCCGCGCCGTGCCAATGCTTCGTGTTCGCCGGAATGTGCACGACGGTGCCCGGCGTCATCGCGATCGGTTCCTGGCCTTCGATCTGCGCATACCCGCGGCCGCCCACGCAGATGAGCATCTGGCCACCGCCCTTCGTGGCGTGATGGATGTGCCAATGGTTGATGCAGCCGGGTTCGAAGGTCACGTTGGCCATGCTGACCTGTTCGCCGGAGACCGGCGCGAGCCAGCTTCTGCCGGTGAAATACTGCGCGTAGGCGTCGTTCGGCTCGCCCACCGGGAACATGAGCGACTGTGCGTATGCGGTCGGAACGCCGACGGGAATCGGGTAATTGTTCATTGCTTGCCTCTTTTCATATGCCTTTTCATATGCCGCGCTCGGCATGTCTGTGAGTGTTATGCGGCGCACTGTTGCATGCAACAAATGATGAAAAATCATGTATTGCATTCGCGATGTGCATATGGTCTGCGCGGTCTGCGCTTACAGATTCCGCGTGAAGAACCCGGCGATCGTGTCGAACGGGATCGCATTGAGATTGTCATACAGGTCGGTGTGATTGGCCCCCGGGATGATCAGCAGTTCCTTGTTCGCCGGATTCACGCCATGCTCGAGCTTCTCATACGCGGCCTTGCTGAAGTACAGCGAATGCGCCTTCTCGCCGTGGATGAGCAGCGCCGGGTTCTCGATTTCGCCGATGTAGGTCATCAGCGGCATATTCATGAACGGCAGCGACGAGGTGACGTTCCAGCCGGCATTCGAGTTCACCGAGCGCGCATGGTAGCCGCGCGGGGTCTTGTAGTACGCGTGGTAGTCCCTGACGAACTGCGGGGCGTCGTCGGGCAGCGGGTCGATGACGCCGCCGGCGCGCGCATAGTCGCCGTTCGCGTAGTCCTCGGTGCGCTGCTTGGCCAGCTGTGTGCGCATCTCATTGCGTTTGGCGGCCGAGTCGTCGGCGTCGAAGTAGCCGTTCGCGGTGACGCGGCTCATGTCGTACATGGTGCTCGCCACGGTGGCCTTGATGCGCGGGTCGTTCGCGGCCGCGTTGAGTGCCAGGCCGCCGAAGCCGCAGATACCCACAATGCCGATGCCCTCCGGATCCACGTCGGTGCGGTTCGCCAGATAGTCCACGGCGGCGGAGAAATCCTCGGTGTTGATGTCGGGGGAGGCGACCGCGCGGGGCGAGCCGCCGG
CP180384.1_gap4	152987	156256	3269	CCCTTCGCTGTTTTTGCGGGTCGGGCGCCGACCTCAGCGACGGGTGGTGGCGCGCTCGTGCAGCGTCACCGGGATGATCGTCATGTTGGCATCGCCGTCCGTGGCATCCGGGCGTTGCGGCGAAGACTCGATCCCGTGTTCCACGCACGCGGCGATGGTGTGCGCGATCTGCCTGAAATCCTGGGCGACCGTGGTGAGCGGCATGCCGGCGCAATCCGCGGCGAGTGTGCCGTCGTAGGCGATGATCTGCACATCACCGGGCACCGCGATCGAGCGCGAGACCGCCTCCTGCACGGCGAATGCGGCGGCGAGATCGGCCCCCACGAACGCATCCATGTCCGGGTATGTGTCGAATGCCTCGCGAACCGCACGCCGCACGCCGGCGATGTCGAACACCTCGCCCGACTCGATGTACGTGTGCGCAATCCGCGCTTGGGAAAGGCGGTCTTCCAACGTCTGTACATAGCGGACGGTGGGGAAGGTGGAGTGGTCGCCGAGGTCGGTGAATTGCGCGCGCGGGCCGCCCACCATGACCACATGGTGCGCGCCGGTGCGCACGAGGAGTTCTGCGATGAGCTCGCCGCCGTGCACGTGGTCTGAACTCACCTGAGTGATCCCCGCCCCCAGATTGCGGTCGAAGGCGACCACCGGGCGGTCGATCGCGCGCCAATACTGCGGGTCGTGGGTGGTGTGCGCGGCGACGACCAGCGCGTCCAGACTGTGCCGACGCAGCATGTCGACGTACTGCGCCTCGCCGTTCGCGGAGTCGGCGGTGGAGCACAGCATCGTCTGCAGACCGCGGTCCGCGAACTCGTGCTGCAGGTGCGCGGTGAGCGTGGCGAAGAACGGGTGCTGGATGGTGGGCACGATGACGCCGATGATGTCAGTCTTGCCGTGGTAGAAATTGCGCGCGAGCTCGTTGGGCACATAGTCGAGCTCGCGCATGGCCTGCTCGACCTTCTCGCGCATATCGCGTGAGACATAGCCGGTGCCGTTGATCACCAGCGAGACACTGCTCACCGAGACGCCCGCCCGTTTCGCGACATCGCGCATGCCGACCATGTTCGCCTCCTCATTTTCTGCTCCGTGCGCTATCGCCCGCGGTATCGAACCGGTTTGACGAGCACTATCCGATTGTATGTGCAGATTTCGTCCTCCGGCAACCGCGTTTCGGCAGAGCGCGGTGAATCGTCGAATATCGAACCGGTTTGATACGCCGAGAGCAGAGCGCTTGCATGCGCGTGAAGAATGAGGTAAAACAATACTCGAACCGGTTCGATACGGCAGCTCGCGCAACGATGAAGCTTCAGGCAGACGCATCGCCCCGGAGATATCCCGAAGACGTGATAGACGAATCCAGGAGGAGCCATGAAGAACAAAGTTCAGCTGATCACCTATGCGGATCGCTTGGGTGACGGCAACCTTGCTTCGATGACCGACATTCTGCGCACGCGATTCGACGGCGTGTACGAGGGCGTGCACATTCTGCCGTTCTTCACCCCGTTCGATGGCGCGGACGCAGGCTTCGACCCGATCGACCACACCAAGGTCGACGCCCGCCTCGGTGACTGGGATGACATCGCCGAGCTCGCCAAGACGCATGACATCATGGTCGATGCCATCGTCAACCACATGAGCTGGCAGTCCAAGCAGTTCCAGGATGTGCTCGCGAACGGCGAGGATTCCGAGTACTACCCGATGTTCCTCACGATGAGCTCCGTGTTCCCCGACGGCGCGACCGAGGAGGAGCTCGCCGGCATCTACCGCCCGCGCCCGGGCCTGCCGTTCACCCACTACAGCTTCGCCGGCAAGACCCGCTTGGTGTGGGTCACGTTCACGCCGCAGCAGGTCGACATTGACACCGACTCCGCCAAGGGCTGGGAATACCTGATGTCGATCTTCGACCAGATGAGCAAGTCGCACGTCAAGTACATTCGCCTCGACGCCGTCGGCTACGGCGCCAAGGAGGCCGGCACCAGCTGCTTCATGACCCCCAAGACCTTCGAACTCATCTCGCGACTGCGCGAGGAGGGTGCCAAGCGCGGTCTGGAGATTCTCATCGAGGTGCACTCGTACTACAAGAAGCAGGTGGAGATCGCCGCCAAGGTGGATCGCGTCTATGACTTCGCGCTGCCGCCATTGCTGCTGCACTCGCTGTTCACCGGCAAGGTGGACGCGCTCGCGCACTGGACCGAGATTCGCCCGAACAATGCGGTCACCGTGCTCGACACGCACGACGGCATCGGCGTCATCGACATCGGCTCCGACCAGCTCGACCGTTCGCTCAAGGGTCTGGTGCCCGACGCGGACGTCGACAACATGGTCGAGACGATCGCGAAGAACACCCATGGCGAGTCGAAGGCCGCAACCGGCGCCGCCGCTTCGAACCTCGACCTCTACCAGGTGAACTCCACATATTATTCGGCGCTCGGCTGCAATGACCAGCATTACATTGCCGCACGCGCCGTGCAGTTCTTCCTGCCGGGCGTTCCGCAGGTGTACTATGTGGGCGCGCTCGCCGGCGAGAACGACATGGAGCTGCTCAAGCGCACGAATGTGGGCCGCGACATCAACCGCCACTATTACACGACCTCCGAGATCGACAAGAACCTCGAACGTCCGGTGGTCAAGGCCCTGAACGCGCTCGCCAGATTCCGCAACGAGCTGCCGGCGTTCGACGGCGACTTCAGCTACTCGGTGGGCGATGACGAGTCGATTGCGTTCTCCTGGAACGGTTTCGGATCCTCCGCTACGCTCACGTTCACGCCGTCCAAGGGCATGGGTGTCGAGAACCCACAGTCCGTCGCCACGCTCGTCTGGACGGATTCCACTGGCGAGCACCGCACCGACGACCTCATTGCGAACCCGCCCGTCATGCAGGCGAGCTGATGCGCGGTTCCCGATAGAGATTCCAGATATTTTCAGATTCCCGGAAAAGAGAAATCATGGTTGACGAACAAGACACCCACGGAGGGAGCGCGCCGTCGACGGGCTCGAACGGCTACATTCGCCCGGGCATCGACGACCGCCCCGACTTCGACAAGGTATTGAGCCAGGAAGACAAGGAGAACATCTCCCGTCTCACCGCGCCGATGCCGAAGAAGCGAGCCGCCGACAGCAGTGTGGGCGACGAGCAGGTGCAGGGCACCAAACTCGCCACCGATTCGCAGGCCGTCGGCTCCGGCATGGCGGCGCTGGCCGCGGTGGACACGGCGGTGCCGGACGAGGCGTCCGCATTCATGGACATGCGCGATCCGATGGTCTCGGCC
CP180384.1_gap5	292792	295837	3045	TCGGGTCGGAGACGTGGCCGCCCACCCACAGCGCGATGCCGCAGGAGAGGAACGAGACGGTCTCGTTGCGCTCGAACACGTGCACCTGCCAATCAGGGTGTTCGCGAAGAATGGAATTGGCGGCGAAAACGCCGGCGTGGGTGCAGCCGACAACGGCGACAGTGGTGGTCATGATGCTCCTTTGAGTCCCGAAAACACTAGTGCTACCTGAGATGGTAGGTGTGGGGTGCGGGCGGTGGCGCGGGGTTTCGCGAATGGTGAGCGCGGGGGAATCTGCCCATATGAAGAACTACATGGTGTGTGGCAGAATGGTGGGGAATTGCGCTCGCGGGCGGTACCGAGGCGGTGCCGAAATAAAACGCGCGCGGGAACTGTTGGAAGCATTTAGGAATCTCGAATCGTGTGCTTGAAAGAGCTTGAAAGAGGTGGACGTGGAGAAAACTGACGACGTACTGCATGTGGTGGGCGGCAAGCCGCTCAACGGCACGATCAAGGTGCGCGGTGCGAAGAACTTCGTAAGCAAGGCCATGGTGGCGGCTCTGCTCGCGCCGGGGACGTCGGTGCTCAAAAACGTGCCCGAAATACGAGACGTGCATGTGGTTTCGGATCTGCTGCGTCTGCACGGCGTGAACGTGGACGTGAACGGCGACGAGGGCATTGTGACGATCGACGCGAAGAACGTGCAGCTGGCCGACGTGGCCGATGTAGACACGCTCTCCGGCTCGTCGCGCATTCCGATCCTGTTCTCGGGCCCGCTGCTGCACCGGCTGGGCGAGGCGTTCATCCCGGCGCTCGGCGGCTGCAACATTGGCGGCCGGCCGATCGACTTCCATTTGGAGACACTGCGCAAACTCGGCGCCACCGTTGACAAGGAACACAAGGACGGCATTCACATCACCGCGCCGAACGGTCTGCACGGCGCGAAGATCCACCTGCCGTACCCGTCGGTGGGCGCGACCGAGCAGACTCTGCTCGCCGCCGTGCTCGCAGATGGCAAGACCGAGCTGTCCGGCGCGGCGACCGAACCGGAGATCATGGACTTGGTGGCCGTGCTGCAGAAGATGGGCGCGATCATCTCGGTGGACGTGGACCGCACGTTCCGCATCGAGGGCGTGAAGGAGCTGAAGGGCTACACTCACACGGCTCTCACCGACCGCATTGAGGCGGCGTCGTGGGCGTCGGCCGCGCTCGCCACACACGGCGACGTGTTCGTGAAGGGCGCGACGCAGCCGGAGATGATGACGTTCCTCAATGTGTTCCGCAAAATCGGCGGCGAGTTCGACATCACCGACCGCGGCATCCGCTTCTGGCACCCGGGCGGCGACCTGAAGCCGGTGGCGATCGAGACCGACGTGCACCCCGGCTTCATGACCGACTGGCAGCAGCCGCTCGTCGTGGCGCTCACGCAGGCGAACGGGCTGAGCATTGTGCATGAGACCGTGTACGAGAACCGTTTCGGTTTCACGAAGCCGCTGGTGGAGATGGGCGCAACCGTGCAGCTCTACCGCGAATGCCTCGGCTCGTTGCCGTGCCGCTTCCAGCAGCGCAACTACAAGCATTCCGCTGTGATCTTCGGGCCGACGCCGCTCGAAGGGCGCGACATCGACGTGCCGGATCTGCGCGGTGGATTCAGCCACCTGATCGCGGCGCTGGCGGCGAAGGGACCGTCCGACGTGCGCGGCATCAGCCTGATCGACCGCGGGTACGCGGACTTCCGCGGCAAGCTCACGGCGCTCGGCGCGCAGATCGACTAGTTTGCGCCGTTCTGCTTGCTTGAACAGAACGCTTGAAGATGGTCACCCCTGCTGGGGGCGGCCGTCTTTTGCGTTATGGCGCTTCTTTTTCGTTACGGGATGTCGTCAACTCTTACAGGATGTCAGATTCTCGCGCCGCAGTTGATAAACACGACAATATAGCGGGAATTTCAATGTTTTTTGGTACCGATACTTGGGCCGTGACATCCCGTAAGGGTTGACGACATCCCGTAAGGAAATCTGGGCGCCTAGCGCGCGGCCGGTGAGTCCGCGCGTAGGCTGAATCTTGAATCTGCGCAAAAGGGGACATCTACCAGCATGTAGATGTCCCCTTTTACGCAGATTATTGTCGGCAGATTTTTGTTTGCATAATTTGGGACATTTTGGGGCTCTGCTTTGTCTCTTTTTACACAAAGGGGCGCTGGGTGCTGAGGGGGACCGGGGTGCCGAAGGTGCGGCAGAGGCGTGCAGAGGAGGGGGCGTGGCAGAATGGGGGCATGGTATCGAAAGGGAAGCCGTCGCCAAGGCGCGCCGTGAAGCCGCTCAGCGACGCGCAAGTGCGCAAACTCGCCGCAGAATATGCTCTCGTGGACCCGACGCGTCCGTTCCCGATCGGCAGAATGGAGCCGAATCAGCGGGAAATTGATGAGCTCAATCCGAAAATCACGCACCGCTTGGTGGAAGGCGCGGCGAAAGTTCTGCGCGCGAGCTGCAAAGTGCGCGCGTGGGGCTTGGAAAACGTGCCGGTGGAAGGCGCCTACATCACCTGCGCAACGCATGTCACGCAGTTCGACGTGTTCGTGCCCATGGTCGCGATGTTCCAAATGGGCCGTCGTCCGCGGTACATGGCCAAGGCGGAGATGGGCAAATGGCCGGTCATAGGCAAATGGTTCCGCGCGGTGGGCATGCAGCCGGTGCCGCGACGCAGCGGCAAGGCGCGCGAGATCGAGGAAGCGTCGGTACAGATTCTCACGAGCAATCATGCGCTGACGATCTGGCCCGAGGGAACGGTGACGCGCGACCCGAAAAAGTGGCCGATGAGCATGAAGAACGGCGCCGGATTCATCGCGCTCGAGGCGTCGCGCCGCGTCGGTCACCAGATTCCGCTGTTCTGCGCGGTGACGTGGGGTGCGGCGAGCATCAATCATTGGTGGCCGTGGCCGCGCAAGAACGTCGTCATGTGCTACGACACGCAGCTGGATTACTCCGACTTGCTCGCGAACATGGACTCGTGGGGCGACGACCCGCCCACCGAGCTCGCGAACGAACTCGTGCGGCGCGTGCGCGTGCG
CP180384.1_gap6	301925	306291	4366	GTGAACGGGATCGTGACCAGGCACTCGTTCGCCGGGTCGAGCTTCTCCAGCGCGGTGGTGTTGAGCACCGAGTTCGGGATCATCATCAGATTGCCATTGCGCTCGCGGACCACGGTCTGCCGCCAGTTGATGTCTTGCACCACGCCGGTCGTGTCGTTGATGCTCACCGTGTCGCCTGGCTGGATCACATGCGAGAACATGAGCGTGAATCCGCCGATCGTGTTCGCAATGGAGTCCTTCAGGCCGAGTGAGATGGCCAGGCCGCCTATGCCGAGCGCGGTGAACAGACTCGCCGGGCTCACGCCGAACACCGGGTGCAGCACGATGGTGAGCGCGACCACCCAGACGAGCACGCGCGCGATGTTGATGAAGATCGACGCCTGCGGGATCTTGTTGTGCTCGAGCACCTTGCGCAGGCCACGGCTCAGCAAACGCGTCACCACGAATGCTAACGCGATGACGATGGCGAGGAAGATGATCCTCCCACTGTTCGCCTTCAACCAGTCAAGCACATGTTCCATGCGTACCAGCGTAGCGTGCGGTGGTCACCACATGCGGAATCTGCGGACTAGCGCAGGGACTGCACAGGGCGGCGTTGCTCGCTCGAATCGAGTGCGGTGCGCAGATTCGCGGCGACGGTGGCGATGTCGGGATTCGTCAGATCGTTGGGCGACAGACGATGCTCGATGTTCGGCCAATCGCGCAGCACGCCGACGATGCCGCCGACCGTGAAATCGAGCAGGATGCGCGTGCTCAGGTCGATGCGATCGTAATCCAGATCGAAATTGCCGAGCAACGTCAGGCGAATGAAATCACGCAATGCCTCGGTGAGCTCGATCGTGCTATGCGGGCCGGCAAGCAGGGCAAGATGGTCGAACTGCTTGCGCATCTGCGGGTCGTTGAACGCCACGATGCATGTGCGCTGCCATTCCTGCCACAGATTCTCGGCAGTGGTGGCGTGGTCCATGATCGGTATGCTTTCAACGGCATGCATGATCGTGGCATCGGCAAGCTCAGGCAACCCGGAGAAATGGTAGTAGAACGAGTTACGGTTCACACCGGCCTCTCGAACGATGTCGGTCACCGTGATCTTCCCATACGGTCGTTCCCGCAGGAGCGCCCAGAACGCATTCTCCAAACGCTGCTGCGCCGGTAAAACTTCGGGGTCTCGACGCGGCCTTGGCATTAGAACTCCTCACCTATAAGGACATGCACGATATGGTGGTGGAATAATCTGCGCGATGCTCATCAACACTGCATATGTATGCACATCATGTGTACCTTCAGTCTAGTGTTCATGAGCTTCATATGGCCGGAAAATCAGCTTGTGGCAATGCTCTGGAGCACGTTTGGTCGAAGTCAGTGCGTGAAACGCGTCCCGGCCAGGAGCATAATGGCCTGATTTATGTAATGGCGGTCCTCACTGTCGAGCCCGACATAGGAGGAGAACAGCCCCGGAAGCGCTTTCATGCCATCCGTGCGCAGCTGGGTGATGGTGGAGTGTCCGCCGGAGGAGAGCACGCGGAACAGCGCCTCCACGCCATGCTCGCGTTGGCGTTGCGTCATGCCGTTCAGCCAGGTGTTCAACGCGCCGCGGAAATCTCGCGAGCTCTCGGACAGCGCGGGAACCGTGTCGAAGCGGTCGCCGTCCATAAGCCACGTGTAGCAGGAATGCTGCATGAGGCCGTCGGCGTTCGATTTGACGACGATCATATGTTCGCGCGGACTCGACTGCAACAGCATGCCGATGATGGAGAACTCCGGGACGAGCTTGGTGATGCGGTCGACGATCGTGCCGTATTCGTAACTGGAGACGACGTCCTGGTTGAATCCGGGTGAATCGAAAGCGTAGATGCGTTCGATGCGGTCTTTGATCTGGTCGCGCGCGTTCATGGCCGCGTAGATCGCGATATTGCCGCCCTTGGAGTGGCCGGTGAGCATGATGCGCGCGTTCGGCCAGAGTCTGCCCACCTTTTCGAGATAGTCGGCGGCCTGCTTTTGCGCGGGCACCGGGTAGGTGAACGCCATGTTGAAATCCTCGCGCCAGCCGGTGAGCGAATCATCGGTGCCGCGGAACGCGACGAGCAGCGTGCCGTCGGGCAGCTGGAACGTCTCGGCGGCGTACTGGGTCTGCTGCGAGATGTCGAAACGCTCCTCGGCGGCGCTCATGCGGGTGACGGCGAACCGCGGATTGCGTTTGATCGAGCGGTAGAAGCGGTGCGGGGTCTCATCGTCGTCGGAGAAGCCGGAATGATGCTCCCAATAGGGGTGGGTGAGCTCGTATTCGTGCAGTCTTTCCTCCACCTCGCGCAGCGTGGGTCCCGGGAATGGCGTGCGCCACAGTGCGGCGAGCGAACGGCTAGGGTGTTTGAGATTGAAGTTGCGCAGCTTGCTGGAGATGGAACCGAAGCATTCGAGCAGGGAGGAGAGCTGCGGGACCTCCTGCGGGATCTTGTCATAGCTCAGAATCGCGTAGACCAGCGCGTCGGCAACATGGAACGGGTATTCCGAGAAGTCGCGCGTCTCCTGCGCCACGTAGTCGATGATCGTTGCCATATTGCCCTCCGATTGATCACTTCCATAGTAGGCGATGAATAAGTCCGGCCGTATCGTTGCCAGCGCAACCGGGTATGGGAGCACGACATACGGGGCGTATGAGACAGTGAAGGTATGTGGCTTGCAGCAGTGGAAAAAACGTTTGTATGGTTCCTCCTCTACAGTTTCGTCGGATGGGTGTGGGAGACCGGGCTCAACATCGTGATGAAGAGACGGTTCGTGGACCGGGGCATATTGAATGGCCCGATCTGCCCGATCTACGGTTTCGGCGCGGCGCTCGCGATCTTCGTGCTGCACGACGAGCATTCGCTCATCGCCGTGTTCCTGAGCAGCGGCGTGCTCGCCTGCACGTTGGAATACATCACCTCATGGGGCATAGAGAAACTCTTCCACATGCGGCTGTGGGACTATTCGAACAAGCCGTTCAACATCAACGGCCGTGTCTATTTGAACGGCTTCCTGTTCTTCGCCGCGGGCTGCACCGTGGTGAAGGAATGGGTGCAGCCCGCCGTCATGCGCATGCTCGACCGCCTCGACCCGCTCTGGCTCAACATCGTGAGCATCACGCTGTTCGTGATCCTCATGGCGGACGTCGCCGTGACCCTCGCCGGCCTGATCAGCATGAACGGCAAACTCGGGCGTGCCGAGGAATATATCAAATCTGTGAAGAAAGAGCAGATTGCCAAAATGGACGTGCATATCACGGCCGCAGACGAGCGCATCGAACAGATCGAGCAGCATGCGGAAGGCGTGGCGAGCCGTGTGAAGGAATCTGTATACGAGCATGTGGGCGTGCATGTGGACGGCGCGCGCGAGCGGATGCGCGACGGCGAGCTCGCCGAGAAACTGCACGGCACCTTCAACTGGCAGCAGCGCAGGCTCCTCGACGCCTACCCAGAGATGAAACCGGAGCACGGCAGGTCGGTGATCGGCGAAATCCGCGCGCAACTTGCGAAATACGGCAGGAAACATAACGCGTGACGTGGGGGCATAGGATGGGTCTGGGAATCTACGGATAATCTACGGCATAGCGAAAGGCTTGGCATGATCAACGAGAAGTACAAGGCAATGTTGGGTGAGAAGTCGGTGATCCGCATGATCTCGGAGCGGGCGGCGGCGCGGCGCGCGGAGATCGGCGCCGACGAGGTGTTCGACTTCTCAATCGGCAACCCGAGCGTACCGTGCACGCCGGCGTTCACGAACGCGGTGATCGACCTGTACGAGAACGAGGCGCCGAGCGCGCTGCACGGCTATAGCCCGTCGGTGGGCATCACATCGTTCCGCGGCGCCGTGGCGGACTCGCTCAACCGCCGCTTCGGCATGGACTACACCGAGCAGCACATCTTCCCCACGTCGGGCGCCACCGGCTCGCTCGCGCACGCATTCCGCGCGGTGACCAAGCCGGGCGACGAAGTGCTCACGTTCGCGCCGTTCTTCCCCGAATACATCCCGTACGTGGAGGGCACGGGCGCCACACTCACCGTGGTGCCGCCCGACACCACTGCATTCCAGATTGATTTCGAGGCATTCGAGCGTGCGCTCAACCCGAACGTGGCGGTCGTGCTTATCAACACGCCGAACAATCCGTCGGGCGCGGCGTACTCGGCGGCCACGCTGGAGCGTCTGGCCGGCATTCTGCGCGACAAGCAGACCGAATACGGCCACGACATCTTCATCGTGAGCGACGAGCCATACCGCGAGATCATGTTCGACGGTGCTGCGCAGGCATACCCGGCGAAGTTCTACGACAATACGCTCACCTGCTACTCGTTCTCGAAATCACTCTCGCTGCCGGGCGAGCGCATCGGCT
CP180384.1_gap7	325779	326600	821	ACCTACCGCGCGCAGTGAGAGTGCAGTGAGGGCGCGGGTGGGCGTCAGTCTTCGAGTTTGCGCGGATGCTCGCCGGAGACCTCCCAGCCGAGCGACATGAGCGTCTTGCGGTCCTGCTTGTCGAGCGCGTGGCAGTCGAGCCGCGCAATGAGGTCGGGGCGCAGTCGGGACGTTTTCTCGAGGGCCTCGTCGCGGCGGAATCTGTTCACCCTGCCGTGATCGCCGGAGATGAGCACCGGCGGCACGTCGATTCCGCGCCAGCTCGCCGGTTTCGTGTACTGATTGTGCTCGAGCAGTGCGTTCTCGCCGGTGTATGATTCCTCGACAATCGAGTCGGCGTTTCCCATGAAACCGGGCAGCAGGCGCGTGATCGCCTCGAGCATCACCGAGACGGCGACCTCGCCGCCGTTGAGCACATAGTCGCCGATCGAATATTCGCGCACGTCGACGCCGCGTTCGCGATAATACTGCGGGATGCGCGCGTCGTAGCCCTCGTAGCGGCCGCAGCCGAACACGAGGTGTTCGGCGTGCGACAGCGCGGTCGCGTCCTGCTGCGTGAACAGCGGGGCGGACGGGTTCGGGAAGATCAGCACGGGGGAGTCGGCGGCCGGGGCGGCGTGCGCGTTCGCGGGAGCGTCGGCCGGGATGCCGAGCAGCTCGTCGAGGCATTCCGCCCACACCTCGGGTTTCATCACCATGCCCGCGCCACCGCCCACCGGGGTGTCGTCGACGGACTGATGCACATCGTGCGTCCACTGCCGCAGATTATGCGAGCGCACGGCGAGCAGACCCCTCTCCTGCGCTTTGCCGAGCAGACTGAG
CP180384.1_gap8	335157	338332	3175	CTCGCCGGCAAACTCGGCTACTGGCTCAAGGATTCCGGCCACACGCCGCTGCTCGTGGCGGCAGATTTGCAGCGCCCGAACGCGGTGACGCAGCTCGAGGTGGTGGGCGAGCGCGCCGGCGTGCCCGTGTATGCGCCGGAGAAGGGCGTGCAGTCCGCGGGCGGCGATGCGGTGTCGGCACCTGGCGAGACCACCGGCGACCCGGTGAAGGTGGCGCGCGACTCGATTGAATACGCGCGGCAGAAAATGTACGACACGGTGATCATCGATACCGCCGGCCGTTTGGGTGTTGATGAGACGCTCATGCAGCAGGCGCGCGATATTCGCGACGCCGTGCAGCCGAACGAAGTGCTGTTCGTGATCGACGCGATGACCGGTCAGGACGCGGTGCGTACTGCGCAGGCCTTCGACGAGGGCGTGAACTTCACCGGCGTCGTGCTGTCGAAACTCGACGGCGACACCCGCGGCGGCGCGGCGCTCTCGGTTGCCTCGGTGACCGGCAAGCCGATCCTGTTCGCGTCGAACGGCGAGGGGCTCAAGGACTTCGAGGTGTTCCACCCGGACCGCATGGCCTCGCGAATCCTCGACATGGGCGACATTCTCACGCTCATCGAGCAGGCACAGCGCGAGTTCGACGAGGAGGAGACCCGCAAGGCCGCCGCGAAGATGGCGGAAGGCGAGTTCGGGCTCGACGACTTCCTCGCCCAGCTGCAGCAGGTGCGCAAGCTCGGCTCGATGAAGTCGCTGCTCGGTATGATCCCCGGCATGGCACAGCATCGCAAGGAACTGGAGATGTTCGACGAGCGCGAGGTGGACCGTACCGAGGCGATCATCCGCTCGATGACGCCCGAGGAACGCCGCAATCCGAAGATCATCGACGGGTCGCGCCGCGCACGCATCGCCTACGGTTCCGGCGTCTCGGTCTCGGCCGTGAACGCGTTGCTGCAGCGGTTCGAGCAGGCGTCGAAGATGATGAAGCGCATGACCAACCGCGCCGGCATGGGCGGCGGCATGGCAGGCGGATTCGGAGGATTTGGCGGTCCCGGCGGCTCGAAGAAAGGCAAGAAAGGCAAGAAAGGCAAGAAGGGCGGCAAGTCCGGCAACCCGATGAAGCGCGAGGCCGAGGAGAAGGCATTGCGCGCCAAGCTCGCCGGCAAGTCGAACCCGGGCGGCTCGGCGTTCGCGAAGAAACCGCAGGCCAACGAACTGCCGGCCGGTTTGCAGGACATGCTCGGTGGCGCTGACGTTCCGTCGAACCTGGGCGGCGGACTCTCCGGTCTGCTCGGGTGAGCTCGGGCGGTTGGCGCGGCTGGGCGTGGCTGGGCGCCAGGTTCTTCACCAGGTTTTCCTCTGCGTAATTGGGGACAGATAGCGGGTCTATCTGTCCCTTTTTACGTCCCTTCTTGAGTTCATCGTGGCGCATTTGAATTGAGGTATCGCATAAGGCAACCATTGGCGGCTTCGCTGGTTGGGGTGAGGTTGGGATTGCAATGGCGACACGTGTAGCTTCCATATGGTGGTCGTCGTGAGATTGACGCTGCAAGTGTGGCATGCGGATCTGTCTGTAGTAGTCGTCGCGAGATTGAATTTGCAAGTGTGGCACGTCTGCGGGTCTCTTGGGTTGTCTGTTTTGCATTCCGAATCTCAGTAAGGTTCGTTGAGGCGCGCTCGGTGGTTTGGGTGAGGCTCGGCGTGCAAAGGTGGCGCGTGAATCTGTGCTGCGATGGTCGGTGTGAGGTCGAATCTGCAAACATGGCATGTTAGATGTCGCTTACTGGCTGGGTTGAGATTCGAGTTACAAACACGACATGTTTGCGAAGGGCCGAACATGCCGATCTGAGACCGCAATTGCAAACGCGACACGTGCAATGTCAAAAGTAAGACGACGTAAATAGGAATAGACAGAAAGATGTATCCGCCTCAATCTCCATGTGAAGATGGGCGGGCAGAGAAGAGAGAAATTTAGTATAAATAAGGGTGATGTTAGCGTAAAAAGAGATAGATGGAAGCGCGCAATGACCCTTTTTACTCAGGGAATGGGGCATGGGAGGGCATAGGGAATGGGTGCGTGGAGATTGGATGTAAATGGGGACAGATTGGCTCGCTATCTGTCCTTTTTTATGCAGAAATAAGATGCATGAGATGGCATCGGTATTAGCGTAAAAGGAGACATCTATAGGCTTCCTGCTGTCCCTTTTTGCAAAGAAGGCAAAGAAGTCCGCGCCCCCGGTGGGACTCGAACCCACACTGGGTGATCTGTCCCTTTTTACGCAGGAAATAGAACGCTGAATTTTTATACCGGGGATAGAGCGCTGAATTGGACGTAAATGGGGACAGTTAGAACCGCTATCTGTCCCCATTTACGCAAAGAAGTCCCTTTCGCAAAGGAACTTCATGTACGCAGAGGGGCTTTCCAGAGGGAGGGATGCGCAATCAGCGGGAGGGGGCGAGGGTCCAGGTGGAACCGGTGGGGCCGTCTTCGATTGTGATGCCGGCGGCGGCGAGAGCGTCGCGAATCTGGTCTGCCTTTGCGAAATCCTTGTTTTTACGGGCTTCGGCGCGGGCGGCGAGCTGCGCGTCGACGAGTTCGCCGAGTGTTTTGAGCGCGCTGGAGTCGCCGCCGGCCTCGTCGCCGCCGTCAATCCACGGACTGGCAAGCGGGTCGAGACCGAGCGTGTCGAGCATCGCGCGCACATTGACGAGCGCGGCACGCAATGCGGTGCGGTCCGCGTCGTCGGCGTTGCCCGCGAGGCGCGCAAGCAATGTGTTGCCCTCGCGAATCTGCGTGAAGATCGCTGCGGTGGCGCGCGACACATTCACGTCGTCGTTCATGGCGGCGACGAAATCCACGGGCAGATTGTCGGCCGAGACGCCGGTGATCTCGTCACGCGACGGCTGCTCACCGAGCGCGTCCGCGGCATGCCCGATGAAGTTCATGATGCGCTCGTATGCGGCCTCGGCTTCGGCGAGCGTCTGGTCGCTCCACTCGAGCATCGAGCGGTACTGCACGGAGCCGAGCGCATAGCGCACCACCCACGCGGAATGCTCGGCGAGCACGACCGGCACCGACAGGCCATTGCCGAGCGACTTGCTCATCTTCTCGCCCTTGGCGGTCACCCATGCCGAATGCATCCATCGGTTCGCCGTGCGGTAGCCGGCCGCGCGGGTCTGCGCC
CP180384.1_gap9	346104	348383	2279	AGCGCCTCGACGAGCAGATCGGTCTCCAATGTGGTGCCGAGCGCGGTGAACAGCTCCTGCATTGCCGATTCGCCGATTTCCTGCGTGCTTACACGAACACTCATAATGCTCCAGATTCCCTCGATTTGGCTTCCTTGCACAGTGTAGTCTGTGTGCCCTACGCGCGCCCTCCGTACAGGGAGAAGATTCCTTTGCGTAATCGGGGACGGTTTGACCGAATAATCTGTCCCTTTTTACGCAGGGCGGGAGATGCGGTGGGTATAAGAGATGCAGCGGGTATGAGACATGCAAGGTGAGGGGAATCTGCGTAAATGGGGACAGTTTGGGTGGGTATTTCGTCTCCGATTACGCAAGTAAAGCCGAAACAATCTGCGCGCATAAAAAAATCCCCGCCACCCGTCGATGGCAGGGATTTCGTGAAGTTCAACTCACTTGGTGTGGGCGGAACGGATCGCCTCGCGGTAGACGCGGCCGCGGTAGGAGCCGCAGCTCGGGCAGGCCACGTGAGCGAGCGTCGGAGCGCCGCAGTTCGGGCAAGTGATGGTCTGGGCAGCCTTGGCCTTCCAGGTGGAACGACGCGTACGCGTATTGGCGCGCGACATCTTGTACTTTGGCAGTGCCATTGTTTATCCTCTGTTTCGTTCGAACATATGAGCTTAAGCGTTCAGAATCTTAACGCATATGCTGTACAAACGCGCGTCTCACTCGCCCTGCTCGCGTTCGAGCTGCTCTTTGAGCGCCTCCAGATCGGCGAAACGCAGGTCGGTCACCTCATGCACATGCTCGGGACTCTCGTTGAGATCGAGACCGCACTGCGGGCACAGACCCTTGCAATCCGGCTTGCAGAGCGGATTGAGCGGCAACGCGCTCACGAAGGTGTCACGCAGCAGCGGCTCGATGTTCGCGAACGCGCCGTTGTCGATGAGCGGGTACGTGTCGCCCGACTCCTCCTCGCCGGCGATGATCTCCACATCTTCGTTCTTGGTCTTGCCGGCATCGGCATCCTCATACGGGAAGAACGCGGTGACCTGCTCGCTCCAGTCCCCGCTCAGATCCCTGTCGCAGCGCGCGCACACCGCAGTGACCGGCGCCGTGAACGTGCCGGTGAAAATGAGACCATCGATAATCGAGTCGAACTGGCCGTTCACATGGATCGGTTCGCCTTCCTTGACGCCCACGATCGAGTCGCCGATGCCGCCGGGTGCCGGGAAATCACGGTCGACCTGCATGGTCTGGCCCGCGCGCGAGCCGACCTGGGCCACCGGAACCGTCCAATCTGTGTATTCAATACGTGCCATTCGCCTGTTCCACCTTGCTTGGATTGCTTGATACGCTCAGTCAACCCGCGCCGCCGTGTCGCTATTCCGCGTGACGCGAACGGGTCAGTCCTGCGGATAGTCGGATTCCTCGGCGTGCGGGAGCTCCTCGCGCGCCTTTGCCTCGCGCTCCTCGAGCACGTTCAGGCCGCCTTCGACGTCGCGCGTCATCTTGCCGAGCTGACTGTGCAACTCGTTCATGATCTTGATGCAGTACTGGTCGGCGCCCGAGGTAAGACGGTCGCTCGCGGCCTGCGCCTTGTCGATCATCGTCTTCGCCTTCTGACGCGCGATCTCGGTCACCTTCTCCTGGGAGGCGAGATAGTCCGCGCGCTCGTTCGCATCGCGAATGATGTTCGCCGCTCGCGCCTGCGCGGTGGAGATGATCACGTTCGCCTGCGAATTCGCGTTCGCGAGTCTGCCCTCCGCCTCGCGCATCAGCGCGCTCGCACGCTCGAGCTGCACGGGCAGCTTGGTTTTGAGATCCTCGAGCTTGTCGAGGAAATCGTCACGGTCAATCTTCACGCTGGACGGGGAGAACATGGACCCCTTGGCACTCGTGATCATCTCCTCGAGCGAGTCGATGATGTCGTACACCGTGGTGAACTCGGCCTTGCGCAGCGCATCCGGGTCGGGGGCGTTGTCGCGCAGATCCGGCAGATCGTCCATGTTGAACGCGGGTCTGCGGGCGGAGGAGTCCTGCGGTGGTTGCGGGGCGTCGTTGCCGCCGTCGTGAATGGTCTGCGTGCTCGAATCGTTCTGAGTCATGCTCTCTCCTCTCAACGCGGGCGCATACCCATAGGTCCGCGGTCGCGCTACTAACGCAGCGCCTTCTCTAATAATGGCACAACATAGTCTGGAACCATGCCGGTGATGTCACCGCCATGACGTGCGACGTCCTTCACCACGGAGCTCGAGATGTGTTCCAGAACGGGATTGGCAGGCAGGAACATCGTCTCCACA
CP180384.1_gap10	365710	367572	1862	ATGCGATGAGCGGCATCACGATGTTCTTGAGCGCCGCCACCGTCCAGATCGCCGGCAGATTCGACTTGTTCTGCATCGGCTTCGTGCCGTGCAGCGACATGCCGAATGCCATGAGGATCATCGGCACCGCGGAATCTCCAATCATGTCGATCGGGTCGAACAGGAAGTTCGGCACAATGAAATGGCCCACCTTCGACGAGACGACCGAGACGATGATGCCGAGCACGGTGCCGATGAGCAATGGCTGGTGCAACGGCTGCTTGAGCACCTGCTTCACCGAGAACTTGCCCTTGGTGGTCACGTCGAGCACGGTGAGTCCGACCGGCGTGAACAGCGCCTGCTGCATGACGAGAATGGGCGCGACGAGCGCCGGGTTGCCGAGAATGTACGTGGCGATGGGCAGGCCGATGTTGTTCGAATTCAAATACAGCGAGTTAAGCACGCCGATCGTGGCATCCGGTGCCTTGAGGTGGAAGAACAATCTGTTGAGCACGAGGAAGACGAGTCCGACGCCGACCGCCGAGCAGAACGCGACGATGATCGTGGAATCGAACAGATGTGTGATGTTCTCCTGCGCCAGAATGGCGAACATGAGGCACGGGCTCGCAATGAAGAAGCTCAGGCGATTGAACACATACTGTGCCTGGGCGCCGCCGATCTGCAGACGCGCGGCCGCATAGCCGGCCGCGATCACGATGCCGATGACGCAGAATCCCTCCATTGCGCTGATGAGGCCGCCCATGCTTCTCCCTTGCTCCGCGTTCCTGCTCTGCCGAGTGCAAGTATATGCACGCACATGCATTTCATGCGGGCAGATTTCATTTGCATGCAGGCGCGCGGAATCTGGCTGGCGCATCGCAGATGCATTTGGAATGCATGCGCCCGCATGCGCGCGGCACTGGTAGAGTGTTGGCGAATGGACCGCGCGAGTGCGCGGCAGGCGTTTGGAGGGACTATGCAAGACGTGATCGATCGCGCGGGGGAGCCGCTCAAGCTGACGGTGGACGCCGGTGTGGGCGAGCAGGCCGCGCTCACCGACCTGTGCATGCAGGTGATGCGCGTGTACTCGGTGAGCGACGACGAGACGCATCTGACCGACATGACCGAGGCGTTCCTTCGCACGCTGCCGCATCTGGACGTGCAGCGGCATGGCGACACGCTCGTCGCGCGCACGAATCTCGGCCGTGACAGGCGCGTGGTGCTCGCCGGCCATCTCGATGTGGTGCCGGTGATCGACAACTTCCCGCCGAAACTGCTCGAACCCGGAGACCCGCTCATTCTGCCGGGCGTCGCGGAGGCGCACCCGGGCGAACGCGTGGTGTGGGGACGTGGCGCCACCGACATGAAATCGTCGGACGCCGTGCTGCTTTACCTTGCCGCGACGCTGACGAACCCGAAATACGATCTGACTTACGTGTTCTACGACCACGAGGAGGTGGCCGCCGAGAAGAACGGCCTGCGCAAGGTCGCCGAAGCGCACCCGGACTGGATCGCCGGCGATTTCGCGATCATAGGCGAGCCCACCTCATGCGGCATTGAAGGCGGCTGCAACGGCACGATCCGCTTCGACGTGGTCACGCACGGCATAGCCGCACATTCCGCACGCGCGTGGATGGGCCACAACGCCATCCACGACGCCGCCGAGATTCTGCGCCGTCTGAACGAGCATACGGACGCCACTGTGAGCGTGGACGGTCTCGTCTACCGCGAAGGGCTCAACGCGACGCTGATCAGCGGCGGCAAGGGCACCAATGTGATCCCCGATGAATGCCGCGTGCACGTCAACTACCGTTTCGCTCCCGACAAATCGCTCGCCGAGGCGAAGGCGCTGATGATGGGCGCAGACTGCGGTGCCGAACTCG
CP180384.1_gap11	373893	378015	4122	GGACTACCCGTTCACCACGCTCGTGCCGAATCTGGGCGTCGTGCAGGCCGGCGACATGCGCTACACCATCGCCGACGTTCCCGGGCTCATTCCGGGAGCCTCGCAGGGCAAGGGCCTGGGACTGACGTTTCTGCGGCATATCGAACGCACCGAGATCATTGCGCATGTGATCGACTGCGTGACGATCGATCCGGATCGCGACCCGCTCTCGGACTACTACGCGCTCGAAAAGGAGCTCGGCGAATACGCGGACGACCTCGATCTGCCGCTCGGCGCGATTCCGATTCCCGAACGCCCGCGCGTGATCATCCTCAACAAGATCGACGTGCCCGACGCCAAGGAGCTCGCCGATTTCGTGCGGCCGGAATTCGAGAAGCTCGATCTGCCGGTCTATGAGATCTCCACGGCCTCGCATGCCGGTTTGAAGGAGCTCAACTTCGCGTTGGCCAAGCTCGTGAAGGAGATGCGCGCGCAGATTGCCGAGCGCGAGGAGAGCGTCGACGAGGAGCGCGTGGTGATCAAGCCGCTCGAGGAACCGGGCACGCAGCGCCGCAATGGGCGCAATGCGCAGGTGCGCGAATTCGAGATCGAACGCGAAGACGATGGCCATGGCAACTTCTGGTTCACCGTGACCGGCGTGAAACCCGAACGCTGGGTGAGGCAGACGAACTTCGACAACGACGAGGCCGTGGGGTACCTGGCCGACCGTCTCGCCAAGCTCGGTGTGGAGGACTCGCTGCGCAAGCACGGCGCCCATGCCGGCGACGAGGTGCGCATCGGTCGCGGGGAGCGTGCCGTCGCCTTCGACTGGGATCCGACGATTGCCGCCGGAGCCGAGATGCTCGACGGCACCCAGCTCGGCTCCCGTGGCAAGGACCTGCGTTTGGAGGAGGAGGACGGTCGCAAACGCCGCCGCACCAACTCCGAGCGCCGCCGCGAATACCATGAGATGATGGATGCTCGCGCCGCCGTGCGCGCCGCCATGCAGGCCGAGCGCGCCGCAGGGCATTGGGCGGATCCGTCGATCGACGACGACAGGCACGATGAGCAGTCGTTGTTCGGCCGTGGCGAGGTGGAGGAATACGAGGATGAGCCCGGCGCTGACGGGTCGCGTCAGCTGGACTGAGATCCGGCACGGTAGAGGAAACAGCAGCGAGAAGGACCGAGAAGAACAGTGAGTGGAGCTATGCAGACCCCGTCCCAGGAGGAAGTACGCCGGGCGGTGGCAGCCGCGCGAACCGTGGTGGTGAAGGTGGGGTCGAGCTCGCTCACGCAGCCGTCCGGGCACTTGGACGTAGACAAGCTCAATGCGCTGGTGGGCGCGATCGCGCAGGTGCGCATGCTCGGCGGCAACATCGTGCTCGTCTCGTCCGGCGCCATCGCCGCGGGTTTCGGTCCGCTCGGCTTCGAATCGCGCCCCACCGATGTGGCCACACAGCAGGCGACCGCGTCGGTGGGGCAGGGGCTGCTCATGGCCCAGTACGAGATGGCGTTCGGCCGCTACGGCATTCGCGTGGGCCAGCTGCTCATCACCGCCGAAGACACGATGCAGCCACGGCAGTACCGCAATGCGCGGCGCACCATGGCCAAGCTGCTCGAACTCGGTGTGGTGCCGATAGTCAACGAGAACGATGCGCTTGCCAGCAACGAGATCCGTTTCGGCGACAACGACCGGCTTTCCGCGCTCATCGCGAACATGGTGCGTGCCGACGCGCTGATTCTGCTCACCGATGTCGACGCGCTCTACACCGCACCCCCAAGCGAACCGGGCTCCCATAGAATCGGCTTCGTGCCGAACATCACCGAACTGCTCGATCAGGTGCGTGTGGGCGGTTCAGAGTCGGGCGTGGGCACCGGCGGTATGGTCACGAAGCTCGAGGCCGCGCGCATGGCCGCCGTCTCCGGCATTCCGGCCGTGCTCACCGCCGCCCGCAACGCCGGTCCGGCACTCATGGGCGATGAGGTGGGCACGGCATTCGCTCCGGTGAAGCAACGCGGTTCGGCGCGCAGGTTGTGGATCAAATTCGCGGCCCATCCGCGTGGAGTGCTCGTGGCCGATTCCGGCGCGGCCAAGGCGGTGCGCGGCGGACGGGCGAGTCTGCTTGCTGCGGGTGTGCTCGAATCGCGTGGTGATTTCGCCGCCGGCGACCCGGTGTGGATCGACGACGAGGCGGGCAATCATCTGGCGCGCGGCCTTGCCGGTTACGATTCCGAGGAGATTCCGAATATGCTCGGACGCAACACCGCACAGCTGCGCCGCCTGCTTGGCGAGGAATATGCGCACCCGCTCGTGCACCGCGACAATCTCGTGCTCGTGTGATTGCCGGCCTGGTGCCTCGCGGGCAGATTCCGGCCATTGCGGCCGTCTCATATGCCGGCGCATCGGTCTTGCACCGGGGGCATGTTGTTAGTGTTTGGCAGTAGCATGGAGCCATGCCTACAGATCAGACGAGACTCCCACTTTCCAACCGCATCGACAAGGTCGCGCCGAGCGCCACTCTGGCCGTCGACATGAAGGCCAAGGCCATGAAGGCGCAGGGCATTGACATCATCGGCTTCGGTGTTGGCGAACCGAACTTCGCCACCCCCGAGGCGATTGTGGAGGCTGCGGCGGCGGCTGTGGTGAACCCGGCGAACTACAAGTACTCGCCCACACCGGGTCTGCCGGAACTGCGCCAGGCCATTGCCAGCAAGACGCTGCGTGATTCCGGCTACGAGGTGGAGCCGGAACAGGTGGTGGTGACCAACGGCGGCAAGCAGGCCGTGTACGAGGCGTTCCAGCTCATCGTCAACGATGGCGACGAGGTGATTATTCCGTCGCCGTATTGGACGAGCTACCCGGAGATGGTCAAGCTCGCCGGAGGCAAGCCGGTGGAGGTGTTCGCCGGTGCCGACGTGAACTACGAGCCGAATCTGGATGATATCGAAGCGGCGCGCACCGATCGCACGAAGGCGATCATTGTGACGAGCCCGAATAACCCGACCGGTGCCGTGTGGAGCGAGCGGACGATTCGCGACATCGCCGAATGGGCACTCGACCACAACATCTGGGTGATCAGCGACGAGATTTACGAGCACCTCACCTATGACGGCGTGAAGACCACGCACATCGGCGCCGCCGTGCCGCAGATTCGCGAACAGCTGATCGTGCTCGACGGCGTGGCCAAGACCTACGCGATGCCGGGTTGGCGTGTCGGTTGGATGGTCGCCCCGCTCGCCGTGGCCAAGGCCGCGTCCAAGCTGCAGGGGCATATGACCTCCAATGTGAACAACATCGCCCAGCGTGCCGCCATCGAGGCCGTGAGCGGCCCGCTCGACGCCGTGGCCATGATGCGCGATGCGTTCAATGTGCGCCGGCTGGCCATAGTCGCCGCGCTCAACGACATCAACGGCGTGCATTGCCCGATGCCGGAGGGCGCGTTCTACGCGTTCCCGAACGTCGAGGGGCTGCTGAACCGACCGATGGGTCCGAACGGCACGACGTTCACCACCTCCGCCGAGCTTGCCGAGGCATTGCTCGAGGAGGGCCATGTGGCGGCCGTTCCCGGCGAGGCGTTCGGCGCCCCCGGTTACATGCGCTTCTCCTACGCGGTGGCCGACGAGGAGATTACCGAGGGCATGCGCCGATTCAAGGAGTGGGCCGAGGCCTGAGCGACGTGGCCGGAGCCGTTTGCATGCAGCCTAAAATGTGTGCAAACGGCAAAGGCGGCACGCGCGAGTGGACTTCGTCGGAGCAATCCGCTACTATTTCCTCTTGGCGGTTTCACCGGCTCGGCGACGAGCTGATGGAAACACTTAGGGAAGTGGCGCAATTGGTAGCGCAACGGTCTCCAAAACCGTAGGTTGTGGGTTCGAGTCCCGCCTTCCCTGCAAAGGAACCCGAGTAAGTTCATATGAAGCCAATGGAGGGTGTATGGCACGCAAGACCGATCACGGTGAGGAAGTCATCAAGCCGAATGTGTTCATGCGCATTGGCCTGTTCATCAAGCAGATTATCGACGAACTGCGCAAGGTGGTCACCCCGACCCGCAAGCAGCTGTTCTACTGGTCGCTCGCCGTGTTCATCTTCGTCGCATTGCTCATGGTGTTCGTCACCGCAATGGACTTCGGACTCGGCAAGCT
CP180384.1_gap12	422068	426698	4630	ACTGGCGAGCCATTGCGCACGCGCGCTCCGTCAAGGCGCGTCCCGAGCTCGCGCTGACCGCCGAGCAGGCGCGTGAACGGCTCGCGCAGCAGCAGAAGCGCGAATCTGAAACCAGTAAGGAGAACGGCAAAGAGCACAAGGACTCGAGCGGCAAGCCGAATGCGCAGGCCAAGCCCAAAGTGGCGCCGCCGGTGGTCAAGGCGCTCAAGGTGCCGGCGAATCTGGAGCCGCAGCGTTGGGCGTGCGACCGCAAGGCAATGGTCTGCCAGGCGAAGGTGCTCATGATCGGCGACTCGGTGACCGAAGGGGTTTCCGACACGCTTCGTGAGCATTTCCCGAACGCGACGATCGACGGTGCGGTGAGTCGCCAATTCGACCAAGGCGTGCAGATCCTGCGTGACGATCTCGCACGCGGCATGGATCCGCAGGTCATCGTGTTCGCACTCGGCACGAACGGTCCGGTGAGCGAGCAGATGGCGCAGCAGGTGATTGACCTCGCGGGCGGCAGACCGCTGTATTTCGCGACGACGCGCGCGCCGGTCGACTGGGTGCCCGGCAACAACGCCACGTTCATCGGCATGGCGGAACGAAACCCGAATGTGGGCATCATCGACTGGTCGGGCACGTCACAGGGGCGCGACGACTACCTGTACGACGACGGCATTCACCCCAACCAACTCGGCATGCAGGCGTATTTGCAGATGTTCCTCAACGCGTTCTGCGCATGAGCGCGCGCCGCCATTCGGCACGCCCGCGCATTCCCCGCGGATTTGCTATATTGTGGCACAGTGAGGAGGAACATGAGCGAGAATCCGTACGAGCCGATGTCCAAGGAGCAGAAGGACGCCATAGTGCAAGGGAACGGCCTCACCTACACGCATGAGCAGATGCGCCAGGTGCAGCACGCCATCGCCGCAGGCAAGAATCCGCTGGTGGTGCTCGAGAATGTGCCCAGATGGGAAGACATGGCCGGCGTGGACCGCATCATCAACCGACGCGTGCTCGAACTCGACCCGTTGCCCACACCGGCGCAGGTGCTCGCGGAACTGCCGCTCACCCGGCAGATGCAAGACATCGTCGCCTATTCGCGAGACGAGGTGCGCGCCTGCCTGTACGGCCAGGACGACCGTCTGCTGGTGATCGTGGGCCCGTGCTCGGTACACGACCCGAAGGCCGCGCTCGACTATGCGCACCGTCTGCGCACGCTCAAGGATGAACTCGGGGAGGACCTGCTCATCGTCATGCGCGTGTACTTCGAGAAACCGCGCACCACGGTGGGATGGAAGGGGCTGATCAACGACCCTGACATCGACGGCTCGCACAACATTCAGAAAGGGCTGCTGCTCGCCCGACGCACCTTGCTCGATGTGCTTGGCGCGGGCGTGGCCACGGCCACCGAGTTCCTCGAACCGACCAGTCCGCAGTATATCGCCGACGCGGTCAGCTGGGGAGCCATAGGCGCGCGCAACACGGAAAGCCAGGTGCACCGCCAGCTGGCCAGCGGCATGAGCATGCCGATCGGCTTCAAGAACGCGACCGACGGCTCGGTGAAAGCCGCCGTCAACAGTTGCATTGCAGCCGAGGACCAGCACACGTTCTTCGGCATCGACCACCGCGGGCGAGCCTGCGCCGTCGAGACCCTCGGCAATCCGGACTGCCATGTGGTGCTGCGCGGTTCCAGCTCCGGCCCGAACTACGACGCCGAATCGGTGGCGCAGGCGCTCGCCTCCATTCGCGACAAGATGGGCGACGAGGCGGCCGCCTCGCATGGGCTCGTCATCGACTGCTCGCATGGCAACTCCGGCAAGGACGACGTGCGGCAGGCGCAGGTGGTGCGCGAGATCGCCGAACGCATCGCAGGCGGCGAGCGGGGCATCAGCGGTGTGATGATGGAGAGTTTCATCGTGGGGGGCAATCAGGCGCCGGCACCGCTCGCCGAACTCACCTATGGCCAGTCGATCACCGACAAGTGCCTGAGCTGGCCGGTCACCGACGAGCTGCTGCACACGCTCGCCGATGCCGTGCGCACCCGCCGCTGGAACCGCTGACGCAGCCGCCCGCGTTCCAACCGCGGAGTATATTCGGGTGATATCGATTGCCGTATGCGCTTGCAGCGAAGGAGAACCATGCAGACCGTCGCCATCATTTCCGCCCTCGACGAGGAAGCCGCACATATCGCGGACTCGCTTGACAACATGACCGTGACCGAGCGTGCGAGCCTCAGTGTCGCCCGGGGCACGTTGACGACCGATGCGGGGGAGGAACTCGACGTCGCCGTGACCGTGGGCGGCATGGGTTTGGTGAACGCGGCCGCCACCACGCAGTTCCTCATTGACCTGGTGCATCCCGAGGCCGTGATCTTCTCCGGCATCGCCGGCAACCTCAACAAGAGCCTGCACATCAACGACATTGTGCTCGGCAAGACGCTGCGCTACCTCGACACCGACATGCGCCTGGTGGGCCAGTGGAAGCCGGGCACCAGCGAGTTCCATTCCGACCCGGCACTGCTTCAGATCGCCGAGGGCGCCCTTGACGAGATGGGCATCAACCACATCCAGGGCACCATCGCCTCCGGCAACTACTTTGTCGACACGCCGCAGAAGGTGAGCCAGGTCATCGAACAGACGCATGCGGACGCCGTCGAGATGGAAGGCGCGGCCGTTGCCCATGTGGCCGCGCGCAACGACGTGCCGGCGCTCGTCATCCGCGCCATGAGTGACTCTGCCGACACCGACTACGAGGAGTTCAAGGACTTCGACATCTCCGAATACGCCGATACGGCGGCCCGTCTCGTTGTGCGGATTCTGCGCGGGATGTGAATGGGGCACCGGTTCGCGATGGAAGGGCGTCATGACACCAGGTGAGATTGCCATGGCGATTGCCATGGGCGTGCTGCTCATAGCTGGGGGCTATGCCATCGCCTACCGTGCCGGTCGCAACCGGGAGCGCGAGCGGGAGCCCAGTGAGGCCGCGTTGTTCGCCGGGCATGCCGATGCCGATGCCGTGGATGGCGAACGCCGCATGCTTGCGATGCTCGAGGAGGCCGTCATCGTCACCGATTCCAGCGCCAATGTGCTCGTCGCGAATGAGGCGGCCATTGAACGTGGCCTGAGCGTGGACGGTCTGATCGTGGACGCCGGCATTCGCGATCTCGTGCAGGAGGCGGCGCAATCCGACGCGGCGGTGGAACGGGAGCTCGAACTCGCCCGAGATTCGCAGCGGCTGCATGTGGCCGTGACCGCGCAGTGCACGGCCGACGATCGGGTGACGGTGGTCTGTGCCGACACCGGGTACCGACGCAGCGTGGACCGCGTACGGCGTGATTTCGTGACCAATGTGTCGCATGAGCTCAAAACGCCGGTCGGCGCGATCATGCTGCTGGCCGAGACGATTGACGATGCCGGCGACGACGTCGACATGATCCGCCATTTCGCCGCGAGAATCGGTGTCGAGGCGAAACGGCTCGACGGCCTCGTGCGCAGACTCATCGAACTCGGCCGCATGCACGGCGATCGGGCCACGACGCGACGCACGGTGGATGCGCGGGAACTCGTACGGCAGGCGATCATCGACACCGAGGTCACCGCAGGGGCACGCCATACCATGGTGCGCATGCGCGATGACGCCGGCGAGAATCATCCGCTGCCGGTGACGGTCGATGCGGCGGCGGTGCATATCGCGCTCAAGAACCTCGTGGAGAATGCGATCAACTACTCACCCGAACATGCCGAGGTCACTGTGGAGGTCTCCCGCGGGGAAGACCAGGCTCGCATTCGCGTCGTCGATCACGGCATCGGCATACCCCGGCAACTGCAGGGCCGCATTTTCGAACGGTTCTACCGGGTGGACCCGGCGCGCTCGCGGCTGACGGGCGGCACCGGGCTTGGTCTGTCAATAGCCAGCCATCACATTCTGGCCAATCAGGGCAAACTCGAGGTATGGTCGAAACCAGGGGAGGGGTCCACATTCACGGTAATGTTGCCGTTGGCGATGCGAGACGATGACACCCCATGCAATCGGGATGCGGATGCCGAGGGCGATCCGGACGGAACAGGCAAGGAGGCCGACAGATGACGCGCATTCTCGTGGTGGAAGACGAACCTTCCTACCTCGACCCATTGCTCTACCAGCTCACCCGTGAGGGGTACGAGGCCCATGGAGCCGCCACCGGGGAGGAGGCGTGGGAGCTGTATGAGGAGATGGAGTTCGACCTCGTGTTGCTCGACCTCATGCTGCCCGGCATCTCAGGCACCACACTCTGCAGGCGCATGCACGAGCTGCGCCGTGTGCCGATCATCATGGTGACAGCGAAATCAACCGAGAATGATGTGATCGTAGGGCTCGAAATCGGTGCCGACGACTATGTGACCAAACCGTACTCCTTCCGCGAACTGCTCGCCAGGATCCATGCGGTGTTGCGTCGCAGTCTCGAGCCACGGGCTTCTGGAACACCCGGAGGGAACGATGAGACGCTTACATGCGGGCCCATCGAGATGTCGGTGGCCTCGCACGAAGTGCGCATTCACGGTGAACTGACCCAGTTCCCGCTCAAGGAATTCGAGGTGCTCGAATACCTGATGCGCAATAAGGGCCGCGTGCTCACCAGACAGCAGCTGATCGGCCGCGTCTG
CP180384.1_gap13	557650	560468	2818	ACCGGCTCAGCGACGAGGGACGCCGCTTCAACGATGCATTCCAGGTAATGTATGCCCCGCAGAGCCGCGAGGAGCTCAATGAGGCGCTGCAAGACATCTCGAACAGCGAATGGCTGCATGGCGAGGCCGACGACCTCATGAGCGTGGTCAATCGGGAGTTCGAAGACATCTACGACGGCATAGACGATGTGCGTCACCAGATTCGTGTGACCGACGAAAGCGTGAAGCTTCTGGTGAGGCAGCAGACCGACATGCAGTTCCGCACGATGTCTCGTCAGCTCGCGAAGCTGTTCACCCAGTTGGGTGAGTCGGTGCATGCGAAAGGCCGCTACGACATTGGCACGGCGACCACCTCGTTGCTCACATTGCCGACCCGTGCGCGTGAAACACCCGTGAAAACCGCGGCTCCCGAACTGCAGATGCAGGCGGACGACGGCATCGCACAGGTCGATCTCAATGGCATCGTTGCGGCCGGCGGCCCACGCATCCACCATATGATCGAATTGGTGGCCGCGCACCCGGTGCTCATCGACGATGCCGGCGATGCGCTCGCCGATTCCGTTGTCGACATCGCAGCCAGTTTCAACGAACTTCCCGCCGACGAACGCCGTGAGAGCGAAATCGTGGGCTTCCTGAGTTATCTGGGTTCCGCGTCGCCTGCCGGTGCCGCTGGCAATAGCGATGGCGGCCAGATTCCCGTGCCCCGCGAGAGTCTATGGCATTGCGTGACCACCGACGGTCGGACTCGCGTATGGCGCACCTGCGCGCTGTTCGTGCCCGGGCAGGTGCTGAAGGATTTTCTCGACGATACCATGGTGGAGGACTGATATGGCGATGGACGACAGCACCGGGCAGGGAATTGCCGGCGATGCCAATCTGGGCATGGTCTCGAAGGTGCTCAGTGCCGAGTATGAGGAAGGTGTGGCCGACGAGGCCGGCATGGCCGATCTGGCCAATGTGCACGCACTGTTCGATGGTGACATCGGCGACATGCCCGCACCCGCCCGTGAGGCTGCGATTGCGCTGAAACGCAACAGGTCGATCAGCGGCGACATGTACCACCAGGCACTCGACTATATGGAACACGTGCGGCGTTCGCTCAACAACGACATGCTCGTGCCGGTCATCGACACCTACTATGAGGTGATGTATGCGGAGCCGATCACCGCCGATGAATACGGCATACGATCGCTCAAGACCCGTGCCAGCCTGAGTGCCCGTGAGGCGGTGATGCTGGCCGCGCTGCGGCGCAAGGTGCTCGACTACGAGAATGTGGGCGCCGCGGCCGCCGATTGGCTCATTTCGAAGGAGGAGATCGTCAACACGATGTCCACCGGCGCGGGCCCGCTTGCCGGCCGCAATTCGGAGGAGGCGGTGCAGGCGCAGGTGGACCGCCTGATCGGCAGTGCGAAGAACAACGGCTTCCTGGCGCCTGTCGAAGATGACGAAGGCATGTATGTGATCACCAAACTCGTGCCCGTGGTGCTCAATCCGGAGCGCATCGCCGCATGGCTCGGCGCGGACGACGCATCGACCGCACAGCCCGAACCGGATGGAACAGGTGACGATTCCGACGGCTCCGGGCATACCGGCCAAGACGAACACCCCGAAGATGACGATATGGAGGCGCTGTTTTGAGCGAGACTTCCGACATCTATGCCTCGATTGAACTCATGCCGCCGCATTGGGCGCTTGCCTCGCGGCAATTGGTGAATTGGGGTTCCTACGACGGCTACCATGTATTCGAGCCTTCCACCGCCGGAAACGATACGGTGACGTTGCTCACCGGCCAGAGCGAATCGGGAAAATCCACACTCGTCGATGCGCAGGTCTCGTTGCTCTACCCGGCGAATGCCGCATTCAACAAGGCCTCGAACGCCGGACGCTCCGATCGCAGCGACTACTCATACCTGTTGGGGCTGAGGGGAATCCGCAACAACAACGGGCACGACGAACCGGTCTACCTGCGCGGGCGCAGCGGGAACGGGGAGCCGTACGCGGTATGGGGTGCGATCGTCGACCACTATGTCGACACCGCCAACAGCGGCGCGTTATGGATTGCCAAGTTCATGTATCTGCCTGCGGACGGCGCGCCGGAGAGCATGGTGAAGCTCTACGTGGTCTCCGGCTATGCAATCGACCCGCGGCTCATGGATGCACATCGCGAGGAGCGCTTCTCGGTACCGCTTATCAAGCAGGTGTACCCAGGTGTCACCGTGTATAACTACGCGAAGCAGTTCCACGAAGACATCTGGAAACGATTCGGCCTCACTGAGTCCGCGTGCCGTCTGCTTCACCGCATGCAGGCCTCCGACGCGCCCTCCCAGCTCGATGACATCTTCCGCAAAGGTGTGCTCAATGAGCCGCGCGCCGTTGAGTTCGGCAAGCTCGCCATCGATGATTACGAACAGTTCGCCGAGAATTTCTCGAGTATGGAGCGTACGCGCAAGCGAGTGCGGCAGCTGGAGGCGATTGCCTCCGAGTTCGCCGAGTATGAGTCCGCCGAACGCGGTGTGCGCGAGCTTTCCACCATCGCCCCCGAGCAGGGCGATAGCGCACGGATTCGCACCCAATGGCTTGACGATCGCATTCATGCCGACATCACCGAAGTCCTGCCCGAATATGAGCAGCATGCCACGGACTGCAGTGCCAGTGCACAGGCCGCCAAAGAGCGGGCGGAGCAGATGCGGGAACAGGCCGACTCGCTCAATAGGCAGCTTCAGGGTATGGGAGGCGACGAGATAAGCCGTCTGGAAGACCGCATTCGCGATGCACAACGGCGCCAACGCGAAGTGTTGGGACGCAGGGAGCTGTTGGC
CP180384.1_gap14	596632	598412	1780	ACCCGTATGCGGCCAGACGCAATGCCCCGCAAGGACGAACGGGAAGGCCGACGGCCTCCCCGTTCATCCGTGTGCGACAATGCGCGTGCAGATTCCGCTGCTAGCGCGTGAGCTTGCGGTGCAAGCGGTGCGGGCGTGCGGCCTCCTCGCCCAGACGGGCGATCTTGTTCTCCTGGTAGGCCTGGAAATTGCCCTCGAACCAGTACCAATTGGCCGGATGCTCGTCGTCGCCCTCCCACGCCAGGATGTGCGTGGCGATGCGGTCGAGGAACCAGCGGTCATGGGAGATCACCACGGCGCAGCCCGGGAACTCGATGAGCGCGTTCTCGAGCGACTCCAACGTCTCGACATCGAGGTCGTTCGTAGGCTCGTCGAGCAGCAGCAGATTGCCGCCCTGCTTCAACGTGAGCGCAAGGTTCAGTCGGTTGCGCTCGCCGCCGGAGAGCACGCCGGTGAGCTTCTGCTGGTCGGATCCCTTGAAGCCGAAGCTGGCCACATAGGCGCGGGTGGGCACCTCGACGCCGCCGACCTCGATGAAATCGTTGCCGTCGGAGACCGCCTCCCACAGGTTCTTGTTCGGGTCGAGTCCGGCGCGGTTCTGGTCGACGTAGCTGATCTTGACGGTGTCGCCGATCTTGAGATCGCCGCCCGACAGCGGTTCGAGGCCCACGATCGTCTTGAACAGCGTGGACTTGCCCACGCCGTTCGGGCCGATCACACCCACGATGCCATTGCGCGGCAACGTGAAGCTCAGGTCGTCGATGAGCACGCGGTCGCCGAAGGCCTTGTGAATGTGCTCGGCCTCGAGCACGGTGGAGCCCAGGCGAGGTCCCGGCGGAATCTGAATCTCGGAGAAGTCGAGCTTCTTGGAGTTGCGTGCCTCCTGCTCCATCTGGTCGTAGCGCTCAAGACGGGCCTTGTTCTTGGCCTGACGAGCCTTCGGTGAGGACCTCACCCATTCGAGCTCGTTCTTGAGGCGCTTGGCGAGCTTGGCGTCCTTGGCGCCCTGGATCTCCATACGCTTGGCCTTCGTCTCCAAATAGGTGGAGTAGTTGCCCTTGTACGGGTAGAGCTGGCCGCGGTCCACCTCGCAGATCCATTCGGCCACATTGTCCATGAAGTAACGGTCGTGGGTCACGGCGATCACGGCACCGGGGTACTGGTGCAGGAACTTTTCGAGCCACAGAATCGATTCGGCGTCCAAGTGGTTGGTGGGCTCGTCGAGCAGCAGCAGGTCGGGGGCCTCAAGCAGCAGCTTGCACAGCGCCACACGACGGCGCTCGCCACCGGAGCACACCGACACCGGGGTGTCCGGATCCGGGCACTGCAGCGCGTCCATGGCCTGTTCGAGCTGCGAGTCGAGATCCCAGCCGTTCGCCGCGTCGATCTCGGTCTGCAGCTTGCCCATCTCCTCCATGAGGGAGTCGAAGTCGGCATCCGGATTCGCCATCTCCTCGCCGATCTCATTGAAGCGCGCGACCTTGGCAGCCACATCGCCGAATGCCATCTTGATGTTCTCGCCCACGGTCTTGTCTTCATCCAGAGGGGGTTCCTGCTGCAGGATGCCCACCGTGTAGCCGGGGGTGAGCTGTGCCTCGCCGTTACTCACCGTGTCGAGACCGGCCATGATCTTGAGCAGTGTGGATTTGCCCATGCCGTTCGGGCCCACGACGCCGATCTTGGCGCCCGGTAGGAAACTCAGCGTGACGTTGTCGAGGATCACGCGATCTCCGTACGCCTTGCGGGCGTTGATCATCTGATAAATGAATTCTGCCAACTT
CP180384.1_gap15	641113	644012	2899	CGATGCGTGCCGCGAGCTGCTCACTCGTCAGCTGATCGCCTTCGATTGCGAGCGCAACAACGAAGGCACCGTCGCGCAGATGCTTGAGGATGCGCTCGCCCTCCTTCTCCTTGATCTGCGCGTTGAGCGTGTCGGAGGCGTGTTCCGGGGTCTTCTCGTCGGCCACCTCAATGACGTCGACCTTCGCGAAGCGCGACAGGCGTTTGCGGTATTCGTCGATTGCGTCGCGCAGATAGCGTTCCTTGACCTTGCCGACGCAGACGATGTCGATGTTCATGTCACTCCTTGTATGAAAAAGCCCCTCCTCAGCCGGGATGGATTCGCAATGTCCGCGAGATTCCGCCGTTTCGCGAAACCTGTTTCGGCTGGGAAGGGGCTTTTGCCGTCAGTTCTTGTGAAGTGCGTCGTTGAGCGCGATGCCGGTCTTGCGCGGACGTGCCTGGATGGCGCCGGTGAGAGAGTTGCGAATGAACAGGATGTTGTTCTTCCCGCTCAGGTCGGCGCCCTTGACCACATCGAGTGCGACCCCGGCCGCCGCCTTCTCCTTGTCCCACACCTCGATCTTCGTGCCGGCGGTCACATAGAGACCGGCCTCCACGACGCAGTTATCTCCGAGCGAGATGCCGATGCCCGCATTGGCACCGAGCAGCGAATGCTCGCCGATCGAGTTGCGCAGCTTGCCGCCACCCGACAGCGTGCCCATGATCGAGGCGCCACCGCCGACGTCGGAACCGTCGCCGACCACGACGCCCTGCGAGACGCGGCCTTCGATCATGCAGGTGCCGAGCGTGCCGGCGTTGAAGTTGACGAAGCCGGCGTGCATGACCGTCGTGCCTTCGCTCAGGTAGGCGCCCAGACGCACACGGTCGCCGTCGCCGATGCGCACACCGGTGGGCACCACGTAGTCGAGCATGCGCGGGAACTTGTCGATGGCGAGCACGTTGACCTCGGCACGCATGCCCGGCATCCCCGCGCCCGCATTGCCCTGCATGACGGCCAGGCGACGCTGTGCGAAGTCATCGACGGCGAACGGGCCGTAGTTCGTCCACACGACGTTGTTGAGCGCTCCGAAGATGCCGTCGAGGTTGAGCGTGTTCGGTTTGGCCAGGCGCATGCTGAGCAGGTGAAGGCGCAAGTAGGCGTCGGGCGCGTCGACCACCGGGTCGTCGAGGCGCGAGACGGTGAAGACCGGCATACGACGCACGCCGCGCAAGTCCTCGCCCTCATGAACCAGATTGCCGAACCCATGGTTCGGCTTGGCTGCCGGCGCCTCTCCCAATGTCAGTTTCGGATACCAAACGTCAAGCACGTTGCCGGCTGCATCAATGCTCGCCAGACCCCAGCCCCATGCACTGCGCGACTGTGTCATCGCCACTCCTTGTCTATTGGATTGTCATATGCCACTGTATACCGCGCACCTGCCGTGGCGCGCCTCGTGTCCGTTCGCGGCACGTCTGCCCACCCTATGCTGCGCTGTCTATGGCAAACGACAGACCATGGTCGGTTACTGCACACGCATGCAACACAACGACCATGGCCGCCGAGCTTTCGTCATCTGCCAGCAAAGAGATGGGCGAGTGGAATAACGGGGCGGGGTATCCGGTTGGCTGAAACAGAAAGCCACCTGCTACACTTGCATATCGCCTGTATGTGAGTGACAAACAAGATAGGGAACCGTGAAAAAGCAAGACAACACCGAGGGACGCCAGACCCGGCGCAGCTACAATGCCACGCGCATTGTGGCCATTGTTGTTGTGTGCGCAATGCTGGTCGGCTTTGCCATGCCATTGATCTTCGCCGGGCTTTGACGCTCGCGCTGTTCGCCACGCAGCCATACTCCGGTGGCGTCCGCTTTCCCGCCAAGGCAACGTTTGCCTGTGACGGTATCTTATATTTCAGTTGAGCAATGTGAACAGATTCCACCGCAACGGTGTTTGCAGTGGACGAGCAAGTGAGAGATTATGGCAGAATTCGATTATTCGCAGGCGATTTCCGACGCCCGCGCCAAGTACGAGTCCATCGCCCTCGCGTTGGACACCGATCGTCTGAAGTCCCAAGAGGCCGAGCTTGAGCAGCAGGCCTCCGCTCCTGGACTGTGGGATGACTCCGAGCACGCGCAGAAGGTGATGAGCCAGCTGAGCGCATGCCAGTCCCAGCTGAAGCATCTGTCGAGCGCCGCGAGCCGTCTCGACGATGTGGCCACGCTCATCGAGCTCGGCCAGGAGGAGAACGACGCCGACACGCTCCACGAGGCACAGACCGAGATTGAAAGCATCCAGAAGGATCTCGACCAGATGGAGATCGAGACGCTGATGGACGGCGAATACGATTCCCGTTCCGCCGTCGTGACCATTCGATCCGGCGCAGGCGGTGTCGATGCCGCGGACTTCGCCCAGATGCTGCTGCGCATGTACCTGCGCTGGGCCGAGCGCAATGGATACAAGGCCAAGGTGATGGACACCTCGTATGCCGAGGAGGCGGGCATCAAGTCCGCCACATTCCAGATCGACGCCCCGTACGCCTATGGCCGCATGTCGGTCGAAGGCGGCACGCATCGTCTGGTGCGCATCTCGCCGTTCGACAACCAGGGGCGTCGCCAGACCAGCTTCGCCGCCGTCGAAGTGGTGCCGCTCGTCGAGGCCACCGATCACATCGAAGTGCCCGACAGTGAGATCCGCGTGGACACCTACTGCGCTTCGGGCCCTGGCGGCCAGGGCGTGAACACCACGTACTCTGCCGTGCGCATCACTCACCTTCCGACCGGCATCGTGGTGACCATGCAGGACGAGCGTTCGCAGATTCAGAACCGCGCCGCCGCCATGGCCGTGCTCCAGTCCAGGCTGCTCGTGCTCCGCCATGAGGAGGAGGCCAAGAAGAAAAAGGAGCTCGCCGGCGACAT
CP180384.1_gap16	654833	659296	4463	ATGTCCATGCTGGGCGGAGTCAAGCAGTTGCTCGACCACTCTGTTCCTGCGCATCTCGCCTCCTTTCGTGTGGCATGTAGCCATCTAAGCAGCGTGGGGCGGTGGTGTACAGCGGAATCGGGCATTGTGGTCGGAGGACGCATTATTCACAACGGCGGTCGTCGCAATTGTGGACAGTCACGTGCACGCCCTGCAAAAGCGCTGGCAAGAAGACGAGCGTTGATGAAGTCTGTCGCGATGGATTGCGGGATGTCTTGTAGTGGTTTCAGATGCAAAGATGAATATCGAGATTGTTTTCACGTGCTATATCGGAGTTCATTTTGCAAAGGAGACTCTTCCTGAACCTCTTCGTGTGTCGTAGTAGGACCTGATTTGCAATAGCGGTCAGATAGCGGTTGTTCATATTGCAGGTAGAGCAAATGAAATGCAAGGAAAGCAATATGAGCACTGATTCGCATGCCGCGGTGAGGCTTATTCGCAAAGGTGACTATCGTGATTCTGCTGTACATGCGCAGTTGGTAGCGGAGTTGCAAAGCCGGCTATCGAGATCTTGTTGCGTGTACGCAGTTGAGGGTGAGTCTGCAAGGATGGCTATTGGGATTTTGCTGCAAGTGTCCAGCCGGGAGTGGAGTTGCAAACGCGACTGGCGGAATCTAGCTGCAGATGTTCAACTGAGTGCGGAGTTGCAAAGGTGACTGTGGAAATCCTGTTGTGCTGGTCCAGCTGGGAGCGGAGTTGCAAGTGTGGTCAGGCAAGAGAGTTTCGTTTGCTGTGACGAGATTGCGATTGCAAAAGAAGCAATCTGATGAGTTACCAGAGGGTCATGTTTGCAGATTCGCTCTCGCTCGCGCAAAAGTAGGGCCCGCATGGTGGTTCGTGTGGGGTTCGGTTTGCAAGAGTGGCAGTTTGCAGGCTTGTCTGTTTGCTGGAGCGCGGCTCGGTGTGCAGGAGTGGCAGTCTGGAGACTGATTCACGTGCCGTGGGAAGATTCAGCTTGCAAAAGAGACCGCTAAGGAATTCTTTCTATGCCCTTATGAGAGGGAATCTGCAAAAGAGGTAATCCTCCTTATATGCTTATATGCCGCGGTGGGACTCGGAGTGCGAGAGCGACACTCTAAGGAGCGTCGCGATGCCGTAATGCGGTTCAGTTTGCAAAAATGGCACTCTGGAATCGTCTCACAGTGTTGTACGTGCCCTTATGCTGTATGCGTCTCCGGCTGCATATCGAGTGGCCGCATATCGAGTGGCTGCGTAACAGGGAAGAGAGAGCCGCGAGTGCGCAGTCTCACACCGCATTCCATCAGCATTGCGGATTAGCACAGCGCGGTGCCTCCTCACAGTTTGTTGAGTCAGCCCATTTCCACGATGTCATCAAAGGAAAGTGCCGCGGGCATCCGTGCCCCTTCGCACGGATGCCCGCATTGCCCTAGAATCTCGCCTACGGGGGAGATGCCCTTCTCTCTCGCCAGTTTTCATTGTAAAAGAGCGGCATTATAAAAACCATTGATTGTAGTCCCACAGACTACAAAACTGCTCGGCGTGTCGAAAATTCACAGTTTCGTTTTGCGGGACCATGACGCCACCGCCTCAGCCCGTGATTTCGCGCGGAGTTTGCGCATGGCGCGGCTGATGTAGGTTTTCACCGTGGATTCACTGTCGCCGGTCTCTTCAGCAATGGTGCGCGTGGAAAGTCCCTCCGAGCACAGCTCCATCACGGCCTGCTCGTTCGGTGACATGCTCATGATTGCAGGTTTGCCTTGCATGAGCAGTCTTTCGTGTGCCTGCTGCGGGGTCTCGTATGGCATGCCGTTCGACTTGAGCAACGGCTGGCCGCTCAACAATGTACGCATTCCGTCGGCCAGTTGAGCGAGTTCGTTTTTGAGCAGCAGGCCCTGCATGCCATTGTTCACCGCGTCGCGCTCGTACGGCTCGATCATGTAGGAACTGCATCCGAGAATGGGCGTATGGTCGTTCTCGAATCGGATTGTGGCGCATAGTTCGAACCCCGACATGCCGTGCATAGACAGGTCGGTGACAATCAAATCCGGCACACAGTTCGTGCAGGCGATGCTGTGGTGGTATGCCTCCACAGCATCCCTTCCGCTTTGCATGGACCAGCAGATGTTGAACTCGGGCAGCCCTCCCAAATAGGTTTCCAAGTAGCTGCGCACCAGCGCGTCGTTGTCCACCAGGGCAATGTTCCACGGTTCAGAATCGGGGTTCATATTGGTATACATAACGTGTAACTCTCTTCGCGGCAGGCGAATTCGTGGCGAAGCGGGCGCTTCGTCGCGTCACGTATTCGGCTCCTGCTCATTACAGTGTACTTGAGCAGCATGTGATTTGCGCGGGTTGATTGCCATATGAGCCATGCCATACCGTGTTTCAGATGAGTATTGAGATATTCAACGGTATTCGATGTGCCTAATTTGCAGATTTTCGTAAGACTTGTCGTTTTGCCCTGATGGTATGGGCTTTTGCAGCATCTTCTGTTATGCTGTTCGGCATGTGTGGAATTGTGGGTTATGCAGGTAGTGTTCTTTGTCCTTCGGATAAGCCGCTTGAGGTGTGTTTGCAGGGCTTGGAGCGGCTTGAGTATCGTGGGTACGATTCGGCGGGTGTGGCGCTGGTGGCGCCGGGCATGGATCGGGTGCGGGTGAGGAAGAAGGCCGGTCGTCTGAGCAATCTGGTGGCGGATATCGAGTCGGATCCGTTGCCGGAGGCGACGGTGGCGATCGGGCATACACGTTGGGCGACGAACGGTGTGCCCAATGATGTGAACGCGCATCCGCATTCGAGCATGGATGGCAGGGTCGCGATCATCCATAACGGGATCATCGAGAACGCCTCGCAGCTGCGTTTGGATCTGCAGGCTGAGGGGTACCGGTTCGTGTCGGGCACCGACACGGAGGTGGCGGCCAAGCTGCTGGGCAAGATCGTGGACGCGGTGATTGCGGAGACGGGCGGGCCGGACCTGTTCGAGGCGGTGCGCCGTCTGGGCCGCATGCTCGAGGGTGCGTTCACGATCCTGGCGATCGACTGCCGCCAGCCGGGTGTCGTGGTCGGTGCGCGTCATGATTCGCCGCTCGTCGTCGGCCTTGGGGAGGGTGAGAACTACCTGGGTTCGGATGTGGCGGCGTTCGTCGCGTATACGAGGACGGCGATGGAGATCGATCAGGACCAGGCGGTGATGATCAGCGCCGGGGGTGTGACGGTCACCGATTTCGATGGCAACGTGGTGGAGGATCCCACCGTGTTCGAGGTGGATTGGGATGCGTCGGCCGCGGAGAAGGGCGGTTGGGATTCGTTCATGGACAAGGAGATCCATGAGGAGCCGGCCGCGGTGCAGCGCACGTTGATCGGGCGCCTGGACGATACCGGCAGCATCAACCTGGACGAGGTGCGCATCGATGAGCATGATTTCACGATGATCGACAAGATCATCGTGATCGGCTGCGGCACGGCGTCGTATGCGGGTCTGGTGGCCAAGTACGCGATCGAGCATTGGGTGCGCATCCCGGTGGAGGTGGAGCTGGCGCATGAGTTCCGCTACCGTGACCCGATCCTGACGCCGCGCACGCTGGTGGTGGCGATCTCGCAGTCGGGTGAGACGATGGACACGCTGATGGCGTTGCGTCATGCGCGTGAGCAGGGGTCGAAGGTGCTGGCGATCTGCAACACGCAGGGCGCGTCGATCCCGCGTGAGGCGGATGCGGTGCTGTACACGCATGCGGGCCCGGAGGTGGCGGTCGCCTCGACGAAGGCGTTCGTCGCGCAGATCACGGCGACCTACGTGCTGGGCCTGTACCTGGCGCAACTGAAGGGCACGGTGTTCCGCGACGAGATCCGCCAAACCCTCGACTCACTCAAGGCCATGCCCGCCAAGATCCAATGGGTGCTCGACACGCAGCCGGACCGCGTGCAGCGTGCCGCCGAGCAACTGCAGGATGCGCAGTCCTTCCTGTTCCTTGGCCGTCACGTGGGCTACCCGGTGGCCTTGGAGGGCGCGTTGAAGCTCAAGGAGATCGCGTACACGTTCACCGAGGGCTTCGCCGCCGGCGAGCTCAAGCACGGCCCGATCGCGCTGGTCGACGAGGGCGAGCCGGTGGTGTTCATCGTGCCTCCCGCGCGCGGCCGCAACACGCTGCATGCGAAGGTGATCTCGGGCATCGAGGAGGTCAAGGCGCGCGGTGCGTACATCATCGCCGTGGCCGAGGAGAACGACAAGGACGTGGAACGCTACGCCGACATGATCTTCTGGCGTCCCGAATGCCCCACGCTCATGAGCCCGCTCGTCGACATCGTCCCCCTGCAGCTGTTCGCCATGGACATGGCCAGGCAGAAGGGCTACGACGTCGACAAGCCACGCAACCTCGCCAAATCCGTCACCGTCGAGTGAACGGCGCTCATCGCTGGGTGATCGAGGAACCGCACATCCCGTTCGATCTCACGGTGGTCTATGA
CP180384.1_gap17	720000	720576	576	CGGGTCGCGAATGCAGCCGCCGATGCAGGTTGCCGCGCCACCGAAGGGCTCGATCTCGGTGGGGTGGTTATGGGTCTCGTTCTTGAACAGGAAGAGCCAGTCTTCGCTCTCGCCATTCACATCGACCTTCACCTTGACGGTGCAGGCATTGATCTCCTCCGATTCGTCGAGGCCGGTGAGCACGCCGTTCTTCTTGAGCCACTTCGCACCGATCGTGCCCATGTCCATGAGGCACACGGGTTTCTCGTCGCGGCCGAGCTCATGGCGCATCGCCATGTACTTGTCGAAGGCGGCCTTCACCACGGCGTCGTCGATTTCAACGGAGTCGAGCTCGGTGCCGAAAGTGGTGTGGCGGCAGTGGTCGGACCAATACGTGTCGATCACCTTGATCTCGGTGATGGTGGGATCTCGTTGCTCACCCTGGAAATACTCGCGTACGAACCTCAGATCGGCCTCGTCCATTGCCAGGCCCCGATCGGCGATGAACTCGGCAAGCTGTGCATCGTCCATTTCGCGGAAGCCATCGAGCACTTCGACCGGCTGGGGGGTGGGGGCATAGGTGGCGAGCGTCTCTCG
CP180384.1_gap18	731736	735602	3866	GCGCGCATATAGACGAAGGCGAGGTAGACAAGCGGGAACACCGTGGAATAGAGCGGGTACGTCCACTTCACTTTCCTATGCTCGTAGAACAGGAGCCAATCGGCAACGAACATGAGCGGCAGCACCACATGGAACGTGATGCTCGTGACTTTGAAGTTCTCGAGCGGGTTGCGATCCGGTGCATTGGCAAGCAGCAGGTTGAACACGAAGAACGTGAGGAGAATGGCAGTGACCGAAATGAACTTCAAGGCGGGGGAGAGCTTCACATAGCCGTCTTGCTTGCGGTTGGCCGTCTGCACGAGTTCGAAGAACATGACGGCAATGCACAGGTAATTCGACAGGTTCGTGAAATACACGTAGAACACGTTGTCGAAGCTGCCGTCATACATGCCGAAGCTGCCGAGTATTCCCACTATGCCGAATGCACAGTAGAACGATTGGAAAATGAGTTGAGCGGTTCTGCTCCGTACCATAGAAAAACCTTTCCGCAATGCCCCTGAATTCGGGCGACCCGCATATTCTATGACACGATTCCATACAAATACTATGTGGATGCACACAAAATTCGTCATGTTCAAGTGTGCATCCACACAGCAAACCGGGAGTGTTCGCGTTACCTCACGTCGATGGTGTTGAGGCCCTCGGCATGAAGATCCACTTCGGTGACCGTGCGAATCGAATCGTCGGCGGAGAGTTCGATGACCACCGGATTCATTGCCTTGATGGCGGCGTCGGAGAACTCGGTGTGGCCGGACGGCGAGCTCTTGAGCAGGATCATAGGCAGATCGGAGGTGAGCGTTTGCGTGGCATCGTCGATATTGCCGTTTATCATGAGCACCTGACCGTTCTCCTGACCGGAGACATCCATCAGCATGCGAACGATGTCGCCGCGGCGCATGCTTGGGCAGGCGATCGTATCGAGCTTGTCATCGCGAATGATGCGGTGGATCGCATCGACACCCTTGAGCTTGGCATCGATCACCGTGGCGTTCTCGGGAATCTCGGCCAACGCGCCGCTCTCATCGATCACACCGAGTCTTGCGGATTCGGGCAGATTCGCGAGCAGGGACTCGAAGAGCGCGAGCTTGGCGGCGATGGTGGCGCGACCGACGATGATGACCGAACGGCGGTTCGCGAGTGCATCGGTGATGCGTGAATCTTTGATTTCCTCTGACATGGACATCCTTACTCCTTGCACTGCACGGGTGTGCAGACGGCATACAGATTGTTGATATACCCCGTCAATCTGTGGAATGGTGCGAAGATGCCGTGTATTGCCGCCGGGCGAACAGAAAAATGCGGTGCGATGACCAGGCGATGCAGGTCTGAGAAATGGACGCGAACGTGCGTGCACGACGAAAACGGTGTACAACAGTGCACATATGACTGTAGAGAGGTGCTGGCATAATATGCAAGGCTCTATATAGCTGTATAGTCGACACGAATAGGTGAGTAATTTGGCACAGACTACTAACGACATCAAGAACGGTTCCATTCTGAATCTCGATGGCCAGCTCTGGCAGGTCATCAAGTTCCAGCACGTCAAGCCGGGCAAGGGCCCCGCTTTCGTGCGCACCACGATCAAGAACGTGCTCTCCGGCAAGATCGTCGACAAGACATTCAACGCCGGCATGAAGATGGATTTCGAGACCGTCGACAACCGCACGCTGCAGTACTCGTATGAGGACGGCGACAACTTCGTGTTCATGGACATGACCACCTTCGACCAGATCATGATTCCGAAGACGCTCGTGGGCGACAAGGCCAAGTACCTCCTCGAAGGCACCGACTGCATCGTCTCCTTCCACGACGGCCAGCCGCTGTCGGTGGAACTGCCGGCATCCGTCGTGCTCACCATCACCCACACCGAGCCGGGTCTGCAGGGTAACCGTTCGAACGCGGGCACCAAGCCGGCCACCGTCGAGACCGGTGCCGAAATCCAGGTCCCTCTGTTCATCGGCGAGGGCGAGAAGGTGAAGGTCAACACCGACGACGGCTCCTACCTGGGCCGCGAGAACTGAGATCGGCCACTCGCACTCACAGAAGCAGGACTTGCGGGCGGGGATTGGCATCGCATGCCGGTGCCCCGCCCACAGTGAAGAAAAGGATAAGCTTGTATGGCACGTTCGACCGCTCGTCGCAGGGCTCTGAACACGTTGTATGAAGCGGATGAGAAGGGGCAGGATTTCCTGTCCCTTCTTGATGAACGCATCGCTCAGCCCGGTGCACAGACGCCGCTTCCCGAATACGCCATTGAGATTGTGCGTGGCGTGGATGAGCACCGGCGTGACATCGATTCCCAGCTCAATACGCATTCCACCGGTTGGAAGGTCAAGCGCATGCATGCGATCGACCGCAACATTCTGCGCATTGCGACGTGGGAGATTCTCTACAACGACGATGTGCCCGACAAGGTGGCCATTGACGAGGCGCTGAATCTGTCGAAGACGTTGTCAGACGATGCGGCCCCTTCGTTCATTCACGGTGTGTTAAGTGCCATTGTGGCGGCGAAGGACAAGCAGTCCCCGCAGTCCACACCATTGGATGATTCCGACAAGGACGAATCCGACCAAACCAATTAGCAGGTAATCGCGTTCGGCCGGATCGCGACTCTCAACCGGCCGCTTTCCTCAAATACTTTTGACGAATGGGGGTATGGTGACTCAGTTCGATCCGGCGAATGAATACACGGCTCAGGATGCCGTTCTCGTGCTTGAAGACGGGCAGGTGTACGTTGGCGAGCCATTCGGTGCCACGGGATCCACCTGCGCGGAGATCGTGTTCAACACCGCGATGACCGGCTACCAGGAAACACTGACCGACCCGAGCTACGATCGTCAGATCGTGGTGCAGACGTTCCCGCACATCGGCGACACCGGCGTCAACGATGACGATTTGGAATCCTCCCGCATCTGGGTCGCGGGCTATGTGGTGCGCGACCCGAGCATGGTGGTGAGTAACTGGCGCGCCGCAGGGTCGTTGGATGACGATCTCATGGCCAACCACATCGTGGGCATCTCGCATATCGACACCCGCAAACTCGTGCGACACCTGCGCTCGGCAGGTGTGATGCGTGCGGGAATCTTCTCGGGAGCGGCGCTTGTCGGTTCCAACGGCGAGCCCCGCGAGATTTCCGACATGCTCGAAGAGGTGCAACGAACCCCGCAGATGAAGGGCATGAGCCTCTACGACGAGGTGAGCACCCCGGAAGCCTACGTGGTCGAGCCGGCTGGCGACTTCGAAGGCAAGGAGCCGTTGTTCACCGTGGCCGCGGTCGATCTGGGCATCAAGGCCATGACCCCACACCGCATGGCCGAGCGAGGCTGCCGTGTGGTCGTGCTGCCTTCCACCGTCACCTTCGATGAGATTCAGGAACTCAACCCCGACGGGGTGTTCTTCTCGAACGGGCCGGGCGACCCGGAACAGGCCGGCCAGATGGTCTCGTTGCTGCGCCAGGTGCTCGACGCCGGCTACCCGTTCTTCGGCATCTGCTTCGGCAACCAGTTGCTCGGGCGTGCCCTTGGGTTCGGCACCTACAAACTCAAGTTCGGTCATCGTGGCATCAACCAACCGGTCAAGGATGTGACCACAGGCAAGGTGGAGGTCACCGCCCACAATCATGGCTTCGCAGTGGATGCGCCAATCGGTGAGACGGTGGACGCCCCGTTTGAGAACGGTCGGTACGGCAAGGTGTTCGTGAGCCATGTCGATCTCAACGACAATGTGGTGGAAGGCCTGCAGTGCGTCGATATTCCGGCGTTCTCGGTGCAGTATCACCCCGAGGCGGCGGCTGGACCGCATGATGCCGCCTATCTATTCGACCGCTTCGTTTCCATGATGGACAATTCCCGAGATTCCAAGGCTTC
CP180384.1_gap19	805547	809266	3719	GAAGATCTTGAATATGCGTTCGTTGGACATGGAATTGGTGAGCGCACTGATCACCATGATTGTGTACCGCGAACGCCGTTCCGACGGGTACCTCGCCGAATGCTTGGAGAATGGCGTGCTCGTCGGCCTGCTCAAGCGTATGAGGGAACTCGTGGAGGAACACAAGGGGCGTCAGTCACGGCGCATACGCCAATAGGTTGAAGCCAATGACCTCATGCGGCTGTGGGATACACTTGGGGTTATGAATGATTCGATCAGTTACAGGACGTTGCAGCGCACCGATTACCCAGCGTTAACGAAGATGTTGTGCGAGACGTGGCACAAGCAGGATCCGCAGATGGATGAGGATCTGCAAATGAAGCTCGCCCAGATAGATCTCGAATACTGCCTGGCACGCACAACCACCGCAGAAGTGGCTGTACGCGATGGTGAGGTGGTCGGCGCCGTTCTGGGTCGCATCGACGCCCAGGAGACCCGCAAGGGAATCAACCAGCATCATCGCAGCGTCATGAAGATCATGGGCCCGCTTTTCTTCAACAAGTCAGCTCATCAGGCGTTGAAGAACATGCTCAACGCCGAGAAAGCCGACCGGCAGATGATCAAGCAGGCGAAGAAGGACGGCCATGCCTATGACGGCGAGATCGTGCTCTTCATTGTGCGCGAGGACATGCGCGGCCAGGGCATAGGCCAGCATCTGTTCGACTGGATGCTCAATGAGTTCAAAGTAAACAATGTGGAACACTACTTCCTGTACACCGACACGGATTGCGACTACGGTTTCTACGAGGATCGCGGCATGGTGCGTCGCATGGAGATGCCCATGGAACCCCACACGCCGAAGGAGGACACCGAGGCGCATCAGGAAGCTGATTACCTCGACAACCATTTGCATGCGCTGATGTTCGACAACGAGACGTCACCAGCCAATGAGGGTGTCAATCCGCTCGGCCGTGACTAATTGAGAAGGCGTCGACATGCATATGAGCGAACCTGAATTCGAGCGGACCGTCACCGAGGCGGTCCGCTCCGTTCCAGAACGGTTTAAAAAAGCGCTTTCCAACATTGCAATCACCGTGGCCGACGAGCCGACGGACAAAGAATACGTCAGCATGACCCACGGAGACGGGGAGCTGCTCGGCCTCTACCAAGGCACGCCGATCACCCAGCGTACCACCGGATACGCCGGCGTGCTGCCGGACCGCATCACGATCTTCAAGGGCCCCCATGAACGCATCTGCGCCACGCATGCGCAGATGGTCGAACAGATTCGCAAGACCGTGCTCCACGAGCTGGGGCATTATTTCGGATTCGATGACAAGTACCTGCACTCGCACGGCTACTGATGCTGGCGAATATACGCAATGACGGTGGCCGGAGACCTTGAGAACCAAGGTCGCCGGCCACCGCCACCTTATGCGGGACTAGTCAATGGTGGTGCCGAAAGGCCACAGGGCAAGCTTGCACATCTTGAATGACTGAATGCCGAAAGGCACGCCAATCACCGTGATGCAATTCAGCACACCGGCAATGAGATACCCAAGCGCCATCCACCAGCCGACCAGCACCACCCATACGATGTTGAGCAGCAGCGAACCCACCGAACCGCCATAGACGACGTGTTGGCCGAATGGGGTGAGCGTGAGCTGGGCCATCTTGAACGACTGCACACCCAACGGGATGCCCACGATCGTCACACAAAGCACGAGGCCGACCACGAACCAGGCGAAGGCGATCTCCAGACCACCCAGAACAAGCCAGATCAAATTACCGATGAATCTCATACCGACAGTGTAGGCCGGCCATGGATACGCGGCCAAACGCACGATGTCCATCGGCGAACATGCAGGGACCTGCACGGAGACGACATGGCGCTTCGTCTGCCGACCATGTGACAATACGAAGATGCGGGGGGACTCAGACGAGTTGAGAACGCGACAGCGTGACCCTTTGAACCTGTTGGCTAACACCTACGTAGGGAGACATCATATGGCGAAATCCATGCCGACCACCATCACCAGAACCGACCTGCCACCGTTCGCGTCGCGCATGCGCCAGGCCGCCGATCCGGTATGGGAAGAGGGCTACAGGCAGCCATTCATACAGGAACTCGGCGCTGGAACCCTTGACCGTTCGAAGTTCGCATTCTACCTGATGCAGGACGAGCTCTACCTCGGCGCCTATGCGAAGGTGCATGCGCTCGCCGTGACGAAGACCGACGACCGTGAGGTGATGGCATGGATGGCGAGTGTTCAGGACGCGATCCTGCATGTGGAGACCTCACTGCATCGCGATTATCTGGCATCATTCGGCCTGACCGAGGAGAAGGTGCTGCACGGCCAGCAGTCCGCATTCGCGCGCGCCTACACGACGAACATGCTCACCACCGCGTATTCGGGCGATCTGCTCGACATCCTGGTGTCCGTGCTGCCCTGCGCGTGGGTGTACGCCGACTATGGCGAGCGACTGGCACGTGATTTCGCACAGGGACTCGAGCACAATCCATGCCGGCAGTGGATCGACATGTACAAGACCGACGAGTTCTGGCAGAGCTCCGTATGGCTGCTCGCGCAGATCGAACGCCGCGTTGCCGGCGTGGGCGAGGAGCGCCGGCGTGGACTGGTGGATTCGTTCGTGCGTGGTGTCGAATACGAGTACATGTTCTGGGCGAGCGCCTATGAGCGCCAGATGACCTGGAAACCGCAGTGGGAGGGCCTCACCTCACGCTGATCCGGTATCGGCGTGCAGATTTGCGGATGCTCCGCGCTTCGCCGCACGCGATTGATGTGCCAATGAAAACGCCCGGCTCATGTGGGCCGGGCGTTTTCATCCGTAAAGGCTTTGCATTCGTTCTATTCGCGCACAAGCTGGATGTGCTCGATGTCGTCGCGATGTGAACGACGGTAGAGCACGGCACGGTTGCCGATCACCTGGACTACCTCGGCCCCCATGCGATCGGCGAGTCCCTGTGCGGCCTCCTTGGCGTCTATGCCCGAGCCGTCGAGCACCTGCACTTTGATGAGCTCGCGTTTCTCGATCGTCTCGTCCGCCTGCTTGATCACGTTGTCGCTCAGATCGCCTTTGCCGATCTGTACGAGCGGCTTGAGCTGGTTCGCCATCGCGCGCAGCTGCCTGACCTGCTTCTTCGTCAATGCCATATTCTTGTTCCTACCTTTGGAAACCCGGTTGTCTTACAGATTCCGTGCGTAACAGACCGCTCCATCGTACAGGAGCGTTGGGTCAATGCGTGCCGATCGCGAGGTTGGGCTGAATACGAAGACAGTCGGAATACGCGTGTGAGATATGCGCTGGGGTTGGGCGCCCACGGGACGGGGAGTGTCTCGTCACTGGATCGCAAGCGCCCTTTACGTTCCTCAACACTCCCCGTCCCGTGGGCGCCCAACCCCAGCGCAGGCAATCAGTGGCGATCAGAAGTCGACGTGATGGGGATCGGCACCCTGACGTTCGCCGGTGTCCATCGCGTTGATCCGGGCCATGTCGTTCTCGCCCAGTTCGAAGTCGAATACGTGGATGTTCTGCACGATGCGGGTTTCATGCACCGACTTCGGCAGCGGAATCACCTCACGCTGCATGTGCCAGCGAATCATCACCTGGGCAGGGGACTTGCCGTATTTGTCGCCGATATCGCGCAGCGTCTCGTTTTCGAACAAATCACTGCCCCGACCTCCCATCGGATGCCATGCCTCGACCGCAATGCCCTT
CP180384.1_gap20	867831	868474	643	GCTCGCCATTGAGCAGCTCAACGCCTCCGACTTCGACACCGCCGTCGTCGCCATCGGCGATTCGGTGGAGGCCTCCGTCATCACGGCAGGCAATCTGCTGGACGCGGGCATCTCCGACATCTGGGCCAAATCCGTGTCGAAGGAACATGCCCGTATTCTACAGCGCATCGGTGCCCGTCACATCATCAACGCCGAAACCGACGCCGGCAAGCGCGTCGGCCACCTCGTCTCAGGCAATTACCTCGATTACATCGAGCTCGAAGGCGCCTACAGCGTTGTCAAGATCCATACGCCACCGCAATTCGTCGGGTATACGATCGGTGAGGCGAAGATTCATGACAGGTACGGTGTGACGATTGTCGGCGTGAAATCACCGGGCCATGAATTCCAATATGCTTCGAACGATCTGCAATTGAAACGCAACGACGAACTGATCATCATGGGCAAACAGGACCAGATCGACCACTTCATTCGGGGCTGACTGAGAGCCTGTGTGACGGTTGCCGTTCCGATTCCACGGAACGGTGCCTAGCATGTATTGGGCTATGATATGCGAAGAGCGTTTGCGAGGTGAAGATGGCCAAGGTACGACATGCAGTTGTGGTGACCCATAAGAAATTGCGTGAGACCGGCACCATTGTGC
CP180384.1_gap21	872196	874906	2710	CGCCTCATTGACCACGCGCGGGAACTTGTACGGGCTGGCAGTGGACAGCAGCACACGAGGCACCTGCGGATCCGCTGGCATCTGCTGCATCACGAAATAACCGCATGCGGTATGCGGGTCGATCACATAGTGGTTGCGATCCCAGCAGTCGGCGATCATCTCGCGCACCTGATCCTCATCGGCCCAACCGGTGGCGAACACCTTGCGAATCTCCATGAGCATCTCCGGAGGCACCTCGTAGGTTCCCCATTCGGCGAGATCGTTCATGAGATAGGTGATCATACGCGGATCCCTCTCGCTCATGTAGTAGAGCATGCGCTCCAGATTCGAGGAGACGAGAATGTCCATGGACGGCGACGTGGTCTCGAAGAACGGCCGCTTGCTGTTGTAGGTGCCGGTGGTGAGGAAGTCGAAGAGCACATTGTTGCGGTCGGAGGCGACGACGAGTTGACGTACCGGCAGGCCCAGCAGTTTGGCGTAATATCCGGCAAGCACATTGCCGAAATTACCGGTGGGCACCACGAAGTCCACCTGGTCGCCCACATTGATCACCTGCTGTTCAAGCAGCTGTGCGTAAGCGGAGAAATAATAGACGACCTGCGGTACGAGACGCCCCACATTGATCGAATTCGCAGAGGAAAGGCGAACATGCGCGTCCGCCTCAAGGCGTGACGCGAGATCACGGTCGCCGAAGATGCGTTTGACCGTGGACTGGGCATCATCGAAATTGCCATCCACCGCGCATACGTTCACATTGGACCCCTGTTGCGTGGTCATCTGCAGTTCCTGAACGCGGGAGACCTTGCCCTGCGGATAGAACACCGTGATGCCGGTGCCCTGCGCATCCGCGAATCCGGCAAGCGCCGCCTTGCCGGTATCCCCAGAGGTAGCGGTGACAATCATGATCTTCTCATCGCAATCCCCGTCCGCCGGAGTGGTGCGGGCCATCAGCCGGGGAAGGATCTGCAACGCGACGTCCTTGAACGCACAGGTCGGCCCGTTGAACAATTCCATGATGAAGTCGTTGCCCAGCGGTTTGACCGGAGTGATGCGCTCATCGCTCCATTGGGAGCCGTATGCCTCGGCGATGCACTGGGAAAGCTCCTCCTCGGTGTAGTCGTCAAGCAGCACCGACAACACCGTCAAAGCAATCTGCTGGTAGCTTTTACCCGCAAGATCGCTGATGTCAATCTTCGTCTCCCCAAGGGCGTCGGTGACGAACAGGCCGCCATCGTCGGCGATGCCCTTGCGTATCGCCTGCTTGGATGTGAATGCCTCGTCGCTGCTGCGTGTGCTGTGGAAAGTGCTCATGCGTTACTGTGTCCTTCGCCGATAGACGGATTGCCGAGTCACATTATAAGTGGAGCGTATGGAGCACACCGACACGCGTCCGTCCAATGGAACAAACCGTTGTGCGCTGTAGGCAACTGCCATTACTCTTGGGTCTATGACGAATACGAATGAGCTACAGACCCCGGTGAGCGGCGACGTGCAGCAGGCAGTGAACGCGCTCGCCGACGCGGCGGCCATAGCACAACATGAACTGGCGCAAGCGACCGCCGACACCAAGAACGGTGTGTTGATGGCGATTGCCGATGCGTTGGATGCGCATGCAAGCGATATCGCCGACGCCAATGCCATGGACATGCAGGCCGCCTTTGACGCAGGCATGGATCAGGGCAAGCTCGACCGACTCAAATTCGACGTCATACGTGTGGCCGCAGCGGCACAGGGTGTGCGCCATGTAGCCACCCTGCCGGATCCGGTTGGTGAGATTGTGCGAGGCTATGATCTGGGTAATGGGCTGCGATTGCAGCAGCAGCGTGTGCCACTTGGCGTAATCGGCATGATTTACGAGGCACGTCCGAATGTGACCGTCGACGTGGCGGCCCTGTGCCTCAAGTCCGGCAATGCGGCAATACTGCGTGGCGGCCATGCCGCGGAGCGCACGAACGCCGCTACGCTACAGGTGATAGACGAGGTGCTGCAGGAATTGCATTTCGATCCGGCACTTGTGGCATCGGTCGACCGCTATGGCCGGGAAGGTGCGCGTGCGATGATGCGAGCCACCGGTCATATCGATGTGCTCATCCCTCGGGGTGGAGCCGGTCTCATTCAATCCGTGGTGCATGAGTCGCGCGTTCCGGTGATTGAGACCGGGGCTGGGAATGTGCATATCTACGTCGATTCCTCTGCCGACATCGACAAGGCGATCGACATCGTGGTCAATGCGAAGACGCAACGCGTGGGTGTATGCAATGCCGCGGAGAAACTCATCGTGCACAGGGACATCGCCCGGCAGTTCCTGCCGAGAATGGCTCAGGCATTGGCACGTGCTCATGTGACCATCCATGCGGATGAGCTGTCGATGCGGATCATGGGAGATGCAGACATCAAGGACATCCAATTGCTCGCCGCCGACGAAGCGGATTGGGGCACCGAGTATCTGGCATTGGAGATTGGCGTGCGCATCGTCGATTCGCTCGACGAGGCCATTGACCATATCAACCGGTACTCCACACATCACACCGAATCGATTCTTTCCCAGGACTACACGAACATCGAACGCTTCACGAAGGCCATAGATTCCGCCGTGGTGATGGTGAATGCCTCCACGCGTTTCACGGATGGCGGGGTGTTCGGCTTCGGCGCCGAACTGGGTATTTCCACCCAGAAACTTCATGCACGAGGCCCCATGGGGCTCCAGGAG
CP180384.1_gap22	961274	961817	543	TCCTTCGTGTTCATGTCGTCGAGTGTCTTGACCTGGCGGGCGCGGTCGTCGACAATCCACAGGATCACGCCGAATATGAACAGCATGGCCACCGTGATCCATAGATTGCGCAGCGTCGTCTCAATGGCATGCTGGAACAGTACGCCCGCGATGAGAATCGGAATGGTGGCGATGATGATGTACCAGCCCAGACGAGCGTCCTTGTTATGCGCTCCGAAACGAGAGGCCCTGTCCTTCCCCTCCTTGCCGGCGAGGCATAGGCACCAGGACTTCAGGATGTTCCAGATGTCGCGGCGGAAATACAGCAGCACTGCCAATTCGGTTCCGATCTGGATGATGGCGGTGAACGCGGCACCTGGGTCTCCGCCGAGCATGAGATCGCCGACGATGCGGACATGGGCGCTGGAGGATACCGGCAGGTATTCGGTGAGTGCCTGCACCAGTCCGAGGAATATGGCCTGGAAGAAATTCATAAATCCTCTTTACGAATGATTTCATGGTTATTGCAGTTTCACTGTACCGTGTGCCCTTCCTCTTCCACCG
CP180384.1_gap23	973767	978149	4382	CCAGATCGGCGACAATGAATGGTTCCGTCAAGTCCACTCCCCTGTTCGTGGATCATATGCTGTTGTATAACAAAAACGAAAGGACCCATGCCCTCCTAGGGAGGAGCATGGGTCCTTTCACAAACTCATATCAGGCGACACCGAACTTGGTGAACAGTCCGAGCGCAATGATGATGGCAACCCAGATGAGTGCGATGATCACAGTCCAACGGTTCAGGTTCTTCTCGGCAACGCCAGAGGAACCGGCGTTCTGCGTAAGGCCGCCGCCGAACATGTCGGACAGGCCGCCGCCCTTGCCTTTGTGCATGAGGATGAGCAGGGTAAGCAGCAGACTGAGCACAACCAGCACAATCTGCAGAATCAGCTTGACTACAGTCACGGGTGAACCTCCAAATTTCAATACCGTTGTCCAGTGTACCGCAAGTTCGCGAAAAAGCGTGCAAAATCAACTATTATCATGTGAAGATGTTGTCGCAATCGTCTTCCTGCAGATTGTGGTGAGCTCATCGACGTCGAGGGCGGCACCTCCGATGAGGAAGCCGTCGACGTCCGGCTCCTCAATCAGCTCCACACAGTTCTTCGAAGACACCGAGCCTCCATACAGTACACGCACGGTCTGCGCCACATGGTCGCCGAATGATTTCGCCAGATCCACGCGGAAGGCATGGGCGGCGTCCTGCGCTGTCTGCGGTGTAGCAACCATGCCCGTGCCAATCGCCCAGACGGGTTCATAGGCGATGATGAGTTTTGATGCCTCCCCATCGGAAAGGTCGCGTGTCACGTCATGCACCTGTCCGACGGCAAACTCAAGTTCAATGCCCTTTCGCCTCTCCTCCAGACTCTCGCCGACGCATAGGATTGGCTGCATGCCGGCGGCAAGCACCGCTCGTACCTGATCGACGATGTTCGCATCGTCCTCCGGATGGTATTTGCGCCGTTCCGAATGGCCTACAATCACATAGCTGCAACCCAGATGCGCGAGCATGTCCGCAGAGACGTCACCGGTGAACGCCCCCTGTGACGTGACCGAAACGGCCTGGGCCCCGTATCTGATGCGCAAGTGTTCGGATTCCACCATCACCTGAACGCTACGAATCGAGGTGAATGACGGGAAGAGCGCCACTTCGCAACGATTGAAGTCAAAATGGCATCGTTTGAGGTTCTTGGAGAATGCCCGGACGAACTCGGTCGCCTCAAGATGATCGAAGTTCATCTTCCAATTGCCCGCAACCATGGGGATGCGTCGTGTCGATGCCATATTGCCTTGCCTGTCCTCCATATGAGAACGTGGCGCCCAGTACCTATTGCCGGGCGCCACGTCACACCGTTATTGGGCTAGTGTTGTGAATCCCTACTCGAGGACCTTGAGGCCAGGAAGCTCCTTGCCCTCGAGGAATTCGAGAGAGGCGCCGCCGCCCGTGGAGATGTGCGAGAAGCCATCTTCGGGGAATCCGAGCTGACGCACGGCCGCAGCGGAATCACCACCGCCGACGATGGTGAAGGCACCATGTTCGGTGGCATCCACCAGAGCCTGGGCGACGGCCTTGGTGCCTGCCGCGAAGGCAGGAACCTCGAAGACGCCCATCGGGCCGTTCCATACGACCGTCTTGGAATCGACGATCTTGTCGTGGAACAGCTTGCATGACTCAGGTCCGATGTCGAGGCCCATCATGTCAGACGGAATCTGATCGGCGGGAACCACCTTCGGATCGACCGGAGTGTCACCAGCCGGGAAGCCCTTGTTCACGACGATGTCAACGGGAAGCACCAGTTCGACGCCGTTCTTGTCGGCGGTTTCGATGTAGCCCTTGACCTGGTCGATCATATCCTCTTCCAGCAGGGAGGTACCGACTTCGTAACCCTTGGCCTTGAGGAAGGTGAACACCATGCCGCCGCCAATGACGAGACGATCGGCCTTGTCGAGAAGGTTCTCGATCACTCCGAGCTTATCGGAGACCTTGGAGCCACCGAGCACAACGGTGAACGGACGTTCCGGATCCTCGGTCGCCTTGGAGAGGGCGTTGACTTCCTTCTCCACCAGCAAGCCAGCGGCGGCCGGCAGGTCGGCAGCGACATCGTAATCGGAACCCTGTGCGCGATGAACCACACCAAAGCCGTCGGAGACGAACACATCGCCGAGAGCCGCAAGCTTCTTGGCGTATGCGGCACGCTCGGCCTCGTCCTTGCTGGTCTCCTCAGGGTTGAAACGAACGTTTTCCAGCAGCACAACGTCGCCGTCCTTCATGGCGGCTACCTTAGCCTGGGCGTCCTCGCCATAGGTGTCGGAGGCGAGAACCACAGGAACACCGAGAAGTTCGCTCAAGCGTGCAGCCACGGGAGCCAAGGAAAGCTCCGGAACAACCTTGCCCTTCGGGCGGCCGAGATGGGCCATGAGAATGACCTTGGCGCCTTCCTTGCGCAGAGCCTCGATGGTAGGCAGCGCCGCCTTGATACGACCATCGTCGGTGATCGTAGTCCCATCCAGCGGAACGTTGAAATCTGCGCGAACCAGAACGCGCTTGCCCTTCAGATCTCCAAGATCCTTGAGTGTCTTCATTCGTTATCCTTTCTAACCGCAAGAATGCGGGTGTGGCTTATGCCATCCCTTGCATTCTAGCGTCAAATCCACGCGATATCGGTTCGATTATCCGTTACGCAACATCACGCCTTACACCAGCTTACGCCATTGCGGCGTCCTGCTCCGCTTTCTCCGCCCGTTGCAGCAGACGACGGATGCGACCTGCCACCGCGTCCTTGCTGATTTGCGGGCGTGCGGCTCGTCCGAGCTCCTCCAAGGAGAAATCGGGGTGATCGATGCGCAATTGCCCGGCGGCACGAAGATTCTGCGGAATATCGTCTCCGAGCACATCGAATGCATGCTGCACTTTCACCACGGCCTCGGCGGCGGCTTTCGCACTGCGTCGCATATTTGCGTCATCGAAGTTTGCCAGTCGGTTGGCGCGATGGTGTGATTCGGTGTCGGGTCTCTTGCCGGTCCAATCGCGTACGGTGCTTGAGGCTCCCATCATCGTGAGGAGCCGTTCGATGGCATCCGGGTCGGAGAGATGGACGCGTACGGAACTGCGCACCGTATGCTTTGCGGCTCGTATGCCGAGGCGCTGACCCATGGCGATGAGCGAATCCGCTGTCTCCTCGTTCGGACAGATAATCTCAAGCGCGCTGGGTTTGTCGGGATCCGAAAGCACACCAGCAGACATGAAGGCACCGCGCCACACACCCTTGATTTGGGCAATGTTGCCGTTGGACAGATCCGTTGGCAGTCCGCGGACGATACGGTTGAGCCGTGGGTCTATCATGCCGGTGCGCACCGCCAATGCGAAACCGGCGCGTGCGCCGACGTCCACGGCATATCGACGCATGGAGCCCTGAGGGGTCTTCACATCGACGGATTTGAGGGCGGCTGGGATTTTATACAGGCTCTCGATTGTTTCCTGGAGCCAGTGGGCGGCTTCCATGGAGTCGAATTGTGGTTGGACGATGATCTGCGTCGAGGATTCACGCTGCACCTTGCGGAATCCTCGGCCGAAGTACAGCATCGACGTCACCTGTGCCTTCTGCACCGCCGGGGATCCCCCATCGATGTTCGACAACTCGCTTTTGACCTCATCGAGAAGCGCCAAAAGATCCTCCTGTAAGTTGTGTGGTACCTATTACGGTTCGGCGTGTCTCATTGACTCCGCTGTTCTGTGATACCGAACGTCTTGGACATCTTTGTTGAGTTTTCCCACATGTTGAAGTTGCTTTCACGATATGGGAAACCACTTGCAATCATTGGGTTTTCCGATCCAACTCTCGGGCCGAGACGGAGACCGAGAGGCCATGCGACCGCAATCTTGATGCCAATGCCTCGCTCATCGCCACGGAACGATGCTGGCCGCCGGTGCAACCGATTGCGATCGTCACATAATGCTTGTCCTCCTGTGCATAGCCTTGGATCGCTATTTCGATGGCCTTCTCATAGGCATCGAGGAACTGTGTGGCCTTGTCATTCGACAGCACGTATTCGCTCACCGGTGCATCATGTCCGTTGAGCTCTCGTAGCTGTGGCACCCAGTAGGGATTGGGCAGGAACCGCACATCGGCCACGAAATCGGCATCGATCGGTATGCCGTACTTGAAACCGAAACTGAAGATGTGCACGGAAACGGTTGTGGGTCCGTTGCCTGTCAAAGCCTCGTAAAGCTTGGTGGAGAGCTGGTGGATGCTCAGTTTCGAGGTGTTGATCACGATGTCGGCACGTTCCTCGAGGTTCTCGAGCAGTCTCCGCTCTTCGTGGATGCCGTCGATAAGACGGTTACCCTGCTGCAAAGGGTGCGGCCGGCGGACGGATTCGAATCGCTTGACCAATACGTTGTCATCGG
CP180384.1_gap24	980877	982358	1481	CATGATCAGATCGCTGATCAGTTCAGCGTCATCGACATCTTCGATGCGTTCCACACTCCAGTTGCGTTCGCCTCGAATCGAGCCCGAGCGCACGAAGAATGCATGCACTGACGCCTCAAGTTCATCGGATGCAATGCCGAACACATCGGCATCCACATCCTGATCGAGAACAACCGCATTCTGCTCCACAACCGTGGAGAGCATCTGGATCTCATCTCTAAGGCGCGCGGCTTTTTCGAAATCGAGTTCGGCGCTTGCCTCCTTCATAGCCGCAGTGAGTTTCGCCACATACGATTTGCCTATGCCTCCGGTAAGCACGCCGACCAATTGCTCACACAGGCGCTTGTGGTCCTGTGGGGTTATGCGCCCCACGCAGGGGGCAGAGCATTTGCCTATCGACGCCAACAGGCATGGCCTATTGGTGAGTTGCGCCTTGCGGAAATTCGCATCGGTGCACGTGCGCACCGGGAAGGTGCGTAGAAGTCCGTCGAGACTTTTGCGCAGATCCCACACTTTCGCATATGGCCCATAGTAGCGGGTGTCACGGCGCTTGCGGCTGCGCGTGACCCAAATACGCGGGTACTCCTCGCCTATCGACAGCGCCAGATATGGGTAGGTCTTGTCGTCCCTGAACTGCACGTTGAACCGTGGATCAAACTCTTTGATCCAGGTGTACTCCAGTGTGAGCGCCTCCAATTCGGTGCCCACCACCGTCCATTCCAAGGATCGGGCTGTGAGCACCATGGTCTGGGTGCGCGGGTGCAGCTGCCGCAATGGCTGGAAATAGTTGGATAGACGGTTGCGCAGGTTCTTGGCCTTGCCCACATAGATCACCTGCCCGTCGCCATCGCGCCACTTATAGACGCCGGGCTGGGCAGGAATGTCACCCGTCTTGGGTCTGAAGAGATCACGGGAGTCGCCGAGCAGCGGTGCGCCGTTCGCATTCACGTCCTCTGGCGGCTGTGCATGACCGCCGGCACCGGTATTGCCGGTGACTTCCATGAGATCATCGGCAAGATGCCTCCAGGTTCCTGGCGCATGGCGCTCGAAAATAGGCATGTCTCCCCTTATCGCTTGTTGCCGTGAGTGATTGCCGACAGTGCGTGAGGTGTGGCAATGTGTTATTGGTGCATGTCGCTCGATGCCCGTTCGAGCATCGGTGCAAGGAATCTGCCTGTCCAAGACCTTTCGCATGTGACCAGATGCTCTGGCGTTCCCTCGGCGACGATCGTGCCGCCTCCATCGCCGCCCTCGGGACCAAGGTCGATGATCCAGTCGCAGGACTTCACCACATCGAGGTTGTGCTCGATGATGATCACCGTGTTACCTTTGTCGACGAGTCCCTGCAGCACCAGCAGCAACTTGTTTACGTCTTCGAAGTGCAGGCCAGTGGTTGGTTCGTCGAGAATGTAGACCGTCTTGCCGGTGGAACGTCGTTGCAGCTCGGTGGCCAGCTTCACGCGTTGGGATTCGCCACCCGA
CP180384.1_gap25	987662	988879	1217	AGACCACACTCACCCGCGTCATCACCGGAGACATGCTCCCCACCGCGGGCACCGTTCGTGTCTCGGGCAAACTCGGCTACCTTCCGCAGGACACCCATGCCGCCGATCCGGAACAGACGGCGCTCGACCGTATGATGAGCGCACGTGACATCGCCTCGATCATCAAACGAATCCGCAAGGCCGAGAAGGAGATGACCAGCCCGGATCCCGACGTGATGACGAAGGCGATGAACCGGTACGACAAGGCGATGCAGGATTTCGAGAAAGCCGGCGGGTATGCGGCGCAATCGGAGGCGACCGCAATGGCCGCCAGCCTCGGCCTACCCCAGGAGGTCATGGGCCAACAACTCGGCACGCTCTCCGGCGGACAACGCCGGCGCATAGAACTGGCACGCATCCTCTTCTCCGATGCCGACACACTCATCCTGGACGAACCGACGAACCATCTGGATGCCGATTCCATACTGTGGTTGCGCGAATTCCTGAAGAAATACGAAGGCGGATTCCTCGTGATCTCCCACTCCAACGAACTGCTCGACGAGGTGGTGAACAAAGTATGGCACCTCGACGCCCAGCTCGGCCAGATCGACATGTACTCGCTCGGTTGGAAGGCATACCTACACCAGCGCGTCGTGGACGAGGAGCGCCGTCGCCGTGAGCGTGAAGTGGCTGAGAAGAAGGCCGAGCGCCTCATGCAGCAGGGCATTCGACTGCATGCCAAAGCCACAAAAGCCGTGGCAGCGCAGAACATGATGCGTCGGGCTGAACGTCTCCTCGCCGAAACCTCCGTGGCCCAGAAGAAGGAGAAGGTGGCCGACATACGCTTCCCGGAGCCGGCACCATGCGGCAAGACCCCCATCGAGGCGAAGGACATCTCGAAAGCCTATGGCTCGAACATCGTATTCGCGGGAGTCAATCTGGCCATCGACAAAGGCTCCCGGGTGGTCATCCTCGGGTACAACGGTGCGGGCAAGACCACCACACTGCGTTTGCTCGCCCATCTCGAGGAGCCGGACACCGGCGTGGTCGAATATGGCCATGGCGCGAAAATTGGCTATTTCGCCCAGGAGCACGACACCCTGGATCTAGGCATCACCGTGCTCGAGAATCTGCAGCGAGTGGCACCCGAACTCACCGACACCCAAGCGCGCTCCATACTCGGATCGTTCCTGTTCTCCGGTGACGATGCCTTCAAACCCACCCACGTGCTTTCGGGC
CP180384.1_gap26	999077	1000573	1496	ATGATGACCATACAGGATTTCGTCGATTTCCTCGATTGGGTAGATGAGTATGCCAGACGTAATCATAGGTATGCTCCACGAGGCATTATGAAATGCCGGAAGGCGTTGCCGCTGATGGCACAAGGTACCGATTCGGTTGCGGAAACTATGTTGCGTTTGATACTGATTCGCTATGGCCTGCCAATCCCTTGCGTCAATTACCAACTCGTCTTGCGCGATGGTTCACTGGTGTTTCTGGACCTTGCCTACCCTGAGGCGAAGATCGACATCGAATACGATGGGCGTCATCATCGCTACCAATGGGCACGGGATGCCCAGCGGACCATGAAGATCCGTGCCGAGGGATGGGAATATTTCCAGGTTACCTCTGAGATGCTCTCCGATGATGAGCAAATGTTTATGGTGGTCGTGCTCGTTGCCCGGTGCCTCAAGGAACGAACCGGCAAGGATTACCTGCTGCCGCAGCCATTGACTTTGGAGCAGGCGGCCGACCAACGCCGCGCGGTCTGGCATGGTTGATTTCGGATTTATCGGCCGTCATTCGTCTCTGTTTTGCGGAAAAGTGGAGGTCCCCTCCATAACATCTTGGTTTCAAGAGCGGCAAAACTCGACCACCTCCACGTAGCGGGATTCGGAATATCCGGTTTTCCGCTACCCTTGGGCACCGCTACTTGTGGGCTTGGCATTTTGCCGCTCTTGAAACCAAGATGTGCGCGGTCCGGCGATTGCCACCGCCTCTCTTCCGATAATTGTTCCGCGACCGTCACCAAATGCCGTGACTGGTTCGCACGGATTAGACGCTTCGCTCAGGTATATGCTTGATGTATTTGCTTATTCAACGTACGCTTCCGGTCGGTGGAAGCCCACATATCGTTCAAGGAATGCTGGCAATGGACGCATTCGACAAGATCGTGCAGAGGAGCTCATGAGTCAGATGGAGGATGGAATGACCGGCATATTCGGCGCGATCATAGGCGATATCGTCGGCTCGAAATACGAAGCCAATCCAATCAAAACCAAGCATTTCCCGCTGTTCTCCAATGGTTGCCGATTCACCGACGACACGGTGATGACCTGCGCGGTAGCCGAGGGCATCATGAATGGTGGTAGCGCAGATGATTTCATTGATGCGATGAAGAAATATGGGCGCATGTACCCGAACGCGGGTTATGGTCCCCGGTTCATGCGCTGGCTGTTCTCCGACAGTCGTGAGCCCATCGGCAGTTTCGGCAACGGATCGGCCATGCGCATATCGCCTTGTGCGTGGATGATGAGCTGCGGATTCACCGCACGGACCGGATTCATGCCCATCGGAGGTCGCGAACTCGCCGAGCGCTCGATCACGGTGACCCACGACGATCCCGAAGGTGTCAGAGGAGGGATGGCAGTGGCCGACTCAATCTTCCTCGCGCGATACTACTTCGGCGGCTGCCGCGGTGAGCATGAGAGGTCTCTGGCCGACGATCCTGCCGCATGCAGACAACGGATCGAAGACC
CP180384.1_gap27	1002680	1004348	1668	TTTCTTCCTGATGAGTCTCAGTGTGAGGTTTTCTGTCACTGTCGCTGCGGCCGATATCACCATACTTCCTCCAATGATGGGCCGCAATATACTTCCAGTTTTTGGGCGTATCCCAGCTGCGGGTGCAGATTCGTGGACGGCCTATTGGATGTTAGGCGCGGATTGTCGCCGCCATACCCGCATCTAGGCATATGTGTGCCGATGGACTTCGATGATGCCACCGTGCATTGATCATCGACATTGTTCTTCCGAGAGGAACTGCGTCTTGGAATGCTTGCAAGGGAGCCTGTATTTCACCTGATAGGCTTATGCTTGTGCCAAGCGTAACCACCACACCTCCTTCCTCATGCAATGCATGAAAAGTGGGCAACGAGGAGACCTGTTGCCCACTGAAAATGATGACAGCCCACTCACGCCCCGTACTGCGTCAGATACTCCTCGGCGGCCTTGGCGATCTCGTCGGTGACGTAGGGCTGGCCGTGCTCGCCGATCAGCTGCCGTCCGGCGGCGAAGATCTCCTTGACGTTCGCAATGGCGAACACGGGGAACCCGAACTCGCGTTGCACGTCCTGCACGGCGGAGAGATCTGAGTCCTTCGTCTTCTCCATGCGGTCGACGGAGAGGACGAGGCCCACGATGTTGACGTCGGCCTGCGCCTTGAGCTTGGGGACGACCTCGCGCACTGCGGTGCCGGCGGTCATCACATCGTCGACGAGCAGCACGTTCATGCCGTCCTCGAGTGGCTTGCCCACCATCGTGCCACCGTCGCCGTGGTCTTTCTTCTCTTTGCGGTCGAAGGTGTAGCCGATGGAGGCGTTGAAGCGGTGCTGCATGGCGATCGTGGTGGCCACGGCCAGCGGGATGCCTTTGTATGCCGGTCCGAACACGGTGTCGATGCGGGCGGCCAGGTTGCTTGCGGCGATCTCCTGTTGGATCTTCTCGGCATAGAATTCACCGAGCGTGGCGATCTTCGCACCGTCATCGAAGGCGCCGGCGTTGATGAAATAGGGCGACTGGCGTCCCGACTTCAATGTGAACGAGCCGAACTTCAACGCCTGCGATTCGAGCAGAAACTGGGTGAAACGGGTATCCAATGCTTCGGTCATCTGTGGGTTCTCCCCTCTGGTAAACGGATGCGCGAATAATCTGCGTATTCGGGACATCTCCGGGTTCGATTTGTCCCGAATACGCCGATTGACGGTCATGAATGGAATCGGAACGGCGAACGGGCATCGCCGACGGGTCAGCGCCAGGTGTCGCCCTTGACGAGCTTGTGTGCCAATTGCGGGCGTGAGTCGAGCAGATCGTCGAGTTCACGCGCCACGCGGATCGGTGCGGTCGGGTCGTAGAGCGCGGCGCCGCCCACCTCGACGGCGTTGGCGCCTGCATACAGGTATTCGAGCGCCTTCTCGCCGGAGTCGATGCCGCCGATGCCGATGATCGGCACATCGGGCAGAGCGGTGCGCACACGCCACACGCAGGCCAGACCCACCGGGAACACGGCAGGTCCGGAGACACCGCCGGTACGGTTCGCGATGATCGGTTCGCCGGTTTTGATATTGATGCGCATGCCGACCAGCGTGTTGATCATGCTCAGCGCATCGGCACCGGATTCGACAGCCGCCTTGGCGATGGCCGTGATATCGGTGACATTCGGCGTGAGCTTGA
CP180384.1_gap28	1005704	1010112	4408	GCCTGTTCCACCGTGCGGGTGAATGCGGTTGGCATGAATCTCCTTGGTTGTTCGGTGTGCGAGAATCCGTACGGACGGCTATCGCATACAAATCTATATCGGTTATGCAAGGGCGACGCGCAGCTGGTCTCGCATATCGGCCGCCGCTGCGCGGGCGTTGACGGCTACGAGTTCCAGCGCGGATTCCGGTTCGAGTGAATCGCTGTATTGCTCGTCGTTACGCCAGGCGCCTATGATGCCGCGGGATGAGTTCACAATGGCGCCGGAACCGTTGTGGTCGAACATGCCGGCCACGCTTTGTGCCGTGCCGCCCTGTGCCCCGTACCCGGGCACGAGGAAGAACGTGTGGGGCATGCGCTCGCGCAATGCGGCACCCTCCTTGGGATGCGTCGCACCGACCACGGCTCCGGCCCGGGAATAGCCGAAACGGCCGATGGAATCCTTGCCCCAATCCTCCACCAGATCGGCCACATGCTCATACACCCGGCCGCCATCGGCCAATTCGAGCTCCTGAATCTGCGAGCTCGACGGATTCGAGGTGCGCACCAGAATGAACATGTCGCGATCGGCTTGCCCGGCGGCCTCCATGAACGGTTCGATGCCGTCGGAACCCAGGTACGGGTTCACCGTCACCGCGTCCTCAAACCACACGTCATCGCCTTGGAAACCGGTGAGATGATGCGCGTAGGCGGCGGCGGTCGAACCTATGTCACCGCGCTTGACATCGCCGATCACGTACAGGCCGCGGCTTTGCGCATATTCGCATGTCATCGTGTAACAGTCGATGCCTGCGGGCCCGAGCGCCTCATACATGGCGATCTGCGGCTTCACTGCAGGCACGATGTCGTACACCGCATCGATGATGGCGCGATTGAATTCGAAATACGCTGCTGCGGCAGCGGTGGCTGCCAGATTGTCGTCCGACTCCACCTGTTCCTCGGCTTCGACGGCATAGGCATCCATCACGGGGGCGGGAACGAGTTTGTCGGTGGGGTCAAGGCCCACGACACTGGGATTCTGTTTGTCTTCGATTGCTTCGATGAGCCGGTCCATAATCGCTACTCCCCTGTTTCCGTTTCGGTTGCCTCGTCAAATCCCAGTCGGTCGAACACCAGAGCGGATGCGATGATCGTCGCATACGGCTTGCCGCTCACATCCCAGCCGTTGAATGGCGTGTTACGTGCCTTCGACAGGAACCGGCCCGCGTCGATGCTCCACTGCTCCGTGGTGTTGAGAATGTTCAGGTCCACGAGCTCCGGGTGTTCCACTTCGGCCAGGTTCAGCGAGCGCTTCACCGCGCATTTCGACGAGGTGTTGAGCAATGCGGCGATGTCGGTGGAATGCCGTCCCATCAGTTGGGCCGGATTCAGCGACATGAGCTCGATGAGTCGCTGGTCGCTGATGTGGCCGCCGTCGACGAGTACCTTGTGGCATACCGCATAGGCGCATTCCAGTCCGATGATGCCGTTGGGTGCTTCGAGGAATCCGCGGGCCTTCTCTTCGAGTGTGTGCGGGGCATGGTCGGTGGCGATCATGTCCACGGTGCCGTCCTCGATCGCTTTGATCGTGGCCAAGCGATCCCGTTCGCCGCGCAGTGGTGGGTTCATCTTCGCGAGCGTGCCGTATTCGAGCAGCGCCTCGTCGTTCAATGCCAGATAATGCGGTGCGGTTTCGCAGGTGATGGGCAGCCCTTCGGCCTTCGCGTTGCGAATGGCGTCGAAGGAGATTGCGGTGGACACGTGCTGGAAGTGCACGTGCACGCCGGTTTCGCGCACGAGGTCGATGTCACGTTGCACGATCGCCAGTTCGGTGTCTTCGGGGATTCCCGGCACGTTCAGGGCATGGGATACGGGACCTTCGTTCACGGCGCCCACGTCATGGTGTTCGCAGTGCTCGATGAGGTATAGTCCGGTGCTCTTGACGTTGTCGAACACCTGGCGCAGCACTGGTTCTGGCACGGCTGAACCGTCGTCGCTCATTGCGGTGACGGGGTGGGCGATCTGTGCGGGGTCTTTCTCACTGTCATGGCCCGGCATGTACCATGCCCAGTCCTTCGGGTCGGTCGGTTCGAGCCCGGCCCGGCCTTTGGTGGCGCATACGCACAGTTCGTAGCGTACCGGCAGCGTGACGTGGTGGATCTGTTCATAGTGCTGCAGATAATCGATCACCGTGTGGTAGCCGGCATCGAGAATCTCCTGCGCGCCGGGTTCCCCCTCGTGTACTTGAAGGCCGTCCATCGCCGGCACGGTGTTCGGCATGATGAGCACGTTCGTGTAACCGCCCGATGCGGCGGCCATGCATCCGGAGACCATCGACTCCTTGTAGGTCTGCCCGGGATCGCGGAAGTGCACGTGCGGATCTTCGAAGCCCGGCGCCACGGTGAGCGCACTGGCGTCGATGGTGACGTCACGCGGGTCGGGGACGGTCAGGTCGATGTGTTCGCCCGTGTCCCACACCGTGATGTCGGTGAATGTGATGGCCATTTAGAATTTCGCCTCCTCGTCGCAGTATCGGCAGCGGTACACCTCGTCGTCGGTGTGGTCGAGGTAGAACACCTGGTCGATGCCGGGTTCGGTGGTCGTCACGCAGCGCGGGTTCACGCAGGTGATCACATTGACCACGCGTTCAGGCAGCGTCGGCGTCTGTTTGTTCACAATCTGGCCGCCGTGGATGATGTCGACGGTGGCTTGGCGGGCCACCAGTCCGAGCACGTCGAGGTCGACGTCCTGGGCGTCCTCGATCTTGATGATGTCTTTCGAACCGTACCGTCGGCTCGTTGTGTTCATGATCAGCGCGAGCTTCGTGGTGGCCGGGTCGATGCGCAGGTATTCGAGCACCTTGAGCGCGGTGCCGGCAGGCACATGATCGATGATGATCCCATCCTGGATGCTAGTGACTTCCATCAGGCTTCGACCTCCTGGTTCGCATACTGCTCGTAGCCGGGCAATTCGTCGCCGAGCACCGAGCTTTCCAATGCCATGCGCATGAGCATGCCGTTCTTCACCTGTTCGAAATAGGCGGCACGGGGGTCGACGTCCACCTCCGTGGCGATTTCGTTGACGCGCGGCAACGGGTGCAGCACCGCCATCGTGGGTTTGGCCTTCGCGAGTTTGCCCTCGTCAAGAATGTAGGTGTCACGCAGGCGCAGGTAATCGTCTTCGTTGAAGAAGCGTTCCTTCTGCACGCGCGTCATGTACAGGGCGTCCAGATCCCCTATGACCGTACTCAAGTCGGTGACCTCCTCGTACGAGCAGGTGGGCGTGGCGTTGATGCGGTTGAGCACGTATTGCGGGGTGCGCAGCTCCTTCGGTGAGATGAGCACGAAACGCACGTTGCCGAAGCGGCACAGCGTCTCGATGAGCGAGTGCACGGTGCGGCCGAAGGTCAGGTCGCCGCACAGGCCGATCGTCAGGCCGTTCACCCGTCCGAATCGCGACTGCAGTGTCGCGAGATCGGCGAGCGTCTGCGTCGGGTGCATGTGGCCGCCGTCGCCGGCGTTGATCACCGGCACCGAGGAGGCGTCCGCGGCCACCAGGGCGGCGCCTTCCTTCGGGTGACGGATCGCCACGACGTCGACGTAGTTCGACACGGTCTTCAACGTGTCCGAAATCGATTCGCCCTTCGTTGCGGAGCTCAGCTGCGATCCCGCAAAACCGATCACCTTGCCGCCCAACCGCAGCATTGCGGTCTCGAAGCTCAGTCGCGTGCGCGTGCTTGGCTCATAAAACAAAGTGGCCAACACCCGTCCGTCACAGGTGTGTGCCACTTCCTTGCGATGCGAATCGATGTACTGCGCTTTATGCAGCAACTCCTCGATTTGCGTGACTGTGAGATCGTCGAGGGTGATGACGCTGGTTCCCACTATGGACTGTCCGTCGGCGTGTTGCTGAACGCTAGACAATGGCTCACCTTTCATGCATGTGCTGTTCCAGGTGATCACCGAAGTGACCTCTCCAACTATACCCCACTGCCCCGCCGGCTCGACACGCCCTCATAATTCCGGCTGCACATACCGGGGAGCCTTGGCATGGGCCGCCTTCACGCGCCTGGCATCAGCCTGTGCAGAACGGGCGCCTGCAACTGCGTCCCGGGCCGGATGATTCGTCAGATCCCTGTCGATCCAAGCCATGACGAGATCGGCCAGTCTGTTCACCTCGGCATCGGTCAACGGCCGACCTTTGGCAATGCCATGCCATTTCTCGATGCATCCGCGGCAGCATGTCGCCGTCGCATGCTGGGCGGTGAACACCGGGTGCCCGCGCCAAGGCGTCTGCCTGCCGTCGTTGGACGGTTGCGCCTCGCCCACGCGTGCGCGCAGCATCTCATGCGCATGCCTGTCGATGACATGTCTGCCCTTGTCGCGCGCATACGACCGATCAGCCTCGCTCAACACGAACTTCGCACGGAA
CP180384.1_gap29	1192334	1197074	4740	GGCTACCAGACGATGGACCTGCTCGCCGGCCTCTATTTCGGCATTGTCATCTCCGCGAACATCTCCTCGATGGGCGTCGAAGACGAGCATGACAATCGCGCGGAGACCGGCATCGGAGGCATCTTCACCGGCATCATGCTCGCCATAATATATGCGATGCTGGGTTTTGTGGGGGCGGTCTCCGGTTCGTACCAGGCAATCGATGGCGCCACCGATACAGGCGCCACCGTGCTGACCAATCTCACCGACCGTCTGTTCGGCCATGTGGGCACCATGTTTGTGGGACTCATTTTCATTGTGGCCTGCTTCAATGTGTGCTCCGGACTCCTCTCCACCTGTTCGTCCTACTTCCATAAGCAGTTCGGCACCGTGCTTGGCTACCGGGGTTGGACCATCGTTTTCACACTCATCGCACTGGTCATTGCAAACATTGGGCTGAGCGCCATCATCAAACTCTCCGTACCGGTGTTGGAGGCCCTGTACCCCATAGCCATCGTGCTCGTACTGCTCTCGCTCCTGCATGGCGTGTTCACGCGGCATTTCCCTGCTGTCTATTTCTGGACGGTGCTGTTCACCGCCATCGACAGCGTGGCCAATGGCATCGCCAATCTCGTCGCCGCATTCGGCGGACGGCTGGTATGGCTCGAGACTGCGTGCAATTGGCTTCCACTCAACTCGGTGGCTCTTGGTTGGGTCGTTCCAGCGCTCGCCGGGTTTGTCGTGGGGATTATCGTGAGCATTGCCGAACGCATGCACACGCACTGAACCGGAACGGGATTCCTCACTCGCCGGCAGAAGCGCTCAGCCGCGCGTCGAGCTCTCCTACCAAATCCCCATAGCCTTCCTCGGCCATCCGATCTCGCGGTACGAATCGAAGTGACGCCGAATTCATGCAGTACCGCATGCCGCCACGTTCGCGGGGGCCGTCTGCGAACACATGGCCCAGATGACTGTCGGATTGCACGGCCCGCACCTCGAGGCGCGGGTGCAGCGGCAAGCTGTAATCCTTGACCATGCGTACCGACCCCTGATCGATCGGCGTGCTGAACGACGGCCAGCCACAGCCGGAATCGAATTTGTCGGTCGAGAAGAACAACGGTTCGCCGCTGACTCGATCCACATAGATGCCGGGGTCGAACAGACGATCATATTCGTTATGGAACGGCGGTTCGGTGGCAGACTGCTGCGTGACCGCATACTGTTCCGGGCTCAGGCTCCAGATGCGTTCGATATGACGCTGACGTTCGCGCATGTGGTCGATCACGCTCAGTGGAATATGACAGTAGCCTGTTGGATTGGCGAGCAGGTAATCCTGATGTTCGGGCTCCGCAATCGTGAAATTGCGCAAATCCTCGATCTCAACGGCCGGAGTCGATCCGGAGCGTTGCGCGAGTTCGTCCAACGCCTGCTCATACACCGCGCGCTGCTCGGCGGCATGCGCACCGGCCGGATACAGTCCGGAACGGTATTGCGACCCGACGTCGTTGCCCTGACGGTCGACGCTGAATGGATCGATGATGCTCAGGAACAGCAAGGTCAGTGTTCGCAGACTCACCCGCGTCGGATTGTAATCGATGCGCACCGTTTCCACGGCGTGGGTCGTTCCCGAACACACCATGCGATAGGTGGGATCCGGCGTAATGGATTGCGCGTATCCCACCGTGGTGTCAAGGACGCCATCGACATTCTGCATGGCTCGTTCGAGTCCCCAGAAGCATCCGCCGGCCATATAGGCCACATGCGTCTCGGGGGCGGCCGCCTCCGTCCGTTGCATTGTCATCTCACTGCCCGACTTCGTATTTCGCCGGATCCTCGTCGAAGACACCTGCGCAATGCTTGCTGCAGAAGTAGATTGTCCGCCCGTCATAGACGCGGGTGTCGGCGGCGTCCTTCGGATCGACGACCATGCCGCAGATTGGGTCGATGTGTTCCTGATGTGCCATGGTATGCTCCTTATGTTCATGTTCCGTGATGGATTCATGCCGGCAGTCGGTGTGCGTGCCGCAGGACTGGAGAGTCTGCGACGGCAACGCGAAACGAAGATTCAACGGCGTGCGCGCACCTCTGCGTACAGGCTTAGCATGGTTCGGCACGAAGGCGTGCAGTCTGTTTGCGTTGAGCACAACGGACAACGAGGAGAATGCCATTGCGGCACCTGCGATCATCGGACTGAGCAGCACATGCCACAGTGGGTAGAGCACACCGGCGGCGACCGGGATGCCCAGTCCGTTGTAGCCAAGCGCAAAACCCAGGTTCTGGTGGATGTTGCGCATCGTGCGATCCGACAGATCGATGGCGGTGACCACCGACTCGAGCGACGAATTCATCAACGTCACATCCGCGGATTCCACCGCCACATCGGTGCCCGAACCCATCGCCATGCCGACATCGGCCCTGGCCAGCGCTGGCGCGTCATTGATGCCGTCGCCCACCATGGCCACCACGCGGTGCTGGTTCTGCAGTTCGCGTACAACGGCCTCCTTATCGGCAGGCGTGACCTGTGCGACGGCATGGGTGATGCCGAGCTCCCGGGCGATTGCCTGTGCCGTGGCCTCATGGTCGCCGGTGAGCATCACGACGTCGATGCCCCGCATCTGCAATGCTTCGATTGCCTGGGCCGAGGTCTCCTTGAGCGCATCGGCGACGGCGACGACCGCGATCACGACGCCATCCACGGCAGCGACGACCGGCGTGCGTGCTTTCTCGGCCATCTGTTCGACGGCGTCATGCACCCGCTTCGAAACAGCTGCATCTTCATCAACATGCGCCTGCACGAAGCGTTCATTGCCTACGACCACGCGGTGGCCTTCGACATGGCCGCTCACACCGCCACCGGGCTCGTTATGAAAATCGCGCACCTGTGGCAACGCCCCATGCGGGGCTTGCACCTCGGAGCGATATGCCTGCACAATCGCCTCGGCAAGCGGATGCTCGGATTTCGCCTCTACTGCGGCGACATACGAGAATCCCGGTATCTTAGCCATATGGGAGACGTCGATCGGACCGCCGTCATCATCGGCCAGGCCCACCACGTCGACGACCTGCGGCTTGCCCACGGTGATCGTACCGGTCTTGTCGAGCACCACGGTGTCGATGCGATGCGTGTTCTCGAGCGCCTGCGCCGAACGGAACAACACACCATATTGTGCACCCTTCCCCGTGGCGATGGTGATGCTCAATGGGGTCGCCAGTCCAAGCGCGCACGGGCAGGCGATGACGAGCACACTGATCGCACAGACAATGCCGTAGAGCACATGCAATGGCATCGGAGCCATCTGCCAGAAGACGAAGGTCCAGACGGCGATGATCATGACGACCGGCACGAACACGCCGGCCACCCGGTCCGCAATGCGCTGGATGGGCGCCTTCGAGGTCTGCGCGTTACGCACGAGCCGAATGATCTGTGCGAGCACGGTCTGGGATCCCACACGGGTGGCACGGTAGCGGATCGTGCCATTGCCGTTGACCGTCGAACCGACCACGCTGGCTCCTTCCCCCACCGCCACCGGCATCGACTCGCCTGTCACCATCGACTCGTCGATGCTTGTGTGGCCGCTCACAACAATGCCGTCGATCGGCAGGCTCTCGCCGGGGCGCACCTCGATGATGTCGCCCACCGCAACGTCGGCAGTGGGGATATCCCGCATACCATGCTCCGTGACGACATGCGCCGTGTTCACCCGAAGTCCTACCAACGCCTTGATCGCCGCACCGGTGCCGGCCTGCGCCTTCGCTTCGAACAGCTGTCCGAGGATCATCAGCGTGATGATCGTCGCCACCGCCTCGTAATAGGGTTCGCGTGACCCCACGGGCAGCGCGTCTGGCCAGATCGTGACGAACAGTGAGTACAGGAAGGCCACGCAGGTGCCCGTGGTGACCAGTGAGTTCATCTCCGGTGCGCGGTGGGCAATGGCGAGCCAACCGGTACGATGGACGGGCCAACCGCAATAGAACATCACCGGTGCCGTGAGTATGAGCTGCAGCCACGGGCTCATCACCCATGCGGGCAACGTATGCGCCATCCATGCCCCCACAGCGGGGATCATGGGCAGCATGGCGATGAGCAGTTCAGGCACCGTGAACGCGATACCGACGATCAGTCTTCTCTTGAGCTCGCCGATCTCATGCTCCCGCTCGGCGTCGTCCGCCGACTGCAGCTGTTCGAGCTGCTCCGCATCGGAGAGTCCCGTGGCCTCCGACACGCCATTGGATTCGGCTGCTGCGGTTTCCCCGTTGCCTTTACCGGTCACCCGCAGCATCCCATGGAGCATGTTCATGCCACAGGCGAACGGGTATTCCCCGGGTGCGAGGGCGGGCAGCCTCACCTCCGTATGGGCGAACGCCTGCAGGGTGCGGTCTATGCCGAGCTCCGGGAACACGACGTGGGAGGAGCATTCCCCGCTCTCTTTCCTATCGAAGTCGAGTACGATCGGCGTCCCGGCCTTGACCTCAATGAGCGACGGCTCGTAGCCTCCGCGGACGACGACATGCGCGGTCTGCATACCCTGTGAGACCTGCGCCTTGTGGGCTTTCCTAGGGGCGAAGAAGAACCATACGATGAACGCGGTGAGTGCCACGGCAACTAGAATCGACCAAACCAACGTCATGTTGCACCTCCCACTGGATGAATGCCTGCGTTACGACAACGTGGGCGCGTCCACACATATTCCCGCCGCGCTCCACGCGTGGCGGAAATGCATGCCATGGGCAACCCGCGTGATTAGTGTGGGGCATATCGAT
CP180384.1_gap30	1299194	1303120	3926	CGTAGAACAGGTTCGTGATCTGCTGGGTGGGATTGACGATGGCGAATCCGGGGGCGTTGCGTTGGGTCCAGTCGCTCAGGTTCATTGCGCCGGTGCCGTAGAGTCCACTGAATATCGAGAGCACGCACGACAGCGCGGTGGTGATGCCTATTTTCACGCCGGAAGTGAGCTTCGGCAACGATCCTATGAGCGTGCCGAGCGCATTGGCGGTAAGGGACGCGAGCAGCAGCGCCAGGACGAGCACGGGCCAACGGCCGCCGAAATCGACCTTGCACACGAAATGGACGTAGAGCGTCGCAACCACCATCGACACCGATGCGCATAGCCAGCTGGCGAGGAAACCTCCCATGAGCTGGTTGAACTTGGAGAGCGGGGCCAGCGACCGTCTCATACCAAGCGCCGAAAGATTCGCCTGCGTGGCGCACACGGTCGTGGTGGCGAAGGTCATCGACATGAGTGCGGTCATGGCGAGCAGCGCATAGTAGAATCGGACGGATTCGGTCGGCTTGAAATGGGTGGGGCTCACAACTTTCGTGAACGTCGGGGTGTCGCCCATCTCCTTGGTGAACGTGGCATCACGGAACACGCCCGAATCGGTGTTGAGCAGCTCGGTCACGGTGATGGCTCGCCTATTGAACATGCCTACGGCACCATGCAGAATGTTGAGGGATGCACTGAAGCCGGAATTTCCGGTGTCATCGTTGACGGATGCGACGCTGGCACGACTGATCGTCAGGTTCAGCAGCCCGTCTTCCGTGGCGTTGATGTAGCCACGCACCCCGTGGTCGGCGTTGATGAGGCCCTTGGCCTCCTTGACGTTTGACACGGCCTGCAATTCCAACAGGTTCCTGAGCTCGGAACCCACCTGCCCGGACGCCGTATCGGGCGCAGCGCCTTCCATGGCGTTCCCGCAGCCCTCGTTCCGCAGTGGATTCCGCTGCATCGCATGCAGCATCTGACGCGCGTTGGTCGCCCTGCAGAAGTTCGCGTCCGCGACCACTGCGAACCTCATCGTATGTATTTCATAGACCTCGCCGATGTTGCCGAACATGCCCATGAACATCGTCGACAGAATGATCGGGAAGCAGAAGAGCCAGAACACCGAACTCTTCTCACGCAGATTCACGCGCATGGTGTTGAGGAATGTACTCCACATGTATTCACCTCCTTCGTCGTATGTGCCGCACGCTCAATCGCGCAGGTCGGTCCCGGTGAGGGCGAGGAACACGTCGTTCAACGTCGGCGCACGGGAGCTCACATGCCCCATGGGGATGTCGAGCGAGCGCAGCACCTGCAGCACATCGATGAGATTGTGCTCGCCCTGCGAACAGACCACCACGAGCTCGTCGTTCTCGAACGTCACCTCGTGCACAGCCTCCAAGTCACCCAACATCGAGACGGCCCGTTGGCACAGGGCCTCATTCGCGCTCAACGCCGGCGCTTCGACGGTGATTCGCTCGCCGGCCTCGATCATGCGCTTGAGCTCGTCGGCCGTGCCGATGGCGATCTGACGGCCGTGATCTATGATCTGGATGCGGTCGCAGATCTGCTCGACCTCCTCCATGTAATGGCTCGTGTACACGACGGTCGCGCCACGCTCGTTGAGCCGTTTGATGCCTTCGAGAATCGAGTTGCGGCTTTGCGGATCCACCGCCACCGTCGGCTCGTCGAAGAAGATGGGTTCGGGTTGGTGCACTATGCCGCATGCAATGTTCAATCGGCGCGGCAGACCTCCTGAGAGCTTGCGCGGGCGGAATCTGCGGTAATCCTCGAGTCCCACGAATTCGATTGCTTCGTCCACCAGCCGCGCACGTCTCATCTTGTCAGCGACGTACAGCGAGCAGAAGTACTCGATGTTCTCCTGCACGGTGAGCTCGTTGAATACAGCCACGTCCTGAGGCACCACGCCGATCCTGCGCTTCAGGTCGTAGGCGGTGGGGCCCATCTTGCCGCCGAATGCACGGATTTGGCCCGAATCATAGGTGAGCAACCCGAGAATGCAGTTGATCGCGGTGGTCTTGCCGGAACCGTTCGGCCCCAGCAATCCGTAAATCTCCCCAGTGCGCACGTTCATGTTCAAATAGTCGAGCGCGAGCTTGTCGGCATATCGTTTCACCAGTTCGCGCACCTCGATCGCTGGTGCGGCATCGCGCTGTACGTTGTTCTCTGCTGTGTTCATGCCTCCATATTGCCGAACAGGCAACGGCCGACACGGTGCCAGGAATCACCGTTTTTGTACGAATGGTGACATTTGTCACCATTCGGCATGACATTCGCCCTGTTGTCATGAACAATGGAACAGAATAGGAGGGGAGAGACAACGGCATGATCATCTCCGTGGGAGCTCATGCGCTGATGTTCGTCGTCAGCGTGCTGTTCTCGGTGATGCTGAGCGGCGACACCGATACCACCTTCGTCATTGGTCTGCTGTTCTGCGTGATCCTCTGCTCGTTGATCCGTCTGGCTCCCCTCAGATGCTGGATCGCACTCGCCATGATGTTCTGCATGGTCTGCCTGTTTGTTCCGCAATGGATCGCGCTGATGCCGATCGTGGGCTTCGATCTGGGATTGCGGGTGCAGTCGTTGGGCAGGTCTTTCCAAATGCTGGTCTGCGTCCCCCCACTGGTCTGCGGAATCGTGGCCGGTCAGCACAGTCCGGCATTGCACGATCTGTCAGCCGCAGCCACCTCGCCGCTCGTGATGGCCCTTTGGATTCTATGTGCGCTCACCTCCCTCGCAGTTCTCGGCGGCTGGGTATTCGCACTCGCGCAACGAAGACAACGGTGCTTCCAATCGTTGGCAGACGACCAACGGGAACGTATCCGCCGTTCGCGCGCTCGTCTCGCCGATGTCGAATCCGCCAGGTCGGCGGACCTGCAGCATGCGCGGCTCACCGAACGCACACGCATCGCACGCGAGATCCACGACAATGTGGGACATCTGCTCACTCGTGCGATCATGCTGACGAATGCGGACCAAGTGATTGCCACCAGCACCGGTGACACGCTGCATGCCGATCAATTCGGGCAGCTTGGTCATACCCTCGACGAGGCGATGACGATGATTCGCAAATCCGTGCATGGTCTCAAAGACGAAGGCACTGATTTTCGGGCGATGGTCGAGGATGCCATGGCCACCGCCAAGCAATCTGATGTCGAGATTCGCCTCTCCAATGCCATCGATGCCGTGCCTTCCCATGTGGCACATGCATTCACGGCCGTGATTCGCGGAGCGTTGACGAACACAATCCGGCATAGCGCAGCTTCTGAGGCCCACGTGCATCTGATTGATTTGCCGGGGTTGTGGCAGCTGATCGTGCAGGGCAACGGCGGCGTACCGGAACGCGGCCGCGTGGCGAGCATGGGCATTGGAATCGCCGACATCGAGGAACGGGCGCGCGCATTGGATGGCACAGCCACCTGCGGCTACCATAACGGCGGCTGGCGCGTGTTCATGTCCGTCCCGAAAACAGCGGAAAGGAATATGCGATGAAGGTCGCGATTGTTGACGATGACCCTATTGTCTGCTCGTCCATCGGCACGATCCTCACGACCACCGGCACCGCCGAGGTCGTGTGGACTGCGCATGACGGGGCCGCCGCCGTGGTGGCCTATGCACGTCAGAAACCGGATGTGTTGCTCATCGACGTGCAGATGCCGGGCACCGACGGCCTTGAAGCCAGCGAGCGCATTCTCGTGCTCACCACTTTCGCCGACCCGGAGTACATTCGCCGTGCCATCGAATTGGGCACGAAAGGCTATCTCATCAAACAGGACGTGGCTTCGGTGATTCCAGCAGTGCAGGCGGTCATGGCCGGGCAGGTGGTGTTGGGCGCGGACGTGCTGCGCAACCTGCCGATGCACGATGCGTCCGGGAATGTGGAGGAACCAAAGGCGTCCCCATTACCGGATGATCCCAGATTCGCG
CP180384.1_gap31	1317876	1319602	1726	GCCGTCGGTGATCGTGCCCGTCTTGTCGAGATTGAGCGCATCCACGCGTGCGAGGGTCTCCACCGAGTCGAGGTCCTGCACCAGCGTGTTCTTGCGGGCAAGGCGAATGGCGGCGAGCGCGAAATTGAGTGACGTGAGCAGCACGAGCCCCTCGGGCACCATGCCCACGACGCCGGCCACGGAGGAGACGACAGCTTGGCGCCATTCTCCGGTCGCGATGGCGTTGTGCCAGCCGCCGACCGTGCGCATCTGCGTGACAATGAGCAGCATGCACAGCGGCACCACGAGGAACGTCATGAACTTGAGGATCGTGTTGATGCCCTTGTTCAGGTCGGAGACGTTCTTCTTGTACACCTTCGCCTGAGCGGTCAACGTGGCGGCATAACTGTGGGCGCCGACCGCGGTCACCTTGACGAGCGCCATGCCGGAGACGGCCGTGGAACCCGAATACACGGTCTCGCCCTCCTGTTTGCGCACGGTGCGTGACTCGCCGGTGATCATGGACTCGTCGAGCTCCAATCCCCAGGTATGCAGAATCTCGGCGTCGCACGGGATCTGCTCGCCGGAGCGGATCCACAGGCAGTCGCCGAGCACGATGCCGTTATGCGGGACGTCCACATCCTTGCCATCGCGGCGCACGAGGTAATCGGAGGCGATCAGAATGGAGAGCTTGTCGAGCGTGCGCTTGGCCCGCAACTCGGTGACGATGCCGATGCCGGTGTTGATCAGGATGACGAGGCCAAACACCGCGTCTTTCCACGAACCAGTGATGAGCACCATGACCATGGCGGTGAAGATGATGCCGTTGAACAACGTGAACACATTGGCGCGCACGATATCCGCCAGGGAACGCGACGTCGACGACTTCACCTCGTTCGTCTGGCCGCGCTCCACACGGTCGCGCACCTCGGCTGCGGTGAGCCCCTTCTCGGTGACGTCGGGCATATGTGCATGGTCGTCGCCACCTTGCGCACCGGTCATCGATACGCTCTGCTGTGCATTCGCGGAATCGCTCATGTTCGCCAGTCTACTCAACCGTACGCACGCAGGGGAATACGCCGGTGGTCAGGAACGCGTGCTGACGACGATCTCGCGCTCATGGGGATGGTCGAAGATCACCGAACGCAACGCCTCCCCCATGGGCTGCGCGTCCATCATGCGATCGTTGACGACGAAGGTGGCGGCGAACAGCTTGGTGTCGCCGGGCACATCGGCCGGATTGAGCAGCACGACCGGTATGCCCGCATTGCGCGCGTTGGCGAGCGCCGTATTCCACTGCGACTCGTCGTCATGGAAGGTGAGCCCGCTGATGACGATGACCTTGGGATGACGGCTCACCGCATCGCTCACCGCCTTCCGTGCGAAATCGGCGGCGCGTTGCGGGTCCGCCGAGTACTGCTGCACACCGGTGTAACTCGCCTTGAACTCCTTGGTGGCGAGCGAGCGCATCACCAGCTCATCCGCGCCACCGTGCGGCGAGCCAATCACCGCGACGTCCAGCCGCGCACCGGTGTTCTCATTGTGGTTGTGCTCATAGGTCTCGTTGTTTTGCGTGTCCCCCACCGCCGCACCTTTCGGCGTGCAGCCGGCCATCAGCGCCAGCGCCGCCACAGCGCATGCAATGGCCGCCAGCCGTTTCGTTCTCCGTGCCATGTTCCTCCCGCCTGCCGCGCTTCCCGTGCCCATCTCACCCAGTCGTAGCTCGGGTGCCGTGATGCATATAGCG
CP180384.1_gap32	1351318	1355669	4351	AGCGGCGGTGCGGGGGATGGCCGGCGACGTTGAGGAACGTAAGGGAGCTTGCGACAGTGACGAAATGTCGCCGGCCATCCCCCGCACCGCCAGAGGCAGACCAGCGTGGTCGGATGTTCAGCCTCGTTTACGCAATGCCGCGGGGAGCACGAAATGCATGTTCTCCTCAATCGTCTCCACCGTGTCGACCTCGGTGAAGCCAAGCCGCTGCAGTGCGTCGATCACACCCTGCACCAGCTCGTCCGGCACCGACGCCCCTGACGACACGCCGACCGCAGAGACACCTTCGAACCATGCGGAATCGAGCTCGTCGGCGTCATCGACACGGTGGGCGGTGCCACGTCCGCCAAGCGCCTCGTTCGCCACCTCCATGAGCCGCACCGAATTCGACGAGTTCGCCGAACCCACGATCACCATGGCATCGGCCTGTTCGGCCACCAGTTTCACCGCGGCCTGCCGGTTCGACGTGGCGTAGCAGATGTCCGAGCTCGGCGGCAGTTCAATCCACGGGAATCTGCGCTGCAATGCGGCGATCGTGCCCGTGGTCTCGTCGACGCTCAACGTGGTCTGCGAAAGCAACACGAGCTTTTGGTCGGGCGAGAAATCAAGATCGTCCACATCGCGCTCATGCTCGATCAGATGCACATGCTCGGGCGACTCTCCGATCACGCCCACGGCCTCGTCATGACCGCGATGGCCAATATAAACGATCTCATAGCCTTCCCGCACGAAACGCAACACCTCGCGGTGCACTTTGCTCACCAGCGGGCAGCTCGCATCGACGACGCTCATGCCGAGTTCGTTGGCTTCGCGCACCACCTGCGGCGACACGCCGTGCGCGGAGAACACGACCGGTATGCCGGCCTGCGCCGCCGCCTGGGGAATCTCGGAAAGCTCGTCGACGAACACGGCGCCCTGCTCGGCGAGTTCGTCGACGACATGCCTGTTGTGCACGATCTGCCGGCGCACATACACCGGGGGCAGATCGTCTTCACGCGGCGCGGCAGTGTTCAAAATGGTCTGCACGGACTGTATCGCGCGATCGACACCCGCGCAGAACCCGCGCGGATTCGCCAGAATGATTCGTTTCGTCATGCCTGCCTTTCGTCGCATCAATCATAACCGAATGAATGAACACTACACTTGGTTGAATCGCTGAATAAATAGGGGCCACGCGCGCTACAATGGGCACACGTCTCAACAACGAGGCAATCAACGACGACTGGAGTCCCATGAGCGCACTTCCCCCTCGCACAGGTCAGCAATTCTCCATTTCACACGGCGATTACACCGCGGTGATCGCGCAGCTTGGCGCCACATTGCGCGTGTTCCGATACCAAGGCGACGACGTGACCGTGTCCACCGGTCCCGACGATGTGGTCACCTGCTGCGTCGGCCGCGTGCTCGTGCCGTTCCCGAACCGTCTCGAGCACGGCTCCTATGATTTCGACGGCGCCCACTACCAACTGCCGATCAACGAACCCGAGCGCGACAACGCGATCCACGGCTTCGGCATGAACTACTACTGGCAGCTCGAACGACTCACCGAAGATTCCGTTACGCTCAGCTGGCGCGTGCCGCTCACTGAAGGATACCCGTTCTCGCTGCAGGTGTTCATCACATACACGCTTTCCAATTCCGGCATGCGCATCGACTGCGACGCGGTGAACAACGGCGACGGCCCGGCACCGTGGGCGATGGCCGTGCATCCGTGGTTCTCGAACGGCGAGGACGCCCATGGCAACGCGATCGACGCCGTCACCTCGCGTTGCAGTGTGCAGATTCCCGCGAACACGCATGTGCTCACCAATGGGAACCTGATCCCGACCGGAACCGAGCCGGTGGACGGCACGAAATTCGATTTCCGCACGGCCGCGTTGCTCGACCGGCAGCCGTACGACGACGCGCTGACCGACCTGACCCATGCCGCCGACGGCACCGTGACCGCGGTGTTCACGCGGCCGGACGGCCGGCAGGTGGCGATCATCGGCGACGAGAGCATCACCTCGTTCCAGGTGTGCACCGGCACCGGCTTCCCCGAGGCGATCCATCCGACCGGCGTCGCCGTGGAACCGCAGACCGCGTACGCGAACACGTTCCGCACAGGCATCGACCTCATCGAGATCGCTCCGGGAGACACCGCGCATACGACGATTCGCTATCAGGTGCTTCAGTGACATACAAGCCGTCCGTCAACACGGCTACACTATGACCATTGTGCCCTGTGCAAAGTGTATGCACCCTGCAACGTCTGGGCGGCATGCGACAATGCATAAGGCATATGACGGCTTTAGAAAAGGAGTCCACTATGGGTATGCGCGGACGTAAGCGTAAGGCTCGCCGTAAAAAGGCAGCAAATCACGGCAAAAGGCCAAATGCCTGAGCAGCTGTGACCCGTCTTGAACGGAAATGGGAGAGGCCCGTGGAATTCCACGGGCCTCTCCCATTTTTCGCATATATGAAACCAATGCGCAACCATAACCAAAAAGCCGGCATCCGGGAAACCTGGATACCGGCGATGCCACTCACAGTCCCTGACGGTGCGTGTGATGGATGATCGTATGCGAGGTGACCACGGTGTGCTCGGTGATCACTTCGCCACAGCATTTGTCCAGCGTCATCTTCAATCGTTCATACAGGCATTCCGGCGCCTGCTGGGGTCTCAAATACGCTTTCATAGCGGCGATCATCACCTGTTCACGCGCGTCGCAGCATGATGACGGATCGAAGCACTCCCCCTCCACCTGCGGCGCGGATGCATCATTCGAATTATGCAGATCGTCCAGCGACACAGGCTCATCATGCTCATCCAAAGGCTGCGATATGCCCTTGCTCATTGCCTCGCCTTTCCGTGAGCTCCAACTAGTTCCTTCTCGCGAGCGTCATCTCGCGTTTCATTGCTATTTGTCTCAACGGAATTCGCCTCCGTTTTATTTCCACGCTTCGCTTTGGCCGTCGAAGTGCCACGGGAGGTCTTCGTGGATTTGCCGTAACCGCGGGCGGCGGCGTATTCGGCGAGCTCCTTGCGCAGTTGCGTGCGTGCACGGTTAAGGCGGCTCATCACCGTGCCGATCTTGATACCCTGTTCATCGGCCACCTGCTGGTACGACTTGCCATCGATGGCGGCATCGATGAACACCTGACGGCGCTCCGGGGGGAGCCTGTCGAGCGCAGCCATGATCTCCTCCGGCGCGAACGCCTCCAAATACTGCTGTTCGGCGGACTGTAGACCTTGCGAAGTATGCTCGGAGGCCGCGAAGATATCCCAGTCGTCGTATTCGCCGGTGGAATCGTTCGCACGCTGCGGGCGACGCTTCGCCTTCGCATACTGGTTGAAGAAGGCGTTGCGTTCAATCGTCGTCATCCAGGCTTCGAAATTGGAACCCGGCTTGAAGGTGTCGAAGGCCTTGAAGCCGCGCTCGAACGTGTCTTGCACCAGATCCTGGGCATCCTCCGGATTGTTCGTGAACTTCATCGCCTGACGGTAGAGCGCATTGACGGCGGGCATGGCAAGCTTCTCGAAGCGCGCCCGCTTCTCCTGCATCGTTTCGTGTTCATTCTCGCTTGTTTCGCTCACGCCCTCCATTGTACGGTACGAGGTGAAGGAAATCTGAAAGCCAGCTGGGGGCGCAAACACCGCGAGTGTCCGTCTGGTATTCGCCGCTCGCGCACATGCACGGCGCACGGTAGAATTCAAGCGGAATAAAGGAGAACCATGTCTTTGTCGTTGCAATCCGCAGCACGCGAGCTCTTCGCGGAGAATCTGCTGCATGAGATCATCACCCCGCACATGTGGACCATGAACGCGGCCTCCGTAGAGAACAACGAGGTGCCGTTCACGGCAATCACCTACGACACGCGCACGGTGACGCCAGGCAGTCTGCTCGTATGCAAAGGGAACTTCAATCCGAAATACCTCGAGCAGGCGAACAAGCTCGGCATGGCGGCGTACGTGGCGACGAACGATTATTCGGCGTACACGGACGCGCCCGGGCTCATCGTCTCCGACGACAAGAAAGCACTCAGCATTCTCGCCCAGGCATACTACGACCACCCGGAGCGTCAGCTCACACTGATCGGCATCACCGGCACCAAGGGCAAGACCACCACCGCGTACTACACGCACGCCATCATCAACGCGCTGAGTGGAAACACGACGGCATTGTTCTCGTCGGTGGACAATTGCGTGGACGGCATGCACTACGTGGAATCCGACCTCACGACGCCCGAATCGCTCGACGCGGTGCGCATGATGCGCGAGGCGGTGAACAACGGCATGAAATACCTGGTGATGGAGGTCTCCTCACAGGCATACAAAGTCAACCGCGTCTACGATTTCCATTTCGACGTC
CP180384.1_gap33	1358974	1362043	3069	CCGCATCCGCGTCGAGCACATTCGTCGCGTCCCATCGACCGCCCATGCCGACCTCGACAATCGCGACGTCGACCGGCGCGTCCGCGAACTTCCAGATTGCCATCGCCGTGAGCACCTCGAAGAAGCTCATGCGCGGCGCGCCCTCCTCGTCCATTTTCTTGTCGACGAGCGCAACGAAGTCCTTCACCTGATTCCACAGTTCCACGAAGTCGTCGTCGGACAGGCGCTGCCCGTCGATGACGATGCGCTCGCTCACATGCTCGAGATGCGGCGACGTGTACAGGCCGGTCCGCATGCCGTATGCCCTGCAGATCGCTTCGGCCATGCGTGCCGTGGATCCCTTGCCGTTCGTGCCGGTGATGTGGATGATGCGGAACGAGTCCTGCGGATTGCCGAGCAGGTCGAGGATCATCCTCATTCGCTTGAGATCCAGGTTCGTCGTGTTCCGCTCGCTCGGACGGTTCATGATGTCTCGCTCGACGTCCCGCACACTCATCTGATTGTCGCTCATAAGCACTCTTCCCGCGTATGTATACAAACCTCGTCCATTCTATGCATTTGCCCGACCTTCCACCGCCAGCGCACGCTATAGTGTTTCCCACATGGTTGAGCGCGGGACTTGGGGGCCGTATTGATGACGATGCAGGCATGACGACGAAGACATCGGAGGCGACGGATCGGCACGGCCGATATACGCTCGGCATTGTGGACAACGACCCGCTGGTCGCCGAGGCGCCACGCTCCTCATTCGAACGCTTCCACGCCCCGCTCGAGGTGATCTGGGCGCTCACCGACCCCGAAGACGCTCTCGTCCACTGTCTGCATGCGAAGGGCCGCCCCGACGTCCTCCTCACCGACATCGACATGCCCCGCCTCTCCGGCCTCGGCCTCTTCCACGAACTCCAAACCCGCAAACTCCCCATTACCGTCATCGGCATCTCCGCGTTCCCGAACATCGCCGAAGAACCCGGTTTGGTCATCCTGCCCAAGGAATCCGCCGTCGAGGAGATCGTCCAACTCGCCGGCATGCTCCGCCGTGACGACGACCTGACCCGCTGGTTCCCGACCCCAACAAAACCAAACCCACTCTCCCCCAGTGAACTCCATGCCCTCACCCACTACTCCGAAGGTCTTACAACCACCGCGATAGCCCACACCATGCACGTGAGCGAGTCAAGCATGAAGACCTTCGCCAAGCGCGCGTATGAGAAACTCGACGCCCATTCCCGCACCGAAGCCATCGCCATCTGCGTAAGAAACGGGTGGATCTGACATGACCGAAATACTATCTGCAGACTCCCCAACCAAACCGAAACCGCTCACCAAACTCGTCGCCCACCTGCGCGCGCACCCATTCATCATCGCGGGCACATTGTTCTGCGTAGCAGTGCTCGTGTTTGAATGGCTCACATATTGGCCGGATCTCAACGGCTTCGAGACTGCCCTGAGCACACTGATTCCCGTGCTCACGCTTGGTGTCGCCATCATGCCGGTTCCGTTCAGTCTGTCGATCATCGTCGTCGAAGTACTGCGTGGGATCTTCTACATCTTCCCAGTCGTCCACTCCGGTCCGACCGTCTATTACAGCGTCTGGCTTGCGCTCATCGTAATCGGTTACGAAATGCCCGCGAAATACGCGATTCCGATCACCGTGATTGCCGCGCTCGACACGATGGTCGACAACGCGATCTTCCAGGTGCCGTTCGATGCGAACGACATCGGTTTCGCCGCCACGTTCCTGCTCGATGGGTTCGCCGGCCTCGCAATCCGCCGCAACAAGGAGTTCGCGCGACTCAGATACGAACAGCGTGAACAAGCCAAGCAGATTCATCTCGTCCGCACGCTGCACGACGACATCGGCGGCTCGCTCTCCTACGCACTGCTGCTATGCCGGAACGCTCAGGCCGAGACCGATCCGGACACGCTGCGCACGTCGCTGGAGACAATCACGCAAACCGTGGAATCCACGCTTGCAGATCTGCGCACCAATATCATCACGCCACTTTCCGCATCCACACCGGCATCCACGGCGATATCCCGTAACGTGGATGAGTCGACGACCACCGGCAGCTGCGCTCGCCTATGCCAGAACGTGCTCAGGCAGCCGGCACTGCTGGAACAAGCGGGATTCAACGGCACGATTCATGTGTCTGGCGAGGCGACAGACGAATCCGCGAACCTCGTGAACATATGCCTTACGGAGATCTGCAACAACATCCTCAAGCACGGCACCCATTCGTATGTGGTGCGCATCAGGTTCGGCGAGCGCACCACACTTGTCGCCTCGAACGAGATTGCAGCGGGTGAGGCACAGCCTGATTCGGCTCATCATGGTCTGGAGATGCTCGAATCCAGACTCCACGACCTCGGCGCGGCGATGACCGTCAGCGAGGAGGATGGAATCTGGACTCTGGCAATCGAACGATGAGGAATCAGAAGTTCAATTGGCATCCGGAGCCTTCCAGTGCATGCGTGGGTTGGGTGCGAAGTCAGTCGACAGGTAATCGGTTGTTCCGCTCAGCATCTCGTTGAGTCTGCCGTCGGTGTCGATGGCATATACGGAATCAAGGTTCTGAATGTCCGATTCGTAGAGCTTGTATACGAGGATCTTGCAGCGATTGCGCCCATCCTCCGGCACTGCAATCACCGTGGCGAAGCCGCCGGTCCCTTTGGTCAGAAGGGTCCTCGAGAGTGGGTAGCTGTCATTGCCCAGTGAATCGGGAAGATGGAAGTGCTGGTGGTCGATGTGGCTCGTGGTTGTGTTCACTGTCTCGATGGCTCCGGATTCGAGGAACACCGTCAGTTGGTCGCCTACGGTGAGCCCTGCGTCGTTCGCAACCGATACCAACGCCCATTGTGTTCCGAACGCCTCTTGCCGGTCCTTGACATATCCCTTGCAGTGTTCATTCGAAATCAGGTAGTCACGCTTCTGGTCCTGGAAGAACACGCCGGTGCCGTTCCACACGATGTGCTGTTGGAGCATACCTTCCGTCTGGATGTATTCCGCGCGGCCATTGCTGTGTACGAGTGCCACATAGCCCTTGTCGACGGTCTCGAACTTCTTGCTCG
CP180384.1_gap34	1462294	1464927	2633	TGATGCGCTTGACTCCGGCGCGCGTGCCGAGCTTGAACGCGTCGCCCTCCTCGAGCTCCAGCATTCCCTGCTGCACGAGGAACTGCGCGGTGGCACGCGTGCCGTTGCCGCACATCTCGGCAAGCGTGCCGTCGGCGTTGCGGTAGTCCATGAACCACTCCACGCCCTCCTTGCGCATCTTCTGGGCGTCGTGTCCGTCCAGATCGGCCACATGCCCCGGGCGGGTGATGCGGATCAGGCCGTCGGCGCCGATGCCGAAATGACGGTCGCACAATTGGATGATGTCCTGCTTCTGTGGCGCGTGTTCCCCACTGCGGTCGGCATACATCACGAAATCGTTGCCGGTGCCCTGCGCCTTGATCATATGTTCTGGCAAACTCATACCGCCCACTCTACCGCAACCGAAGCTGAGATGTGCATATACGTGTAGCGAAGCGGGGAATACGCGCAGGTCTGTAGACTGGAGACTTGCAATATCACCCGCATGCAGGAAAGAGACTCCCATGACCTCCAGCGCACCGGTAGGCGTGTTCGATTCCGGACTCGGCGGCATCTCCGTGGTCAGGCAGATTCGAACGGATCTGCCTCATGAGCGAATCCTCTATTTCGGCGACTCGGCGAACGCCCCATACGGCACGAAGACTCCCGAGCAGGTGCGCGACCTCTCGTTCCGCATTGTCGAGGATTTCGTCGAACAGGGTGCCAAGGCGGTCGTCATCGCCTGCAACACAGCCACGTCGAGCGCCGTGCAGGAACTGCGGGAGCACTATGACATTCCGATCATCGGCATGGAACCGGCGCTCAAGGTGGCCTGCGACCGCGGGCATGGCGAACGCCAGAGCGTCATCGTCGCCGCCACCCCGCTCACATTGCGCGAGCGGAAGTTCGCGGCGCTCATGCATCGTTTCGAGGATGCACACACCATTCATAAGCAGCCGTGCCCGCGTCTCGTCGAAATCGTGGAGCGTGGAGAGCTCGACGACCACGACCTCGTCATGCGCACGCTGCACGACTATTTCGACCAGTACGACCTCGCCCACACCGACTCGGTGGTGCTCGGTTGCACGCATTTCGTGTTCTACCGGGACTATTTCCGCGAGTTGCTGCCGAACAACGTCGCGATCGTCGATGGCAACGAGGGCACTGCACGCCATCTGGAGGTCGTGCTCGAATCCCTCGGCAAACTCGCCCCCGAGGAACAGGACGGCGGCGTTATCTTGCGCAATTCCGACCCGGGCGAGCGTATAGCCGAACTCGCGCAGCAACTGCTGGAGAGGTAGTCTGCAGCCATTCCCGTAAGACCCAAGCAGATCAGATGAGGAGACCCGTATGACCCACACCGCACACACCACCGGAATCATTGACGTCGGCGGCGGTTTCCGCGCCATCTTCGGGGCCGGCGTCGAAGACCGCTGCCTCGAGGAGGACGTCGGTTTCGACCACTGCTACGGCATCTCGGCGGGGTCTGCGAATCTGGCATCATATCTGGCGCGGCAGCAGGGCCGCGCGCACACGTTCTACACGCAGTACGCGTTCCGCAAGGAATATGCGAGCATGGAGAACTACATCACGAAACGCAACTTCTGCGATCTCGACTACGTGTATGGCACGCTGAGTAACAGCGACGGCGAGAACCCGTTGGATTACGCCGCGTTCAGCGACAATCCGGCGACCTTCACCGTCGTGGCGGCAAACGGCGAGGACGGCTCGTCGCGCTACTTCGACAAATCGGACATGCGTCAGGACGACTACACGATACTCAAGGCGAGTTCCGCGGTACCGGTGGCATGCCAGCCGGTGGTGATCGACGACGTCCCGTACTTCGACGGTGGCATCGCGGACCCGATTCCGGTGCAGCGGGCCATTGACGACGGTTGCGACCGCATCGTCGTCGTGCTCACACGCCCGGTGGACGTGGCCCGCGAACAGCAGAGGGACGTCGCGCCGGCACGCATTCTCAAACGGCATCATCCCGCCGCAGCCGAACGTCTGCTCAACCGCTACCGCACGTACAACGACGAGGTCGCGCTCGCCAGGCGGTACGAGCAGGAGGGCAAGGTGCTCATCCTCTCCCCGGAAAGCCTCTACGGGCTCTCGACCATGTCGAAGACCTTCGAAGGCCTTGAGCGCATGTACCGCGCAGGCTACGCCCAGGCAGCGCGGATTCGCGAGTTTCTCGACTCCTGATATCGTCCGGACCACACATGCGCAAATGCCGGGGCCGTGGAAGTTTCCACGGCCCCGGCATTTGCGCGTATGAGATCAGTTCTGTGGACTGGATTCCTGCGTGGTGAGCATCGCCTGCGTCATCTGGTCGAACAGCTCCGAATAGCCGCCTGGCGTGGCCGCCGGCATCACCAGCGTCTTCGCGTTCTTCGATTCCGAGAGCGAGCGCAGCACATCGAGATACTGGTTGAACAGCACCACGTTGTTCACCGCGCCAATGTCCATGCCGACTTCCTGCAGGCTCTTGATCTGGTCCACAATGCCATCGGCGATCTCGCGGCGGTAATTCGCCTGGCCCTCGCCCTGCAGGCGCACCTTCTCTGCTTCAGCGGCCGCCTGGGTCTCGATCTGGATGCGCATGGCCTCGGCATGCTGGCGAGTCGCCTCCTTTTCGCGCTGGGCCGCGT
CP180384.1_gap35	1472034	1473322	1288	GCCCTTGAGATCGGTCACGTCATGTCCGTCTATGATCACCTGGCCCTCGGTAGGCCGCTCGAGCAGGTTGATCGTGCGCACCAGCGTCGACTTGCCCGCGCCGGAGAAGCCCACGATGCCGAAGATCTCGCCTTCGCGCACATGCATGGTGACGTCCTTGACGGCTTCGACCGTGCGGCCGCCCTCACGGAAGGTGACGGAGATGTGGTTCAGTTCGATGATCGTGCTGGAATCCGTGTTCTGTACACCCATGTTCCCTCGCTGTTCATGCCTGCGGTGCATTGTCTCGGTCACTTAAGCCGCTCACTCGGCCCACGATGCCGGCTTGCCGAAGTCCTTGAACTTGCTGGCGGCGATGGCCTGCCTGAATTCGTCACTACCGAGCAAATCGCGCACCGTCTTGGCGAAATGCGTGTCTTTGTTCTGGCCGGCAATGGCGAACACCTCGATCACCCCGTCGTCCTGCTGCTCCAGGGCAAGCGCGTTCTTCGGGTCGAGACCGGCGGCCCAGGAGTAGTTGCCGGGGACGAGCGAGACGTCCACGGTGTCGAGCGAACGAGCCAGCTGGGCAGCGTCGATCGGCTTGATGTTCAGGTGCTTCGGATTGCTGGTGATGTCGTTCACCGAGGCCTTCGTGGCATCCACACCGTCTTTGATCGTCACGAGCTTGTTCTGCTGGAGCACGCCGAGGCTGCGGGCGAGATTCGAACCGTCGTTCGCAATGGCCACGGTGGCACCGTCCGCAATCTCATCGATCGAGTGGTACTTGTTCGAATAGATGCCTAGACCAAGCGTCGGCGTCTGGCCCAGCGAAATGAGATCCAGATCGTTGTCGGCGCTGAACTTCTTCAGGTAGTTGCCGTGCTGCATCAGGTTCGCATCGATCTTGCCGGAGGCCAATGCCTTGTCGGGCTGCACGTAGTCATTGAACACCTTCGTGCTCACCTCGTACCCCTTCTCCTTGAGCAGCGGCGCGAACACCTCCTCGACCATGTCGCCATACGGTCCCGCGCATACGCCGATCGTCACCTTCGTCGTCTTGCCATCCACAGGTTCGGCAATGCCTTCGGCGCTGGCGTTCTGCGCGGTGCCGCAGGCGGCAGTGCCAAGCAGTGTCGCCGCGGCAAGCACAGCGGCGAAGGCGCGCGTGAGTGTCCTACGCTTCGATTTCAGGGTGGTGAATGCGGTTGCGATGGTCATGGGTCTTCTCTTTCTCTCGTGACTGCGGATTCCGGGCAGCGTCGGCAATGCAGCGTCAGGCAATCCGTGAATATGAAATCTGTGAGTA
CP180384.1_gap36	1665128	1669587	4459	GCTGCCGCCTGCAACGCGACGCCACCGGCAGGCGCGGTGTCAAGGGCGACAGGCTCTACGACTGCAGGCGCGCCCTGCTGACCAGCGACGAATACCTCGGCGCACGCGGCCGTGCCAGACTCATGGCCCTGTTCGCCATCCAGGCCAACCGCGACCTCATGCTCGCCCACGACGCCTACCAAAGGGTCATACACGCCTACCGGTGCGACGACAGGCGACGCGGCGAACGCATGATGCGCGAGCTGATCGACGACCTGACCGGACCGGGGCGCTACAAAGGCTGCCGGGAACTCGCCTCCCTCGGCCGCGTGCTCAAAAGACGCATGCGCGACATCCTCGCCCTCTTCCGCCACCCCCGCTCAAGCAACGGACCCACCGAAGCCATCAACGGCAGGCTCGAGACCCTGCGCGGCAACGCCATGGGCTTCGCCAACACCACCAGCTACATCCAACGATGCCTCATCCACAGCAGCCAACTCAAAGACATCCTTACACACTAACCTGAGAAGAGCCCCTAAATCATGGATGCCCGCAAGGAACACAGTGACCCTTTTCGCTAGTGTGGCATCCCCATTGAAATTACTCGCAATGATTTCCCGGGTACCCTCCGGCAACCACTCATCCCAGATTTTCTCGGCCACAAGAGCCGAATCCGACATATGCACATACAACGGAAGCCACTCCTCCCCCACATCCCGATCGGTCTTTCCCCACAGAGCGCGCGCTTGCGCCGACAGAGCCAATCCATCATCCGAAGAATATCCAAGCTGCCCCATCTGAAACCCCCTGCGCTTTCACCCTTGATCGCATTGTTTCACCCACACTACCATCTCAAGCGCGTTGCGAACAACAACATGGAGAGTCACTCTCCAAGCATTTTATAAACACATGCACAAGCCGGTGGCATGATCGGGAACATACATTCTACAAATCTGTAAAAAAGACAGATACAACCTTAATCTGTCCCTTTTTACGTAATAGATTCAATGAATTCGATAGCTCCTTGCGTAAAAGGAGACACCATCAGCGGCTTACCCGTCCCGAACGCAAAAGAGGCTGGAGCTACAGCCGCGCCACCTGCACACCCTGCGTGTCCACGTTGAGGTGGAGCACACGCCAGTGGCCGGATGCGAGCTGGGCGGTGGCAATCTGGTTCAGGTCGTCCGAGGCGTCGCCGTTGTGCAGCACGCAAACGCATGGGCCGGCACCCGATACGGCGGCCGCATACCCGTGCTCGCGCAGCAAATCGATGAGTTCGGCGGACGGCTTCATGAGCGGCGCGCGATAGCTCTGGTGGAGCTTGTCTTGCGTGGCGGTGAACAGCAGTTCGTTCGGGTCCTGCTCCCCTGCCAACGCGGACGGATTCATGGCTCCGATCAGCAGTCCCATGCGAGACACGTTGAACACGGCGTCCGCGAACGGCACGGTGTTCAGCAATGCGGCGCGGGCCTGCGCGGTGGAGAGTTCGTAATCCGGAACGAAAATCGAGGCGCGCACGCCGGCGTCGACGAGGTAGTTCACCGAGCGGAAGCCGGTGTTCACCACCTCGCCCTGCACGATCTCGCTTTGCCCGTCCTCGGTCCACGAGACGGTCATGCCGCCGTATACCGCGGGCGCCACGTTGTCGGGATGCCCTTCGAGGTCGGCCGCGTACTGGAAGATCACGTCGCGGTCGAGCTCGCCCTCGTGCGAGAACGCGTAGGCGGCGGAGATGCCGGCCACGATCGCCTCGGCGGACGAGCCCATGCCGCGCGCCTGCGGGATGTTGTTGTGCGCCTCCATGATGAACCCGCATTTGCTCAGGCCAAAGCGCGAACATGCGCGGCGGAACGTGGAGACCACCAGGTGAGACTCGTCGCGCGGCAGCGTGTTCTCGCCTTCGCCGGTGATGAGAATCTGTGCCGCCATGTTGAGCGGATCGGAACTGAGCGTGAACTCGAGCTCGTCATGGTAATCCAAGGCAAGTCCCACGGTGTCGAAACCGGAGCCGAGATTGGCGCTGGTCGCCGGCACGCGAACGTGGACTTTACGAGTCACCGGATCCATTTTCCACTTCCTACTCTGACGGTCAGGGCAATACGAATTGCCGGTCTATGTATAACAGATTATCAGTCGAGCACGCGAATGATCGATGGGTCGCCGGTCACCGAGTCAAGCTGGCACACCGCGTCGACCGCCTCGCGCAGCGTCGTCTCGTCGGTCATATGCGTGACCAGGCGCAGCTGCTGGATCTCGCCGTCATAGCCCGGTTCGGTCGCCGTGGGCTTGAGGTCCTGGTTCACGCCGTTGATCGAGATGCCGCGGTCTGCGAACTCCTTCGCCACCTGCAACAGCACGCCCGGCTTGTCGTGAATGAGGAAGCGCACGGCGAAGCTCGCCTTGGCTGAGCTGAGCGGCGCGATCGGGTAGTCGTTGTACATGCGGATCGCCGGACCGGTGCAACCGGAGGCGATGTGGCGCGCGACGGTGACGATGTCGCCGACGACTGCGGAAGCGGTGGGGGCGCCGCCGGCACCGCGGCCATAGAACATGAGGTCATCGGCATACTCGGCGTGCAGGAAGACCGCGTTGAAGGAGCCATGCACCGACGCCAGCGGGTGCTCGTTGCGAATGAGCGCAGGGTAAACGCGTGCGGAGACGCCGTCTTCGGTGTGATCGACCACGGCGAGCAGCTTCACCACCTTGCCTTCCGCGGTGGCGGCGGCAATGTCGTCGGCGGTGATGTGCGTGATGCCTTCCACGGTCACGTCGTCGATGCCGACGTTCGTGTGGAAGCCGAGCGTGGCCATGATCGCCGCCTTGTTCGCGGCATCGTAGCCTTCGATGTCACCGGTCGGGTCGGCCTCGGCATAGCCCTTCTCCTGGGCCTCCTTGAGTGCGACGTCGAAATCGAGGCCCTTGGTGGTCATCTCGTCGAGAATGTAGTTCGTCGTGCCGTTGACAATGCCGAGCATGCTCTTCACCTGATCTCCGACGAGCGACTCGCGCAGCGGGCGCACGATCGGGATCGCGCCGCCGACCGCCGCCTCGAAGTAGATATCCGCATGGTTGTCTTCGGCCGCCTTATACAGTTCCGGGCCGTACTTCGCGAGCAGCGCCTTGTTCGCGGTGACCACAGACGCGCCGTTGTTGAGCGCCTCCAACACGAAGGTGCGCGCGACGCCGGTGCCGCCGATGAGCTCGACCACAATGTCCGCGTTCTTCACCACCGACATCGTGTCGCTGGTGAGCAGCGACTTGTCGATCCACGGGAAGTCCACCTCGTTCGGGTCCAGGCAGGCGATGCCGGAGATTTCGAGGGGACGGCCAATGCGCTGCCCGAGCTCGTCCTTCTGCTCGACCAGGATGCGCGCCGTCTGCGAGCCAACGGTGCCGGCTCCAAGTAAGCCTACGCGGATCGGGGCGTTCTGTTCTGCCATGGGAATCCTTTCATGCGGTGCACACTGCGTGTTCACAGGTTTGCTTAGGTCATTGTACGTGGAGGTGTATAGCCGCGTACGCAGTCGCTCTGTCTGTGGAATCGAAATCCGCCGCTCTTTGCGTGATCTACGTAAAAGTGGACAGAAAACGCCTGGATCTGTCCCAAATTACGCAAGAGGGAGACCTGCACGGAGGAAGGGAATCTACGTAAAAGGGGACAGATCACCGGGCGGAATTGTCCCCGATTACGCAGGTGGCAGGTGTTTGCCATTCACTCGCTCACGTCGAGCGCGAGCAGGTCGTCGATCGTCTGCCGACGCATCATCACATGCGCGCCATGCCCGTCTATGCCGACGACGGCCGGAATGAGCGCCATGTTGTAGTTGCTCGCCATCGAACGGCCGTAGGCGCCGGTGACCGGCACGGCCAGGATGTCGCCGCGGTGCACGTCGGCAGGAAGATTCGCCTCATTCACCACAATGTCGCCGGACTCGCAGTGGATGCCGACGACGCGCGAGAGCTTCGCCGGTTCAGCGGACTCGCGGTTGGCAAGAATCGCGGTGTATTTCGCGTCGTAGAGCGCGGGGCGAATGTTGTCGCTCATGCCGCCGTCCACCGAGATGTATGCGCGTTCGCGAATCCGCTCGCCCGCGTTGTTCGTGAAGCCGTCGCCAAGCTGCACGGTCTTCACGGTGCCCACACGGTAGAGCGTCACGCCGGCGGGGGCGACGATCCAGCGGCCCGGCTCGAACGAGATGATCGGCGCGGGCATGCCGAGCAAGCGGTTCGTCTTCGACACGGCGTCGGCAAGACGGCCGAGTTCGCGGTCCACGTCCATGCGGTCCTCATCGTCGGTGTAGGCGACCGAATAGCCGCCGCCGAGATCGACCTCGGGGAGCGTGTAGGCATTCGTCGCATAGAACGTCTTGCGCAGCAGCATCATGCGCTTGGCCGCCTGAATGAACGCCTCGGCATCGTGAATATTCGAGCCGATATGCGAGTGCACGCCCACGAGTTCCAGATTGCCGTACTTGGCGAT
CP180384.1_gap37	1670675	1675389	4714	GAGCTTCAGTCGGGCGGCCGCGCGCGCGGGCTCCGGGTTCTTCGCGATGCGGGTGCGTTCGCGGGTCTGCTCATCGGCGCGCTCCTCCGCTTCGGTGAGCGGCATCGGCACCACGCGCTCGACGTTGTACCACTTGTGGTATGCGGCGGCGAGGTCTTCCAGGTAGTGCGCGATGCGATGCGGCGCGCGCAGGTCACCAGCGAGCGTGAGCAGTGCGGGCCACTGCGCGAGTGCGGCGATCACCTCGCCGTCCGCCTCAGTGTCGAGCAGCGAGAGATCGGCGTCGGCGGCATTGATTTGCGCGGCTTCGGCATTGCGGTCGACGTTGCACGAGCGGGCGTGCGCATACTGCACATAGTACACCGGATTGTCGTTCGAATGCGAGGCGAGCAGATTGAGGTCGATGTCGACCGGCGAATTGTAGTCGGTGCGGGCCAGTGAATAGCGGGATGCGTCCACGCCAATCGCGTCGATGAGGTCGTCGATCGTCACGATGTTGCCCGCGCGCTTGCTCATGCGCACCGGCTTGCCGTCCTTCATCACATTGACCATCTGGCCGATGAGAATCTGCATGTTCTCGCCCGGTTTGTCTCCGAACGCGGCGCACATGGCCATCATGCGGCCGATGTACCCGTGGTGGTCGGCGCCGAGCATGTAGATCGCGACGTCGGCCGGGTCGGTCTTGCGGTGGCGCTTGTTGCGGTAGTAGGCGATGTCCGCGGCGAAGTATGCGTACGTGCCGTCGGATTTGATGATCACGCGGTCTTTGTCGTCGCCATGCTCGGTCGATTCGAACCAGGTCGCGCCGTCTTTCTCGTAGATGTCGCCGGCATTGCGCAGGTCGGCGATCGCCTTCTCCACCTCGCCGTCCTCGTACAGGCTGTTCTCGTGGAACCACACATCGAAGTGCACGCGGAATTCCTTCATGGACTGGCGAATCTCGTCGAACATCATTGGCACCGCGCGCTTGCGGAACTCCTCACGCTGCTCGGAATCGCCTTCGCCCAGCGGCTCGCCCTTCTCGTCGGTGCCGCCGTCGACGCGCGGCAGATTGAGAATATCGATGCCTTCGGCGTTGGCCTCCACGATCACACGGCGTGCGATCTCGTCGATGTAGGCGCCCTTGTATCCGTCGACGGGCGTCGGCTCGTCGTGGGCGGCGGCCACGAGCGACTTGGCGAAGCGGTTGATCTGCTCGCCGTGGTCATTGAAGTAGTATTCGCGCACAACGGTGGCGCCATTGGCCTGCAGTATGCGGGCCATCGAATCGCCCACCGCGGCCCAGCGCGTGCCGCCGATGTGGATCGGGCCGGTCGGGTTCGCGGAGACGAATTCCAGATTGAGCGTCTTGCCGCTCAGGTGATTGTTCTTGCCGAATCGATTGCCCTCGTCGAGCACCTGGTCCACCACTGCGGCCGCCGATGCGGAGTCGAGCGTGATGTTGATGAAGCCGGGACCTGCCACTTCGACGGCGGCAATGCCATCGGTGCCATTCAGTGCGTCGGCGAACAGTTGGGCGAGATCACGCGGTTTCATGCCGGCTTTCTTCGCCAGCTGCATGGCGGCGTTCGACGCCCAGTCGCCGTGCGCGCGATCCTTGGGGCGCATGACGGCGAATTTGGCGGAATCCGGGAGTTCCTCGGCCGTCAAAGTGCCGGCTTTACCCTCGGAAACAAGGTTATTGGCAATGGTGAAGATCAATTCCTGTAGCGCTTCTGGACTCATTCCAACAAGTCTACCGGCAACGCCGACAGATTTGAGGAATATCCTCGATTGTGAGGTGGCCCGTCGTCCGCATCTTCGATTGTTAGGTTGAGTACCCTAGGAGAACATCATGAAAACCCCCTTTTATTCGACAAATCACCCAACTTTTGTCGAATAAAAGGGATGGAATTATGCGTGGATACTCTGGCCACCCACCTAACAATCGAAGATACCTGAAGACGATCACCACACGGTACACATCATGCCAGGAAAGAGGTGAGGGAGGAAGCCGGCAATGTCAGCATCACGCCGTTGCCTGCACCGCGCAGATGGCACAGCAGGTCGAGCGGCTCGGGGCGAGAGTTCACGAGCACGGCAACAACCTGGTCACCATCACCATGAGTAAGAGCGGCAGGGACTAGGAAGGCGGCGGCACGCACACCTTGCGCATGGTCGAGCGCGCATTCCACGCAACGTGAGCCAATCGGCACGTATTTGGAGAAGTGGCCGAGCGCGTAGTAGTCTGCATTGCGGCGTATCGAACCGTCGTCACGCACAGTGATCAGACCACGGTTCTCGGAATGCCGGCGATCGTTGCGCAGGTAGTAGTAGTCGGGACCGCCGTGCTCGTCGAGCGCGATGTTCCACAACACGGCGCTCCTCGCCCAGTTGTTCATCATGTCAATGACCGCCGTGCCCAGCGAGAGCAGCGCGGGTGTGAAATTGCGCGGCCCCCAGTCGCCGCCGCTCGCCTCGGTCGCCCAGATGCCCTTGTTCGGAAACGCGTCGTGAATGCGAGACATCGTGCGCGCGGATCCGCCGTAATAATGCCATGCGGAGCCGGCGCAGGCGGTGAGCGCGGCGGAATCGGCGTACATGTCTCGCACGAAGGCGCCGTCCGGATAATGGTCGGTGGAGTAGTTGTGGTCCCAGCACAGAATGCGCGTGCCTTCCAATCCGGCGTGGTCGAGCATGGGGCGCAGATGGCGCGCGACGAACTCTGCCTGCTCGCGCGGGGTCATTGCCATCGATGGCCATCGCGACTGCGGGTAGTCGGGTTCGTTCGTCACGGTGAGCGCGAACAGCGGCAGTCCGCGCTGCGCATACAATCGCGCAAAACCGGTGATATAGCGCGCATAGGCGGCATACATGCCGCGCCGCAGATGGCCGGTGATCCGCGTGTAGCGCCGTTTGCCGAGCACGCTGAGATTCGTTTTCATCCACCATGGCGCGCTCCACGGGCTCGCCATAATGTTGAGCGCATGCGATTGCGTGGCGAGCGCACAGTCGTTCGCGGCCTCGACCATGGGCAACACGCGCTCCATCTCGGGTGTGAAATCGAGGGAGTTGAGATTGCGGTCGGGGAATCTGCGCACGAAGCGGTACGGCGCGCTCACATGGTCGCTTGGGCCGATTGGCTGACGGAGCATCGAGATGCCTATGCCGTCGCGCGGGCTGAACAGATCGCGGATGCATCGCTCTTTGTCTGTGACGCGATTGTGCCACAGCCAGCTCGTCGCCTCGGTGATCGATGCGCCGAAGCCGTCGATGGGCTGGCGCACGCGAGTCGTGTCGATGCTGAGCGTGGGGGTGCTGGCGTGTGACGTGCTCTCCGGCGTGCGCCCTACACGCAAATAGGCATTCCCAAGCGGCGCGAACGCGGCGGCAAGCGTGGTGCCCTGCGCATTCGCGTATGTTGAGAATGCCTGAATCATAGCCCCAGTCTAGCGCTGTGCGAAACGGCATGCGCAGCCGTGCGCCGACGGCGGGGCGAATGTGGCGTCAGTTCTGCGGGCAGACCGCTATGACGTCGATCTCGACGAGCGCCCCCTTGGGGATCATGTTGTTGCCGAACGCCACTCGTGCGGGCTTGACCGTGCCGGTGAAGGTCTTCGCATAGACGCCGTCCACCTCGGAGAAATCCTCGACGTTGCGCAGGTAGATCGTCGCTCGGCAGACGTGTTCGACGCCGCATCCCGCGGCGGCGAGGATGTTGGTGATGTTCTTGAGCGCGCGTGCGGCCTGTTCCGCCGCGGTGACGCCGTCGAGCTCGCCGGTGGCCGGGTCGATGCCGAGCTGGCCGGAGACGAACACGAATCCGTTCGCCTTGACGGCCTGGCTGTATGCGCCGAGTGCGGCCGGCGCCTCCATGGTGGTCACTGCCTGCAGATTCTCGTACATGATGTTCCTTTCGCTCGCTGGCGTGAATCTATGCTCTGGTTTAGCACCTTGAGTGTGCACGTGGGCTCATGTTTCATATTGCAGACTACTCGTGGCAGCCCAGACCGCTGCCCCACCACGCTACGCGAATGTTTCACGTGAAAGATTGGGGAACCACGCATCTTCGATGTTCTGCGGATTGCGGATATGGAAGAGGCCGAGGTACAGAGACAATCTGCACCCCGGCCGAATGAGAGGAGGGAACGAATCAGCCCTTCACGGCACCGGCCATGATGCCGGAGACCAGTTGCTTGCCGGCGAAGAAGAACAGCAGCAACAGCGGGGCGGTGGTGAGCACGACGCCCGACATCACGATCGTGTAGTCGGTGAAGTATGCACCCTTGAGCGTTGCGGCCGCCACGGTGAGCATCTTGTTCTTGTTCGGGCCGAGAATGAGCATGGGCCAGAAGTAGTTGGTCCACTGGGCAATGAAGGTGAAGAGGAACAGCATCGCGGCCGCCGGGCGTGCGGCGGGGATGGCCACATGCAGGAAGGTGCGGAACATGGAGCACCCGTCCACGCGAGCGGCCTCGATGAGTTCGTAGGGCAGTGCGTCGCCGATGTACTGGGTCATCCAGAACACGCCGAATGCGCTGACCAGTCCGGGGATGATCACGGCCCACAGCGAGCCGAACAGGCCGGCTTTGTTGGCCATGATGTACAGCGGGACGACGCTGAGCTGCTGCGGGATCGTCATCGTGGCGACGACGAGCATGAGCAGCGCGTTACGGCCGCGGAAGCGCAGTTTCGAGAACGAGTAGCCGGCGAGCGTCGAGAAGAACACGGTGGA
CP180384.1_gap38	1678851	1680556	1705	TCTCGGTGACGTCTTCGGGTTCCGTGGATTCAGTGGATTCATTGGATTCTGCAGACTGTTCGTCTTCGGAGGATTCAGATTCGTCAGTGTCCTGCACACGCTCGGCCTCTGGCTCGCCCTGCTCGGACGGCGTGGACGATTCCATGCCGACTTCGCGGGCCAGACGTGCGAAGTAGTCCTGCAGCTCGGCTTCGGTGATCACCGAAGTGGTGGTGCCATCGGTGGCAGACCCGTCATTGGAGACCGTCCGCGTGGCCGTTTCGCTCGCCTCATCGGAGCCATTCGCCACGGAGACCTCCACGCTGGCGTTCTCGTTCGCCTGCTGTGCCTGTTCCGCCACCAGATTTCGTGCGTGCGGGTCCACGATGGTCGGGGTTGTCGGCTGCTCATCCTCCTGCTTGCCGGCATGCCTGCCGTGACGAGGACCACCCTTGGTCTTGGACTTGCCCTTGCTCCGCGGTTTCAGCGCCGCGAGGGAGCCTGCAAGCGCCTCGCCTATCTTCGGTTCGTCCTTGCGCTGTTCCTGCCGCTCCTGACGGGCACGTTCGGCGTCTTCGCTCACTTTCTTGCGGCGCGCGCTCATGTCCATGGCGAACACCGAGGCGCACAGCACGGCGAGCACCGCACACAGTCCGCCCGCGAAATACCACGGGATGGAGAAGTTCGGAATGTCATGACGGGTCCAATGCATCTCAAGCGAGCCATCGGAAACCTTCTGACCGAAGTCCGCAAGCACCACATCGGTGCCGGCCGCGTCCTTGAGGTCGAGGGATGCCTTGCCGGCACCGCAGTTGACCTCTTTCCACATATTCGAGTCCTTGAAGGCGACGTCGGCGCCGGAGGTGTTCGCCTCGCCTTGTGCACCCTGTTCGGCGTAAGACAGTGTGGACCAATTGGAAAGCCCGGTGATGCGCTCGTATGGCTGCCCCGCCAGCCAGCCAGCCGCATCCTTGGGCGACGTGAGTGCCATGCATACGCCGTCGTTGGCGGTGGCGCTCGGGCTTGCGGCTTCAATTCGAACGTTCTTGTCGACCAGATTGGCCACGCCTTGGTCGACGAGCAGGTATTGCGTGTTCCGTACCGGCGCGGTCGCGGCAATCTGCGGATTCGGCTGCCAGATGGTCTGGTTGAGAATACCGAAAACGATGCAGGCGACCGCCAGGAGGCCAAAGATCGGCGTCACCACGCCGCGCATGATTTTCGCGTGGCGCGTCGGCTCTTTCTTGGTGCGAGTCTGCTCTCGCTGTTCGTGTATGTCTGTCATATCTCTTCTATTCTAGCGCTGTATGCAGATTCAGCTTCTTGCCTGAGCGCATATACATTCGGCGAAATACATGCGCGCGGATATTCTTGGCAGGTATGACACAAGCCAAATCAGCAGGAATCCGCAAACGGGCGGTGCAAGCCGTGGCCGCGATGTGCGTGGCCGCGACATGTTTTGCGTTCGCCGCCTGCGGAAATAGCAATGCATCCGAATCCACCGGAAAATCTTCCGCCTCTTCCTCCGCCAGCTCGGGCCTGACGAAGATCGAGGGCGTGAAGGACACCGCGAAGGTGGGCGAGAAGCCGGTCCTCGAATTCAAGAAGCCGCTCAATGTTCCTGATAATTCCTATGCCATCTTGCAGGAAGGAGACGGCGAGGTAATCAAGCCAGGCAACCGCGTATGTGCACAGGGAATGGCCGTGGACGGTAAAACGGGCGATA
CP180384.1_gap39	1845952	1850840	4888	TTCGCTGGCCATGTCGTCGCCGCAACCGGAACCGTTCGACAACGTGCCGTCGGCATTGCGTCGGACGAAATAGCCGGACACCACGCGCTCGAACCAGTTGTCGGCCGTGTACATGTGGTTGTACACGACGTCCATGATCACCTTGAAGCCTTGAGCGTGCAGCGATTGGATCATCTGCTTGCACTCGGTGATGCGCACGGTGCCGTCGAACGGATTCGTCGAGTAGGAGCCTTCGGGGACGTTGTAGTTAAGCGGATCGTAGCCCCAGTTGTACTGCCTCGGGTCGTTCTCGTCCACGGAGCCGTAGTCGTAGAACGGCAGCAGCTGGATCGCGGTGACGCCGAGCTGTTTGAAGTAGTCGACGCCCGTGGGGAACTCCCCTTTGCCGTCCACGGTGGTGCCGAGGTCGGTGAAGGCCAGGTATTTGCCACGGTGCTCGAGCGGGAAACCGCCATGCGGGTTCGCGCTGAAGCTGGCCACATGCATCTCGGCCACCATCGTCTCGCGCAGCGGGGTGATCGGGTGCGTGTCATGCTCCCAGCCGGCCGGGTCGGTGCGTGCGAGGTCGACCACCATGCTGCGCCGGCCGTTCACGCCGGCGCCTTTGGCCCACGGGTCGGCGGTGCGCACCCGGTTGCCATCCTGTTGTTCCACCAAGTAGTCGTAGTAGGTGCCGTGCAGGTTCCCGTCGAAATGGATTGTCCACGCGCCGTCGCTTTGCAGTTCGGGCCGGTGGGCGCCCACCATGGCGTCGCCGTCCTCCATGCTGGAACCTTTGGTGAAGAAGCGCAGTGTCACAGACTTCGCCGACGGGGCCCAGATTGCGAACTGGGTGCCATGGTCGTTCGCCACGGCACCCAGTTCACGTTCCAGACTCAGTGGGAACGGTTCTGCGACACCCGCCTTCAATCCTTCGGATTGCCGTGCGAGCGCCATGTCGTCATCCCTTCACCGAACCGGACATCGACTCCTGGTAGAAGCGCTGCATCACGATGAACAGGATCGCAATCGGGATCGAGATGAGCACTGCGGCAGCCGCGAAGCGACCGAACCAGTTGTTGATGTACTCCTTGTCGAGCATGAGCCACAGGCCCAGGGACGCCGTGTAGTTCTCCTGGGTGCGGGCGATCACCTTCGCCATGACGAAGTCGAGCCAGGGGGTCAGGAAGCCGACGATCGCTTGGTACACAATCATCGGGCGGCAGATAGGCACGATGATAATCCAGAACACCTGCCAACGTGTGCAGCCATCGAGCATGGCGGCTTCGTCGAGCGAGGTCGGGATCGTGTCCATGTAGCCCTTCATCACGTAGAAGCCCGCACCGGTGCCGGCCGAATAGACCAGGATGAGCGCGAGGATCGTCGTGCCGCTGCTGGTCAGGCCCATCGCCTTGAGAATGAAGTAGATGGCGACCACCGACATGATGCCCGGGAACATGCCCAGGATGAGCACGAAGTTCATGAAGAACCTACGGCCGTGGAAACGCATGCGGCTCATCACGTAGGCAACGGAGAGCACGAAGAACACGGAGATGATGCAGGTGAAGACTGCAATGATGAACGTGTTCATGAACATGCGCGGGAAGTCGAGTACGTTGCGCTGCGTGAACAGCGTGACGTAGCTGTCGAACGAATACTGCGTCGGGAAGAACGTGTCGGTGAACGGGGCCGTGTTCTTGTTGAGGCTTTCGAGGAAGATCCATACGATCGGCAACAGCCATATGATGCCGAGCACGGTCAGCAGCACGTATGTGAGCACATCGCCGAGAATGCGGCGTGACTTCTGATCCTTCCAGAAACTCTGTCGTTGCGCGTTGTGCGACTCTGCAAGCTCCGAATCGACGCGCTTGTCGATGGCCTCGACATACGCCTCGGAGGCCTTGGTCTGCGCCTTGGTTGCATTACTCACCGGAATGCCTCCTCATTCTTGTACGAACCACTGCTGCGGTAGGTGATCAGCGACACAACCGCGAGCACGACGAAGGTCATGATGCCTATGACGGCGCCTAGGTTGTAGTCGTTGTTGTCCACGGTCAGCTTGTAGAGCCAGGTGATGAGCAGATCGGTCTTGCCGGCCGAATCGCCCACCACCGCCGGGTCGCCGCGGGTCAGCAGGTAGATGACGTTGAAGTTGTTCACGTTGCCGGTGAAGGTCGTGATCAGGTACGGGGTCAGCACGAAGATGATGTACGGCATCGTGATCTTCGTGAAGATCTGCCACCAGTTCGCGCCGTCGATCTCGGCGGCCTCGTACTGGTCGGCAGGGATGTTCTGCAGAATGCCGGTCACCTGCATGATCGTGTACGGGATGCCGACCCACAGGTTGATCACGATGACGGTCACGCGGGCCCATGTGGCATCGGTGAAGAACGGCATCGGATTGTCGATCCAGCCCCAGTTCATGAGGATGCGGTTGATAGCGCCCTGCGGCTGGAGCATCTGGTGCATGACGAGCAGCGAGACGAACTGCGGGACGGCGATCGACATCGAGAAGACGGCACGCCAGAAGCCCTTGCCGTGCGTGGTCTTGCGGTTGATGACCATGGCCAGGAACAGACCGCAGAAGAAGTTGAGGAACGTCGCGAAGAACGCCCAGATCAACGTCCAGCCGAGCACCGACATGAACAGTCGGGCCGAGACGATGCTGCCTGAATTGCTGAACACCGTCTTGAAGTTCTCGAAGCCCACCCAGTCGAACAGCACCAGATGGTTGTGGTCGTAGCTGGTGAAGGCCATCGAGATCATGAAGATCAACGGCAGCACCGTGAAGATCAGAATGCCCAGCGTCGGCAGCGCCAGGAACAGAATGTTCGCCTTCTCGTTGAGCAATGTGTGAATGTCGTCGAGCAACGACGGCGCATGGCCGTTCTTGCCGGCGAGGCACTGCGCCTTGTATGCCGAGCGGATCGCAAGATCCCACCACAGCACGAACACCGCGCACAACACCAGCGTGCATACGCCGTACAGTAGAATCAGCACCGAGTTGTCGCCGGCCGTATGGACCAGCTTGGCACCCACCCATTCGGTGCTGGCCTGACGCCATCCCAGCGATGGGAGCATCGCGAGGTTATGCGCGCCGGCATAGATCATGAATACGATGAAGCCGATCTCACCTGCCAGGAAGATCACGCCCTTGGCAATCTGGTGACGGGCGAAATTACCCAACCCGAAGAAGATGATGGAGAGCTTCGTGAACACATCGCCGTCCTTCAGCGCTGCGCTCAGCGTGTATGGCGATGGCGCCACATAGTCTGCACCCAACTTCTGGCGGCGCTTCATCTCTCGTTTTGAAAGGGTGACTACTGAACTACTCATTCCTTTCAACCGCCTCTCTGAAACTCAAAATATGTGCAGGGGCACCGCCCCATGCACGGCGCCGACTCTGCGGTTCACGCGACAGTTGCGTGCAGGCGCCGAACCGGCATTGGGAATCCGAATAACTAGTGATTTGAATGTGCATTGTCTGTGCGTTGCGCACAGAGCAAATGTGCGGAAAGCCCAGGTTCCCCTCAGCTTTCCGCACATATACGGACCGGGTTCGGCCGTGCCGGCATCGGGCCGGACGCCCCGCCCAGTCACCAGAGTGTGCTGAGCGGCATCACTGCTTGTTGGCGACGTCCTTCTTCACGCTTGCCATGAAGTCAGCGGTCTTCTGCTTCACGTTGCCGTCGTTGACCTGCTTGCTCACCAGGGCCTTGCCGAAGGTCTCGGCTGGGGTCCACCAGGCGGACATCGCGGAGATGGTCGGCTGGGCCACGGAGGTCTTCGCAATCGTGTCAAGCTGTGCCTGCACGTACGGCGACGTGGACATGCCCTCGAGGTTCGTCAGCGTCTTGTCGGACGGAATGATCTGACGCATCTCCCAGTGCTTCTTCTGGGCCTCGGTGGAGCCGAGGAACGCCGCGAATGCCGAGGCGACCTCAGGTGCCTTCGTGTTCGGGTTCATGCCAATCGCCTTGGAACCGGCGAGGGCCTTCATCTGGTAGTCCTTGTCGCCGGCCTTGAAGGTCGGGACGGTGGCCGCACCGTACTTGTCACCGAGCGCCTTCTGCACGTTCGCGGCATCCCAGGAGCCGGAGAAGTAGGCGTCGAGCGTGCCGTTCTTCAAACCTGCGAGGCCGAGCGTGCCGTCGTCGTTGGTGAAGTTCGGGTTCGCGACGAGCTTGACGAGCGCCTCGGAGACGGCGTCGGCGTTCGGGCCGAAGTCGATGCCGGCCTTGGCGTCGGTGCCCTTGGGGCCGAACATCGTCATGCCTGCGCCGAGGTAGAACGCCGGAATATACCAGGAGTTCGACAGCGGGTAGGCGACCTTGCCCTTCTCGAGCATCGTGTCGAGCGACTTCACGTCGTCGGCGGAGAACTTGTCTTTGTTGTAGTACATGAAGTACGTGTTCGAGGTGTACGGAACGCCGTAGATCTTGCCGTCGGTACCAGTGACCGAATCGACCATCGTCTGCGAGTTCTGCTCCTTCACCTGCTGGGCCACCACGTCGTTGACCGGGGCGATGGCGTTCTGGTCGAGCAGATCGCCAAGCTGGTCATTGGCGAACATGTACACATCGGCGGCAGCGGTGGGGTCGGTCTTCACGGTCTTGGCCGCGTCACCTTCGGCGACCACGGAGTTCTTCCACGTCACCTTGTATTCGGGGTGGGCCTTGCCGAAGGCCTCCTCCATGTCCTTGAGCCACTCGGAATCCTCGGAGGGGCCCCATACGGTCAGGTTCGCGGACTGCGTTTCGGACGGCTTCGAGCCGTCGGCGGCATTGGAATCCCCGCCATTGGCGCCACAAGCCGCCATTGGGACGATCATGGCCACAGCGGCCGCAAGGCCTACTGCCTTCTTCCATTCGATCTTCATCGATCTCTTCCTTTCCTTACAATGCAACAC
CP180384.1_gap40	1943640	1944140	500	CTCCACTTCGCGTGCGAATCAGGCGGAGAGGGACTTGCGGCCCTTGGCGCGACGGCGGTTGATCAGCGCGCGGCCTGCGCGGGTGCGCATGCGAACGCGGAAGCCGCTCTTCATGTGACGGCGGCGGTTATTCGGCTGGAATGTCCTCTTCATACAAACTCCCGGTTAATTTAGGCCATGCTCGTGCACGGCTCCTCATGAGTCAAGCTCTACCAATTTACAAGCACCCCTACCCGTGGGCGTGATTCATGCACATTTCCACAATTGCCGTGGTGCATAGGCTCGCGAAAATGTACACCGTGCGCTGTGGGCAGATTCGCCGCATTACCCACAAACCCGTTGAAATATGGGGACAATTCGCGCAACCTATCCACATCGGAACCTGTTGCGGGAGCAAAAACCCAGTGTTTTCAACACGCAAGCCTGTGGATAACTTCTGCTCGATGGAGTAAGAATAGTATGTTATCTATATCTGACTCCAAGAATGGGTGAAGTGCTCG
