gap_id	start	end	length	sequence
FP565575.1_gap1	10974	12657	1683	CGACGAAGCCCTTCTACCTGCTGGGCCAGCACTTCAGCGCCATCGCTGCCGCAGGTCCTATTGCCGGCCCGATTATGGCCGCCCAGATATTCGGGTGGCTTCCCTGTCTGCTCTGGATCGGTCTGGGGACTATCTTCATCGGGGCGGTCCATGACTTCTCCAGCCTGGCGGCGTCGGTCAAGCACCGTGCCCGGTCGATCGCCGAGATCGTCCGTCTCTACCTGGGACAGCGTGGCTGGCTCGCCATGATGCTCTTTATCTGGCTTGCCCTGATCTACGTGATCGTGGCCTTTACCGACATCACGGCGAGCACCTTCGTGGGCAAGACGGAAGAGTTTGAGGGGGAGACCTTCGCATTCAACCCTGGTGGGGCCGTGGCCGCCGCCAGCACGATGTACCTGCTCCTGGCCGTCCTCATGGGATTGATCCAGAGGCGGTTCGACCCGCCGCTCTGGCTCCAGACGATCATCTTCGTCCCGGCAACCTTAGGCGTCGTCTGGTTCGGCACAAAGATCTCGACGCTCCTCATCCTGGATGTAAAGATGTGGGGGGTCCTGATCCTGGCCTACTGCTTTGCGGCCTCTCTTTTGCCGATGTGGCTGCTCCTCCAGCCGAGGGGGTACCTCGGTGGATTTATCCTCTACCTGACCCTCTTTGTCGGCCTCATCGGAATCTTCTTCGGCGGGTTTCAAGTCGAGCAGGAGAGCTTCAAGACCTGGCGCGCGCCGGGAATGACCGGCGCGCTGTTCCCGTTTCTCTTTGTCACCATCGCCTGCGGGGCCTGTTCCGGATTCCATGGCCTGGTCTGTTCCGGAACGACGTCAAAACAGATCGAGAAGGAGAGCCACTGCCGGCCAGTGGGGTACGGCGCCATGCTGCTGGAAGGGTTCGTAGCCTTTATCGCGCTGGCGACCGTCATGATCGTGGCCCAACCCCAGCTCCAGGGAATGGCGCCCGGTAAGATTTATGGGGACGGGATTGGCAGGTTTCTTGCGATCCTCATCGGGCCGGAACACCTTCGATTCGCAATGACCTTCGGGGCCATGGCCTTTTCCACCTTTGTCTTTGACACGCTGGATGTCAGCACCCGTCTGAGCCGCTACATCATTCAAGAGCTGTTCAACTGGTCGGGGAAGAAGGGGGCGATGCTGGCGACCGCACTCACGATAGCGCTTCCCCTCTTTCTCATCATGAGATCGGGCGAAGGCGCGTATCGACTCTTTTGGACCCTCTTCGGGACCGGCAATCAACTCCTGGCGGCCCTGACCCTGTTGGGGATTACGGTCTGGCTCAAGAGGTCGGCTCGACCGACCTGGTTCGCCCTGTTCCCGATGCTCTTCGTTATGACCATGACGATCTGGTCCCTGGTCATCCAGGCGCGGGAGGCCTATGCAGTCATTCTGCAAGAGGGTATCGTCCTAAACACGACGATCTTGAATGGGGTTGTCAGTGTGAGCCTGCTGTGTCTCGCGGCTATTCTGATCATTGAGGCGTTGCGAGCCCTCGCCCAACCGGTGATGTCTACCGTCAAGGCCCCCACTACCTGACATGAGGGAGCGAATGCCGGAAAAGGAAGAGCTGCGGACACTTCTGGACTTTGCCGTCGATGCGGCCCGGCAGGCCGGCGAGATCACCATGGAATATTTCCAGACCGCTTTGTCGCCGGAGCGAAAACCGGACCGA
FP565575.1_gap2	16143	20142	3999	GTTACTAAGCCATTGTAAGGGACAATTGAAGCGAAGTTCAACATACCTGGCAGCGGTGGCCGGGACAGCTTTCCTCCTTGTCGCGCTTGGTGTCTGGGCTGTCGGCTTGGGGGGTTGGCGTACAGCCTCGCCCATGCCGCTCGAACGAACCGAGGTGGCGATGGCAGCTCTCGATGGAAAAATCTACGTGATCGGGGGTTTCAAGGCGTTCTTCATTGGCGGCGTCACCGATGCCGTTCAGAAGTACGACCCGGCTCTTGACCGGTGGGAGGACCGGGCACCGCTCCCCGAGGCACTGCATCACGTGGCAGCCGCCGGCATAGACGGTAAGCTGTACGTGGTCGGCGGGTATCGCCAAGTCTGGCCCTGGCAACCGGTAGCGAGCCTTTGGCGCTACGATCCGGCTATCAATCGCTGGGAGGCAAGACGGTCGATGCCGACGGCGAGGGGGGCGCCGGCTGTAGCCGTAATAAATGGAAAACTGTACGCAGTGGGGGGAATGACTAGCCAAGTACTCGACGTCCATGAGGAGTACGATCCGGTGACGGATACCTGGCGTAAGCGGGCACCCATGCCGACAGCTCGCGATCACCTTGCGGCCGCGGCCCTGGGTGGCAAACTATATGCGGTGGGTGGTCGCGTCGGAACGCGCGTTGGAACGCTGGGCGAGAATCTGGCTGCGACCGAGGTCTACGATCCGGTCGCTGACCGCTGGGAGACGAGGCAGCCGATGCCGACCGCCAGGGGTGGCATCGGCGCCGCGGCCTTGGGCGGCCGGCTGTTTGTCTTCGGCGGCGAGGAATCTGCCGGGACCTTCGCCCAGACGGAAGCCTACGATCCGGTCACTGACCGCTGGACGGCTCTGGCGCCGATGCCGACGGCCCGACATGGCCTCGGTGCGGCAGCCGTCGGCGGCAAGATCTTTGTCATCGGGGGTGGCGTGAAGCCGGGTGCCTCAAAGAGTGGTCTCAACGAGGTCTTCGACCCCGGCCCATGACGCAACGGTCTGGGCATGAGGCTGGTTGCTGGCTATCGTGCGCGTTCAGCCGCCGTGCGGGTCTGGCAAGACGCGCGTCAACCACAACCGGCTTCGCCGGCAAGTCGGCGTGCTTTGCCGCGTACGGTAGCACGGTCGGCTGCAAGCGCAGGTACCCTGCTCTATTGTTATAGCGAGTACACTGGTACGAGCACCTCGCGTTCCGCTGCTCGACGCCCGCGAACGCTTTCTTCTATCGTCTTCAGCACATTCGCGGCATAATAACGTGTGCCGCATTGAGTACATACACCAGCGGGAACATTTTCAATCAGAACATATTGTCCACGCACCTGGCGATGCAACGTCACGTGCTTTTCGACGATAGGCCCACCGCAATACTCGCAAGTCTCGCCTTTCCAGGCCTTCTGCCCGGGGCCATGACGCGGCTCGACCCACTCAGGGTGAACGCTATAGGGCGTGAAGAACACGGCTCGAAAGTTCCGAACGTCCAACGCTGGCGGTGAGCCGCCGCCGGAAGCGGAAGCGCAGCGGACGCTGTAGGCGGTCGGCTCCAATGCGAGGTGTACGCCCGTCATGGGCATGTGCTTATGGGGTGGAGGTCCCCTGTGGGAGAACCACCGTCAAGGTATGTGACGTCAACCACCAGCTTAAGGCAAGGGCAGTCCCGCGAGAGGCTGTCCGAAGGAAGCCGGCGGCAAAGCTGCGAGCCGAGGAACACGAACGCCATAGAAGGCCGACATCCCCGGGGCGAGTCAGCACAACATGACAAAGCCCTGTGGTTCGGGGGACACGGTAAATGGCGCGGTTGTGCAGCCATAGTGCATGTCCTTATCCGGGGAGATCTGCTCGGCGTGCGGCCCGTGGTCGCCAGGGGAGCCGGACTGAGGCCCAGCCCGAAAGGGCTGGATACGCCACCGGACCCTACCGCGGCCCGGGCAGCGCGTACCGGAGTAATCCGGGACGTAATCGGGCAGAAGTCAGCAGAGGCCATAGTAGGCGGGACGGCCGCAGCGGTCCGATCGCCCAAGGGCCGAACACGATGGCGCAAGGAGGAGCCGTGAGCCGCTCGGAGGAGACGTCGAACCCGTCCGGGGGAGTCTGCCACCGGCGCGGCCCCACGCAGCCAGCCTTGCACGACCACCTCATGGAGCGGGTGCTGGACCGTGCGAACCTGCAACGGGCGTGGAAACAAGTCCAAGCCAACCGAGGTGCCCCGGGCATCGACGGCATGACGGTAGACGAGTTCCCCACCTTTGCCCGTGCGCACTGGGCCGATATCCGCCAAGCCCTGTTCGATGGCGTCTATCAGCCTTCTCCCGCACGGCGGGTGTTCATCCCTAAGCCCGGTGGTCGTGGTCAGCGTCCGCTGGGCATCCCCATCGTCCTGGATCGGCTGATCTGTCAAGCCATTCAGCAGGTCCTCACGCCGATCTTCGACCCGCACTTCTCGGAGTCGAGCTTCGGCTTCCGGCCTCGTCGCGCTGCCCACGGAGCCCTCAGGCAGGTAACGCGCGTCCTCCGGGAAGGCCGCCGCATGGCCGTGGATCTTGATCTGGCTCAGTTTTTCGACCAGGTCTCCCACGACGTGCTGATCGTCCGATTGAGCCGCAGGGTGTCCGATAGGCGCCTGCTGGCTTTGATCGGCCGCTACCTGCGGGCGGGCGTCCTGGCCGGGGAGGTCATTCAGGCAACCGAACTCGGGACCCCACAAGGGTCTCCGCTTTCGCCGTTGCTCGGCAACATCCTGTTGGACGACCTCGACAAGGAACTGGAACGACGCCGGCTGCGTTTTGCCCGTTACGCTGATGATCTGCTCATCGTGGTCAACAGCGTGCGGGCCGGCCTGCGCGTCAAGGCCAGCCTCACCCGGTACCTGACCCGCCGGTTGAAACTGGTCGTCAATGAAGCCAAGAGCCGCGTGTGTCCCATCCGCGAGTGCACCTTCCTCGGGTTCACCTTTCGAGGGAGCAAACTCCGCTGGTCGGACGAGGCCTTCGCAGACTTCCAATACCGGGTCCGTCAACTGACCGGTCGCAGTTGGGGGGTCTCGATGTCCTACCGGCTCCGCCGACTTGCCCAGTACCTGAGAGGCTGGATGAACTACTTTGGCATCTCGGAGTATTACCGGCCCGTGCCGGAAATCGACCACTGGATTCGACGGCGTCTCCGTATGTGCTATTGGAAACAGTGGCGCTGGGCGCGAACCAAGGTGCGTCACCTTCTGGCCTTGGGGACCAGCCGGAGTCATGCGATCCTGACCGCCATTAGTCGGAAAAGCTACTGGCATCTGTCCAAGACCCTGGCAACCCAGACCGGCATGACCAATCAGTGGCTTGCCAGCCAGGGGCTTCTCTCGGTCCGTGCCCTGTGGATCAAGGCCCATGGCTACGCCTGAGGTTTCGTGTGCTCCACCGTCGTGAACCGCCCGGTGCGGACCCGCATGCCGGGTGGTGTGGGGGCTGGGGGTTAAAAACCCCCGGCTACCCGATTAGACGCCACCCGGTGCCGGGGGGTGCTCGCGGACGAAGACTTGAAACGAGATGTCCGAAGGGAGGAGTGTTTGCAGAGGACTGAGAAGGCCGAGTGCGAGCCACTGAACGGCCGAGACGAACAGCGAGGAACGGCGATCGTAGCGAAGGCGCTGCCACAGGCCTGTGCGGGTGAATGAGGGCAGTGTGCTGCGGTGGACCTCGCGAAAGCCATGAGACCGGAGCATGCCGGCGAGAGCGACGGGGTGGAAGTACGTCAGGTGAGGAGAAGGGAAGCCACGTTGCCACATGCGGTCAAGGGGTCCATGGAGACCGAGGCAGCTGAAGAGCCGCGCGAGCCGGAAAAGCACGCCCTTGCTGTTTGGAAGTACCAGAGAACGAGGTGGCCTCCCGGCGATAGGCGCTGGAAGCACGCCGCGGCGGCGTCTCGGGGCGAAGGAAGATGCTCGAAGACGTCGTGAAAGCTGATGACGTCGAAGACGGCGCGTTCAGGAAGGTCCTGAGGAAAGAACC
FP565575.1_gap3	54242	59229	4987	CCGTATCGCATTTCTCAGAAAGGTGATTTTTCTTGACAGGGGATAGGGGGAATTAGTAAGAAGAGTCCTCACTTTGCGTAAACTTTGTGGTCTTACACTGAGAGGTCTTGTCGAGAGGTGTGCAAAAGAAGTCAGGCGGCAACCTCCCCGGCTCGCTCCATGACGCGCACTCCATTGACGAACGTAACGCCGTGAGCGACCTCCTGCAACAACTCCGCGGCGTTCAGTCGGCGAAATCGCTGTCAGGCCACCAGCAGCATCTTCCAGAGAACCGCGGTGGCATTCTCCACCTTCTTGAAGCGTTTCGCCGCATCGGTCCTGAGCCGCAAGGCGGCAAAGGGCGACTCGATCGGATTACTGGTCCGCAGGTGCACCCAGTGCTCCTTGGAAAGCTGGTAGAAGGTCAGCATCCGCTCCCAGTCCCGATCGAGCCGCCGGCGCACCGATAGACTGGAGCGGTCTGGACCACCTGCCTACGGACTGAAGAACGAATTGGACCGGCCCATGGATGCAGGCGACGCGAGATTGATCGATCTGCGCGATCATCGTTGCCAGAAATTGCTCGATGATTTTATCTGCCTCTACGATCGAACCTTCACGGATCCCACGGAACGGGAGGATCCTAGTCAGTGGCATGATCGGTTGTGCCCTTCACTCGCCTGATTGCCCGACTCTTCCATGCTCTTGTCGGCGGGTGTTGGCTTATCTGGCTTAGTCGGTTTCATCGCCACGCTTAGGGCTACTGGCGAGGCGTGCTCCTGCGGGCGGGGGGTGCGTTTCTCATCCTGGCCCTGCTGTGGATAGTGCTTGCGTCTCTGTATACGCAGCTCTTGGCCGCGTTCGCCCGTCCCCTGATCCCCTCGATCGAATCCTCGCCTGGTACCCGCTACCTCGTGGAGGGGACCCGGATCATCGCACAGCGTCCGCTCATGCGGCAAACGATCACGAATGTGACGACGAGCCGTACGCCCCTGCATGAGACCTCCGCCGACTATCCCATCGCGCTGCTGGCCGCGCTCGTGCTTGCGACACCAGGCTGGTCGCTCACGCGACGGGGCCGGGTCTTGGCTGTGACTGTGGGCCTGCTCATCCTGACCCAATTCCTCTCGTTCCTCATCAATATCGAGTACACGAAGCTGTGGCCACAGAAGACCGCCGTCGGCCTCGTCGTCTCGACCGATTACTCGAAGGCGAAGATGATTCTGTTCGATTGGCTGTATGCCTTCTCAGAGTTTATGGGCCGCGGCTTCTTTGCGCTGTTGCTGTACTTCGGAGCGATTACCCTGGTCTGGGGCCGCCCGGAGGACCGGATACTCGACGCTACGGTCGGAAGGAACGCGCCCTGCCCCTGTGGGAGCGGGCTGAAGGCTAAGCGATGCTGCGGAGGGTAAGCAAGGGGGGAGGCGGGACGTTGGTGGCGGTCATTCAATCCGACCTCGGTGCCTCTGGCGCGGGCCCTCGGTCGGTTCATTCTGCGTTCGGTTGCAGAGCTGGCTCGTCGACAGAAAGGTGTGGTAGAATAGAACCATAATACAGAAGATCGTCAAGAAATTTCACTTGCAAGACCGTGCGTATTCCGATTAATCTTGCCACTGATTCCGATTTGAATATTGCCATCGATTCCGATCCAAAAATGCCACCCAACCAATACTCCACTTGATCGCAATCGTTTATGATGCGGATCTTTCCATTTTGCCTCCTGGCCGCTGATAGCTGCAAGCTTTTTCGCTTGACAGGTCCGGGAGGGACGTAGTTCACACCACCGCGAGTCAGGGACCGGCGCACTACGCAAGGGAAACGGTACGATGACGTGCTGGGATTGCATGTTCGGTGGCGACACCACCACCTATATACCACCTCCACCTCACACCATACGACCTACAGCACCGCCGAGGGCTGCGCGCCGCAGACCGAGGAGACCGTAACAACCACCGCGGCGTTCGGACCCGCGTGGATCTGCATCGGCGATGATGGAGGGGATAAGATCTACCCGAACTGCAGCCCGGGATTCCCCTTCGAGATCATAGCGGGCTCCGTCAATTACAACACGAATACGCACACGGAGACGTATGTGTGCAGTGCCGATCCGGCCGCCATCCCCACCCTCTCCGAATGGGCGCAGCTCGACATGGCCGCCCTGCTGGTCGGCGGCGGCCTGCTGGCGATACGAAGACAGGCTAAAGGCTGAAGACCGAAGTCACGTACGTCGGGTTAGCGTCGCGTAACCCGACATTCGCCTTCGAGCCACCAGGTGACGGCCTGAACGGCCTCACCCGACCTACGTTGCGACGTCCTGCTTGTCCCCTTCATCAGCCGTCGTCGCCGCTTTCAACTTAAGTATACGCTCCACTCCACAGTTGCTCCAGGAACTCCCTGAACGGAAGCGCAGTCACTTGTCCGATGGTTCGTGGACGCGGCTCAAGACTCACACAGAGATAGCGCTTTAAGTTCTTTTCCTCCGCCAGTGCCAGCAGCGATTTCAGGTCCTGTGGCGACAGGTGTTCTTTTGCCTTCACCTCCACCGCCGTATGATCGCCGATGATAAAATCTACCTCAAATCCCGACGTGGATCGCCAGTAGCTGAGCGGCTCTCCGAAGACATAGTCACGATAACTGAGCAGTTCGTGCATGACGTAGGTCTCGAACGCCTCGCCGAACTCAGGGGTGCCGGGTCGATACTCGCGACCTTGCAGCGCTGCGACCACCCCGATGTCGAAAAAGTAATACTTCGAGGACGCCACAGGCTTTCTTTTCTTTGACCGGCGCCACGCGGGCAGTTCGTGGAGCACCAGCGTATCCTGAAGAATCTCGAAGTATTCGTACACTGTTGTACGTGCCACTTGGGCATCATTGGCGACATTCGTAAAGTTTACGATCGTTCCATTACACAGGGCGGCCACTCGGAGAAAACGGCTGAAGGCTGGAACGTTACGGGTCATTCCTTCGGCGACGATCTCTTGCTGAAGATACGATCCCGCATAGGCTTGGAGATCGGCGCGCGGATCGTCCGAAAAGTAGATCGATGGGAGCAGCCCGCGTTCAACGGCGCGGATCAGATCGAACCGTCGGCCCAGTTCCCGGTATGTGAGCGGATGAAGGTGCGTTGTGCGCGCGCGCCCTCCCAAGAGGTTGACGCCGCCGCGACGGAGCTTGCGCGCGCTGGAGCCGGTGAGCAAAAAACGTATGCCGCGCTCTTCGATGAGGCGGTGCACCTCGTTCAGCAGTTCAGGCAGGCGTTGAATCTCATCGATGACGACCACGCGGTCGTGCGGGGTGAGTTCCTGTGCGATGCGCTCGGGTCTGCGACTGAGCGCCAGATAGATTGAGCTGTCCAGCAGATCGTAGACCCGCGTACCTTGCAAGGCGTGACGAATCAAAAATGTCTTTCCCGTCTGCCGTGGCCCTAGAAGGAAATAGGATTTGTTCTCCAGCAGAGCAGGAAGATCCAGGATGCGTGCTATTTTGGGTGGGTTGTCATGTGTCGTCGTCATAGTCATATATGATGCCAAATGACGATAGCGTCGTCAACACCTAATACGGTGGCTGGCTTCCTGCCCCTGAACATCCTGCACGAACCCGTAGTTGTCCCCTTCACCCGCGTCAGCGTCCGGCTCTTCCACGACTTCCTTCTCAGACCTTGAGCGCCTGCTCCTTGGCCATGCGTATTGCCGTCGGCGTCTGTGGTTTTGCGGCCGGCGCTATGCCTTCTTCGAGTTCATGTTTTGCCTTGATCTTTCGACCTATTCCTCGTATCGTACCGAACAGGCGCAGACGCGGGTTGAGCAGATGCTGGAACAGATCGAGGCGTACCTGTTGTATCTTCAGGCGGAGCGAGCAGCGTCCCCGCATACGCTGAAGAACTATGCGATCGACTTGCAGCAGTTCCGGACGTTTCTTAGGGCCGGCGAGTCATCGCAGTTGGAACCTACCGTAAGCGCGGTCGAACGACCTGTTGTCAGAGATACAGGACGAGGGGATGCCCTGCACCGGCAGATCAAGCCGGGTGAGATCGACGTGCTGGCGATCAGGGCCTTCGTGGCGGATCTACATAGAAGGGGGATCGCGCGAAGCAGCATCGCGCGGAAGCTTGCGACCCTGCGATCGTTCTTCCGATACCTGTGCCGGGAGGGTGTTGTTGCTGCGAATCCGGCGAAGCTGGTATCCACCCCGAAGCTGCCGAAGCGGCTTCCGGCCTATCTGACCGTGGACGAGGTTGATCGGCTCTTGGCGTCGCCTGGCGAACAGGATCTCCCTGGCGCCCGCGATTTGGCGATTCTGGAACTCTTTTATGCCTCGGGCATCAGATTGAGCGAGCTGACGGGATTAGATGTACGGGATGTAGATATCCGAGAGGGTCTTGTTCGGGTAAAAGGTAAGGGGGGTAAGGAGCGGATCGTTCCAGTAGGGTCGAAGGCGATCGTTGCTCTGAGGCGCTATCTCGATAGGCGGAGCGATCTGATCCATGAATCGAAGCGAGTAGCCCCCGAGTCTGTCGCGTTGTTCCTCAACCGACAAGGCGGCCGCTTGAGCCAGCGGAGCATTGCTCGAATCGTCTTAAAACACCTGAATCAGAGCGGTGTGGGGCCGAAGATCACGCCTCATGGGCTGCGTCACAGCTATGCCACGCACCTGCTTCAGGCTGGAGCCGATCTCCGCGCAATTCAGGAACTGCTGGGGCATTCACGGCTCTCGACGACCCAGCGGTATACCCACCTGAATCTGGATCACCTGATGGCGGTTTACGATAAGGCGCATCCGAGAGCCTAAGAGCTAGGGTATAGGAGTTAGGGTGGAGGGTATAGGGGGTAGGGTGCAAAGAGTTCGGAGTACAACGATCCTGGCAGTGCGGCATAAGGGGAAAGTGGTGGTGGCCGGGGACGGACAGGTCTCCTTTGGCGAGACCGTGATGAAGCAGACTGCCCGCAAGGTCCGTCGGCTGTGGAACGATCGGGTGATCGCCGGTTTTGCCGGCGCTGCGGCCGATGCG
FP565575.1_gap4	210744	212625	1881	GTAGGTGGCGTCGTCGAGCACATTGACGGTGGCCATGCCGGCAGACCCATCCGACTTGGTCACTGGTCTGACGATCCAGACCCGCCGATCCCTAGCTTCGAGATGACTGTCCGGCGGAAGCATCCCCGTCGCATGCAGAATGGTCTGCCCGACCGTAGCCATTCCCTGAGCGTACAAAGGGGAGAGGAAACGCCAGACGGCGAGCAGCAGCAACAGCGCAATGGTAAACCATGCGGTGAAACGGCCGATTCTAGCTCTGAGGGTGGCGAGCAAGGGCCCCTGCCCAGAATAGCCAGAGGCCCAGGGCGAAGACGATGAAGAGCGACTGCCAGACATAGATATGCGCGGTGTCAAAGTACGGGCGAAAGTGGCTTCCGACATAGATCAGGCTGAGCACCCGCATCAGGTTCAGAATATACAGCGCGCCGCTGCCCAGGAGCACGCCCCAGAGACGTTGTCGCCAGGTCGCCGGATAAGCGAGTATTGCCGACACGAACAGGGCCGTCTCGTAGATGGCGTTGCAATTGTTCTGAATCGCCACCGAGAAGAGGGGGGTTGTGACCACCTTGTCATGCACCGTGGCCTCCGTCCCGCCGAGCAGCAGAATGGTTCGCGCGAGTTGAGCGATTCCCCTGGTAAAAGGATCGACAAGCTGTCGGTCCAGACCGTACAGCAGGCCGAACAGGCCCAGGATATACAGGCCAAACAGCAGTGCGCTGCGTCGGATCTGGGCGCGAGGAGATGGTGATTCAACCTCTGAGGTTTGCATAGGTGGATTTTACGGTGATCCTGAATTGTCAGTCAAGCAATTTTCATTCTTCAACCTTTAGTCTTTCGCTTAAATACCTGAGCAGCTCCGCTATGCCGGGCGCCTTGACAGCGGCATGGCTTCATGTTACAAACCTACGGGCGCTACTCAGGTGGATAGCAACTGAAGGCTGAAGGCTGTGAGGGGTAAAGCGGTGACGATGCGTGAGAACGTATCGCCTTCAGCCTGAACGCCTCAGTAGTGACGGTGGAGGTTGGTATGGGGTGTTGTATCCATTTGACCAGGCGGCAGTTTCTGAGCGCGGCAATGACGCTGGCCGCTATAGCGCCGTCGTGGCTGCCGAGGCCGGCCGAGGCCGCCCCTACCCCTGTTCCCGTTCCAAAGACGTTGGGTCGAACAGATGCCCTGCTGAAGGAGATCATTACGACCTATGCGTCCGTAGAAGACGACCCATGGGTCCTGATGCACGGAGTGAGGGCCTTAGGATCGTCCTTTTCGGTAAAGGGAGAACGGGCGGTTGATTTTCTCTGCGCCCGGTTCCTGACGCCTCAGGCGGTGAATGGAAAGAGCTATCCTCAGATGTCCCTCGACAATCAGGGCCATACCAATACGTTCCTCAAGACCCTCATCGAGGCCGGCATAGGACTTGATCATCGCTTTGCATTGGAAGGCAGGCGCTACACCGTCGGCGACATCGCCGAGGGGGCGAAGGCCCTCTTTGCATTTGATCCGAAGACCGCCAATCCGGACGACCTGGCCTGGACGTTGATCGCCCTCTCCCGGATCATCCCTCCGGATAAGGACACCTGGACGAATGCGGCCGGGCAGCGGATCCGCTTCTCTGACGTGGTCCGTTTTGCCTTCGATACCCTTGATGAGACGACGGCGCAGTTCAGGCAGGCGAAGGCGAAAGGGGTCATGCCGGATGCCAACGACAAGGTCGTCAATTTTACCTGCGGTGGGACCCACTTGGTCTACGGCCTGACGACATGTGTCGGCAATGGGTATCGTGACCACGGGTTTCCGCAACGTCTCAAGACGCACCTGGATCTGATGGCCTGGCGTCTCGAGGCCGATGACCGCCTGATCGATCGGTTCTATCGCAATGCTGC
FP565575.1_gap5	391067	394587	3520	CAGGGGCTGATGCAACTGATGCCGGCCACTATCTGGCGCTTCTCAGTGGGAGACGCCTATGATCCTCATGAGAACATCGGGGCGGGCGCCCGATACCTCCGCCAGCTTCTGGACCTATTTCGCGGGGATCTGACGCTGGCGCTGGCCGCCTATAACGCCGGAGAAAACGCCGTACTCCGGTATAAGGGAATACCGCCCTATGCGGAGACCCGGGACTATGTGGCGAAAGTCCTCAGTCTGTACCGGCGCGGGCAACGAGAGCGCCACGCCGGCGGGCCGATCGAGACGGTTGCCCAGGTGATTGCGGCACAGCCGCCGCCCCCTCCGCCGCCACCGTCCATCTATAAGGCGGAGGCGTCCGATACCATCCTGTACACGAATATCCCACCGATCGTCCAGTCTCCTTAGGTATCTGACGGGTAGTCATTAGCCGCCGTTGTGATCCTGGATGTACACCTCTGTATCGTTTGATCGTTAACCCCGTCCGCACGTCAGTTTTCAGTGCGGCTCCTTTGACGGGAGCCCAGGCAACGGTTGAATCTGCTGGAGGTCCATTCCCCTCGGATTGCCACGAGTTCGTCATACCGGCGGAAGCCGGTATCCGGTTCCAACGGCCGTTAACGAAGCAATTGTTCGTACGTTGCAGCGTCAAAGCCGACAACGAGCGTGCGGCCCTTCCGGAAGGTCGGAGCTCGCAGGCCCCCAGTCGGTCCCATCAGGAGTGCCAGAAGTTCGGTCCTGCCGGGCTTATCTTTCCGTAGATCTATATAGACACGCTTCTGCCCTTTCGTCGCGTAGATCTCGTCCACCTCTTGGACCAGCGCGAGCGCGTCTTTCTCCTTCAGGGTCTGTTTTTTCGCATCTATCTGCAACACGATTTCGATGCGATGTTGCGCAAGAAACTCTTGCGCCTTGACGCAGCCCTTTCATCCGGGGCGGTGGTACCTCCAATCGATTCGTCCCATTAAGACCTCCTCCATTAGGCCATTATGATGCGTACAGGCGGTCCATGGTGTACACTCACGGGTTCCACCGAGGGCGTATTACTCGCGCAACAGCGGCTGAAAACGCATCTGACCATCGATCCCTCAGTATGGTGTCGGCGCCCCATCGTGACGGATGCCGGAGTTGTGTGCAAGGAGAAAGTTACTCTATTCTGGGATAGCCGAAAAAAGCTTGACATGATGATCTGCTCAAATTAGATTAGATACTTCGCGTCTAAGCAATGATCTGTCGTTGTGAGCGATAACCTTAACTGGAAATGGTGGAAAGGAGAAGGAGGAATGTCGATGCGTGATATCATGGTTGGCGAGTCATTGGCAGGTGACGGTAATGAGGTGGCCCACATTGATCTGATGATCGGTCCCAAGAACGGTCCGGTCGGCGCCGTCATGGCACAGCGTCTTGCTCAGCAGAGTGCGGGCCACAGCGCCCTCCTGGCGGTCGTGGCGCCGAATTTGCTGGCGAAGCCTGCGACGGTCATGTTCAACAAGGTGACGATCAAGGGGGCAAAGCAGGCGGTCCAGATGTTCGGCCCGGCCCAGGCGGCCGTGGCGAAGGCCGTGGTGGACAGCGTCGCAGAGGGTGTGATCCCCGCGAAGGATGCTGAAGATCTGGCGATCGTTGTCGGTGTCTTCATCCACTGGGAAGCCGATGACAATAAGAAGATCTTCGACTACAACTATCAGGCGACTAAAGAGTCGATCGCGCGGGCATTGGCAGAGCAGCCCTCGATGAGCGAGATCCTGGCGCAGAAGGATAAGGTCAAGCATCCATTCGCGTAGTCGGATCGATACGAGGTAAGATTACAGAGTAGAATCACCTATATCGAAGGGGGCTGCCGGGCGAGCGTTGAGGGTCTGATCGACCCCTTGCCCGTCGGCCCCTTTGATTTGTTTCGTTGAGTGAGGACCTATGGCGACCGAGCGAAAGCATCTACTCTATTTTTTGACGACGGAAACCCAACCGAGTCCGTTTGACATCAACATGGCGTACGATGCGGGCTTCCACGCCGTGATTCCATATGGTGGTGTGAATGAGGAGTCTGCAGTCCTGCTGGTGCAGGATATTATCTTCTCTCGAGGACCGAAAGGCGCCAAGTTCAGCGCGCTCTTCATCGGGGGTAACGACATAGACTCGGCCGAGCGGGTCCGTCAAGCCGCCGCAAAGAGTATGTTTCCCCCTTTCCAGGTGTCGATGATGATCGATCCCAAGGGGTCCTATACGACGGCCGTCGCGCTGGTCGCCAAGGCAGAGAAGGCACTGGGCGGATTGCGCGGCAAACAGGTAGCTATCCCTGGTGGAACAGGCCCAGTGGGTATCGTGGCAGCGACCCTCTGTGTGAAGCTAGGAGCCGAAGTCATTATCGGCTCCAGACAACTGAGCGGCGTAGAGCGTCTGGCTCAGCGGCTCTCAGCGCAGACGGGAGGCTCCGTAAAGGGCGCCGCGATGGCGACGGACGAGGACAAGATCTCGCACCTGCGTAGCGCCGATGTGATCCTGACGACCGGTAAGGCGGGTATCCAGATGATTTCCGAGGCGGTCCTGAACGCGCTCCCGTCGGGGAAGCTCGTGGCCGACGTTAATGCTGTTCCTCCGACCGGTATCCATAACCTGGCGCCGAATGACGACCTCAAAGAGGTTGTGCCTGGTATCAGGGGCATCGGGGCGCTGGCGGTTGGGGTTCTGAAGTATGATGTCGAGATCGAGATGCTCGAAACAATCCGAACCTCAGAGAAGTGTGTGGTGCTCGACGAGACGAAAGCCCTGGAGATTGCCCAAAGACGGCTGTCCGTCTGAGAGCCGTATGGTGAGGTGAGTAAATAATAGGTGGTGCTGTGATCTTATCGGTTGTGTGGTAAGATTTTATTATCGGATAGGAGCGAGAATCAGGTGCCCGAGACACAGTTTATATTGATCACCGGCCGATCGACCAAGCAGGGAAGTTCAGCCCATCTCGGGAAGGACGCCCAGGAGTACCGGGACGAGGTCTCGACCTTGCAGATGAACCTCAAGGATATCGAAGCGATAGGATTACAGGATGGGGTTCAGGCGCGGGTCACATCGAACTACGGTTCGATCGTGGTCAAATTGAAGAAAACCGATATCCCGCAGGGAATCGTCTTTATTCCTTATGGAGAACTGAGTAACGCCCTGATCGGTCCGGATACCCAGGCTACAGGGATGCCGGATTCAAAGGGGATCACGGTGGAGGTTGGACGCCATGACTGAGAGCGTTGCCGTGAAAGAGCCGGCTGTGAAAGAACCGTATGTGATGACGGGCGTCGTCTGCCCCTTCTGCGGTGTGACGTGTGACGATCTGGAGGTCAAGGTCGAGGACGGAAAGATCACGGAGGTCAAAAACGCCTGCGTCCTGGGTAAAGCCACCTTTCTCCATCACCTGGAGGGGTTGTCGACCCCGAGGCTGTATGGAAAACCGGCCACCGTTGATGAATGTATCGACGCGGCCGCAGAGGTTCTCGCGAAGGCCAAGTATCCCCTCATCTATGGGCTCGACTCG
FP565575.1_gap6	423793	428242	4449	AAGGCATAATGCAAGGGAGCGACGATGATGCTCAAGGCGGTGATCTTTGATGCCGGCAACACCATCATGCTGGTCAACTACGGTGTGGTCGTGGAGGCATTGGCGGCCGAAGGCTGGGATGTGGAGGAGGCGGCGGTGCGAGAGGCGGAGTATCGCGCTCGGGTGCGCCTCGATCAGATCCTGGCCCGGCGCAACTCCACCGAAGCGCCGCAGATCTTCCAGACGTATATGCGCTTTGTCTGCGAAGGCATTGGCATGTCGTGGGGAGTGGCCGCTGAGCAGGCGCTACGTCGGCTCGCCGAGTACCATCGAGCGTATAATCTCTGGAATCAACCGAATCCTCAGGCCTCTGCTGTGCTTCAGACGTTGCACGATCGCGGGCTCACGCTGGGCATGATCTCAAATTCGAACGGATGGGTCGAGCGGCTTGTGACGGAAAGCGGACTTCGCCCTTACTTTCACTTCGTACTGGACTCGCGGCTGGTTGGGGTAGAAAAGCCTGATCCTAGGATCTTTCAGATCGCGCTGGATCGGGTCGGGATCGGTTCCGCCGAGGCGCTCTACATCGGCGACCTGTACTCCATTGATGTCGTAGGACCGAGAGCGGCGGGGATGCGCGCGATCCTGCTCGATCCTGCCGGTCTGTGGGATCAGGTGGACTGCCAAAAGGCGCGCGACCTATCGGAAGCGGCCGACCTGGTTCTGATGCAGCTTTCGTAACCTGCGCCTTATCCCGAGCAGCCCACCGCGCTTCTCACCCTTCCTGTTCGTTAAACAAGAAGCGCCGCGTATGGGGAGCCACGGTGGTTCCGGCGGTTGCAAGATCGCGCCGAAGCCTCGCCAGGTCGTCCGGCATATCGACGTCGAACCAGGACGGGAGCATCGCAACCTGCAACTGTTGCGTCGCCGCGCGCCGGAGTGTGTCGGTCAGGACTGTCGGGCCGCTCCAGGGGATGTTATCGAAGAGTGCACGGCAGGGGCGCTTGAGACCGATAAGGTAATAGCCTCCATCCTCCGCCGGGCCGAGTACGAGGTCTGTTGTTCCGCTCTGCAGTCGCGCGATGGCATCCAGCAGGTAGGACGTGGGCAGGGTCGGGCTGTCGCTGTCGATGAGAAGAGTCGCCGGATGGCCCCGTTCCAGCAGGATCGCTGAGAGTCGGTGAAGTCGGTCTCCGAGAGTTGAACCCGCCTGCGGAATCAGCGTAAAACTTTCCGGTAACATGGCGAGCATCGACAGCCTTGCCTCGATGGGTGTGTAGGCCAGGTACGGATCGATGTCTGGGATCCCGGCGACCTGCTGCAGCTTATCCAGTAAAAAACACCGATACAGCTCCGCCGCGCGCTCATGGCTTAACGGCGGGACAAGACGTGTCTTAACCCGTCCCGCCTCAGGCACTCTGGCCATCACCGCAATCGCATATCGTCGCATACGGCAAGCGTATCGGACCCCCTTCCGCTTGTCAACCACCTTCAGGCGGTAACGAGCGCCTGTAGGCCGCTGTGAGGCCATAGTGGGCGGCGCCGATCAGGGGTGCACGCAGGTTTAATGCGACCTTCACCTCGATTGACCGGAGCAGGTCGGCGAAGCGTCCCTTGTCGGCGAAGGCGCGGGTGAACGCACTGCGTAGGGGTGCGTGGTCATGTGCCCCTGCAAGGATCTTCGGCGCGATCCCTCCCCCGACATACACCCCACCGATGGCGAATGCCTTCAGGGTCAGATTGCCCGCCTCCGATCCGTACATAGAGACGAACAGATCAAGCGCTTTCGTGCAGAGCGGGTCGTCCCCTGCCAGCCCGATCTCAGAGATCACCGCGCCTGCGTCATCCTCTGCAATGCGCGTCCGAAGCCACTCCGGCTCTCGGGCTATGCCGCTGTCCCGGAGGAACCGATAGATGTTGAAGAGCCCCGGACCAGACAGCAGTCGCTCGTAACTCACGTGACCGAATTCCCGCTGGAGATAGCGCAGCAGGTCGACCTCGATGTCGCTGCGTGGGGCGAAATCAGCGTGTCCTCCCTCGGTGGCCATTGGATGATAACGCTTCCCGTCCCAGTAGAGGATCGCCTCCCCCAAACCCGTGCCGGCCGCGATGACGGCGATATTACCCTTGCGCGGGGAACCCGGCTGAAGCACACACAGGTCGGTCGGCTCGAGATGCAGCATCCCGTAGGCTGTTGCTTCCAGATCGTTCAGGAGCTTCACTCGCGGAACGCGAAGGGCTTCCGCGAGGCTGCGCTCATCCAACTCCCAGGGAAGATTTGTCGCGTTACTCTTTCCTCCGATCACCGGTCCGGCCACCCCGAAGCAGGCCACGCTGAGTGACGCGGCAGGCCCAGGGCCCATGAACTGGTTGAGGACCTCTTCGAGCGAGTTGTAATGTTGGCTGGGGAACGTTTCTTCGCGGATGGCGTGCAGCCGGTTACCGGCCTCTCCAAACAGGCCGATAACGGTCTTCGTCCCCCCGATGTCGCCGGCCAAGATCATGGGGTTTTCTCGGCGAGCCGACTGGCGGCGGCCTGGTCGACCAACCAAACCAACCGGCCTGCTACCGGCCGGATAAGTTGGGCCGGCAATCGTTCTGTGTCTGACGGCCCTTCGAGGATCGCTTGGAGCGCCATGGCCTTCTCAATCCCAGAGACCAGAAACAGGATCATTGTTGCTCGATTGAGGATGGGTATCGTGAGCGTCAAGCGATCCGCCTTCAGTTCGGGGATGTAGTTGGCCGCCACCCACCGTTTAGTCGCTCGAAGCGCCGGGGTATGCGGGAACAGCGAGGCGGTATGACCGTCAGTCCCCAATCCCAGAAGAATAAGGTCGAACGCAGGCGGCTCATCTGGTGACTGCGTGGCGAACGTTCTGGCGATGTCAGTGTCATACTCGCCGGCCGCCGCATCCAAGTCTGCTCGCTCGGCCTGCATCCGGTGGATCTGATCTTCCGGAATCGGAACGCGACTGAGCAGAGTAGCCCTGGCCATGCCAAAGTTTGAGTCCGGGTGCTCCGGCGGCACCGCTCGCTCATCCGTCCAAAAGAGGTGGGTCTCCCGCCATGGTAGGCGAGTGCGGTACGGGTCAGCCGCCAGGAGCGAGTACAGGCGTTTCGGAGTCGAGCCACCTGCCAGGGCAATGGTAAAGCGGCCACAACGGGCCACCGCTTCCTCGGCGATTGCGCCGACCCGCTTTGCGGCCTCCTGAGCGAGAGCAGCCGGATTGGCTACCACCAGCAGGCCGCCCACATGCCCTATGGTCATCCCGCTCTTCATTCCTTCTATGATTTCCTTGATGTCATCACTTGCGAGAAGATTACGGGTTGACCCACTGCCGACCGTCGGCCCCGATGAAGCGGTCGGCTTCTTTTGGACCCCAGTTGCCGGCGGGATAATACGCCAGGCCGGAGCGGTCGGCGGCAGCCCAGGCCTCGAGTATTGGCGTGACCAAAGCCCATGCGGACTCGACCTCATCGCGCCGAATGAACAGCGTCGAGTCCCCAAGCATACAGTCGAGCAGCAGACGCTCGTAGGCCTCGGTCGGATCGATTCCGAAGGCCTCCCGGTACGAGAAGCCTAAACGGGCAGGAATCAGACTGATACTTGGCCCGGGAGGCTTGAGCCCCACTCGCAGGGAGATCCCCTCGTCGGGCTGGATCCGCAACGTTAAGCGGTTCGGCTGGATCACGTCACGTCTCTCATGGCCAAGGTGACCCGCGTGCTGGAACAGCAAGAGCGGCGGCTGGCGGTACTGGATGGTCACCTCGGTCACTCGCTTTGGTAGCGCCTTCCCGGTTCGCAGGTAGAACGGTACCCCCGCCCAGCGCCAGTTGTCGATTTCCAGACGAAGCGCTGCGAAGGTCTCCGTTGCCGTTTCAGCCGCAACCCCGGGCTCATCGGCATAGGCTGCAATCCTTTTCCCGTGAAGCTGGCCGCTGATATACTGCGCCCGGACGGTGGCACTCTCCACATCTGTTGTCAGGACCTCACGAATTGCGCGCAAGACTTTGACTTTCTCATCGCGGACCGCGTCAGGATCAAAGGTGGCCGGCGGCTCCATGGCCACCAGCGACAGGAGTTGTAGCATGTGGTTTTGCAGCATGTCCCGCATGGCGCCCGCGCCGTCATAATAGCCGCCTCGACCCTCCACGCCATGATCTTCCGCCACTAAGAGCTGAATGTGGTCGATATACCGACGGTTCCATAACGGTTCAAAGATGCTGTTGCCGAAGCGGAAGGTCAGGATGTTCTGGACGGTTTCCTTGCCGAGATAGTGGTCGATGCGATAGACCTGCCGTTCGCGAAAGACCTGGTGAATCTCGGCATTTAGGGTCAGGGCCGTTGCCAGGTCGCGTCCGAACGGCTTTTCAACGATGATCCGACAACACCCGCGAGCCTCCGATGCTGGTTCGGTATCGTACGGACCGTCTCGAACCTCGCTTACCAGTCCGGCGGCTCCCAGGTGG
FP565575.1_gap7	437495	438376	881	AACCGAAGGGATGGGCCACGGCATTACGGAGGTGAATAGGCGCGTTGATGAGTTTGGGCGTCGGATCGATCAGATCGGGCAGCGACTGAACGGGTCCGACAAGCAGGTCAGCCAGGCCGCCGGCGCCGCGCAGGAGGCGGCAGCCGTGGCCAGGCAGGCGACGGCTGTCTCTCAGCAGACCGCGCAGCAAGTGACGGCGGCCCTTCAACAAATGGCCCATCAGACAAACGTGGCGATCGAGCAGGTCAACGCAACCGCGCAACTCGCCCTGGCCGAGGCCAGAAAAACGACCAAGGGAAAGCCGACCACGGGCGCTGCTGGCTCGTCTCGTACTGAGATGCAGGCCCCGTTCCCGGTGGTGACCCCGATTACGGCGCCCCCTCCGGTTCCGTCCGCACCGACTGCTACGGCTCCAACTCAGTCGGTTGCGCCTCCTCCGCCCGCCGTCCGGACAGCCGAGTCGCCTCCACGCCCGATTCCGGCTGCGAAGCCGGCGATCAGGACGGAGAGCGCCGGCGAGCTATACAGAAATGCCCTGAACGACTATGCGAAAGGCGATTACGAGTTAGCGATCAGCGGTTTCCGAAGTCAGATTGAGCTCTATCCCAACTCCAGCCTCCTGCCGAACGCCCGGTACTGGCTCGGAGAGTCATATTACAGCCAGAAGCAGTACGACCAGGCGGTCACGGAGTTTGCGGTGCTCGTGAAGCAGCATCCGGAGCACCCAAAGGCGGCGAGCGCTCTGCTCAAGCAGGGGTTTGCGCACCTGGAGATGGGGGACAAGCCCAAAGGGCGAACGGTACTCGATCGCCTGCTGAAGCAGTTCCCAAAGTCGCAGGAGTCCAGATGGGCGAAGGAGCGGCTGAGTCAAATCAAGTAAG
FP565575.1_gap8	444916	449805	4889	GGATCTTCACGCCGGACAGATTCAGGGTTTCTTTACGACCCCGGTCGATCACCTGTATGCCGCTCCGGTTCTCCTGCGGTTTTTCGAGGAGCGCCGGCTGGGGGATGCGGTGGTCGTCTCCCCGGATGCGGGCGGCGTGGAACGAGCCCGCGCATTTGCCAAGCGCCTGGGCAGTCCGCTGGCATTCATCGATAAGCGTCGGACAGGTCCCAATGAGGCGAAGGTGATGCATATTGTCGGAGACGTCGAGGGGCGGGACGTGATCATTGTGGACGATATGATTGATACGGCGGGAACCCTTACGCAGGCGGTTCCGGCCCTCCTTGAAAAGGGAGCTAAGCGAATCTTTGCAAGTTGTACACATCCGGTTCTCTCGGGTCCGGCGATGGAGCGGATCAATGGATCAGCCCTCGAAGAGGTGATCGTCACGAATACGATCCCCCTTCCCGATGGTAACCAGTCAAAAAAGCTGACCGTCCTCTCGGTGGCTCCGCTACTGGGGGAGGCTATCAGCCGCATTCATAAAGAGGAATCCGTCAGTTGCCTTTTTGTCTGACGGTGGGGAGGATAGATCGGGCGCAGAGATACGAGGAGGAAACTCGCCTGCGCCGCGCGAGAAGGAGAGTGCAATGGAAGAATTGAGACTGAAAGGGCAAGTTCGGACGCAGGTCGGCAAGGGGGCCGCAAAAAAGCTTCGGCGGCAGCGGCTGATTCCGGCTGTCGTGTATGGAGGCACATCAGGGCCCACCGCAGTAACGATCAATCCCTTTGAAATGATGAAGCTCCTTGGGTCCGGAGCGGGTGAGAACGTCCTGATCTCTCTCGCCATGGATGGAGAGAATGAGCAATCGAGGACGGTCATCCTGAAAGCGTTACAGCGAGACCCTGTGCGAGGGGGGCCGTTGCACGCCGATTTCCTCGAGGTGTCCATGCAGCGGAAGATCAAGGTTCAGATTCCGGTCAGATTAGTGGGGGAGGCCATCGGCGTCAAGCTCAAGGGCGGCCTTTTGGAACAGCATCTGCGCGAGGTCAGCGTCGAGTGCCTGCCCGGTGCAATTCCCAGCCACATCCAGGTGGATATCAGTCACCTTGATTTGGGTCACGGTATTCACGTCCGTGAGCTTACCGCAGGGGGGGATATTAAGGTGCTTGAGGACCCCGCCAGGCCTGTGGTGACGGTGCTGGTTCAGCGGGTAGCGGCGGAGGGGGCTGCGGCTGTAGCCGAGGAGAAACCGACTGAGCCGGAAGTGGTTGGTAAGAAGGAGGCGAAAGAGGTCAAGGAAGGTAAATAGGAAGGCGGATGGACCGTCTTGTGGGGCACCTTGTTGTGGATCGTAGTGGGCTTGGGCAATCCTGGTCCGGAGTATGAAGTCAGTCGCCACAATGTAGGCTTTCGGGTTGTGGACACGTTGGCTGACCGGGCGGGCGTGACCCTCACGCGTTGCCGATACCGTTCGCTTTTTGTGAGAGGTTCCATTCACGGAGCCCAGGTTCTATTGATCAAACCTTTGACCTTCATGAACGAAAGCGGCTTCAGTGTCTCCAGATGGCAACAGGCGTTACGCCTTGATCCTGGTCGGATTATCGTGGTCCATGACGACCTGGATCTGCCTCCCTCTCAGTTACGAATCAGGGTGGGCGGCGGTCACGGGGGGCACAGGGGTATCCGTTCCGTCATAGAGGCGATAGGCAGCTCCGACTTTCTACGAGTGAAGGTGGGGATCGGACGGCCTCAAGATGGGCAGGATGCGGTCACACACGTGCTGGGGCCTTTTGAGGAATGTGATGGCGGCGTGCTGGAGGCGGCGATACAACGGGCTGCCGATGCGGTGGAGGCGGTGATGCAGGAAGGTTTTGAGGTGGCGATGAACCGGTACAACGTTCGAGGTGCCCGTCAGACTCGCATGGCATAATCTGGAGGAGGTGAAGAGAGTGGGTCACTATGAGGTCATTATTATTTTGGATCCGGCCCTTACGGAGGAGAGTATTGATACGGAGATCGGCGGAGTTCGCGAGGTTGTGACCAAGAAGGGCGGACAGATGCTGGAGATCCAGAAGTGGGGAAAAAAGCGACTGGCCTACGAGGTAAAAAAGCGACGGGAAGGTCAGTATGTTCTCATGAAGGTGGACGGCCCTGGCGGAGTTGTGGCCGATCTCGATCGGCATTTTCGGATCACTGAGGTCATCCTGAAAGGGGCGGTTGTCAGGGCTGAGGAGCCCAGGAGAGGACGATTTAAAGCGAAGTCGCACGCCACACTCGAGGGTAGTGCCGTCACCACTACCCAGGAGATGGAAGATGGTGAGCTTCAATAAGGTGATTTTGCTGGGCAACCTGACACGAGACCCGGAACTTCGGCATACGCCGGCCGGTATGACCGTGTGTAACTTCGATCTTGCGGTCAATCGATCTTTTACGACCAAAGGCGGTGACCGGCGAGAAGAGGTCTGTTTCATTACGGTCGTTGTGTGGGATAAGCAAGCGCAGACCTGTGCCGAATTTCTAAGCAAAGGGCGCCAGGCGCTGGTTGAGGGTCGGCTCCAACAACGATCATGGGAAACGCCGGACGGCCAGAAGCGAAGCAAATATGAGGTTGTTGCAGAGCGGGTGCAATTTGTCGGTGGACGAAAGGATGCGGCAGGCTCCGAGTCCGAGGAGGAACCGCCTCGATCCGGCGGTGAGGAGGAGGTGCCATTCTGAAACCCGTGGTGAGCCCTGTCGAACCACGAGATGACGCTCAGGGGGGTGATGACGAATGCTGAAAAAGCGACGAAGTTTTCGGCGGCAGAAGGTGTGTAAGTGGTGTGTCGATAAGGTTGAGACAGTCGATTTCAAGGACGCGAAGCGGCTTAGAAACTTTATTACTGATCGAGGGAAGATTATTCCGCGGCGGATTTCCGGGAACTGTGCCGGCCATCAGCGGCAGTTGGGCGGAGCCATCAAGAGGGCTCGCAGCATCGCATTGCTTCCCTTCGCCGCCGATCTGGTCTAAGCGGGAGGACTCGGCAGATCGTTGCGGTGGGGTTGACGACACGCGTTCGATGAAAGAGCGATCAGTCGGGAGGTTTGTGCAAGGCGCCGCCCTTTGTCTCGCGTCTCTCATGCTCGCGCTGGTCGGCGGAATGATCCCTGTTGCCGGGAGCTTTTTCAGTCTACTGACCCCCCTGCCGCTTATTCTCCTGTCCTTGAGAGGTGGTCGAGTTGTTGCCCTGCTTGGAGTATGTGCTGTAGGGATCGGTGTCGCCGGCCTCTTGGGTTTCGGACATGCCTGGTTCTTCTATATTCAATTCGGCCTGCCTGCGATGGTGCTGGCGGAGGCTATCCGCCGCCAGTGGGCCCCTGAGATATCGGTCGCCGTAGGAAGTCTGACCGTCGTTGCAGGCGCTTTGGTCGGTCTTTTCATCCTGGCTTGGGGCGCGGGCGGATCGATGCTGGATTTCCTGACGCATCGGCTCGACATCGCCGTACGAGACGCGATGGAGCTGTACGCCAGGATGGGCGTGTCTCCGGATGAGGTTGGCCCGCTGGCAGGATCGGGCGAGGAGATACGAAGACTTCTGCTTACAACGGCGCCCGGCCTCTTCATGGCGGCGGCGCTGCTCAGCACCTCAGTCAACTTCTTTCTGGCAAAGAGGGGATCGACCCCTGTCACTGTATCCGGGGGTCTGACTCCGGTATTTACCTGGAGAGTTCCGGACTGGCTGGTGTGGGTGTTCATTGGATCTGTCGTCCTGCTGCTGAGTGGCCTGCCGATTGCGAGAGAGATCGGGTTCAACGGGCTGCTCGTCATGATGACGGTCTATTTTCTGCAGGGTCTGGCGATTGCCACGTTCTGGATTCGCCGGCTGAGACTGTCGCCGTTCGTCGGATTTTTGGGTGTTGCACTGTTGTTTCTTCAGCCCCTGCTGTTGCTCCTCGTCACGTTGGTCGGGCTGTTCGATATCTGGGTCGTTTTTCGCCGGCATTCGCTTCCGAGACCCCCTGACGCGTAGAGCGCGACGGGTGAGGCAGTACGGAGGAGGTCACACACTGATGAAAATCGTTCTGTTGGAACAAGTGGAGAAGGTGGGTTCTGCTGGTGATCAGGTTGAAGTGGCGGACGGCTACGCGCGGAATTTTCTGATCCCGACGCGCAAGGCGGTTGCGGCGACCTCCGCCAACATTAAGTCGCTGAATCATCTGATTCGACAGAATACGGAGCGTGAGGACAGGGTTCGTCATGCGGCGGAGACGACGGCCGGCCGGATCGCAGAGCTGCACTGCACGATCGCGCGCCGGGCCGGCGAGCAGGATCGACTCTTCGGTGCCGTCACCAACCAGGACATCTGTGCCGCCCTGGCCGCCCAGGGACTGGAGATGGATCGGCGAATGATTCTCCTGCAGGATCCGATCAAGGCGCTCGGCAGCTACAGCATTCCCATCCGTTTGCACCCTGAGGTCGTTGCCGAACTTCGGCTGACCGTCGAGCGCGAAGAAGGCTGAGTCGGTGAGGCAACGAATCATGCCGGAATCGACCCTGGATCGGCGTGAGACAGGCGGGGAGCGTGTTCCGCCGCAGAATCTTGAGGCCGAGATGTCGGTCCTCGGGGCGGTTCTGCAAAGCAGCGAGGCGTTCATGAAGTGTCTCGAACTGCTGCGACCGGAGCAGTTTTACCGTGACGCGCACCGCAAGATCTTCGCTGCCGCCACCGGACTGTTCGGACGGGGCGAGCCGGTCGATCTCATCACGATCACCAATGAGCTTCGCCGCCGCGGCGAACTTGACGAGGTGGGCTCCTCGGCGTTCCTCGCCTCACTGGTGGATGCCGTCCCCACGGGTGCGAACGTCGCCTACCATGCGCGGATCGTTCGAGACAAGGCGCTACTGCGTCAGTTGATCGCCGTGGCCACC
FP565575.1_gap9	461726	463905	2179	AGTTTGATGAGACCATGGAGATGGCGGTTCGCCTGGGGGTTGATCCGAAGCATGCCGATCAGATGGTCAGGGGTACGGTCGTATTGCCCCACGGAACAGGGAAGAGTGTTCGAGTGCTGGTCTTTATGAAGGGCGAGCAAGAGAAAGATGCCCGGGAGGCCGGTGCCGACTATGTGGGCTGTGAAGACCTGATAGAGAAGATCCAGCAGGGGTGGCTTGAGTTCGATCGGGCGATTGCCACCCCGAATGTGATGGGTCTGGTGGGACGCCTCGGAAAGGTTCTTGGTCCTCGGGGATTAATGCCTAATCCGAAGACCGGTACCGTGACCTTCGATGTTGGAAGAGCGGTCAAAGAGTTCAAGGGTGGAAAGATTGAGTATCGTACAGAGAAGGCAGGGATCGTGCATGCGCCTTTCGGCAAGGCCTCGTTTACGGCGAACCAGCTCCATGAGAATGCGATGGCATTGCTGGAGGCGTTGGTCCGGGCTAAGCCGGCCTCCAGCAAGGGTCGATACCTCAATGGTGTCGCCATATCGTCGACAATGGGGCCGGGTGTGCGGGTAGATCTTGACACCCTGGTGGGGTTGGCAAAGAGCTGAGGTAGCCGGCTCGCCGTGCATGGAGGGGACAGTGAATCGGGTAGAAAAAGCAGCAGTAATTGATGAGCTTAAGACCGCACTGGCGGGGTCGACGGTCGCCATGCTGGCGGATCCTCAGGGTCTCACGATGAGCGACTTGACCGAGCTGAGAAAGCTGCTTCGGCAGCAGGGAGTGACGCTTCAGGTTGTCAAAAATACCCTCGCCAGATTGGCCACCGCGGGGATGGAGCTCCAGAATCTCAAGCCCTATCTTGTCGGTCCGACCGCGATTATTTATGGCAAGGGTGATCCAACTGCGCCGGCTAAACTCTTAGCGACGTTCGGAAAGACGAGACCGTCCTTCCAGATCAAAGCCGGTTTCGCGGAGGGAACGGTCTTAACCGGGAAAGATGCGGCGGCGCTCGCCGATCTCCCTTCACGTGAGGTGCTTGCGGCCAGACTCGCCGGTATCATGCAATCCCCCCTGCGCGGCTTCGTGACGGTGTTGAATGGACCTCTTCGTTCCTTCATGATGGTCCTGGAGGCGGTGAAGCAGCAGAAGGGGTAGGGACCAGCCTTGGCCTGAAACGGCCCGGGTATCGTCGGTATATCTGTTACTATACAGTCAAGGAGAGGAGTGACGATGGCAAAGGTCACAGTTGATGATGTGTTGGACTCGATTGAGACGTGGACTGTGTTGGACCTCAATAAGCTGGTAAAGGGGATTGAGGATAAATTCGGGGTCTCTGCAACGGCGATGATGCCTATGGCGGCGGTTGGCTCTGGTGGGGCTGGGGCGGCTGCAGCGCCGGCAGCTGAGGAGAAGACAGAGTTCTCGGTGATCCTCGCCTCTGTGGGAGAGAAGAAGATCCAGGTCATCAAGGAGGTGAGGGCCATTACCGGACTGGGTCTGAAAGAGGCTAAAGACCTGGTTGAGGGCGCTCCCAAGCCGGTGAAGGAAGGGTTGTCGAAGGCTGAGGCGGAGGAGATTAAAGCGAAGCTCGAGGCGACCGGCGCGACTGCAGAACTTAAGTAATGCGGGAAGAAGGAAGAAAAGGAGTTGAGGACGTATGGCCCTCGTGAAAAAGAGCGTGGCTGCTGAGCGCTGGAATTTCAGCAAGATCAAAGAGGTGATCTCTATCCCCAATCTGATTGAGATCCAGCGGCGGTCCTTCGATCAATTTTTACAAATGAAGGTTCCGCCGCACGCACGCGAGGAGATCGGTCTTCAGGGGGCCTTCGCCAGCATCTTTCCGATCTATAACTACGACCAGTCGGCGTCGCTTGATTTTGTGAAGTACGAGTTCGGGGCGCCAAAGTACCGGGCAGAGGAATCGCTGGAGAAGGGGATGACGTACTCCGTCCCGCTCAAGGTGACCCTTCGCTTGATGGTGTGGGATAAGCCGGTCGGCTCCGAGGCCGGCAGTATCAGGGACATTAAAGAGCAGGAGGTCTACCTGGGCGAAATGCCTTTGATGACGCCTCAGGGCACCTTTATCATTAATGGAACGGAGCGGGTGGTGGTCAGCCAATTGCACCGCTCTCCAGGCGTCTTTTTTGATCATGACAGCGGTAAGACTCACCCGAGCGGTAAGATCCTG
FP565575.1_gap10	580400	584012	3612	AAGAGCGGACCGGAAAAGTACGATGCTGTCGTAGAGGAGATTGCCGAGTTACATAAGACCGGCCGGCCGGTCCTGGTCGGGACCACCTCGATTGAGAAGAACGAAAAGCTCTCGGCCCTGTTGAAGCGACGGGGGATCCCCCATCAACTATTGAACGCCAAGCACCACGAGCGAGAGGCGGAGATCGTAGCCCAAGCCGGTCGCTTCAAGGCGGTCACCATCGCCACCAATATGGCCGGCCGCGGGACCGACATCCTGTTGGGTGGGAGTCCGAAGTTCCTGGCGGCGGAGTTGCTCCGACGTGGTGAGACGGAAGAGGATCAGATCGACCCCCAGAAGCTTGCCGGCACGCTCGAGGAGGTCCGGCAGATGCAGCACTATGGCCTGCTGGATCTGTCGGTGAACGTTGAGGAGTATGCTGCGGCGTTGACGGTGATTCGCAAGCAGACCGAGGCTGAACACCAGCAGGTGGTGGCCTTGGGGGGTCTGCATATCATCGGAACCGAGCGTCATGAGGCCCGCCGCATCGATAATCAGCTCCGGGGGCGCGCCGGTCGTCAGGGCGACCCCGGCTCATCCCGCTTCTTTCTGTCGCTCGAGGATGATCTTCTCCGACTGTTCGGTTCTGATCGTATCAGCAGCATCATGGAGAAGCTGGGGATGGAGGAGGGGGAGCCGATTGAGCACAGCATGGTGACCCGCGCCATCGAGACGGCCCAGAAACGGGTAGAGGCCCACAACTTCGAGATCCGCAAGCACCTCCTTGAGTACGACGACGTGATGAACACGCAGCGGAAGATCATCTACGCTGAGCGCCGCAGGATCCTGGATGGAGAGGGCCTGCCGGATACCTTGGCTGAAATGCGGGGCGAGGTGATTGACGAGCTGCTCTCGCTCTACGCCAATGCAGAGACCTATCCCGAGCAGTGGGACCTGGCCGGTCTCACCGAGGCGGTCAAACGACAGTTCGATCTGGAGATCTCGTGGTCACCGGAGGAGGTCGCGTCGCTGACCGTGGCGCTGCTCCGTGATAGTCTGGAGGAGCGAGTTCTCAGGGCCTATGAGGAGCGGGACGCGAAGTTCGGTCCTGAATTGGCGCGGTACCTTGAGCGGATGGTCATGTTGCAGGTGGTGGACGGGCAGTGGAAGGACCACCTCCTGGCCATGGATCATCTGAAGGAGGGAATCGGGCTTCGGGGATACGGGCAAAAAGATCCGCTCGTCGAGTATAAGCGCGAGGGCTTCGCGATGTTCGAAGCCATGATCGACCGAATCAAACAGCAGACGATCGAATATCTCTACCGGGTTCAAGTGGCTCCCGCTGAGGCACTGGCGTTCGCAGGGGCCCAAGCCGCGCCCCAAGGCGATGGCGGGGATAGCGACCATCCTCTTCGTTCTCAGCCTGAATCGCAGCCAAAGCCGGCAGAACGATCCCTCCGCCCGGCCGCCGCGACCGCTCCAATCAAAGTAGTGGGTAAGAAGATCGGGCGGAATGATCCTTGCCCATGCGGCAGCGGCCAGAAATATAAGAAGTGCTGCGGCGCGTAACGGGAGAAGCGTACAGCGATCAGCGCCGAGATCCCCCCCAACCCCCCTTTGATAAAGGGGGGCGCGGGGGGATTTTTGGTAAAGCGGATGAAAGTGAGCGTAACGAGCGTGGGGAATCATCCTGCGTAAGGTGTCGGTCATCGGCATCGGATGTACGCCGTTCGGGAAGCAGGACGGCGTCGGCATCGTTGACCTGACACTGCAGGCTTGCCGCGAGGCCATGGACGACGCTCACCTTCCTGGAAGACGCATCGACGCATTCTACCTCGGCAACTTCGTCTCCGAGACGTTAGTCCATCAAGGGTCGCTGGCCCCGATTATCGCGCATCGGCTTGGTCTTGGTCCGATTCCCTGTACGAAGGTAGAAGGGGCCTGTGCCTCATCCGGTATTGCGTTCCGCCATGGAGTGCTGCTGATCGCATCGGGCCTGTGCGATATCGTGCTGGTTGCAGGTGTCGAGAAGATGACCTCTGCGGAGACGGGGGCGGTGACGGAGGCGCTGGCGTCGGCCGGCGACGCCGAGACCGAGATGCGGCTGGGCCTCACCTTTCCTGGAACCTTCGGAATCATCATGCGACGGCATATGCATCAGTACGGGACGACGCGCGAGCAGGTGGCTATGGTGTCGGTCAAGAATCGGTCCAACGGCAGCACCAATCCAAAAGCCCACTTTCAGACGCCGGTGGCCATGGAGGAGATCCTGGAATCGCGGCTGATCTGCGATCCGATTCGACTGTATGACTGCACTCCGATTAGCGACGGCGCCGCCGCGGCGGTCCTGTGCGCGACCGATCTGGCGGCTGAGTTCACCGATCGGCCGATCGATGTCATCGGTTCCGGTCACGCCACGGGTCCCGCGACGCTGTTCGAGATGGCGGACCTGACGACCTTTGAGGCGTCGGTAGCCGCCGGGCAGCAGGCCTACCGACAGGCCGGTCTCGGCCCTCGCGATATCGATGTGGCAGAGGTGCATGATTGCTTTACCATTGCCGAGATCGCGGCCATCGAAGATCTGGGATTCGTGGCAAAAGGGCAGGGGGGACCGGCCATCGCCGATGGGCTCACGGCGCTTCATGGGGCACTTCCAATCAACCCGAGCGGCGGCCTGCTGAGCAAGGGGCATCCGGTGGGCGCCACTGGTCTCGCCCAGATCTATGAGATCGTCGCACAACTCCGTGGAGAGGCGATCAATCAGGTGAAGGATGCGGAGATCGGCCTGGCTCACAACCTCGGCGGGACCGGGGCGGTCAGTACGGTCCACATCCTGACGCGGCGATAAGGATGGCCTCATTCGAGGCGTTTGCGTGCGGCGGCTGCAAGAGTCTGTTTGCGAGGCGTCACATCTGCTGTCGGCGCTGCGGGACGCCTACCGTCCTGCCGATCAGCTTGTCTGGTCGAGGGACGCTCACCTCCTTTACGACTATTCGGGTGCCGCCGACTGTCTTCCTGGGACAGGATCCGTACGACATCGCGGTCATCGATCTGGATGAAGGGCTGCGGGTCACAGCCCGCCTTATGGTCCCGGAAGGACGAGAGGCGGCGATCGGCGATCCGGCGATCTTTGACGAGATGCTTTCGTATGGGCCGGTCTTTCGGCTGATCTAGGAATGGGAATGGACGACAGCATACTGACAATGGCGGGTATCCAGATGGGTGGGGGACCTGATCCCGGAGCCAATCTGGAAAGAGCGATAGAGCTGGGAAAGATTGCTGCCCAGCGGGGAGCGAAGATCATCTGTTTGTCGGAGTGCTTTGCCTGGCCCTGGTTCCCCAGTGAGATCGACCCGGCGCAGTTCGCGACTGCCGAGTCGGTTCCTGGACCACTCAGCGAGACGGTTGCCGCATTTGCGAGGGATCACCAGGTGGCTGTCGTCGCGCCGATCTTCGAGCGCGGGACCGACGGAGCCTACTATAATACGGCCCTCGTGTTTGACGCCGATGGGACCCTGCTGGGTCAATACCGAAAAAATCATCTCCCGCAACTCCCAAACTATCAGGAGCGATTCTATTTCCAACCCGGGAACCAGGGATTCCCCGTGTTCCATACCCGATACGCTGTGATCG
FP565575.1_gap11	703403	706237	2834	ATTCCAGATCGGGCAGATGTGCGATATCTGTCGTATGCCGGGGTACGGCCCGTCACAGAGATGCCGCCATGGTTCCGTCCCTGGACTCGTATGCTCGAGGAGAATGCCGGTGAGAACGATAGTCAGGTGCCACTTGGATCGGCGATGTGGGGGGAGTTCAAGAGGACATTGCGAGCCGACCACATCGAGCTGGCGGGTTGGAACCTGGGCGGATCGAACGCGCACGATCAGCGGCCATTTGATCATCTATCCTTTTATCAGGAAGTCCTGGCTGAGTTATTGGATGTGAAGTGATGGTGCAGCCGACAGCTTGGCGCATACTGCTTGACGGCGTAGGGACGGGAGGATGTATGGGCACCAGCGGAGCGATTTCGACACTGATTCGAGTGACCGTATGTCTCGGTCTCGTGAGTCCGGTCTTGGTGCTCGCTCGAGTAGCGGCTGGCGATGTAGCAGCCGAGTGTACACCGCCTTCCCTCGTGTGGTTTGACCCTATCTTCTTCTCCTATAACGTGGCGCTCGCACTGTTCGCCGTACTTTCCATCCCAGGCATTACGTATTTTTATGTCGTCTCCAGGAAGGCCGAGAAGATCAGGCGGCTGCGAAACGATCTCAGCGAAGAACGCTGGAGCCTCAATGAAGAGGCGATTGTCAACATCGTTGAGCGCCAGTTCCGGATGCGTCATTACCTTGGCAGCATGCTGACCCTGACCATCGTCGTCCTGCTTGGGACATCCATCATTCTCTTGCTCAAACCTTTCTCCGGAGCGGGTTGTGGGGGGTCGATTACAGTAAGGGCGCCAACTTCCTACTGTTGGGGCCTTACATGCTGTTTGGGCCTGATGGCCGCCCCGACCATGACTATTACCAGCATATTGCGGTGAGTCTGACGGCCTTCCAGTTCGGCTTTCTCGGCGCCTACGTCTATCTGATCGGAGACCTCGTCAGGGCCTACTTTATACTCGATCTGACCCCGCAAGTGTTTGTAGCCAGCACCATCCGCGTCATCACCGGGAGCCTGCTAGCCTTGGTGACCTCATTTATGACGGGTTATATGTCGAAGGAAGTCAATATCAGCCTGCCATTGATTAGCTTTTTTTTCGGCTACTTTCCGGAAACAGCCCTGATTCTGATCCAAAAAAAGGTGGCCGGCTGGATTGGTCTGGGTGAGACGAAGTACCACGCTATACCGCTGTCAAGACTACCCGGCATGAGCTATGCGCACGAGACCCGCCTGATACGTGAAGGCTATGACAATGTAGAAAACCTGGCCACCGTTCGGCCGTTGGATTTGATGTTGCGGACAGGATTTACTCATCGTCAGGTGCGGCAGTGGATCGCGCAGGCATGGTTGTACAGCCATATGCGAGAGGATTACGAGGAGTTCGTCAAGCAGACCGGTATTACCGGTGCAGATGAACTCGCAGAGCTTCTTGATAAGGGTAACGTCGGCTCTACGACGCCGGAGGAATACTTGAGCGCCGCTACCGGCGACAAGTATACGCACAAGATTGCAGCACTATGCCGTTTGGTTGGTAAGTGGAAAGAACGAGCCGATCGTCCGCTGAGCCTGAGCCCCCAGTACACTCGTGCCCTGTTTGATAAAGGGCAGGCGTTGAAAGCGAAGGGGGACACGAAGGGGGCGATTGAGGTGTTTCAGCGATTTCTCGCACTCGTGCCGCCAGACTCCGACGATGCCAAGCAGGTCAAAGAATGGATCGCGAAGCTCGGCAAATCAGGCCGTTCCACACCGAACACAGGTGACGAGCCTGGGAAGCCGTAGAGTCTCTGCCCTCTTACTGTAGCTTTCACGATCTTGCCTGCATCGAATCGTTAGAATACAAGTGCAATCGCACCAGCGACAACTCTAAAAGGAAAAGCTAATACATTGCCGATGAAATTTAAGGTTCTGCTTAAAATACCTCCCGATACGCCCTCAGTCTTCTTTTCCTCCACTTCAGTCCGCCCCTCTGCCTTTGTCGCGCTGGTGTTTTCTGATTGTGGAGACGCTTCACTTGATTCCATTGAATCTCGTTTTGTCTCGTGTGTAGTAACTGGCTCTGTCTTCGTCGTTGAAGTAGCAGTGCATCCTTCAAATCCAAACACAGCAAATACACTGAGCACCATCAGTAAGAATATTCTCTTCTTCATCGAACACCTCCAGGGTTAATCTGGGTTCTGCGCATCTCGATTCTTCCTTGGCAATGCTTCCTCTCTCATAATTCTGGAGTATATTGCGCCTAAGGCTTCTTTACATTCACCGTTCATTCTAAGCCTGTCGAAGAGTGAGACATTCCGGATTCCGTGTCAAGCACGGAATGACGGGCGAGAACAGAAGACGATGCCCCGCGGTTTGCCGCGGGGTAGGTCATTCTATTGGGGGTTCATTCATGCGAGTATAATAGGCGGGTGTTAAGTCCCACCCCGGCTTGCGGAGTTGTTGGTGAAGGTATTTCAGACGCCTCGGTAAAAGTTGACTCCCTTGGAGATTTCACTAGAATGCAAGATTGATTCACCGGGATCGAGAAGATTGAATACAACGTGAGGGTGGGAATCATTGGCGCAGTGATGGAGGCGTGATGGGAAGGTCGGCGTGAACATGGGGGCGGACGTATGGCCGAAGATAACGGCGTGGGCGGTGCACCTGTTCACGGCCTTTGGCGCAGTTATCGGGGCCTGGTGTCTCGTCGCCATACACAGGGGCGATTATCGGGAAGCGTTCTTCGGGATGCTGCTGGCCGTTGTGTTCGATGCTGTGGATGGACCGCTGGCCCGGAGGGCTCGTGTTAAAGAGGTTCTGCCCCAATTCGATGGAACGAAGCTGGACGATATCG
FP565575.1_gap12	731301	734920	3619	GCTCCAAGATCTTTGACGGTCGCCTCCGCGCAGTTCCTCGGGCAGCCGACGGCGGCGAGTTTCATCTTATGCGGGGTCTCGAGACCGTAGAATCGCTTCTCAATCTTGGTCCCCAGCGCGATGGAATCGCCCAGGCCGAACCGGCAAAAGAGAGATCCCACACAGGTTTTGCATGAACGGATCGCCTTGGCGTAGGCGTGCCCGCTGGCCATCCCCAGATCCTTCCAGACATGCGGGAGCTGCTCCTTCCTGACGCCTGCCAGTGCGATGCGTTGGCCGCCGGTCAGCTTGATCGCGGGAATCTGATACTTGTCTGCGACATCGGCGATGCGCCGGAGCTCTGTCGGCGAGGTGACACCGGCGCAGATTCGCGGTACGACCGAGAAGGTCCCATCCTTCTGGATGTTGGCGTGGACCCGGTCGTTGATGAATCGCGCATCGCGCTCATCTTCGTACTCGCCGGCCCAGATGGTCTTGAGGAGCGAGGCTAGAGCCGTCTTATGGCTCGGCTCTTCGCGTCCGTCGTTCAGTTCTCGGAACAGCGCGCTGACGCTCTTGATCTCTTGAGCCTTGATGGCGGCGACCAGTTCGGGTTTAGTCATCGGGATGCTCGGCACATACCAGTGCTCGGCGGGGTCTTCCGCCACCGCCCCGGCGTAGACTTCGAGAAACTGTTCGAGGAGTTTCTTGCAGCCGCCGCAACTCGTGCCGGCCTTCGTGCGGGCTCCAATCTGTGAGACCGATCGGCACTTACCGAACTCGATTGCCTCCCTGATCTGCCCCTTGGTGACCCCGTGACAATGACAGATCTGGGCATGATCGGGCAGGTCAAACACCGAGAGGATCGGGGCGCCCGTAGAGGTACCGAACAGCAGGTCGGCCCGCCGATCCGGAAGTACGGCGTCCAGCAAGTACATCTGAGTGAGTACGCCAGCCGTGTCCGTCTCACCCAGGAGGGTGGCGCCGACGAGTCGATTATTGCGTATGACCATCTTTTTGTAGACGCCTCGCAATGGCTCGACGTAGCTGACGACCTCGTCTTGAAGATCGGTTGGAGTCGTGTCGCCCATCGAGACAAGCTGTACGCCCATCACCTTCAGTTTGCTCACAGGTTTGGAGCCCTGGTACCCGCCATTGGAGGAAGCGCCGGTGAGATGCTCTGCCAGTACCCTGGCCTGGTCGTATAGAGGCGCCACGAGGCCATAGAGCTTGCCGCGGTGCTGAGCGCACTCACCTACGGCGTAGATGTCCGGATCGGAGGTCTGCATCCGGTCGTTTACGACGATCCCTCGATCTACCGTAAGCCCGGACCGACCGGCAAGCTCAGCGTTGGGTCGGATGCCGCAGCTCATCACGATGATGTCGACGTCCAGCGTAGAGCCGTCCTGAAACTCCAGGCCCGTGACCCGATCGTCTCCGAGCACGCGTGTCACGCTCTTTTCGAGAAGCGTCTGTACGCCCATCTGCTGCATCGTCCGTTGAAGCAGTGCGCCTCCCTCAGCGTCTAATTGCTGCGCCATCAACCACGGCATCATTTCGACGACCGTCACATCGAGTTCGAGGGAGAGGAGACCTCGCGCAGCCTCCAGACCGAGCAGGCCGCCGCCCATGACTGCGGCCCTCCGACATCCTTTCGCGTATGCCTCAATCGCCTGGCAGTCATCGAGCGTCCGGAAGACGAAGACGCCCTTCTTCTCTACCCCATTCATGGGGGGTACGAACGGTCGGCTGCCGGTGGCGATGATCAGCGTATCGTACGATTCCTCTACGCCGCCATCGTCGCGTACCGTCTTGTTGTTGCGATCAATCGCCGCGACCGCCGTCCCGGCATGTAACATGATGTCATGTTCGCGGTACCAGTCGAGCGGGTTCAAAAAGATCTGCTTGATGTCCTTGGAGCCGATCAGCACATCCGAGAGGAGGGTGCGGTCGTAGTTGCCGTATCGCTCTGCGCCGAACATCACGACGTGAAACCGTTCACGATCCCGAGACAGGATCTCTTGAACGGTCTTGGTCCCGGCCATGCCGTTACCAATGACGACCAGCCTTTTTTGCTCGTCCATCCTCTGCCTCCGCTGTCTAACGAAACGATGCCGATCCCTCATGTGGACGTTGCCGTCCTGCAGTCGCCACGCCTGGGGTGGCCTTTTAGCGTTCAGGACGGCGCAATTACGATGCCAACTGCTCAGTCGGCAGGCTCAAGGACGTTGTGATTCGTTAAATTAAAGAGTTAGGATGCAACATCAGATCTATCGCAAATGCCATCGGAGAGGATAGCTGCACGATACGAAGGCAACGGCATGAGAGGAATGTTCATATATTGGGCGAGAGAGGGGCGATGATCAATCCGAGCGTGGAGGACGGGACGGTAAGCTATTTGCGATTCCGGACATCATCGCCCTAGTCGAGGCGATCAGAGATCGGCTTACACATTAGATGACGATAGCTTCCGAGGCTTTTCTGAGGACGAGCGGAACCTCCGTTGAAGTTAGGGGATTGGAGCAGGGAGGTTGGAATGGCCCATCAGGTGTCGGTCGATGCCGTGAGCGGCGCTGCGACCTTCGGCAATAGCCCAGACGATCAGCGACTGGCCGCGTTGCATATCGCCTGCGGTGAAGACGCCGGGCACGCTGGTCATCCAGTTCTCGTCACGCCAGACGTTCCCGCGCTCGGTCAGTGTTACGCCAAGCTCGCTCAGTAGCCCGTTCCGCTCAGGTCCCAGGAAGCCCATGGCCAGCAGGACCAGGTCTGCCTCCATCTCGAACTCGGTGCCAGGGATCGGCTTGAAGCCCATCCGGCCGTTCTCATTCGTCATCTCAACCCGGTTGGCGTGCAGCTTCGTGACGTGGCCGTTCTCTCCGGAGAAGCTCGTTGTCGCCACCGAGAACTCCCGGATGCCGCCCTCTTCGTGAGCGGACGAGGTCCTGAAGACGACCGGCCACTGGGGCCAAGGGTTCTCGGCTGTCCGAGTATCCGGCGGACGCGGAAGCAGTTCGAACTGATGGACGGAGAGGGCGCCATGACGGTGGGCGGTCCCCAGGCAGTCGGCGCCGGTGTCGCCGCCGCCGATGATGACCACCCGCTTCCCGCTGGCGGTGATGAACGCCTCGTCAGGGATCACGTCGCCCTGGCAGCGCTGATTCTGAAGGGCCAGGTACTCCATGGCGAAGTGAATGCCGCGCAGCTCACGCCCAGGGATCTTGAGATCGCGTGGTGTCGTGGCCCCTCCGGCAAGCAGGATGGCATCGAACTCGCGCCGCAACTCCTCAACAGGTACGTTTACGCCCACGTTCGCATTGGCCCGAAACTGGATCTCCTCTTTCTGAAGCTGATCCAGCCGCCGGTCCAGGACCCGCTTCTCCAGCTTGAACTCCGGGATGCCGTAGCGCAGCAGGCCGCCGATCCGATCGGCTCGCTCGAAGACCGTCACCCAGTGACCGGCGCGATTGAGCTGCTGGGCAGCCGCAAGCCCTGCCGGACCTGAGCCGATAACAGCGACTTTCTTACCGGTCCGCACGGTGGGGGGCTCCGGCCTGATCCAGCCCGCCTCAAAGGCATGTTCGACAATAGCTAACTCGATGGCCTTGATGGTCACCGGGTCGTTATGAATCCCGAGGAC
FP565575.1_gap13	750259	753898	3639	CGGCCTTGCCAAAGGTGGGGTAGGGTACGACAGTACGCGGCCTCTTAAAACGACAGGGCTCCCCGATATGATCTGGGGAGCCCTTTGTATTTTGTGACTGATATATAGTATGGGGGTCAGTGCTAAGTCGAGTGTCGGGCTGTATCACGCCGTTTCAGCCAAGCAGGAGATACTGCTTGGCAGTCGCCGGTCCACACAGTATCATACTCTCGAATCGGATATGTCACCGTGAACACGCTGGTCAAGTTACGTATGCAGGCGTTCCGGTGCATGGCGGTCATCAACTGAGCGGAGGAGATGGAGCTTCACGGGCGGACGGCATTGGTGACGGGGGCAGCCAGGCGTGTGGGCCGGGCGATTGCCCTGGCGATGGCGGGCCGGGGCGCCGATGTGGTGATTCACTATAGGAGCAGTGCGTCCGAGGCCCACGAGACAGTAGAGGCGGTGGTACGTCTCGGCCGACGAGCGTTTGCCATTCAGGCCGATTTGGCAGAGCCGGATCAGGTCGAGGCGCTGGCTGACCGCGCAGTGCAGGCGTGCGGGAAGATCGATGTCCTGGTGAACAGTGCCGCGATCTTTCGGAGAACGCCGCTCGAACAGCTTACCGTACAGGACTGGGAACAGTTCCTGCGCGTCAACCTCACGGGACCGTTCCTGCTGGCCAGACGACTGGGCCTGCTGATGCGGCAGCAGGGAGCGGGGAAGATCATCAATGTCGCCGATGTCGCGGGGATCAAACCGTGGGCCGACTTCCTGCCCTATTCCGTCTCCAAGGGGATGTTGATTACCATCACGCAGGGGCTGGCGAAGGCGCTGGCGCCGGAGGTCCAGGTGAATGCTGTGGTGCCCGGCACAGTATTGCCGGCAGAGGACTACAGCGAGAAAGAGCGCGAGTCGATTGTCAGAGGCACACTGCTCAAACGGATCGGTGACCCGGCCGATATCGCCCAGACCGTCCTCTTTCTTGTAGAAGGCTCGGATTTCATCACCGGGCAAGTCGTGGTCGTAGATGGGGGCCGATCGATCCAGTAAGCGGCCCTGAAGGATAAGATGAGCCACACCCTCTATCTGAAGCAAATGGAATTAGGCGAGATGGCCAACTACGTCTATCTGATCGGTTCGACCAAGACGAAGGAGGCCGCTGTGATCGATCCGGCCTGGGAGATCGAGAGGATTGTGGAGCTTGCCGCAGTTGATGAGATGACACTGACCCACATCCTGGTCACCCACTCCCATCCCGATCATGTGGGTGGCAAGCTGTTCGGTCTTCAGATCCAGGGAGTCGCGGAGTTGCTCGAGCGGGTAGACGCCAAGGTGGTTGTTCATAAAGCGGAGGCCGACCACCTGACCCCTCTTGCCGGATCGAACATCATGCGAGTCGACCATGGTGACACCGTGAGTCTGGGCGACATCACCGTGACGATCATCCACACCCCTGGCCACACTCCGGGCTCACAATGTTTTCTGGTGCGGGATCGCCTGGTTACAGGAGATACATTGTTCATTGGTTCGTGCGGCCGCGTTGATCTCCCGGGCAGCAGTCCTGAGCAGATGTACGATTCGCTGACGAATAGAGTCATGAAGCTGGACGACAAGACCGTCGTCCTACCCGGCCATAACTACGCCGCTGGTCGCACGTCCAGCAGTATCGGTGAGGAGCGCAACAAGAACCCGTACGTTCAGTGTCGCTCCCTTGCCGCGTTCCTCCGCGTCACGGGCAATGCCTGAGTCCGGCGGCGCGTCGAACCTTCGACAGAGATCGGGACCAATCTACTCGGCGTCCCGGCTCTCTACGTACGAATCCTGCCCTCTTCAGTACAGGTTCCGCTACATCGACCGGATCCACAGGACCGAGGAGTCGATCGAGGCGTACCTTGGCTCACGGGTCCATGAAGCGTTGAACGCGTTGTACCGGACGCTGCAGCTTGGCGGCGAGCCAAGCCTGTCCGATTTGCTGAAGGAGTATCACTGGCAGTGGGGGCAGCGCTGGCACAACCAGGTGAAGATCGTCAAGCAGGACCGCTCGATCGATTCTTACAAGGAGCTTGGCGAGCGGTGTCTGGTGAACTACTATCAGGCGCATCAGCCGTTTAACCACGGACAGATACTGGGGTTAGAATATCATGTCGCGACCTCCCTTGACCCCCATGGTTGCTACAAGATTCAAGGGTACATCGACCGTCTTGTCAGTGTCGGGTCCGGGCGCTATGAGATCCATGACTATAAAACGTCCGGTCGTCTGCCGAGCCAGGGAGATCTGGATGTCGATCGGCAACTGGCCCTCTATCAGCTCGCGATAGAAGGGATATGGCCTGACGCCAAAGAGATCGAGCTGGTCTGGCACTACCTGGCCTTTGGCAGGGAACTCCGTTCGAGACGAACGCCGGACGCGCTCGAGAGGTTGAAACGTTCGACGATCGCCGTCATTGACCGGATTGAGGCCGACTCCGAGTTCAAGCCGATCAAAAGCAACCTGTGCCACTGGTGTACGTACCAGAACATCTGTCCGCTCTGGAATGACCACCCCGATGCAATCTATGTCCGATCCACTAAGGCGTTCGGTAATAGCCGTTCAATGGAGGAGGTCCAGACTTCGGATGAGCGAGGGGGGCTTGAACTGCAATCTATTGCTCGTGATGCGCTCCGGGAGGCGATCGTCACGGCGGCCGGACACGAAGGGGCAGAGATCCGTTTTGCCGAATACGGTCAGCTCTGGATCAGTAGGAGCCATGTGAATCCGAAGTCCACCGTAGATGGCACGGTGGACGGGTGGATCCGACTATCCGCCGAAAGCTTACCTCTGCTTTTCAGACAGGTGGAGCTGGCGCGGTTGAGTGCCCCCTTTGTTGAAAAGTTACAGCGGTACCTGAGAACCAGGGTATAAAGTGTAGGGTAAGAGACGGAACTGTGAACCATACGCTTCGCACGCCGCACGCCGCACGCCGCACGCGCTCCCCTCTTCGGTACGCCCCAGTGTCCACCACGCTCGGACGGCTCTATGTGGCCTATCGTGGCAAGGCTGTCTGCTGTGTCGCCCTCGGGTCGGATAGCCGTAACTTTGAGCGGGTGTGTACAAGGACGTTCGGTGTTCGACCGATGCCGGATCATCGCCTGCCGGAAGAGATGGCCACACAGGTATTGGACTGTCTGGCAGGGAAGCGGCGCTTTTCAGGCCTGATTGACCTGTCCCGCCTCACACCGTTCCAACGGAGTGTATTACAAAAGGTCCGGACCATCCCTGTCGGCAAAGTGCGCTCGTATCGATGGATCGCAAAAGCCATCGGTGCGGAGAGGGCAGCCCGTGCAGTCGGAACAGCCTTAGCCAAGAATCCGGTCCCGCTGTTGATCCCGTGCCACCGGGTGATCAGGAGCGATGGTCGCCTCGGGGAGTATTCCGGGGGTGGCCCTTCCGTGAAGGCGAAACTGCTGGCCTTCGAAGGCGTCGACCTGGAGGATCTGATGCGTCCGCGGAGCCGCCGCAAGGTCACTCGTCCGTCGACGTAGGGGCGGTACGGATCGCCCGGTTTCTGTAGCTTGACAGCCATGAGGCCCTTGGCTATAGTAGTCGCACCCTCGCGCCGGCGTAGCTCAGTTGGCAGAGCAGCTGATTCGTAATCAGCAGGTCGCGGGTTCAATTCC
FP565575.1_gap14	754934	759664	4730	CGAAGCCGTTAGTTGTCATCGATCTCTTGGTGAGCATTCGGCGACTCTTGGCCTCACGAGGGTCACGTCCACGTCCGGCATCAGCCGGTATGGGAAGCAGCGCTCCAGACTTGATTGATGAGCATCGGCTCGTCGGGACCACGGCGCCGATACAAGAGATCAAGGCGAATATTCGTAAGGTAGCCCCGACCGACAGCAATGTTCTTATTACAGGCGAGACCGGCACAGGGAAGGAGTTGGTAGCTGAGCTGATCCATAAAAACAGTAAGCGAGCAGGGAAGCCGCTGGTTTGTCTGAACTGCGCCGCAATTCCGGAATCTTTAGTAGAAAGTGAATTATTCGGCTATGAGCGCGGGGCGTTTACGGGCGCCTACGCCGCCTACGCGGGGAAGCTGAAGCAAGCCGATGCGGGAACGGTCCTGCTGGACGAGATCGGCGACATGCCATTGTCCGCCCAGGCCAAGCTGCTTCGGTTGTTGGACAAGAAAACCGTTCAGCGCGTGGGCGGGCGAAGGGACGTGACCATCGATTGTCGCGTCATTGCCGCCACTAATCAGGATCTGGAAGGGCTGATGACTGCCGGTAAGTTCCGACGGGATCTCTACTATCGTCTGAACGTTGCGCACATCAGCGTGCCCCCCTTGAGGATAAGGAGAGAGGACATCCCGCTTCTGTTGAGGTACTTCATCGGTGAGCTCAATACGCGAATGGATAAACAAGTGTGTGGTTTCTCTCATGCGTTGGTCGAGCGTCTCCTCCGGTACGACTGGCCAGGTAACGTCCGGGAGCTTAGGAATATGACGGAGGTCTGTATGATGGACCTGAACACCGGCATCATCGACCTCACGCACATTCCGAAAGAGTATCGAGATAGATTACCGGATGGCAGCACCGACGAGAAAGGCGCGATTATGAATGCCCTCTGCGAAACAAAATGGAACAAGAGCCGAGCCGCCCAGAAGCTCCACTGGTCTCGGATGACCCTCTACCGAAAGCTGGCGAAGTACCACATTTTCACCAGCCAGAGTGAAATCGAGCGCGGCACACTGATGATCTTGGACAATACGCTGTAACATCTGTGTCCGGATGTGACACCGATGTGACAGTATGCTGTGACAGGCTTCGATTGCAGCCCCTACCTCATCAGTATCTTTTTCAGTGTCAGCTAACACAGTAATTGTACCCACCTTCTCAACTGGCGCCTATCCTGCTTCTCAGTCACCCTCTCCCACACCAGCTCAAAAACCTGTAACGCCTTCTGTGATATCCCATGCTAGACCAGACAAAGGACTGAACACGCGAAATCTTGGAAGAGGGCTTCAGTAATCGCTAGTTAGACGAGGCGACTCCTGGCCGGTACGAGATGGTCCCGGTCTTGCTTCTATCAGAACCATCCATCATCGCCCCTAGCGATGTCGTAGAGAATGGAGTTGACCGTCATCGCAAACACGATCCTTGAATCGGGCATGCTCCGTTGATACAAAGGCGGCAACATCACGTGGTTATTGGATTTATCGCCAGTTCTCGCATGGAGGAGAAGGGATCCGACGGGTGTTGGGGGTTACAGAAGCGTTGCGAGGTAGTCGTTGTTCAATGTAGCAACGACTCCTTGCTTTCTGACGGAAAGGAGAACAATGAGCTTATTAAAGTGTTTAGCGATAAAGCCTGAGACGCTCATGCGGATGGCTCTTGGCACAGCGCTCCTGGCCGCGATCCTCGTACCGGCCGAATCGGCGCTGGCGGTTGCTCGCTTTGGTACTCGCTGTCAGAAGGAATTCCAGAACGGCTGGCGTGCAACGCTCCCGTACATGTGGGATCGCTGTGGGTGGTTCAACGACGAACTCGACGACACCGACACAAAGGTCTTTTACTGGAACCTCCACGGCGCCCGTAACTCGTTCTCGACCTGCGACAGTTGCGGCAACGGCGTGGATGATGTGCACCTCCTCTACGTGGGCACGCATGGCGGCGCGATCAACGACACGAACGCCCGCCTGGTGATGTGGGACCAGAACGTGCGTGCGCTCTCCATCACGGACAACTGGCGCTATGGGGACGAGAACACGGGCGTTGCGTTTTTCGCGCAATACGCCTGCGAAACACTCACGAATGGCGATGGCAATATCTGGAGTCGCTGGCGAACGGCCTTTCGAGGCGGGCTGATCATGGCCCTGGGTAGTCACGATAAGCTTTGGGACAGCGTCACGACCAATGAGACCGGTGAAGATTTCGCTGACGATCTTCAGAAAGGAAAAGTTGTCAAGTGGGCGTGGTTCGACGGCAACGGGGACTGGTGGGAAGACCAGGATGTGGCGGTTATGGCGACGGGGAGTTCCCAGACGGCAGCCAACGACGCCAGCGCGGATTGCAAGTTCCGCCGCGACAACGTGAAGTGGCAGAACTTCGGCAGCTTCGCACGCTGGCGCGACGGTCAGGCTGAATGGTGGTGTCGCTCACGCATTGACAACAACTGAATCGAGAGGTGGATGCTATGCGTATCTCCCGAACAGCGGCCCTGCTCACTGCAGGGTTTGTTCTTACCGCAGCGGCTCTTAGCGCGAATGAACTGCGTAAAGGCCACTCCGACTACCTGGCGTCGCTGACGGAGCGCTCACTCAAAAAGGCCTTCCCTGCTCGCAGCGTGCGGCTGCTGGAGGTGGCTCCAGGCCCAGGCCGCGCCGCCGCCGCCAAGGCGATCCTCGCACGACTGGAACGAGGCGACCTTGGTCGGCGTCTCAGGCTCGCCGATCTGAAGCCGAGAACAGCGGACCGTCGTGTCCTCTCGTTTCTTGGTGAGGCGGGGTACTTGGATGTCATGGCCGACGGCTCGAAGCTGCGTGTCCGAGGAGCCATAGATGATACGAAGGAGATTGAACGCGCCGGCGCCGGTCGTATCGAGAAGAAAGCGCTGGAAGATTTAGGCCGTCGCTTCGTCCGTGAGGCGCTCTCGCCGTTGGTCAAGCTGGGTAAGGGCGAAACGCTGATGTTTCTTGGGGTGCGCTATCTGTACGACGGCGAGGCCGGTACGGAAGCGGCTACCGCGTCCCAAGAGCGCGAGCGGGTGATTGCAAGCATCGCGATCTTTGGTCGCGAGGTGGCAGGCCTGCCAATTGTCGGTAGCGGATCGAAGGTGGCCGTATGGTTCGATAACTCCCGTGAACCCGTCGGCTTCGATGTAGACTGGCCGGTCTACCGCGTGTCGTCTCGTGTCCAGCGTGTGTTGTCACAGGCCGAGTTGGCGCGCCGCATCGCCACGACGACCGTGCCTCTCGGAGGCACCAAGGACATTACAGTCCGCCGCTTTGAGTGCGGCTATGTCGACCTTGGTGCTACCCGCCGCACGAAGGTTATGCAGGCCGGCTGCTCCATAGCGTTCGAGGGCCGCGGCGAAGGCGGCGAGGTTTGGGGACGCACGGAGTTTGTGCCGGCTGGTAGGCCCGCGCTAAAGGAGGCGCGGTGGCCGCTCGCCAATGCGCTAGCGGCGGGGGACGTGATCAACACCGGCACCGAGGAGTTCCAGCGCTTTCTCAACTCACCGAAGGCGCCAGACGAGGCTCCGCCTACGGCACAGTAAGACACCCTCGGCATTTGAGTAGGTGAGCCGTGAGAAATGGAGATGAGTTGCGATTACTGATAGGCGGATGAGTATCGGACCTATACCGAGTTCCTGGGAAACAATGGTGGTTTTGTGCAGGTGAATCTGCTGTATAGGATGATGTAGTTAACTGCTGACAGCAAGGAGGCGGATGGCATGAATGAGCGAGAAGAACGCCCGGCTAAGGAGCGCGTAGAGTTCAAGAAGCTTCTTGCGATCAATCCCAACTACTTTGGTAATCTGGAGAAGAGCGAGTTCAAACCCGTCAAGAAGATTGTCGGAAACACGACGTACGAGGAGGTGACCTGCGTCGGATTCAACCCGGCGCTCAACCTCCTCGAGGCGACCATTCAGATCAAACGACCCGGTGGCTACAATGGCACCCTCTGTACACCCGGATCGACCGAGTATGTTCGATTCTTTATCGACTACGGCGCCGGCTGGATCGACGTCGGTCTCGCCTCCTTCAACGCACATGACATCGCTAACGCTGTCGACTGCGCGAACCATCCCGATAAGCCCATCTCCTACGTCGTGACACTCTCCCTCGACCCCCAGCGGGATACCTGCAAACACCCCGTTCTGCCGAAGGTCCGCGCCATCCTCTCATGGCAGTTGATGCCTCCGGCGGCGGCCTCGAATTGGCCGCCAATCTGGGGTAACGTACTCGACCAGCACATCCAGATCAAGCCGCGGCGCCCGATATTCGGCGACATCTTCGAGGTTATCCCCAAGGACGTGCTGAAGGACCTTCCACCCCTGATCGAGGAGGTCAAGCCGTTTCCCATCCCACTGCCCGATCCCCCACCGTTGTCCGTGAGCGATCTCGCAGAACTCTATCACGTCAAAGAGAAGACCATGAGCGCCGGTGTAGAACCCCACCGGTTCGGGCTGGCGCACCTACAGGCGTTGGTGGCATCGGGGACCCAGGACATGCTGTCCGGCGCCAACGTGGAGTGGAAGGCCGCCGGTATTGATCTGGCTGGGGCACTGGCCGCCCTCGACAAGACCAAGGCGGACGTCTCATATGAAGAACTCAAATGCCTGGGACTGGAGTATAACCTGGATCGCCTGGTCGCGACCTTCAGGATCAAGCGACCAAGCGGATACTCAGGCAATCTGTGCGCTCAGGGGA
FP565575.1_gap15	884353	887766	3413	AAATTCGGCGTGCCGACTTCCGGCGCGATGGATCGGACCGCATTGCGGGCCGCCAACCTTCTGCTTGATAATAAGGAAGGATTTGCCGGCTTAGAGGCGACGGCGGAGGGGCCGACGCTCCGCGCGCTCATTGACCTGGTTGTGGCGATCGTTGGCGCGGACATGCAGCCGCTGGTAGACGGAAGGTCGGTTGACAGTGAGACGGCCGTTGAGATCCGGAGCGGTCAGACTCTTGAGCTCCAGCGTGCCAGGCGAGGGATTCGCGCCTACCTGGCGGTTGCCGGCGGGATTGATGTGCCTGTTCTGCTCGGGAGCCGTTCTACGTGCCTCCCAGCCGCTTTCGGTGGTGTTTGCGGGCGGGCCCTGTGTGAGAACGATCGTCTACCGATCGGCCCGGTCGATCGACAGCCTACGGCACTTATCGGGCGTCGACTGCCATCGGGGTGGTTGAAGCCGATAGGTGAGGTACTGACGGTTCGCGTGGTCCTTGGGTTGCAGGAAGATCAGTTTACCCCTGAAGGGATTCGTACATTCTTGAGTGAGTCGTACCGTGTCACTCCACAGATGGATCGGGTGGGTGTCAGACTTTATGGACCGTCGATCGCGCATCGATCAGGCGCGGATATCATCTCTGATTCGACCCCGCTGGGGGCGGTACAAGTGGCGGCTGACGGTCAACCAATGATCTTATTGGCCGACCGTCAGGCGACCGGCGGCTACACAAAGATCGCGGTTGTCATACAAGAAGACATCTGGCGATTGGGACAGGCTAGGCCCGAGCAGGTTGTCCGGTTTCGCCCGATCTCCGTATCCGAGGCCTGCGCCGCCCTGCGGACCTACGAGGAAAGATTTGACGTATTACGGCGAACATGGCAAAGTCCACCAAATGAGCGTGGTAGCTACAGGCTACGCCTTGGGGGCGGATCGTATCGAGTCGGTGTGGAAGAGGCGCGCGGGTCCTATCGGGTGAGTCTTGAAGGTATAGAGCGAGAATTGGATGATACTGAAGAACCATAACAGACCGATAGGGTGGGGCGCGAGGATACTGAGGGTGCTGGTGGGTATTGCGGCCATCGCGCTTTCGGCCTGCGCCGTATGGCGGATTGAATCCACTCCGGCCGGACCCGGTGTGCCGATCATCTCGAATCTCCGGGTGGAACCGGCCAAGGCGAGAGTTGGGGAATCGGTACAAGTGACTTTTGACTTTGAGGACACCGATGCCGACCTTATCGAGGCCCGCATCTTTCCCTCGGAGTTTCGGGAATGGGTGTACAGGCCGGCTTTCGCGCCGAAGGTCCTGAACCTGAGAGCTGAGAAACATGGTCTAGCCATCGGACAGGTCGAAACACGTCTCAAGTGGGAGAGCGAGGGGATCAGAATCGTCGAGGTGTTCGTGGTGGATGAAAAGAACCATACGAGCAACGGATTGCGAGCGCGCGTCGCGATCATCCGCCGGTGAAACTCTGATTAGTCAGAACCCGCAGGCCCAACCCTCCGTGTGTGGCTCGTACCCATTGACATTCCCAGGTTCGTGATTTACTGTTATGGGGTTTTGACGCGAGGGCTCTCGGGATAGGGATAAAGGAGGAAAACAACCCGATGCCGCAGCTCCGTAAGGATCCGATCACTTCGCGATGGGTGATTATTTCGACAGAGCGAGGGAAGCGCCCCCTGGACTTTCCCGCTGCGCCGCCGCCGAGGCAAGTAGGATTTTGCCCGTTCTGCCCGGGCAATGAGGACAAAACGCCTCCTGAGATCATGGCCTATCGGAACAACGGGAACGTGTCGGATCGCAAGGGATGGAGCCTTCGTGTTGTACCGAACAAGTTTCCCGCGCTCCAGATCGAGGGAGAACTGGATCGGGCGGGCGAAGGAATCTACGACAAGATGCACGGATTAGGGGCTCACGAGGTCATCATCGAGTCTCCTAACCACAATGACATCCTCTCCGCTATGCCGGAGGAACGGGTAGAGGCTGTGTTGTGGGCCTACCGGGATCGGATACTCGATCTGAAAAAAGACGACCGGTTCCAGTATATTTTGATCTTCAAGAACCACGGTGAGCAAGCGGGCGCCTCCTTGGAACACCCTCATTCTCAGCTCATTGCGACCCCTATCGTTCCGAAGCGGGCGAGAGAAGAGGTGGATGGCGCCAAGGCCTACTTTGATTACAAGGATCGGTGCATCTTCTGCGATATGGTCCGCCAGGAACTGCAGCAAGAGTTGAGGGTTATCACGCAGAATGATGAGTTTGTCGCGATCGCGCCCTTTGCGTCGCGCTTTCCGTTCGAAACCTGGATCCTTCCCAGGAGTCATGAACCGTTCTTCGAGGATGCGCAGAAGCACGACATGGTAAGCTGCGCCAGGATCTTGAAGGAGGTTCTTGGTAGAATGAATCAGGTTCTCATCAACCCGGCCTACAATTACCTGATTCACAGTCTGCCGCTCCAGGATACTGAGGTCGGTCATTACCACTGGCATATTGAGATTATGCCGACCCTCGTTAGAGTGGCTGGCTTCGAGTGGGGGACCGGTTTTTACATTAATCCTGTCCTGCCGGAGGATGCAGCAAAATATCTTCGGGAGGCACGGCTATAGGTGCCTAATAAAAAGCCAGAGTGGTAGCGCGGTGCCTAAAGCTACGGCAGAGCCGAAGGCTCAGCAAGCGAGAAAGTCACCAGGGAGAGCCTAGGAAAGCGGGTTTTACGGGTCGACAGAGCGATAGCGCAGAATTTGGTATGCCTGGAGTGTTGGCATACGACTTGCTTTGTCAAGCGACAGGTGCAAAGGCCGACAGTGGCGTCGGAAGCGGGGGTGTGACTCCCCAGACCGGGAGGCAAAACGCCTTCAGAGACGGAGGATGGCGGATGAAGAAGATCGAGGCAATCATCAAGCCCTTCAAACTTGATGAGGTAAAGAGCGCGCTGGCGGAGGTGGGAATCCAGGGGCTCACCGTGAGCGAGGTCAAGGGGTTTGGCCGGCAGAAGGGCCACACCGAACTGTACCGGGGTAGCGAATACACCATAGATTTTCTGCCTAAGGTCAAGATTGAGGTCGTCGTTCCGGACGATAAGTGCGATAAGGTCGTCGAGACGATCCTGTCCTCGGCAAAAACAGGGCGTATCGGGGATGGGAAGATCTTCATCGTGTCGATCGATGAGGTCGTTCGAATCCGGACCGGCGAGCGAGGTGAAGCGGCGATCTGAGGGGACGCGGTAACGGAAAAGTCTACGGTTTCATGAACGGTTCAACGGCGAATTGTTCGACCCAAGAAGGAGGAAAGGCAGTCCTATGACACCGAAGGATGTCATCAAGCTGGCGAACGAGCAAGGCGCGAAGATCGTGGACTTCAGGTTCATCGATCTGCCTGGTCTGTGGCAGCATTTTTCCATGTCCGGTCGAGAATTGACGGA
FP565575.1_gap16	890645	895566	4921	CGTGATCAAAGCGATCGGCGAATTGACATCGGAGGGGCGCGTATTCAGGGTTGATATGCGGCTTCGGCCTGAGGGGAAGGCGGGTCCGCTGGCCTATTCGCTTAGGGGATATGAGCTCTATTACGAATCATGGGGACAGACGTGGGAGCGCATGGCCCTGATCAAGGCAAGGCCGGTGGCCGGTGATCCGACACTGGGGGACGCATTCCTGAAACTGATTGCGCCGTTTGTCTATCGCCGGTCGCTCGACTACAGTGCCATCGGAGAGATCCGCGCCATGAAGGATCGGATCAATGCCAAGGTCGGGCGCGATCAGGAGACCTTCCGTCACGTGAAGCTGGGCTATGGAGGGATCCGCGAGGTTGAATTCATTGCGCAGACCTTCCAGCTCCTGTACGGTGCACGCGATCCGTGGATCCGCGAACCGAATACACTCCGCGCGCTACAGCGGCTGGCTGATCGCGGGCATGTCACCGCCGATGAGCACGCCACATTAGCGGCGGCCTATACGTTCCTGCGCACGGTGGAGCATCGCCTGCAGATCCTCCATTACTTGCAGACCCATACCATGCCGACGGACCAGGAGAGTCTCGTCAAACTGGCTCGGCGCCTCGGTTACTCCCCCGATCGGTCGCCCGACCCTGTGTTGGCCTTACAGCAGGATTATCAAGCGCATATCCAGGGGGTCCGACAGGCCTACGACCACCTGCTGAGGGAGCCGCCTTCAGGAGAGGAAGAGATTCCATCCCACCCTCTCGCCGACTTTCTGGACGGGCGAGCAGATGAAAGGGTAGTGCGTGAGCCCTTGGCGGCAGCGGGCGTCCTGGATCTTGATGGCGCAGTCCGTACGTTGCTGGTATTACGCGACGGCCCCCCCTTCAGGCACACGACAGCCGGCACGCGGCGGATTCTCGCTGCCCTGGCCCCGACGCTGATGGAGGGTGTGATGCAGGCGCCGGATCCTGACCTGGCCCTCCTCCAATGCGAACGGTTTATCGAGGGGGTCGGTTCCAGTGCCGGCCTCTACGACCTTTTCAAGCAGGCGCCGATCACGCTGGTCCACCTGATGCGGCTGTTCGGCTCAAGCGAGTTTCTCTCACAGATACTGATTCGGCATCCCGCGCTTGTCGATCTGCTGCTCCTACCCGATCAGGTCGAACTCGGTCATTCCGGCAAGCTGGTTGAGGCATGTCTGAGCATGGTGGCCGCTGAACCGCCGGGGAGCCCCAGACTGGATGCGTTACGGCGGTTTAAACAGGCCGAAGAGTTTCGAATAGGTGTGCTGGACTTGCTCGGTGAGGCCGGTCTGAGCGATGTGAGCAGCGCTTTGACACGTCTTGCGGAGGCTTGTGTCGAGACCGCCTGCTGGTTGGGTCGGGAAGACCTGAGATTGCAATATGGCCTGCCATCCTCAGGCGGGTTCGTGGTGTTGGGTCTGGGCAAATGCGGCGCCGAGGAGATGGGGTATGGATCCGACCTTGATCTCGCCTTTGCCTACGCGCAAGAAGGTGTAACGACAGGCGGGTCCCAGCACATAAGCTATGCCGACTATTTTGGGCACTTAGCCGATAGGATCTGCAGGATCATGACGACCATCACCAAGGAAGGAACGGCCTATCGGGTTGACATCCGGCTGCGACCCGGCGGATCGGCGGGCAGGGTGGCGCAGTCGTTCGCGGCTTTTGAGGCTCACTTCACCCGTACAGCGGAGCTGTGGGAGCGCCAATCCTACCTGAGGGCGCGTCCCATCGCGGGCGATCTCGACATCGCGAAGCCGTTTATCGCGTCATTATCCGAGATGATCTATCGACCCACATCCGTGGAGAACCTGGCGGCGTATATGACGGCGATGCGGCGCCGAATGGAATTGGAACTGACTAAGGAGAAAACCGGTGAGCGACACGTAAAGTTGGGAAGCGGTGGGATCGTGGACATCGAGTTCATCGCCCAGTTTTTTCAGCTCGGGTACGGATCCACGCTCTCCGTCCTTCGGGTGAACAACACGCTGAAGGCCTTGGAGGCGGCGAGTAGTGCGGGTCTGCTGGCCGACATGGATGTCGCTCAGCTTTGTGATTCCTATCGATTCCTGCGGACCGTGCAAAATCGTCTTCGGGTCGTCGCCGATCGTGAGGTCTCCGCGTTGCCACAGGATTCACACCGGCTCGATCGCCTGGCACGACGTCTTGGATATCATGCAGGTGATGGTGGAACTCCAGGGGAACGATTGTTGGCTGATTACCAGCGCCACACCGGGCGAGTACGAGGGATTTACGAGGCGACCTTCCGTCGCTATAATAGCAGTGAATCCGGAAGCTGATGCGAGGGCTGATAGTGCGCAGGAGGGATTTCCGGAAGGGGTCGCCGAAGCCATGGTCACGCCGGAAGGCCCAGAGAGTCACAGTGGAATAGAGGCAGCACATTTGAACGAACCGTCGGCATAGGGAGGGACGATGAAGGTATTTGTGACTGGTGCAAATGGTTATATCGGCTTTCACGTAGCCTCGGCCTTTCGCCGTGCCGGCCATGAGGTGTGGGGATTGGTCCGCAGTGAGAAGAAGGCTCACACCATTGCTATGCACGAAATCCGCCCGGTGATCGGGAGCATGCAACATCCGGACAGTTATCGGCAGATTGCCGAGCAATGCGCTGCGCTGATCCACGCGGCCGTAGATTACCAGGCCGATACCTTTTCACTGGACAGAAAAACCATGGAGGTGTTGCTGACCGTCGGCAAACGTGATTCCCAACCAAAGACCGTCGTGTACACAAGTGGGACGTGGGTGTATGGCGATACTCGCGGCAAGATCGTCGATGAGGGTGTGTCCTTAAGGCCTGCGCCACTGGTGGCCGGCCGTCCTGACATCGAGCGGATAGTGCTGAGCGCGTCCGATGTGCGTGGGGTCGTTGTGCGGCCCGGTTGCGTCTATGGCCGGCAAGGGGGACTGACAGGGATGTGGTTCGATGGCCCGGACAAAGGTAAACCGATCCAGGTGATTGGCGACGGCAACAATCGCTGGGCGATGGTGCATATCGACGATCTGGCGGAGGGGTATCTGCGCGCGGCTGAGAGCGGACTTTCCGGCGAGGTTTTTAACCTCACCGATCACTCGAGCGCTACCCTGCGCGAAATGGCCGGGGCCGTCGCGCGGGCTACCGGATATACGGGGCAGACGCAATTCGTCCCGGATGACGAGGCCTCTTATACCCTTGACGGTTTTGCCGAGTGTTTGACCTTGGATCAACGTGTAGATTCCAGCAAGGCTACGCGCCTATTGGGATGGCAGCCCAAGCACCACGGCTTCATTGACGAGGTAGAGACCTATTTTCAGTCGTGGAAAGCCGCTCAGTACGCGTGATATTGTCTTGTTCTCCGCGCTGTCTGTTATTCGACACGGCGCGAAACACCGTTGGGCGGGTAACAGGTCCGGGTAACAGGTCAATGATTCCGGTTGGTTGACGACTTGGGGGGTATGTCTGCTCTTTCAACTGCACACGACAATTGCGGCGCATCTTTCTCAGGGATAAAGGAGGAAAAATTGGTTGGGCGAATAATAGGCGCAGTGGCTGTTCTCGTATTTGTGGGAATCGTGCTTATCGCGTGGCTCGAAAACGAAAAGAGAAGGTTCGAAACGGCGATGCTGGACGCGGTCTTTAAGGTAGAGCAGGGGATACGCCAAGGACATGTTGCCGATGTCGACTTGCTGAAAGGGACTGAGAAGGTGTTCCAGGATGCCGCTCGGGCTCAGAAGCGAAACGAGAGTTTTGATAAAGGGGCAATGTGGAGGCTTCGAGATTCGGTCTTGCGCGCGCTGGATGCGGCAGGCAACTCAGAAACGGCCATGGAAATCCGGCAGGCAATCCATAATGATCTCGCTAAGGCGAAGGCTGGACTCGACAATGTCAAACACACGAGTGCCCCGTAGGCGCTGCTCGCCCCTGCGAACATCCGCGTGATTGCCATCGTCCCAATCTCCTCGACATACATCCCAAAGGAAGGACTATAAATCGCGTCAGCGATTCTTCGTCCAAAGGACTTGTGACCTATACCTCATCCACTCGCGAGGGTAGCGGGCGCACTGAACAATGCAGCGGCCACATGGATCCTGGACCCTCCAGTAGCGAGCATCGATCAGGCCGATTATCGCAAGAATCATCGTTGCAAATCGCGCCCATGTGGGGTACGTTGGTAGTAGCCGAAGTCGGTCGGATGGCCGCCGGTTCACCTCTGGTGAACGGGAGGAAAGTCCGGACTCCACAGGGCGGGGTGCTGGGTAACGCCCAGGGAGGGTGACCTCACGGATAGTGCCACAGAAAAGATACCGCCCACGCTGCATCATCGGCCGCCAGGCTTCGCCGCAAGCGCAGCCGAGCGGCCCCGTGGGTAAGGGTGAAAAGGTGCGGTAAGAGCGCACCAGCGGCATGGCGACATGTCGGCTTGGCAAACCCCACTCGGAGCAAGGCCAAATAGGTCCCGCCGTATTATGCAGAGAGCGGCCCGCTCTCGTGCTCCTTTCGGGGCAGGCGGGACGGGTAGGCTGCTTGAGCCCGATGGTAACGTCGGGCCTAGAGGAATGGCCATCCGGTTGGGCCGCAAGGTCCGGCCGCACAGGATCCGGCTTACAGACCGACTTCGGCCATATTCATAGAATCACGTAGTGGTCACAGTTTTACAGGACGGTGAACGGGCGTAACAGAATCTTGGTCAGCAATCTCACACGACGAGGGCGCGGTGATGTGGACACTTGATGCAGATGGTATTATTTGGGCGGTTGTGGTCGGCGTCTTAGTGATCGGATATGGCCTGTGGTGGATTGTTTTTCGAAAGATTGCTCGGAAGTAAGAGTCATTTTTATGGATATCGATTGACGCTGTCGGCGCCACGGATGGTATGAGGGGCGGCCCCTCCCGTCAAAGCGGTATT
FP565575.1_gap17	936177	941071	4894	GACCTCTAAAAGAAGCCGTCCTGATCGAAGGCAGGGGCAGGTGTCAATCAGGACGGCTTTTGGTGGCGTGAGTATTACTTGCTTCGTATGCGACCCTTGGGGACGGTCGATGATTCCAGAGGCTCGGCAGGTGCCGGTGACTTGGCTGGTGATGGTGGGGTCGGCACGCTCGCGCCGGATCTCGGGAGCGCTGCGCTTGCGACCTCCTTGACGCCCTCGACAACGCCCAGCAGGATATCTTTCACAGTCCTGACGGCAGTCTGCCCGATGCTGCCCGCTGCCTCGATGGCTCCGGTTACGGCTACTCCGGCAGCCTTCTCCACGTTGCCGCCTGTCTCTTTGACCGCATCAACCACGCCGTCTACAGCGCTTCTGGCCACGAGGCCGATGTCGGCCCCGATCTCGGCGGCGCCGGACACGGCGGCCTTTACGGTCTGACCGGCAACGCTCATCGCATCGCCTCCTACATCACCAACCCCCATGATGACCCCTTTGGCGACACTTCTGGTGCTCATGACCAGACCTGTACCGACCTCCTCTGTGGCCTGGATCGCACCCTTGACGACATCACGTGTAAGGCCGATAGCCTCACCGGCCACTCCCCCCGTCGCCCTGAGGGTCTGAGAAACAGTATTTCGCACTAGACTGACGATTTCGGCTTCGATCTCATTAATCCCCTTCAGACTCGAGACGATCCCGTCCTTCACTGTTGTACCGGCTTTCCCGATCGGTTCAGATATACCTGATCCACCCTTTTCACCCTCTTCGATAACCATCGCTAATCTCCTTCACGGTTGTTATTCGCCACCGGCCGCTGTGTCACGTTGCCGTTCCTTCATGAGGCTGTGGGCATACCACAGCGCCGTTATGGCAGGCATCATGATATGGCCCCTCGTCAGTTGAATAATCGCGACGCCAACGAATCCCAGTATGGCAAGCATCCTGAAATCGATGTCGCTACTCGCGCGGCCACCGACCTCTCCATTGACTTCTCGCGGGGATTGCTTGCGAATCACGGACGCAGACGTCTGGTTAGGAGGGGATACCTTCAGGCGAAACAGGTTATTGAATTCGCTGTACTGCGCAACCATCTCAAGGTCTGTAGCTTGCAGGTCCAAGGTATGAAGGACAAGTATGCTCCCTGTCATGGGATTCGCCTCGATCCTCTGAATCCCTGGTAGTTCAGATAACCCCGCCAGCTTTTCCTTTAACGAAGCAAAATAGGTCGAATCGCCCTTCCTGTCAGGGATCTTGATCCTGACCCTTCCTTGAGTCGCATGAGTAATGTAGGCATCCGGAAGCATCACGCCCCTACCTTTACGCTTCAGGTCGAGCGGGATCTGATACCACAGACCCGGTTTCTGTTGGAGCTTGAGCCAATTCCGCCTTCGCCTCCGCCGCCAGGTCCTCGATGACCTCTCCTGCCTCAGCAACCGCCTCCTGACCCTTTTCATAGAGCAAGATGCCGCCTTTAATTGTGGCCTTCAGCAGGGGCTTGACGATGGCCGCAGCCAGCGGGATCACGACAGGGGCCAAAATAGACGCGCCGATACCAATGGCCAACCCTGTCACCACGTTTCCCTTCAGCCCATTATCTAACAATCCCATGACGATCCTCCTTTTCCATGTGTTCGGCCATACAATCGTTAGATAATGATAGGCTTCCAGGGGTGGCTATGTAAACATGCTCGTTCATTACTTACCTATTCCTCGTCCTCGTCTTCGTCCTCATCGTCCGGAGAACCGATGCTCGGGTCCACGTACATGGCGAGCAACTGTCCGCCCTGTACCAGCGCCGGATCGGAGTGAGCGAAATGGGCCTGGGCATCGAGCAGAAACCATCCATTCCCGAGGATCTGGTGTGCATCGATGATCCCGGAGGATTCTTCATCGGTCGTGAGGGCGGGCGGGGCCGGCGGCGCAAAGAAGGCAGGGTCGTGTGCCGCGACCTCGATCAGTTGGCCACTGTTGGTGCTATACAACCAGATCTTTCCGAGCGGATCCTGCCTGCCGATATCCTCTTGCATCAGAAGGCGGCCGCGCCGGTCCATGGTGATATTATCGAGCATCTTGTGACCCTCGCTGCCGCTCAACAGAATCTCGATGGTTCCGCCGTGTTCCGGGTGTTCGATATCATTGAAGCGCAGTCTCCACAGTCGGCTGTTTGTCGAGAAGCTCGCAGTCGTCACAAAGTAGAAATCGTTCTCGTGGCCTGGTCGGGGGTCCCACACCCCGTCCTCGAGCCGCTGCATCCGGAAGACGTCGGCGGCGATAGCGGCGTCCTGAAGCTGTGTCTCGGTCAACCCGGAAACATCTCCGAAGCTGTGGAGGCTGAAGGTGCCTGACCCGACATAGTTGCCTCCGCTCCCGAGTCCGTCGGTGTTGCTTTCCTCGGTGACTGTGGTCCCGTTGACCGCCACCTTCATGCCGAACAGGCCGCCGTTCGTGAGCCCCGCGCGTTCCACAGGAGTACCGTGATTCGTCTTCATGCCGATATAGACATACAGCTCGCTTGGAACATTGGGCGGAATCGGGCTTGTGCTGGCATCGGCATCGTCCAGCCCGATGACGACGGTCTTTGACTGCCGATGCGGACTGGCGACCACGTTTTCGAACGCCATGCGTCCGAGACGCGGCAACTGCCAGGACTGACCCTTATGGGGCCCGGTGGCGATATGAGCCCACGCCGTTCCGTTGTTCGTCTCCTCGCCGTTGAGATAGAGGCGATCCCGTGTACCCTTCCCTCGGGCGAAGAACGCCTTCTGAGGCGCTAAGTCCGCCGAGCAGAAGCGATTCCAGGCGACCGTCCCTTGCGCGTATCGGCTGCTCACCGGATCCCAGGAGTAGACGTCGCTTGATGACGGTGTTTGATCCTCGCCCTTCAAGACCTCTAGTGTTTTCCGCTTGATCTCCCAGCGGGATACGAACGCGCCCGGCGACCCATGGGCACGGACGACGCCCGCTGTTGCGCCCAGTTCGTGGTTCACCAATAGCGTGAATGTCCGGTGACCGCTCTTGAAGGCACCCAGTCCATCCGGGATGCCTACCAGGGAATACCCGCCAATGGTGTCGCCGACGGTCAGCACCGAGATCGTCTCGACCCCAGGCATTGAGGGAAGGACATACGGGGCTGTGGTTGTGCTCGGTCCGATGCTTTGCGCTGAAGCGACGCAGGCAGTCGTTGCCACGCATCCGAGAACCAACGCGGCTCGAGCAAGCTCTTTTCCAACCCTGTTCGACATGTGATCATACCTCCTATTGAGAAGTTGATGTCCACACCCCGATGACAACATGTAACACACATGCTGCGGAGTATGGCGTATCCTAACCCCCCCTTATGTCCGTGTGATGACATGGGAGTAAAAAGCGTGTTACAAGTTCCAGCCCGACAGACGTGTGTCGGTAGGAATTTACACCGGAGAAACCCGGTCGTAACAGACGCGTCACAACAACACCCTACTGTTTGAGCAAAGAAGGTATCTGCAGACCGTTATTCAACCGAACCGAGGTGTCACGATGAAACACGTTCAGTCTCTCGAACTACTTCATGCAAGCCTCCATATACGCGAACCCCTGGAGCTTCGTGAACGTCTGGATCGGATCATGCGGACCGCGCGGGATATTTTAGGGCTACGACGCCTGACCCTGTTCCTCGCCGATCCTGAAGGGTTGTGTCTGCGTACAGTAGCCAGTACGGCCTTGAGCCCGGGATCACGGCCGATTCCGCTGACCGACTCGGAGAATCCCGTCGTACGGGCCTATAGTGCTCATGCGCCGGTGTTCTGGAATCCACAGATGCCGACTACCCGGGCGATTCGACTGCAGCCGCCTTATGATCACCCTGTCGGGCTACCCTCCGACGGGTTCCTCAACCTCCCACTCATTGTGCAGGGACGAGTGATCGGCGTTCTGGGTGTTGAGCATCCGGAGGGGGGCTGGATCCTGGACCGTGAGACGATCCAACTGATGGAGTTGTTTGCCGCTCAGGCGGCGACGGCTATCGAACACGCCCGTCTCTATGAGGAGGCAAGACGGATAGCAGCAGAACTGCAACAAAAGGTCGAAGCCCTTGCGCAGGCCGACGCAGCGCTCGTGGAGTCGGTACGGCTCCGCGCCATGGGCCAGATGGCCTCCGGCGTGGCGCATGATTTTAATAATATTCTGAACTCGATCCTGGGGCAGGTGCAGCTCCTGCAGACGCGTTTCGCGCAGGGATCTGTCCATGCGGCAACAATCAAGGAGACGCTGCGGCTGCTGGAAGCGGCGGCCCTCGATGGGGCTGAGATTGTCCGCAAACTCCGTGAATTCACACGACCTGCTGAGGAGGAGGCGTTTGTGCCGATGGCCCTCGATAAGGTGATCGAGCAAGTGCTGGACACGACCAGGCCTCGTTGGAAGGACCAGGCTGAGGCCAGCGGTCGTCGCTTTCGGATTGTGACTGAGTGTGCATCTGTTCCCCCTATTCTCGGAAATGCCTCGGAACTCCGGGCGGTCGTCACCAACCTGTTGTTCAATGCCTTGGATGCGATGCCGCAGGGGGGAACTGTAACCATTACGCTACGACATGTTCAGAGGGGTGGGGAGACCGCTCAACGAGCGGAAGGATTGATCGTGAATGGCGAGTGGGGTGAGAAGAGACGTCGATCTGAACGTGGAGGAGTCGTCCTGTTTACGATGACGGATACTGGAGTGGGAATTCCTGACAGTGTCAAAGCGCGTATCTTTGACCCATTCTTTACGACGAAGGGTACACGGGGGACCGGACTTGGTCTCAGCATGGTTCACGGAATCGTTCGCCGCCACCGTGGTGAGATTCTGGTAGCCAGCGAGGAGAGGCGTGGCACAACTATCACGATCTCCCTGCCGATTGCTGTAGACATTCCAACGGTTGTCA
FP565575.1_gap18	944448	946358	1910	CGGCGTACTCCGTGGAGCGGATCGAGTACCGGCCGGGTTCGGAGAAGACCCAGACGAGGTCATTGTCATGACCCGGGACGACCTGCATCTGAAACTCCATCCGCCCGTTCTCGCGGAAGACGCCGAAGCCGTAGGTCAGGTCTTCGGACCGGACCCGGAAGCGCACGAGTTCCCCCTGTGTGATCCTGATGCCTTCGTCGGGGAGGTGAAACTGATGGTCTTGGACGGTGACGGCGATGTCCCGGTCTGGAGTCAGACGGGCACGCTGCAATTCCCACCGGACCCACGGGACCTGCCAGGCGGTCAGCAGGTGGAAGGCGATCGACACGCTCACCAGGCAGCCGATCCACCCATAGAACGGCATCTTCGCCATCCACGACGACTGTCGCCCAGACGTCAATCCGCGTACATAGCCCCACATCATCGAGAGCACGGTCATCACCATGACCGAGTAAAAGCCTTTCACGAGCAGTGCGAGCGGCATTGGCACACCTCCTTTCCCTTCATTTCCGGTGCACACCCTGGTAGCGTCAAGCCCCAAAGTCTCTCTTATGACTAATGGAAGCATAGTCGGGGAATGTTGCCGTCAAATGAAGGAGTCGTGACGAAGAGGTAAATTCGAGACTTTTTCGGCGAGAGGCGTAGGTCGGGTTAGCGTCGCGTAACCCGACAACCCGGCCCCACTCCGTATCCCTCTTTGCGCAAGAGGAGGCCAGGGAGGAAATTCTGTGGAGTTGAGAACTGATCGTTGGGTATTTCTCGACGATGGCGTATCTCCGATGAGGCTATCTTGCATTTGCTCCGCCCTTTAGGTACAGTCATAGAATGATTGCTTGAGAGACCGATGCAATGAAGAGAATGCCCGAAGGAGTCTGAGATGGAGGCTGAACTTCTGCAGCGCGAACCGAGGCTTGCCGAGATCGTGCGTCGGCTGATCGAGGCTTGCCGACCCGAGCGTATCTATCTTTTCGGATCGAAAGCACGCGGCGAAGCCGGACCGGATAGTGACTACGACATTATGGTGATCGTCTCCGACTCTTCCGAGCCGTCGTACCGACGGGCACAGCACGCCTACCTCGCGCTTCGTGGAATCAATACGGCCGTCGATGTGCTCGTCTGGACACGCGAGGCTTTTGACCGCCGCCTGCACCTGCGAGCGTCGTTTCCGTCGACCATCATGCGTGAAGGGAAGCTGCTGTATGCCGCGTGATGCGCAGCAAATCGAAGATACCCGGGCGTGGCTCACGAAGGCGGCGCTCGACTTACGGGCCGGCGAGGGAGATCTGACCTTGGAACCCCCGATTCCAGAAGACGCGATGTTCCATGCCCAGCAGGCGGCGGAGAAGGTCCTGAAGGCTTTTCTGGCCTGGTACGATGAACCGTTTCGGAAGACGCACGATCTTCGAGAGTTGGGTAGACAGTGCGTGCGTATAGACCCAGCGCTCGATACCGCCTGCTCGAAAGCTGAGGCGCTTACTCCCTTTGCCTGGCAGTTCCGCTATCCGGAAGAGCCGTCAGCGCCAAGTATCCAAGAGGCAAAGGAGGCCCTCGCGCTCGCTCGTGAAGTCTACGAGACTATCCTCGGCCGCTTACCCGAGGAGGTGCGACCATGAATCAATCCGGATTCTCTGGCCGTACGGTCGGGTCTTGCATTGGACCTCGCACATCTATTCTCCTTGTAGCGGCAACATCAGCTCCCTCCGATAAGGCGCTTGTGGGAAAATAGGGACAGACACTAGTATCGTGCCAATTCGTGGTGTTCGCGGTCATGATCGTGCATGCCACGGATTACCCGAACTGTTGCGTTCGGCTACCGGTATCGTGTGACGCAACGAGGGAATGATCGCCAAGCGGTCTTTCGGAACGACAGAGATCCGAATGCGCACGATGACAGAACGGCCACTGCGAAG
FP565575.1_gap19	958114	959342	1228	TCCCAACAACACGCGAACAACCGCATGGGAGGTCCTCACGCGGTTGCAACTGTGGTTCTAAGACGCCAGGCGCCCTTATAGGCGAAAGGCCTGGGAAGGAGCATGAGCAAGATGACAAAAAAGCGTTTCACGGTGATCACGGCCCGGACGCTCACGCAAGGCCAGGCGATGCACGTCGGAAAGGAGTCGAAAGAGTATGTGGACGAGATCTCTACGGCGCGAATGAACCTCAAAGACTTCGAGGAACTCGAACTGTGTGACGGCGATCGCATTCGTTTGGCCACCGAGCACGGCTCGACTGTGCTGAAATGTGCAAAGGGTGATGTGCCCCAGGGGATGGTGTTCATTGCGTATGGGCGACTGATTAATCCGATTGTTGGCCCTGATACTCAAGCGACCGGGATGCCGGACTATAAGGGGATCGAGGCGGAGGTGGAGCGCTATGTCTGAGAATGTAGCAGTACTGGACGCGAAACAGTTACAGGTCTTTACCGGTGTAACCTGCCCATTTTGCGGCACGGCGTGCGACGATATAGAGATCCGTGTTGAGGATGGAAAAATTACGACAGTCAAGAACGCCTGCGCCTTGGGCAAAGCGACCTATATGCACTATCAAGAGGACCTGGCGACGCCACGGATTCACGGACAACCCGCGACCATCGAGCAGTGCATCGATGCGGCCGCGGAGATCCTGGCCAAAGCCAAGTACCCCTTGATCTATGGCCTGGACTCGACCGAATTGAGCGCCCAGCGGAAGGCGATCCAGTTGGCGGAGCTGATTGGCGCCAACATCGACCACACCTCGTCGGTCTGACACGGACCAGGTCTGCAGGGTCTGCAGACAATCGGGCTTCCGACGTGTACCGTGGGAGAGATCAAGAACAGGGCGGATCTTGTGATCTACTGGGGATCGAACCCGGCGGAGGCGCATCCGCGACACCCCAGTCGCTATGCCGTGACGGCCAAGGGGCTCTTTACCCCATTGGGGAAAAAAGAACGGACGATCGTGACGGTTGATGTGAGGCCGACTTCATCATCTCGGATGGCCAATATCGCCTTCCAGATCAAGCCGAACTCCGACTATGAGGTTCTTTCCGTCCTGTTGGCGCTGGTGAAGGGTCACGAGTTGGATTGCCGTGAGGTGGGTGGAGTGGCGATCGAGGAATGGAAGGCGTTGGTAGACAAGATGAAGCAGTGCAAGTTCGGGGTCATCTGTTGGGGGATGGGT
FP565575.1_gap20	964520	966397	1877	GGGAAAGACTCATGGGCTCTTTTTTGCGGAAATTGTGCATGCAGAGAGAGAAACCCAGTGGGATCGTTTTTTATAATTCCGGGGTGAACTTGTTGGCTCGGGGCTCATCTGTTCTGGACGCTCTGGATGTCCTCGCCGAAGCCGGCGTAGATTTAATCGCCTGCGGCACCTGCGTTGCTTTTTATAAGCTGAAAGACAAGATCTTTGTAGGCCGCATCAGTGACATGCTGGAAATCGTGTCTACGCTGATGAATTCAGAGAAGGTCATAACGATTTAGTGCTTTCTACCTGATACTTGACGCAATCACCTGCCAGAGCTCGTGTTTCGATAGCTTTGGAAACGGAACCGATGGGGCCAGAGAAGGGATGGGACGCCTGGGAGTTCGTAGTGCACCTTGGATAGCTTGATTGTCTGGCACAGGACATCACGGGTTAGGCCAGGATTGCGTTTTGAGGCGCAATCGGCATATACTGAACCAGAATGCTGTGGGGCGACCGAGAGACAGGCCGATGTGGGTGGCGCTTGCTGGATTACGCCACGAAGGGTTGGCTGTTCCTCCTGGCGGTCGTCGCGTGGTTCACCATCGCATCTGCGGCGTCGAAGCGTGAGTTGTTGGTGTCCGCCGCGATCAGCCTGAAGGAGCCGCTGCAAGAGATTGGCGCGCTGTTTGAACAACGCCATCCAGAGGTGAAGGTCGTTTTCAACTGGGGCGCGTCCGGTGCGTTACAGCAGCAGATCGAGCACGGTGCGCCGGTGGATCTCTATATCTCCGCTGCGTCGAAACAGATGGATGAACTTGAAGCCAAGGGTCTTCTGCTCAATGAAACCCGGCATACACTTGCTGCTAACCTGCTAGTCCTGATCAGATCTTCTGGCCTTCGGTTCGATCTCGCTTCCTTCAAAGATTTGACCAAATCTGAGATCAAGCTCATTGCTGTCGGCAGTCCACGAACCGTTCCCGCTGGAGAGTATGCGCAGATGGTCCTGACGAGTCTTGGGTTGTGGGATTCGTTGCAGCCGAAGCTGATCTTCACGGAGAATGTTCGTCAGGCCCTGGCCTACGTCGTGCGAGGCGAGGTAGAGGCTGCCCTCGTCTATGCGACCGATGCGCAACGCGCCGGCGAATCGGTCCGGGTCATTGCCGTTGCGCCGGAAGGAAGTGCTCCATTGGCGCGCTATCCGATTGCTGTTATCAAAACCTCGCAGCAGCCCACTGTGGCGCGAGCCTTTGTAGACTTGGCGCTGAGCGAAGGCGGACAACAGATTCTGAAGGCTCACGGATTCCTACCACCGCCGAACAGCCGAACGCATTCCTGGAGGCGCGAGACCGACATTGTACAGAAGTAGATAGTGACAGTTATGCTTCAGATTCCGCTGGCGCCTCTGCTCCTATCGATGAAGATTGCCGGTCTTGCGACGGTAGCCGCGCTGATTCTCGGCACGCCGATCGCCTGGCTGTTGGCGCGAGGCCGCTTTCCAGGCAGGGCAGTCCTGGAGGCGATCGTTATGATTCCACTCATCTTGCCGCCTACCGTCACGGGCTATTACCTGTTGCTGCTGATTGGCCGACAAGGGTTGCTGGGACGTCTCATGGGGCAGTGGCTGAACATCGGTATCATGTTCACGTGGAAAGCTGCTGTTCTCGCCTCGACTATCGCCGCACTGCCGCTGTTCATTAAGGCTACCCAAGGGGCATTTGAAGGGATCGACCGCCGGATCGAAGATGCGGGCCGGACGTTCAAACCTGTCCTGATTGTGTTGTGCACGATCACCCTGCCGCTGGCGTGGCGGGGTATTCTGGCCGGCTCGATCCTGGCGTTTGCTCGAGCCATGGGGGAGTTTGGCATTACGCTGATGATCGCCGGGAGCATCCCGG
FP565575.1_gap21	1055712	1057675	1963	AGCGCGGAGACGAGAAGCTTGCCAGGACATTCGCCGACTTCCTCAAGCATGGGAAGCGGCTGACCATGGTCGAGATCTCCGAAGAAATAGCTGAGTCTGCCGGCAAGTTGAGAGGCCGTTACCCTGCCCTCAGGACTGTTGATGCCGTGCAGATTGCGGCCGCTCTGGAAACCGGTTCTCACGCCTTCCTGGCAAATGATATGCGATTGAAATAGATCACCGATATAAAGGTTCTCGTCCTGAAAGATTATCTCTGAACTCCTCTGTCTCGCTGTGCCCCTACTTGCCGGCGCGGGTGCGAAGCTCCTTCAGCGCAGACTCCAGGCGTTTGACTTCATCGCCGTAGCCGGCGAAGTTGCCCTGCCGAAGTAGGTCCTGTGCCCGCGTATAATGGTCGTAGGCGCGAGCGGCCAGCGCCTTGAGTGAACTGTCAACCTCTGCGGGTGCCCCCACGGGGGCCCCCGGAATCATGGCCGTGACAGGGCCCCTCGCCGCGCCGCCAAAGACTCTGGCCAGAGCGCCGTCGAGTGTTTCTTCCATGGCGATCGAGTTCCCATGCGCGACGATGATCCGCTTCAACTCCGGCAGCGACCCCTTCTCGGCCGCCAGGTAGAGTGGCTGGACATAGAGCAGTGACCGCTCGATCGGGATGGCCAGCATGCTGCCTCGGATCACGGTAGAGCCGCGTTGGCTCCAGAGCGAGAGCTGCTGCGAGATAAAGGAGTCCTGGTCGATACGGGCGTTGATCTGCCGCGGACCGTAGACCATCTTCGCCTTGGGGAAGTTGAAGGCGGTCAGCTTCCCGTAGTTCGGCGGGTCGCTGCGGGCTGCGAGCCAGGCGATCATATTGTCTTTCTTGTTCGGTGTGAACGGTAAGAGGAGGATAAACTCTTCCTTCGTCTCGTCCGGAAGCCGCATGATGGTATGGTACGGCTCCATCTCGGCAGGAATGCTCCAGAGATCTTCTTTGTTGTAAAACACCTGGGGGTCCTGCATATGGTAGGTGCTGTAGAGTCTGGCCTGGATGTTGAACATCCCTTGAGGATAGCGAAGATGGCTCTTCAGGTCGTCCGGCATCGCCTCGAGCGGTTGAAACAGTCCAGGGAATGCCCGGTCGTAGGCCTTGATCACGGGATCTGTCTGATCGGCGATGTAGAAGCTGAGGCTCCCGTTGTAGGCGTCTACCACCACCTTGACCGAGTTGCGAATATAGTTGCCCACGCCGCGGATCGGTTCGGAATACGGGTACATATCCGAGATGGTGTAGGCGTCGATGATCCAAAACAGACGGCCGTCCTTGGCGATAACCATATACGCGTCCCGATCGAAGCTTAAAAAGGGCGCCGCCTTCTGGACTCGCTCGGAGATCTGTCGGTGATACATGATCCTGCTGTCCAACGTCAGGTCTTGTGAGAGGAGGATCTTGAGCGTCCCGAAGCGGGTGGCGAACAGGAGTTTTCGTCCGAGGGTCGTGAGCGGCACACCCCCGTCGCCGGTATACGTGCTGTAGACGTTTTTATCGCCTGAGGGGTAATCCAACTCCTGGGCTTGCGTCTTGACGATGACGTAGTCGTTAGCGACCTCGCTGTAGTAGATCTCCGGACGCGTGACCTTGATCGGCGTGGTGGAGACCGGCGGGATGTCCTTGATCAGGAACTCCGGTAGCCCCTCCGGAGTAACCCGGTTGACGGGTCCGAGGACGACCCCGTAGCCGTGGGTAAAGATCAGGTGTTCATTGATCCAACTTCGACCCGGCAGATGTTGCTGCGACATCTCTCTGGCCGAGATCATGACCTGCCGGTACTCGCCGTCGATCTGGTACCGGTCGTTGTCCACGTCCATAAACTTATAGTAGGTCCGGATCTCCTGGAGCTGGCCGTACGTCGTGAGCAACGGACGATGATCCCAGAGACGGATATTTTTGATCGTCAGATCGTTGCGTCGCAGGTCTTCGCGGGTCAGG
FP565575.1_gap22	1118912	1119674	762	TCAAAATCAGCGTTTCGGTAGATGCCGGATGCGATAAGGTGAGAGTCGGGTGTAAAGGCATGATGAAGACCCAGTCGTATCGATCGGGTCCGATCATCCTGTTTTTGATCCGGAAAGAAATTGTTCCGATCGAATCGCAGCGGCAGGTCGCCTCGCTCAAAATCCTTGTATCTGAACTCTGCCTGGACGCTGGTACTTGGCGAGAGGCTCATCTGGACAAAAGCGTTGTAGATGTCCTGGTTCTGGTCGTTATTTTTTCGGAATCCGTCGGTCTCCTGATGGAACTGGCCAAGACTATAGGAAACGTTTCCATGGACACCAGAGAGGACCACTTCATCACCAAGTGTGTCCTTTTCTCCAGCGGTTCCCGACGCCAGGAGGCTCACCCGATCGCGGACAAATAGAGGATTAAACTCATTCAACGAGGGATCTTGCGGCCCGGCACTGTCTAGAATAAAGAGATTGCTTTCCGCCAGTTGCGGCTGCACCGGGGTAATGCTGATCGGTTGAAGAAGCTGGGACTGGAGCAGCTCACTCACCCTGGCGACCTCATGGCGAGGTAGGGCAGCATAGGAGTCAGACAGGAACCGATGGGCCGAGTAGTTAGATGGATCCTCAATGGCTGCCTTCCATCCTTCAACTAACGCAAGCTGTTGGAATCCCAGCTCATTATACACTCTGGCAAGAGTCGCGCCCCGCGCCGCGAGATCCTGATCCATCAACAGGCGTGATCGGTAAACCGCACGATTGTCATTCAGCTCG
FP565575.1_gap23	1125540	1126231	691	GCAACCTGCTGGACCGTCAGAAACCGCCCCTCCGAAGTAATCAACAGCGGTTTCTTCGCAGCGAATGGCTTGAACTCCAATTGTCGGATTTTCATGTCGTTTCTCCTTTTTGCGACCACCGCCTCTGCAATGAAGAGGCGAGCCGATGGTGGTATGTCGTTTCTCTTGTCTGCGCGCCTCGCATCCTATGTTATCTTCGGGTGGTTTGGGGGTAGCTGAAACGAGTAGTTTTCATTTGATCAGACTTTTACCCGCTATCTAAAATGGTTCTCACAGTGCACCACCTCCTTTTGATGAACAACGAATCGAGCATCAGGATAACCAGGTGATTAACAAGCCGCGTGCCAATACAAACGAAACACCGCAGCTTTTCGTAATTCCGCGTTTCTATTGTTCCCGATCGGAGCGCTTCATCGGGGGCAACGGCTGATTCGATGCATCTGGAGAATTCCAGATGAAACGCGATGTTCCAAGGGATTCCATTCTGAAACACCAACAACGAGACATGCAGTGGTCAACGGCCGTGGGTCCACGCTGAAAGCTGAAGGAGCGCGACCGGACCGACCTTCAACTAATTTGCCGTCGGTCTCCAGTCTGGGGCCGATAGATGAGTAAAGCGCGATGAAGGCTGCTTTCTGACACGGTGTAATGCTTGACAACCCGCCTGAAATCGCCTACGGTTGTCAGAGAT
FP565575.1_gap24	1302276	1305159	2883	AGGACCGTCGCCGCAGTGAAGATCAGGACGCCCCACCGAATCAGGGTGGCGATGAAGTGTGCCCCCCGAAGTTGAGCATTGACGGCCGCAATCAGGGCCCCTTGGGCCAAAAAGATGGCGAGCAGCCATCCGGCCCAGAGGAGGAGAAGGGCGGTCAGGAGTTGGGGTAAGAAGTCCAGAGCGCCTGTGGTAATTCGAGTGGCCGCCGGCAGGTTCAAGGCGTCGATCCCCATGAAGGTAAACACAAGAAAGACGGCCCAGAAGCTCAGGCGGCCGACAAGGTAGGAGCAGGGTCGTCTCACCCCTGCCTTGGTCAGAGACTGGCTCAACCCCCATCGCTCACAGAGCGGATCGAACTTTACAGCCAACAGGATCCGGTGGAGGAGACTTTTCACGATCCACCCCGCCACGAGGCCGATGACGACGAGAGTCAGCATAGCCAGGATGTTGGGCAGAAAGAGGGTCAGCCGCTGACCGGTATTTCGAACGGCATCGAGTATCGCCTCTTGCCATAGCTCATTCATGGTTTTACCTCCAACGCGCCACCAGATACGGCTTCATCGCTTCGAACCGTTCAGCCATCGTTTCGATGACCCCTTCGACCTGCTGATGACCGCTCTCTTGCGTCTCCAGGACGAAAGAGGCGGTTCTGCCGAGGTAGAGCGGGGTCAGGGCCTTGAGCAGATGCTCAAGATGCATGACCCGATGATGGTAGGCCAGCGCGAAATCGTACACGACAGCGACCCAGACATCCATCGGAAACCGGAACTCCTCCGTCTCCAATGGAGCGATGACCAGCAGTTCGGCCAAGGTCTCCGGGGCCAGAATGATCTCCCAGATAGGTAATAGGTCGCGAACGCCCTGCTCAAAGGCGCTCACCATCCGTTCTACGTTCACCGAGACATGCTCCACTTCCACCTCGCGTGACGGTCCGAAGATGGGGACAGGATTCGATCCTTGCGTCGCCTGCCACACGCCCTGGTACTCCTCCATGAGGCTGAAAAGGGAGCCCACCACCTGCACCAGCATCCCGGCGAGATGCTGCCCCGGATCTTTGTGCTCGTGAATCTTGGCCCCGAGGAACGCCTGGCAGATCCGGTATCGCTCGGCGGCCGCGGTGACCGTCATCCAGATATCGATCCCGAAACGGGCCACATCGGTCTCCCATACCTGCTTGGTGAGATACAGGGCGGCCAGCTTCCCTGAAAAGCCGAAGTCGCCACCGATAGGCTGTCGAATCTGTTGGCCATACAGGGTCCTGGTCAAGGGGTAGACAATACTGTTCGTAATGGTCCCGTCGTACTTGTGCCGATGGTACAGCGGCGCCACATAATCGAACCCCTCCTCGTAGACGGGTCGGATCAGTCGATCCACCCACTCGGGCGAAATAGAGCGAAGGTCCGAGTCGACGACCGCACAGGCTTGCACCTGCAGCGCTTCGGCAATCTTGAAGATTGTTCGAAAGGCGCTCCCCTTGCCGGGAATCCCATGATAGGGCGTGATGATCTTGTGGATGGGAGGCACGGGATGTTGAACCAGCAGGAGGGAGGGGTCTTCAAGAGCAGCCTCAACAACCTGTGAGGTCCCGTCCTGAGAGCCTCCATCGGAGTTGACAATGACGGATCGAGCGCGCGGAAAGTACATGGCGAGTCCGGAGGCAACGGTCTTGACCACGTCCCCGATCGTGGCAGCGTTGTTGTAGCTCGGGATTCCGATCAGGATGTCGGCCTTCCTGATCTCGTGCAGCCTTTCCAACACGGGTTCATAGAGGAACTGTTCCACCTTCTTCAGTCCTCGCGGACGAGCAGCTCCAAGACGGCCGTTCGCCAGCCGTACGGCCCGATCCCCTGGGCACGGATGAGATTGGGGATCCTGACCGTCTGGTCGTACTTCCCGTCGATCCGTTGGACGAGGATGGGGATATCTACAGCCTGAAGCATGGGAAGGTCGTTGTGGCTGTCCCCAATACCTACCGTACGCACCCTTCCAGAGGCCTGCCGAAAAAGCTCGGTCAACGTTGAGACCGCTCTCCCCTTGTCGTTGCACCCGGTGAGGTGGTCGAACCTCCCTCCCCGCATACACAGGAAACCCCGCTCCCTCAAAAGCGCTTTCATCCGTTCCGCTTCTTCTTCCGACTCATCGACAAAGAAGGGTTCGTCGTACTCCCGCTCCTTGGCCAGGCATGCCTTCTTCAAAGGAAGTCCGGTGAGCCGAGCTACTTCTTCCGCGCTCAGATCCGAAAAGCCCACGGCCTTGACGCCGCTATCCTTCCTTGCCATTTTCAAAGCTGCGACCAGTTGGGAGTAAGGACTACCAGTCTCAATAACGTAGTACCCGGCGATCTTTCTCTGGTAAGGATAGGCAAAGGCGAAATACCCTTTAGGAATAAAGGCAGCACCGCCGTTCTCCACAACAAACGGGTGGCGGTTGTTGAGGGCACGGCGATAGCACTCCACTTCCGCCCTCGTCTTACTCGTACAAAGAACGAGAGGGATCCCTCTCCGCTCGACCTCTTGCAGGGCTTCCTGGGCCGGATCGAAACTGTACGTCTTATGGTCCAGCAACGTCCCATCCAGATCGGTAAAGATGAGAAGGGGGGGGCTCTGCTCCGGACTATGCGTTATCAGCATCCACCGCCTCCCGAAGCCGGATCAAGAAATCGGGGACCGCTGCCAGGACACGGTTCCAGTTCGGGATCAAAGGGAGACCCAGCGGATCGGCCAGGAACGTCTCAATCGCCAACTGGATGGCCTTCGCGAAGGCCTCGACGGCCTGCCCTTCCTGATGTTGGTCGTATACCAGCCGGTTGATATACGCGTCATTCTGGTAGCGGCTCAGCATATCGCGGGCTGTTCTAATATAGGTGATCGGCAGGGTCTTCAG
FP565575.1_gap25	1306702	1308235	1533	CGTTCAGTCCGGCTGCCAGGGACCTGCTGAGTGTCGTGCCGTCTGCGAACGCCCCTGCCGCAGTCGAGTTTCCGTCGATCCCATCAGTCCCTGCGCTGAGCACGGCTATCCGTTTGCCTGCAATGATCTCTACACATTCTAAGGCGAATGCCTGATTTCGACCACCTCGTCCACGACCCAGTACCGGAGAGACCAGTTCGCCGCCGGATATGACCGCAACAGGTTTTCCAGTAAGACCATTGACTTCATCCTCAGCTCGCTGAGTCAGCGTCCTGGCGGCATCACGCGCAGTGGTATCGTCCGACATCTCGACTACGACAGGCTTCCAATCAGACTGTTCAGCGAACCTTACTGCCGCCGTGACGGCATCATCGTTGTCCAGAAGCTTGTGCCAACGTGCCGGCCGAAAGGCCGGATGGTCGGATTTCGGTGTTTCCGGTACGACGCCACCCCGGATGAGTGCCTTGATGGAGTCCGGGAGTACCGATATCAACTTATGTCTTCGGATGAGCATCTCCATATCCTGAATGGTGGAATCATCCGGCATCGACGGCCCCGACGCTACGGAGGAAGGATAACCGCGGGGCACATCGGAGATGTACAGCGTCAGTTGCTGCGCCGGCGCAGCAGCGACAGCGAGCTTTCCGCCCTTCACTTTGGAAAGGTGCTTCCTGATCGTGTTGGTCTCGAGGATGGTCAACTCCCCTGAAATCAGGGTCCGGTTCATCTCCACCAGGTCAACGAGAGTAATAGTATCGCAGATCGGCAGCTCGAAGCAGGCCGACCCACCGCCGGAAACCAGGAAGATCACCGAATCATTACCGGTCATTCCATTCATCATGGTTAAGGCAGTCCTGGCGGCAGCCATGCTCTCGGTATTCGGCATCGGGTGCCCGCCTTCGAAGGTCTGAAATCGAGGATGACTCCAGCCGTTGAGCACAGGACCGGCCAATACACCGGCAAATGGGGTAATGTCGGATCGCCTGATAAGTTCCTCCGCCATATCGGGTGCGCTCTTCCCGATCGCAACGACATAAATCCTGCCTCGGGTATGACGTACAAGACCGACCATATCCTCCAACGGACAACGATCGAATGCGCGACCGATATCGCAGCAATCCAGAACAGATCCGAACAGATCAAGAAGTGTGGACTCAGCCGTTGCACAATCCATCGCGGTACCTCGCCTTCTCTCCTATGCGGCATCAGTGCGCCGCGTAAGATCCCCGGCCGTGGGAACCCGCAGGCATCAGCTACGGGCCGTATACCGGAAAGATGATCAGGAAGGTCGTCCCAACACCCGGCTCGCTCTTCACCTCGATGGTTCCCCCGTGATCCTTCACGATCCCGTAGACCACTGAGAGCCCCAGGCCGGTCCCCTTCCCGACTTTCTTGGTCGTAAAGAATGGGTCGAAGACTCGGGGGAGGCTTTCAGGAGGGATGCCGCATCCGGTATCTTCTACACGCACCTCAATCAGGGCCTCATGGGCCTCAGCAGCTACCCGTACATCCCCGCCGTCGGGCATGGCGTCA
FP565575.1_gap26	1309720	1310396	676	CGCCAGGCTGCGGAGGCATTCGGGTCGATCATCGTCTCGGCGAAATACTCCGCGGAGTGCATCGCCCCCATCCCCGAGAGGGCAGGCCCCACATCCCCCTGTTCGGCTTCGGCTGCGGGAAAGTCCTCACCAACAACCTCATGGCACTTGAAGCATTCAAGGTCGACGAAGACTTGCCGTCCCGCGTGATGATCTCCATCCGGGATGGTAAATCGCCACCGCGGAGGGATGGCCAGGCGGGGCTGCGGCTTGACCAGGCGTTCCTGTGGCATGAACTCAGGCGGAGGTCCCACCAGTCGATGACGGTGATGTCCCCCCTCCCTAGGAGGTACATCACTCCACCCATTTAGGACCGAGACAAGCAGAAGACTACACGTCAGAACAGCTCCCCTGACCACGCTCCCAATTATCCTCAACGTTTCGCTCCTTTCGGCTCTCGACAATATCTCCTTGTTTTCAGTCTCCGTACGAACGCATGTGTAAGGAAATAAAAAAGCCGCCATCCGCTTGTCGCGGATGGCGGCCCGACCACCCTCTCTCCTCCGGAAACGCATGATTGCCGTCTCCGGACCCTGGGAAGAGTTCTGCTACATTGTTGCGTTATCGGTTTCGCGTCAACATAACGCGATCCATCGAGCAATTCTCATATTGATTTTTAGCCACAACTCCTCGGAAG
FP565575.1_gap27	1386959	1388109	1150	GTTTTCTTTTCCCTCAAACCACGCCAGCAACATGTTTGCCTTGGCTGTGTTTCTCTCCTATAATTATTCACGATCAGGGTGGCTGTGTTTCCCTGTAGCGGCTCTCGTCGGATATTCCAGAATCTATGTCGGCTCACATTATCCGTTTGATGTGCTGGGCGGCGCGCTCTGGGGAGTCATGGTCGGACTTCTCGGCGCCGTAGCGGTCCGGCGTCTTATGCGGATGGCGGGAGCCCGGCATACGAGTCCGGCAGGAGATGAGAAAGACCGCCCTGCCGGCGAGCCGGAAACCTTCCAGTAGCGCCTTAAGGAGATTACGAATGGGTGACCAACAGATTCGACTGACGTCCTTGTCGCATGGAGCCGGCTGAGCGTGCAAAATCAGCCCTGCTGATCTGGCCCAGGTCCTGGGCCGGCTTCCACGATTTGACGATCCACGCATCCTTGTGGGGGCAGAGACCTCCGATGACGCGGCCGTCTACCAATTGGACAGTGGGCAGGCGATCGTCCAGACCGTAGATTACATCACACCGGTAGTAGATGATCCGTATAGCTGTGGCCTGATTGCCGCCGCCAACTCGCTGAGCGACATCTACGCGATGGGCGCAACGCCTCTGTTCGCTCTCAACATCGTCGGTTTTCCGATCGGATCGCTCTCGCTGAGCATCCTTGGAGAGATCCTTCGCGGCGGCGCCGATAAAGTTCGCGAGGCGGACACCCCAATTATCGGAGGACACAGCATCGACGACCCGGAACCAAAATATGGCCTCGTGGTAACTGGACTGATCGACCCTGCGAAGATCTTAAAAAACTCGACCGCCCGCATCGGGGATGATCTCGTGTTGACCAAACCGCTTGGCATCGGGATCATCACCACCGCTATCAAGCGCGGCAAGGCCACCCAACCGACCATCGATGCCGCCATCGAGCTGATGGCTACACTGAATAAAAGCGCATCGGAAGCTATGGTGGCGATCGGCGCGCACGCCTGTACGGATGTCACCGGGTTTGGACTGCTGGGGCACCTGCACGAGATGACCGTGGGGAGCAAGGCTGGAGCGCGGGTGTCGCTCTCAAAGGTCCCGATTCTCCCTGACGCCTGGGATTTGATCCACGAGGGGATCTGTCCGGGCGGGACACAACGTAACTA
FP565575.1_gap28	1413834	1414395	561	TCAGCGTTGATCCCGCGGTCAGCATGGCGAACCGATGGGGCCAGGGACTATAGGCCTGCGCCTGTATGCGGTCCGTTAACCTCTCGTCGTCATTCTTCATCATCTCTGTGTTCTAGCCGAGCTACGGAGCGAAGTCAACGAAAAACCGGTATCCCCATGTGTGTCTCAGGTTGTCGACCATGCCATACACCCCGCAAAAATGACGTCGCGCATTGTCTTGCCTCTTCAGATGTGCTATATAGAACCGCCGTAACAACCAAACAGAACGATGAGAGGGCGAACCTGATCAGGCCTGAATTGCTGCGATTGCTGCAGCACACTAAGAAGACCGGGAGGGACAACATGCAACGCCGGACACGAGGGGTACTTATTATTGGCGTACTATTTTCCACTGTACTGGGTCTTTCCGTCACGGGAAGCGGTGCGGAACAAGCGTACAAGCTCAAGATGCCGTTGGGTCTACAGGAGGATGCGGCGTATATTCCCCCGGACAACCCTCTGACGGTCGACAAGATCAGCCTCGGTCAACAGCTCTATTTTGATACGCGGCTCTCCGCCGAC
FP565575.1_gap29	1416246	1418422	2176	ATGTGGTGGCGCAAAAACGGCTCTTCCCGAGAGATCGAGGATTTGCGCCGCGAGATGGACCAAACATTAAGACAACCGGGTGAGCTTCCTGATAAGACAATGGAACTTACCCGCCGTATGTTCATCCATAAATCGCTACTGGCCGGCGCGGCAGCCGGCGTCGCCTCAGCCGGATGGTTCCCTTGGCTAAATACCCTCGACCTGGCCTTTGGCGCCGAGGCATTTAAGTTCGTCTGGGTCTCTGATTCCCACTTGTACCCAAGAACTCTGAACACTCGTTTCGTTGATAAGGTAACCCGTGCGGTGAAAGAGGTCCAAGCTATGTCGCCGCCCGCTGATTTCCTGATTTATGGAGGTGATCTGGCGCAGCTCGGGGATCCCGTCGAGTTAGAGCTCGGGGCCGAGATCCTGAAAGAGGTCACCATCAAAAAGGTCTTCATCCCCGGGGAACACGACTGGTACCTTGATATGGGAGTGAAGTGGGAGAAGCTCTTTGGCAAGTCCTCCTGGACCTTTGACCACAAAGGGGTCCGCTTTATCGGACTTGATACCGTGAGTCGCGGTCCGGACTACTGGACGGCGAAGAAGATGACCGCTAAAGAACGGATGGGTCATATGGCCACCCTGGATGGGAGTGTAGCGGGCGCGTGGGCCGGTGTCGGCCGTGACCAGCTCGAATGGCTTTCCACGACCCTTTCCAATTGGTCGAAGAACAAGCCGATCGTCATCTTCAGCCACAACCCGTTGTACGAGTATTACCCGCCTTGGAACTTCTGGGTGCGGGACTGGCGCGAGGTTCACGAAGTTCTCAAGCCCTTCACGAACGTCACCAATATCCACGGTCATACCCATCAAGTGCTGTATAACGAGATCGGTAAGGTTCGTTCGATTGGGATGCTGGCCACCTCGTGGACCTGGCCGTACGCGCCTGAAGGGGTGCCGGCCCTCACCAAGTGCAAGGTCCGCGTCGATCCCGGTGATCCCTTCGATGGGGTAGGTTGGTCGACACACACCGTGAGCACGGCAGAGAAGGTCGAGAATGAGTATGTGATGTGGCGAAAAGATATTCTCGGCGAGGCACCGTGGGACTCGGGATGCGCAGACAACGCCAATCAGATCCTGAGCCCACGACTGGCCGATCGTGAGTGGCCGTACTATGGCGCATATAAGTAACTGCCGGTTGATCATACATCCAAGAGGAGGACCGCGATGAAGCGCCAACACAGTTCTATCAGAACGGCACTAGGTGCCTCTCTCCTGGGTCTGCTCCTTGTCGTCGTCCCCGGGCCCAGCCCGGCCATCGCTCACAAGGCCAAGCACACGCCCGAGCAACTGAAAGCGTTTGAGCAGGTCTTTATGGAACAGGTCAAGGTCGGCGACTTACTCTTCCATGGCGACGGCGCCGTCCAGAAGCGACTCGGCGTGACGCTGTCCAACACGGGAATGGCATGCGCGATGTGCCATCCCTTTGCGTCGGACACCCACCCCTATACGTTTCCAAAATTTCAGGAACAGATCAACAAGTTTGCCACGCTGCGAGATATGATCAACTGGTGCATCGAAAAGGCCGCTGAAGGGGAGAGAATCGAGGACGATTCAGACGCCATGAAGGCTCTGGAGACGTATATCTACTGGTCTACCAGAGGCTCGAAGCTCGACCCGGGACGGCACTGACCGGGACGGCACTGCACGAGTCACATGAGGATGACAGGCACGCGCGCCAACAGGCACGAGCGGGTCACCCAGGCAGCGTCACCTACGGTGTCGAGACGGGCCTTTCTCGGTCTCGCCTCGACGCTGATCGCCTTAGAGTGGGCCGACATTGCATTCGCCCTGGAGCCGCAAGCTCCCGACAATTCGAATCAACCGACTCCCCCTGAACAGGCATACCCGCTTGACCTTAAGGTGCCGCCCTTCACTCGCAACGGCGCAAATGTCCCGATCGTTGTTGAAATGCGCCACCCGATGAACCCGGACCACTATATCAAGAGCCTTCAGATCCTGAATGAAGCCGATCCGATCCCATCAAAAGGAATCTTTCACTTGAGCCCGGCGAACGGTCGGGCCTATCTCTCAATGCAAGCCCGCATGAACAGCGGTACCTCCACGGTGCTGGCCATTGCCGAATGCACCCGACATGGTCGGTGGACGACAAGCCGACCCATCACGATTCCTG
FP565575.1_gap30	1421029	1425241	4212	TCTGTCGGCGTATCGGCGTTGGTCCTGATACCGATCTTCCGAAAGCCGTCCGCCCACCCGATCAGGGCGCCGAACTCACCAGTCAGTTCCTCAGGTTGGGTCAGCTCCACCTCTCCGATAATGACATCTCCCGTCGTACCATCGATCGTGATCGAGTCTCCCCGTCGGACAGTCAGATTCGCCACTTGGAAGTACCCGTCTTCCTCATTGACGAAGATGTCGGTGCAGCCGGCAACGCAGGCTTTCCCCATACCGCGAGCCACCACAGCGGCATGGCTGGTCAGGCCTCCCCGAGCCGTGAGGATCCCCTGGGCAGCCACCATCCCCGCGATATCCTCCGGAGAGGTTTCGGGTCTGACCAGAACGACCTTCTCGCGCCGCTCCGCGGCCTCGACCGCCTCCTCCGCCGTAAAGACCGCCTTCCCGACGGCGGCGCCAGGTGAAGCCGGCAGGCCCTTCGCAATCGTGCGGACCTGTAACTTCGGATCGATCCTTGGGTGCAGCAGTTGTTCGAGTTGCCACGGCTCCACCCGCAGGACGGCCATCTTTCGGTCAATCAGACGCTCCTTCGCCATATCCACGGCAATCTTGATGGCGGCGTGGGCCGTCCTTTTGCCGACGCGACACTGCAGCATGTAGAGCGTTCCGTTCTCGATGGTGAACTCAATGTCCATCATGTCGCGATAATGGCGCTCCAGGGTCCGGCAAATCCGCTCGAACTCTCGGTAGACGCGAGGCCAGGCCTCCTTCAGGTCCGTAATGGGGCGTGGCGTCCTGATGCCCGCCACCACATCTTCGCCTTGGGCATTCTGGAGAAACTCGCCGTAGATCCGCCGCTCCCCGATCGACGGATCGCGGGTAAAGGCCACGCCCGTTCCGGAGTCTTCGCCCAGATTGCCGAAGACCATCGCCTGCACGTTGACGGCAGTACCCCAGTCATCCGGTACCTTGTAGATCCGCCGATACTCAATCGCCCGCTTATTGTGCCACGACTCGAACACGGCGCTGATCGCCAGGCGAAGCTGTTCCTTGGGATCCTGCGGAAACTCCTGGTCCGCCTCCCGCCGCACCACCTCTTTGAACTGCTCCACCAACTCCATGAGATCCTCAGCCGTCAGTTCCGTATCGGCCGTCACCCGTTTCTTCCGTTTCATCTCGCTGAGGAGTCCTTCAAATGCCGTCTTTTTGATACCCAGCACCACGTCTCCGAACATCTGGAGCAGTCGTCGGTAGCTGTCATAGGCAAAGCGGGGATTTTGAGAACGTCTGATGAGACCCTGAACCGTCTTGTCGTTTAACCCCAGGTTCAAGACGGTATCCATCATTCCGGGCATTGAGATTCTCGCGCCTGAACGGACGGAAACCAGGAGGGGGTCTTTCAAATCGCCGAACCGCTTCCCCATGGCGCGTTCCAGCTTGGCGACTTGCGTCTCGACCTCGGACCAGAGCCCGCGCGGGAAGCGTCGGCCCTGCTTGAAGTATTCGATGCAGGTGTCGGTTGAGATGGTAAAGCCGGGCGGTACGGGGATCTTGAGGGCGGTCATTTCATGGAGATTCGCCCCTTTTCCCCCAAGAAGATTCTTCTGCTCCGCTCTGCCTTCCGCCCGACCCTTTCCAAAAAAGTACGTATATTTCTTTGCCATTCCCTTTGTCTCCCCCATGAGTTTGGACTATGACATCAGACGATAGACGCCGAGGGTGGGCGGCGGTTAGCAATGCGTCGTCGCTGGTCGGCGAAGCACGGACAGCGCAGCCGACCAGCGCCGATTCGAGCCGTACAGGGACGTACGGCGAGATTAAGCGGAGTCAACTGCCGCCCACCCCTGAGCCATAACCAGTAGACTCCGTAGTGAGCCCGACTACTGCTTCGTCAGTTCGACGTTCAGCTTTGTCTCCTGCTTTGCCTTGACGACGACGTCCTGGACCTTCTTGCCCAGCGTCTCCTGCCAGACCTCGAGTTTATAGCTGCCCGGCGGAACATCGCTCAGAGTAAACTCGCCTTTGTCGTTGGTGACCGCCACATACGGATGGTCGGACACAACGACCCAGCCGAGCATCCAGCTATGAGCATCGCAGGTCACCTTGACAATCTCCGGTTTCGCAAATTTTTCAGTCAACACCTTCTTGAATTTCGGCTGAGCCTTGTTGATCGACGAGTTCGCCTTGCTGTAGGTATGAATATTATGGAGAATCCCGTCATTGTTCAGGATCTCCAGTTCGCCGGCGGCGGGCATGACCACGACATGCGGCTCGTAGACGCACCCGTTTTGATCCAGCGTGGCTTTCGTGATCGTCCACTTCTTCCCAGTTTTCATATCCAGCAGACTCACCACGGCATTTTCAATCCCTTTGTTCGGACCCACTATGAGATCATAGCTCAGGTGCTGTTTTTTCCCGCACACTTCTTTGTCCTTCGTCACCTGGAGCTCTTTCCGCGCCGGTGCAGTCCCGGCAAACTTGATGGTACCGGTGATGGTCCCGCCGTCTTTGATCTCGCCGCCCTCGTAAGCTGAAACCTGAGCGGCAGTCCCAATGAACAAGCTCGCCACCACAGTCGCTGCAAGCATTCCGCGTATCCTGTACATCGAACATCGCCTCCTTCTGTAGGTATGTGGCTCAGTGTCGTCGAACTTCTCGGTACGCCGATAGTATAAATCAGTTCTCGCCAGAGCGCATCAGGTATTCCGTGATCGCCTGGATCTGTCGGTCCTCCTTACCCTCGAGGATATCTTCCGGACCGCCAGGATAGTAACTGGGCATCTTGGTCCCGGGCTGGATCTTCTGCGGATCCTTCAGCCACTTGCTCATCCAGATCGGCCGCAAGCGGCGCTTGGCCAGACCGAGATCGGGCGCCCAGTTTTCCGTCGGGCCCTCGGGTTTTTTCTCGCCCTGCTGGTGACAGGTAAAACAGTCAAAATAGTCCTTCGACATCAGCAATCGACCGGCCTTCACAAGCTCCGGGGATGACTCTTCCACCGAGACATACTCATAGGGGACCTGCTGCTTCCCCATTACCGCAAAATACTTGGTTAAGGCGGTCGCCTCCTCGATCGTCAGCCCGAAGGTCGGCATCCGGACGTCGAGCCACGGCCGAAGCGGGATCGGCCGCCCCAGGAACTGGTACAGCCAAGTCGCTTGGACCTTCTCTCCTTCATGCATCATCCCCACTTCGAGAGGAGGTGGGACCCTGGTCTCATTGGCGTAAAAGGCCGCAATGGCGCCGCCCTGTCCCTCAATGACGTGACATCCGTTGCAGTTGTAGCGTTTCACAAGAGTTCGTCCGTCCTGAATGGTTCGCTCTTCGTCCGACAGTCCCCTTTGGAATTGCGGCTGGACACGCTCGGTGCTGAGACTTTTCAAGTAGACCATCAGTGTCTTCGCCTGGTCATCGGTAAAACCGAAGTTCGGCATCAACTGTTCTACCCGTTCGGTGGCATAGATCCCGGGATCCTTCAGTTTCCAGAACGTGTAATCCTGCCAGGTCTGCTTCACCTGAACCGCCTCGCCGAAGAAGAGCTCCAGCAATCGCTTTCGGCTGAAGTTACTGAGATCCGGCGCAATCTTCTCCGACGTCTCAAATCCCTTGATTTCGTGGCAGCCGAAACATCCCCGCTTACGGATCAGACGCTCACCCGCCGCGATTCGCTCGACTCTCCTCACTTCTCGCTCCACACCCGCAACGCTTTGTTTCTGTCCCAGCGTCATCAGAAAGGCGGTGACTGCCCGCGCCTCGTCGTCTGAGAGACGCAGATCAGGCATCCGGGTTGTGGGCCGAAACTGCTTCGGATTCTTGAGCCAATCGAAGAGCCAGTTCGCGTTGACCTTGCCGGCGATCCTTGAGAGATCCGGTGCGAAATCCTGATCCTCGGGCTGGGGGGGCGGGGTGAACGCCGAGGTAGGCGTATCGGTGGGCGATACCGCGGGTGCACCGGCAGACGGAGCCTTCGTCTCGAAACCAGGAATCCGGTGGCAGCCAAGGCAACCGACCGTACCCACGATCTCTCGCCCGCGTTCGACGGATGCGGGCGTTCTCACCGTACCCTTACGAGCCGGCGTCGGCTGGGATGTGCGGAGAAGATAGGCCGAGATGTTCACTGCGTCTTCATCCGTCAGATCAAAATGAGGCATCCTCGTCTTGGGCAGATATCCTCTCGGCTTCTTGATCCACCGGACCAGCCAATTCGGATCGACCTTGTCGGCGATCCGAGTCAG
FP565575.1_gap31	1427075	1431243	4168	ACGTGGACCCTATCGGCAACCACAGGGTCTTTCGCGCCGGCCGGTTGCGCAGCCGGTTTCGGCGTTGTGTCCTCTTTTACGTCAGCCATCGCACCACTCGTCACACGTTATGAATCATCAGGTACCGTGCTTCACGTATCACCGAACACTTATCACTTAACACTACAACGGCCCTGAGATCCCCCCGTCTTTTCTGATTCTCCAGAAATGGACGATCATCAGGAGGCTGATCAGGATCGGCAGAAAGATACAGTGCAACACGTAAAATCTGAGAAGTGCGGAGGGTCCTACAAGCGTACCGCCCAGCAGGAACGCCCTGGCGTCATACCGCGACGTAACCCCGACGACCTCACCGAACGGGCCCTCACTCCCGACAAACGGCGTCGCTCTGGCCATATTGGTTCCGACCGTCACGGCCCAGATCGACAACTGGTCCCAGGGCAACAGGTAGCCGGTAAAACTCAGCAGCAGCGTGATCGTCAGCAGGATGACTCCGACGACCCAGTTGAACTCTCTCGGCGGTTTGTACGAACCGGTCATGAATACGCGAAACATATGCAGCCAAACGGTAATCACCATGCCGTGAGCCGCCCACCGATGCATATTGCGCATGATCATCCCGAACGGGACGTCGTGTTCCAGGTATTTCATGTCGGCATAGGCGTACTCGGCCACCGGACGATAATAAAACATCAGAATCACACCGGTTACGACCGTAACCAGAAACATCAGAAAGGTGATGCCGCCCATGCACCAGGTGAAGCGGACCTTGATGGCATGGCGTCGGATCTTGGGCGGGTGCAGGTGGAGAAAAACATTCGCCATGATCTGCAGTACCCGGTTGCGCGGAGTATCCGAGTACTCGTGGCGAAAGATCGAGCGCCAGAGTTGCGACTCGACGATCCGTTTCTTCAGCTCGTTCAGATCGAACATTCAGAATCGCACCCTTTCCATCCGGACCGAGAACTTCCAGGCTAGACCTTCAACTTGAGAAACGCCTCTGGCTTCGTCCAGTCGCCCCGTTCGAAGCGGAACAGCACGCTCTTGTCGACCACGAGCTGTCCATCATCACCCAGCGTAATCTTGACCCGTTCCAGCGGTCGGGGAGCCGGACCCTCAAAGTTGATGCCGTCTCTGTGGAAACCGCTCCCATGGCAGGGGCATTTAAACTTGTTCTCCGCATTCAGCCAGTTCGGGGTACAGCCGAGATGCGTGCAGACCGCCAGAAGCGCATAAAACCCGTCAGCCTCATGAACGATCCAGACGCCCGCCTCCTGTTTCCACCGCTCACTGACGGTGCCGACCGGGTACTCCTCCGGCAGGCCGGCCTTGAACACTGCTGACGGCTCAAAGAGTACTCTCGGAAACATAAAGCGCCCGAACGCCACGCCGCCGATACCCAGCCCGGCCGCGATCCCGCACCATCCCGCGAGACAAAACACATCGCGCCGCGACCAGAGGGTCGCATTGCTTCCCTCCGGCGTCGCGATGAGGCGATCTTCTCTATTCTCTCCGGTAGGGCTCTGCTCGTCCACTGCCCCCTCAGCCGTGACGACTGACGTCGTCACGTTCTCGTCCCGTCAACTCCTTCTTTTTCAACCCTGTACGCAGCATACATAGTATAGCATCCCTAACCTGTCAAGGCGAAAAAGGCGAAATATGGTCCACTCAGGCTGGATAGAAATTAGAAATTCTTATCATCAACGATTCACTCCCTATCAAGGCAAACGTGGCCCCTACCCTTTTCCCCAAGCCACGCCCAAGTTATTTTTCTCTTGATTGGATTAGTCATATGTATAATACTAGATCAGGGGGGTCGGGTCATCAAGCTGGAGGCTGCCACGCTCTCCCTGGAAAAGCCAGTTCCAGCTCCTGTATCACCACTCAACACATCGCCGCCAAAAACACTTGACCGCCTCTCAGGTTTGGGGTATGCATCTTAACTACGCCTTCCTCTTGGAAAGGAGGACTGCATGGGAATTCGCACTGGAATACTGAGGGTCACCCACCACCCTGCTCCTCAAAGGGCCAGGAGTTGGACCCCTGCCGTCGTCACTCCTTCGTCACCCCCTCCCGCGAAACCCAAGCTTCTTGACCAGGTTCGCCTGGCGATTCGCGCTCGCCACTACAGCCACCGGACGGAAGATACCTACGTTGGGTGGATCAAGCGGTTCATCTTCTTCCACGGAAAGCGTGTAGTGCCCCCCTGAAAGTCAACAGGGCTTATGCCGCCTGGGGGAGTTGATAGAACTGTTCACGCCAGACCCGAGGGGTGAGATACCCCAGGGCCGAATGCTGTCGCTCGCTGTTGTAGCGGTCGATCCAGGCCATGATGATGGATTCGGCCTCCGCGAAGGACTCGAAATGGTGCAACCAGACACATTCTTGCTTCAGGGTGCGGAAGAAGCGTTCAATGACCCCGTTGTACTCCGGGGAGTATCGAGGGATAAACTCCTGGGTAATCGCAAGCTGCTGGGTGGTCCCAACGAACAGGCGGGCCAGGAAGATGGAACCGTTATCGTGCCGAAGCCGCAGGCCCTCGGGTACGTGGGCGAAACTTCCATAGCACTGGAGAATGCCTTGCTCCAGGGCATCGACCGCTTCGATCGCCCGACCCTGGCGGGCAAACCGAGCGCCGACGCACTCGCGGCTGCCAGCGTCGAGGACGCCGATAAGACTCGCCCAGCCATCCCGACCACACCAGATCTTCGTCGCATCGGTGGCCCAGAGCCGGTCCGGCTGCTGGACCGTCGAACACTTCTCCCACGTCGGCGTGGGCCGCAGGGCTGGACGGTGCCACACGCGGCATTGCCACCCTTTCCGTTGCATGATCCGATGGACCGTCTTGCGATTCACCCTGACGCCCTCCTGGAACCGCAGCCAGGCCCACACCCGCCGGTAGCCGAAGGTCTCCTCGCGGTCCAGGATGTTCCGGATCCGCTGGGCCAGGCGCTCGTCACACGGCGCCTGCTGCGGGGAAGTGGGCGCCGAGCCGCGCTGCCATTTGTAGAAGCCCGCGCGCGAGACACCCAGTGTCCGGCACGCCAGACTCAGCGGCGCACCCTGCGCCCTCAACTGGTCGACCTCCGCCCACGTTGGCGGATCAGCGCGTCGGTTTTTTTTAACAGCTCCTTCTCCAGGGTGAGCTGGCCCACCTTGCGCTCCAGCTCCCGCACGCGGCGCTCCCGCTCAGAGTCGATCTGTCCCCGGCGCGTCTTGAGCGCCGCCTGCCCGCCTTCCAGGAACCGATCCCGCCAGGCAAACAGTTGGGCTTGGCTGAGCCCATACCTGCGGGCCAGCTCCGCGGCCTCACCACCACGCAATAGTTCCAGCACCACAGCCGTCTTGCGGGTGATCGTCCAGCGATTCTGTGTCAGGGTCGACTCGGCCATTCGACACCTCCTTGTTGAGTCGCCCCAGTTTGTCACAAGCGCTGTCTACTTCTCAAGGGGGTCAGTATAAGCGGGCCACGTGCCACACCTTTCGCCATTCCTTTGCCACGCACTTGCTTGAAGGCGGCTACGATATTCGAACTGTCCAGGAACTTCTAGGCCATAGCGACGTGAAGACAACGATGATGTACACCCATGTCCTCAACCGTGGTCCGGCAGGCGTTCGCAGTCCGGTTGACGGGCTATGAGGTCAGCAAGGAGGCTGTTATGCCGATCCGCATAAGAAGCCGTGATACACTGCTGGATTGCACCCAGCCGGCGGACAATAAGGAGATGCGCGCGCCACTGGGCGGCGCTCCTAAGGTGTGATATGACGACAGGAAAACGAAACTCCGCATCTTATACGGATCATTCTAATTATTGTTAGCCGTACAAGAGACATAACCCATGGAAAGTTTGCTTGTTCGTATAGCCAAGGAAAGATTCACACACCCAACTAGCCAAATTGTTCATTTTGTAGAAGACAACGATGATGCAAACGACATATTAAATAATCTCGACCAGTATCCCCACGCATATGTTCTTGCTTGTCTGATGGATCGGCAGATTAAGGCAGAACGGGCTTGGGTAATTCCCTATTTAATCTACAAAGAATTGAATTCGTTTCTCCTGGACGACCTTGCAAAGATTGGGCTACCTGAACTAAAGCGCATTTTTAACGCCAACAAGCTCCATAGGTTCAACGACACTATGGCGTCAGTTTTTCATGATGCTGT
FP565575.1_gap32	1471176	1472238	1062	CGTGCGTTCCAGGAAGGCCTCCTCGATAAGGCCGTAATGCCGCTCGACGCACACCTCTCCTCGGATCCTATCGAGCAGACAGATCTCCCCGGCCTCCATCTCCAGAATCGTCACGGTCACGTCGAGGATCCGCTCGAGAATTTGATGGATCGGCAGCGAACCGGTGATGATCTGGCCGACAATGCGAAGAGCCTCCAGGTGTCTGGTGTGGTAGAGGTGCTGTCTTACCATGGTCTCTACGTCAGCATACAACTTAGTCCCCTTCACCGTCGCCCCCTCCTCCATCACGGCCCGCCTCCTTCCGGGGTATCCATTCACGGCATCTCCCCGGCCTGCACAATGATCTGCGCAACCGCCGCCAGCCTGAGGTTGCGCGCCTGGCTCTCCCGCTGCAGTTTTCGCATCGCCTCGGCCTCAGATAGTCGCAGCCGCTCCATAAGGATCCCTTTCGCCTTCTCGACCAGCTTTCGCTCCTCGAGCGCCGTCTCCAGCTCCCGCGTCCGCTGTTCCAAATACCGGACCTTCGCCTGGAGCTGGCGCACCGTCGCCTCGGAGAAGCGCTCCGGTTGGCCGCCGGGCTCGGGGGCGGGGCCGCCCTGCGCCGGCCGGTCGACGGCGACGGCCCCCGTCTCGGCCTCCGCGGTGGGCTGCAGGTACAGCCGGACGTCGCAGCCCTCGCGCGCCGCCGTGTCCCGCGGCGCGACTACCACCTTGCCGTAGCCGAAGCGCTCCGCGGCTATCCGCCGGAGGCTCTCCCACCACAGGTGGCAGAGGGGCGCCGTCTGTCCGCCCTCGTCGCGGCATATCGTACAGGTGAAGCGGATATGATCGGGCGCCACCCGGTACTGCATCGCGCCGCCCAGTTGCTGCGCCAGTCGGACGACGGCCTTGGCGTAGGTGTCCGGGGTGAGGGGTGACGGCGCGTCCTCGCACGGCGCCTCCGCCATACGCAGGAGGCGGGCGGCGGCGCGCAGGGCCTGCTGCCGTCCCTGCGAGTTGCCCCACTCGTCCAGCAGGCCCGCCGTGTGCCCGATGAAGTCGCGCAGGAGCGGGACGCGCTTC
FP565575.1_gap33	1485612	1490389	4777	TCCATGAGGAGGGGGATCTCCGATAGATGGCCGCTCAAGGTTCGATAGACGAGAAAACCGACCAGAGCAAACTTCAGGATTGACTTAATCGTCTCTATAAGCGTTCGCCCAGGCGCAAAGAGCCGCTTGAAGCCTGTAGCCGGGTTCAGCCGTTCCCACTTCAGCGATAAGGCGCTGGAATTTGTCAGGAAGCCGACCTGCGCCACACTGGAGACGTAGGCAACGACAACCAACGTGCCCATCAACGGCGCCAGCATCGTCGCCATCCGCAACGAGGCGCTGAACATCGTCTGCTGAACACGCGGCACCGTCAGCTCTCCGCCGAGACCTTGCCCGAAGTAAAAGCGCATCAACCCTACCAGATCGGCGACCAGCGAGCCGCCAAGCACGTAGAAGGTCAGGATGCCGCTGAGCATCAGCAACGCCGCGTTGAGATCTTGGCTGCGAGCGACCTGGCCCCGCCCTCTGGCCTCCTGGCGGCGCTTACTCGTCGCGGATTCGGTCCGGTCCTTGGCGTCATCTGACGGCATATGAGAGACTCCGCAGCAGCGTAAACAGTTCCAGACGAACCTGGCCGGTGCTCACCCCGATCAGGTGGGTAAGAAGCGGCAAGGAGACCAGCAGGACCAGTAAGCCGACGATGAAGGTCACAGAGAGGCCGAAGGCAAAAAAGTTCAACTGCGGCGCCACCCGCGCCAGCAACCCCATGGCAACATTCGTAATCAGTACCGCCACCATGATCGGAGAGGAGAGCCTGAGAGCCAGGACCAGGCTCTTACCGAAAAGGGCGACCAGGACCGAGGCTGCCCCCGCAGCCGCCGCTCCGGAGAACGTTCCGAGTGGAATCGATTCAAAGCTTGCCCAGACCGCCTCCAGGAAGGCGTGGTGTCCATGGAGCGTCAGAAACGTGAGAATGGTCATGAGTTCCAGAAACTGCGCCACTATCGAGGCTTGTTGCGGGAACTGCGGATCGACGACGTTCGCGATCCCCAGGCCCATCTGTACCCCGGCAAGCTCCCCCGCAAGGCTGACGCCGACGAATAACAGTCGCGCAGCCAGTCCGATCACCACTCCGACCGCCACCTCTCCCACGATACTCAGCGCCAACGAGAACGGCTCCATGCCGCGTGCGAGAAGAGCGCTCTTGCCGAGCAACGGGTAGAGACTGACGGTGAGGCTGAGCGCCAGGCCGATCTTGAAGGGAATAGGAAGATGACTGCCCGCAAAGATCGGCGCGGTCAGGAACAAGCCCCCAAGACGAAAGAGGATCAGCAGAAATAACGGTGAACTCCAGGCGGACAGCACCACCGTATCCACAGTCATGCTCCTCCCACGTTCATGGCGTTTCTTGCGTTCATCGCGTTTGTGGCGTCAAGTACCCGACGCGCTGGACGCATCGCTACCGCCCGTACAACGGCAAGTTGATGAGCAGCGACGTGGTGAACGACAGCATCGTTCTCATCATCCACGGCAAAAAGAGTATCAGCGCCACAAACACCACCACAATCTTCGGGACAAAGGCGAGCGTTTGCTCCTGGATTGAGGTTACGGCCTGAAGAATACTGATCAGCAATCCCACGATAAGACCGGCGGCAAGGATCGGAGCCGCGAGAAGCAGGATGAGCTGCAGAGCCTGCGAGCCCAGATCGATCACGACCTGTGGGTTCATACGATCCTCCGCCTCACTGGAACCCTATCACCAACGAGCGCACCACCAGATGCCACCCATCAGCGAGGACGAACAGCAACAGCTTGAATGGAAACGAGATGACCGGGGGCGGCAGAAACAGCATTCCCATCGAGATGAGTACGCTCGAGACAACCATGTCGATCACAAGAAAGGGGATGAACAGGACAAATCCGATCTGAAAGGCGGTCCGCAATTCGCTGATGGCGTAGGCCGGGACCAGCACGTGGGTCGGGACCGCTGCGCGGTCTTTCGGTCGCTCCAGCCGTGCCAAGTGGACCATAAGGGCCAGGTCCCGCTCCCGCGTCTGCTTGAACATGAACGTCCGGAGCGGCTGGAGCGCGCGCTCCAGCGCCGCCTCCTGGGCAAGTTGCCGGCTCAGGTAGGGTTGGAGAGCTTCCCGATTGATCTGCTCGCCCACCGGCGCCATAACAAAGAAAGTGAGGAACAGTGTGAGCCCGATCAAGACCTGGTTGGGCGGCATTTGCTGGGTCCCCATTGCCGTTCTCAGGAAGGACAGCACGATGATGATCCTGGAGAACGAGGTCAGCATGATCACGAGCGCAGGCGCCATGGCCAACAGCGTCAGCAGGATAACGAGCTGCACCGCTACCGTCGGCTCTGCGCTTCCTGCCCCGCCCGCGACCAATGGCAGTTGCGGAATGGGGACAAACGATGGTCCTACGGCGAGCGGAGACGCCGCGACGAATGTTCCGATCCCCATCATTCCGAGGCCCCCGTTCCCCAGAGCTTGTTCAGTCGTCTCAACCGACCCTCCAGCCCGGTCAGAGCCGCCGCACGCTCCCGCGCAAACCCAGACGGGGAGCGATTTTCAGATCCGCCAATCCCGCCGATCGTCGCGTCATCAGCTCCTGTGTCGGAGGACACCGCGGAGGTGTTCGACGGAAGCGTGTGCAGCAGCGTAATTCCGGAACCCGTCTGGCCAAGCAGCAGGATATCGGTCCCCACCTGCACAAGACACAGCGATTCCTTCGGACCCAGATACGTCCGACTCAGGATCCGGATAGTCCCGTCCCGGTTCATACCCCGCGGCCCGCGCAATCCGAACCGTTTATAGAGGTAGACCCCAAGCGCCAGCACGCCAAGCACCGTCCCGAGCGCGGTGAAGACCTGCGAGGTGACGCCGGCGCCTGGTAACGGGATCTCGGGATCGCGATAACTCGGCAAATCGAGCCGCTGAGAATCGGAGACCGGCGCCGGCTCACTCACACCAGGCTCTTGCGGTGACTCGGCGATCGCTATACACGGCATTGCCCCAACAAGCCAGAGTGTAATGGCAAGGCGCGCACACCAGAGTGGCCGGGGTGGACGGGGGTTGGCGACGCGTCGTCGATGGCAGGCGAAGCATGGACAGCGCAGCCTGCCGGCGCCGATTCGAGCCGTACATGGACGTACGGCGAGATTAAGCGGAGTCAATCGCCGTCCACCTATGACCCACAGGGCTCGTACTTCGCACCACGTACTCATCGCAGATTCTTAATCCGATCGGCCACGCTGGTGATGCTGGTCAGCCGCACCCCGAAGTTTTCGTCGATGATGATCACCTCACCCTTGGCGATCGGCTTGTCGTTCACAAGAATGTCCACCGCGTCGCCGGCCTGCTTGTCCAGCTCGACGATCGATCCTGGCCCAAGTTGGAGGATATCTCGAATTTGAAGCCGGGTCCGCCCGAGCTCCACGCTGACCTGAAGATTGACGTCGAGCAGCATATCGATACCGTTGTTTGGTCCGACCCGTTCCCCTCCGGTCAGGGGAACGAATGGCGCTTGAGCTGAGGCAGACGTTGCAGACACTGTATCCTCCTTCGCAACCAAAGTGTCGTTATGGGGCTGAGCCTTATCAGTTTCCGGCAGCAGAGACGGGGAGACGATCAGCGCCACCTCTCCGGACGCCAAGCCTTCACGTGTGAGACTGGCTACGCAGAGCAACGGGGTGGACGCCTCTTCGCGGAATACCGCAAGGCAGACCCCGGCCTCGGTTAAAGCGGTCACGGTCCCCGCTTCAACAGTGACCGGCTTCCCCAACGCTGCTCGCAGCGCCGTCCCGAGACTTCCGCCGATCTGATTCGCGGCTTCCGAGAGCGCATCAAGATAATCCGCAGACAACTCCGATCCTGGCGTAGGCTCCTCTCCCAGAATGAGTTGTGCCAAGCCGATGGCGTCGTCCGCCCTCCAGACCAAGTGCTCGGCGCCGACAAGGCCCTGACTCGCTTGCATCGCCATACCGACACATGGCCCGGGCAGGAGAGCGAGCAATGTCGAGGGCGATACCGGAACAATCCGATCGAACCTAAGCCGCACCGGGCGACCACAGAGTACCGAGAAGACCTGGGAGGAGGCCTCGAAAACAAGTTGTCCGTGCCGCTCCAATGCTGAAGACACCGTCTCAACTTCGGCTAAAGATGCTGACTGGTTGCGTCGATCAGTGGCGTGCGCCATGCGCTGACTTCTCCTCTGAGATATCGGCCACAATCTGGACAGCCCTTTTCCTGTGCGACGTACCGACCTTTACCACGTATTTCGGCACCCCCTCTACCTCGAGCACGCCGAGAGACGACGCTCCAATATCCAGGCGCACGATATCGCCCGCCTTGAGAAAACTCAGTTCATGGACGGTCAGCGGGATCGAACCGAGCAACGCCCGAACACTGAGACCGACAGCCGGCATGGCCTTGGCGATTTCAGCAGCCCCCACCTCATCCGTTTCCTCTCTGTGCCCGGCGATCCATCGTCTCAGCGACAGATTCGGAATAACAGGCTCAAGCATGGAGAACGGAAAGCAGAGACTCATCATTCCTTCAACGTCGCCTATCTTGACGTCAAAGCCGATCAGGATCACCATATCGGTGGGCGCCGCAAGCTGGAGGAAGCCCGGGTTGACCTCCAGATTCAGCAGTTCAAACTGGAAGAGGCTGACGCGGCTCCAGGCGTTCCGGAGGTCCTCGAGCGTGCGCCGAAGCAGCTTCGACACCAGTGCCCGCTCAATCTCGGTCAGTTCTCGCGCCACATCGGATATCCGTCCCGCACCCCCGAGGATCCGATCGATAATATAAGAGATGAGCCGCGGCGG
FP565575.1_gap34	1491638	1492448	810	ATCTCAGCTTTTGCGTCGTCAGCCACCTGTCGCCTCCCGCATTCCCCTCATCAACGGAGGCGCGTTGCGATCATACGTCGATAGGCCATGACCTTCTCGACCACCTGATCCACGCTCTCCACAACCATCAGTTTCTTCCCCGTGGTGAGTGAGACGATCGTATCGGGGGTTGCCTCGATGATCTCGATCAGCTCCGCATTCACCGTTACCTCAGCGCCGTTTATTCTGCTCAGCTTTACCATCATTAGTCCGAGTGTCCAATGAACTGCCCCGGGGCAAGCCGCGGGGGATGAACCCTCAGAGGATTCACGCCAACCTCAGCAGACAACTCCCATTTGAGCGCCCTCGAGCACGCGGTCCATCGATCCCACCCCTTTGGGCGTCGAGATCGCCGTTCTGCCGGATCCACGGTGAAGACTCCTGTAAAGATCCAACCACTGTCGGACATTGGTCTTCAGATGAAATCTCTCTCGTACTGTCGCATAGGCGTTGCGCGCCAATCGCTCCCGCTCCGCTCTGTCCTCTACCAGCCTCGTCAACTGTCTCAGCCACTCCTGATGGCGATTCTTTTTCACCAGGATGCCGTTCTCTCCGTCAGTGATCGTGCGAGTATACGGATAGACGGGAGAGGCCACAGTCGGTACCTTGAACATACTGTACTCGAGATATTTCAGATTGCTCTTCGCCTCATTGAAACGGTTATCACGCAGCGGCGTCAGGCCGATGTCCAGCCGGAGGGCCGCCATGGCATGGTAGTAGCTGTTGGTCGGCACGAACGGATGAACCTCGAGCCTGTCCGCGGGCACCTCT
FP565575.1_gap35	1670566	1672056	1490	CTCCCCACCCGTTTGACGACCCGGCGGTATCCGAGACCTATGAGTCCTGGTATACGGGTACCGGAGTTCACGCGGAGGAGCTTGAACGACGCTTGCTCGAGCGGCTGCTCGCCCGATATACATGTGTCCGCAGGGTCTTGGACATCGGCTGCGGCACCGGGCACTGGACCCGCTGGCTGGACAATGCAGGGCCGGCTGTGTACGGAGTGGATCTTTCACGGGCCATGCTGCGCGAAGCTCAGCGCATGGGTACGCGTCGGTGTCTGCAAGCGGACGCGCAGGCCCTGCCGTTTCCGGACAAGACCTTCGATCTGGCGATGATGGTCACGACGTTGGAATTCGTTGCGAACCCACTGCGAGCGCTGGAGGAAGCGATCAGGGTCACCCGGAAGGGGGTCATCCTCGGCGTCCTCAATCGTCTGAGCCTGCTCGCGGCACGGCGTCGGTTTTTCGGAGAAAGCCTGTGGACAACAGCACGGTGTTTTAGCGTCCGGGAACTTGAGCGCCTGGCTCGCCGGGCAGGCGGACGACGAGTTCGAGCCACGGCTTGGCGCACAACTCTCTGGCCCATCGAGGCGGTGCCGGACCTTCCGCTTCCGTGGGGCGGCTTCATCGGGATGGCCGTGTCGCTTGATGGGTCGCAGGAAGAAGAGGGCATCGCATGACAAGGATTGCGGCACAGGTCAGCCTGTATCCGCTTAGACAACCCCATCTGTCTCCGGCCATCGACCAGATGCTCCGAATGTTTGAGCAGCACGGTTTGACGGTTAAGCCCGGCGCCATGAGTACGCTGATTACCGGCAGTGAGATGGAGGTCTTTGACGGACTCAAAGAGGCGTTCCTATGGACCATGAGTCAGGGGGAGACGGTGATGGTCGTCACCCTGTCGAACGCCTGCTCAGGACTGGACACCCCTGAAGACACCGGTCCACGCGACCGATGATGTCCGGGAAGTACGTCATCGGCTATCCTATACTGAGCCATCGGGGTCTGGGAAGCGGAGCCACCCGGCAGCGAGTCGCAAACCCGCCGCGGGTGGGTTCCCGCCATCACGAGCTTTGGCTGCTGAAGAAGAGGCGACGAGATAACAAGGATGCCCGGACCGGATGGTGAGCAAGGCACACGCGGCCATCGTCCTGCTATCGCTGTTGTCGTGCGTGACAACCGGCCTGGCTGTAGCGTTGGCGCTCAGGTTGCGCGAAAACGCCACGGCAATCGCCGGCGGCATCGGATTCTCCGCAGGCATCATGATCCAGATCTCGGTGCTGGAGCTCCTACCGGAATCCGTTGGCGCGATGGGGACCGCCGCGACTGTCGGCAGTACAGGTGCGGGCGTGCTACTGGTTTGGCTCGTCCACTTCATCATCCCGCACACGCACCTCGTTGAGGAGAAGGGGATAGCGGACAAGGCGCTCATCCGGTCCGCATACCGCGTGGTTTTCGGGCTGATCCTGCACGATGTGCCGGAAGGTTTCGCCTTGGCCAATGCC
FP565575.1_gap36	1675848	1680626	4778	TAGCCTCGAAGTAGATAGGCAACTTACCGTATGCCGCTCCCGGATTGGCCTCAGTGGCTGTGTTGAAACCGGCCATGGAACCGGAAGAGACCGCAGGCGATGCCTGAGCCGGCAGGATCTGACAGTTCAGCATGGCAAGGAATCCAACCATCAGTCCGACTCGAGTTGTCGCGCGATCGATTACGTCCATGTTTCTCCTCCTGGTTGGAGTATCCAGATTCGCCCTCCAGACGAGGGCAGTTGGGCCAAGAGAAAGACCTACCGCTCTCTTACTCCATGCTCCCCGTTCTTCGGAAGAGCAATGGTTTCCCAGTTGAGGAATTCATTCTGATAGCATCCACCTCCAATGGTCAAGCGAATTCAGTGCGGCACATAGAGCCTCTCTGTGGGGTAGCATGATGTCAAGCAGCAGTAGGCGATGGGTGTCTCTCAGGCCCTGTTTAGGGCCCTATTTTTTCAGGACCTCCCGCTCGTTGACAATGCCGCACAATAGTTGTATATGTTTAAACAAGGTGTCTTTCATGAGCCGTTTGCCTCTCAAATCGATTGCGTTCGCGCTGGCGGTGGCCGTGCTCCTCCTACTGGGCGCGACCACGGGCGGCGCGTTTGCGCACGAGGTCCAGCACGCGGCCCACCACACGGCCGGTATGCATGCCACGCCCATCTGCGCGTGGATGTGCGCCACGGCCGGCGCGGTCATTACGCCAGCGATCCAACCGGCTCAGTTCACGCTTGTTCAAGACACCGTACCGCCCTTCCTCAGCCCCCTGCGCTTATCTAAGTACTTGTCGCGCCTTCAAGCGCGGGCTCCTCCCGTTCTCTCCTGATCCTGTCCCACGTAGACCGAGTCCGGCACCAGGAGCGGCCCTTCGCCCTGGGTCTCGGGTATCCGTTTCCATTCATGGGAGTGAGTAGCATCACATCCGGCAGCGGTGAACGGGAGTCAGTAGAAGCGCAGCACCCTGAGTCAGCAGATGCAGCTATCGAGCGAAGTCAATCCAAGGCGCAACAAATGTAAAAGGAACCAGTCATGACCAATAGTGTCAGATATTTAGTCATCCTCGTATGGGGATCAGCCATACTGTTCAGTACGAACCTCCACACTGTGTGGGCAGGCGGAGGCTGTGGGGGAATGGGAATGATGGGTGGCCACATGCACGAGGGCCACGAACAGAGTAAAACGGACGAAGACGCCGGCCATACGCTCACGCATCTCCTCACACATGGGCAGGAGATCGGCCTCACATCGGAGCAGATCGGTGAGCTGAAAACCATGCAGCTTAACCTGAGTCGAGCCCAAGCCAGAGCGGAGGCCGACATCAAAGTGGCAACCCTTGAATTAAACGCGATAGCTGAGGATGAGCGGGCGGACTCGGCAGCGATCCAGGCCAAGGTGGACCAACTCAAGAAGGCGGAGGGCCATCTTCAATCTATGGCGATCAGGTCGGGGCGAAGCGCGCTGGCGATATTGTCTCCTGAACAGCGCGAGAAAGACGACGCACTGCGGAGGGAGATGATGGAAAGCATGAAAGCGGGGCAGGACCAGCATAGCGGTGGAATGGGTGGAATGCGAGGCGGAGGGCGTATGGGTACGGGTCGCAGCAAGGGTGGGAAAGACGAAGGAGTCGGAAAAGCGGAGACGACTGCACACCGACATTAGGCCATTATTCAATGAGTGCGGGAAGGTCGCCTGGAGTGGCCGCGCTGGTCGAACAGAACCAGAGCTTGGACGCCACACCCAGCAAAGACCGATTAACCTTGTCAGCCGCCAGATCGTCAGCAGGTGAAACGATAGGGCTTCCTGTGGCACCCGTGTAGGACAAGACGGCACCACGACCCTCATGAGTCATTGAGAGCGGACACGAACAAGAGGAGAAGAAAGAACGATGCACAAGATTCTGATTGCCGTTGTCACCATTACATTGCTGACGGCAGGCTTTTCCTTTGCCGTAGATTATCACCAGATGCATAATGAGATGATGCAGAAGCAAGGCGGACCAACTACAGACGGCCGGACGGAACTGCGCCATATCCCGGCCCCGATGAAGATCATGCATAAAGCGATGATGCGGCAGCATCTGGATCATGTGAGCCAGATTACAGCGGCCTTGGCGGCCAATGATCTGAACAAGGCGGCAGAGATTGCTGTAACGAATCTTGGCTGGAGTCAGGAACGAGCACAGGAGTGTTCAGTATTTGAACCGGTGAAAAGCGGGTCGGATTACACAACACTCGCCGCTGCCATGCACAAGAAGGCCGACGAACTGGCCGACGCTGCAAAGTCCGGATACCGGGACAAGGCCTTCCAAGCCCTGGCGGAGCTGATTCACAACTGCAATGAGTGCCACAAGAAATTCAAGCATTAAGACAAACACACCACCCCGAGGAGAGCCGGTGACGAAATGTGTGTTCGGTCCGGTCCCCTCGAGATGCCTTGGGCAGTCTCTCTGCATCGACTCGATTCCGTTCACAACCTGTAAACTGTAGTCCAGAAAATGAGGACACAACGATGAAACTATGGACGGGAGTACTGGCGGCAGCGTTGTTGATCGTGGCTTCTGAGGCGCGGTTAGTCATGGCCCAAGAGAGGGGACGGCATATGGGCGAGATGAAGGAGTCGTGCGAAAGCCGCGACGCAGACAGCCCTCGATATGGCCATTACCCTCACCATCTGCTCAGGCATGCGAAAGAGATCGGCCTGGCAAAAGATCAGATCACACGACTCAAGACAATCAGACTCGATTTTGAGCGTGCCTGTCTTCGGGCCGGGGCCGAGATTCACGTGAGCGACCTGGAGATCGAAACGCTGATGGACGATGAGAAGGCCACCCTCGCAACGATCGAGGCAAAGGTCAAGCAACGCGCGACCGCGGCGACCGCACTCAGGATCGCAGCGATCAAGGCCAAACGGGACGCCATGGCGCTCCTCACTGCCGAACAGCGAGAGAAGGATCAAGCGATACACGAGAAAATGATGCAGCAGATGGGTGGGATGGGTGGTGGAATGATGCAGGGCGGTGGGATGGGCGGTGGGCAGATGGGTGGTGGGATGAGGGGCGGCCGGAGAGGTGGCGGTGGGATGAGGCACGGCGGCGGGATGGGTGGTGGGCAGATGGGTGGTGGCATGGGTGGCGAGATGATGCAAGGTGGCGGGATGATAGATGATGGCATGATGGAGGGCGAGCAGGACGGCTCTTCGCAGCCGGAGACAACAGAGGGAGAGCATCAGGGCCATTGAGTTCACGACAAACCGCCCGCCTCATGAAGCAATAAAGATGTTAGGAGTGTCCTGAGTCAGAAGTTCGATAAAGACGTTGACGCCCCATATGTCGTCATTCCTGCAAAAGCAGGAATCCAGAACTCTTATTATTTCCTGGATTCCGGCTCGCGCCCGCTCTCCGGGCCTGGTCGGAATGACGTCGGGAAAATATGCAACGAATTTCAAAAACAGGACAGTAGCCGATCGGGGCAATAGACATAAACAGGCGTAGCGTGAGAAAGTCCACACTCTTTTTATTTGCCGTATCGACGGAAGTGGTCGTGCTGGGCCTGCTCCTGGTCCATGCGTCACTGAGCGAGCAGGCCCGGCACGCCAGCCTCCGACAGAATGCCGAAATGGTGAGACGCCTCGGCCTGACCGATCTCGCCCTTTTTCCGGAGGCCCGATACACGAGACATCTGTCCCAGGCGGACTGGCATTCCGCGTTCCAGGACCATCCGCTCTCCCTCGAACACTTTCCTTCCGGTTCGTTGACGCTGCCGCCGAAAGACGTATGGTCAAACAATGCGCGCCTGGATTGAGAAACAACGATATCTGATCGACTTTACCCTCTCCTCGTTTCTGAGGCGAAAGGTCAAGAACGTCGGCCTGTTGATCCTGTACACGCTGATCGTCTTCATCCTCGCCTCGGTCATGTTCTTCACCTACACGATCAAAAAAGAAGCGTCGGTCATCCTTCGCGCATCCCCGGAAATCGTTGTTCAGAAGATGCTAGCGGGAAGACATGATGTATTCCCCGTCGGTTACATCGACCGCCTGAAAACCATTCGCGGGGTCGCCTCGGCGGAGGGCCGCCTCTGGGGCTATTACTTCGACCGGCATGTCGCAGCCAACTATACCTTCCTTGTCCCTTCAATGTCGGCCCTGGACGACACTGACGACACTATTGATGCCGAAGACCAGGAGTCTCTCGAATTTGACGCCTCATCCGTCGAGCCGCTCTATCAACTCGATCTGACGGCGTTGATACCGGGCACCATCATCATCGGACAAGGAATTGCACGCATTCGACATGCAAGCGTCGGCGATTCCCTCTTCTTTCTCGCGTTCGACGGCACCGTGTTGGATTTACGGATCGGCGGTTTTTTGTCCTCCAGATCGGAACTGGTGTCGTCCGATCTCATCTTGACGACCGAGGCGGACTTTCGACGGCTGTTTGGAATCCCTCACGACGCCGTAACGGACGTTACCGTATCGGTTCGAAACCCGAGAGAGATTCCAACTATTGCCGGGAAGATCGCGCGACTTCTGCCCGATGCCCGGCCCATTACTCGGGACGAAATCCTGAGAACCTACGATTCAATCTTTAATTGGCGCGGGGGAATGATGCTCGTCATCCTGGCCTCCGCCGTACTCGCGTTTGTCATCTTTGCATGGGACAAGGCCTCCGGCTTGAGCGCCGGGGAGAAACAGGAAATCGGCATTCTCAAGGCCATCGGCTGGGAAACCTCGGACATTATCGAGATGAAGTTCTGGGAAGGAGCGGTGGTGTCGCTGA
FP565575.1_gap37	1759003	1762799	3796	CAAAGGGTCCCAGTAATGTAATTCTGGCCGCCCAAGGGGCCTCCGCCCTCCTGCCGAAAAATGTCAATAAAGGGGCTGGTGGCTGGATCTTCGACTGCCGCCTCGACAGCATCGAGAAACTCGTCAGGCGCAGCCTCAGCAAGAAGTGGCATCTCATTGTTGAGGCTCGCCCATGTTAGCCAGTCCGCCTCGTGTAATAGCTTGCGCACGACAAGCCTTGCAGTTCCTTCAGCCTTGCCCTGTGAAGTGGATGACAGGGCGTTTGCTTTTGCTCCGAGTAAGGTTAACGACTCGACTACTCCTTCACGAATTAAACGCGAGTGGGCCAGCACCTTTCCATGTATAGAAGCCGCATAGCGTTCATCCTTTGGAAGGTCAAATTGCGGGTCCTTCTCCCCCAATATCCGCAACGCCATCTTTTGAAAGCGATCAAGGTCTTCGTCGGTCATCCTCGGTCCGAGCGCCGACCACGCTTCACCGCGAGAGATGACTTTCCATACTTCATTTCGCTGGATAAGGGGAGGGTCCGCGCGCAATGTCTCAGCTCTGACTTCCTCGATCCACTCCCCGTAGGCTTTTCCCAGGAGAATCTCCATCGCTTCTCTGTCCGCCGCACTGTCGCCTTTCCATTTTCCAACCATGGATGCCTGTGCCAACAGGCGTGCGTTTTCCCAAGTGGCATAGGGCGGCAGTTCGCCCAGTCCGCGAAGGAAGCGTTTCAATGCAGCCAGGCTCTGCGCTCCAGCGCTCGCCAATTCAGCAGCCCGTTCTTGGGCAAAGCCGCTATCAATTAGAGTCGTCTCGATCAGGCTACGTGAGGGGCTCATTATTGGAACGAGTTTTTCAGCGCCGTGTGACCAGGCGCCGGAAACCGAGAAGATGATGCCGTGACCTCGTGTACGCGCCGCCAGGTGTAGCTGCTCATTCGAATCAGCTAAGTCCAGTCTCGGACTTGCCACCAGGATGTGAAAGCACCGCAAATTGGAAAAGGTATGCCACGCGTCGGGGTCGGAGATGAATAAACACCGGCTGCTAAAGGCACGCCGCGTGTTCTCATCCAACGACTCCAGAAATGCGGCGACGAAATCTTCTGCATCGTTTTCACTCTCCACGGAAAGAATCAATTGCTGAGTTTCGTGACGGAAGAGGCGCTCAAGTTGCAGGCAGGCGTTTTCTCGTCCCGCGAGGAAAATCTTGGGCGGTAACGGGGGGTCGTCCTTGCCACCCAACTGCGCGAGGTGCGACCAGTGCTCAGCCGGTGTTTGGAATCCTGCGAGAGCTTTGACTAGGCCGATGCGCTGAAGCAGCCATTTCCCCATAGCTGGGAATTCGCGCAGCCACTCGCACAGTTGCACTCCATCAATGACCTTGACCTCCTTCCAGCCATCCCCCTGCCGCTTCTGAATCCAGGCAGCTTGGGATGGCTGGTCCCAGCCCCTGCTTCTTGGTGTTACAAAGACAAACGTTACGTCCGCCCGCTCCGCTACCGGCGTTTCGTCAGTTCGCTTCGTGTAGTTTTCTGTTGCCCTACCCTGAGCATCTGCGCCACGACTAATTTCCCAATAACTCGTTTGCTTGGGAACGAATTGCCGAAAGCCGCCTTCCGTTTGAACCATGCCATCAAGTCCTGGTAATCCGATTGCGTCGCCGTATGGAATTCGGCACAAGGTCAAATCTGGCACGGAAAAGTTTACGAGTTGAGCGACTAGCTCCGGTATTACCGGCTCACTGTCGCGTCGATCAGCGAAGTCTTCTAACTCGCTTGCCGTAACTAGCTTCGTATGCTCCATGGGAGACTCCTAGTTACGGGGGTGGAATCTACACTTCGCTCGGTAGTAGACGCGGTTCTCGTAAGCATCACTAACCTCCACTTTGACACCTCGCGTGCGGCCTCCAGAGAGCCTCCAGATGATCACTTCGAGCCGGTGCACTGCGCTCAACAGGTCCTGGCCCTCTTTCTTGCGTATTCCGATCAAAGTTGCCACTCATTCCGGCTTTCCACACCTCACATCCGCAAATCATCCAGGAATTCCGATGCCGGGGCGACGCTGGTGACGAGCAGATGATCCCTTGCGCGGGTGCATGCGACATAGAGAAGGTGGCGTTCGGTGTTGTACACATCTTCCAGATCCGCGTCGTCCGTCACTGTCTCGATTCGTTCCTGCAGGGGAATGACCTCATCATCACAAGCCATCACGACGACTGCTCGGAACTCGAGGCCCTTGGCGAGATGCATGGTGCTGATCGACACGTGGCCGCTGGTTGTTTCGACTTGTTCATCCAGTATCTTGAAGGTGAGCCCCGCTTCTTTGACGGCTGCAAGCGCTCGGTCCAGCTCCGCCGCAGATCGAACAAATACACCGAACTCGTGGGGTGCTACGCCGTCCTTCTTGAGGTCCATAATCCATTTGCTGACCGTAGCCTTCTCGGTTTCGAGGCTGTCACAAACCCTGATTGTCGGTGCGGGACCGTTGAACACAGAGATGGTGTTGCTCCGATCCTCCGTATTGCCGTCCGCATCGGTCACTTCTGGAGCCAGCAATCGATCTGCCTGCATGCGGATCTGGTGGGAGGTTCGGTAATTGACGTGCAGGGTCCGGGCACGCCCGCGGATATCGATGCCCAGTGCGAGCCACGAGAAGGGTTGTTGGAAGATGCGTTGACCAAGATCGCCTGCAAAGAACAGGCTGTTCGGTCGATCCGCCCCGAGCGCAGCAATGAACCGCAAATGAGCCACGCTCATGTCTTGGGCCTCGTCCACGACGGCAAAGTCGAAGGGCGGATGTTTACTTTCGGCTACAACAGCGGCCAGTCTGCTGAACATGCCCGAGCCTGTGATCAGGTTCCCTGCCGCCAGGCGCGCACGGACATGATCGAAAATAGACCAGAGCACAACGCGCTGCTTCTCCGGTAGCCGCGTCTTTCTGCCCAGCCGCCTGACATCGCGATACGCCTCCCATGTTTCCAACTGCCACGCATCGACGACTTGCTTCCACTCCGTCAGCAAGAAGGGCAGGCTAAATTTATGGCCGGTAACTTCTGCGGCTGCCTCCTTCAGGAGTTCCAGCACTGTGACCTGCGACACGATCTGCGATTGGCCGAGGTGAGGTTTGAAGAGCCGATGGCCAATGGCATCGATGGAATGCACCTCCAGACGTTCGGCCAAACGCGGTTCGTTGCTGACCAGCCGCCTGAGTTGTATTCGGAGAGCATTCGCCAGGATGTCTGAAAAGGTGGTGAGCAACACTCTGGCATCGGGGTTGGCGCGGGTCAGAAAGACGGCCCGATGCAAGGCGACGATGGTCTTTCCTGTACCCGCCGAGCCGGAGACCCGCGCGGGGCCGTTGTAGTCGCGCTCGACCCATTGGCGTTGTGCCGGATGGAGAAAGACCGTCCATTTGTCCCAGGGATAGTCGAGGGCCCGCTGCAACTCCTCGATGTTGTTCATGACCCGGAATCGACGCTGAGCATCCGGGTGAGCAAACGGATCGGTTCCGGTGGGGACGGGCTTGGCGACGTCCGGCTTCCCGCCGGTGGCGAGTTCCAGCAGCGCTTCAGCCGCTTCACTCGGTAAATGATCCGCCAATGCCAGCAAGGTGTCCTCCGTGGCTTGTCGAACATCATTCAGCCACCCCAGTGGCACACCGTAGTTCAGCAGGCAATCGTCGGACACCTCAGCGAATAGGCGCGGTTTAGGTGGAGCCGGCTGTTGAGTCTCGACGTATGCAGGGATAATGATTTCCTGGACCGTCTCCCGCACCTCAACCAACTGAGCAGCCCCGGTCTTTGGGTGTGT
FP565575.1_gap38	1810919	1813793	2874	CGAGTTTCTTCATCATCGCTTGAAATCACCTCCTTCCTCGTTTTGATATCACATCACCAGAAGAATTTAACTGTCACATTTTGCAGGAGCGGTGCCAAGGTTCGAATTCTTTCACAAATTATTCTCCTCAATAAATCTCACAAGTTACGAACCATACCTACCAGAGTCTGGCGATGAAGGAAGGGACTTATCCTTCTGTTCACCCGTTTTGGGACGTGGTCTATCCCAATTGGGTTAGCCACGATTGAGGAGATTCAGCGGGAAAAGAGGTGACGAACCCAGCGCCAAGGAACAAATGCACCTCGGGGGCAGGTTGCTCTTGGTTCCGTCCCCTGGATAAAAACCTCGTCTACGCCGCCTGAACAGTCGGAGGTCAGGCGGACGCCGGACGCAGGATCGATCTTGGCTGTGACGATCCCTGGCGGAGGCTCAAAGCTTCGAGACGGATGGCCGACAGACGTGTGCTCAATAAACTGCGTCCAGATCGGCAGCGCGGCCTGAGCTCCTGTCAACTGAAGCGGGGCCCCGGAATCGATACCGACCCACACGCCGGCAATCAGGTCCGGCGTGTAGCCGACAAACCAGGCATCCCGCAGGTCGTTGCTGGTTCCGGTCTTACCCGCAGCTTCCCTAGTCAGCCCGAGGCCATAAGCCGAGGCAGCAGTGCCCCGTTCAATGGCGCCTCGCAGCATCGACGTTACCAGGAAGGCGGCCTGCGGAGAAGCCGCTCGCCGCACCTCGCGCCTCTCTTCGAACAGGAGATGCCCCTGACCATCCTCCACTCTCCTGATCGTATGGGGTCTCAGCCACTCTCCACCCCTGGCGAGCGTGCCATACGCTGCGGTAATCTCCAACACGCTGACCTCAGACGCACCCAATAGCGTCGCCGGGCTTGGTCGAAGCGGGCTTTCGATGCCTGACGCTCTGGCCTGCTCAATCACGCGACTCAACCCGACTTGCTCGCCAATTGTGATAGTGGCAGCATTGAGGGACCGCTCAAGCGCCTCGCGCAGCCGAACCTTGCCGTAGTAGATGCCGTTGAAGTTCCTCGGCCTCCATCGTCCGTTCCCCGCATCCGGCGCAAGCGGACGATCTTCCACAATGGCTGCAGGCGTAAGCGCTTCGCGCCCATCGACGCGTCCGGCTTCAAAAGCCGCCAGATAGATGAATGGCTTGAAGAGCGAGCCGGGCTGTCGTTTGGCCTGGACGGCGCGGTTAAACTGGCTGCGTTGATAGTCCCTCCCGCCCACCATCGCCTTGATGGCTCCCGCTTTCACATCCACCGCCACCAGTGCGCCCTCTACAGTAATCCCTGGCGTCCTCTTTCGCCGTCCGTCAAGCTTCGATAGCCCTTGTACAACGGCCCGATAAGCCGCCTGTTGCGTTGCCACATCAAGGGTAGTAAAGACCTTCAGTGCCCCGCCATTCGAGGCGCCTGCAAGTTTAGCCTCAAGCTCTTTCCGAACGAAATCTAGAAAATGCGTCGCTCCCACAGTCGAATCCCGCACGACCCGAACCCGTTCCTTCAGGGCGCGGCGATAGTCTGCATCGCTCAATCTCCGCTCCTCCCACATGCGGCGAAGGACTAGATCCCGGCGCTGGCAAGCACGTCGCAGCGACACGAGGGGTGAGGTCGTGTTAGGCGACCGGATCAGACCGACCAACAAAGCCACCTCATCCGGGCGGAGCGCGCCGGGCTCTTTGCCCAGGTAATGGCGCGAGGCGGCCGTCATCCCGCGCACCTCGTAGGTCCCGCGTTGACCGAGATAAACATCGTTGAGATACCGCTCCAAAATCTCCGGCTTCGACAGGATGATTTCCATGCCAAGGGCGAGGGCAGCTTCTTTGATCTTTCGTGAGAACGTGCGTTCACGGGTGAGATACCGCGACCGGGCAAGTTGTTGGGTCAAGGTGCTCCCACCCTGGACGATGGACTCATGCTGTGCGTTTGCCCATGCGGCCCTCATGACCGCGCGCAAATCTACTCCATGATGTTCATAGAAGCGGCGATCTTCCATGAGCAGGACCGCATCGATCAAAAGAGGGGGGTAGGCGCTCAAGGGACGCTCTTCGCGCAATTCGTAAGCCGATCCATTGAACACCGCCATCGGCGTGTGAGCGCCGGCGGCATAGATCAACAGCGTAGGGCTGAATACCCGGCCGGCCAGAACATGCCAGACCGCCCAGGCGACCGCGACTCCTGCGAACAGAACCAGGAAGATCCTCGGACGAATTGCCGCCCGCCAGAGAGGTAATGCCTGTCCACTCATAGTCTTTGTAATCGATTCTCGCTATCATCTTGAGTCGTCCGAACCGCGCTCACAATACGACAGTAAAAAGCAACTATCGTGCCATGCCGGACACCACATGACGATGCCTCGGAAAGCGGCGGTATAACCGCATAATTGACTCTGTTACGCTCAGACCGGCTCGATCTCTAAGAGGTGAGAATTGCACATCAGGAAGGTAAGTTTTGCTTCTTATTCAACAGGGACACTCGGTAAGGGTCGCCTGTGTGTGCGGTGTGTGTGCGGGTAGATGTGGCAGGGCCCGGAATGAATGGTGCGGAATGCCCGGAGATCCGCCGAGCCTCCGTTGGGAAGGCACACGAGAATCGTTCTGCGAAGGCTGAGAGTCTCGCGCTAACAGAAGACTCCGGGATGGCCGGTTACGATCCTCACGTACACATCGGAACGATCCTTCACTCTGATCAAATCAGGCACAAAAGGCGGAGTAGGCCCCGCCTGCTTGATGTCAATGGCGCAAAGGGTTGAGCGTACGATTACTTCTCGATGGCTTTCTGTCTCCGCTGCAGATAGGCGTTCCGCACCGCGCTGTACAAGTCAATGGTCGATTCCTCAACGCTCTCGTACA
FP565575.1_gap39	1832352	1836174	3822	GTGATAACCGGCTACGGTAAGATCTCCTCTGTCATGGGCAATATCTCAGAACTCCGGGAGGTCCTGACCAATCTGATCTTGAACGCCGTCGAGGCGATGCCGTACGGCGGCACGCTCGGCTTAAAGACTGAAGAGATCGATGGGTGGATCTGCGCCAGCGTATCCGATACGGGAATCGGGATGACCGACGATGTGAAGTCGAAGGTGTTCGATCCGTTCTTTACCACGAAGGGGGTCAAGGGGACCGGACTGGGACTCAATGTGTCGTATGGAATCATCAGAGGACATCATGGCGAGATCGCTGTGCAGAGCCGACCCGGGCAGGGTACGACCGTATCGATCAGGCTGCCGATTTCCTCCGAACTCCGATCGATTCCACAGCCCACACCGTCGCCATCCGTCAAAGCGGGACACATCCTGGTCATCGACGATGACGACTTGGTCCGCGAACTCCTCTCCGAACTCCTCCGTGCGGCCGGCCATACCGTTGTTCAAGCAGGGGGCGGCCTGGAAGGGATTCGTCTTTTCCAGCAAGGGAGCTTCCATCTTGTCCTGACCGACCTTGGTATGCCGGAGTGCTCAGGTTGGGAGGTGGCTTCGACCATCAAGAAGATCGCTCCTCGCACCCCTATTGTGCTTATCACCGGGTGGGCACTTACGCTCGATCGGACGAAGCTCAGGGAGGCCGGGATTGATCTGGTCTTGAATAAGCCGTTCCAAATCGTTGACGTCATGGCGCTCGTCGCGGAGGGGCTAGAGCTTCGCGAAAAGATCTAGCAGAGTGTGAGGGCCGCACACACTCTGCTAGATCTGTACCGCGTTGTGTCAATTGGCCCGCTTGGCAAGCCATTCGGAGATGATCGGCCAGATCTCCCGTTGAGCTCGACGACTCGTCATGATCCGCGCATGGCTGTAATCCTCTCCGTACCCTTCGGATTTGGCGCAGAACATCATCTGCTTATCCTGACCGCCTAACGCATTGTAAAGTCGGCGACATCCCTCATACGGAGCAATGAACCGGTCGCCTCCTCCGGCAACACAAAGCGCGGGAACAGTGACCTGTCCGAGACCATCGAGGTAGTCGAAACCGTCGTGTCCGGTCCACCGACCGTTCCAATTCCAGCGAAACCACTGATTCATCACGCCGCGAAATTCATTTTCCGGCCCCAACTTGAACAATGGTCCCGGCGCATATCCGAGCAGATTGTTACCTACAGCGCTCAGGGCGATCTTTGCCCAGCCTGACCAGGTCATCCCCGCATCCGTTGCCTGGCTGGCCAGCGTGACGATACCCTTGACCCGCATGAGCGCTTCAGGATGTCGCGCCAGGTGCATAAGAAGCACGAGGCCGCCGCCGCTGTGTCCGACCCAGAAGAGCGGTTTGTTCTGAGTGTTGTGCCGCACCGCGCCAAGCGCCGCCGGGACATCCAGTTCGCTGAATCGCTCGAAGTCCGGGTGAGTAGGCCCTACCTCGCTTCGACCGTGGCCCCTGAGCTCCAGGACCCAGCAGTCAAAGCCGTTTTCGGCAAGGTATGTAGCGAGTCTTTTACAGGTCTGAGCGTTTGAAAATGTTCCGTGAGAGAGAACGACGGGAGAGTCGTGCCAGACATCGCCGCATACCCTCAGCAGTGAGAGTTCAACACGATCGCTGGTCAGCTCTCGATACCATGTGAGTGTGGTTGATTCACGTTGCCGTCGGATCGGAGGTCTGAGATCAGAGACGACGCCTTCGGATCGACTTCCCACTTCCACGCTGAGGCGAGCTTCTTCTGTATCCCGTTCTTGCCGGATCACTGTACCTGTGGGCGGTTGCGACGCCAGTAGGAACGCAACTTCCTGGACGGACGGCGCCGGACTTTTCTCCTTCCTCATCTCCTCTGTCCGCTCGTACGCGAGCAAGCCCTGGATCAATGGGGTATAGAACACCCCGTCGCCCACCAGCGTCACCTTATTGCGATCGACCTCAGCCCATCCTTTCTCGACGAGCGCCTGCCAGATATCGGCGTACTCCTCCAGGAGGTTGACCCTGAAAAGCTCATTGTATAGAGCGACATCGACGCTCATGCTCTGGAGCATCTGGAAAAGGGTGGCAATCCCCAGATCCTTATGTGTGTAGTGGAATCCTCTTTCAGTCGGGAATCGACTTTCGTCAAGACGGCCAAAGTACTCTCCCGCTTTGGTGGAGTTCATATAGATCCATCCCGGCATTTCCGGGGTCCCTGGAAAATAAGTGACGCCGGCGAACCCCCAGCCCCACATATCGTACCCGACAATTCCGTGATCTGCGTCGCGGGCAAACGCCTGCCGCATATTTTCCTCGAACCGATACTCGCCTGAAAGTCCAGGGGTCGTTTTCTCCCAGTCGTAGGCGGTCACCTGTCGGTACCCACGGCTTTCCAGAAACTGTTTGGAGACGCGGTACATCTCAAGATTCTGCTCAGTCGAAGGAAGTTCGTCCCGCCTATGGCGTGCGAAATCGGTCCGGCCGGCGACATTCAGCTCGTAGTGCGTAATATGACCGATGCCTGTTCCGACGATCGCCTCCAGGTCCTTCAGCATCAATTCAGTCGTCTGTTGCGGCCACCCGAAGATCAGATCGACGCTGCTCCGGAGCCCGAGTTCCTCGCACCACTGGAGCGTCTGAAACGCGTGTCTGGCCTTCTGCTTCCGTCCGCTCAGCTTGATCATCTCGTCATCAAGCTGCTGTACGCCCATGCTGATCCGGTTGATCCCGGCTGCTTTCATCGCAGCAAGTTTCTCTCTGGTAAAAAGCTGGGGAATCCCTTCTAGTGTGATTTCGATGCCGGGAGGAATCGTAGGGAAGACGTCTCGTACGATCCGCATGAGCCTGTGGTAATCGTCCGGCCTGTAGAGGTTCGAGGTGCCTCCCCCAAAATAGATGCCGGCGAGCTGTTCGTCCTCAAGAAAATGTTGATACCGTCGCCCTTCCGACTCCAGATACTTCAGATAGCTGTCGAGTTGGGTTTGCCCCTGATACACTTCACTGGGAAACAGGCAGTAGCCGCACCGTTCAGGATTGGTGGGAAGGCAGTAGGGTGTACCGATATACACGTTGAGCCGCTTTGGTATCGCCGCATTTGCCATCCTCCGCTCGACCATGACCTCCTTTATCGGCACATCCCGCTCCAGCCAAAAGAGCGGGGAAGGATGAGCGTGCAGGACCCTGTTGCTCTGTCGCCGCGTCCGCTGCTTCTCGATGTAGTCATATGCCCCGTTGACGTGATGACCGTAAGTTGCCTGACCGCTTACGCTGCTCATGGTACCTCCTCCTTCTGCATAGCCCGCCCTCCGATCTGGAGGAACGGGGATGGCTGGTCGGACCCGGTCCAGGCTCTGAACAGAGCCTTCCAGCGTTGATCGAGTGAAGTGACATTTTTTCTTAGTCTTAGAATGGTGTCATAAGGTCGCTATGAGTGAGCGCCTCAGTGATACGAATAACCTATTTAACTGGATACAATGCGCGAGACAGCAGTTGTTATTGAGGATAAAGCAGGTGGGTATATGCAAGAGCGGTGCTACGTATGGTCGAGCAAAGTACATTAATATCTAATTGATGCAGATGTATCAGATAAAGACATGATCGGACCAGAGTAACCTATACGATCGAAGCGTACAGGGCGACTCAGGCACGGCGGATCGGATTGAATTGGAGGATTGGGATATGAAAAAACGAGGGGAGCGGGGAGAGGCTTAACCTGGGAGGAACTCCGGACGGATTCGCGTGGTGATCACACCCTGTTCCCAGGCCATATTAAGAAGACGTTCAAGGCCCTGTCGGCTTTCCTGATTCCAGGCGCGAGT
FP565575.1_gap40	1837660	1840254	2594	CGGGACCATGGCGACGGCGTCAATTGAACTGCCCGTAAAAAGTCGGCCCGAGGCCGACGAAAGGAGTTTCGAGAGCATGGGGACACGAGTGTATGTGGGCAATCTCCCGTTTGATACGGATGAAGCTGCGCTCCGCACCCTCTTCGAAGAGGGTGGACGTCGGGTCGCTGATGTGAAGATCATTACCGACCGGGATACCGGACGAGCCCGTGGCTTTGCCTTCGTTGAGATGGAGAATCAAAGCGACGCCCAGGCTGCTATCCAGGCATTGAACGGACGACAGGTCGGGGGTCGCGCCCTGACAGTCAATGAGGCGAAAGAGCAGGCCCCTCGCCGGGGAGGCGGAGGCGGAGGCGGATTTCGCAGTGGTGGTGGTGGTGGCGGTGGTGGTGGCCGCAGGCCCCGCGGCTATTAGTTAGATAGGCAGCGCGCAATCTTCAAAGAGCAGGCCCGGGTGGATCAGGCCTGCTCGGTTTTTTCAGCACAGCTTGACTCTGATCGTCATTGGCTCGGTCCGCCTCCGAGAGGCCGATCGACCGAAGGTGACGACGACATGGCTGTATAGATTTCAAGGAAGGTCGAGAGCGTCACAAGCAACACGGGCCCCAGGATAAACCCGAGAATCCCGAATACCTGGAGGCCACCAAGCATCCCGAAAAACAGGAAAAGCGTCGGCAGATTGGTCCCGCCCGAGATGAGAGCCGGCTTCAGCACATTGTCGGCCGTGCTCACAACCACCGTTGACCAGGCGAGCAACAAGAGTCCGCGAATCCAGCCTCCCTCGAGAAACAGATAGAAAGCCGCCGGAATCCAGATCACCGCCGATCCGCCAACCGGCAGCAGCGAGAAGAGGGCGGTGGCCAGCCCGAGAAAGACCGGGTACGGGACACCAACGGCCCAGTACCCTACTCCTCCCAGGATGCCTTGCGCCAAAGCCGTGACGATGGTACCGCGCACGACGGCCGATACGGCCTCGTAGAGGCGGGAAAAAAGCGCCTCGGCATGCTTTCGCTCAAGCGGTAAAATCCTTTGGAGGCTGTAAACGATCGCCTCACCATCTCTAAGCAGAAAGAAAAAAGTAAAGACCGCGAGAAAGAGATTGACCGTGAAGCTCAACAGGTTGATGGCGATCCCCTTCAGATTGTCGACAATGAAGCTGCTGACCGCCCCCAGTCCGCCCAGCAACAGCGCGTTCAGATCGAAGCCCAGACGCGTGAAGGGCAGACTCACGCGATCCCACAGGACCCGGCCGGCCATAACCGCCGGATGGGACGCGATCCCCGCCAGTCCCTCCTGCTGATAGACGCGTTCCGCCGCCTGATAGAAGCTTACCGCTTCTTGCGTCAGCACCCATCCACTGAGAATGGCCGGGATCATCACGGCAGCAATGACCGCAATCGTCAGTAAGAGGGCTGCGAGCCCGGACTTGCCACCAAGCCGGTGTAACAGGCGGCGGTAGACCGGTTGAAAGACAACGACCAAAATAACTGCCCAGAAAATCGGGGACGCAAAGGGAACGATAATCAGGTAGGTCAGATAGAGGAACAGGAGCAGAGATCCATAGAAGAACACTATGGAGACGCCGGTTCCGTTCCCGCTCCATCGCGCACGCATCCCCTCATCTTTCTTATCAGCCATTGTCTCCACCCTCTGAGTCTGTTCGGCTCAATCGAAGAGTTCCGGATCTGCATTGTCGTTCCGGATACAGGCGCATACCATCTGCGCGGTATTCCTCGCCATGCCGATTCGGCCGTATCGATCCAGCAGGATGATGCCGGCCTCGGCGCCGATCCTGGCCGTCAGCTCACCGACAGCGAGCCTGGCTGCCGCCATCGGATCTTCGCCGTTCTGAAGAAATTCGAGGGCCGTCTTTGCAAGCACCAGCTTGATGATCGCCTCCCCATCGCCGGTGCAACTGACCGCGCCAAGCCGATCGTCGGCGTAGGTCCCGCAGCCGATCAGCGCAGAGTCGCCCACGCGGCCGGGCGCCTTGAGCGGCAATCCGCCCGTCGAAGTGGCTGCGGCCAGATGTCCAGTTCGGTCGAGGGCGACAGCACCGACCGTGCCGACACCCTCGGCGTTATCCTCTCGCATGGTCGTCCATCCGGCGCGCTGGCGCTCCGTGATCAGCGCGTCGACCTCGCACTCCGCAATCCCGACCGTGGCGGCGAACTGTCCGGCGCCATCCCCCACAAGCAGAACCGGCCCGCCCGCCTCCATCACGGCTCTCGCGAGCATCACCGGATTGGCGATTCGCTTCACGGCGCCAATGGCTCCGGCTGCCAGGTTTCGGCCATCCATAATCGAGGCGTCAAGCTCGATCTCTCCATCACGATTCAGGCAGGCGCCTCGGCCGGCGTTAAAAGCCGGATCATCCTCCAGCATCTTGACGGCCTGCTCGACGGCCTCCACCGCAGAGACTCCGGCTGTGAGCAGTTGCCATCCATGTGTAACGGCTGCCCGAATACCCGCACGCCGTGCCTCAATCAGGTCGGGCGCTACCTTGCCTGCTCCACCATGAACGACAATCACAGGACCGAACGATCTAGCGGTGATCAATCCCACCTCTTCACTGTTCTTGTTTGGCTCGGAAC
FP565575.1_gap41	1843997	1846333	2336	CTCGATCCGAGCCCGCTTCATGCCGTTGGGGACCGAGTAGAGACTGGCGTAAAAGTCGAGGTTCTCCCGGACCGTCAGATCCTCGTACAGGCTGAACCGTTGGGACATATAGCCGATCTTTTCCTTGATCCGCTCCGGCTCCGTCGCAATATCGTAACCCAACACATTCCCTGATCCCTCGGTCGGGTCCAGCAGCCCGCACAGCATCCGAATGGTCGTAGACTTCCCAGCCCCGTTGGGACCGAGGAATCCGTAGATCTCGCCCCGCTTAATCCGCAAGTCCACATGGTCCACGGCAACGATCTTGCCGAATCGCCGTGTCAGTCCTTCGGTAAGGACGGCGTAACTGTCCGGGTCAGACTCAGCCATTGAGACGACTCCAATCGGCGGACGGCAAACGGCCGGTTCGCTGCGATCCTTCGCCTCCTGTCTTGATCTCGGCATCGGCCGGCATCCCCGACTTCAGCAAGCGCTCGTGATTATTCAGGCGGATCTTGACCCCAAAGACCAGGTTCACACGCTCCTTCTTGGTCTGAACTGTGCGAGGGGTAAATTCGGCCTTCGAGCTGATCTCGACCACCTTCCCCTCGAAGCGCCGATTCGGGAATGAATCGACAGCGACTGACGCCTCCTGGCCGATACTCACCAGCCCGATCTCCGACTCCGGGATGTAGACACGCAGCCACAGATCATCGGGATCGATGAGGATCACAATGGGAAACCCGGGATTAACAACCTCTCCCTGCTCGGCTCGCTTGGTCAGGACGATGGCCGTAAGTGGCGCAAGGATGGTGCTATCGCGAAGTCGGACCTGGGCCATTCCGAGCGTCGCCTTTGCCCGATCACGTTCATGACGAGCTGCCTCGATCGTCTCCGGTCGAGGACCCACTCGGACCAATTCGTACCGTTCGCGGGTTGCCCTAACCTGGCTTGACGCTACCTCGACCTTGTTCTTGGCCTGGTCTCGCTCTTGCGCTGAGATGGCCCCCTCTTTGAAGAGGTTATCGAATCGGTCCCACTCATCCTTGGCCAGCTTCAGGTTATCCTCCGCCTGCTGCAGGTTGGCGCGCGCCTCTTCGATCTCTTGAAGGCGCGAGCCTGCGAGCAGCTCTTTGAGCTGCGCCCCGGCCATGGCCAGCGCCGCCTGCGCTTGCGTCACTTCTGCCTCGATCTCAGAGGTGTCGAGACGAGCGATGACCTGATTGGCCTGGACTTGGTCGCCCTCCTTCACCAGGAGCTGGGCGAGACGACCCGGCAGCTTCGAGCTGACCTCGACCTCGGTAGCCTCGATCGTCCCATTCGCCACAAGGACGTCGCCGCCCCCCTTTTCGCGGACCAGCCCCCAGCCGACGAAGAGTGCAGCACCGGCCAATGCCAGCGCAACAAGCAACGCTATCTTTCGTTTCTGATCCGCCACTTACCCTCTTGTCGGCCTATGACAATATTTACTTCTTTGATTCTATTCCTCGACTAACCAGTTCCTTGAATGCAACTTCGTCGAGGGTGGGGACGCCGAGGCGCTTGGCGTCGTCGAACTTGCTGCCGGGGTCTTTGCCGACGACAACAAAGTCAGTCTTCTTACTTACCGTTGAAGTTACGCGGCCACCAACTCGGACGATCAGCTCTTTGGCTTCGTCGCGAGTCAGCCCTTCGAGTCCGCCCGTCAAGACGAAGGTTTTGCCCGCCAGGGGGCGAGGCTCCGCCGTGACCCCCGCCTCCTTCATGCTGACACCCACTTCACGCAACTGTTCGATCTGGCGGCGGTTCTCCGGCTGACGAAAATAGAGCGCCACACTCTGGGCGATGCGGGGACCGATACCAAAAATCTCGGCCAGCTCCTCCTCCGGCGCCTGCTCCAGCCGATCCATCGAGCCGTAATGCCGGGCCAGGATTGTGGCGACGTGCTCGCCCACATAGCGGATTCCCAGCGCGAATAACAGGCGACTCAGTCCGCGTCCCTTGCTGCCCTGGATTGCGTTATGCAGATTCGTCGCCGACTTCTGTGCCAGTCGTTCAAGCTCGGCGAGGGTGGCCACATCAAGTCGGTACAGGTCGGCGAGCTCCCTGACCAGTTTCCGATCGACAAGCTGCTCCACTACCGCCTCGCCCAGATGTTCGATGTCCATCGCCCTTCTCGCGCCGAAGTGCAGCAGCGACTCTTTCAGCCGGGCTAAGCAGGCAGAGTTGGTGCAGCGGCTGACTACCTCGCCCTCGGGTCGGAAGGCCTGGGCGTTACAGACCGGGCATTGGCCGGGAAAGCAAAATGGTGTGCTGTCAGGGGGCCGCTTTTCTTGAATCACCCGCAAAATGTGCGGGATCACATCACCGGCTCGTTC
FP565575.1_gap42	1854693	1857976	3283	GAGATCTGGAACAACGGGGTGCGGGGTACGGGGTACGAAGTTCCGAGGTCAGCGAGACAGATCAGATGCGGGTCCGGGACCGCCTTCGTGTTGCGAATTGGGAACGGCTTTTTTACCTCGCCGATGCGCTTCGCATGGGAATGACGGTACAGGAGATCCATACGCTGACAGCCATTGATCCCTGGTTCATTGAGAATATCAAGGAGATCGTAGAGTTTGAGAATCGATTGATCGGTCTCGACGGACGCCGGGACGGTTCGCCGTTGCTTCGTCTTCTGACGGCGCCTATCATACAGCAGGCCAAGGCCTTGGGTTTTTCCGACCGCCGGCTCGCCGATCTTGTCGGCTCACAGGAGCTCACCATCCGGGATGCCAGGAAACGGATGGGAATTGAGGCTACCTTCAAGATGGTGGATACCTGCGGCGCCGAGTTCGCAGCCCATACGCCGTACCTGTATTCGACGTACGAGCAGGAGTGTGAGGCCAACCCGACCAATCGCAAAAAGATCATGATCCTGGGTTCCGGCCCGAATCGGATCGGCCAGGGAATCGAATTCGACTACTGCTGCGTTCACGCGGCTCTGGCCCTGAAGGAGATCGGCTGCGAGACGATCATGGTCAACTGTAATCCCGAGACAGTCTCGACCGATTACGACACCTCCGATCGCCTGTACTTCGAACCGCTCTGCCTGGAAGATGTCCTGAACATCGCAGAGCGGGAGCGGCCGGATGGAGTCATCGTCCAGTTCGGCGGACAGACGCCGCTGAAACTGGCCATCCCGCTTGAGCGGGCCGGCGTCAAGATCCTGGGAACTCCGCCCGATGCCATCGACCGGGCTGAGGACCGTGAACGGTTCAAGCAGGTGCTGCAGCGCCTTGACCTGAATCAGCCGCCGAATGGGACCGCCGTCTCAGTGAGTGAGGCGCTTCGGATTGCACGACAGATCGGCTACCCGGTCCTGGTGCGACCGTCATATGTCCTTGGTGGTCGGGCGATGGAGATCGTGTATAACGAGTCGAGTCTCCAGGAGTATATGGCTCGGGCCGTCCAGGCCTCGTTGGACCATCCCGTGCTGGTGGATAAATTCCTGGAAGACGCCATCGAGATGGATGTAGATGCCCTGTGCGACGGCCGGGAGGTCGTGATCGGGGGAATCATGGAGCATATCGAGGCGGCGGGAGTCCACTCCGGCGACTCGGCCTGCTCCTTGCCGCCCCGGTCGGTGCCACAGTCGCTGCTCGATCAGATTCGGGCGCAGACCAAGGCAATGGCACTGGAGCTTGGGGTGATCGGTCTGATCAACATCCAGTTCGCCATCAAAGATGGTATCGTCTACGTCCTGGAGGTGAATCCCCGCGCCTCGCGCACCGTCCCATTCGTCAGCAAGGCGGTCGGCGTCCCCCTGGCCAAGCTGGCGGCAAAGGTCATGGCCGGGATGAGCCTCAAGGAGCTGGACTTTACCGAAGAGCCGCGGCTTCGCCATGTAGCGGTCAAAGAGGCAGTCCTGCCTTTTGTCAAGTTTCCCGGGGTTGATGCGGTGCTAGGGCCGGAGATGAAATCGACCGGAGAGGTGATGGGGATCGATCGCGAGTTCGGGCTGGCCTTTGCCAAATCGCAGGTGGGTGCAAGCGGCGCCCTCCCCTTGGAGGGAACGGCCTTCCTAAGCGTACGAGGGAACGACAAACCGCATATCGTGCTCTTGGCGCGACGGCTTGCAGAGATGGGCTTTCAACTCGTAGCGACGGCCGGGACCGCAGCCGTGCTGAAAGACGGAGGGGTAGTCGTGGAGCCGGTGGCCAAGGTCATTGACGGCGTACGCCCACATATCGTGGACAAGATGAAGAATGGAGAGATCGGCCTGGTCATCAACACCCCGGAGGGCCACCATGCGCGTCTCGACTCCTACTCCATCCGGCGGACAGCCGTGACGATGAGCATCCCCTACTTTACCACGATGGCCGCAGCGTGCGCGGCGGTCGAAGCGATTCAGGCGATGCGACACGGGAAGCTAAGGGTCCAGGCGCTCCAGGAGTATCATCAGGTCCAGGGTGAAGGGTAGAGGGTGTAGGGTATAGGGAATGGTGGTGGCGTCTGAATGTCATGTTGAGGTTGTCGCCAACAAGCAGATCGCACCAGGATACTTTTCGATGCGTCTGGCCGGCCCGGCATGCCTGACACGATTTCGTCCCGGGCAGTTTCTCATGCTCGGATGGACCGACGGACAGGATCCGCTGTTGCCTCGGGCCATGAGTATTAGACGCGTGAGAGAGGTTCAAGGTTCAAAGTTCAAGGTTCAAGTTGTAGAGCCCCAAACCCGAAACCCCAAACCCGAAACCTGGATTGCTGAGGTGGAGATCCTCTACAAAGTGTGCGGCAAAGGCACAACGCTTCTGGCCGCAACACGTCCTGGAAGATCTTTGCGATTGCTCGGTCCGCTCGGAAATGGCTTTGAGGTTCCCAGAAAAGTGACGAGCGCCGTCCTAATTGCCGGCGGAATCGGCGCGCCCCCCATCGCTGCGCTTGCCCAAGCGTTGGCCGCGCGTCGCGCAGCGCGCGGAACAAAGATGGCCGTTTTTCTCGGTGGGCGCTCCAAGACTGACCTCCTGTGCGTGCCCGACTTTCGGCAAGCGGGCGCTACGGTCTACGTGGCCACAGAAGACGGCAGCGCAGGCCATAAGGGACTGATAACCGAACCGCTTGAGGAGTTCCTGAGTACCTCGCACTTTGCACCAAACCCCAAATCCCCCTGTTCCCCCCTTTTGAAAAGGGGGGCTGGGGGGATTTATGCCTGCGGCCCGCACCCTATGCTGTCGGCTATTGCGCCGATTGCCGAAAGATACAACCTGCCATACCAAGCCTCCATGGAGGCGAACATGGCTTGCGGGTTCGGCGCCTGCATGGGCTGCGTCGTACCGGTGAAAGAAGACGACCGAGGGCGAGCCTACCGGCTTGTCTGTAAGGATGGGCCTGTCTTCGACGGCCACGAAGTCCTCTGGTCTAACTCGTCTATTCCGTCTGTTCGGTCAACAGACCAAACAGACCAGATAGACCGAACATGACATTGTCGCTTCCCACCTCCATGCGCGGGACCTCGCGCATCGATCCTCATTTTCTCATCGAGGAAGTCCCGAATCCGCCGGCTCTCACAGATCTGTTTGGTCTGGTCGCCGCCGAGCCCGGTTTCAGCCTATTGGACGCTGATCCCTGGGCTGTGAATCACTGGCGGTCTCCATGCTTCGGTTACGATCCTTTCCTTACCTTCTCGGCAAAAGGAGATGAGAT
FP565575.1_gap43	1860929	1862564	1635	CGCCGAGCAGTACGGAACGAGTCATTGATGGGATCGAAGCGTATCTAATCGACCACAAGGTCAAACGTGTGACCGATCTCATCGGCTCCCTGGATCTGACCGGCACCGCCCGCGAGGTCACTGAATGGTCACGTTGAGACCGGCAAAAGGCGATATTCGTACTGCCACCCCTGCCACCGCGAAAAAGATCCTCACCATTCTTGAGGAGACCTACCCCGATGCGCATGTGACGCTGGACTTCGAGAACCCGTTCCAATTGCTGATCGCCACGATCCTGGCGGCCCAGTGTACCGACGAGCGGGTGAATCAGGTCACGAAGGGGCTGTTCGAACGGTATCCGACACCGAAGGCGTTTGCTGAGGCCGATCCGGTCGAGTTGGAGGAGGCGATCCGATCGACGGGATTTTACCGCAACAAGGCCAGGAGCATCATCGGCTGCTGCAAGAAACTGGTCGAGGAGTTCGGCGGTCAGGTGCCGCAGACCATGGAGGAGCTCATCACGCTGTCAGGCGTCTGGCGCAAAACCGCCAACATCGTCCTGGGCAATGCCCTGGGCATCACTGCCGGGATCGCGGTGGACACTCATGTCATACGGGTAGCCAACCGTCTGGGCCTGGCACAAAGCGACAAGCCGGATGAGATCGAGCAACAGCTCTGCCGGATCATCCCTAAGGAAAAGTGGATCCCCTTGACTCACCTGCTCGTCTTCCACGGTCGGCGCATCTGCATGGCCAGGAAACCAGATTGCCCCCGCTGCCCCGTCCGCCACCTCTGCCCCTGGCCCGACAAAACTCTCTAACCTCACGCAATAGCTCGGTTCGTTAGGTTAAGGTATATGCGCTATGATACTGGCAAGCAACATCAGATAGGATAAAAGAAGATCGAGGGACTAACTCAATGGTCGGCGAAATCGAAGCGATCCTGGATGCGCTGAATCGGGCCCGCGTGCGCTATCTGGTCGTGGGGGGTGTGGCAGTAGTACTGCACGGATACCTCCGGACCACGGCTGATCTCGACCTGGTCATCCAACTCGACCGGGACAATCTGCTAAGAGCGATTCGCGCCCTGCAGGGTCATCAATACCGTCCCAGGGCCCCCGTGTCTGCTGAGGATTTTGCCGAGCCCGTGATCCGCGAGCAGTGGATTCGGGACAAGGGGCTGGCGGTTTTTTCACTCTGGAGCCCGGCCCATCCTACCCTGGAGATCGACCTGTTCGTTGCTGAACCGTTTGACTTTGACACGGTCTACGCCCGCGCGCTGCGCGTCCCATTGGAGAAGGCGGACGCTACCATCATTGCCCTCGAAGACCTGATCGCCCTCAAGAAGGGCGTGGGTCGGCCCAGGGATCTGGAAGACATTGTCGCCCTGGAGTCGCTCGCAGAGCACGTGAAGGAAAGCCGGGAACCTCCCGATGGATAAACAACAGATCAAGGCCTCAAAGACGCCAGCGGTTCCGGACTGGGACTTCAAGGGACACCGTCGTCGACAGGCCAGGCTGGGCCTGCAGCTCAGTCCTGCCCAACGGTTGCGGTGGCTTGAGGACTCGATGGAGGCACTCAGAAAGCTCGTAGGCCGCGCCCGTCAGGGAAGACCTTTGGCCCCAGATTAGCAGTCCGTTGTCTCGCCGCGAGAATT
FP565575.1_gap44	2036098	2037571	1473	GTCATTGCACCGCCATCCGAGAGGGTCCCTTCGCTTCCCAGCAGGGACTGGACCTTGCCGAGCAGGACCTCGGTCTCTACCTGCCGGGTGACGTCGTGAAAGATGTGCACCATGGTGAAGAGGCTCGGAGAACCGGAGGGGACGACGATGGTGCTGACGTGGAGCCAGAGGGGGCGCCCCGTCTTGGTGTGGATCATGATCTCGCGCCCCTCAACCGGCTCCTCTTTCCTGGCTGAGGTGATCGGGGTACAATTCTCTCCGCACAGCCGGCACCCTGTTCGATTTCTGACAGCCCACACCTCGGAGCAGGGCTTTCCCAAAACCTCTGCCGCCGTAAACCCCACCAGGCGTTCAGCCGCCTTGTTCCACAGGGTGATCATGTGGTCTTGATCGACGCCGAGCGCTCCGTCTGCCGTATTTGAAAAGATCTCAGCAAGCGAACTTGTCGCCGGGTACGCCGTATCCATTATCTGTGCCATGCGGTTGTACACACCTTACATTAGGAAAAGACTATACTCAGGAAGATACCTGAGACCGCCAAAAAAATCAAGGGAAGCAATGAACTGTAACGTTGGTCATTCTTTGAGCAGCATCGGCTCCTCTTGCGCCTCTTGGTTATCGGCTGTAGGGCCCTTATGCATCTGATCAGGCCGCAGATCAGAGATATCCATCGTCGAATTCTCCGCCGCTTTGCCTTGAGAAGGACCAAGTGGCGTCAACCTCTCGAAATCCAGTAAGACGCGGTCCGCATCCGGCTCGGTTGCGTGCTCGACGGCCCGTTGTACCCTGCGCTTCGTGATCCGCCCAATGAGTACGCCGAGTAGAAATGCGACAAGGATGATCCCGGCTAGCTGAAGCGCCGGTACTGAAACTGATGCAACCCTTAGAAAGTCGATGAAGGCGAAGAGCAGATCGAGTGCGCTTTCAATGATCGCCCACATATTGTCCCGCGTAAGGATGAGGTGATTGTGACTGCGACTTCAAGGCGGGTGGCGCTGCGACAGGAAAGGCCGCTACCGACTCTTGATGACCAGCACCGACTGTACCTCCCTGACCCCGGAGACCTCCCTGGCCAGGGCAACCGCTCGATCAATTTGGGCCTGAGAGCTGACAAACCCGGAGAGGATAACCCGTCCGCGAAACGTCTCTACGGAAATTGCGAACCCGCTGACTATCGGATCCCCAAGTAGAGTTGTCTTGACCTTAGCGGTAATAGCCGTGTCATCGAGGTACTCCCCGGTACTCTCGCGAGTCGCCGTGGCGGCACAGGCCTGAAGCAAGGGGAAAGCCACGATCAGGATAGCAATAAGTGCTACACGGGTTCGGCTTATGATATGCATCTGCGCCTCCTCCAGTAATCGGTTACGCCCTGTATCATCAACGCTGCCCGAAGGCTCAGCGCCACAGGGCCACTATACCAGAAAAGCATGGGGCGAAGAAGTGGTTTGTGCTATTATTGAGCCCTTCTTCAGG
FP565575.1_gap45	2062787	2063587	800	ATTACCGGCTGGACCTGATCATCGGTCAGGGCCCGAGCGCACAGAGCTACCGGCTGAAGCTGCCGCGTTTCACCTTGATCGGGGCCACGACTCGCGCAGGGCTTCTGGCCTCGCCCCTGCTCAATCGGTTCGGTGTCGTCCAGCGTCTGGACTTTTACAATGACGCCGATCTCTTCAGAATTGTCCTGCGGTCGGCACAGATTCTCGGGGTATCAATCATGGAGAACGGCGCGTGGGAAATCGCGCGGCGCTCCCGTGGAACGCCTCGCATCGTCAATCGCCTGCTACGGCGCGTCAGGGACTTCGCCCAGGTGCTTGGGGATGGTGTCATCACCCGTGAAGTTGCGCAGAGCGCACTGGAACGGCTCGAGGTCGACACCAATGGGTTCGACGAGATGGATCGGCGGATCCTGCACACCATCATCGAAAAGTTTGCCGGTGGGCCCGTGGGAATCGAGACGCTCGCAGTCGCCGTGGGAGAGGAAAAGGATACGATCGAGGACGTCTATGAGCCGTTTTTGATTCAGCAAGGGTTTCTGGCCAGGACTCCAAGAGGCCGCACCGTCACTCGCCTGGCCTTTGATCACTTCAAGCTTCCACGTCCGGCGGAGCTGCAGGGCGAGTTGTGGCAGAGCTAACCGGAGCGCTCACTATTACTGGAGACAGGGGAGCAGTGCGGGGGATGGATTCACTTGCCAGGACGTTGATCGTGTTCGGCCTCGTTGTAGCCGCCATAGGGGGACTCCTCCTGCTCATCGGTAAGATCCCGTTTGTCGGGAAGCTACCAGGGGACATCTATA
FP565575.1_gap46	2066946	2068685	1739	TGTAGCCGGCCTTGCGGTGGTGTAAGATTGCCGCAAAGCGGCGCATGATGTGCCGCTGGAGAAGCTCTTGTGCACAGACCAACATCGCCTCAACACCCAGTCCGCACTGTCTGGCAGCCTCGCGAAACGGCTCCCCTGCAAGCGGCAGATCATCCTGGAGAACCCGCACGATCAGGCGCTCCTCTGGATCTAGACCACGCTCGGAATGACCGTTGCCCGTGAAGAAATGGCCCTCCTCCTTACGTACGCCTGCTGCGTCAACATCCATATCCAGGCGTACCCCGATCTTAAAGACCCTGAGCGCCGGAAAGAGTCGTGCCGCCTCGGCGCCCGTATCTCGCGCCAACACCGCGACGCTGGATTCGAGCCCCAACCGACTCTCTGGGGAAACAGCAAGGGTAAACCATACATTAAACGGACAACAGGCATTTACACCGAAGGTGTCCGGAAGCGTATACCTGCGGAGATAGTTGTGACTTACCCCGGGATGAGCGTTAATCTGCGCGGCCGCCTCGTCAACGCACTCCTCACGCAATCGGAAGCCGACCAGCGATGATCGATAGCCAAGGCGCGACGTATCGAAAATGGCACCGATATTTCGGACAAAACCTTCAGCTTTGAGCCGGGCAATGCGCTCGATCACATCGTCTTCAGTAAGGCCCACACTCTCGCCGAGGGCGCGATAAGGGCGCTCTACAAGCGGGATGCCGGCCTGGATCGCATCCAATAGTTTACGATCGATTGCATCCATCTCGAACACGAACACCCCTCGCTTTCTGTATCCCGAGCTTACGCGTTCGGGTAGCGATCATGGCAGAGAATACGCTCAACCTTCTTCGAATCCCTTCACTCCGGTCTCTTCTCTCCCTGAGATGAGACGCCAGGAAATACCTTCACCGAAAGGTCCTGACCGACATGGCACTGCAAGCAAAAATCATTGCGCGTCGGATGCGGCGTGATGGGAGCCCCCGCGACCCCGAATTCGTGGCAAACCAGACACATGCCTTTCCTGGCTTCCGCATCGTGGGGGACCAAAGGCGGGGCGCCCTCATAGGCGCGAGGCAGCCTCTTGCTGCCTTGTTGAGGAGTCGCCTGTTCAGAAAGCGCACGGCCGCCTAGTGCAACCAGCACGCAAAAGAAAACCACTCCAAAAAAGACTACTGTTTTGAGCGTCTTTGCCATCATTCTTCACACTTTCTCGATTCGAACTGCGCACTTCTTAAAGTCCGGCTGTTTGGAAATAGGATCGTAGGCGTCAAGCGTCACCAGGTTGATGAGGACATTTTCATCGAAGAACGGCACAAACACGACTCCTTTTGGAACCGTATTCCTTCCGTTTACTTGAGCCTTTGCGATAACCTCCCCACGACGCGACTGAACACGAACCTGATCCCCAGTCTTGATTCCCAAGGCAGCCGCGTTCTCGGCGCTGATCCAAACAGGCGCAAAGGGGGCGGCACGGTGAAGCTCAAGGACTCTTCTCGTAATGGTCCCTGTATGCCAGTGCTCAAGGACGCGGCCTGTTGTGAGCCACAAAGGATATTGTGCATCCGGCTGCTCGGCGGGCGGCTCGTAGGGCCTCGCCCAAATGACGGCGCGACCATCCGGCTGGCCGTAAAACCGGACACCCTCGCCTTTCTTGACGTACGGGTCGAGCCCCTCCCTGTAACGCCACCGTGTTTCTTTGCCCTCGACAACAGGCCAGCGCAGCCCGCCCCGGACCTTCGCGTATACATCAT
FP565575.1_gap47	2125918	2127590	1672	GAACCGAGATGGGAAGCGCTCGCATCTCCTCATTATACAGGTCAAACGCGATCGACAACTTGCCTGTCTTCGGGACCCCTTCACAGTAAGACTGGAACTCCTTCTTGACCTGCTCCGACCCCACTTCGTGCATCAGCGGAATCATTCCCGCGCCGATAAGCTCCTGATAGGCAGTGAAGTGAACGGTATAATGGCCCTTCACTGCGGTGCAAGCATCTGCCGCATCCCAGTCACCCATCACATCGCCACCGCCGTGACCAAAGGCCTGAGATGCCACAAAAACCGGCACGAGCACGACCGAGAATAACAACATCAAGCGCTTCATTACCGTTGCACTCCTCTCCTTTCTAATGTAGAGCGCTCATTCTTTACCGTCAAGCCTAATTTCCACACTACCGACAGCAGGCGAGATGCTCTCCGAACGATCACCGTGACCCATCCGGCTTGCCGGGCAGACCGGGTTCGGTCAGTTTCACGGGGTCAAGGATCTCGGCTATCTGAGCCTCAGTAAGCAGTTTTTCCTCGCGGACGATGTCAATGATCGTTTTCTGCTCTCGTATAGCTCGCTTTACTACCTCGGCGACCCTGGCATAGCCGACTAACACATTCAATGCCGTCGCCAACGCCATACTACGCTCAGCATAGCGGTGGCATCGGTCGACGTCGGCAACGATGCCGCCGACACAGCGGTCAATGAAGACCCGTATAGCGTTTTTCAGGATTTCGATCGACTGGTGGAGATTATAGGCTAGGACCGGCATCATGACGTTCAGCTCAAGCTGTCCGGCCTGAACCGCCATCGAGACGGTCAGATCGTTGCCGATGACCTGGAAGCAGACCATGTTCAGCATCTCGGCCATAGACGGGTTAATCTTACCCGGCATGATCGAGGAGCCCGGTTGCACCGCAGGCAGCTTGATCTCAGCCAACCCGGTGGTGGGACCTGAGGTCAGCAGGCGCAGATCGTTGCAGATTCGTGTCAATTCAAGCGCAAGCAGCCTCAGGGCTGATGAGGCCTCGGCGATCGGGAGGTTCGACTGCATCGCTTCGCGCATGTCTGGCGCATTGCGCCACTCGATCCCCGTCCAGGCACATAGGTACTCCACCAGCCTGGCACGATACCGCGGGTGAGTGTTCAGGCCTGTACCGACGGCACTTCCGCCGATTCCCAACTCTTCAAGCGATCGCGCTGCGACAGCAATCCGCTCCCGACATTTTCCGATGGTCACCGCGTAGGCTGCGAACTCTTGACCCAGTCGGATAGGAACCGCATCCTGTAGATGCGTTCGAGCCGACTTCAGGATGCCGTCAAATTCACTCGCTTTCTCAGCCAGGGCGGTCTTCAGATCCCCCAGGACCGGCAACAGCTCTGCCAACAGTAGACGAGCGGCCATCCGCATGGCGGTTGGAAAGACATCATTGGTGGACTGGGCCATATTGACATGGTCATTGGGATGAACAATGGTATAGTCACCCTTCTGTCCCCCAAGGAGTTCGATAGCCCGGTTGGCCAGGACCTCGTTGGCATTCATGTTAAAAGAGGTGCCCGCTCCCATTTGATAGACATCTACAACAAACTGATCTTGGAGCTTGCCGGCTAAGACCTCGTCGGCCGCCGCTGTGATCACCCTGCTGATCGCCGGCTTCAAGAGTTCCAAGTCGGTGTTGACCA
FP565575.1_gap48	2136479	2140983	4504	TCGACTGAGAAGAGTGTCAGCACCACTCCTTTCGGCAAGATTTGAACCAGTTCGCGCAACACGTCCAGCTTTCTGGTCTCATCCTGATCAATAGTCTGCAAGGTAGCGATCTGGTTTGCAAGCGTACCGACCTCACCCTTGAGCTGTTCCACCTTGGCCGCCTCAGTCTGTACGCGATGAAGTCTGGCGGTAAGATCGGCGAGATCTCGGCGCTCTCGAATCGCACCATTCACCAGAAACACTAACCCCAGGGCGATAATAAGGGCCAAGAGCCGGAAGGTCATAGCGCGGTTCGGGTCTCGGCGAGGGGGAGCCAACTCTTTGGGGAGCAGATCGATATCGATCGGGAGCGGGACAAGTCCGTGCAGTCCAAGTCCGACGGCCGCCCCAAGGGAATGGACTGTCTGCGGATCTACGTTGTTGGCCTTAATCCGTCGGAAGGGGTGGAGGAACTCTACCTCAAGACCGGTCTGTTCAGCCAGGTGATGCAGCAGGTCTCCCTTGCCTGCACCCGTCCCAGAGAGAGAAATTCGTCCTGCACGCTCTCCGCCATCCACTTCAAGCTGGCCGACCAGTGCGGAAAGCTCCGAGACAAGCCGATCAAGCGGCGCAGCCTGACCAATAGCAAAGTATTTAGTATATCGCAGGATCCCCTTGTTGGCCAGACCCAACTCCACCTCGCCGTTCCGAAGATCAATGACGGCCCTCAGGGATTCCGCGCCTCGCTCCTGGTTATAGAGGAGGGCGTTGAGTGACGCGAACGTCGAGACGCCAAGAGCGGTTGGCGTGATCCCCGCCTCCTGCAGTAGAGCGACGTGTCGACCGATCTCCTCTTTTCTCGTTGCGGCCAACAGGACAGTAGCCTGTTCGGCATCGTGTGTCAGTACCTGAAAGTCGTACTGCGCCTCCTCAAGGGGGAACGGAACATGTCGTTCAATCTCATAGTCCACGATCCCCTTCATTTCCTCTTTACCCACCGCCGGCATGCTGACCGAGCGCATAGTAACGAGACGCCGCGGCAGGCCGAGCGTTATGGAGGTGGGACGCTTGGGTAACCGAGTCACGAGGCCGGCCAGCCTCTCTTTAAGCACTCCCAGCCTGTCCTTCTCTTCAGCCGGTAACGTCTCGATACCCCAATCGAGGAGCTGAATTCGCCCAAACGCCTTACTCAATAAGGCGTGACACAGTAGCCCACCCCGAATGTCGATACCCAAGCCGACTTTCGGTCTCGGGATCAGCTCATCGAGCTTCATACACCCCCCTGCCTCGGATCAAGGCTCCACAGACGCACGGAGAGTTTCGGTCGGCCGGACGTCCCCTCATTTCGCAGGATGGCAGCTATACGAACCGTGAGCCTCGATCCCGTCATCCGCGCAACCGATTCGACCGAAAAATTCGATGAGGTAGCTTTGACAAGTGGACCAAGACTGGCGCGGACTTGGCTCTGGCTATCGCGCCCCGACAAACCTGCGCAGCCGGCAGAAGTAAAGAGAACAGTGAGTTGTCCCACCGCATCTCCACGAAATGGCTCCCCTGTCCGCCGGCTGAGGACACACTTCGTCTCTACGGCCGTCAGCCCAAGCGCCATCAACACGTCCGGACTTGCCGTATTGATATTCACCTGACCGGTGCTATGGAGCGACAGGTGCTGCGCCACTCCAAGGTATTCGCCCGGCTTGAGATCCCGTTCCCACGGTAGCCGGGCTTCAAGCTCCGTCCGTCGTGGTTGGCTGGCAATATTGCCGTACAGGATTTCCTGGGTTAATCCTCTGATCAGGAGTAGTTCATCGATAGTTTCGAAGCCTCCGTTCTTCGCTCGGTACGAGCTGGGGAGGGATAGGTAGTAGTCGTCCTCGGCGCCGCTCATACGATGAAGGTTATCGGTATCTCGCCAGTCCTGAATTGAATCAACGATAGTGGACAGAAGCTTCTCATCCCTGACACCTGAGTTGGAAAACAATCGACGAAGCATCGCATCGTATTGGGGAGTTATCTGCCCATCCAGGGGAATCTTGCTCTCCTCATCCCTGACCGCTACCCAGTAATGTCCGCCGCCTAATGCCACGTTCTCATAGGCAGCCGGATTGGTATGCCAGCGCTCATTTAGAGCATCGTAGCTCTTCGAGTCGGGCGGGAGATCTCGATCGGCGTTGATGATCTCCGCAGCCGCCCGGTAAATGCCGGCCTCTGCCAAATAGTACGCCTCCGCTTTCTGTTTGAAGTTGCCCGCCGCAGCCAGCTCTGTACGCATCGAAAAGGTAAAGGTCGTAAATACGACACCTAGAAATGCCAGAATCCAGAGCACGACCACAAGCGCCAATCCGCACTCACCAAAAAAAGAGGGTGTGGGGTGTGGGGTGTGGGGTGTGGGACCGAAAACTTGACGCTTGACGCTTGACGCTTGACGCTTCTTCATAACGTTCGTCCCACCTGTATCGGAAGGACCAGCGGCGGAAGGATCAACTCCCGAATCTCCCGCGATCTCGTCTGCCGAATCGTGAGAGTGAGCTCAACAGCCAACGGTAAGCGATTAGAACCCTTCAAGGCGCGCAGACTAGAGGGAGATGGAACGATTCGAGATGGGGGAACAAGCATATCGTCCCTTGAAGGGTCCCACGAATCGTGCCATGCGGGGGGGAGGTTTTCCTCCGACCTACCCTCCGGCACAAGGTACCGGAAACGTACCTCCGATATCCGCTCGTCAAGCAGTTTAGCCTGACCATCAAGTACAGCCGATGTCGAACCAGCCAGGGGGTAGCTTGTCGTCGCCACCAGTCCCCGATCAGACTCCACAGTATAGCTCACGATTCTGACCATGTGGCTGAATGGCTCAGCCCCATAGATCTGCGGAAGGGTGGCGAATTCAAGAGAGTCGGATTTACCATGAAAGACCATGACATCCTTATCCTGCTCTTTCACGCGCAACGGGTAGATCATCGTCAGGTCTCGCGCCAGGGTATCGACAAGAGTACGATTACGCTGGCTCTCTTCCGCTCGCGCCTCCCCACCTTCCCACGATTTAACACCAATCTGGATAGCCCCCAGTACAGCAACGAAGATCAGGGCGACGATCGTCAGGGAGATCAGAAGCTCAAGCAGCGTAAACCCGGCTTCGCCGGACGGCTCCGAGTGTTGAGTGTTGAGTGTTGAGTGTTGAGTTCGTAACTCGAAATGGTCTTCACTTAACACTTGGCACTTAACACTTAACACGTTCTTATTGGACGACACGCGTCTGTCCCAACTTCTTTTCATCTACTATCATTCTCAAGGTCTGTAGATTCACAGCCTTCTCTCCACGGCGGCCAGGCCAAGTCACGCGCACCTTGACGCTGAAGAGCCGACCGGGAAGTTCCTCCGGTTGTTCGAGCGGCTGGATCTCCGACGCCCAACGGAATCCCCCACCGAACTCTCCTGCCTCGCCGGTGCTCGCAAGATTCCGCGCTGCGGCAACCTCGGCTATTTTCTGTCGAGCCAGCAGGACTGCTTGAGTGTACTCTTCGGACGCCTTCGCAGAGCGAACCCCAGCGACTAACAGTTCCACGGCCAGAGCAAACCCGACGCCAAGAATAGCCAAAGCGACGATAACTTCCAGTAACGTAAAACCGTGCGAGGTGCGACAAGAGCGGTAGGGAGTCCGAAGTGCGGGATCCAAGGTACAACGCGCCCCGAACCTCAAATCTCCCCGTTCCCCCCATTTGTAAATGGGGAGTCGGAGGATGTTGCACCTGGAACGATTCTCACGCATTCTCTGCGGAACTGATGCGAACGAGCCCAACCGATGGATCCACAATAATTCGATAGCTTCGCCCTTTCTCATCGGAAAGGTCGATCGATCCACCCGTCGAACTCCCCTGCGGGAAGAAGGCGATGACGCCACGCTCATCAGGTAAAAGGGGACCAGTGGCGAGGACAACGGACTTCAGGCTTACGCCTGGCGGGAGGGAGCGAACCCGAGCCTGTCGAATCTGAGCCTGCCAAGGCTGTTCGGGGTCTTCCACCGTCTCCACCCGGTCTATACTGCTGAGACGCCCGACAATCCAGTCCGGACCTCTGAGCCAATAGCGATTGGTCTGTCGGTCGAGCACCACCTCCAATATATCCTGATTGGCGATCGCCTGCGTTCTGGCAAACCGACAGAGGGTCATAATATCCCTCGTCGCAGCCTTGAGCTGAGTCTGTCCGAATGATCGGCTGAAGGCCGGCGCAACGAGCACGGTTGCCAGCATAAGGATGAATAGGACGACGGTAAGCTCGAGGAGCGTGAATCCCCTCGTGCATTGTACTGTTCTATTGTTCAGCCTGGCTTCCCGCTTGTTTGACACTCTTCCAACTCACAACATCCTGATTCTCTCCGTCACCACCCGCTACGCCATCACCGCCATACGAGACAATATCGTAATCTCCATGCTCTCCTGGCGCCTTATAGGCATAGGCGTGAGTCCACGGATCAACGGGAAGCTCTTGTTTTTTCAGATAGGGACCATCCCAGTTCTCGACCCCGCCT
FP565575.1_gap49	2149559	2153171	3612	CATTACCGAACAGGATGTTATCCCGGATCGTCTCGGAGAACAGAAAGATGTCCTGAGAGACAAAGCCGATGGCTTGCTTCAGGGTCTGTAAGGGCAGCTCACACAGCTCGATACCGTCGATAAAGATGGTTCCGGGCGGCGGCTCGTACAGGCGAGGCAGAAGACTCACCAGCGTGGTCTTGCCGGCGCCGGTCTCGCCGACTACCCCACACCAGGTGCCGGCCGGGATTGTGAGGGTAATACCTTGCAGGGTGAGCGGCGCATCAGGGGTATAGCGGAAGAAGAGATTGCGCAACTCGATCTCGCCGCGCACCTCTGAGACCTGGACGGTCCCAGGCACCTGATACCCGGCAGCCACCGGCGTATCCAGGATCTCCAGAAGGCGGGCCAGCGCGGCCGAGCCCCGCTGGTAGAGATTGATCACATATCCGATCGCCAGCATAGGCCAGGTCAGCATGCCAAGATAGCCGTAGAAACCGACTAGTTCTCCGAGCGACATCGTTCCCATGGCAACCTTTCGCCCCCCGAGCCATAAGACGATCGTGGCAGCCAGGCCAGACAGGACGGTCATCACCGGTGTCACATACCCCCAGCGTTTGACCAGATCGAGATTAAGGGCCCGATATTCCCGGCTCAAGTCATCGAAATGCCGCTGCTGATTCTCCTCCTGCACATAGGCCTGGACGACGCGGACACCGGCCAGGTTTTCCTGGACAAATGTGCTGAGGGTGCTGAGATGCCGCTGGACGTCCCGATACCGGTCGAAGATGCGGTTGCCGATGAGGAGCACGAGGATGGTGATGCTGGGCAGGGGCAAAAGGCTCCACAGCGTCAGCCACGGATCGATGACCACCATCAGCAGCAGGCTGGTCGCGATCGTGAAGGCGGCATCAATGACGGCCATGACCCCCATTCCCAACATCTCGCGGAAGGAGACCATGTCGTTAGTCAGCCGCGACATCAGGTCGCCGGTTTTGGTGTGGGTGAAGTAACTGAGCGGCAGGCGCTGCAGGTGAGCGACGATCGCGTTTCTGAAATCCCACTCGATGTGCCGCGAGAACCCGAACAGGTGAGTCCGCCAGAAGTAGCGGAAGATGACCTGTACGCCGGCAGCCAGCACAATCAGCGCCGGATACTTCCAGAGCGTCACCGTCCGTTCCGAACCGGCGAGATAGGTGTCCAGGGCATCCTTGGTCAGCCACGGGATGGCTAGCCCGCCCACGTCGGTCACGATCAGCGCCGCGAGGCCGATGAACAAATAGCGCCGCTGCCGGTACAGGTACGGCCGTATGCGTCCGAACTTCTCGAAAATCTTACGCCTCCGTATGTAGATGTAAAGGGATCAGATCGGTCAATGACATGATTGTACGTCAGTCCACGCCCCTTGCAAAGGGCTTGTCGGGTTTCGGCAATCAAGGAGGGGTATTGCGGTGATGCAGTTGTAAGGCGGTGGCGGCGCGTGTAGCCTAGTTCGCCATGCTTCCCTTCAAGTCCACAAGAACTCTCGAATTTCGATAATCTGTTAGACGCTTTCGATATCCTCAGGAGCGCTCGGACGTTGCGCTCCATGCCATACGCCGACAATCCAAACCACCTTTCCCTTAGCACGATAGAAAAAACGATACGGCGCCACCACGACTTCACGTTGAGGAAGCTCTGGAAACTCCTGAATCACCCGGCCTGATTCCGGGAATTGGATCAGTCGAGTTAAGACTGTCTCCGCGCGTCGGCGGAACCGCAATGCGGCCTCGGGTTTGTCGCGGCGGATATAGGCGAGAGCGGAAAGAAATTGAGTCCGCGCGGACGGGGTGAAGAGAATTTTCACCGATCACTCTTCTGCTAATAATCGATCGGCCTCCGCCATCACGGTCTCCAGGTCGTACCCCTTCCCGGCAGCGATCTCCTTGTCCCCTTGTGCGAGAAGGCGAAGAAGCTGCCGATCGTGCTCCGCCTTTTCGTAGGCGTCTGTGCTCATCATCACGGCTGCAGCCCGACCGCGTTGAGTGATGATGACCGGCTCTTTCCTGCCCTTGACGCGCTTGAGTACGCCCGCTGCGTCCTGACGCAGGTCAGTAATCGGAATGATATCCGGCACCTTGCCCATTAGTCTCACCTCCTACGATACGTGTAAATGTATCATGGGTATCCTGTCGCAGCAAGGCGCTCAACAGTTTTTGACAGTTTTTGGATTAATTCCAGACGCCGGGGATGGGGGTATGGCAGGTTGGGCAGGCGCCTGTTTCGAGGACGTTCTTGAAAATCGTATAGCCGCGGCGCTCGATCAGCAGGGTGCGGCAGGAGGGGCAGTAGGTGTTCTCGTAATGGCCGACACGGCCCGGCAGATTACCGACATAGACGTAATGCAGCCCGGACTGCTTACCGATCTCGGCTGCCCGGAACAGGGTGGCGGCACCCGTATTGGCATGGTCCAGCATCTTGTAGTCCTGGTGGAAGGCCGTCACATGCCACGGCAGATCGGCAGAAACGGACGCCAGGAACTCGGCGATCCGGGTCAGCTCTTTGTCGGAATCGTTAAATCCCGGCACAACGAGCGTCACGATTTCAACCCAGAACCGCTTCTCGACCAGCAGCGTGATCGTATCCAGGACGTTCTGGAGCACCCCGCCCAGCTTCCGGTAATTGGCGTTGTTAAACCCCTTCAGGTCCACCTTATACAGGTCCACCCAGGGCTTCAGATAATCGAGTACCTCCGGCGTGCCGTTCCCGTTGCTGATATAGGCGGTCTTGAAGCCGCGCGCTTTGGCTACGCGGAAGATCTCAACCGCCCACTCGCTGGTGATCAACGGCTCATTGTAGGTGCTGGCGACCATCGGCGCACCATACCGCTTCGCCATGTTCATGAGTTCGTCGGCCGTCACCAGCTCTGGTGGACTCACTGCGGCGGGATCGCGCAACGCCTGCGACGTGATCCAGTTCAAGCAGTACCCGCAGTGGAAGTCGCATCCCAGCATCCCGAAGCTTAAGACAAGCGATCCCGGAAGGGCGTGGAAGAATGGCTTCTTCTCGATCGGATCGACCTGCAGCGCCCCGACGTAACCAGTCGGAACCTTCAGGACACCCCCCTTGTTGAACCGGACCCGGCAGACCCCCTGGCGTCCTTCCGGAATCAGGCACCGGTGGCCGCACGCATAGCACCGCACCCGCTGATTGGGGAGCTTCTCGTATAACTCCCCCTCCTTGGTGAGTTGCGTCAACACCTCTGCCAGAGTCATTATGGCCGGCATGGCAATCCCTTCATGGAGCAATCGCTAGGCAACTCAACCTTCAATGACAATATAGCGCTCCGCCAGGCCTCCTACAAGCTGCAGCTCTTCCCGGTTTATCGCCTGTGGACAAAGAGCCGTTTTTCTGATCGCATCCGAGGATTCATTGACACCTCGGATCGCCTCGTTATAGAGTGCATCTACTTGTGAGCGGGCGTGATAATGATCGATGCCACGGAAGTCGTCGATGATCGTACGGGCGAGACGGTCCTGGAGGTCCCCCTCCGGGGTCGGCTGTTGCTGGACTGCTCCCTGTTCAACAAGGGAACGGCCTTTTCCGAACAGGAGCGGTGCGACTTCGGCTTGGTCGGCCTGCTGCCGTCCCACG
FP565575.1_gap50	2190932	2192149	1217	CCGCCGCCGTACATTGCGTTTCCGAACATCACATCCAGATCGGTAATCTTGACCGTAGCCCAAGACATGACGTGAAAGATACTGAAGCCCGGCCATGCGCCGTGCACGCGAGTGGAAAAGATCCCGGTCCCGTTCACGGTCAGGTCCTTGTTGATGATTACGCCTGAGGATTCGGCGAATTTACCATCGCCGATGCTGACCGTATCACCCGCAATGGCGATGTCCACCGCATGTTGGATGGAGCGGCACGGCGCCGCCTGCGTGCAGGTGGGATTATCCGTACCCGACTTGGAAACGTAGCGAGTCGCCCCCCAGGCCTCCGGGACGAGGAGTGGCGTGAGCAGTAAGAGCAGAGAGCCGACGACCCGGCGATGCATCACCCACCTCTTACTCACGGCCAGACCGCGCTTCCATTGGATCCCAAATTGCACAAATGGTGTCATTGTTCCTCCTCATGTCGTTGAGTACGACGCACGCCTTGTCACTACCTGCTACCCCAAGGCGACGAAAACGTATCGTATCTTCCGGACATTGTCAAACAATTCTCATAGCTCTTGAATCACCCCACCCGCGCCGCGAAATACCGGGACCAATTTACCTCCCTGACGTGAATCAGGCAGGTCAGCTTGCGCCTGGGAGTACGAAGGAGTATGATGACTCGACATGAATCTGGAATGGCACCCCTCTTAGACGAAGATAGGAAACAATGATGCGGTACTTCAAAGTGATCGTGGAGAAACACCCGGAAGGTTATGTCGCCTATCCCATGGGACTCAAAGGGGTGGTAATCGGCGAAGGCGAGACCTACGAGGATGCCCTGGCAGATGTACAATCTGCCATCCGCTTCCACATCGAGACCTTTGGACCGGAGGCGCTGAAAGCTGAGTCCCCCATCCTGGACGCCTTTATTGCGGAAGCCACGGTCACGGTCTGATGCTCACGTTTCCGATAGATGTCCCGAAAGCAAAGGCCATCAAGCCCTTGGAGCGGCTGGGCTTCCGGATAGTCCGAGAGGGGGCACACCTCGCGATGGTGCGCCAAAACCCGGATGAGACGCAGACGTTCCTCATCATACCGAATCACTCCGACCTCAGAGGCTCGACGCTCCGCACCATCTGCATTCAAGCCAGTATCGCCAGAGACGAGTTCCTCAAAGCCTACGAAGAAATGTGAGTCTGGGCCGGTGTAGGCTGGGCCGGCCGGAGAGCTGATCACGC
FP565575.1_gap51	2194826	2199210	4384	TCAGGTGAACCGAGGAAATGGTACGCGTCCTTGGCCGCCAGCGCCGTCTGCAGCGCCTGTGGATCGGCGTTGCCGATATCCTCCGACGCAAACCGGACCACACGCCTGGCGATATACATCGGATCTTCGCCAGATGCCAGCATTCTGGCAAGCCAATAGAGGGCAGCGTCAGGGTCGCTTCCCCGCAGGCTCTTGTGCAGAGCCGAGATCAGGTTGTAATGCTCTTCTCCGGTCTTGTCGTATAGCAGCGTCCGCCTGCCTGATGCCTCCTGGGCTACCTGCGCGGTCAACCGCCTGCTCCCGTCAGGCTGCTCCTTGACCATCTGCGCCGCCAGCTCCAAGGTGTTCAGTGATACGCGGGCATCCCCCGAACCCAGCCCAGCGATGATGCGTAGCGCCTCGTCATCGGCCTCGATCTGAAGGCGACCGAGCCCGCGCTCCTGATCGTCGAGCGCGCGCCGAAGGATGAGCATCAACGCATCCTCCGCCAGCGGGCGAAGCGTCACGACCTTCGCCCGGGACAAGAGGGGGGCGATCACCTCGAACGAGGGATTCTCGGTGGTGGCTCCGATCAGCACGATCGTTCCTCCCTCCACATGGGGCAAAAAGGCATCCTGCTGGGCTTTGTTGAAGCGATGAATCTCGTCGATGAACAGGAGCGTCCGTCTGCCATAGCCGCGCTCCTGCTGGGCGCGAACGATCACCTCTTTAATCTCCTTGATCCCGGAGGTGACGGCCGAGAACGGCTGAAAGGTTGCTTTGCACCGCTCCGCCAACAGGAAGGCGAGGGTCGTCTTGCCTGAGCCTGGTGGGCCCCACAGAATCAGCGACGGCAGTTCTCCCGCCTCCATGGCCCTCCGGAGGAGCTTCCCTTCTCCAAGCAGGTGCTCCTGCCCGACAAACTCCTGGAGCGTCCTTGGGCGCATTCGTTCCGCAAGCGGCGCTGGAACCTTTTGGGACGGGGTGGGCAATCGATCAAAGAGATCTGCTGTCATCGTACGCCACCGCCTTGAGGTCATCCAGGATCCGGCAGGTCGCTTGCACCGGGTCGGCCGCTGCCGTAATCGGCCGACCGATCACCAGGTAGTCCGCGCCCGCAACAGCCGCCTCTTGTGGGGTCATGACCCGACGCTGGTCCTCGGCTGCAGCCCATGCCGGGCGGATGCCTGGGATGACAAGCTGCATCGACGGTCCCAACGCGGCCCGCAGCACGCCGATTTCGTGAGGTGACGCTACAGCACCATCCAGTCCGGCCTCCCGCGCGAGCGACGCCAAACGAACGACCTGCGCCGCAAGATCGGGCGTGCCGCCGACGATCTCTCCAAGACCGTGTGAGTCCAGGCTGGTGAGTACCGTCACCGCCAGCAGCCGCATGGCTGAGCCGCTTCCAGCGACCGCCTGCGCCGCCGCCTGGAGCATCGACCGTCCGCCGGAGGCGTGGAGCGTACACATCACCGCCCCGAGCCTCGCGGCCTCGCGGACCGCTCCCGCTACGGTATTCGGGATATCGTGCAGTTTCAGATCCAGAAAGACGTCTCCGCCCCGCTGCCTCACCACATCTACCGCCCGAGGACCCTCAGCCGTAAAGAGCTGAAGGCCCACCTTGAAGAGCGTCACTGTAGGGTACAGTTGCTCCACGAGCGCGGCGGCTGACGCCAGGTCTCCCACATCCAGGGCTACAATCAGTTCTGGTGGTTTGTGCATGCCCTCGCTTCTCTCTACACCGATAAACACATCAGGTCCTCAGTTGCATGGCGTCACGATACCATGAAGCCAGGGCATTGACAAGGTAGGGTCTGGTAGGGTAAGGGTTGGGCTGAACAAGACGTGGAGGCGTGCAAAATGGAGCATTGGGCGTGTGCGGAAACCACAAGGCGGCCTACCTACCGAAGCCTCAGCGCAGGCAGGCGAGCGTTCTATGGCCTTGCCCTTGGATTGCTGGTGCTCGTGCCGCCCGATCTGAGCCAAGCCGACCTCTGGACCGATACGAGGACCCTGGAGTTGGTCGTGGCCGGGACCGATCACCTCATCAACCTCGACTACGACCTGGCCGAGCGGACATTCGCCCGCCCTGACGACGTCGATCAGACCGGGCTGCTGGCGCCGTTCTATCAGGCCTTCGTGATGCTCGCGCGTCTACAGGAACGAGAGCCGACTCGCCAGGAGATGGATGCCTTCTTGGCCGAGATGCGAACGCTCACCGCCAAGGCCGAGGGGCGCCTCACACAGGCTCCAGAAGAGCCTGACCTCCTGCTCTTCCTCGGGATGGCCTGGGGCTCCAAGGCAATGATCGACGGCGTCCTGGGCAACTATTTCTCGACCTACGAGGCGATCAAGCGGACGAAATCGTATCTCGATGCCTCCCTCGTACGCCGACCTGTCAGGTACGATGCCTACTACGCCTTGGGGTTGTACAACTACGCACTCTCCCGGATCGCCTGGTTCTATCGACCTTTCCTGCACCTGGCGCTCACCCCCGGCGATCGCGAGCGAGCTTTACGGGAGCTGACGCTCGCGAGTGAGCGTGGCGTTGCGGCTCGGATGCTCGCGAAGCTCGCGCTCCTGCAGATCTACGCCGGCTCCGAGAAAGAGTTTGAGAAGGCCCTGCCGCTGGCTGAAGAATTGCTCCACCGATTCCCCGGCAACCCGGAGCTTTACTTCCAGACGGCGCTGGTCTATTCCGAACTGGGACGATTTCCTGAGGCGCTGGAGGTCGGCCGTCGCATCCGCGCCAATCTCGATCCGGGCCGGTACCATTTTACGCACGAGATGCTCCCACGGTACCTGCAACTCATGGGGAAGATCGCCATGGATCGAGGTGACTACCCCACAGCCTTGAACTTCTTCAGACAGGCGGTCGAGCAGCCGACTGATCGGTACGCCTGGGTGACGGCGTGGGCCTGGACCAGGACCGGCATGATCCATGATCTGTCAGGGAAGCGAACGGAGGCGGAGCGGAGCTATCGTATGGCGTTGGCCATCAAGACCAACAGCATCGCCAAGGACGTGGCAAGGCAATATCTTCATGAACCCTACCGCAAGGAGACGGTACAACGCACCTTCCCATCCACCAGAACAGAGGAGAATACAGGTTCACCCTAGCGTAGCACCTTTAACGCTTCGTTACATTCGCCGTTTATCCTGAGCCTGTCGAAGGGTGCAGTGTTATAGCAAGTTCCGCTCATAGTTCGACTCACTCACCACGAACAGAATATAGAGGGGATCTCCAGCGGTCACATGCTACTTACCATTCCCTTGACTCAGCTTCGTGAGTTGTCCTTGCTCCAGGATCTGCCGTAATGCCTTACGAAACCTCACCTGTGCCAGCAGCACCTCCCCCTGGGTTGCTAGGAGTTGATTGGCCGCCTGGTCAATCTCCTTGTCGGATGCCTTCTTATCTACGAGTAACTTCCTTAATTTCGTATCGGAATCTACTACCTTGTCTCGAAGCTTTCCAAATGTCTTCGTCAATTCACCTTGCGCCGCATCAAGCTTGTTCCGTTGATCGGTCGAAAGACCGAGGCTCTGGAATGGATCGGCCTCTTTTGCCGGTCCCTGTTGAGCTGAAGCCATACCTCCACCGATCAACATCGTTGTCATCAGCAGTCCAATCCCCAATCTCTTCCACGTGCGCATACCGTTCTCCCCTTTCCTCCAGGTGCGATAACCCAATGTTAAGCAACCACACAACGAGTCGCTATTTTACGCGGGAATACGGAACGATGAAAGCACAATCTTGCAGTCGGAAGGTGCGCTGTCCGGAGAAGCCGTCTCTGAGGGAGGCGTCGACCCCGCCGAGGGCGTTGGCGCCGCCTAAACCTGTCTTCTCATCTTCTCGACGGCGCGACGATAGAACTGCTCGTATTCTCCGGCAGAGCGATCCCAGGTGAAATCCGCCGTCATGGCATTCGTAATCAGTCGAGGCCACGGGGCTTTCTTGCGATACAACGCCAAAGCCTGCCGGATGGCTTGGAGAAAAGCGGGCGCAGTAGCGTCCTCGAACTTGAATCCGTTCCCCTGCCCCGTCTCTGGATCAAACCGGACAACGGTATCATCCAGTCCCCCCGTCGCGCGGACGACCGGAATGGTTCCGTAGGCCAGGCTGTACATCTGATTCAGGCCGCACGGCTCGTACCGCGAGGGCATCAGGAAGAGATCGGCTCCCGCTTCGATCTGATGTGATAGCGGCAGGTCGAAGCCGATTCTGACAGCTAATGTGGACGGGTGCTTAGCCGCCGCCTCGCGAAAGGCTGTTTCGAGTTGCTTCTCTCCGCTCCCCAGCAACACGAGCTGCACGTTCAGCGTCATCAGCGTATCCAGGATGTCGTGCAGCAAGTCCAGTCCCTTCTGCCAGGCCAGCCGGGAGATCACAGCCAGCAGAGGT
FP565575.1_gap52	2293833	2296058	2225	TGCGATGGTAGTAACCATGACCGGGGAGCTGTGCGATGCGTTCGACGACAGAGCCGAAGGGGTGGCATCCATCATCGACGCGGTGAGAGAGGCGGTCCCTGCAATCCCGCTGTATGCCGTCGATCTTGAGGGGAGGCTCATTCGCTTAGACGGAAGTGCGGTGGAACTACTTACCTTTGCGCCGACAAATTGGATCGCCGAGGCGTTGGTACTGGCACGCCTGCAACCGGACTGCCTGATGGTGGATATCGGCAGCACCACCACCGATCTGATTCCGATCGTAGGCGGGAAAATCGCCGCACAGGGCAAACGGGACATCGAGCGGTTGGCACGTGGGGAGCTGATCTACACGGGCGCCCTCCGTACGCCTGTGGCTGCCATCGTGTCCCAGATCCCCATACACGGGACGATCTGCCGGATCGCGGCCGAATACTTCGCCATCTCGGCGGATGTGCATCTGGTATTAGGCAGGCTCGCGCCGGAGGACTATACCTGCGCGACCCCTGACGGCCGCGAGAAAACGAAGGGGGGGGCGCTCCGCCGCCTGGCCAGGGTAGCCTGCGAAGACAGTCGGCATCTCACAGCCGGTGAACTTCACGCGATGGCGGCCTATATCGCCGAACACCAGATCCAACAGATCACAGAGGGGATGTTTCAGGTGCTCTCCAGGATCGAGAACGGCCTCTGTCTTCCTGTGGTGCCGGTGGGGATCGGCGCCTTCCTGGGGGAGACCTGCGCAAGGCGGCTGAACCTTTCGACGTGTAACCTGTCAGCGCTCACCGAGAGCGGATCTGTCACACTAAGCCCGTGCGCGGCGGCGGCCCACCTCTTGGGAGAGGCGCTCTCACGAGGATAAGGGCTCAACGGCGTTGCGGATTACTTACCAGCAAGGCACAACGTTCGATCCGACCACACGTGAGAAGACGCCGGCCGAGCGCAGATGAGATTTCGCTGACGCGACGTTCGTCGAAGGGCAAGATGACCATGAATTTTTTCGCCACCACCGCGCAAGGGATGGAGCACCTGCTGTGCGATGAGCTGCGCGCTCTCGGAGCGGAGATCACCTCGGAGACGCGGGCCGGTGCCTCATTTCGCGGGGAGCTCGAACTGGCCTATCGCGCCTGCTTGTGGTCACGCACCGCCAATCGAATCTTGATGCCGCTATGCACCTTCCCCGCCGCAGACGAGACCGCGCTCTACGATGGCGTCCGCACCATTCGCTGGTCGGAGCATCTCACCCCGGCGCAGACCATCGCCGTCGACTTTCGATCGTCCCACTCTAAGATCACCCACGCTCACTTCGGCGCGCTCAAGACCAAAGACGCGATCGTCGATCAATTTCGCGACGAACGAAATGCGCGTCCCTCGGTCAAGGTGGTCGAGCCGGATGTTCGGGTCAATGTCTACCTCCACGAGGACGAGGCAACGATCAGCCTCGATCTGTCGGGCGAGAGCCTGCACCGACGCGGCTATCGCGCTCAGGCCGCCGAGGCGCCGCTGAAGGAGACTCTCGCGGCGGCAATCCTTTTGCTCGCCGATTGGCCGGCGCTCAGCAAGCTCGGTACACCCCTACTCGATCCCATGTGCGGCTCGGGGACGCTCCCCATCGAAGCGGCGCTCATCGCCGCGGACATCGCGCCCGGACTGAAGCGGAGCTACTTTGGGTTTCTCAATTGGCTTGGCCACGACGCCCGGATGTGGCGTCGAGTGTTGGCGGAGGCGGAGGCCAGCGAGATTCGCGACGCGAAAAGCATCCCGCCAATCGTCGGCTTCGACGTCGACGGCCGCGCGGTGCGAATGGCCCTCGAGAACGTCGAACGGGCCGGCCTGCGAGGGCGAGTGCATATCGAGAAGCGCGAGCTATCCGAGGCGCGGCCGCTCGAACGCCGCCGCGCACCACGCGGTGAAGGACCGCTCGGAGTCCTCGTCAGTAACCCGCCCTATGGGGAGCGCATGGGTGAGGAGGATTCCCTCGGGCTGCTGTACGAGACCATCGGCAATCTTCTCCGCCGCGAATTCACCGGCTGGACCGGGTACGTCTTCACGGGCAACCCGGAGCTGGCCAAGCGCGTCGGCCTGCGCGCGGCCAAGCGGCACATCTTGTGGAACGGCGCCATCGAGTGCCGTCTCCTCGAATTTCCGATCTCGAAGGAGAAGGTTCGTGCCACCGACGATCCCGGGCCGGCATGGCGAAAACCTCGCCCGCCCCGTCCACCCGCCCCGGA
FP565575.1_gap53	2380671	2381936	1265	TCCGAAGAGGAGCCGGTCCTGGCGTCTCCGGGCAGCGAGATCCTGTCGATCCCTGCACTGGATCCGAGCGACTTTGATGTGCCGATCGAACTGAATGAACAGGTGAAGGCGTATATCCTCTACTATCAAACTCGAAAATCGGGAGTGATGAGCCGGGCCTTTGAGCGATCAGGTCGCTTTCTGCCGATGATGCGCCGGATCTTTCGAGATCACGGCATCCCACAGGACCTCGTCAACCTGGCGTACGTCGAAAGTGGTTTCAACTACCGCGCTTATTCCAAGGCAAAAGCATCCGGGATCTGGCAGTTCATCAAACCGACCGGGAATCGGTATGGGATGAGGGTCAACTACTGGCTTGATGAGCGGCGGGATCCGGAAAAGGCGACCCACGCGGCAGCCGCCTACCTGAAAGACCTGTATGAGATGTTTCAATCCTGGCCGCTGGCTCTGGCCGCATACAACGCAGGGGAGTATCGGATTCAGCGGGCCATCGAACAGCAGGGAACCACCGATTTCTGGTCGTTAAGGCTTCCGAAGGAAACTGAGCTCTTTGTTCCCGCCTTCATGGCGGTCACCATCATTGCCCAAGACCCCGATCGGTACGGCTTTGCCGCACCGGTTGAGGAGCCATGGAATGTGGAGCGGGTGACAGTGCCAGGGGCCATTGAGCTACGTTCTGTGGCTCGGACGGTAGGCGTGTCGTCAGACCTGATCCGGGATTTGAATCCGGCCCTGATGCGCGGGGTGACTCCCATACACGCTTCCGAATACGAGATTCTGCTCCCGCCTGGCGCCAAGGAGATCCTCTTGGCTAACCTCGATCAGCTCCCACGGTACTCGTACCGTGAGCCGGTCAGGACAGCAGTAAAATGGCATCGGGTCAGAAAAGGGGAGACGTTGGAATTAATCGCCTCGCGGCACCGGACTGTCCCTGCCGAGCTGGCCGGCTTCAACGGCCTGAAGGTTGGCGACAGGTTGAAGGTGGGGGCGCTGCTTCGATTGTCGCCGGCTGCACCGGCGAGCAAGGGGGCCGTGGTCTCTGTGCGAGGCGCCGGCTCCAGGGGTCGTCCGATGGCAGCGAAGAAGGCTGTATCCTCGGCCCGTTCCGCCGCCTATATCGTCAAGCGCGGCGATACGCTCTCGAAGGTCGCCAGAATTTACGGCGTGACGCCTGACAATCTGCGACAGTGGAATGGCCTGAAACGCCAGGCGAAGCTTCAACCGGGACAAACATTGCAGGTAGTCGCTCAGACCGCAAAAAGCAA
FP565575.1_gap54	2448670	2449785	1115	TGCCGATACTGTCGGTAGATGGGGAGCAGATCAGGACCTGTTTCGTCAACGTCCTGGTGAATGCTCTCCAGGCTATGCCTCAGGGGGGGAAGCTGGCGATCGCAACCAGGCTGGTGAACGAGACCGATTCGTCCGGGGGTCCATCGCCACTCGCCGCGAGCAGGCGCTGGATCGAGGTCAGTTTTCAGGATACCGGGCATGGGATCGCCACGGCAGACCTGCCGAGGGTGTTCGAGCCGTACTTTACGACCAAGGAGGTCGGGATCGGATTGGGATTGGCCCTGACGAAGAAGATTGTGGAAGAGCATGGAGGGACGATTGCGTTGGAGAGTATTCCAAACCGGGGCACTACGGTGAGCATCCGGCTACCGGTGGAGGAGCAGGTCTGATGCGTGAGGGACGGATCCTGGTAGTCGACGACGAGGGTCCCCAGCGAGAGATCCTTCGGACCATCCTATCGGCTGAAGGCTATTCGGTTGAAACGGCACCGGGAGGGACGGAGGCCTTACGGCGCTGCCAGGAGAAATCGTATGACCTGGTGCTGACCGATCTTCGAATGCCGGGAACCGACGGCCTCTCCCTTGTGGAGCGGCTGATCCGAGACGACCCCCCCACCCTAGTCGTTCTGATGACCGCCTACGGCTCGCTGGATTCGGCCGAGCAGGCGTTGAAAAAGGGGGCCTTCGATTATCTGACCAAACCGCTGGAGCGGGAGGAGCTGCTCCTGACGGTAAAAAGGGCCTTCGAGCGCATCCAGTTGAGCCGGGAGAATCGGTTGTTGCGACAGCAGGCAGAGGAGCGTTTTCGCATCGAAGGGATCGTGGGCAGCCATTTCCGGATGCAGGAGGTCTTTGAGAAGATCCAAAAGGTCTCAAACAGCAACACGACCGTGCTCCTCATAGGAGAGAGCGGGACCGGGAAAGAACTGATCGCCAGAACCATCCATCGACAGAGTCCACGCAAAGATCGCCCGTTTATTGCCGTCAACTGCGCGGCCATCCCTGAGAGTCTGCTGGAAAGTGAGATCTTCGGCCATGAACGGGGCGCGTTTACGGGGGCCGTAGACCGACGGGCCGGCTGCTTTGAGCTGGCGAACGGCGGGACGATTTTCCTGG
FP565575.1_gap55	2500099	2502574	2475	CAGGCAGTAAGGTTCCCCTGTCCTTCGTCCGGTTGTTGGAGCAGGAGCAGTTTCATCTGGTTCCCGATTCATTGTACCTCACCAGATTTCTGACGGAATATGCCGTCTTTCTCAGCCTTGATCCCAAGCAGCTCTTAGCACATTTAAAGGAGCAGGTGGATTCCGCCAGACTGAGGGAGGCGCCACATCCGACGTCAACAATAGGCTCTCGGACTGATCTTCGTCGTCTGCTGATCTATCTACTGCCTGCGGTGGCCGTCATTCCCCTGATCTTTATCGGGCTCTCCCTTTTCTCCGGCCCGTCGCCAACAGTGTCGCCGGTTCAGCAATCGGAGGCGCCGGCGCCTCAGGGGGCGTTCACACCGACTCCGGAGGCCGTAACTGTCATTCCGCCAGACCCTCAAGCTGTCTCCTCCGCTCCAGAGCAGCCACAAGAGTCGACCCCGGCCCGCCAAGCCGTTACTCTCCAGGCGCAGGAGCCTCAGGTCACCCCTTCCCGATACAGGCTGCGGGCTGAGGCGAAGGAGACAACCTGGATTGGGGTTGCAGCAGACGGGGCACCTCGGAAACAGGCCCTGTTACGTCCGGGCGAGACGGCGTCGTGGTCGGCAAATAATGGATTTGTTGTGACCATCGGCAATGTCGGAGGGGTGGCCCTTATGCTGAATGGTCGGCCGGTTCCGCTGAAGGGGGCGCGGGGCCAGGTCATCCAGAATCTTGCCATACCTGAGAACGGCGAGCCGCCTCCCGCAAGGCAGTAAGATGGGGATCGGAATGAATCCGGGTATCGCTCACGATCATGGGGATTTCGTGAGTCGGCGTTTGCAGATCGGGATCGTCCTGAACCTTCTATTTGCCTTGGCGGAATTGGTAGCAGGCCTGACTGCCGGCAGCCTCGCGCTCATAGGCGATGCGTGGCATAACTTCAGCGACGTCATCGGGCTAGCCATTTCATGGATCGCGCTTCGGCAGATGGAGCGCCCTGCCAACGAACGCAAGACATTCGGCTATCACCGGGCTAGTATCCTCGCCGCCCTCGCCAACGGGATTGCGCTGATCGGTATCACCCTGTGGCTGTTCTATGCGGCTATCAATCGGCTGGGGTCCCAGGTTGTACCGGAGGCGCCCATCATGATGGCGGTGGCAGGGATCGGGTTTCTGATCAATGTTGGGGTTGCCCTGTCGCTTCGGCGCGGAACCCGGGATCTCAACATCCGCAGCGCTTTTCTGCACCTGCTGAGCGATGGGTTCGTGTCGCTTGGCGTCGTGGCGGCCGGAGTCGTCATCCTGCTTACCGGTTGGGGTCCGATCGATTCACTCCTGAGCGTCGTCATTGGACTGTTGGTCCTGGTTGGCTGCTGGGACATCGTGGCGGAGACCGTCAATGTGTTGATGGAGGGCGTTCCGCGTGGGGTCCAGATGGATCGCCTCTTACGGGCGGTACGCAGCTTCCCGGAGGTCCAGAATGTGCACGACCTGCATGTCTGGAGCCTCAGCTCTCATGTCTATGCTATGAGCTGTCACCTCCAGGTAACTGATCTCCAGACCAGTCAGGGAACTCGGCTGCTCGATCGGATCAGTCACATGCTGAAGGAACGCTTCGGCATCGCTCATACAACGTTCCAGCTTGAGGCTGAGGCCTGCACGCTTGAGCAGGCCTGTAACCTCAATTCCTCAGACAATCGCAGTCAGCCGTCAGCGCTCAGCGGTCAGCCTCGGTAAGGCAGATTCACCCGCTTTTTCCTTTCCTCTCTCCAGCCAACCGTTCTTTTCTCGCGCCGTGGGCGTATTCAGCGACTCGGTAGCCTCGATCCAGTTTTCGATCTGCTCCTCAATCCAGCAAGCAACGTTTGGATGCGACATAATACCTTAATCGTTCAGGGTGTGATCGAGTTCGGTAAGCAATTTCCCGTAGGAGCCAGTCCCTTTTCACTCAGTGACCGTAAACAATGCCAGGATCTTTTTCATCTCTCATTCCACCTTTCGAAGATCGTCCCGATAGGCGTTGGGAACTTTCATGTACAGCGCACCGAGAACGGAGACGATCAGCGCTGCCATGGTGGTCTGGAGGAGAAGGAAGGCGCCGATCTTGAGATAGGCGAAGGAGGGGTGCGCAAACCGGATCAACCAGCCCGCGGCCTCGTTGGAAATCGCGGACACGAAGGTCAGGTGTATCAGCCAGATCTTGGTCAGAGGCCTGAAGGGCACGAACAGCACGAGGTGGCTCAGCGTCAGGATGAAGACGCCCATCGCCAGGAGATGGAAATGACTGATTTCGAGCAAGACCTTATAACTGCGAGGCGGCATGAACTGCGCCTCGGACCCCCCGTAGTGAGCGACGACGGACTCGTAATTAAGCCCCATCTGATTAAAGAAGAACAATGCGTTGGTGAGCCACAGGCCCGCGCTGTAAAAGAGAAACCACAGAATGATGGCGCGAAGCAGCCGGTTCTGGGTCCACTCTCCGGTGACGAC
FP565575.1_gap56	2527555	2529144	1589	CAAGCGATTGCGGATCGATCCCCAGCGCCCGCTGCACGCCTTGCACCTCATCGGCGACTATCGGCAGCTCTCCCGGTTCATCAATCGTCCCGTGAAGCTCAACAAAGCTGCCCAGCCCCTGCGTCTTATCAAGGTGGATCCGGATATTGTCGAGCACAAAGGTCTCGCGTCGCTTCGCAACCACGATGTTGATACCGAGCGCCTTGGCCAGCATCGCCTTGAGGCCCTCCGCATCCTCGACGCGATAGAGCTCGTAGTGACTTTCCTGTGCCCCGGCAACATCATCTCGGATATAGTAAATCAGCTCAGCGCCGGACTCCAGCGACTCTCGGAGCTTCAGGCGGCCATGGCTCACGTTGAAATAGGTATCGACCTGCCGCTCCGGCTCCTGACCCTCCGCTCCAAGCGATTCACAACGCTCTCGAAGCTTTCCAAGATCCTCACAGCGTGCTTTCAGTTCAAGATTTAGCATTGGTCAGTTCCTCATCGCGCGGACCTGCCCTTCGAATCGGGCATCCGGTTCCACCCGGAACTCCTCCCCGCACTTGCCGCACTTTCCCAACCAGGAACGATCCGGCTGCCTGGTCAGGGTAACGGCGCCGCAGACCAGCTTTCCGGCAATTCGGTGAAGCGTGATGGCAACAAACTGCTGTTCCACTGTTTGCCTCCGAGCATCAAGCCACTCCAATTTCTTATCTCAATCTATCGTATCTGTCGGAAGAAAAAGGCCGTTTGCTGATCGAGAGGGCGGGCTTCCCTCAGACAGTCGCGTCCGAGTCCTCCGGTGAGCGTCCGGCAGGAGCTTGGCCGTCGATGACCGTACGGACCGCCGCAGCCAGGTCGGCCCGGGAAAATGGCTTCCGAACATAACCGACAACCCCAGAGCCTTCCAGGCTATGCCGGATCTCGTCCGGAGCATAGCCGGTGGCGACCAGCACCTTGACGTCGTGGTTGAGGGCGCGCAGGGCCGGGATCAGGTCCGCCGCCCCCATCCGGGGCATGACGGCGTCGGTAAGGACCAGCGCAATGCCCGGGTGGGCCCGGAAGATTTCCAGCGCCTCGGCGCCATTCGAAGCACTGAGGACGGTGTACCCCAAGTTGCTCAGAAGGAGTTCTCCCAACTCCAGGACCATCGGATTGTCCTCCACCAACAGAAGCGTCTCGGTCCCACACGGCAGCACCTTCTCGGCCGATGGCGCGGCTGTTACCGCGGCGAGAACCAGAGGGAGAAAGACGTGGAAGGCGCTCCCCTGGCCTTCGGCCGTCTCCACCTCGATCCAGCCCTCGTGCTGCTGAGCGATCCCGTAGACCGAGGCTAAGCCCAAGCCGGTTCCATGCCCAGCCTCCTTGGTCGTGAAGAAGGGCTCGAAAATGCGATCCCGGATGGCGGCCGGGATGCCGGTCCCGGTATCGGCTATGGTCAGGCAGGCGAAGGCACCCAGTCGGCGCTCCGGATACCCACCCAGGCTCGCCTCAATCAGCGTAACGGGCGTCAGCCGAAGGGTCAAGGTGCCCCCGTACGGCATAGCATCACGGGCGTTGGTGGCAAGGTTGAGCAGGATCTGTTGCACCTGGGCGCCATCGGCATT
FP565575.1_gap57	2557874	2560189	2315	AGGTGCTGGCCAGCCTCGCCCTGAGGGCCGATCCCCAGTATCATCCGCTGCTGTGCCGACGCGAAACCGGCAAAAAGATCATAGTGGTCATCGCTGCCGACAAGGGACTCTGTGGCGGGTTTAACAGCAATATCATGCGCCGGTCGCTGGAGGTGCTCCGCACAACACCCGGCGAAACGACCGTCACGCTGGTCGTAGTCGGGCGCAAGACGCGCGATTTCTATCGGCGCCGCCCCTATGCGATCCGGTCGGAACAGATCGGTTTTTTCGATCGGTTGGCGTATGACCATGCGGCCGCGTTGGGCCGCGACCTGGCGAATGCCTACGTGGCTGAAGAGGCGGACGAGATCCATCTGATCTATAATGAGTTCAAGTCGGTCGCGACGCAGCGGGTTGTGGTGGAGCGATTACTCCCGATCGAGCCGTTGCAAGCCCCTGAGGAGCTGGCCGCCATCGACTTTATTTACGAACCATCGCCGCAGGTGATCCTGGAGGGTCTGCTGCCCAAACATGTTGAGGTGCAGGTGTACAGGGCGCTCATGGAATCGTTGGCTGGTGAGTACGGCGCCCGGATGACCGCTATGGATGCGGCGAGCAAGAACGCCTCAGAGATGATCGACCTGCTGACGTTGCAGTTCAACAAGGCGCGGCAGGAACGAATCACCAGGGAGCTGCTCGAGGTTGTCGGTGGGGCCGAGGCGTTGCGGGCGGCTAAGGGATAGAGGCAGCCGCCTTTGCTGAGCGCTGAAGACTGATTTTCAACCAGGAGTGAGACGATGAACGCAGGGAAGATCGTGCAGGTCATCGGACCTGTCGTCGATGTCGAGTTTGACCCGGGCAAGCTGCCGGCCATTCACAACGCCCTCGAGGTCAAGGCCCAGCAGACCAAGGATATCTTTTCCTACAGTGAACGGCTGATCGTAGAGGTGGCCCAACACTTGGGAGAGAGCCGGATCCGAGCCATCGCCCTCTCCTCCACCGACGGGCTTGTCCGGGGGATGGAGGTCGTTGACACCGGCGCGCCGATCACCATTCCCGTGGGCCGGGCTGCCCTTGGTCGGATCATGAACGTGATCGGGGAGCCGGTGGATAAACAGGGGCCGATAGACGCGAAGAACCACTATCCGATCCATCGCCCTGCCCCGGCCTTCGACGAACAGGCGACCAAGGTCGAGATCCTGGAGACCGGCATCAAGGTCATCGATTTGCTGGAACCGTATACCAAGGGCGGCAAGACCGGCCTCTTCGGCGGCGCCGGGGTCGGTAAGACCGTCGTCATTATGGAGCTGATCCGCAACATCGCCATGGAGCACGGTGGCCTCTCGGTCTTTGCGGGGGTGGGCGAGCGGACCCGCGAGGGAAATGACCTCTGGCTGGAGATGAAGGAGTCCGGGGTTATTGAGAAGACCGCCCTGATCTATGGTCAGATGACCGAGCCGCCCGGATCGCGGCTGCGGGTGGCGCTGACCGGGCTGACCGTTGCCGAATACTTCAGAGACGAGGAGAAACAGGACGTCCTGCTGTTCGTCGACAACATCTTCCGCTTTACGCAGGCCGGATCCGAGGTCTCGGCACTACTAGGTCGGATGCCCTCGGCCGTCGGCTACCAACCGACATTGGGTACGGAGATGGGCGAGCTGCAGGAGCGGATCACCTCGACCAAGACCGGTTCCATTACCTCGGTCCAGGCCATCTACGTACCGGCCGACGACATCACCGACCCGGCCCCGGCCGCAGCCTTTGCCCACCTGGACGCGACGACGGTCCTGTCCCGGCAGCTTACCGAGCTGGGGATCTATCCTGCGGTCGATCCGCTGGCCTCCACCTCCCGGATTCTCGACCCCCGTGTCGTGGGTGAGGAGCACTACGCTGTGGCCAGGTCGATTCAGAAGATCCTGCAGCGCTACAAGGATCTCCAGGATATCATTGCCATCCTGGGGATGGACGAGCTGTCCGAGGACGATAAGCTGGTGGTGGCGCGCGCGAGAAAGGTCCAGCGATTCCTTTCCCAACCCTTCTTTGTGGCGGAGCAGTTTACGGGTCAGCCCGGTCGCTACGTCAAGCTGAAGGACTCCGTTCAGGCATTTAAAGAGCTGATTGAGGGCAAGGTGGACGATCTGCCGGAGCAGGCCTTCTATATGGTCGGGACTCTCGACGAGGCCCGGGAGAAGGCCGAAAAGCTCGCTGGACACAAGTAAGCCGCCTATAACGCAACAGACGCAAGAGACTCAATAGACGTTTTTCGGGAAAGTTATGGCAGAACAGCATAGTCCGACTTTTATGCTCGAGGTGGTGACGCCTCAACGGCTGATCAT
FP565575.1_gap58	2735208	2738023	2815	GCCATGGTCACTTCGTGCTGGGCCTGCGCGGCGCGAAGGGAATATCCCGCAGCCTGGTCCTGGGCCTTCGCGGCATCGAGGGCTGCGATGTTGGAATCGTAGGTCGCCTGCGCCGAATCCCGCTCCTCTGCCGAGATGCCGCCTTCTTTGAAGAGGTTGATCCGGCTCCTTAGTTTGATTTGGGCATCCAGGACGGCGACCTTCGCTTTTGCCGCATTCGCCTTTGCGACTTCCAGTGAAGCCTTGGCGTTGGCAATGTCGGCCTCGGTTTTCTGGAGCATCGCCCGAGCGTTGAGGACGGCAGCTCGGGCGTTGTCCAAGTTGCCCTTCGCCTGGTTCACCTTGGCCTCAAAGATCTCCGGATCGATCCTGGCCACCAGTTGCCCTTTCTTGACCTTCGTATTAAAGTCGGCGTGGAGTTCCTTGATGTTCCCGGAGACCTGACTGCCGACCTGAACGGTGACGACAGCGTTAGGATTGCCGGTTGCGGAGATCGTTGCCTCAATGTCACCCCGCCCAACCGTCGCCGTCCGGTACTCAACCCGGCTCTGCCCACGCAGGTATGCCCAGCCGCCCAGACCGGACAGCGCGATCAGGCCGACGATGACCAACACCACCTTCGCTTTTGGCATCTTCATCGATATCACAGTTCGAGATGATTTGTTTCCAGGATCGTGCCCTTCTGAAGCTCGAGATTGGCCAGATCCTGGTTGTAGGTGGTAATCGCCTGGATCTCGCTGGCCTGGGCCGCCGCGAGGTCTCGCTGAAACGACAGGACGTTGAAGGTCGTGGTGACGCCGGCCTCGAGCCGCTTCTGTTCGACCCGCAGTTGCTCCTCAGCCAGCGTCCGAGCCGCTCTGGTGGCCTCCACGCGGCGGACATCGGCCTCCACGCGGCGGACCGCCTCTCGAACCTGAGAGATGATCTGGCGCTTGAGATTCAGCAGGCTCGTCCCGGCCTGAGCGTGGCTGAGCTTTGCCTGATTCAACGCCGACCTGGCGGAGCGGTTGCCTAACGGGTACGTCAGGACCAGGGCTGCCGACCACTGCGTAAAGTCGCCTGAGGTCAACCGATCCAGATCGCCGCCTGCGCTGCCGTTGAGGCCGTTGAGTCCGACATTGCCCTGCAATTGGAGGCTGGGCAGCAACTGGTTCCGCTTGATCCGCAGATCGAGATCGGTGTTTTGTAACGTCAGCTTGGCCGCGGCGTACTCCGGCCGCTTTTCGAGCGCCTCCTGAATGCTGGCATCCGTATTTATCCGAATCTCTTCAAATGGCAGCCGATCGGTCGGAAGAATCGTTCTGGCCCAGATTCGCTCCCCATCGGGGAAGTTGATGATGAGCGTCAGTTGATCTTCGGCGTCCTTGACGGCCTTCTCGGCCAGGATCACGTCCTGGACCCTGGCTGCGGCCTGGGCCTCCGCCTGCGTCACCTCAACCGGCGCTGCAACACCGGCCCGCACCCGTGCCTTGTTGAGGTCCTCCAGTTCCCTGGCCAGGCGCAGCGAGCGCCTCTGGACCTCCAGATTGTCAATGGCAAAGACGAGATTCCAGTAGGCGTTGTGAACGTTGGTAATGACCTGATTGGCCTGTTGACGGAGTTGCGTGACCGAGATCGCCTGATCGTTCCTGGCGATCTTGATCGGCGCAGTATTCACATCCATTCCGAAGTTCTTGAGAAGATCCTGGGTAATGCTGAGGGTCAGGAAACTCTTGTAGTACGGGTTAAGGGTTGCAAATTGCGAGTTGGTCTTAAATCGGTTGTTAGTCATGCTCAATGTATAACTGGCGCCGAACGGTAGCTTTTGAACGAGGGAGGTATTGACATCTCGGTTCTCTGTTGTGTTGACCGTTGCTCCTGCGAGCTGTGTTGCCGTCGGTGAGACGGTTCTGTTCGCGTCAAGCGTGAGAGAGAAGGTCGGATCAAAGACCGCCTTCGCGATACTGATGCTCTCGGATTTCACCCTTGGGTTGTAGGCGGCGATAGCAATATCAAGGTTATTCTTCAGCGCCAGCACAACCGCTTCGCGGAGCGCGAGGCGAAGCTCGCCTACGTCGCCTGATTCATCGGTAGTCGATTGATCCTGGGGCGCCGCGGAACCGACCGATTGCGCCAGATCGCTAGAGAGTTCGACGCGACTCTGCGCTAGAGGGGGTAATAGATCGTCCTCCGCGTTCGCTATAACCGCATGCAGCACAGCCAGACAGATCACCGACATCGCCCATACACATACCTTGCGCTGTAGCGCCGTCATGCTCCCTCCTTTGAAAACAGGGTATATGGGGTTTTGGGTTTGTGGTATCTACCCCACACCCTATACCCTGATCTTTGACCCTCTACCCTATCCTATGGCTTACGTTCTGACGCCTTCGATTGAGAGGCGGCGGATTCCTCCAGTCGACGCTCCTCGTCCCACCGCTTGAGGAACGCCTCGAAGCGGGGCTGCTGATCGGCATTCAGGATCGAACGGATCCGCTGGCGCGCCCGCTGCCTCACTTCTTCGAACTGCGGCTGAAGACGTCTGCGCAGGGTCAGAAACTCCTCACGTGTCTCATCCAGCGCCGTATTCAATGTGCCAGTCTGTTCCGGTTGGAGTTGCACCGCCTCCGTCAACTCTCTGATATAGCGCTCCCGGTTGAACTTCCCGGTCCAAATAGCCTGGCGCGGGGGATCGACTCGGTGCAGGTAGGCCGATAAGCTCAGGGCGCCGGCCGCGACACCCAAGAGAAAGACAACGAGAAAGGCGAGCCCAACCTTCGCGCGTGTCGCCATCATCTGATTACCTCGAACCCCCGTCTTTGCACGTTGCGCCTCG
FP565575.1_gap59	2740026	2741683	1657	GTATAGTCAGCGACACCTATCTGTCAGATGCCGCCGCTATCAAGCCTGTAAGTTTACCAGAAAATATGTATCTCCACTGCCTGTCTTATCGCCTAAGGTCTCAAGCAGTGTCGATATATAGTCTTTGATGTGGCTTGTTGTATCTGTGGACGAGCTACCGTCGGATGACTGGTTGCTCAGCAAATCAAGCAGAGATGACAACCGGTCCGAACCTATATTCATTCCATAGGTGGACATGGCATTTTGCATGCCAGCCGGCGGCGCGGGTGCGTTATCCTTCATGAAGCTGTTCAACTCATCCGCGCTTAATGAGCCGTCGCCATCCGTATCGTATACGGAAAAAACTTTGTCTCCATCTATGGAGTCGCCTTTTCTTTCCCTAATATTTTCGGCGAAGACTCCAAATTCCGACTTACTAATGCCGCCGTCGGTATCGGTGTCAATCTTACTGAACAGTCCCTCAAGCCGGCCCTGCATTCCCCGACCTTCCATCGGCCCATTCATTGGAGGCGGCGCGGGTGCGTTATCCTTCATGAAGCTGTTCAACTCATCCGCACTTAATGCGCCGTCGCCATTTGCATCGTACTTGGAATAAACGTCTTCAACGTTCGGTGAACTTCCGCTCATCTCCGACATTTTCTTCGCAAGGTCCGAGAATTCGGTCTTGTCGACCCCGCCGCTGCCGTCGCTGTCGATCCTGCTGAACATCCTTTCCTTGAACTGCTGCATCGACTGGACGTTCATTTGGTTGCCGAAACTGAACGAACTACTGATACTGCTTATCATGCGTTACCTCCCTTCCAGAGCTTTTTGCTCGAAGCGCTGCGGACGCTGGATGTAAAAGCAATCGAATTGCCACTTTCATGGATGGGAAGGAAAAATGTGTATGCCCCCAAACCGGATAAGTTACGTCTGATAACTACTCTTTCTGCTTTTCCGTACGCCTCTTGTCTTCAAGTAGGCTCGCCGCCTGTTTCAGTAATGCGGATTTCCAGTTTTTAATCTGGTTGGGATGAAGGTTGTATTGCGCCGCCAGCTCGGTCAAGCTTTTATTCCCGTAAATTAATTCCGTTACGACCTTTGCCTTAAACGACCCGTCGTATGTTTTACGGTTTTTCATTGAAGCATGTTCCTATATAAAATCCGGCAATTGATTGAATGTCATGTCGTAACTTAAATCACCAATAAAAACACTTGCTTTGAGGTCATTCCAGTTTATTTTCTTGCAGAAGACTTCTTCATTCCAGGCCGAAACTTTCTTGTGCCGAGGAAAATTTTTCCCGCTTTATGTTGATTTAGGGTGGCTGGTGAATATGGCCGAATTGTAAAAGAATTGAAATCGGCGGTCCCTCCTGACGCCCGTAGCCGAGCGTTGGTGCGGGTTCCCGGCTGCCGTATGAAGGTAACTGCAATACGGGCTTATTCATATCTCAGTGCCTGGATAGGATCCAGACGTGCGGCCTGGCGAGCGGGAAAGAAACCGAAGACGATGCCGACCGTCGCGGAGAAGACGAACGCCACAACGACGATGCCCGGGTTGAAAATGAACGGCACGTCAAGCGCAATAGCGCCGGCGCCGGCCGTCGCCAGCCCGAGCCCAATGCCGACCAGGCCGCCCAAGGACGAGAGCACCACCGCCTCTACCAGAAACTGCATC
FP565575.1_gap60	2750324	2752306	1982	CCGCTGACGTTCTTCACCACCTTCGTGCCGCCCTTCGTGATGGTGCCGTCCGCGTGAACGATGCGAATCCCGATGACCAGGTCGCGAGCGGTTCCATACCGCTGTCGCCATGGGCCGCTCGCATTGGTGGCAAGGATGCCCCCGATTGTTGCTCGCTCGTAGCCGGTAGGATCAAAGGGTAGAAACTGGCCGCTGGGGCGAAGAGATGCCTGAACGTCACGAAGCCGCATCCCAGCCTGAACGGTCGCCGTCAGGTCGCCCGGTTCGTGATCGATGATCCGCGCGAGCCGCTTCAGCCCAACAACCAGATCGATCCTTGCAGGGATACCTCCAAGACCGATCTGTGTTCCACTCCCCCACGGAACGACCGAAAGTCGCTCGGACGACGCATACTTCATAACCTCTGCGAGTTCCTGCGCGTCTCCGGGAAAGGTAATCGCCTTTGGAGCCTGATCATCTACGGCATACGCAACGCAGGATGCCGTCGCCAGGACATGGTCTGCCCCGACGATTTCGGCCAGCCGCTCTGCCAGGCGTTCAGAAGTCACGCTTATAGGGCGCCTTCGTCCCGCATCAGGCGAAGTGCGGCCTTGAAGGCCAGGATGGTTTTCTCGATGTCCTTATCCGAGTGGGCTGCCGAGATCCACCCATGAAAGAGGGGGAAATCGACGCCGTGCAGGATCAGTGCGCACCGCAGCCGGTGATATGCCTCCTGGTTGGGATGGTCCATGAGGAGGTGATGGTCGGGTGGAGAGTCGGGTCGGTGGAAGACAAGGCCATGACGGTGAGGCTCAAGGAAGAGGTTCACGATTGAAGATTCACCGTAGACACACACATCTACTCCGAGCGTCGTAATGACCTCGGTAAGCCCGTTGCGCAAGATCTCTCCGGCACGATCGGTTCCGATCTGGATCTGGCCGTCGGCGAGAAGCCGGAGTGTCGCCAGACCGGCCGCCGCTGAGAGCGGATTCGCGTTAAAGGTCCCGGCATGCCACACCCGCTCTTCCCGATTCCAGGTCGGATCGTCCCTGAACGCCAACTGGTCCATGATCGAGGCGCTGCCGACTACGGCCCCGCCAGGCAGCCCCCCGGCCAGGATCTTGGCCAGCGTGGTCAGGTCTGCATAAATCCCATACCGCTGCTGGGCGCCGCCAGGGGCCAGGCGGAACCCGGTAATCACCTCGTCGAAGATCAGGACGATGCCTTGGGCTCGGGTGAATTCCCGGAGTCGTCTCAGGAAGTCGTGATTCGTGGGGATCGTACCGCAACTGCCGCCTTCCGGCTCCAGGATAACGCCGGCAACATCGTCCCTGCCCGAAACCAGCGCGATGAACGCATCCCAGTCGTTCGGTGGGCAGATGAGAATCTCGTCAAGGGCGCCCTGCGGTACACCGGCGGAAACAGGCCGGTCAAAGGGCGGACGGATTGCGACCGCCGCATAGTCGTGCCATCCATGAAAGTGGCCCTCGAACTTTACGATCTTACCCCGGCCTGTTGCAGCCCTGGCCAGCCGAATCGCCAGAAGCGTCGCCTCAGTCCCCGAGCCGACAAAGCGGACGCGTTCGGCACGGGGATTGAGTTTCAGCACCTGCTCGGCCCACTGCACCTCCAATTCGTGGCAGGCGCCGTAGTGGGTTCCGCGGTCAAGCTGGTTCGCAATGGCGCCTCGAACAGCCGGGTGCCCATGGCCAAGGATGAGCGCTCCGTGTCCTATCCAGTAGTCGATCAACTCATGGCCATCGACATCCCACTTCCTGGAGCCGTGCGCCCGATCCACGTAGATGGGGAAGGGATGGAGATGCCGGATGTCGTGAGTCAGGCCGCCGGCAATTGCCGCCCTGGCTTGCCGGAACAGAGACTCCGAGCGAGGATGGGCTCGGCGAAACTGCTCATAGATCGACGTCTCGGCCTTCTTCAATCTTTTACCTGCTTCACCACAGCCTGTATGGCAGTTTCAAGTTTTGAGTTTCAAGTATCGAGTC
