gap_id	start	end	length	sequence
NZ_AP026678.1_gap1	4481	8459	3978	CTTTATATGCATCCGGTGAATTTGTCTCCTGAACTCTTAAAGCTACATTATGTTCAAGCTCTTTGAATAAACGGTCACGTAATTGTCTTGAAGTAACAAATTTTCCTTCTTTACCATAGAATGGAGAATTATTGACCATGAATGTCATACTGATCGTTGGTTCATCAATAGAGATAATCGGAAGCGGTTCCGGATTATCCGCATCAGCAATTGTATCACCTATATCAACATCATCAATTCCAACGATTGCACAAATATCACCGCAACTAACTTCATCAACTTCTTCTCTGTTTAATCCTTCAAACACAAACAATTGTCTTATTTCAACATCGTGAATGTCTCCATTTCGCTTAATGATGGAAAGTTTATCTGATTTTCTCAGCGTTCCTCTGAAAACTCTTCCAACACCAATCCTTCCAACATAATCATTATAATCTAATGTCGTAATCTGTATTTGAACACCACCTTTATTATCTGGCGGTGGAGGAATATCCTTAATGATTGAATCGAGCAAAGGAGTTAAATCTTTCTTTTCATCTGAAAGATTTTTAACTGCCCAACCATTTCTGCCACTTGCATAAACTACAGGAAATTCAAGTTGGTTTTCATCCGCACCAAGATCAATAAATAAGTCATATACTTCATCCAGAACTTCTTTGGGGCGGTTATCCGGCCTGTCTATTTTGTTTATAACGACTATTGGTTTGAGATTAAGGTCAAGTGCTTTTTGTAATACAAATCTTGTCTGTGGCATCGGACCTTCAAATGAATCAACGAGAAGTAAAACTCCGTCAGCCATCTTCAGAACTCTTTCAACTTCGCCGCCAAAATCAGAGTGTCCGGGAGTATCAATTAAATTTATCTTATAATCTTTATAAGTGATACTGATATTCTTTGCGAGAATTGTTATTCCTCTTTCACGCTCGAGGTCGTTGGAATCAAGAAATCTTTCACGGACTATCTGATTATTTCTGAAAACCTGACACTGTTTTAGTAACTGATCAACTAATGTTGTTTTACCGTGATCAACATGCGCTATGATTGCAATATTTCTTAGTTTGTTCATTATTATCCTTTTATTAATTCAGCCAACAAATTTAAGAAATTAATCTCTCAGATAAGTGATTTTGTTTGTGATGTATGTGTGGAAAAGCTAATACTCCATCGGAAAGTTTTAACAGTGTTATTATTCTACTTTAACAACTACTTTTCCGAATGTTTTTCCTGATTGAAATTTTCTTATTGCATCGTGCATTTGTTCAAAACTAAAAATTTCGCCGATGTACGGTTTTTCTAATTCAAGTTCCAATATTTCATCTAGTAATGATTTTAAATAATCACCTTTTTCATAAAGCCATATAAGATTAAAACCCATTACTGATCGGTTCTGCTCAATCAATTTCAGAATGTCAACTTTGGGACGAGTGAAATATTTATACGCAAGTTCCAGATAATTTGGAAAAGAAGTATGAGTTGCAAAATTTGATGCACCGTAAATTATTGCTCTGCCTTGTGGAGCTAAAAGATTAAAAGTATCCTTAAAGTATTTTCCGGTAAGCGATTCAAGAAGTAAATCAATTTTTCTGTCATTTAAAACTTTTTTAAGATCAGGAATAAAATTTTTATCACGAACCAGAATATAATCTACTTTTTCACTCTTGATTTTTTCAATTTTATCTGGGCTTCCCACCGTTCCGATTGTAGTGCAATTAAATTTTTTTGCAATTCTGTTTGCATAAATTCCAACTCCACCGGCAACACTGTGAATCAAAACAATTTGATTCTCTTTAATATTTCCCAATTCCTTTAATGCGTAATAAGCAGTCAATGCCTGAACAACAAACGAAGCTCCTTCTTCAAAAGACCAACCATCCGGTAATTTCATTAAATAATTTTTGTCAAGATTAATGTGAGTGGCAAACGCACCAAATTTAGTAACGCCAATAATTTTATCACCGACTGAAAACTCATTCACTTCATTTCCTTTATCAATCACAACACCTGAAAATTCCAAACCGGGAATTAAATTATTTTTTGGTGCTGCTTTATAAAGTCCGTGAATGCAAAAGAAATCAGCAAAGTTTAACCCTATTGATTTGACTTCTATTGTAACCTGATTTGATTTTGGAGTCGCCAGATTATCTGAGGTAAGTTTTAGTTTGTTTAAAGAGCCGGTCTTTGACATTAAGTAAACCATCCGATTCATAAATACTCCAAACAAATTTCAAAAAATTATTTTTTGCATAAACGAACAAATAAAAATAATATTTTTAAGATTAAGAAATGATTGAATCAAACATTCCGTAGCTTAGAACTCCAGTCATTAGCATTTAATATTAAAATCCGCACAACTTAGGAGAATTGTGCTACGGTAAGTCATTCAATTGTTTTAAATTTGAAATGTTCATTTAATTATTCCTGATTTTACAGCATAAAATTAAAATATTATATCGAGGAGCAAATGCACGAAAGACTTATTGAATGCGTCCCAAACTTTTCTGAAGGACAGCGTCCTGAAATTATTAAGCAGATAACTGATGAAATTGAAAAAGTAGAAGGCGTAAAACTGCTGGATGTTGATCCGGGCTTCGATATGAATCGTACGGTTGTAACGTTTATTGGAACACCTGAAGGGGTTAAAGAAGCAGCATTCAATGCAATTAAAAAAGCCGCAGAACTTATTGATATGTCAAAACACAAAGGAACACATCCACGAATGGGTGCAACGGATGTTTGTCCTTTTGTTCCGATTGCAGGTGTAAGTGAAGAAGAATGTATTGCTTTATCAAAAGAGGTTGCCAAAAGAGTCGGCGAAGAACTTGGAATACCTGTTTATCTTTATGAAAAGTCAGCCACATCTCCCGAAAGAATTAATCTCGCAAAAATAAGGCAAGGAGAATACGAAGGTCTTGAAGAAAAACTTAAAGATCCAAAATGGAAACCGGATTATGGTCCTGCAAAGTTTAACCCAAAATCAGGCGCAACAGTAATTGGAGTGCGGGAATTTCTTATTGCTTATAATATCAACTTAAATACTCGTGAAGAAAAATACGCAACTGATATTGCATTCGAATTAAGAGAAAAAGGTCGTTCAGCAAGAAAAGGCGGTAATGGTCCTTTCTATTTTAAGAGTGAAGAAATACTAAAATATCAGAAAGGTTCTTATCCTTGTGGTAGTTGTGAATTTGTGGGTAAGGCAATTGAAGAAACAATTACTCACTGTAAAGAAGCTCACAATTATAACCTGGAGGAATTACTTGATTTAAATGGAATTGATCCGAAAAATCCTGAAGGTCAATCGGTTAAGATTCCCGGAAAGTTCAAACATTGCAAAGCAATTGGATGGATGGTTCCAAAATATGATCGTGCACAGATTTCAATTAACCTCACAAACTATAAAGTTACCTCAATGCATCATGTTTTTGATGAAGCATGCCGACTTGCAGAAGAAAGAGGTTTACGGGTTACAGGAAGCGAAATTGTTGGAATGGTTCCTTATCCTGCATTGCTTGAAACAGGAAAGTATTATTTGAGAAAGCAACATCGTTCAGTTGGTATACCGATTCGTGATATTCTTAACACTGCAGTTCAGTCACTCGGGCTGAATGATGTTTCCCAATTTAAAATTGAAGATAGAGTTTTAGGTCTTCCAAAGAATATTGATACAGCACTTGTTGAAATGAAACTCACTGATTTTGTTGATGAAGTATCACGGGAAACTCCCGCGCCCGGTGGTGGTTCAATTGCCGCATTATCAGGAGCGCTTGGGGCAGCTCTCTCATCAATGGTAAGTAATCTTACAGCATTCAAACGAGGCAGTACACCCGAAATTGATTCAATCCTGAACGAAGCTGCTGAAAGATGTCAGTTTATTAAAGATTCACTTGTAAAAGCTGTTGATGATGATACAAATGCTTTTAATGATTATATGAATGCAAGAAGACTTCCTAATAAAACATCAGAAGAAAAGAAAGTCCG
NZ_AP026678.1_gap2	13978	14773	795	AAATAAAATCATTGTTTGCAGCTAAGTCTGAATATTTCATATATGTATTTATATTAGTCGGTAATGGAATTTCTGTCCAGTTTGAACCATCAAATTTATACAAGCTGCTTTGCATAAATGCCCAAATGTTATCATTATTTTCAACACAACTACTTATCCAATAAAATGGTGTGTTAAAGAGTGAAGTCAAATTCCATTTTTCTGTGCTTCCATTATTGTATCTGACAACATAAGATGAATCATAATTTCCTGTTAAGGCAAATACTGCACGATTTTGTGAATCAAAATCAATTGACTGAATAAGATTTGATTGGGAGTTTAAGTTTGAAGAAAAGATGAATAATTGTAAAAGTGCTATTACAAATATTATTCGAAAATCCGGAGTCAATAATCTGGTAATCATTCTTGCCTCCACAAAGTAATTGTTATTCTACATAAACTTACATCACCTTATTGAGAAATTCAATATTGAAATCAATTATTGATTTGGTTGATGTTCTTTCAAAAATTTTCTTTTGAAAATTAGTAAAACCAAAATAAACAGTACTGCATTGATTATAATCAAATTCATAATTTCAAAAGTTATGTGTCCGATGTTAGCTCCCATCGATACTATTCTATGAATTGCATTCATATACGCAGTTGTTGGAATTAAATAACCAATTGCTTTTGCGATTGTGGGCATGGCTAATGTTGGCCAGGAATAACCTGTGAAAAAGAATAATGGATATGAAGTGAAAGAAATAAGAATTAAGGCATACACTTTTTTGGAAAAGAAATTTCCAATTATAAGAG
NZ_AP026678.1_gap3	16176	20399	4223	TGGAACAGCGCCCATCATTACAACCATCATAAGAATAAAAGTTGTTAATCCGGGAATCAGATATGTTATGTAACTGTAATTTGGATTGTATAAAACATTCGTTTCAACTTTCAGTGGATTGACAAGATTCAAAGATTGATTTTCAGTTAAACCACCTGACTTAAATTTTTTTAAGAGAATTCCTGCATTAACAGTCTTTAATATTTTAGTCCCATCATTCAGCAAGCTATTACTTATTAAAAGATTGCTTGCATCAATAAACATTACAACATTTGATTGCTTTCCGGATTTGATATCTGAACTTAGCTCAGCAGGGAAGTAGAATCCACCATGAATTTTTCCTCTTAGAAAGTCTTCTTTTAATTCTTCTTTCGATTCACAATAATTAACTATTTTCATAGAAGGCGAAGATTCAATGTATTGAATAAGAGTTCTGGATAAATCTGATTTATCCTCATCTACAATTGCGACCGGAATCTCTCTTATGATTTCATTCTGATAAACAATTGAAAAGCAAAGAAATATAATTATTGGAAACAGTGAATAAAGAAAAACTGTTATTGTGCTGTTCTTTATCTGATTAAATTCTTTTTGTGCAATATTTAAAATTACCTTCAGCATTTTGCATCTTATCTGGAAAGAATAATGTTTGCTGTCATTCCCGGTCTTAATTCAGGATTTTCGTGAACAGGCTTTAATCTTATTTCAAAAGTCTTGATATCAAATTCACCTTTCTGATTTGTCGGTCTCCAATTTGCAAAATCACCCATCGCTGAGATGTAATAGACTTTGAATTTTATTTTCTTATCACCGAGTGCTTTAACAATTCCATAAAATTGATCGCCGATTTTAATTCCATTCATTTCATCTTCTTTCAACTGAATTGAAACCCAATAATCTTTTGTGTCAATCAAACTAAAAACAGGATATCCACTCGAGATAATCTCACCTTGATTAACTAACTTTTTCTGAAGTTCACCATCAATCGGACTTTTAATTTCAAGCTCCTGCTGATAAGCAAGCGCTTCTTTATAACCGTTCTCTGCCTGATAATATAGACCTTTTGCCATTTCAATTTCTTCATAGCGCGCACCCTTAACAACCATATCATACTTTGATTTAGCAGCATTCATTTGTTCAAATGCAGCTTTGTACTGAAATTCATAAACATCTTTTTCCTGAGCAGAAATCAAACTATCTCGATAAAGATTCATCATTCGTTCATAAGTCTTCTGTGCAAGTTCATACTGATGCTTTGCCTGAAGATAAAGTTTTTCAGTTGCTTCTTTTTCTTCGGGACGAGCGCCATTAAGTGCCATCTGATATTTAAACTTTGCCGCTTCAAGCTGACCTTTTGCTTGCTCAACTTTAGCATTCATTTCTTTGCTTTCAAGTCTTGCAAGTACCTGACCTTTTGAAACTTTGTCCCCTTCTTTTACGAAAATTTCTTCAACTCTTCCCGGAATTTTTGAAGCGACATTTACAGTTGTTGTTTCTATCAATCCGGTTACTATTTTTTCTTCATCAATGTTTGATTGAGCAACAATTACTATTACAGCAACTATTGCAAGCACAAATGGTAAAGCGATGAGATAATTTCTGAGCTTCATTTTTAGTTCTCCTTATTTTTCAAAATCGTTAAAACATTCTTTGGATTTCCGGCAGCTGAATAAAGCTCTGTCAGATTTGAGTAGTATTCGAATAAAGATGATTCAGAATCGAGTAAAGCTTTTTCAAAAGCCAGATTTGCATCAACAACTTCTAATGATGTTCCGAGTCCAGTTTCAAATCTTTTTTCATTCAATCTGAGATTTTCAACTGCGAGTGCAACAGTGGTTTTATTTCTGAAATATTTTTCTCTTGCATTGATTACATCTTTAAAACTTTTATTTATCATTAAAGAAATTTTACTCTCAACATTTTTTTGAAGAGAATTTACTTCTTCAATAAGATAATCCGCTGTCTGCAGTTTAGCATAATCACGCATACCGTTGAAAAGATTAATATTCAGTGATAGACCAACTGCCCAACGAGGTTCAAGTGTTGAAAGATATTCCGGATAAAGTTCATATTTACCGAAAGCAGCAAGTGTTGGTAAGAAAGAACTTCTTTCAACATTATATTTTTGTTCGGCTTGTTGTTTCTTTAATTCAATCAATTGGAGAATTGAGTTGTTATTCTTAGCGAGAGTTGAAAGATAATCCAGTGAGTCAGCGAAATCATGAAAAATTAATGAGTCATCTATAACAATTGTTTCATTCAAGTCCATTCCCATTTCATTTTTCAGTGCAAGGTAAGCCAACTCGAGTTTATTTTTATCCTCGAATAAATTTTTCTCAGCATCGGCTAAGGCAACCTCTGCACGCAGCAGATTATGATTTGAAATTAATCCTTGTTTTAACATTTTATCAGCACGATCACGATGTCTTTTTACTGATTCAACAACATCGTTTCTGATTTTAATTACATCATTCATCAAAACAACAGCAAGATATTTTTTAGTTACTTCTTTTGTTACTTCATCTTTAATTTGTTTTAATTCAACCTCAGCAGCTTTTTCATCAAGAGAAGAAAATCTTTTTGTAGCAAGAAGTTTTCCTCCGGTAAATATCGGTTGAATACCTACAAGCGTTGCGGTTTTATAGTCTTGCTTCTTCAACTCTTTTGTAAATGGTGGAATCAGTGAATTTAATTGAGAGCTGTATTGATTGAATAAAAAATTTCTCTGCTCGTTTGTTAGTTGAGGATTACCTTGCAACAAATTATAAATGTTAGCAAACTCAACCTGATTTTTTGATTGAAGTTGAATCATTGCTTGTCGGATTGGGTCAAGGTCAATTGCTATCGGATCATTTAAGTGTGTGTATGAAGCATTAAGATTTATCTGAGGAAGAAAGTTTCCAAGAGCTTCCAGATTCTGATATTCTTTCTGAAATAGCTTAGCTTCATACTGCTTGATTTGCTCATTGTGTTTTAGTGCATAATCAATTGCATCTTCCAATGTCAGACTCTGACTATGGATTGTAGAAATAGCTAATGTCAATAAGACAAATACTTTTTTCATAATAAACTCCATAAATGAATTACAATTCATTAAAAGACTAAAAAATTTTTAAATTAAAATTCCTTTTTTAACAATGTATTTAATATCCTGTCTTACTTTATTCAGTGGATATTCATTCGGATTAAGTGCCCATAAATGAAGTAAATGACGAACTCCGCCATAAACAAAATTCTTTGTAATACTTTTATCAAGATTTTTATTGAAAGAATTATTTTTTGAACCTTCGTCCAGAATCTTCTCACCTATTTCAAGAAAGTTATTGTAAAGATCGTTCAGCTTGTTGTTTTTATCCTGAAGAAAATGTGGTTGCTCTTTCACAAACAGCAGAGCAAGCTTTGAATTAGATGTGAAAACATCAAACACTGTATCAATAAATCCTTCAAGTTTTTCGATTGATGAAAGATCATCTCTATCGTAAATGGATTTTACCAAGGAAATCAACTTAATCCACAAGCCACTGAATATTTTTACAAGTAAATCTTCTTTACTTTCAAAGTACAGGTAAACACTTCCTGTAGCTACATTAGCAAGCTCAGCAATTTCCGAAATTTTTGCTTCGTGATAACCTTCTTTAGCAAAAACTTCAATTGCTGCTGCAATAATATCTTGTTCTTTATTTCCTTCTTTTCTTCTCATTGTCAATATAATTATAAATGAACGGCGGTTCAAAAATAACTACTTCAAGTACTCTCGTCAATAATTTTGTTTGCTGTTCGTTAATTTTTTGATTCATATCACTTCAATGATTCCTTAAGAATTATTTTCAAATCAAATTCGTATTAAAAAAATAATTATATAAAATTCAGAAAAAGTCTTCTTGGTTTTATAAGCAGTTGAGTTTAAGTTTTCAGTGTTAATTATAAATAATTTACCATAGGAGGATAAAATCTGTGATTATTGCCATACCTAAAGAACTCCTGCCTGGTGAAAACCGAGTTGCCTGCGTTCCAGATGTTGCTTCCAAATTAATTAAATCCGGATTTGAAGTTATAGTTGAAACCAATGCCGGACTAAATGCCGGATTTCGTGATGATCAATACATCAAAGCAGGGGCCAAGATCGCAAACACTGTAGAAGATCTTTATTCAAATGCTGATATTATCTTCAAAGTGCAGCGACCAATTGAACACCCGTCAGGAAAACATGAAATTGATTTATA
NZ_AP026678.1_gap4	21767	25146	3379	TTCAATCGTTGGAGCTCTTGTTGGTGCAATTATGGCTATCAAAGTTCCAATGACCGGTATGCCACAGATGGTTGGTTTACTTAATGGTTTTGGTGGTGGTGCTTCAACATTAGTTGCTTTATCTGAATACTTTAGAAAAAATCCAAATTATCCTGTTGACACTGGTGCTGCATTTATTTTACCAGTGGACCAGGGAATTGCGATAATCCTCAGTCTTCTGATTGGTGGAGTTACTTTTACAGGTTCTTTAATTGCATTCGGAAAACTTCAGGGAATTGTAACTGGTAAAGTTGTCAAATATCCTCTTCAGCATCCGATAAATCTGATTTTATTATTAGCTGTTTTAGCTGCTGGCGCTTATGTAGTAATCAATCCGAATGAACTGAATTTACTTTTTATCATAACAGGTGTTTCACTTGTTTTGGGTGTTCTGTTAGTGCTTCCGATTGGTGGTGCTGATATGCCGGTTGCTATTTCATTACTTAACTCATATTCCGGTTTGGCTGCCTCAACAACAGGATTTGTTCTTGGCAACAATGAGTTAATTATAGCAGGTGCATTGGTTGGTGCTTCCGGAATTATTCTTACGATAATAATGTGTAAAGGAATGAATCGTTCTCTGTTGAATGTTGTGATGGGAGGTTGGGCAAGCGCAGGAACTACTGGTCCGGCTACAACAACTTCACAAAAAGGTCAGGTTAAATCCATTGATACTGAAGAGCTTGCAATGTTGCTCGATGCTGTAAGCAGTGTTATAATCGTTCCAGGTTATGGAATGGCAGTTGCACAAGCTCAGCATGCAATCAGAGATTTAATGAATGTCCTTGAGAAGAAAGGTGTTAATGTCCGTTTTGCAATTCATCCTGTTGCCGGAAGAATGCCGGGACATATGAATGTCCTTCTCGCAGAAGCTCAGGTTCCGTACGATAAACTTTATGCAATGGAAGATATTAATGATGATTTTCCAAATACTGATGTTGTAATTGTGATTGGAGCTAACGATGTTGTTAATCCTGCTGCTCGGCATGATCCAAACAGTCCTATTTATGGAATGCCAATTCTGAATGTTGATTATGCAAAAACTGTTATAATCAATAAGAGATCATTAAATGTTGGTTATGCGGGAATTGATAACGAATTGTTCTTCTATCCAAATGCACTAATGTATTTTGGCGATGCTAAAGAAGCGATTACAAAATTAGTTAATGAACTGAAAGCATCTTCCTGATAATTTGGCTGTGTTTTATCCCTCTTTTACTTCGGTGAAAGAGGGATTTTTTTTGTTACAATGTTTCTGATGACTTCAAATAGTTAATGATTTATATTTGATATGAAAACTCAAATAATTTGGAGAGGTTTATGAAAATGAATTGGGAGCCATTTATTGGCTATATGGTTAATGTTACGATGCATGAAAATTATGGATTGACATTCGATTCGAAAAATGATCAGACTTTGTATGAAATAGTCTTTAAAACCGGAAAATTATTATCAGCTTATGAAGATGGATTACTTCTTGAAACTACTAGAGAAAATCATAAAGTAAATATCTTCATTCCCCACACCTCAGTAAAATGCGTTGAAATGTTTGACATAAAAGGGGATTAACATTGAAAAACCTATTTTTAATTTTTTTTCTACTTCTGACTTCTACTATTTTCAGTCAGGAAATAATTATCAGAAGTCTTCAGGTTTATACTTCAGATGATGAAAAATCATTCCCGGTTTTAACTTCAAAAAATCAGCTTGTGATTGAGTTTGATGTTCAAAGTGAAACGCTTCCTGTGTTTAACATTGTCTTCAGATTTTGTGACCGAAACTGGAAACCTGTAGATAATATTTTCTTTAACAATTATGGAAAAAATATTGCTTATTTTCTTGATCATTTTTCTTTACCGGTAACAGTTGAAGAAGCAGATTATCATTTCATAAATCGTTTTCCCGATAAAGCTGGTTATGTTAGTTTTCCTTTTTCCGGCAAATGGAGATTTTATGTTGTTGATCTGCAGGATACAACTAAAGTTTATGCACAAGGCAAATTTATTGTTGCAAATCCTGAAGTCGGATTAAATGTTGAGCTGAAAAAAGAAACTATTGAAGATAAATCATACTATCCACCTGAGCTTGCAAGATCTTTATGGGTAATTGCCAAAACTACAATTCCCGAAGATTTCTTTAATCATTTTGTTGACGAAGCAGAGATTATAAAAAATCATCTTGTGGATTACTCCCTAAGAATTACTCGGAACGGACAATTTGACTTTAACCGGAAGTTTGAATGGGATGGTTCAAACAATCTGACATTTATTGCTAAAGATTTTCGTCCGGGAAATGGATACAGACAGGTTAATTTGATGAACACGAATACTTACAGCGCTAAAAAAGTTCTTGCCAGGTTTGAAGGATTTGAATCGGATCGTTTCTATAAAAATCCATTACCTGATTTTAATGGCGGAATGATTCTTTACAATCACAAAGATCCTTATGCGACATATATGAATGTAAAGTTTTCTATCAAACCATCAGTTAAAATCTATGGAGATGTTTATCTTGTCGGAGCATTCAATGAATGGAAAGTTTCGCCTGAATATAAAATGGATTTTGATGGTGAACTTTATACTAAAACTATTTTACTGAAACGCGGTATTTATGATTATCAGTATGTTGTTGTTAATGGTGATCCGGATGTACCTGATGCAATTGATTGGTATATTCTCGAAGGTAATAATTGGGAAGCTCCAAACACAATTAATGTTCTTCTTTATTATCGTGATCAAAACTATGGTGGTTATGATCGCTTAATTGGATTTTCAAGAATTAAAACAAAGTAAATAAAATGGAAAAATTAAAAGTTGGAGTTGTTGGAGTTGGTCATCTGGGAAAACTTCATACAAAAATGTTCAAGTCAATTGAGAATTGTGAATTGATTGGTGTTTATGACGCAAATGAGCAAACAGCAAAATCTGTTGCCGATGAATTTCAAACATCTGTTTTCACATCACTTGATGATTTATTAAAAAACACTCAGGCAGTTTCAATCGCTGCTACAACAAGTGCTCATTATCAGTTAGCAAAGCAAGCATTTCAATTTAATAATCATGTTTTCATCGAAAAACCAATCACTGCAACAATTGAAGAAGCAGAAGAATTGGTTCAGATTTCGAATAACAAAAAATTAAATCTTCAGGTTGGTCATATTGAGAGATTTAATCCGGGTTTACTTGCGCTCGAGCATTATATTACAGATCCGAAATTCATTCAAAGCGATCGCCTTGCACAATTTAATCCAAGAGGCACTGATGTGGCTGTGGTTCTGGATTTAATGATTCACGATATTGATATAATACTGAGCTTTATCAAAAGTCCTGTTAAAAATATT
NZ_AP026678.1_gap5	27720	30974	3254	CAACTTGCGATAATGATTCTTGTCCACATTATTATTTTTATTCGCCCAAAATGAAAGTTATTCATAAAGAACAAATAATTGCCGAATGGATTTTTCTCCATTTTGGGGGAGTTCCGTTTCCGATTCCATTACCTTTCGCCGTATTCCCCATTGAATCCGGCAGAAGGTCCGGAATTATCCCACCGGTATTCGGTGATGACGCAACTTACGGAACTTATTTTTCTCGCTTCGGTTATTTTTGGGCAATTAGTGATTATATGGATCTGAATCTGACAGGAGATTTTTACACACGTGGTAGTTACCGTGTTAACAGCTTGTTCCGATATGCAAAACGATATGAATTCAACGGTAACCTCGAAGGCAGTTACGGCAGTTTTGTAGTTGGCGAAAAAGATGATCCTGACAGAACCGAAACAAATGATTGGAGATTGCGCTGGAATCATAATCAAAATATTACTCCAACAATGAGATTTGATGCCAGATTGGAGTTTTTATCAAACAACAGAGTAACACGAAATATTTCGGATGTAAATGATTTGCTAAGAAATGAAGCCATTTCAAATGCAACATTGTTTAAATCCTGGGACGAATCCGGAAACAGTATGTCAATCAGTTATAACAGAAGGCAGATTTTTGAGACCAATGAAGTTTATGAAATACTACCGAATATTACCTTCACTTTATCGCAAAAATATCCGTTCAGATCCAAAACAGGCACTTCACAAAGTCTATTAGAGACATTTGGATATTCATATTCGGGTACATTTGAAAACAGACGTAACCGAAAAGATAGCGATTTGAAAATAAGGGGAGGAATTAACCACCAATTATCTGCAAGTCTCTCACCTAAAATCGGTTACATTAGTATTTCACCATCATTTAATTATCAGGAAAGATGGTATAATAAAAGAATTGAAAAATATTCCATCCCCAATTATGAAGGAAATGATTCAATCATAACGAATGATGTTAAGGAAATTAACTTTGTCAGAACTTTTTCGATTGGTGTTAATGCATCAACAAAATTTTATGGAATTTTTAATCCGGAAATGTTAGGGGTTAAATCAATCAGACACACGGTTATTCCAGGTATTAGTTATTCATTTACTCCTGATTTTTCAACTGACGGTTGGGGATACTATGATTACTATACTAATCAGGCAGGTCAAAGAATAAAGTACAATAAATTCGAACAGGAAATTTTCGGTGGTGCTTCGAACAGAGAATCACAGGCACTGAATTTTTCTTTGTCCAATGTATTTGAAATGAAAACGCAGAGTGATCCTACTGATACAACATCGAAAGAAAACAAAGTTCAGCTGTTGAATCTAAATGCAAATATTGGCTATGATTTTACCGCCGATAGCTTGAGATTTTCCGATTTAAGATTGACCTATCGTACTCAGATTGGAAATGTGTTCAGTTTTAACGGCGGCTCATCTTTTTCACTCTATGATTACGAAGGAACCACCCCACGTGTCAACCGGTTTTTATATGATGTCGGAAAAGGATTGTTACGGTTAACGAGTTTTAATTTTTCTATCTCACTTACACTCTCAGGAGAAAAATTAAAATCCACTCAAACGCAGCAAACAACAAGACCAACGCAGGAATCTGGCTTTGCACAAGATAACAGAAATATCTATCAGGGTCTTTATTATATGAGTGATCCGGACTTTTCAATTCCATGGGATTTAAATCTAAATTTTTATTACAATGAATACAGACCTACACCTTCAAATATTACAAAAACTTCCAGCATTAGCGGAAGTATGAATGTTAATTTAACCCCAGCCTGGAAATTGTCAATAACTGGAAGTTATGATTTAAATAGAAAAGAATTTGCAGCTCCACAAATTAGAGTTTCGAGAGATCTGCATTGTTGGATAATGAATTTTACCTGGAATCCTATCGGCACTTTTCGCGGATATATGCTTGAAATAAGGGTTAAAGCACCTCAGCTTCAGGATTTGAAAATCACAAAACGCGATCAATTCTTCGAAGGAAGATAATGATTCATTTTATATTTGATGGAAATAATCTTATTGGAAAAATTCCCTCACTAAAAAAATTGCACGATAAACAAGTCGCACGTTACAAGCTTGCAACAATGCTTGAAAGATATTTTCAAAAGAAAAAAGTTAAAGTGAGTTTGCATTTTGACGGTTTCGAAAATGAGCCAATAAAAGTTTCAGGAATTAAAATTCATTATTCACAAAACCGTTCAGCAGATGAAAAGATTAAAAAAGAAATTGAAGGAATAAGAAATCGGAATTCCGTTAATGTAGTCTCATCAGATCTTGAAATTATATCTTACGCAAAAGTTTGTGGTTGCAATGTGATAAAGTCGGAGGAATTTTATAATCGAATGATGATTCAGAAAAAGAATAGCAAGGAAGAAGAAAAACCTACGAGCTTTAACACCGATGAATTCAAAAAATTGTTCGGAATTGAATGATTCCTGATTTAAAAGATTCCTGCCAAAATATTTAAAGAATTATCTTGACCTTCTCATTAAAATTTCTCAAGTTTAATAGAGTAAATAACAATATTCATTTAAAACCACCACATTCCACAGGGAAGACTCATGAAATACATTTTTACACTTCTGTTTTTACTGTCGTCCAACTTTATATTCGCACAAATTGATATCAGAGAAATTTTTGAAAACAAAACGGAAGTTTATTTCCGTTTTGAAATAACCAATCGTAGTGAACTTGATTTTCTGACAAACATTATTTCAATCGATAATGTTAAGAATGGAAAGACAGTTTATGCTTATGCAAACATTCACGAGTTTGAAGAATTTCTTAAACTGAATTATGATTTCGAAATCCTGCCAAATCCTTCAACTCTTATCGAACCGGAAATGAGTAATAATATTGAGGATATATCTGCCTGGGATGTTTATCCGACTTATGATGCTTATGTAAATCTTATGAATCAGTTTCAGAGTAACTATCCTCAAATCTGTAAAGTTATTGATGCTGGCAATACAGTTCAGGGAAGAAAAATTTTATTTGTTAAAATTTCAGACAATGTTGATCAGAAAGAAGCCGAACCTCAGTTTATGTACACATCGAGTATGCATGGAGATGAATTAACTGGTTATGTTTTAATGTTGCGCCTCATTGATTCGCTTCTTTCCTCTTACGGTAGTGATGCAAGAATTACGAATATGATCAACAACGCTGAAATCTGGATAAATCCACTTGCAAATCCTGATGGAACTTACAGAAGCGGAAACAATACAG
NZ_AP026678.1_gap6	58679	62771	4092	AAGCAGCAATCCAATTGGCGGCATAATTACATCACCGACAAATGATGAAACTATTTTTCCGAACGCACCTCCGATGATTATACCTACTGCCATATCAACAACATTTCCCCTCATTGCAAATGCTTTGAATTCCTGTAACATCTTCATTTCTGAGTCCTCCTTATTTTGGTAATTATGATTTGATTAAGGTACTGAAAAATAGGAAAAAATATTTTAGCAATAACATTGTTACAGCTTTGACAAAAAAAAGTTTGTCAGCCCTTCAGGAAAACAGACTGACAAACTTTATTAGAATATTTTATGTTAAAAATATTTGATTACTTCATAAGAACCATTTTCTTCATCGCAGTAAAATTACCTGCCTGAAGTTTATAGAGGTAAACTCCACTCGGCAAATTAGTAGCATTAAAGTTAACACTGTGATAACCTTTCTCCTGATCTTCATTTACAAGTACAGCTAATTCTTCACCAATAATATTGTGAACAGATAATCTAACCGAAGCTTTTTCTTTCAGAACATATCCAATCAAAGTAGTAGGGTTAAACGGATTCGGATAATTCTGTTCAAGAGCAAAGTTATCTATACTTCTTACATCAACTTCAATGACATCTGAAAAATTATAAAGGCCATTGAAATCAATTTGCTTTAGTCTGTAATAATATTTGCCTTCAAATGCACTTCGGTCAATGAAGGAATAATTCTGAACCTGAGTTGTTGAACCATGTCCCTTGACAAATCCAATAGTTGTAAAATCAGATTTATCTGCGCTTCTCTGAATTTCAAATCCATGATTATTTAATTCAGAAGCTGTGGTCCAAACTAACTGAACACCTTCTTTTTCAAGAGATGCTGTGAATGAAGTTAATTCAACAGGTAATGGTGGTCCAGAGAATCTGAGAATTGTGCCTGAATTACCACAAGCCCAGGCAAAATTAGCTGTAGCATCAATACCATAGAGAGTTTGAGTTGTACCTGTTGAAAGTGCTGTCCAGTTTACACCATCTGAAGAATACCAGCTTGCACCAGATGAACCTACAGCTAAATAGAGGTTAAAACCAGGGACATTAACAACATATCTGAAAGCAGCACCGGTAACAGGAGTTACAGTCCAGGTTACACCTCCATCAGTTGTTTTTGCAGTTGTTCCATCCAGACAAACTGCAACACCTTCATTGGCATTAGCAAAAGCCAGATAACTGGAGCCAGCGAACCCTTGTTGTTGATTAAATCCTGACACCGTCCAGGTATTACCTTTATCTGTTGATTTATAAACTTTGGTAGGATTTGCACTACCATTATAATATGAACTGAACCAAACAGTGTTTCCAACAACATCAATAGAACCAGCAGCTCCATATTCGCCATTTGTGCTATCAGCCGGCGGAATATTGCTTGCAGGAACTCTTGTCCAGGTATCTCCACCATTAGTTGTTACAAGAATTTCCCAATAAGTTGAAGGCCAGGGATCAGGGTCAGCATAACAAACTCCATCATTTGCATTGAAGAAGCGAATGCCGTCACTAAAGCCAGCCGGATTGTTATATTGTGCTGTCCAAGTCATACCACCATCAGTAGTTTTCCAGATTGTAAAATCTGCAGAACCACCAACTGTACCTGTAACCCAGGCAGTTAAAGAATCAATTGCATCTATTGAATAATTAGTTACTGCTGCATTCGTTGGAGTTTTGACTTCCCAGGTAGTGCCTCCATTAATTGTTCTGAGAACAACTCCACTTGCACCGCAAGCCCATACAACATTGTCGTCAACAGCTTTAAGCTGTCTGAGTCTTACTGTTGTTCCACTGGTTTGCGCAACCCATTGAGAAAATACATCAACAGTAGAAAATAGAACGAGAACAATGAGAACAAATAAAGCAGGAATTTGTTTTTTCATAGTATTACTCCTGTTAATATTGATTGAAGGTGAATTGTTATTTAGTGCCCAAATGGTTCTCATTAAACTTAATAAAATATTTTTTCATTTGCCAAGTCTTACAGGACCAGCATTTTTAACTTCTTCGCTGCAACCATCAGAAAATAATTTAAAGTTCTCAATGAATCTTGCTGCAAGTGCATCATACTTTTTCCAATATTCATCTTTATTTCCCCAACTGCTTGAAGGATCAAGGACATCTGCGGGAACATCCGGACAAGTCAGTGGAACTTCGAAACCAAATAATTTATCTTTTCTGTATTGAACATTATCGAGTTTACCTTCAAGGGCTGCATTTAAAAGATTTCTTGTATGACGGATGGAAATTCTTTTCCCAACTCCGAATCTTCCGCCAACCCAACCGGTATTAACCAACCACACGTTTGCATTGTGCTTCAGCATTCTTTCCTTTAGCATAGCAGCATATTCGAATGGATGACGTACCATAAATGGTGCTCCAAAGCAAGCGCTGAAAGTTATTTGCGGCTCGATTCCTAATCCGATTTCTGTGCCTGCGATTTTCGAAGTGTAACCGCTTATAAAATGATATTGTGCCTGTGCCGGATTTAGTCTTGCAATTGGTGGAAGAACACCCGAAGCATCACAAGTAAGGAAAATAATATTTTTTGGATGCGAACGAACATATCCTTCAGGAACAATGTTTGGAATAAATTCAAGAGGATATGAAGCTCTTGTGTTTTCTGTAATGTGGTCGTCATCCAAATCAATGTAGCGGCTTGTTAAATCGTAAACTACATTTTCGAGAATTGTACCGAATCGTCTTGTCGTTGCATAAATTTCAGGTTCGTGTTCTGCAGAAAGGCGAATAACTTTCGCATAACATCCGCCTTCAAAATTAAACACTCCTTGTGAACTCCAGCCGTGTTCATCATCTCCGATTAATCTTCTCTTAGGATCAGCTGATAGTGTTGTTTTACCAGTTCCGCTCAGACCGAAGAAAAGAGCCACATCACCATCTTTTCCAACATTAGCCGAGCAATGCATCGGTAATACATCTTCAAAAGTCAGAAGGAAATTCAACAGAGTAAAAACTGATTTTTTAATTTCTCCGCCATAAAGCGTATTTGCAATTACAGCCATTCTTTGCTCAAAGTTAAGAATGATGGCGGTTTCGGTTCTTGTTCCATCAACTGCAGGATCAACTTTAAAGCCTGGTAAGCAAACTACAGTAAATTCAGGAACGAATTTTTTTAGTTCGTCACGGTTTTCAGTTGTGATGAACATATTTCTTGCAAATAAACTATGCCATGCTTTTTCCGTAATTATTCTTATCGGCATTTTATAATCAGGATCAGCACCCACATAACAATCCTGCACAAACAGTTCTTCACCCTGGCAATATGCCTGAACTCTTCCCATCAATTGATTGAACTTTTCAGAACTGAACGGACGATTATAGATTCCCCACCAAATCTTATCATTGGTAGATTGTTCCTGAACAATAAATTTATCTGCTGCAGCTCGTGCGGTATGTTTACCAGTATGAACAACAATAGGACCCTGTTTAGTAAGTCTTCCTTCATTGCGAAAAATTATTTCTTCGTACAAAGCTTCATCTGGTAAATTCCAGAAAACTCTATCAAGATCAGTGAAACCCTGATTTTTCAATCTATAATCAGAAGCAAGCTCCATTGCCTGCTTTGTAGCCGGTGTGTTGAATTCTAAATATTTACTCATGCCCAATCCCTCACTAATTTTCTGTCGCCAATGTATAATTCATTTGGTGAATTAGGATCTAAAGCCCATTTCATTCTTTCAATTCCTTCCTGAATGTCTTTAATCGAACCGCAATAACTTAAACGCAAGTAACCATCAAGTCCGAATTCTTTTCCTGGAACAGTAAGCACCTGAACTTTGTCAATAAGAAATTCGGAAAGTTTGTTGGAATCTTTTTCGTAAGCTGAAAAGTCAGCAAAACAATAAAATGTTCCGTCAGGTTTTGTAACACGAACACCTTCAAATGAATTCAGAAGAGCAATCATTACATTACGGTTGTTTTCAAGTGTTGCGCGCAAACTTTCAACTCCGGATTGAATTCCATTCAATGCACCAACAGCAGCTTTCTGCAGAATAACAGAAGGACCTGAGGTCTGATGTCCCTGAATATTTGCCATTGCTTCAATCACTTTTTTATTTC
NZ_AP026678.1_gap7	64915	65611	696	TTTTTCAATCCCATCCGCAGAAGCAACTATTTGGTTATCTGATTTTCTTATCTTTAGAAATTTACCTGCAGAGATAAGAGTTACATAATAATAATCTCCAAATTCTTTTATCATATGAGGCGAATCTGTTGTAGGTGTAGCCGATACATCAACTATTCTTGATACAACTTTAAAGTCTCCATCAATAACAGAAACAAAATCACTGGATTGATTGCATACATAAACTCTGTATGATGGATTGGTGAAAGGAATTTCTCCCAGATTATTTTTAGCTCCGTTATCAATCCAGTTTTTTATACGGGATTTTTGTTCCGATGAGAGATTTAAATTTTCGTGTGGACTAATTGGAGTTACATTGCCTTCAATAATCTGATAAATTAAACTTTTAGCTGAATTGAATGGAATCAAAACTTCACCTTCAAATTCTGCATTGTGTCCCTGATGCGGATGAACTGCACCTTTAATAAGCGATGAGTATTTTTCCATTGAAATGTCACCAGCAGGATTTGTCCCGGAATGACATCCTGCTGTAGCACAACTGTTTACAAAAACATCAGCAACGCCCGGGCTTTCAAAACCGTTATTATTCTCATCAATACCTGTTGGAGGATCGCTTAATCCTTCTCCGCAGGATACAATTATAATTGAAATAAAACTAACAAATAGAATTAAGAATAAAATTTTTCTCATTTCATT
NZ_AP026678.1_gap8	82221	84083	1862	CACAATATTTAATTCTTTCTCCTACAAGAGAACTATGTCTTCAGATTGCAGATGATCTTTCCGATTTCGCTAAGTACAAAAGCGATGTAAAGATTGCTGCAGTATTTGGTGGTTCAAGTATTGAAAGGCAAATTCAACTTGTTAGAAGTGGTGCTCACATAATTTCTGCAACACCGGGACGCTTAATTGATTTGTTGAAAAGAAAAGTTGTTGACCTTTCAAAAGTTAATACAATAATTCTTGATGAAGCAGATGAGATGCTGAATATGGGATTCAGAGATGATCTCGAAGAAATATTAAAATCAACTCCGGATAATAAAAGCACATTACTTTTTTCTGCAACGATGTCATCTGAAATTCGTGCGATTGCAAACAAATTTATGTTTGAACCTGTTGAAATAACCATCGGAAAGAAAAATGTTGGTGCAGAAAACATCAAACATATTTGTTACACAGTCAATGCAAAGGATCGTTATCTCACATTGAAAAGAATTGTTGATTATTATCCCGAGATTTATGGAATTATCTTTTGCCGGACTAAACGCGAAACTCAGGATGTTGCTGATCTTTTATTGAAAGATGGTTACAATGCTGAAGCTTTGCACGGTGATTTATCTCAGGCACAACGAGAAACAGTTATGAATAAATTCAGGCAAAGAAACATTCAGCTACTTATTGCAACTGATGTTGCAGCTCGCGGATTGGATGTTGATAGTTTAACGCATGTGATTAATTATAATTTGCCGGATGAACTGGAAATCTATACTCACAGAAGTGGCAGAACCGGAAGAGCAGGAAAAACAGGAACTTCCATTGTAATCACAAATCTTAAAGAGAAATCAAAACTAAGAACAATTGAAAATCAGACTAATAAAAAATTTGAACATCTTAAAGTGCCATCAGGTAATGAAATTTGCGCGAGACAGCTTTTTCATCTCGTAGACAGAGTGGAAAAAGTTGAGGTTGATGATTCGAAAATACAGTCTTTTCTTCCTGAAATAATGAAGAAACTTGATTGGTTGGATAGGGAAGAGCTTATCAAAAAATTTGTTTCAGTTGAGTTCAACAGATTTTTAAGTTACTATAGTAACCTGAAAGATGTGGAAACTCCTGTTGAATCAATTAAATATAAGTCAAATAGTTCTTCTGATTATAACTTTAAAAGATTTTTCATCAATTTAGGTCAGCTTGATAACTTAAAACCTAAAACTCTCATTGATATGATAAATGAATTCACCGGAACCACTGATATTGAAATCGGTGAAATTGAAATACTTAAGACTTTTTCATTCTTTGAAGTTGATTCAGAATATGCTGATAAAATTTTATTTGCATTCAGAAATAAATATTCAGGCAAAAGAAAAATTTCCGTTGAAGTTTCGGAAGGAAGAAATAAAAACCGTAGCAAAAAATCCTTCAGAGTAAAAGAAGGCAATTCGAGGAAAGAATTCCGCAGGAAAAGTTTTCAGAAAAGTTATAACAGATAAATTCTTTATCAAAAAATCAAAGTTGTCAGTCTCCGATAATCTAAGACTGACAACTTAGTTAATCTTACTTCATTAATACAAGTTTCTTTGTCTGACTTTGATTATTACTAATCAATCTTAACAAATAAACTCCACTGGTCATTGAAGAATTTGCCTGAAAGATTATTGAATGATCACCAGCTTCAAAATATCCATCTACCAATGTTTCAATTTCATTTCCGTTTATGTCATAAATTTTAATGATGTTTCTGCCAGCTTTATTTGTTTTCCAACTAATATTTGTTGATGGATTAAATGGATTAGGATAATTCTGATAAAGAATAAAATTATTCGGAGCAGGAATATTTTCATCAACAGAAATTGGTGCATCATATA
NZ_AP026678.1_gap9	282597	287558	4961	AGTCAAATCTGTCTCCGTGCTCATTAACTACTATTCTCTTTGCTTTGGTTTGAACAATAAAATCTTCAAGATTTTGTGAAGTCAGATTTCTTCCGAAATGTATAACTGTTCCGGGTAGGAAAAATTTTTTTAAATCTTTTCTTCGCACCAATGCTTCATAGTTTGAAATTAGATTCGGAATTTCTTTTCTAGAAAATCTTAATCCTGAATTTGCATCTGCAAAGATTGGTATATTTAATTTTGCCGACAATTTACTAAGCAGTTGAATAAATCTTTTATTAAATAAGCCCGCGCCTATAGTTATCAGATCAATCGAACGAACTTTAATTTCAGATTTTCGATTAACAATCGTTAAAGTTTTTCCGGATAATAAACTTTCTGAAAAACTATCAGCAAATTCAAGTAATGATTCATCAACTGTATCAGTAATTGAATCCGGTTCAAATGGTTTTTCAAACTGAAAGTTTAAATGAACAGGACCTTTATTCAAAAGTATGGAAGTTATAATTGCTTCATAAGCAGAAGTTAAAAGTATCTTCAAATTTATTTTATCAGGAAAGGGAAGAGGAAGTTCAGCAAATAATCTTATGTGATTTTTATAAATGTTGTTCTGATTGATTGTCTGATTTGATCCAGTGTTTCTTAAATACGCTGGCCTGTCAGCGGTGCAAATTATCAATGGCACACGACTTTGATATGCTTCAATTATTGCCGGATATAATTCTGCAGTAGCTGTTCCGGATGTAGTCACAATTACAACAGGTGAGTTAGTTGCTTTCGCAATTCCGAGTGCTAAAAATCCTGATGTTCGTTCATCAACAACAGGGAAAGATTTTATTTTCTTTTCAGATGCGATTGCAAATGTTAATGGTGTGCTTCTTGAGCCAGGCGAAATGCACGCATGTTTAACTCCGGTTTTGACAAGAAAATCTGTGAACAGAGTTGCCCACAAAATATTTCTGTTGACTTTAATCTTCATTACTGAAAAGAGAAATTATCGGCTGAAGCTTTAATTCTGTTTCGGTATATTCTTCAATGGGATTTGATTCTTCAACTATTCCGCATCCTGCAAACGCCATAAGTTTATTTTCTGAAACCAAAGCAGATCTTATTGCAACAAAAAATTCCGCATCACCTGATAAGTTGAATGAGCCAACAATACCGGAATAAAGTCCTCTGTCAAAACCTTCGAGAGTTTTAAGTTCGTTTAAGGATTGCCTGGTTGGTATGCCGCAAATTGCCGGTGTAGGGAAAATTGAATTTATTAGTTGAAAATATTTTGGTGATTCTTTCAACCGTCCGGAAATTTTTGTTTGAAGATGTTGGATATTTTTTAATCTTTTGATTAAAGGAGTTTCGTCAATTTCAATTTCAATCAAATGCCTCTGAAGATTATCACGAAGATGATCAATAACAATATCGTGTTCTTTTTTATTCTTCTTGCTTGCAGAAAGTAAAAGTGCAAGATCCGAATCTTCATATTCATCTGAACCTCTGTTTATAGAGCCGGCAAGAGCTTCGGTTCTGAAAAAATCTTTTTCAAATTTACCAAGTAATTCCGGACTTGAACCAAAGAAATAATCCTGATGAGATTTAATTAAAAAGTTCAGACAATCCGGATATTCAGAGTTGAGCTTATCGAAGACATCATTCCATAAAAAATTTCCGGATATTTTATAATCAACTTTTCGCGCAAGAACAATCTTCTGAAGTTTGTTTTCTTTGATCTCATTTACAGCTTCAACAACCTTTTTCTTCCAGATTTCAAAATCAATATCAGAAATTTTTTCTATTGTTGCGGAAGACTTTTTGCTCAAAGTCAGGTGGGCAATATCTTTAATAAATTTTTGAGCTTCGCCAGTATGCTTTGAATTCAAATCATCCTGAAGCGAAGATGAAAGAAAATTCTGTGCGCAGTATAGTTTATTCTCTCTGTTAAATATTATAAACTGCGGAATAAACCAAAAAACTTCTTTGAAGTTTGTCCATATTTTTTCTTTTACTGTGGATGGGAATTTTACATAACCAAAAAAAATCGGAAGACCTTCGACCAAATCTCCTGCAGTTACATTCTCACGGAAGTTCAAAATTAGTTGATCAAGTTCTGAAAGATTTTCAACTGAATTTTCTACCTGAAATAATTTGCCTGCAGCGATATATTCGGTATGTGAAAAAGGTTTTGAATAATAGACAAATGAATCGGAATTTTTATCTACTGCGTCAATTAAATCAGAAACTTTCATCCCTTCGAGAGGAAAAACAATCTGATGAAAAATTAAATCGTCTTTCGTTAAATCTGTTAAGATATTTTGCTCTGAAATGTTCAAACCTTGTCAAACTTTAATTATCTCTTATTGTAAAATTAAGTTTTTGTGCTAAAAGTTCACAATTGAGGATTGTGGGGTTAAAGTTGATACTTCTTCAGCGTGTTTTAATGATATTTTATCAAGATGCGAAATGATATTCTGCAATACAAAAAATTTATTTTGCTTTTGTCGGAGCCAAATTGAATTTAAGTTCCGGAACTAATTTGAACTTAACTGAATGATTTCTTTCTCCGAAATAATTCTTATCACCCGTCGAAATTAGTTCCTGTTCTTCTTCACCCTGCAGGTCTCCGGAAATTTTCCTTGTAACAGGATTGTAACAAATTTGTATATCCCTTGACTCTCCTTTAACCAAATCAAGATTTGCATCGAACTTAAATTCACCGATTTTATACTTCTCAATAACAGCGATTTTAATTGAGATGCTTAATGAACTGAGTATCGGAATTTTGAATTTGATTGGTGATCCGATTATCCCATCATTATTCCAATCAACAATTGTATCACAAAAACTTTGACCAGCCGCCTCAACTTCAACAATAAAACTTTTAGGAATTATTTCAAGTTTTTCATTTCTTGCTGTGTAATTTGTTATTCCATTAATTCTGCTTATCTCAAGCCATAATTCACGATCCCGTTTGGATGGTTGTGTGTAGTGATCTTTTAGAATTTTTTGAGTTAATGATAAACCTTCTTGATTATCATAAAAAATAAAAATGAATTTTTTTGAACCGATCAAATAATCAATTTTAATGTAAGCATATATCTTCCCCTTCAGTGCTGATAAATTGTTGGTGGCATCTGTCTCATAATCAAAATAATTTTCTGAGGAGAAGTTTTTCAGTTGAATATTTCTCGAAAGCTTCAGTGTATCATCTATGATTTTAACAAATCCATCAATACCAGCTTCAGCTATTTCAAAACCTGCATTTAATTCACCGGAAAAATCTAAATCAATGAATGGAGATAATTGTTCCTCAAGTTTTCGGTTTGAAGGATTAAAATATTTTTGTATTCCGGCTTTGCCTTTTGTTCTGATATTTCCTTCAACATCAAACGGACCTAACGAAAGTTCAATACCTGATTCCCAATTTAATTCTCTGAAATAATTTTTCTTTGCAGTCGAATTAAGATTATCCTTAATTGTTTCATTGTTTAAAAGAAATAGCATCAAATTATTCTGAGCCGGAGAATTAAAAACTCTGTCAATTAGTTTAAGAACAGGAATGTTTTCATTGAAAATTTTTATTTGAATATCAACTTCTGTATCTGCATTTACCATAACTGAAGAATTCTTTTCTTCTGCAGAATATTTTAGTCTGGATTCTAATCCGATACCAAAATTGTCATCACCAAATTGAACAGACCAGTTTTTATTTTTTTTGATTGGCCAGGACTCTTTGGGCGTCCCTGATTTTAGTGCCGATTGAACTTCTTTTTCAGTAAGCAAACCACAAGGAGTTACTCTTAGATTTTCTTTAGCAGAATAATTTGCTGATTCATTTAGCAAAGATGATTGTCTTTGCAGATGATCGTATGAATATTTAAATCGTCCTAAAATTATTTCCTCATCCTGATTACGAAGTGAATAACCAAACTCATTGAGTTTCTTCTCAATCTCATTTACTTCATCCAGAAATTTCTCTGCAGAAACAGACCTGCCGTTTTTTAATTTAATTAATGCCGATTTATTTAACTTAAAATCATGGTAAGTAAAAGATTTGAACTGAATTGGTTTTAGCTTGTTTAGCTGAAATTTTTCTGATGAGATTTTTATTAGTTGAGGATTTTTATAAAATACCTTTTGTCGAACCTGCAATTGAGTATCATTAATTTGTGCGATTATGAGTTGATTGCAGAGTACAATTAGAGAAAATGAAACAAATAAATTTAAGAGGTTCACTTTCATCTGAATCCTCCAGAAATCTTATTAAAGAACCACACAAGAGATTAAAAAATTATTTTGATTTACTAACTCAAAATTAATAAAAAGAGTAAGGCAGATAAACAATGTGAATAATATCAATTCAAAATAATTTATTAAGATGAACTATTAGAAGTTTATATCCTCTTCAACTGTTTCAAGCATTCTTAAGTAACTATCATAACGCTCTTCGGAAATCAATCCTTCTTTAACAGCTTGTACAACTGCACAACCCGGTTCGTGGTTGTGTGTGCAGGTATTGAATCTGCATTCGTTAATAAATCCGGAGAACTCAATAAAATAATGACCGAGGTCTTCTTTTCTGATTCCATACGGATCAATTTCACGAACGCCTGGCGTATCAATAATATAAGTGTTATCTCCGACAAAAAACATTGTGCTTGTAACTGTTGTGTGAGTTCCTTTGGAAGTGTAATTGCTGATTTCCCCAACTTTCAGGTTAAGATGCGGATAAATTTTATTGAGAAGAGATGATTTCCCAACACCGGATTGACCCCAAAATAAATTCTTTTTAGCCGGAAGTTTTAATTTTAGTTCATCAATTCCTGTTTCTGTTTTGATGGAAGTTAAAAGCACTTCATAACCAATTTTAGTATATAGAGATTGCCAATGTTTTACTGAATTATTTTTATCAAGATCTGTTTTATTGATTATAATTTTAACACTGAGACGAGAGCTCTCGCAGGCAA
NZ_AP026678.1_gap10	292177	293912	1735	GACAATTACTCGGCATTTCAGATGAAGAGTAGAATATTTGTTGCATTAAATATTCCTGATGAAGCAAAAGACAAGCTGTTTGAAATTATAAATCAGCTTCACACTGATAAAAATTTAAAGTGGGAAAAAAAGGACAAAATTCATCTCACACTTAAATTTGTCGGTGATGTTGATGATGAAGATGTTCCGCTAATAACAAAGGAGCTTGAATTTCTTCAGGAATATAAAACGCAAAACCTTCAGATTACCGGATTCGGATTTTTCTTTCGATTCAAAGAACCAAAAATTCTTTGGGCAGGATTAAAATTTTCTGATGAATTGAAACTAATTGCACAAAAGTTGGACGATTACTTTACTAAGTTTGGAATAGAAAAAGAGAAAAGGGAATTCAAACCACACTTAACTTTGATGAGAATAAAAAATAACCCTGGTGATAACTTTATTAACAAATTCAAAAACTCTAAATTTGAACCGATTGATTTTCAAAGTAATTCCATTTCGTTAATTAAAAGTGAATTGAATCCTTCTGGTTCAGTTTACACAGAAATTAAAAAATATAATCTCAGACCATTGGAGGAATAATGAGTACAGATCGCGATCAAAAACTTAAAATTATTGAAGATGCTATAGCCGGAATAGAAAAGACTTACGGTAAAGGCGCTATAATGAAACTTGGTGATGGAATCATCAACGACATTGAAGCAATTCCAACCGGAGCTTTATCGCTTGATATTGCACTTGGTATTGGTGGAATTCCAAGAGGAAGAATAACCGAAATATTCGGTCCTGAATCAAGTGGTAAAACTACATTGTGTTTGCATGTAATTGCAGAAGCTCAGAAGATGGGTGGACTTGCTGCATTCATTGACGCTGAACACGCACTTGATGTTAACTATGCTAAAAAGCTTGGTGTTGACACAGCTAATCTTCTTATTTCACAACCTGACTACGGCGAGCAGGCACTTGAAATTACAGATACACTTGTAAGAAGTAATGCGCTTGATGTAATTGTAATTGACTCAGTTGCTGCATTAGTCCCCCGTTCAGAAATTGAAGGAGAAATGGGCGATGCAACAATGGCAGTGCAGGCAAGACTTATGTCCCAGGCACTCAGAAAACTTACTGCAGCGATTTCAAAATCAAAGACAGCAGTTATATTCATTAATCAGTTAAGAAGTAAAATCGGTGTGATGTTCGGGAGTCCTGAAACAACAACCGGTGGAAATGCTCTTAAGTTTTATGCTTCTGTAAGAATTGATATAAGAAGAATCGCAGCAATTAAAGAGGGCGAAGATGTAATTGGTAACAGAACAAAAGTTAAAATTGTAAAGAGTAAAGTTGCCCCACCATTCAAACAGGTTGAATTTGATATTCTTTACAACGAAGGTATTTCCAAAACAGGTGACCTTGTTGATCTTGGAACCGAACTTGGCATTATCAAAAAGAGTGGTGCGTGGTTTACTTATGGAGAAGACAGAATTCAGGGTAGAGAACAATTCCGTCAGAAGTTAATTGAATATCCTGAAATGTATAAACGACTTGAAGATGAAATAAAAGCTAAGATTGGTTTTAAACGGGCAGGTTATGAAGCTGAACAAAAAGCTGAGGAAAAGACAGAAGAAAAGAGCAAATCAAAAAAATCTGCTAAGTAAGAATGATTGTTGAAAGAATTGTAAGTAAAGATGATGATAAAGCTACGGTGTTTTTTGATAATGGCGAGAAATTAGTTTTACAC
NZ_AP026678.1_gap11	323981	327812	3831	AATTCGGTTACTTCTTTTTACTTAAAGGAAAAATCAATCAATCCAGATTAAATTTTATTGAAGATAATGTTCCTGATACTTTTATTGATTTCATTCTCTTCTCTTTGAATAAAGATCTTAAATCCAGTATTGAAGAAGGTTTGATTTTTAATGTTCCAACAGTTGATGATGATGATTTTCAGATTGTTGATACTTATTTCAGTCTGAGCATTGGCAAACCTTTGATTCCTATTCGCGGAACATCTTCAGATGAGTTTTATGTTCCAACAGGAGGTTATGAATTAAGAAGATTGATTGAATCAAAAGTTGAAAAGATAATTTCTGAAGTTGAAATTTTAAGTGCTTATGAATCAAATCCTCCGCAAATAATTTTGACTTCGCAGGCATTCAACAGCAACAGAATTTCTCTTGAAATGACTGAACCGGAATTAAAGCTTGATGAAGAAATTCCGGATAGTTTTCTCGAAAGCGGAGAAGTAAAGAAAGAAGATACTTTAAGGATAGAACATGTTGCCTGGGATTTTGGTGTTGATTTATCAAAAGAAATTGAAGAAGAAACGATTATAGATTTCCAGGATAATAATGAAACTGAAGCAAAGCCAGATTTATCAGCAGATGAAAACGAAACCGAAAAAGAACCTGAATTGATTGTTCCTGATGAGATTGAACAAACAGTAGAAGAAATTATTAACGATGATTTGTTAACCATTACCGATAAAATTCAGACGGATGAATTGAATATCGAATTGAACGAAACCGAACCAATACCTGAAATTAGTGATGAGATTAAAACTGATGAAGTAATCGAACTTGAAATAAATCCTGAGCAAGAGAATATTTCTCCACAAGTTGAAGAAGAACTTCAGATAGAAGAACTGACAGTTGATAATATCGAGCCGGATAAAATTGAATTTGACTATGAAAAAAGAGAAAGTGAGAATGAAACTAAAACATCAGCTTTATTTGAAGAAGTAAAACCGGAAGAAATAAGCAAAGAATCTGATGAGAATGAATTTGAAGAAGTTGAATCGCCGTTGCCTTTAATTGATTTTGAAAAGCACAAAGAAAAAGAAAAAATAAGTGATAAGTTTGAAATAGTTAATGAACCTGTAGAAGAAAAATCTGAAGAAGATTTGTCAGCAATCAGTTCAGAGGAAGAAAAACAAAAATCCACTGAGTTTGATGAAGATAAGGAATTAAAGAAAGTTCGTGAAGAACTATACAGCTATCAACCTAAAAAATCCAGAGTTCCATTGTTGATAGTTCTTTTCGGAAGCATTGTCATAATTGGAATGTTGTATTTCTACATAACACAAATTAAAAATGTTGCAACAAAACAATCTGAACCTGTTGCGGTTTTGAAAACAGATAAAGCAACAATAGTCGAAAGAGACTTTTCTGTTCCGGTAAGTTATCCTTATCCCAAAAAAGAGATTGAAGAAACGATAGAACCAGTTAAAGAAGATTCAGCAAAGGTTGAAACAGATACAAATCAACTTGCATCTGAAATCAAAACTGTAGAGAAGACCGAAACAAAAGAACCGATTCAGCAGAAAAATATAGTTGAGACAAAAACCCAGCAACAACCAAAAGATACATTCGTTTCACAACCTTCAGTGAGTTATGAAAGAGTAGCTCCGAATATTTTCAAATACAAAGATTATTATGTTGTTCAGGTAGCAGCATTCAGATCAAATTCAATTGCTGAAAATGAAGCGGCAAAATTCAGGAACAAAGGTTATAATGCTTTCGTAGAAAAAGCTGAAATTCAGGGAATGGGTGTTTGGTTCAGAGTCAGGGTTGGTAATTTTCCAACATTAAGAGAAGCTCAGGAATTTCAATCAAGAGTAAAATTATAAACTAATTAAGGAAGAATATGAATCTATTTGAAATTTTTCTTAAAGGTGGGTTTATTATGTGGCTTATTCTGGCTACATCAATAGTCGGATTAGCAGTTGTAATTGACAGATTTTTAGTATTGAGAAAAGCCAGAATAAATGTTCCGGCATTTATGGTTCGCATACGCGGATTCATAAAGAAGAAAGACATCTCCGGTGCAATCAGTTATTGTATGGAAGAAAAATCTCCGGTTGCAAATATCGTTCGCAAAGGTTTGAAAAAATATAAATACGGACACGACAGAGTTAAAGAAGCAATTGAGAATGCCGGAAGTCAGGAAATTTCGAAACTTGAAAAAGGATTGACAATTCTTGCAACAGTTGCTGGTATTGCTCCATTGTTAGGATTTTTAGGAACTGTAACAGGAATGATTCAGGCATTTATGACTATTCAGGATTTAGCCGGTGCTGCAAATCCAAGTGATCTTGCTGGTGGCATTTGGGAAGCTTTAATCACAACTGCATTTGGATTAATTGTTGGTATTCCGGCACTTGCATTTTATAATTATTTCCTGAGTGCAGTGAAAAGATTAGTCGGTGAAATGGAAACAGTTGCAAATGATGTCGTTGATGTAATTCAGGAAGGTGAAGCCGAAGAAGCTGAAATTGATGATGAAATAGAATTATAATCGGGTAATAAAATGAAATTTAAAACATCAAAAGAACCGTTAAGTATATTTGCTTACTCATCACTTACAGATATTGTGATGTTATTGTTAATATTCTTTTTGCTAACATCACAATTTGTAATTCAAACCGGAGTGAAAGTAAAATTGCCGGGTTCAAAGACAAATGAGAAATCAGAACCGGCAAGAATGATTGTTACTTTAACGGAAGGTGGTGCAGTTTACGCTGGTTCCGAAGAAGTAAGTATTGATTTACTTCCTGCAAAACTGACTGAAATGAAAGCTCACATAAATCAGGATAATCTTATCATTAGAGCGGATAAGACAGTTGCAATTGAAATGGTAATTAAAGTTATTGATGCAGCAAAAATATCAGGCATAGAAAAGTTTACAATCGAAACGGAAAAAGAGCAATTATAAAATGAACTTCAGCTATAAAAAAATAAAGCAAATATCTTATTCAGCATCATTTCTGGCTCATCTGATTATTATTCTTTTGCTCTGGATAATCAATCTTTCATTTGATTATTCACCAAAAGAATATGTTGAAGTTTCATTTGGAATTTCCGGACAAACAGGTTCTGCGGGTGCAATTGGTGACCAGCTCAATAAAACTGAGGAGAATGCTAAACCTGAAGAGAAAACTACAACAAAAGAAAAAAGTCAGGAAGTTAAAGAAGTCGAGTTACCAAAATCAAAAACTACTGATGATAATAATGTCATAAATCCTGCTGACAAACAAAAGGAAGTTCAGAAAGAAACAAAGAAAGAGAACACAAAGAAAGAAACTTCTAATGTATCCAATCAGGGACAAGGTAACTTAGCACAAGGTGAGGGAAGTTTTGGATTTGATATTGAATGGGGTGGAAGTGGCACACGAAGAATTTATTATTACACACTTCCTGAATATCCTGAAGGTGTTCAGAAGGAAATTGATATCAGAATTCGTTTCACAATTAAACCTGATGGTACTGTTGGTTCGGTGACTTTGCTTACTAAGGCAGATACAAGATTAGAGCAGGCAGCTATTAATTCTCTTTGGCAATGGAGATTTGAACCATTACCACCAAATGCAAAACAAACTAATCAGACTGCTGTGATTGTTTTCCCTTATCGGTTGCGATAAAATCTTCTGAATAATAAAACTTATAGAAGAAAAACTCTGCAATTGTCAAAAGAACGAGTGAGAATGTATCCCGGTTAAATTCTCTTCCCAATCCTTCAGGTTCCATTACTGCTTTTGCAATCATACCGGTTATTGTCCATCCAACAGAAAATAAAATAATAATCAGTCCAACATTGAGAAA
NZ_AP026678.1_gap12	329500	330322	822	ATTGATTCCACCCGAATCCACCAACATCTTTAAGTAAATTTCCCAAAGTATCTAATTGAATTACTTCATCATTTCCTTTATCTGTTATATAAATAAAACCATTTGATGCAATGTAAAATGAAGAAGCATTCTCAAATTTTCCAATTGATTTCTCGAAAGAAAATTTCTGCGAGAAAGAGATGGTTGAAAATAGAATTATTAAAAAAAATAAATTCTTCATAAAGGTTGCAAAATTTTTTATAAACATAATCAGTTCAGAACTCAACATCAAATCTAATGTTAAAATTGCATTTATAAGCGTCCTTCGATATATTTCGAACCGAAATTTGAATAAAATTAATTGTCCCGTGGTGTAACTGGCAACACGTCTGACTCTGGATCAGAAGAGTCCAGGTTCGAGCCCTGGCGGGACAACAAGAGAATGTAGAATTCGGAGTAAGAAATCAATTCTACATTCTTGTTTTTTTAATTGATAATCTTACATTGGCGCGTTCGTCTAGTGGCTTAGGACGCCGCTCCCGACAAGTCGGGACGGAGATCACGGGTTCGGATAAAAAATGCAGATGAATGACTCGAGAAAAGAAATTTGTTCTTTAAGAAGTTTACAGAATAAAAAAGATTACATTGGCGCGTTCGTCTAGTGGCTTAGGACGCCGCCCTCTCAAGGCGGAGATCACGGGTTCGAATCCCGTACGCGCTACAAATACCTTATCGAACAATTACCTGCTTTATCATTGCGTCCACATCAGATTACGGGTTCTCCATATGATTCGTTCAGAAGAATCCCGTGCACACTTTATTTTATGTTATTGAAATTTTTAT
NZ_AP026678.1_gap13	341796	343923	2127	ATTGAATTGGTTAACAATAAAAGGCAAACATGTTCAGGTACATTACCACGAAGGTGCTGAAAGAACAGCTCAGGTTGTAGCTAAAATTGCTGATGAAGTTTGGGATCCAATATGTTCTTTATATGAATATGAACCTGATGTCGTTCATTATGTTATTAAAGATATTGATGATTATTCTAACGGTGCTACTTATTTCTTTGATAACAAAATTGAAATCTGGACAAGTGCTCTGGACTTTGATTTGCGCGGTACTCATAACTGGCTTCGGAATGTAATCTCACACGAGTTTACGCATATGGTTCAGATTCAGGCAGCAATGAAAAGCAAAAGAAGTTTGCCTGCTGTTTTTCTTCAGGTACTTAGTTATGAAGATAAAAGAAGACCCGATATTCTCTATGGATTTCCGAATCTACTAATCTCTTATCCACTTGCAATGATTAATGTTCCTGCGTGGTTTGCAGAAGGTACTGCTCAATATATGCGAAAAGAATTTGATTATGATAGATGGGATACTCATCGTGATATGATTTTAAGAGCTTATGCTCTTGATGGAAATATGCTTACCTGGAATGAAATGGGTGTTTTCGGAAAAACAAGTTTGGGAAATGAATCTGTTTATAATTCCGGCTTCGCTTTTACAAGATACATTGCTCAGAGATACGGTGAATCAAAACTCAGAGAAGTTACAAAAGCACTTGGCAACTTTGGGACATTTACCATTGACGCAGCATTCAGTAAAGTAATCGGCAAAGATGGAAGTGAACTTTATAATGAATGGAAAGAATTTTTGGTTAATGATTATAAAAATCGCTCATCAAAGGTAATCGAAAACAAAGTTGAAGGCGAGCAAATAGCTTCAGTCGGTTTCGGAAATTTCTATCCGATTTTTTCTCCCGATGGGAAAAAAGTTTACTACATTTCCAACAAAACATCAGATTACTTTGGTCCTGCTGCAATTTTTGAATATGATATTGAAACGAAAAAAGAAAAACCAATTGCTGGTGGAGTTCGCTCAACTTTTTCATTTATTCCAAACTCGAATAAAATTATTTATTCTAAAATCAGTGATGATAATCCGAACTGGTATAATGTACACGATCTTTATGTTTATGACATAGATAAAGAAAAAGAAACTCGACTGACATTTAATCTCCGTGCAAATCATCCTTCAGTTTCGAATGATGGGAAAAGTATAGTTTTTATTTTTCAAAAAGATGGTACCACAAATCTTGGTAAAGTTGATATTGAAGGAAAAAATTTTCAGCAGTTAACTTTTTATTCAAATGGTGAGCAGGTTTATAATCCAAAATTCTCGCCTGATGATTCAAAAATAATCTTTGACTATTCTTATCATCATACACGAGATATTGCAATTATTAATTCGAATGGTGGTAAAGTTGAATTCATACTTTCTACAGAGAAAGATGAACGAAATGCAATTTTCAAATCATCTGATGAAATTGTTTATGCTTCAGACGAAACGGGAATTTTTAATCTTTACTCGCTTAATCTTAAATCAAACGAGAAGAAACAACTTACCAATGTTTTGGGTGGCGCATTTATGCCAGCTATAAATTCCAGTGGCGATATTGTTTATGCTGGTTACACTTCAACAGGTTATAAAATATTTTTGATTAGTTCAGATGAGCAAAAAAAAGTTAAAGAAAGAATGAATTATGTATGGATTGATAATCCACCACTGAACGAAGATAAACCAAATGGTGATATTCATAAATTCAATATTACTGCTTTAAAAAACTTTAATGATTATGAAGTGCCGGATTATGGAAAGAAAAGTTACAGCGGTGTTTTTTCGAATCTAAGTTTCTTTCCGTTTCTGCGATACGATAATTACAACACTGGCAACAAGTTTACTGAAAAACTAAAACCCGGTTTGTTAGTTTCATCTAATGATATCTTAAATCGTTATGCCATTTTTGCCGGCGGCTCAATAAATACCAGACTTGAGCGAGATTTATTCTTAGTGTTTGATTATAAAAACAAACTTCCGCTTTTCACTTCAATTGGTCTAAGACCGGAATTATCGGTAGAGCTTTACAGCATCAGTCGCAAAGCCGGTGTGGATATTTTCTTTGGTGCTGATACAGTTGGTGGAGTGGTGAATTA
NZ_AP026678.1_gap14	356148	360520	4372	TAAATTTAAATTTATTGGACAATTAATGAAGAAATCTTTACTTGATTATATCCTGCGAAACAGACTTCCATTAACTGTTTTTGTTATTATTTCTTCATTCACATTAACCTACTTTGTCTCAAGACCAGAGAGAGACGGAGTTGGCTATACACCGGTTCAACCAATCAATTACTCTCATAAGCTTCACGCTGGTGATATGAAAATTGATTGTAAGTATTGCCATACGAATGTGGATAAATCCCGTTTTGCAGGTGTACCGGCAGTTGCAACCTGTATGAATTGTCATACAGTTGCAAGAAAAGATCGTCCCGAAATAATTAAACTTACTCAATATTACAGAGATGGAATTCCACTTCCCTGGAAAAGAATTCATAAAGTCCCGGATTATGCATACTTCAATCACTCAGTTCATGTTAATAAAGGAATTGATTGTACTGCTTGTCACGGTGAAATAACTCAAATGGAAAAAGTAGGACAGATGAATTCATTCACGATGGGAAGCTGTCTTAATTGTCATAGAAATGCCCACGATAAATTTCCGGAACTTAAAGATCAAATTAAGAAAGGACCGGAGTATTGTTCAGCATGTCACAGATAGGAACTTTATATGAGTTTTAATCAGGGAAAAAATAAAATGGACAGAAAAAAATTTTTCCTTTCGGCTTCACTCGCAGCAGCCGGAATTGCTCTATTCAAATATATTCCGTTTACTTCAGCTAAAAGAAATTTCAATTCAAAAAAAGTTGAAGTAAAAATTAATCCATTAGCAGTCAGCAGGAAAAAAGTAGGTGAAAAGAATGTCTGATATCAGAGAAGATCAAACAACACAGGATAATCCTGATCCAAATTACTGGAGAAGTTTTGAGGAACTTTACAGAAACGAAAAAACTTTAGAGGCAAGACATCACGAATTTGCTGAAGGTGTAACAGATGATTTTGATCCGAACGAAAACCTGTCAGGAATTTCCAGAAGAAAATTTTTAGCTCTTCTCGGTGCTTCTGCAGCTCTTGCCGGAGTTGCCTGCAGCGATTACAGAGATAAAGGGGAAATTGTTCCTTACAATGTAAAACCGGAAGAAATTATCATTGGCAGACCAAATTATTATGCTTCAACTTGCAAAGCGTGTGCAAACTCTTGTGGAATTCTTATCAAAACAAGAGAAGGAAGACCAATTAAAGTTGATGGAAATCCTGAGCATCCGGTAAATCAGGGAAAGATTTGTTCGAAAGGACAGGCAAATATTTTAAATCTTTATGATCCTGAAAGACTTCAGCAGCCATTAAAAAAATCATCAACAGGATTTGATAATGTTGAATGGAAAAAAGTTGATAGTGATATAATCGCTGCATTAAGTATGGCTGGAAGTAAAGAAATTGCTGTTATTACTCATACAGTCACTTCGCCTACATTATTAAAAGTTCTTGACGACTTTAAAGCTAAATTCCCATCCACAAAAATTTATAGCTACGAGTTATTTAATAACTCAAACAGAAATTCTGCATGGCTCACTTGTTATGGAAGCGGGAACTTTCCACTAATTAAATGGAATGAAGCAAAAGTTATTGTTGCTCTTGAATCAGATTTTCTTGGTGTTGAAGGAAACAGAGTTGAAAATTCCAGATTGTTTGCCGAAGGAAGAGATGTTAGCAATAAATCTTTCAACAGATTATATGTGGTTGAAAGTTCAATGACTCTCACAGGTATGAATGCTGATTATAGAATGCGACTTAAACCTGAGCTTCAGTTTGCATTTTTGATGAGCTTAATAAATGAGTTAAAAAGAAGAGGCGCAATTTCAGCTTCTGTTACTGCAAATTATAGTTTAGAGGAATTTGTTCAGAAGAATAATCTAGATAAAGAAAAAGTAAATCATCTTGTTAATGACTTAATTGATAACAAAGGCAAAGCAATAGTTCACGCCGGTGATTTGTTGCCAGAAAATGTTCACATCGCAGTTAACATTCTAAATGACTTGTTAGGGAACAATGCTCTATACAGAACTGATAGTTCATCCATCAATCTGATAAATTTATCCTCACTTAATGAGATTAAAGAATTAACCAATAAGATGAAAAACGGACAGGTTGCAGCTATAATTCATCTTGACAGCAATCCTGTTTATCATTTCCCGAATGATTTGAATTACAAAGGATTACTTACTAAAGTTCCAACCGTTGTAACACTTACTGAAAGGATGAATGAGACTGCCCAGTACAGTAACTATGTTCTTCCTATCAATCATAATTTTGAAAGTTGGGGAGATGCTAAAACGAGAACAGGAGTTATATCACTTCAACAACCTGTAATTGCACCTTTACATAATACAAGACAGAAAGAATCAATACTACTTACCTGGATAAGTACAAGTCCTGATTCCTACTCAGAGACTTTATATCACGATTATCTGATGAATAATTGGGAAACAAATATTTATCCGACTTTAAAATCCAAGTTAGATTTCAAACAACTTTGGTTCGGTGCTTTACACGATGGTTTTGCATTGACCAATGAAACAGCGCAAAGTTATGGTAAAATAAATTCTGCCTTAATAAATCCTGCTGAACTAAAATACTCTTCAGAGGGTATAACTTTAGTTTTAAGAGAAAGCTATCAGGTTGGCGATGGTCGTTTTGCAAACAATGGTTGGCTTCAGGAATTGCCTCATCCGGTTTCCAAAATTACATGGGATAATTATGCAGCTATTTCACATAATACAGCTAAAGCATTAGGTGTGCAGAATGATGATTTGATTGAAATAAATGTTGGAAACAGAAAATTAACTCTGCCGGTTTTTATTCAGGCAGGTAATGCTGATGATACTGTAACAGTAGAACTTGGTTATGGTAGAGAATATTCAGGAATAGTAGCTTCAGGAGTTGGTTTCAATGCAAATCTATTGCTTTCGTCTCAACCGGATATAAGCAATTGGATTTACACAAATGTTTCAGTTACAAAAGCAGGTGGTAAATATTCTCTTGCATCAACTCAGGAACATCACGCATTTGACGATCCAAGGACACAAGATTTACATCTCAAAAGGCATATCATTCAGGAAGGAACGGTTGCTCTTTACGAGAAGAAACCTGATTTCATTCAGGAACACAGACCAAAAGAATTAGAAAGTGTTTATACTCCATTTCAATACAACGAAATGAAATGGGGAATGGCAATTGATTTAAATAAATGTCTTGGTTGTGGCGATTGTATAGTTGCTTGTAATGTTGAAAACAATGTTCCAGTCGTAGGAAAGGATCAGGTTCTTAAGAGCAGGGAAATGCAATGGTTAAGAATTGACAGATACTATTCCGGTTCACCTGATGATCCTCGTGTAAGTGTACAGCCAATGCTTTGTCAGCATTGCGATCAGGCACCTTGCGAAAATGTTTGTCCTGTTGTTGCAACCACACACAGTCCGGACGGACTTAATCAAATGGTTTACAACAGATGTGTCGGAACAAGGTATTGTTCAAACAACTGTCCATATAAAGTCAGAAGATTTAACTTCTTCAACTTTAGAGATCATTTCAGGGATGGTTATCAGGAAAGTTCGATATTCACTTTGATGTTTAATCCTGAAGTAACTGTTCGTTCTCGTGGAGTAATGGAGAAATGTACATTCTGCGTACAAAGAATTGAAGAAGCAAGATCTGAGGCGACAAGAAAAGGAGTTCCAATTAAAGGAACAGATGTCAAAACAGCTTGTCAGGAAGCTTGCCCGACAAATGCAATTCATTTCGGAGATATTAACGGAAAAGATTCTGAGTTTTATAAATACAGAACGCATGAACTTGGTTATTATGTACTTGAAGAATTAAATGTTCGACCAAATGTTACATACATTGCCAAACTTAGAAATATTCATACGGAGGAATTATAGTGAATATTGACTACTCACAGGAAGCTCCGGCAGTTGCAGGACGACTTACTCTCGCTCAAATAGAAGAGTTAGTTGCAAAACCACTGGATACAAGGCCAGATAGAAAATATTTCATTGCACTTTCTATATCAGGTTCTCTTTTGCTGCTTGGAGCAATTTGTCTCGGAATAAGTTTTTATTATGGTATTGGTCTCTGGGGTAATAATCAACCTGTTGGTTGGGCAGTACCAATTGTGAATTTTGTGTTTTGGGTTGGAATTGGTCACGCCGGTACACTGATATCCGCTATTCTGTTCTTGCTTAGACAGAAATGGCGTACAGGTATTGCTCGCTTCGCAGAAGCAATGACAATCTTTGCAGTAATGTGCGCAGGAATTTTCCCGATTATTCATACAGGAAGACCTTGGTTAGCAGGTTATCTTTTGCCTTATCCTAATCAACACAGCTTATGGGTTAACTTTACATCACCATTATTGTGGGATGTGTTTGCAGTT
NZ_AP026678.1_gap15	441540	443818	2278	ATTGTTGCTGTAAAAAACAGTCATTTTGGAAAAATAAAATGTTCGTCTGTTGGTTTGGTTGGACACAGCAGAGGTGGTGCGGTTAGTATTCTAGCAGCATCGAATAATAAAAATGTAGATGCATTGGCTGTTTGGGCTTCCGTTGCAAAACTTGATCGTTATACCGAAAGACAGAAAAAAGAATGGCGTGAAAAAGGTTTTATCGAAGTTTTGAATTCCCGCACAAATCAAATGATGAGAATGAATGCAGCATTACTTGAAGATATTGAAGCGAATAAAAATTCATCCTTAAATATTGAAAAAGCTGTAAAAAGTTTGAATAAACCATTTTTAATAATTCACGGTGAACAGGATTTAACAGTTCCTGTTGATGAAGGCAGATTACTTTATGAATATTCTGATAAAAAATTAACTGAGTTCGAAATTATTCCTTCATCAGGTCATACTTTTGATATTGTTCATCCGCTTGAATCATCCAACACTAAATTTGATAGAGTATTGGAAAAAACATTATCATTTTTCAAAAAATATCTGAATAACAATTGACTCATTCTTACTTATGGAATTAAAAAATTACATTTTCATTCTGGTTTTTCTTTCCGCATTTGGATTTTTTGGTTATAGCTGTTTTCGTCTCTACAGGTTTATGCTTGTTGCAAAAAAGGAGGATAACAGGTTTGATAATCTCAAAGAAAGAATTAAAAGAGTTCTTGTTATTGCTTTTGCCCAAACAAAATTACTAAGAGATCCTGTAGCTGGTTTGTTGCATCTTCTTATTTTCTGGGGATTTATGCTTTTTATTTTTGCTGTAATCGAATCAATCATTCAAGGATTTTACTCTCCATTCACTTTATCATTTCTTGGGTTCTTTTATACTATTATTTCTTTTGTTCAGGACATCTTTGGTGTTTTTGTAATTATAGCCGTTTTAGTTTCCTTTTACAGAAGGTTTATTCAGAAAGTACCAAGATTGAATGTTGATAAAGAAGGCAAACTTGATGCAGCTTTTATTCTGGTTATGATAATGTTTGTTTGTGTTTCGATGTTCGGATACAATTCTGCTGCTTTCTCATTAAATAATTTTAACTTCCATCCGAATGAATACAGGCCAATTTCTGCATCTTTAAGCTTTTTAATTTTTGATTCCACTTCAACATCAAATACTTTTATCTATGAATTTTTCTGGTGGATGCACATTCTCATAATTTTTGGATTCCTGAACTATTTACCATATTCAAAACATCTTCATGTTTTAACTTCAATCCCAAATGTATTCTTTGCTAATCTTGAGCCCAAAAGAAATACAATTAAACCGTTAAATCTTGAAGATGAAAATGCCGATACTTTTGGTGCATCAGATATTGAAGAACTATCCTGGAAACAAATTCTTGATGGATATTCTTGTACTGAATGTGGCAGATGCACAGATGCTTGTCCTGCTCATACAGTTGGCAAATCATTATCACCAAGAGAAATAATTGTCAATATTCGACAGCGCACTAAAGATAAAGCTCCGCTACTTGTTGACGGAAAAACTGATGAAGATGTTACGAACAAAAAACTTGTTCACGATTATGTTAAAGATATTGAGCTTTGGGAATGTACAACTTGTATGGCGTGTGTTCAGGAATGTCCGGTAATGATTGAACATCTTGATTCAATAATTGATATGAGAAGATATCTTGTTTTAACCGAATCCGAATTTCCTTCTAATTTGAATAATGTCTTCAAAAGTCTTGAAACGAATTATACTCCGTGGGCATTCAATTCTGCTGACAGAGCTGCCTGGGCTGAAGGTATGAACATAAAAACATTAGCTGAAGATTCTGATGGAGAAATTCTTTTCTGGGTTGGATGTGCAGGTTCATTTGATGACAGATATAAAAAAGTTACAAAAGCTTTTGCAACAATTATGCAGAAAGCTGGTGTGGATTTCAGAATACTTGGTACAGAAGAAAAATGTAATGGAGATACTGCAAGAAGATTAGGCAATGAATATCTCGCTCAGATGATGATGCAGGAAAACATTGCAACATTAAATTCATATAATGTGAAGAAAATAGTAACCGCTTGTCCGCATTGTTTTCATTCATTGAAAAATGAGTATCCTCAATTCGGTGGAAATTTTGAAGTTAAACATCATTCAGAATTCATAAGCGAGCTGATAAACGAAGGTAAACTTCAATTAAAAGATTCAAATGTTAAAAAAGAGATTACTTATCACGATTCCTGTTACCTTGGCAGATACAATGATGTGTATGAAGCTCCAAGAAATGTT
NZ_AP026678.1_gap16	519417	522291	2874	ATTCAACTTTGTTTGGCATAATAAAACCTCAGATAATTTTTGTTTGATCAGCTGTTATAGTTTTTAATTCATTAAGATGATTACGATACCAGTTAACTCCATTATACTTTTCGTTTATTTTTTTTATTTCTGGTTTCTCTTCGAGCAAATTCAGAATTTCTTCTAAACTGAATTTGGGATTTTTATTGTAAAGTTCATCATAAACTCTTCTAATAAATTCATAGTCTTCAGGATAATCAATCGTAAAACGATGGCTCATCGAATAATTCAAACCTGTTTCCCATTCAACATTTCCGATTCTGAATTTATCAGGATTTTCCCAAATGTATGGCGTTGTATGTTCACGCTCTAATTTTCTAGTTGCATTTTCCCAAGCATCTTCAAGAACAGAGAAGTGCATTATTTCTACATCGTTACCATCAGGATAAGTTGCAGGATGAAGATTAGAAACAAAATCAAATTTCTCTGAATTTTTTATAAAGTAATCTATTACTTTATCAATAATCCTAAAGTCAATAAGCGGACAGTCCGAGGGAATTTTGACAACCGCATCTGCATTCAAAAGTTTTGCTGCCTGATAATGTCTGTCAAGTAAGTCTTCTGTACTTCCTCTGTAGATGAGAAAATTATTCTTTTCACAAATTTCCTGAATTACATCATCAGATTTTTCTTCAGTAGTTGCGACAATAATTTTACCAGCTAATTCAGACCACCGAACTCTCTCAATCATTCTTTCAAGTAGAGTTTTGCCTGCAAAAGGCATAAGAACTTTATTCGGTAATCTTGTGGAACCTGTTCTTGCTTGTATGACGGTTACAATATTCATTCTATTTGGCTCTTAACTTTCGCAAGTTTCTTTCTAAAATAGAATATGAATTTATTTTCGTTAAAATCTTTTTTGGATTTTTCCGGAGCTAACTCGAGAAGTTTTCTTGCTTCTTCAGCAATATTCTTGGCAGAAGTCCCACCATTCTGAATTGGAGTAAGCTTTTGAATTGTTTCTTCATCAATATCTGAATAGACTTTCTTTCCAAGCGCTGATGCAACAAATATTACGGATGAATATCTTGTGATAAGAACATCGCAATTTGCAATCATCGGTTCAATAGGAACTCCATAGTAGACTAATGCATCCGGAGCATATTTTTTAATTTCTGCAGTTCTCTTCTTAACATTTTCATTAGGATGAAGTTTGAAAATAAGCAGCTTTCCATTTGCGATGTCTAATGCTTTCTGTATCAACTTTTTTCTGTTCTCATACTTTAGAGTTTCCCTCATGTCCGAAGTAGCAACTAAAACAAAATTTTTATGAGGAAAATCATTATTCAGGTGTTCAGCGCAATTATCAAAATTTGGAATACCGGTTACTTTTAATTTTTCGGGCTTCAAACCTTTAGTGATAAATAATTCTTTAAAACCTTCTGAAGCAACGCAGAAAATATCGTAGAGATCTGATTGACCAGTCATTGTTGTGCTTGCAGCCCAGCGTGGTAAATGTAGTTTTCTTACAAGCTTTGACCAAAAGGTTTCCGGATCTACCATCCCTTCCTGAACCAGAATAATTTTTGAATTACGAATATTATGGGGAATTATTAAATCCTGGCAAGTGAACACCAAATCGTAATGATTTTTTTTACCTTCATAATCAATATTCAAATTATGTTTTTTCAAATAGGCAAGAGTTCTTTTTTTGAATATTCCTCCCATTATTGTAAAATCAAGAATACCAATTTTCGTAAGAAATCTTATGAATCCATCAGCATAGTAAGGAGTGAACCAGGCTTCATATTCAGGTAATTCAAGTGAAATTTTATGCATTTGAGTAGTCTGGTTCAATGAACCACAGATATAAAGAATTTTCTTTTTTTCAGCTGTCATAAGGATATTTTGATTTTATTCTAAAGTATTGAAATCCCTCTAAAATCTATCTCAAAAATGCTCATATATGAGCTAAATTTCAATTTATTAATATGTTAAGTGATATTTATCATTATCATTTTACAAACATTTTACGAGCGTGAAGCTTTATACTTTTTTTGAATAAAGTCTCTGTGATATTATTTTCGCCAAAGTATAAACACTTAATTAGGATTTATATGCAAGTAATCAAACCAGCCCGCCTCAAAAAAGGAGATATAATTGGACTCATTTCACCAGCTTCCTCACCAGATGAATTGTTAAGAATTGAAGAATCAACAAAATATCTTGAAAAGTTGGGCTACAAAATTAAGCTTGGTAAGCATGTTGGAAAGTTTAATGGTTATCTTGCCGGGACAGATGATGAAAGGTTAGAAGATTTTCATTCAATGTTTAGTGATAAAACTGTTAAAGCAATAATGTGTTTAAGAGGTGGATATGGCGCATTCAGATTACTTGATAAAATCAATTACAAGCTAATTCAGAAGAATCCAAAGATATTTGTTGGTTATAGTGAAATAACAGCATTACAGAATGCAATATTTAATAAGACTGGTTTGATAACTTTTGCCGGTCCAATGCCTGCGGTCGATTTTGTTAATAGTGTTAGTCCGTATACAGAAGAGTGGTTTTGGAAAGTTGTAACTTCGAACAAAAAAATTGGAAAGATAAAATATCCGGATAATTCTAAGATGCCTTTTATTAATAAAGGTTTGTCTAATGGAAGGATTTTAGGTGGTAATCTTGCCGTCTTTAGTGCATTATTGGGAACGGAGTATTTTCCTGATATGAAAGATAAAATTTTGTTGCTCGAAGACATTGATGAGAAGCCATATAAAATTGACAGAATGTTAAATCAGTTAAGACTTGCAAAAGTCTTTAAAGGATTAAAGGGAGTTATCTTAGGTAGGTTTGTTGAATGCTACGAGCAAGATCCAAACAAGAAAACTTTAAGTC
NZ_AP026678.1_gap17	613101	616939	3838	AGCTTGTATTTTCGTCAAATATTCAATAAGGTGTAATTTGGTTGTTTTTTTGACTTACAGTTATAATCCTGAAAGTTTCAGTTTAATAGTCTGATTCCGTAGATAAACAGATTGTTATGTGCTCCCCGCTGTTTTTTAAGGTTATATATATTGGTCAAACGATTGGTGAATTTTTCTTTGCCAAGCGGTATTTCGTTGTAGTCATAGCAATATTCGGTGTATGCTTTATATAGTTCTTTTACTGATGTTTTAAAGGAGGTATCGCCTAATTCACAGGCTTCCTTAACGAAGTCATCAATATCTGTTAATCTCTCGAAGGCAAGTTTAGTTTCTTGTTTAATAATTTCCGGCGCGTCGAAATAAACAGACCCTTTGGCAAGAATTTTAGGTATGTAATACTCAAGCAGTAAATTAAGTAGCCCCGATTTTTCTTCTTCGGTTACAAGTTTTTTGGTGAGTGATGTATCAACTTCGTTATCGGTAAAGCACTTGTCAAATTTTACTATCTGGTATCTTTCAGTAACGCTTTTGTTGAATTCCCGGAGTGAAGGTAATTCGTTTGCTGAAATAATAAGTCGTGCTTTGTTATAAAACATAACTGCATCGACATCATATTTTCGGTCGGCGGTGATTAAATCCTCGCCGGATAATTGTTTAAGTTTATCCTGCTCAAGTACACCAAGCTTCTGTTCTGATGAGAGATTAAGAAGCTTATCCCTCAGGTTAGAAATCATAAAGCGGTTCTTTGTAATCTCGTGGGTGGAAACAGAAATCACGTTTCTTCTTCCCAGAATTGCCGCTATTGTTTCAAATATTGTTCGCTTCCCGTTCCGTCCACTTCCGTGCAAGACGAGGATTTTCTGGTATTCATATGTTGGAAGCAGCAAATAAGCCATCCACGATAGTATAAAATCGCGCTTTTCGTTATCCGGAAGTACTTCACTTAAAACCCTGGAAAATATCTCAGCTTCAGCGTTTGGATTATATTCCACATCATAAACAACAGTTGAATAAAATTCCGGTGTGTGTTCTTTAATTGTTATAATCCCGTTAGTTACATCAATCATCTTATTTCTGACGTTAAAGCAATAATTATTGCTATTAAACTTTACATCACGTCTGAACCGCTTGTTACGTCTTATGAATCTGCATAAGTTGTCGACTGTTGAGCTACTCAGGATATTATAATTTCGCGCGACAAGAAATTCCTGTACGATCGAAGCAAAACCCTCCTCATCAAGCTCAACATAACACCCGATATTAGGATCATAACTTACAATCGAGTGCCTGTCTGTTGAATAAAACGTATAAGGGTTTTCGTCAATAAAGCTTTCACACGCGCTGGAAATCTCAAATTTGCGTGTATGATTGACACTTAACTGGCTGGTAGTTCCTGTTGCTGGTAATTGTTGGGTCATGACGTCCTTTCTTTTTATTTAGCTTTTGAGTTAAACAATTACGTTAATTAATAAATTAACGCCCCAAAAGTGTTTGATACATAACGTGTTATCAATATCAATTGGAGTTAAATCGATTTAACAGGCGTTATTTGAAGGTAAGCGTGTAGAGAAATTCAACACCGTTAATTTTTTTGGGGGCGTTAAATATTCTCCCGAAAAAAATAACGTTCCCCCTTAATTAAAGCCCAAGCTCCTAATCCTTAAACTAAAGCCTAAGCGTATTTTTGCAAGGCAGTCTCAAAACTGCCTTGCAAAAGAAACGTTGATGACAATCCAATTCTACACGCTAACAACAATTAATACTGTTAGTGCTACAACTTGTAACCCTGGAGTAACCCAAGAAGTAACCCCAAAAACCGTGTTTTTAAACCAAAAACACAAAAAGGTTACTTCTTACGCTTTTGTTGACAAAAAAGTGTAAGCTTTATGTATATGCATAAAAAAAAGTTTTTGCATCAAAACAGCGTCAAAAGTAACCTTTCTGCGTTTTCAGAGCAAAAACGCAACTTTTGAGGTTACTTCTTGGTTACCACAAAAACACGCTTAAGCAAAAAGCTTTGATTTTACGCTGAAAACAGCGTTTTCAGGGTTACTTTTAAAGTAACCCGTCATCAAGAACGTTAACTTACTCTCTCGTAATTAACGCTTAAGCCTGTATGCAAGTCGGAAAGGCTTTATTCCGGGGTTAAAGCGTGTAAGCAGTGAAGTTCTATATGCTTCAACCGAGCTTTAGTTTAGGGATTATGGCTTAAGCTTGATTGTTTTTTGCGGGCAGTTTTGGTCGCCCGCAAAAAACTTGTATTTAATAACGGAATTCACTCATAACATAAAGGCTGACTTTCGGCTTTAATAGAGAGCTTATCTCTGTAAATTCACCAATAACAAAAGCACGAATTATGAATTTGTTCATAAAGTTACACCCTAAGAGCCTTGCCTGGTACATCAGCGAAAAAGACTTCGGTGTCGTTCAGGTCTCTAAAAGCTTTAAAGTCTCGTCAGGCTTGTTTTATAAGCTTATCAAGGGAATTACTGACAGACATAAGGATATTGTAAACGTTATTATTGAGAAGCCTTATTTAAGGTTGAACGGTGATGACAGAAAAAGGCTTGCAAGGGACATAATACATATACAGAGGTTATTTGGGAGTTTGTTATCCTGGTTGGAATATTTTTTCCCCGCCGCGGAAATTATTCAGCTATCCGCTCGTGTTGCAAGAAAGTCGGCTTACAACACAGAATCTATTTCAAAGGATCAACAGCTATCAGAGATAGCTGTGATCCTACCGTCAGTTAAACAGCTTGATTACTGCACAATAGAATTGTTTTGTATTCATGATTGTCTTGTATTAAAGAGGGCTTATGAGCAACGATCAGCAAGATAATACCCGCGCGAAATTTATCAGTCTTTTTTTTGCGGGCGGAAGTCCCGATGTCGCTTATTTGCACAACCCACAATTTTCAATTGTAGATTACACACAAACCTTATCAACACCGGAATATCAGGAATTTGCACGTGATGTCGAAAATAACTTCCTGAACAACATAGAAGCCGTCCTTATGGGCAATCTTTATAGAATACAGGAAGCGCTCAAATCACTGCAACCCACTGATAAGAATTTCCCGGCGATTTACAAAAACTATATTGAACTTCTTAAACTGACCGCACCGATAGTTGAAAGACTGAATAAACAGCGCATCGAAGTTGACCAGTTAAAAGGTCTTGAGCTTGCAATTAAAAACACTGATGTCTAAAAAGCGTTATTACATAAGCGATTATATTCCTCACAAAGGGCAAATTGAATTTCACCGCGCCAAAGAAAAAGAAGTGGTGGTTATTTCCGCTATACGCTCAGGTAAGAGCTATGCGGTAATTTATGACTCAATTGTTAACAGCTGGAACGATAATTCCGGTTTCGGCACTTTAATAACGGCTCCGACTTACAGGCTTGTTGATACAGTTCTTGAAAGACAGATAGTCAATCGCCTTGAATATTTCGGATTATTACACTCACACAGCTTCTCAAGACACGAGACCACACTGAAAAACGGAAACTTAATTTATTATCGTTCGCTTGAAGATCCTGACCTCGCACTCAGAGGCTTGAATATCAGCAGGGCTTATATTGATGAGGCTGCTTATTGTTCAAAGTATGCAGTTGACGTCGTAAAAGGAAGACTATTAACAACAAACGGGCAATTAAAAATTATTTCCACTCCAGCGGGACTGAACAACTGGCTTTATCAGGATTATTTCTCAAAAGGACAATTAAGCGGCGTCAGATATATACGCTTCTCTATTTATGACAACCCAATTATAACTGCCGAAGCAGTAAAGCGCCTCGAGCAAAGCTATGACCCGCTGTTGTTCAAACAGGAAG
NZ_AP026678.1_gap18	673934	674719	785	ACTGCATCGTCAACATATTTTCCGGGAAACCAATAATCGAAACGCAAACCAAAATTCAAAATCATTCCGCTGAAATTAATATTATCCTGAGCATAAAGAGAACCAAGTGCGGGATAAACTTTGTATAAATCGTTATTCAAACCAAGTTCACCAATCCAGGGTTTGTATATATCAATAACCTGCATTTCCTGAAATTGCATACTAAAACCGGCTTTAAATTTATTTTTTTCATCGAAGAAACTTGTTAAATCACCACGAACAGAAAACTCCTGAAGAAAGTGATCACGCCAGGTAAATGGATTACCCAAATCCCAGAATCCATCACCGGGAATAACACCAATTGTATCCCGATCAATGTTGTAATATTCTATTGGAAAGTTCGTGATATCTTTTGGTTCCTGATATTCATACCACATCTTGCCATTTGCATCGGCACGAAGATTTGTATAGTAATTACTGAACTTTAACTCATAAAATGTTTTTGTATTTAAGGTATGCGTGATTGTAAATGTATGATACTTATTATTATGTGTAAAAGTATTTGCATTATCCAGAATGTATTGAAACTCGTATTGATAACCCGGACTTGGCTCTACATATTCAAGATTTGATTGAAGCGATTGAGAATTCTGATTAATATTAACCGACTGATTAAAGGAATAATTAAACTTTAATGTAGGTGAATATTTATAAGTCAGTTTTCCCATCCAGAACCAACTGTTTTCAGAGCGAGGTGCAAAGCGAGTACCGTAAAATGTAGATGAATAAAGTTGCTTTGCTTTACC
NZ_AP026678.1_gap19	676110	679016	2906	TTTTAAGGTTTCAGTGAACTGTGGTGAAATAAATTTTGGTAAAAGTTTAGCTGGAGTTGTAGATGTTTTACCAAGTTTGATATCCCAAACATCAACTCTAGATGATAAATTAAGACTATCTGCAATCTGATAGTAAAATGAAGCAGCATTATCGTTGGTGGCATAATCATCAATTATAAGAATATCTCCGGCTGGTTTTTTAACATACCAAATTAGACTGCTGTTTTCTGATGGCATTGATAATAACTGACTTACGCTGCCTGCAATATCTTCACAATAGACATAGAATTTATTCAGGTCATTTAATTTTAAGCCCGGCAATTTTGTGTGATATGGAGTTGTGATAGAAGTTCCGAGATAAACATCACAATCTACGATATCCGAGTTATAAGGAGGTTCAACTTTAATAGTTACAAATCGTGTTGATGCCGGCAATTGAATTTTCTGCGATGTATCATTCAATGCAATGAAAACTTTACTGATTGTGTTATCTCCATCAAGATCAGTTATTGTCCAACCAAAAGAAGCAACAGGAAAAGTTGTATCGGGAATTAAAATCGTATTATCATTTTTATCAACAAGAAATTTGATTATTGGAGCCGAATTCTTAAGCGGCAGAAGTAATGTTGCAGGTTCTGAGTCAATTGCTCCACAATCAATAAACGGCTCATTATTATCCCATTTTCCATTATTGTTGAGATCGGTGAAAGGTTCCGGTCCGAAATTGATATTGCCCGAAACTAATTGATTATCATAAATACCATTGCCAGAATTATCAACTGCAGCAACTCTGAAAAGATATGTTGTATCAGAACCTAAAAGAGTAAATGAAATAAGTGAATCATTTTTTGATGTGAATGTCCAGTTTATACCGTCAATAGAAATGAAATAACCAATTATCAAACCATCAGAATCATCTCCCCACCAATATAACTTAACACTGCTCGGTTGTTTTGTTATAGTACTGTCAGTAAAAACGGAGATAAAAGTATCTGGAGGTTTATTTCCAACCGGTGCATCAATCAGTTCATCGTAACAAGAAATCAGAAGGACTGATTGAAGAAGAATTATAATAGTTAGTAAAGTTTTTTTCATTTACATCTTTTAAGCTTCAAAAAAATAATTTAGAAATTGTCAGTCCTTGTAAAAATTCAACGCAGACTGACAATTTCATTAAATACTCTTATTTCATCAGAATCATTTTCTTAGTCAGCTGAAAATCATTCACATTAATTTGATACAAATAAACACCTGATGATAAAGAAGAAGCATCGAATATAACTTTATAATTTCCGGGTACCTGATTCATATTAACAAGAGTCATTACTTCCTGTCCGAGTATATTAAATACTTTAATCTGGACAAAACCTTCCTTCGGAATATTGTATTGAATAGTAGTAATCGGATTAAATGGATTAGGATAGTTCTGTTCTAATTTATATTGGTTAACAGACATTATTGCATTATCATTAACATCGGATACATATCCAACAAAGTCATCAGATTTTCTTGGAACCAATTTATAATTTCCAAATGAGTAGAAAAGAATACCTCTTAATTCTTCAAATGTACTGTTCTGCAATACACGTATATTTCCTGGAACTGTATCTAACCCTGCAACCCAAAGATTATGATATTCGTGATTTCCTTCCTGAAGTTCAACTCTGGTATTAATTCCGGAATTATCTGCAACGAGTATTTCACCAAAGTTGCTGTTTCCGCCACCATTTGGACCTGGATTTCCATCTGCATTATCATCTGTTACTGTTACATTAAGATATTTTATCAAGACACCCTCATACTGTTCAGCGGAAATAGTTCCATTTGGCAATGTTCCAATGTCAGCAGTGGAAACAGTAACGAAATCCGGTAAAGGATTGCTGGTTGAATTTACAACAACAGATGTAATACTATCGATAAATGTATTGCTGTTACTTTCTCTGATTAAACCGCTAACAGTTACATTTTGTCCTCTTTGCAACGGATCAGCAGCAAGACCACCAATCCAGATTCCACGCCACGGACCAACTCCATCCTGCATATAAACTCTTCGGCTAACCTGATTTCCGTCTCCCTGTAAATCAGAAGTATCTGCTGTTACAACACCTGAGACTGTTACTCTGTAATTATTATAAGCGCTGAAGCCGCTTCCAAAAGGACTGTATTGAACATCATAAATGGTAACAGGTCTGTTAAGAACTAAATAGAAATATTTGTTTCTTACTGTATCAGCAGGATTTATTGAAATCATTCCATCGTTATCTTTTGCCCAGACATAAAAATCTACTAATGCTGAATCCAATCCCACTGCCGGAATTGTTGCAGACCAAAGATTATTTAAGCCTTCGACCATATTAAGCTCGCTTAAATTTCCACCATTAATTCTGTATCTGACTTTTGCTTCTGTAACATCTCCACCTTGATCAATATCAGTAATTGTTGCTGTGATGGTTACAGCATCATTTGGTCCAACCAAATCAATATTTCTTCTGATATTTGTTATTGATGGAGGTGATTGACCAATCAACAAATCATCAGGGTACATTGGGCGAAGGACATATCTTGAAGGATTATTGAAATGACCTACAACTCCTCTGATATATTGAATAGTTGTTCCATCAATCGGAGGATCAAAAGTTCTAAGTTGATGATTTCTTCTTGTAAAATAGCCCGATTGATCATGAATGAATATCTGATTTCCCTGTCCGTCATTAATTGCAAAAGTACCGGTAGATGTGTTTCTGTCAGATGTGATAACATTTCTTATTATCACATACATTCCTTCATATTTTTCGCCGGTCAATAAATTTCCTACAGGAGGTGTTCCTGTATTCAAATCTGCAATTGTAATTTCAAGAGGTTCGCCTCTGCTTGGTTTAACACCATGAAACTGAATCGGTGTTAAA
NZ_AP026678.1_gap20	680370	682279	1909	CTTAATGCCCATTCGGCACTGGTGAATAAATTTGTTTTCTGCTCATCATTATCTAATGCTGCAGGATCGGTTCCGAATTTTTTAGCGGTGATAATTGCAAAAACAACATTGATTGAATCGCCCGGAGAAATTTTTCTGAAAGGACCTGCGGTGATTAGAACTGATCTGTTGGAAGGAGATTTTAATGTTGCCGGTGAAACCTGCCATGGAAAGCGATTATTTCCACCGAAGTATCCTTCCATTTTCCTGTACCGTTCAACATCGGTTTGAGGGGCAAATAAGTTTGGATCAGTTGTGTTTCTGAATTGCCAGCTAACAAAATTCACTGAGTCATAAGGTGCTGAAGCTCCTAAGAATTGCATTCCAACATAACTATCAGTAAATCCAATATCACCTGTTGCATCAAATTCGTAAGCAACTCTGAATTCTTGCGAGTATCCATTCCCACCTTTATCAAAAAATGTTGACCCACTTCTTGGTGAAGTGATATTTGTATTTCTGACAACTGCATCAGTCCATAATCCAACAAATACACTATCTAGATATTTGCCAGATACATTTTTAATCCAGTAATTCATTATAACAAAGTTATTGGCAAAGGAAAGATTCCAGGAATATGATTCGTGATGAACAACTACGCCGATGGGATTGTGATCAGGAATAATTTCACCACCAGATAAAGTAGTGCTTGTATCGGAATATTCCATCACAAAGTCCTGGTGTGAAATTGCAAGCGGGCTATAAACTTTTGAATCGAGTAAAGCCGAGCGTTCAACTACTCTGTCACCAGGTTTGTTGGTAAACTCAAATCCTCCGCCTCTTGCAGAAACTGAAGCAGCATCAACTGCAGCAGTAGTTACAAACGGACCTTGTCTTCCACTTCCAAGTGAATCATTTGAAGTGAAAGCGCCAATCCAAAGTCCTCCATCAAAAATGTGTTCGATACCTGAACCGATAGGATATTCGCAACTTGGTTGTCTGGGCCAAAGTGTAAAACCATGTCCGTAAGTTCCGAAGTTAGTTATTGTAAGACCAATGTTACCAACATTTGTGAATTTGGAATTATCATCATCTAAAGATTTAAATATTTTGTCAGGATTTTGCTGTGCAGCAATATAAGAAGTAAAAAACAGAATGAAACAGAATCGTAGAAAATTTTTCATCAATTAATAATTAAACTTTTTGATAGCGGCTGCTAAATTAAAAAAAATTCTTAAATCAAGTATTAAGTTTTGATTAATTAATTCTGATCGAATTTAACTCACATTCAGGGAAAATCTCAAATTTATGATTTGAAATTTAGTCGTTGCTAAAAATCGCCCTCGCATGCTGATCAGCGTGATAAGAACTTCTGACTAAAGGAGCGGATTCAACAATTTTGAATCCCATTTTTAATCCTTCTTCTTTGTACATTCTGAATTCCTCAGGCGTAACAAACCTGTCAACCGGAAGATGTTGTTTTGTCGGTTGAAGATATTGTCCGATTGTAAGAATATCACAGCCGTGACTTACCAAATCTTTCATCAACTCAATCACCTCTTCAGGTTTTTCACCGATTCCGACCATAATTCCACTTTTTGTTTTAAGTCCTTTACTTTTGAACCATCTGATAAGATTCAGACTTCTTTCATATTTTGCCTGTGGCCGGACTGCGTGATACAATCTCGGTACTGTTTCAAGATTATGATTAAGAATATCTGGTGGTGATTGCATAATTATTTCAAATGCATTTTCATCACCTTTAAAGTCAGGGATAAGAATTTCAACAGTGCAATCCGGTTTTCGTTCACGAATTAATCTTACACACTCTTTAAAAATTGTTGCTCCACCATCTTTCAGCTCATCACGATTGACTGAAGTAATTACAACATGTCTCAAATCCAATTCAATAACTGATTCAACAACACGG
NZ_AP026678.1_gap21	684701	685488	787	TCGCATCCCAGAAACTCACACCCCACGAAACAACTGTAACATCATTTCCTTCTTTAGCAACTTTAGCTTTTCCAAAAGGAATCAAATACTCTTCATCAGGTTCCGGCGACATTGCAAAACTTTGTCTGTATAATCCTTTGTGCTCACAGAAAAGAACCGGATCTTTAATTCTGCATGCTGTTTTAAGAAGTCCTTTAGCATCGGCTGCATTTGAAGGATAAGCGATAAATATTCCCGGAACATGAGCAAAAATGGATTCGATGTTCTGGCTATGATACAAACCTCCGTGAATGTAACCACCAACTGCAACTCTTGTAACAACAGGACTTTCCCACGCATTGTTAGATCGATATCTTATAGTAGCTAATTCGTCTTTCATTTGCATAAATGCAGGCCAGATATAATCACCAAATTGAATTTCAACAACAGGTTTCAAACCTGTGAATGCCATACCGATTGCAACACCCATTATGCTTGCTTCTGCGAGTGGTGAATTGAAAACTCTTTTCCTTGTGAATCTTGTTGAGAGACCTTTTGTTGCAGTAAATACTCCACCTTTACCATCTTCAATATCTTCTCCAAATATGTACATATCAGGATTTCGTTCCATCTCTTCGTGAAGTGCATGATTAATTGCATCGACCATCACTATTTTATTTCCGGATGGCTCATTCTTTTCATATTCTAATGATTCCCTAAAACCACTTTCATCATATACAAATTTTGTTGCGTCTTCAGGTTTTGGATCAGGTGCTTTGAATGCTCTGTCTGAAGCTTCGTTTATCTC
NZ_AP026678.1_gap22	697671	700454	2783	AATCACAATAGGTAGGAATCTTTTGAATACCTTTAACTTTTTCTTTATTTATCTTATCCGCACCTTTAACAAGTGTCTTACTGGCACCTGTTAGTATGGCTGCAGTAGCTATTGTCGCTCCGGAAATTTTTAGAAATCTTCTTCGGGAAATTGAGTTCATTTAACCCTCGTTAAATTTTTTATAAAACTTTTTATGTTTGAACATTCACTGAATTTATTATAAACATCACAATTTCTGCATTCTTTCTTTTCACATACAGTACCTTTGCCTTTTATTGCCCAACAAGGTTCACTATGAGAATGATATGCAGGACAATTTTCTCTTTCCTCATCAGAACAACCGATATATTCCCAGCACGGCATCATAGAATAGATTGATTTAATTCCGTTAATGCTAATCTTTGATTCGTTAATTGCATTCCGAATACATCTTATTCTCTCGATATCTGATTGGGAATACAAACGATGATTAGTCGACTTCTTGAACGGAATAATGAGATTTTCTTTTTCGTACATTCTTAAAGTATGAACAGAAATGTTTAGCATTTTAGCTGCAGTGCTTATCGGATAAATTGGCTCATCTTGTGGTATTTCGTAAAACATCTTTTCAATTTTTAATTTTGATATTTATAAATACCAACTTAATTGCCAGATATAATTCTTAGTTTTTTCTTTGTTTTCGTTAAAAAATCAAATGATTTTTTTCAGAACTAAGAAAATGACAAAAAATTTTTTTATAAATAAAAAATGATTAAGTGAAGTAAAGTATTTTTTAGAATTAAGTATTTACTCTGCTGACTGGAAAAACTCTGTTGGCATTTTTTGAGATTTTATAAGAATGGTTAAAGATTACGGAATTACTTCATCACTAATGACTTAAATACCAAATAAGAATCCTTAATGATTAATATCTCCTCGATTTCAAGAATAAAAATTTTTTATTGAGATCTAAACTCAAATAATTAATCCATTTTAAAGAACTAATCTTCCTTTTCTTCAAATAATGGAGTTCCGATACAAGCGTTTGGTTCATTAATTTTTAATAGGTTAGCAATTGTTGGAGCTATATCAACTACAAACACAGGTTTATTAATCTCTTCAGCAGGAATTTTCCAGCCGTAGAATATTAAAGGTATATGAGTATCGTAAGAATAAGCTGAGCCGTGAGTTGTTCCTTTCTCAAGAAAATTATTCAGATAACCTGGCATTAAGTTATAAGCAATATCTCCTGAACGCGATGGATTCCAGCCATTTAATATTGAATTAGAATTTGTTCTTGAGGCAACCTGAGTTTCCAGGAATTCTCTAGTAACGATTGTTTGAATTTCTGAAAATGTATCTCTCAGATAATTTTTTATTTTTCTTTGAACTAAAGAGATATCCAATCCTTCACGGCTTATGAATTCACGATTCAGAAAAATTTGTCTGTTAGAAAAATTTTCGATTATTTCTTCAGAACTGAATTCTCTTTTAGCATAAGCCATCAATGAATCTCTAACTCTGCTATTTCCAATTCCACCAACAGGCATTCTGTTTTCTTTCAGATAAGCTGGTGTTTCAATTCCTGCATGGTCAGATGTGAGGAATAATAGATAATTATCTTTTCCGATTTTCTGATCAAGAAAATTCAAAAGCTCAGCAATCTGTCGGTCAATTCGCAAATAAATATCCATAAGTTCATAAGAGTAATTCCCTACTTCGTGAGCTATTAAATCAGGTGTAGAAAAACTGATTGCAAGAAAATCCGGATATTCATTTTGTCCGAGCTTTTCACTCACAATTGCCTCTTTGGCTAAATCAAGAACAAGTTGATTTGCAAACGGTGTAAACTGAAATGCATTATACTTTTCATCAGATTTAAGATTTTTGAAAGAATGTGGAAACGATGTTTTACCTTCATTAAATAAATCTTTTTCATATTTCGATTCATCAGAAGGATTATTTTCATATGCCGATTTATCTAACAATAAGCTCCAATCATTTGAAAGATATTTGTTCGGATATTTTTTTGAATTAAAGTTATTAACCCAATCAGGAAGCTTACTCATATAATAAGTTGATGTAATAAATTTACCGGTTTTGTTATCATACCAATAAGCAGCATCGGCCAAATGTCCTGCAGGAAGTATTGCACCTCTATCTTTGATCGAAACAGAAATAACTTTTGATTTTTTATTTGTGAAAAGTTTTAATTCGTCTGTTATAGTTGAAGCAAGAAGATTGACAGGCGACTTTTTACCATTTGAGTTTTCAGTTCCAACTGAGGTTTGTGAATCATCCTGAACACAATTCAGCATCCGTTTATTTCTTTTATCATAAAAATCATTTCCAATTATTCCATGGAAAAACGGAGTTGTTCCGGTATAAATTGATGCATGTCCGGGACCGGTGCTTGTTAATTCATAATTATAATGAGCAAAAGTAAAGTTGCTACCTTTTTCCGCAAGTCTTTTAAAACCATCTTCACCGTAAAGATGATAGTAACGATAAAGATCATTAAAACGCATCTGATCGACTACAACACCAACTACCAATTTTGGTCGTTGAACCTGAGCTAGTAAAGATGAAGTTACTATAAGAATAAAAATGAATGTGATTGATTTGAATTTCATATAAAGTAAAAATTTTATTGAACAATGAGTTGCAAACTTAAATGATTTCTAAAAAACTGTGCAATAAATGATGCGCATTAACAATTTATTAATATTTTGGCAAAACACATTTATTACTGACTTTCTTCAAAACACTTTCCCAATCAAATAAACTTGCTTTCATAATCTCAG
NZ_AP026678.1_gap23	739718	742780	3062	AATACTGATAATGAGATGTTACAATTAGCTCTGATGAATTTCAGAGTACAAAAAAATTTTTCAGTTAATTATGATTTGATAGACCAACTGTTTAACGAAGCAGATGACGAAGTTAAAATAGAATTAGTTAAATGTCTTCCCTATTTCAATAACGAAACCTCATCATTAAAATATTTTACTTCAATTTTATCTAACGAAAGCATAAATGAAAATTTACTTATCGAAACAGTAAAAGCACTTCAAGTTCAGAAATGGAATTCTGCTTTATTGAATGGGAATAAAATTTCAACACATCTTAAAAAGTTAATTCATAACCACAAAAAAAATTTTATTTTAAATGAAACTATCAAAACTTATGCACATCTTTTTGATTTTGATGATTTGAAAAGTGATAGTTTATTTCTTAAGAATTTGTCAGATATTAATGTTATTCAACTTCTGGTGATTGCAAAAAAAGATTTACCATTTTCTATTTTGTTAAAACACTACAACAACATCACAGTTGCAAAGCAAATGCTGGTCGCTTTAGAAATACTAATTAGTTTAATTAAAGACTTCTCTTCAGATACAAATTATGTTCAATTTATTCTTAATGAATTAAAATCTGATAATCCTGCAATCATTTCGATTGTCGCAGATGGAATTGATTCAATTTTTATAGCAAATCATTCTGAAGAATTGAAAGAAATAATTTTATATCAGGCAAACAGATTTAAAGATAATTCTGACTTCATTGAAGCAGAAATTTCTCTAATAAATCTTTCAGATAAAATCTCACATGACTTTCAGAAAGAATTGGTTAAAAAATTATCTGACACCAAACTTTACTCATTAACAAAATTCTTAAATCGACTTGATAATAGTATTGGACTCACAGAAAAGAACATCAATCATTTATCAAACTTTATTAAAGAAGCTTTCAATTTTTCCGGTGCAGTAATTAAAACTAATAAAGGAATAATAACTATAAAATTTAAACCTGAATTAGCTCCAATCACAGTTGGTAATTTTGTTCATCTTGCAAAGAAGAATTTTTATGACGGAATAATTTTTCACAGAGTTGTTCCTGGATTTGTAATTCAGGCAGGCGATCCAACAGGTACTGGTTGGGGTGGTCCGGGCTATGAAATTATCTCTGAATTTTCACCAGAAGAATTCAAAACCGGTGCTGTTGGAATTGCAAGTGCAGGAAAAGATACGGAAGGTTCACAATTCTTTATTATGCAAGGTTATTATCCGCACTTGAATTCACGCTACACATTATTCGCTGATGTGGTCAGCGGAATTGATGTGGTAATGAAAATTTCTGAAGATGATCAGATAATATCAGTTGAGTTATTAAAATAATTACTTAAGCACTTCATTATACTTCGAAATATGCGCCGGGTCAATTCTTTTTAATCGATTAAAAATATTTATATCACGATAATCTCTCAGCAAATCAGTTATCTCACCATTCTTTGCATCAAAAAAAGTTCTGAGCAGAACACTGTTAATGTCTGTTTTATTTTTCATATCATTCAAAACATTTACAAGATTTGCAATGTGTTCCTGAGCTTCTTCTTTGTTTACCTGGTATAAATCTAATCCATAATGATATTCATAAAATGCTTCACGGAATGGTCTGAATTTATCGTTGAGCAAGTCTTCACATAATCTTGTCCGGTTATAAGCATCACTTGTACGCTCCCAACCTTTTTTATAATTGCTGTTCATACCAAGATTGGCAATGTTAAATGCTTTCTGAAAAAATTCTGTTCCATAAAATTCTCCCCAGGTTTCATAATCAAAACCGATAATTATGTTTGCATAAAAATCAAGAAAACTTGTTATTGGATCATAGATACTCTGATTTGAATAAAGTGGCTGACCTTTTTCATACTTAAAATTCCAGTTTGCGTCATTGATGGTTAACATTGGTGACTGTTTATCTGATTTGAACACTGGTCTTGTGCTGGTTACAACCACCTGAGCAGAATACTCTATATCACTTGAAGCACTTGTGAAGAAAATGTTTAATGCACAATTAATCTTTTCACCTTCAAATGGTTCATTGGTAAATTGAGTTTTATTCATATATGTTTCAATTTCGGAAGCAAAATTAGCAAGCAATTCACGATTGTTGATTGGCAGTTTTTCGTAGTTTACTGTAACTCTGCAATTCAATTCCTGCGCTGAAATGTTAATAGTAAAGAATAAAGTGAAGATTATCAAAATATTTTTTTTCATATTTGAACCAGCTATTTTTTACAAGTTTAATATATAGATTTAGCATATATCTGACAATCAATTAAATTGTTGATGAAATATCTTTCACTGATATTACTTTGCACCTCATTAAGTCTGGCTCAATTCAATCCTGGAGCTAAACAAATATCTCTGGCAAATTCTGATGTTGCTTTAAGCAATGATGTATTTGCTCTGTTTAATAATCCCGCAGGTTTATCCCAACTTAACTGGAGAGAAGTCGGAATTTATTACTCTCCTGCTCCATTTGGATTAACCGAACTTGCTAATGGATATATCGCATTTAATGAACCTTTCAGTTTTGGCTCTTTATCCGTTGGTGGAATGACTTATGGTTTTGAAATTTACAGAGAATCAAAAATCAGTGCTGCGTATGCTTATAATTATCAGAATAGATTTTTTGTTGGCGCTTCGATAAATTTTCATACGGTCTCAATACAGAATTACGGAAATGATAATGCATTTTATCTGAACATTGGTGGATTAGCATATCTTACTGATAATTTCAGAGTTGGTTTTTCATTTCACAACATTAACCGTGCTTCTTTCGGTAATGAAGATGACCAGATTCCGGTAATTCTGAATTCAGGAATAAGTTATGATTTAATACCAACACTTACATTAAACGCCGCAATAGAAAAAGACATTAAACAAAAAGCTTCTTTTATGTTTGGTGTTGACTATGATTTAATTGAATATCTTTCACTTCGGTCCGGGTTCTCAAATGAGCCATCAAGATTTTCAGCTGGCATTGGAATAAACTATTCTTTGATAAGTCTTGATTATGCGATGTTCACTCACTCTGATTTAGGACT
NZ_AP026678.1_gap24	744255	745384	1129	TTACTACGATCAGTTCAGGTTTCCGTACAAGACATTTGAAAATCCTGTTCCATCTTCAGGAGATGAAATTTATCTAAGTTATTTAATTAAATTTATCGGAAAGACAAATCTTTTTTTACGATTCAAAACTGAACGGAAAGATGTTACAGAAAATTCAGATGAATTAAAATCTGTGTTTATGCGAATTAGAAATTCTTACAGAGTTGAACTTGGTTATGTAATTACAAATAAATTACAGATGAAATCCAGAGTTGAATACAATACATATAGAATTGATAAATCTGATTTGAATGAAAAGGGACTTCTGATTTTTCAGGATTTCCGGTATGAACTTCAAAAATATTTATTCATCTATGGAAGAATTATTTTTTTCGATACTGATTCATTTAATTCTGCTGTATATGAATTTGAAAACGATTTAACAGGCGTTTTGACAAACCTTCCTATGTATGATGATGGAATGAGATGGTATTTGCTGATAAGGTATAAACCAATTGATATTATAACTCTTTCGATGAAATACTCGGAGACTTACAAACCAAATACTAAAACATTGAGTTCAGGAAATAATTTAATAAACAACAATATAGATAACAGAATCAGTTTTCAGATAGATGTGAATTACTGAATATTATTCATACCTCAAAGCTTCAATCGGATCGAGATTGGCTGCCTTGTAAGCCGGATAAGTTCCGAAAATTACTCCAATCAAAACACAAAGTGTTATTCCAATTATTACCCAATCAACCGGAATAGCTGTCTGTGCATTCAAAAAACTTCCGGCAAAATTTCCAATTCCAACTCCGAGTAAAATTCCAATAATGCCACCTAGAAAACATAACACAACTGCTTCTATTAAAAACTGAGTAAGTATCCAGGTCTTTCTTGCGCCTAATGCTTTGCGAATTCCTATTTCTCTTGTACGCTCAGTAACTGAAACAAGCATAATATTCATAATTCCAACTCCAGCAGCAATCAAAGCAATAATAGAAACTGCAAGTGCACCAATCTTGATTGGTCCGGTAATATCATTAACCTGACTAATCATAGATTCATTACTGTAGATATAAAAATTATCAGGTTCGCCCGGTGATAATTTTCTTATTTTCCTCATATAACCTGTAGCGGC
NZ_AP026678.1_gap25	748533	751282	2749	CTGCTCCTGTGTTCCTAATCCTTTTGTCTTTGCACTATTGCCAATCTGTGTAACAACTCCTTTAAATTCTTTATCCTTAAAAGCATCAACTTTAACAATTGCAGTATCACCTTTTGAAATTAAGATAACATCATTTTCATCGACTTCAACTACTGCTTCAATGTTCTTTAAATCTGACACAGTCATTATCTCTGTACCCTGCGTAAATCCGCTTCCGAGAACTCTCTCACCCAATTCAACATTTAGTGATGTAATAATTCCATCCATCGGAGAATAAATTGTAGTTTTATAAAGTGATTCGAGAACTTCTTTTAATCTTGCTTCACTTTGAAGAACATTAGCTACAGCAGCATCATATGAAGCTTTTGCTGTTAGGTAGTTTGCTTCAGCTGTTTCTTTCTCAGAATCACTTGCTAAATTTTTAGCATGAAGTTCTTTAATTCTGTTATAATCAGAGGTAATTTTCTGAAGTTCAGCTTCTCTTATTTTCAACGACGCTTTTGCAGATTGTAAACCTGCTTCAAGCTGCTCTTTCTGCGCTTTGTACTGATCTCCTTTGATACGAATTAACAATTGACCTTTTCTAACCTGATCACCTTCTTTAACCGGTAACTCAATAATTTCACCGGTGACTTCGGGAGTAATTACTACTTTAAATTCTGGTTCAATTGTACCAGTTGCAGCGACAGTTTGAGTGATTGTTCGTTTCTCAACTTTTTCTGTTGTAACCAAAACTATATCTTCTTTACTTCCGGCAGTTAAAACCACAACGACCAGGATTACGAGCAATAATCCTAATCCACCGAAAATAAAAAGTTTCTTTTTCGATTTAGATTTTCCGTTAGCCATTTAAATATTCTCCTATGATTAAAATTTATTCGTACTTAGTTATATCAAGAATTCCCAGATAATATTTTATCTGATCACTGATTATGATGTATGAATATTGCGCATTAACATAATCAGTCTTAGCAGTAATGAATGATGAATTTGCAATCAGTAAATCAAGCAATTTACCTGAGCCGAGATTATATCTTTCCTGTTCAATCTTTAATCTTTCCTCAGCTGCTTTAACATTCTTTTCACTTACAGATAAAGATTTTTTTGCTGCAATCAGAGAAAGATATGATTCATTAATTTCCTGTTTAATTTTTCTTTCAAGTTCTCTTACTTCTAGTTCCTTATTCATTGATTGAACCTCAGCTATCTGAACACGATTGCTAACTGAGAATCCTGAAAAGATTGGAATGTTTAAATTCAATCCCACTGAGTATGTTTTTGATTTGAACAGTTCATCAAATTTGTTTGAGTAAGAAGAAAATCCAAGTGAGCCGGTCAATCTTGGAAAATGCCCCGAACGTGCTATCGTAACCTGATTCAATGAACCTTCCAATTCATACAATTTACTTTTATAATCAAGTCGATTATTGTATGCATCGCTTATTCTTTCCTGAATATTTTTATAATCTTCTTCAAGGTCTGTTGTTAGTATGCTTTCTTCGCGTAAAGTAAAATCAGTTTCGAACGTATAATCACCAGTAACATCAAGACCTAAGAATATTAAAAGATTATTTTTTGCTTTCTGAACTTCAAGATTCTGATTTATCACCTGTAATTCAGCATTACCAAGTTCAACCTGTTGTTGGTATAAATCAGCTAAAGTAGCAGCTCCAAGTCTGTTTTTCTCTTCAATCGTTTTGAAATTTATTTCCTGCTTTTTAACATTTTCTTCACGGACTTTTAATAATGCCATTTGAGTCATAAGATTATAATATCTTGTAATTGTGTTTATAACAGTTTGCTGTTTTAGGAATTCAACATATAATCTTGTTGAATTCAGATTATTGTTTGCCGCTGATAAATTCGCAATGTTTGAAAGTCCATCGAACAAAGTAACATCAGAATTTACGGAAGCGATGTAACTTCTTGTTTCACTTGTGATTTTAGGTATGTTAAAAGGAATTCCATTTATGTAACGAATCGAACCGGCTTGTTCATTTCTATCCCAACCCCAGGAAGCAAAGCCACTTAATGACGGCATAAAATTTCCGTAAGCTGCTGTTACACCGGATTCCTGTGACAATATATTATTTTCAGCTTGATTGAGAATTGTATTTTTCTGTAGTGCTAACTGAATTGCGTCTTTCAAAGTAATTTTAGTTTGAGCAAATGAAAGCCCGCTTATAAGAATTATCAGAAATAAGTACTTGAAATTTGTAATCATTGATACTCCAATGATAAGTTGATTTGTTAAGATTTTAATAATTACTGTTCAAAAATAGTTTAATTCAGTTTCATTTAGTTTTTAACTTTATGAACGGCAAAATAATTACACTAATGGCATTATTAACCTTCATAACGAAATAAAAATGATAATGGTTCTATTAGGAGGATTTATTTTGAATCTTCGCTCTTAAGGAATTTATCTTTTATCTTCAAAAGGTAAGACATTGCAGCTTCATAATTATTTTCAATCACACCATCAAGTATAGCATCTTCAATTGCTTTTTTAATTTCTCCAACTTTTTTTGATGGCTTTAGATTGCAAATTCTCATTATCTCATCACCACTAACCGGAGATTGAAATGCACGCAACTTATCTTTTTCCTGAACTTCCAATACTTTTTTCATTACTGCATCATAGTTAGCAAGATACATTTCGACCTTCTGCGGATTTTTACTCGTTATGTCTGCACGACACAATGTGATTAAATCTTGCAAGTCTTCACCTGCCTGCACAATTAGTCTT
NZ_AP026678.1_gap26	763438	765669	2231	TTGAATTCCTTCGTCAAGGAAAAAATCCTTTTGAAGGAATAATTGGATATGATGATACAGTCATTCCTGAACTTCAAACTGCAATTCTTTCAAGACATAATATAATTTTGCTTGGATTAAGAGGACAAGCTAAAACCAGAGTTGCAAGATTATTTACCAATCTTCTTGATGAATATATTCCCGTTGTTGAAGGTTCTGAAATAAATGATGATCCTTTTAATCCTCTTTCAAAGTACGCAAAAGATTTGATAAAAGAATTTGGTGATGATACTAAAATTTCCTGGCTTCATCGTTCGGAAAGATATACGGAAAAGCTTGCAACTCCTGATGTTACTGTTGCAGATTTGATTGGTGATGTTGATCCAATTAAAGCAGCTGCATTAAAACTTCCCTACTCAGATGAAAGAGTAATTCACTTTGGACTAATTCCAAGATCTCATCGTGGAATTTTTGTAATAAACGAATTACCGGATCTGCAAGCAAGAATTCAAGTTGCACTTTTTAATATTCTTCAGGAAAATGATATTCAGATAAGAGGATTCAAAATCAGATTACCACTTGATATTCAATTTATCTTTACTGCAAATCCTGAAGATTATACAAATCGTGGCTCAATTGTAACGCCATTAAAAGACAGAATTGATAGCCAGATTCTCACGCATTATCCGAAATCAACTTTGGTTTCACAAATGATTACTGAACAGGAAGCTCAGCTCACTAATGAGCAGAGAGAAAAAATCATCGTGCCTGAGTTATTGAAGCAAATAATCGAGCAAATTGCTTTTGAAGCTCGTGAAAGTGAATATGTTGATGAGAAAAGTGGAGTGTCTGCAAGATTGACAATTTCTGCATTTGAAAATCTTGTTAGCTTTGCTGAGCGAAGAAGAATTTTGAATAATGAAAATCAAACAACAGCGAGGATTAGTGACTTGGTTGGGGTAATTCCGGCAATCACCGGTAAGATTGAACTAGTTTACGAAGGTGAACAAGAAGGTCCTGCTAAAGTTGCACAGATTCTCATCGGTAAAGCTATTCGCTCTGCGTTTGAACAGTACTTCCCAAACCCTGAACAGATAAAGAAAAAGCAGGCAAACAATCCATACTCTCAAATCATAAGCTGGTTTGGTAAGGGTAACAGTGTTGATTTATTAACTTCGATGTCAGATAAAGAATATTCAAAGACATTGCGCTCAATACCGGGTTTACAAAAAGTTGTTGACGAATTTCAACCCGATGCAGATGAACGACTTACTTTGTTATTTATGGAATTTGTTATTTATGGTTTATCTGAATTTTCTATGCTGAGTAAATTCAAATTAGAAAATGGCATTCAGTTCAAGGATATGTTGAGTTCAATGTTTAATATGAAACCTGAAGATGATTTTGATATTGATGAGGATTCTGATTTCTTCAAATAATATTTTTATCTTTGCCGAAGAAATTTTCCGGTTAAATTTTGAATTCTCGCAAAAAGAAAATAATCATTATCGGACCAACTTATCCTTATCGTGGTGGTAATTCTTTATATGTTTCATTTGTTTATGAAACACTTTCCAAAGAGTTCGAAGTAAAAATTTTTAATTACAAACTTTTATATCCTTCATTCTTATTCCCTGGTAAAACACAGTTCGATACAAGTGGTGAAATAAAAAAAATTCCTTCGGAAAGAATTGTAAATTCATTAAATCCATTCAATTGGATTAGTATTGCTTCAAGAATTAATTCTGAAAAACCTGATTTAATAATATTCGATTGGTGGCATCCTTATTTTGCTTTATGTCATTTCTTTATAAGTTCATTCATAAATAAAAAACTTAAGAAAAGAATTCTCTTTATAACTGAAAATTATATTTCTCACGAAGGACATTTTATTGATAGATGGCTTACCAGAATTGGACTTCATCATGCAAAATATTTCATTGCGCTTTCTCAAAAAGTTGAGGATGAATTAAAACAAAATTTCAAGAACAAAAAGATTTATCGTTCCGAACTTCCGATATATGATCATTTATCGGGTAATGCAGAAGATATAAACTCATTGAAACGGAAATTTTCCATATCAGAAGATGAAAAAGTTTTATTGTTCTTTGGATATATCAGAAAATATAAAGGACTCGATATTTTATTAGAAGCATTAAATATTCTTAAATCTGAATCTCAAAAAATTAAATTGATTGTAGCTGGTGAATTTTACGATGATAAAGAATTTTATTCTGAATTAATAAAAAAGT
NZ_AP026678.1_gap27	796085	799041	2956	CCCACAGCAAGGATCATAAACTTCCATTCCGGGTTCGGGATCAAGTATACGAGCTATAATCATTCCTACTTCTTTGGAAGTGTAGAATTCGCCTGCACTTTGTCCTCCACCTTCAGCAAATTTTCTTATAAGATATTCGTAGCTTCTGCCAATAATATCAGGTTCAACATCTTTGAGTCCTAATCTCTTCTTGCTTATTTCTTCAATAAGGTTACTAAGTTTATCATCATCAATATCTCTTTGTCCGTGTGTGGTTGCATTAAAATCAACACGATCTATTATTCCCTGCAAACGTGGATTTTCTCTCGCAATATCTCTCAGCTTGTTTGTTAGTTCTTCACCAATGTTAGTTGATAGTTTACGAATGACAGACCAGGTTGGATCATCTATATTTTCAGGTCTGAATGGGATATAAAAGCGTGTAAGCTTTCTGTCTTTTTCGATTAGTTTTAATACCCTCTTTTTATCCCCAATCTTATCAGTAATTTTCTGAACTTCATCATCAAATACATCGCACAGTCGTTTTACAAAAATGAGTGGTAGTATGAAGTCTTTGTACTTGGGTGCATCTTGTGCTCCTCTGATTGCACAAGCAGCATCCCAAATCCAGGATTCGAGGGATTTAGAATTATTATTATTACTCATCCAAAAATTTTCCCATAAATTTATTTAAAATTATTTAATTATGATCGTAAAAAGAAACACAGATTTCGTATTCATAAATATGCAATATATTCCTTCTCATTCAGATAAAACTCATCAACTTTAACTGCTCCTCTTAAAGAGTTTGTGAGAATTATTTCGTCTGCAGTTAGTAAATCATCTAATGAAATTCTTTTTTCTTTTGTTTCGGGATGAGTCCTTATGAAATACTTTCTGTAAATGCCTGACAAAATTCCACATTGCACAGTTGGAGTTGTAATTACATTACCCTTCCTGATAAAAATATTTGTGATTGAACCTTCCGAAACATTTTCATTTTCGTTCAGATAAATTACATCAAAGAAACCCTTTGCTTTAAAATGATTATATTCTTCATCATATAGTTTTCTGTTTGTCGTTTTGAAATACTGAAACTTATTTAAGCTGTTAATTTTATTTTTTGAAAGAATGATCTTTATAACTGATTTTTTCTGAGTGAATTCCTGAATTTGTAATTCGACTTTCCCTGTTTTATTTAAAATTATTTTTAACCGATAAACCTTATTTGCGTCAAGTGTCTTGAGTTCATTATTTATTTTCTTAACAATTTTCTTTTCATCATAATTGAATAGAAAATAATCTGCTGCCTGTTTCATTCTTTGAAGATGGTCAGTTAGAAAAGTTACTTCGCCATTTTCAACTCTTGCAGTTTCAAAAATCTCAAAGTAAGGTTCTGGCTTAATGAGAAAATTACTTTTGAGCAACACTTCATTATACTCTTTTTCAGGTTTGCTGTCCCAAACTACACCGCTTCCAAGGCCAATTGTACCTTTTTTCATTTCACGGTCAAACTGAATTGTTCTGATTGCTACATTGAAAACGAGATTTTTCCCAAGCATCAAACCGATTGCTCCTGTATAGATTCCTCTTTCTTCCTTTTCAAGCTCTCTGATTATTTCCATCGTTCTTATTTTTGGTGCTCCTGTAACAGAGCCACAAGGAAAAATATTTTTAATTATATCCGAAAACTTTACAGACTTCCTCAGCTTGCCTTTAACTGTACTTATCATCTGATACAATGATTCATATTTCTCAATTTCAAATAATTTTGTTGTTTGAACAGAACCGAATTCACAAATTCTTCCTAAATCATTTCTCAACAAATCAACAATCATAACATTCTCTGCCTGATTTTTAATGCTGTTTTCAAGCTCGTGTTTTTTCATCTGATCATCCTGATAGCTTACTCCTCGAGTAATCGTTCCTTTCATCGGTTTGGTAATAATATTTCTCAGATTTGTTTCGAAAAACAATTCAGGTGAGATTGAAATTATTATTTCATCAACAAGATTAATGATAGCAATATATTTTGCCGACTGATTGAAAATCAGATTTGAAAAGAACGAAGCAATGTCTCCTTCAAAATTGAACTTACCCTTTACTGTATAATTGATTTGATAAGTATCACCGTCAGCAATGTACTTTTTAATTTTTCTTATTGAATTGATGTACTCAGTTTTAGATGTATTGAGATGAAAATCAGAAACTATAAAATTTAGTTCAGCAGATAACTTTATGGATTCGGAATTTATCTCTTTAACATTTTTATCATTAAAAAATACTAAATGAGCGAGTGGTTTATCTTCTCTTAGAAATTTGTGTAACCTTTGTTCAAATAAATAACCTAACTCATAGTTGAGAGTTGCATAACCAAATAAATTTTTCGCAATCTTTTTATCTGCTTTTGATAGCATTGGTTCAAAATCATTCAGTCCATAAATAGTCAGAATCTCTGATGGTTTATCAAATAAAAATGATTTTGCATTTGGATAAATCGGTGGAGTATAAAAAAATGCCGAATAAGGATTTGATAAAACTTTATTTACGATTTCTGAAATTTTCATTTAACTTTCTTAGTGTATCTTTGTGCGCTTAGTAACTAAGTGGTAAAATCCCTCTGTATTACCGGCACTAAGGCAACATAGTAAAAGATTGAACAACAATTACGCTAATTATGTTGCATTACTTATTTTTCGATGTCGCTAATTTAACAATACTAAGGATTATTTATGGGCAAACCTCGTCTTTCTTTCTGGCAAATCTGGAATATGAGTTTCGGATTTCTCGGTATTCAATTCGGTTTCGCACTTCAAAACGCAAATGTTAGCAGGATATTTGAAACACTTGGTGCAAGCATTGATTCAATTCCTATACTCTGGATTGCTGCACCTGTTACCGGATTGATTGTTCAACCAATTATCGGACATATGAGTGATAAAACCTGGAACCGACTTGGCAGAAGACGACCCTATTT
NZ_AP026678.1_gap28	818539	820527	1988	CTGTTAGCAATTTTTGTAATTGTTTCACCTTTTCTAACGGTATGAACAAGATAATTTCTTCGTGCAGATTCCGGAATGTTTTTAATATTCTCGGCAAATTGTTGAATTGTTCCTCTTGGAATTTTTAATGGATATCCGCCAGGATAATTCATAGGTGTGGATAACTGAGTAAGCTCAGGATTCAAATCAATTAAAGTCTGAAGATCAGTATTTGCACAGGTTGCCAAATAACCGAGATCAATTGCACCTTCAACAGTGTACACATCATATTCATAAGGTTTTTCATAATTGATATTGGTAAAACCATATTTTTCAGGTTCCATTGCAATCATTGAAACAGCAATATAAATGGGGACATAATTCCGGGTTTCCTTCGGCAAATATTTTCTTACTGTCCAATAATCATAGGAGTTTGCTCTGCTTATTGCTCTTCTTACTCTTCCCTCTCCACAATTATAAGCTGCCAATGCCAGATACCAATCTCCAAGTGAGTTATATAAATCCTTTAAGTGTTTAGCTGCCGCATAAGTTGACTTAACGGGATCTCTTCTTTCATCAAAGTAGAAATCAGTTTCAAGCCCATATAGCGAACCAGTCGATTTTATAAATTGCCATAAACCAACTGCAGATGCCCAGGAACGGGCAGTTGGGTTAAGTCCACTTTCCATCATACTTAAGTAAAGAAGTTGCAAAGGTAAACCTTCTTCCTTAAAGACCTGAGACATCATAGGAAAATATTTGCCTGAACGAGAAAGCCAACGGCGCATTGCGTCGCTTCCTTTTCCGGTAAAATAATTTAACCATTGTTCAACATAAGAATTAACTTCGAGTGGAATATCAGCAGGGATTACTAATTTAGGATGAGTATCGTCATCTTTTAATGAGAGTTCAATTTCAGGAACAGCTTTTCTCATCCATTCATCATAAGCAGCGAACGAAACACCTTCAGGTAAATAACTTAATCCATCAATAAAATTTTTATAATCATCAATTATGGAATTCTCAAGTTCTTTATATGCCTCATTCTTTTCAATTCCCGGATAATAACTAAGATTATTTATTATTCTCAAAGCACTCTCATAAAATTCAACAGTTTCATTTATACTATTCAATTCCTGTTTCTTTAGAGCCATCACATAATTTTGTCTCGCTTCTTCCAACAATTCTGAAACTATTCCTGTCTTACTAACATTAGTTTCCTGTTTTAACTCTGTCTGTGTTACTTCTGAACCACTGCATCCCCAAAAATTAAGAATCAGTAGAGCAAATGGTAGTAGAAGAATTTTTTTCATTATTACTCCGGATTATTTTACTTGCAATATAAAATTATCATTTAGTTTTTTCAAGCAAAAAGTTAACTGTTTGTTTATAACTTACTTGCCTGTAACGATTTAAGATTACAATGGGATGTTCCCATGTTTTTTCTTTGGATTCTTGTCAACTTTATTTTTCAATAAGTCAAAAGCTTGAACTAATTTCATTTTGGTCTCTCTTGGATAAATCACATCATCAATAAAGCCACGCTCAGCGGCAATGTAAGGATTCGCAAATTTCTCTATATACTCATTTAATTTTTTATTTAACTCATTTTCAGGATCTTTTGAACTTTCAATTTCTTTTTTAAAGATAATTTCTACCGCACCTTTTGGTCCCATAACGGCAATTTCTGCCGACGGCCAGGCAAAATTGAAATCACCTCTTATATGCTTTGAATTCATCACATCGTAAGCACCACCATAAGCTTTTCTTGTAATCACAGTAACCTTTGGTACTGTTGCTTCGCTAAATGCATAAAGCAACTTTGCACCGTGTCTTATTATTCCTCCCCATTCTTGTTCTGTTCCCGGTAAAAAGCCCGGAACATCTACAAACACCAATAAAGGTATATTGAACGCATCACAAAACCTTACAAATCTTGCGCCTTTAACAGAAGCGTTAATATCGAGCACTCCTGCAAGCACTTCAGGTTGATTGGCGACAATTCCGAC
NZ_AP026678.1_gap29	821647	822957	1310	TCTTTATTAAAAAACATCACCTCATCAGAAAGAAAAATCGCATCTAATAAATTACTTGTAGCCATTAAAAATTTTGAATCAGTTTGAGTAACAACACTTTTTATCATAGAAAATATTTCTGCTTTTGTTAACCAATCCAATTTATTAAATGGTTCATCAAGCAAAATCAGTTTAGGGTTTGAGTATAATGCTCTTCCGAGAGTAATTCTGAATCGAAAACCAAAACTATCTTTATCTGGAATATGGTCTTCGTATCCTTCTAAACCTATAAGACTAATAATGAATTTTGTTCTCTCCTGAGATAATTGATTTTTAGCTATGGCAAATTCGATATTCTTTTTTACACTCATCCACGGAATTGATACTGGTTCAGTTGGAATATAAACAACATTATCGAGTATTTTTTCATTGCCATTTTCATTTACAATTATTTTACCTGAATCAGTAGTAGTTAATCCGGCAATAATTTTTAGTAAAGTTGTCTTACCTGAGCCAAATGGAGCAATCAATGATATGAAATTATTTTCAAGAAAGTTCAGTTCAAAGCTTATTTCATTCAATACTTTTTTATCGAAGATTGATTCTACCAGGTATGATTTGGAAATATTTGATATACTTACAATCATTGTTATTATTTCCAGAAATAAACTTTATGATAAAGTAAGTTCAGAGCTTTTTGAATCGCGAAGACTAACAATGAAACGAAAATTGTGATTGTAAAAATCAATGAAATATCCTGATACTTGAATACAGTTCTGAGAATTCCTCCAACACCCTCTTTCTGTTGAATGAATTCAGTAATGATAATGATACTCCAAATCCGAGAATGGTTTTTAAGCTGATATAAAAAATATTCCGGCTCAATCAGTTTGAAAATAATTTTATTGAGAATTGAAGTTTTATCAACACCGACCGAATTATAGAAATAGAAATAATTTTTATGATTCGAAATATCATATTCTGAAATTTCCATTAAATTTTTCGGTAAGAGAATAATTATTGCAACTATGTACTTATCAAGTATGAAATCAGGAAACCAGGTTAGTATTAAAAGTGCAGTCAGAATAAACGGAATGTGACTAAATATCCAGACTATTGAATGAATTGAACTTGAATAGGATGAATCCTGCTCGACTTTTTTTCTTATCAGATAAGGGAATAAAATTTTTGTGAATAAAAAGTTGAACAAAATTGTTACATATACTGCAGCGAAAGTTGAAATTAAGTTTAATGCAAAATTGTAGTTTTGTAAAAGTTCGGTAAGAGAAAGAAAAATAACCGTCACTGATGGAAAAAATCCATTTAAAGGA
NZ_AP026678.1_gap30	824306	825988	1682	TTTATCAGACTGACTATTTAATTTTTTACCGTTGAATGATTGTGGTAAATAATTATTAAAGAGTTTCTCAGAGAAATCTTCTTTAGAATAAATTCCTCCGATACTTTCGACATAACTTCCAATATGAATTCCGAATTCTTCTAAAAATTTTCTTGCAACTGAACAGGCAGCTACTCTTGCGGCAGTTTCTCTCGCTGATGATCTTTCAATTGAATTTCGAATATCATTAAAATTATATTTAGAAATGCCAACCAGATCAGCGTGGCCGGGTCTTGGAATAGTAATTTTTTCAATTTGCTCATCAATCTCTGTGACTGACATTTTGTTCTGCCAGTTTTCCCAATCATTGTTTTTTATAAGCAATGAAATTGGTGTTCCTAAAGTTTTACCAAATCGAACTCCGGATAGAATTTCAACTTTATCGTTTTCAATTTTCATACGAAGTCCGCGACCATAACCAAACTGTCTTCGTTTAAGTTGATGATTAATATATTCAGAGTTCAATTTAAAATTTGAAGGAAAGCCGTCAACTATTGTTGTGAGAGCTTTTCCGTGAGATTCGCCAGCAGTAAGAAATCTTATCATTTGTTCTCCAGATACTACTTCAAATATAAAAAAAACGCCCGTAAAGAACGGGCGTTTGTAAGGAAAAAATTTTTCTTATTCAGGAATTTCTAATCCAACAAATCTTGAATTACCATCTGCATCCTGTACTTTAAGAAGAACAGCACTTCCTTTTCTGCTTTCAATTAATTTTCTGAATTGCTCCACATCTTCAACGGGCTTTCTATCCGCTTCAACTATAACCAAACCTTTGAATAGTCTCTGATCATCAGCTTTACTGAAACTTTTGACATCAGTTATTATAATTCCTTCAGAAACTTTGTAAGTATCTTTTTCTTTCTGATTAAGATTTCTTACTGTCATTCCTATGTTATCAAGAGAGATGATATCTTTCTTTACACCTTTGTCTGAATCTTTATTATCTTTTTTTGCTACAGGTTCGTTCTTTGATTTTTCATCTCTTGGTTTAAGAGTTACTTTTCTTTCTAATTCTTTTCCATCTCTGAAGATTGTTAATTTAACAGTTGTGCCGGCAGTTTTCGAAGCAACATAACTCTGAAGTTCATTTGGTTTGTTAACTTCTTTTCCATCAATTTTAAGAATAATATCACCGGATTTAAGATCAGTTTCTGAAGCAGCACCGCCTTCAATTATTCCATTGATAATTATTCCTTTTGGTCTGTCTAATCCAACAGATTTTGCAATTGCATTATCAACTTCACCAATGTTAATTCCTATGTAACCTCTGTTAACTTTTCCGTAAGCTATAATTTCCTGTGCAACAGTCTTTGCAAGATTAATTGGGATTGCAAATCCATAACCGATATATGTTCCCGTTCCGCGGGTTGCAATTGCACTGTTTACTCCAACAACAGCGCCGGATAAGTCAACCAAAGCACCACCGCTGTTTCCAGGATTAATAACTGCGTCTGTTTGAATGAAATTTTCAACTCCATAACTATCTCTGATTAAACCAAGCTGTCCGCGACCAATTGCAGAAACTATTCCTGCTGTAACAGTTGAGCTAAGCGATAGCGGATTACCAATTGCCATTACCCATTGTCCAACTTTTAAGTTGTCCGAATCGCCGAGATAAGCTACGGTAAGATTTTTTGCAT
NZ_AP026678.1_gap31	828539	829296	757	TGATAATCAGGATTTCTGGTCCCATTGCTCTTATCATTTTAGCAGCTCTAATAAGATTTGGTTCGTGGGCAAGAAGTCTTGCTTCAGAATCATTTATAATCAGGACATTCACTCTTGGTAACAACTCCAATAATTCTTTTTTCTTTCCCTCAATCCAGTAATTCATTGTATCGCAGACAACAAATTGCGGATTTTCCATCTGGTCCAAAACTTTTGATTGAAGCACAGGATCAATATTACCGAGACAAACAAATTTAGATTTTCGTGCACTATCCGGAATAACCGGATCAAATTTTTCAAATACATTTAATTCAGTATAAAGTGTATCTCTTACATTCAAATCATAATGATATTTCCCTGACCAGCGAAAAGTTTTTCCTCCTTCAACAATCTGCAGACCCTCGAGGTCGATGTTATGAGTGTTTAACATATCTATGTATTCTTTTGGAAAATCACTTCCCACAATTCCAACTAATCTTATTGGTCCACTGAAATAACTTGCAGCCAAAGAAATGTAAGTTGCTGAACCACCAAGTGCATTTTCAATTTTGTCAAAAGGTGTTGCAACTGTATCAAGACCGAGAGAGCCGACGACTAATAAACCCAATTTATTCTCCTGAAAAATTTAGAAATTATAATTTTAAAATAAGGTATTTAAATAATACTTAATAAATCGTTAAATCTTTATCTCAACAAAATTCAAAAAACTTTTTCTGTGAAAAAAATATTCAGTAATTAAATCTACTGACTTTCTTTG
NZ_AP026678.1_gap32	833124	834599	1475	AATCAGTAACCAGAAAATTATTTTGGAAAATCTGAGAATAAATTTCAGAGACTGAAAAAAGCGATAGCAGTAAAAATGTGAGTAATAAATTTCTTAGATTCAAAACAAGATTATTTTTTGTTTCAAACTAAGTTAAGAAGAAATTTTTAATCAAGTCTAATTCTTTGGATTACTATTTACCAACAATCAAACGAGTTCCGTGTCGCTTCGTTATGTAATACCAAATCCACTCAATCATTACACGAAAACGATTTCTGAAACCAATTAAAAAGAAGATGTGAACGATTGACCAGGCGAGCCACGCAATTACGCCGGATAATTTAAGACCTTTTATTTCAGCAACGGCTTTGGCTTTTCCTATTGTAGCCATTGTGCCTTTATCTTTATACTTAAATACAGGTCTCTTTTCAGGTGGAATTTCATTCTTAATTATTTCAGCAACAAATCTTCCCTGCTGAATTGCCACCTGAGCAACTCCAGGTAATACTTTACCATTTTCTTCTTCAAAATGTGCAGCATCACCAATTACAAATATTTCAGGATTACCGGGAATTGAACAATCCTTATTAACAATAACTCTTCCGGCACGATCAGTTTCAACATTAATAGAGCTTAATAGTGGTGATGCCTGATTACCTGCTGCCCAGATAATTGTATTGGATTTTATAAAACCTTGATTCGTTAATACTCCATCTTCTGAAATGTTTTCTACTTTTGTATTGAGTTTAACTTCAACTCCCATTTTTTCTAAATCTTCTTTGGCTTGTTCGGACAACTTCCTATCGAATGAAGGCAAAACTCTATCTGCAGCTTCAATCAAAATAACTTTAGTGTCTTCGGGTTTGAAATTTTTATAATCTTTAATCATTGTTTCTTTTGCTATTTCAGCAATTGCACCTGCAAGCTCTACACCAGTTGGTCCTCCTCCAACAATAACGAATGTCAGACATTTTTTCATCAACTCAGGATTAGTTTCTTTCTCAGCAAGTTCGAGTGCTTCAATAATTTTTTCACGAATTACCAAAGCATCAGTTAAAGTTTTTAATCCCGGAGCAATTTTTTCCCACTCATTCTTCCCGAAATAAGAATGCCTTGCACCGACTGCTACAATTAAATAGTCAAACTCTAATTGAGAATTCCTGAGTTTAACGATATGATTGTTTTTATCAATCGAGAGAACTTCATCAAGAATTACTTTGATATTCTTATAATCACTTAATAATGATCTGATTGGAACAGCAATATCAGATGGTGAAAGTGCTGCAGTTGCTACCTGATAAAGCAGCGGTTGAAACAAATGATGATTCGTTTTATCAATCAAAGTTATTTCAAAATCAGTTTTAGCTAAATTTTTTGCAGCGGTCAATCCGCCAAATCCTGCTCCAATAATTACGATTTTCTTTTTCATATTATTTTTATTTGCTTCCCACTCAAAAATAAGTTGAGCCAGTAACAGAATTTTTATTTCTTATCAC
NZ_AP026678.1_gap33	839087	840321	1234	ATATTATCTTTTTTAATTTTTAGTTTGATCAAATCAATTGAAGAATGAGTAATTAAAATAACAATTGGGATGAGATAATTATCAAACAGACCTAAAAATAAATAGCTAACGCCTGTAACAAAAAATATATGCTTTATAAAAACTTTTACTTTATTCTTTTGATTTACATCCGAATCAGTTTGCAAAACAAAATCACTTAAAAAATGTGCAGCTACCAACGGAACGATAATTTTAATTTGCAGGACATCCAAATCTTTATCCTCGTAATGATTATTATTTTTTTGATTAAACCTTTCAAAGGTTAATACAAGCTTATAAGCTTGTACTATACATATACAAGCTTAAAAGCTTGTATTTTACTTTCAGTTTAGTTTCTCAATAGTGTTTTGAAAGTAAGAGATATTCTTTAATATTACTGACCAGCCAGCTGAGTCAAGCTGTTGGGAAACAGCTTGCTGAGTAACCTTAATCTTCTTGGCAATTTGTAGTTGATTATAGCCTTTCAGGGATAAAAGAATAACTTCGCATTGTCTTACAGTCCACCGTGATGAAACAAAATCAGAGTTCTCAACAAGTAAATCCAATAATTCTGATATTTCTTTTTCGTTATAAATAAATTTCAACCTGCGTTTCCCTTTAATATCAATAGCTTCACCAGATGTTTTATATGCTTCTCCAACACCAAAAGATCTTTTTACAAAATCAATTGTGCCAAGTGATATTGCCATTCGTGAATCAATCGAATTAATTTTCATATTTGCCCGAATATATGCACGATAATAAAGAACTATAGCCAATGCCAACTCTGGCTTCTTCAAAACTATTTGCCAGCTATCACCTCGAAAATATTCTGGTGCATATTGAAGTGCTGATGGAAACACTTTTTTGATTTCATTTGCACACTTCTTAATAACTTCAATTAGTTTTTTATGTTTAGTAAGTGAAAGGTTTGAAGATTTAACTATGTCTGCAGTAATTACTGAGTATAGTTTTGTTTTTGTTTCAGCTTTTTTCATGAATTATTTTTTATTTATGCTTTTTGCCCAGGTATCTTTTAATGTAACTGTTCTATTAAAAACCAGTTTATCCTTAGTTGTATATTTTGAATCAACACAGAAATAGCCAATTCTTTCAAATTGAAATTTATCACCTGCTTTGGAATTAAGAACAAAGGGCTCAAGCTTGGCATCAGTTATTATTTCTAATGAGTTAGGATTGATAAATTCCTTAAAGT
NZ_AP026678.1_gap34	1026221	1028826	2605	TCAGATTTTGTACTGTTATATGTTGTTCTTTCAGCAGCGTCGAATAATCCATCAAGTCCCGTGTCTTCTTTACCCTCAACATCAATTGCATCATTTCTGTCTTTGTCTTCGGTATCAAGAATATTATTTGGAATTACATCTTCACTTATTTTACCTAAATCAAGGTAAAGTTTTGCACCAGGTTCAGCATCAACAATCTGTGCCCAGAATTCAATAAACTCTACATTCTCTTCAATTAAATTATTTGCTGTTGAAGAAAGCACTTTCATATTTCCACCCCAGACTTTCTGAGGATCGCTCAGGTTTGGTTCCCAGTTATAAGTTCCCGGCGTGTCTGGTAAGAAAACATAATCAAGAACTGTTACTTGTTGATCAGAACGTGCAACCTGCTTTCTTTCCCCATAAATTTGCTGTACAGTAAATGGTGATGGTGTTTCATTGAACCAGAATGCTTTACCTTTGTATGGCATTTTTTCCCGTCGTGAAGTTCCCGGAAGATTAGCTAATGAATCAGGCGCACTTAAATCTTTCCAGGAAGTATATGAAACTCCAACAGGAATTAATCTTTTAGCTCCTTCAAAATCATCAATGTAAGCAATACTTTTCCCCTGATCTGATGAGATTGTACTTTTCTTTGTATTCGGATCAGGACTCATATAAGCAAATTCACCGCTGAAATTAAATGAAGACATTTCTCTTGTAGAAATAACTTTATCAATTGCTTTTGTAACAAATGGCAAATCAGCTGAAGTATTAAAATCAACTCCATAAATTGTATTGCTTAATGGTTCTTCACCAATTCTTACTTTATCACTTAATGTTTGTTGATTAAGATTGAGAACTGAGAATCCAAGATTTGTTTTCTTTGAGAACTCATAAATACCACGAGCACCCAACAATGTTTTTGATGCAAGCTGGAATAAATCATTCTGTTCAAAAGTGATTCTTAGGTTGGCGCCCGGCACAAGAGCAGCACTATTTGTAATAGTTAACTGACCACTGTTGTAATCTACACGATAATCAACGCCCTCTTTCAAAGGTCTTCCATCGAGCAAAACTTTAACCGAATTTTCAACAACATTAAATCCGAGCTGATATGTTGCTGATGCAGTACCTGTGCTTTTACCAACAAGAAGCCATTTGTCTTTTTCTTTCTTCTGCTGTGCAAAGGTTTTAGTTGTATCATAAATATCCTGATAAGTGTATTGACTTAATTCAGATGGAATATTTCTTCCGAATGGCTCTAAGGTGGGGAAAATTATTTCGCCTGTTTCAGGAAAGACAGTAATGTTTGGTCTGAAGTCGAAAATATTATCTGGATTTGGCTGTTTACTTGCATCAAGTAAATCAAGTCCAAATGCATTCAACAATCTTTTACCATTTAATTCTCTTACAGGTTCGCCACCTTCAATTTCGTATTTAATATCAAATTCAAATCCTTCTTCTTTAATATTTCTTACCCCAATCGGATAAATGTTTTTAAGTTGCAATTTCCACGCTGTTTGATAAAGTGGCTGAAGATTTTTTGGCTTAACAAGTTTTAGAACTAATCTTTTGGTAGTGTTAGTATCACCGGGCGCAAGCCATTCTCCAAAATATTCATCATCAGCTGTTCCCGGTCCGTTTTCTCTTCCATAAGAAACAGCGATAGCATCATTTTCATTGATGGCAGTTTTAAAGGTTATAAATCCTGTTTCAGCATGAAGTGTGTAATCAATTCCTTCCTGAAGTAATAGAAATCTTCCTGCTTCTTCAATTCCGGAAACAGGATTGTCAAGAGGTTGTCTGTATGAATCAGGATATTGTTGATTCCTGCTTATTGGCGGCAATGAAATAAATGCATTTGCTTCACGTTCACGGGACTTATCAGTTGTAATTGTAGATATAGATTTCCAAACCTGTATTTCAGTTATCAGATACTGATTATTTACTTGCGGAGTCGGATTTCCATAATAGTTATTAAAAATATTTAATGTAGGGTCAGCGTAAACTGTATCAACAAAATAGTGATTTGTTGAATAATCATAAGCCCGTTTCTGGAATTCGCTAGCAGTTGTTCCACCTGAGACCTCAACTTCTTTTGTTTCACCTTTCTTCTGACTAGCAATCGTAGTAAGTGTAAAAGGTCCCATTTTGAAAAGTGCTTTGATTCCGAATAGAGCTTCACTACCACCAACAAGTGGCGAAGTCTGAAGTGAAACATTTCCTGCTTCTATGCTTTGAATTATTTCATCTTCATAACCAGTATATTTTATCTTAAGCTGATTTTCATATTCAAATGTTCTTTCAGTATTCCAGTCAGCACTAATGTTTAACTTATCTCCGATAGTTCCATTCACATTTATCTGAACCTGCTGTTTAAAGTCAGGTTCGTTTCTTGTATTGCCTAATCTTGAAGCAGTAACACCTTCTGTTGTTTCATTTCTCCAGGCACCATGAATCTGAACAGCACCACCAATTTTCAAACTTATTTTAGGTTCACCAAAAATACTTAATACACCAACTTTTGGTAAAGGAATTTCAAAGTCAGTAATGCTCTTCATTAATTCCTGAAGACCAACTTTACCTGATTTAAGTTCGTAAGCATAACCTAAATCTTCCCATT
NZ_AP026678.1_gap35	1042681	1043827	1146	TGGAACAATAGCGTTTCCTTTATCGTTAATTAATCCATATTTCTTGCCTTCCGTAACTATAATTAAGCCAGATTCATCCGCTGGTTTAAACCAATTATACTTTTTACTAATGCTAGGCATTTCTTTGCCAAATTTATCAAAAATTGAATAATTATCTCTTTTATATGCAAGAATCATTTCTCCACAAATTTCTATTATTGTGTAATTTGGTGGGACAATAATGTTTCCTTTATCATTTATCACACCCCACAAATCATCAATTTTCACACCGGCAAGTTTGCCTTCGAAAAAACTAACCTCGTCATACTTGGGCTCTATTACAATTTTTTTATTGTAAGTACAGAAACCAAATTTTTCTCCCTTTCTGTATGGAATTAGTTCCATTTTACCTTGGGGGTAAGAGTTGAAGAAGAAAATTGAAACTAAAAATGATAAAATTAGCTTTTTCATTTTTCTCACAATAATTTGTTAATGAATTTTAGTACTTTATACATCCTGTTCCACCGCAAACTTTGCAAGCGGTACCGTAATATACTATCTGATAACCTGTCCCGTTACATTTCCAACAAGTCTTGGGTGATGAAAAATATAAAGTATTCTGATAACCATCTATTTTAGAATAATTATAACCATTATTACCTCTACCATTACATTCTGAACAAGGTTCTCTTTGTGCAATCTGTTCTCCGCTGCCAAAACCAAAACACGCATAGCATTTCTCCTTGCAATCAGATTGTGAACTTGAACTTCGATTACTGTTATAATAATTCTTAAATTCTTCTTGATATTTTCTTGATAATTCCTCATTTCTTCTACGCAATTCCTCGTGATCAGTCTCCTTAAATTTCTTCAAAATTGCTAATACTCTCTGATATTCCTTTTCCTGGTTAATTTTATCGATGACATTTGTAAAATTAAACTCCTTGAGATATGCCATATAATTTTTCCCATAATTATCAGATTTCTCAACATCCATTCCAGCTTTAATACATTGAAATAATATCTTTGTTGGCGAGATGCAATATGTTCGTTCTTCTGTTCTATTTGCAGAAGAGCCATATATAGGGCTACTGGTATAATAACAAATTAAAGGGTTGCTGAAAAAATAACATACAGCATTTTGGCCGTGTATGTTTAATGAATTAG
NZ_AP026678.1_gap36	1046320	1048774	2454	TTTCTGTTGGATTATCAGCCGGAAGAAGATGTCTAAAATCAAAACCTGCGCTTTCACCAAGCCAGATATGAGCCAGCTCGTGTGCAAGTGTAAATATTTGTGCAGATTTGCTATCAGCAGAATTAACAAATAAAAATGGTGCATACTCATCAATTAAAACAAAACCACGACAATCATCTACTTTTATTTTTCTTCGTGTATTATTACCAACTATACCACTAGAATTTATTATTATCCCAGCTTCTTCAATTTTATCAGTCAAATAATTTATTGCTTCTTCCCAGGTAGATAATTCTTTTGCCCAGCTTTCTTTAATATTTAGTGTGTTTCTTATATCTGCAACAACTTCGTCAATCTGAAATCTTTTATTTCTGAATTTCCCAACAAAGTTTATTCTGTCATAATCATTTTCTTTTAGATAATTAGATAACCATTCTTGCCTTTGCTGTACAATTAATATCGCATCAAAAACATTGATTGGGATTTTTTCCTTATTTGCTCTGTTTGTTCTAAAAAACGGAATAGGCAGTTTTTCTTCCGGTGGTTTTTCTAAAAACAAATATCCGAATGGTAAATAAACTTTTTGTGCAAAAATTTGTAGCTGTTTAAATGTTGGACTTTTTTTACCTTCAAGCCAGGAAATAAAAGGAGGAATTTTTTTACTAACCTCATCAACACTTAAACCGGATCTTTCAATAGCCCATAAAAGTATGTCGTTATTTATTTTTATCTCTGGTTTCATATTTCAAATATATAAGATTTTCTAATCGAATTCATAACTTCATTAGTATCTGCATTTCTATCTCACTTCCCTCCTTCTATTATTTCTATTTCTTCCGGAGTTAATTCGTAAAGCTGGTAAACTAAATTGTCTATTTCTTTTTCATACGCAATTTTATCTACTATAAGGTTTTGTAAGGAGCTTTACAAAAGTTTTTTACTTTTTCTAGTTTCTATTAAAGAATATTTATGTATTTGAGTTATTTTCTGTTAAATCAATTTTTTCAAAGGTATTAGCATCAAACTCTTTACTTGAAGCTGTTTTTTTTTCAATAGCAATACATAATAAATGAGTTGGTCTTGAAAAAGCTACATGCGCAATTTTTAAACCATATGGTTTTATTTTCGAGTTGTTCTGAATTGGATTACCAATAAGTTCATCAATAAAATATTTAATGCTATTATCACGATATTTTGTATCTAAATATAATGTTGCAGTATGTGTTTCTCCTTTTACGCCATGAACAGTGTCTATATCAATACTGATTGATTTTCCATCCACCTGAGTCCTAAAAGTATTATTACTATCAACTTGATCTTTTGAAAAATCTTTTAACTCAGCTTTTCCCAAGTAACTTTTACCATAATCATTTAAGTTAAGTTTTAAAGTATTAATAATACAATTAACTAACATTGAAGAAATTTTATTAAAAAATTCATCTGATAATTTAAACTTTTGCAATATTCTATAACACTGGTAAACCTTAAATTGAAATTTTATTAAGATTTTTTCGTCGATTGCTTTTATATAATCAATAAATGATGTTCTTGAATATCTTTTATTGTTTTTATCTTTTACATCAGAAAGATATAATGCTTCCACAACACAGTTATAAAATCTCTCTGTAAAAGTTTTTAAACTTTCATTTTTTGATAAATGCAACATATTATAAAAATTAGGAAAATATACTTTCTTTCTTGTACTACTTTTTTTATAAAAATCTGGAAAATAGGATTGAATAGATAAACCATTATTCTTTGGCTTACCCACCCATCCTACTGCTTTAATTGGATTTCCTGTTAGTTGTGAAATTTCATATAGAGATTTTTGTTCGTTATTAAACTTTGCAGTCAAGTTAATAACAAGTTTGGCGAATTCTTCTATAACTTTATCTTTAGTATTATCATCAAATAATATTATTACTGGCTTTAAACAAACATTATTATTGCCAATTAAAGTATTGTATGGTTTCACTGCAACATTTTTGATTACATCTGCAATGGGTTGGGAAACTCTTTTTGAGTCAGTTAAACACAAGACATCATATCTATTATCTTCTGGGTTCCAGCAGCTTTGCTCCTCATTATAATTCATTATAGATTGATTAACATCTCCAATCCATTGAATAACGACATTTTCATTAAAACATTTTCCGATAATTTTTTTTTGAATTTCAGAAGTATCTTGCGCTTCATCAATGAAAACATATTTAAATCTTGACGAGAAGTAATTTTTTAAAATTGGGTATTTGCATAAATAACAATTAGCAAAATTATAAGCATCTTCGAAAGATAGTATTTTATCTTCCTTCCATATTTTTAACTTTAATTTTATGGCAGCTTGTTTTATTTGCTCTTTCTCTTTATTAGACCAATCATTTAGGCTATTTGGTTTTTTAAATGTTATTTCTTTTCTTGTAACAGAATTGATTATAGTATTTTGATGAATTGTGT
NZ_AP026678.1_gap37	1064399	1069069	4670	CTGATTTCTAAAGTTCCATTCTTTATCTTTTCAATGAATAATTTGAATGCTTCTTGTTTTTCAACTGAATCAAAAAAATCTGTATCATTAAATATTGTCACAAAATTTTTATGAAAATTTAATCTTATTTCACCCCTCGAGTGATTTGTTTCATCTATAATTTCAAATTCTCTAATCTTATTCAACAGGTCTTTTTCAGCATCTAATCCAACAAGAATTTTAATGTTTTTGTCTTCAAGATTTTTATAAATTTCTTCAAATCCTGAGAAGTAAAAGTATCCAACAAGAAAGTACAATGATTTTGAGGAAGGTAGGATATTATTAAAGACCTCAGCGAGTAGTTTATCCGTGTTTGTAATAAATTGATGTGGCATTTAGCTCCAGTTAAAAATTACTAATTATAAATGAAATTTTCTTGACCACAACTTAGCACCCCAAAAAACTTCTGCGCAGGAATTGCTCATATTGTAAGCAATCTTAGAATTATTATTTGAAAAATAATAATTATTTGCACCTAACTGCAAAAATATTTTATTAACAAGTGGCAAATAATGGGTATAAGAACCTTGTATAAACACTAACAAATTTTCCAGGAGGTCTTATGACTTATAGTCCTAAAATTAAATCAGAGTTGGTTAAAAAACTCTATCATCTAAAACAATCTTTACCGAATAAACCACCTATGACTACGATGGTTAATGAAGCCATCGAAGATTACTTAAAAAAGAAAGGAGTAGAACTTGATGACAAAAAGCAAACTCAGATTAACTGAAATCTGGAAAACAGAGTTCATCTTTCAGGATATTTATGATCAAGCAAGTGATGAATTTAAGAACTATGTTGATTCTCTTACAACTGAGGAACTTGCTGAGTTCATAGATAACAATCTTTATACTTGGTCCAAATCATTTGAATCGGGGATAATGACTAACTTGGTTATAGTTGCTAAAACTATTGCCGACAATACAACCCTACCTGTTAAAAACTAACCCCAAAATCATAATTTATTTGGTATAAGATAACTGAATAAGCTTATTCATTTTAAAGGAGAATTATACCAATACTAAAACTAAACATAAACAAACTTCTCAGTATTTTCGTAAGCCTAGCTTCGAGCATCCTGTATATCATCAGAAAAGAATTCATTCGTGAAAAACCAAAAAGGAGAAATTTCTATGAAGATCCCAACAACTTTTATTAAAACGGTTATAACTTAAGCCTCAAGATGTCTGATCAACCTGATGGCTTTTATATACAATCAATTAAAGAGAAAAAGGAGAAAATGACAGAAGAAATTTCAGTCATAGAACAACTCATTGCTGAATCAGAGCAGAAAGAAAAAAGTTAGAACAAGCTCATCTGGATTTAATTCTGGTTGAAATAAAAAAGCTGGAAGAACAGATTGAGAAGAATTTCGATACTGCAGCACAGGAAATAGAGATAATTGAAACCTGGGCTTTGAAGAGAAATGAAAAGTTGACTAAAAGAATTGAATGGATAAGCAGGAAACTGGAGCTATACCTAAAAAATGAAAATCTGAAAACGCTTGATTTACCAAACGGAATAATTCGAATTCGGAAACAACCAGACAAGAGAATCAATGTTGATGAAGAATTGTTCTTTAGGAAAGCCACTGATGATTTGTTGAATATCATCCCGGAATCCGTAAAACCAGACTTGTTAAAGATAAAAGCCTAGATAACACGCACAGGCAGAATACCTGATGGTGTGGAAGTTACAAGAGGTGAAGAAAAATTCAGTTATACAATAAAAAAGGAGAAAAGAAAAAATGGAAATAATAAAAAAATCAAGGGAAAAATGTTTGAAAATAAAAAACCCTGCAAGTATTTAACTTACAGGGTTTTTTCTGGCGGGGCCGACGAGACTCGAACTCGCGACCTCCTGCGTGACAGGCAGGCGTTCTAACCAACTGAACTACGACCCCTTAAAATTTTATTTCACAAAAAAAAGAACTCGCGACCTTCCCGACTTGTCGGGACAGGCGTTCTAACCTCCGTTAGCCAACGGATGAACTACGACCCCTTAAAATTTTATTTCACAAAAAAAAGAACTCGCGACCTTCCCGACTTGTCGGGACAGGCGTTCTAACATCCATTAGTCAACGTATTAACTACGAATTAAAAATATTTTTTTCGCACGCCAAATATAATTCTGAAGTGCAGAATTTACAAATCAATCTCCGAATGAAATACCAACTCTTCTGGCAGCTATCACAGCCTGATCATCGGGTTTTACCAGTTTTTGTCTTGATATAGCATCTTCAATTCTTACGCTTTTAATTTCACTTCCTTTTAATGCAACCATTCGTCCAAACTTTTTCTGAGCAACCAAATCTATTGCGAATGCACCAAATTTAGTAGAGAGAATTCTGTCAAAAGGGGTTGGACTTCCACCTCTCTGCAAATGACCAAGCACAGTTACTCTGGTTTCTCTGCCTGTGTTCTCTTCTATTTTATCAGCTACAACTTTTCCAATTCCTCCAAGCTGAACAGGATCAGTTCTTTTAATGTCAGTTCCTCTTGTTACAATATCACCACCAAGTGGTTTTGCTCCTTCTGCAACACAAACAAGACTGAACTTCTTACCCATTAATTCTCTTTCTTTAATCTTAGCATAAACTTTTTCCCACGAGAAAGGAATTTCGGGAATTAAAATTATATCGGCACCACCAGCTAGTCCGCCATTAAGTGCAATCCAACCAGCGTATCTTCCCATTACTTCAACAACCAGAACTCTATGATGAGATGCTGCAGTTGTATGTAATCGATCGAGCGAAGTTGCAACTACATAAACTGCGGAATCGTGTCCAAATGTTAAATCTGTTGCTTCCAAATCATTATCAATTGTTTTTGGCACTCCGATAACATTCATTCCCATCTGAGAAAGTTTATTACAAATGTGCATCGTTCCATCACCACCAATTGCAATAAGTGCGTCAAGATTCCAAGCTTTATAGTTGTTCAATGCTGCCTGCGATTTATCCTGTATTTCTATCTTACCTGCAACTTCAACAGGCCAATGGAACGGGTCGCCCTTGTTTGATGATCCGAGTATAGTTCCTCCTCTTGCCAAGATACCTGAAACATCACTGTTTGTTAATTCTTTGGCTTTCCCTTCAACCAAACCTTCAAATCCATCCAGGATTCCAAATACCGTCATTCCATAATCTTCAGCTGGTTTTGTAACACCTCTGATTACAGCATTCAGTCCGGGACAATCTCCTCCACCTGTTAATATTCCTATTCTTCTTATTTCATTTTTTTTAGCCATTATTTCTTTTCCTTTTAGTTCTCAATTAAATGTTCTTAAAATTTTTGAAGTGCAATTTAATTAATTCACTTAAAACTTCGTTTCCAAATTTTCGTTTTATGTGACTTGCAACATCATTCACTTTCTCTGCTGCACCAAGTGGCAAATCTATTTTCAATTCAGTCCTTTTCTTTTCAAACCAGTTTAGTACTCTTTCTCTTGCGAGAATTGATGCAATCGCAACACCATAAAATCTCTCAGCTTTTTCTGCGAGAAGCAAATTATAATTTGTTAGCTTCTTGTTTAATTCAGTTCTTATCAGATCTTCATTACAGAATTTATCAATCACCAAATCAGAGTAGTTAAAATTCTTTTTTAATTCTTCAATTGCTTTTGTATGCGCCCAAATAAGAATTGAATTAAGGTTCTTAAAACTTTCATATAATTCATTATATCTTTTGGGAGTTATCTCAATAACGCAAATTCTTTCAGCAAATCTTTTGCGAATTTTAAAAGCAATTTTTCTAATATCATCATCGGAAAGTTCTTTGCTATCTTTAATATTAAGGTCTGATAATTCATTACGGATTTTAATGTCAAAAGCAAAAGCAGCTACTACAAGAGGACCAAAGAAATCTCCTTTACCACTTTCATCTGAGCCGATATAGTTTTCAGGTTCTGTTATTTCTTCGGATTGAAAGTTAAATTTCGAATTAATCAGAGCATCTATCTTTTTATAAAAATCAGAGTTCAGATTGCCTTGCAATACATTCTTAATTCCTTTTTTACCAAAGTAAACCAGAAATTTAAGCTTATCTTTTCCATTGCTGATATTGATTTCATAGTTGTATTGTTTTTTAGTCGGTTCGTCTACTAAATAACCATCTTTCAGAAGAATATTTCTTACTTTTTGAATTTCCTGCAGTGCTTTTTGCTCAATTATTGAGTGCTGATTCTGGAACGCTGATTGCATTGGCTTTAATGACTTTTATTTTTAATTTTTGAACAGTTATAAAGGAGATATTTAAATGAAAAACTTATTATTTATACTCAGTTTGATTTTGATTTTTCAACTGACAAATACATTTGCTCAGGATAAATCAGAGTCAGTTAATAATCTTGTTAATACACTAAAGCAAAAGGTTCTTTTGTCTGATGATCAAACTAATTCTATTCAAAAAGTGCTTAATGAACTCATAACTAAATCGAAATCTGTTGAAGATAAAAGCGAAATAATTAAAGAAGCACAATCCAAAGTTGAATCATATCTTGATAAAAGACAAAAAATGAAATATGATATTATCAAGAATGACTGGTGGAAACAGGTTCAATCTGTTTTATAAATACAGGTCCCGAACAATCGGGACTTTTTATTTTCTCAACTTATAAATTTTTACTTC
NZ_AP026678.1_gap38	1076951	1079191	2240	ATGATTTTTGTTAACGAATATTTGACTATTGTAAATTTAATAAAATTGATTTTCAATAAAAAAGCTACATTGTCAGTCCGCCATCAACAGCAAAGACCTGTCCGGTTATATATTCTGCATCGTCGCTGCACAAAAATGCAACCATCTTTGCAATATTTTCAGGTGTACCTATTTTACCGAGCGGAATGTTCTGAACCAGTTTTTGTTTTTGCTCATCAGTTAATTTGTCTGTCATATCCGATTTAATAAATCCTGGTGCAATTGCATTAACTGTAATTCCTCTTGAGGCAACTTCTCTTGCAACAGATTTTGTAAAGCCAATTAATCCTGCTTTAGAAGCTACATAGTTTGCTTGTCCGGGATTTCCAATTAAAGCAACAACTGATGAGATGTTTACAATTCTTCCTGACCTTTGAGAAACAAGATTTTTAAGAACTGCTTTTGTACAGTTGAAAACACTTTTAAGATTGGCATCAATTACATCGTCAAAATCTTTTTCAGACATTCTTAAAAGAAGAGTATCTCTTGTTATTCCGGCATTGTTAATAAGGAAATCAATTCCGCCAAGTTTTTCAATCGCCTCAGAAATTGCTCTTTGAGTTTCTTCAAATGAAGCAACATCTGCTTTGATGGCAAAAATCTTTGTCTGAGAATTTTCCAATTCTTTTACTAATTGCTGAGCAGCTTCATCTGATTTATTATAAATAAATGCAACATCAGATAAAACACCTTTGTAATTTGTATTAGTGGCGAGTTCCTTAACAATTGCTCTTCCGATTCCTCTTGTTCCTCCGGTTACAATAGCTTTTTTATTTTTTGTTTCCATCAGCTAAAACTCCGTTCTGAAGTTGAGATAAAACTTCTTCTTTGTAATTCAAGAGTTCCTGAAAACCCTCATCACCAAGAAAATAATGAATTTCTTCTTTACAAGCTTCAAAGATTGATGTATCAGCAACAGGAAATTTGTTACAGTATTTTAAACGATCTATATGTTCATCATCAATCGTTAATGTGTTTTGGTAAATTGTTAAAGGAAATAGAACACAATAGATTGGCTTGTATTTCCATTTATGTTCACCTTCCTGCAACGCTAATCTCTGCAGCACACACAATCCGTTTTTATCAAGGAAGGTGCATTTGTTATTAATTATTTCAGTTCCTACTGCAACACCTGATTCAAAATCTTCATCCTCTTCTGCTGGTTCGAACCATTCAGAAATATTTTTTGATTGTGTTTCATCCATTAAAGGAATGATTTTGTCTTTAATAGTCAATATGTGTTCACTTTCTTTTAAGTCTGTATAAACACCGTAATGACAACATTCACCATTACATCTGCAACCAAACTTGAATGTAAAAATATTGGGATCGATTTTAATTCCGTTTATGTACTTTTCCTTTATACTCATACAAACCTAAATATATTGGTATACATCTTCGTACTTATCTATACCAAAAACTTTAACATCAGGATTAATACGCTTCACTAATCCCTGTAAAACTTTGCCTGGCCCGATTTCGTAAAATTCTTCTATTCCATCATCAATCATATTTTTAATAGTTTCTTCCCATCTTACGGGAGAGGTTAATTGATCAAAGAGTAATTTTTTGATTTCTTCTTTCTCAGAAACAGGTTTTGCAGTAACATTAGCGTAAACAGCAAATCGTGCATTGTAAAAATTAGTTTCATCAAGAGCTTTTTGCAATCGCTCTTTTGCCGGTTCCATTAAAGGGGAATGAAACGCACCACTTACCACAAGCTCTTTAACCAATTTAGCACCATTGGCTTTGCAAAGTTCCATTGCTTTCTTCACACCATCGACTGAACCTGAAATTACAATTTGTCCGGGCGAATTAAAGTTTGCACACTGAACAATTCCGACAGCAGAAGCTTCTTTACATAAATTTTCAACCACTTCAGGTTGAAGTCCAACAACAGCAGCCATAGTTCCCTGCATAACTGTACCAGCATATTGCATTGCTAATCCTCTTTGTCTGACTAATTTCACTGCTTCGTAAAATTGAATAGCTCCTGCAGCAACTAAAGCAGAATACTCGCCAAGTGAGTGTCCTGCAGCAGCATCAGGTCTCAAAGTTCTGATTAAACTAGCCAACACGACCGAATGCAGGAAAATTGCCGGTTGAGTAAACTCAGTTTGCTTTAATTCTTCTTCAGGTCCGTTAAACATTATATAAGAAAGATTTGCACCAACTGCTTCATCAGCAGTTCGAATCATTTC
NZ_AP026678.1_gap39	1098136	1098908	772	CTAAAAAATCATTGTCTTCAGCTATTGCAATTTTCATAATTTCTTTATTTAGATGATAAATAAATCTATTCTAAATTTTCTTTTAGCTCAATTAGTCAAATGCACTATTTTAACTATACAAATTGCAAATCGCATAAAATCTCTGTTCCATTTGAAGAGCTTTCGATTGAAAATTTACCACCGCTTTCCTCACATCTGAGTTTCATATTGTAAAGACCATTACCATTTGAAATCATATTTATATCAAAGCCACAACCATTATCTTTAATTCTTAGACTAAATCTGTTTTTATCTGATTTAAAAATTATTCTGACCTTATCAGCTCCTGAATGCTTAATAATATTCTGTACTGCTTCCTGAATTATTCTGAAAAGGTTTAACATTTGAGTTGAATTGAGCGGATGATTTTCATTTATATCAAATTCAGTTTCGATTTCTAAAGATGTAATTGAGTTATTAATCTTCGACACGAATTCGGTTACCTTTAATGCAAGTTCTTCAATACTTCCTTCCTGATGTTTCATTGCCCAGATTGTATTTCGTAAATCATCAAGAGCATTTCTACTGAATTCTTTTATTGGACTAAGTGCTTTAGAGAAATTAGCTTCAGGAATTTTGTAAACGATATTTTCCAATGAACTGATTATGAATGTGAGCTGAGAGCCGATGTTATCATGAAGTTCTCTTGATAATTTTAATTTCTCATCGGAGATTTTTTTCTCAAGCATTGCAGCTTGCAGTTTAGATTTATATTCTATTTCAGCTATGTCTC
NZ_AP026678.1_gap40	1110244	1115138	4894	CTGATTTTCTTTAGCTAAAATATTAGCTTGTGAAATAATTGCAGCAGAGTAGTAGAATTTACCCTGCTTGTCTGTTACTGGTAGTAACACCAAAGCTTTTCCATTGGCTTTTTCAGAAGTGAACTTAAGTCCTTCTAAAACGATTGGTCTCCTTGTTAATTTCAGATACTCAGTCGAAGAGCGAATAAGATTTGATTGATAAGGAAAGAGAAGCAAATCTGTGCTTCGATTCTTTAATTCATCTAAGTTTATACCGATTGCTTCATCATAATTTTTATTTGACAGGAATAGTTTACCGTTTTCATCTTTCAGCCAAATTATTTCAGGTCTTTCATCCAGAATTTTCTTTAGTCTGTTTTTAACCAGCAGAGTCAAAGGTAGTAACGAACTTATTTCTGAAAAAAACTCAATCAGTTCTTCGTCAATGTATCGTTTAACTTCATCTGTAAAAGTCAATTTAATATCACTAAAATCTTTAGTTGAAAATTCTTCTGATAAAAATGTTATCATAAAATAATCTTCATCTTCAAACTGAAGTCTGTTAATTGTTAGATCAGTTTGAAGTTCTCTATCTTCAAAATTTAATGTAGCCGAGAAAATTCTTTGTGGAATGTTTGTTTCCCTAAGCGTTAGAAATTTCTTTTTTATCTCTTCTAAAATATTTAAGCTAAATAGTCTTTGAGCGTCGTAAATTTTATTTCGACTTATTAACTCATCAAATAATCGATTAGATAGGATTGTCTTTAAATCAAAAGATAGAATAATTGCAGGATTTGGAATTGATTCAATTACAGGATGAAGAAGTTCTGAAATGTTAGTTTGCTTTTTGTCCAAGACTGTTTCTGCGCCAAAAAATTTTTGTTACTCGTAACTAAAATAATTATTAAAACTATATTATTACAGAAAGCTATCAAACCCCAGTTAGATATTTGTCCAATTGTCAGAATATTGACAGATTAACTAAAAGGAGAATGAGCAGTAAAATAAAATAGATTATTTGTTCAAATTTAATTCTCATTTTACTATCTAAATATTGTCGTCAATTAGTATGTTAACACGAATATCTGACTTTGGAGCAATTGAATTTAATCTAACTCTGTAATAACCGGTTAAAGAATCTTTTTGAATAAACCGGCTTTGACCATTTACCTTAAAATCATAAATCATTTTGTCGTGAAGCTCTTTGTAATCTATGATGAGATCCAAGTCTCTGATTTCTGACTCCGTTGTATTTTTTATTTCAATTACAAATTCACCACTGCGTTGAAAAGTATTAACAGTTAATTCAGAAATTAGAAAATCATTAATAAGTTTATCGCGATTAAAATAGTTTTGTTCTGTATGCAATATTGAGATTTTGCTCAGGAAATTGTCAAGTTGCATTTCTTCACAACTGAGCTTCTCTGGATATTCTACAATAACAATTTTATTTCTAGTACAGGAAGAAGTAACAATTGATGAATATGAAACTGAAAGCACATTGTAGATAGGATTGAAATAAAATTTATCATCGTTTCTGATTAAAATGGTTTCTATTCCTGCAAACGAAAGTCTTTTAATATCCCGTTCATCTAAACAGTTATTTTCAAGAATTAAAAAATCAATTTTGTTTTTTACCAAATTTATATTTTTAATCAGCGTATCAATATTGTTTGTACAATTGAATTTCAATGCTAAATAAGCTTTATCATCGTACTCATTGTAAATTGCATTTAATTTCTCAGGACTATCGGATGCAATCACTACTTTTAAATTCTTCTCGAATATTTTACTTATTGTTGCTGAATTGAGGAAAGAACCTTTTGTTAAATCAAGCAGAAATAAATAATAATTTTCATTATCATTTGTCTCTGTTAGCCATATTCCGGAATCTTTTTGTATCCAGCTAAAAAGACTTAGTAATAAATTCTCAAAAGCTTTTACTGATTTTTTGTCACTAATGATTTTACTGAAAGAAAACCCGAAATGGGCAAATCTTCCTGAAGACTTAAATCCATAAAATGAAGTGGTCAATTGATTATTATCATCATAACATCCAAATGAAAAAACAGTATTGTTATTAACTTCATATAAATTCTTTACGGAAGCTGATGAAATTAAAAGTTCAAAATCATTTGCAGGTCTTAATAAATTTGTGTTTATGTGAAAATGCTGAAAAAAATTCTGATTATTTGATTCTGAATTTTGCTGCGATTTAACACCATAGAGTATATTGCAGATATCGAGTCGACTATCATCCTCAGAATAATTGAAATTTCCAAACGATATAATTCCTATTCCATTCTTTAATGCTTCTTCAATCGAATAGTAATTATCTTCAGAGAGATTCACTGAAGTTGGGAAAATCAGACCATTAAATTTTTGCAATATTTTGTCTGTTAACTCATCTGAATAAATAACCGAATAATTGATTTTGTTCTGCGTAAGAAATATTTCAAATGCAGTAATATCATTGATTAATTCTGTTTCTAAAGTTTTGTTTGTTTCTCTTATATCGGCTGGTAAAACTATTGCAATTCTGTTTTGTGAGAATAAAACAGTTGTAAAAGAAAGTGCAATCAAAATTATTTTCGATATAAATTTCATCATTTTCTAAAATCAGCTTGTAACTCTATCGTAATCAATGAAATAAATTCTTGACTCTCCAGCATCCAGTTTATCAATATATAAATACAACATCTGTGAGCCATCGTTATGCTTTATAGATGCCGGACGAGTTCCAATTATTTCTGAATCAAGTGTTAAGTTTTTTACTTTTTCGTTTAAGTCAATATCTATCACAAGATTATTTATCATTTCATTGCCAGGGTTTGAAACTTTAATTGCCACACGACTATTCCCTCTTTTCTCGGTTTTTATTTCCACATAATCTTTTTTCTCATACCAGCTTTGTATATCGGATGCTGAAGCAATCCAGAAATTTTTTGATTTCAACTCAGCAATTAAATCTGAAACAACCTGTACAAATTCATTCTTCAGTTGATAATCTGTGTGAAGCTTCAATACATACAAACCACCTTCGAATAAAATTCTATCGATATCTTCCTGATAAGTATAAAATTGAAACTCCGGTTGCGTTAATCCAAGATCTCTGATGACTTCGTAGTCATCTCTTGCAGTTTTGGTTATAGTAAGAATTCTGTTTTTTCCTCTGATTATTGTTTTGGGAACTGACCTATCTGTAAGAGAATCGGTAATTAAATATTTCAATTCATTCTTTATTCCGGCTGTAATAGTGTTTTGATCAAATAATCCATAAAGTGGGATTAAACCTTTAACTTTTCTACCAGAAATATTTTCTAAAGTAGTTTTTGATTCAGCAATTTTTTTTATCTGAAGTTCTAATGAATCCAGTTTGTTTATCTGATCATTTACTGAGGTTACATAACCGATGTCTGTTATAGAAGCAATCTCACCATACTCAGAAAGTTTTTTTATGAGTTCAGGATTACTTTTTGCTAATTCTGCATTTGCAAAAAAAGTAACAGGTATGTTTTCTCTTCTGATTACTGGCAAAACATTGTCAATGTTTTTTGAATCATCAGAAATTATGAATGAAACTATCGCAGCAGAATTATATCCTGTAGGCCAATCTTTAACATATCCTATCGGAGAGTAAGTAAGCCAATTGACAGAATTATTAAATAGTTTTTCGAAATAAACATAGTCATCCTGAGAACCAATCACAGAATTTATTTCAAAGCCCATCCAAACGAATCTACCTTTTCCATAATTGCCATAAACGATTCCAGCAGTTTTTTTAATTTCTTCTCTAACGAGTCCATATTCTGCTTTGTAGTTATACCAAAAACTTACTTGAGTAGTACGAGGATCAAGAACCTCGACTGCCATTGGTCTATCCCAGGTTGCAACTTTTAATGGAAATCCGGTTGGAACATTTGCAGTCAGTGGTAAGCCACCACGAAGTGTATGAATTTTATAAATTTCATTTACACTAATTTCTTTTGTGAAGTTAATTCCAAAAACTTCGTTCAGAAATTGCCAACCTTTCCATTTACCATCATTAGAGTAGGAGGCAATTCCTCCAGTTGCAAAAATACTTCCTCCTGATTCAAGATATTTTTTTAGTTTGATTATTTCCTTTTCACTCAAGGCTTTTATTCCTGGAAGAACAATAAGTTTATAATCTGAAAGATCATCCGATTCAATTTTCTTATCATCAACAACTTCATAATTAACATTAAGATTTGAGAGAAATTTTTTCCAGGTTGAAATGTTATCAACTAACCAGGTGCTTCCCTTTGGCAAAACATTTTGTGTGTATTCGGAGTAAAGAATTGCGGTGTCATTCTTCTTTCCAGTAAACAAACTTTTGATTGTTTGTTCTGTTGGGATTAAATCATAAACACTAAATTTTCCGAAGACTCCGCGAAGTACAAAAAGGTATATCAGAATAGAGGAAAGCAGAATTATGATTCCGCTTAATAGTAAGAACAGAAAATTAATTCTTATTCCATATTTGCGATTAGTTACTTCCACTTTACGGCTCCTGAGCTTCTATCCTCTTGTGGAGTAATATATCCCTCAGAAGTGTATTTCATAAATTTGGTTTCATCGGTTAATTTTTTCTTGGGAGGTTCTTCTACTTTAACTGATGAAGGAGAATATTCTTTTGGTGGTGGTGTAAATGCTGCCGGTGATGGCTGAGGAGTTCTTTTCACTTCTTCCGGAGTATAAGTAACACGTTGTTCTGCAAAAACTGGTTGAGGCATCGGAGTAACATAAGGGCTTTGAGTTTCTGTGGGCATAATAACTTCTGCCTGATATTTTGTTGGCTGAGTTTCAATCTGCCTTTGATATTTTCTTTCTCGAACTTTGTACAAAATATAAGCCCCGATTGCAAGCAAAAAGGTACTGATTGTTGCAACAAGAA
NZ_AP026678.1_gap41	1173497	1174877	1380	GTGACCAAAGGAAATAACAATTCTCTTGAAATATTTTTCTTCTTATCTGAAAGTATTAAGTATAGAGAAAGCACTCCTGGAATGCCTAATGTTAGGATAAATGATAAATAAGTTTTCGCTCTTGATATGTTATAAATAAAGATTTCAATAGATGGATTCCATATATAATTTTCTTTTTGAGGAACTAAGGACCTGATTGCAATTACGGTTGTTAGATATAAAAAGACCGGAAGTATAATCTTTAAATATTTATTGTTCTTTTTTTCATTCATCAAAAAATAAACTACCGCAAGTGGTAAAATTATTATGATTGTCTCTTTGATTAGGATCCCGAAAAAGAATGAAATAATGAATTTCAAGTACTTATTAAGAAATAAATAATAATTCGTAATTGCAAGAATGCCAATCAATGATGCATCAATATACCCGCTAGTGGTATAATAAAATACCGGAAATGAAACAATAAATATTATCAGACCGATTGTTATGAATTTCTCTGCAATTTTAATCTCTGACAAAAATTTAATTAAGTAGATTAAACCTAAACTTAGAAACAGAAGATTTATCAAATTGATTGAAGTTAATGCATCAAAAGGTAAGAATGAAGCTAAATATGGAACCAGTGGACGATATGAGAATGGACCTTCTAATTCAGTAGCTAATTGCGTATTCCCTCTGAAATACTCTACATACTTTTCATATTGTTCAACATCAAATGGCTTGGTTCCCACAAAACTATTTAAAGGTGAAGGAAGTGGTCTCCAATTAAAACGAGGGAAAGTAATGAGATACAGAAGAATGAGTAGTGAAAGAAGTTTATAAATTTTCATCAATCAGATGTTACCTTCATTAGTAAAAACCACAGCAAAAGTTTTAAATATTATTTTCATATCACTCCAGAAATTTTCTTTTTCATAATATTCAATTTCCATTTTGGTTCTCTGATCGGGAGTCAGCTTCTGTCTTCCATTTATTTGAGATATTCCGGTTATTCCAGGCTTATAGTCAAATACTTTTCTTTGATAATCATCATATGTATTCGTTATACTGATTATCTCTGGTCTTGGACCAATTATACTCATCTCACCCTTAAGTACATTGATAAATTGTGGAACTTCATCAAAGCTTGTTCTTCTAAGGATTTTACCAACTCTTGTTATTCTTGGATCATTTTCCTGAGTAAGCTCCGGACCAAAAGCTAAAGCATTGTCAATCATGCCTCTGAACTTAATCATTCTGAAAGGTTTGCCTTTATAACCGGTTCTCTCATGTATAAAAAAAACCGGACCTTTAGAATCCAGTTTAATAGCGATCATTGCGATTAAAAAAAAAGGAAGTGAAATTATTAGGACGATGATGCTAATCAGAATATCAGTAAAT
NZ_AP026678.1_gap42	1225205	1228187	2982	CAATTAAATACTTATTACCTGAATTCCGGTATTAATTTTTTCAATCGTTTCTCAGGTTATTCATTTGGCATTTCTGAGGATTATAAATCCAGTTTCATTAAAGGGATTGAAAAAACTGTTCGTGATGAACATCATTTTGCACTAAACCTGAATTACCATTTTTCAGATAAAATAGATTTTGGTTTGATAGGAAATAACACTATTCTTTCTGATAGTCGTACACTGGAAATTAATCAATCTTCCATTTCGAATATAATTTTATTCTCGAGGATAAAATCTCTGAAGGACTTTTCATTTGCACCATTTTCAGGTTATTCCAATAACAGACAAATTGGTGAAAACGATTATGGATTTGTTTATGGTTTTGAAGCAGGTGGAGACAAAATCAATATTTCAGATTTTCAATTCGATGCAGAACTGAAATTTAAAAATGAAGATATCTCTCCACGAAAAAATTATTCCAGGTATCTTAATCTTAATATGTTAAACTACTTTGAAAGAAATGTTTATAATAATTTTAACATAAAGTATTACCAATCACGAAAAGATTTTTATATAAATGCAGATTCAGTTACATCGCAGCAGTTCAGCATTAAAAATAATATTCAGAACAGAATTGAATCTGGTTATCAACTGCAAAACAGATTTTTCTTTGATGAATTCCTTGATATTCTAACACTTGATGCAACAGGAAAAGTTACACTAAGAAATATTGAACGCGGTTTGAAGTACAAATCAACTGAAGTGCAATCTTCTTCTATCTTCGATTCTCAAATCGATGAATTAAAACTTGAACTTGATGCGATATTAGGATATCGGTCCAGAAGTTTTAATTCAACTATAAGATTCACAATGAACGAGAAAGATGAAAAACATAAAGCAATAAGATTTCAGGGAATAAACGAAGCTTTTTTTAATCAAAGAGAAGAATCAGAACAGCAAAAAAATAATACCAGCAGTTACGCAACACTTTCATTTGACGGAGGTTTGAATCTAAGCGAAGATGATAAATTCACTTTAAGTGTCTATCAGAGCAAACTTAAATACGATACTCCAAGTGCGTTAAACGATGATGACCGTGATGAAATACTTTCAATAGCCAGATTAGGTTACTATAAAAAACTCAATCCATTTTTCACAGCATTCATAAATGCAGAAGGTTCTTACTCACATACTGTTTATATCTTTGCTTCAAGAAGTTCTAACAACAACATCAACAGAATCATTAAATTAAAAACCGGTGGCGAGTATATTGGTTCAAACTTCAGTTCATTTAATAGTTTTGATGTTTCTGCAAATTACACAGTATATGATTTTGAGGATTTAACATCACCATTAAAAAGTTTTTCATTCAGACAATTCACTGCAATTGATTCCACGACAATAAGAATAACATCAAGTACATCCATATTTATCTTTGGATACATTAAGATATCAGAGCAAGGAATTTTGAACTGGAATTCGTTTTCTGAGAAACCAACGAGAGCATTAAGAGAAATTTATTTAGAACCACGATTAATTTTATATCGTGCAAGTTCTTTATTTTCAGTTGGGATAAGATATTTTTCATTAAGCACTTTTAATTATAAAGGAAAGGACCTCGATTTAGATTCGGAATATCGAAGTATCGGACCAACAACAATAATTCAGTCGAGGTTATTCAAAAAACTTTTAATTTCAATTACTGGATTTTATGAGTTCATATCGCTTACAAACTCTGAAAGCAAACAACAGGCAAATTTGAATTTGGGTATTAGTTGGAATTTCTGAAACAATAGTTTAATTTTTCACAAAAATTTAAGATAGATTTGCCACAGACACATTATCATTTAGAAATAGAAAGCGATCCAAGAAATCTTATTACCGTAGAAGAGTTTGTAAATTACTTTGCATTAGATCTGGGACTTGATGAAGAAAAGCTCAATGGTCTTTTGCTTTCAGTAACCGAAGCTACAACAAACGCCATCAAACACGGTAATAAAAATGACATCAACAAAATGGTTAACATTGATGTTGATGTTGTAAATGATTACTTGATAATTTCGGTAAAAGATCAGGGTGCCGGATTCAATCCTGCTGATGTACCTGACCCAACTCATCCCGAAAATTTACTTAAAGACTCCGGAAGAGGACTCTATCTTATGAGAGTTTATATGGACGAAGTTGATTTTAAGAATACTCCTCAGGGGACAGAAACAATTCTTAAATTAAAAATAAAATAGTTTATTCTTCCTCATCTTTTGCAACTGCTTAAAAGCTTATCTAATTTTGATTGTAGTAAAAATAAATTTTAGGAGAAAATATTATGTCCAGAAAAAAAATTGCTTTAATCGGTGGTGGACAAATTGGTGGTGTTTTAGCACAACTAATTGCCCAAAGACAACTCGGTGATATCGTAATGTATGATATAGTTGAGGATTTGCCACAAGGTAAATGCCTTGATATTGCCGAAGCTTCAAGAATTGATGGATTTGATGTAGTTGTAAAAGGTACCAATGATTATAAAGATATTGAAGGGTCAGATTTAGTAATCGTCACTGCAGGTTTACCAAGAAAACCAGGGATGAGCAGAGATGATCTTCTCACAACCAATGCTAAGATTATGAAGACCGTTGCTGAAAATGTAAAGCAATATGCACCAAATGCAATTTCTATTATAATTTCAAATCCATTGGATGCGATGGTAACTCTGTACAAAAAGATTACAGGATTTCCTGAGAGCAGGGTTATGGGTCAGGCAGGTGTTTTGGACTCTTCACGATTTGCAACCTTCATCGCCTGGGAATTAGGAGTTTCAGTCAAAGATGTAAATGCATTAGTATTAGGTGGACACGGAGATACTATGGTCCCGATTGTTCGTTATGCAAATGTAAACGGAATTCCGGCAATGGAATTACTCGAGAAAAAATACGGAGATAAAAACAAAGCAAAAGAAGTTATGACTGCAATGGTTGAAAGAACAAAACAAGCTGGTGGTGAGGT
NZ_AP026678.1_gap43	1252482	1256772	4290	AACTAATTTAAAGCAAAGTGTTGTTAGTCCTTGCAATAGCAATTTGCCGAGCTTGCAAATCACTAATAATAATCCTGATAATAAATCCGCACAGGATTATGTTAATAACTACATTAAGGTTGGTCACTTTAAAATGAAAGTACTTCAGGCAAGCGGAAACAGTGCTGGCTTGACAGGTAAAGGTTCAATTGTTGTCCCCTGGTTAAAAACTCCTATTGCAGTTGAATTTCAAAACATAAAAATTAATTCAGACACTGTAATGTTTAATGGTACTGTTTTCACTGAAAAAGATCAAACACCTGAACCATGGCCATATCAATGGGGAATTAATGTTGTTGGAAACTTTAATTGGACTGAAGAACAGGTTAAGAAACTCGATAACTGGCTACATAATGCATTCAGTGGTTGGCCTGTTGTTAATAAATTGGTTAAGGATTTTGATCTAAACCAAATGGTTCAGGATTATACCGATACTCCATTGAAACTTCCTCTTGGTTTCAACAATATTAAAGGATATACAATCGCAATTTCCGAAATGAAGTTTGAACCAACTTCAGCTAAATTAAATTGTTTAGCTGTCTTCCCTGTTGAAGACGATACACTTGCATTTAAAGGTGGTGACATTCCATTTTCACCACAAGGTCCGTCTTCATCTTCAGGTGAATTGGCTTTGATACAGGATGTTAGTATAGTGGGAAATGTTCCGAATGGTGATACTTATGAAATTGTGATTAAGAAAAAACCTTCTGGTGGAAAACAAGTTGCAGGACAGCCGAAAGGAACTTTTATTAATTGGGATTGTCAGGGATTTAACACACTCAATGTTGATCTCGATTTTCTTTTCCCAAGAAGCTGGCTAAAACCAATTCCTGATAACGGACAAAAAGCTAAAGCAAGTGCAATTACAACTATTGAACATTGGGATGATTTAATTGTTCAAACTTCTTTGAATAAATGTTCGATTGTTGGTACATCAGGTGTCGAGCTGGAAATAAATGAAATGTGGTTTGACAATTCAGTTAGCTTGAATCCACAATCTATAGTTTTTCCTGCCAACTATCCGGCAAATGCTACGCAGGGTCCGGACTTTAAAGGATTTTTTGTAAAAACTGCAAAAGTAAATTTGCCAAATAATTTTCTCAGCACTTCAAATCAACCCGTTGAAATATCTATCAACAATTTGATAATAAATAAACAAGGAATAACCGGAACGATTTCAGCGAATAATCTTCTTACATTTCCAAATGGTAAAATATCATCAATGTCTGCAAGTGTAGATTCTGTTAAATTGGTTTTATTGTGCAGTTCAGTTACCGATGCTTATGTGAGAGGAAAAATCGTTCTTCCAATTTCCCAAACTAATCAGCAAAATGCATTGCTTTATAAAATTAACTTAATGAATTCAAATTCATTGCAGGTAAGTTTGCAACCACAGAATGCAATACAGGCAAAGTTGTTTGGCAATGCTTCATTAACAATCAGTAACACATCCACATTCAATATGTGGCTGAGCAGCAATCCCAAATTTGTAATTAACTTAAACGGACAATTTAACATTGCCAATTTGGATTTGTTTAATGTAAAGAGAATAAATATTCAGACTAATTTCCAGAATCTTAATCTTGATTATGATGAAAGCAGAACACAACAACAAGGCAAACTAAAAATAAATGCAGGACAGTGGAGTTTTGCGAGTCCACAAAAATCATTTGCCAACATTCCTATTACTATCAAGAATATTAAATTTGAACAACATCAGGCACAAGGCAATGAAGTGTTGAATGGTTCATTATCATTTAAAGTTGATGTCAATCTGAATGAGAAATTTTCCGGTTCAAGCAAGCTATCTATTTTAGGCGCGGTATCGAAGGACAATAATGGAAAATTTCAACCAAACTTAAATGGCGTAGTCGTTGATACAATAAATCTAAACGTCAATCTGGCTGCGGTAAAAGTAAAAGGTCAGATCGCATTCTTCAGTGAACTTACAAACCCTACGTTTGGAAATGGATTTGGTGGAAATATTAAAGCAACTTTTAACTCCATACAGATGGAATTGTCCTCTTCTTTTAAAGTCGGTTCAACCAAGTACAACAATGGAAATAATTACTATCGCTATTGGTATGTAGAAGCAAAAGCAATTTTACCAAAACAGTATGGAATAGTTTTTCTGCCAGGTGTTGCATTTTATGGATTTGGAGCTGCAGCTTGGCAGCGAATAAATGTTTCCAACTTATCAATGCCAACTCCGTCTGAAGTTCAAAATGCCGGAAATGTTTCAAACACACCTACAAGTGGTGCGACATTCACACCTGATAATTCTATTGGTTTTGGCTTTAAGGTTATGGCTGTTATGGGCACTTACCCTGAACCAAAAACATTTAATCTTGATGCAGCTTTATCCGCACAATTTTCAAACAGTGGAGGATTAAACAAAATAAGTTTCGTCACGAACTTTTGGGCAAAAGCTGATTTGCTCAAACGGAATGAAGCACCGGTTTATGGAGATGTTACTATTGAATATACTCCGCCAGACAAACTTTTCCTGATGAATGCAAATGCTTTTATTCAATATCCAAGAAATAACCCTGTTGTCAGAACTGATGGAATTGGAAATCCAAACGATAAAGTTAGCTTGCTTCTGATGATAAACGGAAAAACAAATAAATGGTATTTCCTTGCAGGCAAACCTTCACAAACAAATAAAGTAAAAATTTTGGGAGTTACAAGTTGGGAATATCTGATGTTTGGAAATGACATTGGTCAGTTTGTTCGAACAGGGTTTCAACCACAAACCTTGAATGGATTAGCTTCTGTAGGTTTAAATCTAACTGCTCCAACAACACAAATTCCAACTCTGGCAGGAACAGGAAGAGGATTCTCATTTGGCGCTGGAGTGTTCTTCAGTGTTGATAAATCACTCGGAATGGGTTGGTTATCCTGGGCTGTTGGAGGAAGAACTCCTTATCTTAAATACGGTGGTGGTGGTGGTTTTGAAATTAATTTGTCATTACTACAATACAACGGATGTAATGGTAATCCGATTGGTTTTAATAATTGGTATGCAAACGGCAGTGCAGCTGCCTGGTTATATGGATATGCAAGAGTTGAGCTTGCACGAAAAAATAAAAGACCATGTCTTATTTGTTGTAAAGGTAAGGGGGATCCTGATCCCTGTATAGCAAATCTTGCATCGATTAAAGTTGGTTTCTGGACTCAGGCAGGTTTTATCAATCCATCGTGGGTTCAGGGACAAGCAACAGTACATGTAAATGTTTTTGGTTTGAATTGGTCCGGGAATGTTGATCTTAATTGGGGAAGTCCCTGCAATAATATTCAACAAACTTCTTACACACAAACATTTACTCAGGAATATGCAACAGATAAAATCGGTGATTTGATTCTGAATGTTGATCCTCAATCGAATGATTTAATTAATCCGGGAAAGAAAATAAATGTTTACACAGCTTATGATGAGACTCCGTTTGAAGTTCCTGAGTTACAATCAAACGGAAATATCCAGACAAAAACATTTAAAGTTACATATACTGCTGACTTAATTAAGTATGTAACAATTGGTTCCGGAAACCAGATGATTGATAATCAGGTGCAACAGAATATTACGCGCTCGGCTCAAAGAAATTATATGAATGCTTACGAATACTGGATCAATCGTGGCTCGAATCAGTATCAGGGAAATATATTCAGAAACCTGGATGATAATTCAAAATATAAATTTACCGTTAGAGCAGATTTGTGGAAGTTTAATACTTCGACTAATAGCTGGGAAAAGGCAAAAGACAAATACAACAATTTCATTTATGAAATTAAGTCAGTTACATTCAATACGGATGTTTTATTGTCTGCTCAGAATAATAATCCACCGGCTAATCCAAATAACTAAGTTGGAGAATGAAAATGAATATGAACATCAGAAGAATAATAAATCAGATTTGTAAAGTTACTTTTTCAATTCTAATACTCTTTAATATTTCTTTTGCTCAGAGTGTCGAAGAGCCAACAAAACTTAAAATCGGATTAACTGCACGTGCTTATGGTGATTCAATTTATCTTCGATGGGCAGTTACAAATCCAATTGCATGGCGTCTTGCAAAAGAAAATGGTTTTATCATTGAGAAAGCAAAAGTTCTTCCCAATGGAAATACCGATAAATACTCTAAAGTAACTGAACAACCAATAAAACCCTGGCCTTATGAAAAATGGGAAGAATATTTTGAATCTCGACCTCCAAAAGATGTTTCTTCGCTTGATAATGAAGGAATAGCTTTT
NZ_AP026678.1_gap44	1295976	1298534	2558	AATTACATTGATACCACCCTCAGTCGTCAATTCCATTCTTTTTTCTGGAACAATTGTGGCTAGCTCGGGCCCAACATCACAAGCTATTTTAATAATTTCTTCAGTTGCAGCCATTTCAAGATCGAGTTTAGTAGTAATTAGTTCTCTTAATAATCTAACATCTCTTTCATTTATGTGTCTTCTGTCTTCCCGAAGATGAACAACAATACCATCTGCACCAGCTTGTTCAGCAATTAAAGCAGCCGTAACAGGATCCGGCTGACTTTCTCCTCTTGCATTTCTTAAAGTGGCGATGTGATCAACATTAATTGCAAGTCTCATTTAAATTCTCCTTAAAAGATGTGACCAATAATATTAAAAATTGATTCGATACCAATTCCATATTCGTTAGTTCGGAATCGAATCACAGAAATCAAATCTATTAAATACATAACACCAATATGAACTGCTACGCAATAATAAAATGATCTGGTTCTCAAAGCAAGCCAACCCAGAGCGATGCCACCTGGGACTGAGCCAAGTGTTTCTAAAAATGGTTTACCGTTATGTAAAATCACAAATGGTATCATCTGAATGAAAATTGCATAAGAACCAAATTTCTTTTCGAGACCAAATAACATAAATCCTCTCCAGATAAATTCCCAACCAATCATATACACCAACATTCCAAATTCATATATTATAAAAACATTCCACGATTCTCTTGCAGAAGAAAGATGAGGATATTTCTGAATGAAATCATTTGAAGAAGAAGCAAACCAGATAATTGGAATCATAACTGATAAAAAAATTATACTTAGAACAAATCCTTGCCTCCGTTCTCCTAATCTGAAGCCATAGTCTGCAATATTTTCTTTGAAAAAAAATTTGATGATAAAAATTGTGGGAATAACAAATGTTAAAAAATCTCCTGAAAACCAGTAAAGGTATTCGATAAGATATGGATCTTTATGTTGAAGAAAGTATTCAAATAAATTTTCACGAAAAAATCTTCTTGAAGTAAAATACCAACTGAAAGTCTGGAGAACTGCAACAGCCAAAAACACAGTGACAATTTTTCTGTCAAGACCTTTTAAAGTCGAAATGAAATCTTCTATCTCTTTTTTGAGCACTTTGGTTAACTCTGTCAAAAATTTATTTCTGTCATAAAAATATCTAAATTTTGAAGAAAATCACAACTTTTAACCCATCAAGATTTGACAAAATTAAACAGAAAGTATATTTTAGCACTCGCTTTTTAAGAGTGCTAATCACAATCAATAATAAATTAAAGGAGTAAAAAATGGCAGATTTTAAAATAAAACCTTTAGCTGATCGCGTAGTTGTTAAACCAGCAGAAGCTGAAGAAAAAACTGCTGGAGGAATTATACTTCCCGATACCGCTAAAGAAAAACCAATTGAAGGAACTGTTGTTGCTGTTGGTCCAGGAAAAACAAGTGATGATGGAAAACTGATTAAACCGGAAGTAAAGGTAGGTGACAGAGTGCTTTACGGAAAATACAGCGGTACTGAAGTAACAATTGATGGTGAGGAATATCTCATCATGCGCGAGAGTGATATTTTCGGAATTATTAATAAATAAGAAAAAATAAGAGGTAAGAACTATGGCAAAATTAATTGTATATAACACTGAAGCTCGTGCCGGACTTAAAGCCGGTGTTGATAAACTTGCTGATGCTGTTAAAGTTACTTTAGGTCCTAAAGGCCGCAATGTTATCATCGAGAAAAAATTCGGTGCACCAACTGTTACCAAAGATGGTGTTACTGTTGCAAAAGAAATCGAACTTGAAGACCCTGTTGAAAATATGGGTGCACAGATGGTTCGCGAAGTTGCTTCCAAAACCAGTGATGTTGCAGGCGATGGAACAACTACAGCTACTGTTTTAGCTCAGGCAATTTTCAGAGAAGGATTAAAAAATGTTACAGCTGGTGCAAATCCAATGGATTTGAAAAGAGGTATTGACTTTGCAGTAACTAAAGTTGTTGAATACCTCAAATCAATCAGCAAAGATGTTGAAGGCAGAAATGAAATCGCTCAGGTTGGTGCTATCTCTGCTAACAATGACAAATCAATAGGTGATTTGATTGCCGATGCAATGGAAAAAGTTGGTAAAGATGGTGTTATCACTGTTGAAGAAGCAAAAGGTACTGAGACCTCATTAGAAGTTGTAGAAGGTATGCAATTCGATCGTGGATATCTCTCCCCATATTTTGTTACCGATCCTGAATCAATGGAAGCTATACTTGAAGATCCTTACATTTTAATCCACGACAAAAAAATCTCATCAATGAAAGACCTTTTACCTATTCTTGAAAAAGTTGCTCAACAAGGTCGTGCACTTCTTATAATTGCAGAGGAAGTTGAAGGTGAAGCATTAGCAACTTTGGTGGTAAACAAAATTCGTGGCACACTGAAAGTATGCGCAGTTAAAGCTCCTGGATTTGGTGACAGAAGAAAAGCTATGCTCGAAGATATTGCTGTTCTTACAAACGGAACAGTAATTTCCGAAGAAAGAGGATTCAAACTTGAAAATGCAACAATTTCATATCTTGGAACT
NZ_AP026678.1_gap45	1301485	1302244	759	ATCCAGCAAATAATTCTGATATAAAATCAGTTGACAGAATATTAGAAAAAATAAATAATCTTATTGGGCTCGATAACTTCAAGCAAGAAACAAATGAGCTTGTAAAATTGGCAAAGTATTATTTAGAGGAAGGTGAGAATTTATCCGATAAAATCAATTTCCACTTCATCTTTGCAGGGAAAAATTTTGCAGGACAGAGTATAGCAGCAAAATATCTTAGTGAATTACTTTATTCATTAAAATTAATTCAGAAAAATGAACTTTATGAATTTGATATAAGGCAATTCATCGGAAATAATATTTATCAGACTGCTGAGACTACAAATAAAATCTTTGACAAGGCAAAAGGTGGGATTATACTTATCAAAGATTTTGATTTAATCTTTCTTGACAAACAATTAAACACATCTATCATTTCTGAATTTGTGAGGGTTTTGTTAAAAAGATTACAAACTGATGCTGGTAAGATATTCGTGATAGTCGAAACAGATAATGAATTCCCTGAAAATATTCCCATTGAATTTAACCCGATTAAAACTTTTTTCACAAAAGTAATTCACTTTGAAGATTACACACCCGATGAGATGCTGGATGTTTTTATTTCTATGATTGGTGAAAAAAAATTATTTCTTACTGAAGCAAGCAAAGAACTTTTACGTAAGTTTTTCTTTCATGTTTACCGAAATAAAGATAAGTATCCACCTAACACTTTATTACTAAAAAATATTTTGGACATAATTCAGAGAAAGCATTTATTAA
NZ_AP026678.1_gap46	1303689	1305665	1976	AATTTGATTTTCCTTTCAGCTACAAAATCCATTACTTCACAGCTATGCTTACCACGATCAACCAAATCGCCGACGAGATAAATTTCTGCCTGAGGATATTTTTTTTCTACTTCTTCAATAAGTTTAGTGAGAGTAAAAAAACAGCCGTGAACATCTCCGATTACTGCAACCATTCAGACTCAGATATGGAAAGTTTCTTTAGCATACTTTGTCAACTCGTCTCTGAAATTAGGATGAGCAATGTTTATTAACGCTTTAGCTCTTTCCTGAATTGACTTCCCAAACAACTCTGCAACTCCATACTCAGTTACAACATAATGCACATCGCCTCGAGAAGTTACAACACCGGCTCCGGGTTTTAATGTTGGAACAATTCTACTTATTGTTGCATTCTTTGTACTTGAGGGCAAAGCTATTATCGGTTTACCGCCTTCGGAACGAGCAGCACCGCGAATGAAATCTACTTGTCCACCTATTCCGCTATAAAATTTTGTCCCGATTGAATCTGAACAAACCTGTCCTGTAAGGTCAACTTCAATTGCGGAGTTGATTGCAACCATCTTGTTGTTTTTAGAAATTATGAACGGATCATTAACGTATTCCTGGGGATGAAATTCGATTATCGGATTGTTATCTATAAAATCATAAACTTTCCTGGTTCCTAAAACAAATCCTGCAATAATTTTTCCCGGATGCAAAGTCTTCTTCTCACCGTTAATTATTCCCTGCTCTACTAATTCAATTATTCCATCTGAAAACATTTCGGTGTGAATGCCCAAATCTTTTTTGTTATGCAGATATCTCATAACTGAATCAGGAATTGCACCGATACCCATCTGTAAGGTTGAACCATCTTCAACCAGATCAGCGATGTAACTTCCAATTTTATCAAAAACTTCGAGCTCATCTTTAGTAGCATTTGGATCTACCTGAGGAAGTTCGTGAATAGGTTCATCGTATTCTACAATGTAGTTTATTTTATTGATATGAATAAAACTATCACCAAGCGTTCTTGGCTGATGGCGATTAATTTGTGCGATAATCAATTTTGATTTTTCTGCCGGTGTTTTAATTGTTCCGACATCAACACCGTAGCTGCAAAAACCATGCTCATCTGGTGGTGAAACATTAAGCAACGCAACATCAGATTTTATTAGACCATTTTTGAAAAGAAGAGGAACTTCGGATAAAAAGATTGGAATAAATTCTGCTCTGCCATCATTGACTGCCTGACGTGAATTAGCTCCGATAAAAAATGCTTTATGCTTGAAATGTTTTTCCATTCCGGGATGCAGATAAGGTAAATCACCAACAATAAGAATATGATAAAGTGTTATGTCTTTCAGTTCATCTTTTCTTCTTACCAAAGCACGAATTAATTCCATTGGAGCTGCACAACCAGGTTGTACCACTATATTATCGCCGGACTTGATGTGCTTAACTGCTTCATCAGCAGAAACAAGTTTATTGTTATAGATTCTTAAAATATTAGTTGGTATAAATTGCTTATAAGAAACTTCTTCCTGGGCTGCCATATCAATACTCATATTTTGTAATCAATTTGTTGAAAATAAATGAAGCTTTCTGAATTCAATATTAAAATTGTGTGCTATGGATTCATTCGAACAATAACCATTATGTGTACATACTCCTTTTGCTAAACCAGCATCCGAGAGTAAAGCATTTGTTAAGCCATTTTCTGCAATGTTCATTAAGTATTCTAAAGAAGCATTGTTCAATCCGTAACTTGCAGTTCTTGAAACTAACGCAGGCATATTTGGAACACAATAATGAATTACATCGTGCATAATATAAACAGGATCAGAAAGTGTTGTAATATGACTCGTCTCTACACATCCGCCCTGGTCAATTGAAACATCAACAATAACGGCACCTTTTTTCATCTGTTTAACCATCTCCTCTGTAACAAGGTGCGGTGCTTTTTCTCCTTTAATCAAAACTGCACCGATGAACAC
NZ_AP026678.1_gap47	1362985	1367230	4245	AACTGAAATTTCAACTTGAAAATATTTCTGTTAAAGAGTTTTCAAACGGATTAAAAATATTTTACCTGCAAAAAGAAAAACTTCCTTTAATCCGATTAAATTTTATTGTTGAAGCCGGAAGTAAATTCGATTCTCTGTCAATTCCAGGATTAGCAAGACTTACTTCCGCTATGATTGATGAAGGAGCAGGAGGTTTATCCTCTCTTGAGTTAAGTGATGAGTTTGATTTGCTTGGAACGGATTTTAACATTTCAACTGATAACGATTTTATTGTTTTGTCTTTGCAATCGCTTACAGAAAATATTGAAAGATCACTTGAGCTTCTGTCTCTGGTAATTACTAAACCTGATTTCCCTGAAAGTGAATTTGAAAGAGAGAAGAAAAAACTCCTGGTTAGCATTCTTCAGTTGAAAGATGACCCGGAAAGAATTGCCGAACAGATTTTTGACAAAGTAATTTATCAGGATCACTATTACAGCTTTCCTGTGAGAGGTTATTATGATACTGTTGAAAAAATTAATCTTCAGGATATCAAAAAGTTTTATGAAAATTTATTTAAAGCAGATAAATCTTTTATAGCCGCTGCAGGAAATATTTCTTCCGAAAAGTTTTATCAATTAGTAGAAAAATATTTTAAAGGTTACAAATCATCTGATACCAAAATTGTTTTAACAGAAAAAAATATAACTTCTGATAAAAAAGTTTTTGTTTATAACAAACCTGAGTCAGTGCAAACAGAAATAAGAGTTGGTTATGTTTCCGGCAAACGAAACGCAAATATTTTTTTTCAGAAGCATCTACTCAACACAATTTTCGGTGGACAATTTAACAGCAGGTTAAATTCAAATCTGCGTGAAAGAAATGGTTTTACCTATGGTGTGGGTTCGCAGTTCGTTTATCAGAAAGATTCGGGTTATTTTGTAATCAGCACTTCCGTTAATACAGAAAATACTTTGGCCGCAATCAAAGAAATCAAAAGCGAACTGGAAAAACTCAAAGACGGAGTTACTTCGGATGAGCTTAGTTTTGTAAAGACATCTTTATCAAGAAAGTTCCCATTGAACTTTGAAACTTATCGTCATCTTACATCAAATCTTTCTGCTTTGGGAATACATAATCTTCCGATTGATTACTTTAACAATTATCTGAATAATCTGAATGCAGTTACAATTGATGAAGTAAACACTGAAGCGCTAAAACTTTCCCAAGCAGATATGAAAATTGTTCTTGTTGGAAATAGAGATTCATTTGCAGATGAGTTCATTAAAAACGGATTTGAATTGATTGATGTTGATGAGAGAGGAAATATTAAATAAAAACATTATCAATTGTTTTACACTCTTCTAATAATTTTACGTTAAAATTCTACTTCAACAACTCAGTAGCAGAAACAAACTTATAACCAATTTTCCGGTAAGCCGGAATTAACGGAAGCAGTTCGTTAAAATTTTTGCTGTCAATTAAAATTCTTCTCGATTCATTCTTACTCATGCTTTTAATCATCTCTCTGAAAGCACTTTCTGCATTCGATGAGTAACTATCAAGTAAATCAAAGCGACTGAGATTAACATAAAATGCTTTTCGCCAATCCAGTTCTTTAATCAAAAAATCTTTTATAGATGATTCAAATAAATCTGACTTATCATCAATAGCAATAAATGCAGCCGAAGGAAAATACTTGAAAAGATTCTCAACTGATTTTTTATTTCTGCGAATCGGATAACTCTCATCCATTTTATAATTTAAATCCTGAATATCATCATTCAGAAGAAGAGCATATCTTTTTCCTGCAGAAAGAATTTTATTGATAAACTTTTTTGATTGTTCCGAAGGCGTAATAAGGAAAATTATTTGTTCCGGAGTATTTAGAATTGCTGAGTTATCAATCGCATAATCAATATTAAAGACAACAAAGCCAACTCTTCCCTTTTCTCTTGAAATGTTTTTATCAGTTACAAACTCTGAAACAATAAGTGGCTTGTTATCAAGAATAATTTTTAGGATTGTTTTTCCGCCAATAGATTCTTCTTCGCTTGTTATCTTCGCTGTGGTTGGAGAAAACAAATTTTCTATCTCGAGAAGAAGTAATGAAATCGGAACATCGCTATAAACTTTTACCGAATAGACAGAATCGGAAGGATTTTTTTTATTTCTTTTAATGCTCAAAAACTTTTCACTGATGTCATAATTTTTCAAAGCTTGTTTGAAAAGTGAATCTGCTTCAGAAATAGAAATATCTTTCTTTTTGAGCTCCGGTTTTTCCGCAGTTATGTAACGATCAATAAGGATAGTGACAACAAGCAATAAAATCGCAACAGCAAATAAATACCTTGCTGATTTAGATAAATCAAAATCTTTAAACATCACTTCTTTTATTTGTTCTTAAATGCAGGTTTTCTTTTTTCCAGAAAAGCAGAAGTTCCTTCTTTAAAATCTTCAGTTCCACAACACATAGCAAAAAGCACTGCTTCAAAATCAAGTCCATCCTGCAAATTCATTTTATCAGTTGCATTAACTGCCTCAATTGCAAGTCTTATCGCTTGCTGGCCTTTTGAATTAATTTTTTGTGCAATCTCAAATACTTTTGCCTGCAGTTCTGCAGCAGGAAAAACTTTATTCACCAGGCCAATTCTTAAAGCTTCATTTGCATCGATCATATCGCCGGTTAAAATCATTTCCATCGCTCTGCCACTTCCGACTAATCTTGCAAGTCTTTGAGTTCCACCATAACCTGGAATGATACCAAGATTAACTTCCGGTTGACCAAACTTTGCATTTTCAGATGCAATTCTGAAATGACAAGCCAAAGCAAGTTCGCATCCTCCACCAAGTGCAAATCCATTAACAGAAGCGATAACCGGTTTTTCAAAATTTTCAATCGTGTTGAAAACACTTTGACCAAATTCAGCAAACTTTTTTCCTTCGAGCATGTTCAGTTTGTTTAATTCCGAAATATCTGCTCCTGCAACAAAAGCTTTCTCTCCGCTTCCCGTCAGAATAACAGAATAAACATCATCATTGTTTCTTAATTCCTGAAAAACATTTTTCAGCTCTGTTAATGTTTGATGATTTAATGCATTCAGTTTATCAGGACGATTTATTGTGACCAAAGCTGTTTTATCTTTTATGTCCAATAATAAATTTGTATAACTCATTGTTCCTCCTATAAACTTATAAAGATTGGAAGCCGGACTCTTAAATCGAATCCTACAAACTGATTTGATTCAAAATAATTGTATGAAGCTAGTATCTCAAGCATAAACATTGAAACTCCTGCACCAACACTGAATCCAAACTTTGAAGTCTCCTCCAGAAAATTTGTCTTGCCTCTGCCTGGTTTAAACTCATGAAGTTTCTGATAGTATGTATAAGAACCTGAAACTTGCAGAATAGGCATAAACAGAACAATATTTTCTGCAAGCGGCGGGAAGTAATATCTTGCACCAAAATTTACAGGTAAGGTATTAGTGTGAAAATTTGAATAATCTGTCTCGCGATAAAAACTTTGAGAGCCAGGATATTGTTCAAAACCAATTGTAGTATAAAGAAAAACCGGTAGGAACTCATTATCGGTATATGAAAATTCAATATTAAAACCATAACCAACATCTGTGTTTGAAGCAAAATCACCAATTGGTAAACGAGGACCAACTCCAACTCCAACAAAAAATCCCACAGCACGACTGCTTGGAGGTTTCTCAGCAAAAGAAAAAATACTTAATGCGATTAATAAAAAAATGGTATTTCTAAAGATTGATTTCATACTATTGAAAATTACAAAATAGTTTTTGCTTAATGAACTATGGAAAAATTAATTTCACGATAGAATAAGAAGTTACTCCTCTGTCATTCCGAGCGAAGCGAGGAATCTTTGGTTATCATTCATTCTTCCCAATGATAGTGCTGATTCTCGTATGAGCTGTTTTCCCTCCGTATTCACCAGTCTGGTAAATGAAATAACAACCTGCAAACGCAAGTAAGAGCAAAATTATTTTCCACTTGCCTTCATACTTCTTTTTTATCTGCAAATAAATTCTTGAAAACAAAATTAATGAGAATAACCACACAACAATGTTTGCATAAGTATAATGTTTATCAGCTAATTCATATAAATCCGGATTCATTTTATCAATTGAATTTAATGCCTGATTACCGGTAAGAACTGCAGCCAATGATGCAACTATTCCAAGAATCAGAATTACCAATGAGGTGAATGAGAAAAATTCTTTTTTATAAAAGATTGAC
NZ_AP026678.1_gap48	1565136	1565771	635	TCAAACAGATTATAATAATGCTCTTCATTATCTTCAACCAGCTACAAAAGGTTGGCAGCCCAAAGCATACACCGGTTCTGCTTTAACCGGAAAAGGAATTCATGAATTATGGAATGTTATTTTAAAATTTGAAAAGCTAACAAAATCCAACGGAACATTTGAAGAACGAAGAAGTAATCAGATTGTTGAATGGGCTTTTAAAATGGTAGAGAATAAACTTATCGATGATTTTTATAATGATGAAAACATTAAAAAGATAATTAGTAAAGTAAAGGACGAAATCCTTAAAGGACAACTAACTCCTACCTTGGCCGCTGAAAAACTTCTTAACATTTATAAAACAAAAAAGGGTTCGAAATGAACCCTTTCAAAAATTTAATTTAAATAAAATTATCACTTTAAATTCATTCCAAAACAAATATAAGATGCTGAAAAAAATTCAGTGTACATGTCAGACTTTTTTTTCAGAAGTCTCTTATAAATTAAAACTCATCCATTCCTTCTTCATCCTGTGGTCGTCTCCGTTCTCTATCCTTATTGTTATTGGATGGAGATAATCTGTATGTTATTCCCAGATATGCAATTCTTGTATCAAATTTTCTGTAAGAAGAAGTTATAAAATTCTGGCCGAAAGT
NZ_AP026678.1_gap49	1689134	1690648	1514	GCGTAACTTACACCAAAGAAAACAAATTGAAGCGCAAAACCAATTATCAATCCTGTGATTACTTCTTTAAATGAATAAACTAACAAAAGCCAACCGGTTGGAACATCTTTGATTGCAGAATGATCAGTTGAAAGAAAAATAATGTAACTGATAATCATAGAGATAAATAATTTTGTAACAACTGGAATGATTTTGTTACCAAAGAATGGCGCTGAAACAAAAGCAGAAGAGATTCTCAGAAAAATTAAAAACAATATTATAAATTCTCTTACGCTGAACATAGTTATCTGATGAATGTGTTAAACATCGTGAAGAATTTGATTGTAATAGCTATCATCCTGTCCATCATCCAGGGAAGCAGTAGAATTATTGCAAGTGCAGTAACAAGAATCTTCGGAATAAATGTAAGTGTCATTTCCTGTATTGATGTTGCTGCCTGAAAAATTGAAACAATGATTCCAATAATCAGTGCAACTCCTAGTATCGGAAGTAAAATATAAAATGAAGTAAAGAATGCTTCTTTAAGTATTTCGACTACAACTTCTTCTGTCATTGTGCAAAACTCCTTACTACAGAGCCGACGATTAAATTCCAACCATCGACAAGTATGAATAATAAAATTTTGAATGGAAGAGATATTAACATTGGTGGAAGCATCATCATTCCCATTGACATAAGGATAGATGAAATAATTAAATCAACCATTATGAATGGAATGAAAAGAAAAAATCCGATTATAAATCCGGTTCTTAATTCACTTAAGACAAAAGCAGGAACAACAATGTATGTTGGCAATTCATTCCTGTTGTTTGGTCTGCTCATATTTGCCATTGATACAAAAAGTTCAATGTCTTCGTCTCTTACATGCTTGAACATAAATTCTCTGATTGGTTCAATTCCTTTATTATAAGCTTCTTCTACACCGATTTTTTCATCGAGCAAAGGTTTGAGTGCATCCTGATTGACTTTATTCCAGGTTGGAGCCATTACAAAAAATGTTATGAACAATGCAACACCGGCAAGCAATTGTCCTGGTGGCATTTGTTGAGTTCCCAAAGCACTTTTTAGAAAATGGAAAACAATAATTATTCTTAGATATGATGTTGTCATTATAATGATTGAAGGAGCCAGAGCAAGTATTGTCATCAGAAGAAGAATCTGTAAAGTAACAGCCACATCTTTTCCATTCTGCGATGTTCCAACATCAACATTAATCTTTGGAATCGGAAAGCTTAAACTTTGAGTTTGCTGTGCTGATGCAGAAGCAGAAATTAGAAACACCGAAACAAACGCAATCAGGATTAATTTCGTTCTCATTGTCTTATCATCTTCTTAAATACTTCTAAAAAGTTTGGATTATTCTGAAAGTTTGAGTCATCTGCCAGATTCAATTCTTCGATGTTCATTTCTTTAAGGAGTGTTATACTCTGTTCACTTAAGCCAAGAATCAAAACTTTGTCATTTACTTTTACAACTGATAAATATTTTTTTGGCATAAGCATGAGTGTTGTGAT
NZ_AP026678.1_gap50	1698270	1703098	4828	CTGAAAACAAATAAGAAAAACCATTTGCATCCGTTTCGGATGTTTGATTTTCAGTTTTCGGATTAAATAATTTTGACAGAAATAATGAATTGATAAGCATCAGTCATACCTTATTATTCTTTGAGCAATTTCGGGACTTAATTCAGAAACAATTTTTGCTGCACTTTTTTTATTCATTGTGTAAATGATATCTCTCGCTACATTATCGGAATAGTTCTGAATTATTTTAGATGCTTTGGAAGGTTCCATCTGCTCAAGAAGCTTAGATACATTTTTTAACCAGTTTGAATAAGATGAATCACGCTTTTGTTGCCTGACATCATTGTTTTGAATATTCTCATTTGATGCAAACTTTGGTTCAATTTTATTTAAATCTGCTTCCGGTTTTTTTTCAATTTGTTTTTCCAATTCCTTTTTGGAAATATTTTTAATATCTGATTCGACATTAGTCTCAGAGATTACTTTTTGTTCGTTCAGATTAACACTTAAAACTGAATCAGTTTGTGTTTCGGGAATTGTTAGTGAATCATTTTTTGTTTCAACTTTTAAATCAGCAGATGTGATGTCATTTTCTTTACTTGACTGTGTGGAATCCTTCATCTGATTGACTGTCTGGTTTCTCGGTGTGAAATCAAATTGGAAAATGTTATTGAATTGTCCATTCAAATAGATGATTACACCGGTTACAACAATAAATGCAAAAACAAATGGTAAAGTATTCAGTATGTATGTTTTCATTTTTTATCCCGACTAAAATTCTGAATCGCAATCTCATCGAATTGCTTCAGCTCATTTTTATTTTCTTCTTTTAAAAATTCTTTGTGCTGATGATCCTCAAGTTGAGTTAAAATTTTTTTCTCTTTTGCTCTCTGCATTACTTCAGAAATTTTTCTTTTCTTTTCCTGCTCAAGTCTAGTTAATTCTGCTTCTTCATTTTTTATTCTGAGTGTAAGTGAATTTTTATAGCCACCAAGAAATTTCAATTCTGAAGCCGTCATTCTTGGCTTTATATTATTTCTTAATGAATTAACCTCTTCAATCAATTTTTCTCTTAACTTCTGATGGTCGTTGATATAGTTGTTTATAACAGCCAATTCTCTTTTAGCTTTCTTTTCATAATTTTCTTTTACTCTTTTAACCGAATCCAATCTGAAAATAAATTTTGCCATAGTTTATCTACAATTGAATAATTTCATTTAATCTTTTAATTGTTGAATCGAAATCTGTTTTTTCAAACATATCCTGTCGCAGGAAAGACTTAAGCTGAGAAATTTTTGAGAGAGCATGATCAATCGCCGGATTACTTCCCTTCACATAAGCTCCAATATTTATAAGGTCTTCAGCTTCTTTATAAGTTGCAAGTATTTCGTTAAATATTTTTATTCTTTCTCTGTGCTCGTTTGATGTTATATCAGGCATCACTCTGCTTACACTCTGCAAAGGATCAACAGCCGGAAACTGACCGCTGTTTGCAAGCCGTCGAGAAAGAACAATGTGTCCATCAAGTATCGAGCGAACAGCATCGGCGATTGGCTCTGTCAAATCATCACCATCAACAAGAACATTATATAAACCAGTGATAGAACCTTTATCAGAAGTACCAGCTCTTTCCAAAAGTTTTGGTAAGGTTGCGAATACACTTGGTGTATAACCTTTGGTTGTTGGTGGTTCACCAATTGCAAGTCCTATTTCTCTTTGAGCCATTGCAAATCTTGTTACCGAGTCCATCATCAGTAAAACATCCATCCCAAGATCACGAAAGTATTCCGCAATCGTTGTTCCGATGTATGCTCCTTTCATTCTGATCAAGGCTGACTTATCGCTCGTTGCAACTACTACAACTGATCTTTGCAATCCCTCTTCACCCAAATCTCTTTCGATAAATTCTCTTACTTCTCTTCCTCTTTCACCAATAAGTGTAATAACATTAACATCTGCGTTAGTATTGCGCGCAATCATTCCAAGCGTAACGCTTTTGCCAACACCACTACCAGCAAAAATTCCCATTCGCTGTCCTTTGCCGATTGTAAGTAATCCATCAATTGCACGAACACCCGTTTGCAATGGTGTATCAATTCTTTTTCTGTGTAACGGATTTGGTGCTTCCCGATAAATTGATCTGTATGAAGAAACATTCAATTCTCCTTTTCCATCTATCGGATTTCCAAGACCGTCAATAACTCTTCCAAGTAATTCTTTCCCAACTCCAACAGAGAATGTTTTGCCTTCAGCTATAATTTCTGACTTTGGCGAAATGTTATGAACTTCTCCTAAAGCTACCGAGAGAACTTTTCCATCTTTGAAACCAACAACTTCTGATTTACAAACTTCATTTCCGTTTCTATCTATAATTGAACATACTTCACCGAGTGATACATTTGGACCGACTGAAACAATCACCAATCCAATTACATCACTTACCTTTCCGCTGAGTTTGATTGTATCAGTATTTTTTATAACGTGTTTATATTTTTCTGCAAGCTCAGTTATCATCTTGTTCGTTCTTTTGTTCAAGTTTTCTTTTTAATTCACTTAGTTGGGAAGAGATACGTGCGTCAGCATTTCCGATTTCTGTTTCAACAAGGCAACCACCTTTTTCAATCATTTCATCTTTTTCAAATTTGATTTTTGAAACATCAACGCTTTTGTTTAATTCTTTCAGATCATTTGAAACAACTTCTAAATCTTCCGGATTGAGTTTGATGAGAATGCTGTTTGCCGTCAGCACTTTTTTCAAGCAAGTTTCTATTACACTCAAAATGTTTGATTCTTTTTCAATCTCTCTTTGAATTATTTTTTCAGCAATTGCAAATGATGTTTCAATTACAAGTTGGCTGAAAATTTCTTTTTGATTTTGTGATTGTTCAGCCAGATGATTCATAAGTTCATCGAGCTGATTGTACTTTGCTCTTAGCTTTTCAGAATACTCTTTTTGCAATCTGTTCGTTGCATCTTTTAACCCATCATTAAAGCCAGTCACATATCTGTTGTGCAATTCCAGCTCAAGTGAATTATCCTTTTTTTCATTCTCAATTGGTGCAAATGATTCTTCACTAATCTTTACATTCACTCTTGCTGATTTACCATTTAGCTTGATAACATTAGACATACACATCCTCTTTGCTGCCACGCATATTGAGAGATATTTCGCCACTTTCTTCAAGACTTTTTATAATATCAATAATCTTCGATTGAGCAGCTTCAACTTCTTTAAGTTTTACCATACCCATATACTGCAATTCCTCTTTCAACAGGTCAGCAGCTCTTTCAGACATATTTGAGAATATTTTATTACGTAGAGCATCATCAGCAACTTTTAATGCAAGTGCAAGATCTTTGCGGTCAACTTCTTTAAGAATTTTCTGAATGTCTTTATCCTGAATGTTAATTATGTCTTCGAACATGAACATCAGTCTTTTAACTTCAGCAGCAACATCCGGATCGTTAATCTCAATCTGTTCAAGTATTTCTTTTGTAAGATTAAGGTTCAAGCGATTAAGAATATTTGCCAGACTTTTTGACCCACCGATTTTGCTGACTGATTGACTTAGAGTTGTACCAGCCATTTCATCAACAACTTTTTCAATTTGCTTTAAAGTCTGTGGAGAAACTTTACCAAGTGTTGCAATGCGGTAAGCAACATCAGCCCTAAGTTCCGGAGAAAGCTCTTTAAGTGCCTCGGCTGTTTGGTCTGGATTGAGATGTGATAAAATAAGAGCAATCGTCTGCGGATGTTCTTTACTTAGAAATGAAACGAGTTGCACAGAATCAGCTTTCTTAAGAACATCAAAACCTTTAAGTGTTGTGAGAGATTTTACTTTATCAACAATTTCGATTGCTTTATTCATTCCAAATGATTTTTCAAGTATTGCTTGTGCATATTCCAAACCACCTTCAAGTACATATTCCCTTGCCGTAACCATATCATAAAAATCCTGCATTATCGAATCAACAACTTTTGATGGAATATTTTTTACGCGAGTAATCTCTGCAGAAATCTTTTCAACCTGTTCAGGATCAAGATACTTAAGTACAGAAGCTGCCGTTTCAATATCAAGCGCAATCATTAACAATGCAGCTTTCTGAATTCCGTTTATCTGGTCCTTGCTAAGGACATCATCTTTGAATTGTTGTTCATTCATTTTCGTGCAACCATGTATTAATTAGTTTTGCTGCTTCAGTTGGATTTTTTGAAACATAGTTTTGAATTTTTTCCTGTCTGGTTTTCTTTCTTATTGCTTCATCTGTTATTTCATCTTCAATGTCTCCGATAGGTAATAGATCTTTCTTCTTTTTAATTTCGTTAAGTGCACCAGGTAAATGTTTAGAAGTTAACATTGTTGCACCTCCTCCTGCTGCAGCATGACTTAATTCACTCGGAATGGTTCCTAAGAATATTTTTTCACTTTTAAGTTTTGACATTAATCCTCTCAGCAGAAATATTGAAGCACCTATTGCCAGAAGAACCAGAACAAGATTTGAGATTCCGTTTGCATCTTCAAACCAAGGAGATGATTCTTCCACCAATTCGTCAGTTGGTTTTGTTTCGAACGGAATATTGACTATCGAAACCTGATCATTTCTTTCCGGATTAACTCCAACAGCACTTTTAATTAATTCTTCAAGTTTACGAATCTGGTCCTGTGATCGTGGTACATATTCAATTACTGTTTTACCATCTTTTTCCACCTGCTTTGGTACATCATTTATCACTGCAGCAACACTTAATCTTAAAATATTTCCTGTTCCTTCAACTACCCGCTGAACAGTTTTACTTATTTCATAATTTGTTGTAACATTTTCTGTTGATTGAGCAGAAGTATCTCCG
NZ_AP026678.1_gap51	1705734	1707922	2188	TATTTCACGGACATTGTTATTCTCATCTTTATTAAGGACGATCTTTATTCCATCAATATCGTCTTCCTCAAAAGAAATCTTTGTTTTTCCTTCGAGTTGAAGCTCTTCGGATTTGATAACATTCTTTCCGCTTTTTAATCCATTTGAGTTTATAACTTCAAACAACATTTCCTGCATAAGAATACTCATATTTAAATATTTTATTTATCTGATAAGCGATTTTATCCAAAGGTAAAATCAAATCAGCTAATTGACTATCTACTATTGCTCTTGGCATTCCATAAACTACACTGCTGTCTTCATCCTGAGCAAAAGCATAACCACCTATTCGCTTTAATCTTTTTACTGCTTCCAAACCATCCTTGCCCATACCTGTCATTATGATAGGAAGAACATTCTTACCAAAAACATCTATCATTGAATTTAATGTTACATCAACGCATGGTTTGTACAATGTATTATCGGGAGAATCTGAAATTTTTATAGATACACGTCCGGAAGTCTGGGATACAAATAAATGTTTACCTCCAGGAGCGAAATAGACTTTTGAAGATTCAAGCAAATCATTATCTGCTGCTTCTATTACTGTTAACTCGCTTAACTTGTTTAACCTTTCAGCCAATGAATTGGTAAACATTGGTGGCATATGCTGAACAATAACAATTGGAACTGGCAGATGAGCATGTAAATGAGGAATAACCTTCTGAAGCGATAAAGGTCCTCCTGTTGAAATTCCGATTAGAATTGCTTTAATATCAAATGACGGAATCCAGTCTTTGGCTTGAATTGTTTTTGTTGTGGTTTTTCTCTCACCAACTGTAATATTTGATATTCGTTTAAGTCTGGTTGCAATTGAAGTTTGCTTATAAATATTTCGGATCTTATCAATCAGTTCATCTTTTATTTTCATTACTCCGCTTGCAACGGCACTTGGCTCTTTAGGTAAGAAATCAACTGCTCCTAAAGACAATGCTTTGATTGTAACATCCGCACCTTCGGTGGTAAATGAACTTACCATTAAAACCGGAACAGGAAAGTCTTTCATAATTTTATCAAGAGTTTCCAGTCCGTTCAAACCTGGCATTTCGAAATCCAGAGTAACAACATCCGGTTGATGAGTTCTTATTAATTCAAAACCTTCCAAACCATTTTTTGCTGTAGCAACAACTTCAATATCACCTGCACTTTCTAACATAAAAGAAAGTGTTTTTCTCATAAAAGCTGAGTCATCAATAACGAGTACTTTTATTTTTCTGCTATTTGTCATGCTGAGTTTTATTTATCAGTTCGTTGATATCAAGAATTAAAATTACTGTTCCGTCACCCATTATGGTTGAACCGGCAATTCCCGGAACTCTTCCGATATAACTGCCAAGAGATTTAATTACAATTTCTTTTTGTCCTAATAATTCATCAACTTCAATTCCGACTTGTCTTTCTGCCAGACCAACAATAACAACATATTGCCAAATGTTATTTTCAGATTGCTCAGTTTGATTTAATACAACTTGCCTTAAAGAAACAAGAGGAATAATTCTGTCACGAAGTTTTATTACAGGTTTATTATTAATGGAATAAACATTTTCTGAATGAACTCTTATTACTTCAATAACCGAGTTAAGTGGAATAACGAATTGTTCTTTATCAACTTTTACAATCATTCCGCTTATAATTGCCAAAGTTAGAGGCAGCTTTATCTGAATTTTTGTTCCAACTCCGACTGTTGATTCAAGGTTTATCATTCCTCTTAACTTTGTTACATTCGTTTTAACCACATCCATTCCAACTCCTCTTCCCGAAATGTTTGTTACAACCTCAGCGGTAGAAAATCCGGGAAGAAAAATCAGATTAAGTAAATCCTGTTTTGATAATTCATCTGCTTTTTGTTGAGATATTAATCCTTTGCTAATTGCTTTGGATTTTATCACTTCAGGATCAATTCCTTTTCCATCATCTTCAATAGTGATGATTATGTTATTCCCTTCGTGTTCAGCATTCAATTTTATTGTTCCAACAGGATTTTTACCAGCTTTAATTCTGTCTTCTTCTTTTTCAATTCCGTGATCGATACTGTTTCTTAATATGTGAACAAGAGGATCGTTAATTTCCTCAATAAGAGTTTTATCAAGTTCTGTTTCTTCACCTTCGATTATCAGATTTATTTTCTTATTAGCAGTTTTAGATAAGT
NZ_AP026678.1_gap52	1761154	1764238	3084	CAGATCATTTCTGACTTTATTGATAAAAACTTTTCTGTTATCAACATCAAGACATTCGTTTGTTGTGCTCCATAGAATTATTGAAGGTCTGTTGTAATCTCTGAAAACCATTTCGCGAAACATTTGTTCGTGAATGTGTCTTGCACTGTTTTGAATAACCCAGGCCAATGCAGTATCAAACCACCAGACAGGAATTTCTTCAACAACAACGATTCCTAATCTGTCTGTAATCTGATAAGTGTAAGGATGATTTGGATAATGAGCGGTCCTTAACATTGTTGCTTTAACTGATTTAACTTTTAATAAATCAGAATAAATTGAATCAACAGGAATACTTCTGCCAAAAACCGGATGATCTTCATGTCGTGCAACGCCCGTAAAGAATACAGGATTGTTATTGAGATAAACTTTATCAACAAAAGTTTTAATGGTTCTTATTCCAAATTGAGTGTAGTATGTATCAACAACATTTCCATCGACACGCACAGTAATTTTCATAATGTAGAGATTAGGATTCTTTGGGCTCCAAAGCTGAGGATTATTAACAATTAAATTGGTGCGCCATGCTTTTACTGAATCACTTTTGATTAAAATAGTATTCTGAGTTTGACCAGAAACTGATGCAGGTGTTCCAACTAAATCCGATGCTCTTTCACTGCTGATGTTCGTTTCATTTATTTCAGCATTAAATACCTCAATTGTTACTTCAGCATTCTTATCTGAAGTTGATTTGTTATTCAACACTACCGTTGTCTGAATCTGACCATTTATATCAAGTGGTACAACATCAGTTCTTATTACGGAAACAGGTTCACTTATCTCCAGATAAACATCGTGAATAATTCCTGTATAGTTAAACCAATCACATTGAGTGTACGGAACAATATCATTTCTTGTTCCCCAGGCAGGATTATCAACTCTTACGGCAATAACATTATTCCCACCATAGTTTAAAATTTGAGAAACATCAAATGCAAAAGAAGTATAACCGCCTTCGTGATAACCAACATAAACATCATTAACCCAAACATCTGCTACATAGTTTACTGCATAGAAAATCAGTTTTACAAACTTACCGTTTAATGAATCAGGAACTGAAAAATTTCTTCTGTACCAGACACCATCCTGATAATATTCAGGAACAGCAGGATATACATTCATTTGATTTTCTACCGAAGGAAGGATTTTATTCTCCCAACTATTATCATCATAAGTTGAACTTTGTCTTCCCTGAGCTTCAATCAATAAATTCTGATATCCAACCGAATCTCTTTTAGCCAATGTGATGTTGTCGTTCGCAGAAAATCTCTGCTTCTTCCACTGACCTGCAAGATTAATTATTGTTCTGTTTTGTTTTTCAAATGTTGGAACGGGCATTCCGTATTGGAAAGGAATTTTAATTCCGTCAACTGTCTTTAAGGAAAAAGTTGCTTCAAGAGATGCAACCTGAGAGAACAAATTTGATGAAATGAATAATGAAACTATGAAGATTAAAAGCAATGAAGTAATCTTATTTGACATAGCATTCCTGGATTTTTTCTGAATTAATTTTTTGCTAAGTCAATATTGATACCATTTGACAGTAAATGAATTTTACTTTGAAACGAGTTAAAAATTTGGTTGGGACTTCCTGAAATTATTAAAGTGATAAATGAGGCTTTATTAAAATAATAACCTACTATAAAATTATTCTGTGGTTTTCAATCCCAGCTCTTTTGCCATTCTGTGATAATTCGGTGGCGCAAGTCCTAATTTTCTTGCTGCTTCAGTATCTGAATTCGAATTCATTCTTACAAATCTGAAATATCTTTCACGAATTAACTTTTCAAAATCTTTCAATGGAAGAATGCTACCCGGATTGAAAAGGTCGACAAGATTTGAATCAACCTGACCTTGGGACAATTCTCCAACGCCAATTGCTCTTCTTGCAAGCGCTGGTGTAACTACAGATTCAGCATGAAATAAAATCCGCTGAACAACATTTTTCAGTTCCCGAACATTTCCGGGCCAATCATAATTCAGAAATACTTTAAGAGTTTCTTCCGGTATTTCCGGTTTCTCCCTTCCCATATCAACACTTATGTTCGAAAGGAAATAATCAACCAGTAAAGGAATATCAGAAGCTCGTTTTTTCAAGTCCGGAACAAAGATTGGCAATACATTTAATCGATAATAAAGATCCTCTCTGAATCTTTTTTCTTTAACTTCTTCTTCGATGTTTCTGTTTGTTGCTGCAATTATTCGTACATCAACTTTTATTTTTTCTGTTCTTCCGATTTTTTCAATTTCACCATCCTGAATCACTCTCAATAATTTTACCTGTGCACTCAAAGGCAACTCAGTAACTTCATCAAGAAAAATTGTTCCGTGATGAGCTATTTCAAATAATCCTGGTTTCTTTTTATCAGCTCCGGTAAAAGCCCCCTTTTCATAACCAAACAGTTCACTTTCTACCAATTGACTTGGCAAACTGCCGCAATTTATAATCACAAAGTTTTCATATTTCCTGTCGCTTCGGTAATGAATATTGTAAGCAACTAATTCTTTTCCCGTTCCAGATGCACCGCGAATCAAAGTATTAACATTACTTTTGGCAAATCTGTTAATCTCCTCTTTCAATTCTTTCATTATCGGTGATTCACCAATAATCTGTTTTTGAAAAAGAATATCCTCAACATTTCTTCTCAGCTTTAACTGCGAACGATATCTTTCTCTTTCTAAGAGTGATTTTTCGTAAGCATTAAAAAGACTCATTAAAAAATCTGTTGGCTGATAAATATAGTCTTCAATATCGCCGGGATATTTTGTGCAGTACCAAAATGCTCCTGCTTTTATAAGTTTATTTGCAAAATTGTAATCAGAAATGTTGACTGTCATTTTAGTAATGACAATAATCTGAACAGTACTATCAATTTCCTTAATCCTCTGAATTAAAGATTCTCCCATTAATCCACCGGCAATCTGATAATCCATTATTACAACATCAACATCGCCTTTATTGGATTGCAGGAATTCAACTGCAGCTTTTCCATTAGAAACAGTTTCAATGATTCTTATTCTGCTGCTGAAAGGTGAGATAGTATT
NZ_AP026678.1_gap53	1789547	1793819	4272	GCATCAGTAAATGAATTCAGATTACCACATTGAGGACAATTTAATTTTGAAAGAAGTAACTTACCTAAATCGTTATCTTCAAGAATAAGATTAAAAGGATCTTCATCGCCTGGTTTGGCAAGTTTATTTTCCAGTTTTTCAAGTAGCACTGAATTGTCTTTAATTTCAAACTTCAAATCATTAAGTGCTTTTTCTTTTTTCTTATCGCTTATCGAATCACCAAGAACATCAAGTCTGAATCGGGCTTTACAAACTTTACAATCAATCATTGGATCAGTAAAATTCTCAACATGTCCCGATGCTTCCCAAACTCTCGGATGCATAAGAATAGCTGCATCAATCCCTTCTACATCTTCACGGAAAGTCATAGCTTTCCACCATTCTTCTTTTATATTTCTGAGGAGCTCAACACCAAGCGGACCATAATCCCAGCAACCGTTTAATCCGCCATAAATTTCACTTGATTGAAATACGAAACCTCTTCGTTTTGCTAGAGAGACAATATTTGCAACTGCATCTGCAGGTTTATTTTTCTTATCGCTCACAAAATACTCCTGATTTTTAATTGGTTGCGAATATAAGAAAACAGCCGGTAATTTCTTAGTGAGCTGATACTTGTTTAAATAACCTTTTAGTACATAGGTTTGAATGTCGAAGGAAAAAATTTTTTACAGGAGAGTTATGTTAAAGAAAATCCTACCTAAGGAAGAGAAATACTTTGAAGATTTCAAAGAAATGATCTTCCACATCGAAGAGATGGCAAAATTTAATAAAGAGCTTTTTGATGCTGAAGTACCGGATAAGAATAACTTCCTCAAAATGAAACCACTTGAAGTCAGATGTGACGAAATTTCCTCACGAATTACAAAGCGACTTAATAAAACTTACATAACACCATTTGACAGAGAAGACATTTTTGCTTTGGTAAAACGACTTGATGACATCAGTGATATGCTTTTAGGAGCTGCAGCCCGTGTTGATACTTTTGTAATTGATAAAAAAATTAATCACGCTGACAGAATGGCTGCAATCGTTCAGGAACAGATAAACGAACTCGGTGTAGCAATTCAGGATTTGAAAGTCAAAAGAATAAATGAGATGAAAGCAGTTAAAGACCTTGAATCGGAAGCTGATCGTGTTTATCAGACTGCAATGAAAGAATTATTTGAACAGGAGACAAATGCAATTAATCTTATTAAGAAAAAAGAAATTCTTGACTTGCTTGAGAGAATTTCAGACAGATGTCAATCAACTGCAAATGTAATCTTATCAATTTTCCTGAAGAATACCTGATGACAACAATAGTTATAAGTATTGTTCTCCTCGCATTGATTTTCGATTTCTATAACGGAATGAACGATGCTGCAAACTCAATTGCAACAATAGTTTCAACCAGAGTGTTGACTCCCTTACAAGCAGTCGCCTGGGCTGCATTTTTTAATTTTGCAGCTGCATTTTTCTTCGGAGTAAGTGTTGCAACTACAATCGGGAAAGGCATTGTTGATGTAAACATCGTTGATAACTATGTGATTTTTTCCGGCTTAGTTGGTGCGATTCTTCTGACTGCAACAGCAACGCATCTTGGATTACCAATTAGTGTCTCTCATGCAATAATAGGAGGTTATGGCGGTGCTGGTTTAATCAAAGCCGGAATTGATGCAATCATCCTTTCAGGATATATAAAAGTTTTAATTTTTATTATTCTGGCTCCAATACTTGGGTTAGTTATAGCTTTATTTTTTTCTGTTGTTACTCTTTGGATAGTAAAAAATATGCCTCCCCGCAAAGTTGATAAATATTTCAGAAAACTTCAGTTAGTTTCAGCAGCAATTTATAGCTTAAGTCACGGTTCAAATGATGCGCAAAAAACTATTGGAATAATTACAGTCATTTTGTTTACAAATGGTGTGTTAGGAAATACTTTTCATGTTCCTTTCAGTGTAGTGTTACTAAGTCACAGTGTTATTGCACTTGGAACTTTGGTTGGAGGATGGAAAGTTATCAGAACATTGGGAATGCGCGTAACTAAACTTACTCCGTTCGGAGGATTCAGCGCAGAAACATCAGCGGGATTGACTATAATCGGAGCAACTATTTTTGGAATTCCCGTAAGTACAACTCACACTATAACTGGTGCAATAATCGGAGTTGGTGCAACAAAATCTCTTTCAGCAGTCCGTTGGGGTGTTGCAAGAAACATTTTATGGGCGTGGATTCTCACTATACCGCTTTCAGCACTGTTTGCTATGCTTACTTACGAAATATCAACTAAAATCGGAAGTTGGTTTTAATTTAATTTTATTCATAAACAACAGCTGAAAGATATCCTACCACTTCCGATTTGTCACCTGTTACATCGCCGGAATCGGTTCGTTTCAATACTTTTGCTTTGTTATAATTTTTAAGAGCAGCAGCTTTCATCATTGCAACAATCGGTCCGCCACCACATGCTTCACAACGATGTGAATCCAAATCTTTCTGAAGTTGTTCATAATCAAAATCATTAATTCTTTTTTCAACTACCGAATCAAGTTGATTTGCCTGGTTTGCATTATAGAAATGTGATAGATCAGAACTTGCAATAATAATTGTTTCCTCATCCATAACTTCAGCTAATTTTCTTGCAAGCTCATTTACGAATACACTACTTTGGTCTCCCATAACCAACGGAACAATTTTAAAATCTTCCAGCACAGATTGCAGAAAAGGTATCTGAACTTCGAGAGCGTGTTCTCTTCGATGACCTTGAATTCCTCTGAAAATCAGTTTACTCCCTTCAACAAGCTTGTTAGCTTTCTCTTCATCAATTTCAACTACACCGAGTGGAGTTTCGTAAGCATCACCGTCATAAACAGAAATTCCGGGAAAATATTCGGAATGGCTTGGTGAAATCACTATTGCAGTTTTATAGTTTTTCCCTTTCAGAATATTATAAGCATAAGCAGCGGTTTTGCCTGAGTACATATAACCTGCGTGCGGTGAAACAATACCAACAATTTTGTTAAATGATTTTTCAGTTTTTGTTTCATCAAGCATTCTTTGTATTTCATTGTGAAGTGTAACGGGATCAGCAGGATAAAAGTAACCGGCAACATGTGGTGGTCTTATTTTTTTCATAGCTCCTCCTTAAAATCATCTTCAGAAAAAACTTCTGCCGTAAAAGTTTTGATTTTCAAAACCCGTTCTTTCCAGTAATTACCATACAATCCGGCTTTATGACAAAGTGCAGTAAGAAATTCATCTCTTGTCATATTATGTTCAGTGGCGACTTGAGGAAGAAGTAAACCTCTGCCTCCTTCCTCAAGCAGCAAACCATGTTTACCAATAATAATATCATCATAAGATTTAATTGGAGTGAAATTTCCTAAAACAGAAATCTCAATTTTAATTTTATCAAATTCTTTTTCTGTTAATGAAGGAAACCTTGGATCGTTAAAAGCTGCTTGAATTGCAGCATCACAAACTGTTTCGAATAAAGGCCCTTGTCCGATTATATAACCAATACATCCGCGAAGTTGTTTATTAATTGTAAGAGTTACGAATGCACCTGATTCGGATTTCAGTTCGGGGAATTTTTCATAATCGGGTTTTGCCGGTTCCTTTCCACCAAACATTGTTCCTATTGATTGTCGCGCAGCTTTGAGCAAAAAAATTTTTGCTTCTTTGGAGATGTTCATAGTCACCTCTCAGATAATTTGATAAACTCCAAGTCCTGAAGAACCAAATAACAAAAAGAGCAAATCGTCTTTTATAAAAAATGATTCGGGCTCTAATTTATCCAGCCCTTTATTTAGTGTTTCTTTCAGAAGAATAGTTCCACTTTCATCAATTGCGAAGAACAGATTGTCCAGCTTTCCATTTTCCGTAATGTGATGGAAATTGTAAAAAGAGAATTTATCTCTATGTGCAAAATTAATATCTCCTTTTATCAGATAATCAGAAAATATTTTTCCAGAAGTTTCTCCAGCAACTTTATCAAGTTCCGTCAAAGGGATTCTTTTTGAATAAATATAAGAACCGTGTTCCTCTTTCTCAGGAATGATTCCCATAATTGTTCTTCCATCTTCTATCAATTCACCGCTAAGATAATCGACTGCAACTAATCCTTTTATTCCTGATTCAAAAGTCATAAACACTATTTTATCATCACCGGCATATAAAAAGGAATTTGGATTTTCCCAAAGAACTGTTTGCGATTTTATATCATAAGCAATTATTCCTTTGTGATTTGGCAAATCAGGTCGCTCAAAGCGATGGAAAAGAATTACATCT
NZ_AP026678.1_gap54	1812277	1816849	4572	AGACTGAATTTAATATCAATCTGACAATTCCGATTTTGTTATTCGTTCTCTCTTAAAAATTTTTCAACCATCAGAACATCTTCCTCGCTACCAATAAAAATAGGAACTCTCTGATGAAGCTTTTCCGGCTGGATTTCTAAAATTCTTTTCTTACCATCTGATGCTCTGCCACCTGCCTGCTCAACAATAAATGCCATTGGATTGCATTCATACATCAATCTGAGTTTTCCGTTTGGGTTTCTGATATCGGCAGGATACATAAATATTCCACCATACAAAAGATTACGATGAATATCAGCAACCATTGACCCAATATATCTAGATGAATAAGGTCTTCCTGTTGATTTATCTTCTTCCTGCAACCACTTAATATATTTCTTTAATCCTGGATGCCAGTAAAGATAATTTCCTTCGTTGATGCTATAGATTTTTCCCTTTTTAGGAGTTTTAATGTTCGGATGTGAAAGAATGAATTCACCGAAAGAAGGATCGAGAGTAAAACCGTGGACACCATTTCCCGCGGTGTAAACAAATATTGTACTTGAACCGTAAATAATATAACCAGCAGCAACTTGTTTAAATCCCGGTTGAAGACAATCTTCCAAAGTTCCCGGCCCGTTTCCCTCTGAAATTCTTCGGTAAATAGAAAATATAGTCCCGATACTGACATTAACATCAATATTGGATGAACCATCTAGCGGGTCAAACAATAAAACATATTTACCAATATAAAACTCAGGAGGAATGTGAATAATATCCTCATCCTCTTCCGAAGCCATTACGCAAAGATGTCCGCCATGATCCATAGCTTTGATGAGCATGTCGTGAGCATAAACATCAAGCTTTTTTACTTCTTCACCATGAACATTACTACTTCCGGTAAAACCCAGGATATCAACAAGTCCGGCTTTATTAACTTCAAGAGAGATTACTTTTGCAGCTAAAGATAAATCGTGCAGAAGATCAGAAAGCTCTCCGGTTGCTTCAGGATATTTTCTTTCTTCTTCGTAGATATGACGGGCAAGTGTATTGAATTTAATTTTTTGCATGATTCCTCTCCCTTTTGTGATGTGTGGTTTTATTTGGAACTTACTAATTCCTGGTCTTTATATTGCAACTGATAAAGTTTGTAATAGATTCCTCTTTTAGCAAGCAATTGCTGATGAGTTCCGATTTCTTTTAATTCACCTTTGTGAAGAACAATTATTTTATCAGCGTTCTGAATAGTTGAAAGACGATGGGCAATTACAACTGCTGTTCTGCCTTTCAACAAATTTTCAATTGCCTGCTGAATAAGTTTCTCGGTATCTGTATCAACACTTGAAGTTGCCTCATCCAAAATTAATATTTTCGGATCATAAGCTAAAGCTCTTGCAAATGATATTAACTGCTTTTGCCCGACACTTAAGGTTGCACCTCTTTCTTTAACTTCTTCATCATATTTGCTTGTAAGATTTTCTATGAATTTATCAGCACCAACAAGTTTTGCTGCCTGAACAACTTTTTCAAAACTGATTTCAGGATTATCCATTGTAATGTTCGATTTAATTGTACCTGAAAACAGATAAACATCCTGAAGAACAATTGAAATATGTTTTCTTAATTCTCTTTTGTCTACAAGTCTGATATCAATTCCGTCAAGTAAAATTTGTCCTTTCTGAATATCATAAAATCTTGTTAGAAGATTAATTATTGTTGACTTGCCTGCACCGGTATGACCGACAATTGCAACTGTTTCACCAGCACGAATATCAAAACTGATATCCTTCAAAACAAAATTTTCATCTTCATAGGCAAACCAAACATTTTTGAAACTGATATCTCCTTTTACATTTTTAAGCTCTACTGGATTATCCGGATTCTGAACAAATGTTTGATTATCGAGTAGTTTAAAAATTCTCTCCGAAGAAGCCATTGAAGTTTGAAGTATGTTATATTTTTCAGAAAGGTCTCTGATTGGTCTGAAAAACATTTCTGTGTATTGTATAAAAGCGAATAAAACACCAATTGTCATTTGTTGTTGAATTATTTCTCCTCCACCATACCAGATTATCAAAGCAATTGCTGCTGAACTTATTAACTCAACACTTGGATAAAATATTGCGTAATAAAATATCGAACGAATATTTGCATCCCGGTGATCAGCATTAATTGACGAGAACTTATTGAATTCTTCTTTTTCCTTTCTGAAAATCTGAACTACATTCATTCCTGTTACATGTTCCTGCATATAAGAGTTTAACCTTGCGAGATGAAATCTTACATCGCGGTAAGTCTCTCTTACTTTTTTACGAAACAGAAAAGTTCCATAAATCAAAACAGGCAGAACAGACAATGTTACAAGAGATAGATTAACATCCATAAAAAACATAAATGCGAGAATCCAGATGATGATAAACACATCACTGAACACCATCACAATTCCACTTGAGAAAAGTTCTCCGAGTGATTCAACATCATTAGTTGTTCTTGTAACAATTCTTCCAATCGGAGTTTTATCAAAAAACTTTAAAGCCAATTTCTGAACATGACTAAATAGCTGAACCCGCAAATCATAAAGTGTTTTCTGCCCGAGATACTGTGTGTAATATGTCAGAAAGTATTGTATTGCTGCCTGAAGCATTAAGGAAGCGAAGAGAACAATACTGATTAAAAGTAAACCATTGTAATTTGAGTTAACAATATAATTGTCAATTGCAACCTTTGTGAGATAAGGTCTTAGCGGTCCTAAAGCAGCAACAAAAATATTAAGTAGAATTGCAAAGAAAACATACTTCTTATAAGGTTTAACATAAGTAAGTAATCTTTTCATCAGCCGGGCATCGTATGCCTTACCAAGTATTTCGTCGTCGTGTCTGTTATCTGCCATTACTTTGTATACAATTTTTAGTTATCAATTTAATTCCTCGAGTTCCTTTTCAAGCAGTTGTTTGAAATGCAAATCTGCATAGAGTCCACCGAGAGCAACAAGTTCATCGTGAGTTCCTTGCTCAGCAATTTTACCTTCATGGAGAACAATTATATTATCAGCATCTTTCACTGTAGATATTCGATGACTAATGATAATGCTTGTTCTGTTTTTCAAGTATTGTCTGAGGTTTTTAAGAATTTCTTCTTCAGTGTTAGTATCAACTGCTGAGAATGAATCATCAAGAATTAAAATTTTAGGTTCAATAGCTAAAGCTCTTGCGAGACAAGCTCTTTGTTTCTGTCCACCCGAAAAAGTAATTCCTCGTTCGCCAACAATGGTTTCATAACCTTGAGGAAAAGTTTCAACATCTTTATCGAACTGAGCAATCCTGGAAACTTCAATAATTTTTTCTTTACTGATTTCTCTTAAACCATAACCAATATTGTTTGTGATAGTATCAGAGAATAAAAATGACTCCTGAGGAACAAGTCCAATGTTTTTACGCAAAACATCAAGAGGAATTTTTCTTACATCAACTCCATCAATCAATAATTCTCCTTCAGTCGTATCATAAAGTCGCGGAATTAAATTTATCAAAGTTGTTTTGCCGGAGCCAGTGTGTCCGATTATCGCCAAAGTTGAACCAACCGGAATTTTCAGATTGATGTTTGTTAAAACATTTGGCAAAACTTCCGAATATCTGAATGACACATTTCTGAATTCAATTTCACCTTTGATTTCTTTAATTGAATAATCGGTTTGCTCAGTATCATCAATCTCATAAGGTTCAGCAAAAATTTTATTAAGTCTTTTCATACTTGCTTCTGCCTGCTGAACTATATTTGTAACCCAGCCAAAAGCAATTACTGGCCAAATTAAAATTCCGAGATAAACAATAAACGCTGTTATTTCACCAAGGTTCATTGTTCCGTTTATAACTTTTAATCCGCCAATCCATATAACAATAATTATTGATATTCCTGTTATGATTAAAAGTATCGGCATTATCCACGCTTGAATCCGGACAAGATTCATATTCTTGTTAAGATAATCCTTACTTAAATTTTTCCACTTCTGAATTTCATTTGCTTCCCTGACATAAGATTTGATTACTCTTATTCCTGAGAAGTTTTCCTGCGCAACTGTAGTAAGGACAGAAAACGCTTCCTGAATTTTAGTATACTTTTCATGAATCAACTTCATAATTCTGTAAACACCATAAGACAAAAGCGGTAGTGGAAAAAGAGCAGCGAGAGTCAGTGCCCAATCAAGTGAAAGCATTATTGTAACAACGGTTAACAGTCTAACTCCGGTATCAATTGAATACATAACAGCTGGTCCGATAAAGTTTCTCACAGCATTAATGTCATTTGTTGCGTGAGACATAATATTTCCGGTTGAGTTATTCTGGAAATATCTTAATGGAAGTTTTTGAATATGTGACCAGAAATCATTCCTAAGATCAAATTCAATCTCACGGGAAACTACAATTATTGTTTGCCGGATAAGAAATCTGAAAATTCCCGCAAAAAGAGAAGACAAAACAATTAAGGTTGCATAAAATAAAAGTGTATGTGTTGTGGTATTATTTTGAAGTTGATTGATTGCATCTTTCATTAAGATGGGAACATAGACCGTTCCGGCATTTGAAAAGAGTATAA
NZ_AP026678.1_gap55	1924976	1927472	2496	TTCTTCAGTTACTTCCTGAAGTGAACGAGCCAAATCCATTTCTTTCTGCGTTAATTTTGTTTCCGGCACTCTTGGTGGTCCGCCAAATAGTTTATGGAATTTTTCGTTTGTCATTGTCAAGCCCTGACAGTAATTGAAATACTCCATATTCATTCTGAATGAGCCATCTTCTTTTACATCAATTAGATGATCATAAATCAGTTGTTTATACTTTGGTTCGCCGTAAGGTGCAAGTCCCATTACTTTGTATTCACCTGAATTAACTTTAAATCCTGTGTAATAAGTAAAAGCTGAATAAAGTAATCCAAGTGAGTGTGGAAATTTTATATCTGCGAGAAGTTGGATATCATTCCCATCTCCAAAGCCAAAAGATGTAGTTGTCCATTCGCCAACACCGTCCATTGTTATAATTGCCGCTTTCTGAAATGGTGAAGGATAAAATGCACTTGCAGCATGCGATTCGTGATGCTCGGGGAAAATTACTTTACCTTCATAACCAAGTTTATCTTTTATCATCTCTTTCATCCAGAGTTTTTCTTTTATCCACAAAGGAATAGCTTTGATGAAAGATTTGAATCCAATTGGTGCGTATGCAAGATAGGTCTCTAACAATCTTTCAAACTTAAGAAAAGGCTTATCATAAAATGCGATCAAATCAAGTTGTTTGGTAGTGATGCCGGCTTCCTTCAGACAATATTCAATTGCTTTCTGAGGGAAGTTATGATCGTGTTTTTTACGCGTGAATCGTTCCTCCTGTGCTGCTGCAATAATTTCTCCGTCTTTAACAATGCAGGCAGCACTGTCGTGATAAAATGCTGATATGCCGAGAATGTACATAATGTTTAAAATATTTTTTATGAAAGTTATATGTAAACTTACAATATTTAATGTAGAGACAGGACAAGCCCTGTCTCTACATTCTCAATCTATGGAATTATCTTTTTATTCTGCCGTTGAATCCATCTGTATGCCCATTCTACATTCGGCGCAAGAATCGGAACCGCTGTTATCTTACCGCCAAATCCGAGATTGCGTATGCCAAAACTTGGCAGTCGTGTGACTTGTATTTTGTCAAGTTCAGGGATATTTAACTCTACATTATACTTCATTGCAAGATTATAAGTATAGTCCGTCAATTTCATTTGGGCTTTTTGAAATGCAAGATCTTGTCGGTATTGTTCTTTTACTTGCTCAAATGATTTTGGCTTTTCAACATAAGCTGTGTCTTTCTCAATCAACTTGAAAATTGAATAACCTTCCGGAACTTTTAATGGCCCATAAATGTCACCAACTTGCATTGTAGCAGCAATCTTTCCTATTTCGCCATAGGATGTAACGGGAAATTTTCCGAACTCTCCGTTTCTGCCTTTTGTAAAATCTCTGATACTATACTTCGCTGCAAGTAATCTTATATCAGTTCCTTTCTTTAACTCGGTTAAAACTGTATCAACAATGCTGAGGTCTTCAGTTAAAACTTCAATTATGTTTACAACCGTTGGAAATTCTTTTGGCTGATTCATCCTTTCATAATATTCGCGCAGTTCTTCATCACTAACCTGAATTGAATCCAAAATCTGACTTTGAAGCATTTGGAACAAATAATTATCAAGCCATCTTTCAACTTCATTTTGTATTTCAGGAAGTTTGTGATAACCTCGCTTTAATCCTTCACGATAAAATAATTCATACTCTATAAATCGCTTCGTCTGAAAATCAAGTGAAGCACGAATAAAATTAATTTTATACTCTTTTGAATTGTACCCATCGAAAGCAAGTGTTCGAATGTAATCTTTAAGTGTGATCGGATTTTCATCAAATTTTATGAACGGTTTTGAAAGATTTTCTTCACCAAATTCATTTTCAATTTTAATAACATCAAATGCATCAATGTATGTTGGTTGGTTTGGTTGATAGGTAAAATTCTTTCTTTTGTATTCAAAGATTGATGAAATTTTTTGTGCAAGCATTTCGAACAACTTTGCATCTACATCAACTTTTTTATTACGAAAATATTCCGCATAAAATTCTTTCTGTCGTTTAATTAGTTTTCTGTTTTCAACTATTCTTATGACAGTCTTCTTTGCATTCTCTTTATCTTCATCGGTTAAAAAGAAATTCTGAGATTTGTTCACAAGCTTAAAAATGTACCATCCATCAGGAGTAAGTATTGGTTTTGTAAACTGTCCGACTTTCATTTTATATAAAGAATCTTCAATTGATTCTTCCATTTGTCCGAACAGAACTTCAATTGGTTCTTTCTGTTCTTCATATTCGGGACTTTCGTTAAGAATTGAATCAAAAGAAATTCCTTGAGTCAGATACTTATATAATTGTTCAATCTCATCTTTAACCTGAGAGAAAAGAAAATTCACATAAAGCTTGGAATTGTTTTTAAGCGTTGCTTCTATCAGTTCCTTTTCTGTTACAGAAATTTTATTGCGGATTTCTTCCTGAAATAATTTATCTCTCACAAACATTTTTTCGAATGCTTTTCGT
NZ_AP026678.1_gap56	1928578	1933336	4758	AAACCACACAATTGCTTCGTGATGCAATCAGTTGGGTTTATGGATTGTTCAACAAAACTGATGAAGTAGCTGAAGCAAGCAATGAAACTTTGATGTCACAAATGATTGGAAACTCACTAATCACTTATGATTCTGATGAGTATCACGCAGGAATAAAACAGTTTGAAGGAAATCTTCGTGATATTGTTGAAATGATTCGTGATAAAAATGTTCCCGTGATAGTCGGAAAATTAACCTGCAATCTTCGTGAACAAAAACCTTTTGTGTCGGTTAAAACTGAAAAATATCCCTCGGCGGAAGAAGTTTTTAACAAAGCAAATGAGGAATTAAATAAAGGAAATATAGAAGAAGCGAAAAAATTATTTTTGCTTGCAAAAGAATATGATGCTTTAAGATTCAGAGCTCCGCAAAAAATTAATGATATTATTTCTGAAATTGGAAATCAATATAATATTCCTGTTGTTGATATTGATTCCGTCTTCAGAAAATTGAGTCCGAATGAATTAGTTGGTTATAATCTGACTGTAGATCATCTTCATCCGAATATTGATGGCTACAGATTGATTGCAGATACATTTTATGATGAAATGAAGAAAATAAATTTACTTCCCAAAGGAAAACGAGCTGAATTATCAGAAGAAAAAGCAGATAGTATTCTGAAAGCAAACTTTCCTTTTACGGCTCTTGATTCAACGCTGGCAAACTTTTCAATAATTGTTCTTACAGGGCAATATCCATTCGTTCCAAAAGGAACTCCGAATTACAAAATGTTAAATTATAAGATGAGCACAATCGTTGATACAATTGCAGCAAAAATTTTTAACAAACAACTGAAATGGGAAACAGCTCACAGTAAATTAGCAGAATATTATCTGAACAGAAATGAAATAGAAAAATTCATTCGTGAAATGGATGTGATTATTGCTGAACGCCCTTATTACGATGTTCCTTACAGAACTCTCGCAGCTTATCTTATTGATAAAGGATATCTTGAAAAAGCAATTCCTTATTTGAAGAAACTCGACGAAATAAAATCAGATTTCTTTTCTAATAAGTGGCTTGGTCAGGTTTATCTTAAATTAAATGATCACAAAACATCATTGCCATACCTACAAAAAGCAGTTCAATACAAAGAAGCCGATTACCAGCTTTGGTACAATCTTGCCGGTGCTTATTACTTGAATGGCAATTTTGATCTGGCAATAACATCGCTTGAAAGAAGTTTACAGTTGAATCCTAAAAATCCACTTGCAATTAATTTTTATAATCAGATTAAAGGATTGAAACAAAATTAGTATTTCTGTCACTCTTCGATAAACTAAGAGTGACAGAGAAGTAAAATTAAATTCTTATTTTTTCTTCAGCACTGTTCCCGAAGTTGGTTCTAAATCTACTTTATTCTTCACAACTTTAATTGGTTTAACACCAGCTTTTGAATTATCAACCAAAACTTCCCATGCACCTTTTGGCAAACTAAATTGCTGAGTAATTTCAGGATTAGCATTCATTGCAACAAAGAAATGTTCATCTTTATATTTTACTTCATAACAAATTGCGAAGGGATTGGTTTTCACTTCGTGAAATTTTACATCTTCATACTTTGCTCTTCTGAATGAGTGATATTTTTTTCTCAGCTCGATTAGTCCTTTGTAATAATCAAACAACTCTTTATTTATTTCAGCGTGTTTGTAATTGATATAGTTTGTTTCATTGTCCTTTTCATAACTGTTATGATCTATCATACCTTTATGCTGATCAGGAACATCGATATTTGCAGGTATTACTTTTGTCCTTGCAAACTCCTGACCGCTATGAATCATTGTTATTCCTCTTGATGTGAAAAGAAATAATGCTCCAAGTTTATTTAACTTCATCTGAAGCGGCGTTAGCTTTACAAATGAATCAACATCTTTTATAATTTCATCTCTTGTAACAGATTTGGTTCCTAATCTGATAAAATCACCGAATGTATAACCATCGTGTGATTCAAGATAATTAACTGAATGATGTGGTTTCTGGAAAAGACCAAGTGTATCAACAACTAAAGTTCCGTTAACATAACTTTTAATTCTTAGTGGATTATTATTTCCATACCACTGACCAAAAATCCATCCAAGACCATTAAAAGGATTTTCACCTTTTATTCCGTTTCTTATCTGATCATTCCAAGCACCCCAACCACGCAATGAAAATCCGGCAGGATCATAACCTCCGCCCCAGGGTTCACAAACAAAAACAACATCTGGATTAATTTTCTTTGCCTCGTAGATTATAGTCTCAATTGTTTCCCAATCAATTAATTTCCCAAGGTCAAATCTGAAACCATCAATGTGATATTCTTTCATCCAGTAAAGAACGCTTTCAACTATTAATCTTCTTAACATTGGTGCTTCGGTTCGTAAATCATTTCCACAACCGCTTTCAGCAATAAAATCTCCTTGCTCATTTAATCTGAAATAATATTCTTTGTCAATTTCCTTCAGATTACCAAATTCATATTCCGAAAGATGATTGTAAACAACGTCCATTATTACAGCAATACCTTCCTGATGAAAAGCTTTTACCATATCTTTAAAATCAGTAACAGCTTTTGCATCTGCACCACTCCAGGAATTCCATTTTATGTTTCTTGTATTTTCCGAATAATAAGATTCCGGTGCAAAAAAAGCAGCAGTCATATATCCCCAATGATTGCGCTCATATGGATTCCACGTGTTTAATTTTCCTCTCGATTCTTTCTTAAATGGTATTTCAATGTTTGCAAATTCCTGTGAAGGAAGTAGTTCAACAGCATTAACACCTAATTTTTTAATATATGAAAGACCACCTGTTTTACCTTTTTCAACAAGACCTTTATATGTTCCTCTCTCTTCAACTCCACTTGACGGATGCTCTGTCATATCACGCACATGCATTTCATAAATAATCAAATCTCTCCAATCATTTCTTCTCCATTCATCATTTCCCCAATCATAGTTATTTTCTTCTATGATAATTCCCTTCCTCGGTGTGAAATAAGTGTTAAAACTTGCAACTGCTTTTGCATAAGGGTCAAGACATAAAACAGGATTTTGATTCTTATGCTGAACAATAAAATTATAATATTTACCAAAGTATTTCCCTTCAAGCGAAGTTTCCCAAACAGCATTTTCATCACGAGTCATTTCATAAATTTTTCCTTTCTCATCATCAACTTTATCGAATATTATCAGAGAAACCTTTTCCGCATTTGGTGTAAACAAACGGAAATATGTTTTACCATTTTCATAGAAAGCACCAAGTTTTTTATCTGAGTAATATCTATCTGAAATTTTTTGTCTTTCGAGGAGTGAGAGATGCGATTCAATTAAAGTTGATTTTGTTTTGTCGCTTATAAACAATTTAGCACCTGTAAATGTTATTGAAACCAATAAGATTATCGAAATTAAAAATGATTTTTTCATTTGGTATCCGGTTTAATTTTCTATTGTGAATAAATCTCTCCATCAACAACCGGAGTTACACAAACCAAAGGTTTATCCGGTACTTTGAATGCTTCAAAAATTTCTTCAAAAAGTTGAAACTGCAATCCTCTTTTTTCAAGCTTGTAGAATTTGTTGTAAGACATAAAGTTTCCGTTTTTATCAGTAGGAGCATCGAAATGAATTGAGCGCTCAAAATCCTCTTTTGCTCTTGATTTAAGAAAAGCAATTTTTTCATCATCGCTTCCTTCTTCGTCATAAGCAATTGCACGGAACTCTTTAACTATTCCACTGTTTATAACCAGATAGATATTTAAAATAGTTTCTTTCATCTTTGAATGGTGAATTATATAAAATAAGAAAGCTTAAACTAAGTGCATATACAAAAGCAAATTTACACATAATACTTTCCATTGAGGAGATAATTGTGTATGAACCTGCAAACATAAGACTAAAGCCAACAATCACAGGAAGACTAATAAAAATTGTAGAATATAAAAGCACTTTAAATATCAGTTTCTTTCTTTTATCATCAGCTTTTGGGATTGATCTTATCAGAATCAGTATAGAAATAAGAATAGGTATGTAATAAAAAAATCCATACAAATCACCCAAAGGATAATGATAAGATGCATATAGCACTGTGCATTTAGCTATCTGAAACTGATCCAATTTAAACAGATAAAAAATTGAAAAGAATAATGCAGGACTGAATAATAAAATATTCTTCCGCCCTAAGCTATTATTCTGTGTAAGATTTAAAACCAATAATAGATTTAAAGGTGGAAGATAACTTATTATTAGAAATGCTATGTATGGAAATACCGGCTTGGTAAAACCAAGATTGCAAATGATAAATTCCATTGTCTGATAACCTGCAAGAAGAGTAATCATTATCAGCGCAATTACATTAGTCTTATCCTTCTTCGAAAAGATCAAAAGATTAATCAGAAGAATCCATTCAATACAAGCTATAAAAAGCGAAACTATTCCATCAAAATTCATAAAGTGTAATTAAATCCAATCGAGTATAACTTTTCCTGAATTACCTGATTTCATAATCTCAAATCCCTCCTTATAGTCATCAATTTTGAATTTGTGAGTAATAACAGGAGTAACATCCAAACCACTCTGAATCATTGCCTGCATTTTGTACCAGGTTTCAAACATCATTCTACCATAAATACCGCGAATTGTAATTCCTTTGAATATTACTTTCGTCCAATCAATTGCGGCATTTGAAGGAAGAATACCGAGCAAAGCAATTTTCCCACCTGTGTACATTGCATCAATCATA
NZ_AP026678.1_gap57	1940612	1942396	1784	ATAAAAAAGAAAGAATCATAACTTCTCCTCAACGAGCTCATATCGAAGTGATGCACACACAAAGTGTATTGAATATGTGTGCTAATAATTACCTTGGATTGGCAGATAATCCGGAATTAATTAAAGCAGCGAAAGATAGTCTGGACAAATGGGGATTTGGACTTTCATCAGTCAGATTTATTTGCGGCACTCAGGAAATTCACAAAGAGCTTGAAAGAAAAATTTCTGAATTTCTTGGACAGGAAGACACTATTCTTTACACATCATGCTTTGATGCAAATGGTGGATTGTTTGAAACTCTCCTTGGTGAAGAAGATGCAGTTGTAAGTGATGAATTAAATCACGCAAGCATTATTGATGGAATAAGATTATGCAAAGCGCAACGCTATCGTTACAAAAACTGCGATATGAATGATCTTGAAGCAAAATTGAATGAAGCCAGAGCAAATAACGCTAAAAATATTCTTATCGCTACAGATGGTGTTTTTTCGATGGATGGTTTCATAGCACCATTAAAAGATATTTGCAATCTTGCTGAAAAGTATGGTGCAATGGTAATGGTTGATGATAGTCACGCAGTTGGATTTATGGGTAAGCATGGTAAAGGTACTCACGAATACAATGATGTAATGGGAAAAGTTGATATAATTACCGGAACTCTGGGAAAAGCTCTGGGCGGCGCAAGTGGTGGTTATACTTCTGCAAGAAAAGAAATTGTTGATTTACTCAGACAACGTTCAAGACCTTATTTATTTTCAAACACTGTTGCACCTTCAATTGTAGCCGCTTCAATTAAGGTGCTTGATATGCTTTCTTCAACAACTCATTTACGGGATAAGCTTGAAGAGAATACAAAATATTTCCGTGATAAGATTAAAGCTGCAGGATTTAATATTAAAGAAGGCGTTCATCCAATTGTTCCGATAATGCTTGGTGATGCAGTTCTGGCTCAGCAAATGGCAGCCAAACTTCTTGATAAAGGTGTTTATGTGATTGGTTTCTTCTATCCGGTTGTTCCAAAAGGAACTGCAAGAATTCGTGTTCAGATTTCTGCAGCACATTCAAAAGAAGATTTGGATTTTGCGGTTGAAAAATTCTCTGAAGTAAAAAAAGAAATGGGTATATAAAATTGAAAGGAGATTTCTTGAAACATTTAACAGTGGTTCTACTAGCCGTAACATTTTTGTTTCTTGCTTGTTCAGATGAGAAAAGTTACAAAACACCTGAAGCTGCCGTCAAAGCCAATGCTGAATTTATGAATGAAGAAAATTTTGATGGTGTAATGTCAACTATTCATCCTGAAAGTCAATCGTACAAAATGACGGAAAACCTGGTTAAAAAAATCTTTGAGACTTATGATTTAAGCTATAAGATAGAAGAGATAAAAGTAATTGAACAAAAGGATAAAGAAGCCAAAGTCGAGTTTGTGCAATTAACTACAAAGATTAAAGGACCGGAATTTAAGAACAACCGGACTTTTGGGATTCATACACTAAAGCTGGATGGTGATTCGTGGAAAATATTTTCAACAGAAGTAACTGACCTGAAATTTCTTTAATCTTTAATAAAAAAGGAGCGAGCAAATTACTGTAATCTGTTCGCTCCTGATTTGTTCTTTAAACTAATTGAATATTCATCTTTCAATTTTAATATCAAGCCATTCTTCAAGTTTATTATAAATCATTTCCCTTTCGTTTTCCGGAAAACTTTTTATTCTTGTTCTATGCGAACCATTTGGAAGAACCATTTTTAATGAATTTGTTTTACCTGTAAGACAAACTCCT
NZ_AP026678.1_gap58	2100946	2103391	2445	TTAAAGGAAATTCTTCAGGATTGGACTCCAGCCGATATTGCTGAACTTCTGATTGACCTCGATGAAAAAGAAAGAGTAATAATTTTCCGGCTTCTTCATACCGAATTAGCTGCTGATACTTTTGAGTATCTCGACTTTGACACTCAAATGGATTTGCTTAAGGCAATGGGTAACGAAGAGGTAGCAGCAATTCTGAATGAAATGGATCCGGATGATAGAACAGCTTTGTTTGAAGAACTTCCTGCATCTGCTACAAAACAGTTAATTCAGCTTCTTTCACCTGAAGAAAGAAAACTTGCAGTAACACTACTCGGATATCCGGAAAACAGCGTCGGAAGATTAATGACGCCGGATTACATCGCTGTAAAACCGGATTGGACGATTCAACAAACTTTAGATTACATTCGTGAAAATGGAAAGAACAAAGAAACATTAAACATTCTCTATGTGGTTGATGATAAAGGAAAACTAATTGATGATATTAAAATCCGTGAAATCCTTCTTGCTCCACTCGATTCGAGAATAGCTGACCTGATGGATGAAAATTATGTTTCGCTTAATGTATATGACGATCAGGAAAAAGCTGTTGAAATGTTTCGGAAGTATGACAGAGTGGCTTTACCTGTTGTTGATCATAGCGGAAACTTAATCGGAATAGTTACATTCGATGATGTAATGGATGTTGCTGTTGAAGAAACAACTGAAGATATTCAGAAGCAGGCAGCAGTTGAAGTTTTAGATGAACCTTATCCGACTATTCCAATTCTGAAAATGATTAAGAAAAGAGCCGGCTGGCTTTCGGTTCTGTTTATTGGAGAAATGTTTACAGCATCTGCAATGGCTGTGTTCGAAGAAGAAATTGCAAGAGCAGTTGTGCTCGCCTTATTCGTTCCTTTGATTATTTCAAGTGGTGGTAATTCTGGTTCTCAGGCAGCTACTCTTGTCGTTCGCGCTATGGCTTTGGGAGAAGTTACTCTGAAAGACTGGTTTCTTGTTATCAGAAGAGAACTTTTAACAGGATTATCTCTGGGACTTATTCTGGCTACAATCGGTTTTATCAGAATTTATATTTGGCAAATGGCTTCACATATTTACGGCGAACATTGGTTTTATGTTGCCATAACTGTTTCTCTTTCTTTAATTGGAGTTGTTCTTTGGGGAACAGTCACCGGCTCTACGCTTCCCTTCATATTAAAACGACTCGGCTTTGACCCTGCCTCTTCATCAGCTCCATTTGTTGCAACATTAGTGGATGTAACAGGAATTGTTATTTACTTTACAGTTGCAATGTTTATTCTTGGTGGAAGATTACTGTAAATACCTCATAAAAACCTATTCGGAATATTTTTATATTTGCCAAAGCTATTAATAACAACTGAAAATTCTCTATGAAAAAAACAAATAAAGGAATTATACTTGCCGGAGGTTCCGGTTCAAGACTTTATCCAATCACAAAAGTTTATAGCAAACAGCTTGCACTTATTTATGACAAACCTCTTATTTACTATCCACTTTCTATTCTGATGTTGGGAGGAATTAAAGACATTTTGATAATTTCAAACAAAGAAACTATTCCGCTTTATCAGCAACTATTTGACAATGGAAATCACTTAGGACTAAATATTTCATATAAGGTTCAGGACGCACCAAACGGAATTGCTGAAGCTTTTATCCTGGGAGAAGAATTTATTGGTAATGATAATGTTACTTTGATTCTTGGCGACAATATTTTTTACGGTGATCTCAGCTTTTTCTACAGAGCGCTTAAAAAAGAAACCGGTGCTACAATTTTCGGTTATCAGGTAACAGATCCACAGAGATACGGCATAGTGGAATTTGATAAAAATGGTAAAGCCATTTCGATTGAAGAAAAACCATTGAATCCTAAATCGAATTATGCAGTACCCGGACTTTATATATATGACAATCAGGTTGTTGAGATTTCAAAAAATCTTAAACCATCCGCTCGCGGAGAACTTGAAATTACTGATGTGAACAGAACATACCTTGAAAGAGGTCAGTTGTATGTTGAAAAGATTGGAAGAGGAATTGCCTGGCTGGATACAGGAACTCCTGAAGCATTACTTCAGGCATCAAACTTTTTTGGTGTAATTGAAGACCGTCAGGGATTAAAAGTTGCCTGCATCGAAGAGATTGCTTTCAATAAAGGTTTTATTAATAAACAGCAATTTGAAAAACTTGTTGATTCAATTCCCAAATCCCTCTACCGAAATTATCTTGAAAAAATTCTGAAAGAGTCTTAATGGAAATAATTAAAACACCTATTGACGGACTTCTTGTAATTAAACCAAAAGTGTTTGGAGATTCACGCGGCTATTTTCTGGAATCATTTCGCTTATCAAAATTTCGTGAGCATGGAATAGATTATAATTTCGTGCAGGACAACATCTCAAAATCCAGAAAAGGAACAATAAGAGGATTACA
NZ_AP026678.1_gap59	2126521	2130894	4373	CTTCACGATCAATTTTGATTGAAACAAAAGTATCATTCATTAGTTTGGCTACTTCTTCATCTTCAAAGGATTCTTTTTCCATCACATGACACCAATGACAGGTTGAATAACCAATGGATAAAAAAATCGGTTTATCTTCGCGCTTTGCTTTTTCAAAAGCTTCTTCACACCAGGGATACCATTCAACCGGATTGTACGCATGCTGGAGCAGATAAGGACTTTTTTCATTTATAAGTTTATTTGCTTTTCTGTTCATAAATTTGTCCTGACTAGTTTGATTTATGTTGTTAAAATTTACCTTTTTTGATATGTTTCTACACAAATATTAAACGAATAATTCATTAAAACTATGGAAAACAAGAATAAAGTTTCTATTGATTTCGGGATACTTGGTATAAGTTTTATAATCGGTGTAATAATTTTTACTGCTGCCTGGAAATCAAATCAAAAATCCAATCAAACTATTACTGTAACTGGCTCAGCTAAGAAAGAGATTGTATCTGATTTAGGAATTCTCCGCGGAACAGTTTTCGTTCAATCACTATCAGCTTCATCAGCATACAGTGAACTGAATCGTCAGAAACCAATTATAATTTCTTATCTTGAACAAAAAGGTTTTCCGAAAGATAAAATAGAGTTTTCAACAATTAATAGTTATCCTGTTTATGAAATTGGACCTAACGGTTATCAAACAAGTAAAATAATCGGATATGTTTATAATCAGAGAATAGAATTAAAATCTGATGATGTTTATAAAATTAAAGATTTATCATTGGACATTGCATCACTGATTGAAAAAGGAATTGATTTCAGAGTTGAACCACCTGAATATCATTACACAAAAATTGCTGACTTAAAGATTGAAATTCAGGCTGAAGCAGCAAAAGATGCAATGGTTAGAGCTAAAAAAATTGCTGATGCAACAGATCGCGATTTGGGTCCGATGAGAAGCGCAAGAATGGGAGTTCTTCAAATCACACCAAAATTTTCAAATGCGGTTTCAGATTATGGAATTAATGATTTAAGTTCCATTGAAAAGGAAATCGTAGGAGTAGTAACAGCATCATTTCAAATTGAATAATTCAAACACTAATTACAGGGACTAGTATGACAAAACCTCAGATTTGGGTAGCAGCATTTTTATTTTTATTTATTGCTCTTTTCTTAATTCAAAAAGCAACAAAGAAAGAAGAACCTGAAAAAGATTTTTCTCAAATGGGTTCATCAATGATGCAACAGGAAAGCAATGAAAATCTTTCAGGTGCTCAATTAATGAATAATTTTGGTTGTCTTAATTGTCACGGCGCAAATTTAGAAGGTACTGCAATGGGACCAGCTCTTGTAAATTTAAATCAATTCTGGAGTCGTGATAATCTTATCAACTATTTAAGAAATCCAAATTCCTATATGAGCCAGAAAAGATTTCAGGAATACAAAGAAAAGTACCCAAACATGATTATGCCTGCTTATGGAAACAAAGATGTTAAAGACTTAGGCAAAATTGCAGATTATTTACTAAGCAGATAAGTGTGTAAAAATATAAATCATCTAAAAAGGATTATTGGTCGATTATTACTGATTTAATATGTGGGCAAAATATATTGAAAGTATTCTGCGTAACCTGAAAAATGCAAAAGCGTTTTGGATTGAATTGGTTTTCTTGATTCCCATTGAATTCATAGGTTATGTTTTGAAAAAAGATTTATACTTCGAAGCATATTTAACTAAGGAGTAAATCTGACTTATCGAATAAAGTTCCATTCAAACTTTAGATTAATTATTTCAAGATAAGCAGGATTAGAATTATTTTATTTTAAGATGAAAGTATTTGATCAAACAATTCAAGCTCAGAAATTTATAACAACTAAAAAGACAATTTTACTCAAGTAATTTTTGAACTTCAAAGTGTAAAGTATAAAAATAAAAGCGAGCATCTTGCTCGCTTTTTTATTGACTGAAAAAAATAATTTTAATAAACCCAATTAGTTATTAAATCCATATCATCAAGAGGCAACATTAACATCGGCTCTCCATTATATTTAAATCGAAGTTTCAAATCTTCAATCAATGGTGAACTATCTTCTATTTTAATCGGAAATAAATCCGGTAAAAACTGATTGATGTTTATAAATGGTCTTTGTGGATATTCTTTTAACTCAAATTCGTTTTTTGTTAAACCTGCTTTTAATCTTGCCATTTCAATCGCTTCGTTCAGTCCACCTATAATATCAACTAATCCATTTTTTAATCCGTCTCTTCCGCTCCAGACTCTTCCCTGCGCAATATTTTCTATTTCTTCATATGACTTTTTTCTGCCGGTTGCTACCCGGCTTACAAAATCTTTGTAAAGAGTTTTTATCCGAGTTTCAACAATCTGAGATTCTTCTTCTGTAAAATCTCTGTCTGGCAAAGAAACCGGAATTATCGGAAGCGTAAACCCAAACCCAAGGTCAGCGAACTTGCCGCGCTTCACAAAGTCAGTTGACAATCCTAAATCTTGCTTGAGATTTTTGTTGTAGAAAAATGAACCTATAACACCAATAGAACCTGTTATTGTTGTTGGAGCAGCAACAATCGTATCTGCATACATAGAAAGCCAATAACCACCTGAAGCAGCAACAAATCCCTGCGTAACAATAATTGGTTTTTTACCTTTATTCTTTCTCAAAACTTCTGCAATTAAATCAGCAGCAAGCGCATCACCACCTGGTGAATCAACACGAAGCACAATTGCTTTTACATTGTTATCAGAAAAAGCTGATTCAACCTGACCCACAAGACTTCTGGCTTTAATTCCATCATCCATTGATGTGCCGCCTATTGCATAGATAACCGCAATTTTGGGCTTTTCGCTCCAATAATTATCTGTTGGAAGATTATACTTTTCAAGAGAGGCAGGATTTATCAATGATCTTGATTTGCCTTCATAAGATTCAATAATTTTTGTCATATCACTCCATCTTCCCAAAGTATCTACAAGATTTAATTTCACTGCTTCATCAGGAAGGTAAGCTATCAAACTATCAACAAGTTTATCAAACTGTGAAAGAGTGAAACTTCTTCCTTCACAAATATCCTTTCTTGCAACATCATAATATTCATCAACAAGTCGTTGTCTTTGCTCTCTGTCTGCTTCACTGAAATTTTCCCGCGAATATGTTTCTGCTGCTGACTTATACTTAAAATATCTTAATTCGTGAAATCCAATTCCAATCTTATCCAAACTTCCTTTAAGAAAAGTTCTTCCTATTAAATAACCATTAAGAGCAATTGAGCCCATTGGATCGAGAATTATTTTATCAGCCACGGATGCAAAATGATATTCATCCATCGCAGCTCTGTCAATATAAATGTAAACTCGTTTGCCTGCCAACCTGAACTGCTTCAGCTTTTCTCTTACTTCCCATAACATCTCTCTGTTTATAATTGCACCGGATAAATTTATTGCAATTGCAGAAACTGATTTATCATTTTTTGCAGTTTCAATTTTATCAATTAAATCAATCAATGAATTTGAATTATCCAACAATCTGTATGTCTGATATTTCAATCCACCATTTAAGTTCAGTTCAACGACTTTATTATCGGATGAAAACTTTGTGAAAATATTTCTGTCATAAGCACCAATACGAATCCCGTGTGTGTTATAAAATTGTTTACCATCTTTATCAAGATGCGAAACTGTTGTTATTCCGAAGTTACCAAAACTGAGTTCGATTCCGACATTAATTTTTTTATCTTCAAAATACCTTCCTACCAATCTGAAACCATCAATTGGTTCTGCTGCTGCACCAAAGCTGTAATTAGTTTCCTCTGGTTCCATATCACGCGAAAGAACATAATCACCGAAAAAGGCAATAAGCTGATTTCCGAAAGGTCTGATTGCAAAGTCAATTACTCCTTCTCTTTCGCCATTGGTTGGAAGGTTACCTAACAAACCAATTGAAAAATATTTATTTGGTCGCAATAATAATCCCAAAGAAAAAACATCAGCGCGATTGAAGTATGTTACATTTCCTGTTGACCAACCGTATCCAATACCTGCACTGAATGAATTGTTTCCGAAAGCAGCTGATAATTTGAAATCAGTTACATGATATTTGTTGAGTGATTGGTTGTACATAGCAAAACCAAAATTTGGCAATGCAGCAAAGATTCCCCAATTATTAAAATCATTCCAATCACCTATTCTGTCATTCCAGGTGAATAAAAAGTCGGGTTGATGTAAAGTTGAAAGTAAAGCCGGATTATCCCAGCCATACAGTCCAAATTTCAATGCAGATGCAGGAGCAAGAGACATATCATTCTGATGATAATAAGACGGAAAATTAATTTGTGAGAATCCTGTGGCAGTTAAAAGAATAAGTAATAAT
NZ_AP026678.1_gap60	2137847	2142767	4920	CAGCAGCATCAGCTATTCTGTAGCCTTTAAGATTAATTGTTTTGTTTGACCGGTTATAAATTTCAATCCATTCTGGTTCAGGTGAAGTTGGTGCGAACATTATTTCATTTATTACAATATCGTTTCGAACTTCATTAACTACTACGCCAACAATTTTATTAAAAGCAATATTGTTTGTTGTATCATCATCAATTGAGGTCTGAATTTTCAGAATAAAATTATTTTCACCTTCGTCGAAACTTTCCGTGCTAAAAACAGTTTCAAGACTGTCAGCAACATTAAGAGTAATAAAGCTTTGTTGTGACAACAACTCATTAGTTTGAGGAATAGAATCAAGATTTACATCGTGATAAAGCAACAAATCAAACTGAGCAGAATTATTTAATCCGATATTTTTTATTTTTGAACTAAAAGAAATCTGCTCACCAACTATTCCATAATTATTTATTGATTTGAATTCAGTTATTGTTAAGTCATAATCCTTAGGTGTAACTGAGTTTATCTTGCCCGGAGTTGCTCTGAATATGCTTTGTGAAGTCTTCCAGTTTTGTGGATCATTACCTGGATTATCTTTAGATATTCTTTCAAGAGATTTACCATCAGAATTTCCTCCCCACGATGGCAAGTATGAAACTGAATCAATCAAAACATTCATAGAATCTTTAATTACGACAGCATCACCGGTATTGTTTAGTGCCGGCATAGATATTTTAATTATCTGAGAAGCTACAGGAAAATAATTTAGTATGGAAGAATCTGCTGTGAGCACAACGAATGAATCCGGTTGCAAAATGAAATCCTGATTAATGATTATAACACTTGATGTTGCATCAGAAAATTTCCACTTCTTCAGATTCACAGGATTTGCTGATTTGTTCAGTAACTCTACCCACTCCGGCTGACCACTCAACGGCGCATACATAATCTCATTAATTACCAAATCATTAAAAACATTTCCCGGAGGATATACTATTAACGATTTTATCAATTGATTATTCTGAGGATTTTCATCTTCATTAAAAGTTACTTTGGCAATTATCTGATAAGAACCAATCAACAAATTTGTCAGTGTAGTCGAAACAATTAGCGAATCTCCGCTTGAGAGATTTGTAAAAGATTGCGAATAAATTATTTCATTTGCCTGACCTGTTGAATCAAAATTAACATCGTTAAAAATCTCAACGAGAAAACTAGTAGCAGTCAGGATTCCTTTATTTCTTACTGTTGTTATAATTGTTACATCTTCACCCAAAATTGGCTGCGGAGGATTGAATATCAGAGAAGATATTTGCAAATCATAATTTAATGGTGTTACTGAATTTGTAAATCCCGGCGTCCCGTTTGAGTAAAGCGAGTTTGACCAATTAGTTTGCGAAGAATCTCTGTTCATTAAAATTTTTTCATCAGAGAAGGTTTGCAAGTTATCAGCGGAATAAAAGTAATAATCAACTGTATCGTTAAATGAATTAATTAACCACAAAGGTCGGCTTGTTGTATTCGCCATTCCTGAAGAACCATATGAACCATCAGATATTTTTAATATCAACGCATTTGCCGGCACTAAGCCGGAGTAAATTCCATTAACAATATCGTAATCATTCTCAAAGATTATTGCGAAAGATTGCGGAGGCAGAATAGTTCCAAATCCGGCGTCAATAATTACATCATTAGTAGAAGTGTAGTATTTGATTTTCCAGTTCAAAAGATCAACAGATTGAGTTGTGCTTGTATTATAAAGTTCAACAAATTCATTGTTACCGCTTGCCGGATAAAACATTATCTCAGAGAAAATTATAGAAGTGTCTGCCTGAGAAAAAATTTTCTGAATAAGTAAAAGAGATAAAATGATGTAAAGTTTTTTCGTCATTAAAATTTTAAATGAAAAAATTATTTTCTTGGTATAGGTTCCCGCGAAGCAAGATATTCAAATAAAGAATCAGGAATAATTCTTAATAACCTTACTGCTAATGAAATTGCCAATGGAAATTGAATTCGACTCTTTTCTTTTTTTATTTCTTTAACAATTATATCTGCAGCTTTTTCGGGTTCCATCAGAAAAGGCATGAAAAATTCATTTTTATCTGTCATAGGAGTTTTAACGAAGCCAGGTCTTACGGTAATTACCTTCACATTATATGGCTTCAGTTCAATTCTTAGACTTTCAAGAAAAATTGAAGCTGCAGCTTTACTCGCACAATAAAATCCGCTTTTAGGAAATCCTCTGCTATCTGCAAGACTTGAAACGCCAACTATTACTCCGTTTTTCTCAGATATAAAATCCGGAAGAAGAACTTCGATAAAATTTATCAATCCCATCACATTGGTATCGAATGTCTGTTTGGCTTTTACTGAATCAAACTCTTTTATGCCTGAACGAAAACTTACTCCCGAATTAAGGAATGCTATATCTACTTTTCCGCAATCAACTTTTATCTGACGATAAACATTTCTGACTTCATCAAGATTTGTTACATCACATTTATAAGCAGCAACTCTGGTTTTCAATTCAAGTTGCTGTGCAATTTTATCAATCATATCTTTTCTTCTTGCGGCAAGCGCAAGCAAAGCTCCTTCGTCAGCAAACTTTTTAGCAACAGCTTCGCCTATTCCGGAAGAAGCACCGGTAATCAGGATAACTTTATTCTTCAGATTCATATCGGATTGATTTTTTCAACTAAAATCTAAAATAAGTTTTGTTGGAAATCAAAAATTATACTAAGCAAATTTTTACCTGAATATTGCGAGGTCAAAATTTTTTCGTTTATATTTTGTTCGAAAATCACAAAATTTATTCAGATGTTTTTTGGTAAAATAATTGCTATTGATGAAGTCCTTGTTAGGGAAGAAGTGCTGAATACACCATTTGCCTGTGACCTGAAAAAATGCAAAGGAGCTTGTTGTACACTCGATAGCGAATTTGGTGCACCGGTAAATGAAGAAGAGATTGAGCAAATTAAAGAAGTACTTCCTGTTGTTAAGGATTATATAAGTGAAGAGCACTGGAGCGAAATTCAAAGAAACGGATTCTTTGAAAAAAAATTTGATGAACTTCTGCTTAGAAGTATAAATAATAAAGCTTGCGTGTTTGTTTATTACGAAGGTGATATTGCAAAGTGTTCCATTGAGAAAGCTTACTTTGATGGAAAAGTGAAATTCAGGAAACCAATTTCCTGTCACTTGTTTCCAATAAGAGTTGCAAAGTTCGGTGGGGATATTTTACGATACGAAAAATTTTCTGAATGTACACCGGCTTTGGAAAACGGGAAAAAACAAAACATAACAATTGCAGAATTCTGCAAAGATTCTTTAATAAGACTTTATGGAGAAAAATGGTATTCACAACTAAAGGAAAAATCGGGTCGTTAATATGCTAACACTTAATCAAAGACTTTCACAACAACAGAGACTTTCGCCACAACAAATACAATATCAGAAACTGCTTCAGTTAAATAATCTGGCACTTGAGCAGAGAATTAAAACAGAACTCGAAATGAATCCGCTCCTTGTAGAAGAAATGGAACTCGATACTGAGCAGGACGATAAAGAAAAGGAAAACGAAACAGAAACTGAAGCCGAAGTTGAAGCTACAGAAGATTCAGATAAAGCTGATGAAGAGTTTTCGCTTGAAGATTTTATGAATGATGATGAACTTGACCACGAAAAACTTAACAGAAGTAACGATGAAGAAACATTTCATCCTGTAGCTCCTCAAAAAACTTCTCTCTATGAACATCTGCGTGAACAATTAATGATGCTCGATCTTGACGAGAACCTTTATATGCTTGGTGAAGAAATTATAGGAAACCTCGATGCTGATGGATACTTAAAAAGAGACCTTGCCGAGATTGTTCAGGAACTTGAGCTATTCGAACATGTGAAAATTGATATGAAGGATGCGGAAGAACTTCTTAAAAAGATTCAGAAGTTTGATCCGATTGGAATTGCAAGTCGTTCACTTCAGGAATGTTTAATCGTACAGCTTCAGGAAGCAAAAGCAGATGAATATTATAAATACATTGCTATCAAAATTCTTGAAGATTATTACGATGAATTTTCAAAGCGACGATTTGATATAATCAAGAAGAAGATGAAACTTACCGATGATACTTTGAGAGAAGCTCTTGACCTTATTCAGAAGATGAATCCCAAACCCGGAGAAGGTAATGTAGATATTGTCGAGATGAATCAGGTTACTCCGGATTTTATTGTCGAAAAAGTTAATGATATGTGGATTGTAACGCTCAACGATAAATCAATGCCTTCCATTACGATTGATAAAAAATATCTTGAGATGTTCGATGCCAATAAAAGAAAGAAAAGAAGCGACAGAGAAAGAGAAACCTATAAGTTTCTTCGGGAAAAATTTGAATCAGCTAAATGGTTCATAGCTTGCATTCAGCAGCGACGAGAGACTCTGATGAAAATAATGCGTGCAATTCTCGAAATGCAATATGAATTTTTCGAAAAAGGTCCCAAATATCTCAAGCCAATGATATACAAAGACATTGCAGATATAATCGGAATGGATATTTCCACAATCAGTCGTGTTGTGAATGGCAAGTATGTTCAAAGTCCGCAGGGAATTCACGAACTCAAATACTTTTTCAGTGAGGGACTTTCAACTGATACTGGCGAAGAAGTTTCAAACAAACATATCAGAGAACGCGTAAAAGAAATTATAGAATCAGAAAATAAAAAAGCTCCGTACAGCGATGAAAAGATTGCTCAGATGCTTCAGGCAGAAGGAATTCATGTTGCGAGAAGAACAATAGCAAAATACCGTGAGATGTTAAAAATTCCGGTTGCCAGGTTACGTAAAGAAAATATTTAATGAATGATTTAGTTGATGTTCTGAGCCTTATTTCACTACTAACTCTTTTTGGTTATTCTCATTCTGTTCTTGCATCATTAAAAGTAAAA
NZ_AP026678.1_gap61	2156146	2159671	3525	TTGACCATCAACAGGAATGAATAACAATGAAGGAATACTTCTGATTCCAAAAACTGCTCCAAGTTCCTGCTCTTCATCTGTATTTACTTTATAAACTTTAATCTTTCCTTCATATTCTTCGGAAAGTTCTTCGAGAATCGGTCCAACCATTCTGCAGGGACCACACCACGGAGCCCAGAAATCAATCAATGCAGGTAATTCACCCTGATATTTCCATTCCTGATTTTTTTCGTAATCGAAAACTTTTTCTAAAAATGTTTCCTTTGTTAAATGTTCAGTCATTGTATTATTGCCTTTCTTAAATTATAAGTTCTTAGATTTATTAAAATCCAATCAGTATGATGATAAACCTGAAAGAAAGTTTCAAAGTTCGGAATTTCTACACTGCCCGGAGAACTTTTTCAAGCTTTTTCTTTACTTCCTCGGCAACCGGCTTCATATCCGGATTTTCAATTATATGGGTCATAATCATAGGATCAAATACGGAAACTACTGACTTCCCTTCTTTTTCGTAAACTATCACATTACATGGTAAAAGAAGTCCCAATTCTTCCTCTGCCTGAAGTGCCTGATGAGCCAGTGGCGGATTGCAGGCACCAAGTATGGTATATTTTTTAAAGTCTACATTAAGTTTGTTCTTCAAAGTTTCTTTTACATCAATTGTTGTAAGAACTCCGAAGCCCTCTTTCTTAAGTTCATCGGTAACTCTCTGAATTGCTTCTTCAAAAGCATAATTTGTTGTTTTTGAAAATCCGTATTTCATTTCTAAACCTCGTTTGATTTTTCTTTATTTTGTTTTGGTTTCTGTTTCCAGTTTGTTAAAAGTAATCCGATTGCCCCACCCCACAACATGCTGGTGTAAGGATTTCCGGTTATCGGACAACCGCGATTACAACCAACATAGTAATAGTAGAGATATCCACCAACAAGTCCGGCAACAGTTGGCAGAATCAATTTTGCCCGGCGTTTTATTATTTCAAACCTGCTTTGTTCCAATAAATTATTCCTCCTTTAAGATTTGCAGAATTATATCCGAGTTTACGGAGTTTAGATGCAGCAATCAGACTTCGGTTGCCAGTTCTGCAGTAACAAACTATTTCTTTGTCTTTAAATTTAAGAAGCTCTTTTTTATTGGTTCCCAAATCATAATGCGGAATATGAAACGAACCTTTTATGTAATCCTGTTTTCTTTCCTGCGGAGTTCGTACATCAAGTAGAATTACATTTTTATCTTTTTTTAATTTTTCAGCCAACTCTGCAGGCGAATAATTCTTAACCGAAAGATAAAGATAGACTTTTCTTGCGATGTAAAGAATCAATAAAGCCAAAAGACCATAAAAGAATATTTGCGAAGCGTCCATAAAACTTTCGGATTAGTTATTTAATACGCTGCGAAGATAAAATTTGTTGAACTTGCAAGCTATGTTAAAAGCGTAACACAAACATTAAATCACACTGGAGTTTGACAGAATGACTTATAAATTGCTCGTGTATTTCTTCAACGACTTTGGAGTGACTTTTCAGTGACTTTGCACTGACTTTAAAGTGAAGATGGAGATATACGAAAAAAGTCAAAGAAAATGAGGTTTTTAAAATTCCTAAAACAATTGTACTGACAAATTGTCAGCTATGAAAATAGCATAAACAGATTATGGAAATTTAAAACTTTAGTAATTATTTTGTGAAAGAATATTTGAGGATATATGGGGAAACAATTAATTAAAAAATTCCTTCCGAAAATCTTTCCGCAAAAAAGGAATGCCGAGTTGGTGGTTAAGTAATAAAAAGCCCCACGGGGTACGCGGGGCTTAAGAATTATTCTTCGGCTTATAGCCTTATTGTGGTAAGATTTCGTAGCAAACTTAAAATTTTTAAAACAATAATTCAAGTATTAAAAAAATATTGAGGGAATTATGAAAAAAGTATTAGGAATTGATCTTGGGACCAATTCAATAGGTTGGTCAATTCGTGAAATTAATTCTTCTGAAAATCAAATAGTTGATAAAGGAGTTCTAACTTTCGAAAAAGGGGTTGGTGAAGATCAGGGTAGAGAAGTACCACTTGTTCAAAAAAGAACAGAGTGCAGAAGCAAGAGAAGAAACTACCAAGCAAAAAAATACAGAAAGCAGGAATTGCTTGAAACATTAATATTAAATGAACCAAGACTTTGCCCCCTAACAATGGAAGAATTAAATGGGTGGAGAAATTATGAAAAAGGGAGAGAAAGAACCTACCCTCAATCTGAAATATTTATTAATTGGTTAAGACTTGATTTTGATGGTGATGGTAAATCAGATTATATAAACCCTTACCAACTCAGAAAAGAGGCATCAGAAAAGAAGTTAGATAATGCTTATGCACTCGGGAGAGTCTTTTATCATATGGTACAAAGAAGAGGCTTTAAAGGAAGAGATGAAGAGGAATCAAAAACAATTTTAGAGGGAAGCAAGGAAAAAGAAACCGTTGGAGCCAGTGAAATTCAAAAAATTATGGCAGAAGAAAATACGACTTTAGGTGGTGCATTATTTTTGGCCCGTGAAAAATATAATAAAAGAATACGCAATCGTTATAATCTTAGAACAGATGTTGAAGCAGAATTAAAAAGAATTTGTAAAGTACAAGACATTGATGAGAATGGTGAACTTTTTCGAAAACTATACAAATCTATAGTTTGGCAACGACCTTTAAGGACTCAAAAAGGGAACGTTGGAAGATGCACACTTGAACCTTCAAAACCTCGATGCCCGGTTAGTCATCCATTATATGAAGAATATAGAATGTGGAGTTTTATAAATAATATTAGGGTTCAATCAACACAAGCAATAGATAATAAAAGCGCGCCACTTAATAATGAGCAGAAAACAATTATTCTTCAAAATGTATTCTTTGGAAAGAAAAAGAATAAAGATGGTTTTGAATTCAAAGAGATAATTAAAGCACTGGATAAAAAAGGAAATACGCTTGGATTTAACTTTAAACCTTATATAATGGTTTCAGGTTGTCCAATAACTTTTTCACTTAAAGAAATATTTAATTGTGAACTTTCAGAAATAAAAGTACCACATAAGCCGAATGAAAAAAGAAAAGGTAAAAAGGATTATTATGATTATAACGATTTATGGCATGCTCTTTTTACTTTCGATAGTAAAGAAAAACTTGAAATCTTCGCAAAAGAAAAACTTAATCTTGATGATGAAAAAGCTAAAGCATTTAGCAAGATTCGTATGCCTAAGGGTTATGCAAGTTTAAGTCTGAACGCTATTTCTAAAATACTTCCATATTTACGCATGGGATTTATTTATTCTGAAGCTGTTTTTCTGGCTAATCTACCAAAGGTGTTCGGAAGAAAACTAAATGATGCTGAAATAAATAAAATAGCCGAGGGCATTCGGTTGCAAATGAAATTGCATAAACGAATTCGAGAAGAACTTGGTATTGTTAATAGTTTAATTGCCGATTACTTAAACAAACCTCTTGAAGAACAAACCGGGAGATATCCGGGTTACATTTTGATAAATAAAGATA
NZ_AP026678.1_gap62	2189580	2191320	1740	AATGCTTCAATAATTAAGTCAATTCTTTTGTAAGGAACTAATCTTGAAGCTACAAAATAGTAATCATCTTTCTGTTCAACACAAGTAAATTTATCAACATCAACAGGAGGATAAATCACTGTTGATTCACGATTGTAAATTCTTTTTAATTTTTCAGCGATGTAATTTGAATTAGCAAGAAGATAATCCGGTCGCTTTGCGGTTTTCAAATCCCATTTTCTAAGATAGTTAAGAATTTTTGTTGCGATAATTTTTTTTATACCACGATTTAGTTTCGCAGCTTCAAAGTATGTCTCAGCTTCATCCCAAATGTAACGCATCGGCGAATGACAATAGCTGATGTGCAATTGATTTTGCTTTTTGCGAACACCTTTTGTAACTGCATGCGAGCTTGAGATAATCACATCATAGTTGCTGAAATTTAAACGCTCAATTGCCAGTGGAAATAGTGGCAGATATGATCTGAATTTTTTTTCAGCAAAAGGCAGTTTCTGAATGAAAGTTGTATTAGCGTGTTTTCCTTTAAGAATTATCTTCCGATGTTCATCATTAAGAAAATCTACGAGTGCAAAAACATCGGCATCTTTCCAGATGTTTGTGAATGATTCAAAAACTCTTTCACCACCAGCATAAAACACGAGCCACTCGTGAACCAAAGCTATTTTCATAATAAATATTTTTCGTAAACTTCTTTTAACTTAAAAATCATTTTTTGCTCTGTAAATTTATCTAAAAATATCTTGCGGGCATTATCGGAGAGTTTCTTATAGTTATCAGATTCACTTTTGATTTCAATTATTTTTTGAGAAGCTTGTGATCTATTTCGCAAATCGAATAAAAAGCCGTTAACATTATTCTGAACCACTTCATTATTTCCCCTTACATCTGAAGCAACAATTGGCAGAGCGCACATCAAAGATTCCAACAAAGTGTAAGGAAGTCCTTCACTTAAAGAAGTTGAAAGATAAACATCTGCTGCTTGTAAATATTCAACCGGGTTGTTAACAAAACCTGGGAGTAAAATATTTTTCATTTCTCTATGCTCGATCATATTAACAATTTCTTTTTTCTCTTCACCATCTCCGGCAAGAACGAAAAATATTTCATTGTGCGATTTAAGCATCGAGGCAATTTCCACAAAAGCTTTAACATTTTTTGTTTTATCAAAACGGCTGATGTTCATAACAATAAATTTATCTTCAGGCAGATTGAGTTTTTTTCTTAAGGTTATTTTATCAACTGGCTTAAACTCATCTTTGATTCCATTATATATTACAACCGATTTCTTTTCATCATAAATCTTAATTGCGAGACAAGGTACTCTTTCGCTTTCGGAAACATTTATAAAAAGATCAGTAAGCATTGAAAGTGTTTTTTCAATCAGAATATAAATTTGCTTTGATAATGAATTATAAGTTTCGATGTGAAATCCATGCCAGGTAAAAATGATTTTTAAAGAGGGCAAAAATAATTTTAACAACCGGGCATAAATTCCCGCTCCTTTGCCGTGTGCGTGAACAACTCTGATTTTATTTTTTCTGACATAACCGATTAATCGGAAGAAATGAATTAAAGAAAATCTTCTGTGCGGTAGTTGAAAGAATTTATCTTTCAATTCATTGAGCCACTTAATTCCAAAAGGTTCATCAACAGGTGAAGCTATAAAAAAACTGAAATCATCTTTAAGATTTTCAAAAACAGAATTCAGATGCTTTGAGCCACCGCCAATATCTGAACGAA
NZ_AP026678.1_gap63	2281593	2284317	2724	AAATTGCTGCAATTGGTTTTTTAGCATCAACAAAATGCTTTGTGTATTCAATTACTTTTTTATTCAACCGAATGTATTCGGGAGCTCTTCCACCAGGAATAACAAGAGCATCGTAATCCGCAGGATTTACATTATCGAAGGTGAAATTCAAAGCAAAGTTATGACCTGGTTTTTCGCTATAGGTTTGATCGCCTTCAAAATCGTGAACTGCAGTACGAACTTTTTCACCAGCTTTTTTATCCGGACAAACTGCGTGGACTTTGTGTCCAACCATTTGAAGCGCCTGGAATGGAACCATTACTTCATAGTCTTCAACAAAGTCGCCAACAAGCATTAAAATTTTTTTTGAAGCCATAAAATCCTCCTTGATTTATTCTGGTTGTTGTTTAACTAAATATCTTTTGATTTTTTGAGTAGTGGTTTTTTCAAACTCTGTATCCCTTATATAAAACCTTCGGATTTGTTTATAGTTAGCGAGTTCTTTATTCACCTTTTTTATTTCCTCGGAGATAATATTATTAACAAGTTCAGGTGTAATCTGAATATTATTTTTTTCAGAGTATTCAATAAATGCTTCTGCATCAGTGACAATCTGTGCAGCAATTACTTCATCATGTTTTTCATCCTTTTCGCCATAAACCATACATTCCTGAATAAAAGGACTTCTGTTAAGTAAATCTTCAATCTCTTCGGGAAAAACATTTTTACCGTTATTGGCAATGATTACATTTTTCTTTCTGCCTGCGATATGAAGAAAACCATCTTCATCAAAGAAACCAAGATCTCCGGTTTTGAACCAACCATTTTCAAATGCTTCCTGAGTTAATTGAGGATTCTTATAGTAACCAAGCATTACATTATCGCCTTTAATAAATATTTCACCCACACCATCATTATCCGGATTATTAATTTTTATCTGAACACCAGGCAATGGTAATCCTGCAGCATTATCTTTAAATGCATATAATCTGTTCAGAGCAACAATTGGTGCGGTTTCAGTTAAACCGTAACCCTGGACAAAATTAAAACCAAATTCTCTTAAACCCTTAGCAACTTTAGGATCAGGAGCTGCGCCACCAGCAATGAATAATCTTATTGATCCGCCAAATCTGCTATGTAATTCGCTGAAAATAATTTTCTTAGCACTCTTCCAACCAATTGCATCTGCTATATTGGTAAGCTTAACAAGAGGCGGAACTATTTTGGATTTAACTTTGTCTTCCTGAATGCCCTTATATATTCTCTTAAACATTTTATCATAAAGTAGTGGAACACCAAGTAAAATAGTTGCTTTAACTTTCTGAAGATCATCTACAACTGTTTTTAATGATCTGGCATAATGTGCTGATGCCCCGGCATACAATGGACATAAGAATCCGCAGGTGCATTCATATGTGTGATGAATTGGTAACACAGAAAGAAACCTGTCTTCAGGACCAATCTTTATCATACTTGTCATCGACATCAGATTTGCAGCAAGATTTTTCTGAGTGAGCATAACACCTTTTGCCCTTCCGAGCGAACCGGAAGTAAAAATTATCTCAGCCATTTCTGTCGGATCAATCTTAGGTAATTTTTCCACATAAGAATTTTGTTTTTCAATCATCTCTGTCATAGAATAAACTTCTTGTGTACTTTTTTCATCATCCATACTTATCAGATATTTCAATTTCATTAAAGATGATTTTTTCTCAAGCAACATTTCTTTAAATGTGTTTGAAAAGACAATCGCATTGGCATCAGATTCATGAATGATGTTCAGAATTTCGTTGGTCGTCAGGTTTTTATCAATCGGAACAATTACCATATTGAATGTCATCGCTGTAAGATATGTAATTCCCCACTGTACTCTGTTTTCCCCAATTACAGCAATATGATCTCTTTCTTTAAAACCCAATTCATTTAATGCTTTCCCAAATCTGAATACAAAATCGCGAAGCTCTTTATATGTAACCTTTGGAATCGGGTAATCAGTTAAATCTTCTAAAGCGATTTTGTCAGGATATTCATTAGCAGATCGTAAAAGCATATCCTGAATAGAAGAAATTTTAGGAACATCATATAGCGCATATTTCTTTACCATCTTTTTCTCCTTGTTATAAAGTTTTCTGAATTGAAACAGCGCCTCTTAAATCGCCCATTTGATAACCCTTTGCTTTATCATTGGGATAGACTTTATTTATCAGGTCTTTAACCTGTGGAGAGATTTGTTCTTCAGTGCCGTGACAGTTTAAACACTCCGGCTGAACGAAAATCGGTTTCATATATCTTACTTTATAAACTCCGTTCTGCTCAATTAATTCAACATAATCGCTTTCGGGCTTAAGTTGGTTTTTGTTGAATTGTTCTTCAAACATTTTTAATACTTTTGATTCAAAATCGTCAGGAACATTTAAAGGATTTCTGTTCTTAAAGCTAACCCGCTTAATGTAGATGCCTTTTGACACTCCATAATTATTAGTTAGTATCTGAGCTGTGTCAGAGCAAACAGAAACAGCATTCACAATTCCATTTGTTTGAATTTCTTTAATCAAAACAGATTTGAGGGATTCCATAAAAGTTTTTGCGTCGGACCGAAGAGCAGTTTTTAGTTCTTCGGTTATTTCAGGTTTGTCTTTCTGCGAGCACGAAACCAGAATGAACAAAGTTAAAATGGAGAAACCAATAATCTTTTTCATAAACATCTCTCCTTTCTGTTTCAAAAATAAAAAATCTTTATGGTAA
NZ_AP026678.1_gap64	2286407	2287407	1000	GTCTGCAGGTTTGGATCCACACGCCAAAGTTCATCTCACATCTGAAATGGTTGACTGGGCAGATATAATCTTCGTAATGGAGAATATTCATCTCGATAAAATCAGAAAGAAATATTCAGGAAAGCTGAGGGGTAAAAAGTTAATCTGTCTTAATATTCCTGACGAATATGATTTTATGCAATCGCAACTTATTGAGATATTGAAAGACAGAGTTTCAAAGCATCTGAAAGCTTTAAAATGAAAAAGCCGTTCCTTATTCAGAAACGGCTTTATAAAATTTTAACACATTTATTTTTCAGCGTGTGCTAACCAATAACCACTTATACTATAAACCTTTGAATCAGCCCAGGTTCTTACCTTAATAGTAAAACCATCTCTCGATACCGACATTGCTTCTACATTAAATCTGCTGTTTGCATCCTTGTCAGTATCAAGCTGAGTAACTGATAAAAATATTGTTGGTTTTGTATCAAATGGCTTTGGGAATTCAACATCAATGGTCATTGTTCGTTCGCCGGTATTTTTATCCATATTGTATCCGGCAACTGAAGGATTAACTGACCATGTGCCGCTTTGAACTTTTGTTTGTGCTGATACTAAAGCTGTTAAGGCTAAAAATATTGCTACAACTGCTAATAGTCTCTTCATTGTTTTCTCCTTTTTTTTGTGATTAATTGATGGATTACCTGCACAAAATTAGTCAACACCTCTTTTAATTACAATATTCAAACTATCTCCAGAGATAATAAACAGAGAGTGATTCAATTATTTTAACAATTCTTTCAATCGAATTTAATTCTACTTTTAGTTATCTTAATTGTAATTATTGATAAAAACTTATGATTGCTTATTATAACGGCGATTATTTACCCGTTGAAAATATTTCAATCTCACCTTTTGACCGTGGATTTTTATTTTCTGATGGAGTTTATGAAGCATTAAGAACTTATAACAAAAAATTGTTTATGCTTCAGAAACACATTGACAGATTAAAATATAG
NZ_AP026678.1_gap65	2329048	2330397	1349	ACTACTCCTCCTATTATCAGAGCAGCTATCATTCCCTGTTGACCTTTCAATCCAACTGAGGTAAGAATTATTGATGATAGAATCAAAGTCATCAATGTCATACCACTCACAGGATTTGTTCCAACAATTGCAATTGCGTTTGCAGCAACAGTTGTAAATAAGAATGAAATTATCAGAACAATCAGCAAACCTGTTACAGCCCAACCAAGGTTATTCAATACACCAAAGTGGAAGAAAGCAAGCAACAGAATTGCAGTAGCAATAATTCCGATTACAATAGTTTTCATCGGAAGGTCGAGTTGTGTTCTGATAATATTGTTTGAGCCATCTTTCTTTTCAAAAATTTCTTTTACTCCAAGCGATATTGCATCTCGTATAATTTTCGAAGAGCGAATAATTCCTATTATTCCAGCCATCGCAATTCCACCGATACCAATGTGCCGGACATATTGTCTGAAAATTTCTTCTGCAGTCATTGCAGAAATAAGTTTTGATGCTCCTGTACCGAAAGGTTCTGTTAGTCCAGCGCCAATGTATGAAATCACCGGAACAAGTAAATACCAGGAAACAAAAGAACCTGCTACAATTATCGCAGCGTATTTTAATCCGACAATGTAACCAAGACCCATCACAGCAGCACCAACATTCAATCTGAACACAAGTTTAAATTTATCAGCGAGCATTTCACCAAAAGCAAAAACTCTTGTTGTAAATGTTTCACTCCACCATCCGAATGTTGCGATTATGAAATCATATACACCTCCTATTAAACCGCTTACAACAAGTACAAGTGCCTGCTTACCACCTTTTTCACCTGCTACCAAAACTTCTGTTGTTGCAGTTGCTTCGGGAAAAGGAAATTTGCCGTGCATTTCTGCAACAAAATATTTTCTGAAAGGAATCAGAAAAAGAATTCCAAGAATTCCTCCAAATGCTGAGGCAAGAAATATCTGATAAAAATGTGCTTCCAGATTTAATATGTATAAAGCTGGAATTGTGAATATTGCCCCTGCAACAATCAATCCTGAGTTTTGCCCGATTGATTGAATAATCACATTTTCACCAAGTGCGCCTTTTCTTTTAAGCGCAGCCGAAAGTCCAACTGCAATTATTGCAATCGGAATTGCTGCTTCAAACACTTGTCCGATTTTCAAACCAAGGTAAGCTGCTGCTGCAGAAAACAAAACCGCCATCAGCAATCCCCATATTACTGAGTAAGGTGTAATTTCTCTCGGTGTTGATTCCGGAGGCATTAAAGGACGATACACCTCACCGGGTTTAAGTTCAGTGTAAGCATTTTCCGGTAGACCTTTAATTGGTCCGCTTGTGTGTTCACTCATACTTCACCT
NZ_AP026678.1_gap66	2332028	2336041	4013	CCGGGAGATACAACATCCGGTTTGCTTACTTCGCCACCTCTTGAGCTGAAATGAAGAATTACATCGTTCGGTAATTCATTTCCATAATTATCTCGCGCAACTTCTTTTGCAAGCACAGCTCCGGATGAGAAAACATAATTACTTGAAGCAGGTAATCCGGAAGATGAAATTCCGGGTCCTTCATTACCATTGCTTACACTTACATAGAGATAGGGATTTTCTTTTAAGAGTTTCGCGAGAAAATTTTCCATCTCTGAACGATTTTCTATTTCGCTGCCGATTCCATAACTCATACTTACAATACAAGGTTCTTTTCTTTCGCGCGAAAGTTCATCAGCATACAGATAAGCTTTCTTCATACTTTCATTAACTGTTGCACCGCCGGGAAAGTTATTATGACCGATTTTCAAAGCAATAATATTTGCGCCAGGAGCTACTCCATTTAAACCGACTTCGCCAATATTGTATCCTGCTGCAATTCCCGCGCAATGAGTTCCGTGTGAACCATCATCGAAAAAGAATACAACTTTGTTTTCTTCGGGGAAAATATTTAACGCCATCGTAAATGGTGCCAAGCCTTTTGCTCTTCCAACAGTAAAAGCATCAAAATTTTCTCTATAGTTTCTCAAGGGTTTTTCATCTGACACATCACCATTTCCATTCAAATCAAAGTAAACAACCCAATTATCGTTTGAAGTCTTATAAACTATAAAATAATAGACATCATCAGTTGAGCCATTTCCGTTAAGGTCAGCAGAGCCACTGTTTGAATTAATAAGATGTTTTTCAGGAAAAGCTCCGATAAAATAATTGTTATCCGAAGGTGGAAGTAATTTTTCCAAATCAGCTTTAACAGAAAATTTTTTATCTGAGTTTTCAAAAATCGTTTTTCCATTCTCAGTTCTTTTTTCTGCCGGATAAAATTGCATATCACCTTCACCAGTAAAATCCTGAACATCAATTACTTTTACCTGTCCGGTTGATGTTTTAACCAAGCCATCAATTCCAATATCCACACCTGTATCAAGCACAATAATAATTGTTCCTCTGCCATCATACTCGGGATGTTGTTTTATAAAATCTTCTACACCAGTGCTTTTAAGAGCAAGAAATGTCTGACTTTCCTGGGCGAAAGAAAGAGAACTTAACAAGAGCAAAACAAAAAGAATTCTGAGTGCTTTCATTTTATTATCCATATAAGTTTTGTTTTAATATTTAGAGAAAAAATTTTTTCTGTGTTCGAAATGAATTCTGAAAGGTATAATGAATTGTTGTATTTTTTCATTAAGCAAAAATAAGTTTAATGTGTTGCGAAATTTAAGGACAATTACTCAGAATTTTTAAAAGAAAATTTATTTGATGAAATCAAAGCTTTACATTGTCTCAACATCGATTGGTAACTACGAAGATATCACTCTTCGAGCTTTAAGGGTTCTGAAGGAATGTGATTTTATAATTTGTGAGGAATATAAAGAAGCAAGAAGATTACTTTCGCATTATCAAATTCAGAAAGAATTGCTTGCGCTTAATGAACATAATGAAAAAGAAGTATCGTCGGAAATAATCTCGCGAATCAAATCCGGTCAAACAGCGGCTTTAATATCTGATTGTGGAACTCCATTGTTTTCTGATCCGGGACATTTTCTTGTTAGTCTTGCCATTCAAAATAAATTTGATATTATTCCCGTGCCCGGTGCAAGTTCATTACTTTCAGCGCTGGTTGGAAGCGGACTGGACTTTGAGAAGTTCTATTACTACGGCTGGCTTTCTCCCAAAAAAGAAATTCGTAAAAAACAATTATTTGATTTGAAGAGAATTAAAGAAACAATAATTATCCTTGATACTCCATATCGTTTGCAAACCCTTCTTGAAGATGTTGTAAAGATTCTTGGCGAAAAAGTTTATATAGTTCTGGCTTATGAATTAACCAAAGAAAAAGAAAAATTTTATCGCGGCACAGCTTTGCAGATTTTTAATATAGCACAAAAAGAAAATCTTAAAGGCGAGTTTGTGCTGATGTTAAAGAACGATAACAAAAAGTTTAACCGTACTTAATACATCAGCACAAATAAAAAAATAATTTTAATGAATACCTGACAATAAGTTTTTTATCTGAGTTTTTGTTCAATTTCAAAAACTGGTTTAATGTCAACTGGTAGTGATTCAAGTTTTTTTGTTAATGTTTCAATTGTTTTTGATTTCACCGCATACTTAGCAATCAGATCCTTTGCTGCTTGATAATTTCCTTCTGCCTGAATTGTTAGCACCAAATTACAAAGCTCTTTAAGTGCCGGATAAATTTTTTCAAAATCAACTTTTACTTTTTGGGTTGCCTCATCATAAACATAAGCACCTTTTTCAAGCAGAAAATTATAAATGATTGCATTGCCACCACCATGAGCTTCTCCAATTCCAAATCTCATACTACGAAAAGCTCCTGCAAGAAAAGTTACCCAAACCTGTTTTTCCATTTCTTTTGGATAAACACCTTTTTCAATCATAAAAATGTTGTTGTACATTCCAAGAATATCCGCCTTACATTCTTCCATTGTTGAATAAGTTTCTTTCAACTCTTTCTTTACTTCTGTTTTTTTTCCATTCACTGTGATAAATCCCGGACCAACACCGTGAGACATTTCGTGCATAAGTGTGTGGTTGAAGAAAGCATCGAATGTAACAAATGGCAGAAGTTCAGGTTCAAGTACAAGTTCTGCAATTGGCTTCAACAGTTTTTCAAATTTTGCTTCGTGAACATTTTTTAACATTACTTTCTTTGAGCCCTTTGCTTTGCGTACTCTTTCATCATTCGGAAGATTGAATGCAAGCGTTTGAACTCCGGCTTTTGTATCGCCGGCAGTAAATACTTCATTAACTACCACAATCGGTGATTCACTTCCGCGCTGATAGTTTTTATGTTTTTCATCAAGCGGAAGATTTTTTTCAATATCATTCAGATATTTTGCAAACACTTCAAGCTTTTTTGTTTCAACAGGATCTTTAATTGTAACAAAACTTTCAAACGAAGCCTTATAATTGAACAAACCATCTTCATAAACTTCGTAGGGACCAATAACTACTTCGATGTTATGATCTTTCAAATCCATCCAATCCATATCACTTTGATAATAATCATTTGATAGAAAAGCATCTGCGCGGGAGAGCAAATATTTTTTCAAAGAAGGATTATCGGCATACTCAGCTGCCTCTTTAAGAAGGTTAGAAATTTTAGTTAAATATTCCTTGTAATACTCACTATAGGGGATTGCAACAAGTTTTCCATCTTTTCTTCGTATAACAGTAAATTCTGATGTAAAAGATTTCTCATCTGCCGGATTTTGCTTAATCCAATTTTCAAATTCTTCCTTGGTCATATCTTCAGGATAAAAATTCGCTCCGAGAGGTTTCTTCTCAGTACCCATAAATGGCTCGTCATCTTCAAGTCTGTCAAAAGGACCAAACATTATGTTGAAGAGTTCTAGTTGAAGATTAAGTTTAGCTTTCTGCTCCGGATCATTTACAACTGTTTTGTCTGAAAGCTTTGCAAGCAACTCAGCTTTAATCTGATGATTTTTTGAATAGACCTGGTCAAGATAAATTGAATCAATCAGTTTTGATGCCCGATAAAGTTTTTCTAATACAACTTTTTCTCTTTCACTTAAAAGATTTTCATCGTATTGAATTTCTACCGGAATAAACTTTGAAATTTTTTGTTTAAGTAGTTCCACCTGACTTTCCTCTTTAATTTGATTTTGTTTTTCACCACAAGATAAAATCACTAATGATGATAAAAGAACAAGCAACTTTTTCATAAAACACCTTTTTATTATTCGTTTGGAAGTTTAAACCTTACTCGCAAAACACCGTTTTCAAAACTTGTAGATATTATCTGAAATTTTCCAATCTCTTTGGTTGATTTTACATGAACACCGCTGCAAGGACAAGCATCATAATCACCAATTTTAATAATACGAATTGTATCTCCGGCTTCTTCAGGTAATCTTGATAATTGAAAA
NZ_AP026678.1_gap67	2340474	2344231	3757	GATAGGTACAATTGATAACTCTACCGGAAGCGAAAAAATTAATTTACCATCTGAAGGAATAAAATCTTTAACCGGTTCTATTATTGATTTATACAATTCATTAGCAGCTTTTGCATTAAATGAAAATAAATCCTGATTGTAATACGCTTCGTTCAAATTGAATTGATTATCATAAGCAGGACTTATCTCTTTTACAAGATTCAAAATTTCATTTTTCTTACTGGAAAGCTTAACCGGAGTAAAACCATTTTTCTTAATAACAAATGCGAAACAAAATTCGTCATTGAAATAATATGAAACTAAAGTTTCATTATCAGGAATTTTATTCAAATCAGAACCAAGATTAAAATGCTCTGTTTGATTATCGGGATTAAAATTATACTTTGTAAACATCTGTTTCTTAATTGAATTAAAAATACTTTCAAGCGAATCTTTTTCAGCTTGAAGGTAGATTCCGGAATTTATCTTCCAATTTATGTCATAATAATTTCTGACTAAATTTTCATCACTTACAATATTCTGTAACTTCAATTCGTTAAGATTTCTGAAAGTATTTCTGGCTCTGAACTTTTCAATCAAATTAAAAGCATCAGAAAATCTGGATTGACTGAGATATAAATCCGTTAATTTCACATAAGAATCTTTTAATCCTGCAAAGCGATATACATCGATCTGAGAGTTAAGCAAAGTTGATGAAGAAGATTTTTCTATCAGTTCAATAGCTTCCGTATACATTTTTTCCGCTTCTGAAATTTTATTTTCACTTTCGAAATAAAGTGCCTGATAATATTTTGATTCAATCGAAGTGTTAAAATCATTCACCGAAAGAGCTGTTTTATCAGCTTTGACCAGGTAGTTTTTTGCGGTTGAGAAATTTTTCTGATGAATTTTTGAAATTCCAAGATAAAGATTCTGCAATGCAAGAAGCTGGGTAAAATTATTATCGGCAGAGGTTTTCATTACTTTATTCAGAATAACTTCTGCATCGCGAAATTTTTTTTGCCTGATATAATTATCAGCAAGATAAGTCAGAATTAAAGATTTGTAATAGACATCGGAAACACTTTCAGCAATTGAAAGAGCATTTTTGAACTGTTGTTCAGCGATTGCGAAACTATCAAGGTCTGTTAATGCAAGTGCTTTTTTGAAAAGTAAATCTTCAACCAGATAAGGATCATCATCTTCTGCAATTTCATCTTCAACTTTTCTAAAAACCGAAAGAGCTTTGTTGGGTTTGTTGAGATTATAATAAAGTGTTCCGATACTGATTTCGGAAAGAGCTTTCTGATCTACATTTTTAATTTTATCAGAGAGTTCCTTCGCTTTGTTATAATATTCAAGGGCTTTTGAATAATCAGAAAGATTCGAATACACATCACCAAGTCCGCGAAAATTTAATATTCGAGACACAGCATTTTCACCAGCTAATTTTAATCCTTCCTCAAAACTTTTTATCGCCGCAGAAAAATTTGCTGTCTGAATGTAAAGCGAACCAATATTAGCGGAAAGATTTGCAAGTCTCTCTGTGTTTTTCAATATGCTGAAAAGTTCAAAACTTCTTTCATAATTTTTTCTCGCCTCAACAATTTCTCCGGAGTATGTGTAAGAAACACCTGTTTCGGAATAAGCAATTGCCTGCAATTCAATATCTTCAATGTCGTTAGCTAATTGAAGTGCCAATTTTAACTTTTCTTGTGCACTTTCAACATTTCCATTGTAATCATCCAATATTGCAAGGTTGATAAGAGCTTTAGCTTCTTCTTTTTGATTTTTATTCTCAACTGCGATATTATATCCTGCTTTGTAAAGTTTACTCGCTTCTTCATTTTTTCCTGAAAGCAGAAACAACGAACCTTTTGAAATTATTAATCTGCAATATTCTGGTTTGTCTTTCGGATAATTGTTCATTAGGGAATCAATTATTACCAAAGCTTTCTGGTAATCTCCGATTGCTCTGTAAGAGTGTGAGAGAAGAAAAAGTGGTTCTATATCATTTATCTCTTTAAGTAATTCAATTGCATCTGAATAATTTCCATTATGATAAGCAAAAAGTGCATTCAAGTATTTTTTATAATTGTTTTCATTTGTGTTCTGTAATTTCTTCTTTATATAATCTGACTTGTTAATGATTTGAGCAAGAAAAACCAATTCATCATAGTATCTGTAATCATCAGGAAGTTCGGTAAGATATTTTTCGAGCAGCTTGAAAGCTTCTTCAAATTTTTGTTTTCTTTTTAAGAGCAGAGCGTTTGCAAAATCTTTTTCAAAAGAATCTTGTAACAGAGAAATTGATTTTTGAATTTCATTCGCATCAATTTTTTGTGATGTTAAAGAGAAGTATAATGTTTGAAAATCTTTTGAGTATAAAATGGAATTTTGGTTAGACTTATTCTCATTCGAACTAAATCCGATTGTAAAAACCAAAAGAATCGGAACCACAACAATCAACGCCAATGAAATCTTTGTAGCGAGCTTCATCATCATAATTAAATTTCTCTTCATCATTAAAATGATTTAAGGAGTTCTTCCGCATTTTTGTAATAACTTCCTTTTTCATCAACAACTATTTGTAAATGCTGCTTTGCAGAATTCCTATCGTTAATCAGTAAGTAAGCTTTCCCGATATAAAAGTGAGCATCGAGTTTTAAATTCTGAAATCTGTCGTTTTGATTCAGCTCAATTGATTTTTCAAAATGGCTTATAGCTTTAAGAACATCTTCTCTCTCAAACGACTTGAACAAACCAAGAAAATCCTTTTCAGCTTTGTTTACATAAGCCAATGCAAGTACAAAGTGAGTATAAAAAACAGATTCCTGATTTGGGTTTTCTTTAAGGTCATCATTAAGAAATTTGATTGCATTATCAAAATCTTTTTTATCAAGTGCATCAAGTCCTCGCTGGAAAAGCTCTGTAGTTCTTCCACGAGTGTTATAAAAATCTCTATCCTGAGCAAAAGGGGTCTTTATGTAATCCGGGGTAGTTAAATCAGAGTAAACGAAAAGTCCAAAATAAATAATCACAACAGCAGCAATAGAAGTTATGGCATACTTAAGTGAGTTAAACTTCTCTCTTAAAATAATTTGTGTAACAGGAGTATATGATTTCTTTGCTTCTGGAGAAATACTTTTACTTACGAAGTGATTAACATCTTCATATTGTGAGTTTAGCTCTTTAAAGTCATTCTGACACTGTTCACACTTTCGTAAATGATCTTCAATCTTTACCAAAAGAAATGGTAACACTTTATTGTATTCCGGCAGACCATTTTTGTACAGAACATATTCGCCAATAAGTTCTTCATCCAAATGTTCATTACGATGAAGAGAATTTTTAATTGCAGTATAAGTGTCAATTATTTTCTTTGCTTCAGGATCAGAAGCAGAAATTTCTTTAAGCCATTTCTTTTCAGAATCGCTTAAATCCTTCTTTTCAAGCAAATCAATTATTTTTTCTATTTCAATCATTATCAATTAACCTTCTTTTACTCGTTAAACATTAGTAATGTTAAACAATAAATAGTGACATTATCTTAGTTTATTTTTTATTTCTTCAATCGAGCGGTAAAACATCTTTTTAACAGCAGCTTCATTTTTATTCAGCTTCTCGGCTATTTCATTAAACTGCATATCGCCCCAAAATCTAAGTTTAATTATTTCCTGTTTTTCATCACTAAGTGTGTCAATTTCTTTCAGAATGGCATTAATATCATGTTGCTGATCAGTTCCGATATATGAATCATCAGCAGCTATGGATTCTT
NZ_AP026678.1_gap68	2349235	2349999	764	GTAACCTGTCATAAATGCTATATGGACTTTACCATTACTATCTGTCCGAATAATTGGTGAGAACATTTGTCCACCTTGCGGACCAATTGGTAAAGTAGATTGCCATTGCCCGGAAGAGTTATTTGTGTAGTAAAGAGTCATATTCGGATTATATGGTCCGTAAGGAGATATAACATATGCGATGTGTGCATTACCCTGATCATCAACATCCAAATCAGCACCTATTACAAATAAATCGCCTTGCGAACTATTAATAACTTCTTGCTGCCAGGAACCTGATTTGTTTGTAATGTAAGTAACCAACACCGGATAATCATTAAAGGTTAGTATATGAATGAAACCGTTTTTATCTACTCTTATTTTAGGAGTTGTTCCGGCATTTTCTATTCCGAGACCATTTGTTTGGACATCCCTGATTTGAAATAACTGGTTAATTGAATTATTACTTAAAATATAGTCCGGTTGATCAGATGTTAATGATCCACGATTACTTGCATTACCTGTTAATATAGCTTTGCCTGTAATTGTGATTTCAACACTACTATCCGGAGGAAGGTTAAAAGTTCCCCAAAATATTACATTATCGCTGTTCCATCCGATTGCACCTGCGTTGGAAGAAACAGAGATAATTTCAATCTTGTTTGACAACGAATCGATGAACTGAACATTTGTAGCAGTCTGTGGTCCCAAATTGCTTAGCAGCATTGTTAAAGTGAAAACAGAATTAAGTTGAATTGATTTTGAGTTAAAATAAGAGGTAACTG
NZ_AP026678.1_gap69	2370668	2372704	2036	AAACTGTAGACCACAAGCTGATTCGGCTGAATTTAATCAAACCATTTATGAACAACTGAACTCAAAAGCTAATTCACTGCTCGATGAGTTGGAATCTCTAAGTGTTTATAATGCAACCGAATTGGAAAAATTAAGATATCGTTATCTCTATAAACAACTTCTTGCATGCAAAACAAAAATCTTTATGCTCAATGGCGTTACTCTCTCATTTGATGAAGAAGCAAAAGCACTTTACGATGCAGAAGTTCCAATCCACAATGAAGACTTTTTCAGAGAATCAATTACAGAACTCGATAAACTGCTTCCGGGGAAAGGGACTATTTCTGAAAGACTTCAGAAATTCAAAGAACGATTTAAAATTCCTGAGGAAAGATTAAAATCCGTATTTGATGCTGCAATTAATGAGTGCAGAAAAAGAACATTAAAAAATATTCAGCTTCCACCGACGGAAAGTTTCACCGTTGAATATGTTAAAAACAAACCTTGGGGAGCTTATAACTGGTACAAAGGAAATTTCTATAGTGTTATTCAGGTTAATACAGATTTACCAATTTATATTGACCGGGCAATTGATCTTGCTGCTCACGAAGGTTATCCGGGTCATCATGTTTATAATGCTTTACTTGAGTGGAACTTATATCGAAAAAAAGAATGGCTTGAGTTTTCTGTTTATGTTTTATTCTCACCACAATCACTTATTGCTGAAGGAACTGCAAACTACGGAATTGAAGTAGCTTTTCCCGGAAATGAAAGAATAAAATTCGAAAAAGAAGTTCTTTTCCCTTTAGCCGGATTAGACTCAAGCGAAGCAGAACTTTATAATAAAGTTTTAGAACAGTTAGATAATCTTTCATATGCTGGTAACGAAGCTGCAAGAAATTTTCTTGACGGAAAATGGAATGAACAGCAGACAATTGAATGGTTGATGAAGTACAACCTTCGCTCTAAAGAAAGCGCAGCAAAGTATCTTGATTTTATAAAACAATATCGTTCTTATGTAATTAATTATAATGTGGGACTGGATATCGTAAAAAAATATATTGAAAGAAACGGAGGAACATCAGATAATTCTTCAAGAAGATGGGAACTGTTTAAAAATTTATTATCTACACCACAAACTCCGGGTGGACTGAGGCAATAAAACTATGGCACACAAAATTTATTCCGATAATACTACCAAATTTTTTATAACTGTAATTGGACTGATTACCATTGGAATCGTGCTTAAAGAATTAAGCCACATTTTTATTCCATTGGTAATTGCAATTTTCCTTTTCTTTGTTTTTGCACCTTTAAATAATTTTCTGATGAATAAAAGAGTTCCGGGATTTATTATTACCATTCTTGATTTGGTTATAACAGGAATTATTCTTTACGGCGCGGGAAGAGTTGTGGTTGACTCGCTACTTCAGTTTGCAGATGGTTTGCCTGCTTACGGAAATAAACTAAATAACATTGTGCAAGATTTTGCAAAAGAATTAAATATCCGCGATCCGTTTTTCATAAAGTTTGATCTTGAAAGAATAATTCAGCAACTTGATTATAAAGGATTGGCTGGTGGGATTTTCAGCTCAACGATTAATCTTGTCGGAAGCGTTTTGTTTGTGCTGTTCTTTTTTGTTTTTGTGTTGTCCGGTGAAAAGACTGTGTATGAAGCAATAAAGAACTATTATGTTTACAGAAAAGTAAAACCACAGGTTAAGAAAATTAAAAGATCACTTAAAGTCTCTGTTGATGATAAAACTAGAGACACTGAGTTGGATTTACTGAACGAAAAACTTCAAAGAGAAAAACAACTTGCCGAAACTTTTAACACAATTACAAACCAGATACAACGATATATTATTGCAAAGTTTGGAATAAATCTGCTTGCAGGCATTGTAACCTCAGTTGCGCTTTCAATTGCCGGACTTGATTTTCCTGTTGTGTGGGGGTTGTTTGTATTTCTTTTCAATTTTATTCCGACTATTGGTTCTGCTGCAGCACTTGTACTTCCCGTGCTGTTTGCATTAGTTCAGTTTGATTCGACAAGCTCT
NZ_AP026678.1_gap70	2385313	2386983	1670	AAGGTAGGCATTCAGTCATACATACATTCTTTTTCTACACTTTTTCTTTCTGATGTGTTAGTGAGAATTCTCTTCCAGCGTGAAGTGCCTGAATATTCAGCTCAACTATTTTCTCCCCTTTTCTTCCGAAGATTTTTTTTATTGCTTCTTCAAAATTTTCAAAAGGAATTTCTAAAAAAGGTGAAGCTGCTCCAAGCATAACAATATTTGATGAACGCGGTGATTTAACCTGCCGAGCTATTTCATCTGCATTAATTAATATATGATTTGGAAATTTTTCTATCTCTGAATGTAATACTTTCAAATCGGGATAATCGGGAATATTAATAAACGGAGTTGAATTAGTTACAAGCCATCCATCTTCTTTAAGCCAGGGTAAATATCTGAGAGATTCCATCGGTTCAACAGAAATAATAATGTCTGCCCGACCAAGCGGAATAAGATCACTTGCAATTTCTTTATCAGAAATTCTTAGGTGTGAGTAAACTGCTCCTCCGCGCTGACTCATTCCGTGAACTTCTGATTGTTTGATAAAAAGATTGTTATCCAATGCTGCTTGCGCAATTGTTGCAGCAATTGATACTATTCCCTGTCCACCAACACCTGATAAAATTATATCTGCTTTCATTGTGCAACCTCTTCAGTTTTAACTTTCTGTTCTTTTTTACTTCTCGTTGCTGTTTGAATACATTCTCGCCTTGGAATAATTACAGAAACACCCTCATATAAAAGTTCTTCGCGGATTACTTTAACCATTTCTTCATGAAATTTTGGTAGTGGAGTTAGCACACGCACATGCTCAGGTTTAACCCCAAGTCCGATACAAATTTCTTCAAGTCTTCCTGTTGCCGGAGAAGTCTGTCCACCGGTCATTGCCGTTGTTGCATTATCAGCAATTATAATTGTAACCGGAGTGTTTTCATAAACACAATCAAGCAAAGCAGTCATTCCGCTGTGAGTAAAAGTTGAATCACCGATTACAGCCACAGAAGGACGAACGCCGGCATCAGCAGCACCTTTTGCCATTGTAATTGAAGCTCCCATATCAACACAAGAATTGATTGCATTCCAGGGTGGAAGTGCACCAAGTGTATAACAACCGATGTCAGAAAAGACTTTTTGTTTACCAAATTCTTTCATCGTTTCATTAAGTGCATTGTAAATATCTCTGTGTGCACAACCCGAGCAAAGTTCCGGCGGACGATTTTTTATTATTTCCGGAATTTTGAAAAACTGTTTTACTTCTTTTCCCAATGCTTTTCCAACGATATCAGGATTTAATTCGCCATCTCTTGGAATTGCGCCGCTTAGTCTGCCTGTAATCTTGCCGCTTTTATCAAAGTAACCTTTAATCTGTTCTTCAACAAATGGATATCCATCTTCAAGCACCAATATTTTCTCACACTCATTCACAATTTTATCAAGCAAAGAATAAGGCATAGGATACTGCCCGATCTTTAAAATTGGAAACGGACAATTATTCTCTGGATAATTTTCCATCAGATAATTAAAAGCGATTCCGCAGGCAATAATTCCGAGTGATTTATCGTTACCATCAATGAATTTATTATACTTTGAATTTTCCGCAGCTTCTTCTATGGCAGATTGAATTCCCAATAAACCCTTGTATCTCTTTCGTGCATTCGATGGAAGAAGAACAAACTGAATCG
NZ_AP026678.1_gap71	2389060	2392503	3443	CTACAAATACTAATAATGTTTTTGATGTTGATGGAATTATTTATAAAAGTGCTAATCAGATTATAAAAACAAATCCCAGACAGATTGAAAGAAATCTTGATGTATTCCCGATGGCTGCCTGGGATTTACTAAACATTGATGATTATAAAAAAATTTGGAGTGAAGGAAGAAAAGAATTTACTCTAAACATTGCAACAACAAGAGGTTGTCCTTTCAAATGTAATTGGTGTGCAAAACCAATTTATGGAAACAGATACAATTCCCGTTCTCCACAAAATGTGGTTGATGAAATTGAATTCCTTCAGAGAAAATTTGGTGTAAAATACTTTTGGTTTTGTGATGATATTTTTGGCCTAAAACCAGGTTGGGTTCAGGAGTTCAGAGATTTGGTTAAGCAAAGAAATTTGAGTTTCAGATACAAAATTCAATCGCGTGTTGATTTACTTTTGAAAGAAGATACAATTGATGCATTAGCAGAATCCGGTGCTGATATTGTTTGGGTGGGAGCTGAATCCGGTTCACAAAAAATTCTTGATGCAATGGATAAGGGAACAACTGTTGACGAAATTTATAAAGCAACCAAACTTCTTAAATCAAAAAATATTAAAGTTGCTTTCTTTCTTCAGTTCGGTTATCTGAATGAAACAAAAGAAGATATAAAGAAAACAATCAAAATGGTTTTAGAACTTATGCCAGACGAGATAGGAATTTCCGTGTCTTATCCGTTACCCGGAACAAAATTTTATGAAATTGTAAAAGAACAAATGAAAGAAAAAACAAACTGGACAGATTCGGATGATCTTTCTTTGATGTTCAGAAATACTTATCATCCTGCATACTACAAAAAACTTCATCGTTATGTCCATAAGGTTTACAAGAAAAAAGTAAGCATAGAAGCAATTAAGAAAATTATTACTCAACCCATTCAGCTTAATAAGAATTATCTCCGCTCGGCTCTAATGTCATTTTATTATTTCCCTGCTGAACTGATTGACAGAATATCACTAAAAAAACTTGAGACGCTCAGCTGAAATATGATTAATGATTCTCAGAATTTTGATAAAGTTAATCTTGCGTTTTCGATGCAATCAATTATTTATGATGAATACGAAAAATCAAATCCAATTCTCTTGTGGATGCGCCAGCAGGTTTATGATGTGGTTTTAAGTCATCTAAAAAAAGGCGATAAAATTCTTGAACTGAACAGTGGAACAGGAACCGATGCAATCTTCTTTGCAAAGCAAGGTTATGATGTTACCTGCACAGATTTATCCGATGGAATGATTGAAAAGATTTCAATCAAAGTAAAAAAAGAAAATCTTGCAGAGCAAGTAAAAATTTTTAAGTGCTCATTTACAGAACTTGATAAACTTATTCCGAATAAATTTGATTTGATATTCTCAAACTTTGGCGGATTAAATTGCATTAATGATTTAAGATTAGTAACCCGTTTCTTTCCAACTTTATTAAATGACGGCGGAAAAGTTATTCTTGTAATTATGCCTCCTGTTTGTCTTTGGGAATTAGCAACAGCATTTAAAGGAAAATTAAAATTTGCTTTAAGAAGATTTCGTAAAAATGGCGCATCTGCAAATGTTGAAGGAATTGAAATCAGGACATTTTACTTTTCAGCAGAAAAAATTAAAGAAGCGCTAGGAAAACAGTTTAGGGTAATTCAATTGAAAGGTTTAGGAGTGTTCACGCCTATTCCACAAATGGAAAATTTTATTATCAAACATCCTCGCTTGATGAAGATTCTTAAAAAGTCAGACCAAATTTTAAGCAAACATTTTCCATTTAATTTAATCGGCGATCACTTAATTTTGGTTGCTCAATTTAATCCCAAAACAAAATGAAAGTGTATGAATGAACTTATCTGAAGTACTGCAACTACCGAAATCAGACGGGGTATATCTTTTTGAAAAAGAAAAAAATCCATTCGAAGAAAATTATCTGAAAATAAGAAGAAAAGAGAAGCGTTTATACAGTGATGATGAAGTTAAACTACTTCCGTTTGCATCTTCACTTAATCCTCATAAAAAAGAATGGGATAATCGCGCAAAATCATTTATCAGATTCAAAGAATATCTGAAAAACTTTAATAAACAAATTGATATACTTGATCTTGGTTGTGGAAATTGTTGGTTTGCCGGTGAGTTGGCAAAGTCATTCCCACATAATTTTTATTGCGCTGATATAAACTTATATGAATTAAAACAAGGAGCAAGATTATTCAAAAACGAAAACATCAAATTTGTTTACGGTGATATTTTCAAAATGGAGTTGGCGAAAAATTCTTTTGACTTAATTGTGCTGAATTCATCAATCCAATATTTCGAAAACATTACCTCATTACTTAAGGAATTGATTTTTACTCTCAAACTTGATGGCGAAATACACATAATTGATTCGCCATTTTATGAGATTGAAGAAGTTCAACTTGCAAAACAAAGAACCGAAGAATATTACAGAAAACTTGGCTTTCCCGAAATGAGTAAATTTTATTTTCATCATACATATAAAAACTTACTCGATTTCAATCACCAGATTTTATTCGATCCGCGCACTTTGAAAAACAAACTCCTGGCTTTTGCATTTAAATCCGACTCACCCTTCCCCTGGATAAAAATTAAAAGATGAAAAAAGTAAAACACATACTGATTCTGACTCCCGGTTTCCCAACTGATGAAAACGATTCGGTGTGTGTTCCGCCGTTGCAGGATTTTTTATTGCACTTCAAAGAAAAATATCCTGAGGTTGAATTTACAATTATAGCATTCCAATATCCCTTTGATAAATCTTTTTACAAATGGCACGATATGTTTGTTTTAAGCTTGCGCGGAAAAAATCTGAAGCGTGAAAAAATTTTTGTTTGGGATGGCGCTTTAACAATGGCTAAATATTTAGCAGGACAAAATAAACTTGATGTCGTTCATTCGCTTTGGCTTGGCGAATGCGCTTTAATCGGAAACAGAATTGCTGCAAAGTATAATGTCAAGCATATCTGCACTCTGATGGGACAGGATGTTAGTCCCAAAAATGTTTATCTGAAAATCCTGAACCAGAGAAAGATGGAAATTGTCGCTCTATCGGAAAATCAATCGCAAGCTTTTAAATCACTTACAAAACGCGAAGTTGATAAAAAAATATTTTGGGGTATTCCAACTCAGAAATATGATTACAGTTCAATAAGAGAAATAGATTTAATCGGCGTAGGTTCTTTAATACCGCTTAAAAATTTTAAGCTGATGATTAAAACGATTAAAGTCCTCAAAAAAGATTTTCCGGAAATTAATTGCAAGCTTATTGGTGATGGAAATCAGGCAAATGAACTTAAGAAGTTATGTAAAGAAAATAATCTTGATAAGAATATTGAATTTCTCGGAAAGCAATCCAGAGATTCAGTCTTTGAATATATGCGAAGAAGCAAAATTCTATTTCAT
NZ_AP026678.1_gap72	2433180	2436472	3292	GAATGTGCAATTAGAGAAATTGAAGAAGAAAGCGGACTGAAAGTAAAATCTGTTAATATGAAAGGTTTCATTACCTTTCCTTTATTTGATGGTAAAGATGATTGGTATGTTTTTCTTTTTACCGCTGATGAATTTGAAGGAGATTTGATTGATTCGCCGGAAGGACATCTTGAGTGGATACCAAATGATAAACTTACAGAAATAAATCTTTGGGAAGGAGATAAAATTTTTATTCCGTGGTTATTTCAGGAAAAGTTCTTTAGTGCAAAGTTTAATTATGAAGATGGAAAGTTTGTTGGGTATGATGTTAATTTTTATTGAAAAATTGAGGTGCTTATGTTTATAGAAAATTTATTAACTAATACTTTAGGAACTATTTTAGGTGGTTTATTACTATCTATTATTTATTTTATTATCTATGAGAAGATTTTTCCTAAAAAGAATCTCACTGGTGAGTGGGAGGCTGCTTTGATAATTAAAAATACAAAATACAAACCCTACGAGGGCCTAACAGTATTTTACAAGATACATTTATTACATAAAGGAAATGAATTGAGTGGAACCGGAGAAAAGGTTAAAGAAAAACGAGATGATGGATATTTCCATGAATTTGAATTTGATAAAAGAGTCACATTGTCGCTATAACTTTTCACCCAATTTGGCAAAAATTATCACCCAATTTGGCAAAAAATTTTTTGGCTTTTTTAGATAATAATTTGACTTTATATCCCTATTGAGTCGGTTAAAATGTGTCATTTTGTCATACCGCTTGTTCGCTCTCTATAAGATAATCAATTGTCATTAGATCAATCACAGACAGACCTATTTTATCCAGGTCGGAAAGGGCCAGCTTGGGACTGTCAAAGTTGATCTCTACATCCAAAAGTTTGGAAATTTCTTGTTGGAATTCTTCTAAATTATTTTCCTTTACTTGGATTTGTCCATCTTCTCTTTTTTCCCCATATTTTTCCAATAATTTAATTCTCAGCGACTCAAAAGTCTCTAATTCTTTCTGGACCTTTGGAATAAATTTAGCTAGCATATATGCCTGCTTAATAGGTAGTTTATCGCTGTTTGAAATCTTATTCAATACACTAATAGAATTTACTATTTGTAACAATTTTATACCCATTTAATTATCCTTTCTTGATGAAATTTTTGTCATTTCAAACTTACTTAATTTATTTTAATATTAATATATTATTATCTTTTAATTTAAAGCACTCCATACTGGTGTACTCTGAGTTAAATGAAGTACACATATATACTTTACCATCGCTTGAATTTAAATACATATCAGAAAGTTTAATTCCATATAGTGGTGAAGTTGAATATCTACCTGAAAAATCTAACAACAGGATAATTAGCAACTTTTATATCATATGCATTAATTTCAAATGCGTTTCTTTCTAAATGATAAATAATTCATATCCGAATTATATCATACATTCAATCCTTCTTCATTTATACTTGTGTTTTGTTCCTTCATATCCGTAGAACTTTAAATCACTATACTTCAAAATCTAATGCTCTTTTATGAACACCTCCTATTAAAAATCCGGCTCTAAATTCAATATATACAGCATAAATATCAGGAATATTACCAGGCACAATCAGCTCAATAGCATTTGCTTCCAGTTTTTATCAATAACAGAAGCGCTTGCATATCCAACTCCAGGAACATTAGATTCCAAAAATTGAAAAGTATGAATAATTTCTCTTTTGATAACCGCTCCCCACGATGACATTAAAATAAATTACATTAACAGTTCCGTTTAAATTGTGGTATGTTCCTGCTTCGTATTTAATACCTCTCAATTTGAATTCAATTTTAATTTTTCTATTTAAAACCCTATCTGTATCACTAAACAGTCCCTGTATTGTACCATAAGTTAATTCATCAATATCAGTTGCTCGTTGCTCCTGCATCTGTGTTAACGTAATGATATAATGTATTTAATGCTTTACTCATATAGAATAACTGATGTTGATGTTTGTGTATGTAATGTTTGACCGTAATACCCACCACTGTATCACCACTATTGTATACCAGAACTATCCATTAGTATATATGTAGTTATATCAGAATAACTATTAGTAGGGCAGTATATGTAAAGCTACCTATTTTAATCTTATCAGTATCAACTACAAGCCCTTTCATACTTGCAGAGCTTCAAGACTTACAATCCGTTGATACAATTTTGTAGTATCAAAATTCCATCCCTAATCTTATTTGTTGAACCAAGTTGAAATACTATATTTGCGTTAGTGTCGGTACCCTCAAGTCCAAACCAGTTACCCGAAGTTTGATAGCCAAGTTTAACATAGCGCTGCCAGTTAGAACCATAAGCAATAACAACTGATGCTGCAGAAGTTGCACTTATAGTAAGTCCATAAGCAGGACTTGATGTAGGTGTTCCGCTTGTTAATTTATAAATATGGTCGGGAATAAAATTCCAACTTGCAATTTTATTTGTTGAACCTAATTGAAATACTAAATTATCACTTACATCTCTTCCTTCAAGACCCCAAGAGCCTGAATTTGTATAAAACATTTTAACTTTATTGGAATTAACTCCAACCGAATTAGTGCTTGCATTCAATTCAATATTGGTGGATTTATAAAATTTACTTGCGTCGAAATTCCAGCCTGCTATTTGTGTCTGACCATTGCTTAATTCAAATAAGTTTGAACTGCCTTGTCTAAATGAAAGACCATAATAACCTGTATAATTACCTGCACCATCTTTAATATTTCCAAATGAAATAAAAAACGGCGTATCAATTACACTTAAATCATAATTCAAATAAGCGCCTATAGCCAAAGCACCACTATCAGCAACTAATTCAAAATTTGTTTCATAACCATTACCATCTTGTACTGTTGGACTTACTAATTTTGAGGAATCTATTGTCCAACCAGCAATCCATCCACCTTGTTCAGCGTATATTTTGCCTCTTAAATAGGCATTTGACTTTGCGTATAAACCATATCCTGATAATGCACCAAAAAAAGTGTCTGTTATTCCGGTAAGCTTACCAATTCTAACTTTTATTTTGTTAGCACTACTCCAGGCGCTCCAGCTGTTTACTCCGTCAGCTATATCAATATATGGAGCATTGGAATCATCACTTGTTAAATATACACTTCCCTGCCTTGAAGTGTTGGAAGTGTTTCCTATTCTTACACATAAGTCATTTTTATCAATTGTACCATTTCGATAAATTACACTTGCAGTAACAGTTGTGCCAGTTACATTTGTTACTTGACAAACTATTTGCTTAACCATAG
NZ_AP026678.1_gap73	2445689	2449699	4010	CAAAGGGACTTGTTGAATGCTTGCTGGGGGCAAATAAATCTCTTTTAGCATACATATTTATTACTGCATCATAAATTATCCAGAATAAAACCGATATTAAAAAAAATATTTTAACAGAAAGTATGCTTAATCCGGAAACCACTCCCACCGAGAAACCAAACAATAGAGCAAAAACTCTCTCAAAGAATTGCAGCCAGTGCCAGATGCGATTAAGTTTTTCCTGTTCAGTGTAAGTAATCGCAAGATAACGCTCCTTCCATTCTATCCCCTCGGCAAATGCAGCAAATAGTATAAATAATAGTCCGCTTGCTATTTGTATTATTAAATCCATAATCATCACTCTTTACTTAGAAACAATGCTTTTTCACAAGCCCGCCTTTTAATTAATCCGGGCAAATCTTTTAATCCACCCGGTTGTCTTGCTTTGGTCCACTTCATGAATTCTTCTCCGGCTTCAAGTAATTTGCCTGCATTTAATAACTTCAATAGAGTACTTCTTTGAAAATTTCTTCTGCCAACGTTAAAGACAAAACTTACAAGAGCATCAAACTGGTTTTGTGTTAACTCAATATCCACAAGCGCCCGGACCGCACTCTCTGCATCCATTATATCTGTTTTCAAAAGCAAATCAGCCATATCCTTGTTTATCACCATACCAGGTTTTACCGTTTTTGTATGCCCGTATCCAATTGTCAATATACCGGCGGGGTCTTTATAAGCTTCAAGCTTTAACCCCTCATATTTCTTAATCAGGTCTAATCCTTTTTTACTTATTGTTTTTGTACTGTTTGGTCTTATCATATCCCCACCTGATAAAACTCAACCGGCACAACGAATGTAGCTGCATAAGACCAAACCCCGGCTTCTTCGCCCAACCATTCATCCTGGCTGCAGTAAATCATTCTGTCAGTTCGTTTTGCATCCGTTTTATAACCGCTCAGTTTGGTGATAGCATAATCAAGATATTCCTCCGGTGTAAATTCACTACGGTAACGTGCTGTAACAATAAGCATTATTTCCAAATCTCTATCCTGGGCAATAATGTTTTTTACATCTTTCTGTTTGAAGAAGCTTCCCTTGTAAGCAACAAGATATGACCCTATCGGATGACTCAACTTATATTCATCAATAGATACCGGTATTTCAACAGGTATTTGTAAATGTCCCGGCAATTCCGATGTTGCCAGGGTAAGTAATGTTTTAATCAGCTCTTTTGTTTCTTTAATCATAATTTGTCAAGCTCTTCTCTGCTGAATAATCTGTCGCTATCTGTCTTATTTATTTTTATAAAACCCGCGGTACTCTTTTTAGGAAGCGTAAGCTGGATTTCGCCACGTGATATTTTTGATAATTTATCAATCGCCGTCTCATAAATTTTAGTTATTGATTCGGGCATATCCAGTCTGTAGCGTCTTTTATATAAATTATAAATAGTAATGTCGACAATGATTTGAGTTAACATATCCGGAAGAGGAAACGGGAATTGCAGTGTATCATAAATATCTCTCAGATAATTATCAAACTCATTGCTTGCAACATTGATTGCTTCGTCTAGGACAGTTGGATTAACAGAACCGTTGTTACTATCATCGGTCAGTCTGGTAAGTTCTTCTCTCGATATATACCGTTCAAGTATTTCCTGATTTATATAAGCCATTGCCTTTTGTTAAGGATTGTTAAATTCTTCCATAAATCGCTTATAAGCCACGATCTCGGGCTTAGCCATATTATGGGTCGTCTTTAAAAAGTTTTGAGTTTTTAAATGGGGTTTAAATGGTTTTTAAACGCTTTTAAGATTACCATCTAACCCGTTTTTTCGCCCATCCAAGAAAAATTATCATTTTTAGCTGTTTTTGTAGGGGAAGGGCTTGCCCTTCCCTCCATTCGGCTTGCCCTTCCCGGCTACAGAAATTATACTCCAATCCGAACAGTTTAGCCGTAATTCTAATCACGCCACGTAATATGCATTGCTTCTAATTTATCACCAAGTATCGGACTGCCATAGTTTTCAAACTTCATTTTAATTGAAGGATAAACTTCTAATCCGTTTGGACATTGTATTTTTAATGGTAGCTTTCGTTTATCTTCTGAAATTTGTAATGCCTCTAAAATGAAGTCATTCAAACTTTTATCTTTGGAAGAAGAATTACGGCTAACAACGTATTGCCGAACATTGCCAGCTTCATCTGTTATTTGAATTTTGTATTCCATTTCAACTTTTTATTTTAAATTAAACATTTGTGCTTCTAAATTGACAACGTCAGCAATACGCAAAACGTTTACGGTAACCTGATACCCTCTAATCTTGCAACGCTCAAATCATTCAACAATACTAAGTCGGCATCAAATTCAACACTATGAACATAATGTACACCAACTAATCCCAAATCTTTGACTTCTACACCAACATTAGTTGCGATACTCAAATCGGCACCCTCGCCGAATCTCACAGCATATATTGAAGTACAATCAGTGCTGGTTCCAACTGTTTCGTTTTGTGGTATCACTAATGCTCCGTTTTTATCATAACCTGCATCTCTGATCGGGATACCATTATAATATGGGAGTAGAACACCGAACGAATTAACCTGCCACTGAATAAATTCACGGGCAATTGTTGTTAACCGGCTTAATGTAAACGCATTCATAAATAATACTTGAGCACCGCCGTCAATTTTCTGGATAAGTTGATTAAGCAACTCAAGGAACTTCTGTTGTGCGGTTTTTGATGTAGTATCATTACCAAGAGGCACGCTATGTCCATTTGTAGCTGCGGTTATTTTTTGCCCGGATGGCACGATTGCTTTCAACCCGTTAAATTGAGTGCCCGATAATGTTCCGTTAAAGAAATAATACTGGAATTGTTTCCCAAGATTTCCGGCAAAATTCATCAGCTCTCTGGCTCTTACACTTGCTAAATCCAATCCTCTTCTTTCGTGAGCTCTGTCAACCTGTACCTTGTCGCCAAGGATTTTGAGTGTTGGATTAGCAAATGCCGGTGTGATGACATTTGCAGGATAATCCGCATCGAGCGCTCTGAATTGTCCTCCGCTTGCTGTTGCAGCTTTACGCGCATAATCTGCATTGCCGACAATCGGATAAAACTCAGCGAATTCAAGCACAGTTGCCCTGCTGATCATTTGGGCAACTACCTGCTGAGTGATTGTATCATTGGCTGAAATTTGTTGTAGTTTCATTGGTTCTCCTTTAATTTGGATTTGGTTTCTGTTATTTGTTTCCCATTTGTTTTCTTATTTCTTCGGCGACTATTTTGCTTACAGGTTCATTATCAGAGGCTTGACTGTTTTGATCTTTGTGTTCCTTAAAGTCAATAAGTTTAGGCATCTTTTCTATAAATTCTTTAATCACATCTGTAGATTGAGTTTTAACACCCTCGGAGAATTCAAATTCCGGTGTAAGCGATATGATTCTAAAAATTTTTGTAATTGGTTCTTTCATCTTCGGAAGCAGCCTGCCATCCGATATTGCTTTATCAAGATATTCTTCAAATTCTTTTTCTTCAGATTCCCTTTTTTGTTTATTCAATTCCGCTTCGAGTCTGTTTTTCTCAACAATAATTTCAGCATACTTACTCTGCAATTGTTCAAACTCTCTTTCTTTGGCTAACATATCAGATAACTGTTTCTGATAAATGTCGATTTGCTTTTGCAGTTCCTTAATTTTTTCATTGTCAGATTTCTGATCGCCTGCATCTTCCAGATCAGTAAACTGTTCTCCTTCTATAGTCGCTGACTGATCGTCGTCCTTAAATTCAACATCAGGCAACCCCTTGACCGCTGGGGGTTGGGCACCTAAAAAACCTATGTGCCTCAGCGTTCCATCCGGATAAAGACTTATTGACCGCTTTTTAAATAGTCCTTTATTAACCATTTCGACAAATTCGTTCGCAAGCTGTTTAGGCAATGCATACAAAGTATCTCCGACTCTTTTCAGTTTGTCTACCCAACCGAACGCGGGGGCGTTTGATTTCGGATGACCAATCACAATCG
NZ_AP026678.1_gap74	2480566	2484956	4390	ATCAATACAAATCTCCGGTTTTCAGAAGGGTTGAATTACATCGTTGGTGGAAACGGCATCGGAAAAACTACTGTGCTTGAGGCAATTTATTTAATGTGTTCAACGAAAAGTTTTTACGCAAAAGATTTTGAAATGCTGAACTTTAATGCTTCAGAATTTGAAGTGAAAGGTTTGTTCAACGGAATTACTTCGGACAAGGTAAGAGTTTATTATAACTCCGCTGAATCAAAGAAATATTATTTTCTTAATGAAAAGCTTGTAAATAAATCTTCTGATGTAATCGGAAAATTTCCTGTTGTTACTCTTACTCCGGATGATCATTCAATTACGCAAGGAGCTCCGGCAGAAAGAAGAAGATTTGTTGATTCGGTGATATCTCAGGCAAGTAAAGCTTATCTTAAAATTCTGATTGATTACAATAAAACATTAAAGCATCGCGCAGTTGTTTTAGCAAAACTTTCGGAAAGAATAATTCCTTCTCTGCTTGATGAACTTGATGCCTGGACAGAAAATCTTATTAACAACGGAGCTGAAATAATTTCTCATAGAAAAAATTTTATCAATAGCTTTAATGATTACCTTAAGCAATCATATTATAAGATTATGGGAAATGATGAATTGCCTGAAATAAAGTATCAGACAATTGATGTTGATGATTCAGAAAATATTAAAATGAAACTAACAGAATTACTAATTCAGAATAAAGATAATGAAATAAGACGAGGCACCAATCTGATTGGTCCACATCGGGATGATTTTATTTTCGAGATTAATGGAATAAACTTAAAAACATTTGGTTCTCAGGGACAGAATAAAACTTTTCAAACAGTTTTAAGATTTGCAGAATTTTTTTATCTGAAAGATATCACCGGCAACACACCAATTTTTTTACTCGATGATGTTTTTGGTGAACTTGATGCTTTCAGAGCTTCAAAAGTAAGTGAATATCTTAAAGAAGTAGGACAAGCATTTATAACACTCACTGACTTTGCAAATTTCAAATACCTGAGTAAATCAGAAACAGATGTTGTGATTAAACTTCAGGATGGCGAGCCCGTTTATGCCTGATTCATTTAAATCTATAAAAGAAATAATTGAATCATCTCCGGAGCTGAAGAACATTAAACAACTTATAGACGACGGAGATATTGTTAAAGATTTTCACAAAATATTTCCTGAATTCAAAACTGTGGTTAAAGCTGTAAAGTGTATTAAACAAACTTTAACATTGAAATCAGATAATCCGACAGTTCGGAATGAACTTAAATTCCGCGAGAAAGAAATTATAGAAAAAATTAATTCATTCTATAAACAAGAAAGAGTAACAAGAATAAAGTTTTCAAATAAGTAAAGTGAGAGTATGACAAAGAATAATAATTCGAATGAATACAGTGCTAAAAATATAAATGTTCTTAAGGGACTTGAAGCCGTAAGAAAACGTCCTGCAATGTACATCGGTGATGTTGGAACAAGAGGTTTACATCACCTTATCAACGAAGTGGTTGACAACAGTATTGACGAAGCACTTGCAGGATTTAACGATCGTGTTATCGTTACACTTCACAAAGATGGAAGCGTTTCTGTTGAAGACAGAGGAAGAGGAATTCCGGTTGACATACATCCTGTTGAAAAGAAATCAGCGCTTGAAGTTGTAATGACAGTGCTACACGCTGGTGGAAAATTTGATAAAAATTCTTATAAAGTTTCCGGTGGATTGCACGGCGTTGGTGTTTCGGTTGTTAATGCTTTATCTGAATGGATGAAAGTAGAAGTAAGAAGAGATAATAAAATTTATTTTCAGGAATACAGAAGAGGTGCTCCTGTTGAAAAAGTGAAAGAGATTGGTACTTATAAGGGTGAACAAACCGGAACAAAAATTACTTTTATGCCGGATAAAACAATTTTCAAAGTAACAAAATTTAATTTTGAAACAGTTGCAGAAAGATTACGCGAGCTTGCTTATCTGAATAAAGATGTAACTATGATTCTGAAAGACGAGAATGAAGGAACGGAAGAAACTTATAGATTTAAAGGCGGACTGATTGATTTTGTTAAGTATCTTGATGAACAACGCGAGCCGATTCATAAACCTATTTATATTGAAGGAGAAAAAGAAAACACTCCTGTTGAAATAGCATTTGAATACAGCAATTCATATTCTGAAAATGTTCATTCTTATGTTAACAACATTAACACAATAGAAGGCGGAACTCACCTGGTTGGTTTCAGAACGGCATTAACACGAACATTTAATAACTACGCTTACAAAAATGGTCTGATTAAAGAGAACAATAAAATAACTTTAACAGGAGATGATTTCAGAGAAGGACTTACTGCTGTTGTTTCTGTAAAAGTAATGGAACCGCAATTTGAAGGACAAACAAAAACAAAGCTTGGTAACAGCGAAGTTAAATCTGTTGTTGAAACAATTGTTGGTGAAAAACTTTCAGAATATCTTGAACAAAATCCTTCTGTTGCAAAAAAGATAATTGAAAAATCTCTTAAAGCTGCCGAAGCGAGAGAAGCAGCAAGAAAAGCACGCGAGCTTGTTAGAAGGAAAAACGCTCTCGACTCAATGCATCTGCCTGGCAAACTTGCCGATTGTTCAATCACCGATCCTGAGCATTGCGAAATCTATATTGTTGAAGGTGATTCTGCAGGTGGCTCTGCAAAGCAAGGAAGAGACAGAAGATTTCAGGCGATACTTCCAATTAAAGGAAAAATTCTGAATGTTGAAAAAGCCAAGTTGAATAAAATTCTTGAGAATCAGGAAATTCAGGCAATAGTTGCTGCAATTGGTGCTGGTATTGGTGAAGATTTTGACCCGACAAAATCCCGATACGGAAAAATCATACTTATGACCGATGCTGATGTTGATGGAAGCCATATCAGAACACTTCTTCTCACATTTTTCTATCGTCATATGAAAGAGCTAATTACTTCCGGAAGAGTTTACATCGCCCAACCACCTTTGTATAAAGTTAAAAAAGGAAAAGAAGAAGTATTTGCTTTTGATGACGAAGAACTTGATCAGATATTAAAGAGATTCAAAGCTGATGGTAAAGCAGCGAAAGCAAAATTAAAAGAAATTGAAACCGAAGGCGAACAAGTAATCGAAACAGACGAAGAAGGTCAGCCCAAAGGAGTTGTGATTACAAGATATAAAGGATTGGGAGAAATGAATCCGGAACAGCTTTGGTCAACAACAATGAATCCTGAAACAAGAACAATACTTCAGGTGAATCTTGAAAGTGCGGCAGCAGCAGATAAAATATTTGAAACCCTGATGGGTGATGCTGTTGAGCCAAGAAGAGAATTTATTGAAAAGCATGCAAAGTATGCTAACCTTGATATTTAATTAACTATTTCAAACACGATTGAATTAAAATGACAACAATATTTGAAAAAATTGTACCCGTTACTTTAGAAGAGGAAATGAAATCCTCTTACATTGATTATGCAATGAGCGTTATAGTTGCCCGTGCTTTACCGGATGTTCGTGATGGACTAAAACCAGTTCATCGTCGTGTTTTATTCGGAATGCATGAACTTGGACTTGCATACAACAGACCTTATAAAAAATCAGCAAGAATAGTTGGAGAAGTTCTCGGTAAATATCATCCCCACGGCGATAGCGCTGTTTATGATACAATGGTAAGAATGGTTCAGGATTTCTCTCTTCGTTATCCTTTGGTTGATGGACAGGGAAATTTCGGATCAATTGATGGCGATTCACCGGCAGCAATGAGATACACAGAAGCACGTCTCGCCAGAATTTCAGAAGAGATGCTGCGCGACCTTGATAAAAACACTGTTGATTTTGGTCCGAACTTCGATGACTCTCTTCAGGAGCCGCTTGTTCTTCCATCTTATTTACCAAATCTACTTGTAAATGGCTCAAGTGGAATTGCTGTAGGAATGGCCACAAACATTCCCCCTCATAATCTTAATGAAGTTATTGATGGATTGGTTGCGCTGATTGATAATCCAAAACTTACTTCTGCTGATTTGATGAAATATGTTAAAGCACCAGATTTTCCGACAGGGGGAATAATTTATGGTTATGAAGGAGTTAAGGAAGCTTACACAACTGGCAGAGGAAGAATTCTTCTTCGTGCAAAAGCAAATGTTGAAACATTAAAGAACGATAGAGAAAATATTATCATCACAGAAATTCCTTACCAGGTTAATAAATCTAATCTTATTGAGAAGATAGCGGAACTTGTTCGTGAAGGGAAGATTAATGACATATCAAATATCAGAGACGAGTCAGACAGAGATGGCTTAAGAATAGTAATTGAACTGAAACGTGATGCTCAACCAACTGTTGTGCTTAATCAACTTTACAAGCATACACAAATGCAGGTTACTTTCGGAGTAATAATGCTCG
NZ_AP026678.1_gap75	2492365	2495558	3193	CACCCTGTGTTGCACCAGCACCAACAAGTGTATGAAGTTCATCTATAAATAAAATTATTTCTCCATTTGATTCCTGAACTTCTTTTATTACTGCTTTCAATCTTTCTTCAAATTGTCCGCGGAATTGTGTGCCGGCAATCAATGCCCCCATATCGAGAGCAACTATTCTTTTTGTTTTAAGATTTTCGGGAACATCTCCTGAAATTATTCTGTGAGCAATTCCTTCCGCAATTGCAGTTTTACCAACACCGGGTTCACCAATAAGCACGGGGTTGTTCTTGGTTCTTCTTGATAAAACCTGAAGCACTCGTCTGATTTCTTCATCTCTACCGATTACCGGATCGAGCTTTCCCTGCCGCGCGAGTTCATTTAAATCTCTTCCATATTTTTCCAGCGCCTGATAAGTATCTTCAGGGTTTTGAGAAGTAACTCTTTGAGTTCCCCTCACAGTTTTTAAAGCAGCAAGAACTTCATTATAAGTTATTCCATTATCTCTTAAGAGTTGACCGGCTTTGCCCGGATCATTTGCTAATGCAAGCAGAAGATGTTCTGTGGATACATATTCATCTTTAAGATTTTTTGCTTCGTCGGCTGCATTATCAAATAGCTTTGCCAATGCACCGGACATTTGTTGATTGCCCAAACCTGTTCCGCTAACCTTCGGAAGTTTTTCGAGCAATTCATTTACTTTAATTTTTATAGCGTTAAAGTTACCGCCAGTTTTTTTAATTATAGTTTCGGCAATATTTCCGCTTTCCTGAACTATAGCTGCAAGAATGTGTTCAGGTTCAACAATTTGGTTATTGTAATTTTGTGCAATCTCAATAGCACTCTGAACAATCTCCTGCGCTTTCACTGTCAGTCGGTTAAAATTAAATGCCATAGTTTCAATCTCCTTTCATTTTCGTGTCTTAATGAATTGGTGGCAGAAAGTTTTTCGCCACAAAGACTCAAAGACACAAAGTTATTTATTCAATTTTATTTTTATATAAATCACTAGCTTCGGTTAACATTTTATTTAGTCTGTTAACAAGCTTGTGAGGATCATCTAGATTTCCTTCAAGCAACAAAGCAGACTCATAGAGTTGCTCTGTTGTATCTTTAATAAACTCATCATCAGAATTCTTCTTGAATATTTCAAGAAGGTTTCGGATGAGTTTATGGTCTTTGTTTATTTCCAAAATTACTTCCTGGTTAGGAAGCTCAACTTCGGAGTTAGACATCCTCAGAATTTTCCTCATAGTAGAGGAAATAGAATCGTCAGCATTTACCAAGCACGAAGGACTATCTTTCAAACGCTTTGTCTCTTTTACTTCTTTTACACGGTCTCCCAAAATCTTCTTCATCTTATCAAGTAAACTGTCAAAATGTTTTTCATCATCTTTGGATAATGGTTCGGCTTGTTCTTTGCTTTCGGTTATATCTTCAAATTTTTCCAATGATTTTAAGTCAACAGTATCAACAGATTTAAATTCAAAATCTTTGTATTTTCTTATTGAAGTCACAACAAACTCATCAACAGGATCGTAGAGGTATAAAACTTCAAGTCCCTTTGATTTGAAAATCTCAAGATGTGGATTCAAATCGATTGCTTCCCTGCTTGAGCCCAATGCAAAATAAATTTCTTTCTGATCTTTCTTCATTCGGGAAACATAATCATCTAATGAAATAAGCTCTTTCTCATCTGTGCTGGCAGAAGAATTAAATCTCAACAACTGCTGGTATTTGTCAGCATTTGTAAAATCCATATAACCAAGCTTGAAAACTCTTCCGTGTTCCTTCCAGAAGTCGTTGTATCTTTCAGGATTCTCTTTCGCTAGCTTCAAAAGATGAGAAAGAACATTTGTCGTAACACTGTTTGCAATTTTTGTGAAGATTATATTTTCCTGAAGAGTTTCTCTTGAAATGTTAAGTGGTAGATCTTCAGAATCAACAACGCCTTTAACGAAGCTGAGATATTCCGGAAGTAAATCTTTGTTCTGATGTTGAATTAAAACTCTTCTTACATACAAATCAAGTCCATAATCATCTTTACTCCAACGCCAGAATTCGTAACTTCTTTTTGGTATGAACAGCAACGCATTGAATTGAATAGGAGCATCAACAGAAGTATGAATCACTTCAAGAGGATCTTCTGTATCGTGTGTCAAGAATTTATAAAACTCGTTGTATTGCTCTGGTTTGATGGAAGTTTTTGGTTCACGCCAAAGAGCAGCTATCGTATTTATTTTTTCATTCTTCAGATAAATTGGAAACGAGATGAAGTTAGAATGTCTTTTTATTATCCCCTCAAGTCTGTATTTATCAGCAAATTCTTTCGCATCATCCCTTAAGTGAATTTCAATGATCGTTCCTCTTTTTAATGGTTCAATCAATTCGGCAATTTCATAATCACCGCTTCCATCAGACTTCCACCAAACAGCAGCATCATCTTTTCTAAATGATTTTGATTTAATAACAACTTCTTTTGCAACCATAAATACTGAATAAAATCCAACACCAAATCTCCCGATTATATTGTTGGCAGCTTCTTTATTTTCAGAGAGCTGTTTCAAAAACTCCTCTGAACCGGATTTAGCAATCGTTCCAATATTCGTTATAAGCTCATCGTGAGTCATTCCAATTCCGGTATCAGAAATTGTTATAGTGTTCTTCTTCTCATCGAAATCAATTTTTATTTCTAATGGCAATTCTTTGTCTGCAACATCGGTTCCCTTTGTAATTTCAAATCTAACTTTATCAAGAGCATCAGAAGCATTTGAAATTAATTCGCGAAGAAAAATCTCTCTGCTTGTATAGAGCGAATGCACAAGAATATCCAAAAGCTTTTTTACTTCTGCTTTAAACTCATATTTTTTTGTTTGAACTTCAGCCATAATAACTCCTTTAAATTATTTTTTTCCTAAACTCTTTAATTTTCTAAATAATTGTTTTTCTTCTTCAGAAAGATTTTTGGGAACGGTTACATTAATTCTTACAAATAAATCTCCCCTTCCGTTTCCTTTCTGCATTCCAAGGTTTTTCAATCTCAGTATACTGCCGGAATCGGTTCCTTCCGGTATGTTGATGCTAATAGTTTTTCCATCCAGTGTTCTGATGTATTCTTTTCCTCCCAATACAGCTGTATAAAGGTCGATATCGAGATTATAGTATAAATCACTATCCTTTATTTCGTAAAAAGGATGTTGAAGTA
NZ_AP026678.1_gap76	2523960	2526080	2120	GGGAAAATACTACTACAGACTAAAGCAAATTGATTTTAACGGAACATTCGAATATTCAAAAAAGATTGAAGTAGAAATAATTTCACCAGATAAATTTGTTCTTGAGCAGAATTATCCTAATCCATTTAACCCCAAAACAATTATTCAGTATGCAATCGGAAACAGACAACTTGTTTCGATTAAAGTGTATAATGTACTTGGAAATGAAGTCGCAATACTTGTTAACGAATATAAAGAAGCTGGAAAATATCAGGTAGAATTTGATGCATCAAATCTTTCAAGCGGAGTCTATTATTACAGATTGCAAACAGATAATGTTTCTCTTACAAAGAAAATGATTTTGCAGCGGTAATTTGGTTAGAAGCATTTGAAGAAGTTTATAATGTTACAAAGATTTCATTTGTTTCTAATTTATTTATCGCTAATTTACAAGTGCCTGCTTAAAAATTAAGATAATCATTCCCGATTACTCATTCTAGTTTTTATCTACAGGAGGTGAGAGTTAAAAGTCTCTCATAATTATTTAACATTTTTATAAAAATTTCAGGAGTTTTTATTATGAATATCTTCGTTGGCAATCTGTCAAATGAAGTTCAGGAAGAAGATTTAATGAATCTTTTCTCTGAGTTCGGACAAGTAAAAGAAGTTAAAATTATCCGTGATATGTTTTCAAGACAGTCAAAAGGTTTTGGATTCGTTGAAATGCCAGGATTAGCAGATGCTCAAAAAGCAATCAATGAATTGAACACAGTTGAGGTTAAAGGAAAAAAGATTACCGTTAATGAAGCTCGACCAAAACGGGATAACAACCGGAGAGGTGGTGGTGGAAGAGGCGGAAATCGTAATGGTGGCGGTGGTTACGGACAGAACAGAAGACGCTTCTAAAATTTTCTCATCTTAACGAACCATTAACCCGAACGGTTTTGCCCGCTCGGGTTATTTTATTTTCTTGATTCTATATCACTAAGATGCAACTCTAAGGCATCAACAGATATGGCAATCTCTTTCAAAGACAGAATAAGCGAAAGCATCAATAAAAGTATGCTTAATCCAAAAACATATTTCCCAATCTCAATTTGACCAGCAAAAAGGAGAAACATACACAAAACACAAAGGAATAAGCTTGCAACGCCAACTCCCTGCATATGCTTAATCAGATAAACACGCTTGCGAAGATTTTCAATCTGACCCAGAAGAGCAGTATCCGGACTTTCTTTATAGTTTTTATGCAACGAACGAATTAACGTTGCAATTGTAAGAAATCTGTTTGTATATGCCAGCAACAGAAGTGAGATTGCCGGGAAAAGAAGAGCAGGAGTAGTTACATCAATATTCATTTTATCTCCGGAAAATTAAACAAGGTTTAGTTTCTTATTATTAAACGGATCATCACGACTAACTTCAAATGATGGACGATAAAATTCATTACTTTCAAGTTCCTGCATCCATCCGTTTTCAAGTCCGTATTTTTCAAGTAACTCAACAGCTTTCACAAATTCTTTATATCGGATGGTTCTGTTTATAAGAATATGCTTCTCGCTTCGGTTTGTTGGATAATACTGAGTCATCAAAGAGATATGAACTTTCTTATCAAGCTCTTCGCTGATAAACTTAAAGACTTTTTCGGTTTCAGATAAATCATTTGGAAGAATTAAATGTCTGATGATTAAACCTCTTACAACAACTCCATTTTCATAAACAAGCTCGCTGCCCACCTGATTATACATTTCTTTTATGGCCAGCTTTGCTTTATCAAAATAGTCGCTAACCTTTGAATAAACTCTGCCGTTTTCATTATTGCCATATTTGAAATCGGGCAGATAAATATCAATTACATCTTTGTAGAGTTTTAACATTTCAACAGAGTCATATCCGTTAGTGTTATAAATTATCGGAAGATTTAATCCAAGTTGCGAAGCGATTCGAATTGATTTAAGAATCGGAACTGCAAAGTGAGTTGGAGAAACTAATCCAATATTATGACTTCCCATATTCTGAAGCTCAATCATTATTTCAGCTAATCGTTCAACGGTGATTTCATTTCTTTTTTCGATTTTGGGATTCTGACTGATTACAAAGTTTTGACAATAAACACATCTGAGATTACAATTGCCAAAGAA
NZ_AP026678.1_gap77	2529215	2532995	3780	TTATAAATATTGTAAACTCAAGTGACAACGAAAAAATAAATCAAGGCACACTGCAAAGATACCTTGGCGAAATAGTTTGGTTTCCTTCGGCAGCAGTTAGTCCTTTTATTAAGTGGGAAGAAGTTGATTCGATGACAGCCAAAGCAACAATGAGTTACAAAGAAACAACAGGTTCGGCGTTATTTTATTTTAATGAGAATGGTGATTTTGTAAAATTCAGTGCAATGCGTTATATGGGAACAGAGAATGATTCGCAATTAAAAGAGTGGACAATAACTTTGAATGAATACAAAATTTATGATGGAATAAAAATTCCGGTTAAAGGTGAAGCAACCTGGAAACTTGAGGATGGAGATTTCACCTGGTATAAACTTGAGATTTATGATGTGAAGTACAACCAAAGAGTAATGAAAGAATAAAACTTTGAATAAATCATTTATCTGCCAACTCTGTCTTTAAATTCTTAACATCATTAGTTAAGATTTTATTTGTCTTATCAGACTCTTCATACAGGGGTTTGAGCGCTGATTATTCAAATGTTAGTAAACCCTTTCATATCCTTTTTAGTTTGGGAATAAATGATGTTATTTAATAAAAGTAAAAGAATCAACTTTTTCATTTTAATTCTCGTTTTATTTCATTTATCCATCCACTCTTTAAATGCAGATGATCTTTCCACACTTACAAGTGCTTCAACTTCTTTTGGTTCGGGGGGATTTAATTCAATTTTTATTCTTGAGCGGGAATATGGAATCATATTCTTTATTGCACTAAATGCAACTATCATTTTTCTGTTGATACGAAAAAATTTTTCCGGATCAATCACATCCTGAAGTTTATCGAGTGTAAAATCAATCGGGAATGTGCTGCCAGATGACGTTGTCAGAAAAACATTTTTCTCCAATGCATAGAAGTAAGCAACCTCATCAATTTCAACTTTTTTAATCTTTTGTCCGTACTGGATTAAAAACCTTTTCTTGTAACTAATGTCTTTGTTTTGAATGCTTCTGATTATTTCTTCAAAATCCATCAGGTAAGATGATTTGATATTTTTGTATTTATTTAATGCTTCACGCAGTTCATCTTTCTTAATGGGCTTAAGAAGATAATCTATGCTATTAAGCTTGAATGCTTTAATCGCATATTGATCATAAGCGGTCGTGAAGATAATCGGGACATCAACATCAACCTTTTCAAAGATTGAAAAACTTAATCCGTCTTCAAGCTGAATATCAAGAAAGATTAAATCCGGCTTATTCTGTTTAAGATACTTTATGGATTGCTCAACAGAAGTAAGCTTTGCAGAAATTTCAATAGACGAATCAATCTCTTTGATTAACTCTTCCAATCTTTCTGCGGCAAGTTTTTCGTCTTCAATTATTATTGTTTTCATTTCTTCCTCTGTGTAACTCTGTGTATCCTTCGTGGTTCTCCGTGTAACAATCCTTTGTTCTTTCACAGAGGATCACGGAGTAGGCACTGAGAGCCACCGAAATTAATCAGGGTTTATTAACGGTATTTTTGCAACATATTCTTTTTCAGTAACTGTAAAATGCGGAAGTTCTTCTCCCAGCAGTTCATATCTTTTTCTAAGGTTATTCAATCCAACTCCTTTTGATTCTACTCCTTTAATCTTGGGCTGAAGATTATTAACAACCACAAGCCAATCATTCTCATTATATATTTTTATTCTCAAAGGATTATCAACGGAAGCTCTATTATGTTTAAAAACATTCTCGAGTAATGTCTGCACCGCAAGTGGCGGAACGAGATAGTTTAATTTGGCGACATCTATATTTATTTCCATATCAACAGCGTTATCAAATCTGATCTTTTGAAGAAACAAAAAGGACTTAGCAAAATCTATTTCCTCTCTTAATTCAACAACAGGTTTCTCAATCACATCAAGTGTGTATCGGTAAACCGAAGAAAACTCATCCACAAAATTTTGCGCTTTGTCAGAATCTTTTTTTATTAATGATGAAAGCACATTTAAACTGTTAAATAAAAAATGTGGATTGAGCTGACTCTTCAGTGTTTCAAATCTTATTTGTGAGTTTTCTCTTTCAAGTCTTTCTGCTTTTACTAAAGACTGCTGACTTCTTTTGAACCAGATAATAGCTTCAATAACAGTTATAATGATAATGTTGAGAACCGAAGTGATCAGCGAGTTATTAATCATGTTCTTTGATAATCCATCCGGATAAGGCATTAGCGAATTGGCTAGAATAGTTATTGATGAACCGATAACAATTGCAGCAAACACGGCAAATAAAAGCTCTGCAGGTATTCTTGGTAATAGTTTTTGGGGTAGAGGAAATATTTTATCAAGTCTGTTAATAATCTGAAGGTCGAGATAAACCAGCACTAAAGCAAAAACAAAACTGAAAGAAGTGCCAATTGCTAATCGTGTTAAATAATTTCCAATGTTTGGAACAATAATATATCCTGTAACATAATTGTATGTTATAATTATCAGCTGGACAAAGAATGCCAGAAGCAGAATTGTAAGTACGGTATATTTATTTAATTTCATTTTCACACTTTAAAAATCGTCAAAAATTATATTAGATACCTTCTAATTAACTTATTGCGAAAAATTTTATCACATTTCAAGCTGCGTATCAGTAACCTGTTTTTCTTTGTAAGGAAATTGTTTTTCAAATTCGTTTAACTTATCCTCATTTACATCGAAACTTTCATCTTCAATAAATCTTCCCCCAACATCAATTAAAGAGTTTTCAAATGACTCTAAAGCCATAAACGGCTCAAAGTTTTGATAGTCTTTTGTTGTAATCCCAAACTCTTTAGCATTCTTAAAACCAAAACGATGATAGTAATCAGGATTACCAAAAAGAATCATTCCCCGAAATCCTAATCTTCTTGCTATTTCAATAGATTCTTTCAACAATCTTTCACCAATTCCTTTCTTTTGAAAATTTGGTAATACTGACAAAGGTCCAACGCATAAGACTTCGTATTCTTTATTTAGTGAATCAACTACCTTTGCCTTTGTCGAGATAATATGCCCAACAATTTGGTTGTTACGGATAGCAACAAGGTCGAGTTCTTTAATATAGCTTTGACTTTTTCTTAGATTATGTAGAACCAAATGCTCACTGCAACCAGGTTTATAAACATTCCAGAATGCTTCGCGTGTAATATTTTCGGTAATACTAAAATCTTCCCGGGATGTTTGCTTGATAAGTAAATTCATTCTCTATTCTCCATAGATTTAGTTTTATTATTCTCTGTTCTAAATTCGTTAAAAAAATTTTCAGATGATTACTCTTTTTCTCGTCATTCTGAGCAAAGCGAAGAATCTCTTAAAATTAATTTCAGAGATTCTTCACTTCACTTCGTTCCGTTCAGAATGACATACTGGATTGCTAAAACGACCACGACAATCCAACACCAACTGACAAATAATTCAAATCAACAGATGTGCTTACATTATTTATATCAATATCTCTGTTAAGTGAGCGATATCTGACAGAAGGTAATAATGAAAACTTTTCACTTAATAAAATTACCAGACCTGCTTCAGCTTGCCAACCCAATCCATGTCCGGAATCAATAGTTATATCGCCATTATTGTTTTCAATTTCTATGTGGTTGTACGTGCCGCCAGCTCTAACAAGATATTTTATATCTGATTCTCCGATTGGATGAATGAACTGAAACCCGAATGTGTAACCTGTTTCTTCAAAGCTTGCATCAGAACCAGCAAACGATTGATCAACCGCAAAATTATTATAACTCCAACCTGCATAAGCTGCA
NZ_AP026678.1_gap78	2630765	2635656	4891	GTCATCAATAATTTCAGAGCGGTTTTCAATTATTACATTACTTTTCTCTTTTAATGAGATTTTATTATGAAGCGTTACCAACAAGTCTTTTTCATTATAAAAGATTTTTGCCTGATTAGTTAGTAATCCAAAATTCATTATCACCTTTTTGCCTCTTGGTAAATCAAGTATTCCTCTAGTAGCAAAAAAATTTGAATCCATTTTTGCAATCGGTAACTCAAATCCTTGTTTCCTTATTTCTATCTCATTACTGAAAATATGTGGTCTCCTGAAAGTTAGTTTTTCATCGCCAATTATACACTCAACCATCTCGCTAAGAAGTTTTGGATATTTCATTTCACCCAGCACCTCATTATCTGAACGAAGTTCATAAAATCTTTTCCAGATTGATGGTTGCTCTATGATTAGACTTTTACCAAGATAATCTGATAATTTTTTCATGTCTTATTGATAAAGAGTTCCGGTATTTACAATTGGTTGAACTTCTGTTTCTGAGACCAGAGCAACCATTAAATTATTTACCATTGTTGCTTTCTTGTCTTCATCAAGTTTAACAATGTTTTGGTCACTGAGAGCTTTCAATGCCATTTCAACCATTCCAACAGCACCTTCAACAATTTTAGTTCTTGCTGCAATGATTGCCTGAGCTTGCTGTCTTCTCAACATTGCCTGAGCAATTTCAGGTGCATATGCGAGATGAGAAATTCGTGCCTCAATTATTTCAACTCCAGCAACTTCAAGTCTAAGCTGAAGCATGTTTTTAAGACTTTCTGCAATTTCCTGCGGAGTTCCTCGTAAGCTTGGCATATCTTCCTGATCAACATCATATGGATATTCAGAAGCAAGCTGCCTGATTGCAGTTTCACTTTGAACATCAACAAATTGTTCGTAGTTCTCAACATCAAAAACAGCTTTGGCTGTATCAATCACACGCCAGACAACAACAGCTCCGATTTCAATCGGATTCCCATGAAGATCATTCACCTTTATTTTCTGGCTGTTAAAGTTCCGGATTCTTAATGAAACTTTTTTTCTTACTGTAAATGGATTTACCCACCAAAATCCGGATTCCCGAACGGTGCCTGTGTACTTACCGAATAAAATTAAAACTCTTGAGTCGTTCGGTTGAACTACAATAAATCCACTTGCTATGAGAATAATTACAATGAGCATTGGAATGAAAATCCAAAGAATTGGTGCATTATTTGTCCGGATACCCGAAACTAAAAGATAAATTTCCAGGGCTATTAAGCCGAGAAGCACTAAAAGCATTAAAAAGCCATTTAGTTTATTTGCTTTTTTTTCTGCTATTTTTTCCATTTTTACACTCCTTTTGAAAATTGCTATCGTAATGATATCATAATAATATCAAAAAGTCAATACCATTTTGAAAATTTTTTTCCGAGTTAATGGCAAAACGAATGTTCTGAAGAGTATTAATATGTAGAGAGTGATATTTATTAAAAGCTTCGATATTTTAGCTGTAAAAAAAGATTGTTATGATTAACAGAAACCACTTCCTGTTTAAAGTTCTGTTTGTTCTGCTAATGATTTCATTTTCTGTTCAAGGACAATCCGTAAGAGAAATTCGTGATAGTGTCGGATTTTGTTGGAATGGCAGCGAAATGGATTCGTTTATTTACTGGCTGGATAATAATAAGATAGTAAATGAGGACTTTGAATCGGAAAATTTATTTGCCGCAATTTCACCACACGATGATTATTTATATGCCGGAAGAATTTATTATCCGGTTTACAAAATGATTAAAGCAAAAGAGATAATCATATTTGGTGTTACTCACGGAGCAGTTCGAAAAGCAATCAATGATCCTCAGAATATTTTAATAATGGATGGATTTGATTATTGGAAAGGACCTTATGGAAATATAAAAGTTTCGGATTTACGAAATGAAATCAAGTCGAAACTTGACACTGATTTTTATGAAGTTAATAATCTTGCTCATTCACTCGAGCATTCTATCGAAGCACTGATTCCATTTCTACAGCATTATAATCGGGAAATAAAAATCACACCGGTTATGGTAACAAGAATGCCTTTTGATAGGATGGATTCTATTGCAGTAAAGCTATCAGAAGTAATTTTAAACTATGCTAATGAGAAAAATCTTAAACCAGGAAAAGATTTATTTCTTCTTATTTCTAATGATGCAAATCATTACGGAGAGGATTTTAACAATTATCCTTATGGACTTGATGAGGTTGCACATGAAAGAGCAACTAATGAAGATAGAAGAATTGCTTCTCTTTTTAACGGCGATATTTCAACCGGGAAAATTGCGGATTTAACAAAAGAGCTTTGGACAGAAACTGAGGCAAAAGAAATTTATCCTCTGTGGTGTGGAAGATATCCAATAATAATGGGATTACTAACAGCAAAGCATCTGTCAGAAAAATTAGGAAAGAGTATTAGTGGGAAACTCTTCTGTTATTCAGATACTTTTTCAGAAAAAGTTTTATCATTCAATAAATCTGAAATGGGGTTGACAGCTCCATTTTCCCTCAAGCATTGGGTCGGATTTTTGTCAGCGGGATTTTATCTGAAATAATCTGATAATGCAAGGATATTCTTGCATTCTGATGAATTACTTTTTCAGTTTATCCTTAAATATTTTCTCAAACTTTTCAACCTTGGGTGTAATAACAAAAGCACAATAACCCTGATATGGATTATTCTCATAATAATTTTGATGATAGTCTTCTGCTGGATAGAATTTTTTAAACTCAACTATCTCTGTTACAATTGGGTTGTCCCAGATTTTTTCTTCTTCAAGTTTCTTTCTATAGTACTCTGCTTTTTGTTTCTGCTCTTCGTTGTGATAAAAGATTACCGAACGATACTGAGTACCAACATCATTCCCTTGTCGGTTTAATGTTGTCGGATCGTGAGTTTTCCAAAATATCTCAAGCAATTCATCATAAGTTATTATTGATGGGTCAAAATAAATTTGTGTACATTCAGCGTGACCCGTAGTGCCGGTACAAACTTCTTTGTAAGTGGGATTATCAGTTGTGCCACCTGAGTAACCTGAAATAACTTTTTGAACACCTTTAACTCTTTCGAATATTGCTTCCGTGCACCAGAAGCAACCTGAACCAAAGGTTGCGATTTCTAAATTGCTTTTAACTTGATTGTCCATAACCTTTTCCTGATTATTTTTTGAGACGGTGTTATCACAAGAAAAAAATATTAGTGAAATAAATACTGTTGATATAATAAATGCCAAGGGTTTAACTATAATTTTAATTTCGGATTTGAATTTCATCTGGTTGCTTATTTATTAATATTGTTTAATCAAACAAACTGATTTTTAATCTGGTTCAAAATAAAGGATTGTTCGGGAGAAAAGAATTGCTGAATTTTGCCCTGACAAAAAAGGAAATTTATGACAACAATTGTTGACTTTGGTGATATCAATTCTAGGGAAGTTGCAGAAGTACTTAAAAATATAACTGATGATTTTATCGTATCATCGAGTGAGGTTGATATTTGTCGCGCTGATAAAATAATTTTTCCTGGTGCAGGAAGTGCAAAAGATGTAATGAAAAAGATTCATCTGCTTAACCTTTTTTCAGTGCTTCGGATAATAATTGATAAACCAATGCTCGGTATCGGTTTGGGTATGCAGATAATGTGTGAACACACTTCAGAAGGAAATCTTTCCTGCCTTGGAATATTTCCTGGAGGTATAATCAAGATTGAAAATTCAAATCAAAGTGAAACACACGAAGGTTTTGATAAAGTGAAGATAATTAAAGATTGCCCGTTATTCATTGACATTCCAACCGATTCAGAGTTTTACTTTAAGCATTCTTACTTTTTACCAATAAATGAATTTACTGTTGCAACAAGTAAGAGAGGCGACAGAGAGTTTACTTCAGCTATTCAAAAAGATTTATCTTTTGGGGTTCAGTTTCATCCTGAAAAATCAGGCGAAGCAGGATTGAAACTTCTGGAAAATTTCATAAAGCTTTAAGACAATATTTATTTTAAGATAAATAAATTTATAAACTGAATTATGGAAAAAAGAAAAGAATTCTCTTCATTCGAAACTGAAATAATTGTAAGACCAGATGATATTGATATGAACAATCATGTTCACAATTCAAAATATCTCGATTATGTTCAAACCGCCCGTTACATTCAGATGCGTGATAATTATAAATTTCCTATGGAAGAGTATCTTGAGCGGGGATACAACTGGTATGCAAGCACAGCACACATTGAGTTCAAGCGTTCATTAAAGTTTGGTGATATTGCTGTTGTAAAAACTCAGATTAAAGAATGGAGCGGTGCTCAGGTAATAATCAATTTCTGGATAATGAACAAGCAAACCAATAAAGTAGCTGCAGAAGGTTATATAGTTTATACATTTGTTTCTCTTTCTTCCGGAAGACCTGTTAGAATTCCCGAAGATGTGCTCGAAAGACACAACATCTGATTGAATTCAAAACAAAACAAAATTGATTTTTAAATCCGATACATATACTTTTTCAACAAGAAAAATCTAACATAAGGGATTGGCACAAGTGAATAAACCAAATTCAAGTGATTACGAATTATTGCAGAGAGTACTTAAAAGAGACTCCAAAGCACTCGAGGCATTGTATGATAAATACTCTCCTTTATTGTTCACACTTATAAAAAGAATTGTTAAAGATGATAAACTTGCGGAAGAAGTTCTGGCTGATGTATTTGTTATTATCTGGCAAAAAACAAATCTATATAATTTTGATTACAGAAATGTTTTCGGTTGGATTGTTTTACTTACAAAAAACAAAGCCGTTGATACATTAAGAAGAAAAAACGGTAATGTAAAAGTTGAGTACAGTGATGAATTCGAAAACACTTTTATCATTCCAACAATTTATG
NZ_AP026678.1_gap79	2638206	2642727	4521	AACCGAGGTTACGAAGTCGTCTTTCAAGGTTAGCAATTCTCAATGCAGAAGGACCCATATCAACACCTCTTCTGCCTGAGCCGAGATCCATTGGAAATCCGATTATTGAAATATTTTCTCTTGGCATAAAACAATCATTTTGTTGTAAGCAAGTTAATGCCATTCATAATATTTTGCCAAGATTTCCAATCATACTCCGAAATTCTTTGACTGATTATCAGTAATTTTGGAATAAGAAAAACATAAAATTTTAATATGAAGTTTAATACCGAACCCTGGCTAAATGTTGGTATTCTTACTGACGATAAAATTAATTTTGAACTTTACGGTGATTTCAGTTCCATTGTAACAAACAAAACTTTAAATGGAGTTTTTACCGCAGAGCTGAAAAACAATAAAATTATTTGTAAAGGAAATAACATCACTGTTGAAGCAGAAGAAGAAATAATCTTTGAACCTTCTGACCCGGTATCAGAAAGTTTCTTGCTTCGTGATGTTATTATTGGAGTTAAGTTTCACTGGGAAAGAAGAGAGAAGCAACGATTCAATTATTTTCTGAAAATAATTAAAAACGGAAATCAGCTTACCGCAATAAACTATCTTCCTGTTGAAGCTTATCTGACAAGCGTTATTTCATCAGAAATGAGTGCAAAGTGTTCAATTAATTTGCTTCGCTCACAAGCAGTTGTTGCAAGAAGTTGGTTACTTGCTCAACTTCAAAATAAGGAAAAAGAAAAAATTAAAGACCCTTCGCTCAAGCCGGTAAAAACTGACGAAGAACTAATTACCTGGTATGACCGCGAAGCTCACACACTTTTTGATGTTTGTGCGGATGACCATTGCCAGAGATTTCAGGGAGTTACAAAAGTTACAACAGATACAGCATTCAAAGCTATTAAAGATACACGAGGAATTGTTCTGATTAGTGATGATGAAATTTGTGATACAAGATATTCCAAATCCTGTGGAGGAATGAGTGAATCTTATGAAAATGTTTGGGAACCTGTGAAGTATAAATATTTACAACCGGTTATTGATTATAAGTTTGAACCTGAAAATCTTGAGCTTGATTTAACAAAAGAAGAAAATGCTGTTAAGTGGATTAAAGCCAATCCACCTGCATTCTGTAATACAAGCGACCCAAAAATTCTTAATCAGATTTTACTGGATTATGACCAGGAAACAAAAGATTTTTATCGCTGGAAAGTTGAGTATTCACAAAACGAATTGAGTAATCTGATTAAAGAGAAACTTGGAATTGATTTCGGAGACATAGTTGATCTTGTTCCCGTTGAAAGAGGTTACTCTGCAAGATTAATTAAATTGAAAATTGTTGGAACTAAAAAATCTTTAGTCATTGGCAAAGAATTGGAAATCAGAAGAGTGCTTTCTCCAAGCCATCTTTACAGCAGTGCATTTTATGTTGAAAAGGAAAATATAAGCGAGGGCATTCCACAGAAATTTATTTTATTCGGGGCTGGGTGGGGACACGGTGTTGGCTTATGCCAGATTGGTGCGGCAGTAATGGCAGAGCAAGGTTATCAGTTTGATGAGATACTCATTCATTATTTCCCAAATGCTCAGATAAAACGGATTTATAGCTGAAGACGATGAAGGTTTTATATTCTTGCTTATCGAAAAGCTGGGGCGGAATGGAGATGATTACCTTGACTTTTGTGAAAGAACTTCTCAAAAGAAACATTCAGGTCGAACTTCTCTGTCTCAAAGAATCAAGAATTCATGTTGAAGCTTGTACATCAGGAATTATTACACATCCCGTAAAAGCATCAGGATATTTTCATCCGTTTACTGTAATAAAAGTTGGATATCTTATCAGAAAAGGACGCTTCAGTTTAATCCATACGCAGGCATCGAAAGATTTATGGATACTTGTGCCAGCATTAAGAATAATTAAATCAAACATTCCTCTTTTTCTTACAAAACAGGTTGGTTCGTTCATTGTTAAAAAAGATTTTTTACACAGATTTTTATACAAAAGAGTTACAAAAGCATTTGCCATCAGCAGAGTGATTAAAAAAAATCTTATTGAAACCACTCCACTTGATGAAAAGAAAATTGAACTTGTTTTCAACGGAATTGATACTGAAAAGTTTAATCCAACAAATGCTGACAGAAAAAAAGTAAGAAAAGAATTTTCAATAGCCGATAATGAATTGCTTGTCGGAATGCTTGCACGTTTTAGTCCCGGTAAAGGTCACGAAGAGTTTCTTATGGCTGCAAAGAAATTGTCAGCAAAGTTTGATAATCTGAAATTCATAATAGTTGGCGAAGCAAGTCGTGGCGAGGATGAATATGCAGCTTCAATTAAGAAGCTTGCAAGTGATTATGGATTAACAAATGTTATCTTTGCCGGATTCAGAAGTGATACACCTGATGTTCTTTCAGCAATGGATATTTTTGTTTTCCCTTCGCACGCAGAAGCATTTGGAATTGCTTTGGCAGAAGCTCACTCTATGGCATTACCATCAGTTTGTTCAAATTCTGATGGTGTGCTTGATATTGCGGTTGATGGAGAAACCTCACTTCTGTTTGAAACAAAAAATGCTGATGATCTTGCTGATAAACTTGAGGTACTTATTAAAGATGCCCAATTAAGAGAACGATTTGGTGCTAATGCACGAAAGAGAGCAAAAGAATTATTTGACCTGAATGTTATAATGCAGAACACAATTGAACATTATAAAAATTCTTTAAAAGGATAAACCGTAAATGAATCACAGAGTTTATGACAATGAAATTTTGAATGAACTGATTTCAAAAAACGAAATCGCCGATGCTTCAAAATATCTGTTTGAACTTCAATGTAACGACTGGAAACTTTGCCGTGATAATTATGAGCAGTTGAAAAATGTCAGAGTCAAAAAATTTCAGTTTGAAGGATATTCCATTAAAGCACAGTTTAATCCGGGCAGAATAATTTCCACTTCAGCTAAGGTTGATCCGAAATCAATTCAGGAAAGAAAATGTTTTCTCTGCGAACAAAATCTTCCTGCTGAACAAAAAGGAATACTGTACAAGGATGAGTATATCATACTGATAAATCCATATCCAATTTTTCCAATCCATTTTACTTTGACTCACACAAAACATCAGCCGCAAAGAATATCAGACACTTTCAGAGACTTACTCGATTTCAGTAAAGATTTATCAAAACATTTCACTGTAATTTATAATGGACCAAGATGTGGTGCCTCTGCTCCGGATCATTTACACTTTCAGGCAGGCAATAAATTTTTTATGCCGATTGATGATGAGGCAGATCTGATTGCAAATGAATATGGTTCTATTGTGGTTGATAAAGAAGATCTTCTGATTCAAACAGTTGATGATGGATTAAGAAAGTTTATTTTATTTGAAAGTATTCAAAAGAATTTATTGGTTGATTCCTTCGCAAAGTTTTATAAGATATACTCTGAACTAATGAATGAATCAAGTGAACCATTGATGAATATCGTTTCATTTTATGATTCTGAATTTGGTTGGAGGGTAATCGTATTTCTTCGTGCAAAGCATCGCTCACATCACTATTTTGAAGAAGGTGAAAATAAACTGCTTGTTAGTCCTGCCGCAATTGATCTTGGCGGAGTTTGTATATTCCCTCGCGAAGAAGATTTTAACAGAATTGATAAAGCATTGATTAAAGAAATATTCAATGAAGTCTTTATTGATAAAACTAAACTTGATGAATTAAAAAATTCATTAAAAACATTATTGTGAAAGAAAGAATGAAAAATATTTCCAGATGTCCCTGGCCTGCAGATGATAAACTTATGATTAAATATCACGATGAAGAGTGGGGTGTTCCTCAGCATAATGACAGAAAACTTTTTGAGTTTCTTTTGCTCGAAGGATTTCAGGCGGGATTGAGCTGGAGAACAATTTTACACAAAAGAAAAAATTTCAGAAAAGCATTTGATAACTTTGATTTTAATAAAATTGCAAAGTATGACAAACGAAAAATAAATTCTTTAATGAAAGACGAGGGCATTATACGAAACAAACTTAAAATACAAGCTGCAGTAACTAATGCAAAATCTTTCATTGAGATAAGAAAGGAATTTGGGACATTTGATAAATACATATGGAGCTTTATCAATTACAAACCAATCAATAATAAATTCACTTCTATAAAAGAACTACCAGCCAGAACAGAACTTTCCGATAAAATAAGTGAAGACCTTAAAAAGCGAGGATTCAAATTTGTTGGTTCAACCGTTATTTATGCTCATATGCAGGCGACAGGAATGGTGAACGATCATCTGGTTTCCTGCTTTCGTTACAATCAAATAAAAAAATCTTAATTTTTTCTTGACATAAATTCAAATTATTCACATATTGATTTTGAAACCAAACCAACTAATTGTTTAACTATAAAAGGAGATGCTATGAAAAGAATTTTTCTATTTCTCGTTGGGGTTCTAATATCCACTTCCATTGTCTATTCACAGTATGAACCGCTCTATTCATTTGAAGAACTTATGAGAATTACAGAAGAAAATC
NZ_AP026678.1_gap80	2740447	2743571	3124	GAAGCTTGGATAAAACTGACAACCACAAATCTCCAATTGCCAGCAACAGTAAATCTGCTGCAAGACGGTAATCTTTCTGAAACAATCAAACTGTTGGGTGCAGACACATTACTCTATGTTGATTCCCTGCTGCCAAATCAGAGTTACAGATTCAGAACAATCATACAGTTACCAAATCAATCAATAACAAATTCAAGCAATGAGCTTACGGTAACTACGATGGACACCACAAGCCACGACTTTAGCTGGCAGAGCTGGGAGTTTGGGCAGCACAGCAGCAGTGCATTGTATGTTGTAGCGATAATAGATGAAAACAACATCTGGGCAGTGGGAGAGATATATATGCTTGACTCACTTGGCAGACCTGACCCGAACGCATACAACGCAGTCCACTGGGATGGAACTAAGTGGGAGTTGAAGAGGATATATTTTTATACTTTTTGTGGTCAACAAAGTATGGGTTCTTATCCCACAAAATCAATTTTTGCTTTCGGACCGAATGATATTTGGATTGGAATGGATGGTTCTCAAGTGGTAAGATGGAATGGGCAAAGCCAATCAGAGCCAATTTGTACACCAGTATCAATCAACAAACTCTGGGGCAGCAGTAGTGAGGATTTATATGCGGTAGGCAACAATGGCAACATAGCGCACTGGGATGGGCGTAAATGGACGAAGATAGAGAGCGGGACAACTGTGAACTTAAAGTCTGTATCCGGAAATGATAATGATTTGTTTATTACTGGCTACTCTTTAGATCAGAGTGAGAGTGTGCTGTTGAGACTAACAAATTATCAAACAAGAACAGTTTGGTATAATAATAATATAAATGGCATCGATCCATACGGAAACATAATATACAGTTCAAAAGTAATAGACAATAATTTATTTCTTTCAAGTAACAGAGGCATATATAGAGAAACCATAGGAATAAATAATCAGACAAAATATTTATTTCCAATACCTCGACGAGTATATCGGATAACGGGAGAAAAGTCAAATGATGTTTATACGGTTGGTACAAGCTCAAGCATTAATCATTACAATGGAATAAATAAAAGAGAAGTATATATAGACTTCACATCAACATCAGCATTGTATGGTGCTGATTCAAAACTGAATACTATAGTAGGAGTCGGAACAAAGGTGGAGAATGCAATATATCATAAAGCAATTATAATAGTTGGAAAAAGAAATTGAAAAAAAGGAGATTAAAAATGAAATTAATTTAACAGTCCAGGAATTATTTGTCACTCTTTGTTCTGATTTGTTGGAAGGAAGATTCTTCGTCGCTTCGCTCCCCAGAATGACAATTATGTTTTTTAGAACTTAATCAGAAAAGATTCTAAACTCTTTGTGAAAAATTATAAAGAGCGGGTAAGTTGTCCGCTCTTTCTTTTATTTAACATTTTTTTGTAGGGAACGAACCCCTGTTCGTTCCTGATTTATTTTCATACATCGGTTCAATCAGAGACCGAGTCCTGCTCAAAATTACTCCTTATACCTTATTCCCTTACACCTTATTTCCTTATATCTTATTCCTCTCTACCTTCTTTCCTTCACCAATTTTCCGGATTTAACAAGTAGCACCATCACTTTCCAAGTTCTGATACATCAACTTTTACAACTTCCTTTATTTCCTTTCCAAGAAATAATTCCGCTACCTGCTTAAAGGTTGTTGGAATATCACTTACATAAAAGAATGCATTCCCAGGAACAGCAGAATTCGTTTCCAATCCGATTCTTCTGAGTTCCTCTCTCACAACTTCTGATGATGCAACTCCTGAATCAATAAGCTTAACATTTTTTCCAATTACATCCTGAATTACATCAGCGAGAATAGGATAGTGTGTGCAACCAAGCACAAGTGTATCAATCTCTTTATCTCTTAGTTCTTTTAAATATTCCTCTGCAATTTCATAAGTAGCTTTGTGATTTATCCAACCTTCTTCAGCAAGTGGAACAAATAAAGGACAAGCTTTTTCAAAAACTTCTATATCAGGATTAATTTCTGTAATAGCTTTTGAATAAGCTTTATTTGTGATTGTTGCTCTTGTTCCGATAACACCAATCTTTTTATTCTTTGTCTGATTAACAGCCATTTCAGCGCCCGGCTCAATCATGCCAATTACAGGAACATCAAATTGTTTTCTTAATTCGTTCAGTGCAATTGATGATGCTGTGTTGCAGGCAACTACAACTGCTTTTACATTTTTCTTAAGTAAAAACTTTGTATTCTGAACTGAATATTCAATGACCGTTTCATTCGATTTTGAACCATAAGGCACTCTTGCAGTATCGCCAAAATAAACTATACTTTCTTTCGGCAAAACCGACATAAGTCTTTTAACAACAGTTAATCCGCCGATGCCCGAATCAAAAACTCCAATCGGCTTTTCTTTTTCCATAAAGTTCAATGTAATTCCTCAATTATTTTTTTAATAAGTGAGGTAAAATTAGCAAATAAAATTTTCTTATGAATAAAACAAATGAATAAAAAAATAATGTTGAGTGGCTCTTAAAGATATTTTTAAGTTCATTATTCCAAATGAAGGAATGTTCCTACTGGAAATAAGTAATAAGTAAATCGGAGAAATGAAAAACAGATTAAGAAAAAATCATTATTGATTATAAAATCTGTTCGATTGTATTGATAAGTTCTTCTTTAATAAATGCCAGATCGGAAGGAGAAATTTTCTTGCCGCTTTGATTCAGAACATAAAATGAGTCAACAATATCATCACCCTTCGTAGAAATTTTTGCAAAGTGAATGACCAGACCAAGCTCACTCATCTTTCGAGTGATATGATAAAGAAAGCCAAGTCGGTCAGGAGAAAAAACATCTATTATTGTATAACGCTCGTGATTATCGAAGCTTACTTTAACCTGTCCGCTTCTTTTAAATAACTTTTGCTCAAGTCTTTTCCATCTTGATTTTAACATTGAAACTTCTTTATTAACTTCAAGATAACCTGTGAGAGCTTTAGTTAAATCGTTTTCAATTTTTTGATATTTGGAAGGATCAATTTTTTTATGTGTTCGAAAGTCAGTTACATTAAAAGTGTCTATAACAATTCCGTCCTTTCGGGTGAAAATTTTTGCGTCGTGAATATTCGCATCATTT
NZ_AP026678.1_gap81	2746598	2748655	2057	ATCGTTGAAAGCTTTCAACTCTCGTTTTTCAGTTCTTTGTCCATAATTAATATGAGCTAATGCAAGTTCATATTCCTGATTGGCGATTGCAGCGGTTACACAGCTATCCATTCCGCCACTTACAGCAACAACAGCTATTTTTCGTTTATCTGTTTCCATAGATTAAAAAATTTCTGATAAAAATAATGAAAATAGATTAGATAATGTAATATGTTCAGTGCTGTGCGAGGATTTATTAAATCTACCTTTGAACAAAATGAATTAATTGGTGTGTGTTGATATAAATATTTGAATGATGCTTTTGGATAAAAGCAAATACCTAAATTTTTTTCTTCCTCTTACTGCAATAATCATTAAATTTGTGCGAAAAAAAATAAGAAGTACGATGGACCCAATAAACATTCTGATTGCAATTAACATAATTGCTACTTTTGCAGCAAACATTGGTGCAGCAAAAAAAGGTGTTAAAGACAAACTTGCTGTTTTTCGTGATAAGCCAAAAACCTATTTACAGACTCTTCCTCTGGCAATATCAACAGTTAATCTGTTAGTATTGATTCTTGCAGTTTTTCAGATTGGTACTTTAGTGTATGAAGAGAAATACTTTTCGCTCAGAGTTGTTGCTTTGGTTGTTTATCTGATTTTCTCCTGGATACAAATTTGGTCTTTCAGAACTTTGGGAGAATATTATTCACAGGAGATTGCAATCAGAAAAGAGCATAAGATTATTAAAGTCGGTCCTTACAAAATAATTCGTCATCCACAGTATCTCTCACAAATTTTTGTAGATTTAGCCGGAGCGCTTGCAACTCTTAGTTACATCTTATTACCATTGACTTTAATTCAAATACCATTTCTTATACTTCGTGCAAAGGAAGAAGAGAAACTTTTTCAAAAATATTTACCGGAAGAATTCAAATCGTATAAAGAAAAATCCGGTTTTTTGTTTCCATTTATCGGATAGAAGAATGCACAGACTTTTATCTTTTCTGATTTTTATTTCATTAGCTGTTAATATTCTATCGCAGAATAAGAATCAGATAATTATTGTTGATGGAACAAAAACTTTCCCGGTTCCTGCATTCATTAGAGAGGGAACTTATTATTTGTCGCTTAAGGATTTTGCTGATAAATCGCAGATTAATTATTACTATAATCAGTCTGCAAAGAAAATTGAATTAAAGAATGATAGTTATTTGTTCAAAGTATCTTCAAGAAATCCTTTCATAGTTATTACTGATAGAAGAAAAAATTCGCAGGAAGTATATCAACTTGCAACATCAAGTTATTATGTGGCAGATAAGATTTTCATACCATTAAAGTATAGTGTTGATGTATTGCAAAAATTCCTGGGAACAACCTTAAAGTATGAAGCTCCGAATAAACTGATTCTGAGACGTGGTTCAATTCAAACGGATCTTAGTGAAGTTAAATCAGATTCAAAATTTGAAGTAACCGGTTTGGAAATAGATGAAAAAGCAAACGGCACTTTAATCAGGTTAAAATCAAACAAAAGAATTCCTTCTTATGCAAGTTCATTCAAAGATGGAGTGTTAACACTTATCTTCAGAAAAGTTAATGCAGATATTTCAAATACAGGTTTTGAAGGAACTGGTGGTGTCGTAAAAAAAATTCAATCAAGAAATGTTGGTAATGATCTGGAGTTAAAAATATTTGTCGGACCCGAATACACTACAAACGAAGTAATAAATGTTGAAAAGAGTAACGATATTCTTATTACAATTCATAATAAGCTTTTTGTAAAAACGGATAAATCACCTAAAAAAGAAAAATGGGAATTTGATGTTATTGTGATAGACCCTGGACACGGTGGAAAAGATGCAGGTGCCATTGGAGTAAACGGTGTTAAAGAAAAGGATGTTAATCTTGGAATTGCACTGGAGCTTGGAAAATTAATTCAATCTCAGATGAAAGATGTTAAAGTTGTCTTTACGAGAAAAGATGATTCTTTCGTTGATTTATATAAACGCGGAAAAATTGCAAACGAAAAAAACGGAAAACTTTTTATTTCCATTCATTGTAACTCAACTCCTAAA
NZ_AP026678.1_gap82	2753547	2754076	529	GTTCAAGTTGAAAAATTATAGGTGTAAGAATCATTGTAAATATTGAAGAAGCAAGAAATGAATTATAAATATCGTTGCCAATTAAATTAAACTTTGTTCCTGCCTGAGCAAGAACAAATGAGAACTCACCAATTTGTCCAAGTCCAATTCCACAAAGTATTGCAATCCTCAGAGGGTATTTCAAGGCAAGGACAATAAGAATTATAATGAGCGTTTTAAATAAAAATGCAGAAACAGTTATTCCTGAAATAAGTGCTGGATTGTCGATAACAAAATGAATATTCAAAAGCAATCCAACTGAGACGAAAAATATACTATTAAAAGCATCTCGCAAGGGAAGAATCTCTGCAAGTATCTGATGATTATAATCAGATTCAGCTAAAATTAATCCGGCAATGAAAGCTCCGATTGCAAAAGATAATCCGGCGAGATGAGTTATATATGCAGTTCCGAGAATCAGAAGAATAATTCCAACAGTAAAAGCTTCGCGCATTCTCAATCGTGCAATCTGATGAATAATTGGAGGCAT
NZ_AP026678.1_gap83	2790197	2794353	4156	AATTATTTACTAGAATTTCTAACCTTACTTCATCAACAAACTCAAGTTTACCCTTTTCACCAATTGATGGATTTGATTTATCAGAGCCACGAAAAGTTCCTTTGCCAATTAGTCTGAAGCTGCAATTTGTATATTCTCCAATAATTCCACCACCACTATTATGAATGGCTTCAGCAACTTTTTCAGTAAATCCAACGGGTACAAATACCACAAGTTTCGAAAGATTTTCGGAAATATTTTTTAGAAATCTTATGGAATTTAATCCAAGTTTTTTTGCTAATTGAAAACTTACACCGTCTTTTGTAAAGTCCAGATTAGTATGTGATGAATAAACCGCGATGTCATTTTTAATTAGTTTGTTTATAATATCGGAAGTTTTTTCACCTGCGGTAATTTTTTTGATTGGATAGAAAATCAGGGGATGATGACTTATAATCAGATTACACTTCTTTTTGATAGCATCTTCAACGACATCTTCGTTTACATCAAGACACAAAAGAATATTTTTTATTTTTTGCTGAGATGAGCCAACCTGCAGACCAACATTATCTCTCTCCCAGGCGATACCTTTTGGTGCCCAGGTCTCTATGTATTTTGTAATATTTTCAATCGTCATAAAGCAAAAAAAATGCACCCTTTTATGGGGTGCATTTCGGTTAAAATTTTCTACTTGAGTTTTGAAGATTTTTCAGTGATATCGAAAGTAGCTTCAATTCTTTTGGATTTAGTCTTCTCATAATTTGGTTTATAAATATAATATGATAGTCCAAAATATCCAATGAAAGCGTTGAGATTAAAATCACGGCTCAACCCATTTCCCATCCTCTTTGATCAGGTTGATGAGTTCATCCACTGCATTTTTTGTGGGAATATTCCTTCTTACAATATTTTTTTCACGGTATAGTGTGATTTTATCCACGCCTGAACCAACATAACCATAATCAGCATCTGCCATTTCACCAGGACCATTAACGATACAACCCATAATTGCGATTTTTACACCTTTCAGATGTTCAGTTCTTTTTCTAATCATTTCAGTGGTTTCCTGAAGGTCAAATAGGGTTCGCCCACAGCTTGGGCAAGCAATGTATTCAGTCTTGGAAATTCTCTGTCGTGCTGCCTGAAGAATATTAAACAGTAAACGGTTTATTACTTTCTCTTTGGAGTCGGATTTCCTTATGAAGCTTTTAACATACAATCCGGTTTCAGCTTCTTTGCTTGTAAGTTCATTAACATTTAGCCAAACGCCATCACCAAATCCATCAATAAGCAAAGCACCAAGATCAGTTGAAGAATAAAGCTGTAAATTCTCAAAAGAAATTTTATCATAATCTCTTTTTATGATTACCGGATTTTGAAAATCCTGCAAAATCAATTCGAATAAAATTCTTCTTTGATCTGCCATTCCGTGGAGATTGGTCGTTTCTAAAATCAATACTGCTGTTTTATCATTCTTGATAAGTTTGAAGTTATCATCTTCAAGAATTTCAGAATTGATTTTTACAAAGTTTAATTCATCTGATTTTTTATTGCCAATCAGATAACTCTTTAAATCAAAAATCGGATAACTGTTATAAGGATTTTCAAGTTTTTGCCAGACATCAGAATCGTAAATAGCTTTCAAACCATTCGGACAATCAAAGGGCAGTGTTTCTTTTCCGAGATAAATTAAATCTGCAGCAGTATCTGACAGAAACCACTTATCGCTTGGTTCATCATAAGTGTATCCGATGTCTTCCAAATCTTTTTGAGAGGTAATTTTTCGGTTTGAATAATCTGCCACAACTCTTGGAACATTTGAACCTCCAATACCAAGTATCTCAAAAGTTTTTCTTTTGTTGTAATTGAATGGGTCTATTGGCGATTCGTCAATTGGTTTAATTGGTTGATGATTTTCTCTCCCTTTGTATCTGTTCGCAAGTGAAATAGCAACTGGAGCTTCAAATTCAGGATCTTCTGTTAAGAGAAACACGAATTGTATCTCCTAATCCATCTTCAAGCAAAGTTCCAATTCCCAATGCTGATTTAATTCTTCCATCTTCTCCACCACCTGCTTCTGTTACTCCCAAATGAAGCGGATAATTCATTCCTTCTGCTTCCATTTTGTTAACAAGAAGCCGATATGCCTGAACCATAACTTGCGGATTACTCGCTTTCATCGAAAGAACAATGTTATGATATCCTTCATCTTCACATATTCTTAAAAACTCAAGTGCACTCTCGACCATTCCAAGAGGAGTATCTCCATAACGACTCATAATTCTATCTGATAATGAGCCGTGATTTGTTCCGATTCGCATCGCAGTTCCATACTCTTTACAAATACGAACTAAAGGAACAAACTTTTCCCGGATTCTTTCAAGTTCAGCCTCGTATTCTGCATCAGTGTATTCAATCAGTTCAAATTTTTTCTTATCTACATAATTGCCGGGATTGATGCGAACTTTCTCAACAATTCTTGCGGCAAGTTCAGCAGCATTTGGAGTAAAGTGAATGTCAGCAATCAACGGCACATTATAACCTCTTTTGCGAAGTTCTTTCTTAATATTTTCAAGATTGCGTGCTTCATTTATACTTGGTGCGGTTATTCTAACATACTCACAACCAGCTTCAACCATTCTTATTGTCTGGGCAACCGTAGCTTCCGTATTCATTGTGTCGGTAGTTGTCATTGACTGAATACGGATTGGATTGTTTCCACCTAAAGGAATATCACCGATATAAACTTCTCTGGTTTTATATCTTGAATATTTAGTAAGACTATTGCAATATTTTTTCAGATTTTCAATTTTAGTTTCCATACAGCTATTAAAACCTTAAAATTATAAAAATAGTTTCAACCAGTAATTAAAATATCGTTCAACTGAAAAATGGCAATTATTCATTTAATTTTTGGCAAATATAAATAGAATTGACACGATGCAGAAAACCGAAAATTAGTGAGCTTCAAACTTTGTATATTTGAGATATGAGAATATCCGAATCTAAAATAGAAGAAATAAGAAATGCTGCAAATATTGTTGATGTTGTTTCCGAATATGTGCAGTTGAGAAAAAGAGGAAGAAACTATATCGGACTTTGCCCGTTTCATTCCGAAAAAACACCATCTTTCACTGTAAGTGATGAAAAACAAATTTATCATTGCTTTGGTTGTCACAACGGCGGAAATGTTTTCAAGTTTCTGATGGAGTATAAAAAAATTTCTTTTGTAGAAGCTGTTCAGGAACTCGCCGAGCAATTGGGAATTGAACTGAACTATGATGATTCAATCCCTGAAGGTCAATCAGAGCAGGAAATTCTTTTTGACATTAACACAGAAGTAGCAAGATATTTTTCAAACAACCTTTTGAATGATGATGAAGGCCAGATAGCGAGAGATTATTTTCAGAAACGAAATATAAAAGTTCAAACGATGAGAGCATTCGGATTAGGTTATGCACTCAACGGATGGGAAAATCTTGTAAGCTTTCTTAAACAAAAAAATATTGATTTGGAAAAAGCTCTTCAGCTCGGGTTGATTGGCAGAAACAAGGATGGAAGAGTTTATGATAAACTTGCCGGCAGAATAATCTTTCCGATTTTCTCTCCGAACGGAAGGGTTGTTGCCTTTGCCGGAAGAAAACTTCGCGAAGATGATACAGGTGCCAAATACATAAATTCACCTGAATCAATAATCTATGTAAAAGGCAGAGTTTTATACGGACTTTCATTTGCAAAGGATGAGATACGAAAACTTGATAAAGCAATCATTGTTGAAGGTTATATGGATTTGATTTCTCTTTATCAGGCGGGAATTAAAAATGTTGTTGCTGTTTCGGGAACAGCACTCACTGATGAGCAGGCACAACTACTTTCCCGTTATACCAAAAATGTTGTTCTTCTTTTTGATGCAGATACCGCTGGAATAGCTGCTTCTATGAGAAGCATTGAAATACTTTTACGAAAAGATTTTGATGTTAAGATTGCAACACTTCCATCAGGCGAGGACCCTGATTCATTCGTTAATAAATACGGTAAAGAAGAATTTGAAGAGACGATAAAAAGAGCAGAGAATTTTCTTGAGTATCAGACAGCTTATTATGAAAAACAGGGAATGTTTGACGATCCGACAAAAGCTGCTGAAGCAATTCGTGATCTCGTTAAACCGATTGCAATA
NZ_AP026678.1_gap84	2820023	2821041	1018	GTTGTTCTTGTTTCACTGCCAGCCCAACTTACGCCCCAAAGTCGTATTGCTTCACCTATAAGTGCTATTATAAAACCGGAAATCAATGATGAAACAGAAGCGTTTTCAAAAATTATCATAACAATTAAAAAAGGAATTGGTGTGTAGCTTCTGTATCTGAAAAAAAGTTCTGCAAGTTTTTTCATTTTACTCTGCCTCGTATGCGTGTTTTCTTTTTATTTGTGCCTGATGTCTTTTCTTTAATCTTTTTTTTGAAAGCAATTCTTTGATTCTTATTGTGACATCATTAAAATCTTTAAATGGCCAGTATGAAATTCTTTCGCGCTCACAGAATTTCAGTAAACTATTTTTTGCGAAGATGTAATCACAGTACTGAGAAGCTTCTTTATCTGAATTTCCGTCACCGATATAAATTGTATAATCATCATCGCTGCTGTTGTTTATTATATGATTCTGTTTTGGATTTGCTGAAGAGGGATAGTCCGGATTAAAGTAAGGATATTCAGGAATTAATTTTCCACTAATAAGCCGAAGTTTATTAGAAAAAAATTTCAGATTGGATAATCCTTCCCGCTCCAGAATCCTTTTGATGTAGTAATCAAATCCATCGCTCAATACAAACAATTCAATCTTATTTTCATCACAGAAATTAACAAATGGTTTAAATGTCGGTTCAACTTTCATTTCGTCTATAAATTTGTTTAAATCGTTTTCATCAATCTTGTTAACCGAAGCACACAATAAATCCCAACATTTTCTGGATGAAATTTTATCATTGTGTAAATCCTCAATAATTGTTTCAACCCATTTTGGTTCACCAAACTTTCTGAAAATTGAATCGCCCACATCTTCAGTTGTAATTGTTCCATCAAAGTCAACAAACACTTTAAGTTTACTTCCATCCATTACTTGCTTACAACCATTTTCTTTACAGCAACAAAATCACCAGCTTTCATTTTGTAGAAATAAACACCCGGACTTAATCTTTTAGAATCGAATGTAATTGTATTTTTTCCTG
NZ_AP026678.1_gap85	2826762	2831640	4878	AACAATCGGAAGCAAAGACCAGATTACAGTAAAGAATGTACTTGATAAGTAAACTTTTGTCTTGACGAAAAATGCTGCAGCTTTAATTAAAAGCATAAGTATAATTAAAACCATAATTGTTATAACGAACAACCAAACAATCGCATTGAACGGATGCCAGGCAAGATAACTTACAGCGCTCATAATAGCCGGGCTTCCGAAAGAAAGTAAAAACTTTTCAAAGAAAAAACTTGTCTTCAAATAATAAAGGACATTTGCGGAAATCAATGCGTTTACAAGACTCACCACAATTGCTAGATAGATAGAATGATATGCTGAAATAATTCTTTGATCACGCACATCAGCAAAAAAGTTGTATGGACGAAGTAATGCTCTTGATGCATCTTCACGAAACTTTTTACCAGAATTGACAAGTACACCCATAACCAAAGCAAGTAATAATCCTGTAACAATAAAGATCATCGGAGCATCATCTTTTTTTGCACCGATTGGAATTGTAACTCTTTCTGCATTCCGGAGTTTTGCTGATATAACTTTATAAGCGAGACGTTCTTGTTTTCTGTCTTCAGTTATCAAACCGATTTTGTAAACATTGTCTTCATCATAACCGGAAGTAAGAGAAGCGTAATCTCCTCGCAAATCGAACATCGTATTAACGAAGTATCCTGAAAGATTATTCTGTTCTGAAAAATTTAATAAATCTTCAAAGAATTTTGCCTGTGCTTCGAATGAATATTCATTAACATAACCATCTGTTTGTCCAATGCTTGCTGTGTATGTTGCATCAGAAATAAAAAGGCGGCCTTTACCAATCTTTTCCTGAAGTGATTTTATTTCGTTCTCATAGTTGTTCACAGAATTATTAAATATTTCAATTCCATATAAATCAATTCCTTCAACTTCATCAGCTTCAGTTCTGAAGATAGATGCCGCGACAAGAACATTTCTTTTCGATTTTACGAAAGAAGAAATGTTATTCAAAAATGATCTGTGAGATTCTGATTTCTGAATAAATGATGAGCCAAGATTAAGAACAGAAAAAGCAGAGAATTTACTGTAAGCGTCAATTAGCAGATTTAAATAATTTTTAACTCTTGCAGTAAAGTTTATTGAGTTTGAAAGTCCCTCGGGAATATTGCCAAGTGGTAATTCAACTACTGGAAGAAGTCCGTATGTCTCACACAACTTGAGTAAATATGGATGAGGAATTGATTTAGCAAATCTAACTGAATTAAAACCGGTATCTTTTATCTTGATTATATCTGCTTCCATCTGAGAGTAAGTCATCATACTTCCAAAAGTTTTGAATGATGGAATGTATGTTACTCCGTTTAGTTTGTATGGCTGATTATTCAAAAGAAGATTTTCATTTGAAGCAGTTAAAGAATATAGAGCAATACTTTGATCATATCTGTCAATCAGATTTCCACCACTGAAGATTTCTAATCTTACAAGATATGATTGAGGATTTTCCGGCGACCATAAAACCGGATTCGAAATAGTTAAAGAATTTTTAATCTGAATTTCTCTGTTGCGCTTCAGTTCAAAATCTTTTTTATCGCTCACCGAAAATGTTCTTCCGTCCGGAGAAAAAATCTGAGTTACAAAAGTAAAGTTTGATAGCTCCGGAAGTGTGTCGCCAGGATTTCTGAATTGATTATTAACTATTTGAGAATTTATAGTAACAGTTGCTTTGTTTCCCTTAAAGTCAATTGAAGAGCTTAACTCAGTTTTTTGCAGATTTATGTTTGGTATCAGATGCAGATAAACATCCCGGATAAGTCCACCAAAATTCTGCGGAAAGAAAAATCTTTGTTTAAGAGGAATAGTGTTTTCGGCATCAAGTTTATAAACCAGTGAAACAGAAATAATGTTATCGCCATCGGATTTCAAAATATCTCTCGGTAGTCTTACAGTAAACGGAAGATCACCACCAGTATGTCTGTAAATAATAATTTTATTCAGAGAAATATCAGCAGAATAGTTCAGCCCGAAGAATACTATGTCAATTTTATTTTCTTTTATTTGCTTTTCAGTAAGCTTAAAATTTTTCTGAAAAATAAATTCACCGGAACCTTTAAACACGGATGGAACATTGATATTAACAGATTTTTCCGGATCGTTTTTCGGATAGACTTTCCATATTCCGTTAAGTGGAATAACCTGTCGGGTCTCGGTTATATCGTAAAAAAGTAAATCTGATGTATTTATTTTGTAATTAGGTAAATCTCTGAAAACTATTTGAGGAAAAACGGAGAGATTAAACAAAACAAAAATCGTAGTAAAAACAAGAAAAAACTTACTTTTCAAAGGCATCCTATCGTTTAATAATGCTTAAAAATTAACTCACAAATATATTGTCAAATAAAGGGCAATGCAATTTGGGAGGAAGGGTGGAAGGTATAAGTATTTTGGTTAAAATTTTTCGTAACTGACTACTTAATGAATAAAATTTCAATGTCCGTTTTACCCGACCAAATAATATTATTGTAAAATAGTTCTATTTATCAACTAAGAATTTTTTTTTCATTACACTAACTATTATCATCAACCATCCAATCAGAAATGAAACACCTCCCAAAGGAGTTATCATTGCAAAAAATCTAATTCCGCTCGTTGAGTAGATGTAAAGTGAAAATGAAAATAAAATTATTCCTGCCAAAAAAAATATTGATGGCACATTAGTTTTAATTTTTTCCGATAAAGCAAGTGAAAGTAAAACAACCGTGTGAACCAAATGATAAAGTACACCGGTTTTATAAACCTCGAGCATTTCGGCAGTTAGCTTCTCTTTTAATCCGTGCGCACCGAAAGCACCGATTGCAACAGCTGAAAAACCCGATACAGCAGAAATAACAATCCAGAATTTTTTATTGTTCATAAAATCCTCATTTGCATTGAACTGTTGAACTTGTTTTGAGTAAATTTGTTTGCAAATTAATAACAAAAGGAAAGTGATATGAAATTTTTGCAAAAAATTATTTTACCACTTTTAATTGCTTTGGTAATCTTTGTTATTTATAATTTTTACTTTGCTGGCAAATCCGATTTAGGGTCTTTTAATGATTTTGATCCGAATAATAATGCGGTAAAAGACATTCGCGTTAAACTTTTGAATGAACGTGGAGTAAATATGCAAGGTGGTGAAATTGTATTTTATGTTGTTGACCGGAATGGAAAAGTTATGATGGTCTCCGGAGCATTGCAGTTACCCAAGGATTTTGATAAAGCCGAAACAATTATTTTGAAAGGACATTTAACTCAGGGAGGATTTCACGCTCACGCCGTTGAAGTAGATTAAAGATATGAATGAATTTAAACTTGTTTCTAACTACGCCCCTGCCGGTGATCAACCGGAAGCAATAAAGCAACTTGTTGAGGGAATAAAACGCGGTGATAAATTTCAAACACTGCTTGGTGTAACAGGAAGTGGAAAGACATTTACAATTTCTAATGTAATTGCTCAGGTTAATAAACCAACATTAATTATCTCACATAATAAAACTCTTGCAGCACAGCTTTATTCAGAGTTCAAATCATTCTTTCCACATAATGCAGTAGAGTTTTTTATCAGCTATTACGATTATTACCAACCGGAAGCTTATGTGGTTTCAAGAGATTTGTATATCGAAAAAGATTTTTCCATTAACGAAGAAATAGATCGTCTGCGACTAAAAGCAACAACCGCTTTGATTGAAGGAAGAAGAGATGTGATTGTTGTAGCAAGTGTCAGTTGTATTTATGGAATCGGTGCACCTGATGAATATGCAAATCAGATAATCTTTGTTCGAAAAGGTGAAAAAATTGATAAGAAAAAATTTCTTCGTCAGCTTGTTGATATTTATTATGTAAGAAATGATGCAGAATTTGGTCGGGGAACATTCCGTGCAAGAGGAGATGTGATAGAAATAATTCCTGCTTATCAGAATGAAGAAGCAATAAGAATTTCATTGTGGGATAACGAAATTGAAAAAATTAATATAATTGATGCAGTCACAGGAAAAGTTTTGAGTGAAGTCGAATCAGTTCCCATTTATCCCGCCAAATATTTTGTAACCGACAGAGACAAAATGCAAAAAGCAATTCACAACATTGAGTTAGAGCTTAAGGAAAGATTAGATGAGTTGAATAAAATGGAAAAATATCTTGAAGCTGCCCGGCTTGAACAAAGGACAAGATTTGATATTGAGATGATGAAAGAAATTGGTTATTGCAGCGGTATTGAAAATTATTCAAGACATATGGACGGAAGAGCTCCGGGAACAAGACCATTTAACCTTCTTGACTATTTCCCGGATGATTTTCTGATGGTAATTGATGAATCTCATGTTACGATTCCACAAATCAGAGGAATGTATAACGGCGACAGAAGCAGAAAAGAAACTTTGGTTGAGTACGGATTTCGCCTGCCTTCAGCACTTGATAACAGACCAATGAAGTTTGAAGAATTTGAATCAATGCTTAATCAGGTGATTTTTGTCAGTGCAACTCCAGGCGATTATGAACTTGAAAAATCAGGCGGAGTAATTGTTGAACAAATAATTCGTCCAACAGGTTTACTCGATCCTGAAATTGAAGTAAGACCAATTAAAGGACAGATTGATGATTTGATTGGAGAGATTAGAAAGCGTGTTGAAAGAAAAGAAAGAACTCTTGTTACAACCCTTACGAAAAAGATGGCTGAAGACCTGGCAGATTATCTTGATAAAATTGGAATTCAGGTTCGTTACATACACAGCGATATCGATTCACTTGAAAGAGTGGAGATACTCCGTGATTTACGTCTTGGTGCATTTGATGTGTTGGTTGGTGTAAATCTTTTAAGAGAAGGTCTTGATTTGCCCGAAGTTTCTCTTGTGGCGATTATTGATGCTGATA
NZ_AP026678.1_gap86	2892776	2896973	4197	AGTAGTCAATAAAATCACCACCAGGAATTCCACGATAAGGAATATGCCATTGTTTGATTTCATATCCGTTAAAAGTTGGTGCTCTGTCAGGTACAACTTTAGCTCCCAATGAAGAAGCTGCCTGATGCAATTCAGAAATGGCTTTGTTCCTTTCGTCTTTCAAGCTTTTGATAATTGCTGAAACTTTTGCAATTACAATCTTTGGACCGGCAGTTTTAACTACATAGTCTGTAATTCCTAAATCATACCCTTCAAGAATATCTTCATCTGTAGCTTTAGCGGTTAAAAAGATAAAGGGAACAGTCTTCAACTCTTCATCTTCGAGTAATTTTTTTCTGAAATCATAACCATTGGTTCCAGGCATCATAATATCAGATATGATAATGTCGGGATGGTAATGTTTGGCAACCTTTAGTGCTTCATCAACACTGTTTACAGTATTGCAATCAAATCCTGCTGATTCCAGATTATACTTAAAAAGTTTTGTTATTGTAACATCATCATCAACAAACAGAATTCTGGTTTTTCTTTCGGTGAAAGTTGACTGAATACTTTTCTTCAATCCGTATGTGCGGTAAATTTCTGTTCGTTTAAGAAGTGCCTGAACTTTAAGAATCAGTTCTTTTATATCGAATGGTTTTGTGATTATATCATCACCACCGGATTCAATTGCCTTGAATTTATCTTCGAGTGTATTCTTCGCAGTAACAAATACGAAAGGTAAAAATCTGTGTTTTTCATTGCTGCGTACTTTCTCACAAAATTCAAATCCATCCATTTCATCCATTGTCACATCTGAAAGCACCAAATCAATTTGTTTTTCTTTTAAAATCTGAAAAGCTTCCTCAGCATTTTTTGCTTCGTGCGTAGAATAGTTGTTTAATTTAAGATGGTGAGTAATAAGTTTACGAATGGTTATATCGTCATCAATTACCAAAATAGATTTCTTATCCGCATCTCTCATCGTATTATCAAATTAAAGATTTATTTTAAGATTAGTTCCCGAAACTATCAACAGCTTCTTCAACCGTGTTGAAAGTTTCAAAAACTCTGTGCATTCTTGTAAGCTCAAACATTGACTTAACAGCAGGTTGAAAACCCACAAGTCTTAAATCACCACCAAGATTTGTTACTTTCTTGAGTGAAACAACAAGAGCACCAAGAAAAGTTGAATCAATAAATTCACAGGCAGATAAATCAATTACTATTTTCCGGTTTCCAAGTTCAATATCTTCGGTAAGTTGTTGTTTAAATTCTTCGGCTTCACGAAGTGTTGCACGATGAAGATTTATTGTTTCAATCAGAACATCACCGATATTTTTTTTCTCAATATACATTTTACTCCCAGAGTTTAATGTTCAATGCCATATTTATCCATCAGACGATAAATTGTTGCTCTTCCAAGTTGAAGCTTTTTTGCTGCTTCAACAATGTTACCGTCGGTTACTTTAAGAGCATGTCTGATAGCTTCTTCTTTTAATTTTTCGAATGGAATTATTGTATCGTCAGTAAATAATGGTCCCGCAAAATCAAAGCTTGCAGGATAATCTTCAGTTCTGATATGCGGTGGAAGATCATCCACATCAATCATTTCTCCTTCGGAAATAATCAAACATCGTTCGATAGTGTTTTCCATTTCACGAACATTTCCGGGCCAGCTATAATCATAAATTAGTTTTAATGCTCTTCTTGTAAATCCTTTACAATTCTTTCCGAGTTTTTCATTAAACTTTTTTAGAAAGTGTTCGGCGAGAATTAATATGTCACCACGTCTTTGTCTTAATGGTGGAATGTGTATTGGGAATGAATTCAATCTGTAAAATAGGTCTTCACGAAATTCTTTATTCTCTACAGCTTTCTTTAAGTCTTTGTTGGTCGCTGATATTATACGAACATCTGTTTTAATTATTTCAGTTCCACCAACTCTTTCAAATTCCTTCTGCTGAATTACACGAAGAAGTTTTGCCTGTAAAACCATTTCAAGCTCACCAACTTCATCAAGGAATATTGTTCCACCTCTGGCTACTTCAAATTTACCAAGCTTCCGCTGATGAGCGCCTGTGAATGAACCTCTTTCGTGTCCGAACAATTCACTTTCAAGTAATTCTCTTGGAATTGAAGCACAGTTAACTGCTATGAAAGGTCTGTCTTTTCTTTTACCGTTGTAATGAATAGCTCTTGCGATAAGCTCTTTACCGGTTCCGCTTTCACCATAAATCAAAACAGAGATGTCGTTATCCAAAACTTTTGAGACAAGCTTAAAGACATCCTGCATTTTCCCATCAGCAGAAATTATGTTATCAAAGCTATAGGTTTGTTTAACATTCTCTTTAAGGTTTTGTAACTCTTTGGTTAAATCATAACTCTTAATTGCATTTTTAATTGCAAGCTCGAGTTTTTGTTGGTCAATAGGTTTGGTGAAATAATCGTATGCACCGAATTTAAGTGAGTCAACTGCAACCTCAATGCTACCTTGTGCAGAAAGCATTATCACCGGCAAGTTTTCATCGAAAGCTTTTATTCGCTTTAATGTTTCTATTCCATCTAATCCGGGCAACATTATATCAAGCAGAACAACATCCGGACGTTTGTGTAAATTTTTAAGAACATCTTCCCCCGTAGCAAATGATTCGGCGTTATATTTCCATTTATCTCTGACCCAATAAGTTAGCAATTTGGAAATCGCCTGTTCGTCGTCAACAATAAAAATAAGTTTTTCCAATTTAGAACCTGTTAGTTTTTATCCTTTATGTTTTTTAATAATCGAATAATTACGGTTGTTCCTTTATGTTCTTCGCTTTGAATATTGATTAATCCCTTATGCAAATCTACAATTTGTTTTACAAAAACCAATCCAACCCCAACGCCTTCTGCTTCTTCAATCGGTCTGTTCGCTTTATGGAATTTCTGAAAAATATTAGGCAATTGGTCTTGCGGGATACCAATTCCTGTATCGGCAACGATAATTTCTACTTCCCTGAAAAGGTTGTTAAGGATAATTTTTACTCTGCCAAGCTCTTTTGTAAACTTAATTGCATTATTAAGAACTGCTCTTAATGCCATTCTTAATCTTTCTTCATCGGCGTCAATCAATAATTCGGCATCGGGCAGTTCAACACTAAGAGTAATATTTTTTTCTACGGCTTGAGTCACAAATTCATCAATAACTTTTTGCAAAGTACGAACAATATCAATTTTTGATTTGCTCAGAACAATTTTTCCTGTTTCCATTCGCGAAAGTTCAAGCACTTCGTTAATCAATCTGGCAAGTCTTTTACCTTCGTTAAGAATTATGTAATTAAATTCTATTTTCATTTCATCAGGCATATTCGGATCAGAAGCAATTGTTTCAGAGAATCCAACTATTGAAGCAAGCGGTGTCCGGAGTTCGTGAGAGATATTCGACATAAATTCATTTTTCATCTTATTTAATTCTTCCAAAACAGATTTTTGCTGAAGAACTCTTGAGCGTTCAAGATTAATCAATCTTTCAAGTTCAATCATTTTGGGTTTTAGTTCCTTCAGCTCAGCTTCAAGCTTTTTTACCTGGGTTATGTTTTTACCTGCTCCTAATAGTCCTGCAATCTTTTCACCGTTTTTTACAGTCCGGACATTCATCGAAAAAAGCTTTGGAACTTCGAATTTGGAAATTAGATGAACTTCAAGTGATGATGAACCTTCTTTGAGAGCTTTGTCAATCATATCTGTTGCGGCTGCAATACTTTCTGAGTCAATGAATTCGGTAAAGTGTTTACCAATTACCTCGGCGGGTGAATAATCAAGTTCTTTGCATCCATAATTATTAGCTGCAACCACAAATCCATCTGAATTGAGAACGAATATCAATTCCTGAGATATATCAAAGAAACTGAGGAATAATTCTCTCCAATCACCAAATTGTAAAAATGCCCGATGATCAAAATGTTCCAGTAATAATTCACGTATTTTATCTTTTTCCAAAATGTTGCTCATCTTCATAAAGATAGGTTTCCTGAGGTCTGAAAATAGTATGAAATGAAAAGTAAATCAAACTTATATCAATTAGGTTTTACCTCTTGCTGAATAAGTTCGAAGTATTTACGAATGAGTTCTTCATAATCTTTACTATATCCTTCGCGAATTGCTTTATCAATCTCATCTTTCAGGAAATCTTTCTTTTGTTTAAGCAGATTAAGCTCTGAAGGACTTTGTCTTACA
NZ_AP026678.1_gap87	2899091	2901756	2665	TTTTTGTCGCCCGAGATTCTGATTGAACCACTTGCCTGATTATTGTTTGAGGTTAACAGAACTTCGCTTGAATCACTAAAAACTATTTTACTGCTTTTAACCTCTTTACTTGCAATCAACTTGTATTCTACTATTGAACCTTTAAGTGCCGTGATGTTGCCATTATCTTTCTGTTCGGTTACAGGAAGTTTTGAATATGCCGGAGGAATAATTTTTACTTCCAGAAGTTTTATTACAGGATGATCGGTTACTTCAATTTTATATTCTTCACTTCTTATTTCTTTAGCAAAAGCAAAATAGTCTGTTGTGTTTCTGATATTCTGAAATTTGTAGGAATATACTCCCACCGAATCTCTTTCAAGTTTATGATTTGTAAATCCTGTTTCTGTAACATCTTTCTCTGCTAAAAATATTTCGCCAGGATCTTTTCCGGTTACTTTAATCTTAACTTCAACATTTTCTCCTTTAGTGATTTTGGTGTTGCCGGGAAAAACCTCAAACTGAAATTCTGCAGGAGGAATAAATTTTTTTCCATAACTGAAAAATCTTCCGCTTGCAGTAGCGATTGGTGAGATGAGCAACACCGAAAATAAAACAACAGCAGCAATTACTATAAAATTTGTGAAATGTTTTTTGAGTGAATTGAATGAGATGATTTCGGAAAAATCAATGTCTTTAACTTTCTGATAAACATTACTGAATGCCGCATCAATTAATTCAACTGAATAAAGATTTATTGTTGAAGTGCCATTAACAAGTTGAAGTGAATTAAGTAACTCGTCTTTAACAAAAGGAAAGTGAAGTCCGGCAATCTTAGCGGTTTCAAAATAATTTCTCGAAGGGATTATGTTGAATAGTTTAAGTATTGGAATGAACACAAAGTAAGCAAGTGATGAAATAATAATTACAACCCAGCTATAAAAAAGTATAGTTCTTATTGAAGCTGAAAATCTGAATAATGATTCCGCAAGTATAAACAGGAATAATGCAGCAATTATGATTGAAAGACTTATCAACAATCCTTTGGCAGTAATCAATGAAAAATTTTTTCTGACAAGTTTTTCTAGCTTACTGATTATTTCGCTATAATATTTTGATTGCGATTCACTCATTGACTTAGTGCAAATAGAATAATGTTAGTACCAAATTTAAGTGCTTCAATTCTTTTTTCTTCCGGATCTTTATGAACTTCAGGATCAGCCCAGCCATCACTTGGATTTGATTCATAAGTATAAAGCACAGCCATTCTTTCGCCAATGAAAATTCCGAATGTCTGAGGTGGTTTTTTGTCGTGCTCGTGCGTTTTAGGAGCACCATTATCAAACTTGTAATAAATATTAAAGAGTTTGTGTGAAAAAGGAAGTTCGACAAAATCTTTATCAGGAAAAACTTTTTTCATTTCTCTTCTTATAGCTTTATCCATTCCATAATCATCATCAATGTAAAGAAAGCCACCGTTTTCAAGATAAGTTCTTAAGCGTTTTACTTCTTCATCGCTAAATACAATGTTGCCGTGACCAGTTATAAAAAGAAAAGGATAAGAAAAAATTTCATCGCTCTGAATGTCAACAAATTTATATTCAGGAATTGTTTTGATGTTTGTATTTGCTGCAACATACTTCAGCAAATTAACTTCTGCGGAAGGATCATTATACCAATCACCTCCGCCATTGTATTTCAATCTTGCAATAATAAAACCATCTTTAACCTGCGCTAATGCAGACTGAAAGCAAATTAAAATTATTATAGGGACAATCTTTTTCATTTTTCTACTTAAAATTTCTGTTCAAAGATAAATCACAACAAGCTTTGGTTTAATGGTAAAAATCGGTACAGCAAACTAAAAAGTGTAATGAAACTGCAGATAAAAATTCAGATAAGAAGGAAGTGAACCTGTAAAAGTTAAACCATACTCAACTGCCGCACCGGTTTTTAATCCTCTTAGGTTAAAATCTCTCATATCATATCCGGCTAAAAATGAAAGTGCCAAACCAAACTCCCAGGAATTTTTATCAACAAAAGTTTTATCGTTGAGAGCAAGTAAACCAATTCCTTCTTCAAGAAAAATTTTACTATCAAAATATTGTGAAGTAACACCTTTAAAGTTTAATCCAAGCATTGATGGATAATATGCTTTTCTGTTATTAGGTAATACTGCGTTAATGTCTTTCATAAAAGTTATTCCGAGTCTCGGGAAAACTTCTTCAAATAATGGAGTATCAGTTTCAATAAAAAGTCCCGAAGCAAAACCTCCTACTGAAGGAGAATTGCTGCTGAATGAACTGGCACCAAGTATTGTTCCTGCACTTATTGCAACTTGAGCAAATAAACTTGATGAAAACAGTAGTACAAGTATAAACGGAATTTTTATTTTCAATTTAATCTTCCAATTTTGGCGCATCAAAATAATCAGCTATTGACCAAAATAAAAGGATATGAAAATGGATAAACAATTATATCACTATAAAGCAAAAGTAACTTCTGTTTATGATGGAGACACCTGTACAATTGATATTGATTTGGGATTGCATACATGGATTAGGGGAGAAAAAATTCGTCTGAACAGAATTAATGCCCCGGAGTTAAAAGGCAAAGAAAGAAATAAAGGATTAGCTTCACGGGATTTTCTAAAAAATTTAATTCTTGATAAAGAAATAATTATAGA
NZ_AP026678.1_gap88	2913208	2916959	3751	ATACAAGCTGGCTTGAATCAATTGCGGATGTTGTAATTATCCAACCGGATGAAAATGGTCTTGTTGATGTTTCTGATCTTGAAAAACAACTAATAAAACATAAAAACAGGAAGTTAAAAATCGGTGCGTTCACTGCTGCTTCAAATGTTACAGGAATTGAACCACCAATTTACGAGCTTTCAAAAATTATGCATCGTAATGGTGGATTTTGTTTTGTTGATTTTGCCTGTGCCGCACCTTATATAAAGATTGATATGCATCCCGAAGATCCCGAAGCAAAACTTGATGCAATATTTTTCTCGCCACATAAATTTCTTGGAGGACCCGGAACATCCGGAGTGCTTATCTTCGATTCCAAACTTTACAAGAATAAAGTTCCTGATCTGCCAGGTGGTGGAACAGTTGAATGGACTAATCCGTGGGGACAACATAAATTCAGTTCTAACATTGAAATTCGGGAAGATGGCGGAACGCCTGCTTTTCTTCAAACTATTAAAGCCGCTCTTGCAATAAAACTTAAAGAAGAAATGGGAGTTGAGAATATCAGAGCCCGTGAAGATGAACTTGTTCATATTGCTTTTGAAGGCTTAAGAAAAATTCCTAATCTCCACATACTTGCAGATAATGTTGAACACCGTCTTGGAGCAATTTCATTTTATGTTGATGATATTCATTACAATCTGATTGTAAAATTGCTGAACGACAGATTTGGTATTCAGGTTCGCGGCGGATGTTCGTGCGCTGGAACTTACGGTCATTATCTTTTGCATGTTGATCCGAATCGTTCAAGAAGAATAACTGAAAAAATTGATGAAGGTGATTTAAGTGAAAAACCGGGTTGGGTAAGATTATCGCTGCATCCAACAATGACAGATGATGAATTAAGCTATATCATTGATGCGATTGACCAGATTGTTCTGAATGTAAATCATTGGTCAAAAGATTATTGGTATGACAGAACGAAGAATGAGTTCTTTCATAAAACTTACGATGGCAGAGAACACGAGAAAATAAAATCGTGGTTTCAGTTAGGTATTGTTGAACCAGTAGAAGATTAAAATTCCGTTCTTAAAAAATATTCACATCAAAACAACTCCATAGAAAGGAGGAAAGTGCGATGTTAACCTTAGGAGCTTACGAAAAATGTAAGCGTTATATCGAATCTCACTCCAAAGAAGCAACAGAAACACAACGAAGAAAAGAACAATTCCCATGTATTACAATTTCCCGTCAGACAGGTGCTGGTTCTTATGAGGTTTCAGAACATCTGATAAAAATACTTGATAAAGAAACGAAAGAGTCCGAACAAAAGTGGACTTATTTTAACAAAGAATTAATTCAGAAAGTAATTGAAGATCATAATCTGCCATCTATTGTGAGCAGCTATTTAGCTGAAACAAAATATCAGCACATAAACGATGCTGTATATGAATTACTTGGCGTGAAACCATCTGATTGGACTTTGCTGCACAAAACCACTGAAACGATTTTACAAATTGCCCGTATGGGTAAAGCGATTATTGTAGGTCGCGGTGGAAATGTTATAACTTCAAAACTTCCGAATGCATTTCATATCAGACTGGTTGCACCATTAGAAAACAGAATAAATCATGTTCGGGAAGTCTTTGGCTACTCCAAACAAAAAGCTATTGAATACATTGAGAGAGAAGATAAAAACAGAAAAAAATACTTGAAGACTCACTTCTTCCGTGATCCGGAAGACCCAACACTTTATCATTTAATTCTTAATACAGGTGCACTCACTTTTGAAGAGTCGGCGAAAACAATAGCAGAAGCTCTGAGAATAAAATTTCCTAAAAGTTTTGTTTGATGGTTACAGTAAGAAATTTTTAATTGCCTGATTAACTTGTTCGGATTTTTCTATCTGTGCAAAGTGTCCACATTCATTAAGCAGGATAAGATTTGAATGTGGAATTTCAGCACAGCCTGATTTTGCAATTTCTTCTGTAGTAGTTCTGTGCAGGTATTTATTAGGGATGAGAGAGTCATTCTTTCCGAAGATAACAAGAGTATGTTGATTTATTTCCTTTAGTCTTTCGAATATTGGTTGTTCAATCATTCCCGAAATTGAATTTGATATTGCAATACAATAATTGTAAAACTCATCATCTTCTGAGATTTTAATTCTGTCATCAATCAAAAACTTTGCTTCTTCAGGAAAATTATAGAAACTCATCTCATAATTAGTTTTAATTTGGTCAATCTCTGTCGTTAAAAAGTTTTCGGGCTTAGTAATGTTTTTTATTATCTGAATTTCTTCTTTGGTAAATCTTTCAAAGCCGGCTGGTGCAATCAGAACTAACTTATCAATCAAGTCAGGGAAATACAGTGCACAGTTGATTGCAATTTGCCCACCCATCGAATGCCCAACAAGATTTGCTTCGGCAACTCCTATTGATTGGATAAATTTCAAAACGATGTTACTATAAAATTCCATCGAACCCGAATGAATTTTCTTGTCAGATTTTCCAAAGCCAGGCAAATCCATTGCAATACATCGGAAATGATTTTTGAGCTCTTGTATATTGAACTTCCACGCAGGTATATAACTACCAAGACCGTGAAGGAATAAAATGATTTTATTACTTTGTCCTTCATCAACATAAGCAACTCTGTAATCATCAACTTGAATGAACTTCGTTTCGAAAGGATAAACCATAATAGAAAATATTTCAGACATAATTAATCTTTGCGATAAGGTTGACCAATTCATTTTAACTTTGTGTCCTGGTGACTTGGTGGCATTGAATAATTTTTCCTGTTGCAACCAAGACACCAAGACTCAAAGAACAATCAAAACATCCAGCTAATTCTCAGAAATAATTATTTCAAAAAGTTGATTACTGCGTTGTTAAATTCTTCCGGCTTTTCAATTTGAATCATATGACCTGCACAATCTATTTCAACTCTTTTAGCATTTGGAATTTCTTTTTCCCCTTTTTCAAAAACATCAGAAGGGAAGCCGGGATTAAGATAAGGATTTGGAATTAGTCCATCATATTTGCCGTGAATTATAAGTGTCGGAACTCTTATTCCTGAAAGTTTATTATAAGTTGGTTCATCAAGCATAGCATCAACACAGCGATCAACAGTATACGCAAATTCATCAAAGTCTTTTGCTTTCCTCATTCTTACTCTTTCCTCAACCATCCATTCCCATTTATCAGACCAGTTATAGAAATTGTTTGAAAGATTTCTTCTGATACCTTCTTCTGTAGTTGCTTTAACTCCTGACATTGTTATTACGCTTCTTAACCAGTCACCTTCGCCTCTTTGGAATTCCTCAAATCCAGCAGGAGCAGCGAGCACAAGCTTTGAAAGTTTTTCATGATACTTCAGAGCAAAGATTATTGATATTTGTCCGCCCATTGAATGTCCAACAAGTGTAACATTCTTAAGATTCAATTCATCAATCAGGTTTTTTATTGCGTCAGCATAAAAAGAGAGTGTGTAGGGGTAATTCCCTTTTTGTGATTTTCCGTATCCGGGCAAATCAACAGCAATCACACGAAATTGTTTTGACAATTCGGGAATATTATATCGCCAGAAACCTGCATTACTTGCAAGTCCGTGAATGAGAACGACAGTCTGTTCGCCTTTACCTTCATCAATAAAAGAAATGTAGGGATTATCTAATGCTCTCTTTGTATTAAATCCATAATCAATCTGATCGAACTCTAAAGCTGGTTTATCCCAATAAAGATAACCACCGGAACATGCCTGAAGTATA
NZ_AP026678.1_gap89	2918279	2921223	2944	ATGGTTTATAAACCATAAAAGGAACGAATCGTTGTTCCAGATAAACAGAGGTTTGCGGAACTGTATTGGTTGAATTCTGGCCGAATAATCTTCCAATCACTTGTCCCTGAAGAATATCATTAGTTGGTGTGATATTGGAAGATGTCATTCTTGTGAATGAGTAACCTATAAACTGAAACTCTTTTGGCGGTGGATCATTTAATCGGTTATCATCCTGCGAGAATGAAATGATATTTATTAAAACAAGAAAAAATATTATCAGGATTTTTTTCATTGGTTAACCTCCAATGATTAATAAATAAAAAGGACGGCATAGGTAGCCGTCCTGATTGAAAAAATTATTGCTTAACAAATACTTGAATCCAGGTTGCACCCAGAGGAATAGAATTGTATTTTGTGCTTCCAAATCCTTCTGCTGCAGTTGGGGGAGTAAAGCCGGGAATAGCAGGAGTTGTTTGGATTACTTCGTAAGTCAAGTCTTTAGTTGTAACTCTGTAAATTCCCTGCGATGTTACAGAAGTTGGAGTTGTTTGGTTCAATGTAATGTTTCTGATTGAGGTATTTGAATTTGCCTGTGTTGTGAATGTTCCGGTATAAGTAACACTGACATCAAAACTATCAGTTGCAACAACTGTGTACGTATTGTTTGCATTGAATGTAGCAACAATTTTCTTAGTCTTGAGAGTGGATTTTAATCCTGGTGCAACATTATCACCTTCAGAAACCCAGGTTCCTACGAGATATTCTTTTGTTGGATTAGCAGGAACAAAATTCTGAATCCAGGTTTGTCCAAGTGGAACTCCATTGTATTTGGTACTTCCAAATCCTTCTGCTGCAGTTGGAGGAGTAAAACCAGGAATTGCAGGTGTAGTCTGAATCACCTCATATTTAAGAAATCCATCCGAATCAACCTGATAAATTCCCTGCGAGGTTACCGAAGTTGGAACAGTCTGATTTAATGAAATTGACTTTATAGAGGTTCCGGCATTTTCAGTTACAGAATAAGTTCCTGAGTAGGTTACCTGAGCATCGGCACTATCTGTTGCAACTACATTATAGGTATTGTTTGCATTAAATGTAGCAACTATGCGAACTGTTTTTAATGTGGCAACCAATCCGGGTGCAACATCAGAGCCTTCTGAAATCCAGGTACCAACAATCGGATCTTGTGGTGGTGGAGGAGTTGTTCCATTGTCATCACTGCTGTCGCATCCGACATATAAGAATGTCAATGAAGCAAAAAGTGCGAAGATAAGTAGCTTTTTCATAGTAGCTCCTTTCATTTAGTTATTAGATTTGTTAATTGAATTCAAGTGTAATTCGAGCAATTTCTTTTTATCAATTTTACCAGCATCATTTTTTGGTAACTCTTCTAAAAATTCCACATAATTTGGAATTTTATACTTGGCAAGATTTCCAAGACAGTATTTTATAACATCTTCACTGGTTAATGATGAATTTTCTTTTAACACCACATAAGCTTTTCCAACTTCACCCCATTTCTCATCAGGTACACCAATAACTGCTACTTCTTTAATTGCGTTGTTCGTATAAAGAAATGATTCTATCTCTGCGGGATAAACATTTTCACCACCACTGATGTACATATTCTTTTTCCTGTCAACTACATAGAAGTATCCTTCGCTATCTTTTTTTACTAGATCACCTGTGTGAAACCAACCATCAGTAATAGCTTCTGAAGTTTCTTTTTCTTTTCTCCAATAACCGGGAGTTACAACAGGGGAGCGAAGCCATAGCTCTCCGACTTCATCCGGTTCACATTCTGTATTATCGTCTTTCATAATTTTTGCATCTATATAAAAATTCGGAAAGCCAATTGAACCTTTCTTTCTAATCGCATCATCCTGATGAAGCGAAAAACAATTTGGTCCTACTTCCGTTAATCCGTAACCTTGTCTTATAAAAATTCCTTTCTGATGCCAGATGTTAATAAGCGGAATCGGCATAGGAGCACCGCCAACAATTGCATATCTCACTGATGATAGATCAACTTTATTAAATAACGGTGAATCTGCCATCATCTGAAGCATTGTTGGAACTCCGAATAGTATTGTTGCTCTTTCCTTTTCCATCAGTTGCAAAATCAAATCAGCATCGAAATGAGTAAGCAGTGTGTGCGAAGCACCGTGATGAAGAAATGGTGTGAATAAAACATTCCAGCCACCAGTATGAAAAAACGGAGCGAAGCTTTGAGTATGATCTTTTGAAGTTAAGTCTAATCTTAATCCAGTGTTAACAGAATTCCAGAATAGCATTTTGTGTGTTATGATAACTCCTTTTGACAATCCTGTTGTTCCTGCTGTGTAAAGAATCATTACCGGAGTATCTTCGGAAAATATTTCGGAAGGATTGAAATCTGATTGAACGGAATTTTCCAAAAGAAACTTTTCAATCTCTTCTAATTTTTTTACTGACTTTATTTTTTGAACCGCTGAAATTTTTGGAATGTGATCTGAAAATTCTTCATCATAATAAAAGATTGATGGCTCAGCATCGTTAATTAAAATGTCAAGTTCTCTTGGTGTAAGACGAAAGTTTAATGGAATGAGAATAGCACCGATTTTTATGCAGGCAAGAAATAAAATTACATGCTCAGATTTATTTTTTGAATAGATGGCAATTCTGTCGCCTTCTTTTATTTTGTACTGATTCACTAAAAATTCAGCCAGTGCGTTTGTTCTTTTATTAAAATCGGAATAAGTCCATTGAACATCTCTTTGATGTTCTCTGATGAACATTCTGTTTGGAGTATATTTTGCCCACTTTGCAAGCCAGTCAGTTTGAAAATTATACATTGGATTTTCTCCTTTGTATTAAATGAATCACCACACCAACAAATACCGATGATAAAATTGCAATAGCAGCAGCAACACCGGGGTTTTCGCCTGTTGCAATGCTAAATGGAACTTTAATATGTCCGTAG
NZ_AP026678.1_gap90	2934443	2936043	1600	GTTTCAACTCCATACTTTTTCATTACGGTATTCAGTACCGTGGTTGTTGGTCCGTAAACAGCAGATGAACATACAACATGATCTCCGGATTGAAGAAGTGTAATAAATATAGTACTGATTGCTGCCATTCCGCTACCACAACCAAGCGCTTTATGTCCGCCTTCCAAAGCAGCAATAGCATTTTCCATTGCTTCGACAGTTGGATTAAGCATTCTTGTGTAGATATAACCTTTCTCTTCGCCTGCAAAGAGTGATGCACCGTGTTTTACATTCTTAAACTTAAATGTTGAAGTTTGATAAATCGGTGGAACTACTGCTCCGTATTCATATTCATCAATGCCGGAATGGACACATTTGGTTTGAAAATCGAATTTTGAATGGTTTTTCATAGAACATTCCAATTAATAATGATAAAAATTTACTGCTCAAACTTAAGAAAATTTTTTTGAAAGAAAGTTTTATCTGTAGAACTGTATTCTTTGATATCCAAAGTTAAATTAAACTCACAGTTCTTATTGACAAATGATTTATAATTTTTATTTTTGTGCAAGCGATGAAAAATTTTAATAATACATATCACCATCATCATCATTCTAACGCTCTTGGAGTGCGCCGGTGATGTGTATTTAATTTGTTAGAAACATAATTGAACTAAACCCGGCGTAAGTCGGGTTTTTTGTTTTAAAGGAGTTTAAATGAAAAACAATGGAAATCTGAAACTTGCAATACAGAAGAGCGGAAGATTATCTGATAGCTCTCTTCAGTTGCTTAAAAATTGCAATCTTGATATAGAAAAATTTAACGACAGACTTGTTGTTAGTGTAAGGAACTTTAAACTTGATTTGCTTTTCCTTCGTGATGATGACATTCCTGAATATGTTCAGGATGGTGTTGCTGAACTGGGAATTGTTGGACAGGATGTTCTTTACGAAACCAAAGCAGATGTAAAAGTAGTTACGAAACTCGGATTTGGAAGATGTAGTCTGAGAATTGCAATTCCTGAAAATGATGATTTACGGGACATTGAAGATCTAAATGGTAAAAGAATCGCAACATCATTTCCAAATATTCTTAAAGACTTCCTCAGACAGTATAAAATTGATGCAAAGATTGTTAACATTAGTGGAAGTGTTGAAGCAGCTCCGTCACTTGGTATTGCAGATTACATTTGTGATCTTGTTTCAACCGGAAATACTTTGAAGCTGAATAAACTGAAATCATCAATCAGTGTGCTGGAATCAGAAGCGGTTCTTATAAAAAATAAAAATCTGAAAAATCATTCGGATAAATATCAAATCTTTCTTAAACTTCTTTCAAGAATTGAATCCGTGCTTAATGCAAAGAATTCAAAATACATTATGATGAATGTTCCTAAAAATTCTCTTAAAAATATTTTGCAGATAATTCCATCACTTAAAAGTCCGACAGTTCTGCCACTTGCTGATGATGAATCACTTGCTGTTCATGCTGTTATACCAGCAGAAAAATTTTGGGAAATTGTTGATGATCTGAAATCGGCCGGCGCATCGGGAATTTTATTATTACCAATTGAGAATATAATCATATGAAAAAATATTACTTAAAAAATCTCAGTGAAGCA
NZ_AP026678.1_gap91	2949910	2951712	1802	AGCAGAAAGTAAACGACTTGAAAATGAATACATTGCTTCGTTAAAGAAGAAGTATCAACCAGTTATCTTTTATGATGAACTTTCAAAAGCTTTTAAAGCTGAAAACTGATAAGTTATTACTGTTATCTTTAATTATACTTTTTACAAGTTGTTCGAAAGAAGAAAAACAGAAAAGCTATCTTGCAAAAGTTAATGATTCATATCTGACCAGGGAAGAATTAGCTTCCCTGGTTGATACTTCAAACCTCGATGCTTCCGAAAAAAATGCATTGATTAAAGATTGGATTTATAACGAACTTCTTTACCAAAAAGCTCTCGATGAAGGAATAACTGATGATGATAACTTTAATAATATTTTACAGAGTTCTTACAAAAAACTGGCGATTGCTTTATTGATACAAAAAATTTTTAATGACACAGAAGTTGAATTTAAAACATCCGACTTATTAGAATATTACGAAAAGAATCAAAATTATTTTATTCGACCCTTTGAAACATATTTGATAAATCATGCAAGATTTAAAGATGAATTAACTGCAATCAGATTCAGAGAAATTGTTCTTGAAAGTAATTGGGAAAAAGCCACACAATTTTTTGACAAAAATAATTCAGTTATATTTTCTGAGAGAGGAAGCCTTAAAGAGCTGACAGAAATTTATCCTGTTGAAGTTGCAGATGCAGTTAAATTTCTTCTGCCTGATGAAGTAAGTATTGTTATAAGAGATAAACAGATGACATACAATGTTGTACAACTGAAAAGAAAGTTTAATGCATTTGAAGTATTACCTTTTGATGTTATTGAAAAGGAAGTTGAAAAAAGATTTATTGACGAACAAAAGTCAAAACAATTTGAGAACTTTTTAAAGGAACTTTACTCTAAAAGTGAAATAGTAATAAAGGAACGGTATTGAAATGAAATTTAATTTAATTGCGATAATTCTTTTTTTAGTTAACATTTCATTTGCTCAGCAGGCACTCGATAAAGTTGTTGCAGTTGTTGATAATGAAATTATTCTTCAGAGTGAATTAGATTTCCAGGCAATAATGTTTGCTGCTCAGAGACAAATTGATCCAAATACTCCGGGACTCAAAGAGCAGATTCTTAATTCTCTGATCGAAGAAAAACTACTTTATGCTCAGGCAGAGCTTGATTCAATAATTGTTACTGAAGATGAAATAAATCAGAGAATTGATTATCAGATAAAAGTATTAACTCAGCAACTTGGTTCGGTTGCAAACATCGAAAAGCAATACGGAATGAGCATTGACAGAATTAAAAGAGAACTTCGCGATGATGTTAAAAAGAATGTAATGGTTCAGCGACTTCAGGAAAAAAATTTCGGAAACATTACTGTTACATATCCTGAGGTTGAAGAATTTTATAAAACATTCAAAGACAGTCTTGGAATGATTCCCGAAAAAGTTACAATTTATCACATCTTTCAAAATCCAAAAGCAAGTGAAAGAATCAAGAAAAAGTTTAAAGAAAAAGCTCAGGCACTTCTGGATTCGATAAAAGCCGGAGCAGATTTTGCTGAACTTGCAAAGAAATATTCCGAAGATCCGGGAAGTGCTGCTGCAGGTGGTGATCTTGGCTTCGTTAAGAAAGGAGTTTTTTATCCTGAATTTGAATCCGTTGCATTCAGATTGAAAGAAGGAGAGCTTTCTGATGTTGTTGAAACTCCTGTTGGATTTCATATTATTCAACTTCTTGAAAGAAGAGGCGAATCAATTCACACTCGTCATATACTAATAAAAGTTAAAGCTGATGAAGATGCAGATCTTCAGACGATAGAATTCCT
NZ_AP026678.1_gap92	2967390	2969645	2255	CGGGTCCGTCGGAAGATGCCGCCGTCATTACAACTTTAATTTTCCCTTTTTTCAAATCTTCATTGTGCCAGTCGGGTCTGAGCTTAATAATTTCATCGTAGAGTTTAACCGCAATACGGCGGGACATAGCAACGATCATTGCTTTGCCTTCAAAAACTTTCTGTCGTTCTTCAAAATGATAAACAATATCCGCCGCTATCTGTTTTAATCTGTCTTCGCTTCCCACCAATGCTTCCAGTTGAGTCCATTTTGCTTTAGCTCTTTGAGTGGAAGTTATATCTTCGTTTTCGAGTTCAGCGTCAAGTTCTTTAATTAATTTTTTGCCTTCTTCGCTCAAGTTAATTTTTGCCAATCTGCCTTCGTAGAATATTCTGACAGTAGCGCCGTCTTCAACCGCCTGAGCAATATCGTAAATATCCACATAGTCGCCGAAAACTGCCGGTGTGTTTTTGTCCGTTTTTTCAATAGGCGTTCCTGTAAAACCTATAAATGTAGCATTAGGCAAGGCGTCTCTGAGATATTTAGCAAAACCGTAAACCGTTTTTTTACCAATAAGATTTCCATTTTCATCTTTTTCATCTATCGTTCTTGCTTTGAAACCGTATTGCGTCCGGTGAGCTTCGTCAGCAATTACAATTATATTTTTTCTGTCGGAGAGCAATTCAAACTCTGATCCGGAATCTACTGATGATGTGTTGTTATTTGTAAATGAATCATCCGGATAAAATTTCTGAATGGTTGTGAAAACAATTCCGCCCGAAGAAACTTTTAGCAATTCCTTGAGGCGCTCTCTATTTTCAGCTTGTACCGGTTCCTGTCTGAGCAGTTGTTTCGAATCGGCAAAAGTATCGAAGAGCTGATCGTCCAAATCGTTTCTGTCTGTAATTACAAGAATCGTTGGGTTATCCAACTGCAGAACAATTTTGCCGGCATAGAAAACCATTGTAAGCGATTTGCCGCTGCCTTGCGTATGCCAGATAACGCCGCCTTTTCTGTTTCCGTTTTCCGAAGCGGCCTGCAAGGTTCTTTCTATTGCTTTATTAACCGCGAAATACTGATGGTAACCCGCTAATTTTTTAGTTGTTTGAATAAATGTAAGATTTGAAACGGGGTCTTCCTTTTTGCTTTTCTCGAATACAATGAAATGTCGTATCAAATCAAGTAAAGTCTTTTTGTTCAGCATTCCTTTAATCAAAATTTCCAGTTGGCTTACGAGATGCGACGCTTCTTTTGTTCCGTCGACAGATTTCCACGCCATAAATCTTGAAAAGTCCGATGATATTGTTCCTGCTCTGGCTTCCAATCCGTCGGAAATTACTGCGAAGCCGTTATAAGTAAATAGCTGAGGAATTGTTTGTTTATAGGTTTGTATTTGTTTGAATGCGGATTTTATAGTCGCTTCTTCGTCCACTGCGTTTTTAAGTTCTATTACAACAAGAGGAATTCCGTTAACAAAAAGAATTACATCGGGCCTTTTAATAACTGTACCGGTGACTGAGCTTGTCGAAGTCACCGTGAATTGATTGATAACCGTAAATTCATTGTTTTCGGGATTTTTAAAATCAATCAACCAAACCAAATCACCTCTTTGATTTCCGTCTTTGCGGTAAGTTACATTTATTCCTTCGGTGAGCATTCTGTGGAATGTTTCGTTGTTTGTAATTAAATCGGGCGAGCTTATTCGCAGTATTTGTTTTATCGCGTCTTCTTTTGCTTCTGCTGGAATTGTCGGATTAATTCTGTCAACGGCGTTCTTTAATTTGTTTATGAGAAGAACGTCGTCGAATGTTTGTCTTTCGGGTTGATCGCCGTCGGGAGAAATAGATGCAGGGCTCACATATTCGTAACCTAAATTTTCGAGAAGCTCGATAGTGAATTGTTCGATATCGGATTCTATCAATTTACTAAACATATTTCACCAACTTTTAGGCTTTGTTATTTGATAACCTAACGAAGTAGTAACAACTTGTGGAAATTGTGACGCAACTAATTTTTTACGACCAAGAATATAAGAACCTTTGGCAGAATTTTTTACGCTTATATTATGTCGATCCGGAGGAAATAATACTACAACTCTTTTTTGGGGAAAGTATTTGTGAATTGAATTTATTGCCGGGACTAAGTCACTATCGCCGGAAATTAAAATTGCAGTATCGTATTTATCTTCTATTGCATCAGTAATCATATTTACCGCAATGTTAACATCTGTCATTTTTTCTTCATTGTCATTCCACGAATGTCCACATTTTTTACAA
NZ_AP026678.1_gap93	2973427	2977447	4020	CTGTTCTTCAAACTCGGCTTTAAGTTTTGTAAAGCGTTCATTAAAATCAAAATCATCATCTTCATCAGGTAAACCAACATAACGTCCGGGAGTGAGAACATAATCCAAAGCCGCAACTTCTTCGATTGTGGCTGATTTACAGAAGCCTTTTATATCTTCGTATTTTCCGTCGGGATTTCTCCAATTATGAAATGTGCTTGCAATTTTTTGGATATCTTCTTCGGAAAATTCTCTTGTTCTCCTATTTATTAAATGCCCCATATTTCTGGCATCAATAAAAAGTATTTCATCCCTACGATTCCTGAAAATGGTTGCTGAGCCTGTCGAAGCGCCATTTTCTTTATTTCTGTTTAAGAACCATAAACTTGCCGGAATTTGTGTGTTAAGAAAAAGTTTAGAAGGAAGGTTTACAATGCAATCAATTAATCTGGCTTCGACGAGAGCTTTTCTTATTTCACCTTCACCTGATGTTTTGGATGTAAGTGCGCCTTTTGCAAGCACGAATCCTGCTTGTCCGTTAGGTGCAAGGTGATAGATAAAATGTTGTATCCACGCATAGTTGGCATTGTTAACAGGTGGAATTCCATATTGCCATCTTGCATCTTTTCTCAAAAGTTCGCCGCTCCAGTCGCTATCGTTAAACGGTGGATTTGCAATTACGAAATCAGCTTTTAAATCTTTGTGAGCATTATTGAGAAATGAACCTTCATTATTCCATTTAACTTGAGAACTGTCTATTCCACGAATTGCAAGATTCATTTTGCACAAACGCCAGGTAGTTAAGTTGCTTTCCTGTCCGTAAATTGAAATATCATTTACATTTCCCTGATGACTCTTAACAAATTTTTCGGAATGAACAAACATACCTCCGGAACCGCAGCAAGGGTCGTAAACTCTTCCTTTGTATGGTTCAAGCATTTCAACTAATAATTCAACCACGCTTCGTGGTGTATAGAACTGTCCGCCTTTTTTACCTTCGGCTAGAGCAAATTGTCCGAGGAAATATTCGAAAACCCTTCCAAGAAAATCGCCGTTCTGTTGAGTCATTGAAATGTTGCTTATCAAATCAATTAAGCCGCCGAGATTTGTCGGGTCTATGTTGCCGCGCGCATAAACTTTTGGAAGGACGTCTTTGAGCGAAGGGTTGTCTCTTTCAATGGCGTCCATTGCGGAATCGATGTCTTTTCCTATTTCAGGCAGCTTTGCCCGTTTTTGTAAATAAGACCATCTTGCGGACGGCGGAACGAAGAAGATATTTTCCGCTTTGTATTCGTCTCTGTCTTCAGGGTCGGCGCCTTCGTATTCACCCTCGCCTTTCTTCAGTAATTCATAATGTCTTTCAAATGAATCCGAAATGTATTTCAGAAAGATTAAACCGAGAACAATATGTTTATATTCCGCAGCGTCGATGTTTTTGCGAAGTTTATCCGCAGCTTTCCAGAGTTGTTTTTCGATGGGATCATTTTCGGAGTTTTTCGATTTTTTTGCCATATAAATATATCACCCAAAGTTTTTCTGATTTCTTGAACTTAAAAAATATTAAATAATATTTTTAAACTATAAAAATTAGTTTCAAGTCTCAAAGAAATCTTACCCTAAAAAAATCTAAAAACCCTCGCCTGGTTTCGACGAGGGTTTTTCTTTTAACTTTATCGAAGATTATTTCAATAGCATCATCTTCTTAACTAAAAATCCATCATCAGAAATTAATTTATAATAGTAGATTCCACTTGTTAAATCAGATGCATTCCAATTGTACTTATAATATCCGGCGCTTAACTGATTGTTTACCAATGTTGCAACTTCTTCACCAATGCTGTTGTAAATAACCAGTTTTACTTTTGCATCCTTTGGTAAAGAAAATTCAATTGTTGTGCTCGGATTAAATGGATTCGGATAATTTTGTGATAAAGTAAATTCATCCGGAACTCCGACTTCGATTGATTCGTTTAGTAAATAGTATTTGTAAGTTCCGTCAAAATCAATTTGTATTAATCGGTAATAATAAGTTCCTGGAATAAGTCCTTTGTCGGTGAAAGAGTAGTTATTTATTTCGGTTGAAGTACCTTTACCTCTTGTAAATCCTATTGTTGTCCATTCATTTTTATCCGATTTTCTTTCAATAGCAAATCCTGAATTGTTTGTCTCGGTTGCAGTGGACCATATCAAAGTTACAGAATTTCCCGAAGCAGAAGCTGTAAAAGAACTTAATTCTACCGGAATTGTTGATGCTTCGTCAGCGCCTTTGTATGGAAATTGATTATTACGTGGATCACCATCAAAGTCATCGGGAATGCCTGCTAACGGTAAACCAGCCAAATCAGAATCACCATCGGAGGGAGGAACCAGATGTAAATCAGTTACAGAGACGAAAGATACATTTTTAAATATACTGTTTTGCTCATTAGGTGCTAAAACAGTTTTGTAAGCAGTTAAATCATTATATCCCGTAGTACCAACGAATGTCTGGAAACTATTGGTTCCATCAGCATAATAACAGTTATAGTCAATATCGTAAGTACCATTTGTATCAACGAGAGCAAACCCAATATGATTAACATTTCCACCGGTCCTCTGATTGATTGCAATATTATTTTTCATATTTAAGGTTATAGCAGATGCACTTATTCTTATTCCGGCAGAAGTAGTGGCTCCGGCAGTGCCTCCTGAATGATTTCCACCAACCAGAACTGTGTTATAAAAAATGTTTGCTGTGTAAGCATTGCTTCCACGAAAATCAATTCCGGCGATTGTTTGAGCATTCAGATTATCGAGTGTATTTGAAATCATATTATTTTCAACGTTAAAAATCGTTCCTGCAGCAGGCCCGGCCGAATAAATTCCTCTTATGCTTGATGATGAAGTGGAAGTAGTTTGCAAATCATATATCCAGTTCTTTCTTAAATCATATGTAGCCCCAGCCATGGTTGTCATAATAATTCCGGAAACAATTGTACTACTTACACCAACAGTCTGATAAATTTTATTTGAGTCTGCTGTAAAGTTCATTCCACCGGAAACTACCCATATTCCCGCATAACCCCAGTTGAATATTTCGCATTGAGAAACTCTGTTGTTATTGTTTGGAACAGTTGTAGAGCCAGCGATTCCCACTCCGCTTCTTCCACCTTCTATCTTACAATTAGTTATTAAGTTGCTATCGTTACCCGTTGTAGTCGAAGTCCCAATAACAATAGCTCTTGGTCCGGCTGTGTTTTGAGTGTTATTCAGAACATGCACATACTTGATAACATTATTAGAAGCACCGTTTTGTAACCATATTGAATTCGAATTTGTACCTGTAGTTGCCAGATTTTGAATTTTGAAATCGGGAGAATTGCCAACTCCTCCTGGTCTTCCATCAATAATAACATAATCTGCATCATTCAATATCAGAACTCCAGCTGTTGATGTTGCTGAAATTATTTCACCGGAATTTCCTGAAGCCGGCCGGATTGTGATCGTGTTTGTTGCACTTGCGCCATCCTTGGCTCCAAGAGTAATAGGAATGGTTTCAGAGCTTTGATCATAAGCCGGAAGAATTTCAATTAAATAAGAATCGCTTAATGGAGTTGGAATAGCATTGTATGCTTCTGCAATTGATGCATGAGTACTTACAAGTGTTCCTCCACCAGTTCTCAATTCAACAGAGCCAGCTTGAGGAAAGATCGAGATGGTGCATAAAAAAATAATGAGAAGTAAATAGATTTTTTTCATAGTACCTCCTGAAATAATTTGTGATTGTTAGCCCAGAAAATTCGATGAGTCTTTACTTAAATATGTATATACAATATTTATTTAGCAAGAAAAAAATAATATTGAAGAAAAATTTTGATAATATATAAATTGCTTCAAAAGATATGATTATCTGAAAATATTCCCGACACCGAGTATGTAATTCGGATCAAGTTCTTTCTTTATCGCTTTCATCCGTTCAACTATCGCTTTTCCGAACATATCAAGCAAATATTCAGTTTTAATTTTACCAATTCCATGCTCGGCAGATACTGTGCCTTTGAG
NZ_AP026678.1_gap94	3054964	3059153	4189	TTTCCATATATGGTGAAACCAAGATTGCTCGCCGGTTCTTACGGATTAAAGAAAGTTCATAATGAACAGGAGCTTTGGGATAGAATAAATTTCCTTGGCGATGAACAATCATTCTTTCTGATGGAAAGATTTGTACCGGGAAATATTTATCATGTCGATTCAATTGTATATAACTACGAAGTCAAATACGCAGTTGCAAGTCGTTATGGAACTCCGCCTTTTGAAGTTGCACATCAGGGAAGAGTATTTACAAGTAAAACTTTAAATCCTAATGATGAAAAATCAAAACAAGTTCTTGAGTTGAACAAACAATTGTTGAAAGCACTCGGGCTTAAGCAGGGAGTCTCTCATTCGGAATATATTGAGTCATCTGAAGACGGGAAATTTTATTTTCTTGAAACATCAGCAAGAGTAGGCGGTGCAAATCTTTCTGTACTTGTTGAAGCTGCAACAGGGATAAATCTCTGGCGTGAATGGGCTAAAATTGAAATTCTGAATGGTGAAAAAGATTATCAGCTCCCAACACCAAAAAATTATTTCGCGGGAATAATTACTTCTTTGGCAAAACAACAATGGCCTGATTTATCTGTTTATAATGATCCCGAAGTTTACTGGAGATTGAAAAAAGAATACCACGCAGGAATTATTGTCACATCACCTGATGAAAAAAGAAGAGATGAATTGGTGGAACAATACACTCAAAGATTTTATAACGATTTCTTTGCAACAGCAAAAATGGGCGAAAGACCAAGCGATTAAATCCTTTAGTGTAAATAAATTGTAAATACTCTTATTCGCACTTCCTAATTGAACGAAACATTCCTAATATTGTTTAGTAATTGAAAACAATTACTATTGATTGAGCATTACCATTCGCTTCATTCAATTCAAATAAATCAATAAGTGAAAGAAAAATCTATTATGGAAATTTTAATAAATGATAAAAACACAGAACTAAATGAAACTAAGAGTAAAACCGAAGTTTTAAGTTATCTCGAATCAAAAGTTAAGCAATGGATGGAACAACATATTGCAAAGCGTAAACTTTGGTTTTCAAGTGACTTTCTTCCTGTGGATGAGAAAAACTCTGATGACCAAAATAAAATTGTTGATGGACTTAGAGAAAGGGCAAAAGGAATTAAAGATCCGGCAAGAGTTGCCGTTGCTCTTAATCTTTTAACCGAAGAAGGTTTACCACACTTTCACAGATTGATTGCTCATCATCTTGGCTCAGATAGTTTCTGGTCCAAATGGAATAATATGTGGACAGCAGAAGAGGATCGCCACGGAAATATTCTTCGTGACTATGCAAGAGATTCACGCTTGTTCAGATTTAAAGAAGTTGAAATGATGCAATTCTATTATCAGGAAGCAGGCTTTAATCCTGATTGGGATAAAGATCCATACAAAGTTTTTGTCTATACAACTTTGCAGGAAAGAGCAACTCAATTTTCACATAAAAATACAGGCAAACTTGTTGGCGAGGATGAACCATTATTGAATGGAATACTCAGTAACATTGCTGCAGACGAAGCAAAGCATTTCACATTTTACAGAAATGTATTTAAAGAAGTTTTAAATCTTGATCCAAATCGCGCAATGGTTTCAGCATCTGAAATAATGCCTGCCATTGATATGCCGGGACTTTCAATGCCTAACTTTAGAGAAATGGCTGATGTTGTAAGAAGAGTTGGAATTTATGGTCCGAGAGATTATAAAAACATTGTTGAAGAAGCAATTAAGTTCTGGGAAATTGAATTGATTACAGGTTTAAATGAAGCTGCTAAAAAAGCTCAGGAAAAAATTCTTGCAATTCCAAAAAGATTAGAAAAAGTTGCAGAGTATGTTGAGAAGAGAACAGAATCAAAAACCTTTTCATTCGATTTTATCTACAACAGAATACTTGCATTTGAATAATAATTCAGGTCATTTTATCTCTGTGGTTCTCCGTGATATCTCTGAATTATTCTCAGTGTAACTTTTAATGTCTAAGGAAGCTTTTAAACTGTACGCGAGTATTTTGCCTTATCTTCCTTTCGTTCGATATATCCATCAAAGTTCATAGCGATGTTACGGATGAGCATTCTCCCCATATTTTTTACTTTCAGACCTTTATCGGTAAGCTCGATTAATTCATCATCAATCATCTCATTAAGGTTACTCAATCCCCAGGCAAAATACTTTTTAAAGTTGATGTTGTACTTATTTTCAATTTCTTCAAAGTCCAACTCGAAATTGCACATCAGTTTCATTATTACATCACGTCTTAAATGATCATCTTCAGTCAGGCGATAACCTTTTGCAGTTGGCAATCGTTCTTCATCCAAAGCAGAGTAATATTCTTTTTCGGTTTTATAATTCTGCGCATAAATGTTCTTCAGTTGTGAGATGGAAGTAATTCCCATTGCATAGAGGTCTGCACCAGCATTTGTGCTGTAACCCTGAAAATTTCTGTATAACTTTTTCTCTCTCATTGCAACAGCAAGTTCATCATTAGGTTTCGCAAAGTGATCCATTCCAATAAACTCATATCCAGCTGAAGTGAGTTTTTCAATTGTCATTTTTAGAATTTCAAGTTTTACTTCAGGTGCAGGTATATCTTGGGGATGAATAAGTGCCATGTGTTTTTTCATCCAGGGAACATGCGCATAATTGAATACTGCAATTCTATCCGGTGAGATATCAATTATTTTATCAACTGTGTCTGCAAAAGTTTCTACTGTCTGGAAAGGCAATCCATAAATTAAATCAAGATTGATGCTGTGAAATCCAAGTTCTCTTACCCAGTTAACAGTTTGTCTGGTTATATCTTCAGGTTGAATTCTGTTAACAGCTTTCTGAACTTTTTCATTAAAGTCCTGAACACCCATACTTATTCTGTTGAATCCGTTATTACGCAAAGCTTCAAGATGTGCTTTAGTCAATTCACGCGGATCAATTTCACAACTAATTTCTGCATCAGGTTTGAACTGAAAATTCTTATTGATGTATGATGCAAGGTCATTTATTTCATCCGGACTAAGATGAGTTGGAGTTCCTCCACCCCAGTGATGCTGTGCTACTTTTCTGTCAGGAAGAAGATATTGTCTCAACAGATCAATTTCTTTTTTAACATAGCTGATGTATTCTTTTATTCTGTCTCTGTTTCTGGTAATAATCATATTGCAGCCACAGAAGTAACAGAGAGTATCGCAGTAGGGAAGATGAAAGTAAAGAGATAAATCAGGAAGATTCTCGCCGTAATTTGTTTTAACTATTTCATCGAGATAATCTTCGTGAGTAAAGTTTTCATTAAACTGCGGCGCAGTTGGATAGCTCGTGTAACGAGGTCCGGGTTTGTCATATTTTTTGAATTTTGTTAAGTCTATTTCGAACATGATATCTCCTTTCTTAAACGCTGAGACGCTGAGGCGCAGAGTTAAAAATTATTAACAATTCTTCTAAAACCTTCAACTAAATTGGGAACATTGAAGTTTTTTAAATATCCAAGTTCCTTTCTGTTAATCCGTGATAAGTTAAAAGTTGCGCAGTATGAACAGGAAGTAAACTTTCAACTGCTTTCAACTCAATAATTATTTCATTCTCAACCAAAATATCAATTTTGAATTCAGCATTTAAATCTTCACCTTTACATAAAACTGGAACAGGTACTTGTCTTTTTACATTTAATTTTCTTAGTGTCAATTCTTTAAATAAAGATAATTCATAAACTTTCTCCAATAATCCAGGTCATAATATTTTATTTACCTCGATTGAAGCATCTAAAATAATCGATCCCAGTCTATTTAATTCATCTCTGTTCAATTTGTCTGCGTCTCCGCGTCTCTGTGGTGAAATATTTTACTTTCTTCTTTCACATACTGAACAAGTGCTTTTACATTTTCGGGATCAACATCAGGAAGAACACCGTGACCAAGATTGAATATATGTCCGCTTCCTTCACCAAAGGATTGAAGCACAGAAATTACTTCCTGCTTAATATAATTTTTATTTGCATAAAGAACAGTAGGATCAAGATTGCCCTGAAGTGCAACACGATTACCAACCAATTTTCTTACATCACCAAGATTCATAGTCCAATCAAGACCAAGAACATCTGCTCCGATATTAGCCATCTTAATCAAATTATGATGAACTCCTTTTGCAAAGAAAATAACCGGCTCATCTTTTCTTTTAAGTTGAGTAATAA
NZ_AP026678.1_gap95	3060393	3064538	4145	TGAAGTTCATCCAATCTCTGGACAAACATTGTTACTGTGTGTGCAGAAGTAAAAATCAGAAAATCAATTCTATCTTTACCAAATATTACTTCATCAAAACTTTTCCAGCTTGTTGGCGGAACGATTTCAAGAGTAGGAAAGATTATAACTTTTGCTCCAAGCTCACTGAATGCAGAAGCTGATTCGGCAGATTGCTCAACTGTTCTGGTTAATACAATTGTTTTGTTCTTTAAAGGTCTTATCATCGAGTTTTCAAATCCGGCATAAATTGCGTGTAGAATAAAAACAAACAGATTTTCTTTTTCTGAAATTAATTGTTCATCTGAAAAATTATTTTCTATACTTCTTTTAACTGAATTAAAAATATTTCCAATAATTAATCTGACGGCAAAATCTTCCTCAACATCTCTGAACAATTTCTCTCTTTTCCCTTTATAAATAATATCACTAAGTAATGAACTCAACTCCTCAGTCTTCAATTTAACTGCAGAATTAATAACTTCATCATCTTTGGAAAGATGGCTGTAATAAATTTTAAAGAAGTTTTTGTGTGATATTAAAAACTGAAATAATGATGAAACATAAGAATAAAGAGATTCGATTATGAAAGATTCATTATTCAAACCTGATTTAACTGAAGCTACTAACTTTTCGAGATTTGAATTAATGATTTCTTCGTAAAGCTTTTCTTTTGAATCAAAGTAATTGTATAAAGTACCTTTTGCTACTTTACTGAGATGGGCAACATCATCCATCATTACTTCGTAGTAATCTTTCCTCGCAAAAAGTTCTGTGGCTTTATCAATAATAATTTCTTTTCTTTGTCTCTTTAATACAGCTCTGCTTTTACTCACACCAAACTCAGTTGATTTTCCAATCATTTTTTGAAAGTACTTCGCCTGTTGATGAATCAATAATCATTTCCTGACCACTTGCTCTGTAACCAAATTCACCTTCATTTTCTGTAAGAGTTGAATTTATGTTCCAGACATATTTACCATAGACAGGATCATAAATGAATGATAATTTCCAATCCTTAATTCCTTTCTCAAGTCCGTGCTGCTCGGCGATAGCTCTCGCGCTTTTTTCGTCAATAGAGAATTTACAGTCACCGGGATTTTTAACACATTCAGGAATTCCAAATACATCAAAGTTATTATTTACATTGCCTAAAGTATCAACAATAAATCTGATATCACCTTTAACAAAAGGTTTTTCCGGAACATAAAGTTTATAAACAAGAAAATATCCGTTTTCAACTTTTGTGCAATTATCAAAATCAGGTTGGATATAATTTTCAAAAAAGTTTTCTCCGGTTTTTGATGCGATATATTTCTCAGCATTCTTAAATACATAAATCGGAATGTCTGTATCATCATAATCAAACTTGGAACCAGAACAGGATGTTATCAAAACCAAAAGTGTTCCGATAGATAAAAGCTTAATAAAATTTTTTGCTTTCATTTTATTTTCTTGAATTGTTATAAACTTCTTCCAGAATTTTGTTTGCACCGGCTCTAAGCAAATCTTTTGCAAGTGACTTACCAAGTTTTTCCGGTTCATCTTTTTTCCCACGAACTTTTTTTCTGAATGTAATGGAACCATCAAGACTTCCAACCATTGCATCGAGATAAAGTCCGTTGGGTTTAATTTCCGCAAAAGCTCCGATGGGAACCTGACATCCGCCTTCGAGTGCTTTGAGTAAAGCTCTTTCAGCAGTTACTGCGATAAAAGTATCGTTATGATGAATAGATTGCACAAGTTCAAAGGCAAAAAGATTTTCTGAATGAATTTCAATTCCCAAAGCTCCTTGCCCAACTGCCGGAAGAATTTCATCTTTACTAATGTATGATGAGATATACTTTTTCAGACCAAGTCTTTCGACTCCTGCACGAGCGAGTATAATTCCATCCCAATCAGATTCAAGAAATTTTTTTATTCTTGATGGAACATTTCCGCGAAGATCTACAACTTTAATATCCGGACGAAGATGCTGAAGCTGTGCTCTTCTTCTTAATGAACCTGTAGCCACAACAGCATTTTCAGGAAGTGAAAAAATTGTTGTTCCTTTTTTTCTGGCAATCAGAACATCTTCAACATCGTGACGCTTTGTAACTGCTGCTAATTTTAATCCTTCAGGTATCTGAGTTTGTAAGTCCTTGAGTGAGTGGACAGCCAAATCAATTCTTTTATTCAGTAATTCAACTTCAAGTTCTTTTGTGAATAGAGATTTGTCGCCAATTTTTGACAAAGCAACATCAAGGATTTTATCGCCTTTAGTTTTAATAATTTTAATTTCAACAGAAAGACCGCGATGTTTTTTTTCTAATTCCTTTTTAACAAAATTTGCTTGCCAAAGTGCAAGCTCACTACCGCGTGAACCAATTATTAATTTTTTATTCAATTTTTGTCCTGCTGATTTTGTTTATTTCCTGTTAGACCGAATAATTCTCTGATTACACTTAACTTAATTGAAGATAAATCTGAAGCGGAGTTTTCATCCGAAAGTTTTTTCAATTCAACAGTCGGATGATGCAATATTTTATTGATTATTCTTTTGGTAATTATCTCAAGCTTCTCTCTGTCTTCTTCAGAAAATTTGTTTATGTTCTTTTCAACTTCTTCTGCACGAATAGCTTCAAAGTAATCCCTCAGATCTTTAATTGTTGGAGCAACCTGAAGTGAATTATACCAATCAAAGAAAGCATCAAGTTCTTCCTGAATAATTTTTTCTACTTTCGGAATTTCATTCCGTCGCTTTGCGAGATTTTGCTGCACAATTACATTCAGCGAATCAATATCATGATAAAAAACATAATCAATATCTTTACAAGCCGGATCAACATCTCTCGGAATTGCAATATCCATTATAACGAGTGACTCATAATTTCTTTTCTTCATCGTCTTTTCAATATCATCCTTTGTAAGGATAATATTTTCAGAACTCGTAGCACTGATAATTATATCAAACTTGTGAAGATGTTCTTTGAATGTATCAAAAGGGAAGACTGCAGTATTTAACTCAGTTGCAAGCTTCTCTGCTTTTTCAAAAGTACGATTAGTTAATGTAAGTCTTCCGATTCCTCTGTCTCTTAAATGTTTTGCAGCAATCTCTCCGGTTTCTCCTGTTCCGATTACTAAAGCAGATTTTTTAGAAAGGTTTGCAAAAATCTTTTCAACAAGTTGAACAGCTGCGTAACTTACGGTGACAGCACCTTCACTAATTGCAGTTTCATTGATTGCTCTTTTGCCAACACGAACGGCAGCATCCATTAAACGCTTGACTAAAAATCCTGCAAAGTTCATCTCTTCAGAAATGATGAAGGAATCTTTCACCTGTTTGAAAATCTGATTATCGCCAATCAAAAGTGAGTCAATTCCAGTTGCAACTCTGAATAAATGTTCAACTGATTCTCTTGAAATAAATTTCTGAAAATTTTCTTCGGAAACTTTTGCAGCCGACTTAAAATTGATTATAAGATTCTGTAGATCGAGATGAGTAATTCCTTCCTGCTTCGGAATTCCGTAAATCTCAGTACGATTGCAGGTTGATATAACTATTCCTTCAGATAAAATTTTATCTTTAGTCTGTTGAATAAGATTCCGGATTTCTTCTTCGCTTAAGTGAAGTGCTTCTCTTAAATCTACCGGAGCAGTTCTGTGATTAATTGATATTCCTAATAAGTTCATCGTATCTTAATAAAATGAATGAAAACTTCTTGCTAAAAAGTTGGTTAGAATAGTTGAGAAAATTGCAAGTGTAAAACCAATTATCGAAAGTATTATAAGTTTCTTGCCTCGCCATTTACCGGTAATTTTATTTATCAAACCAATGCCATATAAAATCCATACGAGCATTGTTCCAATTAATTTTGGGTCAGTGTATGAAAAATCCGGAAATGCCTGAGGCAACCAGATAATTCCGATTATAATCGCAATAGTAAGTAGAACAAAACCAATAACTGCAGAATAAAAACTTAACTTCTCAAGTACTTCCAGATTAGGAAGTCGATCGAATATTAATCCAAATTTACTTGTCTTGAGTTCTTTGTAAAGAATCAAATACAGAAATCCATAAACGGCTGATATAGTAATTCCGGCATATCCAAGCAGTGCACTGAAAACATGACTTCCAAGTAAATTAC
NZ_AP026678.1_gap96	3065672	3070028	4356	GCGCAAATGCGATGAACAATGCAACTAAAAATCCGATTAGTGAAAAAGTAGCTTCGGCTTTGTTGAATTTTTTCTTTGCATTTATATGCACAAACAAAGCTGCAATTGCTGCAAGAGAAGCTAAAATAAATAGCATATTTTCCTCTTAAAAAGATTATTTTACTTGTTAAATATACATTTGAAGTGGTTTATAATAAAGGAAGCCACAAGTCGCATTAACATTGTGTGATAATTTTGACTTGTGGCTTTAAAGGCAGTTATTATGATGTAAATTACTTTTTATATTCCTTTAAAAAGCCCTTGAACTCCCGTAAGTGTGATTCTTCCTGAGCAAGCAAACCGATTACCATATCCTGAGTAACATAATCAACACCTTCGCAAAGTTTGATGATTTTGTTGTATTGCTCAATTGCACCTTTTTCAGCTTCAATCACTCCTTCAATTACAGATACAACATCAGTGGTATCATCTTTTGTTTGCAGAGATTTCTGCTCAGCTTTAAAGTGCATTGAACTTTCAACAAGTCCATCCAGTTCTTTTATTCTTTTTGCAAGAGTCTGAGCGTGAGTTAATTCCTCGGCAATGTCAACTGCCAGAGATTTTTTTATTTCCTCTGCTCTTACACCATCAAGATTAACTGAGTTGGAAATGTAATTCATCACTGTTTCTATTTCCATCCAATAACTTTTTTGAAGTTCTTTTGCTATTTCTTGTCTTGTTGCCATAACCTGTCTCCTTTAGTTTATTATTTTTTTAATTAACAGAGGACTTTTAGTTTTTTTATTAGATAACTTAATTGCATTGAGGATTCTATTTTCTGCTAATTTAATTTTTTCATCCGAATCTGAAAATAACTCTGCAAATACATCGCCTTTATTAATTTTATCGCCCAATTTGTAATGAAAGATAATTCCCGCTTTCGGATCAATCCTGTCTTCTTTCTTTAATCTTCCTGCGCCAAGGTCAATTGCAGCCATTCCGATTTCATAAGTATCAACAAAAGAAAGAAAACCTTCGTTCAACATTTTAATTTTCTTGTGATATTTAGATTTTGGATACCGAGCAGGATTTTTTATATAGGAGATATCTCCACCCTGAGCTTTAACAATTTCCAAAAATTTATCGAAAGCTTTTCCGGAGTTTAATAAAGTTATCGCTTTTTCAATTCCATCTTCGAGCGAGTTTGCTTTTTTACCAAGATAAATCATCGCACCGGCAAGTATTAAAGAAAGTTCTGTTAAGTCGTTTTTCTTACCATCTCTTAATACTTCAATTGATTCATAAACTTCAAGCCAGTTACCGATATAATTTCCAAGTGGTTGGTTCATATCGGTTATAAATGCAAGACATTTTTTGCCAAATGCTTTTGCAGTATCGGAAAGGGAATAGGCGAGTTGTTCTGCATCTTTCATTTGTTTCATAAAAGCACCGTTACCGGTTTTAACATCAAGAACAAGTGCATCAATTCCTTCAGCAAGTTTTTTACTCATAATGCTTCCGGTAATTAAAGAAATTGATTCAACTGTTGCAGTAACATCGCGGAGTGAATAAATAAGTTTATCGGCTGGTGCAATTTCTTTTGTTTGTCCTATTAGAACAGCGCCCGTTTTCTTCAAAACATTCTTGTATTCTTTCAGATTCAAATCGGTTCTGAAGCCGGGAATTGATTCAAGTTTATCTAAAGTGCCACCAGTATGACCAAGACCTCTTCCGGAAATCATTGGAACATAAACTCCTGCAGCGGCAACTATTGGTGCAATTATCAAGTGAAGTTTTATCACCAACTCCACCCGTTGAGTGTTTGTCAACTTTAACGCCTTTGATTGATGAAAGGTCAACAACCTTCCCGCTGTAAAGCATTGCTTTTGTTAATGCAGCAGTTTCGGTTTTGTTCAAACCATTTAGGAAAGCTGCCATCAGAAAAGCAGAAAACTGATAGTCGGGAATTTTACCTTTTGTGTATGAAGAAACAAGGAATTCTATTTCTTCTTTTGTAAGAGAATGTTTATCTCTCTTCTTGCGGATAATTTCTATTGTGTTCATACCGAAATATAAATCTTTCTTTTATTATAAGTTTTGATATTTGTAAAAAGTAAGCATTCATTGTTGTTTAACTTAAGAAACAAATACAACAAGTATTTTGAGCTTTGTTGTATAGCCACAGGCAAATATTTATCTTTGCCCACAAAATAATGAAGGAGTATTTAACTTAAGATGCATTTTAAGAGACGAACTCACACTTGTGGTGAACTTAGAGAAAAAAATATTGGAGAGAATGTAATTCTTCACGGTTGGGTTGATAAAAGAAGAGACCTTGGCGGAGTTATATTTATAGAGCTCCGTGATCGTTACGGAATAACTCAGGTGGTTTTTGAACCAACTTTTAACAAAGAAGCTCATCACGAAGCAAAAGATCTAAGAAGTGAGTTTGTAATTTCAATTGAAGGTGTTGTTAGAAAACGGCCGGAAGGAACAGAAAACCCGGAACTTGAAACAGGACAAATTGATGTGATGGTTAATAAACTTATTATTCTTAATGAAGCAGCAACACCGCCTTTCCCAGTCAGAGATGATATTGATACTCACGAAGATTTAAGATTGAAATATCGTTATCTGGATTTACGAAGACCGAAACTTCAGAAAAATTTGTTGCTTCGGCATAAAATGTATCAACTTACTCGAAAATATTTTGATCAGAATAATTTTGTGGAAGTAGAAACTCCGGTACTAATGAAAAGTACCCCCGAAGGGGCAAGAGATTTTCTTGTACCAAGCCGGTTGCATAAAGGAAAGTTCTATGCGCTTCCGCAATCTCCGCAAACTTACAAACAAATACTTATGGTTTCCGGACTTGACAGATATTTCCAAATCGTAAAGTGTTTTCGTGATGAGGATTTAAGAGCTGATCGTCAACCGGAGTTTACTCAGATTGATGTTGAAATGTCTTTTGTCGATCAGGAAGATATATTTCCAGATTGTTGAAGGATTGATGAAAATAATGTTCAGAGAAATCTGGAATAAAGACCTGCAGACTCCGATTCCGAGATTATCATTCGATGAGGCAATGGAAAAATACGGAAGTGACAAACCTGATTTACGATTTGATCTCGAAATGAAAAATCTAAATCACATCTTTGAGAAGACTGAATTCAGAGTCTTCAAAGATGCAATCGAAAGTGATGGAATTATATCAGGTTTACTTGCACCCTGGTTGTGGCGAATATACGAGAAATCAACTTGATGTGCTCACAGATTTTGTAAAAGGATTTGGTGCAAAAGGTTTAATTTGGATAAGAGTTAAACAGACAGATAGCGGACTTGAACTTGAATCACCAACAATGAAATTTTTTACAGATGAAGAAAAACAAAATCTGATTAAAGAACTGAATGCAAAAGCCGGCGATTTAATTTTCATCTTATCAGGTAACAGAATTAAAACACTTAACATTGCCGGACAACTCAGATTAGAAATGGCGCGCAGACTTGATTTGATTAAACCTGATTCGGAACCAAAATTGCTTTGGGTAACTGATTTTCCATTATTCGAATGGGACGAAGAAACAAAAAGATATTATGCAATGCATCATCCATTTACATCACCAAGAATTGAAGACATTCCGCTGATGGAAACTGATCCATCAAAAGTTAAAGCACGAGCTTATGATCTTGTACTTAACGGAAATGAAATTGCCGGTGGAAGTATCAGAATTCACAATTCCGAATTACAAGCAAAGATGTTTAAAGTTCTCGGAATCTCTGAAGAAGAAGCACAGACAAAATTCGGCTTCTTGATGAATGCTTTCAAATATGGTGCACCACCACACGGCGGAATCGCATTTGGCTTTGACAGAATGGCTATGATATTTGCAGGAGAAAATTCCATTCGTGATGTAATTGCATTTCCAAAAACTGCCAGTGGGATTTCACTGATGGATGATTCGCCTTCGTATGTTGATGAAGCTCAATTAAGAGAATTGCATATAAAGGTAAGGTAGTTGACAAATAATTGAATGACAGATTCAAAAAGGCCATATAATTTTTTCATTGAAAATTACACTGAGTTAACTGGCTTTTTTGTTTTCCTGGTTTATATTTTGACTGTTGGAAGATCCATCGGTGAATTTGACTCTGGTGAATTGGCATTAGCACAAGCTACACTTAGTATACCTCATCCAACCGGTTATCCGCTTTTCTCTCTGCTTGGTTTCCTATTTAGTAAAATCCCATTACCAATTTCAACTTTAATCAAATTGAATTTATTGAATTCCATTTGGTGTACATTAACAGTTATAGTTTTAATAAAGACCTCTTTATTATTATTAAACAATTTGGAACTAATATTTAATAAAAAAATTC
NZ_AP026678.1_gap97	3095491	3099931	4440	AAATAAAGTCAGGATTGCCGTAAGAGATAATAAATTTTTCATAGCAAATCTCCGTTGAATTGTTGTTGTAAAGAGTTGAGAAGAACTAATGTTAAATTAATCTATTATGAGCGAACCTGAAAATAATTTTATCAGGTTATTATTAAATGATGTTGTGAAAATTTGTGATTAAGCCCTTCAATTATAATTATCAGGAAGCGTTTAAATTGTATTTATGAGCTTGTCTTTTTATTTTGGCTCACGAAAAAATTTAAATAAAATCAGGAAAGGATATGATTCAAACACAAAGAACAATTGCTAATCCAGTATCGATGAGTGGAATCGGACTTCATACAGGTACTGAATGCACGATGACTTTTAAACCTGCAGCAGAAAATACCGGAATCAGATTTGTAAGAGTTGATTTGGGAGGTAATCCGGAAATTCCTGCTGTTGCTGAACATGTCGTTGATGTTTCGAGAGGTACTACAATCGGAATTGGTGAAGCTAAAGTTCATACAGTAGAACATGTTTTAGCTGCAATCGTAGGATTACAAATTGATAACATCATAATTGAGCTCGATGGAATTGAACCGCCGGTTGGTGATGGAAGTGCTTTACCTTATGTAGAGGTTCTGCAGAAAGCAGGATTCGTTCAGCAGGAAGCACCAAAAGATTATCTTGTGATTGATGAAACTGTAATGTATCACAATGAAGAAAAACAAATTGATATTGTTGCACTTCCGCTTGATGGTTACAGAATTACTGTAATGGTTGATTATCAGAATCCGGCTTTGGGCAGTCAGCATACTGGTTTATTTGATCTTGAAAAAGAATTCGTAACAGAGTTTGCACCTGCAAGAACATTTTGTTTTCTAAGTGAAGTAGAAGCACTTGCAAATCAGGGCTTGATTAAAGGTGGTGATTTGGATAATGCTGTTGTAATTGTAGATCATAATTTAAATGATAATGAACTGAAAGAACTTGGTAAGAAAATCGGAATAACTGAAAATTTTGTTTTAGGTGAAAAAGGAATTCTGAACAATAAAGAATTAAGATTTAAGAATGAACCAGTAAGGCATAAACTTCTTGATTTAATGGGTGATTTGGCATTGATTGGTGCACCAATTAAAGCTCAGATACTTGCGGCTCGTCCTGGTCACAAAGCAAATGTTGAGTTTGCAAAACAGATAAGAAAACTTTATCAACAGAAAAAACTTGTAAAGAAATTTCAATTTGTAAAGAAAGAAGGAGTTGTTTTCGATTCGAATGCAATTCAGAGAATTCTTCCGCATCGTTATCCATTTCTTTTGGTTGATAAGATAATTCATCTCGATATGGATAAAAAAGTAATTGGTGTAAAATCAGTTACTGTAAATGAACCTTTCTTCGTTGGTCATTTCCCTGGTCAACCGATAATGCCCGGAGTATTGATACTCGAAGCAATGGCTCAAACAGGTGGAATACTTCTTCTCAACTCATTTCCAAATCCGGAAGAAAAATTAGTTTACTTTATGCAGATAAATAATGCCAAATTCAGAAAACCTGTTGTTCCCGGTGATCAGCTTTTTATGGAAGTCGAATTAACTCAGAAGAAAAGTAAAGTTGTGATGATGGCTGCTCGTTCTTATGTTAATGATGTTCTCGTTGCTGAAGCTGAATTTATGGCTGGTATTGTAGATAGAGAACAAAAAACCGAAGAGTAATTTTTATGAATTCTATTCATCCAACCGCGATTGTAAGCCCCAAAGCAAAAATTGGTGATAATAATAAAATCGGTCCGTTCGCAATTATTCAGGATGATGTTGAAATCGGAAATGATTGTGAAATTGGTCCTCACGCTGTTATTTATGATGGTGCAAGAATCGGGAACAAAGTTAAGATTAAACAATCTGCTTCAATCGCACATGTTCCTCAGGATTTAAAATTTGGTAATGAAGAATCTGTATTCATAATTGGTGATAATACAGTGATTCATGAGTTCGTTACTCTTCACAGAGGAACAAAAGAAACAAAGATGTCTCGAATAGGAAAAAATTGTTTGCTGATGGCTTATTCACATGTTGCCCACGATTGCGAAATAGGTGATAATGTTATTTTGGCAAATGGAGTTCAGATTGCCGGACATGTTCATATCGAAGATTATGCTATCATTGGTGGAATGACACCAGTTCATCAGTTTTGTAAAGTTGGTTGTCACGCGATGGTTGGCGGAGGTTTGCGCGCTGTTCAGGATGTTCCACCTTATATTCTTTGCGGAGATTTACCACTTCGGTTTGCAGGATTAAATGTTATAGGATTGCGTCGTCGTGGTTTTGCAACTCAGGATATCGAAGCACTGAAGAAGGCTTATAATTATATTTATGACAAATCATTAAATGTATCGCAGGCATTAAAGAAAATTGAAGAGGAATTAATTGATAACAAACATGTTCAGCATGTTGTTGAATTTATCCGCTCGAGTAAGCGAGGAATTATTGGCAAATGAAGTTTGATGTGATTCTCTCCGGAGAGAATAATGGTAAATTCAATATGGACTTTGATATTGAACTTGCCAAAAGTTTTCCTTCCAATCCAATTCTAAGACTTTATAGATGGAAACCTTATTGTATTTCGCATGGTGCAAATCAAAGATTGGATGAGGTAAATTACTCAAAAGCATTCAGTGATAATATTGATGTAGTAAAAAGACCGACAGGAGGAAGAGCAATTCTTCACTCAGAGGAACTAACTTACTCGGTTGTTTTTCCTTTGGAACTGATTTATTCTGCAAGAGAAATTTATAATGAAATTAATGTTGCGCTCAGAGAAGGATTAATTTTATTTGATACTTCACTAAACGAATTAGAATTAGAACACAATCAGGTTGATTTCAAAAATTTTTATAAGGAAGATAAAAGTGCAATTTGTTTTGCTGTATCTGCAAAGAGCGAAATAAATTTCAGAAATAAAAAACTTGTTGGCAGTGCACAAAGGAAAATAGGAAAAGTTGTTCTTCAGCACGGATCAATTTTGTGCGGAGATTTTCATCTGAAAATTACAGACTATCTGAATGTTGATGATGAAAGAAAATCCCAGATAAAAAATGAAATTGCAGAAACCACAATTGATCTCAGGTCAATTCTTAAACAGGAAATTAATTATGAATATCTTTCTGATTGTTTAATTCAAGGTTTCAAAAAACATTTTAATGCGGATGTTGATGTTAAAGAGTTTTCTCTCCAATAAAAAAAATCATTGTATTGAGTTTACTGGTTTTTTACTTATTCTAATCTTGTTTTCTCCTTCAGAAAAAATTTTTGCTCAGATTGAATCAAGATTATTTCTTGAAAAAGCATTTATTACTGACATCAAACAATTTGATAATGAAATTTGGGTTGCCACTTACGGACAGGGAATTTATCAATACAATCCAAAAGAAAACAAATGGACCAACTACTCATCAAAAACCAGTGAATTAAATAATGATTTATTCCACTGCGTTGCGGTTAACAAAAATTTTATTTGGGGTGGTGGTAATGAAGGTCTTTTTATCTTTAACAGGAAAACTAAAAAATGGACACTCAAAAAATTTTCCGATGGTGGTGAGTTCGGGAATTGGATAAGAACTTTATATCTTGATTTAAGAAACAACAAACTGTGGATTGGAAGATTCAGAAACATCACATTGTTCGATCTTAAAACCAACACTTACAAAGAATACAACAAAGAGATAAATGGTAATTCAAAAACAAATAACATTAACTGTATCTCTGCAGAAGGTGATAGCGCAATCTGGTTTGGAGCTGAAAGCGGCGTTCATAAACTAAACTTGAAAACAAAAGATGAAAATACTGCCTGGGAATATTTCACAAACAAAGGTCGCTGGTTTAAAGGTGAAGGTGTTTCTGTATCAGTTACTGATATTCTCTTTCAAAAAAAATCTATTTGGTTCGGAACGGATGAGTTCATAACGAAAGAACAACCTCAATACAATATTGGTGGAATTTATGTTTATGACAGAAAATTAAATTGGGAAAGAATAGGTAAAGCAAATGGACTTGGAGGAAATGGAATTTATGCTTTGGAAAAAGTTGGCAATTATATCTTCGCCGGTGTTTATGAATTTCGGATGCAGGATAAATCCGAATATGGCAAAGGATTGTATATGATAAATCGTTTGAATAAAAAAGTTATCCCGATTGATCTTAATCAGATTGATATCTCAACTTCCACAATCAGAAAAATCCATTTTGATGGTAATTACCTTTGGCTTGGAACAGATAATGGAATTGTAAGAATTACAATCTCAAATCCGCTTGCCAAATGGGGCGTCAGATAGCTATTCAATCATTTCGTGAGAATGTTAACCTGCCTTTTTAACCATCTTATTTTATAGTTATTTTGCAAATCAAATTTCAATAATCAGAGAAAAAGTATGATTAAAATTCCTGAAAAAAGATTATTACAGTTAAAAAAGAA
NZ_AP026678.1_gap98	3106124	3110509	4385	GATAAAGTTGAAGTTGTTCTTTTTGCAAAACAGAAGGGAAGAAATCTTGAAGGTCAGATTGTAAATGTCATTTCCAGAAAGCGTAAAGAATATGTCGGAATTCTTAAGAAAGAAAAATCACTTTATTACATTACGCCTGACGAACCAACAATCCATCGTGATATTTACATTGATCCACAAAAGATTAACTCAGCAAAAGTCGGTGATAAAGTTGTGGTTGGAAATCTTGTTTGGGAAATTCCAACGCAAAATCCTATCGGAGAAATTATTGAAGTATTAGGAAAACCAGGTTCTCTTGACACAGAAGTAACTTCAATTGCAAAAGAATTTGGATTAAGATATCGCTTTCCGTCCAGTGTTGTAAATGAAGCCGATGAAATAATTTTTGAAATCACTTCCGAGGAATTAAAACACAGAGTTGATTTCCGTGAAAAGAATGTAATTACAATTGATCCTGAAGATGCAAAAGATTTTGATGATGCATTATCAATAGAGAAAAATGAAAACGGCAATTTCATAGTTGGAATTCATATAGCTGATGTTTCTCACTATGTCGATTATGATTCATTTCTTGATCAGGAAGCACAACAAAGAGGAAATAGCGTTTATCTTGTTGGTAAAGTTATTCCAATGCTTCCGGAAAACCTTTCTAATAACATCTGCTCGCTTGTTCCGAATGAAGATCGGCTTACTTATTCTGTAATTGTTGAAATGACTCCAAGAGGAAGAATTGTTGATTATCAGATAAAGAAGACCATCATCAATTCCAAAAGAAGATTTAATTATGATGAAGTTCAGAAAATAATTGAGACAGGTGAAGGAGATTTCGCTGAGGATATACTGAACCTTGATAAGCTCGCAAAAATATTAAGACGCAAGCGAATGAAAGAGGGAAGTTTTGACTTCAATACTCTTGAAGTGAAATTTAAACTTGATGAATATGGGAGACCACTTGAAGCTTACATCAAGTCAATGAAAGACAGCAATATGCTGGTTGAAGAGTTTATGCTTCTTGCCAACAAAATTGTTGCACAACATATTGCTTTACCCAAAAGAGGAGAAGCAAAACCGTTTGTTTATCGTGTGCACGATTTACCTGATCAGGAAAAAATATTTGAATTTGTTCGCTTTGTTAAATCGCTTGGATATCAGGTTAATCCTAACTTAATCAAGAAATCAAGTGAGTTTCAAAAGTTACTTGATCAGGTTAAGGGAAAAGAAGAAGAGCCGCTTATCAATGAACTTGCAATTCGTTCTATGGCAAAAGCATTTTATTCACCGAGAAATATTGGACATTACGGATTAGGATTTAAATATTACACGCACTTTACTTCACCAATCAGAAGATATAGTGATTTACTTGTTCACAGACTTTTGTACAAATACATTGAAAGTCCAAAACTTCCTGGTTATACACTTGAAGAGCTTGAAGAAATTTGCGAACACATCTCTGCTTGTGAAAGAACAGCAATGGAAGCCGAAAGATATTCGGTTAAACTGAAACAGGTTGAATTATTGTCAAATCGTGTGGGAGATGAATTTCACGCTATTATTTCGGGTGTTGTTCATTTTGGAATCTTTGTAAAAATCACTGATATTCTTGCCGAAGGACTCATAAGGTTGAGAGATCTGGAAGACGATTTTTATATCTATGATGAAAAGAAATATGCAATAATCGGAAAGAGAACTAAAAAAATGTATAGACTTGGAGATAAAGTTAGTGTTAAACTTGTAAGAGTAAATGAAGAAAGACTTGAATTGGACTTTCTCATTGTTGAATAAACGAGGATAAAGTTTATGAAGAAAATATTTTTAATCTTATTCGCATTTGTTATCACTTCGCAAACTGGTTTTGCACAGTTTGGAAAAAATAAAGTTCAATACAAAGATTATGTCTGGTATTACATTCAGACTGATCACTTCGATATTTATTTTAATGAAGGTGGTGAAACTTTAACAGAGTTTACTGCGCAGGCTGCTGAAGATGCTTTAAGTTCAATTCAAAATACTTTTAAGTATAAAATCAATAGCAGAATTACAATTATTGTTTACAATTCGCAGAATGATTTTCAGGAAACAAATGTAACGGACACTTATCTCAGCGAAGGTATTCAGGGTTTTACAGAGCTATTCAAAAACAGGGTTGTAATTCAGTTTACTGGTTCATATAAACAGTTCAGACATCTTATTCATCACGAATTGGTTCACGCAGTAATGAATGATATGTATTATGGTGGCTCAATTCAGAATATCATTTCAAGCAATATTTCGCTTCAGTTCCCAATTTGGTTTTCTGAAGGACTAGCAGAATATGAAGCATTAGGTTGGGATGTTGACACAGATATGTTTTTGCGTGATGCAACAATCAGTGAAAATCTTCCTGATATGATGAACCTTGATGGATACTTTGCTTATCGTGGCGGACAATCTGTTTTCTATTATATCGCAAATAAATATGGCCGCCAGAAAATTGGTGAACTTATGAATAAGATTAAAGGAGTTGGAAATGTTCCCGAAGCGTTTCGTCAAACACTTGGAATTGATTTGAAAGAACTTGGTGAAAGATGGAAAAAAGAAATTAAAAAAACTTATTGGCCTGATATTGCGCTTAGAGAAGATCCGGAACAGTTCGCTAAGAGACTTACTAATCCAAAAAATGATGATGGATTTTATAACACTTCTCCTGCGCTTTCGCCTCAGGGAGATAAAATTGCATTTATTTCAAACAGAAATTTTTATTTTGATGTTTTTATAATGGATGCGATTGATGGTAAAATTATCAAGCGAATTGTGAAAGGAAACAGAACACCGGATTTTGAAGAACTGAATATTTTAACTCCGGGATTAACCTGGTCACCTGATGGAAATAAAATTGCTCTTTCAGCGAAGAGTAACGGATATGATATAATTTACATTATTGATGTAAACACAGAAGATAGAAAATCTCTTCCTGTTAAACTTGAAGCTATTCACAGTGTAACATGGTCTCACGACGGAACCAGATTGGCATTTATCGGACAGGATAAAAAGCAATCCGATGTTTATATCTATGAACTTGAAACGAATGTATTAACCAATCTTACTAATGATTCTTTTGGTGATTATGATCCATCGTGGTCAAACGACGACCGATATATTTATTTCTCTTCAGATCGTGGTGATAATATTAAAACTGATAAAGTTCTTGATGGAGTTTCAATCTACAATACAGACTATAAGCAAAAAGATATTTACCGCATTGTCCTCGAGAATAGAAGAATTGAAAGAATAACTAATCTTCCAGAAAGTGATGAAACTTTTCCCCATCAAAGTGCTGATGGAAAAAATCTAATTTTCATTTCTGATATAAACGGAATTAATAATATCTATACTTTTGACCACAAACGAGATGATAATTCACTAAAAGTTGCAAATGAAGAAACTGATCTGACTCCGATTACAAATTCACTTACCGGATTGTATCAGCTTTCGCTTTCTTATGACACAAAGAAAATGGCTTTCTCTTCGCTTTATGAATCTGTATTTAATATCTTTCTTATGAACAATCCATTTGAACCAAAGACAAATCTCAAACCTCTGAAGCCAACTTTGTTTATTGAAAAAATGCGTAAGAAAGAATTAGATGGAGATGGGCAAATAGTTGTTGTTGATGAAGCCATCGCTGATACAACTCAAAAGAATGCTGATGATATTACAATCTTTACCGGAAATGTGGTTGATCCGAATGACACTTTAAGTAAAGCTGAAAGAGACTATTCAAGATATATCTTTGGAATTACACAAGCGCAGGATTCTGCAAAACAGATTTCCAATTTATTTATGCCACAGGATAATCTTGATGATGAAGGCAATTTCAAAGTGAGGAAGTATAAAGTTACTTTCGGACCAGACCTTGTTTATGCAAACGCTGGTTACAGCACTTTTTATGGACTTATTGGTACAACAATTTTATCATTCAGTGATGTGCTTGGTGACCACCGCCTGATTGGTGTTACCGGTTTACAGATTGATTTAAAGAACAGTGATTACGGTTTAGCTTATTATTATCTCGGTGGAAGAATTAAATATGGTGTTGAAGGATTTCACACAGCAAGGTTTGTAAATCTTATCAGAGGTGATTACATAAATCTCTATCGCTTCAGAAATTTTCAGCTATCTGTAAATGCAAATTATCCTTTGAATCGTTTTTACAGATTTGAAGGTGGCGTAAGTTATATGAATGTAAGAAGTGAAAATCTTGATGACTATACAGTGCCGCTTGAAGAAGCAAGTTTCTTTGTTCCGCAATTAGCTTTTGTTCACGACAATGTGCTCTGGGGTTACACCTCTCCAATTGAAGGAACCAGATACAGATTTGATACATACGGGAACCCGGGAATTGGCAA
NZ_AP026678.1_gap99	3112285	3114482	2197	TTTGGTTATATTTCGCCTCTGCTTTTTAAAAAGCTGAGAAGGATTTTATGATTTCAACAGAATTTATGATTTTTTCGGGCAGCTCTAACCTTCCGTTAGCCCAAAAAATTGCTGAAAAGATTGGTACTGATTTAGGACAGATTGAATTAAAAAGATTCAGTGATGGCGAGATTTGGGTAAAATATGGTGAGAATATTCGCGGAAGAGATATTTTCATCATTCAATCAACAAATCCTCCAGCTGAAAACATAATGGAATTGCTGATTATGCTTGATGCTGCAAGAAGAGCATCAGCCAAAAGAGTAACAGCAGTAATTCCTTACTTTGGTTATTCAAGACAGGATAGAAAAGATCAGCCAAGAGTTGCAATCACAGCAAAGCTAATGGCTAATCTTATAACTGAAGCTGGTGCTGACCGTGTAATTGCAATGGATTTACACGCATCACAGATCCAGGGTTTTTTTGATATACCTTTTGATCATCTTTACGGATCATCAGTGTTCTTAAATCGTTTGAATGGTCTGTCAGAAAATCTTTCAATCGTTTCACCGGATGTTGGTGGAATAAAGATTGCACGAGCTTATGCAAAAATGCTTAATTCAAGTTTGATTGTAATTGATAAAAGAAGACCAAAGCAAAATGTTGCAGAAGTGATGAATATAATAGGTGAAGTTGAAGGAAGAGATATTTTAATTGTTGATGATTTAATTGACACTGCCGGAACATTTGTTGGTGCAGTAAATGCTCTGAAGGCAAAAGGTGCTAATAAAATTTATGGAGCAATCACTCATCCGCTTCTTTCGGGAAAAGCATTTGAGAGATTAAAGAATTGCGATGATTTAGAAAGACTATATGTAACTGACTCTATAAATATTGATGAGACTCAATGCGAAAAGATATCCGTTGTATCCGCAGCGGGTTTATTTGCAGAAGCAATAATCAGAACTCATAACAATGAATCAATCAGTTCATTATTTAACATAGATAAAGGATAATTAGAATCTGGAGTAAATATGGATAAAGTAACTTTAGAAGCAAAGAAAAGACAAACACCTACTAAATCAGCTTTAAATCAGTTGAGAAAAAGTGGTAAAGTTCCGGGTGTTTTCTATTCTAAACATCACGAACCGATTACTATAGAAGTACCTGAATCGGCAATAAAGCCATTGGTATTCACATCCAAAACAAGTTGGATTTCTCTTAGTTTAGATAGTGGTGAAAAATATGACTGCGTAATTAAAGATGTTCAGTTTGATCCTGTTACGGATAAAATTGTTCACTTTGATTTAATTGGTTTGCAGGTTGGAGAAAAAATTCAATTCGAGGTTCCGGTATTATTAAAAGGAACCGCTATTGGAGTAAAAGAAGGTGGAGTTGTTCAGCATTTTGCCCACAAGCTGGAAGTAGAATGCTTACCAACAGATATTCCCGAACATATTGAAGTTGATATAACAAATCTTAAAATCGGAGATTCTATTCATGTTTCTGATTTAAGTGTTCCGGGAATTTCATTTATCACAAGTGCCGATGCTTTGGTTGTTTCTGTTACTCATCCTCGTGCAGAGAAAGAGGAAGTCCCTGCTGCTGAGGGTGAAGCTCCTGCAGAACCAGAAGTAATTGGCAAAGGTAAACCTAAAGAAGAGGAAGAAGAATAACTCATTGTGCATGCCGTTGTTGGAATTGGAAATCCTGGTAAAAAATATCAGTTCAACAGGCACAATGTGGGCTTTCTTGCATTAGATCATTTTGCTGAAAAGCAAAAAATTAGATTCATACCTTCAAAGTATGATTATTATTTTACTGAAGGGGATGTTGAAGGAAATCCTTTTATACTGGCAAAGCCAACAACTTATGTTAATAATTCCGGAATAGCTGTAAAGGACCTGATTAGTTCTTACAACATTCCGGTTCAGGATGTTCTTATTGTTGTTGATGATATTAATTTGAATGAATTTGATTTCAGATTAAAAAAATCCGGTAGCGACGGCGGTCATAACGGTTTAGCATCAATAATATATTCACTTAATACTGATGCTTTTCCCCGATTAAGAATAGGTATAGGAAGCGACTTTGAAAAGGGAAACTTAGCTGAGTATGTGCTATCTGACTTTGATGAAACAGAATTGAAAAAACTTTATGAAACATTTGAATATACCTCTGCAATAATCAGAGCATTTATTGTCGGAGGTTATAATTC
NZ_AP026678.1_gap100	3126681	3127196	515	ATGAAAAGTTTTATTCAGGAATAACAACCTTCAAAGTTGATAACGCAGAAAAATTGTTTAAACATCTTGAGGAAGAAAAAATTGTTTGTTCTTTACGCGAAGGTTTTATAAGATTATCACCACATTTTTATAATACATTTGAAGATATTGATGTTGTAATTAAATCAATCAGGAAATTCATAACAAATAAGGATTAAATATGATAAAAACATTATTGGTACTGATGCTCTCATTATTTTCTTTTACAATTTTAGCACAGAATAAAGAAGAAAAAGTTAGAGTAAGTCCTAAAGCAGAAGTAATGCAGGTAGTTGGCTTCACGGAAGTCAGAATAATTTACAGTCGACCGGGTGTTAAAGGAAGAGAAATCTGGGGCGGATTGGTGCCATACAACCAGGTCTGGCGTGCTGGTGCAAATGAAGCTACAAAATTTATTTTCAGTACGGATGTTTTAATAGAAGGTAAACTGTTGAAAGCCGGTTCGTACAGTTTCTTTGCAATTCCAGGGAAAAATG
NZ_AP026678.1_gap101	3134537	3138267	3730	CTTTGTATTTATGCCTAACTATCGTGCTTCATCCGGAAGAGGTGTTGAATTCACTATGATGGGTTTTGGTGATCTTGCCGGAAAAGAATTTGAAGATGTTATCGATGGAATCGATTATCTGATTCAACAAGGGTTGGTTGATAAAAACAAAGTTGGAATTGGTGGAGGTTCTTACGGTGGATACTTTTCTGCCTGGGCTGCAACAAAATATACAGATCGATTTGCAGCATCAGTGGTATTTGTTGGAATTTCAAATCAAATTTCGAAAAGAAATACTACAGATATTCCATACGAAGATTATTATGTCCACTGGGGATTCTGGACTCACGAAAATGAACAACTTGTTTGGGAAAGAAGTCCTGTTCGATATGCTCATCAGAGTAAAACACCAACTTTAATTTTGCATGGCAAAGAAGACCCGAGAGTTCATCCATCTCAAAGTCTTGAACTTTACAGAGCGTTAAAGCTTCATGGCAAAGCTCCTGTAAGGTTGGTATTTTATCCCGGACAAGGTCACGGAAATAGTAAGAATACTTCAAGATATGATTATCTGGTCAGAACACTCGACTGGTTTGAATATTATCTGAAAAGCGGTTATCCCAAAGACAGATTACCTGCAAAATATCTGGAATTTGATTAAAGTGTTTTCGAATTTTATTTAGCTTCGAGTATTAAATCAGTCACACAATTTTGTGTTGATAAAAAAAGCAATTTAGTTATCTTGCGGCGCAAAATTTTTAATAAAAATTGACGGGAGAATGAATGTTCGGTTTTATGAAAGTTGATGAGGAGGCAAAACGCATTAACTTCGACCGACATATTGAAGTTAAAAGAAAGAAAAGATGGTTTGATATTATTTTCTTTACTCTTTCATTTATAATACTAAACATAATTCTTTATTTATTAACTAAAGTATAATTGGTTATTTGATGAAAAACGGCTCAGTTTACATAGAGACTTACGGATGTCAGATGAATTTCGCTGATACTGAAATTGTTTTGGGCGTTCTGAAAAAACAAGGATACACTGTAGCTCAAAATCCTGAAGATGCTGATATAATTCTGCTCAATACCTGCAGCATTAGGGATAATGCAGAACAAAGAATCTATGGCAGACTTGGTAATCTGAAAAATCTTAAAACAAAAAAACCAGAGCTTGTTCTCGGTATTCTCGGCTGTATGGCAGAAAGATTAAGAAAAGACTTAATTGAAGAAAAGAAAATTGTTGATGTTGTGGTTGGACCAGATGAATACAGAAGGTTACCGGAATATATTGATATTGCTTTCAATGGTGATAAAGGAATTGGTGTTAAACTTTCGCGAACTGAAACTTATGATGATATTGAACCTCACAGAGAAGATGGTCTGTCTGCCTGGATTTCCGTAATGCGAGGTTGTGATAAATTCTGTACCTTTTGTGTTGTACCATTTACGCGGGGAAGAGAGAGAAGCCGTTCGCTTAATTCAATCGTTAAAGAAATTGAAGATCTTTCTGTAAGAGGATTTAAGGAAGTTACTTTACTCGGACAAAATGTTAATTCCTATCGTGATGAAGAAAATGATTTTGCTGATTTACTCGCTGCAGCTGCCAAAGTTGATCCTTCGATGAGAATTCGTTTTACTACTTCACATCCACAGGATTTATCAGATAAACTTCTTTATACTATTGCTGAGCATCAAAACATTTGCAATTATATTCATCTACCTGTTCAATCTGGTTCAAACAGAATTCTTGAGCTGATGAACAGAACTTACACGATTGAACATTATCTTAATCTTATTGATAAAGCAAAGAAGATTATTCCGGGTGTAAGTTTTTCAACTGATATTATTGCAGGATTTCCTACTGAGACCTGGGAAGACCATCTGGCAACATTAGAAGTAATGCGTCAGGTTCGTTATGATGGAGCTTATATGTTCAAATATTCTCCACGCGAAGGAACCAAAGCTTACAAAATGGGTGATGATGTTCCTGAAGATGTAAAGACAAAAAGATTGCAGGAAATAATCGATCTTCAACAGCAGATTTCGTATGAAATAAATCAAGGTTTAATTGGTAAAGAAGAAATTGTTTTGGTTGAAGGATTCAGCCGTAAATCAAATGAATTTTTATCAGGCAGAACTGATACAAATAAAGTTACAATCATTCCGGCACAAGAAAATATCAAACCGGGAGATTATGTCCGGGTAAAAATTAATAAAGCTACATCCGCAACTCTTTTTGGTGAATATCTTTCTCACATTGTATTTGAAAAGAGTAGTGTTGTTCTTAGTGCTTAATACATCTAATTTTCAGATGTTATAAAAATAATTTCTTCAAAAATGAATAGAATATTTTTCCCGATTATTTTCCTTTCAATTATACTCAATGTTATTTCATTTGCTCAGGAAGTAGATATTGTTCCTTATCTGAAGCAGATTGAAAAAGGTGAAAGTAAAGCAGTAAAAAATCTTCTACCAAAGCTTAAAAAAGATAATCCTCAAAGTGCCAATCTTATTTTTCTTGAAGGTGTATTAACCGAAAACGGTCAGGACGCGGTTTCCATTTACCAGGACTTTGTGGAAAAATATCCTAACAATCCTTATGCAGACGCAGCGCTTTACAGAATATATTCTTACTACTATGCTTTAGGATTTTATGAAACAGCCGGAAAAGTATTAAAGAATCTTACCGATAAATATCCGGATTCTCCTTACATCAAAATGGCAAAAAGTCAGGAAGAAGCAAAAGAAGAAACGGCTTCAACCGAAAAAACAGAAACAACAGAAATTCAAAAACCTGTGCAGGTTAAGAATGATTCTGATTATAAATTCACAATTCAGGCAGGAGCTTTTGTTAAAATTGAAAATGCACAGGGATTAAAATCCGAATTTGAATCTGAAGGTATTTACTGTGAAATGAAAGAAAAGAATATTGGTGGAACTACTTTTCATGTTATATATGCCGGAAAGTTTAATTCAAGAACCGATGCTGAAAAATTTTTACAGCAGTTAAATTCAAGATATAATCTTAACGGAAGAATTGTAGAAAAAGAAAAATTGTAATGTGCTTAAAATAAAATTCATTGGAACCGGCTCTGCAAAAGCTTCGCTTAAACGAAATTTCACTTCGTTACTGATAAACACTCACTCAGAAAAGATTCTTATTGATTGTGGAGAAGGAATCTCCAGAGCTTTGCTGCAACAAAATATTGAGTTAAACTCAATTGATAAGATTATAATATCGCATCTTCACTCAGATCATTTTGCCGGACTTGCAGGTTTGTTGACAAACTTCAAACTTAATGGAAGAACTAAACCTGTAAATATTATTTCTCATCAACTTAATTTATCCTTCATTAAAAATTTTTTATTAAGTTCTTTCATTATTCCTGAAAGAATGAATTTTGAAATTCTATTTGAAGAATTTTTTTATGAAAAAGAATTTATCATAAATGATGATTTGAAATTTCTTACCAGGCAGAATTCACACTTCGATAAGTATAAAATTTATAATGAAAGCTATAAGATTTCTCCTGCTTCACCATCTTTTTTGTTCACTCATTTAGATAAAAAAATATTTTTCACATCAGATATTGGTAGTGCCAATGACTTACTTTTATTTTCTGAACCGATTGATACATTGCTCTGTGAAATAACTCACATTCACTTGAATGAACTGGCAGACGCAATCAAGAAACTTAATCCATCATTTACTTATCTAATCCACATTCCTGATGAAAAAGAAAAGG
NZ_AP026678.1_gap102	3143387	3146310	2923	GTGATGAAAAGTTTATTATTATTCATCCCGGAAGTGGCGGAAGTGCAATTGATTTGCCGATAGAGAAGTTCAAAGAATTGATTAAACTATTAACGAATAAAAAATATAAAATTGTTCTTACCGGTAGTGAAAAAGAAATTGATTTGTGCAATCAATTAAAATTGAATGAATTTGTTTTCAATCTGGCTGGAAAATTTAATCTCGAAGAATTAATTGCACTTGTTAGCAAAAGTTCTTTACTTGTTGCAAATTCAACTGGTCCGATTCACATTGCAGCGGCATTGAACAAATTCACTTTTGGATTTTATCCGAAAGTAAAAGTTTGCTCTGCACAACGCTGGGGACCTTATACAAACAAAAAATTTATTTATGAACCTGAACTTGATTGTAAAGACTGCACAATTGAACAATGTGAAAAATTAAATTGTATGAACACAATAAATATTCATCGTGTTTTTAACGATATCGATAGTGTAATGGAAAAACTAAACGGAGACAAAAATGAAATCTAAATTATCTTTAATCATAATCGTGGTATTTCAGATATCACTACTTGCATCATTATCCGGTGATGATTTCAGAAAATTACCGAACAAAGCTTTTAAGGAAGGTGAAAAGTTAACATTTGATGTTAAGTATGGATTTGTTACGGCAGGTATCGCAACAATGCAGATTCCCAAGATTAAAAGAATATCCGGACGAGATGCATATCATGTTACATTTGAAGTTAATTCGGTTCCGAGCTTCGATTTATTTTATAAAGTTCGTGACAGATATGAAACTTATATTGATGTCGAAGGACTTTTCCCCTGGAGATTTGAACAACATATTCGTGAAGGAAAATATTCGAGAGACTTTTCTGCGTTCTTTGATCAGAGAAAAGGCAAAGCAAAAACCACAGAAGGCGAGTACGATATTCCAAAGTATGTTCACGATATAGTTTCAGCTTTTTATTTTGCAAGAACATTAGATTATTCAGGTATGAAAAAAGGTGATAAAATTCATCTTCAGAATTTTTATAAAGATAAAGTTTATGATCTTGATGTTGTTTATCACGGCAAAGAAACTATTGAAGTAGCTGCCGGCAAGTTTGATTGTATAATTGTTGAACCACTTGTTCAGGAAGGTGGTTTGTTCAAATCCGAAGGCAACATTGTTATCTGGTTAACAGATGATGATATAAAAATGCCTGTTCGTGTAAAAACAAAAGTTGTTGTTGGTGCAATTGACGCTGATTTAACCTCATACGAAGGACTTGCAGGTCCGCTAAAATCAAAGAGAAAATAAAAATCAGCTTGAGTATTTAAAGTCAGGAAAGAAGCTTCGGCTTCTTTTCTTGTTTTAAAGATTTGAGTAAACAAAAGCTTATCTTTAACTTTGATTGTAATAAATCTATATTCTTAAAAATGAGTGACGACTTAAATCAAAATAACGAACAGCAAAATCAAAACGATTTTGAAGAAATAAATAAATCCCGTGAACAAATTAAATCGAACATTTCACCAATTGCTGCAGCATTTATTGGTTTAGTCGGTGGATTTTTTCTTTATCAGTTCGTTGGCGGACTTTTATCTCTTATCGTTTTTGGGTTCGATTTGGATAAAGCTCCAATCAATGGATTGAGACTGATGACAATGGCTGGCCAGATTCTTTTTATTCTTCTTCCTGCATTGGTTTTTTCAAAATTGATTTATGAAGATGTCGGAAAGATTATTCGTTTAAGAATTCCGGACTGGACAGAAGTGGTTCTCTTTGTTGTTGGAATAGGAATATTAACTCCGTTGCTTCAAAGTTATCTTTATATTCAAAACTATTACATTGAAGTTTGGGCAAAACATTCTGAGTCAATCAACACATTAAAATCTTTTTTCGATTCATTGAATGAACTTGTTGATAAAACTTATGGTAACTTATTAAAAGCTTCAGGTGTGCCTGAGCTATTATTTGTTGTGTTAATTGTAGCAGTTGTTCCTGCAGTTTCTGAAGAAGTAATGTTCCGTGGATTTATTCAACGAAGTTTTGAGTTGAAGATTAAACCTTTTGTTGCAGCATTATTAACAGCAGTTTTCTTTAGTCTATATCATTTCAATCCTTATGGCTTAATACCACTTGCAGTGCTTGGATTTTATTTCGGCTTTGCTGCTTACACTTCCAAGACATTACTGATACCAATTTTACTACACTTTCTAAATAACTTTACTGCAGTCATGCTTTATTATATTATTGGAAGTGAAGAACTAATTAAATCTGATGTATCTGCAAAATCAGGTGATGATCTCGGTTTTTATACTTTTGTTACTATTGCCTTGTTACTTGTATTTGTTGCTTTAATTTTTCTGATAAAAAAATATTATTCTCAAAAACAAATCGCATAGGAGGAGTTATGCCTGTATGCCCTAATTGTAAATATGAATATGTTAAAGGGATTGATAAATGTCCTGACTGTGGAGCTGAACTTGTCGATGAGCTTCCTCCGGAAATTATTCTGAATGAAGCTGATTGGGTTGTTGTTTACACAACTTCATTCGATTATGAAGCAGAAATGTTGAAGGGAAATCTTGAAAGTGCAGGAATATCTGCAACTATTCTTTCTCAGAAAGACAGTAGCTTCCCCGCACCAGGTGATTTATCAATCATAAAACTTCTTGTTAAAAAAGAAGATGCTGAAAGTGCTGTCACTTTTCTGGATGAGTTTAAGAAAAGTCTCGAGTCTGAAAACGAGGAAGATGAAACTGAGTAACACTGCCGTAAGAATTATTGTTTCCGTTGTTGCTATTCCACTTATTCTCTTAGTTTCTTATTTGGGTAAGTGGTACTTCACGGCTTTTACGCTTGCAATTTCTTTAATAGCTTATTATGAATTTTCTTCTTTTGCAAGAGCTAAAAATGCTTTGGTAAATCTTCCTGTTGGTTTAATTGGTAT
NZ_AP026678.1_gap103	3147768	3151742	3974	TTGAGAAAAAGAATTCCTGATATTACATTAAGAACGACATTTATTGTTGGTTATCCGAATGAAACAGAAAAAGATTTTCAGCAATTAGTAGATTTTATAAAAGAAATTAAGTTTGACAGAGTAGGAACTTTTACTTTCAGTGTTGAAGAAAATACAAGTAGCTTTATTCTTGGAGATCCGGTGCCAAAGGAAGAAAAAGAAAGAAGAAAAGAAATCTTAATGGAAATTCAAAGTCAGATATCACTTGAGAAAAATCAGTCTTTTGTTGGCAAAACATTAACAGTACTTTTAGAGTCTAAAGAATCGGAGTACTATGTCGGAAGATCTTACAGAGATGCTCCTGAAGTTGATGGCGAAGTTCTTTTCAAATCAGGCAGAAAATTAAAACCAGGCAATTTTTATGATGTGAAGATTACTGATTACGATGAGTATGATTTGTATGGTGAAGTAATATTAAAAGAGGAGAATTAAGAAATGAAATATTTAATAAGCTTATTGCTCGTAGTCAGCTTTATAGCATTTCCTCAGGATCAAAATTCTGATAGAAACTTCAAATTATCCTATGAAGCTTTCTTTCATCAGGACTTTGTGAACTTCCGCTCAGATAAACCCGGAATGACCAGAGTTGATGTTTATATTCAAGTTCCCTACAAAAGTCTTCAGTTTATAAAAACCGGACAAGGATTTACTGCGAAGTATTCAGTTGTGGTTTCTGTATTTGATGAATCAAAAGATAAGTTGATTGTTGAGAAAACCTGGAATGAAACCATTAATGTTATCGACTTCTCTCAGACAACTTCCAGATTGAATTATAATGTTGGTTACAGATCATTTGATTTGAAACCTGGTAATTATTTTTTCAGAACGGCGGTGATTGATAGCGATTCAAAGAAAGAAGTTAAATCGGAGAACACATTTCGTGTCAGAGAATTTAACCCTGAAATTGATATGAGTGATATATTGCTTGTAACAAGTTCGGAGACCAGAACTAATCAGGTAATGCCTAACATTCCACGCAATGTAACTCTTTCAGTTGGTGGATTGCAATTCTTTTACGAGATTTATTCAAATGATAGTTCCTCAAGAAATTGTACTGTTGATTATGAAATATTAGATAAAGACTCAAAAGTACTTTATAAAAAATCAGTGTTAAAAGAATTAGGTTTTGGTAAAAATCAAATTGTTGAGTCGCTCGGCGATTTAAGACTGGACTTAGGTACATTTATTCTGAGAACAACTCTTAAGGATGAAAACTTCAAATCAATTACAACAATCAACAAATCGTTTTTCTCCAGATGGGTTGGACTTCCGGGGAGCGTAACTGATCTTGATAAAGCAATCTCTCAGATGGTTTACATTGCAACTCCGGATGAACTTAGCAAACTGAAAGATTCAAAAAACAACGATGAAAAGCTCAAAAACTTTTTAGAGTTCTGGAAGAAAAAAGATCCTTCGCCAAATAATGAAGAGAATGAAGTATTCAATGAATATTTCCGAAGGGTAGCTTATGCCAATGATAATTTTTCAAACTACAATGAAGGTTGGAGAACTGACAGAGGAATGGTTTATATAATTCTCGGCGCTCCGAATAATATTGATCGTCATCCGTTTGAATATGATTCCAAACCTTATGAAATATGGGAATACTATGAACTGAACAGAAGTTTTATCTTTCTTGATCAAACAGGATTTGGAGATTATCGTTTGATTACTCCTTTAACAGGTGATTTATTCAGATATCGTTATTGATTTTTTTGATAAGCATTAAAATATCTTCACTCATTTCGGTTAATTATGATTTTAATTATCACACTCAATCCTTTGCTCGAAAGAAGATTTTACTACCCACAAATCTTTGAAGGAAAAGTAAACAGAAACGGAAAAGTTCTTTATCAGGCAGGTGGAAAAGGAATAAATGTTTCAAGACAATTAAAGAAATTCGGAATTGAATCTTATAATTTATTTTTCTCCGGTGGAAATGATGGTAAAATTTTTCGTGATACTCTGAAAGAGGAAGAATTACAATTCACTTCTGTTCACATTGATGACGAGACCCGTCAGGCAGCGGTTATAATCTCACAGAATGATAAAAAAGTTACTTCATTCTTTTCTGAAAATCCGGAAGTAAATCAAAAAGAAGTTGATGAAATGAAATCGCGAATTGAAAAGATGATTGTAAATTGTGAAATGGTTGTTATTTCTGGAAGCTCACCTTCATCGCTTGCAGAAGAAATTGTTCCATACACAATTAAACTTGCAAATGATTTAGATAAGATTTCTGTTTGCGATTATTATGGAAAAAATCTGAGTGAAGTTTTTGAATCATCACCAACAATTCTTCATAACAATCTCGAAGAAATTGAACACTCACTTGATTTGAAATTGAAAGATGAAACATCGATTACCGATTTTCTGAACTCACTTTATCAAAAAGGAATCAAAAGAGTTTTTCTTACAAATGGTGCTAATGATTTTTATGCACAAAACTTTGATTACCGTTATAAAATTTCTCCTCCAAAAGTAAACCCGATTGATTCTACTGGAAGTGGAGATGCATTCGTTGCAGGAATAATTTATGCCTGGAAGCAAGGAATGATATTCGAAGACTCATTGAAATTTGCTTCAGCGTGCGGTGCTGTTAATGCTGAGTCTTTTGAGGTTTGTAAAGTTTCATTGGAAGATGTGTATTCGCTCAAAGAAAAAGTAAGGATCGAATCCATCGGCAAGAAAATGAAAATAATAGATGATAGCCCGCATCAGGAATAAAATATTTTTACTTGCTTTACTCCTTCTTATTTCAAATGCATCAGCACAAAATGCTGTAATCAAAACAATAGACATTCAGGGAAATAAATATTTTGATAAATCAGATTACTTAAAATGGATTGGAATAAATATCAATCAAAGAACTTTCCCGGGCATAACAGATACAATCAAAAATCGCATCACTTCAAATCTTATTCAAAATGGTTATCATCTTTTTAAGCTTTACAAAGTTCAAACTGATTCAATTGATTCTGTTTCAGTCAGATTACTTATCGAACTGAGCGAAGACAATCCAACAGAAATTTCTGATATTCAATTTGTTGATATTGATAGTTCTGATATTCTATTTCTGCAATCATCATTTGAGTTTTTGAAAGGACAAATTTTAACTCAACAGGATTTTGAAGAAGCGGTTAATTCAGTTCTTACATATTTCGAAGAGAATGGTTATCCGTTTGTAAAAGTTGTAATAAAATCCGTCTTTCTTCAAAGTGATTCTGTGAACGAAAAAAATTCCGCAACAATAAAATTATCTCTTGAGAAAGGAAATCTAAGCAGAATTGATAAAGTGGAAGTGCGGGGAAATTCTTTTACGAAAGAGAATGTAATTATCCGTGAGTTGAGATTAGCCAAAGGAGAATTATACTCACAAAAAAGAATTGATGAATTTCCGAAAAGAATAAACAGATTAAGATTTTTTGATCCAGTGCCTCCACCTCAATATTATATCAACTCAAAAGGCGAAGGTGTTTTAGTAATTGAAGTAAAAGAAAAGCAAACAAATAATTTTGACGGAATCATAGGATACATTCCGGGTACAAAAGAAAATGAAAAGGGATACATAACAGGATTAGTCAATATTTCTTTGCGAAATCTTTTTGGAACTGGCAGAGCAGCAGCAATCCGCTGGAATAAGTTTGATAGAAACTCTCAGGAGTTGGAATTAAAATATCTCGAACCATGGTTTTTAAATTTTCCATTCAATATTTCGCTTAATCTTTATCAGAGAATTCAGGATACAACTTATGTTCAAAGAAAATTTAATGGCGAGATTGAATATCTCGCTACTGAAGATATTTCTGCTTCAATTATTTTAGGTACAGAATCTGTAATTCCAACTGAAAGAACAATTCCTGTTTTCACTGTTTATAACTCTTCTACTATTACAACAGGATTGAATCTAAAAATTGATACTAGGGATGATCCTT
NZ_AP026678.1_gap104	3153008	3154804	1796	TATTGTGATGTTAGTTGTCAATCCACTTTTGATTTATTCAATGAAAAAACTTTTTGTCAATGACTTAAAAGAAAATTTTCATCGGATTAGTTCTGTTCTAAAATTAAATATGCTTATTGGATTAATAGCGATTTATCTTGGCAAATGAAAAACATAGATAAAAAATATTTCAGGCAAGGTATAGACTTTCTCGCAGGAGTTGATGAAGCAGGAAGAGGACCATTAGCGGGACCTGTAGTTGCTGCTGCCGTTATTCTTCCGAAAGATTTTCATCATAAAGAAATTAACGATTCAAAAAAACTTTCTCTAAAACAAAGAGAAAAACTTTTCAATATTATTATTGAAAATGCAATTAGTTATTCCTTCTCAGTCATCTCTCATTCAACCATAGACAGAATAAATATTCTTAATGCATCGTTGCTTGCAATGAAAAAATCTGTCAGTAAACTAAAGCCGGTTCCACAGATAGTTTTGATTGATGGTAATAAATCCTTCGGTGCAAATCAGAATTTAATTCCTGTAGTAAAAGGAGATTCGCTCTCGCAATCAATTGCGGCTGCATCAATTATAGCAAAAGTGATTCGGGACAAAATGATGAGTCGGCTTGCAGAACAATATTCGTTTTATGGTTGGGAGAAGAATAAAGGATATCCTACAAAGCAACATATTGATGCGTTACTCAAATTTGGTCCATCACCTGTTCACAGAAAAACTTTTCTTAAAAAAATCATGAATCAATCTTATCAATCCGAAATAATTTTTAATTATGACTAACGATAAAAAAGAAAATAAAAAAACTTTTGGCAGTGAAGGCGAGGAAATAGCAGCAAAATATCTTGTTGAAAAAGGATTTGAAATAATTGAGCGAAACTATTTTGCTGGTCACGGTGAGATTGATATCATTGCAAAAGATCCAAGCGATGGCTACCTTGTGTTTGTTGAAGTCAAAACACGTAATACAATGGATTACGGCGATCCTGCTTATGCAATTAACAAAAAGAAAATGATACAGCTGAAAAAACTTGCGGAACTTTATCTTGCCGAAAAAAATATTTTAGAGCAGGATTGCAGATTTGATGTTGTAACGGTTTTAATGATTAATCCCGATAACCCTCTCATCGAGCATTATGAAAATGCTTTTATGTAATGTGATTGACATAACTTTTATCAGGCGTCAAAAATCATTATTTTCAATTGTAACATTTCAGAAAATCTTAACTAGTTAAGAATAAAGCAGTGAATAATAAAACTTCATCTTCGGCATATCTTACTTCGATTGAAAATCGCCTCAATGAATTTTTTATAATGATTGCGGGATTGTGGACTTTCTCAATTCAATTCTTCCGATATGTTTTTGTGCCGCCTTATGAAGTTTATGAAATCCGTAAGCACATGAATGAACTCGGCATTAAAACATTGCCCATTGTAAGTGTAACTGGTTTTATAATCGGATTAGTACTTGCGATGCAAACTCAACCGGTGCTTGCGCGTTTCGGTGCAGAGGCATATTTACCTGGTTCAGTGGGAATTTCCATTGTGCGTGAATTAGGTCCTGTAATCACTGCACTTATTTTTGCGGGAAGAGTAAGCAGTGGAATTGGTGCAGAGCTTGGCTCGATGCGTGTAACAGAACAAATTGATGCTATGGAAGTCTCAGCAGTTGATCCATTTAAATTTTTAGTTGTTACAAGAATTTTCGCTTGCACTTTTATTCTTCCGATATTAACTGTATATGTTATCTTCATAGCCCTTGCAGGTGCTTACATTGCAGTAGTTCTTGTTCAGAATATGACGAT
NZ_AP026678.1_gap105	3178339	3181743	3404	TGCTGATGTTAAATATGCAACATATTCAACCGGTTACATTCACAATGGGTTGGGTTCTGATGAGTATCAGTTCAATCGGAGTAATAATCCCAACTCCGGGCAGCACAGGGTCATATCACACATTGGCAAAATCAACTTTAGTTCTTCTTTATGGATTTAGCGAAACAGTAAGTGCAGCTTATGCATTTTTAACTCACATCATATCTTACATTTTATTTATCTTAACATCAGTGGTCATATACTTTCTGTTTTACAAAAAGAACCACTCGCTTGCAGAAATCTCGAAAAGTCAGATTGAGGAATTATGAAATTAAAGAGAGTTTTTTTTATTGTAATAATTTTCTATTCAAATGTTTTTCTCAGTGCTCAGCAAAACCAACTTCGTGCAAGTATGGGAATTGATTTTATTAATACTCCTTCTCTCATTGATTATATCAATCAAAGCAATTTTGCTTCTGATGGAAGTCAGTTACCGACTTTTAATACCGCAGTTAATTTTTCCGGAGAGTATGGAAGACTACTAAACGATAACTTTCAGCTTTCATTTGAACTGGCTTATCTGATTTATTCTTATAATGCAAGTAACATCAATGGTAGATATGATATTTCTTATGATTTAATGATGCCTTCAGTTCTTGCGTTTTATGTGTTAAGTGGGCGAGGTTATAACTTTAAATTTGGTGGTGGTGCTGGTTTAAGATTCATTTCAGTTGATGAAACATTACCGGCTTCAGCAAGGTCAGATAAATATACTTCAACAGGATTTGGTGCAATAATTCGCGCAGAAGGAAATACATTACTGAGTGGAAATGTATATGCAAATGTTATTGCTGATATAAGATATGATTTAAATGGAGAACCAAGCGGAAATCCAGGTAATCTGCGTAATAATGTTCTTAATGAAAATGTAAATTTCAATTCGCTTTCAGTTGGAATCAAACTGGGAGTTTCATATTTCTTTTAGGAGGTTTTATTGAATTTTCTTGATGCAGCTTTTCTAGGGCTTATCCAGGGCTTAACTGAATTTTTACCAATCAGCTCAACAGGGCACTTAACACTTGCAGGAAAATTACTTAATCTAATTTCAGAAGAACATCCTGAACATTGGACAGCTTTTATTGCAGTAATACAATTAGGAACATTGCTGGCTGTATTGATTTATTTTTTTAATGACCTGATTGCAATTGTAAGGGATTTTGTAAATGATAATCTTATTAACAGAAAAAAATTTATCAGTCAGAATTTAAATTCAAAGTTAGGTTGGTTAATTATAGTTGGAACAATTCCGATTGTAGTAATTGGATTATTATTCAAAGATCAGATTGAAGGTGCGTTTACAAAAAATCTTTATGTAATTTCATCAAGTCTGATTATTCTGGCTCTTATTTTATTTGTTGCAGAAAAAATTTCGCGGTTTAAAAAAGATATAAGTGATGTCACAGTCTTTGATTCTATTATGATAGGAATTGCGCAGGCAGTTTCTTTGATTCCAGGTTCATCAAGATCGGGAACAACCATTACGGCCGGTTTATTCCTTGGATTAAAGCGTGATGTTGCTGCCAGATTTTCTTTTTTATTAAGTGTGCCCGCTGTGCTAGCAAGTGGCTTACTTCAATTATATGAAGCATCATCTTTTATTAATAATGCAATGATTTTAAATATGATAATTGCAACAATTGTAAGTGCTGTAAGCGGATACATTGCAATAGATTTTTTAATAAAGTTCCTTAAAAAAAATTCCACAATGGTTTTTATAATTTACCGGATAATTTTAGGCATATCTATTTTAATCTTAATATCGCAAAATATAATTAAACCATAAGGAGGTCAGATGAAAAAAATAATTTTTGCTCTTGTTTTAATTTTTGTGGCAAATCAAATTTTATTTTCACAACAAAAAAAGGATAAAAAGAAAATGGTTGACTCAATGACTGTTGCAATTATTCAGACTAATATGGGAACAATTGAACTTGAATTATTTGCGGATAAAACTCCTAAAACTGTTGAGAACTTTGTTGGTCTTGCAAATAAAGGTTATTACAACGGTGTGATATTTCACAGAGTTATTGATAATTTTATGATTCAGGGCGGTGACCCAACAGGAACAGGAAGAGGCGGACAAAGTTTGTGGGGCGGAAAATTTGAAGATGAGTTTGTTCCTGAACTTAAACACGATAGCGAAGGTATTCTTTCAATGGCTAATGCCGGACCAAATACAAATGGTAGTCAGTTTTTCATCACACTTGTTCCAACTCCCTGGCTCGATGGCAGACATACCGTATTTGGAAAAGTAATTAAAGGAATGGATGTAGTAAAAGCAATTGGTAAGGTTCCGAGAAATCAGCAAGACAGACCGTTGAAAGATGTTGTAATGGAAAAGGTAACGATTGAAAAAAGACCGAAGCAAGCTCCAAAGAAATAATCATACTTAAAAAAGATTGTAAGAATGAAGCAACAGGAATTTTTCTCAACACGATGGGCGTTAATTATTTCTGTTCTCGGAATCGCTGTTGGTACAGGTAATATCTGGCGTTTCTCGAGAGTTGTTGCTCAGAACGGCGGAGGTTCATTTCTTATTCCGTGGGTAATTTTTCTGTTGCTTTGGTCAGTGCCTTTAATAATTGCAGAGTTTGCAATTGGAAAATATAGTCGGCTAGGTCCAATCGGTGCGATGGGGAAAATTGCCGGAAAAAATTTTTCCTGGATGGGAGCCTTTATTGTTATGGTCGCAACCGGAATAATGTTTTATTATTCCGTTGTAACCGGTTGGTGTCTCAGATATTTCCTTTCTGCGGCTTCCGGAAATCTGATGCAGGTGGATAACCATCTTGATTACTGGAATCAATTTGCTTCCGGTTATCTTCCTTTGGTTTTTCATCTGATTGCAATTGGAATTGTCTCTTTTGTGGTATTCAGGGGAATCACAAACGGAATAGAAAAGTTTTCCAAAGTACTTGTTCCAACTCTGCTGATTATTTTATTTGGATTATTTGTTCGTGCAATTACACTTCCCGGTGCAATTGAAGGAATAAAATATTTTTTTACTCCGGATTTAAACATCATACTCGATTATAAAGTCTGGTTGAATGCTCTGACACAAAATGCCTGGGACACAGGTGCCGGTTGGGGTTTGATTATGACTTATGCAATTTATATGCGGCATAAAGAAGATATTTCTCTGAATGCTTCATTAATTGCTTTTGGAAATAATAGTATCTCACTTGTGGCAGGCATAACAATTTTCTCTACAGTCTTTGCACTTAGTACTGTTGATGGAAATTCGAATGCTTTGCAACAAATTTCTCAGAGCGGACCAGCAAATACAGGTTTAACTTTTATTTATCTTCCTAAATTATTCGGGCAATTATCAGAAAGTGTTTTTATCAATTCCATCTTTGCATCAG
NZ_AP026678.1_gap106	3314795	3316403	1608	TTCCAGTCAGCAACAAATCCGAATCATATCAATGCGGGATTTCCTACAACCTGTGAAAGTTGCCATAACATTTATGGATGGCGACCAGCAATCTTTGATCATAACCAAACAAACTTTCCACTGACAGGTAAACACACAACAGCACAATGTTCTCAATGTCATTCGAATGGATATTCAAATACACCAACAGAATGTTATTCCTGTCATCAGACTGATTATAACAATACAACAAATCCAAATCACATAGCAGTCTCATTTCCTACAACTTGTAATGAATGTCATTCAACAAACGGATGGCAACCAGCTACATTTGATCACGATAATCAGTTTTTCCCGATATACTCAGGAAAGCATAAGGATAAATGGAATGCTTGTTCGGATTGTCACACTGTGCCAAGTAACTATTCAGTGTTTAGTTGTATAAACTGTCACGAACATAATAAAACCAAGATGGATTCTGAGCATCAGGGTGTACAAGGTTATCTGTATGAAAGTAATGCTTGCTATTCTTGTCATCCTGCAGGAAGAAAAGATGGAGCATTTAATCACGGTACCTCTGAATTTCCTTTGGTTGGACAACATCTAAATGCTCAATGTTCACAGTGTCATACTAACGGTTACACTAATGCCAGTACTATTTGTTCTGATTGTCATCTTTCAGAATTTAACTCATCAACAAATCCGAATCATACTGCATTAGCATTATCAACTGATTGCAATACTTGCCATACTCCAACACCGAATTGGTCGCCTGCATTGTTTCCGAATCACAATTCAGTGTATCCATTATTAGGGGCGCATTTGCAGGTTAACGATTGTAATAGTTGTCATAACGGAAATTTTTCAAATTTAGGACAGAGTTGCATTAACTGTCATAACGATGATTTTCAAAATGCTAATAATCCAAATCATATTTCATCCGGATTTCCAAATAGCTGTGAAGATTGCCATAGTTTTAATGCTTGGTCACCAGCTACTTTTGATCATAACCAAACAAACTTTCCACTGACAGGTAAACACACAACAGCACAATGTTCTCAATGTCATTCGAATGGATATTCAAATACACCAACAGATTGTTACTCCTGTCATCAGACTGATTATAATAATACAACAAATCCAAATCACATAGCAGTCTCATTTCCTACAACTTGTAATGAATGTCATTCAACAAATGGATGGCAACCAGCCACATTTGATCACGATAATCAGTTTTTCCCGATATACTCAGGAAAGCACAAGGGTAAGTGGAGTGCTTGTTCGGATTGTCACACTGTGCCAAGTAACTATTCAGTGTTTAGTTGTATAAACTGTCACGAACATAATAAAACCAAGATGGATTCTGAGCATCAGGGAGTACAAAATTATGTCTATGAAAGCAACGCTTGTTATAATTGTCATCCTGATGGAAGGCATAGGAATTTAATTCAACAAAGATTCATCAATGAATAGAGCATGAGATACCAATTCAATTTTTTAGTATTATTCTTAATTTTTAGTTCATCAGTTCTGGCTCAGAACAGGAGCTTTGTCGAAGGTAAAGTAAGTTATATTACTCCACAGTTAATTTATCTTAAATTTCAAAATACTGATGGAATAAATCCGAAC
NZ_AP026678.1_gap107	3356871	3361132	4261	CTTTATAGTTATCAATCAAATTTTGGTTCAGTAACTTTGTTGAATCGTCCGAAGAATTATCATCAACAAAAATCACTTCGTATTTATCCGAAGGGTAATCAAGATTCTTTAATGCATTCAACAAATCAGAAATGTTCTCTTGTTCGTTTTTGAATGGAATTATTATAGAAATGTTTTGAAATGAAGTAGTGGTTCCTGGAGTCTGTTGAAAAACTCTCTTGAGTCCTATAAGGATTAAAGATGTCATTAACACTAAACATATTGGTAAGATTATTGTCAGTAGAACCATAAAAAAATTTTTCATTAGACTATTGCGAAGTTATCTAAAAATGTTTTAAGTTTTGGCAGGAAAAATCGGGCAGAATTTAAAAGAGAATATTCAGGCGTTAATCAAATCAGAAATTTCCTCTGGTTCGATACCGCTCAATTAAAATTTTTAGTGAATGTTTAATACTTACTTATCCAAAAATTAATTAACTAACTATCTTCAATCACAAGAGGAGCTGAAATGAAAATATTTTCAGAGCAAAGGAAATTCCTAATGTTTTTCTTTCTGATTCTTTTTTTCGTAAGTAGAATCTTAACAGCACAGCCATACGGTTTAAATTGTACTGTTGAAGCAAATGGTTCTACTGGCATTGAATCTTGCAGTTTTTACGTTAATGGTTCTTATAATTTGGAAATTAATGCCTATAACATTGTTGCTCCATGCGAATACGGGGGATGGGTATGGTATGCCTGCAGCCTTTATGTCAAGGTTAACGGTGTTACAGTGAGTCGCACAAATACTTGGTTAGGACAGTATGCCCCTTGGTATTATTGGAGTGATTTTTTTAAGGTAAACAATCGGGATTATGTAGAGATTAATTTGGTTTATGAAACGATAAACTTTTGCGTTGGAAATCCAATATATCCTAATAAATTAACAGTTATTGATGGAATTCATATGGGCGGCGGAGGCCCGCCAATTGAAAATTTAGTTAAATCCCAATCCTTATCTCACTTACCAGGGGAATTTTCACTAAAGCAGAATTATCCAAATCCATTTAATCCTTCGACTGTTATTCAATATTCAATAAACACAAAGCAGTCAGTTAATTTAACAGTTTTCGATGTGTTAGGTAATGAAGTAGCTATACTTGTCAATGAATTCAAAGAGCCAGGTATTCACAGTGTTGAATTTAATGCTTCTGATCTTTCAAATGGAATTTATTATTATAAGCTTTCAGCCGGTGACTTTGTTGATGTAAAAAAAATGATTCTAGTCAAATAGTTAACTAAAATTAAGGAATTATTATGAATAATAACTTTAAAATATCGCTCATCAATCTTATACTTATTGTGTTATTTTCAAACATATTGTTTTCTCAAAATTTTGTAGATATAGAAAAAAAATGGTCGAAATTAGAACCTGATCCTAACTATAGAGATTTTGGAAAGTCTGAATATAATTTTCAACAAGCAGATTATATAAAAAGATTTTATGATATCAATGGTGGAATAACGGTAAATCCCAATTTTAGAATCTTACCTTCGAACAATTCAACGCAATCTGAAACTAGTATAGATATTCACCCCTTAAATGACAACATTCTTTTTGCTTCTGCAAATGCAACAAATTGGCCTTATACAACTATTTACGGTACCGGTGTTTATTGGACATTAAGTGGTGATACAAATTGGACTGGTTTTAATAATCCACCTTTCGGAACTAACTCAGGCGACCCCGCTGTTGTTATCGGCACTAACGGATATTTTTATGTTGGATATATTGATAATCCTGGTGGACAAGGTATTGCCCGTTCAACTGATAATGGAACTACCTGGACAACATACACCGTTGCACCAAATCCTGGTTCCTTAGCTGATAAAAATCATCTTATGATTGATAAAATGGTTGGTTCTCCATACGAGAACAGATTATATGATGTTTGGACTGACTTTGGTGGTGCAAATGATAATGATGCAGTAATAAAATACTCAACAAACTTCGGACAAAACTGGAGTGCGGCGGTTAATTTATCATCTTCATTAAATCCCGGCAGCCATGCACAAGGCGTTAATGTCCAGACAGGACCAAATGGAGAAGTTTATGTTGCTTTTGCAATTTATGATAGCTGGCCAGGTGGCGAAGATGCAATTGGCTTTGCTAAATCAACTGATGGCGGAGTTACCTGGACCAAATCAAGAATTTATGGTGCTTTAACTCCTAATGGCAATTTTAATTTTGGTATCAGAGGAAATATAAAACCCACATCAATCCGTGTTGCTTCATTTCCTTCAATGGCTGTTGACAGAAGCGGCGGACCAAATAACGGTTACATCTATATAACCTGGCCACAAAGAGGCGTTGCTCCTGCTGGCTCAGATCCCGATGTTGTTTTAATCCGATCAACTGATGGCGGAGCTACCTGGAGTTCGCCAGTAAGAGTTAATGATGATGCATTGAATAATGGTAAAGATCAGTATTTCCCCTGGTGTACTGTAGATCAGTCAACAGGAAATCTTTTTGTGGTTTTCTACGATAACAGAGAAACTACAAATGATAGTTCCGGTGTTTATATGGCTGTTTCATACAATGGCGGTATAAGCTTCACAAACTTCCGTGTTAGTGATCAAAACTTCAGACCCAAACCAATTGCTGGATTGGCTGGTGGTTATCAGGGCGATTATATTGGAGTAGCTGCTGCAAATAACAAAGCTTACCCATTCTGGACTGATGACAGAACAGGTAACTATCAGGCATGGATTACAGAAGTTTCTGTTGGTCCTCCTTGCCCGGTTGATCCTGTTAGTAATCCTACTCCGGCTGATGGATTGACGAATGTACCAATTAGTATTTCTCAACTTAGCTGGACAAATGGAAACGGTGCAACTCAGTGTGAGGTTTGGTTTGGTGAAGCAGGTAATCTATCAATGATTTATGATGGTCCGGTAATTTCTTCAATTGCAGTTCCAGGTCCATTACAGTACAATAAAAATTATGGATGGAGAGTAATAAGTAAAAACGATACCTGCGGTGTTGGTGGTCCATTCTGGTCTTTCAGAACCGAATTATCTCCCGGTACACTATTTATAGAACCATTCCCTGATTTAGCAAACTGGACACCTGTTGGTCCTCTTGGATTAACAAACTGGTCTGTTCAATCGAGCAACAACGCAGGCGGACAAAATCCATCTGAATGTCGTTTAACATGGACTCCATCATTTAACGGTGCTTCTTATCTTAAGTCTATAAATATTACTGCACCAAACAACACTCAATTGGATTTGATTCTAAAACATTATCTTGATTGGTATGCTAATCCAAGTGGTGTTATGGGAATTGCAGTTACTTATGATGATGGTGCAACTTACACTCCTTTATGGCAGTTGAATAATCCTACGGGAAATGTTGGACCAGAAACAATCACAACATCCTTTACTACACCCCCTTCAGATGCTGCAAATTTGAAGTTAGCATTATTCTATAATGGAAATTCATTCAATATTGATAACTGGTATGTTGATGATATCGAACTAACTTATGTTATTCCAGTTGAATTGACTTCATTTACTGCAAAAGCGGTTAATGAAAATGTTGAGCTTATTTGGAATACTGCTACTGAAACTAATAATCAGGGATTTGAAATTCAGAGGAGTAACGGCGGAGCTTTTGAAGTTGTTGGTTATGTTCCAGGATTTGGGACTACAACAGAACACAAATCCTACACCTTCACTGATAAGAATGTGAAATCATGGAAAATATACATACAGACTAAAACAAATTGATTATGATGGTCAGTATGTATTTTCAAATACTGTTGAAGTCGAAGTAAATCCTCCACTTACATTTGCACTTGAGCAGAATTATCCAAATCCATTCAATCCTTCAACATTGATTAAATATTCGCTTGCCAAAGATGCAATGGTTAATATATCTGTTTATAATGCAATTGGTGAAAAGGTTGCAACACTTGTTAACGGATTGCAGCAGGCAGGCAGATATGAAGTTAACTTCGATGGCGGTAATCTCACAAGCGGAGTTTACTTCTACTCAATAGAAGCAGGCGAAGCTTCAAAGCAGTAAAGAAAATGTTGCTGATGAAATAAAAGTTAAAACTTATCTGCCGGCGGCAGAAGTTAAAGTTAAAACAGCGGGCTTAATGCCCGCTTTTTTATTGACACCGATTTAACTCTTATCTATTTATTTTTCATTCCTTTATATTTCATAATAAAATTTTTCAGAAAAATTATTTATTTGCATGAAAGAACCAGAAGT
NZ_AP026678.1_gap108	3556652	3561049	4397	CAATGTTGAAGTACCGTTCAGTGCAAACTTTGATGTATATGCATATCTGACACCAAATACAACTTGGACACAGAATGCAAGATATGTAATCTATTCAGATACAGACTCGAGTGAAATAATAATAGATCAATCAAATCTGAATAAGAAGGGATGGCATAAGATAGGAGTAGCATATCTGAGTGAAGGAACAAAGAGAGTGATGAAGATAGATAACACATATTTGGAGGCGGGAAGATATTTGGTAGCAGATGCTGTAATGATTATGATAAACAGAAAGTTATCACCTGATGTAGTAATTACGGATGTTAATGACGAAAAAGAAAATGATGTAACTCGACCAACCGAATTTGTATTAGAGCAGAATTATCCAAATCCATTTAATCCTGTAACAAAGATAAGATATGTCATTCCGAACGAATTGAGGAATCTAACAACATTAAAAGTCTATGACGTATTGGGAAAAGAAGTAGCAACACTGGTAAATGAAGAGAAGCAAGCAGGATTATATGAAGTAGAATTTGATGGAAGAAATCTTTCAAGCGGAGTATATTTCTATCAACTGAAATCAGGAGAATTTATTCAAACAAAGAAAATGATATTGTTAAGATGATTGTAAATAATTTTCATAAGCCCTCTCCTTGGGAGAGGTTTGGGTGAGGCATAAAATTGTGATAAGGTTATTTTATTTTCTCTTTGTAGTAATTCATTTCATATCCTATGCACAACCACTTCAGGAATTTCGTGCAGTTAAACTTACAAATGTTGACAGCAATGTTTTGTTCACAGACCTGAATATTGCTCAGGGAATGGATTACCTTGCATCTGTGAATATAAATGTTGTTCTGGCGGTAGTTTGGAATGGTGGTTATACTCTGTATCCAAGCTCAACTATGGATAGTTTGTTTGCAAAACCTGTTCATCCGAATTTTATTGGTCGTGATATGTTGGAGCGTGTTATAATAGAAGCGCATCGAAATGGAATAGAAGTTTATCCATGGTTTGAATATGGTTTTGCTGCCTGGTATTCAGGAAATAATCCTCCGACAGGTGGACACATTCTGCAAACAAAACCCGATTGGGCTTGCAGATTAAGTAATGGACAGATTGCCAAGAAAAATGGATTTGACTGGATGTCTGCAATTCATCCCGAAGTACAGGATTTTATGAATAAGCTCATTACTGAAGTAATGCAATATGATATTGATGGAATAGAATTTTCAGATAGAATACCTGCAATGCCGATTGAGGGAGGATATGAGCCTTATACAGTTTCTCTTTATCAATCTGAACACAATGGACAAAATCCTCCTACAAATTATAATGATGTTAATTGGAAACGATGGCGAGCTAATAAAATGAATCAATGGTATAAAAATGTCAGAGAGCTGATGAAAAATTTTGACCAAAATTATTTTGTTTCAACAAGTCCAAGTATCTATCCGTGGAGTTATGATAATTATCTTCAGGATGTTCAGACATGGTTAGATTCAGGAATATGTGATCAGTTCATACCTCAACTTTATAGATATACTTTCCCGGAGTATTTGTATGAACTTAATCAGGCAATAAATCAGGCTGGACCGAATAATCTTCATAAATTATTTGGTGGCATACTTATGAATATTGGTCTTCCACCAAATGACTATCTGATATCTCCGGAATATCTGCTTGCCGCTTTGCAGGCAAATCGAGATCGTGGAGTTATGGGCGAAGCATATTTTTATTATGAAGGTTTCAGAAAAAATAATAATCAACTTGGTGATACCTTAAGGGCAACTTTTTATTCACAACCGGCTTTGGTCCCGGGAAGGAATGGCAACATCTGGCGTCCCAAAGCAACAATAAAAAATGAAAACGAATCAGGAGTTACATTAACAGGAAATTGGACAAATTATCCAATGCAGGGATATACAGGGCAAATAATCAGAACAAATCAAACAACAGGATACGCATCAGTAGAATACAATGTTGAAGTACCGTTCAGTGCAAACTTTGATGTATATGCATATCTGACACCAAATACAACTTGGACACAGAATGCAAGATATGTAATCTATTCAGATACAGACTCGAGTGAAATAATAATAGATCAATCAAATCTGAATAAGAAGGGATGGCAGAAGATAGGAGTAGTATATCTGAGTGAAGGAACAAAGAGAGTGATGAAGATAGATAACACATATTTGGAGTCGGGAAGATATTTGGTGGCAGATGCTGTAATGATAATGATAAACAGGAAGTTATCACCTGATGTAGTAATTACGGATGTTAATGATGAAAAAGAAAATGATGTAACTCAACCAACCGAATTTGTATTAGAGCAGAATTATCCAAATCCATTTAATCCTGTAACAAAGATAAGATTTGTCATTCCGAACGAAGTGAGGAATCTAACAACATTAAAAATCTATGACTTATTGGGAAAAGAAGTAGCAACACTGGTAAATGAAGAGAAGCAAGCAGGACTATATGAAGTAGATTTTGATGGTAGTAATTTAACAAGTGGAGTTTATTTTTATCAATTACAGACCGGCAGTTCTGTCCAGACAAAAAAAATGATTTTACTTCGCTAATGGAAAAACGTGCTGATGCTTTAGATGCCCTTCGTGGATTTGCAATCATAACAATGATATTATCAGGAACGATTCCGTTTTCAGGTCCTGCAGCACTTCCTGGTTGGATGTATCACGCGCAACTTCCTCCACCGGATCATGTTTTCAATCCAAATTTACCAGGAATAACCTGGGTCGATCTTGTATTTCCATTCTTTCTTTTTGCAATGGGCGCAGCATTTCCATTCGCTCTGAAGAAAAAACTTGAAAAGGGTGCAAACTATCTATTGATAATTTGGCACGCTGTCCAAAGGGGATTTTTGCTTGTCGTTTTTGCATTGTTTCTTCAACACTCAAAACCTTATGCGCTAAGTGGTAATCCTGAAACATTTCACTGGCTGATTGGATTGATTGGATTTGTCATTCTATTCCTGATTTATTATCGGTATCCATCTTCAATAAGCAAAAAAGTAGTGTTGATGATAAAATTGTTAGCCATAGTTGGGGGAGTAATTTTATTTTCTCAGTTGACTTATACAAATGGAAAAGGATTTATTCTTAGTCGTAGTGATATAATTATTCTGGTTCTTGCTAATGTAGCATTGTTCGGAAGTATAATTTGGTTATTTACTCAGGATAAAATCTTAATTCGTTTAGGAATTCTTGCTTTCCTGCTTGCCTTCAGGATAACACATAACATTGATGGAAGCTGGACTAAAGTTATTTGGGATGCAACTCCAATTCCCGAAATTTATAAATTCTATTACCTTCAATATTTATTTATTGTAATTCCGGGAACAATTGTCGGAGATATTATTTACAAGTGGATGAAAACTGAAAATGAATCGAATATAAAAGAAGCAAAATATATTTCTGTTTCGGTGTTGGTATTAAGTATTGGAATAATCATCTGGAATTTATTCGGACTTTATTCAAGATTGTTAACTCTGAATTTAATTGTGAATATAATTCTACTAACTATCTTCTATTTTATTCTAAAAAATTCAAAATCTGATTTATTTTACTTTTACAAGAAGTTATTCTACTGGGCTGCCTACTGGCTTTTGCTTGGATTAACTTTTGAATCATTCGAAGGTGGAATAAAAAAAGATCCATCAACATTAAGTTATTATCTGGTTACAACCGGACTTGCAATCTTTTGCCTCATTGGATTTTCTGTTATTACTGATTATTTCAGAAAGTCAAAGTATATCCGACTTATAATTCAAAACGGACAAAATCCGATGATTGCTTACTTATCTAACAGTCATATCATTATGCCCATACTTGCTTTGACCAGACTATCTTCTTTGCTCAATGAAATGCTCATTAATCCCTGGTTGGGATTTTTGAAAGGAGTAATTGTCACACTACTCGCAGCTTTAATTACAAGCTTCTTTACAAAGAAAAAAATATTCTGGCGAAGTTAAACATTCAAGAGAAACATCAGCTACATTTTTTATTTTTAGTATAGTAAAACGGATTCTTATTATGAAAAAATTCGATGCACCAAGAGGTGAAATAGTAATTTATAAAGCCAGTGATGGCTCAGCTCAACTGGATGTTAAACTTGAGGAAGAGTCTGTTTGGTTGACTCAAGCTCAAATGGTAATTCTTTTTCAAACTACCAAGCAAAATGTCAGTTTACATATCAATAATATCTTTAAAGAAGGTGAGCTTTCAGAGAAATCAGTTGTCAAGGAATACTTGACAACTGCTGCAGACGGTAAAAAATACAAAACCAAATACTATAATCTCGATGTGATAATCTCAGTCGGTTACAGAGTAAAATCCAAAAGAGGAACTCAGTTTAGAATTTGGGCGAATAATGTGATAAAGGAGTAT
NZ_AP026678.1_gap109	3566206	3566706	500	ATTGAGCACGGAGGAATTGATTTGCAAATACTCGGGATTGGTTCAAATGGGCACATTGCTTTTAATGAACCAGGTTCTTCTCTCGGTTCAAGAACAAGAATTAAAACCTTAAATGAAAATACAAGATTAGATAATTCCAGATTTTTTAATTCGATGGATGAAGTTCCCAAATATGCTATTACTATGGGTGTGGGAACGATTATGGAAGCTAAAAGATTGTTACTTCTAGCAAACGGAATAAAAAAAGCTGATGCCATTAAAGCAACAGTTGAAGGTCCGATAATGGCTAAGTTTCCGGCAACGATTGTTCAGCTTCATCGTTATGCAACGGTGATTGTTGATAAAGAAGCTGCGTCAAAGTTAGAAGGAAAGTACGATTAAATTTTCTTTACAGAATTTTCTGAACTGCAACTGAAAAATTATATCTGCTTCGGGAAGTGTTGATATTCAATTCCTCATTTTCATAAAGGAATCCTAACTGAATTGTTGTCTTGTCAAAA
