gap_id	start	end	length	sequence
NZ_AP022671.1_gap1	36146	37262	1116	CGGCTTCGTATGCGCCGCACTGCTGCTGCTTGTGATGAAGGTTCTCACCAAGAATCCGGCTTTATTTCGTGCTCCAGAGGGACAACAGCCTCCTCCGCTCTGGGTGCGCAGCTTGCTCGTATTAACTTGTACCGGGGTGAGTTTTGCCCACGGATCCAACGACGGGCAAAAGGGCATGGGATTGATCATGCTCATCCTGATCGGAACCGTGCCGATGGCCTATGCACTAGACCGTGCCGTGCCGGCTTCCCACGTGCAGAGTTTCGTGAGTACGTCGCAGCAAGCTTCTCAGATTATGGCCGTCCGCACTTCGTCTTCTCAGCTGAAGGCCGAGCAGGATATGCATGCCAATGTGACGCGGTATGTGCAGACGGGAGAAATGGATGAAGCGTCGCTTGCCTCAATGCAAGCCTTGATGAACTCGATCGCAAATCAGGTCGCGCAATATGGTTCGTACGGGAATGTTCCGGATGACATGAGGGGCAACATTCGTAACGACATGTACCTCATGAACGAAGCGTTGCGCAAAATGGACAAGCTGAAGAATCCTGGTTTTTCCGTAGAGGAGGCACAAGTTCTCAAGCGGTATCGTCAGGCTCTGGACCAAGCGACGAAATTCATTCCCACGTGGGTAAAAATCGTCGTCGCCATTGCACTGGGTCTGGGAACGATGGTCGCATGGAAGCGGATCGTCGTCACGGTAGGCGAGCGGATCGGGAAAGCTCATCTGACCTATGCTCAGGGTGGAGCTGCCGAGTTGGTCGCCATGACCACGATCGGGGCGGCGGATGTCTTTGGATTGCCAGTAAGTACTACGCAAGTGCTCTCTTCCGGCGTAGCAGGAACAATGGCCGCCAATAAATCAGGCCTGCGTTGGACGACTGTACGGAACATTGCTACGGCTTGGGTATTGACCCTCCCCATGTCCGTTTTGCTGGCAGGAACATTGTACTGGCTGCTCCGGCAGTTCACCGCGTAATGGCTTATGATGTCCGGTTACTATAAAGACAGGAAGTTACGGAGGCGATGTGACTTGAATGTCGAAAACCAGGAGCGAGATTAAGCCTCAATAGGAGAGAGAGACGGACCGTCCTTTTGTCCAAGAGGCAACGAATT
NZ_AP022671.1_gap2	43957	48283	4326	TCAGGGTCATGCGCGCCGAAAAAATATCGCTTTTCACATCGTAAAGATTCTGCAACCGAAGTTCCTTGCCCACCGCCTCGAAGCTGCTGACCTGGTCGAGCATTTGGAGTGTCTTAAATGGCCGTCCCACGATAATTTCACCGGCGACTGACTGACTGATGCGGGGGTCGAGTGATTGTATGACGACGGGTGAGGCCGTGTTGAGGTTGATCTTGCTGTCGCCTTCCTCGGGGAACACGGTCACGTATGGGGCGAGCCTGTCGAAACTGGCGGAGGTCATGCCCTTGATCAACCGAAGATCGTGCACGCTCTGGAGGGGGGCATTGGCCGCGCGGTACGGTGGATGAAGCGTTTGGTAATACAAGGACTCCGCACCTGTCGGTTCGGGGATTTCGTCCAAGTCCACCCAATCGACGATCGCATCGACGAGGTCCGGGCTGACCAGCAGCAGTTCAAACAGACGCTTCGCTCTGAGGATTTTGGCTTTCTTGGTGGCAGGATCGGTCGTGGCCAGATCGTTCAGATTGAACTTGGATCGTTCGTCTTCGATTTGCGCAGTCAAGAACCCGTCGCCGATCGCATACTTCGTGATTGGAAACGCCCACAGATCGGTGGTGGAATCGAAGTATTGTCCGGCTTGCCGGTCTTTGATCAGATCCTGCATCAGCACGGCGCGGGCTGCCTGGACCGCGGCTCGTGTCAACGTGTCCACCTTGAAATTATCGCGGAACGCCGCGGCATCGCGGTATTCCCGCCGGGCCTCTGTGTCAAATTCGAGGACGAGGGCGACGAGCAGTGCGAGGACGACCAAGGCCAGAAGCAGAGCGACACCGCGCTCGTCAGACCTTGGCATAGGTGACGATCCTGAGGGACGCATCAAGATTCACCGGACTGTCGTATTTCGGTTTGATTTGGAGGTGACGGACCTGGATCTCGTATGGAGACTGTTCCAACAGGACGAGCAGCGACAAGAGTTGCGGGAGTTGCACGCCATCAAGGCGAAGATCGACGGATGTCTCCTGATAGCCTTGGATCGTAGTGGGTGGTTGCGGCTGCATGCCGACGATCTTCTCGCGAATCTGAGCGGACGTCGCAGCTTCTTCCATGAAGGCCAGGAGCGAGAATGAGGCGTTCGCATGCGGCAATCGCTCTTCGCGTTGCGCGAGACGCGCGCGTTTGGTGTTGAATTCTTCCGCGAGCACCGCCAATTCCCCCCGTTCCTTGTTTTTACGGACCACTTGACGCTCCAGTTTGTCGATGTTCTCGAGCAGGGGATCGACCACGACGAAAAACGCCAGGGTCAGGAGGACCACGACACCGCCCACCGAGACGATGATCCGTTCCCGTGGCGCCATATGACGCCAGCGTTCTTTGAATGCCGCCATCATGGGTGCGACGCCGTATAGGTGAGCCTGAACACGACCTGGTTCGCCTGAGCGCCGACACGCGTGTCAGAAATGGAAATGTCTTGGAACTGATCGACCGTCATGAAGGCTTGTTTGATTTTCTCTATCGCATCGAACGACGTCGTTTCTGCCTCGAGGTGCACTGTGGTGCCGTCGATCGTCAGGTCTCGCACCGTCAGAGGCACTCCGCGGGGCAGTTGTTTGGCCAGGCTCGATAGATGCGACAGCACATTTGAGCGGCTTCCGTCGATGACGGCGAGGCTCTTTTCAATTTGATTCACCTTGTAACGGGCGACGTCCACCTCTTCGCCGGGGCTGCCTCCCTCGCCGAAGGTTTGCGCAAATTGGGTGTATAACGCCTGTTTGACATCTTTGAGCGTCGTGTTCTTCACCATCACGCGCACGGACAGATCGACGACCATCAGCAGCGCCAGCACCGCAGCGCCCCAGATCGCGAACCGCCGATCCTGCTTTGTGGCATCGGACTGCGCCGCCGCAGCATCTCCTCCGGCATTCAAATCGACGGCGAGGTCCGAGCCGATGACCTTGGTCTTCCAGCGGGGACGAACGATCTTCGGATGAATCGCCAGGCCGAACGCGATCGAAAAAGCTCGCGGACAAGTCGATCCGAATCCCTGTCGCGGACCGACCGGAACCAATCCCAGTTCGTGGGCCACATGGCCGCCCAGTTCCTTCAACTTGGACCCCCCGCCCGATACCCAGCAATGCGAGAGCCGCTGACGCCCGTTGGTTTCCTGTGCGTGCATCGTGACGCGCAATTCTTTCAGCAGTGGTTCAAGCCAGGCATCGACCTCGTGCACGGCCATTGTCCGTTTACGCCGCTCGGCTTCGGCGAAATTGCAGGCGTAGCGGACTGCCAATGCGTGCGTCAGGTGATTGCTGCCCCACAGCACCGTCCGCAGCAACATGGGACGGCCCTCTCTGACCAGACACAAGGTCGTCTTGGTTGCGCCGATGTCGATGATGGCGAGATCGCCGGGGACGCGGGCGCCTTCCTGCTGAAGAAACTGTGTGACGGAGTACAGCGCCATCCCATCCACGCCGACGACCGCCGGTTTCAGGTCGGCCGACGCAAGAAATTTGAGATGCTCGTCCATTTTATCTCTGGGCGCGGCTGTGACCAGCACTTCGGCGCCCCGGACCTTCTGTGCGCCTTCAGACATCTCCCTGGCAGGCAACACCATGCTGCCCATGGCCACGTCTTCCAGAGGCATGGGAATGAGATTTTCTACCTCGAACGGAACGACCTGGGCCAGTTTTGCATTGTCGCGGAAAGGGAATGAGAGCGTCCGGATGAACAGATCCTGGCAGGGAAGAGCAGTGACGATGTCGCCACTTCCATACAGTTGATGTTGCCAGAGGAAATTCCTCAGCAGGCCAGCACGCCTGGCCGGTTCCATGGCTTCGGGGCGGCCGTATGGAAGGGGAAGATGGAAATACTCGACAGATTCGCGTCCAGTCAGGCGGCGGCGGAACCGGACGGCCTTGAATGCCGTCTGTCCGATATCGAGACCCACACAATCAGCGATCATGAAAAAATAACCTTGGCCCCGGGAAAAGCAAGATCCAAGCCATTCCTAGCGCAGACGGCGCTTATATTACACAGATAGTCGAGGATTTGCGACTGTTCCGATGAGTTTGAATATGAGGGGTGTCCCGGCCGGTGGGGTGGGGATAGGAAGTCCCGCTGATTTCTGTGCCCATCCGGCACCGGCTAGGATCGTCACTGTCAGATCAAGTGTGGTGTGATCCAGCGGTTGCTGGAGCGTCAATTGCCCCTTCGCCGTGATCGAGCCGTCGGGGCCGTCCGCTTTCATATCCGTCACCTCGCACGAGGCATCCCGGCAGGACAACGTCAGGGTCGCGTGGTTGAATGCCAGGGGCGGAAGGGCCGTTTGCCCGATCGGGATATGTTCCAGCAACAGGTCCTTCACTTCGGCGTTCACGGTGCCTTTACCCGCAAAGTTGACGGTACCCGGGCGTGCGGTCGATTCGTGCGCGATGTCGGCCTGCAAAAGTCCTTTGGTGACGAATGGTTTCACCAGCGTGGACAGATCGACCTGATGGACATGCGCCTGAACGCTGGCAGGGCCTTGGAATGACCAGGATGAGGCCGTCACCGTGGCGGAAATCTTCCCGGCGCCGGATTTGGATCCTCCTGGAAACTGGACGATACCCTCAAGTTTGCGTTGTCCCGTGAACTGAACAAGCAGCGGGATCATCAGACGCAGGGTGTCGATTTGCAACGCAGGAACCGGAGGTTTGGCCAGAGTCACATCGTGCCATTCAATGCCAAAGGGAAATCCGACAGACCAATCAGCGGCGCGAATGGTCCAGCCCGTGTTCCTCGAGATCTCCGACAGAATGCGCGATTGCAGGGCTCCGAACGGAAAGGTGATATAGAGGAACAGCAGAAAACAGAACAGCGCAGCCGCTACCCAGAGGAAAGGTTCTTTCTTTATGCTGACAGCGCTCGGCCAGACGATTCTCCCGGTCATGATGGAATACCCGGAGTGACCCATTCGCGGATCACGCGAGGCTCCGCACCGAGGGATTCTTCCATAAGTGTCAACTCAATCAAAATCGCTGTGGGCCCGGCTACGCGAGCTCGGGCATCCCATTCGTCGGCCCACACACCGGCCTTGACGTCGTAGTAGCGGACATTGAACGCCTTGACCTTATTCAGCAGTTCCATCCGCTCGATCGATTCATCGGTCAATCCATACAGGTTTTTGCGCACGAACCGCAACAGTTGATCGCGCTCTCTTGTATAAATCACCCGCTTCAGTTCGCTTTCCTGTCCGGTATTCATTCCTTTGAACTGCCCGACGGCAAGAAAGGCGATGGTATCGGCAGCTTGGCCGTCGATTTGCGCATTGATGCCCATCCAGGGGCTGGT
NZ_AP022671.1_gap3	55643	60187	4544	CGATCCCTCTTACGTGTTCAATCCCGGCGTGAAGATCAGCGATACACCGTTCACGGAGCATATCGATTACACCAGATTGTCCAAGTCATGTGCGACTTGTGCTAAGTGCAATGCCGTCTGTCCCGTCTACGATGTTTTCCGTTCGGAGGACATGAGCTCTCGCGGATGGTTCGAAATCGTCACGGATACGAACTACAGTTACCTGAATTCCAAACGGGTGGTCGAGGCCTGTCTCAACTGCAAATCCTGCAGGACGGCATGTCCGGCTGGAGTGGATGTATCGCAGCTCATCCTAGACCGCCGGGCGGAACAGCCCAATAAGTTGGCAGGCTGGATATTTAGACTTCATGCACAGTCAGATAAATTTGCAGCCTACTTAAAGTTATTAGCGAGATGTCAATGGATCTGGAATAGACCTCTTTCCAGAAGGATTCTCGAAGTCGTCACGAGACCCCTGCTGCGCCGCTTGGCCGCAACTGCGACCCTCTCATCCAACGTGGCGATTCCCAAGTTCGCGGTACGCCAACTCCGCGACCGCTACCCCGAGTTGATTCCGCCAACGCCCGGTACGGCGGGCTCTCCAGTGGCATACTTTCACGGATGTGCGGCGAACTATTTTGACGACGGTGTCGGAGATGCCGTGATTGCCGTTCTCAGAAAGCATCATGTGGAACCGGATCTTCCTCCGCAACGTTGTTCCGGTACGCCGATTGAAACCTATGGCCACCGGGAAATTGCGAAAGAAGGCGCGAGGGTCAACCTGACATCTCTAGCTGGCTACGACACCGTCGTCACAGGATGTGCCTCTTGCACGCTCATGCTGAAGGATTACCCGACGTTGTTTGCAGGCGAGCCTGAGCATCAAGCGGCGGAGGCGTTGGCGAAACGGGTGAAACACATTTCCGAATTCGTGGCGCAATCTTTGGTCAGACCTGCCATGGCCGAAGTCGGTTCAAGGCCGCAGACGGTAGGCTACCATTCGTCTTGTCATCTACGGGCAGCCGGCGTGACTAAGGAACCACGGTCCATCCTGGCAAGCATGCCGGGAGTGCGGTATGTCGAAATGCCGGATGCCGACCGATGCGCCGGAGGAGCGGGCACCTATCTCGTCAAGGATTTTGACACGTCGCAACGCATCGTCGAACGAAAACGCCGAGCCGTAGAAGACAGCGGCGTCGACGTCGTGGCAACCAGTTGTCCGGCTTGTATGGTCCAGCTGCGAACCGGGCTGCCTCATACCGTGGAAGTGAAGCACGTCGCGCAATTGCTTCAGGAACGGTATGATGCCGCGGACCATCAAGCCGGAGGAGACTGATGCGGCTTCGCAAGATTGATTGGATCTTCGTCGTGTTCGCCCTGGCCGTCGTCATAGGCGTGTCCATGCTGCCGACACCCAAACAGCAGAACCCGAAGATCCCGGATAATTCCGATCATCGTTTGATCGTGGTTGAAAAGGATTGCTTGGTCTGCCACCAGGCGCAAGGGACCCGTCCCGTTCCATCCAGACATCCGAAGCGACAGGACTGCTTCAGGTGTCATGCGCGCGGAGCGGAATCTCACGTGTCAATCCTCCATGAGGATGCGCATGGCGTTCGAAAGGAGGATCGATGGTAAAGGTGCTGGTATTCGGATTGACGCTGCGGGATGCGGTGGGAGAGCATGAGATCGATGTCGAGTCGCCGACCGCCACCACGGTCAAGAAACTCGTCGAGTCTAACCAGGCGCAGCTTGGCGCGCTGTTGCCGTTTATGCAGAAGCGGGAAGTGTTGGTGACGGTGAACAAGCGTGTCAGCACCGAGGATTCACCAGTGAAGGACGGCGACGTGGTCAAACTGTCGTATCAATCGACGAACGCCTCCGTCGATGGAGTGCGGGATATCCCGACGTAACGGGGAGCCTTCGAGCCTGAAAATTATATGCAGGGGATAGCTGATATGCCTGACGCTATTCAGAACGTCGCCGCGCTGGAGGCCTGCATTGGGAGGGCCCCGGGTCCGATCAACCTTAAGGTGATCGATCACCTTGACGATGGGGCGCGACATTGGATTGCTTCGTCGCCGATGTTGTTTGCTGCATTCGGCAACGGCAGAGATATCGCGATGACGATCGGCGGCGGAGAGGCCGGATTCGCCCGGGCAGTCGATGCCTCTCGCTTGACAGTCTCCGCATCTGCGCTCGACGATCCGAATCTTGCGGTAGAAGGCTGCGGAGCGGGGATGCTGTTCGTCTCGCCGAGCATCGGCGAGACGTTGCGAGTCGGCGGTCGTGTCGTCTCGGCCGGTGAAGGTCGAATCGACATCGTCGTCGACGAGTGCTATCTGCATTGCGCCAAGGCGATGATACGCTCGAATTTCTGGCAAGCGGTTTCCGATGTGGACGCGCCGGGCGAAGCCCTGTCCTTTCTGGCCGCAAGCCGTTTCCTTGCGCTGGCCACGGCCGATAGAGAGGGGCACGCCGACCTCAGTCCAAAAGGCGACCCCTCGGGATCATTGATACGCGTGCACCAAGGCAAAGCTTGGTATGCCGACCGCCCGGGAAATCGCCGGGCCGACAGCTTCCGCAATATTCTGGTCCAGCCCCGTGTCGCGGCAGCCGCACTTATTCCAGGCTCGACAGGCGTCGTGCTGCTATCCGGTACGGCTCGGATCAGCGCCGATCAGGCCATGCGTGATGGATTTGCAGTCGCAGGCAAAACGCCGCCGCTCGTCACCTGTATCGAACAGGTAACGCTGACCGTACGCAAGAGCGCGGCCATGGCCCGGGCGCGTCTGTGGCCCGCCGCGCCCCGTGCCCAGGGAATCGATCCGGCGGCGATGTTTGTCGCCCACATCAAGCTCAGCAAAACACGCGGTCTCCAGGCGGGATTGGTTCGCGCGGCGCTGGCGGTGCCCGGCATGATGGAAAAAGGTTTGCAGCACGACTATCGGAACAATCTCTATTGATGAATGGCCAGCGGCCACTCGAAGAGACGATCCACGCCCGCGGGCAAGAGGTCAACCTTCACACGAATCTGATGCCGGATTCTGTCTTGGATGGCGATTCTAAGATGATCACGCGCTACGTCAGCGAACGTTCGGCGCGGCTCTGATATTCTAAAAATAACCGGCTGTGACGGTCTCCCCTCAACTCCAGTCTCAACGCACCTTCCGGAGTATCCCACTGCGCATGATAATGCAGGTGGCCGATCATGACCGCCACACCCCAATAGTCCGGAAGAGGCTGATACAGATCGTTATCCCAGACAACACGGTCGTCGAGAGGTGAGCCGAATGCGGCAGACAACGCCGTCTTCAGTGCCTGATAGTATCCGATGAATTCGTTCAAGCCGTTCAGTGGACGTTGCAGGACGACGTATTCGCCTCTGATCAACGAATCGTGGCGGAATTCGTAGCCCTCGATGACGCCATGATCGGCAAGGTTGCGCACGTAGATCAATTTGTCTCGTATGTCCTCCCGGCCCGCTCCCTTCACATCCGTCTGGAGCGCGGATCGATCGTTTCCCCAATTGCGCTGCAGTCGGTTGACGAACGTCATGGCTTGGGTCGCCACCTCGGCCTGCAGGGTTGCTTCGTCAATTTCATCGAAAGGAATCGTGTAGACCTGAGGAGGAATGGGATAGGGATCGTCGGCGCCGACGGCGCCGGCCGCCAAAGGAAAACATACAACGAGCAGTATCAACAGAAGACGACGACAGCGACGAGCCATGTCTACACGGTAAGGGAAATGCCGGAGGAGGTCTATCCCGCAAAGGTGGGAGTTAGGAGCGCCGCTTGGTTTTGGCCGTCGGTTGAGCGACCAGCGGATCTTCAGGCCAGTGATGTTTTGGATACCGGCCTCGCAATTCCTTTCTGACCTCTTGATAGGTGTGGCGCCAGAAACTCGCAAGATCCTTCGTGACTTGGACCGGCCTCTTGGCCGGTGATAACAGGTGCAGAACGACTGGGATTTCTCCGCCCGCAATGCGGGGTGTTTCCCTGCATCCGAACATCTCCTGTAATCGAACCGGCAGGACCGGGAGGTCCGTGGTTTCGTAGTCGAGACGAATGCTCGATCCGCTTGGAACCGTGATATGGGTGGGAGCCAACTGGTCCAGGCGCCGCCGCTGTTCCCAATCCATCAGTCCGTGCAGGGCCGGAGAGAGATCGAGTCGTTTGACGCGGTCGAGCGTCGTGATTCCGTCCAGATAAGGGGCCAGCCATTCGTACAGAGTTTGCAACAGAGCTTCATCGGATAAATCAGGCCAGTCCGCCCCCGCTCCCTTGACTCGCCGCAAAAATTGGACGCGAGCCCGCCACTGCTTGAGTTCTGTTGTCCAATCGAGTGCAGCGATCCCCTCACGGCGGACAGCGTCCAAGAGAGCCGTCGTGATCAGCGATGAATCAGGCTGGGACAATGCCTGCTCGGACAGCACCAGCATACCCAGCCTGCGTTGTTTCGATGCCCGCACGGCTCCGGCCCGTTCATCGTACATGACCTCTTCGCGTTCGACGATCTCGCTGCCGTAGAGCGATTCTATGTCAGGGAGGGAAATCGGAGCGGCCAAA
NZ_AP022671.1_gap4	62930	67541	4611	TCGAGTCGCTTTGGCCCAAAATGAAGTCTTAAACGAAAAGGGATGATGAGACGCCCATGAAATCCGACGCGACCCATCCGCCTGCTTCCCACACCGCCACGGGGTTTTCCCCCGGCTTCGCCGCCCTGGGCCTGGAGGCCTCGTTGCTGACGACGCTGGAGTCGCTGGGGTACGAAGAACCCACGCCGATTCAGCGTGAGGCGATTCCGCCGCTCCTGGCCGGCCGCAACCTTCTCGGTCAAGCGGCAACCGGAACCGGTAAGACCGCCGCCTTTGCCCTTCCACTGCTGCAGCGGATCGCGCATGCGGGAGCAAAGCATCGCCCTTCGGCGCTTGTGCTCGTCCCGACGCGTGAATTGGCGATCCAGGTGTCGGAGGCCGTTCGACGATACGGGAAAGAACTGCGCACCTCAGTGCTGGCGGTCTACGGCGGTCAGGCCATTGGACCGCAATTTCATGCCCTCAAGCGCGGTGTGGACGTGATTGTGGCGACCCCGGGTCGCGCGCTCGATCACATTCGCCGTGACACGTTGAAACTGGGTCACGTGCAGGTTGTGGTGCTGGATGAAGCCGACGAGATGCTCGATATGGGGTTCGCCGACGATTTGGATGCCATTCTCGAACAGACCCCGCCCGCCAAGCAGACGGCGCTTTTTTCCGCCACCATGCCGCCACGGATCAAATCGATCGCTCAACGGCATCTCAAGAATTCCGTCGAAATTACGATAGCCAAAGAACCGGTCAAGGCCGGGGCGGCTCCGCGCGTTCTGCAGACCGCCTATGTCGTGACCAGAGCGTATCGAGGGGCGACGCTTGCCCGCGTGATCGATATGGCCGCGCCAAAATCGGCGCTGGTGTTCTGCCGGACCAGGCTGGAAGTCGATGAAGTGACGGCCATGCTCACCGGCCGTGGGCACCGAGCTGAGGCTATCCATGGTGGAATGAGCCAGGCGCAGCGCGATCGGGTCATGCAGGCTTTCCGCACCGGACAGACCGAGTTGCTGGTGGCCACCGATGTCGCCGCGCGCGGCTTGGACATCCCGCATGTGTCGCATGTCGTCAATTACGATCTTCCATCATCCGCAGAAGTCTACGTGCATCGCATCGGCCGGACGGGTCGCGCGGGGCGGGAGGGCGCCGCGATTACCATCTTGGATCCGCGTGAGCAGCGGCTCTTGCGCAGCATCGAGCAGCACACCAAAGCCAAAGTGACCGTCTCGCCGGTCCCTTCGGTGACCGACCTGCGGGCGAAACGTCTGCAGCGGACCGAGACGGCCGTGCGTGAGTCGTTGGAGGCCGGAGACCTGGATTCTTTCGAGCCAGTCATAGAGAGATTGTCTGCGTCCAGTGATCCGGTGAAAGTGGCAGCGGCTGCGGTCAAACTCATTTTCAGGGCACAGGGCGGAGCGCGCGCCGAAGAAGACATCCCTGCCATGCCGATCAGACCGCCGGATGCCCATCATTCATCCGGTCGTTACGTTCGGCATCCTGCCGATCGATCGCACGCCGCACGGTACGATGATCGGACTTCGAGAGGGAGATCCTCCGAGCGGCAGACCGGAACGGCACGCATCTATATTGGAGCGGGGCGGGACGCCGGCATTAGACCAGGCGATTTGGTCGGCGCAATTGCGAATGAGGCCAAGGTCAATTCCCAAATGATCGGGGCGATCGAAATCGAGGAACGGTTTTCTATTGTGGACGTACCTGAAACCGCTGCGCGGGGCATTATCGAAGTCCTGGCTCGTGCTCGAATCAAGGGCCGTAAAGTCACCGTGCGGCTCTTTCGAGAGTAGGTATTGTTTACCGCGGTATGTCAGGCGCCGCTTGACGATTCTTGCGTTTTTTAGCATGTATTCCTAGAATGGCCGCATGCGGTCAGATCCTTGTAAAGGAACACTGACGTGCTGCGGTACATGGATCATTGTCCTGTGTGCGGCCGCTTTCTGTCTCGACCTGACTGCCTTCAACACGCCACAACACGCAGCGGTGCTTCTTCATCAACCGGCGTGGATTGACGGTGAGGAATCTGATCCCAACAAGAATTCGGACGGTCTGGTCGTCCCGGACGGTCTGCTGGTCGGGCAGACTCTTTCCACTCATCACTCGACTCCGGCTGCCTATTCGGGCAGTGCTTCCGTGCCTTTCTTCAATCTATCAGTCTCGGATTTCTCGTCCCGTCCTCCACCTCTTTCGTAAGCGGAATCCCGCAGGTATCTTGGAGAGGCACCCCCACCGGGGAGCCTGATGTCCTGTGCAACCGTGAAAGAGGAGTGACTCGTGCAATCTAAAATTCTAGTTGTGGATGATGCGCTCGACAGCTGGCAGTTACTCAGCACGATTTTGCGGAACCATCACTTTCAACCGGTGTGGGCCGCCGATGGCATTCAAGCCATGAGCGAAGCAAGAAAACATCAGCCTCAGGCGATCCTGTTGGATTTGGGATTGCCGGGAGGAGATGGGTTCGTCGTGCTGGAACGATTGAAGGGGAACCGCTTCTTATCGGCCATTCCGGTGATCATTGTGACCGTGCAGGACCCCCGGATCGCCGAGCAAAAAGCGCTCGAGCACGGCGCGGCGGCCTTTCTCAGAAAACCGGTGAAAGCTGAAGAGTTGATCGCCGCAGTCCACCAGGCGATCGACGGTAAGAAGTGACGGAAGGCACGTCCGGTAATATCAACTTCCGTGAGAGTAACCGGTGGGGGTTCCGCTATCGGCGTCCGCCTCCGCCTGAACGTCCGCCTCCGCCTGAACGTCCGCCTCTCGTCGTGTGACTACCCGATGGCGCGAGCCCTGAACGAGACCTTCCCATCTGACCCGGGCGAAGAAAGTTACCCTGCGCCGGCATGTGCGGAATAGCAGGTTGAACGCTGCGTGGTGCAGCCAAAGGCCTACCTGGAAGCGGCGGCCGGGTAAAAGAAGACCATCGGTTCGGCGCCTGAGTGTTCGGCCAGTTTTGCTTGAACCCTGGTGATTCCTGAACTCCTCCGGCAAAGGGCGGTGCAACGATGCGCGGAGGCAGAAGGAGCGACCCTCGAGATTGTCCCGCGAGCGGTGAGGAGATTTGCGGAGGGGACGAATGGAGAGCGGCGATTTCCCGCAGGCGATGAAGGCGGGGACTGACTGGATGGAATCTCCCGGCTTGGAGCAGAAGGCCTCGGACCGATCGGACTCCATACCATGGATAGGTATAGACGCCAGGACCCGCATAGGCCCAATTGGTCCAGGCTTGGGCGATGAACGCATTGCCTTGTAATTGGTTGATCGTGTCCTGGCGCTGCTGATTGAGCAGTTCGGCTTCCTCGGGCGATTGAACGGCGGCAAGAGCCAGATTGGCGGCGTCGAGCTGCCGGTGCAAGGTGTCCGTTTCCGCCTGGAGCGCCGTCAATTCCGTCCTCGCATCTTCATTCGCTCGGAGCGCGGCAATCGCCCGGCTCACTTCGTCGGCATCGATCTCCGCGGTGAGGTCCGCACGGATGACGATCGTATCGCCTTCTACGATCGTCCTGATTTCCTGATCCAGCACAGTGACCACTCCTGCCGTAAAGCTTCGGATATCATCTCTCGTCACGTCCATGTTTTTGACTTCGGTGATGCGTTCCAGATACGTGGCTACTTGTTCCAATGCCTGTCGTTTGGCAGCTTCTACCGCCAGCGTGATCCCGTCCGCCCGCGTGTCGTAGTCACCCATCCGGAATTCCCCTTCGGCTTGGACAATCCTTACGTCACCAGGCAATGGAGGATGCGCAGTCGGAGAAAGAGGAGAAGGAGGTGGAGAGACCGACGCCGGAGATCCGAAATCGAGCTCGACGAGTTGGCTGCGGTAGCGCTCCGGAACCGAATGCAATTCAGTCGTGTAGGTTCTTGTCCCGCTGTCGTCCGTGTAGACGTAGATTGTGTTGGCTGCGAGAGAGGTACGGGTCGCGACGTCAGACAGAAAGATCGCCAAGATGAACCCGATGGATAATGGAACTTGTCCTCGAGGATTCATCATGGCCCTCCGCGCTCAGGCCTTTTGTCGTCGGTAAGGACATCCTACCACAGGCTCCGCCGGTTATCCCATGGCTGCCACGTCAGAAGCGGAGTGCGGCGGGCAGCGAATGGAGCCAGTTTCAAGCCACCTTACGGTGTTTTTCTGATGCGGGTCCTCGAAGCTGCCTGTTAGGATGCGAGCGTGAATAATCCACTACCTACCCCGACGCCGCGCCGGGCCGCAGTCTTCTTCATTTTTGTCACGATCATGCTGGACATGCTGTCGTTCGGCATCATCATCCCGGTATTACCCACGCTGGTCGAAGAATTCACATCGGGTGATACGAGACAGGCTGCCGAGATCTACGGGCTCATGGGTACGGCGTGGGCGATCATGCAGTTCATCTGCTCGCCGATCCAGGGTGCACTCTCTGATCGGTTCGGCCGGCGGCCGATCATTCTGTTGTCCAATGTCGGACTCGGGATCGATTACATGGTCATGGCTCTGGCACCGAATCTCGCCTGGCTGTTCGCGGGAAGGGTGATATCCGGCATCGCATCGTCCAGTTTCAGCACCGCCGGCGCGTACATAGCGGATGTCACGTCGGTCAACGACCGTGCCGCGGCATTCGGAAAAAT
NZ_AP022671.1_gap5	70074	74815	4741	ACGAAGATTCTGGGCGAGGAAGACGGCCTGATGGGCGGTGCGGATTGCGTCCTCCAGTCGGCCACCTTCACCGTACAGATGCGCAAGCCTCAATGTCAGCACGCCCTCGAGGGGCATGCTTCGCTCTGCCTGAGCGAGGTGCAGCCCCGCCTCGTACATCGATCGTGCCTCGTCCGGCCGCTCCACCAATGCATAGGCATTACCCAATGCCGCCACCGCCGCGAGTTCTCTGGTTCGATCGCCACTGGTCCGCGCGCGCTGTACGGTTTTTTCAAGAAGGGTGAGACCTTCATCTGAAGATCCATTGCCGGTCTGCAACAATCCGAGGTCTATTGAGGCGTCAATGGCGCCGCCGAAGTCCTTGGTTCGGTCGAAGAGGGCCATGGCCTGGGTCAACGAAGTGCGGGCGGCATCGGACTTTCCCAGTCTCGCGGCGACGCGTCCGGTCAGAAGCAGCGCCTGGGCATGCGCACGTCGGTCGGAAGCCGCAGCGAGGACGGGCAGCGCGACTTGCAGTTCGGTGTAGGCATCTTGTGGCCGACCCTGACGTTCGTAGACGTGTGCGATTTTGACCCGCGCGTTCGCTGCGCCGCGGAACTGCTTTTTCCCCAGATAAGTCTTGAGTGCCAGTTGATAATACGTGAGGGTTTCTCGGAAATGATGCTGGTGTTCGTGGACCTCGCCGATCCGGAGCAGTTCGTCGCCGGTCAGGGTATTGGCCGAAGACACCGGCTGCGCAGCCGGGAATGCCGGCGAGGCCGGAGTTGCGTATGTGAAGGATGCCAACGCTAACAACAGGACCGTGGTTTTCATGTTGCCAGAATGATCTTGTCAGAAGGGCGAATCAAGACCGGAGCGTCGGATCAAGACTCAGCGCGGACCTGACGGTGCAACGGGCACGGGGGGCTGATTCGGCGGGTTTCGGGGAAGGCAGCTTGGCAGAGCCGCGCTGAGGAGAACCGTGATCAGTAGCGAACCGACCATCCAGAGTTTCTGCTGGAATCTCATGAGCGTCCCGTCAGGACATGTGCGGAAGTGCCGCAAACTGAAGCGCGGTCATCGGACCGTGCTTCCGCAGCAACTCCAGTTGATCCGTGTCGCGTACGAACATTTCACCGGCGAAACTGAGTGCATTGATCGGAATGCCCTCGAAATAGTCCTGAGATCGTGGCACCAGCAAAAGCCAGCGTCTGGTCATGAGCAGATTGTACGGCGCCACAGTGTCGGAATTCCCCGGCCGCATCGGGAAACCGACCGCCCGCAGCAACGCCCGGTAGCAGGCGAGCAACGTCGCGCCGGCCTTTTTCTCCGGGTCCAGCCAATCGCTTTCGACCGGTGCATAGGCGTGGAGAAACGGCAGCGTGGGGACCAGACCTATTTCTCCCGGAATTCGCAGCGAATGAAAGAGCGTTTCGATCGGCAGCCGCGGCCCGGTTGAAGCCGGAAGTGGAATAAGCTGGAGATGCTTGTGCCGGCCCGCCGTGCCTGCCGCCGATCCGGCATCGTAAAAAATCAGACCATCGATTTCTGCTAATGCAATCAGCAGCGCCTCACAGTCCCTGTGCGTAAGCGGTGACTCATGCGCCTCAAAGGAGCGCGTGGCAATCACGACTTGATGTGCAACCAGGCTGACCTTATTGAGAAAGGCGACATGCGTCGGTGACAGTTCTGCCACGAAGAGATCAGGGTCCGGCATTGTCATCGGGTGTGAAGATTGGCGGGTCGTGTGGTCGGACTTCGCTCCGACATGATCCGTCATGACCCGCACGACGAACGAGACGCCTGCCTGCTCGATCACTTCCGTTTTCGTTGGAATAGATTGCAGCGCTCCCTTGCGGGAAGCATCGGCCGAGCGCGCAACGAGCGAAGGCCAAAGCCGGCCGGATTCGAGCAAGCGGTCGTGACCGTCCATCCCTATAGATTAGCGGGATTGCCGTGAACAAGGAAAGAGGAAAATTCACCTGCCGAACGGTCTGATACGGTTGCAAGGAGTGACACCGGCCGGTAAAGTGTATTTCGCTGTTCGATGAAGCGGTTCAGCTTTCTCTCGCGTATTCGGAGGCTTGTATGGCGTTGCGCGGAAATGTGCTGTTGGCCGGTCTGATGGTTTGGTACGTGGCCCTTTCATTTTGGGTGGCGTATGAGCCGGTGGATCGCCAATTCTGGGTCATGGCGAGCATCCTGCCGGCCGTTCTGGTGCTGATTTTGGCCGTCACGCATCGGCGGATCCGATTCTCGACGGCTTCGTACGTGTTGATCACGTTGTTTCTGACGTTGCACGCAGTCGGCGTCCATTATACCTATGCCCAAGTCCCGGCGGGTGTATGGCTCGAGCAGGTTCTTCCTGGACGGAACCATTACGATCGCCTCGTCCATTTCTGCTTCGGATTTCTTTTGACCTATCCCATCGAGGAATTGTTCCGTCTGACGGGTTCACTGCGTGGCTGGCTTCTCTATTATCTGCCTGTGATGACGATTCTTGGATTGAGCGGCCTGTGGGAAATCATCGAAGCCTGGGTTGCAAGCTCCGTGCATCCAGAATTGGGTATGACGTATCTCGGCTCTCAGGGAGATATCTGGGACGCGCAGAAGGATATGGCATCGGCGTTGTACGGATCGCTTGCCTGTATGGCTCTTCTGCTGCTCATCCGCTTTGGGTGGGGACCGCTCAGGCGGCAGACCCAAGCGCTTGCCGATTCGCCGCAGTGAACCTCGTGATGGGCGCGCGTTGAAGAAGCCCCGGGTGCTTCTCGCACTTGCGGTCTGGTACGCCGTCGCCTGGACGGCGTTGGCGATCGAGCCGGTCGACCGCCGTGACTGGCTGCTAGAAAATATTCTGGCTCTCACCGCCATTGCGGCGCTGGCCGTCACCTACCGGTGGTTTCAATTTTCCACGCCGTCATATGTACTGATCACGGTGTTTCTCACGCTTCACGCAGTCGGAGCGCACTATACGTATGCTGAGGTGCCGTTCGGGTTCTGGTTGAAGGACACGTTCGGTTTGAGCCGAAACCCGTTCGACAGGCTCGTACATTTTTCCTATGGGCTATTCCTCGTCTATCCGTTCAGGGAAGTGCTTGTGCGGCTCGCCGGGATCGGAGGCTTCTGGGCATTCTATCTGCCGGTCAGCGGGATGTTAGCGCAGGGCGGGCTCTTTGAAGTTATTGAGGCGATCGTGGCGAAGATCGTGAGTCCCGAACTGGGCACGGCGTATCTGGGTATGCAGGGGGATGAATGGGATGCGCAAATGGATATGTTGTCTGCGCTGCTCGGCGCCATGGTGACTATGAGCGTTCTGTCTGTAGCGGGTGGGCGGAGCAAGACGGCGGGCAAACGAGATCGGTAAATCTACCCGAATAGTTGAGGAATCGGAGGCCGCACAGGCGGTGTCGGAGGCATCGGCTGGGGGTCCGGCAACGGAGGCTGCGGGGGCGGAAACGGATCCGGTGCCGGGGGTATGGGACCGGGATCCGGATCGGGGTTCGGACGCGGTACGGCCAGAATCGCATCGGATGTGTTCATAGTTTTACCCTACCATGCGATGCTCCCTTATGCATCCGCCTTGTCAAGACGCCGCGGCCAGTTTCGCGAATTGGCGTTTCATGTCGTTGACACGTTGCAAATACTTCGCGACGTCATGACTCCCGCACTGCTGGTTCGGTCCAAGCCTGAATCCGCGAGCCGCATAGCTGTTTCCGATTGACGGTCCGCAGAGATGGATTACGGTTGCCAGATCGTGCTTGTGAGGCGGGGTGGCAGGGGCCAAACGCCGATGGCGCAAGGCTCCGGCCACTCCACGGTCCAGCAATGCCGACGTCAGTTCGATGGCATGGCTCGGCAATACGCGTGTATACAGGCTGTTGAACCAGCACGACTGCATATCGTGCCACGGGCCGTCTTCGACGACGACGTGGTTATGGACACAGTAGCGCTTGCCCTCTTGAAAGGCCGCATCGGTAATCTGATACATCCCGACCGCACTTGACGCCGGTTGATAGACCGTGAAGGGATTCCAGGCCGGGCGCCACCGCCAGTACGTCCGAGCGACCGGGTTGCCGTCGCCTTCGACCTGTGCCAGCGCGGCAAGCAGTTCCGGTGGGATTGTTTTGGTCGAATGCTTGCGGAACAGTGATCCGTATTCCCGCCACGTCTGCGACGGGCTCTTGTCCAATGCGCGATCCAACGGAAACAACATTTCCGTCGGTTTGTTTATCGCATGGTAGGTCCAGTTGACTGTCAACCAGACGAAGAGAATGATCAGACCTGCAGAGAGCCATCGAATGGAGACCGGGGCCGAGGCCAGCGATGTTCTAAGAGCCTGGAGCCAGAGTCGGACAAAACGCCAGATGGATCTCCCCGTGATGCGGCGTCCGCGCTGCTGTCGTCTGGATCGTTCAGCTCGACTCAGCAATCTGGGGGCCATGACCATACACTATAGCGCAAACGCTTCGTGTCCGATCCGTTGAAGCATTCCGTAGTGAAATTTCTGTTGAACTTTGTCACGGCGCTCGTTCAGGATGGGCGGAATGTATTGCATCCCGCACCATTTTCTTATCAAGAACTAAACAGGCTCAACCTATGACATACCTTCCCATCGAGGATCACGGTATCATCGGCAACATGCGCACGGCCGCACTGGTCGGCATCAATGGGTCGATCGATTGGCTGTGCGTGCCATTCTTCGATTCACCGAGCGTCTTCGGCGCAATCTTGGACGATCGTCAAGGGGGCAGTTTCGATA
NZ_AP022671.1_gap6	98229	102653	4424	ACAGCCAGGACTTGTCCGGTACGATCGATTTGGGAATGTCCGTGGACGTGACGAGCGATGGATCGTTCAGATGGGAAGGGACCAACAAGGCATTCGTCCGCAAAGGCCCGGGAGGGCTGGAGCCAACAGGTACCGACGTTTTTGGAATTCGGCAGGCTCTGGCAGGACACTATCAAGGGAGTATCTCGCGCCTGAACGGTTCTTCCGAGCTTGCGCTGACGAGAGGAAAAATCCCGCTCGGCACCGCCAGCCTGGCATGGAATGTCGACGGGTCCGCCAGGGCAACCATAGCCGATGGATCGCTCACATTGAGCGAAGTCACGCCTGATGCGTTGAATCTCTGGCTGGCTGAACATGAGGGACTGCAGTTACAGGCAGATTCGATTGGCGCGGAGTTCATTGGACGCCTGGAAGGCGCGAAGACTTCCGTTCGCGGTCAGGCCAAAGGAATTGCGGTTCGTCTGCTATCGACGGACGGAAAGACCGGTCCACCCGTCGATGTCGTGTTCCAGGAGGATGGCTGGTTCGACTCTGCGACGGACGATCTCGGCATCCAGCTACTCTCGCTGACCATCAGCGAAGGAGCCAGAATCGTCGCGACAGGCGAATTGGATCGCCCGACGGTCCTCAATCTCGCGCCCCGCGACCACGAGGTCACAATGGAAGGCCAGGAGGATCGGTCCGTCTGGTCTGTGAAGTTAATCTCTTCCAGGATTCAGGATCTTCGCCCGTGGGCGACGCTGTTTGGGCCTGATCCGTTCAAAGGCGTGACGGCTGGGACAGTGCAAGGCGCGATGTCGATTTCGATGCGAGAACATGGCATGACCATGGATGCCTCCGGGCAACTGCGATCGACGGGAGTTCTGGTGCAGAGTGAAGCCAAAGGGGGAGTGATTGGGCCGCTCGAAATGCTCGCCGATGTGAAGGCGAAGCTGACCGGACTGTCCGTCGTAGATCTACAATCGATCCGCGTGACGACTCACCTCAACAATCAAACTGTGGCCGTCTTGCAGGCGACCGGAGGGTGGCAGTTATCCGCTGAAACGGGACTGAGTGGTTTGGACGGCTCGCTGGACCTGACCGGATTACCGGGTGAGGCGCTGAACCCGCTTGTGGGTCTCTGGAGTCGGGTGAAGGTCGGCCGTGCGCGGATCGACGGCCATGCGGCGCTCAAAATGAATCGCGTGCGTGCGAGTTGGGAGGTAAGGTTACAGAACAAAGGCCTTCATCTTCTATTGCCCGACAGTGATGGAAACGTCCCTCCGTTAGATCTGACCGTTTCACATAGCGGAGAATTTGTGAGGGATGAGCGGACCGTCCGTCTGAATCAATTGCTTATCAACGTATTCGAAGAGAAGCGCTCGGTGGCGGCGCTGTCCTTGGACCATCCGCTGACCATGCATCTGCTCGCGACAAAAGCCGGTCATGCCAATGGGCCAACGGATCCGATCACACTAGGATTGCGGATCAACCGGCTGTCCATCGGATACTTGCGTCCCTGGATCGAGCTGGGTGGAGGACAACCCATTCGATGGCTCCGGACCGGCGTGATAGATGCCGATCTCAAGGCGCGGTTCATCGACGTTGATGATATTGCCCTTGCCGGAAGGTTGGACCTGGATCGAATATCGTTCGCGAATGTCGATCATGCAGTCCCGCCCATGGTGTTCAGTACGGACATCCGCGGCTCCATTGCACGACGGTCAAAAGTTACGGTGGAGTCGTGGACGGCGCGAGTGCGCGGGGAGAATCAAGTACTCGGCCACACCCGTCTGTCCGGAACCGCCGATTCTGGCGGCTCAAGCGATGTCGTTTTGGAAATCGCATCCCAGAATATGGCTGAATTATTGGAACGATTGGGGTTGTTGACTGAACGCCAGTACGGTCTGATCTCCGGTGGTCACCTTGCCGGCAATGTTCGGGTCGTCACCGCCGGCCCCGGTCGACCGTTTACTGCACAGGGAACGCTGCGCGGCACCGACTTGAGCATCCGGATGGGCGGGGACCAACGTATGACACGGTCGCTCAACGTAACAGCCGACGTGGAAGTCGATCCGGGAAGACATGTCGCGGAGATCAAACGGGGTGAGATCGACGTCCATGCCGGTGAACGTGACGCGGGACGGTTTTCCATTAGCGGGCGTTGGCCGGTGAATGCAGAAGAAGATAACGCACAGACCGGAAGTATCGAGGTGGCGGTCCAGGAATGGGACGGAGGAGCTGTCGCGGACTTTTTCAACCTCTTGCCCGGCCGCGCGTCCGGTCCGTTGCTCGTCACCGGGGCGGTCAAGATAAGTCGCACGACGGGAGGCAAGAGCCTGACGGTGCAGGGATCGGAGACAATCGGTCCGATCACCGTGGAGGTCGCAAGCGGGAAGCGAACCTCTGCCACCATGATGATCAAGCACAATGTGGGGTTTCATGGCGACGAGATCCGGGTGTCGGACCTGTCGCTCGATGCGAAGCGTCTCGATGGCCTCCCGGACAAAGCCACCATGAGTGGAAGTATTCGAAAAGGGGCGAACCGTGGTGCGCACCTGCGCGGTCATGTCGAATCACTCGATGTCGACTGGTATACGGGACTTTTGACTGAACGCGAGGATCGCGGTCACCCGCGGACTGCTGAGCGGTCGAAGAGGACGCACGAAGATCCAGACATGACCGATGCGCTGGATGTGGACATTGATCTTGCCGTAGGCACCATTCTGTACCGGAATCTGGAGATCGGTTCAGGCAGATTGGCCGTCAAGAGCGATGATACGGGACTGCATGCGATGTTGGATCCGACTGGGATTGCCGGAGGATCTGTTCAGGGCACCGTGACTCTTGTCGAGAAGCACGGCTTGCAGGATATCGGATGGGACGTGAAAGGTAACGCCCTTGATCTCGGCGTGCTCATCAAGGCCATCCTTTCCGAGCAGGAGCCACGGATTATAGGACGGGGCAGGTTCACGACCATTGGCCATGGCCAGGGACAAGGGGAACGACTGAGGAAAAGCCTGACCGGCACGGCCACGGTGGACGTCGAGGACGGGAAATTCGTCCATTCGCCCGCCCTTGAATTCCTCGCCGAAAAGACCAACATCAGTGATTTCAAAGGACTGGGATTTCGCACCATACACGGAGAGTTTAGAGCCGAGAACGGATGGATATATCTTGATCAGCTGAAGGCTGACGGCCCGTCCGTGGCGGTCCAAGCTGCCGGCAAGATTGGATTGGACGGCCGCGTCGACGCGTTCTTGGAGCCTCAAGTCGGGCCCCAGTTCTCCGAACACGTCAAGATCCCGTGTCTCGATCAGTTCACCAAGACAGCTGAAGGGTTTACCCGATTACCGGTGGCGGTTTCAGTCAAAGGCACGTTGGCCAAACCCTCTTTTGGAGCGGACGTGACATCCGCCAATCTGGTTGCACGGCAGACAAGCGCGGTCATCGGTACCGTTGCCGATGTCCTGACAGGCTGTCGCGGTGGTCAAGCTGCCCAAAAGGCCACAGAAAATGCGTTCAAGGCGGCAACCGATTCGGGCAAACAACTCTTCGATAAGATGCTCGGCGGGAAAAAAGAGCCGTGATTGCCGCCTCGACCCATAGTGTCAGGGCACCGACCCGGCCGAGTCAGCATGTGATCACTCTTTCAGATTGGACCGGTCTAACAAATCAGCGAGTCGTGCATTGGGATCACCGTACATGCCCTCGCGCGTGACCTGAACGATGGCCCGATGGAAGGGCTGGTTGGTTTGGGTGAGAATTTCAAGGCGTTTAGTCGCAATTTCCTCTTGCAACTGGGCGGTGAGCGTCTCCGACTCTTTTCTGGCACGCTCGACGGCGGCCGGATCTCCTTGTTCCTCGGCGAGTTTGATCTGTTGTTTGGACGTCTCGATTGCTGTGAACCGCGGATCGGCGAAGGCGCGCATCTCATGATCGAACCGTTGAACCCATCGTGATTCTTTCGACACCCTCGTCAGATCGACCCATGCTGTCATGGCAAACGTGACTTTGCGAACCGGCGACCGAAGCGGCCGGAGTGTCGCCGGATGGGTGCCGCGGTGTGTTGCGGCGGCGCCTTCCTTTGCTCGTGCGATACGCCCGAGCGAATGAGGATGGATCACGAAATAGAGGCCCGTCATGCTGCGCGGGACCTCAGTCGAGAGCCTCACGAGGGTTTCGACGCCCGTGTCGATGTCGAATCCTGCTTCATGGAGATAGGCTAATGCAAAGGCATCGGCCCGTTCCTCGTCCGACTGAGAAAAGACGGGAGACTGAGACCACGTGCGCGCCCACGATCCCCGGCCCTCAAAGCAGTGGGCCATTTCATGAGCGATGACAAATGCCAATTCGTCGTCATCGGAGAGAAATCTCACCATTCCCTCGAACAGTGCGATCGCATCGCCCGTACACCCGGCATCGATCCTGTCGCCTGCCACGCC
NZ_AP022671.1_gap7	115092	117291	2199	AATGAGACGACCAGGAGCTCGCCGATCTGGGCGTTCGGGAGCTGAACATTGAAGCCCGTTTGCGGGCTCTTGATCACCTTACCCGGAACCATCACCTTCAGATGATCGCCCGCGCGGAGCCCCTGCCGTTCGCCGCCCGAGATGATGACGTTGGTCCCTTCGACGCTGAGCACGTTCGTCGTCCATGGCTTGTCGGAGAGCTTATTGATGAGTTTGTCGATGAGATTGACCACAGCGGCCGACAGGGCCTTGTCGCCAAGGGTAGAGTCAAAGGTCGCGCGATCCCCAAGTCCCAGAATCGTCGATTGATCCAGCGTGGCGTCTCCCGCTCCATCGTCGCTGAAAAATGCGTGACCGGTCCGCGGGTCCACCAGTCGGGCATTCACTTTTGCGTGGGCGATCTGCTGCCTGGAACGCGAGAACATCTGCACTTCTCCAACGTCCTTACGACCAAACTCGGCAATGGAACCGAAGATCAACGCATCGACCCCGACAAGGTTCTTTTTGAACTGGTCATGGCTCAACCCCATCAGCTCGCTTTCGGCCTCGAGTTTGTTGAGATCGGTGCGCTCCAGGACAATAAACTTTCCGGAGCGTGTCAGCTCTGTGGAGAGCATATCGGCGGCTTGTTTGCCCAGACGGTCAAAGTTCGGATCGCGATTGTAGGCCTCACCAAATAGGCTTGATGAGCCGCCTTTGGCTTCATTGGTGAACCGTGCGACTGCCACCTTGCGTTTCAGCAGGCGGGTCGACGAATTGACGCCGGCGGTCGTCGGGTTGACCGGAGCCTGGGCGGCAGGATTGGGGGAGGAAGGCCGTGAATCCACGACCTCGCGTTTATCGTAACTCGCACACCCGGTTATGAGAAGGAGGGAGGCACCAAGAGCCGCAATCTGTCTCATGAGCACCTCATGGAGGTTTGAATCGACACGTGTAACTACAAAAGACGGTAACAGAAAGCATTGCGGTCAGCAAGGGACGTTCCGGAGAACTGGCGCCCATGGCCAGTCGGACCTGATGGGGATCGGCTTCAGATTTGTCCGCTTGCCACATGCGTGCGTGGAGCGTAATATCGGGCTCTCATCACAATACAAAGATGGAGGTGCTTGCTATGGCTGCGCGCTCCACTTCATCATCCCAAAAATCCAGGCTTTCAATCGACCGAAGCATCGACTTGATGCGAAAACAGCTTGACGGTCTTGCGCCGTTTTTGCGCAAGGGGAAGCCGAATCGCAGTCTCGACGAATTCGACTTGGAAACGGAACGATTGATTGCGGATCTGCTCGGAGAAACGTCTTCGCTGTTGGACGCCTACGAGTATGCCCAGTGGGGTGAAGCGGCAGGTCTTGTGAACATGACGGAAGAAGCTCCGGAGAGCATTGGACTGGATAGCGAGCGGCAAAGTCTCTTTCAGCGAAGCCGCGTGCTTGAAAGTTGCGTGTCGGAGTTGGAAGCCAGACGCGCCAATGGATCCAAAGCACCGCAATCGGGCCGGCATCTGCTCACCGGTCCGCAAGTGGCTGAGCATATGTCGCCTGAATCGAGAAGCGTCTCGCAGACGGCCACGCTACGCGAAGCCGGAAAACTCATGGAGAAGTGGAAGACGGGGTCGCTCCTCGTGACGGACAATCAGACCTACGTAGGATTCATCACCGATTCTATGCTTGCACGGGATGTCGTGGCCAACGGACTCGATCCCAACACGACGCCGGTCTCATTCTGCGCCCGAAAGCCGCTGGTCGCCATTCATGGAGATCGTCCGCTGATTGAAGCGGTGCGCATGATGAAGGAGCAGGCCACCAGGCATTTGGCCGTTGTGCAGGACGGTTCCATTATCGGCGTCATTTCGGTCTCGAACATACTTCGCTATTATTCCGGCGTCGTATAACCGACGCCGAGAACGGTTGCTACGCCTGTAGGAGGAAATCATGGGACCAATGAAGACGGTTGTCAGAGACCAGGCTTTGTATGAGGCGAAATCCGGAAAACTCATCAAAGATGGATTCGCCGATTATCGGGAAGTCGAAGCGTATGTCAAACACCACTATCTCGCGTTGCCGGTGGTCGACAATGCGGGAAAGGCCTGGGTTCTCGACGACGGCCCCATTTACTGTCTGCACGGCAGCCAATATGAACTGTTGAACGATCAACGCGTCCATCTGTCGCGTTGTCCGGATTGCGGAGGAATGGGAATCCGGG
NZ_AP022671.1_gap8	195480	199488	4008	CAGCGAACCCTCGGGCTGATTCCGGCGCAGGGTCTGGGAATCGTTCGACGATGCGGGGTCTTTGCGATGATCACCTGGCTTCCTATTGCGATCTGGGCCATATGGTGGCGACGAGCATTTCCCGGAGAAATCGCTGAACCGTTGCTCCAACATTTTGGAATCCATGTTCGGTGCCTGCTCGCCATTCCATTGTTCATCATTGCGGAGATGACGGCGGATCGGACTTTTCGTGAAGCCATACCGTATTTTGGACGTTCCGGTATCATTGACGACGATAAACCCCGATTCATTCAGATTCTGCGGTCCGCCGACCGGATGCGGGATGCATGGTATGTCTGGTCGTCAATGTTTGCCATCATGTTGCTCGTCGTTCTCGTGGGAGACCAGGAGGCCATGCACCTGCATGAATTGGTGTGGGCCGACGAAGGGGCACCGGGTCGTCAACACCTCGGCTTTGGCGGATGGTGGTTTCTCTTCGTGATGCGGCCGTTGTTCGTCTGGCTCCTGTTGGTCTGGGTGTGGCGGTTAGTGGTCAGTACGGTTTTGTTATGGCGGATTTCCCGGCTGACCCTCCATCTTGTTCCTACCCATCCTGATCGTGCCGGCGGTCTGGGGTTTCTGGAGGATCTATCAATGGTATTCAGCCCGGTGATTTTTGCTCTGTCGGCAGTTCTTGCATCACGATGGGGGCACGAGGTTCTCTATCATGGTGTTGACGTGCATAGCTTTACCATGCCATTTGCGCTATTCGTCGCAAGCATGCTGGTACTGATTGTGGGTCCCTTGACGTTGTTCGTCCCTCAACTGCTTCGTTTGAAGCGACAGGCATTGGCAGACTATAGCGACCTTGTGGGGCGGCATGGGCGGCAGGTCCACCGACGGTGGATCAGCAGGAAGCCGGTTACGGAGGAACCGTTGCTTCAGGCCGCCGAACTAGGGCCGGTCATTGATACGGTATCCATGTACGAGGTCGTTGACCAGATCCGTCCGGCTCCAATCGCGAGAAAGGCGCTCTTGGCGGTGGTGCTTCCGGCCCTGTTTCCCATGATTCCGATGGTGGCCACGCAAATACCCTTGAAGGATGTGATGCTCAAGTTGCTGGAGACATTGGTATGAACAAAGCAAATTGACGCATGAGATCCTCGATTGGAGATCGGATTGCCGTAGTGTAGACTGCTGACTCCCGTATTTCACACCACTGCGCAACCAGGAGCACGATCGTTATGACGACTACCAATACTTCTCTTATCGAACGTTCTTCGTGGAAAGCACTCGAAGAGCATGGGCGGCAGATCCAAGGCAAGCATCTTCGCAGTCTCTTTGCCGATGATCCGCAGCGTGGGACACGAATGACGGCCGAGGGTGTGGGAATATTTCTCGACTACTCCAAGAACCGTGCGACGGATGACACGGTGAGGCTCCTCGTCCGTCTGTCGGAGGAGTCCGGGTTGCGCGCACGGATCGATGCTATGTTCGGAGGCGAAAAGATCAACGTGACGGAAAAGCGCGCCGTGTTGCACACCGCACTTCGAGCCCCGCGAGGCGCATCGATCGTCGTGGACGGCGAAAACGTCGTGCCGAAGGTCCATGCGGTCCTCGACAAGATGGCGGGATTTTGTACCAGCGTGCGAAGCGGAGTCTGGAAAGGGCATACGGGCGGGCGTATCCGCAATGTGGTGAACATCGGCATCGGCGGATCCGACCTCGGACCCGTCATGGCCTATGAGGCGCTCAGACACTACAGCGAACGAAACATGACGTTCAGGTTCGTCTCAAATGTCGATGGGACCGACTTCGCCGAGGCCGTCCGGGATTTGAATCCTGCCGAGACGCTCTTCATCGTGTCATCAAAGACGTTCACGACGTTGGAGACGATGACCAACGCGCACACCGCGCGGGAGTGGCTCCTGAGGGGGTTGGGCGGCGACGCCGCCTCTGTCGCCAAACATTTTGTCGCCGTGTCCACGAATGCGTCCGAGGTGTCGAAGTTCGGGATCGATACGGCCAACATGTTCGAGTTCTGGGACTGGGTCGGGGGCCGCTATTCGATGGAATCCGCAATTGGTTTGTCCACGATGCTGGCCGTCGGTTCTGACCATTTCATGGCCATGCTGAAGGGGTTCCATGAAATGGACGAGCACTTCCGGACCGCTCCCTTTGACCGCAATCTGCCGGTGCTCATGGGCTTATTTGCCCTCTGGTACGCGAACTTTTTCGGCGCTCAGACCGTGGCGGTTCTCCCGTATGACCAGTATTTGAAACGGTTTCCGGCATACCTGCAGCAATTGACGATGGAAAGCAACGGCAAGCACGTGACACTCGACGGAAAGCAGACCGCGTACGATACGGGGGCGATTTATTGGGGAGAACCTGGCACCAACGGCCAGCATTCCTTTTATCAACTCATCCATCAGGGGACCAGACTCATTCCTTGCGATTTCATCGCCTTTCAGCGGTCACTGAACACTCTTGGCAGACACCACGAGATCCTTATGGCTAATGTCTTTGCTCAAAGCGAAGCGCTCGCGTTCGGCAAGACTGCCGATCAGGTCAAGCAGGAAGGTACGCCCGAGTGGCTCGTGCCTCACCGGGTATTCGAGGGGAACCGACCGTCCAACACGATTCTCGTCGATCGGCTCACGCCGGAAACGCTTGGCAAGCTGGTCGCTCTCTACGAGCATTCCGTCTTCACCCAAGGGGCAATCTGGGGAATTGATTCGTTCGACCAGTGGGGGGTGGAACTCGGGAAAGTACTGGCTCAGCGCATCATTCCTGAATTGGAGAACAGCGGTGAGCCGAAACTCGGTCACGATAGTTCTACGAATAATTTGATCCGGCGGTATCGCGTCCGGTCACGCGGCTGACGGCTCAGTGTTGAGGGTCAGGCGGTAAAAAAGAGAAGCGGGGATTGCACAATATGGACACATGGTGGAGGTTTCCTGTAAGCTCGGCCCCCCAATCGGGAGGAACTCAGTCATTAGGAGGAGGTATTATGCGCACACATGTCATGGCAGCGTTGATGATCGCGGGGTTGGCAGTGGCCACCGTGGGCTGTACCAGCTACTACCGCGTCACGGATCCGGCCTCCGGCAAGACCTACTACACCACGAAAATTGATGATACCCGTGGCGGGGCCGTCAAGATCAAGGACGACAAAAGCGGAAGCACGGTGACCCTGCATTCGTCCGAGGTCAAGCAGATTTCGTCGGATGAATATGAAGCTGCTCTCAAACCGCCGCCACCGCCTGTTCAGAAGTAATGTGACGCAGGCTATCTGGTGAAGCAGGGGACGCAATGGATCGACGAATAACCATAATGGGATATCTGTTCCTTGTCGGTCTCTTACTCGGTTCCTTCTTCTTGTCACCGATGGTTCAGGCCGAAGAAACGGGAGATCCCCCCCTGCCGGAGAAGTTGATGGTCCGCGGCGGGTGGGCCTATGTGTTCGGGGCGACCGTCAATGCCGGAGTGGCCGGCCCGGTCCTGGGTCTTGGCACCACGGTCGACTTCACAAATACGCTGGGTGGAAGAAGCAGCACCGATGCCTTCCGAGTCGATACGCTCTATCGATTCAATGATCGTCATGCTCTCGGATTTTCGTGGTATCGCGTGGGATTGGGCGGAGAGAAGGCCCTCAATCAGCAAATACAAATCCGAGACAACATCGTTGCAGCCGGTGCGGCGACCCAGACCTCGCTGAGTTTGAACACGTACCGGTTGCTGTACAACTATTCTTTTTACCGGAACGACAAAGTGGAACTGGGCGTATCGCCGGGGCTGTACATGATGCGGACCACGTTCAACTTTGCCGCACAAGGCACGATCAACGGCGTCGTCAATAACACCACACTCGTGAATGAGCAGATCACGCTGCCACTCCCGTCCATCGGGTTCGTTGCAAACTACAACATCACGCCCAGATTGGCGTTTCAAAGCCGATACGACTTCTTCTATCTGAGCATCAATAAATATACGGGGGCGATGTTTGAATTCTACGCCGGCTTGGAG
NZ_AP022671.1_gap9	274185	279100	4915	ACGTGGCAGAACGCACAATTGATACCGACGGTATATCCGATTCCGAGGCGCCAGCGTTTGGAAAGCCCAATCGGTCGATCGACCGAGCTGTTAGGGTCGCGCGTGAGTCCGAAGGCCTCATAACTCTTCGGTTTGCCACATGGGAGATGTTCGGGAAACATTTCAGGCAGTACCTGCCAGATTCGATACGGAAAACCTCGGCTCAGGTTGTCGGATCCGATAGAGCCGTACTTGAAATGCATCGCACGATCATCATATGTCACCGGGTGTCCGTCCAGCACCAGATCGTTCAACAGATAGCAAACGACTGCGACGATTCCCAGTCCCACCAATAATCTCTTGCCAGACTTAGGAGACCGATCGTGCTCCATAGTGCATCATCCTCGTACATTGTTGACTGCATCGTTGAAGTGAATAATCGGTTCACGCATTGATGTTCGCTTCCAGCATCGCGGGATAAATCTTCCAGACCTCCCATGGATCTTTCTCCATCGTCGCTTGAAGCTGATGAAGATCATGGCGAAATCTGGTAAAGGCAACTGCGCCTCGGTCGTCCAAAGCCAGATAGGAGAAATCATCCATGAGGGAGCGCCGGGAAACATTGAGATTGAAGTTCGCATTGATCAGCCGCTGATAGACATCTAGAGGTTCTCGCCGACCGTTGGTATAGACACGGACGGGTTGGCGATGCGTCCAGAGTTGATAGTTCCAGAGGGACGTCCCTGCCATCTCGTGCTGGACAGTAACCATATAAATCAACCGGGCGATCAGACGAGACAAGGATGCGCGTGTCAGCCGGTCGCCGGGCAATTCCAGTCCGTTTCGGACCAGGTGTTTCATGTCTTGAAGCCATGTTTCGATCTCTCTGTCTTCTTGTAAGCGAGCATCAGTAGGGTAGTAGGCAGCAATATATCGGCGGCAGTGTTTCAGAAACACGGCAAAAAGCTGTCTCAGATTATTCTGGGTCGGTGTGTTCAACGATACCTGCCGCTGCCGCCCCCCTCTCTTAGCAATTCCACGTGCCCGGGCGTCTAAAGAAGGATCATTTATGAGGATGGTATACGTGGAGAAAGTCTGTGAAAACAGGCGGCACATCTCCTCATAGGTGAAACTGAAGATTTCCTCGAAGTCGCCGTGTTGCGTCATTTGCACGCGGGTGACCATGTAATTGCTCTGTTGTGTGCCGTAAATGTGCGGCCACAATAAGCGGCAGATCGGGTGATCAGACGACAGGCGATTTCTGGTGGCAAGAGCCAAGGGTTCACTGCCGGCCAGATGCACCCAGTTAAAATGCCGGACGAGAGACAGGTGTGTCGTTGCCGTGCAGAGAGCGAGTTTCTTGGCAAGTTGCCAGTTCGGGTCACCCGGCTTGGAGGTACCCAAGATACTCTCTATGAAACAAGGAGTGAGTCTCCCGGTGACAGGATCGTGAGAAAAGCCTACACGGGCTCCCAGGCGATAGAGGCCTTTGTGGCATGCGTAATCCTCAAGAGCACGGAAATCCCACAAATATAGGAGGTCATCGATCCGTTCCGTATAGCATGCATAAGGTCCTTTCACTGCAAGCGATCCCAGATCGGGGCTGCCTTCGTAGTCCGGAGGCAGTTCCGGAGGATCAAAGGCCCGCCGCTGCAAAAAACTGTACGCATTCCTGATGGCTTTAAAAGGATCTGCTGATATGGCGGGTAGCGGATGGTCTGGCTGCATTGGCGAGAAGGTGGCGGTGAGCCGGACTTGAATCTGTGAGAAGAACTCTTTGAGTCCGGCCCGTTCGTCGGGCGCAACCGATTTTGAAACTCGGATGTTCGTGATCGGAATGTCAAATCGATCTGAGAATTGAACGTCGGGAATCCGGTCGAGTGCTTTCATTGCTTGAGAACGGTGCAGGCATGCATCAAGCCGGCTTTTGACGCAGTTCAAAAAATTTTCGAGGCTGCTTCCTCGCTGCCGAGCAAGCTTCGCATGCTTCTCGGCCAAAAACTTAATCCGCACTGCTTGCTTCCACCACCAGCGTCGCCGAGGCGGCGGGATTGGCACGGGTCGATTGCCTATAAATTTGACCCAGCAGAATAACCTCCAGAATAGGCCTCGGATACCCCAGGTCACTTCGGCGGTACGGACCATCCAGACCGAGCCCACGAAGAGGGCAAAAATAAGCCCTCCCCATAGTGCTGAACGGCTTGTAGAGGCAGCCCAAATCAAGGAACAGAAACCCTCGTTCGAAGCTTTCTTCAATAGCGAGAGAATGACGCCGGCCGAAAGCCCCAGGACCGTGCCGCGTAAACCCCATATGACCGCCCAAGTCCAATCACGGACGAGAACGAATGTCGTGCTGAATCCCACGAGCGTTCCGAGAACGAGTCCCGTCTCTGCCTGATCTGATAACAAGGCTTCAAACAACTGGATCTCATGGTTGAAAATCAGATGGGCAACTGTGCCGAACAACCATCCACATGCAGCGGCTATGGCGACCCACCCCGACATCGCGAGTATGAGCCCTGCGGCAGCACCGATAACAACACCTCCCACGAGATGAAAACTCACTATATCTAATACCGTGAGACCTCTCTCTATAATGGGGAAGAATCCGCCGACAATCTCGATCAGTACCAAAGGAAGACCTCCTATAATAATGGCGGCTAACGCGCCAAGGAGGAAGCCGTCACGCAGTTGATGCTTTGATCGAACCACTGCATCCCGCAATACGGTCGCAGCTGCCACAATGGCGATTGCGCCGGCTACCATCGTAAGAACCTCTGTGAACGGCCAAAAATTTTCTGCCAAACTCAGTATCACTCCAACAATGAATCCAATAACCCCTCCCCCCAGTGCTCCGAACAGGAATCCATAGGCTGAACGGGATAGATATTTGACCATACCGGAACCGCTGAAAACAGTTCGCAACGACTGCCGTCCCGCATAGATGATCGCAACCGCTGCTCCGCAGAATGCAGCAATGAGCGCCTCCGGTTCAGCGAGTGCCTCAAACAGAGGCAGAAGGTCCTGTTTGAGCGGAACAAAAGACACCTGCCGGAGCCAAAGGAACGCTACCGCACCCATAATCCAACCGATGGAGGCCCCGAGAATCACGCCAGCAGGACGTTGTGCTCGAACATAACCGAGGACAATCCCCAACAACGCTCCAAGAAAGGCGGCTTTTGTCTCCAGTGCAGAAATGACGGTCGTCATAACTTCCCAGACGCCCCCAAACGTAGATCCTCGTATGAGAGTGTAAACGACGGCACCGAGGATCCAGCCTATGGGAGCACCGACTCCGGCGGCTGTCTGCATCTGCTCCCGGAGCGTAAATTCCCGTGTCGCGAGGTAGCTGACCATGTACAGGGTTGCCAAACATGCCCCGCCCAGAATTGCGCCGATTGCGGTTCCATGAGCTGCTGATCCGGTGCCGAGCGACTGCAGGAACTGCCCGGTCGTAAAACCCTCCGGAGACGCAGCGGCTCCCACTCCCGCTCCCACAAGCCAGCCGATAAATGCGCCGCCGAAGATGGGCATCTGGAAGATCGAAACACGCCGCATGTCTGGACGAGGATCGGCCGCAGCGGGGTTGGGATCCACCGGTTCGGGAGAGGGGCGTTCCGTGCGTTGCCACGGAGTGAATGCATTCTTGATATCGTCAAGCGCAGGGGCAAGATCTGGATAGTGACGCAGAAGGACGGTTTTAAAGTCGTTGTGCTCTACCCACTCCATGCCGACCGGTGTATACACGTCGGCGTTGAAGTCAGTGGTGATGAATCGATCGCTTTTCAGACGACGCGGGGCCATCAGAACAAATATCCGGAATGCCGTATCGCTGAATCCGAATCCTTTCGGGAGTTCTTCTGCATGAAGTCCGACCATGAGGTCGAGATCTTCTTTGTTCGGATACCATCTCTTCAGCTGGCGAACCCACGTCTTTCGCTCCTCGATTTGGCGATTCGTGAGACCGCTGAACCATTTTAGGATCGGCACTCCCACGAGTCGACTGTACGAGATACACGGAGACATCATGAGCATCCGGCGAAAATTGTTATAGCGGGGAATGGCGCGCTCGCGGTCGCGCATGATATCGATCGTTCCCAAGTCAAGTGCTTCGCCTGGAGCCGGAAAGGTGTAGCCGTCTTCCCTAGTTCTTCGCAAATTCTGTAAGGCTCGCGGGAAATTGTTTAATGTGACGGCACCAGGATGAGCTACGCCGAATGAATACAGCAGATTCGTCACACCGGATTGCTGCACGAAGTTGCGCGTCTGATTGCCTTGAAGATCTTGGAACCGACACGCTATCTTGAGTTCGTCTGTATGCAGATCATAGATACGATAATCGTCTGGGATTAACGGATGCATTCGGTATACCGAAACAAACTCTTCAGTAAGATAAAAAGGGGATGCGTGGTGATCTTGTTCCGATGCTGGGATTCCTGTGACTTCTTCTTGCAGGTCTCGCAAAATTCGCAACCGCCCAATGATCTTGGTGAAGCGCTGGGTGAGGATCCCCCACCAGTTCGCCCGCATTCCAAGGTATAGGGTGGGATGGCCCAAAACGGCCGGCGTCCATTCGACTGTGTGAATTTTGGCGATCAAAGCGGTATTGATCAGCCGTGCTGTTTGGAAAAGGCGCTCTCCCCTCCAATGAGGGTATGCCATTTTTAGCCGATCACATATCGCGTTATGCTCCAAAGCAAAAAGCGTGTGAATGAGATTAAGTCCTGCCCACCAGTTATCGTTAAAACCCGTCAAGTCGATGCCATTCTGAGTATCATCGGGCGGCAACGACCTGTCTACAGTATGTAATTTCCCGCTCTCGTCGCCTTCACGCAGCAACATCTGTTTGTCCAGGCTGCTTCCATAGAGCTGGGATCCATCCCACCAATGTGTCTCTGAATTCCGGTAAACTGGAAAGTCTCGAAGGCCTTCAAAT
NZ_AP022671.1_gap10	287245	290645	3400	CTCGACAGGCCGCCGATGTCACTATGGGTGATCAAGTAGTACGCGTGCTTGTGATGTTGGCGTTCATTGATCAGATATCCGATGTCATGCAGGATCGCTGCGTATTCCAGCCAATCTCGCTCCAGGCTGCCTAGACCATGCAGCCGCTTCGTCTGGTCGAACAGGCGTAGGGCGAGACTGGCGACTTGAAGGCTGTGAACGTCCGGAGCATGGCAGCGCTTGGCCAATGCGATGACGTTGCGCCGGCGCAGATCGGGAATTTCCGCTTCGGCCTTGAGACGGTCCCGATGGCGCACGGTGAAGTCATAGATAACCCCTTCGCGAATGGCTTTATCGCAGAGGACGATTTCATCGCGGCCGGACAGTTCCATGAGGCGGCGCAGCACGATGGTCGCGGGAAAGAGCGTATCGACCCGCTTGGGATCCAACCCGGGAAGAGCCAGCCGTTCCTTGATCGTAGATGTTCTCAATTCCTGTTCGATTTCCTTCACGTCCTTGATCGATACCGTGGCCAGGTTCAGCTGCGGAAGAGGCCGGTTGGTCTTTTTGAGATGAATCACTTCGGCCAGGTTTCCCGCCATGCCGGAGGTCGCGATGAGCGAGTCGTAGCGCTTCGTCTTGAATGTCTCGAGTGCCGCCTTCAATTGGCTCGAAACAGATTCCTCCAAGGAATGGAGCATACCGTCGGACGGGGGGGTTCGCTTCAGGAATTCGTCGGCCAGCCTGATCGCACCGAGCTTTAAGCTCTTGGCATGCAGCAGTTGATCGCGGTTGCCGACCATGAGCTCGACCGATCCGCCTCCCACGTCAACGGCAAGCACGGGCTGATCCGACATCGGCACGCTGTTTTTGATACCCAGAAAAATCAGGCGAGCTTCTTCAGGCCCGGAAATCACCCGAATCTTCAAACCTGTTTGTTCGGCAACGAGATCGATGAAGTCGCCGCCGTTTTTTGCCTCGCGCACCGCACTGGTCGCTACGGCAATGATGCGCTCGTAACCCTTATTCCTCGCAAGAGTCACCAGATTACGGAGCACGTCGAGGCCCCGGGCCATGGCTTCATCGGACAAGCGGAGTGTGGTGAACGTCCCGTTCCCAAGACGGGTCATGTCCTTGAATCGATCGAGGATCTTGTACGTCCCATCCGGTTGGACATCGGCCAGCACCATATGGATGGAGTTGGTTCCAATATCGATGACAGCGAGCCTGGTCATGACGGGTTGTGTGGGCCAGTGGTGATCAAGATTGATGGCAACGTAGGAAGAAAACCGGATCAGAATTGGAATTTCCGAGCCGACCATAATGAAAGGCCGGATTGCTGTCAAGATTACCAGGGTTAATTTTCTGTTACAATCGATGCCTTAAACCGGACATCACCGATGCAGCTCGATCTCTACGACCGATTCGTCATGATTACCGGAGCTTCGACCGGCATCGGAGCGGCCTGCGCGCTGGCTTGCGCGCAACGAGGCATGAATGTGTTTGCAGGAGTGCGCACTCGGGAGGCAGGAGAGCTCCTGCAACAGCAGCCAGATGGAAAGCGCGTGACGCCTGTATATCTGGATGTCACTGATACTCAATCGATCGCATGCGCCGCCGATATCGTAAGAAATGCCGCCGGGCTCGCCGGGCTGGCCGGCTTGATTAACAATGCCGGCATCGCCATCGGCAGTCCCTTGGAAGTCATCCCGTTGGCGGCACTTCGCCGGCAAATGGAGGTCAATGTGATCGGCCAGATTGCCGTCACCCAGGCCTTTCTGCCGCTGATTCGTCAAGCAAGCGGACGAATTGTGAACATGGGATCAATCGCCGGACGGGGCACGATCCCTATGATGGGCCCCTATTCAGCTTCGAAGCACGCGCTGGAAGCGTTGACGGATGCCTTGCGTCTCGAACTCCGGCAATGGGGCATTCATGTCTCCATCATTGAACCGGGGGCGGTGGCAACGCCCATTTGGGAGAAATCACTCAAGACCTCCTCCGCGGTCGAAGAGGAAGTGACCGCGGAGGCGAAGGCATTGTACGGGGAGGCGGCGCGCCGAATTCGCGAGTCTGTCGATCAGGCCTCGAGGCGGGCGATTTCGACTGACGCGGTCGCAGAGGCCGTATGGCATGCGCTAACGGCAAAACAGCCGAAGACGCGCTATTTAGTCGGTGTGGACGCCAGAATTCGGGCCCTCATGGTGAAGTGGTTACCCGACCGATTGCAGGACTGGATTCTGACGAAGGTACTGCACCTGCCGCAATAGGCGAGGCGCATGGCCTCGACGACTGCCCGGAGTTCTTCCAATACGGCTACAGCAACCCGTGCCTTGGCGCGGATACTTCCCCGCAACTGTTCATGTCGATATGGAAGGGAAGGCTCCGACCTTGCGTGAGAGGATGAGGCTACGGGAAAGAAGGTAAGAGAAAATCAGCCGACGAGGTCCGGGTTCAGACGATTCAACGATTTGATGGAAAGGGCTTTGATCTCATTATAAATGATGACTCTTCCGGCTTGGCGCAACCGGGAGAAGATACCTTCGACGATGACCTGATCGCCTTCTTTCACCTCCGCCTGTCCGAGTGCGATGACTTTGATCGTTCCGGCATTGTCCTTTAAAAGAAACCCATACGCGGGTTGACCCTGCCTGTTGGTGGCCAATTGCACGTTGGTGACCTCTCCCATCACCACCACTTCCTGCCGGTCATACTGTTCAGGGTGGGAAATCAAATCGGCAAGATCCAGCATGTCGGCGAAGGCCGGAGTCGTGACTGACATTACAAATAGAACGGACAGAAGCAGGGGAAGTTTCTGCGAATGACGAGGCGAACATGAGTGTGAGTGGAGAAGAAATGATGGCGAGCACATAAGTCTCGTTATACCCTTCGATCGATTCGATTTCAAGCTCTTACCACTTACCTCCCCCGTACAGATCGGGATGCTGCTCGCCGAACATACTCTTCAAGACGTGTTCCCTCATTTGATTAGCCTCGGAGTCAGCCGGATTGGCCTCGGTCAGCTGTGCCGGTTCCTCCTTCGACTTCGGCGTCACACGAGCCATCAGCACTTCGTCCAATGTTTCAGGCGTGGCATCCGTGTCGTTCAGGATGGCGTCGAACCGTTGAAGGCCGAAAAGATTGCGCGTGATCTCAGAATGAACGGCGTTGGTGCTGGCTCCCTGAACGATCGATAACCAGAATTTCGTTTCGGCATCTTCGGCCATCGTACCAGCGGCCAGTGCGGTCAACTTTTCATTGAGGTTGGATTCAGTGCGCTCGAGACCATCGTATGTCGGCAGCGAACGTTCAACGGGCCTGGTCGCCAGGATGGCAAAGGTTTCTTTCCAAAGGTCGATGGGAACCTGGATCGCATCGGCGGAAGGGTGTTCCGCGTGCATGGCTGTCTGCAAATTCTGGA
NZ_AP022671.1_gap11	395665	400413	4748	AAGGGCTCGGATTGTTCGCGTCGGGCCTGGTCGAAGCGTTGAACCGCGACGTCACGACGTTCCAAGACGGATACAAATCGATGATTCTCGGGGTGACGGCCGGTGCGGACTATCGGTTCAATCAACGGACGGTTGCCGGTGTGGCGCTGAATTATGCCAATACGCACGGCGACCTCAAGAACGGAGGCGATTTCAACACGAACAGTTTTGGAGCCACACTGTTCACTTCCTACACGCCGACCGATCGGACCTTTATTCAGCTAACCGCCGGATACACCCACGACAACTATCTGGTGTCCCGCAACGCCCAGGCGTTCATCCCCGGATTGGCCGGCACGCCGGATCGCAATCTCAACGGCGTGGCATCGAGTTCATCCAATGGCAATATCATCCGGGTAACCGGATTGACCGGCTACGATCATCCGATCGGCATGTTTACTCTCGGACCACGTCTCGGTTTCAACTACACCAACACGCATATCGGCGATCACGCCGAAACGAGCGGCGGAGGCCTCGGTCTGAAATATGACGACCAATGGATCAACTCCGTGCAAAGTGTCGTCGGCATACAGGGTCAGGCGGCGGTGAGTACATCGGCGGGCGTTTTGGTGCCGCAAGTCAATGCGGACTACATCCATGAATTTGCCAACTCGCAACGTTTCATTACAGCCAACTTTGTCGAGGATCTGCGTCTGGACGCGACCCGGTTCACGTTCCAGAACGATGCACCAGTCCGAAATTACTTCAATGTCGGCACAGGTCTCATTATGGTCATGCGCAATGGCTGGCAACCCTTCATCAACTTCCGCGCCATGGTCGGAAACGAACAGTTCGAAAACTACGCCGGTACCGTTGGACTGAGAATGGAGCTGTAAGCACTATCCGCGGGCCTTCTTAGACCTCACGAACTATTGCCGGCATCGTCGGCTACCGGCTATAAGAATTCCTGCGCTGCCGCGCGTAAGCGGCTGATACACTGGAGGTGCTTCCATGCCAAAGACCGATGCCGGCGATCGCCGCGCGCTCAACGTCAAAGCCTTCGAACAAATGGACGACGCCGCGAACGTCCAGGATTATATGCACATCCTCGACGTCTTCGACGCACTCGACGGCATTCAACGACTCAAGAAGACCGCGATCGAACGAAGCCGGATCCGCCCTGGGATGTCGGTGCTCGACAACGGCTGCGGTATTGGACTGGAAACAGTCAAACTTGCCAAGCTCGTGGCCCCTTCAGGCAAAGTCGTCGGCATCGATCGAAGCCGCAAGTTCTTGGATGAAGCCCGGCAACGGCTGGCCAACCTCAATCTGCCGATCACCTACCAGCAGGGGGATGCGCAGCAACTGCCTTTCTCAGACCACACCTTCGATGTCTCAAGAAGCGAGCGTCTGTTTCCGTATCTCAGTGATCCGCAGCACGCGGCGAGTGAACTGGTCCGGGTGACGAAGCGGGAAGGATGTGTGTATCTGATCGAGCCGGACTTCGAGACGGTGACGATCAATTTGGCCGATCGAAGTCTGGTCCGGAAGATCCTTCACTTTGACTGTGACCACCATACTAGGAACGGCTGGATCGGTCGGGAACTGCCTAGGCTACTTACATCTTGCGGGCTGGTCGATGTCGCGGTCGAAGCCAGTGTCGTCGTATTCGAACCCAAGAGTTTCAGCGACTACTTCCTCGAGATCGGCCGTGCCGCCTTTCAAAACCAAGTCATCTCCGCTCAAGAGCTTAAACGATGGGAAGATGACATTCATCGATTGCTCGACACGCATGAACTGTTTTGCACGATCAGTTACTTCATGGCCATCGGTCGCGTACGCAAACGATCCTCATAGAGGAATCGAGTGCTGCGACATACGAAGCAGCATGTTGGCCCGTTTGTTCTGACGTGCAACGGTCTCGTACTCGTCCCGAGGGTAACGATAAGAACCAAGCTAACGGTCTAATCCGCGGGGAGATCGTCCTTGCCTGGTACCTACTGCCCGCAGGAGGCCCGTCAGGATTTCTTTTTTTTACGCTTCTTCCAAGCCATCCTTTTAAGAAGCTCCCGAGTGGCGATGAAGAGCGCAGCCTTCTGCGGATCGGTCAGCCTGCCTCCATCGTCTAAGAAGTGTTCAAGCGCTTCACTGGTCGTCAGGAAGGTTGAGACGAGTCCTTGTGGATCCGAACCGCTGCCTGCCATAGACGCTCCGTGACTGTGGACTGTACAACGGAGCAGACCACTAATGGAATATAAGTATTCCTAGGTAGTCAGAGCCATGGCTGCGCTTGAAATCCGAAGGTTGGAATTCGACGCCCCTTCATCTGACGATTCATCAACAGCAAGCTCCTTGCGGCGAACAGGCAACCGCGTCTCCCGTAGCCGGCTCGCCGGCGCGATTGATGATCGCAAAATGCCTGACGTACCCCTCTGAGGCGAGAACGGAGGTTGTTTTCGAACAGACTTCCATCATCCACCGCGTCACTGAACGGCCCGCTGAACGTCGCATAGCGCACCACTGGTAACGCGGCTATCGAAGCAGGGCTTGAACCCCGTCAGGGTGACCGAGAAGAAATGGATACTATGACCCGCCAGGGAGAACACTTGACGAGATGGACGCCGCGAAAGCCGGCCTCCGCGATTCCCGCAAGATAATCCGCCAGCGTAAGCGCCCCGGACAGGCAGTCGCCCCATTTGGCAGAATCAAGAACAAGATACTGAGGAACGATCTGATCGGTGACGATGTCGGTATAGTAAAACGCCCTCAGGCTTTCACCACGCGGAACATCTCGTGAAAGACTCTCTTCTTGTCAGGAACGAGGTTGATGACGCAATTGGAAATGACCAACTCGATCGTGCGTCATCGATCGGCATCGCGTCGGCCATCTCTTTTCGAAATTCTACGTTAGTGGACGCATGGCCGAGATTGGAGGCAACGGTCTGGGCGTGATGTCGTGCCACTGCCAACATGCTATCGGTTATATCGATGCTGATCACGCGGCCCGAAGGACCCACGAGGCGTAGAGCCTCGAAACAGTCGATGCCGCCTCCGGATCCGATATCCAACACCGTTTCACCCGGCCGGACTGACTGCAACCCGGCCGGAGTTCCACAACCGTACGAGATGTTCAAGACGGCTTCGGGATAAACGATTTGAGATTGGCGAAGTCATAGTGGGTTGGACAGCACATCCGCTCGCCAACACTGACGGCTCTGGCATAACGTTCACTCACCGTTTTAACGATGGCTTCGGCCGGCGTCATAAAAGTAGGCCTCTCTCAAAATCGTATTGACCAACTTCCATGTGTCACCAGGTCGCCCCGAGGTCAATCATCGCTGCTCTGTTACCGGCCGTCACGCCAAGGAAGTTGAAATCGGAACGGCAATCGATGGAATCGAAGAAAACTTCGCGTCTTTACCTTCTTCTGATGACATGGAATGTGATCCGTTTGAATCGTGGTTACTCAGTGTGATTTCCAAGAACCATATTCACTTGCTCTGTCGTTGGCAACATTCCTGAGACACGGATAATCGGGCAAGACAAAGTTCTCATCCATTGCTCGTGCCTGGCGCGTGTCCGCAGATCGAGACGATCAGACTCATAGGCCGTTGCCCATTCCATAAAGGCAAGGTGTGTTTGGTACATATCTCCCCCGAGGGCAATGCGGTCACCAAAACGGAAATGTTCCCGCTGTTTAAGCCTTGCGAGACGCTCTGATTGCTCCAACGTGAGAAAGATCGCGAGAGTCAGTCTGGGTACGACGGCATCAGTTCCCCACTGATCCAGAGAGCCGCCAAGAATCCATTTTGGTGCTTGGGAATCCCTCGTGAGCATGGCAACCCGACCTGCAAGAGGACGCTTGGTTTGATATGGCGGTTCTGTGGGCATCCATAAATAGTCGTCAGTGTCGCGGTAAGGCAGGCAGAGCGCTTCGGCCAGTGCCTTGCTCAATGTTGTGACACCTGAGCCTGAAGCTCCGAAGACATGAATCCGAACGAGGTCCTTGGAATGGTTCATCTGCATAGGGCGGGGTAGACTTTAGCATACATACTCGACCGTAGACGGCGTTTTCTAACCGAGCACGCTTGTAATTGGCTATAATCGCTTACTCGGTTCAGTTTTGAAGCACGTTCACGAAAATGATCTTTTCTGTCCGAGCTGATCCTCTTTCAGCTCGGCGCTGCTGCTTTAACGTCGTCTCATGCGTATTGCGGCCTTTCAACGCCATGCGATTTTCGACAACCTTGATCAGGTGTGTGACGTACTGGAACATGATCTTCGCTGGGCGGGGGATGAGGGCATTCAGATCGCCTTATTTCCTGAGACCTTTTTGCTTGGGCATTCCTACGATCCACTGATCATTGCCGCACGGGCCGAAAGATTGGTCAACGGTGGGCTGGAAACACTCTGCTCTCGTCTTGCTTTCGCAGATCCGACAGTCATTGTCGGAGCATTTGAACGGCAGGGTGAGGTCGTTACCAACAGCGCGTTTGTGATTGAAGGGGGTCGCGTCATGGGGCGATACGCCAAGGCTTGCCCAAATGAACCCGGAGTTGTCGCCGGCGCCGATTACCCCGTCTTTTGGCACTCGGGACTCTGTTATGGAATCAATATCTGTAACGATGCCAACCGACCGGCGATTGCTCAACGCCTTGCTGATCAGGGAGCAAATCTGATTCTCTATCCGCTCAATAACATGCTTCCGTCCGAGACAGCGACTCAGTGGCGCACAAGGAGCATCGAAACCCTTCAAGCCCGTGCACGGC
NZ_AP022671.1_gap12	410715	414846	4131	AAGCACTGCGACGTTCTCAGCGGGTTGGTCATTTGATTTCGAACGCAGTGTGCTCAGCAGTCCGGAAAGCGATCTCAATCTGTATTTCTTTGAAGACGCGTTTGATGCAGACGTGGAAGCGTTAGCGTTGCGGTATTGGAAGAAGGTCAATCCAGATTTTGATTGGAAAGTGTATGAAAATGCCTCTTTTCCTGGCAGTGACGGGTGGAGTGTAATCCATCAGATTAGCTACGACGTGCCTGTAAGAGAGAGCCAATCCGTATTCGCAGTGGTTCGGGTTGTTGATGAGAAAGCGTTCATCAGTTTGGCCGAAGGGTCTGCAGCCGCATTTGGACGGCGCGGCGCCCAATTTCAGACGGCGTTATACGGCTGGAAGCCAGCGGGATTGAAGAAGGAAGCGTTGGGAGAACGCACCGCCAAACTATTCGATGACACGTTACAAAATGAGTTCACCGAACTGGTTAACAGGCTCATGACCGACCTTCAAATTCCAGGGGCGTCCATTGCAGTGATTTCTGATGGAAAAATCGTCTACGAGCGAGCGTTCGGCGTCAAACAGCTGGGTAGTCCCGATGAGGTCCAGAACACGACGCCATTTATGATCGGCTCTATAACCAAACCGCTAACCACCTTAATGCTCGGCAAGCTCGTGGAGTTGGGAACGATCACGTGGGACACACCCGTTCAAACTTTGCTTCCGGACTTCACGCTGGCGGATAAGAATTTGACATCCAAAATGCTCATGAAGCACACCGCCTGTGCGTGCACCGGCATGCCACGGCGAGATTTATTTGTCATTGGGCCCGAGGACGTTTCAGCGGAGGACATGATTGTGCAGATGGCTTCCTGGAAACCAACCACCGGATTTGGAGAAACCTTTCAGTACTCCAATGAGCTGGTTGCCGTAGGGGGATATGCCGGCGCATCGGCCTACAGACGATCAAGCTCATTGTTTCGCAGCTATCAGCAGGCCATGAACGATCTCATCTTTATGCCACTAGGGATGCACACGAGCTTTGTCAAACCTTCACCCGAACAGAATTCATCGCTGGCCGCTCCACATGCACAGGATTTCAATGGAACCATGACCGCCATCCCTCAAGCGATCGACAACATGGTCTACAGTGTCGCGCCTGCCGGATCGATCTGGTCCACAGCTGGAGATTTGGCCAAGTACGTCTTGTTGGAGCTGAACGAGGGGAAAGGGGAAAACGGCCAACAGCTTGTGGCCTCAGACCAAATACAAAAGCGGCGTGCCCAGGGTGTGAAGATTAGTGATACCGCCTGGTATGGGTTGGGATTAGGTATCCTGGATGACAGGGGCCTTCAGGCGATCGGGCACAACGGGGGCACGTTTGGGTTCTCATCAGATCTCTGGTTCGTGCCGAAAGACCGGCTGGGAATGGTGGTGTTGACCAATGCGGGAATGTCCCATGCTTTTCACGACATCGTGAGACAGAAACTAATGGAGTTGTTGTATGACGCAGAGAAGAAGTCAGAGGAGCGAATCATCTCCGTACTTCGGCGGGAAGAAGATGGCTTGAAACAAGCACATGAGAGGGTCAAAACACAACCGACCGATATTGAATGGATCAAGGAGTATGTGGGGACCTATCACAATGGTGAACTTGGCGTGCTTGAAGTAAAAATGCTGAATAATGATATTGTCTTCGATGTTGGTCGATGGAGTTCCACGATAGGGTCCGCTGTCGAACACGATGGAGACAAGTTGATCGCGCTCACTGCGGCTCCTTGGTCAGGGTCCTGGGAAATCATGGTAGTCAACAAGCCGAAGAAACTGATCCTCGATTTTGGACAGCATAAGTATGAGTTCGTTGAGGCACAGAAAGACTGATCAAAAGATAGAGATACGGATGAGCTGCCGAAGGATCGCTTCAGCTTCAGCAAACTGGAAGCATACTAGCGTCTCTAGGATGCTCGTTCATTCCTTGGTTGGGTAGAACTTTTGCACCGTTCAGATAAAATACAGGTTTTCGATAAAGCACTCGCTGTGCTTGACCTTCGAGCAGGAGAGAAACAGGCGGTTCTCGACATCGGGTGCGGCACAGGAGAATTACTTGGCCGCCTTGCACAAGTGGTACGGAATGACTCCAAACTCATCGGCCTCGACGCGCTGGAACGATCCATTGCTCAGGCCAAGACAGACCATCCGAACGTGGAGTTTATCTGTTACAAATTCGACGATCGATTGCCATTTCCGGATAAGCTCTTTGATGTGGTTGTGTCCATCGATACCATCGAATGTATTAAGAATAAACAAGCTTTGCTCAGTGAGATCCATCGGGTTCTCAAACCGTGTGGAAAGGTTCTCGCCATGCACTGGGACTGGGATACACAGACGTACAGCGTCAAAAATAAGAACCTCGCACGAAAAGCTGTTTGGGCATTCTCCGACTGGAAACAACCATGGATGGACGACTGCGACGGACAGATGGGCAGAAAACTTTGGGGCCTGTTTGAGGGAAGCAACAAATTCCACGGGCGTCCGGATACATTTTGCCTTCTCGAAACGAAATTTGAGCCCGGCCACTATGGCTTTGACCGCATGCAAGATCTAGCAGCGCTTGTCAGCCCGGCCAACGTTGATCAGGAAGACTATGAGGCGCTTAAGTCTGAATTGTCTGAGAGTCACGCCAACGGGCAATATCTTTATAGCGTGACGTCATTTATCTATCTCGGACAAAAGATTTAGCGGAAGCGTATCGTGGTAATTCGCACGCTTTAAGACCGACGAATGAGCAAGTCCTTTTACCGATCGCATCGTATCTAGCCGAACGGAAGGATGCTCATGTGGGACTTGCCATCTACGGCACGGAGGACGTTCGGTGCATCGCAAAGTCCATCGAAGATTTCTCTCAACAGGAGCCTGAGTCTCCTCCGATCCAGTACGCACGGCCATACCTGACCTCCATATCGGAGTAAGACGGCTGAGGAGTCTCGAAATGGCACCGCGAAGAGCGCCCAATTGAATCCCATCGCCTCAGAATATCGAATAAATGGCTGGAGCCATAACACTTCCTTCAAGGAAAAACGCCAGCGTCGCAAGCATCAGGATGGCAAAGATGAGCGGAGCCAGCCAGTACGACCGTCGCTCCATTACGTACGCCTGCACGTCATGAATCAACTGTGAGTAGTCCCGAGCTCCCGATACAAGACTCATACATTCTCCTTTTGCAAGCCGTAAGAAAGAGACACCGAAACTATGATTGCCATGCCGGTCGATGAATTCATATTTTGTGCTGGCCCTGCCATTTCGCGATCTGCCTGCTGCTTCGCAGGGCCGCATCACGAAACAGGATAAAGGCGAAGATCGCCCCCGGATAAAACCAGAACCCGCCGAAACGCGACGAGATGCCTCCTGCAACCAATGCCACGATGATCGAGAGAAAATCGGTCACCGGTCCCAGGGGCTCGTACACCTGCATGTGCCTCGCATCAGTTCGATAGCCGTCTTTGCGAACCAGTTCCTGTTGCCACGGGCGCTTTTCATACGGCTTCAGTCTGTCGGTCTGTGCCACCGCCGGTGCTGACGTGTCCCTGAGCACATGATCATCACAGGCGTCGATGCAGGCGTAACATTTGATGCATTCGCGGTTGATGACCTTGCCGTTGAAGTGAAAGATTTCCCGACTCACATCGATGCCCTGAGGACAGGCGTTGCTGCAGTCGCGGCAGCCGGTACATTGAGCGACACGAGTGATCTTCGACTGCACAGGCGAGATGTTCATCAGAGGCACCATCATCGTCGCATACGGGCAGAGAATCCGACAGAAGGCGCCATGCCCGTAACGCAGATTCAGCACGACGCTCATCGTAAATTGGATGAAGACGGCCAACCCGAAGGCCAAGAGGAAATCGTGCCAATTGGCTTGAATGGAGAAGTTGAACGGGGCGGTCTTGGCAAACGCCTGTCCTTCGTACCCGGGCAAGTCCGCCACCGGAGGCGGCGACATCACGTCCACCCGTGGAGTGAATCCAACGTTATGAACGAGAATGATGACGGGCAGCAGAAGCACAAATAGCGCACCGACACGGAGCAGCCATCGATGCTGCGTGTTCACGAGCACGTTTCGCTCGCGAACGTTCAGATACTGTTGCACCTTGAGTTTT
NZ_AP022671.1_gap13	421230	424672	3442	CCTGATTCGAGTGAGTGAATCAGCTGGGGACAGAGGCGATTGCCTCTACGAAGGCTTGTCCAAATAGGACACCCGGGCGGGTCGACCATTGCTCGGCCTCGGTCAAGAGCCGTGCGAGATTTCCATCCGATGACTGCCCATTGCCGGCATCACGATGTCTGCTCTTGAGACGCTCGCCCATCAGCCGGATGATCAGGCTCGGATCTTCATAGCAATCGTAGCGTGCTGAGAGCCGTATGCCGGCGAAGCCTGCCGCGTCCAGCCACTCTCCAAGCCGGCTGCCGGCAAAGGGGTCTCCATGATTGTCTTGCTGCATCCGCGTGAACTGCTTGATGATCTCGTGGACGGATGCATCAGGCGGAGCGACGAGCGTGCCGTTCCAATCCGGACTTGAAATTGCCGCGATCCCACCAGGACGCAGGACCCGATAGATTTCTCGCAATCCCTTTAAAGGGTCGGCAAGGTGCTCGAACAAGGCGTGCGAAAATACGGCGTCGAAGGTGCGGTTCGCGAAGGGTAGGGCGTAGAGACTTGCCGTGCTCACCCATAGATTGCTCGTCGGCTCGTCCACAATCGACCGTTGCGTCAGGTGCACCTGACGATGATCGCAATCAATGCCGACCACGGTTCCAGGAGAGAGCGTTCGCGCCAGTCCTCTGGTGATCGTTCCCGGTCCACAGCCGCAGTCCAACAACCTCATACCCGAATGGAGATTCGGAAGAACGAAAGCGGCATCCCGTTCGGCATGCCGCCGTCTCATGTATTGCACGGCGAGATCGCTATAGCCCGGCGTATATCGTTCAGTGGCCTGCATGATCCATCACAAACGCTGAGATTCCAATGCGTGAATGAACCTGATCCCTTTCGCGAGCTTGCTCTTATACCATCATCATTGGCTCCTGTAATAGCCCGCGTGCTCTACGCGCGACCCGGGAGGGGAGACCACCGGCATCAAAAGCCGTGCGAAATGCCAGAAAAGATTACCGCGAACCAGGACCTCTCCAGTAGCATGAGAGCCTGCATGGCCATTACCTAGTGGGGGCAAAACATGCGCAATCTTCAAGCCGTGGATCGCGAACACATCGTAGAGTCTGAAGCGCCGGCCCGCTCGTCATCCCTCATTCGTCTGATCGTCCAGTGGACCTTAGGAATACTTGTAGCCTTCGCGCTGGGAACATGGTTAGTCTGGTGGGGCGCGCACCTCCACCGAACGTTTGCCATGGACGATATCCGCTCGGCCTGCCAACGCGTCATGCCGGAAACTTTCGAACGTTGCGTTGATACCGTCATCATTCAGAGAGGAGGAGCCAGACGGTGAAACACACGGTGGTTCGGGTCTGTGGAGTGTTCTGGCTCTGCGTCGTCTCTCCTCTGTTCACGCCGTCGGCGAATGCCGATGAACCAGTCAAACCACGTGCAAAATTCGAATTGAGCCTCGGAACGTGGATCAGCGTCGGAGAAACGACCTGGGCCCACAACGCCTCATCAGTGCCCGGCCTTGGCAATCCGACTTCCAAACTTACCTATAAGGATGTCGGCACGAACGTTGTCGAATTGACCGGCAAACTGTGGGCATCGCGAAAAGTGTTCTTGCGGCTCAATGTCGGAGGCGCCGGCATCGGCGGAGGACGTCTCACCGATGACGACTACGGGACAGGACAGCGCTTGTTTTCACGCACCTACAGCGATATTTCAGGCGACAGCATGTGGTATTTGAACGCCGACGTCGGCATGCGCCTCAAAGAGTTCACGAATCAGCGCGGATATTTGGACTTCTTCGGCGGCTATCAGTTCTGGCATACGAGGTATCAGGCGGTGGGGGTTGCGCAGATTTTTTGCGATCCTTCTGCCATTCCAGGTGTCAGCTGTGCTCCTGCCGGGACGAACGTGCTTCCGGGAGTGACCGCCATCACGAATACGACCAACTGGCATTCGATTCGGGCAGGGCTCTCGACCGAATACCGGATCACCAGGTGGTTCAGCGTCCATGGATCCGTCGCGCTGATTCCGGCAAGCTTTCTCAACAACAAGGACGTGCATCATCTGCGATCGGATCTTCAACAAAACCCAAGCTTCTCCATGGTCGGCTTCGGCGTTGGAGCGGACGCGGACGCAGGCATTCGAGTGACGTTCAACCGGTACGTGTCAGCCACCGCCGGGTACCGCCTGTACTATAACCGCATGCTGAGCGGCCATCTGACGGTGCATCCGGTATCTTCTCCGTCGGATGAATTTCCTCTGACCGAGTTCCAGTCCTTGCGACACGGCCTGACCGCCGGCCTCAACTTCTCATTCTAAGCAGAGCGCTCATCTTCGAGAACGCGGTGAGGACGTCTCGTCTTCGTAGCGGGTGAACAACCGCTTGGCCTCCGGGTGTAAATAGCCCGGATGACCGTGCGGGATACCGATCGTGCGGAAGAGCGGGGTCAGTTTGCCATCCGGGTGCAGGTACCCTGCGCGCAACGGCACCGTACGTTTGGTGTGCTTGATCAGATGGGCGGGTACGGATCGAATGGAGGTGAGCCAGTCCGCGATGTCGTGCGGGTTGCCGATCGAGGCCGACAATAACAGCAGCCGCGCCTGCGATGGACAGAAGATGATCGTCTCTTCCCATACCACTCCGCGTTCGGGATCGGCCAGATACTGCGATTCATCCATGATGACGAGCCCAAGCGTATCGAGCCGCAGGTCGATCTCGCCTCCCGCCGCATCGTACAGGAGATTGCGCAGAATCTCCGTCGTCATGATCAAGAGCGGAGCCTGGCTGTTGTCGCGGCGATCCCCCGTAAGAATCCCCACGCGTTCTTGACCGAAAATACGCGAGAACTCGGTGAATTTCGTATTGGACAGCGCCTTCAACGGCGACGTGTATATGACGGTTCTGTTCTCCTCGATGGCACGCTTGGCCGCTTCCACCGCGACATAGGTCTTTCCGCTGCCGGTGGGCACGCTGACCACGACATCACCGGTCTGCAATTTTTCGAGCGCGTCCAGTTGCCATTCGTCCGGCACGAATGGTTGAGGAGGAGGGACGCCGATGCCGGAGAGCCAGTCGTTCAGCAATACCGACGCTTCGTGCGACTCACCTTCATGGTGCGGATGAGTAGGCGGACGCGGCGCGTGCGCCGGAGCGGCCGGTCTTGGCGCATGACGTTCTCGCGGCGCCGCCGGAGGGCGCTGTTGGCGTTCCCCGATGAGCGCCATGAGATCGGATTCGAAGCCCGCGCGATTAGTCGCCGAATGGTGAAGCAACAGTTCGATCAGGCGGCGTTTTCCGGCACGGAAATGCCGATGCACGCGGCCGCGCGCGAGCCGGTGCAGCAATGCGATCGGTTGTTGCGCGAGCAGCCGTTCGAGTTCTTCCGTCGTCATGCGGCTTTCCTCTTATCGAAGCTCGTCATATATTTCATCGTATCGAGCAGTGCCGACACCTCGGAGCCTG
NZ_AP022671.1_gap14	476574	480628	4054	TTCCTCCAGAGCCAGGGCAGAGAGAATCGTCATGACGAGACCGCAAGGGATTCGCCTGTCCCCCATCCATCCAGATCTCATAGGATCTCCTTCATCACATCATGCGACTGGCTTGATTCTCAGACTTACGAAGACGGAAGACTGATCAGGATCGTGGTGCACAGGCCTCGATCTGTTTTCGGATTTCATTATACAGTTCCTCAACGGCAGCTTCCTTTGTCAAAAGCACGGAGGCACCCATGTTTTTCATGGCCTCCTCGTCACTGTCACCGACCTTGACGGACAATCCGATCACAATGACGTGCGGATATCGATTCTTGATCGCCGAAGTCGCTTCGATGCCGTTCATCCTCGGCATATTGATGTCCATCAACACGATGGCCGGCAGTTCCCGCTCCACGACCATCAGCGCTTCCTCACCGTTGGATGCTTCGCCCACCACTATGATATCGGCATAGGACTCCAGTACGCTTCGGATTCCCTGGCGCATCATAGGATGGTCATCCACAATCACCACTCGAATGGTATTTTGGAGGTTCGAAAAAGCAGAATCCACTCCGGACTTCCCCCCCTGTGCCCGTACTTGCGGTTCTCCTGACACGTTGGCGGGCCCCCTTATCGGCTTCTGGCCAGGATCCTTCAATGACATGACTTCACGCATGATCTTTTCGCGCTCGGATACTTGGTTCGGCTGCTCCGATTTGATTGAAAGCGGCAGCGTCAACGTAGCCTTCGTCCCCCGTCCTGGGACGGATTCCAGGTCAAAATTACCGCCGATCGACAGCATGCGTTCGCGTGTACTGAACAATCCAAACCCATGACCCGCTTCGTTCTTGACTTCCTCGGCCGGATTCAGGCGGCTGGCATCGAAGCCGACTCCACAGTCCGCGACATGAACGAGCAACGCACCGGCGACCTGCTCGATAAGCACGCGAGCCTCCGTCACCTTGGCGTGTTTCACACAGTTGAAGAGAAGTTCACGCACACATTGAAACAGGAGTAATTCATGATCTTCCGGAAGACGCGGATTGTCGACTTTCACATCGACGGTCACCTGGAGGCCGCGTTGCTCCATCTCCTTGGCCAACCAATCCAACGCAGTTCTCAGTCCGAATTCCTGGAGGACCGGAGGGCTCAACTGGGACAGCAACGTGCGCGTGTAGGCAATGGATTTGTCGATCGAATCTTGGAGGTCGGCCACGATCTTGCTCAACACTGCGTTCATCGGTTGATGTTTCGCCTGGCTGAGTTTGATTCGACTCAGGGCAAGCAGCTGCCCGAGATTGTCGTGCAGCTCTCCCGCCAGCCGTTTGCGCTCCTTTTGTTCGGCGAGGTTCAGTTCACTGGCGAGCGCTCTGAGTTGAGCATGCGACTGCAAGAGTTCTTGCGTGCGTTCATCAACGAGGTGCTCCAAATTTCCGGCAAATGCGCGCAGCTTTGCCTCGCTCTCGCACAGAGCCTGTTCGTGGCGTTTGTGTTGAGAGATATCGATCGTAACCGCAACGATGTTTTCGAGCTGTCCTTTCCCATCACGAACCGCCGCTACGTTATTATTGACCCATACTAACGTACCGTCGCTCCGCACATACCGCTTCTCAATGACGAAGTCTGGTCCTCCCTCGATCAGCTTCGTGAACTGTTCGACATTGCCCGGCAAATCATCCGGGTGGGTAATATCCTGCATCCGCATGCCAAGCAATTCTGACGCCGTGTACCCAACGATGTCACAGAAGCGTTTGTTTGAGAAAATGAATTTTCCGGAGAGATCAACCAGCGTGACGCCCGCGGTCGCCTGACTGACGATCGCCCGGAACCGGGCTTCACTGACCTCAAGATCCCTTTGCTGGTGCTTGCGAGAGGTAATATCCTGAGCGGTTCCTACAAAACCCGCTGCGTAGCCTACGTCATCAAACCATGCTTGACCTCGGACGGATATCCATCGTTCGACCCCGTCGTTGATCCCTATCACACGAAATTCCGATGACAGGATGCCGTCGCTTGCCGGGGCGATGGACCGTGCCAGTTGCCCTTCCAGCTGGACGCGGTCTCCAGCATGCACTGAACTCAGGAACATCTCATGATTCACCGGGACATCAGGAGAAATGCCCCACATGCGTTTGAAGCGAACATCGCACTCGAGCCTGCCGGTAGCCGGATCCCATGTGTACGCGGCGAGGGCGGCAATATCGAATGCAGCCTGCAGACGCTGCTCTTGCCGGTAGAGCCGCAAGAGTGCCCTGACCATGGCCAGCATTTCGTCGGGATCGGCTGGCTCAATCAGATAGGCATCGCCGCCTTCTTCGAGACCGGCAACTTTGTCTTCACTGCGGACAGCCAACGCGGATGTGAGCAGCACCATGATCGACGACGTCATTGAATCCGCTTTTAACGAACGACAGATTTCCAATCCGTTGGTATCGGGAAGCTTGACATCGATGAGTGCCAGCTGCGGTTTAACCTCGCGTGCGAGACGAATCGCATCGGCGCCGGTCGATCCTTCAATCACCCGATAGCCGGCAGAACGGAGAAGTCGGCTCTTGAGATACCGGTTCGGCTCGCTGTCATCGATGAGGATGATCGTATGGGCGGCATTCTGGGAGTGCTGCGTGGTCGGTTTCATCTGTTCACCTATCCATCGATCGGTTATGCGACCCGTGAGGCAGGGGACCAATTTCGCACCCAGCGGCCTGAATGGCCCGTTTCCAGCTTTGAGGAGATAGGTCGCTTTTTTCCAAGATGACCCGGGCATGGCTCAACGCTGCCCGGCGTTCCGGGGTCAGGACTTGGGAAGACATCACGATGACAGGAATCATTCGCGTCTCCAAATCATCGTGCAAATGCTTGAGCACCTGGAAGCCGTCCATGCGGGGCATGTTGAGGTCGAGAACAATCACGGACGGTGAAATTTGTTTCGCAAGGAGCAGACCTTCTTCCCCCCCGGGGGCTTCGATGACCGAAAACCCTGTCTCACGAGCCAGTTTGCCGAACAGATATCTGTCGGCTTCATGGTCGTCGATCAACAGGACAACCTGACACTCCGGTTGACCATCACTCTTGGAAGCGCGCGATGCACGCTCCAAGCGTTCCAGCAGCCACGAGGCAGCCATCGGCTTCACACAATAATCGTTCGCACCCAAGGCGATGGCTTTCTGCGGATCATCGATTGCGGAAACGACAAATATAGGGATGCCCTTCGTCGCATCGTCGCCCTTGAGCTCAGCCAGCCATTGCCAGGCTGTGTCGTCCGGCAGCACGATATCCAACACGATGGCAACAATCGAGTGACGACGCAGAAGCTCACGGCCCTGGCGGATACTAGCTGCCGGGATCGGTTGAAATGGAGTACGCCGAAGGTACTTTTCATAGACAAGCCGCGTCTCCGGTTCATCTTCGACGACCAACACCGGCAGACGGGTCTCATCCGGTTGTACCAGAGGCAGGTCAGAAACGTAGTTTACTCCGCCCTTGGCGGCGTACAAGACCGGAATCACAGCGGAGAACGTCGAACCGGACCCCAACCGGCTGGAGACGCTCACTGACCCGCCGAGCAACTCGGACAATTTTCGGCATAGAGGAAGACCTAACCCGGTACCCTTGACGCGCCGCTGGATCGGGTGATCGATCTGAGAAAACTCTTGAAAAATCCGCTCCTGATCCTCCTCCGCGATCCCGATCCCCGTGTCCGCCACACAAAACACGACGGATTTCCCATCGTCGGTGGCCCTGGCGGTGATCCGCACCTCGCCGCGTTCGGTGAACTTGATCGCGTTCGAGATGAAGTTACGGACGATCTGGGACACCTTGCCTTCGTCGGTGCTCAGAACCGGCAACCCAGCGGGCTCGTCGAAGATAAGACTTACGGTATTGGATACGAGGAGGGGACGCAGCATGCCGCGGAGGGCGCTGAAGAGATTTCCGACCTCAAATTCAGACGGTCGAACCTCGATTTTTCCGGCTTCGATCTTCGCGAGATCGAGCAGATCGTTTACCAAATCCAGCAGATCGCCCCCGCTCTTTCGAATATAGCCGACCTGCTTGGCCTGTTCGGTGTTCA
NZ_AP022671.1_gap15	525688	529284	3596	GAGCAAGCTTTTGACGATGAACGAGGCAGCAGGGTATTTAGGCGTGTCGAAACTCACGCGCATGGTTGGGTACCAGCTTATAAAGTGAGCTTCATCAAGGTCGGTCGATTCGTGAAATTTCGACATGAGCACTTAGGCAAGTGGGAATTCCTTATGATGCTAGAGGAGTACGGGCAGTGCGGCTAAAACCTTAAGCGAGAGTCTATCACCGCTAAGAAGGTCTGACACAGTTCAGGTTCTTCCCCCGCCCGCTGTCAAGCTGACCTTGCAGAGAATTGCAAAAGTGCGTAGCCTGTCGACTAGGTACGTCTTCACCGGCGAGAGGAAACCCATTTATCACATGATAAGATCATTGCAAGGTAGCTCTGGTGAAAGCCAGCATTCCTGATTTCGGATTCCACGATTTGAGGCATTGCGCTTCCACCAACCTAAGAAGGGTAGGGGTGGACACGGCACCGGCAATGCACAAGTGGGGCACAAGTCTGAGAAAATGTGGAAACGGTACAATGCGATTGAAAAGCATGACTTGACTCCTAATACCCAAAAGTTCGATAGATACCCTTTAAGCTGGACACGCCGGTAACACTTGGTCGAACGTTAAAGTAGATACACCAGCTAAGTGATTGAGATATTTATCGCGCCCGTAGCTCAGTTGGATAGAGCATCAGCCTTCTAAGCTGAGGGTCGCTGGTTCGATTCCAGCCGGGCGCACCATTTCATAGTCGCTGACAGCTAAATTTTTTAAGTATCTGAAGGGTAAGGGTAGTTCTTCATTTCTTGAAGTTCGAAAGCCCTCATTCCGTTGATAGGACAATTTATTAGCAAAGACTAGTTTCTTCCGATAGAGGACCACCGCGATGACCGACCTTGATGAAGCTATCGGAGCGTTCATGCGTGACAATCCGTCCGTAACAAATCCGGCATTGATCCTTCATGGCATTCTGGAAGCACACCCAGATCTGAGAGAGGGAAACGAAATAGATCTGGATATTATTGGTCTATTTGTTCAATGCTGCGAACCGGAACCACCGCGATGAAACACTTTTGACCGTATCGAGAATGTTGCTTGGCGAGTACTGACTCAATCTCGCATTCGCTCTAGCTTCGCGGGCCCTGCGAGAACCCTGGCTACTAGCCATTACATTGAATGTCGCAAACGCAGTTAAGGTGATTCCCCCAATACCTCAGCTCAGTGATTAGTTTCTTGGGCATCAATGGCACTCAGAATCGTACAAGCCTGTCATCCATTTGCGTAGATATCATCTCACTCGTAAGGACATTGGCACGCACTACCCGAAACATGCCAAAGCGGCACAGCCCTGTGCCAAACGCCAGACGCATTAACAGGAACGTGGGCACTTCTCGCAATGATTTAATCAACCCGCTCACGCCAAACCGAACAAGTCCTGCTGGACGGACAAATCCCTGCCAGATGGAATCGAGCCATGAGGGTATGGTTTCGACAGTCCAATCTGCTGTGGTGACTTCACCCGCCACCAGTCCGGTTGACTCCAGTAATTCTGAAAACCCTTCAATGCTCGAAAACGCTGGATGAGACCACTGATCCAGCAGTTGCCGCATCACTGGCTTTTCCCAAAAATTGAGTGGAACCTGACGATCGTCCCGCTGATTCCAATCGGCAACGACCAGAATTCCACCCGGTTTCAGAACACGCAGTAGCTCCCGAGCGAATTGTGCCTTATCCGGCATGTGCGGTCCTGCCTCGACCGACCAGACCACATCAAAACTGGCATTGGGGAACGAAAGTGCCAGTGCATCATCGATCTGAAAGTGGGCATTCACCTCTGGGGAGGTCAGTGCTTGAGCACGTCTGACTTGCTGAGGGCTGAGCGTGATTCCTGTGACAGCAAAGCCATAATCTCGCGCGAGAATGCGACTGCTGCCGCCAATGCCACAGCCCACATCTAAAACCGTCGTACCGGAAGGAAGCTTGTCTAACCCACCCCAATGCACCATTTCATGCACAAAGTCTGACTTGGCTTTGAGAAAATCCTTTTTGCGTGGTGGAGAGCCATAGTGACCCAGATGGATATGTTCGCCCCAGTAGAACTCTAGAATGCCGTCATTGGTCCAATCATCATAGGAATTGGCGACAGAATCGGCAGACTGATATTTGCGGGGAAATAGCAAGTACAACATTAATCCAATCAGCAGTAACCCCAGGAGAAGGACGATCGCCCATATGAAAATGTTCATCATATCGAATGTCCAAATGAACGTGATCTCATTAACATGTACGGACAATACAAAGAAAAGTGACCGAGTAACCTGGGAAGCACCTCCACCACTTCCCCATTATTCATGTGCCAACAGAGGCGAAAAGTAGTGTAGATTAGCCTCGGAAGTGCTGCTAAGTCAAAGCGAAGGGTATTGGATTCTCAGGCGAATCCCTCATTTTTGGAGGTGTCGAGGATGCGAAGCAGATTCCTTATGAGACCGATCGGTTCGACCGGTGTGTTTCGGTCGGCAGCCTTAAGTATTGGTCAAACCCTGCGCAGAGTACCGGAATGAGCCAATGAACAAGGGAATGATCGAAACGGACGTAGCGATTGTCGGCGCGGGCGGCGGCGGTGCCGTCTTAGCCCTGGCACTGGCAAAGCAAAACATTCGCACAATGGTCGTAGATCAGGCAGGCAGTCCGTCTAAAAGTTTGCGTGGTGAGATTATCCAACCGAACGGGCAAGCAGTCCTTGACCGCTTGGGCGTCTTATCGTCTTTGCCGGCCGATGCCACGCTGTCCGTGCGGCATTTTCATTTTTGCCGGGCCGGTGGCAAGCGTCTTTGCAGCTTCGACTATGGCGACTTGCCGGCACCGTACAACCGTGCCGTTGTGACTCTCGCCAATGTGGCCCACCATGCGATCATCGCGGCCATACAGCAACAGAAGAGCGTGACACTTCACTACGGTACCTCTTTCACAGGACTCATACGTGAGGACGAACAGGTTGTTGGAATATCGGCGGAAGGACGGGATGGCCCGCTCACGATTCGTGCAAAGGTGGTCGTCGGTGCTGACGGGGCGTTTTCGAAAGTGCGTGAAGCGCTCAAGATCCCCGTCGATCTGCATCTCTATCCTGATGGATATCTGATTGCGGCACTGGAGTCGGACGATCAGATAGCGGAATCGTTCTACTACGTTGGGAACAAGACCATCTTGGGACTGTTTCCGGTGACGGGAAAGAAAGTGTACCTGTTATACATGATTCCCAAGGATTCGATAGAAGCCGTGAAGCAACGAGGGATCCCTACGCTCCAGCAGATCTGGAGCCGGATCGCCCCGCCGTTTACCCGGCTCTTTCGAAACCTGCATGATTGGAGTCAGGTCGCGTATCTGCCGACGGGTCGGGTGCGCACGCCGAGATGGGTGGCTAATGGAGCCGTCCTGATCGGTGATGCCGCCCATGCAATGAATCCCCACGCATCGCAGGGGCGCATGCAAGCGATGGTCGATGCCATCACGCTATCCGATCTCCTCCCCAGTTGTCTCGCCGACAAGGACTATTCGACTGCCAGATTGAGTGCATTTGAACGTGCCAGGCGGCCGCACGTAACCATGCTGCAAAACTTGGCCGATC
NZ_AP022671.1_gap16	534393	536612	2219	GAACCCGCCGCTCGTCGCCCTGAATGTCCTGATTCTGTGTGCGGTCCTTTGGCCTCTGCACCCGGCCAGGTCAAGCAACACAGTCCCAGCAGTCTCCGATTTGCACGTAGAGGCGACTCTTGAGCGTGGAGCAGTCAATGCGCATTAGGATTTCGATGCCATGACATTACCTTCTTGCTTGAGCAATCATGGAATCTGCAGCGAAAGCCGATCATACAGCACGAAAATACTATGCCCAAGAAGCCTTCATCCTCTTGCAGCGGTCTGTCAGCCACGGAGACTTCGGTTTAGGGAAAGTCGAATCGGTGCTGGCCTTAATTCAAAGCCTGCTATCTGATAAGGCAATTTGAGGAGGTTTCAGATCATGAATGAACAAGAGCTGCATCCCATCTCAATTCTACTGATTGATAGCAACGATGAGGAACGGCACTATCACGCCGAATGCCTGAAGACCTATTCTTCTAGCTATCGCATTTATGAGGCGGCGACCGGCCAGCGAGGTTTGGAGCAGTTCAAAAGCTCTCCACAGACCGATTGCGTGGTGGTGGAACTCGACCTCCCTGATATGTCGGGGTACAAGGTACTGCTCGACCTTGTTCCTATTGCCTCCTCCCCAACCGTCCCGGTGATTATCCTCACCAGACTGACGAACCCGTTGTTGCTGGAACTCGCAATGAGAACAGGTGCGCAGGCCGCGTTTCGCAAAGTCTCAACGTCCGGGGAAGTCATAGGTCTAACGATACGAACCGCGGTGGCGACCGTACCAAGACCCGTCAGGACACCCCTCGCAGACCTGGGTCGGCGCATTTATCGTCCTCTTCAACGGCCCGTCCATGTACTGGATTGAGACGACCCCGCGTCGACGCCATAGCTGACGTCGAGAGAGACGGTCCTTAACTTGCATTGTGGATGCGCAGTGGATTCACTGCGTAAGAAAGGAGCGTGCACATGTCATTACGACTACGCATGATCACCGTTCCTCCAATTATCATTGATGCAGATGGTCAACCATCTGAGGAGACCGATTGGTGGAAAAACGGATTGTCATCGGACGGTGCCAGAGATTCTGATAGGAGTCTGGTGAATCCTTCGGCAAGCAATCAGCCGATCCCAGGTCAGAGTGACGTCGTCAGCGCTTCAAGGTGTTCCATCAACATAGGCGTGCAGGCGATCGTGACACTACTAAATGGAGCTAGCGAAGTGATCTCCATGTAAGAACAAGGACAACGGGCTGCCACCTGTTTGTCCTTATCTCCCTTTCGTCTGAGTACCCAATCCTAGTCCACATTTCTTTCGACTAAACCACACCCGCCTCGTAAAAGCTCGGGCCACCATTCCTCGGGAAAACTGGAGGAGATGTTCAGGTGTGCAACGACAACGTCCCAGCGGTACGCACATCATTCAATGAAAGTCTCTCGAGTCTGTTTAGCACAAATTTATCACAGCCATAGTTGGGAGGAGCTTCCCAGCATTGTGAGAAAGATGGTAAGTGATTGATATTCTAGTGGTGAGACGCCAGAAAACATCGCTTCCAGCTCCTTCCCAACCACCCCTAAAACCTTTGTCAGAGCATCAAGTAGGGTGCATGCCTTTATGCAAGCGGAGGCGACAAATTCGCATGTGCAACTTATCGGCATGCTACATTTGTGACCGTAAGAAATTCTAGATGTCTTAGGGTAGGGGGGGTCGCCATTTGCATGTAATCGGCAATGTCACGGTGCAACTCTTGAACTTGATTGGCGTGTTGTTGCCCAAGACTCCCGGTCTTGGCTACGGCCTTGGAAACCTGTAGCATGACCCTCAAGACATTGTTCCAATTTTTCAGCGTTTGGAAGAGGGAGTTGGAACTTTCTCCTTCCGGCGCACCAGTTGAAATAGGCGATTCATGCGCAAGTTGTTCCGTCCCATTCCGCTTGCAGTGCTCTCGCTGACCTTTCTACTCCTGTACGCACTCGCCGGATTTTTCCTCCTTCCATACATCATTCAGGCCTATGTATTTCCGAAGGTGTCCGAGCAATTGCAGCGTCCCGTGTTCGCAAGAGAGGTGGCGGTCAATCCTTTCGAGCTCTCACTTCGATTGACCGGATTTCAAATCCAGGAGCAGGATGCCTCCCCCTTGCTCGGCTTTGAAGAATTTTTCGTCAATTTTCAGGCCGTTTCGCTCGTGCGCCGCGCGTATGTGTTCGACACAATCCGTTTTACTGTTCCCTTCGTATCGG
NZ_AP022671.1_gap17	579793	581229	1436	CTGTGCAAGGATCGGTAAAATCGATTATGAAACCCATACCCGATCAGAAGGGCCGTTTCGGAGCATATGGCGGACGGTATGTTCCCGAGACGCTCATGCCTGCGCTGCTCGACTTAGAGAAGGAATACGAGAAGGCGAAAAAGGACCGCCGCTTTCAAGCCGAACTCTCCCATTACCTGACACAGTACGTCGGTCGCCCCACGCAACTCTACTTTGCCGCCCGGCTCACCAAGCGGTTGGGAGGCGCCAAGATCTATCTTAAGCGCGAAGATCTCTGTCATACGGGGGCTCATAAGATCAACAATGCCATCGGGCAAGGCCTGCTGGCCAAACGGATGAAGAAGCCCCGCGTGATCGCTGAAACCGGTGCAGGCCAACACGGCGTGGCCACCGCCACCGTCGCAGCCATGTTCGGACTCCAGTGCGAGATTTACATGGGCACCGAGGACATGCAGCGACAGGCGCTGAACGTGTTCAGGATGCGCCTGCTGGGGTCGACCGTCACCGGGGTCGATGCCGGCAGCCGTACGCTGAAGGATGCGATCAGTGAAGCCATGCGTGACTGGACGACAAACATCGAAACCACCCACTATATCCTCGGCTCGGTATTGGGGGCACATCCGTATCCGATGATGATCAGAGATTTCCAAGCGATCATCGGCCGCGAGGCGCGCAAACAGATCCTGGCGCTGGAGGGTCGCCTGCCGGATTGTCTGGTGGCCTGTGTCGGAGGGGGCAGCAACGCGATCGGACTGTTTCATGCATTTCTCAAAGATCCACGGGTGAAGATGGTCGGCGTGGAGGCGGGCGGGCTCGGACTCACCAGCGGAAAACATGCGGCCCGTTTCTCCGGAGGTAAGCCAGGTGTTCTCCAAGGCACCATGACCTATCTCCTGCAGGACGATGACGGGCAAATCAATCTCACTCACTCCGTCTCCGCCGGCCTCGACTATGCCGCGGTTGGTCCCGAGCACAGCTATTTGCGAGAGGTCGGCCGCGCCTGCTACACCTCGGCCACGGACGAGGAAGCCTTGGCGGCATTCGATCTGCTCGCAGTAGAGGAGGGAATCGTCCCGGCGCTTGAAAGCGCGCACGCCATCGCCCACACTGTGAAGCTTGCACCCCGGATGAAGAAGAATCAGATCATTGTCGTGAATCTCTCCGGTCGAGGAGACAAGGACGTGCAGCAGGTCGCCCGCGTGCGCGGCATCGCATTATGAAGTCGCGCCTTGATCAGACATTCGAACGGCTCCGCCAGCGAAGCGAAGCGGCGCTGATTACCTACATCATGGCTGGGGATCCAACGTTGTCGGAAACCGAGCGGCTCGTGCCCGCGCTGGAGCAGGCTGGTTCGGACATTATCGAGCTCGGCGTCCCGTTTTCGGATCCCATTGCGGACGGCCCGGTGATTCAGCAGGCGGCGGAACGGGCACTGC
NZ_AP022671.1_gap18	584502	589092	4590	CGCCGCCAGGCTGATCAGAATGGCCGACCCCGCGACGAGCAAGACGTCCTCTGCCAGCACATGTACGGGAATCTTGGTAATCGAATAGACCGTTGGATCGAAGGTCCAAAACGTTTGGATCAACCAGAGAAAGGCATATCCCACGGGAATACCGATCGCCGTACCGGACAATCCGATGATCAACCCATTGAGCATAAAAATACGCCGAATGCTTTTTCGCGTCGCGCCCATGGCCTTCAGAATGGCGATTTCCTTCTGCTTCTCGGTCACGATCATGGTGAGCGTACTGACGATGTTGAACGAGGCCACGATCGTGATCAGGATCAGCAGCAAGAACATCATCGTCTTTTCCAGCTTAAGCGCGGAGAGCAGGTTCCGGTTCATCTGCATCCAGTCGCGAGCGCCGTAGGCGAATCCCAGTGTCCGCTCGACCGCCCGCGCGACCTCGTTGGCCCGGAACATATCGATCACTTTGATTTCGACGCCGGTTGCCGTTTCACCCATGTTGAAGAATTTCTGCGCCTCCGCCAGATCGATGTAGGCCATCGAGGAGTCATATTCATTCATGCCGGAATGAAAGACACCAACCACCGCGAACGTGCGGATCTTCGGCACCATACCCATGGCGCTGAGCGGGCCGACCGGCGACACGACGCTGACGACGTCGCCGGGAAAGGCTCCTAAGCGGAGGGCGAGCTCTTTGCCGAGAATAATGGCCGGCTTTTCCGACGTCTGGAGAGGTCCGTTGGGATTGTCCGGTGGGGGAAGGTTGACCTTCACCGGTTGTTGCAGCGCGCCGAGATCACCCGACGAGAGATTTTTCTCGAGGTCCGTGACCCGGCGCTCCCGCGTAGGATCAATCCCGCGGAGGATGACTCCCTGCGCCCCGGACTGCGTCGTGAGCATCACCTGCTTCAAGATAAAGGGCGTAGCGGCCACAACCTCCGGCACGGCCTCAGCCTTGTCCGCCACCGCCTGATAGTCACCCATGGAGTCTTTCATACGGTCTTGGACCATCACATGGGCCGTGGTGCCGACGATCTTTTCCTGAATGTCCTCCCTGAACCCCGTCATGATCCCGACGGTGCCGATGAGCGCCGCCACCCCCAGCGTGATGCCGGTAATCGAGACGACCGTGTTCAAGGAGATCGTCCGGTTGCGGCGCTTGGCCCGCAGATACCGCAATCCGACGATGATTTCGTAGGGGAGAGCCATCGCTATTTCTCAGGGCGAAGCTGGGGAAACAGCACGACATCGCGAATGGAAGCCTGGTTCGTAAACAGCATGATCAGGCGATCGATCCCGATGCCTTCCCCGGCCGTCGGAGGCATCCCGTATTCCAACGCCCGCAAGAAATCCTCGTCGACGAGATGGGCTTCCTCATCGCCGGCGGCACGCTGCGCCGCCTGTCCTTCGAACCGTTCCCGCTGGTCCAACGGATCGTTCAACTCTGAAAAGGCGTTCGCGATCTCACGTCCGGCGATATACAGTTCAAAGCGATCCGTCAGCGCCGGGTCCGCATCCTTCCGTCGCGCCAGCGGGGAGATGGCAATCGGATAATCCGTGATGAACGTCGGTTGCTGGAGATTCGGCTCGACCGTTTCCTCGAACATTTCATTGACGATGTTGAACAAGGGCCACGCAGGATCGACCGGGACACGAAGGCGTTTGGCAGCCGCGACGGCTTTATCCTTATCCCGCAAGTCGGAAGCATCCAGCCCGTTCACTTCCATGATCGCCTGATGGTACGACCAGCGCCGCCACGGCGGCGTCAGATTGACTTCTTTGCCCTGGTACTCGATGACCGTCTTGCCCAAAACTTGAAGCGCCAACGAGCCGATTAATTCTTCGGTCAGCCTGATCAAATCCTGATAGTCGGCATAGGCGATATAGAACTCCAGCATCGTGAATTCAGGATTGTGAATCGTTGAGATACCTTCGTTACGAAAATTCCGATTGATTTCAAATACCCGGGGAAATCCTCCGACGATCAATCGCTTCAGATACAGTTCCGGCGCGATGCGAAGATAGAGGTCCACCCCCAGTGCGTTATGATGCGTGACGAACGGTTTGGCCGCGGCGCCGCCCGGGATCGGATGCATCATCGGCGTTTCCACTTCCAAGAACCCGCGTTCGATCAGAAACGCTCTGATCCCGGCAATGATCCTGCTTCGCGTCGCAAAGATCGCATGGACATCGGGGTTCGCGATCAGATCGACGTAGCGTTGCCGATAGCGCGTCTCGACGTCCGTCAAGCCATGCCACTTTTCCGGCAATGGCCGGAGCGCTTTGCTCAAGAATGCCAATTCTCGAACTTCGACCGTCAGCTCGTTGGTTTTTGTCCGAAAGAGGATTCCGGTGACTCCAAGCCAATCACCAAGATCCAATTGCTCGACGACGGCATACGCCTGGTCGGTCAGGAGATCCTTTTTCAAATACACCTGGAGGCGGTCGGCTCCATCCTGAAGAACCGCGAACCCGGCTTTGCCGAACCGGCGGAGGGCCACCACTCGACCGGCGAATGTGGCCGAAACCCGTTCTTGCTCCAACAGTTCTTTCGACTTGTCTCCATGCCCCGCGATCAGCGCTCCCGCACGATCCTTGACCTCAAACCGCGCGCCATATGGGGCGACGCCGGCTGTCCGGAGGTGGGCCAACTTCTTGATGCGTTGCTCCCGCTGTTCATTCAACTCATCCATGCGTCACCCATATCTTTGCCGGGCCGGACCTCTGGTGTGAATGTCGGTCGTCGAGATGCGGATATAGCCGCGACATTATTCATCGGCGGCGGATGCCGGAGCGACGAGATTTCCGGAGAGTTTTTTCTTGAGGTAGGCCTGGATAAATCCATCCACATCGCCGTCCATGACGGCAGACACGTTCCCGGTCTCAAACCCCGTCCGGTGGTCCTTGACCATTTGATAGGGTTGAAAGACATACGATCGGATCTGACTGCCCCAGGCAATGTCCTTTTTTTCTCCGACGATCGCGTTGAATTCCGCTTCCTTTTTCTTCTGCTCCAGCTCGAACAGACGTGCCTTCAAAATTTTCATGGCGCCGTTTCGATTCTGGAGTTGCGAGCGCTCATTTTGGCATTGCACGACAATTCCCGTCGGCAGGTGAGTGATGCGAATCGCCGTCTCGACCTTGTTCACATTCTGTCCTCCCGCCCCGCCGGCACGGAAGGTATCGATTTTAAGATCCTTGTCCTCGATCGCCACCTCGACGTCGTCGTTCAATTCGGGATAGACGAAGACCGACGCGAAAGACGTATGGCGTCGCTTGTTCGAGTCGAACGGCGAAATACGGACCAGCCGGTGGACTCCGGCCTCGGCCTTCAAATAGCCGTAGGCATAGGGACCCGTCACAGCAATCGTGACACTCTTGATGCCGGCCTCGTCGCCGGCTTGCAGATCCAAGGTTTCGACCTTATACGACTTGGTCTCCGCCCATCGAACGTACATGCGTAACAGCATCTCGGCCCAGTCCTGAGATTCCGTACCTCCGGCACCGGGATGGATGGCAAGAATCGCGTTGTTCGGATCAAGCTCCCCGGACAGAAGATGCTCGATATGCATCGCCGCCAAGCGCGGCTCCAGCCGTGCCAGCTCGACTTCGAGCTCCTGTTGGAGGCCGGCGTCCTCGCTTTCCCCTGCAAGTTCCAATAATGCGCCCAGGTCGCCCATTTTCCCTTCGATCTCACGCCACTGCTGCAGTTCGCGTTCGAGCGCGACTTTCTTTCGGCTGACCTTGGCGGCCGCCTGCGCGTTCGTCCAAAAACCGGGTTGTGCGGTGTGTTGTTCCAGCTCTTCCAGTTCAGAGGTCATGCGGGCGAAGTCAAAGATGCCCCCGAAGTTCGGAGACCTGTTCACTCACCGCGCGCACACGGGCACGAATGTCATCCAACATCGAACGGTCCTTTCTGGCTACACGGGGGTCGCCGCGACTGTACTGTGGGCCGGTCCTTCCGTGCGGAATAACCCAAACAGAATCAGAATGAGCGAGATTAGCACACACCCGTAGGCAAACACATCCCCGTGCCGGCTGTAGAAGGTCCGGGACTGAAGCGCGGGAATTTCGGCGTGGAACGCCTCCTCCGTAAAAATAGGGGAGGCCCGGATGATCCGTCCGAACGGATCGATAAACCCGGATATCCCCGTGTTGGCCGAACGGGCAAATGCCAGATGATTTTCGACGGAGCGGAAGACGACCATCGAGAAATGTTGCATGGGCGCGGACGAATCTCCGAACCAGGCATCATTCGTAATCGTCACAAGAAATTCCGCGCCATTGGCGGCAAACCGGCGAACCAGGTCGGGAAAGATAACTTCGTAGCAGATGACCACGCCGAACTTGACGGTTCGAGTCACTGCGGCATCGGTTTGTCCCGGCACAGGCGTCTTGGGTGTAAACGAAAAGACCGTCGGCCCGGGACCGGCCTCGAAATCGCCGATGCCTTCGACCAACTTGTCGAGAAAGAACAGCACAGACGACTTTAATGGAATGTACTCGCCGAACGGAACCAGGTGCTGTTTGTCGTATCGCCCCAGTAGAGCCCCCTGGGGTGAGAGAAAGTACGCGCTGTTCAGC
NZ_AP022671.1_gap19	590244	592651	2407	TGATCGAGTTGTACCCCGAACTGTCGGTCCTGCACCCATCGGACCGTCGCTCTTCTGATCAGCAGGGCAGCTTGCGTCGGAGGAATGAGCAGCACCGTAAGAACCATCCCGACGCGAACCGCGTGCGATCCCCGCAGGCATCCCCCTTGATGCGTCAGGTTGGCGGTGACGCCGCTCGCATGGAATGCTCCGTCTGAATAATAGACCGCACAAGCAATCGGCACTCGCAGACTCGTCCGCTTATCGGCATGACACAGCATCGATTCGCACTCCTCATCAACTGGATGGTCGTGAGACGACAGGATCGGGACAGGGATGTTGTTTCCGTCCCGCGCGGATTTTGAGGATAACGGCTGCAATGACCACGCCGGTCGCGTCGAGCAGCAGATCATCCGAGGATGGAAACCGGCCGTCAACGGTGCCCTGCCGGATTTCGGTCCAGAGACCAAAGACCAGTGCTGCAGACGACCCCGTCAGGAGGGCATAGGACAATGGCCAGGACCGCTGTTCCAGTTGTCGCATCAGCAGGTAGGCGAGTACTCCGTAAGCAGGGACGTGGGCGCCATTCAGCACGAACCAGGGAACCTGGACCATCAGATGCCCGCTGAATCCGACTCCTGGTGCGATCATCGCCCCGAGATACAAGAGACACATGTAGGCACCGGCGGAAATTAATCCCATGGAGCGCTCCTCGTTATGAGGCTGTCAACCGGAAGGTACAGAAAGACAGGGCGGACAAACCATTGTTCATTGGTAGGGGGCAAAGACCTGCGGAAGATCGATCGAAACTCGCGTAGGGGAGGTTGTCGTGCGTGAGACGGGACGGGGTTTCTTCTTTCGAAGGGGGGATTCAGTCCTGCCGTTTTTGTTCCGGCTTTTGATGGATCCATTCCAGCGGCGCAGCCGAACCGCACAGATAGGCTTGACCGAAACCGAGAACCACGTGAGCGTCATGCAGTTGAAGTTCCCAGACATCAAAATCACCGAATCCAAACATGATCGCAGACTGGGGAAAGCGGGAGAGATAACGGGCCTTCACCGTCGCATAGGCGGAGCAATCCGGAGAAAGCACGGCGCCCGTGCCTTGAAGGTTCATTCGACGCAACGCAAGCGGATTTTTTTCTGGCTCATCCGGCTCGGATATAAACAAGGAGAGCCGCGCATCTTGCAGGAGATGCCGGGTGTGCAGAGCGAGCCGGCTGAGATGGAGATAGGCCCTGGTCCAATCATCACCGAATACGTACGGCACATGCGAACCGAACGGAAGTCCATCCCGCATCGTGAGCAGGACCGCCGTTCTCACGCCCGCCGCCAATGCCTGCCATGCGGCTTGTACGGCCTTTCGATCCAGCGGCTCAGAGAGATGACTCATATCCATGTCTCCTCATGATCGAGTGCGTCCATAGCATGCTGCCGCGAGCGTCGTCGAGACCCACCTCGCATAGTAATCAACGACACGGTTCCCTGTCACGGATAAGACGGATAGGGCGCAATGGTTCCGCAGAGTATGATCCGCCGACATACCGCACAAGAGATCCTGCGTGAGCTACTATTGACAGGATCTATCGCGGCGATTACTGTGCCGACACGAAGAGAGGGCCACGGACACCATGAGCGCCGTACCAGACCTCAACCCTGCCGGGCGTTTTCGAGAACTGCTCGAATCGAGCGAACTCACCTTCCTTTGCGAAGCCCACAATGGGATCAGCGCCCGCATCGTTCAGGAAGCAGGCTTCGCAGGAATTTGGGCCAGCGGGCTCTCCATTTCAGCCCAGCTTGGCGTGCGCGATAACAATGAAGCCAGCTGGACTCAGGTCCTGGAAGTATTGGAGTTCATGTCCGATGCCGTCAAGATCCCCATCCTCTTGGACGGAGATACCGGCTACGGAAATTTCAACAACATGCAGCGGTTGATTCGCAAGCTTGAGCAACGAAGAATCGCGGCAGTCTGCATCGAGGACAAGCTATTTCCAAAAACAAACAGCTTTCTGAAAGGGTCCGCCCAACCGCTCGCGGACATGCAGGAATTCTGCGGCAAGATCAAAGCCGGCAAAGATGCCCAGACCGATCCTGATTTCTCTTTGATTGCAAGAGTCGAAGCCTTCATCTGCGGATGGGGTCTGGCCGAAGCGTTGCGGCGGGCAGAAGCCTACCATCAGGCCGGAGCGGACGGCATTTTGATCCATAGCGCGCTGTCCGTGCCGGACGAAGTGTTGGCCTTCAAACGGGAGTGGGGGAACCGATGTCCGGTGGTCATTGTGCCGACGAAGTACTATGCCACGCCGACGGACGTGTTCCGCCAGCACGGCATGTCGATGGTGATCTGGGCGAATCATATGTTGCGGGCAGCCGTGTCCGCCATGCAGAAGACGGCGCGACAGTTGAAGACCAGCGAGCATCTTCTTTC
NZ_AP022671.1_gap20	599007	601046	2039	TCGCCATGCGAGCCTACCTTTCGCCTCCCTCACACCCACCGTCAAATCCGCTGGCCGAATTATAGACAGGGTCACGAGAGTCGTCAAAATGCCAGCAATCTGTTTGTCTGGTTCAACGTAAATTATTATGTCCGCTTGCCACCCTGGTATCTGCCCCAAGATACAATGGTGTGGGCCACCCGTCATCTTGACCCTTTCAAAAACGCTATGTTAGAGTCTGGCACTTCTAGAGCGCCTTCTCACCTCATTTTTTATGCGCGTCATAGCCGGCTCCCACCGAGGTCGACGCCTGAGCGGGCCACGAGGGGTAGAGTTTCGGCCGACATCAGATAAGGTACGCGAAGCGCTGTTCTCCATACTGGGATCACGAATTGTCGATGCCTCCTTTCTCGACCTGTACGCTGGAACCGGCGCGGTGGGAATCGAGGCATTGAGCCGCGGCGCGTCGGCCGTCACCTTAGTCGAATCGCATCCGGCCGCTGTGCAGCTGCTCACACGCAATGTCGAGACGTGCGGGATGAAGGATCGGACCGATATCAGGAAAGGGCGTGTCGATGTATTTCTGGCTCGACAGGATTGGTGGCGAGGTCCTTATCAGATTGCCTTTGCCGATCCTCCTTACGCGTCAACCGGCGAAACGGAGCCTTTGTACCGCTTATGGCGCGGCGGCCTCATGACCGACGACGGAGTCCTTGTTTTGGAACAGAGCTCACGAACGACCGCACCTGCCATCGACCACGCAACACTGCTGCGTCGCTACGAATACGGAGACACCGCGTTGCTCCTCTACGGTCCAGCCGAGCGTGGTACTTCACCGCGATGAAAATTGGCATCTACCCAGGTACATTCGACCCGATTACGCATGGTCACACCGATATCATCACACGGAGCCTTCGCGTATTCGATAAAGTCGTGGTCGCCGTGGCGCCGAATCCCGCGAAACACCCGCTCTTCAATCTCGAGGAACGGGTTGATATGGTGAAGCTGGTCATGAAAGATATCGGACAGGTCGAGGTCGTGACATTTGAAGGCCTGTTGGTCGACTATGTGCAGCGATCCGGCGCGCATGGCATTATTCGAGGGCTACGCGCGATCTCGGACTTCGAGCACGAATTCCAAATGGCGCTGATCAATCGAAAGTTGGCGAAGAAAGTCGAGACGGTGTTTCTGATGCCGAGTGAAGAATATTCCTATCTCTCGTCAACCATCATCAAGGATGTCGCCACGCACGGCGGGTCCTTGACGCCGTTTCTCCACCCTGACGTTGCACGGCGGCTGCAGGAACGCATCCGGAGTCTCAAATCATGAAGCTGGCAGCGCGTGTTGGAAGAATCGCCCCGTCGCCGACCCTTGCCATGGCGGCCACGGCCAAAGCCATGGCGGCACAGGGCATCGACGTGATCGATTTCTCGACCGGCGAACCGGACTTTGATACGCCGGAACCGGTCAAGGCCGCTGCGGAGGCTGCCATCCGTGCGGGCTTTACGAAGTATACGCCCTCGTCGGGCATTGACGAGCTGCGATCGGCCATCATCGATAAACTGCGGACGGAGCTGGGTCTGCAGTATGAAAAATCCCAGATTCTGGTCTCCTGCGGTGCGAAACATTCTTTGTACAATCTGGCCGAAGCCTTGCTCGAAGAGGGAGATGAAATCATCATCCCGACTCCGTACTGGGTATCGTATTCCGATCAAACGCTTCTGAACGACGCCAAGGCGGTGCTTCTGCCGACAAGAGAAGCGGACGGGTACGCTATCCGGCCGGACGAACTGCAACGCCTGATCACGCGACGTACGAAGGCCATTATCATCAACAGTCCGTGCAATCCGACCGGCATCACCTATGACCGCCGGATGCTCGAAGGCGTGGCCGCGCTGGCTGAGCGGCACGACCTGCTGATCATCTCGGATGAAATCTATGAAAAGGTGCTGTATGACGGAGCCTCGCACGTCAGCATCGCTACGCTCGGTCCCGAGATTGCCGCCCGCACCGTCATCATCAATGGCGTGTCGAAGGCCTATGCGATGACCGGTTGGCGG
NZ_AP022671.1_gap21	602304	606595	4291	GCAGACCGCTCACGCCACGCCGGAACCCTCTCGCCATTCTCATATGTCTCCTCCGTGAATCTCGACATCACTGCAAGATCCGTCACGAGTATCGCAACGAAATCCCTTGTGTCTCTAGCACGTTCTCTATCATCTGTCGAGAGATAGCGCCTTCGCGAACGAGTCGAACGGGCTCGCGCGGATCGATCACGGTCGACGGTTTTCCTCCGGCCGTGCCCCCGGCATCGACAATCAAACGGACGGTTGCTCCGAATGAGCGCATCACGTCTTGCGCCGCAGCGGCCGGCGGCTCACCGGAGCGATTGGCGCTCGTGCCGGTCAATGGCCCCGTCGTGATCAGGATGTCAATCAGTGGACGGCAACAGCTGAGTCGCACACCCACCGTGCCTGTGTTGGCCGTTACATTATGGGGAAGCTCGCGCCGGGCGGGAAACAGAATCGTCAACGGGCCCGGCCAAAACGCGCTCATCAGTAACCGGGCAATCGGAGAAGACTCTTCGGTCAGCAGCGAAAGTTGTGTCAGCGAACCGATCAGGACCAGGATCGGTTTGCCTTCCCCCCTGCCCTTCGCATCGAGCAGTGCCTCCACCGCGCGGGCATTGAACGGATCGACTGCCAGTCCGTAAAACGTTTCCGTAGGCAAGCCGACAATGCCGCCGGACGACGTCACGGCTTTCACACGCTGGGCAAGCTGAACGGCATTCTCGGGATGATAGGGTTCGATCACTCCCATGGGATGAGACAGACCATTGATCAGCGGGAGGCTCGCAAGGCCCGGTCGGCAATATCCGTGCGATAGTGGCATCGGTCGAAGCCGAGCTGCTTGACCCTGCGATAGGCCAATTCCTTCGCCTCACCCAGGCTTTTTCCGATCCCCGTGACACCCAGCACCCGCCCCCCGGCTGTCACGACCCGGCCGGCAGCCTCCGTCGTTCCGGCATGAAACACAATCATCTGCCGGTTGGATTCGAAGTCCAGGCCACGAATCGGCAACCCGTTCTCATACCGGCCGGGATATCCGCCTGCGGTCATCACCACGCATACGGCGGCATGATCATGCCATTCGACGGCGAGTTGGTCGAGCCGGTGGTCCACAACCGCTTCAATGACGTCCAGCAACTCCGTCTTGAGCAGTGGCAGGACGACCTGGGTTTCCGGATCTCCCATGCGGGCGTTGAACTCCAACACATACGGCACGCCCTTCACGATCATCAGGCCGGCGTATAACACCCCCTGAAACGGCGATCCCATCCGAGACAGTCCCTGGACGACCGGCTCGAGAATTTCACGGGTCACCCTCAGGCGGAGTTCCGGTGTGCCGATCGGGGCCGGCGCATACGCGCCCATGCCGCCGGTGTTGAGACCGCTGTCTCCGTCGCCCACCCGCTTGTGATCTTGTGCGGGCAACATCGGGACGACGGTTCTCCCATCGGTAAACGCCATGATCGTGAGTTCCTCTCCATCGAGAAACTGTTCGATCAATACCTGCCTCCCCGCCTCGCCGAACACGGCGTTGTCCATGGCATCGATCACCGCCCGTGAGGCCTGCTCGCGCGTCGTGGCGATCACCACGCCTTTCCCTTGCGCCAGCCCATCTGCTTTGACGACGATCGGCAACTCGTGCTGGTCGACATAGGCCAGCGCCTCGGACGTCTTGTCAAAACTCTTGGCGGTTGCCGTTGGAATGCTGACGCGCGCCATCACTTCTTTTGAAAACGTCTTGCTGGCCTCGAGGCGGGCCGCCGCTTTCGTCGGGCCGAAAATCCTGAGTTTCGCCCGCCTGAATTCATCGGCGATTCCCAAAGCCAGGGGAGCTTCAGGCCCAACGACGGTCAGATCGATCTGTTCACGGATGACGAAAGCCTTCAGCGCGGCGACATCATCGGCTTTGATGGGAACACAGACGGCGAGCGAGGCAATGCCGGCATTGCCCGGCGCACAAAACAGGATTGGTTTCCGAGGGCTCTGCGCGAGCTTCCAGACCATGGCATGCTCGCGCCCGCCGCCGCCGACTACGAGGATCTTCATGGAAGATGCATTCCGATCGTTCCGGCAATCCGAAGCCGCCATGAAGCCGGCGGCTTGGACATCTCTTCATCAAGGGTGCTGGTATCGACTGAGAGGGCCATCGAATCCGGACATCCAGCATCGTGGTCGTGACCGCGCGAGCGGCTAGGTCATAATTGATTTAATGACGGAAATGTCTCATACCCGTCATGATCATGGCCAGTCCGTGTTCATCCGCGGCCTTCACGACCTCGGCATCGCGAATCGACCCGCCCGGTTGAATCACGGCCGTAATGCCCGCTTCCGCCGCCGCGTCCAGTCCGTCACGGAACGGGAAAAACGCATCCGATGCCATGACACAGCCTTTGACGGGCATCTGAGCTTTCATGGTCGCCAGCTTCACACTGTCGACCCGGCTCATCTGGCCCGCGCCGATTCCGACGGTTTGGCCGGGCTTCGCAAAAATGATCGCATTCGACTTCACATGTTTGCAGACCTTCCAGGCGAAGGCGCAGGCGGCATATTCCTCATCGGTGGGCTTCCTGACGGTCGGCACGGTCAGCGCCCGCAAATCCGTCAGCGCGCCGAGATCGCGATCCTGGACGATCAAACCACCCACGAGTTTCTTGAGGTCGTAGCCTTCCTGTTTGACTTTGTGCAGCGGTCCGACGTCGAGCAAACGAAGGTCCTTCTTGCGTTTCAGCTCCGCAAGCGCGTCCTCGGCGAATCCCGGTGCAATCACGACTTCGACGAATGTGGACGTAATCTCCTTGGCGGCCGCGAGGTCGACGGGCCGGTTGAAAGCGATCACGCCGCCGAACGCCGATATGGGGTCCGTTTCTCTGGCCTTCACATACGCCTCAACCGGCGTCGTGCCGAGCGCGGCGCCGCAGGGGTTGTTGTGTTTGATGATCGCCACGGCAATCTCGTCGTACTCTTTGGCCAACTCGAGCGCGGAATTGGCATCGAGGAAATTGTTGTACGACATCGCCTTGCCGTGGAGGATCTTCCCGCGCGCCACCGACGGTTCCTGAGAATGCAGCTCACGATAAAACGCGCCCTGCTGGTGCGGATTTTCTCCATAGCGCAGCGTGTCCGCCAGTTCGTATTGCAGCGTGAGGACTTTCGGGAACTTCGCGGCAGTGCCCTGATGGTGTTTTTCGAGATAGCCGGCGATAAGACCATCGTATCGCGACGTATGTTGGAACACTTTCATGGCGAGCTCGCGGCGAAGTGCGCGCGTGACCGTATTGTCTTTGACGGCCTGCATGACCCGCTGATAGTCGGCCGGATCCACCACGACGAGCACGTCCTCGTGATTCTTGGCCGCCGATCGCAACATCGAGGGACCGCCGATGTCGATGTTTTCGATCGCATCGTCGAAATGGCAGTTGGGTTTTGCAATGGTGGCTTCGAACGGATACAAATTGACGACCACGACGTCGATCGGACCGATATTGTGTTGTTTCATCTGTTCGGCATGAGCCGGAAGAGACCGGCGGCCGAGCAACCCTCCGTGGATCTTCGGATGGAGCGTCTTGACGCGCCCGTCGAGGATTTCCGGTGAGCCCGTGTACGCCGCCACGTCGGTAACCTGAATCCCGGCTTCGCGCAATGCCTTGGCCGTTCCTCCGGTGGAAAGGATTTCGGCGCCGAGGGCTTCCAAACCCTTGGCCATGTCGATGATGCCGGTTTTATCTGAAACACTGATCAGCGCCCGCTTGATGCTGGCCATGCTCTACTCCTTGGCGATTGTCCGATAGCGGTGGTTCGTAGTCGGGAAGGCGGTTGGAGAATAGCAAATGAAGTTCGTAACTTCAAGGCGACGAACGGACGGCTGCGCGCCGCCTACACAGGCATGCCGGCGGTTGTGACCACGCCGAATATGTGATTACAATCGGCACATGCCACGCTCGAATCCGGCCGGCGACCGGCGTCCCCTCCTCTATGTGTCCCGTCTGCTACCCGATGCGGTGATGCTCGCCATCCGACGCCGCTTTCACCTGGTGAACGAGCCGACCCCAGCCGCTCCATCGCGGGCCGAGCTGGCGGATAATCTCCAGCGCGCTGATGCCGCCATCGTCACATTGGCCGAAACGATCGACGCCGATTTGATCCGCAGCGTCCCCCACCTACGAATCCTGTCCAACTACGCCGTGGGATACAACAACATCGACCTCGTTGCAGCCGCTCGACAGGGCCTTGTTGTCACCAATACACCCGACGTATTGACCGACGCCACGGCCGATCTCACATGGGCCCTGCTGCTGTCGACGGTCCGCCG
NZ_AP022671.1_gap22	608229	611054	2825	CCTCGACGAGACGGCCCGCCTCCCGATAGGACTCGAACTGTTCATGCTTCGAATGGATAGTGGTATCGTCCCCGGATGCCGGGCTCTCGTGGAACCGGTCAGTCGCATCGTCCGGCGCGGCATTGGCAACAGAGAACTCCATGACCGGCCTGGCATCCGCCGAGCCGAGGTCACCGTCCGTCTGTGAGAGGCCAGGAGGATGATCGTCTATTGAACTCCTGGTCGCAGGCGTCCAGGAATCATCCGGGGCAGCCCCCGTGAGTGAAAATTCCTCCTCGGGTCGCTGCTCTTGAGGAAGAGTGAGCCCGTCCACCAAGACCGTCTCAACCGATTGTTCGGACGGGACAGCTTCGGTCGATTCTTGGGTTCCCGCCCTCATGAGGGCGGTCAGTTTCTTCACGACCGCGCTCTCGGGAGCCAGGGTTCTGATCTTCTCAAAGATCTCTTCGTGCAGGGACTCCATGCCCGGTTCCGGATTTTCGATGAGCACTTCCACGGCCTTTCCATAATGGATGACGGCCGTCTGCACGTCGCCCTGTTCTTCGTGGAGTTCGCCCTGCAGTTCCAGGAGCGGTACGGAGTTCGGCTCGATTGCCAGGAACTCCTTGATGAGCGCCTCGGCTTGGGTATACTCCTGCGCGCGCAGCGCGGCTCCAGCCAGAAACCGGTATTCTCCCAACGCGACCAAGAGCTGCCCCTGATTCAAATGCAGCCGGGCCAGCAGTTGGCATACCTGAGGATTGCCGGGCTCTTTCGACAGCAATTGATTGAGAATGGCTTCGGCGCCGGCATACTGCTTTTCTTCGATACGCCGGCTGGCTTCCGCCAAAAGATCGGTCGGCTCCAGACTTTTCCCGACTGCAGACGGCGCGCCCGCTTTCGATGTCCGGACGGGATCGCCACCCGACTTTTCAAAATGCTCGATGAACTGTCTGGCTTCGTTGTTTACGGGATCGATGCGCAGGACGGACTGGTAAGCCTCTTTGGCTTCCGTGAACCGCTGCTGGGCGGACCGTTCACGACCCAACTGCAAATACACCTTGGTGGCTTCATCCTGCATGTTTTCCTGCACGCAGAGTTCGGCCACCCGCTGCTGCGCGTCAAGGTTCGACGGATCCTGGCTGACGATCCTCCGATAGATATCGAGTGCTTCTTTGGTCTTGCGCTCCTTCAAATAATGCTTGCCCAGGGTCAGATAATCCTGGACCGCGCTGCTCAGCAGCCCGCGCTCCGCGTTGAGATCACCCAGATGGCGGTAGACCTCATACCGGGCAGGATCCAGCTTCAGCACTTTCTTAAAGGTCGCGATGGCCTTGAGCGTGGCGCCTTCGGCGCGGAAAGCATTGGCGGATTGGAGAAATGCGGCGACCGCTTCTCCTGTGGAGTTTCGCTTGAGGTGCAGTTCGCCGATGGAGTTGTAGATGCTTCCATCGGCGGGAGATTCCGCCGACAGCTTCTTCCACTCGTTGATGGCGGAGTCGAACTGACCTTTTGATGCAAACAGCTGGGCGCTGTGCAAAACCTTGCTGCGGTCGATGCCCAAGGCAGACCTCCCGTGACCATCAGACGCTAACAGCGGCGGGATTTTTTGTCAACGAAACGGGGATAATACGTGCACGCAGATTTGGAAATTTCCCGATGCGTCCGTTCCGGTCGACAACGACCGGTTTACGCGCGGAGCACTCCGCGTCTGTCACCCTAGGGTAACGCCAAGGAGACAGGTTCGGCGGGAACGATTTTGGTCGTGTCGATGACCAGTTCGTCTTTGTTGTTGGCCAGCAGCGTATCCCAAATGCTACTCTGCTGTTTGATGACCGCCTCTTCAGGTTTGAAAAGCAGGTCGAACCCTTTGGCCGCCGTCGGGCGCATCGGGTACCGCCGGTCGTAAATCATGCCGTAGGTCGGAATGCCGTAGACGAACTGCCAGTTGCCGAGGATGACATGGAGCTCTGCGTCCCGGGCGTACATCCCTCCCGTCGTAATCACGCGTTTCACGGATGTCTGCGGCTGGCTCAGATAAAACGTCACCCGTTCGTTATACTTCGCTTCCGCGAAGGCTTCCGTAATCTGAGGCGCCAGCAGCTCCACCTCCTCGGGTTTGAAAACCGGAACCAGCGGAGCTTCGCCTTGGAATTTCCGCTGGAGCCAAATGCGATGTTCCCGAACCGACATCCCGTTGAGAATCTGTTTCACGTACTCAACCGTGAAGGTCATCGGATGCGTATGATGGCCGGGAGGCCATTCCGGAAGCACGGAGTCGTCAATTTCCAGACGGACGAAATTGACGGGATCTTCGTAGACCGCGCGATACGGCGGCTGAGGAATGGCGCAGCCGATCATCGCCATGATGCAAAGCCCGGCGAGGAAGAGTCCACTCACGCAGCGCCGTGATTCCGAATCGTGCGTTGCCACAGGAATCCGTGTGGGATCACGCCTCACTCACCGTGACGGTCATTTCGATGCGCTCGAGCGGATTGTCCCGCCCGTCTCGCTTCATATTGACGATCTTGTCGGCCACGTCCATGCCGCTGACGACCTCCCCAAACGCCGTGTACTGCCAATCCAGAAAGTTCGCATCGGCGACACAGATGAAGAACTGGGAGCCGGCACTGTCCGGGTCGTTCGCGCGGGCCATGGAGACAATGCCCCGCTTGTGGGGCTTACTGTTGAATTCGGCCTTGATGCGATACCCCGGTCCGCCGATGCCGTGCGACGCCCGATCCGCGCTCTTGCTGTTTGGATCACCGCCCTGGATCATGAATCCGGGAATGACGCGATGGAATGTAGTGCCGTTATAAAATCCTTTGTTGGCCAAGTCCGTAAAA
NZ_AP022671.1_gap23	747360	749547	2187	TTCGCTCGATGAGTGAGTCGTGATTTTCGAACCGCTGCAACCGGCTGCCATTCCGGCGGCCAACACCGTCGTCAACAGCACGTCGCGCCTGAGCAACGCCGGCGACATCACGACGTCATTTCCAATCTCCGAAGTTTCTGATCAATCGGAGACCGATCGACTGGCTTTTCTCGGGATGGAATTGGCAGGCAACCACGTTCTCCCGCCAGATGCTGGAGGCGAAATCCGTCCCGTACGTTGTGGTGCTGGCCACGATCGATCGATCGGTAGGAGCGACGAAATACGAGTGAACAAAATACCATGCCGAGTGATCGGCGATTCCGGCGAATACCGGGCAGGGTCGTCGTACATCGACTTGGTTCCAACCCATGTGAGGAATCTTGAGGCCGGGATCCGCAGCGAAACGTTTGACGGAGCCGGGAAGAATCCCGAGGCCCTTGTGTCGCCCGAACTCCTCACTCTCCTCAAATAGGAGTTGCAACCCCAAACAGATTCCCAAAAATGGCTTTCCCGATCGAATGGCGGCGTGAATGGGCTCTATTAATTGGTGACGATCCAGGTTCTCCATGCAATCTCCGAACGCCCCCACCCCCGGTAATACGATGTGGCTGGCACTCGCAATGACCCCACGGTTTCGGGTGACAACGGCCGCATGGCCCGCCGTCTCGAACGCCTTGGAGACGCTGCGGAGATTTCCCATGCCATAATCGATGATCGCTATCATGGTCGAGTCGACGGCCTCATCAATAAAGCCCCAACCTCGTGAGAGAAACGGTCATCCCTAATCCAGACCGGTGTCCCGTAACATACCTTAACCGTCCCGACGCCCGCCACTCCTGTGGGTTAACTGTGGGCTGACTTGCCCAGGGGGAATATGTTAGGTTGCCGCTTAATGTAATTGATGAGGTTCATGACATGAAGCGCGCTGCCATTCTCGTCGGAGGTCTATCGGCCCTGACGCTCCTGGCGCTAGTGTGCGTGCCGCGGCATCTCCCCGTTCCCGCGCCGACCATCGCCAATCCAATCCCTGCCAGCTTTCACGCACGTTTGGAGCAGGGGACGCTGACGCTAAGAGGATCGATGCCCGATGCGTCGACGCGTGAACGTATTTTGAAAGAAGCCCGCGCTCGTTACGACGCCGGCAAAATCAAAATCGACGATCAGTTGGTTGTCGATCCACAAGTGGCGTCTGCTCCTTGGCTCGAGGCGCTGCCGGGGATTCTCCCGGTGTTGGGCATGATGAACACCGCCAGAGGATCAATCATCATCGACGGGCGGTCACTCGTCCTGAGCGGCCGCGTGGCGACGGAGCAGTCCAAGATCGCCTTACTCAGTTCCATCACACCCATGACTGCTGCCGGGCTCGAACTGGAAGACCACATTCTGTCATCCGGAGGACACACGACACCCTCGTTGCGGCGAGGCTCGTTGCAGCCAAAACTTGATGCCGTACTCGCGAAAGCACGAATCGAATTCGAGTCCAATAAGGCGGTCTTGAGCGCCAAAGGCATCGCCGCCCTGGATCAAATAGTCCCCTTGATCAGGGATTATCCTCAGGCCTCGATTGAAATCGGCGGGCACACCGATCCCTTTGGTGCACCGGCGTACAACGTGGACCTCAGCCACCGTCGCGCCGAAGCCGTCCGCCAATATTTTGTCAAGCATGGGCTCGGCAACAAATTCACGGCAGTGGGTTACGGCGCGTCCAAGCCGCGCTCGAAAGAGCAGACCCAGGCCGCGTTACAACGCAATCGGCGAATCGAATTGCATGTAACCGGAAACGGTGACCTATGATCGCGCTCGTGGGCCAGATCCTGACATGCCTCCTCGTGGCCGCGGGCATCGGCCTGATCATGGGATGGCTTCTTCGGCAGCTGTCGATCGATCAGCTCAGCCAGCACATCTATGACGTCACGGCGGCGTTGCGAGACAAAGAACACGCGCTGCATGACGCGCAGCTCGAACTGAAGGCCAATGAGACCTCCATCGAAGCGCTCGAGAGCGATCTTGAAGAAGCCCAAGCACTCGCGGCCTCGCAACAGCACGACCTCACATCATCTGCCGAACGCGTATTGAAGGTCCAATCGGACCTCGCACAAGCGAGTCAACGTGTCGCCGAATTGGAAGCCGAGCGGTCCGCCTCCCAACAAAGCGACGGTGAACGGCCCGATATCATGGCGGCATTTG
NZ_AP022671.1_gap24	831163	835788	4625	GCGATGGGATTTGAACCCACTTCGTCGCCGGATCGGCTCTGAAGCACGCCTCCCGGCTCCTGCGGAGGGGGCCAGCCCCCTCGCAGCCTCCCCTCGAAAGGGCTTACCCCTTTCGGAATCCCCTGTCGCGGGATTCAAATCTCATCAGAATCTTCACCAAATTGGAGCGGGCGATGGGATTTGAACCCACGACAACTAGCTTGGGAAGCTAGGACTCTACCACTGAGCTACGCCCGCTCGCGATGAAATTTCGAGCACTTATAGTTTCGGCTCCGGCCGCCACACCCTCAGGTGTTATTAGAGTGTTAGTTTTGTGATTATGAAGCTTCTTGGCCGCAGCATGCAAGTCGTCCGGCGTAATCGTGTTATACCGGCGATGCATGCGGTCTGACTTATGCCCCACGATCTTCGTGGCTGTTGCTGTATCGACCCCTGCACGTCTAAGGTTGGTGCTCGCGGTATGCCGGAAGTCATGAATTTTGAGATTCGTGATACCCGCTCGTCGGCACGCCGCGTTAAAAGCTGTTCCGATCCGCTTCACCTCTGCACCGTTATACAAGAACACCCTCTGAGTGTCCAGGCGCCGCTCCTTCCACAATTCCGTGAACACTTGATACACGGTGGGAGTCATCGGAACCAGGCGCACCTCTCCGTTCTTTGTCTCTCTTAACGTGAACTCCTTGCGGCGCATATCCACGTCTGCCCATTCAAGCCTTAACAACTCCCTTTTCGAGGACCCACCTCATACGCCACCGTCAGAAGCCTTCGCAGATGTGGCGCAAGTGTCGCCTTCAGCCGTTCCCATTCCTCAGGGCTCGCGATTCTGTCCCGTTCATTCTGCGGGTTCGGCTTTGGCACATGTGCAGCAGGATTGTCAGTCACTAGACGAAACTGAGGGCTCCTGGCCACGTTGAACATGTGGGTTAATGCCATGTGGTCGTGGTTAATGGTCTGAAGCTTAACAGCGTTACCGGCATCAGTCCGCTTCCATCGACACTTCTTGCAAGTCGCGGCATTGACCCACTTCTGACACTTGGGGCACCGTGTACGTGAATACTGGACACGTTGCGCCCGATAGGCGGTTACATCCTCCGGTGTGATAGCGCCTAGCGCCTTATCCGCAAAGAAATCGGGGAGATTTTTGACTGTTTCCAGCGCCAGATACTGCTTCCCCCCTGGCGAAACGTGATGGATTGAGATCGAGCTTTGCGAGGACTCGCGATTTGTCCACTCATCAGCTTCGTACGAAGGACAGCTTCGTGACGCTTCGCCTCAGTTCTGTTCAGAGATCCCACTTTCCAAAATTTCCGCCATTATGTCTGAGCGATTGTAGTCAGTGAAGAGGTACCTCCCTAGACCCCAAGGATTAAATTGCTTCTAAATCAACTTTGAATAAAAATCCGTTCTCATCAATTCTTTGAGTTTCTTCCAGCCCCAATCCGAGTCGCGCTTCCAAACGTAATATGCGGCTGGCAATGTGCCTCCAGATAAAATCACGTCTACACGTTGCATAAACCCATGGATTTCAAGTTCCTGTAACACCGCCGCCGCAAAATTTGCTGACCTGCTGCCACCTCCTGAAATAGCGATTCCGATGAAGGCTTAGGCTTTTCTGTTTCGGCAGATGCCAGCGAATTATCCGGTACTTCAATTGTAGAGGGGACAGAGGTGTCACGCAGGATAAAGTCATTAGTGCTGGCATTGGAGTTCAGAAACCGACAGCTGAGTATTCCGCACAAGAAAACAAGGATCATTGCCAGATTGCCAGTTCTTAATGATGGCTTAGTGATCGACAACTTGGATCGTGTGGAGTAATGCGAGCAACTCGCTTCTCCGGTGACAATTCGCCGTACCCACAGCTCCTTAACAGTCCGATTCCAAGGATGGTGTATGTACAAAAAGTGGATTTCAGATGATGCGGAGGAGGTAAGCTATGCATGAAGAACTTCTGACATCTTCAGTTGGTAGGAGATTAGCATGTAAACAACCTAAGTCCAATCATCAACGGCTGGGGTCATTTTAATGCAATGTTCTTAAGTGAAATCAATCACTGCCGGGCGGAATGTTGCTAAATCTCAATAAATTATGACGCATTTCGAACCAGATACGAACCAATGTAGTGTGCCCGATAATCCAATGATTGGAGCGGATTGACCTCAGTATGCGAATTCGCGGGTCTGGTGATATTAAGGGAAAGATATCTTACAAACCATAAAGGGTCTCCTCCGTTGATTCCATAAGACATAATTCTTGAATCAGTGCCACTGCTAGGGGCAGCCAAATATTGTTTGCCATTCATAAGGTCTAGTAACACCTCAATGCCGGTGTGATTCCGTGAGTCATTGGGTGACGGTAAAAATGCCGGTTCAGTCAGACCTTTGGTTATCCCTGCGTGGCCGTAGAGTACTCCAATGTCGCCACCAATTGCGTAACGGAACCCGTGGGTTGTCGTAAACCCTCCGAACCCCGCCAGGACCTCGTTAGCCGATCGATTTGCCGTTGCGGTCAGATTCAGCCACTCCAGATTGGTATCAGTGTCCAACGTGAGTAGTTGGTCTCCAGTCCCAGGATTAAGATCCTTCTGAATAAGTGACATGGAATATCCTCCATAGTGAAAAGCGCTTCAGAGCGGGTCAAGTAATGCACCTGCCAGGTTATTCATTTGCTGGACCGCAAAAAGGCTTATTTGAGATACCCGTATATGTGTAGTCGTTCCGTCCATGGCCCGCCTGACAACGGACACGTCCCCAAATTGGTTGTGCATATGCTCGCACCATTAAATGCTGACGAAGCATCGGTGTTGTGATTATTCTGCTTCCTCCCTCCAATGCTTTGTTCAGGCCATTTGTCAGACCATCCGAGAGCCCAGCTGCTAGGCCTCTACTAAGGGTCTGTCAAAACTCATCGCCCCTGTCACAGCACGACTTTTCCACCTCATCTTTGTCGTAACCTTGCTTGTCTAGCTCAATGCGCCGTTCAATAGTACAGCCGCTCCAGGCATCCGAGTCGACAAGCACCAAGCCGGGACGATCAGGCTACACAATGTGATAACAGCCATAGCATGTTTCATCGTAACCTCCTTCAGAGTGGTGATTGAACTTTCACGTTCAATCCCTACGGCCAGAGATTCTTCAACATTACGAGTGCAGATCCCGCGCCCAATCGCACTGTGAGGACGAGCACTGAATCGAAGAAGCTTCTCATGGTTTTATTCCGTTTGTGTCCTGGTAAGACTCCATAATCTGCAACTGCTGGACCAGTGGCGTACAAAACATGTTTCAAAATTTGAAAGAAGCTATATCAACGGTTTCAATGGTGAAGGTCGAGTAGGAATGTACGAGACACCGCCATGGTTGTTGAAGGTGGCCCGTAACCTGCTGGGATCACAATCGATACACCCGATACAAATAGATACGCCGGAGCAGGTCGCTTAAATTGCACTGATTAGGTTAATAGTCGGTACTTCTAACCAGACTTCAGAGCAAGCACTTCTGTTTTTAACTGTTTTTGTCCTCGTGACGCATTTCGATATAGGACCGTTCGATTGGAGGCATCAGCGTCTGCCCTTGAGAGTAGGTATTGTACAGTGTTAGAAGACCAACAAGTCGGAGTGGCCGCCCGTCACTGCTTATTATGGAGATCAAAACTGGCTATAAAGAGGTTATCCAAAACGCACGCGTCTCATGAATGGATTCCAGATCGGTGTAGTTCAACCTCGTCCATGGTTAAACCATCCGATTGAACCGGACTATGAAGCCGTCTCTTTTGTAATTCCGTCCATTGCGTTTCCCTGGTTCCCATTCGCCTTTGGGTTCCCATTTAATAGTTTGCAGATACGACCAAGTGGAGCTGGGAATGGCTCATCCGACTACATTCTTTTCGCCAATATGTGGCTCCACTATCCGCAGACATGATCACAGCAGGTGTCCGAGCATTTCCAAATTGCATAAACGATCAACACCGTGGCTTGCCATGAGCTCTTCATAGGTGCTCCATATAGTCTCACACTGCACATTCTTTAAGGTGACCTATACCATTTAAGACATGGGCAGCCACAAGGGTGCCCGTGGCGTGCACCCAACGTCTGGTCGTGGTCCGAGGTGCAAAACGAGGTGTCGATCAGGTGTTATTACAGTGTTAGGAAGTACACTAAAGTGTGGTGAATTGCAGTTACTGGATGCTACTAGAAACGAAGGAGTAAAACGCAGAATCCTCACTAACGACAAGGGATTGCCTACGCCATCAAAGGCTTAAGCAATCCCCCTAGGTAAGATTGGGAAGCTAGGACTCTACGAGTCCTACGCCGGCCTTTGACTCAAGTCAAGGAAGCGAGGGCACTAGGGCGCCAATTGTACAAGCGCAAACTTCCGTCGTCCGACTTTCAGCTGATACGATCGCCCGGCTGCCAATGCAATGAGCATGTTGGCATCGGTCTGTTTTTGGCCGTCGACTTCCAGTCCACCCTGAATGATCAGCCGCCGGGCTTCGCTCTTACTGGGAACCAGTCCGGTCCTCGCGACCAGATCTGCCAGTCCGATGGATCCGTCGGGTTTGACATCCGCCGGATGTAAGATGACGGTGGCATCCGGCTCACTGGGAAATTCACGCTCCCGGAATTTCTGTTG
NZ_AP022671.1_gap25	837457	839801	2344	AGCATGCAAGTCGCTTAGTGCTTTTGCCCGGCGAGGAACACCTCATACTGCGCGGGGGTCATCAATGCGTCGATTTCACCGTCGTTGGAAAGGTCGATCACAACCATCCAGCCATTGCCGTAAGGATCTGAATTCACGGCTTCCGGATGGTCTTTGAGGCCCGCATTGACCTGAGTGATGGTTCCACTCACCGGAGTGTAGATCGTGGATGTGGTCTTGGTGGATTCCACTTCGCCGATCTGCTGTCCGGCTTTCACGACGGTACCGGATTTCGGCATGTCGATGAACACGATGTCTCCGAGCGCATCCTGCGCAAAATGGCTAATCCCGATCGTGGCCTGCTTGCCATTGACACGAACCCATTCATGTTCCTTATGATATCGAAGATCTGCTGGAATCATAGACTCCTCACCTGTCTGTTCAGAATCTCCTAGCGGACAACATCCATTTCAGGGAAGAAATAGGCGATCTCCTGCTTTGCCGTTTCCGGCGAATCGGAGCCGTGCACCGCATTGAATTCGATGTTCGCCCCGTGTGCGGCCCGGATGGTTCCCTTATCGGCCTTCGCGGGATCCGTGGCTCCCATCAGGTCACGATTCTTCTTGATGGCATTGTCTCCGCTGAGGATCAACACCACAACCGGCCCGGACGACATGAAGGTGCAGAGGCTGTCGAAAAACGGCCTGCTCTTGTGCACGGCGTAGAACCCCTCCGCCGTCTGCTTGGCCATCACCATCATCCGCATGGCGACAGGACGAAGCCCCGCTTGTTCGTATCGGTGAATAATGTCGCCGATGACGTGCTTCTTGACCGCGTCCGGCTTGATGATCGCTAATGTTCGCTCACTCATTGCTTCAAATCTTCCTCCAATTGGATTTGCAGAATATAAAAATCGCGATGTGCATTATAGGGACGGGCTGTCGGAGATTCAAGGCGCAGGAACCGCTATCGGGCGAAATGTCTCGACAATTCAGACGGCTTGAAGATGCCCCGTTCGGTAATGATGCCTACGATATTGGCGGCCGGCGTGACATCGAATGCCGGGTTATAGACCTTCACCCCCTGTGGGGCCACCGGATGACTGCCATGGATTGAGGTGACTTCCAAAGGATTTCGTTGTTCGATTGTGATGTCTTCGCCTGAAGCGGTCTTCAGGTCGATCGTGGAATAGGGCGCTGCAACATAAAAAGGAATGCCATGGGCCTTCGCCAGCACGGAAACGGAATATGTTCCGATCTTGTTCGCCACGTCTCCGTTCGCCGCAATGCGGTCCGCACCAACTACGCAGAGATCAATCCTCCCCTGGCGCATCATGGCTCCGGCCATATTATCGGTGATCAACGTCACGGGAATGTTGTCCTGCATCAATTCCCAAGCCGTCAGTCTGGCGCCTTGAAGGACAGGCCGGGTCTCGTCCGCTATGACTTCAATGCGCTTTCCCTGCTCCCAGGCTGCGCGGATGACGCCGAGCGCCGTGCCATATCCCGCTGTTGCCAGCGCTCCCGCATTGCAGTGGGTCAGCACGGTCTGTCCATCCTTGATCAATTGGGCGCCATGTCGCCCCATCGCCTTACACAACTCGATATCCTCATCCAAGATGGACTGGGACTCCTGGAACAATGCGCTCTTGATATCCGGGATGTTCATGGCACGGCATTCGGAGAGCTTTCGCTTCATACGCTCGATCGCCCAGAACAAATTGACAGCGGTCGGTCTTGTGGCGGCCAAACGATCGCAGATCGAATTCACCTCCCGCGCGAATGTCTCGTACTGTTCGGCGCCGCTCGTTCCTGCCCCTAAGGCAACTCCCATGGCCGCCGTCACCCCGATGGCCGGAGCTCCCCGAACTTTTAGTTCGCGGATCGCACTGACCACGGCATCCACAGTGGAGCATTGGAGAAACTCAACATGCTCGGGTAAGCGACTCTGATCAAGCAGGCGGATGACACCTTGTTGCCATTCGACGGTGTGCACCATGGGCTCTTGTAACCAGAATGCACCGGGAGTGCAAGAGGGAATTGGCTGCCGAGAGAGCTTTCAGCAAGCCAGGCTAAAGCGCTTCATCCTAAGGTAGGAGACAGGGTGCCAGGTGACGTCAGCGTACATTGACTTTCTTATCGACGAACTGAAGCAGCGGGGCAGGCTTGGGTTCCGACGGTCCGAGTTCTCGTTCCAGCATGGCACGGATAAAGCCACTGGTGGTGTAGCCCTGCTGTTTGAGGGCATCCAGCTTCTGTTTCAGTTCTTCCGGCAATTGAATGACGATGCGGACCAATTTCGCCATGGCAGAACTCCTTCTTCAACAGGCAACGACGAAGCAAATCAGCGGCGTGAGTTGCACACG
NZ_AP022671.1_gap26	863853	866705	2852	TGAACCAGCGCTGGTTGGGCGGCATGCTCACCAATTTCCAGACCATCCGCCGCAGCATCGACAAGATGAAAAAGATCGAAGGTATGCTCGCAGATCCCGCGCAGCATGGCCTGACGAAGAAAGAAATCTCGCAGAAGCAGAAAGAACTCGTGAAACTGCAGAAGTTCCTGACCGGCATCAAGAACATGCGCGGGCTACCGGGAGCGGTCTTCATTCTGGACACCAGAATTGAACGCATCGCCGTGCAGGAAGCCACTCGTCTGGAAATCCCCGTCATCGCGATTATCGACAGCAATTGCGATCCCGATCACATCACGTATCCGATTCCGGGCAATGACGATGCGATCCGCTCGATCAGGCTGATCACCTCCAAGATCGCCGAGGCCTGCATTGAAGGAGCGCATTTACGGACCCAGCGCGAAGAAGCGGAATTCCAATCGCCGGCCACCAGCGACGTGCGAGTTGGGACTCCAAGTTTAGCGGGCGCTCCCGCGTCCTAAATCGACATCCCGCGGATCGATCTTTCACCGTTATAAAGAAAAGGACTGTTAGGTATGGCTGGATCAAGTCAGCTTGTTAAAGAACTCAGGGAAAAAACAGGCGCGGGAATTCTCGACTGTCAGAAAGCGCTCCAGGAAAACGGGGATGACGTCGAAAAAGCGATCGACTATCTGCGTCAAAAGGGATTGGCCGCGGCCCAAAAAAAAGCCGGTCGCGAAACCAATCAAGGTTTGATCCATGCCTACATTCACATGGGCGGCAAGATCGGCGTCCTGATCGAGGTCAACTGCGAAACCGATTTCGTGGCCCGCAACGAGGAATTCAAAGGATTCGTCAACGACCTGGCACTCCAGGTCGCCGCGGCGAAACCGCAATACGTCAGACGGGAAGACGTTCCGGCCGCGACCGTCGAAAAGGAACGATCGATTTTCGAGGGACAGGCCAAAGAAATGGGAAAACCGCCGGCCGCATGGCCGAAAATTATCGAAGGCAAACTCGAGAAGTTCTATCAGGAGAGTTGTTTGCTGGAACAGGCCTTCATCAAGGACCCTGCCGTCACGGTGAAAGAGCTTCTCTCTCAGAAAATTGCGAAAATCGGCGAGAACATGAACATTCGTCGGTTTACCCGCTATCAACTGGGCGAAGCATGAGTTCTGCCACCTACCGCCGCATCCTCCTCAAAGTCAGCGGAGAGATGTTGGCTGGTGAGCAGGGATACGGCATCCAGCCTTCGGTTCTGGAAGGACTCGCATCGGAAATCGCTTCCGTCGTTGCACTCGACATCGAAGTCGCCGTGGTCATCGGCGGAGGAAACATCTTTCGCGGAATCGCCGCCAGCGCGACTGGGATGGAACGCGCCTCGGCGGACTACATGGGCATGCTCGCCACCGTGCTCAACGCGCTCGCGCTTCAAAACGCACTGGAACGCGCCGGTGTGATGACACGCGTGCAATCGGCGATCGAAATGCGCCAACTGGCGGAGGGGTATATCCGGCGACGCGCGATCCGGCATCTCGAAAAAAAGCGTGTCGTCATTTTCGCGGGGGGCACCGGAAACCCGTATTTCTCGACCGACACCGCGGCTTCGCTTCGGGCCATGGAGATCGGTGCGCAAGTGATCATGAAAGGCACCAAGGTCGACGGCATCTATGACGCCGACCCGGTCAAGAATCCGTCCGCAAAAAAATACCGCGAGATCTCCTTTCTCGCGATCCTTAATCAGAATCTCAAGGTGATGGACGCCACGGCCATCAGTCTCTGCATGGACAACAACCTGCCCTTGATCGTGTTCAATCTCAAGGAACAGGGCAACTTCAAACGCGTCGCCACCGGCGAATCCATTGGCACGCTGGTCACCGCCGGACCGCGCTAACCATTCTCGGAGCCGCTATGCCTAACGCCGCTGCAATTCGCCAGACCATCACAGGGAAAATGGAATCGGCGCTCGAACACCTCAAGCGCGATCTCGCTGGACTGCGAACCGGCCGAGCGTCCATCGCTCTCCTGGATAATGTGCGCGTCGACTACTATGGAACAATGACGCCGCTTCGCCAGGTTGCCAACCTCTCCACTCCTGAAGCGCGTCTGATCACGATTACGCCTTGGGAACCGCAACTGATCAAGGAAGTCGAGAAAGCCCTGGCGACTTCAGGTCTGGGTGTCACACCCTCGAACGACGGGAAAATGATCCGTGTCCCATTGCCTCCATTGACCGAGGAGCGGCGCAAGGAACTGACCAAGATCTGCAAGAAACACGGCGAAGATACGAAAGTACACGTCAGAGGATTTCGTCGCGATGCCAACGAAGAGTTGAAGAAACTTCAAAAAGATGCCAAATTGACCGAGGATGAACTTCGGAAGTCCGAGACCGAGATTCAGAAGCTGACCGACCAATACACACAGAAAATCGACGATGTCATCAAGAAGAAAGAGCAGGAGATTCTTGAGGTATGACCTCCCTGCTGATTTCAACCAGTTGGCAGAGTGACTACGACATCGACCGTGCCCACGACTTACGCCCACGTTGATTTTTCGGCCCTCTCCCACAATCTTTCACTCATCTCCGGTATGATTCCCAATTCCTGCGGCATTCTCGCCGTCGTCAAGGCCAATGCCTATGGCCATGGCGCCGTAGAGACCGCACGTGCGCTCATCAATCAAGGCGTGTCCCGCCTCGCCGTGGTCTCCGTGGCGGAAGGGCTGACCCTGAGGGATAGCGGCATCACCGGGCAGATCGTGGTGCTCGGTCCAATCTTGGAAGCGCAAATTCCCGACCTGCTCGCCCGCGAACTCACCCCGGTGATCAGCGACCTGCGCACGTGTTCCGCCATAGCCCGTGCTGCCGCCGCCCT
NZ_AP022671.1_gap27	879853	884016	4163	TCTTCTCGTCCGAGCCGACAGTCGTAATCACGCGCGCGCCCGCGAGATGTGCCATCTGCACGGCAACACTGCCCACTCCGCTTCCGGCCCCCATGATCAGCACGGTCTCCCCGTGCTCGAGCTGTGCCTGGGCAAACAGCATATGCGCTGCCGTGACCGACACGAGCGGAAAAGACGCAGCCTCCTCGAACGACAGGTTGGAAGGGATCGGCAGCACATTGCGAAACGGCACTTTGACATACTCGGCGTAACCCCCGTAGGTCATCGCGCCGATGAGAGCATACGAACGGCAAAAGTTATCACGCCCTGCCAGGCATTCGTTGCATCGCCAACAGCTTATACCGGGCGACACCAAGACGCGGTCCCCCACGGCCACGTTATCCACCTGCCCGCCCACGGCCTCCACAATTCCGGCGATGTCGGAGCCTGGCACATGCGGGAGCGGCATCGGATAGGCGGGATTCCCCTGCCTGATCCAAATGTCCAAATGGTTCAGCGCACAGGCTTTCACCCGAACCAGCACGTCCTGCATTCCAATTTCCGGCTTCGGAAGATCTTCGTAACTGAGCTTCTCGGGCCCGCCATGCTCACGAAACAAGACAGCCTTCATATTGTCACCCTTTAAATGCGTCTAGATGAAAGACGATTCATCTCTTCACGCCATGTCTTCTCTGTGATTTACTCTGCCCTCCATTACCCGTTGAGCGTTCAGCATTATCGAGGGCCGGCATGTCTGGCCCCATCGTCCGGAGGATCAAGGTATCCTTCGAGGCTCTGCCGTCATCTCATCCTCTCTTCAAAGTTCTGCAGAACGGGTAGCGTCGATCAGGACCCATCTCACTCACCCACCCACCCACGCTGTTCCGCGCCAGGACGCGGAACCTACCCATCTCACCCACCCCACCCTGTTCCGCGCCAGGACGCGGAACCTACCCATCTCACCCACCCCACCCTGTTCCGCGCCAGGACGCGGAACCTACCCATCTCACCCACCCCACCCTGTTCCGCGCCAGGACGCGGAACCTACCCAACCGCCCGCAACGAGGCTCCCCGCACCGAGCGAGGGTGAGACGCACGCGACTTGTGCCGAGGCTCGGGCACCGTACCGCTGAAACGCTTTCCCCCATTCAAACAGGATGATCAAAACGTCATGTAACAAGGCCGCAGGAAGCGAAAACTCTGAGGCGTACTCTTTGCCGTACGTCGAGGGGTTGCAGCGACCGAGAACGAAGTTAGATGGCGTTTTCATCATCCTCCTAAAACGACAACGTCCCTTCAACCACCATCACCACCTCTCCCCCCACCTTCACCGTCTGAATCGCATCGTCATCGGAAAGTACTTGCACATAGATCTGCGACGGCCGTTCCATCTCATAGCCCTGCTCGATCGTGATCTCCGTGATCGGCCCCACTTCGACGACGCCGTTTTGAACGAGATAGGCGCCGATCGCCCCGCTCGCGCTGCCGGTTGCCGGATCTTCGGGGATGCCGATTGAGGGTGCAAACATTCTGGTGTGGATGGTCGCGGACGGCTCTACCGTCACGGTTGTGAACACCATGATGCCGTTGGCCCCATACCGGCGGCAAACTTCCACGATCGCGGCCGGATCCGGCCGGATCGACCGGACGGCCGTCAGCGTGCGCACGGGCACGATCAGCACAGGCAGCCCGGTGGATACGACTTCGAGCGGCCACTTGGCATCCGAGATCACGTGTTTGGACAGTCCCAGCGCGCTGGCGACTTTGTAGAGATCCTCCGCGTCTTCAATAGTTCCGAGGAACTGAGGTTCAGGCTGAGTCATCACCACACGCGACAGTTTGCCATCCTGCTGATGCAGTTCGACCGGGAATAGCCCGATGTTGCATTCCTGTACGACGCGCGTGACGGGCTCGGGGGCGGCAATCAGGCCGAGCTGGTTCAGGATGTGAAACGTACCGATCACCGGATGGCCGGCGAACGGAATCTCTTGCGTCGGGGTAAAGATCCTGAGCTTGACGATGGCGGCCGGATCCGTCGGCGGAAAGACGAACACCGTCTCGGAAAGATTCATCTCGCGGGCAATCTGCTGCAACTCATCGTCGGTCAACCCTCCGGATTCGGGAAATACCGCGACCGGATTGCCGCCAAACGGCTGCGTTGTGAAGACATCGGCCTGATAAAATTTCAGCGATCGACGTTCAGTTTCCATATGAGCGGCACTCTAGGTTAGAAGGAATAGGCCTGTCAAACAGCTGATACCCAAACGTAGACTCATCACGTTTATCCTGATGATAATCGGCCCGAACTGCCTGGTTGCCCAAGATCACTGCGTCCTTTCCATTCAACGGCTTGTTCACGCGGCCGATCATAGCATGCAGGGCCGTCCGTTGCGCCTTTTACTCATGGGTTGCCCCTAGGCCCTTTCCCTCGGGTTGACTTGGCTTTTCTCAAAATTTATCCTCTCGGGCTTATATATCCAACGCGTGTGGGACGCGTATGGCCCGCCAACTCGATTTGAGCGTTCGGCCTATCTTTTCGACACCGCTTCTGGTGTTCGCAGTCCCCGACTGTGCCTGCATCAACCAGGAACTCAAGCAAGCCGTCCTCGATCACGAATCCACGCAGCTGACCTATGCCGACCGCGAAGTCATCGGCTGGTCGTCACCGCACGACATGTCCATGATGGAATGGGCCGGCAAACCGCTCAAGCAGTTGTTCGACGCCGTCACGCAGGTCGCGGAATTGGCGACCGAGTTCTCCGGCCGCACCGGGAGAACGGCACAACATCCGCACTGGCAGGTCGTCGAAATCTGGTCCAATGTGCAGCGCAACGGCGGCACCAATGGATACCATGCGCATCCCGGATCGTACTGGTCGGGCGTCTACTACGTCGATGTCGGTGATATCACCGACATGGAGGACAAGGGAGGTGAACTGCAGCTCTTCGATCCACGCGGCTGCCTGCCCCGCATGCTGGCCCCGTACCTGCGCTACTCCCTTCCCGAACTTCACGATGCCGGCAATACGATCTCCTTCACGCCGGCCACCGGACAATGCGTCATGTTCCCAGGCTGGCAGCACCACGCCGTCGCACCCTACAAAGGCGTGGCTCCCCGCATCAGCGTGGCCTTCAATCTCGAACCGATCCTGAATAAGTAAGCAACCCGCCACAGTTTGACGCATCGACAATTTTGACAACCTTGGCCTATCACGCGCAAAGCTCAAAAATTTATGGTTGAATGAACCGGATCAATCCGTCCAGCTCTCTGTAAACGACGGTCCTACGTGACACCAGCTCAAGACAGACGACGATCAGAAGTAGAACAGTATTGTCAGAAGTGGGCCCTATCTTTGCCCTTTCAACTGGCCAGCACTCACACCAGTTACATCTATAGAGTGACTTACCTGGAGCAGCCGGCGATTCTCAAGATCCTGACTACTAAGGGACGAAAGTTTGAGGCGAATGGCTCGAGTGCACTGAAATGCTTTCATGGACACGGAGCCGTCAAACTGATCGATTTTGATGTGGGAGCCATGTTGTTGGAATATCTCGACGGAGGCGAATTGTCGAACCTTGTAAAGCAAGGGCTGGATTCTCGTGCCGCACGCATCATCTGTGATGTCTTGGACGATCTCCATCGCTATGCAGGCGAGATTCCCTCGGGAATACAAGATTTGCAACACGAATTCGAATCGTTATTCGCGCGGGCCAGAGGCGAAAAGACGGATTCCGTCTTCCGGAACACAGCGGCGGTGGCGGAGAGACTAATCTCGACAGAATCGAATAAGAGGCTCCTGCACGGCGACATTCATCATGGCAATATCTTGAAGAGTGCATCGCGCGGATGGGTCGCGATCGATCCTCAGGGTCTATTCGGCGAAAGGACCTATGACGTGGCAAACTCATTTTTCAATCCGGACGAAGTCCCTCATGTAGTGGCAACGAGAGAAAGGATCGACTCGCTTGCCACAATCTTTTCCGAACGCCTAGAGGTCGATAAGTCGAGAGTCCTCCAGTTTGCCTATGCCCATGGCGGCCTCAGCGCTTCATGGCACCTTGACGACGGTGAAAATCCACAGTGGCGCTTGAGAATGACTTCCCTCATCGAGACACTTCTGTAAGACATCACATCCAAAGCCCCTCCAATCAGTAGGCGCGAATTGGTGATCGTCCAGTGTCCCG
NZ_AP022671.1_gap28	886010	887852	1842	TATACAGGAATACATGCTCGCGCGCGTTCACACGCACGGCCCAGGGCTGGAAATCGTTCCTGTAGAATTCTTCGCACAGCTGCATCGCATCCAGGCATGAAATCCCGACCGGCTCATTCAGCGTGTAGTAGTAGTCCAGCGGCAGGTCGTACTCTTCCTGCTTGTGGATCGTAATGCCGAACTTGTCCGGATTTCGTACCATCGGTGTGTGCCGGTACGCCACGAAGTAGAACAGCTCCACCGAATGGATCACCGGCTGGTTGTCGATGACGAACTGCCTGGTTTCAAGCGCCTCATCCCGCGTCTCGCCGGGGAACCCATAAAAGGCCATCACGTGATTCCAGATCCCCGCCTTCGCAGCTTGATGGAGATTATTCCGGATCACGCTCTTCTTGGCATGCTTGTCCATGAGATTCAGCACACGCTCGTTCGCCGACTCCATGCCGTAATAGAGCGTGCAGCACCCGGCCTTCGCGGCAAGGTCCCACACGGCTTGATCTTGTAGCGTCTCTTCGAACCGGATCAGCGTCGTCCATTTGATACCGACGTTCTGGTCCACGAGCATCTGCGAGACCCTCTTGAAGAGCGCCGGCGGATAGGACTCGTCGGCAAAGAGAAAGTGCCGGCACTGATACTTGTCGCGCAGCGCCTTTACCTGCTCGACGACCAACTGCGCTGTCATGCCGCGGTATTGATCGAAGTAGCCCTGCCCGTGATCGCAAAATGTACAACGTCCCCAGTAGCACCCGCGCGTTGCAAGATAGGGAATGATCCTCTCGGGCACGAAGTAATGATCGAGCGGGAAGCCGTCGAAGTCGGGAAGCGGTAGAGCCGTCGTCTTCTCTGTATAGACCTCTTTGTTCTGCTGAATGCCTTCGACCGTGTGATACATCAGGTTGGGCACCGAGGCGAGATCCCGCTGGCCGTTCAACGCTTCGATCAACCAGAGCAATGCATGTTCACCCTCATAAAGAATAGCAGAATCAAATACTTCCCCAAAAAACCTCTCGTGGTTAGGCAACTCTTCTTGTAGTCTGGTGATCACATTGCCGCCGACCACGATGTGCACATGCGGAAAGGTCTCCTTGATCATCTTGCAGAACGTAAATCCCGCGATGAGCTGCATCTGCGTGCCGATCGAGATGCCGACCACGCTCGGCTTCTCCTTGCTCACCGACGGCAGCACAAGCTGATTGCAGATGTCGCGGTATACATTCACTTGTTCATCGCCGAGACATGCAAAAAGTTCCTTCGAGACGCCGGGCCTGTAGCCAAGATTGCTTTCCATCGGATAGAACACGAGCGAAGCCGGATAATAGGCGGCTGAAATGAACTGCATCGTTTCACGGAAAGCATTCAGCGCAGCTTCAAGTTTATCCGCTTCATAAAAGTGCTGTCCCCGCACGACACTCTTGGCATCTTCAGCGCGAGCCGCAAGGTCGAAGACATCAAGCGTCATGACCTGCTCCAATATAGCCAGCTGACCGCCTTCCTGCTCTGTCAGCTCCCCCCGTTTCTCCTTCATCTGGAGCGCCTTCAAATGCATCGCCTGGCGTGCTCGCACCCAGATAAGGAACTCGGTCGTAAAGAAGTGATCGTACATCTCGATGTTGATGTCTCGTTGGATGACGGTATGGCCCGCAGCTCGAAGCACGGCGGTCAGTGACGGCAGCGCGAGATAGGGCGCGGTCGGCACCCATTCGGGTGGGAATAACAGCATGACCTTGGAGGTCTTGCGGTCTTCCTTCTTGATGGGGGTCAAGCCGTCGATTTGTACGAGTCCGCTCATGATGTGCAATCTAAACTTTGTCTTCCAAGATGTTCAAAACCGCTTTCCAACAA
NZ_AP022671.1_gap29	890064	894958	4894	GGGCGCCCAGACAAACGTCACCCAAAATGGGCAGACTGGCTGAAACCGACTTGGCTGGAACAGCCAGTCCGACAGTGGTCTTCTCCCCGTATCAATAATCTTGAGGAGAGCGAAAAAGATCGCTGTCACCTGCCTAGCAGGCCGCACGAGTTCCACAACAGCAGAAACACAAGACCCAAGGGCGCTCAGGTAGCCAGCTCTTCCCCGCTACACACAACGCACACGGGAGAGGGAGGACGAAGAGCGGGATGCACTCCACCCGGTTTGAGGCCCCCCGCTGCATGCGTGAGAGTGCCCAGGCGATTGCCACCCGAAAACCGCATACAACTAGCTTCCCTTTGTAGCCTTTAAGCTCCCGGTCTAACCATTGACAGCTCAAAGCAAATTCAAGAGGATTGCCAACCTGAGCGCAAGAGAACAGAACGAGCGGAAATTCGAATGTTGGGAAGACCTGCCTGACGGACAAAGGCGGTATTGGCTCGATGTCTCAAGTCGATTTGGCTGGAAAGTTCGATATGTCAAAGAGGTGAATGCAAAAGAAGTGACGGTCCGATTTTATCAGGAAGTGTATAACGAAATCGGACAATTGGTTGAGGTCCATCATAAGTATCCGGTAGGCTTGAGGCATCGAAAGGTATAGCCGTCATGTCAATCGTAACCCGTGAGTCAGTTGCAGAAAAGCTTGGAGCTTACCTGCGTCACGACTTGTCGTTGGCCGCTCTTGTCGATTGGGCGGAATTGGCACTGATGGAGGAAGACTTTGACCCGGCTCAGATGACGACCATTCGCAATGCCATTGCCAGAATCGGCACCGCAGATGTTCGGACATTTGGGCTTGCCTGGGAAGACTGCGAGCAACTCCTCGCCCAACTCGGTTACTCCGCTCAGATTAATATCGTCGCCCGCTGACAGTCTCTTTATTCCCTCTTTGCCGTAAAATAAATCAGAAGAGAACAGTGCTTCCTCGGTCAGCTCCAGCTTTCCTTCCCGGCCAAGCCTCGGAAGATACCTCGCTCCTCCGGTAATGCTGGTTCAATCCGAGGGCAGCCCCTCTAGGAAATGAAGGGGAAGCGAAAATGGTGAAAACACAAAACCAATGATCCCTCAGGCAACGAAGGCTTACTCGCATGTACAGGACGTGAGAAGAAACAGCCTGCTTACCCCTTCAATAATTTGGGAGAATGAGAGACATGGAATGGTAAACAACAGCGACAATGGCCGCGAAAGTAGCCGTGACTCACGCACGATCGGAAAACGATCCTACGACAGTTTGGGTGCGGTATCACGCTCCGTGTGCCACAGAGCAAGGATCTCGACCGTCGTAGGTTCGGACACCATACGGTAGTAAAGATAGTACTGGACACGAGGAAGGTGAATGCGACGGACACCGGCGAGTTTGATATTTCGAGTCTGCGCTACGAACGCTGGTTGGGAGGCAAGGAGTTGATATGCGCGCTCAAGCTCCACAGCGAATGCATCGGGAGCTTTGGGACGATTAGCGGTCCACCATTCGGCAGCTTCGAGAATGGCGCGGGCAGCGCTCGCGACGATCCGGACTGGAAACGGACCGCTCACGATCGGCGGATCTGCTTTAGGAGCTGAGACGTGCTGGTCGTCTCGCCTCGGCAATTGCAGCAATCAGCTTGATCTCTTCTTCAGGATCGAGCGCGAAGGTTTCATCGCCCTCTGGAGCAAGCACCGTCACAACAGTACCCTCTGGAAAACTTTCGGCATCGACCTTGATCGTGCCTCCGACAACCTTTCCTGTTGTAATCAGCATAAAGGCGATCCTAGCACTTCACCGGCGACCCGTCTATCCTTCCAGCCGCGGGACTCGAATGGGGCTTCGATGGAACTGGATCAGCTCTTTGGAGGCCCAGTCACCTTTCGAATACTCGATGCGCATACCGGTATAAAATCTCCCCCTCGACCTGGGAATAAAGACGAGAATACGCTAGAAAACCAAATGGTTAGCCCAGGAAACAGATATTGTAGGGGGGATTGGAGAAGCAAGTGAGGCTGAATTGGGAGGCCCCGCTGCTTTCGCTAGACCCTGGTCTTGTTGGCCGCCGTTTCGCCTCGTGTTCGCTTGGCCCATAAACTCGGTCCTTTCGAAACACGCTTGAACGGACCATCAAACATATGTGCCACTCGCTACGCGGGTCGCTCCACTTCGTTAACGGCGGAAACCCAAGGCCAAACGGCCGCAAAAGTAGCGGGGGGCTCCACCCCATCAATCAAGGAAGGGAAAAACAAGGCCTCGCTCCTCCGGTAATGCTGGGCCAATCCCCCTCACGGAGACATACGGCCCAATGCCGCGAATATAACAGGACCTCTCTCATCATCGAGAGAAAGGAAGTCAGCAATTGATTTCTTATAGGTGATTTAGTTATGAGAGTTGAGAATCTGACACGTTGGAGGAGCGGATTAAGTGCCACCAAAGAATGAGTCTGAGTCATTGCTTCCTGACTGCAAAATCAAGATAATTGGCCAATTCTTCAGCTAATAGAAACCCCTAACCACTGTCATGGGTGATTTTTTAAAAGCTGCCTATCAAGTGCTCTCTGTACACGGAAAACCACTTTCCGCACGTGAGATTGTTTCAATCGCGAGAGATAGGCATCAACTCGATACACGTGGAAACACACCTTGGCAGACAATGAAATCCAAGCTGTCGACCGACATCTTGAAAAAGCAATCGAAGTCGTTGTTTATGCGTTCGGCAGCAGGAAAATTCGCTCTGCGTGAATGGGAGACACAAATACGTGAACACGTGGCTCCTAGGTATACAAGAGCGCTCTTTGATGAAGACATTATGGTATTTCCAGCTACGTCGCTCGAAAAATATATAAACAAGATCGGCCTCAACATTCGGCGCGTAGATTCACAGAGTCTATTCGGTGAGTGCTATCCAATGAGAAGACGCCAAGCCGAAGAGGACCAGAGTGTCATACAGCTCGTGTCGTTTTATGTTGTCCGATTCAAGAATGAATATCTCACATACAAGCGGACAAAAAGGCTGCCTGAGTCTAGGCTGCACGGATACTATTCGATTGGCTTTGGCGGACATCTAAATGAAGACGACTTCGCGCCATTGTTTAATCAAACAGAACCAGATCAAGTATTCACTTATATCATTCGAGAATTGCGTGAAGAATTAAGAGTTAAACCGGATCCAGCCATTTCCTTTCGAGGTCTTCTATATGATGACTCTAAGGAGGTGAGTAAGCAGCACTTGGGAATTGTCTATGACGTACAGCTGCATTCTCGCGACTTCGAAATAGGAGAGAGGGGCTTTTTAATGGATCCCAAGTTTGAAACTATCGACGATATAGTTTGCCGTTCAACCGAGTTTGAAAACTGGTCGGTACTAATCGCAAGAGAGGAAATCGATCGAAAATATGGATCTTAGTGCTGGCGTTGGACATGAAATCTTGATAGGGATCGTCTCCAATGCGATATTTGCAGTTTTTCTTTCATTTCTAAATTGGCTGGCTAAGCCGGCTTCGGAGTTCCTATACGGCAAGCGGAAATATTCGAGCAGGATTTTCATTTCCGGATCCTGGATTACGTGGTTCCTATCCAACATTCTTTATGCATACTTCTCTGGACCAAATCCTACGCTATTTGCGCTCGCGACCGGAGGACTGCTATCGCTTTTTCTTTGGAAAGAGCTGAATCAATTTTCAAGATTCGGGTTGCTGAAACTTGATCAGAGCGTTCGTAAAGGTTTGGATTATGATACAGCGCTCACCTTGTGCACAAATCAGTTCGAGTTCTTGGGCATAGGCGCATCAAAACTCACATCATCGAAAGCGTTTGAAGGCGCGATAACAAGGTGCAACCGTCTAGGCACTCCAATCCGTTTTCTTCTCACCAAGCCGGACAACCCTCTCTTGATTGGTGCCGCCAAACAGAAGAATGTGAACCCTAAAGAGTATAAAAAACGAGTGCAGGAATCTCTGGAACGGCTGGCTAGCTTCAAGTTAGATAGGGGCATGAATATCGAAGTCCGATTCTATCCGAGCGTGACAAATCGTGATCTTCAATTATTTAGAATAATGTTTATTAATGATGAATTGTGCTTACTCAGCTACAACGTTATAGGTGAAGGCGATGGCTCTCAGCTTCCTCAATTGCACCTCAAAAACTTCACCCACACGCGGAATGTAGAATCGTTTTATTATCCATTCCGAGAGTACTTTGAAAAGCTCTGGGTCGATTCCCTTGCATGGGATTTTAGGTTCCCGATCAAGTAATAACGTTGAATATCTATGGCGCTCAAGCTTCCGTCAACGGGCGAGTCAGGTTGTAGCTCGAAGCTGCGTGCCACTGATTTGGTTAATGTTCTCGATCTTTCTGCTCCGAATGGGTTTGCCGCTTTGTCCGGCGACTCAGGGCCCCTCAATTTCAATTCACGGCTTGTTTCCACTATCGATACCATTACGGCAATGACTCGAACACCCGAAGTGCTCGGTAAGGTTGCGGTCACACATGCCTTCGGCGATATATACGCATCTGGAGCAACTCCGACTGATGCTAACTTTTCGCTTGGACTCGACCATTCCGCCGTTAAGTCTGGTGATGGGGCTAGTCTCGCTCAATCGATCCGGAAAACTCTTTCGGTAGCAGGGGTAGGACTTACTAAGGCCCATACATACCAGTCTTCCTTGATAGAGATTACCCTCTCGGTTGTGGGAAGAAGGAATAAGTTGTTCCCCGCCATGAGAAAAAGTCTTGAATATGATCTCGTTCTCACGAAGCCACTCGGTGCCGGCACAGTCTGTCACGATGCATGGCTCCGCGAGGATAGGTCACTGATTTTGAAGAGTGAGCACACACTGCAGGTCGACCATCGGCCAATTCGGCATGCACTGTTAGATAGTTGCATTCG
NZ_AP022671.1_gap30	962178	965231	3053	CTGCGCTCGCTCTCGCAAAGGAGATGAAGGCCGGCCTCGTGTTATTTGTGGAGCGCGAGATGGGTAAGGAATCGCTGATCGAGCCTCACTGCGATGCGTTCTTCTATGTGCATGTGAGCCTGCAAGGTGTATCGGTAAATAGCGAAGAGACGGTGCTGCGAGGCACTGCCCACTATCCGCACTGTGTCGATCTCAGCGAGCAGACTGTTCGGAGCCTCACTTGCCAGACCTTCGCGACGGCTTGGGGGTTTCGCCCGCCCGGGCAACTCGATATTCCATCGAATCTGATGTGTACGGTTGGTCAGACCGGGCCAACGCCAATGCATTGAGCCTCCGGACACCTCTCGACTTCTCCATCTTGCTTACCTGAGTATTCTTGAAGCATACTGGGACAAACATGTACAAAACAAAAGCTTATTCAGCTGCCAGTCCGACATCTTCGCTTATCCCCACCACGATTACGCGTCGTGACCCAACTGAACATGACATCCAGATCGAAATTCTCTTCTGCGGGATCTGCCACTCCGATCTCCATCAGGCCCGTAACGAGTGGAGCGGGGCCATGCCAACCGTGTATCCATGCATCCCGGGCCATGAGATCGTCGGTCGAGTCCTTCAAGCGGGCACGGCGGTCAAGACGTTCAAGGCCGGTGACCTCGCCGCGGTTGGCTGCATGGTCGACTCGGACCGGACCTGCACAGACTGCCTGGATGGTCTTGAACAGTTTTGTAAGAATGTCACCCTCACCTATAATTTTCCGGACAAGCACCTCGGAGGCGTCACGTATGGTGGCTACTCTGACAGTATCGTTGTCGATGAACGTTTCGTCCTGCGCATTCCTGCCAACATCAATTTAGCGGGGGCCGCGCCGCTGCTGTGTGCCGGTATCACCACCTACTCCCCCATGCGCCATTGGGGCGTCACGAAAGGGAAGAAGGTTGGTGTGGTGGGGCTTGGGGGACTAGGCCATATGGCCGTGAAGTTTGCTCATGCGCTCGGAGCGCACGTCGTGATCTTTACGACTTCGGCCAACAAGAAGGAGGATGCCCTTCGTCTCGGGGCGAACGAAGTCGTCATCTCCCGCAATTCTGACGAGATGAAGAAGCATGCCGGCAGCTTTGACTTCATCCTCGACGCCGTCTCGGCCGATCATGATATCAACGCCTATATCGAACTTCTGCGCCGTGATGGCACCATCACCCTCGTCGGTGCACCGGAAAAACCTCTCGCCGTCGCTGCCTTCGGTCTCTTGTTCGGACGCCGCAGCCTCTCCGGTTCACCCATCGGCGGCATTCCAGAAACCCAGGAGATGCTGGACTTTTGTGGGAAACACAACATCACCGCGGATGTCGAGGTGATCCCGATTCAGAAGGTCAACGAGGCCTACGACAGACTGCTCAAGTCCGATGTCAAGTACCGCTTCTCCATCGATATGGCTTCTCTCAGATCAGAGTAATCCGCGCAGAGAGAAAGAGTTGTTCAGTTGCCGGCGTATGGTGGGACTTCGCTCACACTCTGCGTCGTCTAAGAATCTCTGATAAGGAAACAATATCGATGAGGCGTCTATTGAAGGTTATTGCATCGCGGTTGCGCTCGGCGCCTGCACCACCACCAACTGACGCTATCTCGATGATGCGAAGGGGACTGCCAGTCAAGCGGAGATCGTCAAGACGTTGGTCCAGCCTGCGAAGAAACAGACTCTGGACAATGGTGGGACGCATTGGGTCTATCATAAGCGGCACTGTAGTTCGGTCGGGGCCAGAAACGTCTGTCTAGTCTTCGAACTGCGTTTTGACGCTCAGACGGCATTGAAAGACTGGGAAGATCACGAAGTGAACTGCAATGCCGAAGCGATGTAACCGGGATTCTCTTCCCGTCCATCGCACAGCAATACATCGAACCGCACGTCACTGTAAGGGACACTTCATGAAGAAGGGCAAACTACAGGAGTTGGCGGACTCGAGCCACGCGCAGTCTGCGCATAGCGTCGTCAAGTTGCTCGTCGCCGATCACGACCTGATGCGCACACTCATGGATGAAGTGAAATCGCAGAAGGCCACACCGGCGAAGCAAAAATTGGCGTTCAAAGAACTCAAACGCACGGTGCAATCGCATGTGAAGGCCGAAGAATCGACCTTTCTCACCTTGATTGAACATCATCCCAAGTTTGAAGACCGAGCACTCGAAGGGTACGAAGAACATCGCGTTCACGAGACGATTCTCTCCGGCATTACCCATGTCCGGGAGGAAACGCGACAAATCCAACAGATGAAAGTGTTCTGCGAGATTCTCGAGCATCACCTCGACGAAGAAGAGGAATATCTCTTTCCACGATTCAAAAAGTATGCGGCTCTCTCTACGCGAAGGAAGATTGGCAGGCGCTTCCTCAAGGTCAGGAAACGGACCGATACGATGTCGAAGAAGCGCGGCGCCGCTCGCTTCTCGTGATCAGGCCCAGCCAGCAGATCTCGTGCATACCTGCATTTCTCAAGAAGTGATAACACTTCTTCCCGGATTGCGCGTCAGACTCACACTTTTCATCCGGACCAACCTGGGTTTCGGGACTCGTCCCGTACTGAGCGTTCGGATCCATCCGTGGAGTTGCAAGGCCTTCCGCTATTCGTCTGCCCTCTCGTCACACCTCTGGACCAGGGCCAACGCACCCACGTAGAGTGGGCGAAATCGACGGAGGAAATGCATGTCTCAAACACCGACAAGCAACGGATGGCTCGATCGCCCGGTCGACGAGAGCCGAGACCACGTCCTTGGGCCCATCGATGCACGCATCACGCTCGTGGAATACGGCAGTTATGCCTGTCCGTATTGTCGGGCCGCCAACGACAGCATTGCAGCCGTGCGCGACCGCTTCGGCGAACGGATGCGCTATGTATTCAGACAGCGCCCGCTCACGAACAACGATCTCGCCCGCCGGGCGGCCGAGCTGGCGGAGCGAGCCGATGCCGACCAGTTCTGGAGGACGCACATCAAATTGATGACGCGTTCAGAGGCGCTGACCCAGGACGATCTTGTCGCCGTAGCCGCCGACCTGGGGC
NZ_AP022671.1_gap31	975819	979769	3950	TCACGATTAGTGACACCAGTGCCAAGGCACCGAAGGCGGTGTACCTAAGATTAGGTTTGACCCAATGGCCACACGCCCCCCAGCCTTCCTATTCAACTCTTGATGCCGGCTAGAAAGTCTCGGAATTGAGGATTCTGCAGGACCCCTCCGCCCCTATGAATCAAAACGATCCTTCCCCGCACGTCTAATAGGACATAGGTCGGAGTTACATTGATGTTGAAGGATTGCGCCACCCAGCGATCCTCGTCATATGCGCTCGGAAAGATGAAGACGCCGGCTCGTTCCTTCACAAATCGTTCGACGTTGGTTCTCGTATCGGCAAATCCGATCGAGACAACGCGAAGCTCTGACGGCCTCTCGTGCAGATAAAACTCTCTCATGAGCGGCAGATCGCGCTGGCACACCTGACACCAGGGCGCCCAGAAGATCAACAGCGTCGACCGTCCTTTCACCGAATCGGTGCTGTACGATTCGCCGCCGAACGTTACCACTTCGAACGCCGGCGCCATCTGGCCAACTGCTGCCGCCCACGGCCTGGCAGGGCACAGCACTGCAAGGAGACACAGGGTTAGGGCTGGAACGAACCGGCTCATCAGCATCCACCTCCCTTCATGGCTTGATGTAGAGGTAGCCTTCCTTCTGTAGGTCCGCGATGCGCTTGACCGCCACAGGATGCAGTGTGGCGACAAACCCTTTCGCCAGATTATCGATCGTTTTGCCAAACGCCTTCATCGATACCTGGCACATCTCCGCTTTCGCGCCCTTTTCAATGATCTGATCAAACCGCTTCGTCATCTCCGAGTCCATCCTGTCCTTCTCAAACAACTCCAGAGCAGGGCCGTGGACGACCAGTTCGACATCGATCTTGTCGGGACCACCTTCGGCATCGATGTGTTTATTGATCAACGCCAACGCATATTTGGCTACTTCAGGATCTTTTCCGTCGACGTGGTACAGCACCTTGACCTTTCCTTGTCCGTCAGCGGCCAGCGCTTGACTGCCGAACGGCAGGATGGCCATCGCTCCTGCAAGCGAGAGCCGGAAGAACACCAACCGGATGTAACTCATCGTCCGTAACATGACAGCCTCCTTGGTGAGATGAGCGTGGTCGTCATCGGAGTCAGGAGGTCATCATATGGCAGGGATAGGACTGCCGGTAGGGTGAGGTGCTCCGAAGAGCCGACAATTGTTCCCCTACTCGGCCGGGGGAAGACGCCCCTACCGTTTGGTCTGTTGCTTCGAGAAATAGACGGCGGCCTGAGTGCGGCGGGATACCTGCAGTTTCTCGAAAATATTTTCGAGATAGTGACCGACGGTTTTATCGCTCAGCTTCAATAGGGCGGCGATCTCCTTGTTCGTCTTGCCGTCCGCAACCAATGCCAGCACCCGTTCCTCCTGGGGCGACAATGGATCGCGCTCTTCGCGCGATCGGGTGGTGGACAGGGATTGCACCTTGCTGAGCACCCTCCTCGTTACGGCAGGATCGAGAACGGACCGTCCTGAGGCAACCGTTTTGACCGCATCGATCAGTTGTCGACTGCTCACTTCTTTGAGGAGGAACCCATCCGCCCCGGCCAATATGGTCGCAAGCACGGCATCGTCGTCTGCAAAAGAGGTTAAGAAGAGCACCCTCGTGTCGGAATGGGCAGCACGAATGGTTCTGCAAGCATCTACTCCACTTCCGTCCGGCAGCCTGACATCCATCAAGACCACCGCCGGCTTCAGTCTTTCTGCCTCGGCGACGGCGGCAGCCATCGTACCGGCCTCACCCACGACATGAAATTCCCCGGCTTCGGTGAACAATGTCCGCAGGCCGATGCGAAGGACTTCATGATCGTCCACCAATAAGATGCGAATGGGCTTTGCCTCAGATCGTGGCATGGGCTGGCACCGAAGGAAGGTCCAATACGATTCGCGTGCCCCGGCCTGGATTGGAGACGATCTCTAAGCGGCCACCCAGGGCGCCGGCGCGCCTTGCGATATTGTTGAGGCCATGCCCCCCTCGTCTCATCGTAGCCGTATCGAATCCGACTCCGTCGTCCTGGACGGTGAGTCGCACATGTCCATTGTGCACCTGGAGCGAGAGCGTGCTGCCATGAGCTGCGGCATGGCGTAGACTATTGGTTACGGCTTCTCGAATGATAGGTAACAGATGCGTCGATTGTTGATCGGTTACCAGATGTGCAGCATCAGCATCTACCTCAACTGTCAGATTCAACCGACCTGAGATGGTCAAGTCTTCAACCAGCGAGGCCAGAGTGACTTCGAATGTTCGTCGGGTTGGAACCGGAGTTTCCAGACCGAGAATGTGGCCTCGCAGATCCCGGATGACCGTTTTCAAACTCGTCACTGCTGCTTCAAGCTGCATGGCCACTTCATGGTGAGTCATCGATATGAGGCGCTGGCACCGTTCGAGATTGAGTCCAATGGCAAAAAGAGACTGAATGGTGCTGTCGTGCAGATCCTGAGATATGCGTGTACGATCGTTCAGTGCCAGGCGCAATCGATCCTCGCTCCTGGTCAATGTATCTTTGGCGGTGACGACTTGAGCAAAAGATGCTCGCAAATCGGAGGTGACCTGAAAGTAAATGCGCCCGATGTACCCCAAGGCCAACAGGAAGGCCGTCAGACGCAACGTATGCCAGAACCACCAGCGAGAATCCCATGGCATTGAATACATGAACTCGAGTTCAGCTAAGGCGAAGAGGCAACCCACACTCGCGAACAATGCGTCTTCCGCACGGCCTATGCGGTGGTAGTCAAAGAGAAAGCGCACCGCGCCGGCCATGAAGAAAATACAGGCCAAACTTTGGGGTGCAACGGCGGTCGGGGTGAATTCCCCGTTTCTGACCATCACAGGTATGTGCCGGGGAAAGCTCAGAAACCACAATCCAGCGAAGAATGCGCCGAGCGCGATGATCAAGGGAAGTTTGCGTCCGTTCGTGCCGCTGGTGAGATCCGCTCTCCAGACCAAGAGAAATCCGACACCACCGGTCAGACTGGCAAGGTTACGAAAGAAGACAAACCCATCGCCCGGTCGCGAGATAGCGTGAAACTCCTCGAGCACGCCCATACCGAGAAATCCCGATGCAAGCGCCCAGTATTTGTCCTCTGCACATTCACCCTGCCTGTACAGCAAGACCACCGCCATCGCGATGGCCGAGAGTCCTCCGAGGGCCTCTATCGCGGAGTGGAGCGGTTCATGATACCAGCGCCAATCAGGCCATCCGGCGTGCAGCGCCGTGCCGGTAAATACTGCACCGGCGCAGGCTACGGTCACGATCACGTACAACATCAGCGTCGATCCTGATTTGCAGCTCCGCAACGATCTGGTCCTGTACATTCAGGACATAAGTGCCGCTAAAGATCAAGGTGCGGGAAGGCGGCGTACGCAAGAGGCCATGAAGCTGGTCGGTAATTCTCAGCCGCATGAGACCGGATCGCTGAGTGGTAGTAGGATTAAGACCAGTGGAGGAAACATGACGGCCAGTTAGGCAAGGGCTAGCCAGCCGTCACGGCATGTGACACGTCAATGAACGTACCTATTATTAACCGAAACTCTTTGACCTGTTTGCAGCTGCTGCACGGATCAAAGCCAAACCGTCCTGCAGTCCCATCATGTATCGTGCGTAGACGGCTGAAGTCGATGTCTTGTACTTATTCGTATGGTCCTTGTTGAGAAGAGCATCCCTCAAGCCTTCTTCTTCAGCATCCCATCTTTCCAACTCCGGACTGGCTTGGGATTGCATTTTTTGCTGACGACACCATGCAATGCGAGATTCAATGGATTCCACAGCATATGCTGTCATGAGTCCCTCCCTCTACAATTGCATCCATTGCAGTTGTGAACGACTCTCAAGCATCATTGGCAATTGTCATTGGCAAACGAGATACCAGATTGTTTATTTGGGTAGCTTTCACGAAGATGACTGAGAAGGTTTCGAGTATCC
NZ_AP022671.1_gap32	994362	998561	4199	CTCTCAACGCCGCAGCGACCAGCACCGTTTCAGCCATTTCCTGATCCGACGCCCGCGCCTCTCTTGCCCTCGTCGAATGAAGCTCGATGCAATAGGGGCATTGAGTCGTGAGCGCCACGGCCACGGCCATCAACTCTTTGTACTTGACAGGAATCACTCCGTCCGCAAGCGCCGCCTTGTCGAACCTCACGAAGGCTTGCATGGCCTCGGGAGCGTTGATCTCAATGTTTTTCATTTTCGCAAGATTCTTCATGTCGTACATGACTACCTCCCGGGCATTACATTATTGGTGAATTTCCATGTACGGTCTGCAAACTCTCACGCTCGCATGCCGATGACCTCAAGATATTCTGCATAGACCGTCGTACTATCCTGGCTTCCTCTGTTGTGAGAGGACCAGAGGGTCTCCAGTTCCTGTCGCAAGTGTGTCTGCCCTTCGACATTCAGACCCGCAAACGCCCGACTCATAGGCCCATAATAGAGACGGAAGAATTCCACCACCTCTGACGGCGGAAACGGATAGTCGAACATGTACTGGCGCTTGACCAGATTCAGACGGCTCAACCCGTCGCCGAAACGTTCACGGACCGTGGTCTCGTCCCCCCACAAGACCGGCGAAGGCATCCCGGAGGGCGCGATAAATTTCGAGATGGTCTTGAACATCCGGCCGACAAAACCCTCCGGAGTCCAGTTCGCCATGGCGATGGTGCCTCCGGACCTGCACACGCGCAGCAACTCCTTCGCCACGCGGTCAGGACGGGGCGCAAACATGGCGCCGATCAGGCTCGTCACCAGGTCAAAACTTGCATCCTCATAGGGCAAGGCTTCCGCATCGGCTTCTTCGAAGCGGACGTGCAGGCCTTCGGCCTGCGCACGGGTCCTGGCACGGGCGATCAAGTTGCCGGCAATGTCCACACCGGTAACTTCGAGCCCGTGTCTGGCAGCGATCAGCGCGAGCTGGCCTGAACCGCATCCCACGTCCAGCAGCCGGCATCCCGATGGAGCGTTCAGGCGATCATAGAACTCCCGGGCTCCGCCTTCCATATAGCGCGAAAAGCGGTCATAGTCCCCTGCCATCCATGTCTGTTGTAGACGGCTCTTAAGCTTGTCCAGTTCGGGAACAACGAGATCGGTGATCATCCTCTCCTCCTTGGTTGGTGTGAGCAGCCCGTCCGAATCCTGCCGCCATCCGGCATACCCGCACTCTACACGCCTTAAAGGACCATGCCTTTATCCGAGCGTCTGGTTCTCTTGACCAGGGCGTGGTAGGCTGCACCTCGTTTGCCCAAAAGTCCGGATAACTTTGCCGCCATTCCGGCCCCGGTGAACAACATGGATGTCTTGTCCGAAGTGTTGAAAGCCGTAAAACTCGACGGCGCGATGTTTTACAACGCCGAGTTCTCCGCGCCCTGGTGTTTTCGATCTCCGGCCTCGCGAATCGTCGCTCCCTATTTTGCATCAGGCTCTGCACACATCATCATCTATCACCTGTTGACGGAAGGCTCAGGCTACGCCCATATCGAGGGCGACGAGCGGAAGGTTCGGCTCGATGCAGGGGACCTCGTCATCTTTCCTCACGGGGATCCGCATGTGATGGGAAACGGCCCATCCGTTCAGGCGGTCGACAGCGAACAGGAGCTGCAGCGGATCCTGTCACAGGGGTTGAACGTGTCTCGCATGGGCGGCGGCGGAGCGCTCACGAAATTCATCTGCGGATACATGGCGTGCGAACCTGAACTCAGCAGCATTTTCCTCGGCGGGCTGCCTCCGGTGTTTAAGATTCCCATCCGGAACGATCCTTCGGGTCTCTGGCTGGAACAGTCGCTCCGGTATTCCGTGGACCATGCAGGCGCCTCGGCGCCTGGCGGTGCGGCCATGCTCGCCAAACTATCCGAGCTGTTATTCATCGAAACGCTCCGGCGATATATTTCATCGCTCCCGCCGGAACAATCGGGGTGGCTTGCAGGCGTGCGGGATCCGGAAGTAGGTAAAGCATTGGCCCTGCTGCATCGTCATCCGGCTCGTCCCTGGACGATCGCCTCCCTTGGAACTGAGGTCGGCATGTCACGCTCAGTCCTTGCCGAACGGTTCCGCCGGTACCTCTCTGAAACTCCGATGGCCTACCTCACCCGTTGGCGCCTTCAACTGGGCGCACAGATGCTCGGATCCACCAGCCGGAGCGTGATGCAGATCGCGGCCGAAGTCGGCTACGAATCCGAAGCATCTTTCAATCGGGCCTTCAAACGGGAGTTCGGCCTTCCGCCGGCGAAATTCCGTACCAAAGCCAGAACGACCATGAAAATCGGGGCCCATGCAGCGAAGGGCGCCTTCGTCCAACCCGGACATGACGACTTGTCGAATCAGCGGCCTGTACAATCTCTCCCTGCTTGACGAGATCGCTTGGATCATAAGCATGATCATCCGCCGGATGGCTTTTTTTTGCGAAATCAGTATTTCGCCGACGTGTCGATGCGCCGAATCCATCGGATGCCGCGACGTCCCGAAGACCGCCTGTGAATCGAGCGCCTATCGCACAACGTGCCAAACGCGAGCGGAAGCAGCCGGCCGATCGATCATGAAGAGGGAGAACAGAAATGTCCACTAGGGAAAAGGCCAACCAGATCATCGACCTGCTCGGACTTGCGCCTCATCCGACCTGTGGATTTGTCGCCGAAACCTATCGAAGCAGCCGGCGAATTCCTTCTGCCGTCCTGCCGCCGGAATATGAGGGCGATCGTCCGCTCGCCTCGGTGCTCTACTTCATGGTCACGACCCAGACGCCGATCCGCCTGCACCGCATTCGATCCGACCAGATGTACCATCACTATCTCGGAGCGCCGCTGGAAGTCCTTCTCCTCTATCCGGAGGGAACCGGGGAGGTCAGGATCGTCGGACCCGATTTGGCCATGGGCATGCGGCCGCAACTGCTGATCCCGGGCGGGACCTACCACATATCCCGCATCCGCGCAGCGGACTCGTTCGCCTTGCTCGGAACCACCGAGTGGCCTGGATTCGAAAACCCCGATGTCGAGTTGGGCGATCCGCAAACACTCATGATGGAATATCCGGCTTTTCGCCGTCTCATTGAAGAGTTTATCGGGTCACCTGCAGGCGGGTGACGACTTCTCCCCTGATTCGGAAGACGTGGAGCAGTTCCCCGCTGAATACAGGACTGCGACCTTTCAAAGTAAAAGCATGAAAACCTGTTTTATCATTTTTAATTGCATGACCACCCTCGACTTCGTCGGCGTCTACGATGCCCTGACCCGGCTGAAATCGAACAACCTCATGCCGGAGTTTGCATGGGACATTTGCTCGTTCACCACGGAGGTCGCAGATCGTCACGGGCTTCGTCTGCTCCCGCAGTGTGTGAACAATTCCCTGGCAGACTATGACATGCTGATTGTTCCTGGAGGCGTGGACACTCGCACGCTCCAGCGTGACAGCCGGTTTCTCGATTGGCTCCGCACCTCGCAACCCGTGCCGCTCAAAGCGTCGATCTGCACCGGCTCGCTCTTGCTTGGGGCGGCGGGCTTCTTGAGGAACAAACGAGCCACAACACATCGAATCGCCTTCGAGGAGTTGAAACCGTACTGCAGGACTGTCGTCGACGATCGGATCGTCGACGAAGGAGAAGTCATTACGGCCCGCGGTGTCACCTCCGCGATCGATCTCGGGCTCTATCTGGTTGAACGGCTTGCCGGTGCGGCTGCTCGGAAGCATATTGCCAGACAAATGGATTACCCAATGGACGAGACGAATCTGAAATCACAAAGCAGCACGGGGTAGGAAATCTTCGATTTCCACTCTCCTTCCAGTCAAGAGAGACAGCCGCGGTTTGGAAATTACTTGAGGACGCCGACATGGTCGTGATCATCGACGATTCCACTACCCGGCTTCCGCGCAACGATTGTGCTGCGAAGCAATCCTTGAAACGGCACAGCGCCTGCCCTCCGTGCCCATATCCAGTTCACGCATGAACTCACACCGGCACCTGTCCCTTGCCGATCTCGTATTGGCATCCTCATATCTTGACTGATGCCCTCCTGTTGCATAACGTATGGAACTTTTTGCCGCTGGTCCGGTACGGACCGCATGATAATCTCATAATATGCAAGGGGGAATAGCGTATGCGGTTTATCAAGGTTAAGGATGAGGAACGTGCAGGAGAGGTGGCGATCAATCTCGATCTTGTCCGT
NZ_AP022671.1_gap33	1150728	1153334	2606	CATCCGATCCCTCTCCATCATCCTCATCCATCTCTTCTTCATCTTCTTCGCCTTCATCTTCATTATCGATATCCACATCCTCTTCCATATCCGTTTCGGGCCCAGTTTGGGTTGTCTGGTTTTTCATGAATTCCTCCTTGATGGGTTTGGAATTGACATCCAACCAAATTGCTGAGTTCACGTGTGCAAAGCAGAGACCAGTCTCTCTCTCTGACCCTTCTGCAATAAATCCGAGGTTTGATCAGTATGGCCAACCCGCCGGATGAAGGATCGGGACAGGGTGTCGGAAAACAGGTTTGAGTTTGTGAATTTTGAAAGTCTTATAGGTGGGACAGACTGTCGAGCGGGGACATGATGCCCGAGAGATTTTAGAACTAAATTAGATGCTTAATTATTTTTGTTGGTTAAACGGCTGGGATGCACCTTCCTACCAAGATCCTACAAAAAGCACTCCCGCCGGTTTAGTCAATCTGATGCCATTCCCGTCCAGATGATTAGGTGTGGCGAACGCAGGACAAGATGTCGAATGAAGACAAAACGCGCACACATCTAATCAAAATGATTTCTCTGAAATTGTCGCCCTGACACGCGCCATTCGCGTTACAAGCCTTCCAATCATTCATAAACGTAGGAGGTTTTGGACTTGGCTTTTATACCTGGATTCCTGTTCGATCTGTCAGTTTTTGGAAACGGTCACGAGAATGACGAGGTGCATTTTTTGCACTAGCCAAAATTTGGGTTAGGAAACGTATGAGGTTTACCATGAGGAGCAGATATTCGGGAAACTTCGTTGCATCAGCACTTATTCTTTCCGCCACAACTATTATCACGACTATGTGGGTGAGCCTGGATTCTGCCCTTCTAGCCCAATCGACCCTTGACGCTAAAAAGGCACAGCATCAATCTTCGGGATCGGGTAATGCCGGCGCAATCGAACATGCGAAAGAAAAGGGGTTCGATGGCGTAGATTTCTCCTACGATCTCTTCGGTGCCTCTCCCGCTCAAAACGCGAATAAAGCTTTTGAACAGGTAATGAAGAAAGATGTGGCGGAGAAACCGGGGGTGATGAAACAGCAGCACCAGCTTTTGCACGACCGTTACGATTTGAGCTGTAGGACCTTGGACGGCGTGACCATGACCAAGGGCAAACCACAGCCGATCGGTCCTACGGTGAAGCTGCCATCGGGACTTTCATGGGACCAAGTCGGAGAAATGGGTGCGGAAGATATCAGGAAAAAGAAGACCTTTCCGCCAGGGTTTGACAGGCTGCCTCATGTCAAACATGCCGTAGGAGGGCAAGTCTTCCCACACATCCAAACGAAAGAATTCCCCCGATTGGAACGGTTCGATGTGGAATTCGACCTCCCGGAATGCATCCTCCCGGAATTCCCTCCTCCCATTTTTCTCACGACCCATCCCGAACTGGGAGACGTATCTCAAGGAGAAGTGTTGACTGCTGATAACTTTGACCGTTTATTCAGAGGCCTGATCACACCGGCCCAACTGGATGGTTTGCGAATGCTCGTCACTCAGTTTCCGCAAGAAGAGTTCAACGCGACTTCCGACAGGAAGTCTGCCAAACCGAGCCTTGGCGTCAGTTGCTTGGATTGTCATGTGAATTTCCATACCACCGGTCAATTTCATTTGAACCCTGACACCAGACCGCAGCTGGATCGTTTGAGGTTGGATACGACCAGCCTTCGAGGCATGTTCAATCAACAAATTCACGGATCGAAACGTTCAATCCGTTCAGTTGAGGATTTTACGGAATTCGAGCAGCGCACTGCCTATTTCAACGGCGACCCTATTCGGGCCATGAAAAAAGGCATGAACATCATTGATCGTGTTCCAGTTGCGCATATGGGTCAAATACAGAACATGATCGATTTTCCTCCAGCCCCGCATCTCGATCCGATGACGGGACGTCTCGATCGGACCAAAGCGAATTCAAAAGAAATTCAGGGAGAGGATCTCTTTTTTGGGAAAGCCAAATGCGTCGCTTGTCACCTGCCGCCGGCCTATACGGACCATCAGATGCATGACTTTCATTTGGAGCGTTTCGGCGCCACCGCTGATGGACCGATTAAGACCTTCGTGCTCCGTGGCATCAAAGATTCACCGCCATATTTTCATGACGGACGACTTCCGACGCTTGAAGATACCGTTGAATTTTTTAATGTCGTGGGGAATCTCCGCCTGAACAAGGAAGAAAAGTCGGCACTGGTTGCGTTCATGCGGGCATTATAGACAGAGTCCTATTCTTATCCGCGGCCCCGGGCGCTGTTCCATACAGGCACTGGCGGCAGTCGATCCGGGTGGTTCGTCATGTGCTGGCAGATCCCACACCGCATTTATGGGCTGTCTATGCCGGTCGTCTGTTGAGCAACTTCACTGTCATGTGCATTTGGTTTCATATTCAAGAAGGAGGACATCGTCATGGATCATGATCAGGGACATTCGCTCGGTATTCTATTGGCATTTCTCAGTGGAGCGGCTCTCGGGTCGGTCGCCGCCCTGCTGCTCGCGCCGCAGTCCGGAGAAGACTCGCGCGAACAATTGACGGACTATGCGCGACGCATGGGAGATGATGTCGAAAGTGCCTCAGG
NZ_AP022671.1_gap34	1244757	1246843	2086	CGTCAACAGTACGACTTGGACGGCCGGATCCACTCGCTTCGCGGCCGTGAGGACTTCAATGCCGTCCATCTTCGGCATACGAAGATCGGTCAGGACCAATCCGGGATGCTCCCGTTCGAGAAGCGCCATGGCCTGGCCCGGATTCGACGTGGCCACACAATCATAGGGGACGCGGCTCAGGATGCGCCGGCAGTTCTCCAGTGCATCCTCTTCGTCGTCAACGATCAGGATTTTGCCTGCGATTCCCATGGAGTCTCTCGCTCAGTGACCATGGAGCGCCCGACAGCGGGCAGGACCACGGTAAAGACGGCTCCGCATTCGACATTCTTGGCTTGGACTCGTCCACGATGCTCGGACACGATGCCATAGGTCAGGAACAAGCCAAGTCCGGTGCCCTGGCCGGCCCGCTTGGTGCTGAAAAAGGGGTCGAAGACCCGGCCGATGATGGTATCGGGGATTCCCGGCCCATTATCTGCCACATTGATTTCCACCCACTGCTGCCCTTCCATCTGCACGACGGACGTCTGTACCAATACCGTTCCGGCATTGCCGTGGGAGCTGACCGCGTCGATGGCGTTGTTGATGAGATTGAGCATGACGGTTTCCAGCCGGTCCCGGTCGCCCATGACCGGCGGGAGAGACACCGCCAGCTGAGATTCGAGCCGTACGGGCAGCGCCGATACCCGCTCGCTCGCCATGACCAGACAGCTGCGGACGATCGTGTTCATCTCGACCTGCTTGAGCGTGGACACGGTGCCCCGGGAAAACGTCAGGATGCTTTTCGTCACGCGCACGATGCGTTCGGCATGCGATCTGATCGTCATGAGATCTCGACGGACTTCACCCGGCATCGGCAGTCGAACGGCATCGGCTTCCATGCATTCGATGCGGTTGAGAATGATGCCCAGGGGATTGTTGATCTCGTGGGCGATCCCGCTGGCGACTTTGCCCAACGTTGCCAGGCGTTCCGCCAGTTCGAGACTCTGCATGTGCTTGGTAATTTCCTGTGTTTTTTCTTCCACGCGATGAGACAACTCGCGATTGAGCCCTTCGAGCTCCGCACGCGAGGCTTTCAGTCGATCCGCCATTCGATGCACGGCCTTGGAGAGAACTTCGAACTCGTCGCCGGTCGCAATATTGATCGGCCGGTCGTAGGTGCCTTGGCTGATCGCCTCCACGCCCCGCTGCAACAGATGAATCGGACGCACGATTCTGGTGGCGACATAGCGGCCCATCGCCCACAGGAGGAACAGCATGACCAAGCCGATCGCCGCCAAATTACGAACCTGGTCGCGAATCGGCGCATAACTTTCCCCCGGTTGCTGCCTGACAAAGACGTGCCATGAATTATCCGGCAACTTCAGTCCGGTCACCGGCGCATAGCCGACGACGGTATCGGAGGCGCCGTGTCCATCGTCTTCCGCAATGGCCCATCCCGGGTCCGACGACACGATCATGGCCATCAATTGGCTGGGAATCCGATGCGCCTCGCGGGCGAGTATCGGACACACGAGCGGCTGTCCGGCCGCATCGAACAACATGGCGTGCCCTGTCTGTCCGATCTGAATCTGCGCGATCATGACAAAGAGGCCGTCGAAACGATACGACGCGATCACCGCGCCGATGACATCGTGTTGATGGTCGTCAAGGATCGGCACGATCACGTCCATCGTTTCATCCGAAGCCTTGAACGTGCCCTCTTCCGCGGGAATGAGACCGCTCAAGTAGACCGGCTCATTCCCACGACGTATGGCGGTCCACCAGGCTTCATTTCCAAAATAGTACCGATCGGGCTCCGAACTGGCCGCGACTAAAGCTCCGTGCCGGTCCAGGATGAGCAACCCGACAATCTTGTCCCCGTCCCGTACTTTTGTCTCCATGAGAAATCGAGAGAGTTCTGAATTCAACAGGGACGTGGAGAAGTTGCTGCTCTGTTCCCATGAGTGCATCCTGTCACGGATCCGTCTTTCGACGCCCTTGCCGTCGGCGGGATAGGCGGCATTGGCTTCTTCGACCGGCTGCCGCACGCGGAGCGGGGCGGAGCCCAACAACCGAATGTTGCGGATCTCGCCTTGCACCAGCATCC
NZ_AP022671.1_gap35	1257676	1262473	4797	CGTCACATCGCTGTTCTTGGCCAGAGTAGAATTCACTCTGCCCGTGAGGGCAACCAAGGGAATATTGATGCGCTTAACAAATGGCAACAATTGTAAAACTTCCTGGACTTCCCCGCTGTTCGAGATGGCAAGCATGACATCATGTTTTGCCACCATGCCCAAATCGCCATGAATGCCTTCCGCAGGATGAAGGAAGAAAGACGGCGTGCCGGTGCTGGCCAGCGTCGCGGCTATTTTTTGACCGACTTGCCCAGATTTTCCCATACCGGACACCACGACCTTACCCTTGCATCCCATCAGCAGTTCGACCGCCTTGGAGAAGTGATGATCCAGCCGTTCGACGAGCGCCTGGACGGCACGAGCCTCGACCGCGAGTACACGTCGGCCTTCTTCGAGCGTGCCGTCGGCGTGACGGGTCGACATCGCCGAGCGGGCAGCTCTTTTTACTTTGGTGGATTGGCCGCGTCGCATATTCGCATCACGCGCTCAAGGAGCGCCTTTAATTGATGAAGCGGAACCATGTTGGGTCCGTCCGAGAGAGCCGCATCGGGGTTTGGATGAACTTCCATGAAGAAACCATCGACACCGGCACCGGCAGCGGCGCAGGCCAACGGTTCGACGAATTCGCGCTGACCGCTGGATTTGGAGCCTCCTCCGCCCGGCAACTGCACACTGTGCGTCGCGTCGAAAACCACCGGATAGCCGAAGCTTCGCAAAATGGGAAACGACCGCATATCCACGACCAGATTATTGTACCCGAATGAAGATCCCCGTTCGGTCAGCACAATCTTGGTGTTACCGCTTTCCTCGATCTTCTTCACGGCATGTCCCATTTCGGGGGGCGACAAAAACTGTCCCTTTTTCACGTTCACGACTTTTCCCGTCTTGGCGGCGGCGATCAGAAGATCGGTCTGCCGGCAGAGAAACGCCGGGATCTGGAGCATGTCGACCACCCGGCCCGCTTTCGTCGCATCATTTTCCGTATGAACGTCCGTCAGGACCGGAACGCCGATCGCGCGCTTCACTTTTTCAAGAACCGCGAGCCCCTGTTCCAACCCCGGTCCGCGAAACGACGTGATCGAAGTCCGGTTGGCTTTGTCATACGACGATTTGAACACGTATGGAATCCCCATCGACCGCGTAATCTCGGCGATGCGTCCCGCGGTGTCCAGCGCGAGTTGTTCACTCTCAATAACGCAAGGGCCTGCGATGAGAAACGGCCGCTGACCGTGGCCGGCCTTGAAGGTCCCGATGTCGACAAGGTGTGCCATAGGCGGTCAATGACCGAGCTTGTTGCGCAGGGCCGCGCCGATGAAACCGCTGAACAACGGATGCGGATGATGGGGGCGAGAGCTATATTCGGGATGGAATTGCGTGGCCAGGAACCATGGATGATCTTTCAATTCGACGATTTCGACCAGCTGACCATCCGGCGAGACCCCGCTCAGGACCAGTCCTTTGGCGCTCAACACATCACGGTAGGCATTGTTGAATTCGAACCGGTGGCGATGCCGCTCGCGGACTTCCCCCACGCCGTACATTTTCTGCGCCAACGTGCCGTCGCCGAGATTGCAGAGATACGCGCCCAACCGCATGGTCCCGCCCTTCCCACTCACGGAATGCTGCGCATGCATCAGATGAATCACAGGATGGGCCGTCCGCTCGTCGAATTCCGCGCTGTTGGCTCCGGTCAGCCCCGCCACGTTGCGCGCAAACTCGATGGTCGCGCATTGCATGCCGAGACACAGGCCGAGAAACGGGATCTTGCGTTCACGCGCGTACCGGATGGTGGTGATTTTCCCTTCGATGCCGCGTGATCCGAATCCTCCGGGGATGAGAATGCCGTCGGCCTCCCGAAGAATTCGTTCCGTTCCCAGGCGCTCAACGTCCTCGGATTCGATCCAGTTGATATTCACTTTGGTTTCATGGTCGATGCCGCCATGGATCAGCGCCTCTGCCAGACTCTTGTAACACTCTTTCAGTCCGGCATACTTTCCGACCAATGCGACTGAAATTTCGTGTTTCGGATGCTTGATCTTCTGGACCATGGCATCCCACTCGCGGAGATTCGGAGGACCGGTCTCCAGTTTCAACTGTTTGACGATGAGCTCGTCCAGTCCCTCCTTGCGGAAAACAATCGGCACTTCGTAGATCGTTTCCACATCCTTGGCGGTGATGACCGCGTCCTTTTCGACATTGCAGAACATCGCGATCTTCGCCTTCAATTCAGGCGGAAGATAACGGTCGGTGCGGCATAATAAAATATTCGGCTGGATACCGATCTCCCTCAGCTTGTTCACCGAATGCTGGGTCGGCTTGGTTTTCAGTTCACCGGCGGCCCCGATATAAGGCACGAGCGTCAGGTGCACATACAGGACGTTTTCACGGCCGACGTCATAGGGCATCTGCCGGATGGCTTCCAGAAACGGCAGGCTCTCGATGTCTCCAACCGTCCCCCCGATCTCGACGATCGTGACATCCATGCCCCTGGCGAGCCGCACGATGCACTGTTTGATTTCATCCGTCACGTGGGGAACCACCTGCACCGTCCCGCCCAGGTAGTCGCCTCGGCGCTCTTTGGTGATGACGGAATTATAAATACGGCCGGTCGTGTAATTATTCTCCTGGGTCAGCGTCAATGACGTATAGCGTTCGTAATGACCCAGATCGAGATCGGTCTCGGCTCCGTCGTCCGTGACATAGACTTCTCCGTGCTGGTAGGGATTCATCGTCCCGGGATCGACGTTGATATACGGATCGAGCTTTAAAAACGTGATCTTGAGTCCACGGCTCTCCAACAGATTTCCGATCGAGGCGGACGCCAGCCCTTTCCCCAGCGAGGACACCACGCCGCCGGTGACGAATATGAATTTACTCATGATTCCACCTGTCTTTTACGATCGGACCGCCGCCTGACCCCTCCCTCGTTCATCGGCCGGCTGGTCCTCGCGTCAAGTTGAGTTCGCGCTTCAGAACTTCGAACTTCTGAAGTTTGTCAGCCACCTCCGGAACATCCTCAGGCGTGTCGACCCGAAGCGACGCATGTTTCGTTTCCCACACTCTGATGCGCATCCCGTTCTCCAGTGCCCGGAGTTGTTCCAGTTTTTCCGCATCTTCCAATGTGCTGGTCGGCCACTCGGCAAAACGCAGCAAGGCCTTTCTGGTGTACATGTACAGCCCGAGGTGGACATGATGAAGTCCGCCCACGACACGTCCGTCGGCGTCATCGCGGACCATCGGAACCGGGGCGCGTGAAAAATACAGGGCGTAGCCCTGCGCATCGGTGACCACCTTGACGATGGCGGGGTTCTGCAGATCATCCGTGGTGTCCATAGCCCGTTTCAACGTGCCCATCTCCACATTGGCCCGGAGAAACGGATCGATCAAATCGGTCAACAGATCCGGATCAAGTGGAATTTCATCCCCTTGAAGATCCACGAAATATTCTCCGGCATACATGGTGGCGACCGCCGCAACCCGGTCCGTTCCGGTCCGGTAGTCACCTTTCACCATGACGACGCGCCCGCCGAATTGTTCAATGGCCTGTTTGATGCGGTCGTCATCGGTGGCTACGAGCACGTTGGTGACGGCACGACAGGCGACGGCTTGTTCATAGACGTGCTGGATCATGGGCTTGCGCCCCAGACGCGCCAACGGTTTTCCCGGAAAGCGTGATGATCCGTAGCGGGCGGGAATCACTACCGTGACCTGCCGCTCCGTCTTACTCACGGTCCAACGCCTCCATCAGTTGCTTGGCCGTCACGGTCGCAGTTCCCACCTGCCCCACGACGATCCCGGCTGCCTGGTTCGCCAATGTCGCCGATTCCCGCATGGACGCGCCCGTCGCGAGCGCCAACGCCATCGTCCCGACGACCGTATCGCCCGCGCCGGTCACATCGAACACCTGGCGTGCCCGCGTGGGAATATGCCAGGAGACACCCTCCCCTTCGAACAGGCTCATCCCTTTCTCACCTCGCGTGATGAGCACGGTTTGACAACCAAGCCGCTGGCGGATTGTCGCCCCGGCCTCTTGAACGGTCTGATCGCTATCACCGTGAAGTCCGGCCGCCTGTGTCGCTTCGAGATGATTCGGTGTGATGACAGTCACGCCTTTGTAATAACTGAAATGTTCGACTTTGGGATCGACAATGACGGGCACGCGTCGAAGCGCCGCGAGCCGAGTCAATTCGGACATCAATGCGGCGGTGATGACACCCTTGGCATAGTCCGATACGACGACACACGAGAGCTCGCGGAGGCGGGATTCGACATACCGCAGCATGCGTTTTTGCAGCAGAGGTTTGGGTTCACCGCGCCGCTCGACGTCGTAGCGGACGACCTGCTGGTTGTGAGCAATCACCCTCGACTTCCTGGTCGTGGGCCGGTCGTGGTCGATGACGACGCCGCCGCGACCGGAACGCCGCGGTCCCAGCTCTTTGAGCAAACGCCGGCCGCTTTCGTCCGCCCCGATGATTCCGCACAGATCGGCCTTGCCGCCGAGCGCCAACACATTATTGAAGACATTGGCCGCTCCACCCAGTCTCATGGATTCCGAATCCACGTGAACGACCGGCACCGGAGCTTCGGGGGAAATCCGACTGACGCGGCCCCAGATGTAATGGTCCAAGATGAGGTCTCCGATGACCAAGACGGAGGCCTGCGGAAAGCGCTGAATGTACTGGCGCAACGCCGTGCTCGAGAGCATGCCGCTCTGCGGAGACGATCCGGCATCGGACTTGGCATTTCGTCTGGTCATTGGATGGCCTTACCCAACCGATCCCAGCGAACCCATTCCGT
NZ_AP022671.1_gap36	1286657	1289765	3108	TAGGCGTCGATTCCCATCGATGCGAAACGGCCGATGACGTCGAACACATTGTTCGCATGCACGGTCGTTAACACGAGATGCCCGGTCAGGGCGGATTGAATCGCAATCTGCGCAGTTTCCGAATCGCGGATTTCTCCCACCATGATTTTGTCGGGGTCGTGTCTCAAGATCGATCTCAACCCCCGTGCGAAGGTCAGCCCTTTTTTCTCATTGACGGGAATCTGCACTACGCCGGCCAGTTGATATTCCACCGGATCTTCAATGGTGATCAGCTTGTCCTCTTTCACGTTCATCTCGGTAATTGCCGCATAGAGGGTCGTCGTCTTTCCGCTGCCGGTCGGACCCGTGACGAGTACCATTCCGTACGGCCTCGTAATGGCACGCCTGAATCGTTTGAGATCTTCTTCGTTGAAACCCAGGCGATCCAGTCGCAATGACGACACGCCCGTCGTGATGGCCTCGCGGTCCAGTATTCGAATCACGACGGATTCTCCAAATACGCTCGGAAGGATCGAGACGCGGAAATCGACCGTCTTTCGCTCGAGTCGCATCCGGAAACTTCCATCCTGGGGAACCCGGCGCTCGGCAATGTCCAGATCCGACATGACTTTGAGACGGGACACGAGCGGCGCATGCAATCTGATATCAAGCGGTTCCATCGCGGGCACGAGAATACCGTCCACACGAAACTTGACCTTTGTCGCCCGGTCGGCCGCTTCAATGTGGATATCGCTGGCCCGCCGCTGCATGGCACTGAGGAGAATGGAATCGAGCAGCTTGACGGCGGGGCTTTGATCTTCTCCGCCCGAATCGATGGTCAGAACTTCATCGCCGCGCTCATCTTCTTTGACCAGCACCGAACGATATTCGGCCTCCAGCTCGCGCAAGGCCTGGCTGGACCCTTCGCTTCGCTCCAGCGCCACGAGAATGGCACTCCGAGGGCTGACGACCAAGCCGAGAGGCCGATCCAGAAGCAGTTCCAGTTCGTCGAGTCCAAGAAGATTCTGCGGATCAGGAACGGCAATCACGAGAAGGCCGCCCTCCTCCGCAATCGGCACGAAGGGGTGCCGCTGCATCAATTTGATGGAGACGGAATCATAAAACGTCTGGTTGATTCGGAAATCCGTGAGAGGCTCAAATGGAAGTCCGTGCTGAACGGCCAATGCCTTTGCCAGTTGTTCTTCCGAGATGGAACCCTCACTGACCAGCGTCGATCCGAGCGCGGCGGATACTCCCTTCAACCGGTCCAGTGTCTGGCTGACTGTTTGCGCAGATACCATGGCCTGGTCAACCAGGACATCGGCCAAGGTTGACCTGACGGGTGTCCTCACTATGGAAGGCTGCTTGATTCCCATCTCGTCCTGCAAATGAGGTCTGCTCGATGCCGACCGCTATACGGTTCCAGCCAATTGGAAGACCGGGAGATACATGGCGATCACGATTGCACCCACCATGATCCCCATGATCAGCAACAAGACCGGCTCAATCCAAGTGGTCAATTGGACCAGGCGAAGGTCGAGGTCTCCTTCGTAAAACTCAGCCACCTCCTGCAACATCGCTTCGAGCGATCCGGTTTCTTCACCCACCGACAGCATTTCCATCGCCAATTTGGGGAACACATCGGGACGACTCAATGCCGCAGCCAATGTGGCGCCTTCCCGAATCTCTTCCACAGCGTCGGTCATGGTGGTGGCAATATATCGATTTGAAATGGCGCTCCTTGTAATGTGTAGCGCCTCGACCAGGGGAGTGCCTCCAGCGAGGACGGTTCCCAACGTCCTGGCCATCTGAATAGTGTGCTGCTTGATCGACAGCGTTCCGATCACCGGGGTGCGGAGGAGCAATCGGTCTATGGCCAAACGCCCGACCGCCGTGCCGTAGTAACCGCGACACAGCAATAGCAGGCCGCCGGCGCCGACCGACACCGGGATGACGTACGTTTTTGCGGTCACGATCATATCGATGAGAATCTGCGTGGCCAGCGGCAGACTCTTTGCCGACTCCCCATACACGGACACGAATGTCGGCATGACAAAGCTCAGCAGAAATCCCATCACCCCGACGCCGACAAGAACGAGAAATGCCGGATACGCCATGGCTTTTCCCAACTTCTGGCGCAGCGCGATGACCAGTTTCAAATAGATGACAAAGCGGTTCAGCACCTCCGCGAGGTTTCCCGACTGCTCGCCGGCTTTGATCGTGGCAATATAGAGTTCTGAAAAGTACATGGGGTGTTTGGCCAGCGCTTCCGAAGCGGAGGCGCCGCCACGGATATCCTGCCGGACGAGTCGAATCACATTCTGAAATCCCGCGTGTTGGGCGCGCTCAATGAGTAAATCCCACACTCGCAGCACGGGAAGCCCGGCTTTGATCAGCGCGAGCAGTTCCTGATTGAATACGAGAAAATGTGTCAGCGAAAACCCTCGCAGTGATGGGATACGAAACAACGGACGACTCGCAGTTTGTCCGCGGCGCTGCAGCTGGAAGATCAGAAATCCCTGTCCCTCCAGCTTCGAGCGAACGAGCTGTTCATCGTCAGCTTCGAGCTGGCCGTTGACGGTGGATCCGTCCGGTCGGGCGACTCTGTAGGCGAATACAGCCATGGTTGAGATGGCAGCAGGGGGAACGTTGCTGTTTACCGACTGCTGCCGGAACTCTGCACGACGGTTTCGTTCGATGGGAATTTGCTTGGAAGCCAGATAGCCTGCCCGACGACAATGAGATCATCATTGAGACCGTTCAATGACTTCAGTTGCTCCAGATCCACATGATGCCGGTGGGCGATGTTCCACAGGGTGTCCCCCGACTTCACCGAAACGCTGCGCATCGCGGGGAATTCAGAGCGGTCATCGGATATCGCCATGGAGTCGGTTGAGACTCCCACGTGGGCTGCGGGAGTGACGAGCATACGGACCGGAATCTCCGAACCGTACGGCCAATCGGCCGGAAGTGCACTCATCGCCGACGCCTTGGGGGCCTTCTTCGCCGCCGAATCCGCCGCAGCCGGCGAGGTCTCTTGCTCACCGTCCTGACTGCCGCCTGTTCTTGCCGGACGCCTCTGCATTTTCCTCATCTGACTCTGCAACAAGGCGCTGTTTCTGGAAACCC
NZ_AP022671.1_gap37	1294163	1297051	2888	CCGCATCGAGAACAGATTTCGTGTCGATGCCGAGGCGGTGAAAGATCAACGCCAATTCATTCATTAACGCGATGTTCAAGTCCCTCTGAGTGTTCTCAATCACCTTTGCCGCTTCCGCCACCCTGATGCTGGATGCGCGGTGAATACCCGCCTTCACCACCAACGCATAGGTGTCGGCGACTATTCCCAGGGATTCTTCATCCTGCGCGGATACGACCTTGATGATCTTTTCAAGAGTATGTTCTTTATCGCCCGGATTGATGCGCTCCGGGGAGTACCCGAGTTTAAAGTCAACGCCGCACTTGAGGCCTGATGCCTGCTCCAATATCGGCTGGCACACCTCCTCCGTCGCCCCCGGATATACGGTGGATTCGTAAACCACAATGGATCCGGGCGACAGATTGGCACCGATCAATTCGGAAGATTTTCGCAGGGCGGTCAAATCCGGTTGGAGCGCCTCATTAATAGGAGTCGGAACTGCCACAATGATGAAGTCGGCTGCCTTTAGGTCCGAGGCCTGGTGTGTGTATTGAACTTTCGAGCTCTTAAGATCGTCGGACGAGACCTCGCCGGTCCGGTCCACTCCCCGTTGAAGTTCTTCGATCTTTATTTTATTGATGTCGAATCCAATCACTGCCTGACGTTTACCGAATGCAACTGCGATTGGAAGACCGACATAACCGAGACCAACCACGGCGATCTTTCGCTCCGCACTTTTTTGACGAGTTCTCTGGACTGACATATTCCCCCCTGGAGGATTTTTCACAGAATGGCAGAATGGATAATTTCAGTCAACGAAGTCACGGGAAACCGACGATCACTTGCTTGTGATGCTGTGCGATCATGTTTTCAAAACTCTGGACCTGATAAGTGGGAGATCCAATTTCTCTCCGGACACGAAAGTCAGTGGCAGAATCCGCTCTGATTGTAAGACTGTGATCTCATCTTGTGCGAATATCCAAAACCACCAGCTGCACACTCACGATTTAGAGGCTGAGCCGAGTCCCGCCCACTCATTATTGGCAGACCCTAGCGCCCATTGCCAAATGTACTCACCTGATAACGATGGCTGTCAAACCGCATCACGTCCATAATCTTCAACGGTGTCTGCAGGAGCGTGCACTCTTGTCGAAAATGTCAATTTGAAGGGAAATTGTCTGCATCCTTCAAAGCACAGTGGTCTGTCAGTATTAGTGATAACAATCAACTGGTTGGCTGGAACTTCATATGCCTATTGAATTTTGCATTCACCATAACTTTAAGGGCACCGCTCTTGCTAGTGCACCCCCTGGTCGCCAATGAAATTTGACCCTATCCGTAGCCTCAGCGCCACGGAAGGGAGCGTTACCATCGGCAGGCCTGTTCTCAATAGACTTCGCGCGGTAGCGGGTTTTTTGTAATTTGGAGGACCTAGACCATGCGTAAGGAAGGCGGGGCTGCGGGGGTAAGAGTGTGGTCGCACGTCAGATTCGATTTTAAGCAGTTGTTATGCATACTGTATGTGACAGCTCTAGTGACGACTCAATCAGCACCAGAGATTGCATTCGGGCAAATCTCTTCGATGAAAACAAACAAACCGACCTCCACCACGATGACGGCTTCGCCCACGAGTTTCAACTTTACGGCGCCGGCCGGCAGTACGGCCTCCATGACGCAGACCCTGGCGATCAGCAGTCCGGCCGGCGGCGCGTTGAACTGGACCGTCTACGACGATTCCAACTGGGTCATCAAAAACGTGGGCGAGGGCACAGGTAATGGCACGGTCGCGGTGACCGTCCTCCCCGCCGGTATGAAACCGGGCACGCATACCTCCATGATCACCCTCACCGCTTCCGGAGCGAGTAACTCGCCCCTGCGAATCCCGGTGACCTTGACCCTCACCGCTGCCGCCGCCCCGCAAGCCGCCTCCGCTCTGACGGTGTCGCCGACGAGCTTCAGCTTTACGGCCCCGGCCGGCAGTACGGCCTCCATGACGCAGACCCTGGCGATCAGCAGTCCGGCCGGTGGGGCGCTGAACTGGACCGTCGTGGACGATTCCAACTGGGTCATCAAAAACGTGGGCGGCGGGACAGGCAATGGCACGGTTGCCGTGACCGTTCAGCCAGCCGGTATGAAAGCGGGCACGCATACCTCCATGATCACCCTCACCGCGGCCGGAGCGAGTAACTCGCCCCTGCAGGTCCCGGTGACCTTGACCCTCACCGCCGCCGCGCAAAATAACACGGCCAGTCAGCCTACCATCAGCCTGACTCCGGCCAGCCTGGCCTTCAGCACCACGACCTCGGGAAGCAATCCCTCGGCCCAAAACATTGCGATCCACAACAGCGGCACGGGCACACTCACGTGGAGCGTCGCCGATAATGCCAATTGGCTCACGGCCACGCAGGCCGGCACTACCGTCACCGCGAGCGTGAACAAGAGCGGGCTGGCCGCCGGCACCTACAACGCGGCGATCACCATCACCGCCTCCGGCGCCACCAACACCCCGCAGACCATCCCCGTCAGCCTGGTCGTGACTTCCAACCAGACAGTAAATCAGACAGCGATCTTGCAGTGGAATGCGAATAAGGAACAGAATCTTTCCGGCTATCGCGTCTATCGCGCGACATCATCCGGAGGCTATGGCGCGCCTGTCGCCACGCTGCAAGGTAATGTCACGAGCTTTACATCCTCGGGGCTACAGCTCGGCACCACCTATTTCTTTGTCATCACGGCTTATGATAGTCAGGGGAACGAAAGCGGTTGGTCGAATGAAGTAAGTAAGAGTATTTTTTAGCTGCACTAAACACACAGATTAGGGAGTTTGTAGGTTATGAAGCATGTGAATTTCGTATTGGGATATGGCTTAGGATTCTTTTTACTGGCAGGCGGCCTGGTTTGGAATACGG
NZ_AP022671.1_gap38	1389678	1391449	1771	ATCATGCAGGTCTCCTTCCGCCCTGCGCGCATAGCCGCGCAACTGCTCACGCGACTCACGCCCCGACTGCGGAGCCAAGAGCAATGCAGCGACGGCACCCAGCGCCGCCCCGGTCAAAAACGACAACACTACACCCGTTGACGACCCGCGATCATCCCCCATTGTGTGGTCCTCCTTGTTGATACCGTTCTCGAACAAACTGCGCCGCAGCCCTAAGGCCGGCCACCATGCTCACGACATTTCCCAGCAGCGTGCCGCTGGATCCTCGGACCACGTCATGCACCTGCTGGACGGACTCTCCGACCTCACCAACGGCATGTAGAAGCACCGAGGCGTGTTCGACACCATCACGCGCCTGGCCGGTCAACGCACTCACGTTTTGACTTACGGCACGAAGTTCGCTTATGAGCAGAGGCACTTCGACACCGAGTCGCTTCACCAACTGCTCCGACTCCGCGGCGGTCTTCCGGAGTTGCACCAAGACGGGAATCAGACAACCAACCAACACCGCAAAGGCCAGAGCAGCCAGAAGAGCGGCGATTTCCAGAAAGGTCATGAGGGTTCCCGACTGTCAACCGGATAGACCGGTCAACGGATGACGGCTCTCTTCAGATGCCACTGCGTGGATTGCTCATAGGCATGAGCGGCCCGAAACATGGTTTCCTCTTCGAACGCCCGGCCGATCAACTGCAAACCAATCGGCAGTCCCGTCCTGCTGAACCCGCAGGGCAAGGCGATAGCCGGAAGACCGGCAAGGTTCACCGATATCGTAAAGATGTCCGACAAATACATCTGAAGCGGATCTTCGCTTTTCTCACCCAGCTTGAACGCAGGAGTGGGCGTCACGGGCGTGGCGATAAGATCCACCTCTTGAAATGCGTCCGCGAAATCCTGACAGATCAAGGTCCTGACGGCCTGCGCCTTTCCATAGTAGGCATCGTAATATCCGGAACTCAGTGCATACGTGCCCAGCATGATCCGGCGCTTGACCTCCGGTCCGAAGCCTTCCTGTCTGGTCTTCATGTACAGGTCCAACAGGTCCTTGGTTTCCTTCGCCCGCAGGCCGAACTTGACACCGTCGAATCTGGCGAGATTTGAACTGGCTTCCGCCGTCGCCACCACGTAATACACGGCGACCGCTGCATCGGTTCGCGGCAGCCGGATTTCTTTTATTTCACCGCCCAGTGATTTGAGTTCTTCAATGGCGGTCCGAACAGCAGTTTCCACCTCTGGATCCAAGCCTTCGGAGAAAAATTCTACCGGCACACCCACTTTGAGCTTCTTCAGATCCTTCCGTTTCAAGGCTTTCATATAGTCTGGAACCGGGATGTCTGCGGACGTGGAGTCCATGGGATCATGGCCGGCGATCGCGCCAAGGAGATATGCGGCATCGGATACGTCTTTGGTAATGGGACCGATCTGATCCAGTGAAGAGGCAAATGCGATCAATCCGTAACGGGACACGCGACCATACGTCGGTTTCACTCCGACGACACCGCAGAAGGCGGCAGGCTGTCGGATTGAGCCTCCCGTGTCCGATCCCAAGGCTGCCACGCATTCATCGGCCGCCACCGCAGCAGCCGAACCGCCACTCGAACCACCCGGCACGCACTGCACATTCCATGGATTGCGACTCGGCCCGAATGCGGAATTTTCCGTCGACGATCCCATCGCGAACTCATCCAGGTTCGTTTTACCGAGAAGAAGGTAATCCTGCCCGCGCAGTTTCTTGACCACCGTCGCATCGTATGGCGGAAGGAAATCCCGCAAC
NZ_AP022671.1_gap39	1394606	1398663	4057	CGCCGTCATAATTGACCGTGATCGTTCCGGCCCCGATGTTCACGCCCTTCCCGATCCGGGCGTCTCCCAGGTATGTCAGGTGATTCGCTTTCGATCCTTCGCCCAATTCCGCCTGTTTCATCTCCACGAAATTTCCCACCTTGGCCTTCTTCCGAACGACCGCGCCGGGACGAAGATGCGCAAACGGCCCGAGCACCGCATGGTCATCGATTCGCGCTTCGCGGAAGACGCAGTGTCCGAGAATCTCCACACCGTTGCCAACAGTGCAGTCCGTCACCCGCGTGAAGGAATGGACGATGCAATCCTCTCCGATGACCGTGTCACCCGCGAGCATCACGTTCGGGTGAAGTATGGTGTCCCTGCCGATCATGGCGCCGGCGTCGATCCACACCGAGGACGGATCGATCATCGTCACGCCTTGATCCAGCCAATGCTCCCGGATCTGCCGACGAATCACCTGTTCCGCTTCCGCCAGTTGCCGTCTGGTGTTCACACCCAAACCTTCGTCGGGATTGTCGAGGACGACGGCGGACACGCGTCGTCCCTGTGACACGGCTACCTGAATGATGTCGGTGAGATAATATTCGCCTTGCGCATTGCTCGGGTCCAGTTTCTCCAAAGCCGAGAACAGAAAGTCGCCGTCGACGACGTAGGTTCCGACATTGATTTCCCCGACTTTCTTTTCCTCCGGGCTGGCATCCCGATCTTCGACGATCCGTGAGACGGACCCCCCGGGCGACTGTCTCAGGACACGCCCGTATCCGGTGGCATCGCTCAGCACCGAGGTGAGAATCGTGACGGTTGCACGTTCTTCCCGGTGCACTCGCAGCAGTTCACGAACGGTGAATTCTCGCAGCAACGGGGTATCACCGTTCAAAATGAGATACAAGGAAGGAGCGGGCCCCTTTGCTGAAAAGACTGAGCGCGCTTGCATCACCGCATGCCCGGTTCCGAGTTGCTCGCGCTGTTCAACGATCGATGTCGGGGCCGTGCCCTGAAGGCCGGACGTTGCCGCTTCGATGACCTGCCGCACCTGATCCGCTTGATGACCGACAACGACACCAATCCGATGACCGGCCAGCCGCAATCCCAAATCGATCGAGTAGAGAACCATGGAACGGCCGGCGACCGGATGCAACACCTTCGACTGCTTCGAGCGCATGCGCTTGCCCATACCGGCAGCCATAATCACCACGGCAAGGCCTGGAACTGTTGTCGGGGAAGCACCAACAGAAACCGGCTGAGTCGTTGCGTCAACGGAGGAACGGTTCATCCGATCGGCACTCCTGCTTCCGGCTGTTTGACCGTACTCCATTTGGGTTCTGCGGGAATCGCGGAGGCGAGCGAAGGCATGGGAGAATACAATCCCCCGGATATGATCAGCTTCATCGCCTCTTCGACGGTGATGTCGACCGAAGTCACCTCACGCTCGGGGACAAGAAGAAAGTATCCCGACGTTGGATTCGGCGAGGTCGGCACATAGACATGGACCAGGGGTTCATGAGCAAGTTCCTGTCCCTCACCGCCCTTCGACATTCCTGTCACGAAGGCAAGACAGTAATGGCCGTTCTTGGGAAATTGAATCAACACCACGCGATGATAGGAACCGCGCTCGGAAAATGAGAGAATATCCATCATGGACTTGAGCGTCGAGTAAATCCCGCGCACCAAAGGCACCCGATTGAGCCAACTTTCCCATATCCTGACGATCTGTTTGCCCATAAAATTCGCTGCAAACAATCCCGTCATAAACACCAGCAACACAAGCGCCACAATGCCCAGCCCCGGCACATAGAGGGTCGGCACCATCTCAGCGAGCAGATTTCCCAAAATGCCTTCGACGGTGAGGAAGAGCGTCTTCAAAATGAGCACGGTCCCCCAAATAGGGGTAATGACGAGCAAACCTGTCAAAAAGTACCGTTTCAGGGAGGCTTTCAGCATAAGAATTGTGCAGACGAAACCGGATTTACATCATACAGAGATATACGAAGGTGCTGCAAGCCTTTTATTGCTATTTTCAACGACTTGGAATACTATCGCGCCCGTTTTTCCCATCCTATAAAGGCTCGTACCATGGCTCGACGGATCCGCAAACCAAACGGGTTCTTCATTACGCTCGAAGGTCCGGAGGGCAGTGGAAAAAGTACCCAAGCCGACTTCCTCGCAGTGGCGCTCAAGAAAGCCGGGTTTCAGGTCATCCAAACCAGAGAGCCCGGCGGCACCAAAGTGGCCGAAGCCGTTCGCCATATCCTACTCAACCCGTCCAAAGGCGAATCGATCACTGCAGAAACAGAAGCGCTCCTCATTTTGGCCGCCCGGAGCCAGCATGTGGCACATCTGATCCAGCCAGCGCTCGATCGCGGCGCGATCGTGCTATGCGACCGTTACTTCGATTCAACGTTGGCCTATCAAGGCTTCGGACGCGGGCTGGACCTCAACTGGCTGACGGCAGCCAACAACGGAGCCACGGGGGGATTGATTCCCGACCTGACATTGTTGCTCGATCTACCTGTATCCGTCGGTTTGGCCAGGCGTCGCCACGCCCGTGGAACAACGAACCGTCTCGACCGTGAAACGGAGCGGTTTCATCGTTCGGTGCGCCGAGGATTTTTGTCGCTGGCCAAACAGGATCCTCGGCGAATACGTATCATACGAGCCAGGCGATCGATCCCAGCCGTTCGAGCGGAGATTGAGACGATTGTGCTAAATTGGATAACCACTCGACGGGGTCACAGGAGTTAACGTGCCGTTGCAAGACGTCATCGGACATGCCGCCGTCATTGCCTCGATCCAACGTGCGGAGGCAAGCAATCGTCTGGCTCATGCCTATCTCTTTCATGGCGAAGCCTCGATCGGGAAACGGTTGACCGCCGTCCGCTTGACTCAAGCGTTTCATTGCGAGCAGCGGCAGGACGGGGCAGTGATCGACGCCTGCGGTGTGTGTCGATCCTGCCGACACGTGGAAGCATCGACGCATCCGGATTTCCTCGTAATCGAGCCGGACAGCGAGCAGGCAGTGCCCCAAATCAAAATCGAACAGATCCGCGAGATCGAACAACAGATCATGTACCGACCGTTGATCGCGGAGCGGAAAATCTGCCTCATCGACCAGGCAGACCGCATGACGATCGGTGCGGCCAATGCGCTCTTGAAGACCCTTGAAGAGCCGCCGGATCACAGCCTGTTCTTTCTCATATCGAGCCGCCCGGCTGCGCTCCCTGTCACTATCCGTTCCCGATGCCAGGCTTTGCGGTTTACCACGCCGCCTCGGACTCAGGTCGAGGCGGCCTTGATTCTCAAACGGGAAATACCGCCGTCAGACACGCGGCTTCTGGCCATTATCAGCGAAGGTCGTCTGGGAGACGCCCTGGTTGCTGATCCGGCTGAGATTCGTGCGCGTCAGCGTGAGGTGATGGAGTTGATCCGCCCTCAGACGCTTGGATCGGTGACCGCCATTCTAGCTCAGGCGGAGTCCTCGGCCAAAAGTGATCGTGTGCCGGAACTCTTATCATGGCTCACGAGGTGGATCAGGGACGTCATCATCCTCCAAGTCGGTGGTGATCGGGACCACATTCTATTCGCCGAGGATCTCGAGACATTGGAGATGTATTCCAAGCATGCCGACACCGATGCGTTGCTCGACATCCTCTGCGATATCGAGCAGACGGACAGACAAGCGACCAGACATCTGAATCTTCAAATGGCGTTGGAACAGGTGCTGCTGCGTCTCCGCGATGCGTGCACTGCTCAGCCAGTATCCCAGCGCTCCTAGAATTGACGCTTTGCAACCTGATATCTTTTCTCGATCAGCATGACCAATTCTCAGCCGTTCTACATCACGACCCCGATCTATTATGTGAACGATGTTCCCCACATCGGGCATGCCTATACGACCATCGCCGCAGATGTTCTGGCGCGTTATTGGCGATTGCGCGGGCGCGACGTATTTTTTCTGACCGGCCTTGACGAGCATGGCCAAAAGGTCCAGCAGGCTGCGGCCAAAGCCGGGGTGGCACCTCAGACCTACTGCGACAATCTGGCGCCGAAATTTACGGAG
NZ_AP022671.1_gap40	1404266	1405793	1527	TGCTACTCGATGAGCCTGATCATGCCATTGTACTGATCGGAAGAGGGTACGACGCCGATCGTTACGGAGCCGAACTCTTGGCCTGCGTGGAAGGCGCAACGCCGGGAACCGGCTGACGGAATCTGGGCCACTGCAATAACAGCCAGGCGGCGGTGCCGCCAAACAGCGCCCCGAGGAACCAGCCTCCCAAAATATCCGTCACATAATGCGCGCCGATGAATACTCTGGCCAAACCGATTGCCACGACCAGCGGCCAAGCGATCCATCCCGAACCGGGGTAGAGGACCTGGAGAAACGCAGCCGCCGCGGCCGTGTTGACCGCATGGTTGGACGGGAACCCAAAGGTCTTGCCGCATGCCTCGATCTGATGAAAATCGGCGATGGACATGCACGGACGCGGGCGGGCGACAAGATGTTTGACCTGTGCGCCGATAAAATCGACGAGACCGATCAACCCGCCCAGCACCGGCCCGGCGATGAACGCTTCGCGGGGCGCCAGCCATAACCAGTAGAGTCCGAGCAGAATGCCGGGTGCCCAGAGCAGATCGGGAGACGACAGCGTGAGCGCCAGCCAATCCAGCACGCCCGACCGCCCGGCGAGGCCGTTGACGGCGCGGAAAAGTGATTCATCCCAACTCACGCGCACATCTTAGCATGAGGCAAGACCACAGTGATGCTGGAAGCGCTCTTGCTCCGAGGAGGTTCAAACGGTTCGCCGGCAAAACCGCAGCGAGCGAGAGCCCGAGGCGTACGGTTCCGGGTACGTCGAGGGCTTGAGCGACGTGAGAACGAAGCCAGCGAGACGTTTCAACCTCCTTACCGGGTGTGGAAATGGATACGCACCGTCAGTTCCCCATCGACCGGATCGTCTCCTTTCATTTGCGGATCGAACGTCCATCGCTTGAGAGCAGCCACGCCCGACACGGTGAGTTCACGGTGCTTGCAGGGCTCAAGAACGACCACCGTCACCTTGGCATCTTTGGTGACCAGCACACGTGCTTTCATCCAATCGTCGAGCGCCGTCCCTTCGAGCGACGGGGGAACCGCGGGCCAGGGAGTATTTTTGGCAACAGGCCCGAGCTGTTGATTCTTGTTCAGCGGAACCCCGTGGACATGAACTTCCGGAAGTTCCAACACATCCTCTTGGTGATCGGACTCGTGCGTCGCGTCGTCACCGACCACCGCGAATGCGGGGGCCGGGACGAGCAGCACCGTTAGGCCAATGTATATGACCAGCCGGCGGCGAAAGCGACTCACACGTTCTCCTTTCTGTCAGGCATCGGATGTTCAAGCTGACCGGCATTTGCACCACCCTCCCCAGCGCGCCGGGACGCGCTCCGCTCCGGGCGGCCGCAGGGAGCGAGACCCCGAGGAGGTACATACCAAGCTTCGCTTGAACCGCTCGCTTCGATCACATGCGAGCGGATAGGTACTTGGCCTCCGGTTTCCCTAAACTCCTGACCGTTGATGGACCGAGCGACCGAGAACGAAGTTGATGGCCTGTTTCAGCATCCAATCAAAAGAACC
NZ_AP022671.1_gap41	1407685	1412290	4605	CTGGGAACCGTAAGCAGGACCTCATAGGCATCGTTGTTGTTCCCCCTCGGTAACGCCTCGATGTCTTTTCTCGTGACCTGATAAGTTTCGCTCGAGGCCTTGTATTGAATCGGCGGCAAGGCGGAGACTACCTCCAATGCGATCTCATTGGTCTTGGAGAGCGTGAGCAGAACCGGTTTCGGCGGATCGGTCCCCAGGACCAGAACCAGATACTCGCTTCGATAGGCGTCCTGAACCGCGCTGATCGAATAGGTTCCGGTCGCCGGCACCGGTATGGAAAATTCCCCGCTCTCATCCGTGACCGCAGTCTCAACGACCACGCCGTCCTGATCCTTCAGTTCGACAACGGCTTGAGCAACTCGCCTCAGATCCTGATTTTGCACTACTCCCGTGATGCTATTGGCTGATCCTGTCTCCGCGGCATGCAACTCCGGGCACCATCCCGTCTGTAGGGCGACGAACAAGACGACTGACCATACATGGAATATGAACGCACGATTGCCACGCTCCATGACATCCTCCGCGACCGCTGATTGACGTTGGCGTAATGGACATGACGACGGCGCTGAACGATCAGGTCGTCAATCACATCCGGACGATGGTCGGGAACTAGATGCGGGGTGGCGCGCGCGACGGACCGACGGAGACGCATTCAACCGAGAGGAGAATACCGTACGACGGAACACCGGAGTGGCTGATGAGATCCCAGGCCGAGCGGATCGGTCCGCCCGTGTCGATGGATCCGGCCGTGTGGTGTTGGACCCATTGGCACAGGTCGTTGTCCGAATGCTCATGCCCGTCGGTATCGGCAGCCGCCAACTCGTGATGCACGTCCTGTGCAACGGCGAACGGCGCGATGGACAGGAGGAGGGCGATCAACCCGAGGGAGATCAGCCGGCTGATTCGGGCGTCATGGAGGAAATGACGATGTCTCATGAGCAGGGCGCAGTGAGTACCACAATCCAAAGAAACCTGTCAAACGGACGGATATGATCCGCGCATGGCTCAGAGTCTTCGCCTGGAGTTGTGGACATTACGGCCGGATTTCGCTATGCTTCGGCACCAAAAGTACAAAGGCCCCCTGATGAACCGCCCGCTCGACAATCAACACGTCATAGAAATCAAGGCGCTGCCGTCGCCGCGGTCGATCAAGACCAAACTGCCGATTACAGACCAAGCAGCGGCACTGGTCGTGGAGACCCGGGAAGCCATTCGCCGGATCCTCCATGGACAGGACCGCGAACGCTTGCTCGTCATCGTCGGCCCCTGCTCGATCCATGATCCCGACGCGGCCTTCGAATATGCGGCCAGACTCAAGCCGCTTGCCGATAGCCTGCGCGACAGACTCCTGATCGTCATGCGCACATACTTCGAGAAACCGAGGACGACCGTGGGCTGGAAGGGGTTGATCAATGACCCTCATCTGGATGGAACGTGCGATATCGCCACGGGAATGGAGTTGGCGCGTACCCTCCTGTTGAAACTGAACCAGTCCGGCATGCCGTGCGCGACCGAACTTCTCGATCCCATCGCCCCTCAATACATTGCCGATCTCATCAGCTGGACCGCCATCGGAGCGAGGACGACGGAAAGCCAGACCCATCGTGAAATGGCGAGCGGCGTGTCGATGCCGGTCGGTTTCAAGAATGGAACGGAAGGCAGTCTCCAGGTGGCGATCAATGCCATGACTGCTGCGCGCACACCGCACCATTTCGTCGGCATCAATGCGGACGGTCAGACCTCCATCATCAAGACCACGGGCAACCCGGACCGCCACATCGTCCTAAGAGGCGGCGGAGGAAAAACCAACTACGACGCCGACCACGTTGCGCGGGCGGAAGCTGCGGTGGCCGGCGAGCAGATCGCCCGGCCCATCATGATCGACTGTTCACATGACAATTCGAGCAAAGATCACCGGCGGCAGGGCCCGGTGGCCCGCGAAGTGCTTCGCCAGTTCAAGGAAGGACGGCAGTCGATCATGGGCTTGATGTTGGAAAGCAACCTTAACGCTGGGAAACAGACGTGGAGGCAGGGAACGGCCCTCGCCCACGGGGTCTCCATCACCGATGCCTGCCTGGGCTGGGAAGAGACCGAGCTTCTTCTGAACGAACTGGCCGATTCACTCGTTGCCAAACCCGCCTGATTTCCACACCGGCTCCATACGGCACCCGTCCAATGCTGATCGATACCCACACGCATCTCGACGATGCCCGGTACAACGACGATCGAGACCTCATGATGGCCCGGGCGAAGGAGTCTGGCGTGGAGGCCTTCATCACCATCGGCTGTGATCTTGCGACCAGCAGAGCCGCCGTCGATTTGGCCGACCACCATCCTGTTGTCTACGCGTCGATCGGCGTGCATCCGCATGAAGTCATCCGCATCGGCGAAAATTGGTACGATGAATTCCGATGCCTTGCCCGCCATCCCAAGGTCGTGGCCTACGGCGAAATCGGTCTCGATTACCACTACAATCATTCACCTCCCGAGGAACAACGAACACGTTTTCGAGAGCAGCTCCAACTCGCACGGGAGCTGAAACTGCCCGTGATCATTCACACCAGGGAAGCACAAAGCGATACGATCACCATCTTACGGGAAGAAAAGGCTTCGGAAATCGGCGGGGTATTTCACTGTTTTTCCGGCGACGCCTGGCTTGCCAAAGATGCACTCGACCTGGGATTTTACTTGTCCTTTTCGGGTATTCTGACATTTCCCAACGCCAAGATGCTGCGCGAAATTGCAGGGCAGATTCCTTTGGACAGAGTACTGATCGAAACCGACTGTCCCTACCTCACCCCCGTGCCCTACCGCGGGAAGCGCAACGAGCCTGCCTACGTTTCGCTTGTCGCCAAACAATTGGCGGCGATCCATGCCGGCCGCCAAGATCTTTCAATCGAACGCATTGGCGAGTTGACGACCGAGAATGCCAAGAGACTGTTCAAAATCGGTTGAGCCGCCTGTTGCGTCGCCGCTCATTCTTGGGCAGCTTGCGAGGATTTCCTCGTTTGTCGGGGCTACGCCTCGGCCGCTCGTCTTCTCCATCGTCCAGCTCCTTATGCGCGATACCGGGCACGGACCGTCGACCATCGCCCAACCTGCCGGCAAACTCCTGCGCCGAAATCACGAATGCTCCATAGGATTTGGCATGATCGCCTACTTCGCGATCTGAACTCACTATCGCGCAGTCGGCACCGAACTCTTCGGCCATGCGTCGAATGACGATATCGGCCTGTTCTCCACGCCTCGAATACAAGACCTGCACGCCGGAGCGATGTTCTCGCCCCTCCAATGGATATCCATGTTGCCATCCGTCGAATACCACCGTGACCACATGTCCTTTGTGCCGCCGATATGCGGCGAGCCGATCCAATAAGAACTCTCGCGCCGCCTCTGAACCGAACGCAGCACGGCCCCCCCGTGTTATCACAGCAAGGAGGTTGTACCCATCGATGATCAGGTGCATCGCACAAAACCTACGCCTCGTCTACCCCGCCGGTCAATTATTGATGTGCGCGCTGGAATTCCCGTTCATTGACTTGACAAGTCTACAGACATTTGAGAGATAGATATCATCCCCTCATTGTGGCGGATCTTCATGCTGATGGCTATCAGCCGAATCATCTCTTTCCTCACGTTGATTTGTCTGTTCGTTGTTCCCGATCCATCGCAGGCCGCTGGATCGAACGGGCAGGATCAGCAGGGAAAGATGAAACGTTCGAAAGGATCTCAGGTCAGCATCGCTCCAACAACATTGGGGCTGACCACGATCCAGAACCTGAGAACGGCAATATCGCCGGGGTCCATCCGACTGGTTCTCGATCTTGATCGCCGCACCAAAGCCCCGAAAATGCCGAAGCCTCAGGCAGAAGGCGTCGTCATTGAGATTCTCAATGCCACACTCGCCAAGTCTGCACAACTGAAGGTGGCCAACGGCACGATTGAAAAACCCTTTGTTGTGACTCAATCATCCGAGCGATCCGTGGCGATATCCCTGCCCGCCGGTTCATTTCAAACGTATAGGATGATCTCCCTCTCCAACCCGCCCAGGCTGGTGATGGACGTGGTGCCCTCGAATCAGACTATTCCCGCGGCAACGCAGGAGTCCGGGATCCCACCCGTCACTTTCGAGCCGCCGATGCAGCCGATTCCTCCAAAAGCCAAATCCTTCACGACTATCGTCATCGATCCCGGCCACGGCGGAAAAGATCCCGGCGCGCATGGACAGAAGGGCACCGAAGAAAAAGACATCACGCTGAAAGTCGGCCTGAAACTTCGAGACATCCTGAGCAAGCAGCCGGGCATCCGAGTCCTCATGACTCGCGAGCGGGATATCTTCATTGAATTGGAGGACCGGGCAAAATTTGCGAACCGCCACGAGGCGGACCTCTTTGTGTCCATCCATGTCAATTCACATCCGCAGCGCTCGGTCAAAGGGATCGAAATCTACCATTTCGGAGAAGCCAAGGACCAACGGGCACTGGAAGTCGCAGCCCGAGAAAACGGTACGCCGCTGAACAATACCGGTGTCGGATGGGAGTATCTGGTGGCAGACCTTCTGGCGTCGAAAAAAATCGAAGCGTCTCTCGAACTCGCCTGGAGCAC
NZ_AP022671.1_gap42	1414744	1417945	3201	ATTCCCTTGTACCTGTGATCCGAGCTTGGATAGTGTCTTCCCAAATCGCCCTCCCCCATCGCGCCCAGGAGCGCGTCACAGACGGCATGGACAAGGACGTCCGAATCGGAATGACCCTGAAGGCCCTTCCCGTGCGGAATCTCGATGCCCCCAAGGATCAGCTTTCGTCCTGTCACCATAGGATGGACGTCATACCCGTAGCCGATGCGCGATCCTTTCACCATATGTCCCCCTACCCTACAGAGAAGAACGCCGAGAGGCCATGATAGCCTCTCCAATAATCATGTCTTCCGGTCTCGTAACCTTGATGTTTTCACCGCTTCCCTCAACGACCGAAACAGAATGACCTGCCCATTCGATGAGGTATGCGTCATCGGTGGCCAGTACGCCCTCGAGCTGGGCCCGTCGATGCGCGTCCAGCAACCAGTCCCGCCTGAATGCCTGGGGAGTCTGCGCCAGCCAAAGCGGGCGGCGGTCCAGCGTGCGCTCAATGACACGATCCGCTCCAACCTGTTTGACAGTGTCTCTCATAGGCAATGCCACGATGGCGGCCCCTCGCGATCGGGCGGACAGAATCACGTCATGGATCATCTCGGGTCCGAGAAACGGCCGGACTGCGTCATGCACGACGACGATGTCGATGTCTTCCGGCACGGCCGCCAGAGCATTTCTGACAGAATCCTGACGTTCCTTTCCTCCTGCAATGATCTGGGTCACCTTGGTGAAGCCGTGCGCCTCGACGATTTCATTCCTACAATAGGCAATATCGGTCTGCGGCACAGCGAGAACTATGACATCAATCGCAGCGGAGGCTTGGAGGGCTCTGAGGGAATGTACGACGAGGGGCAGACCGCCGATGGACAGAAACTGCTTGGGCACGGACCCGCCCATCCGCAACCCGCGTCCCGCCGCGGGAACGATCGCCGCAACTTTCATCCGTTCGGAGGAGAGGACTTCACCGCTCACTGGCCCGGCCCTACCCATCACGACGGCAAAGCCGGGGGCCACCTGTGCGCATGCTGTCGGAAAGCACCCAGAGGCACTCGGTACACTCGAAATATTCAAACAGGCTTGCGTCGACGCGGTCAGACACGGGCGACTTGCAGCTCCTCCCGTTCCGTATCTTCCTTGAGACGGGTAAAGATCATGCGTCCGGCCGTCGTTTGGAGAACGCTGGTCACCACCACATCGATATTCTTGCCAATATGTCGTCTGGCATTGTCCACCACGATCATGGTGCCGTCATCGAGATACGCCACGCCTTGTCCAGCCTCTTTTCCTTCCTTCAGCACGAAGACTCGGATGGTCTCTCCGGGAAGGACAACGGGACGCAATGCATTACACAGTTCGTTGATATTCAACACACGGACACCCTGCAGTTCCGCAACCTTGTTCAAGTTCAGGTCATTGGTGATGATTTTGGCATCCATTTTCTTGGCCATGACCACCAGCTTCGCATCGACTTCTTTCACTTGAGGGAAATCTTCGTCGATGATCCGTACATCGACTCCGGGCATTTTTTGAATCTTATTCAAAATATCCAGCCCCCGACGCCCCCTGGCACGCTTCAAAGAATCCGATGAATCGGCAATGTGCTGTAATTCATCAAGAATGAAATGGGGGACGAGAAACGTGCCTTCAAGAAACCCTGTTTCGCATAAATCGGCGACACGGCCGTCGATAATGACGCTGGTATCCAGAACTTTTGAATACACCGCATTGCCGGACGGACCATAGAACTTTTGCTCTACACTGGGAAACCGCTCCTTGCCGAAACGGGCTCCCAATACCAGTCCCAGATACGGCAGTCCGAGCAGAAACACGAGGCCGCCGATGTGGAACAAAAACGTCTGTACGTCGAAAATCTCGCCACCCACCCATTCGATGAGACCTGTCAACAAGAGGCCTACCGCCAACCCGCCTGTCGCCCCTGCAATGATGCCGAATGACAAGTTCCTGAGCGCATATTCGCCGGCAACGATCAATCCTCCGGTTGCGGCCCCTATACCAAATCCGTATATCCAGAACGACGCACTGGCGTCGTCGGCCTGGAACAAGGCCATGCCGGCGAGCGCACTGAGAAGGACAAATATGGCTCGCGATACCATACCTTTACCTCCCCTCGTAGTTAGAATGATCCTCTGAAATGTTCATGCTGTCCTATGGCTTTAACGTCAGGAAGATGGTCTGGCCTTTCCGCTTCAGCAACAGCAGAACGGTCTGATCCTTACCCAGCCCTGCCACTGCCCGCTCGTAGGATTTGAGCGATCCTACCGGCTTTCGGTTGACCTCTAAAATCATATCGCCCTCGCGCACGCCCATTTCTTCCGCAGGACTCCCGGACTTCACGCGCACGACCACGACCCCCCGCTCGGAGGTCTTCATGCCATATCGTCCCGCCAACTCTTCGTTGAGTTCCCGCACGTCGAGATCGGACAAGACCCCGGTTGGAGCCGTCGACTCACTGTTTTCTTCGGATCCAGACTGGGCAAGCGACTTCGGCTGTTCCACGATCGTCACGTCGATGGTCTTCGGCTTCTTCTCCCGGAGGACTTTGACCGGAACCTTGCGCCCGACCGGAGTCTGAGCGACCGCATTGCGCAAATGAGTGGGAGAATCCATCGGCTTCCCGTCATACTCGATGATGACGTCGGCCCGTTCAAAGCCCGCTTTTTTCGCGGGGCTATCGTCCATGACGTCGCTGACCAGCACTCCCTTGGTATCGGGGACTCCAAATTGCGAAGCCAGCTCCGGCGTCAGTTCTTGGATGGCGACTCCGAGCCAGCCCCGTACGACTTTTCCAGTCTTCACCAGCTGATCCATCATCGATCGGGCGAGGTTGCTCGGCACCGCGAATCCGATTCCCATGTTCCCGCCGCTTTGGCTGAAAATGGCCGTATTGATGCCGACGAGTTCCCCGTGAACATTGACGAGTGCGCCTCCGGAATTGCCCGGATTGATGGCGGCATCCGTCTGGATGAAGTCTTCGTATTCCGCAATGCCCATGCTTGCCCGCCCGACGGCGCTGACAATCCCCATGGTGACGCTTTGGGTGAGACCGAAGGGGCTTCCTACGGCCAGCACGAACTCTCCGACTTCCAATTGATCCGAGTCGGCCCACGGAATCGTGGACAGTCCGGACGCCTCGATTTTCACGACCGCAATGTCGGTTTTGGTGTCGGTGCCGATCAATTTTCCTTT
NZ_AP022671.1_gap43	1435859	1440363	4504	ATACGCCCGAATCATCGGGCCCCCTGGTCCGCAACGACGCCACCATCCGCCGCACGGTCGCAGCGTGTTCGCCGTCGGCCGGGCCAGCGATTCCAGCTATTCCACACATCGTGTTCGCAAGGACATATTGGGGTATCTGTCGTGGAAGGTCTTATCCCCTCGCACGATACGGCACAGGGACCTGGGCGAGTTCCGAATAGAGATCGCAGTATCGCCGGATGATTTTCGGAAGCGCATAGACGGTTTCAATCCGCTCACGCGCAGCCCGGCCGAGTTGCTCTCGTGCCGAGGCGCCGCGACCGATAAGCTCCATCAGCGCTTCTGCAAGCGCCGATGGATTACTCGGGGGGACGATCAATCCGGTGTCGCCGACGATCTGCCGTGTATCTCCAACATCGGTCGATACACAGGGGATGCCACAGGACATGGCCTCTCCCAATATATTGGGAAACCCCTCTCCGAATGCCGAGCTCAGGCAGAGTACATCCGCACCCGGCAGCAACGACGCCACATCACTTTGATACCCAAGGAGGCGAACCATCCCGTTGAGCTTTCTCGTGGCCACTTCGGACGCAAGTGCTTCGGTATCTTTGCCGATTAACATAAACAGGACATGGCGCGTAACAGACGCGACCTGCCGGGCCGCGTCCAGAAATGTGGCATGGTCCTTCATCGGATCGACGCGCGCCACGAGGGCGATGACCACGGTGTCATCCGGCACATCCCATTGCATCCGGAGCTTGGCTCGGAGAGAGGGATTTGGACGATAGCGCTCGATATCGAATCCATTCGGAATAATCTCCCACCTGCGCGGATGATAGCCCAACTGCTCGTGGTACGATCGTCCCGCCTCACTGTTCACCACGACGGCTACGGGCATGGGGGACAGCCGAGCCAGCATTCGCCTGATCCATCCGGTCAATGGCGAATACTGGGTCAGGTCCATGTCCGAACAGCGCACATTCCAAACCAAAGGTGGAGTGCCGCACAGCCTGACCGTCACCGTGCTCAGGAAATCGGCATGATACAGCCAGCTTTGTACGATGCTCGGCTTGATCGTCTTGAGCAAGGCTCGCAAGCGCGGGACCGTTGAGAAGGATGGCCGCCCTCGCCTCATTCCCAAGCTGTGGACCGGAATTCCCTGAGATTCAATTGTTTCTCCAAGCGTTCCACGGTCGGTCAGCGACACGACCGTGTTGGAAAATTCTCTTGCATTCATGCCTCCAACCAGCTTCATCAACATCATTTCAGCTCCGCCCGCATCGAGATCGGAAATGATGTGAACGATGCGGATCATGCAACGGTATGATCCCCGGACTTGTCTGCGCCGGACGGCCGGTTCAGTATGTCACGCCATAAGAGGGAGCCATGCTTGGAGACCTGCCCTCTCGAAAATCCCTGCAGAGCGGGGGCAATCCGGTGCGCCCCCCATAACAGGCAAAACAAGAGGAGCGGATAGATGTGCGCGGTATGCCGAAACGGCTCAACGAGGCGGACACTATACAGATAGGCGGCATGCCAAGTTCCCAGAAGCGAAAGAACCGGCACCCACCAATAGTCAGGGCGCTTGAGTAAATTTACCCAACCAACGGCCATACAGGCCAGGGACAAGGCGATGATAACAAGCGGCACCATCTCAAGATGACGACTCATGGCCCGGATCCCGCTTGCCTGCTGCAAAAAGATGAGATTCTTCAGACCGGGCGTGTGAGATGCGCTCATGTAGAGGGTCGATTCAATCCAGCCCTTGATCTGGCCGTAGATCAGTTGCGGGACGGTGTGCAGCTTGAACAGATAATCCGAGTATTTGAGCGGCGGTCCGGCATAGGGGCTGATTTCAAACTCCTGTGCGGATGGAAATCCTTCGGTGCCCATGCGATCAGGAAACTCCATGTTGGCGTTCCACCTGGCATATCCGTACGATGGCCACGATGGATCCCCATGGACTTTGTACATACCGTAGAGATGTGGGAGAAACATGCCTATGGCTATTGCCGTTGCCAAGGCTAGACGCGGCCATTTCCAGTGACTCGGCTGCACCGGTCGTAGCCCACGTCGTGTCCGCCAGACATTCAACACCCAGGCGCCCCAGATCAATGGGAGCACAAAACTAAAAGACGTCGACTGTGTCAATCCCATTCCTCCAATGGACAAGCCAAGCCATACAGAAGCCAAGGGTCCGCGTGCCCACAGCCAGATGCCCAGTACGGTGAGCAGAAGTAGTGTCAGACCTTCCAGACGTAACCCCCTCACGGCCTCGTGCACCCAAGCCGGACTCAACGCCAGCGTCCATGCGATGAGGACGCCCCATGCCCATTGACTCGTCAAGACCCAAAAAAAGAACCCGCTTGCCGCAATGAGACAGGTAGATGTCCAAATGGTATAGAGTATGACCGCTGGCGCACTTTGCCCCCAAACTCGAAACCATCCATCCAGAAGGGCCACATGCAGCGGCTCCCGTTCATTGAATGTTGCAGAATAGAACCCATGGTCGGTCGTAAACCACTCAAAGACCTTGGCATATGACCAGTACTTCTGGGCGTCCGGTTCCAGGGGAAGCGCACGAACCATGTCGAAGAGTTCCCATCGGATCGCAAACCCGACCATGGCAGCCAAGAGAATGCCGCCCGTCCCTGCGAGAAGTCGCCAGGCATCGGATGTTCCCTTCTGGCAGATCACCTGCCAACTCCATCCGAAAAATCCAATACCTAGTGCTGCCGCCAGAGGCCACGGTGACGGCAATCCTCGATCTGACGGAAACCAGGCCGCGGCAAACCTGTCCAGTACGAGTTGATCCGCAGTCCACGTGTTGGACGAAGCAACCAGGATTTCGGCCGGGCCATGGGCAGATTTTTCAAGCACACCTCCGTCGAGATCACCTAGACTGATCTCTTCGCGGAAGGGTCCATCGGCATAGGTCACCGAAAGAGCACCGGGTGTGAATGCCCAAACTCGAATTTTGTGCTTGCCTGGACCGGATCCCGGCAAGGCAAGACGAAGTGCACCACTCTGACCGGCGTCAAGATACCATCCATAACGGCCCCAGTGACCGCCTTCCTGATCGAGCAACCAGGACGATTGTTGCGGTTGAACATCCGTCAGGCGCAGATCGACGCCAACGCTTTTGGTCTCTTCAAATGCTTGCCTTGAATCCACCACGAACTTACTTCCGGTCACAGCCAACAAGACCCCTCCGGCCATGAGCAGCACCCAGCTGATCCATGAATACCGTGAATACCGTTTGCGTTCCGTCGTCATGATGATTTCTCCAGAACAACCATCATGCGGAACCCCAGCAAGCGGCCCAGGACTTGAAGCACCCTCTCAACAGCAAGGACCGGCCGTACCAGTGAGACAGGCAAGAGAGACGGATGCTCGAATCCTCCGCTGAGGGGATAAGCGAAAAATGCCAACCGGCGATGGAACAGCTTTTTGTACTGCGGATACAGTCTGGCAAACTGGTCGCCATGCCGTTCGAACAGGAGCGTCGCAATGGCCTGGTTGGCATCGAACGGTCGCCGATCGGCCGACGGAGGATGCATCGCGAAGGGGTCTGCCGACAAATCGACGGGTTCGGAGTGGAGAAAATGATAGACGGGCCAGGACAGCATGGAAATATATGGATCCATGATGACGAGCCGCCCTTCAGGTTCCAGCACCCGAAGTGACTCGTCAAAAAACAGTCTGACGTTTTCGAGATGATGAAGCGTATCGAATAAGACGACGTTGGCGAAACTCTTCGAGGCAAACGGAAGCGATTGTGCATCCGCCACCGCATCGAGCCATGGCAAGGCTACAATATCCGTACACAGCGCGCCGGGAAAGAATTCTTTCAGGTTGCCGGTCCCGCCTCCGACTTCCAGCGTTCGTCCGGTTCGAAGCCACGCGATAATTTCGCGGTACCATTCGGTGTACAAGAGACGAAGAATCGGCTTTTTCTCCCACACCGCGTGATGCTGCCGCAGGATATCGTCTGACATTACACAGCCTTCAGCCTGAAAAACCCATACACTGTCATCTTCAGCAAAAGCCACCCGTGCGCAAACCGGCGGATGTTAGTGGTCCCGTACGTCCGGTCCTGATAGCGAATCGGCACCTCCAGAATTTTCAGATTGAGCTTCGCGGCTCCAAACAATAGATCGAAATCTCCGAAGGGATCGAAGTCGCCGAAATAAGACCGGTTGGCGGCAATGCGCTCGTAGTCCTCCCGAAACAGCACCTTCGTCCCGCACAGGGTATCCTTGATCCGCTGATTGAGCAGCCAAGAGAAAGCCATGCCGAAGAATTTGTTGCCTGCCAGATTTAAGAGCCGCATCGCCTGAGATTCCATTGGATACACGAGCCGGCACCCGTTGATGAACTCACCCTTCCCTCGGACAAGCGGCTCGTAGAATTTCGGAAGATCCTCCGGGGGCATCGTCAAATCCGCGTCGAGAATCATGAGGATCTCGCCGCTCGCGTGGGCAAATCCTTTGCGCACGGCGTCCCCTTTTCCTTTGCCGTC
NZ_AP022671.1_gap44	1469847	1470493	646	GTCTCCGGCGCGTCCAGCCGTCGAGGTGCTTCAATTTGACGTTCAGGACGGCCGCTTGGATGCTGTCCAAGCGGAAATTCCCACCGATGATCTTATGGTAGTACTTGGGTTGGCTGCCGTGGACGCGAAGAATCCTGAGTCGCTCCGCCAGCTGCGGATCATTCGTCGTGACCATACCGGCGTCTCCCAGCGCGCCGAGATTCTTGCTGGGAAAAAATGAAAAACAGCCGACCGTTCCCAAGCTGCCCGCCCGCCGCCCGTCGCGGTATTCGGACCCGATAGCCTGAGCCGCGTCCTCGATGACCGCCAACCCCCTGCGTGTCGCGATATCCATCAACGGATCCATGTCCGCGCACTGACCGTACAGGTGAACTGGAATCAGCGCCTTAGTCCTCGACGTTACCGCCTGTTCGACGCGCCCAGGATCGATATTGTATGAGCGGGGGTCGATATCCACGAAAACTGGCTTCGCTCCTACTCTGGCCACTGCCCCGGCAGTGGCAAAAAACGAATATGGGCTGGTGATGACCTCATCGCCCGGCCCGATGTTCAACGCCATCAATGCGATCAACAGCGCATCGGTTCCAGACGATACACCAATGGCGGCGCCGGTTCCGCAATAGGAGGCAATCCGTTCTTCAAGCGT
NZ_AP022671.1_gap45	1476276	1479324	3048	GAATAGCCCGCGCAGCCGGGCGATGCTCGACGATCGGACGAACGGTGAATACCATTTTCTCCAAGGCGTGAGAACCAGCGGCTGAACGGAAATTCCGGCTCGCGTCGCTTCGGCATCCAGCGGACTACCGGGCGGACAAGCCAAGTGCGGCTCCCATTCCGTCCGATCGAGTCTGCCGGCGACCGCCAGCAAATCGCGCTCTGCCCCGCCGATATCCCCAATGCCATGGACATACAGAATGCGCCGGCCCACTAGGTGTGATCCCGCGACACGGAGCGGGATCGGAGCGCATCCCACAGCTTGGCGTATTTCACAAATGTATACATGCTCGCAAACACACAAACGAGCAACCCGCGGATTCCATCACGGAATCCCTGTTTGAGGACGTATTGTTTGAAGAACACCACCCAGGGTCTGAACAGAAGATCCCGGCCGCGGACGCGCCGGGCGGTCTTCCCCTTTTCCTGAGCCGCCAGTGTCGTATAGAGGCCGAACTTCTTGAAGTGATCCTGAATAGTGCGCTCGGTGTGATGTTCGAATGCATGTTCCAGTTTGCCGACTGGTCCTTCAACTATAAGATTTTCATGGACGGGCACGTCGTTGTACAAGGCCGCTCCCTTCCGGAAGAGTCGAAGCTGATAGTCTGGATAGACACCGGCATGGCGCACCCATGCACCGTAGAAGAAATTTTTCCTCGGGATCTCGAAGGCCACCGGTTCGCCGGCACGCCAGCCATCGATGCGGCGGCGGATCTCATCTTGGAGCGGAGGAGACACCCGCTCGTCCGCATCGACGATGAGAATCCACTCTGAGGATGCTGTGGAAATACCGAAGTTCTTTTGAGCTCCAAACCCCGGCCATGGCCGCACGATGACCTGAGCACCCGCTGCACGGGCCAGTTCGGGCGTTCGATCCCGGCTTTCCGCGTCAATGACAATCCGTTCGGTTGTCCAGCGCACCGAGGCCAGGCAGTCTGAAATGTTCGACTCCTCATTCTTCGTGATCGTGAGTGCGCTGATGGTCGCCATGAACAGTTTCGTTTTACTGCGCCGGAGAAGCGGCGCGGCCCGGTCGTCCCAAGGTTTGGAACTTCTGCCGATACACATCGACGATTCGAGACGCGGGCACCCATAACCGTCTCGCCGCCGTCATGCGGTCGAGTTCCTGAATGAGTTTCCGTACCGGCTTGGCGACCCGCTCACCAATAGAGCGCATGAACGATGGCCGGCCGGACAGTTCGTCGGGCTTGCACCAGAGCTTTGCCTGCTCCTCCCTGTCCCATTTCCGATCGATCGTCCATCGTTCGTGGGCGCAGGCGAACGGTTCCCGTTTGCTCTTGACCGTTGCGCGGATGAAGTGATGCACAAAGACGCCGCCGACGACCATGCACCGGCGGACATCGCCGTGGGTCAGTTCACGTTTCCGAAGGGTGTAATAGAGATCCCAATCGGCCGCCTGGATCCGCTCATCCAATCGACCGATCTTTTCGTACGTGTCGCGTCGAATGACGACACAAGAGCCCACGATGCCGTCGAAACACATGCCCGTAAACGATTGCCGCACCTCGTTGCAGAACTCTTCCCAGTCTCCGTACATCGCGCGAACCATGGTGTGCAGCGTCTCCTTGCTTTTTCCGGTCGACAGCCGGCCCTGGCCGATCGCTGCCCACCGACCTTGCATCCAGTCGGTCAACGCTCTGGTCGGCATCATCTCAAGCCCGAGGGGAGAGGCCGCGTCCAATCGTTCTCGTTCCATGGCGCCGAGTAGAAGCTGATCCCACCCCGGAGCCACGTACAAATCGTTATTGATGTGGCAGAGATATTTTCCGCGGGCGGCGACGGACCCAAGATTCATCGATTCCGGATAGCAGAGGTTCTTATCGTTGCGAATGACCTTGCACCCGCTCGATTCAAAAAATTCCGCGGATCCGTCAGTCGAATGGTTGTCGATGACGATCACTTCGTAGGGACCGCTGGTATAGCGCGTGATCCCGTCGAGGAACAGGCGGTTGTGGCCCAGTTGGTTATGGATCGCGACGATGATGCTCAGCATGCAGTCACTTCAGGCCGGGTTTACATCACCCGCGGAACCCGCGTGTCAGCACGTTCCGGTAAAACGCCGGGGTCAACCAACGGTTGCGCCGCCGTCCCCAGCGGGAGGCCCGTCGTATCCGGTCCGCCATGACTGCGGGATGACGCCCCCGGAACTCCTTGAGGACCGCGTAATCTTCGAATTGGAATGTCTCATGCGCCAGCTGCCGTGCCTCGGCGGCCGGCACCTGATCGCCATGATAGACGGCGACCTGCTCTCGTTTTTTTTCCAGCATAACCCGTGGATCCTTGACCCAACCGTAGTGGAACATCCGGGCTCCCGAGTGGGCCAGCCACTGCGGTGGGCCGCTTTGCAAATATTGCCTGGCCGTCTTGACGTGAAAGCCGACCGCATCGCCGCAGGATTCTACCTCTCCATTGTTCCGGATCACGCGCACCGCCTTGTGATAGAACCACGGATTGGTCGACCAGTAGTCGGCGACGAAATGCAGATAGCGAAACAGGAGCCCCTTGATGTCAGGATGGCCGACATGGTCCGCCATCGCCTGCCGGAGCGCCGGCAAATCCTCCTCGTGCAAGACTTCGTCGGCCTGGATATAGAGTCCCCAATCACCCGTACAATGGGATAGCGCGATATTGGTTTGCTGCGAGTAGATCAGGCCGTCCTTGCGCAGCGCTTCGTCCCACACCGATTCGACGATTCTGATCCTGGGATCGCGGATCGACCTGATCAAGTCCAGCGTGCCGTCTTCGCACCGGCCGACGTTGACGATGAACTCATCGCAGACGGGCAGCGCGGAGCATATCGATTCCACGATTGGGTAATCGTATTTGACCGCATTGCGGCAAAACGTAAAGCCGCTGACTTTCACGCGCCGTCCCGCTGCCGTTCCCACAGCTTGGCGTATTTCATGACTGTGTAATAGGCATAGAGCCCTGAAAGAATCAACCCGGGCATGCCGTCCAGAAATCCCCTCCGTTGGATGTACATTTTTAC
NZ_AP022671.1_gap46	1500453	1504159	3706	CGGCATCGGCGACGATGCCGCGGTCGTCTCGTGGACCGGCCGGCAAGGCCTGCTCACAACCGACCTGGTCGCCGAAGGCATTCACTTCGATCTCCGAACCGCGACCTTGATCGACGTCGGCTATCGAGCTGCCGCGGCCAATCTCAGCGACATTGCGGCGATGGGAGGCCGGCCCGAATATCTCCTGGTGGCATTGGCTATTCCCCGAAGCGGCAAGAACGTGGACGTCGCTCGACTCTATAGAGGAATCATGGCCGCCTGCCGTCCCTATGATGTCCGCTTGATAGGGGGCGATACATCGGCTTCGGCTTGCGGCTGGTTCATCAGCATCACACTGACGGGATCGGCCACGCACGGGCGGCCGCTGCTCCGAAGCGGGGCCAGAAACGGCGATGGGCTCTACGTGACCGGGACGATCGGCGATTCGCGCGCGGGCCTGAAGCTTCTTCAATCCCGGCGGCCCAAGCGATCCGACGCTCATGTGTCTCTCCCTCATAGGCGTTTCCTGATCCGGAGGCATCTCCGTCCCGACGCGCGCATCGCCATGGGACAGTGGCTTTCACGCGAGAATTTCCCGACGTCGGCGATCGATCTCTCCGACGGCCTCTCGGGCGATCTCCGGCATGTGTGCAGGGAGAGCGGAGTTGGAGCAGAGGTGCAAATGAATTCCTTCCCGCTGTCGCCTGCGCTCCGCGCCTATGCCCGTTCAGCTGGATTGGATGCCGCCTCGATCGCACTGGCAGGGGGTGAGGACTATGAGTTGCTCTTTACCGTTGCCTCTACTGTCCGTTCCCGCTTTGAACGCTCGGCTGCACGTCAAAACATTCCGGTGACGCGGATCGGGGTGATTCGCCCGGCCTCCGCCGGCATCCGAGTGTCATGGCCGGACGGTCGAACAAGCCCATTGCCGCGCATCAGCTACGAACATTTTGAGCCGGCCTCCAAAACCTGAACCCGTACACAGACGCGCATGCCTTCCCTCCGTACATTGCTCAAGCAAGTGTTGCATCTGCAGGAAACCCCGCAGAGGACGGCCCTGGCGTTCTCAGTCGGGGCGGCCATCGCGTTCTGCCCCTTCTATGGATTTCACATGATCCTGGTCGGCTTCTGCACCTGGGCATTCAAGCTGAATTTCGTCGCCTTGATGGCGGGCGCATTGGTCAACAATCCCTGGACACTGGTACCGACTCTCGGCGCCACCTACTGGGTCGGCGCCGTCCTGTTGAACAGACCGGACGTGCCGTCGTTCAGTTGGGACGACCTGAGTTTCACCGGGATCTACCATCAGGTGATGCCCTATGCCGTGCCGTTCTTGGTCGGCGGTCTCGTACTGAGCGCAGTCGCTGCCGTCATCGCCTATCCCATCGCATTGTATGTCATCACGAAATACCGTCGCTCCCACGCGGCCGCCGCCGGCGAGCCATTGCCGCCCCGGGACCGCCTGGGCTAAGATGGCGAAGGCACATGACGCCACCCCGTTTCTTCCGTCCATCCAATGCCCCATACGACGGATCGGCGCTGATCGCCGACCCCATCCATAAATATGTCTCGTTCACCGTGCCGTTCGCCAGCGCCGACCCGCACGAGCGGACCGAAAAGGATCTGATCGACAGTCCCTGGGTGCAGCGGTTGCGCTATATTTACCAACTGCAGAGCGCCCGCTGGGTCTACCCGTCCGCCGAACACACGCGGTTCGTCCATTCGCTCGGCACCATGCATGTGGCCGGCCGTTTCGCCAAACATCTCTACCCGTTTCTTCAGAAAGCGGCCCCTGACGTGCCATCGGCGCACTATGTGGAAGAATTCCTGCGCATCACCGCGCTGGTCCACGACATCGGGCACGGTCCCTTCTGCCACTTCTTCGACGACAACTACCTCCACGACTTCAATGCCAGCCACGAAAAGCTGGGGCAACTCATCATCCGCGACCATCTGGGTTCCATCATCCGGAAGATCCGCCGAAGCCCCACCGGGCCGTTTGCCAGAGGCGAGGAATTGAATCCCGACCAGATCGCCCACGTCATCCTGAAAGAAAAAGGAAAAGACAACTCCCGTCTGCCGCGCTGGCTGAACATGCTCCAGCCCGTGATTTCCGGAAGCTATACCGCAGACAACCTCGACTACGTCCTGCGTGACTCTTACATGTGCGGCGTGGCCGTCGGTCCGGTGGACCTGACCCGGTTGATCCACTATACGATCATCACGGACAAGGGCTATACCATCCACAAGACCGGCCTGCCGGCGCTGCAGATGTTTCTGAATACCCGCATGTACCTCTATTCCAACGTGTACTTTCACCGGACGACGAGAGCGATCGACATTCATCTGCGCGACATCTTCGGAGATACCATGAAGCTCGTCTTCCCGCACGACCCGCGCAAACGGATGGAGGATTATCTTTCGCTCACGGACTGGTCGCTCCTCGAACAAGTCCGGGGCTGGACCAAGTCGCGGCATGCAGCCGAACGCCGCCTGAGCGGGGAATGGGCGCGGATTCTTGGGCGAGACGTGAAGTGGAAAATGGCCTACAGCACGGTGCTCAAGGAAAAGGGACAGGAACGGGGCATGGATTTCCCAAGCCACGAGCACTTTGGGAGACAGATCAGGAAGGAGCTGCCGGCCTCGCTTCAACGGATCGAATTCCGAGTCGATATGGCCCCGCTCGATCCGCGTCCCGACCCCAAGGACCGGAGAGGCAATCCGCTCTACGTTTACGATCCAGGGACCAAACACGTGTCCATCGAACCGCTGGAGGAATTCCTCGACCTGCTGCCGACCAGGCTGGTGCAGTTCCGGATCTATTCCCTCGATCACCGCAATGACTCCGCACTCTCAAAAGCCGCAGCCACCGTCCTGAACAAGACTCCCTCGAGCATGGAGACACAATTCTAGTTTTGCTGTCCGCTTGCCCGTCCTCCTGACATACTCGCGACATACGGGACCGATCACCGGACGCTCTCGCGCGGGACGCAACCGCGTAGAGGAATGCTCGCTCACGTCTTTGCGACAACGCCATATGACGCGATGATCGGCTCACGGCATCTTATTAATCGACAATTCATGGAGGCCAGCGATGAACCAATACGTTCTGTGGTTTCTCATCGGCACGATGCTGTTCACATCTGCACCTGTCGCGGCTCAATCGACCGGTAATCATACCCCCGCCAACGCGGCGGGCATCCTCAATGCTCTGCCTCCGGATCTCTATAAGAAAATGGAACGGTTGGCCCAGTTGATCGATCAATCCATCAAATCAGGCAAGCTCACCGATGCGCAGGTTCAGCAGGAGCTCATGTCGGGCAGACTGGACCAGACCATACGAGGATTGGGGCCTGAAGCCGGCCAACTGATGGATGAAATTCAATCAGACATGCAGAGCGGCAACGGTCCTGGCGAAAATGCACTGATGCCGTTGTTGGGAGGGTTGGGACAATAGAGCCGCGTGAGCTGCTCCGTGTGAACTTGTATTATCAGCGTCGCAGTGATGATCGGCCACCTGCACTATCATGCGAGTTGGGATACACCTGAGGGTGTGCTGAGACTGGAACTCACCGGGAACCGGCACAGCAGGCTGCTTTGGAGTACAAGAACCATCCCCCCGAAGCTCGCACCTAACGCTGCTCCCCCTTACACGCTATCCCGTCCACAATCAGGACGAGGTGCGCCTCGGAGCTTTATTATGATGTGGAGCGGCTCGTATTTCATG
NZ_AP022671.1_gap47	1545535	1549388	3853	AGCCGATAATTCGAAGTGTAATCGTCCCGCGATCCGATTGGTTTTCAGGAGATCCTGGGTCAGACTGTTGAGCCAACGCTGCAGCGTCGTCGAATCGGCGTGGGCAATGTGTCCCGTGATGATCTCTCGCTGTTTGAGGTGGACCTGCTCGAACTTATACACCTGATCGATTGCGGCAGAGAACAGAGGTTTCTGCATCAGCAGCAGATGGTAATAGGTTTCGATCCTCACAATCGCATCCACGATGTCCTTCAACCGCGAGACGGAAGACGTGTTGCCGAGACTGATCCAATAGCGCTCACGATCATCCTGATCCGGTGTAAAACTGGTCACGAGACTGGTCTGCTCGTCAAAGACCTTGCTTCCGTACAGCACCGGTCCGGGAAGCAGCGTGCGCAATTCCCCGTTTGACGGAAGCGGGTCGTGTGACAGCAGAATGTCCAGCGCACAGACCGCCGTGCCAAGCGGAGTCGCCGGGAACGTGAAATCCGGGAACTGCAATGGTCCGAACGAGACATGGCCTATCGACGGCGGAGGCAGGTGCCAGAGCTGATAGTTATAATACTCGGTGTGAGCCTGCCACACGACGATCACCCGATCGCCTTGCCCACCCTCCCGGACCCCATATCCGAACGTGTCGCGAAGGACCCGATGCTCTGCTGGAAAGAAAAAAGAAGAGAGCAAGGACTGAAATTCGTCCCGGCTCGCTTTGCGTTGAGCTGGAGGATCCGACATGCGAAAGGCCTTATAGTGGACATGAGCCGGGGCACGAAGCCAGTCGGCCAACGGAGCCTGCGGACGATCGTGAAGATGTTTCAGAAACGTCGGCCGCCCGGTCTCTGCCTGCGACGCGGATTCCATCGGGTCCATTCGAAGTCTCCGTTCTATAGTCATTCGTTTACAAGCCAGGCCGTCGCTCGGCCGTCACTGCAACGTTCAACGGCTTCCCCGCGCGACGCACGTTCAAATACAGCACTTGTCCCGCCTCGACCTGACACAGACGCTTGGCGTCATGTTCCACGCCCACATCGGCCAAGGGCTTTTCATTACACGCGACAACATGGTCGCCCACCTTCAGTCCCGCCTTCTCCGCCGGAAGTCCGCTCCGCAACTCCCTAACCTGATAAAAGTACGAACCGCTTTCCTCCATGAGCTCCCAATTGACGCCGATACGCCCCGATCCCAACAGGCCGGTTTGGGAGCCGAACCGGGTAAGGATGCGATGCACAATGAGACGCGCTGAGGCTTCTGGATCATCGCTGGTCAAATCGGTCAGATGCCCTTCTCCGTTGAACAGGAGGAGCCCCGTTTCGACGTCGATCATCCGCAACGATAAGGAGACGTTGTTCGTTCGGCCCTGCTCTTGACGTTCCCATTGCTGGACGCCTCCCACAATGATGGCTTGAGCGCCCACCAATCGTCCGACACGCAGCACATTGGCGTCGTCGGCGTGAGTCAATTGAATGACTTGCTCGTTCAACACCTCATCCAGCTTTGCCCGCTCTACCATATTGATGTCGAGATCGAGCAGAAGCGTCGTAATGATTCCGGCCACGCGAGCCCCAGACCCTGGGGCATCCGGGGCATCCTCCAACATCATGACGGCCATCGTACGGTAGCGATCGATCATGTCACGGTTGATGGGCCCCAGCCCGGTCACAGTCGGCTCGGGTCGTCCGGATGCGCCTTCGAGGCGCCGCGATTGAATTCCGGTCGTCTCACAGGCCTTCCGGCGTTGCAGAATCGCCGCAGGAGTACCCCATGCGCAGAGTTCGTCATTGATCAGCACCACGTGGTGCGGGTACTCCCGCTGCCGTTCCAAGGCGAGATTCGTAAACGGATACACGATACACCCTCCGATCCAGATGGAAACCGGGCAGAGCCCCAACTCATACAACCACTGCCGGCGGGCCGTCAGGGAATATTCCCATACAAGAACCCGGCCGTCATCGCGGAGGACCCGATCGGGATTTCCAATCTCATCCAACACTTGGGCTTTGGTCATCGGAACGGCAAGCGCATCGAGCTTGGATTCGGATTTGACGATCGTATATCCCACCCCACACGCGGGGAGGATGCAGAGAACTGTCAATGCTACGAGCACTGGTGCGAATGTACGGGTCGGGATCGGGAAGGCCAATGACCGCGACATCGCGAGGAGGGTATCACCTCAAACGGACGGGCCGCAACGGAGGGAGCACGAATTCTCGGTCAATTACAGGACGGATCGAATGGCATGTCGGCATAGAGGCGGTAATCTTCACCCAGGGTACTCACAATTTCCGACCATATGCGGACGGGATCGCGCTCGAAGACGATGGTGGGATCGGCAGGAATCGTCAACCACGAGCCGGTCTTCATTTCCAATTCAAGCTGGCCGGGGCCCCAGCCGGAATATCCGACATAGGCACGGAACGCATCCGTACCCTGCTTTTCCGTGAGGATCCTATCGACAAGTTCCATGTCTCCTCCGAGACATACCCCATCAAACACATGGTGCGAATTCTCGGGCAGTTGATCGAGGCGGTAGAGGAGCATGACCTGATTGGGTTGAACCGGCCCTCCTGAAAACAATACATGGCGCTGTCCTTCGAGAATCGGCACGTGCGGCAATGCCTCAGAGACGGACATGGCGGTCGGCCGATTGACGACGACGCCCAACGCGCCTTCTGCCCCATGTTCACAGAGCAGAACGACAGTTTGCCTGAAATTCGGATCACGCAGGTTCGGAGCTGCGATCAGGAAGATACCTTTTCCGAGTGGAACTTTCATAACCATGGATATCCTAACGCGAGGTTCTTCTACGCGCAAGAGATCTGGAGAAGCGGCGTGGAATTCTGCGGTTATTTATAAAGGGATTCTCGCCGGTCTTGAAGGAGATCGTTGTAGGGAGTGACGGCCTTATTCCGTGCATCGGCTGGATTGATGTCCACGACGCACAGATGCTCCTGATCGCCGGGCGCCCGATGAAGAATGTCTCCCATCGGACTCACGATTTCGCTGTTGCCGATGTAGGTCAGCGGAGGTTTTCCTCCCCTGGTCTCACGACCCACGCGATTGCACGTGATCGCAAAAACCCGGTTTTCAAGACAGCGAACAGGCATCGAATCCGGACAATTCGGCAATACGAGGTTGGACGGATGACAGATAATATCCGCCCCTTTGAGAGCCAGCGTGCGGGCCGATTCGGGATAGTACCAATCGAAGCAGATCATGATGCCGACGGTGACGCCGCCGAGGTTCCACACTTGAAACCCCGTATCCCCGGGAGCAAAAAACAACGTTTCTTCAAAAAATAAATGGGTCTTCCGGTAACAACCGAGAAATCCCCGGGGACCGACCAGTACGGCAGAGTTGTAGCAGACGGACCCGCACCGTTCGGGCAGACCAGCCACGATGAACAGATCCTTTCGTTTCGCCAACTCGAGCAGGCGCCGTGTCGTCGGACCATCCGGAACCGGCTCTGCGAGGTCGTATGCTTCTTCGCGTGAGAGGAACTGATAACCGGACGCGCATAACTCGGGAAGCACGAGAAGATCCGCCTCGATGGGTTCAAGGCTCGCCTTGATGCGATCCAGGTTTCCTGAAACATTACCGAACTGGGGGTTCGTCTGGTAGTAACCCACTCGCAACGTTTGCCCATTGCCTCCATACGAGAACGGGCAGGGGGATCTCCCCTGCCCGTTCAGAACAATCGGCCAGAAGCCCTAGCCCCCGGCTCTTCGTCGGGTCGTTACTTGACTTCGGAGAGATGCGTCACCGCACCCTCGGCATGCTTGGTTGCCACATCGGCATGCCCCGCTTTGCCGTGTTCGATCGCCTCCTTGAGATGCTTGACTCCTTCGTCCAGGTG
NZ_AP022671.1_gap48	1736855	1739853	2998	GTAGAGGGTCCCAGCCACTTGATGCGACTGTTTCCCGGCATCGACCCGTACCCGGATCAGGCTCATGAAATCGCCGGCATCGGAGCTTCGCACCTCTTTGACCTCGATTCCACGTTCTTTGGCGACGATTGGAGCATTCACATAATTGACAGGCGCTTCCATGATGGGTGTCAGGAGTCCCTTGAGTACGGCAATGGTCAAAGGAGAGACTGACAACGCTGCCACCTCTCCGCTGTATTCGACCGTCAGGTGTTCGATGCCGCCTTCGCATAGTTGAGCCTGCAGCTTTCCGAGTTGTTCGGCCAGGGAAAGATACGGCTGAAGTCGTGGCAGCAACTCAGGGGGCACGGACGGAATATTCACGGCCCCACGGGCGATCCCTTTCGTAAAATAATCGACGATCTGCTCGGCAATGCCCACAGCGACATTTTCCTGCGCTTCGGTGGTCTGCGCGCCGATGTGAGGGGTGCAAATAAAATTGTCGAGCGTCAACAATGGATTGTCGGCTTTGACGGGTTCTTCTTCAAAGACATCGAATGCCGCCGCTCCGACATGTTTGGTTTTCAATGCTTCAAACAAGTCCCCTTCATGAATAATTCCCCCACGGGCACAGTTGACGATCATCACCCCTGATTTCATCGACGCGATGGTTTTCGCATTGATGATGCCCTTCGTCTCCGGGGTCAATGGCGTGTGAACCGAAATGATGTCGGCCCGGCGAAACAATTCGGCCAACTCCGTCATTTCGACTCCCATTTTTTCAGCCCGATCCGTCGCGAGATACGGATCATAGGCAATCACCTTCATCCCGATCCCCTGGGCCAACTTCGTCAGATGACTACCGATCTGACCCACCCCGACGATGCCGAGCACTTTGTTGTAGAGCTCGACGCCCATAAACTTGTCTTTTTCCCATTTTCCGGCTCTCACGGAGGCGGTGGCTTGGGGAATACGACGACTCATGGCGCAGATCATGGACATCGTATGTTCGGCGGTTGTCACCGTATTGCCGCCAGGGGTGTTCATCACCACAATCCCCCGGCGTGTAGCGGCCGGTGTATCGACATTGTCCAGTCCCGACCCAGCGCGTCCAACCACTTTTAGCTTGGGTGCGGCGGCAATGAGTTCTTCGGTGACCTTCGTCCCGGAACGCACGATCAACCCGTCGGCATCCTTAATCTCCCTGAACAATTCATCCTTAGGCATCTTGGACTTCACGATGACCGTGAAGCCCGCCCGTTCCAGATGCTCGACGCCTTGCTTGGAGAGACTGTCGCTGACAAGGATTTTCATAGACCCACCTATTTCGCCATGAGGATTTCTTGGGCCTTGGCAACGCCGCTGCCGAGTTTAATGGGATGCCCGAGACCTTTAATGACCATCTCGGTCGCCGCCATAGCCACAATCACATCAAACCGGTCCATGTATCCCATATGTGAGAGCCGGAAGATCTTGCCCTTGAGATGATCCTGCCCACCCGCTGCGGTGATGCCGTACTGCGTGCGCAGATTCTTGTAAATCGCCTGCCCATCGACACCTTCCGGAGCGGAGATGGCTGTCAGCGCGTCACTAGGCGACTCCTTGGGGAAGAGTGCCAATCCGGCAGCCTGCATACCCTCTCTCATCGCCTTGGCCAGATTGGCCTGCCGGTTGAAGACCGCGCTCAACCCCTCAGCCTTCAACATCTTTAACACTTCCTGCAAACCGATGATGAGCGAGACAGCGGGGGTATAGGCCGTCTGGTTCTTCTGTTGATTGTCCCGTTCTCTCTTGAAGTTGAAATAAAACGAGGTGTTCTTGGCCTTGTCCGCCAACTGCCAAGCCTTCTCGCTGACACTGACAAATGCGAGCCCAGGCGGCAGCATCAGAGCCTTCTGAGATCCTGTAACGACGACATCGATTCCCCATTCATCGGTCTTGATATCGAAGACTCCGAGCGCCGTAATGGCATCTACAACCAGAATGGTTTCACCATGGGCCTTCACGATCTTTGCGAGCGCCTGCACATCATGGGCAACGCCGGTAGAGGTTTCGCTTGCCTGAACGTAGACCGCCTTAATGGCCGGATCTTTCTTGAGCGCGTCGGAGACTGCCTGCGGGTCGACTGCCCGCCCCCATTCGACTTTCAGTTCGGTAACCTGAGCGCCGAATGCCTTACACAATTTCCCCCAGCGTTCTCCGAATTTGCCCCCGTTGACGGTCAATGCCTTATCGCCCGGAGACAGGAAGTTGGAAACGGCACCTTCCATCCCGCCTGTTCCTGAGGATGCCAGCATCAGAACATCGCTTTGCGTTTGGAACAACCATTTGAGCCCGTCTCTGACTTCCGCAAAGAGCTTATCGAACTCCGGTGCGCGATGATGGATCATCGGGCGTGCCATGGCCAGCAGCACTTCCGGCGGGACAGGCGTCGGACCAGGAGCCAACAAATACCGCTTGATCATTGACGATTCCTCCTCCGCATGGATGCATCGAACGGGGCCGGTTGAAAGGACGGACGATAGCATTGCCCTCAGAACAGTGTCAAGGCGATGCGCCCATAGTTCCTTGTAATTTCTCGCACTTGAGAAATTGTTTCCTTCATAAATTTTCTGCGTCTTGGTCGGATGCAGCTCCTTTCGTACGCTTGGCCAATCAAGCAGCACGCCCATAAACCTGCCGCAAATTCTTGACAAGGAAGGTCTTCATCGATAGTCTAACCTTCATACCATGATCCGCACGACTGCCCAGACCATTCCATCCATCGTGTTTCGCTCATTCGGTTTCGTATTTTGCGCATGGCTCGCGTTTGGTATCGACGCACCCCCTGCGTTCGGTGAGGCTGAGCCCAGCGTCGGAGCGGGACGAGAGGCGCTGTCATCTGTTCCGGGAACGGAAGACCAAAATGCAGATCCGGCGGATGAACCGGACGCCAATCTGGAACCCGTTGAAGCCGAGGCCGCGAGCGATGAACCGTCTGTCGCATCAGAGAACACTATCGTTCCGCATGTGGAAGATC
NZ_AP022671.1_gap49	1746093	1748089	1996	GACATAACGGACAGGAGCTGAGGGCGTGGGATAGATGCCGTGGTCACGGCGAGTGGAGAGCTGATGAGACTGTGGGGGTTCACTGCTTCTGGTTCATCGCGCAGCGAAACCCGATCGTCCTGTCTTCAAACTCCGGCTCTGCGGAAAATCGAGCGGTCACACGAAGAGCAGCCGGTAAATCCGACCAGGAGCCACCTCGCAGAACGCGTTTCTCGCCGTTTTCAGGTCCGCGAGGATTTGATTCCGGAGCTTTCTGATAATATTCACGGTCATACCAATCACTCACCCATTCGGAAGCGTTGCCGGCCATATGCGTCAAGCCGAAAGGGCTCTTGCCGCCCTCTTTCAGGCCATGTCGAACGCTCATCCCTTCCAGGCCCGCGGTCACGGGCACCAATGTGACCGCTTCACTGACCCATAGGCCCCGATTGTAATTCGCAATATCCACAAACGGCTGCATGTGTCCCCACGGAAACCGACGCCCATCCGTCCCCCTCGCTGCCTTCTCCCATTCGGCTTCGGTTGGGAGACGCTTTTCAACCCATTGGCAGTACGCAGCGGCATCTGACCATTTCATCCCGATGGCCGGCCTGTCGCCAACCGTCGTGGCCGCTTCGTCATCCCAGGTGGAAGGCGAATCATGTTTACCGGACTCAAGAAACTTTCGATACAAACTGAGTGTCACCTCGTATTGGTCGATATAGTAGGAGTCCAAGGTCACACGGTGTTCAGGGCGCTCATTCGGAAGTCCGTCATTGCTTCCCATCATGAAAGGTCCTGCCGGAATGAGGACCATGGGAGCGCCATCCTTGCCTTTTATCACATCAACTGTCACCCCCTGCCTGCTGACCGCCTGATCAGCCTTTCCTGGTTCCGATGGACCGGCACCCAACATCAACATGGCGACCGCAGTTGCCATAAGAGACCAGTAGGAGGCAGGCGCCTTCTGCATAGATACCTCCGATATGCTCTATCTGCCCAAATAAAAATGAATCATGAATGCGCTCAGTCTACTCAGACTTATGGTTAAGATCAATCGACCGGATGTGAGTGATCTCGGATACGGTGCGGGGCACGGAAGGGTCATCTGACTCCAAAGGCGTCGGGCGGATGGTCATTCAAGGCAAAGGCTTACAATCTTTCCACCAATCTCGTTCGGCACAGGGTTCCTGAAGGATTGATGGACGCTCATTTCGTCAGTAACCACGCATATACATCTGCAATGTCCTGATGGGTTAGAACCGAGCTCCAGCCCGGCATCGGCCCACGCCCATGTAACACGGTCTCCCAAAATAAGTCTTCGTACTTAAGAATGGGATTCTTGGCCAGTGTGGGTCCAACGCCCCCACCGCCTTGTGCACCATGACAAGCCTGGCAATTATGCTCGAACACATGTGCGCCTCTAGCGGCCACGCCAGGCAGATTTTCCTCGCGCATGGTGTCCGGCATGGGCAGCTCAGATTGGCCGCTTCCTTCAAACAATGGCGGAAGTCGTAGTGGCGCTGATCGGTGATAGCGGGCGGAGAGGTATCGGACGAGCAGACCCATCTCGTCATCGTTCATTTCGGCCCCCCATTGTTTCATTTTTTGGACCGTGGCCGCCCAACGATCTTCCGACAACCGTTGTTGCGAAATAAGATCGGGGCTGTGGCACACTGAACACCGCGCCATGATGAGCGCTTCCGCGCGGGGAGCCAGCGCGGCACTGATCGCGCCCTGATCGTCCTCCTGGGCGACGGTGACAGCGGTCCACGCGCCAAGACCTATTACAAGGCAGAGAATGACGCCGTTCCTTTGGCTCATCGTGCTGATCTCATTCCGGAATTTGACACAACCGTCACCATGACGCGATCCCATCCGTTCCACATGAACCCTCCAGGGTTCCAGGCAGTGACAGCAGGTTGCATGGCGCCCATCTCATCCGTCGCGCGGCAGCGGACCGGAAACGTACCGGCAGTGGAAGCCTTCCACACGTATTGCCATTGTCGCCATGCAT
NZ_AP022671.1_gap50	1750352	1751580	1228	GTAAGCGCATACTGAGGGCCCCTTTGGAGCTTACGGGCATGACTCAGGGTAAAGCCTTGGTCAATCAGCACGCCGCACTCCTCGAATTCGCCAAGTCGATCGCAGCCCACCAGAACATATCTGAACTGTTCCAAGACCTGGCCAACAAACTGCCTTCCATCACAGGATGTTCGGCTATTGAAATAGCGCTTCATGACCCCGAACGGAACACGATGCGTGTGCATAGTTTGGTGAGTTTCGAGCCGGTAAGTCTTGTGGAACATGAGTATCCAGTCGAAGATGTTCCTGGCGGTTGGGTCTGGAAGCATCAGGGACCCTTCATCTGCCACAACGTGGCACTAGAGACGCAATTCCCCAAGATGGTGCCGAAGGTCCAACGGGCAGGAGTTCAGTCCTTCTGCACAGTTCCTCTTACAACCGATCGCCGGCGGTTGGGAGCCATGGTTATAGCCGGCATGGTCGTAAATCACTATGAACAGTCGGAAGTCGATTTTCTGCAGCAGGTCGCCAAACACGTCGCCATTGCGGTCGAGGGCGCTCTTCATTGCACAAGCGCAGCCTCGGCGCAGGAAGCGATGGCGCGAGAGCGCGACCGCCTAAGGGTCTTGCTCGAGATCAACAATGCCGTCGTGTCGCACCTCGATCTGCGGAAGCTCTTAGAAGAAATTTCCAACTGTCTGAGGCGCGTCATCCCACACGATGTTGCGGCACTTGCCCTCTATGATCCCGAAAGCTGCCAGTTGCTTGCTCATGTGCTGGACTTTCCCGGCAAACAGGATTTCGCCGGCCAAGGGACGCCGATTCCGTGGGAAGGAACTCCGGAGGGTCTGGCCTTTACGACTCGTCAAACCGTATTGATCAGGAAGCTGGACATCACGGAGTTTGACGCGGATATCGTCAAGCGAGCGGCGGCGGAAGGCCTCAGGTCCGGTTGTGCCGTTCCTCTCATCGCACGTGGCTTGCCACTTGGCACCTTGAGCGTGATCAGCTTACGGGAAGGCGCGTTCGACGACGAGGATGCGGATCTTCTCGGTCGTATCGGCGTACAGGTCGCAATCGCGGTGGAAAACGCGTTGAACTACGCGAGGGCGCGCGCGGCCGAAGGCCGGTTCATGAAAGAGCGCGATCGCCTGCGCTTGCTCATGGATGTGACGGGCAACCTCACGTCGAACCTCCAGTTGCACGATCTGCTGCACGCGACAGTGGCGGGCGTCAGACGGGTGATGCA
NZ_AP022671.1_gap51	1753253	1754960	1707	TTTGCCGGAGGTTGTTCCTCGACTTACGAAGCGAAGCATGTCCAGCCATCAGGCTTTCTCAAGGCCTATCACGCCCAACTCAATGCCCGTTCGGTCGGCAGCGGGATCCGTGACTACAAGAACCCTGATGTCGATTGGTCAAGCTACCGCAAAGTCATCCTGAGGCCCGTGCACATCTGGGAAGGGTTTTCATCACAATTACCCCAGGACCAGCGCGAAGAACTCCAGAAGTTGGCTGACTCCCTGCACGATACGCTCTATCTCAAGCTCTTCCGGGACTTTGAAGTGGTGGAGCAACCAGCACCGGACACTATGCTCATCCAGGTCGCCATCACTCACGCGGAAAAATCATGGGTTGCTCCGGCGTTGTTGTCCAAAGTAAGTCTGGAACTCCAGGTGTTGAATACGATCTGGACGTATTTCAGCGGAAAGCCTGCATTCGCAGGAGAGGTCACGGTCGAGTTTACGGCGCAGGATTCACAAACGGGAGCCCTGCTCGTCGCGGGAGCTGACCGGCGTGTCGGGGGACAGAACCTCTTCGACAGGGAGGTGCTCAACTCCTGGGGCGATGCCAAGAACAGTTTACACTTTTGGTCAGACTTGTCCGCCTATCGCTTCTGTCGGCTCCAGAGTCGGGCGGGCTGTGTAGAGCCAAAGGCCTGACGAACAGTTAGAGACGCGACAACGAACGTCATTTTCAAAGTCATCACATTCGCTCTAGCAGCCGTAAGGTTCTGACGCTCGAATCCTGGCTCCAGTTCCCTGGAGCCAGGATTCGAGCCTTTACCAGCATAGTCGAAGAGACTGATCCCTGCCAAACTCGCTCCTCCCCTCCCCAGGAGACAAGTACAAGACAACGGGCGCCAAATTGGATTAGGATGCTCGCCGAAATCCGGGCTGGGCCTACTCATCAAAGGAGGCATGAGCATGCGAACCATTTCGCGCAGAAGGTTTTTGCAACTTTCGGCTCTGACTGGCAGCACCCTGCTCATGGGTGATCTGGCCAACCGCATAATTGGGTCAACCCGGAATCAACAATTGGCACATGCGGCTGAGCCCATCAAGATCGGGATTATTGATCCCCTTACCGGCCCATACAAGACCTCCTCGATTCATGATGTGCATGGTGCGAACGTCGCTGTCGATCTTTTCAACAAACGTGGCGGTGTCATAGGGCGCCCGGTTGTCATTCTGGAGGGAGATGATGCGTCGAATCCCGAGCAGGCAGTCCAAGTCGCGACAAAGTTCATCAAGGAAGATCGGGTCGATGCACTGATGGGGACATTCAACGGAGAATGCGCGCTAGCGGTCAGTGCGTTGGCACAGAAAGAAAACAAATTATTCATGGTGACCGGCGCGTCTATTCCTGAATTGTCCGGAAGCTCCTGTAACTTACAGACCTTCGTGTTCATGCCGAATGCTCCGATGATGGCGAATGCGGTCGCTCCCTACCTCGTAAAAGCCTATGGGACTCGCTGGTCTATGATTACCGCCGATAATATGGATGGTAAGGCGATGGCCCAGGCCATGAGCACAGCCTCCCAGGCTCACAACGTTGAACTCGTCGGAGAGATCATGATGCCGTTCGGCTCAACGGATTTTTCTTCTGTATTGGAAGAAGCCAAGAAAAAAGAGCCCACGGCAATCATTCTGAATATATATGGCTGGGACCTCGTGCATGCGCTCAGGGGCTATACGAAGCTGGGC
NZ_AP022671.1_gap52	1764701	1766598	1897	CGGTGACTGTGCAACAGCCTCTCAAGCGATTACAGATGCCGTCACCCTCAAGCCGGACGTCGTGCTGATGGATCTTCGTCTGCAGGAAGGCAGTGGTGTTGAAGCCTGCCGAGAAATCCGGGATGCCTGCAGGAACACACGAGTCCTGTTTTTCACCTCTTTCGGCGACGAAGAGGCGGTGCTATCGACGACTTTAGCCGGCGCAAGCGGTTATCTCATGAAACATATTGACGGGAGCGTCCTCATTGATGCGGTCGAACGCGTTGCAAGGGGGCATTCGATTATCGATCCGAGGATCTCAGAGACGATACTCACGCGAATAAAATCGCTTGGATCGGAGCGGACTGAGGATGCCATCGAGTCACTCTCTCCGCAAGAACTCCGCATCCTTCCCTTACTTGCCGAAGGAAGAACCAATAAAGAGATTGCCATTGCGCTCGGTCTAAGCGACACGACGGTGAAAAGTTATCTCCACAGGATGTTTCAAAAACTTCACGTTTCCCGGAGATCGCAAGCCGCGGTCTTATTTTCTAAGACCACTAGAATGTAGTGACAAGGGCCCTCGGCCTACCTCCAAAAAACATCCGGCATACCTCCGATCGGAGGTACCGGATTTCTTCCGTTTCGCTACACTTAAGACATGTCTGAATGCGCAGGGGGTCGAGTCCCCATGACCTGCATCCTCGTCATAGACGACGATATACAAACAAGGACATGGATGAGACGTGTGTTGGAAGCAGCAGGGTATGCCGTCACAGAAGCCAGCAATGGCCACATGGCTCTTCAGCGCCTTGAGACTGCGCCGAGTGATTTGCTGATCCTCGATATTTTCATGCCAGAAAAGGATGGATTGGAACTGCTCCGTCGGCTGCGCAGTCAGCATTCGACCGCGAGGGTCATCGCGATTTCAGGAGGCGGGGACCTCGAAGATACGAGTTATCTTGCCGTGGCGGCACGGCTGGGAGCACACCAGATACTTGAAAAGCCATTTGATAGTGCGACGCTGCTTCGCAGCGTAACGCAACAGTTAACGAATAGATGAGCAGCCAGGTACGTGTGACGACATATTCAGAAAGCATTCGCGTGCTAATCATTGATCCGTATGAGAGCGATCGGCTGTATTGGCATCGGCAACTCACGCAGTTTTCAGGTAGCTATCGAGTGATGGAGGCTGAGAGCGGCGGAATCGGCCTTCAGCGTCTTAAAGACCATGAGTTCGATTGCATCCTTCTTGAACTTGATCTGCCGGACATGACGGCTCTGGAGGTTTTGACCCATATCAGCGCTCACCTCGAAGGGCATCTTGGAGTGGTGGTTTTTACTCGGCACATGTTTTTGTCCTTGGCTGACCTTGCCTTGCGAACTGGTGCGCAGTTGAGCTTGTTCAAGTTAGTCACATCTATAGAAGACGTGGATCGGGCCATTCGAATGGCGATGAGGCCACGCGTTGAAGAGTCGATCTAAGACAATTGATTTATCAGTTGTAATTCTAATCACGGATAGTGTGATCGTTTGCAATCCGCAGAATATTTGACCATGGCATTCACTGTTGAACATTGTGGAGGGGTACATTAGAGCACTCAATATCATGGCTAAGAATAACAATGGAGATTTCAAGGCGCTCGGTGGATTTTATCAGTAATGTGACCGCCCGCGTCGCACGGGCAAACCCTCTTGCACGATCGTTTAATTTCGCGCGACGCGATTCTTCTATGGAAGAGAATCCGGTCATCGTGACCCAAGCAACGGATGTCTGGTACCGGCGAGACAATGGACTAATTCATTCGTCAGCGCGAAGACAACATGTGCGTCCGAATCCGCTCGCGAAAGGGTCGTCGCCCTTTGATCGACGGTGCACGCCTTACCATCTTCACGAACGAACTGCCTGCACGAATAA
NZ_AP022671.1_gap53	1835115	1838017	2902	TTTTCCATGGCCATAGCCTGTCACATACACCATGCGTAGCACACGCGTTGTCATCATCGGTGGAGGGTTCGGAGGACTCAGTGCCGCGCTGTCCCTGCGCGACGTCGATGTCACACTCATCGACCGCACGAATCACCACGTGTTTCAGCCGTTGTTGTATCAAGTCGCCACCGCCGCCCTGTCGCCCAGCGATATTGCATGGCCCCTCCGCACGATCCTGCGCGGACAGCGCAATATCCGAGTGGTCATGGATGATGTGCTCTCGATCGATCGGGTGGTCAGAAGTGTCACGCTTCGCAACAGCGGGCCGATTTTGTTCGATGTACTCATCGTCGCGACCGGATCCCGACATTCGTATTTCGGACACGATGAATGGGAGTCGTTTGCGCCGGGACTCAAGACCATGGCAGACGCGATCCGGTTGCGCGAGAGAATGCTATTCGCGTTCGAAGAGGCGGACCGTCGGCAGGCCGCGACGGGAACGCACGATCCCCTCAATTTTGTCATCGTGGGCGGCGGACCTACCGGAGTGGAGCTTGCCGGGGCCATGGCCGAGATCGGGCGAAAAGCCATGGGACCGGATTTTCCGACGCTACGGCTGAATGATCTGTCGATCGTGCTGGTTGAAGGAGGGCCGCGCCTGTTGCCGGGATTCAGCCCGGACCTTTCGTCCAAGGCCGCCGACGACCTGTCGCACATGGGAGTGACCGTCCGTCTGAACACCGAAGTCACGGCAGTGCACGCCGGCGCAGTTTCCATAGGGCAGGAACGGATTCCGGCAACAAACATCATTTGGGCTGCCGGAAACAAAGCCTCCCCGCTTCTGGCGACGCTGAAGGCTCGCCAAGACTCCACCGGGCGTGTGTACGTCACGCCGGACCTGTCGATTCCTGACGAACCCTGGATCTTCGTTATCGGCGACGCCGCGCATTGTCCGGGAAAAGACGGGGCACCTCTGCCGGGCCTGGCGCCGGTCGCCATGCAGCAGGGCCGATACGTGGCGGACATGATCGAGAAAGACGTGCCGAGCGAACAACGGCGCCCGTTCGTTTATCGGGACCGCGGTATGCTGGCGACAATCGGCCGGGCACGTGCTGTGGCTGAAATAGGCCCGCTCCACGTCTCGGGCCTCATCGCGTGGGTCCTCTGGTGCACGGTGCACATTTTTTTCCTGATAGGATTCCGGAACCGGGTCCGCGTCATGTTCGAATGGATCTGGTATTACCTCACCTTCAAACCCGGCGCGCGACTCCTCTACGCCCAGACACAAACCTCACATGAAGAGGAGCGGCAGCGGGTCGATCCCTAGACAGTGAGCGCATACGTTCAACAGTAGCGACGCGTATGGACTGCCGCCAAAATACGCAAGCCTGTGATTCCTCTAGGCGAACCCGTCATGACTCGCGCACACGATGAAACCGGCGAACCTTCATTGACTGGCTCCGCCCGTCTCTGCCGACCCCTACGAGATAGCTGGATTCCTGAAACCCATCACCGAACTGCTTTTCCACATGGCCGAGATCCCCGGCGTCACGAGATTGCTGTTCCCGGGCGCGTATGAGCGTCTGTAAACGGACGACCTTTGCCGCGATACGATTCAGTTTTTCCTCTTCTTCCATCAGCTCTTCCACCAAAAATGCCCGCGTCCCCTCTCTGTCCTGTTCAGAGCGGTTTCCAGACCGGGGAACAAGCTGACGCTCTGTGCGCGGCCCGTCGCTGTGCTGAAACGTCTGGTCATCTGCGAATGATCCTGGCATGTGTTCAGGTAAGACTTGCGCCGAACGTGCATGGTTTTTTTCAGATGGCTGAGGGGCAACCGGGCGACCAGGCGCTCGGGCGGTGAGCGCTTGCCAGAGATCCGCGGCTGTCTTTGAAACGCTATTCTTTACGGTAGTTCCAAATCGATTCAACCTGTCTCTCAGTGCCATGCCGGTCACCATGGTCCGCAATCCACGTCCCCATGAAATGAGCGTGCGCACGACCCACGACCCTACGGCCGTGGAAATCTTTTCTGCGGCTTGAACCTGTTTCCATGCCCAAACGCGCAACGGCGAGGGACGCAACGAGGACGGATATTTCACTTGCAGTCCACCCGGCTGGATCCGAATTTGCTTGACCGGTCTACGATTAGCCAACGTTCGATAACTCATGTGACGTGCCTCCTTCAAACTACAGGACGCTCGTGTGAAAATGTTTGATGCGCAGATGAAACCGACCGGCTGAACCCGAGAGGATCAATCTCTCAATATGCCACGGGGGAGACGAACGACACGAATCGACCCGCTGTTCACAAACGGGTTCAGCCCGTCATTGGCAATTCAGGAGGGTCGGAGGGTCAAATCCGTGCCGGTAAACCGGAAAAGTCACAAGATGGACCAATGGTGTCCGGAATGGAGCCGGCGCTGGGAATCGAGAGGGCTGCCAATTGGTCATAAAATATCTCTACCCCTGCGAGATTGCATTAGTCAATGGGTTAATGGGCCGCAACATCGCACAGGGAAACATTTGTCGAGATCCATCAACTTGTCACTGTGTCTATAATAAATATCGCCCCCGGGATGTCGAGGGCTTCAAACGAAGACATGGGCCAACGAGGATATCACCATTATCTGGAGACCTACTTAGGATGTTCCGCAACCCTTTGCTTTTCTAACTATGATCATGATCATGAGAACAGCCGTTGCTGCATGAACCCCAGGCGGGCATGGAGCCGGTCCTTCGCTTCGTCTACTGTCGTAATGACGACCGTCCTCGGCGAAGGCCAGAGCCACTGATCCCGAACTCTCCAGACATGTTGATTTCAGGACGTCTAATTCATTCTGCCTGCAACCCTACTCCACATGGCCAACGTATTCATGGTGAGGCAGTCCTCCTCGAGACGGTCGCCCCACCGTCTGTATGA
NZ_AP022671.1_gap54	2021718	2024596	2878	CGAAAATCCACATGGCCGACCGACACATCGATCACAGGGGTTTGCACGGCCACGGCCAAGTGCATAGGACCCGTGTCGTTGGTCAGAAGCACCCGGCTCTCAGCGAGTAATGCGGTCAGCTGCGAAACCGACGTGTGACCGACAGCATTCTTCACGGGGTTCTTGCCTCCGGATCCTCTGTAGACCTGCACCACCTGCGCAGCGGTTGCCTGTTCACCGGGGGCACCAACAAGCACAATTCCGCCTGACCATTTGTCGGAGAGTCTCGCGAGCGTAACTCCGAAGTGTTCGGGTCGCCAGGCTTTCATAACATCGCTGGCACCGGCCTGCACCGCGATCCACTGGTGCGAGTCATTGCCCGGCATAGCAAGAAAGTGCTTTGCCCAGGCACCTGCCTCGGCGGGAATGCACGCCCGAAGCGGAGCGAACTTCCCCGGCCCGCTTCCGCCCAACGCGTACACGTCGACTAAGTTGAACCGGTTCATGGATCGAAAATGATGCATGTCGCTAAAATAGTTCATCCATGGATTGTCGATGATCATGCGGCCGTCCCAGCCGCACCTTGCGCCACGAATGTCAGCCACGTCCATATAGCTCGACAAGAATGCACTGGCCGGATTGAACGTCAGATTGATAATCCGGTCGTAGCGACGTTCATGAAGCGGTGCGACCCACGCTCGCATTTCGCGATAAAGAGACCCTACATCATGTTTCGCAATCCGGCTGTTGTCGATGAATTCGTGAAAATCATAGGGTACGACCTCTTCTACTCCTGCGAGCAAAGACGTGACCTCAGAGAATCTTCGGTCGATGACCAGATCCACCTGAACTCCTGGCCACTCTTCCTGCAAACGGGCCAAGAGCGTGCCCATCTGCACGAGATCCCCCATGCGCGTAACATTCACGATCAGCACACGCCGGCTCATACTAAATCCCGCGTCTCCGCTCGATAGCTGTCCATCATCAGAATCAGCATTTCCTCCCGCCCAAGTGAGTGGCCGGCACCTCGCGAGCGGATCTCAGCCGCCACATCCTTCAACTCGACGCGGCGGCCCGCCGGAAACCGTCGCAACAGTGCGACGAGCTCCGGAGACGACGCCTCGTTCGCCATGCGATCAGCATCGCGATCTCCTCGAAGAATGGCTCCGATCCGGTCCGGTTGATGGAATCCGATCGTCGTCAGTAATTCCCTCATGCGATCCCGGTACGTATGCTCACGCAGAACACGCTGCCGGCCTGCAGACGCGATCGCGTGGCGGGCATCCGCATCGTTCAGCCAGTGGCGGATAAGCCGCGGAACGTCTGCCGCGTTCTTGAATCGCACTACTTCGCCTTCCGTGAAGACTTCCGGCAGGAGCCGGCGATCGTCCACTAGCTGGAACGCTCCGCAGGCCGCCAGTTCGAAGGTCCTCGGATTAACGAAATCAGCCTGCACGTCGAGTCCATCACCCGACCAGGAGTGCAGGTTGAGATTGATCGATGACGCGTTGAAGACCTTCACGCACGTGTCGGTGTCGATTCGTCGTCCTTCACGCTGCAACACGTGCCTCAGATTGCTGGCGCCGTCCCACTCGTTGCCCCATAATCGGAATGTCCACTCTGGCGACAGCCACCGTGGAAGGAGAGCTCTTCGATTGGCATAGCCGGCCCCCACGAAGGATACATCTGATTTGAATTCGCTCTGTTCGCCCTCCGTGAGCACTCGCGGACAATGGATCTCTGGATCCGCGGCCATGGGAAGGTAGCTGACATGCGGAGCGCCCGCACGTTTCAGCGCTTCGATACACTCCTCTCGTTGGAAAACAAACCAATACTCGTAGCCGGCCGCCAATTGCTGCCAGTACGTCAAATGCCGGTAGTTTTCGACAAACCACATGGCCGTGACAAATTTCTTTTTTCTCAAATGTTCGAGCACGGCCATGGTCAACGGTGCCTGGGCCAGCGCCAGCACCAAATCGGGCGGATCGTCCGCCAACCTGGTCATTGTTTCCAGGCTGAGCACGTCGGCAAATCGGCTCTGCAATGCAAGCCGGTTACGGCTGTCGCGGACCGTGCCGAATGCTTCGTAACTGGCGTAATGGATGTGATGGTCGATCCACGTCACGCGGTGTCCAAGACCTTCAAGCGCTCGGACAGCATACCCTGCGATTGGGAGTGAGCCTCCGTAGATCGGGCCGACGACCGCCACGTGTAATTGCCCGGACCCAGTCGTAATGGCATGGCGAAGAGCCGTTTCTAATTCTTGATGGTGAGCGGCGTGCAACCGAGCCGCCGATGCGAAGGTAAAGAACCGCAGCGGTACCTTGTGCCCAGAGAGCTGCGTCGCAAGGTCCCTTTGAGGGCCCCAGAGCCATTCCACTTCATCGAACCAGTTCCCCACGGATCTGACCGTGATTGCTTCTTTCATGAATGAGAGATCCGGCACAACGACGGCCACTCGGAGATCCCGGCCCTTCGCAGCGACTAAGGCTTCCACGTGATACAGCAGTCCGACTCCAAGCACCACACCGAGCTCCCCATCTTTCCAATCCTTGACCTGAGCGGCAGCCCAGGAATGAGCTTCCTTTCGAGGGTCGTACGAACTATGGATCCATTGTCCGTTGTGCATGGCTGAAGGACTGCCTTCTCGAGACGTCTGTATGCTCATTCCGCAAGCGCCGCTCTCCATCACGGCTTGCGCGAGAGCCGGATTGTGCTTGCGAATCCGCTCGATGTTCTGTGCAAAGTGATTCACGTATCCCTCATCCGACATCAACAGGGTGAAGCAGTTGCCACGTCCGTTCCCGTTCTTGCGGCGGACCGGTCTCCTGCCCGATTTCCGTGTAGTAGGCTCCCCAGCGATCGCAATGGCTGCGCCAGGCAGACCAGCCTGGCCGCC
NZ_AP022671.1_gap55	2067998	2072552	4554	GCCGGATGGAGGCAAACAATGCAGGGCGCGGTGCCGCCGCTTGACGGTTCAGATGTCGGTCCGCCGTTCTCATGCGACATCCTTTCTCTGGTGATGTTGACGGCCGGCGACTTCGTCCATTGCCTGCTGAGCCCTGCGATCAGCCTGGCGGGCTAATTCCACCGCCTCACGCTCTTCAAGCAATTCGACTTTCTTTCGCTCGCGCGAGGCATCCAGCAGCTCGCCGCGCTTTTGCCGCAACGCCTCATGAATCAACGCTTCACGCTCTCTCGTACGACAGATCGCCGAGGCCAGTGCATCCATCGACGCCACGTGATCGCAGGCCTCGGCGTGCGTCATGCCCTGGCGGGCTCTGGCGAGAAAGTCTTGTGCCTGCCGCTCTTCATCCGCTTCCAGACGGGTCCGAACAGCCTGTACCGCTTCCAGCGACTTGACCAGCTCCGCGCATTCGAACTGGATGCGGTCTTCCATTTGCGCGCGGTAGGTCTTGATGATGCCGAGATTCATCGTGTGGCCTGCTCCAATTTCATGAGGGCATCGACCGATCCGGTCCAGTCGGAGGGCATGCCGGCGTCCTGGCGGAGAAACTCGTTCACCGCCTCGGACGCCGCCACCGCCTGATCGAGCCGCTTGTTTGCCCCAGGCTTGTACGCACCTAGGGTAATCAAATCCTCCGACCGTCTGTAGATGGCCGTCAATTCGACAATGCGCCGCGCTGCAGCATACTGCTCGGCAGGTATGATGTCGCGCATGACCCGGCTGGCGCTGCCGAGTATGTCGATCGCGGGGAAATGATTGCGCGCAGCCAAATCACGTGACAGAACGATGTGGCCGTCTAAAATGGATCGCGCGCTCTCCGCGATCGGATCGGACAGTTCGTCTCCATCGACCAATACGGTGTACAGGCCCGTGATCGATCCCGTTCCACGGCCCGTTCCGACTCGTTCGAGGAGTTTGGGCAAGAGAGCGAATACCGACGGCGTATAGCCTTTGGTCGTGGGCGGCTCTCCCGTTGCCAGTCCGATTTCCCGCTGGCCATAGGCCAGACGCGTCAGCGAATCCATCATCAGCAAGACTTGTTTGCCGCAATCCCTGAAATATTCTGAAATCGTCGTGGCCAACAACGCCCCCCTGATCCGGACAAGTGGAGGTTGATCGGACGTGGCCACTACGACGATCGACCGTGCCAGCGCCTGAGGCGTCAGATCTCGCTCCAGGAATTCCTTCACCTCCCGACCTCGTTCTCCGATGAGGGCGATCACGTTGACGTCCGCGGTCGTGTACCGTCCGATCATTCCCAGGAGCACGCTCTTGCCCACCCCCGAGGTCGCGAAGATGCCCATGCGCTGGCCGATCCCGCATGTGAGCAGTCCGTTGATGGCGCGCACGCCGAGATCGAGCGGCTGCACAATTCTGGAGCGTTGAAGAGGATCGGGGGGCATGGCGTGCAGCGGATAGGTCTGGTCGCCGGCGATTGGTCCGCGGCCGTCGATCGGTTCGCCCAGCCCGTTCAGGATCCGGCCAAGCAGTTGCGGCCCGACCGGCACTTCTCCCGGATGCCCTTTCATGATGAGGCGGCTGTCGGGACCGATTCCCCGGGTGTCCCCGAGCGGCATCAGGAGAATGCGATCTCCGCGGAATCCAACCACTTCCGCAGGGACCGACGCCAGTCCGTTCTCGCGGGTGATTTCGCACATTTCTCCTATGGACGTGACGGGCCCATAGCCTTCGATCACGATGCCGACGGCCTGTGCCACCCGGCCGTGTATGGCCAGTGTGTCGGTCCGTTCCAATGCTTCAGCCGCGTTCACGTGCACCTCTCGCTTGTATGGCGTCACCCAGCCGTTTGAGTTGCATATCCAGCGTGGCATCGATCAAACGATTGGCCGTGTGCAGCACACATCCGCCCGGGGCAATACGCGGATCCGACGCGCAGATGATCGTGACCGGACGGTCACGTTCGCCGGTCAAATGTGGCTTGGCCGCTTCGACGGTCGGCAGGTCCGTCGGGTGCACGGTGATCTGGACGACCGCACTGCCGGCGACATGCACCAACGCCGCCCGAACCTGTTCAAGAACCAGTTCTCTCGTCGTTTCCCCCGCCTGACGCACGATCTTGGTGGCGATGCTGAACGCGAGGGAGGCCACCTCCTGTTCGGCTGATTGCTGAACCCTGCGGCAGAGATCCTCGAGTGTGCGTGTCACCGATGTCAGCACAATGCGCTCCTGTTCGCGCGTCGAGTCTTGGGCCTGAGTCACGCGACGTTCACCCTCACGCAGACCACGTTCGTAATCGGTGAGCCCGTCCGGCCCCTCGATACGTCCGCCGTTACCGAAATCCGCAAGAGCGAGATGTTGGAAACGGATGGTCCCGCTCCGGACCAGCTCGTGCTTCAGCACGGCGTTCTCCTGTCTCAGCCGTCTGAGATCCGCAAGCCGCTTGACCGTCAGAGCGACCACATCGGCTTGAAACGGTTTCGTCAAAAAATCCGCCGCACCTGCTTTCATGGCCTCGACGGCGACATCCACACTCCCGTATCCGGTCATCGTGACGGCCGTCAATTTGGGATCCGATTGGAAGGCCTGTTTCATCAGACTGATGCCGTCCGTATCGGGAAGTTTGATATCCGTGATCAACAGGTCGACAGGAGAATTCTGCAGCATGGTAAGCGCTTCCGCGCCGGATGCGGCCTGCGTCATGGAATATCCGTGCTGTTCGAGAATCCTCATGAGCAGACCTCGTATGGAAACTTCATCATCCACGACCAAGATCGTACGCAGCGCGCCGTCCGGCGAGGTCCCTCGGCCGATGGTTGACGACGAGGCACCGAGATCCTCAGCCACGGACCTCACACCAATTCCTCTCCCGCACCGCTCACCGCGATGCGTCCCTCCTCCTCGAGTTTCCGGCATACCTTCAGGATGTTTTGCTGCGCCTTTTCAACATCGCTGACCTTGACAGGACCGCGCGCCTCCATGTCCTCCTTCAACATCTCTGCGGCTCGACTGGACATGTTCTTGAAGAACTTCTCTTTGACTTCCTGACCCGCGCCGCGCAGCGCAAGGGGCAGATCGTCCTTGCTCACTTCCTTCATCAGTTCCTGCATGCCGCGATCGTCCAGTTTGATGAGATCGTCGAAGACGAACATCAGAGCCCTGATGCTGTCGGCGAGTCCCTGATTTCGCTCGGCAATCTTGGTCATGATGCCGCCCTCGGTGGTTTTGTCCAACCGTGTCAGAATATTCGCGATGACCTCGGTGCCGCCCACACTGGTGGCTTGTGCGCCCGTGTTGGCCAGCAGAGTGTGCTGGAGCGATTGGCTCAGTGCCTCCAACACATCGGGTTGCACTTCCTCCATGGTCGCCAACCGCATGGCGGTATCGGCCCTCAGCCCTTCGGGAAGCCCGGCCAGGACCTGGCTGGCTTGCTCGATGTCCAGATGGGCGAGAATGACGGCGACGGTCTGCGGATGCTCGACCTTGAGCATCTGTCCCAACGCCTTGGCGTCGATCCATTTGAGCGCCTCGATGCCCGGATAGGTTTTCGTGTTGATCGTTTCGAGCATCCGCGCCGCCTTCTCCGGCCCGAGCGCCTTCACGAGGATCGCCTTGATGTATTCCTTCCCTTCGAATTGCACCTCACCGCTCTCGCTCGCGTGTTCGAATTCCTGCATCACGAGGTCTTCCTCTTCCTTCGTGATATTCGCGGTATCCTTCATATAGCCGCCGAGCTTCCGGATCTCCTTCGGCCCCAATGACTTCATGACCTGGGCGGCGGCATCCTCGCCGATCGCGCGCAACAGGATCGCCGCCTTTTGTTCGCCCGTCAGTTCTTTCGTCACTCCGTCCCCTTCAGTGTCCGCTCTTGAGCCATTGCTTCACCACGACCGCGGTCGCGTCAGGGTTGCCTCTCGCCATATCCACGATCTGGCCGCGGGCCTTGGTGCCGGCCAGAGAGGCTTCGACCTGTCCTACGGACGCGGGGAGAGCGGGTGCGTCCGTCGCCGCGCCCGGCGTCGAGGCCACGGCCAGCATCCCCAGTAAGGGGCGCACGACGAACAGCAAGAGCACCAGGAAGAGCCCGCCGCCAACCGCGTAGCGGACGTATGGCGCCCAGGCTTGGCGTGTCTCCGGCGCCGACTCCACGCCCGTCTGCTGGCCCTCGTCGGCAAAGCCGAATTGCATATTGACGACCTCGACTTGATCCTGCCGTTCAGCAGAATATCCCATCGCTTTCTTCACGATCTCCTCGATCCGTCCCATCTCCTCGGCCGATCGCGGCACATATTTTCTTGTCTGTTCCGTTCCCGCCGCCTTCTCTCCATCGGCCGCTTTCGCCGTCTCATAGGTTCCATCCACCAGCACGGCAACCGAGAGCTTCTTGATGGTTCCAGTCGGTTCGACGATTTTCGAGACGGTGCGGCTAATCTCGTAATTGACGGTTTCGTTCTTCGTCTGGCTGTTGGTAGAACTCGTCTGCGAAGGTTCCTGTTCGGTACTGGGAGGGACGTTCGACCCGACCCCGGGCACGCCTCCGGTGGTGCCGTTGACTCC
NZ_AP022671.1_gap56	2107395	2108707	1312	AGCGAACCTGAAGATATCGAATCCGTGCGACGGAGCCTTGATCAATACTTTTCCGTGGCCGGCACAACCGTCCAGTTGCTGACGCAGGAATGGACGGCAGCGTCTCCCTCTGAACGCGAATCCCTTCGGCGCAGAGCCGAAGAACATGCTTCGGACAATGGGGGGCCGAAGATGATTCAGGTGAGCTTGGCGCTGGATCGCCTGGTGGATACTGTGGCCGATGTGGCCAAGGACATGCGAGATGAAGGGACCAAGGCGATTCAGGACACCAGCATTATGTTGGTTGTTGGAAGTTTTTTTATCGCGTTCTTGAATCTGTTCTTTACGAGAAAAACCAGCGACCGGTATCCGGCCTCGGACGCTCCCCGCAGCTCGCACACAGCGAGTCTCCCATCACCCGTCTCACTCGAACTGCCTCACGATCAGAATCCGGCGTTGAAGGCCGAATAGAATCTCGGGCCGTCCTCATTCATGCGCCGCCGGCAGTCTGGCGTCTTCGACCGACCGCCTCGAACAGCGTGCGCCGTTCTTCTTCGGTCAGTGGCTGCCACATTCCGAGACCAAGCCCGCGGATCATGATGTGCATGATCCGAATCCGATGGAGCGCAACGACATGATGCCCCAGTGCCTGGCACATTCGTCTGATTTGGCGATTCCGTCCCTCCGTGAGCACGATCTTGAACCGACGCGACCCCTGGCGCTCCATACGGCAGGGCTTTGTTCTGGCTCCCAATATCATCACGCCAGCAGCCATGCGATCGAGAAACGTCTGATCGAATGGCCGGTCTACAGTCACCTCATATTCGCGCTCATGACCATGTTCAGTGCGCAGAATCTCATTGACGATGTCACCGTCGTTCGTCAGAAGAATGAGACCCGACGAATCCTTATCCAGACGGCCGATCGGGAAAATTCGTTCGCGATGCCCGATTTCCGCGATAATATTCCGAGGCACGTGCGCTTCACTGGTGGTCGTGACGCCGACCGGCTTGTGGTACTTGATATAGACCGGAACAGTCTTCCATGGAATCACGCGGCCGTCACATGCAACGACGTCTGAGAGACCGACTTGATCCCCGATTTTTGCCACGCGTCCGTTGATCGTCACGTGGTGTGTTTCGATCAGACGGTCGGCCTCGCGGCGTGAACAGACCCCGTGCTGCGTGAAAAATTTGTTGATACGGATGGAATCAGTCACGGGGTGCGCGGATTCAGCGAATATTTGCAGAATGCCGGATGCTCAAAATGACCGGCTTCTCACCTGCCCAGCCCCGGCGATTCCATTTCCACCCTCCCACCCACCGATCGCTTT
NZ_AP022671.1_gap57	2147742	2150062	2320	GCACCTATTAGTTTTTGATGAATTCATAGATTCTAGCGGGACAAAGTGTCCTTAACGAATTGTCATCTTACGGACAATTATAATTTATCCACTATAACCAACAATTAGCCCCAACACACGTGGCAGGCCGATCTTGCTTTTGCCTTACGAAACATGCGGTCGGACAAGGCGTTGTAGGCCAACGCTGATAGACAAATTTAACATGTCCTTTATATTGCCTTCCTAATACGAGCAGCCGTAACTAGGTTGCTATCCACGACAGCACGAAGAATTTTGGCCCTGTACTCCATTATTTTATGAACTCCTTGCTGAAGAGGGAGAGCTGGCGGGCACTGCCATTCAATGAGATTGCGACTACATCAAACATAAAGGACGGAGAAGCCCGGAATGAGGCAGGCGTTAGTCGTAGATGACCACCCAATTGTGCGTGATGCCGTCAGAGAATTGCTTCAAAACGAATTCCCATCAATTGTAATGAAGGACTCGGCCGGTGGAGAAGGAATCGTTCACGAAATTTGTGGAAGCGAGTGGGCCTTTGTTGTTCTGGACATTAATTTCCCCAAGCAAAATGGGATAGACGTACTCAAGAAAGTTATCGCTCGATGTCCCAACATCCCGATTGTCATGTTTAGCCTTTTTACGGATGAACAATATGCCGCTCGCGCCCTACGGGCGGGAGCGATGGCCTATATCTCAAAGGACCGCTCCCCACAGGACTTGGTGGAAGCCGTACGAGGCGTTCTCCGAGGAGCCCCTGTCAGGAAGGTCCGCAAAGAGTTGAGGCCGATTCTTTCGGACCGAGAAGTAGAAGTCCTGACGCACTTTGCCAAAGGCATGAGTCGAAGGGATATTTCGAAGCGTTTAAGTATCAGCGAGAAAACCGTGAGCACCTACAAAGCCAGACTGTTTCACAAGTTGGGCCTAAGTACCACTGTCGAGCTGATACGGTATGCAAATGATGAGGGCTTGATTGAATAAGCACGAACACTTGAGAAGAGGATTTCGGTGAACGACCAAATTCCGCCGTTGTGGGTAATCGTGGATCGGTCGTCACCGCAATGTGTCCTGTACATCATCTCTGACAGAGATCCTGTCAGTGGCTATTTGCCTAAATCGTCCATGAACGATCAACGGACTTATATATTCCACTCATTGAGCGAGCTCTCTCTTCACCTTGAATCTCGAGGCTTCGCTTGCCCAAAAGCGGGATATTTTTTGGCAACGATCGAAGAAGTCATCAAAGGCGAATCGAATATTGTGAGGAGAGTGCCGCCAGTTCACGCACCTCACTGGGATAGTGAAACATCCACTCAGGCCGAACCCTCGTCAAGATGATCTATCCATAGATCATCCGCGCACTGGTCTCTGGACGGACCTAATTTTATGCAAGTAATCGTTGATCGCGTCTTTGGCAAGACCGAAGCATTCACAAGCGACTTTTTTCAGTCTACGAGCATCACGGATTTCGACTGCACCATACCGGTATGTAATCAACCGGCGTTTTTCCAATGCGGCCAAACTGTTCGTTATGGTCACCCGCCGCACTCCCAATTGTCGAGCGAGGAACTGATGTGTGAATGGCAATCTTTTGAGTCCTGTACGATAGCTATGAGCCAGAAGCCAGCGCCCCAGTCTTTGCTCAACAGAGTGAAATTGCGAGCATCCTAAGGACAGCAACGTGTGACGAAAAAGAACGGCATCAAAGCGTCTCACGATCTTGCTGAAGAGAGGCAACTTTTTTTCTAAAAGCAACAATCTGGATATATTGAGCCGGTAGGCTACGCCTCCCACCTGCACGAGAGTTCGACAAGGCGCACGTATTATCCCGTCAAATGCAAACAAACCAGTACAACCTTCACGGCCAACTGCAGCAGCTTCAACCGTTCGACCTGCGCCGTCCGTATCCATAAGACTTATGACTGCCGTAATAGGGAAATACATAAAGCGAATGAGACTTCCGGTGGCATTTAGCTCTTCTTCAGTAACAATAGACACGATTTCAAGATGAGGCCGCAACAGCTGTTGCTCACGACGCGTGAGATTCGCGAATACCTTATTTCTGAGGAGTGCCATGTTCATAACGAGCCGTCCGAGGTTAGGCGGATTGTACGCTAAGACGACCCCTAGCGTCTCTCTCTAGTCACGGAATAGCCCTCAACACGTGTGATCGCCGGAGCAACATTGACGCATATGAGGATCACAGAAATCTAGGCCGTGAAAGCACGTCGCATCATCAGGGACATTGTGGCTAATCCATCCATTAGAGTGCTTCTGGTTGACGATCATTTCTTGATGAGACAAGAACTGCGGGAGCTTCTTA
NZ_AP022671.1_gap58	2182557	2186299	3742	CCTTATGTGGGCGTTGGAGCCGGCGCGTTTTATTTTTCGAGCACCGGTCAAATCTCCGGGCGACAGGTTGTACCGGGGCTCAATCTCTCCACAGGAATTAAAATTCTCCTCACGGAAACCTGGGGTTTGTTCTTGGAAGGCAAATATAATCGGGCAACGTTTTCCAATCTCGACCCTAATTTCGGATTGAGCGGTGAATATTCGGCATTCAATGGCATTGGCGGCATTGCCTACCACTTCTAATCGCCATCAACTGATGGCGAGTTGCTCCGGATCGATGGATGATCGACCAAATACAATGATTCAAATAAAGCCGGCGAAGATAAGCGATCTCGTAGTGGGATGAGCGGACATCGCAATTGCGCGCGAAGGTCTTATTAGCAGACTAGCCCTCCCGCGGGTTGTCATTGATAAGATGGCACTTTCCTTGATGCGGTAATTTCAGAACCGCTACTGTGTTGGAAGTGCACTTCTGCTACCACAGCCAAACACTATCCTATGCCATCAAGAAGATCGTTCTCGGTGTTTCATAGCATTGCGCGCACCGTTCCCCGCCGCCCTCCGCGAGAAGCCTTGCGAACAGTGACCTCTACATCTTGACCCAGCAGAGAAAGAAAATGCACAAGACGTTCGATGGAGAATCCGGCCATCCGGCCTGCCAAGAGCTTTGATACCTTGGCTTGGTCGATGCCTAGCTGAGCCGCTGCTTCCACCTGCTTCCATCCTCGCCTCTTGATCGTTTCCTGAAGCGCCCGAAGCAGGCTGCTTTTCAGGATGAGTTCAGCGGACTTTTCTTCGGAAAATCCCAAATCTCGAAACACATTCCCGCTCCCTTTGGTGACTGTCGCACGTGTCATATCACAATTGGCATACTGGCAAGGGCACGCTGACTTTTGGCTGTTTGATTGGATAGCAGCGGGCCTCCGAGTCCGAAATATCACATTTCTGGCGCAGACAGCCCGCTAGTACATCGCCATGATACAAAATCCTAAACTCTATCGACTCAATAGACTCGATAGAGTCTTCGGGATCAATTGAAAAAGTGGGAAACGGAGAAACCGCTGACCGATCAAACCCTTGTGAAAATACCCCTGAGCGGCCTCTTAATCAGCGGACCGTAGGTTCGACCCCGATTGTTCCAATTGCAGCGGGTTCTGAGATTCTGTGACTTACTCTCAGGTTGCATCGGTTAAGGGATCCGATGTGTTTTAGCACAAAACTGGCGCAGAACGGCCTTGGCGTATCGCTCTGAACGCCAAATCTCCATATTGTAAAGATATGAATTCCGGCATTTGCGAAGCCGTGATCACATCAAGGCCATCAGCGTTGGCTTCTAGATTTGGGATCTTAACATTCCCATTCCACTCATCTTACGACCAGTACTGAGCAGGTGGCATGTCGTACGACGCGGGTCGACACACTCCCGAGAAGCATCCGCCGGATAGCACCTAATCCCTTCGCGCCGGTGACAATCAGATCCGCCTTTGATTCTTGGGCAGCCTTCAGAATTTCGACCGCGGGTTTTCCGACTCGGACAGTCGATTGCACGGCAAATCCTGATTTAAGGAAGAGAGCGGCGCCTGTCTTTACGACGGATCTGCCGATCTCCGGGTATTCCAAAGCGGGAACCGTATACACAAGGCTCACGGCTATCGGCTTACTGCGACCGGTTCGTGAAGGCGCCGAGAAGGTTTTCACGATATATTGGATAGCTTTCGTTGACGAAGGCGAGCCGTCAGTCGCAATGAGAATCCGTTTAATGGACCGAGGCGCTTCTTTTACGACGAGAACGGAGCAGGGTGCATGGTGGATAGCATGTTCGGAGACGCTCCCCAACATGAATCTGTCGATTGAATCAAGGCCGCGAGATCCAATTGAGAGGAGGCCATAACCTCGATCCGCGTGCTTGGTAATGGTAGCGGCCACGGGACCACGCTCGATCATGACGCCGCCACGTAAATGTAATGACTTTAACAAAGTCGCAGAGCTTTTCCGGGTAGTCTTTGCGGTGCGTTCGAGGCGTTCGGCCTCGGCACGTATGTAGTGCTCCGTGCCGGCAACCATCGGTTGAACTAAGAAAGGTGCGCGTAGGCTTGCCAGATCAACGACGTGGAGGACTCGAACCGTCGGGGGGGTGATGAACGGCAGGCGGGCCATCCATTCGATTGCCCATTGTCCATGTTTTGATCCATCCGTGGCGACAAGAGTCTTCATTCTTGATTCTCCTCGATGACCTGCAATTTTTACAGTTTCGATCGTGCCGCCTTCTAAGGCTTGATGGCCACCTTCAAGACACCATCGAGTCGTTCACCGAAAATCCGATATCCTTCCCCAATATCATTGAGCGAAACCCGATGGGTGATGAGCGGGGTCAGATCAATTCGGTGATGGTGTACCATTTCAATGAGCCTTCGCATGCGTTCCTTGCCGCCCGGGCAAAGAGTGGTGACGATCCGGTGATCACCAATACCTGCGCTGATGGCTTCATAGGGAATTTGAAGCTTACCCGAGTACACCCCCAAGCTCGATACGGTTCCGCCAGGCCTGAGACTGCGCAACGCGCTCTCAAATGTCTCCTGGGTTCCCAACGCTTCGATAGCCACGTCGACTCCTCCATCTGTTATACGTTGAATCTCTCTTATAACATCAGACGATCGGGAATTGAGGACAACATCCGCCCCCAAACGTGCGGCCATCGCCAGGCGGTCTTCGTCACCATCTATTCCAATGACTCGCGCCGCCCCAAGCAGCTTGGCGCCGATCGTTGCACAAAGACCGATTGGACCTTGAGCAAAGATCGCGACTGAATCTCCAATGCGGATGCCTCCGGATTCGGCTCCGCTGAACCCGGTCGATGCAATGTCCGCCAATAAGACAACCTGCTCATCGGTGAGGTCATCAGGAATCTTGGCTAGATTGGCTTGCGCATGAGGAACGAGTAGATAATCAGCTTGTGCCCCATTGATCGTGTTTCCAAAGCGCCATCCCCCTATGGCTTTGTAGCCCTGCTCATGGCCACATTGGGCTAATTGACCGGACAGACATGCGCGGCATTGCCCACACGGCGTAATGGCGCCCACCAGTACTCGTTCGCCGACACGGTAGCCAGTCACGCCGGGACCCAATTCAGCTATGACACCCACAGGTTCATGGCCGATGATCAGCCCGGACTTGACAGGATATTCTCCTCGGACGATATGCAAGTCCGTGCCGCAAATCGTGGTCAACGTGACCCGGATGACAGCCTCGCCGACGCCGGCGGTCGGCCGCTCGACTTCCTGCACTCGACATTGGTTGATCCCATGAAACACGTTGGCGCGCATAGTGTTCATACCTGCTGCTCCCTTCGTATCCCCCGAGATTCTTCTATGCCGATATGACTGCGAAGGATGTTGTAGTCGAATGCAGGCCTTCCGGTTCTCCACACACCGGGATCATTTACTTCCATTTCATCGATTAGGGTTGCCACTCTACCCCGTGATGCCTGAGACGCCATTGCATGTCGGGGTGTCTGCCCCTCGAGCAAGTGGTGAGGTTGATCAGACCATTCGAGATACGCTTTTTCCAACAGCTGTTTGAGGAGTGCGTGATCCTCATGTTCTGGCACAACAAGAGTGAGTGGTTTCTTGGAGGACAATTCAGCCGCAGAAATCTTCCTAGTCGGTGGAGTCACCGATTCGCCGCGAAAATGGAGAGAAAACCCGAACACCGAGGCAAGGCGGTGCTTAATGGAATCCAGCCG
NZ_AP022671.1_gap59	2194669	2197329	2660	ACATCGCACGCCATCAGCTAATTGCCATACGCGCGATGAAGGGGGCATGGAGCAGGGATATCATGAAAGTGTGAGAGTTCATGACACGGGATGTGCCCACGTGCAGGGACGATTCGCGTTCTGAGCGCGCCGAATCTGCCTGTTGAGGAAGTGATAACCGCCTTGAAGGACATATCCGCCTATCGTGAGTTGGCTGCGATATAAGACGGAGACCATATGAAAATCGTCATAGGCGTTGACTGGTCAGACGAATCGATTGCTACGGTACATCAAGTGTTGCAGCTGTATCGTCCTCTTGAGATCACTCTCGTGCACGGAATCGATTTAGGCATTTTCAAGTATCCTGCCCTCGTGCAAATAGCTAACCTTCAGGGCTATGATGACTATCGCGCAGCCGTGACGACCGCGGGACAGGAGATCTTGGAAAGTACAGCCAATGCGATCCGGCTTGAATCCTGTTCGGTGAAAAAGATTAATGAGATCGGCAATGCGGCCGACCTTATTATTCGCACCGCGAGAACAGTCAATGCAGATCTGATCGCGGTTGGATCGCGCAATCGAAACCGGGCTACAGAAGCCATCCTCGGGAGCGTATCGCATCGCGTCCTACTGCAGGCCGACCGTCCCACCTTGGTCGTGAAAGGAGACTCAAGACCGATTCATGAGGTGCTAGTAGCCGTAGAAGGACAGGAAGATGCCGATTATCTTCGGGATTGGCTACTCAAATATCCTTTTCTTAATTCTGTTCGCGTCCGTATTGTCAATGTCGTGGTGCCACTTAAACCGCTTAATCCGTATCCCATCCCGGAATATGGGGTTTCGAATACCGCAATGACTGACGCGGAAGATCTTGTAAGGAGAATGGCTGCGGCCCTGCAGTCGCCTCAATACAATGGTACGACACGAGTCCTAGTAGGGGGCGTTGTTGAAACGGTCGCTGCCCAATCGAGAGAAGCGGATCTTGTTGTCGTCGCCTCCCATGGACGCCGAGGGTTGGAACGCTTCCTGTTGGGAAGCGCCTCCCATGCGATCGCACATCGGGTTCGATGTCCCATACTCGTCGTTCGCTAAAGGGAGCGTCACTGCTCATGCTGCCCTGCAGCGCGCCTTGTGAGATAGGCGATGGCGTGCCACCCCGATGCAAGCCGAGGCAATCCCGCCGTTGAGATCGGATCCTCTGGAGTCCAGTGGCGTGCTTCTTCGTGACGGCATGACGGCGCGGCTACGATTGTCCCAGCCGTCGGATGCGTCGTTGATGCAACAGTTCGTCGAAAATCTGTCGCCCGAGTCGAGACGAGGCCGCTTTTTCTCAGAAAGCATGCCTTCGCCCGTTCTCGTCTCGGCATTGTGTGACTCGTCATGCCCGCAATCGCAACTGACGGTGCTGATCATGCGGGCACAGAAAGGCTCCTTGCGCGTGATGGCTGCAGGCTCGTACTGGGCGAGAGACGCACAGAGCGCTGAAGTAGCGATGGCGGTGGCCGATGAGTTCCACGGGAAAGGATTGGGAACCATTCTTCTCGAGCGCCTCGCCGTGCTGGCGATCCGCCATGAATTTACTCGTCTCTGGGCCGTGACGCATGCAGACAATATGGCTATGCGCGAGGTATTCCGGGAATCGCGATTTACGGCGCACGAAGCTTATGAGGGGGCCGATATGGAGATTGAATTGTCGTTGATTCCCACGGAGATGAGCGTGGCCCGGGCGGAACAGATCGCCAGGAATACGGTGCTTCACGGGATCGGACGAGCATCGGTTTCCGACTACTCGATGCGTTGCAACTCACAAGCTGATCTGGAGCGTCCGGCAAAGGAGAGTAACCGCAAAAGCAAAGAAACCTTGAACGTTTTCATTCAACGGAAGTCGTATGACCTAAGTATCTTTATTTATCGGCACTCCCTATCAACTCGCGACGAATCCTCCTGGCACCATCGAAGTTCAAACCCAATCCTCGTGTGTCGTTTTCTGTTGCTGTAGAGTCGACAGACTCAGGGGTCTGCTAGTAATTTCTCTAAAAGTCATTTGTGATCGAAACGCTCAGCCATGTTGTAGGTCAAGTTCTCTTCAATCAGGTAGGTCCTTTGTTTTCTTGCGACTGCGCACTGCGAAGGCTATAAGAACGCATCGGCAGAACCCAAACACTTCGTGGGAGCGTGCATCCCCTAGGTCATTGTGTATGCTGGAGCGATTCCCGTGCTCTATCTGTTCATCCTCATGCTGCTGAATCTGAAAACGGACGAACGGTATTTCCATTCCAAGACCTTGCATGTGCTGATTCCGACGGCGATCGGGTTTGGCTACGTGGCATTCTTACTGGTGCAGACTCCCCTGGAAGGAGCATGGGAGACACGCCGACGGAAATGATATTGCAGCAAGGCCATACGCACGCGGTCGGCATCAAGATGTTCAGTAATTATGCTCTGCAGTTCGAGATCATCGGTCTTTTTCTGACAGTCGCGATAGTCGGATCGATTGTCCTGGCCAAGACACCATTCACCGAAAAAGGCATTCACCGATAGAGGTAATCATGGCATGGGTCTATCTCATCATCGCGGGCATTTTTGAAATCGGTTGGGCTATCGCGTTGAAGTACACGGAAGGATTTAGCCGCCCGTGGCCCACGGTCTTCTTCGGCGTGTCGATGACCTTAAGCGTCTGG
NZ_AP022671.1_gap60	2198574	2199347	773	GGCAAAAATTATTGGACAGGTCCGCTATCAGCCGTGGATACGCCGACGTGAGCTTTGGCGGGATGACGACGGACGTGAAAGCACGTCTTAGCCAGATCGTGCTGCATGACGCCACCCCAGCAGCAGCCTCATCATAAACCCATGGAATCCTGAGAAGCTGCTGGACCACCGGATTTTTAGCTTGGGTCCCCAAAGCTTCATACCCTTTAATAATCAGGTAGATAGTGAATCGTGCTGATACATATGCATTCAGGTAGCCGGGGTCCTGATGATGTTTCGTAGGTGGGCCCCTCCATCAATCTTCAACGGGAACTCGAATTCTGCACACGTGGAATGCACGTCAGGCTGCGTCGTAGAAACCACAACACACTCAATCGGGTATAGCGAATCATCGGAGGTTTTGATGGCGGTTGGCGCATTCCATTCACTCCGCTTGTTTGCAGGTACATACACTCGCGACTGTCTCTAGCGTCGCCACTCCATTGACATATCAATTTTTGTTTATATATACTCATTTCATGAGTCCCACGTTAGCTACCCGGATAGAAGAAGCTTCCCGGTTATTTCATGCTCTCTCGGAGCCCACCCGTCTGCGCATCATGGAACAGCTCAAGGACGGCGAGAAATGCGTCTGCGAGCTGACAGAGGCTTTCAATACAGGTCAATCTCGACTGTCCTTCCATTTAAGAGTTCTTAAAGACGCGGGCCTGATCAATGACCGACCAGAGGGACGATGGATGTATTACTCCCTGAACGTGGAAGTGATGAAGCAG
NZ_AP022671.1_gap61	2200781	2205111	4330	TACGTGATCACCGTGTGCGACCGTGCGCATGAAGAATGCCCAATCTTCCCGGGAGTCTCTTCCATGTTCCATTGGAACTTTGATGATCCGGCCAAGGCAAACGGCTCATACGAACAACGGCTCATCGTCTTTCGCAGGATACGGGATGAAATTCAAAACCGGATTCGCGGTTTTATCGCAGACACGGCCGGTTAGCGCAGGTGCTCGATTCGTGAACGTATTGCCAAGAGGAGGGCATGTCATGAAACGCTTTCACATCCATATCGGGGTAGACAAGCTGGATGAAGCCATACGCTTTTATAGCTCGCTCTTCGGGGCCCAGCCGGTGAAGAGCAAACCTGATTATGCCAAGTGGTTGCTGGATGATCCCAGCGTGAACTTTGCGATATCCACGCGGGTGAAAAAGAACGGAGTGGATCACCTTGGTATTCAGGCCGAAGAGGAGCACGAACTGTCAGAACTCCGTAACCGGCTCACGGCTACTGGCAGAACAGTCGAGGAAGAAGGCGAGACGGTCTGCTGTTATGCCCGTTCAGACAAATCTTGGATCCAAGATCCTGCTGGTATCCCTTGGGAAGCCTACCGCACCATGGAAGACGCCCAACTATTTGCCGGTACGGTGGGGGTCGAAAGCGCATGCTGTACGCCTGAAACAAAGAGAACGCCTGATTGCTGTATTCCGTCAGAAAAGACTCTGGGCTGTTGTGGCTAACACTGTGTGGGAACAGTCTAAACTTACGCCGATCGCCTCACCATTTATGCCAATGGGAGGCTCAACGACCTTGTGCGGCCATTAAATCTGGGTGGGTGTCTATGATTGGCGAGCGTGTTGGTCCCATCGCCGCGGCAGGAGTTCCATTGGGGATTTCAGGAAGGAAGATCGCCGGAGCAGGGGAGGGCCGCCAGGGCGGCCCTCATTGACGCATCTCGCTCGACAATGAGGAGGCGCGAGGCCCCGGCTTCCTGAACATTTTGGAGAGCCCTGCGAATTCGAGACAAGGATGTCCATGACGGGGGTCTCTTGTGATTGCGCATCCAGGAATCGAGAAAGAGCCGCAATGTATCACCGGTCGTCTGAATAGAGACAAATTCGAGTTCAGTCAGAGGTCTGGTGTTCTCAACATGGGCTTCTAGCGGCCTACATGCCTTCATGAAATCAGCAATGAGGTGTTTCTGCTCAAGATTATCAGGGGGAGGCATGTCCGTAGTGTAAGACAGGTTCGAACGCTACGAAATGACAATCAACGACCGTCGGTCCGAGCCCTTTGGTGGTTTATGTTTTGGTCGTCACCCAGACGCCCGGATCCTGGGGTTTCTTTTTTGGAGGGTGCCCCTTTTGGATTCAAGTTGTCCAAATCAGAGCGGAGAGTTGTATGGATCTCGCATGCCCGGCTGCAGTGGTGGAAATCGCCTCCCACTTCGAGCCGACCGGCGACAAACACAGGGAGGTCTTCACGCGCGGGCATCCTTGTAAAGGAGCCTCGGGTCTGCCCCGGCCAGGTGATCAAGCTCGTCCGTTACCCGCCCGATTTAAGCATCTCCGTCTTCAATTTGGCCTTGATCGATTCCACATAGCTTTTCGATACATCCACCTTGCCCATGATTTCCATCACGGATCGGCCGTCCTTGAGCATGGTCGCAATAGCGCGGTCTTTGGCCACCGATGATTGCGAAAACTCCTTCTTCCGAGCCCGTCTCTCTCGTAGCCCGAGGGCGGCGTATAAATCACACTCCTGATTAACATAGCGCCTCAGTCCTTCTGCCACGAATCGTATATGATTCGCAGCATGTGGGAGCGCCAAGAGGTAGTAGGACGTCGCCTGAAGCCATTGCTTCGCTTGGCGGGTCGATGAGGGCGGTCGGATGCGGGCTGTCTTAATCATAGTCTCTCCTGCCGTTTCTGGGTCTCACAGGCTTAACCGTGAGAATCCCGATTGAAAAGCGATTCATTAAAAATATGAAGATCCCGTCAACAACCGCTCACTGAATTGCAATCCCCCTTCCTAACTACCCCAGAATACGTATCTTCCATTTCTGACCCGCTCCGTTATACAGTTCGCCCCTCCACGGAGCACTCATGGGACGAACGGATGATCCGCAGCAGATGGTGGCCGACTTCCTGACCGCAAGTCAGCCACTAGAAAGGTACCTGGGCTGCGGAGGCAAATTGACCGACCCTCAACAAGCCGCCCTCTCTCTCTCAACGTGGTCCATTATCCGACTCATGGCTGGAGGAAAACGCGGTCGAACGAAGAACTGATGAGCGCCATCGCACACCTGTTTTATTGATGCATCAGAGCCGTTTGCTTGCTTGCCATCTGCCCCGCGCATCCATTACAAGCGTGATGACTGTTGTGTTCTTGTTCTTTGTCATCAAAGAAAAAGAAGCGCTGCCATGGGGTAAACATTCTCTATATCGATGGACACTCGGAAGATCATCGGTTCTTTGTCGACCGCCTCAAGCAAGCCTTTCCTGACTACCGCATTCTGGAAGCCTTTACCGGAGAAATAGGACGTGAGTTTTTACAACGCGAGCGCATCGATTGTCTCGTGCTCGAATTGGACCTTCCCGACATGTCGGGTTTTGAATTTCTGACCAATAGCGTGCAGCGCATAGGTTCTCCTTACACACCGGTCGTTGTGCTCACCCGCACCCATCATTGATATCTGGGATCTTGCGAAGAGACATGGCGCTTATGCCTGCCTCTCGAAGTCACATACAACAGCAGACTTGCTCGCCCTTCACGTTCTGCGAGGTCTGGCACAAATCACACCGCCGCAGCGAGATTGACATCGCCGATGGTTCCCTCTTGAGCATGCGCGGTAATGTTTGTTACCGCCTCGGGTCGATCGCATAGGGCTATTGAGCCGAAGGTCTCTGCGGCCCATTGCCGCGATAGTCGGGATTTGTTTCGTTTTCGTGGCAGACCTTCTTAAGTCAAAAGGCCCCTTACTCTGCATCCTCATCTCGTTCATTGAACTTGAGAGGGGCGGGACATAATGTGTCCGGATAGGACGAAGTGTCCGCTCATCAAGTGATCCATGATCTGATCCGATCACCTATTTGGGCACATTCCAAATGCTTCAACAAACCCGCAACAGACGCTACAACGCGTTGCGTGGATTTTGCAATAAACTCATCCATCAAACAACGCTACCCCATGGTAAGAGAGGGATGAAAATGAATAGAGCTGATCTCATCATTATGAACTTCCTCGAGGTCAGTAACGATTTAGAGAATTACATTTACAGTCAGTCTCCGCTGACACCGCCTCAACGGAAGATCATCCGAGCCACGAGAGCCACGACCATAGGCCTGCAGGCCTTCAGAACATCCGGAATTGGCGGCGGTCGAAGCGTGTCTTTGCACAAGCAGGTCGAGACATGAGCAAAACTGCCGAATACAGCGGTTATACGATCGAGTCATCCCCCACGCCGGTGATGGGTTCCCGTGCCTGGAAGATTCGAATATTTATCTCGTGGGAGAGCAAGGGCGCTGGAATTACCCGTGGGTTCTCTCCCGCCGGCATGATGGGGACAGAGCAGGAGGCGGATTGTGAGGGCATCACGTTCGGGAAGGAAATCATCAACGGCAAGGTTGAGGATTTGGCGCTCGAGTAGGAGTCACCCCGTTCAGATTTTATTGAGTCCCGAACGTGCGCACATAGCGCAGGATTTGCCAGGCTTCCTCTTCCGTCAAGATTGCCGGCACAAACGACGCCATCGCCGTGCCCGGACTTCCATTTTTCAATATCCACAGCAATTCGCCATCCGTTCGGGCTGCCTGCCAGGCTGGATCAGTAAAATTCCTCGGCAAAGGTCCTTTGAGTGAGTCCGGCTCAATGCCTTGGACCAACCCCGTTCCGTCCGCGCCATGGCAAACGCGACAAAATGCCTTTCCCTCAAATAGCGTTTTCCCCTTCGCAATGATGTCCGGGGAGGCGGGCAACGGATTCGCCATCTGTCGCACCGCCTCGATTTGTCCTGCCGGGACCCGCGGCCGTAGGATTTCCGCATCGGCCCCCCAGCTCATCACGGAATACCAGATACCTGCTACGCAGATAGAGGAGATGATCCATCGCATCCCTGCACTCATATTCCTTGCATACCCTCGCTTCCACACGGGGCAACGAGCATGACACTCGAGGCATTACTCGGTACGAGGCTTGTGGCCGACCGCCTGCGGATGGCCAACCTCGCCATTGGGAGCTTTGGCTCCGCTCGGCCAGAGGTGAAATATGATTCCGTCCGTCTTGGCTGCCGCGGCAGCGATTTCCTTGGCTTGAGCTTCCGGCATATCCAGGACTTGCACCCGCCCGGTTGCGATTTC
NZ_AP022671.1_gap62	2246915	2248428	1513	CTTTTACCGAAAATGGTGATGATTTGTGTCTCAGCCGAAAGCAGCGCCTGAATTGTGGGATCCCTTTTGACTGGATTACTGGCCTTCCGCGTCGAACCGAACGCCACGATCGCGGCGTGCTGGAGTGGGATGCTTTTCATCATCCGAAAGAATTCAATGTCTTTGGGGTTCGCTCCCGGCCAGCCACCTTCAATAAAGGTCACCCCCAATTCATCCAGTTTCTGAGCAACGCGGACTTTGTCCTCTGCCGAAAAACTCACGTCCTCGGCCTGAGCACCGTCCCTCAGCGTGGTGTCGTAGATCTCAAGATGGGCGAGACGGCGAGACCGGATCGCGTCGGATGAAATGGTTGCGTCCGTTCGTCTCGTCTTGACTGACGGTGAACTTGTCGCGCGGCGGGAACGCATAGGGAAGGGTAACAGGATGCGTGGCACCCTGTCGAGACTCTTACCGGACCGTCGATGAGACACCTGAACGGTCCCCGGACGATCCCCGGTCCAGTTCAAAGGCGGTATGAAGGGCCCGCATGGCCAACTCCAGGTATTTTTCGTCAATGACACACGAAATTTTGATTTCCGACGTACTAATCATCATGATATTGACTCCTTCGCGAGCCAATATCTCGAACATTTTGGCCGCGACGCCAGAATGCGAACGCATACCCACCCCGACCAAAGACACTTTGGCAATGGCATCTGTCACCGACACGGACTTGGCTCCAATGTCCTTCGAGGCAGCTTCAATGATCGGCACAGCTCGTTTGACGTCGACACGTGGAATCGTAAATGAAAAATCCGTGAGAGAAGCGTGACTGACGTTCTGAATGATCATGTCGACCACAATATTTGCCTTGGCCACCGTGCCCAATAACGCTGCCGCGATGCCCGGTTTATCAGGCACACCCACAATGGTCACTTTGGCCTGATTGCGATCACCCGTTACTCCCGAAACGGCGACGGCTTCCATATCGGTATCTTCGCGAGTCACGAGCGTCCCCTTCCCCTCCTTAAAACTGGAGTTCACTTCCAATGGTACATTGAATTTTGCCGCGAATTCCACCGACCGGCTCTGTAGCACTTTAGCACCGAGACTTGCCATTTCCAGCATTTCTTCATATGAGATTTTTTCCAGACGTCTCGCTGCAGGAACAATGTTCGGATCCGTCGTGTACACCCCATCAACGTCCGTAAAAATCACACACCGATCCGCCCGTAAGGCTCCTGCCAATGCAACAGCGGTGAGATCAGACCCTCCGCGTCCAAGTGTCGTCACATCGGACTGTTGATTGATCCCTTGAAAACCGGCCACAACGGGGGTAACGCCCCTCTCCAGAGCTTCTCGAATGCGATCCGCGGTCACTCTGGTAATGCGGGCCTTCGTATGCGCATTGTCAGTCATGATTCCGACCTGTCGGCCGGTAAATGATCGGGCATCGAGTCCACGGCCGCGCAATGCCATCGCCAGGAGCGCGATGGTGACGCGTTCGCCCGTTGACAGAAGCATATCCAGCTCA
NZ_AP022671.1_gap63	2271701	2276354	4653	TCACGGTCGTAGGTACCAGGTCAGAACTGTATGCATGATCTCGGGGAGCCGACCCTCTGGTGATTTGGATGTAGATCTTCGCTTCAGAATGGCTGGAACGACCAACAGCCTCATCAATCAACTGCTTCCATCTCGAATGAGAATACGGTTGAGGGAGATTCAACGCCCGGGAACTCTTATCGAGACGCTCCAGGTGGGCCTCCACTTCAAAAGGACGCCCTCGGTAGGTGCGAATTACCTCGTACACACCATCACCGAACTGAAATCCACGATCCTCGATGGATATAACCGCATCGGCAAGCGGAAGGAAGCGGCCGTTGACAAAGGCAATGTCGGGCATGACTATGGTTTCTGGGGATTTGAGACCGGGACAACAGAAACTTGGAAGATGCGCCGGTCTTCTGCGGTGAATTTCCATCCCATACGCTTTTCGAACACCACTCGATAAGTACCAGGCTTAACGGCTCGAAACTCGAATGTACGACGGCCGTTATCCACGGCATTATTACCGGCGATCCGCAGGTAGTCGTCAGCTATCAGGGTAAGTTCATTTCCATCATAGGTAGGAACCCACAGCTCACCTCGCGTACGATCTTCCCACAAATGGATCCTGATGGGACTATGGAGAGATCCCTCGACCAGTTTGACGCCGCCCGACGGTACACCTCGGCCTTCCTCTGGCTGCGTCATACGTCCGAACGCCCCCTACCGCGATCGCTTGTCCGCTTTTCTGCTCGATTCAACATTATGTTTTCCGTCGCGGACCGACAAAGACTTCCCCGCCATCCACCCGCACTTCGTAACTCCCCACGCAATAGCCCCCACCGTCTGTTCCCTGTCCGTTCCGGATGTCGAAGGCCAAGTCATGCCATGGACAAGACACGACAAATCCTTTGACTCGCCCCTCATTCAAAGGCCCTCCTTCATGCGGACAGATGTTATAGATCGCAAAGTATTGCCCGTCCACATTGAATAGAGCGATCGAGCGGTTATTGATCGTCACGACTTTAGATTGCCCCGGCGCTAAGTCTTCAATCCGACCGACGGGATGAAATCCTTCGATGGCCACAACCAGAACTCCTTCCTTCGACCCTTCCAATTTTACATGCGAAGAGTGTACTTCAACTCCTCACCGGTCGCGAGCCCCTGCCTTTTCACAAAACCGGCTTCTGTCTGAATGACGTAGCGGACCGGCTCTCCTGATCCATATTTGGGACAGGCATGTTCCCGGCAGGGTGGAACATTTTCGGTCAAGGACACGATATGGTGACTTTCGTCGACCCAGATCAAATCAACAGGAAATCGATATTCTTTCGTCGTAACACGGTTCAGTCCCGTCGATTCGAAGATATAAATCATCCCTCCATTCGGAGGCAATGCCTCTTGAAATGCCAAGCCGAACAATAACTTTTCCGGTGTGTCGGCAACTTCCACTTCGATTTCAGACTTGTTTGGAAACGTCACAATGATGGTTTTCGTCTCCTCCCGCTGCATCAAAAATGTTGAGAGGCTGAGAAGAAGAAATGCGAGTAGAATGAGCGTAATAATACGCTTCTTTTTTTGCGCCGCATCGCTCATCTGGACTGACGTCATACTGACATTCCGCACATGTTCACTGAGGTGTCAATCTGGGCCCAAAGCCCCATAATAACAGGGGATCTAGGGCTTATGAACGGGAGCCGTTCTGTTGACTTGGAAAAGATGAGCAGACTAGAATGACGCCACGTTACGTCACGCACTATGTCGATGACGGGGCGGGGTTGTCAACCGTCTAAGTTTTTCCTGCGTGAGAAGGAGGCGTGGGTCATGGCACTGTTGATTACTGATGAATGTATTTCCTGTGGAGCCTGCCTGCCTGAATGTCCAAACGAGGCTATTTTTGAAACTCGCAGCGATGCGGAAACCAAAGGTAACCATGTTGGTGACGGACAGGGTGTTGGCGACAACATCTACGTGATTACCCATGATCGTTGCACGGAATGTGTTGGGCACTTCGACGAACCTCAGTGCGCTGCGGTCTGTCCGGTGGATAATTGTTGCATTTCTGACCCGGCATATCCTGAGACCACTGATGTATTGTTGGACAAAGCCACGAAGCTCAATCCTGACAAGAGCATTGACTCGGCCAAGGTCTGGAGCGGGGTTCGCAATTGAACTCTTAGCCTAATCGTTCGCAGTTCAAGGCCCTGCCGTTCTTGTGAGCGGCAGGGCCTTGATGTAATTGCGCCATCATCTTGACTTCGTAGACATCTCCGCTGCAGCCGCAGTATGATTCATCATATGCCATGTCTTTGCTTACGCCTGCTCACGGAGGTAAGCCATGCTACACCGATGGATCATTGGAGCGATGTTATTGTCCGGATCTCTGAGCGTATCCTCCCCTATCCATGCCAGCACCGGGGACGTTGGGACTATTATTGAGCGGTTTGTCCTCGGTCAGTTTCCTCAGTCTGTCAGCCACTATTGGGTCATCAATGAGACTCAATGGGATGGCGACGAGATGATCGTTGACGTCAATGCCGTCGTCAGCGATCGGCAGGAACAGGAACCTACCCAAAATCGGTACTTGCTATTGATCGTCGCGGGAGAACTCAAAGGAGCTCAAAACGTTCCGCTCGAACAGGAAGCTGAATGCACAGTGGAAAAGCAAGCATAGTGGACAGGGTTGAGATGTGACCGTTGAACGCCCCCGCATTCTTTGCGGGGGCGTTCAAGTATATGTGCGCCCTACTTAATCATGACTAACTTGCCGCCGACATGGGCCGGATGGAGATGACAACGATAGCTCAGAGTGTTTCCCATCGTCGCGTAGAACAGGTCGCTGGTGGGAATGCCGATGTATTTCGTCTCCCCCGGCTTCAGGACGAGCTTCGCATTCACCGCCGTCGGGGCTGCCTGCGTGGTCGTATCGGTGAGTTGGAACCCATGTTCGGTAGTGCCGTTATTGGTGATCTTGATCAGGACGGGACGCCCGGGGCGAACTTTGAAGTCGATAACGGTGGTGGGCGGATACCAGGCCTTCATGTTCCCGATTTCAACTGAATAGAGTTCTGCATCCACTTCCAATTCCTTGAACGACTGACCGACGACGGAGCCGGTTTCCCAATCGCCGATTTCGACTCCTCCCGCCTGGAGCGCATACGCTGCATTTGCACCAGCTACGACCATCCCGAGGCCGAAGAAGACCATAAACATCGTCTTGCCCATGACCTACCTCCTTATGAAGAAGAAGAGATGTGATTAGGTTGGTGAATAACTACCGACTTTACCATGCGACCTTGACCGATTCAGGCAACGGAAATAAAATTTATGTTCAACCATGATGGCATGACAGCCCTCAAGGAGGATCCTTATATCACAGGGTGGAAAATGGAAGCAACATGTTATGCGTAGCTATAGGTCCGGAAATCATCGGCGTCGCCAGTGAATTATCAACAAGACAATGACATTGATTTCAATACCTTACTAACAGTCAGTCGTAATCAGTCCGGGCGATTCTCGCCGACTGATGCACCTATCAAGAGGTCGTAGGGTGCAAAGTCATCCGTCAATACAGTCCCAGATTTTCCGAATTCAGTACGGTGGGTACTCAGGTGAGTCACCGAATCTGGCGGGACCCTCTGCCGATCGATCATGGCCATCACCGCCTCCACACGGTTACTCCGGCTTATACGCTCAATCGGAAGACCAGCAAAAAAAATCAGGTTCTCTGCCTTTCCACGAGACACCCACGGCCCCTTCACTCCATAAGCTTCCACGACCTGAAACGATTGCTTCATCGTCTGAACCACCGCGTTTGCCCTCAAGATATCCCCGCTTTCTCCGGATGAAGCAAGATTGACGGCAAGCACACCTTCAGGCTTCAGATGCGCACGGAGCGCGGCAAAGAACTCCGCCGTAGTCAGGTGGAAGGGAATCATATGCCGGGCGAAGACGTCGACCCAAATGACGTCGTACATCTGATTGGTTGAATTCAGAAACATTCTTCCGTCTCTGACATAGATGTGATGTGAGTCGGGCGCGCGATATGAAAAGTACTCGGCAGCCATGCGCACCACAACGGGATCGAATTCGACGACGTCAAGTTCGAGGTCAGGCCATCGGTCCGCCAGCCATTTTGCCAGCGAACCTCCTCCGTGCCCCAATATTAATCCACGTTTCGGCTCTTGCACCCAAGCCAAAGAGGCCACCATCAACTGACTGTAGGGGAGAAACAATGTCACCGGTTCGGCCTTCCACATCACCGCATGGAACGTTCGGTCCAGGATGAGGTAACGGAAGAGGTCGTCCTCCCGAATTCTCACTTGTTGATAGGGACTATCCTCCTGGTAAATTGGGGTTTTCAACACCTGTACCGGGTGCAGTGCCCCATACCCGGACGCCCCCAAGGGAAGGATCAAAAGCGCTAAGATAAGGGGACGAAGTGACCCCTCTCGCACAGCCCACCAGAGTCCAAGCGCCGTTTGAATCGCCCCAAGCCACCCCACGAGCGCCTGACTGCCGATCCAGGACAAAAAGAAAAATGCCGTTCCCCATGTTCCCGCCAGACTTCCCACAGTTGACAGTGCAATCATTTTCCCCGTATTACGCCCGAGATAATCGAGATCCGAGACGGCCAAGCGCAGCATCGCAGGGAGCACGCCACTGAGCCCG
NZ_AP022671.1_gap64	2289830	2291925	2095	TTACGGTTGCATCGAGGTCGGCCATCACCTGGGCATCAGGGACTTTACCTACGATCTTGCGGATTTCGTCGATATCGGAAAGTTTCGATACATCGCCCTGTCTCGCATAGAGCTCCGGCGCCACCGCGAGATACCCCAGCTTCGCAAGACGCCGGCACACATCTTTGATATGTTCGTGGACGCCGAAAATCTCCTGCACGACGAGCACGACCGGACACGATCGTCGCTGGGCCGGCATAGCTCGGTAGGCTGGAATACTGCCATTTTCAGTAGGAATGAGAACCTCTCCTGCCGTCATACCGGCGGAATCCGTCGTGATCGTCTCGCCCCATACAGGGCGCACGGCCATGGCAAAACCGACCGCCAGAGCTGATAGGATGATCCCGCGCCGAGTCACATCGTCAGCATCAAGATTGCTGAAAAGATGTTCTCCCGGTCGACCACCGTCTGTCATATTCACTCCTGCTCGGACGAATGTACGTTGAGGCTCTGCATTTCCTTTAACGGAGATGGTTATTTCCTGAATATCATCCGCGGCGACGTGAGGTCTCCCGCACTGACGGTGACCAACTCCCAGCCGCTGCCTCCGAATTCATTGAGCGTTCGCTGCATGGCATCTGTGTCGTGCAAGACCTCCACGATACGATACTGAATACGCTTCACTTCCTGAGCTTTAGCCGTAAAGGGCTGCACGAAGAGGAGCGAGAGCGTGCCCGCACAGAGAGTGACGCTCAAACCGAGCATGACGATTCCCAGCCGTTCCACTTTCATAATATTCCTCCCTTGGACGCAAAGATTCAATGCGGCCGGAGTGAACGCAGCTCGGATGACCTATCGATACAACACAATAGATTCCCAGCATTTGTCCACTTTTTCACGGATGCGCCGCCCTCCAATTCTTTCCGACCCCGAGATCGACTTTCAACGGCACAGACAATCCCAGGTGTGTTCCGACATGTTCCATTTCTTCCCTCACCAGGAGCTTGGCTTCCTCGATTTCCCCCCCGGGCACCTCAAAGATCAATTCGTCGTGCACCTGCAATATCATTTTGACATGAGGCAGATCCTTCTGCAGCCGAGCATGGACGTTGAGCATGGCAACCTTGATCAAATCAGCCGCTGAACCTTGAATGGGACTGTTGACGGCCATCCGCTCGCCCAGCGCCCGTTGCATCGGATCACCGCTTTGGAGTTCAGGAATCGGCCGCCGTCTGCCAAGAATCGTCGTCGTATACCCCTTCGTCTTGGCATCGCTGATATTGCGGTCCATCAATGCACGAACGGCTGCAAACTTCTCAAAAAATGTATTGATGTATGTTTTGGCATCGGACTGTGAAATCCCGATGTTCTGCGAAAGCCCAAACGGGCTGATACCGTAGACGATGCCGAACACGACGGTTTTGGCCACGCGGCGCATGTCACGCGTAATATGGCCGGCCGATTGATTGAAAATCTCCATCGCCGTCGCCATATGAATGTCCTCGCCTTTACTGAAAACATCGACCAGACGGGGGTCCTGCGACAAATGCGCGAGGATGCGCGGCTCAATCTGACTGTAATCCGCGCAGAGCAAGTGATGTTCTTTCGGCGCGATAAATGCCTCACGGATGCGGAGCCCATAATCCCCCTTCACCGGAATGTTCTGCAGATTCGGATCCGTCGAGGACAGACGGCCGGTGGCCGCCACAGTCTGATTCATCGACGTGTGCAGGCGTTTCGTCTCCGGATACACCAATTGCGGCAGGGCATCAACATAGGTGGATTTGAGCTTGCTCAAACTGCGGTAGTTGAGAATTTGAGCCGGTAATTCGTGCTGCGAGGCCAGTTGACTGAGCGTGTCTTCATCGGTCGAGAATCCGGTTTTGGTTTTTCTGACCGGTTTCAGCCCCAACGTGTCGAACAACACGGCCGCGAGTTGCTTCGGGGAGTTAATGTTGAACGCACCGCCTGCTAATCGGGCGATCGTTTCCATCATCGCATCGAGGTCCCGCTCCAGCTCTTTGCTGAGCCCCTGCAAGCCCTCGACATCGAGAAGAAATCCGTTCCGCTCAATCTCGACTAGCACCGGAATAAGAGGCATCTCGACCTTGAGGAA
NZ_AP022671.1_gap65	2296020	2298766	2746	ACGAAAAACGACGTTCAAGATTCCGTTGGCGTCCGAGTCTGGCACCCATCAGGCCAAGTGCAGCGGAAAGTGCGCCAACGATCGCGATGACGGAAGCGCCGGCAGGAACCGGTTCGGCCGCCCCCACTGCATCCAACAATTGTGAGACGGTCGCCTCCCGCAGATCTATCGCAGGTTCGGCTTTATCACGGTCGCGGGTCGTGAGACGATGGCCGCCGCCGTCCTCGATTTTGGACTCCAGGACCTGCCCAGGATCGAAGCCTTCCAGTCTCAATGCATCGATTCCCGCATCGGTCAGGGCCTGCCGCGGGACCAGTCCGACGATCTCCGACCCTGCAATGGCAACCCCATGAAGAGAGGCCACCGCCTGCACCGCTTCAAACGCGACATGAACCGAGGTCTGCTCGATATCCGTCAGATTCATGGCGACTTGTACCAGACCGCGGCTGGGGAGCGCGACGCCGATGGCTTTGACATGCGATACGCCGCCGTTGGATTGCCTCACGGCTCTGGCAATGGCTTGCGCGACCTCAAGCTGAGTTGATCGGAGATTTACGTTGAAGGCAACTAATGGACCTCGCGCTCCGACAATGACCGCTCCAGCCGTTTTGTGCATCCGGGAGGGACCGAAGTCCGGATTCCAGTCGGGATCCGAGGCCATGCGGTACGCCAATCCTTTAAGCCCACCCCGGCGCACGGCTTCGAGCGGTGCGTGATCCGGATGTGGTGCCGCTCGTTCGTACAGAAAGACGGGAATCTCCAGTTCCTGTCCCACCCGTTGTCCGAGGCGTCTCGCCAATTGCGCGCAATCTTGCATCGTCGCGCCACGGATCGGCACGAACGGCACCACGTCGGTCGCTCCCACTCGCGGATGCCCTCCCCGATGGCGGCGCAGATCAATGCGATCTGTAGCCACGCAAATGACACGAAACGCGGCTTCGAGTACTGCCTCCGACTGTCCGGCAAATGTCACAACAGATCGATGATGGTCCCGGTCCATCGTATGATCGAGCACCCGGACACCGTGAACGGAGGACGCAGCAGTCACGAGAGCGCGCACCGTCGCCTGATTTCGTCCTTCACTGAAATTCGGCACGCATTCCACGATTTGATTCATCGGTCCGTACCCTAGAACAAGAAAAGCCGGAGGTCTGACGCGTCATCCCTCCGGCCTTGCCGCTTCTTCCGCCCGGAACTGCCGTGCGGCTTATTTGGTTTTTTTTACAAATGCCTTGTAGATTCGCCCCGATTGTGCGTTTTCTTCTTCCAGGCCCAACATCTGATGTCCGGTCGTATCGCACCAAGCGGGCATGTCCTTTTTAATGCCTTCGTCGTCTGAAACGACTTCGAGCACCTGTCCCAAGGTCAGTTCCTTGATTTTCTTCGAGGTCATAATGATCGGCATCGGACAAAAATACCCCAACGTATCCAATTTCACATCAGCCTGCATGAGGTTCTCCGCGATTCGAACCATCCACCTAGATAAACAGATTGACGCTTCCCTGTTTCGCCTCGGCCAAATATGTGGTCACGCCGGCGAACTGATCAATGCCCTCGATCAGCGTATCCTTGGTAATTCCCATCAGACCCATCGTGGTCGTGCAAGCAATGAACCGCACCCCAAGATCCATGGCCGTCCGCATCAATTCCGGTACACCCGGCATCCGGTTTTGCTTCATGACCGTCTGCATCATCCTGGTGCCCAGCCCCCCGAAATGAAAACGGGACAACGGAAGATTCTCGGCGCCTCCCTTGTTCAACACCCCGAACATGCGCCGAAGCCAATCCTTGGCTGAACTCGTCGCCCCGTTGCGGCGGATGGTATTCAATCCCCAGAAGGTGAAAAACATCGTGACCTGCATACCCATGGCTGCTGCGCCGGTGGCGATGATGAACGCGGCCATCGCCCGGTCAAGGTCTCCACTCAATAGGACGATCGTGACGCGCTCGGGTTTGGAGGTTTGAAGATCACTCAAGGCGACCGCCGGATCAACCTGTGTACCAATCATGACACCCTCATCATCTCATGACACCCTCATCATCACGGTGCCCGGCAGCTGTCGTACAGCGGTTGGTTACAAACGCAAGATTCGACTATAGTATCCGCATCTTTTTCATGTCAAGGCAACGACTTGACCCTGCAAATGGCGGCGGATATAGTCCCAATGGGCCGTGAGGCGGTCACGCCTGGCGTCCATCCTTCCGATGAATGTAGATCTTATCACCGAAATCAAGCCTTCCAAGAATGCGCCGTTATTCGGGTTCTGGTATCCGGCTTGTCCGAGTTCCGACCTCGGACCAGGCAGCCTCAAAGGCACCATCATGCTCGGATTGCCGATCCTGGTGTGCAAGACAGCCCAGGGGGCGGTAGCCGCTATGCGAGACATTTGTCCGCACCGCGGCATGCCTCTTTCTTTTGGACGTATGCACAATGACTGTGTCGAATGCGCATATCACGGTTGGCGCTTCGATCAAAAGGGACGGTGTCAGGGCATTCCGGCACTGGTGGAGGGATCTCCCATCCAACCGGACAAGATCGGTATTCTCACATATCCCTGCCGAGAACGGGACGGCTACATCTGGGTATTCATCCCTGATTCTCAACAGCCGGATCAAACGATTCCCGACGTCCCGCCTCTGCCTCTTCCCTCATCGCCTTATCGGATGGTTCAGATATCGACCACCCTCGACTGTACCATCGACGATGGGATCGTCGGTTTGATGGATCCGGCCCACGGCCCTTTTG
NZ_AP022671.1_gap66	2301412	2302859	1447	GGTTTCCGAGTATACCGTAATCGGTCATACGTATTCCGACATGGACGACGGGATCGGAGAATACCTGAGTAGGAACGGCCGAACAAGTTCGAGTCGCTTGCGAAGGCACGACCGCCGGCGTAGGGTGTCGGCCGTCGCTGGAGCGATCCCATGATTCGGGCTATGATCTTCGATTTCAACGGCGTTCTGGCGGACGATGAGTCGTCGCATGTCGCCTGTTTTCAGCAGGCGCTCGCGGAGTTTGGTTTGATTCTGACTGCGGAAGACTATTACGGAACATATTTGGGGATGGATGAGCGTACCTGTGCCGGCATCTTGCTGACCTCTAGAGATGGTACGCTGGACACCGTGCTGCTCGACCGGATCACCGCCCGGAAGACGCAACTGTTTCTCGACCATACGGCAGTCCATCGTCCACAAGTATTTGATGGAGTGACCAAGTTCGTCCTGCAAGCGCAAGGTCGCTACCGGCTGGCCATTGCGTCCGGCGGCCGAAGGCACCAAATTGCCAATGCACTTGCCGGAGCTGACATTGAGAAAGTTTTTGAGGTCATCGTGGCCGCGGAAGACTGTCCGATCGGAAAACCCGACCCTGCGATCTACGCCCTGACGCTGGCCCGCCTCAACGCGATCGAGCCCACAACCAGCCTCGCTCCCGATCAATGCCTGGTCATCGAGGACTCACTCGCGGGTGTTCGATCGGCGCGCGCGGCTGGCATGCGAATCCTCGCGCTGAGCACGACCTATCCAGCTGAAAAGCTATGCGAAGCAGATCTCGTATTGCCGAACCTGCTTCAAGTCACACCCGAGTTCTTGGCGGCATGTATGACTCGAGCCGGATGACAATCCGTTTTACCGCATTTGCCAAGCCTTCACACCCCTCCAAAGGTGAATAGACGCCCTCCTCCGACGTGGAATAGCTTGAAAGCATCATGGGCGGCGGGCATCACGTGAAAGACTGCGATCACGCATTCGGGTTTTTCGTATCACCGATTCAGGGGAGGTGGATCATGCGACCCCAATTTCAACGACTCTTTGCCGTAACCGTTTTCTTATCTGCACTGTCCGGTCCTGCATATGCCGATACACCGGCTGCGCCGGAGGCCGATCCGATGAAAATGTGGAGTTGTCCTCAAGCGGATGGGACCCTTCTCTACACGAACAAAGACAGGAATGGATGTACGCTCATGACTCTCAAACCGCTGTCCGTTGTACCGTCACTCGACAATATGCCGACCTATCGCCCGCAAACCGCGATGGTGCCTCATTACGACGGCTCGGCCCCGGACCGGTACGCCGGGGGTGCGGGCGAACAACCGTCAGTTCCTGGCTGGGCTGGTGATTGGCATGCCAGTATCGCCTCGTCCGGATCGGTGCAAGCTGAGGTCTGCGCCATGTACGGCGAGTGGCTCAATCTGAACCAGAAGTCGCGCGGTGGGTTTTTCTT
NZ_AP022671.1_gap67	2304487	2306911	2424	TGCCCGGATGAGAGAGCGGGGCATGAACCGCATGGCTCCGGATCTCCAGTAACTGTTGCTGCGAAGCAAAGACCAAGGGAATGGGCCCATACCGTTCGACCAGCCGAGTGATGACTCCGTCTTTCAACGGGGACCGTCCGTCATTGGTGGGGCCACTGTCTGCATGGACCAAGACGTTATGCCCGCGGTCAGTGATCAGATAACAATTCCTTGGCATCTCCAAATCGCAGGGATCTTCGCCATAGAACGGAACGGACACGACCGTGCCTCCTTCGAACGGCCAGGTTTCACCGTGGGCCAGTTCGACCACTCGGCCAAAGCCAAGCTCACGCAACAAGCCATGGTAGTCATAAAACAGCTTCTTCTTGTTGCGGCGGCTCGGGATAACGATCGGAACGTCTTTGGGAATATGAAGGAGGGTCCGAGGGTCGACATGATCATCGTGGTCATGCGTGAGAAAAATGGCGGCGGGTTTCGGGATTAATGATCCCCATAAGGATGGGACCGACGACTCGGCAAACCACGGCAGAAACCAAGGATCAAACAAGAGGACGGTATCGCGCTGACGGTAGAGCAACGCGGCGTGACCCAGATGAAGCATGTCCTGATCCTGCACGACATCAAACCAGGTATCCCGGATGGTCGCGTGCGATGACGCCCGAAGACACTCGTATTGGTGCAGCGATTCCATCAGCCGGCTCAATACCGGCTGGGCCTCGCGGGGCGACGTGGTCGCGACCGTCCTGATCTCGTCGGTGCGATGCGTTCCGTCCAACATGCCCAATACCCTGCCGATGATCGGACCGACCGGACGTTGATCGAACCCGATAGGTACGGCCTGACGCTTAATCGAATGAAAAATGCGAAGGCCGCCGTTGATCACCGCCGATGAACGCTGGGGGTCCGCGCGAAACTGCCACCGAAAGCTTCCGTCGGGCTGTCTGCCGCACGTGATGTGCTGGCGCAAATGCGGCCTGGAATTGACCAATTCCGCATAGGCATCCTCGAGGCGCCTCCCTCGTTCAGAGTCCTCCACCGGCGCCCGCTTGGAAAAGACGTCGCTGATGGCTGTATCGATCGAACTGGCCAGGAGTGCATGAGCTTCATGGAGGCCGGCGGCGACCTCCGGGGCCACACCGCCGATGAAAGGAAACGGTCCGGGCGATTCGGCGCTTTCAAGCTGGACCCAACACCACGGCGCCAGGCTGAGATACTGTTGAGAGGGGAGGCTGTCCCAGATTCGGCTCATGTCAGCTGATTATCCGGTCAGGTCAGTTTACTGATGGTGGGCTCGTAGAGGGCTTGAATGACGTTGCCGTCCGGATCAGCACAATAGAAGGAATAACTTCCGTCGCGATGCGCTTTCGGCGCTTTCACGATGCGCCCACCGAGCGGTTCGATCCTGGCCATCATATCGCTGTAAAGCGCGTCGACCGCTTCGCGGCTTTCCAAGATGACGCCTAGATGATCGAGAAATTGATGCGGCGACGAACGATACGCTGGCACCTGACCCGCCTCGATTTGGTGGAGAGCTAAATTGTCGGAGCCTGAACTGAAATAGACGTTGTCCTGATCCGGCTCCCAGACCACCTGCATGTCCAGCAGATCGGTGTAAAAGGCGCGAGAGCGGGATAAATTCGTCACGCGCAACGCCACGTGTCTGATACCGCGATGCCGACCCATGCTCATACAATCCTGTGCATCGTATAGTAGGTGGCCATCCAGAGCGGCGTCAATTCGATTTTCACCATCGATGCTCGGCTGCGAGTTGCGCAACGGTTATGCTACGATGCGTCGAGCGGGACTTATTTTCTACGTCTTCAAGGAGTGTTCACATGATCCGGGGATTCTCGTCGTCAGTTGTTGCCGTGCTCGCTGTTGGAATCGTGTCTGTTGCCTTTGCCGACGAACTGCGGCCAGGCGGACAGGACGATGTGCCAATGGTCGTGATTCCAGCCGGTTCTTTCCCGATGGGCGTGCCGCCGGGTGATCGCGATGGCGGGCGGGACGAATATCCGCGCCACGAAGTGACTCTGGATGCGTATGCCATGGACATCTATGAAGTCACGAACGGCCGATATCTCAAGTTCGTCGAAGCCACCGGGCATCGTATCCCTCAGAATCCGACGAATCCGACTCGGAACCTCTGGCAGGGAACGGCCGTTCCGGAATCCTTGACGGACCGCCCGGTGGTCAATGTCGATTGGGCCGACGCGGATGCCTATTGCCGCTGGGCCGGCAAGCGGCTCCCAACCGAAGCCGAATGGGAAAAGGCCGCAAAAGGCAATCATGACTGGCGCTTCCCCTGGGGTAACGTCGAACCCACCGCCAAGCATCTGAATTACAATCAGCGATGGGTGGGGGAAAAGACCTTGATGCCGGTCGGCAGCTATGAAGCCGGCAAGAGCCCCTATGGGCTTTACG
NZ_AP022671.1_gap68	2317942	2322614	4672	CGATCGCCGCCTGGCCCACCTTGGCCCCCGCGTCGAAGATCGTCATCCCTTCGAACACCCCATAGGGCGCATGGTGCTTGCGGCCCACCCGCACGTTCCACACCTGCCCCCCCGGGTTCACCTGCTCGATCAACTGCGTGATCTTCACGTCGTAGAACTGCGGATACCCCCCGTAGGGCTTCGTCTCCACGTTGTTCCACCACATGTACTCCTGCCCCTTCGAAAACAGCCACGTCGACTTGTCCGCCATCGAACAGGTCTGACAGGCCAAACACCGATTGATGTTGAACACAAAGGCAAACTGCCACTTCGGATGCCGCTCCTCGTACGGGTACAGCATCTTCCGTCCCAGTTGCCAGTTATAGACTTCAGGCATGGTGAATCCTCCTTAAATGCTCACGTGTCTCCTGCTGACCGGGGGACCCGGAGCGGATCCCGCATGGCACACGAGGATCCCGCTCCGACCGACAGCGATGGCTACACCTTGATCTTGATGTGCTCCCCTTTGAGCCACTTGATCATGAATTCGTTCTCCTGACCCGGCGTAAACCCGGTCCGGACTGGTTCCCACGGCCCGCGGGCCCCGATGCCGCCGTCTTCCGCCTTCGTGATGCGGATCAAGCATTCCTTCGGGGTCGTGTTGATCGCATGGTGGTCAATCGCATAGCCCCACTTGAACTTCCAGGCAATCGCGTGCTTGCCCGGGAGTGAGTCGGTCTGGTGCATCGGCATCAGCCACGACCGGGTAAAGGACTGTTGGGCCCCATACCGGAAGTTGGATTGATAGCCGGTGTCCACCGCGATCGCCCGGCCGTCCGGCCGCGTCTCGTGGCCCTTCACCGACTTCGCCGTCGACACGTACGGAGCGTGTTTCGCCATCGTCACGTGATACGGATAGGCCGGGTTGTACTTCGCGCGAATCATCAAGCGCGCGACCTTGTAGAACGGATCCGAGGGCTTCCAGCCCCGATAGGGCCGGTCCACCGGGTTGCCGTCCACATAGACATAGTCGCCGTCGTTGATGCCGCGGTCTTTCGCCGCCTGCGGGTTGATGTGGATCTGGTGCTCGCCGACGCCCGGCGTCCGTTTGTCCATGCGGTACGGATCGCCGAAGTTCGACTCGTAAATCTGCACCCAATCGTTCACCGACCACTGGCTGTGCACCCGGTGCCGGGTCTTGGGCGTCACGCAGTAGAACTGGTACCCCTTCTCCCACAACGGATTCGAATGTTGCTTGACGTCCTGCCACGGCAGCTTGATGTTGCGCACCGTCTTATCGTCGTGGTGCTGCGCCGTGATCGGAATCCCGTAGTCGTCCGGCCGGACGTACGGGTTGCTCGTCATGATCGCGTTCGGCAGATACGGCGTCGCCTCCGGGCCTTCCCGGTGCACGATGAAGTTCTCGCCGTACTCGATCGCCTCCGGTTCCACCCGGTAGGTCTCCAACCGGCCCGAGCGCGTCCACTGCGGCTTGCTCTCGTTGACTTCTTCCCAGAGCGGATGGCGCGGATAGGTCCGAACCATAACCATCCAGCCCTTCTCCGACTTCAGCATCACGTCCGCGCTGTAGCCGTACAGGGTGCTGGAGGCATCCAGCACACGCTGCGCGTACACATCGACGCGGTTTTGATAGACAAAGTGGAAGACCTCTCTCATGCGATTGTCGCCGGTGATATCCCCCAATCTGGCCGCAACGCCGGCGAACGTATCGAGGTCGTTGCGCGTGTCGTACAACGGCCGGATGCCGCCCTTCCACAACTGGATCCAGGGATTGGATACCGTGGCGGTCATTTCCGGGTAGGTGAACTCCATCCAGGAGTTACACGCAAAGGCGATGTCGGCGTGGTTCACGTCCGAGGTCATCTCGATATCCTGCGTGATCAACATTTCGATGTTCGGATCCACGTTGCGCACCATGTCGTAATGGTGCTTGGAATTATTCAGGATGTTCACATTGACCACCCACCGCACTTTGCTGGGGCTCGGCATGTGCGTCTTGCCCGTGAACACCTTCCGTCCGTACTTCGGGGTGTTCACGATCAGTGCGGTGTCGCCATGATTCCAGTAGCCCGGCTCTTCACCGTAATAATAGGTCTTGTACTTGATTTCCTTACCGTGTGCGTTCGGATCCAGATTGGAATGCCACGGATCTTCCGCGAGATGCACTCCCGCGCCGGCGCCTGACCAGGGAGCCGCGTTCCAGATGCCGACCTTGTAGTTGCCCGACCAGGTATGGCAGCCGGTCCCGAACTTTCCGATATTGCCGGTCAAGATCAACACCAGCGCCGCCGCCCGTCCCATGGACGTCATGTGGAAATAGTGGCAGACGCCTTCGCCGTTGTGGATGGCGGCCGGCTTGATCGTGCCCGAATCCCTCGCCCAGCGGACAATGAGGTCCTTGGGGGCGCGATTGATTTGATGCACGGTATCCAGATCGTAATCCTGGAAATGGACCATGTAGAGCTGATAAATCGGGGCGACATCCACCTCGCGCCCGTTGAGCAACTTGACCCGGTAGGTGCCCGTCAAGGCGGCATCGATCCCCGCGTCGAGGTAATGCCAGCCCACTTGTTCACGATGCAGCGGCACCGCCTGCTGCTTTTTCAGATCCCACACCATCATGCCGCCAAGCCGCTGAATGTACTCGGGCTTCAGGCCTTGAATGCGCCCCGAATAGGCATGCGAGAAATCCGGCAATGCATATTCCTTGATCACGTCGCGCGGATCCAAGTATTGCAGCGTGTCGGTACGGACCAACAAGGGCATGTCCGTATACTGCTTTAAGAAGTCGATATCCTGCAGGTTTTCATCGACGATGATCCGGCTGGCGCCGAGAAAGAGCGCGCCGTCGGTTTCCGGGCGCACCGGAATCCAATAGTCCGCGCGCGAGGCGGTGGGGTTGTATTCCGGCGTGATCACGACCAACCGGGCGCCCCGCTCGATCGACTCGAGCTTCCAGTGCGCTTCCGGCATCTTGTTCTCGACGAAATTCTTCCCCCAGCTGGTGTTCAGCTTGGAGAAGCGCATGTCCGAAAGGTCGGTATCGCAGTTTTGCGTGCCGTTCCACCAAGGCTGAGAGGGATCCTGGTCCCCGTGCCACGTGTAGTTGTTCCAATAACGGCCGCCCTGCGCGTGCTCCGGGCTCACCTTCCTGATCCAGGAGTCCAGGAGGGCCAGGATGCTGTTGTTGAAACGAGTGTTCCCATGCTTGCCGAGCAGCCCGAGGATCGGCATGCCGGCGCGGTGCTTGAAGCAGCGGGTGCCGGCGCCCTTCATCATCTCGATCATTTCCGGCGCATAACCCTGTTCGCGCAACCGCCGCGCACCGGCTTCGCCACTGTAGCGCGTCCCGATCGTGACCAGCGCCTTCGCCGCATATGTAAAGGCCGTGTCCCAGGACACACGAATCATGTCGTCCAGGAATCGGCTGTTGAACTTATATTTCCGCTTTGTTTCCGGCGTGAGTTCCGGCGAGCCGGCATCCATCCATTCCTTCCACCCTTTCCGCATCAATGGCCCCTTCAAGCGATACGGGCCGTAGACGCGGCGATGGAAGGTGAAGCCCTTCAAACACATCCGCGGGTTATGGGCGAACGTCCCGCGGTTGCCATAGAGATCTTCGTAGGTTTGATGATCGTAGTTCTGCTCCACGCGCATGACGACGCCGTTGCGGACGAAGGCGCGGATGCGGCAGGCGTGGGTGTCGTTCGGAGAGCAAACCCAAGTAAAAGAAGAATCATAGCGATATTGGTCGTGATAGACCCGCTCCCACGAGCGGTCCGGATAATCACCGAGCGGATTGCCCACCTCGATGACCGGCTGCAGCGCCGTCAGCGCCAGAACCTTGTCCGCCACCGCCGCCACGGCAACGGTACCCGCGGACACTTTTAAGAATTGTCGACGTGATAAAACCATGAGGGTATTCCTCCTTGCTAAAAAAATATGAGAACGAAGATCTGCGGTCTCGTCCAAACCCGTATCGACTCTCCCACCTCCTTTCTTTGCTTCATATTTGCCTGAATGTGACGGCAATCAGGACGGACCCCACGATCAGGTGCAGGGCAACTCCCATACCATGTCCATACATGGCCATCTGATGATGACGTTCTTCTAATCATTTGATTATGCAGCAAGAATCAGATAGGCGTGCGCCATGAGCGCCTTCGCTCGAGATTTCATGATCGCGATATGTCGCGACAATCGTCGCGACATTCGCGAGGTGACGCGATGACCATGACGCTTGGCCGATCGCGCTGACGTCAGGTATGACCAGTCGATTTTATGGCGACGGCGGGGTGCGGAAGCGGCGCATTCGCACTCTCCTGTTCATGCGAGGGCTGCTTTTTCACCGCCAATGAAGCCAGCCAAAAGACGAACAGAATGCTCGTCCAGAAAAACAACACATTGAAGGAGATCATGTTGGCTGCGAATCCCACCGTATGCGTATACGCCCAGGGTGAATTATCACGCATGATTTCGTTGACGTGCCAGAAAAGACGGACGGACGAGCGGATATACCCCATCAACGCCATCATCCAAGTAAATTCAGTCGCGAGCATGATCAGGGCATACTGGGATCTTGGGGACATTCGACCCCATTCGACCGTTCCTCCTTGCTTCGCTGCCTTCAGCATGCCCAGATTCAGCGCCGTCATGAACACAAGACAGGACA
NZ_AP022671.1_gap69	2359422	2363289	3867	GTGTTCAAGGGCTTCTCACCTGTTGCCACCATCACCTCGATAAGAGATTGGGGCACCGCAGCTGGCAAAATCGCAATCCAATTTGTATACTCCCTTCTCCTCGCTCCCTGCAGAGACCGCTTCTCACGAGTCGCCTCACTGTCCGTAGAGTGCTAGGAGATGCCGCATGATTCCATTGCGGTCAGTCACGAAACTTCAGCCACACGAGCCGTCAGATCTCTATCCCTTCAATGTGCCGGCTATCAACGCTCTGGTGCGGTTGCAATTCGACTCACCCGTCACTTTCTTTGTGGGGGAAAACGGATCTGGAAAGTCGACCCTGCTCGAAGGGATCGCGGCTGCGGCGAATGCCATCGTCGTTGGCGCGGAGGATATCGTTCGAGATGGAACATTGGAACACGCCAGACAATTGGCCAACCGTCTTCGGATTTCATGGTCGAAAAAAACGCGCCGTGGCTTTTTCATGAGAGCCGAGGATTTTTTTAACTACACGAAGCGCGTCAATCGAATGAATCAAGAGCTGCGCGATCTGGAATCGGACTTTGAAACGAATCTCAAGGGATACGGGTTGCTGTTGGCAAAGTCCTCGGCTAAGGGGCAACGTGCTGCGCTCACCAAGCGATATGGGGACAATGCCGATGGACTGTCTCATGGGGAGAGTTTTCTAAACCTGCTGCAAACCCGGCTGGTCCCTTCCGGGCTGTATCTTCTGGATGAGCCCGAGGGTCCCCTGTCTCCGCTGCGTCAACTTTCTCTCATCGCGTTGATCAGAACGATGCTGCAGCAAGATACGCAATTTATCATTGCCACCCACTCGCCGATCCTTTTGGCTTTTCCGGGAGCAACGATCTTCAGTTTTGATGCGATCCCTCCTCAAGTCACCGACTATCATAATTTAGAGCATGTGACGTTGACGAAGGCCTTCCTCAACAATCCGCAAGCCTTCTTGAAGCACATTTGACGTTCAGCGGATGTAAAATATTTCGCGGCTACCGCGTCATTTAAGCATCTCTTGCCGCCGAGGGACCATTTGAGTGCCGCATGATCCGACTAATACCGACTTCCTTTTGGATCTCATGTCAGCAGCGTGTTGCCCGAAAACTTCCCAATCCAAGTCCTCGCTGGCAATACGCGTGCGTGATCTCTTGAGATGCGAGTCGAAAAATAGAATGAAACCAGCTAATCCCGGGGCAATTGGCCGGCTCGATTCTAGTACGCCTCATTTCAGCGAATGATCAGCGCTACAGGTGAGATAAAATGTTGACCAGCCGGCCGAAGGGATCCCGCACGTAGAAACGACGGACACCCCAAGGCTCGTTCGTGATGTCGTACTCGATCTTAAACTTGGCTTTTTTCATTCGTCTGTATGCTTCGTCCACCTCATCGACTTCAATGGAAATGTCTGGGATCTCGGTGCCGGATCCTCCCTGTGATAAGAAGCTGACTTGTACGCTCATTTTCGTTTCCGAGCCATACGTGGCGATCCATCCCAGATCCATCAGCAAATCCAGTCCCAGAACGCCATGATAAAATCTTTTCGCCGCGGCAATCCTTTTGACCGCTATGTTGGCGACAACTCGCTTCACTCTCATGGAAGTTTCTCCAAGGCCATCTCGAAAGCCATTTGTCTATAGGCTGGGAGCCCGTATCAAGGCCTTCGCATCACTGTCGTCTTTCCATCGCCGTTCCTCGATTCCCGGAAGCGCAAGCACCTGAACCCCTGTCATCGCCATCACCTTCTCGTAAGCACCGGGCCTAGTCTCTATCGCATTCCCATAGTACCCGTCACGACACATATCGCTATATGCGTAGGCGCAGCGCGACGAGTCCCCAATGCAAGAGTGCCGAGGAGGAGGTCCAGACAGATGGAGCTGAGTAGGGTCATTTTTGGGGCCTTCTGTCACACACGTGACTGCTAGGATGGTCGAAACTATACGTGGAAGGCTTATTATGACTGGCGCTCACTGGGTATGCCTTGGATTCGTGATGCTCGTCTGGACAATCGCAAAAAGATAGAAGATCAGCTGAAACCTGACTCAAAAGGGGTAGGAGACGTACTCGTGTGTCTGTCCACTCAATGCTACAATGAGTCGTCGATGTCAAAAATAGTACGTGAGCAATTCGGTGATCTTGACTCTGCGGAGCACCAATGCGTTCCTGTATTTTCGATGATCACTCAACCTGAAGGCTTCGACTCGCTTACCTGTAAGCGCAGGGACACCGCGATGGCGTTTAGAGAACACACGATCGATTCACCGTCACTGCCGGCATCTTCTCGTCAATGACCTTCCAACGTAGGCGATCCCGTACACATCGGCCTCTTCTTCGCTGGCGTTACTGCTGTCAACGCTGAACTCTTCCATCGTGCGATCATATTGAAACACGCGTTGCTCATTTTTCCAAAAGCCAGTCGGAAGTCAAACAGAAAGATTTGATCGTGCAGGAGTCGTAAGTGACGGTGCGGCTCACCGCTATTTAACGGGCTCGAGCGTGAGGCCGTACTGCTGCGGGTCATGCGCCCATGCTCCAGAGGACAAGAGTCCTAACAAGGGGACGAGAAAGAATACCCCTCCAATCACATCCAGCAGACCGACCTGGCTGAGCTTCTTCGAGCCGACACGGGTCTGTGTTTCATAGCCCTGTTTCTTCACTTCAATCAGAAGAGCCTCTCCGCGATCAGCCTCAAACGAGACCGGCGTCTGTCCTACCGGCTTCCCATTCGAGAGGACCTGTGCGTCAGACGGCTCCGAACTGACCTGAATCATCTCCGTCCTATTTGCAAATAATGAACAGCCTCCGAGGAGATACGAGGCCAAGACGACGAGACTCATTACCCGAGTGCGGATCGAGAGCATGTCATTTCCCTTTCCCTTTTACTCCTTCAGGAATTTCTGAAGCGCTTCCTCTACTGGGCAAGGTGCTGGATTTCGAGCATCCAACTCACAGTTGAGGCTTGTCACAAATGTTTTCGAATGGGTTTTCCTTCTTAGGTTGTTCATGGACGAGTACTTTAACGACACGAGAAAAGCTAGTCAACGATGGGTAGGTCATAGCACGTTCCTCGCGTGCTGATTCATCTGTACAAATCTACCCTCAGTATGTGGTGCGCTAAGGCACGGTGGACCATAGTTTCCTATGCGCATGACAGCATGCGGATACCCTCCGCGTGCATTTACCAAGATCGAGGAGTGCTGTAAAGGAATAAGGCTATGCCTATTGAATACGCCACACACCCATGCATTGTTCCAGCACGCTTTGAAGGCGTTCAATTGGATGACATTGAGATCCAGCAAGAAGGAAATGCCTTTGCCCGTGTGAAGGATAGTGAAATGAATCGTCAGGCGGATGGCTCGTCCCGTGATGGGCGGGGATCCTTCAGCCTTCAGCGCAAGATGGGTTCGTCTTGCGTTCACCAGGAAGGGCGGCGCATGATGCACGCAGCCATGAATCTACCAGGCGGGCGATGGACGTGAGTTATTCCCTTCGATTCCGGCTGCTTGCAGTGATCGTCGGGTGCGCGTGGTCGCTTTCTACCGGATGCTCGAAGGCCACCGGACATCTCTTCCAAGCCATTGAATCCGTGAAGCCGACCGAGGCGCTTGTGTATCTCTACCGCCCTCACGCCACTAAGAACCGAACGGTATCCTATTCCCTCTATGCCAATGATCAGTTTGTCACGAAGCTGGACGATGGCGGATACTTCCCCTATCTGGCCTCACCAGGAGACATCGTCTTTTCCATCCATTCTAGCTCTCACGAGCATCAAGGAATCGGGGGCACGCTCATCACCCGCGAGGGAGAAACCCATTTTGTGAAATTGATGCTGGACGACCGGAACGACGTATTCAAGTATTCCAATGAACCGAG
NZ_AP022671.1_gap70	2410737	2411385	648	GGGCCGAAACTGTGCCCGTCTGCCGCGGCCCCGCCGAATCCTATGGAGACTTTGCGGAGCACCCCGGTGCCAACGGTATAGACAAAAATGTCGTCAAAAGGATCAGCTGTATCTACGGCTATGAGATTTTTTTTCTGCGACGCGAACGCGACGAACCTGCCGTCTGCGCTGACGCTCGGGCTGCCTGCCGATCCGGTGGGTGGCTCCGTACTTCCTGGATTCGCCGTCGTGATCCTCGTCAAGGTCGGCGATCCGCCTGCCACATAGACATAGACGTCCGCCTCATCGTCCGTATCATTCGCGAGCTTTCTGAAAGATCCGAATGCGATCACTGTTCCATCTGAGCTGATGGAAGGATCGAAACTGTTGCAATCATTCAGGCCGCTTGGTACACACGCGACTTCGCCCCCGGTCAGCGGTTGGGAGATCCGCACCGTCGTCCCCGCGGCTCTGTTACGAACAAACACGTCCCTGACACCATTTGTATCACCCGTCACAAGATTGGCGGAGAACGAATCGAACACCACGATGTTCCCGTCGTCGCTGACGACGGCGACGAGACTATCCTGGTCGCCTGCCGCACCGGCTGAAGAAACCGAAACCATTTCCGTGAGGCCGGTCTGACGGTCGTGAAGATACACTTGTCGA
NZ_AP022671.1_gap71	2418832	2422570	3738	TGCCTGATATTTCAACCCTGGAGCGTTCCAATCCGAAAACGACGGCGCTGATCGAAGCCAGAGAATCCCGGTCGCGCGAAGAAGGCAAACGGATCAATCGAAACTGGATCTGGGTGCCGATTTCCCGCGTGTCTCCCCATCTCCGACGAGCCGTGGTGGCGGCGGAAGATGCTTCGTTTTTCACCCATGAGGGATTCGATTGGGAAGGAATCAAGGATGCGGCGTTGTACGACCTCGAACGGGGAGAATTGAAACGCGGCGGCAGCACCATCACTCAGCAATTGGCCAAGAATCTGTTTTTATCCTCCGAACGGAGTCTGTTTCGCAAAGCCCACGAAGCACTGATCACGACCATGCTCGAACGCAGACTCACGAAACAACGCATTCTCGAACTGTATTTGAATGTGGCCGAATGGGGCCGTGGCGTCTATGGAGCGGAAGCGGCTGCCCGACATCACTTCAAGAAGCCGGCTCACGACCTGACAGCCGATGAGGCCGCCTGGCTGGCCGCGATGCTGCCGTCGCCGAGGAGATATGACCCGATACGTAAGACCGCCGCTCTGATGCGCCGTCAAGTGCGCATCCTCCATCGCATGGAACAGCCCGAAAAGAGACAGGTCAGAGCTGAATGACCCCCTCGCTATCCATGCCGTGACTGATTGGTGAATCTCCGCCCATGGACTTCACGTGTTCCATATCCCAACGGACCGGATTTAGTCGTCGAAGGATGTATCACCGATTTCCCTGATCTCGCGCTCCCCGAGAATGGCGGACTCAAACGTGTAGTGCTTGAATTCAAGAAGGTTGTCGGAAGGGTCCTGAAGAAAAAACGTGTGGTGTTCGATCCGGCTCCCCGGGAATCTGACCCGTGGCCGCTGAAAGAAGCGAAGTCCGTGCTTCTCGGCACGGTCAGCCAAATCCTGCCATTCTTTTTGCGTGAGCAAGATCAGCCCGAAATGTCTCGGGTAGATGCCCTGTTGTCCGGGTGATTTCTCAGATGACACATGAGCGACAAGTTGATGCCCGGACAACCCGAATGTGACGGCATGTTTTGATTCTCGTCCCAATGTGCAGCCTAGGCCAGTCACATAAAATGACTTTGCCTGCTCCAAATTATGTGTGGGGAATGCCAGATGAAATATGGGCGGTTTCATGGCCACACCGCCTTGACCGTCGGTCGATTCGTGCCGTTCCACCATCCCGCAGCCATGTAGGGCGTCACGTGGACCAACGCAAACTGGCCGGATGGCGACACGACCAGCATGCCTGCCCGCCCCCCCACCCTCGTTACCAGCTCATGCAGCAGAGCCTTCGCAGCTTTTTCAGGACCGGTTCCCATACGTAAACGATCGCAGACGGATTTCGCAATTGCAAGCCGGATGATCCCTTCGCCCAACCCCGTCATCGACACCGCTGCGCTACGATTGTCGGCATAGACGCCGCATCCGATGAGCGGCGTATCGCCGACGCGGCCCGGCAACATCGTGTCGATCCCACCGGTCGATGCCCCGGCGGAAATCGTCCCAGAGCGATCCAGCGCCACCGCGCCGACCGTTCCGTGTCCCGAGCGAGTTCGCCGCCTATTCAACAAAGCTGTATAGTCCATTCGCACACGCTTCTGTGAAGAGCGATACCTGAGAACGTTGAAGTGCCGTGCAAATCGTCCGGCGGAAGGTCCCACGAGCAGGACGTGATCCGTCTTTTCCAGGACCAACTTGGCCGCGGCAATCGGATGGAGAATGCCCTCGACGGAGGCGACCGCCCCCGCCCGCAGGTCTGCTCCGTCCATGATGGAAGCATCCATCCGCTGCACACCGTCGAGTTGCCGATTGGCACCTCGACCTGCATTGAACAGACCGGAGGCTTCCAATAGTTGAATCGAACTTTCAACGGCCATGAGGGCTGCTCCGTCACGCCGCAACACCTCGTGGCCCGCGGCAAGCGCCTCGGCAAGACAATCCGCCTGCATACGTGTCATGCGCCGTTTGCCTGCACCGCCATGGACAAGGATGAGAGGGGAGAAGGGGCGTTTCAATTCAGCAGAAGGTTCCGCGCCTGCCGGTAACCGGGATTCTTCATTCGATCCAGATCAGACCGCACGAATCCCAAGCCGGTGACGCACAATTCGAAGTTATCGGACAGGGTTTTGAACAAATGGGGTTCATCTTGCGCCAGACTGTCGGATAACTCGGCCAGTATCCCGTATGAACGCTTGCCGGTCTTCATGTAATCGACGAGAAAGTCCTTATGGTAGATCAGCCCCGCGGTCTTCAAACGACGCAGGTATTCGGGAAATAATCCCGCCATAAACAGCGTGAAATCTCCGATGTGCCGATGGACCGTGCGCTCGCGGTCCGGTGACTGCGCCTCGAACAGAATTTCAGATTCGTAAAGAAGCTCGACCACCGAGTCCACCCGATGTTCCTGTTGATTGCGAATTTTATAGAGCTGGTCGGTATGCGTAAACTCGACGAGCAGGTTGGACAGATACGTCGTGACCTTGAGATCCGGCCATCCGAGATGTTCGGTGAAGCTCTTTTCGGTCAATGCACCGAAAAGTTCCCGAAGTGGATGTCGAGGAGGGACTTCCGTGCCCATGATTCCCCTCGTGAACTCCAGACGTCGCACTCAGAGTATAGCAGACAAGTCTTTCAGCCCCTAGACTCCTTATCGGAACCTTCATCACACACTTGACAGATCCATCTCATCGGGTGTCGAAGACGAATGTCACCGGGCCATCGTTCACCAATTCGACCCTCATGTGCGCCGCGAAGACGCCGGTCTCGACCATCGTTCCTTGCGATCTCAGACCTGCCGCAACTTGCTCATACAGGTATCGCGCCTTGTCCGGCTCAGCAGCACCATCGAAACTCGGCCTCCGTCCGTTCCGGCTGTCCGCAAGAAGCGTGAACTGGGAGACGAGCAGGACGGCGCCTTCGACATCCACTAACGATCGGTTCATCTTTCCTCTGTCGTCTGGGAAAATCCTGAACGTCCTTAATTTATCGACCATCGAGCGGCAGTCTGACTCCTCGTCTCCCTTGGCCACACCCAGTAAGACCAATAATCCGAGCGAGATGCGGCCGATCGTCTGGTCGTCCACGTCCACCGATGCCCTGGTCACGCGTTGGATCACGGCTTTCATGATTGATGAGATCCGTGAATGCGGGCCAACGTTCCTTCCAGCGACAGAAGGCGACGTTTCATCGACAGTCCGGATGAAAAGCCGCCAAGAGTATCATTCGCTGCAATGATTCGATGACAGGGGACGACAATCGGAAGAGGATTGGCACCCACGGCATTACCGACCGCTCTCGCATAGGGTCGACCGCCCACCCGCAGGGCAAGCCATTGGTACGACCGAAGACTGCCGTACGGGACTCGCCGCAGAGCGCGCCATACCCGCTGTTGGAAAGGGGTTCCGTTTGCCAGGTCCAGAGGCAGCGAAAAGGAGAAGCCTCCACCTTGCAAGTACCTCAGGATCTGAGCGCGGGCGGCACGCAGCTGCATAGTGGACGACTCAACGAACAGGGGGCCGCTGCATCCGCGCAGATCGGCCAGAACCTCCTTCCTCGTGGGACGAGGGAGGATCACGGCGCGCAGCCCTTTTCGAGACTCCGCGATCCCCATCCAGCCCCACGGAGATCGAAACACCATGCCCTTCATCATGGGTGGACCCCGATCGTCATACGATGCGCGGGAGTTTCTTCCTCACGATTCCCCAGAGCAGCGACAACT
NZ_AP022671.1_gap72	2424427	2426391	1964	CGCCGTTTCGGTCGCTCGTCCGTCCGATACCATGCCGGACGAACGCGCGCTCGGCTCTGAGTTGAACCTTCTGGCGCATCCGCTCGGCCGACGTCAGCAACCGAACGAACGCGTCACGCCGGCCGACCCAGCTTCCTGCGATATAGCCCGTCATGGTCGCCAGGAGAAGCCATGCCGCATTGCCTTGATGCCACCCCCAAGGTAACCACGACGTTTCAAGGGCCAACAAGAGTGAAAGAACCAGCATGGCCACACTGAATCCAGCCCAATGCCAAGACTCTCGATATAAGCCGGACCGAGACACCACCATCGGGACGATCTCAGCTCGCGTTCGCCGCTCTGCCTTCTGCACGGCTTCACTGATAGCGAGACGATCTTCCTGGGTCAAATGTGAGGTCTTACCAATCACCGCTGGCACCTCCACCGCCAAAATCCCCACCACCGCCGCTAAAGCCCCCGCCGAGGGATCCCCCACTCCACCCACCGTCACGACTACTGTACGAGGTCCAGTCATGGCTGATCCACTGTCCGCCGGTGCGTCGATTTCCCTGAAGGATCAGCCACAGGAGAACAGCCGTCACTCCTCCGGAGAGGAGCGCCAGCGGGATTCCGGCGGATTGCGCCACGATAATGGAGAGCAGGCTGCCGAAGAGCGCCCTCACACGATGCTTTCCTTGGCTCAGAATCATTCCAGCCAAGAAGCCGACGACTATACCGATCACGACGAATTCTATACCGGCCGTCCGGTCACCCGACGAGGCCTTCGGGGGAGGCTGATCGTGTCCAGCCTCGGCCTGTCCTATGGTCCATAGAATTGCCTGGACGCCGGCTTCGATACCGCCTGCCATGTCCCGTGCGCGGAACCGCGGGACGATTTCATCTCGTATGATGTGAGCCGACCGAAGATCGGTGAGTGACCCTTCGAGTCCGTAACCGACTTCGATCCGAACCTTCCGCTCCTTGATGGCAACCAGCAGCAAGACGCCGTTGTCAGCGCCTATTCGGCCAAGCTTCCATGTCGTGGCCACGCGATGTGAAAATGATTCGACTGGATCTCCCTCGAGCGAGGGCAGGATTAAGACGGCGACTTGATTGGTGGTAGCATCCTCGTGCGCCTTCAAAGCGCCGGTCAGCGATTCTTTCTGGGCGGAGGAGAGGACACCGGCCAGATCGACGACGCGACCCGTCAACGCGGGGACTTCCAGGCCCCAGGCCGTTATGGACCCGAGTATCCATAAAACGGCAAAGAGCCGTGCCGGCAGAGGCCAGACACGGCTCGTGAGTTTCGAAAGCGTCATCGCACAGCGACTTGCTAGAACTTGACCTCCGGCGGCTTGGCGACGGCACGTTCATCCGCGACCGTGAAATTCGGCTTCTCCTCGAGATGCAGCAGCATCTTGGCCGTCAAATTCGTCGGAAAATAGCGCACCATCTTGTTGAATTCCGCGACCCGGTCGATATAGCGCTTTCGCGCGACCGTGATCCGGTTCTCCGTCCCCTCAAGCTGGCTTTGAAGATCCCTGAAATTCTGGTCCGCTTTCAGATTCGGATAATTCTCAGCGATGGCAATCAGGCGTCCCAAGGCCGACGTCAGCCCGGCCTGAGCTTTTTGGAACTGTTCGAATGCCGCCGGATCTTTCAGCATCTCCGGAGTGATTTGCACACCCGTGGCTTGAGCGCGAGCCTGGACGACTCCCTCGAGCGTGTCCTTCTCATGAGCGGCATAGCCCTTGACGGTCGCCACGAGATTTGGAATGAGATCCGCTCGACGCTGGTACTGGTTGACCACCTCACTCCAAGCGGCTTTCGTGTCTTCATCCAGTCCCTGCAGATCGTTATAGCCGCATGCCGAGCAACTTATGGCTGCGATGAGAATCATCAGCGCTCTGCTCACCCGACCCATGGTCGACACTCCTCTCGCTGGGATGGAATCGCTTCATGCTATCATGGTCAATCTACCGAAG
NZ_AP022671.1_gap73	2430423	2432720	2297	GTGGAGGATATGGAAGATGATGAAGAGTATTAACAGCATACCGCTGGCCGCCATGGTCCTCGATGCGAACGAAGCTCGACGATACGTCCGTGCGGCGTAGCCCTCGGGGCGGGCGCGACGGTTGCGCTGTGCCAACCGGACTCCGATCACCAGATGCATGCCGACCAACCCCAACAAGCCCAATCTGGCGGTCCAAAGCAACAGCGGCATATCCCGGAGCACTGCGGCATACCCATTCAAAGCGGCCGCCCCCTGAAAGACCTGCAGATTCCCAAGCATGTGGAAGACCACGAAGGCGGCAAGGAGAAGACCCGACAGCGCCACGATGACCTTGTGGCCGATCGACGTCTGCACATACCCGAACGGGCGGTTCATGGTTCGACTTTCATCATGATCGATTCATCAGTTGTACGCCGGTCTGCTTCCACCCTCAAGACAAACTCTCCAATGAAGATGCCGAACGATCGGTTGGATCACCGATCAGCTTGGCGGAAATCGCACGGCCGGCCAGATATCCCGTCGCCCAGGCCCACTGAAAATTGAAGCCCCCGATACGCCCGTCGCAATCCAACATCTCTCCGACCATATACAGATTGGATATTCGTGTCGATTCCATCGTGCGAGAGTTGATCTCTTCGAGCGGCACCCCTCCGGCCGTGACCTCGGCATGGTTCCAGCCCCGATCGCCTGTCACCGGGAACGCAAATCTGGTGAGCGTCTGACACAGCCGGTCTCGATCGCCTCGGGACAATTGGCGGATGGGGGTATCCCGAGAACACTTTGCCTGTCCGCACATCGCCTCGGCGACTCGTTCGGGCAGTCGTTGAGATAAAACCCTCCTCGTCGATCGCTGCGGGAACCGAACAGCCTCGTCCTTCAGCCAAGCCGCGGCCTGGTCCGGTTGTTGATCCGGTAGAAAGTTCCCGAACAATTCGACTCTGGCTTGGACCGTTCGAGCGAGCGTCCAAAACCTGCTGGTATCCATCACGGCCGGACCGCTGATACCTTGGTGAGTCCAGAGAAGACTCCCTGTACGCCGATCAACGGGAATCCCATCAACCATGGTCGTCAATTGGACCTGATGGCTCACACCTGCCAATGATCGATGAAAAGAGGTGTCTTCTAACGTAAGAGCCACGAGGGCCGGGACGGTATCTGTCACCCGGTGCCCAAACGACCGGGCGAGCTCATAACCCAGCCCATCACTCCCCGACTTGGGAAGGGATCTCCCCCCCGTCGCGAGGACGACCTGACCGGCCTTCATCTCCCCTTGACGGTGAGAAATCATGAATGGTCGATCCGCATCGGATATCTGTGCAATGGCTGTCACTCGATGGTCGAGATATATCTGTACTCCCAATATTCTACATCGTTCCATGAGGGCGGCGAGCACGGTTCGAGCCCGGTCGGTTACGGGGAACAGCTTTCCGGTTTCCTCTCGTTTCAACTCCACTCCCAATGAACCAAACCATTTCACCGTGTCGTCGGCTGAAAAGGCAGCGAGAATGTTCCTGATCACTCTTCGATTACCGAAGAAATCTCTCGCCGTCACGTGTTGATGGGTGACATTGCAGCGACCACCGCCTGACACCAGAATTTTGGCTCCCAACGTTTTTGCGCCGTCGAGGAGCGCGACCCGACGAAATTTCATCCGTTCCGCAGCAAAGATCGCGGTGGCCAGACCTGCTGCCCCTGCTCCGACAATGGCGAGGTCCACCTCATATTTCATGATGGAAGGTCGATGTGGAGATCCACACGGGCAGTCTGAATGGAGGGAACGGAATGCATGTGTCACCGAAAGAATGCCCACAATCACCCAGCTCGATCACTGGGGAAGCGGCCTCGTCGTTGCCGGTCCGGTGCGCATCCGCAAGACGCGAAGACGCAGCCGGTCAAGGTACAGATACACCACCGGCGTGGTGTACAGAGTCAACAGTTGGCTGACGAGAAGTCCTCCTACAATGGCAATGCCCAGCGGCCGACGCAGTTCCGATCCCACGCCCGTTCCCAACGCCAACGGCAAGGCGCCAAAGAGTGCGGCCATCGTCGTCATCATAATCGGCCTGAACCGCAGAAGGCAGGCCTCATAAATCGCTTCCTCGGGGCGTTTGCCATCCCTCCGCTCTGTCTCAAGAGCAAAATCGATCATCATGATGGCGTTCTTCTTCACGATGCCGATCAGCAATATAATGCCAATCATGGCGATCATGCTCAACTCGCTCTTGAAGAGCAATAGCGCGAGCAGGGCGCCCACGCCGGCCGAGGGAATCGTGGAAAGAATCGTAAGTGGATGTATG
NZ_AP022671.1_gap74	2434393	2436335	1942	GACGAGGGAGAGGGTCATACTGCCCGGTATCGAGGCCTGGAGTTGAGGCATGAGCGCACGGACGCGATCGACCGTCTCGATGATGTTGGCTCCGGGCTGGCGGTTGACGATAATGAGGACGGCCGGCGTCCCGTTCGACAATCCGGTCGTGCGCAGATCCTCGACGGAATGTTCCACGGAGGCCACATCCGAAAGCCGGACGGCTCGTCCTTCCCGATAACTCACGATCAACGGCAAATAATCTTCGACGCTGTGGAGCTGGTCGTTCGTCCTGATTTCCCACGTCCGGATCCCGTCCGAGAGCTGGCCCTTCGGCCGATTGACGTTCGTCATGCTGAGCACCCGGCGGACATCGCCGAGCCCGATGCCGTACTTATTGAGCGCGGTCGGATTCACGTCCACACGGACGGCGGGCAGAGAACCGCCTCCCACTGTCACCTGACCCACACCATCGACCTGCGATAGTTTCTGTTGAAGAACGCTGGATGCCACATCGTACATCCGGCCTCGGCTGACGATGTCCGACGTCAGCGCGAAGATCAGAATGGGGGCATCCGCCGGATTGATTTTTCGATACGTTGGATTGCTCGGAAGATTCGCTGGCAAATCTCCTCGGGCCGCTGCGATCGCAGCCTGAACGTCGCGCGCCGCACCGTCAATATCGCGGTTCAACTCGAACTGCAGCGTAATGCTGGATGAGCCGAGCATGCTGGTGGACGTCATTTCCGTTACGCCGGCGATACGGGTGAACTGGTGTTCGAGCGGAGCCGCGACGGAGATGGCCATGGTTTCCGGGCTTCCTCCCGGAAGGGTCGCTGAGACGCTGATGGTGGGAAACTCCACTTGAGGCAATGCGGCAACGGGGAGAAATCGGAAGGCGATGAGGCCGACGAGCGTGGCGCCGATGGTGAGCAGCGTTGTCGCGACGGGACGATGAATGAACGGAGCGGAGACGTTCATGGAGAACCGGTACTCCAGGCATCGGCCGGTGCGATCCTCTGACGCCGGGACGTGGCGCGGCGCGCCAGACGATCAAAGGCCAGGTACACGACAGGAGTGGTGTACAAGGTCAGGACCTGGCTTAGGACCAGCCCCCCGATAATGGTGATCCCGAGGGGATGACGAAGTTCGGAGCCGACGCCGGACCCGATCGCCAAGGGCAGAGCTCCGAGGAGGGCGGCCATGGTGGTCATCATGATCGGTCTGAACCGCAAGAGGCAGGCCTCGTAAATAGCTTCCTGGGGCGTTTTCCCCTCCTTGCGCTCCGCGTCGAGAGCGAAATCGATCATCATGATCGCATTCTTTTTTACGATCCCGATCAACAGAATCATCCCGATCAGCGCGATCACGCTGAATTCGGTCCGAACGAACATGAGCGCAAGCAACGCCCCTACGCCGGCGGAAGGTAACGTCGAGAGGATCGTCAGCGGATGGATGTAGCTTTCGTAGAGGATCCCCAAGACGATATAGACCGTGACGAGTGCGGCGAGGATCAACCACGTTTCATTCGCGAGAGAAGCTTGAAAGGCCTGGGCGGTGCCTTGAAAGCTGCCTCTAATACTGGCAGGCAGGCCGATCATCCTGGTCGCCTGCTCGATCGCTGTCACCGCATCCCCCAAGGATTTGTCCGGTGCGAGATTGAACGAGAAGGTGACGGCCGGGAACTGCCCCTGCCGGACAATCGCAAGCGGCGTGGTCGTCTCGGAGAATTGAGTGAACACGTTCAAGGGAACCTGCCCACCAGTCAACGATCTGATGTCGAGAAACTGGAGAGCCTGCGGTCCGCTTTGAAACTCCGGCATGACCTCGAGCACCACACGATACTGGTTCAGTTGCGTAAACATCGTCGAGACCTGACGCTGTCCAAACGCGTCGTACAGCGTGTCGACGATCAATTGAGGCGTAATACCCAGACGTGAGGCCGTACTCCGGTCGATATGCA
NZ_AP022671.1_gap75	2547189	2549758	2569	CATGCCGCCGGAAGTTCCGCCCGGCCTTCCGTCTGAATTGTTGCAGCGGCGACCGGACATCTTACAGTCGGAACAGCTCTTGGCCGCCGCAACGGCCCGCATCGGCGCGACGAAGGCGGAACGGTTTCCGAAGATTTCTCTCACCGGCTTACTGGGCGTCGCGGATCCGGGCCTGAAAAATCTCTTTACCGATCCCTCATCATTTGCAGTCGCAGGAGCCGGGCTCACCGCACCGCTGTTCAACGCTCAGATCCTGGGTTTTCAACAGGACGCCGCGGAAGCACAAACGAAGGAGGCCATCGCCCAATACGAGCAATCGGTCCTCATCGCGTTCAGGGAAGTCGAGGATGCATTAATTGCCGTGCGAACATCCCGTGTCCAAAATGAAGCGCAACAGCAGCAAGTCAATGCGCTCCAGTCTGCGCTCCGGCTGGCGGAATTGCGATATAAAGGCGGGCTGGCCAACTACCTCGATGTGTTGGTGGCGAGACGAAATCTGTTTGAAGCCGAGTTGGCCATGACGAGTTCTCGGCGTCTGCAACTGGTGTCGGTTGTTCAGCTGTACAAGGCGCTGGGCGGCGGGTGGTCCCCGGAGGTGGCTGCGACTAAGGAGAGGAAAGATCCTGGGGAGAAGAAGGAAGGGTAATTCCTTGAATGGAAAAACCGGCAGACACGCACCACCCCATCCATGATTTGCTGCGGCGACGTTGGAGCCCGCGCGCCTTTGCGGACCGACCGCTGGAACCAGACAAGCTCAAGAGCCTGTTCGAAGCCGCACGCTGGGCCCCTTCCTCAAACAACGAGCAGCCATGGCGGTTTATTGTGACCGATCGCAAAGAGAATCGGGACGATTTCGACCGGCTGTTCGCCTGTCTCAGCGAAGGAAACAAAAAATGGGTTCATCTGGCCCCTGTGCTGATGCTTTCCGTAGCCAGTTTGAATTTCGAGGACGATGGCAAGCCGAATCGGCATGCGATGCACGACACCGGTCTGGCGGTTGAAAATCTCGTGTTGCAGGCAACGGCGCTTGGGCTTCAAGCTCATCAGATGGCCGGCTTCGATGTCGAACGGGCGCGAACAGATTGCGGGATCCCTCCTGGGTTCGAACCGGTCGCGATGATCGCGGTGGGTTACCCCGGTGATCCGGCTGTGCTGCCCGAGTATTTGCAGGAGCGGGAACGCAAGCCTCGCGAGCGAAGACCGATCGGAGAGTCCGTGGTCTCCGGCCAATGGGGCCGGCGTTTCGATTGATCCTTTCACCGTGATCATCCATCTTCCTGCCGTCCAGCATCTCGCCGCTGTCGATCCGATCATGGGGCGATTGATCGGTGAGGTCGGCCCGTGCACGCTCATGCCCAAGTCCAGGCGGTCGCCCTTCGAATCTCTGGTCCGGGCGATCGCGTATCAACAATTACATGCCAAGGCAGCGGAAAGTATTCTCCGACGGTTCATCGCGCTTTTCCCAACCCGCCGGTTTCCACACCCTGCCGACCTGCTGGCCGTGAAGACCCGATCGGTCAGGCTGTCGGGATTTTCTCGGCCAAAGATAAAGGCGCTGCGGGACTTGGCCGCCAAGACCTTGGACGGGACTGTTCCGACCAGTCGGATCATCAAGGCGTTGGAAGATGAGGTGATCGTCGAACGGTTGACCGGTGTGCATGGGATCGGGCGATGGACGGTTGAAATGCTCTTGATCTTTCAACTCGGCCGTCCTGATGTTCTTCCGGCCGACGATTTCGGCATCCGCAACGGATTTCGGATCGTGTTCAACCGACGCACCATGCCGACACCAAAGGACGTATTGCGGTATGGTGTACGATGGAAGCCGTATCGTACCGTCGCCTCATGGTATCTGTGGCGGGCAGCGGAACGTGGAAGCCTTAGGATCGTGCAGTCACGTTGAACGTGCAAGGATCTTCGATGGCGAACGCGAATAAGAGGTTGGATTCCAACGTGCAGGGCAATTTCTATGTGGATGCGACCTGCATTGATTGTGACACCTGCCGGCAACTGGCACCCGATAGTTTCGAAGAGGTGGGCGACTATTCCGCCGTCACGCGCCAGCCGCAGGGTGAAGAGCAGACTCACCGGGCATATCAGGCGCTACTGGCCTGCCCTGTTGGTTCCATCGGGACCGAACAAAGCGAGAAAGGACTGTTGCATAGGGCCATGGACAGCTTTCCCCTGCCGATCGAGGCGGGGGTTTCCTACTGCGGGTTCAATTCGGAAAAGTCTTTCGGCGCGAACAGTTTTTTCGTAGAACATCCCGACGGCAACTGGTTGATCGACTCCCCGCGCTACCTCAAGCATTTGGTCGAATCCTTCGAACAACGAGGCGGGATTGCCAACGTCTTTCTGACGCATCGAGACGATGTCGCGGATGCCGAGAGATATGCCAGACATTTCGGTGCGCGGCGCATCATCCATCGTGCGGATTCGTCGGCTGTCCCGGATGCCGAATGGGTCATCGATGCCGCCGATCCGGTCATGCTGGCGACGGGATTCGAGCTGATACCGGTCCCCGGACATACGCCGGGCAGTTGCGCGCTGCTGTATGACGAGCGGTTTT
NZ_AP022671.1_gap76	2591683	2594882	3199	GTGCCAGAGTCCGTTCACGAGATCAAGATCAGCCCACTTCATCCGCTGCGCTTCCCCTTTTCGGCAGCCGGTGAGAAGCAACGTTATGAAGAAGGTCTTGATGTCGTCCGGCTCCATGTTCAACACCGTCATGAGCCGTTGCAGTTCCTCTCCAGGTTGAATAAAGCGTGTTCGCGGGAAGGGTCGGGGCCGCTTAATGCCTCGGGTCGGGTTCGCCTTGTCCCAGATCTCCCATTCCGCGGCCTTGAAGAAGAGAGCCTTGAGATTCTTGATGCACATGTACGCGACGACCGGGGAGGTCTTGGCGATTTCATCGGACCAATGAATAATCCAACGCCGGGTGATGCTCTCGGGCTTCAGGTCCAACAGAGGTGTGAAGTGCTTCCCGATGCGCGCCTTGATCACCGTCGTGGTCGAATCGGCCAATGTGGAGAGGTGATAGCGGTAGTAGAGCTCAATCCATTCCCGGATGCGCCACGTCTCTTTGCACCGCTGCCAGAGCTCATGGTCATCGGGATCGGGAAAGCGACGGCCCGCCAGACACTCGGCTTCGTAGTCTTCAACGATCGAATTGAGGGCAGGCACAGCCGAGGAGGGCACGAGCGTGAAATTGGGAGCCATTCGGACACCTCCATCGGTTAGTGCGTGCGGTCTTTCTTCGCGTACTCCGGCACCGAGATACAGGCGTCGTAGGTGGCTTTCTGCTCACACAGGTGAATCAGATGCAGCAGGTCCTCCTCGAACTCCCGTAGCTCTGACGCGAAGAGCATCTTGTAGGCACGGCGAAAGTCGCGGATGGCATGCGCCAAGAGATGAAGCTCGCCATAGTAATAGGCTTGTCGCAGTTCTTCGATGGGACGCGTGCGCCGATCTTCGGCGGCTCGCTGTTGTTCCTCGTTCTCGAAACAATCTGGCCCGGTGGCCCATCCTGGGGTGCTGTCGGCATCCATGGAAGTCCTCCTTCGTGGCTGAGGGTGGTGTGCGTTAGGCGGCCTTCTTGCCCTTGAAATGTTGCTCGAGCAAGTGACGAATCAATCCTGCTGCGGACGTGCCCTTGATCCGTTCGGCATCGAGCTTGGCTTTCAACTTGGCAGGCAGTTGGATGTTGAGACGTTGCATTTTCATTGAGCCTCCTTGCAGCTAGAATGGTCCCATGGTCCCATAGGACCACATATGATGTCAAGATGTGTGCGTTGACATCACTACAGCGTTTAGATACCGTGCGCCCCGATGGAAGAGAATGAAGAGATAAAACAGCAGCTTGGCGTCCGGATTACTACGTCCCTTGTTGTAGAGAGTAAGGTCCTCGCAGCACGGCAGAAACGACGGCTTAATGATTTAATCGAGGAGGCCATTCGCGATCTGCTGAAGAAGTACAAGGAGAAGGGGAAAGGAAAATGAGCAATACTAAAGCTCCTCGCTTCACAATCAATCAATTCCTTTCCTTCTTTTGCGGGATGACCATTTTTATAGGCGCTTCACTTCAGTCCGCAAACGGAGAGTCTCCTACAACTGTGAAAGTTGACACTGATTCAACCTCCTTCCATGTCGGGAATGTTCTAAATAGGATGGAAGCAATAAAGAAGCCACTGTTAAAACTATATGATCAGCCAACTGATATGGGGTTTGACAGGAATGCTTCGAGCTACAACGGGAATTTATCTGTGAGTTGGTTCAGTCTGTACCACGGCTTTTTTGACAGAATTGAAGTTTCACCAGAGGAATTCAAGGTTCTTGGTGATCAGAACATTAAGCTAATCAGAGCGCTTGATGAGTCGGTAGATGCAAAATTTGAGCTGTGGACCGCAGTTTATCCAGAACGAGACCAATCTTCCGATCCTGTGATCAGGGCCAATACAAAACGCCAACTAAATATCTGGACAACGGCGATGTGTGGAGACTTCAAAGCCTTAGGGGAAGTTCTTTCTAAAGTGCATATAGAGAACGGAGGGTTTGTTACCGATTCGACGAATCTAGGTGAGAGAATAGAGACAGCATATGCACCTGTTATTTGGGTCTGTCAAAAGGCAGCTAGGGAAGCTTATTACGGAGAAGGGGGTAAGGAATGCCAATAAGAATTATACTAATCGTTCTTATCCTGATTGGCAATAATGTTCCGTCTGCATTTGCCAATACTCCAGCTCATTCAACAGTGCTAATCACCGATCCTGTAACTATAATCGCAGCTGTGGCAGGGGCTCTGACCGTGATGGGAAAGGTAGCAAAGCAAATTGAAGCTTGGTTCACAGGTAAACCGGAGAAACCTAGCTCTCCTGTTACTGCCGAACAGCAAAGCGGCAGCATCCTTGTAAAAGAAAATGGACAGATCATTGAGACCATTACATCTGATGAGCTCAACAGTTTAGATCAAAGAAGCAAAATGCTCATACGTGCGCTGAGCAAATCCATAGACAATACATACGTCATTTGGGCTGCTGTTTATCCATATAGAAATGATTCTTCTGATCCCATTGTAAACGCCAAAACCAACAAGCAACTCAATGAGATTGCGAACAATATGTGTTCAGATCTGACCCGTCTTCTAGACTATATAGAAGGTCTCGGAAAGAAAATGCCTACGGACTACACTTCTGTCCACCGGGTTTGTGAGGAAGTCGCTTCACGCCAGGGCAGTTAGCCTATTCTCCGCCTTAATCAGCTCGTATTCTTCTTCGGGGCCGAGAGACGACCTCCAAGCCGCCGCCCAGCGAGGTCATCTCAGCATTGCACCGCGGGCTTGCCCCTACGCTCTTGAACCGCTCGGATCCCTCATCATCAGGCTGAGTCAAAATGTTCTCGTTTTCGTTACAAAATGCCGATCGTGGGGTAGCTTGGCCGTCTATGGCCAAAACCGTTCAGTATCACTACTACACGATCCGCTCGTTGCCCTGGCAATTGGTCAGCACCCACCAATGGAAACCACACATCGTGATTACGTGGCAGGATGATGGGAGAACGCACACACGGGAATTTTCCCCCGCAGTCACCTACCAGTCAGAGGAAGAAGCCGATGTCCACAGCGTGACCTATGGTCAGCGCGTGGTCGATGGGAAAGTGCGCGGGCAATCCCTGACCTAAGCCACAGCCTGGCATTCCGTCATCCGACCCTAGATATCCTCGCATCCTGCTCCGTCCATCCTGCTCTTGCGCGGCTGCGAGAGATCACGCATATCTAGGCGATGGGACCACAACCGACCAT
NZ_AP022671.1_gap77	2602882	2605685	2803	ATCCCCATGCCTTGAGACTTCGAATAACCGATCTCAGCCCCCTCTGAGATGGGAGGCGAAATGACGGAAGACGAACGAGCGATCCGGCATGTCATTGCGACTTGGCTGCAGGCAAGCCAATCTGGCGACACGGCCACGGTGCTCTCGCTCATGACTGAGGACGTGGTATTCATGGTTCCCGGTCTGGAGCCGTTCGGCCGAGAGGGTTTCGAATCAACCACCAACGAGCGCAGCACCACAGGGACACAGATCGATGGGACCAACGACATCGTCGAACTTCGGATCCCGAGAATTGGGAGTTCACGCGTAATCGGATCGCCCTGAGCATCACCCCATCAATCGGTAAGCCAGTGCAGCGCACCGCGCTACACCCTGACGCTATTCCGTAAGGAAGCGGACGGCCGTTGGCGACTTGCGCGTGACGCCAACCTATTGATGGCGAAAAACTAGGAAGCGAGAAAGCTGTGGAATGGTCGGAAGCTGAAAATCACTTCATCGCATCAAGACTTTCCCGCTCCCACTCCAGTAATAGAACACAGAAACATTCGGAAAGATCGAAGCCGCCGTGTTCTGTCCGGCAACCGGACTACCAAGTCGCTTCTTATTTCAAGAGCGTTTCTGCCGCAGTACGAAGGGTTGTTGCCTGAGGATTACTCACCTCTTTTTTGACGATGATATCGATCGGGCGTATAGGCCGTCCATAATAGGCAGCATTAGAGTCGTTTGACACGAAAATACGGGCACCTTCTACTGCGAGGCCCGCGAACGCTCCCTTCGTTCTGGCATATGAAACGACATCGGCCGTAACTCCTTGACCCGACATGCCTGCCCCGACAGGCCCGGCCGTAACCCCGACATTGGCGCCGAGCTTGAAGTCGTTCGAATAAAATTCCTCGAGCCCTTTCTGTGTCCGGACGACGAGGACCATCTCGGAGACATCGCCCCCGGCCTGAAGGCCAAAGCTGACCGACCCCATGGTGTAGAAAACTGGCCCTCCCCATGTGTTGGTCCTCTCGTCTCGAACGAGCAGCACGCCGCTACCACCCGCTCCGCCGACGATGACGGCTCCTCGCACGAACTGCGGGACAATGAAGAGCCCTTTGGAGTCTTGCCCCAATTGCTTCAGTGATCCCTTCATTCCGTCGTCGGCCGTAAATGCCTCCAATGTCAGCCGGGCTTTCTCAACCAGCTGCTGTTGCTCCAGCGGCTCTGCGGCGAGTGCGGGGGTTGTAACAAAGACAGAGAATATTCCGAGTGCACAAAGGAGTGCTCTAAGGGGTGACATTATAGGCTCCTCTTTGGACTAGAAGTTAAAGTGGATCCGCGAAGTCTTCATCCTTCTTTTTTGGCAGAAGTCCGTTTACATATCGAGGTACTGCTGTCACGTACGAGCAGACCCAAAACGGCTCACCCAAACACCCCTCCATAGTCCACGGACCTAATGGTGCCTCCATGAACCACTGATCTGGCGGTTCGTGAGGGCTGCTTTTGACAGCCGGGGTGATCGCACGGACACTTCGTGACCGTTTTAGCCGCTCGTTGGCATTGATCACTGCAAAATGCCTCGCCCGCCACCTGGCACGAACAAGAATCATGTGCACATTTCTGTTGTGACATCGCACACCTCCACGGTTAGAACTGCCAGTATGAGATGGAGCGGAGGCTTGGGCAATGGGAAGCTGCTCCTTTTGGTCGTTGAATCGTGAATGTCGTAACCCATGGCTGGTAGCAAGCTGGGTACCATGACCGCGACAGGGGCTCCCAAACACAGATCACCAATCAGGATTTCGAAATGCTCCAGAGTGGGATCAACCGGGGTCCTTGTGCCATGTCCGGATGCCCTGCGCTCTCGGCGGCGTTTACCCATGGAGCGATGGATATTTCGTTGATCCCGGTACGAAGTAGCTCTTCTCAGGCAAATCCATTTCCTCAGCACTGCGCAGCTTAGCGTGAGCTCTTCGGGATGTTGCATCAGATACTTCCTTCTTGGGAGACCACAGGCATGGTTCTATCACGCGACAGGCGTGAATCCATTCATTCCCGCAGGATCTCTATGCTGTTCACTTGCACCCCTTCAAAGCGCAGGGGAATGATGCAGTCGCGTGTGGCGTATTCAATCGCGAGAGCCTTCTTCCTATTCGAGCAGGTCTCAATGTTGGTAAATGCACGTGGAGGGGGAATCGGTAGGCGGTCATTTACAAAGGACACGATGGTCCAGCGGGCCTTCACGCGCCAGATACCCCGGTTGGATTTGGACAAATGAATCTTGACGATCCCTTTGCTGGCCAAATTGACGGTGCACAATTCGCAAGCCATGGAGGTCGAGACCACGCAGAATCCACGGAGCAGCCGCTCTCTAGCGCCTCCCGCATTTCGCGCAGGCTCTTCATTCAATAACAACCCGCCTTCCTAACTACAAAGCTGTACGTACTTGACCCAGACCAGCTTCAGCCCCCATGGGTTTCGGTACTTCCCTGTGTGCCCCGTATCGTCAGACTCGCAAGTTGGAAGGGGACTTGGCAGAATAGTTCTCGATCTTACGATTAGGGACACCCTTCTTTATGGCGCGATCGCTTTTCCGCCGATCTCATTCGGCTGTTCCGAAGCTCAGCTCATCTTTCGGTCGGTCGCCATGCTCCGTGAACTCCCAGTTTCGTAGCCCGCTCGCACGTGCTAACCTTATTCTCATGGACGTACGTGTCACGAGGACAGCACCCGATGCCGTCGATCAACGACGGAGATTCGACCAACGATCCGCTTTGTGGATTGGCATTTCGGTTGTCATCGCGGTTCTTGCGGTTCT
