gap_id	start	end	length	sequence
NZ_AP014510.1_gap1	70889	73650	2761	CCGGTGAGATAGCTGGGTCGTGTTCGTTGAAAAAGCTGTTTTCTATTGTAGCGACTGTTCCATCTGGCGTTAGTGCGTATATTCCAAAATCAGAATCTTTCAATCCAACAAAATAAACTGTGCCTCTATATGCCACTGGCGAAAAAACCATATCAAATTGAATTGGTAGATTCATTTTTGTTCTTTTCCTCGCTAATGTTGCCGAATAAAGGGCGTTGGATGTTTCGGTATCCTGAACGTACAATATAGTATTTTCATCGTACCAGTTGGGACAATACGCCGGACTGTTTCCCGCAGAAATCAACAAGATATTTTTCGAATAGTTTTCAAGTGGCATCGCATAAATGTTCCAAAAACCGTGTAACGAACCCTGAAAGGCTATCCTTTTGCCATCTGGAGAAAATCTTGGAAAATATTCACTGCTTCCAGAGATAGGTAGAATATCAATTTTACCCTCTGTCAGATCAAGCAAGGCGATATTCCTGTTACCAGATAATCTGTCTGTTATGAAAGCAAAATATTTACCATCAGGGCTGAAGCTCGCATATTCATCAACTGAAGGATGATAGGTAATCCTCAAATACTTATCGAATCTGTTATTTTTCAAAAGCCACAATGAGGCTTTCTCAAGTGGATAATGTGAGCACTCTCTGATGAACTCTGAGTACAATCTCTGTTCCTTTTTAGAATAAGAACACGAATAAACTCGCCGATTGTTTTCAACCCATACAGTATCGAATCTTTCTTGAGTGGCATCGTAAGTTGCACTGAAAGTTAGTTCATACCATTCTTCCTTCTCGATTTCAAGAGGTGATGTAAAAGTGATTGAACCATCTACACTCAACTGTAAATACACATCAGCCGGCAACAAAGAAAGTAGCGACTTTGCTACATCGTCGATGAGTTTTTTGGTGTCCTGCGAAGTTATCATGTTAATTTTTAATGCCACCGTTGTAAAAGCATGCACAGAAAACAACAACAAGAATGTAGTTAAAAGAAAACGCTTCATGTCTTGATTATATCATTTTAAAGGATTTATTAAAACGGACGATTAATAATATAGAAAAAGGATGTTCGGGGGTGATAGAATGAAAATCGATCCGATGGATCGGATCATAAATGTCAGTGGTACTCAAAAAATATCAACAGGACCTCAAACAGTACGTTTTGAGAAGCACGTCAACGAGAGTCAAGAAAACCAACCCAAAAATGTGGAAGATACAATAGAAGATCTTAAAAAGTCTTTTGAAAAGATCAAGACTTTCCTGAAATCAGAAGCCGAGTTTACGATAGACAGAGAGCTGAATATGATCATAATCAAGATTAAGAACATCGATACTGGTGAAATCATAAGACAGATTCCACCAGAAGTTGCTGTAAAGATAGCGAAAAACTTACAAGAATTGATAGGAATTCTTTTTGATGAGAGGGCGTGAGTAATATGGATCTTTCCTCAATAGCCAATACGATAAATTATAAATATCAAAGCTCTTCGAGCAAAATTCAATTTGGAGGCTTATTCTCTGGTCTTGATACCTCCTCCATTATAGATGCTATGCTTTCAACTGATGTTGAAAAGGCAAATAACCTGAGTACCAAGTACAAACAATTAGATCTAAAACAGAAAGTCTATCAAGAACTTGATGACAAATTAGAAGGTTTTATGAATTTTTTAAGTACTTTCAAGCTTCAGTCCTCACTTTTGGCAAAGAGTGTTGAAACAGACTCTCAGATTCTAACGGTTTCAGCCAATGCAAATGCGGTGAATGGAACATACTATGTTAAAGTGCTCTCGGCAGCAACACGAAGCTCATTACTGAGTGGTAGAACAATCGGTCCAGACAACATAAATGGCTCCACCACCTTTTCAAATCTCACATACAGGTATACACCAGTTAACTCAGAAATCAAAATCCAAAAAAGTTCAAGCACATATACGGTTTCGATAAACACTACTGATACAATCGACGAGATAGTTTCAAAGCTTGAAACAGTCTTTGGTTCTGGGAACGTGACATTCTCTGAAGGAAAACTGAAGATACAGAGTAACGAAGCATTCGCTATAAGGCAGACAAGTGGTACCTTCATGCAAGTTTTCAATCTGTCAGATGCTCCAATAACTCAAAATGGTTCAACTTATTCAATTCAAAGTACGGCACACGTTGGAGCAATTTCAGCAAATAAGACTTTATCTGATATTGCCTCCTATCGTGGATTAACTTTAACTGATGGAGAGATAAAAATCAACGATGTGAGTATATCTTTCAGTAGTACGACAACTTTAACTCAATTGATTAGTGCAATAAACAACAGCAATGCCGGTGTAACGGCAAGGTATGATGCAAATTCAGACAAACTAATTCTCACATCAACATCTACTGGTTCGACAACTATATCAATCGACGATAATGGAACGGGTTTATCTCAATTACTCGGTCTTGATGTCGGTGTCTTCAACGTTGGAAGTTCTGCACACATCCAAATTAGTAACGATGGCGTGAACTGGACAGATCTTTATTCTTCCTCCAACAATTTTAGTTATGATGGTTTGAATATCACAGTCAAGGATGTTTCGTCTTCAGTACAAACCGTGAGTGTTACAAATGATACCGATGCGATCGTCGAACAGGTAAAAGAATTTGTCAACAACTGGAATGAATTGATGGACTATATATATACAAGATTAACTGAAAGTGCAGTTACAGATAAAGAGGAAGATGAAATGACAGATGAAGAGAAAATGCAAGGAGTATTGAAGAAC
NZ_AP014510.1_gap2	266701	268613	1912	TAGGCTTGAGAAAACGATTTTGTATGTCTTGTGTTTATGTCTAAGTGAACTACTCAACCTTATAATTAGTTTTTCAATCTATTCTGCTTTTTCAGAATCGCGAGCCTTGTCTTCTTTTGCTTATAGAAACAAGAGTTTTCTGATTGATAAAGCTTCTATTTGTCTTAGACTGATAGAACTTCAAGTCAATCTAATTTGCTTTTTCATTTTCGACTGCGTTTGATGTTAAGCTTTAGTAGCTTTTGTTATTATAATACCACATTTGTAGTACATTTTGCGATCAGGTGTAGGACCATTCAATATTTAAAATGTAGTAGATATTTACCACAAATTTTTTGGGAACCTATTGGTATCTATCTTATAATTTCTTCTCTGAGAGATCATTGTGCGATTTTTTTAAAGTTCTTCTTTTTTGCATCAGGGTTAACATATTTATATTTTATCACAAAAATATGGAATATATAGTTTCCATTCATTGTTAAGTAAAGCAACTTTGTCGGTTATATAGAGTGGGTATGGCAATTTCAAATTGGTATATGGTGTAGAATGAAATAGTCTTGTTGTCAAGTAAGTTTCTCTGGCTATCTGTTCATCAGAAAGCTTTGAATTATTGATCACTATATTTATTTCAACGGCTTTTTGTAAGTTGTAAGTCTGTGCAAAGTAAACATATTTATTTGGTTCAAATTTCACAATCATTCCTTTTAGATTTTGTTTTGAGTTTATGTTTGAGTTTTTGTCTATTTCAATTATCGTATAGTCTATTTTCAGAAGATCTAAGTAGTTTTTCAAAAGGTTTATATCTTCAAAGAAAACTCCATCACGCATGAGGAATATCATATTTGGTGGTTTCTTGACCACAGATTTGTATCTGTCAATGGATTTAACAATATCCTTTTGAAGGAGTTCCAATTCGAATTTCTCATTCAATGGCATATCGCGTTCTTGATTTATGTAAAGTACTTTGCTATTCCTGTCAACGGCAGAAATTGCATAATGAGATACTCTCTTTTGAAAATCGTGACTTAGATCAAAACCTATATATAAAGCATTATCTGAAAGTCCAAGTAATTGATAGGTCTGTGCGTCTTGGGAAAAATTCACAATTTTGTAAGCAAAGCTTTTTAGAATATAAATTTGATCGCTGATGATCTTTGGTGTTAAAACAGGCAAAATGACAACATTCTTGGGAGCATTTTTAATAAGATTATCCAGGCTTTCTTGTCTTTCATCAAGTAAAACTATCGCATAGATTTTACCAGAAGAAGATAATACTTCTTTGTTCTCGATTTCAAAGGTTTTTTCTTTGTAATAAAAGATCGCTTTATTAGTTTGAGGATTTCTCAAGTATTCTATCTCCAATCCAAGTTCAGATAAGGCTTTACGATAGGCAGAATCACTTGATGCAAAGACTTTTCTCACAGGTTCACTGATATTTTCATTTTTATACTTACTTGAGAACAAAAAAGTCATTTTTAAAGTCCCTGGGCTTTTAAGTGGTTGAAGTTGAAAGATTTTTTTAATATCATCTGAATTACCATTGGCGAATTTATAAAATGCAGTAATTCTCTCTTGATGATCGGGTTTTACTTCATAGTACTGATTCAGGTTAACTAAATCTTTCAGAAAACTCAATTCCGTTGATATTTTTTCATATAAGTAGGGAAGTTTATTGTTGTAAATTTCATAAATTTGTTTTGAGACCCCAAGTTCCTCGGCTTCTTTAGATGTGAAATTGAAAAAATAGTTTTCTGGATGAGTAACTTCTTTATGGGTTCTCTCATCTATTGCTATAACAAGCTTTCCATCTTCTGCGCTAACAAAAGGAAAAGACTTCCCAGATTTGGTGTTTAAAAGGTAGGCAGACCTAACTTGAGACTCTAAAGCGGGTTTTGTGGATAAGAACGTGAAG
NZ_AP014510.1_gap3	271508	274630	3122	TTCCCCATTGAGGTGTTCTAAAACGTCCTTTTCCTTCATGGGTAATCTCACTGGATAGTAACCTTCGTCCATTTGAATGGCAAAGACGTCTTCTCTACCACTGAACAGATCGAGAAACTTTTTTATAACTATGTCATCTATTTGACTTGTTCTCTTTTGATTTTTTAACTGACTGATTCTATCAATTTGCCCCAATCTTTCATAGATATTTATCGCTTGGTCTTTCAGTTCGAGCTCTTCGTAAATCTGTGCGAGTTTTTCAAGATACTCACTATGATTTGTTTTCTGCACTATGATTTCAAAGATTTCTTTTGCTTTCTCATATTCTTGAAATTCAAACAACAGATTTGCATATCTCTGTAATGATCCATCCTCAATGGAAAGCTCATCAAAAGCTTTTTCATAGTATTCAAGCGCTTTTGCAAAGTCAAAATCATCCTCGGCTTTCAATGCAAGTTCTTTAAAGTCCAGAAAATCACCTTCTTACTCCAAAGGTATCTTTTCAACTTGACCAAGTCCCATTGTTGTTTTATATCCAACGCCTGCATAGAAAGCAAAATCAGCCAGTATATTAGCAACTTTTATTAATTGACTGTCGTGTTCTGGTATTTTGAATGTGACATCACCTATAAAACCTTCAAGATAAAAGTCTCTCAGAGTTATTCTCCTTGATTGTGTCTTTTTTTCGTAAATAGTTATCTCTTTGAATCTTTTTTCGATATCTTGATCTATCTTCTGTTCTGAATATTTATTGAATTTTCTAAAAAGGCTTGTAAATATCTTTTCTGGAATAGGATATTTATAGTGTTGATCACCAGCTCTAAAAAGTGTTGGTGTGTGAAATCTAAATTTAATGAGGTTTGATTCATACTGCCTTTTGAAGAGTTCTTGTACTGAAATATGGTCTGCCCATTTACTCTGTTCTTTGTCGAAGAGTATTTCGACGATTTTATAATCTATATTCCCTATCCTCATGTCTTCTCTCAATGTGTTTTTTTCAAGAAGGCTTGATATCATCGTCTTAAATACTTCTTCATCGAGTACTGTCAGTCGAATGAAGTAGTTGTTGCTCATTTTTATTTCTATTGGTTTACTGAGTTCTTTTCCAAGAAACGATGAGACGGTGAAGGATTTTTCTTTTTGTTCATCGTGTAATTGTTTTGCCATCTGCTCATCGCTTTTTTTGATCAACCCAAGAAAGAGACTGTGAATCTTTTGTGCCGGATAAAAATCATATTTTCCATCTTTCAAAGCTTTGAGTTTTATAACCACACTGTGGAAAATATCAATCACTCCTTTAATTCAAAGATTTCAACGTCTCCATAACCATATTTTCTGTCTTTCCCAATTCCTGCGTATCTCATGAAGTTGGCTAATGCCGATGCATCTTTATTCAATGTCTTGATTGTGATGTAAGTGTAGATTCCATCTACTTTTACCGATTTGAAAAGAAATTCTGGCTTGATCTTTATACCAAGGAACATCTGAAAATCATAAACAAGTTGGTTAAAGCTTATACTTTCGGCATTTCTAATTTTCAAAATATAAGTTGAAGGCGGTTTAAAGAGTGCTTTGGTAGTTGTGATTTCAACGAAAGCTTTATCTGATTTTATTACTGCTTGTACTTTGGTGGGTATGTTCAGAACAAGAAATCTAAAAAGAGCGGGTAGTGGGCTTGAAAGCACCAAGCAGTGATTGTGTTTAGTTTGAAAAGGTCCCACTACCCTCAATGTACCGTCTGGTGAGTTTAAAAGAAATTCATAAGCGGCTTCGTCCAAATCTTTGATGATTTGAAGAATATAATTCCATTTTTCTTCGCCATCTGCAAAGATAGTTTTTGTGTAAATTGGGAACCTTCCAATCATTTTACCACCGTGAAAGTGAACCAACCAAAAGGTGATATTGGTTGATTTTCTTTGTTTATCAAAGAACGTCTTGAAAGTGGTGCGATGTCTCTACCATGATTTTTAATCAGGTTTCTAACTTGTTTTCTCAATTCCTCGTCTAAAAGAATAAACAAACTACACGCTTTCAAACCACCCCCATAGCCGATGTGAATTTTGTCTTTTTGGTTTTGTAATTTCTTCAAAAGGCTTCCGTATTTCGAATTCTCAGCTTTCAGGTCATTTAGTTCATCTTTTATCACATCGTCGTACATCTCTCTCACGCAATCAAATATTTGATCAATTGACTTTGGTACATCGGAGTATTTTTTTGAAAGCTCTCTTTGCATAAGTTCCATTTGATCCAAATCGAAGATAATCTCAGTTTCAAACTCCATTGATGGAGGTATCACTTCTGCCAAAAAGGTGGGCTTTTTACTGTCAAAGACAAGTTTTTGAGACATAACTTTGAAAACACCAATTCTTACAAGGCAAACAGGTTCTGTGAGTAGATTGGTATCCCTGACTATCAAAAACCTTGCGAAATCTGTGTGAATTTCATTTTCAAATCTAAAACAACTGTCTACATGCTTAGTTATTTGAGACATTAATGACCATTTTCTTTTTGGATCCTGTTGAACTTCTTTCAGTTTATTCTTTATGATCTCTATGATCTCTGAAAAATGACTTCTGTTCTTTTTCATTATATGGTATTGAATAGCCGTTCTTATGGCACCTTTGATGGAGCTACCGGGTATGTACAATACTCCTGAAGGATGCTTGATCATTTGAAGTATTTCTCCGTTTATTTCGTCTGTATATTTTCTTATTTCATAGAATAGATCTTTTTTATCTATTTGTTTTTCAACATTTGGAATAGTTTTATTGGCGATTTTGTTTAGAGAGTCTTTTTCTTTCAATTTTGGGTAGTTGTGAAGCAGTCTAAAAAATGACATGTCACGGAGTTTGTAGTATGACGAATTAATATTCACTATCTGGCATGGTGTGTATTTTTCCCCAGAACCAATGAAAACAGGGGTAAATGTTTTGAACTTAATCGATATCTTTTGCCTCATTTTTCATCACCACCGAAAGCGATTACGACAGGCGATGTCTGGATGAAATAATCTTCTATTTTAACCACTCCACGGCCTTGAATAGGGAATGTGAAAGTACTTCCTTCAACAAGATAGTTTAGATCTACCTTTGTTTTTACTGTATCTTTCTTGAATCCCCTTT
NZ_AP014510.1_gap4	280064	281534	1470	GGCAAAGAAATTTCTCTCACTCAGCGTGCTTTTAGATCCTGGATCTATAACTTCACGCATGCTAAACCACCCATTCACTTGATTCTCAGTTTTTTCAAGATACCTATTAGTTTTAATGATCATGAGGTCTACTTCATTTAGTAAAAATGTAAGACTGTGATTGAAACCAATTTGAGTTAATATCTCTTTAAAAACACTCTCGATTCTTTTTAAACTTACCCCGGTATCTCGGTTGATTGGTTTGATATCCTTGCTTTGAAGCATTCTGATCATTCCTATGTATAGGCCAAGCTGACATATTATTTCTACATAAGCCTCTTTGTTCAACTTTGGTGATTTTCTGTAGTTGCTATATAATTTTTTCTCTGCATATTCGATCAAATTTTCAATTTCTTGAAAAATTTCTTGTTCTGTGTGTTTGTTTTCATAGTAAAGAAATAAAGGTACACAATTTATAATTGCAGAATAAATCCAAAAACTCTTCAGCAATTTCTCGCTCAGTGATCTTTTGAGTGGTCTGATTAGTTTTTCATTATCACGGAAAATCTCGGTTTTTAGAAATCTATTCAGTTCATCTTCAGTCAATTTTGTACCTTGATATGTTCTTTTAAAATATGATAAAAATGGTGATTCAAAAGCTGTCGGATAAACCTGTTTTTGAAAATGTATTTCATATTTTGAGGCTGTACTCCCAATTATGGGATCTGAGAAGGTTATGGTTATCTTTGGAGAGTTTTCCCCAGGCCAGTTCACTAATGTAGCAAATATCGAAAAATATCTCGCTGCTTCGATCATCGCGGAGATGTATATATTCAAACCACTTGAAATATCAAGATAGAATTCCTGTATTTGTTCGCGAAGGTATCTTTTTACCATGTCAAAAAATAATTCTAAAACTATATCGTCGTAGTCTCCTTTTAACTCAACTTTCTCATAAGTACCAAGTGAGTGAATTACGAGTATGTCGTCTTTATCATTTTCACAGGGTATTTTACGGATGTAAGAAACGGGGTTCTTCAAATATTCATCGGGATTCTCAACGATATCTTTAATTTCTCGTTCAAGATCATGCAGATTTCTTTTTTTGAACTCTTCGGGGAGTCTTTTGTTGAGAAGTATACTGACAGGGTAGATCAGTATCACTTTTGTCTCTTCTTTTTTTGTGCTTAGATGATACTTTTTGAGAAAGAAGCTTGAAAGTTCGGATTCTTGACAAAAATCATCTTGTGATTCTTGAGAAGGTATGAAGAATGATTTGGTTTCACCTAAGATTCGTCCAACTTGATAAATCAAACCATTCATTCATTGTATACCCCCCTTTTAAGGATCTGGAAGGACATACCTTCTGAATCGTTCGTGTTTGAAGATTTTTACTATCTCCACGGTTCCATCCTCTTTTCTCATTTCCTTAGAGACTCTTTTGGTGGTAGCGTAGATAGGGATGAATCCATTTTTGTAACACCAATGCAC
NZ_AP014510.1_gap5	282589	285464	2875	AAAGATTTTCTTTCTCTAACTATTTAGATTCATCTTTTTACATATTTCTGACATGAATTTTTTTAATACTAAACCCATTACCTTCTCTTCAACCGAGAATTTTTCAGCGAAATCCCGTATGAATTTTTTGGTTCTCTCCCTTATCTTGTATTTATTTGCATCGGACCAGTTAGGATTTGAGAATCTGTCTTCGTTGGAGATTTCTTGTGAGATAAAAGAACAGATGTATCTCTTCATGTCTGTTTTCTTTTTTTCGCACTCTTTTAAAAAAAATTCAAATACATCTTCTGCTATTACTTTTGAAAATGTATCTTCTTCATATTCATAACCAATTATCTCGATAAATTCATCATCACCTTTACCTGATTTATCAACTTTCTCATCTAATGATAATATTTTTTCCTTTTCTTTGACAAATGATTCAAATTTCATTTTTAGAAAATTGGCGATGCTTTGATTGACATATGCATCGATTGATTTTATTTGATTTGTATTTTTTAAAACAAGTTCACAGAGTTTATAGAGTTTTTCATAAAAGTCTTGCAAAAAATCTCCAACAAGATCACTTGTATTTTTGAGTTTGTAGTATTTCCTTGAGATTCTGTAAACGGTTCGTGTGAAAAGCGATGAAAGATAATCATGAAAATTCTTAGAAAGCTTTCTACAGCTTAAAAGCTCTGTACATCCCTTCAAAAATAGATAGGACAATGTGATACACCCCCATGCCACGAAAAGTACTCGATCATATTACTTACCTTTTAATATTTTAATTCATCTTTAGGTGATTTTCCAAATTAATATAGAATATTGTTTGCAATTGGATTAGAATCATTGTGGGGGTTTTGGATGAAAAGATTTCTAAAGTTTTTGAATAACAACCCAGGCTATTTTGTATCTGCCTTAAGAGAAGGAACTATAAGTATTGATGAAGCAATACACACAATAATAGATTCAAAAGATAGAAATCATGATCAAGCATGGATTGTTTATGAAATATTTATCAATTCGAGAAAGAAAAAATATTTGAATTATGAACTTTTCTCTGAGTTTTTGAATATAAATCCAAAGCATTGTTGTGAAATACTTTGTAACGATTACGTGGAATTCGAATTTCCCGCGGTTCTCAAAGATAAAGCCAAACTGGCACGTGGTGCTGCCATAATAACTGAAAAGCCATTCACAAACGTACCTTCTGTGTCAGTGTACATCGAAAAATTGTGCAAGATCTTGAAAAAGAATCTTTCGGTTTTCTTTGACACAGATATTGTTGAAGATTCTTTTATGCTGTCACTTTATATTGCTTTGAACTCTGAAAAATACAATAAACTATGGGTCTTCACAGGTGGTCTTGAAGAGGATTTGGCTTGTACTCTTTGAAGTTTTCGAAGAGTATCGCAAACGTCTTCACAGGTGGTCTTGAAGAGGATTTGGCTGTCAAATCTTCAGCTTTAATTCACTTAAAAGAGGAAATCTGTAAGAAATCTGGCAAAATATTGTTCAACCAGGAAGACTTTTCGAATGCCAATGAGGCTCTGAATTTTGCATCACAAAAAGATTACAATGTGCCATTCTTGGTGTCTTTTTCAGATAAAAGAAGCTTTAATTACTTGAATCAATCTTTTCAAAGACTCAGCGAGAAAGTGGAAAACTGCGTGAAAAGAGAGATATTTGAAAAGATATCTGGTGTGAATTTACTTTATACATCTGGCAGCCTTGAAAAAGAAGATTTTCCAAAAGAGGTTTGTAAAATTCACAAAATAATTGACAAAATCGTATCCAACGGTGGAATTCCCCATATCTCCTTGCTCGGTCCCGCTTCACTTGCAATGGGTGTAGGAGCCATGCTTGGTTCACAGAACCCTGTGGTTTTGTATCACTATCAAGATAATGAATATCACAAGGTAATAGATTTAAGAAAAAATACCAGAATCATCAAGAAACTGAAAGATGTAAATTCATTTGAGAAGATTCGTTTCGAGGAAGTTGGTAATGGAAGAGATTGTGCTTTTGTAGTTCAATTTGCTTCACATTCACCATTTGCTGATGTCGAAGAATTTCTCAAACGACGGAATTTAAGTACCAGGATGATCAAAATTTCTCACGCAGATACTGGGGGAATAACACTTGGAGACTGGTCATGTGAAGTTGCCGAATTGATGAGTCTATTTCAATTCATCAAAACTAAGAGACATTTCAAGCGCTTTCACTTCTTTTTAAGTGTTCCTTTGCCTATAGCATTTGCCTTAGGTATGGCTATAGGTCATTTTGTGAACGCTTCAATTTATCAATATGATAGCAAAAAAAGTTACTTTGAAGCATTGAGACTGGAAAAATTGCAACTTTGAAGAATGACTCTTTCGAAAAAACAAAAAATAGGAGAAGCAACATCCTTTGTATTATTTATCCCAAACACTCTGTCTTTTTGCCCCTTTATCGTACCCTTGACATAAAAGTTCGTATTTTGTTCTTATTCATCACCTTGGAACTTTATTGGGTATAAATTTCGGTAGATTTATCTTAATCATCCTAATTGTGTTTTTGCTATGAGAGGATTTTATTTTTAGAACGAGATTATAGGTGATTTATATAGGAAATCAAAGCAAAGAGAAGCAACAATTAATTTTAATCAATTATTAGTCAACTTTAGGAAAATTTTTGGATTTTCCCGCTTCTGTCTGTTTTTGCTTTTAAATATTAAGTGTGATACTTTTGAAGTGAAAGCTTCCATCTCAAATCATAATGGAAGCGTATCCTTCAAAAGGAGGTTGTTTTATGAGAAGGTTTTTCATGGTGTTTTTGGTACTTTTTGCCAGTGTACTCTTTGCCGCTTATCCAGACAAACCTATCACCTTTATCATTCAAGCGGCACCAGGTG
NZ_AP014510.1_gap6	423104	426000	2896	TTTGCTAAAGATAACCCTTGCCTCTATTGTAATGGTTTGTACCATATTAATCGCATCGACTTACAGTAATTCGCGTCTTTTCACCATTTTACTTGTTCTGTTTGGCATAGCTGTTTACATGTTAATGTGTAGATTACTTAAAGTCCCAGAACTCAGAGAGCTTTTCAAGCTGGTTCGCAGATAAAACTCGCATAACCAACTACCTGTGCTGTGTCTTTTGTGACATCACCGCTTGTTGCGTGTTTCAACAGTTTTGGCTTGTCAAAATGTTTCATGAACAACAAAGCCGCGATTGATGAAAGCCCGCACATAGTGATTTTGTGTTTTGCGACAACTGTGTAAAGACCAAGTGGATCCTTTTCAGCTATCTTTTCTATTGCCATTTCATCTTTTCTTTTTGTTATTTCGGCACTTTCATAGTGATTGAGATCCGTAGAAAACACAAACAGAGTTGATGGATATTGTCTGGCGATTTCGTCCAAGCCAGTCGCTATTTTTTGACAGACATTTATGAATATTGGAAAAACAGAGATAGGAAGTATTTTGAATTCTCCAAACAAATATTGTAAAAATGGTAATTGTACTTCAAGTGAGTGTTCGTTCATATGTGCTTCATAATCTACGAGAGCTTCATCACAGTTTTTCAAGAATTTTTGTGCCGCATCTGTAGAGATTTCCAAAGATCCGAACGGAGTCAACCATTCACCTTGGTCCCAAACACCCACCTGTGAGCCAAAACCAGTGTGGTTGGGACCAACCAGGACTACGAGTTCTGGCTTTCCAAATTTTGCGGCCTCGGCATAGGCATGTGCCGCAACTGGTCCACTGTAGATATAGCCTGCATGCGGTACAATTATCGCCAGATTTTTCTCAAGTGATTTAACACTTTTATCTGGGATATAGCCAGGACCGAGTGGTGATAAAAAGCACTCTTCGATATTCGATTTCAATCTGGCAACTGATCCGGGATAAAAACTGCCAGCTACCACAGGAGATCTTTTCATTGTTCAATCACCTTTGCTGTTATGAAGATTATCAATTCACGTTTATCTTTTTCGTCGGTCTTCGTTCTGAACAACTGTCCGATGAAAGGTAGATCTCCAAGAATGGGTACCTTTGAATGAGTTTGTTCATCCGTTTCTCTGATCAAACCACCGATTACTAATGTATCTCCATTCTTAATGATTACTTTTGTCTGTGCTTCGCGTGTGCTCTCACCGGGTATATCTATATTTGGATAATAGGTCGCTTTACTCACCTTGGTAAAAACAGAAAGTTCAATAGTATTATCCATTCGCACATATGGAGTTATCTTAAGCTCAATACCAGTATCTAAGAAATTCACAGTAACATTACCTTCTGCATCAACTGTTTGATATGGTATTCTGTCTCCAATCAATATCCTTGCTTCTTGTCCACTACTTGTTACAATTCTTGGACTTGCAAGCAAGCTGTTCAAGGTGTTTGAGTCGCTCAAATTGGCATTTACAGAGAGACTGGCTTTTGGTATGAGTGATAGTAGTTGTTGATAATCGAACATGTTTATGACGTTTGTCGTGATATTGAGTGTTCCATCGGTTAGACTGACGCTTGTATCTGTTCCAGCCAAACTGAATCCAAAAGAGAATGATCTTTCAAGACTGTCAAGCAAAGATCTGTCTATCAACCGCGCCTCGATCTCCACTTGTTTCAAAGGTTTTGAGATATCTACCATCAATTGTTCAACGCGTTCCTTTGCCTCAGCGTTCAAACCAGTTATGATGATCAAATCTTTCAGATCGTCCACGTAAACTTTGCCACCATAAAATTCGACCATGGATTTAACTTTATCAAGGTTATGAGGTAAGTTGTAAATGAATTTTTGCTCTAAAGTTCGATCGACGACTACTTCAACTTTTGGTTTTATGAAGACTGTAGCACTATCTGTTTCAACGAACGAATAACCATACTGCTCTTGAATTAATTTTTTGAACTGTTCCCAGTTCATTGAGGAAACATTCATTGTTATGTTTTCAGATGGTGTACTCACAAATATCAAAGATACTTCTAATGTTTGAGCAACAGCAGTTATCACTTCTTTCAAAGATTTGTCATCACAAACTATTGATACTGTACCGTCGCTGTTTTTTCTCACCTGAATAGGTTGAGTTTCTGCCTTCAGTATTTCTGCCTTTTGTTTTAATTTTTCAGAGAATTTTTCATACTCTAAGATTGCTTTTTCAACATCTAAAGATGGACCTGAAATCACGATGATACCAAGTTTTGGATATGCACTTATCTTCACCGTATTACCGATTGATTGTAGAAAACTCTGAAATTCATCAACGGGGATTTCTTCTTTGTACTCAAGGACTCTTGCTACTAATTCCGGCTTTGATTCTTCTGGTTTTATCTTGGGTAGAACAGATTGAATCTCGTCCAACAAAATCTGTGCTTTTTCTATTGCCTTTTTTTCACCGTGTAATATCATTATCTGATCTGCTGTATAGATATTTATCTGTGCTATCTTGCTCAATATGTCTGATATGTCTTTTAATGCAAAATCTTCCGGGACACGGACTATAGTGTATGTTTCTTCTTCTTGAAGGGATTTTCTGATTCCTTCCAAGAAATCACTTGCTTCTCTTATCTTCTCTTCTGTACCTGTGATTATGTAGAATAGTTCTGTCTTTTCAAGCTCGATTTCATAGAGTTTTGAAAGCATCAACTTTGCATCTTCAAAACTCAATTTTTGCACTATTGGTATAAGCTTCACTACTTTCTGAGGAACGATTGGTGTGATTAATGAATAAATTTTTTGTAGCTCCTCGATGGCTTTTTGTAGATTTTCCTGGTTATAAGAGCTGATTATAACTCTTCTGAGGGATTTCAGATTTGCTTCAATTCGAACATCAAA
NZ_AP014510.1_gap7	428924	431017	2093	TTACTCATATTGTAGAGAGTTTGATTCTGGCTAATCACGTTTTGTAACTGATCTTTCAATCCAGAGACCTTCAACTCAATTTTGTATTTTTGCAACACATAACTGTGCTCGGCTTTCAGAGAATCTATGACAGATTTTTTGTAAAATTCACTTGTGAATCTCACTGCAAAGACTGGAGCAAGGAGCGCCGCTAACAGTATGAAAAAAGATGATAGCTTTAGAACCTGTTTCTTATGCCTGTACAAGTTTATTTTTTCCAAATTCAGCACCACCTCTCACCAAAAGCCCAAGCACACCAATCCCCACTTCATTACATTTTACAGAAAATTTGGTACCTTGAACTTTACCTTGGAATGATTCAAATTGATTGAATACTCTGACGTAAAACTCGATCAACGCTGGTGGATCACACAGAACGTAAAAATTAGATACATCCCTTATTGAAGTGTTGGGCAAAACAGTATTCAACAAAAATATTATCTCTCGTTCCACTGTATAAGGTAAATCGGTGAGAAGTGAACTTGTCAAAGATGCGATATTTGATGTGCTTAGTGCATCTACTTTCTTATGTATATCTTCCTGGGTGATACCAGTTTCTTCCACAAGAATATCCATTAGTTCCCAAGTTGAGTAGGCAAAGGTCCTAATTGCTACGGGAATCTTTGCTATGAATATCACGACTGCACCGTATTCAGGTGTGAATAATAATAAAACAGATGTGGAAGTGGTTGGTAAATCGATCAACTCAAAATACTTGAACAAGTCTGGTAAAACAACATCTGGTTCCAAGAAACCTGCCTGAGCTATTGTGGATACAACTTGGTTTATATCCCTTTGTCTTGATACCACAATAAGCATCTTATTCAATGTATTTCTAATTGATTCTACAACAATTTCATTGGCTGGTAGATTCAAAAGTCTTGAAACCTCGGTTCGTGCATAATCTTTATCTTCTTGGGGTTTAAGACCAGATGGTACATCGATAGTATAGAACAACAAGTTCTCATTGGGAAAATTTACAGTCACTATATCTTCGATATCTGGTCGGATCTTATGAGAGAACTCTTTGAGCAACTCAGATGGATTTTCATCTTTCTTGAGATCCTTATAAAAATCTTGTATTAGGGTGAGAATACCTCTCGACTTTCTACCTCTTGCGAGTGATACATATCGACTGGTTATATCTATTGCTGTAATCATTTTATGAAATATTTGCATTTAATCACCTCTTTATATTGATCTTTGTTACAACAGGTGGAAATGTGATAGTCCAATCGACTGCTTCGATCGTTCCAGCTCTTAAGACACTATTTGGCGAAATCAATATTGCCAGATTATCCTTTCCTCTTACCTTGACTCCACTGTCTATTTCCATAATTATTGTCTTTGGTTGTCTGCCATTTCCAATTGTAACTGCTCTGATTCTCAAATCTTTTTCGTGTTGTCCAACCGTTACCGTCCCTGGTATCTCGCCATCAACCCATTCTAAGGCTTTGTAGATAGTACATTTGATGTAATATGGTTGAATTTCATTTCGTATCTTGTCTATCCAAGAGAAACTGTAGATCATACAACATACAAAGCCAAGCATTATAAGAACTTTGAACAGTAACTCTAACGACAGACATCTTCACCTTCCTATCGTTTGCTGCAATTGAAAGATGGTACTGTACATTGTAAAAGCCATAAAGGCTATGAATCCACCTACTCCTGCGATTAACATTGGTTCGATCAGAGACACCAGTTTCTTCACGCCTACTCTAACTTGATCTTCATAAAAATCTGCAACCTTTGCCAATACTTCTTCGAGCTTTCCCGTTTCTTCTCCTGTACCAACCAATTCATAAACAATTTGTGGAAAGATCCCTGCTTCTATCATTGCCTGTCTCAAACTCGCGCCTTCTTTAACTCTTTCACTTACTTGTTTACTTCTCTTTATAACCCGTGGACTGTTAGAAGCTGCAGCAGCCATTTCAACAGCCTTTGTCAGTAAAACACCGCTGCCTGTCAGCACAGAGAGAGTCCTACAGAAGCGTTCGATACCCATCATATTTCGCAGTTTAGCAGCTGGTGGAAATAGAGTAGAGAAAAAC
NZ_AP014510.1_gap8	432498	434193	1695	TTGTCACAGTAATCAATATCGTCAACGATCCAAGTTATATATTGGTGAGGGCTGATTCACCATACAAAACACTTAGTGATCTTGTCGAGGCAGCCCGGAAAAATCCCGAGACGATCACCATGGGTAATGGTGGTGCCGGTGGAGGTAACCATCTTGTCGCGGTGGCATTTGAAGAATTTGTTGGTGTCAAATTCATACATGTTCCACACAGTGGAGGAGGTCCAGCAGTTACAGCACTTCTCGGTGGACATGTTGATTGTGTGATGGCGGCGGCTCCAGAAGGAATGTCGAATGTTCAAAATGGTGATTTGAGAGTTCTCGCAGTTATGGGACCATCAAGACTCAGTATCTTCCCAGATGCACCTACGGCATTAGAACAAAGTTATGACTTCAGACTTGGTATGTGGCGTGGTGTTGCAGTACAAAGGGGAACACCATTAGAAACCATCAAGGCACTTCACGATATCTTCTACAAGTGTATGAATGACCCTGAGTTTCTCGCAAAAGCTAAAGAACTTGGTAGTGTCTTGGCTTACATGGACTCTGCAACATTCCAAAATTTTGCAAGACAGCAAAGCCAGTTCTGGGAAAATCTCATGAAATCCAAAAAACTCGGTGAAAAGTACGGCCAGTGAGAAATTTAAACTTCCTCCGCCCTTTTATGGGCGGAGGTTTTGGAGGAGAAAGATGGCAGTCAAGAAGTCTGATCTTGTTAATGGTTTGTTGATAGTCATTTTGGGGTTGGTATTCTACATCAGTACTCTGAAGATAAAGCCTGCTAAATTGGGATTGAGTCCTGCGGATTTTCCAAGACTTATCACGATTGCGATGATGATTTGCGGTGTGGCGCTTGTTTTGAAAAGTTTTTTGTCAAAGAGTTCTTCTAAGAAAGAAATCGATTTTGGTTTCATAAAAAAATTCGTCGCACTTATTGTGGTGTTCATCGTATATGTGTGGTTACTAAATAAGATTGGTTTCTTATACCTAACACCTTTTTTCGTATTTGGAACGGCGTACATTTTTGGAATGAAAAAAATCTATGTGAATATCTTACTGAGTATTGGTACGACAGTTGTTGTTTATTATATTTTCTCGAGAGTTTTTCTTGTTCCTCTACCTGATTTTTCTCTCTAAGGGGTGCATATGATGTTGAGTTACTGGATTGATGGAATAAAGATAGCTTTGCAGCCATCGAATTTTATGTTAATACTCTTAGGGGTTGTCGGCGGAATCATAGTTGGTGCTTTACCCGGTGTGACTTCTTCGATGGGTATAATCCTTCTTTTACCTTTCACATATTATCTTGGCCCAAAGATTGCGCTTTTGATGCTTGTAGGCATGTATTGTGCATCGATGTTTGGTGGGTCAATATCTGCAATTTTACTACGAACACCTGGTACACCTTCTGCAGCAGCAACAGCGTTAGATGGATTTCCTTTGGCTCAACAGGGTAAAGCTGGGAAGGCTCTGAGCGCCGCATTGATAGGATCTTTTATTGGTGGAATTGCAAGCGGTGTCTGTATGGTTTTACTGGCACCATTTTTGGCGAAGATGGCTCTTAAATTTGGACCTGCGGAATATTTTTCGTTGGCTGTTTTCGGTTTGACTATCATAGCGAGTGTTTCGGGTAAGAGTTTATTGAAGGGAGCCATTTCGGGTCTCATTGGCTTGTTGCTTGCGATGATAGGTATAGAC
NZ_AP014510.1_gap9	517634	520501	2867	GATATGTAGATAATGACATTGCAAAGGCAGCTGCTGCAACCGAAGATTTGATAACTGCTTATGGGAATGACTTGGTAGCTATATTTGCTGATAACAACCACACTGGTGATGGAGTTGCCAGAGTAATTGAGGAAAGAAAACTCCAGGATAAGATCATAGCCGTTGCATACGATTCAGATCCTCAGGAAGTAGAAGCACTCAGAAATGGTAGTCTCAAAGCTTTGATAGTACAAGATCCACACGGAATGGGTTATAAAGGTGTCATGTTTGCATTCATGGCTATTCACGGTGAACCATTACCACTCTATTTCGATACCGGAGTCTATGTGGTGACCAAGGAAAATATGGATAACCTCACATGGGCTCTTGATCCATTCAAGAGAAAGAGATATTGAGAAACACCGTGTCATATCAAGGGGGGTTAATCCCCCCTCTTTACTATATCAAGCAGAAAGGGAGAATGACCTTTGAAGCAGAATTTTGAGATAAGTAAGATCTTTGATAGTACTATACTCAGACCTGATGTTACTTGGAATGAAATAGCTGAATTTGTCGATAGATCGATTCAATACAAAGTCAGGGGTATAGCGGTTCCTTGGTATGGTTTAAGGTATGTTCTTCAAGAAACTGCCAACACTGAAATAAGGATTGTTGTTGGTATCGACTTTCCTTTTGGTTATAGTCCCGTAGAAATGAAATTGAAAGAAATAGATTATTATATGTCGTTAAGCAAAAAAATCACAGATTTCGATGTAGTTATAAACATATCAGCCGTCAAATCAGCAAATTGGAATTATGTAAAAGAAGAGATAAATACGATATCTCAGTATATCAAAGACAAAGATGATAATCGAATCTGTAAGATGATAATAGAGACATGTATGCTATCAGAAGTTGAAATCAAAAAGATTTGTGAAATAATTTTGGAATGCCCAGAGGTCGATTACATAAAAACAGGAACGGGTTTTGGACCAAGGAGTACAACATTGGATGATGTAAAAACAATTCGTTCAGTAGTTGACGATAAAAAGAAAATAAAAGTGTCTGGCGGTATTAGAACTTTGAAACAAGTTGAGGATTTTCTCAAAGCTGGTGTGAGTCTTTTCGGCAGTAGTTCCGCCACACAGATCATAGACGAATTTCATACAAAACAGAGGGGGAAGTGATTGATGCAAGAATTGCTTAGATTAGAAGATGTGAGTAAATCTTTCCCAGGAGTTCAGGCTTTGGATCGAGTTAATTTGACAGTCAATAACGGGGAAGTCAGGGGACTTGTTGGAGAAAACGGTGCGGGAAAATCTACTTTGATAAAAATAATCACAGGTGCGTATGAGAAAGATTCTGGAAGAATTTATTTGGCAGGGAAGGAGATAAAAAGAAATGATCCGATAATTTCAATAAAACTTGGTATCTTTGCTGTTTATCAAGATGTGATGACTGCGCCAGACATAAGTATAGCTGAGAATTTTTTCTTGGGTTCGCAACCAGGTCGCTTTGGGATTATAAATTGGAGCAAGATGAGAAGTGAAGCAAAAAAGTTTTTAGATGAAATTGGACTTGATGTCGATGTACGTTTAGATATTAAAAATCTGAGTTTGGCGCAAAAGGAAATGGTGACAATTGCGAAAGTCTTACTTCGTGATCCTAAGCTGGTCATTTTTGATGAACCAACAGCAGTTCTAACTGATAATGAAAAAAAGTTGCTCTTTGGATTGATAAAAAGGTTAAAGGATAAAGGAGTCGGTGTCATTTATATATCACACAATTTGGAAGAAGTCTTTGAGATCTGCGATACTGTCACAGTACTCAAAGATGGCAAATTGGTGGGTACTTACAAGGTTGAACAAATAGAAAAAGTGGAGAATCTCATTCCACTTATGGTCGGGAGAAAGATTGAAGATATGTACTTCAAGCAGAATGTTGAGAAAGGTCAAGAGCTGTTGAGAGTCGAAGGATTGACCGGCTTGAAGTTTAAAGATGTATCTTTCACTCTTCATTCTGGTGAGATATTAGGTTTCTATGGACTGGCTGGCGCTGGTAGAACAGAAGTGGCAAGGGCAATCTTTGGCGCTGATAAGATCCTCTCAGGTTCTGTTTTCATAAAAGGACAAAAGGCGAACATAAAAACTCCAAAGGATGCAATAAATTCTGGCATAGGATATCTTCCGGAGGATCGCCGATTACAGGGTATATTCCCCACACAAAGCGTTGAATTCAACATAAATGCTGTGAATTATCGTGATCTGCTTCGTAAATTTCTCCTTCTTGTAGACCACAGAAAAGCGAGAGAACTCTCCAAAGATCTTGTCAGTAAACTATCCATAAAGACTCCAAGTATTAACCATACTATATATCAACTCAGCGGTGGAAATCAGCAGAAAGTTGTATTAGCAAGATGGCTCAGCAGATTCGCGAACATTTTGATACTCGATGAGCCGACAAACGGTATAGATGTAGGGGCAAAGGCGGAGATTTATAGATTAATAGGTGAAGTCGTGAAGCAAGGTAAGAGTGTGATTTTTATTTCTTCATATCTTCCAGAATTAATAGGAATCTGTGACAGAGTTTTGGTGATTTCCAATGGAAAAGTTGCGGGGGAGTTATCTCGTGAAGAATTCTCTGAAGAGCGTTTATTAGCACTTGCGATGACATACACAGCGAAAAGGGAGGATGTTGCGTGAAGAACAAAACGAATGCAGGCAAAAGAACAGTTCTGGGTGAGAAAAATCTATTGATAGTTTTTGCAATATTGGTCGTATCGTTGATATTCACAACAAAGGGTACATTTTTATCGTTTGGAAACATCACGAACCTTCTCAGACAAACGTCGATAAACGGTGTGGTTGCATTGGCTATGCTTTTTGTAA
NZ_AP014510.1_gap10	599899	601661	1762	ATCACTACGACTACGCGGACGGGCAGTTCTTTTTTCTCGGATTTATCTATTATCGTTTGAAGGTTTGTTCCATTTCCAGATGCGAGGATTCCAACTTTTAAGATATTCAAACCATTACACCTCTTTCACCTTTAAAGATCTGACCAATAATCCATGCATTTTGCCCTTGAATTTGTAATTTTTTGATAATAGTATCTGCGCTATCTTTCTCGACAACTAAAATAAAGCCTATTCCCATGTTGAAGGTCCTAAACATTTCTTTCTCTTCCATTTTTCCCATACTTTGAATTAGATGAAAGATCACAGGCACTTCCCATGATTTTTTATCCAATCTCGCTTCAAGGCCCTCTGGTATGACTCTTGGAAGGTTCTCCACGATCCCTCCACCGGTTATATGAGCCATTGCATGAACATTTTCATCGAGTATCTCGAGAATTGGTTTGACATAAATCTTCGTCGGAATCAATAACTCTTCACCGAGGGTTTTTTTAAGATCATCTATGTATGTATTTAGTTTCATATCTTTCAGAAGTAATTTTCTAACCAGGGAGAATCCATTGCTGTGAAGACCACTTGAAGCAAGACCAATAACAACATCACCTTCTTTGACCTTTGAGCCATCCAATAATCTTTCTTTTTCGACTATACCAACCGCAAAGCCTGCGAGGTCATACTCATCTTCTTTGTACATATCTGGCATCTGTGCCGTTTCGCCACCTATTAGGGCACATCTGGCTTGAATGCAACCATCGCAAATACCTTTAACTATCTGAGCAACTTTTTCGGGAATGAGCTTTCCAACGGCGATATAATCAAGAAAGAAAAGTGGTACCGCACCGTGGACTAATACGTCGTTCACACACATTGCAACACAATCAATTCCAACTGTATCGTGCTTATCCATCATAAAAGCTATCTTTAGTTTTGTGCCAACTCCATCGGTTCCTGCGACTAATACAGGATTTTTGTGTGAATTGTCTATTTGAAAAAAACCACCAAAACTTCCTATATCTCCAAGAACGCCTTTTGTATAGGTCGATTGAACATATTTTCTGATCATTTTTACGGCAGCGTCTGCAGCATCTATGTCGACTCCACTGTCTTTGTATGTGATAGACATCACATCACCTCATCTTTTTTCAAAAAGATACTTTCTACCTTCTCTTGGTATTTCAATGGGGTATTCGCCTGTAAAGCAGGCTAAACATAGATTTTGTTTACTTAGGCCAGTTGCTTTGACTAAACCCTCAATACTCAGATAACCAAGACTATCTGCGCCGATAAACTCTTTGATCATCTCAAGATTGTTATCTGACGCGATCAATTCTTTTCTTGTTGAAGTGTCTATTCCAAAATAGCAACTGTGAGTTATTGGAGGAGAACTTATCCTCACATGTACTTCTCTTGCACCGCAATCTTTCAACATTCTAACGATCTGTCCCATGGTCGTTCCACGAACAATCGAATCATCTACCAAAACAATCCGTTTACCTTTGATTAAGTCTCTAAGTGGGCTGAGTTTCAATCTCACACCAAGACTTCTCATTCTTTGAGATGGTTGAATGAAGGTTCTTCCTATATAACGATTCTTGATCAATCCCATGCCCATTGGTATATGAGATGCGTCTGAAAATCCTATAGCCGCAACATTTCCTGAATCAGGTACAGCAACAACAAGGTCTGCATCAACAGGATGCTCTCTTGCCAATATTGTGCCTGCTTCCCATCTTGTTTGATATACACTCACTTGGTCTATCGTGCT
NZ_AP014510.1_gap11	615399	615921	522	GCTGCATCTGATTATCTGTCCAGAAAATCAGAAGGTGGCGAGAAAAAACCACTCAAATCTGCTTTATATACGGGAGTTGCCTATATATTCACCGTTTTATTTTTAACATTTCCTTATCTTTTGTTCAATAATCCATTCGTTGCGCTATCTTTGACGGTTATAAATGCGATCTTTGTGATTTTCATCTTTACCTTTTTTGTGTCTGTTGTGAAAGACCAGAGTTTTAGGAGAAATTTCTTGGAAATGTTTTCAATAAGTATAGGGGTGGCGGCAGTTTCATTTTTCATAGGTCTTTTTGTCAGAAAGTTCTTTAACATCGATATTTGACACAGTTTTGTCCTCAGATTGATCGATCTTGCTTTGCCTTTCTTGAACAAAAGCGATCATGTTCTCGTAAAACAATTTCATTTCCTGTTCAGATAGATTTTTTCGCGCGTATCTCAATCTTACATACACATCTGTTGCAACAGAAAGATTTTCTTGATTTTCAGCAATTTTGAGTATTTCAATTGGTGTTAAGTG
NZ_AP014510.1_gap12	619681	622297	2616	TTTGTGGTCGAGTATGTCTTCGTATATAATCGCTATACCTAACAGTCCAAGTTCAGGATGATGATGGAGGTATCTCTCGATAATTTCTACGTGTTTTCTACACAATCCCATGGTTCTCAAGTTCGATCTGACTTGAGGGTCATTGACGAGCTCATACAAGATAGTGTCTATGAGTTTTTCCATGCTTTCATTGATCAATTTGCAAATAGGACAAGATTGATCTTTCTCAGACATGATATCGATAATCTTGATTTCCACAAAATCTCTTGGTTTCAAATCTCTCACCTCGAAAAGAAAAAAACTCCTACTCTTTCGAGTAGGAGTCATCAGCCTCTATGGGCAAGTATGGCAGACCCCATTGCCAAAATCATTATATCATATTTTTATCAACCAACTTCGAACATTTTTGAGTTTTTCCTCTGGTTTAATTGGCTTTTCGGCGAGATTAACCTCGATTATCTCCTTAGATCGATATTTGATCTTTGGCTCATTTCCTTGTGGGTCGAAAGCTCGAATTATCACACCTTCACCATTTTCAGAAGGTTTGAGAGTATTCAAGAAACCTCTTTCTATCTCCAGTTCTATCTTTGGAAGCTTTTCAAACTTTCCCTGGACTGCTATAGGTGGTATTTGATAATTTCTAACACTTCTATAGACATCTTCGATATTCCATTTGTCATGGAGGATAATCGAAAACTCGGCAACATGTTCGCCAATTCCCTGAGCTTCAGGTGTTCTAATACCAGGACCGGCATGATCTGGTCTTGTGACAAGATCGTTTCTTGAAAGCCACTCTACACATCTGAGCAAGGTTATCTTTAAACCATCGTGATCGACCCGCACCTCCCTGAGTCCTTTTGTTGAGATCGTCACGCCAATCTCGGGAAGCGTCGCAAACCAGTACATTGCAAAATTGTTATCTGGCAATTCTGCCCATTTTGAATAATCCTCATCAAAATTTTCTATTGTATGTTCTACAGGGCCAAAATATCCATCGGTGATGAGTTTTGAAAGATTTTTGAATGGAAAGACAATGGATAATCTGTGATCTTTTACGTAATTAATGAACTGGATTTTCACATCTATTCTTGGTGTGTCTCTGTAAAATGTATATTCGATTTCAAATGGTAAATCTACCAATTTCTCTGAACGTTTTTTTCTGTTTATGGCTATTGATTCTGGTATTTGCATAGTATTTGTGACAACTATCTTCTTCATAAAAGATGAATCAATGCAATTATTGATAGTGGCATTGGTTTTAAGTGAATTGAAAATCTCTTTTGATACCCAGCTGTAATTGTACTCATCACCGATATCTTCTACATCTTCAAGATAGCACAGATTTTCAAAAGTTCTTTCTTTGCATTTCAATGTTAAAGTTCCATTTTCGTTTACCCGATGAGGCTGATCGAAAGATCCATTTTTTCCTTTCGAACGAACTATGTTGATAGTTTTGAAAGAAAGACTTGGTGCTGAAACGTTCAGAAAGCATCTGTATGTTTTTCTCTGGTCATTCTCAATAGCTTTTGTAGTATTACTTTCGAAAAATCTTATTAGTGTACTCATATCATTTTGTAAATCTTCTGCAGATTCTATTATGACCGTTTCTATTTCATTTCCATCTTCATCGATGAATTTATATTCACCCTCTTCCAATTTTGCACAAACTTCAACAACGCCTTGGAAATTGCTTTCAAGTGGGTTAAAGAGTGTGATACCCATATCATCAACGCGTTTATCGACAATTTCAAGAAAAGTTTTTGCAAATAAAGCCCTCCCATGGTCTATCGCATTCTTCAGTCTTACTTGTATGACTTTGTGTACAGCGTCAATACTACATCCACAGATACTGTCGTGTGGTTGACACTGTAGAATTTGTTTCCACCCGTACCAGATAGAATTAACTGGAGTTGGATTACCTGTTATTCTCGAGATGGCAAGAATCGGTTCCAAATAATGAATGTAGAATTTCTCAGCTTGGTAATGCAATATCTTTTCCCAGATTCTTGTCGAAGTCACGTCCTTCAATACCGGAACGATTCTTGGCGATCTCAATTCTCCAGTAATATGAGATCGAGGTCTTTCAAGTTCTGCGACGTATTGCTCAAATCCAGCATGAACGAATTTAATTTCGTTTGTAGAGATTTCCTCAAGAATTTTACCTATATTGAAATAAGGAATCTCATGATCTGTCCCATTCATTAAAAGCGGTGGATTGTGCGAGGATATGTTTGAAAGTTTCTCTGATTCTTCGATCAATTTTCTTTTCAGTGCTTGCTCATTGATGCCAAAGTGTGCTGCATTCGAATAACTGTGAATGAGATAAATTGCATCTACTTGATCACCAAAAGGTGTTGACCAAATAAATGTTGCATCTTCGAGTTTATCAACGCCGCGCCATATGACAGCCCACCTCAATCCAAGTCCTTTAACTACTGTTGGCATATATGCGTTATGCCCAAACATATCTGGCAGATAGGCAATGTTTGAAAGTTTCACACCGTATCTTTCGGCAATTTTCTCGCTGTAGAGATAGTTTCTAACCCAAGATTCTGAAGCTACGAGAAACTCATCTGGCAGTACATACCATGGACCAACGCTGATCTTGCCATTTCT
NZ_AP014510.1_gap13	776687	780086	3399	TCCTCCACCTGTTGATGAAGTCACAGCCATCTTTGAATATGCAAAGAAGCTTTTCAAAGTAGTTGCTCTTGGTTGTATGCAACCAAGAGGTTCTTACAGATCCATCTTACAAGGTGAACTTGAGGATATCGTGGATGTCATCGTGAAACCTGTGAATAAATCTGGCGATCATTTTAGAGGTTGTTGCGCATTTTTGTTAAAACAAATCTCTCAGGGGGTGATGAAATATGTATGATAAAGAGTTTTTGAATAGCCTTTCAAAAAAGGTAAAAGAGTGGGAAGAACAACTCCAAGCAGAATTGAAGAAGTTTCCTGAAAGATCAGAGAGATTTGGATCAAGATCTGGTATAGAGATCAGAAGAGTTTATACACCGCTTGATCTTCAAAATACCGATTATTTAAATGATCTTGGAATGCCTGGAGAATATCCTTTCACAAGAGGCGTGCAAAGAACAATGTACCGTGGAAGATTTTGGACTATGCGCCAGTATGCTGGTTTTGGTACGGCAGAGGAAACGAATAAAAGATTCAAATACCTCTTGCAACAAGGGCAGACAGGTCTGTCAGTGGCATTTGATTTACCAACTCAAATGGGATATGATTCAGACCACCCACTTGCACAAGGGGAAGTTGGTCGTGTAGGTGTTGCCGTTGATTCTTTGAGAGATATAGAAATTCTTTTTGATAGCATTCCCTTAAAAGATGTGAGCACTTCAATGACAATAAACTCAACAGCCGCTATTTTACTTGGTATGTATGCTGTCACTGCGCAAAAGCAAGGTGCCAACATTGGCGAACTCAGGGGAACCATACAAAACGACGTTCTAAAAGAATATATTGCAAGAGGAACATACATCTTTCCCCCTCAACCTTCGATGAAGATCATAACCGATATCTTTGAATTCTGCTCAAAAAATATGCCAAAATGGAATACGATAAGCATCAGCGGTTATCACATACGTGAAGCTGGTGCAAATGCCGTTCAGGAACTCGCTTTTACCTTTTGTGATGGTATAGCTTATGTTGATGCGGCGATCAAATCTGGACTCGATCCCAATGTTTTTGGTAAGCAACTATCATTTTTCTTTGCGGCACACAACAATTTTCTGGAAGAGATCGCAAAATTCAGAGCTGCACGCAGAATTTGGGCAAGGATCATGAAAGAGAGATTCAAGGTTACCAACCCGGAGGCACTCAAATTGAGGTTTCATACCCAAACGGGTGGTTCTACATTGACTGCACAGCAACCACTCAACAACATCGTTCGTGTTGCTTTGCAAGCCTTAGCCGCTGTCCTTGGTGGTACTCAATCGCTGCACACAAATTCATTCGACGAAGCCTTGGGATTACCAACGGAAGAGTCGGTACAGGTTGCGTTGAGAACGCAACAGATAATCGCATATGAATCTGGCGTAGCTGACACAGTTGATCCCCTTGCTGGATCATTTGTGATCGAAACTTTGACCAACGAGATAGAAAATAGAGTATGGGAATACATAGAAAAAGTGGATTCGTTGGGTGGTATGGTTAGGGCAATTGAAACAGGATATGTTCAAAAGGAAATTCACAACAGTGCCTATGAGCAACAACTCGCCGTTGAGAAGAAAGAACAAATCGTGGTTGGTGTGAATGCGTTTCAGACAGATCAAGAACACCAGTTGAAAAACATCTTAAAGGTCGATCCATCTGTCGAAGAAAGGCAAGTAATCGCTTTGAAAAAACTCAGAAAAGAGCGAGATAATGATGCTGTTCGAAGCGCATTGAAAAACCTTAAGCAAGCCGCGAAAAATGGTGAGAATATAGTACCATATGTATTCGATGCAGTCAGTGTGTATGCAACGCTGGGCGAGATCACAGACACCCTAAGAGATGTTTTCGGTGAGTATACCGAATCCATGATTTTGTGAGCGAGGTGGAATAAATGAGAATCTTTAGAATTCTTATTGCTAAACCTGGTCTTGATGGTCATGATCGTGGTGCAAAGGTCGTGGCGCATGCCTTGCGCGATGCTGGTTTTGAGGTGATTTACACTGGTCTTCGTCAGACACCTGAACAGATAGTTAGAACTGCTCTACAGGAAGATGTCGATTTGATAGGTCTTTCGATATTATCTGGAGCACATTTACAGCTTTCAAAAAAGGTTATTGATTTGATGAAAAAAGAAGGAATAGAGCATATACCGGTTTTCGTTGGAGGAATCATCCCACCCGATGATGTACCACAACTCCTTCAAATGGGAGTAAAAAGAGTCTTTGGACCTGGTACGCCATTGTCAAAGATCGTAGAAGAAGTCAAATCCATCTTGCAAGAGGGAGTGGCAAGTACAGGTGGATCATAAGACACTTGCAAAGTTGATCACCCAGATAGAGAACAACCCCGAGTTGGCACCAGAAATCGTTGGACGTTTTCCTGAACATCAGTCAAAAGTAATAGGTTTCACCGGGAGTCCTGGTGTTGGGAAGAGTAGCCTTATCGATCGAGTTATCAGATGGATCAGAAACAAAGATCTGTCAGTTGCCGTGGTTGCCATTGATCCATCCAGTCCTTTTAGTAAGGGTGCGTTCTTAGGTGATCGCATAAGAATGAGAGATCATTTCGTCGATGAAAAAGTTTTCATCAGGAGTATGGCGTCTCGTGGGGCTCTCGGCGGACTTTGCGACGCGGTATTTGATGTGGTAAACCTGTTAGAAGCAAGTGGATTTGATTATGTATTAGTCGAAACAGTTGGAGTTGGACAATCTGAGGTGGAGATTTCTAATCTGGCCGATCTCACTGTTTTGGTATTATCACCAGGTCTCGGAGACGATGTTCAGATGTTAAAAGCTGGTGTAATGGAGATAGCAGATCTTTATGTGGTGAACAAGAGTGACCTACCGGAAAGCGATACTCTCTACACTCAACTCCTTGCCTTTATTTCACTCGCTGGTAAGAGTGAAGAGCAGTTATGTAAAACAAGTTCGCATACACTCGATGGGGTACAAGAGCTTGTTGAGAAAATAGAGAAATTGTGGCAATTCTTTCATGACAACGGGACGTTGAGACATAGAAGAAAGAAAAGAACCCAACACCATGCCGAGCACATTCTAAGAAAGATGATACAACAAGTTATGTACTCAATTGGGGATTATCAGGTAGAAGACCCATACGAATTTGTGGAATTGGCGCTGTCGAAGTTATGCAAAATTCACTCAAAAAATGGTCAGGGGGGAGGGATTTGAACCCTCGACCTCCGGACCCCGATTCCGGCGTTCTTCCTTCTGAACTACCCCCTGACTCACTTTACATTAAGATAATACCACACCTCAAATTCACTTCCAAGATAGTATTTCAATATCGAGTTCTATGGTAAAATTTCAAAAGGGTGAGGATTTTTGATTGCCGCTGTTGGTGTATTACCTC
NZ_AP014510.1_gap14	931518	936471	4953	GTGGATGCACTGACTCAGGAAGGTTATAAAGTCGTTGTAGTTGACAATCTTTCTACTGGAAAAGTAGAAAACTTGAATCGAAATGTTCTGTTTTACCAGCAGAGTGTTGAAGATGAAGAGATGATGGAACGTATTTTCATGTTGCACAAATTTGATTTTGTGTTCCATCTTGCGGCTCAAGCAAGTGTCAGTGTTTCTGTGAAAGAACCAGCAAAAGATGCTAAAGTGAACATCCTGGGAAGTTTAATTCTTTTGGAGAAGAGTGTGAAATACGGTGTAAAGAAATTCATCTTTTCCTCAACAGGTGGGGCGATTTATGGAGAAGGTGTACCAGTGCCAACAAGCGAAGCGACTGTGCCTCATCCTATCTCTCCTTACGGAATTGCCAAGAGATCTGTCGAGATGTACCTTGAGTTCTACAAAAATGAAAAAAATTTAAACTATGTCTCTTTGAGATATGGTAATGTATATGGCCCAAGACAGGATCCAAACGGTGAAGCCGGTGTCATCGCGATATTTTCTTCGAGAATGCTTAAGAATGAAGAAGTTTTTATCTTTGGAGACGGTGAATATGTGAGAGATTATGTATATGTTAAAGATGTTGTACGTGCCAATTTGCTTGCTTTGAATCAAAACGTGAGTGGCATATACAACATAGGAACGAGTATTGGGACTTCTGTGAATGAACTTTTCAAGATGCTCGCGCAGATAACAAATTATCAAAGACAACCAACCTATGCACCACCGAGGAAAGGCGATATACGAAAAAGTATCTTAGATTCATCAAAGGCAAGGTCGGAATTGGGCTGGTCTGTAACGACAACACTTGCTGAGGGATTAGCAGAAACTGTTGAGTTCTTTAAAGCATGATGGGTAGGTGAATCGCCTACCCATCTTGGGGGTCTTAAATGATGTTCGACCCACAAGTAGATGAATACAAACCTCTTGCAGAAAGGGTCAGACCAAAGAATTTTGAAGATTTAATTGGTCAGCAACATGTGATGGGAAAAGATGGGATATTGCGTAGAGCCCTTGAAAAAGGGAGTATATTTTCTTGCATCTTGTATGGTCCACCTGGTTGTGGAAAAAGTTCTATTGCGGAACTCATAAGAAAATATGTGAATGCCGAATATTATTCATTCAGTGGAGCGCTTCATGGCGCTGCTGAGATCAAGCAAGCTATGAACCGAGCTCAGGAGATGAAAAAATACGGTAAACAAACGGTGGTTTTTATAGATGAAATTCATCGTCTCAACAAAGCACAGCAAGATCTTTTGCTCTCCAAGGTAGAAGATGGGACGATAACGTTGATAGGTGCAACAACAGAAAATCCTTCTTTTGAAATCATTCCTCCATTATTGTCAAGATGCAGAGTGATCTTTCTCAAACCTCTTTCAAACGAAGATTTAGTGAGAATAATGAAAAGAGCCTTGATAGTAGACCAAAAGATCGCGAATTATGGAATATCAGTTAACGAAGAAGTTCTTGAATCGATTGCTCAGCTTTCTCAAGGTGATGCGCGTTTTGCGCTCAATACCCTTGAAATGGCAATTGAAACTGCAAAGACTATGGACAAGAAGATACTCGATCTAAAGATCTTACAAACCAGTACAAGTTATAAACCCCAAGGATACAGATCTGAAGAACACTATGATTTTGCTTCTGCATTCATAAAAAGCTTGAGAGGTAGCGACCCAGACGCGGCATTGTATTATATGGCAAGAATGATCGATTCTGGAGAAGATCCCATGTTCATTGCAAGGAGAATGATAATCCTTGCCAGTGAAGATATAGGTTTAGCTGAACCCATGGCACTACTCGTTGCGGTGGCTGCAGCCCAAGCCGTTGAATATGTAGGATTACCCGAATGCGTATTGAATCTTGCCCAGGCTGTGATCTATCTTGCGGCAGCACCAAAGAGTAATTCAGTTTACTTGGCAGTTGAAACGGCGAAAAACGTTGCAAAGCAATCTATTAACCTTCAAGTTCCACTCTTTTTGAGAAACCCTGTTACAAAATTGATGAAAAACGCAGGCTACGGTGAAGGATACATTTATCCTCACGAAGTCGGTGGTTTTGTGAGAAGAAGTTATATGCCAGATGAATTAAAAAAGGTCAAGATCTATTTACCCAAAGACATTGGAAAAGAATCGAATATCAAAAAAAGACTCGAAGAGCTCTGGGGGAAAGAAAAATATTCACAGGAGGAAAGAAAATGAAGAAGATAAGATCATCGAATTGTATTTACGCTTTTTCATCTTTGATGAAACCTGTAGAAACCATTGAACCAGGTGAAATAGTAGTCTTTGAAACCGTTGACGCCCTGGGAGGTCAAATCAAAGACGAAAATGATACAGCATACCTTGATTTTTCAAAAGTCAACCCTGCAACAGGACCTGTATTTATCAAAGAAGCATATTCTGGAAAAGTTCTCAAGGTTAAAATTTTGGATATAGAGATCTTCGATAAAGGTGTTATAGTTGCCGAAGAGGGCTTTGGTGTACTACCCGATGTTGTTAAAGGTTTCAAAGCTAAGATCGTTGAAATTAAGAACAATATGGTCTGTTTCGATAACCTTAGACTTCCGATAGACCCGATGATTGGTGTAATTGGTGTGGCCCCAGAAGAAGGTGAATTTCCAACTGGCACAGCTCATAGGCATGGGGGAAATATGGACACGAAGCAGGTTAAATCGGGAAATATTATTTACCTACCAATCTTTCAAGATGGTGCTCTCTTTGCTTTAGGCGATGTTCATGCACTGATGTCTGATGGGGAGGTATGTGTTTCTGCGTGTGAGGTCGGCTCGAAAGTGACAGTGAAAATAGAAGTTGTTGATAGGAAAATCGATTGGCCTATTGTCGAAACATCCAAAGGTTACTTCATATTGGTTTCTTTGCCGGACATAAATGAGGCTTTTAGAGAAGCCACAAAGCAGGCTGTGAATTTTCTTTCTGAAAGACTTGAGATATCATTTGACAAAGTTTATATGTTGGCAAGCCTTGTGGTAGACATTCAAGTGAGTCAGTTAGTTGATCCAAATAAAACAGTCAGGGCTTTTATACCAAAGACAATTTTTCATTAATCGATTGGAGGAGTCAATACAATGAGTGTTGCAATAGTTGTTGACAGCAGCATGGACTATCCCAGTGAATATAAATGGCAACTGCCAGTTCATATACTTCCTTTGAGACTCTATGTGGACGAAAGGGAATATAGAGACAGATATGACATAGATGAAAGACAGATATATCAATACATGATTGACGGAAAGAGAGTTAAGACTGCCCTGCCGAACGTGAAAGAGACGGCGGAGTTACTATCAGAACTTTGCAAGAAATACGGTAAAGTAATCGTGTTGACACTTTCTCAAAAACTCAGTGGAACTTTCAACATGATTAGAATGGTGGTTGAAAATTTCAATCTGAACAAAAAAGTTGACGTCTACGACTCAAGAGGAGTTAGTGGTAAGATCTTTTATGTCTTAGATAAATTGATCAATGACCTACTCAACAACAGAAAAATTTGTCAAGAAGCTATTGATGAGTACAGCAGAAATTCGACAATGTTTTTTGTGCTCAATACCTTGGAATACCTCAAGAAAGGCGGAAGAATAGGCAAATTGAGTGCTTTTATTGGCAAAATTTTGAATATAAAACCAATTCTCTCGTTGGATGAAAAAGGAGAACTCTACAAAGTGGCAACTGCAAGAAATGACAAAGATTTGGTCAGTACCATGGTTTCGTTGATTAAAGATTTCATTGGCTCAGAGAAAAATTATGTTCTTTACGGGGGATATGGTCTTGACAGTATGAAAGATCTTCTGCAGGATGTGATTTCTAAATTCAATAGATGTGATGGATTAGCTCGTGTAGGTCCAGCGGTCGCTGCACATGCTGGGCCAGAGGTTTTTGGAATTCTCGTTGGTAAAGCTTGAGTTGTTTTGTCAAACAATTTTCAAAGTCTTTGAACATTTGGTATCTTGATAAATATCTTCTTTGTGATAATATATTCATTGGTTTGTGTCGGGGCGTAGCGCAGACGGCTTAGCGCGCCTGCCTTGGGAGCAGGAGGTCGCTGGTTCAAGTCCAGTCGCCCCGACCATTTTTTATATAAATATAAAAAATCCCTTCTTTAACCACATCTACCAATTTTTCATCATACATAATCATAAAATGATACAAATTATGTTCCTGTATACAAAATAGGCAGGGGTATTCTTGCATTCGTCTTGCTGATTAATTTAAAGATATTTTCAAAGTGTTGTCATGGAAATAGTTGTATAATTGTACAACAGTGAAAGGAGGAAAGTTGTGCAAGTCGAAGAGATTTTTAAAGCCCTGGCATGCAAATGGAGGATTGAAATCATAAAACAGATAGCAAAACAAGATCTTTGCATGTGTGATCTTGAAGCGGCAAATTATATCGATAAAACAACTATTTCAAGGCATATAGCCATTTTACAAAATGCTGGAATTATTGAGTTGCGAAGAGAAGGGCAGAAAAAAAGAATAATCCTAAAGGACAACAGGATTCTGGAACTCATAAATTTGGCTGAAAAGATCGTTGAAAAATGATATTCACAGAAGGAGGAGATATAGAATGGCAAAGAACTGGTATCCAGTTATTGATTACGACAAATGTGCTGGATGTCTGAGTTGTGCAAATTTCTGTCCTCATGGAGTTTACACAATCAAGGATGGTAAACCTGTTGTCACAAATCCTCTTGAATGTGTGGAGTTTTGCAGAGGTTGTCAAAAACTTTGTGACTACGGCGCGATAACTTACTCGACGGAGGTGAAAGTCCATGGGTAAAAAGGGATTGTTACTGTGTGTTTGTTAAGGTACATGCCCGTCTTTTCATCAAATGAATGTTTTTGAAGTGCTCAATGCTATAAGAAGAGAAAATTTGGTTGATTTTGTCGCACTTCATCCACAACTGTGCGCAGATGA
NZ_AP014510.1_gap15	956289	958056	1767	ATCGGATTTTTCACATTCTTTCAATTCATCTTCTATCGCATCGAGCATTTTGATCTCCTTTTTCATATATTCTTTGACAACCTTGATGAGCTCTGTTTGCGTCTGTTTTAAGACTTGACGTCTGTGCAAAATGGCATATGCATGGTCAACGGCTTTAGATGGTGATTCAAACACTTCAACATTATGTGAAAGGTATTTAAGAGGTACTGTACTCAACACAAAACGATCTTTTTTGTCATAAACATAAATACGACCCTTTTGGTAATCGTTGAAGATTGAAAAAAAGGCGTGTTTCAATGAATTTTTCTCAGAAGAATCAAGATCACAGATCATTTTATCAACCAATTTTGCTCTTGTGAATAACTCGTCAATCATCAGCTTTGAAAACCCTGAAATCGTTTTTGATATGAATTGGGATACAGTTTGTTTTTCATCCTTCAAATTGAAAAAGTCATAAGAAATTTCAAAGGGATTGAGTTTTTGCGCTGGGAACTCATAGTGATGACCTTTTTCAATTGTGCGCAAGGAGGTTGAAGAATATTTAAAGGCATCGACTATCGTATTGTTTTCGACCAAAATCATATTGCAGTGTGTGCCAAAAAACTCAATATACAATCTGTACAGATGTCTATCACCTGTTTCATCGATCTTGTCAAATTCAAAAAATATGATCCTGTCAAATCCAACCTGTTCAACTTTCTTGAGTTTGGCATTTCTCAATCTTGCACGCATTAACATGACGAAATTAGAAGGGTGGTGATCTGAGAAATCTTCTTTTTCAGCTATACAGATATGAGCAAAAGTGGGATCAAGACATATTCTCACGACATGATTTTGAAAATACAGATATATCGTCGATTTGCCAAATTGGTATATCTGTCTCAAGTTACTTTCTTTCAAAACTTGAAGTTCTTGAACAATACTTCTGAGGAAAAAACTATCTATCAACATTTATCAGTCCAATCAAAGATTTCACGTGTGCTATCTCTTTGGTGTAGAGATCCTCTTCATTTGGTGTCTCCAAGATCCACGGAATGTTTTGTATCTGTGGAAAACTCAAGAAGTTGCGAAAGCCCCTATCTCCAATAAAACCCTTGCCAATATTTTCATGCCTATCAAGGGGTTTACCAAGGGGAGCCTTTGAGTCATTCAAATGAATCATTTTAACTCGCCAAAGTCCAAGGAAACTTTCCATCTCGTCAAATAATTTTTCAACACTCTCCTTGTTAGTAATGTCATAACCAGCATCGAAGCCATGACATGTATCATAGGTAACACCAATTCGTTCTGGCTGGGCGACTAACTCTATGATTTTGGCAAGTTGTTCCATTTTATAACCTATATTGCCTCCTTTTGGTGAAACATTCTCAAGAAGAAGCACGATATCAGGAACTGTCTTGAGAAATTCATCGATTGCTTTCACAATTCTGTCGATTCCTTCCTTTTCACCTGCACCGGTATGACTGCCAGGATGGATATTCAAATAAGGTATACCAAGTGATTGACATATTTTCCCTTCGATAATGAGAAGTTCAACCGATTTTTGCCAGATGTCATCCTTGGGACTTGCAGGGTTGATCAGATACCCACAATGACAAAAAGCAGCTTCAAATGGAATTTCATATTTTTTCATTTGAACTTGAAATTCATCTGCGGCTTTTTTCGAAGGCAATGAAGCTTTCCACATCCTTGGGCTGTGAGGAAAGATTTGAAAGGTATTTCCACCTGAATCTACTGTCAGCTGTGGTACTTTATCAAAACCATATG
NZ_AP014510.1_gap16	1000038	1004494	4456	AGGGGTCACGTCTTTTCTGAGATAGTCACCTATTTTTTCGCCGCGCTCGAGTAGAACCAATCTGTCAGCTACTTCATACACGTGGTAGATGTTGTGTGTGATAAATATCACAGAGATGCCTCTTTTCTTTGCTTCTTCAATGTGTTCGAGAACCCTCCTGGTTTCGCCAACTGATAGAGCTGCCGTTGGCTCATCCAGTATCAAGAGTTTTGCACCAAAATGAATAGCCCTTGCGATAGCAATAGCTTGCCTTTCTCCACCAGACATGAAAGCGACGGTTTCATCTGGATTTCTCACAGATATACCTACATCATTCATCGCATCTACGACGATCTTTCTCATTTTCCTTCGTTCTATCCAAGAAAAGGGACCTATCCTCTTGACCATCTCCCTACCTAAGAAGAAATTTCTCCACAATGGCATGAGATTAACAAGGGCAAGATCCTGATAGACCGTCTCTATACCAAGGTGTCTTGATTGCCAAGGAGATTTGAAACTGACCTTATTACCTTCAAAGTATATTTCTCCTTCGTCTGGTTGATAATATCCAACGAGTATCTTTATGAGAGTAGATTTGCCGGCACCATTATCACCAAGTAATCCCACTATTTCGTTTCTTGAAACATGGAAATCCACACCTTTAAGAGCTTGTACTCTACCAAATGATTTTTTGATATTCTTCATTTCCACAAGCAAGTTCATCCTGCCACCTTCTTTCGAATCCTTGCATTTATGATTGCTGCAATTATTAGAATGATTCCTATAAAGGCTCTATACCAATAGGCAGGAGCTCCTGCGAGTACCAAACCATTTCTAACCATACTTATCATCGTTGCACCTATGAGTGTACCAATGACACTTCCATAGCCACCCGTTAGAAGTGTCCCTCCCATAACGGCTGAAGCTATTGCCTCCAACTCGAGTTCCTGACCAAGTGTGGGGTCAACTATTTTGAAACGTGCAAAAGTCGTCAACCCAGCAAAACCAGCTAAGATACTACATATCACAAAATTAGTTATCTTCACTCGCTCTGATGGTATTCCAAGGGCTTTCGCAGCTCCAAGGTTACCTCCTGTAGCAAAAGTCCAGTTTCCATATCGAGTTCGTTCCAGAATGATCCAAAAGACAAAAGTCAAAACAATGAACCAGACTGCAGAGTATCTCAAGCCACCGGTTACACGACCGCCGAGATATTCAAGCATTTTGATCCGCCTTGAAAGAATTATTGGAAATCCACCCGTCACTGCCAACAAGATGCCGCGCCAGAACATCATCATTCCAAGAGTGGTTATGAAAGAAGGTATACCCGTCTTCAAAGTGATAAAACCATTTGTGAATCCAATTCCTACAGCAATGAGTAAACATAGAAAAAGTGAAAGATATTCATTCATCTTGTGGTTTACCATTATCGCAAAGACCATTGGAACTACAGCAAAAACAGCACCAACAGATAAATCAAATTCACCACTAATCATGAGCATACAAACACCAATGGCTATGATTCCAAGCTCAGCCGCCATTGTCAAAGTATTCATTAAGTTATCTAAGGTGGAAAATCGACTTGATAAAAAAGAAAAGATCACAAAAAACACAGCAATTCCAACAACTGCGCCAAATTCCTTTATTCTCAAAAAAGAAAGATAATCTTTCTTCCTTGTCAAAACGACCACCCTTTTCAAAGAGGGTGGCACCAGCCACCCTCTGGTAAATTCATTAACGGTAACCCAATTGCACCGTCTTTTCGACGATTTCCACGTTACTCTTATCAACAATTGATGGTCCAGTGAGAACATCTTCGTGCGGAATCAAACCAAATTCTTTATACAAATACAAGAAAACGATTGGTAAATAACCTTGCAGATACTGTTGTTGGTCAATCGTGAAAACAACGACACCTCTTTTGATGGCATCGGTTATTTTCGTTGTCAAGTCAATAGCACCTATTTTCACTTTACCAACGAGATTTTCTTCTTCAACAAGTTGTATTGCGGGATGTGCACCAAGTGGTCCAAGAGTGAATATTGCGTTGGTATCAGGGTATTTTGTCAAATAGCTTTTGAGTAATGTCAAAGCCTTCGTCGGGTCTGTTGTGATATCGAGTTTTTCCACAGGTATCTTCTTTTCCGCTAAAACATCTGCTATACCTTTTGCCCTTGCTTCAAGCCCCACATGACCTGGTTCGTGAATCGCCACAACGGCTCTTTTCGGTGTGAATTCCTGGAGCATCCTTCTTGCCGCATAAACTCCTGCAAGGTACTCATTCATACCTACATAACACAGATATGGAATCTTCTCATCAGCAGATCTGTCATCTGGAACGTTGATCGCAACTACAGGAATACCCATTTCAATTGCTTTTCTGAGTGGCTCATCCAATGCCACAGGGTTCGTAATTGTGACAACAAGACCGTCTGGTCTTTTGACTATTGCTGAATTGACAAGATCGATGAATTCTTTGAGAGAGAATTTTTCTGGTCCGAGGTAAACCGCATCGACTCCGAATTTTGCCGCTGCATCTTTGACACCTTTCATGACAACTCCCCAGAATGGATCAGCCGGACCACCATGTGATACGACATAGAATGTGTAACTAAAAACAGCGACAGACACCATGGCAACAATTAACAATGTTACCAGTCTTTTCACAAAGATCCCCCCTAATATGAAGGCGCTCAAGGCGCCTTCAAATCACCACATATTTCCCAAGCTGTATATGCTCCTCCAACCTGGTTCAAATGGTTTCTTCAGTGCGGCATCTAATTCCTCTTTAGGTCTCTGAGAAAGTTCATTGGCAGGTGGGAGCTTACCCACTGGATAGGTCTTCATGATGTCGTTGACGAGTTTTTCAAGATAATCGAGTAATGCCTCTACTCCCTCCTTGGCTTTTTCTGCACTTGCCTTAGTTGCCTTCCCAACGACACCTTCTGGATACGCAGCAACTTCAATCGGCCCACCACCAACGTGTCCATACCACGCGATGGCCCTGTGCAGCAGATTACCCGCCTTGTCGATATGGCCTTCTGGCATATAACCACGTGGTGTTGTATCCACCGCCCATTCTTGATGACAAAACTCCGGGAACAAAGCAAGACTCCAAGAAGTTTCTACTTCATCAGCGTGGATGAAATTGGTCTCATACGGTCCACCGTCTTTTTTGAGTTTGAATTTATCCTGAATCGCATGATACCAATTTACGTTGAAGATCATCGCAGGTACTTGGAAGATCTTCGCAAATTTGTGTATTGCGACAGGTATGACAAACTCTTGCCCATGGCCATTTAATAAGATCTGCTTCCTAAATCCTGCATTCCAAAATCCAGCGATGACACTGACCAAAAGATCTATGAAGGCTTCATCTTTCACTGGTACTGTCCCAGGCATACCGATGTGGTGATATGGGTGAAAACCATACCAAATTGGTTCTGCCACAGTACAACCTGTCTTCAATGCAACTTGTTCTGCCATTCTCGTAACTAAGAAAGTATCTTCACCAGTCGGTGCATTCGGGCCGTGATTTTCCGTACTTCCAACTGGAATAATTATTAAATCGCATTTTTTCAATCTTTCTTCTATTTCTTTCATAGTCATCGTCTGATAATAAACTCCAGATGGTTTCTCCATGTGACCTTCTTTCGGTGGTATTTCCCATTTTGGCATATTCAACCCTCCAATCTCACATGTGCACTACCACTTTCGACGGCCTTGTAACATGCATCGATGATCTTTATCACTTTTACACCGTCACTCACAGTAACAGGGGGAGTCTTGTGTTCCTTAAGACAATCGATAAAAAGTCTGTTTTCGGTTATGTATCCCCATTTTTCTTTGAAATCTACTTTTGTGAAATCGTGGCTCTCAACTTCTTTTCCAAGGCCTTTGCAGAAATGTACTCTTTCCATTTCCTCATTTGTCATCATCATGTGCTCACCATAAACTTCAACTCTTTCAAAAGGTATCATCCAACTTGCATGAGCGCATGATGTGAAAGTACCTATGATTCCATTTTTCATCTTCATTGCAATCGACCAATCATCGATATCTGGGTAAACACTCTTTTTACCCAAGACATACATCTCTTCAATATCTCCAAAGAGCCACCGCGCCATATCAAAGAGATGCAAGGTACTCTCAAAGAGGAATCCTCCAGTGTATGACCTGTCTGATGTCCATGGTGGATTGAGTAATTCTCCTCTGTTCATTTTTATCTGGAATGAATAAGGTTTCACAGTCCCATTATCTATTCTCTCTTTCATGAAAGTATATACATGGGCAAATCTTCTGTTGTGACCCACTTGAAAAATCGCACCTTTTTCTTTGACCTTCGATTCTAATGCTAAGGCATCTTTCAAAGAAATAGTCATCGGCTTTTCACAAAACACATTCAAGCCAGTTTCGAGTGCATTCATGGCATATTCAAAATGCGTTTTGTTTGGTGATGTGATATACACAGCATTTA
NZ_AP014510.1_gap17	1108530	1112000	3470	GGCGTTATCTTGGAAAATCATGTTGGGATTGCCGGAATTGGAACTTATCTACCAGATAAATATCTCTCAGCCAAGGATTTAGAAGAACTTACAAAAATTCCTTCAGATGTACTTATTGAGAAGTTTGGAATAGTGGGTAAATATATACCTTCAGAAAGAGATACCACAAGCTTTATGGGGATCATAGCTGCACAGCAGGCAATTGAAGATGCTCAGATTGATCCTTTGGAAATTGATGTTGTTATATGGAATGGGGCACAACACAAAGATTATCCATGTTGGCTTGCAAGTACAAAAGTGGCTTATGAAGTTGGTGCAAAAAATGCTTGGGCTTTTGATATGGAGGCAATGTGTGGTTCGATGATAGTTGGACTTCAAGTGGCACGATCGCTTATGCTTTCTGAAAAGAACATAAATACAGTTTTGCTTGTAAGTGGTTATAGAAATGTAGATCTTGTGAATCATCAATATAAACATACATCTTTCATGCTTGATATTGGAGCAAGTGGTTCTGCGGTAGTGCTAAAGAAAAACCTTGGAAAAAATGTACTACTTGGTGTATCAAGTGTTGTCGATGGATCTTTTGCCGAAGAGTGTGTAATACCGGTTGGTGGAACAAAAAAATGGCCTATGAAGTTACAAGATATTGAGAACTACTATTTTCAGATACCAAATCCAGAAAGATTCAAAAATCGATTGAATGAAGTCACACTCAAAAATTTCTATTTTGTAATCGATGATGCACTCAAAAAAAGTAGCTTAACAAGAAAAGACATCTCATATTTAGCGATATTACATTTTAAGAGATCTGCCCATCTTGAGGTACTCAAAGAGCTTGGTCTCAAAGAAGATCAAACAACTTACTTGGAAAAATATGGACACATGGGTCAAAATGACCAGATTTTTTCAATAAAGGAAGGGTTGCTTGCTGGGAAGATAAAGGATGGTGATATCGTTGTTCTTGTAGGAGCCGGAGTAGGTTGGACTTGGAACGCCGCAGTTGTTCGTTGGGGTAGCTTGAGAGAACCGATTAATTGGTAGGAGGGGTTACTGTGAATTGGAATGATGTCTATAATTCCAAAGTTGTAGATATTGAGAAAGTACTGAGCATTGTAAAGTCGAATCAAACAATAGTTGTTGGAATGACGCCGGCAGAACCAAAACTCTTTCTTAGAAATTTACACAAAACAGCCAATAGGGTGAGCAATGTCACAGTATTTACATGCCTAAATATGGAAAGTTATCCATTCTACATGGATAAATCTTTCAATAATATCTTTGAGAACGCATCTTGGTATTTTGGTCAATCAAATAGAGAGGCCGTGAAGGCTGGTTTTGGTACCGTAAGTTATGTTCCGAACAATTTACACCAATCAGGGACAAATTTACTTGATAGCCGTCCGATAGATATTTTTGTAGGTGTTGCATCGCCAATAGACAAGAATGGTTTTCTGACCTTGTCCGCATCGGTAGTTTATGAAAAAGATATCGTCGAACAGGCAAAGAATATCGTTTTGGAAGTCAATCCCAACGCTCCAAGGACTCATGGTGATACACATATTCACATAAAAGATGTTCACTATGTAGTTGAAGTGGATTATGAACTCCCACAAGTTGAGTTGGTTGAACCTACGGAAACTGAAGCGTTGATTGCACAGCACATAAGCAATTTGATTGAAGATGGTTCGACGATTCAACTTGGTATTGGAGGAATACCAAATGCCGTTGCTAAGTTTTTGACAAACAAAAAAGATCTGGGTGTTCATACGGAGATGTTTACTGAATCTATGATAGATTTGTTTGAAGCTGGTGTAATTACTAACAAAAAGAAAAGCATTTGGAGAGACAAATTCATCTGCGCTTTTGCCTTTGGTACAAAGAGGATGTATCAGTTTGTTGATGATAATCCCTCAGTGTTTTTCCTCAGAGGAAGGTATGTCAACGATCCTTATGTCATATGCCAGAACGAGAAAATGGTGAGTATTAATACCGCATTGATGGTCGATTTAACTGGGAATGTTTGTTCAGAGGCATTGGGCACTCAGCATTACAGTGGCACAGGTGGTCAACTCGATACGCATAGAGGTGCTGTCAAGAGCAAGGGAGGCAAAGGGATAATAGCGCTGAGATCAACAGCAAAAGGTGGAACGGTTTCGACGATAGTCCCCATTTTACCAGCTGGTTCACCGATAACTGTGCCGCGGCAGGAAGTGGACTACGTAGTTACAGAATGGGGTGTGGCGTGGTTAAGGGGTAAGACTGTAAGAGAGAGAGCAAAGGTTTTGATTGAAATTGCACATCCAGATTTTCGAGAAATTCTCAAGGGTGAAGCTCGTAAGTTGCAAATTCTATAAAAACGAGGGGAGGTGTTTTTGTGAGAAGGCTTTTCGTGTTTCTTGTTTTATCGATCGCACTCTTTGTCCTGGCCGAAAAACCGATAAAGATCGGTGCAATCTTACCATTGTCCGATATCACCGGTAGGCAAGCAGCCAATGCAATGAAATTAGCCGTCAAAGAGATCAACGACTCTGGTGGTGTACTTGGTAGACCCATTGAATTGGTCATAGTAGATGATGAAATGAAACCCGAGAAAGGTGCTGCTGCTGTGGACAAACTCGCTACAGTCGACAAGGTGGATTTCTTTGTTGGTGGGATGTCAAGTGGAGTCCATCTCGCACAGATTCCGATTTTGAAAAAGTACAAGAAAATTACCGTTTGGATAGGCGCTGCGTCTTACAAATGTGAAGAAGCCATTGGCGCTGATGCAGATTGGTATTTTCACTTACATCCTTGGGATTATTTGCAAGGTGAAAGCTATGCGATAGGTTGGAAAGCCATAACAGAGAAATATCCTCATGTGAGAATCGAAAAAATATTTTTGGCTTATGAAGAAGGTGCTTTTGGTACGGCATCTTTTAAATCGTACTTGGATGAATTCGAACTTGCCAAAAAAGGTACTGGTGTTTGGACAGGATTGATGAAGGATCTAAAAGGTGCACCATTCAAGAGTGCAGCTCTTGGCGGTGGAGACTACAGAGCCATGCTTTTGCAAGCAAAGCAATATGACCCAGACCTGTTCATTTGGGCAGGTTATGATGCCGATGCGGTACCAATGTTAACTCAAGCTAAGGAAATAGGCTTTGTTCCAAAGCTTTTTGTTGGAGCGCCTCCAGGATGGCCTGCCGATTTTGGTAAGAATCCACTATCAAATGGAGTCGTTCTCTATGGCATGTGGGCTCCAGCATTAAAAGATGTCAGTGCGATCGCAAGGCATTTTTGGGATGCATATGTCAAAGAGTTCAACGAAGAACCAGCAACATACTTTGCACCACTTGGTTATACAAACATTTATTTCTTAATCGAAGCGATCAAGAAGGCCGGTACACTTGATGATAAAGCAATAATCCAGGCTTTAAGGGAGATAGAATATGAATCTCCAGTGGGTGGAGTATTAAAGATCTCACCAAGCA
NZ_AP014510.1_gap18	1131628	1134369	2741	CGATCAAAACGGCTACAAACAAAAGCAACATTATTGCGACAGCAGCGCCTTGAGAAAAGTAGTTACCCCTGAAAGTTGTGTCGTACATGAATAACGCTGGTACATCACATGAAAAACCTATACCGCTACCGGTCATTGCAAAAACCAGATCAAAAATCTTCAATGAAATATGTCCAAGAATTATCACTGCCCCAAGGGTGATCGGTCTGAGTAATGGTATCACTATGTATCTATACACCTGCATCGTATTTGCGCCATCAAGTTGAGCTGCTTCGTAGAGTTCAGTCGGTATTCCCCTTATACCAGCTAAATACATCGCCATCACATAACCAGACATTTGCCAAACAGCTGCTATCACAACTGCTTTAATACCTATATTTGGATCTGTATACCAACCGCTTTTCAAAAAGGACAGACCAATTTTCTCGAACAACAAGTTTATGCCAACACTTTCCCCGCCAGGTCCGGGATTTAATATCCATCGCCAGACAACACCAGTAACTACAAAAGACACAGCCATTGGAAAAAGATAAATCGTTCTAAATACACTTTCAAAGCGTACTTTTCTATCCAAGAGTATCGCCAATAAAAGTCCTATGGTTATACTTGCTATCAAAAATAATGCAGTGAAAACCACGGTATTTTGCAAAGAGATAGTGAATCTGTAATTTTGGAACAAACGTATATAGTTTCGTAAGCCAACAAAAGTGAAATCAGGAAAAATATCCTTCCAGTTCACCAATGAAACCCATGAGGTCCAACCTATAAAAAAATAAACAAATATGGCTATTAAGATAATTGATGGAAGAATGAATAAGATAGATATCAATCTGTCTTTTTTCATTCACTGCCCTCCATTTGAAGAAAGAGGGAAGGTCGACAAAACCTTCCCTCTGAAGCGTTTTACTGCGCCACACCTTGTCCTATTGCTATGTTTACTAAGGCTTTTTGTGTTACTTTCACATCGGGTCTGGCAACAAACAAAGATATCACATCTTTGAATTCGGTTACCCAACCTTCGGAAGCTGCCGCTCCGTGCATCACACTGGGAACAATCTCATGTTTCAGCCAATCGTCCATGGCAGATCTCTGGTATTCTGGGAATAGACTTTTGTCGACATCTGTTCTTGCAGGAATTGAACCTTTCTTGATGTTAAATGCTACTTGCCCTTCTTTTGAACCAAGCACTTTCAAGAAAGCGATGACAGTTTCTCTATTCTTTGCACCTTTTGGTAAGCCGAAACTATCGGATAGGGCATCAAATATTCCTGCATTTCCTGGTGCCAAGGTCCAGCCAAAATCTTTGAAATTCTTTGCATAGAAATATCCAACTGCCCAATCTCCCATGATATTCATTGCGGCTTTACCTTCAACAATAAGAGCACAAGCCTCATCCCATGTGCGTGCGGCATGATCAGGATTTACATATGTGAGCATCTTAGCAAATGTTTCAAGCGCATCTGTCACACGAGGATCAGACCACTTTGTTTTGCCATTCCACAAACCTTTGTATCCTTCTGCTCCCAATTTTCCAATGAGAACTGTCTCGAATGCATGGGCGGCTTCCCAACCGTCTTTTGTTCCAAGAGCAAACGGAATGATTCCATAAGATTTGAGAGTATCGGCTACTTTGAAGAACTCATCAAAGGTTGTTGGTGGTTTCAGACCGTATTTGTCAAAGATCGCTTTGTTGTACCACAGTACATTTGCTCTGTGGATGTTGACCGGGACTGACCAAAGTTCACCATTGTACGAAACGATGTCAAGAATTCCTTTGGGCATTGTTTTGTCCCAACCTTCTTGTTTGTACAGGAAAGTTATAGGTTCCATGAATCCTGTTTTTACCCAAGTATCGATGAGTTCGTGCCCAGCATGTACTTGGAATGTGTCGGGTGGATCTCCACCGAGCATTCTGGTTTTGAGCACTGCCTTTGCTTGAGCACCAGCGCCGCCAGCAACTGTCGCATTGATGATCTCCACACCTGGGTTGGATTTACTAAAGATGTTGAACAGTTCTTGCAACCCTTCTGCTTCCCCACCAGCGGTCCACCAGCTGAAGATTTCAATTTTTGCTGCGAATGAAACTACAGTGAGAGCCATTGCAAGAAACAAAACCAAATTACGCCACATAAAAACACCTCCCCTTGAGAAGTTGTAATACTATCCCATGAGGTTTGAATCCTCAAGGATCTTATTTATTGCTGCAACATTGCAACCGGGAAGAGATGGCGAAACATTTTTGAAAATCGTATCTCTAAATGTTATGCCACCGAGAAATCCATAGTCATCGATTTTCGTAATTTCCTTGTGGATAAATGACCCAAAGTTCTCCCATAGATTGTTTACCGAACCACCAAAAACAATTATTTGTGGGTTTATCAAATAACCTATGTTTCTCAATGTGAGAGCAAGATTGTTTAGAAAAGTACCTATTAAATGTTTAGCAACCTTGTCTCCAGAAAGCCAAGCTTTTACAAGAAGGTCAAATCTCTCCTTTAAATTACCTTTGGATATATTCATCTTAGATTTCTCAAATTTTTCAACCAGTTTCGAAATAGACAGCAAAGTCTCCACCTCAACGACATTATCCTTGATTTGCAAAATCGTGTGCCCAATTTCTCCTGCAGCAAAATTTGTACCTTTGACAATCTTTCCATTTATCAATATCGCTCCTCCAACACCTTCTCCAAGATACAAGAAGAAAGCGTTGTTGGAATCTTTGATATCACTTGAGAAAAATG
NZ_AP014510.1_gap19	1136572	1138837	2265	GAATATCAACGAAATAATTTCTGAAAGAGCATTGAGAGAAATTTATCTGTTGGGATATGAAATAGCAATAAAAGAATCAAATCCATGGGCTGCAATGGGAGCATATAATAAAGTTAACGGCACTTATTGCACAGAAAATGAGTATCTGATCAAAATTCTTAAAGATGTATTTGGGTTTGGAGGCCTTCTCATGTCAGATTGGGGTGCATACCATAACCCAATTGCATATAAATTTGGATTTGATTTAAACACACCGGGTGGTGAAACACGTCTGCCTGGTCCAGATAGTCTTAAGCAAGCTATAAAAGATGGAACCATAAAAGAAGAAGATATTGATCGTGCAATAGCTACCATACTAAAGATAGTTATTAAAACGGATACTTTCAAAAGGCAGATTTACGATAAAAGCGAATTTGCTTCCAGGACGAAACTTGATGCTGTCATGGCTTCAATGCATTCAAAATTGTCAAAAGAAGCAGCTGCCGAGGGCATGGTTCTACTGAAAAATAATAACACATTGCCTCTGCGCAATGTTAAAACAATAGCAGTCGTGGGTAAAATTGCATATAAAACAGAGTTACCGACAACGTGGGGAAGTCCAGTGAAGGGCATGTATTTTGAAGGAGGAGGAAGCGCAGCAGTTGTTGTTGATATGAACGAAGTTGTAACTATAGTTGATGCTTTGACAGAGAGCGGATTCGTTGTTTTGCAAAAAGCACCAAACGGGGAATATCTGGGCGAAGGTATGAGTGCAGAGGATGCATTACATGTCGCGGAAAACTCTGATATTGGTTTGATTCTAATTGGCAGACCAGGTACAGAGGGAACAGACAATACGCCAGAGACAATGAGAATTAGCCAAGAAGAATTTGAAATGATCAAGAATTTGTCCGATGCTTACCACAAATTTGGCAAGAAAGTGATAGTCCTTTTGAACGTTGCATTACCTATTGAAGTTGATGATTGGGATGATTATGTAGATGCAATTCTGTACATTGGGCTCCCCGGAACATATGGTGCAAGTGCTCTTACGGATATATTAACTGGAAAAGTGAGCCCGTCTGGAAAGTTGGTTGATACATGGCCCATTAAATACGAATACGCACCTACTTTTGGCAATATGCCCCAAGCGAATACATCAGAAATGAAATACGAAGAGGATATTTATGTTGGTTATCGTTACTATGACCTTCATCCAGAGTATGTAAAATATCCATTCGGTTATGGATTGTCGTATACAAACTTCGAATACACATCATTGAAACTTGACAAACAAGTTTTCAACTTATCAAATGAAAATGAAAAGATTTTTGTCACTGTCAAAGTTAAAAACACAGGAAATTTCGCAGGTAAGGAAGTTATACAGCTCTACATCAGAGCAAACGATAGCTCAATACCAAGACCATACAAAGAACTCAAGGGATTTGCAAAAACAAAATTGTTGAACCCCGGTGAAGAAGAAGAAGTAACATTCACAATATCGAAGAGAGATTTGGCATATTTTGATGAAACTGTCCATGACTGGGTTGTAAAACAGGGCTTGTATACGATAATAGTTGGCGGAACTTCTGATAATAAAATACTTGATGAACAAGGCATCAGTGCACAGATTCTTGTCATCAGAAAAGTTCCCTGATGGATAACATCGTGTAATTTTAGGTAGTTAGCGGCACCACTGGTGCCGCTCTTATTTATGAGCCAGAAGAGTATTTTAATTTATTGAAACTTCGCAAGCTACCATTCAAGCGTATGTCAACTTATTCAAATCCAAAAACACCCTCACAAGAATTCTCAAAAAATTGTTGTTTGATGAATTTAAATGTTAATATCAATCAGGAGGGTGTTACTTGGATGGTCTGGTTGCATTTTCACCTGTTTTGATAATATTGCTTGCACTGCTTTTCACCAGAAGTTCTGTTGGTTTAGCAGGGTTGTTCGGCCTGTCAGCTGCGTTTTTCTTATCAGTTTTTTATTTTCAGACATCTATAGAAATACTTTTAAGATCTTTAATTGCGGGTTTTCTTGCATCTTTACCTGTCTCAATGATCGTTGTTGCCTCCCTTTTGCAGTTGACAATAATGGAAACAGGTGGTGCTATGAACACTGTCATTTTGTTCTCAAAGGGTTTGTGTGAAAAAGACAAGATGTTGCAAACTCTTATTCTGGTTGTCGGATTTGGTACAATCCTTTCCTCGATAGGTGCTGTACCCGTAACAGTTATCACACCAGTACTTGTTGCCATGGGTTATTCGTCAATAAAATCAA
NZ_AP014510.1_gap20	1175455	1180340	4885	ATTCCGAACTTTTCTTTCAATTGAGTCATCAGATCCAATATCTGTGCTTGTACTGTTACATCAAGGGCTGTTGTGGGTTCATCTGCTATCAACAACTTTGGATTGCACGACAGAGCCATTGCAATCATAACTCTTTGGCGCATTCCACCAGACATTTGATGTGGATAATCGTCGTAGCGCTTCTCTGGGTTTGGGATACCAACTACTTTAAGCATTTCAATGGCTCTTTTCTTTGCTTCTTCTCTACTGATATTTTGATGCACGACAATTGCCTCGGCTATTTGTTTTCCGATCGTTATAACTGGATTGAGCGATGTCATTGGTTCTTGAAAGATCATCGATACCACATTACCCCTAATTTGTCTCATCTCAGACTCTGATTTTTCGAGTAAATTCTCTCCATTGAAAATGATCTTGCCAGATGTGATCTTAGCCGGTGGTATGGGCAACAATCTCATAATTGCAAGTGACGTTACGGATTTACCACAACCAGATTCACCAACCAAACCAAGAACTTCTTCTTTTTCTATCGAAAAAGTCACGTGATCAACTGCATTGACTATTCCATCACTCGTAAAAAATTTTACAGAAAGATCTTCAATCTCAAGAATCTTTTGATTCATTTACTCACCACCGCGAGAGTATTCTTCGAGCACCTATGTATTTTTGATCAAGGCTCTGTGAGTAATCAGGACTGGCTGGATCAAAACTGTTGATCGCCACGCCGTTGCTTCCTGAATGTATGTATTTCATATCACCTATGTATATGCCCACGTGCGATGGGCCTGGTTTATATGTCTGAAAGAACACCAGATCTCCTGGCTGCAAGTCATTTCTGTTTTCAACTACTTCACCTTGTTCAAATTGCATGTCTGCGTCCCTTCTCAAAAAATATCCAGCCATCTTGAAACAAAACTGGGTAAAGCCCGAACAATCAAAACCAAGAGACGTAGTACCAGCCCACAGATAGGGTAAACCAAGATGTTGTTTAGCAACACTTATAATGTAGTCAGCGTCTTTCTTAGATGAGAAAACTTCTTTGCGCGAATTGAAAACTTCAAGATCTGAAGTTTCTATATAAACCCTTTCTCTCCCAGGCAATTGCACCAGCGCCCATTGGTCATCGATTTTCAAACATGGTAGAGCCGTGCCTTGTACAATCTTCCCCTGTAACTGTGTCTTGTTCATTTCACTGTAGATGTTGGCGAATTTGCTTATCACCAGAGCAAATCTGTTAGAAAGATACTCACTTAAAGCTGCACTGTCTATAATCCACAAGTTTTGACCATCGATCCAACCAAGATATGAATCTTCCATTTGAACAAGATACCAATCGCCATTTTGCTTTAAAAGCTTTACTATTTCACCCATTCTCGCTTGTGTTACGGCATTCTTTTGCGATGTCTTTCTTGGACCATCCATCAGATTTGCCACTGGAATTTTCACCACGGCAAAGATTTTCTCGCCAAGAGAACTTTGTGGGAGAATTGTTATTCTGTCTTCTATGGGTACTTTCAGAATACCATTCAGTTCTGAAATGAGTTTATCTTTCAAATCGATATCGCTCATTTCACCAATCAAGGTTATTTTTGAATCTAAAATATCAACTCGAATAGCAAAAACTGTTTCTCGTGTGTCAATTTTTTCTACAGTTTTGAAATTTGATATTGCTTGATTTGCCCTTTCTAATAACTCCATTGTTCCATCACTCCCAAAAACGAATATTGCTGTGAATAAAAACAAGAGAATTGATTTTTTAATCATCTTCATCCACCCCAAACTTACTGTTTGAGTCTGGGATCAAGTGCATCGCGTAGACCATCGCCCAAAAGATTAAAAGCAAAGGTTGTCAGCATGAGCACAAGACCAGGCCAAACAGCGTACCATGGTTGGATTCTCAAATAAGAACTCGCAGATCTTATCATGTTACCCCAACTTGCCGTTGGTGGAAGTATCCCAAGCCCCAAAAATGAAAGACCTGCTTCTGCCAAGATAGAACCAGGGATACCTATAGAGACAGAAACTATAATCGGCCCCATGCAGTTGGGAAGGATATGCTTGGTGATAATTCTAAAATCCGATAACCCTTGAGCCTTTGCTGCTTCGACAAACTCAGTTTCTTTCAGAGCAATTACTTGACTCCTAACCAATCGAGCCTTTCCGGCCCAGCCTATTACCGATAGGGCAATAAACATGTTCACGATACCAGGTCCAAGAGCGAACATCATGCCTATGTAGAACAACAAATCTGGGAAGGCGAACAACATATCAGCAACTCTCATCATAATCATATCGATTGCCCCACCATAATAACCAGCCAAGGCACCTATGATAACACCTATGATAGTTGTAATCAATTGTGTGACAACACCTATCATTAAAGATACTCTGGCACCATACAACAATCGTGAGAGAATATCTCTTCCATATTCATCTGAGCCAAGCAAGTAAACCCCATTCTTACATATTCTCGAAGGTGAACCACTTGGTTTTAAACGGTTCTGTAGATCTATTTTGTTTGGGTCAGCAGGAGCAAGAAGTGGTGCAAAGATAGCGACAAACACAATTATTATTATAAACACAAGGCCAAAGATCGCTGGCTTGTTCCTTTTCAATCTTTTATATGCATCTTTGTATATCGAGACGGATTTCTTTTCAGCCACTCCTATTACCCCCTACTGTAGGCGAATCCTTGGATTCAAGAATGCATAGGAGATATCGACAATGAGATTGCCAAGTATATAAATAACTGCCGTGAACAACACTACTCCTTGCACAAGTGGATAATCCCTTTCCGACAAAGCCCAAACAGAAAGCCTTCCAAGACCAGGTATCGCAAAGACACTTTCGGTGAGTATGGATCCTGTCAATAAACCACTCAATTGCATACCAAGTATTGTAACAACCGGTATCATCGCGTTTTTCAGAGCATGAATGAATATCACCGCTCTTTCGCTCAACCCCTTTGCTCGAGCAGTTCTGATATAATCTTGCCGAATAACATCTAATAGGGCACTTCTTGTATAGCGTGCAATTGATGCCGCGAACCTTGTCCCAAGAACAATAGCAGGCAATATCATGTGTTTCACACTGTAATAACCAGATATGGGGAACCAACCTAATTTGAGACCAAAGATCAACTGCGCAATAACTGCTACCCAGAAAACAGGCGCACTTATGCCAGCGAGTGCAACTATCATCATAGAGTGATCGAAAAACGAATATTGCTTAACAGCCGAGATGATACCAACTGAAACTCCAAGGATAATCGCCACAAGGTATGCAGAAAGTGCAAGTTTGAGGGTGGTGGGGAATGCATCGGCGATCATTTTTGAAACAGGTAATCCCGTTTTAAAAGATTTTCCAAGATCTCCACGAGCGGCATTGAATACAAATCTCAAGTATTGGATCACTAACGGGTCATTCAATCCCAATTGCTCTCTTATCTGATTCACAGTCTGGGGATCTGCATATTTGCCTACCATTTCAAGTACAGGATCACCAGGAACGACATTCAAAAGTATAAAGGTTATCAAAGTAACTCCAATGACTACTGGAATCGAGAAAATAAGGCGCCTAACTATGTACTGAATCACCTTGTAGCCTCCTGTTATAAAAGGTGGGGGAATGTCCCCACCTATTTTTCATTGTTTATAAGCATATAAATACAGAGTTATACCAGTTGGATGAGCAATGACCCCATGTACATTTTTCTGTGTGGCGAGTAAGTACTTCAAATGGAACAGAGGTATCACAGCAATATCTTCTCTGATTATTTTGTATTCAATTTGTTTGTACATCTGTTCTCTTTTTTGAGGATCTACTTCTATGCGTGCCTTTTCTATCATCTCTTGAATTTCTTTATTGTTATAACCAGAAGACATTTGATTACCCTTTCCAAAGAAAACTCCTATGTAATTATCTGGATCTGGAATATCAGCCCACCAGTTGGCATATGTTGCCGGTATCTTTCCTTCATTCCTTGCTTGGCGATAAGCAGCTCTTTCTACAGGTATTATTTCAAGATCGATTCCAACTTCCTTTGCCATTGCTTGAATGATTATGTTGGCATCACTCAATGTATCTCCACCAGATTGCCACGCCGTTACCTTGCCTATATTTCCGAGCTGTGCAACGATTTTTTTGGCCTCTTCAGGATTGTAATCATACGCAGGTCCTTCTCCAAGTTGATACGCTCCAGGTATACCGGGTGTAACAAAACTCTTTGCAACGGTTGCGCGTGGCCCATAGAGCGATTGAGCCATTTCTTGTTTGTTAATTGCAAGTGCCATTGCTTTTCTAAGTAATGGATTTGACCACTTTGGATCGCTCAGATTCATAATAAAGTAATAAGTATTGAGGGCTTCTTTTTCGATGATGTTGTATTTTCCGGTTTTCTTTATCCTTTCATACTCGAGTACAGGTATAGTTACAACATCCAAGGTACCTGCTTCAAATTCCATCAGTGCTACCGTTGAATCTGGTATGATTCTGTAAACTACACCGTCTAAGTAAGGTAAACCTGCTTCAAAATAATATGGATTTCTTTCAAAGACAATCTCTGTATTAGGAGTGTGCGATTTCAATCTGAATGGTCCTGTTCCAACTGGTTTAAGTTTCCAACTGTCCCCTGCAGCCATTACAAGTTTTTCAGAGAATATGCTCGCCGCTGGAACGGCAAGATTCTGTAAAAATGGGGCATAAGGTTTTTCAAGTATGATTTGAAATTTGTAGTTATCGATTTTCTTAAAACCTTCAAGAGATGTCGATTCACCTTTCATAAATGCAGCAGCACCAAGTATTGGTTCAAAGAGCCATTTACTTGCGCCTCTACCTTTTGGACTGAGCATCCTCTCGATTGTGAATTTGACGTCATCGCTTGTGA
NZ_AP014510.1_gap21	1211665	1215510	3845	ACCCCTTCCAAGATCATCTGTTTTTGTCTCAAAATCTTAGTAGCTCTACGTCCTATCTTTTCTCCCATCGGTAAGAAGACACTGTTTGAAAGAATGGAGCCGTAGAAAGTTGTTATCAACGCCACAGACATTCCAGGCCCAAGTGTTTCAGGATTATTCAGAGTCTTGAGCATCGCTATGAGACCTATGAGTGTTCCTATCATTCCATAAGCCGGTGCAAAAGCTCCAGCAGAATCCATCAATGCTTTTTCAGATGCAAAATCTTCTTCGATCAAATCCATCTCCGTTTCCATCATGCTCCTTAGAAGATCTGGATCGGTTCCATCTATGACGAGTTGGACTGCCTTTTTCATAAAAGGATCTTCTATTTCGTTCAGGTTCTCTTCCAAAGACAACAGTCCTTCTCGCCTTGCCTTTTCAGAGAAAGATACGAGTGTTCTAACAAGCCCTATGTTATCAACCTTCGGTTCTTTAATAGTAGACAACATGACCTGGATAATCCTGAAACTTTTCTCCTTCGGATGTGAGGCAATAGTGGAAGCCAATGCCCCACCAACCGTTATGAAGAGCGATGGCAAGTTGTAATAGGTCATCAAAGAAGACTGGTTTGAGATAATTCCAAAGGCAATCATTCCAAAAGCCAGACCTATACCGAGAATCGTCGAAATATCCATCTAATCACCTACCTACTGCCGAGGTAAGTATTTTAGAATATCAAGTACTGGATATGCTTGCTTTTTGTATTCTATCACTTTTGAGACGACTTCCTCGACTCTTTCTTGAACTATATATTTTCTGCCATTGAACAATGTAATAGTTGTATCTGGCAGTGCTTCAATCGATTCGATCATTTCGGCATTTAAAACAAATTGTTTACCCCGCAAATGTGTAAGCCATATCATCAAAATTCACCTTTATCTCCTCAGTGCGACGAGTTCACCTAAAATCGTGTCTGCTGTCGTTATGACTCTTGCATTTGCTTGAAAACCACGCTGAGCTATGATCATTTTCGTAAATTCCTCTGCAAGATCGACATTGGACATCTCAAGGGCTCCCGGGATCAGTGTGCCTCTTCCGCCACTTCCAGCGGTTCCTATCTGTGCAAGACCACTATTTGCAGATACAACATACAATGAATTTCCTATTTCTGTGAGACCTGACGGGTTGTTGAAAACGGCAAGCGCTATTTGACCAAGAATATCTGTCAGACCATTACTGAAGGTACCTATTATTTCACCATTTTCGTTTATGGCAAAGGACTGCAATGTTCCAAGGGCATTACCATTCTGGTAAGTGAAAGCAGCAGAATTGCTTCCGGAAAATTGAGTCAGAGATGTGAAATCGATCGTAGCCTTTACTGTACTATCACCCATATGCGCTGCATCAAATTCTATCGTTCTCAATTCAGTATTACTCACATTGAGCGTCGTTCCATCCCACGTAATACCATACATTCCACTGATTCTTCCAGATTCGTTGAAATTTACAATGCCTCCAACGTAATTGTTTATTCCAACTGTAGTCTGTCCATTTGCATCGACATAACTGATTGGTTCGCCACTCGCCGTATAAGCCCTCCAAAGCCAAGCATTTTGCATATTACCGAATTGACCTATTCTTGTGAACTCAAGATATACAGAGTAAGGATTCCCGAGTGAGTCATACATTTGAACTGCTGTGACATATTTTGGACTTTCATACTGAAGCGTTGAGAAATTTGAAGGATTGTCTGATTCATAAAATCTTGCTTCACCAGCAGTGGGAATTGAAATAGTGGCATCGCCACCAAGTGTGACTTCATCGCCGGCACTCGCGTTTCCAAAGATTACGAAGTATCTTCCCCCATTAACTATGTCAGGTATGGTAAAATTACTACCAGTAATATTCACATTACCCTCGTAGATTATTTGTCCATTTTCGTCTTTGACAACTGTGTAATATATTCCATCGCTTGGTATATTCCCACCGAAATCTGTGTTTGTCAATCGACCATCAGCTGATGCAGTTGCTTGATAAGCCGTACCAGAACTTTCAACCCTACCAAATTCATTGAGTACCATAAACCCTACGGCTTTTACCTTCCCATCTTCACCATAAAGGTCCCATGTGTAGCTCTGAGATTTACTGAAAGGATCGGTTTGTCTAACAAAATCTGCACTTGTTCTTGAGAAGACAAATCTAACGGTGTAGTCGGTGTTGTTTGTCGTGTCAGTTACTGTCATTGAAAAAGGTATTGGTCCGACTCTTGAGTTTAAATTTCCTGCGATCGTTGCATTAGTTGTCGCATTCGCTGGCATAGTCATACCAGCACTTATTGTAATATCACCGATGGGTCTATTGGTGTCAACATACCTTATACCGGTAGTTGGATCTTGTATTGCGCTCCAACCTTGAACCTTAAGACCAGTAGAGCTTTGTATGAGTGTGCCATTCGAATCAACGGTCATGGCACCGGCTCTTGTATAGTAATATTGGCTGCCATTACTCAAAACGAAGAATCCATCCCCTTCTATAGCGAGATCTGTCCCATTACCAGTATTTTCGAATGAACCTTGGGTCATTATCTTATCAACGGTTGCAAGTTGTGAACCAAGACCGATTTGAATAGGATTGGTTCCACCAATGTTGTTTTGTGGGCTTCTTGCCGCTTTCATTGTTTGTAAAAGTGCCGTTTGAAAAGTCACACGGGAACCCTTGAAACCCACTGTGTTCACATTTGCAATATTATTACCAACTACGTCGATTGAATACTGGAAGTTTTTCATTCCAGCAACGCCACTGAACATTGAGCGCATCATGTGTTATCACCCTCCTCCATTATCTCAACGATTGAAGCAAGAGGATACTCTTTTCCACCGATGTACACGTATATCTGATTATTTCTGAACTTCACCGATTCGATCTTGCCACCTTCAACTCCGCCGATTTCTGTCTCGCTGCCGTCTGAGTTGATTTTTGAAACGGTGTAAGTATACGTACCATCTGACACGGTCAAACCACTGCTATCTCTCGCATCCCAAACATAGGCATGTGTTCCTGCGTCAAGAGAGCTCGAGGTGGCTTCCTTCACAAGATTTCCGTTTGAATCGTAGATGCGTATGACCACAGGGGCTGCTTCATCCAACTCAAAAACAATACTCTCTGCTGTGCCATCGCTTACAGCTATCTGATCTGTTTGAACAACTGCGTATTTTCCTATCAACGATGCCGCTTGTGCCTGAAATGCTCCCTCTTGAAGCGTCAGGAAATTTTGAATCGATTCGGTCATATTGGTTATCTGCTCAAGTGTCGAAAACTGTGTCAGTTGAGCGATAAAGTCTTTGTTGTCCATTGGATCGAGTGGATTTTGATTTTTCAATTCAGTAATCAACAATAGAAGAAAGGCTTCTTTGTCAAGGGTATTACTCGCCGTTCTCTGGGTTGTTGTATAGGTTGAGTATGAATAATCAATCGCGTTGATCATCTTCATTCACCTCCTCTTGTTGTTTTTTGTGCCTTTTTTCATTTTGATGATGGTCTTGTCCTTGATCCTTAGTCAACTGATCTTCTTCCAATTTTTGTGGTGTCTTCACCTCTACTTGCTCAACCTTAAAACCAAGTGTATTCAACCTTGAAACAAGATCTTTGGAACTTTTTTCGAGTATTTCTTTTGTTTCATCTGTTGCAACCTTTAGAGTGATCAAGAGTTTGTCTTGTTGTTTAATGATCTCGATTTCAACCTTTCCAAGATTTGGTGGAGAGAGATCTACTGTCGCTTTTTCTGTGAAACTATCTTGCATTTGTTTTATCGTATCAACGATGGTTTGAATGTTCGAACTTCTTTGTTCTTGTTCCACACGAACTAT
NZ_AP014510.1_gap22	1219200	1221828	2628	TTTGTTCTGAAAGCCATTGGCTTTGGAGCAGAAACATTCAGCCAAGTGAAGAACTTTGTCGAAGCGCGTTTTGGTCCCATGACGGACCAGACACTCAGTAACAACCTCGCTTCACTTCAAAAAATGGGGTTTTTAGAAGTTAATTACAAAGATGGAAAGAAGATCTACAGCATAAACGATCCAATGATTCGCAGAGTGCTTTTTGATTAATTTCTTGCCTTACCTTGGATGTGTTCTATGTTGATCTTGATTATGTATGTGGCTTTCAAATATTGTTCTATAACCTTTTCTGCCTGTTCTGCATAACGTGAACTGTACTTTTGTACGATCTTTCTCAATGGCTCAATAACATCTTTATCCTGCAGAAGTTCAGCCTTCCCAAAGACAACCACACTCTCGTACTTTGTGGAAAACTCATGCGGAATAACTTGACAACTTCCAACGACCACAAAGCACACCTTGTTGTTGGCCTTTATGTTATCTATCTTATGTCCCTCTTTTGCAGAATGTATGTAGATTACTCCATCTTCATAAAAATAATTGACAGGAACACCATAGGGATAAGATCCATCATGGGTACAAAGAATACCAAAATCGGCTTTTTTCAGTATCGATATCGCCCAAGAAGAGTCTATCGCTCTATCCTTACGTCGAAGTTCTCTAAAATCACTCATCACATCACCAGAATCATTATACTATTATTCAAAAAAGGACGGTGCTTTCACACCGCCCCGATTGGTTTTAATGCTTTAATTTTCCCACTGTAGATGTGGGTAACCATCGTTAATTGCCGAATTTATTGTCCAGACATTATCAAAATCCCAATTTGTGTAGGTGTTTTGAGATTTCATTTGAGTTGTCGTTTTTTCTAAAGCATCTGAAAAATCATTTGTATGACCAGAGATACTTGAGTCAAAAAAGCAATTTGTGGTATCTACAACGGTACCTGAAAAATTCCGGACAAAACCATAATCGATATCTTCAACTGCAGAATAACAGTTTTCAACAGATGGATGTTCTCCAATTGTATTCATTACAATAAATCCTACAGTTGTTGAACCATCTCCTGAACTTACCGTTCCTTTCGCATAACAGTTTTTCATAGAGATATCTGTGCCATCGGTCATTCCTAAGAAACCAGATATTTCAGCACTGTTTAATGCTTGAATATCAAATCTTGTGAAACATTCTTCAAACGATGCCTTTGTACCCGTGAAGCCAAAGCCAAAGATATCCATAAATTCATCGTTCGCAGTGATAGAACCTTCAAAGGAACATCTTAGAAACTTCTCACCTTCTCCCGAAATCCCTGCGACAAAACCTCCAATTTTTGTACTTTGAAAATTCACTTGAATATCCATTTCAACAGTACAGTTTATAAAATTTAATGAAGAAATAGTTGAACCTGCAAAACCTCCAACATAGCCACTCATTTCTGATGGATTTCTCCTTGCAAAGATCTGGCCTGATACTGAACAATCTTCGAAAGAATCAAAATTCATCTGTCCTATCTCACTTTCGTACCATTCAATATAACCGGCAAAACCGCCTATGTATGTACCCGTCGCATCGATTGTTCCATTAAAGGAACAGTTTTTAAAACCACTTATATTGGATGAACTGGCAAAGCCTCCGACTTCTTCAATACTATTTGGACCAATGATATCAACATCATTCACCGAGCAATTTTCAAACCATGTAGCATTAGCATCTGCAACAAATCCACCCAAGTAGTTGCTTGAATCGCCAGAAGCATTTATTTGTGTGTTTTTCACTTCACAGTCTGTGATAGTCGAACTACTGGTAAAACCAGCAAAACCTCCGACGTGGGTAGATTTTGATATAAATGAACCTTGGATGATTACCTTGTCGATCAGACTGTCGGATATATATCCAGCAAATATACCTGAATAAAATGCATCATATTCGACATGCGCATTGGTAAACACAATATTTCTTATATTCGCCTCAGACACAACACCAAAAAAGCCAGAATAATCATCTACATCGCTCAAAACAACCATGTTTTGAATCTCAAATCCCATGCCATCATAGCTGCCCGTAAACGGTCCCGGACTAACTGGAAAATCATGGCCAACTGGTTCCCAATTTGAAACAAGTGGGTCTAACTTGTTTTTCAAATCATTTAAATCTATATTCTTGATCTGCTTGAAATGTTTGTCAAGGTTATTTCTGATATTATTCAATTGCTGGGCTGTCACGATGATATATGGATCGTTCTGCGTCCCGTTTCCTCCAGCAAAATCTTGAGTTTCAGAGTACGCTGTAAAGTTTATCGTTGAAGTACTCGATACCTGTTTTGTCGGGCTAACTGTACCAGAGACTACTATGTAATAGTCATCCAGTTCGGCAGACACCGTTACCGCAACACTCAAACCAGTGATAGACCAGTTTCCATTTGAGTCGGTCGTTGCTTGCTGAGTGCCTGCCTTAACAGTAACATTAGATAAAGGTGTGCCGTCCCATAATTTTACTGTACCCTGAATGTCATACGTTACTGGTACAACCGGTGCGGCACAGTTGAACAACAAAAAGACTAACGGTAGTACCAAAAGAAATAGCCACTTTTTCACAAAAAGACCTCCTCTGTAAAAGTTTGGGGGATTA
NZ_AP014510.1_gap23	1228371	1232396	4025	TGTTTTATAGCTTCGTAAACTTTTTCCATAAGAAGATTTTTGGTTTCTTCCTCTGTAAACTCTTCTCTTTTTCTCTTTATATTTTCCTCTAATCTATCTTTTTTTATTTTTAGATTTTTATTTAAGTCCTTTAATTTCTTAGTTTTTAATTCTATATTTTTAATTAAATCTTGCCACTTCAAGGCTTCTTTTATAGCATAATCTTGTCCACTCAAATTAAGATCTCTCACAATACCTTTTAAATAGTCTATAACTTTCTGTGGAGTTTTTTGTCCTTGATCTTCTTCATCCCAGTCTTCTACTTCGTCAAGAAGCTCATTTAATTCGCTCTCTACCTTTGAAATTTTAGCTTCTAATTCTTCGATCTCTTCTAAATCTTTTGTAAAGAACTTTTTTTCTATTCTTTCACCTTCAATAAGTCCCTTGCTCCAACCGGACGAAATTATTGATTTAAAATCATATCTCAAATCTTCCCACCAGTTTACAAATACTCCAGCAATTTTGAATTTATCGAGGACTCCTAAAGGTAAAAGCTTATCTTCTAACTGCTTAAGCGCTAATCCTCTAAATATCCATAGATTATTACTTTCTGGAAATTTCTCTATTCCTTCCTTTATCTCCTGCCACCATTGTTCTAATCTTTCAAGGTGTTCTTCGAATATCTTTTTTACATTCTTATCATTTTCGACAACTTCTCTTAATTTCGTTTTGTCATCAATATTTTCAACAAAGTCTAAACTGTCTTCATTTTTAAACGTAAAAATATTTTCAATATTGAAATTAAATTTATTAATAAGAGGCTTATATAATTCAACCTCTTTCTTGGTGATAAATCCTAATAAGTGATGATGTACGCTCTCTATCTCAGGGTCGGGAGAGTTGTCCACATATCTACGAATATTTAGGTTATAATCATTTTCTTCAATTTCCTTGATATCTACAAGTCTTGAATATTTGGGGATTTTTAATTTATTTTCAAAAACTGTAACTATTTTTTCTATATCTTCGGGTCTTAAATAATTCTGATTTCTTCCCTCTCCGTACTCTCTATCTGCATTTATAAATAGGATTTTATTTTTAAGATGAGCTGGCTTATTCTTATTGATTACAATTATACAGGCAGGTATTCCAGTATTGTAAAATAACTTTGGGGGGAGACCAATAATGGCTTCTATTAAATCATCCTTAATTATTCCTTCTCTTATTATCTTTTCTTGTCCACCCCTAAAAAGTACTCCATGCGGCATTACAGTTGCCATTATTCCATCTGGTTTCAAGCTTGCAATCATGTGTTGTAAAAACATTAAATCTGCCTTTTTCCCTGTTTCAGGTGTAAATCCATATTTAAATCTTTCTGGATATTCCATACCCGTTCTTGTATAATTCTGAGAAAAAGGAGGATTGGCTAATATTCTATCAAACTGCTTGATATAGCCATTTTCTCTAAACATTGGTCTTATGAGTGTATCCTCATTTTCTATATGGGCATCAGGAATATCATGTAAAATCATATTCATCTTACATATTGACCAGGTAACCCCATTGAGTTCTTGTCCATAGAGAGCTAAATTTTTAGGATTTTGTCCTATCGCCTCAACATATTGTCTTGCTTCAATGAGGAATCCACCAGAGCCGACTGTAGGGTCATAAATAGACATTCCCTCTTGAGGTTTTACAAGTCTAACCATTAGAGTTTTAACATGGGGAGGAGTATAAAATTCTCCGCCTTTTTTTCCTGCTGATTCTGCAAATTCTTTTAATAAATATTCGTATGCTGCACCAAGTAAGTCTGGGAATTCAAAATCTTCGTTCCTTAATCTATACTTATTAAAATGATGTATTAAGTCAATTAACTGTTGATCCTTAAGACGGGTTTTACCTTTTACCGCATTATAATCTATATGCTTTAGAACTCCTTCAAGCTCTGGATTTGCTTCTTCTAATGCAGATAATGCCTTATTAAGTTGGTTACCTACATCTTCTTTTAAATTTAATATATTTTCCCATCTTGCTCTCTCTGGAACGAAAAATGTTTCTCCATATGTATTCGGATCCTCAAGAAGCTCATTAATCTCTTTCTCTGATAAACCTTCTTTTCTGTATTTTTCTCTTAGTTCTTCTCTCTTTTCCTCAAAAACATCTGAAATACGCTTTAAAAATAGCATACCAAAGATATATTCTTTATACTCGGAAGCATCCATTCTACCTCTAAGTATATCTGCAGCCTTAAACAAGTGAGTCTCAAGCTGGGTCAAGGTTATCTTACTATTATTCATATTCTATACCCTCTCCTATACTTTACGCTATTGTATGCCTGAAACCTTTTTATATTATAATCTTCTTAATTTTTAAATTCAACTACAATATTTTGTGCTATAATATCAGCAGATACTACTATATTTAGTGTTATATGTGATGGGGTGATGGGTTTTTAATTCTTACAATAGAAAAGAGGTGAATTGATTTGGCTATTCAAAGTATTCCCTTACTTTCCCAGATAAGATTACAACTTAATGCAGGAAACGATAGATTTATTTACAGGACCATAAACAATGTAAAACCTACTGCAAGTGATGAAGATGTCTATGCTGTAGCAGTTGCTATTGCAAGTTTACAAACATTCTTACTAAGACTTATAAGAATTACCATCTGTGCATATCTCAAAAAAATATCGATACAAATCTACATGTCGCTGTGAAAGATCAAGTCGGTGTGATAGTTTTCAAGAAAGATCAACCTATCAGATTGTTTGCGATCAATCATCCTGATATGACAAATGCCTTTTACTGTTATGCCGAAGATTTCTTCAACAAGTTGCCTGAACAGAGTAAAGATAGAAAATATGTCGTTCAGATGTTGGAGAAATTAATTCGAGATTTGAAAGAGTGATGTAAAAATGGTAGCTATCTTGGATCTTGGTTCTAATTCTTTCATTCTCCTTGTTTATGAAAAAGGTAGAGCGATCATGGAAAAGGTTTATGAAGTTGGTCTAAAATCGATCAAAGACGATAAACAAGCCTTTCGTGTTGCAAAGCAATCACTCGAAAAAATCAAAAGTGAAATCGATGGCATAGAAACATACGCTTTTGGTACAGCGATCTTTCGTGAGAGACGCCATCTTTTCGAAAGGCTGATGAAATATTTTGGGTTAAATGGAATGATTCTTTCAGAAAAAGAAGAAGCTTATTTGACATACTTGTCTGTCGATCCAAAACGAAGTATGAATATCACGGTTTTTGACCTGGGTGGAGGCAGTCTGGAAGTCGTTACAAAAGACTGGTTTGTGAGTCTTGGATTGGGTACACATGTGTTGAATTCTATCTTTGATCTCTCTTTACCAAGTGCAAAGGACTTTGACAAGGCAGTTGATTACGTCTCGAAACAACTACCAGATTTTGATAATCCCGTTGGTATCGGGGGGTCTTTTGTTGCAATTGCTGCATTGAAGGTTAAAAAATGGGACTTGAAATCACTCGATGGCTTTATACTCACGTTTGAAGACATACAGAAAATTTCAGAGGAACTCAGAAAAATGAATCCTCAACAGATAGTGAATATGAAGATAATACCACCTGGGAGAGAAAAAACTATCGTCGCAGGTTGCACAGTGGCAATTGCAATAGCAACAAAGGGCAACATAAAAGTCTCGACGAAAGGTTTCAGATACACTTTGGCTGAGATGATAGAAGAGGGAAAATGGCCCATCTCTGGCGTGCCCGGGGAGATTTGAACTCCCGGCCTCCAGATCCGCAGTCTGGCGCTCTATCCAGCTGAGCTACGGGCACAACCTGGCGGAGAGGGAGGGATTCGAACCCTCGGTGGAGGTAACCCTCCACACTTGCTTAGCAGGCAAGCGCCTTCGACCACTCGGCCACCTCTCCAAACTAATTTTCATTATAATACAACTCGCTCAAAATTCAAGCTCTGTTTTTCAGGAAAATCTCAGATGGCTATTTTATTCGAAATTTTTTCATACTCTGTTTTATTGGATTCTCTGGGATGTATCAGAATACCTTCCGCCTGAA
NZ_AP014510.1_gap24	1278750	1282638	3888	GCTTGAGCACATCAAAAGAAGGTGGAGCAATAAATATATAAACAGCGTCTTTATACTTGTTCATCACAGTCATTGCACCTTGTACATCGATGTCGAGCAATACACTCTTGCCATTTTCAATTTGTTCCTCTACAAATTTCTTTGGTGTACCATAATAGTAGTTATGGACTACTGCCCATTCAAGAAATTCATCACGCTCAATCATATCTCTGAATTTGACAACATCAACAAAGAAATAATCTCTTCCTTCGACTTCATTTGGTCTCTTGGGTCTGGTGGTACAAGAAACAGAGAATACGACGTTTTTGATTTTCTTCAATGTCGATTCTATAATAGAGGTTTTGCCCACGCCCGATGGTCCGCTGATAACATACAAAATACCTTTCACTTTGCTACCTCACTTTGTTCAAATTTTCTTCGATCTCTATCATCGATTGTTTGAATCTCTGTGCAATTGTCTCTGGTTGGATCGCACTGAGTATAATGTGGTTGCTATCTGTAATCAATATAGCCCTTGTTTTCCTGCCATAAGTGGCATCGATGAGTTTTCCTTCGTCTTTGGCTTCATCTTTGAGTCGTTTCAAAGGAGCAGATTCTGGATTCACAATCGCTATCACACGATCACCCGAAATTACATTACCAAAACCAATGTTGATCAAACCATACATTGCGGACCACACCTCCTAATGATCATTCGATGTTTTGGATCTGCTCTCTGAATTGAGAGATCAGTACCTTTGCCCTCAACGCATCGTCTATGATCCTCTGATCCTGTGATTTAGATAGGATCGTGTTTACCTCCCTGAACATTTCTTGTGCTACAAAATCAAGATGGTTACCAACAGAATCATTTGATTTAAGCAACTCTTCGGCCTTTTGTAAATGACTTTTCAATCTGGCAAGTTCTTCACGTATATCGGCTCGCTGAACAGCAAAAACCACTGCATTCTCAAGCAAATCTTCATTGAGTTGTACGTCATTATCAAGCATTCTCTTTACATCCTGTTTGATTTTTTCTTTCATGAGTATAGAAGACTCTTCACTGAATTTAGATATACCATTCTGTATAACCAGCAATTGCTGAAGTATTTTTTCAAGATCATGTGCTAACCTGGTCCCTTCACTTGTTCTCTCTTCATCGAGTGATTTTAAAGTTTTATCCAAAACATCTTTTACAATCCCAAAAATCTGCTGTTCTTGTTGTTGAGACAGTTCAAATCTCACAAGATCTCGAAAACGTAAAAGGTTATCTAAGTTGACTGGCTCTGGTATTCCAAGCTGACCAACGAGATCTTCCAAAGCATCATAGTAACTCTTTGCCAGACCATAATCGACTTTCACTGCATTCAGAGGAGTCAAGAATTCCACATATATTCTGAGGGTTATCTTGCCCCTTTTAATAACATTTTGTATCGATTGGATCAGCTCGTTTTCTCTGCTGAACATAAAAGATGGTAATTGAATATCTGTGACAAGATATTTTGAATTCAACGACTTTATTTCGCAGACTACTCTATAGCTTTGTTCTATTTTTTCGTATCTTGCATAACCTGTCATGCTTTTTGGCAAAATATCCCCACCTATGTCCGATTATAACACGTTTCAATCAATCATGGACATCTATCTTTCAAAATGATGCCTATATCTCTCTGTAACTCGTTTGATCTTTAAAAAGCTGCGCCAAAACGGAAGAATGGTTTGAAGTTCTCAAAAGTCCAGTTACCATCAAAGTTGTAGGCCACACCAAAACCAATCACTCCCAACATGGGTATTGCAATATCAAGTTCAGGCCCCGCCGTGAAATTGAATCCAGTCTTCCAAAGACTCTCACCTGTACCTCCAATATCGGCAAATGCAAGTAAATACATAGGTACAGTCTGTGATTTCAAATCATATCTCAACTCGACACTGCCAAGCCAACCAGCTTTTTGTTCAGTACTTTCCACACCTCTTACAGCATTGACACCATAGAACAATATAGTCTCTTGATCAGTTCCAGAAACTCTGTACTTTTCCAAGAACAAACTTGAAGCAAAACCTCTAAATGCTAACGAGAACAAGTCTTCATATATTGGCACGAAAAATCTTGCGTCGAGTCTTGCCTTCCAGTAATCTCGGTCATCTAATATTCCGAAAAGACCTGCTTTATCCAATCCAAGATAGAGATATTGACCATTTGTCGCAAAAATTGCGCTATTACGAGTATCATAAGAATAGTTACCTGACAAAATCAGCGTGTTCTCATCGTCACTCAGGTATGAATGATATCTATATTCATAAGTTGCACCTATTCCAAAAGCATGACCTTGTGATCTGAGTGTTGTGAAATTTCCACCTATTTTGAAGATGTTTGTTACTGACGAATCAGAGGTATTATACTCATAGCTGAAGACCGCTCCAAGTGTCGCCGGTAGCTCAAAAGGCTTTCTAATAGAATAATCAAAACTAATGCTCTTTACCGTCAATCCGAGTTTACCAGTGACAGAAAAACTCTGTCCATACCCAAATGGGTTTGTGGCGCCAAGTGTCACCTCTCCCATAAAACCCTCATACCACGGTCCATCAGGAGGGGTCCATGATATACCACCTGTGAAATCGAACTTTCTCTTCTTTTCAGTTATATCTATTGTGACCTTGACTTCAGTTGAATCCATCGTACCTACAGGATATGCACTAACAGATTCGAAAAATTTAGTTCGGTTCAAAGCAGATACCGTGTCGTAGAAATCCTGTTTCTTAAGAGATTCTCCCTTTTCAAATGTGATCAAGTCATTTATAACATACTGCTTGGTCGTTTCAAGGCCTTTGAGTTCTACTTCAGAAATATATTTCTCCAAAACCTGAAATTGCAATACATCACCTTGTTCTCTTGTTAAAACATACGTCATTGGATAGCCTTTGTTTTCATAATAATCAACAATCGCCTGCATGGATTTGAGAATATCAACGTTGTAGACGATTTGACCTGGTTTTAGAGCTAAAGAATTTCTGAGTTCTGTCGTTGAAACGAGTTTATTTCCTGTGATTTCAATATCTTTGTAGAATTTACCATCAGATATGATTTTTTTCAGAACTACGTTGATCTTCAAAACAGCTGTTTTTTCATCAACACCAGGTACCTCCATCTTTTCAAAATTGATTGCCGTGTCTTTATCAAAGTATACATATTTACTCAGTACACTCATGACAGATGACATATTTTCAACCGTAGGATAACAACGTTTGATGTCTTTAGTAAGGATTCTCAAAAATCCTGGAGTCGTGTAAAAATCTTTGAGTGTGTCTATCTTTATCTGCTGTCTGATCTTAGAAAAATCTATACCTTCGGTCTCACCTTCAAAATATATTTCCCAAAGCGCATACTCAGTTATCTTAAAAACGTAGATATCTTTATCCAAATCCCCACTGACTTCTACCAAGAAATAACCAGCTTCATCAAATTTTTCTTTGATCGCCTGCAGTGAATCTCTGACTTTTGCAATACTAAGTGCTTTATTTTTTTCAAGCTTCACGACCGACTCCAGATCAGCCTTTTTAACCAGTTCTGGCCCAACAAGATCTATTCTCCACCCTTTCACAACGGGATTTTCCTGAACATTAATCTGAAGCACATATCCATTAATTGATGAAATCATTTTTGGTTCAAGAGAAGAAAAATAACCTGTATCGAAAATCTTTTTGAGAAGTTCCTGAACCCCTTGATCCGTCAATTCAACATTCAGATAGTCTCTTGCAACGGCAATCAGTTCCGAAGATTCAACAGTTTCAAGCCCCGTGAAAACAAGATTACTTATAACTACCGCGCTTAGTACGCAAGATATTAGGACTAAAAACAAAAAAGTTAACACCAACCTCATTGAGACACCTCCTCTGTGACGCTTTTTTCAA
NZ_AP014510.1_gap25	1294205	1296336	2131	CCTCTTGCAGTTGGGGGTTCTCCTATTGCAAGGCCTATTTCTCTCTGAGCCATAGCCCAGCGTGTCAGAGAATCTACCATTAAAAGTACATCGAAACCCCTATCACGAAAATATTCAGCAATACTTGTTGCCGTGTACAGAGCTTTTGCTCTCATCAATGCAGGCTGATCCGATGTCGAGACCACCACTACTGATTTTTCGATGCCACTTGCAAGGTCTTTCTCTATGAACTCTCTAACTTCTCTGCCTCTTTCTCCTATCAACGCAATCACGTTCACATCAGCTACAGTATTTCTCGCTATCATACCAAGGAGTGTGCTCTTTCCAACACCACTTCCCGCAAATATCCCAATTCTCTGTCCCTTACCTATAGTTATAAAACCGTCTATAGCACGGACACCCACCGGTAGTGGTTTAACAATTCTGGACCTTTTCAAAGGATGCGGGGCAGTATTTATCAGTGGATATCTATGTTTTGCCAACAATGGTTTTCCATCGATCGACCTTCCAAGGCCATCGAGAACTCTACCTTTCATTTCATCAGAGACTGGTACATCTAAACGTTTCCCTGTTCTATAAATTATTGTTCCATGCTTTGCACCAGACAAATCCTCAAGTGGCATGAGAAGAACCCTTCCATCCCTAAAACCCACAACTTCACAAAGCGGCTGTTTATCATTCAGTTTCAACCTACATGTTTCTCCGAGAAATGCATCTGGACCGATCGATTCAACGGTCAGTCCGACTATGCGGCTTATCTTACCATTGATTTTAAAAAAATCCTCTTTTTCGATCTTGCTCTTGAGAATTTCCAGAATCTCAAGAGGATCGCTCATGCCCAAAGACCTCCTCAAGTAACTGGTCCATGACCTCAGTTACATACTGGTTCGTACCATCTATGACACCGATTTCTGTGTCTATGATTATGTCTCCAGATTTCAAGGTTGTCGATTTGATAACCTCTGCTCCAATAGATTTAAACTGCTCAACGAGTTGAGGAAACTTTTCAAAATCATTCGCGCTCATAGTGATTTTGATACTCTTCATACCTATGATCTTAGTCAAGATATTTTCAATTTTTTTCTGGTAGTCTATTTTATCTATCTCTCTGTAAGATATCTTTTTTATCAATATATGTACAATATCTGTCATTTCGTTAGAAATATCTTTGATCTTTGATTTCAATTGTTTTTGGAATTCTCCGGAAATTTTTTCAAGTGTTTGGATAGTAGCTTTAATATGATTTTGTACAGCCAGAGACTCTTTTCTTGCTTTCTCCAGAATATCTTCAGATTCTTTCTTTGCTTTTTCAATAATCTCTTGAGCTTTTATTCGTGCATTGTTAATTATTTGATCGGCTTGCTGCTGAGCATTTTGAAGCTCTTGCTCGGCTTTTTTGAGAAGTTCTATAGGATCTTGGATCGTTTCTGTTTTGCTGAGTACGTAGGGACTGTCTATAAAAAGTTGGCGCTTTTTTATGATCACACGATCAGCTCCTCGCCACCACCCTTGGCAATGATTATTTCACCGGCCTCTTCAAGTCTTCTCACAACATTAATGATCTTTTGCTGAGCCTCCTCAACATCTTTTATTCTCACTGGTCCCATGTACTCAAGTTCATCCTGAAGTAGCTGAGCAGCTCTTTTTGAGATGTTTTTGAATATTTTCTCTTTGACTTCTTCTGAAGCTCCTTTGAGAGCCAAAGCCAAATCTTTAGTTTCCACTTCGCGCAAGATTAATTGCACCGACCTATCGTCGAGTTTTATCAAATCTTCGAAGACAAACATTCTGCGCCTGATTTCCTCAGCCAACTCAGGTGAATCATAACCGAGTTTCTCCATTATTTTCTTCTCCGACGATCGATCTAAGCTATTCATGATTTCAGCTGCTGTATTGACACCACCAACTTGGCTGAAACTCTGACTGACAAATCCCGACAATTTCCTTTCCAAATTTTTTTCAATCTCTCTTATGACATCGGGTGAAGAACGTTCCAATAGGGCTATTCTTTTTACAACTTCTACTTGAAGATCATCAGAAAGTGATGCCAAGATTCTTCCGGCGAGTTGTGGTTCTAGATAGCTCAAAATCAGAGCTACTGTTTGAGGATGTTCACTTTGTAGAAAGTTGA
NZ_AP014510.1_gap26	1379662	1382916	3254	CGATTTTTGTACAGAGTGAAAAAGGACATATTCCTCATAAAATCGATAAAATCAGATGATTTCTGAAATTTTTCCACTATTGATCAATATTTTGGAACTTATTTTAGTCTAACATTACCTGAGTGAGTGTTTTTTGCTTCGATAGTGGTAAAATTTAAATTGTACTATAAGCGAATTAAGAAAAGGAGTTGAGACCATGGAAAGGTTGAAAATCGATGATTTTCTGAAGTACAAATTTCTGTCAAACCCTACCTTTTCCGAAGATGGAAAACATTTGGCTTTTGTAGTTCATGAAAGTGATTACAACGAGAACAAATATTTCTCAACACTTTGGCTCTATGAAACTTCAACAGATGAGATTAGACAACTCACAACCTTTGGTCAGGAGAGCATGTTTACCTGGCTCAATGAACAGAATATATTGTTTTCGAGTCTGAGAGAAGATAAAGACAAAAAGAGAAAAGAAGCCGGTGAACCCTTCACCATTTTTTACAAGATCAATGTTTTTGGTGGCGAGGCGAAAAAGGCTTTCGAAGTTCCTTTATTGGTGAATCGCATTGAAAAGCTAAATCAAAATAAATTTGTGTTGACTGCTATTTATGATAACAACACTGAAGACCTTTCTAAGATGGATGAGAAACAAAAAGAGGAATATCTTAAAAAGCTCAAAGAAGAAAAAGACTATCAAATTGTCGATGAGATACCTTTTTGGTCAAATGGCAGTGGATTCACAAACAAAAAGAGAACAAGATTGTATCTGTTTGATTCACTCACAAAATCACTATCACCAATAACTGACGAGTTCACCAACGTTGAACATTTCTCGTTGAACCAGGAAAAAACACTTTTACTGTTCATAGCAAACCGTTTCACAGACAAGATGGAAATTCGCTCAGATCTATATCTTTACAAGATAAATGAAAATGAATTGGTGAAACTCACACATGAAGATCCATTTGATTATACTTTTGCTTATTTCCTAAAAGACAAAATTATATTTGCAGGTACTAACATGAAAAGATATGGAATAAATGAAAACCCAAAATTCTATACACTCGATCCGAGAACCAGACAAGTTACAGCTCTCACGCCAGAGTTCGATCTGAGTCTTCACAACAGCGTCAATTCAGACTGTAGGTATGGAAGTAACAGAACAAGCAAAGTCGATGGCGAGTACTTGTACTTCATCACAACAGAGTGGCACAGTTCAAATCTCAACAGAATAGACTTGAGTGGAAAGATTGAAAAATTGACACAAGATAACGGTTCTGTCGATGGTTTTGATGTCTTCAATGACAAAATTATTTTTGTTGGTCTTAGAAATATGGATTTACAAGAACTTTATGAATTATCTAAAAACCAAGAGAGAAAAATCACAACCTTTAACGAGTGGATTCATGAAAAGAGTATATGTAAGCCTGAAAGATTTGAATTTCTCTCAGATGATGGTCTGATCCTCGAAGGTTGGGTTATAAAACCGGCTGATTTTGATTCATCAAAGAAATATCCTGCCATATTGGATATCCATGGTGGTCCTAAAACAGTTTATGGTGAAGTTTTTTTCCATGAAATGCAGTTATGGGCGAATGAAGGGTACGCTGTTTTGTATACCAATCCACGTGGAAGTGATGGCAGAGGCAATGATTTTGCAGACATCAGAGGTAAATATGGGACTGTAGATTACCAAGATATTATGAAATTCTTAGATGAGTCGATCAAGAGGTTCTCGTTCATCGATGAAACCAAACTCGGGGTCACCGGTGGTTCCTACGGAGGTTATATGACAAACTGGATCATCGGTCAAACAGATCGATTCAAAGCAGCAGTTTCACAAAGGAGTATATCGAATTGGATTTCAAAGTTTGGTACAACTGACATAGGTTATTTCTTTGTTAAAGATCAGCACTTGGCTACTCCCTGGAATGATTTTGAAAAACTCTGGTGGCATTCACCAATGAAATATGCCGATAGAGTGAAAACACCAACGTTGTTCATTCACTCAGACGAAGATTACAGGTGCTGGCTTGCAGAAGCAATCCAGATGTTTACGTCGCTCAAGTATCATGGTATCGATTCGAGGTTGGTAATCTTCAAAGGAGAAAACCATGAATTGAGCAGAAGTGGTAAACCAAAGCACAGATTGAGAAGACTAAGAGAGATCACTGATTGGTTCAATAAGTACCTAAAACATTAATCTGTAGAAAACTGTCACTGTATCTTATTGATAAAATATATTGACTGTTAAAATTTTTAACCATATAATTTCACTGATACGAGTAATCTTCAGAGTTGGAGGAATAGCATGAAAAGATACAGTCTGACAGTTTTCTTTTTAGTTCTTGCGATTATCTTTGGTTTTATCGCTTTCTTCAAAGGAAAAATCAACGCCGATTATGTGACCTTTTTACCTGGGTATACTCCAGGTGCTACGCTTGAGCAAATCGAAAACCAAGATTTGAGAGATCTTCTCAATGTTTCTAAGAAATTCTCTGATGGAGCACAAGTAGTTGTAATAGTTCATTCGGAAAAGACATTTTTCCAATCAGAGGAAATAATGAAGGTCATCGACCTACAAAATGAATTGTCAAAATTGGAAGGCATCAAGACAGTTTTGAGTGTTGTGAATTATGCCTTCAAAGTGTCGTATTTCAATGGAAATACTCTCAGTGAAAAAATCTTAGAGGATCCCGAGTCAAGATCATTCATCTCTAAGGATGGAAAATACCTACTTTTGAACTGTATACTCACACCTTCTGATGATCAAAAACCTGTTCTTAAGAGAATAGACAATATATTGGGAGATTATCAAAGTTTATCACCACTTGTTTTTGGACAGGTAGTAATAAACGACCATCTTTTTAGTGAGATCATCCGACAAGTTTTGGTATATCCTTCGTTGATGTTTGTAGCAATTTTAGTAGTTTTTTGGATTCAAACACGCTCTCTAAGAGCGAGTTTCCTTTCTCTTGTGATACCACTTGTTGCGACAGTCATAGTTTATGGTTTTTCAGCGTTGCTCAAAGTGGAATTGAATGTTATGACGGTGATGTGTGTTAGTTTTCTACTTGTCATAGGCTCTGCCTATGGTCTGCATTTTTACAATGGAGTAGTCCGTTTTGGCAAGGATGTTCGAAAGAAGATGTTCAGACCGATCTTTTTCTCAATGTTTACAACAGCCGTTGGCTTTCTTTCGTTCTTATTCGTAAAGATAACGGCATTTAAACAACTGGGGTTGATGGTATCGTCAGGTCTTG
NZ_AP014510.1_gap27	1384350	1387887	3537	AATCATGTTCAAAAAGAATATCTTGTATGGTTTCAGGGGGAGTTAACCAACTGGAAAATAGAATTAGTTCAAAAAGGATTAAAAACCCCGACTGAACAATTCAAGCCAGCCATTTTGCGATCCATTCGACCTGGCTTGTTGAGTCTTACGATAACCGAAGGTAAATACCATCAGGTGAAAAAGATGATGAACTTTTTAGATCTACACTACACAAAAATACAGAGAATAAGAATCGGCAAGATCGAAATTGGTGACTTAAAGCCCGGCGATTTTCGCGAACTTTTTGAAGATGAAATAAAATCATTGTTCTTGAATTCGTGAATGAGATCTAATTTTTGATCTTGCGTAAATTATAAGAACCACGATTGTCAAGATAAATGGCAGCATGTTAGTGATCTCTGAAGGTATTCGTAAAGACTGTAGAGTGATACCGAGTGCCTCTGCCACACCAAATATCAAAGCTCCAAAAGCACCAAATAAAGCGGAATTTCCTCCAAGGGCTTGAGCGGCAATTGAGATGAATCCTCTACCAGAGGTCATATCCCTGGCGAACCACGAAACATAACCCATCGACAAAAATGCCCCACCAAAACCAGCAAAGATTCCGCTTAAAACAAGTGATAAAGATTTCATTTTATTCACTGAGATACCTACAGAAACGGCAGCATCTGGATTCTCACCGACAGACCTCATTCTGATACCCAATGGTGTCTTTTTGACTAAGTAATTGACGACAAAAATTGAGAGTATCGCTATATAAGTCAGTGTATTGTGCCCACTCAAAACTTTACCAATGAAGGGTATATCTTTCAAAAATGGGATATCGATTTTTGGTATTGTGAAACTCCTCAAAGATGCCGAAGACCCTTTATCTCCTGTTATCGCATAAAGTAAGAAAACAGTTAGACCTGACGAAAGTAAATTGATGGCAACGCCACCTATGACCAAGTCCGTTTTCAGTTTCAAGTGAAAATAGGCAAGTAATATGGCAAGTAAAGTTGAGGAAGCAACACCCGCCAGAAGACCAATCCATGAATTTTGGGTGAATGAAGCTATTATAGTTCCCCAGAAGGCAGACATCAACATCATACCTTCGATCCCTATGTTTATCGTTCCAGTTATCGAACTCAAAAGTGATGCCATAACACCAAAGAAAAGTGGTGTGGAAACCCTAATAACGCTGTACCAAAATTCGGGATTTAGAAGATCAGTCACCTTTCATCGCCTCTTTAGCAACGGCTTTTTCTTTGAATTTTTCCAAAAGTGCTTCTGCCGTGATCAAAAGAATCATTAGGCTTTGAAGAACTATGACTATTTCCGGTGCTATTCCCGTAGTTCTACCCATGATGTTAGCACCTATTCTCAAATAAGCGATAAACAACGCACTCGGTATAACCAAGAACGGATTGTTTCTTGCCAATATTGCAACTATAATACCGTCAAAACCATAACCCGGTAATGACTGCCAGACAAATCTACGATACATCGCCGTTAATTCGATTCCACCGGCAAGCCCAGCAATCGCCCCCGATAGAATCTGTATCCAGAATATGACACTCATAGTCTTCATACCACTGTAAAATCCGAATTTTTTGTTTGCTCCAACTACTCTTATTTGGTATCCCAACTTTGTTCTGTAGAATAGTAAACCAACTAAGATTGACAAAGCAATAGCTATAAAAAGTCCGGAATTCAATCTGTATTTTGTCAATGTAGATAACCACGCGGTTTGTGGAAATCTGTATGAAACAAGGGCACCTGCAGCCTTGTCTCGAAAGTAATTATTGACCAAAAACAGCACAAGGAAATATGAAATGTAATTCATCATGAGCGATGATACCAACTCACTTGCTTTCCATTTTGTTCTCAAAATCGCTGGAACAAAAGCCCAAAAAGAACCAAAGAGAGTCGCTCCAAACAACGTGAAGATCAGATGAAGCCATGGAATCTGTGGAAATTTCAAGGCAAAGATCATCGCACCAAATGCTCCAAAGAACAACTGCCCCTCGGCTCCTATGTTGAACACCTTGGCTTGAAAAACTATTGAAAGTGCCAGTCCTGTCATCATCAGTGGGACAGAGTTGTTTAGAAACTCAAAAAACCTTCGCTGAGTTGTCATTGGACCGGTCAAGAAGAGTTTAAAAGCCTCCATAGGTTCGTCTGTGCTGAAAAGCAGAAAGATATAACCGATCAAAAGAGCTATGCCAACGGTTATAACAAATCTTGCCAATTCCAACAACATAAGTGTTCTCTTCATAAATCAACAGACTCCCTTATGTATTCAGCGCTTTGTCTTTTCACACCGAGCATGTAATACCCTAAGTCGGTCTCAGTTAAATTCTCATTTTTCAAATGTGCAACTATCTCACCTTTGTAGAGGACAATTATCCTATCAGCGATCTGAAGGACTTCCTGAAGATCAGTTGAGATGAGAAGAACTGCTTTTCCTTCATTTCTGATTTGAATGAGTTTCTTTCGAATAAATTCACTTGAAGCGATATCTATACCATGAGTTGGTTGATTCGCTATGACTATTCTTGCAGAATTTGTCATTTCACGGGCAACCACAACTTTTTGCATATTTCCGCCTGAAAGCATTCTAACCGCTGTTACTGGGCTTTTAGTTCTAACGTCAAATTCTCTTATCATCTTTTTAGCAAATTCAATTACATATTTTTTCTTATAAATCAGGTGACCAGAAAAAGGTTTCAAGTAAAACCTGTCAGATATTAAATTTTCAGCTATTGATAGATCAAGCGCACATCCCACTTCAACTCTGTCTTCTGGAATATGAGAAATTCCTACTTGTCTCAATTTCCATGGTTGAGCACCGAGTATGTTCTTACCGTTCAACATGATTTCACCAGTAGCCCTTTCTCTCAATCCAGTTAGTATTTCAACAAGTTCCTTTTGGCCGTTGCCTTCGAGTCCTGCCACAGCCAATATCTCTCCTGCTCTGAGAGAAAAATTGAGATTTTTGAGAATATGAGCGCCATCTTCTCTGAAATAATTCAGATTTTCCACTTTGAGCAAGACTTCGCCAGGTTCTTTTCGTTCCCTTTTTATGTCATACTCAAATTTTCTTCCAATCATCAATTCCACAATATCAGTTTCTGTGATATCTTTATTTTCATAAGTTCCAACAACTTGAGCATTTCGCATTATTGTTATTCTATTAGCTATTTGTTTGACTTCGTTCAGCTTATGAGTTATGAAAATAACAGTTAAACCATTTTGAACCAACCTTCTGAGTACCTCAAACAGGTCATTGACTTCCTGTGGTGTTAACACTGAAGATGGTTCATCGAGTATCAATATCTTTGCTCCTCTCACAAGAGCTTTGAGAATTTCTATTCTTTGTTTCACTCCAACTGGTAAGTCCAAGACCTTTTCCCATATTGGAATTTCAAAGTTCAAACGTTTCGCGTAATCATTGATGATATTCTCCACTTTCTTAGAGTCAATGGAGAAAAAGCGCTTTCTTGGTTCTATACCAAGCATGATATTTTCAGCAACAGTAAAGGATGGAACAAGCAT
NZ_AP014510.1_gap28	1435962	1440851	4889	CAACTCCAAGGTCATAGACCTCGACAGCTCTGTCAAACCAGTGAAAGACATCTAAAGCTGGTCTTACGTTGTCGTAATCACGTGTCACCTCAAATGGTGCAAGTGCCTGTACATACTCATCGAAATAGAACATCATATATCTCGCTATGTAATCACCAAGCGGTGGAACAAGTGAATTGTTTTTCTTATCGTATCCAAATTTATTTATTATGTCAAATTGGTTTCCGTGAATGGCCAGAATCCCGGTATCTGGATTGTAATAATACGGTATGACCTGAACATTTAACAATTCAACCAATCTTTCTCGTAAGAGCCTGTTCGACAATAGATAATAATCATGGTTTCCAACAACGTAGAACACATTGTGGTTTTTCGCAAATTCCCTGAAAGCGTCAAAGACAAGGGGATGTTTTTTTGCTATGGCATCTATAACAGATCCATCGAGCTTTGTGCTGAGCTCATCGAATGGTACCAGTCCCATTTCCTTCACCGCACGACTTTCGAGTATCTCAAATCCATCTCCTACAATAATAATTTCAGCATCCGAATGCTGTGAGAAATCAACTATCAAATTTGAAAGTTCTGCATCGAACTCAAAGTCATCTTTTGCCGAACCGTCTCCAATATGCAAATCACTCAGGAAAAGTCTTTTCACCGATTTTCTACCTCGCAAATATTACGGCTATTGCGAAGAATATTTCCTTTGGTAATTATACACCGTGTTTTTAAACGGAAAATGTTGATAATCAAGAATCAGTTTTGAGAAGAGATTCATTTCCATCATGACATTGTGGTAAAATAATTTTGACAACTTAAATATATACAATGTGGTGATAGCGTGAATAAACCACGTAGCTTATTGGCTTATTTATTCAGGTATAGTTGGTTATTGGTTTCCATCTTCATCTTATCAATATTAGCTGCAGCTCTCACCTTTGATACTTATTACCGCTCAAGAGTGTCTAAGGATCTTTGTGCCTCAACCTTTAGAGCTGTGATTTGGTCATTGGATAATTGGATTGAGAATTTGAAATCATTCTATAGATTGGGTTCTCATTTTTTAGATGACTTTTTGGACAGGATCTATCTTTTTTTTGAAAGAGAACCAGATGCGACAGATCAACGAATTGAGGAAGAATTTCAAAAAATTCTTGGAACAAATGCTACACTGGCAAATTGGTATCTGATAAACCCACTCGGAATAATCGAAAGAACAAACTATGCAACAGATATAGGTGTAGATTTGACAGAAAAGGCCAGTTATTGGAAAAAGCTGCAATCTTTACGAGTATCTGAAAAACATTTTGATCCACTGACATACGAGGTTCGTACTGGAAATCCAAGGTTCTATTCTTATATCAAGTTATCGAATGGGTATCTCTTCGAACTGGGTTTTTCAATACCAAGAGAGCAATTAGATCAACTGGTTAAATTGCTTGATAACCTAAAAAGACAGTTTGTATTCATAACAGAAATATCAATTTACAACGAAAGTCTGGCGCCAGTTTTGCCGACATTTAAAGTCACAGATGTAGATAGAGAGTATTTTTTGAGGCTCGATAATCAGCCTTTTATTGTCAACAATATTGGTGAATGGAAGCAGGCTATTTATGGAAAATGGACTCCAAAAGATCTTCCGGTGGGCTTCAATATAAAGATTCAGATGGACCTTTCGACATTCTCTAGCTTCAAGAAACATTTACTCTGGGTCTTGAATATCACAATACTTGTAATAACGATGTTTTCTATATTGATTATTTATTTTACAACCAAAAAGATACAGCAAATGATCGATGGAGTAGTTAGCCACTTGACAAACTCATCCCAAATTGCACAAAAAACCGGTATACGCGAGATAGACTTTTTGGTAGAAAAATATGATGAACTGGTGAAGAATCTGAACGAGCAGCTCAAACTCAAAGAAGAATTTACTCTCATCTTAAAACATAATATTGAAGAACGAGACAAACTTCAGCAAAAACTTGAAAAACTCGCTTTGACCGATGAACTTACTGGTGTTTATAACAGGCGAGCCGCAATCAGCTTTCTTTCAGATTATCTCAAAGATTTGACTTCAAAACTCAGTGTGTGCTATTTTGATGTGGACCATCTTAAGCTTGTGAACGACAGACTTGGTCATTTATGTGGTGATAAACTCTTGAGTCATGTGGTAGACATCGTAAAAGAACATGTGAGAAGATCAGATTTAGTTGCGAGATTCGGGGGCGATGAATTTCTCATTATATTCCCTCATACTTCTAAAGAACAGGCGCAGTCTGTATTAGACAGAATAGTCCAAAATTTACAGAGGGAAAAACCAGAATGTTTAAAAAATTTTGATATTTCAATAAGTTATGGCTTAGTTGAGATTGATCCTGATAAACCTGCAGATGTTGATCAAATCATAAAGCTGGCAGATGAGAGGATGTACAACCAGAAAAAGGAAAAGCAGGGGCAAAGCCCCCACTCAAATTTTGAATCTCGCGAGCGCTTCGATCAATCTCCTTGACATCTCCATCAGTTGTTCGCTTGCTTCGCTAACTCTATGTGCACCATCAGTCTGTTCTTTTACCAATTCCAACATATGTTCAACTTGTTGCACGATACTGGTCACAGCCTTTGTTGCATTGTCCATTGCACTGGCCATTTCCTGAGTAGCTGCACTTTGTTCTTGTGCACTTGCAGCCGTCGATTCAACCATACTACCCATTGATTCTACCTCGGACAAAATGTCTTTTAATCGCTTACCTACAACAGATGCTTGTTCACTGGCTTCATCCACGACCTTTGCCGTTTGGTTGGTCTGTTCATCGGCATCTTTTGCGCTTTGTTGAATCTTTCGCAATATATTTGCTATATTTTCGGTGGCAGACTTACTCTGCTCTGCGAGCTTTCTTATCTCATCTGCAACAACTGCAAAGCCCCTACCTGCTTCACCAGCTCTTGCCGCTTCTATTGCTGCATTAAGTGCGAGTAGATTTGTCTGTTCTGCTATAGAATTTATCGTTTCAACAATTGTCGCGATATTCTTTGCGTCTTCAGTTAAACCTCCGACAGTCTTAGTTGTAAGATCTGCTCTCTCTTTTGCTCTGGCTACGATCTCAACGATTTTTTCTATGGCTTTTTCTCCTTCCTTTGCGGAGTTAGTAACTCTTTCTGCCCTTTCACTCAATTGCTGGGTTGATTTTGAAACATTTTGAGCACTTGCTGCTACTTCTTCCACACCAGAACTGACCTGTTGTATGGAGGCAGAAGCATTTTGTATGTTCTTATTTATCTCCTCTGCTCTTGATGAAAGCTTACTCGCTATGTCGCTACTCTGCTGTGCAATTTGTCCAAGTTCTTTGGAGAAGCTGTCTATTGTATTGGCAGAGTCTTTCACCGATCGCATAGATTCTCTCAATGAGACTGCCATTGAGCTAAGGGCTGATGCCATATGAGCTATCTCATCTTTACCCTTTGCCTGGAACTGGGTTGTTAAATCACCACCGCCGAATTGTTCAACGCCTTTCGCCAGAATTTTGATAGGTTTAGAGATCGTGTTTCCAACGATGAACGAGACGAGTACCACTATACCAATGATGACAGCTATGACGATTATCATAACTCTCAACAACGTATTTGCACGCGCCATAAGGTCACTTTCTGGAATCGACATGCCAAGTGTCCAATTAGGACTACCATTGATCGGTGTAAAAAATACAAATGCCTTACTTTTGTCAGGTAGAGTAATTAAACCTGATTCAGTCTGTCCTTGAATCATCTTTTTTCCAAGTTCTTCAAGACCTGAATAACCTTCCTTTGAACTGGCAAGAACATTCAATTTGAGTACGATATCTTTTTGTGGATGAGCAAGTACAAGACCTGTTCCATCCACAATCCAACCATAACCTACCTGCCCCATCTTTATCTGTGAAGTCATATCACTCAATTTATCCAAAGAGATCGTACCACCAAAGATACCTGCTACATTTCCATAGCTGTCGACAACTTTGTGTGCAATCATAAAAACGCTCTTTTTAGTCAAAGGTGATTGATGAACCTCCCCTATAAAAGTCGGTTGATTTTGTCCAACAATCTTTTTGAAAAATTCTCTATTCGTCGCATCAAATGAGACTATACTTGCACTATCTGTTTCCCACATCTGACCTTTGTAATCACAAACAAAATATGTATCAAACACATCTTTTCTGTCTTTGAGTTTTTCTGACAACTGCTGAGCAACCCAATAAGTAGCAGTCACAAGAAAGTCCATTGTACTACTCTGAGCAATGGCTTTCAATTCGAGTGATCTACCACTGATCCATTCACTCACCATTGCGGCATTTCCACGCACTACCTCGGCGCTCAGCTCTTTTGTCAATGGTAGAACCGTGTTTTGTGTCTGAAAATAAATAAATATTCCTAAAATAATAAGCAATGTGATTGTGCTTGTTAAGAACCAAAATAGTATTCTTGATCGTACAGATTTCATTCCATAATCCCTCCTTAAAGTACTCATCTCGTTATATTTTTACCATAATTCTATCACGATCTACACAAGTACTATTATGGCTAAAATCTCAAGATCTTGTTGCGAAGTATTTTCGATTGAATGAGTTTCACCAGGTGCTGTGAAACAAATATCACCTGCTTGTACAGGTATTGCATTGCCATTGTCATTGAAAAGACCCTTGCCAGAGAGCACATAGAAAATTTCAAATTCATTTTCATGTTTGTGTGTTCCAATGGATGATCCTGGTTTGATAGATAATTTTGCAAAAAGCCTTGACTTTCCAAAAAGAAATTGTTTTTCAACCAAATGAAGTATCTCAACTTCCCCCTTGCCATTACGCATGTTGGTGATTTTCTCTGTACGCATTGAGTGTGCATTTATAACCATGCGATCA
NZ_AP014510.1_gap29	1443565	1446313	2748	ATCGACTAAGCCGTAAAGATCTTCTATCACATGCTCAGCTCTCGTCGGACTGGGTCTACCAGATAAATTCGCGCTTGGAGCTGCTATGGGTGTACCACTCAATTTCAATAATTTATATGCTACCGGATGACTTGGCATCCTGACTGCTACAGTTTCGAGTCCTCCTGTAACTTCCTTAGGGACAACAGGTTTTTTTCTAAATATGAGAGTTACTGGACCGGGCCAGAAAGTATCCATAACTGTTGAAGCCTTTTGGTAATCTTGATCTATAAGATCTTTCAGTTGTTCTCTGTCACATATATGAACAATTAAAGGATTATCTGCAGGTCTTTTTTTTATCTGAAAAATCTTCAGCACAGCCGAGATATTAAAACAGTCTGCCCCAAGGCCATAAACAGTTTCTGTGGGAAATGCAACTACACCACCTTCTCTTATCAAATCAGCAGCTTTACGAAGAACGTCTTCGGCTGGTTTGAGTGGATCTACTTTGATCAACATTGTCATTTTTCTCCCTCCAATCTTTACTTTACCATTACATGTGGTTTTTTCAACCGAAAGTGGTATAATCGAGCTGAAGTTTGTGAATTTATTAACAGGAGGTGGAACAGTTGCCGGATCTATGCACTACAGGCGAGCGTTTGTTCAAAGAGTTAGATGATTACATCAATTCCATTGGTGCAAAGCCAGACAAACTCATATCTGTTTTGCAAAAAGCTCAAGAATTGTTTGGTTATCTTTCAGTAGAAGTACAACAGCACATTGCCGACGCACTCGACATTCCAGTTTCTCAGGTCTATGGAGTTGTGACTTTCTATAACTTCTTTTCTACCAAACCGAAAGGAAAGGTACAAATCAAGGTTTGTTTGGGCACAGCTTGTTACGTTAAGGGTGGAGACAGAGTTTTGGAAAGGTTCTTGGAAGAACTTGGTACAAAACCAGAAGAGCCAACTAAAGATGGACAGTTTTCGATTCATCCCGTCAGATGTCTTGGTGCTTGTAGTATGGCACCGGTGGTTCTTGTGGGTGAAAAGGATTTCTACGGTAGAGTAAAACCCGATATGGTTCCAAGAATTATTGAGAAATATAAGGAGGTGAAGGAACAATGAGCAAAATAAAATCAATCGAAGATCTAATGAAGATCAAAGAGAAAGCAGTCAAGGAACTTCAATTGAGAGACACAGGTAAAAGGGGAAAGATAACGGTGGCAATGGGTACATGTGGTATAGCTGCTGGTGCTAAGGATACTCTCAAAGCCGTGGTTGAGGCTTTGAATGAAAACAACATCAATGATATTTCAGTTGTTCAATCAGGGTGCATGGGTTTATGTGAAGTTGAGCCGACCGTGGAAGTGAGATTAGAAGGGCAGGAACCAGTTGTTTATGGTCATGTGACTCCTGAAAATGCAAAGAGAATAGTGAAGTTACATATAATATCCAACCAAGTTGTCACAGATTTATTAGTTCGAAGAGGAGAAATCTAAGAAGAGGTGATCTGAGTGCCATTGGCAGCGACTACGATCTTGATCTGCGCAGGAGGTGCTTGCATTTCTGCAGGAGAAGAAACTGTGAAGCAAGCACTTGAAAAAGAGATACAAAAATATGCATTGAACGATGTTGTAAGAGTTGTAGAGACTGGTTGTATGGGAGCTTGCAGCTTGGGACCTTTGATGGTGATTTATCCTGAAGGAGTTTTCTACCAGAAATTGACACCGCAGGCTGCAAGGAAAATCGTTGAGGAACATTTGTTAAAAGGAAGGATCGTTAAAGAGTATCTCTACAAAATGCCAACGGGTGAAGTAATTCCTGAAGCTGTTGAAAAACTCCCATTTTTCGCAAAGCAAGTAAAAATCGCCACGCGAAATGTTGGTTATATAGATCCAATGAATATTGAAGAATACATAGCAAGAGACGGTTATTTTGCTCTGGGAAAGGTTTTAAAAGAAATGAGTCCAGAACAAGTTATTGAAGAAATCAAGAAGAGTGGTCTTCGTGGTAGAGGTGGAGCTGGCTTTCCAACGGGTCTCAAATGGGAATTGACCAGAAAGTCTAAGGGTGAGAGAAAATATATAGTCTGCAATGCTGATGAAGGTGACCCTGGAGCTTTCATGGATCGTTCCGTACTTGAAGGAGATCCACATACAATCCTTGAAGCGATGGCCATTGGTGGATATGCCATAGGTGCAAATCAAGGATACATATATGTCAGGGCAGAGTATCCATTGGCTATAGAAAGACTCAATATAGCAATCTCTCAGGCAAAAGAATTTGGTTTTCTTGGAGAAAACATCATGGGTAGTAATTTCAACTTCGATATTGAAATAAGGATCGGTGCAGGAGCATTCGTATGCGGCGAAGAAACTGCTTTGATTGCATCAATCGAGGGAAAACGAGGCCAACCTCGAGTTAAGCCACCATATCCCGCACAAAGTGGAGTGTGGGGATGTCCAACGGTCATAAATAACGTTGAGACTTTTGCTTGTATTCCGCCAATCATAATCAAAGGGGCAGACTGGTTTAAAAATATAGGTACAGAAAAATCACCTGGTACCAAAGTCTTTGCACTCGCCGGTAAGATAACCAATACAGGTCTGGTTGAGGTCCCAATGGGTATAACCCTGAAGGAACTTCTCTATGAAATAGGCGGAGGTTCATCAACTGGGAAGAAGATTAAAGCAGTACAAACTGGTGGACCAAGTGGTGGTTGTATACCCTCCGAATACTTTGACACACCAGTAGACTATGAATCTCT
NZ_AP014510.1_gap30	1447626	1451189	3563	CACTTGAGATACCAAGAGAAAGGCTGAAATTAGTTGTCGAAAAAGAAAAAATCAGTGCAGAAACAAGGATTGTCTTGAGAAATGTTGGTAATATTGACCCAAGAAATATAAATGAATATATAGCAAAAGATGGATATTTTGCACTCCACAAGGTTCTTTCCGAAATGAAGCCACAGCAAGTTCTTGAATGTGTAAAGGCTTCAGGGCTTCGTGGACGAGGTGGAGCGGGATTTCCAACTGGATTGAAATGGGAATTCACAGCCAAGGTTCAGGCTGATCAAAAATATGTGGTTTGCAATGCCGATGAAGGTGAACCTGGTACTTTCAAAGACAGATTGATAATGGAAGGAGATCCACACTCTGTAATTGAAGCAATGGTTATCTGTGGATATGCCGTTGGAGCTACTAAGGGGTATATATACATACGTGGTGAATATTATGGCTCGGTGGAAAATATTCAGAAAGCTATCAAAGATGCTTATGAATATGGTTTTCTTGGAAAAGACATAATGGGTAGCGGTTTTAATTTTGATCTGACGGTTAGGCTCGGTGCAGGAGCTTATATATGCGGTGAAGAAACAGCTTTACTCGAGTCAATCGAAGGAAAATCGGGGAGACCGAGACTGAAACCCCCATATCCTCCAACAAATGGATTATTCGGTAAGCCAACGGTGATCAACAATGTAGAAACTTTTGCCAATATTCCACCAATTATTTTGAATGGTCCAGAGTGGTTCAAATCCTTTGGAACTGCCGGTTCACCTGGAACAAAAGTTTATTCGTTAGTTGGCAATGTTGTCAGACGAGGCATTGTAGAAGTTCCAATGGGTACTACTGTTCGTGATTTGATTTACAGATTTGGTGGTGGATTGGTTGGAGGCAAGGATCTGTATATTGTTCAAACTGGAGGAACGGCTGGTACCTTCATAGGTGTGGATAAACTCGATGTACCTTTGGATTACGATTCGTTCAAAAATTATGGAGTCTCCATAGGTTCTGGTGTAATATTGGCCATGTCTGACGATGTTTGTCCTGTAGATGTTGCACTCAATACGATGCAATTCTTCGCACATGAATCGTGTGGTAAATGTACACCTTGCCGAGAAGGCACAAGACTCGCAGTACAAATCCTTGAAAAGATGAGCAAGGGACAAGGTGAGTTAGAAGATATTGAGACATTGAGACAGATAGCATATATCACTCAAGAAGCGTCTTTGTGTGGTCTTGGACAGAGTATCAATGTTCCTCTATTATCTATTGTTGAAAACTTCAGAGAAGATTTTCTCAAACACATAAAAACTTCTTCTTGTCCACACGGTGTGTGCAAGTTCGTCAAGATTCAGAAGTCAAAGACGAAGGTTTAACAAAACCCGAGTGCTCGGTCGCCTGATCGAGCACTCCTTCTATCATTAGAAAATCTCTAAAACTTTCGTTGAGTTGATAGACATAAGTGTTTGATTGTTTCTTTCTCGTCAGAACTCCCGATTTATGAAGTGATCTGACTATTGCACTTGAATCTTTCCCTCTTAATTCGTTCAGGGTTTGTATCGTAGAAGGACCGTTCAAGAGTATCGCTGCTACTATCTCCATTTGACTTGAAGAGAGTTTTGTATAGAAAGTCCTTACTACTTTGCTAATCACTGTTGAATATTCTGGTTTTGTGTAGAAACGATATACATCACCAACTTTTTTCAATTCCACGCCATGATCTTCGTTATTATATTCTTTAACGAGATCATCTAAAACCTTTGTGATGGTTTCTGCATCACTTTCAGTTATCTTTACGAGTCTTTCCAGAGTCATACCACGAGCAGCAAAAATCAAAGCTTCTACCACAGCCTTAAGATTCAAGGTCATTCCTCCTCAGGATGAGGTTACCATCGACTTCGAGAAAAAGAATTTTCTTGAAAAAAATCAATTCAAGAACCGCTAATAGATAGATTATCACTTGATAACGACTCTCACCTACCTTGAGAATATCATATAATGTGGTATCTCCGTTTTCTGCCAACAAATCAAGTACTCTGTTCATGGCTTGTTCAACCGTCATAGCCTGCCTTTTTATCTTGTAAACAGTTCTACGGATATTCAGTTCTTGCAAAGCAGCTTGAAGGACTTTATTCAGTTTCTCTTGTTCAATTTGCGGTAATGATGGTAATCTCACTAACTGTCTGGACCCGATATCTTTGATTCTCTCTTTGATTTGCTCACTGAGTTCTTTTATTTTTTCATAAGTCTCGATTCTTCTATAGAGATCTTCTTCTTGTTGAGTCAATTGCCTTGTTTCCTTCTCAGTCAATGAAGGAAGAATGTATTTGGATTTCATCTCCATTAACTGAGTTGCCATTGCAATGAAGTCAGAAGTAACGTTTAAATCAAGTTTTTTCATTTGCTCAACATATGCAACGAATTCATCAGCTAACTGAGAAATGGAAACTTGACGCACGCTTATCTTGCGTCTTTTGACAAGATAAAGCAACAGATCTAAAGGACCTTCAAACTCTTGTAATCGAAATACAAGTTCCAATAGACCACCTCAGAAGAGTAAATTCATTCTTTCTCTAACCAACTTCATGGTTTTTTGAGCAATCGATCTTGCTTTTTCGTTACCTTCAGCTATAACATCGTCCACATAGTGTGGATCTGAATCAATCGCACGGTATCTTTCCCAAATTGGTTCAAATTCTTGTTTCATATTTTTCAAAAGCAACTTTTTGCAATCTATGCATCCAATTTTTGCTTTGGTACAACCTTCAATAACCCATTCACTGTCTTGTTGGCTTATTCCGAAAGCTTTATGATAATCCCAAACAGGACATTTTTGTGGATCTCCAGGGTCTGTTTTCCTTTTTCGGGCTGGATCTGTCATCATGGGAAGTATTGCCTTTTCAAGTTCGGCATAATTGTTTTCAAGTGGCACTATGTTACCATAGCTTTTACTCATCTTCCTACCATCTGTGCCTGGTAATTTGGGTACGATGGATAGCAAAGACTGTGGTTCAGGAAAGGTCTCTCCGTATAGAAAATTGAATCTCCTTGCGATTTCTCTTGTGAGCTCGACATGGTAAACCTGATCTTCTCCAACTGGTACTCCATCGGCTAAATAGATCAATATATCAGCAGCCTGTAGCACTGGGTACAATAGAAAACCTGTATTTGAAAGATCTTTTTCAGAGAGTTGTTGTTTCATTTCCTTATATGTTGGTACTCTCTCGAGCCACGAAATAGGAACTATCATGGAAAACAAAAGTGCTAATTCGGAGTGTTCTTTTATCGCTGATTGCACGAATAATGTTGATTTTTCCGGATCAAGACCACAAGCAAGAAAAGATCTCATAACTTCCTTTGTATGAAAGCTCAACTCTTCAGTTTCATCATAAGAAGTTGTCAAGGCATGCCAATCAGCCACAAAATAGAAGCATTCATTTCCTTCATCTTGAAGTCTTTTCCAATTTCTCAGAGCTCCTACATAATTGCCTATGTGTGGCTTTCCAGTTGGCCTAACACCACTCAATATTCTCAAGTCATATCACCTCTGAAAGCATTTTTCGCAACTCTATTCA
NZ_AP014510.1_gap31	1452683	1454512	1829	GAGATCAGCAAGTTGCGCTACAAAATCGAAGAATTTTTCTGCACCAAGATCTGAACCGAATCCCGTCTCGGTGACAACATATTCTGATAATCCAAGCGCCATTTTTGTGGCGATTATGGAATTTGTTCCGTGAGCAATATTTGCAAATGGACCTCCATGAACTAAGGCTGGTGTGTTTTCAATTGTTTGTACCAAATTTGGATCGATAGCGTCTTTGAGTATAACAGCGGCTGCACCATCGGCACCAAGTTCACGAACAGTGATCGGTTTACCAGTCCTTGACCAGCCAATGACGATATCACCCAATCTTTTTTTGAGATCAATTATATCCTTAGACAAACACAGCACAGCCATTACTTCAGAAGCAGCCGTGATAACAAATTGATCTTGCCTTGGGTAACCGTTCGCATGGCCTCCGAGTCCAACAACAATCTCTCTCAAAGCCCTGTCGTTCATATCCATAGTTCTTGGCCAAGTTATACGAGTCAAGTCGATATCAAGCTCATTTCCAAAACGTATGTGAGCATCTATCATTGCAGAGATCAAATTATGTGCCGCTGAAACAGCATGTATATCCCCGGTGAAATGTAGATTTATGTCCTCCATTGGCAACACTTGTGAGTACCCACCACCTGCCGCTCCACCTTTTACACCGAAAACTGGACCTAACGAAGGTTCTCTCAAAGTGACAAAGGACTTGTATCCAAGTTTGTTTAAAGCCATTGATAGACCAATACTCGTCGTGGTTTTGCCTTCGCCGGCAGGAGTTGGGGTCATTGCAGTTACTATTATCAGTTTGCCTTTTTTAGAATTCAATGTATTCAAAAATTTGTGAGATATCTTGGCAATGTAATCTCCATAGTTTTTGAAATATTCTTTTGGTATCGAGAGATTTTTTGCTATATCCGAGATAGGTTTTAATTGAGCAGACCTTGCTATTTGCAAATCATTCAACATCCCCCTATACCTCCTTCAAATGAAGTATTTTGGTTCTGGTGCAAAAGACTTTGCTATCTTATCGAGTACACCATTTACAAATCGACTACTGTTTTCTGTTCCATATCTTTTTGCCAATTCTACAGCTTCATCGAGAGTAACTTCTATTGGCACATCCTTTTCATACAAAAGTTCATACGTTCCCAGTCTTAAGACACATCTGTCAACAGATGATAATCTTTCAAGATGCCAATTCTCAAGGCAAGCTGAAATTTTCTCATCGATCTGTGTCAGATTGTCATAAATCCCGCGCACATATCTTGCAACATCATCTTTAATGGAAACCTCTTTTTCATGTTCCATAATTTCTTTCAAAAGAGTCTCTACTGATTCATTCCGAAATTCATTTTGGAAAATCGTTTTGAAAACAGTATCTCTCATCTTGCTACGACGTGTTGTCACAGGGCATGATCACTCCTTTTCTTCTGTTCTCTGCTCTTCTCCTTCTTCGATATCTTCAATAGTTACATTCACTGCAACCACTTGTAACTCTGTCATTCTCTCGATATCCATTTTCACCCTCTCCATGATCTTTTGCCCTATCTCCACAAGGGGTTTACCAAATGGAACGCTTATTTTCAAGTTGATCGTTATATTATCTTCGGGAGAGCGATCGATTTCAAGTGATTTTCTGATCCTCTTTTGTTTTCTCTCATCTGCAATTTCAAGCGCAGAGAAAACACTTCTTAACGCGATTTCTCTTATTGCGTTGTCAGAAATGTCTATATTTCCCATCCCTTTTGTCTCCATTCTTGTCACCTCCTACGCACGTTCAACATACTCACCCGTTCTGGTGTCAACCTTTACAAATTCACCACTTTCGACGAAGAAAG
NZ_AP014510.1_gap32	1609859	1610874	1015	AGAACACAGGTGTCCTTGCACTTACACGTGTATATGATCCAAGAGTTTTAAGAGGTGCGGCAGTGATTGCGATAATCGTGGCATTTGTTTCGAAGTTTGGTGCATTGCTAAGAACTGTACCAAGTTGTGTCATTGGTGGAATAAGCCTGATACTCTTTGGAATGATAGCCTCTGTCGGTATAAGAACACTTGTAAATGCAAGAGTTGATTTTTCTAAGGCAAAGAACCTTCTTGTGGCATCTTTGATACTAACTATTGGGATCGGTGGAGCATCTTTGAAAATCGGCCCTGTTGAATTAAAAGGGTTAAGTTTGGCTGCAATAGTTGGTATAGTCGCGAATTTATTGATCGTGAACGAAAAAAAGAATTAAGTAGTAAATAAAGAAAAAAAACACAGGCGGCATGAAAGCCGCCTTTTTTGTTAGAATTGTATTGGAGAGTGATCGATTGAATATAAAAAGAGTATTGATAAGCGCTTGGGACAAGACTGGCTTGATTGATTTTGCAAGAGAACTTTCAAAAAGAGGTGTATCAATAATCGCAACTCATGGCACATGCAATTTTCTCAAAGAAAATGGTATAAGTGTTGGTAATGTGGAACAACTGACAGGTTACCATGAGTTGCTGAATGGAAGGGTGAAAACGCTTCACCCAAAGATCTTTGCAGCTGTACTTGCAAAACTTTCTAACAGAGAACATCTACAACAATTGTATGAACTCGGTATGCAGCCCATAGATATGGTTGTTGTGAATTTGCGCCCTCTGGTGCAGACTTTTGATGAAAAAGAGTTACTCGAGTCAATAGATATAGGTGGGCTTGCATTGCTCAGGGCTGCAGCTAAAAATTACAGAGACGTAGTACCTATATGTGATTATAACGATTATGCTTCTATTATTAAATCATTAGATGAATGTGGTGATATCGTCTTACAGCAGAGAAGAAAATTGTGTGCAAAAGCCTTTCTACTTTGCAGCGAATATGACCTGACCGTGTACAAGGCAATATGTGAACTTT
NZ_AP014510.1_gap33	1613723	1615065	1342	ACCAGCTTGAAAAGATAAAAGAAAAGTATGGACTAAAAGATCCAATGGTCGTCAGATATGTGAAGTGGTTGAAGAACACTCTGAGTGGTGACCTTGGTTGGTCTGTCGTTGGCAAAGAGCCAGTCAAAGATGCTATTTTGAATAGATTACCATGGACAGTTGAACTCGCTCTTTATTCGATAATTCCAGTGGTTTTCGTTGGAGTGTGGTTGGGTATAATAGCTGCAGTGAACCGCGACAAATTCATAGATCATTTCGTCCGCATCTTTGCTGTGGTTGGTTGGAGTTTCCCAGACTTTGTTTTTGGACTACTTGTGTTGATGGTTTTCTACAGTGTACTTGGTTGGTTTCCACCTGGAAATCTCAGTTTTTGGGCCGATACCGTTGTGAAATCACCTGAATTCAAGAGATTCACTTCGTTGGTATCACTGGATGCCTTACTAAATGGAAGGTTTGATGTCTTTGTGGATGCCATCCAGCACTTGATTGCTCCTATTTTGACTCTCTCGTGGCTGTGGTGGGCATACTTGCTGAGAATCACACGTTCAAGCATGCTCGAAGTTTTGACAAAAGAATATATCCGAACGGCAAGGGCTAAAGGATTGGCTGAAAATGTTGTGATCAATAAACATGCACGTAAAAATGCAATGATACCTGTTATAACAGTTGGTGGCGGTATGGTAATACAGCTTTTTGCGGGTACTGTCATTGTAGAGATGGTTTTCAATAGAACTGGAATGGGTAGCTTTACGGCAACCGCTGCCACACAACTCGATTATGCTTCTATCATGGCTTCTACACTTTTCTATTCATTGATTTTGGTCATTGGCAATCTTGTAATCGATATACTTTACGCTGCTGTCGATCCGAGAATTCGTTTTAGCTGAGGAGGTTAGAATTGTGAGAACGGAAACCAAAAGAATAATAAAGAGGTTGATGAGAAATCCTTCTGCTGTACTCGGTTTCTCATTGTTGATTTTCTTCACAATAATAGCAATAATTGCTCCGATCATATGTCCACCGCAATCTTATGATCCGTACATGATTCCAATAGTCACATGGGATAAAACACCTCAACCACCGACCGCAGAACATCCATTTGGTGTTATAGATGGGAGAGATATCTTCTATGGAGTCATATGGGGTACAAGAACAGCCTTTAAGGTTGGTTTGATCGTTACCCTTACCTCAACGATCATAGGATTGTTGATAGGTTCTATTGCGGGGTATTTTGGTGGTTGGTTAGATGAAATATTAATGAGAATAACTGACATATTTTTGTCGATTCCATATATATTAGCGGCGATTGTTGTGACGGCGTTTCTCGGTATGGGTTTAAACA
NZ_AP014510.1_gap34	1621090	1621886	796	CCAGAAATCAAAAACAAGGCAAAGGAAAAAGGTTGGGTTGTCGGAACAGGCGGACCAACCTTTGGTACAACGTTTGTGACTTTGAACTTCAATTGTTCAGATCCAGTTAAAAGAAAGTGGTTCAGAAATGAGTTCTTCAGAAAGGCTATCGCTTATTCAATGGACAAAGATGCCATGATCGATACGTTGTTGGCTGGTCTTGGTGTCGCACAGTGGGGACCAATAAGTGCTGCAGCTGCTGCTTTCTATAATGATGATGCTCTCAGAAAATATCCTTATGATCTTGATTATGCACGTATGATGCTTCAGATGGGTGGATTCAGTTGGGATAATGATGGTAACTGCATCGATGAAGATGGTAATAAAGTTGAATTCATACTCATGACCAACGCTGGTAATACTCAACGTGAAGGCACTTGTAACATACTCAGAGATGAACTTGCAAAACTCGGCATCAAAGTCGTATTTACACCCATCGACTTCAACACACTGGTTCAGAAAATGACGTCAACTGGCGACTGGGAGGCTATAGTTATTGGTTTAACTGGTTCTGACGAACCACAAGGTGGAGCGAATGTTTGGAAACTGGATGGTGCTTTGCATTTCTGGAATTACAGTCCAAAGGTGAAGAGCTTTGTAAGCCCAGATATCTATGAAGCACCAGATTGGGAAGTAGAAATCGACAAAATCTTTAGAGAAAACGTCAGAATACTCGATCAAGAGAAAGTGTATCAGATGTTCTCAAGATACCAAGAGTTGGTCTCTGAACATCTGCCTTTGATTTACACAATCCAGC
NZ_AP014510.1_gap35	1634329	1636292	1963	TCAGAATGCGTGTTTCTGCATATGGTTTATATTTAGTTTTGAAGGCTCTTAACTGCGTGGTATAATAATTTTTACAGTAATTGATGGGAGGAATCACCATGAATGAACAATACCTGAGTGTCTTTATCGATGAAAGTAAAGAATACATTCAAACACTCAATGACTCGTTACTAAAACTTGAAAAAGATTATCAAGACTCAGAGGCAATTAATGAGACTTTTAGAGCGCTTCATACATTAAAGGGAATGTCAGGTACAATGGGATTTGAAACGATGTCAAAGTTATGCCATAAAATGGAACAGTTGCTTGATAAAATTAGAAGCAAAAAAATCAAACTTGATTCGACGATGTTGGATCGACTCTTTGTTGGCGTAGATGTTCTGGAAAAGATGATCAATTCTATTGTCAAAAGTGGGACAGATCAATTACCAGAGCTCGATGTTGCTGAATTCACACAGAGTTTTGAAATACTCTCAGCTGGAGTAGAGAGTAAAGAAACCTCCAAAGAACAAAAGATAACTGAACCATCTGTAGTTATATCTGAATCTATCAAAAAAATCATTGATGAAGCTGTGAGGGAAGGATACAATGCATATCAGTTGACTATCACGCTATCTGAAGGCACTCAGTTCAAAGCTGTTAGAATGTACATGGTTTTCAAGGCTATTGAAGATCATGGTGGACAGATACTGAGTTCTAAGCCACCTGTTGAAGATATCGAGCAGGAAAAATTCGATCGGGATGTAGAAATAGTTGCAGTAATCAAGGAAGAAAAAGAAACATTAAGGAATATTGTGATGTCTATATCAGAAATAGAAAAAGTTACCATTAAGGATATTTCACACGCAGAAGAAAAAATTGTCAAGACAGTTGAATCCGAAGAGAAAAAAGAAGAAACCAAAACCGAGTCAACAAAAGAGAGAAAAAGATTCACTCAGACTGTTCGCGTTGACATCGATAAATTGGATAACCTGATGAATTTGATGGGCGAACTTGTGATTTCAAGGAGCAGGATAGCTGATACACTTAGAAAATATAGTATAAAAGAGGTCGATGAAAGTCTGTCGCAATTAAATAGAATTAGTTTGGATCTACAAAATGTTGTGATGAAAATAAGAATGGTTCCGATATCATTTGTGTTTAATAGATTCCCGAGGATGGTTAGGGACGTAGCAAAACAGTTGAACAAAGAGATCAACTTCATCATGCAAGGAGAAGACACAGAGTTGGATAGAACCTTTGTCGAGGATATAGGTGAACCTTTGTTACACATGTTAAGAAACGCAATAGATCATGGTATAGAATCAAAAGAAGAACGTTTGGCAAAGGGTAAGCCACCAGTTGGAACAGTTATACTTTCAGCAAGACATGAAGGAAACAATGTGGTCATAGAGGTCAGGGACGACGGTCGGGGGATTGATAGATCAACTGTTATCAAGAAAGCCGTCGAGAAAGGATTAATAAATGAAGCGCAAGCTGAATCATTACCCGATGAGAAGGTTTACGAATTCCTCTTCATGCCTGGTTTCTCAACAAAAACCGAGACTACGGAGCTGTCGGGTCGAGGAGTCGGGTTGGATGTGGTTAAAAATGTTGTTGAGTCATTAAATGGAACAGTGAGTATAGAGAGTGCGAAAAACAAAGGAACAGCAGTAACAGTGAGATTACCATTAACGCTTGCTATAATCCAAGCACTTCTTGTGAAGGTCAATAATTTTGTTTATGCGATTCCAATTGCGAATATCGACAGCACTTTGAATATTTCAAAGGACCAAATTCAGAGAATTCAGGATCGTCAAGTTTCAGTCATAAGGGGAGAAATCATTCCAATTGTGAAGTTGTGGGATATATTAGAATTACCACACCAATCGGAAGACACTATTTATAATACTGTCATAGTCCGAGTTGGAAACAGAAAATACGGATTAACAGTTGATGCATTAATAGGACAAGAAGATATAGT
NZ_AP014510.1_gap36	1644556	1648657	4101	TTGAAGAGTACTGTTCATGAAACTTATTTTGATAAAGGTGTACTCAAAATAGCAATGCCCAGTCTGAAAGGACGTTTTGTACCTTTACCAAGAGGTGATTTTGTTTATGTGACTGCACTATCGGACAAAGTTGTGTTTGGTTTTTCAAGCCGCGTTTTAGATTACGGAAGGGATGAGAGCAATTTTCTGATAATGTACATAACTGTTCCATCGTCTGTTAAAAGAATCCAAAGACGGAGATATGTCAGAATACCACTTGTGTTGAATGGAACTTATAATTTACCAGGCGATGACAAGGAATATAGATTTGTGACACGAGATTTCAGTGCTGGCGGTATGTTGATGTGTACAAATAAAATTCTCGAAGTTGGACAACCGATCTTTGTGAACCTCGATTTGGAAAACATAAAATTTTATCAACAAAAAGCTCAAATTGTGAGAACTATTGGTAAAAATGAATCAACTGGTTATTATGAATACGGTGTTCAGTTTCTGGAAATCCCACCAGAATTAGAAAGAGCATTGGTAGTCTTTGTTTTTCAACAAGAACTCAAGATGAGAAAGACACCTTACAGAGAGGAGGCGTAGGATGCAGCTCACTGAAAGACAACTAGATCTTCTCAAAGAGATTGGTAATATCGGTACTGGTAATGCGGCAACTGCATTATCAACGCTTACAGGAAAGAAGATCGAGATAACAGTCCCAAATGCAGAAACGGTTCCAATAGAAAAGATCGTCTTTATGTTTCCACAACCCGAAGATATAGTAATAGGAATACGAATGGTTGTCAAAGGTGATGTTGATATCGACATCTTATTGATTCTCGATAGGCATGCCGCTAAAAAAATCTTGACAGATCTTCTTGGAAGCAATTGTGAAGACATAACGCAACTCGATGAAATTTCGGCATCTGCTTTGAAAGAGATTGGCAATATTATGTGTGGTTCCTACATCACAGCCCTTGCAGAATTCACTCAGTTGTATTTAGATCCATTACCTCCTGAGTTGAGCATAGACATGTTAGTAGCAATTGTTTCTGAAGCGATATTGGCAAGCTCAAATTATGAAGATGAAGCCATATTTGTGGAAACAGAATTGACTGTCGAAGAGATTAAATCGGCGACTTCACAAATGTTTTTGATACCTGGAAAGGGAAGCTTGGAGAAAATCTTTTCGAAGGTGGGACTTTGATGGTGAAAAAGATAATAATTGGAATCGGAGAAACCGCAATAGAAAAGAACCCGGCTATAATCGTTACACTCGGTTTAGGTTCATGTGTTGGTGTTTGCATGAGAGATCCAGTCGCTCGCATAGGTGGTATGGCACACGTGATGTTACCGGAAAGTTCAGATAGAAATGTCAAAAATGTGGGAAAATATGCCGATACAGCTGTAAAGTATTTGGTTGAGAAACTTGTTGAGATGGGAGCTACTCAGTCGAGGATTGAAGCTAAGATCGCTGGTGGTGCAGCAATGTTTGACTCGGGGACTATGAACATAGGAAAGAAAAACGTGGATGCCGTGAAATATTGGCTGAAATATTATGGAATACCACTCAAAGCTGAGGACACAGGTGGTAATAGAGCAAGGAGTATCGAATACAATATCGAAAGCGGTAAGCTCTTGGTGAGAAAGGTGGGAGGAGGAGAAACCGTACAGATCATCGAAATATAGAGAGGATGATCATGTGTACAAGACCAGCGAAGAAGAAATAATCAAAGAGATGTTACCCACTGTAAAGAGAATAGCATCGGATCTGCTCCACAATCTACCCAAAAATGTGGAGCTTGATGATTTGGTTCAGGAAGGAGTCTTGGCACTCTTATCGGCTGTTCGAAGGTACGATCCTCAAAAAGGTACCAACTTACACGCTTTTGCCGTTAAAAGAGTTAAAGGTGCTATGTATGATTACTTAAGGAGAATAGATTGGATGCCAAGAAATCTAAGGCATAATGTTAAAGAAGTGGAAAAGGCGATCTATGAACTCGAATCTGAATTGAACAGATATCCTACTATAGAAGAAATAGCATTGCACACAGGTATGACAACTAATGAAGTGAAAAGAGCACTTGATGAAACTGTTAGAAAACAGCTTTTGAGACTCGATGAATTTCTCTATGAAGATTTCGATTCATTTGCCGATAATTTGAGTGAACAAGACGAGCCTTCACAAAATGCCTTCAAAGAAATCGTTGCCGAAAAGCTCACAGAGGCTATAAAAACACTGCTACCCAGAGAACAATTGGTGTTATCTTTGAGATTTGAACAAGATCTTTCTTTAAAGGAAATAGGTCTAATTATAGGAGTGACTGAGTCAAGAGTATCGCAGATACTTTCAAGTGCTCTTTTAAAGATCAAAAGATACATTTTGGGGGAGGACAATGATAACTCCGATCGATCTTCAAACAGTAATCGTGAAAGGAACTGATATATCTTCAAGCGCCGCCCAAAGTATCAATGCCCAGATAGCGGCAAGCCAACTGTTAAAATCAGAAATCTTGAGCAGAGCAGAACAACAGATGAGAATGGTCAATCCAGAAAATAAGATCGAGGAAAAAATAGTGAAAACCGCAACTGAGGAAGGCGGAGGAGGGTCTGGGGGGTATTATTTCGGTAGAAAGCGCCAGAGACCAGAAAAGGAAGAAAAAAAGGGATTCATGTTGGATGTGAGATTATGATAGGTTATCTATCTGTTAGGAAAATAGATGACAAATACGTTGGTGGCATATTGATCGTCGATGAATCTGGTATACCTTATGAATTCAAATATACTGATCCAATAATACCAACTCCATTACAAAAGATTCTATATGGTAAGTCACTGGAAAGTTATTTGAATACCGAAGTCATAGCAAAGTCTCTTTTGAAAAAAATTGAGAACAAGCCAGAAGTTGTTTTCGTGGATAATTCAGTCTTGACAAGTATTTCTGAGAACGTTTTCTTTGCTATTCAAACCGTTTCATCTTCAGAACAGATTGATCAATTATCTTCAGATGAGTGTGTCATCCCATTTGGAGCGGGTTTTGTTCGAATCTCTTCATCCAAGGAAATCACCAAAGAGAAACTAGAAAGACTCAGACAGCTTGTTGAGGAAATCGATATTCTTGAACCATTTCAAAGACTGCAAAAGGCACTTGAGTATATATGCAAATCTTCCACCAGTTGATTGAATCCCTAAAAATGGAACTTGGGATCGTTAAGGTAAATGACATCCAGCAGATATCTTTCACACCATCTGTCCAGAGTTTACCAGTTTTGATAAACATAAAGGACAAATGGAGCATCTTTTCATGCTTGGTAAGAGAACTTCGATCACCTGTCAACGAATTGATCGTTAAATCATTTGAAACTGGACAACGAACTATAAAGATTAATTCACTAGATTGCATGAGAGTAATTTCAGTCAATGAAGGTACTATACATCCAAAAATTTTGGTATCTTTGTTCTGTCAAAATGAATCTTTCCATCAAACAGTAAGATCAGAAGAATTTCATCTCCATGATGCTAAATTACATCAGCATTACTTAATAAGCACACAAGTAAGAGAAAAAAACCTTCCCATTTTAAAGATCATGAGATTCAAACCATCGCCTTTTCCCAAGACAGATACAACATTAAAAGCCCTGGAAGACTTTCTGATGCACTACAAAAAAAGGATAGAAAAGTTGGAATTCATAGGATATTACAAGTCTGTACCAATAGGAAGTGCTAAAAGATATTTAATAATGGAGAAAGATCTTGTGGTTGAACTCTCTCAGAAGAAATCAAAACGAGTTGATTTGTTTGTGTTCAAAAGTGCCAATGAATATCTATTTCAGGTGATTTCACAAAAGTAACCTATTCAGATAATCTATTACATCATTGGGTTCTATGTTGTAGAAGAAATACGCTCCAAGTTTTTCGTTGTAAAGGTATCTTTTATCAGCCATGATGTTTAGTTGCGCCTTACTGATGATTTCCAAAGTATTTTCTGTGTATCTTATTTTCTCTATTCCTTTTGCGAATGCCATGAGTCTTAATTTAAAGACCTCTCCCAATAATCTGACTTGTTGAGGATATTCACCAAATCTATCTTCTAACTCGAGCAGTATATCATCAAC
NZ_AP014510.1_gap37	1661947	1665805	3858	CACCGACTTTGCCTTTCCTATTTCCAACAACGGCAAGGACTCTGAAACTCAAAGTTTTTCCACCTTTTGTCACTTTTGCTGTACGTTTTATTTCAACAATACGTTCTTCAAACTCTTCTGATTCTTTCTTTATCAATTCTTCTTCGAGTATTTCATCCATTCTCTTGCACACCTCCTTAGAACTTCAGTCCGACTTCTCTTGCAGCATCGGCGAGTTCCTTAATTCTCCCGTGGTACTTGAAACCTCCACGGTCGAAGACCACTTGATCTATACCCTTTGCCAACGCTCGTTGGGCAATCAATTTCCCAACTTCTCTTGCTGCCTCTTTGTTATATGTTTTAGTTATTTTTTGCCTCAATTCTGGATCAAGTGTAGATGCTGAGAGAATTGTATGGCCTTTCATATCGTCAATCAATTGCACGTAAATATGCTTTTCACTTCTAAAAACTGACAATCTTGGCCTTTCAGCAGTACCGAAAACCTTTTTTCTTATTCTCAAATGCCTCCTGATTCTCTGTAGTCTTCTATCCTGTTTCTTAATCACACTATATGCCCCCTTTATTTTTTCTTACCTTCTTTATGCCTTATCAATTCGTCCTTATATTTGATTCCTTTGCCACTGTAAACGTTAACTTCTCGCCATGATCTTATTTGCGCAGCAAACTGTCCAACCGCCTGCTTGTCAATACCTTTTACAACTATGATATTCGGTGCAGGGGTCTCAACCGTCACATTCACAGGTGGCTCAAGAACTACAGGATGGGTATACCCAACCTGAAGCGATAACTTGTTTCCTTGCATTTGCGCTCTGTACCCTACTCCAAGTATCTCAAGTTGTTTTTCAAAACCACTTGTCACTCCTTGAACCATATTTCGTATCAACGACCAGTAAGTCCCTTGATAAGTCTTAAGGATCTTTCTTTGAGATTTACGAACAATAGTCGTCTCATTTTGTTCCACATGTATTTTGTTATCCTCGAGGTTTATTTTCACAAATTCTGGAAAACTCCGTGACAAGGTACCTTTAGGACCTTTAACAGTTATAGTATTATTTTCTATCTGAACTTGCACACCTTTGGGTATTAATATTGGTTTCTTTCCCAGCTTTGACACATCCTTCACCTCCTTACCAAATGTAGGCGATAATCTCTCCTCCGACTCCAAGGTTTCGTGCTTCTTTATCGCTAATAACACCTTTTGAAGTCGTGAGAATAGCTACTCCAATGCCATTCTTCACTTTTGGAATTTCATCTTTTGCCACATATAAACGTCTACCAGGTTTTGAAACTCTGACAATTCCCTTGATGACTCTTTCTTTGTTTCTTCTTTGCCCTTTGTATTTCATGTGTATTCTGAGAATTCCTTGTTTTCCATCTTCTATGTATTTGTAGTCTTGAATAAATCCTTCTCTTTTCAAAATCTCACATATTGCCTTCTTCATATTAGAAGCAGGAACATCCACATATTCTTTGAAGACAACATTTGCATTCCTTATTCTCGTGAGCATATCAGCTATCGGGTCACTCCACATCATTCTCCCTCCCTTACCAGCTTGCTTTTTTTACACCAGGGAGTTTGCCCTCGAGAACCATCTTTCTAAAGCAAACTCTGCATAGACCAAATTCACGATAAACTGCCTTGGGTCTCCCACACATTGAGCATCTTGTGTATTCACGAACTTTGAATTTTTTTGGTCTTTTCCACCTCTCTATGATTCCCTTTCGTGGCATCGAATACCTCCTCTCAACGTTTAAAAGGCAGTCCCAAAAGCTCGAGCAATCTAAGGGCTTCGGGATCAGTCTTTGCCGTTGTGACAATTATGATGTCCATACCTTGTGTTCTTGGTGATTGGTCTGGTGTAATTTCTGGGAAAACAAATTGTTCTGTCAAACCAAAGCTATAATTACCATGTCCATCAAAAGAGTTTGGATTGAGACCTCTGAAGTCTCTCACCTTTGGCAGTACAATATTTCCAAGTTTGTACAAAAAATTCCACATTCTCAAACCACGTAACGTCACCTTCAGTCCAACATTCATGCCTTTCCTCACTTTAAAATTTGAAATACTCTTCTTAGCTTTCGTAATAACGGGTTTTTGACCGGTTATTGCCGCTAATTCTTTCATGTGTCTGTTCAAGAGCTCGGCATTTCTGGATCCTTCACCGATCCCCATATTAATAACTATTTTCTCGATCTTTGGAACTTGATGTATGTTTTTGTAATTGAACTCTTTGATCATTTTTGGTACTATTTCTTTTTCATATTTCTCTTTCAGTGGGATGTACTGAGTACCCATTTTCTGATTCCTCCTCACGCTTTATCTATAACCTCACCGCACTTCTTGCAAATTCTAACTTTTGTCCCATCTTCGAGAAATTTTGCTCCAACACGAACTGGTTTGTCACAATTGGGACACACAAGCATTACCTTTGAGGCGTAGACAGGTGCTTCACGCTCTATTATTCCACCTTCTCTGAGCTGTGGAATAGGTCTTTGATGTCTTTTTACCATGTTGATTCCCTGAACGACTACCTTGTTTTCTCTTGGGATTACCTTGAGAATCTTTCCTCTTTTTCCTTTATCTTTACCAGATATCACCTGTACAAGATCGTCTTTCCTTATCCTCATATCAACTCACCTCTCAAAGCACCTCAGGAGCAAGCGAGATTATCTTCATATAACCTTTTTCACGTATCTCTCTTGCCACCGGGCCAAAGACACGCGTTCCACGTGGCTCATTGAATTTGTCAATCAAGACAGCTGCATTGTCATCAAATCTGATGTAAGTACCATCTGGTCTTTTAACAGGTTTTCTGGTTCTGACTATCACTGCCTTGACCACTTCACCTTTTTTAACTGCAGTGTTTGGTACCACATCTCTAACTGAGCAGACAACCACATCTCCAATGGTCCCATACTTTTTGTGAAAACCACCCATTACCCTTATAACCCTTAATTTTTTAGCCCCAGAGTTGTCAGCAACATCAAGATAACTTTCCACCTGGATCATATCTTTTCACTCTCCTCGGCATCTGGTATTTCCTCAACTATCACTTGTTTTTTCAACACTTCGACAACTCGCCAGCTTTTTGTCTTACTGAGTGGCCTTGTTTCTTCAATAACAACCAAATCGCCTATTTTGCATTCTTTATGTTCATCATGTGCATGGTATTTCTTAGACTTTTCAACATGCTTTTTATATTTAGGATGCTCAAATTTCCTGGTTACTTTGACCACAACTGTTTTATCCATCTTGTCACTAACGACAATGCCCGTGAGTCGTTTCTTTGCCATAGTTTTTACCTCCTTACTCCGAGTTCTCTTTCGCGAAGGATTGTTCTAATTCTTGCTATATCGCGCCTCACTTCTTTGATCTGTGCAGTGTTTCTAAGCTGTCCCATAGCATGTTGAAATCTCAAGTCCATCAATTGTTTCTTCTTTTCTTCTAATAATCTTTTGAGTTCATCATCGGTGTAATTTCGGATCTCGGCCGCTTTCATACAGCCTCACCTCCGATGTGAGAACGTGAGACTATCTTGGTTGCTATCGGGAGCTTACTTGCAGCATACATCAAGGCTTCTTTGGCAACATTTTCTTCCACGCCAGCTATTTCGAACAATATCTTTCCGGGTTTTACAACACTAACCCACCCTTCAACGTTACCTTTTCCTTTACCTTGTCTTGTTTCTGCTGGTTTTTTGGTGTAAGGTTTATCTGGAAAAACTCTTATCCAAAGCTTTCCACTCTTTTTCATAACCCTCATTATGGCAATACGACAAGCTTCTATCTGTTGCGATGTAATCCACGCTGGAGCAAGTGCTTTTAAACCCCAATCACCAAAGGTGACTGTTGTACCAC
NZ_AP014510.1_gap38	1718761	1720154	1393	CACTTGCGGAGATTTGCTCGCTGTTCCTTTGAACTCTTGTCAAAGTTGTGCTGATCAAATCTTCAACTGTAGAAAGTCTTTTGATCACGTTCTGTAAATCACCTGAAGCCATACCCTTCTCAATTTGCTGAGTCAGATAATCCATGAGTTTTTTCATTGCGACTGCAACTTGGTAGCGCGTCATTGGGTTGTTACCTTGAAAAGTACCATCAGGCATTCCTGAAACTATCCCCAATTTAGAAAGTGTCGTCACGGCTTCATAAGCCCAGTGATTGACTGGAACATCTGAAAAACTCTGCGCATAAACAAAGGCAGCAACAGTTAATACAACTACCAGAAGAACTTTCTTCATGAATTCCACCTCCATCTGACGTTTTCTTTTACTATATTACCATAGCAACTAATCATTAGACATTCAAGAATGTGCAGTTGTTTAAAAAACGAAGATGTGATATAATGTAGACAAATACAGTCTGAATTTGGAGGTTTTCTATGGCAATTTCACTAACCCAAGTCGATATTCTCACAGCCTTTTTACATGGCATTATATCTTTTTTCAGCCCATGTGCGATACCTTTGATTCCTTCATTCATAGCGCTGTTAATCTCAGAAAAAAATATCAAATCCCTTTGGAGGATTCTTGGATTTTTCATCGGACTTTCAGCTACCTTTTCAATCTTGGGAGCTTTGTCAGGCTCGATTGGCGTTCTAATTGATAGACTAACAATGAGATACATAGCTGGTTCTTTAATTCTATTGATGGCAATTCTTTTTTTGTTCCAGATTCAGATCTTCAAAGTCAGATCTTTTAACTTTTATCGTTTCAAGTCAGGTGGTCTTTTTTCAGGAATAATCATAGGCATTGGTATAGGTCTTGTGTGGATTCCGTGCGCGAGTCCTGTTCTCGCATCGATATTGGTAATTGCTTCCACGAAAGGAAATGTTTTGAAAGGCTTGTTGATGCTTTTTGTGTATTCTCTGGGAATATCTATACCGTTTTTGTCGATCGGTGGAATTGTCTCGAGAATCTTCACACGAGTGAGTTTCAAAAAACCGGTATTTGAAAAGGTGCTCAAGTACATCTCGGCTGTCTTACTCTTTGCCATAGGCATACTGGTCTTCACGGGAAGACTCTTTGGATAGAGAGGTGATTGAATGAAAAAATCCATGATTTTCACGATCTTGATTTTCAGTACCTTGATCATGGCTCAATCGATTCTTTTTACCGATCTTGAGATCGCAGTGAATTTGGCAAGGATAGAACAAAAGAAACTCGCAATAGTTTTTACCACACAAACTTGTCCTTACTGTGCAAAGTTGAAAAATGAAACACTGACTGACAAAACTGTGAAAGAGTTAGTACTTGCCAATTACATCTTCGCTGAGGCTTTGT
NZ_AP014510.1_gap39	1756326	1758163	1837	CTTGCTGGAACAATACTTGCTTTGCTTTTCATTGGTCTTGTAATCGTTGCTATACCTATACTCATTGTCATCTTGATAATCCTGGGTATCGTCTGGATAGTCAAAAAGGCTACCAAAGGTAGTTGAGCTACTCAGACCAAGTCACATGCAACTTTTACCAACTCATATTTTCTCGAACCAAGCCCTATCTCTTCAGCATAACTGAGCTGAGTTTCCCATGTAACCTTTGGATGAACTTCAAGGAATGGATCTTTACCTTGAGTTTCTCTCACAAGATCTATGCATGCCTGATCAAGTGCAACTGGATCTGTACTCGCCAGTATACCGATATTTGGAGCTACTGGTGGTCTATTAGTATGCCAACAATCGCAATCTGGTGAGATATCTGTCAAGAAAGATATGAAAACTGCCTTCTTATTCTTTAAAACTGCCAAGGTGTATTCCACCATCTTTTTGCTCAGCAACTCCGAAGAATCTCCCCATTTTGGTGACATCGCACCGTAGTTACACATTGCGATACACTGACCACAACCTATACACTTTGCATAGTCGATCACCGCAAATTTTGTTACAGTTATCGCATTGGCAGGACAATTTCTTTCGCACATTCTACAAGCAATGCAATTCTCCACCACAACATATGGTTTTGACTCTGAATGTTGCTCAAGCTTTCCTGCCCTTGAAGCACTACCCATCCCAATATTTTTCAAAGTACCACCAAAACCAGTCTGTTCATGTCCTTTGAAGTGAGTCATAGCAACTAAAACATCTGCTAATGCTATTGCTGAACCGATCTTTGCCTCTTTGACATAGGTCTTGTTTATTTTTATTTTCACTTCATCTGAACCCCTCAGACCGTCTGCGATAACGACAGGAGCACCTGTGACTTCATAGCCAAATCCATTTAGATATGCGTTTAAAAGATGATCCACGGCATTTGATCTATGACCCCTGTAAAGTGTATTTGAATCCGTTAGAAAAGGTTTACCACCATATTTTTTTACCTGATCAACGACCACTTTGACATACTGTGGTCTTATGAAGGCAAGATTTCCATATTCACCAAAGTGAATTTTGATTGCAACAAAATTGTCCTTGCCAATGATTTTGCCAAGCTCAACTTTGTCTAAGAGAATCTCCAATTTTTTGAGAAGATTCATGGCTCCATTCGTAGATAGATCGGTAAAATAAACAACAGACATCAGTATACCCTCCCGCGCAATTTGTTCAGATAGGTATAGACAATTTTTATTATAACACAGCTGTTCGTATGACGCACTATCTTAAAACGGCATACAGAGTTTATATCTCAATAAAGCCAGTATTTTTTGGATATTTTCAAAAATTCTTCCGACTCTTCTTGCCAGATTGATTCAAAGTCCTTTGATGTGGCACCTTCTTCGATTGCCTTTCTGTAATAGTCACTACCAATCAACAGATCAAAATAGTACCTTGGACTTTGATCATGAAAATAATCATTCCACTGAAAACTTTCAGAATGAATCTTTCTCAATGTAGCAATTACATCTATCGCGAGATCTAAAGGTTTGATCTTTTTTTTGTCTGTCACAAAGAATTCAAGACCATTACACACCTGATTTTGCAATTTGAAGGCAGCGGGTACGAAGATCCTTTCTCTGAAAGTGACACCTTGATGATTGAATTTCTTGAGTTCTTCATACAACTTTTTCGAATCAATCCATGGCGCACCGATATACCTAAATGGATGAACCGTTCCTCTTCCAACGGATACATTCACACCCTCAAATAAACACATACCAATGTACAAGATTGTGTGCTCCAATGAAGGAAGATTCGGTGATGGTGTGTTCCACAA
NZ_AP014510.1_gap40	1763982	1765026	1044	AAAATGCCATGAACTATGAAGAATTAAGGAAGAAAACCGAGAGTCTCGAGCAACAAAAGAATATGGTAGATTACCTACGCAAGTTCAGTGATAGTATTCTCCAAAATCTCACTACAGCCGTTATCGTGATTGATAGATCGGGGAAGGTAATAGAATGTAACAGAAGAGTCGAACAATTACTTGGGTTACCAAAAGAAAGAGTTCTTGGAAGTTCATACTTTGATTTTGGAGAGACATTTGAAAACATCTTTGAAGTTGCAATGAAAGTTTTCGAAAAAGGAGAGACAATAACTTTATCCAGGTATAGAATAGAGACACCTCAGGGTGAGAGGTTCTTTGATACAAAGTACTCACCTTTATGGGATCTAACTGGTTCTACTATGAATGGAGTTATAGTGACGCTTGAGGATGTCACGCAACAGTATAAACTCGAACAAGAAAGAAAGGACAAAGAGAAATTGGCGGTACTTGGTGAAATGTCGGCCCGAGTAGCTCATGAATTGCGCAATCCAATCACAGTTATAGGTGGCTTTTTGAATAGACTGAAAAAAAATATTTCCGATCCAGAGGCTCGGGAGAAATATTTAACCATACTCTCAAACGAAGTCGAGAACCTACAGAATATAGTTTCGGAGATTCTCGAATTCAGCAAGAACATAAGAAAACTCGACTTGACCGATTTCCAGTTAAACGATTTGGTTGAAGAAGTTGTTTTTCTAATGCAGGACAAAGCCAACAAGGCAGGAATCAAAATAGAAATCATCCTGGCTCCCATTCCGCAAGTGGAAGCTGATAGAAACAGGATAAAGCGAGTTCTAATAAATCTTGTTCAAAATGCCATAGAAGCGACACCACAAAATGGTAAGATTGTTATCAAGACACAGTATGATAATGACAGGGTAATCGTATCAGTCTTTAATACCGGTGAACCTATAAGTGAAGACGTGATGAGAGGCATTTTTATACCGTTTTATACAACAAAAACGTATGGCACTGGACTTGGACTCCCAATATGTAAGAAAATAATAGAAGATGAGCACGGAG
NZ_AP014510.1_gap41	1766918	1769443	2525	AAATAGTCAAAGAAAAGGGTACCAATGCTTGGTTTGAGATGTCTGAAAAAGAATTACTACCAAATGACTATGCCTGTAAAAAATGTGGTTCTAAGAACCTCAGTAAAATGTATGACACACTTGATGTCTGGATCGATTCTGGTGCCTCCTTTGAAGCAGTTTTGACAACAAGACCTGATCTTACCTTCCCAGCAGATATGTATTTGGAAGGGAGTGACCAACATAGAGGGTGGTTCAATTCATCAATAGTACTTTCGGTCGTAAAGCACGACATGGCACCTTACAAAACGGTTCTGACTCACGGATTTATAAAAGATGAGGAAGGCAAGAAAATGAGCAAATCTCTTGGAAATGTCGTGGATCCACTTGAAGTTTGCTCAAAATACGGCGCAGATGTGCTAAGACTTTGGCTTGCAAGTAGTGACTATTTCAACGACATAAGAATCTCGCAGAATATAATACTTCAACAAGTGGAGGTCTACAAAAAGATCAGAAATACATTTAGATATCTATTGGGAAATCTCAACGATTTTTCAGAAGATAACATAATACCGTTTGAAAAACTCCTACCCGTCGATAAATGGGCTTTAGGAAGACTGCAACAAATCATCAAATCGGTCACAGAAGCCTATGAAAGTTATGAGTTTTCCAAAGTGTACAATATTCTTGTAAAGTATTGTTCTGTTGAATTGAGTGCAGTTTACCTTGACATTGTGAAAGACAGATTGTATGTCGAAGGGAAGAATTCTATCCAACGTAGATCTGCTCAGACTGTCCTGTATCACATACTCAAATCATTACTTGTGATGTTGTCTCCTATACTCGCCTTCACATGTGAAGAGGCCTATGAACATTTCAAATCTCAGAGAGTGAAATACCAATCTGTTCAGGTGGAACACTGGCCTGAATATCACGAAGAATGGATAGATAAACAAATAATGGCCGATTTTGACAGTCTAATGCAAATTAGAGATCTTGCTCTGAAATCTCTTGAAGAGATCAGACAAGGAGGTTTGATTGGTCACTCTCTTGATGCAAAACTGATAATAAGATCGAATTCACAACAGACCTTGAATTTACTGAATAAATACAGTGAACACCTTGAGGAGTTTTTCATCGTCTCACAAATCGAAATCCATGATTCTGATAAAGAATTAGAAATCGAGGTTCAAAAGGCTGATGGTGAGAAATGTGATAGATGTTGGAAATATCATCCTCTGACTGGAAGTGATCAACAATTCCCAAATACTTGTCCAAGATGTGCGAGAGTTTTGAGAGAACAGGAAGGTTGATAAAATGATAGAGTTATCGGGACTTGTGTCAGATGCTTTCAATAAAAAAGCATCTGACATTCATCTTTGTGTTGATACACCACCCATTTACAGAATAAATGGTTTGTTGGTCGTTCAAAAAGATCTCGGACTTGTTACCGAAAATGATCTAATGGGAGCCATAGAGATTTTGTTCAATCATATAGGCTTAACAGTAGACTCAAACAAAAAAGAGGTAGATTTTGCCTTCAGTGTTGGAGATCAGGTGAGAGTCCGTGGTAACTTGTATTATGAGAGAAGAAAACCAGCTCTTGCACTGAGGCTAATAACTCGAAAAATCAGAACTTTTGATGAACTTGGTCTTCCACAGATACTCAAAGATTTCACAGAAAGAGATTCAGGTCTGATACTCGTCGCGGGTCCAACTGGAAGCGGAAAATCAACAACCCTTGCTGCGATGATAGACTACATAAACGAGAATCACCCTTATCACATTATCACAATCGAAGATCCAATAGAATACATTTTCACGAACAAAAAATCTATAATACACCAAAGAGAACTTGGACAGGACACCAAGAGTTTTTACGATGGTCTCAAGTATGCTTTGAGACAAGACCCAGATGTGATATTAGTGGGCGAAATGAGGGATCTTGAAACCATGGCATTGGCACTCACTGCCGCTGAAACAGGGCACCTGGTTTTCAGTACCATACATACAAACAGCGCTGCAAGTGCACCAGAAAGGGTTATAGACGTTTTTCCAGCCCATCAGCAAAAACAAATCGCATTGCAACTTGCGAATACACTTGTCGCGATAATTTACCAGAGATTGTTACCGCGTTGTGATCAAAAAGGTATGGTACCGATTCTTGAAATATTAATTGGTACAGCTGCTATCAAGAACTTAATACGAGAAAACAAGTTGCATCAGGTGGAATCAATCATGCAAACAAGCGCAAAGCAAGGTATGGTGCTCTTCGACGATGCTTTGTTCAAAGCCTATGCCAACGGCTATATAGACAAGTCACAGGTTTACGAATATGCAAGAAATCCTGAAGAAATGAGGCGAAAAGTAGGATGAAGGACGTTATAGAATCTGTGGTTCAAAAAATCAGTGAGCGAGTCAGTGAGTTAGAAATCAATTTGACAGATTCTAATCTTGACCCCGAAAAGATTAAATCATTGTCCGTTGAGTATTCTAATTTGAAAGAAATTCTCGAGACATATGAACAGTTAAAAATTATAGAAGAA
NZ_AP014510.1_gap42	1950549	1953900	3351	TTACAGGGTTCTTAAACCCGGGAGAAGACTGTGTATTAACATTGGCGACCAATTTGCACGCTCCGTAGTTTATGGAAGGTACAAGGTAATCCCGCTGCATGCAGAGGTTATAGCTCAGTGTGAAGATATTGGTTTCGATTATATGGGGGCAGTAATATGGCAGAAAAAAACGACTATGAATACAACTGGTGGGGCAAATATTATGGGCTCATATCCTTATCCACCAAACGGAATGGTTGAAATAGATTACGAGTTCATATTAATCTTTAAGAAACCCGGGGAATACTCTAAACCTTCTAAAGAGATAAAGGAAGAATCCAAGCTATCAGAAGAAGAATGGAAAGAGTATTTTTACGGACATTGGTATTTTGGTGGGGTAAAGCAGATAGACCACGAAGCTATGTTTCCTGAAGAATTGCCTAAGAGATTAATTAAAATGTACACATTTGTAGGTGATACTGTCCTTGATCCATTTTTGGGAAGCGGAACAACTGCGAAGGCCGCTTTAGATTTAGAAAGAAATTCAATTGGCTATGAAATAAATGAGAACTTCTTGGATTTTATACTGAGAAAAATCAATGTCAATGATGATTTGTTCAAAAGAAAGACGGTGGAAGTAATTAAAAGGGAAAATCAAGTTACAGTTGATAGTGTGTACTATATACCAAGAATAAAAGACAGCAAACCACAAATCGATCCAGCCAAATTTAAATTTGCTGGCGATAGGTTATACAGGGTTACAGAGATCCTTGGAGAAAACACTATAAAGTTAGATACAGGCTTGGTTGTGATGTTTTTAGGTGTTAAGGTAACGAAAAAGGAAGAGACAATTAGGTATTTAAAAGAGTATGTTTTGAGAAAGGAAGTGTTTCTCAAATTTGACAACAACGGAATTAGAAGCGAGAAAACTATCGAAGCTTACGTTTATCTAAAAAATAGGATCTTTATAAACGCTTACCTCATTCGATCTGGTCTGGCAATTGCAGACTCTTCAAAGGAATACAAATACAAGATGACTTTTGAAAAATTACAGGTAAGTGCACAAACTTTGAGAGAAGGATAGTCTATGGCAAGAGAATGGATACTGAATATGGCAACCAACAGATGGGGGTTAAACAAAAAAGACTCCGTTGGACCATTATCTGAGTGGATACGAACCTGTAATCCAAAAAATACTGAGGATTGGGAGAAATTCTACTTTGGAAAACTTTCGGAATTCCTTCAAAACAAGGGAATCAAATTAACTCCTGAACAATACCTTCAAGATCTTGGAAAAAAGCTTTTTGTGAAAATATCAGAGGTAATTCAATCAGAAATCGATGAAGTAACCGAAGAAGATTGCATTGAATATATTCGGAATCTTGTTATAGAAAGAACATTTATGGGTTACCAAACTGAGATCAAAACTATATACGGGAAGCTACAAAAAGTATTGGAAGTCAAAATAGAGCCAGCTCCCGATGAATGGGACAGACTTTACAACGTTGATTTTTTTATCAATGTTAACAAAAAATACATAGGAATTCAGGTGAAACCAATAACTTATAACCAAACTCCTGAATTATATAGATGGAAAGAATGGTTGGCAGAAAGTCACAGAAAGTTCGAAGAAAGATTTGGAGGAAAAGTATTTGTTGTTTTTTCATGCAGCGTGGAGAATGGCAAGAAAGAAATCTACAATAAAGAGATTATTGAAGAAATAAAAAACGAAATCAACAGGTTGAAGAAAAATATTAGAATTTCGAAGGAATAATAAACGCTGGCATGTAACCGGTCCTCGTATGAGGAAAGCTGTCAGCTTCTATCAACCTTTCACGCAATGATTTTTTATAGACAAAGCACTATGATACCTTAGACTGCCTGCATGTATTACGGGAGGTACGAAACCCTTATCAAGCGTGTACATCTTCAAGAACGGTGTTAATCCGGCACCATAACCATAATCACAACAGTTGAAATGACAATATCCAAGTTTCCAAGATGATTCTCTTGTAATTTCTTCCCTATCTTTGTGATATTATTTGGACTTGTTGTGAAGTTATCGTCGAAGATTTCCATAAGCACCTTTTTGAAAGTTTTTTGATTATAGCTGACCTTAACCATGAACACGTAGACTTCCAAATCAAACTTTGAACCATAACCTATCTCAAGTTTTCTGAAAGAGACAAAGTACATCGATCACGCTCAAATCCTCGTGGCTATCTTGACAACTTCTGCCATGACCAGGAAAGTGTTTTGCGCAGGAGTACAAACCAGCTATTTTGTATCCATGAATCGCTGCTTTTCCCATTTGTGCCACTATTTCAGGATCATTTCCATAACTTCTGTAGCCAATCACTGGATTTGTTTTGGAAAACAACAAGTCCAAAACCGGTGCGAAGACCATGTTCATTCCAAGATCTTTCATGAATTTTCCAGCCATGGCACAATAATTCTGCACATAAGATGGCTCAACTCTACCAAACAAAAGATTGCCGGGAGATGGTGGAACAAATGGAATTACTTCGATTTGCCCACCTTCGTGGTCTGTCGATAGCAGAATATTTCGTCCTTTAATCTTATAGATCATCTCAAAAAACTCAGATTGATCTTCGAAGATCTTTGGATACAAAAGTATGCCACCAACATCTTTGTTGACTAAATACTGGTACTCTTCAAGGTTTGATACACCACAAAAGAATAATCTTTCAAAATTTTTCATCGTCAACACCCTCTGTTTTGTATAACAAAATTGGCAAAATCAAGATCATCAAAAAATTTTTTAAGAAAGGCTATTACAGAACCAAACGCAACTGTCTTTGAGCCATTTGTATCAAGTTTCCAGTTGATCTTTTTGATTTTCCTCAAAGTGACCTGTTCTTCGACCTTGTTGATAATGTCCCGAATAATCGTGTCGTCAAGTAGGTAGAAATCTCCACCAAGAATAAAGAGTTCTGGATCAACGAGATTCACTGCGGTAGCTATTTTGAAAGATATATGTTGTTTAAACTCGTCAAGACTTCTCTGATCTCTCAAAAGCACCTCTCTGTTTTTTTCTAAGTCTTCAATAGTTAGTCCACGTAAACTGGTCAACGGTACGCCTTCGCCGAGTTCACCTGCAGAACTGTTACTTCCTTCGTACAAAGATCCATTGATCACTATTCCTGCACCGAGACCGACTGGTTTTGAAAGATCATATGGTATCGCAAAGAGAAAATACACAACATTCCTCGCATCATTCAAATAACATGCAGCTGCAGCATTTGCATCGTTCAAGATCATGAATGGCATTCCTGTGATGCTATTAACGGAAAAGTCTTTAAGGCACAGTGCCTGAGAGAAGATTATTCGTCCTTTCGATGAATTTATAAT
NZ_AP014510.1_gap43	1955382	1955984	602	ACATTTACGAGCTGCCAAAATTCATTCTTTGCGAGTCTTATCGCGTTGGCTATTCTAAAAGTCAGTAGAGCATAGAGAACGACACAGATACCGATACCCAAGAAACCAAATTCTTCTCCTATGACTGATACTATGAAATCTGTGTGATTTTTTGGCACATATCCCCAGTTCGTCGAAAGGCCTTTTAAATAACCTCTTCCCAATAAACCACCAGAACCAATCGTGTGGAGTGATTGAGTGACGTTGTAAGCACTACTCTGCTTGTACATCGATGGAGATAGAAATGAGATGATCCTTTCTCTCTGATAATCTTTAAGCCCAAAGAAATACAATAAAGGCATCAGCGCGATAAAAAAAATCAAGATTATGAGTATAATTTTCAACGGAATCCGTGAACAAAAGACAATAACAAACCACAACATGGTGATCAAGATCGCCGTACCAAGATCTGGTTCAATCGCCACAAGTAAAGCAAGTGTACCAGTAGTCAATAGTGAAAAAAACATATGTTTTGTTGAAGCATTCACCAACAGTGTTGCAGTAACAAGAATTACACACATCTTCGCGAGCTCTGATGGCTGAAAATAACCAATTCTCAAATC
NZ_AP014510.1_gap44	2008830	2009548	718	CCAGACTTTGATATCACATCAAAAAGAGTTTCACGTGGATCGATCTCATCAAGTACTGCAGCTGCTTGATCGGGGTCGACATTTTCAAGGAAGAATATTCTCAGATACCCACTTCTCTCCTGCTTGGTCAAATAATTCCAATCTGGTGGTGTCAAAGCATTTGCAAGCGCTACAGCCCCCAGGCTCGATCCACCTATACCTATAACGACTAAATTGTTGAAAGACAATACCCATTGCCTTATATCTTCAACTGAATCCATATAACTCCTGTCAAAAATGACGTTGACAAATCCAGGTCTGCTTTTTACAACTCTCTCAACAGATTTTGTAACTTGATCTCTCACAGAAGCGAATTCTTCTTCACTTATACCACCCTTTGTATTCGGTTCAAACATGAAACTGAGATCGAATCGAAGCACGATATCCCCCCCTCAATAGGAGATGACTGTCTTAACTGGATACTCGGTGAGCTTTTTTCTTGGCTCAAGATATGTCAATTCTATCAGAAAACACATACCTACAACATCTCCACCAGATCGCTGAACAAGTCTTGCAATCGCACTGGCTGTGCCACCTGTTGCCAAAACATCATCCACAACAATGACTCTCTGTCCACTTTGAATAGCATCTGAATGCATTTGAAGCTGTGCTGTACCGTATTCAAGATCATATTCTATAGAGGTTGTTTCATAAGGCAATTTTCCTGGTTTTCTGATTG
NZ_AP014510.1_gap45	2044948	2049870	4922	GGTTCTCTGGTTCTTTGACAGTTGGTTCTGTTTGCAATACTTCAACAGCTCTCTGTGCAGAAACAGAAGCACGTGGTAAAAACACAAAGATCATGGAAATCATGACAAAGGAAAAGAGAATTTGCATCACATATTGCATAACTGCCATCATCGAACCAACTTGAAGTTTTCCAAGATCTATTTGTTTAGCACCAAACCAGATCAATGCAATAACTGTGAAATTCATTACGATCATCATTATTGGAAAAATGATGGCTCCTATCCTGTTGACCTTCAAAGCAGTTTGTGTCAAATCTTCATTTGCTTGTTCAAATCTGTTTTTCTCATATTCTTCTTTGTTAAAAGCTCTGATAACTCTAATACCTGTGACTCTCTCTCTGAGCACGAGATTTAATCTGTCTATCTTTTTTTGCATACTCTTAAACAATGGCATAGTTTTACTGAATATGAAGTACATCGCAACCAGAGCTATGGGTACAGTTATGAGCAAAATCATTGTGAGTTTTGCATCTTTTGATATTGCCATGATTATACTGCCAATGGCAACTATTGGCGCTCTTATGACCATTCTCTGTATCATAACTAATGCTTGCTGTATTTGAGTTATGTCATTTGTCGTTCTTGTGATCAGAGATGCTGTGCTGAATCTATCAATCTCGGCAAGTGAAAAACTTTGAATCTTCCTGTAAAGATCATTCCGCAGATCTCTACCCGCTGCCATAGCAGCCTTAGCTGATGTCAAACTCATCAAGATTATTGCTAATACCTGAACTAATGATACGAGTAACATCTTTCCACCGACTTGCCATATATAATCGATATTACCTTTTGTGATCCCTTTGTCTACAATTTGGGACATGAGATCTGGCAGATACAAAGTCACATAAGAATCAACAATCACGAGCGCAACAGTTATAATTACCAACCAAAAATAAGGCTTGAGATACCTGAAAACCTTAAACACTGCGATCACCCCTTAGATGTTTTTTTAAATTGACTATCATCCTGTCCAAAAATTGTTTGAGTTGATTTTTTTCATCTTCGGAGAATCCTTGCATAGCTATCTTTTCTATCTCCTGCATTTGCTCTTGTAAAAATTTATGGGAGCCCTTACCTTTTTTCGTCAAAAAAACTCGCTGAAGTCTTCTATCGTTCGCATCTTGTTGCCTTTCTATAAGGCCTGCTTTTTCCATTCTTCTTAACATGATGGCAACTGTCGCTGGTCTTAAATTGAGCTTCTCCGCAATTTGGTTTTGCGTAATACCTTCGTTTTTTCCTATGATCATGAGCATGGGCGGTTGACCTGGATGTATACCAAGATCTTCCAATTGTTCATGAACAAGGTGAAAATGCAACCTTTGTACAATGAGAAACCGCTTAAAAACGTAATCTTCGTTCATACTATCACTCCTTAATTTGACGTCTAATAATTAGATGTCTATATATTATCACTGACAAAATCAAACGTCAATTAAGAAATTTCTACATCATGGTTGTATAATGATTTCAGGTGATCAGATGATAGATTTTCTTGGCAAAACCATCGAGTGTAGTTGTGGTAAATTACATGAAGTTCCAAATATAGAGATAATTTGTGAGGACTCAGTCTCTCAAAGACTATCCGAGTTCTTTGAAGATGCTTTTTTTCTTGCCGATGAAAATACAATTTCTCTTGTCAGGAGTCTTGAAGGAAAAACCATCAAGTTGAGAGATCCACAAAGAGTTACCGCTACAATGGAAAACGTTCAAAAGATTCGAAGCTTTTTAAAAAACAAAGATTGCCGAGAAATTGTATCGGTGGGTTCAGGAAGCCTGACGGACATAGCAAAATACACAGCTTACTTGACAGACAGAGAGTTCTCGGCTTTTCCCACTGCTCCATCGGTAGATGGTTATACTTCATCTGTGGCTCCACTGATCGTTAGAGGCGTGAAAAAAACTCTGACAGCAAAGGTCCCGAGAAAGATTATTATCGATCCGGAAGTGATTGTAAATTCTCCAATTGATCTTATCAGAGCTGGTATAGGAGATATTTCATCAAAAATCATTGCAAGATTGGATTGGATTTTGTCTAATCTTCTCACAAATGAGTACATCTGCGATTTTGTCTGGGATGACATGAAAGGACTCTTAAAGGTTGTCTTGACGGACACAAGAAAGATTCTCCAAAGAGATAGATCGAGCATATTGAACTTGATGAAGATTCAGCTGATATCTGGTTTAAACATAACAATCATTGGTAATTCACGACCGGCTTCAGGAGCAGAACATTTAATCTCTCATGTGATTGAAATGTATCAAGAACATAGAGGACAATTACCATTATTCCATGGGCTTCAGGTTGCTATGGGGACCTACATAACCATGAAGGCGTACGAAGCGTTTTTTCAAGATATTCATTTTGCAAAAAGTCACATTTCACTCGAAGACAAAGAAAAATTGTTAATAGATTTCTTTGGAGAGAAAGTCACCAGCGAACTTCAGAAAATCTATTTACACAAAAGAAAAATTGAAAAGGTAGATATAAAAAGTATTCAAAAAATTCTGGAGCCAATTTACTTGCAGTATCATTCCATCTTGGAAGCATCTTTGTTTGATATGGGGGTTGGAGAACTTTTTTCAAAATATGATAAAAATTTCATCAAGAATGTGATTATCATCTCGACCACAATAAGAGATCGTTATACAATTCTTGATTTGTTCGATCAACTCGGAATCCTTAAAGACTTCTGCGATTGGTTCATGGAACATATGACGGAGGTGAAAGAGTGAATACTTTGAGAATAGCACTTGCACAGATCAACACTATTGTGGGTGATATAGAGGGTAATACAAAAAAAATCATCGAGAAAATCGAACTGGCAAAACAAATGGGTGTAGATATAGTTGCATTTCCTGAATTGTCATTGACAGGTTATCCACCTGAGGACTTACTTTTTAAACCTCACTTTGTTGCAAAAAATAAAGAAGCAGTGAATGAACTTGCCAAATATGTGACAAAGTCATTGATAGCAGTTGTCGGTTTTGTCGATGAAGATAGCGATATATACAACGCAGCTGCGGTAATCAACGACGGGAAGATCGTTGCCATATATCATAAAAATTACCTACCAAATTACGGAGTCTTTGATGAATTTCGTTATTTTCAACGAGGAGATAAAGCACTGGTAGTCGTCTCAAATGATGTTCGTGTCGGTATCACAATCTGTGAAGACATCTGGTATCCTGGTGGTCCTGCTCGCCTTGAAACTCTGATAGGTGATGCACAAGTTCTTATAAATATATCTTCTTCACCATACCATTCTGGCAAACTGACTTGGAGAGAAAGAATGCTTTCTGTCCGTGCAAACGACAACCTTGCCGTCGTTGCATATGTGAACCTCGTTGGTGGACAAGATGAACTTGTCTTTGATGGAGCGAGTTTAATCGTGAATGAACAAGGTGAAGTGATCGCCAGGGCTAAACAGTTTGAAGAAGATTTTTTAGTTGCAGATCTCGATTTGAATAATATCGAAAGATCAAGATTGCGCGATCCTCGCCGAAGACAGGATAAGAAAGCACTCGGGCAAGAAATTTTTGAGAAAGTACAGATTGTGAATATCACCTGCGAAAGGACAAGATCAAAACCTTATATTGAAAAACGTGTGGAGAAACACCTTGATTCTGTGGCTGAAGTTTACCAAGCTTTGGTCGTTGGAACACGTGATTACTTGCGAAAGAACAAAATGACAGATGCTGTGATTGGACTCAGTGGTGGTATGGATAGCTCACTTGTCTGTTGCATAGCAGTGGACGCACTTGGATCAGAACATGTAACGGGCGTTCTAATGCCAGGTCCTTATTCTTCAGATCACAGCCTTGAAGATGCGCGAATATTGGCAGAGAATCTTGGAATAAAATACCTGATCATTCCCATAAATGATGTTTTTCAAAGCTTTTTAAGTTGTTTGAAGCCTGTGTTCAAAGACCTTCCCTTTGATATCACCGAAGAAAATCTGCAAGCGCGTATTCGTGGAATGATATTGATGGCTCTTTCAAACAAATTCGGCTGGCTTGTACTCACAACGGGAAACAAGAGTGAAAGTAGTACTGGTTATTGCACTCTGTACGGCGATACTGCAGGGGGATTCGCGGTTATAAAAGATGTCTACAAGACCTTTGTTTATGAATTAGGCGAATATGTCAACAAAAAATATGGAAGAGAAATTATACCACGCAGAGTATTTGAAAAAGCGCCAAGTGCTGAACTCAAACCAAATCAAACCGACCAAGATAAATTACCACCATATCCCCTTCTGGACTGTATACTCAAAGCCTACGTTGAAGAAGATCGCAGTGTGGCAGATATTATTTCAATGGGATACGATGAATTAACCGTTCGAAAAGTCGCTTGGATGGTCGATAGCAGTGAATATAAACGCCGCCAGCTCGCTCCGGGGCCGAAGATAACTCATCGAGCCTTTGGCAAAGACAGACGCCTCCCGATAACAAATTATTTCAGAGAATGGGAAAACAAAAAATAAAAATTGGGCGACCTCTGTCGCCCAATTTACTCAAGCAGTCTTAGATGTGAAATTGAAATTTTTGACCTTGATAAACGGAGCTACCGTTGGAAAATATTCACCACTGGTTGATTCGGTTTCTTTTGAAATTGCTTCGATATTTTTGGTGAATTCAAAGAATTTCACATTGAACCTCATATTCTTGATAGCTCTTGTGAGTTGTCCATTTTCAATCAGAAAAGTGCCATCTCGTGTCATACCTGTGAACATCGCTTCGTAAGGATCTACGACGTTCATATAATGAAATCTGTTAATGTAGATACCACTTTTGGTCTCTGAGATGATTTTATCAACGGGTGTATTTCCACCTTCAATGACAAGATTGGCTGGTATTGCAAAGTCAAGATCTTCAAGTGAAAT
NZ_AP014510.1_gap46	2053080	2054413	1333	ACTCACCAAGATCCAGATGTGACAAGTGGTATTATCCTTTGGCTTTCAATAGCTGAAAACAGCAAAGTGTACATCTCAAATCTGTGGACACGTTTCTTGCCACATTTTGGTGTTTATGATAAAAGAAGAGTTGTTGGCATTCCTGATCACGGTGATACGATAAAGTTCAAAAGTGGGAATACACTTGAACTGATACCTGCACACTATCTTCACTCAACGGGAAATTTCACGCTTTATGATCCCGTAGCGAAGATACTTTTTTCTGGTGATATAGGCGCTTGTGTTTTCCCGGAAGGAAAGAAATATCGAGATACTGAAAACTTTGATTCGCACGTGAAAAATTTAGAACTATTCCACAAAAGATATATGACTTCAAACATCGCTTGCAGAAAATGGGTAGATATCGTTGGCAAAAAACAAATTGAAATGATAACACCTCAACACGGAGCAGTCATGAAAAAAGAATGTGCCAAAAGATTTCTCGAGTGGCTTAAAGATTTGAAATGCGGAGTAGACCTGATAGACCAATTCTATGGGAAGTGAGAAAATGGACGAAAAGACATTTGAAAAAATTTCATCTGCCTTTTTTGCAGAAAACTTGATGACCAGTTTCATGAATCAATTAGATGAAGCATTGGTATCACGTGTTCTGAACCTGCAAGAACAGATCAACTCGACTTCTCAAAGATTTCTACAGATGGAAGAACAATTGATAAAGATGCAGGAAAAATTTTCAAAAGACAGTGAAGAATTAAAAGAAACATTTTCTTCCGTAGAAAAAGTGAGCCAAAAAATGCATTCTGAGTTATCTGAATCTGGATCGAGCTTAGACCAAGTAAACGAAAAATTCAACAGCGCACTCGAGAGAACATCACACACACTGGAAAGTTTCAAAGAAACAGAATTAATGGTGGAGAGAATAACAAAAATAGCGAAGCAAACAAATCTATTAGCCTTGAATGCCTCTATAGAAGCTGCCAGGGCAGGTGAACATGGTAGGGGATTTGCGGTAGTCGCCTCTGAAATACAGAAATTAGCTGGTGAATCTAACAAAGCTGCCTCAGAGATAACCACAAAAGTACAACAGTTGAGTGATATGGTTCACAGTGCAATAGAAGATCTCAGAATTGTGACAAATCTTTTCACGGTCTTCCAGAAATCCACGCAAGAGATGCTCGAATTCTTGAAAAAGAATGCCGAATTAATAAACAAAACCAGCCAAACTTTTGAAGAAACCAAGGCAAATATCTCTCAACAAAGAGAATACATAAGTCAGACACATACAGTTTTGAAACAGGCAGAAGAAAAATTCAATTCAATGCTCAGGGTAATC
NZ_AP014510.1_gap47	2059459	2061307	1848	AGAGTGCAAATCCTTCTTAGAATAATACTCCCAATGATCTCATCACCAATGGTAGCAACTTTTATTTTGAGTTTTATGTATTCCTGGAACGAATTTCTGTTTGCTCTCATACTGAGTATAAAGAAAGCCACAACTCTTACTATTGGTGCCAGTTTGTTCATAACTGCGTGGGGTGTTCAGTGGGGAAGAATTGCTGCAGCCACTACTTTGTCTGTTATACCACCCTTTGTATTTGCTTTCTATGTTCAAAAATATTTAGTAGAAGCTTTTACAGGAGGCTTAAAAGAATGAAAATAGCAATAGGGATTGATATCGGTGGAACGGCAATTAAAGGTGCTTTAGTCACAGAAAATAATATCATTGAATATAGCATTCTTGAACTAATAAATAAAAAGAAACCGTTAGAAACACTCTGGAAGATACTTGACAAAATTCTCAATGAGAATCGAGAGAAAATAGAAGTCATAGGTATTGCATCAGCTGGGAGAATCGACTCAAATGAAGGAATTATTCTCTACGCTTCCCCCAATATTCCCGATTGGTCTGGTTTATATCTCTCAAAAATGGTGAAAGATAGATATAAGATACCTTGTTTCGTTATTAACGACGCCCGCGCAGCAGCTTTGGCTGAGGCAAGAAAAAGAAACGTATCAAATCTAGTCCTTCTAACGATTGGTACAGGGTTGGGTGGGGGTATTATCCTGAATGATCAATTGATATTTGGTGAACACTGGGAAGCCGGCGAGATTGGACATACCATTCTCAAACCATATGGCAGAAAATGTAATTGTGGGAAAAAAGGATGTGCTGAAGCTTATATATCAATGAAAGTACTGCACAAGTATGCGAAAGAAAAAAACAGAAGTGTATTAATAGAGAGATTCAAGAAAAAAGATCAAAATGTTGTATTAGCCGTTGAAAAAATGTGTAAGGATCTATCTGTACTGATTGATAAGATCTTTCTTACAATTGATCCACAGATTGTTGTAATTGGCGGTGGCTTCTGCGAATTGGGCACAGATGCACTTGAAATACTTAGAAAAAACATAAAATTTTACTCTTATAGATCTCTGTATAATCTCTCTCAAATAGAACTATCAACACTTGGGAATACTGCTGGTATAATCGGAGCAGTAATACACGCGCGGGAAAAATTAGTGAGGTGTTGAATCGTTGGAAGATGTCCAAGCCATTATGAAGATAAATTGGCTTCATTTTACCAAAAAAGAACAAGAACTTGCAAATTTTGTGATGAATAACGCGCAAAAGCTGGTGTATATGACCATTACAGAATTAGCGGAAGAACTCCACGTAGGTCAAGGAACAATTGTTAGATTCTGCCAAAAGCTCGGTTTTTCTGGTTTTCATCCGTTTAAAATCGCACTTGCCAGAAGTGTAGGACAACGTGAACAGGAAAAAGAAACAAACAATTTGATATCACTAGTACGGCAAAATCACATAGAAGTCATCGAGGAAACTTCAAAACTTTTGAGCTTAAATGAGCAAATTATCAAAGAGTGTTCTAAAAGAATAGCTACATGCAGAAAACTCTTTTTATTAGGAGTTGGTGCTTCTGGAATAACAGCAATGGATGCCTTTTATAAGTTCATGAGAATCGGTATAGATGTAAGATATTCTTTAGACACACACATATTAGCAATGAGTCTTTCAGAAAGTAATGAACAAGATTGTGTGCTCGCTTTTTCGCAGACTGGTTCAACGGCGCTCGTAGTGGATATGGCTGAAATGGCAAAGAAAAATAATTCCTGTGTAATTGCTATCACAGCTTACAGCAGATCGCCACTCACAAAGTACGCAGACTATGTCATCTTGACTGCCATTAGAGAG
NZ_AP014510.1_gap48	2073446	2074466	1020	CCAATACAATTCTTGAGCCTTTTGAGAGATCTTTGTTGATCAAGTGTATCAACAGGTTTGATGTATTCTACAAGCTGCTCAAGTTTTTCCACAATTTCCTTTTCTTCTAAGATGGGATCTGAAATCAACTCATAATTATCTTGTACAATCTCAATAAATTCATTTATCTGCATTTGACCTTGAATCACTTTTAAAGCATTCTCTTCAAGGGAAGATAAGAATTCCTCAACGAGAACCGGCCGCATCGTGAATAATACTCTCCTTTTCAAGCGGCGCAAAGCCAGAAATTCTCATGTCGAGAAGTTTCTGAATCGAGAAAAGCATAGCGAATACAATCACAAGTATTACTAAACCAGCCACTATTAAAGAACCTTTTTTCATTCTAAGTATCCTATATAAGGGAGATTTCGATATCTTTCCTCGTAATCTAAGCCATAACCAACGAGAAAGACATCTCCCACTTTGAAACCGACAAAATCGATAGGTATACCGTGTTGATATTTCTCCTTCTCTATTAAAGCTGCTATTTTCAAATCTGCTGGTTTATATTTTCTCAAGTACGAAAGTATATACCTGAGTGTATTACCTGTGTCAACGATATCCTCCACAACAAGTACATATTTTCCCTGCAAAGTTTCATCCACCCATGACTTCACACGTATTCTGCCAGTAGATTCAGTCCCTGCATAACTCGATACATGGACAAAGGAGTAATTGACATTCATATTTATGTTCAAAACAAGCTCACTGAAAAAATGTACAGAACCCTTTAGAATACAAATCGCACATAAAGATTCTGTCTTACCGCGATAATAATTTTCTATTTGTTTTGCCATATCTTTGATTTTCCTGCGAACGGTTTCTTCGTCAAATAGAACTTTTAGCTGCACAGAATGCCTCCTCTCAAAGTGTCAGGACATAAACTAATTTTTCCTGATTCTTGATCTGTTTATCAATCTCAAGAATATTATTACTCGTGTATTTTACATTTTCGCACAGTTTTGTGAATTCTTCAACAGG
NZ_AP014510.1_gap49	2187112	2187612	500	TATTTTATCACGTCCTTACAATTTCATGGATTGAATGAAAAAATTTCACATATAAATATACTAACCCGAAGTATTCGGTTTATTTGTCAGTGTATAATACTTTTGGGTTGTGTCCCAACATTCAGAGGAGGTGTACAGATGAAAGTCAGAGTTGATGAAGCAACATGCATTGGCTGTGGAGTTTGTGAGAGTCTCTGCCCTGAGGTTTTCAAGCTTGCTGATGATGGTAAAGCAAAGGTTCTCCAACCCGAGACTGAATTAGATTGCGCTAAAGATGCAGCTGACAGTTGTCCAACAGGTGCAATCAGTGTTGAAGAGTGAAAAAAGAGGCGGATGACCGCCTCTTTTTCCCATCTTATCTGAAAATCCTCATCGAATAGGAAAGTTCTTAGAAGATAAACAATTCTGTTCCTTGAAGTTACCCTTTGATTGGTTCATAATAATACAGGTACCTACCTAATATCATCAACGCGATTTAATTTCGTGGGGAGCATATCTTT
