gap_id	start	end	length	sequence
NZ_AP017459.1_gap1	13492	17112	3620	AAAAAATTGACGGTATTGCAGATTTACGCGATGAGTCTGACCGCGACGGTATAAGAATAGTCATTGAAATTAAAAGAGATGCAAATGTGCAGGTTGTTTTAAACCAGTTGTACAAACACACTCAGATGCAGTTGTCTTTCGGCGTTATAATGCTTGCGCTTGTAAACAATAGACCTAAAGTAATGAATGTTAAAGAAATTTTAATACATCATATTGAACACAGAAAAGTTATTATTATAAGAAGAACAAAATTTGACTTACAGAAAGCCGAAGCAAGATTCCATATTTTAGAAGGACTAAAAATAGCGATTGACAATATTGATGCTGTTATCAAAATTATAAAAGAATCTGCCGATGAGGATAATGCGCGTGTAAGTTTGATGTCAAAATTACGCTTAACTAAAATTCAGACTGAAGCTATTTTAGAAATGAAAATCCGTCAGCTGACCGGACTAAAGAGAAAGGAGATCGATGATGAATATTTAGAGCTAATAAGACTTATCGAGAAACTTCGCTCTGTACTAGCGGACCCTAAGAAGGTTTTGGATATAATTAAAAACGAAGCCCTTGATATAAAGAGAAAGTACGGCGATAAAAGAAGAACGCAAATTCAAGCTGCAGAAGCTGATTTCAATATTGAAGATTTAATTCAAGAAGAGGAAGTTGCGGTGACAATGTCGCATGCCGGGTATATTAAACGCATACCACTTGACACTTACAAAGCACAGCACAGAGGCGGACGCGGAATAGCTGCGATGAACACAAGAGAGGAAGATTTTGTCGAGAATTTATTTATTACAAGTTCTCATTCATATATGCTGTTCTTTACAACGCGTGGAAGATTGTACTGGATGAGAATTTACGAAATTCCTGAGGGAGCGAGAACGTCAAAAGGAAAAGCTATAGTAAATCTCCTGCAGCTACAGGGAACGGAAGAGAAAATTACCGCGGCGATTCCGATAAGATCTTTTAATCCTGAATATACTAAAGACGAATATCTGCTGATGTGTACGAGAAACGGCATAATCAAGAAAATTGCGCTTGACAAGTTTATAAATCCGAGAAAACGCGGCATAATAGCGATTAAACTTGAAGACGGTGATATTTTAACGGAAGTAAAAGCGATAAATAAGAACCCTGAAGTTGTAATAGCTACAAAAAAAGGCAGTTCTATTAGGTTTAAAGAGAGTGATATAAGAGTGATAGGTAGAGCCGGTCGGGGCGTAAAGGGGATAGAGCTTAAAAAAGGTGACGAAGTTATAGGTATGGAAGTTTTTTCCCCTGATGATGTTTTCCTTTCGATCTCCGAAAACGGTTATGGCAAAAGAACGAAAGTAGGCAAGTATCGTTTGCAGAAAAGAGCGGGACATGGTGTTATAAATATGCAGATGTCAGAAAGAAATGGAAATATGATAGGCATTAAAAAAGCAAATGATGGCGAAGAGGTAATGATAATAACCCAAAACGGCATAACGATAAGACTCAGAGTAAACAGTATTTCTGTTATAGGCAGGAATACGCAAGGCGTGCGTCTGGTGCGGCTTGATGCCGGGGACAAAGTGGCGGCAATCGCCTGTGTGGTGAAAGATGAAAACAGCGAAGAACCGCAGTGTACTGTAAAGAAAGTTGAAAAAGAGGGTTGGTAAAACAGGATAAAGAATGGAGAAAAAATATAATAGAAAGAAAAAGTGTAAAATCACTAGTATGCTATATGCTAAGAATTTGAAGATATGAAGCTGTAAGAATTTAAAACAATTAGAATAGACCGATGAAACAGTAAGCATTTCCCGAATATATTAATCCACCTGCGTTCTGCATTTATTATTTGCTGAGCCTGTGTCCTTTTATATTATTCAGTAACCGTCCTTACAGTTTTGGATTATAGTAGATATATAATATAAAAATTTGTGGAAAAGCTGGTATTTTATTTGTTATTTTTAACTTTTTTCATTTCGGATATTTTGTACTTTGTACAATGCATAAACAATCAGTATCCAAAGGGGTACTGCGATAGTCTGTCTAGTACATCCACAAAATTTTGCCATAACGATCAAGATGAAAAGGATAAATGCGAATATCAAATAATTTGTATAAGGATAGAGAGGCGATGGAAACAAAGTTTTGTGATTTTCAAGATTTTTTTGTTTTTTAAACTTTATGTGAGACATTGCAATCAGACCCCAGTTAATAAGAATACAAACAACTACAAAGCTTATAACTGTTTGAAAGGCATCAACCCAATTTGGCATAAAATAGTTTAACGGAACTACTAAAAAAGTTAAGACGCCAGATAGCATCTGTGCAGCGACAGGCACACCTTTTTTAGTTGTTTTTGCAAAAATCTGCGGAGCATTATTTTGTAGAGCAAGTCCGTAAAGCGTGCGACTGTTGCTGTAAATACAGCTGTTATAAACTGATAATGCAGCGCTTAAAATTACGAAATTAAGAGCCCATGCGGCATGTTTAAACCCTGTTTTGTCAAATATCATTACAAAAGGACTGTCAGTAGTGTGCAAATTGCTCCAGTGATAGAGTGCTAAAAGCACAATAATAGAGCCGATATAAAAGAACAAAATGCGAAATACCACCTGATTTACGGCTTTAGGAATAGTTTTTTGGGGATCGGCAGTTTCCGCGGCTGTAATTCCTATGAGTTCCAGCCCACCAAAAGCAAAAGTTATCATTGGAATAGCTGCCAGAAGTCCGATAATACCGTGAGGAAAAAATCCGCTTAAAGCAGGATCGCCTGTATGTTCGCCGATAGTTGCCGCCATCCATAAGTTTTTAATGGTTGCACCGTCAACTAAGCCAGGATTTATAATTAATATGTATCCGCCTGCCAGAATCATAGCGCAGATTGCAGTTACTTTTATAATTGAAAACCAAAATTCTATTTCGGCGTAAGCCTTTACCGCGGTCAAATTTATTGCATTTATAAGTATAAAAAATAGTAAAGCTGTTTTCCATGTTGCCAATGTCGGAAACCAGTACTGCGCGTATGCTGCTACCGCGGTCAGTTCCGCTATACCGACAAGAACATATTGAATCCAGTAATTCCATCCTGATAAAAATCCCGGAAATTTTCCCCAATATTTATAAGCAAAATAGCTGAAAGATCCCGTCATAGGCTCTTCTGTTTCCATTTCGCCAAGCTGGCGCATAGTTAAGAAAATTGAAATCCCAGCAATCAAGTATCCCAAAATGACCGCGGGACCTGCCTTAAAAATTGCCTCTCCTGTTCCTAGAAATAAACCGGTTCCTATGGCGCCGCCGATTACAATAAACTGAATGTGACGGTTTTTAAGTTTGCGTTTCAAATTGCCTTCTTGAGGCTGTTTCATAATGACTCCAGTAAAAAATTTTAATTTTGAAAGAAGAGACTATATATTTATATATAGTATAGCAAAGAATTGTCGGTCAATTCACCTGAAGGGGAATCCCTATGCTTTCTTCCAAGCCGTCTCTTTATACATCTTGTATTTAACGTCTGGACTGTTAGGTATTTGTCTATCTGTACCAATCGCGGCCGAACAGTACAAGCTTAGCGTCGTTGTTTTTTATTTCCCAATAAGTATGTTGGGAAGGTCTGGTTATCAAGCAAGTAAATCATACCGGAGTGC
NZ_AP017459.1_gap2	18607	19779	1172	TTTATGTCATTGTAGCGTCGTTTGAGTTCTTTCATAACGCCTTTGCCTGTAATATGGTTTGGCAGACATCCGAAAGGCTGTACGCAGACAATATTTTTTACACCGTCTTCTATAAGTTCTAACATTTCAGCGGTCAGCAGCCAGCCTTCGCCAGTTTGATTACATACCGAAATAATATCGGAAGCTTTGTGTGCTAAATCTTTTGTTGTCTGATATGAATGAAAATGCTTGCTTTTTTTAAGGGTTTTTCTTATACCAGAACGAAGTCTTTCTATATAACTGCTTGCAATAAGTGACATAACTTTGTTTTTAAAGCTTCCGGCGAGATATTTATGTTTGTATATATCATCAAGCATACAATAATTTATAAAATCTGTCATATCGGGAACTACTATTTCCGCTTCTTCTTTTTCTAAAACTGAAACCAAATTATTGTTTGCGTAAGGATGAAATTTAACTAAAATTTCCCCAACGATGCCGACGCGCGGTTTTTTTACCTTTTGGGCGACTATGCCGTCAAAATCTTTGACAATTTTTTTTACGGTGTTTTTGAAATCAAAGTACAATGTTTTTCCTATTCTGTCGGAAAGCCTCATAAGCCATGTTTCAACTAAAGCATCCGTCTGTCCCGAATGAACTTCATAAGGGCGCATGCGGTTTGACAGTCTCATAAGCAAATCGCCGTAGAGAAGTATAAGCAGAGTATCTTTTAACATTGAAAAAGAAACACCCAGAGATTTATTGAGTGAAGAATCCGTAGTGCTTAAAGAAATTACCGGTACATTTTTAAAGCCTGCTTTCTCTGCGGCTTTTCTTAAAAAACTTGCATAATTTGTAGCTCTGCATCCGCCGCCTGTCTGGGAAATTATCATTGCGGTCTTATTTATATCGTATCTGCCGGATTTTAAAGCGTTTATAAGCTGTCCAACGACAACTATCGTTGGGTAACACGCATCGTTATTTACGTATCTTAATCCTTCTTCAATATCGGCTTTATTAACTTCAGGCAAGACTTCTAATTTTATTCCATAATTGCGCATAACAGAACCTGCGAGGCGGAAATGTACGGGGGACATCTGAGGGCATAAAATGGTGTGAGAATCTTTCATATCTTTTGTAAATTCTGAAAACTTCGAGACCTTCGTCCCTTCAAAAATAGTATCTTTAAATTT
NZ_AP017459.1_gap3	136207	139308	3101	GAAAGATATTCCAAATGTTGGTGCGGAAGATCTTTTGGATCTTGATGAATACGGAATAATTAAAGTTGGGTCGATGGTTCAAAGAGGTGATATACTTGTTGGAAAAACGGCGCCTAAAGGTGAACAGCAGATGACTCCCGAAGAGAGACTGCTTAGAGTGCTGTTCGGCAAAAAAGCAGAAGATGTGCAGGATGTATCGCTTAGAGTGCCGCCGGGAATATCGGGTAAAGTTATAGGTGTAAGAGTTTTCATAAGACTTGAAAAAATTACAGACAAAGAAAAGAAGAAAAAACAGAAAGAAATGTACAGTGTTTATGAAGCGGCAAAAGCAAAACTTTGTAAAGATAAAAAAGAACAACTTGAAATTGCAAAGAAATCTGAAACTGCAAAGATAGAAGCTATTTATGCGACAAAAGAAGAAATTTTAAGACAGAATTATGAATCTGAAAAAGAAAAATTAAAAAAAGGCGATGATCTGCCGGTTTCGGTAAATAAGACGGTAAAAGTTTATATTGCGGCAAAACTTAAAGTTCAGGTGGGCGATAAACTTGCGGGAAGACACGGAAATAAAGGTGTTGTTGCAAGAATACTTCCCGTCGAAGATATGCCGCATCTTCCAGATGGAACGCCGGTTGACTGCGTTCTTTCGCCGCTTGCAATTCCTTCGCGTATGAATGTGGGACAGCTTCTCGAAATTATGCTGGGATGGTCCGGAAAAGAGCTTGGAGTGCAGATGATAACACCCGTATTTGACGGTGCGAGCGAGGAACAGATAAAAGATTATGTAGAAAAGGCTAAAGCTAAAATATTGGATAAAAAGAAAAAACTGCTGATTGATCACGGGTTAGAAGGTGTAGAACTTGAAGAATCTTTGAGTAAGTTTGCCGATGAAAGTCTGCCGACGAGCGACTGTAAAATTAAGCTTTATGATGGAAGAACCGGCGAGCCGTTTATGGAAAAAGTAACGATAGGTGTTATGTACGTTATGAAGCTCAATCATCTTGTGGAAGATAAGATGCATGCAAGATCTACCGGTCCTTACTCTCTTATTACTCGGCAGCCTCTGGGCGGAAAAGCACAGTTTGGTGGACAGAGGTTTGGAGAAATGGAAGTATGGGCTATAGAAGGTTACGGTGCAGCTCATATACTGCAGGAATTTTTAACCGTAAAGTCTGATGATGTTGAAGGAAGAGTGAAAATGTATGACTCAATCATAAAAGGCGAGTCGATATCCAAACCCGGCGTTCCTGAATCGTTTAAAGTTTTGGTAAGTGAGCTTAAGTCTTTAGCCCTTAACGTTGAGCTTTTCAACGGCAAACGCCAGAAGGATAACCATGAGAAAATGAAAGGTGTCGATAAAAAATAATGGTTAAAATAAATTTTCAAATCAAAAAGAAAAAGTCAAACGATCCCAATTTTATTGGTTTTGACGCTGTAAGAGTGTCCGTTGCAAGTCCTGATCAGATAAAAACATGGTCTTACGGTGAGGTTAAAAAGCCGGAAACTATAAATTATAGAACGTTTAAGCCCGAGAGAGACGGTTTGTTCTGCAACAGAATTTTCGGTCCTACAAAAGACTGGGAATGTCATTGTGGAAAGTATAAATATATAAAATACAAGGGAACGATATGCGACAGATGCGGCGTTGAGGTGACTGAGTCTAAAGTGAGAAGAGAGAGGTTCGGTCATATTAATCTTGCGGTTCCCGTAGCCCATTTGTGGTTTTTGAGGAAACCGCCGTCAAGAGTCGGAATACTTTTAAATATGAAAATTTCCGATTTGGAAAAGGTTATTTACTATGCGAAATATATAGTAATGGGAGATTTAAAAGATCGATCGGGAATTTCTTTTTTTGCCAGGAAAGGCATGCTCATGGGAGGAGAAGATTTTAATTTGTTTAAGTGCGGAATAAACAATCCCATAGTAAAGGAAGAATTCAAAAATATTTTTGACGGTATTGTTTGTGAAGAAATAAAGCTCGATTCCAATTTGACAAAAGCTTTGAAACAGCTTAAAGTTTTAGTGAAAGGTCAAGCTGATTCGGCGGGAATATCTACCGAAGAAGCCGCAAAAAAGATTCTTGAAAATGTCAAAAAAGGTGACATTTATTATAAAGTTTATTTTAAACCTCATTCAGTGTATTATTATATTGATTTGGATCCATCAAGCCACGGAGAAATAAAAAAAATTCTTTCTGAAAAGTTTGAAAAAAGTTCTACGGTTTCAATAACGGAGACTGATAAAAAAATTAGGATAGAATTTTTTGATATTGAAAAAGACAAAATTTACAATGACCTCAGAAAAGATTCCTTCGCTCTAAAAAAATATGAAGGGTGTCTTAGAATTGAGATATTAAAAAATAAAATTCCTTTTATAGAGAATTTTTCAAGGTCTGATAGTTTTGTTCTGCTTGAGGAAAGCGATATAAATAATATTCAAAATGGTTTCGGGGACAGTTTAAAAGTTAATATCGGAGCGGAGGCAGTGAGAAGTCTTCTGGAAGAAATTAATCTGGACGATGAAATGAAAAACATTTATGCGGAGATTAAAAAGACAAAATCGGATGCAGAAAGAGCGAGGCTTCTCAGAAAACTCAGAGTAGTCGAAGGATTTTTGAATTCTCAGACAAGACCGGAGTGGATGATTTTGACCGTTCTTCCGGTAATCCCTCCCGATTTGAGACCATTGGTTGCTTTGGACGGTGGAAGATTTGCAACTTCTGATTTAAACGATTTATACAGAAGAATAATAAACAGAAATAACAGACTGCGTCACATTGAGCAACTGAAAGCTCCCATCGTTATGATAAATAATGAAAAGAGACTTTTGCAGGAAGCGGTCGACGCTTTAATAGATAATGATTCGAGGATAAGACCAGTGACGGGCGCCGGCAACAGAACACTCAAGTCTCTGTCTGACACGCTTAAAGGCAAGCGGGGACGTTTCAGACAGAATTTGCTGGGGAAAAGAGTCGATTATTCTGGAAGAAGTGTCATAGTGGTGGGACCTAATCTGAGATTAAATCAGTGTGGGATTCCCAAAGAAATGGCTTTAGAACTTTTCAAGCCTTTTATTGTAAAAGAGTTGATAAAACAGGAAAA
NZ_AP017459.1_gap4	140920	145568	4648	ACCGGAGAACAGGTTGAGATGGGCGAAGCAGTGGGTATTCTGGCGGCGCAGTCAATCGGCGAACCCGGCACACAGCTTACTCTAAGGACATTCCATATCGGCGGAGCCGCAAGCCGCGTTGTTCAGCGTTCGGAAGTTTACGCTGAAAACAATGGGACAGTCAATTATTATAACTTAAAAACCATTCAGAATAAAGATGGCGAAACTATAGTTTTAAGCAGAAATGCGGAACTTGTATATACGGAATACCCAGTTTACCGTAAACAGATCTATCAGATACCGTATGGTGCGGTAATTAAAATTTATGACGGGCAGACAGTTGAAATTAGAGTTAATCCCATCACAGGAATGAAGAAAGACATATTGATAGCAAAGTGGGATCCGCATTCAAAGCCGATTATTTCGGAATTTGCCGGAACGGTGAATTTTGTTGATGTAAAAGACGGCGTAACTCTTCAGAGAGAAAAATCAAAAATAACCGGGCAGATAGAAAGAGTTATTATTGAGCATTCTTCTGATAGGAGAAGTCCCAGAATTGTTGTTAAAAAAGACGATGGAAGTGTCGTGGAATATCCGCTTCCGGTGGATACGACTCTTGTTGTACGCGACAAAGACAGGGTTAAATCCGGCGATATTTTGGCAAAAATTCCGCAGGAAATTTCAAGAACAAAAGATATTACTGGCGGTCTACCGAGAGTTGCGGAACTGTTTGAAGGAAGAAGACCCAGAAACGTCGCGGTTGTTTCAGAGATCGACGGTATAGTTCATTTAGTCGGACCTACTGTAAAAGGTAACGTAAAAGTTGAGGTTGAAAATCCTGAAACAAAAATGAAAAAGAGTTATCTTGTGCGTGCAGGTCGACATCTTGTTGTTTACGAAGGTGATAGAGTTAAAGAAGGTGAAGCGCTTTCCGACGGAGCGATAAATCCGCACGATATTCTTAAAGTTAAAGGTCCTAAAGAAGTTCAAGAATATCTTGTCAACGAAATTCAGCAGGTTTACAGGCTTCAGGGTGTGTCAATTAACGATAAACACATTGAAATAATAGTAAGACAGATGTTATCTAATGTAAGAATAACTGATTCAGGAGACAGCCACTACCTTAACGGTGAAATTGTTTCAAGGTACAAATATGAAATTGACAGAAAAGCCATTAAAGGGAAAAAAGGAAAAGCTCCAATTGCTCATTCTATTCTTTTAGGCATAACAAAAGCTTCATTGTCTTCAGATTCATTTATTTCTGCCGCGTCTTTTCAGGAAACAACGCGAATTTTAACTGAAGCTGCTATTTCAGGGCAGGTTGACTATTTGAAAGGATTAAAGGAGAATGTTTCTATAGGTCGACTGATACCTGCAGGAACAGGACTTGCGGCGGTTGATATAGGCGATAACAATAAATTTTATTCGAGGGAACAAAACGATGCCAACAATTAATCAATTGATAACGAATGGAAGAAAAGGCATAATAAAAAAAACAAAATCGCCGGCGCTTAAGAATTGTCCGCAGAGAAGAGGCGTCTGCACAAGAGTTTATACGGTGACTCCTAGAAAACCTAATTCTGCTTTGAGAAAAGTTGCAAGAGTAAGACTTACGTCGGGGTATGAGATTTCTTCATATATACCGGGAGAGGGACATAATCTTCAGGAACATTCTCTTGTGCTTATCCGTGGCGGACGTATAAGAGATCTGCCGGGTGTACGTTATCATATTATAAGAGGAACTTTAGATACAGCCGGGGTTGACGGACGCAAACAGGGAAGGAGCAAGTACGGGGCTAAAAAGGCTAAAGTGGCTAAAACAGCTTCAGCGAAGTAATGCTCTGTGTTATTTTATTGCGCTTATTGGTTTTTGTTTTGTTTATGGGCAGAGACGGTGTTGATGTTGCTGACAAATGCAAGTTTGTGGCAGGAAAGAGTTGGAAGTGCCCGAGGAAAGAAGCAAGGATGATTATTGCTGAAAATGTTTGTGGTAGGGTAGCACTTTGTTTTGGGTGCTTCATATGTTTGTGTCGATGATAGTTGAGTGTGTGAATACTTATCCGCTCGAATATCACAAGATAAGAGTTGTAGTGTGAAAGATATAGAAAAATAGTATACTTAATTGGGTTTGGCATGATGAATAATATAAATATATAGAAATAAATTAGGTAATAAGAGGACAATATGCCACGCAAAGCGTTAAAACCGAAAGAAAAAAGAGGTCTGCCGGAACCGGATTCAAAGTTTGGTTCGGTGCAGATAGCCAGATTTATAAGTAAACTCAATTTTGAAGGTAAAAAAAGTATAGCAGAATCAATTATGTATGGTTCTTTTGATATAATAAAAGAAAGAACGGGTGAAGATCCCGTTTCGGTTTTTAACAGAGCTTTAGAGAATATAAGACCGCTCCTTGAAGTAAGACCGCGCAGAGTCGGCGGAGCTACATATCAGGTTCCTATGGAAGTTCCCGTAATTCGCTCTACAACTCTTGCTATTAACTGGCTTATAGGGATTGCAAGAAGTAAAACCGGAAAACCGATGAGAGAAAAACTTGCTCAGGAAATTATTGACGCCAGCAAGAAAGAAGGTGCTGCGGTAAAAAAGAGAGAAGATACGCACAAAATGGCGGAAGCGAATAAGGCGTTTGCACACTACCGCTGGTAATTTTTACTTTGATATTTTTTTTGTTATATTTCGATACTAATATGTAAACTTCGGCGTAGCAAGCCTCGGTTCTTGTGCTATGGTTGGAATAATGAATAATCTTAGATTGGGAATGACGAAGCAAAGTGTTTTGTAAAGTTATTGATAAACCAAATACTATTGCAATGCAGTGTGGTTTCTGAATATTTGGTTTATTTTTTGTATGGTAAAAGGCGAGACTATTTTACTCGCTTAGCGGACAGTGTTGTTGAATCGTACGGCAAAGTCGGTAATTTTGATAGTATAAACAAAATGCAAATGAAAATATAGTTCAGTACAGATAAAAAGTGTATAATAAAAATATAAAGGTTTATAAATATGGCTAGGGAATATCCGTTAAATAAAGTTAGAAATTTTGGAATTGCGGCTCATATTGATGCTGGTAAGACGACGACGACGGAAAGAATTTTGTACTATACGGGAAGAACGCATAAAATTGGCGAGGTTCATGAAGGCGCTGCCACTATGGACTGGATGGAACAGGAAAAAGAAAGAGGTATCACAATCACTTCTGCCGCTACATACTGTAGATGGCAGGATATGCAGTTCAATATTATCGATACACCTGGGCATGTTGATTTTACCGCGGAAGTTGAAAGATCTTTAAGGGTTTTGGACGGAGCGGTTGTTGTGTTTGATTCAGGAAACGGAGTTGAACCGCAGTCTGAAACTGTCTGGAGACAAGCTGATAAATACGGCGTTCCGAGAATTGTTTTCTCAAATAAAATGGATAAAGTAGGTGCGGATTTTTTTATGGTTGTAAACGATATAGAAGAAAAGCTTGGGGCGAAGCCTATTCCTGTTCAGATTCCTATAGGTGCGGAATCGAGTTTTCAGGGTATAGTTGATTTAGTGACTATGAAAGCTCATATATGGTCGGGCGAAGAACTTGGTGCAAAATTTGACATAACGGACGTTCCAAAAGAACTGGAAGAAAAGGCTCATGCTGCGCGTAGCGAGATGATAGAGCTTATCGCGGATTACAGCGACGATATAATGAATAATTTTATGGAAGGAAAAGAATCTACGGCAGTTCAGATAAAACAGGCAATTAGAAATGCGACTCTTCAAATAAAATTAATTCCGGTGCTTTGCGGGACGGCTTTTAAGAATAAAGGCGTGCAGCCTATGCTTGATGCAGTTTGCGATTACCTGCCTTCGCCGCTTGACCGAAAAGCATTTAAGGGAATAAATCCGGTGACCAGTGAAACAGACAGTAGAGAAGTTGACGACAAAGCACCTTTCAGCGCGCTTGCGTTTAAAATTCAGGCGGATCCTTATATAGGAAAACTTACGTATCTTAGAGTGTATTCCGGAACTTTGGAAAGCGGTTCGTACGTTTACAATCCCATAAAAGATGCAAAAGAGAGAATTTCGCGAATAGTCCGTATGCATTCAAACAACAGAGAGGAAGTAAAATCGGTTAATACGGGGGATATTGCAGCAGCTGTAGGTTTAAAAAATACGGGCACCGGAGATACTCTGTGCGATGAGGAAAAACCGATACTGCTAGAATCTATGGATTTCCCGGTTCCGGTTATCGATGTCGCAATTGAACCAAAATCTAAAGCCGATGAAGAAAAACTTGGCATAGCTTTAAACAGGCTCTCTGAAGAAGATCCTACTTTCAGAGTGAGAACGAACGAGGAAACTAATCAAACGATTATAGCGGGAATGGGAGAACTTCATCTTGAAATTCTCGTTGACAGAATGAAAAGAGAATTTAATGTGCAGGCAAATGTGGGAAGACCGCAGGTTGCCTACAGAGAGACAATAAGAAAAGTGCAAGAAGCCGAATCAAAGTATATAAGGCAGACCGGAGGACGCGGACAGTATGGACACGTTGTTCTAACTGTTGAGCCGCAGGATCCCGGCAAAGGTTATGAGTTTGTAAATAAAATCGTAGGTGGAGTAATACCGAGAGAATATATACCGGCGATAGACAAAGGCATTAAAGAAGCGATGA
NZ_AP017459.1_gap5	152139	156145	4006	TTGCGAGAACCGAATGGCTTAAAGAAGGAAGAATTCCTTTGCAGACTTTCAGAGCCGATATTGACTACGGTTTCTCGGAAGCTTGTACGCCTATGGGTCATATAGGTGTAAAAGTATGGATATTTAAAAAAGAATTTTTTAAAAAGACGGCTAAAGAATTAGCTGAAGATGCAAAAGTTGTCGTTGACTTAGATACGGCAGTAAAACAGGGGTAGGCAGTCAGGTAACGCGACGGACACTGGCGGAAGAATCTAAACAGACTAAAACATAAAATCAGAGGATATTTATATAATGTTGATGCCCAAAAGAGTTAAATATAGAAAAATGCATAGGGGAAGAATGAAAGGCAAAGCTAAAGGTGGAGTTTCTTTAGCTTTCGGCAAGTATGGACTTCAGGCTCTTGAACCTGTGTGGATAAACAGCAACCAGATAGAAGCAGCTCGTATCGCGCTGGCGAGGTCTATAAAAAAAGGTGGAAAAGTTTGGATAAGAATATTTCCTGATAAGCCTGTCACAAAAAAGCCTGCTGAAACAAGAATGGGTAAAGGTAAGGGCGATCCGCAGTTTTGGGTTGCGGTAGTAAAACCCGGAAGAGTAATGTTTGAAATGGAAGGTATTCCGGAAGCAGAGGCAAAAAAAGCCCTGAGGCTTGCTTCAAATAAACTTCCTATACATACAAAGATTTTAGTCAGAGCCGATATTTGAGGATGCTATGAAAAGTAAAAATTGGAATGAGATGAAAAATATGTCGAGAGTTGAGTTAAATGAAAAACTTAGCGAGTTACAGGATAAAATTTTCAGATTAAGATTCCGTCATTTGACAGTTCCTGTAAAAAATCCTCTTGAAATAAGAGAAATAAGAAAAGATATAGCGAGAATTAAAACTCTTATTGCTCAGAAGAAAAAGACTAAGTAAAGACTTTGAATAAGAAAAAATAACAGGAAGGAATAATGGCAGAACGTGGAAAACGCAAGTTTCGTACGGGCATAGTTGTAAGCGATAAAAGCAATAAGACAAGACAAGTCTCTGTTGAGAGAACATATCGCCATTCTTTATACGACCGTGTGCTTCGCAGTAAAAGTAAATTTATAGTACATGATGAAAAAAATATTTCTCATGTAGGAGATACGGTCAAAATAATGGAGTCTAGACCGTTGTCTAAGATGAAAAGATGGGTATTGGTTGAAGTTGTAAATAAAACGTCAGAAATCTAAAATAAGTTTTTCGAAGGATAACGTAATGATTCAGGAAAGAACTATTTTGAACGTTGCAGATAATTCAGGAGCAAGAAAAATCCGTTGCTTCAGAGTTACTAAGGGGTTAAAACGCCGGTATGCCAGCATAGGTGATGTAATCCATGCGTCGGTTCAAGATGCATTGCCGCATGCAAATGTTAAGAAAGGCGATGTCGTTAAAGCTGTAGTGGTGCGCACGGTAAAAGAGATACGCCGCGCAGACGGAACTTATATTAAATTCGACGACAATGCAACTGTTATTATCAATGACGAAGGTGAACCGAAAGGAACTCGTATTTTCGGACCAGTTGCAAAAGAACTCAGGGAAAATAATTATCTTAAAATAATTTCTTTGGCGCCGGAAGTGATATAAATGTTTGTGCTTTTTATTTGTCTTTGCCTATGCCCGGTTATTGTAAATTATAAATTGTAGAATGCGGATTTCTGTCTGTCATCATCATTGTGAATGACGAAGTGAACAGTCAGAAAAAGCAGAAGATGCGTAAAAATGTCAGGGTATTCCTGAAATGACTGTTTTCTCAACATGTAGACGAAGAAAGGGAAATATAACAAATGCTTAACATTAAGAAAAAAGATAAGGTATTAATTTTATCGGGAAAAGACAGAGGAAAAAAAGGCGAAGTCATTTATGTTTCCCCTGATAAGGGCAAGGTTATCGTTACAAAAATAAATGTTGTCAAAAGACATACTAATCCTACTCGTAAAGATCTGGGAGGAATTCATAAAAAAGAAGCTCCTATTGCCATAAGTAAAGTTATGCTTATATGTCCGAAATGCAGTCGGGGTTCAAGAGCTAAATTTGATAAGCTTTCGGATGGTAAGAAGATAAGAGTATGTCGTCGTTGCGGCGAGGTGATAGTTTGATGCGTTGTCTTTTGGGTTTTTTGAACTGCGAAGTTTTTCCCGTCTGCAATTTTTAGTGGACTTTTTCCGGTTTTGCTTGGCAGAAAAGAAAGCTCAAAGCATTTTGTATTGCCGTAAAACAGGCGAAAGTATAAAGGAAATATATAAGGAAAGAATAATGAATCAGCCTCGTTTAAAAGAGTTTTATCATAAAAGTATAACGGCAGAACTTAAGAAACAGTTTAGCTTTAAAAATGTTCACCAGATCCCCAGACTTACGAAGATTGTCGTAAATATTGGACTGGGCGAAGCAAAAGAAAACATTAAAGTTTTGGACATCGCAACTGAAGAGCTTGCGGCAATTACTGGACAGAAACCTTTGATTTGTCGTGCAAAAAAATCGTTGTCAAACTTTAAAATACGGCAGGGAATGCCTATAGGTATTAAAGTAACGCTCAGAAGCGCTATGATGTATGAATTTTTAGACAGGCTTATTAACGTTGCAATACCGCGTATAAGAGACTTCAGGGGTATTGAATCTAGCAGTTTTGACGGGAAAGGCAATTTTAATTTAGGTCTTGCCGAGCAGTACATTTTTCCTGAAATAAACGTTGAAAAAACAGATAAAGCTAGAGGAATGAATGTTACTATAGTGACAACGGCGGAAAAAGACGATCATGCAAAAGTATTGCTTGAGTCTTTCGGTATGCCGTTTAAGAAAGGGTTGATAAACAACAAATAAATTAAAGGATATTTTTCTATGGCAACAACTTCAGCAGAAGCAAAGATGCGTAAACCTCAGAAATTCGCAACGCGGTATAGGAACAGATGTCGTCTGTGCGGAAGACCGCGTGGCTACTATAGAGATTTCGGAATTTGCAGAATATGCCTGCGCAAATTAGCGTACAATGGCGAAATACCGGGCGTCACAAAATCAAGTTGGTAATAACTTTTAAAAGAAGAGGTCGGTTAAAAAATGATCATAGATCCAATATCAGATATGTTTACGCGCATTCGTAATGCAAATTTAAAACTGCACGAAAAAGTCGATGTTCCGTCTTCAAAATTGAAATTGGGAATTGCAAAGATTTTAAAGGAGGAAGGATATATCTCGAATTACGAAATCAAAGGCATTGAAAACCAAACTCAGAGTGTTTTGAGGATTCATCTTAGGTATACATCTAAAGGCAAAGTGGTTCTTCAAGGTATAAAAAGAATTTCAAAATCAAGCTTGAGGATATATAAGGGTCATGCTGATGTGCCTAGAACCATTGGCGGTTTGGGCGTTACCATTATTTCTACATCTAAAGGTTTGATGACTGACGGACAGGCGAGAAAAGATAAGATCGGCGGAGAAGTAATAGGATGCGTTTGGTGAGGTGTATGACAGGAAAGTGACGGTACGATTGTAGTTGTGAAGGATAAAAAATCTTGAAAGATCCGGCGGTTTGGCAAGAAATCTATATTGAGGATCAAATAATGAGTCGCTTAGGGAAAAAACCGGTTTATATGCCGGAAAAAGTGAAAGCAGAATTTAAAAAAGGAATATTAGAAGTAACGGGTCCTGGTGGAAAGCTTTCGCAGGTAATTGATAAGAAGATGAACGTGAAAGTTGACAAAAGCACTATTCTTGTCGAGGCTCTGGGAGATTCACGCCGGCACAATATGTTGCATGGTCTTACAAGAGGTCTTGTTGTTAATATGGTTGAAGGCGTTACAAAAGGTTTTAAAAAGGAACTTGAAATAATAGGACTTGGTTACAAAGCAAATGTAGAAAGCGGGAAAAATTTGATTATGGCTGTGGGTTTCTCACATCTGGTAACTATTCCTATACCTTGCACGGTAAAAGCTAGTGTACTTCTTACGCCCGATAAAAATACTTTAATTACGGTAACGGGAATTGATA
NZ_AP017459.1_gap6	230000	233948	3948	TGATGATGACTTGCGGCAATATACACGGTGTTATGGTTACAAGACATATTCCCGTTTCAAAAATCTCTGAAAATATAAAAACAAAAACTATAGTTGAAGCCGTAAATTTGAGTGTAAATTTCTTAAGAAAAGCAGGCAAAAAAAACATAAAAGTTGTCTTATGCGGTTTGAATCCGCATGCCGGTGATAATTCAATTTTAGGCTTTGAAGAAAAAAAGTTTATATTGCCAGCGTACAAAATAATAAAAAAATCAGGAATTGACATAACAAAACCTCTGTCCGCAGATTCCGCTTGGCTGAAAACAAAAAATGGACAGTACGATTTAATATGCGCTATGTACCACGATCAGATAATGATAGCTCTGAAATGTATAAACGCTGCAAAAATAGTGAATGTCACTATAGGACTTCCTTTTGTGAGGACGTCTCCCGGTCACGGAACGGCGTTTAATATTGCAGGCAAAAATGAAGCAGATGCAAGCGCAATGATAGAGGCAGTATTATATGCTGCACGGTGGGGAAAGAAAAGTCGTATGCAAAGTTAAATGCTGAACATAATTGGCGGCATAACACTGCTTCAAAAGATAATGATAAAGAGTTATTGCATTTTTTATTTATTCAGTAAGACTTTTTATTCGAAATAATGCGGTTTCTTAAATACAGGCAGGAATCTGCAAAAATCATAATAAAATTAAAAATATACAGAAAAATAACGCTGTCGTAATTGTAGAATATTTTGTGAATTATACAAAACATATAACCGGACAAAGCAATCAGTAAAAACCACAAACTTTTGCCATCATTACTTTTCGACTTATACGACTTATATATTGAAAACGGATATAAAGTGCCCAAAAAAAATCATCATTAAAGCTTCAAAAATACTCATTTTATTGCCCATCTGTTTAAAGGTAAAAAGAAAGCCTTTAAATCTTATTATAGAAAAATATCTGCCGCCGATTGACGCAACAAATCATATATTATCATTTGTTTTTAATATCTTTTAACAGTTTTTCAACTGTAATTTCTAGACTAGCCATATCGTTTGAATAGTTGATAAAATTAATGTCAGCCATATCTGCCGTCTTTTTCAGCTGCTGGCCATGCCCTTTGGTTTGAGATTCTTTTTCTTCAAGTTCAGTAAATTTTTCAAAAGTCTGTGGGTCCCCGTATCTTTTTCTATTCCGCATTCTTTCAAAACGTATATTTTGTGGGGCCGTGATGTTTACTAAAATAAAATCTTTTCTTTCTCTTAGTTTTTCAACTTCGCCGGTATGTCTTATGGAAGTTATACAGAATCTGCCACCTAAATCAATTTTTTCTAGAGCCTTTTTTGCAAGAATTTCGTTCCCGTTTTCTTCTCTTAATTCAGTTCCAAACACTGCCAGATTTTCTCTAGTAAGCTTAATGCCTTTTTCTTTCATTATTCCCCTTAAAATCTCTGACAGCGAATAATGTTTATAGCCGTGCTTTTTAGAAATATACTCTGCAATTGTGTCTTTACCCGAGCAACAAGCTCCCGTCAAACCTATGATCATTTCTCCTCCTGCACTTACTATAACTTGGATAAATTTTTCCGGGTTTACCCACGCTTTTTTGGATTGATATTATCGGCATAGTTTTTTTCAAATTTTATGCCCGATGGACTCTCTATGTGCAATTCTAAAGCTGTCGTATGGCGAAAAAGAATAATCAATCATAATATTGCAGTATTTTAGACAAATCTCGCATTAAATTCCGAAAAAATACTGAATTGATTCCTTGTCCGTTGTATTCCCGTGCGCCTCGTAACTAAAATTTCATTGTTTATACCACTCACATATTGCCACGCCTACGGCGGGAAATATTTTATTATTGTAAGGAAACAACATCACTTCCACTGAAATCAAGAAAGAATCAAGCAAGTATCTTGAAGCGCCTAATTTAAAGTTGAGCGACTGCAAATCCTTTTTTTTACTTTTCACTCCAAAATTCTGTATAATAAAATCAAACAATATAACATCGTTTTCAATGTAATATATAAATCCCATATCTGCCGCAAGCACCTGTAGCAGTGAATTTGCAATTTTTGAATAAATATATTTCAGATTTAATCCATAATTAAACTTGACTTTTTAGTCCATTAAATCTGTAATATACGCCATAATACAAAAAATCGCCGAAGCGCAATTTAAAAAAACTGATGAGGGATTCCAGCAAGTAATACCTGTGCGATGCTCCGCAATAGAAGTGATGTCATTTCTTTTACCTAATTCTTTTGCCTCATCGCCGCTCAATTCAAGAAAACTAACACCAGTAGCCAGTAGTGATTCCAGTCAAATTATTTGAAAATTCGGTACACGGAATTGAAAGAGATGAGGAAAAATAGCTGTAATAATAAATAGGTATTTCTCATTTTTTACTACAGAATGTATCAAACCCAGCTTTAACTATACATTTTTTGCCAGACTTTTTATGCGCAGCGGACTATGGGCCGTCCTGCAGAAAAAATAATGCAAAATTTCCACATTTTAAGACAATGTCAAAATCCGATTTATTATTGAAAAAAGATATGTCTTTTGATTCGTCGTAATTTTTATAAACTTCCTTTACAGTTTGACAAACTTTTCCAACCTATTATATCATGCCCATTGCACATCTCTGCGTATCTCACAAGTTTTCATTCTGATAATTCTTTAGACTTTGGCTTTGAGGTTTCAACAACCGCATACATACTGCCGTTTATTTCATACCTTTGTTCTTTTGACGAGCAGTAGATGTTTGACTTTATAAAACGCAAAGCATCTTCGATATATGAGTAAAGACCAATATTTTTTAAGTTACCTGTTATCGTAGATATAAATTGTACAAAATAATGGAAATTTTTTGACAAGAAAAAACGACATGTTGTCTTTTGTTTTGGTACTAGTCCGGCGTTAATTGTGTGTAAAACTCGTTATTTTTATCTGCTGACGGAGCCCGTAAGATTCCTTGACAGCGGCAGAATAGAAGTTGAATAATATACGGCTAAAATAAAAACGGAAAAACTCCGGAAGCTTATATCGAGTTTCACAGGATATCCGGTTCAGCTCAAAAATTCCGCTGATAATATGGAAGATATAATAATTTCATATCCCGCCCCGGTACAGCGGAAAAAGAAATTAAGACAGTTATTGACGACGCAGATTTTTATCTTGCCGCTTTATGTTATAATGTCGGTGGATATGGAAGACATAGTCATACCTCAAAGATATAAATCGATAATTGATAAAATTTCTATTACCGCGGTAGAAAACAGTTTTGATGTTTATATTGTCGGCGGTTTTGTAAGAGATTTATTTATCAAAAGAGAACCTAAAGATTTAGATATTATGGTCTGCGGTAGAGGAAGCAATTTATCCATGCAGTCAGCCGGAATAAATTTTTCTAAAATTCTGGCAAAAAAATACAAGCTTGACAAACCTGTTATTTTTGAAAGGTTTGGAACGTCCAAACTGTTTATGGACAGCGAAGAAGTGGAATTCGTAATGCCAAGAAGAGAATATTATAATGCGAATTCCAGAAATCCGGATACGCAGATAGCCTCTGTAGAACAGGACGCTTTAAGACGGGACTTTACAATAAATGCTTTGTTTTTGAGACTCAACGATATGAAAATTCTGGATTTTACTTCACAAGGCGTCGTCGACATCAAAAACAAGATCATAAGAGTAACCGATCCCTCAAATATCGAAATAATATTTAAACAGGATCCTTTAAGAATTTTGCGTGCTGTGCGCCAGAGTGTGCAGCTTGATTTTAAGATTGAAACTGAAACTTATAATGCGATGAAAATTTCGTCGCCTAGCATTGAAATTGTTTCGCCCGAACGCATAAGAGACGAAATAAACAAAATTTTAATAGAAAAGATCCCGTCAAAAGCGTTTAAGATAATGGATGAAATCAATCTTTCAGTTAAAATCCTGCCTG
NZ_AP017459.1_gap7	304262	307744	3482	TTAAGTATATAGGCTTAAAAGTTCCATTAAGTCTCAAAGACATTTTATTCACATGTTTTATAAGTAATGTTTTAGGAAGCAATACTGGCTATTCAATGCTTTTTGGCGGATCAATACGATACAGACTTTACTCAGTGTACAACGTGCCAATAGTTGACGTTACAAAGATTATTATTTTTTCTTCAATAACAATCTGGCTCGGTTTTTTAACGGTTGGCGGACTTATTTTTACTTTTGCGCCTGTTTCTCTAGAAAGAATGTTTAGTTTTACTACTAGAACAATAGGTCTGTTTTTCATCGCTGTTCTGGTTTTGTATATTTTTTTAAGCATACTACGTTCAAGACCGATAAAAATATTTAAATGGAATGTAGCTTTTCCAAATATCAAAATTGTTTCTTCGCAGATTTTGCTTGCCACATACGACTGGCTTATCGCATCGCTTATTCTTTACATTCTTATGCCTTCTGGAGAAATATCTTACTTTGTTTTGCTTAAAGCTTTTCTTGTATCGCAGCTTTTGGGAATTATAAGTCAGGTGCCGGGCGGCATAGGGGTTTTTGAAACTGCCATTTCAAAGCTGCTTCCAAATTCCGCAGGCAACCCCGGAGTTATCGGAGGCTTGCTTGCCTACAGGGCAATATTTTATTTCTTCCCGTTTTTAATAGCGCTTGCTCTTTTAGGTATTTTTGAGATTATGATGTTTATAAAGAAATTTAACGGGAAAGCGAAGATTTTCGGAAAGACTATTTCTTCGGTTATAATTCGGGTTATAGCGCTGTCGTCATTTTTTGCCGGTATGATTGTGATGTTTTCTACATCTACGCCTTTTGATGTAGTGCAGTTAAAGTTTGTCATAAATATTCTTCCTGCATGGTTTGCCAATTTATCGCATTTTCTATTGAGCATTACGGCAATAGGGTTGCTTTTTGTTTCAAAAACTTTACAGCTTAGAGTTAAAAGTGCGTGGAGTACTGCCTGTATTTTGATAAGTTTTATGATTGTTCTTGTACTTGTGGTAGGCGAGCCGCCTTTAGTGCTTTTGTATCTTATAGCGTTGTTGCTCTCTCTTTTATTTTCTAAAAAATATTTTTATAGGGATATGTCGATATTGAATACGGCGTTCAACGCGTGGTGGTTTAGCGCCATTGCAGTGGGGGGTATTTTATCGGTATGGATAGGATTCTTTGTAAATAGGCAGGATACTTTTTCTTGGGTACATTTGGGCGTATTTTTTAAAAATATTTTAAGTACTACGGATGCCGCAAGATTTTTAAGGGCAAGTCTGGGTATGGGAATTATAATCTTTATAGCTGTTTTGGAGCAGATATCAAGAAATTTATTTAAGAAACCTGTCTCATTTACAAAGCGCGATATAAAAAATATAGTTGACTCTTCGGATTACACATATTCGTTTAATGCGCTTGCTTCCGATAAAAGTTATATTGTAAACGATGAAAAAGACGCATTTATTATGTATGCAAAATCAAAAGGTAGTTTGATTGCTTTGGGGGACCCTATAGGAAAATCCGAGCGCAGAAACGAACTTTTATGGCAATTTAAAGAAATTGCGGACAACGCTTTGGCAAAGCCCGCTTTTATCGGAGTAGATCATAAATACATGCAGATTTATGACGATATAGGACTTGATACTTTTAATATAGGACAAGAAGCAAGAGTTCCGTTAATAACTTTTGATAAAAGAGACAATCGTTTTGAATATTTCTGCAGTTTGGAAAAAGATATAGAAGATTCAGGATTTAAATATCAAATAATGAATGCCGGGCAGTTTGGGCAGTACAAAGAGATATTTGCAAAGATAAACGAAGAGTGGGAAAAAAATACTAACTATCTTGAGAGAAATTTCATACCGGGGAAATACGACGAATCTTATATGAACGATATGGACTTTGGGATATTGGAAAAAGCCGGTAAAATTTATGCTTTTTCCATTATTATAAAAACTAAAAACAAGTGTGAGTTGTCTTCCGAAGTTGTAAGATATATAAAGTGTGATCATAATGTTTTTGCTTATGTTGTGTTTAAAAATATTTTGTGGGCTAAACAAAATGAATACGATTGGTTTAATTTGGGGTTTGCGTATTCTCCGGCAGTAAATAGTGATGGCGGAGTGATAAGGCATTTTGCAAAAATGTTTATGTTTGCCGAACATTTTGATTATAATCTTGTATTTTTGAGAAAATTTAAAGATAAGTTTTATCCTGTATGGCGTAACAAATATATTGCAGTGAGTCCGGATAAGTATATCGTTACTTTTATTAAGAATTTTACGACTCTTATTTCTCCTCTTAGAATGGTTGACGAAAAACATTTGTTCAGAAGGTTCTTTAAAAGATGAAAACGTGGAATATTTTTTATCAAAACGTCTCTCAGAACGGCTTTGTTATACCCGGAGATAAAATTATTTTGTCAGTGTCGGGTGGTATGGATTCCATGTGTATGTTACATTTGTTTTGGCGTCTTGCCAAAAAAATGGATATTGTTTTTTTAGCGGTAAATTTCAACCATAATTTAAGAAAAGAATCCGTAAAAGAAGCGGAAATCGTCAAGAATTTGTCAGCTGAATTCGGAATAGACTGTCTTCTTGAGGAAATAGGTGTAAAAGAGTATTCCAAAAAGTATTCTCTTTCGGTTGAGACAGCCGGGCGTAACTTGAGATATTTAACTCTTGAGAGAATTTCAAAAAAATATAAGTGCAATAAAATCGCCACTGCACATAACGCAAACGATAATGCCGAAACCGTACTTATGCGACTTTTGAGAGGGAGCGGAAATTTTGCTGGCATACCGCAAAAAAGAAAAATAAATAGAAATATTGTCGTAATCCGCCCGCTGCTTCCGGTTAAAAGAAAATTTATTGAAGAATATGTTAGAAATCATAAGCTTCCATTTTGCACTGATAAATCTAATTTTTCAGATATATATACAAGGAATAAAATAAGGCTGTCGCTTATGCCTGTTTTTGAAAAAATAAACCCTATGGCTGTGGAACATATTTTTGCTTTAAGTTGCATACAGTCTCGGGAAAATGCGTATCTAGAAGAAGTTTCGGCTAAGTTTTTGAAAAAGTGTGTAAAGAAGCAAAAGAATCAGATTTTACTTGATTTAAAGACGTTTTTACGGTATAATAAAACAATACAATTTAGAATTCTAAAAAACCTGTTGCCACAAAAGAAATATAATTCACATATTAATCTAATAATGCGTAAAATTGTGTTGTCAGACACGTCTGTTTATAGACTCTCTGCCGTCTGGATTTTTAAGATAAAGTCGGACAAAGCTTGTTTTATAAGAAATTAGATTAGAATTAATTAAAATCAGATATATATATGCGGACGTTATTTTTTCCGAGAAAAGTAAAAAAGAGAATCTCTGAATTTGCTTTGCGGAATATCTGTCTGTTTTGAAAGATAAAGAAATTCCGCTTATTTCGATTTATTTTAAATGTCAGTGTTTTTGAGTG
NZ_AP017459.1_gap8	332472	335103	2631	AATATATTGACAAGTGCGATTGTAATAATACATTGTGGGTCGCGCCCCGTGTGGGCGCGTGAATTGAAATATTTAGTTTGGAAGGAAAATCCTGTAACTGGTGAGTCGCGCCCCGTGTGGGCGCGTGAATTGAAATCTTTCAGAATAATCAGGGATATTTACTATCAAAAGTCGCGCCCCGTGTGGGCGCGTGAATTGAAATTGGAGGAAATGTTCAGAGGGCGGTGTCCCCAAATGTCGCGCCCCGTGTGGGCGCGTGAATTGAAATTTTTAAAAGTATCCATAAAGATATTCTGGAGGATGTCGCGCCCCGTGTGGGCGCGTGAATTGAAATTTTAAAATAATCAGTGAATAACTGGTCCCCTTCTAGTCGCGCCCCGTGTGGGCGCGTGAATTGAAATTGATAAGCGTAAGAATTGGTATGTGAGAGAGAATGTCGCGCCCCGTGTGGGCGCGTGAATTGAAATCTGACGGAAAACCGAAAGTAGACGGACAGATATGGTCGCGCCCCGTGTGGGCGCGTGAATTGAAATTGGTACCACGGATGAGCAGCGCCCGCAACAGAAAGTCGCGCCCCGTGTGGGCGCGTGAATTGAAATGCAGATGGAACCGTCGGACGCTGTCAATTTTGAGGTCGCGCCCCGTGTGGGCGCGTGAATTGAAATAGATAGATATGTCAAAATTTGACAAGTTTAATGCGTCGCGCCCCGTGTGGGCGCGTGAATTGAAATATTCCCTGTGCCTGTAAGAAACTTCGTGCCAGGTCGCGCCCCGTGTGGGCGCGTGAATTGAAATAAGCCCTTGACAAATAAATAAAAATATGATTGTAGTCGCGCCCCGTGTGGGCGCGTGAATTGAAATATTTATTTTCAGGTGCTTGTACCTCTGGTACCTTGTCGCGCCCCGTGTGGGCGCGTGAATTGAAATTGCAAAAAGGTTTTAACATATCCAAAACAAATTTGTCGCGCCCCGTGTGGGCGCGTGAATTGAAATCGTTACCCACTCAATATTCGAGTTAAATGCTACTTGTCGCGCCCCGTGTGGGCGCGTGAATTGAAATAGGCGCAATATTATTCCGCTGGCAACGTTGCAGAGTCGCGCCCCGTGTGGGCGCGTGAATTGAAATCGAAATAAAAAACAAAAGCACAGCGGAGGCAAAAAGTCGCGCCCCGTGTGGGCGCGTGAATTGAAATCGCTCAATTACAATTTAACGATTATAGATTTTCCGTCGCGCCCCGTGTGGGCGCGTGAATTGAAATGGAACGGTAAAAAAACGGTTCGTTTTCACCGTAGTCGCGCCCCGTGTGGGCGCGTGAATTGAAATAAACTGTGCAACACGCATTCCAGGGTAGCACTTCGTCGCGCCCCGTGTGGGCGCGTGAATTGAAATTTTGTATTGGAAATCTTTAGCTTTGCCTTCTTTAAGTCGCGCCCCGTGTGGGCGCGTGAATTGAAATTTATCGCCAGCGTCCACCAATGTTTTAACATCGCCGTCGCGCCCCGTGTGGGCGCGTGAATTGAAATAAATCCTGACATATCTAACTCCTCTTCCACTGACGTCGCGCCCCGTGTGGGCGCGTGAATTGAAATAACTATGAATAGATATTCCGACGAATTGTTTGAGTCGCGCCCCGTGTGGGCGCGTGAATTGAAATCAGAAAAGAAGCCTTGATAATATCGTAGAAGGGCTTGTCGCGCCCCGTGTGGGCGCGTGAATTGAAATAACTGCCACACCGTATACACTGCGTATATAATCAGTCGCGCCCCGTGTGGGCGCGTGAATTGAAATTATTTTCGTAGTTGATATCGTGTTTCAGTTGATGGTCGCGCCCCGTGTGGGCGCGTGAATTGAAATGTTTGATTTTAGTAGATATGTTTCACCTGCCATTGTCGCGCCCCGTGTGGGCGCGTGAATTGAAATATAATCTTTATCCTCGTTTGCCGTATGAAAATCCAGTCGCGCCCCGTGTGGGCGCGTGAATTGAAATTTAATCATAAGCATTTTAGGACATTTATTGAGAGGTCGCGCCCCGTGTGGGCGCGTGAATTGAAATCTTGTACCTTCAATTTCTGTGCAACGAGCGCCTCGTCGCGCCCCGTGTGGGCGCGTGAATTGAAATGATCCCGGTATCGAGCGACGGCAGAGCGCCTGTGTCGCGCCCCGTGTGGGCGCGTGAATTGAAATTATTTTCTAAGAAATGTTCCTGATTTTCTTTTCTGTCGCGCCCCGTGTGGGCGCGTGAATTGAAATAATGAATTCACGCAACTGCCGTTCGAATCGTATCGTCGCGCCCCGTGTGGGCGCGTGAATTGAAATAAATCCTCGTATGCTTTTGCTACTGTAATTACAGTCGCGCCCCGTGTGGGCGCGTGAATTGAAATCATTAAAAACAACTGTTTTATATACTCCTCTGAAGTCGCGCCCCGTGTGGGCGCGTGAATTGAAATATTCCAATTAGTTTCCTTTATATTTGCCTCTGCCGTCGCGCCCCGTGTGGGCGCGTGAATTGAAATTAATATTAAGTGTACAGGATTTGCCCTGTTTATTGTCGCGCCCCGTGTGGGCGCGTGAATTGAAATTAATATTAAGTGTACAGGATTTGCCCTGTTTATTGTCGCGCCCCGTGTGGG
NZ_AP017459.1_gap9	336364	340297	3933	CTGTAGTAAGCGCCAAATCAGGTAAAATCCGCATTATTTTACTTACCTTTTTTTCAAACTCCTTTGTTGAATAATTTCTGTTCATTTGTTTTAAAATTTCATCGCTACCGGACTGCAGGGGGACGTGTAGATGACGGCATATTTTTTCTGCATTTGTTTCTATAAGTTCTATGAATTTGTCGTCAATCTCGTTTAATTCTACAGATGAAATCCGTACTCTGAAAGCTAAAGGAATTTTAATGATTTTTTCAAGCAGATCTGAAAGTCCGCCGTCATATTTTCCTGTATGTATTCCGGTCAGAACTATTTCAGAGTATCCGCTTTTTACAAGATTTTTAATTTCCGATAAGACTTCATTTTCGGGTTTGCTCCATAGAGTGCTTCTTACATACGGAACTATACAGTAGCTGCAGAAACTTTTGCAGCCATCCTGTATTTTTAAAAATGCTCTTGAGTGTCTATCAAAACCGGAGACTTTCTGTTTTTGTGGTTCGATAAAAAGTTTTGTTTTATCCTTTATTATTTCAATATCGGGGAAGAGATTTTTGATATCAATATTTTTGTTTTTTACAATACAGCCTGTAAGCATTATTTTGGGTCTGTTTGGCAGTTTTGTCGCTTTTCTTAAAAAATATTCCAACTTTTTATCAGCGTCTGCCGTTACGGTGCAGGAATTAAAAATAATAATATCAGCTTCTTCAGGCTTTTGCGTGCATTCAAAATTATCTTTTCTAAATTTTTCGGAAATGAGCTGCGATTCGTATTGATTTACTTTACAGCCGAAAGTGTGTATATAATACTTTTTCATTTAAGATTTTTAAAAAAATTTAAAATCAAGGTGCTTGTGACAATTGCCGCGGTTTCTACTCGTAAGATGTTGTTTCCGAGTGTTTTTGTCAGGATGGCGAACGATTTCGCAAATTATACTTCTTCATTTTCAAATCCACCTTCCTTCCGGACCTATAAAAAATACTGTAGCTATTATATTTTACTTTTTCTTTAAAAATATTATTTATAAGGGATTTGTTATTTTCGCTTTCGTAAGGATAAAATATTTATGGATTTTTTGTCTGCGGCAGCATTTTTGCAAGCAGTTTTAAAATCCAAAGGCTCATTTATTTTCATAATGTCGTTTCTTTCGCACTGCGAACTTGCGGCAACGGATATCTTTTTATATCGTTCTGACTTATTTTTTGAAAAACTGGTTTTTAGTATTAACAGGTGCGATTTCAGAAACTTCTATTTCGGCATGTTTTTCAATAAGCCATTCAAATTGTCGTCTTTGGGAAGCTTTTACGATAAAATCAGACATTTTATGTAAAGAAGACAAAATATTCTCCATGAGCATAATTACTATTATAACACAATACAAAGATTATCTGAAATGGTAAAAATGGCTGTTTTAAGTGTTAACAAAGTAAGTTGTAAGGAATTTATTTTTTAATTTGATAATGATACACGACTTAAAATAGAATAGCTATGTGAAAAAATAATAATTTATTCTTTTAGATATGTGCATTTATGATTGGACTTTGCATTGGATAAAGACAAGAAACTCAAATTACGTATTATTTGGCATAGCTTTTATGGAAAATTTATTTTCCCCTGTTCCGACGAATATACTGCTTACTCCTTTAGTTATTGCAGAACCTGGAAAATGGTGGCAGAAAGTATTAATATGTACTTTGGGTTCCGTTTGCGGCGTTATATGATAGGCAAGGTTTTTTATAAGACTATTAAACTTGTAAATAGTAAATTTTTATAATTTACGCAATGCTGTGGCAATAATCGGTGAAAAATATGCAGTAAATGCTTTTTAAGTATTTTTACAGGAACATTTGCGACTATTCCTTATTAAAGTGCTAACGATTGCAGCTGGAATATTCAATATATCTATGCTTGTTTTGTTTGTTGCGTCTATGCTTTGAATAGTCGGGCGTTTTTTTATTGTCTCTACTGCTTTAAAGCTGTTTGGCGCAAAAATCTAATATACAATAGAAAAGTATTTTAATATCCTCTCTGCAGTATTGCTATTTTACTTATTACCGGCTTTTTTTTAGAATTAAAGTGTCCTATACATTTCTGTTGACGGTGCGATATCTTTATGGTATAATTATAGGTTGATTGATACGATAAATTTTAAGTTATTAAAACGGGGGTGTGGCAGAGCGGTCTAATGCACCAGACTGTAAATCTGGCGGGCTTGCCCTTCGGTGGTTCAAATCCATCCGCCCCCATACTACTATAAATTTGCGGGAGTAGCACAATGGTAGTGCTCCAGCCTTCCAAGCTGTCCACGCGGGTTCGATTCCCGTCTCCCGCTTTTTACTTATTGTTGTCTGAGAGTCTGCCGAGGTGGCTCAGTGGTAGAGCACCTCCTTGGTAAGGAGGTGGTCGCGGGTTCGATTCTCGCCCTCGGCTAGTTTATCTTGAAAGTTACAATTAGTACTGCAGTGAGGTTGATGATGAGGGAGGGGAAATAAAAATGGGAAAAGAGAAATTTGAGAGGAGTAAACCGCACGTAAATATAGGGACAATAGGGCATGTAGATCACGGTAAGACGACGTTAACGGCGGCGATAACGAAAGTATTGGGTGATAAAGGGTTAGCGAAGTACATTAGTTATGATGAGGTGGCGAGGGCGTCAGAATCGCAAGGGAGAAGAGATGCGTCAAAGATAGTGACAATAGCGGTGAGTCACGTGGAATATTCAACGGTGAATAGGCATTATGCACATATAGATTGTCCTGGTCATGCTGATTATGTAAAGAACATGATAACGGGAGCGGCGCAGATGGATGGTGCGATACTGGTGGTGAGTGCGCTTGATGGTCCGATGCCGCAGACGAGGGAGCATATATTGCTTGCAAGGCAGGTGAATGTGCCGGCAGTGGTAGTATTTCTGAATAAATGTGATGCGGTGGAGGATAAGGAGTTGTTGGATTTAGTGGAGATGGAGGTTAGGGATTTGCTGACGAAGTATAATTTTCCTGGGGAGAGCACGCCGATAATAAGAGGGAGTGCATTAGGTGCGTTGGAAGGGAAGCAGGATGGAGTGGATTCGATAATGAGTTTGATGGAAGCGGTAGATAATACGATACCGTTGCCTGCGAGGGATGTTGACAAGCCATTTCTGATGAGTGTTGAGGATGTATTTTCGATAACAGGGCGAGGGACGGTAGCGACGGGGAGAGTAGAAAAAGGGAGAGTGAGAGTAGGAGAGAATGTGGATATAGTGGGGATACAGGAGACGAGGAAATCGGTGGTGACGGGTATAGAGATGTTCAGAAAGCTGCTTGATGAAGCGCAGGCAGGGGATAATATAGGGATGCTGTTGAGAGGGATAGAGAAGAATCAGGTGGAGAGAGGACAGGTAATAGCGTATCCGGGTTCAATAAAGCCGCATAAGAAGTTTAGAGGACAGGTATATGTGCTGACTAAAGAAGAAGGAGGGAGACATACGCCGTTTTTCAATGGGTATCGTCCGCAGTTTTATTTTAGGACGACGGATGTGACGGGAATAGCGCATTTGCCTGAAGGTGTGGAGATGGTGATACCTGGGGACAATGTGACGATGGATATAGAGTTGATAATGCCTGTGGCGATGGAGACGCAGTTAAGGTTTGCGATAAGGGAAGGTGGGAAGACGGTAGGTTCTGGGGTTGTTACCGAGATAGTTGAATAGAGAGAGGTTTTTTTTTGATTATGTTTGTGTGAGTGAAAGATTTGGGTGGAGAAATTATTAGATTTAATAAGAAAGAAGCTTTATTGTTTGGATACGACTTGAATGTAAAATAATCGACGCTTAAGTATTATGTTATAAAACGGAGATTAAATAAACAGGATTAAAATCTATGGTAAATGAAAAAGCAGTCCCGACTCAACGTTTGAGAATTAAGTTGCGGTCGTATGATCATTGACACCGAGAGATTT
NZ_AP017459.1_gap10	352304	355500	3196	CGTTTCACAATGAGAAAACGCCGTCTTTTATAGTAAGCCCCGAGAAAGGAATTTTCAAATGTTTCAGTTGCAACGTTGCGGGTGACGTTTTTAAATTTGTGATGTTTTTAGACAATATATCGTGGATTGAAGCGGTAAAGAAACTTGCAAAGAAAACAAATATAGAAATTCAGGAGGCAAAACAAGGTATAATAAAATTGTCCGAGAATACAAAACTGTTTGATATTTTAGAAAGTTCGGCTAATTTTTATAATAAATGTTTGCTTGAAAGAGCGAGCGCCCAAAAAGCAAGAGAATATATCAAAAAACGCGGTATTAATCGCGAAGCAGTAAATAAATTTAAGATAGGGTTTGCTCCTAAAGGACAGTTTTTACAGTGGGCGTTAGAAAAAGATTATAAAGACGATGATCTTTTAAAGGCGGGATTAATAACAAGAACAGGAAGAGGAATTTTTTTTGAATGTATGTCGGAAAGAGTGGTTTTCCCGATTTTTGATGTTCAGGGAAGAATTGTGGCGTTTGGCGGAAGGACTATTGCAGGTCATAAAATTAAATATTTAAATACTCCCGAAACCGCTGTTTATTCTAAATCGTCGAATCTTTATGGATTATTTCAGACGTTGCCTGAACTTCGTAAGGAAAGAAAAATAATTGTTCTTGAAGGGTATATAGATGCTGTTATTCTGCAGCAGTTTGGAATAACAGGTGCGGTTGCGACACTAGGGACTGCATTTACTCAAAATCATGCGAAATTGGTTTCAAGATATTCCGACAGCGTCACATTACTTTTTGATTCTGATAATGCGGGAAGGGCAGCTGCGCAGAGATCTCTTGAAATTTTGGTTGGAGACAGTATAGAATGCAGAGTGTCTGCTTTACCTGAACATGTCGATGCTGATGAGTATCTCAACCAATACGGAAAAGAAAGCTTTTTAAAGTTTCTCGAAGACAGTTCTAAAAGTGCAATAGATTTTATGATTGAAAGAGTTCTTGGCGGGTTGTCTTCCGATGGAAGAAAGAGTTCACCTGAAATCAAAGCGAAAGCTGTATCTGCTCTTTTGGATTTTGTCGCAAGAAGTACCAATTCTATAATTCAGAGAGAATGGATAAGAGATATTGCGCAGCATGTGGATGTTAATGAAGAAGCGGTCTGGAGAGAGTTTGAAAAAAAGCAGCAACTGAGACTTAGAGGTTATTTGCAATATGATAAAAATTCAGTTGAACAAACTGTCAAAGTTAAAAAAGATAAAAAATTTTCAATGTCTTTAGAAGAAAATCTTTTAAATCTTATTTTAAACAATAGAGATTATATTAAAAAAACTGACAGCAATTGTTTTGAAGACGCTAGGTGCAGGAAAATTTTCGAGCTTACAGTTTCGGGTTTAAATACTGTCGGAATATTAAATACATTATCAGAAGAAGACAAAAACTGGTTTGCGGAACTGATATTAAACACAATAGAATACAGTGACATCGGGGAAGCTTTCGGCATTATTTTAAGGGATATTGATGCCGGCAGACTTGAAAGAGAAAGACGGCGGCTTGAAAAAGAAATTCTTTTAGTGAGCGAGGGCAAAAAAGAAAAAGACAAAAAAGTGTTTGATGAATATAAGAAGTTAACAGCTCTTTTGAAGGGATCGGGGAAATAAAATGGGGAAAAAAGATTTATTTAAGAGTTTGATCGACACTGGTAAAGAACAGGGTTATCTGACTTATGAAGCTATTAGTAAAAATCTTCCGCAAAGATCTATGATTGCCGAGGAAATTGATGGTTTTTTTGTTACTTTGGACAATTTGGGTATTAAAGTATTAGACAATAGAGAATATCGTTCCGATAAAGTGAAAAAGAGCAGAGGTGAAGTCGTAGAGCGGTCTATGAAAACTGTAAATGAAGAAGACATAAATCCCGTGAGAATGTATTTAAGCGAGATGGCAAAAGTTCCGTTGCTTGAAAGGAATATGGAACTCAAACTTGTAAAAAGTATAAGAGAAAACGAGGATAGATTAAAATCCATAGTTTTAGAATCACCGCTTATCATAAAAGAAATAAGAAACTGGGAGACGCTTATAAGCCAGCAGGAAATGACGACTAAAGAACTTATGCCGAGAGGAAGAAAATCAAAAGCGCAGTTAATAGGAATGGGACTAAAAATAAAGATAGTTGTAAAAAAAATAAACCGTATTGAAGAAAACATAAATACTTATGAAAAAAAGTTAAAGCTTAAATCAATATCTTGTAAAGACAAAGAACAGTATAAAGAAAAAGTGAAAGAATTTCGTTCTGAAATTGTAAGTCTTATCGTAGAACTTAATCTTAATCAAGATAAAATTAGAAGGCTTATCAATAAGATTAAAACGATAGCCCAAAAATTAAATGAAATAAAGGAAGGTTTGAGAAGATTTGAACGCAAATATAAGAATTCTTTTTCTAAAGTCCAAGTGTTGTTTAAAAGTTGCAATTTGGGAAAAATTTCCTCAGCTGAATTTAAAAAAAGTACCGGTCTTTCTGTGAAAGATGTGGCGGAAGATATAGCAAATGTCAAAACTCTTTTGGTTAAACAGACTAATCTAAAAGATGGTTTTGTTATAACTCCTGAAGAAATGATTGAGACTGACAGAAGAATCAGAGAGCTTGAATATGTTATACACAGAGATAAAATGAAGCTTATTGAAGCAAATTTCAGACTTGTTGTTTCAATCGCAAAGAAACATGTCGGAATAAGTAATCTGGAATTATCGGACTTGATACAAGAGGGGAATCTCGGTCTTTCAAAAGCCGTAGAAAAATTTGAGTGGAAAAGAGGATTTAAGTTCTCAACTTATGCCACGTGGTGGATAAGACAATCCATCAATCGTGCCATTGCGGATCAAGCAAGGACTATAAGAATTCCCGTTCACATGAAAGAACTCATATCAAAACTTACCAAAAGTAAAAAGGAATGTCAGCAGAATATGGGCAGAGAGCCTACTATACAAGAGTATTCAAAAATATTAAAACTTTCTTGTGATAGAATAAGAAGAATATTAAAAATGATGCAGGAGCCAGTTTCTCTTGCAATGCCTGTAGGCGAAGAAGAAGATTCTCGTCTTGAAGATTTCATAGAAGATCAAAACAGTCCGAATCCAGTAGTCAAAACACAACAGTACAGACTTCAGCTTGAACTTGAAAAAGTGCTAGCCACTTTAGCTCCGCGTG
NZ_AP017459.1_gap11	356808	359776	2968	CTTAATTCAACAGATAAAAATTTTATATTCGGTTTTGCAAAGGAACTTATTATTTTAGACGGAAACGGCCATAAAGTTTTTGGTCTTAAAAGTCCTGCTTTAATACCATTTTTTCTTGCAAGTTTTACTGCAGATTTTACTATTCTTGACGAAATGCCGTAAGCTGTTATAATAATTTCAGCATCTTCTATCATGTATAATTCATATTTAACTTCGTTTTCAGATATCAGTTTATATTTTTCCTGGAGTTTGACATTATGTTTTTCCAAAACTCCGTCTTTCATAAGCAGAGATTTAATGGATCTAGGTTCTCTTCCTTTACATCCGTTTAGAATCCATTCTTTTTCCTTAAATTCTTTTTTTTCAGGTCTGTTAAATTCTATAGGTTCCATCATTTGTCCTATGATGCCGTCTGCTAGTATCATAACCGGGGTTCTGTATTTTTCAGCTAAATCAAAGGCGTCATAAGCTGTTTCATACATTTCTTGTGCTGAATTCGGAGCAATAACAATTATTTTATAATCTCCGTGACCTCCACCTTTTACGGCTTGAAAATAATCTGACTGTGAACTGGAAATATTACCAAGACCCGGTCCGCCCCGCTGTACGTTTACTATAAGAGCTGGAACCTGCATTCCGGCCATATAAGAAATTGTTTCCTGTTTTAAAGATATTCCTGGGGAAGATGATGATGTCATAGCTCTTGTGCCTGTCGCAGCTGCCCCTAAAACCATACTTGCCGCTGCGATTTCAGATTCAGCTTGAATGAAAACTCTTCCAAGTTCAACCATTTTTCTTGAAAAATAAGACGGTATCTCATTTTGAGGCGTTATAGGATAACCAAAATAAGATTTAAGACCTGCAGTAATTGCGCCCTCACAGAGAGCGATATTTCCTTTAACAAGTTTTTTCGTCATAGATCTTTATAAACCTCAATGCAAACGTCGGGGCATACCATATAACAAAATCCGCAGCCTATACAAGAGTTTTCTTTTTCCAAAACAGCCCAATGATACCCAGCTTTATTAAATTGTTTTGAAAGAGATATGCACTGTTTAGGACAGGCTTTTATACATAAACTGCAACCTTTACATTTTTCTGAATTAATTTTAATTGTTGATATCATATGAATATTCTAAGTTTTTTTTAAGATGAAATCAATTTTATGTATCTGTTTTAATCTATTGATAAACTGTGTTCTCAACTACTTGTTGTTCAGAGAGTTGATTTGATAAAATAATTAAAAGTTTTTTTATTATCAAATCTGACTTCATTATTAATAAGAGGTATTATGTTGGCAATACATCCGTTTAAACCTTTTGTTCCGCAAGGAGCAACAACACTTATTATAGGAACTTTTCCACCTTTAGCGCAATATCAGGATTTTAAATTTTATTACCCTAACAACACAGGAAGTAGATTTTGGATAATTATGGAATATGTTTTTAATCATAAGTTTCAATATTGGAAAGACGATCCAGCTGCAGAAGAAAGAAAGGCTTTGTTTGAGAGAGAACATATAGCCATAACTGATATGATTGAAAAATGTATAAGGACTAATGGCAATTCATCTGACAAAAACTTAAGCGAAATAGAATTCCGCAATGTTTATAAGTTGTTGAAAGACCGTCCTGCAATACAAAAAGTTATACTTACAAGCAGAACTGATGGAGACAGTGAGCGAATACATAAAAAACATTTAGGAAAATCAAGAAATAACAGTGCGTTAGAATTATTGAACGAACACTTGATGGAAAACGAAATTACTATTCGGAATTTGCATAAAGAAGATAATGGGCTTATCAAAGGCGAGTTTGAGTTGAACAACAAAATAATAAGAGTATTTGTTCCGTATACCCCGTCGGCGAGATGGTATAACAGTCATAAGGGAAAAGTGAACGATATGTATAAAGACAGCTTTGATGCGTAAAATAAGTATAGGTTTTCAAAAATATTCAATTTACTCAATAGACAGTTTGTTGAAACAGAACTCATTGTTTTATCGAAGAATATGAGATGAAATCTATTTTATAGACATTATCTACAAAGAGCTGTTAATGTCCATAAATTAAAAGCGCTTGGCAAAGAGAAAGATAAAAGAAATTACTAGAAAATATGATATGAATAATTAATCTTTCAACCGGAAAATTTACTAAATACAAGACTTTTTAGTATAATTCTATCCTATTTAATTACAAAAATTGCCCGATAGTGTAATTGGTAACACGTCTGCCTCTGGAGCAGAAGTCTCCTGGTTCGAGTCCAGGTCGGGCAGCTAACTTCACTACTTATGGGGGTTTGTCTTTATATAATGACAGACAATCAATCTCAACACTTCTGCTAGTAAAACATATTGACGGGAAACTTTTAGGATTGTTGTCTATGAAAAACAGGATGTCTTTTTTTATTGGCAAAATATATGTTATATCACTTCATTAAGAACATACAGAAAAAGCGAAACATAATTAGCAGATTTTTTAGAAAGGAAGTAATTTATGCAAAGAAAGAATATAAAAGAAATTTTATAGGAGGAGTATATTTGCAGTTAAGGAATGTTAAAAAGATTGAGTATTTTTATTGTTATCAGTTTGGCGAAATTAATTTTGCCGCGCTTCTTAATCTAATTTCTTTTGACAAAGATGAGAAAGTTTAATAATATGGTACTATTATTAAATTTTAGTAAATTAAGTAAATAATCTTAATTTGCTATGAAGTTAGGTTAGTTATATGCCTAAAATAATAAAATGGTTATGGAATATATGTTTTAATTTTTGATTTAGACGGAAACTTATTTATTCTCAAAGAGATATAATATCGGCGGTTAACTCGGTAAGAAAAGAATATGGTTTTTAGTATCTTTATGCCAAACAAGTGTGTTCTTATCTGGGAACCGGCGTTAATGGGCTTATGAGTAGAGCTGTTCCAATTGTTCAGGCGGAAGTTCTTGAAAAGTTTAATTTTTATTATA
NZ_AP017459.1_gap12	551417	553721	2304	ATTTATTACAATCTTTCAAATGCATACTACAGAAACGGAAATCTCGGCAAATCAATTTTAAATATGGAAAAAGCATTGAGACTTGCCCCGCGCGATAGAGAAATAAAGAACAATGCGGAATACCTTAATACTGTTGCTGGACAAGTCCGGCGAAAAAATTTTCCAGATACTTTTTTACGATATTTTTCTCTAAATGAAATAACAACAGCATTCGCCGTTATCACAATTTTGTTTCTTACGGCACTGTCTTTATTTATTATAAAAAGAAAATTAATATTAAAAAAAGCTGTGGCAGTTTCAGTTGTTTTCTTAATTATATGTATACCGCTTTTTGCTTTAAAAGTTTACAGTGAAGTCGCGACAAAAGAAGCGGTTGTTCTTTCTGCTTCAAATATCAAAAGCGGTCCCGGTGAAAACAATCCTGACATTTTTATAATTCCGGAAGGTAAAATTGTATCGGTAATATTCGAGAACGGAAACTGGAACAATATAAAAACCGAATCCAAAAATAAAAGTCTTACAGGATGGATTGAAAAGAGTGCTTTAGGAAATATCAATGCATAAAGTAGCAATTTTCGGCGGATCTTTCGATCCCGTTCATAAATCGCACATTCAAATTGCGAAACTTGCATTTAAATCCCTTGATTTAAAAAAGATGATTTTTGTTATAGCCTATACTCCGCCGCACAAGACAAAACAATACGCATATATTGAAGACAGGATTTCCATGTTAAAACTTGCGACGGGAAATATGCAAAAAACTGAAATCAGTCTTTATGAAGCCCAGAAACTTGAAACGGTATATTCATATCAGACATTGGACTATTTTAATAGCTTATACCCTGAAGATGAAATATACATGGTCATAGGTTCGGATTCTCTTTTGGATTTACCGATTTGGAATAATATAGATTATATGGCAGGTCGTTATAAATTTATAGTGGCAAAGAGACATGGATTTGATGAAGTAAATAAAAACGTAAAATATTTAGACAGATGCGTTTTCATAGATAAGGAAACGGAAGATATTTCTTCCACGGAAATAAGAAGACTTGTAAAAGAAGATTATAAAAAAGCAGTTTCGATGCTTAATAAAAAGGTTTATAACTACATAATTCAAAACGGACTATACAAATAAAAATTTTTATCAGCTATATATAGTTTGTTCAGGAAAAGCCTAATTGCAGACCAAAACAGTAACACCGTACATCCGCGTGCTCGGTTCCAAACTGGTTTATCCACGCTGATGCCATGCGTCGATCTTAGTATGATGAAATATGATTTAAAACAAGAAAATAAATATGTGCAAAAACGCTGAAAAACAAATATTTGATTATTTATCTGAAAATTTAAGTCCTAAAAAACTCGAACATTCTTATAACGTCGCAATACTTGCCGCAGAACTTGCATCAAAACACAATCTGGATATAGTAAGGGTACGGACAGCAGGACTTCTGCATGATTGCGCAAAATTTATGACTGACGAAGAATTTATTGATTTTTTTAAAAAGCGTGACAAAACCTTAAAATATTTTAAAAAAGATGTAATTAAATTTTCGCCTCACCTTTTACACTCTTTTGCGGGAGAAATTATTGCGAAAGAAAAATTTAAAATAAAAAACAGAGATACTTTAAATGCGATAAAGAATCACACTCTCGGAAGAAAAAATATGCGCGCCATTGAGAAAATAATCTTTGTTGCGGATTGTGTTTCATACGACAGAAAATTGGAAGATGCGAAAAGAATACGAAATCTGGCAAAAAATGATCTAAATAAAGCTTTTTTTGAAGTGCTTACAAAAAAAATAGAACATATTATTGACAAGGGCATGTGGTTATGCCCGAAGATTATAGATACATGGAATTGGTATGTTTCAAACAATAAAAAAGATAATTAAAATATTAGCTCTTATTCTTCTTGTATTGATAACTGTAGCTGTATCTGCATATATCTATATCGATAAAAACGACGTAGTTACAAAAAAACTTAAAGGAAAAGATTATACCAGTTTTTCGATTTTACTGTACGGCACGGAAAAAATATTTCCCGGCCGCCTAGATGTATATACCGCTTTATATGACAAAAGAACTAATATTTTAAAAGTTTTGTCCGTAAACACTGATGCTGTCGTTCTTAAGAAAAGAGAAAAGGCAAGAAGCTTAAAAACGATGTTTAACGAAAATTCAAAAAAAGACATAAATGCCGCAATAAAAAAACTCTATCTGGATTTGTATGAAATCATAGGTAACGCCGCTGCAGCCGATTTTTATATTAACACAACTTTTGAAATGTTCGATATTGCT
NZ_AP017459.1_gap13	556124	560900	4776	TGATTTTATAAGACGGGAATATAATATAAGTAATATTCAAATTACGCAGTATGCCAATATTGATTATTGGTTTTCAAAGCCGGTTCTGCAAAACTTATCAGTATTGAAATGTTTTATAAATAAAATTGATAAAGATATTCAACAAATATTTTTGGTTCCATTTTCTGAAACAATAAGGGAATGTTCTTATACAAAAAACAATGAGTTCAAATTATATAGAATTAAACCGGAAGAGGTTTTACGATTTAATCCCGACGTATTTAGCGTTTTCTTTAATAAATTAAATAAAATTATTGAAATATATAAGAAGTATTATCTGCCTAAAGTAAATAACTTAAAAGTTAATATACATTGCTCAGAGTTTGTAAATGCAAATAGGAAATATGGTGTTGTATTGACAAGTCCGCCGTATGGCGATAGTTTTACAACTGTTGCTTATGGTCAGTTTTCTATGTTCAGCAATCAATGGCTTGGTTTTAAAAATGCAAGACAAATAGACAATATGCTTATGGGCGGACGCAATGTCAAACAAATATATAATAATAGTATTATAACTGACTATGTAAAAGAAATTTCAATAAAATCCTCTAAACGGGCATTAGAGGTTTCATCATTTTATTTTGACTTAGGCAGGTCAATAACAAATGTTGCCAAAAGCGTTAAAAAGAAAGGAGTTGTTTTTTACATAACTGGAAATAGAAGAGTGCAAGATGTTCAATTGCCGACGGATCAATTTATAGCTGAACAATTTGAACAAAATGGTTTTAATCATCTCTTTACCTATGAAAGGCTTTTATCAAATAAGTCAATGCCGTTAAAAAACTCGCCGTCTAATAAAGCAGGTTATACAAGAGACACTATGATGAAAGAATACATTGTCGCAATGTCAAAACAATAAATATATCTGGTTTATTATAATACTAGATTATCTTTTAGTTCATTAACGTAGTTATTAATATTACCTTCAGGAATATCGTACATATCTTTTATCCTTGTACAAACAAATCTAAACTCATCGCTAAATCTCCTTTGAAAACCAATCCGTTCAAACAAACTAAAGTATTCCAAAATTTTAATTTTTTCTTTTGTTTCTTTGGAATCAATCAGTTTTTCATCACTTACGTATTTAAGCCAGATATCGTCAAGATTTTCTAAATATTGTTCCGGATTTTTTAAAATATTCTCTGCAACAATTATTGCTGCCCTGGCAAATCCTTCGCAAAGTCTTACTATTTTATTACAAGTGTTATTCGGCAGGGTTGGAGAATCCTCTTTAATAAGTCCCAAAAGAGCAGATTCTGTATAAATACTTTATCTTCATCAACTCTTCTTGTATCAACAAAATTAGAATTATATATAGTAATAAGTTTTAAATTACTCACATTGTACTCAACATCATTAAATATTTGTTTTGCATTTTTACTATCACATTCGTCAATAACCAAAATCAAAGACACATTTTTATTTATATTAATATAGTTTTTCAATCTTGAATTATTATATTCTTCAGGGGATTTAAAAAAGATACAATTACGCTTTAAATCATTGTCGCTTAATATTTGAATAACTGTCTTTGTTTTACCTATTCCCGATGCTCCTAATATTCTTATATGCATAGCTATATTGCTTTTGTTTTGAGCTTTCAATAATTTTAGAGCGCTGGAAATAATATTTGTTCTATGCTCATCTTCAAAATATTTGTTTTTCAAATCGCTCTGTTGAGATATAGTTTTATATAAAGTATAAGCTGAACTTATTAGTTCTGTCTTTATATTTAACAATAAGCATGGATAATTTTTTTCATAACGCTATTTATATGTTCATATCCCCACACATGTACCTTACAATTAGAATAACCGCATTGATTAAAGTATTCTTTAAGAAAATTAATCGCGGCAATTCGATCTTTTTCTACGAATGTATGTTTAAATGTCACATAAACATAAGCAGCCTCATTATCTAAACAGTCTCTAATAGCAGGTTTTAGTTTATTTTTTATCTCATGTGTCCGTTTGGGGGGATCTCTCGTTAATTTATCAATTTCTTCAATATTGCAGCCAAATAATTCGTTTACAATAGTACTTTTATTCCAAGGCTTGCTACCAGATTCTGTCTTTATTTGAAAACGAACATCATCAGCAATAATAATATCGCTTCTTATACCATTCATGCTTTTTATAACAGCATCAATGCCGCCATCAGGACATGTTATATCTTGGGAGCAATTAATGTAAGTCAGCGGAATGCCATTTTTGACTGCTTCCAAACGAAGAAGTTCTTTAAATAAATTAACAGCTTCTTCAGGTTTATAATTTGACAACTCTTTGCTTAACTTGAACATACAAATGCTCCTTGTTCCATACTATCTGTTTATGCATATACTGCAAGGAGAAACCACTTTATATATTTCTTCAAGAATTTTCCAAAACTGGCTCAAAAAAAATTGGTGGAAGAAAAATGTTCATGCATTTAAATATGAAGGATTTGCAGAAAATATGCCAGAAACTTTAGTAGAATTTTTTAATAAAGAATTGCCAGAATGCCCGACGGATGTTAAAGATAACATACTTCAAAACCAATTTGATAATTACAATGACATAAATAACAAAAAAAATTATTTCAAAGTATAGCTTGTCAACGAAATAACAATGTTTTTGAGAAACTAAAAAAAAAAAAAACGAGAATTTAAATGAAGAAACTCTTTCTAGTGTAGATGGAGACATACAAGCTTTACTTACATATTATGCTAAGAGTACTGTTTATTTTACAAAAAGTTGCGATTTACTATTTAAAATTGCAGTCTTTGAAAATGGAAATACAGCAGAATCATTTTTTGCAGATTTGTTCACTATTTTTTATAACTCAGTGGATATGGCAAATACATACGCTTCATTGCCGGACAAGATTGATTATTTGAATAGTTTAATTAAATTAAAAAAAACGAAAAGAGAAATACTAATAATATTAAAAGCTATTGAGCAAGGCATACAAAATCCTTTGCATAATAGCAAACACGAATATGACTCTAATAAATTTATTGTTAAAATTTTAAGACAATTCAGTTTTAAAGATGCAGAATTGAGATATATAGATGATTTATTTAAATTAACATTAACAATTTTAGGACAAAGCCCTGATGCTGAGATTATAAAAAAATGTAATTATATATTTAATAGAATTGCTTTTTATTTATTACAAAATAACGAAACATTCAAAGTTGCTTTAAATCGGTATAAAGAACTAATAAATACTAAAAAGTATGATGTTTTTGAATTTATAAGAAGTCTTGACGATGCGTGCAGATATAATTGGATTAAAGAGTTGAATGAAGAAAATATTAGTAAACTGCGTATATTTTATGAAGATTTAAAAAACACAAATAAACTTACAGATTTGAAGATTTTTTGTATGCAATATCCGCCTCTTCGTCAAGACGAAGAGAATGAGATATTTAATAATTTAGTGAATATTACAGATTTAGAAGAAAATAAAATGCTTGAGTTTTTGTTTTCCGACAAATCTAATTTATCATTTGATGTCGGTATGAAAAAAGCAGCAGGCGACAACGATTTGAGTATATTCAAAAAAATTGTAGATAAATATATAGAGTTAAAAGCTCCTAAAAACATAGATTTAATAATCGGGTACTTTCGCGGTTTATATGAAAAAAATCAAGATACTTTTGATGATACAGTACTCAGAATTGATTGTAAGTCGCCACTATATACAATTTTGCCGGATATTATTAATACAATACCTACAGATAAAACTGTAAAACATTTATTTAATTTGATTAAAAGCAATAAATTTTCTATTACTGATTTAAAATCAAGAATAAGTCGATGTTCAAAACAATTATTGACTGAAGTTATTGAATACGTAATAGCAAAAGAAAAATCAGCTGTTTATCTTTGTTTAGATTTTATCTCATATAATAAAGGCAGAATTAAGTTTGATGAAAATTTAGTTCTTAAGTGCTTAGATGTTTCATTAAAACAGGTTTTTAAAAAAATAATTCTAATTATATCTATTTATGGAACAAAATATTAAATGAGTATGTTAATGCGAAATCGCCATTAAAGTATTTATTAGAGATGTTTGAAAAAATCATAATAACCAGCGATGCTTTCAGCAATAAATCAGTAAAAAACAGCCTTTTATTTTTAGCAAAATTACATACACAAGAAATGTGGCAAAAACTTTCCAACATATTAGACAATATCGAACAAAATATTTCACATTTATTCAACATTAAAAATTTCTGGCTCAACAACGGTTTTTTATCAATATTTGATGAATCTTTAATTATAAAATGGATTGGCGAAAAAGAAAATAAAAGATTAAATGTAATTTTATATTTAGCCCCGGATCATTTTCTGCCGATAAAAGAAGAATTTGATATGGCTTTTTATAGGAAACTGCTTATTAAGTATCCTGATAATAAAAGATTAAAACAAGGCTTGCATTTACAAGCTAGCAGTGGTTTTTCTTGGGGAAAAATGAGTGATAATTTAAATGAGAAAATTACAAATCTTAAAAAATTAATAAAAGATGAAAAAGAAAAAATTATAAAAGATTGGTTAGAAGAAGAACTAAATATTTGTAATGGAACATTAAAATATATAAAAGAAGAAGAAGAACGAGTAATTTTTTGATGGTACTTACATATTTAAAAATTGGCAATATATTAATTCTATTTCCTGCTGCTTTCTTCAGCCCATGAGCGGCGGATATAAAGCGGCTTTATTTTTGTATAGTCCGTGCTTTTTGCAGAGT
NZ_AP017459.1_gap14	585992	587215	1223	CGGAAAGAAATTGCTGATACTTTGTACGAGAGAAAACTGAGGAATAAGCGATTGCATAAGAACTATGAAAGAGAATATAGTCGTTTAAAAGCGCTAGAGCGGTGGTTTAGTTTGTAGTTCCTTAGTTAGGATGTTAGAGAAATTAACTTAAGGGTACAAATGAGAAAAATAACACTTATCTTAATAGTGGAATTAATGATAATATCTGCATGCGCTAGATATTTTAAAAGTCCCATCCCCAATCGTTTTCAAGAGGGGCATTTGCAAGGATACATAAACGGACAGGCAGTATTAGCAAGTTCTTGGTGTGCTACTGATTTTGAGGAGGAACGAGAAAAGTTTGAGGATATCGTTATTAGAAATCCTATAATTGAGAGAAAATTGTTAAAGGAAAGTTATGATAGACTAAATAATAAGAAAAAGGCTGAAGAAGCTGAACAAATAGAAAAGACTAAGAATAAGCAACAGTAGGGGAACCAGGATATAAAATTAGTGAGCGTTAATATATAGAGAGAAGAGAAGCAGGATTTAGTTAAAGAGTCGGTAAGGCGGGATATGAGTTTATAGGACATGTTAATCTTATACTAGAAATTGCCTAAAAAATACCTTCGATGTCTGTTAATTATTATTAGAGATGATATTTTTGAGTGAAACTGGTGTTTGTTATGATTATCCGTTGTTTCATTGCACGGAAAGAGCATCGAAACCGAAACCGAGAAAACTTAAGTGGTGGGAGCGACTTCTTGAACACGTAGATATTAATTTCCACATTGAAATCTTGTGAGTTTCAAAAAAAAGATGAAAATAACAATAATAAAAAGTTTAAATAAATGAAAAAAATATTTAATGCTATTAATTTTTGATTACGGAAGTGAAAAGACAATTGACGTGCAGAACGCTGAATCCACAGTCAGAAAACATTTTGGGAAAAGAGGGAAATCTTAAGGGAAGTTGCCGGAGGTGTTGTGTATTTCTTGTGTTAATTTTTATTTTTGTTGAATGTTTCTCTAAGCGATCATTAATTAGTTTCTTTTTTATTGTTGCTGTTAAGGGATGAGGAAAAATGATTTGCTTTATAATATTGGAAAAGTAAATAAACAGGTATTGCAAATGTCTGCGGAAGCAACATCACAAAGAAAAGAAGCAAGAATGCAAGTGTGCGCAGAACCTGCAGCAGAGGACAGCTGATTGGATTTGGTTTGGGTATCGACATCTGTCAGCAG
NZ_AP017459.1_gap15	774619	778726	4107	CCGCCAGAACTAAGCCATACTTTGTTGGAACACAATCTTTTTATTTCCTCTTCGATACCATACTTTTTAAATATTGGAGTCCTATCGTCGTAAAAAACAATCCTGTCAAGGAATTCAGGCAATACTATTTCAACAAAATCCGTAACATCTTTGAGTTCTTTTTGCGAATCTATACGCATAAATATGACATCGTCAGAAAAATAATCTATTACGGTCTGAAAAACAAGTCCCAAGTCTTTATGTATAAGACTCATCGGCTTAGCATCGTCAAATCTTTCTGTTATGGATGTCCAGAGTCTTATTAAATATTTTATTTCATTTTTAATTTCCGCTTTTGTAGCTTTTTCAGCTTTAGTCCTTATTATTATGCCACCGGAAATATCTTTTTTAAGCTCCGCAGTCATACTTTTTAATCTGTTGTATTCATGTTTATCTTTAATATTCTTTGATACGCCTATATTATTGCTGAAAGGCATATACACTAAAAGCCTGCCCGTAAGGGAAATAGCCATTGTTACTTTAGCACCTTTGTTATGTATCGGTTCTTTATAAACCTGAACCATAATGTTCTGTCCGGCTTTAATCATATTTTTTTTACTGCGATGCTCTTTCAATGTATCGCAAACATCAAGATAGGCACCTCTACCAAAACCTATGTCCACAAATAATGAATTAAGCGCAGGCACAATATTTTTCACTCTGCCTTTATAAATATTGTTTAATATTTTTTCAGATTCTCTTCTTTCAATAAATAAATTAAAAAGTTTGCCGTTGTCAAGTATGGCAACTCTTGATTCTTCAAACGTTCTATTAACTATTATTTCTTTTTTCACTGTTTTCTCCGTCTGGATGTTTAGCGTATTTTTAAGCATATATAATCTTAGATTGTTTTATTTTTATTCCGACTTATTATTTTTTCATTATACAATATACTCATACTTTTTCTTGAGAATTCTATCCTAATATCTGATAACCGTTTCAAAACAATAGAGCAAGTAGCATTTTATATTAAATAGAATTCAGCGTACAACACACCAAGATAGGAAATTTATGCCATCAACACATGGGCTGCAAGTGTGAGAGTAAAAATATTTTGATATTTTTGTTTGAGATGAAAGTATGTCAAAGAATACAACGGAAAACAGAAAACTAAAAAAGATTTGATTTTTATTTTGAGAATTTTTCCTCAAAAAAGCTTGACAAAAAAATTAAATAATAGATTTTATATATTATCTCTCTTACCTGCATTTTTTTCTCTCTTTCGCATTTTACTCTAAATTTGCCGTATATACGGTTTATCTATTTATTTTTCTCATACTCATTCACTTTAAACAAAAAAGTGGGCGGAGAGGGAATTGAACCCTCACGACTCTTGCGAGTCTCAGGATTTTAAGTCCTGTGCGTCTGCCAGTTCCGCCATCCGCCCAACAATTAAGATTAGTCTTTTAAAAAATTGTACTACAAACAACAGATCGGAAGCAAGTCAAAATATTAAAGACATCAGAATATTCATCATCGACAGAAACTATAAAACGGCAACCTTTTAAGAATTTTTATCAAAAACTTTTTATCTGTACTTCACTTTTGCCGTTAACATAAGCCTAAGAAATACAGCTTGGCAAAAGACAAAATCTCTTTAAACCATTTTGAATGCTGAAATGTTTATCAGGAAATTCTCGTTCTTTTTTTCTTATGTTTTCAGCTTAAAGTCTGTTTACAATATGCGCAGGTATGCGTTAACAGACTTTGCACTTGGTCACTTCATCAGCATAATTGATTTGAAAATTGGAAATCGCTGAAGCTAACATTTCTTCTTCTTTTTTTGTTAAATTGCCTTTAGTCTTATCTCGAAGCATGAGAAGCATATCAATCGTTATCTGCGCACCTTTCAAATCTTTCTTTATTTTACCTTCAACCGGATCCTGAATTTTGCCAAGCTGACACCATGCTGAAGAAGCAAGCATCGTTATAAGATTAAAAAAATACTGATTAACATCTGAAACTTCCTTTTTTGACATTTTTACACTCCTTTTGGGTTTGCCAACAAAAAAATCAAGCGTATGGTAGAAAGTAAAGCTTTAACGCCGTAATCTACCCTTCAAACACTAAGACGGCAGCATTATTTTTTGATATTTCTTTCTATAAATCCGCCGAGAATTTTTCAAAACACACAACTAAAAAGATCATAAAAAATCAGGTTGATTCTTCGTCAAGCTATTCCAAGATTAATATAATGTTTTTACCGTGAAAAGCTACCAGCTTATCAACCATAGACTACCCTCTTTCATCTGCAATATTTCCTAAAATTTCATGCAACAGAATATATCGTTCCGATCTTCCTAAAACGTCAATTTTTAACGGGAGGACTTCAAAACATCTTTAATTCCTATCGCCCAAAAATTAATTACTAATTACTTAGGATTCACGCCATAAAACAAATCGGGCAATTACTGTGTACTCTCTCAGCTTTGTAGTCTGCCGCTTCAAAGTATGATACTGCTTTTTCAGTTTTTTCCGGTAGAAGTATCGCGGCTTTCGTAAAAACAATTAAAAAATAACAAGACGCTTGTATTTTAAAACAGAAACATCTCCGACTTTTTAATTAAGAATTCCGTCTGCTTTACGAAACGGCAGTAGAATACCGGCTGGATTTATTCATAAGACATAATATTACATGACTATTTCTGAAAAAATTTATTTATCGCAACATTTATTCTTCTAACTACATCTTCTTTCCCCATAACTTCCATCATTTGGAATAAACCCGGACCCTGCATTCTTCCGGAGATTGCAACTCTTATAGGGTGAAACACCTGCCCGGTTTTAATATTTTTTTCCGCAGCTAAATTTCTTGCATACTGTTCTAAAGATATAGCTGAAAAATCCAGTTGATTCGGCAGTCTCGCCGCACTTTCGATTAAAACAAGTTTTGCAATATCTTTTGATTTCTCGGAAAGCAATGTTTTCTTCACTGCTTCTTCTTTGTAGTCCACGTTTTTTGTAAAAAAGAAATCAACAAGAGAGGGAATATCTTTCAACAACTTTATTTTATCGTGTTCTAAAATCAAAGCTTTTTTTAACAACTCAACATCCCAAGTCTCTGTCAATTTTTCATTACCCGTATATTTCAGCCAATCAATAAACAATTCGTATACCTGCTGAGGCGTTTTTGAGCGGATTTTTTCGCCATTAAGCCACAGCAACTTTGCCGGATCAAAAATAGATGGACTTATCCCGCATCTTTCTACAGAAAATTTCTGTTTTAACTCCTCAATCGTAAAAATCTGCTGACTGTCCTCCGTAGACCATCCGAGCAATGCAAGATAATTTATCAATGCTTCCCGCAAATATCCTTCTTTTCTATATTCTAAAACAGATGTATGTCCGTGCCTTTTTGAAAGTCTTGCGCCGCCGGCGCCCAAAATCATAGACATATGCGCAAATTCTGGCATTTTCCAACCCAAAGCATTATAAATATGCATCTGCCGAGGGGCATTTGAAATGTGGTCGTCACCTCTTAAAACATGAGTTATTTCCATAAGATAATCGTCGACAACGCACGCAAAATTATACGCAGGTACGCCGCTTGCTTTCATTATCACAAAATCGTCAAGCAGAGAATTATCAAATTTAACTCTGCCTCTTATAATATCGTTTAAAACGGTAGTTCCCGATCCGAACATTTTAAATCTTACAACAGCCTTTTTCCCTTCAATTTCTTTTTGTTTTCTTTGTCCGGGCGTAAGATGCCTGCATTTGCCATCATATTTCGGAGGAAGTTTGTCGGCTTTTGCTTTTTTTCTCATAACGTCAATTTCTTCGGGAGTACAATAACAGGGATACGCAAGTTCTTTCGCAACAAGTTCGTCCGCGTATTTCCGGTATATGCCGCGCTCTTTACGTTTCATCTGAGAGTAGGGAGAATATTTCAGATTTTCATTTCCCGGTCCCTCATTCCATTCAAGTTCCAGCCATTTCATAGCATCTAAAATAACTTTTGCGGATTCTCCAGTCGAGCGCGTTTCATCAGTATCTTCAATTCTTAAAATAAACTTTCCACCTTTATTTTTTGCAAAAAGCCAGTTAAACAAAGCCGTACGCACCCCG
NZ_AP017459.1_gap16	787681	790264	2583	TATGCGGCGTCGCTGCTGCAGTTTTAATAAACCCGTATTTCATTATTTCCCTCTCTGCCGCACTCACACATCACCGCCGTGTTTTATTAAAATCAAGCTCAAAACCAAGTTTGTTCATAACAATATCTCTTAATCCGGGAACCGCAACAACTTTTCTATTATATTAAATCCGAAGGCATAACTTCTATGCCTATAAAAGTCCCCGACGACTGCTTGAAAGTTTCAAGCAATCCTGCAAGTTTTAATATATTTTCTCTGCCGCCTTTAATTATTATATGTTGTCTGTAAACATTGTTAAGCTTTGCGATATATGCCGGCACAGGGCCTAAAAGCTTTAATCCCAGCTTATAACTTTTAATTGAATTTTCAAGGAGAGAAAAAAGTTTTTCAGAATCGTCATCAGCTTTTTTTTCTTCTTTATTTCTTATTGAAATTTTTGCCACGTCGCAGTAAGGAGGATAAAATAACTTTTTTCTCTCCTCTATTTCAGTTTTATAAAAAGATACAAAATCATGATTTTTTGCATACTCTATTGCGTAATGCTGTGGGTGATTTGTCTGAACTATTACGCTGCCTCTCATATCTCTTCTGCCGCTGCGTCCCGCAACCTGCGTAATAAGCTGAAAAGTTTTTTCAACTGACTTAAAACCAGGAAGATATAAAGATGTATCTGCATTTACGACACATGCCAAACTCACTCTCGGAAAATCAAATCCTTTTGCTATCATCTGCGTCCCTATCAATATATCGTATTCCTCATTTTTTATGCCTCTGTAGACTTTCTCATAATTTTCTTCTGAAGACGCAGTATCTCTGTCAAGTCTGAAAATTTTTGCGGTTTTGAAAAGTTTTTTCAACTCGTCTTCAACTTTTTGAGTTCCCGCACCAAAAACAGCTATGTCTCTGCTTTTACACACAGAACATGCCACAGGCAGATTTTTTGTTAAGCCGCAGTAATGGCATTTTAAAAGCTCCGGATTCCTGTGAAAAACCATTGAAACGGAACATTTGGAACACTGGTAAACGATGCCACATTTTCTGCACATAATCGTCGGAGAGTATCCCCTGCGATTTAAAAAAACAATTATCTGCTCTTTTCTCGCCAAAGCTTTTGACATCGCTTCTATTGTCTCCGGAAGAAGCAGTCCCGCTTTAAATATTCTGTCTCTTAACGTTAAAACTTTTACCTCAGGTAATTCTTTTTTACATATCCGTTCGTTTAATTCTATTAAATTCAGTCTGTTTTCCAGCGCGTCTTTATAACTTTCAAGAGATGGAGTCGCCGAGCCTAAAACCACGACCGCATTGTGATATACGCCGCGCCTTTTTGCAATTTCTCTGGTATCATAAGACGGTTTTTGCTCCTGCTTATACGTATGCTCGTGTTCTTCGTCGACAATTATCAGCCCTAAATTTTTAAACGGAGCAAATACTGCAGATCTTGCGCCTATCATTATTTTTATACTGCCATTTTTCGCTTTTGAAAACAGACTGTATTTCTCGATGTTGCTTATGCCACTGTGCCAGACACCAATACTTGCGCCGAATCTTTTTGTCATAATATCCACAAATTGAATCGCAAGAGAAATTTCAGGAATAAGCATTATGGCACTTCTGTTTTGTTTTAAAACGTACTCTACAGCTTTTATATATACTTCCGTTTTTCCCGAAGCTGTAACTCCGTAAAGAAGAAAAGCATTATAAACTTTTTTCCCCAAACTTTCATTTATTAAATTAACGGCGTTTGACTGCTGAGCGTTTAAGATATGTCTTTCATATATTTTTTTTTCATATTTATTTCTATTTTTCGGAATTCTTTTCGGAGGTTTCATTGAAACAGGAATTATCGACGCAAGCGCTTCGCCCAGAGAACAGACATAATTTTTTGAAATATAGTCCGCAATCTCCATTGTTTCTCCGGTTATAAGAGGGTCATCGTCAATAATTTTAATAATTCTTTTTAATTTTAAACCGCTGTCGCTTTCAACATTCCGACAAGATATTGCATAAGCTGTTAAAATTCTTTTGCCAAACTGAACTTTAACTCTTTTTCCGACTATGCTTTCGGGATTCATATTCTCAGGAGGCAGATAGTAAAAGATTTTATTTAAAGGAACAGGCAAAACTGACTCTAAAACTATCATATTTCACCTGTATCTAAATAATGCATAACTTTTTTCATATCTTCCCAGACAAATTTTTTTAAGTTCTGGTTCCTGAGAAGAGCAGCAGGATGAAATGTAGGTATAAGTTTTATGCCTTTATATTCTCTTACGCTGCCTCTTATCCTGCTGATGGATTCTATGCTGTTTAAAAGTCCTTTTGTGGAAGACGCTCCTAAAGTCACAATGATTTTAGGTTTAATAATTTCAAGCTGCATATCCAAATAAGGTCTGCATATTTCCATTTCTTCAAGTGTCGGAGGTCTGTCATTTGAACGTTTTTCAGGATTAGACGGATCAATCATAGCGTGACATTTAACTATATTTGCAATATACACGCTTTCTCTTGCCTGGCCCATCGCTTCAATGATTTTCGTCAAAAGCTGTCCGGCCCTTCCTACGAAAGGTTTTCCTATATGAT
NZ_AP017459.1_gap17	808988	810191	1203	ATTTCTTTAAATTTATTAAAATTCACACTTTATTCCTTGTATTCTTCTTACTTTCTGCCACATATTTCAACAAAGTGCTATTTAGTTCTTCAACACAATTCTCCTTAAATTTAATTTGCACTACACGAGCATCCTTACTTTTATTAGAAAAATCCCTCTTATAGGCATACCTTAAACTATCAATCGATATTAGTTCATTATTTCTCAAAACATACCAAAAATCCCAACAATTATTACTTTCTTTATTTAGTATTTTGGCACTGATTTCATGAATGCTGCCAATCTCATTTCCGCTTTCTATTGATGCATCCGCTTGAACAACAGCTTCTTTATCTTTCTTCCGTGAATATAATTTTTCACCTATTTTTACATATCCTTTTTCTATAAGACTTCCAAAACCAACTTTCGGCTTTTTGTTTTCAATTTTATAAAGCAACAATTCTTTCTTTATCGATACAATTTTCTTTAACATATTATTTGCAACATCCATATAAGTTTTCTCTTTTTCAAAACTTATAAAGTTCCTTCCAAGTCTCTTTGCAACAACTGCCGTTGTGCCTCTTCCCATAAACGGATCTAAAACCAAATCACCTAAGTTTGAAGTTGATATTATAATTCTATACAGCAATTCAGCCGGCTTCTGCGTAGAATGTGCCTTTTTTCCGCTGACCTTAATTCTCTCCTTACCATTTCATATTGGAATAAACCAATCGCTACGCATTTGTAAATCATCATTCATTGTTTTCATTACATGATAATGAAGCGTATAGCAAGACTTAGCGGACTTTGTCGCCTATATTAAGGTTTTATGAGCATTATTGAATCTTGTACCTTTGAAATTAGGCATTGGATTAGTTTTAATCCAGATTACATCATTCAAAATCCAAAAACCTATATTTTGCATAATTGAACCGACTCTAAAAATATTATGATATATGCCTATAACCCAAAAACTTCCGTTTTTCTTTAAAACTCTATAACATTCTTTAAGCCATAAATTTGAAAATTCATCATATTTCTCTTTTGACTCAAACTTATCCCACTCATCCGAAACAGCGGCAACTTTTGTTTGATTTGGACGATAAAGGCATCCTTTCAACTGTAAATTATACGGCGGATCTGCAAAAATTAAATCAAAAGACTCATCGGCAATATTTTTTCAAAAGCTCAATACAATCTCTCTGATATATATTATTTATCTCA
NZ_AP017459.1_gap18	930007	931910	1903	CCGCAGGCTAAAGTCTCATCCTCAACACCTCTTTCATAAGTGCGCACAAGAAGAGTATTGTCTTTTATAACTTTTACGAAATTAACATTTGTACCTGCAGGAGCAAAAGTTTTATGACGCCTTATGGCTCTCCCGTACCCAAAAACATCAATCTTTTCAATATCGTCAACAAATATGACTACATGCGGAACACCGGTATTTATAAAATTGACATCAAACTCTTTCCCATTGACTTCAACTTTTATATCTTTTTTAAAATCCCTAGGATTGTATAAATCAAGTCTTACTCTGTCTTCCGGTAAAATTTCGGCGTTTATAACTCCTGCATCAGTTTCAAAAACCATTTTTAAATTTGCAACACACAAATCATAAGCAAATTTTGCAATAGATCTCCCTCCATTTCCGCACATAGAAGCATAAGATCCGTCAGAGTTAAAATATTTCATTTTAAAATCTTTGCAAGCGCTTTTCTCAAGTAAAATTAAACCATCGGCACCGATTGAATATTTTCTGTCACAGAGTTTTTTTGCAAGAGCCTGACAGTCTTCTTGGGCAATTATATTTTCTCTGTTGTCTATCAAAATAAAATCATTTCCGGCAGCAGTAAGTTTTGAAAAATTTATATCCATTTTTATCTCTTTCTCTTGTCATGGTAAAAGACTTTATTTTCGAAATATCCGTATTCTTGTCTTTACTATGACACCGAAAAGCAAAACAACTTTGTCTTGAAATCTTAAAGCATCCAGTCTTCTATACTTAATACTTTGTTCAAAGTCCTCAGTCTTTCATAACGACAGGTTTCTTTACTACCTTGAAACGGCAACTCCTCAAACCTCGTTCAACAACAAATCCTCATATTTTGCTCTTTTTCTTATTAACATGGTTTTGTCACCATTAACTAAAACTTCCGCGAGTAAAGGTCTAGAATTATATTCCGACGACATCGCAAATCCATAAGCGCCGGCACAAGTTATAAGAAGATATCCGCCCTGCTCCACAAAAGGAAGCATTCTGTCTTTACCCATAAAGTCGCCGCTTTCGCATATAGGTCCCACAACATCGGTTTTAACTTTTTTATCATTTGTCATTTTTACAGGCAAAATCTCGTGATAAGCTTCATATAAAGTAGGTCTTATTAAATCGTTCATTCCAGCGTCGGTAATAAGAAAACTTTTTCCACCCGAAATCTTCCTATATATAACTTTCACAAGAAGATGCCCAGCATTTGCTATTATTGAACGACCAGGTTCAAAAATAAATTTCTTATTTTCGTCAAACACCGGAAAAAGTTCTGAAATCAGCTGCTTAGGAGACGGAGCTTTTTGATCTTTTTTATATTCGATACCGAGACCTCCGCCGAAGTTTACGTACTCAAGTTTTATGCCGTTCTTTTCCACGATGTTAACAATCTTTTTTATTTTCTGCGCCGCAAGCCTAAACGAATCGATATCCAAAATCTGCGAACCGATATGCGAATGTATCCCGAGAATTTCAATATTTTTCTTTTGCTTTGCAACTAAATACGCTTTCACCGCTTCTTCGTAAGGAATACCAAACTTTGTTCCTTTTTTGCCAGTAATTATATAAGAATGAGTATCAGGATCAACATGAGGATTTATTCGGAATGCAATTTTTGCTTTAATTTTAATTTTAGCGGCTATTTTATCTATCGCATCAAGCTCCTCAAAAGATTCAACGTTAAACATAAAAATTCTACTTTTTAAAGCATATTCTACTTCTTCTGCAGTTTTACCTACGCCCGCATAGACTATCTTTGATGGATCAAAATCTGCTTTTAAACATCTGTATATTTCGCCACCGGAAGTTGTATCTGCTCCGGCTCCGAGTTTAGCAAGCAGCTTTAAAATCGTTCCATTTGAATTTGTTTTACAGGCAAAACATA
NZ_AP017459.1_gap19	936348	940747	4399	TTCATTTTCAGATTATTATAAGGACCTTCGATGTATAAAAAACCGTTTATCAACGCACAAACAAAAGAATTTTCAAATCTTGTATTCTTTGCGGTTATTAATTTCAAGTTAAACTCGGTGTTTTCAGGAATAAAAAAGTCAATATCTTTATATTCGTCGCCAATTCTAGGAAACGTAAAACGCGTATTTTCAAGCGAAATCAATCCTGAAACTTTAGGTTTTGCTGGGGGGCCCTGTATTCTAACGTCAAAACTCAGATCGCCTGCGGAACAATCCTGCAGAAACAATTTAGATCCTACAACGCCCTGTACTATCGGCAGTTGCGGAACGCGTAAGAAAATTCCCTTATCATCTGTAACAAACCTTATATCAAAATCCTTGATATTAAAATTGTCAAGTTTCAGCTGTCCGTAAATATTTAATTTTCCCGATCCGGACTTAAAATTAAATTTATCAATTCTAATTAAATTTTCAATAATCGACATTTCAACAGACATATCCTTTCCCTCAGCAATATAATCCTTTGCTCTAAAAGATCCTCCTTTTATTAAAAGTCTGCCATTATTTTTGATTTTCTCATAAGTTCCCTCAAAAGCTCCTTTCAATAGCATTTCCCCGGAACGAGGATTAATATAGTCCTTAGAGAAATACTTTAAGATGTTTAATTTGTGATCTTCTATTTCATAAACAACATTTATAGGCTTCTTTCGCATTTTTTCGGACAAAGTTTTATCAAACCATAACGGAAAATCGCCCCGGGCAGATATGCTTACTCCATTCCGATTAAACACAGTAGCTTTTTTTATACGTGCGTAATTATCCGAGAAATTAACTTCAACGTTAAAATTATCATATGGAACTTCCATTATAGATCCGTTTATCGAGGTTATTGATATATTCCCTTCAGGCCGACTGATATTACCAGATAAACTGACATCTATATCTGCATTTCCTCTCAAAATACCGGGCAAATTTAAAACATCATTTATAAAACACCAGTCAATATTTGAACCTTTTATCCCTAAATTGACAGAATCCTTTGAAAAATCCGCTCTTAAGCCTAAAGAAGTTTTATCCTTTGAAATATTAAATTCTTTTACGGATATGACATTACCGAAAACAATAAGACCTAAAGAACTATATAAATTTACGCCATTTGCTTTCTGCAAGAGCTCTAAAGTTCCGTCTTTAACAGTATAATCAAAGCAAGAAAAAGGTAATTTATGTCTGTTCAGCCAAAAATCTCGCAAATCAATCGTTCCGCTGTATATGGAACCACCTTTTCTCTTTGTCATTTTGCCTGATAATTCTATATTACCCAATAAATTTACGGGACCTGCGTGAGCGTTAATCAATAATAAATCAAGTCCGTATTTCCCACTTTCAATATTAAAAAAACCTTTGCCCATTTTTATTTCACTATCAAAAATTTTTGCGGAAACGCCGCCTACCACAATATTGCCGCCACTTATTTCAACGTCGCATTTAACATCATTTAATTTTACAGTCTTTATATAAGCGCTTTTAGCCTCTAAAAACATTTTAAGATACTGCTTTCCTTCTTTTACAGTAAACAAGCCGCTGCCCGAAAAAATTCCCTTTACGAAAGTCTTAAAACCTACAAATACATTGATAATATTTTCAGTTAAATTCTCAACACTTAAAGAGAGAACGCCGCCGTTTAAATAATTCCCTTTAAGTGCAACTTTCATTTTATCCGCTGACAACGCAGCTCTGTTTACTTTAATGCTATTGTTTTTGTATTCCAATTCAGACGAAAAAGAAAAAGGCTTAGATAAATATTTCCCTCTTTTTATAAAAGCCAAAATTTTAACATCAGGATTATCCAGTCTACCGGAAAATTTTACGGTAGAACTCAAAAATCCGGATACCCCGGCATAAATACCTTTAATATTCGTATTTTTAAAGTAAAGACTTCCTGAAATTTTATTTTTTTTAAAATCCGCTATTGCGGATGCTTCTATGTTGTTGCCGGATTTTAAATTGGAAATTTCAAGTTTCTTTGTTGAAATAGTCACATCTGCCAAAATATTTCCAAGAGATACTCCGGATATGCTGGCACCCGTACTTTCAATGACACCCTTAATTTCGTTGTTGCCGCTTAAGCTGCCCTGAAATGCTGCATATCCGCTTACTTTTATCCTGCCTACATTAATGTCTTTTAGATTAACGTAAAGCGAAGAAACCGGATTTGTTTCCGTAAAACCAAGCAGTCCTTTTATATCGGCTGTAATTTCGTCAGAATAATTTTTTAAAACAAAACGTTCTATGTTTATCCTGTTTAAATTTATATCACCTTTAGCTTCAAATTTCTTAAATTTATTACCATATATCGTCACATCAAAAACCTTGATATCAAATTCTGTCACTGAGCCTCTTTCATACTTTATGCGTCCGCTTGCAATTCCCGAAACGTCATATTTCGAGTATCCGCAGATGCGCAGTATATTCAAAACGTCAACGTTGACGAATTTAAAGTCTGTTGAAATTATTTCACCGCTTTTTATAATATTACTTAAGGTAATAGAATTGTCACTTTTATAAAAATTAAAAACATACATATTATTATTTTTTGTTATACTCCCTTTCATATCTGCGGACTCTATACCTGACGCAGTGAAATTTCTGATCGAAAAATCAATATGTCCGGAAATTTCGTCCATTGCACCCAAAATATTAATGATTCCTTTGGCGGATTTTTCTATAAAAGGGATGTATGCAACATCAATATTTTTCATATCCGCCGTAACTTCTCCGGTTTTCATATTGCCTCTAACCGTTCCCGCTGTTTTATTTTTAATTATGAGTTTTGCTTCATAATCTCCGCCTTTTGTATAATCGATTTCAATTTTCCCGCCGCGTCCGTATGTGCATAACATACTGTAAATGCCACCACGATTTTTTGTTCCTGATAAATTAAAATTTCCTAATTTAAATCCGAAACCGACTAAATCCGTTACGTTTAATCCGAATACGGATATGCTGTATTGTTCTTTAAAATTTAAACTAATATCTCCAGACATACTTTTATTGGTTTTTGAAATGTCAATTTCGGGTTTAGCTTCAGTTGCACTGCCTGAGAAAGAATTAAACTCAAATTTCCCAAAGCCTCCCACTAAATTTATTTTATAGGCATCTCTAATCTTTGAAAAACTGCCCGAAGGAGCGATTAACTTAAATCCGCTATATATCAGTTTTTCAACCGTAATATTTTGAGTAATACTCAAAGACGACAAATCAATAGTTCCAGTCGACTTTAAAAGCATATCTATCTTATTTTTTGCGGTAAAAGCCGACGAAGTGTTAAAAATATTACCTTTCGCGCGGTCAATGCGTGAACTGACCTTGACCGGAATACCTAAGGCACATATAACAGACTCTAAAGTGATTTTATCATGATTTATCAGTATATCTGCATCTATAATTTTTAAAAGTCTGCTGTTATCATTTTTAACTACGGCTTCATCTACAAATATTGCAATTTCAGATTTAGGAAGTTCAAGATCAACACTCCTCTTATCTGACGAAACATTTTTATCTTTATGATTCTCGTTTAAAGAAATTTCTAGTTTTGATATATTTATTTGGCTTATGCAGTTTAATGGAGCAGTGATATGAACGAAAAATTTTACAGGACTTAACTTGAACGTTATTTTCTGGATCGCAATCATATTATCCATGTCTACGTTTGCAAACGTAATACTGAAAGGCAAAATATAAAAATTATCAAATTTTACTTCATATCCAGTTTTGTCGCTAATATATTTTTGGATAAAAGGCACAAATATGAAAGCTCTGGCATAGTATAACGAAACCAGCACAACTAAAACAACAAGTACATATATTGTGTATTTAAAAGATCTGCACATACCTTCCTTCATACCTTTGCCGTCATAACAAACAGACTCAAGCTCAGAACTTGTTTTAGGATATGCTGCTTTCTACTATTACTCTGAAAAGCAAAACAACTTTGTTTATAAGCATTTGAATACCGAATACTTCAGAGATTTTGTCTTCTCAGTATGATAGATGAACAATGAGTGCTGAATCACTACCCCACTTAAATAGCCGAAGATGACATTGCTAATAACAAAAGAAAATCTACTACTTAATCGGCGTGCCGGTTAATCTTGTAAGATTTTTAAATTCTTTTATAAGTTTTACTGTCGTCTTGCCAGGACTGCCGTCGGCAATTTCTCTTGAATCTGCGCTTACTACAGGTATTATTTCAGCCGCAGTCCCGGTTAGAAAACATTCGTCTGAAGTATATACGTTGTATATGCTTACGCGTTCTTCTCTCACCGGAATTTTTAGTTTGTTTTTTGCAAGTTCTATAACAGCATCCCTCGTTATTCCTATCAAAGCTCCTTCCGATCCC
NZ_AP017459.1_gap20	956814	957803	989	GTTATTTAGTTAAAGACATTCTCCGTTTTAAATAAAAAAATTCTCAACAAAATTTAAGACTGCTCTCTGCTTATAGGTTAATTTCACTAAATTATTCCGTCTTTTACGCACAACAAAAGCATGAAAAAATTTTCTTTCTAAGTTGCAGATGTCGCAATTTCTTGCAACAATCGCAATATGGATAAAAAAAATTAAATTTATTATCATATTCACGATATATTGAAGTTTATATCGGAGGTTATAATATGCATATCCCTGACGGGTTTCTAAACAGCAGTTTGTCCGGAGGACTGCTTGCCAGCGCATTAGGCATGCTCGGATTCTGTTTAGGAAGAGTTCTCCAAATCGCAACTACATTTGCAGATGTTCCTGTGGGAAATAATGGCAATACAAGTGCCGGATTCTGCGAAAGCGGACTTTCTAACAATGCAGGTAAATATTTCCAAAAGCTGACAATTGCCGCACTGTGGATATTTGCTTTCCAGATGTTCAACATTCCCATACAATCAGCGACTTCGGCACACCCAATAGGGGGAGTATTTGCGGCTGTTCTTGCGGGACCGTCTGCAGGATTTTTAATAATTTCTTCTGTCCTTACCGTTCAGTCTTTATTTTTCGCCGACGGAGGAATACTTTCACTCGGCGCAAATATTTTTAATATGGCTTTTGTCGGTTCTTTTCTTCCCTATTACATTTACAAAGCATTGTCAGAAAAAAATTATCATTTGGCAATCATAGCAGCATGTTTCTTTTCGGTGTTAGCCGCCACTTTATCCTGTCTGATTGAACTCGATATTTCGGAAACCGTATCCTTTACAACAGCTTTTAAAGATATGATGAGTCTGCATTTGATTGTCACTTTACTGGAAACTGTCACTACTATGGCGTTACTTAAAGCATTTAAAAATTTAGCGGAAAATAAAAATGAATAAAAAAACTGGCGCTGTTATATTTCCTATATTTGTCGTGCTTTCTGCAAGTTTGTTTAC
NZ_AP017459.1_gap21	976697	981077	4380	TCCTTAAAAACGGTCTTCCACTTATTATCCCCTATAATACAAACTGCCTTTCCTTTCTTTGTTGCGTTTTGCAACCTGACCGCGCTGGAGGTGGTATTATTTGATATTTATTCTTTTTTTCTTTATTTTGCACAGGCGGAAAATAACATTTATTCTATTTCAATTCTACGCACTTTACGCTTTTTGATAACTGCCTAAACTCTTCACAAAAACACAGCTGCGTTTTAAACTCTCTATCGTCTTCACTATATTTTCATCCTCAACATGCCCTCTTAAATCAACAAAAAACATATACTCCCACGCTTTCTTCTTCGTAGGACGAGATTCTATCTTTGCTAAATTTACTCCATTCCTGTTAAAAATTCCCAGTATATTGCACAGCTCTCCTACTTTATCCTTTACTGTAAAAACCAAACTCGTCTTATCTTTCCCGCTCGCCTTTGTCAATATTTTCCCTATAACAAAAAATCTAGTGAAATTTTCCCTGCTGTCCTGTATCCCTTTATGCAATATATACAAATCATATATCTTCGCCGACGCCTCTCCTGCTATCGCTGCCGCAAAATCTTCTTTCACCACTTTCTTCGCCGCTTCCGCCGTCGATGATACAGGTATCAATTCCGCTTCCGGATAATTCCTCAGCGTCCAATTCCTGCACTGCGCCAATGCATGCTCATGCGAATATATCCTCAATATCTTACTCTTCCTATCTTTTACTAGAAAACACTGCTCTATCTTCAAACTTATCTCCGCACATATTTTAAGCTCCGTCTCCACAAGCATATCTAGCGTCATATTCACCGAACCCTCATTCGAATTCTCTACCGGCACTACTCCAAAATCCACCCGTCCGCTCTCAACTTCTGTCAACACTTCCCTAGGACTTGTAACCGGAATAAAATATCCTGACGACCCGAAATTCTTTATCGCTGCCTGATGCGTAAACGTCGCCCACGGTCCTAAAAATGCTATCTTTGTCGGACTTTCCAAATTCCTACACGCACTTATTATTTCCGTATATATATTCTTCAGCGCTTCCTCCCCCAAAATACTCTTAGATGAGATTACATTCTTCAGAACTTCTTTCTCCCTCGACGGCACATAAACCGCTCCCTCTCCTTCTTTATACCCTCTGCCCTTTGCTTTACCCACTTCTAACGCAAGCTCCGCCCTTCTATTTATAAGTCTTGCTATTTCTTTATCAACTTTATCTATCCTCTTCCTTGCACTCTGTAATTGTATCTTTGACGCCATTTATCCCCCCCCCACCCCTTACCTCTTAAAATCTAACCCTTTTTCTATCCTTATCCTTATTTTCCCCTCTATAATATTTATATAAATATATTTACCCCTCTTTATTCAAAATTACCAACTGCGGAAAATCTATTTGTTTTTTCACTCTTCTATTGCAGTTGCAGTTCACGTTAAAAACATTAAAAAATATTTTATTGCTAAGTACATCTCCGCAACCTGTTTTTATACGCGCTGACATAACAAAATAATGAGGTTTCAGGCATTTCAAATTGTTCACAATCAATCGTAAATTCAAAAATACGTTATTTCTGTGATGACGGACAAATTTCATTCAGCGGACAAACTATATGACCAGGGTTTCTAGCTTTGCAAATTATTCTTCCCAAGGTCTGTATCAGAAAAGAAAAGTTCATCCAGTATTTTTTAGGAATTGTTTTCATTAAATCTTTTTCAATTTTAACCGGATCGTCATACTCTGTAAGTTTCAGCAAATTTGTAATTCTTATAACATGCGTATCAACAGCAATACCCTCAGATTTTCCGAAAGCACTTCCTAAAACAACGTTTGCAGTTTTTCTTGCAACACCGCTAAGTTCAAGCAGTTCTTTCATAGTCTGCGGCACGTCTCCGTTATATTTATTTATAACCATCTGGGCGGATTTAATAATATTTTTTGCTTTATTCCTGAAAAATCCCGCAGATTTTATATAATTCTCAAGTTCTAAAATATCGGCATTCGCATAATCTTCTACGCTTTTATATCTTTTAAAAAGATCTTTTGTTACCTTATTAACTCTTTCATCCGTACACTGTGCAGACAAAATAGTCGCCGCAAGAAGTTCAAAAGGACTAGAAAAATTAAGAGCGCATTCTACATGCCCGTAATCTTTTTCTAAAATTTTTATTATTCTTACCACATGTTCTTTTTTATTTTTTTCCATTGATGATTTTAAGTATTTTTTCGTGCATTATAGAACCGTTGGATGCAAGCATTGTATTTTTAAATATAAAATCTTTTGAACCGCAATAATCTGATACTTTCCCACCTGCTTCTTCAACTAACAAAGCGCCGGCAGCGATATCCCATGGCTTCAACCCTTCTTCCCAAAAGAAATCAAAACGACCGCACGCAACATAAGCCATATCTAAAGCCGCAGATCCAAGTCTTCTTATTCCCTGACACTCAAGCATTATATTTTTGAAATTTTTTATTACTCCCGCACTGTTTTTTCGGACGTAATAAGGAAAGCCCGTAACAGCTAAAGAGCGAATCGTATCTTCTATCTTTGAGACTTTAATTTTTTGTCCGTTAAGCCATGCTCCTTTATTTTTTTCTGATATAAAAACTTCTTTTGTAACCGGAGAATAAATCACTCCCGAAATAATCTCATCTTTATATTTTAATCCTATAGAAACGCAAAACATCGGCATGCCATGCACAAAATTTACAGTGCCGTCGAGAGGATCTACAATCCAGCAATAATCTTCTTTTACTTCGTTTACGCCATCTTCTTCCGCCAAAATACCGTGATGAGGAAAAACGATTTTTATTGCTTTTATTATAGCTTTTTGTGAATTTCTATCAGCTTGAGTAACCGGATCAGTTTCCCCCTTATATTCAACATTAAGTATACCGTTGTAATATTTAAGAAGCACTTCTGTTCCAGCTTTTGCGGCGTCCAGAGCCGTATTTGTATAAGATGAAAATTTCATACATGTTCCTTACCTTTTTAATTTATACAGTCATAAATTTATTCTATCACCACTATTATAAAGTTTCTCAATTATATTGTTTTCCATCTGTAAAATAAAATATCAAATTCTTTTCATTATCTAAACTTAAGCTGCGGGAAACGTTTGACGAGAAATTTACACTTCTGCTACCGAAAGGTAAAACATCATCTTTTTTCATCTTTAATAAAGCAGAATTTTTATACAGGTTTTTCTATTTCAAAAACTCTCGCATTCGAAACAAAACATATAAATTTTCAAGCACTAGCGGGTTCATATCCTAAACGCACATTTCTATCCATCATACAAATTTTTGTTTACTTACAAATCTTAAGAACTTTCATTTTGCGGTAATCGCTACAGTATTTTCACCAAAATCAGCAATAATTTACCACAATTACCGTTGTTTTTGCAAATATTAAAATTCCATAATATATCAAGCTTATTTTTACGAGCAAATATGAAAATTTTTACAGACTAAGAACCAATAGAAAATTTATAGATACCGCAAAAACTTCTTAAAATTAAAACAAAAGCTTTTGTCTCTCTCCTGACGGGATTTTCTTAATTTTCAGCAAAAGTTACAATTTTGACTTTCTCCGGACAGACAAAATAATTTATATTTATTGCATGTACTCAAAGCAAAAAATATAACACGCCAAACATAACAGTGATTTCTCCACTTAAGCCTATCCGACGACTTGACACATCTGATAAATTTTAAAAATCCGGGAATTTTTTCAGAATACACGGGGATGACGGGATTTGAACCCGCGATCTCTGCCTTGACAGGGCAGTGTGTTAACCAGGCTACACCACATCCCCAAAGCTTATTCAATATTTCAACTAGCAGAAAGAAATAGCCCAAAGACATAATCATCACGGTTAATGATTAAGACTAATATTCCAACCCTCTGTATATAGGAAATTCCTGACAAAGTTTCAACATATCAGTACTGACTTCAGAAATTATTTTCTCATTATCAATATTTTTGAGAACTTTAATTATAGCTTCTGCTATTTTTACCATTTCAGGCTCTTTCATACCTCTTGTAGTTACAGCCGGCGAACCGATTCTTATTCCTGACGTCATAGTCGGTTTTTCAAGGTCATAAGGTATTCCGTTTTTATTTAAAGTTATCCCTGCTTTTTCCAAAGCATCCTGCGCATTTTTACCCTTAACGTTCAAAGGTCTCAAATCAACCAAAAACATGTGAGAATCAGTGCCGCCGGAAACAATTTTCAATTTTCCCTCTTCCAAAGTTTCAGCAAGCTGTTTTGCATTGGCTAAAACCTGCTTTTGATATTCTTTAAATTCAGGTTTAAGAGCTTCACCGAAAGCCACGGCTTTTGCAGCTATGACATGCATTAAAGGTCCGCCCTGTTCTCCGGGGA
NZ_AP017459.1_gap22	984709	985492	783	AAAGCTCTTTTTATTTTCTCTGTATTCAGTTCAGACAATCCGTAAACCGACTTCCCGATATATTCTTTTGCGGTATGCTTCACATTATACCATCTCTCGTAAACTTCTGGTCTGACTAACCTGAAATCTGCAGATAAATCTATAACTTTAACTCCAGCGTCAATCAGATGCGGAACAACTTCAAAAGCAACAGCATGCGGCAAGGCAAGGAAGACTACGTCGCATATGTTAGCGATTTGTTTTACATTTAAAGCTTCAACTCTCAAATCCAAACAGTTAAAATGTGGATATATGTCTTTCAAATGTCTCTTTTCAGAAGAACTTCTGCCGTAAAGTCCGGTTATTTTTACATTCGGATGTTTTGAAAGAATTCTTAAAAGCTCTTCCCCAGTATATCCGGTTATGCCTACAATCCCCGTTCTAATCATTTTCTTCTCCGATTTCAAATATGATAACAGTTATAAATTTGACTCTATCCTCAGTATCGGTTTTGTGCATCGACTAGATCCCAGCGCTGTCACCATTGCTTTTCCGAATATATCAAACTATAAATTCGTCAATAAAACTGATGTTGTTTTTTAGCATTCTCCTAAAATTTCTTCATATAAAAAACTATTTTATCTCTTCTAAATCCAAAAGTTTTGAAAACCCTTTATCCCAATGTTTTGCCTGACCTGTTATTACCTTTTTCAATCTTAGATGCATCATATCAGGTTAATAATATTGAATCTGGACAACAGTTATGCACTCACATTTACATTAGGAACGGTTACGTTCGTCCAA
NZ_AP017459.1_gap23	1019829	1024724	4895	TCGAATATGCGTTTAAAAAAAATATAGCGATCGTTACACCGTCAACGCTTTTGGCTACGTTAAAAACCATACAATATATATGGCGGCAGGAAAACCAGAAGAAAAACGTGATCGAGATAGCAAAACAGGGCGGCAGTCTTTACGATAATTTTGTAACATTTGTTGAAGTTCTAAGAGAAGCTGACAAAAAAATATCAGAAGCAAAAAGCAAAACGCAGGAAGCCATAAAAAGACTTTCGGCATCTGATAAAAAAGGCAACAGTCTTATAGCAAAAGCGCAGAGATTAAAAGATCTCGGTTCTCCGACAAAAAAAGAAATACCTGAAGACCTTTTAAAAAACGGAGATAAAAATGACGCTGTATAAAAATGAACTTAAAAGTAAAGCCTTAGAACTGCAAAGTGCGCTTGAAAAACAAAAAATAAAAATTTCTTTTGACGATAATTCTTTCAGAGATTATCTTGTCAAGCTTTACGCCGGTAGCATATCCGGTGGAAATCTTTCAATTTATTACAAACCCACAAAAAACACCTATTCTCTGAAAAAACAATTAAATAATTCCAAACTTGATATAATTATTGATTCAGCATGGAATAAAATAAATCGTTTCGAAACTTATACTGCCCAAACCGGCACTTACGAAGCCTTTGTCGACGGCTCATATATTTCAGGCGTCATCGGTTACGGGGCAATCATTTATCTGGGAGATGAGATCAAAGCTGAAATTTCAGGCACTGTCGCAGATACGCAGTTTAGACAATTCGGCGGCGAATTGAAATCCGTCATTGAAACAATAAAATGGTGCCAGACCAACGACGTAAAAAAAATAAGAATTAATTACGATTATCAGGGAATAGAAAAATTCGCAACAGGCAAATGGAAAGCAGGCAATGATGTCTCAAGAGAATATGTGGATTTTATTATTAAAACGAAAATAAAAATTGAATGGCGGTATATAAAAAGCCATACCGGCAATCCCAAAAATGATAAAGCTGACTTTCTGGCAAAAAAAGCAGCGTCACTACAAAAGATTTAAAAATACCCGTATTCTTAACGCTTTTAGCCGGTCACCAAAATGTTAACAGAAAAATAAAACAACAAAACTTTTCTCGCCGAATAATTAACGAAAACCTTAAAGTCCCTCCTCACACCAGACATTTTATGCAACACCGGTATTGGCCTCTTCCTAGTCTCAGCTACATTTAACCTTAAAGAATAGTTTTGCTACGTAATACTCCCGACCGGACAACGTAATAATACTGATGAAATAACCTCTGCTTGTGCGACAATTACATCAAGATGACAGCGACTGACCATTAAAAATTGACTTTAATATTATAATTTATTATAATAATTGTGAATTATATATTTATATTATTTCCCATTTATTGTTGTTATTGTTATGTGTTGAATTATAAAAGAAAATGATTTTTACTGTTTTCAACTCAACAATTCTTGTAAGTTTCCAGACTTTTGACAGCAAAAAAAATGAACTATCACTAAATAAAACTGCAAAAAATATGTTTTAGGAAATTGTTCAATTTTTTCAGACAAAGAGTACTTGCTGGGACAGTGGTATAACATACAGTCAGATTTGTCTATTCCTCCTATTCATATTCATATTTTTGAAATAACAGAATAGAATATCTCCAGCGGTCTAAGATTTAGAAATTATTTTTCCAATTCCAAAAGAAAGCAAAACGGAAAAATTATTACGGCAAGATTTATTTATATTCCATATGGATTACATTCGGCAACAAAATCTGGAGATCATCGACGCTGATAAGAACTGCAAACCTCTGAAAAGTTTTTAGATACACTGGAGATTCAAAGAAGTTTTGGAGCATTTGCCACTGCTAAACTGACAAAAGTAAAATATCAAAGGAGCGGTAAAGTGACTAAGACAGGAATTATTTGTACAATGGGACCGTCAACACGTTCCCTTCAGGTTTTAAAAAAAATGTCCGACAGTGGCATGACGGTAGTCAGGCTTAATTTTTCGCACGGGACATGCGATGAACACGAAGAAGATCTTTCTTTAATAAAGCTTTTAAACAAGAAATATAAAAAGAATGTAAAAATTCTTGCTGATCTTGAAGGTCACAGAATAAGAATCGGGAAAATTAAAGGCGGCAAAGCAGAATTAAAAAAGAAACAAAAACTTATTCTTACAAACAAAAAAATTGTCGGAAATAATAAAGAGATTTCTATAGACTACCGCAATTCTCTAACCGATATTAAAAAAGGATTTACTATTTTTATAGATGACGGCAACCTCACTTTTAAAGTTTTATCTTCAAAAAAAGATGAGCTTGTTACAGAAGTCCAAATGGATTACGTTTTAAAAACGCATAAAGGCGTAAATATTCCACAGGCTGATCTTAAATTCCCGCTGATTGAAGAAAAAGACCATGAAGATATGCTTTTTGCGGTAAAGCATAATGTGAGTTTTGTTGCAAACTCTTTTGTTAGAAACGCTGCAGACATGAAACCGCTGGCAGACATTTTAAAATCGGGAAAAAATACTACTTGCAAACTTATCGCAAAAATTGAAGACAAAGCAGGAATCGACAATCTTATACAGATTTTTGAAGCCTGCGACGGCGTAATGGTTGCAAGAGGCGATATGGGAATTTCAATACCTCTATGGACAGTTCCTGCAACACAGAAATACATAATAAAGAAATGTACAGAGTACAAAAGATTTGTAATAACTGCAACTCAAATGCTTGAAAGCATGATTAAAAACCCTATACCAACAAGAGCTGAAGTAAGCGATGTCGCAAACGCCATCATAGACGGAACCGATTACGTTATGCTCTCAGCAGAAACAGCCATAGGAAAGTATCCTGATAAAGTTGTAGAAATAATGAAAAACATTATAAAATTTACTGAGGAAAACAACTCTATATTTGATGAAACAAAATAAAATCTGCTATGCCGCTTAGAAAATGAAAGAATCTGTAAAGCCGCTTGTCATTTTAAGTATTAGTCTTTTTCTGATATTCTTGCAAACAGCAGGTGCTTTTTATTCTAAAAGTTTCGCTTTGTTCGCTTATGCGGGACTAATCATTTTAGATGCTTTTTCGCTGCTTCTAAAACTTGCAAACTTAAACGGTACAGATGAGGGGTTTAGAAAAGCACAGTTTATTTCAGTTATTTTAAACGCATCGGTTCTTTTTATTTTGGCTTTGATTATGATAAGCAGAACTCTTAATGCGATAACACTGCCCAAAATTATAAATATATCGCTTGCAGAAATAACTACATCCATAGTATTTGCTGGACTTGTCATCTGTTTCTTCATTTACGGGCAATTCATTTTTACAGCTCTGATGTCCCTTTTGATTATAACAGGATTTTCAGTTCCTGTCCTAAAAAAAACAGTTCTTTTAGACTCTTATTTAAGCATATTCTTTGCCGTTTTAATTACGATAAACTCAGCACTTTTAATTAAAAATTCTCTTAAAATATTAAAAAATAAATGAGACTCTTCTGTCTGTAATTCGCAAAAACTGCAATTCAATATTATAAAAAAGATGAAAACAAATTGGAGAAAAAATGGAAATTATTTATTCACTTATAGTCGCAAGCACGGCAATGCTGGGCACTCTTATAGTACTGATGTTTCATAAATGGTCTGAAAAAAATTCTTTTCTAATAATAAATTTTGCGGCAGGTGTAATGCTCGCACTTGCATTTACTCATTTGATACCGGAAGGGCTGGAACTGAACGCCGAAACAATGATTTACGTTCTGCTGGGATTTCTAATCATGTTTTTTCTACAGTTTGTTGTTTTATTTCATCCGTGCCACGACGAAGAATGCTCAAAGCATACGGGCATAACGTCGATTGTAGGACTGTCTCTGCATTCTATGATTGACGGACTTATAATTGCTGTAGGGTTTGAAGTAAACGACAACATAGGAACACTCACAACCATTGCAATTCTGCTGCACAAACTGCCCGACGGAATAACAATTTCAGGAATTCTACTGCACAACGGTGTTTCCAAAAAGAAAATTTTTAATTTTTCGCTTCTCACAGCATGTTTTACCCCGGTATGCACAATTTCAGGAATATTTTTGTTTAAAGATATACCTACGTCCGTTCTCGGCGCTCTGCTCGGTTTAACAGCAGGCTCTTTTATCTTTCTTTCCGCTTCAGATTTAATTCCAGAAACTCATAAATGCAAAAACAGATTTGCACCCATTATGCTGTTTGTAGGTGCGATTATCATTCTTGCCGTCAAATATATTATGAAACTGACCATCTAAATCGTTTTACACAAAAATGACAGAATAGCTTTAACCAATATTAAAACGATAAATATTATAGTTCAGTAAAATACAGGTACACGCGATATTATACTATGCAATCTGTCTCGCTCTAAATTTAAAAGTTCGCTCACAGAAACTATTTCGTAACCCATCTGTTTAATATCGTCTATAAAATCGCTTAAAAACGACAATACTTTTTCATTTTCATATAAATCGTGCATTAAAAATATTGCACTGTTTTTTATGGCTTTTTTATATTTATCATAAATTTCTCCAGCTGTTATTTTTTTCCAATCACAGCCTATTATGCAACAATTATACTTTTTCAGCATCAGGTTTTGAATAACCGTACGGAAAACGGACTAAAAACGGTTCAACGCCGGTCACTTCTTTTATTATTATATTCCCGCTGTGCAAAAGTTCTTTTTCTATCTTACCTGTTTTATCTTTATCTTTGTAAGTGTAGAAATTTATATGTCTGTAAGTGTGGTTTGCAATTTCATGACCCGCTTCAACAACCGCCTTTGCGCTGGCAGGATTTTTCCACACGTTTATGCCGAGCATAAAAAATGAGGCTTTAACATTATTTTTCTCTCCCAGTATTTCCAATTTTTT
NZ_AP017459.1_gap24	1107424	1109974	2550	AATGCCCGCTTCTTTAGCATTCGTCGCAGAAGTATCAGTTGTACTTGTAGTTGTTGTTTCCCACGCACCGCTATTTACAGCGATAAGTAAACAACAAAAAACAATTAATAACTTTTTTATTTTACTCTCCAGATTTCAACAAAAATACCACACCTCAAGGATTGAGGAAAACCTCTCTTCACCCGGCTATGAAACGACACAAACATAAGTGCAAGACAAGAGCTTCTGCACAGCAAAAAAGCATCCTTCCCGGTATGTTGAGAGGACAAAATCCTCGAAACATCTGAATCGGCACGTGTATTCGGCTACGCACTGGATTTTTAAAACACCCCATTTTGCATTCGTACGATATTACGTCTAGCTTATTCAATCGATATTTTATATAATACTTTACATGAAATTATGTAAGCTAACCCAAAGGAGCAAAGAACAAATCTATAAAACTTTTACATATAAGCAAAACAAACTTCAGGTGAACAAATTTGCCTCTGTTCCATTTAACAACCGTATTGTTTTTGTTCCGCATTGCATGAGAAATACTGCGGTTTGCGCCGCTATTGAAAAAGACAGCTGTTATATTTGCGCAGAATGCGACGGCTGCAAGATAAGCGACATAACTAAACTTATAAGAAAATTAAATTATCGGGACTTGTATATAGTAAAAGGCGGCAGAGTGATTGGAAAGATTATAAGAAAGCAAAAACCGGAAGCTATAGTCGGCATTGCCTGTTTTTTCGAAGGAAATCAAGCATTTAAAATACTAAAAGATGAAAATGTGGCAGTTCAGTTTGTGCCGCTTACAAAAGACGGATGTGCCGCTACGGACACAGACCTAGCAGAAGTTGAAAAAGTGTTGAATATATTGTCCGTTCCAAGACAAATCCGGAACGATAAATTTTTGTTTTAATATCTTCAGCGTTTTTTAATTTGACAGCAGAATCCGCAAGAAACACCGGATTGAGTTCTTTCAGTATGCGGTTCTGTTTTTAAGAGACAATCAAAAAAGGAGATTTGCTCCGGAAGAATACAGAAAAATAATGACAACATTAAAATTTAATGAATTAAATCTATCGAGCGAAATACTTAAAGCAGTTGAAGATCTGGGCTTTGAAGAGGCTACTCCTATCCAGAGTCTGTCAATCCCCAAAATGATGACCGGCATAGACATTATAGGGCAGTCTCAAACGGGCACGGGGAAAACAGCAGCTTTCGGCATTCCTGTTTTAGAAAAAACCAATGCAAAAAATAAAGTCGTTCAGTCAGTAATTTTATGCCCTACCAGAGAACTTGCAATACAAGTTGCGGAAGAATTAAAGCTCTTCTCAAAATACAAAAAAGGCATTAACATAGTGCCGGTTTACGGCGGGCAGCCTATTCAGCGGCAGATGATAGCTCTTTCAAAAGGAGCACAGATTGTAATAGGAACGCCCGGCAGAGTCATAGATCATCTGGAACGCAGAACATTAAAACTCGACACTGCTTCAATCGTAATTTTAGACGAAGCCGACGAAATGCTCGACATGGGTTTCAGAGACGATATAGAATTAATCCTTAAAAGCATTCCTGAAGGAAGGCAAACTGTATTTTTTTCAGCTACGATGCCTAAAGAATTTCTATCCCTTACTAAAAAATACCAGCACAGTCCCGAAACCATAAAAGTCGTAAGCGAAAAATTAACGGTTCCTTCTATTGAACAGTATTATTTTGACATAAAAGAACACCAAAAACTTGAGGCTCTCACAAGATGCCTCGATATGTATGATCCCAAACTTTCGCTTGTTTTCTGCAATACCAAGAAAAGAGTGGACGAAGTTACCTCTTCACTTCAGGCAAGAGGCTATTATGCCGACGCAATTCACGGAGATATGAATCAGTCCCAAAGAAACAGAGTAATGTCAAAATTCAGAAACGGTTCCATAGAGCTTCTCATAGCTACCGATGTCGCGGCAAGAGGCATAGACGTTGATGGCATAGATATGGTTTTTAATTTTGATGTTCCCAAAGACGATGAAGACTATGTACATAGAATCGGAAGAACCGGCAGAGCCGGAAAAGCCGGCAAAGCGTGCAGCTTTGTTTCAGGAAAAGATATTTATAAATTAAGAGATATACAAAGATATACGAAAGCAAATATCAAAAGAATGCAAGTTCCGTCGCTTGCCGATGTTGAAAATACAAAAGAAATGATAATGCTTGATAAAGTAAAAGAAGTTTTAAAAGAAAAAGACCTTGAAAAATACGCCGGAATGGCAGAATCCCTAATTTCAGACGAAATTACTTCGTTAGACGTTGCAGCAGCTCTCTTAAAAATTATGCTTGCTTCAGAAAAAAGAGAGCAGGAACAAAAAGCCGATATTTCGGAAAACATAAACAAATACAGCATGACAAGATTGTTTATCAACATAGGTAAAAAAAATGGCGTAAGAGCCGGAGACTTTGTAGGCGCTATTACGGGTGAAACAGGAATAAACGGCAGTCTGATAGGGGACATTAAAATTTTAGACGCATTTTCATTTGTTGAAGTTCCGCAGGAATATGCTGTCAATATAA
NZ_AP017459.1_gap25	1114032	1114532	500	AAACACTGGACTACCGCAGTTTTTATGCTGCAAAAAGAAGTCACACAGCGGCTTGTTGCTCAGCCGGGCAGCAAAGCCTACGGTTATATTTCAATATTTACTTCATATTATACTGATTGCAAAATATTATTTGATGTCTCATCTAGATGTTTCAGCCCGCCACCAAAAATTATTTCTTCCGTTATAAAGCTTACAAATAAAGCATCAGAGCCGACTGATCCCGTTTTTTTTGATTTTGTAAAACATGCTTTCAAAACGCGAAGGAAGACAATTCTAAACTGTTTAAGTTCATTTAAAAATTTAGAAAAGAGCAAAGCCGCTCATATTCTCAACGCCTGCGCTTTAGATCCATTTTTAAGACCTGACAAGCTTTCAATTCCAGATTTCTTACGTTTGATAGACGAAACGAGAAAACATATAATTTATAGTGTATAAAGGTCGCTTAATTATTTTATATTGTTGATTAAATTCTTTACAGTTATAAATAACTTGTGGATTAC
