gap_id	start	end	length	sequence
NZ_AP025739.1_gap1	26169	28512	2343	AACGCCGCACAGTTATTTGGCGTATGGTAGGGCAAGTTGTACGGCTCAGGAAACCAGCCGTCGGCGACATGGATATTGAAATAAGCGTTGGCGTTGCCTGGCTGTGCGATCTTGCGCAGCGGATCGTTCGGGTTTTCCTGAATCAGATACTCCTGATCGTGGAGGAGATCCCCAAACTGCCCCAGAGTGATGGACGTATAGCTGGCGCCGGACCCAATCGGCGTATTCCAGATGCTGCTCGCCGCGAACGGCTGAAGCCACGGATCGCGCGACGACTGCGCATCCGCCGGCGCGAGGGCCGCCAACCCCGCGACCGCTCCCAGCCATGCCCAGACGCGCAATCTCCGCTGCGCCGAAGCGGCGTATCCCTGTCGATCCTGTTTCATCCTGACCTCCTTTGGTTTCGGCGTGATCGTAATGAATTGCGATCATAACAAAAAGATCTCACGTTTCAAATACCCGCATCCGACATAAGTCGGCCGATTCGATCGTTTCCGCTTCCCTCCTTGATAAGTTCTCCCAAAAATTAGAATTGCAAATATCTCAAAAGAAACGAACTGATAAACGGCCCAATCAAATGCTGTAACGTTGCATCACGATTATATCACTCGCTCGGACCCGTGTCAAGAACTAATTTCCGCCTTGCGGCCGCACACGTTTGAGAGCGGCGCATGCGATGCCGATGGATATTCAGATGGCGGATTAAAGTTTTTCTATTTGGTGGTATAAATAGACATGCAGTGGTCGGAAGGAATATGCAGCAAACCGCCAGTTGCACCACTCGCAGTCATCGGCGCACCTGCCACCGTTAAGCGCGGATCTTCACCTCATAGCGCTAAACGCTCACGCCCTTACCACTTTCATCGGCTTTCGAAAAACAATCCGGCAAAAGAGACATTCCGTCACGCTGACGGAGCGTTCGCCCACTGATCTTGCCAGTTGACGCGCCCCATTCTCTGTTACTTCACACTCACTTCTGATCCTCCAACCCGAAGTCGCATCGCCGGAAAACGATTCCGGCAGGCGATCCGATCGGCTTGCTCTCCGAGGAGGAGACCAAATGAAATATTCACGTCGAGCCGGTATCTCAACGCTGCTTCTCTCAGTCGCCAGCGCCCTTTTTGCCGCGAATCCTTCGCGCGCTCTTACATATAATGTCACCAGTCTCGCGGATGACGGCGGCGCGGGACAGTTGCGAACGGCGATTACCGCCGCGAACGCCAGCGCAGGCAGCACGATCACATTCCAAAAAGGCCTCTCGGGCAAGATCATTCTCAGCCCCACACTTCAGGCTCTTCCCACGATTACGGTGGGCGCAACGATTCAGGGGCCAGGCGCATCGCTGATCGCAGTGGATGGAAGCGGGACTTACCGGCCATTCCATATCAACTCCGCCAGCTCCACGGTGACTATCTCGGGCCTTACGATCCAGAACGGAATGGATTCGGGAGGAACGGGCGGCGCCGGTATCCTCGTGGAGTCAGGCTCCCTGGTTCTCCTCAACTCCACACTGGCGAACAACATTGCAACCGGCAACGGCGGCGCAATTTTGAATTACGGGACAGCCACCGTCCAAAACTGCACCCTGTCAAAAAACAGTGCTTACAACGGCGGCGGGATCTATAACTACACCTACTCCGGCGCCGGAGGGAACACAGCGCTCACGAAATGCGCCCTGACAGGAAATAGCGCCACTATCAACGGAGGCGGTATCTATGACTATACTTACTCCGGCACGGGCGGCAGAACCTGGCTGACGGGATGCACCCTATCGCGCAATGTGGCGGGCGGCAACGGCGGCGGCGTCTACAATTACACATATTCCGGCAGCGGCGGGCTCGCCGCCTTTAAGAACTGCGCACTGTCGAATAACAGCAGCGTCTACGGCGCGGGTATTTACAACTACGCCTATTCCGGCTCTGGCGGCGTTTCCACGCTCAACGACTGCTCATTGTCGGGCAACGCGGCGAGCGGCGCCGGCGGCGGCGTTTACAACTATACCTACGCTGGCAGCGGCGGACGCTCGACATTGACGGACTGCATCCTTTACGGCGATCCCGGCGGCGAAATATTCGGTTCGATCGCCGCGACATACTGCGACATTCAAGGCGGCCACGTGGGCGCCGGAAACATCAACGTCAATCCGCAGTTCATCAACCCAGGAAGCGGCAACCTGACTCTGAAGTACACCTCTCCGTGCATTGGCGCCGGGACGCCAGTACCGGGAATTACCAATGATCTTCCAGGCCAGGCGCGAAAGACGCCACCGGCCATCGGCGCATACGAAGGCGGCAGCGGAATGAGCGGACATAACGTTCTCGCCCTGCAAAACGCCTATACGCA
NZ_AP025739.1_gap2	51627	52817	1190	CTCAGGCTCTTCCGGATCTTCGGGTTCCGGCGTGGTAGTCATGGCGGTGTACTGCTCGGGCGTCAGCACTTCGAAACCGTAACGGCCATCGAATGACTTCGCCACTTTCGGCGCGACGTCCGCGACCGCGATGTACACGCCCGCCTGACGATCGAGCATGCGCTCGAACTGCGTGTTTGTGACCATGTCAAAATACGTGCTGAAATTGCGGTTGATAACCTTAGGCATGTTCGTGAACTCCAGGGCGGCTTCGTCCGCCGCCCCTCGTGTCATAGACCGATTTACAGGGCGACGCTCGCAGGCACCTTCAGCTTGCCGTGGCAATATTCGGGGCCGTGGTCAATGCCGAGCTGACCGTAAAGCTGCGTCTGATCCGCCGATCCCTGCTTGAAGAGTTGCTCTTCGAACAAGATGCCTTTGTTCGGAACCGGGAGACCGACGATGCCGGCGACGCCCAGGTTGCAGATGGCGAAATACTGCGCTGGCATATCCGGCTCCAGCACCAGATTGATGGAGCCGAAGCGGGTCAGGATCTTGCGGACCTTGATGCCGGCGTACTCGCTCTCCGGCTGGAGGTAAATCGTGCCCTGCGCCTCGTAAGCGGCGCAGATGTTCGAGTACTCCGTCGTGCCGGCCAGCAGCGTCCATGTCTCATCCACGCCGTAACCGTTCGCGGTAATGACGGTCTGCATCAGGAGATTGACATAACCCCGGTACATCGTGGTGGTGACGCCTGTGTCCGCGCTCTTATCGATGCTGTTGGTCGTGATCGCCGTGAGCAAGCCTCGCGTCTTCAGCGCGGTGCTTGCCGGGTCAGCGGGATTGACGAAGGTCCCGTTGAGCATCGAATAGTTCGCGTCCTGCGCGACTTTTTGCAGGGTCGTCATGACCTGGAATTCCGACGAACGTGGATTCTGCACTCCGCCCTGCGCGGCCCCTTGCGGGATCGGGACGATGCCGGCGACGGTATGATCCGACTGCGCCAGGTAAGTGATCGTGATCGCCTCCTGGAAGATCTGGATCACATTTGTGGATTGGGTTAGCGACCGATACGCCGGTGTGGGCGCATTGGCGCCTTCGAGGATTGCCGGCTGCGCGGGAGCGGGGATATTCCAGAAGGCGCCGATCGGGAATTCCTTCGCGGTGGTTTCCTGAACGCCGCCCTGGATGCCGCCCAGCAGACGAAGCAG
NZ_AP025739.1_gap3	89534	91185	1651	CACACCCCAAACACCCCCCGCAAATAATCCAAATACACCTGATCCTTGCAGATCGTCTTGCCCGGACTGTCGCTCAGCTTCGCCACCGGGCGGCCGTTGCAGCGCGTCATTTTGATCACGATCTGGAGTGGCTCAACACCCAGGTCGTTCGTCAAGTTCGTGCCGACGCCGAAGGAGGTGAGGATGCGGCCCTGGAAATGGCGCGCGAGGTCGAGGGCTTTGGGGATGGTCAGGCCGTCGCTGAAGACGGCGGCTTTGGTTCGGGGGTCGACGCCGTACTTGGTGTAGTGGCGGATCAGCTTTTCGCCCCATTCATAAGGGTCGCCGGAGTCGTGGCGCGCGCCGTCGTAGGCTTTGCTGAACAGGCGGTCGAAATCGTTCAGGAAGGCGTCCATGCCGACGACATCGGAAAGGGCAATGCCAAGGTCGCCGCGATACTCCTGCATCCAGGTTTCCAGCGCGAACTTCTGAAACTCCGCCAGCGGAGCGAACGCCTGGCAGGCCTGCAAAATCTCGTGCGCCATCGTGCCGAAGGGACGGAGGCCGTGCGTGCGCGCGAAGTGGACGTTGCTTGTTCCCATCAGCGTGTCCGGGAGGCGCGATTTCAGCTCCGAAATCACCTCGCCCTGCCAGTCACGGCTGTAGCGGCGGCGCGTGCCGAACTCGATGAGATTGAAGCGCGGCAGGCGCGCCTCGGCGATCCATCGACATTTTTCATCCAGGCGGCGGCGGCCTTCAGCGCGCAGCGCCTCCGTCATCGGCTGCGTATTGCGAAAATAAACTTCGTTGACAATCGACAGCAATGGCACTTCAAAGAGAATCGTCTGGAACCAGTTGCCTTTGACCGTGATCGCAAACTCTCCGTCAGTCGTGATGCTCACGGCCTGAGGATCGAGTTCAAAACGCTCCAGGGCCTCCACATAGCTGGGATGCAGATAGCGAATGCTTTGAAGATAGGCGATCTCCTCGTCATTGAGCCGAAGATCGCACAGATGGGCGATTTCGGCCTTGATCTCGTCGGCGTACGGGCGAAGATCGATTCCCTGACTGCGCAGTCGAAACTCATACTCCGCTGTCGCCTGTGGAAACCGATGGAACACGACTTGCTGCATCGTGAACTTATAAAGGTCCGTATCCAGTAACGATTCGATGATCATAGTTATTTTTCCAAAAAATCCGACGCCTGCGCGGCCAGTTCTTGCAAACTCAGAACGACGGTCAGCTCCGGGCGCAGGAGGCGCATCTGCTCCTCGATGTCCTTCCGGCGAGAGTAATCCGGGTGGACGCCGACAAAGATCGGCTTGCCGGCCATCGACCACGCGCCCAGCTCAAACAGTGAGATGGGGCAAACGGTCTCGCAGGGAAACCAGAAGAGTATGGCCTCGGCGAGCCTCAGATGATCGAACTCCCATGAAATCTGCTGCTCGGCCGACCAATCGGGATCCTCGAAGTAGCGCGGATGGCGCGGATTGAGCAGTGTCCACGGCGTCCCGGACAGAAATCCGATCATCGCCGACTGCCAGTCCGGGCATCCCGTGACACCGCCCGCCAGGAACAGCGCCGCGCCATCCCCGGAAAACCGGTCCGGCGTATTGGTCAGGCGCGCCATTCAATTCTCCTCCCGCATGCCGAACTTGAACAGCTTCGCGCC
NZ_AP025739.1_gap4	93287	96651	3364	GGCTCGTCGACCAACTCGTGCAGATGCTCTCGGAATTCAGAGACAATCTCATCTGCCGGCAATCGCCGCGACGAGAGATAAGCGGCGACCGCCACCGCCATCGCACCGGCCTCGGCTTTGGGGTCGGTGTGCGTGATGCGCGTGGAGGCTTGAACCAGCCGACGCATCTGCTCGGGGTGGTCGCCATAGCAGACGCCGAGCAATGCGCTGCGCATCGCGGGACCGTTGCCGGCGGAGCGGACGCCGCTGCGTTCCGGCGGGACTCCGGCAAGCAGCTTGAGGCAGGCGCGCAGTGTGGCGAGACCGATCCCCGCCGGCAGTCCCAAAAACCAGATCCGCAGGCGACGGGCGAAACGGCGCTGGAAGAGTGCGGCGTCGCCCGCCGACTCGATGAGGCTTTGCGCCAGCAGGCATGCGTGCTCGGTGTCATCGGAGACCATGCCGCGCCCGCCGGGCAGCAGGCGCGGACGGTCCAGATTTGGGAACAGTTTGCGCTGCCTTGGATAAGACAGCCCTTCGGCGGCCAATCCCAGCGCGTCGCCCGCCGCCGTTCCCAATAAGCACCCCGTAATCGCTTCTTCTCTCGACCCCATCGAACTCTCCTCGCGCCCAGGCCGCCTCAGAACTTGAGCGGCGCCGGCGCGACGCCCGAGCCGAGCGCCTGGGACTGCATGCTGATGCTGCGCGAGACGAACTCCGCGAGCGTCGCCAATGTCTGCGCGTTGGCGCTCGCCATCTCGATATACTGACTGAAGCCGCCGTCTTGATAGGCCCGCTGCAGATCCTGACTGACTTGCTTGTCGCGGACGTTGACGCCGATCAGCACCGAGAGCGCCATTTCGACATATTCGTCGGAGACCGCCCGCGCCATCGCATCGCGCACGCCCTGCGCGGTATGCTTGGAGGTGTTGTCGCCGCCGTCGGTGATCACGAACAAGATCGCGTTGGCCGAAAACCCGCCCACACCCAGCTGCTTGCCGTAGTCGACCGTGGCGCTGATGGCGTTCTCCGCCGCGTCGTAAAGCGAGGTGCTGCCGCCGACATGCAAAACCTTCTCGTAGTCCGCCGGACGGCAGCACTCCAGCATTTTGAAGCCGTGCAGTTCGCGGACGTCGCCGCTGAACTCCACAAGCCGCAGCAAAAGATTATCGGCGCGCGGGCTGTACTGGCAGGCCTGCACGATGCCTTTCAGTGTCTTCTCCAGCTCGACTTGAAATCCGGCGACGCTGCTGCTGGCGTCCACGACGATGGAGACCAGCGTATACTCCGTCGCGCCAAGGTTGTCGATCCGGGTGGCCGAGTAGCCGTAATGGCTCGTCGGCAGCGTCTTCATCTCGAAAGTCAGGTCATTGATCACAGGCATTTTCGGGCTCCTTTCCAAGCGCAAATCCTAGCGCAGGAAATCCTGCGTGGTCGCGAGCTGCATCCCTCGCGCGGTCATTTCTTTGATAAAATCGTCCTGATACGCTTCGAACCCGGTCACCGGGCTGGTCGCGTCGGTCAAAAGCACCAGCTTCTTCACCGCGTCATCGCTGCCGAAGCCGTTGGCGATATCGCGAACCGTGTTCGCCAAACAGTGGCTCCCGGCCTCGCCGGCGACAGCGATGACGTCCGCCTGCAAGAGCGTCTGGATCAGCGCCGTATTCATCTGCGTGCTCGGGTCCATCGGATCGGGAACTTCGGCTTGAATGGCGCTATAGTGCTCGGTGAAGATATTGCTGCCCTTGGTGACATAATCCACCATCGCAAACCGCTTCTCCCACCCAACGAGCGCATCCTGAAGCTCGGGCATCACCGCGTGTCCCTCGGTCCCGATCAGACAGTGGTAAGGCCAGATGCACAGCGCATATCGTCCATCCGCCGCCAGCGCCTTCACGTAATCCAGTCCACGCCGGTACATCCCCGGCTGCGTGGTCGTCCACCGCCCATTCTCCACGTCATCGACACTGATCAGCGTGAATGGGTCCGGATGCGCCCCGGTGCTGTCCTTCCAAAAGATCGGGTGCGCGATATCGATATAGTGGTGCGAATCGAGCGTGACGTGAATGTCATCCAGCTTCGTCCCCACCCGGTCGATCATTTGCGCGAGCCGGTGAATATCCTGCTCCGCGCCTTTGACATAAAGTTTGCCGCGCTGGGGATCGCAGAAGTCGATCTGCGGATCGATGATCAATAGTTCTACCTGCATTGCCTTTGCTCCTTTAATAGTGTTCAATTTACACTTACAAGAGCAGTATACCACAGATAGTGTAAAACAAACACTTATTTTTGATGTGCGAGAAAAAGATTGGCCCTCACCCCCCGGCCCCTCTCCCAATTTTGGGAGAGGGGGAGTCAGAGGGAGTGAGAGTTTAAAGTCATAAGATCTTTTGGATCAAAGATCCAAATCTTAATCTCTTACTCCTAACCCTCTCCTAGAATTGGGAGAGGGTGGCCCGAAGGGCCGGGTGAGGGCCCCTATCCTGCAAACTCATACAGCGCCGCCGGGCGGTGTGCGCCGCGTACTTCTTCGGTGGTCTGGGACAGAATGCCGAGGGACAGAATCCATTTACGGAAGTTGCGTTTGTCGAGTTCACGGCCCATCAGGGTTTCGTAGACTTCTTGAAGCTGGGTGAGGGTGAATTTGGCGGGGAGGAGGCCGCGCGCGACGTAGCCGGCTTCGACTTTGGCGCGCAGCGATTTGTGCGCGTCTTCGAGAATCTTAATGTGATCGAAGGCGAGCGGGAGCGGGAGGTCGTCGATGGGGAACCAGTTGGCGTCGGCGGCGTCGGTGTCGGCGCGCAGGATCACGCGGTCGCTGGGGATGAGCGCGGTGAAGGCGAGGGTGATGACGCGCGTGCGCGGGTCGCGGCCGGGATCGCCGTAGGCGCGCAGCTGTTCCAGAGCGGCGTCGGTGACGCCGGTTTCTTCGCGCAGTTCCCGCTCGGCGGCCGCCTCCAGGGTTTCCTCCATGCGGACGAAGCCGCCGGGGATCGCCCACAGGCCCTCGAACGGCCAGGCTTTGCGCTGAATCAGCAGGACCTGAAGCGTGCGATGACGGAGGGTGAAGATGACGATGTCGGCGGTGACGGAAGGCCGTTCAAACTGCGTGACATCGTAGGCGAGCGCGGGATCGAGGTCGGGCATGGTGTTCTCCAGACACGATCTTATCTGAAGAGTGAGGGAATTGTCAAGCGGCGGGAGTGGTGTACACAGATCGGCGCCGGCGGTTTCCCCCGCCGGCGCCGTCCGAACATTGCCAAATCAAGGCGTGGCAACGCGCGGCCAGCCGTCGCGGTCCCAGGTTAATTTGTCCACGTTTGCCGTGGTGGCGCCGCTTTTGTCTTTGGCCCATTCATAATGCGTGGTCAGCCAGTCGCCGTCT
NZ_AP025739.1_gap5	97906	99954	2048	TACGGTCGAAGAAGTAGGCGGCGATATCGGACAGGATGTCGCCGTACCGCGCCTTCGCCACATCGCGCGGCTTGCCCGGCAGGTGCATCAGAATCGCGGGGACGCCTCGCCTGGCCACCAACGGCGCCATCTCCGGGTCGTAGGACAGGGCGCTGATGTCGTTGACGATCGACGCGCCGGCGTCCAGCGCGGCCTCGGCGACGGCGGCCTTATACGTATCGATCGACAAAAGAACGTCGGGGAATTCGGAAGCGATCTGGGTGATGGCGGGAAGGACGCGGCGCAGCTCTTCCTCGGGATTGAGGGGGCTGGAGTCGCGGAAAGTGGCGGGACGGGTGCTTTCGCCGCCGATATCGAGAATATCGGCGCCGTCCGCGATCATCTGGCGCGCGTGGGCGACGGCGGCGGCGGGGTCCGCGTATTGACCGCCATCCGAAAAGGAATCGGGGGTGACGTTCAGCACACCCATCACCAGGGTGCGCGTCCCCATGCCGATCTGCCGGAGGCGATTCAATTGTAGTAGCGAGCGCCGCCCCAATTGGAGGCGTCCGCCTGCCCCTGAGCCACCTCGGAGAAGTGCTCCACGGTCAGGTGGCGAATGCGGGTCAGGCCCTCATCGCTCAGCGCGTAGCCGCGCTCGGCGATGGCGTCGTCGGCGTTGGTGCGCAGCTGATGCTGGAAGTGCCAATCTTCGCTGGCGAGCAGCAAAATCTGGCGCATCTGGAACTCGTCCAGCGCCTCCAGCGCCTCCTCGGCTTCCTCATACAGGTCCGTGGTGGTTTCGGCCAGATCGCGCGCTCGGGAGAACTCACGAACGGCGCCGGGAACATTGCCTTGCTGCTGGAAAAGTAACGCGCGCTTGTAGTGGTGGCTGGGACTGTACGGGTCGAGGCGAACCATTTCCGCCGTGACATGCAGCGCCTTCTCGATCTGGCCGACCTGAAGATAGGCGATGCTCAGCACGTCCCGCGCGAAGATGCTGCGCGGCAGCATGGACAGCAGGGCTTTCGCTTCGGCGATCACTTCGGGAAAACGTCCGGTTTCGAGCAGGGTATCGATCAGGGCTTCACGGGAGTCTCGGTGATGGGGGTTGAGAAAACTGGCTTTGCGAAACGCGGTCAGCGCCGCATCGATCCGGCGCGCTTCACGAAATAAAATGCCCAGCTTGAGCATGGCGATGGCGTTTTCCGGCTGCAGATTCACCACTTCGGACTGACAGGCGATGGCCTCGTCGACACGTCCCTCGCTGGCAAGCGTCTCGGCGCGCTTGGCCAGGCGCCGGGCGCGCGCCTGCATTCGGCGGCTCTCGCCAGCCGATGCATCTTCAAAGACGGTAGTATTCATCACTCAAATGTCCTCTGTCACTCACCCGATCATTTCAAAAACAGCGCATTAAATATTAAGATACCCGTTTTTGCGCCGACTTGACACATCCTCACGAGCGAAAGCGGAATTGTTTGATTTTCTTAATAATTTTGCGCGCAGGCGTCCCGATTCCCGCCGCGGAACGGGGAAAATCGGATCAAATCATCGGTAAAATCGGGCCGGTCGCGACACGGTCGCGGGTCGGGACCTCGCAGTCGGCGAGTACGCCGCTGGAGGCGCAGTCTTCGCAGCCGCCTTCGCGATGATCGACGCATCCCGGCACTTCCCCGATGTCCTTGAACCGGACTTCGATGAACTTCTGGGTCTCCAGCTGGACTGTGATCATCTGCTGAATGACGTTGACTTCCTCGACCTTGGCGCGCCCCATCGGCGTCATCACGACCATGCCCGGGGCCGGCAGCTTCGGCGCGCCGGTCTCGGGCATGTTGTGCTCGTAGCGCAGGCAGCACATCAGCTTGCCGCACAGACCGGTGAACTTGGCGGGGTTGAGCGAAAGGTTCTGCGTCTTCGCCATCTTCATGGAGACGGGCTCGAACTCGCGCAGGAAAGTGGAGCAGCAGGTGGGGCGGCCGCAGGGGCCGATGCCGGTGACGATCTTCGCATGGTCGCGCGGGCCGACCTGATGCATCTGCACGCGGGTGTGCAGCACGGCGGCGATCTCG
NZ_AP025739.1_gap6	274878	277033	2155	TGGCAGTCAATCGGCGACTGCCCCCCACATGTCCCGTCCGGCGCCGGATACACAGGCGAGTTCGGACTGCCCTCGCAGGCCTGGCCGTACCAGCAGCGCACATCCCAATTCGCGTCTTTCAGATCGCCGGGCTTTGTGTATTTCGAATGGCCGTCGCAATAGAGGACGTTGGCGCCGCCGCTGTGCCGCCAGCTGATCTGATGGTTGTTGTAGGGAATGCCAAACCAATCCGGCTCCCACCCTTTGTCGTCCGTATGGTCCTTGACGCTCGCTGGATGCGGATAGGCGAACTCGCCAGCGGAGCGGCGGGCGGGCGGCTGGAGGGTGGAGTCCGGAGCGGCGCCCAATAAGGCGTCGGCTAGCAACACTGTTTCGCGCGGGTTGGCGACGCGCGAGGTTTTGACCACACTGCCGTAGCATCCACGCGACGGCGTTTTGTGCTCTTGATCGAGCAGGCAGATCACCTGGCCGTTTGCGGAGTAGCTGAACGCGGAGGTGTTCGCGGAGGGACAGGTAAAGTCGGCGCCCGGCTTCGTCGATCCTTTTGCATAGGGAAGAATCAGCACATGCCAGTTCTGCGCACCTTCCGCCATATTGTAAGACCAGGGATAGGTTTGATCGTTGTCCTGAACGTACTGGCTGAGCGCGGACGAGATTTGGCGCTCCCGCGACTCGCAGGAAGCCAGCAATTGCCCATTCTTGCGGATCTGGATGACCGGAAAGAGAATGGCTCCGAGCAAGGCGACCACCGCCAGCGCAATCAGCAATTCGGTGCGAGTAAACGCCTGTGGTTTCATCGTGTTTGGCTCCCTCGATTCTGGGTTCACGGCCATCGGACGCCGTTGGCCGCACATTGCGCGGCGTAAGTTTGCACAGGCGTGAGCAACGCCATGCGGTTTGTGTCGTTCCCATAGAACGCGCGACAGACGCACTGGCCTTTGTCGTTGATGCTGTACACATCGCGGAGCAGGAAGCCGCTGTCAGGGGGTGTAAGCGCTGTCGAGCTTCTCATCCCGTTCTTCTTGTCCCAGATCCCGACGGCCATGGGAACTCCATCCAGATCCGACAAAAGCGTCGCCACAAGACCCGAGTTGCTGATGGCGCTGGCCACGCAAGACCGGCAATTTACCGGCAATCCAAGATCGACGATCTTTCCATTCTCCCAGAGAACCGGATGCATGCCGCGCACATCTCCCTTTCCCGTATTGGAATCCCCCACGATCTGACCTTGATCGTTGATTCCATAGGCGGCGCTCAGACTGCCGCCGGGAAGGGTTCCAAGATCGGTGATCGATCCGTTTCGCCAGGCAATCGCATGCGTGTGGTTGTCGCGCGTCACGGCGCTCCCGACCACTTGCCCCTGGTCATTGATGGCGTAGGCGGCGCTGGAGATGCAATCTGTCGGAATTCCCAAATCTCGGAATTTCCCGTTCTCCCAGAGAAATGCGCGTGACGAGCCATCGAACGCCGCCGATGATCCGCGATAAGCGCGCCCCACCGCTTGCCCCTTGCGATTGATGCCGCGCAACAGAAACCCGTCATAGCCTTCCGGATATTGAAGATTCTGGTATTTGCCGCCGCGCCAGATAAAGCCGTATTGATGGTCGGAATCGCCCGCGCCAGACGCCTCGGTTGACGCGAAGTTTCCTGCAATCTCACCCGCGGAGTTCACGGCGTAAGCCGTCGCACTGTTGGCGATACTCGGCCTCTTCAGATCCATCTGTTTTCCGCCCTGGAAGGCGAAGACATGCCCCTGAGTCCCTCCCACCACCAGCCCGTCATTGTTGACTGCCCCCGCATGGAACGCAAAGCCAAGATCGACGATGCGATAGGGATACTGGACTGGAGAGGGCGCAGACGCATTTTGGTCTACCGAAGCCAGATCCGGGAAGATGTTCTCGACCGAAAGCTTTCCAAACGGAACTGCCCGCACATGCCCGTCACAGAACAGCATCGCGGCGGCGCCGGGATTGCCGACGCTGCGATCGTGCCGGTAGGAAGGCGCGCGACATCCCCAGGCCAGCGGATACGAGCACTGATCTTTGATGTCTGTAAAGTCTTTCGATAAGAAGCTTCGGTACCATTCCACCAGTTGCGGCTTCGTCAGATTTCGCAAATAAAGATCCGTCTTGCGCGGCCATTCCGGGAAAACAGC
NZ_AP025739.1_gap7	363253	366371	3118	CGGACCCTGTCGATACCGTCGGCTCCTACTATCGCGACCAGCTTGGCCTGCCGCTGCGCCGCGTTCAGGGCAAGGGAACGATGGTCTGGGTCGGCGATATCGTTTATCACAATATACCGGTCCATCTCGCCGCCTTCGGCAAAGACGGCGTGACATATATTCAGATGTCGTGACTCCGTCCACCCGTTTAACCCTTCACCCATGGCGTGAAATCCCCCATCCTGGCGTGCCCCACCGGGTTTTCTCCCCGCGCGATCAGTTCCTTGGCGATCGCCACCGAGAAACATTCGACCGAGGAGTGCTTGTTTCCGTAGAACGAAAGCAATGTCTCCGGCTCGACCACCAGGATCCCCGACGCGGTCTCCACGCTGGCGACTTTTTCCATAAAGAGATCGAAGATCACTTTCACGGGCCGCTCGCCCTCCACGACTTTCGTATATCGCACAAAGTGATCCGTGACGCCGTCAAATCGCGTCCAGATCTTTTCGTAGCCCTGCGCCGCCATCCGCTCCATCATCCGCCAAAGAACATCGGGATCCACAAAGAGATCCGCGTCCTTATGATCGTGCGCATGCTTGAGCTCCACGTGCGGCGGACTCATCAAGTGCCAGGCCCAGCCTCCGCTGACAACAACCAGATCGCGAAACGTCTCGATTTCCGCCTGCATCACGGCAAGGTCTACGGCGTTCCACTGCTCTCCATAGCGCTTTGTGTTATGCGGCGCTCCCATAATCTGCCCCTCCCCGCCCCGTTCGGTATTTCTCCTTCCTTATCGCTTTGCATAAACGATGCGCTCAACGAGCATCTTATGATTTATGACAAGGGGCCTGGCAAATCAATGGTTGACAAAGCAATCTTGGCTGGGCTATAATATGGCGTCTAGAGTGCTGTTTCGATGGAAAAGCTGTGGCCTGCCGTGCGGGAGTAGTTCAGTGGTAGAGCGTTTGCTTCCCAAGCAAAATGTCGCGGGTTCGAACCCCGTCTCCCGCTCCATTTTTCGACAAATCCAGACAATGTACGCCGCCGTGCCCAAGTGGTAAGGGAGAGGTCTGCAAAACCTTTATGCAGCGGTTCGATTCCGCTCGGCGGCTCCAAAACACAAAACGCCCTCGCATCCGAATGGATGCGAGGGCGTTTTTAATTCGGCATTGAGTTCGCCGGCTACACGGCGTTCGGCAGGGAACGGTAGTAAGCGACGGCGTTCAGGTAGATCGTGACTTCGCTTCGGTCGTCCTGCACCAGCCGGATCGCGCGGTCGTCATACCAGCGGATCGCGCCGATAAACTCCTCGCCGCTCAGCAGCTTTACTTGCAGGTTCGTGCGACCGTCACGAAACTTGATGAGCTCAACTTCGCGCGAGGAGATTCGCTCTTCCGGCGTGGAGACTCCTCGGCGGTTCAAATCCGGCATCAGGTCCATCAGATGACGTCTCCTCAATAGCGAAGGCCGGCTGCGGCAAATGCCAGCGCCGGCCATTCGGGTCAAATGGAAGTTATTTGCGGCGGCTGGACGGGGCCGTCTTTGCCTTCGCGGCCTGAGCGGCCTTGTAGCGCTCCTCGGATCGCTTCCGAGTGCGGCGCAGTTCTTTCGAGCGGATACGCATAGTGTTTATTCTCCTCCCTTTAGTAATTCGCGCAAACGCGCGTCGTTCACTTCATACTCAAACAAAACCCGGCCATCGAGCGAAACTACCGGAATCTGCTCGCCGTACTCAGCGGTCAGCGCGGGGTCGTCGTTGATGTTGACGGAAGTCAGCGTAAACGGAATATCGCGCTGTACGGCCAGAAGCACATCAAGCGCCTCATCGCACAGATGACAGCCGGGTTTTGAATAGAGAGTAATACTGGACATGATTGGTCCCCTATTATAGCGTAGACGCGGCGCCATGTCAACGCGGCCCTCCGACGTTACGCCGAAAACGCGGCGCCGCAGCGACTGCAAAAACGATCTTCTGTCCTTCGCGCCGCGCCGCATCCGCCACAGCGTTGTTCCTGGCTGTCCTCCGTCTGCATCTGATAGGGTCGGTCCACGGGTCCATAGCGCAGCGCAGGCTCCGGGCTCCAGTTTTGCATCTCGGCGTATGATCGCCTTAATATCTCCCATTCCGTTGCTCCGCGATACCAGCTGTCAAAGAAATGCAGAAAACCGAGGTCCGGCGTCTTTCCCTCATGCTCCGCACGGCGGTACGCATAGTCAACCATCTCCTGCTTAAGGATGTTCCAATTGCCGCGCGCGGCGCCGAGCGCAAGGATGCCGGCGATCATCAAAAGTAACCCAAAACCATAAGGCGCGGGATTGAATATGACGTGCGTTGTCGGCGGCGGTAAAATTCCTGCGGGAATATAGGTCGTCGCGCAATCGACCGGACGACCATCCACCACGCATTGCGTTCCTTCGCCATAATCCGTAACGGTTTGTCGATTCCACCCCAATGGCCCCGCAAGTATCAGCAGCATCCAGCCCGCAAAGAACACACATCGGCCGATGTTGGTCCGCTGCTGCAGCGATCGCAATACGCCGTCGTCATCCATTCCGCCACCCCTCCCGCGTCCATCGTCGTAAGTTTCGCGTTCTCAACGGTTTTTGACTCGGAAGACAGAGAAAAGTTGCGGAATCAGAGAATTCCATGCTCCGTGAGTATCCGATTGATGATTTGAGCTTCGGTCTCAGTCAGCACATCGGCTCTCGGATACAGCGGCGCCGATCGATCGTCGACAATGGGACAGTCCCATCCTTCCGTAGTCCGAACGAAATCCTCGGCGCCGGCCACGCCAAATGTGCGCAAATATCCCGCCAGCACACAGTCGAGATAGGTGCGCCAGATGGGATATTCATCATCGCCGGCTCGGCGATACGGCGGCTCAGAGAGATAAAGGAATCCTGGGATGATCTCGGGCTTGCGGGGCGCACGCTCCAACGAAACGCTCACGCGTTCACGCGAGTATCCTTCTTCGCGTTCGTCGATCTTTGCCAAACCGTCATCGCTGTCGGCCACGAAGACGCCGGAGAGGATGACGCCGTCCCGGGGCGCCACGGTCAGAGCGCAGCATTTGTGGCCGTTCAGAAGAGAACAATGCCTCCACTGGCGGATCCAGCCCTGGACAAAGCTTCGCCGTCC
NZ_AP025739.1_gap8	371584	373183	1599	TTCACCGTGGCGTGCTGGGCCGAACTCAATAACACGTCCGCTTATGAAGATTTCCTCACGGTGGACGGCGCCAATGTGAGCGCGTTCTATCTCCAGTACAACGCCGGCAATGGGAAGATCTCCTTTAACCGGCTGGCCAGCGATTCCGTAAGCGCGGCCTCCACGATCGCGGCGGCGTCGGCCGCGCCTTCGACGGGAACCTGGTACCACGTGGTCGGCGTTTACGACGCCACGGCGCAGACGATCTCGCTCTACATCAACGGCGCGCTCCAGCAGACAGCATCGTTCACGACCCCATGGAATGGAACGGGAAGCCTGCTCGTCGGACGCGGCCTCTTCAGCGGCAACGCCACCGACTATCTCAATGGCGTCGTGGATAATGCGCGTGTTTACAACAGCGCGCTGACCGCCGCGCAAGTCTCCACGCTCTACTCCAGCGGAGGATAGTCACGATCGACCGGCCACTCCAGGTGACCCCGCCCTTTCTACCTACCCCCGACCTTCGGCCGCCCCCTCCGGGGCAAACCCACCCCGGAGGGGGCGGCCAAAGGCCGGAGTAGTCACACGGAGAAACGACCGAGAGAGAATCAGGATATCAAATATCTTATGCCATCGAGACGTGATTTCCTCAAACAAGCGGCCCTGAGCGGCGCAGCGGCGATGCTGGGATCTCTCCCGCAAGCCGAAGCGTCGGGAGACGCACCGCTCGCGCTCCCAGCCGGGCGGACGCTCGAATACTGGATCCAGGCGGACTCCCTGCCCTGGATTCTTGCCCCGAACGGCCGCGACTCGATGACGGGCGCTGCTTATGACGCGGCTCAAAGCTCGTTTGTCACGGTGGGCTACCGGGCCTATTCCGAGAACTGGGCCGCCCTGCTGCCGCCCGATCCCGGGATCGGCGAAAACTCGGGCATCCCCGGTCCCATCCTCCGAGCGCGAGTCGGAGACACGATCGTCATCCATTTCAAAAACAACGACGTTCGTCCAAAGCCGGCCGCGCACAGTATCCATCTCGAAGGGCTGGTCCGCGAGATGGAGAACGACGGCTTCTGGCGCAGCAGCGAGCCGAACCTGCCGGGCACGGCGGTCTATCCCGGCGAAACATACACCTACCGTTACACCGCGCCCGCAAGCGCCGCCGGCGCGTGGCTTTATTCCGATTTTTCCGCCTCCCGACGTATGAAAGGACGCGGCTTCGACATTCGGATCTACCGGGATGTCCCCGTCTATACCCGCGCCAAGCCGCAGGAGCCCTCCGAACTCGACGCTCCCGTGGGAGCGCAGTTTGGGCTCTTCGGCATGGCGATTATCGACGACGAGAACACAAAGCCTGCGGACCGCGAGAACGTGGTGATTTTCCACGATCTCTATTCCGACGATCTGCCGATGCTGGTTCAGGATTTCGACTGCATCAACGGCCGATCGTTTCTTGGGAACACTCCGACCTTCCAGGCGCGAACCGGCGAACGGGTGCGCTGGCGCATCGGATCGGTCGGACGCGAGAACCATGTCTTCCATATCCACGGCCATCGCTGGCGGATGAACGGAGCCTTCACGGACACGCATCTCCTGGCTCCGGGAACGACGGCGACTTTCGAC
NZ_AP025739.1_gap9	569676	573734	4058	TTTCCCGACCACGCCGGATACTGGGCGGGGGTCGCGTATGCGGACAATATCCGGGGGCCGTGGCGCAAGGATCCGCGCGGGCAGGTCTTTTTGGGCGGACACATGGCGGTGTTCCAGGGGCCGGACGGGCAGGATTGGTTTGCGTACCGGGGCGAAATGGAGGACGACAAACGCACGCATGGGCGGCTTTGCGTCGATCCGATCCAATTTGAAGTAGATGGACGCTTCGCGGCGATGACGCCGACGGCCGGCGCGGCGAAGAACGGAGACGACCAGTGACAATGCAGATGACGGAGCGACGGACGGAATGCGCCGCCGACAGGCTGGAGCCGATCGTGCGCGGCGACTACCCCGATCCGACGATCATTCGCGTCGGGCAGGACTACTACCTGACGCACTCGGCCAACTCCTTCGCGCCGGCGCTGCTGATCTGGCATTCCACCGACCTGAAGAACTGGACGCCGCTGGCGCACGCGCTCACCGAGTATGACGGCGATGTCTGGGCTCCGGACCTCGCCTACCATCAAGGCAAGTTTTACATCTACTATACAACTTCGGGAAAGAACCACGTCATCGTCGCCGACGATATTCGGGGACCGTGGAGCGAGCCCGTCGATCTGAATGTCCCGCATATCGATCCAGGGCACCACGCCCTGCCCGACGGGCGGCGGTTCCTGCATCTCTCCGGCGGACATCAGATTGAATTGACCGCGGACGGCCTTGCGACCAAGGGCGAGATGCGCAAGATCTACAACGGCTGGCCGATCCCCTTCCCCACACAGATCGAGGGCATGGCCGAGGAAAGCCCCAAAGCGTTCTTCCGAGACGGCTGGTATTATCTCATCACCGCGCAAGGCGGCACGGCCGGTCCCGCGACAGGCCATATGGTGGTCGCCGCCCGCTCGCGCCGCCATGACGGTCCTTACGAGAACGCGCCGCACAATCCCTTGATCCGTACGGGACATCGCCGCGAGCGCTGGTGGTCGCGCGGCCACGCGACGCTGATCGAAGACGCCGTCGGCGATTGGTGGATCGTCTACCACGCCTACGAGCGCGGCTACGTCAGCCTCGGCCGGCACACAATGCTTCAGCGCGTCGAGTGGCGGGACGGCTGGCCGTATGTGACCGACGAATGCTTCGCCGCGCCCCCTCGCCAAACGCCGCTGTCCGACCGTTTCGATAGCCCGGAGCTTGGCTGGCAATGGCAGTTCAACGGCGAAATGGATCGAACGCGCTTCCAGGCAGGCGGCGGCGCCCTGCGTCTCCAGGCACGCGGCGAATCGCCCTCGGACGGCAGCGCGCCGCTCTGCATCCGCCCGCAAGATCGCGCCTATCAAGTCGAAGTCGATGTCGAAATCTCCGGCGACGGAACCGAAGCCGGCCTGCTCTTCTTCTACGACGCAACGGCCTACACGGGACTGGCGCTGACGGATTCGCACATTATGCTCCGACTGCGCAAGCATCACGAAAAGGCCGTGGATCTGCCGGTCCGCCGAGCCACGCTGCGCCTTGTCAACGATCACCACGATGTCGAGTACTGGGTCCGAATCGCCGGCGGCGAATGGGAGCAGATCGCGCGCGGCAACGAAATCTCCGGCTGGAACCACAACGCCCTCGGCGGCTTCCTCGGCCTGCGCGTCGCTCTCTACGCAGCCGGACCCGGCGAAGCCGTGTTCCGTGATTTCCGGTATGAGGCGTTGTAAGGGCAGTGTGTGACCTACCCCGGCCTTCGGGCGCCTCGGGCAAACCCACCTCGGTGGTTCGCGTACTCCCTTGCAAACCCACCCCCGGCCTTCGGCCGACCCCTCCCGCCGACGGGAAGGGTGATTTCAGAGTGTGTTATCGCAGGCGGCCTTCGTCAGAGGCAATCCTACGAACCCTTCCCGTCGGCGGGAGGGGTGGCCCGAAGGGCCGGGGTGGGTTTGCCCGAGGCGCCCGAAGTCCGGGGTGGGTTTGCAAGGGAGTACGCGAGGCGCCACGGCGGGTTTGCCAACAGCCGGCCATCAAAACAATGAAAGTCATCTTTCCATGTCTAAAAATTTGCGCCCTATTTTAATCACTCTCGCGTTCCTGGCCGCCACCGCCGCCCACGCCGCGCCGAAGACGTTTACGTATTCCAATCCGCTGAATTTTCAGTACACGACAGAGAAGACGCCGGCGGAGCAGGAGCTGCGTGATCCGTGCATCATTCATGAGGGCGATACCTACTACACGATCTTCACGATGTGGCCGTTCGCCAACAAAGAAGATGGGCGAATGGGGCTGACCGACAATGGATCGTCGCCGGGCATTCGCATCTACTCGTCGAAGGATCTGAAGAACTGGACGCCGGGGAAGTGGCTGGTGAAGTCTTCGGATTTGGCCGAGAATTGCCCGTACAAGCACCGGTTCTGGGCGCCGGAGATCCATAAGATCCAGGGCAAATTCTATCTGATCTTCACGGCGGACAACTGGCTGAAGAAAGAATACAATTCGTCGGGCGAATGGGGTTATCACGCCTTTGTCGGCGTTGCGGACAAAGTGACGGGGCCGTACAAGCACATCACCTATATCAAGGACAGCGCCTGCGACACGACCATCATGGACGGCGGCGACGGCAAGGTCTACGCGATCATGCCGTTTGGCGATCTCTTCGAGCAGCCGATCGATCTGAGCCAATTGGAGCAGGATAAGATCACGCTGGGCGAACGCAAAAAGATCTTCTCGAAGAACAGCGACGATCCCGCGCAGCCCAGCCCCGGCTATTGTGAAGGCCCCTGGGGCATGAAGATCGGCAAGCGATACTATCTATTTTACGCCGAGAACTTTGAAAACGGCGGATACTGGACCGGCGTCGCGTACGCCGACAACCCGCTTGGCCCCTGGCGCAAGGACCCGCGCATGAAGCTGTTCGAAGGCGGCCATCTGACCGTCTTCAAAGGCCCGGATTACCGCTACTGGTTTGGATATCGCGGCGAAAGCGGCGGCGCATCGGGGGGACGACTCTGCGCCGATCCATTCACGATCGCCGCCGACGGAACCGTCCAGCCGATCGCCCCCACGACCGGCCCGCAAACGGTCATCCTGCCGCCGCCTCTCCCGCACGCCCGGCCGGCGCATCCTCGGCTGGCGTATAAGAAACATTGATGAAACACCACAAGACACTCTTCGCATTGACTTGCGCCGCAGCGGCGCTCGCGCCCTTTGCCGCGTCCGCGCAGCGCGAGATCATTCTGCCGGCGGCGCGCGACGCCAACGCGCCCGGCGGCCTGCCGGGCCTGCGCCAGCTCGACATCCAGCCTGGAATGCGCGATCCGAATATCTGCCATTCCCCCGACGGCTTTTATTATCTGACCGGCACCATCGATCCCGCCGACGGCCACACAAGCATGTGGGAGGCAAACGACGGGGTCCCCTTATGGCGCTCGAAGGATCTGATTCACTGGACATCGCTAGGGATCGTCTGGAGCCTGGAGCGCGACGCCACCTGGTCCAGGAAGTGGGTGAGCGAGGGCGGAGGCAAACCGCGCCGGGCCGTCTGGGCTCCGGAGATCCATTACTTCAACGGAACGTACTGGATCCCTTACAGCATGAACTACTACGAAATCGGCATCCTCAAGAGCCAGACCGGCAAGCCCGAGGGTCCATACCGCGACGTCAAGACGGACGGCCCGATCGTCAGCGGCATCGACCCTTCGCTGTTTCAGGATGACGACGGCAAGGTCTACCTGCTGCATGACAGCTTCAATATCGCGCGTCTCAAGCCCGATCTGAGCGCGCTGGACGAGCCCGACCGCAAGTTCACCTTCACGGACAATACATACGGCTGGGGCGAGGGGATCTATCTGGTCAAGAACCACGGGCGATATATCTTCATCAACACGATCGATCCGATGCACAATACGGACGGCAAGCTGCCGGACACCTACGACAACACGTCCGCGGTGTCGACCGGCTCGATCTATGGGCCATACACGCCGCGCCGCCGCGCGATCCCGCATGACGGGCACAACAATCTGTTCCAGGACTCCCGGGGCGGCTGGTGGTCTACGTATTTCGGCTCCGGCCCGTTCGGCCCC
NZ_AP025739.1_gap10	611924	612747	823	CTGCTCCGCGATCCATCGCGGAAACGTGTGGGCGACTCAGTTCCACCCAGAGAAGTCGGGGTTAGTGGGGCTGGCGATTTTGGAGAGCTTTTCGGAGGTGTGAGGGACCTATCCCCCGCGTAATCCCTATTCCCCCGCGCTTTAGCGCGCTTCCCCCTTTTTCCCAACAAGCTGTTGCGCAGGGGAAAACGGGAGCCACTCATTGGTTTCCATTCACTCGTGTCGTAGCCGGCAAAGACAAAGCATAGCATGTGAAAAAACGATCAGCCCATTCACTCTTGACACAATCAAGAGTGAATGGGCTGTAGTTATTTGCTCCCCTTTTCCCCCGCGCAGCGGCTTGTTGGGAAAAAGGGGGAAAGCGCTTTAGCGCCGGGGGAATAGGGCCTTCCCCTACCGCCGCCGCAGGAACGCCGGGATGTCCACATCTTGGTCCGGCGAGGGCCGGGGCGCGGGGGCCGGGGCGGCGGGAGCAGGAGCGGGCTGCTGCTGAGTCTGCGCGGCGGCGGGCTGGGGCTGCGCGGGCGCGGGGGCCGGAGCGGGCTGCTGCGCGGGGGCAGGCTGGGTGTTGATCGATTGGCGGGCGTTCACGGACGCGGGGAGGCGCTGGTCGAAGCCGGTGGCGAGCACCGTGATGCGCACTTCGTTTTCCATGCGCGGGTCCTGGACGACGCCGAAGATGATGTTCGCGTCGTCGTGATCCGTCGCCTGCTGGATCAGCTCGGTGGCCTCGGTCACTTCAGCGAGGGTCAGGTCCGCGCCGCCGGTGATGTTGATCAATGCGGCGCGCGCGCCTTCGATGCTGGTTTCGAGCAGCGGGGAG
NZ_AP025739.1_gap11	717681	718275	594	CGTCGCAGTGAATGCCTTGCCCCGCCCGCGTTCGCGAAATTGGGATTGTTCTTACTGCGGCTTCCGAATCGCTCCCGCGAACAGTACTGCTCCCGTCTGCGTGTCTTGAATGGCGCAGAAGAAGGGGCGATCGATGCGGACGGTGAGCGGCGGAGGCAGCATGATGGCCTTGGGCGTCATGATGACGGCCGTGGCGGCAGAGGCGGTGGTTCCTTCTTCGTCCACATCCAGCGTGGTCTTGTGCAGAACATCCGAGATCAAGAGGTCTTTGCGGCTGCCCATGGCGGTGAAGTCCGCATCGCCGCGAAACGCGCTGCGCATGCCGAGACTGTCTAAGGCAGGTTTCAGACTGGCGCTGTATTCGACGTGAACCTTCGGCAGGAAGAGACTGAGCCGCGTGGGCTGGAGTTGCTGCGCGAGGGCAGACCATCGGGCTGCGGAAAGCGTTTCGACAAATGCGCTCAGGCTGCTGCTTTCCGCCGGAAGAACGGCGATCATGCGCAGTCGACCTCCGCCATATGGCAGGGCGACGGCTTCCCAGTCGCTGGATTTGGCGTAGTCGATCGCGCCCTCGCGCCGCATCGTCGGGATTTG
NZ_AP025739.1_gap12	719418	721589	2171	GACGACCATGCGCAAGCGGCCGCCGCCGTAAGGAAGCGCGACGGCCTCCCAGTCATCCGTCTTCGCGTAATCGATCATGCCCATTTGCGTCATCGTCAGCGTTTGCTCGGTTTTTTGCGGCGTCAGATGGAACGTCTGGTGCTCAGTATCCTTGGCGCGAAACGGGTCCGTCCAGGTCCCATGAAAATAAAGCGCGTTGGTCAGAACCATTACCGCGCTTTCTAAGTCCTGCGGAGAAACGATCGTTTTGATCTTGCCTTCGGTCTTTTGCGCCGCCCAGGCGTTGATCGCCGCCGCGCCCGAAGGCTGGCGCAGCGAGACGGTTTGCGTCTGGGCGGCGTAAAACGCACGGCATGTTTCCTGATAATTCGCTCCGAACTTGAAAGAGCGATCGGCCCAGAGGCCGTTGGCGATGGAGATCTTCACCTTGGGATCGGCGGAGGCCAGCGATAAACGCAGGGATTTCGCCTGCGCGTTGATCGTGGCGAGCGGCGTTGTTCCCAGATGCAGCACGGTCCCGATCTGCTTGCGGGTGATTCCCCCGGCCCCGTTATCGGCCAGCAGCAGGGCCTGCTGCACGCTATAGGGCGAAATAAAGCAGTTGTCGTCCGGCTGCGCCTTGATCAGCTTGCCAAGCAGGTCGATCCCAAAGGCGTTGGCCGCCGTCGCGACCTGCGGTTTCGACTGCGCCGCGGCGGGCGCCAGCGCCGCAAGCGTCAGCGCGGCGGCAAACGGCAGCGTACGGGCAAATGCGCTCTTCATCATCGTGAATTCCCTTTCAAGAGGAATAGAGACTTTCTGACAATCATAGCTTCAAGGTTCAAGACGCAGGGAAAGAGGAGAACGTTCCCACGGCATCGAATTGTTTTTCATGATCAAGATGGTGTTCTTTGACATCGGGGACGTTCTGTTTGACGAGGATCAGCAGCACCGATGGTTTTTTCACACGCTTCTCGCCACGCTGCGCAAGCACGGCAAGGATGTTCTCTGGGATGAATGGAACGCGACCCGGATCGCGCTGGCGACCGCCGGGCCAAACCCGGCGAAGGCGATGCGCGGCGCCGTCACGGCGTACTGCGTCGATGAGGAAGAATCGCGGCGGATCTGGAAAGAGGCGGAAGAGCAGTATCATCAGATGCGCGCGCCGCGAAAGTACGGCCTGCTGCTCGACGGAGTGACGCCGGCGCTGCAGGATCTGCGGCGGGACTTTCGGCTGGGCGTCGTCGCGAACCAGCACTCCGAAGTGCTGGAGTCGTTCTCGGATTATGGGATCGCGGGCTTGTTCGACGTGATCGTGATCAGCGAGATGGTCGGTTTGTTCAAGCCCGATCCGGCGATCTTCCAATATGGCCTGGACCAGGCAGGCGTGTCGGCGTCGGAGGCGATTTTTGTCGGCGACCGGGCCGACAACGATGTCGCGCCGGCCAAGGCGCTGGGGATGAAGACGATCCGTTTCCATCGCGGGGTACACTATGGATTGTATAACCCGGACGATCCCGCGCAAACCGCCGATATTACGATATTCGACGTTTCGGAGCTGGCGGGGGCAGTGCGGCGGCTGGCGGTCGAGAGATAAGGAACGAACATGATTATTGAAGCGCGCGACGACGTTGTGATGCTGGAGGGCGCACTGACGCGCAACCTCTGGCTGACCATTCAGGCGGCGGCCAACCTGCTGCTGCGCAACCATGTCCAGGGCATCATCATTGACGGCAGCGCGCTGACCTGCTGCTCGGCGGAAGGCGCCAAGACCTTCCGGGACGCGATGAACTACATCGAGCGTTACCACGCCCGTATCGTCGTCAGCGGCCTTTCCGACGAGATCATCCAAACGATCAAGGCGATCCCCGGCGTCCGCTCGCGCCTGCCGATCGCCGCCAACCTCGCCGAAGCGCGCATTTCGCTCAGCCTGACCGCGCCCGGCAAGATCCCCGGCGCCGCGCATCAGGCCGCGAATATCCTGCTGCCGCTTCTGGGAACCGCGCCGCCCGAAGCCATGCTTCCCCTGCCCTGCCGGCTGGCGAAGGCGGAAGGCCCGAAAGCCCACGTCCACCTGCTCTACATCCTGGAAGTCCCGCGCGCCCTGCCGCTGAACGCGCCGCTTCCGGAAGAAGAAGCCATCGCCGCCCGCGTCGTCGGCGAAGCCGAAGCCATCGTGCGCCGCGCCGGCC
NZ_AP025739.1_gap13	739312	743066	3754	TTTTCCGCCGTCCGAGGCGATTGCGCCAGTCGTTTGGCCGCCGCCGCCAACGAATACCGCGAATGTCCTGACCGACGAACAGCGCCGCGCGTTCGCCCAGTTGTCAAAATATCAATCCCCCATCGCGCTTTCTCATTGGATCGTTGGCTCCTTAGCCATCACTTTCGTGGTGCAGTTCGCACAGACGGCGTGTCTTCTGCTAGGGCCAGCCGCAGCGAAACTCGAAAGCATCACCTCCGATGTGTCCGCTTTTACAGCAATGGCGGGAGGGATGTTTTTCCTGATCTGGATCCGCCAGCTTTATCAGAACCTGACATTCCTCGGCGTCCCAGGACTGCAATATTCTCCCATGTCCGCGGCGACCGCGTTCCTGATCCCGATCGTCAGCATTTACAAGCCGATCAAGATCATGGCGGAGATCTGGAAGGCGACATCGCCGTCCAGCGTCCTCTATTTCGTCAGCGGCCACTGGGCGCAGACTCCATCCACGCCGCTGATCACCGCCTGGTGGGCGCTTTTCACGATCTACAATTCGATCAATTTTCTCATTGCGCTGAATATGGACATTAGCCAGTTCAAGGTGATAAATGACGAGGCAGACCTCTTGTTTTCGGCGATCAACGGCGCGCTGCTGGCAATTTTGATCCTGCGTTTGACCAAACGAGAAGAATCACGCTATAGGGAGATATACGCGAGCCTGCAAAACTAAGCAGCCGCAGAAGGCGATAGGATTCATGGAACATCTTCCCCCACTCGAAGGCTCAAACACCGGCGGCGTCTGGCCGCCACCGCCGACCAACGCCATCGACGACGGCCGCAGCCGCATGCTGTCTCTGCTGTCCCAATACCGGTCTCCCGTCGCGCTTTCGCGCTGGATGCTCGGCTTTATGGGCGCTACCGTAATCTCAGACGTTTCCGTGACACCATTGCTGATGTCCGGCCCATCTGGAAAAGACTCAGCAGACACCCTATCCAGCCTCTCGAACCTCCCACATTTCGTGGCCGGGATATTGTTCTTAATTTGGACATATCGACTTTACAAAAATCTGATCGTATTGGGCGTCTCCGGCTTGAAATTTTCTCCCACGATCGCGGTATTGATGTGCGTGCTGCCGGTCCTCAATCTCTACCAGCCAGTCGTCATTTTTGGAGAGATTTGGCGCGCATCGGCATTGCGGGAGACTATCGCGCGCGCCGGTGGACGCTGGAAAGCAGTTCCGTCGGCTCCGATCATTGTGTGCTGGTGGATCGCTTACCTCCTCTACAGCGTCGTAGCCGCCATATTGGGCAAGCAGGAGATCAAAAAGGCTACGGACCTTACACCTTATGCACTGCTGGGAGTAACATCGCTCGTCAGCGGGACATTACTCACAATCGTCGCACTGCGCCTTAATAAGCGTGAAGAGGCTCGCTACATTGAGATTGCAGCGAGCCTAAAGGACTAAGCGCTCATAGAAAAGGTAAGGTAAAGAATGGAACAAATCCCACACATAGACGGCGGCGTTTGGCCGCCGCCGCCGACCAACGCCATCGACGATGGCCGCAGCCGCATGCTGTCTCTGCTGTCCCAATATCGATCGCCCACGGTTCTGACGCGCTGGATGCTGGGCTGCCTGGCGGTCGCCGTGGTCACGGATGTGGCCGAAGCCATCGGGCTTCTGGGCGGACTTTCGGCGCATGCGTTCACGGAGGCCATCTCTGAGGCGTCGTCCTTCATCACACTCGCCGCCGGCGTCGTGTTTCTTGTTTGGATCCACCGGCTTTACAAGAACCTCACCGCGCTGGGGATCGCCAATCTTCGGCATTCGCCCGGCGTCGCGGTCATCATGTTCATTCTGCCGTTCATCAATTTGTACAAACCCATAGTGATTGTCCGAGAGATCTGGCGCGCCACATCGCCGCAGGCGACTCTGAGCATCGTCAAAGGCCGCTGGACCGAGACACCCTCAACTCCGCTCATCGGTTTCTGGTGGATTGCGTATCTTTGCTATAACCTGGTGAACACCCTCATCGCCGTGAACTCATCCAACTCGCAATTCGAGACCGCGCCCTACGAAGTCGGGGCGGCGTTGTCCGTTCTCAGCGGAACCCTCCTGGCGGTCCTCGCGCTGATGCTCACGGAACGCCAGGAACAGCGCTACACGGAAATTGCGGCAAACGTATCGAGGGCGTAAGACCAAGAGCGCTCAAATTCGAGGCGATGACGGTCTCCCCCGCCAGTAATGCAAGCGCGATATAGATGGACGAGAAAAAAACGCAGTCGCCTCACGGAGAGGCGACTGCGTTTTTCATCTCACAAACTTGCGGGGCTAACCACGCTTGGATTGACCGAATGATCCATTACTTTCCAGCGCCGCCAGCTCCCGCAGATCCCGCGCCGCCGGCGCTTCCCGCTCCGGAAACTCCGCCGCCGACACTTGAGCCGCCGCCGCCTTCCGAAGCGCCCGCTGCTCCGAAGCCGCTGGTGGCTGCGCCGGGGGACGACATGCTGGACGTTCCGGAAGCCGCTACGGGGTTCGACATGGTCGAGCCAGGCGCGGCGGTCGAGCCGGGCGTGGCCGCCGCGCCCGAACTGTTTGTGCTCGGGCCGGCCGGCGATCCCGGCGTATTTGCGCTGGATGCGCCGGGCGTGGCCGCGTTCATGTTGTTGGATGTGGACGAACTGGATGTATTTGGGCCGCTCGGCGATGCCGAGGACGAATTGGGGCCGTTTGTTCCGGCGGAATTCATCGTCGAGCTGGCTCCCGGCCCAGATGGCGCGGAGCCGCCGGGAGCCGTGCTGGCTCCCGATCCGGTCGCCGTGGAGATTCCGCCGGGGGCCTGCGAGTATCCGCCGCCGGCGGGAGCGGAGGCGCCGCCCGGGAGACTGCCCGAAGAAGAGACGGCGCCGCCGCCTCCTCCATCGGGCGAGGCCGGCTGCGCGACGTTGACATTCGCGGTGCTGGGGGCGTTGGGCTTCTCCGACGCCTCCACCGCCCAGGAGATGAGCGCGATGGCGATTACCGCCGCCGCCACCCAGGTCCACATCTGCTTGCGTCCCATTCCCGGACGCGCGCCCGGCGCGTCCGCGACATTGTTCACGTTGTTGCTTGCCATGACAGACTCCCTCTAAGGACAAACCATTTTCGTTACTATTGATACCAACATTGGAGACGAGGCAAAACCCGACGCGGCGTCAATCATTGACTGAGCAGTGAGTAGACAGCGCTTGCGCCGGAAGGGTACCCTCATTGCGAGCCCAGAATTGTGGCGGTGAAAGACAAACGCCGATGAACGCCGATATCCAAATCGCCGCGCAGAACGACATTGAAGCGCTGCTGCCGATGATCGCGGAGCTTTACGCGCACGAACGGATTCCGTTCGACGAGGCGGTTCTGCGCCCCGCCGTGGCCGCGCTGCTCGCCGACAGGGCGTTCGGTTTTATCTGCTTGGCGCGCGTAGACGGGACTCCCGCCGGGTACCTGATCGTCACGTTCGGTTACGATATCGAGTTCGGCGGGCGACAGGCGACCGTCACGGATGTTTACGTCCAGCCCGCGTTCCGCCGGCGCGGACTGGCGGGCGCCGCGCTGCGCTTCGCCGAGGAGAAATGCCGCGAGCACGGCGTCCGGGCATTGGAGCTACAGGTCTCCGACGGGAACACGCCGGCGAGCGACGCCTATGAGAAGGCGGGATTCACGATGTCCGGAAGATTTGTGATGAACAAGCGATTGGTGTGATTTGCCTCTAGACATTTGCCGAGCGGGCGGGTACC
NZ_AP025739.1_gap14	744473	747947	3474	CCCGCATGCCCGCGCCGCCCGATCTCGTCTGCGTCCACAATCCGCTGGAAGAAGCCTCGCTGGAGGGGCGCGTTCCCGTCATCCTCTGCGGCCACCTGCACCGCGCGTACATCAATACAGTCGGAGAGACGGTGATCTGCAACGCCGGCACCACCGGCGGCGCCGGCCTGCGCTATCTCGACCACCGCGAGGGCGTGCCGCTCACGGCCGCGATCCTCACGTTCTCACGCGCGCCCAAGCCCAGGCTGCTCTGGATCGACCAGGTGGCGCTCGACGGCGCCCTCAGCGAATACTCCATTACCCGGCGCACGTTCGCGGCGGCGAAATAAAACCCGAAATAATTGCCGCCAAACCGCTTGACAGGCGCTCAATCGTCTGTTACAATCAGAAAATCAAACCGGTTGGATAATTGCAGGATCTCGGATGCGAGCCAGCCGCCTGGGGCCAAAGCGCCCCGCATTTGTCAAAGGAGTGGTCACCATGAAGCGTGGATTTACATTGATTGAACTACTAGTTGTCATAGCGATCATCGCGATACTTGCCGCAATCCTTTTTCCCGTTTTCGCGCAGGCCCGAGAAAAGGCGCGCCAGATCTCCTGCGCGTCGAATGAAAAGCAATTGGCTCTGGGCATCCTTCAGTATGTCCAGGACTACGATGAGAATTACCCCTTTGGGAACGAGTCCGGCCACGTCTGGAGCACCACTCCCGCCTGCAAATGGGACCTCAACATCGCACCGTATCTCAAGAGCCTCCAGGTCTTCTATTGCCCGGACGATTCGATGACCGGAAACGCCTACCCGGACTGGCAGGGGCTCGGAATGTCGTACGGCGTCAATGGGCTGATCACGCCGCACTGGGGCTCGCCGACCACCGTCTCGGTGGCCGGACCGATGGGGTACGCCAATGAGAACTGGGGCGGAAACTCCCAGACACCGGGTGGGGGCGGTCTCAGCCTCGCCGCCGTCAGCCAGCCGGCGGCCTCCATCCTGCTCGCCGAGCAGTTCAGCGCCGATATCCATAAGGCCAGTCCGACGGATATCAACGCCACCGGCGCGGGCGATTGGGGCGTCTTCGGAACCGGCACGGACCGCGGCAGCGGGTACGGAAATATCCCGGACGGCGCCGCTGCGGCGGCGGCCTACCCGAACGGCCCGAACGGGGGCGTCTCCGCCCACCACGCCGGAGATACGCTCACGAACTTTGCCTTCTGCGACGGCCATGTGAAGGCGATGCGCCCGACGGCCACGAACCCGAACGGCGCCGCTCACCCGGAGCTGAATATGTGGGACGCGACGCGATAACCGCCTCGCGATCCCTTCATGGCTCCGGCGAAATCCGCCGGAGCCGCAGCGAGGTTTCCAATGACACACACGAAGAAAACCGCCTGGGCCATCCGCCTCGCCTTGCTCGCCGCGCTCGCCGCGTCGGGATGTTCGCATTCGCAGAACCCGGGAGGCAAGATCTCCAGCGAGCAGATCCAGGCGATGTCCGGCCGCCCGCCCACGGCCGATGAGCTGAGGCGTTCGCAGGAATCCGAAGCCAGAGCCGTCATCCCTCCCACGGGGACCGGCAAATGAGCGTTTTGTCGCCAGAAATTGTCCATCGACCGGCTGGGAGCCAGGCCGCGCCGCTGTCCATCGCGATCGACTGCGCGGCGAACGCGGGTCCGGTGAACCCGTTCGTCTGGGGCGTCGGCGCGCCGGATAAGTATCATTGGTGGCCCGAGAACAAACAACTGATCGCGCGCATCCGGCAGGCGAAGATCAAACTGGTGCGGGTCAACCCCATCCAGTTGATGCTCTCCACGGGACGCGATCCCTACCCCGCCCCCGGCGATTGGGTTCTCGGCGACATGGACCGCGCGCTGAAGACGATCTTCGACGCCGGCGCGCAGCCGCTGTTCGTGGTCGCGGGGCTCCCGAAGGGCGTGGCGCGCGGCGCCGACGCCGCCGGATATCTGGACCGCGTCGATTGGAACGAGTATGGGCGCTTCCTGCGGGGCGTCGTTGAGCGATACAATGTCCGGCATGTGCTGGGAGTGGGCCGCACCGTCAAATACTGGGAGATGTGGAATGAACCGTCGATCGAAGGCGACGGCAAATTCGCCACGATGGAATCGTACGGCGAGTTCGTCAAAACGGTCGGCGGCGCCATGAAATCGGCGGATCCCGCCATTTCCCTGGTCGGGCCAGCCGCGCCGTGGTCCGATCTCAGCCCCAGCGGATGGACGGCGTACGCGGCCAAAAACCTTGCGGATCAGCTCGACATTCTTAGCTGGCACGACTACGGCCCCGGCCCGGGCCACTCCGACGGCGACGTGCTGGATTGGCCGAAGCCGCACTACGAAGACAACGTCAACACGGTGCGCTCCGGAGCAGGGCAAGCATTCGTCGGACCCGACGGGAAGCGCTACGGCGCGGCGATCACCGAATACAACATCAGCTGGCAGGACGGCGGCGAAGGCTACAACCGAACCTACCATTCTCATCTCAATACGGTCTATGTCGCCAGCGCGATCGCGCACGCGATGCGCGCCAGGGCGGCGATGTTTTGCGTGTACAACCTGGCGGAGACGGGCAAGAACCATCTGGGCATGCTTGCCAATACCGATTATGCGCCGTATGAGCCCTTCCATGTCGTCGAGCTGCTTGGCCGCCACTTCGGCGACGAAATGCTGCCGTCGTCGAGCGGCGATCCCAGGATCGACTGCGCCGTGTCCCAGGAAAGGTCGAGCGGCCGGATCTTCGCGTTTCTTGTCAATCGCGATCCCGGCGCGGCGCGCGACCTCGCGCTGCGGCTCGACCATTCGCGCCTGCGCCATCCGGCCGCGCGGGCATGGTCCATCGCGCCGGAAGGCGTCCGATCGCAGCCATGCGCGCCCATTTCGGGCGCGGCGGTCCGATACCGTCTCCCACCCTACGGTATCGTGTGCATCGAGGTTTCGGGTAACCTCACCCCTGAGCCCTTCAAACGACAAACGGCGAAGGGTGCGACGAGGACGGCAAGGAGCCGCTAGCAACGCGGCGGCCATGTTTTTTTTTCAGATCGGAACAGGAACGTATCCATGGCGACAATTCGCGACGTCGCCACCGCCTGTGGGGTCAGCCCGAGCGTAGTCTCGTACGTGATCAACAACAACCGGCCGGTGGCGCCCAAAACGAGAAAAAAGATCCTGCTGGCGATGGAGGAGATGGACTACTTTCCGAGCGCCATCGCCCGAGGGCTCTCGCGCAAGCGGATGAACCTGATCGGCGTGATCTTCTCGCGCATCTACTCGACGCCGCTGACGAATCCGTTCTTCGGGCCTATCCTGGACACGATCGTCGCCACCGCGATGGACCGCGAGCAGTGCACCGCGTTCCTGACGTGGCCGACCTGGGAAGAGATCGCCGCCAATCACGCCGTTTTCTGCGATGGACGCTTCGACGGGCTGATCCTGCTGGCGCCCGATCTGAACAGCCAAATCGTTCCGA
NZ_AP025739.1_gap15	751161	753295	2134	TCGTCACCGACGGCAAGACAGCGCACGAGTACAACGGTCCCTCCAACCAATTCGTCACCAGCGACGCGCCCGCGCCGGGAACGCCGGTCCAGTCCCAGGCGTACAACATCGCCGCTGTCGACAGCATCCTGAACCCGAACGACAAGCCGGACGCGCGCGCCGGCGTCAAGCGCACGTCCACCCCGGACACGCTCGATGGGCATAAATTGACCTTGATCACCGACGCCTATCCTCCGCGCCCGGGACGCGGCGGCGCGCCCGTCACCTTCATCGAAAAGAAGTGGACCGACGCCAAAACGGGCCTGCCGTATCGGCTGGCCGCATACGCGAAACAGGGCGCCAAGCTGACTGTGATGCAGCAGCTCAATTTCACGAGCTGGACGCTGAACAAAGCGATCCCCGCCGCGCAGTTCGCCTGGGCTCCGCCCGCCGGCGCCAAGGAATACAGCGAGCCGAAGCTCCTGACCGCTGGCGCGGTCGCCCCCGACTTCACCGCGACCGCCCCCGACGGAACTCCCGTCAAGCTCTCGGATTACAAGGGCAAGATCGTCGTTTTAGACTTCTGGGCGACCTGGTGCGGTCCCTGCCAGGCGAGCATGCCGCACTTGCAGCATGTTTACGATCAGGTCAAGGATAAAAACGTCGCCGTGCTGGGCGTCTGCGTCTGGGACGATAAAGACGCTTACACCAAGTGGCTGGCCGACAAAAAAGGCGTCTACTCCTTCCCCACCGCCTTCGACCCGGCCGCCAAGGGACCGCAGAGCATCGCCGGCGCGCTCTATCATGTGAGCGGCATCCCGACCCAGTACATCATCGACAAGGACGGAAAAGTCTCCGCCACGACGGTCGGCTACGACGACGGCGATCACCAGCTCGAAGACGCCCTCGGCAAACTCGGCGTGACCGTCCCCATCGCGCCGAAGACAGCGGACGCGAAGTAGAGGGGATTGGGCGCGCCCGAGTGACCTCCCGGCCTTCGGGCGTCCTCTCCGTGGCAAACCCACCCCGGCGCTTCGCGCCACCCCTCCCGCCGACGGGAAGGGTTTGTAGGATTGCCTCTTACGAGAGTCGTCTACGATAACACACTCTGAATAACCCTTCCCGTCGGCGGGAGGGGTGGCGCGAAGCGCCGGGGTGGGTTTGCCACGGAGAGGACGCGCGAAGCGCCGGGGTGGGTTTGCCACGGAGAGGACGCGCGAAGCGCCGGGGTGGGTTTGCCACGGAGAGGGAGCCCGAAGCGCGGGGGTGGGTTTGCCCGGAGCGTTTGCCACGGGTGAAAGCCGTCTTTCCCTGGCCCCGAAGCATCCATTCCGCGTCTATGGTAAAATAACCCCATGGACTCGCCCCAGGCGCATTGGAGATTTGAGCTGCTGGGCGCAATGCGCGGGCGGCTTGGCGATCACGTTCTGGAGCGTTTTCAAACACAGAAAACGGCCGCGCTGCTGGCGTATCTGGCGTATTACCCGGAGCGCCGCCACACGCGCGAATCGCTGGTGGATATCCTCTGGCCGAACGCGGATCTGGACGCCGGGCGGAACCGGCTGTCTCAGGCGGTCGGGTGGCTTCGCGCGCAGCTGGAGCCGCCGGGCTCTCCCCGGGGCGGGGTTCTTCTTGCCGACCGTCAAAGCGTCGGCCTCAATCCTCCATCGTTTGTCACCGATGTCTCCCAGTTCGAAGCGGCGATCCACGCGGGAGCGGCGTCCGAGGATTCCGCTCCCATGGACGAGCGGCGGCGAGCGGCGCTTCAGCAGGCAGTCGCGCTTTACCACGGCGATCTGCTCCCCGGGCATTACGACGACTGGGCGCTCGCCGAACGCGCCCGGCTGCTCGGACTTTATCTTCCTGCCCTGCGCCGTCTGATCGAAGACTATGAACGGCGCCAGGAATGGGACCGCGCCCTGGACTACGCCCGGCGCGCCCTGGCCGCCGATCCCCTCGCCGAAGAATTGCATGGCGATCTCATGCGCCTGCTCGCCGCCTCCGGGCAGCCGGCCGCCGCGCTCCGGCAGTTCAAGGAAATGGAGCGGCTGCTCGCCAAAGAACTGGGCGACGAACCCTCCGCCGCGTCTCGCCAGCTGATCGCGGACCTTCGACGCATCGCCCCATCGCCCAGGACCGCGCCGGCGGCGAAACG
NZ_AP025739.1_gap16	755355	757505	2150	GGATCTCCTTCAGTCCCGCCGATCCGGACGAACTGGACCGGGATACGGCGCTGGGCAAAGCCGCCCTCGGCGACGCCGGCTTCGCGGCGGCCTGGACGGCGGGGGGCGCGCTCTCAGCGACGGACGCCATTGAAGAAGGCCGCGCGAACCGCGTATAATTGCGGGGTTCCGCAAAAAATCACTCAAAAATCCTCTTCCATCCGCAGATTTAAGAGTTATCGTCTGTCCATTTGGGAGTCTTTTGGGAGCGCGCCCGTATAATACTCCCAACACGCTCCAAGAGCGCTCGGCGAAGCGGCCGAGACAAAACCAAACCGCAAGGGTGCGGCAAACTCATAAAAAGCGAGTTTTACTACTAACTAATAAGTAAAACACCAACGCGGCTGACCGGACAACAGGAGGCCCAGACGATGCGCGAACGTTCGCGCCGCGCTCGCCCCTTAAGTTCACGGCTCAGTTTATCTTTTACGCAAAGGAAACTTTTATGACACGCACCAAATCGTCCAGCCTCCGATCTCGCCGATTGGGATTTACCCTGATTGAGCTCCTCGTCGTCATAGCCATCATCGCGATTCTCGCCGCCGTTCTCTTCCCGGTGTTCGCACAGGCTCGTGAAAAGGCTCGCCAGATCACCTGCTCCTCCAACCTGAAACAAGTTGGGACAGCGACTCTGATGTATATGCAGGACAATGACGAAAATTTATTCCCGTTCGTCATTACCGACGGAGCGACAGGAATGCCGATTTTCTGGGACGGTGAGGCGGACTTCTCCCAGAACCCAATCGGCTTCAATCCCTCCAAGGGACTGCTTCAGCCTTATATCAAGACAGCGGGCGTCGCGAACTGCATGGATGCGGAAAGCATGCCGGTGGTCGCGGGAAACATTCCCAGCTTTGCTTATGGCGTCAATGAATTCCTGATGCCTGGCGACCTCTCCAATATCAACGACCACGATGTGGACAAGCCCGCCGAGACGATCTATATCGCGGACTCCGCGACGGGATATCAGGATAAAATCTACCGCAACAATATCCTCTACCCGCACGAGCCCATGGTCCACGCCCGGCACGGCGGCGACACCGCCAACATTCTCTGGTTTGATGGACATGTGAAGTCCTCTAAGATCACAACGAGCCCGACGGATCATTACGAAACCGCCGCATGGTACGCGGCGAACCATCTCGGCAGCCTCAATCCCTCGTCGTCCGTCAGCACGGACCGGGATTACTACTACAAACTGCAAAAGGGCGGTTAGCAAATCGGACAATAGCCTCCGATGCTCGGCGACGCGCATATCTTCTCACGGAGCCTGTCCGGGACAATGATCTTGTCCCGGACATGAGAAACCCGCTTGAGCGCCGCCGGCGCCTTTCTTCCACGCCGCTTCAAAGGATCTGTACGTATGAGTATCCCACCATCTCGCCGGACGCTGCGCGCCGCCGGCGTTCTCGCGACGTTCTCCGCGCTGTGCGCCGCGCTTCCCGCGCAGGCCGCTCCCGTTTCCCCGATCGCTCAGGCGAAGACGGTCCATATGACGGGAACGTTCTCGATGGGAGGGCAGGACGGCAAGCGGATTCCGGTCTACCAGATTAAGGCGGATATCGCCAGGCCGGCCTCATTTCATGTCGTGATGACGCCCGCGTCCCGAAAGGGAGAAAGTCCGTCGGCGCTGATTAGCGACGGCAAGGTCGCGCATGAGGTCAACGGCTTCCAGCACACGTATCAAACGATCGACGTTCCGAAAATGGGCGCCGAGCCGCCGGCGTCGGAGATCAGTCATCTGTCCGGACTCGATGTGATCTGGACACTGGGAGCCGGCCCGGCGTCGCCCAATATCCACCGCGCCGTCCGCGCCGAAACGCTCGACGGGCGCGCGATGACGCTGCGGACCGACACCTACCCGGCGCGTTCGTTTGGAGGACATCCTCCGATCACGGAGATCCGCAAGCTCTGGAGCGACGCCAAGACCGGGCTCCCGTATCGCAGCGCCACCTATGTCGTTCAGGACGGCAAGACCCATCAGGAAGACCAGATGGACTTCCACGCGTGGACGGTCGGTAAACCCATCGCCGCCGCGCGGTTCGCCTGGGCGCCGCCTGCGGACGCCAAGGAATACATCGCGCCGAAACTGCTCGCCGTGGGAACGCCCG
NZ_AP025739.1_gap17	760401	764100	3699	GGTCACGGGCATCCCGACACAGTACATCATCGGCAAGGACGGCAATATCGCCGCCACCACCGAAGGATACGGCGACGGCGATCACCGGCTGGAAGAAGCTCTGGGTAAAATGGGCGTAAATGTGAAACCGGAAGCCAAGACCGCATCTTCCAAGTAGCGACGCCGGCGGGGTAACATAGGAACATTGGATTGCGTATTGATGTCTGACGATGGACGCGGACGCGACGTCTACTGAGAGGGAATTTATTTTATGATCCGACGATCTTTTGCCGCCGCCGCGCTGATCGCGACCGCCGCGGTCACGATGCCCGCTCAGGCGCAAATGCCGGGCGCGAATGTCGCCAAGGTGACGGCGGCCGCGAAGCCGTCCGCCGCATCGCATGGCCGCAAGGGCGTGCTGGCGATCACCATCGCCGTTTCTCCCGGCTTCCATGTGAACGCGAACAAGCCCAACGACCCGGACCTGATCCCGACCGTCTTCACGGCGCAGAGCACGCCCGGCGTCACCTTCGGCGCGCCGAAGTACCCGGCGGCGAAGTCCATCACCGTCACTTATGAGAAGAAGCCGATGCTGGTGTACCAGGGCAGCGCCGTAATCCTGGTTCCCTACACGGTTTCCAAGCCCGGCAAGGTCGTCCTGAAGGGCTCGCTCGGGTTCCAGGGCTGCAACGCATCCAGCTGCTTCCCGCCGGACAGCGCGCCCGTGACCGCAACGGTAACCGTAAAATGAGACGCACGATCCCAGCCTCGATCCTGGCTCTGCTGTCGCTCGCCGGCGTGACGCTCGCGCCCGGCGCGCGCGCCGCCACGCCGACGCCGATCCACTTCACCGCCACCGTCAGCCCCGCGCCGGTCCACGCCGGCGAAGTGGCGACGGTGACCGTCAAAGCCGCCGTGGATCCAGGCTGGCACGTGTACTCCGTGGTCCCGGCCGCCGATGGCCCGGCGGTCACGGATATTCTTTCTCTGACCGGAACGGCAAGCGCCGGGCCGACCACCGAAGACGCCGTGATCCGCAAGTTCGACGCGAACTTCGGACGCGAGGTCGGATTCCATGAGAACACGGCGACTTTTCAGCGCCAATTTCGCGTCGGCGCCGCGCCCATCGCCGCGCCCTCCGTCACGCTGCATTACCAAACGTGCAATGATAAAGTGTGCCTCCCGCCCACCGATGTCACCCTGCCCGTCGCGCTGACGGTCGCCGCCGGCCCGGTGCGGCCGGAGTACGCGCAGGCGAAGGTCATCGCCGCGCCGCCCGCCGCCCCTGCGGCGATGGCGAGAGCCAAGACTGCGAACACGGGCCTGGGCCTGTTCCTGCTGGCCGCGCTTGGAGCAGGCCTGCTCGCGCTAATCACTCCCTGCGTCTTCCCGCTGATCCCCATCACCTTGACTAACTTCGTCAAGCAGGCGGATGGCGACAAGGGACGATTGGTCCGCCTGTCGGCCGGGTACGCCCTCGGAATCGTGGCGCTGTATGTCGCCCTGGGCGCGATCGTGACAGCCACGGTCGGCGCGACGGGCATCAACAAGATTGCGGCAAATCCGTGGGTCAACCTCGGGATCTTCGTCGTCTTCGTCGTGTTCGCCCTATCGTTCTTCGAGACGATCCAGTTGACGCTGCCCGCGAACCTGGGCGCCTTGCAGACCACCGCGCGCAAACATGGCGGCATTACGGGTCTGGCTCTGCTGGGAATCACCTTCGTGCTGGCGTCGTTCACCTGCACCGCGCCGTTTTTGGGAACGCTCTTAGTCGCGGCGGCGGGCGGCGAACGCTTCCGCCCACTGCTCGGCATGCTGGTCTTCGCCCTCGCCTTTGTCTCGCCCTTCTTAGTCTTCGCCGCCTTCCCGCAGTGGATCGGCAAGATCCCTAAGAGCGGCGTGTGGCTGGCGCGCGTCAAGGCGACTCTGGGATTTGTGGAGCTGGCCGCCGCGCTTAAGTTTCTCTCGAACGCCGATCAGGTCTGGCAGTGGAAGCTGCTGACCGAACCCGTTCTGCTCGCCGCCTGGTCCTTGATCTTCGTCAGCGCCGCACTTTATCTCTGGGGGACGCTGCGCTTCGGCATCGTCGCGGAGACCGAGCCGCACGGCGCGAAGGTCCCGGTCGCGCGCGGCGCCTTCGCCCTGCTCTTTTTAGTGCTGGCCGGATATTGCTTCCGGGGTCTCGCGGGCAGGCCGGTCGCTCTCTTCAGCGCCTTCCTGCCGCCGTCGGGCTACGGCCTGGCGTCCGGCGGAGCTTCGGAAGACGGCCTGACCTGGCTCACGGACTATAACGTCGCGCTCGCCCAGGCGAAGGCCGAGGGCAAGCCGCTCTTTATCGACTTCACCGGCGTCACCTGCACCAACTGCCGCTGGAACGAAAAGAACGTCTTCCCGCGCGAGGATGTCCGCAGAGAGCTTGGCAACTATGTCCGCGTTCAGCTCTACACCGACCGTCCCGGCGACGCCGCCAATCAAAAGCTCCAATTGACCAAGTTCGGCGATGTCGCGCTGCCGCTCTATGGAGTGGTCGATCCGCAGACCGGAAATGTCGTCGATAAGACCGCCGGCACGATTACCGACGCCGGCGCGTTCACGACGTTCCTGTCCCACTCCCGAACGGCGTCCTCCTCCACAGCCGCCGCTGCTCCGGCGACGGTCGCCGCGAACGCGCCGGCCTGGGCGCCCTACACGCCCGAAGCGGCGAGCGCCGCCGCGCAGGCGGGCAAGCCGACGATCGTGGACTTCACGGCTGCGTGGTGCGTCAACTGTAAGGAAATCGAGCACGATGTCTTCGAGCATCCGGAAGTCGCGCCTGTCCTTGGCCGCAGCTTCACCACCCTGCGCGCCGATCTGACAAAATGGAACGATCCCGCGAACGTCGCCCTGCAAAAGCAGTACGGCTTTGGGAGCCTCCCGACGATCGTCTTTCTCGACTCCAGCGGCAAGGAGATCAAGAACCTGCGCATCACCGGCCGTCTCAGCGTCGCCGAGTTCCAAAAGCGCATGCAGGCCGCCGCCCCGGCGGCCGTCGCGCGAGGATAACGCGAACCGCTCCGTGTCCAATATTGGGTCAATGGCGTCCCAAACCGAAATGCTCCCATCCGCAAGATGGGAGCAAACGCATTCCACACCCAAGAAAGCACACGCCCTTGAAGACCTCTTCCCACGCCCCCTGGATGACGGCGCTCGCGCTCGCGGCGAGCGTCAGCGTCTGTCCGGCGACGCTCGCGGCGGATAGCAATCCCCCAAAGCCCGACACGCCGCTCAGCGCGCTGATCGTCGGCGGCGGGCCGGATATCCCGCACAATCAAGTCGCCATCGAAAGCAATGTCGTGTACGTGCGCAGTCTCCTGCCGCCGAGCGCCGCCACGCGCATTCTGTTCGCCGACGGCAACACCAAAACCGAGGATGTGCTCTATGAAGGCAAAAAGCAGCGCGAGCTGACGCGCGCCACCGTGCTGCCCGCGATCGACGCCCCCTCCGTCTCGGCGAGCATCGACGGTGAGACAAAGCGATTGGCGCAGGCGACGAGCAAGCCGGCTTTGCTGTACTTCACCGGGCACGGCAGCCCGAACGAAACCGGAGACTTCGACAACAATCAATACGATCTCTGGGACAAGAACGAACTGACTGTTCGCGGCCTGGCGACCTCGCTGGATTCCGTGCCCAGCAGCACGCCCGTCACCCTCGTGATGGCGCAGTGCTTCTCCGGCAGCTTCG
NZ_AP025739.1_gap18	871837	874295	2458	AGCTGTAACGTTGCATCAAATCGCGCATGAGGGAAGAGATTCCAAAGCAATTTTCGGAGTGCGCCGGGAATCGGGAACGCGTTATACTCTGCTCAGAACAAAAAGATCGGAGATGGAAATGATGCAAAACGTTGCCGCGCCCGCCGGCGGGACCTTACAAGGCAAGATCGCGCTTATCACGGGCGGAAGCCGTGGAATTGGGCGCGCGATTGCGCTTCGGTACGCGCGGGAAGGAGCCGCAGTCGTCGTTCATTACAATCGCAATACAGAAGCCGCGCAATCACTTGAGCGAGAGATCACTGACAATGGAGGCCAGGCGTTTCTCGCTTCGGCGGATCTGGCGACCCTGCGCGGCGTCGAGACTCTCTTCGAGTCGCTGGACGCCGTCTTACGGAAGCATTGCGGGACGGATCAATTCGATATCCTGGTGAACAACGCCGCCATTGCTCCCCGCACAGCGCTGGAGGACACCACGGAAGCGATCTTCGACGAAGTCTTTGCCGTCAACGTCAAAGCGCCGTTCTTCATTGTCCAGCAAGCGCTGCCCAGACTGCGGGAGGGCGGCCGGATCATCAACGTCTCCTCGGTTGTCACGCGCATCGGCTACCCGGCCGAAGCCCCCTACTCCATGACCAAAGGAGCGCTCAACACCCTCACCCTGCTGCTCGCCAAACAGCTCGGCCCACGCGGCGTCACCGTCAACTCGCTGTCCCCCGGCGTCATCGACACCGACATGAATGCCCAAATGCTCAGCGCCCCCGCCGCGCGCCAGTACTGCGAAACCATCGCCGCCCTCGGCCGGATCGGAACCCCCGAAGACGTCGCCGACGCCGCCGCATTCCTCGCCTCCCCGGACAGCCGATGGGTGACAGGCCAATGCCTGGACGTCTCCGGGGGATCGTTTATCGGCTAAAAACGCATACCATAGCAGGCAATCGTAAAAATAGTCCTTGACTGCCTTGTCGTTTTCTGGCTAGAGAAGATTGAGAGAAGCGCCGATATAAGATAGCGGCTAAACGCATTTATACTGGAGGCTTCGCCGGCGATATCTCAGCGCAGTGCAGAGAACGGCGGCTCAAGGGTACCTTTATCATGAATCGGTTTCGGAAATTGACAACGGGTTCTAAGCTGATTGCCTGCTTTGGGCTTTGTCTGCTGCTGGCGTCGCTCGTCGGGGGTATGGCGCTCGTGCAGATGTCCAGCATGACCCAGGCGTCCGAGGGGATGCTGGGGGAAGTGGTCGCGGGGGAGAAGTGGCTGGGCGAGTTCCATGTGAACGCGCGCCGGCTGCGCACGCTAGAGATGGAGCATGCGCTGGCCCCGTCCGCGGATCAGCCGGGACTGGAAAACGATATGCTGGTCGCGGAAGCGGAGGCGGCGGAAGGTCTGCGGGAGTACGGGCGCACGGCCATGGACTCTTACGATGTCGATAACCTGAGACGACTGCAAGCCGATTGGAGCCGCTACCTCGCGATGCACGAAGCGGTGCTCCCGATCAGCCGGCGGCAAAATAAGGACCTGACTTACGCGGAGCTCAGCGGGGCGATGCGCGTTCAGTTTTTGAAGACGCGAGACTTGACGGACCGGATGGCGGATTGGAACTATCGCCACGGCGTCTGGTACGGCGTCCGCACACGACAGCTTTATCTTCACAGCAAGACCTGGGTGATCTGCCTGCTGATCGCCATGCTCGCCGCCGGGGGGACGATCGGCTTCTTCACCACCCGCTACCTGACCGGCGTCATGCGCGATATGGAGAACGAAGTCGCCGAGCGGCGTCAGGCGCAGACGGCGCTTCAGGCGCGTGAGCAGCGGTTCCGGGCGCTCATCACCAATTCGCTCGATGTCTTCGCCATTTTAAACGGCGAAGGCAAGGTGAGCTACATCAGCTCGGCGGTTGTCTCCATCTGGGGCGTGCCCGAGGAAAAGGTGCTTGGCACACAAGGACGAGATTGGATTCATCCCGACGATCAGGCGCGGTCTCAAGCCCTGCTGGCGCAGGCGCTGGAGACCCCGGGGCGCAACGTCACGACGGAACTGCGCATCCTGCACGGCGACGGGTCATGGCGCAGCTCGGAAGTCATTGTGAACAACCAGCTTGGCGACCCCGCCGTCGCCGGAATCGCGCTCACGTACCGGGATATCACGGAGCGCAACGCATTTGAAGAGCAGCTCAAGCATCAGGCGTTCCACGATGTATTGACGGGACTGCCAAACCGGGCGCTGCTCATGGACCGATTGGACCGAGCCCTCGCGCGCTCCCGTCGCCAGGGAATGGATGTCGCCGTCCTTTTCATCGATCTGGATAACTTCAAAGTCGTCAACGACAGTCTGGGCCACGAGGCGGGAGACAACCTTCTGACGATTGTGGCGCAGCGCCTGCTCTCCAAAGTCCGCCAGCAGGACACCGTGGCGCGCTTCGGCGGCGATGAGTTCGCGATCCTTCTGGAGGACGCGG
NZ_AP025739.1_gap19	1011126	1014170	3044	GCGCGATGAATATGGACACATTCCCCCGCCTCCGGAAAATCTGAGCGCGGCGGAGATCGCATCGGATCCCCTCTCTTATGGAGCGACTGAAAAGCGCATTCGCATCACCTGCGGGCCAGGCGGCGCCGTCCAATTTCATCTCCATGTCATCGTTCCCGGCGGCCATTCGGAGCCGATGCCGGTCCTTCTCGTGGGAGATCGATGCTGGGGCGCGGCTCCGATCCCGCAGGAGATCGCGGCGCGCGGCTACGTGCTTGCGGAGTTCGATCGCACCGAGATCGCGCCCGACGCCCCGGGGCGCGACGTCGGCGTCTACCCTCTCTATCCCGATCATGATTGGGGCGCGATGGGCGCGTGGGCGTGGGGATACCATCGCGCCGTCGATTATCTCGTGACGCAGCCGTATGTGGATGCGTCTAGAATCGCCGTCACCGGCCATTCGCGCGGCGGCAAGGCGACGCTGCTCGCGGGAGCGCTGGACGAGCGGATCGCCCTCGCCGCCCCCAATAACTCCGGATGCGGCGGCGCGGCGCCGTACCGCGCCAAGAGCGCCGGCGCTGAAACTCTGGAGATCATCCTGCGCGTATTCCCCTACTGGTTCCAAGCACAGCTCCCCGCATTCATCGGCCGTGAAGACCAGCTCCCGTTCGACCAGCACTCACTGCTGGCGCTCGTCGCCCCGCGCGCCCTTCTTATCACCAACGCCCTCGGCGACCTCTGGGCGGATCCCGAAGGGACGCATCAAACATATCTTGCCGCCCGAGAGGTTTTTGAGTTTTTCGGCGCCGGCGGCCGGATCGCCAATCATTACCGGGAAGGCAAGCACGCGCACAACGCCGATGACTGGCGCGCGCTGCTGGACTTTGCCGATCATCAGTTCTTCGGCAAAGACGTTCCGACCAAATTCGACGGCGCGCCGTTCACGCCGACGCTTCCCAGGTTCTCCTGGCGCGCGCCGCGCCCCTAAAGCGCGCTTAACTTGGCGGGCCGCACAAAATTCAGCCGCCGAGCTTCGTTTGATGAAGCTCGGCGGCTGTTCTTATCTCCGCGACCTCGGTCGTTGTGAACGGAAATTAGCGGATGCTGTACGTAACGGCGTGCTTTCCGTTGTCGACGCCCTCCGCGTAGACCGTGCCGTAGACGCCCGGCGCGCCGGGGACCGAGCCGCCGCCAAGATCGGTGGATGTGACGGCGTTCCAGCCGGCGGAGACCGCAGCCGGCAGATACCATTTGCAGTGCCCGTCCGCCATCAGATAGTTGGCGCCTTCGTTATGGCGTCCGCCCTTGGCCGTATAGTATCCCCAATTGCCGGTTCCGACGCTTGTGGTTCCCTGGCCGTCGAGAACGCCGGTCGCCTGCAGCGGCGGGCCTCCCACAAAGTTATCCGCCCGGTAATCGCACCAGATCGGTCCGCCGCCGGCGCAGGGGTGGTACGGCAACCCATCGGTGGTCGCCGAGCCGACTTCCGACGCATTGGTGGGATCCGTCGTGTCATTCTGGCCTTCGGACAGCAGAATGGTCTTCGTGGACGACGTCATCGCGGCGGAGCTGGAGCCGCCCAGGCACAGGCTGTATGTATAGCTGATGTGCGACCCCTTCGTGGGATCGTCCGGGCACTGGTAGACGGCCGTGCTCTTGACATAGGTATAGATCTGACTCGCCCAGCCCTCGCCCGTATTGAGATTACTGGGGTCGGTTCCGCGCGTGCCGCTCGGATAAAACTCGTCGTTATCCTGAACGTACTGCATGAGCGCCAATCCCAGCTGCTTCTGGTTGCTGGCGCAGCTTGTCTGACGCGCCTTTTCCCGCACCTTGGCGAAGACCGGGAAGAGAATGGCCGCAAGCACCGCAATGATCGCGATGACTACGAGTAGTTCAATAAGGGTAAAACCTTGTTTTTTCATGGAAACCTTCCGCCGAGCGCGAATTTCTCGGCGCGCTCCGGCTAAAAATACAACTATGAAAGATTCTCGGAGCGAACGCCGCCTTTCATTACCTGGTAAACGACGCCGTCCCGAGCGATCTCGTGCTAAAATAAGATATGTCTGAGTTAGGTCCGCAAACAATTTGGGTGACGCCGCACGCGCCGGCGCTGGTGCTGGCGCCCATGGACGGCCTCACCGACGCGCCGATGCGCGCGGTGCAAGGCGAAGCCGGCGCGTTCACCCACGCCGTCTCCGAATTTCTGCGCGTGAACGCCGATGTCCCGCCCAAAAAGGTCTTCCACCGGGATATCCCCGAGCTTCTGAACGGCGGGCGGACGCACACCGGCCTTCCCGTTCAGGTGCAGCTCCTCGGCGGCGATGCCGAGCGCATGGCGGAGGCGGCCGTGATCGGCTGCAAGGCGGGGGCGCGCGCCATCGACATCAACTTCGGCTGCCCCGCGCCGACCGTGAACCGTCACGACGGCGGCGCGACGCTGCTCAAATATCCCCAGCGCATCCGAGAGATCGTCGCCGCCATCCGCGCCGCGCTCCCACCCGAGATTCCCGTCTCCGCCAAGCTGCGCCTCGGCTGGGATACGATCGAATCGATCCACGAAAACGCCGCCATGGCCGCCGAAGGCGGCGCCGCCTGGATCACCATTCACGGCCGCACCAAGATCGAAGGCTACAAGCCGCCCGCCCACTGGGGCCCGATCGGCGAAGTCCGCGCCCGCCTCGGCATCCCCGTCGTCGCCAACGGCGACATCTGGTCCCTGGAAGCCTTCAAGCGCTGCCAGGACGAAACCGGCTGCGCGCACTTCATGCTCGGCCGAGGCGCCCTCGCCGACCCCACCCTCTCCTACCAGATCGCCGCCGAACTCGGCCTCGTCCCGCCCCGACCCGCCTACCTCAACGACGTCCCCTTGGACTGGATCGCCCAGCTCCAGCGCCTCGTCCACTGGACGGACCACTTCGAAGGCCCCAGCTCTCGCAAGATCCTCCCTCGGATGAAACAATGGCTCAACCTGGCGCGCCGGCACGGAGATTTCCAGGCGTTTGATGAGGTCAAGCGCGCCGAATCGGTAGAGGAGCTGTTTGCGATACTGCGCGCATACACAC
NZ_AP025739.1_gap20	1020079	1024275	4196	ATGAATTTGATGCTATTGGTGGGGAGCGTGAACAAAGTAACGATGTTGGTGAAATCAGACGTGTTCTCAATTCTTTCCTTCAATTCATTGAACGTGATCAATCAGACAGTCTAATCATCGCTGCAACAAATAATATCCGTCTGCTTGATCAGGCACTATTTCGAAGGTTTGACGATGTAATCCGATATGATGTGCCAACGGATTCAGAGGCAAAGCGCTTAATGGCAAATCGTCTAGGAATTTTCAAGAGCCAAAGTCTTTCATTTAGTAGCGCGATTAAGGACCAGTTACCACTAAGTCACGCTGAAATCTCACAAGCCTGCGACGATGCAATTAAAGAGGCAATCCTAAGCGGACGTGACAAGGTTACAACCACGCTCCTACGTGATATGTTATATGACCGACGCACTGCATACGAAACAGAACGTGAATGACCCTATGCCTTCTACCCCTCTAAAGCATATTTTTCTTAACGATAAGGTTCATAACCAAAAGTATAAACGCCCAGGTACAGGTGGTGGCGGAAACAGTAAAATCCTAGAGCGTAACCGCTTGCCTCACGCCGAACGATTGGCGACTGAGTTTGATGCCGCATGGACAGCCTCTGAAACGACAGTTGCCGAGCGATTATTCGTATCGGTGCCCGCTCGAGACGGTATATACCTTGAATTTTCTGGCTTAAAAGGCTACGATCTTATGATCAAGAGCCTTGAAGACCGAAGACAAGGCGTCCGGTTAATGTCAACGCGTTCAATAAATGACACTGTATATGCGACCGTATATGTTCCTCGATCACGGAGGGCATATTTTGCAAAAAAAATTCGCGACTATGGCAATAGCGAATCAAGGTTCGGACAGCCAAAGAACAAGGCATCGGTCGAGAGCATAGAGAGTATTCGAAAAGCTATAATTGCTTCCTTTTGGTTAGATAATATCACTCTATTGCCTAGTACCGAGCGTGTAAAATGTGAAGTGTGGTTGCATGTCGAAAATGAAGAAACTGAGAACAGATTCCGTGATACATGCAAGCAGCTTTCAATTCATTGTGAAAATGGGTCAATAAAATTTCCTGAGCGCAGTGTACTAATTGTGACAGCAAATTTATCAGATTTGCATCAGTTAATAGAAGCGGCCGATTTTATTGCAGAGTTGAGAAGAGCTAAAGACACTGCGAGGTACTTCTTAGAACTCGAAAACGCAGATCAAACAAATTGGTCACAAGAATTGCTTGGGCGATTGCGTACACCAAGAGAACCAAAAGTTGCAATCTCTTTGCTAGATACTGGTGTCAATAACGGTCATCCTTTACTTCAACCATTGTTGTCAGATTCTGATTGTCATACATTCAACACAAGTTGGGGTGTTACCGATCATCATGGACACGGTACACTAATGTGTGGCTTGGTTGGTTATGGCAATTTGCGGGCAGCGATGGAGAATAGTGAAGAAGTCTTTATCGATCACAAATTAGAATCCGTAAAAATCCTCCCCCCTAATGGAGAGAATGACCCTAAGCTATATGGACATATAGTTTCTCAGGCGATTAGCCTAGTAGAGATTACGTCTCCCAAATTGAAACATATTACGTGTATGGCTGTTACTGCTACAGATGATCGTGATCGTGGCAGACCATCATCATGGTCTGCGGCCATAGACGCAATCACTTCAGGTGCTGACGACAATCAAAAACGCCTATTTATAGTATCGGCAGGTAATGTTTCCGATCCAGATCATTGGCTTACATTTCCAGAGAGCAATAAGGAAAATTCGGTACATGATCCTGGGCAATCTTGGAATGCATTGACTATTGGCGCATACACCGAGATGATATCGATAACCGACCCGACATTTGACGGTTACGTAGCTATTGCTGCTGCCGGAGAGTTATCACCTTTTAGTTCAACATCTGCCACCTGGGACATGAAATGGCCTATAAAACCGGAAGTGCTCTTTGAGGGCGGCAATGCCGCAGCATCATTAGATGGTACTTCTGCAAGCGTATGCGACGATTTGTCAATGCTCTCCACATATAGGCAACATGCCCGCAGGCAATTCGATTCGATGCATATGACAAGTGCAGCAACTGGGCTCGCTGCAAATCTCGCGGCTCGTATTCAAGACGCTTATCCAGACGCTTGGCCAGAAACAGTGCGTGCATTAATGGTCCACTCAGCCGAATGGACCGAAGCAATGAAGCAACAGTTTCTATCAGATGAAACAAAAACTTCCTATAATAAATTATTGCGAATTTGCGGATACGGTGTTCCATTGGAAACTCGGGCGCTAGAGTGTGCAGGAAATTACCTTACTCTCATCACTCAAAACGAGTTACAACCATTCTCGCTGGGTAAAGACAATCGTCCATCGACTAATGAAATGGACCTTCACGAATTACCATGGCCTAAAGATGAATTGTTGAAAATGGGTGACGTTCAAGTTACTTTAAAAATAACTTTATCGTATTTTGTAGAGCCTGGGCCAGGTGAAAGAGGTTGGAAAGATAGATATCGTTATGCTTCACATGGTTTGAGATTCGATGTGAATATGCCCGGAGAAACTAATAATGAATTTGTTGGGAGAATGAATGCTGCCGCGCGGGACGACAACGAAACATATGAATTTGGCAGTACATCGGGTAGATGGTTACTTGGTACGAATGCTCGCGATGTCGGTTCTGTACATTCGGATAGCATCCATGGAACGGCGGCAGACATAGCGACTTGCAACTTTGTTGGTATTTATCCAGTGGGCGGTTGGTGGCGAGAACGCAGTTATCTGAATAAATACGCGAATCGGACCAGATACTCACTAATTGTTTCTATTAGCACTCCAGCTGTCGAAGTAGATTTATATACACCAGTTTTGCATCAAGTTTCAGTTGCAAGTCAAGTTCAGCAAGTTGAAACCACGGTGCCTGGAATATAACACTTGCCGATGACATTCATCATGATACACGAATGATGCCCTTCGCTATCTCCAGCGAAGAAATAAATTTCAATTAATGTTATCCTAGGAGGCTTAATTTAAATAAGATGGATCACGATAACTGCAAACGACTAAATCGCTAAGTTTCTCATGGAACTGTGCGCCCTCATCGCCTAATACGACTTATACCCAGAGACCACTCGAAGTATTTCCCTTTACTAGACTCCGTATTCCATGGCCATTCCTTAATAAAAAAAATCAATGAAGCAGTTCAAATGCGATCAGTGTGAATCCGAAGCGATGCACATCGTCGAACGCGACGAGATATGCCATGTCAAGGGCGACAAGATTATCGTGCATGAAGCGGTGCGCCTCTGTGACGCCTGCGGAAAGCGGGTCTTTGACCGTGTACTCGATAGTGCTATCTTTCAGGAGGCGTTCGAGATCTATCGAACGCTTCATGGTCGGCAACTTGAACCGGACTGTCACCTTTAAAGATATTGCCCGATGAAATAAAGGAAATCACTATGTCCATGACTTCTCTTTCCCGACGAAACTCGCTCGCCGCTCGCGCCACTGCGGCCGCGTTCGCCATCCTGATCCCAGTCACGGCCGCCGTCGCCGCGCCGCATATTACACACAAACCTATCCCGAAGGATGGGCTGATCGCTTACTGGCCGGGCGATGGAAACGCGCGCGATTTGGTTGGCGGGCACAATGCGAATCCGTCGGCGGGGATGCAGTATCAGCCGGGGAAGGCGGGGCAGTGTTTCGCGCTGGATGGGAAGTCGGCGTATGCGGGCGTGCCGTTTGCGCCGGTGTTTGATCTCGATCCGGCAGGGCAGTTTACGATCAGCGCTTGGGTGCGGCCGGAGGCGACGGGGAGTTATCAGGCGGTCTTCGTGAAGGCGGCCACGAAGGGCGCTTGGGATTATGGCGTGATTATCGACCGGCAGGGACGCTTTTATTCGGGGCGTGACGCCAACGATGTCGCGCAGTCGAAGACGGTGGTGATTCCGGGAACTTGGTATCACATCGCCGTCACCTACGACGCCGGCAGCTTTAAAACCTACGTGAACGGCGCGCTCGAAGCGGAAGCGTCCAATGTGCAGATTGGGAAATCGGCGTCGGGGCTGTGCATCGGACACAAAGGGGAAGTCTCGGTTCCGGGCGAGGATCCAGACTGGTTTCAAGGGAATATCGACGAACTGCGGTTTTACAACAAGGCGCTGGGCGCCGACGGGGTGAAGATGCTCTACGACGCCAATAAA
NZ_AP025739.1_gap21	1033325	1036065	2740	GGTTTTGGAGAAAACCCGCAATCTTCACCTGGTTCGCGACTGGATACTCGGCCTCTCCGACCCCTTCGACCGGGCGCGCGGCGTCGACGAGCCGGACAATTTGGGCCAGCTGCTTTATATGATTTCGCTGGTTTCGGACGCATCGCATCCGCTTGTTCCGGTCGTGCTCGATGAAGCGAAAAGATTTCGAGTCGGCGATCACATCAGCGGTCTCACGGATTCGGAGCCCCATCCCGTTTATCAGACCAAATGGCTCAAATTTGGTCTGCGGTCGCTGGGACTGCCGGACAATCACACGATCCCTCCCGTTTACGACAGTTATTCCAGCCTCATCTGGTGGGCGCACCAGGACGAGCATATCGACGGCCCCCGCTTCGACGAACAGACACGCCAGCGTCGTCCCTACCTTGCCTGGGCCGAGGACCATTTTTACGGAAACGCCCCCGTCGGTATGGACGCTCTGATGACGACAACCTATGGACACCAGGTACGGCGTGACGTTTATACCGATCGAAACCAATATATTGGACCGTCCCAGCTCACCTATGAGCAAGATTCTCCAACGGCGGCCTATGGCCGATTCGCGCATGTGAATAGTGACGACGCGAAAAACCGTATCTGCCGCCCGCACGCCTGGCACGCCGCTGAGATGTTCCTCCATCTGGCGGAACTGGGACCATTTCCAAATCTCGATAACTACAACGAATGGCCGTAAATGCGCGCGGAAAGCATTTCCCGTTCGACGGGCCGCAAATGAGCAAGAATAGTCAACTGTATCCCCTCTCCTCTCGGATACAATCTCTGCGTGGACGAAAACCGAGACGATAAACAAGCCGCTTATGAGCGGCGGCGGGCGGAAATGACGCGTCTTATGGAACGGCATCTCAACGCTGGATCTCCTTCGGGAGAACTGGCCGGTGAGGCGTGCGTGAGCCGATACCATTTTCAGCGCGTATTTCGCGATACGATGGGCGAAACGCCCGGCGACTTACAGCGACGACTGCGCTTGGAGCGCGCCGCCCACGATCTGCGCCAAACCCCGGCGCCGATCGCCGCCATTGCGTTTGACGCCGGCTATATGAGCCTGGAAGGGTTCTCACGCGCATTTCGACGCGCTTATGGAGAGCTTCCCAGCCAGTTTCGTAAGCGCCTCGGCGCCGACGTCGCCCTGCACGGCGCAAGCCTCGTTCACTACGACGCACAGACGCGCAAGCTGCGCACGATACAAAGCAAAGGAGAACATCCGATGGACCTCGTGGATCGTTTACTCGACAACGATTATCGCGCCAAGCGAGGACTGTTAACGTCCGCATTGGCTCTGACCGACGCCCAGCTCGACGCAACATTTTTCTGTCAAATCCAACAAGTCCCCTGGGCGGACCCAGACAAGAATCTGCGTGAAACGCTCAATCGAATGATCGACATGGGTTGGTGGGTCAGCGAACTCTTTAGCTCCATCGGCTGGGCATCCGCAGCGGATGAAGCGTCGCGTGAGAAAGCGCACACCATCACGGAAATGATCGCCCGCCTCGATCATTTCCACACCCTGTACTCACCGTTCGTCGAATACGTCAAAGAAAACAACCTCTGGGAAACAACATGGGTGGATAGCGCCTGCGAGCCTCCAGAAACGTTCACTTACGCCTCATTGATCGAGTCGGGACTGGAACGCGGAATATTCCGCCGCTGGATGGCCCGCCAGCAACTCGCACAAGTAGGCGTGCAGGACGGCTTGTGGTAAATGGGCCGCGCCGCATGAACGCCGGCGACTGGTTCATGCGGCGCGGCAAGCAGGTATACTGACGCGGTCATGCACCGTAAACACTCATGGTTGTGGATAGTTGCGCTTAGCCTTCTCCTCACCTCCTGCGCCCACGATCCCGACGCAGGCAAGCTACGCGTGACGGTGATCGATGTCGGCCAGGGCGACAGCATCTTGATCGAAACGCCGACGGGCCACGCGATGCTGATCGACGGCGGGGGCTCGAACCGGGACGATGAGGGCGATCCGCGCCATGTCGGTCTGCGCACGGTGGTCCCGTATCTGCGCTATCGCGGGATCGATCACCTGGACGCCATCGTGCTCACGCACCCGCATGCGGACCATGTCGGCGGTCTGCCGGATATCCTGCGTGAAGTCCACACGGACACCGTGCTTGACGGAACCACGCTCCCGTTCCCATCTCCCGCCTACGCCGCGTTTTTGACCGAGGTGCGCAATCGACATATCCCCTATCGCCGAGTCGTGCGCGGAACGCATCTGGACTTTGGCGACGGCGTGACCGCCGATGCGCTGAACCCGCCGACGGGGCTGCCTTATGGGACGGCGACCGACAATGCGACGATGAACAACTATTCGGCGGTCTTTCTGCTCTCCTACGGCAAAACCCATATGCTCTTGGACGGCGACGCACAACTCGAAGCTGAAGAAAATATGCTCGCCGCCTACCCCAACCTCCAGGCCGACGCGCTCAAGTGCGGCCACCACGGCGCCGCGAACGCCACATCCGACGCCTGGCTGGACCGCGTCCGCCCGCGCTACGCGGCGATCTCCTGCGGACTTCACAACCCTTTTCATCATCCGAACCCGGCGACGCTTGCGCGGCTGAAGGCGCATGGGGTTCAGGCTTACGTGACGGCGACGGACGGCGCGGTGATATTCGTGAGCGATGGGGCGCGGGTGACGGCCACGGGCGCAGTTAAGCGAAGCGAATAAGCTCACAGATAAGGCAGGTATAAT
NZ_AP025739.1_gap22	1037836	1041678	3842	CACCTGTTTAGCCTGAGCAACGACGACTTCCAAACTTTTAGCGATCTGTCCGCTTCAAGGAAGCTAATAGCCTATGGCTACGGAAACGGCATTCTCAGCGTCGCCAATATTCCTCGTAAGCGAGTACTGTTCGCAACCCCCTCTTCGCATGTGGAATCCTTCCCCGACGGCGGAGGCGTCTACGCGGATACTCTCTGCGGCCTGTGTTTCTCACCGGATGAGAAATTGCTCGCGACAGTCTCTATTCATAACGATGTTTCCGACTATCTCAGTCAACGATCGTCTTCCGATTCTATTCCCGGTCCCGATCTACAAATTGCATTGAGAGACCCACACACTGGCGCAGTCATCCGGAACTGGACATGGAAGCACTTTCGCGAACGTTGGACCGACACAGTGGGAGGGAACACCACTCCAGTTACGATGACGTTTTCCCCAGACAGCCGAACGTTAGCAATCGCGAGTGAGACGCAGGTACGGCTATGGAACACTGCCACCGGAATATCCACACGTACCTTATACGACGGCAACGGGACTTTTAAGTGGACTCATCGGCTTGTCTTCTTTCCACATCGCCCACTCCTGGCAAGCTCCGGATGGAGCGGAAGGCTGCAAATCTGGAATACGCAATCAGGACGGTTGGTCCAAGTCTTTCAAGCGCAGCCAGAAAACTACTACGGCCTGGAAGTGGCGGTTTCGCCGGATGAGAAGCTGATTGCGAACAGCGGGCGTACGGAAAAAGGAACGGCGATGCTCCAGATTTGGGATGTGTCGAAACTATGAAACCCCTGCATTTTCTCAAGTTTTAAAATCGCATCCTTGATGGTAAGAATAGTCATGTAGCAAGCGTTATGCTAAGACAATTCAAACCATGGAAGGAAAGAAACAATGGATCGCAAGAAGAATTTCGGAGTGCTGGCCGCAACGGCGTTGATGGCGATTACGGCGCTGTCGCCGGCGGCGGTAATGGCGGACAGTCAGAAGAACAAGAATAACTGGCGCAACGGCGCGATCGGCGCGGCGGCTGTCGGCGTTTATGGCCTCACGCACCACAACAACACGCTGGGCGTGCTGGGCGCCGCCGGCGCGGCGTATTCGGCCAAGCGCTATGAGGACGAGCGGAAGAACCAGTCGAAGGCGTCCCAGAACCGCGCGCGTTACCATCGCCGCAGCTCGAGCAGCTCGTATGTCCGCGGCGACCGCAAGTACTACACGTATAATGGTCAGCGGTATTACAAGAATCTGAGCACGGGCGAGCGCGTCAAAGTCAACTAAGCGTCGCGGCGAATCATTTCGGACGTAAATAAAAGCTGGGCCTGCGGGAACTCCGTAGGCCCAGCTTTTGTTTTTGTGGTAAACGGGCATGTTCGCCCGGTTTAACACTGCAACGTCGCAGGGAATGACTCTCTGGCTCATTCGGACCACTGCCGCTCCAAGAAGCCACTTTCACACGAAGCAACAAACTATTTTCTGTGATTCAACTCACAATCTGGGACTTGGCACGGCATTTGCTATAAAGACAGTGTCAAAGTCGCCACCAAGAAAATAGCGCGGGTCTCGGCCCGCTTGTTGTATATCTCTTCTTTCGTGCAAGTCGTTTAAGGACAAGGTGATCACCAGTGGAAGCAAACGCAGCACTTTTCAACTACCCGGTCGCATCCATCGAGCGCCGCAAGGAGCTCCGCCGGCTGCGACGGCAAGTTGCATCAGACATCTCCATCAACGGATTTGCGCTCCTGCCCGAGAGCGTCCGGCTATTCGAAAACGCCATGACGTCCGAGCAGGAACTGAGCGAGATTCAGGCGGAAGTCGCCAAAATCACGCAAACCAGCGCTATCACAAGCTAATCGCGTCCACTCGTTTATTCCCTGGGAAAGCTCATTACAGGGAATGAATGAGGTGATGTTTTCTTCAAGTGGCCGCCCAGATCTCTGGGCGGCCACTTGTTTTTGTGTGTGCGCCTTCAAATTCCGCTCCGGTATTCGTACTCGCCTGCCGATAATATCATCGATTGTGTCTTCGTAATTTCCTACGGAGCGATGACGAATGGAGTGCGTTTCATGACTCGACATGAATACCTGGATAAAATACTCGCGAAGGTCACGGATGTGCCGACGCTGCCGGCAAGCGTCCTGCACGTCATGCAAATGATCGAGGATCCGTTGTGTTCGGCGGCCGATCTTGCCCGCGTGATCCAAAATGATCCCGGCATGGCCACCAAAGTCCTCAAGCTCGCCAACTCCCCGTTTTACGGGTTTCGGCAGAAGATCACCAGCATCCCGCAGGCGGTCACGCTCCTGGGCTTCGCGACGCTGAAGAACGCGCTGCTTTCGGCGGCGGTCTTCGATATGTTTCGGATTTCCGGCACCGGGTTCGACATGCCCGCGCTTTGGAAGCACTCCGTGGCGACCGCAACCGCCGCGAAGCTCTTCGCCAAGCGCGTGCGATACCCCAACTCGGAAAAGGCGTTCACCGCCGGCCTGCTGCACGATGTCGGCAAGGTCATGATCGCCCGCTACCTGCCCAGCAGCCTGCTGACGATCGTCCAAACCGTGCATGACAAGAATGTCTCGATCTACGACGCCGAGCAGCATACGATCGGTCTGGCGCACCCGTCGTTCGGCGCCTGGGTCATCTCGCGCTGGGGCCTGCCCACGCAGCTCGTGGAGGCGGTGGAGTACCACCACCACCCCACCCGCGCCAAGTACGCCTTCGATCTGGCGGGCATCGTCTATCTGGCGAACATCCTGACGCACCGCGCCAATATCGGCAACGGCGGCGACCTGATGATCCGCGAGGTCGACCCCAAGGTCCTGGAATACTTCAGCATGAACGAATCGACGCTCTATGATCTGCGCGACGCCCTGCACGCCAAGCGCCTGGAGATCGAAGCATTCGCCAGCATCGCGGCGTCGGTCTAAGAATCAGGAGCGACCACGACGTTGACCACTGCCGTCACTCAGGAATCGGTTTCGTATCGATTGGCGAAGAAGAGCGCCCTCTGGGTGTCGTTCACGCCATCCGGGCACGACGGCAGCCCGACATGGCAGATGGAGCTTTCCGCGCGCGGCCGGGGCGGGCGCGTGCTGGCGCTGCTGATCGACACGACCGCGATGCGGCCGCTCGCGTCGGTCACGCTCAAGGGCGAAACATACCCCTTGACGATCGGCTGGCACGAATCCCGGCGCGGCGGCGCGGTCGCCTTCGGCGGCGAGCGCAAGGTCGGCCTCGAAGGGGGAACGGTCTCCTGGGAAATGCTGTGGAAGCCGCAGGACGCCGATCATAACGGCTTTCTGGCAGAAATGCGCATTCGCGCCACGCCGAGGCGCGACGGCCAGCTCAGCCTGCATCTGCACACGCCGCTCTACAAACCCGAAGTCTGGTCGCTGCCGGCCGCCGCCGCGCGCGGACACTGCGCCGTCGTCGCCCGCTCGGCTTACAACAAATACGCCGCCAGCTTCGTCATGCTCAGCAGCGTGGACGATGACGGCGCGTGGGACGAAAACCGCAATAACTTCATGGCGACGATGTACTCGTTCCCCATGGGCGGCGGCAAGCCGATCAAGTTCGCGATGGACATCGCGGAGACGCCGTCGCCCCAGGAGGCGCGCCGCCTGCTCGCCAGCCACTACGCGCGCATCGCCGACACGCAGCTTCACCCCGTCGCGCCCCTTCAGCCGCTGGCGCCTCACCAGACTCTGGAGGCGCTGCTGGCGCCCGAAGCGCACGCCGTCATCGGAACCGAGCGCCTTTACCTTCGGCCGCCGGCGCCCGATCAGGATATCTTCTGCGCCGGCTTTCCCCATTATTCGTTAGAAGGGCTGCACGCGCTCTGGAATTGG
NZ_AP025739.1_gap23	1044742	1046821	2079	TCGCGCGGCGCCAGATCCTTGCGCTCCGGATCGTACTCGACCATGAACGCCGTTCCGTCCTTGCGCCTCAGGATTCCGCCCTCGCCGCGCACGGCCTCGGAGATCAAAAAGCTCTTGGCGTCGGGATGGAACAGCGATGTCGGATGGAACTGGATAAACTCCATGTTCGCGATCTCGGCGCCCGCGCGCCACGCCACGGCGACGCCGTCGCCGGTGGCGATCGGCGGATTGGTCGTAAACCGATAGACCTGGCCCGCGCCGCCCGTCGCCAGCAGCGTCGCCCGCGCGACATAGGGGCTGACCTCGCCCGTCGCTTCGTCCAATACGTAAGCGCCGCAGCAGCGTCCGTCCTGCACCACAAGATCGACAGCGTAATGATGCTCCAGCACCGTGATGTTGGAGTGCCGCCGCACGGCCTCCACCAACGTATGCTCGACTTCCTTGCCGGTCAGGTCCGCCGTATGGATGATGCGCCGCCGGGAGTGGCCGCCCTCGCGCCCGAGCGACAGATCGCCTTCGGGGGTGCGATTGAAGTCCGCGCCAAATGAAATCAGCTCGCGGATACTGTCCGGGCCTTCATTGACCAGAACGCGCACGGCCTCTTCGTTGCACAGCCCCGCGCCGGCGATGAGCGTGTCCTGCACGTGCAGCTCCATATCGTCATCCGGCCCCATGACGCCGGCGATGCCGCCCTGCGCCCAGTTGGTGTTGCTGTCCGTGCGTTCTTTTTTGGTGATGAGGGCCACGCTGCCGCTCTCGCAAACCCGCAGCGCGAAGCTCAGCCCCGCGCTCCCGCTCCCGATCACCAGATAATCGAATTGCTGCATCTGTGTACCACTCCCTCGCGGCGTCGCGTCGGTCACTTCCCGGCGAAAGACCGCCCCTCTCCATCCCTGGGCGGAAGACCGCCCGCGTTCGTCAGCGGAGCATCTTCGCCACCCGCGCTCCTAGTTCTTCGGCCATTCCCGGCGCGCCGCCCGCTTCCGCGCGGCGCATCAGTCCATCGTCCCCTACGAGCATGGCGCGCAGCATCAGTCCGCCGTCGATATGGCGCGCGTGCGCCCCGACCGGCGTTTGACAGCTGCCGCCGACCGCGCGCAGAAACCCGCGCTCCGCGCGCGTCGTCACAAACGACGCCATATCGTTCACCGCCGACAGCAGCCCGCGCACCTGCACGTCCGATTCCCGCGTTTGAAGCGCCAGCGCGCCCTGCCCCGGATCGGGGACAAACCACTCCGGGTCCAGATACTCCGTCACACGGTCGGCTAAACCCAGCCGCTTCAGGCCGGCGGCGGCAAGACAGATGGCGTCATATCCCCCATCCTCCAGCTTTTTCAACCGCGTATCGATATTCCCGCGTATCTCCAGGAACCTCAAATCGGGACGCCGCGACGAGAACAGCGCCCGCCGCCGGACGCTCCCCGTGCCGACCAGCGCGCCCTGCCGCAGCGAATCCAGCGTCGAACCGATCAGCGCATCACGCGGATCCTCCCGCTTCGGCACGGCGGCCAGCACCAATCCCGGCGGCATCGTATGCGCGAGATCCTTCATGCTATGGACGGCCAGATCGATCTCGCCGTCCAGCAGCGCCGTTTCCAGCTCCTTGGCGAAGATCCCCTTCTCGCCAAAGGACGCCAGCGGCACATTCGCCGCCTGCGTGGCGTCCCCGCGCGTGTTGATCGTGCGGATCTCGACCTCAAGCCCCAAATGCACCCGCCGCAAGGCGTCGGCGATGGTATTGGTTTGCGTCAGCGCCAGCGCGCTCCCGCGCGTACCGATGATGAGTTTTGGGTTGGGCATAATGGGTGAAGTGAGGAGATGGCCCTATTCCCTACTTCTTCCTCCTCTGAAACAAATCCGTCTTCACGTTCGCGACTCGATCCAAAAACAAAATCCCGTCCAGATGGTCGATCTCATGCTGCAAAACCACCGCTTCAAAGCCTTCAGACTCGATACGCACCGGCGCGCCGTTTGGGTCCAGCGCCTCGACGGTGATGCGCTCCCAGCGGCGAATATTCGCGGTGTAGTCGGGAAGGCTCAGGCAGCCTTCCCGGCCGATCTGCTCGCCGGTGTGGGCGA
NZ_AP025739.1_gap24	1129890	1133371	3481	GATTGTGGAGTTCGCGGAAGTCACTCAGTTTCTTGATACCCCGGTGAAGCGCTATAGCAGCGGCATGTATGTGCGTCTCGCCTTCGCCGTCGCGGCGCATCTGGAGACCGAAATTCTCATCATCGACGAAGTCCTCGCCGTGGGCGATGTCGAGTTTCAGAAAAAATGTCTCGGAAAGGTCGGGGAGGTGGCGAAGGCGGGCCGCACCGTGCTATTCGTCAGCCATAATATGGCGCCCATCAACGCCATGTGCAACGTCGGTATCGTGCTGGACGGCGGGCGCATTGATATGATGGGCGACGTGACCGAATGCGTCAAGCGATATTTGATGAACGATCAGCAGACGCTTCAGGAAAAGGTCTTTACTCCTTCAGGAGGCGAGCTTTCTTTGGACCGCGCCGCCATCGGTCAGGATGGCCAAGACGATCAGTTGTGGACCTCTCGCCCAACCATCGTCGAAGTGGATATTACTTCCTCCTCCGACCTGCGGCCGGCCGATCTGATTTGCGGCTTCACGCTGCGCGACGCCTACGGAAACGACGCGTTCTCAACCTATTTCAACGACATGGCCGACTATGCTGGTAAAGAGAGCTTTCGCGGCAAGCATCGCCTGCGCTGCGAGATTCCCTCGCATTTCTTAAACGACGGAACGTACCGGATCGTCTTCAATATCGGCGTGGCGACGATCAAGCAATACACATCGGATGAGATACACTTTCTAGAGTTCACGATCGCGAATATCGACGGGCTCGGGACGCGTCTCGGCGGTCGTCCACTGCGCCCCGGAGCGGTTCTCCCCTTGTTCCCATGGGATGTGATGGAATAAGGGCGCGAGGAGCGAGCTTTGAAGATCTCCGTTTATATCCCTCTGTATAACGGAGGCGCATGGTGCCGAGAAGTTCCGTTACTTGATGGAGTCCACTACATCGCTTCCGACAACGGGTCCACGGATGAATCCGCAGAGATTTTAGAGGCGCGCGGCGTGACGGTCATCCGTCAGCCCGTGAGTTTAGGCCGTGTCGGCAACTGGCGTTTCTGCATCGCTCATTTTCAGGACAGCGGCGCGGATTGGATGAAGTGGATGTTCACGGGTGATAGGCTCCGTCCTGACGCGGCGGATATCCTTCGCCGCGCCGCCGCCCAGTTTCCGGACGCACGCCAAATTATCTCGGAATTTGATATTGTGGAAGGGGATAACCGAACCCGTCACTCCATGCTCCCAACGACGGCGCTTATCGAGCCGGCGCGGGCTATGCAGCTGGCGGCGCAGCTTGGGAATTGGTTTGGCTCCCCGATTGGATACGCGCTGCATCGCGAAGCGCGTGTTGAAGAGTGTGATTTTGGAAGCCTGCCCTATGTCGCGGACTATCAATTCGCGATGAATATCGCCGCCCGTCATCCAACACTTTATCTGGCGGAAAACATCGGCGATTTCGTCGTCGACGCGCGCCGATATTACAAAACGCAATCAGAGAGCCAGCAAACCGCCGTTCAAAACGCTTGGATGATGTGGCAATCCGCCGAGCGTTTCCATGAATTGACCGGGGATCGGACGGAATATGAGCGCCTGGCGCGAAGAATTGAAACCGAAGTCGCCGGCGAGATCTTTGATCGCATGATGCGCTCGCCCGTTGCCGGCGATTATCTGGATCGGACGAGCTACCGAGCAATCGCCTCGCTGTTCGTCAAAAAGCTTCGCCGTCGGCGGCGAAAGTAAAACTTATGCGAGTTGCAATACAAAATCCGAATCTGGCGCTCGATCAATCCCGAAATTTCAACGGCTACGATTTCGAGTTTCTACGCCAATTCAAACCGATCATCTATGTTCCTGATCTCCGTGGCGTTCCGCGCCGTTACAAAGCGCTGCTTCAGCTGGGCTGGAAACCTCAGGAAATCCGTTTCGCGGTCGGACCTCGGCAATTAAACCATATGGCCGATGTACTCGTATGCTTTGCGGGAACACCTTACGACCTTCGAAACAAGCCGCCACGCGACTTTCACGGTCTCAAAGTCTTTCACGTCATGGACTATGTCTTTCGGGCGGAGGAAAGCCATCAGATACTCGCCGACTCTGGCGTTCAGTATGTCATGGGCTACACGGACCATGGCAAATACTGTCCATTCTTTCAAAAGTATTACCCCTCATTTTGCGGCAAAGTTATCTCCGTGCCGTTCGGATACGGCGCCCGATTTGAAAACAAGCTTCCATATGCCGACCGTACGCCCAAAGTTATCGCTCTCGGCTCTGTCAATCCTGTGGACGACCCGGCCGTGCCGGACCGAGCGATGCTAAAGGAATATATCGATTTTTATGCGAACGTGCGCTGGACACATCAATGGCGCCGTATCCTCGCGGAAAACGAAGAGAATCTCGCGAACATTATGGATTCTCAACTTCCGCATTTTCCAGAAACCAAAAACCCGGATTATGACGCCGTCGCGATGATGAACCAGTATCGGATGTTCGCCAATGACGAAGGCCTGATGGAGTTTCCACCCGCGCGCACCTTTGAGGGTACGGCCGCCGGATGCGTCATGGTAAGCTCCGACCACGCAAGTTACGGCGATTACGGATTTCTGGACGGCGTCAACTGCGTTATGCACCGCCGCCACGACCTCTCTGACTTCCAGGAGAAGGTCCGGTACTATATCGACCATCCAGACAAGCTCGCCCAGATCAGTCAAAACAGCACAGAGATGGTCCGTACTCGTTATTCGCATCCGCAGATCGCGAGCGATCTGCACGAGCATCTTCGGGAGCTATGGGGCGCCTCCACGACGTCCTAGCCGCGAACACGCATATGACACGAATCACATGGCTGCTTCCTGTCCGCAACGGCATGCCCTATCTGCCGAAGACACTGGAATCAATCGCCAATCAAACTTACCATGATTGGCGCATCCTGGCCTGGGACAATGGTTCGACGGATGGGACTCTAGAGGAATTGCGGCGCTGGATCCCAGATCGTCTTCCCGGTAAAATCGTCTCTGACAGACCGCTTTCTTTAGGCGCATGTCTCGCGGCGATGGTGGACGAATGCGACACGGAGTTGTGCGCGCGCATTGATGCGGACGATATCAACTTCCCGGAGCGACTGGAGCGTCAGATCGCATTTCTGGACGCGCACCCCGATGTTTCGGTCGTGGGGTCAGGATACGAAAAAATCGATATGGCGGGAAGGATCCTGGAAGGACACCCGGCGCTTCCCAGCAGCCACCAGGACATTGTTGTGACCATGCTGGCGGAAAACGCGATCGCGCACCCCACGGTGCTGTTCCGGAGAAACGCCGTCATTGACGCAGGGAACTATGCAGATCTGAAACCGATCGAAGACTATGAACTTTGGAGCCGAATGGCTTGCAGGCGACTTCTGGCGAATCTGCCTGAGCCGCTCATCAAATATCGGGTGCATCGACAAAGCGTTACACAGCAGGCGATAAATTCCGGGCATCTCTCGAAGGAGATTTCCATACACTGCGC
NZ_AP025739.1_gap25	1140545	1145388	4843	GCGGTCGACGCGCGGATCCGCTGGCAAACAGGAGTGGCGAAGGCGGCGTCCGGCCCCAGCCTCGACGCCGCGTCCGTCATTCCCAAAGTCCAGCCGTCAGTCGAACGCCTGAGAGGTTTGGAATCCCGTTTCAGCATCGCCCAGGCGACTCTGGGGCCGGACAACCCAGACTATCGATACCTCCAGATCCAAGTCGAACTGGCGCGCAGGGAAGTGCGCTCCGAAGTTGAGCGGGAGCTCAACCAGACACAATCCGGTATCGCCCCGGAGGTGTCCACTCTTTACGCCACGCGGGCGGCCCTGCAAGCGCAGCACGATGGTCTCAATCGATCACTGACCCAGCTCAAAGATAAGGTCGTCGCGATCCCCGTCACAAAGATGCGGGAAGCGCACATGACGGCTGAGGTCGAGACGGGCGAGAAGCTTGTCGCGATGCTGGAGACCGAGGCGGAGCGGGCGCGTTTAGCCGAAGCCCGAGACAGCACCACATTCGAAGTCATCGATCCTCCCACGCCGCCGGACGAACCGTTTGCTCCTCGACGCGCATTCATCGCGGGGATCGCGGCGCTGGCGGGGTTCCTGCTGGGCCTCGCCTGGCTGGCGGCCAAATCCCTTGGCAAAGACGGGCTCATGGGCATGGACGCCAAGCACGATTCTCTGTGAAAGCGCCCACATGAGATTCCCTGTACAGCCATTCACATCGGGAGCCAGCTCCGGTCGAACGTACCTCCTCCTCGGCGTCCTTGCATGCGTCATCGGCGTACTGGCGCCCAGTTTGCAGCTAGTGTTTCTTATCTGCGGTCTGGCGATCGTCACAACAGCGATGCGCTTTACGGAAAAGCTGAGCATAGCGACATTTTGGGCGCTGCCTTACATGGCGGCGAACCTGCCGCTCAGCGCATTTACGCTCAAACTTCCCGAAGCAGTCGCTTACTTGTTTACCGCCGCCGTCCTGCTGAAAGCCGCCGTGCGCCGGGAAACCATCGTGACGCCGCCGGTGACGCCTCAGGTAATGCTCTATCTCGTGGCGTTATGTTTGTCGACGATTTTTGCCCCATTTGTTCCCGCCCCGTACCTGGGAGCAATCGAACCCTCGAACCGCAATTCGCCGGGCATTCGTCCGCTCAGCGTGATCATCTGGCTGGGAATATCCTGGGCAGTCGTCATTGCGCTCTATCACATGGTTCATGAGCGGCCACAACTGCTCCGGCAATGGCTGCGAGCGCACATTCTCGGCAGCGCGCTTGCCTGCCTCATCAGCATCTCGATGTACTTTATGGCGCTGGGCGGCGCCACCTTTATCAATATCGGCGGTCTCCAGGCTCGCAGCCTTGTTGTCGCCAGCGGCGTCTCCGATGGACTGTCCGTATTGCGTTTGGCGGGTGTGGCGTATGAACCGCTATTCCTCGCGTTTTATCTGCTGACCGTCATGCCGCTTACGGTCTTAACAGTGATCTATTCACCGGCATGGATGCCACGGAAGCTCGCCGCTCCGATCTTAGGAATACAAACCCTCACCATGCTGATGACGATGTCGTCGGGCGGGTGGGCAGGCCTATTTACCGCCCTAATCGTCATCTTTCCACTAATCCGAAAGTATCGAGTGGAGCGGCGCGTTAAGATCGGTTTTGGCCTCGCGATTCTGGTTACGACCCTCCTCGTTACCGTCCTGCTCGCCAGCAGTCAAGTTTACCTGGAGGGCGCGCAGGGGGCCGTGACCAAGATCATCAATGGGGGCGACAAGATTCGTGACCGCGAATGGGCGGTCGGAAAGCGCCTCTTTCAGGCATATCCCTTGCTTGGATGCGGTCCGGGATTGGCGAACTTTTTCTTCCCGAGATATCATGATTTGTATCAAGCGCAGCCGATTGACGGCGCGAACGAAGTCAATAACGTTCCGCTGAACGTTCTTGCGGAATCGGGCCTGGTGGGCTTCGCGGCCGTCGGATGGTGCACGATTGCCGGCCTCGGTACGCTTCTCTCGGCAATTTTGCGCTCACGATACATCAATGCTCCGACATTGATGGCCCTGACCGCGAGTTTAGTCGGCTGCGCCGTGCAGTACATGAGTATGAATCCGCTGTTCCTTATCTATTTTTCCGCTCTAGTGGGTCTTGCGCTCGCAGCAGTGCGAGCCAGCCGCCGGCCGGGCGCCGTCGATCCTCTGCTCGGCGAAGCGACAACAGGAGCGGCGGTTTCATGACGACCATCTCCGTCATCGTCGCCGTTTACAACGGCGCTGCGACATTGCAGCGATGTATCGATAGTTTTACGCGTCAAACCTATCCGAACAAGCAGCTAATCGTGATGGATGGTGGGTCCAGCGATGCGACGCTGCAGATCCTGACGGCGAACGCATCGCATCTCTTTTACTGGGAATCCGAGCGTGACCGCGGGATTTATCACGCCTGGAACAAGGGCGTCGCGCGGGCGACCGGCGACTGGATCTGTTTTCTCGGCTCCGATGATTACCTTTGGGCGGACGATGTCCTTGAAAAGATTGCGTCCCGGCTGGATCAGATTCCCATGGAGATCAAAGTAGCGTACGGTCAGGCGGCGATCGTAACGAAATCTGGAGGCGTTTTGCGGATGGAGGGTCAGCCCTGGGAAGAGGCGAAAAAGGCCTTTTGCCATACAATGACGATCCCCCATCCTGGCCTGATGCATCGGCGATCGTTCTTCGAGGAGCATGGGCTATTCGATGAATCCTTCCGGATCGTCGGCGACTACGATTTGCTTCTGCGTGAGCTCAAGACGGGCCGTGCGCAGTTCATGGACGGCGTCACCACGGTCGGCTTCCAGCATGGCGGCGTCAGCAATTCTCCCACGGCGATGCGCCCGATGCTGCGGGAGCTGGCGCGAGTCCGCAAAACCCATCACCTGCACGCCGCGCAGATTCGCCGCTTTTCCAGCGTCCGTCTCAAGATGAACGTTTGCAGCATTCTTGTCAGCATCGTCGGCGACAGAGGATTCCGCTGGATCGCCGATACGGGCCGGCGGCTGACGGGACGGCCCGCGATCTGGGGCGAGGACGCCCACGCCGAAGGCGGCAAATAACACCCCTATGAGATCCCATCTTCCCCTGCGGCGTCCCGTCCGAATCCTCCACGTCACAACCGGCCTGGAAAGCGGCGGAGCGGAAATGCTGCTTTATAAACTGGCGGCGAAGACCAATCGCGATCGCTTTGCCCCCTCGGTCGTTTCGCTGACATCCGAGGGGCCGATTCTGGGGGAAAAGATCCGAGCCGCCGGCGTCCCGGTCCAGGCCCTGGGGTATCCGCGCGGCGCGGCGCACCCAAAGCTGCTCTGGAGCATGATGCGCCAAATTCACGAATCTCGGCCCGACATTATCCAAACATGGCTCTATCATGCGGATCTATTGGGGGGATTGGCGGCCCGGCTCGTCACGCACGCTCCGGTCATCTGGGGCATCCACAATACCGAGCTGGATGCCGCTAAGGTAAAGCGGTCGACAATGGCGGTCATTCAAACGAATGGGCTCCTTTCGCATGTGCTTCCCACCGGCATTGTTTGCTGTTCGGGCGCGGCGCGAGACGCGCACGTCAAGCTGGGATACGCCGCCGAACGGATGCGGACGATTACCAACGGCGTCGACACAACGGAGTTCACTTACGTACCTGACGCGAGAGAAGCGATTCGCAAGGAATTGGGCCTCGCCGCCAATACTCCTCTTGTCGGCCTGGCGGCGCGCTTCGATCCGCAAAAGGATCACGAGACCTTTATCCGCGCCGCGGGATTACTGCATAAGATTCGGCCGGACGTTCATTTTGTGCTGTGCGGAGGCGATGTCACCGAGCAGAACACCACTCTCGCCGACTGGATTCAGCGGGAGCGGATTGCGCCGGTGACGCATTTGCTGGGGCTGCGGCGAGATATGCCGACCGTGACGTCCGCACTGGATGCGGCGACGATCTGCTCGGTGTACGGAGAATCCTTCGCGCTGGTGATCGGCGAGGCGATGGCGTGCGGCGTCCCTTCCGTCACGACGGACCTGGAAGGTCCGATGTCCGTCGTCGGCGACGCCGGGTGGGTCGTGCCCATTCAGGATCCTCGGGCGCTGAGCGACGCCTGGAAAGAAATGCTCGCCATTTCCGAGCCGAAGCGGCGAGAAATTGCGGCGTGCGGGCGCAGCCGCATCGTCGATAATTTTTCGATTGAGAAGATGGTCCGCTCCTACGAAGCGCTTTATGAGGAAATCGCGGACGGCGCCGGTCAGCGCCGTCCGCTGGAAGCCGTTACGTAAGCATGCGCCGCCGCGCCTGGACGAAGACCGCGACGCAGTGGGGATCCCACTGGGCGCCGGCGCCCTCTTCCAGAATCTGGAGGGCGCGTTCCTGGGACATCCCTTTGCGGTACGGACGATCGGTCGTCATGGCGCTGTAGGCGTCGGCGACCGCCATCAGACGCGCGACGAGAGGCGTCTCCTCGCCGCAGAGTCCAAACGGATACCCCTCCCCGTCCCAGCGTTCATGATGGTGGCGCGTGGCGTCGAGCGCTCCTTCGAAGCCCGGCACGGATCCGATCATCATGGCGCCCATCATGGGATGCTGTTTGACGGCCTGATATTCGTCGTCCGTCAGCTTTCCCGGCTTGCGCAGGATCGCGTCGGGAACGCCGATTTTGCCGACATCGTGCAGCAGCGCGGCCACCTGCACTTGATACTGCGCTCGCTCGTCGAGTCCAAGCTCCCGCGCGATTTGCAGGCTATAAGTCATGACGTCCTCGGAGTGACGCCTGGTGTATCGGTCTTTATTGTCCACGGCGGTCACAAGCGCGTCCAGCATCGTAAATCCGTCCACGGACCGCGCCAGACGGTCGCGCA
NZ_AP025739.1_gap26	1150555	1153098	2543	CGGCGTCTGTCCTAACCATCATCGAAGAAGGCGGGAAGAGCGAAATTCGCTCTTCCCGCCTTTTTATTGACTGAAGTTACGCAGAGGTGTGGCCGGCGCATCTCAGAAGATATTTACGACACGGCCCGCCAGCAGCACGATCACGGCCAGAGAAATGAGCGATTGGACCATCATCAGCACCTTCGCCCAGCGCGTCAGGACCAATGTGTCCGTGGGCGAAAAGGCGGTGCTGGTGTTGAACGCCAGGAATAAGTAATCGACAAATGTCGGCGCCCAGTCCTCTTCCCCGGCCAGCTTCCTCGCCTCCTCGCTCATCGTCATCTGCGGAAAAAGAAACGCGCCGTCCATATGGCCCAGTGTTTTCCCGCGCACGAAAGGGCCGCCCGCATCCAGCCGCCAGTACCATTGCGCGAAGACAAGGACATTGCTCGCCCATAGCGCGACCGCTGATCCCAGCAGCTGCTTCGGGTTTTCCGTATGCAGCGGCAGCGCGTGGACCAGCAGGGCCAGAGAAAACGTCATCGATACAGTGATGATTCCCAGGATCAAAAAACCAAGCCGGCGCTGTGCGTCATGATGTCCGGTCCACATGGCGATAAAGGTCGGGATCAACAGCAGGCAGACGATCTCCAGCAGCAAGCCGCGCGGTCCAAGCGTCAGGCTGCGCGGGAGCGCCATATACAAGCCGCCAACCGCCAGCAGCGTCACCAAAATCGGCCAATGCGGCTCCGGGGCGTCACCGCGTTTTCCATTCTCCTGAGAAGCGTTCTTCACACTCGTCATCACGCTTCCTCCTCACACAAAATTCCCGGAGAATCCGTCACGCCGATCCTCGCCCGCAGCGCAGCAGGCCGGACGGCGGAACCGCGAACGCATGGAGCCCGGCGGACAGCGCCCGGCGCTCCGCATGCACGAGCCTTCCCCGACAGTCAAAGATCTGAAGATCCCGCTCTCCCAAATCTTCCAACACCTCCAGCGCAATCCGGGCGGCGCGAGTTCCATTGACCGCGAAAATCGTCCGCTCGCCGGGCCGGCCCAGCGCGGCGAGTGCGCCTTCGCCATAGATGGCGGCCACGAGCTTGCTATCCGTCGAAGCAAGGACCAGGGGGTACATCTGCTCCGGATGCAGCGGCTCCAGCCGGCCGTCGAGAAGCGCGTCCCGGTGCGCGGTCCAGAAGCTCATCCAGAACCGCAGCATCTCCCGATGGTCGCTGGGGATACGGTCCAGCAGCACCGAGATCTGGGGAACGGAAAACAGCACATTCAAAAACTGAAGCGCGGCCGCTTCGACCGGCTCGCCCGCGTTCCACATCAGCATGTCGGCGTGCGCGGCCGTATCGCCGCAAAGCAGCCGGATATCCAGGGTCCGGATGCGATTGGCGGCGGCGTCATTGGGGCAGTCCCCAGCACGGAACAGATTGCCGTACTTGCGCATCAAGGGGCCGATATAGCTCTGCCGAAACTCAATCATGATGTCCGGCTTGATCGCGCGCAGCCGCGCCATCACATCCGTCAGCAGCCGGTCCGCCGCCTCCGACACGGAATCGTAATCTCTGCCGTCGCCAGTCCGCGCGGCCGCCTCCGCCGTATCTCCGATGGAATCGACGAAATCGAGCTTGAAGCCATCCAGGTCCCAGTCACGCAGCGCGCGCTCGTAGATCCCGATCAGATATTCCCGCGCTTCGGGGAAACGCGGGTCCAGAATGCCGGCGCCAAAATGGTCGCTGTCGGCGAGGAACTTGCCCTGAAACGTTTGGTAAGCCTCGCTATGGCGTCCGATAAAGGGCACGGAGTACCAGAGCAGGAACGCCATGCCCTCGTCGTGGACCGCCCGCACAAAGCCCTTCATATCTGAGATGCGCTCGGAGCGCCAATCCCCGCAGTACGCATACCCCCGGGTGGCGTCCCCCGTCTGCCATCCATCGTCGACAATCACCGCGTCGCAGCCCAGCGGCTTCGCCAGACGGCACTGCGCCAGCACGCTTTCCGGCGTGAGGGTTTGATGGAAGCTGTACCAGGTGGAGTACATCGGCCGGCGCGCCAGATCCGGAACGGCGCACGGCTCATATCCGGGCAGCGACGCCCACCACTCCGACACGCCGTACAGAGCATCGTAGTAGGGCGTTTCGCGCGTATCGAGCCGCAACGTCAGTTCATATCGCTCGATCGGCGGCGAGGGGTCGGTGAACAGCGCCACGGAGCATTGAAACTCCGCCGTTTCTTCATCCACCCCGGCGGCGCAGCGCAGTCCATGCAGCGCGTCCGAGGCGGCGAATGTCAGGCGATTGGCTCCCGACTGGCTGTACAAACACAGGACGGGCGCATTGGTGGTCGCCTTCGAAGGAAACCCCTTCCCCAGGTGGTAGGTAATTCCCCGGTTCCACCCCGAGGCCGTCGTCCACGACGCCTGGATGTCGATATTGGGATGGCGCCACGCCAACTTCACATTCGGCGGCGCCGCCGGTCGCCCGGCGGTCAGCGTGACGGTCACGGTCGAGAGCCCGGGTTCAAGGCGCTCCGTGGAAAGCTCCGCGCGAAATGCG
NZ_AP025739.1_gap27	1173998	1177483	3485	CCCCAAATTCGCCGTAGCGATTACCGTTCCCTGATAGCTATAGGTCAACGTGACGGCCACGGGCCAAGGCGGGTTTCCGGCGGTTCCCGTACCGACCGCGGAGATCCGTCCCAGCGTCACCGTCTCCTCATCAAGCGGCGGATTGATCGTTTTGATCGCGATCGTGGTCAAAGATCCCGAAGTGAAAACATCTTCCGGCTGACCGGATAGTTCTGTGTTGAGCTCCAAACAATATCTCCTTATCGAATCCTGTTCTATCTGATCCTGGCGTAATCGAACGTCTGCGGAATCCGTAAGTGCTGGATAGGCATATCTCGGTCGATCGAAGCGACATTTTCGGCAAGCGTGAGTAATTCCGGCTCGGTCATCGTCGTCCACGCAGCCGAATCGACAAGCCTCCTTTCTTCGTGAGTATCGCCCGTCAAAAGCGGCGTCAAAATTTGAAAGCGCGCATCCTCAGTGGAGTTCGACGGAAACCTTCCGATATTTTGCAGATGATCCGATAGGGCGGCGAGCCGCGCGGCCGATTCCGGACTGCCGGAGTGATGCGCCATCAGCGCCATATCACGCAGGGAATCGGGAAAATTGGAGCGGTCGTTCAGTTCCCGCCGAATCCGCCAATTCTCCTGAAACAGCTTGCGCGCCTCCTCGAATTCCTCGGAGACAATTAAGACATGGCCGTAATTGCGCAGGGCGTTGGCGAGCGCCAGACGGTTGCCGCTGCGCCAGAGCACCGGGATCGCCTCGGAAAGGCGCGCGCGAGCCCCTTCGTAGTCGCCCGAGCACTCCTCCACTCGCGCCAGATTACTCAAAGCCATCGCCCGCTCGACAGTATCGCCCAGCCGGGAATAGCGCTCAATGCTTTCCAGGAAGTAGTGCTTCGCTTCCTCAAGCCGTTCCTGCTCCGTGAGCACCAGGCCGAGATTGTTCAGCAGGCACGCCTGCTCCGATTCTTCCGGCATCGCGGCCAGCGCCCCGCGAAACATCGCTTCCGCCGACATCAGATCTCCATCCGCCCAGTCGAGCGCGCCGGCGGCGTTCTGCGCGACCCCGCGCCAATGCGGGTCGCCGGCTAGAGGCTCGTCAAGCAGTTCATGAAGGCGCCGCCGCCCCTCCTCCAGGAATCCCCGGATGAGCCAGAAGCGATGCAGCGACGAGGCGAAATACAAACGGCGATCCTGAGACGCCGGGTATTGCAGCGCCAAGCGCAGGTTTGCGCACTCCTCGTCGAAACACTGAAGCGCCGCTTCGGTCTCCGAACTCTCAACTTTCTGCCCGATCGCGTGGGCAAGATCGTAGTAAAATCGCCAGTGCCGCGTCCGAATCGTCTCCGCCTCATCCGACGCGGCCAAGAGCTCGGCGGCGTACTCGCGCACCGTCTCCAGCATCCGATAGCGCAGGCCGCTCGGCGCTTCTTCCGCCAGGACCAGGCTGAACTGGCGGAGACGCCAGATGTGCTCGAAGATTTCGGGATCGTCGCAGATCCGCCCGGCGGCGTCCAGCGTGAATCCGCCATGAAATACGGAGAGCCGCCGAAACGATCGCGCGAGATCCTCCGGCAGCAGGTGATGGCTCCACGCGATTGCCGCGCGCATGGTCTTGTGACGGTCCGGGGCGTCCCGCTTCCCGCCGGACAGCAGCGCGAACCGGTCGCTGAGCTGCTCCAGCATCTGCTTCGGGGTCAGCACGGAGCTACGGGCGGCCGCAAGCTCAATCGCAAGCGGGATTCCTTCCAGGCCGTGGCAAAGACTGAGCAGCGCGCCGGTATTGGCCGCCGTCATCTGAAAATCGGGCCGCACGATCCGGGCGCGGTCCACGAAGAACTGGATGGTCTCCGACCGCGCCGCTTCCTGAAACGACGCCGACGCGGGAGGCGCGGACAGCGGCGAGACGACAAATTCCTGCTCGAAGGACAGCCCAAGCAGACAGCGCGACGTGATCAGACAGGTCAGCCGAGGAGATCGCTCGATCATCTCCCGCACGGCGCCGGCGGCGCTATCGACGAGCTGGTCGAAGTTGTCCAGGATCAAAAGCGTCGGCTCTTCGGCGAAGGCCGCGGCGGCGGTGTCGGACAGCGAGGTCCCCAGCGGCGCCGAAACGCGCAGCGCGGTCAGAATGCCGCGCAGGAACGCTTCTTCCGTGTCCACTCCCGTCAGCGGGATAAAAAACGCGCGCCCTCGCCACCGATCTTCCAGGCGGCGCGCCGTCTCCAGCGCCAGTCGCGTCTTGCCGACGCCGCCCACGCCCGAGAGAGTCACCAGGCGCGCCGGAGCGTCGAGAAGAATTCGGGAAAGCTCCTCAATCTCGAGCACCCGGCCAAAAAATCGGTTGAACGACAGCGGCAGCGACGCCGGTTCGCCGCTCGGCGCGGCGATGGGCGGGAACGCCGCCGGCAGTCCGGGAGCCGCCGCCTGGAAGATGCGGACGATATCGCCGGCGAGCTGGTAGCGCCCCAGATCCCGGAAGCCGACTTCCAGAACGCAGTCCTGGCGCAGCAAAAGCGCCGTCGATTCGCCGCAAAGGATCTGCCCGGAGTGCGCCGACGCCAGCACGGCGTCCAGGCGCTCCTGAAAAGCCCGCCGGCGCGGCGCCGCGTCGTCCACATCCCCCGAGGGCAGATCGATCGTGTCCAGCGCCATCCGGACGCCGCCCATCTCCTCGGCATCCTGCCGCAATACGCGCTGCGCTTCCAGCGCCGCCGCAAGGGCGTCCGCCGCGCCGTCAAACGACCACCGCAGCGAAGACCTTTCGGGAGAAAGCGCGGAGCCGCCGTTGGCGCGCGCGCAGCGCTCGATCGTTTCAAGGCGCCGCGCGCGGCGCTCCCGCTCCTCCTCTTCGTCCACCGGGCGCGCCGGCGCGCCCACGTCTCCCACGGCCTCCGCCCATAGGAACGTATATGTCCCATGGGCGGCAGAGCCGGCCGGAGACACCGAGCCGGCGGCGATCGTCTCCGACTGCCTCTCAAACGCGTCAGCGCTCACCGGAGACGCGCCTTGCGAGGGAAGCGAGTCCCCCAGCCGCTCCAGCGACGGCGACGGCGAAGATCCCGCTCGCTGAAGGATCTCCGCCACCCGGCGATAATGGGCAAGCGCTTCCGGCAATCGGCCGGCCTGTTTTAAGATCTTCAGAAGTCCGAAATGGATATCCTCACGCAGCGGATCCATTGTGGATCCCAGATACGCGAGCTCCATGGCGGCCTCAATGTCGCCCCGGCGCGCGCGGTCCTGGATGAGCCAATCCAGCGTGTGGAAGTATTTTTCCTCTAAGTGACGCTGGTGGGGCTGGATCCAGTCATCGTAGAAGCCGCCCAGCAGCGGCCCCCGATAAAGGTTGAGCGCCGCGCGGAAAAGCACAGACTTTTCCACGTCGCTGGCGCACTTCTCGGCTTTGCCGAGCAGATGGACGAACTCCGCGACATCGGTCGTCACGGCGTCCGAGCTCATGCGCACGGTCGATCGATCGGCCACAATCACCGAACCGGCGGG
NZ_AP025739.1_gap28	1185014	1188802	3788	CGTCGCTGTCGTGAAGCTCCAGAGTGACGCCCTCCGGCATCGGCCACCGGCGTCCCTCACGCCGCCCGCCGCCCGCCGTCTCCTGCTCTTTCTTCAGCACCGGCTCGGAAAGACGCAGACGCTCCAGCAGCGCCATGGCTTCGTCCTGGCGCCGCAGCGCCTCTTCGACTTCCTCTAATTCCCCGTCATCGACGAGGTCTTCCGTCATATCCATCATGCGCGCGCTCCTTCCGGCAGTCTCCGCAAAAAATATACTCTCAGTACTATTCCACAGCGCGCCGCAAGGTTACAACACTGTTATTTTCACAGGGGGAACGCGCTTTCTTCTCCCATTTCATCCAAATGCACCACGCCGTCCTCCACCCAGTAATCCCAAGGCGTCTCCAGCGTACGCGACCACTGTTTCCCGCCCCGCAGATCCCACGCCGAAAGCCCCCGCTCCGCGCGCATCAACACGGCGTCGCCGCTCCTCGCCCAGGCCCACAGCGGCGACGGAAGTTCTTCCTCCCACAAACGCGCCGGCGCGCTCAAATCGTAGGCAAAGATGCGATGTCCCGCGCCCACAAATAGCGTCGATGTTTCGGGAATAAGCAAAGCCCCGGGCAGGACACTCAAACCCGTAGCGTGATAGCGCAAGGCGAGCGTCAGAAACGGCCAGCCTGCGCCCCGCCGCACGGCGAGAAAGGCGATAGGGCCATGGGGATCGTCCAGGCCAATCTCCTCGGCGAGACGCGCGCGCTTGGCGTACTTTTCGTACAAAGGAGGGGGGCCGTTTGGGAGGCAGAGAAGATCGTAGCCGTCAACGTGAATTTGGAACATGGGGGCCGCTTTCGATGATCGATTGCGGCCATTTTACCTGATGTTCGCGCATAGACTGAAGCCGCTATTCACGGCGGTCATATCCTGGGAGCCGGCGCTCGCAGCGAATATACGCTCAACATCCGTTTAATCCGGCGTGGCGGGATTGGCGACGGTGTCTTCCGTGAACCAGCCGATGGCGTTGGGGTTGTCGCTGGTGCGGTAGACGACGCCGGACGTGCTTTGGACAGGCGTAACGTTCGCCGGGTCGCTTGGATCGCCGCTGTAGCTGGGGACGGGCAGATGGGCGAATTTGACGTGACCATCCGCGAAGAGATAGTTGGAGCCGTTGGGGTGGCGCGTCCGAGCAATTACGTACGATGTGTTGACGTCTTTGTCATCGCCGGCGTTGCCCTGGCTGTTCAGCGGGTAGTTCCCCGTGTCGTTGCCGGTCGTAAACACCGTGCCGCCCGCGCCTTCCGCCACCAGGACGAGGCGCGACGGCGAGTCGATCGACGCCAGCGCGGACGGAGCCTGATCGATCCAAGGCTGCGGCGAAGTGTAAGCGACCGCAGGCATCAAATTGCGGTTGGCGACATAACTCCACGCGGGAAAGCCGCCCAATCCCGCCGCATGATAAATTTTCTCAAAGTCGGGGCAAACCCAAATGCTGAGTTTTGCGCCCGTCCGCGCCAAAGACCGTGTGTAGCTTGCCGCGACATAGGGATCGACCAGCTTATACCAGTGATCTTTGTCCGCATTGGTGTCGCCATAGTTCGCGAGCGGAAACGTCTCATCGTTATCCTGATTGTATTGCAAAATCGCGAGACCGATCTGCTTTTCATTCGAGGCGCAGGTCGTCTGCCGCGCCTTTTCCCGAGCCTGCGCAAAGACAGGAAACAAGATCGCTGCGAATATCGCTATAATCGCTATTACAACGAGCAACTCGATGAGCGTAAATCCCTTTCGGGTCTGCGGAAGCATGGTCATCCTCCTGGGGCGGTCAGATGCGCGCATTGCAAAAACAAAAAAGGCCAGGCGACATCAGTCGCGCTGGCCTCCAGGTGTCTGGTGAGCGTGCAAATACTAGTTTCTTTATCACAAAATAGTCTATATTATGCGCGATATTTCGCGCCGAGTCAAGAGAGGGCGACCACTTCCAAACAATTTTCTGGACTTCACGGGAATGGGTGGAGATGAATGAGAGGCGATGGCTTATCAACAAAATGAGGCCCAGGGAAATACCCATTCCCCGGGCCATCGGTTTTTCCGCCACTTCGGCAGGCCACCACGTTTAAGCGCGCGGTTCATTCATTAGATCGCCGTGTTTTACTGTTAAACTACCCTTGCATATGGAGCAAGGGAGGGGAGATGCGCCCCCATCCGACAGATACCGACCACGCGCATTTGATTTGGCCTGCGACGGAGAATACTCAGTCTGGAGTAATAATCTCAGCCTGGTGTGGAACGCTCGACGCCTCTACCATGTTGGGCTACCTCCGCGAACGCGGACGCTGGAGTGCAGCGCCCGACCTATTGGTGCGGAGGGCAGGGCTCGAACCTGCACTATTTTCGAACGCGCCGTAAAAAAGAGTCTTAGCCTTAGCTTTTACTCACAGAGAGATTGTACCCGGTGAAGTCAACGATCGGGATAAACACGAATAGAAAGTAAGTGTTAAGAGTTGATGAGAGGCATTATGTGGAGGCGTGTGCAACCGCCGGCTCCCAAAGTATTTGCTGACACTCACTCCACTCATCTTTGCCCTAGACATTCCAGATCCAAAACACGCTCATAAAAAGTTATTAGATCTCCTCACGCGGAGGCTTGTTTGCCGCCCTAAGCAGGGCATTGTCTTCGCGCGGTTGTCGGTTCTCTTGTCCGAGTCAGAACACTTATTCCTGTACAAACAGCGAATGCCAAAATTTACGGCGACTGTACGCTCAATCCCGTCTTTGCCATGGCGGCTATGACATCCACGGCGATTACGGTGAGAGCCCTGGCACAAAGACATGGCGGCGCTCGAAGGCGGGTGCTGAATCGCCTTGGCCGTCGGTGGGCGCGCTTCTTTCATATCTTCGCTTCTCGAAGAGCGTTTTGCTTAAAGGCCCCAAATCGCGAAAATGTGGCACATAATTATGGAAGCAGATGAACAAGGATTATAAAGAAGATAAGCGGCGCCCGGAGGGATCGATCAGAAAGCTCATTGATCGTTCCGTTAACGGGGACAGGACGAGTTATGACGAGCTCGTCCGGCGATTTCAGCATATGGCGATTGCGTACGGCTGCTCTATAATGAGTGATCGCGAGAGCGCCGAGGATGCAGCGCAAGAAGCGTTTGTGGAGGCATTCCTTCACCTCGACAAACTTCAGGATCCCGCTGCATTTCCCGGCTGGTTTCGAACGATCTTATTCCGGCAATGCCATCGCATTTTGCGGCGTAAGAAAGTCGAAACCGTTCCGCTGGAAGCATGCACCCTGGTTTTAGAAGTCCTTGGGCCGGCGCATGCGGTCGAACTTAATGAAACTCGTGCTGAAGTAAGAGCTGCAATTGCCAATCTTGCGGAACCTGAGCGACTGGTGGTGACTCTCTATTATCTCAGCGATTACTCAGTCGCGGAAATCGCATCTTTTCTCTCGCTTCCGACCAGTACCGTGAAGAAACGTCTTCAATCCGCGCGACGCAAGCTTAGGGAAAGGATCCTTCAATTGATGCCTGAAGTCATAAACCATGAAAAAGAGGAGAGGGACAGAGCGTTTGCTAGTCGTGTCGCTGATATGCTGAACGCCGCCTTATTGGGACAGGAGCAAATTGTGCATGATCTGCTCAATGCCGATCCCGCATATGCGAACGTAACTGGAGAATACGACACCACTCCCTTACATAATGTGGTTCAGTCGGGAAATGTGAAGATTGCCGAGGCGCTCATTGCGGCTGGCGCCGACGTCAACGCCAAGTATAACCGTACGGGCCATACGCCTCTCTCATGGG
NZ_AP025739.1_gap29	1194081	1194870	789	CCCGGCCATTCAGACGATGGACGCAGGGCTTCAATTCCTTGTTTATCCAAGCGACGCCGCTCCCGCCTCCAGCTTCACGCTTTATGAAGGAACGGAGGTCACATGTCAGGGAAACAGCGGAGCGCCGATCTTGACCCTGACCTCAAACACGCCGCGCCCTGTTGTATGGAAGATTCTGGGAGCGGCTCCGGCGAACGGCGTCACCCGCGACGGCGCAGCCCTGAACGAGCAGGCGCTCGCGGCGGCTTTTGACGCGGCGACGGAGGGCTGGCGGCACGACGCCGGATTCACCTTCGTCAAGTTCAACCATGCCGGCGGGTTCACCAGGATCGCCCTTTGACGGCGGGGAGCGCTCCGCGCTCCCCGTCTCGATTTTAGCTTTGCATTCAGGAGGATTGACGATGGCGAATCTTGGAAATGCCTGGCATATTCCTAATAATCCGGAACCGGAGGGAAGAGCGGGTATGCGGCTCCCGGTCGGCGCGATCATTCCCGAAGCCGCGCTGACCATTATCAGCGGCAACCAGTTTCAGGGACCGGGAAACAGCGGCAATCAACTGCAAATCGGCAGCAACCTATTTTTCAAGCGCACCGTCGATGCAAACTGGACCAATCAGCCGATGGTCTTCGATAGCGTCCATGGAAACAACAAATATTTTTCGGCGACGATCCCCATGGACACGCTCCAGCCCGGCGACCAGATCCAATATTATCTGCTCATCGCTTACAGCGACCACGATCCGACCTTCTTGTGCGCGAACGGCGCCGCCTCCGCCACGGTCGCCGTGG
NZ_AP025739.1_gap30	1206061	1207544	1483	TCGCTCATGCCGATCGCCGTTTCAGCAAGCGGATAAACATAGCCGTACGCTGCGCCAAAATGAATATCCTTCTTACGCACAGAGATTAGGCAATATTACTCCTCGCTGATGAGGTCGCTCCCCAAGATAATTGGCGTCCTCGACAGGATTTGAACCTGTGACCTCGACCTTCGCAGGGTCGCGTTCTCTCCGCTGAACTACGAGGACATATCAGAACATGGCGGAAGGCGTAGGATTCGAACCCAACTCCTCACGGAGCGCATTTCTTTCCAAGAAAGCCGCCGGACCCGCCGAGCGCTCACCTTCCGTGTCTTTCGTTTTTAAGTGCCCCCAGCAGGACTCGAACCTGCGAATGACGGTATGTAACACCGCTGCCATAGCCGCTAGGCGATGGGGGCGAATTTGGCGAGACCGATGGGACTCGAACCCAGACAGGCTGAGCCAAAATCAGCCATGCTGCCGTTACATCACAAAGGAACGTCGACAACGACTCTATTGAATTTTGATTGGCTCCCCCGCCAGGATTCGAACCTAGACACACTGATTAACAGTCAGTGATTGCTGCCATTACATCACGGAGGAACATGGGCGCGGTGGCGGGAATTGAACCCGCTATTCTCGGCTTATGAGGCCGGCGTCTCTCCGTTTGACTTCACCGCATCGTCGTTTTATGTGCCCTTAGCGGGATTCGAACCCGCACTGGTCGATGTTTAAGATCGATGCCTCTGCCGTTGGGCTACAAGGGCATGTTTTATGTCGGGTACTCCCGCCGGGGCTCGAACCCGGATCACACCCTTATAAGGAGTGCGCATTGACCGATTATGCAACGGGAGCGTAAGTGCCGCTGGAGGGAGTCGAACCCCCAACCTTCTCGTTCTAAGCGAGACGCCTCTACCAATTGGGCTACAGCGGCATAATTTCGGAGGCCCTCATCCCCGCCACCCGCAAGCGGGTACCCGGTTCTCCCAATTCAGGGAGAAGGGGCCGGGGGGTGAGGGCCTCCCCTCTTCTCACACATCCGAAGCGCGCCGTGTTTCACGGTAATCCCGGCTGCGCTCCATCACATAGGCTTCCGGAAGCGCCGTGCCGACGGAAATGACGGTCCAGCCGTTTTTGCTCTTGTCGGGCTCGGTGAGCGCGACGTTTTGGCCGATCACCGCGTGGCGCTGAGGGATCCAGGCGACCTGCGCGACGCTGCCGCGCTGGAGGCCGCATTGGACATAAAGTCGTTCATATCCAGACATTGTGGCGTTCCTTTCTTGTTGTGTTAAATCTCATCGCAATCTATAATCGCGCTATTGGTAGGCCATGCGGGAATCGAACCCGCGATCTTCTCCATGTCACGGAGACGCTTTGCCACTGAGCCAACGGCCTATGCTTTCTTACACCCCTCTCCCAATTTTGGGAGAGGGGCCGGGGGTGAGGGCCTCGGCCCTCAGTCCTTGTAAGGATCGAACTCGTTCTCGCCGGCCATCGCCACGCC
NZ_AP025739.1_gap31	1214049	1214689	640	TCTCTCGCGTGTGCGTAAAGACAATTGACTACTGTTTTCTAAGATATTTCGTCCATGAAACCACACCCATAATTCCCCGGTTATGAAACCCGGGTCTGGGAGGGCGTCGCCCTAACCGTCCGTGCCGGACGGAGGAGTTTGTGATCGACCACCGGCATTTGCGTCCGGCGCCGGGTACCCCCTGGGTGGTTAGCGGCTCTTGCCGCTCACAGACCCGGGTTTCATAACCGGGGAATTTACGGGCGTCTTTCAGGACAACGAAAATCCATCGAGAGCGGCTATAATAAGAAAGATCTCCATCCAAGAACCCAAAGGATCACCCTTATGAGCAACAACCCCCAACTCCCCCTCGCCGGCAAAGTCGCCATCGTCACGGGCGCGTCGCGCGGGATCGGCAGGGCCATCGCGGAGCGGCTCGCGGCGGACGGCGCGGCGGTGGTCGTCAACTATGCGCGCAATGAAGAGGCGGCGCGGGAAGTGGTCGCGGGAATCGCGGCGAAGGGCGGGACGGCGGCGGCGGCGAAGGCAAACATCAGTTTGGTTTCTGATGTACGAAAACTGTTTGCGGAGGCGAAAGAAAAGTTTGGACGGCTCGATATTCTGGTCAACAATGCGGGCGACGCGCTGTTTGGGCCGATCA
NZ_AP025739.1_gap32	1266502	1268998	2496	GGTTGGGATTGCCCTGCGTCCAGATGACGCCCCCCATGATCAGTCCCAGAACGACCATGATCGTCGCGCCGATCAGCCGCTGTCCCTTTTCGCCGGTCGGCAAGTCTTCATGCAGCAGCAGGGCCAGCGCCAGCGATCCGGCGATGCCGAAGGGGATGCCGATCATCAGGAAGATGGTGTTGTAGAAGAACTGCCAGAAGTAAGGATCGCGCGGCTGGTAGGCGCTGGTCATGGAGCCGGACAGCTCCCAGAGACCGAAGGCGCCGGCCGCGAGCACCGCGCCCGGGATCGCGCCCCGCCCGAACTCCCAGGGAGCGTCCTTGGCGGCCATGCTCCAGCCGCAGATCAGCGCGGCGACGCCGCCCAGGATCACGCCCTGGCCGGAATCCGCGCCGTGCAGGGCCGCGACGGCGCCCAGTCCCGCAAACCCCACTCCCGCCGCCGCAAGCACGACGCCGCCGAGGCGAATGCCGCGCCACTGCGCCATGTTCGCCCAGAGCGCGCCCACAAGGGCGGCGATCACCGCAAAGGCGCACACGAAGAAACCGGCGAGCACCGCCGGAGCCCCCGCGCCGACAGAGTTGACGGCCAGGAGGTCGGTGAAATTGCGCAGGCCCACATACTCGAACTTGACGGCGGGCTTGAGCGACCAGTTGGTGAAGGACATCCAGAGCGAGAAAATCACCGGGAAGAAGGTGAACGCCAGGAAACCAATCAAGTTGGGCAGCAAAAATGCGAGCGCCGCCAGGATCGCGGACCGCTCGCGCCGGCCGGTCCCGCCGCCGCGCGTGGTCGTCTTTTCCTTGGCCTTAGCCCTGGGCGCCAGCGGCGCCGAGTGTTTGTGTTCGACTTGTTGAAAATTCATACTGTGTTTTCCAGTCGCAGTTCCAACCGTTGGAATGCGTTTACTTGAACCGCCCCTTCGCGGCGCGGCAACCAAAATCGCGATGGTCTCATCAGCCAAACAAAACCAAAATAAACCAAAAACAGCAATAGTCGCAATAAGATTTTCGCAAATCCGAAATGATGGGTTTTGGCGTGCTTTGAGGATTTTTTTCGCGCGCTTTAACGCTCCACCTCAATAGTATTGCACAAGAAACCACGATTTTCCTTGTATTTTTTATGGTTTCATTCGGTTTTGAATGGGCTTAGGTATGCGCGTTTATTCCGGGGATTGGGCGCTGTCTTCGCGGAGACGCACCACGCAGCGCTCCCCCGCCAGCCTTTCGGTATGGCTGTCCACGGCAAGCCGCGTCTTTTCATTGTTGAGCTGCTCCCGGTACTGCGCCTTGAGCTCCCGGCGCTTGATCGCTTCTAAGTAGCGGCGAATCTCCTCGCGGCTTTCCAGCACCAGCCCGGGCGCTTCGCGGAGCCTGCCTTCGGAGTCTTTCGCCACCATGGTGAAGTAGGACGTATTGGTGTGCTTGCAGGCGCCCGTCACGACATTCTCGGCGATGACTTTGATTCCAACGACCATCGACGTCCGCCCAACATAGTTGACGGAGGCGTGCAGCGAGACCAGCTCGCCCACTTCGATCGGCTCCAGGAAATCGACCCCGTCCACCGAAACCGTGACACAGTACCCGCCGGCGTGCTTGGCGGCGCAGACGTAGGCGATCTTGTCCATGAGCGACAGTAAAATCCCGCCGTGGATCTTGCCGCCGAAGTTGGCGTAGCTGGGAATCATGAGCTCGGTCAGTGTGGACTGCGAGGCGCGGACGGTTTTATATTCGCTGGGGACCATAGGAGCCTATTATATCACGATTGAACTGACCGGACAATAGGATAATATGCGGCAATATTCAAAATGATCCTCCCAAACGCCGCCGATAAGCGCGCGGCCCCAGGCCCGTATGGCGTTTGAACCAGCGGGAAAAGTACAGCGGATCGAATCCGATCTCCTCGGCGACCGCGCCGACGGACACGGAGGAGCGGTCCAGCAGGCGCTTGGCGCGGTCGAGACGGCGCAGGTCGAGAAACTCCAGCGGGGGCGCGCCCATCTGTTCGCGGAAGAGATGCGCGAAGCGGGACGGCGACAGTCCGGCCACGCCGGCCAGGTCGCCCAGCGACAGTTTGTCGCTCAGACGGCTGAAGATGCAGTCTAAGGCCGCCTGGATGCGCGGGTCCAGCGCCGGCTGCTGGGTCAGCGGGTTCTGGGTGTCGCACAGCAGCAGCAGCATCTCCAGCGCCGTCATGGCGAACGCTTCGCGCCGCCGCAGGCGTCCCGACTCCAGCCGGTGCGCCTCCCAAAACTGCGCCGCGATCTTCTGGCGCATCACCGGCTCCGTCAGCGACAGAGACATCATCCCCGGCGCGAACTCCGGCCAGGAGAGCAGATCGTACCAGAAGGCGCGCGGCTGAAAGTGTGTCCAGAGGAACTCCCATCGGCCGGCGGCGACACAGCTATAGTCGTGCGGCGCTCCGGGCTTCAGGAGGATCAGCTCCCCGGCCTGCGCGATCCGCTCGCCGCCGGCAAACCCAAACCGGCCCCGGCCG
NZ_AP025739.1_gap33	1343105	1343913	808	ACGCGCTGAACAGCAGCGCGGCGACAAGCTGGCAGACGTTCTACATTCCGTCCAATGCGAGCGGCCTGACCATCCTGGGCGACGGCTCCAGCACGCTGCTTCTCTCCAACGGCGGCAACCGCGAGATTTTCTATTTAGATCATTGCGCCAATTGCAATTTTCAGAACTTCAATCTCGACCAGAAAGTCCCGAACCTGACACAGGGAACAATCACCGCCGTCAACACCAGCACTAACTCCGTCACCGTCAGCATCGACGCGGGATATCCGGCGCCAAACACCAGCTTTCTCATGGCGAGCAGCGGCTACACGCCCTCGCTTCTCGTGCTGACAGACCCCAAACGCAGCACTTACACCTGGTCGGAGACCCCGCAAATCAACAGCGTCGCCAGCGCGGGCAGCGGAAAATGGACCGTCAATCTGGGAAGCACGCCCAGCTCCAGCGACGTGAACAAGAAGTTCTTTATCTGGGGAAGCAATTCCGAGGGCTGGATGTTCAACATTCAGGGATGCAATAATGTCACGGTCCAGAACGTGAATGACTACTCCGCGCAGGGCTTTTATGTCAATCGGGCGACAGGGACGCTTAGCTTCACCAACTTTTATATCGGATCGCCTCCGGGGTCCAATCGGCTCGGGCTGAACTCGGGCATGCAGGGCGTCAGCCGCGCGGATCTGGTGATGACCGGCTGCTCCATCCTGCAAAGCAACGACGACGCCGTCAATCAGCTCACCGGAATCGATCATATTCTGGCGAAGCCGGCGCCGTCCACAGTTCAGGTCAGCGGCGGCGGCGATTACCAGCCGGG
NZ_AP025739.1_gap34	1346913	1350241	3328	GGCGGCTGCGAGGACCCGCGCATCGTGGAGACCGAAGACGGCGGCTATGTCCTGATGTATACCCAGTGGAACCGCAGCGTCGCCCGCCTCGCGTCGGCGACCTCGCGCGATCTGGTCCACTGGACAAAGCACGGCCCGGTGCTCGCCAAATCGAACGGCGGTAAGTTTCTGGGAGTCTACTGCAAGTCCGGAGCGGTGGTCACGCGGCGCAAAGGCGACCACTTGATCGCCGCGAAGATCGATGGCAAGTACTGGATGTACTTCGGCGAGGGCTCGGTCTACGCCGCGACCTCGACCAATCTGACCGACTGGGACCCGGTGCTGGACGAACGCGGCGCATGGAAGCCGCTCCTGCAAACCCGGGCCAACCATTTCGACAGCAGTCTCGCCGAATCCGGCCCGCCGGCGATCATCACCGATCGGGGAATCGTATTTCTCTACAATGGGAAAAACGGCGATCAAAACGGCGACAAGTCCATCCCCGCCGGCGCGTACTCCGGCGGTCAGGCGCTATTCGACGCCAAAGATCCAACCAAACTCATCGACCGCACCGACGGCTGGTTCATCACGCCCGAGCGCCCTTACGAAACCACCGGCCAGTACGCCGCCGGCACGGTCTTCATCGAAGGTCTGGTCCACTTCCAAAAGAAGTGGTTTTTATACTACGGCACAGCCGACTCGTTTGTCGCAGCGGCGGTCGCGAAGGAATGAGATGACCCTCGTTCCACAACTCGTTGTGGGTAGGATCTGGCTCTGCCCCGCATTGAAATACGGGGCTGGGGGCGCTTCGCGCCGACCGTCCGTGCCGGACGGAAGATCATGAAACGCTAGCGATCACCCTCTTCCGTCCGGCACGGACGGTCGGCGCGAAGCGCCTCCAGCCGGGTAATTTATTGCCCGGTACGCGAAAAGGCTACCCCCATAAGCTTATTGGGGCCCGGGCGCCACGCTCCCTATTTGGCTTCACTCTCAATCAGGAAACTCTTACCGATGCGCCCAAACACCCGAATCTCTCTCACCCTCGCCGCACTCGCCTGCGCGGCGCCCGGCGCTCACGCCGCCGATCTTCCGGCCTCCGTCGCCATTTCCGGCGGATGGAAACTGCAGACGGAGGCCAAAGTCGGCGCGGCCGGCGACTCAGTTTCTGGAGCACAGTATAAGACATCAGGATGGTATGACGCTGTTGTCCCCGGCACGGTGCTAACGACGCTGGTGCAGGCGGGCGTTTATCCCGAGCCGCTGTATGGCGAGAACAACCGGGCGATTCCCGAAAGCCTCAATAAGAGCAATTATTGGTATCGCACGACATTCACCGTCCCACGCGGCTATGCCGGCAAGGCCGTCTGGCTCCGGTTCGATGGGATCAACTACACTGCCAACGTCTGGATCAACGGACACAGCGCCGGCGAGATCCAAGGCGCGTTCACACGCGGCGTCTTTGACGTCACGCCCTATGTGAAGCCGGGCGCGACGAGCGTGCTGGCGGTGGAGGTGCATCCGCAGCCGCACCCCGGCGTTCCGCACGAGCATACGCAGGCGACCGGCACCGGCGGGAACGGCGGAATCACAGCCCTCGATGGACCCACGTTTCTCTGCACGATCGGCTGGGATTGGATGCCTGGGATCCGCGACCGCGATACGGGCATCTGGCGGGACGTCACCCTCAGCGCCACCGGTCCGGTCACCCTCACCGACACGGATGTCGTCTCCGACCTGCCCACGCCCAAGCTCGACGTCGCCGACTTAACCGTGCAGACAACGCTGCATAATACGACCGGACAAGCGCAGTCGGGAGAGCTGATCGGCGCGTTTGGCGGCGTCACGTTTCACAAGCCTATCACGCTGGCGGCGGCGGAGACCAAGCTTCTCACGCTGACGTCCGCCGATACGCCGCAGCTGCGCGTTCAAAACCCCAAACTCTGGTGGCCGAACGGGTATGGGCCGCAAAATCTCTACCATCTTCAGCTCAAGTTTGTGGCGAAGAACGATACCTCCGATGTGACCAACACCAACTTTGGCGTCCGCAAGATCACTTACGAAGTCCCCTCCTCCGAGAACCTGACGCTCTCGGTCAACAACGTCCCGATCATGGTGCGCGGCGGCGACTGGGGGATGGACGACGCGATGAAACGCGTCACCGCCAAACGGATCGACGCGCAGGTTCGGATGCACAAGCTCGCCAACCTGAACATGATCCGGAACTGGGTGGGACAGAGCACCAGTCAGTATCTCTACGACGCCTGCGACAAGTATGGGATTATGCTCTGGGACGAGTTCTTCCAGCCGAACCCCAGCGACGGCCCCAACCCGAGCGACGAAGCGCTGTATCTGGCGAACGTGCGCGAGAAGATCCTGCGCTTCCGCAGCCACCCGTCCATCGCCGTCTGGTGTGGGCGCAACGAAGGCCCGCCGCCGCCCGGAATCAACGCCGGGATCCAGGCGCTTATGACCGAGCTCGATCCCAAACGGCATTATCAGCCCAGCTCCACCGACGGCCGTGGCGTCCACTCCGGCGGCCCGTACTGCTATCAGGAGCCACGCAAGCTTTACAGCTTCAACGAGCCGTTCAAGACCGAAATCGGCGGCGTTTCCGTCCCCACCCTCGAAGGCGTCCGCTTGATGATGCCTGAGAAAGACTGGACCGAGATCAACGACGACTGGGCCGAGCACGACCTCTGCGCCGGCGCGCAGGGCGGCGACTGGTATCCCAAGACGCTCTCCGCGCGCTTCGGCAAAGCCGCCACGTTTGAAGACTTCGTACGCAAGGCGCAGCTCGCGAACTACGAGTACCATCGAGCGGTTTATGAAGGCCGCAACTCCAAGCTGTTCGCGCCGGCCTCCGGCGTCATTCTCTGGATGAGCCACCCCGCGCAGCCCAGCTTCGTCTGGCAGCTCTACAGCTACGACCTGGAGCCCAACGCCTCCCTGTTCGGCGCCCGCAAGGGCAACGAGATGGTCCATATCCAGATGAATCAGAGCGACTGGCGCTTGATTGCGGTCAATAACTCCGCGCGACCAATCGCCAATCTGACCGCCACGGCGACGGTGCTGAACCTCGACGGCTCGGTCCAATACACGCGCGACTTCCCCGTCTCAGCCCCCTCCGCCGCGACGAGCGATGTGGGCGCCATCGACTGGCCGGCGAACCTTTCCCCCGTCCACTTCGTCAAGCTCACGCTGCGCGACTCCCTGAAGCAGCTCGTCTCGGAGAACTTCTACTGGCGCGCCGATCCCGCGCATGAAGACGATTTCAGCGCGCTTGGCTCCCTGCCGACCGTCCCGCTCACGGCCAGCGCCGTCGCCCATGATTCGGGCGCAAACCGCCAGA
NZ_AP025739.1_gap35	1482253	1486503	4250	GCGCTTCCAATGCGCCTTGCGCTCTCGCGACTGCGCGAGGCGAATCTCTTCAGCGTTCAAATCAATTCTTCCTCTCCCGGCGTATCCCTCATATTACCCGATTGCGCCGCCGAGACTTTCGCGCGTCGATGCGTGTTCCATAGAATGGATTATCGGCAGTTTTGGCGTAATATGGGAGACAGGAGAAACGAAGATATGGCGGCAACGATTTTAATTACCGGCGCGAACGGCACGGTGGGCGGCGATCTTACGGCGGAACTCGCCAATCACGGCGTCAAGATTCGGGCGGGCGTCCGCTCCAAGCTGCGCGCTCGGAACATCGTGGCGTATGAGCCGGAGCTGGTGGAGATGGACCTGGCGCGTCCGGACACATTTCCCGATGCGCTCTACGGGATCGAGCAGCTCTTTCTGCTGACGCCGTTTACCGGCGGGACCACGGAGATTGTTCAGAACTTGGTGAACGCGGCGAAGGCGGCGGGCGTCTCGCACATCGTGCGCCTATCGGCGTACGGCGCGGACGCCGAGCCAGGAATCACACTGGGCCGATGGCATCGGGCCGAAGAAAAGATCATTCAGGAGAGTGGAATCCCGGTGACGATCCTGCGGCCCAATGGTTTTTTCCAGAACTTCGCGGAGATTGACGGCCGTTCGATCAAAACACAGAACGCGATCTACTCCCCGGTCACAGTCGGCAAGGCCAGCTTCGTGGATACCCGGGATATCGCCGCCGTCGCCGCGAAGGCGCTGACGGAGCCCGGTCATGAGGGAAAGATCTACGAGATCACCGGTCCCGAGGCGATTTCCTACACGGAGATCGCGGAGCAGCTGTCCACGGTGACGGGCCGGACCATCAGCTTCGTTCCGGTGCCCGAAGAAGCGGTGCGCGACGGCATGGTCGCCGCCGGCGCTCCTGAAGCTCTGGCCGACGCGCTGGTCGAACTGTTCCAGCTCTACGAAGCCGGCTACGCCGGCCGCGTGCTGCCGACGGTAGAAGAGATCACGGGCAAGCCCGCCCGAACATTCGCACAATACGCCGCCGATTACGCGGCGGCGTTTTCTTAGAGCGAGGGAGGCCATCACCCCCCTCCACCCGCAAGCGGGTACCCGGCTCTCTCAAAATTGGGAGAGGGTGGCCCGGAGGGCCGGGTGAGGGCCGCTCTCCTACGCCGCGCGGGACATGGTCAGTCGTGTGGGCGCTGCGGACGCATCGTCGATCACGAAGCGTTCGACGGCGTCTTCGAGGTCTTTGGCGATCGCTGAGAGCTCGGAGGAAGAGGACACCAGGCGCTCGATGGACTGGGTCTGCTGCTGCACGGCGTCGGCGACGACGCTGGCCTGCGAAGAGACTTCGCGGGCGGAGCCGCTCATTTCGCGGGCGGCCGCGCTGCTTTCCTCCACCACGGCGGCGACATCGTCGATGGCGCGGCTGACGCTGTCCGAAGTCGCGGTCATCCGGTCGGTCGCGTCGTAGATCCGGCGCACGCCCGAGGTGACCTCGTGGACAACTTCCTGAATCTGGCGCAGCGACTCGCCCGCCTCCTCGGCCAGCGAAGTTCCGCGCTCGACTTCACGGGCGCCTTCCTGCATCACCACCACCGCTTCGGCCGTGCGCTTCTGCACGCCGTCGATCAGCTTGCTGATATCGCGGGTGGCGCTGCTGGAGCGCTCGGCGAGCTTGCGGACTTCGTCGGCGACGACCGCGAAGCCGCGTCCCGCCTCGCCGGCCCGCGCCGCTTCAATGGCGGCGTTCAGGGCCAGCAGGTTCGTCTGGGACGCGATATCGTCGATGGTCGCCACGATGCCGCCGATCTCCTGCGAGGAGGCGCCCAGGGCTTCGATCACGGCCGCGCTCTGGCTGACGGTGTTGCGGATCGTATTCATGCCGGCCACGGTCTGAGAAACGGCGGCGGCGCCGCTGGTGGCCGCGTCGATCGCCTGTCCGGCGGCCTGAGACGTCGTCTGCGAATTGCGGGCGACATCATGGACCTGGACGGAGAGCTGCTTGACCAGATCCGCGCCGTTCGCCAGCGAGGACGCCTGCGCCATGCTCCCCTGCGCCACTTCGCTGGCGCCGGCCGCAGAGGTTTCGCTGGCGTGCGCCACTTCCTGGATGGAGACGCTGATCTCCCCGGAGGCGCCGCTGACCTGCTGCGCTTCCCGGTCCAGGGTCTGCGATGTGCGGGCGACCTGCGCCGAGGACTGCTGAAGCCGCCGGACCAGAGTGGAGAGCGAGAACTGGGACTGGTGGAAGGAATCGATGGTCGACTGGACCTGCGTCAGCATCTCGTTGAACGTCACCGCCATATGACCGAACTCGTCCCGGCTGCGCAGTTCGAGCGGCTTGGTTCCTTTTTCGATATGGACGGTCAGATCGCCATTCTCCATCGCCTGAACGGCCGCTCCGAGATTGACAAGGCCGTTCTGGTGGAGCTGCTTCATGCCGTCCGAGACCTGGGCGACGGTCCGGGTGATATACCGCGTGATGAGTACGCCGACGGCGATGCTCAGCGCCAGCGCCAGAATCCCCAGCAGCACAATTGACTTAACGCCATTCTCATAGGCAAGGCCGGACGCCTGCTTGTCGCGATCGCTTTGATCGTGGTCCGACGAGGCCAGACTGTCAAGATGCTCCCGCAATGAATTGAAGATGGTCAGCATGGGGCCATTCATCATCTGCATCGCTTCCGCGTCTTTGTTGGCGCGGCTCAAGACGACAACCTTATCGTGCATCGTCATATACTGCGCCCATTCCGACTGCACGGTGTCAAAATCACCGTGGTCTTTGTCGGCTTGAACCAGCTGCTGATAGGACGTAAGATGGTGTGAGGTCTCCTCCAGCTCCGACTGCATATCCGCTTCGATCGGCGCATCCTGATCGGCCCCTGTGACCGAGATATGCTGGTACTCGAACAGGCGCACCTGGCGGAAGTTATCGCCCATGCCTCCGATCAGCTCGGATTTCGAGATGTTGCTTTCCACGATGCCTTTGGTAATTTTGTTGAGCTGAGCTAATCGCGTGATGGAGACGGCGCTCAGAAGCAGGGTAAAAAACAGACATAGCCCAAAGCCGAGCAGGAGCTTGGAGGCTGTCTTCAAGTTGATGAACCAATTCATATCCGGTTTCCTCAAATCTATCGGCGGCCCAAACAAATCAATTATTTGTGCGGGGCGCAAGCCGTCAATCCTTAATTATGGCGAACCAGCGTGACCGCATTAGGGGAATCTCGATGGCGCGACGCATTTTGATGTTTGGCCCGACGAGCGCCATTGCAGCGCTCGTCACCACCGCGCACGCAGATAACAAAAACGAAATGAGAAGAAGTAAAATAGCAGCATGAAACGAACGATGGCCGTCCTGGCCGCCTTGATCTATCTTTCCGGCGTCTCCCACGCCGCCGAGACGCCGCGCGCCGCGCTCAGCGCCGACTTCGAGACTGCGAACGCGCCGTCGATCGCTGCTCCGGAGTCGACGGCGACTCTGACGGAGGATCCGCGGGAGGTCGTGTCGGGCGCGAGATCGCTGAAAGGCGATTCGCGCGGTTCGGCGATGGAGTGGAACGAGTTCCTTCACCTGCGCGCCGGCGTCTTCGACGCCGGCGAAGCCTACAAGATTTCCTTTGACTACAAAGTGCTGGCGCGCGACGGCGACGCCGAGTTTTACACGCTTCTGCGCCGCGCCTCGGGCGGCGGGGACGCCGGCTGGAAAGATTGGAAAGGCGCGCCGGGCGACAAGGGCCATGTCGAAACCGAATTCCTCACCCACAACGCCCCCGATTACACGCTGATCATCGGCATTCAGCACAAAGGCGCGATCGCCATTGACAATCTCGTGATCCAGACCGATCCCGCCAATCGCCCGCGCGACATCCGTCTCCCCTTCCCCGCCCGCGTTTGGACCTCGCCGGGCCACACGGCGTACTATCTCGACTCGCAGCATGGCGACGACGCGGCCGACGGCAAGAGCGCGGCGCGCGCCTGGCGCAGTCTGGATAAGGTCAACGCCGGAACGTTCGCGCCCGGCGACCAGATCCTGCTGCGCGCGGGCGGCCGCTGGAGCGGCTTCCTCGCCCCCGGCGGCAAGGGCGCGGCCGGCGCGCCGATCGTGATCGATCAGTACGGCAAAGGCCCAAAGCCACGGATCGACGCCCAGGGCCTTACCCTCGCCACTCTCTTTCTGCATAACACCGAATACATCGAGGCGCGCCATCTCGATCTCGCCAACAAAGGCCCCGTTCCGCAGCCGAAGCTGG
NZ_AP025739.1_gap36	1487718	1491013	3295	GATGCAATATATCTGTGCAATCTCTTTTATCTGTAAGAGAAGCGAATTCAGTCGGAACGGCGATTTTGCCTGCGAAGTGTGTTAGCCATTCCTTGATGACAACGGATTTCGATTTTTGCAAGAACTTGGTTCGTCTTTGTGAGAATTTCCTCGTTGCTAAAGCGCAAAACGGCTAGGCCGCTCTGTTCAAAAAAGGCTTGCCGTTCCTGATCGTATTCCAAATGATCTTCATGCACTCCGCCATCAACTTCTATCACCAATCTTAGTGCATGGCAATAGAAATCGGCGATGAAGCCATCGACAACATGCTGGCGACGGAATTTTAGACCAAGCATCATATTTCCGCGTAAATAACTCCACAGTTTCACTTCAGCCGCTGTAGGAGAGCGCCGCATTTGGCGAGCCAGTGACCACTTGTCTAGCGTCCCAGGCGCGCAAACAGGGGCAAATTTTTGATGCATAAAATAACCTCATTTCTTAATGATATAAGCTGGTACTCACTGCAAAGCCATAAAACCGGAAAGCCTCACAATTCATTTTTATATCCAGTCGACTTTCGTCAAAGGTGCTCTGACAACCCTTCCCGTCGGCGGGAGGGGTCGGCCGAAGGCCGGGGGTGGGTTTGCAAGAGAGGGTCGCGCGAAGCGCGGGGGTAGGTAGGACAAGAGGGGTGGCGCGAAGCGCGGGGGTAGGTAGGACAAGAGGGGTGGCGCGAAGCGCCGGGGTGGGTTTGCCGGGTAGCGCGAAGCTCGGGAAGAGAACACAAGCAGGACAACCCGCCTCACAAATGTAATAGCCTCTTTTGCAATCTTCAACGCAACCAACCAGGCGAAAACACCATGCGTCAAATCACCCGTCTTCTGCTCCGCCTTCTCGTCATAATCTGTGCTGCCCCGCTACTCACAAATCCCGCGCACGCCGCCGCGCCGCCAGGGTATCTCTGGCTCGAAGGCGAATCGGCGCAGACGAGCGCGACGGTCAACATCGCTGGCTGGGGGCATAAAGAGTTTCTGTCGGGGGAAAAGTGGCTCCATGTTTCCGTGGATGCGGACAAGGTGGAGAAGGAGGTTCCGGAGACGGGGATTGTGCTGCGATATCCGTTGACGGTGAAAAATGCGGCGAGTTATCAGATCTGGAATCGGATTGGGTTTGAGTTCGTGCGGTCGCCGTTTGAGTGGCGCGTGGACAATGGGGCGTGGGCGACGGTTGCGCCGGAGCAGTTGACGACGGATTTGATGGAGCTGGATACGTGGTGCGAGGTCGCCTGGGTGAAGATGGGCGCGCAGGATTTGGCGGCGGGCGATCATGTGCTGGAGATTCGATTGCCGAGGACCAAGGATGCGCAGGGGAAGATTCAGCGGGTGCTGTATGCGTCGGACGCGTTGTGTTTGACGGCGGGGGATTGGACGCCGAATTCGCACTTTAAGCCGGATGAAAGCGGGCGCACGGCGGCGGATGACGCGGCGGCGAAAAACGTGTTCGCGCTGCCCGAGGCGCAGGGCGAGGGGCGGCGGGTTTCGGTGGATTTGAAGGGGCAATGGGAGATCTGCCGTAACGATGAACAGACGCCGGGCGAAGTCGCGGCGCCGATCCAGGATTTCCCCAAGGATCCGCGCTGGACGGCGATTGCCGTGCCAGGGAATAAGAACGAATTGCGGCCGGATCTGCTCTTCGCGCACCGGGTCTGGTATCGCACGCGAGTCGAGGCTCCGAAGTCGCTCGCGGGGCGCTCGTTTCAGTTGGTTTTTCCGCAGAATAATCTCAACACGACGGTCTATGTCAATGGCGTTTACTGCGGCTTCAATAAGAACCCATATGCGCGGATCACGTTCGATCTGACGCCGGGCATGAAGACGGGGACTAATGAGATCTGGGTGGGGCTTCGCGACGCCTGGTACGGCTATTCGGCCAATCCTAAGAACCCGATGAAGCTGCGGCGGCAGTTCAATTTGCCGACGAGCGTCACGGAAAGCGGATTTCAGGACCTCGCCTACCCCATCTGGCACGCGTTTCAGTCGGGGATCCTGGACACGCCGACGCTGGTGGCCGCCGGTCCCGTCTATGCGGCCGATGTCTTTTGCCGCCCTTCTGTTGCGCGCAAGTCAATGGCGGTGGATGTCACTCTCTCATCGCTGCTCCCCAGCGGAACGCATGGCGAGGTGATCTGCGAGGCGATTGAGCCGAAGACCGGACAGGCGGCGCACACGGTCGGGCGCGAGTCGTTCACGATGGCGGGCGATCAGGCGATTACCATTGGCGGCGCCTGGACCGATCCCAAGCTCTGGTGGCCGGACGATCCCCATCTTTACTGGCTGCGCACGCGGGTGGAGATCGGCGGCAAAACGGTGGATGTCTCCGACACGCCGTTCGGCTTCCGGGAATGGGGCGCGAAGGGCTCGGAATTCACGCTGAACGGCGTTCCCTGGCATGGATGGGCGGACTTGCAGCCGGGCGCGACGCCGGCGGAGTGGCTGGCGAATTATCGCAAAACGCAGCAGACGATCATGCGATACATGGGAACCTCGCAGGGCGGAACGGACTGGATGGGACTGTCGCCCAATGAGGCGCTGAACTTTTTCGATGCGAACGGCGTGGTGGTGCGCCGCTGTGGGCCGCTGGACGGCGAGGCGATCGGCTACAACGCGATTGAGAACGATCCCGACTTGCAGACCCTCAACAAATCCCCCATCAAGATGGATCTGATGCGCAACTGGCGGGATCAAATGGTCGCTCAGGTCCGGGGAGAGCGCAACCATCCCTCGGTGATGCTCTGGTCGATTGAAAACGAGTGGCTGTATATCAACTGCATCAATTTGTACGGCGATAAGATGCCGCTCTTTGAAGCCGAGGCGAAGGCGACTTCGGACGCCGTCCGGACCGTCGATCCCACGCGATTGACGATGACCGACGGCGGCGGAGCGAACGCCGACCAGTCGATGCCCGTTCACGGCAACCATTATGTCTTCGATTCGGGCGAAGCCGTATCCAAATACCCAGCGCTCGCCTACGACAAAAATCCCACCGGCGGCGGGCGCGGGCGCTGGACGTGGGACGAAAAGCGTCCGCGCTTTTTGGGCGAGGATTTCTACGCCACCGGCATCAATCCATTCGACTACGCCTACTTCGGCGGCGAGGATGCGTTTCAGGGCAAGGCGCAGGCGCGTCCGGCGGCCGCGCTTGTCTACCGGATGCTCACCGAAGGTTATCGCTGGGCAGGTTACGGCGCGTGGCATCTCTGGGCAGGGCCGGAAAATGGCGAGGCGGACCAGTATCGGTCGCAGGCGCCCCGCGCCGT
NZ_AP025739.1_gap37	1494297	1498676	4379	AGCTTCGGAGAACCATTCCCCTCGCCTTCCAATTGGAACTGGCGGACGACCGCTTCGAGTGATTGCGCGATGCCGGCGAGGTCCTGTGCGGACAGAGCCAGTTCGGCGACGGCGGCGTTTTGCTGGGCGGTTGTGCCGGCGACCGTTTGGATGGAGGCGGACACTTCCTCGGCGGAGGCGGACATCTCCTCGGCGGCGGCGCTGCTTTGCTCGACGACGGCGGCGACTTCGGTGATGGAGCGGGAGACGGCTTCGGACGATTCGTGGATCTGCGCGGCGGCGGAGGCGATGCCCTCGACGCGCTCGGTCACGGTGCGCACGACGTCCTGAATGCGCGCCAGCGCCGCGCCGGCTTCTTCGGCCAGGTCGGAACCGCTTTCGACATCGCGGGCGCCATGCTGCATGGAGGCGACCGCTTGGCGCGTGCGGGTCTGGACATCGGCGATCAGGCCGCCGATCTCGCGGGTAGCGGCGCTGGAGCGTTCGGCCAGTTTGCGGACTTCGTCGGCGACCACCGCGAAGCCGCGCCCCGCCTCGCCGGCGCGGGCCGCTTCGATGGCGGCGTTCAGGGCCAGCAAGTTCGTCTGCTCCGCGATCTGTTCGATGGTTTGTACGATACCGCCGATCTTCTCCGAGGACTGCTCCAGGGAACCAACCACGGCGGCGCTTTCCGTGATCGTCTGACGGATGGCGAGCATTCCCGCGACTGTCTGCGAAACCGCCAGCGCGCCGTTGCCGGCGGCTTTGGTGGCGTCGGCCGCCGCGCGGGTCGCTTCTCCGGCGTCCTGGCTGACGTTACGGACGGCGGCGCCGAGCTGATTGACCAGCGACGCGCCTTCGGCGATCGAACGAGCCTGGTTCGCGGCGCCCTGCGCCACTTCCGAAGCGCCGCGCGCCGATTGGTCGGTCGCCTGCGCGACTTCGCTCATCGTAGCGCTGACGCCGTCGGCGGTCGCGCCGACCTGGCGCGAGGAGTTCGCAAGGGACTGCGAGGCGGAGGTGACGCCGAGGGCCGCCGCCTGCAAGTCGCCGGCCAGCTCACGCAGGTTCGACGTCATCTGGGCAAACGCGCATCCCAGCGCGTCGCGGTCCGACTTCGGCGTCACAATGGCGCTGAGGTCCTTATGGGCGATCCGATGAGCGGCGTCCGCCATTTCCGACTGATATTGGATCACGGAGCGAAGCGCATCGGCGATCGCGCCGATCTCGTCCTTCGAATTGACGGTGATTTTCTGATCGACGTCGCCTTGCGCCAATCCTTCGGCCGCATTCGACAGCGTCTCCAGGGGCCGCATCATCTTCGTCGCGATTACAAAAACCACGAAGACCATCAGCAAGACGGACAGGGCGCTCAGCAGCAGCGCCCGGTTGCGCAGCACGGCGAGCGGCGCCATCACGGCGCTCTGGGAGACGTTGATCACGACCTTCCAGCCCGTCACCGGCGCGGTCGCCCAGTAGATACGGCGCGCGTCGCCGTTCAGCGTCGCCACCGCGACGCCGGACGCGGAGCTCAGAGTCAGCTTGCCGTCGGCGAGGTGGTCGATCTTCTCTCCCTTATAGCCCTTGTGCGGCAGCAGGTCGGTTTTGGGGTGCGCGACGACAAGTCCGCCCTTGCTGACAAGGAACGTATACTCGCTGTCTTTATACTGCGGGTCTTTCAGAAGGCGGACGCCGGCGATGCTCTGCTGGATCCCATCGAGCGTCATATCGACGCCGGAAACGCCAAAGAATTTGTGGCGCGCGTCAAAGATGGGATACGTACAGCTGACCATGGAGACATTCGTGGCGCCGTCGTCGAAGTATGGCTCGGTGACATACGGCTGACCGGTGGATTTCGGGCCGGCGTACCAATCCTGATCGGGCGCGTGAAAATCGTAGCTGGCGTTCGGACCGGCGTTGGGCCACGAGGTCCGGGTGACGATCGGAACGGAGTTGGGGTCGGTATACTTGATCGCGTCGAAGGCGACATAGGCGTCGTAAGCCTGGTCTTTCGGCGTATTTTCCAGGATCTTCGCGAACAGAGGAACCAGAGTCTTCATCGACTCGACGCCCGTCACTTCCTGGCGCGATCCGATCGCTCGCGCCATGATGCTGGCCTGGGCGATCATGGAGTCGACGCCCTGCGCGGCGGATTCCGCCTGTATCGTCGCCTGCGCGTCGGTCTGGCGCTCCAGCGCATTGCGGCTTGTCGCGTAGCTGACCCAGGAGGTCACGGTCAGCACCGTACAGGTGGCGAGGGCGATCCACAGGCAAAGTTTTTGAGCGATTGTCTTGGGGGCAAAGTTTTTCATGGTGATCCTGCGAGTTTTGCGACGTTTGATTTCGTCGATTATTCCGAGTATGATTGTCGTCATCTCCCCGGAAAAACCTCAGGGCGCCTCAGAAAAATATATGAAAAATTCCTCTCTGTGTCCCCGTTCCCCGCAAGGTACTATGGAGCAATAAACCTCCGACCGTCCATGAAACGAGAAAAGATTAAGGATATCTGATCGATGCTTTTACGCCGCACGCACGCCTCCGACGGTTTCGATATGTCCACCCAGCGCATCGAGGCGTTCAGCGACGGCGTGTTCGCCATCGCCATCACCCTGCTCATCCTGGAGCTGCGCGTGCCGGAAGACAGCGCCGGTCATCATTTCGACCTGGCCGCCTCCCTGCGCTCGCTGTGGCCATCGTACTTCGCCTATATCCTCAGCTTCGTGATTGTGGGGATTTACTGGGCGAACCACCACTTCGTCTTCAAGCTCTACAAAAGGACCAACCACGTTTTCAATCTGCTGAACGTCTTCTTTTTGATGTGCGTCTCGTTTCTGCCGTTTCCCACTTCTGTGCTCGCCAAACACATGCAAAACGCGGCGGATGAAAGGACGGCGGTGGCGTTTTACACCTTCGGCCTGCTGCTCCCGGCGCTTTCCTGGATGCTGATGTGGCTGTACGCCAGCAAAGGCTACCGCCTGATCGACAAGCGGCTGACGCCGTCATTCGTGAATTATATGACGGGCCAGTACATCCTCTCCACGGGCCTTTATTTATTGGCGCTGATCGCCTCGCTGATCAACCCCAAATACGGCCTGGGAGTAGCGGTCGGCCTGACGCTCTTGTATCTGGCGCCGCCGAAGCGGCCGGTATATCGGGAGATTAAAGAAGAAGAGTCGGAGGGGTAAGATGCCCCCCGGCCCCCACAGGGCTCATAGGGGTAGGTTTTTCCGACCCCGCATTGAAATACGGGGCTGGGGGCGCTTCGCGCCGACCGTCCGTCCCGGACGGAAGACAAAGAACCGCATACGATTGCACTCTTCCGTCCGGGACGGACGGTCGGCGCGAAGCGCCCCCAGCCCCGTAATTTATTGCGGGGGCCTTAATGCGAAGCGCCCCCAGCCAGGTAATTTATTGCCCGGTACGCGAAAAACCTACCCTTCCCCGGCCTCCACAGGGGCCGGGGGGCATCTTACGCTTGGTGCAAAGCCATATGAGATGAGAATTTAGCGGGGCCGCAGCCCCGCCGGGGTGATGAAGCGGTCCAAAAGGTCGAAGGCGCCCTGGACGAGAAGGGCGAGCAGGGCGGCGGGGATGGCGCCGGTGAGGAGGACGGCGGTGTCGTTGACGGCGAGGCCGGAGACGATGCGTTCGCCGTAGCCGCCGGCGCCGATGAGCGCGGCGATGGTGGCGGTTCCGACATTGATGACGGCGGAGGTTTTGATGCCCGCGAGGATGGCGCGCGAGGCCAGCGGCAGCTCGATCAGGCGAAGCCGCGCGCCGGCCGGCAGGCCGAGGGCGACCGCCGATTCGCGCAGCGCGGGGGCGATGTCCGTCAGTCCCGTGTAGGTGTTGCGCACGATCGGCAGCAAGGAGTAGAGGAAGAGGGCCGCGAGCGCCGGCGGATTGCCGATGGCGTGAAAGAGAGTGAGCAGGAAGATCAAGAGGGCCAGCGACGGGATCGTCTGGATGACGCCGACGACGGTCAGGATCGGCCCGGAGGCGGCCGGGGCGCGCGCCGCCCAGACGCCCAGCGGGACGCCGACCAGGACGGCGAGCAGAAGCGAGCCGAAGACCAGCCAGAGGTGCTGCGCCGTCAGCGTCCAGAAGTCGCCGCCAAAAAGGCGCCCCCAGAAACTCTGCGGCGCGTCCGAGCCTGCGGCAACAGGCGCGCCCCCGCGAAGATTGTGCGCGATGAACTCCTGCGCGACCTGGGCGAAGGTCTTGCCGCGCAGCTCCACATCCGCGTTCATTCCCACCATCTGCGCCGCCGTGATCTTGCCTTTCAAGCTTTCCAGCGCCGCCCAGGTCTTCGGAAGCCGGGCCGGCAGATCGCGGCGATAAAGCAAAACGGCGTCGTAGGCCGGGAAGAACTTCTGATCGTCGTCGAGCACGCGCAGATG
NZ_AP025739.1_gap38	1502590	1503890	1300	GTCGGCGCCGCGCGTCTCCTTCACAGCAGGTACACTCTCTGAAGGAGACGCCGCGATGCCCCGACTGCAATTCATCACACCGATCGCCGCCCCGATCGAGCGAGTCTTCGATCTCGCCCGCGATATCTCCGTCCACAGCCGCACGCTGGCTCACACCCAGGAAGTCGCCGCCTCCGACGGCGAATCTCCGCTGCTTACCCTCGGCGACACCGTCACGTTCCACGCCGTCCACTTCGGCGTCCGCCAGCGCCTCGTCGCGAAGATCACCGAATTTAACCCTCCGCGCCGTTTTGTCGACGAAATGCTCCAGGGCGCGTTCGCCTCGCTGCGCCACACTCACGACTTCGAGCCGCAATCTTTTGGCGCGCTCATGCGCGACACCATCGACTACACCGCGCCCCTGGGGCCTCTCGGCCGTCTCGCCGACATTCTCTTTCTGGAGCGCTATATGACGCGGCTGATCGAACGCCGCAACCAGGCGCTCAAAAAGATCGCGGAGTCGGGAGAGTGACATCGGCGACGACGGCGCGGTGGTCGGAGGCGATGAGACTTGGGACCCAGCAGTTTCGGACGGTGAGATCGCGGCTGGTCAGAATATGATCGATGCGCTCTACGGGCGTGGTTGCCTTAAGCGTGTATCCATAGCCGCGTCCGGCGGCTTCAAAGGCGTCGGGATAGATGTCTGTCAGCCGGCGGCAGCTGGTGGCGGGCGGCTGGGCGTTGAAGTCCCCGCAGAGGATCTTGGGACCGGGCAAGGCGCGCATCACGGGGAGCAAGGCGTCGTCCTGCCCGCGCCGCATCGCCGCGAATCGGCGCGCATAAGCATCGAGGGGAATGCAGGCATGGATCAGATGGCGCTCCAGCTCCGACGGCAGCAGATGCACGGCGACCACGGTGCAGGGGCGTCCGCCGATGTCCACGGATACGCAGAGCGCGGGCCGAGTCGCCTGCCCCGGCGGCAGCGGCGCTTCGGCGAGCTTGCGGACGGGCCAGCGCGACGCGACGATGATCTCGCCCGCGCGCACGAAATGATACTCCGGCAAGTCCGCGATCAGCCCCGCGCCCTGCGGCCCCGAAACGTAGAAGTAATCCCCCGCCTCCTGAAAACAGACGATATCCGGATGCTGCGCCCGCACCCCGCGCGCTACGGCGTCCGGCCCATGCGACCACTTCTCCACATTCCAGGTCATCACCCGCACGGCCCGTCCGCGCGCCGGCGGCGTCGACCAGCGCCAGTGGAGACCCATCAGCGGCCCGGCGGCCAGCAGCAAAGCGGCGCCGTTAAGGGCAATCAGCCGGC
NZ_AP025739.1_gap39	1573918	1575540	1622	AAGCGTTTCTTCTCGTATTACCAGCCCCATAAAGGGCTTTTTCTGCTCGACTTCTCCTGCGCGGTCATTTCCGGCATTTTCGAGCTGGCCTTCCCGATGGCGACCCGCGGCTTCATCAACAATCTGCTGCCGGGCCGTGATTGGGGCCTGATTCTGGGCGCCGCCGCCGGCCTGCTGGCGATCTACCTGATCAACACCGTCCTCCAATATATCGTGAATTATTGGGGCCATGTGCTCGGCATCTCCATCGAAACGGAGATGCGGCGCAAGGCGTTTGACCATCTGCAAAAGCTCTCCTTTCGATTCTACGACAATCAAAAGACCGGGCATCTGATCGGGCGCGTCACTAAGGACCTGGAGGATGTCGGCGAGGTGGCGCACCACGGCCCCGAGGACGCCTTTATCGCCGTGATGACGTTCATCGGCGCGCTGATATTGATGTTCGGGATGAACGTCAAGCTCGCGCTGATTACGGCCCTGGTCGTTCCCCCGATGCTCTGGCTCTCCACGCGCTACGGACGGGCGATGACGGTCAACATGCGATCGCTTTTCCAGCAGGTCGGAAATTTTAATGCGAGGATCGAAGAAAATGTCGGCGGCATTCGGGTGGTGCAGGCGTTTGTGAATGAAGACCACGAACGAGCGCTCTTCGCCAAGGACAACAATAGCTACCGGGACACTAAGCTCAACGCCTATCGTTTGATGTCCAAGAGCATGTCGCTCAGCTATATGACGATGCGAATCGTGCAGATCTTCGTCATGATCGCCGGCGCTTATTTCTTTCTGCATAACAAGCTGAATATCGGCGACTTTGTCGGCTTCCTGCTGATGACGAATGTTTTCTTTCGGCCCGTCGAGAAGATCAGCGCGGTGCTGGAAACCTATCCCAAGGGCATCGCCGGCTTCAAGCGCTACACGGAGTTGATCGACACGGAGCCCGACATCACCGACGCCCCAGACGCCGTCGAAGTCGGCCATCTGCGCGGCGCCATCCATCTGGAAGACGCGACCTTTGGCTACGACGAGCACAAAAAGGTCCTGAAGAACATCGATCTGGCGATCCAGCCCGGCGAGATGGTCGCGTTCGTCGGCCCGAGCGGCGCGGGCAAGACGACTCTGTGCTCGCTCCTGCCGCGCTTCTACGATCTCGACTCCGGCCGCATCACCGTGGACGGGATCGACATCCGCCAGATGACCCTCGCCTCCCTGCGCCGCAACATCGGCATCGTCCAGCAGGATGTCTTCTTGTTCGCCGGCACCATCCGCGAGAATATCGCCTACGGCCGCCTGGGCGCATCGGACGCCGAGATCATGGACGCCGCCCGCCGCGCGCGCCTGGACGAGATGATCGCCGGCCTCCCGGACGGTCTGGACACCATCACCGGCGAGCGCGGCGTCAAGCTCTCCGGCGGCCAAAAGCAGCGCATGGCGATCGCGCGCATGTTCCTGAAGAACCCGCCGATTCTCATCCTCGACGAAGCCACGTCCGCCCTCGACACCGAGACCGAGCGCGCCATCCAGGCGTCCCTCTCCGAGCTCGCCATCGGCCGCACCACCCTCGTCATCGCGCACCGCCTCGCGACCATCCGCAACGCCGATCGTATCGTCGTCGTGGACGAAAC
NZ_AP025739.1_gap40	1580315	1582043	1728	CATCGACGACTTGATGCAGATCGTCTCCGGCGCGCGCCAGACCCGCTCGGGCGAAGTGGCGCAGGCGCGGGAGATCATCGACGCCATGGCGATCGAATACGGCCGCTGGCGGCAGTCGCTGGAAGTGGCGCCGACAATTGTCGCGGTACGTGAAAAGCTCGAATCGGTGCGCGTCGCGGAGCTTGCCCGCCTGCGCAGCCGCATGCCGGGCCTTTCCGACAAAGAATGGCGCGCGGTGGAAGCGGCCATGGAATCGGTGACGAATAAGATCGCCCACCCGGCCATCATCGCCATCAAATCGAGCGCGCAGGGATCGGGAGATTCGGCGGCTCTGGAGACCATTCGCCAGGCGTTTGGACTGGAGCAGGAGGGCGACCCGTCGCCCGAATCGGGACGGCGGTCGGCGAATGCGCGGAGGGCGCCCGATGCCTAGCGGGACGGAAGGCTTTCTGCTGGTCGGGGCCGCGCTTGCGTATTTGATCGCCTCCGTGAGCTACGGCGCGCATTTGATGCTGCGCAAGATCGCGCTCGCGCAGGCTGGCCGGTACGCCGCCATCCTCGCGGTCGCCTGCCACACCATCGCCATCGGCGTCCACTGCGCCGTCACGCGCCAGACCCCGTTCACCACGCCCGCTGAAACCCTGTCCGCCTCCGCCTGGACCGTGGCGCTCGTTTACCTCCTGCTGGAGTTTCTCGTCAAACCCAAGCCCTATGCGCTGGGCGCCCTGGCGCTGCCCGCCTCGTTTCTGTGTCTCTTCGCCGGCGCCGTCCTGCACCAATCCCGGCGAACCGCCGCGCCCGGCGCCGTAGCGCCCGAACTGGACTCGCGGCTGATCAGTCTGCACGTAATCGCCATCCTCTTCGCCTTCAGCCTGCTCGTGCTCGCCTTTGGTTGCGCCCTTTTGTACTTGATTCAGCATCGCCGCCTGAAGCGCAAGCATATCGGCGGCCTGTTCGGCAAACTCCCGCCGCTCACGACGCTGGAAACGCAGGCGTTCACCCTGGTCGCCTTCGCGTTCCCCTTGCTGACGGTAGGCCTGGTCTCCGGCGTCATCCGCGCCGCCGCCGGCGGCCTGGGCGCCTCCTGGGTCGCCGACCCCAAGATCCTGGCCTCCACCGTCACCTGGCTCGTCTACGGCGTCTATCTCGGCCTGCACAGCGTCGCCCACTGGCGCGGCCCGCGCGCCAATTACATTCTCATCGGCGGCCTGCTCGCCGCCCTCGCCACCTACTTCATGCCGACGACAGCGCATCGGTTTGGGTAGAAGGATTTGGGAATAGGCCGTAGGCCCCGCATGCACGCCCAGGCGGTTGCCCGAATACCAAATTCGGGTGCGTCGTCCATTCCCCGGTTATGAAACCCGGGTCTGGGAGCGCAAAGCGCTAAGCGTCCGTGCCGGACGCAAATGCCAGCTTTCGATCACAAATATCCTCCGTCCGGCACGGACGGTTAGCGGCTCTTGCCGCTCCCAGACCCGGGTTTCATAACCGGGGTCTGGGAGGCCTTTTCTTAGGAACCCATTATGTTCAAACGCGGACTCTTCAAAACACTTTTCCAAAAAGTCGATCAGCTTGTCACCGGCCGGGGCCGGATCGATGAGGAGCTCTTTGAGGAGCTGGAGGAGGCGCTGATCGGGTCGGATCTGAATATCCATACCACGATCCGTGTCATGGAGGAGCTGCGCAACGCGGTTCGCGATGAGCGGCTCAAGGACGGGCAGGATGTCA
NZ_AP025739.1_gap41	1628626	1629911	1285	TCGATACGCTGACCTTCACCTACGACCACGACCAGAACCTCCAAACCAAGGTGGATGGCCGGGGGATCACCACGACGTACGCGCGTGTCGACCCCGAGAGCCAGGTGACGGGAATCGCTTACTCGGGTCTTCCCGCAACGGTAACGCCGATCGGGACGACGAGCTTTGCGTATGACGTATACGGGCGCCTGTCGTTAATGACGGACAACACAGGTACGACGGGCTACTCGAACTACGACGACCTGGACGAGCCCCTGCTGATGACGCGCAGCTTCACGGGCGGTCCCCAGAACCAGCAGATCTCGTACGCGCACTACCCGGACGGCAGCCGCAAGACGCTGACGACGCCAGTGGGCGTGACGAACCCTCTGACGGGGATCAACAGCGGGAACTTCACCTACAGTTACGACTTGGCGGGCCGGCTGACACAGCAGAAAGTCCCCTTCACTTTCTACAACATTAACCTGACCCAAGGCGACTTCCTGACGCATCAATGGAACGCGAACGGCTGGCTCAAGCGCACCGACAACTTGCTGACTGCTCCCGATGAGTATGCTTCCACGCGAACGAACTACACTTACAATGCGCGCGGCTTTATTACGGCTCTCACCAACTATCAATACGACCCCGCCAATAACCTGCTGAGTAACATCGCCACATTTAACAACTTGACCTACGACGCCGTTGGAAATCGCCTTTCGCAGTACACGAATATGTACGCGTTCGGCGCCGCCCCCGATGGCAGCCGCTCTCTGCGATTTGGCTACGATACGGCGCACGCTTCCGCCTTGCAGAACCGCGACGTTCTTGCCAGTGAAGCAAGTTCGCTGCACGGCGGCTCTGCTTCTGCGGCGTATAACGACGTTTACACAAATAACTTCCTGTACGATGGGGCGTACAGCATTACCCAATTCGCGATGGGCGGCGCGACGCAGGCGTTCGGGAATACGGTCGATAACCAGATCAGCAATTCAGGCTACCTGCCGGACGGCAACGGGAACATGACGACCTATCAAGGCGCGGCGTTCTCCTACGATCCCGAAGACCGTCTAACAGCGATTAGCAGCCCCATGTTCTCGGCCACTTACGACGGCAACGGCCTTCGAGCGACGAAGACTGCCGGGGGAGCGACGACCTACTTCCTGTACGACGGGGGCGCTCCTTTGCTGGAGGAGACCTTCAGCGGCTCGAACGCGACGATCTCTGCGGTGAACGTATGGGCTGCGGACGGCTGGCGCGGTCGGTACTATCCGACGGCCCCTGTCCCGTTCTACTCAGCATACAA
NZ_AP025739.1_gap42	1721311	1722596	1285	TTGCACGGCGCGCCGCTGCTGACGATAACGACGGTATTTTTATTGGCCGCAGATAATGCGCGAATGAGATCCAGGTCTTTGCTCTCTAAATCCATCGAATGGCGGTCCGATCCTTCCGCCTCGTGTTCGCCTCCGACAAAGAGCAGCGCAACATCCGCCTTCTTCGCTCTCGCCTGAGCGGCGTCGGGCGTTTCGCCCTCGGCAAAGGTGACATTGACGCCTGGTCCGGCTGCTTGGGTAACCCCCTCTAGAGGGAAAATGGCCCGTGTGGGCTTGAGGTCCGGGCTGCCGCCGCCGCCCAGCTGCCAGCTCTTTGCTCGTGACCCGAAGACAGCGATTGTCTTAATCTTGCCGCGCTCCAGCGGAAGAACGCCCCCTTGATTCTTCAGCAGAATTATGCCCTCCGCAGCCGCATCGTGAGCGATCTTGAGATGCTCCGGCGAACCGACCACAGAATGGTCGGGCGCGGCTTTCGGATCCAGCACGCCGGTGCGGATGATGGTGCGCAGGATGCGGTGCACGGATTCATCGAGAGTTGTCTGCGTCAAATCGCCGCTGTCAAGCGCGTCGGCGATATTCTCGGCGTTGAGCAGCCCAGGGCCGGGCATCTCCAGATCATTGCCTGCGTTGATCGTACCGGCAACTTCATGCACGCCGCCCCAGTCGGACATAGCCATCCCGTCAAAACCCCAGTCACGGCGCAGGATGCAGGTGTCCAGATACCAATTCGAGCTGCTGTGACGGCCGTTGACTTTGTTGTAGCTGGTCATCAAAGTCCATACATGCCCGCGCTTGACGGCCGCCTCAAACGCAGGCAGATAGATTTCGCGTAGTGTGCGTTCATCCACGATCACATTGACGAAGCCTCGGTCGACTTCCTCGTTGTTACACGCGAAATGCTTCACGCAGGCGGCTGCGCCCGTACTCTGCACACCCTGAATATAGCCCACGGCAGTCTCAGCGGATAGGAATGGGTCTTCGCTGTAATATTCCGCATTGCGCCCGCCGAGTGGACTGCGGTGAATGTTAACAGAAGGCCCCAGGATGACTTGCCCCCCAGTGCGCTTATTTTGAAGCTCCTCCCCGATGGCTTGACCAACCTTGCGGGCCAGCTCACGGTCCCAGCTGCTGGCGAATAATACGCCGCTGCCGAAATAGGTGGCGGGTCCATCGAGGCGGCCCACGCCGCCTCCGCGTACGCCCTGGCTGGCGTCCGCCATGTCCATAATGGGTACGCCAAGGCGTGGGATGGCGGGAGTGCTGAAGTCGGTGCCGGTAGAAAGGG
NZ_AP025739.1_gap43	1726118	1730655	4537	TTGGACATGATTGTCGCCAATCAGCGCGGACCTCTGCTTATCTACAAGAACACCGTCACTCCCAAGAACCAATGGCTCGAATTCGACCTCTCCGGAAATCGTGGTAACCGCGGCGCGATTGGAGCCCAGGTCCGTCTGTTCTGGAAAAACTCTCGTGGTCAGGAAGTAGAGCAGCTCCAGGAAGTTCAAGCCGCCAGCGGTTTCTGCGCTCAGAACGACCATCGGCTCCATTTTGGCCTCGGCCCTCATCCCCGAATTGATCGCGCCGTGATTCGCTGGCCTGGTGGTGCGGGAACGTCGAAGACACTGACGATGTCGCAGATTCAGCTCGATCGGAACAATCCGGTTCAGGAGCCGCAATAAGAGATAGCTAGGAACACGATTATGATCACAGGACACTCCGCCGACTCGCTGCCGCCCGAACCGGTAAGACCTTCATCGGACGTGAAGCCATCACGCCCGTTTCCAATCGACAGCCAATACATTGCGCCGATGCTTATCACAGTCATTTTGCTGATAGGGCAGGCGTTTTACGGCTTTCTGGAGAGCTATCCGAAGACTCTGCTGGCGATCGGGACAAGCATTCTCGCTGAGATCCTTCTTAGCCGATTGTTCTACAATAAGTGGCCGTCTCTGGCGAGCGCTTATGTCACCGGAATCAGCGTCGGCATTCTGGTGCGTTCTCCACTGTATTGGCCTTTTGCGATGTGCAGCGCTCTCTCGATCGCGTCCAAGTATGTGCTGAGGATAAACGGACGTCACCTGTGGAACCCATCTAACTTCGGCGTTTCGGCGATGCTCTTTTTGGCTCCCGCCGTCGTGGCGAGTTTGAGCATTCAGTGGGGCAATGCGCTTGGGGCGATGCTGGTTATCTGGACACTCGGCTCTATCATCGTTTGGAGGCTGCGGCGTTTCCACATCTGTGCAACCTATGTCGCGTCATTCTTTGCCTTCGCCGCTCTGCGCGCCGCGCTCCCGCATCCTCCCCTGACATTTTGGGAAACATTTCAGAGCGAGATCGCGCCGATCACGGGGCCGATGTACCAGTTGTTTATCTTTTTCATGATCACCGACCCCAAGAGCACCGTGCGGAATTGGCGCGGTCAATGCGCAGTCGCCTTCTCTATTGCCGCCGCTGAGTGCGTCCTGCGCCTCTTTCATAATGTTCACGCGCCCTACTTCGCTTTATTCCTCGTTGGCCCACTCGCAAACACAATCGAAATTTGGAAGACGCGGGGCGGCCCTAATACGGCGCCTTCGGCATGAGCTCTTCAGAGTAATATAGTATGGGACATGGTTTGAATCCATATGTGTTCCATATATGTTGACATGTGATCCTTGGTGTGATACAATAGTTCCATCAATGTTCCACGAAGTCTCATTAAGAGGGTTGGGCTTGTGTTTTTGCTATAATTGAAATACTGGTCCACTCTGAGATAAAAAAGATTTTTTTTGCGATAATTGCAATAAAGAAAAGCATCTATTGGCGAGCATAGAGTTAGGAAGCATCCGTATGCAACGAAAAATCAAAGGAGTAATGGAAGCAGCGTACATCAAAGACGTAATTTGCGTAGTCGCGGCCGTCCCCGGCGGCTTTATCTATGTTGTTACGACGCACATCGGCGTGGACTTTACGATCAAGGATCGCTCCACGCCTTGTCGCAATCCGCCGGCGGTGAGGCCGGCTTATCGAAGTCACTCAGTTAGGAGATCAAAACATGCTTAAGTATTCCATAAGAGGATTGGCGGCCTTTTCGCTTACTGCAGCCAGCATTCTTCACTCCCCCGCAAGCTTCGCCCAGAGTACGGCGGACACTTCTTTTAGCGCGTGGAATTCGGCGTTTCTGGTTCAGCAAAGCGGTCAGGCTTATTACGCCACGACTCTGCACGGGACTGCCGTCGAAGGCTCATGGGTCCAGGCGCTGGATATTGAAGTGGCCGAAGACGCATACCTGCGGGATCGGACGCCGACCCACCGGCAGCTCGTCAATGATTTGCTGACTCACTTTTTAGCCTACGAGAGCTATGATTGGTCGCTCGATACCTGGAACGACGACATCGCATGGATGACGCTGGCGTGCGTACGCGGCTATCAAATTACGGGCAATAACGCTTTCTTGAATAAGGCGACCTATGCCTGGAATATGGCCTACAACCGTGGATGGGACACTTCTTATGGCGGCGGCGGAATCTGGGAGAACATGGACAACTTCCCTCATGGCGACGGTCATGCGGACAAATGCGCGCTCAGTACAAACCCCTTCATCACCTCAGGCCTCGCTCTTTATCAAATCACCGGCGACTCAAGCTATTTGACGAAGTCTCAAGCGATCTATACCTGGGTGCGCGGCAATATCTTCAATACCAGCACCGGCGTCGTCAATGAGGGCGTCAAGTGGACCATTGGGCAGACGAATAGCGGCGTCCTGGAGGTCTCAGACAATGTTTATAATAGTGGATCATTCGTTCAAGCCGCTAACTATCTTTACCGCCTGACCGGAAATGCGCAGTATTACAACGATGCGCTGCTGGCGGCTAATCATGTGGTCAACTCGACTTCGATTATGAGCAATAACGGCGGAGCGCAGACCCAGTGGCAGTATCGCTTTGTGAAGGGCTTGAGCGATTTCGCTACGGATAACAATCTCTGGCCGCAATACCAGTCCTGGATGCAGAACAACGCCAACGCGGCGTGGAGCAAGCGAAACAGCTCAAATCTCACCTGGAATAACTGGCTCACAACGACAAACGACCCGAATATCGATCCCATGGAAAGCTCCAGCGCTGTGGGAATATGGCAGGTATTGCCCAATCCTAATCTCAGTGTGTCCGGCAATTTCGAAATCGTGAATGTCGGAAGCAATATGGCGCTGGGCGTAACCTCCAACGCCAGCTATGCGTCGGTCGTCCAGCAGCCCTATACCGGATCCACCAGTCAGCAATGGACTTTTGTACAGTCTAGTGGCGGTTATTGCCAGATAAAGAACGTCTCCAGCGGCTTGGTCATGAACGTGTCGGCCGCTTCCGTGCTGGCGGGAGCAAAAGTGATCCAGTATGCAGCTCAGAGTATGAATCCGGGCAACGATCAGTGGCTGCCGATCGTCAATGCGGATGGGACTTACTCGTTCTTCAACCATGACAGCGTACAGGCTTTGGACGTGACTGGCGCAAGCACGGATTCTGGAGCGCAGCTGGAGCAATACTGGTCCAACGACACAAACGCGCAAAAGTTCACCTTGATCCCCCTGGGAACAATCGCCAACGGGACCTATCATCTCACTCCGGCCTGCGCCACGGGCAGCCACCTCGACGTGGCGGCGGCGGGGACGACCAACGGCACGAACGTCGATATTTACGCCTCGAACACCAGCAACGCTCAAAAGTGGACGTTTACCGCGAACGCCGCCGGCAACGGCTATCGAATTAGCCCGCTTTCTTCCCCAGGCCTTTCACTTGACGTCGCGGGCGCCGGGGTGGCGAATGGAACGAATGTTGATATCTGGACCTCGAATACGACGAGCGCGCAAAAGTGGGGCCTGACCGCTGTCTCCGGCGGCTATACGCTCACGCCGTTGTGCGCGACGGGAACGCGCTTGGATGTGGCGGCGGGAGCTTCCACAAACTTCACGAACGTCGATATCTATCAGGCGAACGGCACGAATGCGCAGACCTGGGCCATTGCGCCGTAGTGGCCGCGTCGCGGCGTTTTCACAGTCTCTATCAACGAGGAATCCAATGATGAATATGATCCGAGCTTCTCTTCAAGGCATGGCGCCTTGGGCGCTAACCGCCGCTGTTCTTTTTCTTGCGCCGTCAGCGCGCGCCCAGAATATTGCGGACACCTCTTATAACGCTTATAACTCCGCCTTTCTGGTGCAGAACGGCAGTTCGGCCTTTTACACCAATAGCATCACGGATCGCACACGGGCGTATATGTGGGGCGAGGCTTCGGATATCTTCGTTACCGAGGATTACTACGCTCGCACGCATAATCCGGCTACGCCGGTGCTGATCACGAATCTGCTCAATACATTCATGGCGGACAATAACGGCGCGGACTGGTCATGGGATTCGTGGAACGACGATATTGCCTGGGCTGTCATCGCCTTTGTACGCGGATATCAGATCACCGGCAATACCGCCTTTTTGAACGCCGCCCGTAACAACTGGGACATGGCCTATAACCGGGGATGGGATAGCGCGCTTGGAGGAGGGGTGTGGGAGGAGATGAACAGCAAGTTCTCCAAATGCGCCCTGAGCAACGACCCGCTCGTCATCTCCGGCTGCGCACTCTATCAAATCACCGGGGACTCTTCCTATTTGACCAAGAGTCAGGCGATGTATAATTGGGTGCGTACGAACCTCTTCAATTCGACAAGCTCGACCAATTCTCTAGGAGCGCCCGGTCAGGTCAACGAAGGGCTGGACACCAGCCATGGCCTCCAGCCCTCGGACAATGTGTACAATAGCGGCGGATTTATCTCGGCCGCCAATTACCTCTATCGTTTGACGGGAACTGCTCAGTACCACAGCGACG
NZ_AP025739.1_gap44	1731907	1734388	2481	GAGAGCTCCATGGCTTTATCCATTCGAAAAAATTGCGCACTTTCTCTCATAGCGACTACGGGAGCCTTGCTGACTGTCATTGGGATATCCGCGCCTGCGCGGAGCGCTACTTTAAGGCTGATGCCGCTGGGGGATTCAATCACCGCTGGTTACCAGAGCTCCACCGGCAACGGTTATCGAGGACCGCTCTATAATGAGCTGGCCAGCCAGGGCAATACCCTGGATTTCGTCGGATCCCAGCGCAGCGGATCGATGTCCGATCCCGATGAGGAGGGAATCTATGGCGACCGAATCGATCAGATTGCCAGCTTGGCGACAGGCGCTTTGGCTACCTACAAACCGAATATCATCACGCTGCACATTGGCTCGAACGATTTGAACGGAAACTATCAGGTGTCTACCGCGCCGGCCCGGCTGGCGTCCCTGATCGACCAGATCATCGCCGTCGACCCAGACGCCACCGTGCTGGTGGCTCAGTTGATTTGCAACGCAAACGCAACGACCGAAGCCAATATTGTGGCCTATAACAATCAGATTCCGGCAATTGTGCAGGCGCGATCGAACGCGGGCAAGCATGTCTATATGGTCAGCATGAGCTCGCTCACAACGGCCGACCTGTACGATGGCCTGCATCCCAACGACGCAGGATATCAGAAAATGGCGGACAATTGGGACGCTGCAATTCAGCATGTCATCGCTGCCGGCTGGATCACGCCGCCATTAAACGCTCCAATCTTTTCCGGCAATTACGGGATTGTGAACGCCGCCAGCAACCTGGCCTTGGGAGTGACCTCCACCGCCAGTTCCGCTCCGGTGATTCAGCAGCCTTACACTGGAGCCGCCGGTCAAATTTGGTCGTTCGTCCCAACCAGCAATGGCTACTACCAGATTAAGAACGTCGGCAGCGGCCTGGATGCGAATGTGAGCGGCGCTTCGACGGCAAACGGAGCATCGGTCATCCAGTGGCCGTTCGGGTCGCCGCAGGGGTGCGACCAGTGGATACCGTTATACCATTGGGATGGAACGCTCTCCTTTTACAATTTGAACAGCCAACTGGCTCTGGACGATCCGGCCGCCAGCACGGCGTCCGGGACACAATTCGATCAGTACTTCCCGAACGGCACGCCCGCACAGAAGTTTATCGTGGTTCCTTTGGGGACGATCGCGAACGGGACTTATCATCTCACTCCGGCCTGCGCCACGGGCAGCCACCTCGACGTGGCGGCGGCGGGGACGACCGATGGAACCAATGTCGATATCTACGCCTCGAACACCAGCAACGCTCAAAAGTGGACGTTTACCGCGAACGCCGCCGGCAACGGCTATCGAATTAGCCCGCTTTCTTCCCCAGGCCTTTCACTTGACGTCGCGGGCGCCGGGGTGGCGAATGGAACGAATGTTGATATCTGGACCTCGAATACGACGAGCGCGCAAAAGTGGGGCCTGACCGCTGTCTCCGGCGGCTATACGCTCACGCCGTTGTGCGCGACGGGAACGCGCTTGGATGTGGCGGCGGGAGCTTCCACAAACTTCACGAACGTCGATATCTATCAGGCGAACGGCACGAATGCGCAGACCTGGGCCATTGCGCCGTAATGGCCGCGTCGCGGCGTTTTCACAGTCTCTATCAACGAGGAATCCAATGATGAATATGATCCGAGCTTCTCTTCAAGGCATGGCGCCTTGGGCGCTAACCGCCGCTGTTCTTTTTCTTGCGCCGTCAGCGCGCGCCCAGGTCGCGGCGCCGACAATTGCTTTTGCGAACTCCGCAAATCAGCAAACATTTGGAAAATCCTATAGCGATTCTGTTTACAATCTCACGGTAATCAACACGGTCAATAGCCCTACAGTTTTCCGCGCCGGCAGTGATTATGCGGAATGGACCAGAGACTCCTCGCTTAATTGCTGGAACGCCGGCAGTCTGATCGATCCGGTCACCGCCAAAAATACTCTGACAAGGCTGATCGTTCCGAACAGCACATACGGCAATGTCATTGACCAGGGGAACAACCAGTGGTGGGACATGATTATCTGGAGCACGGCGGCATGGAACCATTATCTCGTCACGGGCGACACCGCGTTTTTATCCAGCGCTTACAGCGCGACGATCGATACGCTGAATATGATGAGGGCTCAGCACTACAATACTTCCTATGGGCTTTTTAAAGGCCCGTCGTTTTTCAATGACGGGATCGCCGGATACACGACGCCCTATAATACGAACACAGGATCCACGTTCGTATTGGATCATGACGGAACATCGGAGCTCATGTGCTTGAGCACGAATTGCCTGTATTACAACGCTTACCGCGTCGCCGCTCTGATGGCCGCCGAACTGAAACTGCCGACATCGACCATGAGCGATCTGAACGCCAAGGCGGATGACTTAAAGAGCAAAATCAACAGCAATTTCTGGATCAGCGGCTCGAATCGCTATGGATATTATATCAGCGGAACGGGGTCGAAGGCAGGCGTGCTGGA
NZ_AP025739.1_gap45	1735862	1740159	4297	CGAACGGCTCCATTCATCGGTGCTGGAAGCTGGGAAGGCTTCCAAATTGTAAATGAAGGCGGCGGCGCTTATGCGCTGCAGGCGCAAGCGAACAGTAAATACGTGAGTACGGACAACAGCGCCGGCGGGCCGCTCAATGCGGATCGCGTCAGTCCATCTTTAGCCGCTGGAAGCTGGGATCTCTTCAACATCGTAGCCCATTAAATGACGGAGATATTGACAATGAAGCGAGTATGGAATGGCGCCGCTGTCGTCAGCATGTTTTTACTGACGACGGCCGGCGCGTTCGCCGAAGCAGACGCACCGATGAAACCGAAAGATGTGATCGCGACGGTGAATGGCCGCTCGATCTGCGTTTCGGATGCGCAGGCGATGCTGCTTCAGGATCCATCCTTGGTTACTCCCGTTCTTGATCGTCTCATTGACGACTCCCTGATCGATCAGGAAGCCAAGCGGAGGTATATGACGGCGACGACTGACGAGATCGAGGGGCGCAAAGAACAGCTGGCTTCCCTCAATGGTCTGTCCGACCTCCATGGGATCTTGCGTAGGCATCATGAAACCATGGCGGATTTAGAGCGCGATATCCGAGTGTGGATCGAAACGGTGAAGCTGCTCACCACCGATGCGAAACCGACAAAGATGGCGCAAATCCGTCATATTCTCATTCGCGTTACGCCCAGCGGTAATAATGCTGCAAAGCCCAATACATCCCATACCGAGGCTGAGGCGCTTGCGCTCGGTCAAAGCATCTTGACCAAAATTAAAAACGGTGAGAAGTTCGAAGACCTTGCGAAGAAATACTCAGAGGACCGGACGACCCGAGAGAGCGGCGGCGACTTAGGGGTGGTTTACGAAGGCGGCTCATTCGAGCCGGAGATCGCGGCGGCGGCGCTGGCGCTGACAAAGCCCGGCGAAGTCGCCGCCGATCCTGTTAAGTCCGCAGACGGCTATCACTGTATTCAGCTGATCGGCGACGGGGAACGCCACGCAAAATCGCAGAACGCGCTTTACGCGAACACCATGGTTGTGATTCGGGCTCGACATCTGACAGACGATCAGACCCAGGCGCTTGTGAAGGGCCTCCGTAATCAAGCGAAGATCGTGAACCACTATACCGGCAAATGAGCAGCATCCCAATAGAATTTCTCAAGGACAATTCATGAAACGTTTGCATTCCGCCACGATCATCCTGCTTTTGCTGGCGGGGAGCGCTCACGCCCAGGCCGACTGGAAGCCCGCGCATAGCCGCATTGAAACCCGATGGGCTAAGGATGTTTCTCCAACGAACGCTCTCCCAGACTACCCGCGTCCGCAGCTGGCGCGCGATCGGTGGCAAAATCTCAATGGCGTATGGGAGTATCAAGCTGGAAACGAGGGGGACGCGGTTCCTACTGGCCGGACGTTATCAAGCAAAATCTTGGTTCCGTATCCCGTGGAGTCCGCCCTGTCCGGGGTGATGGAGCACCATGACCGATTATGGTATCGCCGCGCATTTACCGTTCCGTCAGACTGGCGCGGCAAGCAGGTAATACTGAACTTTGGCGCGGTGGACTTTGAATCGGAGGTTTATATCAACGGCAAAAGCGTCGGCGTCCATCGCGGCGGCTACCTGCCTTTTTCTTATAACATTACTCCATTCCTCACGAAGACCGGCCCTCAGGAACTGATCGTTCGTGTCTTCAATGCGGTGGATAACGCCGGCGAGCCGCGGGGCAAGCAAACCCTGCGGCCTGGCGCCATCATGTACACGGCGAGCACCGGCATCTGGCAAACGGTGTGGCTGGAACCGGTCTCTCGCGCATCGGTTCAGGATCTCAAAATCGTTCCCGACATCGACGCACGCCGGGTGAACGTCACTGTCAACACAGCCGGCGATCTGGATCCAAATACGAAAGCGGTCGTTACGGTGCTCGCAGGCGGCGTGACGATCAAGACGGCTATTGGCAGGCCAGGCGCCCCACTGTCTATCCCGATCGACCATCCCAAGCTCTGGTCCCCGTCCCGTCCTTTTCTGTACGATCTCAAGGTCAAGCTCGTTCAGGGCAATACGACGACAGATCAAATCAGCAGCTACTTCGGCATGCGGAAAATCTCAATCGGCGTCGATCGCGGCGTCAAAAAGATGTTCTTGAACAACAAGTTCGTCTTTGAAATAGGCCCGCTGGATCAGGGCTTCTGGCCGGACGGGATTTACACCGCTCCCACCGACGCCGCGCTCAAAGGGGACATTGCGGCCATGAAGAACTTTGGCTTCAACATGGTACGCAAGCATATTAAGATCGAACCGGCGCGCTGGTACTACTGGACCGATAAACTCGGCTTGCTTGTGTGGCAGGATATGCCCTCCGCCAATTCTTATTCCGGCGACCGTATTCCAGTTGATAAACCGGAGTTCGAGGCAGAGCTGCGCGATATGGTTAAGACGCATTGGAATTCGCCTTCCATTATCATGTGGGACCTTTTCAATGAGGGACAAGGGCAGTTCGATACTCCGCGCCTGACGGACATGGTGAAGACGCTCGACCCGTCGCGTCTGGTCAATCAGGCGAGCGGCGGCGGCTACTTCGGCGTGGGCGACGTGATGGATGTTCACGGATACCCGCCTCCGGTATGCCCGGCGCCCAGCGCGACGCAGGCGCTGGCGTGCGGCGAATACGGCGGCATTGGGCTGTTTGTCTCCGGCCATAGTTGGAATTCGTCTGGAAGCGGCTACGCCAACGTGCAGAGCAGTGAGGAGCTGGAAGAACTGTACGGCAAATTCAGCGGCATGATTCAGAAGTTTAGGGATACGCAGGGAATGAGCGCGGCGGTTTTTACCCAGATCACCGATGTCGAGGGGGAGGTGAACGGTCTGATGACCTACGATCGCACCCTCAAATGTGACCCCGCCGCAATCGCCAAAGCCAACCGTTTTGAGTACGTGCTTCCGGCCTATCGGGAGATCATGCCGACGTCTGAGGAAGACGATCGGGCCTGGAAATACACAACCGTCGCTCCGGCGTCGAACTGGATCCAACCCTCATTTGACGATACAGAATGGCAGCAAGGTTCAGGCGCTTACGACAATGAGTCGACTCTTGGCGCTGACGACGCACCCCAGGACAGGGCCGGCGACATCTGGCTGCGCCGAAAATTTAACCCCGGAGCTTTGAGCGCGCAGCAGGTCAGACAGCTTGTCTTCCGCGATTATCACGATCTGGGTATCGATATTTACATCAATGGGGTCCCCGCCTTTTCCGCGTCTGATTTGGTCAATTCCTACCAATATCATCCAATAGGGCCGGCAGCCCAGCAGAGTTTGCGTCCCAATGCGGAGAATGAAATTGCCGTCCACTGCCATCAGAAGTTTGGCGGCCAGCATGTGGACGTAGGGCTCTTTGAACGGATTCCCGACGTGAAAGCGTCGCGCTCTGTCCAGGCGATGTCCCTTACTGTCGGGAAACCCACAATCAGTTCCTCCGAAAGCGCGAACAATGAGGCAAAGTACGCCACAGACCGCGCCCCGGAGACGCGATGGGAATCGCAGTGGTCTGATCCGCAGTGGCTGGCTGTGGATCTGGGCAAGGAGGCCACAATCGACCACGCATTTCTGTCCTGGGAAACCGCGCGCGCGAGCGACTATGAGATTCAGGTCAGCGACGACGCAAAGACGTGGAGGCCCGCAGCTTTCGTGCACAAAGCGCTGGGAAACTATGATGCGATCCGCTTCCAGCCCATCCAGGCGCGCTGGGTCAGGATCTACGGGACCAAGCGGGCGACAGGGTTCGGCTATTCTCTGTATTCATTTGATGTGTATGGTAAATAGGCGCGAGACGCGCTTGTTCGCCTAAATTTCGAGTCTTTGCATTTAAATGGCTCCAACGGCGAAATGGTTCCATTTTCTGCTATAATAATGGAACCATTATTAATATGGAGCCACTGTCGCCATGATAAAAACTACAAAACTGAACGTCATTTTGAGCGCCGCCATGGGGGCTCTGCTCTTTAACTGTGTCACCGGAGCTCTCCGTGCGCAGGAAGCCGGCGTGCAAGCGAAACCGCTGCTGCATCCGTTGTTTTCCGATAACGCGGTGCTGCAACGGGATCGGGCGGTTCCAATTTGGGGCTGGACACGGCCTGGAGCAAAGGTCATAGTACAGCTCAATGACGACAAAAAGCAAACGGCGATTGCAGCGAATGATGGCCGCTGGACGATATCGATCGCGCCGCATGCGGCGGGCGGTCCCCATTCTTTGAACGTCGTGGGGGAGGGGGCCGGGGAATCCGCCACGCGAAAGAACTTGCTATTTGGCGA
NZ_AP025739.1_gap46	1821284	1823473	2189	AACGTTTAAATCAGATTGTACCCCCATTAACTCCCGCTCCAGAAGGAGACGAAACGGCACGTCAAGAGCATGATGAATTCGATCAGATAGGGCTTCAAAGTAGGATTGAAGAAGTCGTCACCAAGCATCTTGCAAATCTCTCCGAAACCGAGAGCATAGAATCGCGCCGAGAGTTCAAGAAAAAGCTATATAAGATTACGAAATGGTGGTTAGCAGGAGTAATTGGGGTATTAGTAGCATCCGGGTTCAAGCAATGGACGCACTTTTCTCTGAGTGACAATGTTTTAATTGCTTTAATCACTACTACTACTATAAGTGTTATTGCGCTTTTTAAGACCGTCATGGAATACATTTTCCCAACAGGATCTCTTCATATTAACACGCCCCAAGATGCTGATGAAACGAAAAAATAGGTTTTCATCACTCCTTTAAATGTGACTTAGTGTTTTTGGTTAATTGACTTCATCTTATAGAATTCCATATCAATCCATTAAGAATCACCAGTGGTTGGATATAGAGGCGGCGACCGCCAGGACGAGCCCCAGCTAGGACGCGGAGAAGAACGTGGCGCTGGCGATGCGGGCCGGGTTTGAGGCGTGGCGGAGGTATGTCGCGGCGGCCGGCGGCAAGCCTGATCCCGATGTGCGGGATCGGACGCCGGCGATATTCTTTGGAGCGTAGAGGAGGCTTTCGTAAGTCCAAAACGATTTTACGAAAGCCATTTTCTATTTATTATCTTCTGGCACCCACTCTGTCACTCCGCTGTGATTTTTCTCTCCAGCAACGCGAGATAGATCCCGCTGAGGTCGCCAAACGCTTGGACGACGCGCCACCCTTCAGAAGCAAATCGGTTGAACTGCTCGTCCGTGATCGGAAGTGATCGTGCTCCTACCGGTTGGTTGATGCCGGTATTGCGCAGGGAACGATATTCGTAAATCTGTTCGGCTATACAAATTCTCCTTAGCTGTAGCCTTAAATAAGCAGCAATTAGAAGCCAATACGCTTCAAAAAATGATCAGCCAGAGTCCGCAAAACGATTGGCAGTACTGTCTTTGCGATCCATCGGAAGCAGGAATACACCTTCTGTTGTAAAAGAGGCTTCAACGAATTCCAAATTTGGTCCCGCCGCCATTTCTGGGCCGCCGCATATCCAGTCGTCACGACCTGGATGAAGTAACGTTCTTCCAGGGCGTCAAGCATATCTTCGTGACTGGCTTTACTTTGAAGTATCGACAGCAGACGAAGCCAACACTTTGTTATCCTGCTATCTTTCGGCGTAGCATAGCCTTTGCTCGCCAGGAAAATATTAAACAAGAGGAAGAGAAAGGCAAATACCGGATGTTGCTCCATCGCTTCTCTGAGACGTCTCTCCCGTTGGGCATCCATCGCGATGGAAGCTGGGATCCAGAAGATTACAGCTAGGACAAATGTCGTGATGATTGTCACAATGACCGGAGAGTTTTCCCTCTCAATCGCTCGGTAGACGATTTCAACTCCGCTCGCGCATGCGACAGCGTAACAAACCAATAGAGCGTTTAAATGAACATTGATGTTAGCAGTTCTTACCCTCACGAACGACCTCCCATAATTGAAACTCCATTAGCTATAGCGCTTGAGTGAGCAGGTGCTCCAGCAGATAGCCTCTGCCGAATAGCTTGAGCTTCGTTGAGCGCCTGTTCTCCTGTGGCCTCGATCTGGAAATATCGTTTGGCGCGACCTCCGCGCTCAGGAGTAGCTTCCCCCTGCCGCGAACTGATGAACCCCTTTTGTTCCAAGCGCTCTAGCGTAGCGTAGATCGACCCGACCGACACGCCACGTTGGGCATGCTCTTCCACAGTCTGCCAGATGGATACGCCGTAGGCGCTCGTTTCAAGGCGCGCCACCGCCAAGAGTACAATCTCCTCGAATTCGCCCAGAAATGTTCTCTGTGTCATATTGGCAACCTCCATATCTTCGCGTTATTAGAGTATATACCCGATATCTTCGCAAAAAGCGAAGATATGGGAGTGCGTCGATCATTTTTTTTGCTCCAACTCGTAGTGACTTCGTTGAAAGCGGCACCGTCGCATAGAAACGGTATCCGGAAGTTGCCGGTGGCATGCCCGATCGATGTTCGGTCCCGCCACATCGGGGTTAAGCTCGCCGGCGGCGTTCTTTGGGCGTGATCTTCCCAAGGCCCAACTCGAAAC
NZ_AP025739.1_gap47	1848384	1851164	2780	TATGGAACCCTGTTTCAGCGGGTGAGCCTCGATTTGGGAAAGACCTCCTCGGATCGGCGCGCGCTGCCAACCGACGCCCGGAAAATTCTGGCGGGGCAGGGCGACGACCCGGAGCTGGAGCAGCTGCTGTATCAGTATGGGCGCTATCTGCTCCTTTCCTGCTCCCGGCCCGGCAGCCTGCCCTCCAATCTCCAGGGGATCTGGAACGACAGCAATACGCCGCCTTGGTCCAGCGACTACCACACCGACCTGAATATTGAGATGGATTACTGGCCCGTCGAAGTCGCCAACCTGCCGGAGTGCGCGGAGCCTCTCTTCGACCTCGTCGACAGCCAGATTCCCTCTTGGCGCGTACTGACGCAAGCCGATCCGGAGTACAAGCTGGCGTCCGGAGCGCAGCCGACGATGGGATGGGACACGCGTGCGTCGTTCAACGTCACCGGGGGCATGGGATGGCTGTGGATCAAAACGACCAACGCCTGGCTCCTTCAAAGCTACTGGGAGCATTACGCATTTACAGGGGATAAAGAATTTCTGAGGAAGCGGGCCTACCCGCTGATGAAAGAGATCTGTCAGTTTTGGGGGGCGGAGCTCAAGACGCTGCCCGATGGCCGCCTGGTCGTCCCGAACGGCTGGTCACCGGAGCACGGCTCGTTCGAGGACGGCGTCAGTTTCAATCAGGAGCTGGTCTGGGACCTCTTTACCAACGACATCGCCGCCAGCAAAGCGCTGGATATCGACGCCGACGATCGCGCCCGAATTGCCGCGCTGCGCGATAAGCTGCTCACTCCCAAGATCGGCCACTGGGGCCAGCTGCAAGAGTGGGTAGAGGATAAAGATGATCCCAACGACCATCACCGGCATACGTCGCACCTGATCGGCGTCTACCCCGGCCACGAATTCAGCGTGCAAGAAACCCCCGCGATCATGGACGCCGCGAAGGTCTCGCTGCTCCATCGCGGCAACATCGGCGATGTCACCGAGTGGGTCTACCCATGGCGCGCCGCGCAGTTCGCTCGGATGCGCGACGGCGATGGCGCCGATCGCCAATTGACGCAGTTCTTCGCCGCGCGCAATTCCTGTGTGAACCTGTTCGGCTTATTGGGCGACGTCACTCCGCCGGTCATGCAGATCGATGGCAACTTCGGCGTCACGGCCGCCATGTCCGAAATGCTCCTGCAAAGCCAGAACGACGGAATTGACCTGCTGCCGGCGCTCCCCATGTCCTGGCGGACCGGCTCCATCACTGGCCTGCGCGCACGCGGAGGCTTCGTCGTTGACGAATCCTGGCGCAGCGGCGCCCTGAAAAGCGTGACCGTACATAGCGCCGCGAGCGCCGCGCTCACACTGCGCTACAAGAGAAAATCCGTCGCGCTTACCTTCAAGCCCGGTCAAACGATCCGACTCGATGGAAGCCTGACACGTCAATGAGCCCGCAGCACAGCGGTTAAGACGCCGTGTTCAAATGAGAAGCGCCGCTTCTTAGCGCTTCGCGGCCTGATAGATTTCCTGTACTGGCTTCATTTCCGGAGTCTCATACCATGCCCGGAATAAGAGGATGTCGCCGTGGCGTACGGAATCGATCAGCTCGGCGCGGCGGGTGTCGAGCGGGCCGCCGGAGGTGTCGGTAGCGACGGAGATGACGGTGAAGGAGTCGGGGTAGATGCGGCGCACGGCGGCCGGAGTGGCCGCGATGTCTTGTTTGAGCTCGTCGTAGGGGGCGCCGTAGGCGTAGTAACGCGTTGTCTGCTGCTCCGGGATGAGCAGCACGTCCGGGTTGGCCGTGGCGGCGTCCTGAAAGAGCCGCGCGGGGAGCAGTTCGTAGGCCTTTTCATCGCTCGGGCTGGATCCAAGGTCGAAGTGGACGTTCGAATCGACGTAGAACAGCGTGCATCCCCAGCGCTTTTTGGCGTAGGCGATCTTGTCGTTCAGGTTGTAGAGGTGATCGGCCACCTGGACCTGCTCCGCGATATCGCCATAGAGAGTCTTCATGGGTTTCTGGGGCCGCAGGCAGACGCCGACGCGCAGGCCGGCGTCCCGGAACTTCTGGAAGAAGCGGTCCGCGACCGGATCCACCTCCGCCGGCAGATGGCGCGGATCGCCCACATAGCTCATCGCGTGCGGATACTCCTGTCCCTCAATATCCCAGATGATCACGCCCTGGGCGTCGGTCGCCTTCAGCAGTGGAATACAATGGTCCGCCAGATCGAGCAGGCGGGTTTGCAGCGCCTGCCGGCCTTCCGGCGTCGTAACATCCACCGCCGGGTCGTTGTTGAACCACCCGCGCGGGTTCTTGCCATTGCCGGGATGCGGTACGGTCACGCTCAGGTTGAGATAACCGATCGGGCGCCGATCCTTCCAGGTCAAATGGGACGGGTACGCGGCGGCGTACTTTCGGTAAACATCGGTCGCGAGGGTGTCCGGAGCGGCTCCCGCCGGCCCGGTCCGCAGCGACAGATGCAGATGCGCGGACTCACCGGGGTAGATCGGACGGTCGATGCGCGGCGACGCCATCCAGGCGCTGGGAAAGACCGCATCGCGATACGTCGCCGCCAGCAATGGGAACACGGAATCCGGCTTCTTCGGGTCTCCGGTCGGCAGGCCAAAGTACAGTGGCTGCGTCACATCGTCGTTCGCCGCCGCCAGCGCGCCGCTTCCGTACTCAACCCCCACCACGGTCGGCTTGTCTACATTCGAGCCGGTGCGCAGGCCATCCTCGAAACTCTTCACCCCGCCGGGAAACTTGAGCGTGAGAAGCTGAATCAGAACGCCGCTCAGGA
NZ_AP025739.1_gap48	1855883	1857185	1302	AACTGCTGCGCCGGGTTGCCGCCGGTGTAGTCCCAGGCGTAAAGCTGCGCGCCCGGAGTCGTCAGATCCTGCTGGATGCAGGCGCACTTTCCGGTGACATAAGACGCGATGCGGAAGTGATCGCCATTTTCCGTGGGGGCGAGCGACCAGCGCTGGTTCGGGCCGTTCACATCGTAGGTCCACTGGTTGATGCGCGCGCCGTTGGTCGGATCGCCGCTGATCATGTCCAGCGGCATGCCGCTGTTTTTGTTGACGATCATGAAGAGGGGCGGGCTGGACGCCGGGCCGTCTGCGGGGAAGCTGGTGTTGTAGATCATCGAGCACTTCGCGGCGTCGGCGAAGTCCATCAGCACGGCGCCGAACTTGCCGCTGGTGTTCGCGGCGAAGTAGCTGGTGAGACGAGGATTGATGTTGTTGGAGACGTTCGGGATATTCGGGATTCCGAACGCTCCGCTTTGAACGCCGCTGGCGAAGTTGACGTAGAGCGTGTTCGGGCCGCCGTAGTGCGCTTCGCCGAGCACTTGCGAGATCTGTCCCCACTTCGTGTCATTGTTCGAGACGTTGTAGTTATCTTGAACGCGCAGATATCCGCCGGTGCTGAACGACGTATTGTCCGGCCAGTTCGAGGCGTCGATGCCCTTCGGCGTATTGCTGGCGCCAAATCGGCGGAACAAAACGATCTTGCCGCGCGCCTGATCCAGAGTCGGGATGCTCGACCCCAGGTACCATTTGCTCGGGTTCTTCGCGACATAAGAATCAAAGGTCTGTTCGAACGTGCGCGTGTCTCCGGAAGCCGTGTACTCCTCCTTAACGCTCATAATGACGGTTTCGCTGGGGTTGCTGTTCAAGAAACCGATAACCGCGTTCAGTACATCGTCAAAGTTCGCATTTTCGTAAACTTGTCCGTGATGAATGGCGAAGGCGTCGTTGATATGCCGGCACCGGATATCCATAAACCGGACGCCCGCGTTCAACTGGTCGCCGAAGCTCAGATTTTGACACTTCGCGGTCCCCGACACCGGCTCGGAGAGCGCTCCCGAGTCGTGAGTGCCGGGAATGGAGAATTGGGATAGGGGTAATGAGCCGTTCAGGCTGCTCATCCAGTTGTTTCCCGCAGCGTTGACGCTCAGTGGCGACGCCGCCAGCAGCAGACCGAGAATTCCACGCGTAATGAGTTTCATGTCTCTCCGTTTTCTGTGTAACACACATCAATGTGAGCTGGTCTTAGCGCTCCTCATGGGAGGCGCTTCCGGATTTGATCGAGCGCCCGCGCTTCCAAACGACCTGTCCGCGCGAACATCA
NZ_AP025739.1_gap49	1900037	1904785	4748	GCGTCCAGCCCATTGACGGCCTTAAGCTTCTCGCAGTACGAGGCGCGTGTCCGTCCGGAGTTGTTGGTCAGAAAGTAGACGTTTTTGCCCGCCGCCCGCAGGCGCTCGACGGCCTCCGTGGCGTAGGGGATTTGGGTGTCGCCGAGGTACATAACCCCGTCGAGATCGAACACATAAGTCGTGGTGGAAATCATATCGCGAAAGTGTAGCATACCGGTCGCCGGAAAGTCAAACGGGGAATCGGTGAGTGCGGCAAGAGCTTCCGGGGCCTTAGAGTTTGGCGCCACGGGGGGCAGGGTATAACTTGAATACCTACGAAGACGAAAATACCGAAGCGCCGGTCAATGCGGATCGGGTGTCTGGGAATAGATGCGCGAGCCGCCGAGTCTGTTAGGACAAGGACCGGCGAAGCAGGAAGGGAAACTTATGAAGTCGACGTCAGAATTGGATACCAAGCAGCGCATATATGCTCTGCAACACATAGAGAACGGGGAGTTTATTTGCTTGCTTCAGGAGGGCGTCGATTACCTGGCGTGTTTCTCCGACGGCGATACCGCGCTGGAGTTTCGCACCGCGCTTGGTCTTCAGGAGCACGTTGACCTGATCGCCATGACAATCGCGACCAGCCCATTCACGCACTTCTGGATGGACGGTGAAAGTATCGCGCTGGAGCATGAACTGGCGCAGCAGTAGAACTATCAAAAACGCAATTGTACTTTTGATCGCGCCGAATGCTGAGTGAGAATCGATGAACGAGGGTAAGCGCCCGGCTCCGGATGGAGCCGGGCTTTCTTGTGCGTGGGGTTAGGATCGCCTCTTAGAACCGCAGTCCCACATTCACCGCCGCGCCGTTGGCGTGGTCGACGAATTGGTATTTGGCGTTGACGTAAAGCGGGCCGGTGATCGAGTAGCCGAGTTCGACGTATCCGCCCAGGCGGGTGGCGCTGGAGATACTGCTCTGGTTGATGAAGTAGGCGCCGGCGCCGGCGCCGTAGAAGAAGCTGCCCGGGGCATAGGGCGACGAGCCGCCGGTTCCCGCGACGACGCCGGCGGTCAGCGGGATGACGGTTGAGTGGCCGCCGGATTTGGCGCCGGTCTCCACGCCCAGATCGAGGACGGTGCGCACCGGGACGCCGATTGGGTCGGGAACGGGCAGAGTATAACGGAAGTTCACCGACAGCTGTGTCGCGCCGCCCTTGTCTTTGGCTTCGCCGCTGCTGGGAATGAACACGCCGGCGGAGATGCTGCTCGGGTTGCCGACAATCGGCAGCGCCGGGCCAGGCGCGGCGGCGGCGGGCAGGGCGCAGCCAAGTGCGGCGGCGGCGCAGGCGACAATGGGCAGGTGGCGGGAACGCAGATCGGTATACTTCATGGGCGGATTCTTCCTTTGATGGTCTTGAAATAAAAAAACACCCCACGGATAACCGTAGGGTGTTCGTGGCTATGGTGTTGTTACCCGCAAACGCGAGATTACAACCGTGTTACAATTTCCGAGCTACAGCTGGACTTGGCGCGCGTTTTCCATGCCGTCGATCTTGAGGATCTCCTCGACGCCGCCATCCGGGATCGCGCTGTCGATCAGCAGGACCATCAGCGCGCCCTTGCCCTCGCTCTCGCGGCCGACATGCATGCCGGCGATGTTGACGCCCTTGTCGCCGAGCAGCGTGCCGACTTTGCCGATGACGCCCGGGCGGTCGGTGTGCTTGGTGACCAGCAGGAAGCCTTCCGGCTTGACATCCACGCGGTAGCCGTCGATCGTCAGGATACGGATATCCTTCGGGCCGAAGACTGTGCCGCTGATCTCGCGCCAGCCGCTCTGGGTCTCGGCGCGGACGGTGAGGACGGGCGAGCCGCTCTCATCGGCGCCGGTGCGGCTTTCCGTGATGTTGATGCCGCGCGACGCCGCCAGGCCCGGCGCGTTGACGTAGTTGACGCTCTCCGGAACCACGGTGTCCAGCACGCCTTTGACGGCGCCCCGGGTGATGTGCAGGGTGGGCAGGTCGCCGAAGTCGCCCTTGTAAACGACTTCGATGGCGCGTACGCCGCTCGTGGTGAGCTGCGATTGCAGGCTGCCGATCTTCTCCGCCAGGGTCAGATACGGCTGGATGCGGGCCAGGACTTCGGCGGACACCGACGGCATATTGACCGCCGCGCGCGCCGGCTTGCCGCTAAGGACATCGGCAATCTGCTCGGCGATGTCGATCGCAACATTTACCTGCGCCTCTTCGGTGCTGGCTCCCAGGTGCGGGGTGGTGATGATGGTCGGGATGCCGAGCAGCGGGTTATCCGCCGGGGCCGGCTCGGTGGTGAAGACGTCGATGGCCGCGCCGCCGATTTTGCCGTCCTTCGCCGCCTGCGCCAGCGCCGCTTCGTCGATGATGCCGCCGCGCGCGCAGTTGATCAGGCGCACGGTGGGTTTCATGGTCGCGAGCTGCTCCGCGCCGATCATGCCCGACGTTTCCTTGGTCTTGGGAACGTGGACCGTGATGTAATCCGACTCTTTATAAAGCGTCGGCAGATCGACCAGGCGGATGCCCAGCTTCTCGGCCTGCTCCGGCTTCAGGTAAGGATCGTAGCCCAGGATCGACATGCCGAACGCCTGCGCACGCTTGACGACTTCCTTGCCGATCTTGCCCAGTCCGATGACGCCCAAGGACTTGCCGTAGACTTCGGAGCCCATGTACTTGGAGCGCTTCCACTCGCCGTTGCGCAGCGCCTGATCGGCCTGCGGAATGTTGCGGGCCAGCGCCAGGAGCATCGCCACCGACAGCTCGGCGGCCGCGAGGGTGTTGCCTTCGGGGCTGTTGACGACGAGAATGCCGCGCTTGGTGGCGGTCTCCACATCGATATTGTCCACGCCGACCCCGGCGCGTCCAATGATCTTGAGCTTATGCGCGTTCGCCAGAACCTCGGCGGTTACCTTGGTCTCGGAGCGCACGGCCAGCGCATCGTATTCTCCAATGATCGAAGCCAGCTCTTCCTTGGGCAGGCCCGTCTTCACGTCTACATCCGCGACCTGCTTCAGGATCGCGATCCCTTCCGGAGCGATCGGGTCGCTCACCAAAACTCTCGGCATATCGTTGGTTGTCCTTTTCTATCGTTGAAAAATGGCGAGCCCTATTCCCCCGCGCTTTAGCGCGTTTCCCCTTTTTCCCAACAAGCTGCTGCGCAGGGGAAAAGGGGAGCCAATCATTTACGGCCATTCACACTCGACAAGTAGCGAATGAGAGGGGATATCGTTCACGAGCACTCTCATCTCGTTCTCTTTTGTTACTTGTCGAGCGAGCAAGGATGATAGTGATGAGCGCCCCTTTTCCCTTTGGGTAAAAGGGGAAAGCGCGCTAAAGCGCCGGGGGAATAGGGCCTATCCCCTTAACCCTTACGCTGCGCGAAATCCCGCAGCAGGTCGGCGAGCGTTTGGACGCCGGCGACCGGGAACGCGTTGTAAATGGAGGCGCGGAAGCCGCCGACGCTGCGGTGGCCTTTCAGACCGTCGAGCTTCGCGGCTTTGGCTTCGGCCAGGAACTCGGCTTCGAGGTCGGCGTTGCGCAGGCGCCAGGTGACGTTCATCAGCGAGCGGTCTTCCTTGGCGGTGACGGCCGGCTCGTAGAAGCTGCTCAGTTCGTCGAGCGCGTTGTAAAGGATCGCGGCCTTTTCTTTATTGCGCTTCTCGATGACGGCCTGTCCGCCCTCGGCCTCAATCCACTTCAGCACCAGGCCGACGACGTAGATCGCGAAGGTCGGCGGGGTGTTGTAAAGGGAGTTGGCGTCGCGGTGCGTCTTGTAGGCCCAGATCGCGGGGATATCGGTGCGGGCGGTGTCTAAGAAGGACTTACGGGCGGCGACAATGGTGACGCCCGCCGGGCCCGCGTTCTTCTGCGCGCCGGCGTAGATCATGGCGAACTTGCTGTTGTCGCGCTGAATGGCGGTGAAGTCCGAGGAGCAATCCGCGACCAGCGGGACATCGCCGACATTGGGCAGATCGAAGTATTCGGTGCCCTCGATCGTGTTGTTCGTGGTGATGTGGACGTAGCGCGCGTCGGGCGATACCGTGAACTGCTTGGGAATATACGCGTACTTGTCCGCCTTCGACGACGCGATTTCGCGCACGTCGCCCAGGTTCTTTCCTTCCTTGAGCGCCTTCGCGCCCCAGTCGCCGCCGATGATGTACTCGGCGTGCTGGCCCGCGCTCAGGAAGTTGAGGGGGAGCTGAGCGAACTGGCCGCTTGCGCCGCCCTGCAAAAAGAGCGGAACATAGTCGTCCGCGCTCAGGCCAAGGACGCGCAGCAGGCGCTGCTCCGCGTCGGCGTGAATGGCCTCATAGTCCTTGCCCCGGTGACTGACTTCCAGCAGGGACATTCCCGATCCATTAATTTCGCGCACGCCTTGCGCGGCTTCTTCCAGCACAGCCTCGGGCAGGATAGCGGGCCCGGCGCTGAAGTTGTATATCCGGTGGCTCATCATCGATATCTCCTCGAAAATTGTCCGCGGTCTGTTCCACGCATCAAAAATACGTCAAATGACTCCCGCAAATCGCATAAAGTGTACCTGTTTTTCGCCCAAACAGGTACCGGCAATTGAACGTTTGCCGCTAATGCGACCGGGGTACAGAAGAATATCAGCAAGATTCGAAGATGGAAATCAATATCAAGAAGAGGAACCAGCGATGAATGCAATACAAGAACCGACGGCTCACGTAACGACAGGACAGGTCGCCGCCGCCTTTGTGGATCGCGCCCATGCGGAGG
NZ_AP025739.1_gap50	1958826	1961239	2413	CTGCGGTGAGGGTGGCCGATTAAAAAGGGGTGGAGGCAGATGGACATCACTCGCCCTGTTTTTGCGCCGTCTTCATAGAGAATGTCGAACTGATCGCGGATCGTTTGTGCGAATTCTTCGCCGGTTTGTCCTTGTTCCAGAAAGGCCGCGAAGTCGTTGATCTCGACGGAGTAGGGGAGCGACAGCAGGGAGCCTGTCTTGACGCGCATGGGGTAGGGTTGCTCGTCGTTGACCCAATTGGCGACATATTGGATGCCGGCCTCGGCCAGCAGATCCAGTGTGTGATGGGTTTCGGTCAATGCGGGGCTGAGCCAGCCGCGCGGACGCGTTCCGGTGCTTTACTCAATCGCGCTGACGCCGGTTTGTATGATTGAGCGCTCTTCATCCTCCGGTTGGCTGTTGATGACCGTGGAGTTGTTGGCGCCGTGGCCCATCCACTCCCAGCCGAGCGTCTTTCCGGCTTCAATGATGCGTGGGTAGTATTCGCAGACATCCGAGTTGAGCGCCACTGTGCCTTTGACCCCGTACTTCTCCATCACTTCCATCAGCCGCCAGATTCCGACGCGCACTCCGTAGTCACGCCAGGAATAGTTCAGCACGTCGGGGACGAAGCCTGTGGTCCATTGGATGATGGAGCTGGAGGGTCGGTCGAATAAGAAGTGTTCGATATTGGGAATGACCCACACCGCGATTCTTGCGCCGTTCGGCCAGCGCAACGGAGGGCGGTCGATGATGGGGGAATATGGAAAACGATCGTGCTGCAGCGGCGCTGCTGATGTTTGCGGCATTTTCTCTTTCTCCTGGACTTTTTCTCCTCTACAGAGTGGTCCATTCCAGATTGCGTCAATGCCGGAATGGACCGTGGGGGCCGTTCTTACTTCACGAGCTTCGGGTTGCGCTCCTCGAAGCCAGCGGTCACGTAGTACGGATATGGCAACGGCTTGGCGCTGGCGGCGTCTAATATCGCGACTTGCTCCAGCGTCAGATTCCAGCCAACCGCGCCGAGGTTCTGCTTGAGCTGTTCTTCGTTGCGCGCTCCGATCACCACGTTGGCGACCGTCGGGCGCTGGAGCAGCCAGTTGAGCGCGACTTGCGGGATCGTTTTTCCCGTCTCGTGAGCGACGATCTCCAGCGCGTCCACCACGGTATACAGATATTCTTCGTCGACTTCCGGGCCGCCCGCCGCGCCGCCGCTGGCCATTCTTCCTTCGGTGACCGGCTGGCCTCGGCGGATCTTGCCGGTGAGGCGTCCCCATCCAAGCGGGCTCCAGACCATCAGGCCGACGCCCTGGTCCGCGCCCAGCGGCATCAATTCCCATTCGTACTCGCGCCCGATGAGCGAGTAGTAGCCCTGATACGCGACGTAGCGCGCCAGGCCGTTCTTCTCCGATGTCGCCAGGGATTTCATGACCTGCCAGCCCGAGAAGTTCGAGGCGCCGATGTAGCGGATTTTGCCGCTTTGAATGAGGTTGTCCAGCGCGCTCAGCGTTTCCTCAACGGGGGTAAGGCCATCGAAGGCGTGCATAAAGTACAGATCGATGTGGTCCGCGCCAAGTCGCTTCAGGCTCTCTTCCACGGAGCGAATGATGTGATAGCGCGAAGATCCCTGATCGTTCGGGCCGTCGCCCATCGTGAATGTGCTCTTGGTGGCGATCAGCGCCTGGTCGCGCTTGCCGCGCAGCGCTTTGCCCAGGATCTCCTCGGAAGCGCCGTGCGAGTAGACATTCGCGGTGTCGAAGAAGTTGACGCCGGCTTCCAGGCAGATGTCGATCAAGCGGCTCGCCTGCGCGACGTCCGTATCGCCCCATTTGGAAAAGAACTCGCCTACGCCGCCGAAAGTCGCCGTGCCGAAACTGAGGGCGGGGACCTTCAGGCCCGAGCGTCCAAGCTGTCGATATTCCATATTTTCTCCTTATGCGCTGATGATGGTTTCGTATTCGCTTGCTGGAATTGCCTCCGCGACGGCTGGTTTGGGCTTGGCTGTCCACACGAATGCGCCGGTGACGACCAGGCCGACGATGGAGATCGCGACGCCGGAGAGCGGGACGCCGTGCAGACCCAGCGTGGAGGCGACCGCCAGTCCGCCGATCCAGGCGCCCAGGGCGTTGCCGAGGTTAAATGCGCCGATATTCATGGTGGCGATCAGGCTTGGCGCGGCGCTCCCGACGGTCATGGCGTTCAATTGCAGGGCCGACGCCGAGGCGAAGCAGACCGCGCCCCAGACGAACAGCGTGAGCTCAGTGGGAATCACGGAGGCGCTGACCCAGTAGAAGACCATCAGCAGGACGCCGATGACGGCGGTGGCGCCCAGGAGCGTCGCGCTGAGCCTTCGGTCCGCGAGCTTGCCGCCGACGAAGTTGCCGACGGTCATGCCCACGCCGATCAGCAGCAGCGTCAGGCTGACGCCGTGGGG
NZ_AP025739.1_gap51	1962689	1963952	1263	TAACATATTTTCATATGGTTGATATATAGTGATATAGATATGTTTATATGTGAAATAGAAAGATAATCTCATGACTCTCGATCCAACGCGGCGCACTCCAGCAACGGTGACGCCGGAGGACGCCTGCGCAAGCATCGCGCATGACGGCGCATACCTACTGGATGTGCGCGGTTTCGACGAATTCGCATCTGGACATGCGTCCTGGGCCGTCTGCATCCCGCTGGCGGATCTGGAGCGCCGCGCCAGCGAGATTCCGTCCGATCGTCCGGTTATGCTGATGTGCCAGAGCGGGAGACGCAGCGCCATGGCGGCGGAGCGCTTGCGCGCTCTTGGCATGGACAATATCGTTGATGTCGCGGGCGGATTTGCCGCCTGGGAGCGCGCGGGGCTTCCCGCCATCAAACAGCGTGGCGTCATCCCACTCGAACGGCAGGTGCGTATCGCGGCGGGGCTTCTGGTGTTTGGCTTCTCGATTCTTGGATTTACGGTGCATACCGGCTTTTTCGCCGTGAGCGCCGCCGTCGGATTGATGCTCGCGCTGACCGGAGCTCTGGGGATTTGCCCAATGATGTCGTTTCTGAAGCTGCTTTCCTGGAATCGCCCCATGAAAAACTAGACGAAAAGCGAATACAAAGGAACAATGACAATGACCACAAACTATCCGGAATATCGAGCGCATCTTCAGGGCCTGATCGGACGCCTGCGCGTCCGCATCCCCGGAGTAATGAAGGGCTTTGGCCAGCTTCATCAAGAAAGCATGAAGGCGGGGGCGCTGAGTGAAAAGCACAAAGAGCTGATGGCTTTGGGAATTGGGATCGCCTCTCGGTGCGACGGCTGCATTGCGTTCCATACGCATGAAGCGCTGGCGCACGGAGCAAGCGCGGATGAGATTGGTGAGACTATCGGCCTCGCAATCTCCATGGGCGGCGGCCCCGCGCTGATGTACGCGGCCCACGCGCTGGAAGCCTTGGAGCAGTTCGAGAGGTCGCTCGCCTGACTGTCCGCTGAGTTCCAGGCAGAAAAGCGCAAATGAGAATTTCTTAACGTTTTGAAACCTCCTCTTATTGGGACATTGAAAAGTCAATCCAATGGGATCGACACAGGGAGGCGCGTGCCGATGAACGTTTTGATGCTCATGATGGTGGCGATCGCGGGCGGCGGGGTTTCGGTTCAGATCGCCGCGAACAATCGCCTGCGGGAAGCGGTGCAGTCGCCCGCGCTGGGAATCACGCTGGCGTTCGCGGTGGGGACCGTCGGCATGGC
NZ_AP025739.1_gap52	1970531	1974865	4334	ACCACGGGATGAAGCGCCCCCCATGTGATCGGCACAACCACGCCGCTCTCCTCAGACGCTTGCCGCGCCGCCACGCGCCGCCGAACGCGCATCGCCTGCCGCGCGCTGTCGGCGATCTCCTGAGTCTCTGGATCCAGAGGCCGACTGCCGCGCCACGCGCGGTTCACCCGGCGCATCCCCATCGCGATCCGGCCAAGAGCCAGCGCAAAGCCGGCCATCCAGACGGCCGTGATGAGGAGCGCCCACGGAATAGAAAACCCATGGCGCGCGGCCGGCGCCACGGCGACTGGTTCGGGCGCTGCGGATGCGGCGGCGATCGGCGCGCTGCTCTGATCCACCGCGCTGGACGCAGCTTCCGGAGACGGCGGCCGTTTCGTCGCCGTCTCCGGCGCGCTGTCCCGAACGGCCTGAACGCTTACCGCAGGCGCAGTCGCGTGTCGCCGCGCCACGGCGACATTCCAGGACGGCAGCGTCAGGGACAAAATGGGGAGAACGAGCACGCCGGCGACCGCCGCCGCCCAAACCACGTGCCGCGTGGACGCGGAGGCGCGGCGAAGCGCCCGGTGGACCGCCATCGCGGCCGCCAGCAGAAGAGTGCTTTTGAACAGCAGCAGCGGCAAAGCATGAAAGATAAATGCAGTCACTTGTCCATTCCTCTCGTGCGCTAACATCGATCTCGTTCACGTAAGAAGTCAGAAAGACCGGCGGTTTTCATCGCCCGCGCCTCATCGGACGGCTAACCACGATCGTCGTGTTCGCCTTGCTCCGCCGCCCGCGCCTGCTGGATCATCTCTTCTAACCGCCCAAGTTCTTCCTCGGTGGGCCGCGTCTGCTGGTTGGCGAGCAGCGTCGCCACGGCCTGCTCGACGCTGCCGCCGAAGAATGTCTGCACCACCTGCTCGATCGCGCTCTTGGCGACCGCTGTCCAGCTCTCCATAGGCGAGTACACATACTTGGTCCCCACCAGAGTATGCTTGATCTGGCCCTTGTCCTCTAAAATCCGCATAAAAGCGCGCACCGCCGAATAACTGGGAGCGTCCGGCATGGCGTCCCGAACGTCGGTCACGGACGACGCGCCGCGCTGGTAAAGAATGTCCATGATTTGACGCTCACGCCGGCTCAGCCGGTGCGGTAACAGCTTGTTCATTCCTGAGACTCCGTAAGTGCTAATAAAATCAGCAGGTAGATGCTAATCATATTAGCACTACCCCGCGAGTTTGTCAAGCCGAAGTGTTCGATTTCTTAGCAGGGAATATAGAGTTATTATTTGACAGGGTTATGACGCCGTGATATTCTAAGCCAAACCAAAGCGCTGCCGCGCTCTGCGAACCGATCGCCACTCGTCGTCAATATGCTAAGGTAGGGATTATGGAACCTTCATTGCCGATGGCCGCACGGAAATGTCTCGGCGCGCTCTGCGCGGCGCTGCTGATTTTATCCGCCGGCGCACACGCCTTTTCCGCGCCCGTGACGCTCATGCGCACGCCGAACGGCGGTATTCAGCCGCAGGCGGCCGTAGACAATCATGGCGTTCTCCACGTGATCTATTATCTGGGTGATCCCGCGCATGGGAATCTCTTTTACGTCCGCAAGAAGCTGGGCGCGGATGCGCCGTTTTCCCATCCGGTGCGGGTGAACAGCGTGGCGGACAGCGCTATCGCGCTGGGGACGATACGCGGAGCGCAGATGGCGATTGGGAAGGACGACAGTATCCATGTCGTCTGGAACGGTTCCGAGAAAGCTCCCAAAGGCTCTGGCGGAACCCCGATGCTGTATGCGCGTTTGGCGTCCGCCTCCTCCGCCTTTACCCCGGAGCGCAGCTTAATCACCTGGGCCGGAGGTCTGGATGGCGGCGGTTCGGTTGCCGCCGATCCGCGCGGTAACGTTTATGTCGTCTGGCACGCCTCAGCCCCGGGTAAGGATGAAGCGTCGGGCGGGGTTTATTTGGCGCGCTCTGGCGATGATGGACGGACATTTGCACGGGAAACCAAAATCAACACGCGTCCCACCGGACAATGCGGCTGCTGCAGCATGCGCGCCTTCGTGGATAGCGCGGGGACGCTGTATATTCTTTATCGCTCCGCCGGAGGGAATTTCGACCGCGACACCACGCTGCTGGCGTCACGCGACGGCGGAGCGAGCTTCGCATCTTCGATGCTCAGTCCATGGCGGCTCGGCGCTTGCCCCATGAGCAGCTTTTCCCTGGCTGAAGGCCCCGGCGGCGTAATCGGCGCCTGGGAGACGGCGGATCAGGTTTACCGCGCGCCACTGAGCCGGTCCGCCGTAATGATACAGGCCGCGACGGCTCCCGCCGGTTCCGGAAAGCGCAAATATCCGACTCTGGTCTCGAATAAAAAGGGAAAGAGTATGCTCGCCTGGGTGGAAGGCGCGGGGTGGGAGCGTGGCGGCGCGCTTGCGTGGCAGGTTTACGGGCCGGCCGGGCAGCCGGAAGGCCCCGCCGGTCGCGCGAATGGTGTTCCTGTCTGGAGCTTCGTCACCGCCGTCGCGCGAGACGACGGATCATTTTTGCTGATTTACTGAGAGCGCGAAAACGGGGAGCGTCGCAGGGTATTCGCATGAGGCGGGAACATTCGGCGTGCGGTGTAGTCCATATCCTTGTAACTGCGAGGGGAAATCGCTTCTCTCCCAGCTCTACAGGGAGAATACATCAATGAAGATTTCAACCTCGAAGATTATTGCGCTCGGCGGCCTCTGCGCACTGTTCGTCAGCGGCGGCTCCGCCGCCTTCGCGCAGGGCGATCATCAATATCAGAACAACGATCAAAGCCAGTCTCGCCAGGATAACAGACGGCATGACCATGGCCAGAACGATCAAACCTGGCAAGACGGACAGAACCAGTCTCGCCACGATCAAAATAACGGCGGTCAGTATCATCACGAACAGACTGACCATAACCGCTATCAGAATGGCGGACAGGATTACTCGTTTTCGCGGAGCAATCAGTATCGCCACGCGAAGCATAAGAACAGCCGGCGCTTCGGGCATTGGCGCAATTATGGCGATAATGCCGCTGGGAACCGGAACCGATACGACGATTCGCAGGGGAACTCCCAGCATCGCCACAATCATTAGACACGTACTGCTTTAAAAACATACAGCCAGGCGAAGGTTAATCCCTTGCCTGGCTGCCGCTCTTTCTCACTTCCGCCAAACTGGCTCCTCCGTCACGCAGTCCTGCTCCAGAAACGCCGTCGCGTTGGTGAGAAGATTAACGCGGTCCACCGTTTGCGGCGTCGGCCAGAATCCGCGCCCGAGCGTTCCCCCATTACTGGCGGCGTGCGAGCAGGACAGCCACATCGTCACGGAACGCGCCGTTGGCGTAAGCGCTGGCGTCCGCGACGATCGTCTCCGCTTGATGCTGAACGTTGGCGTCCACCTGCGTCTTCGTCAGCAGCCCCATCAGTCCATCGGTCCCCAGCAGATCGCGGCGGCTGGGGCCTGACTCGCTGATCCCGTCCGTGTACAGCAAGAGCGCGTCCCCGGACGCGAGCATGAAGGCGCGGTCCCGATACTCCGCGTTGTCCGCGACTCCGAGCGGCGGGCTTGCCGTTCTTAGCGCCTCGACGTCGCCATTCGCCTTTCGGATCAGCGCGGGCTCATGGCCGCAGGAGCAAAAGCGGATCTCTCCCGTCGCGGCGTCGTAGACTCCGATCCAGGCGGTCACGAAGCCAACGAGGAGATCGTGGGCGGTGACAATGGCGTTGAGCGCGGCGGCGGCCTGGGCGGGAGCGCGGTAAAGGTAGAGGGTGGTGCGCAATGTGTTTCGGATGAGCGCCAACTGCTGCGCCGCCGCCAGCCCCTTGCCAGACACATCCCCCATGACGATTGCGTACTGCTCTTTGTCCAGAACGAACACATCCATGAAGTCTCCGCCGACCGACGCTTCATCCAGGGCGGGCTGGGTGAAGCTGCCAAGAGAGAGACCCGGGATGTGCTTGGGGACGGTCGGCTGCAGCGCTTCTTGCAGCTGCTGGACGATGGCGCGTTCCTTGACGCTGACGCGGGCCGTCTCCAGCGCCGTTCGCGTGAGGGTCGCGGCTTGTTCGATCAGCGCGATCTCGTGCGCTGTCCAGATACGCGGCTCATCCATGGAAGCCCACAGCGCGGCCACCAGCTGCCCGCCGTCGAAGAACGGCACCGCCAGCAGCGCGCGATTCTGGGAAGAAAGCATCCCCTGGGCGATGGCTGGAGACAGCGATGCGTGTACATCGACAATGACCGCCGTTCCGCCGCTCGCGAACAGCTCCGTAAGCATCTCGGCGAAATCCGAGAGACGGTAGTCGCCGGCGAGAGAGGCAAGATCGCCTCGGTG
NZ_AP025739.1_gap53	1976144	1978846	2702	GCCACGCCTTGCTCGTTTCTGTCCGTCCACTCCGCCGGGGTCATTTTGCGAAAATCGAGCAGGCCCGCCGCGAGGTCGTCGCGCGTGTAGCCGACCATTGCGAGGAAAGTGTCGTTCGCGTCGGTGATCAGGCTCGTGTCCAGGTTCCAGAAGATCACCCCCACGACCTGAGAGTCAAACAGCCGGCGTAAGCGGCCCTCGGCGCGCTCACGCTCGGCGATATCATAGCTGAGAAGCGACAGCGCCGCCTCCCGCGCGGCTTGCGCGTAGTGCTCGTGCGTGATATCCCGGGCGAAGACGATCAGTCCGCCGCCCAGCTCCGGGACACAGCGCACATGGTCCCAGCGCTCCAGCCCGGGGGAATGCGCCTCGAACTCGACGACTGCGCGCTCCTGCATCGCTCGCCGAAAGTTGTCATGGTAAACCGCGCCCTCCAGATACGGGGCGGCCTCCCAGATCGTGCGTCCCAGGAGATGCTCACGCGAGACTCCGGCGAGGCGTTCGGCTTGCGGGTTGACATAGAGAAAGCGGTACTCTGCGTCGAACGCAAAGATCAAACTGCCGCTATCCTCGCCCAACTGTCGGAAATCTATCGCAAACTGCTCCATAATGCGAGGCCGCCTCGTTCTCGTCGTTAGGCTCAAACATCAAGTCGTCAATCCAAAACTCTCGCTCAAAGTATAGCATAGGCGGCGAAGTAATGGTCCGATGTCTGCGGAGGCCGGGCGTCAGGTCGAATCTCTGGAAAGCTCGCAGTTTGAACGAAGGCCAAATCCGGTTGACGCAGGTTTCACGGCAGAGCAAGGCGAACACTCAGCCATGAAAATCAGACGCCGCCTTGCGGACCTTTCCCCACAAGACTTGGACGATTACTCCATCTGGATTTCCATCATGGACGACTATGATGAAGATGAAGACGAAGAGCTGGACACCGACAGCCGCTGGACGCTTACTCCGTATATGCGACCTTACGATCCAAATAAGCCAGTGAGGATGGACCTGGTCTGTGTCGTCGCGGCGGATTTCTTGCTGGCCGATGGCGACAAATTCACGGGCTATCTCAAGTACAAGGGCGCGGGTATGGACAGCATCGAGCACGTCCAGCCGGCGATCGTGTCTGAGCATGGCCAAATCGACTTCTATTCCGGCGTGTTCCAGCCAAGCGTGGAGCAGCAAGACGCAGCATGTTCCGTGATTGGCAAAAGGCGCGCCGAAATCTTTCCGGTAACATTCGAAAGTCGCGTAGAAATTGCCGGACACGAGACAGTTGGGTATGTTGACGACTTTTACTTCTATGAGGACACGAAAAATAGCGGGGGAAACGTTCAATCCGTTAACGCTCCCGAGCGGAGCGGATCAGAGGCCGTGGAGTCCGAAGGCTTCATCGACAGCATTGAGGCGCTGGGGTGGCTGGAGCAGGCGGATAATAAAGAGCGCACCATCAGTGAGGATGGATCGACGCGTCTTTCCGTGGAATACTCCCTGAACTTGGTGCGTGAGCTTTACGCGGGAGGCGCCGCGCAGGTGCTGGCGTTGGGTATTGTCGTCGAGGACGACGCCGAGGAGGCCAGCAGCCTGAAGGTCATACTTCCGAAGGATCTGAAATCACGGGCGACGCTGTTCGCCATTGAAGCTCGCGCCCTCCGTGAGATGGACACTCCATTTGATCCTGCGGGAGAGCGAGGGCAAGACTCATTTACGCTTGGCTGGTAGACGAGGGGAAAATCTGATTTCTGCACCGCGGCGAGCGGGGCAGCATTAGGACGCTTGTAATTCGGAAAGTTGGAAGTCATGCCGACCCTAGTCACGCCAGCACGAGAAGACGAAGAGCGAGACGCCGTTGTCGCGGCCTGGGTGGGCCGGGGATGGAGCGTCCGCCGCCTGGATCGGTTCTGGGAGCCGCCCATTTTGGAGCGTGCGGATGTCAGACTCTATGGCGACATGACCTTCTGCCTATTTCTCGCGGAGCGTCTCGGTCTTGAGCTGATCTCACCGCCGGATGATCTGCTCTTGCGTGTGGACGCCCGATGGCTGGGGCGTGATATCCAAGGCGTGCTGCTGGCCGACGCGCTCCAGCAGTCCTATCCCATCTTCGTCAAATCCGCTGTTCCGAAACTTTTTCGCGCGGCCGTCTATGACGCCCCCAGCGACCTGGAGCAAGAAACCATCGGTCTGGCGGAAGATACCCTCGTGCTTGTGTCGAACCACATCAAGTTTACCTGCGAGGTTCGCTGCCTGATCCGCCGCGACAAGGTCGTATCCGCAGCCGTATATGAAGGCGAAGCGAATGTTGACGAGGCAAAAGTGTTCGCGGAGGATTTCGTTAGAAGCCACGCCGTCGCCGTCACCTATATCCTCGACGTGGGGTGGATCGAGGGGCATGGCTGGGCGGTGATTGAGGCCAACGCCATTTGGGGCGGAGGCTTGAACGGCTGCGACCCCGAGATAATGGCGGACTGCTTGGCCCTCGCCACGATTGAGTAAAACCTATGGGAATCTATAACTGTCTCCACACGGAAGTCCAGTGCCCGCGCTGCGGGGCGCGGACAGAAGCGATCATCGATCTCTATTTTGGCTTCAAAAATCTTCTGGAATATCACCTTGGAGATATATATCAGTGGCGTGAGCGCAAACAGCCACAGAACGGCGGCAGGCCCGATGGAGGGAATGTCGATGGTGAGGGCTATACAGAATGCGCTATC
NZ_AP025739.1_gap54	2115047	2118868	3821	CCTCAAAGCGTCGCTGTCGCTGCTGGTCGTGAGCTGCTGGCCAATGTCCAAGGCTCCGGCCGCGGGATCCCAGCGCGCAGCGCGGAGATGCCCCGCGACGGTAATGTGGCCGGCGATCTGACTGCTAGTCGTCAGGATTTTCCCTGGGCTATATGCAAATCCGCTGAGATTCAACCACTGGATTCCCCCGAGCGTGTCTCGAAAGAAATCTCCGAGCGGCGAGCTGGTTCCCAGTGTTTGCCCTTGCTCATTAAGCGCCAGCAGATTATTGTTGGCGGTTCCCTGCGGCGCAACATCGTGGAATCCTGTCTGAGCGTCCCATACAAAACCGTGATAAGTGTCTATGCCGGCAATTCTGGCGTAATAATAATTGCCGCTGACTTGCCCCTGGTTGTTAAATCCCGTAAGGGTTAAGGCGGCGTTTCCCGGAGCGGCGACAAAATTTCGGATATACTCCTGTGCGCAGGCCGGATGGATGCTGGAAGCCGCCATTCCTAGCGCTGCAATTCCGTACGCGATAACGCGTTTTTTCATGAAGACGTGTCCTTTAGCATTGAGGATGCGGGCATTAAGTCCTGATCATTATACAGGGATCTGTGACCTTGTTCGCCAGATTTGACTGTCGATTCGAAATCTTTACTTGTTCTTTGTCATGCAATGAGAAATCCTTAATTTTCGTATTGTTGTTAGCGCTCTCTTGAGTGACAAAAAAAGCCCAGCCGCCTGGATGGCGGCTGGGCTGGGGGGCTTTGAGCGGGGACTTACTTGATGAACAGCATCTCCTGGAAGGTCGGGAGGGGCCAGAGTTCGTCGGCGACGACGCCTTCGAGGGCGTCGGCGGCGGTGCGGACTTTCAGCATGGCCGGGAGGACATGGTCGCGGAAGTGCGTGGCGTGGGCGAGGGTGTCGCCTTCGTTTTCGTGCGCCATAACCTCTTCCAGCGTGGCGATGCCCGCTTCGAGGGAATCCGTCAGGTCGATGACCTGATCGAGTAGGGTGGTGTTGGGAGTCTTGCCGATGTTCTTCAGGTTGATCGCCAGCGACGAGAGCTGCGACTGGTAGGTGAGGGCGGCCGGCAGGATCTTCGTTTTGGCGATCTCCAGGGCCAGCATGGATTCGGTGTTGATGTCCAGGCAGTACCGGTCCAGCCAGATCTCGTAGCGGCTTTCGACTTCCCGCTCGGAGAGGACGCCGTACTTGCCGAGGACGGCGATGTTCGCGGGATCCGTCAGCGCCGGCAGGGCATCGATGGTGTTGCGCAGGTTCGGCAGACCGCGCTTGGCCGCCTCCTCATGCCAATCTTCCGAGTAGCCGTTGCCGCCGAACACGACCGCGCTGTGCTCGGTCGCGATGCCGGACAGGACCGTCTGGAGGGCGTCGTTGAACTTCTCAGGATCGCCGCCCATCTCCTTTTCGATCTCGGTCGCGACGAAGTCCAGGGAGTCGGCGACGATGCAGTTCATCACCACGAGCGGCCAGGCGATGGACTGGTTGGAGCCGACCGCGCGGAACTCGAATCGATTGCCGGTGAAGGCGAAGGGGCTCGTGCGGTTGCGGTCGCCGGCATGGCGCGGGAGGGTCGGCAGGGTATCCACGCCGATCTTCAGCGTGCCCGAGGTCTTCGAGCTGCTCGCTTTGCCTTCCTTGAGCTGGTTGAAGATGTCTTCAAGCTGTTCGCCCAGGAAGATCGAGATGATGGCCGGCGGCGCTTCGTTCGCGCCAAGGCGGTGGTCGTTGCCGGCGGACGCGACGGAGGCGCGCAGCAGGGTGGAGTACTTGTGCACGGCCCGGATAGTGGCGAGGCAGAAGACTAAGAACTGCGCGTTGTCGTGCGGGTTCTCGCCCGGATCGAGCAGGTTGCCGAGCTTGCAGCCGAGCGACCAGTTGACATGCTTGCCCGAGCCGTTGATGCCGGCGAACGGCTTCTCATGCAGCAGGCAGGCCATGCCGTACTTCGCCGCCATGCGCTGGAGAGTCAGCATGATGATGTGCTGGTGGTCGTGCCCCAGATTGGCGCTTTCGTAGACGGGCGCGATCTCAAACTGGCCGGGCGCGACCTCGTTGTGGCGGGTCTTGATCGGAATGCCCTGCTTGTAGAACTCGTGCTCGGCCTCCATCATGAACGCCAGAACGCGCTCCGGGATGGCTCCGAAGTAGTGATCCTCGAACTCCTGGCCCTTGGGCGGCTTCGCGCCGAACAGAGTCCGGCCGGCGTTCAGCAGGTCGGGGCGGGCGAAGTAGAAGTTGCGGTCGATCAGGAAGTACTCCTGCTCGGGGCCGGCGGACGCCGTCACCATGCCGAAGTCCGAGTGGCCGAACAGCTTCAGGACGCGCGACGCCTGCTGGTTCAGCGCCTGCATGGAGCGCAGCAGCGGGGTCTTGTGGTCCAGCGCCTCGCCGGTCCACGACAAGAAGGCCGTCGGGATACAAAGCGTGTTGCCGTTGGGGTTCTCGTAGATGTAGGCCGGGCTGGTGACGTCCCACGCCGTGTAGCCGCGCGCTTCAAAGGTGCTGCGGATGCCGCCCGATGGGAACGAGGAGGCGTCCGGCTCGCCCTGGATCAGCGCGCTTCCGGCGAATTGGGCGATCGTGCCGCCGGCGCCGTCCGGATCGAAGAAGCTGTCATGCTTTTCCGCCGTCAGACTGGTGAGGGGGTAAAAAACGTGCGTGAAGTGCGTGGCGCCCTTCTCCAGCGCCCAGGTCTTCATCGCCGACGCCACTGCGTCGGCCAGGCTCGCGTCGAGCGTTTCGCCCTTTTCGATCGTCCGCTGCACCGCCTTGTAGACTGGCTTCGACAGCAGTTCGCGCATGACCTTATCGTTGAAGACGTTCGTACCGTAGAGGGACCGGGATGTCTCCCCCTCCAAGTCGATCGCATTGACGAGCGGCTTGTAATTGATGACCGCGGATATGGCCTCTTGTCGGCCGGTTGTTGACTTCACTGCTGAACATTCTCCTTGTTGTGGTCGACGCAAACAAAAAGCCACGCAATGGAGGAATCCATCCCACAAACGTCGGGGGACGGAGCTTCCAGTACGTGGCTGCAGAGCCAAAATCTAACAACGATGTCAGAGTGAATACTTGCCTATTATGGCGCAGAGCGGCGATTATGTCAACTCGCTTGTTTACAGAAGCTTCGCCGCATTCTGCAAACGGCCAGACCCTCTAAGAGAGCGTCTGGCCGTCGAAGAAAGTTCCCAGAACGGTCAAAACGATGCTGATGGTCTCTCCCGTCGCCCAATTTACCGAGAGAAGCTCAGAGCTTTGCGATCACTACGGTCTGGTTCAAGGCGGGGGCGGTTGCCGGGAATCGCAGTGCGGTCGCTCCAGCGCCAGACTGCACATAATATTCCAGCGCCGGCGCGGCGCTCGGGGCCGGCGGCAGGGCCGCTTCGTACACAGACCGGGCGACGTGCGCCAGAGGGATGCGCTGGAATGCGCCGCGCCCCAGCCGCCGCCAGTAGAGAGCGCCGTTCTGGACGCCGCCCAGCAGGATCACTCGAACGTGGAGACGCTCGCCGGGCGCGGCCTGGCCGCGCAGGGTGGGGACGATGATCCGCGCGCTTCCCCGATAGCTGGCGGAGGGACGTATGGAGCCGGGCAGCGCGCGGCCCAGCGCGGCGGCGAGGTCGGCGTCATGGATGTCCAGGAAATGCGCGTGGCGCAGTGTATGCGTTTCTAAGTTGTCGATCGTGCCCAACGCGCCGGGCGTGTTGACTGTCGCCTCCTCAAGCGCGATCACTTGATCCCAGGCGCGGGCGAGCTGGATGCGCAGATCCAGCGCCTGCGCCGCCAGAGTCTTTTTCTTTTTGGGGTCAGCA
NZ_AP025739.1_gap55	2159134	2162457	3323	GAGACCACCGAGCTCCTCAATCTCCCCATCGTCGAAAAGCAGTTCTGACTTTTGTCCCCAAACTCTAAAACCTCTCCCGTGGCTTGCGGATTTTCTGGCATGGTTGACGCACCGCTTGCCTGGGCACAATTCTATCAGAGCGTCCGACATGTCACGCCTCGCGTGTGATTGGGCGCAAAATAGGATTTGAGGCGAACACGATGGACAAACGAACACGCTCGATACTTGCGGTCGCTGGCGGCGCGGCGGTCGCGCTCGCGGCGGGACAGGCGGTGCGATCGGCGCGGGCTTACGATCTGAAGGGCAAGGTCGTGCTGGTGACGGGCGGCTCGCGCGGTCTGGGTTATGTGCTGTGCCGGGAGCTTGCGCGGCGCGGCGCTCTGGTGGCGGCGTGCGCGCGAGATGGCGAGGAGCTGAAGGCGGCGGAACGGAAGCTGGCGGCGGAGGGCGTGACACTCTTCACGGTTTCCTGCGATGTGAAGCATGAAAGCGAAGTGAACGATCTGATCGAGATCGTCACCCAGCGCTTCGGGCGCATTGATGTCCTGGTGAACAACGCGGGGGTGATCGAGGTGTCTCCCGAGGAAGACCTGACGCTGGACGATTACCGTGAGGCGATCGATACGCACTTCTGGGGACCGCTCTATGGCATGCAGGCGGTGCTGCCGCAGATGAAGGCGCGCGGCGAGGGGCGAATCGTCAACATCTCGTCCGTCGGCGGTAAGATCCCCGTTCCGCATCTGGCGCCGTATTCGGCGAGTAAGTTCGCGCTGGTGGGCCTCTCCGGATCGCTGCGCGCGGAGCTGATGGAGGACGGCGTGGTCGTCACGACCGTCTGCCCCGGCCTGATGCGCACCGGCAGCCCGGACAACGCGATCTTCAAGGGACAAAATGCGAAAGAGTACGCCTGGTTCAGCATCGGCGATTCGCTGCCGGGCCTGACGATCAGCGCCGAAACCGCCGCGAATCAGATCATCGACGCGCTGCGCCACGGCAAGGCGGAAGCCGTGCTCTCACTGCCCGCCCAGATCGGCGCGAAACTGTACGGCCTATCCCCCAACTTCCTCTCCATCGCCCTCCGAATCGCTGGCGCCGTCCTCCCTGAGCCGGGCGGCATCGGGACGGCGCGCGCCAAGGGAAGCGAAAGCCACTCACCGCTCGCGCCGTCGCCGATCACGGCGCTGACACAGGAAGCGGCGGCGGCGAATAACGAGAATGTAGCGGCGGCCCAGTGACCTAAACCCGGCGTTTCGCATTGCCATCCTCTGGTCCTACCTACCCCCGGCCTTCGCGCACTCCCCGGCAAACCCACCCTCGGCCTTCGGGCGTCCTCTCCGTGGCAAACCCACCCCGGCGCTTCGCGCCACCCCTCCCGCCGACGGCTAAGCTTGTATCACATCTTTTGGGTGTGTACGAAATTGACGCAGAATATGGGATCCTAATATCGGAGGAACAACGATGTTAGGATCCGGGTGGGCCGAAAACGAAATTCAGGGGACAAAGTTTGGCGATGAGCGCTTCCGCCGTGTCATGGGGGAGACACTGGAAGCAAAGTTTTCTCAACCCAACGTCAGCTTTTCCACGATGTGCGGCAATGCTTTGAGACAATCGGCGGGACGTCTATTACGCCACCCAGAAACCAATGCGACGGATCTCCTGGAGGGACACCGGCAAGCAACTCTGCAGCGATGCCTGGGAGAGAAAACCATTGTCGTAGCCCAGGACACCAGTTCCTACAATTATTCCACCCACTACGCCACCGAAGGGCTGGGGCCGATCAATGACTCGAAAAAGGCGATGGGCATTCATCAGCATTCCGCGCTGGCGATGACACCCGACAGACTTCCGCTGGGAGTGGTGGAGGCTCACTTTTGGGCGCGCCCCCTGGAGAAGCAAGCGGCGGCGCAGCGACGCAAAAAGCCCATTGAGGAGAAGGAAAGCCATCGCTGGCTGCGAACGGCGAAACATGTGGAGCAGCTCTTTGAACCCCACCTTCGCCAAGGAGGAGAGGTGGTCGTGGTCGCGGACCGGGAAGCGGATATCTTCGACCTGCTAGCACAAGAGCGTGCTTCGGGACTGGAACTGATTATCCGCGCCGCTCACCCCCGCACTGTTAAAGTGATGGATGGGGAGGTGATGGATGGGGAGGTGATGGATGGGGAGGTGATGGATGGGGAGGTGGTGGACCGTTCGGAGGGCGCCACGAAAGAACCGGCCTATTGTTCTCTTCTGGTAGCGGCTCAGCAGGGAAACGTCCTGGGCCACTATACGCTTCGTGTTCCTGGACGGACCCAGGCTCAAGATCGTGACGCCACGATGGAGATGCGCCATTGCCGTGTGGAGGTTCAGCCGCCCAAAGCCGGTGTGGGACATGAGGAGAAAGCCGTTCCGATCCAAGTGGTAAGCGCTCGGGAGATCGTCCCTGAGGGAGATCCCCATGCCCCTTTGGAATGGATCATGATCACCACTGTGAATGTGATCGATATGGCGTCGGCGCGGCGTGTCCTGGATCTTTATACGTGTCGTTGGGAGATTGAGCGATTTCATTTTACGCTCAAATCGGGCTGCCAAGCCGAGCGTCTTCAGATGGACGATCTAGATACTCTTTGCAATACGCTCTCGCTTTACCTGGTGGTTGCCTGGCGATTGTTATATGTGACGCATTTGGCGCGTGTGATGCCCGAAATCCGCGCCGACCAGATTATGGATACAACAGAGCTTGCCATTCTCAATCAGCAGAGCCGTACTCCGATCACGACAATTTCGCAGGTGGTGACGGCCATCGCGCAGCTTGGGGGCTTTGAGCCCTACAAAGGCGGCCCGCTACCTGGGGTAAAAGTGCTCTGGAATGGGCTCAGAAAGCTCGACTCCATGGCGGCTGGATGGAGGCTCGCCATGGAGTCGATCAGAACCCAAAATGTGATACAAGCTTAGCGCCGACGGGAGGGGTGGCGCGTGTGCAAACTAGGGACATCGTTTACACTTTAGACCAGCGACATCCTTTACACTTTGAGTATGCTTGGTTGGAGGTTTTCCACCTTGCCATTCAAAGAATCGTCTCCGACAGACCAACGTCTCGCTTTTCTTCAACTTCTGGAGGGCGGCATGTCTCATTCTGAGGCATGTCGCTACTTCGGGATCAGTCGGCCAACCGGCTATAAAATCCTCGGACGCTATCAGAAAGAAGGCGTTCAAGGATTACTCGATCAATCCCGCGCTCCTCACCACAGTCCACAAACAACATCGCAAACCGTCATCGATCAAATCCTCGAACTTAAGGCTAAACACCCATATTGGGGCCCCAAAAAGCTCAAAGCAGTTCA
NZ_AP025739.1_gap56	2271622	2274592	2970	CGGAACCAACGTCCACGGGACCTACTTACAGCAGTTCGTGGACACCTTCGCCACCGCGCAGCAATGGACCGCCACCAACGCCGGCGGCAATAGCTGGGTCTTCGCGAATGTCGCCGGCGGCCTCGCCATCGACGATTATAATTGGAGTACGACGGCGGGAACGCTGATCGACGAGTGGGACAACTGGGGCGGCGCCGTCCAGCAATGGCAAGTCGTTCCGGTCAGCGCGAACACCTATCGGCTCATCAGCAACGTGAGCGGCATGAACATGGAAATCCAGAACGCCAGCCTCGCCCCCGGCGGCGCGGTCGGCCAGTTCCCCAACAACGGCGCCGCCTGCCAATACTGGTACTTACAGCCGCTGTAAACTGACGGAGCCGTGAAGAAGAAATCGTGCGGACGCTGATTTTGTGATCGTCTTTCCCACAGCTTCAACTGTGGGAAAAGACGATCGCGGCGGGACGGATTACGATGTCCGCGTCTGGCTCAGCGTCAGCGGCACTTCCTTCAGCAAGTCGCCGTTCAAATAGAGATCGAAGCGATAATTCCCAAACTTCTCGAATTTCAAATTTGTGAGATGGATGATCATCGGGATATTGATCGCCCGCGCGGACGGGGGAATGACGGCCTCGAATGGCAGCGGGCCGACGTAGTTGACGGTGTGTCCGTCGGCGTCGATCAGTTTCACCTCCAGCATATGCTTCATCCCCTGCTCCTGCATCTCCGCGCGCATGGAGACGGCCAGCACCATAATCGGGTGCACCGCCGGCAGGGTGGGGGCGTAGAGGTCCTCAAAGATCCCCAGAATATTGAGCTTGCCTTCCCCCGAAACGTTCGCCGCGTCCGCGACCACCGCCAAATTGAGATCCATAATTTTTGATTCACTCCCGCGCACCGATAATTTCTCTTGTCGTTTGTGGATTATACCGGGCGGCGCGCACTATAATGAGTCGAAGACCACAGTGTTTCGCCGCAGGGGCGGTAACGAAAACGAAGAGTGTGTATCCCGCTGGCCGGTCGTTGGGTATTTCGGCGCGCCCTGGCCCTTTGCCTCGCGCTCTGGGGAGCGCCACTTTGCGTGTGGGCTCAGGGCAACCCCGCCAATTTGTTTCACGACCTCCCCGGCCAGCCCGTGGCGCAGCGGCGGCTTTGGTCGAACAAATCGACCTCCAAATATCTCGTTCGCCTTTTCTGGGGCCGATTCCAAATTGTCATCAAGCCCCTGGAAACGAACGGCGATGACGCCTCACACTTATCCATCCTGGATGCCCACGGTCACACAGTCAAGCAAATCACAGCGGATTTCTTGGACGAAGTCGGCCTGATCCAAATCACGGGGCGAAGCCCGAGCGAACTCTACGTTCGAGCGTCTCCCATGTCGAATACGCAATCGCTGGCTCGAACCTACTATTTCACGCAATCGCCCGCAGTTCACACACTGATGATTGCCGCAGGAGGCTTGGACGCCGTGCATCGCCTTGCGGGAGGACATATCGTCATAACCTCGGTGAACTGCGCGCCCATGGAGTGGCTGGAGGATCTTTCGCACGCGCAAGATCCCGCTGTCGTGATTGTGGGAGAAATGCAGGACGGCCGCTTCCATCTCAACTACTGTCGCTATCCGCAGGCATCCGTGCGGGTGGCGCTGGCTTACCGAAAAGAGCTTTTGACGAAGCCGCGCATGGGAGCGACGACCATTGGGCTGGGAGAAGCGATCGGTTATTATGCGAACTTCTGGACGATTGGACGCGGCGCGGAGGCGAGCGCTTGGCTGCGCCGGAATCTGCCGTCGGAGCGCTGGGAGAATTTTGCAGATGATTTGCCGGAAATCAATCAACGTCTGAAGCGTCTCTCGCAGCTCATTTGGAGAAATGACCGCCGCGATTACACGGTGAAGTCTCATGACCAGCCCTGGTGGCCGGACCGATAGGAGGCGCTGGAGCTAACGAGAGCTGGATGCGATTTGCGTGGGCCGATAAATAATCTCCAACTGCTGCCCCTGACCGGCAATAGGCCAGGACTTCATGTTGAAAGTCTGCATCTGTAAGCCGAAGCTCGCGCCGCTTTCGCGAAGTTTCTCCATGACGTCGTGCGGCTCAGCAGCGCACATGGCTTCCACTGTCACTTTGTCGCCCTGAATTTGCATGGACGTTATCGTGATATCCGGAGCCAGCACCTGGGCCAGCGCCTCTTTCGTGAGAGAGTGCGGAGCAAAAGCCGCATTTGGCCGGAAGTTGTATTCGTCTGACTGGGATAACATCTCTCCATGAGAATCGAAGGCGGCGACGGAGATGCTGTAAAGATACCTTCGGTCGAATGGTGGGTTGGCGCCTGCAAGGTCGATCGTTTTATGAGTGTCCGAGGTGGGCTCGGTCAATGAAGGGATAGAAACCGCTCGCCCGGTCTCCGAAGAAAACTGCCCCTCTTTAGAAAACTGTTGGAGCCATCCCATGATGATCATCTGATAGGTTGCCGCGCGGGGGTAAGCATCCCAGCGGACTTCCAGACGCTTGCCAATGAATAGCACCGGGGAAGGAGAATAAGACGACTGAAGTTTGAACGGCATGTGAAGGGCGACGCGCGGCCGCACGATCGCTGCCGGCAGCACTCCGACGCGGCTCTCGCAAACGAAGCCGTATTGCAGTCGCGTTCCTCGGTCGTCCGAAATGGAGCCTGAGGTTGGTGGCCCAGGCGTTTGGAGCGTCGCTGGGGAGTGCAGCTTGGAAGATGTCAGCGTATTGAGTTCCTCAGGACTGTATCCCCGCGATACCTGGCTGCAGATTCCGCGATAGGCAGGAAGATAGTAGCATCCATCCTTGTCTGTCGTGATATAGGAATAATTGAGCTCCGTGGCGTCCTGCTGTCGCAGGTGACCTGTGGAGTAACAGGTGACGCCTGTGATGATACGCAGACCTGCGACAGGCGTTCCGTCCTCGTATTCGACCCGTCCCCCTATGATGACGGGCGCAT
NZ_AP025739.1_gap57	2282542	2283949	1407	GCGCGATATTGGCGATTGACCAGGCGAGTTCGTTTGGCTCCAGTGCTCCGTTGGCGATCAGATTATAGATGTTCGCGCGCCATCGGGCGTGCGCGTACTTGGAAAAGTCTTGATCCCCATCCACGCCGCGACTCTGCTGTTCGGTGAGCGTGGGAAGCGGGGCGCCGGGATCGTCCCAGCGTCCATACCAGTCCGCGCGCCACTCCAGAGTGCGCTGCGCTTTGACGAATACGTCCATCGGGTGAGCGCCGCTGCTCCGCGCCGTTCGCCAGAGGCGCGTTAGGAAGGCGTGCAGGAGGTCCGCGCGGTAGTCGCTCCAGTCGTGCTGTGCATTGATTTCGATGCCCCAGTCATCAAATTCCGGCACGGATGTATCCACGTCGACGGCTGCTTCAAAGGTATCGGGGGCGAGGTCGACCGGGTCGACATGGTCCCTGCGCAGAAAATCGAGACGCAGGGCGGGGGTATATCCGAGCGAGTAATCGCCTGCTTGAGACTGGGAGCGAAATGGACGATCGTAGCCATGCACGCTCGTTTCTCGCAAAGCGATCCCCGTAACCCCGGGCGTCGCGGCGATACGCTGGACGATGCCGGTGAGGGTTTCCGTGGTGGAGGAAGCGCCGGGGCTGACGTAGGTCTTCAGCGGGGTCGGCTGCCGATCGGCCTCGTCCGGCGACATCCCTAAATCGAGGATGCGCATTCGGCGCTGCCCCGAGACGCTTGCCTCGGCGGAGGTTTCGCCGAGCATCGTGAGGTCCTGGGAATCTTTGGGCGCCGACGCGCCCCAGTTCAGGATATCCATGCGTACGCTGACGGAAATGCCGGCGTTCTTCGCCTTCGCCAGCGATTCCTTCAAAATCGCGTCGTTTTCGCCCAGGTGATTTTGGCCTTCGGAAAATGCGTCCAGCCACAATTCATTGAAGCCCAGCGTCTTCATATCGGCGACGATGTCGTCCACATCTTTTACCGTGCGGGGGCGCGCAATGACGGCGCGACGGGAAAAGGGGCGAAACGCCTCGGCGAGCTGCGGGGGCTTTGGCGCGGCGTGCTCCGGCTGAGGATGAGCCTTCGCTTCCTCAATCGCTTTGCGCTGCTCGTCTTCCTGTCGTTTTTTCTCCATCTCGTCACGCAGTTTTGCCGATGGCTCCATCAATCGGTCCGTCTGCAAGTAGCTGTCCAGAACGATGGGCGTCGGGAACGCGGGAGTTTCGAGGCTCACGGCAGTCGCCGCCATCAAGAGGATGGGGTACTCCCCGGTGGGAACCGTCACCTGGCCGAAGCTGTCCTGAGGGTCCGGCGTGGGGGGATTGGCTTTGTTCCAATCCTGAACGATCTTGGTGATGGCGGTCTGCTGCGCCGGCGTCAGTTTGCGGAACGGGACCTCCGTGCTGTGACCCGAATTGGATG
NZ_AP025739.1_gap58	2310723	2314821	4098	CTCGCCGGGCGAGAGGCTGTAGACGATGGCGCGGCCGCATTTGCGAATGGCGTCGTCAACGGCTTCGATCTCCGCCGTATGATAGGGGCGCGAGGTGTCGTCCATCTTGATATAGTCCACGCCCCACGACGCGTAGAGCCGAAAGATCGAATCGTAGTAGGCGCGTCCCGCCGGCGTGTCGCCCCGCACGCCGTACATGTCCGCGAGCCACGGGCAGTTATCCGCCGTGTTCGCGGCGTCCGCCGCATGGAACGGCGAGCCTTCGATTGGCAGGTTCGCCTTCACGGCGTTTCTGGGAATCCCGCGCATGATATGGATCCCGAACTTCAGGCCCATGGCGTGGATCTTGTCGCCGAGCGCCTGAAACCCCGCGCCGCCGGCGGACGACGGGAACCGGACGGCGTTGGGAATAAGCCGTCCAAAGGCGTCCATATCGAGCGCTTCTCCCTCATGGCCGTTCAGCGGCTGATGGATGGCGTCCGGTTCATACCACCGATAATCCACCACAACATACTCCCACCCGAACGGCTGCATCTCCTTGACGAGATACGCCGCATTGGACAGAACCTCGGCCTCGGTGACGCTCTGGCCGAAGCAGTCATAGCTGTTCCAGCCCATCGGCGGCGTTAGCGCGAGCGACTGGCCGGCAATGATGCGAACCGTCTGATCGTCATGTCCATGGGAGTTCGCGGCGCGCACCCGCACGGAATAAGCCCCGGCTTTCGCGACGCGGCCCGTGACGGTTCCGGTCGCCGCGTTCAGCGTGAGCCCCTGCGGCAGTCCCTTCATGGAGAACGACAGCGGCCGCGCGCCGGTCGCCGCGACCGTCCAGACCATCGGCGCGCCGGGGTGTGTTCCGATCACGAACGGCGGCCGGATCTTTGGCCCGGCGGGCATGCCCTCCATGGAGACGACGGGCGTGGCTGCCGCGAGCGTCGCCGTTTGCGGCGGCGCGCCCTGATAGGTAAACTGCGCGTCGGCCCAATCGGCGTGATCGTAATAGAGAGCGTCGCCGCCGGTGGTGACGCGCAGCACGATCTGTTTGAGCCCCGTCACATCGACATCGGCTTTCGCGGGCGGCATCCCCTTGCGCATCACGCCGCTGCGCCATAAGATCTGATGCTTGTTTCCGAGCACCTGAAACTCCACGCTTCCGATATCGTTGGGAATCTCATCATCCACCCCCACCGTCGCCGCGAAGCGCGTGGCGCCGTTCACATCCACCGCCAGCAGCCCCGGCGCATGCGTCCCGAACCCATGCGCGTACGCCTGTCCGGCGAGGGTGATCGGCTTCCCATCCACCGCTTTATCGATCTGCGGCGCTCCATAGCCCTGAGTCGCTTTGGAGAGGTCCAGCGCCGAGAGCAAGACCGTGTCGGCTCGCGCTCCGGCGGCAAAGAGGACAATGGCCGCCGTGGCCATTGCGGCGTGCGGAATCTGTCGAGATTTCATGGTTTACGAGTTCGCCTTAAACACACAAGAAACCTCCGACCGCGATGGCGATCGGAGGCTGGGAGAGAAACGATAACCGGGACGCCGCCCGGTTTAATCGGGGAACTTGCGGCCCGCTCCAAGCTGCGGGGCGCCGTCGGCGGAGTATTCGTAGCCGGGGAACGTCGCGCTTGGGAACTGCTTATTCGCCGAAGTGCTCTTCGATTGATCCCACAGCGCCGCCTTGACGTGCCCGTCGGCGTACAGGAAGTTCGCGAGGTGGTCGAAGTGCGGCCAACCGGCGGCAAAACCGACCGTGTCCAGCGATTGGACATCCGAGCAATAGCCCCAGTCCTGATAGATGTGGCCGCCGCCGAAGGCGCACCAGCCTCGCTCGACCAGTTCAATGGTTTTGCTTGGCGAGGGAACGGCCGCGAGGGAAGCGCCGACGCTCGATTGCTGGTAGTCGATCAAGTGCGTCGCCACGGCGTAAGATCGCTTGACGTTGCCGCCAACGCCGGGAAGGAGCGTCAAAGGCGGCAGCGCGTCGTCGGGGCATCCCAGGACGGCGGTGCTTTTCACATATGGCTGGATCGCGACATCCCAGGTGACCGGTGTTCCCGCCGAATTGAGGTAGGGAGGATTCGCCCATGCGTCGACGCTGGTGAAGGCGTTGTTGCCGCTGGGCCACAGCTCGTCGTTATCCTGAATGTACTGCATAAAGCCGATGCCGAGCTGCTTCATATTGGACGAACAGCTGGTCTGGCGCGCTTTTTCGCGGGCCTGGGCGAAGACGGGGAAGAGAATGGCGGCGAGGATCGCGATGATAGCGATGACTACGAGTAGTTCGATCAGTGTGAAGCCGCGCAGCTTCCGTGAGTTTAACAATTTCATGACGCTTCTCCTGTGGCGAATTCGCCACGCTTGCCAATAAGGGACGATGCTTGCAAATCTGCAAATAAGACTTGATAATTCTACTACGGCGTGCTACGATACGCAATGCACGCAAATGGAAGTTTATTGCACCAGGCTCCAAGCCCTTTTCGAAACGCCGGCGTCGCCATCGCGGCGATCGGGCAGGATTTCCCGTTTCACCAGGATCAATTCTGGGAGGTCATGTACCTGCGCAGCGGCCATATCACCTGCCAGCAGGGAGCGGAGCGCTTCGCGATGCACCCCGGCATGATCATTATTCACCCGCCGCGCGTGACGCATGCGGACTTCGCGACGACGGCGTATCTCACCTACTATCTCTGGGTGGACTCCGATATGGCCGCCACGTGGCCGCGCTTGTGCTATGACGACGAGCATAAGAGCCTGGAGCGCGTCTGCCAGTCCGTTCTCCAGGAATGGGGCGCCCGAAACCCTGACCGAAACCGGATGCTGAGCTTGCTCTACGACCAGATGAATCTGCTGCTGACGCGGGAAAACAGCGTCAAATCCTCCGCCGGAGAAGCCGTCGTGGCGGCGGCGGAACAGGTAATGGAGGCCAACTACCGGGAAAAGCTGACCGTGGGGGAGGTCGCCCGGCGGATCGGGGCGTCTGCGTCCTCGCTGCACGCGCACTTCGCGCGTCTGCGCGGGCAGACGCCGATGGAGCGCCTCCAGGAGATCCGGCTCCGTCACGCCCTCGCCCAGTTGCACCACACTACGCTGACCCTCGATTCCATCGCCACTCTCTGCGGCTACCATTCGGCCAGCCATCTCAGCCGCCATGTCAAGTCGGTCACCGGGGAAAGTCCGGGGCGGCTGCGCGTGCGCGAGTAACTTCATCCGTGGGTATATCCATACTGCACGACGGATGAAGGAGCAGCCCATGGGTTTTGACCAATATCACGAGCCGGCCGATGAATTGCCGGATGAAGTACGGACCTTCGCGCGGATGATCGCGTCGCTGGGAGAAGAAGCGGAGGCGATCAACTGGTACGAACAGCGCATTTCCGTGGAGAAAGACAAAGACGCCGCCGCGATTATGCGCAATGCTCAGCTGGAGGAGTTCAAACACTTCGGCATGGATCTTGAATTTTTGCTGCGCCGCAAGCCGCAGTGGCGCAAGACCTTGCAGGGCATTCTGTTCCAGGACGGCGATATCGTCGAGAATGGCGAGCACGCCGAAGAAGACGCCGACAAGTAATATCGATGACCATCGATCTCCGCGACGTCCTCGGGACCCAGCTCCCGGGGGCGTTTCTTTTCGCCCTCATGTTTTCACCGCGTAACCACTATCCACTTTCCCCGCAAACGTGCCGATAATAGACCGTCGTACAAAATTTGCACGCTGCTTTTCCCGTCGAATGAGGGAAGGGCGATTAACAGGCGGTTCCATGCAGCCACTCGGCTTTCACAATCTGACTGCGCGTCGCAGCGCGCGCTGGGAACTTTGGCGGGGATTGCCCTGTCTTGTTTTCCTTGGATCCCTGGTCGTTGCGGCCAGCATTTGGATAGTCGTGGCGCATCTCAATCGCCGGGATTTTGACGCCTACAACCGCCAGACGGTTGTCAGCGTTCAGCGGGAGATCGCGACGCGGCTGCAAGCGCGTCTGCGGAACCTGACGGGGTTCTCCGACCAGTGGAGCGTGTGGGGGGAGCCGCCGGCGGACCGCTGGCGCTTCGATGTCCAGCTGTTCGAAAAGGCTTACCCGGAATGCCGATCCATCGCTTTGACCG
NZ_AP025739.1_gap59	2333729	2337308	3579	CCCACAGGGAGCCGTGGGTGTACTGGCCGCCGTTTTCGCGGACGCCGGGGAGGTACCCCTTGATGTAGCCGGGGTCTTTGGGCGACTTGTCGAAGGGCGGCGTGAAGAGCAGCACCATCTTGTCGTCGCGTTTGACCAGATTGTCCAGCACGCTCTGCATCGCCTGCCGGGCGCGCGCGGGATCGCCGGCGCCGGAGATGACGGCCCAGGACTGCGGGAGCGAGTCGATGCGCGCTTCCTTGTCCTGCGCCGATCCGAGCGGTGAGCCGTCGTCGAAGTAGGCGCGGCGGTACCAGGCGCCGTCCCACGCGCTTTCGTCGATCGCGGCGGCGATCTTGAGGGCGGCGGCGGCGTGCTCGTCGGCTTCCGTCGCGGCGCCTTGAGCGCGCAGCATGGCGGCGAACTCGTTCAGCACCACGATCAGGAACCAGGCGAGCCAGACGCTTTCGCCCTTGCCGCCGATGCCGACGCGGTTCATGCCGTCGTTCCAGTCACCCGCGCCGATCAGCGGCAGGTCATGCGGCCCGTGCGTCAGACCCTTCTGGATCGCGCGCCGGCAATGTTCGAGAACCGTCGCGGTCTGCGAGGAGACGCCGGGCTGGAAGAACGCCTCGTGCTCGTCCGGCCCGAGGAGTCGGCCGTCCAGGAACGGCGCGACTTCATCCAGCACGCTCGTGTCGCCGGTGATCTTGACGTAATGCGCGGCGACCAGAGGCAGCCAGAGCAGGTCGTCCGTGATCTGCGTGCGGACGCCCGCGCCGCCCGGCGGATGCCACCAGTGCTGGACGTCGCCCTCCGGGAACTGGCGCGACGCGGAGCGCACGATCTGCGCGCGCGTCATCGCCGGATCGGAGTAGACCAGCGCCATCGCGTCCTGAAGCTGATCGCGGAAGCCGAACGCGCCGCCGCTCTGGTAGAACGCCGACCGTCCCCAGATGCGGCAGCTCAGGTCCTGGTAGACCAGCCAGCGGTTGAGCAGGAAATTGACCGCGAGGTCCGGCGTCTCCACCTGGATCGTTCCGAGGTAGTTATCCCAGAGCTGCCGTGTGGCTTGCAGCAGCGATTCCGCCTGCGCCGATGACCGGAGCCGCTGGACGAGCGTGCGGGCTTCGCCGAGGCTGTCGGTCTGGCCGACCGTAAAGATGACTTCGACCATCTGGCCGGGCTCCAGCTCAATCGCCGTCTGGAGCGCCGCGCAGGGGTCAAGACCGGCGCCGGCGCGGCCTGAGAGCGGGCCGCCGCGCATCGCGGCCGGGCTGGAAACCGAGCCGTTGCGGCCGAGGAACTCCCCGCGGTCCCCGGTGTACGAAGAAGCCGCCGGAGAGATCGCCGCGAAAGCGATCCGCGAGCCGAAGTCCGGATGGTAGTGGTTGCGCGCCGTGATCATGCGCCCTTCCGTGTCCCAGTCCGTCACCACATGCAGCTGCGTCTCCTCGCGCTCCACGCCCAGATCCCATTCCACATAGCCCGTGACCGTCAGGCGCCGCCGGTGCGAGGACCGATTGGTGAGCTTCAGACGATGGACAAGGACCGGGAGGCCGTCGTTGTCGTGCGCGGGTACGAACAGCGTCAGCTCCTGGACGATCGCGTGGCTGTTGTGCTCGAAGATCGTGTAGCCCTGGCCGTGACGTGTTCGATAAGGATCGCGCTCGCGGACCGGCGCCGCCGTGGGCGTCCAGAAGATGCCCAGGTCTTCGTCGCGAATATACAGCGCCATCGAGACCGGGTCCGAGACCGGATCGTTGGACCAGGGCGTCAGCTTGTTGCTCTGGCTGTTGCCGCCCCAGCAGTAACCGCCGCCCGATTCCGTGACGAGCGCGCCGAAGTTCGGGTTGGCCATGACGTTGGACCATGGCGCGGGCGTCACATCGTCGGGGCCGAGATAGATCGCGTATTCATGGCCGTCCTGCGTGAAGCCGCCCAGCCCGTTGAAGTACGGCAGCTCCATGAACGGCAGCGCCTCCGACGGCTCCTCCGAAGCGGGGCGTCCGGCGGGGCCGGTGGGCGCGGGCAGGGCGGGGCGGATCGGGACGCTGAGCTGCTGGCTGAGCGATCCGCGCGCCGCCACCAGCACCACGCGGGCCACCGTCAGGATCAGCGTCAGGTCTTCCTCGCCGATCGCGGCCGCCGGGCGCAGGAACACGCCGCCGGGCTGGTCGATCCCCGTGTACTCGGTGTGTCCCTGGATCATGCGGCGCAGCTGCTCTTGCAGCGGCTGCTCGTAGCTCGACGATTCCTGATTGAGGATCACCAGATCGCACTTGAAGCCGTGGACGCGCCAGTAGGTGTGCGCCTGAAGCGCTTCGCGCACCATCTCCAGATCGTTGGTGTCCGCGATGGTCACCACCATCGTCGGCAGGTCGCCGGAAATGCCCTGCGCCCAGAGCCGCGATTGGCCCAGGATGTTGCGGCGCAGGCGCTCGGCCGGCGGCCGCAGGGCCTTGTTGGGATAGAGCATATGGCCGGCGAGCTGCTGGAAGCGCAGGACATCGGTCCCCTGCAATCGCAGGTGGCGCAGCTCCAGCTGCGCGTGAGTCCAGGCCATCTCCATGGCGCGCGCGGTCGCGCCGATGTTGCGATACTTCTCGACCAGGGCGACGGCTTCGTCGTGCCGCGTGGCCGCGATGGTCACGAATGACACATGCGCGCGTTCGCCGGGCTCCAGCAGGATGTGCTTGCGCAGGGCGAACACGGGGTCCAGGACCGGTCCTTGGCTGCCGGTCAGCGCGCCGTGCAGCGCAGCCGGATCGGCGGGCGTGCGCCCGCGTCCCAGGAAGATCGAACGGTCGGTCTCGAACTCGGTGGGCTTGGTCGCGTCGCGATTCGCCGCGACGACGTGCGCCGCCCACACGGGCGCCTCATTGGCGGAGCGGGGACGCCGCCACGCCAGCATGCCGTCCAGGTCCTTCAAGACTTCCGTCTGAATGAACAGCTTGTTGAACGCCGGGTGCGCCCGGTCGGCGGCGTGCGGGGCCAGCGCCAGCTCGGCGTAGCTGGTCAGCTCGATCTGTCTTGGCCGGAGGGACTTGTTGATGACGGTAATGCGTCGGATCTCGGCGTTGTCCTCGGGAGAGACGACGATCTCCGTGACGGTCTCGATGCCGTACTCACGCCGCCGGAACTCAGCCTTGTCCGGCGAGAAGAGCGCGCTGAAGCGCTGCGCGCTGCCCGTGGTCGGCTGATAGGTCGTGGACCAGAAGGCGCCGCTTTCGGTGTCTCGCACATAGCAGAACTGGCCGTAGGAGTCCCGGGTGGCGTCGGCGCGCCAGCGGCTGATCTCGGTGTCGTCGATCTTGCTGTAGCCGCCGCCGGCGTTGGTCACCATGACCGAGTAGTGGCCGTTGGACAGCAGGCTGACCTGAGGCGTGGCCGTATCCGGCGTATCGATGGTGCCGGTCGCGTGCTGCGTGGCGATCGGCTCCAGGCGCGGCTGCGGGATCGCCTCCCGGGCGCTGGAGACGGGGATGGAGGCCGCGGGGATGCGCTCGAACAGCAGCGATTCGACGGCGCGGACACGCGGGTCTGAGTGGAACCGCTCCTGCATGATGTTGCCGTTCAGCGCGTTATCGATCGCGGTGA
NZ_AP025739.1_gap60	2342596	2344671	2075	AGAGTGAACGGACAATCATTACGAGGCGGGGGAATAGGGCTGTCCTCGCTCTCATAGCTCTGTGTTACCCAAAGAACGGCCTGGAACCATCTTCCCGAGTCGTCTCGTTTATGTTACAATACGCCTCGGGGCGCTTCCCCGCGCGATTTGTATGGATTCAGAGGAGATCTCATGACGACTACCCATGGATTTGAACTGCTGCGTGAAGCAGAGGCGCCGGAGCTGAAGAGCAAGGTGCGCTTGTATCGCCATGTCAAGACAGGCGCCGAGTTGCTCTCGATCATAAATGAGGATGATAACAAGGCGTTTGCGATCACCTTTCGGACTCCGCCGGCGGACTCCACCGGAGTCGCCCATATCCTGGAGCACTCCGTGCTGTGCGGCTCGCGGAAGTATCCGCTGAAGGAGCCGTTCATCGAACTCGTCAAGGGCTCGCTGAAAACTTTTTTGAATGCGTTCACGGGATCTGCTGAGACATACTACCCAGTCGCAAGCGTCAATACACGTGATTTCTACAATCTGGTGGATGTCTACTTCGACGCCGTCTTCTATCCCAAGCTGACCGAGCACATCTTTCAGCAGGAGGGATGGCACTACGAACTGACGGATCCGGCGGAGCCGCTGATCTACAAAGGCGTTGTTTTCAACGAGATGAAGGGCGCCTACGGCTCGCCGGACACCGTGCTTTACGACGCCGCCGAGCGCTCGCTGTTTCCCGATCACGTCTACGGCGTCTCCAGCGGCGGCGACCCGAAAGTGATCCCCGATCTCACCTACGAAGGGCTGAAAGCGTTCCACGAGAAGTACTATCACCCGTCGAACTCGCGGATCTGGTTCTGGGGCGATGACGATCCGGATGAGCGGCTGCGCCTTTCCAACGAATATCTGAGCGAGTTCGACGCGCGTCCCCTCGATTCGCTCGTTCCCACGCTGACGCGCTGGACCGAGCCGCGCCGGCTGTCCCAAACCTACGCCGTGGGCGCGGGCGGGGCCGAGCCGGGCCGGGGCATGCTCTCCATCAACTGGGTGCTCACCGACGACACCGTCGATTTCCAGACGGATCTGTCGCTGGACATCCTCAAGCACATTCTGGTCGGCACGCCGGCGGCGCCGCTGCGCAAAGCGCTGCTGGAATCGCGGCTGATCGAGGATATGGGCGCGGGCGTTTCCGACGGCCGACAGCGCGCCTGGCGAACGGGGTTCAAGGGCGTCGATCCCGCGAACGCCGATCAGGTCGAGACCCTCATGCTGGACACGCTGCGCAAGCTCGCCGACGAAGGCATCGATCCGGACGCCGTCGAAGCGGCGATGAATACGGCGGAGTTCAGCCTGCGCGAGCTTAACACCGGCGGCTTCCCGCGCGGCCTGATGGTGCTGTTCTACGCAATGAGCAGCTGGCTCTACGGCCGCGACCCGATCGAGCCGCTTCAGTTCGAAACGCCGCTGACGGCGATCAAAGAGGGCGTGGCGAAGGGCGGATACTTCGAGAGCATGATTCGGGAGTACTTCCTGGACAACGCGCATCGCACGACGATCGTCTACACGCCCGACCCCGGCCTCGCCGAGCGCGAAGCCGCCGCCGAACGCGCCAAATTGGAGACGATCAAGGCGTCGCTGTCCACCGAGGAGCTCGCCGCGATCGTCGACGAGACGAACTATCTCCAGCAGCTTCAGCAGACGCCCGATACGGAAGAGCAGCTTGCAACCCTGCCGCGTTTGACCATCGCCGACCTGGACCCGAAGGTGAAGATCGTCCCGACCGAGGTGAAGACCGAGGCGGGCGTCCCGGTCTACCATCACGATCTGTTCACCAACGGCATTGTCTATCTGGATCTGGGATTTGACCTGAAGGTCCTGCCGCAGGAACTGCTTTCTTACCTGCCGCTCTTCGGCCGCTCGCTTCTGGAGATGGGTACGGAGAAGGAAGACTTCGTCCAATTGACCCAGCGCATCGGCCGTAAGACCGGCGGCGTTTCGCAGCAGCTCTTCACGAGCTCCCTGCGCGCCGCCGAAGGCTCCGCCGCGCGTCTCTGGATCCGGGCAAAGGCCACGCCAGCGCAGGTTCCGGACCTGAC
NZ_AP025739.1_gap61	2359217	2360476	1259	TTACGAAGGCGAAGATTTCGAGTATCGGCTGGCGAAGATCAGCGCGGAGACCGACAAGGTCGCTCTGGGGATCTGGAACGGCCAGCTTGCCGGTCCCGCCTTCTTCGGCCTGATCACCAATCCCAGCCTGCTGGATGTCGCCGAGCAGATCTGCGGCGAAGAACTGATCGCGAGCAGCGTCTACCGCCTGCGCCCGAAGATCCCCGGCCACCGCAACTCGGCGGTCCCGTGGCACCAGGATTCGGGTTACTTCGAGCCGTACTGCGACAAGGCGCTCGTTCTGACCGTCTGGCTTCCGCTGGTGAACGCCGACGCCTCCAACGGCTGCATGTGGGTTCTCCCCAAGACGCATCTGGGCGAAGTCGTCCCGCATATCCAGGCAAACGGCAAGCCTTATCTGGAAATCCCTGACACGCATCTGCCCGAAGGCGAGCCGCTGTGCGTCCCGGTCAAAAAGGGCGGCGTGCTGCTCATGACCAACAAAACCGCGCACGCGAGCTTTGAAAACTCGACCGACCGCGTCCGCTGGAGCATGGACCTGCGCTACCAGAGCGCCGCCCTGCCCACGAACGCAAATATCACCCGCCTGCCCGGCGAATCCGTCCCGTCGCCCGAGGACGGTGTCCCAATCGCCTGCTACCCGCCCGAAGCCGACTTCCTGGTGCGCAGCAAAGCGCGTCCGAACGAGATCGTGACCTCGGCGGCGGAGTTCCACCGCCTGCGTAACGAACATCTCGCGCAGCCGATGACGAACCGGTTCGCGGGGACCTGGGCTTAGAGAGGAAAATGCCCCTGGCCTCACTGGCTCGTCGGGTAGTTTTCACGTCGGCGTTTTACCCGAGTATAAAACTCGGGCCTTGGGAGTCGCTTCGCGACTAGGCGTCCGTGCCGGACGCAAATGCCGACTATCGAACGCTTGGCTCTTCGTCCGGGACGGACGATTAGCGGCTTTTGCCGCTCCCAAGGCCCGGCTTTTATAGCCGGGTAAAACGCTGACGTGAAAACCTACTCTGATGAACCGATGGGGACCCGGGGGCATCCTGAGAAGCACACTATGCCACCACTCGCCCTCCAGCTTCGCGGCGTCAGTAAACGCTATCCCGGCATGCTGGCCGTGGACGCCGTGGATTTCGACGTCCGGCCCGGCGAGGTCCACGCCTTGCTCGGAGAGAACGGCGCGGGGAAGTCGACGCTGGTCAGTTTGATCGCCGGGTCGTTTTCGGATTACACGGGCGACGCGTGGATCGACGGCGAGCGGG
NZ_AP025739.1_gap62	2361532	2364660	3128	AGCCGACGCGGGGCGTGGATGTCGCGGCCAAGGCCGTGATCCATCAGGCGATTGTGGAGGCGGCCGGCCAGGGCGTCGCTGTCCTGCTGATCTCTTCGGACCTTCCCGAACTGGTCGGACTGTCGGACCAGGTGCTGATTTTACGCAAAGGCCGCTTGATCGGACGTTTGGACAAAACCGACTGTTCGGAGCAAGCGGCGCTGCTGGCCGCGAACGGTCAGGGAGCGCTGTCGCCGATATGAGCCAACCGATGAGTTCTCCCATTGTTTCCGAGCCGCATCACGATCGGGCCGCCGCTCGAGCCGCCCGGCTGCGCGGCGGCCGAACGGCCCCGCGATGGGTGAGCGCCGGCGGCGTCTTTCTGCTGGTCGCGGCGCTCGCCGTGCTCGGACGGATCCTCTCCCCCGATTTTCTCACGGCGGGCAATCTGCTCAATATGCTGCGCGCGGTGACGCTGCTTGGTATCGTCGCGATCGGTGCGACCTTTGTCACATATAGCGGACATTATGTCGATCTCTCCACACCTGCGATCATGGCGAGCGCCGGGATCGTGACCGTGGCGGCGCTGCCGCTGGGGATTGCCCCGGCGCTCGCATGCGGCCTGCTTGCCGGAGTTGCGGTCGGCGCGATCAACGGCGCCGTCGTCGGATACCTGCGCCTCAACCCGATTATCTGGACGCTGGCGATGGCCTCCATGATCGACGGCGCCATTCGCTGGGGATTCCATGGCCAGCAAGTGTATCCCAATGAAGGAACGGCGGCGGGGCGGATCATGGTCTCGATGTACGCCGCGCAGCTTCCCGGCGGCGTTCCGGTGATTGTCGCGGTCTTAGGCGCGCTGGCGATCTTAGGGTGGTTTCTGATGAACAGTACGGCGTTCGGCGCGCGCGTGCGCTTGGTCGGCGCGGCTTATGAAGCGGCGCGCATGACGGGCCTCGACGTTCGGGCGCTGGTCGCGCTGGCGTTTGTTGTGTCGTCGGCGACGGCCGCTGTCGGAGGGATCCTGCTCACATCGCTCAATAAAGTCGGCGCGGCCTATATCGGATCGGGATACGATTTCATGGCGGTCACGGCCGTCGTCATCGGCGGGGTGACCCTGAACGGGGGGCGCGGCTCGATCCCGGGCGCGCTGGGCGGCGTGCTCGTCATCGGCCTGCTGCGCAATATCATGACGCTAATTGGGATCGGGTCGTTCGGCCAATTGATCGTTCAGGGGATCGTGTTCATCGCCGCCGTCGGCGCCAGCGCCTATTCTCTGCGAAAGGCGGGCCGCGATGATTCGTGATCCTCTCTCGCCAATTTCCCCAAAGGTCCCAGCGCCAGCGATGAAGCGAGAGCCCATGGCGCCGTCCGGCGATCTTGCCGCCGCCTGGGCGTATCGGGCGCGTATCTATTTGCTGTGCGCGGCGATCTTTGCCGCCATGGCCGCCGTCGCGCCCGGCTTCCTGACGCCTGGCAACCTCTCTTCAATCCTGAAAGGGACGAGCGCCAATCTTTACGCGGCCATCGGCCTGACGATCGTGCTGATCGCCGGACAGCTCGACCTCTCGATTGGCGCGCTCATGACGGTTGGCGGGATGGCGGCGATCGGGCTGGAGCCCAAACTGGGCTGGCCTGGCGCATTCGCCGTCGCCGCGCTCTGCGGCCTCCTTGTCGGGGCGATCAATGGCCTGCTGGTGACGAAGGCGAAGATCAGCTCATTTATCGTGACTCTCGGAACGATGACGATCCTCGGCGGCGCCGCGAATCTGTACAGCAAGGGCGGGACGCTCTTTGTCAGCGACTTCTCCTTCGCCGACCGGCTCGACCCCGCCGGCCTCCTCTTCACCCCGCGCGTGCTGCTGTCGCTGGCCGCTCTTGTGCTGTTCGCTCTTCTGCTGCGGCGGACATCCGTGGGGCGCGGTCTCTATCTCATCGGCGGCAGCGCGCGCATGGCCTGGTACTCCGGACTGCCCGTGGACAGTTATGTCCTCGGCGCTTTTATGATCTCCGGGCTGCTTTCGGCGCTGGGCGGCGCGCTCTTCGCCGCCAGCCTCAACTCGGCGAACCCGAGCATGGGCGACCGTTCGCTGATGCCGGTGATCGCGGCCGTGATCATCGGCGGAACCAGCATGAAGGGCGGCAAGGGCAGCGTGATCGAGAGCGCGGTCGCGGTGCTGACTCTGGTGGCGCTGATCAACGGCCTTTCGTGCCTGGGCGCCGGCTTCGAAGTGCAGCAGATCGCGAGCGGCGCGGTGCTCGCGAGCGTGGTCGCCTACGACGCCTGGCGGGCGGTCCGCGCCGCCGCCGTGCGCGGCCGGCGCAAGGAGCTTCTGGCGGAGTTTCGCGACAACGATCTCACGTTGGTCAATGAGGACGACAGTATTACGGAGGAGAATAACTCAGTGGAGCAGCGCAAGGACCGAACTTTCGCGATGGCGTGCGTGGCGATGGTCGCCTGCGTCGCCATTGTCGCCATCTACGCCCTGTCCATCCGGAGGCCGCTGGGGCCGTTGCCGGAGACCGAGCCGCGCACAGCCTCGGCGTCAGGCTCCGCGACAAGCGGCGCGGCGGCGGCCGCGCAGGCGGACGCCGCCGTGATGGCGCTCAAAGCCATCGACGGCCAGCCGCTGATCTCCGTGGACGACGCGCCGCTGAACGCCCCGCCCCGCCCCGCCAATCCCGACGCCCTGCCGCTGGAAGACCCGATGCACTGGTACGACCAGGAGTACGCCGGCTGGAATGTCGTCCGTCAGAACATGCCCAAGTCCCCCGGCGGCCCGCTCGCCGGGAGAAAAGTGGTGTGTTTGCGCTTCATGGACCATCCCTATCTCACAGCGTACACGCGCGGCATGCAGAAAGTCGCCGATGCCTACGGGATCCAGCTGACAACATTGGTCGCCAACAACGATATCAATGTCCAATCCCAGCAGGTCGATCAAGCGATCAACGAGCGCCCCGACCTGGTCATCATCACGCCGGTGGACGCTACTGCCGTCGTGCCGCTGCTGCGCAAGCTCAATCAGGCCGGCATTCCCGTGATCGCCAGTAATCTGATGCCCATTGCGCAGGGAACGCCTTACGAACTGACCTGGACCGGCCCCGACGACTGGGGCAACACGCGCATGCTCGCCCGCGAATTCGCCAAG
NZ_AP025739.1_gap63	2379553	2382230	2677	TCGCGCGACCAGGCCAAGCTCGATCAATGCACATTTCAGCTGAAGTCGATCCACGCCGGATATGTCAAATATAAGGCCGATCACGGCGGCGCCGCGCCCAAGACTCTGGACGACGTCAAGTCTTACATCTTCGGACAGGAGCAGACCTTCCGCTGCCCCTCCGGCCTGCCCAGCGCCAACTACGACCCTCCCTTTGGCGGCGCCCCGTCGAAGTACATCTACGATTACCACTACCTCACCTCTTCGGGGAGCGACCAGATCGTATGCAGCGACGCCGAGCCGCACGTCATCCGTCACATCGTCCTGAAGTTCCTCAACCACGAAGTCCGCAACGTCCTCTACGCCGACGGCCGCATCGTCGCAATGCCCGAGAACGAATTCGAAGCGCTTCCCCCCCAAGCAAAGACCGTCGCCCACAAATAGATCGACCGCGATCGCTTGAAATTCGGAACGGATTGCGCCATCATCATGTCATGATGATGGCTCGCTTTGTTTAAGGAAAATCCGCCGAATGCAGATGAATAAAAAATGGGGAGCTCCGCTGGCGGCTCTGGGCGTGATTTTGGTTGTGCTGTGCATCATCGCCGCGTTCCGGAAGACATTCGCGACCTGGGCCGTCTCCTCTGCGCGGGCGCACGCGCATCGTCACGAAGACACACTCGCCGCGCGTGATTTCAAACTCGCCACGATGCTTGATCCTAGCGACTATGCCGCGCATGACGATTATGCAATTGTGCTGATGCGCCAGAAGAAGTACGCTCTGGCAATTCAAGAATTGCACTCCGCATTGCGTTTGCGCCCCTACGATACCGATCTGCATTTTGATCTCGCCAACGTTCTCGATAAGGCAGGCAAACGCGACGAAGCGATATCGGAATGGCGACTTGCAATTCAGTATGACGCACAGAACGCTCCCGCTTGCGTGGATCTTGCGATGGAGCTAATCAGAAAGAAAGAATATCCCGAGGCAGTCTCACTGGCTCGCCAGGCAATACAGAATGCTCCTGATGATTACATTGCCCAAGAGACGCTGGGCAGCGCGCTGATGCGCCAGGGCGATTTCGCTGATGGCGTCGCCGCCTATCGAGAAGCTGTAAGGATCGAACCGGACAATGCAAGCATACACGCTCGGTTCGGAATTGATCTAAGAAAGTCGCACCAATTCGACGGAGCCATAGCGGAATATAGGGAAGCAATTAAACTCGATCCGACGAGAGCGCAATACCATGTCCAGTTGTCCTATGGGCTTAGTCGTCGAGGCGAAAACGAAGAGGCGCTGGCGGAATCTCAGGAAGCCGTCAAATGCGATCCGAAAGACTCCATTGCGCATAACGATCTCGGATACGATCTGCTTATGTTGCATCATCCACAAGAGGCTGTTGATGAATTTCACCGCTCTCTAGCGCTCGACCCAAACCGCGCAGCTGCACTCGATAACTTGGGGTATGTCTGCTATCGGCAGGGGAAGAGCGATGACGCTCGTCAAGAATATGAAGCCGCACTGAAAATTGCCCCGGATGATCCGGTGATTCGGGCGGACTACGCGGAGCTGTTGGCGAGCCAGGGAGATACAAAATCTGCTTTGGCGGAATCTCAGAAAACCTTGAACCCTACGCCCGACGATCCGATTATTTATAAGTGCTACGGCTATGTGCTTTACAAATCTGGCCAAAAGGCGCATGCGCGCCAAATGTGGAGTAAGGTGCTGACAATGGACAGCGCGGACGCGGCGCAGCAGGCGAGGGAGTATTTGGCGAAGTATCCATGAGCAATGCATTTCAAGAGCGGTCCGCCAGGGGGCGCAATCAAACTTTACGGGGAGTGCTGCTTGCGACGGCCTGTGTTTTTGTTGCGGGAGTGGCCCTGGCCTCCCGTCATGTGATTGGAGAGCGATTCTATCGGGCCGCGCTTTGGCAGTCCCATCATCAGAATTACTCACACGCTGAAGCGGATTTCCATACCGCGATGCGTTTTGACCCAAAAGACAGCAGGATCTTACGTGGATATGGTGTTATGCTCGCCCAGGAGAAGAAGACGCCACTGGCGATGGCGGCGTTTCGTGAAGCTGTGCGTATCGATCCGGCCGATTACAAATCGCACTTTGATCTGGGCCTGAACCTGCTGAGTACGGGACAAACCGCCTCCGCGATTCCCGAGCTAGAAACCGCAATTCGAATTCATCCTGACTACGCACGCGCTTATCGTACGCTGGGGCTGGCGCTCGTCGCTGGCGGTGACAGGGAGGCTGCGAACGCGGCGTATCGCCATGCGATTCAAATCGCGCCGCGCGACCCTATCGCGCATGAATATTTGGGAAACAGTCTGGCGGCTGCGGGCAATATCAGCGCCGCGATTGAGGAAGAGCAGCAGGCCGTGCGTCTCGCTCCGGCGGACGCCCATGCTTATGTGTATCTGAGTGAAGCGCTCTTTGCAGATCATCAATACGAGCGCGCCGCTAACGAAGCGCAGGAAGCGGTCGCCGTTGATCCCCGGAACGCTCGCGCTCACTCCATCCTGGGGAAGAACCTCTTTATCCTGCATCGATGGGATCAAGCTGTCAATGAATGCTTAAGCGCCGAGCGCCTGGATCGCAATCTCGTATCGCCGCATATCAATCTCGCACTGATCTACTTTGCGCGTGAAGACTGGGATCACGCCCTGGTGGAGAATCAGGCTC
NZ_AP025739.1_gap64	2393376	2397367	3991	GTTGCCGTATCTCTGCCAAAGTCTGAGCAACCGCGACCTGGCGTTCTTTTGGCAGCAAGCCTATATGATCACTGGGTTAGAAGACGCCTATGAAAGAAACTATTCCACCAGCCGCAAGCAGCTCATCGACACCATGCTGAGTGGATTCATCACACAAAACCTTACGAATTGGTCCTGGGATGACTGGAACGACGATATTGCCTGGGCTTGTATCGCGATGGTGCGAGGCTATGTCGAAACCGGCAACACCACTTATCTGAATGAAGCCGTCAACAACTGGAACATGGCCTACAATCGCGGCTGGGACAGCACCTACGGCGGCGGGATTTGGGAGCAGGAGAGCAATGTCCCCAATGGCGGCAAAGTTGGCCTGAGCAACTGGCCCTTTGTCATTGCCGGTTGTTTCATCTATCAGGCTAACCATGACGCCACCATTTTGAGCAAAAGCCAGGCAATTTACGCATGGGGGCGCTCCCATATCTTCAACACGAGCGACGGCTCGGTTTGGGAAGGCTGGTACCCGTCGGGCGCCGGCGGAGATGACAACGCCTACAATGACGGCCTGATCATCAACGCCGCCAATTCTCTCTACCAGATCACCGGAACCACTCAGTATTTGAATGACGCCAAACTGGCCGCCAGCCATGTGATGAATAAATACCCGTCGGTTTTGAATGAAGACCATCCCGCAAACGGTGATTTTGGCGGCGATCAGGTGTATCGGGGAATCAGCCTGTTGGCGCGCCAGAATAATCTTTGGAGCACATACTGGCCGTGGCTTCAGAGCAATTGCACCGCTTCGTGGAATCACCGGCGCACCGATTACAACATCACCTGGAACAACTTTAACGCGAACACCACCACCGGCAACATGGACGCCATGGAAGCTCTGGGCTCGCTCGTCGTGCAGTCCGTCACTCAGATGAATCCTCTCACCGGCGTGCACGCCATTACCAATAAGGGAACGGGGTTGGCGATCGACAACGGCAGCACCAACACGCAAGGCGCCAAGATTGTCCAATGGGCCTTGAATGGCGGAAACGCACAGAAGTGGATCTTCACGCAAAACTCGGACAACTCCTGGAATATCGTGAGTGTGTATAGCGGTCAAGCCCTGGATGATCCCGGCTCCTCGAAAACCAACGGAACGCAGATGGACCAATGGGGCGTCAACGGCGGCTCCAACCAGAAATGGTGGGTCGATGTGCAGTCGGACGGCAGCTACAAGATCTGGAACGTGGCGAGCGGCCTGGCGCTGGATAACGACAATCTTTCCGCCAACGGAACTCCGCTGATCCAGTGGACGTGGACCGGGTCGAACAATCAACGCTGGATTTTGAGATAGAGTGCGTCCGAACTGGGATATCCCTTCGCAGCTGGGATATCCCGTTCGGCGCTAGGACACATCACCATGAAGAATTTCAGCACCATGCGTTCTTGGTTCGTAACGACAGCGTTACTGCTGGCCTTGACCGGGTTTCTCGTCGCTCCGGCCGCCAAAGCCCAGAACGCGGCCAACGCGGACGCTGCTTATAACGGCTTCATCAGCGCTTACTTGCAGACATCGAACGTCAGCCCCTATAACTTTCCGGTGCCGTACATCACCCAGAGTATCAGCAACCGCGACATGGCGTTCTTTTGGCAGCAGGCTTATATGATCACTGGCGTCGAAGACGCCTATGAGAGAAATTATGCGACAAGCCGCAAACAACAGATCAGTAATTTGCTGGATGGCTTCATCACACAAAATCTTACGAATTGGTCGTGGGATGCTTGGAACGACGATGTCGCCTGGGCTTGTATCGCGATGGTTCGCGGCTATGTTGAAACGGGCAACACGACCTATTTGAACGAAGCCGTCACAAACTGGAATATGGCCTACAATCGGGGGTGGGACAGCACCTACGGCGGCGGGATTTGGGAGCGAATGGACGAAGTTCCCAATGGCGGGAAATGCGGCCTGAGCAACTGGCCGTTCGTCATCGCCGGCTGCTTCATCTATCAGGCCAATCATGACGCCACCATCTTAAGCAAGAGTCAGGCGATCTATGCGTGGGGGCGTTCCCATATCTTCAACACAAGCAATGGGTCGGTTTGGGAAGGCTGGTACCCGTCGGGCGCCGGCGGGGACGACAACGCCTACAATGACGGCCTGATCATCAACGCCGCCAATGCTCTGTACAAGATCACGGGAACAACCCAGTATTTCAATGACGCGCAGCTAGCCGTCAATCATATTATGAGTAAATATCCATCGATTTTGGATACAGACAAGCCCGCCAACGGCGGCTTTGGCGGCGATCAGGTTTATCGAGGGATCAGTCTTTTCGCTCGCCAAAATAACCTCTGGAATACGTATTGGCCGTGGCTCCAAAATAACTGCGCCGCCGCCTGGAATAATCGGCGCACCGATTACAACATCTCTTGTGACGTCTATACAGATCCTACCCCTCAGACTGGCGATCTCTTATCGATGTCCGCCTTAACCTCGGTCGTCGTGCAGGCCGTCACTCAGATGAATCCTCTCACCGGCGTGCACGCCATTACCAATCAGTCCACGGGATTGGCGATTGATAACGGCAGCACTAGCACTCAAGGAGCGAAGGTCGTCCAATGGGGCTTGAATGGGGGGAACTCACAGAAATGGATCTTCACGCAAAACTCGGACAACTCTTGGAACATCGTCAGTGTCTATAGCGGTCAGGCTCTAGACGACCCCGGCGCCTCCAAAACAAACGGAACTCAGATGGACCAGTGGGGCGTCAACGGCGGCTCCAACCAGAAGTGGTGGGTCGATGTGCAGTCGGACGGCAGCTACAAGATCTGGAACGTAGCGAGCGGCCTGGCGCTGGATAACGACAATCTTTCCGCCAACGGAACTCCGCTGATCCAGTGGACGTGGACCGGGTCGAACAATCAACGCTGGATTTTGAGATAAAGTGGCGTGTGACGGAGAATGCGCCAATTTAACTGGCGTCCTGGGTTGGTTCTCGCCGGCCCAGGACGCCAGTTTTTGCAATATTGATCCCCGCTTTTCAGATCCTCAATCCTCATAAAACTGTGAAATTATTCATTTGGTATGTTGTACCAAATTGCGTTCGTCTTGGATGCTGCCTACGGATCTGGTCAAATCATCCCAGATGCGGATTAACGTATGCAATCCGATGCGACGAGAAATTCTCGCCTTCGCCGACCCTGCCTGAACTTCTGCTCTTCATGGAGTTGCCGCCTGAGCTAATCGTCCGAGAAAGCTCCCTCTCTCATTCGTATCATACCAAAATTCAGACCATTGATTGTGTGTACCAAAATAATTTCATAATATGGTTGACAGGCTGATTGTTGTGTGATACACTCTGGTATGCATTCGCTGAAATGGTCTTATTGATCCAGAAGCAAAATCTTATCGGCTTCTCGATCGGCCGCGAATGTGTCATCCACAGAGAGGATCTGAATCATGTCTCGTAAATTCCGCGGTTTCACTTTGATTGAATTGCTCGTCGTTATTGCTATCATCGCTATCCTTGCGGCAATACTCTTCCCTGTCTTCGCCAAAGCTCGCGAGAAGGCCCGCCAGACCGCATGTCTTTCCAACGAGAAGCAGCTTGGCCTGGGGATCCTGCAGTACGTTCAGGATAACGACGAGGTCTTTCCCTGCGGCGCCGTGCCGACCGTCGGCGGCGTACCGACGCCAGGCAGCGGCTACGGCGGCGGGGCAGGATGGGGCGGTCAAATCTATCCCTATGTGAAGAGCGCCGCCGTATACTCCTGTCCGGATGACTCCGGCTCCGGCAGCGGCCCGGTCGTCAGCTACGGAATGAATGAGAATCTGACTTCCGGCGCGGCCGTGGACGGCAACAACACGCCGATGGGCGGCGGGGTAAAGGTCGCTCAGACCGGCTCGCCCGCTCAGACCGTCCTTCTCGGCGAGACGCACGGATGCCGCGCTTACACATCCCCCGCCACTCCCGGAGAGCAGACCAGCCCGGCCATC
NZ_AP025739.1_gap65	2433003	2437982	4979	GCCTCGTCCGCCCATGAGCGCGCCTTCGCCGTCCTCGGCGGAGAAGATGGCGGTGGGCGTTGGTGTTGGCGTTCTTGTGCTGATGTTTTTGGGGCGGCTGCTAAACCCGGTGCGGCTGCTATTTGTCGCGATCGGCGTGGGCGTGATCTTCCTGGGCCATTATCTGGAGCACCGCCGCGATACTTTCCAGGCGCGCGCGATCCATGCGTCCGGGCGTGTCGTACGTCTGGATCAGGGCGGCTCCGGCGGGGATCTCTATTACTATCCAGTCGTCGATTTTGTCACGCGCGAGGGAGCGCCGACACAGTTTCGCGACACGCAGGGGTCTCGGCCGCCGTCAAACCATGTCGGAGATACGGTTGAGATCTATTACAACCCGCTGGCGCCGACGGACGCGCAGATCGATTCCCCGGTTTCCCGCTGGCTGCCGATCGGCATGTATGTGTGCGGAGCGCTGGTGGTTCTGGCGGCGATCGTGGGAAACGTCGCCCGGAACGGCGGGGATTCCGATCTGATGGGATCGTTTTGAGCGGGCGGGAACTTTCCGCCCCGTGTTTCGAAGTATTGCAGTGTGAAGTGAACGCACTTTACTTGAGGATGGAATAACTTTTGCCGACATCGAACTTTACCGATTTCCTCGCCAATATCAGCCTCGTGTGGATCGTCGGGGTCATTACGATCGCGACTGTGCTTCGTGTCGCCCTGGTGCGTCTTCCGTCGCCGGGCGCGCGCTCCACCGCCGAGTTTTTGGAATCCGGGATCATCGCGATCGGCCTGGTCTTTCTGCTGATCCGTCCCTTTTTGATCCAGGCGTTTTTTATCCCGTCCGCCTCCATGGAGCCGACGCTGCTCGGGCAGCAGGGCGCCGGGGATCATATCCTGGTCAACAAGCTCGGCAATCGTCTCCACAAGCCCCAGCGGGAGGACATCACCGTCTTCATCGCGCCGCCGGCGGCGGTGGAGGGCACATCGGAGGCGAGCTCGGGGATGCCGGTCGATTATGTGAAGCGGCTGATCGGCGCGCCGGGCGACCGGATCGAGGCGCATGAGGGTCGAGTTTATATCAACGGCACCGCGTTCAGCCACTCGGATTTGCGTCGGAAATTTCTGGAGGCGGGACTTTTCGGCCAGGAAGCCCAGCAGGAAACGGCGAACGAACCCGGTTATGACTTGCAGGCGAATTATCACCTGCGCTTCACCGACAAGGGCGTAACCGTCAACGGAACGCTCATCCCCGATTCCAAAGTCGCGGAGGTCATGACGAGCCAGCCCAGCTATCCCGTCAAGATCGTTCCCGGCTTCACGATGCGCAACGGCGTGAAGATCGACGAGCCGTTCACCGCCGAGGACCCCGATTACAACCTCAAGCTGTATAACGGGCAGTCGCTCAAGGAAGACAATAACCACTTCCGGCTAAACGGCGTGGCGATTACGCCGGAAGACTACGCGACCTACAATAGTAACCCTCCGGGGACGGTCCCGCCGCATATGTATTATATGATGGGGGACAACCGGAACGACAGCAAGGACAGCACGGAGTGGGGGCCGCTGGACGAGAACCGTATCGTCGGCAAGGCCCAGTGGATCTTCTGGCCGCTCAACCGGATCCGCGCCCTGCATTGATTTGCGTTCGGCCCTTCACAATGATGTGAAGGGCCGGTTCTGTTTTTGAACTTCGAGCCGACGCCATGAACATCGAGAGATATCTGCCCACGGATGCGCTCAGGCCGTTCGTCAAGACGATGATGATCGTCGAGAGCGAAGACGGCATGGATAGCCGGGTTCTTCCGGATACGTCGCTGGTGCTCGCCTTTCGACTCCGGGGGCGGCTGGAGCAGACGGAAGGACAATTGCCCGCTTCCAGCATTTCGGGACTGCGAAAATCGCTGCGTTTGATCGGTTACGCCCGGGACACGGCCGTGCTGTTGGTCAACTTCCGCGAAGGCGGCGCGGGGGCGTTTTTCCGTGAGCCGCTCCATGACTTATTTGGAGCGAACATCCCGCTGGACTGCCTGATTTCCCGCTCGCGAGTGGAGGAAGTCGAGGAATGCCTGACCGCGCTTCCCACAAACCGGCGGAAAATCGCCCTGGTCGAGCGTTTTCTGATCTCCGAAATGAAGATGCGCGAATCGGATCTTCTTGTGCTGGACGCCGTGCGCCGCATTCAGGCCGGCGGCGGCAGCCTGCGGATCCGGGAGCTGGCGTCGGCGCTGCATATCAGCCAGGATCCGCTGGAAAAGCGGTTTCGGCGCGCCGTCGGTGCGTCGCCCAAACAGTTCTCCTCCATCGTGCGCCTGCGCGGCGTCATCGAAGCCCGGCCTTCGGGACGCGGCCTCTCGGAAGCCGCCCACGCCGCCGGTTACTTCGACCAATCCCACTTCATCAAAGACTTCAAGACATTTACCGGACAGTCTCCCCAGGTCTTTTTCGAGGGACCGCCGCCGTGGTAGATCACTGAATTTTTACAAGGCTCGCGCCGTTCATTCCAGGTAATCTCTACTCGTTCGAAGCCGCAATGTTGGAACGAAGAAGAGAGGAAATCACGATGAACGAGTATGTTTTGCTGGTAAGAGTAGACCGCTCCGCGCTGGCGCCCGAGCAGGTTCAGGCGATCCAATCGGGATGGGGGCCGGTGCTGGAAAAGTGGGTGGCGCGCGGCCAATACGTGACGAGCAATCTTATTGTGGGCGATGGGTACGTGCTTTCCGGGCCAGACCGGGAAACGACCCAGGGCGTCGTTTCCGGCAACGGCGGCGCCGTCGTCAGCACGATCACGCTCCTGGCGGAGACGATCGAAGAGGCGATTGAGCTCGCCAAGGTCTGCCCGCCCCTCAACTTCGGCGGATCGGTGGAAGTGCGATTGCGCCAGCCTCCCGTCGTCATTCCGGGGAATTGATCCGGTCGCCCTCCGGAAAGAAAATACTCGATCAGGACGGCCGATCGGCAAAACTGCCGGTCGGCCATTTCATTTTGTTCAGCATTGCTCTTTTTGCGCCCATTTCGCAGTATAATTTCTGCATAGGCGCCGAAGCCCCCCATCGTCCACAACGCAGTACGAACCACGCAGACTACTGATTTCACATTAAGACAGGACCCGATCAAATGCATCGCACTCATGAGCCTGGGCAGGAAGCCCCGCCCGCGAGCCGGAACGGCGCGCACCCGAACCACGAAGGCATTTCCGCGCGTCGCCAGGAACGCATCGATTATATCACCCTGAAGCTGCAAGTGGCTGGGGAGCGCAGCGGCGCCGTCGGCGTGCCGCGCGAAGTCGTGGCGCACCTGCGCGAGCGCGTGCGCTTGTCGTATGGCGAACAGTCGCCGCTTACCGCGCGCGTCCAGAAGTTTCTGGATCGATATCTGTCCGATCTGGAGCTCAAGCGCCCGATCACTCTGCCGGGACTGGGCGAGAAATTCGTCCTGGACCGCAGCGGCATGGCGTCCGAACTGTCCCTGCCGGAGCGGGGCGATCTGTTTGAAAGCAATATCGTCAGCTCCTATCGACTGCTGAACGATCAGGGCGCGCTGCACAATCCCAAGAGCGACCGGCGGACCACCCAGGGCGTATTCCATGTCGCCGAGGGCGGCCTGCCGATTCCTGAGGACAAGAGCGCCGTGCCGAAGGAGACGTTCGTGCGCCTGCTGGCCTCAGCCCTGAACCCGCCGAGCGACCTGCTGCGCCTGCCGTTCACGGCGGATGACGTCGTGGGCGTCGAGACCTTCGTTTCGCTCATGCTTCGCCCGATTGTCGCGCCCTCCGTTCCCGGCGTCTCGCCGGAGCGGAAGATGGAGGTCATGTTCCTCGCTCCCGGAAACCTGACGAGCAATCTGGACTTCGTCGAGCGGATCTTCGGCAATGCGGGCGATCCGCACCTGCCGGAAAACGACGCCGGCCTGGACATCGAGCATTGGACCGGGCACACGGGCTATATCATCCTGGCCCCGCACTTGCCGACCCTGACCAAGAAGTCTCTGGGGCTGCCGCACGTTTCCGAAGCGACCGACCGCCAGAAGCGCGATCGGATGTGCTGGGAGAACGAGGAAGACCGCTACAACAACGGCGACGCTTTTAAGGTCACGGCGCGCGACGCCGAAGGCGTGATGCTGACCGTCATTGCGGACAATTACTACGGCTACTGCAAAAAAGAGGTCAAGACCCAGATCTCGTTCGCGGCGAACCTGCTCGGCATGGTCGAGGAGGAGCACGCGGGCGGCGCGATCGTCTATCCGCAGTACGATCTCGGCCGCACCTTCCGCGTTTCCACGCACCTTCCGCGCACCGAGCATTCCTATGACGACGTCGTAGAGCTTTACGGCGAGACGATCGATGTCTATCCCCAGGGCTACGCCATCGACCGCGAGTACTCCGATCTGATCTATGTCCCCGAGGATGTCACGATCGACCTGGACAGCCAGACCGTGCGCTGGGAGAGCGCCGGCGCGCCGCAGTCGCTGCCGCTGGATCCCAAGAAGACCTATATGGTGCCGTCGGGCTTCAAAGTCCGTCTGGAGAAAGATTCGGATTCGGGCCAGTGGCGTTTGATCGGCGCGTCTTCGGAAGGCACGTTCTGCCACAAGCCGAGCACCGTTTCGGGCGGCGGCAAGTCCGAAATCTCGAAATCGATCTCCGACGCCATCGTGCACGGCCCGCTCTTTATCGCGGACTTCGAAAAGGATATGGACGCCGTCGCGGAGCTGCTCGCGCGCTCCTACGGCGACCGGTTCCGCAGCGGTCCCGAGGCGAACAGCCGTCCCATCCTGAGCCCCGAGCGCTCGCTTGGCTCGGTCATCAAGCTGTTCACGCGCTCCCGCCGGCTCTACACCGACGAGTATAACGCGTGGCTGGACACGATCCCGTATCCGATCAAGCGGCTCGTGTACGCCGTGAAGCGGCTTTATCAGCCGGAGATGGGCGACAACTGGCGCGAGCACTTCAGCGTCGATGTCGTCAACGGCAGCCCCGGCAATGAGCTGCGCTT
NZ_AP025739.1_gap66	2497200	2500088	2888	AAGAGCCAAAAACCTTGATTGAGCTGAGCGTTTGAGAACGGCGCCAGCACATCGCCGGCGTTTTCGAACAGCGCCGTCATGTACTCAACAACCTGGGCGTTATGCTCCTCCTCATTCCAGGACGGCGTATTCAAGTCCCAATGCCAGGCTGGTACGCTGAAGGGATGGTCGAATATGTACGCCACCCATTCCTCAAAGGTGTTAATTGAAAGTAGTTGGCACATCGTTCGTTCACCCCTCGGCTCGGCCGAATTCCCCAATTACTTTATTCGTAGACGAGCGTTCAATGTATAATCTATATTTTTGAAACCAATGTCCTCAAACTCGAATAGGATTCTCATATCAAGTGCGGCTGCTAGAATATTATCTGTCAGATTATCGAAATCAATGCGCGTGACATCGACTGGGTTGTGCGCGGATCGTAGGTAGATCGATCCTTCGATATATCCTTCCTCCGGGTTGACAGGAAATATAAATGCAGTATTGGTCAATTCTGTGATCGTTTTATCACCAAAATCAATCCAATCGAGCCGGATCGATGTCTTTACGCGTTCATCGTCTAATTCGAAAGGGACAATTGGAATTTCAATATTGTATAAGTCCTTGTCCGCATTCATAGGCTTGATTATACCGATTTCACAACTTAGGAAATGAACAGGAAAATCGACAATCTCGTCAATTTTATTGGTTTCAGACATTCATTACCTCGTTAGTCATAAGACTGTCAGCTAGTTCTAAGTGATAATCATATCGCAAAAAACTCGAAGCAATGACGGTCCTTAGGATCTGCATTGTAAATTAAACTCATCTCTTGCCTTTTGCAGCTTCGCCCTAATGACGGGATCGTCTGACCGATAGTTAAGACCGAGAGTCTTTTGATAATGGATGAGAAGCTTGAATCTCAAATCCTGAGTGAATGGGTGGACAACAGCATTGCAGTCTTCGCCGTAAAATACGTCGCACCCTTCTAGACGCGCTTCTAACCATTCTGCAATTTTGATAAATAGCGGGAGATCTCCCCGTTCGTAACCAACTCCAAAATAGTCCTTATAGAGGTTAAGGTTCAGCCATAATCCCGAGCGAATGTAAGTCTCGTGGGGCGGTGTGAAGTAGCTCAAATAACATTTGAGATCCTCTGAATCAATCGCAGCAATCGGGCCGCCGATATAGAAGTCATCGGACGGATCGATAGGGAGCGTCGGCTCCATCGTCAGTTGCTGCCATAGGCTTTCCGGCGTGCCTCCCAATGGAAGGGCCTCCACGCGAAATATCATTTCAGCCCCAAGGGCCATGGCGATTTCCTCAATATGGACAACTCAAACAAAAAGCCGGACACTCCATCAATGGGGAATGTCCGGCTTCTGTATTCTACGCTCTTCGCAACAAAATGTCAGGCGTGTACAGGCGACGGCATCCCCAGCGGTGTGGGGCGCCACCATCGGCGGATTTGTGTTTGCGCGCCTGTGATCATGGGGTTATGATACTGGATAGGGACGGGTCCTGTCAAGATCATCCACAACATCGCACTCCGTCGCCGTCGCTTTCGGCGGCGCCTTGCTGACCGCCGCCAGTGTCATATGATCGTCCTTTTGAATCAACGTCAGTATAGATAATGCTTGCGTGGTTTTCCCATCCATGCGCGCATAAACCGAGAGTCCGCGTAGTGTGTGACCCAATCTTTTCCATCGATCGGTATCCCGACGACTCGGCCGGGCATCCTCTTCACCATATTGCGAAATGCGGGCTCGCAATCCTCCGACCAACGCGCTCTCTTGCGCAAGGCCGTGTGATCGTAAGGGCATTCGAGCGGCAGGGGCGGCCATAGACACGACTCAAAGTCGACAATTCCGTCGATAATCTCGGAGATGGCCGCAACAATCTCGCCGAGGATGCGGTCGTTATGCTCGCCGGAGCAGATCGAGGAGCAGCCAATATATTGGCGCGGCGCAAACCCAAACGCTTCCGCGAATAGATGATTGTGCGAAGAACCTGGGTTCCATTCGCATGGCTCCACGCCTACCCAGAAGAGGCCCGGCAGTGGCAGCGTGACTTTCCAAGTCTTGCTTCTGAGATTCCGAACCTGATATTCGTTCCCATCATGACCTGTGCTGATGCTGTCCATATACCGATCCAGCGCCTCGTGTTGGGTCTCATCGAGTTCGCGGGCGACGAGTATTGAGCAACTTGGTCCACCCACGGTATCTCCTCCTTTCCGTTACGTCGGCGTGTCGAGTCGTCCCGTCGCCGCTGAAACGGACGAGCCAATTGAGTGTATGGCGCCGCTCAAAGTTAGGCGACTGAAGTCATGCGGCATCACAAGCCGCCGCCACTTCTGACCAATTTGATGTCTCCCCAAGTCCCATTTCCGACTGGCCTAGTGCCTCAGGAATCAAGCTGGCGCACGTGGCTCGCAGGCGGAGGAGTGCTTCTTCGGGCGCCACTTCAAGAGCGAACGTCATTGTCTTACGCTCCTCCCATTACTGCACTCCTTGTACCTCAGAAACAAAAATAGCCGGACTTCCCTGTTGTGCAAGGATGCCCGGCTTCTGTAAACTTCGCAAAATCGGATTGATCTTAGGCGTATACAGGCGACGGCATCCCCAGCGGTGTGGGGCGCCACCATCGGCGGGTCTGTGTTTGCGCGCCTGTGATCATGGGATTATGATACTGGATAGGGACGGGTTCTGTCAAGGCGGCGATTGGGGCAGTTCCGAGGTTCATCCGGCATTCGTGTGGGCGCTGAAGATAATCCAGGTGGTGGGGCTGTTTCCGGTCATGCCGCCCTGCGCCGTTTCTATGTGATCGATGGTGAAATTGGCTTCGCGGAGCAGGGCCGCGAAGTTATCTTCCTGCCAGAAGATGAACTGTCGTTCGATGCCTATGCCGTA
NZ_AP025739.1_gap67	2502150	2503213	1063	CCGCCCCCTCTTTTTTCTTCGAAAACGGCCACATCACTTCATTCCTTTTCTGTTGGTTTTGTTGATGTTAGTTGCTGGGCGAGGGCATCTTTTTGCCGTCAACAAACATCGTCTCGTTTTGGAAAGTCTCACTGAGCAGACGCCATTTTCCCGCTTGCTTCACCCATTTATCCAAATAATAGCCGCCGCCTGTCAGATGATGTGTCGCCCCTTTAGGCCCGAACTCTCCAGTCATGTCTTTTTGTATGAGGTCGCCTTTTTGAAAGATATTTACGAGAGCGACATTGCCAGATACCGCCAGCTTCGTAATCGTGGTTTTTATCTGGATGGTGCGTACTCTCTCTTTATCTCCGCCAGCCGCCATGGTGTGCTTTGCTCTGAGCATCAGCTCATCACGGTATGGACCTTTCGCCAGAGTATCGTCGATCGCGGAGATTAGCTGCTGACCTCCGCTTCCGCTCAAAGCCTGATCCATGCGATGATAGCTCGCGTTCAACTCTTTTCGTACTCCCGCATCGTCATTTCGCGCCTGGGATGTCGCTGTTACCGATAGCAGTAAGAAAACTGCGGCTGCCCAATGTTTTCGCATTTGTTTGTTCCTGATTCTGATGGTGAGTTGTTTTATTGCTTTGATCGGCTTTTTTACGTCGGCGTGTCGACATCGTCCCAGTCGCTGTTTTGGAATCGAACCAGCCAGTTGAGGGCGTGGTGGCGTTCCTTGACCACGCTCGCATTCACGTTTGCCGGGGGCGCTTGCCGCTGGACGCGGGCTTCTGTAACGGCCCAGTGCAGACGGTAGTGGAGGTCGAGCGCGTCGAGGATCTCTGCGGCGGGGCGCAGGGTGGCGGATTGGACAAATGCTTTTGTGTTGTTGTCCAGCGCGCCGCGCGCGGCTTGGGGCACATCGCAGATTTGCGACGGCCAGGGGAGGCTGTCCGATAAGCGGAGCGCCCACTGGAGGACGGCCAGCGCTTCGTAGCGCCAGGCGAAGTTGATGATGTCCTGTTTGATTGGGGAGGCGGCAAAGAGAAAGTGGCGCTCCGCCGGCGTCAGACCTTCAAAG
NZ_AP025739.1_gap68	2511730	2513127	1397	GGAGAAAGCGCGCCGGCGCGGCGTCGCCGGCTTCAGGGCGCGGGGCATTGGGAATGTCGAACAGCTCGCGCTTGCGCTCGTCACGGAAGGCTTGAAGCTGGTGGCGGAGCCTCTCAAAGATCGCCTTGGCGCCCTTGAGTCCGGACCAGGTTTGGAAATCCGCGACGGAGGCGGGGCCGAACGCCGCGAGGTAACGCAGGGCAAGATCGTCCTGCGCCTCGGCGGGAGAGGGATGAGCGCCGAGCCAGGTCTCCACGAGCGTGAACTGCGCCGCCGAAGGGTAGCCCCAGGGCGCGTCGGTCGGGGCCATAACCAGGGGAAGGTGCAGGCGGACGGCGTAGGCGAGCGCGCGTGTGTCGCATTCCGGGTCCGCCGCCGCGTAGGCATTGCGCAGATCGTCAAACGTGCTGGGCGCGTTCCCGAAGAACTCGCGCGCTCCGGCGAGAAGCGCCGCCATGTCCACGTCCGCCATCCGATCTTTCAGGACCGACTGCATGCCGCCGGTCAGGACCGGCTGGATCGCGGTGCGCCACTCCAGAAAGTCGCGGGCGCTCATCAAATGAATCGTCGCGCGCATCATCGTGGCCCGCACGGCCAAACGCGCGCGCAGCAGCGCATTCAGATCCTCGCGCGCAAACGACTCCAGGCGCGTCCACAGCCCCACATACGGCGGCTTCGCCTCCTGCGCCTGCAAAGCGGCCAGATGCTCGATCGCCGCCAGCGCCGTCGCCGGCTCCCGGCGCAGCAGCCACTGCCGGGCGAGCAGGGCGCGGTTCAGTTCCGTCTGAGTGATTGTGTCCGCCGGCATGCGCATTCCTTATTCTCTCACCGTTGGGTTTTCTGTATGGAAGCACAGAGTGGAGATCGAGGAATTAGACATCGGGCAGCCTTGTACCTGCCGGCCCCGGGATGTGGCTGATTTTTGTTACGCTCGCCTTCCTGCTTCAGCTATGGGACGGGAGCTGCAAAGTGGGTGTAACCAATTATTACGAATAATCGTAGGGGTGTGACTGTAAAAAATACTGTGATTGACGAAAGCTTTCATGGAATATTCGGTCGGGCAGGTGTTGCCACAAATGCGCGCTATGCTCCGCCGAAGTTCTGACAGCCCTTTTGCGATGCAGAGCAAAGTGATTGTCTGGCGGTAGACGGATTAGAAAAGGAAAGTGAACATGAATTCTCTCTTCACGAACAGCCTCAAAACCCTGGCGGCCGGCTTAGTCCTCGCCGCGTCGGCGCACTCAGCGCTGGCGACCGGCCTGGCTCACACCTATGTATCCGGCACGGGAAATGACAGCAACGCCGGCGACCGCACCACGCCGTGCGCCACGTTCCAGGCGGCGCTCGCCAACACGCTGCCGGGCGGCGTCATCACTGCGCTGGACGCCGGGGATTAC
NZ_AP025739.1_gap69	2523317	2524443	1126	GGCATGGGCGCGCGCCTGGCCGCGGAGCGCTTCCGCGCCGCGCTCACCGCGCAGCCATGGCCGAAGCGCCCCGTAACCGCCAGCTACGGCGTCGGAAGACTCCAGCCCGGCATGGACGCCGCCGAGCTCATCGCTTCCGCCGACAGGGCGCTCTATGGAGCGAAAAAAGCGGGCCGAGACTGTGTCGTCGTGTTCGGTGAAGAGACCGCCGGAGCCGCGAGCGAGTAGCCCGCGGCGGCGTTATTTCAAATTCGATTGCAGGATCGCCAGCCGCCACGGGATCTGTCCGTAATCCTTCGCGTATCCCTCGGCGTCGACGCCCTGGATCAGCATGCGCAGGCCCAGCGGATCAACCTCCAGATGCTGGTCGATTCCGTCTCGGAACAGCTCGCCGTGGCTGATGCTTTCCGTCCATTGACCGGCGGGCTGGGCGACATTATTCTGCGACGCAAAGGGTTTGTCCCATGTCGCCGCCACCGGCGTCCACTCCCCGTCCAGCGTTTTGGCCGAATAGGCTTTGTAATATCGTTTCCCCGGGCCGAGCGCCTCAATCACGGTAAGGTACTGGTCCGTCCCCTTGACCTTATACGTGTGGCCCGCCTCGAAGATATCCCCTTTGATCGTCAGCACAGGCTCGCTCCAGCCGCGCGGGAAGTCCGCGAGCCTGGTTTGCGCCCGGTACATCTCGCCATTGTCGCGGGTGAAGAAGAGATACGCATTGGCGTCGTCGCAGATGATCCAGAAGTCGATCCAGGAGCCGGCGAACTTCACGGCGGCGGCGCTCGCCGAATCGTAGAGCGGTTCGGGTTTGGTCCATCCGCGCCAATTGCCCACATCGCTGTTCGTGGACAGCGCCGGAACGCGATTGGCGTCAACCTTGGAGCCGGGCGAATATTGATAAAGGAGACACCATTTCTTCTGCGGCGCGAAGTAGAACACTTCGGGGGCGCAGAAGTAATCGTCCGTGATCGGCAGCAGGCGGCGTTCGCCGGCGCCGACATCGCTCCAGTCCTTGAAGGTCAGATATTCGATCTGCTGCGGCCGGTTCTTGCCGCGCACCGTGCAGAACACATGCCACCGGCCTTTTGCCCAAACAAACGACGGGTCCTTGATGGAGTAGAAGTGA
NZ_AP025739.1_gap70	2525563	2529210	3647	GTTTCCGCAGTACGCGAAGGTGCTGCGGGAGTGGCTGGGGGAGTAATCCCTATTCCCCCACTCGCTTAGGCTCGTCTCCCCTTTTTCCCAACAAGCTGCTTCGCAGGGTAAAAGGGGTGCTGATAACTACCGTCCATTCACTCGTCACAAGGCCGTGAGGATGATTAGGCTTATTGGAGTTCGTTAGTTTTGTGAAGGGTTTGTATGAATCCAGAAGATCCTCGAATTGCTCGTGGGGAGCATGCATTAGTAAAGCGTGAGTTGGCGCGAGAATTTCGACGTGATCCGACGCCGACGGAGCGAAAGCTCTGGATGCATTTGCGTGGCAGCCGTCTTCAGGGCCTGCACTTTCGTCAGCAGCAGGTCATTGACGGCTTCATTGTAGACTTCTTCTGCCATTCTGCAAATCTTGTGGTGGAAGTTGACGGAGGCGTGCATCTGAACCAGCAAGAATACGATCAAGAGCGAGACGCCGTCCTCGTTGCTCGCGGTCTCCATATCCTGCGGGTTCCTGCGTCTGACGTAGAAAGCCGCATCTACGACGTTCTCACCAGAATCAAACAGGCGGCTGCGCAGATGCTACCCAGTCCCCAAACCGAATCATAACCTAATTTCCTCACGGCTCGTGACGAGTGAATGGACGGCAGTGATCAGCACCCCTTTTACTCTGCGAAGCAGCTTGTTGGGAAAAAGGGGAAAGCGCTTTAGCGCCGGGGGAATAGGGACTACCGCCGCATCTTCGTAAACCACCCGGGCGAGAATGACGCCGGGCGCGCTGAGTATGTGGTCTCACCCGGAAGGGCGATAGCGCTGAGGAAGCCGCCCATGCCGCAGCCGGTGTCGATCCCGATGTAGCCTTTGGTCAGGGCGTGCGTGACTTTGGGCATCGGCGTGTGTCCGCGAATGACGGTCTGCGTCCAAACGCGTCTTTCGACTCCGGTCACGCGCTCCCAGCGCCAGCGCGTGGGAACCTGCCGCTCTAAAGGCTGGGCCAAATCCCATCCGGCGTGGGTGAAGATGTAATCGTCAGTGATGTAAAACGGCAGCGTCCAGCTCTCCGCTTGAAAGTAGAAACGGGCGTGCGATTCCGGGAGGGATGTGGGATCACCGGGCCGGATCGGGTATCCCGCCGCCTCATAGGAATCCAAAGTCGTTTGGCCGCCCATGCCGGTCATCACGCTCATGTCCCCCGACTCCAGAAAGAACATCATCGCTTCTTCGTGGTTGCCCTGGAGGCAGATCTTGCGGCAGCGGTCGAATTGAAGGACTTGTTCGACGCAGTCGAAGGGGTTTCGGCCCTGACGGTTGATCAGGTCGCCGAGGAAGATCACAAGGTCGGTGGGCTGGAGGGGGAGTTTGGCGAGAAGAGTTCGGAGGGCGTCGGATTCGCCGTGGACGTCGCCGATGGCGTAGATCATGGGGTAGGAGGCCCTCATCCCCCGGCCCCTTCTCCCAATTCTGGGAGAAGGGGAGCAAGAGTTTTGTTTTTGTTAGGATCAAAAATCCTAAGCTGAAATCTCAATGTAATCCGACTCCCCCTCTCCCAGAATTGGGAGAGGGGGCTGGGGGTGAGGGCCGCGTTCTTACTTCTTGCTCAGAGCCAGTTCGCGGACGCTGTCCAGTTGGCCGGCGGAGCCGAGGGCTTCGGAGCGGCTGACGATGAACTTGGCGTACTCGGGGATGAAGATCTTGCCCGAGCTGCGAAGGTCGAAGTCTTCGGGCTTCGCCAGGAAGAACTCGCGCAGAACGCGGGTCCAGACGAGGCGGCCGTCGGTGTCGATGTTGACCTTGCAGACGCCCAGCTTCGCGGCGGGCAGGTACTGCTTGATGTCGACGCCCTTGGCGCCTTCCTTCAGCTTACCGCCGGCGGCGTTGATGCGCGCGACTTCGTCTTCCGGGACCGAGCTGGAGCCGTGCATGACGAGCGGGACGCCGGGGAGCTGCTTCTGGATCTCGCCGACCACGTCGAAGTGGATGCCCTGGCCGCCGGTGAACTTGTAGGCGCCGTGCGAGGTGCCGATGGCGCAGGCCAGGCTGTCGCAGCCGGTCTGCTCGACGAAGATCTTCGCTTCGTCGGGATCGGTCAGGTGCGCGTTCTTCTCATCGACCTGGATGTCTTCCTCGACGCCGCCCAGCTGGCCGAGCTCGGCCTCGACGCTGATGCCCTTGGCGTGGGCGCGCTCGACGACGCGCTTGGTGATGGCGACGTTCTCTTCGAACGGATCGTGGGACGCGTCGATCATGACCGAGGAGTAGAACCCGCTGTCGATACAGTCGTAACAGGTCTGCTCATCGCCATGGTCGAGGTGGACCGCGAAGACGGCTTCCGGGAAGATCTCGTCGCAGGCCCGGATGATGCCTTCGAGCATTCGCTTGTCGGTATAAGCGCGGGCGCCTTTCGAGATCTGAATGATGAAGGGGGACTTGGCGTCGATGTTGCCCTTGAAAAGGCCCATCGCCTGTTCCGCATTGTTGATGTTGTAGGCGCCGACGGCATACTTCCCATACGCATGCTCGAAAAGCAGCTTCGTGGTGACGATCATTTTCCCGATATCTCCTCATAGACGGCCGCAAAACGGCGCGTGTGAAATGCAGTAATTCGCCCAAGATTATACCTCAAGGTCGCCAGGATTGCGGTGTTGTCGGACGCATTGCGCTTCATCCCAGGGAATCCGGGGGATTCTTCTTTCTCCCCCGCCGACGTATCGCCCGCGGCGAATCCGGGTACACTTCCCATCATGTCCACCATCGCTTTGCCCAAAGCCGCGCACGGCGCGCGGCCGCTGCCTCGGGAATTTTATCTGGAGCCGACCCTCACCGTCGCCCGCCGTCTTCTGGGACAGATCGTCGTTCGGACGCTGCCCACGGGAGAGCGTCTTTCCGGAATCATCGTCGAAACCGAAGGGTATTTGGTGGGCGATCCGGCCTGTCATTCGTATCGCGGCAAGACGCCGCGCAATGCGAGCATGTTTGGGCCGCCAGGGCATGCGTATGTGTATCTTTCCTACGGGATGCACCAGATGCTCAACCTTGTCTGCCAGGATGAGGGCGTGGCCGAGGCGGTGCTGGTGCGGGCGCTGGAGCCTCTGGAGGGCGTCGAGACAATGCGCTCGCTGCGCGGCGGAATCACGAACAGCATTCAGCTGACCAATGGTCCCGGCAAGCTGGCGGCCGCGATCGCGCTCACGCGTCAGGAAGACGACGGCGTGGATGTGACCGATCCCAAGAGCCGCTTGCAAATCATCCCCGGACAGATCGTTCCCGATTCCGAGATCGTGGACTCCAAGCGCATTGGCATTACGCAGGGCGCCGATCTGCCGTGGCGCTACTACCTACGCGGCAACGCGTATGTCTCGCGGAAGTAGGCGGCGCGATGAACGCCCTGATGCTGGCGGCGGTCCCCGCCGCCGCCCTTGTCGCGGGTCTGGCTTACAAAGCGCGTGCGCTGACGGTTTCCGGCGCGGCGGCGGCGACCGTGGTGGGAGCGGCGGCGTTCGGTCTCGGCGGCGGCCTCGGCGCGGGGGCGCTGCTCGTCTTTTTCGTGACTTCCAGCGCGCTCAGCCGCTGGCGGCGGCGTGAAAAGGAAGCGCTGCAATTTGAGAAAGGCGGCCGGCGCGACGCGGGGCAAGTCCTGGCGAACGGCGGCG
NZ_AP025739.1_gap71	2539631	2541013	1382	TGAAGCATAGGGAATCCTTTGAAACTCATCTGGAATTATCCGAACGACAGTGTCCTGTGGGCAGGTGTGCTTGATGCTTGGCAAGGTTCGCGGAAGCGATCTTAGCGCCGGCCTGCTTTATTCTCGGAATTGGCCCTGTGGCGCGTCACTCCTGAAAGTACCAGAGTATTGCGTCCGCAAGCCGATTTTCGGATCGGACAAAGGATCACAGCGGTTCGGCGTCGTATTCATCACTGCGTTGTGAATTTGACGGCGTCGGCGTGTGGCGGGATAGGAGACGGGCTTATGGTGGAGAAGATCCGGGTGGGGATGGTCGGTTTCGGCTTGGCGGGGCGGGTGTTTCATGCGCCGGTCATCCAGTCCGTGCCGGACTTGCAGCTGACGCACGTTGTGGAGCGGCACGGCGAGGAATCGAGACGCGTCTATCCGGAGGTCGAGATCGTGCGCGATGTCGAGCATCTATTGGAGGATGACGAGATCGATCTCATCGTCGTGACGACGCCCAATGTTTCGCACTTCGAGATCGCGCGCAGCGCGTTGCTCGCGGACAAGCATGTCGTGGTCGAAAAGCCGTTCACGATTACGTCGGAAGAGGCGCGCGAACTGACTGTCCTGTCACACCGGCAGGGACGCGTGCTGAGCGTCCACCAGAATCGCCGCTGGGACGGAGACTTTTTGACGGTGCGCCGCGTGCTCGAAGCCAATTTGCTCGGGCGTCTTGTGGAGTACGAGTCCCACTTCGACCGTTACCGCAGCCAGCCCCGCGCGGGCGCCTGGCGCGAGGAAGCGCAGCCCGGCGCCGGTCTGCTCTACGATCTCGGCCCGCACTTGATCGACCAGGCGCTCATTCTCTTCGGGGCGCCGCAGCTCGTGTCGGCGGATATCCGTACACAGCGCGACGGCGGCAAGACGGATGACTATTTCGACCTGACGCTGCATTACGCGGAGCACGGCGCGCGTCTGAAAGCCGGCGTGCTGGTGCGCGAGCCAACGCCGCGCTACGCGCTCCACGGCGTCGACGGCTCGTTCGTCAAGTATGGCCTGGACCCACAAGAAGACGCGCTCAAACGAGGACTGGTCCCCAGTGAAACGCCGGGCTGGGGCGAAGACCCCGAGGAGCGCTGGGGCGTGCTGAACGCGCAGGCCGGCGGCCTGCACGTGCGCGGCAAGGTCGAAACGCTTCCCGGCTGCTATCCCGGTTACTACCAGAACGTCGCCGACGCGATCCACGGCCGCGCGCCGCTGGAGGTGACGCCCGAAGACGCCACCATGACCATGCGTGTGATCGAGCTGGCGATCGAAAGCAGCCGCGAAAAGATGGCGCTGGCGTTTGAGGAGTAGGGGCGCCCTACGCCGCCGGGGATTTGTGCAGGTGCGCCATC
NZ_AP025739.1_gap72	2548794	2551835	3041	TGTCATGGGCGACCACTGGGAGCGCTCGTACGGCGACCTGGAGTGGCGCGGAATCTCGCCTGAGCGCGTGCTGCCCTGGTACTGCGCGACCCACGGCGGCGATGTGACCCACGCCTACGGCGTGCGGACGCAGCCCGGCGCGTTTTGCTTCTGGCAGATTGACTCCAGCGGCGTGACCCTGTGGCTCGATGTCCGCAGCGGCGGCGTGGGCGTCGCCCTCGGCGAGCGCACGCTGGAGGTCTGCCACGTCGTCAGCCGCGAAGGCAAACCCGCCGAATCGCCGCATCAGGCGCTCAAGGAGTTCTGCGTGCGGATGTGCCCAGCGCCGCGCCTGCCCAGCGAGCCGATCTACGGCTACAATGACTGGTATTCGATGTATGGGAACGCCACGCAGAAGACCGCGCTGGCCGCCGCGCATCAGATCGTCGACCTCTCGCCTACCGGCGCGAACCGCCCGTTCGTCGTGATCGACGGCGGCTGGCAGCCTGACGGCGGCTGTGAAGGCGATGTCTGGGATCACGGCAAGGCCGCCTACCCCGACATGCCGGGGCTCGCGGCGAAGATTCAGGAGATTGGCGGGCGGCCCGGCATCTGGGTGCGTCCGCTCTCGACCTCGGCCGCCACCAAGGAGGTGTTTCGACTGAAACACAATCCCGCCGTCTACGATCCCACCGTCCCCGGAACGCTGGAGAAGGTCGCCGCCGACATCGCGCGCCTGCGGCAGTGGGGCTATGGCCTGATCAAGCACGACTTCAGCACGTTCGATATTTTGGGACGGTGGGGATTTGCGATGGGAGCGCAGCTTACGGACGACGCTTGGACCTTCGCCGAAGGCCCCAGGCGGACGAACGCCGAGATCATCAGCGCCCTGTACCGTACCATTCGGACGGCGGCGGGCGACGGCCTGCTGCTCGGCTGCAACACCGTCGGGCACCTCTCCGCCGGCCTTTTTGAGATGAGCCGCATTGGCGACGACACCAGCGGTCAGAAATGGGAGCGCACCCGCCGCATGGGCGTCAACACCCTGGCCTTCCGGGCCGCGCAGCACGACACCTTCCACGCCATCGATCCGGACGCCGTGGGATTGACCCGCGATGTTCCCTGGGCGCTCAACCATCAGTGGCTCGATCTGCTCGCGCGCAGCGGCGCCGCCGTCTTCGTGTCGCTGCCCGACGAAACGGTCACCCCGGAGCAGGCGAAAGCCCTCAAAGCCGCCTTCGCCCTGGCCGCGACGTTGCAGCCGATCGGGGAGCCGCTCGACTGGATGACGACCACCTGTCCCGAACAGTGGCGATTCGAGTCTGGACACGCCAATTACCAGTGGTCCGAACCCGGCGGCGCCTGGCCGTTCACGGTGTGACGCTACGGCTCACGGAGTCATCAGAAATCCGTGGGCCATCCCGCCGCGGTCAAAGTAAAACCCGGCGATCTGGCGCTGGTTATTGATGCTTTGCGCTAGGACCGGCCCGCGCGAGCCGGAGACGGTCAGTCGTTGGAAGACGCCCCGGCGCCAGAGGTAACAGGGCGCCGGGCTCTGCGGCGCCTCACCCAGGCAATTCCCCACGATGTCGTCCCGGTCGTTGAGGCCGGTTACGATGAAATGCGTTTGAGCGCCGCTGGTGCGCAGCATCGAACGCCCGCCGTTGATGGAGAGATAGGTATGCTCTCCGTCGCTGTCGCGGTACGTGGCCGCGATATGACCGAGGTTATTGATGGCGACGCCCAGCATATGGAGATCGCGAACGCCCTTGGGGTCGATGGACATGTACTTTCCCGCCTTCCACAGATAGAGATGCCGCTTACCCTGGGAATCCGTATAAACGCCCGCGATCTGGTCTTTATCGTTGATGCTGAGGGCGTACGTGTCGGCGGCCCCGGGGTAGTCCATCGGTATCGTCAGGCCGCGATCGAGCAGGAAGCCGTGGAAGCCGCCCTTGCGGTCGTAGTAGGACCCGACGATCTTTCCCTGGTTATTCCACGCCGCCGCGCTGGTGGTGGAAAAGCCGGCGTGCGGAAAGTCGAATGTTTTGTAAAAGCCGTACGACATCTGAAAGTAGTTCGTCGTGAGGCGGATATCGATATAACTCCCCAGAACCTCGCCGCGATTGTTGACGCTTCGGAGAAATGTGCCGCCGATCGCTCTCGGCGCGTCAATCGTGGCGCACTTTGCTGGCGGCGGCGATTCCGCTCGGACCCCGGCCGCTCCGTTCAGATACGCGATCGCGCACAGACCCAATGTCCAGCTTCTCATGATCATGGGCTATCGCTTTTCCGCCGTCATGCGGATCCCATGCCTGGGCCGAAGCGTGATGATCGGCATCGTGGCGATGGGATGACCGGGAACAAGCCGAAACCGCCAGCGCTGGGCGAGGGCGGCGAGGACGAGGATCAGCTCCATCCACGCGAACTGCTCGCCGATGCAGACGCGCGGGCCGCCGCCGAAGGGATAGTAGGCGAACTTGGGCAGCGCGGCCTCAAACTCGGGCGTCCAGCGGGTTGGATCGAAGCGCTCGGGATCTTGATAGAAGCGGGCGTCGTGGTGCGTGACGGATTGGGAGACGAGGAAAACCGTTCCCGGAGGAATGGTGTATTCGCCGATGGCGTAGGGCGTCACCGCGCGCCGCCCAATGACCCAGGCGGGCGGATAGAGCCGCATCGATTCGGCGAGGACTTTGCGCGTGTAGGGCAGGGCTGGCAGGTCGGCGATATTAGGGATGCGTCCTCCGAGAGCGCCGGCGAGCTCGGCGTGGAGAGCGGCTTCCGCCTCGGGATGTTCGCTCAGCAGATACCAGGTCCAGGAGAGGGCGTTGGCCGTGGTTTCGTGGCCGGCGAGGAAGATCGTCATGGCTTCGTCGCGCACCTGCTCGTCGGTCATGCGCGCGCCGTCCTCGTCTTCGTCACGCGCGGCGAGCAGCATCGAGAGCAGGTCGCCCCGGTCGTCGTCCGTGCGCCGGTGCTCGGCGATCATGCGATAAATCACGGCGTCCAGGCGGGCGCGGGCCGCGTTGAACCGCCGAACCTGAGGCAGCGGCAGGCGGGCC
NZ_AP025739.1_gap73	2587366	2589582	2216	AAGACCGCGTGGATCAACTGGGTCATCTCGCCGTCGCCGGCGATTGGCGGGGTGACCACGCTCCAGCCGACGGATGATTTCTCGCTGATGGGCGCTCACTTCGCGGTCAGCCCACGTAACCCGCCGACACAGGACACGGTTCACATCGAGCAGTATTTCAGTACTCCATACTCCAAAGGCTATTTTGATGTCACAACCAGGCATCCTTCTTCCGGCACGGACATGCAGCTGAACCTGACGCCGCTATACCTTCCTGATGGCGTGTACTACGTGCAGCTTGAGACGCCTGGCTATGGTCTTTCGAATCGTATCAAGTTCCAGATCACAAGCCCGCGCAACTACCCGGCGCAAATCTCCGCGACCTCTCATCCCGCCATTACGGGACAGGACTTTACAGTGTCGGGGCTGGGAATTCCGGATTACTGCTATATGTCCTTTGTTCCGGTGAATAATCCCTACCTTCCCACGCAGAAGGTCGGGGATGTCTCCTCGCGGTTTGGGCTGTACGCATTCACGAAACTCCCGGATACGCTCTGCGATGGGGATTATCTTGTGTCGTTGGTCTCGGGCGATGGTAAGGTGCAGACCAATTCGCTGCCGGTGACCGTGGTTTCCGCCAAGTCGCCGGGCTATGTGACCTATGTCCAGGGGTACCACTGCGTCAAGAAGATGAGCACGTTCGGCGGCGACGACACGTATTTCCTGGGGCTCGCCTATAATAGCCGCTACAACTCCAAAACCTGGGGGACACAAGTGGAGGAAGGCGTGACCGCCGGTAACAATATCTGGGACAGTGTCGACCTTGTGACGGCGATGGACAAAGACGGTGTCGAAACGGTCGATCTGCATCCCGCCTCCACGATCTATCTGGTCGGGCTTGGACAGTCGAACAACTACTATTGGGACTTCTTTTATGGGCGAACGTGGGATTACAGCAAGTACCATCTGAATGGGAATAACGTCTACCAAAATACCTGGGGCACGTTCAAAATGGATAAATTTGAAACTCAGATCGACATCGATAGTTATCTGAACGACAACAACTCTCCATCGATGAAAGCCATACAGTTGCAGATCGACGAGGAGTATGCGATCACGCATACCGGCGGCGATGACGTGATCGGCGTGCAGCAGCTAAAGTGGACGCCGCAGGATGTCGAAAAAGCGCGCCAGATGAACGGCTATCACGACGTCATGAAGATCGTGGACATGTATGGACACGGAAGCCACTATCAGCTGGAGTGCCACCTGATCCGCGTGTACCCCGGCAGTGCTTACAAGACCTGGTATTAAAAGCTAACCGCTGCTGGAAACGAGAAATTGCCAGGCTACATGACGGCCTGGCAATTTCTCGTCAATGCCCGTTCAGATCGTCCGTCTTCGGATACGAGAAGCAGCTTTGCGGCACGTATTCCTTGAGCTGATGCAGGCTTTCCCAGTAAAGCTTGATGATCTCGACGCTGTTGCCGTTCTTTTCGTAGTATTCGATCACGATCGGGTACGCCTGGCCCGCCTTCATATCCATCTGCGCGGCGTCTTCCGACGCCGCGTGGATCGACCAGTTGTCGATCAGCAGTTTGCCGTCGATGTAGAGCCGGACGCCGTCGTCGGAGGCGGTGTAGAACGTATAGGTTTCGGAGAAGCGCGGCGTGATCTTGCCGGTCCAGCGGATCGAAAACGGCTGGCGCGCCGGCATGCGCGGATCGACAATCTTGCGCGTCCAGTTGAAATTGATATTGGCGTCCGGGCGCTGGAACAGTGGCTGCTCGAAGTTTTTGCCCAGATAGTATTGGCCGAGCAAACCGCTGCCGTCGCCGCCGCCATCGACTTTGCCCTTGCCTTGGATTGTTTGGCCCTTCGGTTTTTGGGCATGCTCCGGCGTCCAGGGCAGGTTCCCACGCGCGCTATGAGAGCCGATGGACACGGGCGTCAGGAGGAACGCCACCTGCGTGGACTTGTCTTGTTTCGGCGCGGGCGATCCCTGATGCGCCTTGGGGCTGACGACCAGACGGCGCATCGCTTCCGGAACCAGCGCGCCGGGAATCTCGCCGCTGGGCGCGTTGTCTGTAGTCGGCAGGTGCAGCTTGTGGACCGGGGCGCTTCGCTCATGTCCGGGATCGGCCCCCTGAACATCGCCCGGCGGCAGGGCGGTGACCGGGCCGCGCGCCAGACGGTCGTAGTTATTCTGAAGCCGCTGCTGTGCGGCGCTCGATTGA
NZ_AP025739.1_gap74	2624773	2629604	4831	CCAACTCTTCAATACGATTCTGATCAACGTGACGGCGTTTTTTCGCGACCCCGCCGCCTGGGACTTCATCCGGGATGAGGTAATTCAGCGGATCATCGTGACAAAGGGGCTAGACGATCCGATCCGTATCTGGAGCGCCGGCTGCGCTTCCGGCGAAGAGGCCTACACGCTGGCGATGCTGCTGGCCGAAGCGCTCGGCTTCGAGCGGTTCCGTGACCGCGTCAAGATCTACGCGACGGACATCGACGAGGAGGCGCTGACCGAGGCGCGCCAGGCCAGCTACACCGCGCGCGAGGTGATCGGCGTTCCTGCGGAGTATCTGGAGCGATATTTTGAGCGCTCCGCGTCGCGATACGTCTTTCACAAGGACTTGCGCCGCGCCGTCATCTTCGGCCGGCACGATCTGATCCAGGATGCGCCGATCTCCCGGATCGATCTGCTGGTCTGCCGCAACGCGATGATGTATTTCAACGCCGAAATCCAGTCCAAGATCCTGGCGCGGCTCCACTTTGCGCTCAGCGACACCGGATATCTCTTTCTGGGCAAGGCGGAGATGCTGTTCACGCACTCTAATCTCTTTACGCCGGTGGATCTGAAGCTGCGCGTCTTCAACAAAGTGATGAAGGGAACTTTGCGCGACCGTTTGCTGCTGATGACGCAGACGGGCAGCGAAGAGGATGTGGATCACCTGACCGATCACGTTCAGATGCGGGAAATCGTCTTCGAAACCGGGCCGATCGCGCAGATCGTGATCGGGCTGACCGGCATGCTGGCGCTCGCCAACGACCGCGCCCGAAATCTATTTCGCCTCAGCCATCGCGATATGAACCGGCCTTTGCAGGACCTGGAGATCTCCTATCGTCCCGTCGAGCTGCGCTCATGCATCGAGCAGGCGTACAACGAGCGCCGCGTGGTGGTGGTGAAAGATGTCCCCTGGCCGCCGGCGCCCGGCGAGACCGGTTTTTTGGACGTCCAGGTCGTGCCGCTGCAAGACAACGCCGGCTCGATCCTGGGCGCCGCCGTCACCTTCACCGATGTCACCCGATTCAAGCAGCTTCAGGGTGAGCTTTTGGAAGCCAACCGTGAGCTGGAGACGGCCTACGAGGAGCTTCAATCCACCAACGAAGAATTGGAGACGACAAACGAGGAGCTTCAGTCCACGGTGGAGGAGCTGGAGACGACGAATGAGGAGCTTCAGTCCACGAACGAGGAACTGGAGACGATGAACGAGGAACTCCAATCGACGAACGAAGAGCTTCAGACCATGAATGAGGAGATGCGCCATAGCAGCGGCGACTTCAAGCGCGCCAATACGTTCCTGGGCGCGATCCTCTCCAGCATGCGCGGCGGCGTGGTGGTCCTGGACAATAACCTGGAAGTCCAGATCTGGAACTCCAAAGCGGAGGAGCTATGGGGCCTGCGCTCTGAGGAAGTCCAGAACAAGCACTTCTTCAGTCTCGACATCGGGCTTCCCGTCGACCGGCTCAAACCATCCATCCGCGCCTGCCTCTCCGGCAGCCTCTCCTCCTTTGAAGACACCATCGAAGCCACCAACCGGCGCGGCAAGGCGATCATCTGCAAAGTCACCTGCACCACGCTGATCAACGGCGAGGACCTCTTCGGCGTCATCATGGTGATGGAATGACGCCGCGTTCAGACCCCTTCGGTTTGTCGGTCGCGTGGAGATCCAGGTCGTCGTTCCACCAGGTATTGGCGACGATGAAAGCGATGTCGTACTGCGAATCGCCGTTCGCCCTCACCAAACGCGCGCCGAGCGCGGCCGCAAAGTCGCGGTCGTACTCGGCGAAGAGCGACCGAATCGTGGCGGGCGCGCTGTGGGGATAGACGGGGAAGCCGACCAGCTTGCCGTCTTCGTCATATCCCACGACTTGCCGCCCGACAACTGTCTCTTTCGTGTCGCGTGCGTAAAGCACCTGCTTGTTAATATCGAGCACGGTCGCGGCGGCTGAGTAAGCGCAGATTCCCCCAAGTCCCAGACAGCTTCCCACATAGGTCCCCAGCTTCAATGCTTCGATTGGGTCCCGCTCCAGCGTGATGGTGACTTCGCCCCACGGCGCGATCGTTTGCTGACAGGGAATGCCGGAAAACCACAGATCCAGGTCTAGCTCGGGATGTTTCTTGAGCCATTGGATGGTCAGCGGGTGCTTCATCAGATAATCCGAGCGGCCCGCCCAATGTGCGGTCAGCAATTTTCTGAGAGGCTTGCGGTTCTCGTCCGCAACCATCTGCATTTGCAGCGTGTGCCGGATATCGTCGTCGAGCTCTAACTCATCGATGGGCAGGCCGCGCGACAAACGATCGTAAATTCGGTCCTCCATCATTTCCAGGCAGGCGCGCAGCCATTGACGGCGCATCTGCGCGTGATAGTGCGCCAGGCGAGGGGCGTTCAATACGCGCTCGCCGTCGTAATGCGACCGCAGCTCTTTCGGGATGGCTTTGGCGAGCGCTGGACGATCCATGGCGGCAATCCATCCGTAGGCTTCGGCGTCACTGAGTTCTCCGATGTCATGGCTCATCCATGGTTCACGCGCGAACGCTTTCGCCATTTCCAGGCGCTCCTCGCTGGACAGGCAGCCGAGCGTTTTGCCCGTTCGGAACAGACGGGCGGGAGCCGCGAGGAAGCAAGCCAAGGTGAACGCCGGCATGATCTTTGCGAGCGCCCAGTTTCCTCCAGACACATGGTTCGCCGCATTGCTGGTTCGGCAGCTTTTCTCCATCTGATGGAAGGAAGAATCCGGCGCTCCAATCAGCGATTCGCGCTGGCTTATGTCGAAATAAGCAATGAAATCCATCCAGAGGTATGAGGTTTCCAGCGACGGATGAAACGTCGGACGGCAAATGCGCTCCAGCAGCGCGCATGCGTCCGGAATGGAGCGCGCTCCCCAATCCTTGCATTCCGTGCGCCAAACAAACTCTCGAAGGCTTTCCAGAAACTTCGACTGGTATTCGGACGGAATGCGCTTCAAAATCTCTTCGGTTTTGTCCGCGTGCGCGTGCGCCGATCGCCATTTTGTCTTCGCCTCGGAAGGAGACTCAAGGCGGGCGGGGCATGAGTAAAAATAGAGCAGCGACAGGGCGATGTCGCTGCGCCATTGAGACCAATCACGGCTTTCGATCAGCGCGGTCAAGCCGTCCAGTTTGCCGCACGCCGTCCAGAAATTCATACTCTTCCACCGGGCGTCAGAATCTCCCTCGCACTCTATTCTTTCAAGAATGGGTTCCAGCGTTTCGGTCGGGAACTCACCGCTTTGGTCGATCTCATGAAAGCTTCTGCTCATTTGGCAGCGGTCATTCAATCGAAATCCTTCCCGCAGATACCGACTGTCCACGCCGTGCGCGAGACCCCGCAGCAGGCAGTAGGTTCGGTAAGCCGACTCGGGACTGTTCGCGATTTCCGTCGCGATCTCTCCCAGTTCTGGAGTGAGATCGGGATCGATTTGATAGGCTTTTGTAAGCAGCAGCATACCCATGAAGCCTGCTTGCTGACGTGGCGAAAAATTCATGGTAATTTCGAGCCAATGAGGCGTATAATCGGATAAAGCATACAACTGCGTGACGCAGGCGAGCAGCGACTCATCGCGCTCCAGTCCAAAGCGATGGAACAAGGCGTGCGCCTCGGCGACGGTCGCGGCTGTTTTTTTCCGCAGCGCCGGATACAGATTCGCAATGAAGACCGGCGACAGATCCGGTATCAAAGTATCATGAAACGCGGAGCCGTCGCGGCCCGTATAGAAATTATCAGGCGCCGAAAGAGAGGCGATCAGATCCTGGGCGGCAAATTGGTCGCAAAGGAACGGTCGCAAGTCTGTTACTTGAGGAGATTTGTCCTTCGGCGGCTTCTCCGTCGTTCCGCGATACGCGCGCGGATGGGCGGCGGTCGGCTTGATCGGTTCTCGAGCGGACAATTCGGCGAACGCGTAGGGACGAGGAGCCGGTTCAAACGTCGCGGGTACGGAATTGGACAAAACAGTTCGGAGGGAAGACAAGATCTCGGAGTTTGGAGCCCGGACCGCGGACAGGGCCTCCCACGCCGCGCGCAGCAATTTGGATTTCGGGTCGCCGGACAAGGGATCCATCGGCGTTCTCTCCAGCGTCACGAAGGGATCAAGATCGGCGAGCGCCGTATCACGAACACAATCGTGTGGCGCAAACGAGCCAATTGTACGGCAACTTAGTTTTTCTAGGTTTGTGATTGTTCTCACATAACCGATGTTGGTCAATTGTGAGTCCATGGTTTTGTGCGTGAATTCTTTCATGTTTATTTTGGCGTCCGACTGCTTTCGGATTCCAGAAATCCAGTATGCTTGCCGATAATGGAGGTGAGCCCGCGAGAGCGAGGCCCGCAATTTTTGGGAAGAAGCACGATTTGCAATGAGCGTCAATTTAAATCTGGAGTTCTCCGGCAAACAGGATCATTTGGCGCAGCTGACCGACCGCATTGAAGCGGAGGCCGGTCGAATGACGACGAAAGTTCGGCTCTTCGCGGCCGAGAAACCTCTGGGCTGGGCCTGGAGCGCCGGCGTTTTTTGCGTCTCCGCCGCCCTGGTGCGCGTATTGCACCATGCACTGCCGGGGAGCGATCCGCAGGTGCTCCTGATGCTGGCTCCGGTGCTGGAGACGGGCGTGCGCCACGGCCGTTTCGCGGCCATGGGCGCCTGGCTTGCGTCAGCCGCCGTTTCTCTGGCCGCGCTTATGCCGCATGCGTCCGGCGCCCTGCAAATCCCCGATTCCAATAACGCTCTGTCGTTCGCCCTGCTGATCGCCGCCGGCCCGGTGCTGGCGTCGGTGGCGGGCCACTGGCGAGAGTCCC
NZ_AP025739.1_gap75	2673243	2676769	3526	AAGGCCGACCCTTGCGACGACGCGCGGGAATATCACCGCGTGGTGGAGGTGGCGTCGGGCGTCCCCGTGCTCGTGCGCGGCGGCGGCAAGGCGAGCGAGGCGGAGATCTTCGCGCGGACCGAAGAATTGATCCGGCAGGGCGCCTCGGGAATCGTCTATGGGCGCAATGTGATCCAGCACGCGCGGCCGGCGCAGATCACGCGCGCCCTGATGGCGATTATCCACGATGGCGCGACGGCGGAGCAGGCGCAGGCGATCCTGGGTCACGACACACAGGCATAAGGGAAGACACGCAATGGCGCAGCGAGAAATACGATTTGGTGTGATTGGGTGCGGCCTGATGGGCCGCGAATTCGCCAGCGCGGCGGCGCGCTGGTCGCATCTGCTGGAGATGGACGTGCGTCCGCGAATCGTCGGGATCTGCGACGCCGATCCGAAGACTTTCGGCTGGTTTCAAGACAGTTCTCCGGACATCAAGATCGCGACGGGAGATTATCAGGACCTGCTGAACAGCTCTGAAATTGACGCGATTTATTGCGCCGTGCCGCACAATCTACACGAGCGGATTTATATCGACATTATCAATGCCGGTAAGCATCTGCTGGGCGAGAAGCCGTTTGGGATCGATTTAGAAGCGAACGCGCGGGTCATGGACGCCGTGCGCGCGCATCCCGAAGTTCTGGTGCGATGCTCTTCGGAATTCCCGTTCTATCCCGGCGCCCAGCGGGTGATCCAGGCCATACAAGAAGAGCGCTTCGGGCGCATTTTAGAAGTGCGCGCCGGGTTCCTCCACAGCAGCGATTTGGACCCGCGCAAGCCGATCAACTGGAAGCGCCGGATCGCCACCAACGGCGCCTATGGCTGTATGGGCGATCTGGGCCTGCACGTTCTGCACGCGCCATTGCGTGCGGGGTGGGCGCCGCGCAACGTGCGCGCGATGCTCACCAATGTGGTGACGCATCGGCCAGGCCCAGACGGCGCCCCCGCCCTCTGCGAGACCTGGGACAATGCGCTGCTGTCGTGTGAAGTGGCTTCGGGCGAGCAGGCGTTTCCCATGCTGCTGGAAACCAAGCGCATCGCGCCCGGCGAAACTAATACCTGGTATCTCCAGGTGTACGGCACGGAGTTTTCGGCGGAGTTCAGCACGAAATATCCCAAAACCCTGCGCACTCTGCCCTACGCGCCGGGCGACGAGCAGGCGTGGCGCACCCTCGATCTCGGTCCGGCGTCGTGTTATCCCACGATTACCGGGGGAATCTTCGAGTTCGGATTCTCGGATTCGATCTTGCAGATGTGGGCGGCCTTTTGCGATGAAATCGCGCACGGCGACGCGATGCGTCAGCCGTTCCGCTGCGCCACTCCCAACGAAACGGCGCAGAGCCATCGTGTGTTCACGGCGGCGCTGGCGTCCCAGGCGCAGGCGCAGGTAATCGCCATTGACTAGCATGCCCAATCACGAAAACGACCGCTCGGCGGATGTCGTCGTGGCGGGACACATTTGCCTCGACATTATCCCGCAGATCCGCGCGGACGATTTTCAGTTTGTCCCCGGCGGCTTGCTGGAAACGGGGCCGGCGGTTCTGGCGACCGGCGGCGCGGTGGCGAACACGGGGCTTGCGCTGCATCAACTGGGAGTGAATGTTCGGCTCGTGGGGAAGATCGGCGACGACGTGCTTGGCGGCGCCCTGCGCGATTTAGTATCCGGCGACACACTCGATCTCGCCGCGAACATGGTCGTCGCCCACGGAGAGCACACGTCGTACAGCGTGATCCTCAGCCCAGAAAATCGCGACCGTATGTTTCTGCACTGCCCTGGCTGCAACGCCACGTTCCAAGCCGCCGATGTTTCGGACGAGGTCTTGGCGTCTTCGCGCCTGTTCCATTTCGGCTATCCGCCCTTGCTCCCTCGCATGTACGCGAACGGGGGCGAAGAATTGAGCGCACTGATGCGGCGCGCGAAATCGCTGGGCGTGACCACTTCGCTGGATCTCAGCATGCCCGATCCAAACGGTCCCTCCAGCGCCGTCGACTGGCCGGCGATCCTGGCGGCGGTTCTGCCGTACGTGGACGTGTTTCTGCCAAGCGCCGAAGAGATCTTCTGGATGCTGGACCGCGCCGCTTACGAGCGTATTTCGTCGGGCGGCGGTGAATTCCCCGCTCATGTCGGCGCATTAGACCTGCGCCATATCTCCCAGGTGCTGCTCGACATGGGCTGCGCCGTCGCGGGCGTCAAGCTCGGAGAACGGGGCCTTTATTTGCGCACCGCCTCATCCGCTCGCTTTGGCGACGCCGGCCGAGCCTTCCTCAACCCCATGGCATCCTGGTTCGACCGTGAATTCTGGTCTCCCTGCTTCGACGTCCACGTTGTCGGCGCGACCGGCGCCGGGGACGCGACCATCGCCGGCTTCCTGATGGCCCTTCTGCGCGGGGACGATCCCGCCCAATGCCTCGTCGCCGCCTGCGCCGTCGGCGCATGCAGCGTCGAAGCCGTGGACGCCTTCAGCGGCGTCCGCTCCTGGCCCGAAACTTCCGCGCGTCTCGCGCAGGGCTGGAAACGATGCGCCACGCACTCCGGCGACGGCTGGGTGTGGGACAAAACGCGTGGCGTGTTTGAGCCGCAGGCAGGATAACATCACGCCCACGGGGTAACAATAGACATGATCTCACAGCAAAAGCTCGAAGAAGTTCAGGCGCGCGCCCACGAATACCTCCAGCGCGCCGGGATTGTGCTGACGCCCGAAGAAGCCGCGCACATCGAAGTCGCCGACTTCGGCCTCGGCGATCTGGATGTCCACGGCCTCCAGCTCATCACCTACATCAACACCGAGCGCGTTTGCGCGAAAGAGTTAGTGCTGTTCCCCCGCCAGACCTGCCCCGAGCATCGGCATCCGCCGATTGACGGCGAGCCGGGCAAGGAGGAGACGTTTCGCTGTCGGTCCGGCCTGGTGTATCTGTACGTGGAAGGCGAGGGGAGCGGGACTTTACAGGCGCGGCCGCCGCTGGGTTCGGAGGATGTGTATACGGTCGGGCAGGAGATTGTGCTGATACCAGGCGAGCAGTACACGATCATGCCGGACACGCGGCACTGGTTCCAGGCGGGCGACGAGGGCGCGGTAGTGTCCGAGTTCTCGACGCGCAGCCGGGATGAGTTCGATATCTTTACCGATCCCCGAATACAGCGTGTGACGATTGTGGAGTGATGGGGTTTTCGATGAAGAAGACGACCTGGATCGTTCAGGCTAGTAAAGGCGCGACATCGCCGACGCTGACGGCTCTGAAGAACGCCTGCGCCGCGTGTGACGCTCCTCTGGTGGAAGTGCGGGTCATCCCGTTTCTCGAAGAGATGCCGGACGTGCCGCCGGAGGTCGAGTGGCCGTTTTTCATTTATGGATTTACGACGCTGATCTTGAGCGCGCTTCGTTCGGATCGATGGCGCAAAGGCGTCTTCTTCGATCCCGCGCTGTTTACCCCGACGGCCTACCATCAGTATTACGGCGATCGAATGCTCAATGATGGGATGACGGTC
NZ_AP025739.1_gap76	2679956	2683694	3738	AACCAGCAGAAACAGCGGCAAATGAAAGCCTACCATGGCCGGCAGCGCCCACCAGTCCATGGGGACCTTCGCCGGATGGTCGTCGTGCGTGTGGTAAGTCTCATCGCCCTTGTAGATCTGATGATGCACCAGCGTGTGTTCGCGAAACGTGCGATAGATATATTTGGGAGAGTGAAACAGGTACCGGTGGAAGAACCACTCGAAGTAGCTCCCGTAAACGAAATACAGTGCGAACGCCGCCAGTTCGCACAGAAGAATATGCGTCATGATCAGTTTTCCTTTCATACAGCCAAAATTCAGCTAATATTGAAAATATGAATCAATATTACCATATAAATGGTAAAAATAACGCAATGTGTAAAAAATACATAATAACCATTTTGGCGGTGGAGCGTTAAGCGGGGAGCGCGGGAGCGGAGGGGCGCGGGAGCGGAGGGGCGGCGCGTAACACAAAAAAGGGAGCGCCGTCAGGCGCTCCCTTCAAGGTTGATATGTGTTTTGGGCGCAGTGTTACGCCGCCTGAAGCAAGACCAGGTCCGGGCGGGACGATCCGCCGTGAGCGGCTGTCTTGCTGACGCGGAACTGGGAAATGGCTTCCTCCAGCGTCTGCGCGATGCCCGACAATTCGGCGGCGCTGGCGACCAGCTCCTCGACGCTCGCCGTCTGCATGGCCGCCGTGTCCGTCACTGTCTGGATCGACGCCGACACTTCCTCCGCCGAAGCGCTCATTTCTTCCGCCGCCGCCGAGCTTTCCTCGACCACTGCCGCGATGTCGTTGATCGACTGCGACACGTTGTCCGCCGAAACGCTCATCCGAACCGACGCCGCGCTGATCCCCATCACACGCTCTGTCACGCCCTGGACCACCGACTGGATCTGAAGCAGCGCCGCGCCTGCTTCTTCCGCCAGCGCCGTGCCCTTGGCTACTTCCTGAGTGCCCGTCTCCATCGTCTTGACCGCCTGGCTGGTCCGCGTGAGCACCTGAGCGATCAGGCCGCCGATCTCGCGGGTGGCGGCGCTGGAGCGTTCGGCGAGCTTGCGCACTTCATCGGCGACGACCGCGAAGCCGCGTCCGGCTTCTCCGGCCCGCGCCGCTTCGATGGCGGCGTTGAGGGCGAGGAGGTTGGTCTGCTCGGCGATCTGTTCGATGGTGGCGACGATGCTTCCGATCTGCTCGGAGGAGCTTCCGAGAGCCTGAATGACCTGTGCGGACTGGGAGACGCTCTTGTGGATGCTTTGCATTCCTTCGACGGCGAGCGCGACGGTTCTTCCTCCGGCGGCGGCGCTTTCGTTGGCGAGGTTGGCGGCCTGGGTGGCGGCTTCGGCGTCCTTGGCCACGTCCTGAACGGCGTGGGCGAGCTGCTTGACCAGCTCCGCGCTGTCGGCGACGCTGCGGGCCTGCATGGTGCTGCCCTGCGCGACTTCGCCGGCGCCGGTTGCCGACTGCTCGGAAGCCTGGGCGACTTCCAGCATCACGCTGCCGATCTCTTCCGTCGCCTCGCCAATGCTCTGGCTGACTTCCGCGACGGTGTTGGAGGCGGTGGCGACCTGCATGGCGTTGACCTGCAAGTCGGAGATGAGGCCGCTCAGGGCGTCCTGACAGTGCCGGAAGGAATCCACGGTGGCGTGGATCCGGCCCAGCATTGAGTTAAAGGTGCCGGCCATCGCGCCGAACTCATCGTGCGTGGTGATATGGAGAGGCTTGGCGGCGGTCGCGATCTCGGCGGTCAGATCGCCACGCTCCAGGGCTTTGACGGCGTGGCCGAGATTTGTGATGCAGACGCTGTCCAGCGTTTCCAGGCCATCGGAGACTTGCGACAGCACGCGCACCATGTAACGGGTGATCAGGCTGCCGATGGCGATTCCGCTGAAGGCCGCCACGGCGATCAGCAGCAGCGAGAGGCGCAGGCCGTTGGCGGACGCGCTTTTGATCTGCTGGCTGTACCAGAGGCCGTGTGCGTGGTTCCAGGCGGTCATGGCGTCGACAACATCCATGACTTTGTGGACCTGATCGCGCATGGGGCCGTTGAGCTGCTTGACCGCCGCCTTATGGTCATTGGTATCCATCAATTGGATCAAGGTCGTATGGCCGGATAGATAATCGGTCCAGGTCGTTTTCAGCGTCTCGTAGTTCTGGCGGTCGGCGGGATCGTCGACGCCGGCGCCGTATGCGTCGAGACCTTCCTGCGCCTTCGCCTGCGCGGTATCGCTGTCCTTGACGAACTTGGCGCGGCCCGCGGCGTTCTCGGCGAGGGCCATCTGGAATTCCATCGTGCGCATGCGCCGCGCATTGACATGGAACTGCGCGAGGTGCTCTGTGCTCGTCAGGGAATCGGTAACGATGCTTTCGCCAAGATGCGTCATATGCGTCATCAGGGCGATGCCGACGATTCCCATGATTGTCGTCAGCAGCACGCAGAGGCCGAAGCCTATGGAAAGTTTATGAGCCGTCTTGCGGTTTAAGAACCATTGCATCCTTCGGTCTCCAAAATTCAACAGTAGGGGTGACGTGACCGTCTCCCTATTCATATTGCCACTTTAGAACGATCTCTGTAGGGTGAGAATGTGATGGGAATGCGCGGGATTGGCCGGGCGCGCGCAAAAACATGGCGAGAAACACAAAAAACGCGGAACGGACAGTGTCCGTTCCGCGCCATCGATCGATTGAGTTGGTCGTTGTTTCGTTATGCGGCTTTGCTCAGCGTGAGGCGGGGGAGCTGCTCGGAAGGCCGATCTTCGAGGACGTGAAACTGAGAGATCGCCTTTTCCAGCGTCTGCGCGATGCTGGCGAGCTCCTCGGCGCTGGCGACCAGCTCCTCGACGCTCGCCGTCTGCATGGCGGCCGTGTCCGTCACCGTCTGGATCGACGCCGACACTTCCTCCGCCGAAGCGCTCATTTCTTCCGCCGCCGCCGAGCTTTCCTCGACCACTGCCGCGATGTCGTTGATCGACTGCGACACGTTGTCCGCCGAAACGCTCATCCGAACCGACGCCGCGCTGATCCCCATCACACGCTCTGTCACGCCCTGGACCACCGACTGGATCTGAAGCAGCGCCGCGCCTGCTTCTTCCGCCAGCGCCGTGCCCTTGGCTACTTCCTGAGTGCCCGTCTCCATCGTCTTGACCGCCTGGCTGGTCCGCGTGAGCACCTGAGCGATCAGGCCGCCGATCTCGCGGGTGGCGGCGCTGGAGCGTTCGGCGAGCTTGCGCACTTCATCGGCGACGACCGCGAAGCCGCGTCCGGCTTCTCCGGCCCGCGCCGCTTCGATGGCGGCGTTGAGGGCGAGGAGGTTGGTCTGCTCGGCGATCTGTTCGATGGTGGCGACGATGCTTCCGATCTGCTCGGAGGAGCTTCCGAGAGCCTGAATGACCTGTGCGGACTGGGAGACGCTCTTGTGGATGCTTTGCATTCCTTCGACGGCGAGCGCGACGGTTCTTCCTCCGGCGGCGGCGCTTTCGTTGGCGAGGTTGGCGGCCTGGGTGGCGGCCTCGGCGTCCTTGGCCACGCCTTGAACGCCGTACGCAAGCTGCTTGACCAGTTCGGCGCTGTCGGCGAGGGAGCGCGCCTGCGACGTGCTGCCCTGCGCGACTTCGCTCGCGCCTCGCGCCGATTGATCGCTGGCCTGGGCGACTTCGAGCATCACGCTGCTGATCTCTTCGGTTGAGTTTCCGATCTGCTGGCTGGCGTCCGCGACAGTCCCGGAAGCCTGGGAGACCTGCGCGGCGTTTTCCTGAAGA
NZ_AP025739.1_gap77	2721293	2722695	1402	CCATGTTTGACGACCGTGAAGAATGCGCCGCCGAGTTTGAGATATCGGCCGCGGGCGATCAGCGTGTTGTCGTCCGGGATGCAGTCGGTATCGGCGTCGCCGTAGACATGGATGATCGGGATGTGCGCCTTGGCGATCGGCGTCAAGATGTCGATGGGGTTGCCTTTGAAGGCGAGGGCTTCGGCTTCCGTGTTGAAATGGTAGTCACGCATTAGCTCCGCCCAGTCGCCGGGACTGCCCGGGCCTTTGTTTTTTCCGCCTGGCCAGTTTTTGAAGTCGCACACGGCGGCGTCGCCGTAGATGCATCCGACCTTATCGGTATTGACGGCGGCCCAGCGATAGATATACAGTCCGCCCCGGCTCAGCCCTTCCAGCGCGGGATATTGGGAGAGACCATAGGTCTCGGTGAGAAGCTTATAGAACGGATCCCAGTGCGCCATGGCGTCGGGAGCGCCGAAGGTGTTCCCCACTTCGATGTACGCCAGATGGAAGCCCTTGTCCAGCAGCGCGAGATCGACGCTTGGGAAGGCGTCCCAAAACATCGCGCGCCAGATCCAGGGCTTACCCGGCGCCGCCGTCTTCGGCTCAACCACCACGGCTTCGCAGCCATCCACGGTCAAATGATGGCAAATGTAGCCATGGTAATCTGTCGGCTGTCCCGGCCACACGGCGGTCGCCGCCGTCGTTTGCGCATCCGCCGCCCTCGCGGGCGCCGTGGAAATCATGGGCAGCACGGCCAGAGCTCCGGTCAGAAAAAGGAGGTTCAATTTCGTCATTAGGGATCGTCCTTGTGTGAAATTTCGCTATCGGCAGTTTCCGGGAAAGGTGACTAGATCACGATTACGCTTTCCGGACCGCCGCTTTCATTATAGCTGAAATCCTTGTGGTTTACCCTAGTACGATGCGCCTTTTCTTTATAAGACCTTTTAGATCTATGGCAATCATGACGAGAAAAAAGAGCGCGAACGCCAGGAATATGCCCCCCGATATCCAGAACTCCGTCATCTGCTGGGCATGATATGCGCGCGCAAGGCCTCTTCCGCCCTGCTCCAACGTTATGCCGAGAAGGAAGATCAACCGATAGAGGCCCTCACGAGATAACGCGGATGCCTGGCGTAAACGCCACGCGCTGGCGCGCCAGCCTGCGGTCATGGCAATAACGAGGGCGATGCTCGAAGTATGATGAAGCGCTCGCTCCACAGAAGATGCGCCTTGCGGATGTAGGATCTCCTGTATCTCAAAAATACAGGAGATGAGGATGATGAGCGGCAAAACCCTGGCTGCAACGCGCAGCCATTTCTCCGACTTTTGCTTTTCTTGTTCTATCCGCGTGTCATACGCATCATCACTGGCGAATCGGGGTGGAGTTGTCATGGTGTCTCCTCGCAATCAATTGTGATGG
NZ_AP025739.1_gap78	2842022	2847000	4978	TGACCACGAGACCCGTCACCGTTTGGCGATGCTGGCCGCGCTGGACCGACGTCTTTTCTTCATTCACCGTCAAGCCCTCATCGGCAATGATGCGGCGTGTGAGATCGAGCAGCATGCCGACAGGCGCGTCGGGCTTGGCGTGCGAGAAGACCAAGTCGTCGGCGTAGCGGGTGTAGACGAAGCCCATCGCCTCGGCGGCCCCGGTCAAGCGGGCGTCGAGCTTGCGGCACAGCAAGTTAGTGACGGCGGGCGAGGTGCACGCGCCCTGCGGCAGACTGCGGCCGCCGACCGCGACGAACCGGCGCGCCCCGTCCAGCGTCGCCGCCACGCGCGGCGCTTCCGTGGTTAGCAAAGCGAGCAGGGTGGCGACGCCGCCGTTATAACCGAGCGATCGGAACAGCGTCCGCACGCGCGGCAGGGTGATGGACGGGAAGAAGTCCTTCAGGTCGATTCGGATGACGACCGCCTGGCCCTGATGGCGCCGGGCGTTGTCCGCCACCGAGCGGGCAGGGCGGAACGCCATCGCGGCGTCGTGTACAGGGACCGGGGAAAGCACGGATTCCAGCACCCAGGACTGCGCCGTGCGCAGACGGCGCTTGGGCGAGGAGATCACGCGTACGCCGCCGCGCTTCTTGGGGATCGTGAAACGGGAGTAGTGATCGATCGTGGCCGCGCCCCGGTGATAGGTCAGCCAGGCGAGATCGGATTCCGAAATCCCGATCGCGGCGGCGACATCGGATGCCGTTGTAAGCGCCGGCAGTCCCAGCGTCGCCGTCTTCTCCGGATCGCCGCCTTTATAGACCAGCGCGTCGGAGACGCCGTGTCCGAGATAGGGAAGGGCGCGCTTGCGCCATTCGGTATCTTTGGCGTGCGATTCGATCTTCTCCTGGGCGCGGCGCTCGCGACGGGCGATGCGTTCGGCGCGGACACGTTCGATCCGTTTGCGCCGAACTTCGGCGAGCAGCGCCGGGATATTGCCCGCCTCGGCGATCTTTGCTTCGACGCCGTTTAGCTCCGTGCGCAGCGCGATCATCTCATCGTAGTAGACACGCAGCTCTTTCTCCGCGCCCGCCGCCAGCTCCGCGACCTCGGGGCTGGGCGGCCAGAAGCCGAGCCGGACCATCTCTTCCCGGACGAACGCGGACTTGCCGATCGCCGCTAGCTGTTTTCGCTGTTCCGAATTCATTGCGCGCGATCCTCCAACATGGCTTGAAACTGCTGCTCCGTCAGGACGGGTACGCCGAGATCGCGCGCCTTTGTCAATTTCGATCCGGCCTTGTCTCCGGCGACCAGATACGTCGTCGTGCGGCTGACGCTGCCCGACGCCTTGCCGCCGCCCTGCGCCACGAGCGCCTCGGCCTGCTCGCGCGTGAACAGCGTCAATGCTCCCGTGAAGACGAAGTTCTGTCCTTTGAACCGGTCCGGGCGCAGCGCGGCCCCGCCTCCGCTTCCGCCGCTCTCCGTGGCGGCCGCGCCGGCGCCGACGCTTTGCTGGGACGCCAGCACCGTCGCCGCAAGAATGTGCGCGCACGGTCCCTTGCGCAGCTTCTCCCGCCGGTGCCACGAGCAGTTGCACTGGACGAAGCGGGCGCGCCCATCGGCGTCCAGATCCAGCACCACATGGAACTTGCGCTCGCGCTTCTCCTCGCCGCCGCGCACCTGGGCGCGATAACGCGTCGTTTGTTCGCCTTGTTCGGGGACGCCGAACGTTTCTTCTTCGTCCTCCTCGCCGGCCTTCAGCCATTTGACGCCGCCGGTCGCCACCAATCGGCGAGCGAGGTTGAGGCGCTGATCGCTTTCGTCCTCCTCGGGCGCGGGGAAGGGGAGGAGCTGCCGCCAGCGGTAGACGCCGCCCGCCAGGTCGTACATCGCGCGCCCTTCGCGGGTGAGCTTTTGCAGCGCGGTCGTCGCGGCCTCGCGCGACATATCCGTGCTCGCCGCCAGCTCCTCGGGCGTCAGCTTGAGCCGTGTTTCCAATGTCTGGGCCGCCTGCGCGATGTCGCCGTCGGAGACGGAGCCGGTGGAGGCAAGCAGATCGAAGCGCGCCGCGCGCGACCAGTCGTTTTGCGTCCACCCCGACAGTCCCAGGTCGAAGCGGTGATCTTTCAGGAAAACGGTCCAGTAGGACGGCATGCCCGTTCCCAGCAACCGCGCCTGGACTTTCTCCGCATGCGGCATCAATGATTCCAGCACGAAGAGGCGGCGACGGCCCCAGATGCGGATATCGCCCGAGTAATCTCCGGAGAAGACCTGCTCGGATTCCAATACTTCAATATTCCAGGGTTCAATAACAATCTTCGGTTTCTCGCCAGGCGCGAGCACGAAGCGCAGGGAGCGCGGGCCTTTGTCCTCGCGGCGGCTGCGCAGGGCGGCGAGCACTTCGGCGACGGTGGCGGCGCTGAGCGTGACGTCGACGCCCGAGAAGGCCGCCGCCGACTGCACCTGAAGAAATCCGCGCACCCAGGTCGGCGGCAGATCGATCTTCTTCTCCATATGCTCGCCCGCGCCCGTCGCCACCGTCACGCCCTCGCCGGCGATCTGGATAAAGGCGGGGCGGTAGTCGCGCACGCGGCGGATCTCATCGGCCAGCGCGCGGCTGTAATCGACATTCGTCGTGCCGAAGACCGTGGCGCCGAACACGTCCAATTTGTCCATCGGCACGGTCACGCGGCCATAGCTCGACTCATCGATGGAAAAAACTTCAAAGACAACGCAGTCGGGGTGGACGCTGACCACGGGGTCGAGGATCATCCAGGCGTCTTTGTCGTTGTCCCAGAGCCATTTGTAATACTTGGCGCGCGACGCCATAAAGTCCGCCGAGTTCAGTTGCTTTTCCAGCGGGTAAGACAGCTTGCGCAGGTCGGTAAGGCGCGTCTTCAGGGTTTCACGCTTTTCCGTTAGGCCCGGAAGCGCGCGCATCCGTCCTGCCATCTCGACCGACATTTCTTCTAAATAACGCTGCTGCACCCATTCTTGATACGCCGCGTGATCCTTGGGCTTGACTCGATGATCGCCGGAGACGACCGCGTAGAGCGCGAGCATCAGGCGCGCGTAGGCGAGGCTGTCGCGCACCATGGCGTTGAGCGCCACTTTGGGACGGGACAGCTCCGCCGAAACGTCCAGCCGCAGCCCTTCTGGACTCATGGACGCGCTGCTGGGGCGCGCGTAGCTTTGGGTGACTTCCATGGCGCCTATCCTCCCGCTGGTCCGTCCAGCGTAAATCCGTCAATCGTTTCGCCGGCAAGAGCGCGCTTGGCAAGCTCCGCAAACGCCCACTCGGAATCGCGCGCGGCCCGGCCGCGCGCCAGCGCCAGCAGCGTCGGCGCATCCACGGTCGGCGCCGCGCTCTGCCGCGTTTTGACCTGTTCCTTGGCGCGGCGTCCGCGATGACGGGCGCGCAGCACCGTCTGATCGAACAAGACGGCTTCCGGGGAGGCGTCGTCCGCGCCGGTGAGCAGCGCGGCGACGAACGCCTGCATGTCCGTGGCGTCGTGCTCGAACAGCGCGCGCAAGATTTCCGTCATCGGCAGCGACTTCTGATGTTCGAGCACGAACTCGCGCCCGATTTCCCGCACGGAGGATTTGGGGCTGTCGCAGAGCGCCAGGGCGTAATTGCGCTCCTGCCGGTCGCCTGGGATAACTGAGTCGAAGTATGTCTTTCCGACGACAACGCTTTGCGGGACTTCGGATTCCAGCAAGCGCAGCGCGAATGGCGTCTCCATGCCGAGGGCGGAAACGCGCGCGAGGCCCCACTGCCGAACTTCGGGAAGAACATGCGTGGCGGCTTGCAGCAAGAGCGCCGAATCACGCGCGAAGAGCGCCTCATGACCGCGCGCCCAGCGCTCCAATAAGAAGCCGAACGCCGGCTCTCGGATATTTAAGAACGAGGAGTCATCGGAAGAGATCAATGTGTGCGCCACATCGGCGTCGAGCAGCAGGCGGCGCTCCAGGCGATCGTCGGCGGCGCTCGCGATAGCCCCCTCGGCCGCACGCCAGAGCTCCTCCAGGCCAATGCCTTCCTGGAGATTGCGCAGCCAGCCGCCGCGCAGCGTTTCCCATTGCGCGTCCGATGCGGCGGCGATCAGCGTGAGCGTCACCGTGGCGGGCATCGTCTGCGTCATGCGCGCGAAGGTGGACGACGTCAGCAGGTCGACCAGGAACGGCCGCTCCGCCAGGCGCTCGGCGACGGCGTCTGGCCCAAAGCCCGCCCGCTCCAGCAAGGACAGCGCGGCGGCGGAGCTCATGGCGGTTCTGAGAACTGCGTTCGGCTCCGTGCTGGCGAGGAGACTCGTCCAGATGGGCTGCAAGACGCCAAGGCCGGTCGCGCTCGCCGCCAGCAAGCGCCATCCGGCCATCCGGACGGCTTCGTTTTCATGCATCACCAGGCAGCGCGCCGCAGGCGCGCTGACGCTTTTGCCCGCAATCGCCGCTTCCAGGGCCTGTGTGACAGCTTCCTGCTGAGCCGCATCGGCGCCCGACAGAGTGAGCGCCCAGGAGGGCGCATCGCTGGCGTCCGCCGCGCGCGCGGCGGCGACCACCATCTCCGTCAGGGGGCTTCGGCGGGCGGCGAGGAATGCGCCCGCCGCATCCAGCAGCCGGAGCTGACCGGCGGTATCGGCGAAGAGGGTCGCCAGCAGCATCGCTCCGCCGACGGAGCGGCGCGCCATGACGTCCTGTGTGAGCTGCGCGACGATCTGGGCGAGCATGCGCCGCGCGAACGCCACGCGCCAGGCGCCGTCGCCGGGATTGACCCTCAGGCCGTCTTCAATCGTCCGCCGCAGGCGAACGCCCGCCCGCAGATAGGCGTCGGCGGCGATCGATGGATCCATGGCCGACCGGGCGGCGATTCGCGCGGCGACCTCCCGCAGCGCGAACCGCGCCAGCAGCGGCGACGGGCTCGTCAGAAGGCTTGTCAGCATCGGTGTGGAGAGAGGCGGGGGCGGTGTGTTTGTATCGCGCAGGATCTTCCACGCGGCTT
NZ_AP025739.1_gap79	3018480	3022110	3630	AAGCAGCACACAGGCGTTAGCCCGCGCCGATACCGGCAGCGGGCGCTGACGGGAGAGCAGCACGCATAAGGACGCCACGCTCGCCTGGAGCGATTGCAGATTTTGTCAGCATGATTGACACGGCTTGGAATCAATGATATACTCATGTTATTAATATAATCAAGTCAGTGAGCAGCACTGATGCAGCTGATGATGATTGCGAACCATAAACGGCATTGTCGGCGGACAGGCTCCAAGCGCGCTAGTTCGAAAAATAATGGATTGACAGCAATCTTAACCGATGATATAATGATACTATCGATATAATCATTACTTAAGCGCAACAATGAGAGTCGGTTGAGCCCAAAGGTCAGTTCACGGAAAGAGGTGATCGTCGGCTGTTATGGACGAGATCGGAATGCTTATGAGTTGGAATCTTAAATTTCGTTTCAGCGCCCTTTAATCCATGCGACATAAGAGAGGTGAGACTTTGATGAACCTGAACAATCGGAATGCGAAGAAAGCATTCACTTTGATTGAATTACTAGTTGTTATCGCAATAATTGCGATTCTTGCCGCGATCCTGTTTCCAGTATTCGCCAAGGCGCGCGAGAAGGCCCGGCAGACCGCCTGCTCTTCCAATCTGAAGCAGCTTGGCCTGGCCACCATGCAATACAATCAGGACTACGATGAAAAGTTTCCCGCCAGCAACTGGTATGGAAGCGGATGGGAATCTCGGCTCTTCCCTTATGTGAAGTCCCCCGGCGTTTTTGTGTGCCCGGACGACGGGACGCCGCAGACGGGAACGCCGACCGGTACGGCCTATCCCATCTCCTATGCGGAAAATGCAGTCATCGCTGGTTACGGCGGCGCCACGGCGTCCAGCAATCCTTACGGCAATTACACGGGGGGATGCCCGCTGTCGGTAATGGCGGCGCCGGCCTCCACGGTGATGCTTTACGAATGTCAGGGGCAGCAGATCCTCATCGGCAACCCGATGGAAGGCGTCGGCGACATCCTTCCGCGAGGAGATACCGGAATCGCCATCGGCCCGACCGGCGCGAACGCTTGCGCCACCTACGGAAAGCAGCCCAGTTGGGAAGTTCCGCTGGCCGCGAACCGTCATGACGCGACATCGTTCCTAAACCCGTATCTGATGGCCGATGGGCATGTCAAGGCGCTGCGCGTCACCCAGGTCGGCGATCCCTGCGGCGGCTCCAATCCGGACAATCTCGTCCAGGACGGACCGGGCCTGGGCGCCGGACCCAGTGTGAACAACCTGCGGAACTTCGCGGTGACGTTTCAGATCCAGTAAGCTTATCGATCTACAGCCTGCGCGCCAATGGCGCGCAGGCTTTTTTTTATGTGTGAGTGGAGAACAGGATGCTCCTGGCCCCACAGCTCACTAGGATAGGTTTTTTGCGTAACGGGCAATAAATTACCCGGCTGGGGGCGCTTCGCATTAAGGACCCCGCAATAAATTACGGGGCTGGGGGCGCTTCGCGCCGACCGTCCGTCCCGGACGGAAGAGTGCAATCGTATGCGGTTCTTTGTCTTCCGTCCGGGACGGTGGGCGCATCCACTCACACATGAAAAAGCGCGGGGCCAGCCCAGTATTCACTGGATTGCCCCCGCGCCGTGTGGCTTGAATGGTGACTTCGGTCGGTTAGTGCAGGCCTAAATCCATCCAGGAGAAGGTCTCCCAATCGCCGGGCGACGTGGCCCACTGCGCCTCCAGACGCTTGACGTCATTCGGATTATAACTCACGTAGTCGCTGTCGATCGTCGCTTGCAGCGCCACATTGCTTCCTCCCAGGCTCACCCATTTGAAGGGCTCCCACGCGCCGATCGTTGTCCCGAGGTCGGCGCGCAGCACCCGGCTCGACTGGTTCATGTCCACCGACACGTATTTTCCGGTCTGCTCGCTGAGCAAGGCGATATTGCCGCTGCCGGCGTCGCGGACGTCGAAGTATTCCCATGTGCTCGGCGATGCTGCGAGCGACGCCTTCAGATAGGTGCTGTCGGTCTGGTCCGTCGAGACGTAGTAGCCCGCGGTCGGGGAATAAAGCGCGATCCGATGCCCAATGGGCAATGGCGCGGTGAAGGTGATCGAGTCGATATTGAAGCCGCTGGTGTCCTCCATGAGAGTAAATACGTGCAGGCCGGGCGTGAGATTGACGCCGCTGACGCTGACGGTCGTGTAAGTCGACCATCCGCCGGTGCTCGGAATGTTGACGGTTCCCGTGAGGTTGTTGCCGCGCTCATCCTGCAAGTGGAAGCGGCCGCCGGTGGCGCCGGACGAAGCCCGGAATCCGAGGGTGTAGGCGCCGCCCGAGGCGACATTGACCGTGTACCGCAGCCACTGGCCGGCGTTGGAAGATCCGACGCAATAGCCGTTGCTGGCGCTGGCGTCGGCCCCGACCGCCGAATTGTTATCGGCGCGATAAGCGGTCTGGCCGCCGTTGACCGTCTGGTTATACGCAATTCCCTGGCCGCCGGTGTCGTAGTTCTCCGCCTCGACCACGCCGGGGACGGCCGCCGGCGTTCCGCCGAACGGAGCTTTGTTGGGGCCGAACCCCATCCAACGGAAGTTCCAGCCGGGATTGTCCTGAGTCAGCGTCAGCGCCTGCGAGCCGGCCGCCAGCGTGATGTTCGCCGTCACCGTGGTCCAGTTCTGATATCCGCCGGAGGCGGGAATGCTGACTTCCCCCGTGGCCGCGCTCCCTGCCGAACTTGTCAGATGAAACGCGTTCGTGACGGCGCTGGGGGCCGCCACGCGGAACGTGACCGCGTAAGTCCCGGCCGTCGCCACGTTGACGGTGTACTTGAACCACTGACCGGCGGCGGCCCAGCCGATATCGTAGCCGCCGGCGGCGTCCGACGTCGTTTCGAGGTCTACCCCGTCGGGGCGGTAGCTGTTCGCCGTTCCATTGACGGATGCGACGTTGTAGCCGACGTTCTGTCCGCCGGTATTGTAGTTGCAGGCGTCGAACACGCCCGGGATCGCCGCCGCTCCGCCGCTGTAGGGGACGTTCGCCTGACGCGCCCCGGCCGTCGTCAGCACGACATAGAAGGTGCTCGGTTCGCTATTGGAAACCGCGCCGCCGTTCCAGGAAAGGGCGGAGGAGCCAGACGCATCGTGGGTGGCGACGGTGACCGAGGTCGTCGCGGCGCCTCCCGTCGCTGTCAGGTTCACTCGGTTTCCCGTCAGATCGACGCGTTCGGCCGTGGTCACTTGACTGAGGGGGAAAGGGAATGTGAGCGTAACATTGGCGTTATTGTTATAATCGGCGGGGGCGAGATGGACGGCGGCGATGATATTGTTGCCGACGCTGAACGTCTCGATCGACCGGTTTGTTGGGACGGGATCCGCGCCGCTCAGACCGGCGATGGAAGTTTTGACGCCTGGGTACGCGGCGATCGTTCCGCCGCCGAACAGCAGTCCCAGCTCTTTTAACTGCTGACCGTGAAAGGTGAGCGTGGAGCCGTTGTAAATCGATCGGTTGTCGCTTCCATCCCGGACAAAGTAGAACAGCTTATACTTGTCGGCCGCGTTCCATTGATTGCTGAGCCCCCAATAGAGCGTTCGGGGATAGTTGTTGGCGACATAGACCTGGTCGTAGGTCCAGCCGCATTCCGTTTGCCAGATCG
NZ_AP025739.1_gap80	3023299	3027145	3846	CGGTCACGCGCAAAATTGGCCGGGGCCAACCTGGACTGAGTTCTCCGGGACTAACCAGGCGGCTCAGCCGGACGAGCTCTTCGGCGGCGTCGTCGGCTGGAACCGCCCGGAGCCTGTCGGCTGGGATGAGCGCGCGCCCGGACAAGTCGGCCATAAAACCCTGGACGAGATCGGCAAGAGCATTCTGATCTGGAAAAAAGCCGGCGTCACGCCGCTGGTGGCCCTCGGCTATACCGAAACCTGGGCGGCGGATAAGAGCGCGCGCGAATGGATCGACGCGGAAAACATCAAATGGACGATCGCGCCCAATCCTGATGGGACATTCACGTTCTGCAAATATACGCTCTCCGGCAAGGATTGGGCTCTCCAGTCCACCTGGAAGAACCCCGGAACGGAACTCTCAAAATGGCCGTCGGCAAATCCGACGACGTGGACGGATTATGTCGCGCGCACGGTGAAGTTCCTGCATGCGCCGCCCTATAACATCCAATATTTCCAGATCTGGAACGAAGCGTGCGACAATCCCACCACCGGATTCTGGGTCGGCAATATGGATGATTACATGAGAAAAATCCATTTGCCGGCGGCCGCCATCATCCATGCCGCCGGAGCGAAAGTCGTTTATGGCGGCTGGCCGTCCGTGAGAACGCCGGCGCAAATGACCAGCCTCTTTGACAAATATCACGCCTGGGGCGCAATCGATATCCTCGACTGCCATTATTACGATCCAACGGCGATGGCGGCGCTCCGAACCGACGCCGACCAGCGCGGCTTCAAAAAATTAGGCGTTTGGCAAACGGAGCATGGCTTCATGCCGGATAAAACTTATGTGGCGAACTTCTATCCGCGCGTTCTGTCCTGGTCGCTCACCCATCAATGGAACACCCCGAACAAATACAAGTTATTCTATTTTGCGGAGTGGGCGCCCGACGACCCGAAGGCCTACGGCTATGGAAACTGCCTTCGCGCCGGATCGACATTGAACTGGCATGGGAAGGAGCTCAAGACCCTCTCGGATCTATTTGGCAAGGACGTTCTGTCCGCATATTCGGGAATCAGTTCCGTCCCGGCATTGCCCCAGACCTTCAACGCCGACACATCCATGCAAGGGTTCGCGGCGGGAAAGAAGATCGTGGTCGCCGTGCATCTCAAGCCCAGCGACTACGATCAGTATTCGTCCCTGACCTTGAAGTTCAAAATCCCCAAGAGCCAAATAATCTCGGCGCAGCGAGTCGACCTGACGGGGAATTCCGAGGCATTGACGCCGACCGGAAGCGCAGCGACTTCCGTCTCCGTGTCCACGCAGGATGCTTCCGGCAGCGACGCCCGCGCATGGAACGAAGGCGATCAGAAGACGCCGCGCACCTTTTACGTCGTGCTGACATGCCGCAAGGCGGTGAGGGGAGGTTAATCGCACGATATGGCTTCGCCCCTCCGCCCCATCCTGGGGAACCAGAGAAGATGCCCCCCGACCTCACGGGGGCGGGGGCATCCCCGCTAATTTCAGGAGTTCACGGACGCGGTGCTTTCGCGGATCAGGAGGGTGGGCGGGAGGAGCACATGGGTCGGCTCGTCGCTGGCGTCATGGAGGAGGTCGAGCGCTTTTTGGACGATTTCCGCATGCGGCTGCGCGATCGTTGAAAGCGCCGGCTGTGTGAATTTTCCGGTGGAAATGTTGTCGAAGCCCAGGACACTGACTTCCTGAGGCACACGGACGCCATTCTCCGCGCACCATTTCAGCACCCCGAACGCTCCGGCGTCGGAGACGGTAAAGATGGCCGTGGGGGTGATCCGCTGGCCCATGACCGCCGGCATATTATCGTAGGCGGCCTGGAACGAATCTTTCCAGCTGCTGGTGGAGCAATGCACGACGCGCGCTTCCAAGATCTGGTTTTCGCGCGTATAGTCGTCAAATGTATTGACGCGCGTCACGATCGTCCCATGCGACATTGGCTCGTTCACCAGGAGAGTAATGCGCCGGTGGCCCAGGGCGATCAGATGGTCCACCCCGAGCCGAATGCCCGCCGCGTCATCGACGCCGACAAACGCCCCCGGATAACCGGCGATCAGCGTATCGATGTTCACCGTATGGTAGCGCCATTGTGAAAATGTCCGCTGCAAATCGCGTGTGATGTCGGTCGGATTCGCCAGAAGAATGAAACGGATTTGGCGTGGCGAATGTTCGACCTTGGCGAAGATGCTCGACGGCGTGTCCGTCTCCGTGACGTAAAATACGTCTGCCCGCCGGCCACGATTCTGGCACTCCTGAATCAAATCGTTGATGCTGGCTTCGGAGCCAAGGCATACCGCGATGATCCCGACCCGGTAGTCCGTCGTCTTATTTTCGTCGCTTTTGCGGACAACCGTGCCTTTCGAAACGCGCCGGACCAAGACGCCTTCCCGTGACAGCTCCTGCATCGCCCTGCGGATCGTAATCTTGGAGACGCCCAGTCGCTCCGTGAGCACAGCCTCTGTCCAAAATTGCTCTCCGTCGTCGAAGTACTCGTCGATCAGGTTGCTTAACGCGAGACGCACTTGCGCGTAGAGCGGCATGTCCGACGTTCGCTGGTTAATGATGAGATTGTCTAGCAGTTCAACGGAGGCAAGGCTGTTCATTGATACTCCAGCCGAAGCGAGCGATTAAATTCATTTTGACGCGACCGGTCCTTAGGATGCGAAAAACGGCCGGTCGTTCGTCCCATAGTTTACCCGATTACCGTCTATAAGAATATAATCAATCCGAGGATATTCTCAAAATTTATGACTGTCCGTACGGACCTGAGGCGGAGGGGGCGCGGGCGAGCTTGCGACGCTATCGCAGGTATGTGCTGAGGACGGTGTAAAGGTCTTCCGTTTTGAACGGCTTTGTGAGAAACCCGTCCATCCCCGCGTCAAAGCATTCGGCGCGGTCCTCCGCCATGGCGCCCGCCGTCAGCGCGACGATCGGAAGCCGGCCGGCGTCCGCGCCGGCGCCCTCGCGCTTTCGGATCGCCCGAGTCGCCTCCCATCCGTCCATTTCCGGCATCTGGCAGTCCATCAGGACAAGGTCGTACGATTTGTCGCCGGCCATGGCCACGGCCTCGCGGCCGTTGCAGGCGACATCGACGGAGTGTCCCTGCTTTTCGAGAAGCCGCTTCGCCACCTTTTGGTTGATGGCGTTGTCCTCCACGAGCAGAATACAGGCGCCCTGGGAGGAGACGGCGGCGCTTTGCCGGGGAGCTCGATCCTGACGGATCGCCGGCGATGGGGACGGAGATTCGGTCTCGTGGCGGGCCAGGCGGACGCTGAACCAGAATGTGCTGCCCTGGCCGATCACGCTCAGCACGCCGATCTGCCCGCCCATAATCTCCACCAGCTGCTTGCAGATGGCGAGACCGAGCCCCGAGCCGCCAAAGCGGCGCGTGGTGGAGGCGTCGGCCTGCGAGAACGATTGGAAGAGGCGCTTCTGCGCCTCTTCACTGATTCCGATGCCGGTGTCCGTGACCCGGAACTCGATCAGGGCGTCGCGCTCTGTCAGCTCCCCGAGCTGCACGCGGACGGTCACGCGGCCGCGCTCGGTGAATTTGATGGAGTTGCCGACGATATTGGCCATGATCTGGCGCAGGCGGCCCGCGTCGCCGATCAGGGCGGAGGGGACATCGTTATCAACGTCAAAGATGACTTGCAGCCCCTTGGTCCGAGCGGCGCCGCCCATCAGGCTCACGATGTCCGCGACCGTGCGGCGCAAATCAAAGGGCAGGTGTTCAAAATCCAGCTTGCCGGCTTCGATCTTTGAGAAGTCGAGGATATCGTTGAGAATGGTCAGCAGGGACTGGCCCGAGGAGCGCACGGTTTCGGCGTAGTCCC
NZ_AP025739.1_gap81	3049065	3050753	1688	CGGGCATCGCCCAGTTCGCCTGGTGGAACGCGGCGCCGACGACTTCCCAAGGGCCGCCATTCTTCCACTGAGTGGATTCGGTAATCAGGATGGTCGAAGCGGGGCGGACAACCTGCGCCAGCGCCGATCCCGCCATCAGCGCGGAGAGCGAGTAGCCGTCGTTGCGGTGTGGAGGCGTCTGAGCGTCGAGGCCAATGAAGGTGTTCTTCTGGTCGGGGCACTGGCTGACGAGATTTGACTGGGAATACGGCTTGAGGAAGTCAGTCCAGGAGAGGTCGCTTCCATCCGCGGCCGTACCGTTGGCGAACGGATAGATTTCGTCGTTGTCCTGAACGTATTGCAGCGCCGCCATCCCCATCTGCCGCTCATTGGAGGCGCAGGACGTTTGCCGGGCTTTCTCCCGCGCCTGTGCGAAGACGGGGAAGAGAATGGCCGCCAGTATCGCAATGATTGCGATGACAACGAGAAGCTCAATCAAAGTAAATCCGGTGCGTTTCATCTGTTTTCTCCTAGTGCCTAAGTTTTCGAGAGCGATCGATATCTGGATTGCTATTATTTCTTTTAATACAAAAATACGTCATTGGTTATCCGGACAGAATGTGGGATGTTGGCGCCTCCTTCCCGCGCGATCTCCGCAAGCTTGACACGTCAAGTTATCTAATGCAGTATATAACCTATCGCGATTGTTGTCAAGCTTGCGGATGGATTCTTCGTTCGGCGTTTTTAGCGCGCGCTGAACGTCGCGGCGTACGGACCGGAATACTCCGTGCCGGCGGCGAGGAGGTTGGTGTAGTCCGGCGCCGAGGTCGCGGATGTGGGAGGCATGCCCGGCGAAACCGCCGCGCCGCGCAGGAACTTCACATGGCCGTCGGAGAGCAGATAGTTGGAGCCGTCGGTGTGCCGGCCCGTGGGGTTCTGCGTACACTTGCCGAAGGCGTTGCCGTTCTGGTTATCCATATAGCCGGTGTCGTATTTCAGGCTGAATCCGGACGCCGGGTTCAGATAGTCGCAGGTGGTGCCGTAGCCAGCGATGGATCCCTGTTCGTTGACGTCGGTGACGTCCGTGGTCAGGCCGGTGATTTCGCACAGCATCACCGTCTTGGCCGGCGAATTGAGTCCGGCCAGGTTTCCGCCGGTGGGGTTGGTCTGCCACGGCGCCAGGGCGCGGTTCCAGGAATAAGAGAGCGCGGAGCGATTGCCGGCGCTTTGCGTGCTGTCGTCCGGGCAGGTATAAACGCCGCGCGACTTGACATACGGGTAGATCTTTCCAGCCCATCCCCATGTATTGGAATACTGGCCGTTATCTCCAAAGTTGCTGGAGGGGAAAGTCTCGTCGTTGTCTTGCGTATATTGCACAAAACCCAGCCCAAGCTGCTTGAGGTTGCTGAGACACTGCGTCTGCCGCGCTTTCTCACGGGCTTTGGCGAAGACGGGGAAGAGAATAGCGGCAAGAATAGCAATGATGGCTATCACAACGAGCAGCTCGATCAAGGTAAAAGCCGATGTCGATGATTTCTTCATTCGTACACTCCTGGTGATACCGGTATAATGCGATTGATTATCCTGGGATAATTATAAGACCATTCTTCTCATTTCGTCAAGTGTTATTTTTCAGACGATATAAAAATCCCATTATTTACGGTTAATACCGAATATTTCCGAAATGCTTTGACAAATTTCGGATCCTT
NZ_AP025739.1_gap82	3081087	3083621	2534	AATATTGACGATGTCAAAGCCGGTCATGAACATGGGCTAACTTCCTGCTGGTATCGCACCGTGAAGGGACATCGGCTGCTGTTTACCGAGGGGATGACCTGCCAGATGGTCAACATCTTTCGTTTTGAAAAGCATGGCGAGCGGGCCATTCCCTCGGGGCTGATCATGAAGACCGATCACACGATGTACGGCCCGTCCGGCGGCCGGGACGGGTACTTCTGGCCCCCCAATCGACCCAAGCCCGCCAGCACAACATCGATCTGGCGCGACGCCAATGGCGATGGAGAGTATCAGGCGGACGAGTTTCAAACGACGGAGATCCCCGACAACCCTGGCGTCTGGCCCGACAGCGGCGGCAATCTCTGGCTCGCCGGCAATCCGCTGACCGTCCGGAATCTCTCTGGATTCGATTCCGCCGGCAATCCCATCTACCGAGATATCGACGCGCAAACATTCGCGCTGACGGGGATCGATACGGTCGGCCATGTTCAGTATCAAGAAGATCGCGACCGAATGATCCTGGTGACGGCTGGGTATCGCGAACTGGCCGGAGGCAAACTGTACATCGTGGATCGCTGGAAAGAGGGCAACCGCAAAGCGCGTTATGTCTGTCCGCTCGCCTGCCCGCATCCCGCCGCCTTCACCGTCGCCGGCGACTATCTCTTCGACGGCGGCTGGGAAACGCGCGCCCGCGTGTATGTCACCGACCTAAGGACCGGCAAGCCCGCTGGGACGATGGACGTTCCCGACACGCTGGGCGGCGACGGGCATACCGGTAATGTGGATATCGGGTACGGCCTGCGCGCCTACAAACGCGCCAACGACGAGTATCTCGTCTCCATCGAGGACGATTATATGTCCAAAGTCGTGCTCTACCGCTGGCGGCCGGGTGCGGCGTCGCCGGGTTCCTCAAATAATGACGATAAATGATGATTGACGAACGTGTCCATATCACACTGCGGCAAATCAAGACCGCTCACTACGAAAGCCTCTGCATTGAAGACCAAACCCTGCCCTTCTGGGTTATCAGCCATGTCCGACAAGGGTGCGTGGAAACGCGCACAGGCGGCGAGAGACGGACGGCGCCGGCGGGAACGGTGATGATCCATCCGCCGCATGTGTCGTTCTGCGAGATTGCCGAAGGGCCAGGGATGCACGAGTTTCTGTTTCTGGACGCGGCCATGGGCGAGGGAGTGGACCTGCTGCGGCGGCGCCCTGTCGCCCTCACCGTGCCTTTGACCGATCCAAGGGCCTGGTCAGAGACGTTTGCGCGATTGCAGCAGGCTGAACGCGCGCGCTCCCTGGCCGCCGTCGGATACGCCGTGCTGCTTCTGAGCGCGATTATCGACGATTGGCGCGCCGCCGGGGCGCCTCCGCGGCCCGCCTCCCTGGCGATGCCCGCCGATCGATTCGCGGATCTGGTCCAGTACATGCGTGAGCATCTGAGCGAACGCATCGATCGCGATGCGCTGGCGTCGCGCATGAGCCTCCAGCCTGGATCGTTCAACCGCGCCTTCCGTCGCGCCTACGGCGTATCGCCCATGCGGATGCTGCGCAGTCTTCGCCTGGCGCACGCCCGGCGGCTGGTAGAGACAACGGATGATACGATGGAATCGATTTCCCTTCGGTGCGGCTTCGAGGATGTTTCCTATTTTAGCCGCGCCTTTCGATCCTGCTACGGCTTGCCGCCGGGCCGCTATCGCCAAGAGATGGGGGAAGGCCCCAAAAGTGCATGGGAAGGTTACTCTCGTTCATTGTGCGCGCCCGAGCCTCCCGATACAATAGGAGTGTGACGAAATCGGCGAATGAAGGAAGGGAGTCATCGAGATGTTATTAGAGACAGCGGCAGAGGTTCTGACCGAGGAGCAAATCGCTCATTTTTATCGGGAAGGGTACGTGGTCGTTCCCGGTTTGGCTCCGGAAGATGCGATTGACCGCGTGCTGGCGAACGCACCCGAACCATCTCGGGAAGGCGGCGGCTGGGCCGCGCAGAGTTTCGACCACAAACATCCCGAGCAGGGCGCCGGCATTCACGCGCTGCTGGCCGAGCCGCGCATTGTCTCCGCCGCGCGGGATATCTTCGGGAACGAACCGCGCGTTCTTTACGGCATGCTGGCGATCGTGCCCGCGCACGGCGGAACTGGCTTGCCCTGGCATCAGGATAACCAGTACATGCAGGTGCTGGGCGGCGCGCTCAATCTTTTCATCGCTCTGTGCGACATCACTCCGGATAAGGCGATCCTGTGGGTGGCGCCGCGCAGCCATTGGCTCGGCGTGCAGCCCTCGAAACTCACCGAGCAGGCGAATACCCAGGGACACCGGGAAGCCGCCGTGGAGCCCGAAAACGGCATGCCGCTGCCGGCCATGCGAAAAGGCGATGTCTGCATTTTCGATCGCAATACCTACCACCGCTCGCTGAAGAACGAGACGGGCGAGCCCCGCTACGCCTACGCCGCCCAGTATCAATCCGAGAACGCCCGCAACGCCGAAACGGGATCCATCGACACGGAGGAAGTCGGGCCGCGCATGCTGGC
NZ_AP025739.1_gap83	3113582	3114995	1413	GCTTTCCCGTGTTGGTTTCCTTGACGCTTGGGACGCCGTCGGAGATAAGGAAGACGACGTTGACGCCCGGCATTCCGAGCGCGGTCCGCATGGCGTCCTGAAGGTTGGTGCCTTGCAGCGGCTTGAGTTCGCCGACGAACGATTTGGCGAGGGCGATATTGGCGGGCGTGGCGTCGAGCAGGCCGTCGTGCATGCGCTGAACATCGTCGGAAAACGCAAGGACATCGAAGGATTCGCCGGGACGCAGGCCCGCGAGCGCCGTGTCCAGTTCTTCCCGGACCTTGTCGATCCGCGAGGTCATGCTGCCCGAGACATCGAGCACGTAGACGATATGGCGCGGACCGCTGCCGCCTCCGCCGCCGGGCACGCCGAAGGGGCCGGTCGGCGGGCCGTCGTCGGTCCCGGTATCGCCCGCGCCGGAGTCTTTGCCGGGGCCGACGCCCGCGCCCTGGCCGGCGCCGTCGCCCACGCCATGCGCTCGATCGCCCGATCCATTGTCCGGTGATGGAGCGGGCGACGCGGCGACATTGTCGTGGCCTTCGGCCGTTCCCGATTGCGGCGTGGTCTGAGGCGTTGGGACGGGCGTCGTCAGCGTGTGCGGCTGGGGGCGGCCCTGCACATGGCGGACGGCCGGCGCTCGCCGCGCGGGCGCGGCGCCGCTGGCGTGGCCGCCGCGCGTGGGGTGGGGCGGCAGATTCTCGAAGATCCGCGTGACGCGCTGGACGGCGGGTTTGGGCCGAGGCGTCGGATGCGTCGCTTTGGGAGTGGGCGTCGGGGACGGGATGGCGTGCGGCGTGGGCGGCGTCGGAAGGGCGGCGATCCTGGCCGGCTTCGGTTTGGGCGGATCCGGGCGCGGGCGCTCCACGATCTGGACCGCGATGGGCGCGCGCGCCGGCGCGGCGGGGCCGGACGCGCGCGTGAGCCACCAGGCCAGGCCGCCGAGGACGAGCAGGTGCGCGATGACCGAGACGCCGATGAAGGCGGCGTAGCGTCTCCAGGGATTATTCACAAATCTTCTCCCATAACATGGAATAAGACGGATGTGGGAGCCGCGCGGTTCCCGGTAACTTTGCTTGACTCGGTCCGAGCCCACGGTTATAATAAAGCGTCATCGCAATTACGTACGAAGGAACTTATTATGTCCGATTCGCCGTCCGCTGTCGCCAATGTCGCCGCGCTGATTCTCGCCGCCGGGAAAAGCACCCGGATGAAGTCGAAGACGCCCAAGGCGCTGCACCCGCTGCTGGGCAAGCCGCTGCTGCGCTTCGCGCTGGAGGCGGCCCAGGCGGCCGGCGCGCAGCGCACCGTGATCGTGGTCGGCCATCAGAGCGACATGGTCATGAGCACGCTCGGCGACGATTTCGAATATGTCCTGCAAGCCGAGCAAAAGGGGACGGGGCACGCCGTCCAGAT
NZ_AP025739.1_gap84	3120166	3120852	686	ATGCTTGCCTTGAGGTGCGCGGTGGGGTGGGGTAGAACCTTGTGGACATGCCTTGCGACCACAAGTGTAAAATGCCTTTGTCGAGTAAAAAAATGCAGGTATCCTGATCTCGTGTTCACAATGCGGACATTGCGTCGCAACTGATGTCTTTTTCTTGCTCATTTTAGTGCCTCTGTCCTCGCAAATCAATATCCCGCTAACTCTTTATAAGATGCCATATCCCCGTAGATTCGTGACGCCGTTACCGCAGCCCACGCCGCGACCCTGGCAGATGCTCCATACTGATAGGCAGGTAGGGCATAGTTGGTCCACACGGCATGGAGTGTCGCAGGACCATCGTGGCCGCCAAGGGCCTTGTACTCCGCAAGCCAAGCCAAATACCATCGTCGCGTTGGTGTTGTTCTCATTTTTTATCTCTCCAAAAAACATTTAGGCCCCCGCACGGTCGAGGCGCGGGGGCTTGATCCTAGCTCAGCACCAGGAAATCTGCGCAGTCTCGACCGCTGCTGGATTTGTTTTCGTGCCTCTAACGAAAAAGCGCACAAAAAATTAGCGATCAAAATGGAAGAGGCGGCAAAGGGCGCTAAATTACGAGTTTCCGCTTCTCCCGCGATGTCGGGCATGGATGTTTACATATGGCTTAGGCCAGTGACCATGCCACCACCTATCGGTTTGGCACGAATACT
NZ_AP025739.1_gap85	3214930	3215540	610	TGTATCAGACGCTGCTGCCGCTGTTCTTTGGACTGATCCTGGGCGACTTCGTGACGGGATCCTTCTGGAGTATTGTCGGGACGATCTTTCATTTGAATCTTTTCCGGACGTTCGCTACCTAGCGCCGGAGCGCCAAAAGCGCGCGGCCTGGTCGCGCGAAGAACGCGGCTGGTTGTTATTTGCTGGTCAAGGAGACTCACGTTGCCGTCTGAACTGAAGCGCGAAGGCGCCATTCCCGTCCGCTGGCTTTATCCCATTTCTGTTGCGCTGCCATTGATCGTGCTGAACTGCGGCTGGATCGCAAACTCCGAAATGAAGACGGGTGTGACGGAGGTGACGATCTCATCGCTATTCATGGGCGTCACCTTTATTCTCTTTGTCGTCACACTTCTCAACCTGCTGGTGCGTAAGTTTGCGGGCGCGGGGGCGGCCATGAACCAGCCGGAGATGATGGTGCTTTACACCATGCTCTCAATCTCCAGCGTCGTGGCGGGGATGGGGCACTACGGGTTCTTTCCGCCGTTTCTGGGAAATCTCTTTTACTACGATCGTCCCTCCAACGGCTGGCACAGCTTTTGGCATTTGCTTCCCTGGTTTGTCGGGCCGCGCG
NZ_AP025739.1_gap86	3217105	3218578	1473	GTCGATGCAACTTTCTCGGCGACTCTGTGTCAAACTTCACGAGTGCGCTGATTTGGCGCAATCCACACGGCGTCTGAAAGCTTGAATTCGGAGGAAGATTATCGTGAAGCTATTTGGTTCCGTGACTCGGTCGGCGGCGGGATGTGTCGCCGCCGTCGCCCTGGCGGCGACGCTGACTGCCGGCTGCGCCCCGCACCATGTCTATTACGGCGGCGGATATAACCCTCCGCCGGTCGTCGTCGTCCATCACGGTTATGGATATGGCGCCCCGCCCCCCATCGTCGTCCATCACTACGGCGGTTACGGCGGCGGCGGATACGGATACGGCGGCCAGACCGTCGTCCACGTCCACCACTACGGCGGCGGTTACGGCGGCTACGGCTCGCGCCGGCCGATTGTCGTGCACCATTACCATTGATCGGTCCGCCTGCGAAACTTAACGATATATAAAGTACAATACCTCTGGGCGTTTCTGGTCTGCCATGACGCCACTTCGCCCAGAGGACTCGTTACTTTTGCCGCAACCCACCATCACTCTCCCCATTCCTGAGACTGTTCCCACAGGTTTCATGATCTTCTGTCGATTTACCAGCGCTCCTCCCACGGACGCGGACGTGTCACAAATGGCGCGAATGTGGGCGCTGGAGAACGCCGATCCGCCATTGCGAGAGATGATCGGCGCTTTTATTGACCCAACGTTGATGGTGATCCATGTCGCGGAGACGAGCCAGGTCCCGATAGAGATTCTGCGCGCCTGCGCCCCGTCGCTTGCGGAAGACCAGCGCGGCGAGATCGACTCCGCAACTCATTTCATTACGGTGCGTGCGAGCGACCATCTGCCGGGGCCGCGTTTGGGGCTGTGGGCAGCAGTCGCGGCGACGATGGCGTGCGCGGAGCGCTACGGAGCGCGAGTCGTGCTGGACGCCGACACCTGCGCCGCCTTTCCGCTCAAAAATCCATTCCGCGAGCTTCACATGCAGATGACGCCGCGTGTGGCGAGCTTTGTCGTTTGTCCCTACTCAATGAGTGACAGCGGCGCTGCGACCATGACGACACGAGGCATGGCGCGTTTCGGTCTGCCGGATTTGCTGCTCGGCGACATTCCTCCGATCGACATGCAGGCGCTCGCGATGACTGTGGTTGGCCTCTGTCAGGTCCTAGTCACTATGGTTGGCGATGTACATCGCGGCGATGACAGCCCGGCGCCTTTCATCCCCTCCATCCTTGAAACCGTTGTGACGGCGTCTTATTTGAAGATGTCTCGTTCCCGCGAAATGGATACGCCGCCGGCCAACAAGAACGCCGAGGCTCGAGTGCGACTGGAGCACCGGCCGCGCCCTGGATACCCATTGGAACGATACTTCACGCTGCTGCCGCCGGAAGGCTACTCCGGTGAATATGGCGCATGGCTGCATTCCCTCGTCAGCACATTCTTTCAGATCGAAGACACGATGCACGAGGTCTTCCACGGCG
NZ_AP025739.1_gap87	3315318	3316421	1103	TTATTTCGTGTCCCACGCGTCCCACGCTTGAGCATGGGGGTCTGCACGATTGCAACAATGATTACGGCGTGAGGCGCGATGACGATTTCGTGGCTTGATCGGCTCCCACCTTCCGATAAAACAGCAGCACGCTGCTCTTGGGCTGCGCCAGCGTGATCGATACCCCGCGCTCCATTGCCTCGCGTCCGCTCATGCGCCATTTTTTGCCCGTGAGGGAATCCTCGAACTCATACTGCCCTGCTGGATCCAGGGCGCTGAGCGGGAACGTCGCCGAGGAGTAGGGGCATGAAGCGCGGCGCATGGCGACGATGAGGCCGCTGTTGAGATCGTCGCGGTGCATCTGGTAGGCGCCCCAGACGGTTTCTTCCGAGGAATAGGGCGTGAGCGGGTAGTAGCCGCCTTCGTAGTAGGGTCGTGCGCGGGTGAAGTCCGCCATTCTCGCTTTGTGATAGCCGAGCGAGTAATCTTTGGGGATATCTTTGGGCGCGGGCAGGCCGAAGCCCATCGCGGCGCTGAGGGCGCCGTGGAAGTTATAGAGGTCGCCGAGCCGCGCTTGCGGGGTGGTTCCGTTCAGCGGCAGCCAGTAGGAAAGGCCGAGCGTGTGGAGCTGGACGCCGAGCGGGTTTTCGCCGCCCAGCGACAGATAGTCGCTGCGCCAGAGCGGGATGGCGCGTCCGGCCAGCTCGATGTCCAGACGGCGGCCGCCGCTGGCGCAGTTATCGATCAGTAAATGCGGGAAGCGGCGGTGGAGTTCGTCCCAGAAGGAGTACAGGCCCATGATGTGCCGGGTTTCCGTCAGGCCCACGTGATCGGGCGCGTCGGCTTTTTGCCAGAACTCTAGTGGCGCGACGTTGAAATCCTGACGCAGACAGTCCACATGATAATCTTTGATCATGTGGGACGTAAACTCGATCAGCCACTTCAATGCGTCGGGATTGCCCAAGTTGAGCAGACGCCGCTTGTCGCCGGGATCTCCCATGCTGAGGAACCAGTCCGGGTGCTGCGTCGGCAGCGCCGTTCCCTCCATGGCGCGTTCGGGTTCGAACCAGAGCAGGAACTTCATGCCGGCGGCGTGCGCGGCGTCGCTGATCGGGCGCATGCCG
NZ_AP025739.1_gap88	3319054	3321370	2316	CGAAGCCCGATAAATGCTTTTTTGGCCGACGCGCCTTGCCTCGACAAATCCCTCCTGCTTCAGTTGCGAAAGCTGCATCGAGATGCTGCTCTGGCCCACGCCGAGAATCTCCTGAAGCTCGGCGACGCTCAGATCTTCCTGCGCGAGCAGCCGTAATACACGCACACGCCCCTTGTCGCCCAGCAGTCGTAACGATTTCAATAAGTCCATAAAACTATTATATCAAGAAATCATGATTTATTGATGATTTTATTTGCAAGAGTGCGGTATAATCCGAGCGGAGGAAATTTTATGACCACCGTTTTGGATCGAGTCGTGGCGAACGACTATAAAGTCGCCGACATTTCCCTGGCCGATTGGGGCCGCAAAGAGATCTCCGTCGCCGAATACGAGATGCCCGGCCTGATGTCGATTCGTCATAAGTACGCGGCGGAGAAGCCGCTGCTGGGCGTTCGCATCACCGGTTCGCTGCACATGACCATCCAGACCGCCGTCTTGATCGAGACGCTGGTCGAGCTTGGCGCGACCGTGCGCTGGGCGAGCTGCAACATCTTCTCGACCCAGGACCACGCCGCCGCCGCCATCGCGGCCACCGGCGTTCCGGTCTTCGCCTGGAAGGGCGAATCGCTGGAGGAGTACTGGTGGTGCACCTACCAGGCGCTGGCCCATGCCGAAGGGACCGGTCCGGAGCTGGTGGTCGACGACGGCGGCGACGTCACCCTGCTGATCCACAAAGGCTACGAGCTGGAGAACGGCTCGGGCTGGGTCAACACTCCGTCGGACAGCCACGAAGAGGCGGTCATCAAAGATTTGCTCAAGAAGGTCTACGCCGAGACCCCGACCCGCTGGCATGATGTCGTCGCGGCATGGCGCGGCGTCTCCGAGGAGACCACCACGGGCGTTCATCGCCTTTATAAGATGCAGGCGGACGGCCAGCTTCTGGTCCCGGCGATCAATGTCAACGACAGCGTCACCAAGTCCAAGTTCGACAACCTGTACGGCTGCCGCGAATCGCTGGCCGACGGCATCAAGCGCGCCACCGACGTCATGATGGCCGGCAAGGTCGCGGTCATCTGCGGCTACGGCGATGTCGGCAAGGGCTCCGCGCAGTCCCTGCGCGGCATGGGCGCCCGCGTCATCGTCACCGAAGTCGATCCCATCAACGCCCTTCAGGCGGCGATGGAAGGGTACGAAGTCAAGACCGTCGAGGACACCCTGGGTACGGGCGACATCTATGTCACCTGCACCGGCAACGTCGATATCCTGACGTTCGAGCAATTGTCCAAAATGAAGGACCAGGCCATCGTCTGCAACATCGGCCACTTCGACAATGAGATCCAGGTGGACCGCCTGAACACCGCGCCCGGCGTCACGAAGATCAATATCAAGCCGCAGGTGGATCAATATACCTTCCCCGACGGCCGCAGCATCTTCATGCTCGCCGAAGGACGACTGGTGAACCTCGGCTGCGCCACCGGCCACCCGAGCTTTGTGATGTCCGCCAGCTTCTCGAACCAGACCCTGGCCCAGATCGACCTGTGGCGCAACAAGGATACGTACGAAGTTGGCGTCTACACCCTGTCCAAAAAACTGGACGAGGAAGTCGCTCGCCTGCACCTGGAGAAGATCGGCGTCAAGCTGACCACGCTGACGCAAAAGCAAGCCGATTATATCGGCGTGCCGACCGAAGGACCGTACAAGCCGGATAGCTATCGGTATTAAGAGGGGAGAGCCCTCACCCCCGGCCCCTCTCCCAATTTTGGGAGAGGGGGAGTAAGATGCCCCCCGGCCCCCACAGTTCACAGGGGTAGGTTTTTCCGACCCCGCATTGAAATACGGGGCTGGGGGTTGCTTCGCAACCAGTGCCCAAAGGGCGCCCATCGTCCCGGACGGAAGACAAAGAACCGCATACGATTGCACTCTTCCGTCCGGGACGGACGGTCGGCGCGAAGCGCCCCCAGCCCCGTAATTTATTGCGGGGTCCTTAATGCGAAGCGCCCCCAGCCGGGTAATTTATTGCCCGGTACGCGAAAAACCTACCGTTATGAGACCCTTCACAGGGGCACACATATCACAGATTTATTTGTTACAATCGCAATTTAGGATAGCCATGTCTCTGAAAACACACAACCTGGGATATCCACGCGTCGGCGCGCGGCGGGAATTGAAAAAGGCGCTGGAATCTTACTGGGCCGGTCGATCCACGCAGCAGGAACTGCGGGACACGGCGGCCGCCTTGCGCAAGGCGCACTGGATCACGCAGCGTGATGCGGGGATCGAATGGATTCCTTCCAACGACTTTAGTTTCTACGATCA
NZ_AP025739.1_gap89	3369944	3372827	2883	CTCGTCCGCAGGCACATTCCAAAAGATCGCAAGCGTCCCGTCTTCCTTCAGCGCCCGAACGGTTTTGATGTAACGTATTTCGGGATGGACCCAGTGAAACGCCGTCGCCGAAAGGACCATATCGAATGGCTCTTTCACCAGATCCCACTCTTCAAATGTGACGGTTTCGACGGCGACGCCGGCATACGTTTGAAGCTTCTTGGCGGCGAGCGCCGCGAGGCGAGGGCCCGGTTCCAGCGCCAGGATCGAATGTCCGAGAGGAGCAAACAGTGAAGTCGCCTGCCCGGTCCCGCACCCAATCTCCAAAATCCGCCCGCCGCCCGCCGGCAGATACGCGGCGACGGCGTCTCGTAACTCGATGGGATAAGTGGGGCGGACGGCGTCGTATCGTTCCGCGACTTCATCAAATATTCTGCTGGACAAGAGATGCATGGCGTCCATTGCCTTCAGTGTGCGAACTGTGGGCCGGAAAGATCACGACCTCTCTGCAAATACGACAAAAACAGTCGAGCCTTGTGGCGCGCTGGCTGGAGCGACATTGTTGAGATATCGGCCGGGAAAGTGGCGCGTGAAGTAACGCTCGGCATCAGCGCGGATCTGCAACGCGTCCTCCAGGCTGGATGTGTGCTCCATCGGTTCAACGGAGATAATGGCCGTTCCCCCGAAGGTCGAGACAACCTGGGACGCAGCACTGCCGACGGCGATGTAAATGCCCGCGCCTTCGTACTTGCCGACTGCCATTTCCCTTGCGGCAAGTGTGGGCTTAACGCTCTTCGGATCGACGCCAAGCCGGCTAAGCGCCTCCAGCACTTCGCGGTGTTTTACAAGGTCAATCCCTGACTCGGCGAAATCATTGAGATTATTTATGTTTTTTTCCATTTGAAGACTTGGAGCCGGGCGCATGGTGATTACTTCGATAGGAGCTTGACGCTGATATTACCATCATTTTGTGAAGGTCGGCAAGGAATCGGGTCTCAGATATCGAAGCAATGCGTGCGCGGCCGCGCGACATTGGAGGCCCACAGAAAAGGATACCTTGATGAAACGCCATCTTCTGCCCGCGCTCGCATTACTGTCGATTGCCCCGCTCGCGTATGGGCAGACGGCGAGCGTCTCGGAGACCACCATTCTGCAAAATATCACCGCCCGAGACGCTGCCTATGGAATCAAATCCGCGCAGAAGCTTGATGAACTCACCTGCAATTTCCACGACAACGCGGTGACGGCGCGCGGAAGCCAGGAAGCCGTCACCGCATTTGAGAAGGATCTTCATGCGGCGGACGTTCCCATGAAGCAGTTTCAAATCACCCTGCGCGTCGTGCGCTATCACGTGGACAAGCAGGGGAAGTGCGTCGAGAAACCCATACAAACGCCGATCATCACGACGACCGACAAAACAACCGCGTCCATCTCCACGCAGGGCGACGATGGACTGGAACTGGTCATCACTCCCCAGTCGGCGCCGGACAACGCCGTGAACCTGGCGGTGGAAGTGCGGACACTCGGCGAACAGGGCGAAGTGATGTGTTCGGGTAAGAACACGCTGCTGGCGCCGTTCGGGAAAACGGTGCGTATCACTGGGATGACAGAGGCGAAAGATAAGCTGTTGCGGCGCGCCGTGATGCGCGGAGAAGTCGTGACCGATCGCGGAGAATACACAGGATATTACGTGGAGGCGACGACAACGACCCCCGCCGGCGCCTGAACGCCATTGGCGGTTAAAACCGCCAGTCGTCTTACTTGAACGGCATTGCTCCTCATCCTTATGTCCGAAAATCCGCGCCTCTGCCGGCAGGGGCGCGGACTTCGTCTTATTGCAGATATTCCGAGGCAATGGTCTCCAGGGCAAACGGCGTTCCGTTTGCGACCGAGAAGATCGTGTCGGCGTCGTTCGGAGCTTCCACCGTTTCGCCGCGCGCTTGCGCATGCAGAGTGAACAAGTCGTAGAGATTGGGCTTGGTCATCTCCACCAGCGATTTCAGCGTGAGCTGGATGCCGGACAGATTCTCCGCGACGTTGTTTTGCCAGTGCGGATCGTTTTTTAACGCGATATCGCACCAGATCACTTGATTGCCGAGCAGATCAATCACGATCGGAATCGCGCACTGGGTGTTGGCGGTGATATCGAGCCGGTCTTGAACCGTCTTGGCTTCGTAGATCTCTCCGGAATTCGGGTGCTGACGCGCCATCCATCCGGCGAAGCATTCCGGCAGATCGACAAATGGCTGCTGCGTATAACTCGTCAGCACTATGACGATGAACGCGACGCCTTTCTCCAGCAGAGTCTTCGGAGTGATATCGATGAACTCGCTCGCGCCTTCCGGCGCGTCCACGATATCCCCGCTGTGGTAACCGCCGAACGCCGCCAGGTTGTAATACGAGATCGTCTCCGACAGGTGGAACTGCTCGTCGAACATCGCCGCCGACAGATCGATGTCGGTGCGGTCTTCGCCGTTTTTCCACCAGACAAAGAACCGGAGCGCCTCGCTCGCCGGCAGCGGCATACGGCTGCCGCGCGTGATGGTCCGCAGCGCTTTCGACGCCGAACGCTGAGAAAACGGAACGACGTAATTCGCAAGTTCCGGATCCACGTAGCACTTGCCAAGCGCCGGAAGCGCGGCGAAGCGATCGGAGAGCGTCTTGCGGCAGATCTCCGCGACCGCGCCGCAGATCTCCGTCGGAAGTTCCGGAAGCGTATTTTCAATCCCCTGGACCTTCGCCAGATTGCCCTTGGGAAAGAACACGCGCATCTTATCGCGCAGATGGCGATGCTGGAAATGGTTGCGCACTTGCAGCAGCACCGGCGTCGACACCTGAATGGCCGAGGCTCCAAACGCGCTCACGACTTCGGCGGGGGATTTCCCAATCCGAAGCAGATGATCG
NZ_AP025739.1_gap90	3376970	3378520	1550	CATTCCTAGGCTAAATTAAGCAGGTAATCAGTTACAACTGTATAGACTTGCCATGTCTGTTTTCTAGAACTTCTTCTATTATTTCCTCTGCAGAGCGACCATCAAGAATATTGTCAAATAACTTACTTGCTGAATCAGCAGGCATTGCTACGTTCTTAAATAATATCATCATCAAAGCATCATGCATATCTACATCTCCTTGTGTCACTAATGCGTGCGTAGATTCTTTGAGGATTTTTACTAAATCTTGTTTTGAAAGATGTTCAGGATATTTACTTCTTTCTAATTGAGCTAGCCTAAGTACGCCTACGCCATTTTCTAGCTGGAGCATATAATCGGAGCCGTCAAACCACTTAACACGCGCTCTCAATTCCACAATCAAAGCTTCTGCTTCTTCGACTGTACAGTCGCCGGAGATTATAAGGTCAATTATTTCTTCAGTGGATAATGTTTCAGACATAGGATTCCTTATCATGTCACTGCTTCAAAGTGATGAAAGAGCGCCTGGACGATTTTCTGGTGTGCGCTGGAATATCTAAGGCTGACAGACGTTGAGTGAGGACATTGCATCATCGCCCAGTTTACCACACGCTGACGCCGAAGCGTCCGAGCAACGCGACGAGTTTGTTGAGGGGAAGGCCGACGACATTGGGATGTGCGAACAGGAGATAAGAGCTATTGAGTTACTATCGATTCGAAGACGAGCAAGATCAACGTTCCATGGATTGATTAACTCAACGCCACCAGTTTCTCTGGTCGACAGAAACTCCATATTACAAATTTAATGCTCAATGAATTTGCTGTTTGGCCATGAATTTCAGATCAAAAACTTCACGCGATTAGTCCGATTTGTCTTGCGTTTGCAAGTACTCGCTCAATCCCACGAGGGTGACGCTCAAATTCCCAACCTTCTAAATCAGCAATAGCTTCCGCGACAAGCCATATGTTGTCCCCTTGGTGATTAAGCGTTTCCAATTGTCCTATCAAGGATTGACGCGCATCTAGATTTCCGAGCTTTGCCAATCCCCATGCCCCCAAATTTCTATATCCTAATGTGACTTCCTTGCAATGGTATAGTGTGTTCAAAAACCCGCGTCCTTCTTCGACCCCATATTTAATTAGCGCAATAGCAATTTGCCAGTCATTTTCATATGCAGGATCTTCAGAAAGTATAAGAAGTGTGGGGAGGTTGATAGGGTGACGCACGGCGCCAGCCACGAAAACTGCCATTTTACGCAGATGCTTCGACTCGTCTTTAGACATAATCGGATTCAGCATTGGCGCAAATCGCTCAATTTTCTTCTCGGCAAGTTCCGTGAGCATATCATCCCGAGTTTCCTCATCTAAAGTCCAATACTTCGCTTCTAGCCAATCTAAGTCACCATCAATTTTATCGAACTTTGCGAATAAATTTATAGCAGCTAATAGTCGACTTCTTGATCCTGCAACCGCTGTGTCGAGATGTTTAATCATATTGCGCTGCAGGAGATCTTGATATTCTGCAACGGCGGCGTCTACAAGATCATTATAAGCTCTATAATTCACAAATG
NZ_AP025739.1_gap91	3450738	3451656	918	TTGCGCGCAAGCAGCAGGAAAACCGCCTGTGTCACATCCTCCGCCTGTGTCCGGTCGCCGACTTCGCGCAGGCATGTCGCATAGACCAGCCGCAAATAGCGCTTCGTCAGCTCCGCAAACGCGGCCTGCGAGTTCGTCTCGACAAAGGCGCGCAGCAATTCCCAATCCCGTCGTTCGTGCATCGTGACATTCTCTCCGTGGCTATTTGATGGGTAATTGTCCGGTGGAGGAGGTAAAGCGGACATCGGCGCAAAAGAATTTTATTGTACCGCCTGAGGGTACCCTGTAAGGTAGCGTCGCCTGCGGCGTAACTTTGGAAAACGGGGCCGCCAATCAGCGGCGGCGGGAGATGATCGAATGAGCGTGACGAATTCTGCATTGACGCTGGATCTGAGCGGCAAGGTGTGCGTGGTGACGGGCGCGACCGGGGATCTGGGCCGCGTGATGGCGCGGACGCTGGCGCGGTGCGGCGCGGATGTCGCGATCAATTATCTGCGTAACGCCGAGATGGCGCAGACGCTGGCGGCGGAGGTGCGGGAATTGGGCGGCCGCGCGCTGGTCGTGCAGGCGGATGTGACTCAGAAAGAGAGTGTGGACGCGATGCGCGATCTCGTTCATGCGGAGCTGGGCGTCGCCGATGTCCTGGTGAACAACGCGGTCATTCAGTATGATTGGACGTCGGTATTGGAGCAGTCCGTGGCAGACTATGAGAGCCAGTTCCGTTCGTGCGTTCTCCACAACGTGCTGATGGCGCAGGCGTTCGCCCCGGCGATGATCGCGCGCGGCGCCGGCGGCCGGGTCATCGGGATCAATACGGAGTGCGCCATGCAGAACTTCACCAGCCAATCGGCCTATGTGGCCGGCAAGCGCGGTATGGACGGCGTGCTGCGCATCCTGGCGAAGGAGATCGGGGAGCAC
NZ_AP025739.1_gap92	3460293	3460878	585	CTCACGCGCAAATATCGGAAGCAGATTTTACGGGACGGGTATACCTACGACGAGTTTCTGCGCGCCATGGCGCCGATCGAAGCCAATCATTGGCCTCGCCCGATCGATCCCGCGAACGTGCTGATGATCGATGGGCGGTACGACCTCGTGATCCTGCCCCGGGGAGCGAAAGCGCTTTCCCAGGCGCTCGGCGATACCAGGATCGTCTGGCTCAATTCGGGACATTACGGGGCGAGCCTGAGCGCGAAGCCCGCCGCCGCCCTCACCGAGCAGTTTCTGCGCGCGCGGTTTTATGGGGATCGGGCCGCGTACCATCCGCCGGATACCCTGCCTTCCAAGACGATCAAGCTTGGCTTCTTGATCGGTGGACACGAAGGTCTCAGTCCCGCGATTGCGTATCAGGTGATCGATTTCGATCGCGCCGGACGATACTCGCTCGACGGCCAGCTCACTTTGCACGGCCTTTCGGCCGGGCTGTCGGCCCGACTGACTCCAACGCTCGCGCTGGGTCTGGAGTTTCCGTTATTCCATGGAGATGTCAAGCCGAAGCCCTATCTTCTTGCGCATATCGTGCTGTAGCGCTAC
NZ_AP025739.1_gap93	3551989	3553811	1822	AAGCTCCGGTATAATAGTGTTATGGCTCAGGTCAATCGTTTTTCAGAAGCGCTCAAGGAAGGGGCGAACCTCGTCGGCCTCGCCAGCGCCAGCGCCCTTTCCGTCGCCCTGCTTTCTCCGCTTCCCATCCTGGTCGGTCTCGCCGCCGAGGCGGCCTACCTTCTGTTCATCCCCGACACCAAGTGGTACGGCGGCCGGCTGGCGCAGCGCGAGGAGACCGCGCGCCGCCGGCGCAGCCAGCAGTTCCGCGTTGAGACTCTGCCGCAATTGCAGGAAGACACGCAGGCGCGTTTCACGCATCTGGAGCTTGTGCAGGGACAGATCTACGCCCAGGCGCAGACGGATCAAAAGTGGTTTGGCGAGATGCTGCGCAAGCTCGACTTTCTGCTGGAAAAGTTTCTGATCTTCGCGCTCAAAGAGCTTCATTTCCGAAACTACCTGCTTTCGATCTGGGAAGAGTGCCAGTCCGATCGCTCGCGCCCGTCGAATGACATCGGCCGCCAGCGTTCGTCCGGCGGCGGGCGGCCGAATAACTTCGCTTCCTCGCGCTTTTCCGGTCCTCCCGTCGAGTGGGTTCCCCGGGTTGTGAAGGATGTCCAGGGCTCTTATGACGGCGATATGGAAAATCTGACCCGCCTGCGCGACGACGAATCCGATCTGAACACCAAGGCGGTCCTGGAGAAGCGCATCGACGTGCTGAAACAGCGCCATGAATTCGTGGGCAAGATCGGGCGGATTTTGACGAACCTGAACTACCAGATGGAATTACTGGAGGACACGTTCGGCCTGATCAACGATCAGATCCGCGCCCGCTCGCCCGAGCAGGTGCTGTCGGACATTGAGGGCGTGGTTTATCAGACGGAGTCCATGACTCAGCTCTTGGATGAGCTGGCCCCGTTTGAGCAGATGACGGCGGGTGTTGGGTAACGCGCCGGTAACGGCGCAGGCGCCCGCAATGAGAGAGGGCAGAATCACGCATGGATTTTCGAGAAAAATTGCGGAAGGTGGCGTCCCTGGTCGTGGAGCTGCCGCCCGAATCGGTAACGCACAGTCCGGCAAGCGGCCACGATCCGTCGGACCCGTACGCCGCGATTGACGCGCAGCTTTCGGGAACCGCGCCTCCGCCGCTGCCGTCGCGAACGGTGGAGCAGCTGGTCGCGCAGTCGGAAGGGCCGAGCCTGGAGGCCGTTCAGGAAGCGGCGTCCGCCATCCCGACATCGCCGGGAGAGCCCGAACTGCTGTCATTTCCGGAGATCTACCGGCAGGCGGGCGTGCCCGCCGCGCCGTTCACCGCCGAGCAGATGCTGGACATGCTGTCGTCCATGCCCGCGTCATTGCCGCTGGACATTCGCCGTCAAACGATCGGCGTCACGCTCAGCGCGATGGGGAAAGCCATCGGCGCGACCCCCGACACCATCGTCGCCGACGCCTCGCGCAAGCTCGCCGCCCTTGCGTCCTACGCCGACACCGTCGCCGCCCATACGGCGGCGTTCACGGCCAGCGCCGATCAGGAGATCGCCGAGCTTCAGCTTGAGATCGACCGCAAGAAGCGCGCGATCGAGACGGCCCGGCAGAACCAGATTGAGGTGGCGCAGTTGTGCCACAATGAGACGGATCGCCTGGACGACGTGCTGGAGTTTTTCAGTTTGGACATTGGGGCTTCCAAGCACGCAGGGTAGCGGATGTTGGTAATTGCAGCCGACATGGATCTTGTCGACTTGCAGAAGAAAAGAAAATGGCCCATCACTCAATCAAAGTGATGGGCCATTTTCTTTTAGGCGGCGACTCGCTCGGCGGGGGATGGGGCCGCGCCGAGAGACGC
NZ_AP025739.1_gap94	3612087	3612609	522	GAGCTGCGCCTTGCGCTCAAGCAGGCGCCGCCTTCCCCGGCGCGAAGCACGGCGCTGGATTTGCCGTATGTGCGTAAATCGACGCGCTCGCCCTTTCATCTCGTTTGAATCTGGAGAAGAATATCATGGAACTTAACGATTTGCTCGCGGAAATGATCGAACGCCAGGCCTCGGACCTGCATCTCGCCGCAAAGCATCCGCCGACGCTGCGTTACTGGGGCGCCCTTTCGCCGGTGGTCTTAAACGGCGAGCCTCTGGCGGAGCTTGGCCGGGACGATGTCGCTCGCCTCTTTGCTTCCTATCTGTCCGACGAAGAGCTGGGCGCCTTCCGGAGCGGCCGCGACGTCAACAAAAGCATCGAGTGGGAGGGACACTTGTTCCGAAGCTGCTTTTTTCAAACTCGGGATGGCGCGGCGGCGGCGCTTCGCTTGATCCCGACCAGTATTCCTACACTGGAGGCCCTGTTTGGCGACGATGTGGAGACGTTCCGGCGTCTCGCCAATTTGAAACGCGGCTTGATCC
NZ_AP025739.1_gap95	3631287	3632134	847	AGCCCGCGAATTTTCCCTCCGGGCGAACGCGCCCCTTCAATCCCACTTTTGACCCTTCGCTGGGCGCGCCGGCGTGGCTGACGACCCAGATCTGGCCGCTGTCGTCGTTGACCCGGTAGGCCGACAGGTTAGAAATCCCGAGCGGCAGCTCGTAGACTTTCGTGACCTCGCCGGCGATGGTGACGTCTTTGTCGGCGAAGCGCGTCGGGTTATCCAGGATGTCGCGCACTTTATCGGTGTGCGTTCCGCAGCCGGCGAGCGCGGTGATGGCGAGGGCGCCGAGCAGCAGGGCGCCGAGATATCCACGTTTGGCGGGTCTTAGCCCGTGTATGACTTGCATGGGATCGTCTCCTTCAGAAATCTTCTTTCTCCATGGACGCCGCGGGCCGCCCAACTGTTCCCGGTAATATTCCGAGGACAGCCGGTGAAAAATATCGGATAGCCGGGAACTCTTTGGTTGACTGCCGCGCTGTTGTGTCTGTCAAACATCAATTATCGGAGGCTTCGTTTCATGAAGTTGTTCACCAAAGTTCTCGCCACCACGCTCGTTCTGTCCGCAATCGTTCCGGCTGCGTTCGCCGCGACCCCCGCTCCCGCCACGGCCAAGCCCGCCCCCAAGATGGCGGCCAGCAAGATGACCGCTAAGAAGATGGCCAAACCTGCCCCTAAGAAAATGGCGAAGAAGGCTGCTAAGCCCACCGTCAAGAAGGTCGCCAAGCCGGCTCCGAAGATGACCGTGAAGCCTGCCGCGAAGAAGATGTAACTTCTTCCCTCTCTTGCGTTCGTTCAGGGAACGTGAGAGAATCCCAAAAAGGCCGCATGCGATCGCATGCGGCCTTTTTGGCTA
NZ_AP025739.1_gap96	3709501	3713322	3821	GCTTTTTGCCTGACGGGAACGTTTCGGCAGGTGGGACCGGCGTATGTGCTGACCGACGATATTGTCGGTGTCGGCACGCGTCGTCAAATCTGGACCGACTTCGAGAAAGAAGCCGATGTCCTCAGTCGCGGCCCCGTCCGCGCCGCCAACTATTCGCTTTTCACCGCGCATCATCCGAGCGACTTACCCTGGTTTGGGGATCCCAGCGCCTACACTCCCGAGCAGATCAAGGGCGCGGGCGAGCAATCGATCAATATGCGGGAAGGGTTCCTGCCGGAACTGAAACTGCCGATGGCTCAGCTGACCCCGGCGCAGCAGGACATGGCCCGGCGCGCCGTGGAGAAATGGAATCGCGAGTACACGCTTCAGCCGGTCACCGCCGACGGCCAGATCACGCTTCGCCCCGGCCTCAGCACGCAGCTTCTGATCCCCAGCATCGATACCCCGGTGGACCTCAGCTTGAACGGCTCCGGCGGAACCGAGCAGTTCTTTGTCTTTCAGATGCCGCCGGATCAGGTAAAGGCCATGGAAAAGGCGGATCAGGAAAAGAGGCTGAAGGAGCATCCCGAGTACGCATCGCTGATGAATCAAACTCCCCCGAAAGCGCCGCTCGCGGACGCCTGGGCGAAGTACAAGGACGCTTCCCGGCGCGCGGCGATCGTCCACCCGCGCAGCGTCAAGGAGGTGGACGCGGCCGTCGCCGCCGCCAAAGCGCTGGGTTTGAACGAACTCTGGGTTGACGTTTTCTCGGAGGGCGCCGCCCATATCCCGGCGACGGACGCCGCGTCCTCCAAAACGCAAAGCGATATTCTGACGGAAGCGCTGGCGCGGACCAAGTCCTCCCCGATCCGCATCCTTCCGATGGTCGATCTTCTGTTCTGGGGAGACGATCCGCCTGCGGAGAATGTCGATCTCAACCTGCTGGGTGAAACGTCCGAGCAGGCCGCCACGCACTGGCGGCAGCTGAAGGCGCTTCTTCCGGAGGACGAAGATGTGGGGGACGAGCATTACTCACACGCCATCATTCCCAATTGGAGCGGCGTGATCGTCGCGCCCACCGCGCCCGGCGTGCAAACAACGCTGACTGCGCTCGTCAAGAGCCTGTCGAGCAGACCGGGGATCGCGGGGATGGTGTGGCGCGGCGGCGACACTCCCGGCTATGACGCGCTGCCTGGCGACTCCGACACGAGCAGCCTGCTGCTGGGTTACCATGAGGCCGCGCGCTTGCTCTTCCTGCGTCAATTCCATGCCGATCCGCTGGACATTTACGATGGCGGCCATTCAGGCTCCAAGGCCAATACCGACACTCCCAACTTCTCCGAGAACGGCTCGGGCCGCGAGGAATACGATCTGCACAGCCACTGGGTGAAGTTTCGTCAGGACGCTTCGCTCGCGTTTCTGCGCACGCTCTACGCTTCGGCCAATCCTTCAGGAACGCCGCCCGCCAGGCGCGTGCGCGTCCTAGTCAAACAGCGGCGCGCAGGTCAGCCGTACAACGACGCCAGCGGCGTTCACTATCCTTCCGGCTGGTATGGATCGTGGGACAACCCGCTTCAGCCGCCGCCGACTCTGCGTGAAGCGGGTGATGACGATGTGCCCGGCCAGCCGGCGAAGCCGGTTCTGGGAGAAGCCGCCCAGGCCCAAGCGCAATCCCAGATTGTCATGAATGTGATTACGGAACAGAGGCTGGACCAGATGCGCGCGCAGCTTGGCTTCTCAGCCATCATGGCGGCCCGGCCAAAGCCGCCAGTCGCGAGGCCAACGCCGCCGCCCGCCGCGAAACCGCCGGCGTCCCAAGACTTCGTGCTGGATCTTGGCGACACGTCCGGCGTCGGCGCACTGACGGACTTTGCCGCGCGCGTGACGGCGCCGCCGCCGGCGGATGGGGGCAATCCTCCGGCAAAATAGCTTTATTCGTGAGAAGGATTTCTTAATCGCCGTATCGAATGTCGCGAACCATAAGGAGACGATTATGCCTGAAACCGCCGCCCCTGCTGTTCCTGTCGCGCCAGTGCTTGTACAGAGCCCGCTGACGGTCATTATGACCATCAAGTCCCCGGAAGATTATGAGGCGCTCAACGCCACTCTGCAAGGTTTCAACGCCATGCCGCCCGATCAGAATCCGGTCATCCAGGCGCTGAATTCGGTCGGCACCGTTCACTTCGCCCGTTTTGTCTTTCTGGACAACAACACGAAGCTCGGAATCATCACGACATTCGACGGGAGTTTCGAGAAGTATATTCGGGACTTCGCCGAGAAACTGGGACCGATTTTCGATATGATCCATGTCCATATGATCGATAGCCCGCCGCTGCCCGTAAAGGAGCATCCCGATGAGTTCTTGCAGTACGTTCGGGACCATGATGTGACGCCGGTCGCGTTCTACAGCGCCTACCCGTCGCTCACCGTTCTGGATATCAAGAACCTCCAGTAGACCCACCAAGGACAAGCCCTGAGGAGCTTCCATGCCTGCTTTCGATCTTTCCGATATCCAGGGCAATATTCTGCGCGGATACGGGATGGACTTCGTGCGGATCTTCGCGCTGCGTATCGATGACGCGCCAGCCGCGCGCCGCCTGATCGGAGATCTGGCAAGTGGAGAAGCGAGGTCGCTTCTGAAAGTCACGACGGCGGCGACATGGAGTCTGAAGCCGATGCACGCCATCAACGCAGGCGTCACGGCGGAAGGCTTGAAACTCCTCGGGGCGTCCGATGCGTCCATCGCGTCATTCCCGCAGGAGTTTACCGCCCCCATGGCGGAGCGGGCGCCGCTGCTCGGGGATATTGGGGAAAGCGCGCCCGAAAATTGGATTCCAGGACTGGCGTGTTCCGTGGACACGCCGTCGCAAGTCCACCTGGTTCTCATCGCGCACGCGCGGACGGGAGAGATGCAGGAGCGCCTCACGCCGCTCCTGCGCGAGCGCTTCCTGCTGGACGGCGCCTGCACGGAGCTGGCGGTCATTGACGGCGCCGATCTCCCGGACAGCCGCGTTCATTTTGGATATCTGGACGGCATCGCGGAGCCGCGCATTGAGGGCGGAGGCGGACGCGATCCGGAAGACGATCAGCCTTTAATCCCCGCCGGCGAATTCGTGCTTGGGCATCCCGGTCTCAGCAACGCTCGGTACCCCACGCCGCAGCCCGATGCGCTTGGCGTCAACGGCTCATTTCTCGCCCTGCGTATTCTCAAGCAGGATGTGGACGGATTCGAGAAGTTTCTGGAGGAGAATGCGGCGCGGGTTCCGGCGAAACCCGGCGTCGACGCCAAGGAACTGCTGGCGGCCAAGATGTGCGGCCGCTGGCGCAATGGCCTGCCGCTCGCCCTTTCTCCCGACACCGATTGCCCCGATCCGCCAATCCCGCAAGATCAATGGAATAAGTTCGACTACGTCAAGTCCGAGGCGCTTCCCGAGGTCATCGATGATTCGTACGGGATACGCTGTCCGATCGGATCGCATATCCGCCGCAACAACCCGCGCAGCGGCGTTGTCGCCGGGGGCGGAGGGCATAACCATCGCCTCGTCCGGCGCGGAATCCCGTATGGCGCTCCCTACGATCCCGCGCGCCCGAACGACGGAGTCGAACGCGGTCTGGTGGGCCTTTTCTTCTGCGGCAGCCTCGGCAACCAGTTCGAGTTCTTAATGACCGAGTGGATCAACTCCGATTCGTTCGGTCTGCGCGGCGACTTAGATCCGCTGATGGCCGGCAACGATCCCGCAACCAGCCGGTTTGTGATCCCGGTCTCAAATCTGCATAAAGAATCGATTGTCATCACGGGGCTGAGCCGTTTTATCTCAACGCGCGCCAGCGTTTACTGCTTC
NZ_AP025739.1_gap97	3716004	3716960	956	TTCGCTCTGGCCGATGATCGCGCGAGGGAACGTCCACGCGCCCTTGCGCGACTGCGGGGTGGGGAAGGCGCGGATGAAATGCCGGTGTATGTCCGGCGTCAGTTTGTTTTTGTCGCCGACGGAGGCGGGTAGCAGAACGCGCGGGAAGAAATTGAAGTTTCGGCAGAGGAAGCGGCCGATGGGGCCGCCGACAAAGCCGCTGAACTTTTCAAATGTCGCGTCGCCGCGCAGGGACCAGAACCAGCTGTTGTAAGCGATGATCCGCTTGATATTGGCCGGATGATCCAGCGCATACGACATGCCGATGGGGCCGCCCCAGTCATGTACGATCAAGGTGATATTCTTGAGGCCGAGCGCGTCGATGAAACATGCTAAGTTCTCGGCGTGGAATTGCGGCAGGTACGAGACATCGGCCGGCTTATCGGACAGGCCAAAGCCGAGGTGATCGACGGCGACGCAGCGATATTTTGTTCGGAGATGCGCGATGAGCCGCCGATGCTCGTAGGACCAGGTGGGATTTCCGTGGACAAAGAGCACGACGTCTCCCGCGCCCTCATCCACGTAATGCATCTCGCCGTAGCGCGTGGTAAAAAAACGGGACTCAAAGGGATAACTGGTTCGGTCGAGCCAGGTGGGTGTCGATTGCGGGGACATGGATTCGCTGCTCTCTTTCAATGTTAGCGGCGCGTGGCGCCGTTAGTGAAGCCCGCCGGACGCGCTGATGCGCTCGCCGGTCAGCCAGGCGGAGTCGTCGGAAGCGAGGAACACCACGACCGGCGCAATGTCGCCTGGCCGGCCGAACCGGCCGAGCGGCGTGGCGTCCGCCACCATCTTCTCAAATTCGCCGCCGATAAAGCCGAGCCGGTGAGCCCCCTCGGTCTCCGTGCCGCCGGGAGCGACGGTGTTGACGCGGATCTTCTTCGGCCCCAGTTCCTTGGCCAGCGCCAGGGTAAGCG
NZ_AP025739.1_gap98	3778757	3781474	2717	TCTCGAAATCGCCCTGTGTTAGCCGGAGCAGCGCGCGATTGGAATGGGCGTCGGCGTGGTCGGGCATCAAGCGCAGGATCGCGTCGTACGTCTGCATCGCTTCGTCGATCCGTCCCTCCAGCGACAGCAGCGACGCCAGATTCCAATAAGCGGGATAGTAGGTGGGCCGCAGCTCGATCGCGCGGTACAGATTTTGGCGCGCGTCGTCGAACTCATTGACGAACAGCTGCGCGACGGCGAGATTGCTGTACGCCTCCGCCATCTTCGGATCGAGCCGGATCGCTTCTTGATAGTGATGTGCGGCGTCGGCGAAGCGCTTGAGCTCTTTCAGTACGACGCCGTAGTTGTTGTGCGGCCCGGCCATGCTGGGATTGAGAGCGAGAGCGCGCTCGAAATATGGCGCGGCGCCCGCGAAGTCCGAGCGGTTCATCCGGATCGAACCGAGCTGACAGAGCGCCATGACATGCTGAGGATCATGGGTCAGCGCGAGTTCATAGCACGGCTGCGCGCCGAGAAAGTCGCCCTTGTGAAATTTCGTTTCGCCGGAGCGGAACAGTCGCTCCGCATCTTTATTGGTCAATGACGTGTCCTTTATGGCTTCGCTGAAGCCGCCGCTTCGGCAAGAAGATCCGCCGCTCGCCGGGCGACGGGAGCCCAGTCGCCCAGAATTTGCTGGCGCAGGAGGCGCATTGTGGGATACCAGGGCGAATCGTCGCGGTCCCGCATCCAGCGCCAGCAGGCGCGTTCGGACAGCAGCGTCCAGACGGGTTTTCCCATCGCTCCCGCCAGGTGCGCGACGGATGTACAAACGGAAATGACCAGATCCAGGTTCGCGATTGCGCCCGCCGTATCGGCGAAATCTTCGAGCTCCTGGGAAAGATCCCAGAGATTTGCGTGCGGGCAATCCGCGATCTGCCGCGCCGCCGGCCCGCGCTGCAAACTGAAAAATTGCGCGCCGTCCATCGCCAGCACTGGCGCGAGATCCGTCAAACGGCACGAACGGTTGGCGTCGTTTTTCTGGTTTGGGCTGCCTGCCCACACGACGCCGACACGTATGGCGCCCCCGGCGATCTCCGTCAGGCGCTCCCCCCAATATTGTTCCTTACTCGCGTCAGCCTTTATATAAGAAATTTCCGCCGGGATCGTGTTTGTCTCGGTCTGGGCGATTCCCGGAAGACTGAGCAGCGGAATCTGGCAATCGAGTTCTTCGAAGTGATCGTCAAACCAGTGCTCGGACCATTCCGTCAGCAGATCGAAACCGTCGCAGCCCGCGAGAACGGACTTCATTCCGTCGTGGCACTCAAAGACCACGCGCGCTCCCTGAGATTTGAGCCAGGGTAGGTAGCGCACGAAATGAAAGGTGTCGCCATACCCCTGCTCGGCGTGGACAAAAATCGTCTTCCCGGCAAGCGGTTCGCCGCGCCATTGCGGTGTGGAGAATTCGCGCCGGCGCGCGCCCGGGGCCGCGAACCGCCATTCAAAGTCCGGCCATCCGCCGGCGAAGTCGCCGCCTCGCAGCCGAATCAAGGCCCGATTCCAGTGGGCGTCGGCGTGATCGGGAGTTTGGGAAAGGACGTGGTCGTAGAGGCCAAGCGCCATTTCGTGATCTCCCAGCGTTTCGCGCAAGGCCGCAAGGTTGCACGCAAAGTCGGGATTGCCCGGCGCCAGCGTGAACGCGCGCGCATAGCTGTCCTGCGCCGCGTCCTTATCGCCCGCGTCCTCCAGCGTCCGCCCAAGATTATTGTGCGCCTCCGCAAGCAGGGGATCGAGCGCGACGGCGCGCCGCAGCATGGCGACCGCCAGATTGGTCTGCCGCCGCTGCGCGTAGAGCGAGCCCAGCAAATAACAGACGCGCGCATTGCCCGGCTGGCTCTGGAGGAGTTTCTGATAGAGGCTTTCCGCCTTGCGCAGATCTCCGGCAAGATGCGCGTTCAGCGCGCTTTGCAGACGGTCCGTGGCGACGATCATAGAAAGGTCCTTGATATTCGTGACGCGTTGTGATCCCGTTTCATTGCAGGCAAATTTAACTTCGGCCGCTTGGGGAACTCACCCTGGCCTTCGGTCGCCTTGGCAACTCCCTCCCGCGCTCCGTGTGCTCCCTTGCAAACCCACCCCCGGCCTTCGGCCGACCCCTCCGCGACGGGAAGGGTGATTTCAGAGCGTGTTATCGCAGGCCGCTTTCGTCAGAGGCAATCCTACCAACTCTTCTCGTCGCGGGAGGGGTCGGCCGAAGGCCGGGGGTGGGTTTGCAAGGGAATACGCGAACCACCGGGGTGGGTCACTCGGGAGCGCGCAAGCGTATTAGGCGGTAACCCCAACCTTCGTCGCGGCGACGCATTCCTGGATCTGGCGCACTTCGACGTCGTCGGAGAATGCTTGCAAATAGTGGGCGTAGAGCGCCAGCGCGTCCTCATCGCGGCCGAGGGTTTGGAAGACATCGCCGCAGTTGAGTACGGTGTCGCGGTGCAGCGGGTCCTGCTCCAGCGCGGTGAGCAGCAGGGTCAGCGACTCTTCCGTGCGGCCGTCATGCCAGAGCAGCACGCCCAGGCTGTTGAGCACGCCGACGTTTTCGGGCGCTTCGCCCAGGAGCTGCCAGAGACGCTGCTCGGCGGCTTGCGGATTGCCCTGAAGCATCTGCTCGTCGGCCTGCGCGACGCAGATATCCACATCGCCCATGCGCGACCACTGCCGCAGCTCGTCCGCGATGCGCTTGAACA
NZ_AP025739.1_gap99	3782868	3787528	4660	GTCCCGCAACGGATAAGCAGATCGAAAGCGGGATCCGCGCGGCGCGGGAAGTGCTGGAGCGCCGCGCCGTCGCGACCGTCCACCGGCTGCCGGCGATGCGGCTGGCGCGCCGGATTTGGAGCATGGGACTGGCGCAGGTGCTGATCGGATATGCGGCGCTCGCGGGCGTTGTCAGCTTTGTCGCGCGCCACTGGCCGCCGTTTGGCCGCTTGCTGGGTATTTAACACTTGCCGGAGAGATGAAGGAATTTATGATCAAAGAACAGTTGGCGGCGACGGTCGCCGCCGCGCTGCAGAAGGCGAAGGACAGCGGGGATTTGGCTCCAGAGATGGTTCCCGACGTGGTGCTGGAGGCGCCGAAGAGCCGCGAGCATGGAGATTGGGCGACCAATGTGGCGCTCACCCTTTCGAAATCGCTCGGGCTGCCGCCGCAGGAAGTCGCCGCGAAGATCGTCGCCCATCTGCCCATCGGCGGCGGCTTGATCGAGAAGGCCGAAGTTGCGGGGCCGGGCTTTATCAATCTCACCCTGCGCCCTGACTGGCTGTTCGACGTGCTGCGCCGGATCGAGACCGAAGGCGACGCTTACGGCCGATCTCAGGCGGGCGCCGGCAAGACAGTCCTAGTGGAGTTCGTCTCCACCAATCCGAACGGCCCAATCACCGTGGCCGGCGGGCGCAACGCCGCGATCGGCGACGTGATGGCGTCCCTGCTGGACGCCGCCGGATACGTCGTCACGCGTGAGTATTACATCAACGACGCGCTGAACTCCGTGCAGATGATCAACTTCGGCAAGTCCGTCTTCTACCGATACCTGGAGCTGCTGGGCGATAAGCCGCCCGTGGAAGGCGATGAGCCGCCGGACTGGCTTTACCAAGGCGATTACGTGGCGGACATCGCCCGGGAGATCATCCAGGTCCATGGGCGCGAGTTTGAAGGCGCGGACCTCGACGATCCTCAAACAACTCAGACCTTCCGCGCTTTGTCGCAGGACGGCATGATCGCGCAGCAGAAGGCGGATCTAGACGCCTTCGGCGTGCGCTTCGACAACTGGTTCAGCGAATCGTCGCTGCACGACGACGGCCGGGTGGACGCCGCCGTGAAGGAACTGACGGCGCGCGGCCATACCTTCGAGAAGGACGGCGCGCTCTGGCTTCGCAGCACGGAGTTCGGCGACGACAAGGATCGGGTTCTAGTCCGCGCGAACGGAACCGCCACTTATATCGCGGGCGACGCCGCCTATCATAAAGACAAGTTCGACCGGGGCTTTGATGAGGCGATCAACGTCTGGGGCGCCGATCACGCCGGTTATGTCGCCCGCACCAAAGCGGTCGTCGCGGCGCTCGGGTACGATCCCAGCCGCATCAGTATTCTGCTCTATCAGCTCGTCCGGATCGTCAAGGACGGCGAACTGGTGCGCTCCTCCAAGCGCAAGGGCGCGGTGCTGGAGCTGAAGTCCGACCTGATCGAGGAGATCGGCAAGGACGCCGCGCGTATCTTCTTCCTGATGCGCTCTCCGAACACCGATCTGGATATCGACCTGGATCTCGCGAAGAAGACGGAGAAGGACAACCCCGTTTATTATATCCAGTACGCGCACGCCCGGATCGTGCAGACGCTGGAGCGCGCCAAGGAACAGGCGGGCGCGTCCGCGCCGTCCGCCGGCGACACCGATTTGACCGTCCTGACGGAGACGACGGAAACGGACCTGATCCGGAAGCTCTCCGAATTCCCGGAAGAGACGCTGGGCGCCATGCGCGAGTCCGCGCCGCAGCGGCTGGTGCAGTACGTGCGGGACCTGGCCGCCGTATTCCATACCTTTTACGACGCCGGCAATCGCAATCCCGCGCTTCGAGTCGTTACCGACGATCCGAAGCTGCTCGGCGCCCGGCTCGTTTTGATCGATGCGACACGCATCGTGTTCAAGAATGCATTTGCCCTGCTCGGAGTCTCCGCTCCCGAGCGGATGTAAGTTCGCCGCGCCCCGCGCTTTCGATGCGCGGGGCGCGGCGGCTTCCAGGCATCCCGGCGGATAAAGGCTCCATGAAGATCTATTGCTCACTCCTCGCTCTGCTCCTCGCCGTCGCCGGCGCGCCGGCGCTCGCCGCCGCTTCAAAAGACTCGGCTCAGCAAACTCCGGCCCCCGCTCCGCCTCCCGTCGTGGACGCGCCCCCCGTCACCGCTCCGCCGCAGAAGCATGTGACGACCGGGGAGTATCATGACGCGTCCGGCAAGAAGCACGCCTGGATGATTACCCCCAGCCATATGCTGCGCTGGGACAACGACGCTTATCTCCCCGTCGGCGGCGCGTTTACCCCGCATTACTGGGCGGAAGGTCAGACCGAGGAGAACTGGGCGAAGGATGTCAAGGCGCTGGATGCGATCAAGGCCCAGCATGTCCACGACCTGTATTTGTACGCCGGCGCGCGCGGCCTGACCCATGTGCCTCCCGCCGCCGCGCAGCGCGTGATCGATTATCTGGATCAGAACGAATTCCGCTACGGGATCGCGATTGCCGATCCCGCGCCGATGCCGCTGATGGGTTATGTCATTCATCCAGCCGTCTACCGGGACGCCAGCCCCGGCCCGTCCACGACGTTTGCGCATGTCGACGGTTTGATCTCCGCCACCTATGTTCTTGCGTCCGCGCAGAAGGGCGAGATTGAGGAAACCGGCAAGGCGAAGGTGCAGGAGGGGACCACGGCGGTGGCGACGCTGCGATCGGCGAGCGACGACAGCGTGCTGCTGCTTTACCCGGAGCGCCTCTTCGCCGATGGGACGCCCGAGAGCCGCATGCCGGATCTCTGGCAGGGATACGATGACTACCGGGACCGCCTGCTCACCTACTTTGGGAAAGTGAAGCTGGGGGCGGGGTTCCGCTTCTTTTTGGACCCGCTGACCGATCAGCTGGGAGTCAACGGCGATGCGGACAGCTTGATCCCCACTTCGGACGGCTTTCGGCTGGAGTTTCAGGCGTGGCTGCAGACCAAGTACCACCGCAATGTGAACGACGTCAACCAGGCATGGGGCGTCAAGGACCGGGATATTCCCGACTATACGGTCGTGGCCCGATGCATCCCGCTTTGGCTTCAGACCAAGGGCGTGGCGGGACTTTATGATCCCGTGGACGGAAAGATCTATGAAGTTCTCAATAAGCCGCGCATCGCCAACGGCTTTTGGGAGGACTTCACGAAGTTCCGCACGGAATCGCTGCGGCGTTACATGAACTCCATCGCGACCGTGCTGAAGACCAGCGTCGCCGACGTTCCCGTCGTTTACCGCGCGCCCAAATTCGACTCCCTGTTTGTGAACGACGCCACGGACGGCGGTTACGATGGGCTGGGGATCGAAGCCTTTGGGCATGGGCGGGCGCTGGCCGAACAGTCCGCGCTTTTTACGTACGCCCAGTCCGAGGATACGCCGAAATCGACCTGGCTGATCGTGAGCAACACATTCGGCGCGCAGAACGCGGCGGAGCAAAAGGATTCGGGGTATGGAACGAAGGGCTCGCTCTTCGACGATTTCGATTACCTCAAGGATTCCGGCGCGCGCGGCTTCTTTACCACCGCCTTGCAGCGGCTTCCCGAAGCGGAGTTCGCGAGCGCGAACCTCGCGTCGCAGACAGACCAATTGGGCTGGCTCGGATCGTACGCGGCGTCGCTCCAGGAACTCGGCGACATGCGCGAAAAAGATCCCGACCCAATTCTGTGGTATCCCGCAGAGTCCGATCAGATCGCCGCGCGTCCCCGCCACTTTCCCGACGGAGTTTGGTGGCTGCCTACGCTCCGCTCCAGCAGCGCCTTTTCCATGGGACTGGAAACGGTCATTCAGGTTTACCGCGTTCCGGCGCAGGACCCGGGGCTTTCAACATGGGCGGTCTGGACCGGGCAAAGCGCGGTGCGCGAGGTTCGCTTCCCGTTCAATCAGACCTACCCGCCGGTGGTGACGGATGCGCGCGGGATCCCGCTCAAGATCAAAGGGAAGAACGGCGTGTGGACTTTGCCGCTGGGACCGGAGCCGATTCTGGTTTCGCATGTCAAGGGTATTCCGAGACCGACGGAGCTTGTGGACGAAGCGGCGGCGGAGGCGGCGCGTCTGATCAAGGTCGCGAAGGCGCAGCACATCGCGACTCAGCGATACGAGGATTCGCTGTTCTATGCGAATAACTCCATCGCCGACAATCCGGGCTCCGACGATCTGCGTTATTCGCTCGTGACGCGCTTGATCAGTCAGCTCACGGAATCGCTCCGGCCGTACGCCTGGATTGAGGGGGAAGCGGCCTCGGACTTCACATTTGACTCTCTGGCGGCGTCCAAAAACGCGTCGGGCGGCTCCTACCTCTCGCTGGACACGGATCGAGATTCGCAGCACGGCACGGCGGTTGACAGCGGGTATCACGCGACTTATAACTTCAGCGTCAACGCGCCTGGGCGATACACGATCTGGCTCGCCGGTTCGCCGCTGGATTCCAGCACGGCTTCGCCGTTTACTTATTCCGTGGACGGGGCCGCCGTGCAGGATACGCATGACGTGCCGGCGGAAGGGCCGTCCTATGGCGGCGGGTTTGTCTGGACCAATCTCGGCGAAACGACGCTCGACGCCAAGCGGCATACGCTGACGATCGATGTCACCGGACGCTCGAAGGACAATCGGTATCGCCTGG
NZ_AP025739.1_gap100	3825834	3826417	583	ACAGAGTTGAGCTTATCCTGGAAAATGACGATCCTCTAGACTAACGAGACGTTCTCGCAAGCTTTCCCATGGCGTCGATCACGGGCAGCGCGTTTCCGCCGGCGTCGAAGAATGACCGACCTTCAAAGCCGCCCAGGCGGACGCCGGTGAGGGGAAGGTATTCGGCGGCCCACCAGTAGATCCCCGCGCCGCGGCCGCCCGGGACCTCGCGCAGGACCTTCCCTAATGTTTCAACGAACTGGACCTGACCTTGCTGGCTGGCCGGAATGCCGGCGAGCTTGGCGCTGTCTTTGGCGAACTCGTCCTGAGGATTCCAGGGAAAGTCCGTCTCGGCGATCACGACGGGCTTCTGGTAGCGCGCGGCGGCGCCGTTCAGACAGGCGCGCAGGTTCTCCAGGCTGCCCTGCCAGTATGGATAGTAACTTTCCCCGATAATATCGAACTTCACGTGTTGTTCGAGCAGATGGTCGAAGAACCACTTTGTCGTTCCCCAATCACCGCCCCGGTCCAGATGCACGATGATCTTGGGGCGCTTCGCCCCCGAGGATTTCTCGATCCCGCGTACGGCGGCGTTCATCAATCG
NZ_AP025739.1_gap101	3829400	3833842	4442	GACGCCAGCGCCGAGCCGAAGTCCCGCAGAAATAGGTGCATGCGGCGCAGCAGATGGTAGTGATCCCGGACCTGCCCGAACTCGCCCAGCGGCGCCTGGAAGTCGTAGGATTTGACGGGAAGGTCGTTCCAGTACCCCGTCGCCTGCGACTCCTGAAGCGTGGAGAAGCGGCCTTCGGGATTGGTCCCGCCATGATACATATAGTACCCCTGGAGGTTGCCGCCCGAGCCGATCTTGACCAGTGCGGACGACGCGATGTCTTTGGGCGCGATTCGGATCCGGCGATGGTAGCTGCGCTCCATACCGCCGCCGATCTCGCAGGCAAAGTAGGGATAGTAGATATCGTCGGCCTCCAGGCCCACAATGCGCTCGCCAAGCTGGTCCGTGGCGATCGCTGCGTCGGCGCGGACGGAGCTGAAGAGATAGGCGCCCCGATACCCCGGCGGCATCTCCGCCAGCGACCGGTCCCAGAAACCATCGGCGTAGCCGCCGAAGAGCGGCAGAAATGGGCCGACCGGCATGGCTGTCGTGAGCTCCGGCCAGCCGGTGCGCGTATACAGCGGGACATCCAGCCCCGCCTCCATCGCCATTCGTCTCAGCGTGAGCAGGTGCTCCGCCGGGCCGCCATACTCGTTTTCGCACTGGACGGCGACGACCGGACCGCCGTCTTTCCACAATAGGCCGTCCAATTGCCGGCCGATCTCGCCGTAAAACCGCTCCACATAACGCAGGTAGCCGGGATCGTCGCTGCGCAGCTCCACGCCTTTTTGCGCGATCCAGTCCGGCAGCCCGCCGCCGCGCACTTCCCCATGACACCAGGGGCCAAGGCGGGCGGCGACATTCAATCCCAGCTCTCCGCACAGCGTGACGAAGCGGCGAAGGCCGCGCCGCCCCTCCCAATCGAAGCGGCCTTCCTCCTCCTCATGATGGATCCAGAAGATATAGGTCGCGACGATTTCCACGCCGCCGGCCCGCACCTTCAGGAGTTCATCGCGCCATTCGTTCTCCGGATAGCGCGCATAATGGAACTCGCCCATGACGGGCAGCCAGGGCTGCCCGTCGCGCATCAGATGCTGGCTGTTAACCGTGATTTCGCCGCCGTCCGGCGCGCGATTGGCGCCAAGCTCCAGGTGACCGTCGAAAATCTGAGCCTGCGGGGTCGTGGCGCGGAGACGTAGGGTGTGTGCGTTCATCAATGGGGTTTTGTCCATAATTTCTGGAATAATCGCTTACTGACGCGGGTCATTAATTGATCACAGTATAATGGAAGGCCGTTTCGCTGTCAAGAGCGCCGCAAAAAAATACTTGACAAATATTGCGACCGATCCTATAATCATAAACAGTTTAGTGACCCGCGTCATTAAATCGTCTTTACGCACTTTTGGGAGAATATCTTCATGCAGAACCGAAAAGGTTTCACACTGATCGAACTACTCGTTGTGATCGCTATTATTGCGATACTTGCCGCTATTCTGTTTCCGGTCTTCGCCAAGGCGCGAGAAAAGGCCCGGCAGATCGCCTGTGTCTCGAACGAAAAGCAGCTGGGCCTGGCGCTGCTCCAGTATATTCAGGACTCGGATGAGTGTATGCCGGCGAACGGCGAAGGCAACACGTCCTGGTATGACGCCATCCAGCCTTATGTCAAGAGCTCTCCGCTGATGTTCTGCCCGTCGAACCCCGACACGCAGAAGCAGAACCTTCCCGCCGGCTCCGGGAAAGCTTACACGACGTATTTCGCCAATCAATTCAACGGTCCGTCGAACGCCGCAAATCCCGAGGATAGCCTGGGGGCGTTCAACACTTATGGGAAATCGGGCTTCAACCTCGCGAGCTTCGTGGCGCCCGCGAGCTGCATCGCCGTCGTTGAAGGACGGGATATGGAGGGATACTGGGAGTTCCGAATCAACTACACGAACAATCTCTACGCGGGGCACACCGGCCGGACCAATTACCTCTTCATGGACGGGCATGTCAAGGCGCTCAAGCCGGAACAGACCCTCGCCAAGGAGGATCTGGGGACCGCCGACACGGATTACTGGGTCCACGACGGCCGTTCGTTCAAGCAGATCGATACGGACGGCGGATACGTGTACTTCCAAAGCCCGGCGGGCCCTGGATATCAGACGGTCCAGGCGACAGACCAGTTCTACAAGTAAATTCTCAAAGTAACGCGACGACGACGGGGCCTGCGGTATGTCACCGCAGGCCCCGTCGTTTCGTGTGCCGGCAGAGAGCCTTAGCTGCTGAAGTCGACGATGCTGGAGAAGGCCAGCTCCTCGGTGGCGACGATCATGTAGCCGCTGGTGTCCACAAACCGCTGCCAGCTGGCCGGCCGGTTGCCGTTCGATGTATCGACCCAATCGATGAAGCCGCCGACGAAGTTCGGGTCGGTAGTCGAGTTGTTGACCCAGTCTCCGGATCCCGTGGCGGAGCCGACGGCCGATTTCGCGAAGTTATAGTGCGACCAGGCCGAAGCGTAGAGGTTATTGTAGTTTCCCGTCGCCTGCGCAATTTTCCACTCGGCGTCGGCAAGCTGAAGGGCGGAGCCAGGATAGACCTGGGTGTTCGTCCCCGACGCCGGGGTGAACTGGTGCACGCCGCCGGCGTACTGCCCGCTTTGTACGGTGAGATAAGCGCCGTTATACGCCGTTCCGTGGTCCCACCAGGTGGTGAGGTCCTTGGCGTACTGCTCGCTTTCAGATCGGGCGTCGAACTCATACGGCGCGAAGCCCGTTTGGTCGATGCCGCCATTGTAAACGCCGTTGCCGCCGCCATCCAGATAGTCGTAATAGTTATGCCAGGTTCCCTTGTCCTGGGCGTTCGCGAGCAGCGCGGAGATCGAATTCGCCTGGTTGCTGTAATACGTGCTGGTCGCCGTGTCTCCGACCGCCGTCGCCCACTTGGAGAAGCAGCGATAGGCGGCGACCGCGTAAGAGCGATCGACCGTCCACGAGCTCAAATTCGCGTTGGTGAAATCCGCCATCGAATGCGCATGCGCGTACTCCTGCGAACGGTAATTGGCGCCGTCGCCGTTGGGGCTGAGCTGCGTGTACTTCCACATCGCGATCAGCAGCTCCGCCGTCACGCGGGCGTCGCCGCCGCCTTTGGAGCTAACGCCATAGCTGCTATTGTAGGCGATGCTCGCCGGAAACCCATTCCCTGCCTGATTGTTCGTGTTCCGGATCCAGCTCCAGAAGAACCCGCTGAGCGCCGTCTTCGCCTTGCCGTCGAGGTCCGCGTTGCTGCGTCCCGCGACTGTCAAGCGATGGTAGCCATAAAGCAAACCAATCGAGCCGATCGCCGCTTCGCCCGGCTGTACGAAATCGGGCATCCCATTGCCGATCCGCCAGTCGTTCAAAACCCCATAGGCCGCCGCTGAGGCCGAGACGCCCGCCGTGGATGAGTTCGCCGCAGTACACGAGCATTGTGTGACGTATTTGCACTCCATCCACATATCGTCATAACTGTCCGCCATCGCGCTATGCGCCGCCCCAAACAACGATACGGCCGCAGCCAGCGCCGGCCCCGCCTTCTTCCACGATTTCAGCATCTCATAGTTCTCCTTTGACGATCCTGTCTGGTTAGCAAATATCTCGTCTCAACCGATTGTGAACATTCGCTGTTTATCCGGTTAAACGATGACCGATTGTATCATTGCCTTTCTTGCTTGTCAAGGGAAATTTTTCGTCAGAGTAAAGGCCGACGAAGACGACTGTAATCGTCCTGCGGGAATATTCTTGGTGAGAAGGAGCGATTTGCGTTTAATCGATTAAGCGACTGAGGAGAACGTCATGCTTTTACGGATCGGCGCGGGCGATTCGGAAACCGACTTCATCCTGGTCCGGTGGGGTTCGTTTGGGCGTCGCTGGGATACGGGCCGTCGTCATACCAATCCTCGCACCACATCCAGAGATTGCCGTTGATGTCATAGACGCTGTAGGCGTTCGGCTTCAGAAGACCCACGGATGCGTTTCTCCGCCGGCGTTTCGGTCACAGCAGGCGTACGCCTTCGGCTGGTCCTAATCTGCGTCATCGCCGTCAAAGAACCAGGTCGTTCCTGCCCGGACGACAAACTCATATTCCGCCGATGTTAGCAGACGGTATCCATTCTCTTTGATATCGCAATGGAAATCTTCCAGCGCCGTAACGCCCGTCGCCGCAGTTTTCGTCACCGATCGATAGGAGTAAATCTGATCGAACCCGTCCCGCTTGCTCAGCATATTGCAGTACACCACGGCGTCGTATCAAGAGACATCGTCGATTGGCCGCTGGAGATCGCCTGGATACTTGGTAAAATTGGTTCCCATCGTCATTTAGTACTCCTCTTAAGTAACCTGAGTCGCGGATTGGATCACATCGTAGGAGAATGTCATTGGGTGGGCAGGAAAAGTATAGATCCACCGTTCCCTTCAAACTGCTGTCCAAAAGTGAACGTCTGTCCT
NZ_AP025739.1_gap102	3854171	3858574	4403	GCGGATCCACGGGCGATCCCCACTTTGGACAAGCGCTGGCGGTGTTGAGTTCGCCCGCGAAGACCGTCTTCTTGTGTGAATCGAATGGCGATTTCGCGAAATTGCTGGACATCAATGAAGGCAACGGTAATGGGATTCAGTCGGCGACGACGAACGGCAGCCTCGACGGCAGCATTTATGCAGCCGCGAATTATGGGAAAGGCGGCTCGATGGCGACCGGTTGCTTGGGCGGCGTCGACTGCTCGGCGAATGTTGGTGGCCCTGGGGGGAATGGCTTCCTTGCCAAGACCGGGCTTCACACCGATGGCTCCAACTACATGATGTGCGACGGCCACATCAAGTGGTATCGCGGCTCGCAGGTTTCCGGCGGATCCAACGCTCTTGCCGCGGACTGCCAGCAAGGCGGCGGCGGCGGGGCGGAATGCGCGGGATCCGATAACACTGCCGCCGAAGGTACGGAAGGCACACGTTTCGCCATCACATTCAGCGTCAAATAACTTTGACTGAGTCGCGCGATCTAAAATCGTGATTTGGTATCGCCAGTTCGCCCTTCGTATTTCGATACGAAGGGCGAACTGGCGGTAAGCTTCCGCCGAAAACCTGGATAAACAGTCTCTACAGTTTTGGATGTTGTATGGATTTGCCTCTTTGCTTTGGAAATTTGGAAAATTTCTGGCGCGAAGGGGTGATTTTATCTGTACATAGTTCCGAAATCGGGTAAGATGTTCCTGTGTATCATTCCGAAAATCTTTGTATGGTTCCGAAGATCTGTTTGGTCGATCCCTCCGAAAGAAATCCATGAAACACCGCTTAACCTTTATCGCAGCCGCCGCCACTGCCGCCGCGCTTGCGCCCGCCGTCCACGGAGCCTCCGATTTGCAGCCAGGACAGCTTCGCTGTGAGTATCTGGTGAACCCGCTGGGCGTGGACGCTCAGCATCCTCGCCTGAGCTGGAAATTGGCGTCGCAAACGCGCGGCCAGCGCCAGACGGCGTATGAGATCCTGGTGGCGCGCGGCGCGGGCGCGCTGAAGGCGAACCACGGCGATCTCTGGGATAGCGGTAAGGTCACTTCCGATGATTCCAGCGCCATTGAGTACGCCGGGCCGGCGCTGGCGTCCGGGCAGCAGTGCTGGTGGAAGGTGCGCGTTTGGGACAAGGACGGCGCCGTGGCGGAGAGCCCCGCCGCGTCCTGGCGCATGGGACTGCTGAAGCCGTCGGACTGGAAGGCGCAGTGGATTTCCGCGCAGACGCCGCGCGGCGTGCAGATCGACGGCAATAACCTTTCGCCCTCACCCTATCTGCGCCGCATGTTCTCCGTCGGCAAGACGGTCCAGCAGGCCACGGTGTTCGTGACCGCGCACGGCGTCTACGAACTGCATCTCAATGGCGCGAAGGTTGGCGACGCCGTCATGGCGCCGGGGTGGACGGACTATAAGAAGCGTGTGGAGTACCAGGCGTACGATGTTACGTCGGCGCTCAAGAAAGGCGCGAACACCATCGGCGCGGTCCTGGGCGACGGCTGGTACAGCGGCTACATCGGTTTCAGTCACCGGCGCGACTACTTCGGCGTCCGTCCCGAGCTGCGCCTTCAGATGGAGATCGTATTCACCGACGGCTCGCGTCAAACCCTCGTGACCGATGGGGCGTGGAAGGGATCGCAGGGGCCGATCACTTACTCCGACATGCTGCAAGGCGAGTCTTACGACGCGCGTAAGGAACTGGCCGGCTGGGATCTTCCCGGATCCCGGTCCACGGGCTGGACCGGCGTTCTATTGAACGGCTCCAGCCAGCCGACGAACCAGGTCAATGTGACCGTGAAGGTGGCGTCGATGGTGGCGGACAACAAAGTCGCCGTCGTCTCCGGCAACGATCTTGGGGGCGATCCCGCCTACAACACCGTCAAGCGCCTGCGCATCGATTATACGCTGGACGGCGCGCCGCACTCGCAGACGGCGGATGAGAAAGAAACCATCAATATTCCTGGGCCGGGCGAGGCGGGCGGCAAGCTTGTCGTCCAAAAAGCCGTTTACGGCGTGCTGGATCCGCAGAGCGGGCCGGCGGCGATGGTCGGCCAGCATGGTCCGCCCATCCGCGTGACCGAGCACATCAAGCCGATCGGCATGACGGAGCCCGCCCCGGGAGTCTATATTGTCGATCTCGGGCAGAACATGGTCGGCTGGACACGATTGAAAGTTCAGGCCAAGGCGGGAACGCGTATCCAATTGCGCTTCGCCGAGATGCTCGATCCCAAGGGGCAGGTCTACACGACGAACTTGCGGTCGGCCAAATCTACGGATACATATATCTGCAAGGGCGGAGGCGTCGAAGTCTGGGAGCCGCACTTCACCTTCCATGGCTTCCGCTATGTGGAAGTGACCGGGTACCCCGGCAAGCCGGCCATGGACGCCGTCACAGGATGTGTGATCGGCTCGGATACGCCGAAGACTGGGACGTTCGAGTGCTCCAGCCCGCTTGTCAATCAGCTTCAGCACAACATTGTCTGGGGGCAGCGCGGCAACTTCATCAGCATTCCGACCGACTGCCCGCAGCGCGACGAGCGCCTGGGCTGGATGGGCGACGCGCAGATCTTCGTCCGCACCGCGACGTACAACCGGGACACGGCGGGCTTCTACGAGAAGTGGATGCAGGATGTCGAGGACGCGCAGTCGTCGCAGGGCGGATTTTCCGATGTTTCCCCGCGCACCGTGGACGATTCCGACGGGGCGCCCGCCTGGGGCGACGCCGGCGTGATCGTCCCCTGGACCGTGTATCAGGCGTACGGCGACAAGGGCATTGTCGAGAAGCACTGGGCGGCGATGAACCGCTGGATGGACTATATCACCAGCGTCAACCCGGGCGGCCTCTGGATGGAGCGCCGCAACAACGACTTCGGCGACTGGCTCTCCATCAACGCCGACACGCCCAAGGACGTGCTCGCGACGGCCTACTACGCCTACGATGCTTCGCTGATGGCGCGCATGGCGCGCGCGCTCGGCCACACGGAGGAGGCGGCGAAGTACGACGCCCTGTTCGCGCACATCAAAGACGCCTTCAATACGGCGTTTGTGTCGCCCGACGGCAAAATCAAAGGCGATACCCAGACCGGCTATGTGCTCGCCCTGCGCTTCCAACTGCTGCCAGACGCGCTTCGGCCGATGGCGGCGACACATCTGACGGACGATATCGCGGCGAAGAACAGCCACCTGTCCACGGGCTTTGTCGGCGTCGGCTACCTCTGCCCCACGCTCACGGCGACCGGCCATAACGATGTCGCCTACAAGCTGCTGCAAAACGACACCTTCCCGAGCTGGGGATTTTCGATCCGGCAGGGCGCGACGACGATCTGGGAGCGGTGGGACGGCTGGACGCCTGACAAGGGCTTCCAGGATCCCGGCATGAATTCGTTCAACCACTATTCGCTCGGTTCGGTCGGACAGTGGCTCTATCAAGATGTTGCGGGAATCGACACCGATCCCGATCAGCCCGGCTACAAGCATATCTTGATGCACCCGCATCCCGGCCCCGGACTGAGCCACGCGAGCGCGACATTCGACAGCATTCATGGCCCGATCACGAGCGCCTGGAAGATTGACAACGGCGTGTTCGTGTGGAATGTCACCGTGCCCGCCAACACGACGGCGACGGCCTGGATCCCCGCCGCGGGCGCCGATGGCGTCACCGAGTCGGGCAAGAAGATCGACAGCGCCTCGGGAGTGAAGTTTGTACGGGAGGAATCCGGCTCCGCGGTGTATGAACTACAGTCCGGAACGTATCGCTTTTCGGCGCCCGCTGAGCCTACGATGTGAAACCGATGATGAATACACCATTCCTACAAGTCAGCGGGCTGAGCAAGGCGTACAATGGCGTTCCGGCGCTTTCGGGGGTTAGCCTCGCGATTGAGCCGGGCGAAGTCCACGCCTTAATGGGCGAAAACGGCGCCGGTAAGTCCACGCTGATCAAGTGCCTCTCCGGAGTTGTTCGGCCCGACGGCGGCTCCGTGCAGGTCGATGGCGCCGCCGTGTCGTCGGGCGATATCCGCGTATCCGAAGCGGCGGGAATCGTCGCGCTCCATCAAGAGTCGACGGCGTTCGCGCATCTCAATGCGATCGACAATATCTTTGTCGGCCGCGAGCCGCGCCTCGGGCCGGGGCTGCTGGACCGCCCGCGCATGCGGCGCGAGGCGCAGGCGCTGCTGGACCGGCTTGGCGAGCGCATCGACCTTGACAGGCCGCTGGAGGAGCTTTCGCTCGCCCAGCGGCAGATGGTTGGGATCGCGCGCGCCCTGTCGCACAAAAGCCGTCTGCTGATCATGGATGAGCCGACGGCGTCACTGTCGGCGCGCGAAACGCAGACCCTCTTTCGGATCATTCGCCAGCTGCAAAGCGAGGGCGTCGCGATCCTT
NZ_AP025739.1_gap103	3987095	3989155	2060	TCGTGATGAAGGCGCTGGTTGAGCGCAACTATACGAGCAACATCAAGACGGCCAAGCGCATGATCGACAAGCTAAAGCCCGAAGTCTGGGACGCGCTGGAAGACGTCATTCGCGAGCACCCGGTCCTGCTGAACCGCGCTCCGACCCTGCACCGCCTTGGGATCCAGGCCTTTGAGCCCGTGCTCGTGGACGGCAAGGCCATCCAGGTGCACCCGCTTGTCTGCCACGCCTTCAACGCTGACTTCGACGGCGACCAGATGGCCGTCCACGTGCCGCTTTCGGCGAGCGCGCAGGCGGAAGCCCGCATCCTGATGCTTTCGACGCATAACCTGTTCTCGCCCGCCAACGGCAGCCCGATCGTCGCGCCGGCGCAGGACATGGTTCTGGGCAGCTACTATCTGACGATGATGCGCGAAGGGGAGCCCACGAAGCCCTTCTTCGCCAGCGCCGACGAAGCCGCCCTCGCGTTCGACACGCAGACGATCGAGCTGCACGAGCCGATCGACGTCTATCTGAAGCAGGGCGACGACGAGCATCGCACCTTGACCCGCACGACCGTGGGCCGGATCTTGTTCAGCAACATCCTGCCGACCAACATGCGCTATGTCAATAAGCTGATGAACAAGAAGGGGCTCGGCGAGCTGATCGCGCGCTGCCACCGCACCAACGGCGACGAGCGCACGATTATCCTTCTGGACGAGTTGAAGGCTCTGGGCTTCCGTGAGGCGACCAAGGCGGGCATGACCGTAGCGATTACGGACATGGACGTTCCTGAGAAGCGCAACGAGATCCTGAAGTATACGGAAGAGGAAGTCAAGAAGCTCAACCGCAGCTACCAGCGCGGCCTGATCACCTCCGGCGAGCGCAAAGAGCGCGTACTGGAATCGTGGCAGAAGGCGGCGAAGGACGTCGGTGAGGCGATCTTCGAGAACATCGACCGGTACAACCCGATCTTCATGTTCACCGACTCCAGCGCTCGCGGCACACGCGGCCAGGTCACGCAGCTCAGCGGCATGCGCGGCGTTATGTCCGACCCGTTCGGCAACATGATCGAAGACCTCCCCGTGAAGTCCAACTTCCACGAAGGCCTTTCGACCCTGGAGTACTTCGTTTCGACGCACGGCGCCCGTAAGGGTCTTGCGGACACCGCGCTTCGCACCGCCGACGCTGGTTACCTGACGCGCCGCCTGGTGGATGTGTCGCAGGAAGTCATCGTTCGCGACGCCGACTGCAATACGGAGATGGGAATCTACGTTGAGGAGATCCGGGACAGCGGCGAAGTGATTGAGCCGCTCAACCAGCGCATCTACGGCCGCTTCGCCCTCGTGGACATCGCCTATCCGGCGAGTCATGAGAAGGCGGGGGAGATCATCGTCGCCAAGGGCGACCTGATCACCGAAGGCCTGGCGCGCGAGATTGAGGCGAGCGGACTGAAGCGCGCGGGCGTCCGCAGCCCGTTCACCTGCGAACTGCGCATGGGCATCTGCGCCAAGTGCTACGGTCTGGACCTGGCGAACTCCAAGCTGGTCGAACCGGGAGTCGCGGTGGGAATTATCGCCGCGCAGTCCATCGGTGAGCCGGGAACGCAGCTGACGATGCGCACCTTCCACACGGGAGGCATCGCGCAGAAGCAGCTCGTCGGCGTCGCCAACGTTCGGCAGCGCAAGCAGGAAGCCCTGAAAGAGCTGCACAACGACATCGCCAGCGGTATCGTCAACATCGATAGCCAGAAGGACGACAATGAGAAGGTTCCCGGAGCCGCCACGGTCGACCGTGAGCGTGTCCGCGCCGTCCAGGCGGTCCTGAAGGTTCTTGAGGACCAAGTCGGCGGTCTGCTTCGGGTCGTCGAGCTGTTCGAGGCTCGAAAGCCGAAGGGACAGGCGATCGTCACCGAGTACGCCGGCGAAGTCGCCGATATCGAGATGAAGGGTTTGCGCAAGGTCATCATTCACACCACGGTCGCGCTCGATGAGGGTTCGACGGTTGGTTTGAACGGTGAGAAGCTGGGCGTGGATGTTTATCTGGGCTCCGTCGATACCGAGGGAATGACCGCCGCCGCC
NZ_AP025739.1_gap104	3990963	3991996	1033	GTGCTTTGACCGACAATTGTCGATCGTCATGAGTGTGTGCCCCGTGTCGCCGATTCGAAAGAATATCGCCGGCATCGGGGTGTTTTTGTGCCTCTGCTTTGAGACATCATTTTAGTAAAACGACTTAATTAACCGCCTAGCGAAAGGATTGCTAACGCAATGCCGACAATCAGCCAGCTCGTACGTAAGGGACGCAAGCGCGTCATCAAGAAGAGCAAAGCGCCCGCAATGAAGGGCAATCCGCAGAAGCGCGGAGTGTGTCTCGTTGTCCGAACCGTTTCTCCCAAGAAACCGAACTCGGCGCTGCGCAAAATCGCTCGTGTCCGTCTGACCGGCTCCGGCCGCAAGAACCCCGGCACGGAAGTGACCGCCTACATCCCGGGCATCGGCCATAACCTTCAGGAACACAGCGTCGTTCTGATCCGCGGCGGCCGCGTCAAGGACCTCCCCGGAGTCCGCTACCACATCGTTCGTGGCACGCTGGACACCCAGGGCACCAAGGACCGCAAGAGCAGCCGCTCCAAGTACGGCACCAAGCGCCCGAAGGCGGTCGTGAAGAAGTAGTTTCTGTCCGTTTTTTTAGTTGTATTTGTATTAGGAGAAGAGTTCATGCCTCGTAAAGGACCTGCAAAGAAGCGTGCGATCACACCAGACCCCGTCTATCACAACCGACTGGTGACGCGCTTCGTCAACCGGATGATGTTGGATGGAAAGAAGAGCGTCTCGGAGACGATCTTTTATAGCGCGCTGGAGCAAGTGGAGAGCCGTTCAGGTCGCAAGGGGATCGAAGTCTTCGAGCTAGCCGTGCGCAATGTAATGCCGCAGGTGGAAGTCAAGCCTCGCCGCGTCGGCGGCGCGACCTACCAGGTGCCGATGGAAATTCGCACCGATCGCAAGCTGTCCCTGGCTCTCCGCTGGCTCGTCGCCGCCGCCCGCAAGCGCAGCGGTAAGACAATGATCGAACGGCTCGCTTCCGAGCTCAACGACGCCGCCAACAATAGCGGCGCCGCGGTACGCCAGCGTGAAGAGAAGC
NZ_AP025739.1_gap105	3997506	3999230	1724	CGCTTGTGGTCAAGGGAACGCAGCGCCGAGGCCGCTTCTTCAAGCGCGCCAACCAGGGCCGTACTTCGGACTGGAAGAAGGCGATTGTGACGCTCCAAGAAGGCCAGACAATTGAATTGGTCGAGGGAGTCTAAGCACAATGGCAGTCAAGCGATATAAGCCGATTACCCCTGGGCAGCGGTTCCGTGTCGGCGCGAGCTACGACGAAATCACGGCCACAAAGCCGCTGAAAGCGCTCACCGGCCCGAACAAGCACAGCGGCGGACGCAACAACAAGGGCCGCCGCACGGCGGTCAACGTCGGCGGCGGTAACAAGACCGCGTACCGAATCATCGACTTCAAGCGCGATAAAGACGGCGTACCAGGGAAAGTGGCGACGATCGAATACGATCCCAACCGCTCGGCGCGTATCTGCCTTGTCCATTATATGGACGGCGAGAAGCGCTACATCCTGTGGCCCGTCGGCGTCAAGGTCGGCGACATGATCCAGGCCGGCGACGGCTCGGACATCCGTCCCGGCAACGCCATGGCGATCCGCTCGCTTCCGATCGGTACGCTGCTCCATAACATCGAGCTCGTCCCCGGTAAGGGCGGCCAGCTGGTTCGCACCGCCGGCGGCTCCGCGCAGCTGATGGGACGCGAAGGCAAGTACGCCACGATCCGCCTGTCTTCGGGCGAAATGCGCATGATCCAAGTTGAGTGCAAGGCCACGATCGGCCAAGTCGGCAACCTGGATCATGAGAACATCAAGCACGGCAAGGCCGGTAAGAAGCGCTGGCTCGGCGTTTATATGCACAACCGAGGCGTCGTTATGTCGCCGCGGGACCATCCCCACGGTGGTGGTGAAGCGAAGTCTCCGATCGGACGCAAAAAGGGACCGGTTTCGGCCACTGGCGTTCGCGCTCTGGGCTTCCGTACGCGCCGCAATAAGTCGACGCAGAAATTCATCATCCGACGGCGGGGGAAGTAGGATAACGTATGGGACGATCATTAAAAAAGGGGCCCTATGCCGACCCCAAATTGCTGTCTAAAATTGACGACATGAACGCGCGCAGTGAAAAGCGCATCATCAAAACATGGTCACGCCGCTCGACGATCTTCCCCCAGATGATCGGACACACGCTGGCCGTGCATGATGGTCGCAAGCACATTCCCGTGTTCATCACTGAGAATATGGTTGGCCATAAACTGGGCGAGTTCTCGCTGACGCGCACCTTCAAAGGCCACGCCGGCCAGAAGGATACGCGCACCAGCCGGTCGCGCTAAGGAGAATTGAGTTCATGAATACAGCCGCCAGAGACCGTGCGCTGCTCCCGACCGCCCATGAGGTGATCGGGGGACGCACACCCGTCTCCAAGCTTAAGCTGTCCAAGGAAAAGGACGGCAGTCTGAAAGTCACTCTGCACACCAGCCGCCCCGACGCGGTTCGGATCGTGACCCGAGAGCTGACCGAAGCGTTCAAAGAGAAGATCGGCGGCGATCGCGCGGTAACGGTGCAAGTCGTTCCCGAAGCGCGCGCCGTTGCGAAGTACCTCCGTTTGTCGCCGCGCAAGGCTCGCCTTGTGATCGACGCTATCAAGGGCAAGCGCGCATCCGATGCGCTGGCCGCGCTGCGGTTCGTCCCGAACCAGGCGGCGGAGCATATCAGCAAGGTGCTGATCTCGGCCGTGGCGAACGCCCAGGACGGGTGGGGCGCCGGTGTCGAAGAGCTTCAAGTCACCAAC
NZ_AP025739.1_gap106	4001106	4003269	2163	TCTGACGGTCGTGATCGCAAACGCGCACAAGAACATCTACCAGTTCCGCAAGGACCGCCTGGGCAAGCCGATCGAAGACGTGAAGGTTGTGAAGAACAGCCGGAAGGAAATCGCGCGGGCTCTGACGATCAAGCGCGAGCGCGAACTGGCGCAGTCGTAAAGAGGGATAACAGCGATGGCAGAAACAATCGAAGAGCAAACTGAAGAGACCCGAAACCGGCGTAAGACCCGGATCGGCGTCGTCTCCAGCGACAAGATGGAAAAGACGATCGTTGTTACCATTAACAACCTGGTCCGTCACCCGATCTACGGCCGTACCGTTAAGCGCGCGAAGAAGTTCAAAGTCCATGACGAGAACAACGACGCGCACATCGGTGATACCGTGGAGATCATGGAGACCCGTCCGCTGAGCAAGGAAAAGTGCTGGCGTTTGGTGCGTGTCACCGAGCGCGCTAAGTAGCGCTTTCACATTGTCTGGAGCGCTCGGCGCTCCAGTCGCCTCCGAAGCCGGACGCTTGTCGTCCGGCTTCTTCGCGCCGTTTGGCGTGTTCATTACGTCTTCCGACGTATATTATTGCTGGGTCGGTCTTCAAGCGCCTGTCTTCCCCAAGGGCAGGCTCACTGAGAAGTCCGGCAGCGCAAAGGGAAAAGTATGATTCAGTCCTATTCGCGCGTACGCGCGGCAGACAACAGCGGGGCGCGTGAGATCATGTGCATCCGCGTCCTAAAAGGCTCCAACGGCAAGTATGCCGAAGTGGGCGATATTATCGTCGGCGCGGTGAAGTCCGCGACGCCCGGCGCTCAGGTGAAGAAGGGCGACGTTGTCAAAGCCGTCATCGTTCGCACCAAGAACATGATCCGCCGCACCGACGGATCCACGCTTCGCTTCGACGAGAACGCCGCCGTGGTCCTCAACAACAACCTCGCGCCGCGTGGCACCCGTGTCTTCGGACCCGTTGCCCGTGAGCTGCGCGAATCGAAATTCGAAGGCGCGATGAAGATCATCTCGCTGGCTCCGGAGGTGCTCTAAATGTATACTCCTCCTAAGAAGAAGGGGCCGCGCGCGGTTCCCGTACGCTACGAAGGCAAGATCCGGCTTCGCGCCGGCGACCTGATCCGGGTTATCTCGGGTAAGGACAAGGGCAAGGAAGGCACGATCACGCGCGTACTGCCGGCTACCGGTAAAGTCGTCGTGGAAGGCCTGAACATCGCGATCAAGCACCAGAAGCCGCGTCAGCAGGCGAACCCCGCCGCGCAGCAGGAATCTGGCCGGATCGAGATCTCCATGCCTCTGCACATCAGCAAGGTTCAGCTGATCGATAAAGACGCCAAGAACGCCGTCACTCGGATCGGCGTCAAGCTTGACGCGAGCGGTAACCGCGTGCGTTATGCGAAGAAGTCCGGAGGGGTGATCGACAATGGCTAACGAAACAACAAACCAGCCCCGTCTCAAGAAGCTTTACGTGGATCAGGTGATCCCCGCGCTGCAGAAGGAGTTCGGCTATAAGAACGTCATGCAGGTCCCGAAGCTCGACAAGATCGTGATCAACATGGGCGTGGGCGCGGCGGGACAGACGGGCGGCGACGCCAAGCTGCTCGACGGCGCGATCCTGGACCTCCAGACCATCACCGGCCAGAAGCCGATCGTCACGCGCGCCAAGAAGTCCATCGCGAACTTCCGCCTGCGTGAGGGCGTCAAGGTCGGCGCGAAGGTGACGCTGCGCGGCGCTCAGATGTATGAGTTCCTCGACCGTCTCGTGAACGTGGCTCTGCCGCGCGTCCGTGACTTCAGCGGCATCAACCCGAACTCCTTCGACGGCCGCGGCAACTTCGCCATGGGCCTGAAGGAGCAGTTGACCTTCCCTGAGATCGTCTACGATAAAGTCGACAAAGTTCGCGGCATGGATATCATCATCTGCACGAACGCTCAGAATGACGCGGAAGCCCGCTCCCTTCTGAAAGCGATCGGCATGCCGTTCCGCGGCGAGAAGCAAGGCGAGCGCCTTCTCTAAACCAAAAAACATCGGGAATCGCCGAGAATAGAATTATTTTCGGCGATTTCAGGTATACTGATGTCCGATTTCTCCGGGTTTCGGGCCGTTTTGGCGGCCAAACACCCAGAGGTCGCGACTGTCGACGGAGGATTAATCTTGGCAAAGCAGT
NZ_AP025739.1_gap107	4008017	4009429	1412	AATTGAAGAGCGTATCGCCGCCGGAGACTTCGCTCCGGACGAAGACATCATCCACTATGTGTCTTTGCGGTTAGCGGAGCCCGATGCAGCGGCGGGATATGTTCTGGATGGGTTTCCCCGAAACCTGAATCAAGCTCGTCTGTTCGATGCGACTGGCTCCGAGGAAACACCGGCGATTGATGTGGTTATCTCGCTGGAGATTGACGAAGCGAGCCTGATCGAACGCACGGCGGGACGGTTGATTTGCCCGAAGTGCGGCACGGTTTATCAAACGCATTTGCAGCCGCCGAAGAGGGCGGGACGATGCGATCGAGATGAGGAAATGTTGGTTCGCCGGCCGGAAGACGACCCGGGAACGATGCCTCATCGTTTAGATGTTTATCATATGTCGACGCTGCCGTTGACGCAATACTACGCCCAGCAGGGCAAACTTCGGCCGGTGGACGCTTCTGGCAGCCCCGCCGATGTCTTTCATCGCATACTATTTGCGCTGAAAGATCGATAAATGGAAATTGACGGGTATAATAGTCCGATGGGTCGTCCCAAAACTTCAGAAGAAATTGAAATGATGCGGCTCGCGGGCCGTGTGGTCGCGGAAGCGCTCGCGGCGATGGCGGCCGCAATCGTCCCGGGGACGACCACGACGCTGGATTTGGATGAAGTGGCTGCGGAGGTTCTTCGCAAGCACGGCGCCAAATCGGCGTTTATGGGCTATCAGCCCTCATTCAGCGATGTGCCCTATAAGCACAATACATGTTTGTCGGTCAATGATGAGATCGTCCATGGCGTTCCGGCCAAAAACCGGGTGCTGCAAGCGGGCGAGATCATCAGTCTCGATATGGGCGCGTCGGTGGATGGATGGTTCGCCGATGCGGCCGTGACAGTTCCCGTCGGAGAAATTTCATCGGCGGCAAAGAACCTGCTGCTGGTGACGCGTGAGGCTCTGTATAAGGGCATCGCGCAGGCGCGGCCTGGCAATACGATCGGCGATATCGGCGCCGCGATCCAGAAACATGTGGAGCGCAGCCGATATTCGGTCGTCCGTGACCTGGTCGGTCATGGCATCGGCAATACCGTGCATGAGGAGCCTCAAGTTCCCAATTACGGTCGTCCGGGTCGTGGCGAGCGTCTTCGCGCGGGGATGACGATCTGCATTGAGCCGATGGTCAACATCGGATCGCGCGAGGCCATCCATCGCGCAGGGGATGAGTGGACTATTTTTACAGGCGATCGTAGTCTCTCCGCCCACTTTGAGCATACGGTCGCGATTACTGAGGACGGGCCGGACATTTTAACTCTGCCTGCCTCTGAAGGGAAATAGCTAATCTAGCCTATGGCGAGAAGACCACGAAAGACTCATGAAGCGCGCGAAGAGCGTCGCGCTGAGGAAGCAGAAGTTTACGCGAAGGAAA
NZ_AP025739.1_gap108	4011887	4014057	2170	TCGATGTCAAGGGCGAGGGACGCGTCACCGGCGCGGACATCCAGTGCCCGAGCGATGTCGAGATCGTGAACCCGGAAGTTTACCTGGCGACGATCTCCGACGCCAACGCCAGCCTCTCCATGGAGCTGACGGTGGAAGAGGGCAAGGGCTACGTTCTCCCGGACAAGCAGGACAAGAGCAAGCAAGTCATCGGAGTCATTCCGATCGGCGCCGCTTTCACTCCGGTCCGCCGCGTTGCTTACAACGTGGAAGCCACCCGCGTCGGTTTCAAAACGGACTACGAGCGGCTGACCCTGGAAATCTGGACCAACGGAACGATCGCTCCCGCGGAATCGCTGAGCCAGGCCGCTTACCTGCTGGAGCAGTTCTTCCAGCGCTTCGTCGAGTTCCCCAAGGGACTGGGCGGACGCCTGAACGCGGCTGCGGGCGCGGCGTATCCTGTCGGCGCCGCAGGCGCTCCGGATGCGCGGATCGAGGAGCTGGACTTCTCGGTGCGCACCTACAACTGTTTGAAGAAAGCCAACATCCTGACGATTGGCGATCTCATCCAGATTTCGGAAAGCGATCTGATGCAGATCCGCAACTTCGGCAAGAAGTCCTTGACCGAGGTTCGCGAGAAGCTGTCCTCGCTGGGTCTGAGCATCCAAGGCGGAAGCGAAGACGACGGCGCTTATGATGATGACGACGACGCCGGCGCGGCTGAGGACGATGACGACGTCCCGGTGAGCGCGGCGGACGAAGAATAAATAGGAGCATTCCATGAACCATCGCGTTGGAGGCCGTAAATTCGGTCTTCCCAGCGATCAGCGCCGAGCCCTTCTCAAAGGGCTGGTCCGCTCGTTGCTGACCTACCAGACAATCAAGACCACCGAGACCCGCGCCAAGGACATCCGCATCATTGCGGAGAAGATCATCACCACGGCGCGCGTCGACACGCTTCACAACCGTCGCCAGGCGCGCAAGTACCTGAACGACGAGACGCTGGTCCACCATCTCTTCACGCAGATCGCCCCGGAGTTCAAGAACTCCACCGGCGGTTACACCCGCATGACGAAGATCGGCACGCGGCGCGGCGACGCCGCTCCGATCGTTCAGCTTGAGCTGCTCATCGAGCGCGAGCTTGGCATGCCGACCGCTCCGGTTAAGATCGGGCGGTAATCTCGGACGCATGGACCAAGCGGCGCGGATCTTAAAGCTCACGGTGGAGTACGACGGGACGGATTTCTTCGGCTACCAATCACAGGGAGCGGGAGAGCGGACCGTACAAAGCGTGCTACAGGAAACCGTGAGCAAGATCGTGGATCACCCCGTGATTCTCCACGCCGCTGGCCGCACCGATACCGGAGTGCACGCGCTGGGGCAGATCGTCTCCTTCCAGACTACTGGAAAGATCCCGACACAGCGTCTCGCGATCGCACTCAATAGCACCTTGCCGCGCGATTTAGCCGTCGCCCGCGCAGAGGACGCGCCGGAAGGGTTTCACGCCCGTTTCTCGGCGCGCTCCAGGACTTATGGCTACTTGCTCTCGACCCGGCGCACGCGCTCCGCGGTGTGGGGCCGTTACAGCCTGCATTGCAGGCGACCGCTGGATCGCGCGGCGATGCGCGCCGCGGGCGCCATGTTCGTAGGAACGCATGATTTTGCGGCCTATGCGCGCGGCGGCGGCAGTCCGGGACCGACGACGGTACGAGACCTGACGCACTTGTCGATCCGTCGCTTCGGCGACGATCGCCTTCTGGTGATTGTGACGGCGAGTGGTTTTTTACGAACCATGGTCCGAAATATCGTCGGAGTGCTGGTCGCCGTGGGATCGGGAGATTTGGAGCCGAGCGCGGCTCGCGAGATACTGGATACGAAAAACCGCATTGAGAACCCCGTGGCGCCGGCGGCGCCGCATGGTCTGTTCCTGATGCGCGTGCAATATTGAATCGATCCATATGATGGATTATTAATCAATCCGAGTATTGATTACGGAGAAGGATAAATGACAACTTTTAGCGCTAAGCCGGCGGACATGGAAAAAAGCCGCCAGTGGATTGTGCTGGACGGAACCAATCAATCCGCAGGTCGCCTGGCGGCCGAAGCGGCGCGATTGCTTCGCGGTAAGCACAAGCCGGAATTCACCCCGCACGTCGACTGCGGCGATCATGTGATCATCATCAACGCCGAT
NZ_AP025739.1_gap109	4015871	4020158	4287	CGGTAATGTACGCATAGAATGCTACGGCGCTGGCGCAGTAGCCTGCGATAATCCATAAAAACATCAACGTTCTCTCCTCCCCGCCTTCGGTAATTTGCTTAACATCATTATTGGCTTATTACCCGAAAAAGTTCTCACTTAATTATACGGTGTTTTTGCAAGAGTTCGTTTCTATTTCAAAGAATCTCACCTCATGAGATTCTTTCAACTTCACTTTTCCCCCTCTCTCCAAACTGGTCTCACGCGTCTCCCCCTGGGATATACTATATCTGTGACGATTGATCGGGTTTAGCGAGGTTAAAGAATGACCATGAAGGACACATTTTTAGAAACGAATGCAGTGGTGGAAAGCGTGCGGCAGGCGTTCGACGGCGAGTCGAGCCGCCCTCAGTCGGAGTGGGTGCGCGGCAAGTGCCCGAAGTGCGGTGACGACCTGGTGTCGAACTGCTACTATGTGGGCGGCCGCGGTTACCTGATCTGCTGGGAGTGCTGGTCGTCACTGGGCGGCGAGCCGCAGTGCAATTACCGCAAAATTCTGTAAACGCCAATTTTTGAGTATGGACACGGTTTAAGGAGATAATTCGATGAGCAACTATGACAACAACCAGGGCGGCGAAGTGAGCAAGATCCAGATCTATCGCTTCGTGGCTAAAGATAATAAGATCCTCGATATCACGGACATGCTGGCGTACGATGTCAAGCGCAGCAAATTGTCGATCACCCTCGTAGAGTTCGACGACAACTGGGCCGCCACGCGCCGCGTGCGCCATTATGTGGACGCCGACGACATCAAACTCGTCTGCTACGACATCCTCTCCGGCCAGTTCACGGCCTTCGAGGATCACAAGGGGACGGCGGGGCAGGACTACACCGAAGCCCGCGTCCTCTCCCTAAAAAAGGAAACGAAGTACCGTCAGCCTTACGTCCTGCGTGTCGACAACGGTCAGGGCGAGGTTCAGGGGCAGGGCCAGGTCAAGATGGTGAAGGCGACCGACAGCCTCACCATCCAGATGACAGAGTTCGAGGCGCGAAAGATGGCCCTGGTCATTCAGGACTATATCGCTCAGTGGGAAACGATCAACTTCCGCAAGCGTCAGGACGCGCGGACGGTGACGTTTACGCCCAGCCAGGAAGATCACCGCAAGCGCGACCACGCTCTCGCGGCCTAGTTTGAGATCATCAAAAGAAACGGGGAGGCATTCGCGATGGAAATCGCGAATGCCTCCCCGTTTTTTCTTGACAAACGCCCTGCGATGCTTCTACTATATTCCTCTATGGAAGAACACAAAACCCCTTGGAAAACCGTGGGCAGCCGCGAAGTCTACGTTAACCCCTGGATCCGCATCCGCGAAGATCATGTCATCCGTCCCGACGACAAGCCCGGCATCTACGGCGTCGTCGAGTTTCAAAACTACGCGCTCGGCATCGTGCCCGTCGCCGATAACGGCGACACATGGCTCGTGGGACAGTGGCGCTATCCGCTGGACCTTTACTCCTGGGAGATCCCGGAGGGCGGGGGACCGCTGAGCATCCCGCTGATCGACAGCGCGAAGCGTGAGCTGCACGAAGAAGTGGGTTTGGCCGCCGCCGAATGGATCGATCTAGGCCTGTTCCATCTGTCCAACTCCGTAACCAATGAAGCAGGACGCGTGTTCCTGGCGCTAGGATTGACGGAGGGCGACGCCGAGCCCGAAGGGGATGAAGTGCTTCAGATCTGGCGTCTGCCGCTCACGGAGGCGTACGCGATGGCGATGGATGGTCGGATTACAGATGGGGTGAGTATTATCGGACTGACGCGGGCGGTGGAGTATTTGCAAACCCACCCCGGCCCTTCGGGCCACCCCTCCCACCAGGCTGGGAAGGGTTGGTGAGATTGCCTCTAACGAAAGTCGACTGCGAAATCGATCCTATAAACCCTTCCCAGCCTGGTGGGAGGGGTAGCCCGAAGGGCCGGGGTGGGTTTGCCTACTCCGCTCCGCCGAGCAGCTGGAGCACCAGGGCCGCGCCGCCGAGGATGCCGGCATTGTCGCCGAGGCCGGCGGGGACGATGGTGCAGCTGCGGGAAAGGGAGCGAATGGCGCAGGCGTAGGTGGTGCGGCGGATCGGATCCAGGATCAGCTCGCCGGCCTGGGCCACGCCGCCGCCGATAACGATCATCTGCGGGTTGAAGAGGTTGATCAGGCTCGCAAGGGTGACGCCCAGGTAGTAGCCCGTTTCTTCAAAGACTTCGATCGCGACTTCGTCACCGGCTTCGGCGGCCTGCGCGATGATCGCGGGCGTCAGCATGAAGCGGTCGTAATCGACCAGCGTTCCCAGAACCGTCTTGCGGCCTTCCTGGATTTTGCGCGCGGCGCGCTCGACGATCGCGCTGATCTGCGCTTCGCCCTCAATGGCGCCGAACGACGTGTTGCCGCCGCGTCCGCCGGCGTTCACGATCACGTGGCCAACTTCGCCCGCGCCGCCGTCCGCGCCTTCCAGCAGCTTGCCGTCGATGATGATGCCGCCGCCGATGCCGGTGCCCAGGGTGATCATGATCAGGTGGCGAACGCCGCGACCCGCGCCGAAGGCGTATTCGCCCAGAGCGGCGAGGTTCGCGTCATTGCCCAGGAAGACCGGCAGGCCCAGCGCTTCCTGCACTGGAGCGGCGATCTGCACGCCTTTCCACTGATCCTTGAAGTTCGGCGCCCATAGCACCATCCCTTCCTTCGCCTTCACATGGCCGGGCACGGCGACGCCGACGCCCAGCACCTGATCGCGCGAAATGCCCGCTTTCTCGATAGCGTTCTCCGCCGCGAGCACGATCTGGGCGCACGTCTGCGCCACGCCGTCCATGGCGTACGAAGGCAGATTATCCCCGCGACCCACAACCTCTTCCGTCTCACGCTTGATCACCGCCGCGCGGACATTCGTCCCGCCCAGATCCACACCTATCACATAAGGCTTTTCAGCCGCAGATATCGCCATTTCGCACATGTCTCCTAGTAACATCGGGGAAATTTTGACTTCAGTATGGCTGTCTCTGGCGGCTATGTCAAGCGCCTCGGGCGAAAATGCGCAAGGGCAATCACCGGACGCCTATCGGTATTCGAGACGCTTGCCTGGCGGCGTGAAGTTCTTCATGAAATCGTCTTTGCTGGCAGGGACAAATACATTCCCGCCGCCACAATCGCGCTCACGAGCGCCCAGAGAGCGAGAGATTTCCCGAGCAGAAGAAAACGCTTTTTCGAACGCAGCGTTTCGCCGTTGACGAAAATGTAAAACGAAGCGGCAAAAAAGGCTGGCGGAATAAGTGACATCAGTATCCACGATACGAGAGCAACAAAAGTGCTGTTTGTGAGGAAATATCCCGTCGCAAGATTAATCGTTTCCGCAACGACCCCTGGGACGCAGATACAAGCGGCGATCGACAGCAGAGCGCTGGCGAGCGCCCCGTCCAGCAGCAGCGAAACCGTGAGCGATACCGCGAAGCATCCGATCGCAATGAGAACAGGCGAACCCAAGCTGGTCCAAAAGGTACTGGGATCGTGGAGCGCCCCTAACACTGTATGCAGTTGCGCCGCCCCGTTCTCGTGGGCGAGCGAGGTGATTGCGGAGACGGATAGCACGCCAAAGAACGTTGTGAAAACGCCGGTAAGTCCCGCGATGACTTTGGAAAGCCAGATCGTATTTCTTCGAACCGGGAGCATCGTGAGGAACGAAAGCGTTCCAGAACCGATTTCCCCGCAGAAGAGGCTGGACCCACACAGGGCGCTGGAGATGAAACAGCAGACCATCCCCATTCCCAGCAGCGCATTCACGCTGAATGGGAGAAACTCTGGATGTGCGCCGCGTCGTTCCTGAAAATCCCAAAGCGCCCAGCAGATATTTGCCAGGATGAACAAAATCGTCATTCCCAAAGGAATGATTCTGATTTCTCGTAATTCTTTCCGGATCAGCGTGTTCATGCGCGTCCTTCCTCCTTCGCCACCAGGGCGACAAAAATCTCTTCCAGGCTGAGATCGACTGCTTCTTTGACCGAGCCGCTGAAGAAGGTTTTCGGCGGCGTCATCTCATCGTAGTCCTGAACCGTGATCAGCCATTCACGGCCGGCGCTGCGCGCCGTCAAGACATTCGGCGACTGGCGCAGCGTCGCCTCTTCTTCGTCCATTCCCGCGACGCGCAGCATCTTCACGGACCCTTTGATCGAATCAACGGGAGCTTGAAGCAGAAGACGGCCGTTGTGCAGGATGCCGACCCAGTCACAGAACCGTTCGATCTCGTGGATCTGATGGCTGGCGAAAAACACCG
NZ_AP025739.1_gap110	4184943	4188114	3171	CGTAGTATCGCCGGTCCGAGTCGTAGGAGAACTGCTTCTTGAGCCGGTCCGGCAGGGCGTCGTATACCCGTTTCGAGACTCCGGTTTCCTTCCCCTCGCACTTCTCCTCCATGGAAGCTGCGGAGTCGACGGGCTCCCCGAGACAAATCCGGTCGCGGTGGCCGCGGGTGCCGAGCTTTGTGATCAGTGTCGTCCCCTGGTCGACGCCAGCAGCCAGGTTCAGTTTCTTCTTAACGTTTGGCAAGCAGTCCTTGAGAGATCGCTCCATGGATGCCTGTAGCCCTGCAGCCGTGTCCGTCGCCTCGGTTGCGACCCCGGTTTCGTCATCCTTGGGCAAGTGAATGATGCCCTGCACGCGGTCCCCTTGGAACTGGATTCGGATCCCGTTGAAGTCTCTCCGGACGACTGCCGCCATTTCCTTGCGTATGACGTGGAACTCGCGTAGACGTTCCTTTTTGGCTTCGTCGGTGGTCGCCGCGTCGATGTACGCCGTGAATCCGGTGACGTCGCCGTAGACCGAAGCCGCCATGACGCGTTTGTTCTTGCGTATGCTCAAGTCGTCCACGTCGATCAACTGGTTTGCGGAACTATACTCCACTACGGTAAGGGGGAAGCTTTCCTTGTCGGCCTCGACTCGCTTCTTGCTTGCTTCCCGGTCCCAGCCGATCCCGTGCGACTTTGTCAGCGCGTCGAGCTTCGCCTGTGAGATGTGCTGCACCTGATAAATGTCATCCTTGTCTGTGACCTCATCGCAGATCCCCTGGATATCATCCGGCAATTCGTCGTATACTCGCTTCGTTAGCCGGAGCTGACCGTGTGAATTGATGATCTTCGCCGCGTGATTGGCCGGCGCGCCGAGAAACAGCAGCTCCCGGTCCTTCGCTTCTCCGTTACGGGTCCCGATCGCATTACCGATGTCCGCACCGCCGGCGATGCGGAAGTTGTCATAGTCAGGGAACGCCGGGTTGAAGACCGACGAGACGAAGTCCTTCACAACAAGCTCCAGAAGAATGGCGTGCGCGGAGATCTTCTCGGCGTTGTCGATGGGACGGTATATGAGCGCGTGCGCCTTCGGGCCCTGAAAATGCACCCGTACCGCATTGAATATTGCCTCGTCCTGGATGATGCGGCCGACTTCCCGCTGGTAGATGTGCACCGCTCGGATAAAGCCCTTGTACCGGTCGCTATCGTCGATCTCTTCCGAAGCCAGCTTGGCGAAGTTGGAAACGTGGAGGTATACGTGCGACCCGTAGATCTCACGGCAGCAGGTCTCGGTAAGGAGATCGTCCAGCTTTGCCTCGCGGACGAGTTTCTTGACCTCGATGTCCCCCATGGAGTCGAGGTGTTGTTGGATGCGCTTCTTGCTAGTTTCGTAGTCCCAGGCCATGTTGCCCCTCCTCAGTTGGTCTTTGCCGCAGTCCAGGTGTATAGAGTCTGCTGCGGCGCCCCGGCGATTTCAACACTTTGGTGTCGCTCGAGATCTGATTGCTCGCTACCGGTCAGCCGCCCGTAGAACTCTTCGCCGACGGTGATCGTAGCGCCAAGCTTCTTACACTGGGTTTCAAAACGGGAGGCTAGATTGACTGGCGCTCCGAGGACCGTAAACTGCCTCTTGCCATCTCCGCCGACGTTGCCGATAAAGACGCGGCCCGCATTTAGTCCGACGCCGATCGAAATCGGCTTCCCGCCAAAACTCAGCGCCTGGGCTGCAGCCACCATAGACTTAGCGCAGTTCAAGGCAAGAGATGCGGGCTCCCCGTCAGCGGGCGCATAGCCCCAAATCGCCATAACGGCGTCGCCGACAAACTTGTCGACCATTCCCTCGTGGTCGTGGATTATCCCGACCATCGTATCGAGATAGCGGCTAAGCTGAGAAGCAACATCCGCTGGATCCAATTCCCCGGAGAGATCGGTGAACGACCGTATGTCAGAGAAGAGAACTATCGCGTCGATGTATCGCGGCTCTCCATATCTCAGCCCGGTCGCCATTAACCTGTTGAGGACCGGCTGCGAAACGTGCGAGCGGAACTCGGCGAAAAGCAGGTCTTCCTTCTTGTAGCGGTAAGCACGTTCCGCCGTCGCCTCCGCCAGCTTTCTTGAAACCTCCTGCAAGAGGCCCCGCAGGAACGAGGGATCCTGCAGGAAGGTGCTTGCCAGCGCTCGCGGGATCTGGAAAAGCTGCACGGCCCCTTGGGCCGTGCCCGTCGCGGAGCGCGGACAGTCATCGATTATCGCCTGTTCCCCAACCACTTCGAACGCTTGTCGAGTCGCCATGTGAGAACCGTCCCGAGTGATTCGGACTTGGCCATGCAAAATTATATAGAGAAAACGAGCTTCCTCTCCCTCATGGAATATGATTTCGCCGTCTCGATACTCGCACAGGAAATCGGGCGTAATCGCATCCTTGAGATTGTTGGGCAGGCTGGAAAGCACTGGCACTATACCGATAGACTCGGTCCAGCGTTTCGGATCATCTGTTTCTTTGATGGCCATGTAAGGGCTCCTCAGTGTGGCATCGCGCTCACCGCGTTCACACAAGGCTGTGAACGCGTGCGCTAAAAAATTAGATAATCGCAGAGAATACGTACTGACGCCCGCCTGCTTCGACTGGGATATTGCTTACCCGCGCCATGATACCCATGTCCGTCAGTCGGGAGAGACGGTTGCTGCTTGCTGTTATGCTGAGATTTCCGTCGATTGAAAGGTCGCGCGCAGTAAGCTTGCCTTTCGTCCGCGCCAGATTGAACGTATCTAACGTCTCCTCGTTAACCCTCCCCAGCAACTCAACGTCCCCGTTTGTCCTCTGATGAACCGCGACGAGCTGCCGTAGGGTCAGGGCAGCCTGAATATTCTCTCTTACAAGGTCGGAGAGGTGATAAAGCACCACGAACTTACCGACGAGGTCACCGCCTGCTATACGTTTAACGAGCTTGGCGACGAATTCGTCACTGAAGGAATAGTCGACAAACCGTACGCCTTCAAAATCAAGCGGAAGTACGGAGTTGGCCGGCAACTCCTCAATATGCTCAGTAACGATTTCCCTTATCGCCTTGCCGGGACTTCTACCGTGCAATATCTCGTCAGGAAACGGAATGGCGTACGGTGGCAACCGCAGTATCATAGCGCCTCCACAGCGCTCTGTGAGCGCGATGAATCAAGTATACCCGTATA
NZ_AP025739.1_gap111	4197877	4202207	4330	CCCGCAGGTACGTGTACTACCACTGCACGAACAGCAAGGGCGGCTGCCGGAAGGTCAGCATTACTGAGCCCGAGATCGAACGGCAGATCGGCGACCTACTCGGCCGGGTCGAACTCAGCGAGGAGTTCAGGCAGTGGTGCCTGCGTCCAGCGAAGACATGGTTCGACCAGGAGAACGGGCGTGACTGTGCGTCACTCGATTCCCTACAGAAAGAACTTATGCTCGCCGAGCGGCGGAAGAGCGGGCTGATGTCGGATCGTCTGTTCAACCCGGATATCTACACCGCAGAAGAGTTCAAGTCGCAGAAGGAGATGCTGGACGGCGAGATCAACCAGCTGAAGTCCAGCATACGGCAGGCGGAGCAGAAGCTGGAAGAAGATCGAAAGACTATTGAGAACATCCTCGACTTCGCAGTCAACGCGCCGCGATGCTTTGCAACTGGAGATACGAAGACGCGCAAGCAGATCGCGATGCAGATGGGGGCAAAGTACCTTCTCACTCTGGGAAAGCTCGAAATAGTACCCCATCCTCTGCTCGTCCCCATCTTAACCTTCAAACCTCTCGAAAATGGCTCTGATAAATATAAAAGTGATGGTTTGAGGGACGTTGATCCCTCTTGGAGCACCATTCGAGATGCTATTCTCACTCTGGTGAGGAATGGGGAGTACTCATTTCCCAGGTTAAGTCCCGCATCGTGTGGGAGTGGTTTGACGGAGCCATAGTTAGTTGATGCTCATATCCTCGGTTTGTGGATACTTAGATAAGCTGCAACGGCAGGCATAAGCGTAAAGTTCTAGAATAAAGCTGTCGCCAGCTCTATCTGCTGGTGGTCCCTTCGTGGCGTGAGAGGCGGTTGGAGCTATCGGCGGGTAACCAAAAGGTGTTATGTTTCGCCGCTGGAGCGAAGCGCCGCCACTCGCGCCCTCGATAACGACATAACAGTATCGAGTGAAGAGCGTTGTGTTCCTGCTCTGCGATTATGTCCGCTAAGTGTTCTGCGACTTTGTCCACTTTGTGCTAGGGAGCCGCCGCATGAAGCCATGCCCTTCTTCTGGCGGCGGCGGTTGGATCGCAGGGCTGAGATTTCGGAGTTTCAGACAGAGATTTCGGAGTTTCAGGTGAGGATTGTTCGGGCTTTGCCTTCGCAGGCGCGACGGACGCAAGGCGATATTCGAGCCGCTTCTTCCCATCGTAGAGGTGAAGCTGGCCTTCGGGATTTACTCGAACGCTTACTTTTTGACCCGCCAGCGAGCGGCTGCGTGAGGCGGCGGTAATTTGGTAGACTTTGCCCTCAAAACTCACCGTGTGGTCCGCTTTGACAGTGCGAGTTTCCTGCATGCTGAAATAGTAGTCCAGATCAAAACTCGGCTCTAACGCAATGAAAGCCGAGTGGGGATCGGCCGCTTCGATGCCGAACTGAGCATTGTGTTTCGCGATGAACGCAGGCAAAAATGCATTCGCCTCCTCCATGGTCGAGATGCCGGCCAAACGCATTTCTTTCCAAACGCATTTCTTTGACGAGCCGATCTTGGAACGTACTCCAAAGCCGCTCGATCCGCCCTTTGGCTTGTGGAGAGTGGGCGGCGATGCTCTCAATGCCCAGATCATGGAGCACCTTCTGGACGTGGCTCATGGGGATTTGCCCAGCCAGTTCGTCCTCGATTGTGGCCTTCTTGGGCGATCTCAAGATCGTGTGCTTGTCATGGTAGTAGCTTGCGGGCAAGCCATACGCGATAGCGATTTCGCGGAACAGAAACAAATAGCCAGCGGCATCTTCGTTCGGGCGAAAATGGGCATGCAGGACATGGTTGTCGGCGTCATCGATTGCGCCCATCAAACACAGGCGATGCCCACGTCCTTCGAGCCAATCGTGCGGGGAACCGTCGATCTGCACCATCATGCCCGAAGCGGCTTTGCGCAAACGTCGGCGACGCACAACGCCGCGCGCAGGCTTTGCTTCTTTAGCCTGTGGGAGGGCTTTGGGATGAAGAAGCTTGTGCAAGGTGGAGCGGCCGATCTGGATGCCATCGTTGACGGCCAGCAAGTCACGCGTGTGGCAAACATTGAACCCATGGTAGGGTCCGCCGGTGCTGGTGAGAGCAAGGATCCGTGTCCGTATGTCTGGGTCGAGGATATTGTGTGGTTTTCGGCGGCGTTTGCCGTGTGGGATCGCATTTACTCCGTCCGCCAGGAAGCGTTTGAGCTTACGCCGTACTTGGCGCGACGAGAGCCCAAGAAGTTCTGTGGTTCGCTCCACGGTGATCTGGTGAGCTGCCAGCCGAGTAAGCAGATCGATGGTTCTTTGTTCCGAGGCAGTCAACGTCAATATCTCCATTCCTTAAGGTTCGACGAGGACACAATCGCAGAACACTTAAGGAGGACATATTCGCGGAACAGTAACACATAACAGTATCGAGTGAAGAGCGTTGTTGACTCTGCCGCCCGTCCCTGCTAGATTCGCCGTGGTCTTCCAATTTCTAACGTCAATCCATGTTTCAGCCATCATCCATTGATGAACCCTTTGTTCTTGCAGTCTCTGTAACCGAGGTGAAGCGCTCTCAGGACCGGAGCGAGGAGCTCTTCGGCGTCAAGCCGGAGCTGCGCCTCATCCGTGAGATGTACGATTGCGCGAAAGGCATAGCGGGCCTGAAACGCCTCAGTGGGATAACGCACAATATTGATGAGGTGCTTGCTGGCGCAACTGACAAAGATCCCTATATCCGGATAGAAGCACCTGGCGGTCAAATCACAATTGCGACGCGGTTCATCCCCGGTCCTCGACCTCACTACGATCTGCAAATATCGGGTTTAGCCTCGCTACGGATGTTCGTGACCTCAGAACAGTTCGAGCTAGGGTTGCAGGCAGTGTTTGACCAGATTGTCGTCCTGTTGGAGATGCAAGATATGCGGCAGTAGGGACAGGACATGAAAGCTCTGAAAGTCCAAGTTATGTCGCTTCGGTAGCAATGCCTATTCGTCATTGTTTCATTTGGGATTCGCGACGGTGCGAGATACGAACGAAGCTGTACATATATGAGATGTTGTTCCCTGAGCTTGGGTTTCTTGCTGAGGAGGAAGGCTTGGCCACTTCCGTTGAGGCTTCGTTCTCAAAGAAGTGTAAAATAGACCCCCAAGGATAGTTCTGAGCCTCCATCTGAACGGGGTGGCGGCAAATGGATAAAGTCTAGATAATCGATGAGACACGCATCTACTCGCAAAGGTTACAGTCAATTTCAAACGCCGTTCTGCAAATAGCCGTCTCATTGACACTCTGTTTCCGTCATGGTATCGTATCAGTAACTGCGTGCAGATACATGCAGGAACGCAAATCCAAAAGGAGAACCATGGGAATGTCACTTCTCATCAACGCCCCCGCCGTCGAGCAGCGCCTAGCGCAGGAAGCTCAGCGCCACGGCGTCCCGGCCGAGGATTACGCCGTACATATCCTATCGACGCATCTGGAGCCGCTGAACGGCGCTGTCGCTCTACTTCAGCCGTACCATGCGACAGCGACGGCGGAGGAATGGACTCAGAAGTTTGATGAGTGGGTCGAGGGCCATCCGCAGCACGAAGCGTTGCCCGAGGGCGCTTTTGACCGCGCGTCCTTCTACGAAGGGCGGTCATAATGCCTTACTGTTTGGACACGAATGTCCTCCTGCGGTGGACCGAGCCGGGTACGCCGATGTGCGAGCAGGCGCGCGTTGCCGTGAAGGCGCTAAGAGCCCAGGGCGAGGCAGTCTCGATCCTGCCTCAGAACATCGTCGAGTTCTGGGCGGCCGCGACGCGCCCTCCCTCCGCCAACGGCCTGGGGCTGACGCCCGCGCAGGCCGACGCTGAGATCGGCAAGCTCGAAGCGCTCTTTCCGCTGCTTGCCGACACCCCGATGATTCACCCGGAATGGCGCAGACTCGTGGTTTCCTGCGGCGTCAGCGGCATCCAGGCGCACGACGCCCGGATCGCGGCCGCGCTCCGAACCCACGGCGTGACGCATCTGCTAACATTCAACGTCCGCGACTTCAAGCGCTACGGCGTCAGCGCCGTTCTTCCCCTGGACGTTCCGATCGCTCCCTGATCGGCCGATCCTCCATCCAGAAGCCGTCTCCCAGTGAGGCGGTCTTTTGTAGAGCACGTTCATTCGCCTCCTCACGCCGCCGACGCCATCAATTCCGCCGATACGTGAGAGCCCGAAAATATATTGCTCGTAGGGTTGACAATTCCATTTTCCTCCTGGGTATAATCCTGTCGTTGCCGCCTATGGTGGCGACACGCCCGGCTCTCATGCCGAGCATCCAGGCGGAAGCACCGTGCTTCGCCTGACCCGGTGGGCCTC
NZ_AP025739.1_gap112	4204072	4205445	1373	CCACGGATGGATTGGATCCCAAGACTGCGTGATCGATGGGGAAACCGCCTGGCATGGGGATACGCTTATTCGCTGCCGGTCATGGGCGAGGCCAAGATCGCCGATACGGCACGCGAGGCGGCGCTGCTACGCATCGAGCAGGAGCACCCGCTCCTCGCGGGCGACATCCGCGACTGCCACGACCGCGAACTCATGCCAGCCAGGAAAGAGCATGAGAAGGCCATCGCTTACGAGCACAGTGAGCTTGCGCGGCGCAACGCCGAGGCGCGCACGGTTAACGATATGCTGGTAGTGGAGCGAGCGGACTGGGAGGCCCGGCGTGACGCCGCCACCGAACCGCATGTCGCAGATGTCAGGAACATTGAGGATCATCTTCTGCCGACCGCACATGAGACGACGGGGCGCATCGTCGCCGCTGCGGGTGGCTTCTATGATCCGGAAAACCCGTCGGACGCCTGCGTACTCCGGCATGAGCGCCGCCCGCTGGAGACGATTGCGGCTGAGCTGAAGCTGCCGTGGGCTCCGGGAGACTCCGAGGAAACGCGCGCTTCCGTCTGGACCTGGGTCTGTATCTGCGCAACGGGCGTCCTATTGGGGATTGGCCTTGGCCTCGCCGTTCATATGCTCGCCCCCTATACCCTCCTCACTAAGTGGCCGGTCACGCTTGGCTGCGCGGCGGTGGGTATTCCGCTCGCTTACGCCATGAAGCAGGCGATCTGCGGCGCCTGGAGGCATGCCGGCCAGAACTACTATTCGCGGCAGCCAGGAACCAAATGGGGATTGTTCCTCGCCGGGGCATTCCTGCGAACGGCGCTCATCATCACGGCGGAAGTGTGCATGGAGCGCCAGGGCCTGCTGGGAGTAATGAATCGGAACGCATCGGCAGCGGCCCTGTCCTCTGGAACTGCCGGAATCTCGGTCATGGATCAGCTTGTGTCGTGGATCATCCCGCTGGTCATCTCCACGCCGCTGCTCTTCTGGGCCAAGGATCAGGGTTACCTCAAAGGGCGCCGCCATGAAGTCGACTGCCGGCTGCGTGAGCGGCAGGAGGAGGTATGGCGCGAGGAGGATGCCGAGCGCCGGTCTGATCCCCGCGTTATCGCCGCTCTGGAAGCAATCTCGCACGTCCGTATGCTGATTGGACGGCGCGCCGCCCTGCAGGGACGAATCGCAGAGATCACGGCGCCATTTGAGAACCGGATCGCTGAGATCCTGGCGCGCCGCCTGGCGACGTCGGAGGAACTGTCTCTGGATGCGAAGCACCGGATCCAGGAGATCGGAGACAACGTGTTAGGCGCGCAGGAAAAGTTCAATAACCTCTGGGAGCAGGCGCGCTGGGAAGTGGAGCCGTCAGGCTCCTGCTGGGCCCGTTT
NZ_AP025739.1_gap113	4209219	4212837	3618	GTAACTATGAGGCGCGGATTTGCCAGGGGTACCTGGATCGGCTGGACACCCAGCACGCACCGCTCTCCTGCCATCGCATTCGTGAGTGGCTTGAAGAAGAAGGGGAGATGGACCTCTGTACCTGCCCCAAGAGCCGCAAAGCGCCTCTGGACTGCGTAGCCGAGGCGCCGACCGCAAAGCCGCTTGGCGGGACTGCCCGGACAAAGAAGCCGCGCCCTTCCGCGCCTGTATTGCCTTCAGAGGCTGATCCGGAATTGCGAGACGCTTGGAGCGATGTCGAATCGGACCTGTTCTCGCAGCGTCTGGAAGTTTTGGGTGAGGATGTGGAGGAGATTAGGGAAGAGCAATGATCACGCTTTACGTTCGAGAGCAAGGGGCGGGCATACGGCGAAGCGGGCAGAGGCTGATCGTTTACAAGGGACAGCAGGCGCTCCAGACCACCCGGCTGCGTGATTTGGAGCGCCTGGTCCTCTTCGGCAATGTTGATCTGACTGCGTCCGCGTGTGCATCGCTGCTGGAAATGGGCGTCGAGACGGTCCTGCTGTCTTACGGCGGCAAGTTTCGCGGGCGTCTCACTCCTCCCGACGCCAAGAACGTATTTCTGCGGCAGACGCAGTTTCGCCGTTACGAAGACATGGAGTTCCGGCTGCGCATCGCCCGCGCGATCGTCGCGGGCAAGGTGCGGAACGCACGGTCTGTTCTCCAGCAGTATGTATGGAATCATCCCGCCCCATCCTTGACAGCTGCAATAGATCGGCTCCAGGCGACAAGAGAAAGGATAGGGAGACACGCGAGCCTGGACGCGCTGCTCGGAGCGGAGGGAGAAGCAGCGAGCGTATACTTCGCCGCCTTTGGAACGATGCTGCGCACCGGCTTTGCCTTCACCACACGGACGCGCCGCCCGCCGCGCGACCCGGTCAACGCGGTGCTGAGCTTCGCGTACACGCTCCTGAGCACGGAGATGGCGGGCGCTCTGGCGTCGCAGGGCCTCGATCCGCACGTCGGGATCCTGCACGATCTCGATTATGGCCGCCCGTCTTTGGCGCTCGATCTCCTGGAGGAATTCCGCCAGCCTGTCGCGGACCGGCTGGCGCTAAGCCTGTTCAACCGGGGAGTGCTGGCCAACGGCCATTTCGACGACCGAGGAGAAGCCGGCGTGCTGCTGAATGATGCGGGACGCTCTCGCTTTCTTGAATTTTACCACCGGACTTTAGAAACCGAGTTTCAGTTTAGCGGAGGCAAGACCTGCTATCGTGAGATTTTCCGTTTTCAGGCTCGACGAATGCGAATTGCTCTTGAGAACGAGACTGATTATATCACTTATGCTGCACGTTAAAAGAGGATGTCGTCATGTCCACTAGTGTTCGAAGCCGTTATCTAATCGCTTATGATATTACGGATGACGCAAAGCGCACAAAACTTTCAAAGATGTTGCAGGATTACGGCGATCGAGTGCAGAAAAGCGTGTTCGAAGCGGACCTTACTTCCCAGGATATTCAGGCAGTAATGCGAAAGGCGGCCGTTTATGTCGGCAAGGAAGATAGCCTACGAATCTACCCGATGTGCGCGAACTGCAGAAAGGGCGTCCATTCATTAGGACAGCCCCTATCCAGTCCAACGGCGACTTTCTGTATTGTCTGAGAGGCCGTGAATTAGGAACGTATTACTGGCGCCCTAACCTCAAAAAATCCAAATAAGCTGTTTGGCTAGGGCAGCACCCTTGAGAGTAATAACGGGATGAAAATTATGAAAAAACGGCGAATCAACCTTTCGGCTTCTTTTGATGAATCGGTTAGGGCAATTCAGAAGGAAAAATGAGAAGCAGGGGACAGAATGATAGAGGATGCCGTTCTGGCATTGAAACGATCTCATATCGGATTTCTTCCAGTTTTTCCTTGTCTTGACAGAATGATAGAGGATGCCGTTCTGGCATTGAAACGTTCAGGCGATTCTTGATGATACCGAGAGTGACCGTGACAGAATGATAGAGGATGCCGTTCTGGCATTGAAACGCTTGCTCAAGGAATGCTCCTTATACGCAGACGCCGGGACAGAATGATAGAGGATGCCGTTCTGGCATTGAAACGTCTCAAGAGGCTTTTGTTGATCAATCAACCCATAATCGACAGAATGATAGAGGATGCCGTTCTGGCATTGAAACGGCGTAGTGAGACGATCCGGCCATGTAGTCAACGGCTCGACAGAATGATAGAGGATGCCGTTCTGGCATTGAAACTCGGAGAAAACGGTCATCAGTCAGCTTGTAATGCCTAGGACAGAATGATAGAAGATGCCGTTCCGGCATTGAAACGGGCTGAAAGTCGGTCCAATACGATAGTGCGACGCCCAGGACAGAATGATAGAGGATTGATCGTTACTACTCTGTGCATCAGCAGTAACGATTTCCTCGAAAATAATCGCTTAGATTTGTATCGACTGTCCCATCTCTGTGAATCAACAAAGTTGAAGCGGCCATTTTGAATTAATCCTAAGTTGACCTGTGTCTGTATGGACACTTCAGTGTGATTATCATTAGTCTAAGTCTCCAGTTTGTGGTTAGTGCAATGAAGGGTTAAATATGCGAACTTTTCAAACAATTATTATTTTAGTAGGTGAGAATCCTTTGCCCGCATATTATGGCGTGTTAAATTTCGCCACATCTGACGCTCACGTATTGCTCTTGCACTCCGAGAAGACCTTCTCTTTTGCGGATCATATTAAATCGATTATTCATCGGGATAATGATGAACTCAGACTGCAACGTAAACCGGAACTGCTTTCTCCACTCAAGAATCCATTTGATCCTCAAGAACTCTCTCAAGTAATGTCGGGACTACGTAATACTTATCCTGATGCAGCTCTTAACTACACGGGCGGCACTAAGGTCATGTCTGCGGTCGCATACCATTTTTGGCAAGACAGGCTAGATATGGCCTTCTATTTGGAAGAGGGTGCGGGAGTGTTCCACTTTGCGGACGGCAGAAAAGAGCAACTTGTCGGATTTTCATTGGGTATTCGTGATCTTTGTGATTTGCATGGAGTGGAAATGGCGGGTGGTGTGTCTAAAATCCCATTGTCCTGGGATGATATTTTAGCCATTTGGAAAACATATGACGGCGAGAGACCGTTACCATCCGATAAGATAAATTACGGCTGGTTAAAAGAAAATAAGCAGGAATGGGAAAAATTCTTGTGTGTATTAACTGAACCGAATCAGCGTATTTGGCGGGAGCATCCATTTCCGCAAAGCTCTCACCAATATTATAAACGAAATGGGTTTAAAGACTTACATGAATTAGCGGCAACGAAATGGTTAGAACGACTTGCTTTATATTGCGCGTCTCGCGCCAAGCCGGCGGCTGACGCAGTACCATCGCAGCACTTTAGAATTAACGACACCCAGTTTGAAAGCGATGGAATGTTGGTTCACGACAATCGTCTCTACTATTTTTCAGCAGGCACCACGAAAATTGATGAATATTGCAAAGAAAAAATGTTTGAGGCGGCTTATAGGTCATCTCAGATCGGTGGCGGTCTCGCGCGGAGCGCTGTTGTCTGTCTCGCTGATCGAGATCGTTACAATAACGACATAATTGAAACCTGTCGTCTCACTCTCAA
NZ_AP025739.1_gap114	4226704	4231659	4955	AGCGTTCAATGCCGATAGTGATCTGCTCGCAGTCGGCGCTGCCGATACAAATATCCGGCTCATCAATCTAAAAGACGGAAGCCGTCGCGTCCTCTCCGGCCATTCGGACGCAATCTTGGATGTCGCTTTCTCGCCGACTGGCAGCGAACTTGTGTCTTGCGGACAAGACAAGACGGTCCGGATCTGGAATGTTGCCAATAGTGTCGAACTCCAGTTGATCAACATCGGTGATCGCTCCGTCACTTCGGCGACGTTCACGAACTCTGGCAGTGTGTTCTATTGGGAGGCTCCGTCTTCGGCGGAGCCTGGTCTCAGTACTCTGCGCGTGGTCGATCAGCAAAATCCACGGTTCGGATATACGCTTCGTTATGGCGAAGCCATCAATCAAGTTGTGATGAGCCCCGATGGGAACTCAATTGCTATCGCCGGAACACAACGCGATTCGTCCGGGCATCAGCATGCATTTGTGGCGGTAACTAACATGGCAATACACGCCCAATATCTTATCAGACCGGCGGGTGACAGATCGATCACCGCCGCCGCCTATTCGCCCACCGGGGATACCTTTGCGGCGGCGTGTCTCGATGGCTACGCTCGGGTCTGGGATACCTCTTCTTGGACCGAGCTAGCGTCGATCAAACATCCCTCTCCGGTCGTTACTGTTTTATACCTCTCCGACACGCAGTTGCTGTCTGGGGACAGACTGGATGGAAAACAAGCAAGGTTAACTTTGGCTGATCCTCATGGACATTCTTCCATCAATATCCCCTATGATCAAGGTTCCGTCTTCTCCACAGCATTAGACGTCAAACATAGTTTTCTTGCACTTGGCGGCGGCGACAATCGTGTCCTCGTCCTCTCCGCTCAATCACTTCCCGAGCGCAAAATCGTTTTCGAAAAAAAGAAGCTGAATACATCCATTTGGGCTGTCGGCTTTGTCGAGTCGTTAGGAAAATTACTCGTCGGAGACGGTTCCGTCATTCGAGTCTATGATCTCCTCACGAAGCATAGTGACAAAGAGTTGCCAAGCCAATGCGGAGACGTCTACAGCTTTGCCACCATGCCGAACTCGAATCTTGCGGCGGCAGCTGGTTCAGGCGGCTCCATTGATGTGTGGGATATGACGAAAGAGTGTGTAATTCTGAGCTTTCATGATCACACCGGACCGATTTGGCGTGTGGCATGGGACAGCTCCGGCCGCTGGCTCGCATCCGCTTCAATGGATGGTTCCGTTCGGGTTCGCGACATGCAAAGCATCCGCGAATTAACTCATATGAACGTCGATCAACTGCTGCACGCCTTAGTGGAGGACAATCCCCAGATGCAATGATCTAACAAACGCGATGTGCAAGTTTTCTTTCACGCTTGCACCAGATATTCGAATTGCAGCGGGGGCTGCCGCACGTTGATAATGATCGCCAGCGTGTGCGCCAGCTTCGGCTGGTCAAATGTCACAAATCCCGGGTGCGCACGCAGTTGATGTAAAATCGATCCGTCAACTGAGCGAAAACGCTATCGATCAAATAGCGCGCATCACTGTAGCGCCATTTCTTGCCCTGAGCCATGTCGGGATCGCGTTTGGCATGGCGAGCTGTCTGGATCAACCCGCCCAAAATTAATATAATGGTCCCATAAATTCGGACAGTAAATCGGGCACAATTAAGGTGGATTCACCACCATGCCCAACACCCGAAAACAGTACTCTGCTGCCTTCAAAGCCCAGGTCGTTTTGGAGGCGCTTAAAGAGACCAAGACCGTTGCCCAGCTTGCTTCAGAGCACCAGATTCATCCGAACCTGCTGACCAAGTGGAAGCAGGAAGCCATCGCGGATTTGGCTCTCGTCTTTGAGCGAAAGAACTCGCAGGCCAAAGCTCAAGAAGCCCAGAAGCAGAAAGTCGAACAGCTTTACCAGGAGATCGGTCGCCTCACGACGCAGGTAAACTGGCTGAAAAAAAAATCTGGTCTCGAACCTGACGCTTAACGAGCGCCTGGCCCTGGTCGAACGCGAAGAACGCCATTCGATGCCGCTGCTCTGGCAGGCCGATCTGCTGTCCGTGGCGCGCAGCAGTTTGTATTATGAGCCACGTCCCGCAAGGGAGGCGGAGATCGCGATCAAGCATCGCTTGGACGAATGGTACACCCATCGTCCCAGCCTTGGAACACGCAAACTGGTGACGCTTTTGGCGCAGGAAGGCATCATCGTCGGACGGCATACGATCCGTCGCTACCGTGTGGAAATGGGCCTCTTTACTCTGTATTCCGCTCCGAACCTGTCGAAGCCCAGTGGCCCTGACCACAAGGTCTATCCGTATTTGCTGCGCGGCTTGTGTATTGATCGGCCCAATCAGGTCTGGGGCGTAGATATCACCTATATTCGGCTGCGCGGCGGCTTCCTTTATCTGGTGGCGTTCCTCGATTGGTTTTCCAGGCTGGTCGTTTCCTGGGAATTATCGGAGACACTGGAAATTCCATTTGTCCTGAGCTGCACCGCCGCGTCATTAAAGAACGCAGTTCCTGAGATCGTCAATTCGGATCAGGGCAGCCATTTTACAAGCGAGCAGTTCACGAGCCAATTTTTGACGGCGGGAGCGCGCGTCTCCATGGACGGGCGAGGACGCTATGTGAATAACATTTTCACAGAGCGTCTGTGGCGCAGCGTCAAACAAGAAGAAGTGTATTTGGCCCATTACGAAACGCCGCGCGAGGCGCGCCAAGGTCTTGCGTCTTATTTGAAGTTCTACAACGAGGTTCGACCACATCAGTCGTTGGGTAATTTGACGCCTGCGATTGTCCATGCCGAACCGCACCGATTGCTACGAAAATAACCAACACAGAAAAGGAGGCAGTCCACCTTAAAAGAGGCCGTCTGACTGTCTTGACAAATGGGACCACCTTATTATTTGATGTTCCCAGCGTATTGAGAAATCCGTTAATCAGGATCATAAAAGGCGTGTACGGGGTATAATTCTTGTGTCCGCTCTGACTGCCAATTTTTACTCTGTTGAGAGTAAACCGCACAAAAACAGGCGGCGTCAGCCCGCAAAAAGCAGGCGGAACAACTCGGCTATCAGAGTGCAGTTGCTCATTTATACGAGTGTCTGCTACTCTAAAACTCCTAATCAACCGAAAAAAGACCGAACTTGAAGCAAGCACTGCGTTGAATTTGTCACTCCAGAACTCCAACACAATTAACTGTCTCACCCACATAAGAATCGACAGCTAATTTATAATTGAGCGATCTGTAATAACTACTCCACAGAAAAGCCTTCAGCGAAAATATTTCGCTGAGAGCCCCGAATACCATCGATTCATGCAGATCTGTGGCCTAGTATTTCTCGTGTGGCGGCGGATGCAGGAGTTATCGCGAGTCGTTTTCCGATCCTGAAGCTGGATAGTGTTATTCTGTCATCGAACGGAATGCGCGGCCTGCAAAAACTCTAATGGTTAATATTTAGAACCGGATGCTCAAACGGAGCCGTTTCGCATCAATCGAATCCACGGATAGCAGATGGCGCCCGGAACTGATCCGGGCGCCACTAACTCCCTAGAACTCATGCGTCCCTGGCGCTCGCGCGTCAGAGCCGGCGGGCCGGCCAGGCTTTGAATGGCAGGACCGGTGGCCCAGGATGGAAGACCACCCGGGTTAGCGCCGATGGGTTCAGGATTGATACTCCGACACCCTCGCGCTGCGCGTGTAGGCCACCCGCCCCGAACAGAGACTGGAGATAGGGGCCGAAGTCCGCCCGCATCATCAGGCGCGACTCGACCTCCACTTCCCAGAACACGCGATGGCCCGAGGCGGTCCACAACTCGGTATAGCCGACCTGTGTTATCCCCGGTTTGTCTCCTGCCTCCTGGCGGTTGGCGGTTGCCTGATCGGGGTCGTAGGCGGCCCGAAACCTCTCCTCCGTGAGTTCCCTGACGGCGGTTGCCCCACCGAGGTAGGGCCAGGAAGGCAACTGCGCGGCGATCAGGTCGACTCTCTCGATGCGGGCCGTTGCAAAGGCGCTCAGAGCACCATCTCCGCCCAAAACGAAATGGGGGACGGTGAATAGCTTGCTGGGCGTCAAAGAGTCGAGGATCTGCCGGACGAGAGCGGGATCATCCTGAGCGAAGCGGGCGATGGTTCCGTCGGTCTGAGTGAGCTGGATCTCCAGCAAAGGAGTAGGGGAGAAAGCGAGTTCGGTCGTCAAGGTAGATTCCTCCATTCGAGTGTAGGCGCGATAGGCAGAAAGTCATCGCGCGCGTAGGTTGTCGAAAAATTGCATCCCGCCGTCTAAGTCTTAATGATCGAAGCGTATCAGGACACCTTATTACTGAGTGACGCATCCGCAGATGATGGTCTTCAGGGACAATGACGTACCAGAGGGGCCAAGCCCTGATGCATCCACGGATTGGCTTGATATTCCTCCTCTCGATATGTCCTTCTTTGAAATGTCCTCGTTTATTCTTCCCACTCTCTGTCTATCTCGATGCTTGTCGATGCCTCGTCCTTCAACGAATCATCAATGCACTGCCGGTGATGACTTCGGGGTTATAATTGGTGCTGCTGAAGGTACTCACGGTACAGTTCGCATCGAAAGGCGGGGCGGCCTCCGGGGGGTTGGCGGACGATCCCGGCGGCCAGCAGCCGGTAGAACGCGTCCTGATCTGTCGGCGCCGAGTCCGCCAGCAACGCGCGGATGTACTCGGCGACGTGCGGCAGGCTGGAGACCGAGATCAGGAGGCGCTTCAGATGGTCCGAGAAGGGGCCGTCGTCGCGTGTGGCCTGGGACAGCAGGGTCGCGAAGTCCATCTTGCCGCCTGCCAGCGCATCTAGGGCGCGTCGCGTCAGGAACGGCTGGCCGCCAATCAGCCCGTGCAGGCGCTCCACGTCTCCGTAGCTGCCTAGCGGACCGCCATAGCGTCCGTTCAGGTCCACGGTCTGCTGCAAATTGAAGTCCGCCAACTCCATC
NZ_AP025739.1_gap115	4232884	4237275	4391	CGTACTGGGCCGACAGCAGGACGTGCCCCTCGTCGCCGAAGTCCATGACGCGCTGGGCGGTGTTGATGCCCTCGCCGACCACGTTCTGCCTGCCGGCGATGTCCATCTGCGACTGCACCAGCCCGCTGTGCAGCCCCATCCGCACCCGCGGCGCGTCGGCCCTGGCTAGGGCGCGGGATACGTCCAGTGCGCACCGAGCTGGCGCGATGACGTCTCCAAAGAACAGCAGGGCCATGCCGTCGCCAGTGGGCAACGGCTGCACGCTCCCGGCGGCCTTGGAGGCGTCGAAGGCGGGTGAGGCGTTCACGGCGTCGTTAAGCCGTCCCAGCAGCCGCGCCTGGGCGGACGTGGATTGCTGAGAATAGCCAACGATGTCCAGGAACAGGACGTGGGCGATCTGTGCGGTGCGGGAGGTCTCTTCCATACTTTGCGTCTTTCCCGGATTTGTTTGTCTTGTCCGAGTATTCATTTCCTTTGTGGCGGTTATGTTCAGTCATGCTCTGGATGTTTTGGGCGGCTTTCAGTGAGGCGCCGCGCCGTCATGGATAGTCCTTGAAGTCCGTCTCGAAGATGTCGGTGAGATCCATGGCGTGATCTGAGGATGACGCCATCGGTTTGATGTGGGGCACGGTGGCGACGACAATGTGTCTGTCGTCGGATGAGAAGGTAGCGAAGATGAAATCGTCTGATCTAGGCTTAAGCGTGAGCAGCAAGCGCCCCTGATCGGCATCCCATATCTTGGCTCCGCCATTAACACTCAGGGTAAGAACGCGTTTGCCATCGTGAGAGAAGGCGCCCGACATGATTTGCTTATCTCCCTTGAATGTAAGCAGCAAGCGCCCTTGATCGGCGTCCCACACCTTGGGGATGTTGTCGGCTCCGAAGGTAAGGATGCGGCTGCCGTCGGGGGAGAATCTGATGTAATAGATGATTCTTGTGTCTCCGATGTATCTTGTGTCTCCCTCGATCGCGAACCGCTTGCGTCCCGTCTGTGTGTCCCAAACGGTAAAGACGCCACCGGCTGTGGTGACGACGCGCATGCCGTCGGGGGAGAAGGGGGCGTGACTTAAAAAAGCGATGTTCCCCTGGATCGTGAGCGTCTCTCGCCCTGTCTGAGCGTCCCAGATTTTGACAGTTCCATGCCAACTTGTGGTGATGATGCGGTTTCCGTCGGGCGAGAAAGCGGCGAAGCAACCATTCCCTGCCTCTCCCTTAAGCGTCAACTGCTCGTTTCCCATCCGAGCGTCCCAGACTTTGGTTGCGCCGTTTGTGTTGGCGGTGACAATACGTGTGCTGTCGGGTGAGAAGGCTGAGTAGCAGATAGTCCCTGAGTGTTCTACGAGCGTGAGTAATTTGCGTCCCGTTATGGCGTCCCAGACACTAGCAGCGTTGCCTAATCCGGCAGTGGTGACGATTCGCTTGCCGTCCGGAGAAGAGGCGACGGAAGAAATACCGTTCTTGTCTTCATGGAGCGTCAGCAGTACGCTCCCCGTCTGAACGTTCACTACTTTGAGAGTGGTGCATTTGACAGCTCCATATCCACTGACGACAAAGATACGACGGCCATCGGGAGAGAAGGGAGAGGATGAGGCGCCGCCTGGTTGTCCGTGGATGGTGAGCGCTTCCCCTGTTGCCTGCGCGTTCCAGATCTTGGCGTCGCCATCCTTGCTGGCGGTAACGACCTGTTTTCCGTCAGGCGAGAAGGCGGCGGAGAGGACACTATCTCTATGTCCCTTGATCTTGAATAGTTCGTCTCTTGTCTGAGCGTCCCAGACTTGGGCGGTGTTGTCGTCGTTACCCGTGACGATGCGCCGACCGTCGGGCGAGAAGGCTACAGAAGAGATAGCTGTTTGGCCTTCCTTGAGAGTGAGCAGCTTGCTTCCTGTCCGGACATCCCAAACTTTAACATTATTGTTTTCGAAGGAACCCTCCGAACCTGCAGTGACAATGCGGCTTCCGTCGGGCGAGAAGGCTGCGGATTTGAGCGTGGCGCTGCCTGCCTTGATCGTGAGCGTCTCTCGCCCTGTCTTGACATCCCAGATCTCGAAGGTGACGTCATTACCAATATAGAGGCCATCCGTATCGATGGTTTGGTCATCACTGGCGGTGAGAATGCGGCTTTGGTCGGGGGATAAGGCGGCGAAAGCGAAGCCACTCTTACCTCCCTTGATCGTAAATATCCCTTGTCCTGTCTGAGCATCCCAGATCTTGGCGCCATCCTTACTGGCGGTGAGAACGTGGGTTCCGTCCGAGGAGAAGGCGGCGGAAGTGAAGCCGTTCTTACCACCCTTGATCGTGAGCATTCCGCGCCCTGTCTTCGCGTTCCAGATCTTGGCGTCGCTATGATTACTAGCGGTGAGAATGCGGCTTCCGTCGGAAGAGAAGGCAGCGGATGTGAAGCCGTTCGTTTCTCCTTTGATCGTGAGGATCTCTCTACCTGTCTGAGCGTCCCAGATTTTGGCGGTCTTGTCGTTGCTGGCGGTGAGGATACGATTTCCATCAGGAGAGTAGACGACAGTGTTGACAGGCGCCGTGTGTCCCTTGAGCGTCATCAGGTCGAGATGGCAGAGATGATTCCAGTAGCCCCACTCGAAACCCCGGTCGTGGAAGTACCGTGTCTCCTTGAGCGCATCTACGATCCGTCCAACGTTGTTGTTATCCCATGCCTGCGGAATCAGGGACATGTCCGCCGCGTATAGGCTCCATTCAGCTGCCGACTGGGCCGCCTTCCATTTGGCGGCGTTGGCATTGGCGAGACGGGCATTGGCATTGGCGCGTTGGGCGTTCCGTATGGCGGAGGCAGTCAGCAGAACCATGACAAGCAGTACGCTGGCGGCGACGCCCCCAGCCCGCAATAGGCCTCGCCGGTAGGCCTCGCGCTGGCGCCTCATCTCCGCCCCCGGCGTATGCTCGACGATCCACTCCCGGCTGAACACGTGCTCGTAGATCCGGTTGCGCACGCGCAGCACTCCGCTCTCGGTCCGCGCCACGCCGCTGAGCTTGAGCACGGCGCAGAGCGGGTCCGCCTCGTCGTCGGGGATGCGGCGGCCCCGACGCATCTGACTATACAAATTCAGCAGCCCGGCGAGATCCAATTCCGACTTGAGCAGTCGGTTGCGTACAAATGCCAGGTTGTCGTCGGCTTCCGACGCCGTGCGCGTCAGGAATAGATCCGAGCAGAGTTTATCCACGTCGCCTGGTCTCTGCGCCTTGGCTTCCTGAACAGCGCGGCACAGCCGCTGCGTCAGGTATGGGTGTCCGCCCGTCCAGTACAGCACCCGCGAGAGCAGGGCTGGGCCATTCTTACCGAGCCCGGCAGCCAAAGGGGCGGCCTCTTCCAGGGTGAAGTCTCTGACCTCAATGCGCCTGCCGATGTTGAAAGGACTGGTGCGGGTATCCTGGATCAGATCGGCGGGCGTGGCCGTCCCCAGCAGGCAGACGGTGAGCCGATCCAGCGTCGCATCTGTGGCCCGTCCCACATAGCACTGACGGATGCCGGCAAAGAATTCGTCGGCGCTGAAGGGGAGGCCGCGTGTGACATCGATCTCGTCCACGAAGACCGTCAAGGGAGATTCTGACGCGGTCAGGGCGACGGTCTGGATAGCCCCGAAGAAACGCTGCATCGGCCCGAGGTCGGTGTTCGCTTTCCAAAAGGCGAGCATCTCGGCGCGCAGGCCCAACTCTCTCCCAGCTTCCGAGAGCAAGGCGGTGTACCACTGCTCAGCGGAGAGGTTCCTGCCGCCGAACTTGGTGAGGTCCAAAAAGCAGGTTCGCCAACCCTTCTCGCGCAATCGAGCCATGGTTCGAACGCAGAGGCTGGACTTGCCCATTTGGCGGGAGTTGAGGACATAGCAGTAGTCGCCTGACGTTAGGCCGTCCAGTAGATCATGATCGGCCCGGCGCTCGACGTACGAGGCCGCGCCCGCGCCCAGCGTGCCGCCGGTGACGTAAAAGGCGTTTGTCCCGGCAGCCCCAGTAGAAGGCGCTGCAGGTGTGGTGATGGGCGTCATTGGGTGCGGCCTTTCACGGGTCGTACTCGGAATGGGCTGGTGTCATTATAACAAAAAAGATGCGGGGCTGACAAGGAACTTTACGCAGGCGATCTGCGAGGGGCTGAAGGCCTCGTTCATGGATGAACAGGTTCCTCCGATGGACGGGGTGTGCGATGAGGCTTACCCGCCAGGCGAGGTCTGCCTGGCGCAGCACGAATCCCGCCTGGCGCCGCATGACCGCTGACGCCGAAGATTCCCAGGATGGCGACATCGTTGCCGGAGGCTTCCTGGTCCTTGTTGATGAAACTGATGCGCACAAGCGTGCGTTGCGCGTCGGCGGGCGAGAGCGTGATGGGAATGTCGAACAGGTTCGGGTCGTCCGGCTGGCAGTTTTCAAAT
NZ_AP025739.1_gap116	4238384	4239787	1403	AACTCGATTGTTATCTCCGCCCGTCACGGCCAGCATCCGGTTATCCGGCGAGAAGCGTAAGATTCCGTCGAAGGTTGACGATCCGGGTAGGCTCGCGAGAAGGCCGCCGGTTCGCAGATTCCAGACGGCGCACATGGGCTGTATCGTCTCGCTGTCGGTCCTCCGCGCAATCAAGCTGGCGGCCAGAAGATTACCGTCGTGAGAAATATCGATGCCCAGGATACTGTCGTTGTCGCCCCAATTGGACGTAGGCATTTTCCATGTTCGCACTAGACGGTGCGTGACCGGGTTCCAGAATTGCATCCGCTGGGGACCGGGTCCGTTGGTTCCCACGGCCAGGGTGTGGCTATCGGGCGTGAAAGCCAAACTGCTCGCGTACTCATAAGGACCGCCGAGGCGGCACTCGACTTGTGAGGTGCGCATGTTCCACAGGACGACCTCGCCCGTCTGACCGGTGGTCGCCAGCCAATGCCCGTCCAGTGAGAAAGCGCATGGCGCAGGCGAGACCGGGAACGGCATCACGCACGACTCGGAGGCCAATGCAGCGTTCCACACGGTCGTTGTCCCATATTCGCTGCCCGCCGCCAGAGCCTTCCCATCCGCGCGCCAGTTGATAAATGTCACCGCCATGGAGCGACTCAGCAAAGAGCGTCTGAGTGTTCCCTCCGGGACATTCCACAGCCGCAGGGAGCCGTCCCGCCCTCCTGCCGCCAGTATTTTGCTGTCTGGCGAGAAGGTGAGGTGGTAGACATTGGAACGTTGCCCCTCGCCAGTAAAGCGAGGGGCGACCTGCCGGAGGTCCATGTCCCGGACGGAGATATTCCCCGCATTATCGCCGCACGCAAACCACTTCCCATCCGGCGAGCAGGCGATCGTACTTATCGTACCGCTAAGCGGCGACGAGACTTCAGACGCCTTGAAACCTTCAGCTGCGCTGCGAAAGAGCGTGACGTGCCCCGGCTGCGGGAAGTTGGCGAGCAGGAGCGTGTTGCCGTCTGGGGCGAGCGCCGCAGGGCATCCTGCGGCATTCGGTCCTGGGGAGCCGATGGTGCTGATTGCGTGTGGCTCATGCACCACTTTGCCGGTAGTTGTGTCCCAGATCTGGGCAACATTGGCCTGGCTGACGACAGCGAGGTAATGGCCAGTCGGGTCGAAAGCCCATGTGCGCAGTGGAGGGGCATTCTGCATTAGCACACAGCGGACTCGCAGCGTCGCCGGATCCAGGAGGGCCAAACGCCCAGCGTGGTCGCGAACCAACTGCGAACGGCCATCTGGGGAAAGCATGCGATAATCAACAGGAGACAAACCTTGCAACGACTTCGTTGAGACGACATGATGTGTTGTGACGTCCCATCGTGTCAGTTTTGCGGCAGCGTTATCTATGGTCAGGAGCGTGCCGTCCG
NZ_AP025739.1_gap117	4312312	4314412	2100	AAAGGAAGCGCCGAGGGTGCAGTCGCGTGGGGTGACGTAGAGAAGCTCGATACGGTCCAGATTGGCGAGGTCGGAGGCGTGTTGGGTAGGGAAGAGGCGGATATCCAGCGCCTGTAGTCCCTTACCGATCTCTTTGAAATTGCCCACGATTTTCGTCGCCCATTCCAATGCGATCGGCCGTTTGGGAACCGGCGCGCCGCAGGGGGACGCCTGCTCGCAGCTGTCCAGCAAGTTTCGGTAATAAGTGATGGACGGCGTAAGGATCAGCGCGGCTTCGCTGACCAGGCGGTCGATCCGGTCTTCCAGAAGCGCAAGGATGGATTGCTCAGGCGTAAAGCCACTGGGCGGCGACATCTTTTCCTTCGGGTTCAAGAGCTTGCGACAGTTGTCCTCTGATATCTTTTTGATTTGCCGCGCCTCATATTCCATCGTCCCGGCTTCAGCGTTCGAGGAGCCTTGAGTGGGGGTAGCGGCAGGGTCGAAACTGTAATTCTCGTTGTTGGTCAGGGACAGTACGTAATAAATATTGTTGACCAGCAGCTTCCAAAGATTGTCGAGGTTATTGTCGACTGCCGAGATCGTCTGCGTGGCTCCATCGGAATTGCTTTGCTCGGTTTCACTTTGCGTTGTTTTCCCTTGAGAGGATTTTGCGTCTGTGTCCGATTGAGAAACAAGGGCTGTGAATTCGTCGACATTTACCATGCCGCCCAGCACGCCGACGAGCGTGTTGGCGATGATGTCGGCGAGATCACGAACGTGGTTGATCTGCCGGAGAATGCCCTGCAGTAGCTGATATTGTTCATTCCTGCTATCGCCATCGTTTGAGAGATGTGTGAGAAGCTGATTTCGCAGTTCTTGCTCCGTCTTGGGCTTCTGTTCCGCAGCGTTTTGCGGAGTGTTGTCTGTATTGCTGAAGAGGATATCGGCGAAGTCCGCCTGCGGGAAGATCGCTTCGTAGATCTCCTTAAAAGCGCGTGTGGACTTTCGGACGATGTACGTTGGGTCGACAAACTCGATATGGAAGCATCCCTGCTCCCATCCTATCGATGTGGACGTGGCTTCGGTTACCTCAGCTTGGTAGTCGAGACAGTTGGCGCGGAGGCGTGCGTATAGGCGAGAGCGGAGGACACGCAGCTGCTGGACGGGGGCTTTGGAGGCGACGTCGGCTTGGTTAGATTGACTGATGGCAATGTTGTCATCGCTATTCATAGCAGTGTCTTCAATTTTTAAAGCGCGGCTCCAAATACCGATGATCGTATCGCGAAGGACTTGCAGGCAGATTTCGACCCAGAGGTTTTTGTCCGCCGGGGCGTTCAGGGCCGACCCGTTCGGTGCGAATGTTTTTCGAGCGGCGCTCAGAACTTCCTTGAATTTCAGGGCCTTGGCGTTGTGTTCGGTAATGGTCGCCAGGCACTCCGTGAGACTCTGACGATGCGGCACATCGAAGTAGAAACCGGTGTTTTGCAGCGCGTTGGGCTTAGCGCCCGCCGCAACGCCGGACTCGCGGTTTTCCGGCGATGGTTCTACAAAGACGACTTTTCTCAACACCTCCTGAGAGGCCGGGCGGCGCGCAACTTCCTTCAGCACAAGGTTTAATGGGCGGTTATTGAGAAATCCGCCATCCGACATGTAGACGGGGCGATCGGCTGCGGGCGTCTCAATAATACCGCCCATCAGAACCGGGTCGACTTCGGACGGCTCGAAGAGGGCGGGCAGGGAAGAGGTGGTGCGGGCGACGCGGGCGAGACGGTCCGCGACGCCGCGCCGGCGTTCGGGCGCGCTCTCGGCGGCGGCGGTGCTGGAGTCGCCGGCGCGCGCTTTGGCTTTTGCTTCGCTTTGAGCATCTGTGTCCGTGGGCCTGGCGGCGAGCGGGTGATCGTCGCTGTAGTCATATCGAAAATGGCTTTGGTTCTGGCGGGGGCGGTGTTTGAATTGGAAGACGCCGGCGTAGTCGTGATTGAAGACCGCTTTGCTGCGGGAATCAAAGTAGGCTTTTGTCAATGGTTCATAGTATGTGCCGGTGACAAAGAGGTCTAAGTCCGCGTAAACTACGTTCGGCTTTGCTCCTTTGGACGTCTCCCACCAGCCCGAGGGAACCGT
NZ_AP025739.1_gap118	4397577	4402054	4477	GATGCCTGAAAGGATCCGCCCGACATACAGCCAGACCAAGGTCGGCGCGAGGGCCATGATAATGTAGTCGAGCCCGGTGAACAGCAGGGAAATCAGCAGGATCGGCCGGCGGCCATAGCGGTCGCTGAGCGCGCCGAAGAGGGGAGCAAAGAGAAACTGCATCGCGCCGTAGAGGGAAAGCAGCCAGCCGTAGTCGCGCGCCGCCGCGCTGATCCCATGATGCGACAGCCGGCCGATATAGCCGGGCAGGATGGGAACGAGGAGGCCGGAGCCGAGAACATCGACGAGCAGGGTGATAAAGATAAAGCCGAGACTTGCGGAGCGCTTCATTGCAGGTGAGAGACTTTTCGGCGCGTGGGTAGGGATTTCCTGCTGGAGCTCTCACCCTCGGTCCCTCTCCCGGAGGAGAGGGATGTCCAGGGCTCGCTCCCCAAACAATGCTTCGCCCTGGGTCTTAAAATTCTGACAAGGCGATTTCTCTGACAAACGCTTGTGAAACACGTTTGGGAGCCGATCTTTGGACATCCCTCTCCTCCGGGAGAGGGACCGAGGGTGAGGGACGGGTTCTACCACGGAACCGTTCCGTCTTCGTCGAAGTAGCCGCCGGTCGGACCGTCGGCGGGAAGGGTGGCGAGGCGAACGGCGGCGGTGGCGCCCTGCTGCACGGTGCGAGGGCCGCTGTTGCCGTTAATGTCCGTGGCGACATATCCCGGATCGGCGGCGTTGACCTTGATTGGCGTGTCCTTGAGTTCTGCCGCGAAGACCACGGTAATCGCATTCACCGCCGACTTTGAGGAGTTATAGGCGACGGCCTTAAACGCTGCGAACGACCAATTGGGGTCGCTGTTTTGCGTGATGGATCCTAGACCGCTGGACATATTGACAATGCGCCCCGCTTCTGCTTTCTTGATCAGAGGAAGGAACGACTTGGTGGCGGCGAACACGCCGAATACGTTCGTGTCGTAAGTCTTTTTGAACGTCTCAACGTCGGTCTGGCTCGCGGGAGCTGACTCGATATAGATGCCGGCGTTATTGACAAGCACATCCAGCTTACCGTATTCCGCTTCGACCTTCGCCGCCGCGGCGTCGAGGCTTTCCTGGTTCGTCACTTCCAGCTGGATCGTATGGGCGTCAATGCCGTCCTTCTTCAAATCCTCCGCCGCCTCCGCGCCGCGTCCCGCATCGCGCGCTCCGAGCAAAACGGTGTATCCCTGCGCGCCTAGTTGACGTGCGATCTCCTTGCCAATGCCTTTATTCGCTCCGGTGATCAATGCGACTTTTTTGTCCGCCATGGTGTGTCTCCTTGAGGAACGCATGCGTTGCGTCCTACCCCTTGAACACCGCGAATTCGAAACCGGTTCACCGCCGTGGAATTTTTTTGCTGCGACCGCCGAATATGTCCGGTCGCCTGGAACTATTTTCGGAGAAGCGTTCGTCTTTAACCAGAATGGACAATTCCGAGAACGAGACCGCCGTGTGGCCGCCGCCGCCAAATAATCGGGAAACCCCAGGCGAATCACCACGCGCATGGGTGATCCCATGGCGTTTTGTGTGGTGGTCGTTTGGGATTGGCGCTGTGCTGGGTGTCTTCGATGTCACGCAGGCAAGCCCTATTGCGGACTGGCCAACCGTTGTTGCGTCAGCAGGTTTGGCCTTCTGGCGTCCTAGACTTCTCTGGTTTTCCTCTTTTGTATTGACGATGTGTCTTTATATCTCTCATATCGTCGCGATAAACGCTGGCGTAAAGACGCCGTATGTCGAGAAAAATGTGTTGTATGCCCTCGCATGCTGGGTGTCACTATTTCCAAATACCTTTAGCGCACTTCTTGGGGCCAGCGCAAAATACCTCTCTCATCGCATCCGTATGCGATCGTAACTCTATCGTCCGACCGACCCGGCGCCTACGGTGAGATCCGCTTTGTACGTGACTGAGAATCGAGAAATCGTTTGAGACCTGCTTGAGTACGGTGCAGATCCGAACACCGAGACGCCGTCGGTTGGACAGAAAAAGCAAGCTGGGGCTTTGCAAGGGTTACGCGTTCACCAGCGCCGCGATGGAGATGCAATCCGCCTCGCCGCTGTTCATGTGCGCGGCGTGTTTGGCGTCGAGCGGGCTGCTGTAGGTCAGAATCTTCTCGGCTTTCACCACCGTGCCGCGCCGAGTCGATTGCGTGAATCGGAGACTGTCGGAGAGGCCGGTGACCATCTTCAGGCCAAAGCCTCCCAGCCGCAGCTCCCCGTTGAAGCCGGTGCGCTCCTGTGGTTTTAGTCCGGCTTCGATGAGGGAGAATCCATTCCCTTTATCGCGCACGGTAATGACGACTTTCTTCGCGTAGTATTCCAAAATCAGGCCAAAGCGCCCCTCCGTCGAGTGGGCATGGCGAATGACATTGCTGGTGAGTTCGCTGACGATCGTCTCAACATCGTCAATATCGCTTTGCATCACATTCAAATATTCGAGCGTACACTTGCCTAGCGTGCGGCTGAGACGGATATATTCTTTCTCTTCCGGCAAATCCAGCGATAGCTTGAGTATCATGCCGTTCAGCGCTTTCTGTTTACTACATTAGTAAACACCAATCATTGAGTCTTACCCGCATTGATTCCTTGCCAAGCGACTGGTTTCGTGACATAATCAGAAGTGAAGGGCGTCGGGGGGCTCAGGATCATACCATGATATGCCGCCTGCCGGACACAGTCTTTTCCCGAATGTCGCCTGCGTGCAGACGCTCGTGAGTATTCGCTGTCTTTTTCGAAAGGTTGATGCGATGAACCGGAACATCATTATTGCCGTGTGCGCCGTCTCCGCCCTGAGTTTGACGTGCGGGGCGGCGAGCGGGCGGGGCGCCAAACGCAAGCCTGTCGCGGCCTTCTATCAGCACTCAGAGCAAACAGATGACCGCACGACGGTCACGGATAAGGTGTCACTGCATCCGGACGGCACGTATGACCAGGAAAAAGAGACGGATATTGTGACGAAGGAGGAGGCGGATCTGCGAAACGCATCATCCGCTTTGACCGATACGCATCGGGCGCCCAGCAGCAATTACACCCCCAAATCCTGGGTCGATCGAGCCACGGAGCCCCACGGCAACCCACCCAAAGACGCCGGCGTGGAAGCTTGGAAGAATCCCCAGCCTTATTGGGATCGATATCAGTGCAACGGAACAACCCAAAGCATCCCCCCATTGTACGCGACTGGTTCCGACACCAAAAGATCTCAGGGAACCTGGCGATTACTGGATAAGCCCGGCGGCGCGTCGATTCCGCTTCCGTCCAGCATCCTGGACCTTCCCGCCGGCGCGGTGATCGAAGTCCATCAGGCGATCCCCATGGGCCTTGTCGGCAAAACCTGGAAGGCCGCCGACCTCGTCCTGCCTGCAAAAGAGTTCAACTACTACCATTCCTATTAAAATCCGCTCACCTATCATCCCGTTAACGGAGGCGGCAATGGCGGATGAAAGCGTTCAAGGAGTGGATACACTGGGAAGCGACGACGATCGGCTTGGCGCTGTTGTCGATCGATTGGTTCGAGACGGCATTCAATTCGGCTCAAGCGACATCCATTTTCGGCGTAAATCCAATGGGCTCTTGGTTCGATACCGGCGCGACGGCGTCCTTCATGAGCGCGGGTATATTCTTGGCTCGATTCAGGAAGGCGTGATCGCGCGGCTCAAGACCCAGTCAGGAATGCAAGTTTCTGAGAAACGCGGACCTCAGGACGGCAAAATAACCCTGAACCTTTCAGGCGAAGAACACGATCTTCGCGTGTTGTGTTTCCCGACGTTTTTTGGGGAAAGCGTCGTCATCCGGGTGGCCGACAAAGCCGCCGTACATCCCAGCATCTCGAATCTTGACTTTGACCCAGAAATGTTTGCCACATTTGAACGTCTCATCGCCCGGCAAAGTGGAATGGTGATCGTCACCGGGCCAGGGGGATCAGGAAAAACATCGTTCTTGTATTCCTGTTTGTCAAAGATTGACGCTCAGAAGAATCATGTCGTAACGGTCGAAGATCCCATTGAGCTTCTGCTGCCAGGCGCGACGCAATTTTGCGTCAACCGGCGAGCGGGTATGACATTCGCCGAGGTCGCGCGATCCTCGTTGAGTCTCAATCCGGATATTCTCTTCGTTGGGGAATGCCGCGATATGGAGTGCGCGCAGATCGCCGCGGATGCAGCACTCACAGGACGTCTTGTGATGACGACCATGCATATGCTTGACACGCCTGCGACGCTTCGTCGATTGATTGATATGGGAGTCAGTCCCTCAACGATCGCCGCCGCTGTAAAGGGAATCGTCAGCCTTCGTCTGATCAGACGGCTGTGTCCGGAGTGTAAGGCCACTGCGTCTTTTCAGGACACAGCGGCCACTCTGGAAAAAGTGCGCTGGCTTCCCGCGTTTCAAGGCTGCGAAATTGAGGACGCGCCGGTTCTTTATCGCGCAGTCGGATGCTCCGAATGCCGACAAACTGGAT
NZ_AP025739.1_gap119	4528797	4530072	1275	ACCGACGCAAGCTGCGCCGCCGTGATCCGCGAGCCCAGCAGGGTGATGATAAACCGCTGCTGTTTCTGTTCGCCGATCCACTCCCGGTAATTATCCTCCGAGACCGGTTTGATACGCACCTTGACGCCCGCGCTCCGCGCCTCTTCCTCCAGCGCGCCGATTAGCGAAGCGGTCATGTCGCTTTCGACCTGAACCATCAAACCGAACGTCAGCGAGTTGTGAATGACCGCCTGGCCGATATCCAGCAGCGTCGCGCCCGCTTCCGCCAGAATGCTCGCGAACGCATTGGTGAGGCCGGGGCGGTCCGATCCGGAAACCGTGATAAGAAAAGTTTCTTGCATGGGAATAAACGTCATTGTCATCCAAACAAAACGGCCGGCGATTGAAAATCGCCGGCCGTCTTTATTATACCGCTCGCGCGAACCCTGCTTCCTGGCTCGTCTTCTTCTCCATCGTCTCCCCGACTTTTAACACTACATCGTACTTCGATGGGTCTTCCAGGGACTCGGGGCCGACTTCCACGCTGATCACCTTCGGATCGCCGCTGACTTCGTAGCGGGCGCGGCTTGTCATTCCCTTGACCAGGGAGCGCAGGGCGCGGACTCCGGTCTTCATGGAGGTTGCCTTTTCGACGATGCTGTCGAGCGCTTCCTCGGTCACGACGAGTTCAATACCGTCGCGTCGGAACAGTTCGACCTGCTGGCGGACGATCGCGTTCTTCGGCTCGGTGAGGGCGCGGCGCATCTGCTCCTTGGTGAGCGGCGCGAGCGGGACGATAATAGGGAGGCGTCCGGCGAGCTCCGGCACGAAGCCATAGTCGATCAGGCTTTCGATCAGCACTTCCATCGGCGCTTCGGAAAGGATCTGGAAGTCGCGCTGCGGATCGCCGGCGATGGCGGCGGGCGTGGCGCGCAGGCCGATGGTGCGCTCCGTCTGGCGCTTCATCTTCTTCGCGACAATTTCCGGCAAGCCCTCAAAGGCGCCGCCGCCGATAAACAGGATCTTGCTCGTGTCGATATACTCCGGCGGCGCGTCCGGGTGCTTGCGGCCCGATGCCCCTAAGGGCAATTGCGCCATGGTGCCTTCGATCAGCTTCAGCAGGGCGTGCTGGACGCTTTCGCCGCTGACGTCGCGGGTGATCGAGGGGTTCGCCTGGCTCTTGCGGGCGATCTTGTCGATCTCATCCAGGAAGACGACGCCGCGCGCGGCCCACTCCAGATCTTCGCCGGCGTCCAGATAGAGGGGCGTCAGCACGCTTTCGACGTCGTTGCCGGT
NZ_AP025739.1_gap120	4532525	4533443	918	GTCAACTTCCGGGAGTCGGCGACGTATATTCAGCAGGGATTTTTGGAGCCGCTCGACGGCTATCTCAAGCAGGATCCCGATGTCTATGGGCGTCTGAGTCCGGTGATCAAGAAGGTCATCAAGGATGTCGGCGACGGCCACGTTTACTTTATCCCTTACGCGCAGTTTGTGCAGGCGCTTTACTATCGCCGGGACCTGTTTCAGGCGGCGGGGCTGGACCCGGACCGGCCGCCGCAGACCTGGGATGAGTTTTACGATTACGCGAAAAAACTGACAAACCAACCCAAGGGCGTTTGGGGATTTGAGTACGGCACCGATCCCGATGCGACGGCGTACTGGTGGATCAATTTCTTGTGGCAGGCCGGCGGCGAAGTCGTGCGCCGTAACGCCAAGGGACAGTGGGAGGCGGCGTTCGACACGCCCGCCGGCGTGAGCGCTCTGGAGTTCCATAAGAAGCTGATGACCGGCCCGTGGGTCGGTCCCGACGGCAAGCGCTATGTCGGCGTGGCGCGTCACAGCAGCACGATGGCGGAGGATCGGGTCAAAGGCGCGGTCGCGATGTGGTTTCAGTACCAGAGCAATATCATCGCGAACACCGCCGATACGAACTCGCTCAACCCCAGTCTGATCGGCATCGCGCCGATGCCGAAGGGACCGACCGGGATCAGCGCCAATGAGATCAACGCGGCGAGCTGGGGCATCTCCTCGCAGATCAAAGACCCGCGCGTGCGTGACGCCGCGTGGAAGTTCGTGAAGTTTATGGCGTCCGACGACGCCGATCGGATCCGCACGAAAGCGTATGTCGAGGCGGGATTGGCGAACACCGTCAATCCGCAGTCGCTGATCAAGTATGGCTACGCCGATGACGCCGCCGGCGTGTCCAAAGCCTGGCTTCAGGCCAGCAAGACACTGTTCGAA
NZ_AP025739.1_gap121	4644226	4648060	3834	GTGCATAATTGCGCGTGAGTGTGAATTGCTTCAAGCAAACGGGCATCCGGGCTGTATAACTCCGATGTTCAAGTTATTCATCAATCACTAGACAGAGTTGATCAAGGAGGCGTGATGAAATTTGGCGTTTGTGCGGGATTGGACGACGCGGCGGCGGTGGCGCGCGCCGGATTTGATTACCTGGAGCCAGGCGTGAGCAGCGCCCTGAATCCGGACAAATTGGACGCCGATGTTCTGCCGGTGTTGCAGCGTGTTTCGAGCGCGGCGGGGACGCCTACCCCATCGTTCAACATGTTTCTGCCCGGCGATCTGAAAATCATCGGCGAAGCCGTCGATCAACCGCGCCTGGAGCATTACGTCCATGAGGCGTTCCGGCGGGCGAGCCTGGTCGGGGCGGAAGTCCTGGTTCTGGGCAGCGGCGCGGCGCGGGGCATTCCCGACGGATTTTCGCGCGCGGAGGCGGAGCGCCAGTTCGACGGCGTTCTCAAACTCTGCGCGGCTGCGGCGGAGCAGTTTGGAGTCGACCTCGCGATTGAGGCGCTCAATACCGGGGAATGCAACTTTGTGAACAGCGTCGCGGAGGCCGCCGATTTCGCCCGGCGCTGCGGCGGGCCGCACATCGGCATCGTCAGCGATATCTATCATATTTTGATGGAGGATCAGTCGTATGAAGAAACGTACGAGGCGCGGGATCTGCTCAAACACGTCCATGTCTGCGGCGGCGAGGACCGGCGCGCGCCGAACGGCGACGACCTGACGCTGCTGACGGACTATTTCCGGGTTCTCAAGCGGGCCGGTTACGATCGGCGAATTTCCGTGGAAGGGCTGTGGGAGAGCATCGTCGAACAGGGCGCGCGGTCCCAGGCCGTGGTGGCGCAGGCGTGGGACAGCGCGTAATCGCCGGTAAGTTATCGGCGCGAGACAGGTATGTCGATTTGCAGCGTGCGTCGATACTTAGACTTCCAATCGCTCACCGGATTGGCGCCGCTGCCAAGATATCCCCCCCAGGGCTCGAAGATATCTTCGATGCTGGGGTCGCCGTCGATCACCAGCCGCGCGGCGCCTGGCAAACGGCTCAGCCACCACTCCGTGGGCTCAAGCGCGCCGATGACGGCGGCGCATAACGGATACTTATTCCCGCGCCACATTTGGGTAAACTGCTCGGCGTCGCCGGAGGCGATCCAAAGCGCCGGCCCGAAGAGACCTTCGCGGACCAGGCCGGAGTTTGGCTCGGGCGATTCGAGCAGGGTCGGTTCGAGGATATTGCCGTGGCTTTTGCCGCCGCTCAAAACCGTCCCGCCGCTTTGCGCGATCTGCTGCTCGCACCAATGCGCCTGGTCCTGGGAGAGCAGGGGACCGACCGAGACGTCGGGGCTGGCGATCGTGTCGCCCCATGTCAGCGATCGCCAGCGCCGCAGCAGAGCGCCACGGACGGCGTCGTACCGCGCCGGGTGGATAATTGCGCCGTTGACCGACGTACAGGTCTGGCCATTGTAGCGGACGGCTCCCTGCGTCAGCAGGGCCGCCGCGTCCTCCGGCGCGATGCTCTGGCCGATATAGGCGATGACGTTTCCGTCGCCGTCAATCAGCGACGCCTTGCCTGCCTGGAACGTATCGGCCAGAATGGCCGGAGCGTGGCGTGAACTGCCCATATAGTGGATCAGGCCGGGCTGCTCGGATTCTTGAAACGCGCTGACGAACTCCTTGGACTTCGCCGTCACGACCGTCGCCATCTCCTCGGCGATTCCCGCTTCACGGATCGCGTCCTCCAAAAGCATAGCCGACAATGCGGACTGGCTGGGGGCGCGCAGCGCGACTCGGTTTCCCGCCGCCAGTGCGCTTGCGAGACAGGTCGCCGCCAGATAAAGGAACGCATTTTGCGGCAGGATCACCGCGACTGCGCCCCACGGCGCGCTGGAGAGCTGGATCGCCCGCCCGCCGTTCCGATATTCGCCGGGCGGAACGCCGGCGCGTTGTTCGTCATTGGCGCAAAAGCCGCGCAGCAGCGCGGTTACCCCCTCAAAAACCTCCTCGCAGTCGCGGGAGATGAAGCCGGTCTCATGGCGCATCGCATGAAGCAGCGGCTCGCGCCGCCGGTCCAGCTGGTCCGCGAGACGACCCAGAAACGCTCCCAGTGTATCGGAGCTCCGGTAGATGCTGTCGATGGGAGCGGGAGCGCTGGCGAGCTCCGTCAGCTGATCGGGGGAGAGCATCGTCGTTTGATGCAGGACGCTTCCGTCCAGCGTCGAGGCCGCCGAATACGCCTCGCCCTTGCCTGCCCGCGTGGAAGTCAATGTCATAAATCGCGCGCCTCTTTGGGGTCGTGTTAAGCTCGGCGGACGGCGCGCGCAAAGATCACGCTGCTGTAGCCTTGTTCGGTATGCGCCGGCACAAGGCGAATGCGAAGGTCGAGATCGCCGAAGCCGTTATCCATCAGCGACTTCAGCATATCGCTGGGCGTTACGCCGGCGCAGGGGAAGTTTCGCCCCCCGACGCAATAGTAGTTCGCCGCGCCGCACGCGGATAGAATGACCGTTCCGCCGGGAGCCGCCAGGCTCAAAATATTGCGCATGCTGTCGTACCACTTGCCGATGTCGGTGGACGCCGCCTCGGCGCAGTAGTGGCTCATTACCAGGGGATAAGATCCACGGCGCGCCGGGCCGAGCGGGTCCGTGTCGAAGGCGTTGCCGGGAATGATCGCGGTAATGCGCTGGCGCGCGTCGTCCTGCACGCGCTCGATCTGCGCCGGAGTGGGGGAATCCTCACCGCGCAGCCGCAGCGTTTCCTTGGCGAACTCATCCCAGTTGTGCGCGCTTGCTTTTCGATCGACCCAGTCTTGAACCGCCTGACGGTTCGAGGCGAGGTACTCCGCCATATGGATCTCGCCGGCAACGTGCGCGATAGGGAACAGGTGGTGAACGGTCGGGCCGCAGCCGAACTCCACGGCGATCGGCGCATACGGCGTTTTGTCCGCCCAATCGGCCAAAAATTCCATGGCGAACTGCTCGTCGGGCATGAGCTCCGAATAGTATTCCGTCAGATAATCTTCCGGTTTCCAATCGCTGTAGTCCGAATATACGACTTTTTCCGTTTCCGTAATCATATTTCTGGTTTCTCCTAATATGTATGTTTTGCTTCCATTACTATATTGAGATCCGCGTTCGCCCTTTTCAAGTATAATAAGATTAGGACGCACTAAAGAATTCCGGATTTTGGCCAATACTCAGTAATAGTCCGACCGTGTTTGGACCTGCGACACTCTTGTCGAGATTGCACGCAAACAATGCTGAATTTATCCAAGGACTGGACGGCGGCTCAAAAGGTAGTCGTGAAAGGCGCCATTGCTTATGTGGCGATCTTTCTGTTCATGCTGATCGTCCACCCGTGCTCCGCCAAGACCTACAAGGCCTTTTCTGATATCTTTCAGACGATTGCTCCGTTCTTCGCCAGCGCGTGCTGCCTGACCTATGTCTGGCGCGGCTTTCACCCGATTGCCGCCCGCCGCATCGGCTGGCTGCTGATTGGAGTCGCCTGCGCATCGTACGGCGTCGGCGGGGTGCTCTGGTCGTATTTGGAGCTCGTGCGTAAGATCGATGCGCCGTTTCCCAGCAGCGCCGACTACGCCTATCTCCTGTGCTATCCCTTTTTGATCGTCGGCGTCATCCTGCTTTTCGGCAGCATCCATATCATCGGACGTCTGCGCCAGATGCTTGACGGAGCCATCGCGGCAAGCGGTTTCGGCATCCTCAGCTGGCATTTTCTCATTCAGCAGTCATTGAAACAAACCGGCATCACGCTTTGGGCGAAGGCGCTCGGGGCGGCGTATCCTTTGTT
NZ_AP025739.1_gap122	4649316	4653537	4221	TCGCTCCGAACACCACCGTCCGGCAGGCTGTCGAGATGACGGACATGCTGCGCGAGCGCATGCTGCATGAGGGATTCCAGCGGATCGGCGAGGAGCGAACGATCCCCGTCAGCCTCAGTTACGGGGTCGCCGGCTTCCCGGAAGACAGTAAAACGCGCCATGAACTTGTCGCGATTGCCGATGCAAATCTCTATGCGGCAAAACATACGGATAGTGGAATAATGGCTACGAGCGACAAACAACGATCCCTGCGGGCGCTGTCCCGCGAGAGCTCGTTTGAAGTCCTCGACGCCATGGTGACGGCGGTGGACAATAAAGACCGCTACACCCGGCGCCATTCCGAAGACGTCACCGAATACGCTTTGTGGATCTCCGAGGAGCTTGGTCTTTCCGAGGAAACCCTGCGCGTAGTGCGGATCGGCGGCCTGCTGCACGATGTTGGGAAGATCGGTATTCCCGACGAAATTCTGCGTAAACCGGGACGTCTCACACCGGAAGAGTATGAGGTTCTGAAGAGGCACCCGCGAATCGGCGCGCTGATGGTGGGGGCGGTTCCGGGAATGGAAGTTGTTCTCGACGCCGTCAACTCGCACCATGAGCGCTGGGATGGCCAGGGCTACCCGGATGCTCTCGCGGGAGAGGCGGCTCCGCTTCTCGGGCGGATTATGGCCGTGGCGGACGCATTCAGCGCCATGACCACGGACCGGCCGTACCGAAAAGGGCTGGAGTGGGAAGCGGCTCTGAAAGAGATCCGCGCCAACTCAGGAACGCAATTCGATCCGGCGATGGCCAACGCGTTTTTACGGGCGGCGGCAAAACGGGTTCCACAGGTTCTGCGGCCGACGAACGGAGCGGCTGAGATCCTTCCGGCGGAATCCGCCAATAAAGCATAACACGAAAGACGATCAAGGGATACGGTCCTCGGCTTACCACAGTTTCTAACGTCGAACGAGCCTTTGCTGTGTCGCTGAATGGGTATGTTTGAGAGGACGTAGAAACATCTATGAAGGCTCCGTTGTATTTAGGCGCGCTTGCACATTTCGAGAAACAAACGCTTGTCACGATCGCCTCCGGGGTAACGTGCGCGTATTTGGGAGACGAACGCAATCTGCGCGAATTTCTGGTGGCGGACGAAACGGCGAAGACGCTGCAGGAAGCCGGTCACACGGTTTTCACTTTACTGGTCGACGACAGTCTCGATCCCCTGAACTATCGCCAGCTGCGCGTCGCGGTCAACAAAGACCCTCGCCTGATGGCGCGATGCGAGCACTGGTGCGGGACGCCGATCGCGCACCTGCCGGATCCCTTTGAGTGCCACGCGTCGTTTGCCGAGCACTACGAGCATGTCCTGCTCGACCGTCTCCACCGGCTGGATTGCCATCCGACACTGGTCAGCACGTCCAAACTGTACGAGCGCGGTCTGTACGATCCCTATGTGAAGCTTGTGCTGGAGCGCCGTGAGGAGATCCTGAGCTTTTTGGCGGATCGCTTCCCGAATTATCATCCGGAAAAGCTGTTCCATCCGATCTGCCCGGATTGCGGCGTCATCGTCGACACGCAGATCGCGCGTGTCAGCGCGACCGACTATCAGGTGTCGTGCGAGCGCTGCTCCGCGCAGCGCGTCTTGCCGCTTGAGCAGGTCAAGGGGAAACTCAACTGGAAATTAGACTGCGCCGCGCGCTGGGCTCACTTCCATATCGACGCCGAGCCGTTCAGCAAGGCTTATCTGGAGCCGATCGCCGGCAGCTTCGCCGTCGCCAGCGCGCTCAGCTTGGAGTTCTTCGGCGGCAAGCCCGTGCTGCCGCTGCACTTCGGCACCGTCCAGCAGGATCGCGACACCAGCTATTTGCTGGCCGAATCCTTCCCCACGAGCGCTCTGCGCAGCCTCTTCGTCGAAAAGCCTTCGTCGGATCTGCACATCTCGCGTGAGCTGATCCTGACCACGGCGTCGCGCTACGAAGTCATGCCCGGTCTTACCTTACAAGACTTCACCAAGCAGCTATTGCCGGTCTGGCTCTTGACTCCGGAGACGCTCGACCCGGCGCAGCGCGAGCTGGTTTCGCGCGGGATGGCCTTCAGCCGAAATTTTCTTGATGTCGAAGTCAAGCTGCATTTGCCGACTCGCGAACGCATTCAGGGGGAACATCCCTTTGTGCTTTCCGCCGTGCGTCACCTGATCGCCTCGGTGGTGGAGATGCGCGAAGCGGAAGATCTGTCCATCGACGTGTTTCAGCGCACTCTCAAGAACGTGATTTCCGGTCTGGGGCACGAGAAGAAGGTCGTTCTGACGGGGCTTCGCGGCATCGTCGGCCAGGATCATGGCCTTCCTGTCTCGAAGTTTCTTTACACGCTGCCCGTCGACTACTTGCGAATGCTACAATATATTCTGGATCTGCATTTGGAAAGCGCCGGCGTTCTTCCGATATCCGGAGCCGCTTCGTTCGAAAGCCAGCTTGCCGCGGCTTAATTTCATCACAAGGCGTCATCCAGAAAACATGTCGTATACTCGTTCCGCAATCTTGGCCGGGCTCCTTGCCGCAATCGGCCCATGCGTTCACGCGCAGACCAGCTCCACGACCCCGGGAGCAACCGCTCCCGAAGCTCCCGCCGGCGCCGCGGCGCCGGCGGCTCCCGCCGTCCCGCCGCAGGCGGATGCGCCCAAGTCGCCGCCGCTGAAGATCGGGATCGACGCCTATCTGGGTCTCTCTGACCAGCAGGGGAATCGGACGCTCTACGACGGCGCCTGGATCGGTTTCGGCTCCGCTTACCCCTCGGTGGTTTATGGCCGCTGGGATCCCAGCGACTCGGAGACCGTGAAAGCCTCGATCTCCATCGGCAAGCTCTACCGGGCCCAGAACCGAATTATCGATCAGCCGGTGGAGGCGTACTATCAGAAGCGCCTGGGGCGCAGCTCGATCACGGTCGGAAAGTATTATGTGCCCTTCGGCGTGCAGGAGTGGGAGTACGAAACGCGTCCAGGCGTGATGTACCAGTACGATGACGGCGCGAATACAGTCGCCGCGTCCGTGAATTACAATGACAACCGCCGGACAACCAACGGCTATTTGCGTGTCGGCCGCAAATTCAGCGAACGTCTCACCTTCGGCCTTTCGGCCGGAACGGGCGCGGGGTTTTCCTTCGGAACCGACCACAACAGCGGATTCGGCGCCGACGCCACGGTTACGTTTAACGCCTGGCAGCTTGTCAGTGAGTATAACGATTACCGCACGCCGGACAATCTGCACTTCCGGTTCGCGCACGGCAAGCTTTTTTACAACGCCTGGGGACCATGGAAGCCGTACATCGGCGTTTACAGCTGGAGCGATGAGGCGAAGGAAGAGGGCGACTTCCGCTCAACGGTCGTCGGCGTCGGACGCCAGGTGACGCCGTGGGCTTATCTGGATGGAGGATACTCGTCCACATCCGTCGCGCATGTCGCGTGGGTGGAAGCGCACATTACCTGGGAGGCTGGGGTGAAGTAAGACGGCCAGTCCGACCTACCCCGGCGCGAAGCGCCAGGGTAGGTCACTCGGCCGAACGCCTACGCAACTACGAGCTGGTTTTGCTCGACTTTGATCGTCGCGGAGTTTTCCGCGCCCTTGTTGATCACCACGCCGCCGACGCCCGTCTGGGCGATCAGCTGGGCGATCATTCCGCCTGGGAGGGCGATGACGTTGCGCTCGGCGTCGCTCCAGGCGCCCAGGGCTTCTTCGCCGGTGAAGGCGAGCAGCAGTTCCTGATCGGTCAGCAGCGGAACTTCCTGGACCGTTTCGGGCTGGTTTGGATCGCCGAGGCGAAGCACGACGACCGGGGTGTCCTTGTCCGCTTCCGTGGCGACGGGCAGGCGGCAGAAGCCGTTGCCGAATGCGTTGATCAGCGCTTCGCGCGAGGCGGTGCTGTCGTCGTTCTTGAACTCGGCGATCGCCTGCTCCAGAAGGACGTTGTGGTTCGCGGCCGCCTGCTGATCCTCAATCACCTTTTGCGCGGACTGCGCCATGAAGACCAGCTCTTCCTGGCTGACTTCCACATGCATCTCTGGACCGTCCACAAAGAGCTTGTGCGGGCTGTTTCCCAGGATGCCGCCCAGCTGCGCGCCGGTCAGGAACATGCCGTTCTGCACATCCGGCAGGGTGCCGCGAAGCTGGCCCAGGGTGGTAAAGCCGGGAACGCCGCTGACGCCTTCTTGCGTCTGCGCGACGACGAACGTGATGTCGGCGTTGG
NZ_AP025739.1_gap123	4654864	4656736	1872	GTTGAGCGAGACATCCGGCACGGTCGCCTGGATCTGCTCCCACAATCGGTCGCGCATGCCCTGGGTATGCGCGCGGTCCCGCTCCATCTCCTGCGAGCAGACCTGGCACGCTTCGCCGAAGCCGACGATTCCCGGAACATTGAGCGTTCCCGAACGCATGCCGTGCTCGTGTCCGCCGCCGTCCATCTGCAAGGCCAGCCGCACGCGCGGTTCTTTGCGGCGAACATACAGCGCGCCGATTCCCTTGGGGCCGTACATCTTATGCGCCGTCAGCGACATCAGATCGATCTTCTGCGTCTTGACATTGATCGGGATCTTGCCGATCGCCTGCGTGGCGTCGGTGTGGAAGATCACGCCGCGCTCATGGCAGATCTCCGCGATCTCATCGATATTGTCAAGCGTCCCGATCTCATTGTTCCCATACATCGCCGAAACCAAAATGGTCCGCTCGGTGATGGAGTCCTTTAGCTGCTGGAGGTCGATCATGCCGTATTGATCGACGGGCAGATAGGTGACCGACTTGCCCTCGCGCTCCAGATGCTTCGCCGTATCGAGCACGGCCTTGTGCTCGATCGCGGTCGTGATGATATGGTTGCCCTTTTCGGCGTACGCTTCCGCGACGCCTTTGAGAGCGAGGTTATCAGCTTCGGTGGCTCCGGATGTAAAGATGATCTCGCTCGGATCCGCGCCGATCAGCTCGGCGACTTGCGTCCGCGCCTTATCGACGGCGTCTCCGGCCGTCCATCCAAAGGTATGACTGTTGGAGGCGGCGTTGCCGTACTGCTCGGAGAAGTACGGAAGCATCGCTCCCAAAACGCGCGGATCCACTCGCGTGGTCGCGTTGTTGTCCATGTAAATCGGTCGCTTCAACATATCACTAGTCGCAGTACTTTTTAAGAAATGAGGGTAATGCCCGTCGCGAACGATCGGGTCGAGAAATCTTCAAATTTGGGATCGGGCGCCGGAACGCTGATCTCTTCGATGCTGATCTCCGCAAGGAGGTCCTTCACACGCTGCTCGATCGTGGCGAGCGGGTCGCGGATGGTGCAGCGGCTGTACTGCTTGCAGCTCGACTCTTCGCCGGCGGTGCAATGCAGCAGCGAGAACGGCCCATCGACAATTGTCACGACCTCGGCGACGCTGATCTCGCGCGCCGGGCGCAGCAATTTGTATCCGCCGGTCGGTCCAGGATGCGAGGCGACCATCCCGTGTTTGGCGAGGATCTGAAGGATTTTCGCCAGCAGCTCCACGGGAATCTCATACTGCTCGGCGATCTCCTTGGTATTCATCAAACGGTTGGGATCGTCCGCCGAAGCGGCCGCAAGATGAGAAAGCGCCAGCAGCGCATAATCGGCCCGTTTCGTCATGCTTAACACGGTTTTGGGTTGCCCCTTTCTCCGACCAAAAAAGTCGTATATCAACAAAAAGTATACCGAACATCGGTGTCGGCTGTCAAGATGAAACGCGGGATGGGGGCGGGAAGTTCCGGAGATGGCCCTCACCCTCGTTCCCTCTCCCGGAGGAGAGGGATGTCCAAAGGTCAGCGCCCGATCATGGCTTCGCTTGAAAGTCCCGATCCCCAGGGCGTTGCCCTGGGCTCAAATTATGACGCCCCGTTGGGGCTAAAGACTATTGTGTCGACCACGTGAACCACGTTTGGGTCCGATCCCTGGACATCCCTCTCCTCCGGGAGAGGGAACGAGGGTGAGGGCTTATTTCTTGCCCAGCACACGCGCTTCCGGCGTCGGCGTCTCCGGCGACCACTGCGCGAAGTGCGAAAAGCCTTCGTCGGTAAGGCGATCGAGTTGTTTGCTCAGCTTCTTCTCCAAGTTAAGAATCGACACTTGCTCGAAGCCGTTTTGCTTGAACTCA
NZ_AP025739.1_gap124	4658850	4662111	3261	GATCACGACCGTGACCTGGGAGGTGCGGACGGTTTGGGCAAGCGTTTGGAAGAGCATTGTGCCCTGCTGGAGGGAATCGAGGACCATTTCGATCTTGGCGACGTCCCGGAACTCGGGCTGGCGCAGGATCTCGGAGGTCCCTTCGAGGTAGATCTGGTCGTCGTCGGCGGCGGATTGGATCATCTGACGCAGGACTTGCAACAGGCTCTCAAAGAGGGCGCGCACGGACGGGGCGAATTCGGCCGGGGGCGCGCCGAGGGCCGCGTCGGGGCCGATGACGCTGTCGATGTTCTTGCCGGCCATCCCCGCGTTCAGAGCGTTGTTCACCGAGACGAGGTCGCTGGGGGTGAAGTCGGCCGATCCGGCGAAGCGGCGGGTTTCGACATGGCCGGTGCTGAGCAGGACGACGGCCAGGAGGCCCTTGTCGCCGGCGGGCGAAATGAAAACCTGGGAAATCTGTGTATCGGCGGGGCGGGGCGGGGTCGCCATGGATGTGTACGACGTCATCCGCGTCAGCAGGGCGCAGGTTTGGCGCAGCAGTTTGTCCAGCGCGAGCGATTGCTCCAGCGCGGCGGCCTGACGCGCGGCGCTCTTGGGGACGCTGCGCGCCTCCATCAAGTGGTCGACGTAAAAACGATACCCGCGATCCGAGGGGATGCGGCCGGCGCTGGTGTGTGGCTGCCGGAGCAGGCCCAGCTCCGCCAATTCCGCAAGCTCATTGCGAATCGTGGCGCTCTTGACTCCCAGCGCGTGACGCGCCGCGAGGTCTTCGCTGCCAATGGGCCGAACGGTCTCGACATAGTCGCGAACCACGGCGCCGAGTATTCGTTGTTTTCTGTCGTCGAGATACATTCCCGTAAAAATTATACCGTGACGGCGGCTGGATGTCAATGTCCGCATGGCGCCGAGCGGCTGTTCGCCCTTGACAACGGAGACGCCGCGCATGTATGATAGACAATTATGCCCGTTGCGCCCACCGCCGCTCCCGTCGCCGGAATCCCGCCGCTCTCACTGACGGCGTTCGAGGGCCCTCTCGACCTCCTGCTTCACCTGATCCGCGAGCACAAGATCGATATCGCGGACATTCCGATCCTCCAGGTCACGGAACATTATCTGGCGCATCTGCGGGCGATGGAGGCGATGAACCTCACCGTCGCCGGCGAGTTTTTGGTGATGGCGGCGACGCTGCTGGAGATCAAGAGCCGCCTGCTGTTGCCCAAGCCCCCGAAGGAAGTCGGAGAGGACGGGGAAGAGGGCGAGGATCCGCGCGAGGAGCTGGTGCAGCGCCTGCTGGATTATCAGCGGTATAAGGCGTTTGTCGCGACGCTCGCCACATGGGAGGACGACCGCCGGCAGGTCTTTTTTCGCGGCCAGGCGGCGTACGGGGATCTTTACGAACTGCCCGTGCCCTATGGCGAGTTTTCATCGGGTTCTCTGGTCAAGGCGCTGATGCGCCTGTTGACGGAGCTGGGATCGGATTCGACGGACGGCAAGGCCCATGTCGGCCGCGCCAAGGTCACCCTGCGTCTGGCGATGGCGACCCTCTGGCGAAAGATCCAGCGCGCCGGCGAGGCGGGAATTATCTTTGATGAGTGCTTCGAACGGCCCTTGATCCGCTTCGATGTCATCATGACGTTTTTGGCGCTGCTGGAGCTGCTGCGGCAGTCGCGCGTCTCCGCCGTTCAGGAAGAGATGCTGGGCGAGATCCGTTTGACGATGGACATTCAAAAGGCGGAAGACGAGACCGGCGAAGCCGCTCAAAACGACGCCGAGCACACCGAACACGCCGAGCCGCAGGGCGGTGTGGCGCCGACCGCTGAGATGGAAGAAGAGGAGACGGAATAGTTGGCCGCGACCGAAGCCCGTCAGGAAGAAACGCGCGTCTTTACGGCGAATGCGCTGCTCGCGCTGCTGGAAGGCTATTTGTTCGTTGCGATCGAGCCGGTGACGCCGGCGGAAGTGGCGAAAACGCTGGGAATCCACGCCGCGCAGGTCGAGGAGACCTTTGAGGATCTCGTCAATATCTACGCCCGGCGCGAGAAGTCCGGGCTGCATATTATGCGGATCGCCGGCGGCTATCAGATCGCGACGAAGTCCGAGCTGGCGCAGGATATCGGCAAGCTGCTCGCCGCGCCCGCCGGCAAGGCGCGCCTTTCAAAGCCGGCTTTGGAGACGCTCGCCATCGTCGCGTATCAGCAGCCCGTGACCGTGGCCGAGATGGAAGCCGTACGCGGCGTCAGCGTGGACGGTGTGATTAAGACGCTGCTGGATCGCCGGCTGGTGCGCGAGGACGGCCGAAAAGCCGTGCCGGGCCGCCCGATCCTGTACGCCACCACGCCGGAGTTTCTGCACTATTTTGGACTGTCGTCCCTGGAAGACTTGCCGCCGCTGGAGGATATCGCCGTCGCCGAAGCCGAGAAGGCCGAAGCCCACGACGCCCTCCAAGCCGTTGGACTTGAGGAGTAGTTCGTGATATTCTCTCAATTCGCCCGCCGCGCCGCCGTGGCCCTGGCTTTGACGCCCATCCTCTGCGGCCACGCCGTGGCGGCGCCGCCCGCGCTGGACGGCCCGACGACGCCGAAGTCGAACAGCAAGTTCTGCGTTCTGGAAGACGCCGTCACCGGCAAGGTGATGTGGGGAAAGAACGAAAACGTCCACCGGCCGATGGCGTCGACGACGAAGATGATGACGGCGATTCTGCTGCTGGAGCGCGGCCATCCGAACGATATCGTGACCGCGCCGCCCGGCATCGATCAACTGCCCGACAGCAGCCTGCATCTGACGCCCGGCGAGACGATCCCGCTGCACGATTTGATGTACGCGATGCTGCTGCGCTCCGCGAACGACTCCGCCGTTGCAGGGGCGACCTACCTGAATGGAACCGTGCCGGCGTTTGTCGAACAGATGAATTTGAAGGCGAAGGATATCGGCGCGCTCAACACGCACTTCGTGACGCCGAACGGCCTGTACGCGCCGGATCACTATTCGACGGCGGCGGACCTGGCGACCATCGCGCGCTACGCCGTCAACAACCTGACGGAGTTTAATAAGATCGTCCGCACGCCGAAGTACAAAGTGCAGCGATCGATCCACAAGGGCGATTCTTGGGTCGTCAATACGTCCAAGACATTCCTGCGCGACTTTCCGGGCGCCGACGGAATCAAGACCGGATATGTCCGCGAGGCGGGACATTGCTTTGTCGGATCGGCGACACGCAACGGCTGGCGCTTGATCGCGGTCGCGCTCAAGAGCAATAGCTGC
NZ_AP025739.1_gap125	4664431	4665603	1172	TCGAGCTGCGCGGCAGCCGCGCCATGGTGACCGACTTGCAGGAGGGAGGCGCCGCGCGGGATCGCAGCTCGATTTCCGGTGATGGAAACAACCTGCTCTCGTACGATAACGCGGACGCGGAACAAAGCAGCAATTCGGCTGCGACCGGCGGCGCGACTCCCGGCGGCGCGCAATATGACACAGGCGAAGTGGTCGGATGGAACACCACATTCCAGACACAGCAATGGCTGCCGACCGGGCGCCATACCGATGGCGCAAATTACCTGCTGGACGACGGACACGCCAAGTTCTTCAAGCCAGGCAATGTTGTCAACGCCCAGGACGATATTCACGCAATTTATTGGGGCCAGAGTTAGAACACGCGTCACGGTTAAGGGGGCTCAATGCGGATGCAACGGAAACCGATGGTCGCGGCCTGGGCAGTGAGCGCGCTTTTGCTCCTGCCCCTGGCGCAAGGTCATGCGAAGACGATCTCGTTTACAGGCTCGATGAAGACGCAGCTGGACTTCACCCGGACCTATGTAGTAGATGTTGGCGCGCCGCTCAAGACGCTCACTCTCAGCATTCCCATCCCGCAGTCCGGATCGATCTTCGGTTATGCGGAGACGACGAACGCGCCAATCATCGAATCGAGCGCGCCGGCGACCAGTGAGAAGGACGTGACCGATCATTTCGGCAACTTCACGCATGTCATGGAGTTTGACAACGTCGCACCTGGAACCCTCACGGTCCAGGTGACCGTCAAAGAGCTGACACTTGCCACGGATCTCGACACAGGGCTTCCGACGGCGCCGTTCCCGGTCGATGTCACGGACGGCGATGCGATCATCTGCCTCAAGCCCACGCAGAATTCACAAAGCGACAGCGACGAGATCCGCGCTCTGGCGCAGACGATCACCACGGGGGCCGCGGACGAAGCGGCGGCGGCGCGGGCGATTTCGACCTGGATGGTCAGCAACATCACCTACGACGACGCCGCTGACAGAGTGCGCACTCCCGCGCTGACGACGTTGGCGAACCACAAGGCTCGGTGCGACGGCTGGGCAAACCTCTTTATGGCGATTGCCCGCGCCTCCGGCATCCCCGCCCGTTACGCGGGCGGCTACTGGATCTCGCCGCAGATCTCATACACCGGCGGCGCCCCAACAATCCAGAAAGTCGCCTCCGACCAC
NZ_AP025739.1_gap126	4669280	4672259	2979	GAAAATCGAAGAGACGGTGGTCCAGTTGACGAGGTCGGTGGACGTCTTATGCGTGATGCCCTGGCCGTCCCCAAAGACATGATAGGTGCTTCCCACCTTGACGATGGTGGATGGATCGAAAATACCGTCGTCGCCCTCCATTGCCCACGCGCCTCCGCATGCAAAGGCTGCCGTCATCAATAGCACTAGCACAGTGGCGGCGCGCCGAATCGATTTCCCGCAGCAGTGGCGGGAGATCCCCTCGATCGCTTCGTTGACGTATCCTGAAATAGCGTTCATGTCCCATCCTTTCTCAAATGGCCGGCGATGGCTCCTCTGACGGATCAGTTCACAAGGTTTTATTGCAATTGTGACAATAGAATCATTTGTGATTGAGCTCATGGCGGAGAGGAAACTCAATGCGAAAGTTCATATTGCAATTGTTTCAAATAAACCGATGTGTCTTCTGCCGCCCACGCAGTCCAGTATAACACAAAGCCCAAAGGTCGTCAATATCAATTTATTACCTATATTACCAATTAATTATATTGGTAATATAGGCGCATTCCGCCATGAGTTGGAGGGTGGGGAGCGACGCGTGATTTGGGATCAGCTGCGTTCGATCTCGCTCGCCGCGCGGTCGAGCGCGGCGGTGATGGCGGCGAGGGATTCGGGCGAAAGCTCGCCTTTGGACAGACGCACTTGAATGGCGGCGCGCAGGTTGTCCATGGCGCGTCCCATTTCCGGCGCCGGAGGACCGCCGAAACGCATGCGCGCGCCCTCGATCCGGGCGCGTATCGCCTGTATCGCTTCGGCGTTGGCTTCGAGCGCGGCGCGGCCCTCATCGGTGACGCTGTAGAGCTTTTTGGTCGCCTGCGATTCGCTGGCGATCGATCCCGTTTCTTCCAGGAATGTCAGCGTGGGATAGATGACGCCCGGGCTTGGCGTATAGTGCCCGTTCATCATCTCTTCGATCGCCTTGATAATCTCGTAGCCATGCCGGGGCTGGACGGCGATAAGATCGAGGACGAGCCAGCGAAGATCTCCCTGCTCTAAAGGCCGCTCCGGCCGGCCCGGCCCTCGGCCAAAACCGCCAAATCCATGGCGATCCCGTCCATGGCGTCCGCCGCCGCCTCGCCCTTCCCATCCGCTGCCAAACATGGCCCTCTCTCCTTCGTCGATCGTATCCGCGAAGTCTACCCGATCCTCGCCCGGCGTGTCGCCTGGACGAGACCCATCGCAGCCATACCGACCGCGTCCATGCGGTCCAAACCCGTGCGGCCCGAAGCCATGGAGGCCGAACCCACGCGGTCCAAAGCCACCGCGCCCGCCATGTCCGTGCTCCCGTCCGCCATGCATTCCCCGAGAATCCTGGTGTCTGCCCCCGTGATGTTGATGTCCGTACATATTTTCTTCTCTTTCTTCGGAGCTCTGCTCCATTTGGTCAATTGTATATGGATCTATCTGAGATATCTTTTAGACAAATCTTAGATATATCTAATATGATTATACACGCAGACGAATAAAAAAGCAAGATGGAGAATTTTTTTTTGGCTTAGAGGACAGGGAGTTCTTGCGGAGTGAGAATTTGGTCGTCGAACCGGACCCGGATGCGGCCGGCGTCGAAGCGGACGCGCAGGTTTCGGTGTTTTGTCAGATAGAACAGGCCGACGATCGCGGCGGCAAAGCCCGAGGCGGCGCCGATGCAGAGCGCCCAGCGCGGGCCGAATGCATCCGCGACGCGTCCAACAATGGGAGCGCCGATCGGGGTTCCGCCCAGAGCGATGGCGAGGAGGATCGCCATCACGCGGCCGCGCATGACGGGTTCGGTCGCGAGCTGCACCGTGCTGATCGCGGTCGTGGTGAAGGTCTGCGCGGATACGCCGATGAGCGCGAGCGTGAGACCGAAGAGCCAGTAGCTAGGCATGACCGCCGCCAGCGCGAAGCCGAAGCCGAAGACTGCGGCGCCGGCGAGCAGCAGTTCGACCCGGGGCTTCTCTCGCCGGGCGGAGAGAAGCGCGCCGGTTACCGAGCCCACCGCCATGATCGACGTCAGCAGGCCGTATCGGCTCGCTCCCGCGTGAAACACGGTGACCGACATCGTGGAAATGAAGATCGGAAAGTTGACGCCGAATGTGCCGATCAGAAATAGCATCAGAAGGATGGCTTTCAGATCCGGACGCTTCCAGACATAGCGGAAGCCTTCGGCGAGACCGCCGCGTGTTCGCGGCGCTTTATTGCCCCGATGGAGCTCATGGACGCGCAGAAGACAGAGCGAGACGATCACGGCGGCAAATGACGCGGCGTTGATCAGGAAGACCCACCCGGAGCCTACGTTGGCGATGAGGACGCCGGCGATGGCGGGGCCGATCATCCGCGCGGCGTTGAACGATGTGGAGTTCAGCGCCACCGCGTTCGACAGATCCGCCTCGCCGACCAGCTCCGAGACAAACGTCTGGCGCGCGGGCGCATCGAACGCGGTGACGCATCCCAGCAGAAGCGCGAACACATATACGTGCCACAGGTGGACAAGACCGGCGACGGTCAGCAGCCCCAGCCCGAGCGCCAGGGTTCCCATCGCCGCCTGGGTGGCGATGAGCAGCTTCCGCCGGTCGAGATGATCGGCGGCGAACCCCGTCAGCGGCAGCAGGAGGACCTGTGGTCCGAACTGAAGCGCCATCACCACGCCGACGGCGGTGGCGTTGTGGTGCGTCAGCTGGGTGAGGACGACCCAGTCCTGGGCGGTGCGCTGCATCCATGTTCCCACATTGGACACGATCGCCCCGCCGGCCCACATACGGTAATTGAAGCTCGTCAGCGAGCGAAAGGCGCCGCGCATCGGGACGCTCACGCGCGGCTGCTTTCCAGCAGGTCGAGGATTTCCTGAGTCGTTCCCGTTTCGCCCAGCTTCGGAAAGATTCGGGTGACGCTGTTGATATGGGCGTCCATGTTCATGTCGGTCATGGCGTCCACGGCGAGGGTGACATGGAATCCGAGCTC
NZ_AP025739.1_gap127	4674255	4677933	3678	ATGGCGGGGACGACGAGGTACGGAGCAAGGTCAAACTTTCGGGCGCGCATTACAGTTCCCTCCGGCTGAACGAGATCGACGCCAGGGTGAGCATGGCGGCGGTGTAGCAGAGGCCGTACAGCGCCGTCTGCCAGAGATATAGGTTCGGGACGGTCAGATGATGGACCAGAGCGTCCTTGAAGTTGAAGCTTTCCAGACTTGGAAGCAGATGATACAGGCCGTTGATCGTCACTTTGTTGAACGCGCTGGGATGCTTCGACATCAGCGACGTATACAATTGGAACTTGACATTGCCCAGCAGGCAGATGACGACGGAAAGGAACCACGCCAGCGGCCACGAGCATACCGTGGAGAGCGTGAGCGAGATGGCGGCGAGGATCGCCGTTTCCAGAAAGAGAAAGGGTACGACGTACAGGACGGCGAAGTCGATGTGTCCGGCGAGGAACCACCACTCCACGAAGACGAACGCAATCGCCATGACCGCCATACCGATCGCCACCGTGCCCATGGCGCCGGCGAACTTGCCCAGGACGAACTGTCCTCGGCTCACAGCCTTCGCCAGAACGGGATAGACCGTCTTCTGCTCCATCTCGCCGGGCAGTCCCGTCACGGTGATCGTGATCGCGATGGCGGCGCTGACGAAGAACATGGAGGCCAGCGAAAGGTCGGCCAGCATCTTCGCCTGGACCTTGTTGTCGAAGTGCGCCAGCACCGTCGCGCCGAAGATCATCACGACCGCGACCATGAGCAGCACATGGAAGACCTGCTTGCGCGCGCCTTCCAGCATGGTGATGCGGCCGATAATTCCAATATTGCGCAATGCCTGCATAGGGTGGGTGGCTCCTACTGTCCGGTCGATCCGACCAAGCGTAAAAAGGCGTCTTCCAGCGTCTCATGCCGCTGCGTCACCGAGATGACGCGCGCTTTGTGCTGCTCCAGCAGCCCCATGACGCGGTACAAAACGGCGGCGGGCGCCACGAGGCGGCTGCGAAGCCCTTCGGCTTGCGGCGCCAGGGATCCGCCGAGCGTCGCGATCTCCTGCGCCAGGGTTTCGTCGCCGTCCATCGATTCCAGAAGCACCGCGACCTCGTCGTCGCCTTGCGTGATCTCGCTGGGAGCGCCGCAGGCGACAAGCTCGCCCTGATGCAGCACCGCGACCCGGTCGCACAGCGATTCCATTTCGGACAGCAGATGCGAGGAGATAAAAAGCGTCTTGCCTTCGTCCTTCAATTCCTGAAGCAGCTCGCGCAGCTCCTTGCGGCCGATGGGATCGAGGCCCGACGACGGCTCGTCCATGATCAAAAGCTGGGGATCGCCGGCGAGCGCGGTGGCGAGACCGACACGCTGGACCATGCCTTTGGAGCACTTGGACAGTCTCAAATTGCGGTACTCATAAGCGCCGACGCGGCGCAGCAGCGCTTCCGTATGGTCTTTGCCAGCGCGGCCGTGCAATCCGGCAAAGCCGGCGTGCGCGGCGACCACTTCCTGGGCCGTCAAAAACTTGGGGAAATACGGCTGCTCCGGCAGGTAACCCACGGCGCGTCGCGCGTCGGGATCCTCCACCGGGACGCCAAAGAGCGTGGCTGATCCCTGCGTGGGCGGAATGAAGCCGAGGAGCATTTTGATGGTCGTCGTTTTACCGGCGCCGTTCGGGCCTAAGAAACCGAAGAGGCCGCCTGCGGGAACATCAAGATCGAGATTCTTTACGGCGAGGCGCATTTCTTTACGCCGGGCTGCTGGATATTCCTTGCGAAAACCGGAGATATGGATCGCTGTGTCGGTCATGGCGTTAGGATTCCTATAAAGTGGGAACAGGTTCCGTTATGATTATCGGCTGTTACCGGTGTGACTTTAGGGTAAAATACGAATAATTATGGTATTTCAACCTGCGTACAGCCATCTCTCCGCCGCCGAGCTCCAGGCGCGGCTTGAGAAAGGCGATCAACCCACACTTGTCGATGTCCGCACCCCCGGCGAATATTTCCAATATCACCTCGCCAATATTCAGCTGATTCCGATCGATGAATTTGCGTCTCGCTGCCAGAGTGAGCTGAAGGCGGACGATGAAATCGTCTTGATCTGCGAACATGGCGTGCGCAGCGAACGCGCGGCGCAGTATCTGGCGTCGCTGGGCTACGAGAATGTGGCGACGATGGACGGAGGCATGGCGGCTTACCAGGGAGAGGTAATTCATGGCGAATAGCACGGAGCATTTTGAGCGGCCGATGGTGAAGACACAGGAAGATCTCCTGGCGTTGGTCGCCGATTTACGCGCGGCGGGACGGTTCGCCCTCGATACGGAGTTTCTGGCCGAACGCACCTACGTGCCGCGCCTGTGCTTGATCCAGGTGGCGACCGACGATTTTATCGCCCTGATCGATTCCATCGCCGTTCCGTCGCTCGATCCTTTTTGGGAGCTGGTCAACGATCCCGATATCGTGAAAGTGCTGCATGCGGCCCGGGAAGACCTTCGGCTTTCTTACTACGGTAGTCGGGGATTGCCGCAAAATGTCTTCGATACGCAGGTCGCCGCCGGCCTTATCGGTCTGCCGCAATATCCCCTGAGCTACGCGCGTCTCGTGGAGGCGCTGGCGGGCGTGCGGCTGGGCAAAACGGAGACGCGCAGCGAGTGGGACCGGCGTCCGCTGTCGCCCGAACAGCTCAAATACGCGCGCGACGACGTGCGCTATCTGCTGCCGATCGCGGACAAGCTCGGCGCCATGCTCACGAAGATCGGCCGGCGCGGCTGGCTGGACGAAGAGATGGCGCGTTTCTCCACGGCGATTGCCTACGAACCCGATCCCAACGCCGCCTACCAGCGGATTCGTGGGCCGCGCTCGGGCCTGACGGCGCGTCCCACCGCTCTGCTGCGTTCGGTCGCGGCGTGGCGCGAGCGGGAAGCCGCCGCGCGGGATATGTCCGCGCGGCTCGTTTTAAAGGATGAGGTGGTGACGGAGCTTGCGCTGCGCCCGCCGCGCCGTATTACGGACTTCGTGAAAGTGCGCGGCTTCCCCATCGGCGAGGAAACCACGATCGGGCCGGACATCCTGGCGGCGCTGGACGCCGCCCGCGCGATCAAGGATGAAGATCTGCCGGAGCCGCTTGCGGGACAGGATGACGAGACGCCGCAGCAGCGTGTGATGACCGACCTGACCGCCGCCATGGGAGCCGCGCTCTGCCTCGCGCGCGGCATCGCGCCGGAACTCGCCCTGACACGGGCGTCGGCGTCGCTGCTCGTGCGTGGAAATCCCGCTGCGACGCTCCTTGCCGGCTGGCGCTACGAAGCGATCGGACGCGAGCTTCAGTCCTTCGTCACGGGCGCGTCGCCCGCGCTGATCAGCGTGATCAACGCCGCGCTGGCGGTCAAAATCGAGGTTCCCGCCAAAGACGCATCCGAGGCCGGGAACGAATAGGTAGGAATCGCGTTGATAGGGTATAATACTTTGTGAAATATAGTGCAAAGTGCGCCATCACGCAGTTTTCGCCGCGTTCGTATTGGAATGGAGCAAGTCATCATGAGTATGAGGCTGTTTGAGACCGCCGGCCTGACCGGCATCTACGACAAGGCGATGTCGGGGACGCGCCTGAGCGCCGAGGACGGCCTTGCGCTTTACGAGAACCCAAACCTCAACGCCGTAGGCGCGCTGGCGAATATCGTCCGCGAGCGCATGAACGGCA
NZ_AP025739.1_gap128	4679563	4684283	4720	ATGGAGAAGTTCCCCACGGTCATCCTGCACGCGCTTTCGCCGGCCGAGATCATCTATATCAAGAACATCTCGAAGCTGACGATGGAGGAGACGCTCACCCGTCTGAAGGCGGCGGGACTGCACTCCGTGCCCGGCGGCGGCGCGGAGATCCTGACGGACCGTGTGCGCGACTTCATTTCGCCCTACAAAGACAGCGCCGAGGAATGGCTGGACTGCATGCGCGTCTCGCACAAGGTCGGCCTGAAATCTTCGGCGACGATGATGTACGGCAGCATCGACACCGAGGAAGATCGCGTGGAGCACCTGCGCAAGCTGCGCGACTTGCAGGACGAAACCGGCGGCTTCAAAGCGTTCATTGCCTGGAGTTATCAGCCTGATGGAACCGAGCTCGGCGGAACCCGCGCCTCGTCGTTCGACTACATGCGCACCATCGCCATCGCGCGCATCTACCTCGATAACTTCGAGAACCTCCAAGCCTCCTGGGTCACCCAGGGCCCAAGGATCGGCCAGCTCTCGCTGCGCTACGGCGTCAACGACTTCGGAAGCACGATGATGGAGGAAAACGTCGTCTCCACCGCCGGCTGCGTGTTCACGGTCCCGATCGAGGAGATCGAGCGCTTGATCGAAGACGCGGGGTATACGCCCCGGCGGCGCAATACTCGCTATGAGTTTGTGGATTAGGGAGCGCCCCATCCCTTGCAAACCCACCCCGGCGCTTCGCGCCACCCCTCCCGCGACGGGAAGGGTTTGCAAGAGACGCTCTTACGGAGGCTGCCTGCGATGTCGATCCGAATCACCCTTCCCGTCGCGGGAGGGGTGGCGCGAAGCGCCGGGGTGGGTTTGCAAGGGATGGGGCGCCCGACCTCAACCTCTCGCGCCACGCCATCCCACGCCGTCGCAAATCGAAGACTCCCCGCGCCGTCACTGCGCAATCTGCCGGCGGCCTTCCCGCCAATCTTCCACTCATAAACCGTGTTCGGCATTAAATGCGCCACCACGTACGCAGCTTTGCCTTTCCCCGATCCCAACTCCGTCCAGCGTCGCGGGGCGTTCGCATCCGTCGGCCAGCTTGCGATCTGAATCGTGACGCGCTGCCCTTTGGCGGGCGTGACGGACAGCGCCCATTCTTTGCTCTGGCCGGGGAAGTATTCCAGACTGTTATTGGCGGCGTTCACGGCGAATGGAGACGTATCGCGGATCGTACAGTTGTTGGCGGTGATTGCGCTGCCATTCGTGTTCAAGTCGATGACATACTTCTGGCCGCGTAAGAGGTAGCGGAGCTGTGTGCCGTTGAGCTCGCGGCTGAGATGCGGCTCCAGGTAGAGACGGTTGGGCTTGGGCTGGACGCCGTAGATGTCTCGGTAGAGGCCGACAATGGTCATGCAGTTGCCGGCGAGGATGTCGTCGCCGGCGCCTTCCTGGGAGCCGCGCAGATATCGCTGGCAGGACAGGCCGTCCTTGGCGTAGCGCGCCAGGGTCTGCTGGACGTATTTGAGCGCTAGAGCGGGATCGTAGGCGGCGTAGGCGCGGACACCGACTTCTCCCCACGACATGAAGATGTCGCCGTTCTCATAAGTCGGGAATGGGAAGTTGGAGGACGCGGCCTCTTCCGGCAAAAAGCTGGAGAACGTCAGCGGCCAGAAAAACAGCTTCTCTTTGCGCATCTCGGCTTCGGTCCTGTCGAGGATGGCTTTTCGGCGCGCTGGATCGTCGCAGAGACCATAGGCGATTGCGGAGAAGTTGACGGGTGTGACCAGGTTATCGCCGTGGGCGGAGCCGTCCTTGTCGCGCCAGTACACATACCATTGATTGGCCGGGTCCCAGAAGCCGCCTTCGCCGATTGGCTTGTTGAAGGCGGACTTCAGACGCGCCGCGAACGCCCGGTAGGACGACGCCTTTTGCGTGTCTCCCAGGGCGTCCTCGGCATCGGCCCAGTGGGTCAGCGCGTAGTACATCTCGGCGTTGACCAGGGCGTTTTCGTAGGAGGCCCAGACGATGTCGAGCCAATCACTGCCTTGGTGTTCGCGCTCGGAATCGGTCCGCATCGCCGCCAGCCCCGTGTTTCCCACTTCCCGCCGTATGAGATAATCCAGCGCCTTTTCACAGGTCGCCTTTTGTCCCGCCAGCCACGGGGTATCGCCGGTCAGGTCGTAGAGCTCGGCGGCGTCGATGACATAGTCCGTCTGGGAATCCATCAAGTATCCCCACTGCGCTTCGTAAAAGCCGTATTCGTCGTACGTGCCCGGCATGGCGTCTCCGGCATCGTAAGTCCATCGGGATTTGACGCGCCCATCGGCGCCGATTGCGTGGTCACGCTCAAAGTTCAGTGTCGCGGCCAGGTTGGCGGTATAGTTCGGATCGGCCAGCGCGAGCGCGATTTGCCCGTACCATTGCTCGTGCAGGCAGATGTAGCCGGACAGCCAGCCGTTGCCGCCCGTCAAATGGGTGTCGATGACGCCGTATCGGCTCACGGTGTTCATCAGTTCACGGATACCGTCGCCATCCACGCCGCGAAATGTCCCGCGGTCGTAAGCATCTCGGTATGACGGCGCCTGCAAGGTCAATGTTACGCGGACTTCGCCGGGGGAAACCTGGAACGGCGCCCAGAGATCTCCACGGTCGGGCAGGTACCGGCGAAGTTCGTGGTTCGGTTTGAGTTCTTCTTTGGAGACGCTGAAGTGCATCGACTGCTGTCCGGAGCGCTGGTGGGAAAAGCGGACCGCGCCCTGGTAACCCGGCGGGAGGGTGGGGGTAATGCGCAGGCAGTCGTTGGCGTCAGGGTTCCAGAATGTCACGGCGCTGGTGTGCGCCCCGTAAGTTGCGTCATTGGACGCGAGATACTTGTTCCACACCACGCCGCCGTTTCCCAGGACGCCGCCCTTCCAGGTGTCTATCGCGGCGAAGTTCCACTCGGGGAACCCGGTATCTTGCAGCGTCGCCGCCGTGGGATAGCGCCGTTGGATCGTCCATTCAATTCCGTCTGGTTTCGTTTTGAAATACCAGGTTTCGCGAACCTGGAAGTCCGGCTTGCCGTAGACGATACCGCGGACAGTGAGCGTGTTCTTGCCGGCGGCGACGTTTGGAGACGCGCCGCCGGTCCGGGTGGTATACCATTGTCCGTCGATGCGGACACCGTCCGCGACGCCGTCCGCGCCGGCCACCTGGCGGCCTCGGACAGTGATCTGATCCAGCATACATTTGCCGTCGTAGCGGAGGCGCAGGGACAGATCTCCCTGACCGTCGGTCATCGTCACAACCTTACGATCGGCGTCCTGGCGCACCGCGCCCTGGCCCCCCGCATGGGCTGCGCCTTCGAGAAACGCGAGGGCGGCGCCGAGAACCGCAATCAATGGCTTTGCTATTTTGCTCATAGGATTGCCTTGTATTATAAGCGCTGACGTGCTGGGATTGATATGGCGGAATTGGCAAAGAACTTGTCTGTTTTGGCGAAGCGCAAAAAAAGAGCCCTCCATTTTTGTGGAGGGCTCTTTTTTGCTGTGATTGCGGCTGCGGTTTACGACTTCGTATCGGCGGTCGCGCTGGGCGGCGTCTGCGACTTTTTGCGGCCGGCGAGGATACGCTGGCGTTTGGCGGGTTTGGACCGCCAGCCTTCGGAGGTCACCAGCGTGCCGAAGCAGAGGTCGGCGAGCGGGATGAAGACGTTCAGGTTGCGCAGCATGTATTTGTGATGCAGCCGGTGGTGCTCTTTGATGAACTTGAACCAGCGGTAGCGCTCCACATAGTGTCCCTTGGGAACGTGCATCAGGTAGTGCGTGTATTCGTAGCCGGTGAAGTAGATCACGCAGCCCACGAACAGGCCCAGAGCAATCGGGGTTCCGCGCATCGCCGGGATGACGAGGCCGATCAGCCACTGGAACAGGATGAAGAACGGAACGTGGAACAGCATCATCAGCGGGAAGGCGTACCAGCGGAGCGCCACATGCGGCGGCTTACCGGGGCCTTGGGCTTCGAATGTCTTGTCCCATTTATAGATCTGGTGGTGCACTAATGTGTGCCCACGGAATGCGTCATGCAGCGGAAAGTGTTTCTCGTGCATCAGGTAACGATGGTTGAACCACTCGAAAAAGCTCGAGTAGGTAAAGCCGATAATCCCGGTGATGACGGCTGTACTGGCGATTAACAGGGTCACGCGACCTCCCTCAGACGGCAAACATCGTCCGGAATCGGCCCGGCGATGGTAAATCTACCGTATTGTACCAAAGCCAGCTCTCGATGTCAACGGAGAATGGGGCTTCCATGTGCTATAATGAATCCGCTATGTCAAAGCCGAACTCGCAAACACACCTTCGCAACATCGCCATCATCGCACACGTCGATCACGGCAAAACCACGCTAGTGGACGGCATGCTCAAGCAGGGAGGCGTCTTCCGCGCCAACCAGCATGTCGCCGAGCGTGTCATGGACAAAATGGATCTGGAAAAGGAACGTGGCATCACCATCGTCTCCAAGCACAACGCCATTACCTACGGAGATATCAAGATCAATATTGTCGACACGCCCGGACACGCGGACTTTGGAGGAGAAGTTGAGCGCGTTATGAGCCTTGTCGATGGTGTTCTTCTTCTTGTCGACGCCGTTGAGGGACCGATGCCGCAGACGCGCTTCGTTCTCGCAAAGGCGCTGCAGGCTGGCCTCAAGGCGGTCGTCGTCGTCAATAAGATCGACCGGCCGCAATCGCGCGTCGATTGGGTCGTCGATC
NZ_AP025739.1_gap129	4728196	4730149	1953	TCCATGTGGCGCAGCTCTGGCCGCGCTCGGAAAGCAAAGATTACCCGAGCGAGCGCGCCATGCTGCGCGATCTGCATTTCGAGCCGATGGCCGGCCCCAAGCGCATCTTCATCATCAAGGAAGCCGAGGGATTGCGCGGCGGCAATGAAGCCTCCGCGAACAGCATTCTGAAGTCTTTGGAAGAGCCGCCCGCCTACGCGCACTTTATCTTGACCGCAGCGTCCACGGCGGGGCTACTTCCGACGATAGTTTCCCGCTGCCAGGTGATCCATTTCGGGCTGCTGCCGGCGGGCGAGATCGAGACGATCCTGATCGCGCGCCACGGCGCGGATCCCGATCAGGCGCGCTTTCTCGCGGCGTACTGCGAAGGGCGGATCGGCCGCGCGATCTCTCTGCTGCGTTCGCCGGATCTGCTGGCGGGCCGCGATGAACTGCTCGATCTCGCGGACAGGGCGCTGCGCGCGCCGCAGATCGCCAGTTTCAAACTGGCGGAGGAATTTCGTAAGCTAGCGCCCAAGCTTAAAGCGGACAGCGGAGACGCCGCCGCCGATGAAAAAGAACGCGGCGCCCGGGAGCCGGTCCTGAACGCGCTGAGCATGCTCGCCGTGTATTTCCGCGATTTGACGGCGCTGCGCGTGATGGGGCCATCCAAAGCCGTCATTATCAACGCCGACCGCGCGGAGCATCTGAAGAAAGGCGCGCCTCTTTATTCCGAGGAAGCGCTGGTGAAGGCGCTGTCGCTGATCTTCGCGATCCGCCAAGGGATCGAGCGCAACGCCAACGCGCAGCTCGCCACGGAACTGCTGTTCGCGGAGCTCGCCGCGCTGCGGACGGCTCGGTGATTGATTCCCGCATCCTCGGCGGTGGGAAATGGCGCGGCGGTGCGCCGGAGGCGCGTGTATGTATCTGGTGCTCTACCGTAAACCGCATACCGTCATCGGTTTCGCCACCGGAGAACCGCCGTCTTCGTTTGAAGTCGCCGGCAACCATTACGAGCGCGTCACGACTCCAAAAATCACCGCCACATGGCGCGTGGACGAGCAATCCTACCCCGTCGCCATCTTCTGCCGTCTGTCTCCTGGTCACCGCTGGCCGGCCGATATCGAAATCCTCCCGCGCATGACCTGGGAAGGCGACTGCCTCGTCTTCTGGCTCACCACTGAACGCGACTTCGAACGCCGCGATCTCCTCTGCGACGACGTCGTCCTCTACCGCTCCGGCCCCCGCAGCTACGCCTTCTGCTTTTCGCTCGTCGGCGTTCATCACCCGCCGGTCGCGCACCCGTTAGTCTGGCCCAGACCATACTGAGTTCGGATTGCAAACGTGTCTCCGGCGCTTCTGCCGCCCCCTGCAAACCCACCCCGGCCCTTCGGGCCACCCCTCCCGCCGACGGGAAGGGTTTGTAAGATTGCCTCTGACGAAAGCCGCCTGCGATAACACGCTCTGAAATAACCCTTCCCGTCGGCGGGAGGGGTGGCCCGAAGGGCCGGGGTGGGTTTGCAGGGGGCGGCAGAAGCGCCAGGGGAGGGCGTTCTACCGCCGCACAACCGCGCCGTTTTTCGCAATGGCTCCAATAATATCCGACGCGACCGTACGGACGTTGGCGTCGGCGTCATGTACGGCGACTTGTCCGAGGGTCGCCTTTGCCGTCACGACCTCCATCGGCCGGCGATAGGTGACGTCGTGGACCGCCAACATTGCGCCGAGCGACTGCACCGCCGCCAGGCGCCACTGAGCGTCAGGGTGCTTTTGGGCCGTCTGCATGGCGAGCGCGACGTTATCGGGGTCCGTGGACGAAAGCTTTTGCAGCAGCGCCGGGTCTTTTTTTTGCGTGCGCCATTGAGAGGCGATTTTGCTTTCGCGCGGGCTGTCCCAGAAACAGTACTTGACGACGTAGACGGTCGGCGTGAGAAACAGGATCAGGGCGGTGACGCCGGTGATGCGCAGGATCCA
NZ_AP025739.1_gap130	4731377	4732714	1337	TCCGCTGGCGCAAGGCCCCGCCGCCATCGTCTCGCGCTACGGCGACGAGTGCGTGTTCGGCGTGGACGCTCTTGGCCTGCGCCCGCTGTGGTTCGGCGAATCGGCCAGTGAATACTTCTTCTCTTCGGAGCAGGGCGTCGTTCCGGTTTCCGTCATTCTCGGCCATCCCAAGCCGCTGGCTCCGGGCGAAAAGGTCGCGATCCAGGTCCGACGCGGCGAAGGCACGGATGTCATTCCGTATCACGAGCTGCAGCGCGCCGCGCTGACCCGCTCGCGCGGACACTGGGACCTGAACCAGGTGCATAGCTCGCTCAAGATCGGCAAGGAAGTCACGGCGTACGACGCCAGCCTTGCCCTGAATGCGCCCGAAGCGCTTCCGCTGGAAGCCAACCGCGTCGCCGCGTTCAACTGGGCGACTCAGGACGTCGATTACATTGAAGCCCTCTGCAAGACCGGCAATGAGCCGATCGGCTCCCTGGGTTACGATGGACCGCTGGCGGCCCTGTCGCCCGAGAAGCAGTCGCTCGCCGATTACTTCAAGGAAGCCGTCGCCGTCGTCACTAACCCGGCCATGGACCGCGAGCGCGAGATGGAGCACTTCTCCACCCGCATGACGCTGGGACCGCGCCCGGGCCTGACCGAAAACGACGCGCTGCCGGCGCACGCCATCGAACTGAAGGTTCCGATCCTGACGGATATCGCCGCCACCGGTTCGGATCTGGACGCGAAGCTGATCGCCGAAGCGGCCTCGAAGGTCGGATCGACCTCGCTGGAAGGCGTCTTCGCCTACTTCGGACCGGAAAAAGTCTCCGTGCTTCCCATTGTCTACTCGACCTCGGAAACGGTGGAGACGACCATTGAGAAGCTGGCGGCGCGCGCCGTGGAGCTGGTGCAGGGCGGGGTGGAGATCCTCGTTCTGGACGACAGCACGGCGTTCACCGAGAACACCATTCCGGTGGATCCGCATCTGGCGCTGATTACAGTAGACCGGGCGCTCCGCGCGAAGGCCGTCAGCGACGAGCTGGGCGCGGCCGCGCTGCGGCGTTCGACCAGCCTGGTGCTGCGCTCGGGCGGTCTGCGCAACCTGCACGACATCATCTTCGCGGTCGGCAACGGCGCGGACGCGGTTGTACCTTACCTGATGATGCGGCAGGCGATTGCCGGCGGCCCCGCCGACACCACTGAAGAAGACAAGGCGACGCGTCTGTATAAACTTCTTTCGACCTTGCAGAAGGGCTTGGAGAAGGTCATCTCGACGATGGGCACGCATGAGCTTCGCGGCTATGGCCGTATGTTCGCCTCCGTCGGCCTGCATTCGGAAGTCGCCAACGCGCTGG
NZ_AP025739.1_gap131	4741677	4744305	2628	CTCCATCCTTCGGCGTCGCTCCGGCGCTGCAGCTCCAATGCGAACAAAAGACACGCCAGCTTCGACTGGCAATAGGCCCGCATGGCGTCGTAGCCGCGCTCGGACTGCAAGTCGTCGAAGTTTATCTGGCCGGTTCGATCCGCGACGCTGCTGAGGCTGATCACCCGTGGGTTTTGCGCGCGCCGCAGCAGCGGCAGGAGCCGCTCGGTCAGCGCGAAGTGTCCGAGATAATTCGTGCCGAACTGAAGCTCAAACCCGTCCGATGTCACCTGACGCCGTGGCGGAGCCATCACCCCGGCGTTGTTGATCAGCATGTCCAGCCGTTCCCGCTCCGCGCTGATCCGAGCGCCGAACGCTTGGATGGAATCCAGACTGGCTAGATCCAGGCTCTCGAAACGGACGCTGGCTCCAGGAACGCTCGCGCGGATCTTGCGCACGGCCGCCGCTCCTTTATCGGCGCTGCGGCCAGCCACAATCACCTCCGCCCCGGCGCCCGCCAGCGCGAGCGCGGCCTCCAAACCCAATCCTCCCGTCCCCGTCACTATGGCGGAGCGCCCCACTTGAGAAGGGATCTCGGATACAGTCCAGCCTGCCATGGTGTTGTCCTTTCACGGAAGATTGCTCAGGAAATCATGTGGTTGATGGTATCGAAGACAGAGTCGAATTGGCCTGTCTCCGCCGCGAAGCGCAGTAACTTAGCTCTCTCCACGCTGATTTCCGTGGCCGACGGCTGCGTGGTCAAAATCTCCATCGTTTCGGCGATAAACTCGTCCAGAGGCATCATCCGGGGATCGCCCGCAGACTCCGCCAGGAGGCCCGTAGCCACGCCGGGCGGGATCAGCTCGATGACCTGCGTCGTTGTGTCGCGCAGCTGGAACCTCAGTGATTGCGTGTAAGAGTGGAGGGCCGCCTTGGCGGCGGAATAGGTGGGAGTTAGCGCTAGGGGGACAAACGCCAGTCCTGAGGAGACATTGATAATCGTCGACTGCGCCTGGCGCTGCAAATGCGGCAGCAGGGCGGCGGTCAGACGCAGCGGCCCCAAAATATTAGTTGCGATCGTTGCTTCCATATCAAGCAAATTATTCTTGGGATTGAGCAGATTTTCCGAGCGCATAATGCCGGCGTTGTTGATCAGGACGTTGAGCGCGGGAAAGTCGCTCACGATCTGGGCGGCGAAGCCGCGGATCGACTCCGGATTTTCAACATCGAGCGCCGCGGACGCCATGCCCGGATTTGCGGCGGTGACTTCGTCCAGGACCTGCTTGCGCCGGCCGGCAATGATGACCGAATTACCGAGCGCATGGAAGGCTTCCGCCAACCCCCGGCCGATCCCTGAGCCGCCGCCCGTGATGAGAATGGTATTGTTTGTGGTATTCATGTTCGAAATACGGTATCCTTTATTTGTTATGCTGACATTTATTGTCACAATGTCATTATTGACAAATTTCGTCAATTTGTCAAGGTGTAAAGTCCATGGATGAAAAAAAAAGAGAAAAAGTGATTCAGGCCGCCCAGCAGGTCTTCTGGCGATACGGCTTCCGCCGCGTTACGATGAACGAACTGGCGGAAGCGGCGCAGATGTCCCGACCGGCTCTGTATTTGGTTTACCCGTCCAAAGAAGAGATCTTTACGGCGGTTGTTGAGCGGATGTTTGAGACGAAGTTTGAGGAAGTGCGCCAGGGCGTCCGTGGCTTGACGACGGTGGAGGAGCAGCTGACGTTCGCCTTTGAAGCCTGGTCCGTCCAGGCGTACGCGATGATTCAGTCGTCGCCGGACGCAAAAGACCTGCTGGAAAGCAGCTATGAGTTTGCCGCCGAGGCGACGGCCCACTGGTACGCCCAGTTTACGGCGCTTGTGGCGAGCATCCTGGAGCCGCTGGCGCCGAGCGGGAGCGGGGGGAGTATGACGGCGGATCAGATCTCGTATGTGATGGTGAACGCGGTTCCCGGCTTCAAGCGGACGGCGGAGAGTGTCGAGCATCTGCGCCGGATGATCGGCGATCTGATCAAGATCGTGCTGGCGAGCCTGCCGGCAAATGCGCTCCCCAGGGGCACGGAAGGATCGGCGAGCTAGCGCGATGAGGGAAGGTGGACGCCGCGACGCCGCAGGAACGGCCGTTCAAAGGCTAAAAAGAAGCCGTAGCAGCAGGCGATAATTATCGGGACGCCCACAAACAGCAGCGCCATTGCGCCGCGCTCGCCGGAGAGGGCGTGATGGAACGGCGTGACGCCGTACCGCCAAAAGAGATTGATGAACGGGATGTGCATCAAATACAGGCTGTATGACATCGCTCCCAGCGCGACGAGCGGTTTGGCGCTCAGCAGGCGCTGGCACAGACCGGGGCGGGACGCGACGATGAGCAGGGGCAGAACAAAGACCGACATGGCGAGATCGCCCCAGGCCTCGTCGATGTTCCAGGGGGTGTGGCTCGCGAACAGCCCGACGACGCACGCAAACCCCAGCGCCGCGAAAATGTCCCAGCGGACGCGCTGGCGAAGATCGGCGTGCTTTGGCGAATAGGCGATTTCGGCGGCCAGCATCCCGATGGCGAACAGGACGACGAACTGCGGGCACGCCGCCGGGAGGGCGGCGCGCGCCGGTAGGTACAGGGCGACGCCGACAATGGTT
NZ_AP025739.1_gap132	4748459	4749549	1090	ACGTTCAGGCCCAGGCGGCTGTGCGCGGCAATCGATTCGTACAAGGCTCGATACAGCACTGCAACCAGAGGTTCGAGATCGGGGCGCTCTCCTCCGGGGCGCAGACCGATGCCGGGCTGATACCGCGCTGGAGTCGCCTGCATCATCCGATCGACTCCCAGGTTGATCCACACGCCGTCAAACGTTTCCTGGATCGCCGTGACGATGCTCGATTTGCCCGAGCGCGGCGTCCCGTTCAAAATGACAATCTGGCCCGGCGTCTTGTTTGGATCCATGGTGCTATTCTCGCTTTGGATGGGGACTTCGCATGAATACTCAATCCCCTTACTGAGCCGCGTGGGAAGGCGTTCCCGAAGGACGCGATCCGTAAAGCGCGCCTCAGGGCTGCTGTGGTATAATATCGCGCGATGACTGACACGGCCGAACATGTGCTGGACGCGCTGCGGGATGCGACGCGCGGGACGGATTACGAGGGCCGCCTTTATCTTGTCGGCGGCTTCGTCCGCGATAAAGTCATGGGGCTGTCCTCGGACAAGGACGATATCGATCTCGTCCTCGAAGGCGACGCCCTGGCGCTCGCCCATTTTCTTCACGAACGCGGCGTCGCGCAGCATTTCCCCGTTGTCTACCCACGCTTTGGCACCGCGATGGTGGTGGTGCTGGGCCGCGACGTGGAGCTAGTCACGGCGCGCGTGGAATCCTACGCCGCCGACAGTCGCAAACCCGACAGCGTGAAGCCCGGCACGATCACCGAGGACGCGCTGCGCCGGGACTTCACGATCAACACGCTTTTGGAGCGGCTGCATACGGGCGAGGTGATCGATCCGACGGCCAAGGCCTTCGACGACCTGCGCGATCGTATCATCCGCACGCCCGCCGAACCGCGTCTGACCTTCACCGATGATCCCCTGCGCATGATGCGCGCGGTGCGCTTCGCCGCGCGCTTTGGCTACGCCGTCGAGTCGGCGACCTGGGCGGCCGTTCTGGAAGCCGCGCCGCGCCTGGCCATCATCTCGCGTGAGCGCATTCGCGATGAGTTCTGCAAAACGCTAATGACGTCGCGCCCGACTCTGGGCATGGAGCTGTTTCG
NZ_AP025739.1_gap133	4757596	4758476	880	TTGATCGGCTACGGCGAGATCGGCAGTGACGGCTGGCAGTCCACCATGGGCTTCGCGCCGCTCGGCCAGGCCTATGAAGAAGCCTTCGAGCACGACCAGCGCGTGGTGCTGGTAAAGATCAACGACAAACAAGACGTCTGGCCGGCGCTGAAGAAGTTCTTCGCCAAGGGGCATCCTGAAGTCGCGGCGCGGTAGACATTGTATTTCATTCGATCACTGGCGTCCATGAGCGCCCCGGTTATAAAACCCGGGTCTGGGAGCGCAAGGCGCTAAGCGTCCGTGCCGGACGCAAATGCCAGCTATCGACAACATGCTCCTCCGTCCGGCACGGACGGTTAGCGGCTCCTGCCGCTCCCAGACCCGGGTTTTATAACCGGGGACAACGCGACCGGATATCCATCCGAGGCCATGGGACGCGGCTTGGTCGTTATCCTCTCTTGATCGAATGGGGTTACCTACTATCATGGGCATGTCTCTCTCGGAACGTGATGAGCTGGAGCGGTGGATTGAGATCATCTGGGATCAGGCGCGTGAGTTCGGCCTGGATCCGTATCCCACCCATTTTGAAGTCGTCCCGCAGCATGTGATCTATGAGCTGGGCGCGTATGGACTGCCGGCGCGCTTCTCGCACTGGACCTTTGGGCGCGATTACCATCGCCAAAAGACGTCGTACGAATACGGCATGTCCAAGATCTATGAGATCGTTTTTAATACCGACCCGTGTCAGGCGTTTTTGGTCGAAGACAACTCCATGCTGTCCCACAAATTCGTCGCTGCGCACGTGCTCGGGCACTGTCACTTCTTCAAGCACAACTCCTACTTCCAGCACACGAACCGCCGGATGATCGAGCAGATGCGGGTGCACGCCGAGCGGATCGCC
NZ_AP025739.1_gap134	4759564	4763016	3452	GCCGGAGACGGCGCTGGGATGAAAGAGCATCGCGATGCATGGTTTACCCAGCGCACGTCAAGAAAAATCGGCGTTCCAGAAGCTTCGCCACTCGATCGAAGTCAAGCGAATCGCCGGGCGCTCCGCCGCTCTCGCGGAGGCGCTGCAAAACTATCCCCTGCAAAAACTGCTGGCCCAGGCCAAAGGGCGCGTGGTCGAGACCGCTCGGGTCCGGCCGCTTGAAGAGCGGGCGTCGCGTGAGGCGCGCGCGCAAATCATCGCCTTAACTCAGATCGCCGAATCAATCTCCGATAAGCCTGCGCGCGCCGTCCTCTTCCGAACCGTCCTGCCGATCTTCGGCGAAGCGCTGGGTTTTCAGGGCGGTGAGTGGTCCGTGTGCAAGGCGACGGTCCGCGCGCTGGGAACGATCTGGGGCGACGACAAGATTGTCTCGCTGCTCGCCTACATTACCGAAAACCATAAAGACATCGTGGTGAGCCGCGCGGCGGCGACACAGCTGGCGAAGATCGGCGGCGCCGAGGCGTTCCGGGCGCTGACCAACGCGCTCGGCCATCGAGATCGGGACGTTCAGCGGATTGCCGAACAAACGCTGGAGCTGCGCAGCAACTACAGTTTTGCCGTTGCTGCTCTCGAAAACGGCCTGAAACATGTCTCGCCCGAAGTCCGCCGCCGGTCCGCGAATGTGCTGGATCGTCTGAGCTGGAAGCCCGGCGCCCCGGAAATGGAAGGCTGGCGAATGGCGGCCCGCCAGGATTGGGAGGGAGCTGTGTCTGCGGGCGCCGCGTCGATCCCCGCTCTGGAAGGAGCGATGAAGGGGAAGGACGCCCGGGTGCGCGAGCAGGCGGCGAAATCTCTGGAGGCGATGGCGTGGCGTCCGCGACAGTATGCGATGACGGCCTGGTATCATGCGGCGCGGCGCGACTGGGACGCGGCCGCGGAATTGAAAATCAGCGCCACCGCCGCGCTGGCCAATGCGCTGGACGACGAGGACGAAACCGTCAGCGACCCGGCCGGCGCCTGCCTCGCGCGCATCGGCGCCTATTCCGTTCCGACACTGGCGTGTTCGCTGCGGGATAGCTGGGATGTGCGAATGCAGCAGCGCGCGTCCCACGCGCTCACAGTGATCGCGCGCAATACGCAGGAGCGCGGCAATCCCCAAGTTACTTCGCTTTATATCGACGCCGTTCCAGCGCTGACCGAAGCGCTCGCCGACGGTCACAACCAGGTCCTGCTGGAGCCCGGTTATGCGCTGGCGGAGATCTCCGAACACGTCTTCGACTCGACTCAAGTCTTTGCGGTGTTCGAGGATTCCATCGATCGGATCCGCGAGGTTGTCAGCGCCCAGCATCCGATCGTCCGCAAGGAGCTGGAGGAGTGCCTTCGGCGAATCCAGGCTTCGGCAAACGCCGGCGCCCCCGGCGGCTCCCGCTATATTGGCCTTGGCGACCGCAGCGGCAGCCGAAAGTAGCGTTCGCTCCCCGTACAGGAAATACATATTAAAGGCAGTTGCCAGGAATGCAGATTCACAAGACAGAAGTGGAAGTCGTTCGCGGCAGCGTCACCGATCAAGAGGTGGACGCGATCGTCAACGCCGCCAACACGAGCATGCAGGGTGGGGGCGGGATCGATGGACGTATCCACCGGGCTGCGGGGCCGGCGCTGATGGAGGAATTGCGGCGCGTCGCGCCGCACGGCGCTAAAACAGGCGTCGTCGTGGTGACGGGAGCACACAAACTGCCGCAGAAGTATATTTTTCATACCGCCGGCCCCGTTTGGAACGGCGGCAAGTCGGGCGAATCGGAAAAGCTGACCAGCAGTTACCGAGGATGTCTGGAAGCCGCCGATAAGCTCGGACTATCCAGCATCGCTTATTGCTCGATCTCCACCGGCGTTTATCGCTATCCTTTGGATCTGGCCGCCCAGGTCTGCATCAGCACAATTCAGGAATATCTGCTCTCCCATCCGGAAACGCGGCTGCGGCGTATCGTTCTGGCAATGTTCGGCCCGGCCGAGTTCGACGTGTTCGCACAGGCGCTGGCGCGGCCGCTGCAAGAGAGCTGAAAAATAGTTGCGCCAGGGATTGACTTCCGAAGGGCCGTTCGCGTATACTACCTCTCGTTGCCGGGCCAAAGAGCCAGTGACACAGAGCTAAGACGCTCTACTCCGAAGCTCCTTCCCAAGTATGCTGAAAAATACTTTCTCCAAGGGTTGACAAACTCAAGCGAGAAAGCGTATACTACTCCTCGCCGCTCAGCCAAAGTCGCTGACGGTGACGAAGCGAAGACCGCTTCCCCGAAGCTCCTTCCCGTATACGAAGCAATCCTGAAAAAGGCTGCTAAAAAAGATTTTCTGAAGGGTTGACAAACACTTCGAAAGTCAAGTATACTACTCCTCGCCGCTCAGCCAAAGACGCTGGCGACGAGAAGCGAAGAGTGCTTCGATCGAGAGTTTGCTGGATGAAAATCGCAAGCTTCGAAAACAAGATTTGAAAAGATTTCTGATCAGGGGTTGACAAACGCTGCAAAGCGAGTGTATAATATCCCTCGTCAGTCAGCCGAAGAGCGAACTTTACGAGAGTAAAGTGAAGGCTTCGGAGCCGATAAGAGCAAGAACGAACCTCCGCGCTGCAAGGGTAACCGAGTGGGGGTGAGCAGAGTTTGACTTCAGAGCAATCTGAATTTCAGAGCGATCTGAATTATAGTCACGCTTTTCTTACCTATGACCGCAAGGCCTATCCTCAGGATAGCGTGGTTTTTTATTGCTCGAAATCTGGGGTTGATCTTGATATTTGTCAAGCTTTACTCTGGAAACCTGGACAGGGTGCCGAATAGGGCAGTGTTTGGGGCGGCGATGCACATTGATAACTAAATAGTGAAATCGTGTAAACAACAACCTTTGAGTGCGTACTCCTCATACTAGGGCTAAGGCTTTCTATTTATAGAATTCTGTAGTCTTCTGGAGAGGAACGAATAACGAATAAGGGGTCAGGGATAGTCCGCGGTTTCTGCATAATGGATATATTGGTGTAGTTTACTATAGCATATATTCGCGGAAACTTAGCAAAACTATTGGAACTATGGACCTAGCCGGCCATAGTATCTCAAACGCATCTCATGATTTTAGGATCTGGGGCTTCGGCTTCAGTCTTTAAATATTATTCATGGAGAGTTTGATCCTGGCTCAGGACGAACGCTTGCGACGTGCCTAAGAAATGCAAGTCGAACGGGGTAGCAATACCTAGTGGCGAACGGTCGCGTAACACGTGGGCAACCTGCCTTGAAGCGGGGGACAACAATCCGAAAGGGTTGCTAATACCGCATGTGAACTTTTGTGGCATCACGAAATGTTCAAAGCTTTATGCACTTCAAGATGGGCCCGCGGCCTATCAGCTAGTTGGTGGGGTAACGGCCTACCAAGGCTTCGACGGGTAGCTGGTCTGAGAGGACGATCAG
NZ_AP025739.1_gap135	4817334	4820734	3400	CCTCGACTGGACGCATTTGCTGCCCGCCTGCGCGGCGGCAGGCGTGGAGTGGTATGTCGTCGAGCAGGACGAATGCCGGCGCGATCCGTTCGACTGCCTTGCCTCCAGCTATCAATTTCTCAAAACATCATTCTCCCACTTACTCTCTCATCGCGAAAAAAAGCCATGACACTCATCAATACTCCCACCGCCAACGGCGTTCTCGCCGCCGATCTGCTGACCACGCGCTCCGAAACCGCGAAAGCGCCTTATTGGAATCGCGCGCTGCCGGAATCCGAACGGATCGCCGATCTGCTGGGCCGCATGACCCTGCTGGAGAAGGCGCGCCAGCTCGATCTCTACATGGGCGAGCACTTCGTCGACCGCATGCGCAACCATACGATGATGGCGCTCGACGCCCGGTTCGACGAGGCCAGCGCGGAAGCGCTGCTGGGCGACGCGGGCGTCGGCGCCATCCATGACCTCTACCCGCCGACTTCGGAAGTCCCGAACGCGGTGCAGGATTGGCTGCGGCGGACATCGCGCCTGGGCATCCCCGCGTTGTTCGCCGAGGAGGCGCTGCATGGCCTCTGCACGCCCGGCAATACGGCGTTTCCGCAGTCCATCGGGCTGGCGTCCACCTGGAACCCAGCGCTGATCGAGAAGGTGGGAGCGGTAGTGGGAGCGGAGATGCGCTCTGCGAATATCCACTTCGCCTTCGGACCGGTGTTCGATGTCGCTCGCGATCCGCGCTGGGGCCGGACGGAAGAGACCTATGGCGAGGACGCGCACCTGGTCGCGCGGATCGGCGTCGCCTTCATCCAGGGGATGCAGGGCGAAACGCTGGCGAGCGATCACACCGCCGCCGCCGAGCCCAAGCACTTCGCCGGTCACGGCGCTCCGGAAGGGGGGCGCAACACGGCGCCGCTGCACGCCGGGCCGCGCGAGATGGCCGAAACCATGCTGCCGCCGTTCGAAGCGGCGATCCGCGAGTGCGGCGTCCTGGGAATCATGTGCGCCTACCATGAAATCGACGGCGTTCCGTGCGCGGCGAATGGCGATCTGCTGACGGGGATTTTACGCGACCAGTGGGGCTTCGAGGGCATGGTGCTGTCGGACCTGGGCGCCATTCGGCTGCTGCTGGAGCGGCATCGCGTCGCCGCGGATCCCGCCGATGCGGTCAGGCAGGCGCTCACCGCCGGCATGGATATGCAGTATTACGATTTCGATCACAAAGTCTTTGAGGACGCCATTATTGACGGCGTGGAGAGCGGCAAGCTGACCATTGAAGTCGTGGACCAGGCAGTGTCCCGCGTGCTGCGTCTGAAGTTCCGTCTCGGTCTGTTCGAAAACCCGAAGATCGATACGACGCTCGCCGCGCGCGTCAAGCTCAGCGCGGAGCACCGGGCGGTCAACTTGCAGGCGGCGCGCGAATCGATCTGTCTGCTCAAAAACGATGGGGCGGCGCTGCCGCTGCGCAAGGACTTTGCCCGAATCGCCGTGCTGGGACCGAACGCCTCGCAGGCTCGCTCCGGCGACTATTCGAGCAGCGGCGCCGGCGATGCGATCTCTCTGCTGAAGGGCGTTCAGAGCGCCGTTTCTCCCGCGACGGAGGTTCTCTTCGCCGATGGCACTGGCGCGTCCGTCAGCGCCTCGGCCCTGCCCGAACATTGGCTGAGCCATGAGGGCGGAGCGGGCCTGCGCGCCGAGCTCTTTGCGAGCGTGGATATGGAGGCCGACCCCCTGGTCCGGCGCGTCGATTCCACGATCGACTTCAACTGGGTCGCCGCATTGCCGGCGGCGGGCATGCCGGTCGACGGGTTTTCCGTCCGCTGGAGCGGGACTCTGGCGCCGGATATCACAGCCGACGGCTTCCTGAGCATTCCCCCGCAGGATATCATGCATGTCTGGCTGGACGGCGATCTGGTATTGAGCAGCTGGGAGCCGGGCGCGCCGCTCCAAAAGCCCATCTCATTGGTGGCGGGGCGTTCCTATGCGCTCACCGTCGAGTATCGAAAGATGAGCGGCGGCGCCAGCGTGCGTGTCGGCTGGGCGGCGAAGTCGGGCGATCTGGAGGCGGCGGTCGCGCTTGCCCGGAGCGCCGATGTCGCCATCATCGCCCTCGGCGAGCCTCCCGGCATCTCGGGAGAAGGGATGGACCGTTCGAATATCGATCTTCCCAAAGACCAGATGCAGTTGCTGAAAGCCGTCCACGCGACCGGAACCCCGGTCGTCGTCGTGCTCATGAACGGACGGCCGCTCACGATCAACTGGGCGGCGGAGCACATCCCCGCGATTGTCGAAGCCTGGTACCCGGCGGAAGTCGGCGGCGAAGCCCTCGCCGAAGTCTTGTTCGGCGATTACAACCCCGCCGGCCGTCTCCCGGTCACGTTCCCCAAATCCATCGGCCAGCTCCCGCTAACCTACGATCACAAGCACAGCACTGAAGCGCGCTATGTCGATCTCGACTGGCGCCCCTTGTTCCCATTCGGCCATGGCCTGAGCTACACGCAGTTCGAATACTCGAACCTCGAAGTCCAGCCCGTCGAAAGCGTCGCCACAAAGTTCACGGTCTCGGTGACCGTGACGAACACCGGGGAGCGCGACGGCGACGAAGTCGTCCAGCTCTACCTGCGCGATGTCGTCGCCAGCGTCACCACCCCCGTCCGCCTGCTCAAAGCCTTCGAGCGCATCCATCTGAAAGCCGGCGAACAGATGCGTCTGTCCTTCAGCCTGGGCCACCGTGAGCTGTCCCTGATCGACCGAAACCTCAATCGGGTGGTGGAGCCCGGCGCGTTTGAAGTCTACGTCGGCGGCAGCTCCGACGCCACGCTGACGGCTGAGTTTCGGATTGTGGAGTAGGAGTGCGGCCCTCACCCGGCCCTTCGGGCCACCCTCTCCCAAAGATCTGGGAGAGGGTTAAGGTTTGGATCAAAGGTCCAAATAATTTCAAACTCTGCCCCGGGCGCCATGCCTGCGCAAAGCCGCCGGCATATTCTGTGGTTGAGAGAAAACGCCGCGTTCCGCTTCGTGCGTAATCCATGTCATTTCCGTTTGTCAGCCTCTCCATCCCTTCCATTTTTTGATGTATTCTCTTCCCTGTTTGCGTCTCCCGTCTCGCGGTGGTAGAATAAAAAGAGAAGCGTTTCGTCTTATGAATGCAAAGCCTTATCCACAGCCGATCTCTTTATCCCTGGTCGGTATCGACGCCGTCCATGATACGGGGTATACGGTCGACCGCCGCACGGGAAGCGATGAGTATCTGTTCGAATTTTTCGACAGCCCCATCACGCTTCAGGACGGCCGGGAGCGCCGTCAATATACCGGAGGAGTCTTTATCCTCTACGCGCCCGGGCAGCGACAGTACTTCCGCGCGGATGGACCGTTGACCCATACCTGGTTCCAGCTTTCCGGCGCCGGG
NZ_AP025739.1_gap136	4830084	4831959	1875	ATCCGTTTATGAAGGAAATCGCGAAGTTCTATACGAGCAAGCTGACCAAAAACGCGGATACCGGCAAATATGAAATGCTGATATCCAACGCGCATGAGACCTACTGGCGCGTGAAGAACGCGATCACGGATCTCGCCGCCGTGCGCAGCTTGTTTCCGGTGGCGATTTCTTCGAGCGAAACGCTGGGCGTGGACGCCGATCTGCGCGCGCAGTGGCGGGACGTGCTGGCCAACCTCGCCCCATATCCCGTCGCCGACGATGGACTGAGCTATCTGCCGCACGATCCGCCGGCGATCAAGATGACCAACGGCGAGAACATCACCAGCGAACTGCTCTGGCCCTACAGTGTCACGGGGATTGGTTCGCCCGACTATGCAAAGGCGCTGAACAACTGGAACAGCCGTCCGAACCCATACAGCAATGTCTGGTCCCCCGACGCAATCCAGGCGGCCCGTCTCGGGCTGGGCGACGCGGCCTATCAAGGGCTGAAGGTGATGCTGGAGATCTACCAGACCTATCCCAACGGGCGAACGGACAACACCAACGGCGAATTCGAGTATATGGGCGTGCACTTGCTCGCGATGAATGAATCCCTGCTGCAAAGCTACAACGACAAGATCCGCGTGTTTCCGGCGGCGCCGAGCGACACATCCTTCGTAGGCCGCTTTACGCTTCTCGCCAAGGGCGGCTTCCTGGTCAGCTCCGAGCGGGACAACGCGGGCGTCAAATATGTCGGGGTCAAGAGCCTATACGGCAATCCGGCGACGCTGGTGAATCCCTGGGTCGGTCAGGCGGTCATCGTCCGAAACGCGTCGGGCGGCGCCGTGCTGAAGTCCTCGGATCCCGAACTCCAATTCACGACGACGGCGAACACCGTTTACATCGTCGAACGGGCCTCGAAGCCGCTGAGCGCCTACAAGCGCGTCACGCTGACGGGAAAAGCGAACGGCGACGCGAAGTTCCTGACCACAACGGCGATGATCGGCTCATCCACCCTGGCGCGTCCGGACACGGGCAAATACGAGGCGGAAGCCGCTGAGCTGACGCAGTGCTTTGCATCGTCGGATCTCGCGGCGTCCAACGTCCGGGAAGTGACGAATATGCGGCTCGGCTCCGCCGTCACGTTCCGCAATGTTCGCGCGGGCGGTAAACTCTCGATTCAGTACTGCACCTTCAGCGATCCCGGCAAGCTGACGCTCTATGTCAATGGAACGCGCATTCAAGATGTGGTTTTTCCGGCGACAAAGAGCTGGACGGGGACTTACGCGATCACTACGGTTGCGGTTCCGATTCCTAAAGGGGCGACGGTCACGCTGCGATATGATGACGGCGACTCCGGCGTCAATCTCGACTACCTGCGCATCGAGGGCTCCTGAACTCCATGCATGACTGGGGGATGGGCGCCGCCATGGCGTCCATTCTCTTTGTGATTACTATAGTGTATTAATATGATTTCGATATTCAATTGATCCGCTCAGTACTCAGTAAATGTACAAAACATATGAATAAATCCCTATAAAGTTCTAAAAATAAAGTGTTGACAGCTTTAAAACTCTATAGTATAATTGGTCATGTCGAGATTATTGCTCGGAAGTATATTTCCTGAAGCCGATTGTTACGAGAGGAAACCTGCCATGAATATCTTATCCAACTCTGAGCGTGGGAAGGCTCCCGGAGCCTCGCGAATGAAGCTGGGCTTCACGCTGATCGAATTACTAGTAGTTATTGCTATAATTGCGATTCTTGCCGCCATCCTATTTCCGGTCTTCGCGAAGGCGCGCGAAAAGGCGCGGCAAATCAGCTGCCTTTCCAATGAGAAACAAATCGGCCTGGGGCTGCTGATGTACTCCCAGGACTACGATGAGTATTTCCCGG
NZ_AP025739.1_gap137	4833084	4836844	3760	GCGACGGCGTCGCCGTGAAGATGATGGCGGCCGCACAGGCGACCGGGCGCAAGTTTTACATCATGTACGATATGTCCGGCGGCACGGAGCATTTGAAGAGCGACTGGACCGACACGATTGTCAATACCCTGCATCTGACGAAATCGTCCGCCTACGCCCGGCAGAACGGCAAGCCCGTCGTGTGCTTGTGGGGCCTGGGCTACACCTGGTTCAAATTGAGCCCCTCAGATGGAAAGGCGCTGGTCAATTGGTTTAAGAGCCAGGGCTGCTATGTGATTGGGGGGCTCCCCGGCCAGTGGCGCACAGGAACCGGCGATTCGCGCGCGGACTACGCCGAGGCTTACAACGCCTGTGATATGATCTCGGCCTGGGCGGTCGGCCGGCCCGTGGACGGCAGCTATCAAGGCTGGATCTCCGGAGATTTCGCCTATTGCACGGCGCACGGTATCTACTATCAACCAGACGCCTATCCCGGCACATCGTTCTTCAACAGCAATGGGGCGCGTTCGCCGAAGAACCAGTTTCCGCGAAAGCATGGCGACTTCCTGTGGGCGCAATTCGCCGCCATGCGCAAGGCCGGGGCGCCCAGCGTTTATATCTCCATGTTCGATGAGATGAATGAGGCGACCTCCATCTTCAAATGCGCCGAAGACGCCTCCGCGATGCCGGCGGGAGAATGGTTTCTGCCGCTCGACGCCGAAGGCGTTCACGTTTCTTCGGACTATTATCTGCGTCTCGTTTGCGACGGCGGCAAGATGATCAAAGGGAAGGTCCCATACCAGGAGACGAATCCCACGCCGTTTGTAATTTCCGGCGTTGCCTTCTTCCCCGGATTGCAATATGGCGGAGCCGCCACGGAGTTCTTGCCGAAGGGCAGCTATCCACAGGCCAAGCTTGCGGCGGAAGGAGTGCGCAAGCGCGGAGCGCTGTCCATGCGAATCCCGTTCGGCTGGAAAGTGATCGCCTATTCCGGCGACAACTTCACGGGAGCTTCGTGGACGATCACCTCGGACACGCCGAATCTGCCCGGGCGCAGTCCTCGGAAAAATCTCACGATGCTGTCCTGCAAGATCCAGTAAATCGCATCTCTCGGCGCCGCTGTGAACGCGGCGCCGAGATCCTTAATTAGTAATTATTGTAATAATTGCAATTCAGAATGACCAAAACAAAGGAGAACTAACGATGCATGCTCAGCTCAATGGGGTGAAGGGCGTCGGCTTACGGATTCTCGGCTTGGGACTGGCGGCGCTTGCCCTTGGCTTCGGCGGCGCGGCCCGCGCCGCCAGTCCGCCCGGCGACGTGGTCGGCAAGGTGACGGTTGGCTATCAGGGATGGTTCTCGGCGCCGGGCGACGGCTCGCCTGTCAACAATTGGGGCCACACGAATCTGGAGACGTGGCCGGATATGCGCGAATACACGGCGGCTTATCAAACGGCGTATCCCAATCTTGGGAATGGTCAGCCGGCCACAAACTTCTCTTCTTACGATCAATCCACGGTAAACATCCACTTCAATTGGATGGCGCAGAATGGAATCGACACGGCGGCGCTGCAGCGATTCGGCAACGAGATCGTCCCTGGCAGCACCTTGAAGGCCCAGCGCGATGGCGAGGCGACTCGGGTGATGAATGCGGCGCAGACGAACGGGCGCAAATTTTACATCATGTATGACATGTCCGGCGGCACGACCTATCTTCAGTCGGACTGGACAAACACGATCGTCAATACGCTGCATCTGACATCGTCCTCGGCCTACGCCAAGCAAAACGGCAAACCCGTCGTCTGTCTCTGGGGGCTGGGCTACACCTGGTTCGGTCTCAGTCCGACCGATGGCCTCTCGCTGGTCAACTGGTTCAAGAACCAGGGGTGCTATGTCATCGGCGGCGTGCCCGGCCAGTGGCGCACGGGAACCGGGGATTCTCGACCGGACTATGCGACGGTCTACAACACCTGCAATATGGTGATGGCGTGGGCGGTCGGGCGGGTGGTGGACTCCACGTACCAGCCCTGGGTTTCGGGCGATCTGGCTTATTGTAATGCGAACGGAATGGACTATCAGCCGGACGCATATCCGGGCACTTCCTTTTACAACACCAACGGCCCATCGTCCCCCAAGAACCAGTACCCGCGAAATCATGGGGATTTTATGTGGTCGCAGTTCGCGGCGATGCGCAATGCGGGCGCCTCCAGCGTTTACATCTCTATGTTTGACGAGATGAACGAAGCGACGTCGATCTTCAAATGCGCCGAAGATTCGTCGATGATCCCGGCCAACAACTGGTTCCTGACGCTCGACGCCGACGGCGTTCACGTCTCCTCCGACTACTATCTGCGCCTCACCTGCGATGGAGGCAAAATGATCAAAGGGCAGATCCCTTATCAGACGGCGCACCCCACGCCCTTCACCATCACCGGCGTTACTTTCTATCAGGACACATTGTACGGAGGCGGCTTCGGCCAAGCGCTGGCGAAGGGCAGCTACACGCTGGCGCAGCTTGCGGCCAAAGGCGTCCCAAACGACTGGGCGTCCTCCGTGCGCATTCCCCCCGGCTGGACGGTGATTATGTATTCGGACGACAACTTCTCCGGGACTTCCTGGACTCTGACCTCGGATAACTCGAACTTCCCCGGCTTGAGCCCCAACGGGAACGATGTGATGTCGTCGTGTAAGATCCAGTGAAGATGCCCCCGGCCCCCACAGCGTTATACGCGAGTATAAAACTCGGGCCTTGGGAGTCGCTTCGCGACTAACCACCCAAAGGGTACCCGCGTGCCGGACGGAGGAATATGTTGTCGATTACCAGCATTTGCGTCCGGCACGGACGCCTAGCCGAAGGCTCCCAAGACCCGGCTTTTATAGCCGGGGAACGTGTGAGCAATAGCGTTAAGGGTTAATAGAAGTTATTGCTATTTAGATAAGGAGCACATATGAGAAACACTGCTGTTTTACTCGCCGCAATGGCGGCGACGCTCATGACCGCCGTCGCCGCGCATGCGCAGTTCGTGGGCGTTACCTGCGGCTGGAACTATTCGAACGATCTTTCTGGGCCGAATACCGGCATGGCGAACACGCCGCTGTTCAACCCGGACCCGGCGAATCCGAACCGGACCTGGGATGAATGGGCGGAGGAGTTGGGGGCGAGTGGGGTGGATTTCGTCTGCCCGAACCTGCGCGGGTCGTATCCGGAGACGGGGCTCAGTCCGGTGAATATTGCGCCGCTGATCACGGCGTTGAACAACCGGGGGCTGAACGATCGGATCAAGCTGGCGATCTTTGACGATAACGCGAGCTCCTGGACCGCCGAATGGAATGAAGCGAACGGGCGCGGCTTTGGCTACGCGCAGCCGTTCGACATCAGCAACTCCGCCAACTGGACCTATCTGTGGGACTATAACTACAAGCTGTTCTATCAGACCGTGCCGGATGCAAATCGCTTCAAGATCAATGGGCGTCCGGTGATTATCTTGTGGACCGGCAACACATATTTCATCGGCAACATGCAGGGCAATATGTCCCGCGCGCTGCTTTATGTGCGCCAGCAGTGCCAGAGTACGTTTGGGTTCAATCCGTATATTATTGTTTCGGGCGACACGCTCTCCCACGACACGACCTGTAACAATCCTTCGGTGGTCGACGCCGTGCATAACTGGTTCAATCCAAACTCAACCGGCGCGCCGGGCTATACGCTGACGAACTTCAATAACGTGCTGACCGGCGCGCTCTGCCCGCAATTCCAGACGGCGGCGAACGGCTCGTGGGT
NZ_AP025739.1_gap138	4852966	4855930	2964	TCGGCGACACCGTTCTCGGGACGAATAACGCCGGCGGAGGACTGAACGGCGGCTGGACCATGGTCGCCAACACCCTCTTGATGGAGAAGAATGGCGCGCTCAGCGCCGCGACGTCCACCTATCCTTCGGTCCCCAATAACGCGGACGGCAAAAGCTACTGGGCGGACGGAGTCTTCGAGGCGAACGGTTATTTGTATTGTTTGTCACAGAAGCGAGACAATGCCGGCGCATGCTACGGCATGGAGCTGGCCAAGTTCCAATTTCAACCCAATGGGACGCTGACATTTCTCGGTATGATTAACACGCCCTCTACGGGCGTCGCCGCGACGAACGGCGATTATGGCCCCGCAACGTGCCAGTTCAGCTCCGACACAGTAGTCGCCGACGGATATGTTTACGTCTTCGGAGTGGGCAATGTCAACAATATTTACTCCCCCAGAGAATGTTACGTCGCGCGTATTCCCGCCAGCAGCATTGAGAACTCGGCGGCGTGGACCTTCTGGAATGGTTCCTCCTGGGTTACGGGAAGCATGTCGCAGTGCGCGCCGATTTTGCCCGACGGTATCACGAGCGCCAAACGGATCGGCGGGAAATGGGTGCTGATCCATAAACCGTTCGGCCCCTACGGATCGGATGTCTACGCGGAGGTGGGTCCGTCGCCGATCGGTCCGTGGACACAGTACGATCTTTTCCAGTCCCCGGCGGTCAGCGGCCAGCCGACGGGCGGAAATTACGACACCTACTACCCACAACTCCATCCGGAAAAGCCGCTCGCCTCCGGCAAGCTTCTGGTCTCGATCGCCCGCGCCGGCGCGACCTGGAATGACGAGATCGCCAACGCGGGCCTCTACAAGCCGCAGTTCTATGAGATCTCCCTTCCCGGTGTGCTTACGACGGGGACGGTGCATCAGGTCGCGCCCAAGAACGCGCCCGGATCGCGCCTGGAAGAGTATGGGACGAGCCAGACCAGCGGGACCAGCACGGATATTTGGTCGTCGAACAACAACGCCAATCAAAAGTGGGCCTTCAACTGGGTCGGCCCGGACCTCTGGGAGCTGACCCCGCAATCCGCGCCGGCGCTGCGCCTGAACGTCACCGGATCGGGAAACGCCAACGGAGTCAAAACGCAGGTCTCCACCGCGAACGGCGCCAGCAGCCAGCGGTGGAACATTGTCGACCAGGGCTCCGGCTACACCGCCTTGTTCCCGCTCTGCGCGCCCGGCAAGGCGCTGGACCTCGACAGCGGCACCAGCGCAAACGGTACCAGCGTCCAGATCTGGGGATATCTGCCGGGCTGGAGCGAGCAGCTCTGGCAAATATTCTAAACGCGCTCGATTGACAGATGCCTGGCGAATGACCGTCCTGAGAGCGCCCGGGTTAAAAGTACGGTCATCCGCCGGTGCGTGGTCAGATTTTATACAATCGGCTTGACACCAAGTTCAGAGTATGTTAAGATATGTTATCGATAACATTTTTCGTTTTCCGAGGAGTTTCCCGCATTGAGCTGGCGTTATACCGTTGAGAAAATTGCATGTCGGATTGAGGAAATATCGGCCACGCGTGTCCGAAGGCGCGTTCCTCTGACGTCGCTTCGGCGGCTTGGGGATGACGCCATGGTGGGCGCGGGCGATCGATATCAGGCGTGCGAAGAGCTCATCGTGCTCGAAGGCGCCGTCTCGATTCCGGGGGAATGGTCCGGAGAGCGCGTCTGCCTGGGGCTGGAGTTTGGCGGCGCGGAAACGCTGGTCGTCATTGACGGCAAACCGGCGCAGGCGATCGATTCGCAGCACCACGATCTGCTGCTGGCGGATCCGGCGGAGGGCGGCCGTGTGTACAATCTTCGGCTGGAGGCGTACACGGGAAGCATAGACGCGCAGACGCGGGGGAGCTGGACGGGGGCGGGGGACGCCTCGATCACCGGCGGCGCGGTCCAGGTCACTTTGAAGACCGCCGAACTTCAGTGCGTGGACCGGTCGGCGGAGGCGCTTTTTTATGATTTGAGTGTCGCGTTTCAAGCCGCGAAGACGATGGACGCCAATAGCCGCCAGTATGTCACGATTGTCGGCGCGCTGGAGAGGGCGATCGATCTGGTCGATTTTTCCCAGGGGGTGAAGAGTGATCGCTATTACGCCTCGCTGCCGGTGGCTCGCGAATGCATTCAGGAGAACCTCTATACGAAGTTTCACGCCGACAAGGACTTCGCGCCCACGCTGTGGGCGACCGGCCACGCGCACATCGATACGGCGTGGCTCTGGCGCATCGCGCATTCGCGCAAAAAGATCGAGCGGACGTTCACCACGGCGCTGGCGCTGATGGACGAGTACCCGCAGTATCGGTTTTCCGCCTCGCAGCCGCAGCAGTATGCGTATCTCAAAGAAGATAACCCGGATGTCTATGGCCGCGTGAAGCAAGCCATCGAGCGCGGACAGTGGGAGCCGGTCGGGGCGATGTGGGTCGAAAGCGACTGCAATGTCGTTTCCGGCGAATCGCTGGTCCGGCAGTTTCTCTACGGCTCGAGGTTCTTCGAAAAAGAGTTCGGCCGCAAAACCGATGTCGTCTGGCTGCCCGACGTGTTCGGTTACTGCGCCGCGTTCCCGCAGATCGTCAAGAAGTCCGGCATGAAGTACTTCATGACCATCAAGATCTACTGGAATCAGGTCAACAAACCGCCGTATCAGACCTTTGAGTGGGAAGGGATCGATGGGACGACGCTGCTGACGCACTTCTCGCCGCTGGGCGGCTACAACTCCACCATGGTTCCGGAAGAGTGGAATAAAACATGGAATGAGTATCAGCAGAAGCATCTCAGCGATTCGGCGCTTTATATCTACGGCTGGGGCGACGGCGGCGGCGGCCCGACGCGCGCGATGCTGGAGACGGCGGAGCGCGCCGCCGATTTCCCCGGCGCTCCTAAGATCAAGCTCTCCACGAACCAGGAGTTCTTTGAGGATCTGGACCGGCAAA
NZ_AP025739.1_gap139	4897535	4898640	1105	TGTAATGAAGATTTCGCCCGCCCATTGCTGATGGGCTTTCCTGGACGCGCCGACCTGCAAACGCGGCCGATCTGGGTTTGCTCGTCGAATATCGGCTGGATGTCCCAGCAGCTCGATTCCCGGATCGTCCGTCCGATCGCGCCGGGCGGCTACGATTTGTATCACATTTCCCTGAGATTTGGCGCGCCGGCGGCGACGCAGAAGTCGCTGACGGCCGATCTCTTAAAGAAGTTCGAGGCGACCTATCCGCCGACGCTGCAATGGAAGGACCGTCGCCCGATTGGGACGCTGCACCTCGCCGTCAGCGAGCCCCAGTACCATTCGGCGAGCAATCCGCGCGGCTGGCTGATGGAGCCGACAATGGATGTCGTTTCGGAGCGCGGCCGCGCGGCGTTCCGCAAGCGAATCATGGATTACGCCGACGAGAGCGTCAAGTTTTTGCAGGAAATGAACGCGCAGGGGATGGTCACCTGGGATATCGAGGGGGAAGAGTATCCGCAGGCGACGACGTATATCGGCGATCCCAGGCTGACAAAAACACTGGCGCCGGAGATGGACGCCATCGCCGATGAGTACTTCAAGAAGTTCACCGACGCTGGATTGAAGACGGGGCTTTGCGTGCGTCCGCAGATCCTGCGTCACACGGCGGCGGCGACAGAGCAGACGGAAATTTCCGATCCGGCGAAGGTTGTCGGCGTGCTCTACGACAAGATGGTCTACGCCCACAAGCGCTGGGGCTGCACGTTGTTTTATGTCGATTCCAACGGCGACCCGAATGTCCCATACGATCCGGCGATCTTCCACAATGTCGCGGTGAAGCTGAAGAAGAGCGGGATTTCGGCGCTGATCATGCCCGAGCACCAGAACACGCGTTACTACGCCGACACGGCGCCGTACGATGAGCTTCGCCTGGGCGTGACAACGACCCCGGCGGATATCCGGGATGTGTATCCCGGCGCGTTCAGCGCCATCTACGCGCCGGACGGACCGCTGGACAAGGACCACGACGCGCTTGTTGCGGCGGTCAAACGCGGGGACATTTTGATGTTCCGGGGCTGGTGGGCAGATCCGCAAAATCCACAGATTTCCAAGATCTATCAAGATG
NZ_AP025739.1_gap140	4935568	4937579	2011	GATGCGCCCACCGGCAGGCTCGGGACCGTGTAGATGACGTCGCCGCCGTAGCGCGCCGTCGAGTAGACCGCCGCCGGAGCGGCGTTGGTCACGCCGGTCGTCGAAACGGCGGCGCCGCTCACGACGCCCGTTCCGGCGCTGGTGAAGAACTCATCCGCCACGAACGGGCTGACGGCCGGTCCTCCGCAGTTGATAGCGTAGCTCGGCCCAACGGTTTTGACGTTGAACCAGTTGAAGTCGTAGCCGTTGTCCGCATCCTCGTAGAGCTGGATGGTGTGATTGCCGGCGGTGAGTGAGACGCTGCCGGAGTTGACCGTGGTGAACGTATCGTAGCTGCCGGTGCCCGGCACCGCGATCGCGCCGGTCACGTTCGTCCCATCCACGTTGAAATGGATGCTGCCGCCGGAGGAGCCGGAGGAGACCCGCGTCTGGAACTGGTAGGTCCCGGCGGCGGTGACATTCACCATGTAGTTGAGATATTCGCCGGTGTTCGTCCAGCCGACCTGGTAGCCGCCGCCGGTGTCGCTGACGACCGCGCGGATATCCACGTTGTCGCTGCGATAAGCGCCGCCGGTATTGCCGGCGTCGTTATCGTGGTACGCCACGCCTTCGCCGCCCAGATCGTAGTTCTCGGCTTCGATCTTGCCGGGAATGCTCCATCGCGTACCACCATAGGGCGATTCCACGGGAGTCGCCGGATTGATGGTGATCGTGAGCGTCTTGTTCCCCGTTCCGCCGGCGTTGGTCGCGCCGAGAGTCACCGTGGATGTGCCGGACGCCGTGGGCGTGCCGGAGATCAAGCCCGTGCTCGTGCTGACCGACAGACCCGCCGGCAGCCCAGAGGCGCTGTAGCTGGTCGGGCTGTTGCTCGCGGTGATCTGATAAGAGAACGCCGCGCCCACCGTGCCCGTCGCCGTGGCGGCGCTGCTAATCACCGGCGCGGCGACGGCGATTGTGATGGTCAGAGTTTTGTTGCCCGTGCCGGTGGCGTTGGTCGCGCCAAGGGTGACGGTGGATGTGCCCGCCGCCGTGGGCGTTCCCGAAATAAGGCCGCTGCTGGTGTTAACGGACAGTCCCGCCGGCAGTCCCGTCGCGCTGTAGCTTGTGGGGCTGTTGCTCGCCGTGATCTGATAGCTGAACGCCGTACCGACCGTTCCCGAAGCCGTCGCGGCGCTGCTGATGACCGGAGCCGAGCCGGCGGTTCCGCCATACTCGTACGCGCCGGCGTCGTCCGCCGCGCCATGCGGGCGGGCGTTGCCGAGAATATCCGAGGTCGGGTGGGCGACGGAGGTCGGGACAAAGTCAATCGCCGAGGATCCCGACTTCAGCGAGTAGTCGCCGGCGGCGGCATTGGAGAACAGCGCCGTGGTTGGGCTCGCGACCTGGATGGAATTGGCGTCGTATCCCTGTCCCTGCCACTGGGACAGGTTCCAGACGGTTCCGTAGTTGATCTGGAAGGTCGCGCCGTTGTTGTAGATGTTGTTGCGGACGTTCGCCGCGCTGAACGAGTTCGTACTGGTGAACGTGTTGATCGCGAGCTGGTTGGCGAGCAGGATGTTGCCGTAAACCTGCGCGTTCGTGCCGTACGTGCTGCCGAGCGATGCGAGACACAGGGCGGTGAACCCATTGCCCGCCGTTGACGCCGTCGAGACCGTGTTGAACCGGAAGATATTGCTGTCGCCCCGGATCCAGACCGCGGAGTTGTAAGGTCCGGCGTTATTCGTTCCCGCGATCAGACAGTTCTCGATGGTATTGCCGCTGCCGGCGATGTCCATACTGGCGTAAGGGCCGGTGATGGTCATGCCGTTGACGACGACATTCGGCCCGAGCGTGTTGACCTGCGCGCTGTAGCAGATACCGCCGTTGACGGTGACGACCGCGCCGCTGGCGCCGTCGAAGGTGCAGTTGTCGCCGGTTCCGTCGCCGCCGGTGTCGATCGCCTGGAAGTTGTTCAGCGTGACGGACTGGAGCGAGTTGCCGTGGTCCGTGAAGGCCTCATACTCGAAGTCGT
NZ_AP025739.1_gap141	4974799	4976301	1502	AGCGCGGGTTCTGGGAAGTGAACGGTTATCATAACCATGCGGATCCGTGGAGCGAAGAACGGTTCTCGAAGGATGAGTAGGGGGGACGATCCTTTCTCACGGAGTCCCAATGCATGAAGCCGGATTTCTTCTGAATATTGGGATCGCGCTCCTTGCGGCGCTCGCCGGCGGGCTTGTCGCGCGCGCGGTGCGGCTGCCCGTTCTGATCGGCTATCTGATCGCGGGCGTTGTGGTCGGGCCGCACACGCCGGGGATTTTGGCCAGTCCCGACACCATTCACACCGTCGCCAACCTCGGCGTCGTGCTGCTGATGTTTACCGTCGGCATCCACTTTTCCCTCGATGAATTAAACGCCGTGCGGCGGACCGCGCTGGTCGGCGGCGGGGTGATCCTGCTCGGCATGGTCTTGCTGGGACTGCTGATCAGCGCGGTGTTCCATTGGGGCGTTTACGGCGGGCTCTTTTTGGGATGCGCTTTGTTTCTCTCGTCCACCGCCGTCATGATGCGGATCATGGATGAGCGCGGGGAGCTGGGGACGACGCATGGGGCGATTATGCTGGGGATCCTGGTGGTGCAGGATCTGTCGCTGGTGCTGATGGCGGCGCTGCTGCCCGCGCTCGCCGGAGTGGCCGCGCACGGCGCGGCGGCGCTTGCGCCGCTGGGATGGGCGCTGCTGAAGGCGGCGCTGTTCATGGGCGCGGCGATCGTGCTGGCGATCAAAGGGGTTCCAGCGCTTATGGGACGCGTGGCGCGGATGGGATCGCAGGAGCTGTTCCTGCTGACCGGGGTGGGGATCTGCCTGGTGACAGCCGTCACGGCGGAGCTTGCGGGATTGGGATTGGCGCTGGGCGCCTTCATCGCGGGGATTGTCGTATCCGAGACGGATTACGCGCACGAGCTGTTCGCACAGATCCGGCCTCTGCGCGATGTCTTCGCCGCCGTCTTTTTCGTCTCCGTCGGCATGCTGCTCGATCCGGCGTTTCTGCGAGCGCACTGGCCCGCCGTGCTCTGCGTGGTGCTGGCGATCGTTATCGGCAAGGCGTTTCTCTCCGCGCTCGCCGTTTATGCGACGGGGCATCATGGGCGCACGGCGATCCTTGCGGGGCTGGGACTGGCGCAGATCGGCGAGTTCTCATTTGTCCTCGCGAATATCGGCGGCGAGCGCAAGCTGATCGATCCGGAGATCACGGGCGTGATCCTTTCGGCGGCGCTGATCACGCTGCTGCTGACGCCGTTTGTGTACGGCGCCGCCGGGCCGGTTTATACGCGTCTGAACCGAAATCCCATCGTCTCACGCTGGCTCAACCGTCACCCCGAGGAAGAACTCGTGAACGCCGAAGCCTGCTCCACGGCTCGCGTTTTGGTGCTTGGCTATGGACGCGTCGGCCGGTATGTTTCCGACGCCCTGCGCGCGAACGATATCGCTCATATTGTCGTAGACTATGATGGGAACGCCATCGCCAAACTCAGGCAGGGCGGTGTGACGACGATCTACGGAGACG
NZ_AP025739.1_gap142	5084608	5085891	1283	CTTGACAATGGCGCGGACCTCGCCCACATCAAAGGGTTTCGTGATATAGTCGGCGGCGCCGTAACGCATGGCGTCCACACAGGTCTTGATCGTCGCATACGCGGTGATCATGATGGCGACGGAATTCGGGTGCTTGACTTTGACCTTTTGCAGCAGCTCGACGCCGTTCATGTCCGGCATGATCAAATCCGTCACCAGGACGTCGATGGTGTTGCTGGACGCGATTTCCAGAGCCTTCAATCCGTTTTCGGCGGTGAAGACCTGATAGCCGTCCTTTTTGAAGATCGCTTCCAGCACGCGCCGGATATTCTGCTCGTCGTCGGCGATCAGCAGATTGCGCGGCTGCGCGGAAGTTCCGTCTTTACTTGCTGTCTCCATACTGAGGCATGCCGCTGTGGGCCGACTCCTTCCTTGTACAATCACGACGCCCAGAGGCGCCGACTTCAAGTCTGATCCTAGGCCGGCCTCTATGCGAGGTCCGTGCTGGACCATTCAAAATATCCGCCGGGCCGGTCGCTGCGCTGATCGGAGATATCCGTGCGCGCCTGCGGAACGACGGTGGTGTAAAGCGGATGCACCGGAAGCTGCATGGTGAAGGTGGATCCTTCTCCAGGCATGCTGCGCGCGGTGAGCCGCCCGCCGTGTGTCTCGACGATCTTGCGCGCGATGGCGAGGCCCAGGCCCGTGCCTTTGGTCTTCGTCGTGAAAAACGGCGTCCAGATCTTCTCCAGCTTGTTGGCGTTGATGCCCACGCCCATATCTTCAAAATCCACTTCGGCGATATCTTGTTCCACGAGATACCGTGTGATAATCGTCAGCTTGCCGCCGTGCGGCATCGACTGCGCGGCGTTGATGACGATATTTCGGATCACTTGCTCGATCTGTGATTTATCGACGAGGACATTGGGCAGGTCTTCGGCGTATTTCTGTTCGAACTCGATGTCCTGGTCGTGGAGGTAGGCGCTCATGAACTGAATGAGACGTCCGAGGATCTGATTGAGGCTGACGCTCTGCATCTGCGGCGGGCTGACGCGCGAGAACTCCAGAAACTCGCTGGTCATTCGGTTGAGGCCGTTGACTTCCTCAATGATAATATCCAAAAATTCGCCATGCAGCTCAATAAATTCGTCGGGCAGCTCATTTCGCAGCAGCTGCGCCGCGCCTTTGATGGAGGAGAGCGGGTTGCGCAGCTCATGCGCGATGTTCGCGGCCAGCTGTCCTGTTTCGGCGAGCTTGCTTACGCGCTCCACTTCTTCCTTCATCTGCATCTCATTGGTGACGTC
NZ_AP025739.1_gap143	5091345	5092854	1509	GGATCCGGCAAAGCGAACGGGCGGGGCGCGTATGTTTGCGCGTCGGACGAATGCATCGACAAAGCCATCAAGCAGAAGCGCTTCGAGCGCTCGCTGAATGTGAAGGCTGTATCCGAGAACCTGGCCGCCGACCTCAAGGCGGCGGCCGCAAACGCTCATTCTGCAGGAGTGAATGCGTGATGATTTAAAATAAAAAGAGCTGCAACGAGAGGTGAATTGACCTTATGTCTGGTGTGCGTATTTACGATCTAGCAAAAGAACTGAAGCTGACGAGTAACGAACTGTTGGATGTCCTGAAAGAACTGGGCGAACCAACAAAAACGGCTTCAAGCACGATAAACGACTCCGCCGCCGAAGGCGTACGCAAGCGCGTCGCCGACCGAGCGAATGGAGCGACCAATGGCGCGTCCGCGCCTTCTTCCAGCAACGGCAACGGCAATGGCGCGGCGAAGCCCGCTCCGGCCCCGGCAGCTTCCGCCTCGGAAAGCCCCGCCGCCAATTCCGGTAAAGTCGTGGATATCCCGAGCGTTGTTTCGCTCAAGGATTTCGCCGACCTGATTTCCATTCCGGCTCCAACGATTCAAAAGAAACTGATGGGCCTTGGCGTCCTCGCGTCGCTGAACCAGAAGCTCAGTCCCGAAGTCGTCACGCGTCTGGCGAAGAGCTACGGCGTACCGGTGAACATCGTTTCGCCGCAGTCGGCGCCCGCCGCCGCGCCGCAAGCTCCGGCCGCGCCTGCGACAACCGGCGTCGCCGCGCCGCAGGCCGACGCCGCTCCGGCGGCTCCCCCCGCCGCGCCGAAGGTCGCCGTGGTGGCCGCGAAGCCCCGCCAGAAGCCCGCCGGCCCCGTCTCCCGCCCGCCCGTCGTGACCATCATGGGACATGTCGACCACGGCAAGACGACCCTGCTGGACGCGATCCGCAAGGCGCGCGTTGTCGATACCGAGCATGGCGGCATCACGCAGCACATTGGCGCGTATCAGGTCTCCGTTGAGGATCCGACGAACGCCGGGACGATGCGCAAGATCACGTTTCTGGACACTCCCGGCCACGAAGCCTTCTCGGCGATGCGCGCTCGCGGCGCCCAGGTCACCGATATCGCGGTCCTGGTGGTTGCGGCGGACGACGGCATTATGCCGCAGACGATCGAAGCCATCAATCACATCAAAGCCGCCGGCGTTCCGATGATCGTCGCGGTCAACAAGATCGATAAAGACGGCGCCAATCCAACCCGCGTTCTGACGCAGCTGACCGAATACGACGTCATGCCGGAAGCTTACGGCGGCGACGTGCAGACGGTGGAGCTGTCGGCGAAAGAGGGCCTGGGCCTGGACGACCTTCTGGAGAAGATCATCCTTGTCACCGACGCGGAGATCGAGCCCAAGGCCGATCCGAGCGCTCCGGCGACCGGCTGGGTCATTGAAGCGGAGATCGATAAGGGACGCGGCGTCGTCACGACGATCCTCGTGGACCAGGGAACCGTCAAGATGGGCGACTCCGTGGTCGCGG
NZ_AP025739.1_gap144	5096091	5097693	1602	CGAGTGCGGCAAGGGAACGTATATCCGGACGCTTTGCGCGGATCTCGGCAAGGCGCTGGGGGTAGGGGGGCATATGGCGAGCCTGCGCCGAACCGCCGTCGGCGGCTTCCATGTGGACGCCGCCGCGCCTCTTGAGACAATCAATCCCGAAAATGTGCTGTCACTGATGAAGCCGCCTGCGGAGGCGCTGCACGGCTTCCCGCTGCAAGCCGTGGACGATGCGCGCCGGGCGGATATCCTGCACGGCCGCGCCGTCCCGACCGGTCTCGCCGACGCGCCGATCGTGCGCGTGGTCGATGCGAACCAACAACTCGTCGCCCTGGCGCTTGCCGACGCCGGCTCGCTGCGCCCGTTTAAGGTCTTTTCCACGGAACACTCATGAAGGTTATCCAAGGGCTCGATTCGCAGGATCTTCCCCTGTCCAATACCGTGGTCGCGATTGGAGTCTTCGACGGAGTCCATCGCGGGCATCAGGAGATTTTTCACCAGACGGCCCGCGAGGCCCGATCTCTTCAGGCCACGCCGACGATTCTTACGTTCGACATTCACCCCTCGCAGCTTCTTGCGCCGCACAGCGCCCCGGGCTTGATTTCGACGCTCGATCAGCGAGTCGGGTTGATTCGAAAGTACGGCGAGATCGAAGCCGTCCTGATCGCGCCCTTCACGCGCGAGTTCGCGTCCCTTTCCCCGTTGCGCTTTGTTGAGGATATTCTGATCGGCGCGCTTGGCGCGCGTCATATCCTGGTCGGCGCGGATTTCCATTACGGCCGCAACCGGGCTGGAACCATCAGCACGCTTCTTTCCGAGGGAGCGGAGCGTGGTTTCGCCGTGACGATCGTGCCGCCGGTACTCTACCAAGGGGCGCGTATCAGCAGCACGCTGGTGCGCGAAGCGCTCGCCGTGGGCGATGTCGTCGCCGCCGCCGATCTTATGGGGCATCCCTTCGTTTATTCTGGCGTCGTGGTCGAAGGCAAGAAACTGGGACGGACGATCGGCTATCCCACGGCGAACCTGGCGCCCGTGGAGGCCGAGCAAATCGCCCCCGCGAACGGGATCTACGCCGGGATCGCTTACCTCGAAGGCGGACGCCAGGCGCGCGCCGCCGTCAGCGTCGGCTCGAACCCCACCACCGACTCCGATGGCCGCCGTAAGATCGAAGCTTATTTGATGAACGGCTTCCAGGACGATCTCTATGGACAGCGCGTCGATCTGGAGTTCCGCCAAAAGCTGCGCGACGAGCAGAAATTTGCGTCGCTGGACGATCTCACCGCGCAAATTGCTCGCGATGTCGAAGACGCGGAAGCCCTTCTCTCTCAAGCTTAACCCAAACCCATTGACAGGCGTTTTGGTTTATGATACAGTGCAACCGTGACTTTGCTTGCTACTGAGCGAATACTCACCAATTTTCCCACAACACACCTGCGGGCGATCGTCCTACCCAATGGAATGGAGTTTCGATGACGTCTATCCACACTTACAATGTTCCGCCAGGACACAGACTCCAGAAGCGATTCTGGAAATCTTCCCTCGCCCTGACTACGGTCGCTCTAGCGGCCCTGGCTCCCGCAGCGCGCGCCACGACTCTCACCGTGCCGACACAGT
NZ_AP025739.1_gap145	5161064	5161616	552	TGATGTCCCACATCAGATATTCGGCGGCGTACTTGTTTTGCGGCGCGATCTTGCCCAAAAACGTGTTGCGAAAGAACCCGGCCATCAGCGAAGGGAAGCGGCGGCAAGAGAACTGGAGCGTGCCGTCGGCGTTCAGCACGCGTGGGCCGATAATGCCCGCCTGCGGATGCGCGTCGGCGTACGACACCAGCGTATCGATCGCGCCCTCGTGCGCGAAGGCGTCGGAGTTCAGCAGAAATACATAGCGGCTTTGCGATGCGGCGATCGCCTGATTGTTCGCCTTCGAAAACCCGACGTTCTCGGTGTTCGCGATCAGCTTTACGTCGGGGAATTCGGACCGGACCATCTCCGCCGAGCCGTCGGTGCTCGCGTTATCGACGACCCAGACTTCGTAATTCGATTTCGGCTTGGGGTCTGCGTAGAGTGATTGAAGACAGACGCGCAGATCCTTTTGCGCGTTCCAGTTGACGATAATGACGGCGATATCTGTCATGTTGTTGCGGTCGGCGCCGTGGCTGGCTCCGACATAACCCTTTTTAATAATCGGTTCTC
NZ_AP025739.1_gap146	5268027	5270028	2001	GACGACGCTTTGAGTAAGGTCTTCACCAAGAGCTTTTTTCGACACGTTCCGGATTCGTCACAACTCTGAGAGTGCTCATCCAAGATGACAGCAGGAAAGTATTCGCTGCCTACCGAACAAGCAGGCAATTGACTGACGTGACGAACGTCAGTTTCGTTGTCAAAAGGGACGCCCATGCTCGCTCAAGTCGACTCCGCCGCCACTCTTGGTATAGACGCCTACGTTGTTCGTGTCGAAGTGGATATTTCCTCGACGATACCCATGTTCGCCATCGTTGGCCTGCCGGACGCCGCCGTGCAGGAATCGCGCGAGCGGGTTCGCAGCGCTATCCGTAATACGGGATATGAATTTCCCCTGCGGCGGATCACGATCAATCTCGCCCCAGCCGATATTAAGAAGCAAGGCCCGTCTTTCGATCTTCCCATTGCGATTGGCCTGCTTGCCGCAACCGGACAAGTCTCCACGGATCATCTGGATAAGGGTTTATTCATCGGCGAACTTGCGCTCGATGGCGGCGTCAGCCCCGTCGCAGGTATCCTCCCCATCGCCATTCGCGCCAAGGCGGAGAAGAAGAAGTTTCTCGTCGTTCCCGAGGCCAATGCGCGCGAGGCCGCCGTCGTCGGCGATGTCGATATCTATCCTGTCAAAACACTCGCCGAAGTCGTCGCGCTGCTCAACGATTTCGAAAAAACCGCGCCCTTGCCCGCCGATCCCGTCGGTCTCCTGAACGCCGACCAGCACTACGATATCGACTTCGCCGATGTCAAGGGTCAGGAGCACGTCAAGCGCGCCTTGGAAGTTGCTGCGGCAGGCGGCCATAATATTCTCCTAGTCGGTCCACCAGGATCGGGCAAGACGATGCTCGCACGCCGCCTGCCGACCATTCTGCCGCCGCTCAATCTCGATGAAGCGCTTGATATCACCAAAATTTATAGCGTCTCCGGCCTGCTCGGCACGCACACAGCTTTGGTGACCAAGCGCCCCTTCCGCAGTCCGCACCACTCGATCTCCACCGCCGCCCTCGCCGGCGGCGGCAGCAACCCGCGTCCCGGCGAAGTCTCCCTCTCCCACCACGGAGTCTTATTCTTAGATGAGTTGCCCGAATTCCGAAGAGATGTCCTCGAAGTCCTGAGACAGCCGCTCGAAGACGGCCACGTCACCATTGCCCGTATCGCCGGCACCATGACCTACCCGGCACGCCTGATGCTCGTGGCGGCGATGAACCCCTGCCCATGCGGCTACTTCGGCGACACCATCAAAAGCTGCACCTGCTCCCCGCAAATGATCGCCAAGTACCTCCAGCGCATTTCCGGCCCTCTGCTCGACCGCATCGACATCCACATCGAAGTCCCGCGCCTGCCTCAGGACGAAATGCTGCAAAGCTCCGGAACCGGCGAAACCAGCGCAACGATCCGCAGCCGCATCATCGCCGCCCGCGATCTGCAAAAGCAGCGCTTCACCGGCACCGACCTGCAAAACAACGCCAGTATGGCCAGCAAACAACTCAAGGAGTACTGCGCCGTCGATAAAGAAGTCAAAGATCTGCTCAGAGCGGCCATTTCCCAGCTTGGTCTGAGCGCCCGCGCCTACGACCGTATCTTGAAACTAGCGCGAACGGTGGCGGACTTGGATGGGGCCAAGGATATTGGGCTGGGACATGTGGCGGAGGCGATCCAGTACCGGGCGCTGGATCGGAAGTTGTGGGGATAATTAGAGTAAAATGCGGTATGGAGGGCAATTATGACTCGAACATTGAATGCGACCTTTGATGGCGCGTCGTCCCTGAAACTGGACGAGCAGCTTGACTTGGCTCCCAACACGATCGTTCGTGTGACGATTGAAACGGTTGACGTCCCAGCAGCCAATGATTTCTTGGCGGTTTGCCTTGCTGCAAACTTAGATGGTCCCGAGGATTGGTCGGAAAATTTGGAGCACTATCTTTATGGCGACAAGCGCGACTCTTCAGAATAAAGTCTTTCTTGACACGTCTTATATTATCGC
NZ_AP025739.1_gap147	5392384	5396646	4262	ACCAGGTCGAAGCGATCGAGGTTCATCACCTTGGTCCAGGCCGCGACAAAGTCTTTCACGAACTTGTCCTGCGAATCGTCGTAGCCATAAACTTCGGCGATGGCGCGGAGCTCGGAGTTTGAGCCGAAGATGAGATCGACCCGGGTCCCGGTCCATTTGACGGAGCCGGTGGCGCGGTCGCGGCCTTCGAACACGTCGCTGGCTTCCGAAACCGCGCTCCACTTCGTTCCCAGATCGAGCAGATTGGCGAAGTAGTCGTTGGTGAGCGTCTCCGGACGGTTAGTGAAGACGCCGTGCGGCGAAGCGTCATAGTTCGTATTGAGGACACGCAGTCCGCCAACGAGCACCGTCAATTCGGGCACGGTCAGCGTCAGCAATTGCGCCTTATCGATCAGCAGCTCCTCGGCGGACGCCGTGTGCCGCGGGTTCAAGTAATTACGGAACCCATCGGCGGCCGGTTCGAGCGCGCCGAATGATTCGACATCGGTCTGCTCCTGCGAAGCGTCGGCGCGTCCGGGCGTGAAGGGCGCCTTGAGATCGTAACCGGCGTTCTTCGCCGCCTTCTCAACACCCACGCTTCCGCCAAGAACGATCAAGTCGGCAAGCGAGACTTGCTTTCCGCCCGACTGCGCGGCGTTGAACTCGTTCTGGATGTTTGTCAGGGTTTCCAGCACGCCAGGCAATTGCGCGGGATTGTTGACTTCCCAGTATTTCTGCGGGGAAAGACGGATGCGAGCGCCGTTCGCGCCGCCGCGTTTGTCGGAGCCACGGAACGTGGAGGCCGACGCCCAGGCGGTCGAGACCAACTGTGACACGGTCAGTCCGGAAGCGAGGACCTTGCTCTTGAGCGCTTCGATATCCTGATCGTCAACCAATGGATGCGTGACGGCCGGGATGGGATCTTGCCAGAGCAGTACTTCCGCAGGCGCTTCCGAGCCGAGATAGAGCGATCGCGGCCCCATATCGCGGTGCGTCAGCTTGAACCACGCCCGGGCGAAGGCGTCGGCGAATTGATCGGGGTTCTCGTGGAAACGGCGTGAGATCTTCTCATAAGCCGGATCAAATCTCAGGGCGAGATCTGTTGTCAGCATGGTGGGCGCGTGCCGCTTTGTGGGGTCATGAGCGTCCGGAACGGTATCGGCGGCGGCTCCATCCTTCGGCTTCCACTGGTTCGCGCCGGCCGGGCTCTTGGTCAGCTCCCATTCGAAACCGAACAGGTTCTCAAAGAAGTTGTTGCTCCACTTTGTCGGCGTCGTGGTCCACGCCCCCTCAAGACCGCTGGTAATGGTGTGGACTCCATTGCCGGCGCCGAGGGAGTTTCTCCATCCAAGACCTTGTTCTTCAATGCTCGCCAGCGCCGGCTCCGGACCGATGTGCTTGCTGGGATCGGCGGCGCCATGGGTTTTGCCGAAGCTGTGACCGCCGGCGATCAGCGCGACGGTCTCTTCGTCATTCATCGCCATGCGGCCGAAGGTTTCGCGAATGTCGCGCGCGGAGGCAATCGGATCGGGATTTCCGTTGGGACCTTCCGGATTGACGTAGATCAGGCCCATCTGAACGGCGGCAAGCGGGTTTTCAAGATCACGGTCCCCTGTATATCGTTTGTCTCCCAGCCACTCGGTTTCCGAGCCCCAGTAGACATCTTCTTCCGGCTCCCAAACATCTTCGCGACCGCCGCCGAAACCGAATGTCTTGAAGCCCATGGATTCCAGGGCGCAGTTGCCGGCCAGGATCATCAGGTCCGCCCAAGAGATCTTCTGGCCATACTTCTTTTTGATGGGCCAGAGGAGCAAGCGCGCTTTGTCGAGGTTGGCGTTGTCCGGCCAGCTGTTCAGCGGCGCGAACCGCTGCGCGCCCGCGCCGCCGCCGCCGCGCCCGTCCGTGATACGGTACGTTCCCGCGCTGTGCCACGCCATTCGAATGAAAAAGGGACCGTAGTGACCGTAGTCGGCCGGCCACCAATCCTGCGACGTGGTCATGAGCGCGAAGAGGTCATTCTTCACGGCCGCCAGGTCGAGCTTCTGAAACTCCTCCGCGTAATTGAAGGACTTGTCCAGCGGATTCGAAAGATGAGAATTTTGGCGCAGAATACCCAAATTCAGCCCATTGGGCCACCAGTCTCGGTTTCTCGTTCCCCCACCCGCCGTTTGGTTCAGGACTCCCCCAGAAAACGGACACTTACCCTCACCACTGCTTTCCTCATGATTGAGGGCGGAAATGATATCCGTCTCGAGACCGTCCACGTTGATGTCACTCATGAAAACTGCTCCCTTGGCTCATGTAGATAAAGTCTCTTGCTGACATTGGGGACACAAACCCCAAAAAATTACTTCCGCCTCCTGGATCACAAATCCATGATTAGCGGAAGGCTCCAGACAGGGAGCTGCGCCGACGGCGCAGTCCACGTCATTCGTCAGACCGCAAACGCGGCAGACAATGTGATGGTGGTTGTCCCCCACCCGCGCTTCATAGCGAGCCGGATGCCCCGACGGCTGGATGCGGCGAATGAGGCCAACCTCCTCCAAAACGTGCAGATTGTCGTACACGGCCTGGGTAGAGAGAGCCCCAAGCCGCTTGCGGGCCGCGACCGCAATCGCCTCCGCATCCCGATGCGATCCCTCACCCTGCACCGACATGAGCACGGCAAGACGCGGCGCCGTCACCCGCAGGCCGGCCCTGCGCAAGGAATCGTGAGTTGTGTTCTCGTCAGACGACATGATCGCTATTGTAAACGATAATCTGGAATAAGTCAAGATTACGAATAATTAAGTTTTAACCAGGTGGTCATATTTTTTCGTCGTTGACAAGCGGCGAAAGGAGTGGTAAAATCACTCATCACTTAACTGGTTAAGTGATGAGTACCGAGTGGGAAATGTCATGGCAACAATCAAAGATGTCGCGGAACGAAGCGGCGTCTCCAAGGCGACGGTTTCCTACATCCTCAACAACCGCCCCATCCCCATTGGGGTCGAAACACGGGAACGAGTCCTCGCGGCAATGAGAGATCTCAATTATCGTCCCGTGTCCGCCCGTCAAAGCTCCTCCGCAAAGCGCACGAACACGGTGGGAGTGATCTTTCCCAGCTTTGGAGGACGCCTTGTCGATCTGCCCTATTACAATTATTTGATCGATGGGATTCTGTTTGTCGCCATCCAAAGCAAGTGGAACACGCTCCTGTTCAATTGCGAGACCTGGGAGGACGCTCACCAGAGCCTGCGCAGCTACTGCGATGGGAGCTGCGCGGGGCTGATCCTGATCGGTCCGTCTCCCATGGGAGATCTCGTCGTCGCGCTCAAGGAGCGGGGCATCCCCTTTATCCTCATCAATACGGGAACGCAGCAGAGCGATATCTCCTCTGTGGATATCGATAACGAAGCCGCAGCCGTCCAGGCCGTCCGCTATCTGATCGATGAAGGGCATCGCCGGATCGCGATGCTGCCGGGGGCGGCCGGCCACGACAGTACGCAGCTCCGCGTACGCGGTTTCCGACGTGCATTGACAGAGGCCGGCCTGAAATACCGAGAAGAGTGGGTAATGCCAGGGGAATATTCGGAAGAATCGGGATACCAGCGCACTCATCTATTGCTCCAAGCCGAATCTCACCCTTCAAAGCGTCCCACCGCGCTATTCTGCGGGAACGATCTGGTCGCTCAGGGAGCGTACCAAGCCCTCGCGGAGAGGAATATCTCCGTACCCGACGATATGTCGGTGATTGGGATGGACGATCAGTTATTTGCCCGCACGATGAACCCGCCTCTCACATCGATCCGGCAGCCTCTCCAGGAGATCGGAGAACGAGCCCTGACCATCCTGATGGCGCAGATCGATCAGGGAGCGGTGAAGGATCGCACGGTCCGTAAGGTGTTATTGCCCGTAGAACTGGTCCGCCGCCGCTCCGTCGCTCCCCCACAAGCCTCGGCGCAGAACACCGATGGCGAATAGGCCGTGAGCCCCATACACATACAATCCATCTTTACATTTTATCGCAATCATTGCTATTAAGGACACACGGAAGGAACGACATCTTGATACTTCGAAATTGCCTGCTTGCTTTGGGCGCCGGCCTGATATTCACGACGCCTGCGGCCAGGGGCCAAGTCAAGGACGACGTGCGTCCCATCACCATCGATCTGAATGGGCCTTCGACGCCGCGCGATTACTTCTACAATCTCTCGGTAGGCTCCGATTACCCCGGCACTTTGATGCGCAGCGACAGCATGGAGCAGCTCAAGGTAGTACAGCAAGAGCTGGGTTTCCGCTAT
NZ_AP025739.1_gap148	5399580	5402350	2770	GGCGCTTGAATTGCTTCGAGAAGTAAAAGGGGTCCGCGAAACCGGTGCGGGCGGCGATCTCCGAGATGCTGAGGTGCAGGTCCTGCAAAAGATGCGCCGCCCGGCGCAGGCGAAAATCCAGGACGTAATCGATGGGTGACGAGCCAAAGCAGGCTTTGAACTCCGCGCTAAAGTGGCCGATGGAGAGCTGAGCGACCTCCGCGAGGTCCGTGAGTGTCACCGATTGCGCGATATTATCCTCAATATACTGAAGCACGGCCAGCAGCCGATTGCGCCGCAATCCTTCCTGCCCATCCTCCCCCAGCCCGCGTCTTAACTGCGACATCCAGATACTGAAGTGGCTTTTCAAAATCACCGGATCTGGCTGCGCGTGCGTCTTCAATTCCGTCAAAATCGCCTGCAAGTGCCAATCGATCAGCGCGGCGTTCTTTAGCTGCACCGGACGATCCAGCGCGAGGCTGCTATACTGGATGATCTCGTCCGCCTCCGGGCCGTCGAGATGGATCCACGAGTGGCTCCACGATCCTTCCTGACTTCCGTAGAGATGCTCCGTATTCGGCCCCCAGATGACGAACATATTGGGCGGATAGGCCAGCATTTGCCCCTCGACGAAAAGCCGGGCGGCTGTGTGAAAATGCATAAAAATGTAGTCCGCAGTCGCGCTGTGATGGACAATGCGCGGCCCCATGCGTTCGTGAAGGCCGAGCGCCGGCACGAAAACCGGGGGCTCCTGAGCCCCGGATGGGAAGTAGTGCGGAGGCGCATACCAGAGTTCTGACGTTTGCATAATCTTAAGATACTCCAGGTTTTAGTAATATTGTCTATTTACGGCGATCGCCAGAGCATTTATAATGAAGTCAGCCAACCACGGGGATGTGCGAACTGGCGGGAAGAGTGCGGCCGCGCACGCCATAGGCGTGTGGCTGGCTTCTTAAGTGAGTAGTATCATGATCAATGCAATGAAAGTCGGAGTGATCGGCTGCGGCAATATTAGCGCCATCTACTTTGAAGCCGGACGCAAGTTCCGGAACATCGAAATAGTCGCCGCCGCCGATCTGCACCTGGAGCGCGCCCAGGCCAGGGCAGAGCAGTTCGGGATCCCGAAGGCGTGCGCCGTCGACGATCTCCTTGCCGACCCCGATGTGGAGATCGTGATCAATCTGACCGTTCCTGCGGCGCACTACGGCGTCTGCCTGAGCGCCTTACAGGCGGGGAAGCATGTTTATGTGGAAAAGCCCTTTTCGGCGACCCGTGAACAAGGCAAGCGTCTGCTGGATCTCGCCGCCGAAAAGGGGTTGCGGATCGGCGGAGCTCCGGACACCTTCCTGGGCGGCGGATTGCAGACTTGCCGGAAGATCCTCGATGACGGCTGGATCGGCCGTCCCGTGGCGGCCACCGCGTTCGTGATGAACACAGGGCCGGAGGGGTGGCATCCGTCTCCAGACTTCTTTTATAAGGCGGGCGGCGGCCCGATGTTCGACATGGGACCCTACTATCTCACGGCCTTAGTCTCGCTCCTGGGACCGATCCAGCGGATCAGCGGCAGCGCGCGCCGAACCCATCCCGAGCGTACGGCGACCAGCGAGGCGCTGTATGGCCGGAAGATCCCCGTCGAAATCCCGACCCATGTGGCCGGAACGCTCGACTTTGAATCCGGGCCGGTCGCCTCGATGATCATGTCGTTCGACGTTCACGCGCATCGCCTGCCCAATATCGAGATTTATGGCGCGGAAGGCACGCTGGCCGTTCCCGACCCCAATTGCTTCGACGGTCCGGCGCTAGTCCGCCGTCTGGACGATCGCGAATGGCGCGAGACGCCGCTGGCGTTCGGTTACCGCGAGAATAGCCGGGGAATCGGCGTCGCCGATATGATCGACGCCATACAAAGCGGCCGCGCCCACCGCGCCAGCGGCGAACTGACCTACCATGTCCTGGAAGCGATGCATGGTTTCCATGAGGCGTCGGAAAGCGGGCGAAGCTACGAGATGACCAGCGGCTGCGCGCGCCCGGCGCCGCTGAAGATGGGACCGTTACACGATTGCGCCGAGATGTCGGCATTTCGATAGAAAGAACGTACGATGATCAAACAGTCCTTTTCCTGGTGGGGTTTTGCAAACCAGGGCGTCGACGATGAGACGCTCCTGCGGGAGGCGAAGGCGATTGGATACGACGGCGTCGAACTCCTTCCCCCCACTCTCTTCCAGCAAGCTGTCGATCTGGGACTGTCCATTGTCACGCATGGCGGCCACGATTCCATCAGCAGCGGATTCAACGATTTGAGCCAGCATGACCGGATCGAGAAGGAAATCCTTGCCTTGCTGCCGGTCGCGGCGAAGTTTCAGATCCCATCGCTAATCGTTTTTAGCGGCGATCGTCGGGACGACCTCTCGGACGCCCAGGGATTGGAGAATACCGTAATCGGGCTGCGGCGCGTAGCGACGGCGGCGCAAGACGCGGGCGTAACGCTGATCCTGGAGTTGCTAAACAGCAAAGTGGACCATCACGGATACCAGGCCGACCACACGGCGTGGGGGGCCGAGGCATGCAGGCGCGTCGGCTCCGCGCATGTCAAGCTGCTTTATGATATCTACCATATGCAGATCATGGAAGGCAATTTGATCCAGACGATTCGCGATCATCACGAATATTTCGGACATTATCACACCGCCGGCAACCCGGGCCGGGGCGATATCGACCCCGCGACGCAGGAAATCAGCTACGCGCCGATCTTCCGCGCTATCGCCGCCACCGGCTACGACGGTTACATCGG
