gap_id	start	end	length	sequence
NZ_AP028346.1_gap1	1378	4952	3574	ATCGAAGAACTTAAAAACAAAATTCTTGTTAAAAGTCAAAGTTAAGTGAAAGGATGTGAAAAATAAATTCTAGAGTGTGAAAAAAAGAAATTAAGCAAAGTATGATAAAATACAAATTTGATTATTTTGCTTTGAAGAATTTCACAATTTCAACAAGCTTATTATTACAACGAATTTAAAATTAAAATAAACCAAGGAGAAAAAATGAAGTTAAGTATCAATAAAAATACTTTAGAATCTGCAGTGATTTTATGTAATGCTTATGTAGAAAAAAAAGACTCAAGCACCATTACTTCTCATCTTTTTTTTCATGCTGATGAAGATAAACTTCTTATTAGAGCTAGTGATTATGAAATAGGTATCAACTATAAAATAAAAAAAATCCGCGTAGAATCAAGTGGTTTTGCTACTGCAAATGCAAAAAGTATTGCAGATGTTATTAAAAGCTTAAACAATGAAGAAGTTGTTTTAGAAACCATTGATAATTTCTTATTTATAAGACAAAAAAGCACAAAATACAAACTTCCTATGTTTAATCATGAAGATTTTCCAAATTTTCCAAATACAGAAGGAAAAAACCAATTTGACATTGATTCAAGTGACTTAAGTCGTTCTCTTAAAAAGATATTACCAAGTATTGATACAAACAACCCAAAATACTCCTTAAATGGTGCATTTTTAGATATAAAAACAGATAAAATTAACTTCGTAGGAACTGATACAAAACGCCTTGCAATCTATACTTTAGAAAAAGCAAATAATCAAGAATTTAGTTTTAGTATCCCTAAAAAAGCTATTATGGAAATGCAAAAACTTTTCTATGAAAAAATAGAAATTTTTTATGATCAAAATATGCTTATCGCTAAAAATGAAAACTTTGAATTCTTTACAAAACTTATCAATGATAAATTTCCAGATTATGAAAAAGTTATACCAAAAACTTTCAAACAAGAACTCAACTTTTCAACTGAAGATTTTATAGATAGTCTTAAAAAAATCAGCGTTGTAACTGAAAAAATGAAACTTCATTTTAACAAAGATAAAATCATCTTTGAAGGTATAAGTTTAGACAATATGGAAGCAAAAACAGAGCTTGAAATTCAAACAGGAGTAAGTGAAGAATTTAATCTTACTATAAAAATCAAATATTTACTTGATTTCTTAACTTCTATAGAAGAAGAAAAATTCACTTTAAGTGTAAATGAACCTAATTCAGCATTTATAGTCAAATCCCAAGGACTATCAATGATTATTATGCCTATGATTTTGTAATAAAACAAGTAAAAGATAAAGGAAAAATATGCAAGAAAATTACGGTGCGAGTAATATTAAAGTCCTAAAAGGCCTAGAAGCTGTTAGAAAACGCCCAGGTATGTATATAGGAGATACAAACATAGGCGGACTTCATCATATGATTTATGAAGTTGTGGATAATTCTATCGATGAAGCTATGGCAGGACATTGTGATACTATAGATGTAGAAATCACTACTGAAGGAAGCTGTATAGTTAGTGATAATGGTCGTGGTATTCCTGTTGATATGCACCCAACTGAAAATATGCCAACTTTAACTGTTGTTTTAACTGTCCTACATGCAGGGGGAAAATTCGATAAAGATACTTACAAAGTTTCAGGCGGTTTGCACGGTGTTGGGGTTTCAGTTGTAAATGCACTCTCTAAAAAACTTGTAGCTACAGTTGAAAGAAATGGAGAAATTTATCGTCAAGAATTTTCAGAAGGTAAAGTTATCAGTGAATTTGGTGTGATAGGAAAAAGTAAAAAAACAGGAACAACTATAGAATTTTGGCCTGATGATCAAATTTTTGAAGTGACTGAATTTGATTATGAAATTTTGGCTAAAAGATTTCGTGAACTTGCATACTTAAATCCAAAAATCACTATAAATTTTAAAGATAACCGCGTAGGCAAACATGAAAGTTTTCACTTTGAAGGTGGAATTTCTCAGTTTGTTACAGACTTAAATAAAAAAGAAGCTTTAACTAAAGCAATTTTCTTTAGCGTAGATGAAGAAGATGTAAATGTTGAAGTAGCTTTGCTTTACAATGATACTTATAGTGAAAATTTACTCTCTTTTGTAAATAATATCAAAACTCCAGATGGTGGAACACACGAAGCTGGTTTTAGAATGGGTTTAACTCGTGTGATAAGTAACTATATAGAAGCAAATGCAAGTGCTAGAGAAAAGGATAATAAAATCACGGGTGATGATGTGCGTGAAGGTTTGATCGCTATTGTGAGTGTAAAGGTGCCTGAACCACAATTTGAAGGACAAACCAAAGGAAAACTTGGTTCAACTTATGTGCGTCCTATAGTTTCAAAAGCAAGTTTTGAATATTTGACTAAATATTTTGAAGAAAATCCTATCGAAGCTAAAGCTATAATGAATAAAGCTTTAATGGCAGCTAGAGGAAGAGAAGCAGCGAAAAAAGCTAGAGAATTAACGCGTAAAAAAGAAAGTTTAAGCGTAGGAACTTTACCAGGGAAATTAGCTGATTGTCAAAGTAAAGATCCAAGTGAAAGTGAAATTTATCTTGTGGAAGGGGATTCTGCAGGAGGTTCTGCAAAACAAGGTAGAGAAAGATCTTTTCAAGCTATACTGCCTTTGCGTGGTAAAATTTTAAATGTTGAAAAAGCAAGATTAGATAAAATTTTAAAATCTGAGCAAATTCAAAATATGATTACCGCTTTTGGCTGTGGTATAGGTGAAGATTTTGATCTTTCAAAACTTAGATATCATAAAATCATCATCATGACAGATGCGGATGTTGATGGATCACATATACAAACCTTGCTTTTAACTTTCTTCTTCCGTTTTATGAATGAACTTGTAGCAAATGGACATATTTATCTAGCACAACCACCTTTATATCTTTATAAAAAAGCTAAAAAGCAAATTTATTTAAAGGATGAAAAAGCTTTGAGCGAATACCTGATAGAAACAGGAATAGAAGGTTTAAACTATGAAGGTATAGGAATGAATGATTTAAAAGATTATTTAAAAATCGTTGCAGCTTATCGTGCGATTTTAAAAGATCTTGAAAAGCGTTTTAATGTGATTTCTGTGATACGCTATATGATAGAAAATTCAAATTTAGTTAAAGGAAATAATGAAGAATTATTTAGTGTAATCAAACAATTTTTAGAAACACAAGGACACAATATCTTAAATCATTATATCAACGAAAATGAAATTCGAGCTTTCGTTCAAACTCAAAATGGCTTAGAAGAACTTGTGATCAATGAAGAACTTTTCACTCATCCACTATATGAAGAAGCAAATTATATTTTTGATAAGATTAAAGATAGAGGCTTGGAATTTGATAAAGATATTTTAGAAGTTCTTGAAGATGTTGAAACCAATGCTAAAAAAGGTGCTACTATACAACGCTATAAAGGTTTAGGGGAAATGAATCCTGAGCAACTTTGGGAAACTACAATGGATCCAAGCGTAAGAAGACTTTTAAAAATCACTATTGAAGATGCACAAAGTGCAAATGATACCTTTAATCTCTTTATGGGTGATGAGGTTGAACCAAGACGCGATTATATCCAA
NZ_AP028346.1_gap2	69145	71532	2387	GATTGTTCGTTGATTACAGCCACTCCATAAGAAAAATACACAAATCTTTTCCCTAAATTAGAAATACCAATATTTCTTTTCACAGTATATCCAAGAAAGTTACGATAAGGGTCATCGCCCACTATACTCATAGTTTCCCAAAGTCTTTTTTGATTGATATAGGAATGCTTACCATTAACCAAACAATTTGTAGTTTCTATACCGCACATTCCACCAAATCGAACAAGTCCTTCTCTATTCCAATAATATTGATCTCCGTTACTATCTTGAAATAAAGTTAATTCCAAATTCCAATCAGGTTTGGCAAAGGCTATAACTTCATTATCACTAAGTCGTTTTAAATAGGTTATATACCCACCCTTCACTTCTTTCATCTCTTCAAGGCTGAGTTCTTTGACACCCGGGCTTGTATCGCTTAAGGCACCTTTTGTGAGTTTAGCTAAAAAATCCTCAGCAAAACAGAACTAGTCAGTAAAGAAGTTAAAGCTAATAAAGCAAAAATCTTTTTCATTGAAAATCCTTTCATAAATTCTTTTTGTAAGTTCTTTAAAACTACTATCGACTTATTCTAGCAAAAGTTTAATCTTGCTTTGAAAGTTAAGTGAATTTTCTTTAAATACTTAAAATTTTATTCTCGGTTTGTTTGCTTTTGTAACAAATTTTCATTTTTATCTTAAATTATATTAAGCAAGTAAAAATATTTAAAGATTTTAAAATATTTTATCTTAGAATAATAAACTTTTCAATATCAAGGATTAAATTTTAAAATTAACTTGAGCTGATTATTTAAAATGTAAGGATTGACAATGAAAAAAATTTTCTTAACATTTATGGTTTTAGTTAATTGTGTTTTTGCTAGTGATGAGCTAAATATAGACAGTTTATTTAAAAAGCAAATAGGCTTAAGAAGCATTACAAGCTTTTCTTTACTTAGCACAGGAAATGCAAACTCGTATTCTCTTTATCCTAATATAACAATAGGCGGAGATCCTACAATTTGGAATGATACAAAGCAGGTGTTTTTAACTCAAACTTTCATTTATACCCTAACACCTAAGTTTGACATACTTATTTCAGGGGGCGGAAGTTATGCAAGACAAGAATATACAAATTTTTTCACAAATGCATATTCCCATAAAGATCGCATAGGATTTGATAATCTATGGCTAGGTTTTATTTATACAGGCGATAGTATTGCAGATTTAATTCCACAAATTACCTTTCAAACTGCAGTTGTTCAAAGAGAAAAAGCAATCAATCAAACCAAAAACTTTTATCTAAAATCACAAAGCTTACAAGCTAGTTTAAGGGGATATAGCGATCCTGTAGTTTATAGTATTTATACAGGGTTTGGTTATAATCAATCAAGAAAATTTAAAACCCTTAAAATAGAGTATGGAAATAGTATTTATGTGGGTGGGGATTTATCTATTATTCTAAGTCCTAAAATTACTTTAGATTTAGGAGCAGAGCAAAGATTTCAAATGAAACAAAAAATCAATGGCTATCAAAATTCTGAAGTGCGTTCTATTCCAACTTTAAGTTTAGGTTCTACTTATAGCATTAATTCAGATACCGCAGTTTCTGTTAATGCTAGTTTTGGAGGAAGCTCTGCTTCTCCTGATAGCATATTTGGGATAAGCTTATGGAAAAAATTCTAAAAATTTTATTATTTTTACCCATTCTTACTTTGAGTACAAAAGCCGAATGGGTAGTTAAGTCTTATCAAGAAATTAAAAACGAAAGAGTAATAAGACAAACTTATGAGCAATCTTGTGGTGCTTCATCTTTAGCAACTTTACTTAATATACTTGATGATCAAAAAAAGTTTGATGAACTTGAACTTTTAAAGATTATGAGCGGACAAGAACTTTATACGGATATGGTAAGCTTTGCAGATTTAAGCGATGCAGTTAAAAAACTAGGCTATGAAAGCAATTCATATCAAATCAATAGAGAAAACTTGGATAAACTTGTAAATATTCCAATGCTTGTAAAAATTGAAGATGATCCACGCTTTCCACATTTTGTTATAATTATCAATCATAAAGGTAATTATTTACAAGTGCTTGATCCAAGTCATGGAGAATATATAAGTTCTAAAAGTCAATTTTTTAGTATTTGGGATAGATATAATAAAGGTGGTTATGCTTTAATTGTTGCTCCTAAAAAAGAGCTAAAACCTTTTAAGTTAAATACTCCAAAATCTTTACATTTTGATTTCAGCCCTTTTAGTTTGTTTTAGTTTTAATTCGTTTATATTTATTATTCTTAATTTGTAGGCTAAAACTTTTTATCTTAGTTGTTCTAATCTTTCTTTTTTAGAACCAATTTCTGTAATTTGAACGCCGAAGTTACCATCGACAATTACTACCTCGCCATAAGCA
NZ_AP028346.1_gap3	73057	77310	4253	TGGCAAAGACATTAAAAACTCTCCATAAGTCATCTGATCGACTGAATGAAGTTTAGTTTCAACAATACTTCTCATCATCGATGAAATTTGAGAGGCTAAATTTCTTGCTAATTTATCATGTATGCCTTTAATCGTCCTAAGTTGTTCTTTTGAAACTCTGTTGGGACGCTTAAAATCATATACAACGATATTTCTTTCATCTTTTTCATCTTTTGAATTTGAGGCTATGGGTGTGTCGGTGTTATCATCGACAACTTCAAGTAGAGCATCAATTTCTTCTTGGGAGAGTATCTCAGCCATTACACTAGCCTTTCTCTAAGTTTTTTAAGAAGTTTTTTGTGAATTTGTGAAATTCTGCTTTCACTGATTTGTAAAATTTCACTGATTTCTTTTAGGCTTAATTCTTCATAATAATAAAGCTGAATAATTAACTGATCGCGCTCTTTAAGATCATCTAGCACTTCGTGAATTTTTTCTAAAAGTTCTTCTTTTTCAATTTTTTCTAAAGTATTGTCTTCATTATAAAGTTCGATTTGCTCATCAATGGGCAGGGTATAGCTAATAGCATGAGCTGTTCTTACTTCTTTGATTTTTTCTACATCTAAATCAAGTTTTTTGGCTAGATACTCATCATCAGGTTCGCATTCATGTTCTAAAAAATATTCATCCATGATTGCATCAATATCTTTAATAATTTTACGATTATTTCGACTCATTACATCAAGACTTCTAAGATAATCAAGCATAGAGCCATTAACTCTTTTTCTTGCAAAACCCCAGAAGTTATCATTTTGTTCTTTATCGTAACGGCGTGAAAGCTTTATCATTTCTTCAACGCCTATGCTAATAAGATCATTAACATCTATACTTGAAGGCAAGCGTTCTTTTAGTCTAAAAGCCATAGCACGCAGAGCTGGCATGTAAGAAAGCACAAGCTCATCTTGCTCTTTCTTTAGCATTTGTGCATAAGCTTTAGGCGGCTCTTTTAGCATTTCTTCGTCTTTCTTTGAATTCATTTTTCTTTAGCTCTTCTCTTTCTTCATTGAGCTTTTCTAAAATTATATCCATTTTCTTTTCACGAATAACTAAATCGTTGATAATATTATTGCTAGTTTTTTCATAATCGTGTTTATTAAAGATTCTGCCACTAATTTTCTTTACATCTATAAAATTCATAATAGCAATATGAACAAAAACATAAAACATAAAAGTAATAAAACAAGTAAAAATCAGTATATCAAAGGCTTCATCTATACTAATAATGCTAAATGCAAGTCCTATAAAAAATCCACAAACAGTGAAAAATGCTACGTAATTTTCTGGCCTCATAATCTCTTCTCTTTATTGCTAAAATCTTTCAATAATTTTTCTAAAAAAACTTGAAAAACTACGATTTGAAACATTATCAAGCACTTTCCGTTCCAATCTATATAAAAGCTTGGAAGCTAGGGCTTTAATCTCATCACTTGAGGCTGTGTTTTCATCGCTAAATAAAGTTCTTTTTTTAATACTACCACTTACATCTTTAGAAGCGCTTAAATGACCTAAGAATTCTAAATTTAAAGGATTTTTAATGTTTGCATCTGCAACTTTTTTAATATTTTCAAAAACTTTTAAAGCTTCATTTTCATTTTTTACAACATTAAAGAGCATTAGTAAATTTTCTTTTGTCTTAGAAGTTGTTTTTATGGTTGCATACGCATCAGTGATTGCTGCAGGATCAGGAACAGTTACTACTATAACTTCATCAGCCATTTCTAAAAAATTTAAAATATTTCCACCAATACCCGCGCCTGTGTCGATAATAAGAAAATCAAGTTCATCTAAAATACTTGCTTGATTTAAAAATCTCTCGTAAATATTTTTATCATTATATTTTAAAATCTCATCTCCACTTTCGCCTGGGATGAGCCATAAATTTGGCTTAACTTCTATTAAAATGTCTTCCAAGGAGCATTCTCCGCGTAAAACATGCAAGAGATTTTTTTGTATGCGTACATTTAAAATGACATCCAAATTTGCCAAGCCAATATCAGCATCAAAAAGCCCAACTTTATAGCCATTATTTGCTAAAACATTGGCTAGATTCGCGCTAATCGTACTTTTTCCAACGCCACCTTTTCCACTTGTAATAGCTATAAAATGAGTGTTTTGGGATTTTTTGGTTCCATTTTGACTCATGAGATTGCGAAGTTTATTTGCTTGGTTATTCATTATTTTTTCCTTTGTTAAACCCTTCTAAAATACAATGAACTAGAAAATCACTATTGGCTACTTCTAAATCATCTGGCACTTCTTGTCCTATAGAGAAAAAGCTTAGAGGAATATTTGTTTCATAAACAAGAGAGAAGATATTTCCAAAAACCTTTGTTTCATCAAATTTAGTAATAATCAAAGTATCAATATTTAAGAATGAAAAATTTTTATAAATTTCCATTAAATCTTCATGTTTGGTGTTTGCAGAAACCACTAAATTTACATCAATTTCTGCATTTGAGTGCATTAAAAATTCTTTAGTTTTAGCAAGTTTGCTTTGATCGTATTGTGAATTTCCTATAGTATCAACTAAAATTACTTCGCAATTATTTAAGCTTTTTATCGCTTCATCTAAATCCTTTGGTTCTATGCTATCAATAATAGGAAGTTTCATCATTTTTGCATACTGAAAAAGTTGCTCAACTGCACCGATTCTATAAGTATCAAGCGTGATAATACCTGTTTTATAACGCTTATCTCCATAAGCATAGCGAAAAGCTAACTTAGCTAAGGTTGTTGTTTTTCCGACTCCTGTTGGGCCTACTAGCATCATGATTTTTTGTTTTTTTATATCGCTTTCAACACGACAAGGCAAGATATTTCTTAAAAGTGAGTGAAAATATCTTTGAACCGCATCTTTGTTGGTTTTCATAGCAGCTGGCATATTTTCTATAGTTGCTTTCATAATCGCTTCTAGATGATTTTCAAGCATTCCACTTTCTTTGGCTTGTTTATAAATACTTGCAAATTCAGGAGGTATCATAAGATTTTTTCTAGCTTCAGCTTTATCGTCCCACATCATATCTGCAAGAAGATCTATTTTATCATTAAGCTTGTTGATTTGTTTTTCAAATTGCTTTTCAAAATTTTCTATTTTTTTATTATAATTTGGATTAGGGGTGTAATTTTCTAAAGGTGTGTTTGTGACTTTAGAAATTTCATTGCTAACTTCACTTAGTTTTTCTTTGAAATCATCAAAGCCTAGAGTCTTATTTTGATGAGGGTTGATTTTGTTTTGTGGAAAATCTTGATAGGTTTTTTTAGCTAAGTCATTGTTTTTTACAGTGTTTAAATTTGTATTTAAGCGAGTGTTTGAGAAATCCAAGACTACATCTTTATCTTCTTGAGGGATTTGAGATCTAATTTTTTCTTCTGCAAGAGAGGTAGAGGATGGTTTTGGCGAGCTTTTTTTTGCAGGTAAAGATTTTCCTTGTTTTTTTAAGTGTTCTTCATAGTCGCTTTCTTCTATGGCTACCATAACCTCATAAAGCGCACTGCGATTTAAGGTTTTAGGACGAATTTGTTTATTTGTTATAATTAAAGCTTTATCTCCGTAATCTTCTTTTACTTTGGGTATAATTTGTTCTGTATCTTCAACGGTAAAAGTATGTATAAGTTGTCCCATTTATATTCCTTATATCATGCCTAAAGGCAAAATTACACTCACTCTTTCTTTAGCCCCTTTATGAGGCACCTCACACCACTTATCACGCTTGACTTTTTGTGAAAAGTATAAAAGATCTAAATCAAGCGTTCTAGGAGCGTTTTTGAAAGTTCTCTTGCGTTTAAATTTTACTTCATAGTAAAGTAAAACTTTCAAAAGTGCTCGTGCATGCAAATTAGTTTGTATCAACATAACAGCATTGGTAAAATCTTTTTGCTCTTTAAAACCAAAGGCTTCATTTATCAACATAGGAGATGTGGATAAAATTTTAAATCTTTTATCATCCATCATTACTCGAAAAAGCATATCAAATCTTTTTTTTTCGGGCTCTATATTGCTTCCTAAGCCTATAAGAGCTAAATATTTAAAAGATCGTATATTTTGACTAAAAAAAGGAAAAAAACGACTTTTTTCAAAGTGTTTTACTCCTTGAATTTTTAGCATTATTATTTATTCGTTTGTTGTGCTTGTTGCATTGCGCGCAAATTTTTTATTTGTTCGCAAATTTGAATTATACCCATTAAAGCCAAGTGATAGCCAAAAGGACCAAAAC
NZ_AP028346.1_gap4	112487	114791	2304	TTATGGACAAATGAATGAACCACCAGGGGCAAGAAATCGTATTGCTTTAACAGGTTTAACAATGGCTGAGTATTTTAGAGATGAAATGGGTCTTGATGTGCTTATGTTTATTGATAATATCTTTAGATTTTCACAATCAGGTTCTGAAATGTCAGCACTTTTAGGAAGAATTCCATCAGCTGTGGGTTATCAACCAACCTTAGCAAGTGAAATGGGTAAATTCCAAGAAAGAATTACTTCAACTAAAAAAGGCTCAATCACTTCAGTTCAAGCTGTTTACGTTCCAGCTGATGACTTAACAGACCCAGCTCCAGCAACTGTTTTTGCTCACTTAGATGCTACAACGGTTTTAAATAGAGCTATTGCTGAAAAGGGTATTTATCCTGCAGTTGACCCACTTGACTCAACTTCAAGAATGCTTGATCCAAATATCATTGGAGAAGAACATTATAAAGTTGCTCGTGGTGTTCAATCAGTGCTTCAAAAATACAAAGATTTACAAGATATCATCGCCATTTTAGGTATGGATGAGCTTAGCGAAGAGGATAAACTTGTAGTTGAAAGAGCAAGAAAGATTGAAAAATTCTTATCACAACCATTTTTCGTTGCAGAAGTTTTCACAGGTAGCCCAGGAAAATATATAAGCCTTGAAGATACAATAGCAGGATTTAAGGGAATTTTAGAAGGTAAATATGATCATTTACCAGAAAATGCTTTCTATATGGTTGGAAATATAGATGAAGCTATTGCAAAAGCGGATAAATTAAAAGGTTAATTTATGAACGATTTGATTAATTTCGAGATAGTTACGCCTTTGGGTGTAATCTATCAAGGAGAAGTAAAATCTGTTACTTTACCAGGTAGTGAAGGAGAATTTGGTGTGCTTAAAGGACATGCTGCTTTGGTTTCTTCTTTAAAATCTGGAGTAATTGATATTGAAAAAGCTGATTTAAATCATGAGTTAGTTGCTATTGATGCTGGACATGCAAAGGTAGATGAAGATAAGATTTGCGTGTTAGCAAAGGGTGCGATTTGGGTTTGTGGAAGTGATGAAAGTGAGATTGAAAGAAATCTTGCTCAAGCAAAAGATTTGATTAAATCTATGAGTTCTGATAATGCAGCTTTAGCAGCAACTTTTTCAAAACTTGATAATGCAAGGATGCATTAATGAATTTTGAAGCTATATTTCATTTTTTCAATAGTTCAAGTATTATTACTTATATAGTTTTATTATGGCTTTCTTTATATTTTATTTTAGCATTTAGTATTTTGTTTGCTAGATTGACTTATTTGGCTACATGGAGAAACAAGGAGAAAGAAAGTTTAGAAACTTTGCTCTTGGGTGAGAAGGATTTAAGTCGTACTGATTCGATTTTAAGAAAATGTAATGATACAACTTCAAATCATTTAGAAATCTATAAAAATTTAGCAAGTCGCCGCGCTTCTGCTGGACTTACTTGGCTTAGTATTATTGCTTCAACTTCACCTTTTATAGGTCTTTTTGGGACAGTTATTTCTATACTTGAAACTTTTGGTGGGCTTGGAACTCAAAATTCTTTAAGTCTCATAGCTCCTAAAATCAGTGAGGCTTTAGTTGCTACAGGTTGTGGTATTTTAGTAGCAATTCCTGCTTATACATTTCATCTCATCATTAAAAGAAAAGCTTTTGAACTTTTAAGCATTATTGATAGCGAGATTAAAGTTATAAGTTCGAGTAAATAAGGTTAAAAATGCCATTTGATGATGAAAAACCTGAACTTAATATCACACCTTTAGTAGATATTATGCTTGTATTGCTTGCGATTTTAATGGTAACAGCTCCAAGCATTACTTATGAAGAAAAAATTAATCTTCCACAAGGTAGTCAAAAAAATACTAGCGCTCCAACTGTTAAGAGTTTAATTATTAGTATTAATGCAAAAAAAGAAATTTTTTTAAATCAAGAAAAATACGATTTTATAAGTTTTGCTGACAATCTTGCTCAAAGAAAAGCACAATTTAATACCGAAGATCCGGTTTTTATACGCGCTGATAAAAGCTTAAAATATGACGATGTTATTTCAGTCTTAAGAAGTGTAAAAAATTTAGGATTTAATAAAGTTGCTTTACAGACTGAATAATCATGAAAAATTATGGTTTGAGTAATTTAAATTCGTTTTTACTTGCTTTAGCAATATATGTTGGTATAGTAATTCTTGTTTTTTTTAGACTTGTAAGCGAGGTTGAACCTGCTATACAATATACCGATATAAAAGATAGTTTTGTAGATATTGAACTTGCTGAACCATCAAAACAAGTTATTAC
NZ_AP028346.1_gap5	123698	126126	2428	AGGATTTCCTACGCTTGCACGCCCTATCATGAGTCCATCACATTTTGTGATTTTATAAACTTCTTTAGCGTTTTGTGCGTTAATATCGCCATTTGCAATCACAGGAATTTTCACGCTTGCTTTAGCATTGGCAATGGATTCATAATCGGCTTTTCCGCTATAAAGCTGTTTTCTTGTGCGTCCATGAATACTTACAAAATCCACCCCCAAGCTTTCGCAAATTTTAGCCATTTTTTCAGGATATTTTTCATTAAATCCTAGTCGAAATTTCACACTTGTAAGGCTTTTTTTATTGTTTTCTTTAATCACTCCTACAAGATTTTTAAAAAGCTCTAAATTTTCTAGCAAAGCACTGCCAGCACATTGTTTAACAACTTTATTTACAGGGCAACCGCAATTAAAATCGATCCCATCTACAAAATCCATTTCATTTAGCATTTGCACTGCTTTTTTTAGCACTTCTTTATCTCCACCTGCAATTTGGACTATATAGGGATTTTCTAATTCAGCTCTTTCTAGCATATGTAAAGTTTTAGAACTTTCATAAACTAAGGCATTAGAACTTATCATTTCACTTATGGTAATATCAGCGCCAAATTTTTTTACTACATTACGAAAAGGCAGATCTGAAAAACCTGCCATAGGGGCTAAAAACAGGGGTTTTTTGCTAAAATCTATCATTGTATGAGTTGATTTAGATCGATTTTGATATTTTTTTCACGCAAGGCTAAAAAGGCTTTAAAATCATTAAATTTTTTATCATCATTGTGAATTTGTTCTCTTAACTCATCTAAAAGTCCAAATTCAGCCAAAAGATATAAATATGCTCTTAAAGCTTCGCTTTTTTCATTTTTAATTTTGTTAAAAATTCCTAAAATAGCATCAGGATTTAAAAGTTTAGTACTTAGTTTTGCTGCGTTAAGATAGTCTTTTTCGCTTAATATGTTGTGTGAAAGTAAAACTTCATATTCTGCTACACTAAGTTCTAAATTTCCTTCTTTAAAACGCTTGATAAGTGTGAGAACTTCAGAAGGCTTTTTAGGGATTTTTACATTTTTAATTTGCTCATAACTAGCTTTTTCTATAAGAGTGTTAAAAGCAATTTCTTCAAATTCATCTTTGATTTCATTAAGGTTTTTAAGTTTGTTATAGGCATAATTTGCATCATTTTTGAGATGATTTTTTTCATTTTGCAAATATAAAACATTGTTATTTTCGAGTTTAAATTTGCTAAGGTTAAAAAATTCGTTTTTATTTAAACCATCAATAAGATCTAAAATTTCATTGATTTTATTTGAGTGTGGAATTTTTTCATGTGTTTTTATGGTTTTAAAAAGTTGTGCTACAGATCTAAATTCTTTTGTTTGAAAAGTGGTTTTAAGATCTTTTTCAAGGAGTAAATCTTGAGTATAAGCTTCAAATTTAGCTGCATCTTTAAAAAAATGCTTAAATTTTAAATAACGCAAAAATCCATAAAATGCTATGTGTAAAACGGCTAAAATCATATAAATAAATAAAGGAATAACAAGCCATATCATAATAGGTAGTTCAAAGGTATAAGTGCTGATATTTAGAGTATAGCTTCCTAGTTCTAGATGCCAAGCAAAGGCAAAAATAAGTGCTATATAAATAAAACTTGCAAGTAAGAAGAGTTTAATTTTCATGTTTTTTTCCTTGTTCTGCAATTTGACGGCAAGTGATACAATATCTTGCGTGAGGTTTGACTTTTAGTCTTTGAGAGTCGATTTCATCATCGCAAGATTCGCAAATTCCATAAGTGCCGTTTTTGATTTTATCTAAAGAATCTTCGATTTCTATAAGTTCTTCTTTGAGATTGGTGCTGATAGCAAAGTCAATTTGAGATCCTGTTTCTATGACAGAAAAATCCACACTATCGCTTGGGACGCTATTGTGAAGAGCTTCGATTTCATTTGAATTGCTTTGCAAATTTTCTAAGATGGCTTTTTTTCTTTCTTCTAAAATATTTTTGAAATTTTGTATTTCATTTTTTTTCATTTTAAAACTTTCTATTTGTGATAAGGGTGATTGTTGTTGATGCAAAATGCACGATAAATTTGTTCTAAAAGTAAGGTTTTAACAAATTGATGTGCTAAAGTAAGTTTGCTTAATGATAGTCTAAAATCCAAACTTTGATTAAATTCTTCTCTTAAACCATAAGCACCTCCTATAAAAAAACTTAATTCATTTTTATCTTGGATGAGTTTTGCAAATTCTATACTTGTAAGATCTTTCCCTTTTTCATCAAGAGCGATACAATAGCCTTTTTTATAAGGCATAAAAGCTTCTTCATAGCTTTTTTTTGCTTCTATGGCATTTAAATTTTGAGCTAAGGCTATTTTTTTATTAAAAACATTTATTTCTTTTAAAGTGGCGTATTTGGAGATGAGTTTAGAGTATTTCTCACTAC
NZ_AP028346.1_gap6	151106	152882	1776	AAACTTTTTAAATGTCTTTTGCTTTCAGGGAGTTTTGCCCAAACAAACATACTTGCTCTTGGTTTTTGAAGTTTCCAGCCTGCATTTTCAAAAGCTTCAAGTAAAATGTGCATTCTTTTATCATAAGTTGCACGGATTTCATCTACACAAGTTTGATCTCCATCTAAAGCTATGGTAGCTGCTACTTGAATAGGTGTGTACATACCATAATCAAACCAAGATTTTATTTTTTTAAGCGCACTGACTAAGCGTTTATTTCCTACTACAAAACCCACGCGCCAGCCTGCCATATTGTAAGATTTTGAAAGAGTGTAAGTTTCTACCGCTACATCTTTTGCACCTTCAATTTCCAAAATAGAAGGAGTTTTATAGTTATCATAAGTTAAATCTGCATAAGCAATATCTGAAATAATATAAAATCTTTCTTTTTTTGCCGTTGCTATCAATCTTTCATAAAAACTTTTCTCACAAGTTACTGTTGTTGGATTATGCGGGAAATTAACAACGACATATTTTGGACGCGGGATGCTTTCATTTAAAGTTTTATGTAAATTTTCAAAAAATTGATTTTCATCAAGCTCAAATTTTTCATTATAAGCTAAAGGCATTTTTGCTACATTACCTCCTGCTATAATAAAAGCTTGAGTATGTATAGGATAAGCAGGAGTTGGCACAATAGCAACATCTCCAGGATTTATAATCGCTCTTGCAAGATTTACAAAACCCTCTTTTGAACCCATAGTAGCTACAACTTCATTTTCAGGATCTAGGTTGACATTATATTTTCTTTTATACCAATTACAAATTGCTAAGCGAAGTTTATAAATCCCCATGGATGTAGAATATCCCGAGGTTTTATCTTTGTTAGCACTTTCACAAAGTTTATCTATAATGTGTTGTGGAGTTTTACCATCGGGATTTCCCATTGAAAAGTCGATGATATCCTCTCCAGCACGTCTTGCTGCCATTTTTATCGCATTTACTTCTGCGAAAACATAATTTGGAAGTCTTTCTATGGTATTAAAACGGATTTCATCAAACATTTCTTAATCCTTTATTTTTTAAGTGTGATTTTTAAACCCCTGCGTATATTATCTAAACTATACATATCGCTTACAATAGCATATATAGCACCATTTGGAATAAGTTCTGAAAAATGATTATTTTTATTTTCGCTTTTTACTGCTTTAATTAGATTCAGATTTTTATCTAAAAAGAAGATTTTAGGAAACCAATTGTCTAAATCATTTGCATCAATAATCAAATTTGTAGCATTTTTTAAATCAAACACATAGTCTTTAAGGGGTTTTTCTAATGATTTTGGAGTATTTAAATTAACATTTGTATTGGTTTTTAATACAGCATTGGAAAAATTTAAATCATATTCATAGTCATATGCTCCAATGCGCTTAATATTATCTATATAGACAGAATTTTCTTTTAAGAGATTGTAAAGCGTTCCAGGATCTAAAACATATTGAGATTCTACTTGTATGGTATAGTCAATATTTCCTTCTCTTAAAATCAAATCTGTAGGGATAAAATATATATATCCGGCATCTGTTAAAACATCGGATAAAATTTTAAAAAACATAACTTCATCAGCTTTTGCTTTAAAATTTAGTTTTAGACTTTGAGGATTTGATAGTGTTAAGGCAATTAAAGAATTGGTTTTTAATATTTGAGATATTTTTGCAATATCACAATTTCCATTATTATCTATGTAAGAATTATTTGAGAATAATAATTCTAGTTGAGAATTTTTACTAGGATTGT
NZ_AP028346.1_gap7	271021	274611	3590	AAAAACAAAATTTCCTTCATGTTTGAGGCTTGTAAGTTTTCTAAGATTGTGATTTTTTTCAAGGGCTTCTAAGATATTTTCAAGGCTCATTTTTTTCCTAAAATTCAGAAATTTAAAGTATTATTTTGCCAAAATATATTTAAAAAAGAAGTTATAATGCAAAATGAAATTTTAAAAAAACTCGATTTAGAGCATATTTGGCACCCTTGTACGCAAATGAAAGATCATGAAAATTTGCCACTCATTCCTATAAAAAGAGCTAAAGGAGTGTGGCTTTATGATTTTGATGATAAGGCTTATATGGACTGTGTGAGCTCGTGGTGGGTAAATCTTTTTGGGCATTGTAATGAAAAAATCGCAAATGCCATTAAAAAACAAGTTGATGAGCTAGAGCATGTGATTTTAGCAGGTTTTACACATGAGCCCATCATCAAGCTTTCTGCAAGACTTTGCGAAAAAGTAGGCAGGAATTTTAACAAATGTTTTTACGCAGATAATGGTTCAAGCGCTATTGAAGTCGCACTTAAGATGAGCTTTCATTATCATTTAAATAAGGGAGTGAAAAAAAGTAAATTTTTATCTTTAAGTAATTCTTATCATGGTGAAACCTTAGGAGCCTTAAGTGTAGGAGATGTAGCACTTTATAAAGATACTTATAAGCCTTTACTTTTAGAGTGTTTAAGCACGCCTGTGCCACAAAGTAAAGATTACACTCAAGAGCTTGAAATTTTAAAAGATATTTTAGAAAAAAATGCAAGTGAAATTTGTGCTTTTATACTTGAACCCTTGGTGCAATGTGCAGGAAATATGCATATGTATGAAGCAGGGTTTATTGATGAGGCCATAAAGCTTTGCCATAAATTTGGAGTGCAAGTGATTTTTGATGAAATTGCAGTGGGCTTTGGACGCACAGGAACTTTGTTTGCCTTACATCAATGCAAACAAAGCCCCGATTTTATCTGCCTTTCAAAAGGGATAACGGGTGGATTTATGCCACTTTCTGTAGTGCTTACAAGAGATGAAATTTATAATGCTTTTTATGATACTTATGAAAGCCGAAAGGCTTTTTTACATTCTCATAGCTATACGGGAAATACCTTAGCTTGCGCGGCAGCAAATGCGGTTTTAGATATCTTTGAGGATGAAAATATTTTAGTAAAAAATCAAATTTTAAGCGAGTTTATCAAAAAAGAATTTTCAAGACTTGAAAAATTTGACTTTTTGGGTAATTTTAGAACTTGCGGGATGATCAGTGCTTTTGATATTTTAAGCACCAAGTATAAACGCGTAGGACTTTTTGTATTTCAAAAAGCCTTAGAAAAAGGTTTGCTTTTAAGACCTTTAGCAAATACGATTTATTTTATGCCTCCTTACATCATCACAAAAGAACAAATCGTTTATGTACTAGAGAGTTTAGAGCAGATTTTTAAGGAATTTTAAGTTGTAAAATTTCTTGCATTTGCTCTTTAAAATCTTTATTTAAAATGCTATTTTCATCAAAAAAATCAAGATTGATTATAGGAATTTTTGCATAATTTTTTATAAAATTATCTTGTAAGATATCTTTTTTACCCATCATTACAAGGGCCAAAAGATTGATATTTCTTTGCTTTAAAGCTTCAATGCTAAGCAAGATATGATTAATGCTTCCAAGATAGTATTTTGCTACCAAAATCGTAGGGTGTTTGAAAATATTCACAAAATCAATCATAGTGTAATTTTCATCCATAGGAGAAAAAAGCCCACCCGCAAGCTCAATAAGTAGGTTTTTGCTTTTTGGTAAAATGATATCTAAGGCTTTATAATCAAGCTTTTCTTTGATTTTTCCAAGATGAGGAGAAGCTGGAGTTTGCAAAAAAATACCTTCTTTAAAAATCTTTGTTTTTGGGCTAAATTTTGCAATAAACTCGCTATCTGTTGGAGTTCCTGCTTGAATGAGTTTAAAATAATCATAGTTAAAATTCGCACAAAAAGCTGCGCTAAAATGTGTTTTTCCTACATCAGTATGTATTCCACTTACATAAATTTGCACAAAAAATCCTCAAGAAAGAAATTTTAAACCCGCTGTACAAGTAATAATCACAGCGATTAAAAAAAGTTTCAAAAAACTTTTACTTTCTTTATAAAAAAGCACTCCTATCATTACCCCACCAGCGGTTCCAGCTCCTGTCCATATAGCATAAGCAACGCTCATAGCGATATTTTGCATACTTAAGCTTAAAAAAGTAAAAGAAAATCCAAAACACACTATCAAAGCTAAAAGGTAAAGCTTGTTTTTAGTGCTTATAAGTTCTTTCATGATCACCACGCCAAAAATTTCACAGGCAGTAGCTAAAAACAAATAAAACCATTCCATAGTTTAAGCTTCCTTGCTTACCCATTTAAGGGCTATAATACTTAAAAGTAAAATTGCTATAAGCACAAGTTTAATTATAGAAACAGCTTCGTTAAAAATAAACATTTCATTTAAAACCACCCCAATAGTGCCAATGCCTACAAAAACACTATAAGTAATACTTACTTCAAGTCTTTCACAAGCTTTTAAAAAGCAAGTAAAAGAAATACAAACCCCAATGGCTGTTAAAATATACTGCCAAATTTCTGTAGAATATTTAAGTCCACTTACCCAAAAGCATTCTATAATTCCACCTAAGATTATTAAAAACCAAGCTATATTAATATTGAATTTTTCATTCACATGAAGCCTTAAATTAACATAATATTTGTAAAACAAATTATATCTTAAAGAAATTAAAAGAAGCTATAAATTTACTTTTCCATAAGCCAAAATTAGATATAATCAAAGCTCATTTTTTAAGAAAGGACAAAAGATGTTAGAAGGCATCGTTAGAGAGAGTATCGGTAGAAAAGCTGCTAAAGCTTTAAAAAGAGATGGTTATCTAATCGCAAACATCTATGGAAAAGGATTAGAAAACATCAATGCCGCTTTTAAAGTAAATGAGTTTATTAAGGAAGTTCGTAAAAAAACTACTTTAATTTTTGATGTAAAAGTAGGTTCTCAAACTTTAAGCGTTGTAGTTGTAGATTATCAAAAAGATTCTGTAACTGCAGAACTTAAACATGTGGATTTAAAAGTTGCGCAAAAAGGTGTGATTTCTAAATACATGGTTCCAGTTAAAATCACAGGAACAGCTATAGGTCTTAAAAATAAAGGTGTTTTAATCCAATCAAAAAGAAGATTAAAAGTAAAATGTGCAGCTGAAAATTTACCAAATTTCTTCGAACTTGATGTAAGTAAACTTGATGTGGGTGATGCTTTACTTGTTCGTGATATTGTAGTTCCTGCGGGAGTAACTATGATTGATGCTGATAGAGTAGCGGTTGTAGGTGTAGAAAAAGCTAGATGATTTTAGTCGTAGGGCTTGGCAATATAGGCGTAGAGTATGAAAATACCCGTCATAATGTCGGTTTTATGCTAATTGACTTACTTTTAAAAGAAAGCAATTTTACAAATCTTACAAACTCTAAATTTAAAGGAGAGCTTTTTAAAATAGGTTCTTCTTTGCTTCTTCTTAAACCTAGTACTTATATGAATAATTCAGGACTTAGCGTAAAAGCAGTGAATGATT
NZ_AP028346.1_gap8	276011	279028	3017	ATTATAAAAATTAAAGGTTAAATATGGATTATAAACAATTAAAACAAGAATTTAATACCCCTTTTTATATTTACAATTTTGATTTCATAAAAGAGCGTTTTTTAAATCTCAAAGAGGCTTTTAAGGCTAGAAAATCTCAAATTTTTTACGCTGTAAAAGCCAATTCAAATTTAAGTTTGTTGCAAATGCTTGCAAATTTAGATAGTGGATTTGATTGTGTGAGTATAGGCGAGGTAAAGCGTGCCTTAAAAGCAGGAGCAAAAGCTTATAAGATTATTTTTAGTGGAGTAGGAAAAACCAAAGAAGAGTTAAGACAAGCTTTAGAATATGATATTTTATATATTAACCTTGAAAGCGAAGCTGAAATGATGCTTTTAGAAAGTGTGGCTAAAGAACTTAATCTAAAGGCAAGAATCAGTATTCGTGTTAATCCAAATGTTGATGCAAAAACTCATCCTTATATTTCTACAGGATTAAATGAAAATAAATTTGGTGTCGAAATTGATATAGCAAGAAAAATGTATCTTTATGCAAAAAATTCATCTTTTTTAGAGCCCGTTGGAGTGCATTTTCATATAGGTTCGCAACTTTTAGATATTTCTCCCATTCATGAAGCAGCAGGCATCGTTGCAAAACTTGTAAGAGAGTTAAAAGCCTTGCAAATCGATCTTAAATTTTTTGATATAGGCGGTGGTTTGGGTGTGGCTTATAAAAAAGATGAGTGTGAATCTGATCTTTATGATTATGCACAAGGTATATTAGCACAACTTCATGGGCTTGATTTAACTATAGGAATGGAGCCCGGAAGGTATCTAGTTGCTAAAAGTGGAGAATTTGTTTGTTCAGTGCTTTATGAAAAACAAAATAAAACCAAGCGTTTTGTTGTAGTAGATGGAGCGATGAATGATCTTATACGCCCAAGTTTATACGAGGCTTATCATGAAATAATCTTACCTTATAATCAAGGCGAAGAGAGTTTATGTGATGTTGTAGGTGGAATTTGTGAGAGTGGGGACTTTTTTGCTAAAGCAAGGTCTTTGCCTGGCACTCAAAGTGGTGATATAATGGTTATTAAAAATACTGGAGCTTATGGTTTTAGCATGAGTAGTAATTACAATACTCGTAATAAAGTTTGCGAATTAGCCCTTGAAGAAGGACAGGTAAGATTGATCCGTCAAAGAGAAAATTTTGAAGATCAAATCGCTTTAGAAGAGAAATTTTTAAAGGCTTAAAATGTTTTTTTTAGATGTTCAAGGGACTTTAATTTCTGATCATGATAAATCTTTAATCCATGGTGCTAAAGAACTGATCGATTTTTTAAATGCAAAAAATCTTCCTTATCTTATCATCACTAACAATACAAAAAAACTTGATTTTTTAGAAAAATTACAGCAAAAAGGATTGGCTATAAAAGAAAATGCTTATATTGATCCTTTCAGCGTTTTAAAACACCTTTTAAGACCTTGTAAAGTTGCGGCTTTTGGTGCAGATGAGTTTATAAAAAGTCTTGAAAATCTTGGTTTTGAGCTCGATTTTGTAAATCCTAGTGCTGTGCTTGTGGCTAGTTATGATGATTTTAAATTTAAAGATTTTGCCACTATGATAGAATTGGCTAGAAGAGAAGTTAGATTTATAGCTATGCACGAAACTAGTATTTATAAAAAAGATGGTAGGCCTTATCCTGGTGTAGGTAGCATTATGGCTATGCTTAAAAATGCTATTGATTTTGAATACGAGGTTGTGGGTAAGCCTAGCATTGCTTTTTATAAAGAAGCTTTAAATTTAATAAGAAGACAAAATTCAAAAATCGATTTTGAAGATATTAAAATCATTAGTGATGATTTTAGGGGTGACTTGCTTAAGGCAAAAGAACTTGGCATGAAAACCTTGCTAGTTTTAAGCGGCAAGATAAGCGACACAAAAGGGCTTGATACGGATTTGCTTGATGGAGTTTATCCTAGTGTTTTTGAGTTTTTAAAGGATCTAAAATGCCAAATTTAGAAGAATTTAGAAATAAAATCGATGCGGTTGATGATAAAATTTTAGATCTTTTAAATGAAAGAATGACTTATGTTAAAAGTATAGGTGAGCTTAAGCAAAGTAGTGGGGGAAGTATTTATCGTCCTGAGCGTGAAAGAGCCATTATCAATCGTTTAAAAAATGCAAATTTAGGACTTTTAGATCAAAATGCCATAGAGGCAATTTATCAAGAAATTTTTGCAGTTTCAAGAAATTTAGAAATGCCTCAAACTATAGCTTATTTAGGGCCTGAAGGAACTTATACACATCAAGCAGCAAGAAGTCGTTTTGGTGCGATGAGTCGTTATATAGCCTTGGCTAATATCGAAGATGTTTTTAAAGAGTTAAGCAACAAAGAAGCAAAATACGGTGTTGTACCTATAGAAAATAATACCGAAGGTGCAGTGGGCATTACTTTAGATTGTCTAGGTAAGTATAATGAGCTTAAAATTTTTGGCGAAATTTATATGGATATTCATCATTCTTTTGTAGGAATTAATGAAAATTTAAAAGAAATCAAACGCATTTATTCGCATCCGCAAGGTTATAATCAATGTCGTAAATTTTTAGAAAGTCATGAACTTAGTGCTATAGAATTTGTTCCTTCAAAATCTACAGCTAATGCAGCTTACCTAGCTTCGCAAGATAAATATGCGGCAGCAATTTGTTCTAGAATAGCGGCTAAGCTTTATAATGTGCCTGTACTTTTTGATAAAATAGAAGATAATGCAGCCAATAAAACAAGATTTTTAATTTTAAGCGATATTAAAAATCCTAAAATGCCAAATTGTAAAACTTCTATTTTAGCACACACAGCACATAAACCTGGGGGACTTAGCTTTTTATTAGAGCAGTTTAAAAAAGAAAATATCAATCTTACTAAGCTTGAATCTCGCCCTGTAAAATCAAAAGAATTTTTACACAGTTTTTATATAGATTTTGAAGGGCATATTGATGATGAAAATGTAAAAAAAGCCTTAAAAGATATACAAGAGATT
NZ_AP028346.1_gap9	289874	293895	4021	AATTATTTGACTCATGCTGAGAATCAGTCCTTGTTTAATACGCCTCCAACCTTTGCCATTTATATGTTTAATCTTGAAATGGATTGGCTTTTAAATCAAGGCGGACTTGATAAAGTACATGAGAAAAATTCTCAAAAAGCTGCTATGCTTTATGAGTGTATTGATTTAAGTAATGGATTTTATAAAGGACATGCAGATAAAAAGGACAGATCTTTAATGAATGTGAGTTTTAATATTGCTAAAAATAAAGATTTAGAGCCTCTTTTTGTAAAGGAAGCCGAAGAAGCTGGAATGATAGGACTTAAAGGACATAGAATTTTAGGAGGAATTCGTGCAAGTATTTATAATGCGCTTAATTTGGATCAGGTAAAAACCTTGTGTGAATTTATGAAAGAATTTCAAGGAAAATATGCATGATAAAGCGTTTTGATGAGTGCGATAGAATGTCGCAAATTATTGTTTTTGATAAATATTTTAAGACTGCAGGACAAGTGGCTTTTGAACCTAGCGGAGATATTAAAAAACAAACCAAAGAAGCACTTGCAGAACTTGATGCTTTGTTTGAAAAAATAGGCGCAAGCAAAGGAGATTTGATTCAAATTCAAATCTGGTTAGCTAATATGCAAGATTTTGATGCAATGAATGAAACTTATGATGCTTGGATTAAAAATTATCCTAAACCTGTTAGAGCTTGTGTAGGAAGTGCTTTAGCAGAGGGTTATTTGGTAGAAATTCAAGCTTTTGGAAAGCTAAGAGAGAATTAAAAATTCTCTCCTCCAAATTTTAAAAGCGCAGATCCCCAAGTAAAACCACCGCCAAAAGCATCTAGTAAGATCAGATTTCCTTTTTTAAGTCGTCCTTCTTCATAGGCATCATTCATTGCCATAGGTATAGAAGCAGCTGAAGTATTGCCATATTTTTGTACGGTAATCACACATTTTTCATCGCTTAGATTGAGTTTTTCTTGGACGGCTTTAATGATGCGTAGATTAGCTTGATGAGGAATAAAAAGATCAATTTCTTGTGCTAAAATGTTATTTTTAGCTAAAATTTCTACAACATCATTGCTAAGCGTGTTTACTGCTATTTTAAAAACTTCATTGCCTTTCATTTGCATAGAAAGTGTTTGACATAGACTTGATTTTTGCGATCTTTGAGTCATTAAAAGATCTCCATAATTACCATTGCTTGCAGTATGTACATCAAGGATATGATTTTCATTGTCCAAACTTACAACTCCAGCACCCGCACCGTCTCCAAAGAGTATGCAAATGCTTCTGTCATTGTAATCCATAATTGAACTTGTTTTTTCAGCTCCTACGATTAAAACATTTTTTTTCAAACCACTTTCTACTAAGGCTTTAGCTTGTTCAAGCAAATAGATAAAACCAGAACAAGCTGCTGAAATATCAAAAGCACTAATATTTACAAGTCCTAAATTTGAAGCAATTTTACAAGCCGTTGAAGGCATAGTAAAATAATCAGGACTTAAAGTGGCTACAAGAATCGCATCAATATCTTCAGGTTTTAAATTTGCTCTTTCTATGGCTTTTAATGCAGCTTTTGTGCCCAAATCGCTAGAATTTTCATTTTCACTAGCAATGCGTCTTTCTTTAATACCTGTGCGTCTAGTGATCCATTCATCGGTGGTATCTACTATTTTTTCAAGATCAGCATTGCTTAAAATTTTTTCTGGAATATAAGAAGCTATACTTTTAAGACCGGCTTTAAGCATTGTATTTCCCAAGTTCATTTTCTATAAGTTCATTGATATGAGATTGGCTAAAATTTATAGCTTGAAAAATTGCATTTTTAATAGCTCTAGAATCACTTTTTCCATGACTTATGATCACGCAGCCATTAACTCCAAGAAGGGGTGCTCCGCCATATTCTTGCCAATCTGTGTGTTTTTTTAATTTTTTAAAAGATGACTTCATAAGTAAAGCACCTATTTTAGAAATAAAAGATTGCTTTACTTCGTTTTTTAGAAGCTGAAAAATAGCTGTTGCTACACCTTCACAAGCCTTTAAGATAACGTTTCCATCAAAACCATCGCAGACTAAAACATCTATTTCACCATTGAAAATATCTCTACCTTCAGCATTACCTATAAAATTTGGAATTTTTTTCATAAGCTGATGACTTTCTTTGGTAAGTTCATTGCCTTTGCATTCTTCTTCACCATTAGAAAGTAAAGCAAGGCGTGGTTTTTGAATTTGCATAATTTCTCTAGCATAAACTTCACCCATTATGGCAAATTGAAATAAATTTTCAGCTTTACAATCTGTATTAGCTCCAACATCCAAAAGTAAAGTTCTGTTAACGATATTTGGCATTAAAGTGGCAATAGCAGGTCTTGAAATACCTTTAAGTCTTCCAAGCCTTAAGGTAGCCAAAGACATACTTGCTCCACTATGACCCGCTGAAACTACAGCATCTACTTTTTTTTCTTTTAATAAATTAATAGCTTTGTATATGGTTGTTTCTTTATTTTTTAAAGCATCTGTGGCATTTCCATTCATCGAAAAAATTTCACTAGCTTCTTCGTATTGTATATATTGTTCTAATTTTTTTGGTATTAAAGGTTTTAGAATTTTAGAATTTCCCACTAAGATAGCGTTAAAAGGTTTTGCTTCTAGTGCCTTTAAAACGCCTTCTATAATGGGTTTTTCTCCAAAATCACCACCCATTGCATCAATGGCAATGTTAATCATTGATTTTAATATTCCTTAGTTGTTGGATTCGCACGGTGAGGCATTTTGTAGCTTCCATCTTTGTCTTTTATAGGCATAGGAAGACTAACTTTATAGTGAGTTCTGCGTTTAGCTGCACGAGTTTTGCTCACTCTTCTCTTTGGTACTGCCATTTTTTCTCCTTTATAAAATTTAATTAATTATTGCAATTTATGCAATAAAAATAATCACTCAAATAAGCTTCAAGCTCGCTAATAGCAACTTCTATTAAATCAATATGTCCATCAAAAAATTCTATAGTATTGCTCAATTCGTTTGCTTCATCTTTAAAAATACCATCACTTGCAAAAAGTTCTAAATTTTCTTTAATTTCAAGTTCTAACTCAGTTCCACAACTATCACAAGGTCTATAGATAAAACCTTGCATAATAGCATTTATTTTAACAAGCTTAGGATTTATTTTTACTAAATTTCCCTCAAAAATCATATTTTCAAGATTAAGTTTAAAAGGATATTCCTTTGTATTAATCTTAGAAAAAGGGATTTTCATTTAGCAAATTTCATTTGGTTTAAAGAAAAAATCAATTTCTATTTTTGCATTTTCCAAGCTGTCACTTCCATGAACAGCATTAGCATCAATACTCTCAGCAAAATCGGCTCTAATTGTTCCTGCTTTAGCTTCTTTAGGATTTGTCGCTCCCATTAAATCTCTATTTTTTAATACAGCACCTTCTCCTTCTAGTACAGAAACAACAACAGGACCGCTAATCATAAATTCAACCAAGTCTTTAAAAAAAGGTCTTTCTTTATGAACAGCATAAAAATTTTCAGCTTGTTCTTTACTAAGTTGAACTTTTTTCATTGCAGCGATTCTTAATCCATTGCTTTCAAAACGATCTAAAATTTTTCCTATAACACCTTTTTTAACAGCATCAGGTTTAATTATAGATAAAGTTTTTTCCATCTTTGTAATAACTCCTTATTTTAATAAAGCTTAAAATTATACTTGAATTTGTTTAAAGAAAGTTAAATTAAAAGAAAAAGCTAGGAATCTCTAGCTTTTTAATTTTTTAAAATTATGCAAAAACTGGAGTGTCCCCACTTCTCATATCAGCGCCAATATTATCACGACTTGGTTGTCCTGATTCTACAGCACTCCAAACTATACATCCATCTGTTGGGCAAGCACTGGCACAAGCTGGTTGATCATTATGTCCTACGCATTCAACGCATTTGTTTGCATAAACATAATATCTATCTTCACCTTCTGGATTGTTAGCATCATCAACGATAGCACTCACTGGACACTCATCAATACAAGAACCACA
NZ_AP028346.1_gap10	295401	297093	1692	GAGATAGGGCTATTGTTTTAGCAGCTATTGTTATAGTTGCTTTTTTAATTATTGCTGTTTTAGATGTTTTTTTGGTGCGTTTTCAGTATTTTAAAGGTTTGCGTATGAGCAAACAAGAAATAAAAGATGAATATAAACAAATGGAAGGAGATCCTCAGGTTAAAGGTAGAATTCGTAGACTTCAAATGGAAGCTGCCCGTCGCCGCATGGTTCAAGATGTTGCAGGTGCGGATGTAGTGATTACAAATCCAACTCATTATGCCGTAGCTATTCGTTATGATACAAGTAAAGAACAAGCTCCTAGAGTTGTTGCCAAAGGAGTGGATTTTCTCGCACTTCGTATAAAACAAGTAGCCTATGAAAATAATGTTGTAGTTTATGAAAATCCTCCTTTAGCAAGGGAGCTTTATAAAGCTTGTGATGTTAATGATCTCATTCCTAGGGAAATGTTTAAAGCTGTAGCTGAGGTGCTAGGATTTGTTTATAATACAAATAATAAGAGTCGTTTAGCTGGTCAAGTAAAAAAAGGAAACTAAAACTTTTAAGGTGCTTTAGTTCCTATTTTATTGATAAGTTCAAGAACTGATTTTTGAGTGCTTGTATCTGCCGTATCGACTTTAAAATATATTTCTACTCTATTATTTTCTAGGGCTTGCGGATTTCCATTGATGGGATTATTAAGCCCGTAGCTTTTAATGCTAATATTTTTCAAATTTGCTCCACCTTCTATAAAATATTTTAATACATTTTCCGCTCTTTGGTAGGCGAGTTCATAACTTCTTATAATAGAGTCGCTATTGTCTGTATAGCCTCTAATTTCTATTTTTGCTTGAGGTGGCAAATATGTTGTTAGCTCAGCCATACGTTTTAAATAATCTTGTATATCAGCTGAAACGATTTGAGCACTACCTCTTTCAAATTCAACTTTAGATGGAAGGTTAAGAGCAACCTGATTATCGCTTTGATCTAGAGCTGCTTGAAGACGTTTGATAGTTTCTTGCTGTGTCATAGTCATTTGTTTTAACGATTTGAGTTCATCGCTTTCTTCTTTTGCTGCGCCTTTATATTTTTCTTGGGTTTTACTCTCTTCTTTGACTGTTTGAGTAGAGGTGTAATCAAAGATTTTAACAAATTCAGTTTTTAAAGCCTCTACTTTAGCAGGATTTGTTTTAGAAATTGCCCAAAGAGCAATAAAAAGTGCCAAAAGCAAACTTAGAAAGTCCGCATAAGGTACAGCCCATTTTTCGCCTGCTGGACATTCTGGGCATTTATGTTTTTTAGCCATTTTTAACCTTTGTCAAATTGTGAAATTCTTGGATCATCGTGACTTAAGAAGTTAAAAAGTTTAGCTTCTAAATCTCTAGGATTAGCACCTTCTGCAATTCCTTTTATAGCTTCAGTAATGACAATTTGCTCTTTTACAAGATCCATTCCATTAGCTTTTAATTTTTTCCCCCAAGGAGCAAAAAGTGCATAAGCGCCAAAAATTCCCGTAACTGTAGCCGTGAAAGCACCTGAAATACCTGCTGCCATTGCTTGAGGATTGTCTAGTAATTTAAGAGCTAAAATAAGTCCAAAAACCGCTCCAACAAGCCCCATGGTAGGACAAGTCTCTCCAAATACTATCCAATATTCTGCACATTCTTTATAATGCTCTTCAAGTTGTTCAGTTTGTATTTCCATGCTTTCATG
NZ_AP028346.1_gap11	305259	307759	2500	CTATCTATGACAAGTTTAATGGTGTGTTTTTTGGTTTTGGCTAGTTCAATTTCTTCATCAAGTCTTACCAAAACTCCATCAATTTGAGCTCTTACATAGCCTTTGTTGCGTAAATTTTCAAGCAAATCTGCATAAGTTCCTTTTTTTTCTCGTATGAGTGGGGCGTAGATGATGATTTTTGCACCTTTTGGAAATTTTAAAATTTCACTGACTATATCACTTACACTCATAGATGAAATTTTTTGTCCGCATTGATGACAATGTTGAATGCCAACTCTTGCGTATAAAAGTCTTAGATAATCATAAATTTCAGTGATGGTTCCTACAGTAGAGCGTGGATTTTTAGAAGTAGTTTTTTGATCTATGGCAATGGCTGGAGTTAAACCTTCGATTTTATCGACATCAGGTTTGCCTACCTTATCTAAAAATTGTCTGGCGTAAGCACTTAAACTTTCTATATAACGGCGTTGTCCTTCAGTATAAAGAGTTCCAAAAGCAAGGGTTGATTTTCCACTTCCGCTCAGTCCTGTAAAAACAATGAGTTTGTTTTTGGGAATTTCAAGGTGGATATTTTTTAGGTTATTTTCTCTTGCGCCAATGATTTTTATGGTATCGTTCATAGTCTTTCCTAAACATTAAATAAATTTAAGATTTTAGCATAATAATATTAAAAGAACTTGGATAAATCCAAGTTAAAAATTTATAAAATTTAGCTTATTAAGCAAAGAGTGGGTGGTTCCAAGTATTGATAAGGCATATACGCAAAGTAAAATTTTTCTATGAGCTGAAATATGCATTTTTTCTATGATTTTAATTCCTATAAAAACTCCAACCATAGAAGCTATACCTACTAGTATTCCTTTATGAATAACTTCAGAGTCTATAACTCCAGAATTTGAAAAAGATATAATACCAGAGACTGAAGCAAAAATAACAAAAAACAAGGATAAGGAAACAACTTTTTTACTATCATAGCCTAAAAAATAAGCTAAAATCGGAGCAATTAAAAGTCCGCCACCAATTCCCAAAGAAATAGCAAAAATACCAGTAAAAGCTCCAGCAATAAATAAAATGACATTCTTTACCCAAACGCTTCTTTGATTTTGCACAATGTTTTCTTTAATTCCAAAAGCATATTTGATAAAAAATATACAACTTACCGCCAAAAATACGCTAGTAAGAGCTACATCACTTAAAGCTTTTAAAAGCATTCCGCTAAAGCTTGCCCCTATGAGCCCTCCAAAACCTATCATAATACCATCTTTAAGATTTAGATTTTTTTTCTTATAATTAATATAAGAGCCAAAAACTGCTGCAAAAATCATTTGCAATACTGAAATTCCGATAGCATGGTGAGCACTTGCTCCAAGTGCGAACATAGAAGGAACGATAATCATACCTCCACCAATGCCAAAAAGTCCAGAAGCAATACCTGAAATGATTCCTATGATTAGATAAGGTAAATCTGTGATTTCCATAGCTTTTCCTAAAAAATATTAAATATTTCAAATACGGAATAATTTTATCTTATTAAGCTAAGTATTATCTTAGTTTTTTATAACAATAGAATATTTTTTTGGTAACTTTAAGCATCGTAAAAATGTTTCAAAATATTATAAAATATAAAGATTTTATAATATTTATTTTAAATTTAAAGCAAAATTTATATTTATTGATTAAAATTAATTAAGACTTTAAAAATTTTCATAAAAGTCTTAATTTTTGAAATATTTTATAAGAAAGGTAAAAGATGAGTGAAAATGATTTTTTTAGTAATTCTTTGATTTTAAAACTTACACACACTCTTCGCTCTTGGCGTTTCTAAACTTCTTTTTATCTAAATTTTTTCTTTAATATTATTTTAATTTATTTTTTTTAAAAAAAGGTTTATTATGTTTGTTAAAAATGTAAATTTTTATTACAGACAAATCCTTGAAAAATTTGAAAATTCTTATTTTGCAGAGGATTTGACTAAGGTAATTATAGGGATTGATTGTGATTATTTAGATGCTAATGAATTATCCTTTAGCGAGTTTAAGGCAAAATATTATGAAGCTTTAAGCAAGAATAAAATTTGCGACTTTGCTGGATTTTTTGGAGTTTTTAGTGCAAATTTTGTATCTTTGTTTGAAAAAATTCCACTTTCTTCTAAGAAAAATTATGATTTTCCTTTATTTTTATTTGCCAATGCTAAAGCTTATTTGATTTATGAGAAAAATAGCAAGATGTTTTTTAAATTTGGTGCTTCAAAATATTTTGAATATTTAAAAGATGATATTGAACCAATGAAAAAGAAACAAAAAAATGATTTTGAAATTTTAAATTCTTTAGAAGATGAAAAAAATGATTTTTTAAAAATGTGCGAAAAAGCCAAAGAATATCTTTTAAGTGGAGATATTTTTCAAGTGGTCTTAAGTAAGCAACTTTGTATCAAACATCAAGTAAATGCTTTTGATTATTATGAGAGTTTAAGTGCTTTAAATCCAAGCGCTTATATGTT
NZ_AP028346.1_gap12	481764	482402	638	AAAATATTAGCAAACCTGTGGTAGCATTCATTGCAGGTGCAACTGCTCCTAAAGGCAAAAGAATGGGGCATGCAGGTGCCATAGTAGGAAGTGCTGATGAAAGCGCTGCAGCTAAAAAAGAAGCTTTAAAAAGCTATGGAATTCATGTGGTGGATTCTCCGGCTTTGATTGGTGAAGAAATTCAAAAAATATTAGGTTAATAAAGGAAAAAACATGAGTATGACAGCTCCAAAAGATACCCCTGTTTGGGTAGATGAGCATAGATGTAAAGCATGCAATATTTGTGTTAGCTATTGCCCCGCTGGGGTTTTAGCTATGCGCGATGATGTGCATGCGGTTTTAGGACAAATGATAGAGGTGGTATACCCTGAATCCTGTATAGGCTGTACCGAGTGTGAGACACATTGCCCTGATTTTGCTATTATGGTGGCAAAAAGAGATGAATTTAAATTTGCCAAACTTACTGCTGAGGCTAAAGATAGAGCTGTAGCCGTAAAAAATAACAAATACAAAAAATTAGCATAGGAAAAATAATGAGAGAAGTTATAGCAACAGGTAATGTTTTAATCGCCAAAGCTGCGATTGATTGTGGATGTAAATTTTTTGGAGGTTATCCTATTACTCCTAGTAGTGAGATA
NZ_AP028346.1_gap13	486942	488410	1468	AGTGGAGCAATCCACCATCTTTTTTCTGTAGCAAGTTCTTTGGATAGTTTGGTGGTTGGAGAAACTCAAATAGCAGGACAATTAAAAGATGCCTTTGCTTTTGCTGTAAAAAATAATTTTTGTGGAGTACACCTTTCAAGAGCAGTACATAGTGCTTTTAAATGTGCTGCTAAGGTACGCAATGAAACTCAAATTTCTAAAAATTCTATTTCTGTAGCTAGCGTTGCCGTGGCAAAAGCAAAAGAACTTGCAGATTTAACGCAAAAAAAAGCTGTTGTTATTGGAGCTGGAGAGATGGGAGAACTTGCGGCAAAACATTTAATTGCTGCGGGTGCTAAGGTGATTATTTTAAATCGTGATTTACAAAAAGCTAAAGATTTGTGTGAGAGACTTGGTGTTTTAAGCGAATATGATAGTTTAGAAAATTTAAAAAAATATTTAAATCAATACGAGTTTTTTTTCTCAGCTACCAATGCACCAAATGCTATTATTACAAATTCTTTAATAGAAGAACTTTCTTATAAAAGGTATTTTTTTGATATTGCAGTTCCAAGGGATATTGATATCAATGAAAATGAAAATATATCTGTTTTTGCTGTAGATGATCTTGAAATTGTGGTTCAAAAAAATTTAGCACTAAGAGAACAAGAAGCTCGTATGGCTTATGGGATAATAGGTCGTGAAACAAGTGAATTTTTTAGGTATTTAAACGATTTGGCTTTGATGCCTATTATCAAAGCTATACGCTTGCAAGCTAAAGAATATGCAGATAAACAACTTGAAATTGCGTTAAAAAAAGGATATTTGAAAAAATCTGATAAAGAAGAGGCTAGAAAGTTGATTCATCAAGTTTTTAAGGCTTTTTTACACACGCCTACTGTAAATTTGAAACATTTACAAGGTAAAATGCAAAGCGATACAGTGATTAATGCTATGCGTTATGTTTTTGATTTGCAAAATAATCTTGAAGGTTTAAATCAATATAAATGTGAATTTGATATGGAGAATAATGATGAGATTTACTAAATTTTATGCACCAAGTTTAAAAGAAGCGCCAAAAGATGCGAGTTTACCTAGTCATATTTTTTTAACGCGTGCGGGTTTTGTAGAACAAATTGGTAGCGGACTTTATAATTTCTTGCCTTTGGGAAAAAGAGTTTTAGACAAGATTAAAAATATAGTTAAAGAAGAAATGGATAAGGCTGGAGCACAAGAAGTAAATCTTAGTTTTATCACTCCTGCAAGTTTGTGGCAAGAAAGTGGGCGTTATAATGTTTTTGGAAAAGAACTTTTGCGTTTTAAAGACAGAAAAGAAAATGAATTTGTTTTAGGTCCAACACATGAAGAAGCTATGCTTTCTTTGGTAAAAAACAAAATCACAAGCTATAAACAACTTCCTTTGCACTTATATCAAATTGGACTTAAATTTCGTGATGAAGCAAGGCCTAGATTTGGGCTTTTAAGATGT
NZ_AP028346.1_gap14	495142	496600	1458	TATTTTAAATAAACTCAATCAACAGCTAAATACTGTGACTAATATGATTAATGCGGCAAACAATTCTAATAATTAAGGATAAAAAAGATGCAAAATAATTTAGCCTATAATGCTTATTCTCAAAATCAAGTGGGGATAGAGTCCCCGCAAAAACTTATTGAAATGCTTTATGAGGGAATTTTGCGTTTTTGTGCAAGAGCTAAAGTAGCCATAAGAAATGAAGATATAGAACAAAGAGTGTATTTTGTAAAAAGAACCACGGCTATTTTTATAGAGCTTATTAATACTTTAAACTATGAAAAAGGCGGAGAAGTGGCACATTATTTAAGCGGGCTTTATACAAGAGAAATTCAACTTTTATCTTTGGCAAATTTAGAAAATAACGAAGATAGAATCAATGAAGTTATAAATGTAACCAAAGGTTTGCTAGAAGCTTGGAGAGAAGTGCATAACAATGAAACAGTGGCTCAGTGATTTTAAACTTGCATTAATCCAAGAAGATGTCAATAAACTTGAAAATTTACTTGATGAACTTGATATGAAAGCTTTTATTAAAAATTTAGCCAAAGAATCGCCTTCAGAAGATTTTTTAAAAGAAAATGCAAATGATGTATTTTATCAAGTTCAAGCTCTTTTGCAAGAAGCTGTTATACTGATTGAACAAAAGAAAAAAACAAAAGCTGTTGAAATTCAAAAATTTCAAAAAGCGTTGACATATTTTAAATCTTAAAAAAGCATAGCGATAAGCCGAGTTCTGTCTTGAATGCTCATTTATCTAGTTTTGTTTTTGCAAACAAAATCAAGCGAAGGGTTAAAACAAAGACGCTAACCATCCCTTCTTGCTGCACATTGGGTTTACATAGCCGAAATTGTTACCAAAATCGCTGGTGGGCTTTTACCCCGCCGTTTCACCTTTTCCACTTACGTGGTAGTTTTCTTTCTGTTGCACTATCCCTTAGGTTACCCTAGCCATCTGTTAGATGGAATGTTTGTCTTTAGCAGCTCGGACTTTCCTCTCCTAAAAAGAAGCGAGCATTTACTATGCTTTAAATTTGGATTTTAACGTAATTTTACTTATTTTTTCATCAAATAAAATAATTTTATTGTGATATCAATCAAAATTTGATAAAATTGTTTTTTATTTTTTAACAAAGGAAATTTATGGCATCTTATTCAATGGGTGATTTAAAAAAGGGACTTAAAATAGAAATCGATGGAATTCCTTTTAAAATAGTTGAGTATCAGCATGTAAAACCAGGCAAAGGTCCTGCTTTTGTGCGTATTAAAATCAAATCTTTTATTGATGGTAAAGTACTTGAAAAAACTTTCCATGCAGGTGATAAATGTGAAGCTCCAAATTTAGAAGATAAAACTATGCAGTATCTTTATGATGATGGTGAAAATTGCCAATTTATGGATACGCAAACATATGAACAAGTAGCTATTAGTGATGATGAT
NZ_AP028346.1_gap15	503303	504888	1585	AGGTATTTTCATTTGCTTTAAAAATTTCTAAATTTGAGTTGTTAAAATAAGCCAAAGTATTTTCATGGGCGTGAATTTTTACCTTAAATTTTTCAAATTCAGGTATTAAAAGACTTATAAAATTTTTAGCAATTTTTTCATGGATTAAAAGCGTTTCTAAAGCGTTACAAACACTTACTCTTTGACACTTTGCATTAAGGATTATTTTTAAAGCCATATCTAAGTTAGCACTTTGATCTACAAAAGCATGACACAAGCCTTTATTTTGCTTAATGAGAGGAATTTTGGTATTGTTTGCAATTTCTTGTATCATATTTGAACTTCCGCGAGGTATGATCACATCGATTAAATCATCAAAGGCTAGAATTTGCAAGATTTCATCTCTTTGGGCAAACATAGCAAAACAATCTTGCAAATCAAATTCCTTAAGTACTTTATTAACAAGAGTAAATATAGCCTCATTTGTAAATTTTGCTTCACTTCCGCCTTTAAATACACAAGCATTGGAACTTTTTATCATTAAAGCTGCGATTTCAGCGCTAAGACTAGGCCTTGCTTCGTAAATAACACAAATGAGTCCTAAAGGAATGCTTATTTTTTGTATGTTTAAACCCGCATAATTTTTCCAGCCTTTAGAAATTTTGCCTATAGGATCTTCGATGTAAGCGATTTTTTCTAGGCCTTCGCAAAGAGCTAAAATACGTTTTTCATCTAACAAAAGCCTATCTTTCATTGCTCCGCTTTTTGTGAAATTTGCCATATCTTTTTTATTTGCTTCTAGGATAATTTTGAAATTTTCTCTTAAAATTTGAGCTAATTTTAGAATAATTTTTTCTTTATCTTTGGGCGTTAAGTTAAGTAGTTTTTGAGAATTTTTCTTAATATTTTCAAGCAAATTTCGCATTTTTAATCCTTTATTTACAAAAAACTTGATAAATTATACAAAAAAATTTAGAATTGAAAGGTAAATATAAATGAAAAAAATAGATTTAATTGTAGTAGGTGCAGGTCCAACAGGGATAGGCTGTGCAGTTGAAGCCAAGCTTAAAAACAAAGAAGTTTTGATACTAGAAAAATCAAATAACATTTGTCAAACTTTAATGCAATTTTATAAGGATGGCAAAAGAGTAGATAAAGCTTATAAGGGATGCGAAGGAACCAATCACGGACATGTTCCTTTTGAAGATGGCACCAAAGAAAGCACTATAGAAACTTTTCAAAACGCTTTAAAAGAGCACAATATAGAAGTTGAATTTGGTTCTGAAGTTGAGAGCGTTAAAAATGAAAATGGAGTTTTTTTAGTAAGTACAGCTAAAGGTGTTTATGAGTGTAAAAACATTATTGTTGCTATAGGTAGAATGGGTAAACCTAATAAACCTGATTACAAACTTCCTATGACTTTAACAAAAATCATTAATTTTAATGCCAATTCAGTTTTGGGAAATGAAAAAATTCTTGTTGTAGGTGGCGGAAATTCAGCAGCAGAATACGCTGTGGATTTGGCAAATTCAAATCAAGTTAGCCTTTGTTATCGTAAAAAAGAATTTACAAGATTAAATGATATAAATCTTAAAGATATTCACGA
NZ_AP028346.1_gap16	515079	518531	3452	ATTTTAAACGATATCAAAGAGGCAATGAAACAAAAAGATGATTTTAAAAGAGATAGTTTAAGAACTCTAAATGCAGCTTTTAAGCAAATAGAAGTGGATGAAAGAATAGAGTTGGATAATGAAAGAATTTATAAAATCATTGCAAGTGAAATCAAAAAACGCAAAGACGCAATCGAACTTTATCTTAAGGCAAATCGTGAAGATTTAGCACAAAAAGAACAAAATGAAATAAGTCTTTTTGAAATTTATCTGCCTAAACAACTAAGTGATGAGGAGTTAACTTTAGCCTTAAAACAACTTATAGAAGAATTGGGCGTAAGTTCACTAAAAGAACAAGGTTTGGTAATGAAAGAAGCTAAAATAAAATTAGGTGCGAGTGTTGATGGCAAAAGACTTAATTTAGCACTTAAAGAGCTTTTACAATAATTTTTTGGAGTGTTATTATGAAAGAGTTAAGCGGTTCGGCAATGATTTGCGAGGCTTTAAAAGAAGAAAATGTTAAAATTGTTTTTGGTTATCCTGGAGGCGCTGCGCTTAATATTTATGATGAAATTTACAATCAAAAGTATTTTAAACATATTTTAGTGCGTCATGAACAAGCGGCTTTGCATGCTGCTGATGCTTACGCAAGAATGAGCGGAGAAGTGGGCGTAGCTATAGTTACAAGCGGACCAGGTTTTACAAATACTATTACAGGTCTAGCTACGGCTTATAGCGATTCTATCCCTTTGGTGTTGATTTCAGGGCAGGTGGCAAATTCTCTTATTGGTACAGATGCTTTTCAAGAAATTGATGCAGTAGGCATTTCAAGACCTTGTGTAAAGCATAATTATTTAGTTACTTGTATAGAAGAGTTTCCACGCATTTTAAAAGAGGCTTTTTATATAGCAAGAAGTGGTAGACCTGGGCCTGTGCATATAGATGTGCCAAAAGACGTAAGTGCAACTTTGGGACTTTGGGAATACTCTAAAGAAATTTCCATGAAGACTTATAAGCCCGTTTATAAGGGTAACTCAAAGCAAATTAAAAAATTTGCAGAGCTTTTAAAAGAAGCAAAAAGACCTTTGTTTTACTTAGGTGGAGGTTGCATCAGTTCTAATGCAAGCGAGCAAATCAGAGAGCTTATAAAATTTACAAAAATTCCAGCAGTTGAAACTTTGATGGCGCTTGGAACTTTAAGAAGTGATGATGTTTTTAATCTTAAAATGGCAGGTATGCATGGAAGCTATGCTGCTAATATGGCTTTAAGTGAGTGTGATTTGCTTGTGAGTGTAGGAGCGAGATTTGATGATAGGATTACAGGAAAAACAAGTGAATTTGCTAAACATGCGACTATAGTTCATGTTGATATTGATCCTAGTTCTATTTCAAAGATTATCAATGCGCATTATCCTATAGTAGGAGATATTAAAGAAGTTCTTAAAGAGCTTTTAGAAGAGCTTAAAAAGGAAAATTTCAACACAACTTTTAAAGAATGGCACGAAACTTTAAAGCGTTATAATGAACTTTATCCGCTTTCTTATGAAGATAGCAATGAGATTTTAAAACCGCAATGGGTGATTGAAGAATGTGCGAAAATGGCTCCAGATGCAAGGATTATTACCGATGTGGGTCAGCATCAAATGTGGGTGGCACAGTTTTATCCTTTTAATTATCCAAGACAACTTGCAACAAGTGGAGGGCAAGGAACTATGGGATATTCTTTACCTGCTGCTTTGGGTGCAAAGCTTGCCGTGGGTGAAGAAGTGGTGATTAATTTCGTAGGTGATGGATCGGTTTTAATGAATATCCAAGAGCTTATGACTGCTTATGAGTATGGTATAAAAACTATAAATATTATTTTAAATAATGCCTTTTTAGGTATGGTAAGACAATGGCAAAGTATGTTTTATAAAGAGCATTTTTCACAAACTGATTTAAGCACTCAGCCTGATTTTATCAAAATTGCTCAAGGTTTTGGTTGTGAAGGTTATGAAATTTCAAGCAAAGAAGAATTCATTCAAGCTTTTAGCCAAGCTTTAAAAAGTGATAAAACCTCTCTTTTAAATGTAAAAATTGATCGCTTTGAAGATGTTTTACCTATGGTGCCTGCAGGAGGTGCGATTTATAATATGATTTTACCAAAGGCAAAGGATAGACAATGAGAAGGGTTTTATCGGTAATTGTTTTAAATGAGCATGGGGTTTTATCTCGTATAGTAGGACTTTTTTCAGGAAGAGGTTATAATATTGACTCGCTTACAGTAGCACCTTTGGAAAATAAAGAATTTTCTCGTATTAATATAGTCACCTCAGGAAATGAAAGAACTTTTGAGCAGATAGTCAAACAACTTCATAAGCTCATTCCTACTTATAAAGTGATAGAAAGTGAAGAATTTATTGACAAAGAAATGGCTTTAGTGAAAATTCCTTTAAATGAAAATTTAGGTGGACTTGATGCCGTTTTGAAAGCTTATAATGGTACTATTGCAAATAGCAATGAGAATTTTTTGTTTTTAATGGTTGCTGATGATGCAAATCGCATTGATAATTTTTTAAAAACAATTAAAAAATACAATCCTAGTGATATAGTTCGCAGTGGATCTGTTTTGATGGAGATTAAATGAAATTAAGTGAAATAGCAGAATTTTTAAGCTTGGAATATAAAGGCGAGGATATAGAAATCAGTGCTTTAAATTCTTTATTGAAAGCAAATTTTACAGAGCTTACTTATTGTGATGGTGAGAAAAATACCAAAGATATACCTCACACAGGAGCTGCTGCTATTTTAGTATCTAAAGAATATGAAAATTTAGTACCTAAAGATACTAAAGCTTTGATTACTCAAAGTCCACATTTGAGTTTTGCTTTTTTAAGCAAGCTTTTTGCTAAACCTTTGATAAGCACAGCTAAAGAAAAAGTACAAAATATCGCAAAAAGCGCAAGAATCATGCCTAATGTTTATATAGGTGATAATGTAAATATCGGTGAAAATGTAATCATTATGGCGGGAGCTTATATAGGCGATAATGTCAGCATTGGTGATGAGAGTATTATCCATCCTAATGTAGTGATTTATAATGATACTAAAATCGGTAAAAAATGTCATTTGCTTGCCAATTGTGTAATAGGAAGCGATGGCTTTGGTTATGCGCACAATAAAAACGGCGAACATTATAAAATTTATCATAATGGCAATGTGGTTTTAGAAGATTTTGTAGAAGTGGGGGCTTGTACAACTATAGATAGAGCAGTTTTTGATAGTACTATTATCAAAGCAGGTACTAAGGTAGACAATCTAGTTCAAATCGGACATAATTGCAATATAGGTCAAAATTGTATCATTGTGGCACAAACTGGAATTTCAGGTTCAAGTGAGTTAGGACGCAATGTTATTATGGGTGGTCAAAGTGCAACGAGTGGACATTTAAAAATAGGCGATTTTAGTACTATAGCTGCAAGAGGCGGTGTGAG
NZ_AP028346.1_gap17	529072	531194	2122	AATCCTGAAGATATACTTTTAGCCAATGAGTTAAAATTGGATCTTTTAAGTGAAATTTATGTTTCAAGAGCAGCTTTGAAATTAAAAAAATTTTTAGAAGAAAATGATATTGAAATAAAACATAAAAATTGTCTTGATATAGGATCTAGTACGGGCGGTTTTGTTCAAATTTTACTTGAAAATCAGGCTTTAAAAATCACTGCTCTTGATGTGGGTAGTAATCAACTCCATCCAAGTTTAAGAGCAAATGAAAAAATTATCTTGCATGAAAATACAGATCTTAGAGCCTTTAAAAGTGAAGAAAAATTTGAACTTGTTACTTGTGATGTGAGTTTTATTTCTCTTATTAATTTACTTTATTATGTCGATAATTTAGCTTTAAAGGAAATTATTTTACTTTTTAAACCTCAGTTTGAAGTGGGAAAAAATATCAAAAGAGATAAAAAAGGTGTTTTAAAAGATGACAAGGCAATCTTAAAAGCAAGAATGGATTTTGAAAAAGAATGTGCTAAGTTAGGTTGGCTTTTAAAAAATACGCAAAAATCAAGCATTAAAGGAAAGGAAGGTAATGTTGAATATTTTTACTACTATATCAAAAATTAATATTACTTCTTTAGCCATAGGTTGTTTTGATGGTATGCATTTAGGACATCTAAAACTTGTAAAATATTTAGATGAGAATGGGGCTTTGCTAGTTATTAATAAATTTAAAGGTCAATTTCTTTGTTCAAATCGTCAAAAAGAAGAAATTTCAGGAAAAAAAGTTATAGAAGTGGATTTTGAAAGTATAAAATCTTTAGATGGTAAAGATTTTTTAAGCTTTTTGAAAAAAGAATTTACCAGTTTAAAATTTATAGTCGTGGGTTATGATTTTTCTTTTGGGAAAAATAGGGCTTATAGTGCTAAAGATATTGAGTTTTTAAGTGGGATAAAAACTATAATAGTTGATGAATTTAGCATAGGTGGAATAGGTGTTCATGCAAGTTTAATTAAGGATTTTTTATCAAGAGCAAATTTGCAAAAAGCAAAAGAATTTTTAGGGAGAAATTATAGCATCAAAGGAAAGGTAATTAAAGGACAAGGCTTAGGTTCTAAAGAACTTTTTGCAACTATAAATTTAGATTGCGAAGGTTATTTTTTGCCTCAAAATGGTGTTTACGCTACTTTGTTAAAAAGTCAAAGAAAAACTTATAAAAGTGTGAGTTTTTTAGGTGTAAGATCAAGCGATGAAAATTTTGCTATAGAAAGTCATATTTTAGAAGAATTGGGTGAAAATTTCACGCAAGGAGAGTTTTTTGAACTCGAGTTTATATCTTTTCTAAGAGAGAATCAAAAATTTCAAGATCTAAAAAAACTTAAAAATCAAATTACTAAAGATATAGATCAGGCTAGAGAATTATTAAGGAAAAATGATGAAAGATGAACTTTTTAAACAAAGCCCTAAAAAACAATTTGAATTTGATAAAAGCGTGGCTAGTGTTTTTGATGATATGATCAATCGTTCTGTACCATTTTATAGAGAAAATTTAGAACTTTGTGGCAATTTATTGGCTAAAATTTTACCTACAAATGCAAGTGTTTGCGATTTGGGCTGCTCAAGTGCTAATTTTTTGATTTTTTTGGCAAATCTAAGAAAGGATTTTAAACTTTTTGGCGTGGATAATTCTGCTTCCATGCTTGAAGTTGCAAAATCAAAAGCTAAAGCTTATGGGCTTGATATAAGTTTTTTTGAAGCTAATTTATGCGAATTTGATTTTTTTACTTGCGATGTTTTTGTAGCAAATTATACCATGCAGTTTATTCGTCCTCCTAAAAGACAAGAATTGCTTGATCAAATTTATAAAAATTTAAACTCTAAAGGCATTTTGATTATGAGTGAAAAAATCCTTTATGAAGATGCTTTTTTGTCTAAAAATATCATAGAACTTTATGCTGATTATAAAGAAAAACAAGGCTATTCTAAGTTTGAAATCGCAGCTAAAAGAGAAGCTTTGGAAAATGTTTTAATTCCTTATAGTCAAAAAGAAAATTTAAATATGCTAGAAAAGGCAGGTTTTAAGAAAATAGAAAGTATTTTTAAATGGGCAAATTTTGAAACTTTCATAGCTTTTAAGGATTAGAA
NZ_AP028346.1_gap18	550939	553325	2386	TTAGTGTTGATAAAAATTTCTTTATTTTTAAGAATTTCATCGCTGTAAATTTTATTGAGCACTTGTATTTTTTTGTTCAAATCTTCTTTTTTTACAGGAGGGATTTCAAACCAAAAAACTTTGGCTTTATGTTTTTTAGCGATTTTAATGATTTCATCTACACGACTTGTGTAAATATCTATCCAAGAAGGGGAGCCAAAACGATGGTAATTTCCTCCTTTTTTAATATCCCAAGGATCATTAGCGCCAAGAAGAACAACAAGATATTTAATATTTGAGTTTTTAATAAAAGCTTCATTGGTGGCTTTTGACCAGTCAAAATAGGATTTATAAGAAAGGCCTGTATTTTGTTTGCTAAGATCGGTTACCTTAAGATTTAAATTTCTTAAATCTCTATTTAAGGCTATTGCAACACCTTGCATTAAAGAATCTCCGATAAATAAAAACTCATCTCCATTTTGTAGTTCTAATTTGGTATTGTCGATAAAACTAATATTTGCATCTCGGATTAAGGTTGGATTTGTTTCTTTATGAGAAGTGTTTTCATCATTTTCTAAAGTGTTTAGAACTTTATCTATTTTACTTAAGTTTTCATCTATTGATTTATTTTCTTGATTTGTAGTTTCTTCATTAGTTTGAGGCAAGGGTTCGTTGCTTAAAATTGCACGAATTTGTTCTAATTTAATTTTGAAGCCATTGGCTTCTTTTAAAAGATCATTATGAGGATAGAATGCAAAGTGATATTTTTGTTCTATATAAGAGCTAATGCTCTGATTCATAACTACAACAACCAAGCCAAGCACTATAATCAAAATAAAGAAAAATCTAACCACACTCATCTAAAAACTCGAATAAATAAAATCAGGAATTCCATCTGGCATAAAAGCAAAAACCAAAAGTAAAATAAAAGCTATGATAAAAGGTTTTAGTAAAAATGGAGTAAGATTTAAAATCTTAATGCAATATTCTTTAAAATTAATAAATAAAGGATAGATCATAAAAAGAACCCCAAAAGCAACCAACATATAGATATCGTTATAAGATGGAATTTGGAAGGAATTATAATAACAAGCTTTAAAATATTCTATTGCATCTTCTAGATTTTTGCTATAGTAAAAGAAAATCCAAGTAAAACATACAAATTGAAAGGTTAAAAATCTTCCTAAAGCTGGAATTTTTTGTAAACTAAATTTGCTTAAAGCTAGCAAATGTATAAAAACTATGCCAATACCATGCAATAAACCCCAAACAATAAAAGCAAGTGTATTGCCATGCCACATACCTGAAAGTATAAAAGCGATGAGTATGTTAACTATAGTGCGTGGCATTCCTTTTCTATTGCCCCCTAAAGGTATATAGATATAATCTCTTATAAAGGTTGAAAGACTGATATGCCATCTAGCCCAAAAATCTTTTAGGTTTTTTGCAAGATAAGGCATGTTAAAGTTAGATGGAAGGGTAAAACCTAACATTAAAGCAAAAGCACAAACTAAATCAACATATCCGCTAAAATCGCAGTATATTTGAATCGCATAGGCGTAAATTGCGCTTAAAAGTTGTATGAAATTATAAGATTGTGGAAAGTCTAAAATACTTTTAGCATAAATTCCAAGGTAATTGGCTATTAAAACTTTTTTAACTATACCAAAAACAAGCAAGATGATGATTAAATTTGCATGTTTAAATTCGCGTTTTTGATAGGCCTGCTCAAAGAAAAAAGAACTTCGCATAATAGGCCCTGAAAGTAGTGTTGGAAAAAATGATAAGAAGGTTGCTAAATTTAAAAAACTTTCTAAACGGCGTTTTTGATAAACTTCTACAAGATAGGTGATAGAAGTAAAGGTATAAAAACTAATTCCTATTGGTAATACTAAATCAATATTTAAAAATTCTAAACCGAAAAAATTTAATATCTCATCAACACTTCCTTTGATGCTAGGAAAGTATTTAAAAAAACATAAATTTAAAATAATAAAAGCCATGCAAGTAGCAAAAATATAACGCTTGCGACGCACAAAAATTAGCAAGGCAAAATAGTGTATAAAAAAGGTATATATAAATAAAACTAAGGCGAAATAAGGATTGATTAAAATATAAATAATATAAGAGAAAATTAAAATTAAAATATTTTGTATTTTGTAATCATTTTTAAAAGTCCAATAAATAGCAAAAAAAGCTATCATTAAAATACTAAATTCTAGAGAAAAATAAGTCATACCTTCAATCCAAAGCGAGATTTGCCCATAGTAGGGCAAAGATTATTTTTTTCTGCTTAATGCAATATTTTTGATGTATTGATCAGCTAAATAAAGTCCATTTCCGTGTTCTCCGATTAACTTAATCTTGTCAACTATACCGCGGAAAAGTGCTTCTTCTTCGTGTTGTT
NZ_AP028346.1_gap19	596669	598983	2314	CATACCAATCCCACCTGCACCAAAACCAAAATGCCATCCGTATTCTTTTTGTAAAAAGCCGCAAATTAAAGGAGCTACAAAAGCACCAAAATTAAAGCACATATAAAAAAGAGTAAAACCAGAGTCACGCCTTGCATCATTTTTTTTATAAAGCATTCCAACCATTACAGAAGCACAAGTTTTAAAAAGTCCTGTACCTATAACCAAAAAAACCATACCAACAAAAATCATTTTATTGTTAAAATAAGAAAAGGCTATGCACAAATGTCCAAATGCTATAGTTAAAGCACCTAGTAAAATTGCTCTTTTTTGTCCTAAGTAATTGTCCGCAAGCCATCCACCTGGCAAAGCAGCAAGATATAAACAACTTGCAAAAATTCCCATAATTGCACTTGCTTCTTCAGGTTTTAAGTTCATTCCACTTTTTTCAAAACTTGCTATCATAAAAAGGTAAAGCAAGGGACGAATTCCGTAAAAAGAAAATCTTTCCCAAAGCTCAGTAAGTGAAAGAGATAAAAGTGGTTTTGGATGTCCAAAAAATGAAGTATCTAAATTTTTTACATTTTTACTCAATTTATATCCTTTGTGTATTTTTATTTATAAATTATAGACAAGAAATTAAAAAATATGTATAACTTTGTAATATTTTTAAATGATTTATATCATAATGTTACTTTTTTGCAAATATAAAAAAAGAAATATTAAGATCAATTTTCAACTTTGGTGTATTTTGTATTTTAAGTTTAGTTAGATAATTGCTTATTTTTTTTGTTAAGATGGTTTTTTAGCAATAAAAAGCAAAAGTGCTACAACAAAAAGCATCCACATGCATTGTTCAAAAATATTAGGAAGTTGATCGATGTTTTTAATATTGACATTTCCTCCTATAAGTCCTGCAACAAAATTTCCAAGCGCACTTGCAACCAAAGTCCCATGATTTGATTTTTGATTAAATCAGGGGCAACCTTAGCCATTATAGAGAGTCCAATAGGAGACACGCATAATTCCCCAAGTGTTAAAAAGAATATACTTATGATAATCCAAGCCATGGATATTGGTAAACCATTGTTGTTTATTAGATTTTGTGAAGCAAAGGTCATCATCATAAAGCCAATACCGGCAAATAATATTCCTAAAGTAAATTTTCCAATGGAAGAAAAATATATATTTTTTTCTCTAAAAATATCCAAATATAACTTGCTATAGGAGCAAGTATGATGATAAAAATTGGATTAAAAGATTGAAACCAGTTTGTTGGAATTTTCCAATCAAAAATATTTCTATTTGTAAAATCTTGCGCAAAAAGATTATAAGCGGTAGGGTTTTTGTTTAAAAGTACTCCAAAAAAAGTGGCTGCAAAGAATAAAACAATTAAAATTATTAATTGTTGTTTCTCTCTTTTATTTAAGGCTTTAAAAACAAAAAGATATATGAAATAAATTACCAAGCATAGTAAAATTACAATTAGAAGTTTTTTTGATAGTATTATATGGGATTAATATTTACAAGATTAATAAACATTAGAAAAAATCCAATAATACTTAACAAGCTTATACTTAGTATAAGAGTTAAATTTTTTACTTTTTTAAATGGTTGTTCCCAGTTTTGCTTTAAGGTGCAATTTTTATGAAATTCTTCAAGCTCAGGGGCAGCTTTAAAATATAAAATAAGCAAAGAGATTAGCATACCTAAACCTCCTAGCCAAATCCTAAATGATAATTCCATTTTGCTTGAACAAAACCACATATAAGAGGAGCAATGAATGCTCCAATGTTAATTCCTATATAAAAAATCGTATAGCCAGTATCACATCTTGTATCATTTTGTTTATACAACATTCCAACTGTTACAGAAGCGCTAGTTTTAAAAAATCCAGTACCAATAACGATAAAAGAAGTCCTAGGAAAAATATAGGTGTGCTTAAAATAGATAAGGCTATGCTAATATGTCCTAAAGCTATAATAAAAGAACCTAAAAATAAAGCCTTTTTTTGCCCTAAATAATTATCAGTAATCCAGCCTCCAGGAAGTGCTGCTAAATACAAGCATCCTGCAAAAATGCCATAAATTGCCGAGGCGTATTCAGTGCTTATTCCAAGTCCACCTTTGCTTATGGTTGTTGCCATGAAAAGCACAAGTAAAGATCGTATGCCATAAAAAGCAAATCTTTCCCAAAGTTCTACCATTGATAGAGAGAATAAAGGCTTGGGATGACCTAGTAAATTTGTATCGAGTTTTTGTATTTCTTGTTTAGTCACTTCCCAATACCTTTCTTTTTTATGCTTAAAATATTTGAACTAATAGTAATAGAAAAA
NZ_AP028346.1_gap20	605159	605999	840	TTTTTACTTGCTATTTTCTTAAAAAAATAAAGCAAAGGCGTAAGCAAATTTTGTTCCAAAAATTGATTTTTTTTGCTAAAATTGCTTTTATGAGAGTAGATAAATTTTTAAATGTAGTTAATATCACGAAAAGAAGAGCTATTTCTGAAGATATGTGTAAAAGTGGTGTAGTGGGGATTAATGGCGTTATTGTTAAGGCGAGTAAAGAGGTTAAGGTAGGTGATATTATCACTTTACATTTTACTGAATACACTCAAAAATATAAAGTGCTAGCTCTACCTAGTACGAAAAGCATTCCTAAAAACGCACAAAATGAATATGTGGTAAAATTATGAAAGAATTTATTTTAGCAAAAAATGAGATCAAAACGATGCTTCAAATAATGCCTAAAGAAGGTGTTGTTTTGCTTCAAGGAGATTTGGCTAGCGGAAAAACAAGCTTAGTGCAAGCTTGGGTTAAATTTCTTGGTCTTGATGCAAGGGTGGATTCTCCAACTTTTTCCATTATGCAAAGATATGAAAATCATGATATTTGCATTTATCATTATGATATTTATCAAGAAGGTTTAGAAGGACTTTTAGCGAATGGTTTATTTGAAAATTTTTTTGAAAAAGGTTTGCATTTGGTTGAATGGGGCGGTGAAAATTTGAAAAAAACTTTAATGAAATTTGGAATTTCTACTATCCAGATTAAAATTAGCATTAAAGATGACAAAAGAAAGTATGAAATTTATGAGTAAATTAGAAATTGTAAATTTGGAAAAAATTATTAAAAAAACTAAGATTATACATGGAATTTCTTTGGAGGTTAATAGCGGAGAAGTTGTAGGACTTTTAGGGC
NZ_AP028346.1_gap21	719359	720756	1397	AAATGAAGATAAGAGTAGACTAGTTGCAGGTTTTGAGAGTGGCGAAGTAGAACTTTTTGATTTGAAAAATTGGAAGATGTTAAAAAACTATGATAAAATGCATAAAGATAATATCTATCAAGTAGATTTTAAAAATAATGTTATTTTAAGTTGTGGAACGGATAGGCGTATAGGAGTTGTAAAAAATGAAGAGCAAAATTTTTTGCAAAAAGATTTTTTGATATATACTTGTGCTTTAAGTCCTAGTGGAGAATTCGCTGTTTATAGCGATAATGAAGCTGGAGTTAGTGAAGTTTTTAGCACAAGTGATTTTAAGCCTGTTAAAACTTTTAATAATGAAAATTTGATGAGTGAGTTTATTATTTTTTTAAACAATAAAGATTTTATCGTTTCAGGCTTTGGTGATAGTATAATGTTTAGGAGTATTGATGAATAATCTTTCTAGTGTTTTGATTTTAGCAAAAGAAGAATATATAAATGATTTAAAAAAGGCTATATCTGAAATTCCTTTTTGTTCTGTAGAACTTTGTGAAAATGAAAAGATTATAGTTGTGATTGAAAGTGAAAATTTAGAAGATGAGTTAAACTCTTATAAAATGCTTGAGAAATTGCCAAATATTATCAGTATTAATATGGTTTTTTCTTATCAAGATTTAAATGATGATATCCAAAAAGCAATCAATAGTGGTGCAATAGAAACGATAGAAAAAAATGAAAATGCTGAGAATGTTCGCTACTATGGTAGTGTATTTAATCAATTTTCTTAAAGTGTAAAGATGGTATTTTTAATCCCATTGCTTATTATAATTGGTGTTATTTTTGGAATTGATTATGTGTATTTTAAAAATCAAGATTTAAAAGCGCAAGTTAAAAAAGAACAAAAAGAATTAAATTCTAGTTTAGAGAAAGAAAAAAAAGAATATATAGAAAAACTGTTTAAAACAAAATAGACATTAAAAAACATCTTATTTTCTTAAAGATAAATTAAAAAGCTTTTTGCTAGAATTAAAGAAAAATTTTAGGAAACAGTGATGAAAAATACAGTCACTGAAGCTTCCATCTATGAGGCTCAAGGGTTAAAAGACGAAGCTTTAGAAATTTATAAAAATATCTTAAAAGAAGATCCGGATAATCAAAACGCTATCGATGCGGTTCGTCGTCTTAGTGGTTTTAGATCCAAGCATAAAGACTTAAACACTCAAATGTTGGATTTTTTTATTAATATGAAAAGCGATGAAGAAATTAATGAATTTAAAAGGTGGTTGATAAAAATATGAATTTGGAAGATTTAGCTAAAAAAACCATTAGCGAAGTTAGCTCTATCATGGAAGAGCAAAGAAGACAAAATGAAATTTTAAAAGAACAAGAATTAAATAGAAAAACTGAAATAAAAGATG
NZ_AP028346.1_gap22	735785	737306	1521	TATACATGCTGGAGGGATAGATTTGCTTTTTCCTCATCATGAAAATGAAGCTGCGCAATGTCGTTGTGGATGTAAGAGAAAATTAGCAAATATTTGGCTTCATAATGGTTTTGTAAAAATCGATGGCGAAAAAATGAGTAAAAGTTTAAATAATAGTTTTTTCATAAAAGATGCTTTAAAAGAATTTATGGGCGAAGCTTTAAGATTTTATCTTTTGAGTTCTCATTATAGATCTCATTTTAATTATTCTTTATTGGATTTAGAAAATGCTAAAAAACGTTTAGATAAATTTTATCGCCTTAAAAAAAGATTGGATTTAGGTGAAATTTCTGATTTTGATGTTTTAAATGATATTGAAATAAAAAGCGAAATTGCTAAGCAAATTTTAGAGATTTTAAATGATGATTTAAACGTTTCTAAAGCCTTAGCTCTTTTAGATGATTTTATAAATAATGCAAATTTAGAGTTGGATAAAGAAAGCAAAAATAAAATTTTAAAACAAAATATCAAAGAAGCTTTAAGTGAGCTAGCTAAAATTTTTGGCTTTGGTTTTATGGATACAACTTTATATTTTCAATGGGGTGTAAGCAAAGAAGAACGAGAAGAGATTGAAAAGTTAATTTTAGAAAGAACTGAGGCTAAGAAAAGCAAAGATTTTAACACAGCTGATACAATAAGGGAACAACTAAGTAGTAAAAAAATCACTCTTTTAGATACTCCAAATGGAACAATTTGGGAGAAAATAAATGCATAATGAGATGAATTTAAAAGAGGTTTTAATACGCTTTAAGCCCTTTTATAAAAGATATTGGAAGCAATTTGCTATAGCTATTTTTGGTATGATTTTAGCAAGCGGAGGAACTGCTGGAAGTTTTTATGCTTTAGAGCCTATTTTAAATTATATTTTCGTTGAAAAAAATGAAGCTTTACTTTATACAGTGCCTTTTTTGCTAGTATTGATGTATTTTTTTAAAAATCTTGGAACTTATCTACAAAGTTTTTATGTTTCCTTTATAGGAACAGATATGTTAAGAGTATTGCGTGCTAGGGTTTTAAAAAATGTTTTACGCTTGGATATGGATTTTTTTAAACGCTATAGAAGCGGAGAGCTTGTAAGTCGTTGTACTAATGATATTAATGCACTTCAAAGTATAGTATCAAATATTATTCCTGATTTTTTTAGAGAGCTTTTAACTGCTATAGGACTGCTTGCGGTAGTCTTGTATCAAAGTCCTACTTTGGCTTTTTTTGCTTTAGTGATTTTGCCTTTAGCTATTTTTCCTTTGGTATGGTTTGCTAAAAAACTTAAAAAATATGCAAGAAATATACAAGAAACAAATTCGGATTTACTTTCTTATTTGGGTGAAATTTTTTCAAATATTGAATTGATCAAAGCTAATGATAATGAAAAAAAAGAAAGTGATAAATTTTCTAAGCATAATGATATTTTATGTAAATTAAACCTAAAATCCGCACGTATTGATGCACTTACAAGTCCTTTAATGGATATGATGGGTTCTG
NZ_AP028346.1_gap23	738502	741769	3267	AGCAGGAGGCTTTGATAAAAATGCTACTATGATAAGACCTTTGAGTGCTTTAGGATTTGGCTTTTTAGAAGTGGGAACTTTTACTCCAAAACCTCAAGAAGGCAATGAAAAACCACGTCTATTTAGACTTGTAAAACAAGAAAGTATACAAAATGCTATGGGTTTTAACAACGAAGGTGCTGAAAAGATTGCTTTAAGACTTGCAAAAACTTATCCTTTTGTTTTACCCTTAGGAGTAAATATAGGGAAAAATAAAATCACTCCAAATGATAAAGCCTTGGAGGATTATTTTACTTTGTTTAGAGATTTTAAGGATTTATGTGATTATTTTATCGTTAATATCTCATCTCCTAATACTAAAAATTTAAGAGAGTTACAAAATGATGATTTTTTAAATACCTTGCTTGAAGAAGCCAAAAAAATTACTTCTAAGCCTATTTTGATAAAAATTGCTCCTGATATGAAAATAGATGATGCTTTAAATTTATGTGAAAATGCTATTAAAAAAGGTGCAGATGGGTTTATATTAGCCAATACTAGTGTTGATTATAGCTTACTAGATAATAATCGTACTTTTGGTGGTATTAGTGGAAGGTTGATTACAGAAAAAAGTGGTATTTTTTTCAAAGAAGTAGCTAAAATTCTTTTTGGCAAAACCTTGCTTATTGCAAGTGGAGGGATTGATAGTGCTGATATTGCTTATGAGCGTATTAAAAATGGGGCTAATTTGGTGCAAGTTTATACAGCTTTGATTTTTAAAGGTCCTTCTTTGGTAAAAAATATCAATCAAAATCTTATAGAGCTTTTAAGAAAAGATGGTTTTTTACACATTAGCGAAGCTGTTGGGGTAAATTTAAAATGATTGCTTATGAAAAAATTCAATTAAAAAACAAGCTTGAAGTTTATGCTTTGCCTGTAAATAAAAATAGCGATGTGATTAGCGTTGATATTTTTTATAAAGTAGGTTCAAGAAATGAGATCATGGGAAAAAGCGGCATAGCTCATATGCTAGAACATTTAAATTTTAAAAGTACTAAAAATTTAAAAGCTGGCGAATTTGATGAGATTGTTAAGGGTTTTGGTGGTGTGGATAATGCAAGCACAGGTTTTGACTATACTCATTATTATATTAAATGTGCGAAGAAAAATTTAGATAAAGCTTTGGAACTTTTTGCAGAACTTATGGCGAATTTAAATTTAAAAGATGAAGAATTTCAGCCTGAAAGAGCAGTGGTTTTAGAAGAGCGTAGATGGAGAACAGATAATAATCCTTTGGGATATCTTTATTTTAGACTTTTTAATCATGCATTTATGTATCATCCTTATCATTGGACTCCTATAGGTTTTTTTAAAGATATAGAAAATTGGAGCATTGAAGATATTAAAGAATTTCACAGTATTTACTATCAACCTAAAAATGCGATTTTACTTGTAAGTGGCGATATAGAAAGTAAAGAAGTTTTTGAGCTTTCAAAAAAACATTTTGAAAAGATTAAAAATACTAAGACTATGCCTAAAATTCACACAAAAGAGCCTAAGCAAGATGGAGCAAAAAGAATATATTTGCATAAAAACTCAGATACTGAACTATTAGCCCTTGCTTATAAAATTCCAAATTTCAAGCACAAAGATATACCTGCTTTAAATGCTTTATCCGAGCTTTTAGGAAGTGGGAAAAGTTCTTTAATGAGTGAAATTTTGATTGATAAATTAAATTTAATCAATGATTATTATGCTTATGTTAATGATTGTATAGATGACAATTTATTTATTTTTATTTGTAATTGTAATCCCAATGTTAATGCAGAAAAAGTAGAAAAAGAACTTTTAAAAATCATTGATAAACTTAAAATGGGTAAAATTTCTCAAAAAGATTTGCAAAGAGTGAAAAATAATGTCAAAAGTGATTTTATTTTCTCACTTAACAATGCTAGTGCAGTGGCAAATATTTATGGTTCATATCTAGCAAGAGGAGATATCAATCCTTTGTTAAATTATGAGAAAGATATACAAAATTTGGAATTAAAAGATTTGATTTCTTGTGCTAAAAAATATTTTATTCAAGAAAATTCAACTACGGTAATTCTAAGAAAGGATTCAAATGGATAAAAATATTATCATTGGGGCGATGACGGCTCTTATTACACCATTTAAAAATGGAAAAGTTGATGAGCAAAGTTATGCAAGATTGATTAAAAGACAAATAGAAAATGGCATCGATGCAGTAGTTCCAGTAGGAACAACAGGAGAAAGTGCAACTTTAACCCATGAAGAACATAGAACTTGCATAGAAATAGCCGTTGAGACTTGTAAAGGAACTAAAGTTAAGGTTTTAGCAGGTGCGGGAAGTAATGCAACTCATGAGGCAGTGGGTTTGGCTAAATTTGCTAAAGAGCATGGTGCTGATGGGATTTTAAGTGTGGCACCGTATTATAATAAACCTACGCAACAAGGACTTTACGAGCATTATAAGGCTATTGCGCAAAGTGTAGATATTCCTGTGCTTTTATATAATGTTCCAGGAAGAACAGGTTGTGAAATTTCAACGGATACTATTATCAAGCTTTTTAGAGATTGTGAAAATATTTATGGAGTAAAAGAAGCGAGTGGAAATATCGATAAGTGTGTGGATTTGCTTGCACACGAACCTAGAATGATGCTTATTTCAGGGGAAGATGCGATCAATTATCCTATACTTTCAAATGGTGGAAAGGGAGTGATTTCAGTAACTTCAAATTTATTACCCGATATGATTAGCGCTTTAACTCATTTTGCTTTAGATGAAAATTATAAAGAAGCTAAAAAAATCAATGATGAGCTTTATAATATCAATAAAATTTTATTTTGCGAAAGTAATCCTATTCCTATTAAAACGGCTATGTATTTAGCTGGATTGATAGAAAGTTTGGAATTTAGACTTCCTCTTTGTTCTCCAAGTAAGGAAAATTTTGCTAAAATTGAAGAAGTGATGAAAAAATATAAGATCAAAGGATTTTAATGAATACAGAATTTCAAGGAAAAACTTTAGTGATTAGCGGTGGAACTCGCGGGATAGGCAAAGCTATAGTTTATGAATTTGCTAAAGTGGGTGCAAATATAGCTTTTACTTATAATTCTAATGCGCAAATTGCTGATGAAATGGTTCAAGATTTGGAGAAAAATTATAAAATCAAAGCTAGAGCTTATGAGTTTAATATCTTAGAACCTGAAACCTATAAAGAACTTTTTGAAAAAATTGATGTGGATTTTGATAGAGTGGATTATTTT
NZ_AP028346.1_gap24	760949	763802	2853	GTAAATTAGCATAATCATCAAAAAATATTAAAAGCCCTAAAAACCAAGTGTTAACTTGAGCTGATACAGCTGATTTGGCTCTTTTGGCAAATTTTAATGCTACAGCTTTTGCACCACCCATTTTTGTGATGAGTGCCACAAGACCACCTATACAAAGAATTTGTAAAATGATTCCTGCATTTACTGGATCTGAAGTTGAACCTAAGATATAGGAAATAATTTTTGAAAAAGATTCTACTGTAGTATTGTAATAATTTACAAAAGCTAAATGTTGTGCTTTGAAAATATTTACAGAAAGACTGAGCAGAAAAGTTCCGCTTAAAACTCCAGCAAAGAGTGACAAAATAACATCTTTTGTGATAAAGGCTAAAGCAATAGCAACTAAAGGCGGTATAAGCGTAAAAGCTCCAAATAAATTAGCATTTGCAGCTGCTTCTGAGGAGTTTGCAAATGCAACTAAAGGTAAAAACAATAAAACTAAAAATTTATTCATTCATCTCTTTCTATATAAAATCCATTCCAAGTTTGTGTTACCGGCATAAGCTCGATTTCATTAACATTAATATGGCTTGGTAGGTTAATGATAGACATTACCACTTTGGCAATATCATTAGCACTGATAAATTGCGTATTTTCATACACTGCATCAGCTTTTTGGATATCTCCTTTAAAACGCACTTCACTAAATTCAGTTTTGCAAAGTCCTGGAGCAATGTTTGTTACTTTGATATTGCTTCCTCTAAGATCATTTCTTAAGGCCAATGAAAATTGTCCTACAAAGGCTTTGGTTCCACAATACACATTGCCTCCAAAATAAGGATTTCTTCCTGCAACCGAACCTAAGTTAAAAATATAAGCATTTTTTTGTTTGCGAAGTATAGGAATAATAGCTTTTGCAACATATAAAAATCCTTTGATGTTTGTATCTACCATAGTGTTAATATCTTCAAGGTTTAATTTATCAAATTCATCTACCCCTAAAGCTAAACCTGCATTATTAAAAAGCACATCAATTTCTTGAAATTCTTTGGGTAAATTTTCAATAGCCTCAAAGATTTCTTTTTGATTTCTTACATCTATGCAAAGCGTGTAAATCTTATCTTTGTAAGCATTTTTTAACTCTTCTAGACGCTCTTTGCGTCTAGCAAGGGCGATTGCTTTGTAGCCTTCTTGTATAAAAGCTTCAACGCAAGCTCTACCAAAACCTGAACTAGCTCCTGTAATAAATGCGGTTTTCATTCTAAACTACCTCCGTAAAATAGATTTTCGTTTGCTTTTAAACCCAAGCTTTTTAGATAATCAGCATTTTCTTTTTTACCTGCTGATAGCGCAAAGTCGAGTGCATTAAAACCAAGATCATCAACAGCATTAAAATTTGCTCCTTTTGAAATAAGAAGTTTTAAAATTTCAACATTTCCATAGGCTGCAGCATGCATTAAAACATTTTTTGAAGTGTGCTCTAGAGCACAAAATGTAATAAAATAAGGCGTATTTGAACCTATGTTCGCGCTTAATGCTAATTTTTCATTGTTATTAATATATTTTTGATTAACATTTGCTCCATTATCAAGAAGTAGTTTTATGATATCAAGACGATTAAACTCTATGGCATAAAAAAGTGGGGTTTTACCAAAGGCATTGGCTTGATTAACATTTGCTCCATTTTGGATTAAAAAGTTTGTATTTTCATAACTTTCCAATGCATAAAAAATAGCACTTTCATAACCTTCGTCAATCCTAGCGCCAAAACGAATCAAAAGTTCTAAAATTTCTTTTTCTCTTTGATTTAGAAGCGCTGCTTGCAAGGCTATAGTAAGGTCATCTTGGCTTGGATTATTTGAAAAAATAAAATCTTGTATATAAGATACTGAATAATTTTTATTTGACATGATTTTTGCTAAAGGACTAATGTCTTTGTAAATTTTTGTTTCACCAACAGCCCAATTTAAAAATTCGTTTAAGGCATTGCTAGTATAGTAAATATTACTACCTTTGTCAAAATTAAAATTACTTTCAAAATACTTTTCTAAAGGTTCTATAGCATTATTGTATTCTTGCCAAAAAGCTTTGTAAAGTCTAAAATTTCCTATGCTTTGATATGCCCAATATCTAAAATAAGATTTTAAAATATCATATTTTTTTTCTAAATTTTCGGGTGTATCTAAAGTTTTTTGATAAGCGATGGGATCGATAGCTATTTTTAATAATAAAAAATCAAATTGTTGTAATTTTGGCAAATAAGCCACACCATTACAAGAGCTATTGCTTCCGCGAATTTCATTGGAAATTGCATAGAGTTTTTTTGTAAAATCTTGATTTTTTAAAGATTCTTTACAGCTTGAAGCTATATTTAAATAATCTAAATTTGAACTTTCATTTAGCAATGTTTTATTATTTTTAATGTTGTCGCAGTTAATGGCATCGCTAGCCATTAAACTTGCAAAACAACAAAAGGAAGTGAATAATAACTTCAATATTTTTCCTTTGAAAATTTTAATTTTGTTATTTAGTATTAAATTTGAATTAATTTTCAAGTTTGAAATTTTCAATCTCATTAAAATTTAAATATCTATAGATATTTGCCTTATGCTCATTACTTAGTTTTTCGCTGACAATTTGTAAGTATTCTTCCTTGCTTGGAATTTTACCCAAAATCGCACAAACTGCTGCAAGTTCAGCACTTCCTAGATATACTTTAGCACCCATTCCCATACGGTTGTCAAAATTTCTTGTAGAAGTTGAGAAAACTACAGCTCCATCATTTACTCTTGCTTGATTTCCCATACATAGCGAACAACCTGGAACTTCTATCCTTGCGCCAGCAGAGCCAAAGATACTATAATACCCTTCTTT
NZ_AP028346.1_gap25	765201	767783	2582	GTGTTAAAGAAAATCGGTGCTATGGTTGAACCCATTACTATACCACCGCTGTGCTTGTTTGGCACACCTTCTATTTCTTTTCCTAAGTGCCATTGTATGGAATTTATTGCCGATTTTCTACTTGAACCTGTTCCTACAACATCACCTACATAAACCACTTCGCGACCGCTTTTTTTAAGCTCTTTGATTTTTTCTAAGGATCCTGTTTGTCTTACCTTTAGCATGGCATTTGCATGTAAAGGAATATCGCTTCTTGTAAAAGCATCTCCTGCAGGGCTTAGATCATCGGTATTTGTTTCCCCTGCTACTTTAAAAACTATACATTTAATCACTTGTGGTAGTTTTTCTTTTTTATTAAACCAGTCCGCATTTGCCCAGCTTTGTAAAACTTCCTTAGCGTGTGGATTGTTTTTGCTAAGTTCAGCTATGGTATGGAAATTATCATGTACAAAAATAATATTTTTCAACACTTCTGCAGCATCTTTGGCTATGTTTTCATCTTTTAAGGCATCGATTAAAACTTTAACATTATATCCGCCTAGCATAGTTCCAAGCATTCTTAAGGCTCTTTTTTTGTCTATATTTGGAGCACTGATTTTGCCTTTAAGTATGGAATCTAAAAATTCACATTTTACTAAAGCTGCATCATCAACACCAGGATTTACTCTATTTTCTAAAAGATTTGCAAGCTCTTCATTATTTTCATTTTCAAGTAATTTACAAAGTTCTCTAGTTTGATTTGCATTTAAAGGAAGGGGTGGTATACCCAAAGCGGCTCTTTCTTCAACAAGTTTATTGTATTCTTGTATAAAAGACATTTTCTACTCCTTAAATATTTTTTATTATAATTGTAGCTCTTTGAAGGATAAAAAATGTTTAAAGTTTATTATAAAATGCCTTTATGTTACCTATCTTTACATAGTGATGGAAAATTTTTAACTAGAGTCGATTTTTGTGATAATAAAAGATCAGAAAAAAATTGTAGTTTGCTTGACTTAGCAAAATATGAACTTGATTTATATTTTACTCATAAGCTTAGAAAATTTAGCATTCCTGTTTTGATACAAGGTACGGATTTTGAATCAAAGGTTTATAAGGCTTTAATGGAAATTCCTTATGGCAAAATAGCTACTTATAAAGATATAGCAGAAAAAATTAATCATCCAAAAGCTTTTAGAGCTGTTGGAAATGCAAATTCTAAAAATCAAATTCCTATTTTTATACCTTGTCATAGAGTTATTGCAAACAATGGCATAGGAGGATATAATGGAGGGCTTGAAATAAAAAGATTTTTGCTTGAAAATGAAGGAGTGAATTTAAAATAAGCTTGGGGTTTGATTTTCTTTGTTTTCAAATTCTTGTTCAAAAATATCATAATTTTCAAGAATTAAACAATATTTAAAATTTTTTAATTTTCTTAAATCTGAAAGCTGATTATAGGAAAAATCGCAAAATAAAGAATTTTTAGAAGCAATTTTAAAGTCTTTTATGTTTTTAAATTTTTCTTTCCAGAATTCAAAGGTATTTTGGTTGTTGCTTACAATAAACGCTTGAGAGCTTGAACCAAAAGGAGTGATTTCAAATTTATCATCAATAAAATAAATTTTAAAATCATCAATCTTATTAAAGTCAAATATTATTTTTTGATTTTTTTCTTTTAAAAAAGAAATAATTTTTGCAAAACTATTTGCGTAAAAAAAAGGCAAATTAAGATTTTTAAAATATAAATTTTCACAAATCAAAGTTGTAAAAAAGAAGCTAGATCGCGATAATAAGGTAAAATTAGCATCTTTTAGACTATGAGAATAGGCACAAAGTTTATTTAAGTAATTTTCTTCACAGTAGCAAAAAATTTCACCCTTTTTTGCTTTGATTAGTTTTTCAAAATCAGCAAAAATATTTCCTTTTAAAATGTTAAAATAAAAAGCCTTACAAAGACTTAGTTCGTAAGATTTAAAAAGCAAAAATTCACATTCTTTATCTTCGCAAAAAAAGCGTAAAAATCTTACAAGAGTTTGTTCTAGATTTTCTACTCTAAAGTAAAAAATGTCTTTATCTTCAATAGTAATGTCATTTTCTGTAATTATAGCATAAGCGCCTTTTTTTACAGCTTGGGTAATTTCTTTTTTATCGTTATTAAAGAAGGCAAAGCCTGCTTTAAGTTCATTTAAATTTATGGCAAAACCTTCCACGCTTAAAACGCTACCTTCATGAATGAGTGTCGCGTTTAAAAGTTCGCCTAAATTGCTAATTTGCATATTTTAACCCACTAAAGAACCGTTTTGTACAAGTTGTTCAGGGGTGATTAAAACAAGTTTATCTCCGCTTTTTGCAGAAAGTATCATACCATCGCTTTCATGTCCAAAAATTTTAGCTTTTTTAAGATTGCTTATAATGCAAACTTGTTTACCGATTAAATCACTGGCTTTATAGTATTTTGCTATGCCTGAGAGTACTTGACGGATTTCTTTATCGTCAAGTTCGAGTTGAAATTTCAAAAGTTTTTCACTCCCTTCTATATTTTGACAATCAAGCACTTTAGCGACTTTGATTTCAATTTTTGCAAAATCATCGATTTTTAT
NZ_AP028346.1_gap26	776848	781131	4283	ACTTTTTTATCCATACCCATTTCAAGATCTAAATTTTTCATATTTCTAGTATCAAATTTACTTCTTATGATATCACCTACAAAGAAATTTGCACTTAAAAGTCCTGCTTTATTGATATTTCTTTTAAGCTCATGGGCATTTTCATAGATGGTTTTTCTAAATTCAATATTTTCTGCCATAATATTAATATCTATATATTTTTCATTATTTAAAGAAATAAGAATTTCTAAATCCCCAAGTTTTGCAAATTCGAGTTTAATCTGAGCAAAAAATTTGTCCTTTTTTCCGCGTCTAAACATAATTTTAGAATCATTTAAATCATCCCAAGAAAAAGGCAGATAAGTATTGATAGAATCATTAGCTAAAGACATAAGCTGATTGATTTCAATTTGCGCTAAAAGACGATTAGCTTGATTGTATACAGCTTCATTGCCTTCATTTTTAGCCAAATTTGAAATTTGCAAAAGTGTTGATTTTACATCATGATGTAAAGATTCAGCTATATCTTGTTCTGTTTTTGGTTTAATTTGCACTAGATCTTTGATAGAAAGATTGAGTTTGTGTTCGAGATTTTTAAGTTCTGCTTGATTAAGCTTGGCATTTTGAGTATAGGGTTCAAGTTCTTTTAAGCTTTCATTAAGTCTACGAGAAAGATTGCTTAAATTTTTACTTAAATCTTGCACTTGTTCTAGATCTAAATTTTCTACATTAAATGCTAAATTTTTTACAATATTTTGTTTTATAAATTCCTGATTTTTAAAAATATTTTGCATAGTTTGGTTATTGTTAGATTGAATATTTTGAGAATTATTTAAATTTTGCGTGTTGTTTGTGTTAGTATTTGTATTGATTGAAGTTTTGCTTTCTGTTTTTGTTTCATAAAATTTTGGATTTTCTTTGATATTTTCTTCGTGAGTTTTTGTGCTAGAATCTAAATTTGCATTAACTTCTTTTTTAGGTAAATTTTCTTCGTTTTTTACATCTTGCTTAATATTGGTTTTAGCATCATCTGCGAGAGTTTCTTCTTTTGATACTTTTATATATTTTTCTTCATCTTGGTTTTTTGTGTTATGATTAAGTTTTTCTTCTTTGATATTTTCTTTGTTACTTAAAAGATTTTCTAAAATATTTTCTTTATCTTGTATTTTAGAAGCTTGATTGCCTAGTATATTTTTTAAAGTATTTTCAAGTTTTTCAAAGGCGGTAGCAGTTTGCTTAAGGATGTTTGGATCTTTTATCATTAAATTTTCTGGCTTATTAAGAGCTTTGAAAAAATCATTTTTGATGGAATTTAATTCTTTTAAAATTTTATTAGCTATAGGGGTGATTTTTTCTTGAGCATGACTGGGATTTTTACTTATATAATTTTTAAAATTTTCCAATTTAGAACTTAAATTTAAAAGTGCTTTAAAAGAACTTTGATTTAAAATTTGCTTATTTTCATTTTTGCTAGAATTAATAATATTTTTTAATTCTTTTAAAGTGTCTTTTGGGCTTAAATTTGTATTTGCAAGCTGGGCTATCTGAACGCTTAGTTTTTCGCTACTAAGACCTTTGATTGTACTTAAAAGAGAGTGAAAACTTTTGGGTAGTAATTCTTCGTTTAGGGCATCTTTTAATTTAGCTTCTAAAAATACGCCTGAATTTTTAAACAAAGGAGCTAAGTTATTGTTTTTTATTTCACTGGCAGGTTTTAAAATTTGATTTAATCTGTCTAAAACTTGTGTAAAAGTATCACTTTTTGCAAGTTCTGTACTTAAGATTTTTAATTCATTAGCAAAATTAGGAGCTAAATTTAAATTTTTTCCTTGTTTAAGTACAGGGGAATCGGGATTTTTTTGAGCATTGATTTGATCTAAAAGTTTATTAACAAGTTCTTTTAATTTGGTACCTGTTTCATTTTGAACAAATTTTGCTAGTATTTCCTCACTACTAGCGTCCTTGCTTAAACCTAAATTTTGCTTTAAAGCTTGTGCAAGTGCTTCTTTTGGATTGTCTTTTAAATTTGTTTTATCTTTTGAAGCAGAGTTATCTACTTTTAAATCATTTTTTTGCGTATTGGCAATTTGACTTGCTAGTTGAGTATTAATCATCAAATATCACCATATTTCCAGGCTTTTTCTTAAATTTTTTATTTAAAATATTTGGTTTATTGATAGCAAAAAGAATTAAAAATGCTAAAGAAACTATATAAAACCATATAAAACCTTTGATTTCAAAATATTGCATTAAAAAACCTAAAATTAAAGGGCCAAACAAAGAGCCCAAAGAATAACAAAAAAGAACCCCACGACCTAACTCTACACCTTTATTTTTGCTTACTAAAACATCATTTGCTCTAGCAAGTGCTAAAGCATATAAGCAAAATATTCCTATACCAAGAGTAATTCCTAAAAAATATTGCATATATAAATGAAGTTTAAAAAAGATAAATATAAGCATAGTGATAAATCCTATACTTGCACAAGTGATAATGGCAAATTTGCGACCAAGTTTGTCTGAAATAGTTCCTATGATGGTTTGTGCAATAAAACCACCTAAAACCCCACAAAATATAAAATAAGAAACCGCTTTTGTATCAAAACCTTGCAAAAGTATAAATAAAGATGCCATAGAAAAAAAGCCATTTATAAGCATTCCGGCTATAAAGCTTGTGACGATAGCTAAAGGAGCTATATCAAAAATTTTAGGTATAGAAATAGGACTTGATGCGGGTAAAACAGGTTCTTTGATTTTAATTAGATTTAAAGGTAAAGATGAAAGTAAAATTAAAGTTGCACTGAGGATAAATACACTATGTTTGCTTAAATTTAACGCTATGATTAAAACTCCAATACCAAACGCAAGATAAAAAACAATTTCATAAAAACCTAAAATTCTAGATCGAATGGCATTTTTGCTTTTTTCATTAAGCCATGATTCTATGACCATTAAAAGTCCATAGTAGCAAATTCCTATGAAAAATCTTAAAACAGCCCAAAAAATAAGATTTTCGCTTACTGTATGAAGCATAGCTGAAATTCCAAAAATAGCACCAAATAGCCCAAAAGAGCGTATATGACCTATACGAGAAATAATTTTATGAGCACTGATGGTTCCAATAAGAGCGCCTACAAAAAAACAAGAACTTACTACTCCAACAGCTAAAGAACTTTCTCCGTTTTCTTTTAATATAACACCTATAGAGCTTACTATCAAGGCATTACCTGCAAATAAAAATGCCATACCAGCAAAAAGTGCTGTCATTGATTTAATAATTTTTTTTGGACTCATACTTTTTTATATATAAAATAAAAATAAACACACAAACTAGCAAGGATGAAATTCCACAAATATAAGCAAAGATATCTAATTTATCTTGGCGATGTAAAAATAAAAATCCAGCAACCAATACTACATAAGCCATCAATTTAAAGAGAGTAAAAAACATAGCAAAAAAATGGATTTTCTCTTTAACATTTGGCTTTAAATCGTCTTTTAGAACTTTAAAATGAATAATTTTTGATAAATTTTGTTTTTTTTTGATAAAAAGTGATGAAATGAAATTAAAATCTTTTTCATAATTTTTTGATTTTTTTATAATGACTTTTTTATAATTTAAATAAGAAGCAAAAATAATCAATAAAACACTAAAAAAAGCTATTTCATAGCTTAAAAATGTATCTAATTTAAAATGATTTAACGATGAAAATATGATCCAAAAAAATAAATGAATAATGGCAAAAATACAAAATAGAGCTTTTTTATGTTCCATTATTTGTTCTTTTCTTTTTGAATTTTTTCTTTGATCAACTCATCTCTTTCTTTAAATTCTTCATAGCTTTTTACTTGAACTTTATAAGCTTTGTAAACATTAAGTATAGCAGCACTGATCCCCCAAAAAACTCCAAGCCAAAAAAGCCAAGGATAAGGAGTAAATTTTTTAAGTAAATATCCTATTCCCACACCTATAAATACAGCAACAACCATAGAGATACCAAGACTTAAACCATCCGCAGCTTCAAGAGTTTTGCGAATGATTTTTTGTCTTTTGCTGTTGGAATTTTCTAAGTGATTTTTTTCTTCTTTTAAAATATTGCTCATATTCTTTTAAAGCTTTCCCTAACAGCCTCTAGTGTTGTATCTATAATTTTATCATCCATTTTTGAACATATAAAGCCTGTTTCAAATTGAGAAGGTGCTAAATAAATTCCATTTTCAAGCATATTTTTGTGAAATTTTGAAAATAATGCTAGATCGGATTTTAATGCATCTTGGTAGTTTGATACAGGATCTTTGGTGAA
NZ_AP028346.1_gap27	823428	826667	3239	AATTAAAACTGAAAAGGCTTGTATAACACCTTGTTTAGCTGGATGACTTGTCAAAGCTGCTGCAGCTGCATTAGGTGCCGAGCCCATACCCGCTTCGTTTGAAAAAAGTCCTCTTTTAATCCCTATAACCAAAGCAGAACCAGCAAAACCACCAAAAATCGCTTTAAAATCAAAAGCACTTTGTAAAATCATATGAATCACAGAAGGAATTTTATCAAAATTCATTAAAACAGCAATCACGGCAAGTAAAACATAAGCTAAAGCCATAAAAGGAACAATTAAAGAACTAATTTTACCTATTTTAGTATGGTGAGAAAAAAACATCCATGCACCAAAAATAGTTAAAATAATACCAATAATCATTGGCCAAGAACTTGATGCAAAATCTACAGCAGCATTTGGATTAAACATATCATAATAAACTTTAAAAGACGAAGTCATTGTTTGACTTTGAAGTCCATTAAATCCATAAGCATAAGTAATAATAAGAATAAAAGCAAAAAAAGCTCCAAAAAAATGTGAGCCTAAGGCTTTTTTTATATAATAAGCTGGACCACCTTTAAACCCGCCTGTATCATCTTTTGATTTGTAAACTTGAGCTAAGGTACTTTCAGCAAATGCTGAGGCACCACCAAAAAATGCCATAACCCACATCCAAAATAAAGCACCAGCTCCACCTGTAGCCAATGCCAAAGAAATTCCAGCAATATTTCCTATACCAACTCTAGAAGCAGTTGAGATCATTAATGCTTGAAAAGGTGAAATATGTTCTTTAGCGTGTCCTTCGTTTTTTTCTGTAAGAATTTTAAATACAGAACTCAACATACGAAACTGAACAAAGCGAGTTAAAAAACTATAATAAAGCCCACAAACAATAAGTAAAACTACCATAATAATGTCTGTATTTGGGACAATCTTATTAGCTATAATATCAGACGCTTTATTGGCAAAATCTAGCATAATATCTAATTTCATCCAAACTCCTCAAAAAATAATCTAAATTTTACTTTAACATAATTTTTATAAAAAGGACTTTATGATTTTATTTGTTTTAAGCTATTGTGTAAATTTGAAACTTTTAAGAAGCAAAATTTCTAAAATTTTGTCTTAAAGCTTCATAAGAGATTATACCAACGCTTGTGGCTAAATTTAAACTTCTTCCATAAGATTTCATAGGTATAGTTATAGCATTTTCCCAGTTTAATTGCATTAATTCCATAGGCAAACCATAACTCTCACTTCCAAAGAATAAGAAATCATTTTTTTGAAATTCTGCATCAAAATAAGCTTTTTGACTCTTAGTTGTTGCGAAAAAAAAGCGATTTTTATAAATCATATTTTCATTCAAAAATTCTTCAAGATTCTCCCAAATAATAGGCTCTAATTTATCCCAGTAATCAAGTCCTGCCCTTCTAACAGCCTTTTGTGAAATATCAAAAACAGTTGGTTTAACAATATGAAGTTTAAAACCAGCATTAAAGCACATTCTACCTATACTACCTGTATTTTGCGGTATTCTAGGGTGAACTAAAACTATATTAAACATATTTATACTAGAACTCTTTGAATATTAGGATTTAATTTTACTAAAATTTCATAGTTAATAGTATGAAAAAAATCAGCCCAAATATCAGCATCTTTAAACACGCAAATTTCCTCACCAGAATTTTCACAAGAAAAACTATCCATTGACATCTTTCCAAGCATTGTTTTTCCATTTCCAAGCACCAACTCCCCTTTTCCATTGTAACGGAAAAGACCATCAGCATAACCCAAATCATAAGTTGCTACTTCCATATCCTTTGCAGTAGTAAAAATGCCTCCATATCCTATGCTCTGTCCTTTTTGTAAAATCCTTTGACTTAATCTATGAGCATACAAACTTAAAACTCTTTTTAAATTTGAATCCCCATATCCAAATTGAACAAGCCCAACTCTACAATATTCATCTTCAGGAATTTTCCCTCTAAATAATGCTGCAGAATTATACGAATGAAATAATAAATTTGAAAAATATTTTTTTACTATCTTTTTAGCTTTTTGAAAATTTTCTTTTTGAACAAAAAAACTTCCATCCATTTCATCTGCACTAGCAAAATGTGTAAACATTCCAGTAAGTTTTAAATCACTACCTTGAATAAGATTTATAGCATGCTCTAAATTTTCTACACAAATTCCATTGCGATGCATGCCTGTATCTATTTTTAGATGTATTTTTATATCTTGCTTGTAATTTTTTACTTGAGAAATGTCATTTAAAGCATAAATAAATCGAGAATTTTCATTACCATGAGGACGATGTGATAGTATTAATATATTCTCAAAAAATTCTTCGATTTCTCGAGCTTCTTCTTCACTCTTAACAGCAACAAAAGAAACTCCTAAATTTTTGGCTAATGGAGCTAAAAGCTTAGCTCCATGTCCATATGCATTATCTTTAAAAACACAAATTAATCTTTGAAAACTCCCTATTTTTTTAGCAATATGTCTTAAATTATATTCATAAGCTTTTTGATCAATTTTTATTAAAGACATTTATTGCTCTGCTAAAATTTTCATTTTACCTTTACTATCTATCTTAACGTATAAAATTTTATCGCCTCTAAACTGATAGTTTTTAGTGTAATAATCCTCATAAAATGAAATTCTATACATAGTTTCATTTTCTAAATTCGGATAAGGGCTGATATTAATATCTGAAAATTTAATCTTTTTATCTTCTTTACGAGAAAAAATAGATTTTTTCATGGAAGCAAACTGTTCAAATTTCATTTTATCAAAACGTTTAAATTCTTGCTCATCATAAAAACTTAAATAGGCATTAGTGTCACTATTTGTCCAAGCTAGTTTCCATGTAAAAAGATCAGCCAATAAACTAGCGATTTGATCCTTTTTAGCTCTAATTTTTTCTTTTTCTTCTGTCATAACAAAAACTTTTTTATCTTGCACAACTTTTGCAAATTTCTCCAAATTATTATTAAATAAAGCAATACACCCTCTTGTTTTAAATTCATCAAGTCTAGAACCATCTAAAGGATAGCCATGGATCCAAATACCACCACCTGTTTTTCCTTGTACTTTATCAAGTAAATTTGGATAAGTTGTGGCAAAAGCAAAGGGACCATAATAAGGATCACCTGGATTAAACTTACGGCCTAACTCATAAAAACCTACTGGCGTTTTCAAATCTCCTTCTATTTTTTTATCACCCATTAATCCAGTTATTATTTCTTTTTGTT
NZ_AP028346.1_gap28	945099	949255	4156	AAAATGTTATAGACAAACAAAGCTATGAAGATATGAAAGCTAAGTTTAATGCTGCTAATTTAAATTTAAACAAAGCAAAAATCAATATAGCTTATTATAAAAATATCATGGCAAAAAAAGAATTACGCGCACCTTATGATGCTATTATCGCAAACAAATTTATACAAGTGGGCGAAGGAGTAGGAGGAGTAGCTCAACCTTTAATAGAAATTTTTTCCTATCCACAAAGCAAACTGATTTTAAGTTTTGATGAAAAATATAAAGATAAAGTTAGATTAGGCGATGATTTCTTTTATAAAATCGATCAAAATGGTACAGAATTGAAAGGAAAAATCAGCCTTATTTATCCAAGTATAGAAGTAAAAACAAGAAAAATTTATGCTGAAGTGCAAACCACAAATCTAACACCAGGGCTTTTTGGTGAAGGTAGAATCATCACTAAAGATTAAAAATGTTTAAACTAGCTATAAACCGACCTATTACCGTGCTAATGTTTTTCTTAGCTCTTATGATTTTTGGGCTAATCTCTGCTTTTAGCATGAGTGTAAATTTATTTCCTAATGTTTCCATACCTCTTATAAAAATCACAAGCAAGATAAATGGGGATTTAAATTTCGTAGAATCAAAAGTCACTAAAGAAATAGAAAATGCTTTAAGTGAAATCGATGGAGTAAAGACCATAACCTCAGCTGCATATGATAATTTTAGTGTAAGTGTAGTCGAGTTTAAACTGGGTAAAAATCTTGAAGTAGCTGCCAATGATGTGCGTGATAAAATAGGAACTTTAAGCCTACCTTCTAAGCCTGAAATTGAAAAAATCAGTTCAGATTCTGGTTCTGCTATTTCACTTTTTCTATATTCTAAAGATAAATTACAACTCATGCGTGAAATCAATGACAAAATAAAACCTTTTTTGCAAAGAGTTGAAGGAGTAGGTAAAATCGAAGCTAAGGGGTTTTTAGAACCCCAAATTCGCATAGAATTAAAACCAAACGAACTTAGAAAATACAATCTTAACGCCCTTGATGTAGCAAATATCATCAAAAGTCAAAATTTTAAACAAGCCCTAGGCGAACTTAACAACAATCAAGATAACTATATCATCAAAGGCTATTTTGAAGCCACAAATTTAGAAGAACTTAGCAATCTTCGCATAAAAACAGGAGTATTTTTAAGTGATATTGCTAATATTTCAAGCCTTTATGAAGATGAAAAACAAAGTGCTTTATACGAAGGTAAAGAAGGGGTGCTTTTAGAACTCGGAAAAATCACAAATTATAACACCCTTGAAATGATTAAAAATGTCAAAAATGCCTTGCCTATTTTAGAAAAACAAATTCCAAAAGATATAAGCATTAATATGCTTTATGATAAAAGCTTAAATATCCACAAGCACCTTTCTCAAGTGATTTTTGATATGGTTTTGGGGATTTTTCTAACCCTTGTTATCGTGTTTTTATTTTTAAGAAATTTAAGTGCAACTCTCATTGCTTGCATAGCTATACCTACTTCTATCATTTCAACTTTTTTTATTATCGATCTTTTAGGCTATGATTTAAACCGCTTAACTTTTATAGCTTTAACCTTAAGCATAGGAATTTTTATCGATGATGCTATAGTAGTGATTGAAAATATTGCTAAAAAACTAAAAACTTATCCGCCTTTACAAGCTGCTTTTTTGGGTATCAATGAAATAGGTTTTAGCGTTTTAAGCATAAGTATAGTTTTACTTTGTGTTTTTATCCCTATTTCTTATATGAACTCTATATCAGGGCTTTTTTTCAATGCCTTAGGCATAAGCGTTGCAAGTGGGATAGTTATAAGCTTTTTGGTTTCTGTATTTTTAATACCTAGTATTGGGGCAAGATTTTTAAATCCAAAAGAAAACAAGTTTTATGAAAAAACAGAAGCTTTTTTTGAAAAAATAGAGCAAAAGTATGAAAATTTACTCTATAAAATTTTACAAAATAAAGTAAAATTTATCCTAGCCACTCTTGTTTTTATAGGGCTTTCTTTTGCTTTAGCCACTCGCATAGGGCTTGATTTTTTACCTATGGAAGATGATAGTGAAATTCAAGTTTTGCTTGAAAGCAAAAAGGATTTAAGTTTAGAAGCCATGAAAGAAAAAAGTTTAAATTTGCTTGAAAAAATCAAAAATGATAGCAATGTCAAATACGCTTTTTTACTTGTAGGCTATGATGATGCCAAAGATGCTACAAAGGCTAAAATTTATGTTAAACTTAAAAATTTAGACGAAAGAAATTTAAGACAAAGTGCCATAGTAAGTTTATATCGTCAAAAATTTCAAGATGAAAGTTTAAAAATCAAAATTTTAGAACTTCCAAAGATAGAGGGTGCAGGCATTGATGATCCCGTGCAATTTTTAATCTTAGGAGATGATTTAAACACTCTAAAAGAAGCTGCTTCTCAGGCAAAAGAAATTTTAGGCACTAATGCACGCATTGTAGATATAAGTGATAATACTAATGCTACAAAAGATGAAGTAGCCTTACACATCAACAAAGAAAAAGCCAAACTTTTAGATGTCAATCCTCAATATATCGCTGGGGTTTTAGGGTATTCTTTCTCGCAACTTAGCGTAGGAAGCATGGATAGAGGCAATTCAAAAGATGATATTATCCTAAGTTTTGCTCCAGAATTTAAAAAAGACATAGAAGCTTTAAAGCGCATTAGCATTAAAAACAACCAAGGTATAAATTTAGAACTTTCAAGCGTGGTGGATTTTATATACAGTAAAGATTTAAAAACTATCAATCGTTACAATAAAAACCGCTCTGTGAAAATCACAGCTGGAGTGAATGATCTTTCCTTAGGAGCGGTGCAAAAACTTTTACTAGATAATATGGATAAAATTTTAAATAACAATCCAAGTCTTAGCTATGCTTTTTCAGGCTTTATCAATCTTTTAGGTGAAACCGTGCAAGGTTTTGCTATGGCAGTAGCACTTGCTTTTGTTTTAATTTATCTTGTTTTAGCCGCACTTTATGAAAGTTTTATTCTGCCTTTAATCATCATGATAACCATGCCTTTAGCCTTTGGCGGAGCTTCTATAGGGCTTTTTATCACAGGGCATAATTTTTCACTTTTTGTACTTATTGCCATCATCTTACTTTTTGGTATGGTGGGGAAAAATGCTATTTTACTCGTAGATGTAGCTAATAAAAAATGCCATGAAGGTTTAGATCCCGATAAAGCTCTTTTAATCGCTGGAAAATCGCGCTTAAGGGCTATATTGATGACAACTTTTGCTATGATTTTTGCTATGCTCCCACTTGCTCTTTCAAGGGGTGCGGGCTATGAAGCTAATTCTCCTATGGCAATAGCCATTATCTTTGGACTTATAAGTTCGACTTTGCTTACCTTACTCGTAGTACCTGCACTTTTTAAATTTTGTTTTAAACTAGATAGCAAATTAAGAAAAATTTATGAGAGAGAAAAATTAAATTAACCAAAATGATTAATTTAATTTTTTTAAGTATTATTCTTATAAAGTGCTTTTAAGTTATCATAGGCGATTTGTATTTTTTCAAACTGTTCTCTTGCGTAAGCTTTTTCTATTGCACTTTTTCCTTGATGAAAATCAGGATGATAAAGTTTTACCAAAATCAAATATTTTTGTCTGATTTCACTAAGATCATTTTGCGGAGTGCATTCTAAAGTATTAAAATAATTACTAAAAAGCTTAGCTAAAGCATTAAATTTCCATTTCATATTTTCTTTATTGTGAATATTTTGGCGAAATTTTTTATACTCTTCGCGGTCAACTTCAAAATTCACGCAATATTTTAAATGCTCGCTCTCATCTGCAAAAGCTTCAAAAAGTTCAAGGGTATTCTCGTTTTTATATTCTAAAATTAGAATATTTGTCATTTCATTATATTCTATATTATGATCTTGAAAATAATTTCTTATATAAGTAATAAATAATTTTTCATTAGAGCTTAACTTCATCAAAATTCTACCCGCAACAAAATCAATCTTGATAAACAACATAGGCTTAAGCATATTATTTTGCTCAAAAATTAATCTAAAAGTTTTAAAATGAGCATCTTGTAAATTCTCTATACCTTCATTTGTGCTTTTACGATATTTTTGATCTAAAACTTTTAAGAAATAACGGCGCTGTGGAATTTCA
NZ_AP028346.1_gap29	982383	984049	1666	CTTTGCTTAAATTTTATACAATTTTGATTATAATTTTATATTTAATTTCACAAGGCTTGTTATGAATTTACCCAATATCTTGGCGATTTTTAGAATGGTTTTAGCGCCTTTGCTATTTTTTTTATTAATTCATCATTTTGAAAATATTCATCAAAGTTGGATTAACTATTTTGCTGCTTTAACTTTTTCATTAGCAGCTTTAAGTGATTTTTTTGATGGATACATCGCAAGAACTTGGAAACAAACTACAAAACTGGGTGGAATCTTAGATCCATTAGCCGATAAAATGCTTGTTTTAGCAGCTTTTTTAGGGCTTTTACTTACAGGAAAAGCTAATGAATGGGTAATTTATATTATACTAGTAAGGGAATTTTTTATCACGGGTTTTAGAGTTGTAATGATCAGTGAAAATTTAAATGTCAATGCTTCTTTTGCAGGCAAGCTTAAAACCGCTTTTCAAATGACTGCGATAGGATTTTTAATCATGGAGTGGATAGGCGGTGAAATTCTACTTTACATAGCTTTGATTTTAACTCTTTATTCTGGATTTGAATACATCTATACTTATATAAAAGCTCAAAAAAAAGGAGAAAAATGAGATCTTTATTGCTTTTAATTGTTATTTTGATTTTGGGAATTAAATTTTATTCTATTGAATTTTTAGCAACTGTTTTAGTCATCTCATTTTTAATTTTCTTTCACGAATTAGGACATTTTTTGGCTGCAAGATCTTTGGGTGTAAAAGTTGAAGTTTTTAGTATAGGATTTGGAAAAAGTCTTATAGAGCGTGAATTTAAAGGCACAAACTATCGCTTAAGCACTTTACCACTTGGAGGATATGTTAAACTTAAAGGACAAGATGATATGCGTCCTGGTTTTGAAAATCTAGACAAAGATAGCTATAGCATTTTAAGTCCTTTAAAAAAGATTTATATTCTTTTTGCTGGACCATTTTTTAATCTAATTTTAGCTTTTTTTCTTTATATTATCATAGGAAATTTAGGTCTAAACAAACTTGCTCCGCAAATAGGAAACATAGCGCCAAACTCTGCTGCACAAGAAATAGGACTTCAAAAAAATGATACTATCTTAGAAATTAACGGTATAAGAATTCAAACCTTTGATGAAATTTCAAAGCATTTAAGTTTAGATCCTTTGAAAATATTAATCAATAGAGAAGGAAAAAATTTAGAATTTATTTTAACTCCAAAAATAGGACAAGGATACAATGACTTTGGACAAATCGTTGAAAAACCTCAACTTGGAGTCAGTCCAAATGGGACAAGCACTCTTGTAAAACACCAAGGTTTAGAAAGTTTTAAATATGCCGCACAAGAAAGTTTTCAAGCTTCTACACTCATCATCAAGGGTATTGTAAAACTCATAAGTGGTGAAGTTGAAGCAAAAAATTTAGGCGGTATTATCACCATGACTGAAATTACCTCAAAGGCTGCACAAAATAGCTTTACTTTGCTTTTATTTATCACTGCTTTAATTTCTATAAATTTAGGCATTTTAAATCTTTTACCTATTCCTATGCTTGATGGAGGACATATACTTTTTAATCTTTATGAAATGATTTTTAGACGCAAAGTTCCACAGCGTACTTTTGAATATTTAAGCTATACAGGCATGGCAATACTTTTAAGTTTAATGCTCTTTGCAA
NZ_AP028346.1_gap30	1042039	1043359	1320	TTATCACTGCTTCCAAGCACACTTAAAGCATCACAAAAAGGATAGCTTACCCTTCTTAAAAAACGCCAAATTTTAGGTTTTAAATACGCTTCATTGCTATGCTCACTTATAATGAGTGGAGTTTTAAACCCTATTTTCGCAGCAATACAAGCAATATTAGTCGTATCCAAAAAAGAAATAAAAACATCAGCCTTACTTTCTTTCAAAGCCTTTCTTAAAGCAAAAAATTTCTTAAAACGACTTGCGATTTTATGATAAAGCGTATCAAATCTAAATTGTTCTAAACTTGTAACTTTAACTTTATTTTCAAGCTTATAAAAAGATTCTCCTGCATGAAATTTAATAATACTTACTTCATGCTCTTTACAAAGTACATTAACTAAGGTTACTAAAACACGCTCAGCGCCTCCTGAATTTAAAGTTGCGATAATAAAGCTTATTTTCATCATTTCTCCTCTTTAAGCTTACCGTGTTCTAAACGATAAACCTTATCACATTGCGTTATCGTAGAAAGGCGATGTGCGATAATAATCATGGTTTTATCTTTAGAAATTTTATAAATTTCATCCATGATTTTTGCTTCACTTTGAGTATCAAGAGCAGAAGTTGCTTCATCAAGCACTAAAATTTCAGGCTCTAAATACAAAGCTCTTGCTATAGCTATGCGTTGTTTTTGTCCCCCGCTTAAATTACTCCCCCCATCACCCACTTTTGTTTGCACTCCTTGAGATAAATTTTTTATAAAATGCTCTAAATTTGCTTGTTTGATAACCCTATTAAGTTTTTCTTCATCAACCGCATCTCCAAAAGTGATATTTTTAGCTATACTGTCATTAAAAAGATAGATATTTTGCGGGATATAGCCTATTTTTTGGCGATAATTTTTTGTATTATTTGCATTTAATTCTTGCTCATCAATTAAAATTTGCCCTTCTTTTGGTTTTAAAAGTCCTATGATAAGATCTACTAAGGTACTTTTTCCGCAACCACTCTCCCCTATAAAAGCGATTTTTTCGCCTTTTTTAATGTTTAAGTTAAGATTTTTAAATAAATATTTTTTTCCCTCATAACCAAAGCCAAGGTTGTAAATTTTAAGCTCTTGATTAAAGCTTAATTTTTCCTCGCCCAAATTTTCTTCTTCTTGTCTTAAATTTTGATAAATAATATCCAAAGAAGAATGATAATAAAGCAAATCATGATAACTTGTAATAATACGATTTGCACTTGGCATTAAGCGATAAAGTGCTAAAACAAAAATAGAAATCGTGGATAAAATACCTGAAATATCACTTTCATTTTTCAACACCAAAAATACCACGA
NZ_AP028346.1_gap31	1044391	1046781	2390	TACATTAAAAACATTACTTTCATTCTCTTGTAAATAATCCAAAGCCGCTAAATGCGCACTTGAAATATCATCTACATGGATAAAATCTCTTATGCAAGCACCATCTTTTGTATCATAATCATCGCCAAATATGAAAAGTTTATCACGTTTTCCTGCGGCACATTCAGCTGCAACTTTTATGAGTAATGTTGCTTTTGGATAGCGTTGTCCTAAAGTATAATCCATACAAGCACCTGCAACATTAAAATATCTTAAAATACAATGCTTAAATTCAGGATTTGCCATACTTGCATCACGCAAAACCTCTTCACTCATAAGCTTACTACGCCCATAAGGATTAATAGGTACCAAAGGGCTTGTTTCGCTCACAACAGGAGTTTGTGGTTCGCCATAAGTGGCTGCCGTTGAAGAAAATATAAATTTATTTACTCCAGTTTGCAAACAAGTTTCGATGAGATTTGTCGTATTAACAGTGTTGTTCATATAATATTTTAAAGGATTTTGCATACTTTCAAAAACTTCAATGCTTGCTGCAAAATGCACAATAGCGTCAAATTTTTCTCTCTCAAACAATGCTTTTACGCCTTGAAAATCACTTAAATCTTGTTCGAAAAATTTAAAAGCTCTTATTTTTTGCAAATCTTCTATTGCGATTTTAGAACCCTTAGAAAGATTATCTAAAACACAAATTTCATGATCTGTTTTTAAAAATTGTCTTAAAGTATGAGAACCTATATAACCTGCACCACCGCTAATAAGAATTTTCATCATCATTCCTTTTTTTAAAAAATGTCAAAAATAAATTTTAATATATTTTCTTAAATACTTAAGATTGAACTTTTGAAATTTCACTCTCACAAGCTTTTGCAAAAACTTCTGTATAGGAACGATCTGATTTTTTTTCACGCAAAAAATCTCTCATATAAGAAAGAAAATCAACATAATCTTCTTCACTAACATTAGCTTTAATAAGTTCATATTTTAAAAAAAGCATATAGGTGTTTAAAACATCACTTTCACAATATTCGTGAATTTTTTCAAGTTCATTTTCATAAAAAAGTTTCATCACCTCATCGCCATGCACATCATATTTTCCTGGCAAACCCACCATAGAGCAAAGTGTATCAAGCTTTATTCCACGCCCATTAGATCCTAAGGATTCTAATAAATCACAATGTTTTAATTCTGAAAATCTTGTTTTATAATTATTCCATTTATCGCTTTGAGTATCTAAATAAGTTGCTGCTTTTAAATTGTATTTTAAAGCCCTTAAAACAAGAACAGGCATATCGAAATTTTTACCATTAAAGCTGACTAATTTTGGCTCATAATTTTCTATAAAATTGAAAAAATTCTCAATCATTTCTTTTTCATTTTGCCCATCAATTTTATTTACTTTGATAAATTTTCCAAAATTATCACTTAAAACCGCACAAATACTGATAATTTTATGATAAGGCAAAGGCAAAAACTCACTCCCACTTTGTTCTTTTTGCCACTGAAGTGCTTTTAAACTTACCTCTAAATCACTTCCTTCAAAACCCAAAGTTTTGCGGATAAGCTCAACATCTGGCACACTCTCACAATCAAAAACACAAATATAACCTTCATTTTTTGCCATTTTTAACCTTTTTTTAAATAATTTCGCTAAAATCATAGCAAAAAATTTTAAAATATTAGGCTTTTAATGAAAATAGCAATTGTTCGTTTGTCAGCACTTGGTGATATTATACAAAGTGCCGTGGTTTTGCAATTTATCAAAAATTTTAAAAAAGATATAGAAATTCATTGGTTTGTAGATGAAAAATTTGAAGGCATACTTAAAAACCATCCTTTAATAGACAAACTCTATGCCCTGCCCTTAAAAGACAAAAAAATTTTAAAAAGCCTAAAAATTCTTCTTAAAGCAAGAAAAAACAACTATAATGCAGTAATAGATCTACAAGGGCTCATAAAATCTGCTATTGTAAGTCGAATTTTAAGTAGAAATAATTTTGGTTTTGATAAAAATAGTCTTAAAGAAAGTTTTGCTCATAATTTCTACAACCAAAAACTTGAGTTAGATTACAATGAAAATGTATTTGTAAGATACTTAAGTCTTACCTCCTTTATGTTAAATACTGATTTTAATGTCAAAAATTTAGCCTTTAAACAAGATATTTTTAGCGTAGATGAAAATTTAAAACAACTCTTAAATAATAAACTCAAACTCGACAAAAACGAAAAAAACATACTCATACATGTGGGCTCAAGTGTAGAAAATAAAATCTATCCTAAAACCAAACTTGCTATACTTTGCAAACTTTTAATCAATGAATTTCAACAAACAAAAATTTGGCTCGCTTGGGGAAATGTAAAAGAATACGAATTTGCTAAAGAGGTTTTAAATC
NZ_AP028346.1_gap32	1055389	1059627	4238	ATTTCTGCGTAAATTTATATTCATCATTATCATTTGGTTCTTTAAAATTAAGCTCTTTAGCAAGAGTTTTTATAGTGGCAAATGCATTATCTTTTGAAATTGATTTCGTGTCTACATATAATATATTTTTGTTTTTAATCAAATTTATATTTGAAAAATAGCTAAAACTTAGCTCTTCGTTTACGATAAAATAGATAGATGATAAATCAGGTTTTTTAAGATTAGCATTATGTCCATTTTTATCTGTATATCTTATTCTATCTAAATTTTCAAATATATCTTCATTTATATAAAAATTTTTTAATTCATTTTTACCAAGTTCTTCAATCTTATAAGAACCATGATTAACCATTGTTTTTAATCTAGATATAGGATCTCTTGTCAAAATTACAACAGGCTTATTTTTATTTAAAATTTTACTTATATGCTTATATTTTGGCTGCATACTTTGATACCAAGCTATTTCTACATAATAATTTTTTTTATTAAAATTCTTATATTCTTTATAATAACTATAATTATTCTGATATAAGACAAAGTCATCTAATTCGCAATATTTTAAAAAACTTTTAAAAGCCCAATGCCCACTTACACCATAGCTAAATAATATAAATTTATAATCATCTTTTAAAGGTTTACAAAATTTTAATAAATAAGGAGTAAAAATATTGATATTAAATTTTTTCTCATATTTAGTGTATATTTTATTTTTTTTATATTTTATAAATTCAGCTATTCCTTGCTGTTTGATTATTTGTATGGATTTCGATTTTTTCATTGATTTTCCTTTATATATTTTTTTAAATATAGCAATTTTTCTTTAGTTACCATATCAGGTGATATTATATCTTTATATTCTTTGATACTAAAATCATCTATGGGAATTAATTCTATCTTATTTTTATCTAAGCTTCTCTTAAAATATGGAAAATGATAGTTTAAAAATTCTGTTTGATAAATTTTTAACTTTTTTATATCCAAATACTCTATACAATACCTATCTTCATGCATACTTTCTGCCCATTTAAGATGATTATTTTTTATCAACCATTGATCATTACTCTTGTTATTCAAGATATTATTGATACTCTTATACTTTACTATAAATACCTCAGCTCTATCATCATCTTTATAATAAAAATCTATTCGAGAATAACAAAGTATATCATAGTCTTTTTTAGGTATATAAAAACTTTTGTAAAGTCTTTTAGCATCATAAATATGATCAACATCTATTTTTATAAGCCATTCTCCTTGTGGAATAAAGCTTGCAACATAATTATAATAACTATAAAGTTTATTTTCTTCACTTTGCGGATTTTCAATTTGTACTTCATAAGGGTATTTTACTGGTATAAAAGAAGGATACTGTTTGCAAAATTCTAAGATTATCTCTTCGCTTCCATCATTGCAATCATTATATCCTATAATCCCTCTTTGTATAGCCGGAAGTATACTTTTTAACGAAGCTTTCAAAGTTAATGCTTCATTTTTTACTCTTATATAAGCCCATGGATTTAAAGGTGATGTTGGATTTTTAGATTTTTCGTCAAAATCAAAAAATCCTTTGTGTTTAGATTTTATAATGTGATTTATTTTATAAAAATGTTCATTATCATATTTTTCTATATTATCTACTATATCTTTTGGAATATACGAATTTAAATTATCAAGTTTTATTTGCATAAATTGATTGAGTAATTTTTCTCTAATTATTGCCCTTATATTTTTATTTGGTATAAACAAGCATGCAATCTTCGCTAAATATTTTTTTAAATAATACGGATAATATATCATTGTCATAACCTTTTTTATTTATATTATAGTATAATTTTATCTTATAAATTATTATGATAGGTTTTTATTTATGAAATTTTTTATAATCAATTTAAAAATAGCCAAAGATAGAAAAGAATATATGCAGAATTTATGTTTAAAGCATAACTTAGATTATGAAATCATACAAGCTGTTGATGGAAAAGAGTTGGATAGTGATTTTGTAAAAAATATTAGTGATTTTTCTTTATCGGAAAAATATTTAGGTAGAACTTTAAGTCTTGGTGAGATAGGGTGTGCTTTATCCCATAAAAAATGTTTTGAAAGAATGTTTGAGTTAAATTTAAATGAGTGTTTGATATTGGAAGATGATGCTTATTTTGATGAAAAATTAAATTATATTTTAAGTTTAAAAGATAAATTTCCAAAAGATTTAGAATTATTCCTACTTGGTCATTATAGGCAAGTTTATTTAGACGATGGATTTCGTATAGAAAGCCCATTTTCTTTAAGATATGATTATAAAATAGATGATTTTTATCATGCAAAAAGATTAGTTGGTGGTGGCAATGGAACCCATGGATATTATATCAATAAAAATGGTGCCTTAAAAATGTATAAATACTTAGAAAAAATAATATTTCCATATGATCATTGTACTAGTAATGATAACATAATAAATGTATATGCTTTATATCCTGTTGTTATAACTACTGATGAGATATTTGGAGCCCAAACTTATGTGCAAGATGATAATAAAAGAAGATATAGAAAAAGAAGTAAAATTTCAAAATATATAAAAAAGATAAAAAATAAAATCATATTTTTTATACCTAGTTTAAAAAAATTGAGAAAATATGAATAATTTTGTATTATATAGCTTGTATTTTATTTATTCTGCATTTTTCTTAAATAAACATAGAAGAATTATAAAAGGTAAGATCTTACATCAAAAAGAACATGAGAATATAGCTAATTATTTGGAAAATGCTTATATAAAAAAATACTTTGAAAATAAATTAGATGACATACAGATAAAAAAAACACGGAATATAAATGGTAAAAAAATAATATGGCAATTTTGGTATCAAGGTATTGATAATGCACCTTGCATTATAAAAAAGTGTTTTAAATCTGTTCAAAAATATAAAGGTAATTATGAAGTTGTTTTACTTGATAAAGATAATATAAAAGATTATTTAATATTTCCTGATTTTATTTATCAAAAAATTGATGATAAAAAATTTGGAGAAAAAACGATAACTATTTTTTCTGATTTATTAAGAGTTTCTTTGCTCAATAATTATGGTGGAATTTGGCTAGACGCTGGTATGTTTTTAAGCGGAGAAATTCAAAAAGAAATTTTAGATCAAGATTTTTTTATTTTTCATAGATCTACAAAAAAACCGCAAGATTACAAAAATTGGATAAATTTTAATTATAATTTTTTTTCTTGGGATGAGAAATTTAAAGTTAATATTGTAAATGGTTTTATATTATCAAATAAAAATAATGAGATTATGAAGATAATGCAAGATATATTGATTAATTATTGGAAATATGAGAATAAATTAGTATATTATTTTATGTTTCAAATATTGTTTGACGCCTTAAAGAAAAAGTATTTAAATTTAAATTTATACATAACAAATGATACAGATATTCATCTCTTGCAATATCATGCAAAAGATAAATATAGTGATAAATTATGGAATGATATAAAAAATAAAACAAGCATACATTCATTAAAAATTTTTAAAAAAATTAGAAAACATTCCATGATAGATAAAATATTATTTAAGGATACAATATGATCGATAATGAAATTACGATAGTAACAGCTTTTTATGATATAGGTAGAAAAGATATTAAAAATTTTGAAAGAGATAATGATAAATATTTATCTTATTTTGAATTTTTAGCAGGTATCAAAAATAAAATGATTATATACACCCAAGAAAATATAAAGGAAAAAATTTTAGATACAAGAAAAAAACATAATTTAGAAGACAAAACCATAATAATAACCAAAGAATTACAAGAATTTGATGAGCAAGGTTATAAAAAAATAATAGATACTTTTAGAAACTATGATCAAAGTATAAATAGAAAAAATCCAAACAATATAGAATGTATTTCTCCTATGTATTGCTACCTTATGTATTTAAAACCTTTTTTTGTATGTGATGCTATACAAAGAGGTTTGACTGATAAGAATATAATGTGGCTTGATTTTGGTTTTAATCATGGAGGAAATTTTTTCGTAGATAAAGATCAATTTAACTTTTATCTACAAAAACAAAATAGTATAGATGAAAATAAAATTAATCTCTTTTCAATAAAAAATGATGATAAACAAACTTTAGCAAACATTTACTTTTCCATGGAAACATTTTTAATGGGTGGTATTATATTCGCAAAATCAAAAAATTGGCTCTTATTTAAACATCATATGCAAAAAT
NZ_AP028346.1_gap33	1064226	1068838	4612	ACCTACAGTTTGTGGACTTTTTGCATCACCATAAACCGAAGCTGAACTTGCATAAATAAGCTTTGCATTAAGATCTATGCTAAGTTCTATAAAATCTTTAAAAGTATTTAAATTGGTTTGCAAAACCTTAGTTTGATCAAAAACCGTAGTGTCTGAAATTGCTGCTTGATGAAAAATAATCTCTGGCTTAAAATCTTCAATCTTTTTTAAAACTTTTTCATCGTTAATATCGCCTGCAAAAAGTTCTCCATCAAATTCAAGTAAATTTTTAAAATGTCCAAAACTTTGTAAATTTCCATTTTCAAAAGTCGCACTGCTACGCATTTTATCAATGATTAAAATTTCATGTTTTTCTTGCAAATTTAAAGCCAGTTGCGAACCTATAAATCCTGCACCACCTGTGATTGCTACTCTCATTTAAATGTCCTTTTCTTTAAAAAAACTCAAAATTTCTTTTAAATTTTTAAATTGTCTAAAAAAATCGCCTTCTTTTTTTTCTTCATTTACCAAAATCAAAGTGCCAATATTAGCATTTAACCCTGCTTGCATATCGCTTAGATTATCTCCGATAAAAATAGAATTTTTCATATCTAAATTAAACTCATCTTTTGCTTTTAAAAGCATTCCTGCTTTAGGTTTGCGACATTCACAACCTTCTAAATGCGGACAATGATAAATTTTATCAATTTTTATACCTTGTTTAGTAAATTCTTTAAGCATATAATCACAAAGCTTAAAAAAATCACTTTCCTTATAATATCCTCTTGCAATGCCTGATTGATTTGTCGCTATAAAAAGCAAATATTTTTTAGCTAAAAAATATCTACAAAGTTCAAAAATTCCATCACAAAATTCAAAATCTTCTATTTTATAGACATATTTTTTATCTATATTAATCACACCGTCTCTATCTAAAAATAATGCTTTTGTTTTCATAAAAAACATTATAATATAGCTTTTTTGAAAAGAAAATAAACATTATCTTTATTTTCTTAAGATTTTTATAAAAATAAAGATATATAATATCTGGCAATCTAATTTTTACTGAGGAGAAATCAAATGAAAAAATTATTAGTAGTTTCTGCTTTGGCATGTCTTGGTGTTTCTGCTTTTGCTGCAGATGGTGCTACACTTTTTAAAAAATGTGCAGTATGCCATGGTGCAAATGCTGACAAAGTTTACTTAAACAAAGTTCCAGCTTTAAAAACTCTTTCTTCTGCTGAAAGACTTCAATACATGAAAGAATATTCAGAAGGCAAAAGAAATGCTTATGGTCAAGGTGCGATCATGAAACTTAACCTTAAAGGTTTAACTGAAGAAGATTTTAAAGCTATTGAAGCTCATATTGAAACTTTAAAATAATTTCTAAAAAAGGCTTTCCTTTTTAAGAAAGCCTTTTTTTATCCAAAGCTTCTTTTTTACGCCTTTCTAATTCTATAGCATCACGCAAAGAATCCTCATCATCATTTAAAGTAGTAAATTTATAATCATCATCAAATTGCTTATTTTTAATCCCCCAAAGCAAAGTTGCCAAAATGATAAAAAACGCTAAGATAGAAACTCCTATCATCATCATGATTATACTATTCATTCTTTAATCCTTAAAGCATTTAAAACGACTATTATACTACTAAAAGACATAGAAATAGCAGCAAATAAAGGATTTATCATACCCAAAAAAGCCAAAGGTATGGTGCAAGCATTATAAAACAAAGAAAAAGCAAGATTTTGCTTGATAATTTTAAAGGTGTTTTTAGATAATTTGATGGCTTTTTTTAAAGAAAGCAAGTCATTTTTCAAAAGCAAAACATCACTACTTTCTATAGCTAGATCACTTCCTTCTCTTAAAGTCATTGAAACACTTGCGTATTTTAAAGCTAGTGCATCATTTACCCCATCACCTACAAATAAAACTTTGTAATTTTTACTTAAATTTTCTATAGTTTTCATCTTATCTTCAGGCAAACAAGAAGCTTGATAATTTTGAATTTCTAACTTTTTAGCGATTTTTTCCACTGCTTTTTGATGATCGCCACTGAGTATCATTAATTCTTTCTTTTCTTTTTTAAGATAAGCGATAAGCTCTTTTGCACCTTCTCTTAAAACACTATCAAACTCAAAAAAAGCTAAAATTTTACCTTCCTTGGCAAAAATAAAATGCGTATTATCAAATTCTTTAGCCACAATACCCTTTTCTTGCAAAAATTTAGAACTTCCGCCTAAAAGCAACCCTTCATTTAACTCAGCACTTAAACCTTTAGCTTGAATACTCGAATGCTTTTTAAAATCCAAATTTAAATCCTTAGCTCCTTTTTGCTTTAAATATAACACAATATTTTGAGAGATAGGATGTTTAGAAAGTTTTACAAAATTATAAAGCTCGTTTAAATCAAGCGCTTTATCTAAAAAAACCTCTTTAAGTTCAAGCTCTATTTTGGTTAAAATACCCGTTTTATCAAATACCACACAATCACATTTGCTTAAATCTTCTATCACGCTAGAACTTTTAAATAAAATATGCTTTTTTAAAGCCCTACCTAAAGCCACAAGATTGCTCACTGGCGTTGCTAAAGCCAAAGCACAAGGACAAGCGATAATCAAAACTGCAATCGCATTGACTAAAGAAATTTCGAAACTCTCTTCTTTATAAAAAAACCAAAAAGCAAAACAAATAAAAGCGATCAATAAAACCGTTCTAGAAAAATAAGCCAAAAGACTATTGACCAAACTTTCAAGTTTTGCTTTTTTAGAACTTGCAAGTTCTAAAAGCTGGATAATTTGACTGAGTTTTGAATCCTTGTAAAGCTTTGTTGCTTCATACTCCACACTTCCATCAAGCACTATACAAGCTGAAAAAATTTCATCTTCTTTTTGTATGAGTTTTGGGGTATTTTCTCCATTTAAAGAAGAAGTATCCACACTCATTTCACCACTTTTACAAATCCCATCGATTAAAATTTTATCTCCAGTTTTAAGCAAAATTCTATCCCCTAAACAAACCTTTTGAACTTCTTTAGGAGCAAATTCTTTACCATTGAAAACTAAAACTTCATTTTGTAAAAAATCATTAAGCCCATCTATGGTATCTAAAGCACGCTTTTTGCTAAACATCTCAAGATATTTACCTATAAAAACAAAGCAAATTATCATCGCCACAGAGTCAAAATACACTTCCCCTACCCTAAAAAACATGGCCCATAAAGAATAAACATAAGCCAAACTCGCTCCGCTAATCACCAATACATCCATATTTAAACTATGCATTTTTAAAGTTTTAAAAGCACTTTTATAAAAATGAGATCCCGTATAAAAAAGCACAGGAGAACAAAGGATAAATTCAGCAAAATTTAAAATATCCTTAGTGTCCTTATCCATACCGCTAAAAAATCCTGCGTATTTTGCCACTGCTATCCACATGATATTCATCACACAAGCTATAGCCACAACAAGCTTAGAATAAAATTCCCTTTTTAGTAAATCCGCTTTTTTTGAAGCCTTGCTCGCATCATAAGCACTCGCTTTATAGCCTATGCTTTCAATAAGTCTTAAAATTTGCACCAAAGAAATGCTTTGCTCATCAAAAACAATGCGTGCTTTATGGTTTAAATGATTAATATCAAGTTCTAAAATTCCTTCTTGTTTGGTTAAAATTTTCTCATTAAGCCACACACAAGCTGCACATTCTATACCGTGTATCATGAGATAAATTTCACTAAATCCTTCTTTGGTTTTAGTGATAAACTCATCATAATTTTTCATTTCATTTTGAAAATTTACAGGGCTTAAAGTTTGATTTCCAAGCTTTTCATAAAACTCATCTAATCCACTTTCATGTAAAATTTCCCAAACGCTCTTACAACCTTTACAACAAAAAAATTTACCCTTATACTCTATCATTTGGGCTTGTTTATAATCAAGTTTGCAATGTTCACATTTCATAATCATTCTTTAAAAAAATATTTTTTATAATTATAAACAAATTTGACAAAAAGTGCATTTTTTTATTAAAATCACATTTTACAAAAATTATTCTGCTAAATCTTACGAGGACTTATGGAAAAAGAAAAAAAACAACATCAAAGAACCCACGTTCCAGTGGAAGGTTATAAAATCGAAGAATTAAAATTATTAGATTTAGAAAATCTAGTTAAAATCGCTAATGAATGTGAAATCGAAAACCCAAGAGAATTTCGCCGCCAAGAACTTATTTTTGAAATTTTAAAAGCACAAACAAAAAAAGGCGGTTTTATACTTTTTACAGGGATTTTAGAAATTTCTTCCGAAGGTTATGGCTTTTTAAGAGGTATGGACTCTAATCTTAGCGATAGTGTTAATGACGCTTATGTTTCAAATTCACAAATTAAAAAATTTGCTCTGCGTGTAGGCGATATCGTTACAGGACAAGTTAGAGAACCAAAAGATCAAGAAAAATACTACGCTCTTTTAAAAATCGAAGCGATCAATTATCTGCCTTTGCAAGAAGCCAAAGAAAGACCTTTGTTTGATAACTTAACCCCTATTTTTCCAACAGAAAAAATCAAACTCGAATACGATGCAATGAAGCTTACAGGTCGTGTTTTGGATCTTTTTACTCCTATAGGAAAAGGACAAC
NZ_AP028346.1_gap34	1133506	1135734	2228	ATGAAGATAATGAGCATCCACAATTTTATCTTTATACCTGTAATTGTCCTGGTAAAATTCACGATGTTCCTTATAGCATTCATCAAAAAATAGAATTACAAGGTCATAAATTTACTTGTAAAACTTGTAAACAAGCTATAAAATTTTACAAAAAATATTCTTAAGGAGGATAAAATGAAACGCAATGTAAAAACTTATTCTTTTAGAATGCCTTTAGAGCTTAAGGAGCGTTTGGATAATTTAAGTAAAAATCTTTCTAAACCAAAATCAACCATAGTAAAAGAAGCCATAGAGGCTTATCTTAATGAAGTTGAAGATTTTTCTTTTGCTGTTAATGCCCTAGAAGAACTTAAAGATGGGGATTATCAAAAGGCAAGTAAAAAAATAGATAAAATTGTCAAAAATCTTAAACAAACAAAATAAAAAACTTTATCACAATTTTTTTTGTGATAAAGACTTATTAATTTTTTATATTAAAATACATTTATGAATATTAAAAATGGAGTTAAAAAAGTGGCTCCGGATGTAGGATTCGAACCTACGACCAATCGGTTAACAGCCGACTACTCTACCGCTGAGCTAATCCGGAATATTTAAAAGTAAAATGTGATTATAGTGAAATTAAAAAACTTTGTCAAGGGTTTTTTCACAAAAATGCATTTTTTATGTAAAAAAATTAATTTACTCCTTAACAATAACACTTTTTAAATTTCTAAAATAAAACAAATTTACCCCATCTTCATATAAATAATCAAGCTTCATTCCATGTGTTTCTAAAATAGTATTTACAATATAAAGCCCTAATCCAAAACTTGATTTTTGTTTTGATCCTTGAGTAAAAGCTTGAGTATAGTATTCTAAAGTATTGTTAAGCTCAGGACCACGATTTTTAAAACAAATATAATCATCTATAATATCAATTTGCACAAACCCATCTTCAGAATGTTTAATACCATTATCTATCATATTTTTAATCGCCGTAGTAAAAAGTTTAAAATCCACATTTACAAAAAAACTTTCTTCCATAAAAATACGTATATTGCTATCATCTCGCATTGCAATTTCTTTGGCTTCATCTAAAACATCTAAAATATTGTATTTTTTTCTATTTATAAAAGCAGCCCCTGAAGTAATTTGCTCAATAGCAGCAAATTCATTAATTAAAATTTCAAGTCTAGTAAAAACCCCATTTAAGCGCTCTTTATATTTATTATCTTCTATCATTTCTAAAGTTAAGAGCCCTTTAGTAATAGGAGTTTTGAGTTCATGCATAATATTTCTTAAAAAAAACTGACGAGATTGGTTTAACTTTCGAATTTGAACAATAGCTTGATAAAAAGCTTCACTTACTTGTGAAATTTCATCCACCCCAGTGCTTACATCTTCTATATCACCAAGCTTTCCTTGGGCAAATTTATCAATTTGTTTTTTAAGTCTTTTAAGTGGTTTTAATTTTTTAAATATATAAATATAAAGCAATACAAGAATACAAATCACAGCTACAGCTATAGCTTTGATAATAAAATACCTATAGGTTTGATAATCTTGATCCTTATAAAGATAAACCTTTCCATCATAAATAATATTTAAATACACCTGTCTATTATAAGAAATAATCTCGATTAAGCCATTGTTAACCTCAACCCTAGCTAAAACATCACCTCTAAAAAGAATTTTACGGATCTGCTTTGCTTCTGTTATCTCATCCATTTTATTATAATTTTTTGTCTGCTCTTCAAATTCTTTTTCACTGATAACTCCTGCAAAATTTAAGAGCCTTGCATTAGCTATCAAAGAATATTTTGTGTTTAATTCTCTAGTATAATTTTGCTGATCGTATTCTATAAGCCACAAAAAGCCAAGTATAACACTAACCCCAGCAAAAATAAAAATAAAAGTTATAGTATAAAAAATCGAAGATTTATTCATTGAGTAAGCTTATAACCTATTCCACGTATAGAGTGAATATATTTTGGAGTTTTTGGATCATCTCCCATCTTTTGACGAATTCTACTGATAATAACATCTATACTTTTATTACTAGAATCCTCACTAATAGAAGAACAATTATAAACAAGCTCTTCACGACTTACCACTCCACCCTCTTTTTTAATCAAATAGCTTAAAATATCAAATTCAGCATTAGTTAAAGTAAGCTCTTGTCCTTTCATGGTAATAATATGCTTATATTGATCATAAACAAGATCTTTTACGCTTTTTGCTATGGC
NZ_AP028346.1_gap35	1171580	1172120	540	TAGCGCAATTTAATATTAAAATCACAAATTTTGAAAATCCTAAAAGTGCTTTAAATGTGGGTATTCAAGGCTATGATTGTCTGATTTTAGATTTAACTTTACCTGGAATTGATGGTCTTGAAGTTTGTAGAGAAATCCGACAAAAAAGCAATATTCCTATTATCATCTCATCGGCTAGAGGTGACTTAAGCGATAAAGTTGTGGGGCTTCAAATCGGTGCTGATGATTATCTACCAAAGCCTTACGATCCAAAAGAAATGTATGCAAGGATTATGAGTCTTATTCGTCGCACAAAAAGAGTTGAACACACTAATAATGAAAATATTAACTCTGCTTTCAAAATTGATGAAAGAAAACATGAGATCACCTATGAAGATAAGGTTTTAACACTTACTCCTGCTGAATTTGAAATTTTAGAATACCTTATCCAACAACACGGATATAGTGTTTCAAGAGAACAGCTTGTAAGTCGCTGTAAAAATCTAAAAGATAAAGATTCTAAAAGCCTTGATGTTATCATCGGTCGCTTAAGGGTAAAAA
NZ_AP028346.1_gap36	1179177	1181473	2296	CTTTCATTTCCACTTGCACCCTTGCCTAATTCTAAATATTTTTCAAAAACATCTATCTCAAAACCCCTTAAACTAAGTTCATAAGCTAAAACAGCGCTTGATATACCCGCACCAATAATAGCTACTTTTTTATTTTTTAAAGATGAAAATGTTCTTGAAAAATACGCTTCTTTGTCTTTAAACTCAAGCTCATTTTCCAAATAAGCTTTAATCATTTCTCTTTTTCTAAAACCTTTGGTTTTTTCTACTCTAAAACCATATTTTTTTAAATTTTTTTGCAAAAAACTTGCCGAAGAAAAGGTGCAAATTTGTGTATTTTTTTTAGAAAGTCTTGCCACTTCAAAGATTAAATTTTCATCAAACATTTGCAAGTTTTTATTTGGAGAAAATCCATCTAAATACCAAACATCAGCTTTAAAATCCAATTCTTTTAAAACAGCTATATCTTCAAAAACAAGATCTAAAAAACAATCTTCAAAATAAAAACGATAAATTCCTTCTTTAGCCTTAGGATAAAATTTTAAAAATTGTTCTAAAAGCTCTTTAAACTCTTCATAAAATTCTAGTTTTTGATAAATTTCTCTTAATTGTTCTTTTTCGATATAAAAAGCTTCTACGCTAATATAAAAAAGTTTTTTAGGACGCTTAGAAGGGGTAGTTTCTAAAAGGCGTTTCAAAGTAAGAAAAAAATTTAAACCTATACCAAAACCACTCTCTGCGATAATAAAATTTTCTTGATTTTTCCATTCAAAAGAATGAGTGTAAACAAATTTGCTTTCATTTAAGCCATCTTTGGAATTAAAATAAAAATCATCAAAATCCAAAGAAAAAGGAGTATTATCCTTAAAAATTAGCTTAGCTTTTTTCATCGGTTGTTATAAAAATAACTCTCAACTCCATCGGCAATACCCTTAACCAATAAATCTTGAAAAGCTTTATTGGCGATTCTTTTGCCTTCATTTGGATGTGTAATATAGCCAATTTCAATCAAAATTGCAGGCATTTGTGCACCTACTAAAACCCAAAAAGGTGCTTCTCTTACACCGCCATCTACAATTTTATACTTTTTGCGTGTTTGAGTGAGTATATTTTTTTGTACATCAATGGCTAGTTTATTTGAAGCAACGATTTTTTCACGATTTAAGAAATTTAAAATACTTTGTTTTGAGAAATAATTAATCTCTTCAAAATCCCCTTGATTTTCTTTTTCTGCTGCCTTTTTACTTCTTTCACTTCTTGCAGGACTTAAAAAGAAAGTTTCCACGCCTTCGCTACTTTTGGCTTTTGTGGCATTTGGTGCTGCGTTAGCATGTATAGAAATAAACAAATCCGCTCTTTTATCATTGGCATATTTGGTTCTATCACGAAGATTGATAAATTTATCCGAACTTCTAGTATAAAGCACTTTATAACCGCGTTTTTTAAGTTCATTTCCAAGTTTTAAAGCCGTACTTAAAACTATATCTTTTTCTTTTAAACTTCCTTTTTTATCACTTAAAGCACCGCTATCTTTTCCACCATGCCCCGCATCGATAACCACAAGCTTTCCTGATTTGTAATTTGTATTTAAAGTTTTACTAGAACTTTGAGTTGCTTTTTTGTTTGCATTTTGATTTGTAGTTTGTATATAAAAACCTAAAGTGAGATTATTATTATCCAACTCCTTTAAAAGTTTAAATTCTTTAGGAGCACTCAAAACCACACGAACGGTTTTTGGATTGTATTGAGTAACTGTAATCACATTTTGTCCAAAAGTAAAGCTTTTTCTATTACCTTCTAACACACCCTTAAAACTTACAACATATCGGAATTTTTGATCTTTGGTATCAAATACTGCTATTTCTTTTTCATCCAAATCATCGCTTAAATTTAACACCACAGCATTAGAAATTTTATCCACATCTAAAACATATAAAGGTTTTTGATTTTCTTTTTCATTATTGGTTTTTTTATCTTGTTTTTTTGTTTCTAAAACTTTGGTTTTAATTTCTGTTTTTTGATCTTGCTTTTTCTCTGAAATTTTACTAACTTGCTCAGTCTTTTTTTGACTAGTAGTTTCTTTTGAAAAAATTATTTTTTCTTCTTTAAAAGATATATCAATAGGAATTTTTTCTTTAGCATAAACCACTATGCGTATGGTTTTGGGATTAAACTGTGAAATCACTAAACGATAGTCATCAAATTTAAACTCTTTTTTACCCCCTTCTAAAACCCCATCAAAATCACTAATAAAACGATAGTTTCCTTTTTCGTCTAAAGCAAAACTTTTTAATTGATCCTTATCCAAATCTGCATT
NZ_AP028346.1_gap37	1201978	1204360	2382	ATAGAATATTTAAGATAAAAATTACAATTAAAATTTCCCTTTAATAGGGAAATTTTAATGTCTTGCAAGATAATTTGTATCGTAGTTATTATTAATAAAATCAGGATTTTCCATCATAGAAAGATGAAAATCTTTGGTTGTTTTTATCCCACTTATAAGCAACTCATCTAAAGCTACTTTCATTTTTGCAATAGCTTTATTACGATCTTCTGCCCAAACTACAAGTTTGCCTATCATAGAATCATAATAAGGAGGCACGCTATAGTCTTGATAACAATGACTTTCCATTCTGACATTGCGTCCTGCGGGTGGAATGTATTTAGTAATCTTACCTGGACTTGGCAAGAAAGTTTTGGAATCTTCAGCTGTGATTCTACATTCTATAGAATGCCCATTTAATTTAATACTTTCTTGAGATGGTAAAGCATAACCTTCTGCTACTTTAATCATTTGTTCTATGATATCAATCCCACTTACCATTTCACTTACACAGTGTTCAACTTGCAAACGCGTATTCATTTCTATAAAATAAAAATCCAAATTTTTATCTACCAAAAACTCAAAAGTTCCCGCACCTTCATAGCCTATAGCTTTAGCCGCTTTAACAGCAGTTTCATGAAGTCTAGTGCGTGTTTTTTCATCAAGCAAAATCGCAGGGGATTCTTCTATAAGTTTTTGATGGCGTCTTTGCATAGAACAATCTCTTTCGCCCACATGAATCACATTGCCAAAACTATCTCCTATAACCTGCACTTCTATATGGCGTGGATTTTGTATGTATTTTTCCATATACATAGTTCCATCGCCAAATGCTGTCATAGCCTCGCTTTCAGCCGACCAATACGCTTTTTCAAGATCTTTTTCATTTTCAACCACACGCATACCACGACCACCACCACCTGCAGCTGCTTTTAAAATCACAGGATAACCTATTTCTTTGGCAAGTTTTTTAGCTGCTTCAGCTCCTGCCAAAGCCCCATCGCTTCCTGGGATCACAGGTACGCCTGCTCTTTGCATGACTTGTTTTGCTTTTGATTTATCACTCATTAAATTCATAGCTTCCACAGAAGGACCTATAAATTTGATGTTATGTTTAGCACAAATTTCAACAAAATTTTGATTTTCACTTAAAAATCCGTATCCTGGAAAAATCGCATCTGCTTCAGCAATTTCAGCTGCTGTAATAATAGCTGGGATATTTAAATAGCTTTCAGAACTTCTTGCTTTGCCTATACAAATGCTTGCATCAGCGTATTTTAAATACAAAGCATCTTTATCTGCTTCAGAATACACACAAATTGCTTTTTTACCCATTTCTTTAATCGTTCTTAAAGCACGCAGTGCTATTTCTCCACGATTAGCAATTAATATGCTTTTAATTTCCATTTTATAATTTCTCCACCGCAAATAAAGGCATTCCAAATTCTACAGGCTGACCATCAGCAACTAAAATTTCAGCGATTCTACAATCAAATTCCGCTTCAATTTCATTCATGATTTTCATCGCTTCGATAATAGCTATAGTATCGCCTTTTTTAACCGTACTACCTACTTTTACAAAAGGTGCTGCACCTGGACTTGGAGCTTGATAGAAAGTTCCTACCATAGGGCTGTTTATACTTGGTTTGTTTGATTTTACACTTTGACTAGGTTGAGCTTCGTTTACAACGCTTACATTGATAGGTTGTGGAGCTGGAACTGGAGGACAAACAGGAGCTGGAACGTCACAACACATATCTCTTTCAAGTTCTATTTCAAAACCATCTTGTTCTTTGATCTTAATTTTACTAATATTTGCTTCAGCAAAAAGGTTTACTAACTCTTTAATTTCTTCTTTTGTCATAAAATTCTCCTAAAATTTAAGAACTTAATCTTGTATTATATAAAAAAACTTAAAATTTAACTTTAAAAAAGAAAAAAATCATAAAAAATATAGATTTTTTAGGTTATAATCCTTACAAAAAATTACAAATATTAAAAGGTTAAAAATGGGTTTAAAAGCAGATAATTGGATAAGAAAAATGGCATTAGAACACAAGATGATCGAACCATTTTGCGAAGCAAATATAGGAAAAGGTGTGGTAAGCTATGGACTTTCAAGCTATGGTTATGATATACGTGTAGGGCGTGAGTTTAAAATTTTTACCAATGTTAATTCAACTGTAGTGGATCCAAAAAATTTCGTAGAAGAAAATGTAGTAGATTTTGAAGGCGATGTATGTATAGTTCCTGCAAATTCTTTTGCCCTAGCTAGAACTATAGAGTATTTTAAAATGCCTGATGATGTTTTAGCTATTTGCCTTGGCAAAAGCACTTATGCAAGATGTGGCATCATCGTCAATGTTACTCCTTTTGAACCAGGTTTTGAAGGACATATCACTA
NZ_AP028346.1_gap38	1206061	1209405	3344	GTATAAAAGTGAAAAAGTAGGAAAAAAAGCCGATCTTTCTATCTTTTCTTTTCACCCTGTTAAGCCTATCACTACTTTTGAAGGTGGAGCTGTGGTAAGCGATAATGAAGAGCTTATCGCTAAAATCAAACTTTTAAGAAGTCATGGCATCGTTAAAAAAAGGCTTTGGGATAGCGATATGGTAGAACTTGGCTATAATTACCGCTTAAGCGATGTTGCTTGTGCTTTAGGGATAAACCAGCTTAAAAAACTCGATCACAATCTTGAAAAAAGAGAAGAAATCGCAAGTTTTTACGATAAAGAATTTGAAAAAAATCCTTATTTTTCCACGATAAAAATCAAAGACTATAAAAAAAGCTCGAGACATTTATATCCTATTTTGCTTTTTCCTGAGTTTTATTGTCAAAAAGAAGAACTTTTTGAAAGCTTACTTCATGCAGGAATTGGCGTACAGGTACATTATAAACCAACTTATGAGTTTAGTTTTTATAAAAAACTCTTAGGAGAAATAAAACTTCAAAATGCGGATAATTTTTACAAAGCCGAGCTTAGCATACCTTGTCATCAAGAAATGAATCTAAAAGATGCAAAATTTGTAAAAGATACTTTATTTAGCATTCTTGAAAAAGTTAAAAAGGGATATTGTGAATAAGCTAGACTTTAGAAGCCAAGATTTTAGCCAAACTGGAAAGGCTATGTATGAACTAGCTTGCGAACTTTTTCCTATCCCTAGAAGCATCACAGGGCAAGGTTTTAGAGATAGCTTAGAAATTTTAAATAAAACTCTGGGCGGGGGGGGATACTCAAATTTCACTCTATAAAAAGTGGCACAAAGGTTTTTGACTGGATAGTCCCTGATGAATGGAACGCCAAAGAAGCCTATATCATCACTCCAGAAGGAGAAAAAATTTGTGATTTTAAAAAGCATAATTTACACCTTCTAAATTATAGCGAAGCTATCGATAAAGAAATCGAACTTGAAGAACTTCAAAATCATCTTTACTCCATAGAAGAAATGCCCGATGCTATTCCTTATGTAACGAGTTATTACAAAAGACGTTGGGGATTTTGTCTCACGCATAATGAAAGAAAAAAACTCAAAAAAGGCAAATACAAAGTCTATATCAATGCGAAACATGATGAAAATGGAGTTTTGGATTATGCTGATTTTATCCTACCTAGTACGCAAAATTCAAAAGATGAAATTTTAATTTCAACCTATCTTTGTCATCCTTCCATGGCAAATAATGAGCTTAGTGGTCCTGTGGTGGCTATTTTCCTAGCAAAATGGCTTTTGAGTTTAAAAGAAAGAAAGTATAATTACCGCTTTGTCATCATTCCTGAAACCATAGGCTCTATAGTCTATCTTAGCAAACATTTAGAGCATTTAAAAAAACATGTTAAAGCAGGCTTTGTGCTTTCTTGCTTAGGCGATGATCATGCTTACTCACTCATACACACACCCAAAAAAAACACTCTAAGCGATAAAGTTGCCTTGCATACGCTTAAAAATAAAAAAAATTTCAAAGCTTTTAGTTTTTTAGATCGTGGAAGCGATGAAAGACAATACAATGCTCCGCTTGTAAATCTTGGCATAGTAGGGGTATGTCGCACAAGATACCTAGAATACGAACAATACCACACCAGCAAAGATGATCTCAATTTTATCTCTGAAAAAGGTTTAATGGGTGGACTTCAAAGCATACAAGAAATGATTTTAAATCTAGAAATCAACGCTGTATATGAAAACACCATAGTATGCGAGCCCAATCTTGGTAAAAGAGGACTATATCACACCCTTAGCACTGCTAATGACATTCCTTTGGCTTGTAATTTTTTGGCTTACTGTGATGGGGAAAATGATATCATCGATATAGCCAATATCTTAAATATGCAAGCTTATGAATTTAAAGAACTTTTGGAAAAAATAAAATTTTATGGACTGGTAAAATGAAATATTTTTTAGAACACAATGGCAAAAAATACTCCGATAAGGATTTAATAGATGCTTTTTATCAACTAGGTATAAAAAGAGGCGATATTTTATGTGTACATACAGAACTTTTTAAATTTGGCATACCTTTGCTTTCTAGAAATGAATTTTTACAGACTATACTCAATTGTTTTTTTGAAGTTATAGGTCAGGAAGGCACTTTGATCATGCCAACCTTTACTTATAGTTTTTGCAAAAATGAAACTTATGATAAAGTGCATTCTAAAGGCAAAGTGGGAGTGCTGAATGAATTTTTTAGAACTAGCGGGGGGGGGGGTTAGGCGAACTAGCGACCCTATTTTTTCCTTTGCTGTGAAGGGTGCTAAAGCGGATATTTTTTTAAAAGAAAACTCAAGCTGTTTTGGAAAGGATAGTGTGTATGAAATTTTAACTAGGGAAGGTGGGAAATTTATGCTTTTAGGCTTGAATTATGGACACGCCCTAACGCATTATGCTGAAGAGAGAAATACCAGCTTTTGCAGGTATTTTAAGGAATTTAAGGGCTTGGTGATTGACGAGCTAGGACAAAAAAGAGAAAAAAGGATAAATTATTATGTAAGAGACTTGGAAAAAGCCTATGTATGCAGCCTTGATAAGATAAATGAAATCGTGCGGCAAACAAGGTATTACAAAAGCATAAAATTTGCAGGAGATTTTCTAGAAAGCTATGATGCTAAAGAATATGTCAAAGCCATAGGCAACGCCCTTAAGCAGGATAAATTTGCCATATATGAAAAGCTTCTTTTATGAAAAATATTTAAAGGTAGTTTATGAAATATTTACTTGAATTTGAAAATAAAAAATACTCCACTTACGACTTCATAGAAACTTTTTACAAACTAGGACTACAAAAAGGCGATACCTTGTGTGTGCATACTGAACTTTTTAATTTCGGTTTTCCCTTGCTTTCTAGAAATGAATTTTTACAGACTATATTAGATTGTTTTTTTGAAGTTATAGGCAAAGAAGGCACTTTGATCATGCCAACCTTTACTTATAGTTTTTGCAAAAATGAAGTTTATGACAAAATAAATTCCAAAACAAAAATGGGAGCATTAAATGAATATTTTCGCAAACAAACAGGAGTAAAACGCACAAACGATCCTATATTTTCTTTTGCTATAAAAGGAGCAAAAGAAGAATTATTTTTAAAAGATACAACAAGTTGTTTTGGGGAAAATTGTGTTTATGAGGTTTTAACCAAAGAGAATGGAAAATATATGACATTTGGAGGCCAAGGACACACACTAACACATTATGCAGAAGAACAATTTAATGTATTTTACAGATATCATAAAATTTTCTCTGGAATTTTAATTGATGAAAACAATATATCATACAATAAAACCAT
NZ_AP028346.1_gap39	1212781	1214904	2123	CATAAAATTTGCATTGATGATGAGTTAGAAAGCGTTTTTTCAAACGATATCAAAACCCTTAAAAGAATGAAAAAAGTCATAGGTTTAAACACGCGTTATATTTGCGATGAAAACACTTGCGTAAGCGATCTTGGAAAACACGCAGCCAATACACTTTTACAAGGTTTAAATATAGATAAAAATAGCCTTGATGCACTCATCGTAGTAACTCAAAGTCCTGATTTTTTCATGCCTTCTACGGCTTGTTATTTACACCAACTTTTAAATTTAAGCTCCAAAACTGTAGCTTTTGATTTAGGGCAAGCTTGTGCAGGGTATTTATACGGCTTATTTGTCGCTCATTCTTTAATACAAAGTGGCTTAGGTAAAATTTTACTCATTTGTGGAGATACTTTAAGCAAATTCATCCACCCTAAAAATATGAATTTAGCTCCTATTTTTGGTGATGGAGTAAGTGCAACTTTAATTGAAAAAACGGATTTTAACGAAGCTTTTTTTGAGCTTGGAAGCGATGGAAAATATTTTGATAAACTCATCATTCCAAAAGGTGCGATGAGAATACCTAAAGCAGATATTTTCAACGATGATTCACTCATGCAAACTGAGGAGTTTAGACAATTAGAAAATCTTTATATGGACGGAGCAAATATTTTCAATATGGCTTTGGAATGCGAACCTAAAAGCTTTAAAGAAATTTTAGAATTTTCTAAAGTAGATGAAAAAGACATTGCTTTTCATCTTTTTCATCAATCCAATGCGTATTTGGTTGATTGCATCAAAGAAGAATTAAAACTTAATGATGATAAAGTTCCTAATTTCATCATGGAAAAATACGCTAATTTAAGCGCTTGTTCACTACCTGCCCTACTTTGTGAACTAGATACTCCAAAAGAATTTAAAGCGAGTTTAAGTGCTTTTGGTGCAGGGCTTAGCTGGGGAAGTGCGGTGTTGAATTTCAAAGATTTATACACAAAAGATATTTTAATTTACACAAAGGAGAAATAATGACAAAAACTGAATTTTTAGAAGAGCTTAAAGAAGCTATGCATAGAGATGAAGACTTAAACGAGGATATGCTACTTGATGATATAGATGAGTGGGATAGTTTGGCTTTTGTATCTGTGATGGTGCTTTATAAAAATCTTTTTACTTTAAAAATCACAGCCGAGGACTTGAAAAATTGTCAAAAAGTAAGTGATTTAATCAATTTAGCAAAGCTTGATTAAAACCTTTAAGGTTTTAATCTTTTATCACTAATTCAAATTTGTCACCCACATCTTTAAATATAAACACTTTATTTCCACAAGGATAAGAGATGGAATTTTCTTGCATGAAAGATTTTCTTTTTTGTAGTTTTTCAAGCATTAAAGGAAGTTCTTTTCTAAATAAGGCTTTATCAGGTATACCACAACCATGATCTAAATTTTTAATAAATTTTCCATCAATTTTATTTTCATCTATCAAATTTAAGCTTACATCATATCCTAAAATTTTTAATATTTGCATGGTTTGTTGTTTAAAATTGGCAGGCGTTAGAGGATCTTTATCGCTATGATAACTCACATAAATAATATTTTTATTTTTTTGACTTTGCAAAATCAAATGATCCTTATTTAACAATGTTCTAATAAAATAATTTTCATTATTAAAAAAATAAGGTGAATTTTCTTTACGCGTCCAGTGGGTTTTTAGAAAAAAAATAATCCTATTATGTGGAAAATCTTCATAATAATCACCGTAACTATGTTCCATTTCTCTTCCTAAAATATAATTTAAAGGTGGCAAAGCCGAACCCGAATTATCAATCACACCATCCACATACCAAGGAGCTATCTTTGCTATGAGTAAAGATAGGTATCCTCCATAAGACCCCCCCCCATAAATTTTTGGTAAATCTGCAAATTTTGGAAAGCATTTAACCAAATCTTTTAAAGCATTGATATGATCAATAGCTGCCATAATGCCAAAATTTTGATAATCTCCATTAGGCGGGATAAAAGTTGAAGTAAAATTTAGTTTAAAGTTATGATCGAGTTTATTTTGCATTTTTAAATTTTCTACATGTTTCACTAAAGAATTCGCTAAAAAAAGCGCATTATCATTATTTATTTCACCATAAGAAA
NZ_AP028346.1_gap40	1216908	1220482	3574	TACGCTTTATACACAAGACTTTGAAAGTTTTGATATAGATGAGAGTTTAATAAAGCATGCCAAAGAAAAACATATAGATACTAATTTACTCTATGTTTTCTTTACAAGTGGGAGCACAGGTATTCCTAAAGGAGTAAGCATAGCACATAAGAGTGTGATTGATTATACTTTTTGGGTGTGTGAGACTTTTAAATTTGATGAGAATGAAATTTTAGCCAATCAAGCACCATTTTATTTTGACAATAGCATTTTAGATATTTTTTCAAGTGTAAAATCAGGAGCGACTTTACACCTTTTACCTAATCATCTTTTTGCCTTTCCAAATAAAATTTTAGAATGCCTTGAAAAAGAAAAAGTAAGCACTATATTTTGGGTGCCTTCGGTGCTAATTTATTTTGCAAATACGGAAGCTTTGAATAATTTTAGTTTAAATACCTTAAAAAAAATACTTTTTTGCGGTGAAATCATGCCCAATAAACAGCTAAATATTTGGCGTAAACACTTACCCAATGCCTTATTTGCCAACCTTTATGGCCCAACAGAAATCACTGATGTATGTTCTTTTTATATCATCAATCGCACTTTTAAAGATGAAGAACTTTTACCTATAGGAAAAGCGTGCAAAAACACAGAACTTTTAGTTTTTGATGAAAATATGAATTTCATAAGTCCTAAACAAATAGGTGTTAAAGGGGAGCTTTTCGTACGTGGAACTTCTTTGTCTTTAGGGTATTATAATGACAAAGAAAAAACCAAACAAGCTTTTATTCAAAATCCTTTACATGATAATTATTTAGATTTACTCTATAAAACAGGAGATATCGTTTCTTATAATGAATTTGGAGAGCTTTTGTGCTATGGGAGAGTGGATAATCAGATAAAATATATGGGGCATAGGATAGAACTTGGAGAAATAGAAAGCGTGATAAATTCCCATGCGAATATTAAAAACAGTGCATGTATTTTTAAAGAAGATATTATTTGTTTTTATGAAAGTGAAGAAGAAATTAATTTTAAAGCTTTTTTAAAAGATAAATTACCTTCTTATATGATCCCAAAAAATTTTATTAAACTCGACAAATTTAAGCTTAATCAAAATGGAAAAATCGATAGAAAGGTTTTAAAAGAACTTGTTTAAATAAATATTTTATAATTTCAAAAAACTAAAGGAGAAAAAATGCAAGAAATCAAACAATTTTTTATCAATATAGAAAGAACAGATATCAATGAGAGTATGGAAAATCTAGTAAGTGAAGATTTTATCGATAGTATCGATATCATGGCTTTGGTTGCCGAAATAGAAAAATTTTATAAAAAACCCTTAAAAGCAGAATTTATCACACCTGAAAATTTTGAAAGCTTTGAAAATATCAAAAAAATGCTTGAAATTGCAATGAAAGACTAATCTTTCCTTGCAAGTTCAAGCTGTTCTTTTAAAGAACTGATGATTTCATTTTTAGAAACAATAATTTGCGCTATAAAATCCGCCACATCATCCCAATCTTTACTTAGCATATGGGTTAAAGTATAATTTTGTTCATATTCTTCCCAATTCACAGGAGTAAAAAGAGAATTTTTATGCGGGAAATATTTGTTTTTTACCCATTCAAGTGAAGAAGCAAAATAATCCACATAAGCTTTAGCAATATCTTTTTGCACTGCAAATTTTAATCTTTTTTCTTTGCTGCCTTCAAATTTTCTTCTTGCCATAAAAAGCAAAGAATTAAGATTATCCTGCTTTAAATCTTTTTGATTTAATCTTGACATAAGCTCCATTCCTAAAAGATTAAAACTTTCATTTTTGGTTTGTTTTAAAACAAAACTCTCATCCCATTCAAGTCCTAAATGATAAACAAAATCCTTAAGTAAAGTCCCTCCTACATAATCCTCCCTTAGAAGTCTTACTATCAAATTTTCTTCTCCAAATACCTCAGCATGAGTTTTGCAAATCCATTCATAGTCAAAAATATATTTTCTAGGATGATCTTGCGGAGCAAAATCAGCAGAATAATACCCCATATTGTTTTTATGATCTTGAGAACAATGTGAGTTTAAATAACCCAAAGTATCTCTAAAATACACAATAATATAAATTTGAGTAAAACCTAACTCTCTCATAATCTTTTCTAAAATTTCTACATGTTTTTTGGTAGAAAAATCCCAAACTATACCCTCAGCTGAAAAAATAAATTTTTTATCTTTATGTAAAGCACTTTCACTTTTAAAATTTTCTATAGCTCTAAGAAGTCTTTCATTTGTGATATGACTTAAAACACTCTCTTTTTTTAAAATATCTTCTTTTTGAACCAATTCTAAAACCATATCCACCAAAGCCCAATGCCTATTTGCCACTCTAAGACTTTTTGGGTAAATATAAGCTTTTTGCAAAAGCTTTTCTTCGTTTTGCATCAAGAAGCCTTGTTTTTCTTGATTTCCTGTATTAGTAGTTCCTATATGTAAATATGCTGTCATTTTATATCCTTTATCTTTATTTTAATTTATCATCTCTAACTCAAATTTATCTTCTAAATCCTTAAACACAAATACTTTATTCCCACAAGGATAAGAGATAGAATTTTCTTGCATAAAAGATTTTCTTCCTTGTAGTTTTTCAAGCATTAAAGGAAGTTCTTTTCTAAATAAAGCCCTATCAGTCATTCTAAGTCCATGCTCTAAACTTTTTACAAATCTACCATCTATATCATTTTCATCCTTTATTAAATGTAAAGTTGCATCATATCCTAATTCCTGATAACACTTATAAAGTTCTATTTTATTTTGCACTGGCGCACCCATATCTTGTATACTATGATAGCTTACAAAAATGGTATTTTTATTTAAATTTGATTGAATTTGAAGATGGTTTGAATTTAAAACTGCTCTGATTAAATAATTTTCATCACCAAAATAATAAGAAGAATTCATATTTCTATTCCAGTATTTATATACAAAACAATAAAGTCTATAACCACTTCCTTCGAAATAAAATTCCCCTTGATTCATTTCTCTTCCTAAAATGCACGCCAAAAATGGCAAGCAAACACCTGAATTATCAATCACACCATCCACATACCAAGGAGCTATCTTTGCTATGAGCAAGGCTAAGTATCCTCCATAAGACCCCCCCCCATAAATTTTTGGTAAATCTGCAAATTTTGGAAAGCGTTTAACTAAATCTTTTAAAGCATTGATATGATCAATAGCTGCCATAATGCCATAGTTTTGATAATCTCCATTAGGTGGGATAAAATCACAAGAAAGTTCTATTTTTTGGCTTTCATCAACCAAACCTGCTTGTTTCATTTTATTAACTTTTTGCTCTATAAGAGGAATAATTTGTTCAAAATTATCTTTATTAACCGATAAATGTCCTAAATTAATATTTTTTAAAATGCCATTTACACGCTCTAAATCATCTTGATTGGGAATAAGCTTTGGATTATACTTTTGATCAATACTTTGTCTTGCACAAAAACAATGATAAAAAACATGTACCACTACAACATCAAAATTTTTAGCAATATATTCCCTATCAAAATCTAAAAAAGAAATATTTGCATTAGCTCCAAAACCA
NZ_AP028346.1_gap41	1221776	1222962	1186	AGTTCTTTTTATATTTAATTCTACATCATCACAAGAATCAATTTCAAAGGTTTGGTTTATAAGCAATTTTAAGCCTTTTATTGTATTTTAAAGACAATTATACTTAAATTTTAGTAAAATAAAACACAAAAACAAGGCTTAACTATGAAAAATCTTTGCATAATCCCTGCTCGTGGTGGATCAAAAAGAATTCCTAGAAAAAATATCATTGATTTTCTAGGTAAACCTTTAATCTCTTATAGCATAGAAAATGCTTTAAATTCAGGTATTTTTGATGAAGTGGTGCTTTCAAGCGATGATGAAGAAATCATAGAAGTAGCCTTAAAATACGGTGCAAAAGCTCCTTTTGTGCGTGATAAAAATTTAAGCGATGATTATGCTTCAAGCACTGCTGTAGTGCAAAATGCCATAGAAATTTTACAAAGCCAAAATCAAATTTATGATCATGTCTGCTGCCTTTATGCTACTGCTCCTTTGTTAAATAAAGACATTTTAAAACAAGCCTATGAAAAATTTATACAAAATCAAAGCAAGTTTTTATTTGCTGCTACTGAGTTTGAGTATCCTATACAAAGGGCATTTTATCTAAATGAAAACAATCAAGTTTATATGTTTGATGAAAAACATTATAAAAGTCGTTCACAAGATCTAACAAAAGCTTATCATGATGCAGGAGCTTTTTATTTTGGTACAAGCAAAGCTTGGCTTGAGGAAGATTTTATATTTAAACCTCATTCTAGCGTGTTTGTATTGCCAAGAAATTTAGTTTGCGATATAGACACCATACAAGATTTGGAATTTGCAAAAATACTTTATAAGGTAAATCATGAAAGTGCTTTTTAGAAGCGATAGCTCCAGTCAAATAGGCTTTGGACACATTAAACGTGATCTAGTCTTAGCTAAACAATATAGCGATGTAAGTTTTGCTTGTTTGCCTTTAGAAGGCTCTTTGATCGATGAAATTCCTTATCCTGTTTATGAGCTTGATAGTGAAAGCATTTACGAACTTATCAATCTCATCAAAGAAGAAAAATTTGAACTTCTTATCATTGATCACTATGGCATCAGCGTAGATGATGAAAAACTGATCAAGCTTGAAACAGGGGTGAAAATTCTAAGCTTTGATGATGAAATAAAGCCTCATCATTGTGATATTTTACTCAATGTCAATGCCTATGCAAAAGCA
NZ_AP028346.1_gap42	1309948	1312941	2993	CAGTAAGCGAAAATGCAGTTACAGTAAGCAATGCCTTTAAGGCAAATTTAGCCATTTTAAGCGATATTGAAAGACATGAACATGAAAGAGATGGTCAAGTTTGGAAAATGGAATGGAAGCTTTTACCTGAAATGTTTTTAATGCTTTCTGTGGTTTTAGCAAATATGAAATTCGCTCTTAGTGATTTAGAAGTAAAAAAAGACAAAATGCTTAAAAATTTAAATACTCTTAATGGTTTTGTTTTAGCAGAGCGTGTTATGTTTGCATTAAGCGATCATTATGGAAAACAACACGCCCATGAGATTGTTTATGAAAATGCTATGCTAGGTATCGAAAAACAAAAAACCTTTAAAGAAGTTTTACTTGCAGATAAAAGAGTATCTAAGGTATTGAAAGAAAAAGAAATCGATGCTTTGCTTGATGCAACAACCTATGTAGGATATGCACCAAAACTTGTAGATGAATTTTTGGAAAAAATCAAAAATAGTGCTATTTTAAAATAGGAAAAATCATGTTCTATAGTGAAATTTTAGCGGATTTTATTTTCAATCTTAAATATGAAAATATCCCTAATACAGTTGTTCAAAGAGCTAAAGAACTTATGCTTGATAGCCTTGGAACAGCTATAGCAGCAAGCAAAGAAGAATGTGTTTTAAATGCTTTTAAAGCTTTTGAAAATTTAAGCACAGAAAAAAATACTCTTATTTGGGTAAATGATCAAAAATTAGATCCTATATACGCAGCCATGCTAGATGGCATTGCTTCTCATGCGTTAGATTTTGACGATACACATACAGAAGCGATTTTGCATGCAAGTGCAATTTTAACTCCACTTTGTTTAAGTTATGGTTTTCATGTTAACAAAGATGCGAAAAAAATCATCAAAGCTTTTATAGTAGGCTGGGAAATTGCAGCTAGAGTAGGCATTGCAAGCAAAGGTACTTTTCATAAGCGTGGTTTTCATACCACTGCTATTGCAGGAATTTTTGGAAGCGTAAGTGCAAGTGCAATCTTGCTAGATCTTAACAAAGAACAAATCATCAATGCTTTAGGACTTGCAGGAAGTTTTGCAAGTGGGATTAATGAGTTTTTATCCAATGGATCTAATTCAAAAGTTTTGCATATTGCCAATGCTATTAAAAACGGTATTATAGTAGCTCATTTTGCTAAAAACCATATGAGTGGACCTTTGAGTATTTTTGAAGGTAGGGATAATATCTTTAAATGTTTTGGCATAGAAGAAGAATGCGATAAAACAGAACTTAACAAAGCCTTAGGAGAAATTTGGCAAACTATGCAAGAATCAAGCCTTATCCAAGTTGTCATTTTGCTCATGGGCTTATTGATTGTGCTATTGCTTTAAAAAATGATGGTTTAAAAGCTGATGAAATTAAAAGTATTCATTGTTTTGTAGATGAAGTTCCTGTTTCTTTTATCTGCGATCCTTTGGAAGCAAAATACACTCCAAATAGTGCTTATGAAGCTAAATTTTCCATGCTTTTTTAATGACTCTAGGATTCTTTGATGGTAAAATCACTCTTGAATCTTATGAAAATTTAAAGCGTGAAGAAGTACTAGAATTTGCTAAAAAAATCAGTTACGAAAAAAGAAAATCTCAAGGCTTTCCAAAATATTTTCCAGGGCATTTAGAAGCCAGTTTGCAAGATGGACGCACAATCCAAAAAGATGTTTTTATAAATAAAGGTAATTTTGATAATCCATTAAGTTTTGAAGAATTAAAAGCTAAATTTTTAGCCAATGCACAAATTTACCTTGATAATGCTAAAGCTAACAAAATTCTAGATCAAATCATCAATCTAGAAAATTTAAACCACTTTTCTTTTTAAATATTAATCCTTCTTTTTATAAGAAGGATAATTTCATTACACTTTTTTATTATAATATTTATTATTAATTTAGGAATTACAATGACTTTAGATAATTTAAAAGATGGACAAAAGGCTATTATTGTCAATTTAAGCGCTCAAAAAGAACTCAAAAATAGACTTTTAAGCTTTGGATTTATCAAAAATAAAAACTTGAAAAAAATTCACTCCTCTTTAAAAAATGCCACCATAATGGTAGAGCTTGATGCAAGTTGTGTTATCCTAAGATCTGATGAAGCTAAAACCATAGAAGTGAATCTTATATGAAAAAAATCAAAATAGCCCTTGTAGGTCAGCCTAATGTAGGCAAAAGTCTTCTTATTAATGCGCTTTGCAAAGCTAATATGAAAGTAGGAAATTTTAGCGGAGTTACTATAGAAAAAGCAAGTGCAAAAACTTTTTACAAAAACTATGAATTTGAAGTCATTGATTTACCAGGAACTTATTCTTTAGATGGATATAGTGAAGAAGAAAAAATCACACGCCATTTTTTAAATCAAAATGACTATGATGTTATTGTTAATGTTTTAGATGCTACCAATTTAGAACGTAATCTTATCCTTAGTGCAGAACTTTTAAGCCTTAATAAAAAAATGCTTTTAGCTTTAAATATGTGCGATGAAGCCAAAAAAGAAGGTATAGAGCTTGACACTTCTATTTTAAGCCAAGAATTTCAAAGTCAAGTTGTTGAAATTTCAGCAAAAACAAAAGAAAATTTAGAACTTTTGCTGCAAAAAATTATTATTTTATTTGAAAGTAAATTTATTCCAAGATCTCAATTTTATACTCCGCTTTGCGAAAAAAGTCCGGAAAAAGAAGATTTATTATATTTTATTAATGAACTTTCAAAAAAAATTATCACACACAAAAAAGAAGAAAGAAATTTAACCAAAAAAATCGATGCCTTACTTATCCATAAATTCTTTGGCTTACCTATATTTTTATTTTTAATGTGGCTTTTATTTCAACTCACCTTTAGCTTAGGGCAAATTCCTATGGATTATATAGAATCAGGCTTTAATGCCTTAGGTGAACTTGTTAAAAACAATATTTCTAATACCTTCATCGCTTCAGCTTTAGCTGATGGGATTATCGCAGGTGTTGGTG
NZ_AP028346.1_gap43	1350883	1354805	3922	TTATAAAATATTCTTTTTAAATCAATCAAGCATTCAATCTCATTACAATTTAAAATCCAATTTGAAGGTAATCCACCTTCTATTCCAGCTGAATACCATCCCCATTCATTCTCAAAAGGAGGAGATTTAATTTCATCAAAAGTTCTAATCTTGGAATGTAACTTAAAACCATGATTTTTTTTAATATTAAAGTCATCTAAACTATATTTTTTTATAAAGTTAAAATTAAAAATATTCTCTTTTTTTTCTAAATTTATTCCAATAAATTTTTCATTAACACCAAGAATACTTTCATCTTGAGTTTCAGTGATATTATCCCATACAAAACCAAAATTAAATCCTAGTTTTTCAGCCAAATACATACCTATAAGCATGCTCGATAATCTCATTCCAAATCCATCTGGTTTTGCAGATATAATATAAGGCTTTTCTCCAAGTTGTAATGTAAATTTTTTCTTTCCCATAGTTAAAACCTAATTCTTAGTTTTAAATTCATATTTTAATTTTTTAATCTTAAACCACAATTTGATATACCCCCCCCCCATACCATTTTTTATTAGCTTCAATTAAAGCAAGTCCTAATTTATAAGTGAAGCATCTTTTTTCTTTTAAAGCTTCATTATAATCAGGATAAGTTTCTAATGGAGGTAAGGTTGATTCTGGGTTTAATTTAATTTTATGTTTATAATTTTTTGCTCTTGTTTATATAGTATAACAATACTTAATAAAATATACGGTAAAAATATATAACCTAAAAAATTTTTAGAATTTATTATCATTGCTTGGCCTAATCTATATGGAAGTTGGTTTTGAATCCTTTGTTTAGCTGTTGAAAAAGTTTTAAAATGATTGAGTTGTTGAGTTAGTGAGGAAATCTGAATCGAAATATTAGATGTAGAATTTAAATATTCCTCCAAAATTTCCTTAATAAAAACCACATCTGGAAATAAATGAGAAAAATTATATTCTTGCTTAATTACTGTTTCCTTAATATCATCTACAGCTACTTGTATTTTTCCCTCATCTTTATAAAGCATTAAGTTAACCAAGTCGTAATAATTGATATTGCGATTATTTCCTAAATAAATTTTACTATTGTCTCCGATAACAAAATCATCATAAATTGCTGCAAATGCATTATATGAAGGAGTTGCACACGTTTCAATAAAATTATCAGCATTATTAAAAAAAATCAAAGAAGAATAAAATTTAAAAGGATTTTTTTTTCCATTATCAGTCCAAGAGTGACTTGCTATAATTTTATAATTTTGGTTTTTTCTTGATAAAGAAATTGTTATATCTTTATGAACCCGAAAGCAATACTCTTTATAAAACATGTTCTTTTTTAAATTTAAAATTTTTTCATTTATCTGCAAATCATTTTTAGGAGAGCAAATTTTAAAATCTAAATCTATGGATGAAGGAAGAGAAAATTTAAATAAAGAAAAATTTTCATTTGCTATATTTTTACCAAATTCATACATAATTCTTTGTAATTGATGAGCCTTATCTGGCATCATAGTCATATAAAAATCCATAACATTATTCTTCAAATAAACCGATTGAACATCAACACAATTAAATCCATATTGGTTGCAACACATTCTATGGGCATTGTTAATAGTTTCATTTTTTTTAAAATCATTTTTGATGTAAGGCAACAGTAAAACTAAAAATTTTTTATTTAATTTAGATAATTCATTATATGTTAAAAAAATATTTCTGAGTATTAAATTTTTAAAATCTGGTAAATCAATAATATGATCAATATCCACTATATTAGATTCTAAAATTATTAAGTCCGCCGCAATAACTATACTTTCATTTCTAAATCTTAAAAATTCATATAATATATGCAATGTAGATGCTCCACCCAAAGATAAATTCGTTAATTCAACATTATCTTGATTTAATCCAGCCCTCAATCCATTAAAAAGCATTGAGTTACTAGCACCAATCAGTACAATTTTTTTCTTTCCCATAGTTAAAACCTAATTCTTAGTTTTAAATTCATATTTTAATTTTTTAATCTTAAACCACAATTTGATATACCCCCCCCCCATACCATTTTTTATTAGCTTCAATTAAAGCAAGTCCTAATTTATAAGTGAAGCATCTTTTTTCTTTTAAAGCTTCATTATAATCAGGATAAGTTTCTAATGGAGGTAAGGTTGATTCTGGGTTTAATTTAATTTTATGTTTATAATTTTTTTGCTCTTGTTTATATAGTATAACAATACTTAATAAAATATACGGTAAAAATATATAACCTAAAAAATTTTTAGAATTTATTATCATTGCTTGGCCTAATCTATATGGAAGTTGGTTTTGAATCCTTTGTTTAGCTGTTGAAAAAGTTTTAAAATGATTGAGTTGTTGAGTTAGTGAGGAGATTTGTTGGTTTAGTGAAGTTATTTCAATTAATTTACTTGTTTTTAGTGTATATTCTTCTATAATATCTCTATACATTTCGATAGGTGGAATTAAATATGAAAAATCTTTTGTATATTTATATTGCGAAAAATTATTTTTTATTTGAATGAAATTCGGATCATCTTTAACAAGTAAAAAATTGACTATAGATGCTTTATCTGATGTATTGGATAGATTATTAATTATAGTTGTCTCATAAGAAATTTCTGTTATAGGCAGATTGTCTTTATTATACATAACGATAGTATCACTATCGATTACAAAATCATCATATAGCCAATCAAAATTGTTGTAACATCTAAAACTTTTTACTATTTCTTTTTTTGAATTTTTAAAAACCATGCTAAAGTAGTTTTCACACATTGATTGATAAGAAGATAATACTCCTTTTTTAGTTGGAAGAAAAGTATGTACTCCTAAAATTTTATAGCCTATATATGGTTTTGGAAAAGAAATTAAATCTTTATCTAAAATTTCAACATATTTATCATTGTAAATTAGATCTTTATATGCTTTAAGGCAAGGATTAGATATTAAATCAGATGGACTAAGAACTTTAAAAATTGCATTTGTCTCAAAAATTAATTTCCTTTCTGAAAATTTAAAATAATTTAAGTTTTCAGAAATATTTTTTCCAAGTTGGTACATTATAGTAGCTAGGAGATGGTAGGGATCTAGGGATGCGGTATAAAACTTAAAACATTTTGTATCAATCATTTTTTGATGCAAATCAATCAGATTAAAATCATAAAATAAACTTAATTGTTTATGAATTTTTGTAATAAAATTAGCACTTTTGTTTTTATTATCGTTTATGCATCTTAAGTCAAAAAGTAATAAAACTAAAATTTTCTTTTTTAATAAGTATAATTGCTCATAAAGATAATTGATATATTTAATTATCTTAAAATCAAGATTTTTGTAACAAAAACTCATCGTTACATCCATTAGATTTACTTCAAGTATAATCAAATCAGCATTTTGAATCAAATCTTTATTTTCTTTCCTTTTAAGTTCATAAATTTTATGTATAGAATCTGTCCCACCTATAGATAGATTATACAAGTTAATATTTTTTTGATTTAAGCCAGCTTGAAGTCCACCAGGAATTCTTGAATTGCTAGCTCCTAATAATACTATATTTTTATTCATAATTTTATTTCCACAATTAAACTTATTAATAATTATATAATATAATACTTAAAAATATACAAGGATAATTTTATAAATAGATCTATAATATAGAAATTATCTTTGATATCAAGGAGAAAATTTTTATGGAAGAAAAAATAATTTCTATAATTTTAAATGTTTTAAAAAATTCAGCTGATGATTATGAAATAGAAGAATTAAAATCAGCCAATAAGGATACTAAACTTTATAGCGGATTAGGAGGTCTTTTAGACTCTTTAGCTCTTGTTAGCTTAATTACAGATTTAGAGGAAAGTTTAGCTACAGAACTTAATATAGAAATAACTCTTGCAGATGA
NZ_AP028346.1_gap44	1355869	1360815	4946	AGATTTTAAAGAATTAGAAGATAAAATCTATGAGGGGCAAATAGATTATCTTTATGATGAAGGTAGGTTTATACCTTATCAAAGTAAGCAGTTAAAACATAATCTTATCTATACTCTTCAAAATCATTCATCTAGTGGTTTGATTCTTTTTTCAAGTGGAAGCACTGGAAAACCTAAAGCTATGGTTCATAATCTTGATGTTATTTTAAATGTTTATCAAGGTAAAAAACCTAAGGTTATGAATATTGTTTTGTTTTTAATGTTTGATCATATTGGTGGTTTAAATACTTTATTTAATGTTTTAGGTATGGGTGCTTGTGGTATAGCTTTAGAAGACAGAAAGAATATTGAAGCTTTAGCGCAAAATATACAAAAATACCAAGTTTCTTTACTGCCTGCAAGTCCAAGTTTACTAAATCTTATACTAATGAGTGGAGTAAAAGAAAAGTATGATTTAAATTCTTTAAAACTTATTACATATGGGACAGAAAAAATGAGTGATTCTTTACTTAATCGCTTAAAATTGGAATTTCCTAAAGTTAGATTTCATCAAACATTTGGCACAAGTGAAGTTGGTATAGCTCAAACTAAAACTAAAGATAATATGATTAAATTAGAAGGTATGGCTTATAAGATTATTAATAATGAGCTTTACTTAAAAAGTAAAACCCAAAGCTTAGGTTATTTAAATGCTGATAATAGTGTATTTGATGAAGAGGGATATTTTGCAACAGGAGATTTAGTTGAGCTTTATAAAGAAAATGGAGAAGAATATATAAAAATCATAGGAAGAAGCAAAGAGCTTATAAATGTAGGAGGAGAGAAAGTTGTCCCTCAAGAAGTTGAAGGGGTGATTTTAGAACTTGACTATATACAAGATTGCTTAGTGTATGCAAAAGCTAATACTATTACAGGACAAAGTGTTTGTGTAGAGGTGCTTTTAAAACCAAATATAGAATTTACAAACCTTGAACTCAAAAAACAATTAAGAATGTATTGTAAAGATAAATTGGCTAATTATAAAATCCCAACTCAAGTTGAGATTGTAGATGGATTAGAATTAAGCCAAAGGTTTAAGAAGGTGAGGAAGGGTTAAAATGTAAGATTATTTTTTATTTTTTTTAAATTCTTTATATTCTTTTAACAAAAGATAAGGAATAGCAAATATTTTACCTTTATACCAATATTTAAAACAATAGAGCACAATCTTACCATATCTATATGATAAATGCTTTTTAATTTTTAGTGCTTCGATATAATCTATGCAAAAAACTAAAGGCAAGGGTTTTAAATAAGGAATTGCATTAAATAATATTTTTGAAATTATATTATTCATATAATGACGAAATACCATTGATATAAATAGAAATGGAAATTTTAATATTTTATTAAATTGTTTAGTATCCAATATTAAATTTCCAATTTTATAAGCCAAGTGATTTCGAATCCTAATTGAAGCTATATTTCCCATCTTATAATTTAATACAAAAGCTAATGTTTTGGAATAATTTTCAAGCTCTTTATTTTTAATCATTTTATTTAATTTAATTAGCTCTTTATTAAAAAAAGGAGTATTAAAAGCAACATACCACCATTCATCATAGTAATCATAATGTACCGGATAGTAATTTACATCAAATTCCGTATAATAGCTCTCCCAAGGCTTTACAACATAATGAGTATAATGAAGAATAGATAAATTTTGTAAATTTTTTTTCATTTCTTCTCTTGTATAATACCAATATGGCTGATTTCCTTCTCCTTTAAAATCATTAAAAATACCTTTTCTATCTAAAATAAAATGACCAGCTATAAAATTCCATTTACAAGGAAGTATTATTACTTTTTTATTAATAACATAATTTAAAATATCCTGATCTCCAACTTCAAATGTGTATGAATTTGCAACATTTACCATTCTTTTTTCTAAAGATTCTAATCTCCACTGTTTTAAATTGATTAACATAAAACCAGCATTAAAATAAAGAGGACCTTTTTCAATAATCAAATCTCTAACATTATCTTTTTTTGATTTCCCTACAAATAAACTTCCTGGCCATTGTTTTATATCTGGAGATGCTGCAATAATATAATCTTGTAAATCCAAACAAAATAATTCTCTCAAATCAGAAAAAACAAGCATATCTACATCTAAGTACAAACATTTTTCACAATTTTCAGGCAAAATACTCCCTAAATATAACCTAAAATAGGTAGCATAATGCTTTACCCAAATAGGAACATCCATCTCTTTAAACAACTCAGCATCCATTATGTGTAATTTAATTTCCGCAGGATAATCATTTTCTCTACTTAAATGTTTAATCATTTGATCAAGCTTTATAGAAGTTTTTTCTTGTATAGAATCAATTAAAATATGAAATATAAACCCTTCTCTTGACTCGAGAGAATTTATATCAATCTTTGGCAATATATTAGCTTCTTTATAAACATCAAGAAAAGTTTTTTGACTATTAATATTTTTCATGATACTTGTAATTAAAACTGACAAATATTTCACATAAGATTCATTACAACCAAAAACAATATGAAACATAAATAAACCCTCACAATTTATATATTTAAAACTCTAAAAATTAACAAATATTAACCTTATTAGTAAAAACTTTCCCAAACTTATCTTTCTTATAATCAAAATATTTTTTTTGCACAGTATGCTTTGCAAAAAATTCATCTTTATCAAATTGATAATAAATCACGGGCTTTTTTAAAACAGCCATCTCAAAAGCCACACTTGAATAATCCGTTATCATTAAAGATGATTCACAAAAAAGCTTTTGCATACTCATTTCAACAGAAGGTATTATAATATAATTTGGTAAATTAAAACCTTCCAAATAAGGTCTAATTTGTGGATGAGGACTAAAAACTATTTTGTAATTATATTTTTCATGTAATTCTTGTAATTTTTTACTGTGTAAAAAAGAATCCCATCTATAAAAATACTCACTTTCATAAAATTTTGGATTAAATCTTCTTTTCATTAATTTTTTACTATAAGAACCTACTATATATTCTCTCCAAGTAGGCATAATAAGAATTTGTTTAGTCTTTATTTTATTATTTTTAAGCAAAGCATCCCATCTAGGAAATCCCGTTAATTTTACCTCTTTAGGAGTAAATTTATAACGATTAAAATCTCCTGCTATAGAATCATATTCATCTTGCATTCCAGTAATAAATAAATCAATTTTTCTTTGATTCAACCAAGAAGATAAATCATTCTGAGTAATTCCATGTTGCAAAAATACAAAATCTTTAGTTTTTAAAGTATTTTCCCCCAAGGCTTCAAAAAAATACCTCTCAATATGCGATGAAATGAGTTTATCAGCCTTAAAAACCAAATATTTAAATTTAAAACTTTTTGGATCAACCAGTTTAAAACCTTCTTTTTTTAGTCTTTTATAATCATGAGAATTTTTTCTAAGGACAAAGGCGATATTTTTCTCAGGATAATTTTTCATAACATAGCGATATAAATGTTCAGCATTATCATCGGCTCTAAAAGGCATATCAGCAAAAAGCCATAATGATTTATTCTTAGCCCTTCTTTTTTTTAATTTTTTAATCTCATAAGAAATATTATAAGAAGTACATCTTTTTTCTTGATAGATTATATCAACCTTTTTATCGTTAATAAAACAAATCATATTTTTAGCATCTATAAAAAATTTAAGCCAAATTCTTCTTTCATAGATAAAAACTCGGTTTAAAAAATCATACTGTCTGATTTTTGAACAAATGATTTTGGCTAATCTATCGTCAAAAAGCATTTTAATTTCATCGTTAACATCTGCCGTATAAAATTTAATTAAAATTTCATCATTTTTATCATCTATTTGCTCGATAAAAACTTTGTCTATAAGCACTTTTTCTTTTTTAAAACAATGCAAAAATCCCATTTTGTGTAAAAACAAAAAAGAATTAAAATTAAATTTTATTATATTTTCACTATCAATAAAATAACAAATTTGATCGAGTAAATCAAGATATTTATGAATTTTAGCTTGATCTATAAAAGACAATTTTTCAGGATGATTAACCAGTTCTTGCACCTGCCAAAATAGTTCATACAAAATAACATTTTGTATGAAAATAGGAATTTTATCTTGCTTTGCTACAAAATTTAAAAGCTCTAAATATCCTTTTTCTAAAATTTCTAAATAGTAAATTTTATTTTTATTTTTTTTATCTAAAGTGGAACTTTTATCAAATCTTTTTCTATAAAAATATCTTGCATTTTTTAAAAATATAGATTTTAGATTTAAATTTTTAAATAAATAAATATTAATAAATTTTCCATCTTCAAAATTTAAAGTCAAATTTTCATCAAAAAAAGTATCTTTAAGATAATCACATTTTAGAAAACATGATGCAACCGAAAGTTGAATATTTTCATTTAATTTTATATTATCATAAACACTTTTGTGTTTTTTGAATTTAAAATTTAAAGCATGAGTATCTTTATATAAAATCTTTCTTTTTTCCCTATAAAAAATAATATTTGTAGCCACCATAGCTATATTATTTTGATTTTTTAAAAAACTATCTACCTCATAAAAATAATCCCTATCTAAAAAATCATCAGGATCAGTAAAGGTTACCCAAGGAATATTTAAATTATTTTCCTTTAAATATTTTAAACCCAAATTCCTCGCACTTGCTTGACCACCATTTTCTTTGTATAGATAGATAATATTTTTTGGGTATTTTTTTTGATATTTTTTAATGATATTAGCTGAATTATCAGTAGAACCATCATCAACGCAAATTAGATGAATATTATTTTTAAAATCCAATCTTTGATTAATTATAGATTTAAAAAAATCATCTAAATATTTTTCCACATTATAAACCGCTGAAACTATGACATATTTATTATAGGCTTTGTATTTTTTAGGTTTAAATTGTTTTAAAAAATTTTG
NZ_AP028346.1_gap45	1361843	1366032	4189	CTAGCATCATAACTTAAATTAGTAGGCATTTTTTCAAAACTCACACAAGCTTTTAAAATTCTAGCAAAAAGATCAAAATCTTCATAACCATGTCCAATAAAATTTTCATCATTTCCGCCTAATCTTAAAAACTGATGTTTATTTATCACAATACTTGAAGTAGAACTTGGGGCAAAAAATTTTACCCAAGTATTTCTTGCTGTAAATAAATCCTCTTGTATCAAAATATCCCAAAATTTATCATTGTATTGTTTTAATTTTTCATTAGCTTCTTTATTAAGATACACTACAGGTAAAACTATCAAAGCATTGATATTTTGAGAAATATTTTTAATTTGAATTAGTTTTAAAATTTTTCCAAAATTATCCAAGGAAATATAACAATCCACATCCAAAAACAAAAGAACATTTGAATGCGCACAACTTGCTCCTAAATTTCTGCATTTTCCTTGAGAAAAAGCTTTTTGCTCCATATCTTTAAGATAAATATGATGGTTTGCTTGGATAAAATTTTTAAGCTCGTGATTTTTAGATGAATATCCTTCAACAAAAATAAATTCTATATTCTCATCACTTTTAAAATATTTTGCTTTCTCAATAACCCTTTCTTCTATATAAGGACGCTCCTTACTTAAGCCAAAAGGAATAATAACAGATAAAAGAGCCATTAAACATTTCCTATAGCATAAAGCTGGATAATCCCTATAACCCTTTCTTCTTTCCCTACTATAATTTCTTTGATTTTATGTTTTAGCATGATCTCCTCTGCTTCACTTGCCATAGCATCAGCATCGACTACTTTAGGATTTGTACTCATGATTTCTTTAGCTCTAAAATCAAATCTTGGTTTATCGCTTGTCTTTAAAGCACGACGCAAATCCCCATCAGTGATGATACCCACTAATTTTTCATTCTCAAGTACCACACAAAGCCCTAGTTTTCCACTAGTCATCACATCAACAAGATCGTTAAATTCAGTATCAGGATGCACTATAGGAAGGTTACTTGAAACCATAAGATCTTTTACCTTGGTTAAAAGCTTACGTCCCAAACTTCCCCCTGGATGAAAAAGAGCAAAATCATCAGGCTTGAAATTTCTTACCTTCATCAAAGCAGCAGCTAAAGCATCCCCCATAACCAAAGTTGCGGTTGTCGAAGACATAGGAGCAAGCTGCAAAGGACAAGCTTCCTTTTCCACAGCTATATTTAAAAATATATCGCTTTGCTTTACAAGGGTGGAATTTTTTTTACCACACATTACTATAAGTGGAATTTTACGCTTTTTTATAGCTGGAATGATTTTTAAAATTTCTTCAGTTTCTCCTGAATTTGAAATAGCAATTAAAACATCTTCAGGAGTTAGCATTCCAAGATCTCCATGCAAAGCCTCTCCTGGATGGATGAAAAAGCTTGGCGTTCCTGTACTTGCTAAAGTAGCTGCTATCTTAGCACCTATATGACCTGATTTACCCATTCCACTGACTATGCAACGCCCTTTGGTATTTAGCATCAAATTCACAGCTTGATTAAAATTTTCATCTAAATTTTTAGCCAAATCCAAAATAGCTTGTGCTTCTTTTTCAAAGACTTCTTTGGCTATTTCAAGAGTATTCATTTTTAAACCTTAAAGATTAAGTACAACATTGGTTGCAATAGCAATTTGATAAAGAATTTGAGTTAACATTGAAAAAATTTGCAAATTCTCACTATCTACTTTTGGCAATACCAACACAGAATCGCCTCGTTTCATATCTATACCACTATGATATTTTTCAGCTTTTCCATTGCTTCGTATCACTAAAACTTTTGAAGTATCCGCTCTTTCTCCATAACCTCCTGCAAGATTGATATAATATCTTAAATCTTTGCCCTTATCATACACAAAAGCTCCAGGTAAAGAAACCTCACCTTGAACTATGATGAGATTATTCTTACTTGGTACATTAATAGTATCACCATCTTCTAAAATAACCGAATTATAGGACTTTGGATTATCAATGACAATTTGACCCTTAGGCTCTACTTGCTTAGCTCTTTGGATAAATTCTAAAATCGTTTTTGCTTGTTGAGCTCTTATAGCTGCACCTTGAGCTGTAACAGAACCACTAGTTAAAGCTAGAGTTTCAAGCTCTTTAAGCTGAGCATTGATAAGTTCTTTTTGAGTTCTAGCTACACTTTTTCTAAACACTTGTAAAGCTTGCATGTTTGATTGTGGATTAGCTTTAATTAATTTAGAAATATCTTCTAAAGTCGTTCCTTTACCCACAACTAAAGTTTTTAAACCATTATGCTCGCCATTTACACTTATAGTTATATTTTCAGAAACATACTCAGGGTGAAATTCTACCTCATCTCCCGTTCTAAGTAAAACTTTTGAAAATTGCATTTTATTATAAGCACTGACATCAAGTTTATGATCTTCACCATAACTTTTTACGATAGCATTAGTCACGATAGGTTTAGCACCTGATACTCTAGCTAAGTCAGCTAAAGTTTTAATATCATTTGAAAGTTCAAAACGAAAAGGTCTTTGCACATCACCGTTAACAAAAGCGTAATTTTGAACATTTCCTACTAAAATAACATCTCCACTTCTAAAAGGAAAAAGATCCATTTGCCCCTTTAGTAAAAAATCATATAAATCAATATTTTTTATCACGCTGTTATTACGCAAAATTTGAATATCTCTAAAACTTCCATATTCTAAATTTATACCCCCTGCTTTATCAAGATACTGGACCACTGAATCCGAACTAAGTCCTTGATAAAGTCCTGGAGCATTAACGCTTCCTGTTACAAAAACACTGACATTTTGATAAGCATTCATATCTGCATAAACAAAAACATTGCTTTTATAGATTTTATTAACACGTGCTTTTATAACACTTACAAGGGCGCTATTTTTCACACCTAGTAAATTTACAGCTCCTACTTTAGGGATAAAAATATTTCCTTGAGAATCCACCACTAAAACTTGCGAAAACTCAACAGCTCCCCAAATTTTAAGACTGATTTGATCACCAACTGCGATCTTATAATCTGGGTTATAAACTCTTTGATTGTAATTTTTAAAATTTCCATTAAAAAGATGAGCGCCAAATACTAAAATTTGATGAATTTTTGTAAGATTATTTTCTTTATTTGCTATATCATAATTTGAGCTTAAATTTTGATCTATGCTAGTTGTAGTAGAACCTTGATCCTCTGCTGAAATGATTTGTGAAACATCCACAGCTCCAAAACATAAAATACAACTAAAAAGTAAAATTAATATTTTTTTCATTTTAATACTTATGCTCCTCTATTATCATTTTAATAAATTTAACAATCCCAAAAATCAAAGATAATACAATAAATGCTGTTAAAATATCATAAATTCTTTCAGGATATTTTGCGCTTTCTGGAATATCTGGACTTTGAATGATGACAAGTTGTTTTATTTTTCTTAATGCTTCTATTCTAGCACTTTCATAAGCTTTTAAAGCTGCTTCATAAGCTTTTTGCGCAAAAGTAGCTTCTATAGTTAGATCTTGAAATTTAGCAGCCAAATCATTAAGCTTTTGAGAAGAATTGTTAGCTGAAATTTTAGATTTTTCCCTTAAAAGCTGTTTTTTAATCGCTTCAATTTCTGCTTTAAGTGCTACTACTTCAGGTGCTGCATCATTCATATAGCTTTGTAAAGTTAAAAGTTTAGCTTCTTTTTGAGCTAAATTAGTCTCAATTTGCGCAACCAAACTTGCTTTAGCTTCAGCTTGTTTCAAGGGATCAAAAACCCCATATTTATTTTGAAAAGCAATCAAACCATTTTGTGCTTTTTGATATCGTTCTTTGTATTTTTGTACTTCATTTTCAGCAAAAGCCATTTGTTCTCTAGCTGCTTTATGAGAGATTTCGTTGATAAACTTTTCGCTTTCTTGCATAATAGTTTGAGCAATCAAATGAGCTGATTTAGGTGTAAAACCTTCTACTTCTACCTGCAAAAGCTTAGTAGTTTCATCCGTATGCACCTTAACTCTTGCTTGGTAATATTTAAGATAAGATTCTATTGAGCTTGAATCCCAAATTTTAAAAGGCAAATCTATATGTTGTTCTTGGTAAAGATCTTTAAGTTTGATTTTCTCATCTAAAATTCTTAACATATCACTTGATTCTATATAACCTTTTAGATAATTTAAATCTTCGTTTGCTG
NZ_AP028346.1_gap46	1372356	1373789	1433	CGATAAAACCACAAGTATTTACGATTATAACATCAGCTTTGCTTGGTTCATCGCAAAGTTCATAAGCACTAAGGCGCCCTAGCATGATCTCACTATCGACTAAATTTTTATTACAACCTAAAGACATAAGATAAAGTTTTGACATTTTTTTCCTATATTAAAGTTTTCTTTTGATATAATTTTTGACTTTAAAAATATAATTATAGCAAAGAAATTTTATGGATAATTACGAATTTAGCGAACTTTTAAAAACTTTAAAAAACAAAGTCGGCAACATAGCCTCCATCATCAAGCCTGAAAATATCCAAACAAGGCTTAAAGAAATCGAAGAGCTTGAAAATTCTCCTTCTTTTTGGAGTGATGTTAAACAAGCAGGAATCATAGGTAAAGAAAAAACTAAAATCACCAATCTACTTAAAAACTATGAAAATGCTTTTAATGCTCTAAATGACGCAAGCGAACTTTTCGATCTGGCCAATAGCGAAAACGATACAGAAACACTTGAAGCTTTATTTAATGACGCACCAAAACTTGAAGATACCATCACAAGTCTTGAAATTTCCATGCTTTTAAGCGGGGAAAATGATGGTAAAAATGCCATTGTTTCCATTCACCCAGGTGCAGGTGGAACGGAAAGTAATGACTGGGCAAGCATACTTTATAGAATGTATTTAAGATTTTGTGAAAGAGAAGGTTTTAAAGTCGAAACTTTAGACTTTCAAGAAGGCGAAGAAGCAGGACTTAAAGATGTGAGCTTTTTAGTTAAAGGAGAAAATGCTTATGGTTATTTAAAAGCTGAAAATGGTATCCATCGTTTGGTAAGAACTTCTCCTTTTGATAGTGCAGGACGCCGTCATACAAGCTTTTCAAGTGTTATGGTAAGCCCTGAACTTGATGATGATATAGAAATTGAAATCGAAGAAAAAGACATAAGAATAGATTATTACAGAGCAAGCGGTGCAGGCGGACAACATGTCAATAAAACAGAATCAGCTGTGAGAATCACACATTTTCCAACCGGCATAGTCGTACAATGCCAAAATGACAGAAGTCAGCACAAAAACAAAGCCACCGCTTTTAAAATGCTAAAATCTCGCCTTTATGAACTTGAACTCATGAAACAACAAGATAGTGCTAATACTGGAGAAAAAAGCGAGATAGGTTGGGGGCATCAAATCCGTTCTTATGTGCTTTTCCCTTATCAGCAAGTCAAAGACAATCGCAGCGGAGAAGCTTTTTCTCAAGTGGATAATATCCTTGATGGGGATATCAAAAAAATGATAGAAGGCGTTTTAATTGCCTTAAAAGCGGAGTAACAGCTTAAAAATAAGTAATTTCTGCAAAATGTCGGTATAAAAAGAATTAGAAAGATAGCGGGATTTTCCCGCTTGTTTTATTATCTTGCATAAAACCTAAGAGCATCATTCACAGAA
NZ_AP028346.1_gap47	1380838	1385328	4490	ACACTAAATATATGGCTTCAACCTTACAAGAAATCGCTCAGCGTTTTCCAGACTTACAAAATACTGGAATTTTGAAAGATTTAGAAAATTATAACAAAGCTTGGAATGATTTTGCATCTAACCCTAATGAAAATGCCACAAAAATAGCCCTTGTAAAAGCTTCTCAGACCTTAACAGAAAGCGTTAATAACACTTTTGCAACCTTGGATAAAATCCAAAAAAAAGTAAATGATGATATTAAAAATACAGTTGATGAGATTAATAGAATTGGCGAAGAAATTGCTACTATAAATAAACAAATTTATGGACAAGAAGCCTTACCAACAGAACACGCAAATGAACTTAGGGATAGAAGAGATGAACTTGAGCTTACTCTTTCAAAGCTAGTTAGTGCAGTTGCAAGCAAAAATGAAATCAATCAAGACAATCGCCTTGATACAACCATCACTGATCCAGGACATCAATACAATCTAAGTATAGAAGGTTTTAGTATAGTAGATGGAATAAATTTTCATCCTTTAAAGCTTGATTATGATGATAAAAATAAATCTTATAGCATTTATTATGAAACTCCTGATGAAAAAGTTCGCGATCTTACTGCAAAAATTAGCGGTGGACAGCTTGGTGCTCAACTTGACTTACGCGGTAGAAACTATAGCAAAAGCGAAGGAAAATATGAAGATGGAATTATCCAAGGTTATATGGATTCTTTAGATACTTTTGCTAAGACCATGATCAATGAAACTAACAATCTTTATGCAAGTTCTGCGAAAAGTTCTGTTACTTCTGATTATCTATCTGGGCTTAAGGGAGATATTCCTTTAGTTAATTACGACAGAACCATACAACCAGGAAGTTTTGATATAGTCATTTATGATGATAAAGGCGATAAAAAACTCACCAAAACCATCACCATAGATGTAAATACAACCATGAATGATATCATGCGTCAAATCAATGCTAATACAGATGATAATAACAATAAAAATTCAAACGATGATGTTGATGATCATATCAATGCAAGTTTTAGCTACGATGCAAAAACTGGAGATGGTTTATTTCAAATCAATGCAAAATCAGGTTTTAAGGTAGCCATTGAAGATAAGGGCACAAATTTCGCAGGTGCGTTTAGTATAGGTGGTTTTTTCAGCGGAACTGATGCAAGTAATATGAAAGTAAAAGATTCCATCTTAAATGATCCAAGCACAGTAAGAGCAAGTTTAAGTGGGGTTGATAGTGGCAATGACATGGCAAATAAAATCATCCAACTTCAATATGAAAAAGTTAATTTTTATAATGAAGATGGCACTATCGATAATCTTACCATGGAAGAATATTACCGCAAACTTACAGGTAAAATAGCCTCAGATGGTGAAAATAACAATGTCGTCAATTCAAGCAATGAAACTCTTTATAATTCTGTTTATAGCGAGTACCAATCTAAAAGTGGCGTAAATACAAATGAAGAATTAGCCGCCCTTATACAATATCAATCAAGTTACGGTGCAGCAGCAAAAATCGTCTCAACCGTAGATCAAATGCTTGATACCTTACTAGGGCTTAAATCTTAAGCTCTAGTAATATCAAATGAAAAATTTTATCCATCTTAAAGCTAAGCTCGATTTTTTAGCCAATCAAAAAAATACCAATCATTCCCTTTTTGAAACTCCAGATCCTTTGCAAATTGCTAAAATTCACAATGATGAATTTATTGCCTTAATTTGTGCTTTATTTGCCTATGGAAATGCTAAAAATATAGTAAATTTTCTAAAGAAACTTGATTTTTCTTTATTAAACCTTCAAGAAAAACAAATAAAAAAAGAACTTAAAAATTTAAAATACCGCTTCCAAAATGAAAAAGATATACAAGAAATTTTTATCACTCTTTCAAGGCTGAAAAATGAAATTTCACTCTACGAACTTTTTTATCAAGCCTATCAAGAAAGAGAAAATACCACAGATGCCATCTTAGCTTTTATGCAAAAAATCAAAACCTTAAATTCATATTCAAGTTATGGATATGATTTTTTCTTTGGAAAAATTTGGCAAAACACTCCTACTTCACCTCTTAAACGCTATAATATGTATCTAAGATGGATGGTTAGAAAAGATGAACTTGATCTTGGACTTTTTACCAAAATTCACACCAAAGATCTTTTAATTCCACTTGATACACATGCACATAAAATTTCCTTGACTTTAGGACTTCTAAAGCGTAAAATATATGATTATAAAAGTGTTTTAGAACTCACACAAAATTTAAAAAAATTAGATGCAAATGATCCCATAAAATATGACTTTGCACTCTATCGTTTAGGGCAAAGTAAGGAAATTGACAAATTTAAGGAGTGAAGAATGGGTTTTGAGCACTTAAATACGATTTATTATTTCATACTTTTTTTTGTAGCTCTTTTTGCTGGTTTTATAGATTCTATTGTAGGTGGAGGAGGACTTATTACTCTACCAGCACTCATAGCCTGTGGGATTCCTGCGCATTTATCCTTAGCAACAAACAAACTCCAAAGCGTCTTTGGTTCTTTTACGGCTACTTTAACTTATTTTAAATCCACCACTCTACCTCATCTTGCTTGGGGTGTTTTTTTCACAGCCTTAGGAGCAGCTATAGGAAGTTATAGTGTTCTTTTTGTAAAAGATGAGCAATTAAAGCTTATTATCTTAATCTTTTTAACTCTTACCTTCTTATATACAGCCTTACGTCCCAACTTAGGCAAACACGAAAGCGAACCTAAAATAAAAAATATCAAAATTTTTCATTTAATTTGTGGCTTAACTTTAGGATTTTATGATGGATTTTTAGGGCCTGGAACGGGTTCATTTTGGATTTTTGCTTGTGTGATGCTACTAGGTTTTAATATGAGAAAAGCGAGCATTAATACTAAAATTTTAAATTTCACAAGCAACATCATTGCTCTTGCTATATTTTTATGGCAATATGAACTTTTATGGGCTGTAGGTTTGCTTATGGGTGTAGGACAAGTTTTAGGAGCTTATTTGGGTTCAAAACTTGTGTTAAAAACTAATGGAAAGTTTATAAAAACTTTATTTTTAATCGTTGTAGGAGCTACTATTATTAAAGTAGCTTGGGATTATTTTAGTTAAAATTGACCCCTGAGCTAAGCTCCCACATAGGTAAAAATATACCTAAAGCCAAAAACAAAACTAAAAGCGCTACAAATAAAGTCATCATAGGCTCTAAAAAAATCAAAAATCTATCCATCAAATTTTCGCTTTTTTGTTGATAATATTTGGCAATTTCTTCACTTAATACTTCAAGTCTTCCACTTTTCATCGCAACACTAAGCATAGAAAACACCAAAGAATCAAAAATATCAATCTTTTTAAAAGCCTGACTTAACTCAAGACCAGAATCTATAAAACTAAAAAGTTTTTTATACTGAAAAATTAAAAATTTATTTTCAAGCCCTATAATAGCTAAATCAAAAGCTTTAGATATTGAAATTCCATTTTTTAAAAGCAAAGAAAAAACCATAAAAAAATAATAATTTTGATTATAAATAATCAAACGAGAAATCAAAGGTACTTTTAAAAATAAAAAATCGCAAGAAAAAGCAAAAGAATGAAAATTTTTATAAGCTAAAATAAGCATAACAATAAAAATAACAAACAAAAATATGCAAAAAATTCCATAGTCATCTAAAAAATTATAAATTTCTAACATTACATGCGTGATAAAAGGCAAACTCGCGCCTAAATTTTCAAATAAATCTTTAAAATTAGGCACTACAAAAAGCATTAAAAACAAAAATGCTCCGATAATACTTAAAAAAACCAAAGTAGGATATCTAAAAGCCTTTTTTAATTGTTTTTGACTCTCTAAGCTTTTTTCTCGAAGTTTAGAAATTTGACTAAACACTTCACTGATTTTTCCTGTCTTTTCAGCCGTTTTAATCAAAGCTAACTCCGCACGATTTAATCCAAAATTAGCATTTTCAAAAGCTTGATTTAGATTTTGGGCTAAAATTAAATTGTCTAATATTTTTTTCATAATCTTGCAAGAGTGCATAAGATATAATTCTCTAATCGCTTCTTGAACACTTAATCCAACTTCACACAACAAAGCTAGCTCTTTAAAAAAGAGTATAAAATTTTCATCTTTTAATCTCTGAAAATTAGATTTTTGAATTTCTTTTATATCAATGATTTTCCAATTCTTTGATAAGGCTTTTGCTTGTGCTGTATTTAAATTTTCAGCTTTTATAGTTTTTGTATAATTTTGATTGTTTTTAAGAAATTCCACTTCATAAAATTTCATCTTACAACCCTTAAAAGCTCATCTATACTTGTAAGACCTTCTTTGGCTTTTTTTAAACCTTGTTCAAACATAGTTTGAAAGCCATATTTTTTTGCAAGCTCCATTAAAATCGTTTTATCTTGATTTTCCCTAATTGCACAAGATAAATCTTCATTGATCTCTAAGCACTCAGCGATTAATTCTCTGCCAAAAAATC
NZ_AP028346.1_gap48	1513804	1515267	1463	TTTAGCAGCGATAGTAAAAGATAAAGAAGAGCTTATTTGTGAAGCAGCGGATTTAATGTATCATTTAAGTGTTTTACTTGCAGATGCAAATCTTAGTTTCTCAGATGTGATTTCAAAGTTGAAAGAAAGACATAAAGCTTAAAGCTTTATGTAAAATAAAATTTATATCAATGCAAGGCTTCATTAAGTTTGACTGCTTTTTTATTTAAAGCTACTATCATAGCACCACTTATAGAATCTTGACGGAAATGTAGTCCATTTAAACCTTTAAGCTCTAAGCCTTTGTAAATTTCTTTATCAAAATTAAAATAAGGATTAAGTTTAGCAAGTTCTTCGGCATCTTTGAGTAAAAATTTCGTTCCCTCTAGCACTGCAATACCTGCATCAACTATACAATTATCCCCTAAAGGAATTCCTGTCACTGAATTAGCCCCTAAAAGACAAGCCTTGCCTACGCTTATAGCATTGCCACTTGTTCCACTTAAAACACCTAAAATCGAAGCTCCGCCACCTACATCAGAACCTTCTCCTACTATAGCACTTGAACTAATACGCCCTTCAACCATACAAGCTCCTGTTGTACCTGCATTAAAATTCACATAACTTGCCCCTGGCATGATGGTTGTTCCTGCTGCTAAAGACGCACCCATTCTTACTTTAGAACTTTCTAAAATTCTTGTATTATCCTCAGGGATAATATGTGCTAAAAATCTTGGGAATTTATCAACAAAATCGATTTTTGGATATTGATTGCTCATTTTTAAACGCATTTCATTTGCTCTTAAATACTCAAGCTCGATAGGCTTATCATCACTCCAAGCTACATTGCTTAAAAGTCCAAAAGCTCCATTTAAATTGATACTTCTTAAAGGTACTTTTTTAGTAGAAAGCAAATAAAGTTTTAGATAAATACTTTCTACACTTAAAGGTTCTTTATCTTCAAAAAGACAAACAAAAGAAAATTCATCGTCTTTAAATTTATCTTTGATAATCTTTAATAAATCAATATTTTGATGCCCATCTTCTTCTAAAAAAGGTTTAAAACAAGAAAGTGCAAAATCAATATCTTCTAATTTCAAAGTTTGCACAAACTCACTCGCATTAAAATCAATCTCCACGCCCCTTTGCATAAAAGCTTCAAGCATGATTGCCGCTGAGCCAAAATTTTGCTCATAGTTAATCAAAGCAAAACTTGCTTGTAAGATTTTATTTTTATTTAACTGTCCTCTATCAAGCCTTGCTATACCAAAAGCTTTAGGTTTTTTATAGCCACTTTTTTGCTCGATTTGTTTGATTAAAAGTAAAAAATCTTCTTTAGTATTAATCATTTTCTTTTCCTTATCCACTTAATTTTTAATGCGAACACGCACTTTTTCCATTCATCACAGGTTGTATAGCAGAATTATCCGCACCACCTTCATTGTTAATCTTTTCTATAAAACTCCAAATTTTTTCAGCCGCCA
NZ_AP028346.1_gap49	1542229	1543523	1294	TTCAAAAACCCCGCTTAAAACCTGAGCTTTATCGCTTTCTTTTCTTGGTGTTGCAAATTTACTTCCGCCTTTGCGTTTATCAAGCTCATTTTGCAAAAATTCTTCATCAAATTTAACTCCAGCAGGTATTCCATCAATAATACATCCAACAGCCACACCATGAGACTCACCAAAACTTGTAAATTTCAATCTCGTACCAAAGGTATTCACTATAAAGCTCCTAATTTCTCAAGTGCAATTTTTGCTGCCATTTGCTGTGCTTCTTTTTTGCTTCCTGCAATAGCTCTTGCAAGTTCTTTACCATCAAGCATTAAAGCAATTTCAAATTGCTTTAAATGATCAGGGCCAAAAGCACGCACTGTTTCATACTGCGGAGTTTGTCCGATTTTTCCCTGTGTAATCTCTTGTAATTTTGTTTTATAATCTTTTATAAGAATTTTTGCATCAATTTGAGGGAAATTTTTTTCTATAAGCCTTAAAGCAATAGTTTTTGCAAACTCGAACCCAGCTTCTAAATGTATAGCACCTATAATGGCTTCTAACGCATCTGAAAGTATAGAAGGCTTTTCTTTTCCTCCATTGTTTTCCTCAGCAACACTCATAAGAATAAAATCGCCCAAATTTAAACTATTTGCAATTTTTGCAAAAGACTTTTCATTCACTAAAGCTGCTCTAAGCTTAGATAAATCTCCTTCGGCATCTTTGGCGAATTTATGAAAAAGGTATTCACCTACAACTAAATCAAGCACGGCATCACCTAAAAATTCCAAGCGTTCGTTGTTGTAAGATTTTTTAAAACTTTTATGGGTTAAAGCATGTATAAGAAGATTTTTATCTTTAAATTCATAAGTTAAACTCTGCTCTAGCTTTTCAATGTTTTTCATCATTTTCCCTTGCAATTTTCAAAGCAGCTTCACGCGCCAATGTATCACACCTTTCATTTTCCAAATGTCCATTATGTGCTTTTACCCAAAAAGCCTTAATCTTATGAGATTTTGCCACTTTAATATATTCCTTCCATAAATCTATATTTTTTTTACCTTTAAAATCCTTTTTTATCCATCCTTCTAGCCATTCATTAATACTTTGAACCATTAGGTTAGAATCTGTAAAAAGCGAAATTTCACAAGGCTCTTTTAAAGCCTTCAAAGATTCAATAATTGCCATTAGCTCCATTCTATTGTTAGTGGTATTAGCCTCAGCTCCAAAACCTTCCTTTTGATACTCCTTATAACGCAAAATATAAGCCCATCCGCCAAAACCTGGATTATTAAGACATGAGCCATCTGTATAA
NZ_AP028346.1_gap50	1576098	1580100	4002	GCTTTAAAACTGCTCTCATCGTTTTCAACTATAAAAACTATTCTTTTATTATCGATGAGGTTTAAAAGCTCATTTATTTGCTCGTGTGAGTGTATATTTTTCATCATGCTATCACTTTGAAAACAAACAGCGTTTAATCCTAGCAATTCACTTACTATAATTTCTTTGATGCCACTAAAGATAAAACAATAATCTTTTAATAAGCCTTTTTCTTTGGCTTTTATAAGTTTTATAAATTTATTGCTACTACCTTTAACTTTAAACCATTTGACTAATTCATTTTTAAAAAGCTTTTCTCTAATAGCCACGCTTTTAATTTCGTTTTTATCTTTCAAGATAAAAGCCAAACTTTTATCATCTTTTGAAAAAGCAAAATAGTCTTTTAAAATACTTTCAAACTCATCATCTTTTAAAAAATTTAATTTACATAAGTGCATAAAAAGTCTAAAATCATTAAAAAAAGCTTTTTCTAAAGCCTTACATTCTATAAAATCGCTATTAGCTAAATTAAAATTAGCCTGTAAAGAATAAGCTATATTTTTTAAATAGCTATTATCTTTTAAAGGCTCTTTTTGTGGTTTAAAGCTACCCACCTTTTGCGTGGGTAACCTGTTAAAATCACTAAATATAATCAAAGCTTCTTTTAACTCTACATTTTCTTTAAAGGCTATAAAATCGATTATATCCCCACTAAAACTTCCATTAAAATCAGTAATCAAGCAAGTGTTAGTTTTTATTTTAAGGCTTTTATTGTGTCTTTCATTTCCTGCTTTGTCAAACTCCAAACCATAGCGTAAATATAAAAAATCAACTATAGAATAATAATTTTTTATATACGCCTTTATTTCATCATTAAAAAGGCTTATGCTCATTTTAAGCCTTTAATTTGTGTTTTAAAGCTTCATAAGTTGCCTTACAAGCATTTATAAAAGAATTTGCCTTTTTTGTTCTTTTTTAATGAAAGTATTCTTTTTAAGAAAAAGTTTTTTATTACTTTCTAAAATTACTAAAAGCTCTTTTATTTCTCTTTCAAAGTCTGGTAATTTTTGCAAAATTTGTATTTTTTTCTCAAGTAAATTAAAAATTTCAAAGTCAAAGTATCTAAATCTAGTATTAAATATAAAACATAATTCGCTTTTTAAATATTCTAAGGCTTGTTTATTATTCATAACTACCGCCTTAATTGATAGTATGGTTTTTAAACCACTCATCAAGCTTAACTTTTTCATAAAAGATTTTTTTACCTATTTTAATATAAGGTATTTTCTTTTGCATTCTGTATTTATTTTGAGTATCTTTGCTTAAGCTGTAAAGTGTAATTACTTCTTGTATAGTTAAAAAGTCTTTGTTTGTGTCTTGCATTTTGTGTCCTTTCTAAATTTTATTAATGCAATTAATAAAGCCATTAAAAAGGAATTAGTAAGTTTAAATTTATTACAATTTCTTTTAAGGGCTTAAACTATGGCTCTTATAATGAAATTGTGCGTTTTAATTCTTTGTTTGGCGACTTGATTGAAACGCACTAGATTAAAAAGTTTAAAGCTTTTCAAATTTCATTAAATTAAAAAATATTATTTGAAATATTTAAGAAGTATTTTAGCAGTTTTTAAAATAAAAGACAAGACAAAATTAAAATTAAAATATTTTAATTAATTGTATTATATATTAATTATATCTTAAATAATTATCAAAAGCTTTTATAATAGCATTTTTAAGCTCTTTTCTTTTAACTTCTCTTTTATTCAGTTTATATTTTTCTTGCATTTTAAACATAAAATCATCGAAATTATTATTACAAGCATTGATGTAATTTTTGTTATTGTTAAAATCTATAGAAAATAAAATATTTTTATTAATAGCTAGCTTTATGTAAAAATTGATATATTCTTTTATATTTCTACTTAGCAGTCTATTGGTAAATATATAATTTTTCAATTCTTCTGCTGCTGGTATTTTTCTACAAGCATTACAAAATTTATAAAAATGATATTGGACTATTTTTGTATTTTTTAGTATATTTTCATCTTTCAAATTTTCATCTAATATTTTTAAAGCTTTGACTAATATTTCATTATCTTTTTTTATTTGTGTTGAAGTTTTTTTTATTTCGCTTTTAAATATAGTATTATATAAAAACTTTTCCATTGAAAATTTTACAAAATGTGATAAATTATGTATTATATTTTCTCTTTCTTTTACTCTTTCTCTTGGGGATAATTTGTTAAAAATCTTAAAGCTATTAAAAAGAATATCATTATTAAGTAAAAAATCACATAAGGCTATTTTTTGTTCTTCTATCTTATTATTTAAAATTGTGCATTCTTCACTTTGAAAGATAAAATATAAAGGATTTTCAAGCCAACTATTACATAAATAATCATATAAATAGTTTTCATCTTTTGCTTTTTCTATTTCTATATTATAATATGGCTCTATTTTATCATTAATGGCTTCTTGACATTCTCTTTCTTTTTCCCATTTTATCGCCACTTCAAAATCAGCTTTAAAACTTGGTAACATCGCTTATTTTACTCTCTTTTTCCCATTTAACCACTTATTAAAATAAACTTAAATTAAAGCCATTAATAGTAAGTTTCTTTTCTTTTTTTAACTTTACTTTTGTATTTTCTATTTTTGCCATTGCTTTAATGACTTTTGCCAAATCATCGCTTACATTTTCTAAAATCAAGTTCATTTTTAACCCCTTAAAGTGTTTTAATATATGCTTTAGCCGATACCGCTAGAAATGCACTTCTTGATAAGCCCATTTTTTTAGAATAAAAATCTATCTCATCTACAAGACTATTTTTTAAGGTAATAGCTAGATTTTTACTTTTGTCTTTTTGTATGGGCTCTGGGATAAACTCATTTTTAGCCAAAGCTTCTTCTAAATAACAAGCAAAGGCATTTTTTAAATCTTCTATTGCTTCGTTTGGTGTTTTACCATCTCCTGCCATTAAGACAAGTTTATTAAGTTCTTTATCATCAAATTGTGCGAAATAATCGCCATCATCAAGTTTTACTAAATTAATCTTATAAGGCAAATTCAAATAATAATTTATATCTTTTTTCATTTTTCATCCTTTAAAAGTTTTAATATTTGCTTTACATAAAATTCTTTTATAGGTTTATGCAAAGGCACAATAATGCTTTTATTATCTTTTTTAAATTTATGATGACTTCCCCTAATGCTAACTAGTTTATAACCATACCAACTTAAAAGCTTTTCTATGTTAGCAAAACTTGCATTTTTGGGGTTATTTTCTAATTCTTTGATTAACTTTTCTTTGTTGTTCATATATGTATTATATATATAATTATCTTAAAATATTTTAAATGCATTCAAAGCCTTGCAAAGTATTTTATATTTTATTAAGTATTTGTATTTTATAATTCTTTTACATTCAAAGGGAGGCTCAACCCCTATTAAGATAATCTAACAAATCTTTATTTATTAAACAAATCAAATCATTTAAAAAGTTTTCTATCTTATCAGGCATTAAACCTATATTAGTCCCTTTTTCTTTTGTGCTTATGCGTGGATATAATTTATTATCATTTTCTCTAATTTTTAAAAGATTTTCAAAATGACAGGCTCTATTCCTTAAAGTATGTAGCAAGTTTAAAACTATATTAACTTTATCTATATTATCAAAGCCTTGTTTTGTATTTTCGTAAATAAAAAAGTTTCTATTACTACTGCTATACTTCCTAAAATCAAAAGCCCTTAAATCTAAAATCTTATTTTGCACCTTGTAAGATATGATTAATTTAGCCACTACACCTAAGCTAAGGCGTGATAAGATTTGATGAGGTTTTAAACTATCTTTATCTTTAAACTCATTTATTTTAGCCAATAAAAAGGATTATCGCTAATTTTTATCCATTCTTTGCAATTACTATTTAATTCATAATCTAGGGCATTTCTTAGATAAATTTCAAGTATTGCTATTTTAGGCATTATCTTAGATATTAATTTCAAGTTCTCAAAATGTTCGTTTA
NZ_AP028346.1_gap51	1581283	1583035	1752	CTATCAATCGCCATTTTTAACCTTATTATTTTTGCTATATTATAGCGTATTTCAAAGCCTTATAAACTTAATAAAATTATCTTAGGTTACCTTTACTTTAGGGTTAGGACTTATTTTTACCTTTTTTACCGCTAAACTTAAATGGATGAAAAGGACTATTTTATAGCTATCCTTTCATCCGGTTACTATTAAAAGTTACCTGCTAAAAGGTTGCCTTTTTGAAATAATTCGAAATGATACAATGGGACTTCAAAGGCTTCAGCGTAATTTAAGCAAAATCTCTAAAAGTATGGTAAAATGGGGGTTTAGAGTGGTGCGGATGAAAGGACTTGAACCTTCACGCATTGCTGCACCAGATCCTAAGTCTGGCGTGTCTGCCAATTTCACCACATCCGCTAAAGTGGTACGCCCAAGAGGATTCGAACCTCTGACCTACGGCTTAGAAGGCCGTTGCTCTATCCAGCTGAGCTATGAACGCATATAAAATCTTGGTGGTGCGCCCGATAGGAATCGAACCCATAACCTACAGATCCGAAGTCTGTCGCTCTATCCAGTTGAGCTACGAGCGCTAGTGGGGTGAGTGATGGGAATTGAACCCACGACCCTCAGGACCACAATCTGATGCTCTAACCGACTGAGCTACACTCACCATTTTGTATAAATTTATAAAAAATGGTCGGGGTGAAAGGATTCGAACCTTCGGCCCCTTGGTCCCAAACCAAGTGCGCTAACCAGACTGCGCTACACCCCGAATAAATAAAAGGAAATATTTTATCACAAAATAATTTTAAAGTCAAGGATTTTCATCTCTTAGTCTTAAAAAAACTGGAAAGCGAGGTAAGGAATTTTTGGTCAATCCATTAAATTTATAAGTCACAATACTACCAATTTTTGGAGGATTTTTTCTATCTTCATCTTTTAAACCACTGCCTATTTTAATGATTTGTCCATTAGGCATTTTACAAAGTAAGGCACCTACTTGATTTTCAAATTTACCCTTGCCCTTGCGAAATCCTACTAACTCACACTCTGCATCATCATAGGGTTTTAATTTCATAGCATTTTTACTTCTGCCTTTTTCATAAGGACTTAAATTTTTGCGTATGACAATACCTTCACCTTGATTTTTTATAATGCTTTCGTAAAATTGATTTAAATTATTTTGATTTTCAACTGGAATTTGAGGAATAATTTTTATATAGGCACTAGGATATTTTTGCAAATACTCTTCTAAAACAGCCAAACGATTTTTAAGAGTACAAGTAGAAATTTGAAATTCTTCGCAAGCATTTGGCACATCAAAAATATTATAAGTTACTTCCTTCCATAAGGTCAAATTACTATCGCCACTACGAATTAAAGCTGAAATTTCATCAAATTTATTTCTTGCTATCCAAAGCTCACCATCAATAGCAAAAGGAGGGAAATTTTTTGTAAAAAAGTCAGGAGTTTTTATTTTGTAATTTTGGCGAGTTTTTAGATATTTCCCATCCCAAATTCCACGCACTCCATCAAGTTTTTCGCTCATCAAATAAGCATTAAAATCTTTAGAGTTAAAATCTTGCTTATCGAATTTGCTAAGAAGTAAAATTTCATTAGCAAAAACTAAACAAGTACAACATATTAAAAAAACAAACCTCATCAAAGCAGATTAATCATATATCCAGTTGCATCTTTTTGAATATTATAATTATAAGTTCCATCAAGATATATTACAAGTCGATAATATCCTTTATGAGATCCAAAGTCTAT
NZ_AP028346.1_gap52	1588256	1589006	750	TTATATAGTCTTCACTATTTTCATATTACAGTTTTATATTATTTTTAAATATAAACAAGAAAATATAAATATAAAAGGAAAGGGAATATTTATGAATAAAACTGCATTAACTAAAACATACACAAAAGATATACAAAATTCCTGTTTAAATTCTAAAAAGATAGTTTTATCTTTAGCTGCTATTTCTTTTTCGGCAAGTTGTACTCATGCTACACTTACTCCTGAAATAGAAACTTACGAAGAGACAAATAGACATGCTAAAGCTAGGTCAGGTTTTCGTTCTAAAAGTTCGAATAATAATAAGACTATAAGTAGTTTACAAAATTCAACTCAAACTGTAAGTGGCGCCGGCAATACTCTAGTTATAGAAAGTGGTGGAACTATTACTATTTCTAATGGTAGCCAACAAGCGGTCAATTTCGCTCAAGATTCTTCAACTTCTACCTTTTTAAATCAAGGAACTCTTATAGGTGGAAACAATACTGCTAGTGTTCAACTAGGAGCAAATAACAATAACGGTGTTACCATAGAAACCTTTAATAATAAAGGTATCATAGGCAATGGTTCTTCTAAATTGGAGTAACAGTTTGGGAAATTCTAATAATAAATCTACTATTAATAATTTTACCAATAGTGGAACTATTTATTCAAATACTGGTGAAAGTATTTATTTTGGTAACGCCAAAATATCAAGTTTTGCTAATAGTGGGACTATTAAGAGTAAACAAGACACAGGAGTAAATATATCTC
NZ_AP028346.1_gap53	1632911	1633411	500	TGTGTAATAAAAATTACTAAAATCACACCCTAACTCTTAAATTTGCTGCATGGGTTAAAGCTACTGCGATAGCATCTGTGATATCCAAAGGCTTGATATCTTTACTAAGTCCTAAAAGCCTTTTTACCATAAAAGCAACTTGTTCTTTAGTTGCTTTGGCTTTTCCTGTAACGGCTTTTTTTACTTGTAAGGGAGTGTATTCTGCAAAATCTCCATGAATTTGAAGAATTTTTAAAGATAGGGCTCCGCGAAATTGTGCGAGTTTTAAAACGGTTTTTGGATTGTAAGCAAAAAAGATATCTTCTATAGCCACCTCATCAAAAGAATGATTTTTAAAAATCAAGTCCAAACCCTCGCAAAGCTCTGTGATTTGATACTGTAAGGTACTTGGCTTTATCTTTATAAGTCCTGCTTCTATGAGAATGTTTTTTCCTTTGTCAGCTTCTATGATAGCATAACCGCAATTTCTTGAACCTGGATCTATACCTAAAATTTTCAAA
