gap_id	start	end	length	sequence
NZ_AP035449.1_gap1	87385	89533	2148	AAGGCATCCTGTCCTGTCCAGATTCTGCCTTGTCCAATGCTGTCCACCTGAGCATAGCTCATATTTCTTCCGTCTGACACAAAGTTTACAAAACGGTCATACCCGCTTTGCAGAGTTTTGAATTGCCAGGTCCGCTCTGCTTCGGTCATGGAAAACAGCGGATTTCCAAATTGACTGTTGGGATAGAATAGAAGTGAATCAGGATGGATACGGAGCTTTTCCCGAAGAAATTTCTCAAATGTCAAAGAGCCGCCGTAAATCCCGATAGACCCTGTAAGGGTATTGGTTTCTGCAAAAATTTTATCGGCTGGGGCCGAAATATAATAACCGCCCGATGCTGCCAGAGTACCCATGGAAACAATAAAGGGCTTGGTTTTCTTTTTATTGGAAGGATTTATGATGCGGGAAATTTCCCGGTGGATTTTATCACTGGCCAGAATACTGCCACCGGGAGAATCCACCCTGAAGACAATAGCTTTTACCCTTGGATCTTTCCGTGCGGTTTTCAGGCGGTCGCAAATGGTTTGATCCCCCATGGTGAGCTCTCCTGAAAAGGGTGAATAACGGCTACGCCCTTCCAGAATGGTGCCGCTGGCATAAATAACAGCTATTGGTGAGGATGTTCCGTCAGGTTTCCAGTCATAGGGCCAGCCACGGGTCGGGCTGTAAGTCCATAGGCTTTTGTATTCAATCTTTTTTACATCCTCATAACCTGCAATGAGCTCTTTGATTTCATCCGGGTACGCGAGTTCTTGAATAAGATCCAAATCCCGGGCTTCCTGGATCAGATAAGGTCCCCTCCGGATCAAAGAATCCACAGTTTCATAACTCTGCCCATTCCCCCAGGCAATGCCTGTGATGATTTCATCCATGATGTCGGAAAGATATTCTTTCAAAGCTTCTTTGCCGTGTTCAGACATGCCGGTCATGAGTAACGGCTCCGGTCCGGATTTATATTTCCCGATACGCTTAATTTCAACGTTAATACCCAGAGAATCGAGCATCTCTCGCACATACAGACTGCTTGACGATAATCCCTGAATCCGGTATTCCCCCAGGGGATATGCCATCCGTTTTTCTGCTGCAGCAGACAGATACCAGGTCGCCAGATTACCATTGGTACTGTATACATAGATCCGTTTTCCTGCATCCCGCAAATCGGCCAGGGCATGCTGAAATTCCATCAGCTCCGAAAGCCCCATAGTAAAAGACCGGATATCCAGGAAAAGGCATTCAACAGAAACATCATTTTGAAAGGCCCGAAGTGCAGCCAGAAGATCGTTCATATCTGTAGTATTTGCCATTCCGGGAACCATTTCCCGAACATAGGTTCCCTCTAAGCGTATATGGACAACAGGTTTGGCGGTGTTGACCTTTCGCAGGTATCGTGAGTGAAAAGCGGCAGATAATGTGGTCCGTTCTTTATCTTTCCAAAAAGCCAGCGACTGATGGGAGAACGTGACACCCATGGAGACCTGGGCTGTTTTGAGATGATCATCATAAGAGAGTCCTACGTGTAATCCGTCCTTGACCTCCATATCGGCGGTATATATGGCGTGATGATTCCGGAACCGGAAATGTTCATCCACGTTTGTCAGGTAGGAATATCCAAAGGTCAACCGGTTATTAAATGGACGTATTGCCAGGCCAGCTGTAAGATGATTCGGTTCAGCCAGATTGTGTAGAACGGCACCCAGGGAGAGGTAGGGAAAGGGACGAAGCAACATACCGGCGGAAAGGCTTTTATCTGCAGTGGAATATTCAGCGCCAATCCACATATGCCTGAACAGGGGAACCCCAAGTCCGTAATTCCAGGTGAAGGAGCTGTCATATTGTCCGATGATAGAGAATCTTCCCAAAGACAATCCGGCACCTCCGTAGTAATCATCCCCTGTAGCCTGCTGAAAAAAGAGATGCAGTTCGGATCCTTTGGAAAGACCCGAAACAGCAGGGTTGATACCCCGATATTGGAGAAAGGATTCCCCCATAGCCGGATTGTTCAGTCGGGGAAATTGAGCCCATACAAGGGCAGGAATCATTAAAATACAAAGCATAAGCTGTTTCATATTCACTCCATATCCTTCATGTGATCAGTCTATGAAATCTAAACGAAAATCAGAATGTGATGAAAGCTTTTTAAGGGGATTT
NZ_AP035449.1_gap2	176942	177478	536	GACGCATTTCATTTCAGACATCGATCCATGATTCGTTGCATTCTGAATCATGGCGAACAAAATGGTCTGGTGCGGGAAATGATTCCGGGCCTTTGGATGACGGCTCCTGCCTTCAAAAGAGAACGTTCCAAAGATATGGGTGATTTGACTTTAAAAAACTTTCCCGGGCTTATTATCCGGGCGAAGAAAGTCCGAAAGCTGGTAGGACAACAACGACTGGAAACCCTGGTAGAAATGCTTCCGAAGTGGTTTCTAAAGGGTATAGGCCGGAAACGTTACCGGAAAATCCTTGAGACCCTTGTGACGGAAGATGAAATTCGTATGCTTCTCTTTCCCCTGAAAGAATCTGTTATTGAAGATGTTTTGAAGGTGTTTGAGCTGCCAGAAGGATGTCTTCCTCCACGAAAAAAACATCTTTCTCAGCTTTTAGCCTGCCACGGAATGGCACCGGAGGATCAGGATCTTTATCTGAAGTGAAGGACATAAACGGAACAAAAGTTTATTCAAACCGTTGGGATTAAATTGAAATTCAGGTA
NZ_AP035449.1_gap3	179213	182937	3724	GTGTACCCGCCGGAGGAAAGACCGGAACAACACAAAATTTTACCGATGCTCTTTTTGTGGGATTTACAAAGAATCTATGTGCCGGGACCTGGGTGGGCGTGGATGATCCCCGGGTCTCTTTAGGCGAAGGTCAGGCCGGGGCTGTGGCTGCCCTGCCGATATGGGCCACTTTTATGAAAAAAACATACGATGAACTGGAACTGCCCGTGAAGGATTTTAACATGCCTCCCGGCGTTCGTTCCATTGAAATCTGCTCTGAAACAAAAAAACTTCCAACTGAATATTGCCCCACAACCACCGAAATTTTCAATGTGCGCTATGCGCCTAAAACACGCTGTACCGTCCATGGGAAAAACAGCTCCCGTTCAAACCGGGGTGTGGATTTTTAAGGTTTTTCGAATTGTAAAAGACCGAAGGCATCAGGCCTGTGAAAGTTTTTCTCCGGTAAATGTGTCCAACTAATCCAATGGGGATGGGATGTTTCATCCCCGCATTTATAAAAATTGGCCTTCCAGATTTGTGTGAATGTATCCTGTGGCAAAGGTGTGTACCGTTGAATCAGATCAAATGGAATCATAAAAGCAAGTTCCCAAAAAAGGGGTGTTGTGATTTCCTCGGGAACAAGGGAAGGAAGAGTACTTTGCCGATGTACCATGTCCAGCTCTTCCCGTGAGAGGATGTCGTAATCGATACGTTTTCCGTCTTTTTTTTGTGGATTCCGGATATAGTAACAGAGCAGATTCCCGCCGCAACTAAATTCAAAATTAAAATATCCTTTTGACACAGCAGGTTTCAGGAAAAATTCCACACAGCTGTCCTTGCTGACTTTTGCCTGGTAACCATCCTGTACACAGCGGACATAGCGGTCGTCGACAGAAAATTTTCCATATAACGCCTGGTGATCCCTGAACAGGCGGATTTTTACATGAGGGATGTGATCACTGCTTTCGGGGCGGATCTCCCGGAGTGTCACCGGTAATATATTTTCCCAGTTCAGGGGATCCAACAGATCGCCCGGATTACTGATGTGTTTGAAGGGGACTGTGAGGATCGGTTTGGAATTCATTAAAACTCCCAGTTGAAATGAGGTGTTGGCAGGTTAAAGGCATGATCCAGGCGGGATATGAGTGAAGGATCTCCTTCCAGGGATTCACTTACCTGAAGGACTGAGGCAGGGCGAACGCCAAGCCACATCCGTGAAAAAGCATTGACTGAACAAACCAGAGTTGGCAGAGAGGGATCTGTTTTTCCCTTATCCGCCCTGCAGTTTTTCCCCAGGTGTACCTGATATTGCCCACTGCATCCCCGCCAGTCAGAATCCTCCGGTAAAAAGGATTCCACCGGGTCAGTTAGCTCCAGATTGAAATCGAAACCGGGACATGTCAGGTGGGTACGTTTCAGTGTTTCTTCCAGGTTCAGAATTCGGATCTGGAAAACCGAGATGGCTTTCATGGTGGCCTGGTGGGGAGAATTCCGGGTAATGGAACGATGATAAAAAGGTCTTTCCAGGAAATCCTGAATTTGCACATGAGGCGGTTCAAGAAGGGTTACCGAATGAATCTGATCTCCCATGCTTCGAAGGAGGGACAAGAGTTCAATCAGCTGTTCTTTGGTTTCGTAAGCCATCCATTCAACTTTAAAAGGGCCCTGTTCTTTTCCTTTTCCGGTTAACCAAAGATGGTGTGTCAGTCTGCCTTGTGTATCTCTGAAACCCAGGCCAAAACCGGTTTTTTTCCACAGGAGTTCTGCATGTGTGTGGAATTTCGGCAGAAGAACCCGTCCGTGGGATGGCAGGTGACGGCGCCGGTTTTCGTGAATGTCCGCAACATCTTCAACCGTCAGGCGGACAGGTGTTCCATAAGGCGGCAGTTTTCTCAGGGATGCCGGCTGGAATGTTACAATGTGCAGATATCCGGCACTTCCAAAACCCAGGGTATTGTAAAATCCCTGTTCAAACATCCCCAGTGTACTTATATGAGCTCCCCGGCCTGCTTCTTCCGCCAGACGAAGTGCCGTAATTTTCCGGGCCAGTTTGAGTTTCCGGGAAACAAATCCCGTGAGTACGGCACCTACAACCGAAAGATCCAAAGTCGAATTCCCATGCAACAATTCCCCGGAAAGGGTGGATACCATGGATTCTGCGTGTCCGTTCACCTCGCCTACGGTGGTTCGTGCTTTCCCCAGCAGAAGTGCCATGGCTTCTTCATTTTCACATTCCATCCAACCTGCTTCTTCCCATATCCGGCGGATATCGGAAAAATCCCGATCATGTTGATATGGACGGATAACAATGGTTTTATCTCCAGACATTGGCCTGTCGTCCTTCCCTTTTTTCCAGTTTCAAGGCATCACTTAAAACAGATGATTTTACGTTAACCCGAAGGTAAAAACTCTTTACTGACGATGTGGGAGTCCAGTTCAGACTCATTTCCCAACAGTGGAGGTCCCTCTTTAATGATATATATTGATACGTAATTTTTTGGTTGATCACATTAATGTTCAGGGTATAATCCAGAGACCAGTTTGGGCTGAGATTGGCTGAAAAACTGGTATTCAATGTAAGATTTTTACTGGTCTTATCCGGATTTGTAGCAGAGTAGTTATAGCGGATGCTCACCCGGGCCTGCCAGTCTGAAATACTCTCGTCATGCCGGGTACCCGTTGTATCCTGATTTCCCTTTTCCCTGAACTGAAAGCCCGTGTCAAAGCTGAAATGAGTGAGTCTGGGAATGGTTTCAAAATCATTGATTCGCCGGTTATTGATGGTATCGTACCGATAGGGATCCATGCGGATATTTCCGCTGAACTGAAGATTGCCGGGTAAACGGGATGCTCTGTAGGAGACATTGACAGGGCTCCATTTGAGGGAATCTGCATTGAAATTATAATTTCCGTTCAGATTCAACGTTAAAAAATCATATTTGTTGAATTTTTCCGGATTTGTTTTATCGGAAAATTTTGCTGAGAACTGATTTCCCACAGACCAGTTCATGGTTCGTGAGTCCCTGGAGGGTGTTTTCCCTAAAAGAGTTGACGAAAAATAATCATAAGTCACCGGATCACCTTTGGTATCGGTCCCCTGGAAGACATAATTCGGGTTGTTGGAAATATCCGGGGTATAGGCAAAGCTCACCGACGGACTGATGACATGTCTGAGAGCCTGAAAATGGCCGGCATGAATATAGAAAATTCCGTAGAATTTGGAGGAAAGACGAAGATTTGCTGAATAGACTGCCCGGCGTTTAAAAGCCTTTTGATCTTCCAGGATTATGTGGCCCGTACTATCCAGAAGAGCCCTTCCGTCCTCTGATAGCCGGGGTGCTTTATATTCAAAAACCCATCCTTCCTGAATGTTGAGTCCGGGAGAAGTTGTCAGCCAATTAAAAAATTTATGATTCAATGATATATTTCCCTGATGAATCATTCTGCTTCGCTGGTCATCCAGAAAGGTGGAATCATTTTGCAGTGTATGGGTATATCGGTTTTGAAAATTGGTTGAGTAGTTATAAGTAAGGGTGTGATACCAGCGTTGGGGATCTGTTGCTTTGGACTTCTTGAAAATCTGGCTGGTGCTTTTGGAGAGGGATATTTGAGGTGCGGAAGCCTGGACATTCCCTGTGATGAGGTCTTCTGTCCGGGAGGCGTTCATGGAGAGTCCCATATCTCCGATTCGTGTGGAATACGTAGCATTTGAGATGAGTTTCTGGTTCAGCCGCTCATCCAG
NZ_AP035449.1_gap4	186458	189145	2687	ACACACGTCTTGTGAATAATACTTGTTTTCTTATTGGGACTCACTTATATTGTATCGTTGATATGAAAAAACTTCATCGGAAATACATCCTGAGTGTGGCAGCCATCCTGCTGATGGCCTGGAGTAGTGCTTTTGCATGGAATGGTCTCGGGACTTTTGATGCCTATATTCAAAACGGCAAAATCGTTGTGGAATGGCAAACAAAACATGAAGAGAATGTGGATCATTTTGTGATCCAACGTAGCATGAACAGCAACGATTCCTATTATGATCTGGCAAAAATCGAGCCCCACGGAAATGGTTGGGCTTATATTTATATTGATGAAAAAATCCTGGGGAAGTCAGCCAATATGGTGTATAACTACCGGCTGAAAATTGTTTTCCGGGATAAAAGCATCGCTTATTCCGACCAGTCTGTTCAGGTCGTCATGGTGGTGTCCTCTCTCCAGCACACATGGGGCAGTATCAAAGCGATGTTTCAGTAATTATTTTTGTTTTTCTCATTATTCCCGTGTATCTTTTTCTTTAAGAGTATAAATTTATGCCAAATTGGCGTATTCTCCTTTTTTGGAGAAATACCCGTCACTTATAAAAATCTCGAGGTGGGAAATATTCATGAAATTCTCGTTTTTCAAATGGTTATCCAGCGATATTGCCATTGATCTGGGAACGGCCAACACATTGATCTATGTCCGTGGGGAAGGCATTGTTGTCAATGAACCGTCTATTGTTGCCAAGTCAACGATCAACAATAAAGTAATTGCCGTCGGTGATGATGCAAAGGAAATGATGGGACGTACCCATCCAAATATTGAAGTTGTGCGCCCCATGAAAGATGGAGTGATTGCCAACTTTGAAATGACCGATGCCATGCTTCAGGGTTTCATCAAAAAGATTAACATCTCCCGGTTTGCGCGTCCCCGCATCGTGATCTGTGTCCCCTCGGGAATCACTGAGGTGGAAAAACGGGCGGTGAAAGAGAGCGGTGAACGGGCAAATGCCCGGGAAATTTATCTGATAGAAGAACCGGTTGCAGCTGCTGTGGGTATCGGCATTGATATTTCCAAACCAGTGGGTAACATGATTGTGGATATCGGGGGAGGAACCACGGAAATTGCCATCATTGCCCTGAACGGTGTGGTTACCAAAGAGAGTCTGCGGGTTGCCGGAGACGAGATGAATGAAGCCATTATTCAATACTTTAGAAAAGAACACAATCTGCTGATTGGTGAACGAACGGCTGAACAAATTAAACTGAATATTGGGTCTGCAACAAAAGTGGAAGATAAAACCATGTCCGTCAAGGGACGGAATTTTGTGGTGGGTATTCCACGGACCATCGATGTGACATCAGAACAGATCCGTGAGTGCCTGCGGGAAACGGTGGATGTGATGATCAGTGGTATCAAACGAACCCTGGAAAATACACCTCCTGAACTCTCATCCGATATTCTGGACCGGGGAATTATCCTGACAGGGGGTGGTGCGCTTTTAAAGGGTCTGGATGAGCGTATCCGGCTGGAAACAGAGTTACCAGTCCATGTTGCGGAAGAACCCCTCCTCTCTGTTGCCATGGGAACAGGTAAAGTGCTGGAGGATGTCGGTAAATATAGAGAAATACTGATGTAATGCTGAAAAGAATCATAGATTTCTTTTTAAACAGACGATTCCAGATTTCTACTACAGTCCTTTTATTCGTGTCATTTATTATCTTTACCAAAACATCCCATCCGGCAATCCGTCATCTGGAAATATGGGCCGGAGATGTGCTTGCACCGGTGAAAGAGCCCGTGGTCTGGTTCAGAGACCTGATGGAAACCCGCAAAACCAATGAGATTCTCAGCCGGCGTTTGATTCATCTAAGCCAGGAAGCCTCCCGTTTTGCTTCTCTGGCCGATGAGAATCAGCGATTGAGACGCATGCTGGATTTTAAAGAGCGGTCCGAATACAACCTGCTCTCAGCTCTGGTTTTATCAGAGGGAATCCATAAAAGTGTTAATAGTCTCTTATTAAATCGGGGAAAAAAAGACAGTGTTCAGGTGAATGACCCCATCATGAATGTGGATGGTGTCATCGGTAAAATATTTTACACGGGAGAATCCACATCCCTGGCCCAGCTCCTTATCGATCCCAATTCACGCCTGAGTGTTCGCATTGAACCCTCCGGTGCTAAAGGAATCCTCCAGTGGTATGGAGGCAACCGCTTCCTTATTGCTGATATTCCCAATACCATGTCCGTCCAACCGGGCAATCTTGTGGTCACATCAGGAATGTCTGATATTTATCCAGGCGATTTACCTGTCGGGGTTATTCGTGAATTATCCCCGGCACCCGATGGCTTTACCCATATTGTCTATGGAGATTTTCTGGTCAACTTTAACCAAATTCGTGAGGTTTTTATTATTCTGGAATGAATTCTCACCCCTATATAAAATTCATACTTACCGTGCTGGGTACGATTCTCGTTCAGTTCTTTTTCAATGAAGTATTGGATATACAGGGCATCCGCCCGGATCTTTTCTTCATCCTGCTCATCTATCTGGCTTTCCGCCTTTCTCCCACCCAAACCGTATGGGCGGCTTTTCTCCTGGGAATCCTACAGGATGTCCTTTTCCACCCATCGGTTTTGGGACTCTCACCGCTAATCAAAACCTTTTCAGGCTTTATTCTGGCTCAATTGATCCATC
NZ_AP035449.1_gap5	247703	249051	1348	CATCATGCAGGTATCGGACCCGGTGATGTCGATGTCATAAACGGTCACCTGACAGCTACAATGGCTGATCCTTTGGAGCTTGCAAACTGGGCTGCGGCTTTGGAACGGACCCCCGTTGATTTACCATATATTCATTCAACAAAATCTTTGGTGGGACATTGTCTTGGAGCCGCAGGAGGAATTGAATGTGTTGCCTCCCTCCTCGAAGTGCACAAAGGATTCATTCATGGATCAATCAATTGTGAGGATTTGCATGAAAAAATTCTGCCGTATGAAAAGCGGGTTGTGCATGACACCATAGAAAAAGATTTTAATATTTTAATCAAAGCCAGTTTTGGTTTTGGTGACGTTAATTCGTGTGTCGTTTTTCAGAAATATGAAGGATAAATATTCAAATAAAACAACAATGAAAGCCTGTTAAGGAGGAAACCATGGAAGAAAAAGTCATCTTTGAGAAAGTCCTTGAGATTCTCAAACCCTATGTGCGTGAAGCAGAAGACTTGAAAACTGCAACGGAAGAGACAGATATTTTAAATGATCTGAAAGTAAATTCTTCCCGGCTGGTAGACATTATTCTGGCCATTGAGGATGAATTTGATATTGAAGTCTCGGATGATGAGGCCGATGAGGTTCAGACAATTGGTGATACTGTTTCTTTGATCACCGGGAAAATTTAAATCCGGTCAAACTGTCATGAACAGGACTCATGAACATCAAAAAGACCCGGCTGGTCACGGCCGGGTCCCATCTGATATGAAACAAAAGAACTTACTGAATATTTCTATTCCCTTTGGAATACGCTGCCGTTGTACAATACAGAAATGGGTTGATTGGATCTTTTTTCCACTCCTGGCCCCTGTGATCATTTTTATCCTGAAGTATGTACAGAAAAACCGGATAAAGGATCTTAAAAAAATTCGGATGTTATTTAAACGAATAGCGGGAGAAAGCAAGATTCCTACCCTCATTTGTGCCAATCATTTAACGAAGGTGGATTCTATTTACATTCATCATGCCTTTGCATCCCTTCCATTCTATTGGCGTCATTTCAGGCTTTTTTCCTGGAATATCCCTGCCAAAGAAAATTTCTGGACGAAACCATTGGACCGGCTTGTGACATATCTTGGGAAATGTATACCTATCGTCCGGACAGGTACTCCGGAACACCATAAAGAAGTCCTGGATACGCTTCGGTATCTCCTTGCCCGTGGCGAGCTGTGCACCGTTTTCCCTGAAGGCGGCCGAAGTCCAGATGGCCGGGTGAATGTTCAAAATGTCCGCTATGGAGTCGGAACGATTTTAAATGGCCTGCCAGACTACCGGGTTCTCTGTGTGTATATGCGTGCTG
NZ_AP035449.1_gap6	250852	255514	4662	CCTGGAAAAAGGTGGGTATACTGGGCATCATCGCTTCATTCAATAAAGGGATCAGCGGGGGCGGTTACGGACCCGTTGTCACAAGTGGACAGCTTTTATCCGGTGTAGATGGAAAAAATGCGGTAGCCATCACCTCTGTTGCAGAAGGACTCACATGTCTGGTGGGTGTGCTTTTATACATCTTCACCGATACCAACCTGGATTGGTCCCTGGCTCCTTACCTGACGATCGGTGCAGTTTTATCTGTGTATCCTTCAGCTTTTTTCGTAAAATCGATTAAGCCAAAAGTCTTTAAAATGGCAATTGGAATTCTGACCATGTTACTTGGAATCTTAACTCTTTATAAAACACTTATTCATTAAGGAAAAAACATGAGGTTCTGTGCGTTGACTGCTCTTTTAATTTTCCTGGTTCCGTTCCTGATTTTGCATGCAGAAGAAGTCGATACCAAGGCTTCCCATTTTGGCTTTATCCGCTGTGCCTTTGTCAGTGAACCTGCTCTGGAATCGCAGTCTTTTTCTGTTTTTCATGCCCGCTGGGGTATGAAAGGCAAAGTTTCACATCGCTTAGGATATAAACTGTATGCAAAATTCTCTTCACTCGGGTCTCTGGAGGTTCAAAGGGATTCAACAGGCTATTTAACTCATGTGTCTGCCGACATACCCGTTGGACTTTTGGATGCATACATGGATATACAGGTTGTGGATAAACTCGCTTTCCGAGTGGGACAGATGAAGGTTCCTTTCAGTGATTCCAATTTAAAAAGTCCTGCATCTATGCCATTCATTTACCGGCCTCTGACACGTCAGATTACACCCCCTATCCGTGATATCGGAATCCAGGGAATGTGGTCTCCGGGAACCCGGGGCTTTACAATTTCTGCCGGTCTATTTAACGGAGAAGGGTATAATGCAGTGAACACGGATGACCATTTAAGTGGCGGCATGCGGGGAGAAATCCCCCTATATGATAAACACAAGATATCTGTATCATGGTTTACAGATAAATCCCGGAATTTTCGGGGACAATATTTCAATGGTGCTTATCTCTGGTCCGCAGAGAAATTTGAAACCGGTAGTGAATATGTCTTACAAAACCGGGATGGAAAGAGCTCCAATGCCTTCTATATCTTTGTTAAAACTTCAGTTGAGACTAATAATCTCTGGTTTAGTTCCTTTGATCCGGCTTTTCGCTTTGAACACCTTGATGAAGCCGGTTTCGGAAAAACCAATCTAATGACGGCAGGATGTACTTTCCATCTGGATAACAGTGCTCTGAATATTTTCCGGGTTGATTACAGTCATCCACTGGATGATCACGGAGATAAAGTCCTAACCGCCCTGCTTCAAATTACCTGGTAGTACCTGTCTGTTTGACATTCAATGTTCTTTCCAGCCTTATCAGTTGATGGTCTAACTGATTGAAACGCTGTTTCTCTAATACTGCCGGCCAGGGTGTTTTTTTATTGGATAAATAGGATTTCAGAAGTTCTTCCGTTTCAGATGAAGTTGCTGGTGCCTTTTCCAGATTGCTTAACAGATCATTCAGCGCTTCTTTTTCTTCAATCAGTCTTTCTTGTTCTATTTCAAGTTCATCTTTAATTTGCCGAACTTCGGATATCGCTCTCGACAGATTGATTTTTGCATTGGCGATTTCGATGGAAACGGATGTGGATTGCCAGGCAATTCCCAACAGCCCCAGAGTAGCTACAATCATACAAAAACTCAACGATATCCAGAAAAACCGTGGGATGTTTGATGGTGTCATTCAATACCCTCCTATTCAATATTTACATATCCGAACATGTCCGGATATGTAGTTTAAGAACCATTATTATGCAGTATCATTACGAATTGTCATATAATAAGTCACACCACCGCCAAGACTGATGAGCGAAGCGGCAAGAGATGCATATTGATAATTGCCGAAGATATCCGATAGCCATCCTCCTGCCAAAGGGCCGGTGATTCCGGCGATGCCATATCCAAGGAAGACCCAGGGATAGACCTTCCCCACATTGGATACACCAAAGAGCTGGGCTGTTTCTTTGGCAAAGAGGACAAAGTTGGACCCAAAAGAGAAGCCGGTAATCAGAGCGAGTAAGATAAAAAGCAGGCTGTTCAGGGGAAGAAATCCTAACAGAAAGGTGCTGACACCCAATGATCCCAAGGCAATGAGAACAAGTAATCTGTTAGAAAAGAAATCACTCAGCCAGCCCCATACTATGCGTCCGGTAAAATTGGCGATGGAAAAAAGAATAATTGTGGCTGCCAGAATCTGCTCAGATATAGAATGGACGAGCCCCATGGGTTTTAGATTACCGATTACCATTAAACCTGAAAAGGTACCACAAAACATGGTGATGAGTAACATGAGATATTTTTTTTCTTTCAGAAAACCAGGCTTCAGGGGAACTTCGGTCCCTGATTGTTCCGGCACCGTATAAAAAAGAGCCATGAACAGCAGGATGAGTCCAAATGTCATTCCAATTATCATAAATATATTCAGGGCATGATAACCTTTTGAAAAAAGGGATTCTGCCATCAGAGTGACGACGACAGCTCCACCGCCAAAACCGGCTGCCGCAATACCGGCAATGAGTCCTTTTTTTTCTGGGAACCATTTAACGGGAATTGTCAGTGCCATCAAATATCCAAAACCAGTGGCAATCCCGCTGAATATACCGATCCCCAAAAGAATCAGGAAAAAATTTCCAGCAGATAAAGCGGAAAGACCGTATCCCAGAAAAAAGAGTATAGCCGATATCATTGCCAATTTTTTAGCACCGATTTTCTGTTCAAGGGAACCAGCCCAGATCATGGATAAAGCGAAAACAGCAATGATAAGTCCGAAAATTAATTGGGTCTGGGCACCGCTAAGACCGTAATCTGTTTTGAGGGAAGGAACGAAAACGCTCCATGCGTAGATTCCGCCAAGGCATAACATGGAAAAAAATGAAGCAAGGATATTCATTCGTTTCATAAGACATCCTGATGATGAGTGAACGGTTATGAATGATTAAGATATTCGGTATAAAAGATAGGAAGCTTTTTAAATGATGACAACGTATTTATAACTTGACATAAATCAAAAAGGCCGTTCTAAAAACGGCCTTTTGGGGAACGGATAAAAAATTTTTTTAGAAGATAAATTCCATACCAATCAATAATTGATCCCAGGATTCATCCTGCCCTTCATACGTCCATGTCCAAGATTGCCAGGATGTGCTGATATTGACACTTTGCCGGAAAAGCCATGAGAACCCGGCACTTCTTACGTGAACCGGATCTTCCCCTTTACGCGGATTGGGTCTGAACTGATATCCTCCATAGAGATTCATGGGTAAAAAGGGTGGATGAATGGATACGCCAGCTCTGTGGGTTAAGGTTCGATTGAACTTTTCTTCAATCCCTTCATTGATTTTTTGATCAAACAGTTCATCATCTTCAGAATCCCATTTCAACCCACTCCACTGAATCAAATCCGCCTGATAGAAGATGTCAAACCATTTGAGAAGAAGAGCAGCTCCTGCCTGGAATTCCATAGGGCGTGTCAGGGTATAATCAAAGGGCTCATATTCTACAACAAGGCTGTCTCCAAAAATCTCCGTATTATCTTCAGTTACCCATAAAGTTTTCGGCAGTTGGGCAGCCAGACCGATGTTCAGATACGGGGTTAAGGTATGGATCAGGCCAATTTTTCCAGAGACCCCGACAAAAGAAGGTTCAACCAGAAGTTGTGTATTTTGGTCAAAATACTTGGCAGTCAGCTTGAAATCCCCCATCGGAATTTGAAAATCAGCACCGATGTATAAATCTTTGGCAAATTCCGTAGCTCCTGCCAGATGTAAAGTATAACTACTGCCTTCAATGCGTTGGGAATAGGAGGGGATTTCATATTTCATGGCATATTCAAGATCCTGGGTAATTCCCGTTGACCAGCTCAGATGTCCGCGAAAAACGGGGATGGCATGGGTATAGGAAACATGGGATATCCGGCTTTGTGGTAATGTTTCGCTTCCGCTGGTAAATTCCCCGGATCCATAGGTTCCCCGGAGAATCCGGAACTTTGTCATGGCGATATTAGCCGGATTAAGTGAGAGTTCGGGCATAACCTGACCGGCAGCCACGCCGGCCCCTCCAATGGCTGTACTTTGAGGCAGATGCCCTGAAAATCCGTTAAAAGGACGTAATGCATCTTCTTCGCTATACTGTGCACACAGAATCTGAATACTTAAGAAAACAATAAATAGTATTTTTCTCATCATGTTTACCGTTTTGGTTTACTGCTACGGCGATTGTCTGAACTTTTTGTTTTGGTTTCTTTTGATGAATCCGAGGACGAGGACGAGCTGCCGCCGGATGATGATTTGGGGGTGGAGTATGATTTGGTTTCACTGGAAGTGGCAGGTGGAGGTGAAGAGACAGGACTTGCATTACCGGAAGACATACGGGTATTTGCTGAAGGTGCCGGAACAGATCCAGGAGAGGGCGAGGATGGACCAATAGCCCTTGGAACAGTCAGTGTCCGTCTTCCAGGGGTTTTGCCACTGTCATCATTACCTGAAGATCCACTTCCCGGTGTGGGTGTGTAATACCAGTACCCATCCCGGTACCAGTAATACCGGTTGTTGTAATAATACCAGTCCCGGTTATAATACCT
NZ_AP035449.1_gap7	283280	284510	1230	AGCGCTGTTTCCACACTTGCCTATGTGAAAGATAACGTCCTGTGGTCTTATACAGCCCCCATGGATGGGACCCGCTGGCGGGCACAGTTTGATTTTTCGCCCAATATCAGTACGGGAACACCGGCTTTTAACACACTCTCACTGGATTTCAGGAAATACTGGAAATTCAATTTTGATTATCACATCGGTTTCCGTGTGACCAGTGGATACTCATGGGGAAGGAACCCCCAGACATTTCTTATCGGAGGTGTGGAAAATTGGCTCAACTACCGCTACAATACCAACGCCCCCCTTTTCGGTACTTCGTCGGAGAATTTCAGTGACGATATGACTCTTTATTACTTTTCCCGGTTCATCACCCCAGTCCGGGGGACACCTTATTTTGCCAGGTATGGGGATAAATTCACGGTAGTCAATACTGAACTTCGTTTCCCATTTCTGGAATATGCAAAATTTCGCTTCCCCCTTCCCATGAATCTGTGGCAAATACGGGGTGTACTTTTTATGGATGCAGGTACTGCCAGGTATGACGATTTAACCCTTATTCAGGATCCGGACCTGTGGCCTTTTAACAATACATTTCAGGACCTCATTGCATCAACAGGAACGGGCATTCGTATTTACCTTGGCTATTTCCTGCTGCGTATCGATATGGCCTGGGAATATGACGGCAACGGTTTTTCAAAACCCCGCTATCTCTTTTCTTTAGGAGGGGATTTTTAATGTCTGACGATACCGGAGTCCGGCTTTTATGAGAATTCCGAAACTCTATGTCTATATTTTTAGAGAACATCAGGGACCTTTTTTTGCTGCGATTCTGGTCTTGGCTTTCCTATTCATCTCGAATTTGCTCATGACAAGTCTGGATAAGTTGCTGGGAAAGAACCTGGGTTTTGTGGCCATAGAATATATTTTGTTGAACCTCGCCTGGATCCTGGCCATGGCGGTCCCTATGGCCGTTCTCATTTCTACACTAATGGCTTACGGCCGTCTGGGAGAAGATAACGAAATTACAGCCATGCGGGCTTCGGGTATCAGCTTCGCGTCCATTATCCGGCCGTCTCTTCTATTCGCTTTTATTGTGATGTTGGGACTTTTGTATTTCAATAATTATATCCTGCCGGATGCAAATCACCGGGCACGGCTTTTAAAACGAGCGATTTATCAGAAACATCCCGACCTGAATATCAATGCGGGATACTTCCTGTATGATATTCCCGATTACACACT
NZ_AP035449.1_gap8	296568	297738	1170	TTCCCATTTGTCCACCTGACTACCGTGGATGGGGATTTCCCATACCGGAGAAGCAACAACACCGCTCACAAGAGCAAGTGTTAGCAAAAGAACCATCAGGGTTTGTTTCATAGGCTTCCACTCAGGTATAGCTTAATGAAGATTGATGTTTAACCGAAATATATTCAACCTTATCAATATAGGTTCACACCCCTTGAAAATCAAGGGAAATCGCAGGCTGTCACAACAATTTATATTGATATATGGCCACCTAACCCGCTAAATTTGATACGTCCATGAATATTTGATTGGAATGATCCGTGAAAACTTTCCGTGATTTCCTGCGAATCCTAATCATTGTGCTTGTCTTTTTCCGGTTTCTGCCTGCCGGGGAGGAGAATGTTTTTGAAGGAGGTATTTCCTATATCCCTTCTGTTTTAAATCTCCGTGGAGATGGTTTTCAGAATTTGCCGGATATGTATCGCGGCGGAAACTCAAGCTGGTCTGGTGAGGATTTGACAGGTATCTGGTTTCTTCATGGGGTGGAAGGGTATCTGCGCTTTGTGGGAAATACCCTCCTGGGTGTGGAAGTATTTGCCGGTGAAAAAAATTTTTCGGGTACGGCACAGGATACCTCACTTTTTGCCGGTGCCGATCTGGCCGGTGTGGCCGCATTTATAGAATGGGGTGTACCTGCAGGGCGGCGTTTTGAAGTGTTGGTGGGGGGAAGCCTCGGACTGAATCGTTTCCGGATTCATTACTCCGCTGTGAAACAGGTTCCCGCCTGGAATGAACTGACAAATGCCCGCATCAGCCCCCTGACGTGTACCACGATGGATTCAGGGTTCCGGGCCTGCCTTAAACCGTATATCTCTTTGAAATACCGTATCATGGATCGTCTGGGTTTTGAAATGTCCACATCCCTGCTGGTCAGCCGCTATCCCCAGTCCGGATGGACCATCAACGGACACATCCCCCTGGGTGACGGTGTGGAAATGTCTGTCTATTCACCGGGTATTCATCTGGGACTTATGTTAGGATTGTAATGATGAAAAAAATACTTTTATTTTCGGTGCTTATTTTTTCCATGTTTCTGCCCCTTTCCGGGTCTGCCGAGTTTTATGAAGAATTCAGGGGAGGTGGTATTGGTTATGCCCCTACACTTATCATTTATGATGCAAAAGAGTTTGG
NZ_AP035449.1_gap9	301206	305645	4439	ATGTGATGCAAACTGATTTTTATAATGATTTTGACCGTGAAACCCTGGAGCCGCGGGGCAAAAAAGATTACCGGTCGGTATTCCAGGTGGATCGTGACCGGATTTTATACAGCCCGGCCTTCCGGAAACTCCAGAGTAAAACCCAGGTTTTTCTTAGCGGAACCTATGATTTCTACCGCACCCGCCTGACCCACAGCCTGGAAGTCGCCCAGATCGGCCGCTCCATAGCAAATGTCCTGAATCGCAATGTCCTCAGAGAAAATGCTATTGATTCGGATCTGATCGAGGGAATCTGCCTGACTCATGATATTGGTAATCCCCCCTTTGGTCATGCCGGTGAAGCGGCCTTGAACGAACTCATGCGTCATGCCGGCGGTTTCGAGGGGAATGCCCAGACATTAAAAATTGTCACGGAAAAAATTCATGACAGTGATGAAGGGGACGAAGGGATGAAACCCTCCCGGGCTTTTATCGACGGGATTATGAAATATAAGATTCTGTGGTCTGAAAGTGACCAAAAGGGCAAATTTCTCTACGATGACCAGAAGTCTTATGTGGAATTCCTCAGTCCTGACGGAACCTTGTATCGTGAGCGGAGCCTGGAATGCAGTATTATGAACTGGGCCGATGATGTGGCCTATGCTCTCCATGATCTGCTGGACGGTTATCAGGCAGGCTTTATTTCCCGGAAAAATGTCTACGAATGGGCCGTAAATCACCATATTCAGGGGCAAGAAGAGCAGGTGATACAGCGCCTGTTGGATCCACTGGAATACAAAGTGCGCTTTGAAAAATACATAGCTGCCCGAACGGGTGATTATATTGAAAATGTGACCCTGACCCCTTCGGATCATCCCATGAAAGATATCAGTAACCGATATAAATACACTCTTAAAATCCCCGAAGAAATTATCCGGGAAATTGAGGTATACAAGCAGGTTGCCGTGGATCTGATGTTTAAGTCCCCACAGCTGGAGCAAATTGAATTTAAGGGACAGTATATTCTGAAACGGATTTTTTCTACTTTTCTCCAGGGGAATCCTGAATCATTTCATCTGAACCGCCGCATACTCCCCGAAGAGGTCCGAAGCCGGCTCAATAAAATCCCCGAAAATGATTATACCCAATCCGCCCGGATCATCTGTGATTACCTGGCAGAACAAACGGACCAGTCTTTGCCGCGACTGTATAAACGACTTTTCGATCCGGATTACGGTTCTTTTTCTGATTTGATATGAAAACGCTTACCCTTTGGACTCCGGGCCTTGTAGAATACGGAAAAGCCTGGGACGCACAAAAACGAATCCATGCCCTTCGCCGTGAAGACAAAATCGGTGATACTTTAATTCTTTTGGAACATCCCCATGTATATACCATCGGTCGTCATGGGGACCGGAGCAATATCCTGTTTGATGATGAAACGCTTCGGGAAAAGGGGATTTCTGTATATCACATTGACCGGGGAGGCGATGTGACCTATCACGGGCCAGGTCAGTTGGTGGGATATCCCATTTTTCACTATAAAAATTTAGGCTTTTCAACCCGTCGCTTTGTTCATTCCATTGAAGAGGTAATGATCATAACTCTTGCCCGTTTCGGACTGACAGCAAAACGGGATCCCCTATATCCCGGTGTGTGGATCGGTTCCAATAAAATCTGTGCCATTGGTCTCCGGGTGATTGACGGCGTGTCCATGCACGGATTTGCCCTGAATCTTCGAACCGATCCGGCCTATTTCGGGGGAATTATTGCCTGTGGTATTCAGGACCGGGGGGTAACATCCCTTGAAATGGAAATGAAAAAGCAAGGAAATCCTATGCCGGATCAAAAAACCGTTATTTCAGAACTCACGACCACTTTTAAAGAAGTGTATGGATTTCACCGGATTCAGTCGTTTTCAGACAAATCATCTGTTCCCGGTTTAAGTTGACTTACCGCTTCATCTTCCCGTTCAATTTCCACATTAGAAATTCGGTCAAAAGATTTGGTGATTTTTTCTGTGGATGTATGTATCTCTTTCACATCTTTTTGAACGGTATCGATATGTTTTGTCAGGTTATCCCATCGTAATCGGTACCGCTTAAAATCCTCGGCCAGTTTCATGATCTCTTTCTGGATGATATCCGCGTATTCTTTTCGTTTCATATCATTGAGGATGGTCTGGGTGGTGTTTAAAAGGGCCAGAAAGGTAGAAGGAGAGACCATACTGACTCTGTGTTTCCAGGAGTAATCCACCAGATCATAATGATAGGCGTGAAGTTCGGCAAAAATTGCTTCTGCAGGTAAAAACATGATAGCCTGCGAGGATGTTTCGCCGGGTATAATATATTTGGAGGCGATATCATCGATGTGTTTTCGGATGTCTTTCTTAAACAGGTCAGCACTCCGCTTACGCTGCAATTCATCCAAAGACCGGTCCGTCATGCGTTTGAAATTTTCCAGGGGAAATTTGGAATCAATGCAAATCATCCCGGTAGGTTCGGGAATAAAGAGAACGGCATCCGCCACCATTCCATTGGATAAGGTATACTGCAGACGGTAAATCTGCTCGTTCCGGTCCCCGAAGACGGCACTTAAAATCTGGTGAAGCTGGACCTCTCCGAAAATCCCCCGGCTTTTTTTATCTGTGAGGATATCCTGAAGGGAAATGACGTTGGTGGAAAGGCTGTCGATTTTTCGTTGGGCCTCATCGATCTTTGCCAACCGCTCAATCACGTTGTTAAAGGTTTCGTTGGTCTTTTTAAAACCCTCATTCAGGTTTTCCAGTACTTTTTGGTCTATCTGGGTCAGCTTGCTTTCTGTTGTCTCCGTCAGTTTTTCAAAATTTCGGGTTAAAATCTGGTTCAGGTTATCTTTAAACAGGCCGAATTCTTCTGTCAGCTGTTTGCTGTTTTTTCCCAGGACGGTGGACAAATGTTCCTGGAAGTTGCTGATTTGACGGGTGGATTCAAGCTGGGCATGGTGGAGAATATCTTTCAGTTCCGTAAAAAGGCGGGATTGGTGCTCTTTCAGGCGGGATTCGGTTTTTTCCGGCAGGTCTTCGATTTTCCCCTGCTGGATGATGAGGGAATCCCGAAGAGGTGTGAATTCCTCCCGGATGACCGATTCAAACCGTTTTGGCCTTAGGCGGATGAGGAGAATGATGAGGAAAACAAGAATAAGAACTGTACTTCCGATGACCAGAATATCTGTCATAGAATGACTCCGGTTTATGGTTAACACAAGAAGTTAACCAAATTCATGAAAGATATCATCGGTGAATGCATACCAATTCCTTGAATTCATCCCGGAATTAGTCATAAATTCCCTGTGATAAAACAAGGACAGGTGATTCTATGGATTTTTTCAGCAGATTTTATGGTGACACCCTGATTTTTAAACCGAAGAATGTCCTTCTCGATGATTTGGGAACCCTGAGGTTTAAAAGGGAATTGATGATGGCTCTCGGAAAAGGGGAGATTAAAACCATCATTATCAATTTATCCACGGTAAAGATGCAGGACAGTACGGGATTGGGAGCTTTGTTGTTTGCCCGGCGATATGCGATCGGAAAAGGCGGAGAGTGTGTGCTTGTATTTCCGGCCCCCAAGGTCATGAATCAGCTGAAACAATCTAAGCTCACAGACTCTTTCCGGATTATTGATAAAGATGAAGAGTATCAGGCCTTGAAAAAAGAGCTCGAGGAATCCCTGAACATTCCGGAACCGTTGGAAGAGGAAGAAGAGCTGGAGGAATTGGAAGAAGAGGAGGATAACGGGCAGGATAAGTTGATATACAACGGTATGCCTGAACCGGCTGTCCCCAACGATGATGATTTTACTTTTGAAGAGTAAATAAATGCTGTTGTCATTGGATCTGATCTTTTTTCGTCTCATCAATCAGGTATGGGTGCATCCCTGGCTGGATGTTTTGTTTACGTTTATCACCCAGGCGGAAACCTGGATCCCTGTATGGCTTGGCATGTCTGTGTATTTTCTGGTCTGGGGTAAACGAAAAGGCCGGGTAACTTTTTTGATGATGGTACTTGCCTTTGGAATCACTGATTTTACGGCAGCCCGGCTGATCAAACCCCATGCCGGTCGTATCCGTCCCAGCCGGCTTCTAAGGGAATACGAACCGATAAAAGAGAAACAGGAAATGCTCCGTACTAAAATCCTCTCCATGGAGAGGGTTCCGCCATCCCTGGAAGATTCTTTAGCCGTGTTGACGGCACAAGTCCGCCATTTTGAGGATTCCCTTTCCCTTACACCTGAAAAAATACGCGCTCTGGAACACATTCGCCGTCTGGATGGTTATGGCGGACGGTGGACCTTTCCCTCAAATCATGCTGCCAATTTTTTTGCCCTGGCAGCTGTTTTGACCTTTTTTTACCGCAAACGGCGCTGGATCCCTTTGTTCATAGCTGTTTTGGTTGCTTATTCCCGGGTTTATGTAGGCCG
NZ_AP035449.1_gap10	466638	469819	3181	GACGGAGTGGATACCATTATCCGGATGGCTGTGAGTTATGGGGATTCTTTGGGTTTTGACAGCAGTATCCTGATTTCTGCGCTCCTTATTACCCAGTTTGTCGCTTTTTTCGGATCCCTTGGCTATAGCTGGTTTGCACGGAAAATCGGTGTAAAACCCTCCATCATGGTGGCGATCTGCGCTTACTGTCTGATTACTATCCTCGGTTACTTTATGAACCAATCCTGGCATTTTCTGGCCCTGGCCATCTGCATCGGACTCTTTCAGGGCGGGATTCAGGCCCTGAGCCGGAGTCTGTATACACGAATCATCCCCAGGAAAAAGTCTGCGGAATTCTTTGGCTTTTTCAATATGCTGGGGAAATTTGCCGCTGTGGTTGGTCCCTTTCTCATGGGAACTATCGGATATATCTCAGGCAGCCAGAGAATGGGCATTTTATCTATCTTGATTCTCTTTATTGGCGGTGCCTATTTTCTCTCCCGGGTGAATATCACTGAAGGAGAGATTATGGCGAAAAAATATCTGGCAGACTAAAGAGGAATCCCTTTACAAAGGGGTTTATGATGTGTATCACATTTTTATAATCAGTCTTGCATTAAGGTAAAAATACCTCTATTATAATTACAAACCATAACGAACAAGGTAGGGGGTACATGATGAAAAAATGTGCTGTTGTTTTGATGAGTCTCCTCATATTGGTTGGAATAACTTTTGCCGGTATGACGGAGCAGGAAATGCAGGTACGGGCTCAAAAAGCCGTACAAAGTTTGCGGCCCGATTCACCACTCATGAAGATGGACCAGAACCGTCTTGAAACCGCAAACAAACCCCACAGTCCAAAACAGTTGAGAGATCGGAATGTGTGGAAGGAAAATGTGGCATTGCATCGCTTTTCCGGAATGTCCATGCAGAAATCCACAATTGATTTCTCAATACAAATTAATGGCGCGGATACTACCACGTATTTTGTCGGTGACAGTATTACACTGACCGTCACCACTAACCGCCCATTAGGTCTGATGCTGTTTGTGGATGATGGGGACAATGTGTTTTCTTTCTCGGATCTCAATGCCTTTGCCCACCTGGAAATGGGTGGCGAAGAATTTGTCTTCATGATTGAAGACGGGGATGAAATGGATATGACACCTCCCGGTGATGGTATCTGGGAAGTGAAAGTCCCTACGGATTTTGCAGATGATGGCCCACTTATGTCCCTTCAGAATACCACTTTCTATGTTGTCGCCATGGATATGGATACGGAATTGTATGATCTGGCCGTGGCCTATGTTGAAGAACCTCTTGGATCTACCTCTTATGTCTGGGGAAATGTATCTGATGGAACGAGCCCGGTTCAGAATATCCTGATGGTTGCATTTCCAGGGACCATGGATGACACTCTGTATGCGAAATCTGAAGGTGAACCGGGGGTTGTGTACATGACCCTGACAGATCAAAATGGAAATTATGCACTGTACATTCCCAAAGAAGCAGAGAGTATGTATTCCGGGCCCTGGACGGTTTTTGCCCTGAATATCTGGCAGGTTCCGGGAGGGATGTATGCCGATCCCATGTATCAAACTGTTTTCATTCCCGGGACTCCGAGCGCCGATTTTACTCTTACCGAAGGTGCTTATACCATCTCCGGTGTGGTCACATCAACCATGGGACTTCCGGTATCCAATGTGCGCCTGCTGGCCTGGAACGGCATGTATGAAGTGATGGCCACGACCGATGGGACCGGTTACTATGAAATTCCGGTGATGTCCGGCTGGTGGGAAATTGAATTTTTTGAAGAAGACCTGGCCGGCCAATACCTCATTCCCTATTGGGGTCAGTATTATGCCGATGTCATGGATGCAAACGTCACCCTGAATATCCAGCTGTACAATGTGTATCCGGAGGATGCGATCAGTGGGACGGTCTCTTTTAATGTCCCAACCAAATATGCATTAACAGATTTGTCTGTGATTGCAGATAAGTGGCCCATGGGATATTCCATTGCACCAGTGGATGAATTCGGCAATTATGCCGTTCCTGTCACCTCCGAACTGGATTGTGTGTATGTTGATGACTGGGGTGGCATGTCTTATGGATATGGTGTGTGGGTATCCCGCAATGATTACGAAGATCCCGTAACGGTTCCTGACTATTATTCGGAAGTCATGTCCGGTGCTACCGGCATTGATTTTCTGATTGTGGAACCGGATGCCTCGCTTTTCGGTGTGGTGACCGATTTCGATAGCGGAGCTCCTCTCTATGATGCGGAAGTGAATGTCTATACACCTGATTATGCGTACGATTACTGGACCTATACCGATGAATTTGGAAATTACTCGTTCGACCTGATCGGGGGCATGACCTATATCATTGAAGCCTACTATCCTTACGAATGGTATATGCCGGCCCATGTGGATTCCCTGTTTGTACCTGAGGGCGGTATGGTAGAATATCATATGGCTCTTAAATCTCCACAGGAATCAGTCCACTTTCAGGGGAATGTCTATGATGAGTATAGAAATCCTGTCGGTGGTGCCGTTGTGGATATTGAAAGCTATGAGTACTATTCCAGCACCGTGACGGATGGTGGCGGATACTTCTATTTTGATGGACTAAAACCTTACGATTCATACTACATTACTGTAAATGCAGCAGGATTTGATACCTGGTATGGAAATGTCTGGGTTGAAGGTCCGATAGAAAATTATGAGATCTATCTGTCGTCCCATTCAGATACCGGTTATGTATGGGTTCAGGGACAGGTCACAGATGGTGTAAACCCGGTCAGTGAAGCCATCGTATGGCATTATGATGAATACGGTGACCATCACCAGTGGACCGGTGAAGACGGATATTTTGATCTCTGGGTTCCTCAGGGTGAACTGCATCTGAAGGTCGGAGCCAATGGATTTATGGCCACAAAACCTGTGTTCTTTCTGAATCGGGATACAACCATTGTGGTTCCCTTAAGCCCGGCGACTTTGACAGAAAATGTCTCGGCTCAGGTGGCGGATCCGGAAGGTACCGGTATTCAGGATGCATTCATCTATTGGGAAAGCCAGGATTATATCGGTCATACCTATTCCGGTGAGAATGGAAATTATTCCATCGATCTCATGACCGGTGAATACTATGTTCATGCTGAACACTGGGACTTCTATGACAGAAATTACGAGTGGAGTGT
NZ_AP035449.1_gap11	479195	481526	2331	TTCCCCTTTTTAAAGGGATAAGCTTTGAGGATGTGGATTACGACCTCATGGAATATCCTTTCTGGGTGGATGAGGGGATTGAAACCATCAAGACATTCGTCGCCATGAATGCAGAAATTGATATTTTGAAGCAGCAGGAAGAAATCATCCAGGAAGAACTTCGCACAACGGTCCAGCGGATCAACCTGTTTGATAAAATCCTCATTCCCCAAACCCGGGAAAATCTCCGGAAAATCCGGATTTTTCTGGGGGATCAGCAGACAGCTTCCGTGGTCCGGGGGAAAATCGCCAAATCCAAACTGGAAAAGAAAAAGATGGAGGAAGCGGTCTGAAACGTCTGCCGGCGTAACAGACCTGAATACCGACTATGATCGTACCCATGCAAAAAGTAACACTCCTGGTAAGCCGTCAGGACAGGGATAGCGCCCTGAAAACCCTGCGGAAGATGGGAGTGGTTCACATAAATATTCCCCGGTCCGTCATCAGTGAAGATATCAGCCGTCTTGAGGAAAAACTGAACAGGGCTGAAAAAGCCTTTCGCCTTGTCCCTGAAACGGAAAAACCGGGTAAGCCGGGGAAAGAAAGCGCCCGGGATATAATCGATGACATCCTGGAAATTGATGAGCTTAGGTCTACACTGACCCAGCGCCTGTCAGAGCTTTCCGACATGGAAGCCTGGTATGAACGGTGGGGAAAAATATCCCTGGAAGATGTAAAAAAACTGGCGAAATCAGGTCTTTTTATCAAATTGTATGCCACATCCCGCTCTGCCCTTGAGGATATCCCCGGGGATGCATGGGTTTTTGAAATCGGCGGGGACAAGAATGATGTCCGACTGGTACTTGTCGCGCAACGTGAAGACGAAAGGCTTCCCTTTAAAGAAGAAGTTTTCCCTCCCATGGAATATAAAGCCATCCGGGAGGAACAGGGGGAAATTGAAAAAGAACTGAAAGCCCTGTCTAAAAAATTATGGCAGTATACCGGGGATGTGGAAAAAATTCAGGGATATATCCAGTCCGCGGAAAAAGACCTGAAACTGGCTAAAGTCCGTGATTCCATGGCCGAAGAAGGACCGGTTCTGCTGCTGGAAGGATTTATCCCCGAAGAGAAAAAAGACATCATCAAAAAGGGCGCTGACAAGTATGGATGGGGATATGTACTGGAAACACCCTCGGAAGAGGATCTTCCGCCGACCCTGATTAAAACGCCCAAATGGGTAGATGTCATCAAACCGGTCTTTGATTTTATGGGAACGGTCCCCGGTTACCGGGAATACGATATAAGCATGTGGTTTTTGATCTTTTTCAGCCTCTTTTTTGCCATGTTGATTGGTGATGCCGGATATGGTTTGCTTTTCATCGGGATCACCGCGTGGGCCAGGACACGGATGAAACACTTTCCGCCGGAACCCTTCAGACTTATGTATATTCTGGGTGGGGCGACTTTTCTGTGGGGAGTCATCAGCGGGACCTGGTTCGGATCCGAAACCATCGCTTCTATTCCTTTTCTACGGCAGTTTATCATTCCGTCTGTTTCCAGTTTCGATCTGAAAAACCCTGCGGCTTTCAATGATAACCAGACCTTTATGATGGCCATGTGTTTTATCATTGGTGCCGTTCATCTGACCATTGCCCACCTTATCAATGCCTGGAAATTGCGACATTCGCTGAATGCCGTGGGACAGCTTGGCTGGGCCATGATTATTTGGGGTGTATATTTTCTGGCGGGGCAACTGGTACTCAACAAGCCGATGCCCTCTTTTGGCGGTTGGCTTCTGGCCATTGGTTTTCTGATGGCACTTTTCTTTTCCGCCACGGAAAAAGGCATCATAAAAGGCGCCCTGAGTACCCTGGGTAACCTGCCCCTGGATATGATCAGCGGTTTCTCCGATGTGGTTTCGTACCTGAGACTTTTTGCCGTGGGATATGCATCGGTGGTTGTGGCTTACAGTTTCAATCAGATGGCCATTGGGGATGGAATCAGCAGCGTCTTTTCCGGACTCATCGCCGCCTTTATCCTCTTTCTGGGACATGGTTTGAATATCATACTGGGGGCCATGTCCATCATCGTCCACGGTGTGCGCCTGAACATGCTGGAATTCTCAGGCCATCTGGGAATGGAATGGTCCGGTGTGAAATATGAACCGTTTAAAGAGAGTTAAGAGTTGAGAGTTGAGAGTGGTAAAGACAGGCTGATGCCTGCCTCTGAGTAGGAGTTATGAGTTTAGAGTGATGACTACTTCGCGAAACACTGCCGACCCTGTGAAATACGCTTCACTCATTTCACAGGGCCAACTGCCGACTGTCGACTGCTGACTGCCGACTGATGACT
NZ_AP035449.1_gap12	646747	650106	3359	AAGGGGGATATGGGGCCGTTCGCGAAATCATTGAACTGATTTTGAAAATACAAGGACGTTTTGAAACGGCATTGCATAAAATGAGAACGCTTTATACACAGGTTGAATCATGAGTAATCCAATCAAGGATGCGGCAAAAGCCATTGAGGATGAAATCAATGCCCTGCAAAATCTGATTCCCCGCCTGAACGGTGATTTTTCCAAATCGGTGGATCTGATTCTGAATTGTCAGGGACGGGTCATCGTGACAGGTATCGGAAAATCTGGACACATTGGCCGAAAAATTGCGTCTACTCTCTCCAGTACAGGTACTCCTGCCTTCTTTCTCCATCCTGCCGAAGCCCAACATGGTGATTTGGGGATGATTTCTCCCGAGGATATCCTCATTATTATCTCCAACAGCGGAGAATCGGATGAAATTATTAAAATTATGCCCTCCATACGTCGTATGGGACTCAAAACCGTGGGATTTATCGGCAACCTGAATTCTACTCTGGCCCAGCGCTGTGATTTCCTTCTGGATGTCAGTGTGGAAAAAGAAGCCTGTCCCATGAATCTTGCCCCCACATCCAGCAGTACGGCTACACTGGTCATGGGTGATGCCCTGGCAATCGCTTTGCTGAAACAACGGCAATTTAATAAACGGGATTTCGCCATCCGCCATCCGGGAGGTATGTTGGGAAAGAAACTCCTCCTTACCGTCCGTGATCTGATGCATCAACATGAAGAGTTGCCTGTCGTCCGAATTGATACATCGGTGAAAAACCTTGTTATGGAAATGACGGCAAAAAATCTCGGCATTGTCGGAGTTTTAAATGATAAGGATGAACTGATCGGCGTGGTGACAGACGGGGATTTGCGACGGGCCGTGGAAAAGTATGAGAACATCTTTAAATGTAAACCTGAAGACATTATGACCCGAAATCCCAAAAAAGTCACCCCCGGACGCCTGGCTGTAAGCGCTCTTCACCAGATGGAAAAATACAGCATTACTTCCGTCTTTGTGGTCCAGAACAACAACAGCCTCCAACCGATCGGACTGATTCATATTCATGATATACTGAAATCAGGGATTGTGTAAAGGGTATGAAAGGTCAGTTTTACAATCGGATGTCCAATTTGCTGCTGATGGGATCGGCAGTGTTCTTTCTCCTTTCAGCCTGTTCCCAACTGGATGAAAAAGAACTTGAAAAAAGCTGGGAATCCCCCGACCAGGAAAGCTGGAATGCCGTTTTAACCATGAGCAGGCATGATAAACTCAGTGCCCGGGTTTATGCCGGTAGGATGAAACAGTTTAACGAGACCGGTGAAGTGTATATCGGGGATAGCATGCGGGTGGATTTTTACAATGATGAAGGCAGACATACCTCTTTTTTAAAATCGGACAGTGGGATTGTCAATGAAAAAAAGCAAAACCTCATCGCCATCGGCAATGTGGAATTTCGCTCCGATACGGGATATGTGATGTATACCAATACCCTCTTCTGGCTGAATGACAGCAACCTGGTGTACACGGACGGCGATATTGAACTCTTTTCCGAAAAGGATACTCTCTATGGCACAGGTTTCAGAAGTGATGTAAGACTCGAAAACTGGACAATTGACAAACCCCGGGGAAGTACCCGTCGGGAATACGACGTGGAAGATTAAACGGATAGAATATGAAAATTCTGAAAGCGGAAAATCTTGTAAAAATTTATGGGAAACGGAAGGTGGTGGATCACGTATCCGTCCATGCCGAAAAAGGGGAAATTGTTGGACTCCTGGGGCCAAACGGTGCTGGTAAAACAACAACTTTTTACATGATTACCGGCATGATCCGCCCTGATGCCGGCCGGATTTTCCTGGATGATCTTGAATTGACTCATCTGCCTATGTATAAACGGGCCAGATTGGGTATTGGTTATCTTTCCCAGGAGGCTTCCGTTTTTAGAAAACTGACTGTAGAAGACAATCTGCGGCTGGTGCTGGAAATGATGGGTTTGTCCAAAGCAGAAATGATGAAGGAAATCGACCGCTTGCTGGGCGAATTCCATATTCAGCATATCCGTAAAAATAAAGCATTTACACTGAGCGGCGGGGAACGGCGACGGATTGAAATTGCCAGGGCTCTTGCATCCCATCCCGATTTCATTCTCCTGGATGAACCCTTTGCCGGTATTGACCCTATCGCCGTGGAAGATATCCAATCCATCATTCTGGATCTGAAAAAAAGAAATATCGGGGTTGTCATTACCGATCATAACGTCCATGAAACACTGAGTATTACGGATCGTTCTTATCTATTGTTCGAAGGACAAATTCTCAAGGAAGGGACAGCCCACTTCCTGGCAGAAGATCCCGATGCGAAAAAACTCTATCTGGGTGAAAAATTCAGACTTGACCGATAATTTTTGATGACACTCAAATTGCACCTGTCTCAGGAACAACTTCTAAAACTTACACCGCAGCAGATCCAGCTCTCTGCCCTGCTGCAATTACCCATCCAAAATCTGGAGCAGGCCATCGATGAAGAACTGGAAAAAAATCCTGCCCTTGAGATAGACGAAGAGGCAACCCTTCGCAAACTGGAACGAAAAAAAGGGGATGAAAACCAGGATCGTTACGAGAGTTATGATGATCCGGAATATGATTGGGAATCGCTGTTCAGCCGGGCAAACCGCTCAGCCGGTTTCTCATATGGGGGACATGAAGAGTCTCCGGACCTTCCACAGCCGGATACCCCCGGTTTTTTTGAAAAGATTTTACAACAAATCCGGACCAGCGGACTCAGTGAAGAAGATATGACCATTGCCGAACAGATTATATGGAATACAGATTCCGACGGCTACCTGAAAGTGCCTGTTGAAAATATTGCCTACCGGTTGAATGTGGCTTCAGAAAAGGTAGAAGGAGTGCTTCATCTCATTCAACAAATGGATCCGCCGGGAATCGGCTCACGGGATTTACGGGAATGCCTGCTGAGTCAAATGAGAGAAATGGACGTTCCGGACTATGTGGTAAAAATTGTAAAATACCATTTCGATGATTTTGCCAATCATCGCTTTGAACAGATTATCCGTCAACTGGATATTTCCCGGGAGGATTTGGATAAAGCACGGAAAATCATCGGCAGGTTGAATCCCAAACCTGCATCGGATGATTCATCTTTTGACAATTATGTGGTGGTTCCTGATTTAATTGTGACCGAAGAGAATGGTGTTTTTCAGGTGATGGTGAATGATGGATCCATCCCGGAACTCAAAATTTCTTCCACGTATCTGGAACTGGCATCCCGGAAAAAAAAGGTAGATAAGGAAACCCGCGATTATCTGAAGAAAAAGATAGATTCAGCCCGCTGGTTCATCCAGTCTGTGTAT
NZ_AP035449.1_gap13	653236	655816	2580	GGGAAACAGGCGGAAAAATCCTTTTAACGGAAGATCCACGTGAGGCAGTGGCACAGGCGGATGTGATTTATACCGATGTATGGGTCTCCATGGGAGAAGAATCTGAATTTGAAACCCGGATAAAAGTTCTCAAACCCTATCAGGTGAATAAAAAGCTTCTGGATAGTACCGGTAATGCTGAAACCATTTTTCTCCACTGCCTGCCTGCTTTTCACGACCGGAACACTCTCGTCGGTGAAGAAATATATCAGAAGTATGGTCTTGATGCCATGGAGGTTACCGATGATGTCATCTTATCGCCGGCAAGCAGAGTGTGGGACCAGGCGGAAAACCGGGTTCATACTATCAAAGCTGTAATGGTAGCCACCCTGGGAAAGTAGGTTAATCCTGTCCATTTTCAGAGTCAAAACAAAAATCACCGAGAATCACCTGATGAAGGGGAAGCATGCAGATCTTCCCCTTCCCTTTACTTTTATATCGGATGTTCACTTTACAACGGAACTGACCAACCGGGAACTGGCGAAGCGGAAAAAGGTCTTTGCACTTCTGGATGATGTGAAGAAATCCGGTGGAACCCTCTTTATTTTGGGGGATTTTTTTGATTTTTGGTGGGATCAGAAGGATTATATCCCCAGTCAGTTGCAGGATGTGTATACAAAACTCAAGGAATTAAGAATCGCCGGAATTCCTATTCATCTGATTGGCGGGAACCATGACTTCTGGCTTTATAAATTTCTGTGTCCATCACTGAATATCATTTTTTACGATGATCACATGGATTTTTTTCATCAGGGGATTCGATTTTATCTCACACATGGTGATGGTTTATTAAAAGGTGACACCGGTTACCGGTGGATGAAACGTCTGCTCCGCTTTCCTCCGGCTATTTGGGCTTTGGATCGTTTTCATATAGAAGGGATTTATGCCACAGCCCGGAAAATCAGCCATACCAGCCGTGAATATACCTCGAAAAAATGGTCTGATCTCAATGCCATGGCCAATGAAATGCTAGATTATCTTCAGATGAAAAACCGTGAAGGATATGATATTGCCATCATGGGACATGTTCATTATCCCTCAAGACGGACAGAGAAGAGAAAGGAAGCCCTGGTGTTGGGGGATTGGATGTGGCATGCCAGCTATGCAGTGTGGGACGGGAAATCCCTTCACCACCTGGAGTGGCAAGATGAAAAACCATCTCCGTTGATTTATGATTTGACGCCTACTGAATCGTAATCCGCCCTTCAACTTTTGAATCAATGATTTTCTGGTCCCGGACGGCTTTCAAAAACAAATCCCGGTCTAATATCCCCAGATTTTTTATGTCTCTGTCTGATAGACCCAGGTATTTTTCCAGCTGTTCACCTACATAATTATTGGTTGCAACAGTATATTTTTTCCAGGGGATTACCCATTTCCCGTGAATCCGAACCTTCTTTGCGGTTTCTTTTGATGTGTCGGCAACAAAGGTGACACCGGAAAACTGGAGGGAAATGCCTCGTTTCACCTGAAAATCCAGCATCTTCCGGACTTCTTTTCCGGTGACGGTAAAAGTGATGATTTCATTGCTAAAGGGTGAGATTTCCCAGATATCCCGGACACGGATTGGCCCTGCCGCAAGGTCTTTTCGAATTCCTCCGTTGTTCTGAATTGCGATATCGGCACCGGTGTAGGTCCGCATGGCATCGGTCAGCCAGTTTCCCAGATTGGATTCCACACCACTCCGGGACCAGTCTGTTTTCAGTTCTCCAACCACTTCATCCAGTTTTTTCCCTGCCTGGGCTTCATACGCTTCGACAATTTCAGCGACTTCCGGTGAGGGTTTGATCTTCCCGGGGCGAACTTCAAGGACTGTAAAATTGAAATCCTGGATGGTTTTTCCATCTGTTATCAGGTGTATTTCACCCACATAACGTCCATGGCTGGATGCCTGAACAATATAGGTATTTCCCTCTATGCGGGGTTTGCTCATGTATGTGTGGGAATGTCCGCCGATAATCAGATCGATATCCGGGACTTCCCGTGCCAGCTCAATGTCTTCCTCAATTCCCTGGTGGGTGACGGCCACGATGAATTCAATGCCCTCAAGTTTCAGGGAATCAATCAGATGACGGGCTGTTTCCGCCGGATCTTCTACATAAAGACCTTCCAGGTTTGTAGGGAGACACAGAGTGTACAAATCATCGGTGGTCAGGCCGATCAGTGCGGCTTTAAAAGGAAATGCTTCCGGGATCATCAGGGATTTAAACAGCTTAGGTCCATTCTTGTGACGGCGGACATTTGCTGCGTACATGTCAAATTCTGCTGAATCCCGTAAGGATAAAAGCCGGGTGAGTCCGTAATCAAATTCATGATTTCCAATAGTAAAAAAATCCGGTTTGATGACATTCAGAATACTGATTTGAGACATGCCACGGGTAATACTGCTGATAGGGGTCCCCTGAAAATCATCACCGGCGTGGATGGCCAATGCTTCAGGATATATACCCCTCAAAGAATCTACAAGTCCTGCCAGATAGGCATATCCGCCGGCCATGTGTCCATCCGGATTGTAATTACCGGGTTTCCACGGCATGTTCC
NZ_AP035449.1_gap14	673358	677544	4186	TGTACCTTTCAAAACAAACCGGCTACATAACACCAATGAATTTGTCAGGTTCTCACCGGTAAGAATCTTCAGAACAGTTCCACTGGCGGATCTGATTGTGGATCCTTTTGCCATCTCTGGTAAATTTATTACAGAAGCACGGCTGATCCTTGAGATGAAGCCGTCCCCGGATCTAAGACATACCCGTTCCCCAAGTTCAGAGGAAGAAGCCTTTTTCCGCCATGGGGTCATGAATCCGGAAGATGTCCGAATAACCCTTCCCCAAATAAACCGGCAACTTCAAAAAGCATTCTCACGTTCTGAAACCGGAACCTGGTACCGGCTGGGAGTCCGGGAAACAGGGATTTATGAGATCAGTGGCCAATACCTGGAAGATAACGGCCTGGTCCTATCAGAACTGGATAAAAACAGAATTCACATGTATGTCAGTGCGACACGAGGCCGACCCTATTCCCTCGCCCTGCCTGATAGTCCCTATATCCGTAAAATCCCGGTCCTCATCACCGGAAATATGGAGGATCCCCTCCGGCGTCAGGATAAAATTCTCTTTTTCGGAGAAAGTGTGTCCGGGTGGTATTCCCGTTCTGAAGATGGCCCCCAATACGCTGCTTTTGAAACAAATCCCTATGAAACGGTGAACCATTACTGGCTCTTTATTGCTGATACACCAGACACGGATCCTCTGAGGATGTCTCCCATTCAGGATGATACCGGTGCAGATGCCGTTAATCTTCCGTATGCCTGGGGACGGATGCATTACGAAAAGGATGAAGCCAATCTGATTCAGGGAGGGACCGAATGGTATGGCGAATCCTTCAGCGGTCCGGGAGCCCTGAGAACAATACAAATCTTTCTGAACAATCCGGCTCCGGAATACCATGAAAACGCCTATATCCGTTTCGGTGTTGCCGGGGCGTCCAAGACCGGACTTTCAACCCACCGTCATGATTTTGAATTTACATTGAATAATGAGGTGATTTGGGGGGTGATCACAGCTTACGATTATAATGATGCATCCAAAGTTTTTCAGATTCATACGGATATCCTTCAGGAAAATAATACCCTGCTGATTGAATACACAGGTAACGGCGATAATACGAAGGCATTTCTGGATTTTATAGACATCATCTACCCCATGGGCTTGGAAGCATCTGATGATTTTTTACGTATCTGGCATCCGGTTTCCGATACGCCACTGGCATTTCCCATCTCAGGGTTTTCCGGTAATCTGGTCTATATTTTTGATGTATCCGATCCCCTGAATCCCCGATATCAAATACAAAATCAATCCTCTTTCAGTATTATCCACAGCCGCACCGGCCTGGAAGCCGATTATCTGGTGCTTTCCGAATCCCGTTTTCACGTACCCCTTTTTATGGAGCTCTCGGATAAGAGTCCGCAACTCCCTGAATCCTTTGAACAAACGGACATGGTGATTGTTACCCACAAAGACTTTTTACCGGCGGCGGAGCGGCTGAAAGAGTACCGGGAATCCCATCATTCCCATCCCCTCTCTGTCGGTATTTATACAATGGAAGACATTTATGCCTGGTACAGCGGCGGGAATCAGGATCCCCATGCTATCCGGAACCTCCTCTATGATATGACTCAAAGAGCCCCCCAGCCGTCTCCCTTTTATTTGGTCCTTTTGGGGGATGGGGATTACGATTACAGAAATATTTCGGGGAAATCCAAAATATTCGTGCCCCAGTATGCCATATCCGCCGGATCTATCATTCATACACGGAATACGGATGACCCCTTTGTCTACCTGAGCAGTGTATCCGATGAAAGTCCGGATATGGCCGTCGGCAGAATCCCTGTGAATTCTCTGGAGGAAGCCCAAAATTACATCCAAAAACTGATCGATTATGAAACCCGGGAAACACCGGGGGAATGGCAAATGCGGGCGACCCTGATTGCTGATGATCCGACCAATCCCTGGCCGAATGAACCGGAATTTATCAAGGATACAGAGTATAAGATCCTGCCTGTTCTGCCTAAGGCCATGAAATTTCACAAAATCTATCTGACAGAATTCCCTGAGTTGTACGATCCCACCATAGGGTCCATGGGACGGGTAGGCGCCCGGGAAGCCATTCTGGAGGCTTTTCAGCAGGGGACACTCCTTATGAATTATATCGGGCACGGTTCGCCTTTTGTCTGGGCTCAGGAGTATGTTTTTACAAAAGACCGGGATTTGAACCAGGTGCAGACAAACGGCATGTACCCCTTTATTGTGGCAGCCACCTGTGATTGGGGACGCTCGGATTACATCGGTATCCAGAGCATGGCCGAAGAAATGGTTAATCTGACGGATAATGGAGCAATCGGTGTGGTGGCCAGTACCCGGGGGGTGATAAACCTGGATAATGTGGATTTTACCCGGAAAATGTACAACACCCTCTTCCCGGAGTCCCAAAGCAGTACCCGCTGTGTGACCGTGGGGAATGCATATCTTCAGGGTAAAATTCAGGCCTGGAGTAATTTGAATGTGTCCAAATTCCAGTATTTCGGTGATCCGGCCCTGATGCTGGCAATCCCCCGGATGGGCGGGGAAATCCACGTGGAAAACCAGGATACTCTGAAAGCCCTGAGCCTCGTCAGCGTGAAAGGAACCGTTTTTGATCAGGAACAGAGTAAAATTAACCAGGAGGGGCTGACGGGCTGGATAGAACTTGTAGACTCGGATAAACAGATTGCCCGGGATTACCGGTATTTGTCCGGGGGAACCTACCGGACCGGGACATTGTATTACACACTTCCCGGATCACGGTTGTTCACAGGAGCTATCAGTATCGAAAACGGGGAGTTCAACACCCGTTTTATGATTCCAAAAGATATCCGGTACGAAGGAAATAACGGCAAAATCCGACTTCGTTACGCATCCCCGGATTATCGTCTCGAAGGAGCCGCATTTGTCGACAGCCTGATCCTGGCCGGCAGTTCTGATACCGTGTCTTCCGACTTCACCGGACCTGAAATTGTCCTCCAGACCCATGGGGAAAGTTTTGCTTCATCCTCAATCCTGGTCAGCGATACGGCCGATTTGATTATCCGGATCAAAGATCTTTCCGGGATCAATATAACCGGTGCTACGGGACATGCGATTATCATGCGCCGGGATGGATTGGAAACCAATCTGACGTCACAGTTTATTTATGACAAGGATTCCTGGCAGGAGGGAAGCATCACATTGCCCGTTAGGGAGTGGTTCGGCGAAGGTGAGCAGACTGTTGAGATATCTGCTTTTGACAATTTTAATAATTTTTCCAGTGAAACATTTTATCTGCAGGTTGTCTCCAGTGGTGAAAGTATTCTAACCGATGTCATGAATTTCCCCAATCCCTTCAGAGAGTCCACCCAGTTCACCTTTCACAATATGCAGGCAGGAGAAGTGGGGATTCAAATTTTTACCTTGTCCGGGTCGCTGATACAATCCCTGGATGGAGGATTTATTGAGAAGGGATTTAACCGGATTCCATGGGATGGCAGAGACCGATTTGGAGAGTGGCCGGCCGCCGGTATTTATATGTACACCCTGTCTTTGAAACATGATGCCGGTGAGTCTTCTGCCCGGGGAAAACTGGTGATACTACCATGAGTGTTGAAAAACCGCCTGCCATTGTGCTTGCCTCTGCATCCCCCCGAAGAAGAGAAATTTTAATCACGATGGGATTTGACGTCCGGGTTTTTCCCTCCGGTTTTCAGGAGGAATCCCTGGAAGAAACAGATCCGGTCCGCTTTGCCATGGCAGCAGCCCATGCCAAAGGGAAAGATGTATCACACCGCTTTCCCGGGGAGATTACCGTTTCAGCTGATACTGTTGTTACTTACAAGGGACTTTTGCTGGGGAAGCCCGTCAACCGGGATGAAGCTATCCGCATGTTGAAAATCCTTAATGGAAAAACCCATACCGTCATCACGGCACTATCCATTTTTAATCCCCAAAAAGAAAGAGAATATACCGGCTATGAAGCAACGGATGTGACTTTTCGCCTTCTCACAGAAGAAGAAATCATCCGCTATGTTGATATCCATACCCCCTTGGATAAGGCAGGGGCCTATGGTATCCAGGATATTTCAGTACCCCTGGTTTCACGCATTGATGGATGCTATTTCAATGTCGTTGGTTTTCCCGTTTCTCATTTTTATATTCACTGGCGTGAAATCACGACGGCTGAAT
NZ_AP035449.1_gap15	708895	713256	4361	CGGACCGCGTCTTCTGTTACCATGGCGGCAACAGCACCCTTGTTGATGGCCTCGTCCACAAATTCGTGTCCGTCGGTTTTTTCCCCTTTCAGAGCACAAAACAGATCTCCGGGATTGATGTCTCGGGTATCGATAGAAAGGCGGGTAAACTCCTTGGCATTGATCCGATGAAGTGTAAACCGCCGGTCCCGGGCAATGTGTTCAAATTTCATGTGTTTGCACCCATTTTTGTACAATGTCTTTATCGTTGAAAGGGATCTTTTTTTCTCCAATTTCCATTACTTTTTCGGCACCTTTTCCCAGAATCAGGATCAGATCCCCGGGATTTCCATGAGTCAGAATTTGATGAATGGCCTTTTGTCTGTCAGTCTCAATGGTCACATTCTGATGGGATGTGATTCCTTTCCGGATATCTGCAATGATGGCTTCGGGATTTTCACTCCGGGGATTGTCATTGGTCAAAATGATCTGATCTGCATACTTTTCTGCAATTTGTCCCATAAGAGGTCGTTTTGTTTTATCCCGGTCACCCCCGCATCCAAAAAGGGCAATCAGCCTTTCATGGGGGATTTCCCGGACCGATTTCAGGATTTTATCGATGGCATCGGGCGTATGTGCAAAATCAATGATGACAGTTCCATGTTGTGCTGTCCGGACAATGTCCATCCGGCCCGGAATGGGAGGGAGGCTTTCCAGGTTCAGATGATCGGGGCGGATATGGGGATGGTGCTCCATCCAGGCGGCCAGAGCCTGCAGGATGTTCATGGCATTGAAAACACCGATTAAGGGTGCTTCGACCGACAGGGTATGGTCCGGTGTATGTACAACGCCTTTCAATCCTCCGGCAGATAAGTGATATTCAGAAAAATGGTAATCTGCAAGAGGATTTTTCAGGGAACAGCTCCTTTTTTTATGGTTCAGGGATGTAAATAGCTGGGATCCGTAAGGATCATCGATATTAATGATAGCTGTTCCTTCCGGCGTAAGCTGTGAAAAAAGACGGATTTTTGCTGCGAAATAACGGTCCATACTCCCATGGAAATCGAGATGATCCTGGGTCAGGTTTGTAAAAATGGCCGTATCAAATGCGATGTTATCCACCCGGGATAATTCCAGTGCAATGCTGGAGACTTCCATGATCAGGGATTGGATGCCGGCCTGGTTGCAGGTGTGAAACATTTTGTGCAGATCCCGGCTTTCCGGCGTGGTTCTTTCACTGAATGTTTCATGTTCGAAGTCAGACAGGAAACCCAGGGTGCCGGATATGGCTGTTTTCAAACCGGCCTGTTTTTCCAGCTCCCGGATTAGAAGTGTCAGGGTGGTTTTCCCATTGGTCCCGGTAATGCCCGTCAGATGAAAGGGGAGGGTTTCCGTGTTGTAAAAAGCCTGAGAAAGCCGGGCCAGTGCTTTGCGGCTGTTGGGGACGGTGATGACCGGTATATCCTGAAGACATGGATCTGTCTCGCATACGACAGCAGATGCCCCATGGTGGATTGCCGGATCAATAAACGTATGTCCGTCGGTTTTATATCCCCGGATAGCCACAAACAGATCCCCTGTCCGGATTTGCCTGGAATCATATTCGATTCCCGTGATTTCCGGATTTATAAGAGAAGCAGGTGTTTTTATACCTGCAATATTCAGCAATTCACGGAGTTTCATTTCTTTTTTCCCGTGATTAAAAGACATACACTGCCGCGCGCCAGGGATTCACCCGGAAGGGGATCCTGATCAACGATAATTTTATCTGATCCTTTAATTTCATAATTCAGTGAAAGTTTCGATAAAATGTGCGCTGCATTTTTAACACTCATATTTCTCACATCCGGGATCCGGACAAGGATTTCCATATCGCCGGAATTTCCCCTTTGAGTGATGCTCTGAACAGAAGCTGCCGCTCCTGAAGCACCCGAAGTTGAAGCATTATTATCACCTGTCCCCAGACTGGCTGAAAATTGGTAAGGGAGAGATTGATTTGAGCGGGAATCGGCAGCAAGAGGCTTTTCTTCAGGCTGAACCCAGTCATAGAGATTATTAAAATCTGTGGTGTTGATGATCCTCGTAAAGACTTGTTTCACTGCAGGTGCCGCACAGGTTCCTCCCCAATGTTTCCCGTAAGCCGGACTGTCCAAAGTGATTCCACACACAAGGACCGGTTTGTTTGCCGGAAAAAATCCAATGAAAGAGGAAACATAATGTTTTTGGGAATAGGTTCCGTCTTCCACTTTCTGGGCTGTGCCGGTTTTACCTGCAACACGATACCCTTTGATATAGGCGTTTTTTCCTGTTCCCTCTGTCACGGTTCTTTCAAGGATATCCCTCAGGGTTGTCGCAGTGGATTTGGACATTGCCCGGCGGATAACTTCAATTTCACCGGCCATCAGTTGTTCCCGGTCCGGAGAATAGGCTGACCGGACAATAAAGGGTTGAAGCAACAATCCGTTATTGGCGATAGCACTGTAAGCCATCACCAGTTGAAGGAGAGTCGTTGTGACATAGTGTCCCATCGCTACCTGAGAAGAAGATATTTTTCCCCACTCTGATACAGGATTAAGTTTCCCCTGAACTTCCAGCCCGGGAAACAGTCCGGTCTGTTCGCCGAAACCAAGGTTTTTGGACATCTGATACAGGGCCTGATCACCTTCTTGCTGGGCGATTTTGCCAATACCGATATTGGATGAGTGGATGATCACATCTTCAAAACTCATCCATTCGCTGTCTTTGGTGTCATGAATGGTTCTCCCCAGGAGTTCCCATTTTCCGCCCTCACAGTAAATCAGGCTCTGCCGGTTGAATATGCCTGTTTCCAGAGCTGCGGCAGCCGCAACAACCTTATAAACAGACCCCGGTTCAAAGGAATCGGAGATTACCCGGTTTTTTCTGTTTTCTATGGGGAACGCTGTTGCGTTGTTGGGGTTGAAATTCGGCCAGGATGCCATGCCCAAAATTTCACCGGTATTGGGGTTTACCAAAACGCCCATGCCGTGGTGAGCGCCATTATCCCGGACGGCTTTTTGGATTTCCTCTTCAAGTATTGCCTGATAATCCACGTCCAGAGTCAGAAAAACATTTCCACCGTCTTTCTTGGCCTGACCGTTGAGTCCTGATGCAGAAACCCGGCGGCCTTTCCGGTCATATTGAACCTGTTCCCAGCCTTGAACACCCCGAAGGGACTCATCAAAGATTTTTTCAATACCGGTTACACCCCTGTTATCCCAGCCCACATATCCCAGCACCTGTCCGCCTGTGTCTTCATAAGGATAGACCCGTTTCAGCTTTTTTTCAAAGCGGATGCCGTGTAAATTTTCTTTTATCATATCGGATGCCAGGGAAAGGGGGACATTCTCCCGGATGATGTAGTATTTTCGTTTGTTTTTAAAAAGGGAAGCGATCTCTGATGGGGGGATATTCAAATACTTTCCTAGTTGTCTGAACGTCTCATCGGGATTGGTGATATCAATATAACGGGCACCGATGGAATATTCGATGGAACTGTTGGCCATAATTCTGTTTTTCCTGTCAAAAATGATCCCTCTATCGGGAACAATGATATTTTTTTTCATAGCCTGGGATTCGGCAAGATCCCGGTAGTTGTAAATATCCAACAGTTGAATTTCAACCAATTTCAGAAGGATGACGAAGAATATGCCGATGATAAAAACAGCGATAAAACAGGAGCGGGCCCAAAATTGTTTCTGTAAGTCTTTATCGTTCTTCATTCTACCTCTATCACATCGACGATGGGCTGGGAATCCACCATTCCCAACTGGTGCACGGCAATATGCTTGATTCTGTCTGCCCTGGACAGGCGGGCGATCTCACTGTCGATTTCAATGATACTCTGCTGAATCCGGGTGATATTATTCCGAATGGCATCCACACGATATTGGGCTTCTTTGATCTCATTCATCAGGAAGAGATGCAAGAGGGGCCAGATTGTCAGAATCAGAAAGGCAAGACTCAGCAAAAAGCCCCAGCTCCCCACCACACCTGACACAGAGTGTCTGCTCTGCTTTTGTCCTCTCTTTTGTCTTTTTTGTGATGTCATAACTTTTCAATACACCTCAGTCGGGCACTTCTGCTTCTGGGATTCGACCTGATTTCCTCTTCTGAGGGAGTCAGGGCTTTTTTCTGGATATACCGGGCCTTTTGAACATGATTACAGGTGCAAACCGGCTGATCCGGCGGGCATACACAATCGGTGCAAAGATCCTTGAAACAGGTCTTCACCAATCGGTCTTCCAGGGAATGATAGGCAATTACAACCAATCTGCCTCCCGGTGCCAGACATTCAAAGGCATCCGGCAATGCCTTTTCCAGGACTTCCAGCTCTTGGTTCACAGCGATACGGAATGCCTGAA
NZ_AP035449.1_gap16	728320	729178	858	CACCGGAGTACACGGGAACGCTTTCATGAATGCCGAATTCTGCCGAGAAATAAGCTACCAGAAAATCCTCTTTCTCCGGGTATGTTTCATCAAACCAGGTGTCCTTCCGGGACATGTAATGATTGAATTCATCCATCACCGATTTCATCATGTCCAGAAATTCGGGATCATTTGCTTTGGTATTGAATTGATTCTGACTCAGATATTTTAAAAGTTTTAAAGGATTGTGTTCAACATCATACCACAGTTCATCCCCTAAGGTCCGGAACAGCTTCTGGGCATTGGGCTTCCAGCTCCACCATAAATTGTAACTGAATTCTTTCAGTTCCTGAAGCTCTTCGGGGACAAAACTCTGGACAGTTATCCTGCGAAAATTTTTCATGATTCCTCCGTTTGCGAGGAAAATTATTGGAGTTTACCGACGGTGACAAGAAAAATATCACCCAAATATGAGTGAATAGCCGGGAGTCCCTGAGAAAAGATTCCCAAATGGCGATTGTCTGTTTTTCCTCTCTCCGGATTCCGGTAAATTACATAAAGCATACGAGGTGATATGACCATCAGCAGAAAAGCTTTTCACGATTATCTTACCCGGGGCGTTTGCATCATTGACGGAGCCATGGGGACTCTGATTGATGATGCCGGTTTAAAGCCGGAAGATTATGCCGGTCACGAAGGATGTCCTGAAATGTTGAATGTTTCCCGGCCGGACCTTATTGAATCCATTCACCGGCAGTATCTGGATGCCGGGGCCAATATCATTGAAACAAATACCTTTGGGGCCAATGCCCTGGTTCTGAAGGAGCACGGTTTGGAAGACCGGGTCTATGAGTTGAATGTAGCAGGAGTCCAACGGGC
NZ_AP035449.1_gap17	733144	737890	4746	CTGTTTCCACCACCATGATGGTGCATCTTAAAACACTGCAGGCTTTCATAAATGATATCCGGGTCCAGGACCCTCTGAAAACCATGAAAATTATGGTGGGTGGTTACCCTTTTCTGGTGGATGGAGATTTGTGGGAAAAGGTCGGTGCAGACGGAACAGCCCGAAATGCTCAAATGGCTGTTAAGCAGGCAACAGAATGGTTTGAATCATGAAAGATCAACATTCAATACATTTTGCACTCCTGACGGATGAGACGGGAAATATCCGGAAAATTCTCCGGGATGATCACGCCTTGGTATCGGAAAATCTGACGTATCTGGGAGAATTGGTGGAAGATAAGACTCGACTATCCCATTTTTTTTATGAAATTGCATATCATGGCGCGGCTGTCATTCGGGACATAAGCCTCCGGAATATGCCGATGACGGTTCAGCTTATCGGTGCCAAAACAGAATCTGGTTTAACCATCATTTGCACTGCCGAAAATGTGGTTCTTCTGGATTATATCCAGGATCTGACCAGCATGAACTCCGTTCAGACGGATACCATTCGTCATCAATCCAAATTACTGTCAAAAAAGAATTTTAATGAAGATGATCTTTTAAACCATTTTTCACAACTGAACAACAATCTTGTGGATTTACAGCGTAAACTGGTGAAGAAAAATGAAGTCCTGATGCGGTTGACACTGCAGATGAATACTGTTTTTGAGTCGGCAGGACTCGGATTTGTTTTTTTAAAAAAGGATGGAAAAATCGACACGTTCAATGCCATGGGAACAGATTTTTTTCACCGCCTTACCGGACAGACCATTCAACCGGGCATGTCGATTCTGGAACTGGCGGTACCGGATTCGCCTGAAGGTATTCAGGGTTTGTTGGCCAGGAGTCTGGAGGGGGATTTTGATTCCACCGATGTTTATGCAGATGGCTGGTTTGAAATACGGACGACTGCTGTAAAAGATGACAGCGGCCGCCAGAAAGGCGTACTTTTGATTTCTGAGGAAATCAGCCGGAGAAAAAACTACGAGAAGACCATCGAAAGCCAGAAAGAATTCCTCCATCTCATGAACAAAATTCTCCGGCACGATTTGGCAAATATCTTTACCATTACTAAATCTGCCACATCCCTTTATAAAAGAACATCGAATGAAGAGATGCTGGACAGTATCGTGGAGGCCTCTGACCGGGGTATCCGGATGATTGACCGGATGAAGAACGCCGAAAAAATTCTGCATGACCCGGACAAACTCCGGCCCGTGTCTCTGGAAGGGGCGGTTTACCGGGTGATGAAGGATTATAAGAACCTGTCATTTACATGTCATGGACAGGGATGTATTTATGCTGATGACCTGATATATTCTCTCTTGAACAATCTTGTGTCCAATGCGATTCGTCACGGCAAGGCAACGGATATGATGTTCGAGATTTCCGGAGAAGGGGATGCCATGGTGTTGAAAGTCGCCAATAACGGAAAACCCATACCGGATGAGATCCGTGACAAAGTATTTGAAGAAAATTTTAAATTTGGTAAAACGGCCCAAACCGGTCTTGGTTTATTTATCGTTCAAAAGACAACGCTTCGGTATGGGGGAGTGGTGAAAGTGGAATCCTGCAAAGAGTGGAATACCTGTTTCATTTTTACTTTTCCCAAAATCACAGAACCTGAAAAGACATTTAAATCAGAAAATTGTGAATAGAAAGAACGGAACATTAAGTATGAAACAATCATCGGGGCAATGGACACGCAGGGATTTTATTAAAACGAGTCTGTTGACGGCAGGCGGATTGGCATTGGGTTGTTCAGTTCGTTCCCGGCTGGACATTCTCATCCAAAATGTCCGGATTGCAGATGGTACAGGCCAGGAAATATATACAGCGGATATTGGGTTACGCGATGGAAAAATCACAGCCATCGGATCCCTTAAAAATGCCACCGCCCACATGATTATTGACGGGAAAAAATATGTGGCGGCTCCGGGTTTTGTGGATATCCACAGTCATACCGATCTCGAATTGCTGGCAAATCCCAATGCGGAAGGGAAAATCCGCCAGGGAATCACGACGGAGGTCTCGGGAAATTGTGGATCATCTCCCTTTCCCCTGACGAAAACAGATGTGGAAAAATTGCAACAAAAGCTTCGGGATCAGTATCAGATAGATGAATCCTGGAAGGATTTGGATGGTTTTTTTCGTGCCATTGAAAAGCGGGGGACATCCATAAATTACATGACTCTGACAGGTCATGGAGCCCTGCGGGATACGGTGATGGGATCATACGACCGGGATCCCTCTGCTGATGAATTGAAAACCATGAAACAGGTTCTGGCCCGTACCCTGGAGATGGGGAGTCTGGGACTATCAACAGGCCTGGAATATGCCCCGGGGAGTTACGCCAGAACAACAGAGCTCATCGCCTTGTCCAAAACAGTGGCAGAATATGGGGGATTGTATGCCACTCACATGCGGAACGAAGACGACCGGGTGGAAGAAGCCATTGAAGAAGCATTGGACATCTCCCGCCAGGCCGGTGTTTCCCTGCAAATATCTCATTTAAAAGCCTGTAACAAGAACAATTGGCACAAAGTGGATGCCATGCTTTCGATGATCGATAAAGCCCGCCAGGAAGGAATTCCTGTCCATGCAGACCGCTATCCTTACATTGCGTGGTCTACAGGACTTTCGGCCTTTTTACCGGTATTGGCACGCCAGGGAAGTACGGAAGAGATGATAGAACGACTGAAGAACCGTCATAACGAAGAACAGGTCCGGGATTATATCCTTGGCCGGGGTGCACGGATCGGAGGTTGGGATCGTGTACTCATCAGCAGCTGCCGGGGTGCCGGTGGTAAAGATTTTGAAGGTAAAACATTGCAGGATATTAGCCATGCCCTGGGGTTGAGTCCCTACGAAACGGTACGAAAGCTTCTGATTGATTTTAAGGCAGAAGTTTCAACTATCGGATTTGCCATGGAAGAAAATAATCTGAAAAAAGTCCTCAAGGCGGAATTTGTCAGCATTGGATCAGACGGTTCGGTCAGGGCAACTTATGGGCCCCTCTTCAAAGGTAAACCCCATCCCCGCTGTTATGGATCCTTTCCCCGGGTTTTGGCGAAATTTGTCCGGGATGAAAAGGTGCTGTCCCTTCCCGAAGCCATACGAAAAATGTCCGCACAGAATGCCCTGAAAGTGGGACTTACAGACAGGGGTTTTATCCGGGAAAAGTACGTGGCGGATCTGGTTCTTTTCAATCCGGATGCCGTACAGGATAAAGCCACATATTTAAATCCCCACCAGTATCCCGAAGGAATTCCCTATGTCTTTGTAGAGGGTGTACCTGTCATCCGTGAGGGAAATCATACCGGGAAACATCCCGGGAAAGTCCTAAGGCATAAAGGTTAAATAAAAAAATCTGTTAACATAAAAATTGAATCTTTAGCTGGATCATTGTAACGCCGGGACTTCTGTGTCCACTAAAAAACCAGATTTAGGAGAAACTTTTGGGATTTTTTTCAGAAAACGACAAACGAACCCTCAGAACTCATCTGTCAGGTATGTCCGACCCGGTACAGCTTGTCTTTGTCAAACGGGACACAATGTGCCCCTATTGCCGCGAAACCCGGGAATTGCTTAAGGAATTTGCTGAATTTTCCGATAAAATACGGGTGGATGTATACGATATTGACAAAGATGCAGGTGAAATCGGTGATCTGGACATCGAGAGGGTTCCGGCACTTGCTCTCCTGGACCACTCCATGAAGGATACGGGGATCCGGTTTTACGGGATGCCTGGAGGATATGAGTTTCATTCCCTTTTGGGGGCGGTTCTTGTTGTTTCCAAAAGACGGACCGGGTTACCGGAAGATTTGGTCCGGCAGATCAGTCAAGTTGATACACCCCTTCATATACAAACGTATGTCACGCCAACCTGTCCTTATTGCCCATCTGTGATCCGGCTTATCCACAAAATGGCTTTTCTTAATCCCCATATACGGGCGGATATGATTGAAGTGACGGAATTTCCTGAATTGGGAAAGGAAGCAGGGGTCAAAGGAGTTCCAAAAACAATTGTCAATCATCTTTTCGATCTGGAAGGTGCTTTGCCTGAGGATCAGTTTATTCACACGATAATAAAAAACTTATAAAAAAAATCTGGAGGATCGGATGAAAGTAACATTGCAGGGACTGGCGGATCATTTAACATTTATGGCGAAAGGAGATTCAGGTCATTGGATTACTCTCGATGCTGATGAGTCTTTACATGGATTTAATGCCGGAACACGGCCCATGGAACTGGTCTTGGAAGCTCTGGGCGGTTGCACAGCCATGGATGTTCTATCTATCTTGCGAAAGAAGCGTATGAATTTTGATCGTTTTACCATGGATATTGAAGCAGAACGGGCCAGTGAACATCCGAAAGTTTTTACAAAGATTCACATGGTTTACAAATTTTGGGGAAATGAACTCTCTGAAAAGGCCATTGCCCGTGCTATTGAACTGAGTGAAACCAAGTATTGCAGCGTAAATGCCATGTTGAGCAGTACAGCGGAGATTACTTCAGAGTATCTTCTAAACCCCTAGGCTAAAGCAGGAAAAGCTTGGTTTGAAAGGAAAGAAACCCTTTCTTTTTTATCAAAGTATTATATATATTTAATGAGAAAAAATGATGACAATACCTGAAGAGTTGCAAGGAAAATCTGTCTTTTTGAAAGGAAAGAGAAATCAGGCAACGTCTATTTGAATCAGG
NZ_AP035449.1_gap18	753893	754845	952	ATTTGACATACATGAGTCCTACTTCGTTTTTATCCATATAGGCCAATCCGGCCGGATTCCAGTAAGATGAATAGGCATCACTGGCATCAGCCACCTGGGCTTCACCCATGGCTTCGGCCCGTGCTCCGGGAGCAATCAGCAGGAAAATGGCCCCGGCATCTCCCTGAGCCATCAGGGTACCGGTGGACGCAATAAAAATAAGCATGAGAAGTAATATGAATCGTCGCAGCATAATTTAGGGTCTCCTTCAAAAAAAAACCGAACGACAATGACACGCTCGGCCTGATTGTTCGTTCAAAGGACATATTTGTCGGTTCACTTTTTCAAATAATCCTTTAACGAACGTTTCTGATGCTCACCTCTCGATTTTTGCGTTGAAAGTTAATACCCTTGGATTCAGAATGTCAACATTTCTCTATCATTACTTATATACGACAGAAAAGGCTGACGGTTCCGTGATGCCCGTCATGCGTTTTCTTCCAAAACCTTAATCTCTTCCTTGAATTCTGTGACATCTTTGAATTCATGGTAGACAGACGCAAAGCGGATATAGGCAACTTTATCGATTTGCCGGAGTCTGTGGATGACTTCTTCACCAATAAAGGAGGATTTGACTTCAGATAAACCCAGTTGTTCAATTTTCTGTTCAATTTCCCAGGCAATATTCTGGATGATTTTTAGCGAGACAGGCCGTTTGGTACAGGAAAGCTGAATACTGTGCATCAGTTTTTCCCGGTTAAATTCTTCCCGGGTACCATTGGATTTGATGACCAAAACGGGACTCAGGGCGATATATTCATAGGTTGTAAAGCGATATCCGCAGGCCGGACATTCCCTGCGGCGGCGGATACCGATCTCTTTTGTCAGAGGCCGACTGTCGATAACCCGTGTATCGGGTTGGTCACATTGAGGGCATTTCATGATACATAACGGCTCAGAAGTTCTGGATACA
NZ_AP035449.1_gap19	765219	769441	4222	AGGGTTTTCCCACGGTAGTGTTCCTGGATCCTGACGGGCGGGAAATTCGAAATGCACGACTTCTGGGTTTTGAAAAGCCCCGCGATTTCCTGAATCGCCTGACACAACTGAAAAATCAAAAATAAGTGCATTTTATCTGATTGTATAACGTGTTCCATCCCTGATTTTTATGTTTAAGACCTTTTCCATGATTCTTTAAAAGAAACTTCGTACTTTATAATCAGCAAATGAAAGTTGGAACCGGTTTTCAAAGAGGGAAAAAACGTGGGAAAACTCATTCGAAACATCAGTCCGGCTTTTCACTGGTACATGCAAAGAATTACTGCCATGATTCTGGTGGTGGGACTCTTTGTACATTTCTGGGTTTTGCATTTTGCCATTGAAAGACCGGTAACATTTGAAAAAGTGCAGGACAGGCTCTTATCACCCGGCTGGGTCTTTTTTGATGTGATACTTTTGATAGCCGTCATTTACCATGCTTTTAATGGATTGTACAATGTGATCAGTGATTACAACCCCCGGCCTGCCCTTCAAAAAATCATAGCCTGGACACTCATTTTTGTGGGGGCTATCATTGTTATTTATGGCATACTGGCCCTCTTACCTTTCACACGGCAGGGAGGTGTATGATGTCCAATCGGAAACCAGGCTTTCTGAAAGAGTGGATGCTGAATTTCAACTGGGGGATGCTTGCCTTTGTTTTTCACCGGATTACAGGACTGGCTCTTGTTTTGTATATTGTTTTGCATATATATAGTGTGGGACACTCCCTGGGAGGTGGTGATTCTTTTAACCAGATGATGGAAGGATACAATACACCGCTTGGACATGTACTTGAATATTTTCTGCTTCTGGCTGTTTTATGGCACATGTTCAATGGGATCCGCATTACGGTGACGGATTTCCTTCGTTTTTCCCATAAACAGAAAGTGCTTATTCTCTGGGTCTTCATTTTAAGTGGTATCATTGCACTGGCCTCCCTGTTTCGCTTTATTCCCGGTTTGAAAATCCTGTTTGGAGGGAGTTGAGTTATGATTACATCGGATGTGATTGTGGTTGGAGCCGGATTGGCGGGATTGCGGGCAGCTTTGGAATTGAACCGTCACAATGTAAAAGTCGCCGTAGTCACAAAGGTCCATCCGGTCCGCTCCCATAGCGTGGCTGCCCAGGGTGGAATCAACGCCGCCTTGAGTAACCATCCCCGCGGTAAGTTTGACAGTCCTGAACTTCATGCTTTCGACACGATTAAAGGCAGTGATTACCTGGCTGATCAGAAAGCTGTGTTGAAAATGACCACAGAAGGTATTGAACGGATATACGAGCTGGAACACTGGGGAGCACCTTTCAGCCGGACGGAAGACGGGCGCATCGCCCAAAGGCCTTTCGGAGGTGCCGGTTTTCCACGGACCTGTTACGCGACGGATAAAACCGGTCATGTACTGCTTCATACCCTTTATGAACAGGCCTTGAAATTTGAAGCCGCCAGTGAACGAGCGGATATGCAGATCTTCGATGAATGGTTTGTTACCCGATTGATCGTACATAACGGCTCCGCAAAGGGCGTCATTGCCTTGAATATCAATACCGGTGAGCTTGAAATTTTTGCCGGCCGGGCGGTGATCTGGGCAACAGGCGGTTCAGGCCGGGTTTTCGGCCGGACCAGTAACGCATACATCAATACGGGTTGGGGCATGTGTGTCCCCTTTTATGAAGGGGTTCCTCTGAAAGATATGGAATTTATTCAATTCCACCCCACCGAACTCTATACGAATAACGTGCTCATCACAGAAGGTGCCCGGGGTGAGGGAGGTTTCCTCCTGAATAATAAGCAAGAGCGTTTTCTGGCAAATTATGAAGATTCGGCAAAGGCTATGGAGATGGCTCCCCGGGATATTGTCGCCCGGAATATGCAGCGGGAAATTCTGGCCGGAAGGGGTGTGGAAGGAAAATATATCCACCTGGATCTCCGCCACCTGGGGAAAAAGAAAATTCTCGAAAGGCTTCCGGGGATCCGGATGCATGCCATCCATTTTGCCGGTGTGGATCCCATCGACCAGCCCATTCCTGTTGCACCAGGACAGCATTATACCATGGGCGGACTGGATGTGAATCTGAATACGGAATCGAAAGTGAAAGGTTTTTTTGCTGCCGGTGAATGTGCCTGTGTAAGCGTCCATGGATCCAACCGGCTGGGAGGGAATTCTCTCCTGGAAACGGTTGTATTCGGGAAAATTGCCGGTGAGTATGCTTCTGCATATTTCAAGGACGGGGGAGGAACCGATGTCCCCGTGATTTTTTTAAATCAAATCCTCAAAGAAGAAGAAGATAAGATAATCCGCCTGCTGGAATCCAAAGGGAAAGAGAACCATTCCGCCATCAAGCACGAACTGGGTGATACCATGGATTTGGGTGCCGGGATTTTTCGGGAAGCCCGAACCATGAATGCGTCACTGGAAAAAGTAAAAGAGCTCAAAGAAAGATATGGACAGATCGGCTTGAATAGCAGTGGCCGGATTGCAAACTTTGATTTGTTATGGGCCATTCAGCTTAAGGGAAGCCTGGATCTGGCGGAAGTGATTCTTCGTGGCGCCATTAACCGTCAGGAAAGCCGTGGTGCACAGTTCAGGACTGACTATCCCATGCGGGATGATAAAAACTGGATGAAACATACCGTGGCAAGATGGAAAGATGGTACGATCCATCTGGGCTACTCCTCTGTGGACCTTTCCCTGCATAAAGCAAAAAAACGTCATTATTAGGAGATCTTACCGGAGATAAATATGGCTGAAACAAAGACATTTAAAGTATTCCGCTTCAAACCCCAAACAGATAAAAAACACCGGTTTGATACTTTTAAGGTTCCCTGCCGGCCGGGGATGACCGTTTTGCAGGCCCTGAACTATATTCAGGAGAATCTGGACGGTTCCCTGGCCTACCGTTCATCCTGCCGGGAAGGGATTTGCGGATCCTGCGCTATGCATATCAATGGAAAATATCGCCTGGCCTGCGAAACACAGGTGAGTCATTTGAGTGCTTCCATCACCATTCGTCCCATGGCACACATGGATATCATTCGGGACCTGGTTGTGGATATGACACCCTTTTTTGAAAAACTCAAGGCCATTAAACCCTATCTGATCCCCGGTGACCCAGACGAAGGGGCGGAGCGGATTCAGACACAGGATGAACGCGCTTATCTTGACTATATCGTTGATTGCATTCTCTGTGGTGCCTGTTATGCTTCCTGCGCCGTCAACGGCTATGATGATGAATATCTTGGTCCGGCTGCACTGGCCAAAGCAAACCGTTTTTTAATGGATTCCCGGGATAAGGCCGATGAACAACGCCTGGCCCTGGTGTGTGATGAACACGGTGTTTTCCGTTGCCATACCCTTTTTAACTGCCAGACAGTGTGTCCCAAAAATGTGGATCCCACGGCGAATATTGCCAATCTCAAACGGCAGATTATTGCCCGGCAACTCAATCCCAAATTTTCCAAAAAAGGGATCTAATCGCTCCTTTTCCAATCGGAAAAACTTTCTTTTTATATCAACAGCTTGTATTTTTCTATTGATGAAAAAATACCACAAACTAAGCATCACAATTCTTTTTGGACTCTGTTTTACAGTCCTTCCCTTGAATGCCACCTTTTTTCCCTATCTTATGTATGAAAAAGAGTTGCCCAATTACATGCGGATTGTGGTCGTTCCCATCCAGGATGCCCGGACGGTGAGTTTTGCCACCCTGGTCCAGACAGGTTCAAGGAATGAAACAGATGAAGGGTATACCGGATATGCCCACCTGCTGGAACACATGATGTTCCGGGGGTCAGAGAATTATTCAACCGAAGACCGGGTGAATCTTTTGTACCGTCACGGCGGTGACAGCAACGCGTTTACATCCATGGATTATACATGTTATACCGTCAGTTGTGATCCGGCGGGCTGGGAAGAAGTTTTGGCTCTTGAAGCAGACCGCCTGATAAGGCTCTCTCTGAATAAAGAGGATTTTAAAGCTGAAACAGGGGCTGTCATTGGTGAATTCGGCATTTCTGAAAGATATCCTTCCAACCGCATGGAAAATGCCCTGAGGGAGTGCATGTTTCAGGGGCACACTTACGAACATTCGGTGATCGGATACCGTAAAGACGTGATGAATATGCCTGAAGGCTATGAGTATATCCGGGATTTCTACAAAAAAGAATACCGGCCGGATAAAACCA
NZ_AP035449.1_gap20	785104	787958	2854	AAAGAAACCGGGCGCTCGATGCCATTCAGATCATCATTAATCCCCGAATCGGCATAGACCATGATGGGGGCAGATACCCTGCTGAGATTCAAGGCTCCTGCCAGGGACCGCCGGAATGTCTCCCTGATAAGATCTATGGCTTCCTGGGTTTTTTTCAGATCCAACGGACTTTCATAGTGCTCTGGAATGGTGAGAAAATCAGTTGTCAGATCAATATATTTTTTCTTTTGCTTTAGCATATTATGGTCCCTTTTCTTAGCGCACAACCTACAAATATCTGTTAAGGGGAAAAAGGGAAAGTTTGTTACCTGTTTCAGAAACGCTTATTTTACCATGCCTTGATTTGTTTACTGAAACCAAAGGATCTATCCGCGGAATTTCAGATGAGCCACCTGATAAACCACAGGATGCTGATTACCTATAGACAAGGAGGGATGTATCCTTTCGGTTCATTTGATGACACCTAAGGAGGGAATCCATGAAAATTGCCTTTTTTGATGCAAAGCCCTATGACCGGGATGTCTTTGATGCTTTAAACCGAGAGTATGGTTATACAATCAAATACTTTGAAACCAAACTTACACCGGATAGTGTGGCATTGGCCCGGGGATATGATGTGGTGTGCGTATTTGTTAACGATACCGTAAACAAGGAAGTCATTCGTGAATTAATCGGATATGATATTCAAATGATTGCCCTGCGGTGTGCCGGTTTCAATAATGTAGATATGGAAGCCACCCGATGTAAAATTCCTGTGGTTCGGGTGCCTGCCTATTCACCCCATGCCATAGCCGAACATACCGTCGCATTGATTCTGGCCCTGAACCGTAAGATTTACCGGGCTTACCAGCGGACCCGTGAAAACAATTTTTCCCTCAATGGTTTGATGGGTTTTGATATGTATGGAAAAACCGCCGGGATTATCGGGACAGGCAAAATCGGGATATTGACAGGGGGAATCCTGAATGGCTTTGGAATGCGGGTTCTCGCCTATGACCCTTACCCCGATCCCAAAGCTGCAGATGAATACGGTTTTGAATATACCGACCTGAAAACTCTCTACAAGGAATCACAGATTGTTTCCCTTCATTGCCCGTTAACAAAAGAAACGGAATACCTGATCAATGAAGAAACCCTGGCCCTTATGCAGGATGGTGTGATGATCATTAATACCGGCCGGGGTAAACTTGTGGATACCCGGGCACTGATCAAGGGGTTGAAAATGGGGAAAGTAGGTTATGCAGGATTGGATGTTTATGAAGAAGAACGGGATTTCTTTTTTGAGGATCAATCGGATATGATTCTCACGGATGATATCCTTGCCCGGCTTCTGACATTCAACAATGTGGTCATCACATCCCATCAGGGCTTTTTCACACGTGAAGCACTGGATAGTATTGCCCGGACCACGTTAAACAATATTCGGGAACTGTCGGAAGGTAAACCCCTGAGTCATCAGGTGACCTGCAAATCGTGATTAAGGACGGAGATAGCTCCGAATGCTTTTCGTATAAGGACTTTCAGGCCAGTTACTTAAAAATTCCAACAGTAATTTTTTTTCCAGATTCTGGTTTTCTGTAAAATTAAAATATGCGGCTTGGCGGAGTGTAAAATAATCGCCCATCACAGGATCTTTTTTTAAGATAACCCCGTTCGATTCCCAGAAGTGTGTCAGTTCATCCATCCGGCCTGTTTGAAAAAGAATCTGCTCAAGCCGTAACGCAGCCAGGTTTCGAACCGGTGAGGTTTGTCCCATCAGCTCTCTGGCTTTTTCCATAGCCTGGATCCATTCTCTTTTCCGGATATGGGATTCGAGCTCAATCATACCCGGTTCTTCAGCTCCGATTTGCAGGTAAGATGCCAAGGCCAGGATGTCATTGCTGTATTCATCACGGCTGCTTATGAGGGCAAGGGCTTCGTTTACATGTTTCTCCAGGGAATCCGGCCGGTTAAATGCCAAATCCACAAAGAGGAGATTCAACCTGAATCGATCTTCCTCTGTGGCATCCAGGCGATAGGATGCCGGTGCTTCCCATATTTTTCGCCGGGCACTCTCTTCATCCTTTTGTAGAATTTTACAGGTGATATATTCTGTTATCATTCTGTTCCGGATACGGACAGGGAGGCTTGCAGGAATCTCTTCCAACAGGTCTGCCGCTTTATCCAAATCACCCGTAATAAAGAAATGTATATGAGCAAGCCTGAGCCGGCTCTCGTAGCGTATTTCCGGATTTTGGGCGTCAGATAAATTTTCGTACAATCCATAAGCACTATCGATGTAAGCTTTATGGATTGTATAAGACGGGCGTACCGGAAGGGCAAGAAATACAGAGTGGTACGGGGGTATAATTTCCGGACCAAACTGAGCCGGTTTATCGGATAGGGCGTCATAGTTGAGTGCTTTTAAAAAAATCAAGTTTTCCCTCTGCAAATCGTCATTGATCGTATGTTCCAGATTCCTCAACAAAGTCAGACTTAATTGATGTTGTGATACATTGAATAAATGACGGGCAGCCTGTAAAAGTTCATCAGTTTTAAAGAGGGAGATATGATCCAGGAAAATCCGGACTGCCGCGTCGTACCTTTCCGAAGCAGTCGCCAAATCAGCAATAAGCCGGTAGTCATCCACTGACTGTGCAAGATTTTGTAGTGTATCCATTACCATGCCGTACAAAGGTGCTTCAGCGGCTAATGATTTGAGTTCCCGGATAAGTAAGGGAAGGGTTGACGGAGACAGTTCCCGGTGTAATAGAAATTCCTCCAGGGCAGGTTGCCACATCTGCCTGTTGATCAGATCGGAAAAATAGGTTTGGGATTGAAGCAACGCTTCATCGGTCTTTTCCCTGAAAAAGGC
NZ_AP035449.1_gap21	806130	807139	1009	AGACTGCGAGGGATAAGCTCCGTAGTCAAAAGGGAAACAACCCAGACCGACAGCTAAGGTCCCTAAATGTACGTTAAGTGATAAAGGATGTGGAATTACTCAGACAGCTAGGAGGTTGGCTTAGAAGCAGCCATTCCTTTAAAGAGTGCGTAATAGCTCACTAGTCAAGTGATTCTGCGCCTATAATTTCCGGGACTGTCAAACGTACTACCGAAGCTTCGGAATCCGGTGATGAACCGGATTGGTAGGGGAGCGTTCCATTAACCGCTGAAGGTAGACCCGTGAGGGCTGCTGGAGGAGATGGAAATGAGGATGCAGGCACGAGTAACGATAATCCCGGTGAAATTCCGGGACACCGAAAGCCTAAGGTTTCCTGAGTAAAGTAAATCTGCTCAGGGTTAGTCGGCCCCTAAGGCGAGGCCGAAGGGCGTAGTCGATGGGAAACAGGTTAATATTCCTGTACCAGTGGCAAACCGTTTGAACTATGGGGTGGCGCAGAAGTGAAAGATCAGCCGTCTGACGAAATAGACGGTCTAAGCGTGTAGGGAGTCCTTCCAGGCAAATCCGGAAGGATAATTCTGAGACGTGATGGGGAGTCCTTTGGACACAAACTGATCCTAATCATACTGACAAGAAAAACCTCTATGTGAGGGTTGTCACTGACCGTACCTTAAACCGACACAGGTAGGCGGGATGAATATTCTAAGGTGCTTGGATGAACTCAGGTCAAGGAACTCGGCAAACTGACCTCGTAACTTCGGGATAAGAGGTACCTCGAGTATGTGATGTAATTCGCTTACGGAGCAGAAAGAGGTCGCAGTGAAATGGCCCAAGCGACTGTTTAACAAAAACACAGGTCTCTGCTAAATCGTAAGATGATGTATAGGGACTGACACCTGCCCGGTGCTGGAAGGTTAAGGGGATGTGTCATTCTCCCGCTTCGGCGGGAGGAGAAGCACTGAGCTGAAGCCCCAGTAAACGGCGGCCGTAACTATAACGGTCCTAAGGT
NZ_AP035449.1_gap22	873089	876880	3791	GCTGTGGTAGGTATCCATGTAACGGAAATCAGGGCCGTATCGCCTGGAGCGGCCTATAACGACCCCCTGTGGGATCTCCTGTTTCCCGGCCAGTTGTATCAACGGGAAGTGAAAAGCATGGGAAGCGGTGTCATTATCAGTCCGGACGGATATATTGTGACCAATGCCCACGTGGTAGGTAAAAACGCGGTGAAAGTCATCGTTACCCTCAGCGGTGGAACCCGCTATCCTGCGGAAGTGGTTGGTGTGGATGACCTGACGGATATTTCCCTTTTAAAAATTGAGGCGGAAGACCTTCCCGGCATTGAAATCGGTGACAGTGATGATGTGATCATCGGGGAATGGGTGGTTGCGTTGGGAAATCCTTTTGGACTTTTTGATATCAGCAATCAGCCGACGGCAACCATCGGTATTGTCAGTTCGAAAAATGTCAATTTTGGAGAACAGGCTGGTGGAAGGGTGTATCAGGAAATGATCCAGACAGATGCCAGCATCAATTCCGGGAACAGCGGAGGGGCCCTTGTAAATGTTCATGGTGAAATGATCGGCATCAATACCTTTATCTTTACAGGGGGAAACCAGGTGGGCGGATCTGTCGGCGTGGGATTTGCCATCCCGGTTAACCGGATGAAAACCGTTGTGGATGAACTGATCCGCAGTGGATATGTGGAGCGGGGTTTTGAAACAGGACTCAGTGTTCAAACCCTGGACCAGTATATTGCTGCCTACCTGAATTTGCCTTTTAAACAGGGAGTTATCATAACGGATGTCCGGAAAAACAGTTCAGCTCATAAAGCCGGTTTGAAAGTCGGAGATATCATCCGCAAAGTCAATGATATGTCTGTGACCAATACCCGGGATATTTACCGGGTCATCAATGAAAATTACCTGAAGGCTGGAGATGTCATTCACCTGGAAATCTGGCGGAATCAGAAGACGATCACCTGTGAACTGATCCTTGCGAAGCCTTCAGCCAGAAAATAAATCAGCAGGAGTTAAGAGAAGCGTATGGAAAAAATTGGCATACTGAAATATCCCGGCGCCAGCGGTGATCATGATCTGTACTGGGCGGTCCGGAACTGTTGCGGTCAAAAAGCAGCCTTCCTTGAGAGCGGCAACTGGAACCCTGATGAAATCTCGGCACTTCTCATTCCCGGCGGCCTATTTGTATCAGGCTATTCTGATGTGAAGGACAATCACCTGGTGGCCCATGTTATCCGGAATCACAAGCCGGTATTGGCCATTGCCGAGGGGTATTATTTTATCAAAGCGAGTCAGGGACTTACCGCTGATCTTATCCCCCGGGAGGATGTAAAGAAAGTGACAACCGGTGGAGCCATCATAACTGATAACAGCAATTTCTGGCTTACCCGGTATGAGGAAGATGAAGCGGTCACCTGGCCTGAATCCTACAGATTTCATTCATTTTCCCGGGATGATACTATACATTCCATCGTAGTCTCCAAAGCAGACGAAAGGGTACTGGGAATTGGACTGAAAAAATATCCGGTTGCTGCTCTGTTGTTGCATCCTGAAAGAGCTGTTGATGAAGTCATCGGTGATACTTCCGGAACAAAACTATTCAATGTGTTGAGGACAGATCAATGAAACAAAAATTTTCGGTTGGTAAAGCATTGGGAATTATCTTGTTGGGAGCCATTATCGGCGGTATCCTGGGTGAATTGTTCGGAATGATTCTGCCTGAGAGCGTGGTACGGGAATTTCTTTTAAAGAAGTACGCTTTTGGGTTTACAAATCCCCTGAATATTGATCTGAGCATTATTACCTTCAGTTTTTCCCTTATGTTACGGATGAATGTGGTGAGTCTCCTGGGGATTGTATTCGGTTTTTACATTCTTAAATATACACGATGAAAGTGAGGTCACAATGAATTTCGGTCCATGGGAACTTATTATTATCCTGGTGATTGTTCTCCTGATTTTTGGTCCGAAAAAACTTCCTGAGCTGGCCAAAGGACTTGGAAAAGGCCTTCGGGAGTTTAAAAAAGCGGCACATGATGTAAAGGATGAACTGGAAAATGCCGGAGATGAAGAAGAAGAAAATCAGGCGGAGAAATCTACAGGAAAAGATAACCGTAATACTGAGAAAAAGGGTTAAGAAGACCGGGGATTTATGAAACGTTCAACTGAGGATCATATTTACGATTTGATTGACACAATAGACCAGTCCGGCAATCCCATATTTATCACCGTAGATAAAGAATGGCTTCGGAAACATCTTGCAGAACAGGCAGCCATTCAGGGTCCGTTTTCCGGGAAAATCATTGCTGTTAAAGATAACATCAATGTCCGGGGTTTGCCAACCACATGTGCCAGCAGGATTTTAAAGACGTTCCATTCGCCCTATGATGCCACGGTGATCAAAAAGATTCGGGCGGCCGGAGGTGTTCTTTTAGGTAAGACAAACATGGATGAATTTGCCATGGGCTCTTCCAACGAGTATTCCGCCGCAGGAGCTGTAAAAAATCCTGTTGATGAAACCCGTGTTCCCGGTGGTTCCAGCGGTGGTTCGGCTGCTGCTGTGGCTTCCGGACTTGTTGACTATGCTCTGGGATCGGATACAGGAGGATCGATCCGGCAGCCGGCAGCATTTACGGGCACAGTAGGACTCAAACCCACATATGGCCGGGTCTCCCGCTATGGCCTGACTGCCTTTGCCTCTTCCTTTGACCAGATCGGTCCCATTACCCGGACTGTCCGACAGTCTGCCGAACTCCTGGAAGTGATAGCCGGAAAAGATCCCCTGGATTCCACATCGGCCGACATCCCGGTGGGAAATTATGTTCGTGCCCTGGATGAAGATGTAAAAGGACTGACATTAGGAATTCCCTGGCATCTGCTGGAAAAAGGTGTGGAAAAGGATGTGATGGATTCCTTTCAGGATGCGGTGAAAACCCTGGAAAAAGCCGGCGTGACCTTTCGGGAGATTGAGCTGAAATATGCCGATTATGCGATTGCTGCATATTATATCCTGGCTACGGCCGAAGCATCCAGCAATCTGGCCCGTTTTGATGGGATCCGGTATGGTGTAAATCAGAAAATGGACGGTGGCGATCTTTTTAGCACCTATGCCGAAAACCGTTCGAAAGGATTTGGGCCGGAAGTCAAACGGCGGATTATGCTGGGAACCTATGTGCTTTCTTCCGGCTATTATGAGGCCTATTATGCCCGGGGACAAAAGGTTCGTACATTGATTGCCCGGGAATTTGCCACCTTGCTGAAGGATATGGATGGAATTATGCTTCCCACGACTCCCACAACAGCATTTAAACTGGGAGAACATGTCAATGATCCACTTAAAATGTATTTAAATGATGTCTTTACCGTCTCTGTAAATATTGCCGGATTGCCGGCCCTGAGTGTCCCCGGAAAGCCTGGAAAGGGGGGATTGCCTGTCGGTTGTCAGTTCATCGGCAGAGCCTATGACGAAGGAACTATTTTGCGCTTAGGTCATACGATTGAAATGTCACGGTGTAAACCGGAATAGTAAATCGATCCTCGCCTGAGGATTTGTATGGTGGATAATAACGATTCAAGGAAAAAATGTTCAGATTTCAGAATCCGGAAATTTTCTTTTCTCTGCTGCTTCTGATACCTCTGATTATCACGGAATTCCGCCGTCATGTTTCCAGGCGATTCACCCTTCGTATCGGAACTCTGTCTTCACTTCGGAAATTTTCACCCAGGTATCCTGTTAAACTCCTGATTCCCCTGGTTTTAAAATATGTGGCCTTTATTCTGATCATTGCTGCACTGGCACGGCCCCAAAGG
NZ_AP035449.1_gap23	886253	886812	559	GATAACGGAGGTTTTATGAATACAAAAAAAATTCTCACGTTTTTTGCCGGTGTATTTACGGTCACCTTTGTGGTCAGTGCCATTGTGACCTTTTTTTACAGTTGGATTGCCCATGGTACGGCCATGGCTGAATGGGGGACCGCATTTCGACTGGCAGTCATTTTGGGCTTTGTGATGACCTGGGTTCATGCAAGAGATATAAAGACAGGCAAATAAAGAAGATTTACGGGAGTGTATATAGTGAGAAATTGGACTATCTGGATTTCTTTATTCGTCATTTATACAGGGTGTCATGTGTCAACACCTGAAAAGACTCTGATATACAGTTATGGTGCCATCACACGGACTGATACTTGTCAGAAGCAAATTCACCTGGTGTTTACAGGGGATGAGTATGCCGAGGGTGGCCCGATTATTCGTGAGGTGCTGGACAAACATGGTATCAAAGCTTCTTTTTTTCTGACGGGTAATTTTTATAGAAATCCGGATTTTCGCCCTGTTATTGAGGGGTTGGTAGCAGATGGTCATTACCTGGGAGCCCATTCAGACAGGCACCTGT
NZ_AP035449.1_gap24	926136	929880	3744	TTACGACCGGTATCCTTGCCCTGGCTTTTATTGCCCTTGGAGCTTTGGTCATGTATGGAACGGGTGAACACTTTTCAAACTCATCTGTTGTTTTTTCCAGACAACTTATTGAGCTCTACACCCAAACCCTTGGGACCTGGAGCCGGTGGATTATTGCCCTTATCGCTTTTCTCACGATGTTTTCCACAACGTTAACCACCCTGGATGGCTATTCACGGACGCTGTCGGAAAGTGTTCGTGAACTCTTCTATAGGAATCGAAAATATCCTTTTTCTGTCTTTTGGATGATTGTAGCATTACTGGTCCTGAGCGGGCTATTGATTATTGGTGTGTTCTTAAGTGGTATAAAAACACTGGTGGATGTGGCAACGATTCTGGCGTTTCTTACAGCACCGGTTTTTGCACTTCTCAATTTCCGCCTTGTTTCAGCCCGGCATTTTCCAAAAGAAGACCGCCCCGGTATTTTTATGCAGGTACTTAGCTGGTGTGGTATCCTTTTCCTGACCGGATTCAGTCTGATTTATTTATGGAAAATGATGAGTAGTTAAAAATCTCTTTATAATTTTAGTTTGAGGGATCAATGTGGACTGTTGCTTCGATATCCAATTCTTTCCGAATGGCTGCTTCCAGCTCATCGGCGATTTCATGTCCGTGATCCAGCGTCCATTCACCAGGTAACTCTATATGAAGTGTCATCTCCCGGTGTGTCCCGTATTCATGCATGTGAATGTGATGTATATTCAGCTCTTTTTGGCAGATCTTTTCACCGATTTTCCGGACCCGTTCGATGATTTTGGGAGAGGGGGGATTACCCATAAGACGTGAAGAGGCATCCCGAATGATTTCATAGGCGGAATGAAGAATCAAAAGTGCAACAATGCCTGTCAGCAGACTGTCAATCCACCAGATATATGGTCCTACAAAAATCCCTGCAAGAATGATGAGTGAGGATAGGGCGTCGCTCCGGTGATGCCAGCCATCCGCCCGGACTGACTCCGAATCGGTCTTCCGGCTGATATGAAAGGCGTATTGAGCCATAAGTTCTTTTGAAATAATGGATAAAGATACAACCATAATAGAGATCCAGCCATACTGAACGGCGTTGTGTGAGGATATGTTTTCATAGGCTTTTGTAAAGAATTCCCAGGATACGCCTACCAGCATCATGCCAATGAGAATTGCTGCAATGAGTTCAGCCCGGCCATGTCCAAACGGATGTTCTTTATCTGCGGGTTTCGATGAAATTCTGGCACCCATCAATACAATCAGTGAACTGAGAGAATCAGATAATGTATGCCAGGCATCGGCTATGATAGCTACAGAACCACTGACAAGTCCTCCCCAGTATTTAAGGATAAATAACACAAGATTCCCTGCGATTGAAATATATCCTGCGCGGTTGATGGCTTTCCGTCGTGTATTGCTCATGCTTTTCCTGTTCTATTCCCGGGTTGATTTGTGTATACTTTAAGCCTGAATTTACAAAATGGGAGGCCCGTATGCGAAAAATCTTCATCCTTGTTTTGACAATTTCTCTCTACATGTCCTGTAGTACCGGATATCAACTGAACCGGGAAACCTGGCAGGGGAATTTGTCACCTGATTCTCTGGACAGCCAAATCCTTGAGGATTTAAAAAAACGGCCTTTATATACGTTTAATGAATATGAAACAGATATCTATCTCAAGTGGCTCTATCATTCCGAACCGGATTTTCAGGAACGAATCCGGCATCTGGCAGAGAAAAACATCAATCAGCCGTACGAATTATACCTTCTGGGGGAATTTCCTTTTGAACTCTATGATCCCCAGCCTTTGTATGTTTTGGACCGGAGTGACTGTGTCGTTTTTACCGAACATGTCTACGCCATGGCGCTTTCCCGGGACTGGCCCTCCTTTTTTAAAACACTGATGCGTTTACGCTTTCAGGATGGAGAAATCAGTGTGACAAAACGGAATCACTATGCTCTTCACGACTGGCTTCCCAATAATGCCTGGCTGGTACATGATATGACAGACAGTCTGGGTATAGAGACACTCCCGGATACTATCCGATATGACAAACAACGTTTCTTGAAAAACCGGTACCATTTGGAGACGGAGATTCCCAAAGATTCCCTCACCTGGACCTATGTCCCGGCGAAAAATATTGAAAAGGCCTCCAAATTTTTAAAAACCGGGGATCTGGTATTTGTCGTGCGTGGTTTCGAAAGCGGCCGGTGGATCGGTCATTATGGTCTGATTATCGTTGATGAGGATAGTCTTGTCAACTTAATACATTCCACCCCTCCGAAAGTGATCAAACAACCCCTCATGGAATATGTTCATCAATCCCTGGTCCGGAATGAGAGAAACCGCGAATACAATACAAAGGCAGAAATAGAAAACCCCCGAATCCGATATTATAATACACAATTGAAAGAAAAAAAATTCCGATTTTTTCGCAAACCCAAACCCCTTATGACACCCAGGCCATATTTTTACGGCTTGAAATTTCTCAGACCGGTTGAACCGGACACCTCAATTAGATAATGATGAATGATGAATGATGAATGATGAATGATGAATTAAATTGGAATTTTATTCAATAGAGCGTCTCAACGTCGCAACCTACTTCAGAATAATCACCTTATTGTGAGTCCGGACAGGATGTTGGATGATTTGTATGATATATATTCCTGAGGAAAGATCCTGGAAATCCTCCTGAAAAATTTCTTGATTGGAAGACAATTCCACGGATTTTTCACATTGGATATTCCCCAAAATATTTACAATTCGTAAAGTTGCCGGGCCGGAACGAAATCCCTGTATGGATATATTAAGCGTATGATTCACGGGATTGGGGTAAATGGCGGCTGAGGGATGAAGAGCCGTTGGAACCGGATTCACAGGTGGAATTACAGACACGAAATTGGTATCCAACAGGGGACTCCACCCGGGAGTAGCCGTGGAATCCGGTGCGATATACCAGTCTCCGGAATCATTACCTGGGAAACTCCGTCTGGCCCTTTCACCTTCCTGGATAATGGCGGATGTGTAGCTCCCGTCTGAGGGGTCAACCAGGGCATTTGACGAAGATTTAAGCAAGAATTGTTCCTGCCCGTTAATCATTGGGAAAGCATTCAGGGAGTTGACATACAGAACCGATTCATCAAGCTCTGTATTCCAATAAGCTTCAAATTCCCCCCGGGTGGCATAACGGCCGAGGACAAGTAATCCCCGGGCCGGGATATAGCAGTTTTCAGGGAGGATAAATTCCCGTGTGGATTCGATTTGCTGGATTATAAAACCACTTACATCTGCATCTGCCGAACCTGTATTCACCAGTTCAATAAATTCATAGACGAAATTTCCAAGTCCTGTTGCATCGGAATATTCTGAGATATAAACAGGTCCTGAATTCCCTCCTGATGTGATGCCACTGACTGTGATCACCGGTGAATCACCGGCTGCATTGAAAGAAGATACACCGAACAAATAACTTGTTCCGGGATGAAGGGGAGCAATGGTGATTTGAGTTATATTTTCTGTCGTACTGTGATACAGATTACCGTCAATATATACGTGAAACCCCTCTTCGTTATCAGATTCATCACTCCAGACAAGGGTCACAGAGGTATCCGTCACGCTTTGTATGGTCATATTTTCAGGTGGATTGGGAAGGTCACCCCAGATATAACTGGCAAATTCGGGGTGATCGATAAAAGGATTCCGGTTATGCTGGATGCCATAGATGACATCATTC
NZ_AP035449.1_gap25	934900	936161	1261	CAACGGATATCCCTATTTGTCCTGGCAGGATGGGGAAGACATGTCCCTCCCCGTAACCCTTTCCACCTTCACCGCCAAAGCCGTCAAAGGAACCGTGGTATTGGAATGGGAGACGTCGGCTGAAATCGATAACCAAGGGTTTGTCCTGAGTCGCGAGGAACGAGGAACAAGAAACGAAAGGGACGGGTTTGAAACCCGTCCGGAAATCATCGCCAGTTTCACCACCCATGATGCCCTGAAAGGGCAGGGGAGTACAACGGAAACGACCCAATACCGTTATGTGGATACCAGTGTGGAATTGGGTAAAACATACGTTTATACTCTTGCGGATGTAGATTATTCCAGCACTGAAACCATCCTGGAAAAGGTTGAGGTTCAGGTTGAGGCTGAGGGTGCGATTGTAGCCGATGGTTACGTTTTGGATCCGGTCTATCCCAATCCATTCAATGCGAGCTTTACCCTTCCTTTCACACTGACTGAAACGATGAAGGTCACAGCAGTTCTTTACAATCTCTCGGGACAACGGGTCATGACAATAGTAAATCGGGAATTTGGTGAAGGAACACATAACATCATGACGGATGTCAATGATCTTTCATCTGGAATATATTTTATCCGGAGTGATTTTGATGGGCATTCACAAGTACATAAAGTGATGTTGTTAAAATAACCACCTGGATATGTATTTGATTTAATTACTTTTATTCCTATTCACTAATGTGTTATACATTTCTTTATCTGGTTATACCAGCCTGACACACAGAAGGTCCGGACCTTTTTAACACATGACTCCCGGTAGAAAAAGGGTTTATTTTACCGTTACAGCATAATTGGATGATCGGATAATAGTGAACAATACAAAATCATAACCCTATCAGATCAAAGATAAACCGGATTCCCCTTGATTTTTAACCAAATCCGCCTTACAATCAAAAAGAACAAGAGTATAAAGAAATGATACATGTCAGGAAATATATCATGAATCGGTGGCTGATGATTTTGTGTTTCGTTGTTTTTTGTACGATGTCCTGCGATGACGACCCCACATCCCCGGATTATGATGACTTCATCCTGGGAGATACCGTTGCGATCCGGATCGGTGAAACCCTCTACGAAAGTGAAGAGGTGTGGGTCCGGCTGGATAGTATACCGGTGGATACGCGGGTTTATGATGAAAATGATCAAAGGCTTGACGGCACGGCAAAGGCCTGCTTTACGGTAAATAATTATAGTAATAGAAACAGCTTTTGTTTGTACATCG
NZ_AP035449.1_gap26	938192	939441	1249	GGTTGACATGTATGGTAAAATCTGGCTTGGCGGAGAAGGGTTGTATGCCTATGACGCTGTGAGATGGGAATCTTTTTCTCCTTCGAATTCACCCATGCCCCATCAGGAGATTTATGGACTTCTATCGGACAGTCAAAACAGGATATGGATTGGAACACAGGACGGACTGGCCTTATACACGAACAGTGAATGGCAGATATTCAATACGGATAATTCTGAAATACCGGGAAACTTTATCCATGTTTTAAAAGAAGACCATGAAGGGAATATTTGGGTTGGAACCAACGGAGGAGGACTGGGATGTTATGACGGACTGAATTGGGATGTGTATAAAAGAACCAGCGGTTTACCATCCAATACGGTCAATGATATCGCCATTGATAATGCTTCAACGGTGTGGGTTGCCACGGTAAACGGACTGGGTGTGTATAACGGGTCGGAATGGATAAAACTGAATACAACAAATTCCGGGTTACCGTCTAATAACCTTATAGCCGTTGCTTCAGACAACCGTTCCGGTGAGGACGAAATACTCTGGATTGGAACAAATGATGCGGGATTGACCTGCTATGATAGGATAAACTGGACGACATGGAATACATCCAATTCCGATATTCCATCCGATCAAATACAAGCATTAGCTTTGGATCAACGGGGTATTGTGTGGATTGGGACATACTACGGACTGGTGAGTTTTAACGGGACACAATTTACAATCCATCCTGAATTGGAAAATAAGAATATTGAATCTATTTATATCGATGAAGAAAATACAAAGTGGATAACCGTTTGGGGAGAAGGTCTGGCTGTCTATAATGAAAGTGGTCTTGTGAAAATAGACAATATATCTCCAAACTTACCTCAAAAATTTACATTGTTTCCAAATTACCCCAATCCCTTCAATCCCACCACAACCATCCGATATTCACTTCCGGAAGCAAGCCATGTTACGTTGAATATCTATGACATCACCGGCCGGCTGGTGGAACAACTTGTCAATCAGCACACACCTGCCGGATATCACACCGTTTCCTGGGATGCAACCTCTCATAGCTCCGGTGTGTATATCGCACGCTTAAAAGCCGGGAGTTTTGTGAAGACACAAAAGATGGTGTTGATGAAGTAGTCCCCCGTGAAATATCCCGATAAATCGGGACTTATTTCACAGGGGTCGAAAGTCAAAAGTCAAAAGTCCCAGAACGTCATTCTGACTTATCGGGGCAGGCTTCAGTCGAAAGTGGACAGGGTT
NZ_AP035449.1_gap27	966067	967825	1758	TCCATTCCCATTCTGAATGACAGCACCGTCACTGATGTTGGAGATATACAATTTACCCTGTCATTTAACAATGACCTGCTGACGTACCGGGGTGTCCGGAAAAACCGGATTGCTGAATCCGATACGATTCAATCCGGGACCGTCACATCGATATCATACCGCTTAAACTCATCACCCCTGGATTTATCTGCCGGCGATACGCTGGATGTCCTTGAGTTTTATGTCAACCCTAATGCGGTAGAGGGACAGACATCCGGTATTCAATTTACAGGTCCCGTGTATGTCTATGATTCACAGGCGTATCAGTTTAGTTGTGTATATCAAAACGGTGTTTTTACAACAACCCCGGCACCAACCATAATCTTCGATAAAGCAGATTCATCCTTCTTCCTTGAAGATGACAGTCTTGAGATTTCGATTCAATACAAGCACTTCAGCAGTTTTCGGGGGGATTCGGTCGAAATCCGGTTTGTGGCGTGTCCGACATATCTTATTCCGAATGAGGATATAACCCGACTCTCCGGTAGGCCGGGAAATCGCTATGTGGGTTTGGACTCATTGCGTGTATTGGCTTGTGATTCGGAATACGGAGATACAATTTCAGCAAAATTGTCTTATAATATCATCAATACACCTTCAGAAATTACATCGGCTCCGCTCGATGTCGTTTATGAACAGCATGAGTATGAATACGATGTGAACAGTCTGGATGAGGGGGAGGGACTTGTTTATCACCTGACCGGACCTGATTTTCTGAGCATCGATTCCCTTTCGGGTTTGATTCGCGGCCTCCCTGAAACGGATGATATTGGGAGTCATGAAATGCTGATTTTCGCCGATGACGGCAACGGAAGTGTTGATGAACAGCATTTCATGCTGAATGTCCTCTATTTTAACCCGGCAACGAAAGCTCCCGTCACGAAAGCATTTCCGGATATTGAATTCCCTGAAGACAGCTCGATAATAGCCTTCGACCTGGATTCGTTGGTTTACGATGCGGATACGCCCGACTCCTTGCTCCTGTGGTTTATTTCATTTAACGGGATGCAATCGTTTCTTTCCTCTAAACAGGATTTTTCTGTTGAAGAGCTGGAGGATAAGGGGAGTTCTTCGGGTATTGATATTTCAATCGATCCGGATTCACACATTGTGACAATGAAGGGAAACGAAAACTGGAATGGTACGCAGGATGTTGTGTTTCTGGTGACGGATGGTGATAACATTGCCATGGAACACTGTCTTGTTACGGTACTGCCTGTGAATGATGCGCCTCAGGCGTTTCAATTACTTTCGCCGGTTCAGGGGGACACTTGTCGCTCCAAACGTTTCCTCTGGGAAGAAGCTGTGGATGTGGATGTCAATGATCAGGTGACTTATACGATGTGTATCAGCAATTCCTCTGATTTTACACCCATTCTGTATTCTCAAACGTTTTCCGATACCAGTGTGATTCTTGAGGATATTGAAAATGGTCAGCTCTTTTGGAAGGTAACGGCACAGGATTTGGCAGGAGCTGAAAAAGAAGCCGGACCGGAACCTTTTGTGGTAACACCCACCGGGATCATTTCTGTCCCTCGTCGCGCTTCATTGGTACAAAATTTTCCCAATCCCTTCAATCCTGTGACGGAAATTCGCTATGAGATTCCCGACAATACCCGGGGATTTCTGGTGATCCATGATATTGCAGGACATGTTATCCGGGAATGGAACATAACCGGTCAGGCCCCCGGCAGCCATTCCGTAACATGGGACGGCACG
NZ_AP035449.1_gap28	974077	978788	4711	CTCCCGCTGAAGGAAGATTTCGATGGTCACGCCAACTGTTTTATTGAATCAGGCTTCGGTAAGGGCATGCTCATCGATTTTAATTACGATGTGGAACCCCTGCCGGGGAAATATCCCCTTCCGGGTATCGGACCCTTTTCCCTCCTGGAAGAGACAAAGATGAATCATTGGGGAAAAATGATGTTTCGATGGGTCTATTGGAATATCCTCATCAAAGGCGGTGAAATGCCTATTGAAGCCCAGATGAATATGGCAGGTAAGATCAGATGAAAGAGGATATTATGAGTAAAGAACTGGAAAAAATCCATGAAAAGCTGGATTTCCTGACAGAACAGGTAATGATAACCCGGCGAAAACAGGAAGAACTTCGTGAATTGAAGGAGGATCTGACTCCTGTCGTCTCTGATCTTTTCCAGACAGCCGTTCAGGAGCTGGATGATGTATCAGCTTACTTTTCTTATGAGGATTTGCTTTTTCTCATCAAAAAACTTCTCCGCAACACCAGGACCCTCATTGGATTGTTTGAACGGCTGGAAAGTGTCAATGATTTTGTCAACGATGTCATGCCTTTAACCAAGGATATGTTTGATGCCGCCCTGGAAAAGATGGATGAATTGGAAAAGAAAGGGGTCTTCAAATTGCTGAAAGAGGGGGAGGGTATGGCTGATAAAACCCTGATGGCATACACTTCCGGAGGCTTGGAAGCTCCTGAGAAAATATCTCTCTTTCGTGTGTTACGGGAATTGAATCAGCCGGAAGTAAAACGGACACTCTATGTCCTGCTTTCCGTGCTAAAAATCCTTGGTTCTCAATCAATCAATCAATCAACCAATCAAAAATAAAGGAGTCAGATCATGACTGAAAAAAAGATAGGAAATGTATCTGTAGATGTGGATGCAGAAGGGTTTATGACCGATCCAAACCAGTGGAATGAAGACGTTGCCAAAGCTATAGCCAAAGAGCTCGGCATTGAGTTGACTGAGGAGCATTTTAACGTCATTCGTTTCATGCGGAAGGATTACCAGGAAAATGGCACGGTACCTACCATACGCCGTTTGAACAAAGTCGGTGGAATTTCTACCAGGGATCTGTATCGCCTGTTCCCTGAAGGTCCTGCTAAAAAAGCCGCGAAAATTTCTGGATTGCCAAAACCCCAGGGTTGTGTTTAAGGAAAAGGAGTTATCATGTCTGAATCAAAGATAAAAAAAGTGTCCATCGTCATATCCAAAGGGTCTTTGGAAGGGGTTTATCCCGGACTTATCATGGCCAATGGTGCCCGGATGGAAGGTATTGATGCCACCGTCTTTTTTACATTTTTTGGTCTGGAAGCCATTATGAAGAAGAAGGCAGATAAAATCAAGGTGGCGACGGTTGGAAATCCGGCCATGCACATGCCCTCTTTGCTGGGAATTATTCCCGGGATGTCTGCCTTTGCCACCCATAAAATGAAAAAAGAGATGGAGAAACTGGATATTCCCCCGGTGAGTGAATTCATTGAAATGCTTTCCGATGCCGGAGCCGAACTCTATGCCTGTAAGGCCACGGTGGATATGTTTCACCTGACCAAAGATGATTTTGTGCCTCAGGTGAATGACATTATCAATGTCGCGACCTTTTATGAAAAATCTGCCGGTGCGGAAATTATCTTTACGTAATTTTTTAGTCGGCAGTCGACAGTCGTCAGTTGGCAGTCGGCAGTCGTTAGTCGAAAGTGGAAAGTCGAAAGTCAAATAGTTGATTGACTAGATTGATTAGATTGATTTGATTGCCTGCCCCATGAAATGAGCGCAGCGTATTTCACAGGGGATTGATTGGATTGGGGGATTGACACTTCGCCGTGTTCAGTATTCAAACGCCTTCGGCGATCAAAAATTCAAGCGGCACTTCGTGCCGTTCAATGGCTTCGCTGCGCTCAGCATTCCAGCACTGCTTCACAGTGTTCAAAAAAGAGGTCACCCATTCAAATCCGCATATCTGGAATTGAACACCGAACGCAGTGAGGTGCTTGAACGCTGCATAGCAGCGTTTGAAAGCCGCGTAGCGGCAATTATGAATTCAAGTGGCACTTCGTGCCGTTCAATGGCTTCGCTGCACTCAGCATTCCAGCACTGCTACGCAGTGTTCAAAAAAGAGGTCACCCATTCAAATCCGCATATCTGGAATTGAACACCGAACGCAGTGAGGTGCTTGAACGCTGCATAGCAGCGTTTGAAAGCCGCGTAGCGGCTATTGAACCCATGAGCCCATGAGCCCATGAGCCCTTGAACCCCTGAACCAACTATCAGGAGCGCAGCGACGCTAACTTTAGACAGGCCGCGGCCTGTCCCTACTTCCAGCTTCCAACCTCTAACTTCTGATAAAGCTGCGTTGCTGTCACTCGCTACTCGCTACTCGCTACTCGTCACTCGCTACTCGTTACTCGTCACTCCCATATTCCTCACATACATTTCCTGAAAATCCGGCCTTCCCGCCAGTTCGGAATGATTTGTCTCTTTCGCTAATTGCCGGATAGCAGGAATATATTCCTTATTTTTTAAAATCAGTTCGCACCCGGCCAGACTTCCATTCCCAAGATACTTAAAAGCATCTTCCGGAAGGCAGGGAAAAATACCGGTCTCCATACCGGCATCGGGACGGATATAGTGCCCGAATCCTCCGGCAAGAACCAGGAAATCCAAATCTTGAGGTGATAATCCGGCATCCTTTAAAAGCATTTTCCGTGTGGCGGCTATGGCTCCCTTTGCCATTTGATAGGCCCGGATATCCTGGGGGGACAGATACACATTTTTATCAATCCTGAAACCTTTTTGGGGAATTTTTTCCACAAACCGGCCATCATCTGTAATGAGCTTTTGTTTCCACAGGGTGTGAATACTGTGAATCAATCCACTTCCGCAAATTCCACGGACAGCCTGATTATCAATTGTCACTGCCTGAAACCGGCCATTCCCATTAAAAAATAAGTCACTTACCGCCCCTGGCTCTGCCTGCATGCCACAGGTAATTCCTGCACCTTCCATCACAGGACCCGCCGGTGCAGATGCCGCCACGGAAAATTCCAGTGTCTTTAACACAATTTCACAATTGGTTCCCAAATCCATCAGAAGATATGTGGCATTCTGCGGCAGGATTTCCCGGCAAATTAGCAAATCTGCTGCAATATCACCCCCGATAAAACTGCCGATTCCGGGTAATACAGTGATTTTTCCCTGGGGGTGCATTGAAAGTCCACTAAAAGCACCTTTCAGAATTTGCATGTTTGTGACCGGAGCGATATAAGGCGCTGTGACCAGTGAATCCATGGATAAACCCAGAAAAAGATGCGTCATGACCGTATTTCCGGCCATTACGACATGAACAATATCCTGTGGCTGATTTGTCAGATCCTGGATCAGATTGTTTATTGCTTTGATGATTACTTTCTGAAGTGTTTTGGCATTTTCAACCGATTCTGTTGCGGCGTTTGCCCGGCTGATGATATCTGTCCCGTACTTGTCCTGGGGATTGGTCCGGCTTTGGATTCCCAGGCGTATACCGCTCTTCAGATCATGCAGGGTGACGACAAGAGTGGTTGTTCCGATGTCCACGGCCAGCCCCAAAGGATTTTTGATACATATCCCCCCCGGTAAGTCTGGATTCAATCTGCTTTCCAGTTCAATCCCGTCAGATAAGATGTGCAGTCCCTTTTTATTGACTATCTCTTCGATTTTAATCCATATATCTTCTGTCATGTGATGCTGACACGCCAGGCGAATTCCATGATCCAGGAATTCCTGCGGGATATTTTTTTTCTCTGCCGGGGTTGGTAACGGGGGGGAGGACAGATATCGGACCCGGCATTTTCCACAACTTCCGTATCCTCCACAGGGGGTGTCCAATGGTATTCCATGATCCTGGAGTGCCCGGGATATTTGTATTCCCTCCTGCACAGTCAGAGTCTTATCCTGACCTTGTTCCCGGATGGTCAGCTTGAAAGTATTCATTCGATTTCTGCCGGTTTGATAAGGATGGTTTTTTCCAGGCTATAATGAGCTTTGCCCGGAGGAAATCCCTTTCGCTTGACGACATGCTTTCGCTCAGTGCACACTACCGGAACCAGCGATGCGTGTTTCTCTTCGCTGAATCGTGCCGCAAGGGATGCAGCATATTCAATCAAATGTCCCGGGATATGGGCCTTCCCCTCACGACGAATAATAACATGGGATCCTGTGGAATTTCTTGTATGGAGCCATAAATCATTTTTATGGGAGAGATGGAAGGTCATATCGTCATTATCCCTGGCTGATTTGCCGACCCAGATACGCCAGGATTGATAGAAAAATTCCCGGTATGGCAGACGGGTTATATCTGATTTTTGGGGATTTTCCATCCGGTTCAGGCGTCCTATCAGGTCTTTATTTTTTTTCAACCACTTTCTGAGATCATGTAATGTCTCAATGGCTTCCAGTTCGGTGATCTTTGCTTTCAATTCATCGTATTCTTTTTTCAGTACCGATTCTGTATCCCGGGATTCCTGCCGGGCCCGTTCAAGTTTTCGGGCTCTGTTGTAATAGCGCTGTGCGTTGGCTTGTGGGGATAAATCCGGTTTCAGCGGGATGGTTTCCGGATAGTCCCGTGGGCGGAGTTCTATGGGAATCTCAGCTTCTTCCTGTCCCGGCTGCAGCGTACTGAGCATGGTCATTAGGATGTCCCCATAAATCCGGTAGCGTTC
NZ_AP035449.1_gap29	982845	984120	1275	TAGAGGAGAGCACCATTGCGGACCGGCCGATAGCTGTCGGATGGGATGGCTTTATCTACGATGTACATGAGGATGCGGGGTTGAAGAAGTATGAGAAACACACCGGTTAATGCCAGAAAAAAGGCCCCGATAAAAATAGTCCGGTATGGCCGGATAAATGGATATACCTTTTTAAAAATGTTTCGGGTCGAAGGGATGTTGCTCCCCTCATCTTCAAATGAATCGTCCTCATTCCACCACATGACTCGTCTCTCTTTAAGGCGTTAAAATTACGATGATTTGAAAGAGAGAGGAAAAGAATTATGAATGATGAATGATGAATGATGAATTGAATGATGAATGATGAATTGAATGATGAATGATAAATTGAATGATGAATGATGAATTGGATGTGTAACAAGGTTCAGTAGTAGTGGCAGGGCACGCCTGCCACTACTCTACACTCTCAACTCATCACTCATTCTCTTATATTATGGTATAGGAAAAAGGATGTTGTATGGCGAAAACACGATATGAGGAAATGACTCTGCAATATGGCAGAGATGAAATTTTGATTCGTATTGACCGTCCGGAGCGGGAATCGGATGTGGTTTTGGTGTTGGGACATGGGTACTACCATGATATGGAGGATGATTTATTACAGTATCTGGCACAAAAACTGCCGGAAGAAGGACTTTTGGTAGCCCGGTTTAATTACCCCTTTGCCCATAAACGGTGGAAAGGACTCCCCCATGCTTCCAAATGGGTCCCTTTTTATCAGAAGGTATTGGAACGTATTCAGACAGAATCTTTTATCCCTGAAAATTCCTATTATTTTACCGGTGGGAAATCCCTCAGTGCCCTGGTTTCAGCCTCTTTACCGGATCATCAGGATACGGGAAAGATATTTCTCGGGGCACCCCTTGAAATCCGAAAAGGTTTTCTCCGCTGGCCTGTCAGTCCTGAACCTTTTTTAAAGCAATCCGTTCCCATGCTTTTTGTTCAGGGAAGTGAAGACCGCTATGCACCCCGGCGGAAGGTGGAACTTCTCATGGGTAAACTGAATCCCCGGGGACATCTTCTCCTGATTCCCGGTGCAGATCACTCCCTGAAAATCCAAAATCAGCAAAACCGGTCACAAAAAGAAGTATATCAGGAAATTTCTGATATTATTTTATGGTTTGTCAGCGAATCCCTCAGGAAAAAGCTGAAGAAAAACTAAAATCCGGGAAAAGCGTAGAATAAACGTCAAATCGTAAACAGATGTAAAATATTAAAAAAATATCAAAAGACATA
NZ_AP035449.1_gap30	1047577	1049360	1783	TCAAAGTCCAAACTGATGTCCTTTTTTCCCCTGCAGAGATAAAAAGGGAACAGGCACACTATCAATATTTGTTACAGCTAATGGAAGAAAAGAGCCCTGAGTCATTCCTGCCTTTAAAAGATACCGAACTTCCTGAACTGAAAAAGAAAGAACTTTCACTGTATCTGGATATGTATTTACCCGAATTGAACAGCAGCGAGGTATTGATCCGGCTTAGCAGAGTTTATGAGGATCAGAAGGAATCCCAATTCGCCAAACTGAGCTATTTGAAATATCTTTTTTATTTTCCTGAATCCACAAATCTTACCTATATCAAAGAACAAATAAACCAGTTGATGGAGACATATCCTGATCCCCGGGACACCCTTTTATCCTTTTATTTAAAAGATGAAACACGGGAATCCCTGGAAGGAAGTATTCTGTTCAGATATATTCGAGCTGTAGCTGATATTGGATATCCGGAATGTGAACCCCTGTTTGAAAAGGAAATTTACCGTTTCCAGAAGGAATCGCAGACGGGAGACCGGGTAGATCGTGCTTTGATTTGGTATGCAGATATTTTGAAGAACCAAAAGCTGTACACATCAGCTGTCAGTCAATTGCAAAAATTGGTCACAGTATATCCTGATAGCCCTGAAGTTCCCTATGCTTTTTATACTATGGCTGAACTTTACAGGGATAATTTAAAGGAAAGCCGGATGGCTCTGGAAACACTTCGTAAAATCAGTGCCGGATATCCGGACAGCAGGCTGGCTCCAAAAGCCATCCTGATGAGTGGAGATATCCAGGAGAAGGATTTGAAGGATCCGGTAGCTGCCCTCACAGAATATGAGAAAGTACCTGCTGCTTATCCTGGAAGCCGGCATGCGGTGACGGCTTTGAAAAATATGGGCAGAATTTATCAAACTCTGTCAAAAAGTTCTGAACTTGCTTTCAAACAGTACGAAATCATAAAGAATGAGTATGCTTCATTTTATTCCGATGCAGCAGATGCCATGATCACGATTGCGCATTTATATGAGGCCAATGGAGAATTCAGAAAAGCCGTGGAAGAAATCCGGGAACTTTATGAACGTTATCCCGAATATGAAAAAACACCGGATCAGCTTTTAAAAGCAGGAGGTTTTCTTGAAAAAGAGTTGGCAGACGGAGATGGGGCCATAGAGATATATACAATCCTCATCACACAATATCCGGAAACAAAAGCATCGGAAAAGGCGAGGAAAGCACTGGCCAAATTGCAGAAAGAATAAATAAAAGGACATTCATGGCATCATCACCCCTGAAGCAGTTAGATGAAACGGCGCATTTTTATCAATCAGCCACACAGGAAATCAGTAAAGTCATCATTGGCCAGCATGAGATCATTGAAAATCTCCTGATCTCACTTTTATCCGGGGGACACTGTCTGTTAGTTGGTGTTCCCGGACTTGCAAAAACACTTCTGGTCAAATCACTGGCAAGCATACTGGATCTCTCCTTTAGCCGGATTCAGTTCACACCTGACCTGATGCCATCAGATATCACCGGGACGGAAGTGATTGAAGAGGACCGGGAAACGGGTCAACGGATTTTTCGATTTATTCAGGGACCTGTTTTTGCCAATATTATTTTGGCTGATGAAATTAACCGGACACCCCCCAAAACCCAGTCCGCCTTACTGGAAGCCATGCAGGAACATCAGGTCACATCTGCAGGGAGGACATTGCCTCTTGAAGAACCTTTTTTTGTCCTTGCCACACAAAATCCGATTGAGCAGGAGGGGACCTATCCCTTGCCTGAA
NZ_AP035449.1_gap31	1103525	1106801	3276	TGAGTTCCATGTTATCAGAGAAAGCAGGTGCTTTATATGTCTCACTGCCGGAGGATATTGCCGATCAGCTGATCATGGATCGCGATCCCCACGGTAATGTGCAGGTCTCCCGGATTGAAACGGAAAAGTTGCTGATCGAAATGGTGGGTGAAAAATTAAAAGCTTTGAAAGAAAAGGGGATGTACACCGGAAAATTTTCGGCACAGAACCATTTCTTTGGATATGAAGGCCGCTGTGCCGCACCTTCAAATTTCGATGCCGATTATGCCTATGCTTTAGGTTACACGGCATCAGCGCTTATCGGAACCGGAAAAACAGGTTATATGTCATCCGTCCGGAACCTGACTGCTCCAGCATCCAAATGGATAGCCGGAGGTGTCCCTTTAACGATGATGATGAACATTGAACGACGCCATGGCGAAGATAAACCGGTCATTCGGAAAGCCTTGGTTGATCTGAAAGGAAAACCCTTTGAAATGCTGAAAAAACACCGGGATCAATGGGCTGTGGAAACCTGCTATGTTTATCCTGGACCCATTCAGTATTTTGGTCCGGAGGATGTAACTGACCAGCGTTCAGAGACTCTTACATTAGAACATGAATAGCCTTAAAAGGAGATAAAATGATGACAGTAGCCAAACCCAAACTTGAACCGGGAGTGATTACCGGTAAAAAATTGATGGAAGTCCTGGAATATGCCCGGGAGAATAATTTTGCTTTTCCAGCTGTGAACGTGGTGGGATCCAATTCGATAAATGCCGCCCTGGAAGCAGCAAAACAGGCAAAATCCATTTTAATGATTCAGTTTTCAAACGGGGGAGCTCATTTTAATGCGGGCAAATTTTTAAGTAATGAAAATGAAAAAGCAGCTATCGCCGGAGCGGTGGCAGGAGCCGAACATATTCACCGCATGGCCAAAGCTTATGGTGTACCGGTTATTCTCCACACGGATCATGCCGCAAAAAAGCTTTTACCCTGGATTGACGGACTTTTGGATGCCAACGAAGCCTGGTATAAAGAACATGGTGCTCCCCTCTTCAGCTCACACATGCTGGATTTGTCCGCTGAGGATTTGAAAGAAAATGTGGAAACTTGCAAAAAGTATTTGAAACGGATGGCAAAAAGCGACCTCCTGCTGGAAATTGAACTGGGTGTCACCGGAGGAGAAGAAGATGGTGTAGATAATACAGGGATTGATAATTCCCAGTTGTATACACAACCTGAACATGTCTCTTTTGCTTACGAAGAGCTGAGCGACGTGAGTCCCATGTTTACTATCGCTGCTTCCTTTGGAAATGTACATGGTGTGTATAAACCCGGAAATGTCAAACTGACACCGAAAATTTTGGATAATTCCCAAAAATACATTGAGAAAAAACACAATACCGGGGAAAAACCTGTATTCTTTGTCTTCCACGGTGGATCCGGTTCCACCCGTGAAGAAATCCGTGAAGCAATTTCCTACGGTGTGATCAAGATGAATATCGATACGGATACACAATGGGCGTTTACCAAACCGGTCAAAGATTATATGGATGAAAAAGATGCCTATCTTCAGGCTCAGATCGGTAATCCCGAAGGAGAGGATAAGCCGAATAAAAAATACTACGACCCCCGGAAATGGCTCCATGAAGGTGAAAAGGGATTCGTGAAACGCCTGATTGAGGCCTTTGAAGATCTCAATTCCCTCAATGCCTTTGAATATCTTTATGAATAAGTCCGATTCATAAAACGACCCAGGCCCCGGAAGTTCTTCCGGGGCTCTTTTCATATTGGCTGTATTTCTGATGAAAGATCCTTACACCATGATGAACTCTGTTACCAAATCACGTCTCTATGAAACTCTGGCATATTTTCTGATTCTTGTTTTTTTACTGATTCACGAATCCGGTTTTAATCTATCAATTCTCCGGTCTCCGGCCATTCTCTTTTCAGCCGGACTCTTTATGCTTTTAAGGTACGTTTTTGAAAACCGGGAACGAGTTGATTTTAGTTTTTATATTGATACAGTTGTTTTCATAATGCTTGTCTGGGCAGGTGTAGTGTTGATCCATACCCTCTTTTTTCAAAGCAGTACAGGTGTATTAACGCAGAGTCTTTTTATTTTTCTACCCCTGGCCGGACTCTTACTTAATACCGGCCGCCTGGTGCATCCGTCCCGTTTACATCGGATCTATGCCCTGAGTACCCTCGTATTTCTGGCGGGTATCTATCATCTAAGCGGACCGATGCTATTTTTTCAGATCGATCCTGTACAACTGATAACTCTTTTTGTGGATCAATACCTTGTGAGTCTGTTCTTCCTCTTCCTCTACTTCTTTCTGCCGCCCCTGATTCTGTGTATCGGCCGTGGTCTTCTTGAATCGAATGATATTAAACCTTTTCGGGATTTTGCGAAAGTCCTGCTCCCGTTTCAGTCTGTTCTCTATTTTTCACATACCACTCTGATTGTTACCCGGAGTACTGAAAGCAGCCGGTATATCCTGAGCCATTACCAGATTTTAATGATACTTTTCCTGCTGGTCATGTTTATCGGCGGAATCATTTTGAATAAGCCGGCATATAATGAAAGCAGAAAAAGGGGACGTAAACTGGGAATAGAAATATTCACTATTGTTGGAAATTATCACACCGGTGTCAGTTATACCGGACTCCTGCTCGCACTGATTGGATCGTTGTGGGTGTTCAACAGCGTGACAGATAAAACACTTGGCGGCCTGTGGTTTTGTCTCTCGGGCTTCTTCGTGTACAACACCTTTCAAAAAAAGGATGAAACATGAAAAAATTAATCCTTCTCCTCCTCATTTTCAGTGGGATATTATCCTGTACGAACAATTCCTCTTCCAGGGAAAATACCGTTAAGATTATTATATCAGGGAACAGCCGTGCCGAACTGGAGCCTTGTGGTTGCCGGATTCCTGCAGGTGGATTGCCAAGACGGATGGGTTTTATCCATTCCATGGAAAAGAGCGATGAAAATATTCTGAAATTAGAGGCCGGCAACTGGCTTTTTCCAGCTTATAATTATCCTGCACCCGATACGTGGAAACACACATCCGATTTATTGGCCGAAGCCTATGGCGAAGCAGAATTTGATGCCATTCATATTGGTGTCAGCGATTTGGCTTATGGTTTTGAGTATTTACTTGATCTCCAAAAAAAGTATCATCTCCCACTATTATCTACAAATCTCCTGAATGATGCGGGAGAGGGTGTATTTCGCCCCTTTTACCTGTTTCATGTTAAAGGATTCCGCCTGGCTGTCCTGGGTGTCAC
NZ_AP035449.1_gap32	1108160	1113118	4958	ATTGTGCGGGTCGAAAAGACCCGAAGACCTCCAAGAACAGATAACCGGAATAAAAACCGGCGTTATCAGAACCATAAATAAATATTAAACATCATTCCGCCCGCCCTTTTTTTACGATGAAAAAAAGTCCTGTCAATAAATACTCACAATATGGAAAATTTACAAAGCGTCAGAAAATGACGGAGACGCTCCGTTATTATGGAATTCGGGATCCGCGGATTCTTTCAGCATTCCTTGCCATACCCCGGCATCGATTTGTTCCTCCCGATGAGCAAGACCGGGCCTATGCCGATACCCCTCTGCATATCGGTTTTGGACAGACGATTTCACAACCCTACGTGATTGCCTTTATGCTTGAAGCCCTGGATTTGCAATCCCACCATCATATCCTTGAAGTGGGATCCGGATGCGGTTATGTGACCGCTTTACTCTCTATGCTGGTAAAAAGAGTGACAGGCATCGAACTGGAAAAAAATCTGGTCTCCCGAAGCCGTTCTATCCTGAAAGAACTGGATATTAAAAATGTGAAAATAGTCCATGGGGACGGGTACAAGGGATTTGAACCCAATGCGCCATACGATGGGATACTCGTCTCTGCAGCACCCGATGAGGTCCCTGAAAAGCTCTTTCAGCAATTGAAAGATGGAGGATCTCTGGTCATCCCCGTTGGGAAATATGCCCAAATGTTGAAAAAAATTTAAAAAAAAGAGGGGAAGAAAATTGAAGCAGACCTCCTGGATGTCCGTTTTGTTCCCTTGAGAAAGCCCTCAATATATTGAAATAAATATAACCTTTTCCCGCGGACTGATTTGTTGTAAATTTCACGTTCGTAAAGGAGGGGCTTATCCGGAAAAGCACGCTTGTAAAATGCTTGTTCATGTGTCTTCTGATTCCGGTGATGCTGACGGGACAGGAGAATGTCAAGGGTGTGGATTTATATAAAAATCCGCGGACGGCTGTTTTGTGCTCTGCTCTTTTTCCGGGAGCCGGACAAATGTATAACGGGAAGTGGCTGAAAGCCGGGATTTTATCCGGACTTGAAGGATATACGTTGTACCGGGCTCACACCTTTCATGAAGAGTATCAACAAGACCTTACAGACAAGGATGCCCAGATCAACCGGAACAAACACCTGTGGTATGCGGCAGGTGTGTATGTCTATGCCATGCTGGATGCGTATGTGGATGCCCACCTCAGCAGTTTTCCTGAAGGAAACCTGGTTTTTGATCCGGTGAACAGAAGTTTGCAATTTGCCTTAATTCTGGAGTTTTAACATGGCTGAAACACGAGAACACTGGGGGAGTCATATCGGTTTTATACTGGCGGCTGCCGGAAGTGCCATCGGATTGGGGAATATCTGGAAATTTCCCTATGTGGCCGGGAAAAACGGCGGAGCAGCCTTTATCCTGATTTATCTGATCAGTGTCTTCTTTATCGGTATTTCCCTGGTGATTGCAGAAATTCTGATTGGACGCAAATCCCAGCTGAACCCCGTCGGGGCGTACCGGAAACTCTTGAAAGGGCACCGGGGCTGGACTTTGGTAGGTTACCTGGGTGTTTTTACTGGTTTTATCATTTTATCCTATTACAATGTGGTGGCCGGATGGTCCGTCGGATATTTTATCGAAGGAGTGCGTGGAAGTGTTCTTTCATTTACTTCATCTGAAGAAGCGGCGGACTTTTTCAACCACCAGATTATGAATCCTGCCTGGATTATCGGTTATCAGGCCATTTTTTCCATATTGGTGCTGGCGGTTGTTTATTTTGGTGTAGCCGGCGGCATTGAGAGAATTTCCAGAATCCTTATGCCCGTTTTCCTGGGGATTTTATTGATTCTTGTAGGATGGGGAATCTCACTGGAAGGATCCCGGGAAGGACTCTCCTTCCTGTTGAAGCCAAACTGGGAAAGTGTCAACGGCAGGACCGTCCTGGAAGCATTGGGACAGGCATTTTTTTCCCTGAGCCTGGGAATGGGCGCCTTGCTCACGTATGGAAGCTACCTGAACAAAGATGACAGTATTTTAAGCAGCTCCATCATGATCGCCTTTTTGGATACCCTGATTGCACTTCTGGCCGGTGTGGCAATTTTTACCTCCGTCTTTGCCATGGGATTTAGTCCCGATACCGGGCCGGGACTCGTTTTTTGTGTGTTGCCGGCTGTTTTCAGTAAAATGCCGGGAGGTTACGCTTTTGGACTCCTGTTCTTTTTGCTTCTGACCATTGCCGCCCTCACATCGGCAATATCTCTTCTGGAAGTCATTACATCCTATTTTGTGGATGAAAAAAAATGGACACGCCACAGGGTTGTCCTGGGAGCCGGGCTGATTGTCTTTCTGGTGGGGATCCCGTCAGCCCTCTCGTTCGGTCCCATGAGACATGTCACTGTTTTTAAACGCACTTTCTTTGATTTTCTCGATTTTCTCTCTTCCAATATCCTCTTGCCTTTGGGAGGATTGCTTATGGCCCTTTTTGTGGGCTGGTATGTCAAGAAAACATCCATTTTGGAGGAATTTCGTAAAGGCGCTGGCGGATGGGTCGATACACATGTTCTGCACCCGGTTAAACAGATCCGGCATAAAACAGCCTTCCTGACCATCGGGAATGTGTGGTTCTTTGTGGTAAAATATCTGGCACCTGTCGTGATTCTTCTCGTTTTCCTCTACTCAATCGGAATCCTGTCATGAAAAAAAGATACATGATTATCCTGCTGCTTATGATTGTATCTGCTTTGCCGGCTGAAGAGAATTTGGATACGAAGACGCAGTGGGAAAAGCCGAAAGACACCTGGACCGGTTTTGATAAATGGCAGCATTTCTCTTTCAGCCTGCTGATGACGGTTCAGTCCGGCTATATTTTATCCCATGAACAGGGCGTTTTTCAGGCACCGGACCGGCAGAACCGGATGATTTCGGCCGGTATAAGTTTTTCTTTCGGCATGTTAAAAGAATGCCTGGATATGAAACGAAAACCCTCGGGTTTTTTTAGCTGGAAGGATTTGGTGATGGATATGGGAGGTACATTGGCAGGTGTGTGGATACTGAGTACTATCAATGATGCATGACGATAAGTACATATATCTGAAAAGAGTCCCGGTGCTCCTGTATCACCATGTGAGTCCCCATGGATTCAACACCGTTTCCCCCGGTCTTTTCGAAAAACATATACGCTCTCTGAAACAAACCGGATATACGGGAATTACCTTTCGGCAGATCCTGAATGGAGATGCACTTCCTGAAAAACCGGTGGTCATTACCTTTGATGACGGGTATGATGCCGTGTTTCATCATGCACTCCCCATTTTGGAAAAGTATGGATTCAAAGCTGTCGTGTTCATGTTATCGGGATATATTGGCAAAAAAAACACCTGGGACCTTTCATTGGAACCTTCAGATATCCGCCATTTAAGCCGTGAAGAATTGATGGAATTATCCTGCAGGGAGTGGGAAGTTGCAGCCCATGCCCTGACTCATCGTGTTTTGACAGAAATGCAGATGCAAAAAGCCCGGTATGAAATAGAAAAATCCGGTAGAATTCTTGAGGATCTGTTACAGGTTCCTACACTTGGTTTTGCGTACCCTTTCGGTCGATATAATGAATCCATAAAAGCCTGTGTAAAAGAAAGCGGATATCGTTATGCCTGTGGAGCCTTGAAGCGGCATCAGCTGCCGGCATCTGTTTATGAGCTGGTTCGAATACCTGTCTATCGCACTGACGGAACTCATTCCATCGGAAAAAAGCTGGCTTATCCGGAAATTCCCTATGGAGAATATTTCAAACTGAAAGCCATCAGCAGCCTTTCCCGGTTCACGCCGCTCTATCAGAAAATGAGGCGTAAATGACCACAGACTTTTGTCCGGGGTGCAAGGGAGGTCCCGAACCTTGTCCCTCACCCCTCGATCCTCGTTACTTGTAAACCCAACACATGAGGAATACATGCCATGATACACATTGATCATGATCTGTGTGATTTGTGCGGGACCTGCGTTGGAGTGTGTCCCGTCGATTGTATATCCATGTCTGACACAACACTGGATATTGATGATGATACATGCATTCAGTGTAATTTTTGTATTCAGGTGTGTCCGATGGAAGCCCTGAAGGAGGAAACCAATGATTAAGCGGGATTGGGATGTCATCGTCGTGGGAGGCGGACCGGCGGGGACAGTATTTGGCCGATATGCTGCTGAAAAGGGTCTATCTGTACTGATTCTTGAAAAAGACCGGGAAATCGGATTACCGGTCCGTTGCGGTGAAGGTGTAAGTATGCGTGGTTTGGAAGCTTTCACACCTGTGAATCCCCGGTGGATTTGCCGGAAAATCAGTGCCGTTGATTTTTATGCTCCGGATGGGACTTTGGTGGAGCTGGATTTTAAAATGGAAGGGGCCATTCTGGACCGGCGTGTTTTTGACAGGGATCTGGCGGATCTTGCCGCTCAGGCAGGGGCACGGATCTATACCCGGGCGAATGTAACCGATCTGATACTGGATGATAATTTTGTGCGGGGTGTTGTGGTCCATTATCGTCATGAGGATTTAAAACTCTCGGCCCGTCTGGTCATTGCTGCTGATGGAGTAGAAAGCCGCATCGCCCGGAAAGCCGGCATCAAAACAGCTGTTACACCGGAAAATATGGATAGTTGTGTCCAGGTAACGGCCCATGGATTGAATATGAATCCTGATGCCCTGAGCTTTTACATGAAACGTGAATATGCTCCGGGAGGATATGTGTGGGTCTTTCCTAAAAGTGAAACTTCAGCCAATGTGGGACTTGGTATCAGTGGAAATTTTACTCATAAAACCAGTCCCTATAAATCCCTTATGAAATTCCTGGCCGACACTTTTCCCAATGCGTCCTGGAGCAGCCTGGTTGCCGGGGGAGTCCCGACGGATAAAACCCTGGACCGGATTACGGCAAACGGACTCATGGTTGTAGGGGATGCCGCCAGGATGGTGAATCC
NZ_AP035449.1_gap33	1258624	1259968	1344	AAATATTCAGAGAATGTTCAGTTAGGAATTGGTTATGATATTCATGACCCTGTTTCGGAAAAGCGGTATCTGGTCTTGCTCAACGGAGATCCGGCAAAACACGCCATGTATAAACTACCCGAGGGCACCTGGGATGTTCGGGCTAATGAGAAAAAAGTCGGATTGGATGATCCCGTACACAAAGGGATTGTCGGTCAAATTGTCCTTGATCCCCGGGGAGCTGCCTTACTGGAACAGATGAAGGATTAATGAAAGAGAAACTTCTTATTTCTGGTTGTCTGGCCGGACTTTCCTGCCGTTACGACGGTGGTTCCAAACCACATCCCCATTTGGATGATTTAAGAAAGGACTATGATCTGATTCCGGTATGTCCTGAACAAGCCGGTGGATTATCCACCCCAAGAATTCCGAATGAGTTGCAGGATTCTGCAGCTGAGATTCTTTTCGGGCGGGGAAAGGTTAAGAATCAGGCCGGTGAAGATTGTACCGAACAATTTATTCGGGGTGCAAACGAAACATTAAAAGTTGTCCGTCTGCTGGAGATAAAAAAAGCACTTTTAAAAGATGGATCTCCATCGTGTGGAAAAAACCGTGTTTATGACGGCACCTTTAGTGGGAAATCCATAACAGGCAGGGGCATTACGGCTGAAAAGCTTCATGATGAAGGGGTAGACATTTACTCAGAAGATGAAACGGATCAGTTGTGATGAAACGTCTTGAGATTTACACCGCTGAATGGTGTGCCGTATGCCTGGCACTGAAAAAGATGCTGGAGCATGAAAAGATACCCTACACTGAAATAGATGTCACACAAAGAGATAACTATAAGGAATTTCTGTATGAAAAAACCGGATACTGGGGTACGCCAGGTATTGTATTGGATGACAAGCCCCTGAAAGGTGGTTTCCCCGAACTTGCCGGACTTATAAACCGGGGATATTTCAGAGAGAAAAAGGAGGATTAAAGCATGACAGATCCCAGAGAGAAGGCATTAGCCGAAGTACTGGTCAATTATTCAACTCACGTTCAGGAAAATGAAAATGTTCTGATTGAAGCATTCAATATCCCCGATTCGCTCGTTGTGCAGCTCATTCGTGCTGTTCGTTTGCGGAAGGGAAATCCCTTTGTACAGATTAAATCGTCAGTTATCAACCGTGAACTCTTGCGGAATGGTAATGATGCCCAGATTTCCCTGAGCGGTAAGCTGGAAGCGGCAGCTATGAAGGAAATGGACTGTTACATTGGTGTCCGGGGAGCCCTGAATATTTCTGAAATGTCTGATGTGGCTGCGGAAGATATGAAACGCTACGAACTTTTGTGGGGATATCCGGTCCATAAAGAGAT
NZ_AP035449.1_gap34	1261208	1263754	2546	GTTTCAGACCGGAAGAAGAAGAAATAAAACAGTTGAATGCACTGGGTGTGAACATTGAAGGCTCTTTAACTGTCCATGTGCACCCTGCTTTGAAAGTGAAGACTCATAATGCAGATCAACATTTTAATAAGTCCAATTTGAAAAGCTATGTCTGGAATATCAAAGGTGTTGCTGCTAAGCCAGAAATGGTCATTATTTTACAATAAAATGGAGTTTGAAATTGACCATGGAAAAATAAAATTTATTTTCAAACATAAAATGACTTGTTGATAAGAGTTTGCAGGGGTAATTTTAGTTGAGACGAATTATTCATTGTGGCGTTGTTACATCAAATATCCCCGTGGATATTCGAATTTTTTCGAATCAGGTACTGTACAAAATCCTATAATCCGGAATCACAGAACAGGAGATCATCATGAAGGCAAAGTATGCTCTGTATGCCGCCATTTTTGCTGTTGTCATTACTTTTTTGGTGAACGTATTTCAAAAGGACAGACGAATTTATGATGCCGAACCTTATGCTTCAGTCATCATTGAAGATGCAGATTTAATGTCCAATTATCATTGGAGAGGGGCCAGCGACGAGTGGGTCAGCCGTGTTGTCGGGCAGGTTCAAGCCGGTATGCCGGTACAAGTGATGGAAGGACATTCAGAATGGTATAAGATTCTCATAGATGATGGAACAATGGGGTGGATTCATGAGAATTATCTAAAACCATCTAAAAAGGTTCTTGTAAGAGAAGTAGAAAACAGAACAATTGATATCTGGGATAAACCTGAGACAGCAGGTCATAAAGTAATTGGGGAAGTTCACGGACGCAAATGGGTTACACGACTTGAGGAATCTCCAAAAGCATTGAATAAACAGGCTTTTACCCGTATACGGACAGAAGACGGAAAAGAGGGATGGGTTTTTTCTTATGATTTGGAACGGATCGGCTGGAAACAACCTCGTCTGATTCAAAGAGATGAATGGCGTTATAATAAAAAAAGAATTGTAAAACGGTGGACTGGACGGCCGGTTGAAAAATTTATCGGGAGATATTCAGAACCTCATGCTATCATGATTGAAGAAGGACGGAAAATATATTTTTTCAACAATCTTTATTTATTCAATGATCACCGGAAAGAGATTGGTACACAGGTGATAACAGAAGATGGAAACATACAGAATATTCATTATAGTGCCCGGCCGGGACAGTTAATAGGTCGCTTTCCTTTAAGTGCGAGCCTCCGCTTTCCCATTATTATGAATAATTTATGGCATGTATTCGATCTAAGTTATCATAAATCTTACAACAGATTTGGAGATAAATTATCTGAAACAATTTATAATCCACCACAGTGGCTTTCATGGATACTGGTTATTCTTGTGGTCATCAGTTTCATATCCCTTTTTTATATTATCTTATTTGTCCCTTATTATATCTCCAATAAAATCGCTCTCGGTGTCAGTTTAAATCAGAAACTGGCAAATAAAATCATTTTACTCGTTGCGGCAATTTCTGGGATTATTCTGGGATATATATATTTTGTCTTTATTAATGTCAATATCGGAACATTCAACAACTACTTCTTAATTCATTTTCTCTTTGTACTCGGTATGACGATCGGTTTTATCAGCAAATGGAAATCAGACCTTCTTTATAACCGGTGTTCCAAATGCCGCAACTGGTCTGGTTCTGATGCCGGTTCTGAACTGGTGGATAAATCAGAGCATACACTGACAACGACATACAGTAGCGGGAATAAAACAGTAGAACATGGCACTAAAGAAGTCTGGCTGGATCATCGCTTGTGTACAAATCAAGAATGCGGACATTTTTGGAGTATTGTCCGAACTCGGTGGTCGGGGTGGCACAGATGAGAATGAAGAATGATGAATGAAGAATGATGAATTGAATGGCTGAATGCAGACTTGACATATAACTAATTAAGTGTTAAACTATTTTAGAGAATGAAAATGAGGTCTGTTATGAATAGGCAAAGAAATATCCTGTTTTTAGTTGTTATGTCCGTTTTTCTATGGATATCCGGGACGCATGGAGCCGTGCCCCTGGACCGGGCGGAGCATATTGTGACTGAAAATCAGGATTTTACTGTGGATTATGGTCAGTTTGACGGAAACCGGATCTGCACGTGGACCAGCAATGTAGGGGACTGGGTTTCGTATCGGGCGACATCGTATCCCGGTATGGAATGGCCGAAAGGTTCCGAAATATCGAATGTGTTCCAGTCCGGACTCTTTCTGGTAAGCGGACAGACAAAGGAAAAGGATTCCCTTGCATTCCGCGAGGATATCCGGACGGCGGTAGTGGGGTTCTTTTCACAGTATCAGCCCGGACAGATTCTCTATTTTGATACCTTAAACCAGGTTGTGGTGCCTGTGAGTCACTATCCTCAGGAACACTGCATCTGGAAAGCGGGAGATCCGGCAGATCCGTCTTACAGGTTGTATAAAATCAACCGGCATGACAGTCTGTCTGCTGATTACCTGAACTGGCCGGCGGAACAGGGCGCCCCGGTGGATGAATCGGGGAAACCAC
NZ_AP035449.1_gap35	1285167	1287671	2504	AACGGATTCAAAATCTTGCAGTTACCGGACTTGATTATATTGTAATTCAGCCCTTCAATCAGTACATGGCCAATCTGGAGGGAGAAGTTTTCCTGGAACGCTATATTATGAAACGGATTCGGGTTAAAGGCTTTGTCATCGGAGAAAGTCACACCTTCGGAAAAGACCGGAAATGCACAGCACAGCGTTTGAAAGCGCTGGGTAATCAGAAATACGGTTTCGATGTGGAAATAATTTCCCGTGTAAGTGACGGTGATTTTATTATAAATTCAACCAATATCCGACACCTTATTGCCACCGGAAACATGGAGTCGGCTAAAAAATACATGAATAAGCCCTTTCACATGAAAGGACGTGTTATTTCGGGTGAAAAAAGGGGGAGAACCCTCAGTTTTCCCACCTTGAATATTCTTCCTTCGTCACCCAAAAAGATCATACCGAAAGAAGGCGTCTACTGTGTGAAGGTCCATATTCAGAGAAAAACCTTTAAAGGGATGTGCAATATAGGCACCAGACCCACCTTTGAAGGGAACCATCTCACCATTGAAGTCCATGTGATCGACCAGGAACTGAACAATCTCTACGGCCGTGAACTGGATATGGAGTTTTTTCATTATGTCCGCGAAGAAATGAAGTTTAACAGCGTGGATGATTTGAAAAAACAGTTGGAAAAAGATAAAAAATATTGTAAAGAATTAAAGTTGGAGGACTGATGTCAACGTTATCATCGGAAAAAAAGAAGGAAATCATTCAGGAATTTGGAAAAAATGAGCAGGATACAGGAAGTCCTGAAGTCCAGATTGCTATGTTAACAAAACGCATTAAGGATCTGACGGAACATGTCAAGATTCATAAAAAGGATCATCACAACCGGCGTGGACTCCAGAAGCTTGTAGGACAGCGTCGTGGTTTGTTGAACTATCTTATGAAGAATGACTTTAACCGTTACAGAGACATCATTAAGAAATTAGGATTGCGTAAATAATTAGGAGTTTATTTTGATTGTAAAAGAACGAGAATTTCAAGGAATTAAAACCAGTCTGCAGACCGGTAAAGTGGCTAAACAGGCTCATGGATCTGTCCTTGCCAAAGCAGGCGAGACAGTTGTTCTTGCCACCGTCGTTTCTCAGAAAGAGGTACGGGAAGGGGCAGACTTCATTCCTTTGATGGTGGAATACCGGGAAAAATTTTATGCCAGCGGCAAAATCCCCGGTGGTTTTATCAAGCGGGAAGGCCGTCCATCTGACCGTGAGATCTTGTCCGCAAGGATTGTAGATCGTCAGATCAGGCCCTTGCTTCCCAAAACCTGGTTTTTTGAGACCCAGGTTGTGATCAATGTGTTATCTTATGACCAGGTGAATCAGGCGGATGTCCTGGCAGCCGTGGCTGCTTCTGCAGCTTTGACAATATCTGATATCCCATTTGCAGGGCCTGTTGCCTCTGTCCGGGTGGGACGTGTGGACGGCAAGTATATCATCAATCCAACCCTTGAAGAGATTGAAAAGGGGGATATGGATCTTTTTGTCGCCGGATTGAAAGATTCCGTCATCATGGTAGAAGGAGAAAGCAAGGAAATCGGTGAAAAAGACTTTCTCGAAGCCATCCGTGTTGCCCAGGAAGCCATCAACGAACTCATTGAACTTCAGTTGGAACTGGCAGAAGAAATCAAGCCGGTGAAACGGGAAGCGCCGGTTTTTGATGAACTGGAAAACCTGAAACAGGTTGTACGCGAAAAAATTACGACAGAAATTGATGAACTCATCAGTATTCTGCCGAAACAGGAACGGGTGAATTTTGAACAGGAACTGGTGAAAAAGATCACCGGGGAACTGGAAGAAGAGTATCCGGACTGTAAAAATGTTGTAGCGGGAGAAATTCATGACCTGATCAAGGATAAAATCCGGAAGAAGATCCTGAAAGAGGGAATCCGGATCGATGGACGAAAGACAGATGAAATACGTTCTATCACCTCGGAAATCGCCTTTTTACCCCGTGCTCACGGATCTGCCCTTTTTACACGGGGAGAGACTCAGGCACTTGTGGTCACGACCCTGGGATCGAAACAGGATGTACAGATTTTGGACAATATTGATGGAGAAGGGGAGAAACACTATATGCTTCAATATAATTTCCCGCCCTTCTGTACCGGAGAAGCGAAAATGATCCGGGGTACCAGCCGGCGTGAAATCGGGCATGGAAACTTGGCGGAACGGGCACTGAAAAATGTGGTTCCCTCCCATGAAGAATTCCCCTATACCATCCGGGTTGTCAGTGATATCCTTGAATCAAACGGATCATCCTCCATGGCAACGGTTTGTGGCGGATGTCTTTCTCTCATGGATGCCGGTGTACCTGTCAAAAAGATGGTGAGTGGCATTGCCATGGGACTCATTACAGAAGGTGAAGACTTTGCCGTATTATCCGATATTCTTGGTGAAGAAGATCATTATGGAGATATGGACTTCAAGGTTGCCGGAACAGATGATGGAATTACGGCCATTCAA
NZ_AP035449.1_gap36	1358590	1363335	4745	ATAAACCGGATTCACTTGAATTTTTACGATCATTGGAAACACTAATTCAGGAACGAAAAAGGGAACTCCCGGAGAAATCCTATACCACCCGTCTTTTCCGTGAAGGAATTCCGAAAATTTCACAAAAAGTGGGTGAAGAAGCCGTGGAAACCATCATTGAGGCGATGAAAGAAGATCAAGAACGCTTCAAAGAAGAGAGTGCAGACCTGATGTATCACCTTTTGGTCCTGGCTACAGCACTTGATGTCACTTTCGATGAGATAGTCGATACATTAAGAAAAAGGCATTAGCTACATTAGTTGTTAGTCGACAGTCGGCAGTGGACAGTCATCAGTCGGCAGTGGGCAGTCGGCAGTCGACAGTGGGCAGTCGGTTGACCGGACTGTGAGATTTTGCTGATCTTAAGATGAGATTATAAGAAAGATGGAATATATGATTTCGATTAGGTAGCACCCCCCACCCCGGGGGTAAAATACACCAGAAACCGACAGAAGTCAAGATAATATTGTTAATCATATATGTGTTATTTCGAATTATTTAATGGATTAAATAAAGTCTTCATTTAGACATTGCGGCAATCATATCAAGATATCAGCTTATGAAAGATAATGGATTTGTACGATGCGCAGCAGCGCTTGAAAGCCGCGCAGCGGCGTTTAATAATTCAAGCGGCACTTCGTGCCGTTCAATGGCTTCGCTGCGCTAAGCATTCCAGCACTGTTTCGCAGTGTTCAAAAAAGAAGTCCAGTCACCTGTTGAAATCTGCAAAGCTGGGATTGAAGACCGAACGCAGTGAGATCCTTGAACGCTGCGCAGCAGCGTTTGAAAGCCGCGTAGCGGCTATTGAACTCATGAACCCATGAGCCCTTGAACTCATGAACCCATGAACCCCTGAGCCCATGAGCCCAATAATCTAAAACCAGGACAATCTGTACAATGCATCCACCCGCATTTTCAGTCTGTTATGGTTTTTTTCCAGGTCATGGGATAATTCTTTGATTCGGTCGGCATATTTTTCAAGTTCATCCGCTTGTGCTTCGATATCGGAGGATTTGACTTCGATATCCTCCTCAAAATCTTCGGCATCATAGAAGGGACTCAGCATCCTTAAAACCCCTGCAGCAGCTGCGATACCGATTTTTCCGGCTTCTTTGCCTATATCCGAAGCTTTATCAACCAGGATTTCAATTTCTTTTTCCATACTATCACACAGATCATAGTATTCTGTTACCAGATTTATTTCATACGGATTCAGTTTAATTTCCTGATCATTGATCAACAGCTTACCATTTTTATAAATCTTGACATCTTCCTGAGTTCTGGTTTCAGAATATATCCGAACATATTCAGGATGAATGGAAAATCGAAGATCTTTATTGGAATCGATCAGGTTTATATCATCCAAATCATGAATATGTACAGCTCCCAGAGCCAGGGGTAAGCATAACATGAAAAGTATTGATGTGATTTTTTTCATTTTTTATCTCCTTTTTTCATATAAGAGCTCATTAATTGAATAATCGTTGTCTTTTTAATATAAAAATCTTTGAAAAAAAATTCTCTTTCAATAAATTAACCATACAGTTAAACCATACGGTTAAAAGGGAGGTATCATGCCGGGGTCACACACTAAATCAGCTATTTTAAATGCAGCACAGAATGTTTTTATGATGAAGGGATATGATGGTGCACGGATGCAGGAAATTGCTGACAAAGCCGGGATTAACAAAGCCATGCTCCATTATTATTATCATACGAAATATGAGCTTTTCAAAGAAGTGTTCTATCATATCATGGACCTGTTTTTACCTGTGATTCTAAAAACAGTGGAAGAGAAGATTTCCATGAGGGACAAGATTAATATTATAGTGGACAGCTATATGAATTTCTTTAGTGAATATACTTTCATTCCTGCATTTATCATGAGGGAAATGACGCAAAAACCCGACTGGTTCACCCAATATTTAAAATCACATGGTGTAAATCCACCGGAAATCTTTCATAATCTCAAAGAGAAATCAACATCCACTATGGATACTGTAGACATGGAACATCTGATTGTGAATATCCTGTCACTTTGTATTTTTCCTGTCGCAGCCACGCCAGTATTAAAAGAAATGCTATTTGATAATCGTGAAACTGAATGGGAACGCTTTATCAAGGAACGAAAACAGGTTATTAAGGAGGTCTTATTCAATGCCTATAATTTGTAATAATCTAATTAAAACAATTCTATGCCTGACAGGAGTAGTATTCATCCAATCCTGTTCAGAAGAACCCAATAAATTTGATGCCCAGGGAAACTTTGAAACAGAAGAGATCCATGTATCGGCTCAGGAAAGCGGAATTCTCCTGTGGAGTTCTATAAGGGAAGGAGAAAAACTGTTTCAAGGGGATACCGTGGGATTAATAGATACCATGATGTTTCATCTCACAAAAGAGCAGCTTCTGGCACAAAGTGAACTTATTGATTTTAAGCATCGATCGATTGATGCAGAGAAAGAAGTCCTACTTGCACAGTTAAAACCTTTAAAAAACGATTTAAAGCGGATGAAAGCTTTGTATGAATCGGATGCTGCGACCAAACAGGAATTGGATCATGTGCAGGGTAAAGTTGAAACACTTATGAAACAGTTGGAAGCATTGGATGTGAAAGAAGACGGGATCAGCCATGAAAAAGCTGTTGTGGGAAAACAGATACAACAGGCAGACTTTCATCTTCATCAATGTCATATTATAAATCCAGTGAATGGTACAATCTTAACCCGTTATATTCAAGCAGGTGAATTGGTTCAACCCGGCAGATATTTATATACAATCGCACCACTGGATCCGCTAACTCTCCGGGTTTATATCAGTGGAGTTCAGCTATCAGAAATCAGGATTGGTGATACCGTCACAGTAATGACGGATTCCAAAAATGGATATCAAACTCATGAGGGAATTGTCCGGTGGATTTCATCTGAAGCGGAATTTACACCCCGTCAGATTCAAACACGGGAAGAACGCGTCCACTTGGTCTATGCTGTTAAAATTGATGTACCCAACCCAAATGGAATTTTTAAAACGGGTATGCCGGCAGAGGTAATTTTTTAGGATATGATAGCGCTCAGAAATGTCACGAAATCGTTTGGCGAAATCCTTGCCTTAAAATCTATAAATCTATCGGTCTGTAAAGGTAAGCTTCATGGTCTTATTGGTCCGGATGGCGCAGGAAAAACGACACTATTCCGTATATTGACGACGCTTTATCTTCCGGACAGTGGCCATGTAACCATTGATGGAATGGATGTTGTTAAATCCTACAAGAAAATCCGTCGCATTCTTGGATATATGCCTGGAAAATTTTCTTTATACCCAGATTTGACAGTAGAAGAAAACCTCAAATTTTTTGCAGCTGTATTCAACGTTCGGATTGAAGAGAATTATGAGTTAATCCGGCCCATTTATTCTCAAATTGAACCTTTTAAAAAACGCCGTGCAGGGGCATTATCGGGAGGGATGAAACAAAAGCTGGCCCTATCTTGTGCACTCATTCATAAGCCTGAAATTTTACTGCTGGATGAACCCACAACAGGTGTTGACGCCGTCTCGCGCAGAGAATTTTGGAATATGCTGGATCATTTGATTTCTTTGGGATTAACCATCCTCGTTTCGACTCCTTACATGGATGAAGCGGCCCGATGCCATAAAATTTCACTCATTCATGAAGGTGACATTTTCAAAACGGGATCTCCCCATATGATTGTTAAGGCATTTCATCGTCCACTTTATTCATTGAAGACAGCCCACCGATTGCACATGCTTACGTATTTAAGAAAAAGGGAGGAAGTCTATCTTGCTTATCCCAGTGGCCAATCCATTCATTTCAGCCTTCATCAATCACAGAAGAATATTGAGAAAATCATTCAATCATCGGGTATTTCCTATACGCACTTAAGTCCGAAGCCTGCTGATATTGAAGATTTTTTTATGGAAAGGATGGGTGGTCATGCAGAGTGAACCTATCATTTCCGTAAAAAATCTCACAAAAAAATTTGGACATTTTACTGCAAATGATGCATTGACTTTTAATGTCTACCCGGGAGAAATATTTGGTTTCCTCGGGGCTAATGGTGCAGGGAAAACAACGGCCATGAGAATCTTATGTGGTTTATCAAAACCGACGGGGGGAGATGCTTATGTTGCAGGCTATTCGGTAAAAAAATCATCTGAAGCAATTAAAAAACGCATTGGGTATATGAGTCAGAAATTTTCCTTATATGAGGATTTGACAGTAGAAGAAAATATCCGGTTTTATGGGGGTATTTACGGTTTAAAAAGAAAAGATATCATGAATAGGATGGAAGAATTATTGGATCGTCTTGGGATTCAATCCATACGCCATCAGATCATCCGGTCTGTTCCTACAGGATGGCGACAAAAGCTGGCTTTTTCCATTGCTATCCTGCATAAGCCTGTTATTGTATTTCTGGATGAACCGACAGGTGGTGTAGATCCGGCAGCACGGCGTCAGTTCTGGGAACTCATCTATGAAGCCGCAGATAATGGAATCACTGTTTTTTTCACGACCCACTATATGGATGAGGCTGAATATTGTGACCGGGTATGTATTATGACTGAAGGGAGAATTGTGGCCCTGGATACCCCTGATAACCTGATAAAGTGGCATCAATGCAATACAATCGAAGATGTCTTTATCAAACTTGCCAGGAATCGTGAATAAATGAGACGATTTATAGGTT
NZ_AP035449.1_gap37	1388965	1392524	3559	TTCCCTATACTGTCGGAGCTAATATCGGCACAACGATTACAGCAATTCTGGCTTCCCTTGTCACAGGTAAAACAGAAGCATTGATCGTTGCCTTTGCCCACTTTATGTTCAATGTTACCGGGGCAATTTTAATTCTTTCTATTCCGTTTTTACGAAATATCCCCCTGTGGGGCGCAAAAAAATTCTCAGAACTTGTCTATAATAACCGGTATATATCTGTACTCTTCTTAATCATCTTTTTCTTTATTATTCCATTATTGGTCATCTTTTTATCGCGTTGATCAGATATTTCATTGAAACAAATCGTATTTAGACAAAAGATCAATGATTATGTAAATTTCACACGTAAAATCGTTCATTTCAGCCGACATTTTTCTTAATTTTCCGGCATGATCACACCGAATCCCACCCGGACAAATCCCATTGGTATATTTCTCCCTTTCGTCGTCCCAGAATATTCCACGACAATACATCAGATCGTACAATTCACAGGTCGTCGTCAGGAATATCCTATTATGGATATATCCTTGAATATCAAACAATTAATGAAAACTTCATAAGGAGAATCATGGCAAAAAAAATCATTAATGAACCATCCCGGACTCTTATGGAATATCGTCTTTTGCCGGGATATACAACGGATGAAACATCCATTGATAAAATATCCCTGGAAACAACATTGGCATGGACACCTGAGGGAGAGCAGGAACTTAAACTCAATATTCCTGTTGTTTCAGCCGCTATGCAGAGTGTTTCCGGTGTGGAGATGGGCATTGAACTGGCCAGGCTGGGCGGACTGGCATTTATTTTCTGTTCACAAACCATAGAGAATGAAGCGGCCATGATCCGGGATATTAAAAGCTATAAAGCCGGTTTTGTGGATCCCTTTTATGTACATCCGGATATGCTGATCGGCGATGTTTTCGAAATCAGCAAAAGCAAGGGTTTTAACACTTTTCCTGTGGTTGATGTCAATCATAAGTTGTTGGGAATTCTTACAAAAAATGATTACAGCGGGACCCATCATGCCCATTTAAAAGTTTCCGAGCGGATGATTCCACGGGAACAGCTGGTTGTGGGTGTCAATATTTCCGATATCAAGGAAGCCAACAAATTATTAAGGGAAAGTCATCAGAGCGTTCTTCCCATTGTGAATGAAGAGGATCAACTGAAAAACCTGGTTTTCCGTAAAGATGTCCGTAACCACATGAATTATCCTCTGGAATTGCTGGATGACCGGAAACGTCTTTTGACCGGAGCCGCTGTAAACACCCACGATTACAGAGAGCGGGTCCCGGCCCTTGAAGAAGCCGGTGCTGATATTCTGACAGTGGATTCATCCGATGGTTTTTCAATCTATCAAAAGCAGGCATTAGAGTGGATATCGGCAAATTATTCCCATCTTCCGGTTATTGGAGGCAATATTATTACAGGAAAAGGATTTCGATTCCTGGTGGATTGCGGTGCCCGGGCGGTAAAGGTGGGTATGGGCGGGGGATCCATTTGCATCACTCAGGAACAAAAGGGGACAGGTCGTGGACTTGCATCGGCGATTATTGATGTGGTGAATGAAAGAAACCGGTATTTTGAAGAGACAGGCAAATATATCCCCGTCGTTGCAGATGGGGGGATCGTAGATTCCAAAGATGTTACCATCGCCCTGGCGTTGGGTGCGGATTATGTAATGATGGGTCGTTATTTTGCCAGGATGGAGGAATCCCCCACGGAAAAAATTCAACTTAGCAACCGGATTATGAAACCCTATTGGGGAGAAGGCTCTGCCCGGGCCAGGGAATGGAAATCTGCCCGGTACTACCAGATGAAATTTGTTGAAGGTGTGGAAGGTTTTGTCCAGTATGCAGGTAAACTCCGGGACAATCTGCCGGAAACCCTTTCAAAAATCAAGGCATCTATGTCTTCCTGTGGTGTCACTACCATCCGGGAGTTCCATGAACAGGCAGAGCTTGAAATTGTCTCGGCATTGTCCATCCGGGAAGGGAAGGTCCACGATATCTATATGCCTAATGATTCTTCAGACTATAAATCCGATAAATATTGACAGGATGTTTTATTATGAGTGTATCAATTGTCATGGGAGCCCAATGGGGTGATGAGGGGAAAGGGAAAATTGTCGATACCCTGGCCGAAAAGGCGGACCTGGTAATTCGTTACCAGGGAGGGGCCAATGCCGGCCATACCGTAATTCATGGAAACAAAAAATATGTCCTTCATCTGATTCCCAGCGGGATTATATCCGGCCAATCTGTCAATATCATCGGAAACGGTTGTGTTGTGGATCCCATACTCCTGCTTCAAGAAATTGAAATTCTGCGGGATCAGGGAATTACTGTAGATCCCCGCCATCTTCTGATCGCTGAAAATGCCCACATAGTCACACCACTCCACAAATGGCTTGATTCCCTGCAAAATGCCCACATCGGCACAACCAAACGGGGAATTGGTCCGGCTTATGAACAAAAAGCCCGCAGAAACGGCATCCGTTTTGATATGATCGCCGAAGACAGATATCAATCCATCCTGGACTCTCAACTTGCTGAAATCCAAAAGTTGACGGAAACTGTTTATCACCAGGAATTCCCTGATAATATGGAGGATGAACTGACTGAGTGTTTTCGTTCAGCTCAAAAACTTCTACCCTTTGTGAAAGAAACATCATCTGTGATTGCCCAAGCTGTGAACTCAGGAAAAGAGGTTCTCTATGAAGGAGCGCAGGGGACGCTCCTGGATATCGATCACGGCACCTATCCCTTTGTCACATCATCCAGTACAACTATTGGAGGGGCTTATACAGGATCCGGTGTGTATGTCCATTTCGACCATCGGATCGGTATCGTGAAATCGTATACAACCCGGGTTGGTGAAGGTCCATTCCCAACGGAGCTTTTTGATGAAGACGGTGAAAAACTTCGGCAAAACGGACATGAATTCGGAGCCACTACCGGCCGACCCCGACGCTGTGGCTGGCTGGATCTGCCGCTCCTGAAAAAAGCCATTCGAATCAATGGCTTCAATTCCCTGGTTTTAACGAAAATCAGCTGCCTGTCTGGATTCGATACCTTAAAAATTGCTGTCGATTATCATGGTAACCAGCCGATTTATCAGGAACTTGCAGGTTGGCAAGATCCAGTGGAAGGGATGACGGACTGGAACACACTCCCCAAAAACTGTCAGTATTATGTTCAATTTATCGAAGAGGCTCTGGGAGTTCCTTTTGGGATGATTTCAACCGGTCCGGACCGGGATAATATCATTGTCAGACATACATCGGCCAATGATATACCACGACGGTAAATTATAATAAGAGGCTTTTATGAAAACACTCTTTCAGAATGAAAAGATTCTTATCCTGGATTTCGGATCCCAGGTGACCCAGCTGATAGCCCGGAGAATACGTGAATCCCATGTCTACTGTGAAATCCATCCTTATAATATGCCTTTGAAGGATATAAAAGCTTTCAATCCCAAGGGAATCATCCTATCCGGTGGACCGTCCAGTGTGTATGATGTAAATGCCCCCAAACCCCCGGATGAAATTTAC
NZ_AP035449.1_gap38	1396910	1399986	3076	TATATGTGGCACCAAAAAGTGTGTCCGGACGTGTGGTAAAAACTTTGATGGTTTCAGGGTGGCCATGCACGGGAAAAAGAACTTCAGCACCTTCACTCCGCCCTATCCAGTTTCTCTGCATCTCTTTGATGGATTCGGGCCAGTCCAGTTTATCCAATCCTTCAAGCAACCGGTCGGCATAGGCGGTAATTTTCAACATCCACTGTTTCAGCATTATCCGGCGGACAGGATATCCACCCCGCTCGCTTTTTCCATCCACCACTTCTTCATTGGCCAGAACCGATTTCAGTTCTTCACACCACCAAACAGGAGATTCGGCTTCATAGACCAGTCCCTTTTTGAATAGCTGAATGAATATCCACTGAGTCCATTTGTAATAATGAGGGTCTGTTGTGTTCACAACCCGGTCCCAATCGTATGAAAAACCGAATTGTTTCAACTGCCTTGTAAATGTGGCAATATTATTTTCTGTGGTGATTCTGGGATGAGTGCCTGTCTGAAGGGCATACGTTTCTGCAGGCAAACCGAATGCATCAAAACCGATGGGATGAAGCACATTAAAATTATTCATCCTTTTGAACCGGGCAATAATATCACTGGCTGTATATCCTTCAGGATGACCTACATGCAAACCCTGTCCGGATGGATAAGGAAACATATCCAAAATGTAAAATTTTTCTTTGCCCGGGTCTTCCTGCGTTTTGAATGTTTTATTTTTTTCCCAAACACGTTGCCATTTTTTTTCGATGTCTTGAAATGGATAAGATTTTGCCATGCATGAACCTTTCTTTGTGATGATTCGACTCGAAATTTAACGGATTAGCTTACGATTATTAATGGAAAACTGACCTAAAATCCAAAAAATCGGGGGAAATTTTCAAAAAAGACCCATAAGAAAAGGTTAAAAAGAAGGATAAAGAGCAATACGGGATCAAAATGGCCATTATATGGTTTTTCTGAAGGATGGATCTGTCGTCCAGTTTTATAATACAGATAGATCCAGAATGCCAGGAGAAGCGTCCCGGCAGCAAGCAATAAAAAGCTAAACAAAGATTGAAAGTCCAAACGGGTCAGAACATGTATCCAAATTACACTTCCGGCTGTAAAGGGTAGCCCATGAAGTGTCATCAGCATCATGAGATAAGCTCTGCGATAACGGCTCTGCCACCAATTATTTTTTAGCAAAAACAAGAGGACCCATGGAAGCAACAGATATCCATAAACGGTGCTGAGATTTATAATACCGGACAGAGCAAGCAATAAACAGGGTAGTATCAGGGTGTTCAGACTCATATCCAGAGATGATGTATCTGATGGTTTACGCCCTGATTCAATAAAATGTATGATCACTGATACGATGAGGAGTCCGGCTCCTAAGATACGGACTCGCATGAAAGTCATTTCCGGCTGAAAACGAATGATCAGTAGAATGGTGATAAATGTTTGAAGAAACGAAGCGTAAAAGGATTGAGCAGGTCTTGTGGAATATCCCCCGGGAGTATAAAGGCGTAGGATGAATCCTGAAAATAAAAGAAAAGAGGCATAATCCCGTACCAACATTTGTCCGTTTTGGACTGTTAATAGCCATAAAGAAAGAAAAAGAATCAATGAGGAAATGAGATATCTGATCCGGAATGATTGGGATCGGAGGGTTCCCCGGGAAAGTTGAAGAAACAGGGAGAGAACTTCATACGATAAATACCAGATCAAGGGGTGTTCGAATCCATTCAGAAAAAAAATAAAATAGGGGATTAAGCCCAAAGTGGGATTGGAATCAAAAGTATGATACCGTTTCGTATAAATCAGGGCCGGCAGCATCATAAAAGCAGATAAAGCAAATAAAACCCCGGATTCCTTATGAAAGGTAAACCCACCCGGTAATCCACTAAATGAAATCAGGCTGATGAATGATGAATAAACCAGTCCAGACCATAAAACTAAACCTGATATTTTTCGATACATCTGTTCCCTGTCGGACATGATGTAAACTACGGCAGCAGCGGATAATACCAACACCAGAGTATATATGTGAGTCAGCGTAAGATGTATCATGACAAAACTCCCAGTTCATGTATCATCAAGAAAAGGATCGCCATGATGAGCATCACGCCGGGAAATTGGGTCCCCTTCCCCTCCCCCTTATTTGTATACAAAAGCAAAAATGCACTGGATAGAATGGACCACAATGTAAACAGTATAAATAGAACCATTCCAAAGGAATTTTCATGCATAAAGGTAAAGAAGGAATATGCATAAACCTTTCCTGAGAGAATGAGAGGATTGAGGATCAGAGTCATCGTGAAAATAATGCTTGCATAATAACGGGATAATTGATCTTTAAGAATCATGAATACGTCCCGAAAAAGTACAATTATTAAAGTGTATAAGGGGAAAGCTGTAATAAAACGTTGTTGCAGATGCAGGATCGAAATCTCGACCGGGAAGAGTCTGAGGCTCATAAAAACAAAACTCATGGTAAGTAAAAAGGTGATCATAAAAGGAGCAAACGACTGGTTCCGCAAGCATTTAAAGAATATTGTCCCCATCAGGATAAACAGGATAACGGAAGCTGATATGAACCAGTACATCAGAATCACATGGGGATTCAACATCATCCCGGTTAACCGCTGGATGATAAAAAGCAGTGCAAAAAATGAAATAATCAATTCAAGGATGGCATATTCTACAGATACATAATCCTGAATAATATCCGTTAAGCGGATTACAGCTATCAGAAAATAGGCAGAAAGAATCAGATACAAAACAGATCCGGAAACGGGGATAACAGCAGATATTTCATGGATGGATGTGGCAAGTGATGTGGGCTCCCGGAGCATATTGAAAAGAAAATATGCTGTTATTAATAAAAAAACCGGGATATAGGTTATCACGTGTAATTTTTTCCCCCGTCCCAGTTGAGAAGTAAGAAAATAGATGAATGAGGCAAAAAGCATCGTTCCTGTATTTCCTGCCAAAACCAGAAGATCAAGGGAGATAATAATCCAGAGATATCTTCCTTTATCCTTATCCGGCTTGGTGAGTAAGAGGATAAAGAGCGATATTGAAATCGAGAGAA
NZ_AP035449.1_gap39	1402011	1405846	3835	TTCAGAAAGAAATGTCTTAACACAGAATCGTTGGCGGAAAGAAACATCAAAAAATTGATAAACAACATCAAAGTACCGTATAGGGTTATTAAGACAAAATGATGTTCCTGAGGGACGGGAAAAAGAAACAGGTAGACTAAAAAAAGCAAGGAAACAGGAAGTTGTAATTTATAAATAATATCAATCTGGTTATATGTATTTTTATACAAAGAACTGGTAAAGAGTGGTTTCAATTGAAAGGTAAGATCTTTTCTCTTCCGGTTCACCAACTTTTGGCTTATCTGTCGGTAATAAGCAATCAGAAAAAACATAAGGCTCAGGCATATCCCGGAAATCAGAACAGTCAGGATTCCTTTTACAAATGGTTTGACGGATAATGTTTCAAGAAAACCGGGCAGATTCATGAATACTCTTTCTCTAATAATGTAAAATTCATCAGAAAAAAAACAAATTCCAATGCTTCATGGTGCAATCCATAAAAAACATGGGGATTTTGGAAGTACCGGTCATACAAATATTCAACTAAATATTGATGATTCGTTTTATGATGAATATTACCGTAATGAAAAGCCGATTCAAGATTTGTTTGCATGGAAGTTATATTTTGTCTACCGCCTCCCTCCTCTTTTCCAGAGAGAATTTCAAGATCATGTTTCATAACCTGCAGATATTTTTTCAGATCATTCAATAATTTTTTTCTGTATTCCGGAACAGATATCAATTCGGGGTTTGAATCTTTAATAAAGGCATTATCATAGAAATGACCGGGTAAGATTTTTTTATGTTTATGAAAGTGCCGGAAAACTGCATGGTTCATGACCAAATAACTTTTTCCTTCTTTTTCCTTTTCTTTTTCATACCCCATAATCAAATCGTAGAGAAAAAAAATATCTTTTATGGTAAGAATAGTATTCAAAGAATCCTTCTCTGGATTCAATATATGCGCTGACAAACGATTGAGTATTTTCTCATTAAAAATACTTTCCCTGAAAAAGAGGGCTGTGGTCTGATAAAGGGCTTTATCATGATAATGTACAGCCAGCAATTTAATCTGCTTCATGATTTCGAGAATAGAAAAATAGTCCTGAAGAATTTTTAACTGGAATCCAGGTGTTGAAAAAGAAAGTTTTTCATCCAACAGATCCTGTTGACTTTTAATCAGGTAATTTAAAAAGTTGAAAGTCATGTAAGGATATTCAAACGAGAGTTCCATGATTTCAGATTGCTGTATCAATTCCTGTTCAGGCGTATAGTCAGGCAGGATGATTTTTCGGACATATCCATGATTCAGACCGGCATGAATATGAATGATACGGTCTTTCTTGAGTGTTGGAACGCGATATGTCCAAAAAACGTTCATTGATATCTGTATCCTGAAACGTACAAAATCAACGCATAAAGAGTGAGCATCATCAAAACCACAAATCCCTGATCATTCAATGCGTTTCTGCTCATAAATATAAAAATCAGGATGATGTACAAGAGCATTTTCAAAAGAAATACAGCAAAATTTTCACCCATATCTGAATCAACGGGTTTAAATAACACGGAATAGTCTTTCAGCGCAGATATATGCAAAATCCAGAAAAGATAAAAAACAAGAAAACTCAGTGCTGCAATCAGGTACACAGTTGTCATCATGTCAAATTTCCATTATAATCAGGATTCCTGTTTATCAAAATCACGGATCATTTCATCCATGATGGGAGACACTTCCCGAATGAGCCGGACCCGATCCCGATGATGCATAAAAGAACTTTTAAAACCATCAATCAGGACGTCTTTAATGTCTTTCAATTTCAAATTGAAAGTATGATATGCCAGACACAGTTCGTCGGTAAGTGTGGTGTTGGAAATCAGCCTATTATCCGTATTCAGACACAAACGGAGTCCGTAATCTTTAAAATATTTAAAAGGGTGTTTTTTCAGGCTTTGGACAGCCCCTGTCTGGACATTGCTGGTGAGGCATATTTCAAGGCAAATGCGATGATCATTGATATAATTGAGCAGATCTCCATCTTCCGTCAGACGTGTTCCATGGCCAATGCGGTGTGCCCCGCAATAATGGACCGCCTGATGAATACTTTCAGGTCCGTATGCTTCGCCGGCATGAATCGTAATATTAATATTGTTCTTTAAAACCAGCCTGAACGCATTCTCGTGGTCTTTAGCCGGATAGTTTTCTTCCGGCCCAGCCAGATCAAATCCCACAACACCCCTGTTTTTATAGGCAACGGCCAGTTCTGCCAGATTATAAGAGATATCGGGACTGATACTTCTCATGCCACAGATGATTACGCCGCCACGGATTCCAAAATCCATCTCCGCTTTTTTCAGCCCCCGGATTACAGCTTCCAGATTATCAACCGTTCCCATATCATTATTCACATGCAGAATGGGTGAATACCGTACTTCCAGCCATTTGATGTTTTCCGCGGAAGCATCTTCAGCCAGTTCGTAGGCTACTCTTTCAAGAGCATCGGGAGTCTGGAGAACACTCAATGTTAAATCGAATTTTTTCAGAAAGACTTCCAGCGATTCACCCTTTTCAAAGCGAAGGAACTCCATTAAATCATTTTTATTTTCATAAGGGATGTTGACATTATTTTGTTTGGCAAGATCAAAAAGGGTATCCGGCCTGAGTGAACCATCCAGATGACAGTGCAGCTCAGCTTTTGGAAATTTTTGAATGACTTCCCTTAATTTGGGATCATAGTTCTGATGATGTGACATTTAATTCCTTTTTGCAATTTTCGTTAATATCGCAGTTATTATGACAAACAGCAAGATCCCAAGCCATGAAAAACCGGGTATTTCAGGCCACCAATTTTTTTCACCGGAGATAAAAATTGGAATCGCGACCAAGATGCCCATCAACGCTTCACCGGTAATGAGTCCCGATGCGAAAAGGAGCCCCTGCTTATTTTCCGGATGTGTCTCCCTGTGTTTCCGTGTAAAATGGGAAACCATTCCACCAATGAAGATGGGAGTTGAGAGAGTGATGGGCAGATAAATACCGACGGCCACTGCCAGAATGGGTATTCTGAAATCGGATCCCCTGGATTTTTGTATCAGATCTGCGATAATGATCAAAACACCTAAAACGGCGCCGGTAATCACAAAATTCCAGGGAAGATTCCCCTGAAAAACGCCTTCCGCCACGGATTTCATCAGGGTTGCCTGAGGTGCCGGAAGGGTTTCACTTCCGATTGTGTAGGCACTATGGAGGATGTCCAGTGTAAGTCCCAGAGCGATGGCTGCTGAAAGTGTTCCCACAATTTGCATGATCTGCTGTTTCCAGGGTGTGGCTCCAAGGATATAACCGGCCTTTAAATCCTGCATATTATCACCGGCAATGGCTGCGGCACAGCAGACAACTGCACCGATAATCACAGCACCTGCTGCACCTTCTATACTGCCGGTCCCTTTGATAAGAAGCAGGAGCAGGGAAGAAAAGAGAATGGTTGCGATAGTCACTCCACTGATGGGATTGTTGGAAGACCCCACCAGGCCCGCCATATAACCGGCTACTGCAGAAAAGAGGAATCCGAAGATCAACATAATCACAGCCATTAAAAGTGCAGTAAATACATTATGAATGATATCTTGATAAATAAAAAATACGGGGATAACAGAAATAATCAGAGCAATGATCACCCAGTTTATCGGGATATCTTTTTCATGGCGTTCCACAGCAATTCCGGAATTGCGATTCTTGTAGGCATTCAGACTGGATTTGACACCGTTCACCAGGGGGCGATAGAGGTTGATCACAGACCAGATTCCTCCGATAACCATGGCACCGACACCCATATAGCGGATTTTAGCATTCCAG
NZ_AP035449.1_gap40	1422316	1425906	3590	AAGAGCGGGCAACAAATCGTTCTTTCCCCGGAAAATCCCGATTTTCCTGAAATGTCCGTCACCAAAGACGATGATTTCCGGATCTGGGGCATCGTTTCTTACGTAATCCATAAACCCTGAGAAACCCATGTTTGGTATTGCGGACTGCAACAACTTCTATGTTTCCTGTGAACGGGTTTTCAATCCATCCCTGGAAAAGAAACCGGTTGTCGTTTTATCCAACAACGACGGATGTATTGTGGCACGGTCCAACGAGGTGAAGGCACTTGGCATTCCCATGGGGACTCCTTTGTTTAAGGTCCGTGAAATGATTCAGGAATACAAAATCGCCGTCTATTCCTCCAATTATACCTTGTATGCCGATATGTCCCAACGGGTGATGACAGTTCTGGCCCAGATGGTTCCTTCCATGGAAATCTACTCCATTGACGAGGCTTTTTTGGATTTGCGGGGTTTTCCGCCAGACCGCCTGGAGACCCATATCCGGGACACACGAAGAAAAGTGGTCCAGTGGACCGGCATTCCTGTTTCCATCGGCGTGGCATCCAGTAAGACCCTGGCAAAAATCGCCAACCGGGCTGCGAAAAAGAAAGGGGAATACGAGGGTGTATGTATTCTTAATTCAGAGATTCTTCGGGAGGAGTTTCTGAAACACACCGCCGTGGAAGATATTTGGGGCATTGGTCCCCGTCTCTCCCGTTTTTTAAAAGCCCGGGGAATTTTTACTGCCTGGCAGCTAACCCACATGAATGACTTCTGGATTAAAAAGAATCTCACGGTTACGGGACTGAGAACGGTTTATGAATTGCGTGGAATACCGGTCCTTCCCCTGGAAGACAAAACACCGGATAAACAGGAAATCTGCACTTCCCGCTCTTTTGGAAGGCCGGTGGAAAGACTTCAGGAACTAAAAGAATCCATTGCGACATATGCGGCACGGTCGGCTGAAAAACTCCGGCAACAGCACTCTCTGGCCAATACGGTTCTTGTGTTTATCCGTACCGATCCCTTTAAAGAAGGGGCCTATCAGAATTTCAGAGTCCTCTCTCTCCCTGTCCCCACGGCCTGTACCGAAGAAATTACCGAATATGCCTTATACGGATTAAGGCACATTTACAAACCGGGATACCGCTATAAAAAAGCCGGTGTGATTCTCAGCAGTATCGTTCCGGACACCGGTGTACAGCAAAACCTTTTCGATGCCCGTCCCCGGGAAAAAAGCCGCAAACGCATGCAGGTGGTAGACCTCATCAATCAGAAAATGGGCAGTGACACCCTCCGTTTTGCTTCCCAGGGCATTCAGAAATCCTGGAAAATGAAACGGGAAAATATCACACCCGCCTATACCACAAACTGGGATGAAATTTTAACGGTTAGGATTTGACAGTCGGCAGTCATCAGTCGTTAGTCGGCAGTCGGCAGTAAACAGTTGATTGATTCGATTGGACCACTTCTCACGCGTCACGCGTTACTCGTCACTTTTTCAGTCGACAGTGGACTGTGGACATGAGGGATTGATTTGATTGATTTGATTGATTTGATTTGATTGGTTTGATTTATTTGATTGAAACGTCAGGAGCGCAGCAACGCCAACTTCAGACAGGCCGTAGCCTGTCCCTACATCTCGACACACACCAGGAGCGAAGCGACGCTAACTTCCAACTTCCACCTTCTAACTTCTTTAATAGAATTGGCGATTCATTTGATTTAGCACAAGGATTATTGGAGAGATGGGATATATGATTTCGCTTAGGTAACGCCCCCCACCCCGGGGGTAAGATACATTGAATGAGTGGAGAGTGGAGAGTCGTAGGGGCAGGATGTGTCCTGCCTCTGAGTTGGAGTCTTGAGTTTTGAGTGTATGTTTTTAGAAAATTGCAGATTTTGAGACTTAGATATTCTGACTTTTATTCATTGGATGATATTGTAATCAATTACTCCAAAGGCTATAAGTGAAACAAGATATATGAATTCGATTAGGTAACGCCCCCCACCCCGGGGGTAAGATACACCGAAATGCGACATGACGCAAGTTAATATTGTTATTCGTATATATGAATCTTCGAATCATTCTCCAGTTTATCGACTTGTATCCATCATCCCGGTTACTGATTGGACTGTGAAGCAGTCTTATAGAGATGGGATCATGGAATAAATTGCCCACAGGTGATCATCTCAAAATGCCAGCCAATGACTTCGTGACACTGTATGTATAAAAGCACCACAATTTAAATACGGAGAAACAGCTATTAAAATTCGATCGAAATAAAGTGCTTGAATTCCACGAAACAAGATCGTATCCAAATGCAATTATCTCTGCAACTCAGCGTACCCTGCGGGAGAAAAATCCATTCTCAATTCTCCATTCTCAATTCCCAATTTCCCTCCCATTTCTTCCTTTCTGAAAGCCAATTTGTAAGATTAGCACTTAAATTTATCCGGTTTGAAAGGCAAATTTCTATATTTCCTCTTTTTTATCTCCCTACTAAACCGGGAATGTCGTAATTTTCACATGGAGGAAATATGCCGCAATTAAATCATTTGAAAAAGCCGGAATGGCTAAAAATAAAGGTTCCGGGGGGTGAAGGATACCGGACCGTCAAGCAACGGCTCAAAGACCACAAACTGCATACCGTCTGTGAGGAAGCCTTATGTCCCAATATGGAAGAATGCTGGGGACGGCGAACGGCTACATTCATGATTTTGGGTGACACCTGCACTCGGAATTGCCGCTTTTGTGCAGTTAAAAAGGGAGTTCCTCTGCCACCGAATCCGGATGAACCCCGGCAACTTGCTGAAGCCGTAAACGAATTGGGTTTAAAATATGTGGTCATTACGTCGGTAGACCGGGATGACCTTGCTGATGGAGGAGCTTCCATCTGGTCTGAATCCGTCCATCAAATCAGGTCATTGAATCCGAACTGTAAAATAGAGGTTCTGATACCGGATTTCCAGGGAGATCAGAAGGCTTTGGACATGGTGCTGAGTGCGGTTCCGGATGTTGTGGGACACAATCTTGAAACCATCCCGTCTCTTTATCCCATTGCCCGGTCTAAAGGGAATTATCAGCTGTCTTTGAATGTGTTACAATATATTTCAAAGAAGGGATTCTTAACAAAAACCGGTATCATGGTGGGACTGGGTGAAAAACCTGAAGAAGTCATTGATTTGATGAAAGATGCCTATAAACATGGAGTTACATTATTTACTATCGGACAATATCTACAACCCACGTCCCGTCATTTGCCTGTTAAAGAATATGTAAGTCCGGCACAATTCATGGAATATAAAAAAATTGGGGAAACCCTGGGATTCGATCACGTAGAATCAGGGCCTCTGGTTCGATCTTCGTACCATGCCGATGAACAGGCTATCTTTCAAAAAAAGGGACAATCATGAAGAAATTACTGGCACCCTCCCTCCTCTCTGCGGACTTCCTTCATCTTGAAGATCAGATCCGGCTTACGGAAGAAGCCGGTGCAGATATCCTCCATCTGGATATTATGGATGGTCATTATGTCCCCAACCTGACCTTTGGTCCGCCATTGATTGAAAAAATCCGGCAATTGACTGATCTACCTTTGGATGTC
NZ_AP035449.1_gap41	1473875	1477747	3872	TATAGGGTGACAACCGGTCCGGGAACAACTTTCACCACTTTTCCCGTTACACCGAAATCAGCCAGTGTTTTTGTAAGTATGTCAGCGTTTTCCTGAAGTTCGTTGGGATCTATCTCATACCCCGGCGGTGGATCATTCAGCAAATCCACACTGGGAAAATGATATTCTCTCCTTTTCCCCTCTTCGACAAAATCATCATAATCGATGCTGTCATCTGTGCGTTTTTCGCTGACTTCAAAATCGTATGAGCCTTGATCGCCTTCGATTTGTGTATCTTCTTTTTCTCCCTTTTCAGGCTTTTCCTTCTGAGGGGGCATATCCGGGACATCGTCTTCCTGTACCACTGCTTTTTGATTCTCAAGCGGTTCCGGTTCTTCCGGCGTTACCTTTTCTTGGCTTTTCTTTCCTTTTTTATCTTTCTTTTTATCTGATTTCCCCTTCTCTTTTAATCCGGCACTTTTCTCTTTTAATCTTTGCTCTTTGCGTGTTGTTTTCCAGATGTGGTACTTTTCCATCCAGTGTTTCCAAAGGCGGTTGAGAGGCTGATACATACTCCACCTGAAATACAGACTGACCACCACAATGATGGCCACAATCAGGATAAGTATGGATGGAATCAGTCCCAACCAATCCATTAATAGAATACTGAGGGATCCTCCGGCAAAACCACTGATATTGAAATCAGGCGTAACAATCGGTACATGCCGGTTTAGGATTGTGGTGGTCAGCAATGCCGTTAAAAGGATGAAGCAAAACCAGTAGAGGGTAAATCGCCATGTTTTTCGGTAATCTTTTGCAGCGAAAAAAGTCCATCCCCATACAAAAAGAAGAAGGACAAGTCCCCATGAAAAATATCCCAGGCCGTATTTAATCAGAACATGCGCAATAAAAACCCCAGCGATACCCATGGCATTTTCGATGAGAAAGAAGCGGGACATGGATAAAACATCAGAGGGTGAATATGTAGCCAGACTAATGCCTGTAAGAACAGCCGTAATCATAAAGAGAACGCCGATAACTTCCTGTTTGATTTTTTCTTTCATAGAGATCAATAAGGTTTTGAATCCACAAAGGGAGTTTTCACAATTTTTGCCTGAATTTTTTTGTTCCGGATGCCAATTTCAAGGGGAGTACCGGTTTTTGCACAATCCCGTCGGACATAGGCTAGACCGATAGGCTGGTCCAGACCGGGAGATTGTGTCCCGCTGGTTACAACACCCACTTCTTCATCCTTAGAATAGACAGGATAGCCATGGCGTGGAATTCCTCTTTCCAGGAGGGTAAAGCCTACCAGTTTTCGTGCCGGTTTGGATTCCTTGATCCTTACCAGTGCCTGTTTACCGATAAAATCCTCTTTATCCAGCTTGGTGATCCAGCCCAGGCCGGCTTCAAGGGGATTGGTCGTATCATCTATATCATTCCCGTAAAGGCAATATTTCATTTCAAGCCGCAGGGTATCCCGGGCTCCTAGCCCCGCAGGCTTCAAACCATAGGGATTCCCGGCATCAAACAGTGCATCCCAAAGTTTTTCACCCTCTTCCGGTTTATGATAAAATTCAAAACCTGGTTCACCTGTATAACCCGTCCGTGAAACAATCATGGGAATCCCGGCCACAGTTCCCTTCAAAAAATGGTAAAAACCAACAGATTGGGGATCGAAATCAACCAGCTTTTTAAGGATTTTCATGCTCTCGGGTCCCTGAAGAGCCAGCAAGGCATAATCGTCGGAAGCATTTTTCACAGAGACTTTTCCTTTAAGGTTTTTCTTAACCCAATCAAAATCCTTTTGAATGTTGCCGGCATTCACAACCATCATATACTTGTTTTTTTCAAATCGATAGATAATGAGATCATCCACAATGCCACCGTCAGGATAACACATGGCTGAATACTGTGCCTGAAAATCTATGAGGGATGAAACGTCATTCAGTGTGAGATAATTGAGAAAGGATTCGGCATCCTCCCCTTCCACGAGGAATTCACCCATGTGTGACACATCGAAAAGACCGGCTTTTTGGCGGACTGCAAGATGTTCTTCTTTGATGGACGTATACATGACCGGCATGTGAAATCCGGCAAATTCAACAATTTTGGCTCCCAGGGAGCTGTGTTTTGCATAAAAAGGTGTTTTTTTCAACGTATTATTCATGAGAAGATCCTTTATGAATGATGGAATCGATTCCTTTCCGGATTCGCCGGACACCTTCAGCGAATGTATCGGGGTGCCCTCCGTAGCTCAGGCGCATAAACCCTTTGGAATAATCACCAAAAGCTTTTCCCGGAACAGTTAAGATACCAAAATGATCTTTCAGATAGAAGGCAAAATCCACTTCGTCCATAGCTTCCAGTACGGCTTCTGGAATTTTAAATAAAACATAAAAAGATCCAAGGGTTGGAACATACTCAAGTTTATTCTCTATCAGGGCTTCCGTAATAATTTTTCTGTTATGAATGACCCGATTCCGGTTATCTTCCAGCCATTTCTGATAATCGAAGTCGGGAAATCGGCTGATAATCAACTGGGAGATAGTGGGGGCAATGGCAACCATAGCCTGATGGGCTGCAAATATCTGATTCAATACGGAATGCCGGGTAAATGCCCAGCCCAGGCGCAAACCGGGTAATCCAAAGCACTTTGTCAGAGAACTGACGATGATGGTCCTCTCTCCCACTGTTTTCCAATTATGGCAAACCGGTTTTTCCACATTGCCGAAAAAACGGTAGACTTCGTCCACCAGAAGAAAAGCATCGTATTCATCACAAACCGCTTCCACCTGACGGATATCCGCTTCAGTCATCATGAGTCCCGAAGGATTGGCGGGTGTGTTGAGAATTACCAGGGCTGTGTCTTCACTGATATGTTCCCGGATACTCTCAGCGATGCTCCCTTTGCAAAAGGGTGGAATTGGATAGGTTTTCAGATCCATCCCCATCATTTTACTGATTGTTGGATAGGTGAGAAAATATGGGGAAGGTATGAGCAGTTCATTTTTTTTCCCTGCCCAATAGAGTTTGGCTCCGCCGATACCGGCGCTGAGACCTTCTTCTGCGCCACATACAATGCAAACATTATCAAAATTTCCAGGATACTCATTAATGGTCACAACCGCTTTTCTGGCTTCGTCGGTTCCGGCCGTGGGGGAATATGCAAAATTATTAATCACGTCTCTGCTGATAAGGGAATGAAACCACTCCGGCATATCAAAAACCGGTTCACCTAGGGCCAAATTGATACTCCCGGCAGGGGCACCATCAAAAATTTGACGAATTAAAGACTTCTGAACTGATGACATGGCTTGCCTTTCGTATTATCCTTTGCGTTTTTCAATCCGTTCGATAATTACCTGATCCGCATCGGTATCGGCTTCCTCCGATTCAGATAAAATTCCGGCAGTTTCCTCCGTTTTTTCTTCCGGCATTTCAGATTTTTTCCACTCGGATATTCTTACGCTTTTTTGCTTGATATCAGGGAGGGTTTCAAAATATTGGGTATCTTTTTTTTCAATATCTTCCAGGATTTTCCGGACATCTTTGTCAAAATCATCCAATGTTTTTTCAATCCTCTTGTAAAGTATGTTGAACATTTTTTCACCATAGGATGATTTGACCGTATCCAGCATATCATTCAGCACGGCTCCCAGATCCCGCTGTGCTTTATCTTCACTTTTCCGGTTCGGTATATCCATTGTTTCTCCTTTATAGTCGGCAGTCAACAGTCGGCAGTTAACAGTCAACAGTCGACAGTTGGCAGTCGGTAGTTTACCAGAGATCTCTCTTTTTAAAATCTTCAAAATGAATCAGTTGACGGTTGATTTCCTTCAAGGCCCCCCGAAGGACACCCGTGACTTTGACAGATTTTGCTTCACCGGGAG
NZ_AP035449.1_gap42	1479214	1482399	3185	TCATCGAGTGGACTCCACCAGTCCGCCCTGTGTAAATAATCAGAAGAGTTCATAGAGACGTTTTTCATAATCAATTTTTTTCTTTACGATTGAATCCGGTTCAAAAAAATATTGAATATTAATGTGACGGTCTGACCGGTTAATAGAGGTTACCAGTAACTCGTTTCCGGATATCCATTTTTGGGTATAAAAAGGTTTCCCGGGTGAATAATCTTTGACATCATAAACTGAAATATGGGATGGATTTCCGTATTTCTTTCTGAGAATTCCGGTGATCATCCGGTATTTTTTCAACAGGGTGTCTTCATCCCTCATTTCAGGAAGGTAGAGAAGCTGAAAAGAGGTGATACCTTCATCCTGATATCCCGGGTAGCAGTATAGAGTATCCTTACCGATTGCAGAAATCCATCGATCGAGGGTATCCGATGAAAACCCCCGGAGTGCTAAAAGAGCTTCCACCTGTTCCCGGGGAATACTCCAGGGAATCGAAGAGAATGTGAAAGCCTGTGATTCCAACTCAGACAGGAAAAAAGAGCTCTGTATAGGCAGAATATCTGCTGAAGAAGCTGTCCCTGTATCAGGTTTTGTCATCAGGGTATCGCTCAATTCCTCCAGATTGAATGCAGGCAGGGAATCCTGAACAGTCGTCAGAGTATCACGATCCTGGGCAGAAAGCAATCCCATCCCGGCCAAACACAACATCAGACAGCAGAAATATTTATTCATGACAGCACCAACCTTAATCGTTCTTTTTAAGAGTCCTTTTGCGGCGTTATCGTTTTGGTAACTGATTAGTGAGATAGTTCTTAATCCCCGATTATAAAAAATATTGTTTAATTTCATGAAATGCAAGTCAGCAGTCTATTTTTTCTGTTAATTCTTCGATTATTGAATCCAGAAGCATCCAACCCTCTGGTGTTGCTTTCAGAAAATTTCCCTCAACTTTTAGAAGTCTTGTCTCCGTTTCAGAATTCAGGCGAGATATCGTATCGAAAAACGGCTGAGAATGCTTTATGATGGATAAAGTATTCAGATTAAAACCTTTTTCTGTTCGGAGCCCAAGCATCAGCCGCTCGGTCAGCCACTGCTCATCATTCATATTTTCATACACAGGCTGATAAGTACCATCCAGATAGCTCTTCAAATCAGGCGGATTCCAAAAACGGGTTCTGCCCCACCGGGAATGGGCTGAAGGCCCAAAACCCAGGTAATTGGAATCATCCCAGTATTTGGAATTATGGCGGCTGTGATATCCGGGTTTGGCAAAATTGGACACTTCATAATGAGAATAACCTTTGTCTTTCAGATCATCATGGGCAAATTTCCACAACATGTTCACTTTTTCTTCATCCAAGGGATTTATCCGTCCTTTTTGAACCCATTGATAGAGGGGAGTTTCTTTCTCGACAGTCAGTGTATATACAGACAGGTGTTCAGGAGAAAATTTCTGTAAGATATCAAGACTCATCTGCAGATCATCCACAGACTGGCCCGGAAGTCCTGTTATCACATCACAGGCCAGGGAAAAAACATGGGTGGAACAAATCAACTGTAAGGCATCCAGATTTTTCCGGGCATTGTGAATCCGCCCCAGAAACTTGAGTTCTTCATCCCTGAAAGACTGGGTCCCCAGGGACAGCCGGTTGATTCCGGATTGTTCATAGGCCTTAAGATCCTCAGGATCTATGCACTCAGGATTTAACTCCAGGGTTATTTCTGCATTGGATGTGATATGAAAAGACTTTTTCAGGATATCCAGACATTCCATTAAAGCAGATGATTTAAGACGATTGGGTGTTCCTCCACCAATATAAACCGTATCGAATGTAGACGTGGTATAAAATGGAGCTTTGTTTATTATTTCCTGTTGAAGCTGATGCAAAAAACGGCGTGTTTCATCTTCATTGGCAACCTGGCTGAAAAAATCACAATATGGACACTTTTTCAGGCAAAATGGGATGTGTATATAGATGCCGGGATTTCCCATAGAACAGGCTTAAGATACGGTATGAAAAATCCGGTTCCAGCGAATCTTTTTATAGAATTGTGTCCAGGGAGCGGTTTTATCCCATGAAAAATAAAGAATCAATGGTGAACCCATCACATATTCATAAGGCACAAGACCCCAATAACGACTGTCAAAACTATTATCACGGTTATCCCCCATCATAAAGTAATAGTCCTGTTCCACCTTGTATTTCGGTTCCCCTTTTTCATAATAAATGCCATAGTTGTCTTCCGGACTGTGTCCATCCAGAATCATGATATGGCGAATAAACTCCACCTGTTTATGAGACAGGCCGGATAATTTGAAAATATCTCCTTTCCTGGGAATGTAAATGGGATCATATTGGTCTCTGTTCCCGTTTCCACTGGGAAAAATACGGGGTTCTTCATAGGATTTTGGAAAGATATGATCATAATTTACAATCGAGTGTTCGGGATCATCAAAACGTTCACCATTGACGTAAACTTTTTTATCCACGATTTTAACCGTATCTCCGGGCCCTCCCAGACACCGTTTCACATAATTGGTCCAGGGATCGAGGGGGAACTTAAATATCACCACATCCCCTACTTCCGGATCCGTGAGAGCTGGAAAACGGTAGTATGGAATATCAAAACCAACCCGTGTAAAAGGAATCCCGACCCAGTCCGGTGTGCGGGCTCCATATAAAAATTTATTACCCAGTAAAAAATCGCCCACATGAATGGTTTTTTCCATTGACCCTGTAGGAATTTGGTACGCCTCGATAATACCGGCACGGATAAAGAAGACAGCAATAATCACGAGTGTCCAGGATTTGATTTCATATATCACCCGTTCTTTGGTGGACGAAAAGACTTTTTTATTCTGTTGTTTCTTTTCCCGTCGTTTCTGAAAAAACTCTTTAATCTGCATGGGTATTCAACTCACTTTCACCGCCGTAAATAATATCGGCATAATGTTTGATAACAGGATTCCTCCAGGATTTTGCCTGAACAGTCATCACATCCAGTCTGACATGATATTCCATATAGCCTAATTTATAGAAATACAATTCTGATAACCTGAGCATTTTTTTTATTTTTTGTTCTGTTATCCATTCTTCCGGTTCCCAGTGGTCATTGGGTCCGGAGGTTTTTACTTCAACAAGGACAAACTGTTCCCCCTTTTTCATAACCAGGTCAATTTCCCCGTAGTG
NZ_AP035449.1_gap43	1483867	1488197	4330	AATAGGAATACACGACAGAAAAAAGTCTGCCCAACCCGGGTAAGGCATGCAATAAGACACCACTGATAATCGATGCCAGCATGAGAAAAACCAAAGGAATCATCACCAAATTCAGGGCAATTGCCAGTGTTGAAAAAGTACCGAAGACGGTAATTCCTGCCGGCATAATTCCCCAGGTCGCGGCAGCAGAGACACCCAGACTGTTCAGAATATATCTGAAACATGTAGGGAAGCGGCGTGTTTTTCTTTCAATGGGAGGATAAAAGAGAAGAATACCAAGTACCGCCAGATAGGAAAACCAGAAACCGACCTCATTCATCTGGGATGTATCATAGAGAACCATGATCAGCATACTTGAAAAGACGATCTGAAGAATATGAACTTTCCGCTTTAGAAGGGTCACGGCACTGTATAGTGTTACCATTAAAACGGTTCGGAAGATTGACGATGAAAAAGGAGTAAGCAGGGCGTAAAAAAGAGCAAAGACTGGGATTAGCCATAATATCACCCTTGTGGTACAGCCGCATTTTTTAAGGATAAAAGAAATTAGCATAACAATGAATCCCACATGGAGTCCTGATACGGCAAAGAGGTGACTGATACCCGCTCTGTTGATTTTATTTTTTAGAGGCTCAGGTATCATGCTTTTTTCGCCGAGAAAGAGTCCGCAAGCTATAAATCCTGACCTTATGTCACTGTCTTTCAATAGGATACCCCTTATCTCCTCACGTACTTTTTCTAAGAAGTCAGCCCCATTAATGGTGTATTTCCTGCTGCATCTGGATACCGTTTTTGATGTTTCATAGACGGATAAACCAGGTATAATGTCTCTCGTTCGAAGTTGGATTTTGGGATTAAGAAATTGGCATTCTTGTCCTGAATGTAATGTATCCGGGCCATCCAAATAGAGCATCACCGGCAGAGAAAATGTTTCGAATTGACAGATTCCCTCCCACCAAACATTTTGTTTCCAATCCGTATGTTTTTTCTTCAGAAAGATGGATATGGAAGTTTCTGTCTGAAACATCTCTTTTTCATGTAAAACAGGCTGCTTTAATGTATCAAGGACGAGTGAGCATAGCATTAGCAGGATAAAAATGGAAGTTTTGCAAAAGCAGAACCGGTAAAGGGTCATTAAAAAAATAGAAATGAGGATCAATGGTAATAGAGAAAAACAGCGGTAACAGAGAATCAGCAAAACGGACAGAATGCTGAGCCGTAATGCAGGGGCCGGGCTAAATACACCGGTAACAAGGTTATAATTTCTGATCTTTGGTCATATATTTGTTTACAATCGGAATCCGCCGGCCCATCCCAAAAGCTTTTTCTGTGACCCGAAGTCCTGGTGGAGCCTGACGGCGTTTATATTCTGCCAGATGAATCAGTCGGTTCAAGCGGTGAACCAGTTCTGAATCATATCCTTCCCGGATCAGTTGTTCCGGACTTTTTTGATGTTCCAGCAGGGATTCAACCAGGGGGCTTACTATTTCATAATCGAATGGATCTGTCTGATTTTCACGAAGTTCAGCCGAGGGGGTTTTTTCCAGGATATGCTGAGGGATTCGGTCAAAACCGGCCTTCGTGTTGATAAAACGGGACAAGCGGTAGACATCCTCCTTATTCAGATCACTGATTGCAGCCAGGGCACCGGCCATATCACCATAGAGTGTCGAATATCCCAGGGCCAGTTCTGTTTTATTCCCGGTTGTAAGGACAAGCCGGTGATATTTATTGGCCAACGCCATCAGGATGATGCCACGGCTCCGCGCCTGAATATTCTCTTCTGCCAACCCGAAGTCTGTCCCTTTAAACTGATGCTCCAGTGTTTTTAAGACTTCCTGGTAAATAGACTGGATTGATATCATCTCATGATGGATATTCAGGTTTTGTGCCAGTTGCTGTGCATCGGAGATGGAATGTTCTGAACTGAATTGGGATGGCATCATTATTCCCCACACATGTTCAGGGCCTAAAGCGTCAGCTGCAATCACGGCAACCAGGGCTGAATCAATACCACCACTCAACCCGATAAGGGCATCTGAAAATCCGGTTTTATAAAAGTAATCCCGGACGCCGGTCTGCAAAGCCAGGAATAGTTCTTCATCGGGATGGATGTCTGGTTCGGACATATGATTTTGGGGGGCCGTATTTATATCCCAAGATGTGTAGGTGATATTTTCCCTGAAAGGACCATTATAGGCAATCCACTGGCCCTGGGAATCCACCATAAAACTGTTCCCGTCAAATATCAATTCATCCTGACCGCCACACAGATTGACATAGCAAAAGGGTGTTTTAAGACGACTTACCTTATTCAGAACAAGTTCTTTTCTTTTGGAAAATTTATCATAACTGTAGGGGGACGCACTGCAATTGATGAGTATTTCAGCACCCTGATAAACCAGTTTTTCCGACACTTTCACATCATAAAGGTCATCCCACAGATCTTCACAGATTTCAATTCCCAGTTTTACCTTTTTTCCACCTACATCACAACTGACAGGTCTTATCTCCGGTGCCGGTTGAAAGTATCGTTTTTCATCGAAGACATCATAGGTGGGAAGCAGGGTTTTATAGACAGTATCCGTCACCTTCCCCCCACTTAATACCGATACCGCATTGTAATACACCATTTTTAAGGGATTATCTATATGTCCTACTAAAGAGACGATGTTCAGATGACGGGTCTCATAGGCAATCTTTTGGCATGCTTTGAGATTTTTTTCCACAAAACCCGGTTCAAAGATAAGGTCCTGTGGAGGATAACCGGGAATTACCATTTCCGGAAAAACCACAATCTCAGCATTGTTTTTCGCCGCTTCATGGATAGTCCGGATCACTTTGTCCGTATTTCCTGCAATATCACCGACCGTCACATTCAACTGAGCTAGGGCTATTTTCATTGAGTTTCCCGGTTTATCGGATTTCAAAATAGTGAAATAATTCTTTTCTGTCCGGCGGTTCGGTTCGCATGTGATCCACCCGGGCATAAGAGGGACCTTCAGCCAGGAGGCGTTCAAAGGGTTCCAGCCGATCATGGGAACCCTGTGCTACCACAAGAACGGATCCGTTAAACTGATTCCGGACGAAACCTTTTATACCAAATTCATCGGCCAGACGTTTAGTGAACCACCGGAAACCGACACCCTGAACCCGGCCGGTCAGGACATATTTCCGGGTTATTTCAGTTGCGTCTGTATCCATTCAAATGCCTCCCAGGCATGGTTACATTCATGAACACCCTGGATTTTCCAGGATTCTACAGCAGCCACCGGTTTTTGATTATTTAATGCATGAGCTATCTCTGAAAGGGTTCCATATTTGCCTCCAAAGGCACAGGCGGCATGACATGCCAGGGCAAGGACTTCATTCCGTGCGTATCCGAGTCCGGTTGCCAGTGGAATACCTACATACTCATTCGCCTCAATATCCTTCGCTTCCGGAAGGAGTCCAACAGAGATCCCTCCCTTTGCATCCACTCCCCGGCACACTGCTTCCATAATTCCGCCTTTCCCCCCACAGATGATGATCCAACCTGCTTCCGCTGCCAGCTGTCCAAAATGTTCCGCCTCTTCGAGCAACTTTTGATCGGCTTCCCGGCCCCCAAACACTGCAATGATGTGTTTCTGATGTCTCATGTCTCTAATTTAATCATTAATGACACAACGAAGCAAAATAATATTAAAATTGATATATAGAGCAGGAATTGGGAATTGAGAGTCGTAGGGACAGACTGGCGTCTGCCACTGAATAAAAGTTGTGAGTTTTAAGTTTGGTTTTGTGGATTTGTGATATTAAAGGTTTGAAGCTATTTATTACTTATTCATAATAAACTTGATTTGAAAAAATTCGTGAAGTGTGTTGGATGCAATATTATATACAAAAAACATACTAATCATTTCATTACAATAAACAGCCACTAAAAAAAATGTATCTAATGTTCTAAACCGAACTCCCAACTCTCAACTTGTACTCAGGGACAGACGCCAGTCTGTCCCTACGACTCTCAACTCTAAACTCTCAACTCACTAAGGATTAAGCCTCACCATCGTCCGCGGCCAGGGGATACACTCCCGGATATGGTGGGAACCACAGATCCACTGAACAGTTCTTTCGAGTCCCAAACCAAAGCCGGAATGTGGCACGGAGCCATATCGCCGGACATCGATGAACCAGTTGAAAATTTCTTCCGGCAGATTTTCTTTTTGTATCCGGGCCAGGAGTTTGTCGATATCATCTTCGCGCTGGCTTCCGCCGATAATTTCTCCAAATCCTTCGGGAGCAATCATATCCACTCCCAACACATAACGTTCATCTTCCGGATCCCGCT
NZ_AP035449.1_gap44	1490287	1494593	4306	ATCTTCCACCGTATGACATCGGTTCATCCAGATCAGGGTTTTATCATAAACAGACTCTGCCCCAATTTCAAGATTCACATAAGTATCACGACTTATATCCTGCAAGAAATCCAGAACATCCCGCTGAAGACAATCCGGTCGTGTGGATACGGAGATACCCACAACATCTTTATCCTCCAGGGCAATCCTGATTTTATCCTTTAAAACAGATACCGGTCCGTAAGTATTCGTATAACTTTGAAAATAGACAATAAATTTATCTGCATGGAAACGGTTTTTTAAATACTGTTTCCCCACACTTATCTGGTCCTTCAGATCCCCATTAACGGCATAAGGCGGCATAAAGGAGTTGTTATTGCAATAAATACACCCTCCCCACCCTTTCGTGCCGTCCCTGTTGGGACATGTGAATCCAGTTTCAACAGATAAACGCTGAACCCGGGTATGAAACATATCATCCAGAAAAAATTTGTAGTGATTATGTCTGAAACCGTTGCGGGCGTATTGAAGTAATGGCATGATGGGATATGTTTATTTATGTAATTGAGAATGGATAATTGAGAATTGAGAATGGAGAATGGAGAATTGAGAATTGAGAATGGAGAACGGGGCGTGATGAGTAAGTCGGCAGTGGGCAGCAGGTGGCTGCCAGAAGATTGTGTTGTGTCCCACTCTTATTTTGAGAAATTCCGATAGAATTCCATATAGTTATTGATGATCAGCTTCCGTCCCTCACGGGTAATGAGCCCTTTATTTTCCAACATTTTCAGCATTCGTGAGACGGTTTCACGGGATGTGCCGGCCATATTGGCAATATCCTGTTGCAGGGGAATGTCATTGATGGTCACACACCCTTTCAAATGGACCCCCAGGTCTTCGGCAAGACGAATGATGGTATTGGCAACCCGGTGTTCGGCATCGCTGAGAGAAAGACTTTCAATCTGTTGATCACTCCGGCGGAGTCTGCGGGCAAGTTCTTCCAGAAGGTGAATGGATATTTTGGGATATTTTTCCAACATTTCCAAAAAATCCTGCCGTTTCAACATAAAAACTTCCGATTTTTCCAGTGCTACGACATTGGCAGAGCGGGACTCACCGTCCAGAATGGACATTTCACCAAAAAACTCACCGTCAGATAAAATACTGAGGATCACTTCTTTTCCATCTTCATTGATCCGGCTGATCTTCACTGCGCCCTGACTGATGATAAAAAGCGTATCCCCCAGATCTTCCTCCAGAAGGATCAGTTTGTTTTTCTCATAGGTCCGGACCTGAATGGCCTTGGAAATTTGCTCAAGTTCCTGATCTTCCAGATCTTCAAAAAGGGGAATATGACGCAATAAAGAAATATCCATTTACTCATCCTCCTTATGATCGGTCTTTTTCGGGGCAAATCGATCCAGCAGATCCGGCACCAGATCAAGAATTTTACCCAGTTGTTGTTCTTTTCCGGTAAGCATCATGAGCTTTGCATGCTCTTTATGGACCGCTATCACTGCTACAGGGTGGATATTCATCCCCCCGCCAAATCCTTCGGATACGGACTTGTCGTTATGCTGACCTTGAGCGTTATGATCACCGCTTCCAAATCCCACAGAAATCTTCGAGATAGGAATTAAGGTAAGATCATCTATGTGAATCGGATCCCCGACAACTGTCTTGGTATTTAAGAACTCGTGGGCTTTATCAAGAAGTTTCTCCAGCGTCTGGTTCATGCTTAATCCTTCTTTGTAATGATGACAATCTGCGATAATGCCACCAAATAATTAATAATCTAATAACAATACCATACAAATTCATAGAAAAATATAAATCAACATTAAAATCCAGAGTCTTTTTATCATACCGGAAGCAGGTGGACACGGGATCAGCCATGCGCTTGTCAGCCAGAAAAGGAGTTGAGGAAACAACAGCTCCCTCTACCCAGCCGGTTACTGCCGGATTTTCATGTCCAAACACAAGGTGAAGGCAACGTATTCTGAGATGAAAATAAGAAAAAAGATGTCGAATCTGGGGTATCAGTGTTTTCCGGATAAAAGGCTGATAGAAAGCAATCATGTCCCTTACCCCTCTCTTTTCAACTTCAGCTTCCTGAGATTCTGTACTCTTCTGTTCCTTTTTACCCGTTGATGTATCACCCTGAATGGGTGTTTCCTTTTCTTCCGTTTCCCTGACGGACATTTTCCCTACTTTATATTTCTTTTCCTCCGCCGCTTTTTCAGGCACTTTTTCTTCTTTTTCCTTTCCCCTTTTCATTTTTTTCAGAGGGATATGAATAGGAATGCCAAGAATAACGGCAATGAGTTTCATTTTTTGATCCCAATATTCAACCCTGGTTTGAAACAACCAGGATATCCAATAAGCAGATCCCTTCAAACCCAGATCTTTATCCTCTTTAACTGCCTTTAAGGTCAATTGAAAAGGAATAAAAAGAATAGCTGCCAAAATCAGTAACAGAAAAGCAAGAAATATCAGAATAATTTTTAGAATGAGTAAGATCATGACCGGAATTTATAAAAATATTCCCCTCAGCGTGAATAATTTCAAAAAATATTTATGCAATTTCATTGACATTACGAAGAAAAGAAAATAAATTTTCAAGCTATAAAAAAGGAAGAGGAGTGAAATGGCATATCCGTTATCGACAAAGAAGAGAATCCGTCAGGCTGAAAAGCGCAACCGGCGCAATCGTCATTATAAATCACTGGTAAGAACAGAGATCAAGAAATTTATGGCTGCTGAATCCAGGGAAACCGGTCAGGAGCAATTGAAAAAGGTCTATTCCCTGGTGGATAAAGTTGCACAAAAGGGAATTCTTCATAAAAACCGGGCGGCAGGTATTAAATCACGCCTTTCACGTCATTTAAATACACTGAATTAACAATTATTCGAATTCCATCATTTTTTAAAAGCCTCCATCGGAGGCTTTTTTAATATGACTCAACAAATATTCAGCGTTTCGCTGTCTTTTGAAGATACCCGCTTTTGATAATACTGAGGGTTTTCTGAATATCTTCGTACATCAGTCTGTCTTTTTCCAGATGGGGGATATCCTGTCTAAGGCGCTGATGGACCTTTTCCAGAACAGGACTCGATTTCAGGGGCCTGTGATAGTCGATTCCTTCGGCAGCGGCCAGATATTCAATGGCCAGAACTGTTTCGGTATTTTCAATGATTTCCAGCAATTTTCTGGCGGACCGGTGTCCCATACTGACATGATCTTCCTGATTGGCAGAGGTGGGAATACTATCCACAGACGCTGGTGTAGCCAGTCCCTTATTTTCAGAAACAAGCGCCGCCGCCGTAACATGGGCAATCATAAAACCACTGTTCACACCGCTGTCTTCCACAAGAAAAGCCGGGAGTCTGGACATGTGGGAATCCACCAGTTCAGCAATACGTCGTTCTGCGATGCTGGCAATTTCACTGACAGCCATGGCCAGATAGTCCATCGTAAGGGCTGGTGATTCTCCATGGAAGTTTCCGCCACTCACGATCAAATCATCTTCCCTGAAAATAAGTGGATTATCAGAAACCCCGTTGGCTTCCCGGATCAGGATATGTTTGACATGATCATAGGCTTCCCATACAGCTCCGCACACCTGGGGATAACATCGAAAACAGTAGGGATCCTGTACTTTATCACAGTGTTCATGGGACCGGTTGATTTCACTTTTTTGAAGATAATAGCGCACCCTGTCTGCACAGGCAGCATTGAATGGAGAGCCTTTTGCTTCGTGAATAGCCCGATGAAAAGGCGACAGAGAAGCCTTCATGGCATCCAGGGACAACCCAAAAATCAGTTCACCAGAATACAGGATGTTCTCTGTGCGGATCAGGGCCATCACACCATGGGCTGTCATGGACTGTGTCCCGTTGATGATAGCAAGTCCCTCTTTCGCTTTTAAAGAGAGGGGCTCCCGGTTTAAAGCCCGGAGCACTTCAGCGGCATCCCTTTCTCCCCCCTTTTCCATTACTTTCCCTTCACCAAGAAGGGGAAGGGTCATATGAGCCAGGGGAGCCAGATCTCCCGAGGCACCCACACTTCCCTTGGAAGGAATGCAGGGCAGAATATCGTGATTCAAAAAGAACACCAATTGTTCCACCACACGAGGACGTACACCGGAAAATCCCTGAATCAGGCTTTGGATTTTGATAAGCATCATAAGCCGGACAATATCCTCTTCAATATAGGGACCCACTCCTGCAGCATGGCTCCGGATGAGATTCACCTGGAGTTCATCCAGTTTTTCATCGGGAATACGAACCTGAGCCAGATGGCCGAATCCCGTATTCACACCGTACA
NZ_AP035449.1_gap45	1553022	1556274	3252	AGGAAAGGTAAGGAAACATTCTATACGAATTAAAGAAAATTATGGCTCATTTCTTTCAGGGCATCAAGTGTAATGGGAATAATACCCACTTCTTCACACACTTTGCCGGCGGCAAGATTTGCCATCACGGTGCTGACCCTAAGAGAATACCCGGCCGAGGAAAAAAGGGCAACTGTAGAAATAACCGTATCTCCGGCACCGGTCACATCATGAATTTTCCGAGCCCGGGTAGGGATTTTCAAACAGGTGTCCGATGTTTCCAACAGAACCATCCCATCTTCGCCCAGCGTGATTAGAACATTCTCAGCTTTTAATATTCTGCGAATTTCCCGTGCTGCAAGACAGGCATCATCCGGTGAATTAATTTTGATGTGGAGCAGATCCTCTGCTTCTTTCCGATTGGGTTTAAACAAGAAAACCTGATGATAGAGCCGGTAGTTTTCAAATTTGGGATCGATAAATACCGGAATTTTGAATTTCTTACAGATGGGCAACACACTTTTAATCAGTCCGGGGGATAACACACCCTTGTTATAATCCTGAAGAATCACGGCATTCAGAGAATCCGCCTGCTCCTGAAACCTGCGGGTTAAATCTTGGCATACCTTCTCGTGAATCCATGTTTTTTCTTCATGATCCATCCGAAGCAACTGTTGTCCATCACTCAGGACACGTGTCTTGGTGGTTGTGGGCCGGTCATTTACGGTTACCAATCCGTCGGTATTGACATGATCTTCAGCAAAGAGCCCCTTCAGTTCTTCTCCCTGCTGATCTTGTCCCATAATGCCGAAAATAGAACAGGACGCTCCCAGGGACCGGATATTCCGGCAAACATTGGCAGCACCGCCTGGTTTTATGACAGATGACCGGATATCCACGATGGGCACCGGCGCTTCGGGGGAAATCCGTGAGACTTTACCTTCATGATACACATCCAGCATCACATCCCCAATCACACCGATACGGAGCTTGCTGAAACGCTTCTCAGCATCTTTAAAATCCACGTGTCTGATCAGGTCAATCAACGAGGCATTCTCCGTCCATCTCGAGAGGTTTCGGCACATCCAGCCATTTCAGCATGGTCGGCGCGATATCCGCCAATTTACCGTCTTTTTTGAATGTATAAGATTGAATCTCCGGTTCCACAATCATAAAGGGGACTTTGTTCATGGAGTGCTGGGTGTGAGGTTGTTTGTTTTTGGCGTCCCACATCTCTTCGCAATTTCCATGATCGGCTGTCACAAAAACGGTCCCCCCCTTTTCATTAAAAAGGTTGATAATTTCGCCGATGCGTGTATCCAGGTATTCCATGGCTTTTATTGCCGCTTCCAGCACGCCGGTATGGCCAACCATATCCCCATTGGCATAGTTTAGAATAATCACATCGTAAGTATCACTTGTAATGGCTTCAATTAGTTTATCGCTGACTTCTGGTGCACTCATTTCCGGTTTCAGGTCGTAGGTTGCCACCTTGGGAGAAGGCACCAGAATCCGTTCCTCGCCTTCAAATTGTTTTTCCTCACCACCATTGAAAAAGTAGGTCACATGGGCATATTTCTCAGTTTCCGCAATGCGAAGCTGTTTCATTCCGGCCTTGCTCACCACTTCCCCGAAGATATTGTAAAGCTTTTGTTTGTCGAAAAGAACAGGATAGGGAAATTCAGCCTGATACCGGGTCATGGTCACATAATTCAATCCCAGTTTGCGTGTCCGGAATTCTGAAAAATCAGGATCATTCAATGCAATGGCGATTTCACGCATCCTGTCCGCCCTGAAATTATAGGTTAGTACCGTATCCCCGGGAATAATCAATCCATTATAACCCGGATTTTTTACCACAGCCGGATCCATAAATTCATCAGTGATTTTTTCTTTATATTTCTTTTCCATATATGCGACGGGATCCTGCACATGTTCACCCACTCCTTCAGTCAGCATCCGGTAAGCTTTTTCAATTCGCTCCCACCGTTTATCCCGGTCCATCCCGTAATACCGCCCGATAATGGTAGATAATTTGCCGATTTTATGCTCTTTCATAAAATCAAGCAGATCCCGAATATAGTTTACTCCACTGTTGGGAGGTGTATCCCGGCCATCCATCAGGGCATGGACATACACTTCTTTAAGACCGTCTTTTTTAAGTTCCAGTATGATATTTTTCAGATGGGAAATCTGGGAATGAACTCCCGCATCCGAAAGGAGTCCCATAAGATGAAAACGACTTGTCCGTGATTTACATACATTCACACATTTCCGGTATACGGGATTGTCTCTGAAAGTCTCCTTTTCTAAAGATTCATCTATACGAACCAAATCCTGTTTGACAATCCGGCCGGCACCAATATTTAAATGCCCCACTTCTGAATTGCCCATCACACCGTCCGGAAGCCCCACAGCTTTTCCGTTACATGTCAGGGATGTCCAGGGTCTTTCCTTAAACAACTTGTTTAAATTTGGTGTATCTGCAAGTTTTGTGGCATTGTTCTCTTTTTCTTCCCGGAGTCCGTAACCATCCAGGATCATGAGTAATACTTTATTTGGCATGTTTTCTCCTTGTATAAATAGATAAAAATGTAATGCTTTTAAGTGGGAAAATCAACGTACAAGGGAAAAGCTTATCCTGGCTCACAGACTTCTATCAGATTTTACGGCGTGATACAGATGACACACACCACCGCTCATGGAAATGGCATCAGACACAATGAAACCGGAGTCTTTCAAAAATTTTGCGAACACAACCGGAGACGGAAATCGATCCACCGAATCAGGCAGATAGGCATACGCCCGGGGATGTCGTGAGACTCTCTTCCCAATCCGGGGGAGAATGTGATGAAAATAAAACCGGAAAATGGTTTGCCACAGGCCTTTTGGGGGAACGGAAAATTCCAGGATATACAGATTACCTTTTGGTTCAAGCACCCGGTACAATTCCTTGATTCCCAAGGCAAGATTTTCCAGATTTCTCACTCCAAAAGCCACCAGGGCATGTTGGAACATGTCATCTTCAAAGGGGAGTGCTTCCAGATCTCCCAGGCAAAAGTGTACCCGCTTGTCTTGGATACTTGCATTGGCGATGTGAAGCATCTTCGGGGATAAATCAATTCCTGTCAGTTGAAATGGGATATGAGGATGCCTTTTAAGGATAAGCCGGGTCAGGGCACCGGTTCCACAAGCGGCATCGAGTATGGATTCGTGTGCCTTGATATCCATGCTATCTACAAGGCGTTTTCTCCAGACATGATCCAGACCCAA
NZ_AP035449.1_gap46	1618436	1621245	2809	GACCTGTCGGCGTCCTTCGATTTCAGCCAGAGTCATGTCTTTCGAACAGGTCCCGTCCAGCTCCAGAATATTAGACGTGTTAAAGGATGCTTCACCGCTTTCCGGAAGAGTTGTGTAAAAAATATATTTCACATGATCGGATAACCGGCCTTCCCGGTGAGCTTTTTTAACAAAACTGAAATATCCCCCTATACTGATAATTTTTTCCAGATTGAAATTGTAGTCCATCCACTCAAAAAAATCATCCTTGTGTGATTTGATATAATCCAGAGCACGGGGAATGTTGATATTACCCATTCTGAAAAAAAGAGTCATCGATTGCAGGCGGCCATTTTCACCTTTTTCATAAGGGAGTCCGGCCAGGTATACAAGCTGGGCATCACCCGTGGTATCAATAAAGATGCTTCCCCGGATTGTATACACGGTGCCTTCATACAAAACATCCACTGAGTGCAACATACGATCCATCAGTCTGGCGTTCATCAGCACGGCATTGGGAAGGATATCCACGCCGGCATCATTCAGGAGTTCAAAGGCTGCCAGTCGGAAGGCAATCCCTGAAAAACCATTGTCGATCATCCCGTTCCTGCGGATCATCCCATCTTCCAGTTCCTGAAAGATCCCTTTGGTCAGGGGGATACCATGGGCGGTATGTTTCATAAAGGGGGATACCATCCCGGCGGTGGCGGAGCCTCCGGTAAAACCATATTGCTCAATTAAAAGGGTTTTTGCGCCGGACCTTGCCGCTTTTACAGCCGCAGCGATTCCGGCGATGCCCCCACCGGCAACAATCACATCGTAGGAAAGCACTCTTTTCTTCATGGATTATTGGGCAGATTCTTTCAATTTTTCCACAAACCAGGAAGTAATATCAATCGGCCGGGTAATAGCCGTCCCTACAACCACAGCCCAGGCACCCAGTTTCAATGCCTTTGCTGCATCATCGGGAGTATAAATCCGTCCTTCGGCAATGACCGGGATGTCGGTCTGTTTGACCAACTCTTCCAGAAGTTTAAAATCGGGAGATTTCTGGCTTTTCCGTTTTGTTTCCGGAGTGTATCCGCTCAGGGTAGTTGCCAGACATGTGGCACCGGCTTCAACACAGGCCAGTCCCTCTTCGACTGTGGCAATATCAGCCATAACCGGACAGGTATAACGGTTCCGGACTTTCCGGATAAATTCAGGACCGGTAAACCCGTTGCACTCCCGGAAGGTTCCGTCAATGGCTATCATGTGAGTCCCGACAGAAAGCAGTTTTTCCACATCCGTATAGGTCCGGGTAATGCATACAGTCCCGTCGGGATAAGCAGTCTTAATAAGGCCAATGACCGGAACTTCCACCGAATGGACAATATACAGGGTGTTGTTTTTCCCTTCACTCCGGATGCCCACAGCACCTCCAAGTACAGCAGATTGGGCAAACAGGGACAAACGATCCGGTGCATCGAAGGGTTCCCCTTCTTTAGCCTGGCAGGAAACAATCAATCCGCCTTTCAGGTCATTCAGGATTTTTGGTATCATGCTCTTCTCCTTTTGACGTATTTAAAACAATTTTCTTTATATCTTCTGCATCATCAATAAATAAAGGTGAAATTTCCGGCTTTTCCCCGTCTTTAAAACGATATAGCGATTCAGTCTGCATGGGAACCAGCTGAATCACCCCGTTCTGACTAGTCATGGCATGATGAAGACGATCCAGGGACCGATGCATGGCCAGGGACGGATCTTCGGTACTTGCTTCAAAGGCAACCGAAATCCACCACCGGTCATCTTCCAGTTTGATACAATCCGTGATGTCTTCATACTCCGGTTTACGGGGACTCCGGACAAAACAGTGATAAAGATTGTGATCTAAGCGTTCCACAGGGTGGAAAAGCCGTTCAAGGGACACGTTTTCCGATGCATCCACAAGGGTTTGACAGGTATAATTTTTAAGTCCTTCCCGTTGGTAAAAAGTGATTTCCCAGGATGAATCCCTTTTTTTCACGGACGCAGGAACGGCGTAAAAAAGAAGATGTACTGGGGATTGGCTGAGATGATGGAGAAGTTTCATCTTGATAATTTCAGGATTCATAAGGACAAATGACATACCAAATTTTAGAATCCCCCCTTTTTCATGGAGGATATCCTGATAGAGTTCACCGGTGATGGTGTTGCTATCGGGAAGATTGTTATCCACATACTGGCAGATACTGAAGGCGGTACTGAGGAATCCTCCCGGAAATCCATACCGGTGAAACAGGGCGACTTTACGTCCTTCCCGTGCTTCTTTCAGGGACCGGACAACACCATACCAGGATGCACCATACAAGATTGTATCAAAACTTTCCATAAATCACGTTTTCCAAAACAGTTTTTTTCGCGTTAAGACGCTGACAAAGAGTGCCAGCAGTGTTGTTTCAATCACGCTCCAGATGAAAGCGGTCCAGGGCGTGGAAAAAATGCCTGCCGCAAGGTTTTTCATACCGGTCAAATGAAGCACCGGCCAGATAAAATTGGCCATCCCCACATAGGCAATCATGGGATTCCGGCCGTTCTGGATGAGCAGGTTCACCCATTTCTGCTTTTTAAAACCATCAATCAACACCGTAAAAAATGTTAAAAGGTAGAATGCAAGGCCGCTTGTTACAAAATAGTAGCTCAGGGTGGAATGATCCTTTTTGATTCCCCCTTCAAAGGGTTCAAACAATAGACCTAAAATCAGCCAATAGCTGCCCCAGAGGACGAACTGGCGGATCAGTATCTCCGTATCACTTCGAGGCTTACCTGTGAGAATAAGGGCTGTCAGGACAATGCCGGAACAGATTAA
NZ_AP035449.1_gap47	1624208	1627272	3064	TGTGGCCTGAGTAGTGGAATGGGCGATCAAAACTACTTCATCCGGGCCAATTCCCGCTTCCCGGATCAGGTTATTCATGGATTGGATCACACCCAGGGCAACTCCTTCGTCCGCTTTGTGGGTGGTCGGCACACAGGCTTTTCCCAACAGAGAATAATCAGCAATATTCACAGCCACGGCATGGGTGAAGGTTCCCCCCACATCAATTCCGATTTTAATTTTTCGTTTTGTCATAAATGATTTATCCGGATCAATAAAAGATTAACGAGGCGGCAATGAGTCCCACAACAGCCACAGACCATGTATAAGGCAGGGTATTCCAGAGGACTTTTTGCACATCCTGTTGCATTTCATTGGCAAGCCACACATTGTGCGTATTGGTGGGATCAGAAATACCCTGAACCTGTCCCACGGCCAAAAGCAGGCCCATCACGGCACCGGCCGGCATGCCACTGGCCAGAAAGACTGCGGCAATACCGTACCCCATCCCCCACACATTCAGGGGACCACGATACAGGGCCAGGGGAGCAGCCAAAGTAAAGATCACCACAAATCCCAGGGGCGTTTCAGGTGTAATGGCCATCATCAGAGGGCGAAGGACATTAAGAACCGGCCAGCCTTCAGGGTGCATGGCATTCCATTCCCCGCCCGGACCGATTATTGCATTCAGGAGCATCCCGATACCCAGCATCATTACCAGGGCCGGCATGACAACAGCTCCCCCTTCCAGAATTGATTTGATAAAAACGTTCAAACTCCCCTTTTTCCAGGTTGCCACCAGGGCGTATATCAATCCGCAAATAAAGGCGGCAATAAAATCCATACTGTAGAGCAAAATCAAAAAGAGGGGTAAAACCGGAGACAAAAAAGCGCTCCAGTGAACACCGGTATCCGGTGATTTTTTTTGAAACATCCGGATCACATTGTACAGGAATAATCCCCCCAAAAGGAGACCGATCCCGGATTTAAAACCGGTGTTTAGTATGGACAATATATTTTGAACCGCAGGTTTTTCCGCGAATCCCGAGCGGTTTAAAAGATAAAATAGCGCCAGGGCCAGTATGATAAAACCCAGGCTGTAAGAAATAATTTTTTTCAGATTCAGGTCATGGCCGTCTTTATACAGTTGGACGGTAATATAGACGAGGGCTGTCATAAATGCCAGGGCGAACATCAAAAGGGCAAACGAGCGAATTTCTTCCACGGGGAGTTTCATCACATCCACATACACCGCCCAGTTGCCGGCATTCAGGATTCCTCCGATACTCAGACCGAAAAGAAAAACGCCCACAACCGTCAGGGGGCCGATACCCACGGACGTCATAATGGGTAATACGATGGTTGCCACCATAATGATAGCACCCAGTCCACCCAGGGTTGTAAAAAGAAGTGAAATCAAAAAAAGCATGATCACGGCGATAATCCAGGGATTGTCCCCGGAAAGCTCGGCACCTTTTTTAATGAGATTTTCTGCGACTTTTGTCTTTTGCATCAACACGCTGAGCATACTTCCGAACAGCATAACCGTATAGGCACGATGGAGCCTTAACGCTCCCTGTCCAATGACCAGTTGCATCGTGTCATTCAAAGACACACCACCGATCAGGGGTATCAGAAAAGCCATCACGGGCAAAGCCAGGAGTGCTGGAATCTTTCTGAAAAACATGGACAGGGCCATGATCAGAAAAACCAGAATGAAAAGAATCGCCTGAAGTGTTTCCATGGAGGTTCCGGGTTTTTGTAGGAATTTAAAGAAACGGGCTGTCCGGAGACAGCCCGTTTTCTATAACTTGTTTATTTCAGGATTGTCATCTTTTTCACGGCTGTGAAATCGTTGACTTTTACACGATAGAAGTACACACCACTGGACAGGTTACTCATGTGGAAATTGAAGTGATGATAACCGGCTTCCATGTGTCCGCGATAGACATCGGCAACTTTCTGTCCCAGTACATTGTAAACCGTCAGGTTTACCATACCGGCTTCAGGCAGTGCCAGCTGTATCGTTGTTGCGGGGTTGAACGGGTTCGGATAGTTCTGACCCAGTTCATAGGTTTCCGGTAACATCTTGTCTGCAAGTCCCACATAGGACCCGTCTCCGTCTACTTTCACGTCATCCAGGAAAAGACCGCCTTCGATTGTGCCGTCAACGACAAAACCGATGTAGTAATTTCCTGTCTGAGGAATGGCAACGGAGGCATATTTCCAATCCAGGTTCCCGGGATTGGACAAAACAGCCAGGGTATCGCTCCAGGTGGAGCCGTCTTCACTCAGGCAGATCATGAGATCCCAGTCATCACTGGCCACGCTGTATTGGGCGTAGTAGAAGGAGACATAGGATGGATTTTCAACACCGGGCAGCCGTACAGAGTGGGCAGAACCCAGACTTGAGGCACCCAGGTATTTTGTGCCGGAGTGGCTGTAATTATCGTTATAGAGGTCCATATTGTTGACAATCCAGTTCCCCGGAATGGCAGACCAGGATTCGAAGTCCTCGTGGATTACGTTTCCTTCGATGGCAATACCGTCACCATCCACCTTCACGTCATCCAGGAATATACCGCCGGCGACTGTATCGGAAGATACAAAACCGATGTAGTATTCTCCGGTCACTTCGACAGGCAGAACGGCCAGTTGCCAGTCAAACACACCGGGAGCCGTATAGGTACCCAGCGTATCGGTCCAGGTTTCTCCATCCGGGCTCAACACCACATTCAGGGTCCAGTCGTCACTGCCACCGCTGTATTCCGCATAGTAGAACATGACCTTTTCAGGATTCATGACTTTGGGTGTCAGAATGGTGACGGGTCTGTCCAGACCGGTATCGGGGGAACCGATGTAGTTTGCGTCTCCGTTGCCATAGCCATCGGTACGCAGTCCTACATTTTCGCCACCCCAGCCGTGTCCGTAGGAGCTCCAGGAAGCAAAGTTTTCATCGATCACATTGCCTTCCACGGAGATCACCTGGCCTTTGGCCGTGACTTTATCCCAGCCATTGGCGGCATAGATGGTCAGAGAGGCTTCAAAATCGCCTTCCAACTCCGCAGCAGAGACGGTTAGGGAG
NZ_AP035449.1_gap48	1638836	1642133	3297	TGGCTTGTCCCCACATGGTCGTATTCACAATACTCTTTCATTTTGCCATCGATCTGAATCGCCAGCAACCCTGTATCCCGGGGTGTGCGCACTTTAAGAAAGCCATCCATATCCACAGCGGCCAGGCTGTTGTTTCCCATTACGGTGTACAGCCAGTGGCGGGTGGAATCGTAGACAATATCGGCGGAGCAATTCAGATTCATCACAGGGGATGTTCCCTGGTACACCAGCATCAGGGAATCGGAATCATCCCCGAAATAGGAGAAAGTGATGGTGCCCAGGTCATCCTCGAAATAGCGTGCGGAGCGGAGGGTATTATTCAGAAAACCATTGGCACAGGTAACAAATTGATAATCGCCCACGCCCCAGTGGAGGATTGTGGAGGTTCCGCCATGGGAAATAATGGAATCGGGGACTTCGGCAATGATATTTCCCTCGCCATCAATCAGTCTCGGAGCCGGATAGCTGTCCCCCGCCCCGTTAATCCAAAAAGGACCTTCCGGTGTAACGGCTGAAATGCCGTGACGGGCGCTGTTGATGGAGGGAAGTTCGATAAAACGGTCTATTACAAAATTGCCCCGGGCGTCCATTTTCAAAACCAGCATCTTGTTATTCTGATAGCCTGAGGTGTAGAGATATTTATCTGTCCCCGTTCCAATCACATCCAGGGACGCGCCGTACCAGTCATAATATCCGCCTGTAGGATCCTGACTATTCACTAACTGATCAAAAACGACTTTTGCCCGGCTATCCTCATTCTCAAATTCCCACACGGTAAAATTCCAGTCCGATTCTTTCCATCCCAGGTTACACAGATAGATTTTCCCGTCCGCCGTCACGTCGATGAGTTCAATGCCTTCTTCTGCTGTTCCCCGTTCTCCAAGTCCCGTGGAATCCATTTCACCGATGACAATTCCTGTTTCCGGATCCATTATCACAATCCGGGGATAGGCAAAGCGGGTGGGCACCAAAAGATGATCCGTCACGGGATTCCATGCCACACTGCGGGTCACATCATCCCCGTTGATGAAATCATAATCAGCCCAGACGAGCCTGTATTCCTGTCCGGAAACAGATGTAACCATGATCAGAAAAAGCAGAATCGTAACAATTTTTTTCATGGGATGCACTCCACAATGATACATTTAAAAATAGTAGCGAAGTTTCAGATTCACATGTGCCATCTGAAACCCGTTCACCTGTTCGATAAGAATATGTTCTTGCATGGTGGGCCACAGGGACCCGACCAACAGGCGATAGACGGAAGAAAGTTCCAAAGCGAGAGAAGGTGTCATAAAATATTCCACACCTGCCCCGGCCTGGAAGGCCATATTCCACTCTTCAAGAGTTCTTTGGGGGATGTAGGGAATGCCCAGGGAATCATTTTGGGCAATTTCACCCCGGATTCCCTTCCAGTAGAAAGGTCCCATGCCGGCAATAAACTGAATATTCCAGGAATTGGACCGGATCAGGGGTTTATGTCCGGTAAACATTATCCCCCCATATTCCAGGCTTACGGTCACGTGATCTTTGGCATAGCCCGTCAGGTTGGAACGGTCCAAACGGCACAGATCCACCTGCCCTTCCATGTACCAGCCGTTTTCCAGAAAAAATCCGGCGCCGATTTTCAGGGAAGGTGCCGGTTTGTACAGATCTGCAAGTCCACTAAGGGGCACCACCGCCGAAGCACCGGCAGAAACACCGTAATATCCCGGATCCCGGGCCAAAAGACCGGTGGTTCCCAGGCAAACAATAAGGAGTATCACGCACGTTTTTTTCATAGTCCTGATTTTCAATGCTAATAATTGAAGGTTAAACTCAGCACAAAGGTGCTTTTGGATTCATAGGGGAACCAGCGTTCACTTTGGGAGGCGAAGCGGAACAGATCCTCCAGTTTTTCCACATTTTTCAGATAGAAGATCCCGTAGTACCCCAGATCCAGATCCACGGTTTTGTTCAGTGTTACCCGGCATCCCAGAAAGGGAGAGGCAAAAAAACGGCTGCCTGTTTTCGCCGGTGAAAAATGGGTAATCTGAATGTCGTAGGCGTAACGGAAACGGTAGATCACATTGGAAGAATCACTGTTGTAATCATAGGTAAGGGGGTAGGTTTCCGGATTATCCTCATGGAGATCCATAAAAATGTCAAAACGTTCCTGAGCGTATTCATCCATCAAATCATTGGCCAGTTTGGTACTGTCGAAATTGAAGGTAAAATTCTTGGTCCAGTCCTCCACCATTTTGATCCGCCGTTTGTAGATATTGGCTCCCAGGTTCACCCCGCCATAGAGGGAGACTTTTTTCATCACCGGCAGATCAAATTCCAGTCCTGATGAAATCATCACTTCACCCAGGGTTTGTTGGGGATTAAAAACACCATGGTAAGATGAATCGGTCCGCCAGTACTCTTTATAAATACTCATAGAATCGATTTCCAGTTGAGTTGCGCCCATCAGCATCCAATCGATATACTGCTCCCAGTAATCCCACTCCCACTCCAGCAGCACCGTATCTTCGTCGAGAGTGCTGTAATCATAACCCAGCCTGACATTCCAGTCCAGACGGCTCACCAGGTCCCGGTTCACCTGCATTCCCACCAGGAAGCCCCGGGCATCCGAGGCCAGTTTCTCAGTATTTTGCTGTTGATAGCCGCCGAAGAGTTTCACGGTATAGGGAGATAAATCCTGGGCCAGGGTGCAGGATCCCAGAATCAGCATCCCAAGAATCAGGCGGCACGTGAAGGTCGAAGCTCTCATTTACAACTCCATTGAGAGAGTATATCTCATGGTTGATTGAAGGTATTCATGATTCATATAGGCCATATCCAGTTGAAACTGTTTTGCCTGGAACACAAAGCGGATACCCATACCCAAAGTCAGTTTTTCATAATCACTGCCCAGCTTGTACCCGCAGCGAAGGGTGAGCATATGATTCCAGCATCCTTCCAGTCCGGCATGGATTTTTTCCGATTCATCGTTGGGGTGTTTGGCTTCCAGAGTAAAAGAGAGGTAGCTGGGAGACTGGTAGGAGCCCAGGATATCGCCGGAAACACCCAGGGTCATGGTCTGGGGCATTTTAAAAGTTTCGCTCACGTACTCGGTTTCCAGTCCAAAATTCTGTAAAAAAGCGCCCACCCGGAGGGACTTGTATCCGGTAAAGAAGATAAAACCGATATCGGTGACAAGATTATCCGCCGAATAGACATCGATGGTTTCACGGACATATTTCAGATTGGTGCCGATAGAGAATTTATCTGTCAGTTGCCGGGCATAGGTCATGCCCACAGAATAGGCCCCGG
NZ_AP035449.1_gap49	1643878	1645055	1177	GTAAAATCACCGGCCCAGGCGGTTAAGAGTTTTTCATCTTTATCCCAACGGCTGTGGGTATTCCTGGCGCCGGCCCGGTAGGACGGATAGGTATAGGCCCATCCCCGCTGATTGGGGGACAAGGCATAGGTTAACAAAACATAGGCACTGTCGATGCCCACCCGGCGTTCACTTTCCAGACTCCGGATCACATAGCGGACAATCACATAATCCTGATCGATTTCGGAACCGGACCACTGGCGGACCACCCGCTTGATACTGATATTGAATTTCTTGTTATCGGTTTTGGAGTCATCATACTGGGGATCTTTTTCCAGATAGCTGTAAATCACTTCTTCCGCTTCATAGGGATCGGTCATGCCCCAGTAATTTTCACCCTTGGGCCATCTTTTCTGGTGGACTTTCGCCACAAAAGGCTGCTGTCCCTGAACCCAGCTTGTATTTCGGTCCCCGTTGAGGGCAAAATCCATCCAGCCCAGGACCGAATCGGGATCAAAATAGGTCATATTGCTGGCATCTTTCAGAGGTTTCAGGGCTGTCAGGTAAATTCCTCCGGCCACCATGTGAGTATAGGTACCTCCCAGGTTTTCATTCAGCTCCGTGGGTTCATAGCCCGGCCAATCCAGTCCTGCAGACATCCGCTGCCAGTCCGACAAGGGTGAACACTCCTGGGCATGATGAAAGGAGTGCCATAACCGGCCACGGGTCAGTTTGATAATTTGTCCCCGGGCCGTGGTGGCGCTTAAGACGCCGATCAGGAGAAGAATGATTGATTTTTTCCAGTGATTCATCATGTATTCCGTCATTTTCCGTTTAAAAATCAAAACCAAAGGTCAGATATATTTCCCGGGGGACGTTCCGGTAAGCCTGCCAGTAATTGAATATGTGATAATTCCGGGTTGGATCCGGTTCGCCATCCATGTATGTCACACCTTTGGTCACCCATTCAGAGAGTTCCAAGTAATTATCGATGGGTGTCAGCTGTTTGTTGTTGAAGAGATTCCGGATTTTGATGCTGACCATAAAATCGATACCACCCAAGGTAAGATTTTTTTCAATCTGCAGGTCGGTGACGGATTCCAGGGGATAGCGCCGGTTGTTCTGGACATTCCGTTCCGTCTGATAGGACGGGCTCCAGAAATAGGCGGCTCCACTGGACACCCGGTAGATGAGACCG
NZ_AP035449.1_gap50	1655766	1659633	3867	GTCAGTTTCGTGTTCATGGAACACACCTCCGGTTGATCATGTACCGATAGAAAGCTACAAAACATTCAAAGCACGTGCAATTATTATTTAATTCACACGTGTATTTTGAAGATTTATTTATGTATTCATTTTTACTGTATAAGACATCAGGAAATAGTCCGGGTTATTCATTCAAGATGATTTGATCATCCCCATGAGTTCATCCGGATCATATACATACACAGAAGCGTGCTTAAAATCTTTGACATTACGGGTGACAATTCCTTCCATATTGCTTAAACGGGCAGATTCATGGAGTACGGCATCTTCATAGTCGTTGATTTTGTGATTGCAGGCTGTTAAAAATATGGAACGATTTAAATCTGTTAATTTGAAAATATTCAGAAGATTCTTAATGAGTCTCTTTGCTTCCTTTGGCCCTTTTACTTTTGTGATTAAATATCCAAGGGTCGTGATCGTTGTGGGACAAAGCCAGCCTTCAATTTTGCCCTGTTCAACCTGAGACAATAGAAAAGTAGCAGACGTATAAAAAGGTTTCCGCAGAAGTAATACATCCAAAATGATATTTGTGTCAAACAAGATTTTCATAAGTATTTATTTTCGATGTATTTCCTGTAATCGGATTCATCCACATGTGAATCAGCCAGGGCCCCATACAAAGATTTTACATTGGGTGGTAATTCTGTCATGGTGTCAGTGTTTTCTTTCTTCGTCAGTATTCTGAAGTAATCGGCAACCATTTTTGAGAGAGACTTCCCTTTTTTTTGGGCGACAGATTTCGCCGCATGTATGAGTTCATCTTCCATTCTTAGTGTCAATTTTGTTTGCATCTCATCTCCCTATACGTATCTTTTTCATAAATTAATACGTCATATAAAAAGGTGCAAGGATTTTTATCTATTCTGATGATATTGTATGTTGGAGTGGGTGTCCGAAATGGACCGGAATCGTGTCCGGATTGAAACCGGAATGGGTGTCCGGAATGAAACCGGAATAACTGTCCGATTTGACCGGAACAATCAAATGAGGCAGATTTTCCTAAATCATGTGATTTATTCGTGAGGCAAAACGACAGGGAATTTTAATTGACGTTCACATCTTTTTACAATGTCGTTAAACAATGAGCGTATCAGGGAAAAATAGTTGACGTTGATCATCAAACTACCCCCCTCCTTCGGTGGGCACTTTAATGGTGCATTTTGAACACATCATGCCTCCCCGGGACTTGTACTCCCACATCCGTTATTCCGGGTCGCATTTACGCTTTCTGCTTCCGATTCCTTCTTAAACTTCTTCCGATATGACGACACCGTACGCCGGTTTAAACCTGTGCTGCCATGGATCTTACGGTCACTCCAGCCTGCTGCGATCAATTGCTTGATCAGCGCCTGCTTTTCCATCTTCAGCGTATTCCCCATGTTCAAATTCTCCTTTTGCGTAATCAGAATATGTAGGTATTTATTTCCCTTTTAGTGGTGCAGTTTGAAGGGTGCAGGGGTGGTGGAGTTTAACTGCGTCTATGACAAAATATCCCATTTGATTTCATTAAGTCTTGATGAAATTTTAGAAAGTGTGTTGATCAAGTCTTTTTCTGCCGGAAAATCCCCGAAAACCAAATCCTTAAAACGGGACTTGTATTCTGAACTAAGTTGTTTCCAGGTTTCTTGGGGTTTTTGGAATATGAGTGCTGTGGAAGGATGTTCAGTAATCCATGAATTGTTGTTCTTATAGCTTATCATATCGTCATTACCCACTTTAACAAGCATCTTTTCAAAATTTTCAGAGAGAAAAAATATTTGGATTTCACGATCATTTAACATTTTATAAATATCATATACATGACGAATCTTATTCTTTAAATCAGATATGGGATCCTTTGATCTGGAAAACCTGACTAAACTCATAATTTTCTCACAAAATGTTCGATATTTGCTTAGTACTTTAATGACAAAAGGCTCCATATTATATTTCGTGATTAAATCTGCGTGACCTTTTGATACTATCATGTCGTAAATAAATGATGAGACTTGCATTTCAGAATAGGGTTCAAAGTCACCTAACCATGACGCTTCAACAACAACATTTTTGCTGACAGGAATCAAATATTCATCATACAGCGAATTATATTGATGTACGGTTTTTCGAATATTACCTTTTTTATTCGTTAATCCTTCCACTTCAATTTCCGGGAGAATATTTGAGGCAACTTTGCTGATTGAACGTATCTTCTTCTTTAATTGGTTGTCATTTTCACCTGAATTTCGGATAACAACTAAATCAATATCCTCAGAAAACCTATCTATTAAATGATAGCATTTTGAAAGAGACGTACCTCCTTTAAAAACAGTCTGACTCGCCATATCTGATTGGAATATTGCTTTCAGGACAACTGTAATCCAATAATCTTTTTCAATAAAAACCTCTCTCATATTCATAATATCCGTGGTAGCCTGGACCGCATCACGAAAAAGTTCTTTATCAGTGTGCAGATTCATCATTTAATATTCCAACGGACTCTTTCAGGGAGAATATCCTCATTGATTCTAAGTTTATACGTTGACAGGGGATTGAGATTATCTTTTAATTTTACGGTATATTTTTTCATACCCATACTTTCAAGAACCGCTCCGAGTAAAGCTTGTGTACGGGGAGGATATTTCAACGCATATCGTATTAATGTTGACAAATCTGTATCGGATAATTGCTTGAGTTTATTCTTTAAAATGGCGAGTGATGAGGGCACATTCAGGTCTGGAATGTTTTTAAAATCTTTAAATGCATCCAGCAATTCCAACAGGACAACATTATCGTTGGTCACATTTACATAGCTTTTAACCGGTTTAATCTGAGTATTCCCGATTCTTGTGGATATGCGTTTCACACTGCTGGCACATCTGATGTTCTTGGGAAACTGTGTGGTTAATCCCATTCGGTTATACAAATAGGTACCTGTAATATAGCCAATGCGTTTACCCTTCCGGAAAAGATAAGATTTTATTAAATCTTCTTCACTGGGCCTCAGTTTCCCGAAAACGGATTCTTTAGGTTTATAAAACACACCTCTTGAAATTCTTTTAATAAACCCTTTATTTAAAAACCGTTCAATCGCTTTTGCGGCAGCACCGATTTCTTCCCTCTCAATACCTAATTGCTCATATTTAAAGGGTATACCGGGTTCTAACTGATTGATTCTGTTTTCTATTTTTTGGGTAATATTCATGTATACTCCATGCCTTATCCGACTATTAAAAATACAAAATTGTATGATGATGTCAAGTTTTTTGTTTGTTTTACTTGACTTTATGTATGTTATAATTAAAAAATACTGATTTCTCTATTAAGCCTGTAAGCGTGCAGCTTCGGTTGTTAAAGAGGGAATTTTAATTGACGTTCACATCTTTTTACAATGTCGTTAAACATCGGGCACTTCAAACTACCCCCCTCCTTCGGTGGGCACTTTTCCGGTGCATTTTGAACACATCATGCCTCCCCGGGACTTGTACTCCCACATCCGTTATTCCGGGTGGCATTTACGCGTTCTGCTTCCGATTCCTTCTTAAACTTTTTCCGATATGACGACACCGTACGCCGGTTTAAACCCGTTCTGTTGTGGATCTTACGGTCACTCCAGCCTGCTGCGATCAATTGCTTGATCAGCATCTGCTTTTCCATCTTTAGAGTATTCCCCATGTTCAAATTCTCCTTTTGCGTAATCAGAATATGTAGGTATTTATTTCCCTTTTAGTGGTGCAGTTTGAAGGGTGCAGGGGTGGTGGAGTTTAACTGCCCCCTGACAATAATGTGATTTTCTCGTGAGGCAATACGCCTGGGAATAATAGTTGACGCTTATCACGGGAGATTCTTCCT
NZ_AP035449.1_gap51	1665511	1668418	2907	AATGTTGTCCTTACGGAGCAGGTAGATGTTCTTATCGGTACCGTCATCGCGTTTGAGGATCTTGATGTAGTCTTCCTGAATGGTTTCGGTCTTTTCGGCGATACTTTGGTTGGGGTTGGCGATTTCACCGGTATAGAAGCGATTCCATTCGTTGTCGGAAAAATGGTAATTATTGAGTTTTTCAAGCTGCACGCGCAGGTTTTGAACAAGGTCTTCTTCGCTGTGTATGGCAAGATAATCGTAAGCCTGCTCCTGAAGTTGTTGGATAAAGGCACGCTCCAGCTCCGCTTCGCTTTGGTAGGATGTGGCGCTGCGGTATACGGGGGTGTATTCGGACACCACCGTGCTTTGCGGGTTTTCCGCCACCATGTTGTAGCGCAGGTTATCCGGCATTGTTCTCTTCCAGGGGTTTGAAGGTGAGCAGCTTGTTGCGGTAGTATTCGTATTGCTTGCGTCGGGCATTGAGTTCTGCAGGTAAACCAACAGATATATCGTTTACTAAGGCATCGAATTTGTCCAGGATGGTGACAATGCGTTCTTGTTCGGAGAGGCGTGGGATTGGGACGGAAAGATTTTTAAGTTTGGTCGCAGTTATAAGCGGTTGACCACCACCACTAGCGTACTGGTTTAGATTTATATTTTTCAACAAATGGTAAAAATACCCAAAACTTACTTTCGGATTTAACTTGATCATTAGTGTGTTGTCTGAAACATCAAATTTTCCGCCCACTTTGTTAACTAGGCCAGCGTATGCCCCAACTCTTGCCACAAGCAGAAAGGTGCCGTCGTATGCAAACGAATCTGAATATCCAATAGCTCCTGTAGACCCATATACTGGATACACTCCATCGCTAGCCCTACTTTTGTTTTTACCAGACTTAATTGTTCCTAATTCCCCCAGCGTCTTCCACTCCACCTTATCGCCGAAGGTCAGCAGTTCATCGCGGTAATATGCATATTGCTTCTTGCGCGCCTCCAGTTCCGCCTCCAGTTCCGCCTCCAGTTCCGTGAATGTGTCCAGAATGTTTACGATCTCTTCCTGGATGGGAAGTGGGGGGAGGGGGATGGGTATTTTGTTTAGAACTGTCTGTGTGAGACTTGGTACCCCCCCTGCTTGGTTCAAATCTTCAAGCCTTTGAGTTACCAGGAAATAGTAAAAGAACTTCGGGACAATAAAGTCTTCGTTAATCACTGTATAGAAAATTGTATCTACGGTCCAGAACGGTTCTTCAACAAAGTATAGTTTGTTCAATGAACCTTTACGAGGGATCAAGACAGAAGCTTTTTCATAAACGGACGTATTAATTCGGGTCATTATTCCGCCTGTCCCATAGACTGGAATTGAGCCTTCGCCAAAGTTTTTATAATCTCTTCCGTTGCGAATACGGACAACATTTTTGAGAGGTCGAAATACCACCCCATTGGGACAAAGCTCGGCGATCAGCTGTTCGACCTTATTCATGATGATTTCCCTGATTCAGAACCCGGCTTTTTGATTTTTCTGCTCTTTTTCACTTTTTTCTCCGCCTTTTCCAGGGTTTCCAGATAGGCCTGTTCCACCGCGCTGATGGTTGCGGACTGGTATTTTCTGTATTCAGTCTCGACTCTTTTCATCGCCTGCTCGTGACTTACGGAGCCGGCATCATTCAGCAGTTTTCCGTCAAAAGTCTGTATCAGCCGGTCCAGTTGCGCGATCCAGTTTTTCATATACATCGGCTCTTGATTCAGGGCTTTGACTTCTGCAAGGTCAAAATAAGCAGAAACGATGTTATTGAGTTTTTTCAGCTCATTTCCGGAGAGATAATTTTTGGCGATACCGATATCTTTGCGGGTGACCTCTCCGCCGGAAAAGGTAAGGAGTCCCATGAACGGTTTTCCGGCGTCGGCGCGTTTGGCGATGATTTCTGCGGCGGTATGACCGTGGGCAGCGTAATGCAATTTGTTCTGCACAATCTTGAAAAACCGAATAGATTCTTCTGAATTCGGATCATAGTCCGCACTGGTGGCGTAGAGGTCCAGCACCTGGCGGTAGAGTACTTTTTCGCTGCTCCGGATATCGCGGATGCGGTCGAGCAGTTCCTTCCAGTAAATCCCGCCGCCAAGATTTTTGAGCCGCTCGTCATCCATGGTGAAACCTTTGATCAGGTATTCTTTCAGTCGTGCAGTAGCCCAGATACGAAATTTTGTGGCAATATGCGATTTTATACGGTAACCGACAGAAATAATGGCATCGAGGTTGTAAAACTTTTGCCTTCGCTCAACCTTTCGGGAACCCTCGTTTTGAACTTGTAAGAAATCCTTACACGTTGCATCCTCCTGTAGCTCACCTTCATCAAAAATATTTTTCAGGTGAATGGTTATGTTCTGAGGCGTTGTCTGAAACAATTCGGCCATCATCTTTTGAGTAAGCCAAACATTTTCATTTTCGAGGCGGACTTCTATTTTGGTTGTTTCGTCTTCAGCCTGATAAAGGATCAGTTCTCCTTTTTGCTCTTCTTTCATTACCGGCTGCCCTCCAAATCCGCCACGATTTCATCAATCGCCGTGCGCAGTTCGTTTTGCCGGGCAACAATATCTGCAATCTCGGCGTTGAGCTTTTTAATATCAATCACCTCACGAGTGTCTTCTTGTGTTACATAGGATGAAACAGCGATATTGTAGTCGTTTTCCTCAATTTCACTGTTATCTACCAGCCGGCAGAAATACTCAACATCTTCCCGACCTTTAAAGGCATCCAGGATTCTGGCCTGGTTTTCCTCCGTCAGCTTATTTTTATTGCCTCCCCGGACAAACTCTGCCGATGCGTCAATAAACAGGGTTTTGTTATCCTTCTTGCTTTTTTTCAGCACAATAATGCAGGTAGCGATGGTCGTGCCGAAGAAAAGATCCGGCGGAAGCTGTATTACG
NZ_AP035449.1_gap52	1854782	1856753	1971	CATCAATCATGAGGGCATGATCTGACAGTTTTTGGGCATCTGCTTTAAGCTCATCACCCACCAGTTCCGGATATTCATCCCTGAATGCCAGAATCGCCGACGGTTCGAGTCCAATCAGGGGGGATTCTTCCGAAATCAGGTTTTTCAACAGAGTAACATTTTTTTCAGCCAGGACTTTCGCTTTCCTTAAAAATCCTTTGGAGAGACTTGCCCGGGCACTTTCTTTATGCTTGGGAATTTTTACGTCATATCCCAGGCGGGTCAGAAGGCGGATTGCGTCAATGCCCACAGGAGTATCCTGAAAATTAGTAAATTCATCATTATACAGGTAAACCCGCCTTTTCTCCTTCTCATTTTGAAGTGTCCGGACATAATGGCGCATCCATTTTGTCAGGGTTACGGTATGGAGCAAGGGAAGAGTCCGTTTGGTCGAAAATCCAATCATAGACATGAAAGGTTTCCGGAAAACACCCGTTTTAAAAAAGAAATTTGTCAATCCGGGAAAGAGAGATCCCAACCGGTGGAATTTTGTAATATTGGCTATTAATCTGGACCGAAAGGGTGCTCCATGGAGGTCATAATAATGCTGGAGAAACTCGGCTTTCAGTTTAGCCACATCTACACCGGATGGGCACTCGGATTTACACGCCTTACAACTCAGGCAGAGATCCATGATTTCGTAAATTTCTTCATGGTCCAGAGGATCATCCTTAGGTGAATAGGTTAAAAATTCACGGAGGATATTGGCCCGTGCCCGGGTTACGTGATGTTCATCCCGGGTTGCCATGTAGCTGGGACACATGGTTCCGCCCGACAGTTCTGTTTTTCGGCAATCGCCGGAACCGTTGCATTTTTCCGCAGCCCGGACAAATCCCTGGACCTGTGAAAAATCAAAGACAGTTTCAACTTCCCGGAGGGGTAATCCCGGTTCATATCGCAGGTGGGTATTCATCAGGGGAGTGTCTACAATTTTCCCGGGATTGAATATATTGTTGGGATCCCAGGTATATTTCAACTGACGAAGGAGCCGGTAGTTGTAATCACCAATCATAAATGGAATCATTTCGCCTCTCAGACGGCCGTCTCCATGTTCCCCACTCAGGGACCCCCGGTACTTTTTTACCAGTTGTGCCACATCCATGAGAATGGAACGGAAAATTTCCACTTCATTCCGGTCCTTTAAATTAAGGATGGGACGCAGATGAAGTTCTCCGGAGCCGATGTGGGCATAATATACACTTTCCTTGCCATATTTTTTCAGGATCTGATCAAAAGCTTTCATGTAGGCGGGCAGGTCTTCCACATCCACAGCCGTATCTTCAATCACAGTCACACTTCGGGTATCTCCAGGGATATTGGAGAGGAGTCCGAGTCCGGCTTTCCTGAGTTCCCATACCCTGTCTGTCATCTCATTGTACAAAACCGGAAAGGCATATCCATACCCTGCGGAGCGCATCTCTTGTTCCATGGCATGTGTCAATGTGTCAAGCTCATCCCGGGAATCCCGGCGGAATTCCACCATCATCAGGGCGGCGGGATCTCCCTGGAGGAAAAAACGATTTTTTCGCTGACTGATGTTGTCTTTTGTACAATTCATGATGTATCGGTCCATGAGTTCCACGGCACCGGGTTTGTATTTCAGGGCAATTAAATTGGCATCAAAGGCTTCTTCGAGTTTTTCAAAATGGCAGCAGACAACGGCTGTTTCTTTTGGAGGCAGGGGCACTAAATCCAGGGTGATTTCAGTAAAAAAGGCCAGGGTTCCTTCCGATCCTGCCAGAAGGGATGAAAAATTAAAGGGTTTTCCCTGGGCGTTAAAGGGTTGCATCTCCATGAGAATATCCAGGGCATAGCCCATGTTCCGCCGGGGAATGGAAGGTTTGGGGTAATTATCCCGGATATGAGACCGGTTATCAGGATTTTCAAGCATATCCCGGATATACCGGTAAAGCCTTCCTTCCAGGGAATCCA
NZ_AP035449.1_gap53	1927028	1930050	3022	ACAAGCACGACCCGGTATCAATTGAATATCCGTGATATAGATAAAAACACACTCGAGTATATTCTGACAAAACCGGGAGAAACACACTTAGTTCCCGACTATCCATTCCGTGAAAACGGGCAATATGAATTGAAAATTCGGAGTTTTGATGCGAAATCCGCTTTTAGTGAATGGAGTGATCCTGTGTCTTTCTGGATCAATGAAAAAAAAGAATTGCCGGTACTGAACCCTGATGACTTTTCAATTCATGCAGACAGTATCATCACACAAGCAAAACCGGTCTTTCATTTTGGGTCTGTTCGCTCGCCCGATCCTCCGGAAGAGCGGTCAGAGCTCTTCATGGATATCCGATTTGTTTTCCCGGAGGCTGAAGACACTCTTTTATTCACTTCACTTCCCTTTCAATCACAATTCAGCGATTCCGGACTATCTTTTCCGGAGAATACATGGGGTAAGTATCAGATTAGATTGCGAAGTGAGGATGGTTTGACAGGTCGTTGGACAGAAGAAATTCCATTTGGTGTGGATATGTACGCAGATATACCTCTCCCCTTTTATCTGCTCCGACCCAAAGCCGGCCAGGATACGGTGAAAGTCAATCCAAAATTCAAATGGACAGCCTGTCTGGATCCTGACCTGAATGACGCAATTACCTATACACTATATGTCTCGCCTGATAGTACTTTTTACGAAGGTACATATATCATCAGGGATATCAGAGATACAGAATATAAGTTTGATGATTATGATTTGGAAGATAATACAAAATATTTTTGGAAAGTTTCGGCAGAAGATAAAGACGGACACATTGTATGGGGAAGTAACTCAAATTTCGAAAGCCGGTATTTTATTGTGGGACTTTTAGAGGCGGCGGATCAGGAAGGCAGAGACGGGCACGGGCATGAATTTCATCCGGTTCAACCGAATCCGTTCAAGGATATTGTCCATTTGAAATTCACCCTGGGACAGTCAGAAGAAGTCACCATCAGCATCTATAATATTATTGGTCAGAGGATAGAAATTATACATCACGGTGTATTTGCTGCCGGGACGCACAGTATTAAGTGGGATATCACACAGGCCGGTATTCCTTTACCGGCCGGTGTGTATATTTTTACTTTAAGAATAGGCAACAGGGTGTTGCAGCAAAAAGGGTTATATATCAAATAGCTGTTTCGGCAGCAGCGGGGGCTGTGATCTTAAGAGCTTTTTGTCTTTTAAGAATCCAGTACCAGATACTTCCAAACCCCACAAAAACCCAGATCACGAAAAAGAGGAAGGTCAGCAGAGGTATTTTAATGAGCAGATGAAGCACCAAAAGTCCGGTAGCAGCCGGAAGCATCCCTTTTTGAAAACCCGGGATATTTTTCGTAATTAAATCTCCCAACCACACAGCCAACGGGAATTGCCCCAGGAAAACAGTCACGCCAAAAAAGAGAAGGAACAATATAGAGAAGGGAATTGAAACGATAAAAATCATGGAAAATATTCCCAGTAACGGAATCAGAATCAGGCATAAGAGTCCCCACAGCCCCATTTTCACCGGTTCATGTTTAATAAGTGCCCCGCTTCCTTTAAAGGATGCAGGGAACAGATAATACCAGAGAGCTGCACAAATCAGGCTGAAGAGAAAAAAATTAAAGCCGGCAAAGAAGGGATGAATCCGGATTCGGGGTACATGAATATCACACGGCCCCCAGGGTTTCCAGTGATATCGCTTTTCCCGGGGTTCCTGGTGGCTGATAACTCCCGTTACCAAAGCCATTTCAGACACCTGATACTCTTCCACATACGTCTCCAGGTTGCCATCCACATTTCCGTTTAGGTAAAGCTTATTCCCATGTATTTCCACGTCTCCCTGAATGTGTCCTGAAAGGGTGATATCATCGCCAGCAATGGCCACATCGCCACGTATATAAGATGCAGAATCGAGCACAATTTCACCACCTGCCAGATTTACATCATTGTAATAACGTCCAGTCAAACGGATATTTCCGCCGGCAATATACACATTATCCTCAACGGTACCATTCACAACAACATCACCGCCGGCAATATAGAGATCATTATCAGTACTCCCGTTAAAGTAAACATTTCCTCCCAGGAGATATAGATTTCCGTCAATATCGCTGTTTACTTCCACATCCCCGGCAAAAATGGCATAATCGCCATCTACATCATAGGTATGAATGATTTTCGATCCGGTACGTATTTCCAGGGCATATAAGGAAGTTACACCCAGGGAAACACTGACAAGCATCAACCATTTCATAAGTTTTTTCATCATATCACCTCATTATTCTGGGTATCAGATGTAATGAGTTTAAGAAATGTTGTCTTTAAAAGCATCAGTGTACCTTTATTAGGCAAAAAAAAACCCCGGAGAACCGGGGTTTTTTTATAATCAGGATCGTTTACCTTATTTCATGTAAACCATCTTTTTCGTTGCAGTATGTTCGCCGGCTCTGACAGTGTAGAAATATACACCGGTAGAAACGGTCATGCCGAAGTCATTGGTACCATCCCATACAATGCGATATGTACCGACATTCTGTGTACCTGCATTGAAAGTACGTACAGCCTGTCCAAGCACGTTGTAGATGGTCATGGTGACATCGGAACGTTCTGGAATACTGAACTCGATGGTTGTTGACGGGTTGAAGGGGTTCGGATAGTTCTGGCGAAGTTCAAATACTTCGGGAACACCGGCCACATTCTCGTCAACTTTTGTCCACCAGTCGCAGTCATAGGTATCAAGGGAGTCGACTCCCTGACCCCATGGCAGACGCGGATCAGCATTCTGCATACCGAAACAATCCATTTCCAGTGCAAAGGTGGCATTGGCATCATCCACTACAGCGCTGTGGTTTTGATCAAACCCGGCTTCATTATCGAAACCATTGGCACCGTATTTATAGATGAAATTCTTGGCACTGTAGGCGGGGTACACAACGGAACCACTGAAGATATCATCACCGGCTGTTGCATCTTCGCCCTGACCATCATCGAACAGTTTGTTTTC
NZ_AP035449.1_gap54	1937830	1941514	3684	AATTTCCCTGAGACAGGTTGGATGCAAAACGGGCATAACTGATAAAGACATCCTGCAGGTTCGGTGGCTGGATGAATTTACCATATTGAGCATGGAAGACCGTTCTGTCCGTCACCGGGAAGGCAAAACCCAGGCGTGGACTGAAGTAATTCATGCCATCGGGTTCCTTCAACTGAGGAAGTCCGATAGGATCATATTCAGTCGGGATTGAGGATTTGTAGACCTTATTCCCGTCGTCATCCAGGGACGCGTAGACCCGTTCAGCAATATCACCGCTTTGGTCAATGACAATATTTTCCGGATCATAAAAGGTTTTATGACCGGAGTAGTAGTAATCATAGCGGACACCTGCATTCAGGATCATATCACTTAACTCGATTTTATCCTGCAGATAAGCAGAGGCAATCACCGGTTCACGGGCCCCGTCACGATGATCGTCCGGCAGGTCATTGAAACCGGAGACATCCCAGCCCATATTATCGGCATAGGCTGCCCTGTAATCTGCATCTGTCAGCTGATCCCAACTGTAATTATAGTATCCGTCCTCTCCAAGCTGAGGATCATATTTCATAAGAGAAGATGCCAGACGGGACGGAGCAATAATCGTAAAGCGGCGGATATTATTCATCCTGTACTCAAAACCGGTTTTCAATTCGTGGTTTCCGGTCTGGTGCAGAATGCTTCCAGTCAGCATGTAATAATAGGAATAGGTCCGCAGATAGGCATCATACCAGTGACCTTCAGGGAAGAAAGCCATCAGATTATAATCCGCCGGAGGATTGGTTCCGTTGGATGTCATCTTTTCCGCAGCGGGATGGACCCATGACGTATCAGTCCAAATGATGGTATCATGGTAGATAGTGTTGATAATTTCTGTACTGTCTTCATTATAGACATACAGTGTATCCAAAATCAGCCGTTCACCATCTTTGGGCATATATCGCAGGCCATAATAGCGGTAATCCTCACCGAGAACCGGGTCATACCGTACTACCTTGTCATTAAAATAGCTCAACTGAAAGTTCAGAACCGTTTTCGGTCCCAAAGTTCCGGATAGCCGGGCATGTCCTGTGATGGTTTCCTGCTCTTCCTGAGGCTGATGACTGCTGTTTACAAGAGAATACTGGTGGGCATAAAGCCGGTAAGCAGATTTATAGTAGGAACCACCGACCCTGACCCTGAAGGGTTTGAAGTCAAAAAGAAGATTTCCTACAGCGCTGTACCTGTTTTCTTCGTTATCTTCAATGGGGCCGCGTACCATTTTGATATCCACAATTTTGCCTTCTTCGTCATAAACCGCCTGTCCGTGTTTACCGGCAGCGGCACGGGCAGCACCGACATCCATTTTTTCCGCGTTGAGAAAAAGACGGATCCGGTTTGTCAGGGGACCTCCCATTGAAGCATTCATCTGATTGTACCCATAGGAGTAGGTATTCAGTACGCCGTCACCCTGGTCAAAAATATCACCCCATCCATTGAGAAAACCATCGGTGACATATTCAGCCTGAAAATTCCACTTTTCACCACCGGTCTTTGTGGTTGTATTCACAATACCCGATGATGCAGTACCGAATTCGGCATTAAATCCTCCGGCCTGATATGATACTTCTTCGTAAGCGGTGGCAGACAGGTCACCACCCCGGCTCATATCGTAGGGGTTGTTGACATATACACCATCCACGTAGAAGCCTACCTCTCCGGCACGACCACCACGGACGTGAATATCTTCTCCGACACTCACGACACCGGTCTGATTGGATACAATGCCGGTAAAGGTCCGGACGGGAAGATTCAGAATATCTTCAGACCGCACAACCCGGACTTCGTTGGTTGCAGATTTCTCAATGATCGGACGTTCGGCTACCACCGTCACGGTTTCACCACGAATTGCTTCTTTCTTCATCTGGAAATTTGCTTCCGTGGTTAAACCCGATGTCACCCGAACATTCGTCATGGTCACCTGGGCATATCCAATATAGGATGCCTGCAGTGAATAGATTCCAGGGGGAACATCCAAAATTACATAGGATCCGTCTTCACCGGTTGCTGCACCCAGCGTCGTTCCTTCCACGACGATGTTGACACCGGCTAAAGGCGCCCCTGTTTCAGCGTCTTTGACTGTCCCCGAAATTTTACCCATGGCAGCATAAATCATGCCAGGAATAAGTAAAATAACGGTCAGCCATAGCCATCGTTTTACCATACATAACCTCCCGAGTTATCATATCTTATGTATATCAATTTTCTCTGCTGAATCTCCTGAAAAGTTGACTTTTTACACAATTGACCTTTTATCACATGAATCACAAAGTATGATCTTATCCATCCATACCCATTTCTAGTCTTTTTCCCGTGAGATAGGCAGGGACATACTTTCCAGATCGGTTTTCAATACTATGGTGGTTTCCGTGACACTGACATTTTTGATCTGATTGATCTGATCCAGACGACGCTCCAGATCCAGGGTTCCGGCTGTCCGGATCTTGGCCAGTATAGAGCCCTTGCCCGCAATGTAATGGACTTCCTGAACACCGGGAATTTCAGCGATTTGCTTCCCCGTCGTGTGCATTTTGCTGATTTCATTCAAAGATATCAGCACAAAGGCCAATAGGGGCAGACCGATTCTATCCGGACACAAGCGGACTTCATACCCTTTAATGATTCCCTGTTTTTCAAGTTTTTTTATCCGTTCGAATATAGCCGAGGCTGTCATACCGATGTGCCGGGCTATTTCTGCATTGGGAGTTCGGGCATTTTCCTGCAGAATCGTAAGTATTTGTTCGTCTATTGCATCAATCATGTGTGTTTTCCAAAAGGTATTTCGACGATACATAAAATTCTTAATACAGTCAAGGAATAAATCATGCCCAAATCACCTTTTTTCCCACTTTTTTGTATGTCACGATGTCTCTAAATCTTTGAAATGCAGGTTTATAGAAGAAATTGTATAATTATGCAGTATTTGAATATCATTATGAATATGAGCTCTTTCCAATGATTCAAAAATGCATATTTATGTTTTAATCAGAAGATGTATCAGATTTTCCGCCAAATATATATCGGCAATGCTGAATTATGAGGCTTTTTTGGATTTCCGTACAGTTTTATAGGATTCTTTTTTCAATACCACATCCCGGTCCACCACGACGGTTCCGATTTTTTCTTCACCGGGGATCTCATACATCAAATCCAGCATAATATCTTCCATGATCGAGCGCAGAGCCCGGGCACCGGTTTTCCGCTTAAGTGCTAATTCCACGATTTCGTCGAGGGCATCTTCCCGGAACTCAAGACGAATGCCTTCCAGATCTAAAAGTTTTTCATACTGCCTGACCAGGGCATTCCGGGGTTCGGTTAAAATTCTCCGAAGCGTTTCTTTTGTCAGCTCCTGCAGGGTGGCATGGACCGGCAGGCGGCCGATAAGTTCCGGGATAAAACCAAAGCTGTTCAGATCATGTGGCTCCAGTTTTTCCAGGATCTCATCCCGGGTCATCCGTTTTCCTGTCCGGGCTTTATCTCCAAATCCAATCTCTTTTTTCCCGATTCGCCGGGCAATAATGTCATCGAGCCCTTCAAAGGCGCCACCACAGATAAATAAGATAGAACGGGTGTCAATATGAACCATCTGGGCTTCAGGATGCTTACGTCCACCCTTCGGAGGAACAGCCGATACGGTCCCTTCCA
NZ_AP035449.1_gap55	1956855	1957587	732	CTCACCACTTCGCCAATCACCGGTTCTTCGGCAGGAACGGCAATTCCATTCTGAAAGGTCAATACGGAGAAAATGATGACGGCCAGGAAAAGATTCATGATTACACCGGCCGAAGAAACCAGGACTTTCACCCAGCCCGGTTTAGCTCTGTATTCCCAGGGTTGAGGCTCCGTCTCGGTCCAGCTTTCATCCAGGCTTTCATCAATCATTCCCGACAGTTTGACATATCCCCCCAGGGGTATCCAGGAAAGGCAATATTCCGTTTCCCCCCATTTTTTACAGACAATTTTAGGGGGAAATCCCAGGGAAAAGGTTTCCACGCGGATACCTGTGGCTTTTGCCGCCAAAAAATGGCCGAATTCATGGACAAAGACGAGAATGCCTAAAACAATGATCGTGGCGATGATATATATCATTGGGGGAGAACTCCTTTTTTCAATGAGAGGGATTTTACAAATTCAGTTACATCTTTTTCAAGGGATATAAGCTTTTCAAGGGTTTCATCCGTTTCCGCCGGGAAATGCTCCAGCGCTTTTTCAATCAGGGGGATGATGCCTGTAAAAGGGATTTCTTCATTCAAGAAGCGGTACACCGCCTGTTCATTGGCCACATTGAGGATAGCCGGAGCCGTACCACCGGTTCTGAGGGCGTCCAATGCAAGGGAAATAGCCGGAAAACGGGTATCATCCGGCTTTTCAAAGGTCAGGGTTCCGATTTCTGCAAGATCCAGGG
NZ_AP035449.1_gap56	1981752	1985375	3623	CTGACTCAGGAACAGCTGGCCAGAACCCGTTTCCCTTTGGGGGATTTGACCAAGGACCGGATAAAAATTATTGCGACTGAGCAGGGACTCGAAAGTGCCAATTCCGGTGAGAGTCAGGATATCTGTTTCATCCCGGGGGATGATTACCGGGAATTTCTCCGGGAGTATGTTCCGGATCAGTATCAGTCAGTCGGTACAGGATATTTTCTCACACAGGATGGAGACATTGTGGGTGAGCATCCGGGATATTTTCATTTTACCATCGGTCAGCGCCGGGGACTCCGTCTGGCGTTGGGATATCCGGTGTATGTCCTTGAAATCCGTCCTGAGAGCAATGAAGTGGTAGTCGGTCCCAAAGAAGCCCTGATCCGTTCTGAAACCCTTGTGAGCCGTGTAAACTGGGTTTCGATTGCTCCGCCGGAAAAACCTGTTGAGGCACTGGTAAAAATCCGGTATCGCCACAAGGGATTAAAGGCCCTTCTAAATCCATTGAGCCATGATAAAATATTTATTAAATTTATAGATATATCGGAAGCCGTTACACCGGGACAATCCGCCGTTTTTTATGATGGTGAGCGGGTGTTGGGTGGCGGCATTATTGAGGGAGCCTGATCTATCATGGAATACGGAACCGATGAGCGAAAGGGAAAAGTCAGTGTCAGGACTCTTCTGAAGATGAAGAGGAAGGGCGAGAAAATTTCCGCCCTGACGGCATACGATGCCCTGTTTGCCTCTTTTTTAGATGAATTGATGGACATTATCCTGGTAGGAGACAGTCTGGGTATGGTGATGGCCGGCTATGAAACCACCATACCGGTCACCATGGATCAGATGATTTTACACACCCAATATGTCCGGCGGGAAGTTCATCATGCCATGCTGGTTGCGGATATGCCATTTATGAGTTATCAGATATCACCGGAAGAAGCGCTGAGAAATGCAGGACGGCTGCTCCAGGAAGGCGGCGCCGAAGCCGTTAAGCTCGAAGGAGGCAGGTCCGTTGCAGAAGCAGTCCGCCGATGTGTAGAAACCGGTATACCGGTCATGGGACATTTGGGACTCACACCTCAGTCTATCCATGCCTTCGGCGGCTGGCAGACCCGGGCTAAAAGCCGGGATGAAGCGCAACGCCTGAAAGAAGATGCCCTGACCCTCCAGGATGCGGGAATTTTTTCACTGGTACTTGAAAAGGTCCCGGCTGCACTGGCAGAAGAGGTGACCCAAAGTCTGGATATTCCAACCATCGGGATAGGAGCCGGTCCTAAAACGGACGGACAAATCCTGGTAACACAGGATCTTCTGGGGATGTACGAAAAGATGAAACCGAGATTTGTCCGGAAATATACCGAATTGGCAGGCATCATCCGGGAAGCACTGAAACAGTATCACCAGGATGTAAAATCCGGGGCTTTCCCTTCGGAAGAGGAAAGTTTCTGAATGGAAATCATCCGTGAGACAGATATGCTTCGAACCCGTGTGGAAACCCTTCGGAAAGAAGGCAGGCGAATCGGATTTGTGCCTACCATGGGCTATTTTCATGAGGGGCACCTGAATCTGATGCGGATGTCCGTATCCGATTGCGATGTAACCATTGTTTCAAATTATATCAACCCAACCCAGTTTGACCGGCAGGATGACCTGGAAGCCTACCCGGTGGATGTTGAACGTGACCGGGCCATGGCTGAAGCATTGGATGTGGATATCATGTTTTATCCTGAAAATCTGTATGAGACGGATCATAAAACATGGGTTCGTACAGAAAAACTCACAGACGTTTTATGTGGCCGAAGCCGGCCGGGACATTTCCGAGGAGTAGCAACCATTGTTTGCAAGCTTTTCAATATCGTCAATCCCCATGTTACCTATTTCGGACAAAAAGATGCCCAGCAGGCAGCTGTGATCGGACAAATGATCAGGGACCTGAATTATGATATCCGGCTGGTCCTCTCTCCCATAATCCGGGAACCGGATGGATTGGCCCTGAGTTCAAGAAACGTCCGTTTAACGCCTGAACACCGAAAAAAGGCACCGGTCCTCTATGAAAAGCTTCAGATCATTGACAAAAAGATTTTGCCGGATCTATCCAATAAAGACGAACTGATTCAGGAGGCAAAAAAAACCATTGAAGCCATCCCCGGCGTCAGGGTAGATTACATAGATATCCGGTCATGGCCGGATTTGGAAAAACCCGATCACACATCACACCGCCTGCTGATTGCAGGGGCAATGTTTATGGGTAAGGTAAGACTGATAGATAACATAATAAAAGAGCTATGAAAAGAACATTTCTGAAATCAAAAATTCATCGGGCTGTCATCACAGAGGCCAATCTGAATTATACCGGCAGTATCACCATTGATGAAGATCTTATGAAAGCAGCCGGTATCCTGGAATACGAAATGGTACAGGTGGTGAACATCAACAACGGCCATCGTTTTGAGACCTATGTCATCAAAGGAGAAGCGGGAAAAAGAGAGATTTGTCTGAATGGAGCAGCAGCCCGCCTGGGTGTACCGGGGGATCGGGTTATCGTTATGACATACTGTCAACTCGACGACAATGAAATACCGGAACATCATCCGGTTGTAGTCGTCACAGATGAACAAAACCGAATCGTAAAGGAGTAAGTTGTGTCTTCTTCCCTATCCGCCATCATACTTGCAGCCGGAAAAGGTACCCGGATGAAATCCGATCTTCCCAAGGTCTTGCATAAAGTATTGGGAAAAACGATGATATCCCGGGTTATTGATCAGGCAAAACAGGCAGGTGCCCAAAAAATCGTGGTGGTTGTGGGATACAAGAAAGAGATGGTGATTGAGAGCCTTCAAGGTACAGATGTTCAATTCGCCGTCCAGGAGGAGCAACTGGGAACGGCCCATGCTGTTCAGCAATGTGAACCCTTTTTTCAAAATTGGAACGGTCATATTCTGGTTCTTTCAGGGGATGTTCCCCTTTTAACCGGAGAAACCCTTCAAAAACTGATTTCCCGCCATCAGGAAAACGACGCTGATGCCACCCTGCTTACTGCCGAATTGGAAAATCCCCATGGATACGGCAGGATCCTCCGTAATGCAGATGATACACTGAAAGACATTGTGGAAGAAAAAGATGCAGATGAAGAAATCCGAAAAATAAAAGAAATTAATTCAGGGATTTATATCTTTAAAAAAGAGCTGCTTTTTTCGTATCTTAAACATGTCGATAATAAAAATGCACAGGGTGAATACTATCTGCCTGACGTACTGCCCCTGATGGTCCGGGATAATCGGAAAATATATCTTCAGAAGGCGGAACAATCCGAAGAAATTCAGGGTGTGAATACCGTCGAGCAGCTGAAACTGGCTGAAGAAAAACTGAAGAGGATCGTATGAAACGCCCATATATTGGTCTGTTGTTCTTGTTATGGCTGAGTCTTTCAGGACTTCAGGCTGAGTCGTTGATATTTGAAAAACCTTCATTTCCGGAGAGCGGGAATATCGGACTCCGGCTTAGAGATTCCCGTGAAACGGCATCTTTTCTGGATCTGAGGAAATTACAGATGCGTCACTCTTTTTCCATGTCGGTGGGGTCGTCAGCTTTGGGCTCTCAATCCATCATGGCTTATCAGAATCAATTCATGTTCC
NZ_AP035449.1_gap57	2010861	2013980	3119	CAAAAATCCGGTGGGATTTTGAATGTCGCCTCCATCGCCGCGTATGTACCGGGGCCCAACATGGCCGTTTATTATGCAACCAAAGCCTTTGTTCTCTCTTTTTCTGAGGCATTGCATGAAGAATTGAAATCTTATGGAATCACTGTGACCTGTCTGGCCCCCGGCCCTACCAAAACCAGGTTTGGGGAGGTATCCGGCATGGAAGCCTCTCTGATTTTCCAGATGGGTGCCCAAAATGCCAATGAAGTTGCCCAAAAAGCATATCAGGGTTTTAAGAAGGGTAAAGCTGTTGTGGTACCGGGGTTTAAAAATAAACTGACGATATTATTTTCACGTATTTTTCCCCGTACCTGGGTACGCAAAGTGGTTCATAAAATTCAGAAGATCGGATAGTTCAGGGAAAAAACTCTTTGTGGATCGTTTGAACGGCTTCATCCCGGACCGTCTTATCCACAATAAAGTAGGCTGCCACAGGAGACGCACCGACAGAAATGATGCGGATATTTATTTGCTTCCGGCTCACAGCCCCGAATATCCGGGCTGCCACACCGGGCGTTTCAAGGATTCCCTGTCCCACAACAGCAATTAACGACAGATTATCCAGAATATTCAGATGACTCACGACACCCGGTAAAACATCACTGCTTACTTTCCGGGCAGTTTCCAGATCCTGGAGAGAAAGAAGGATATTGATGGAGGTCTGGGCTGTGATCACGGATTTAATATTGATTCCGGCCTTATCCAGGGCCTGGGTTACGATGGCCAGAATCCCGGCCTTCATGCCTACCCCGGGACCTTCGAGCTGAAGAATCCCAAAGTCATCAGAAAAGGTAACACTTTTAATCACATCCTCATGGATCCGGCTTTCATTGCTGATGATTGTGCAGGGTTCCTGATGCTGAACAAACGTGGATATATCAAAGATTCTTATGGGAATACCGGTTTCAATCAGGGGTTCCACCGTCCGGGGATGGAGGATTTTTGCACCAAAGTACGCCAATTCTGCTGCTTCGGTATAGGTAAGCCGTTCCAGGTTCCGGGGTGACCGGACTATCTTGGGATCACCACTCATAAAACCATTGACATCTTTCCAGATATCCAGGGAATCTGCCTGAATACAACGGGCAATGGCAGCTGCGGAATAATCACTGCCTCCCCGTCCCAACAGGGTCACTTTTCCCTCCGGAGAGATCCCATAAAAACCGGGGATCACTGTGATTGTATCAAACGTAATCTTTTCCGATATATTGGAAGCTGCATAATCCACACCGGCATTTCCCGAATTTCCCACTGTGATAAGTCCCAATTCTTCAGGCCTTTTTTCTACAGCCTTAAATCCCTTTTCATTGAGGATTTCCGTAAGCATGAGAGAGCTGAATCGTTCACCGTAACTGAGGATCAATTCCTCTGTCTGGCGGGGAATGTCTCCTATATAGTGAATGCCCAGCAGGAATCGCTCCAGTTCCAGAACCAGTGCATTAATTTTTTGTAAGATGCGCTCCCGGGATGGAGCATGGTGGATATTTTTCAGCAGTGTATCCTGTTTCAGGCGACGGATAAATTCCACACCGGCTTTTACTGAATCCTGATCATAGCGAACTTTCCAGATCAGTTCCTGAAGGTAATTGGTCATTCCATAAAAGGCACTGATGACAATGACAACCGGCTGTTGATAGGATTCCACAATCTTTAAAATCCGGCCCGGGTCTTCATCTGTTCGTAAATTGGAACCGCCGAACTTTACCACAATTTTCTTCATAAAACTCCCTGTACATAAGGGTTGAATTTACTGGCGTCCAGATTAAAATCAAACCATGAGGTGCAAGAAACAAAAAAGATCTTTATTTTATTTTTTTTCGTATGGACGTGTAAAGATTATCCGCGTGCCGTTTCATCCCAAGATCTGTCAAATGCACACCATCCACCGTTCCCTCATCGTCATCAAACCGGATTCTTTTGGAGGACATAAAGGTTACATCCCGGATGCCGGTCTTTTTGCACATTTCCCGAACTTTCACATAAGCCTTGTCTTTTATAGCCAGGGCATCACCCGTTTTCCGGTTATCGTCTTCGTGTCCGTAAGAAATATTGGGAATCACCAGGAGAGGCACATTGGACTGCGAACGGAAACGGCGGATAAAATCCGTCAGTTTCTGTTCCACATCTTCAGCCGATACATTGGGCAGTGCATCGATAACCAAAAGAGAAGCGGGCAGTGTCGCCAGATAATCCGCCATTTCAGGGTCCAGTCTGCCATTCCCTGAAAAACCGAAATTCAGCACTTCGTGATGAAGGCGTCGGGAAAGAATGGCAGGATAAGCCATACCCGGCCGGCTGGCACAGCCTCCCTGGGTAATAGAAGTTCCATAGATAATGACAGGTTTAGACTGTTCATCAAAAAGAGAGGTTTTCTCCAGGATATATTCTTCCGGAACACCGACAAACAGTGAATCAATGCCGTCATAAAGGGGCAGAAAAAGGGCATAGGGTCTTAAGCCGCCGGTCCAGTTTTCCAACAGAGTCGTGTTATGACTCAGAGTATCCTTTTCCCACCATTTTGCTGTTCCCACATAGTTCCAGTCTTCCCGGACAGGATCCACGGCATACAAATCCAGTCCCTGAACACCGGTCAGGGGCATGTGAGGCAGTTGTGTTCCATGAAGGACCGACCACCGGATACGAATTTCCGGTGAAGCTGTTTGAAAAGCGATGATCAAACCGCTGGAATGACTTCCAAGGCGTGCCAGTTCCGGCCGGATAGCCCGTCCCAAAGAATCGGGAATTCGGGCAAACCCGGTTATGGTTCCATCGTCAGCCTGCCCGTAACGGGTCAGTGATTCGGCATTTCTCCAGACCCATGACGAATCACCGGCTAAAAGTATGGTTGCCAGGAGGAGGGTGATAAGAATTCTTCCCGGGCTGAAGACCGGGGTTGGTTCTTTCTTTCTGTTTCCCCGACTCTTCATCTCATTCCCCGCACTGAAGTCCGGGGCTGATTTTCTCTTCCAATATCCCCTTCTCCCCGTCTCTCCCTCTTATTCCTCAACTTCTTCTTTACGGGTGCTAACTTTAAGGAGTGAATAAAGTGGACACCATTTCATCAGTCCGGTTAAAAAGGG
NZ_AP035449.1_gap58	2035076	2035983	907	CAAACCCTCTGAAGGTGTACATCAGCGTCAGGGAATCACCCGAATAGATGTTGATCAAACTATTATGAGGTCTGTATTTTGTTGATGATGTAATCACAAAATCGGGAATTGAATCATGATTGATATCTCCGATTCCCGAGACATGTCTGCCAAACTCAAAAACTGTTGTATCTCCTGTTATTTCAACCAGATTCTCGTCGCTTAATGTTTTACCTCCATAAATAATATAGGCTATTTCCGGTGAAAATACCGGACTTGTGCCTATAATAATATCGTCATAACCATCATGATTGATATCTCCTAATCCATCGATTGTAAATCCAAGGCCTTCTTCAACCAATCCTTGAAAACAATAATCCCATTCACCGTTTATTTCCGGACCGCCAAAGTATATATAGACATAACCGGTTGTTTCCCATGTCGCATGTGAACTAATAATAAAATCTTCATACCCATCTCCGTTTATATCTCCCGCATTGGCGACATCCCAACCGAAAAAACCCCAATAACGAGTTCCGTCAATTACTATATCCGGGGTACCTGTAAAACCCTCACCACCAAAAAAGATTGATACCTGTCCAAATGCAACATTCGCATTGCATGCGCCCACGATCAGATCCGGAACGCCGTCCCCGTTAAAATCACCGGATGCAAGAGCCCAACCGAAATACTCCTCTCCGGTTAGTTTCAGAATCGCAATGGTATCGGGGCTGCTGCTACCGTAATAGATATTAACATAATTTCCTTTGTAACCACCCACTGCAAAATCGTCGTATCCATCCTGATTGAAATCTCCCAATCCGACAACCGTACTGAAAGCATCACCGGGGGATTCTCCCCGGATGGTCATGAGTAAATGAAAATCCGGGTCTGCATAAGAATAAGCTGAAATCAACAGCATAAACAA
NZ_AP035449.1_gap59	2043261	2046801	3540	CGATTTCTTCTTGTACCTGAAGAAACTGTGCAGCTGAGAGGATGCAGACGCCAAGTTCCCCATAAACTCCCTTTGGCTCAGTACTCTCTTTTTTATGCACCAGTTCTAAACTCAGGGGTAACCCCGCAAGACTCTGCAGCCGAACGCCCTGTCTCTTGAGACCAGCGGCCAAATCAGATCGTTTCTGCGGCTCCAGAGACAGCCACGGCTTGATGTACTCAGGGATGTTATCCTTCGGGAAATAGAAGGATTTCTTCAAGGTTTCAGCAACCAGAAGATAGTCTTGTCCCTCCCATTCCAAATCATAAGGAGCATGCCGGACCAAATCAGTCTGGCGGCCGCTGCTCAGTTCGACACGCTCCAACGGGTCATCTTGCCAGTAACCCACAAGCAATCCCGGAACGAGGGACGGGCGGCTTGTGATGATGGGGATTTCCGGATCAGGATCCTTTACTGACGGCGACGGGATAAAGTCTCCTCCATACATAACCGGTACACCTTCCTGCACCGTTGTACGGTAGAACACCGCCTTGAATGCCTCTTCCGGTGAGAACTCCAAGTACTGAGAATCACCCGTGATCAGATACTCTCTCAGTTTCTCCGAAAGCCGGTTTCCGGGATTGGAATCCAGCAACAATTCCAGGTCAGTCCGGTTGATCTTACCGGACTCGACTTTACTTTTCAGGGACATGAGGTCCCCAATTGTCATGTTCATCATGACGTCCTCCTTTGTTATGTTAAAAGCCATACTGATACCAGGGGTGGGGGCTCGAAACGGCAAGCCCATCACCTGAAATATCATTTAATGTTAAAACATCTGCCACAAAAAAATAACCCTCATTATAACTCAGTTCATTTTTGTTCTTGTCTTAGAAAGAATGGATTTGTATATTATATGTTAAGATCATTACACCCAATTACCTCCTGATGGGTTGGAGGAATAAATAAACTTTTATCGCCTTTCTGGGCTTATTTAATGCTTTAAGGTTTTAGGGACGACGCGTTATGGCGGTTTGGTTTCTGCCATAACTAAATTGAAACCCAGAGGGCTGATGAATCTTCGCACCAAAAAAACAGATCCTGCGATTTACGGCAATCTTGCCCACCAGGATACAAAAACGGCCCGCAGCCGATTTCAGAAGGATTTGATCCTGACAGTCAGCCGTATGCTGAATGAAGGTAAAAATCCAGAGTCTGTTATCACTAATTATATTCACAATGAACTGTTAAAACTCAATCCTGAAATTAAAAGGGCCATGAAAGACGCATGGGCCGGCGGGGTTGCATACAGATTCCCTGATATCGATTTTCAGTTACAATACGGGTTGATCGATCCGGATATTTATAATCAAATTCTTGATCAATATGAAGAAAACCTGCGTATGGGGACTTTGACTGGAGATCTTTCAGAAGATGAAGAAAGATACCACGTTTTATACACAGAACTCACGCATACGGCAAATTCACTGATGTCCTACATTCTTGAAACGGGGAAACATAAACCCCTGGGAATCGACTGGTGGGTGACTCTCACTCCGGGAAGAATAAAAAAGCTAGCCAACTTTTATATCAGTCATGATGAAACGGTGAACATAGTCTTCCGGGCGCTCAAGCTCCTGGCCGCAGAATTCGGAATGCCGTTCAACATCAATCCTCAAGTTGTTTATTCGCTTACCGGCTTGGATAAAAGGACGGTTCAGCGTGCCATAAAGAAGCTGACGGAAAGTCATCAGGATTTTAAAGTTCAATATTGGAAAAAAACATTCCAGTACCATGTCGCAAGTCTTCCCAAAGGGAAAAGAGCGGGCAGAGAAATCCAGGTCAGCATTCCAATGCAGGGTGAACCTAACCCTGATAAATGGGCTGTCAATCAAGAACAGAAACACTGGCAAATGCTGCACGAGCTTAACACAGGAAGGCCGCCCAGATACCATAATGACCCGCGCGCACCACTGATATACCTGAGAAACGGCACCATCAAAATCAAGCTCGGCACGGTCTCCCTGATTGAACTCTTCGCAATTTATACGGATTACAAGCCCAACTCTGATTTTGAGTACAAATGGAGAGCGTCCAAAATCCCCATGCGACGGATGGACTCGTACTCCTATGCTGTAACGGACGATTTCTGGCAAAACAAAGCAAACTGCCTCACGATGCAATACCTTTATGAGGTCCAGTTTCCCATGCAAGACAGGGGTCTGCCACTGGACATTAAGCAGACCGAAAGGCTTATCCGGCGATTCGAAGGATACCTCGCGGGAACACGGAAGCTGCCACGAACACTGCTGGAGAAGTACGGTGAAGGGGAACTGAAACCAGAAAAAAAACAGGTGAAGAGCGACGAGAAGATCACGAACCGTCTCAGAATCCTCCGCAAGATCAAGAAGCATTACGACCCGGAAACGGAACGGATTTACCCCACGATAGTACCCCGCGCAACAGCCAGCGAACGGGCGGGAACACGCTGGCCCAACATCCAGAACCTGCCGAAAGATCTCCGGCATTTACTTCAAAACACACGCGAAAAGCTCATCATGTTTGATATCAGTGGCCAGGAAAACTATCTAATAACAGAAATTCGCAACTTCGAGAACATGCGCGAAATCAACACGATGAGCGATCTGGCGACATGCATCCATGAGAGAACCGGCATCGACCGGAAAGAAGTCAAAACAATAGCCCACGCGCTGACGAAAGGGAAAGGACTGCGGACATTTGAGGTAGAAGGAAACGGTGAGATCGCAAGACAGGTTGCGAGCGAAATACTTACGCTTGAACCCAGGTGGGGTGAGCATCGAGAGGCGAGAACGGAGTATCGTAGAAAGACGCACGGAAGGACTGAACAGACGGTACTTGGGCAGAGCGGGATTATAATGGACAACAGGCGGGCAGACTGTCAGGCGGTGGCCATCGCGGACCAGATGCAGGGGGCTGAGCAAAAGAAGATTTGGCTCTGCAAGCTGAAAGGGATGCTTTCGGTAGGCTGCGGGATCGGCATCGACATGCACGACGCCGTGGGCATCGTCGCGCCGCAAGAGACAGAGGCCGTGGACATAGCAGCAAAAGTGCAGACCGCCCTCGACGCTGCAAATAGACAGCTGGGCTTCTCGGGGACGGCCAAACTCACACACACGATCTATACTGACAGCATAACCGCCAGACAGGCAGGAGGCAGGGCCGGACGATACAGGGCAAACTTCAAGCTGAAGAGGACAACACAGACCTACCAAAAGACAGCACACGTGGAAGAGGCCACCGCGACCTGCAAAGACCTGTACCCGCCGGATCATGATCCCAGAGACCGGGCCACCTCAACTCGCCAAGACCTGTATATGCCGGATCCCTATATATGGGTACATTGTTCAGGGTTGTGCATGCAAACATCCCCAAAATCCCTCCCGAAGAGCCTGTTTCCCCCGTGAAATATGGCCATGAACATGAGATTCTGATCCGACTATAAAGCTTTTAATCAACGGCAGACATTTTGCCTTTTGTGGGACTTTTTGTGCTTTAAAGTTGATTATTAAGATAATCCCA
NZ_AP035449.1_gap60	2145823	2147705	1882	GGATATCATGGTCTACGGAAACCACCAGGGCAAAACCCTGGACGATCCGGAGATCCGGAAGATGTTCACCGAAGAGTACCTGCTGAACAGCGAGTGGTACCGGGAACGGCTGATGAACAAACAACTGACGGACATCGCCCACTGGCAGCAGCACATCAGTTATCTGAAACATTTCCTTAAGAAAACCAATTACACGGATGAAGCCGACCGCCTGGGCATCCGGGAGCGCCTGGACCGGGCCACCGAAATGCTGGAGCGTGTAAAATCGCCCTTTTACCTGAAGCGCCTGAAAGGGACGTTGGGGGCGGATATGATTTTTAAGGAATGAAGAATGATGAATGATGAATGATGAATTGAATGATAAATGATGAATTGAATGATGAATGATGAATGATGAGTTGGCAGTCGAAAGTCCAAAGTCGAAAGTCGAAAGTCGATAGTCAGTAGCGAGGGACGAGGTACGAGGAGCGAGGGGTGAGGGGCGAGCCCCGTGAAATACGCTTCGCTGATTTCACAGGGTAGGGACAAAGAAGGCTGGGGATTGGTGATTAGGAACTAGGGACTGGATAAAAAGGTTAAGGTTGCATCTCGATACAATCCGCCCATATGAATGGGCGGATCACTCGATGACCGAGGTTGAGGTTTAGCTTGGTTGGGGGCATCAATTGATCTACGTGACCCAATTCATCCCGTGAAATTCCCAATCTTGATTGGGAGCCCTATTTCACGGGATTCATCATTCAATCATTCCGGGCTCTGCGGGAGGATAAGCTCAAACTCAGAATATTCCTTTCAAACAATTTTTCATCCAATTGATTTAATTTGCCTGAAGATTTCATGTTTCTTTTTTTTGGCTTCTTCAAGGTCATAATCGGCTTGTAAGCCAAGCCAGAATTTAGCAGAGTTTCCGAAATATGCACTGAAGCGCAGGGCTGTATCGGCGGTGATACTGCGGAACCCTTTTAATATTTGTGAAATCCGGGTCTGGGGAATTTTTGTCTCTTTTGCACAGCGATACGCAGAGATATTCAGGGGTTTTAAAAACTCCTCCTTCAGAATTTCTCCGGGGTGAATATTTGAAAGTTTTTCCATCATCCTGACCTCCCTCATGTATGATAGTCTATAATCTCCACATCACATACCTGATGATCAGCCCATCTGAACACAATTCTCCATTGATCATTTATTCTGATACTGTAAGCATTTTTCCGATTCCCTTTCAGTTTTTCAAGTCTGTTCGAAGGGGGAATTCTTATATCATTCAAAGAATGAGAGTTGTTCAGCATCCTCAGTTTTCGTCTGCCGATGTGTTGTATCTCATCAGGTATTTTTTTTACACGTTCTCCTCTCCAAATTTTTTCAGTCTCTTTTGAAGCGAAGGATACAATCATATTAACGTTCTGCGTTACTAACGCTAAAGGTAATTAATAGTTTCAAAAAATGCCAGTCGAAAGTCGAAAGTCGAAAGTCGTTAGTCGGCAGCCTGCCCTGTGGAATGAGCGAAGCGTATTTCACAGGGTCGAAAGTCGAAAGTCAGTGACGCGTGACGCGTGACGAGTAACAAGTGGTTTTTGTGGAATAATTATTGTTTATTGTGATATTTATTAGTATAAATTAGTTAAGTGTATAAAACGGGGATTTGTTTTGAAATCGCACAAGGATTTGGATGTTTGGAAAAGAAGTGAGGAAGTGACGAGGGGGTAGGGATTAGGCATTGGTGACTAGTGACTAGGTTTGGTTCCGTGCGTCGATTAACCACTCAACCAAATTCATCATTCAGCAATTCAATTCATCCCGTGAAATTCCCAATCTTGATTGGGAGCCCTATTTCACGGGATCATAATTCATAATTCTTAATTCAATTCATAATTCTTAATTAAAT
NZ_AP035449.1_gap61	2162813	2166184	3371	TATTTACTAATTTGGAATTGATGAACAGATCTTTATCTGCATTATTTTGGAAAAATACCCAGTTACTTTTTTTGAAAGCGATATAATACAAAAATCTCCCAATATAAGATGCTAAGCTTTTTTTTATAAAAAGTGTACCCAAACCACTCACATTATTAATAACAGGTATCCCCAATTTTCTGACAGCCAGGTTTCCATAAATATTTGGTTTTATTGTATAACTAAGAATAATGTCGGGTTGAACTTTCAGGAAGATTTTTTTATATTCTTTGATCAATTTTAAATCCTCAACAGGATTGGTTCCCTTATGGTTTATGTTGACTTTGAAATGTTTAACTCCATACTTTTCAAGATTATCAACATATTTATCTTCCGGAGATACAGCAAAAACATCATGACCATCGTTCAATAAAGTTTTAATTAAACCAAGTCGGAAATTGTAAATATTCCAGGCTGTATTGATAGATATTGCAATTCTCATATTGTTATCATTGTTAATTTATTCAATCAATTTCAAGGTGTTGAAAAAAAACAGCAGTGCTATTTTTGAATTTCTTGTAGGAAAACAATTCGGAATCAGCACAGTGTTGCTTCATCTTTAGCAGTTGACTATTATCTATTGATAACGCTTTTAAAAGTGATTTATTAAGGTTTTCATTCGTCGAAATATCAAGTATAAAGCCGGTTTTTCCATCGAATAAATAATCTTTTAAATCACTGGTAAGATTTGTAAGAACTGGTATTCCGGCTGTTATTGACTCCACAAATTTTGTTGGAAAACCAGCAGTATTAACCAAATTATTATCTCTTATAAAAATGGAAAAATCTGAAGATTTTAATAAATCCAAAGCTTCCAGGTGACCCTTTCTGCCATAAAAAAGAATATTATCACGAATGTTTTGGGAAACTGGTTGATTTGAAAATGATGTTTTATATTCAGATTCAGAAATTCCAATAATCTGAAATAAAAAATCGGGATAATGCTTTTTAATTTCGGATAATGATTTAATAATTAAATCCAACCTGTCTTTTTTACCGGCACCCGGTGAGCCAACATAGGTAAGAACCCTTATTTTATTTTTGCTGTAAATATTAGAATTCCGCCATTTTAATTCACTTTTATCAATTAAAGGGGGAAGTTTTACGCACGTTTTTTTCTTGTAAAAATTCATTAAAAAATTACTTATTGCAATAATGCCATCCATTTTAAAATGGACATATTTCATTCTTAATGAATTATCAATTTTTTTTATGGACTTAAGTAAAAAGGACCCTTCAGGTTGATACCATTCCGTAACATCAGCAATTATTTTAATTTTTCTTTTTTTACAGTAGTTTCTTAATCTCCATAATTTTATTGCAGGATAATTGTAAGCAATAACCATTGCAACATTATTCTTTAAGTCTTTTTCAACAATTTGTTTTACTTTAGATATGCTGGTTATATAAATGAACCATTTTTTTACCGAATCAGGATATTTTACTGCTTTTGAATAAAAAAGAAAATTATATGCATTAAACTTTTTGAAAAGCTGATCATCCCTTTCTATGGATTTATTTATTCCATTGAAAAATACTTTAAAGTTTAATTCTGAAAGTAATTTAGAATTATTAATAACCCTTTGCGCAGCAGCATTTCTGTCAGGGAATTCAAATCCTCCAATATATAATATATTTTCTTTTTTATTCATATTCTGCACTACTTATAATAATCAATATTGTTTTTGCCAAATACTCCAGAATCTTTTTCCTATACCTGCATTCAGGCTTTATATGGTATTGCAGACAAGTTTTTTCATGAGGTATTATTATTCCGTGTTTTTATTTCACCATCAATTCGTTTTAAATCTACGTATTCAATTTGAAACAAGTAGCTTTTGATATAAATCATCGACATGCTGTAATAATTTTTTTTGAGAAAATTCAGAATCAACAGTCTTTTTTGCATTCGCTGAAAGTTCTGATGCAATTTTAGGATTGTTATTGATAAATTTTAATGCATCTATTATGCTTTTTGAATCTTTTGGAGTTACAAGTATTCCATTTTCTTTATGTTTGATAACTTCCGGATTGCCTCCAACGTTTGTGACTATGGGGATTAAACCAAGTGAGCAGGCTTCCAACAATGCATTTGATAAATTTTCATGTAAAGTTGCAAATAAAAAAACATCACATTCGGCCAAAATTGGAAGCACGTTTTTTTGGTGACCTAATAAAAATACACGACCTTCCTTTATTTCACCCTCTAATTTTTTTTTCATTTCAGAAATTAAAGGACCATCGCCAATAAAAACAAATGAAAAATGATTTGGAGAAAATGATTTTATTGCCTCTATTATAAAAGTTATTCCTTTGTCGTAAACCATCCGGCCAACAATGGCCACTAATATTTTTGAGGTATCTATGTTATTTTTTTTCCTGAAATAAACAGGCTCTATGGAATTTGCATTTATTTCAGGAGCAGAATTATGAATGGTACCTATAAAATTTTCAGAAAACTTTTTAATCATTCTTTTTTTTACCATGGCTTTAGAAACAGTATAAACATGAGATGCCAGTTTTAGAGTAACAGGTTCTATAATCCAACCAAAAATAAATTTTTTAAACCAATGTGAATTTAAAACATCGGTAGATGAACCACGTACAGCAATTATTATCTTTTTCTTTTTTGCTAGTCTGGCAGCTACTACGGCATGAAATCCTGATGCCTGAAGGCCTGACAGATGAATAATGTCCGGGTTAAAAGAGTCTATTTGTTTTTTTAATGACTTAATTAAGCTAAAGCTAATTTTTCCTCCTGCATGAAAGTTTTGTGTTAAAAATCCAAATTCATATTTTTTATTCAACCAGGAATTAAAAATAAGTTTTGCCGCATTATTAGGACCACTTATTTGGTTTGGCATAATTAAATGCAGCATTATTTTGGGATTATTTTCCATTATATCTTAATTCGAGTAATTCTTCATGTCTAATAATTTGGTCTTCACTAAATCTATATTTAATAAGTTTTGCTGGATTACCACCAACTATAGCATAAGGTGGAACTTCTTTTGTAACAACTGCACCTGCTGCAACAACGGCCCCCTTCCCTATTTTTACACCTTTTAAGATAGTTGCGTTACAACCAATCCAAACATCATCCTGAATTATAACATCCTGGTCATTTTCTGACAACTTTTCTTTTACATTATACATATATTCGCCTAAGACATCTATGCGATGATTTCCTCCGCGGATAGTAACATTTGGACCGAACATTACATAGCTTCCAATATAAATATGTGAAATGCTTGCAATAAATGAAGCTCGACTTCCAATATAAATATTACTACCTAAATGAATGTTGTTATATGTAAATTCGCAATTTTGGC
NZ_AP035449.1_gap62	2181549	2186480	4931	AGGTGATGCCGGTAAAGTCTTTGATTTCGCCGGCACGGGCTTTTTTATAGAGTCCTTTGGGGTCGCGTTTTTCGCAGATTTCCAAAGGCGTATTGACAAAGATTTCCAGAAAATCATCTTCGCCGATAATCTCTTTGGCCATTTGCCGCATGTGTTTTGTCGGACTGATAAATGAACAGATGACGATGATTCCGCAGTTCAGGAAAAGTCTGGCGACTTCGGCAATGCGGCGGATATTTTCGACACGGTCTTCTTCTGAAAATCCAAGGTTGTTGTTTATCCCGGATCGGACATTGTCCCCATCCAGAATCTGGCAGAAAAAACCGGCATCAAAGAGTTTCTCTTCCAGCAGACTGGCCAGGGTTGTCTTGCCCGAGCCGGACATGCCGGTAAACCAGATCACTTTCGCGTGCTGGTTTAGAATCCGCTCTTTGAATTGGCGGGATTTGATTTTGTCGAAAACGGTGTGAATATTATTCATAGGAATGAAAAATTATGAATGATGAATGATGAATTGAATTAAGAATTATGAATTTGGTTAAGTGGGTTAATTGATGTTATAAGCGTAACACTATTTATTTTGTGCTTCCATTAATTTTTTTGCCACATCCCGGGCAATTTCTAATGTTTCAAGAACCGTACGTCCCTGCGCGACCAATCCTTGTATATCATCGGATGTTGCCAGAAACACGCCTTCTGGCAACTTTTTAATTTTAATATTTATAATTCTTTCCATGTATCACCTTCTTTTCAAATCATCCGTATAATAATAAGAATTCTAACCACCAAATAATATGCTGCATTGAATGAAGAATTATGAATGATGAATGATGAATTGAATTAGTTAATGATGAATTGGGTTGTGTAGATCAATTGACGCACTCAAACAAGATCAGCCGCGAAGCGGCGCCAACTTCTAGCTTCTAACTTCCAGCTTCCAATCCCCTCGTCACGCGTTACTCCCCAGTCCCCAGTCACCAGTTCCCAGTCACTACAAAATACGGATTCAGCAATTCCCGCTTATTATACCTCAGCTCCTCGTGGCTGTCCACACGCACGACCCTCTTTCCTGCCGCACTGGCAATAGCGTGGCCGGCGGCGGTGTCCCATTCCATGGTGGGACCGAAACGGGGATATTCATGGGCGGCGTTTTCGGCGACAAGGCAGATTTTCAGTGAGCTGCCTTTGGCGATAATATTCACCGTACCGTGTTCTTTTCGCCGGGCAGCCATATATTCTTCCGTGTCTTTGTTCATGTGAGACCGGCTGCCCACAAGGGTGTAGGTTTCGGGGAGTGTTTCGGATGGGAGTGATTGTCCCTGCGATTTCAGCGTCTCAAAAGTCACCGTTTCATCCATCCCCTCCCCTTTCCAGGCGCCTTCGCCCACCATGCCGGCATAGAGGGTTTTAGTCACCGGGACATAGATTACACCGGCAATGGGTTTATGGTCTTCAATCAGTGCGATATTGACCGTGAACTCCCCATTCCGTTTAATAAACTCCTTCGTCCCGTCCAAGGGATCCACCAGCCAGAACCGGTGCCAGTTTTTCCGGTCTTCCCAGGGAATATCCTTCCCCTCTTCACTAAGGATGGGGAGTCCGGTTGATTGCAGTATCTCCACAATCACCTGATGGGCAGCTTTATCGGCAATGGTCAGGGGGGAATTATCGGCTTTTTTCTCTATCGAAAAATCGGCGGTGGGATCTTGATAGATCTTCAGGATTTCGCGGCCGGCCAGGATAGTGGCGGAGAGAGCGCTATTTAATGATGAGTTATGAATGATGAATGATGAATTGAATGAAGAATTATGAATTTGGTTGAGTGGGTTCATTGACGCACCCAAACAAGCCTAGCCGCGAAGCGGCGCTAGCTTCCAACTTCTAACTTCCAGCTTCCAATCCCCTCGTTACGCGTTACTCCTCAATTCCCAGTCCCCAGTCACTAGCCTTCCTCGTCCCTCGAACCTCGTTACTCGTCCCTGCGGCTTCGCCGCAGGGCGCGGCTCCGCCACAAACAGTCCCAATATGCAGGGCGTTTATAGGTATGAAATATATACATTTTGAGGTGATTCAGAAATTGAATTTTTATTGAATGTGACATTTCTCACATTTAAGGTGCGACGGACAAGCAGAATAATTCTTCTTTTCTGCTTGATTGTTAAACACAGCAATAAGTATATTCAATTAAACCGAATAAAGGCAATGTCGATAGAATGAATAAATCTAAGGATCTGATGGTTGTGGTTTATTATGTTGTAAGCATATTTACAATATAGTTCTGAGTTCTGAGTTCTGTCGGAGCAAAGCAGATTAGAGAAAATTCTCGTTACTCGGACCTCGCACCTCGATCCTCGCTACTCGCTACTTATACCAGCAGTCGCTGCAGGATTCTTAAACATTTAAAAAAACCTCTACGCGATGCTTTCTAACCAAATAGGCGTAATTTATGGAATGAATTTACAATAATTGGCGTAATATTTGGAATACACGTCCATAATTCTTGATTTTTTTTGTATATTTCTACAGGATTATACAAAACTGGGAATGCTACCATGAAAAACAGAAAAATTGCTCAAAAACTGAAAGAAAGTTATCAATCAAAAACAGGGCGTATTCTTATCCTGACAGGTGCTCGTCAAACCGGGAAAACAACGCTTGCCAGACATTTATATCCCGGTTATGAGTATCTTTCCATTGAAGATCCGGTTATGAGGACCGAGTATTCCACGCTTACCGCATCTCAATGGAAATCGTTGTATCCCCAGGCTATCCTGGATGAGGTGCAGAAAGAACCCCGATTGATTGAAAGTGTGAAATCGGTTTATGATCAATGGCCGGAACCTCGTTATATTCTCTTAGGTTCCAGTCAGTTACTCCTCTTACAAAAAGTCAAAGAAAGCCTGGCAGGACGTTGTGTCATTTTTGAAATTTATCCCTTAACCCTGCCGGAATTAAGAACCGGTAACTGGGATGAACCGGTGAACGAATCTCTTTTTCAGCAGATCCTGACGGGGACAGAAAATGATGTTTTTCTCCCATCATTCCGGTTGGATAAACAGATGGTTAATAAAGAGAAGGCATGGGATCATCTGTTGACATTTGGTGCTTATCCGGCCGTCTCCGATGAATTGATAACTCCCCGGGAAAAGTATGAATGGCTGGACAATTATGTGAAAACGTATCTGGAACGGGATATTCGGGATCTTGCCACTTTTCGGGATTTGGAACCTTTTGTCAAATGTCAACGGTATATGGCACAAAATACAGGCAGACTCCTGAATGCTTCGGGAGTTGCGGGGCAATTGGGACTCTCCGTGAAAACGGTCCAACGGTATATCCGGTATTTTGAATTAAGTTATCAATCTGTTATTCTCCCCGGATGGTCAAAAAATCCCAACAAGCGACTGACCCGGATGGAAAAATTTCATTTTCTGGATCATGGCATTTTGCAGACGATCCTCCGGAAGAAAGGGGGTATCACAGGAGAAGAATTTGAAAGCATTGTTGTTTCAGAAATAGTCAAGCAAATATCAACTGTTTCCATGAACATCCCACTGTATCATTTACGGACTTATGACGGGAAAGAGGTTGATTTGATTCTGGAACTTCCGGATTCCTATCTGGCCTTTGAAATTAAAAAATCAGAAAAAATCACCCCTCGTGAAACCAAAAACCTGATCGGTCTGGAACACATTTTAGACAAACCTTTGAAACATGCCTATATTTTATCCAATGATCACAAAACACATCAAATTCAAAAAAATATAACCGCTGTGAATGTAAACATGTTTCTCGGATAATTCCCGCGGAGTTGAGTGTGTTAAATGATGTTCTGAATATTATCCGGCCTGGAACTATATTTTATTTAAGTTTAAGCTGGGAAAGAACGTAAGGTACGAGCACGGTTACTGAGCGGAGACGAAATATGCTCGTGCCAGATCTCTGCCAAAAATTTAACCGTCAATTGACACACGCACCCCACTCGTTACTCGTTACGCGTCACGCGTCACTTCCTTAAACACCCCTAAATCCCCTCTCAAAGAGGAAACTTTCGACTTTTGACTTTTGACTTTTGACTTTTGACTTTCGACTTTCGACTTTCGACTTTCGGCTAAATCATTTATTTTTCAAACACAACTTATTTCACAAGCACCTTTTTCGGATTGATGTATTGTCTTTGTATTCAATCTGATACATGTACACGCCAGACGGTGCAAGGTGATTGTTTTGATCATATTCATTCCAATACACAACCTTATAACCGGCTTGTTCATACGAATTTTCCAGGGTTATGATATGATCATCCAGGATATTATCTATGGAAATATTATCAAAACCATCTTCCGGAAGGTCGTATTGTATCGTGGTTGAACTGTTAAACGGATTCGGTAGTAATAAACTGGGAGATATCGTTTTCACGGGCTTCATGATAGATATCGTAAATCTCTTTATAGCCTGTCGGACCGGAGGTTCTTCCGGGAATCACCACAAAGTGGTTTTCCAGTAATTTCTGTTTTTGTGATTCGGTGAACGTGAAATCACTGAAATTTGTAACATTGCTGAAATCTGATTCGACGACATATTGTGGCGCATTGGGTTCAATGTCAACAAGATAGGGGATATATGTACCGAACTCCGTTTCAATCTCCCCTGCAATGTCTGCCAGCATCGTTGTCTGAACAAAAGATATATTAAATGCACTCAAAATGACTAACAGGAGTTTTACCTTCATTTTTACCTCTTCTTATAAACACAATATAATTGCTTATTTTATTTTAGTGTGAATTATTTCCATATTCAAGGATATATTTTTATAACAAATATTTTTATTGTAATAAAGAGGAAGAGGGGAAGGATAGAAGAGTAAATAGGAATGACCCCGGACTTCAGTCCGGGGGAATGAGAGAGAGAAAAAGCCCCGAACTTCAGTC
NZ_AP035449.1_gap63	2233895	2235300	1405	TCTTTCAGACGGCGGAAGGTCGCCACCAGGGCCTGGATATCGTGACCGTCCACAGGACCAAAATAGCGGACCCCCAGTTCATCGAAGAGGATACCGGGGACCAGGAGATTTTTCAGGCTCTCCTCCAGCTTTTTGAGTCCACCCCTCAGCATAAATTTGCCCATGGAAAGCTTGCTGGTCAGGTTCCAGATCTTATCCCGGATGCGGTTATAAATAGGATCTGTGACAATCTTGTTCAGGTATTTGGACATGGCACCCACATTGGGGGAAATGGACATGGCATTATCATTAAGGATAGTGATCATCTGTTTTTTCATATTCCCCAGGTTATTCAGTCCCTCGTAAGCCAGTCCGCCTGTGAGGGAACCGTCTCCGATCACCGCCAGAATCCTCCCGGGTTGTTCCAGTAGTTCATTGGCCACGGAAAAACCCAGGGCAGCAGAGATAGAGGTGGATGCATGTCCGGCGCCATACACATCGTATTCACTTTCAGATCGTTTCAAAAAACCGCTGATGCCGCCATACTGGCGGAGGGTGTGGAGTTTATCCCGCCGGCCGGTCAGGACCTTATAGGCATAGGCCTGGTGGCCCACATCCCAGATAATTTTATCCTCGGGCAGGTCAAATACATACAGGAGGGCGATGGTCAGTTCCACCACCCCCAGGGAGGGGGCCAGATGCCCGCCGGTTTTTTTCACTGTTTCAATGATAAAATCCCGTATCTCATCCGCCAGGATCTTAAGTTCATTCACATTGAGCTTTTTCAGATCAGCCGGGGTGTTGACCCCGTTCAGGTATTGGTATTCCATATCACTTCCCGGATTGGGTTACACAGTGCCGGATAAAATAGTCATGGACCCGGACGTCATTGGTGAGTTCGGGATGGAAAGCGGCTCCCAGGAGCTGCTTTTGTCTTACCATCACCGCTTCACCCCGAAAGGTGGCCACAATTTTTGCTTCCTTACCCACTTTGAGGATTTTCGGAGCCCGGATAAAGACGGCATGAAAGGGATGCTCATCAAAGGAAAGAGTTACATCTTCCGTAAAGGATTCAATCTGGGAACCGTAAGCATTCCGTTCAATCACCGCATCCAGGAGTCCCAACTGCCGCACCCGTGGATCGGTGCAGCCCTTTCCCAGCATAATGAGTCCGGCACAGGTTCCGAAAACCGCTTTTTCCCGGGCAAAGGTGTAGAGGTCCTCCCAGGCCAGGCGGTATCCCAATTGACGTGTAATGACGGTAGATTCCCCGCCTGGGATGATGAGCCCGTCCAGATGTGTCAGGTCCGCGGCATATTTAACAATCACCGGTTGGGTTTGGAGGGCTTTCAGGGTCTCTGCATGTTTATGAAAGGCACCCTGAATGGCCAGCACACCGATTTGAAGCACCTACCACCCCCGTTTA
NZ_AP035449.1_gap64	2364333	2366554	2221	ATTATGTGTTAACAGAAGTGTTACAGGGCTTTCACAAAGATCAGGAATATCGGAAAGCAAAAAAAATCCTGCTTTCATTTCCCTGTTATTCCATCGGTGGAAAGGAGAATGCTATACAAAGTGCAGATAATTATCGATTTTTAAGGAAAAAAGGAATCACTGTCAGAAAGACCATAGATGTCTTGATTGCAACGTTTTGCATCACCAATGGATTCATATTATTACACAATGATAAGGATTTTGAACCTTTTGAAAAGTATCTTAACCTGAACGTGTGCCATACAAATAATGCACAGAGTTAACACAAAAATGCTTCTGATGAGCATATTTTTTACGAATAAATTCACGCTCAAACATACATTTTGTAAAACCATTGAACGAATTGATATGCATTTTGTAAAATGATTTGACGAAATGCGGGTTATGCAAACATTAATATTTAATTAAAAATATTACATTGAAGACTTTGACTCTGCTGGCATCGATTACGCTGAGTCTCCGTTTTTTTATAATATCCATATCGTAAAAAAGCCCTGATAGTACATCAAGGCTTATGTCTTGGCTCCGGAGGAGGGGCTTCCCGACACGCTTTGCTATCGGGATAAACTTCTCGCCCCTACCCTTTTTTTACTTCATAACAAAAACCCCGACAACGTCGGGGTTTTAACTTGCTCCGGAGGAGAGGCTTCCCGACACGCTTCGCTATCGGGATAAACTTCTCGCCCCTACCCTTTTTTTATTTCATAACAAAAACCCCGACAACGTCGGGGTTTTAACTTGCTCCGGAGGAGGGGCTTCCCGACACGCTTCGCTATCGGGATAAACTTCTCGCCCCTACCCTTTTTTTATTTCATAACAAAAACCCCGACAACGTCGGGGTTTTAACTTGCTCCGGAGGAGGGGCTCGAACCCCCAACCTAGTGGTTAACAGCCACCCGCTCTGCCATTGAGCTACTCCGGATTGTTGGAAATTATTTTATTTCAAAAATCTTATACTGTTTCTTTTTACCGGAGATAAGGCTCGAACACCCATCCGTACAAACCTGTGCGGATAACAGCCACCCGCGATGTCCGCCTAGTGTCAGCGGTGGCGGAAGCTACTCCGGAATACCTCTTCATAAAGCCAGAAAATTTAAGGAGTCTCAACGATTTATGTCAATGATTATCTCAAATAAAATCTCGACCTCCCCCTGAAACTATTTGTCCCCTTTTTCATCATACGCTAAAACGGAGACATATCATGAAAAAAGACTATTACATACCCAATATCAGTTGCAAGCACTGTATTATGACCATTACCCGGGAACTGCAGGACCTGGTCGGAGTGACTTCCGTAGAGGGAGATGTTTCCACGAAACATGTGAAGGTGACGTGGAACGAACCGGCAACAGAATCCCAAATCCTGGATACTCTGGATGAAATCGGCTATCCGGCGGAAAATATTTGATGGCGGTTAAAAAGGAAATCCTCCCCGTACAAGGGATGACATGCGCCAATTGCGCCGCAACGATTGAAAGAACCGTTAAAAAACTGTCCGGTATCCGGTCCGCTTCGGTGAATTTTGCCACAGAAGAACTCACCGTTGAATACGATACGTCCTCCCTCTCTCTGGCGGATATCCTGTCCTCGGTGCAGTCCGCCGGGTATGATATCCCCCTGAAAAAGATCCGCATCCCCGTGGCCGGCATGACCTGTGCCAACTGTGCTTCCACCATCGAACGGGGACTCACCCGGAAGATTCCCGGACTGTATAAAGCCGCTGCCAGTTTTGCCGATGAATCGGTTTCAGTAGAGTATGTCCCGGGGCTGGCTTCCCCTGAAATGATGGCTGAACAAATTATTGATTTGGGCTATACGCCCTTAACCGATCAGGAACCGGGTGAAGAATCCACCATAGATACACATCACCGGTACCAACTAAGGGCTTTATGGACCGGAATTCTTTTTACAGCGCCCCTTTTTATTCTGAGTATGCTCCGGGATTTCGGCATCCTGGGCATGTGGAGCCACGCCCTGTGGATGAATCTTGTCTTCGCCTTTCTGGCCACCCCGGTCCAGTTTTATACCGGATTTGATTACTATAAAAACGGCTGGAAATCCCTCCGGAACGGATCCGCCAATATGGATGTCCTGGTGGCTTTGGGAAGTTCCGTGGCATATATCTATTCGTGGATTGTCATCCTGTTTCCAAATGCAGGAGACCACGTGTATTTTGAAACAT
NZ_AP035449.1_gap65	2371974	2374763	2789	GAAGTTAGCGTCGCTTCGCTCCTGATATGTCCATCGATTTAATCATCCAATCAAACCAATCGAATCAATCCCCCGTGAAATATCCCGGTAAACCGGGTCCCTTTTCACGGGGCAGGCAATCATCTCCTAGAAGTTGGAAGTTGGAATTTGGAAGTTAGCGTCGCTTCGCTCCTGGTTTGTGTCGAGGTGTAGGGACAGGCTGCGGCCTGTCTGAAGTTGGCGTCGCTGCGCTCCTGATGGTTGGTTCAAGGGCTCAGGGGTTCAGGGGTTCATGGGCTCAAGGGTTCAATAGCCGCTACGCGGTATTCCAACGCCTGACGGCGTTCAACCCCCATTTCATGGGGTTCAAGTACCTCACTTCGTTCGGTGTTCAAATGCTGATGCCTGGAATCCTTGAACGCCGAAGGCGCTTGAATGCTGAACGCAGTGAAGCCATTGAACGGCACGAAGTGCCGCTTGAATTATTAATTGCCGCTTTGCGGCTTTCAAACGCTGCTGCGCAGCGTTCAAGGATCTCACTTCCTTCGATCTTCAATCCCAGCTTTGCAGATTTCAACAGGTGACTGAACTTCTTTTTTGAAGACTGCGAAGCAGTGCTGGAATGCTGAACGTAGTGAAGCCATTGAACGGCACGAAGTGCCGCTTGAATTATTAAACGCCGCAGGCGTTTGAACACTGAGCGCAGCGAAGTACCAATCCCCCCAATCATCCCCCCAGCCTCTCCGCGCTCTCTGCGAGAATCCCCAAAAAAACTCAGTCCCTCTGCGCCCTCTGCGCCTCTGCGGGAGAAAAAACTCAACACTCAAAACTCAACACTCAAAACTCCAACTCTCTACTCATCACTCATCACTCATCACTCTCTTAAATGTATTCTTCCCAACTCCGCACACTCAGATCCTTTTCTTCATAACGGGTCATGGCATAGACAAACGCGCTGGCCAGCCGGGCATTCGTGATAAGAGGGATATTATGATCAATGGCACTCCGGCGGATTTCATAATCGTTCTGAAGTTCACCCGTCGTCAGATTTTTGGGAATATTGATCACCAGGTCAATCTTTTTCTCCCGGATATAATCCAGGGTGTTGGGCTTTTTATCCTCATCAGGCCAATGGAGAACTGTTGTTTTAATCCCGTTTTTCTTTAAAAAATCATGGGTTCCCCTTGTGGCATAGAGCTTATATCCCTTTTCCTGGAGGAGCCGGCTGCTGATAATCATTTCCACTTTGGAGCGAAGGGGTCCTGTAGACAGGAGAATACTCTTTTGGGGGATACGGTAGCCGACTGACAGCATGGCTTTCAAAACAGCATCATACACATCTTCACCCAGGCACCCAACCTCGCCGGTAGAGGACATATCCACCCCCAGAACCGGGTCCGCTTTCGCCAGTCTTGAAAACGAAAACTGGGAGGCTTTAACCCCGACATAATCCAGATCAAAAATAGACTTATTCACGGGAGAAACATCCACCCCCAACATGACCCGTGTGGCCTGATCAATCAGATTCACTTTCAACACCTTCGAGACAAAGGGAAAACTCCGGGATGCCCGAAGATTGCATTCAATCACCTTAATCTGGTTGTCTTTCGCCAGAAGCTGCATGTTGAAGGGACCGGATATCCTGAGTTCCCGGGCAATACTCCGGGCAATTTTCTTGATACGCCGGACTGTTTCCAGATAAATCTTCTGGGGAGGAAAGACGATAGTAGCATCCCCCGAATGAACTCCGGCAAATTCGATATGTTCTGAAATGGCATAGAGAATCATGTTCCCGTCTTTTGCCACGGCATCAATCTCTATCTCTTTGGCTTCCTCAATAAATTTGGATACAACCACTGGATACTCTTTGGATACATTGGCCGCCAGGGAGAGAAAATGTTCCAGCTCATCCCGGTTGGATACGACATTCATCGCGGCGCCGGAAAGCACATAGGATGGCCGGATAAGGACAGGAAAGTCCACCATATCCACAAAGCGGTGAATATCCTCAATGGAAGTTAGTTCCTGCCATTCGGGCTGATCAATCCCAAGACGGTCCAGCATGGCAGAAAACTTGTGACGATTCTCGGCATTATCAATGGATACCGGCGACGTACCCAGTACCGGTATCTTTTGACGGTAAAGCCGCATGGCCAACGTATTGGGAATCTGTCCCCCGACAGATACGACAACGCCTTTGGGATTCTCCAGCTCCGCGATATCCATCACACGTTCCAAGGTCAGTTCATCAAAATAAAGACGATCACATACATCATAATCCGTACTCACGGTTTCAGGATTATAATTGATCATCACCGACCGGTATCCCTGTTCATGGATGGTTTTCAGGGCACTGACACTGCTCCAGTCAAATTCCACCGAACTTCCAATCCGGTACGCCCCGGAACCCAGGACAATCACTGATTTTCCATCCTGTGTGTATGTCACATCATGGGTTTGACCGTTATAGGTAAGATATAAATAATTCGTTTTTGCCGGAAATTCACCGGCCAGCGTATCTATCTGCTTCACAACAGGATGGATACCCCGGCGTTTCCGTTCCTCACGGACTTTGAACAAATCAGTTTCGATGGCATGGTTCGGACTTTTCAATACTGTCCGGGCAATTTGAAAATCAGAGAATCCAAACTGTTTTAACCTGAGCAGAAGCAGGTCGGGAATATCCGGGAGTGTTGAATACTCAGATAGCTGTCTGTGCAGGACTACGATATTTCTTAATTTTTCCAGAAACCAGGGATCGATGCGGGTAAGGGCATGAATTCTGTCCACGGAATAACCGGTCATCAGAG
NZ_AP035449.1_gap66	2443916	2445379	1463	CGGTTTCCGGATCTCCGATGGCATTGGCGCCCGTTCCCATGTAAAGAGGATTCCATTCATCAACAGGGACATCGGTAAAATTATTAAAGGCATCAGCCCGGAGCCCCAGGTTGGCAATCATTCCCTTGTATTCCATGCGGTCCTGAATATAGGCTGCCAGGGTCAGGGGTTTTGCCTTGTAGTATTCGGCAAATCCCGTTTTGTAGATGAAGGCATTCACGTAGGCACTGGAAACCGAACTATAGTGCATATTCCTGGAAGTTGCCTGAAACCCGGTCTTTAATTGATGATTGTGGGTTATTTGATTGACATAATCTCCACGGACGGCCCAGATGTGGGTTCTCACATCCTGATTGTAGGATGTTGCAGAGGGATCCCAGACCAGACGGGTATAACCTTCATCCCAGTTTCCCTGAGGTACCTGCCACTTGGTGGAAAGAGGTGTGGTATTTACTTCATACCGTTCGTACGTATGGGAAAGTGTGAGGTCAAAAAAAGCATCAGGCGTAAACAGGTAAGTAAAATTAAAGGATTGGATCCAGGCAAATTCATCTTTGGGAGGAACGGTAATCAGCAAATATTTGTGCTGGCCACTGTGAAAAGAGAGGCTTCCCACGGGGGAGGCCCAACGGACATCATCAGATCCGGAAAAAATACCGCTTCGGTTGTGCTGATACTGGAACATGGAGCGGAGGGTCAGTTTTTCACCCAGTTTGCTGACAGTGGTTAAATTGATGTTATCATAGTCCGTATATTGCTCATTCGTAGGCAGCCGGGTTGGTTTTTTCCGTTTTTCACCGGAAAGAAAGAAGGTCCATCCAGGCAGTTTGCCGATGGGGCCGCCAAATCCAAAGAGCAGACGTTTATAGGCCAGATCCCGGTAATCGTAGACTCCCAGCAGATTTTCATCATTTGTCACAGAAGACAGCTGCCATTTCTTGCGATAAGCGGGGACAATACCCGACTCGGTCGTATCGTAGACCTGTATCCATGTAAAGTTTTCCGCCACATCCATGGATTCCCCTTCGGGAGTCCGGTTGGAAAGCCACTGATTGTAGTAGTCTGCCGCCAGAGAATCCTTCAGGGAAATCCGGTAAGGTTCATACGTACCAGTTGTTTCATTGTAAGTATAGAGGTTATAGGGAACACCATTTTCCGTGTAGGGATCCCCAATCTGCTGATCCTGGGGAAGTTGAAAGTAATTTGCCTTAAACCAGGCTTCCAATTGACCCCACTTTTGCCATTCAAACTGGTTCTTACTGTACAGATAATCCCCAAAGTGATATTTCCCAGGTGCCCGGTATTCCAGGCGGACTTCTCCCTGAAATTCCGGGGAGCCTTCTTTGGTCACAATTTTCACCACACCCGATTGGGCATTGCCATACTCGGCACTGAACCCGCCGGAAATCAGTTCCATTTGTTTAATACCCAGGGGATTGAAATCATATTTCCAGGATGTGTTT
NZ_AP035449.1_gap67	2490299	2492506	2207	GGCAGGGGAAAGAAAAATTTTCCGGGAAACAGGTCCTGGTATTAGGTGGTGGTAACACCGCCATGGATGCGGCACGAACAGCCAGACGGCTGGCGGGAAAAGATGGGGGTGTTACTATCATCTACCGGCGGACCCGGCGGGAAATGCCGGCAGATCAGGATGAAATCTCGGCTGCCCTGAAAGAGGGTATCAAGCTGATGGAACTGGCGGCGCCGGAAAAAATCCTGTCTGAAAAGGGACACGTCACCGGACTGGTTTGCAGCCGTATGAAACTGGGGGAAAAAGATGCTTCCGGGCGACCCCGTCCGGTTAAAATCGAGGGAAGTGAATTCACACTGAAAGCAGATACGCTGATTCCCGCCTTTGGCCAGGAACGGGATATACCTTTTATGTCTGCAAATGACCTTGAAATCCGGGATTCTGAGACCCGGGAAACACAAATAGATAACATTTTTATTGGCGGAGACGCTTTCAGGGGGGCTGCAACGATCATCAAAGCCATCGGAGACGGACGACAGACGGCCCGGGTGATTCTTGAACGGTGCGGACAGGCACTTGAAACAGCCCGGCTTACCATCCCCCGGGAAAGCCGTTCACACCGGGAGCACCACAAAGCCCGGGCACGAATTGTTCCAGGTGTACATCCTGAAGAAATCCCCCTGGAAAAACGGGACGGGCAAAACCTTGTGGAACTCACACTGACACACGAGAATGCCGTAACAGAAGCGTCCCGCTGCCTGCTGTGCGATGAGGTCTGCGATATCTGTGTTACGGTGTGTCCCAACCGGGCAAACATCTCCTACACAGTAGAACCTTTTGAAATTCCCCTGAAAAAAATCCAGTGGAAAAACAAGCAGATTGAAACGAAAAAGGATGGTATATACCGGATCCGCCAGCCTTACCAGGTCTTGAATATCGAGGATTTCTGCAACGAGTGCGGAAACTGTACGACATTTTGTCCCACCGCCGGGGCACCGTATAAAGACAAGCCCAAAGTAGCCCTGACGGAAGAGAGTTTCCGGAATATGACAGAGGGGTTTTTCCTGGAGAACCGGGTACTCCGCTATAAGAAAGAGGATGAAATCCTCTCCCTGACAGAAACAAAAGACGCCTGGATATACGAAGGCAAAGATTTTTCCGCAATCCTGGATCAAAAGTCCTTTGAAATCCGTAGCATAGATATCTCATCACGGGAACAGAAAGAGATCCGTCTGCATGACGCCGTCACTATGAGTCTGATACGAAAAACACTGATACACGAAAGGATAGGATATGAGAACCGCTGAATATATCCGGCAAAAAGCCCGTGAATACCGGAATGACACTGCCCAATACCTGTCAGAGATGGTAAAGATTCCTTCTGTCAGCTGTGAAGAGAAAGAGGTGGTGCTTAAAATCAAGGAGCTCCTCGAATCTGCCGGTGTCCACAATGTGCGGATTGATGCCCTGGGAAACTGCATTGCCCGGGTGGGAAACGGACCGAAAGTTTTGGCAATTGATGCCCATATTGACACAGTGGATACGGGAGATGAATCCCAATGGGAGTTATCCCCTTTTTCCGGGATTATCAAAGACGGGTATGTCCACGGCCGGGGAACGGTGGATCAGGAAGGGGGTGCCGCGGCCATGATCACCGCCGCCCGGATACTGACGGAAATGAAATATGACGGTGACTATACCATCTATTTCACCTTTACCGTCATGGAGGAAGACTGCGACGGCATGTGCTGGGAATACCTGATCACCGAGGAAAAACTGGTCCCCGATTTTGCCGTTATTACCGAGCCGACGAATCTGGGAATTTACCGGGGACACCGGGGACGGATGGAAATGGAGCTTTATTTTAAGGGGCTCTCAGCCCACGGCTCAGCGCCGGAACGGGGAAAAAATGTGATCTATTCCGCTTCAAAGGTGGCCCTGGGAATCGAAAAACTGAATGAAAATCTCCGTTCAGATCCTTTTCTGGGCAAAGGAACCATCGCCGCCACCCTTTTCCGGAGCCAATCTCCCTCTTTGTGTGCCATTCCCGATCTTGCCCGTATGCACATTGACCGGCGCCTGACCTGGGGAGAGGACAAAGAAAGTGCTTTGGCGGAATTGAAAAAAATCTGCGGCAAAGATGTGACAATAGAAGTCCCGGAATATCACCGCCCAAGTTATCAGGGCACTGTTTATACCGTTGAAAAGTATTTCCCCACCTGGAAAAT
