gap_id	start	end	length	sequence
NZ_AP027079.1_gap1	11295	12061	766	AGCAGGGCGCCCACTTCGTCGCAAATCTCGCGGAAGAGGGGGAAGTTCCAGGTGCGGCTGTAGGCCGAGGCGCCCACGACGATCATCTTGGGCTGGTGCTGCCGCGCCAGGGTGCGGACCTCGTCCATGTCCACCCGCTCGTCTTCCTGGCGCACATGGTAGGGCACGAACTTGTAGAGGATGCCGGAGCTGTTCAGGGGGTGGCCGTGGGTGAGGTGGCCGCCGTGGGCCAGATCCAGGCCCATCACGGTGTCGCCGGGCTTCAGGGCCGCGAGGTAGACGGCCATGTTGGCCTGGGCGCCGCTGTGGGGCTGCACATTGGCATGCTCGGCGCCGAAGATCTGCTTGGCCCGGTCGCGCGCCAGGTTCTCGACGATGTCCACCTGGCTGCAGCCGCCGTAGTAGCGCTTGCCGGGATAGCCTTCCGCGTACTTGTTGGTGAAGTGGGAGCCCATGGCCTGCATGACGGCGCGGGAGGCGTAGTTTTCCGACGCGATGAGTTCCAGGTGGTGCCGCTGGCGCTGCACCTCCAGCTCGAGGGCCTGGAACACGGCGGGGTCGGAGGTTCGGATGACTTCGTACATGGCGGGGGCTCCCGGGTGATGCCCCTATCCTAGCCGCGGTGCGCCAAGGCCAAGGAAGCCTCTTCGTGAGCGGAATCACAGGTCCGCGGCCGTGCGACACTGGAGGGCCGGAGTTCTTATGCCCTTTCTCCCGCCCCACGATGGTCCCGAGCTGGAGCGATTCGAGCACCCCCTGGCCAGCC
NZ_AP027079.1_gap2	14006	14668	662	GCGGGCAAGGGCCGCCTGCTGGAGATCCGCGTCCCCTCCTTCCACGGGGACCTGCTGGTGCTCCAGATCCGCGCCTTGGAGGGCCAGTCCCTGGCCAGGAAGGACGCCCCCGCCGGCGTGAAGTGGGTGGAGGCCCCGCCCAGCTCCCGCGATGTGGCGGTGAGCGCCGACCTGCTGGCCCACCTGGATCTCACGGGCGACGGGAAGGCCGGTGTCCTCACCCTGGGCTTCGACCCCGTCCTGTGGGGCATCCTGAGGCCCGCGATGCGGGTGCTGGGACTGATGGACTGACGCCATCATGGCCAAGAAACTCGACGAACCCCAGGAGCGCGGGGACTTCTTCAAGTCCCTAGGCACCCTGTTCGCGGGGTTCGTGGCCAACCGGATCGAAGAGGCGGTGACGGGGCTGGGGCCCAAGCTCCTGCGCCCGCCCGGGGCCCTGGACGAGCTGGCCTTCCTCACCAAGTGCACCCGCTGCGACAAGTGCATGCGGGCCTGCCCCGAAAACGCCATCCTCAAGGCCGGACCCACGGCGGGGCTCGCCCTCGGCACCCCCTACCTCGATCCCCGCAGCGTCCCCTGCTTCCTGTGCACAACGCTGCCCTGCGTGGCGGAATGCGAGGACGAGGCCCTGGTCTGGCCGCGGCTCGTCCGGGCCGACG
NZ_AP027079.1_gap3	16375	18424	2049	CACCGGCCCGGGACCATCCTGGCCGCCAATGTGATGGGCCAGTTCGGCGCCGTGGCCGAGCGCGTGGTGGAGGGGGCCTTCGGGAAGGCCTCGCCCTGGGCGGCGGAGGCGGAGCGGTCCGATCCCCTGGTGGAGGCCCTGGAGGCCTGGACGCGGCGGGCCCTGGAGGCGTTCCTGGAAACCCTGACGGGGAGCGGGGCGGCGCTCTGGCTGATCCACGACCGGGGCGCGGCCTTTGGCCCCGGATCGCTGGACCTGGGGCCCTGGGCCGACCCCTGGACGGCCCAGCTGCGGGGAGGCGTGGAGGGTCTGGAGGTGAGCGATCCCCTGACGGGCCTGGATGTGGGGGCGGCGCTGAGGGCGGCGGGGCGGGATCCGCATCGCCAGGATCGCTGGATCTGGCCCCTGGCGCCGGACCAGCGCCATGTGGTGGAGGCCCTGGCCAGCCGGCCGGCCGCCGGGTGAATCCGCTGTGGCCTCCGTCAACCCTTGTCCCCACAGACGGCATCCACCGCCATACTGTCTTTCCTTGGAGATGGAACGGCATGGCGTGGTTGGGATGGGCGATGGCAGCGATGGTCCTCATGGGCCTGGGCAACCTGGGCATGAAGGCCGCGAGCCATCACGGGCTCAGTCCGGCGGGCGTGCTGTTCTGGGTGGTCGTGGGCGAAGTGCCGCTGGCCCTGGCCTACTGGCTGTTCCGGGGCCGGCCTTCGACGCCGCCCGCCGGCGCGGCCTGGGCCGTGGGCGCGGGCCTCTTCACGGCCCTGGCCCTGATCTCGGTCAACGAAAGCTTCGCCCGCGGCGCCAAGGCGGCCGTGGCCGTCGGCATCATGAACGCGAATTTCGTGGTGGTGGCGCTCCTGGCCTTTCTTCTCTTCCGCGAACAGCTCCAGCCCACCAAGCTGGTGGGGCTCGCCGCCACGCTGTCCGGCCTGTGGCTGATGGCCCGCTGATGCAGGAATCCTGAAATGCCCAATTTCCGAAGACTCCTCCTGGGCCGCCGCCTTGCCAGCGAGGAAAGCCACGAAGCCCGGATCAGCAACCCCGTGGCCCTGGCGGTGTTCAGCTCCGATGCGCTCTCCTCCGTGGCCTACGCGACCGGCGAAATCATGGCCGTGCTGGGCCCCTACATGGCCATGGCGGCCTTCGGGCCGGCGGTGCTGTCCTGGTCCTGGCCCGTGGCCGTGGGCATCGTGCTGCTGCTGACCATCCTGACCGTCAGCTACCGGCAGACGATCTTCGCCTATCCCAGCGGGGGCGGCGCCTACATCGTCGCGAAGGAGAACCTGGGCGAGGTGCCGGCTCAGGTGGCCGGAGCCTCGCTGCTGGTGGACTATGTGCTCACGGTGGCGGTGAGCGTGTCCGCCGGCGTCACGGCCATCACCAGCGCCTTCCCCGCGGCCGATGCGCACCGGGTGGCCCTGGCCTTTGTCGTGGTCACCATCATCGGGCTGATCAACTTGCGCGGGGTGAAGGAGAGCGGCGCGGTCTTCTCCGTGCCGACCTACGGCTTCGTGATCTCGATGTTCGGCATCATCGGCCTCGGCTTCTGGCGCTATTTCGCGGGCGGCGTCTCCGTCGGCGAGCACCACGCGGCGGCGGCGCCCCCCTTCCCGGGCTGGCTGGCCATCTGGGTGTTCATGAAGGCCTACAGTGCGGGCTGCACGGCCCTGACCGGGGTGGAGGCCATCTCCAACGGCGTGTCCGCCTTCCGGGAGCCCACCGCGCGGAACGCGGGCAAGACCATGGTGGCCATGGTGCTGATGCTGGGGGCCATGTTCCTGGGCATCACCTGGCTGTCGAACCATTTCGGCATCATCTACACCGGGGAGGGCGAGTCCCTGCTGTCCATGCTGGAGCGCCGGATCCTCGGGACCGGCCCGGGGCTCCCCCACATCACCTACCTGATCGTGCAGGCCTTCACGATGCTGATCCTCTGTCTGGCCGCGAACACCGCCTACGCGGACTTCCCGCGCCTGGCGGCCATGATGGCCCGGGACGGGTTCCTGCCGCGGCAGTTCTCCAGCCAGGGGGACCGGCTGGTCT
NZ_AP027079.1_gap4	28535	32946	4411	TCAGCTGAACCTTGACCCTCAACCCGCAGCGAACGGAGGAATCCCCATGACGACTTGCGAGCTGGAAACCCTGAAGGGCCTCATCGACTCCACTCCGGATGTGGCCGTCCTGATCAACCTGCGCGACTACTATGCCCAGCGGTCCCTGCCCGAGAAGGGCGTGGACAGCGAGGTGGTCTACGAGTGCCCGCGCACGCAGATGATGATCCGGACCGCCGTGAAGGGCACCACCATCGGCCGCCACTTCCACACGGTCTGCGACGAGTATGTGATCGTGGTCGGCGGCAAGGGCGAGATCATGGTCAACGGCGAGTGGAAACCCGTGAAGGCCGGCGATGTGCATGTCTGCCCCCGGGGCATCGTCCACGACACCCGGGCGCTGGAGGAGGATCTCCAGTACCTGTCGATCTTCACGCCGCACCTCCCTGCCGGCACGGACATCAACTGGCTTAAATAGATTCCGAGGAGGACTCGCCATGACTGCACTGCTTCCCAATGTCGACCCGGATGGACTGCTGGAATTCTCCGTGGTCTACACCGACCGCGCGCTCAACCACATGTCTAAGCGCTTCCAGCAGGTGATGCGGGAGATGAACCGCATCCTCGCGAAGGTCTACCACGCCCAGGCCGCGGTGATCGTCCCCGGCAGCGGCACCTTCGGCATGGAGGCCGTGGCCCGGCAGTTCGTCACGGGCAAGAAGGCGCTGGTGATCCGGGACGGCTTCTTCAGCTTCCGTTGGTCGCAGATCTTCGACATGGGCGGGATTCCCGCCTCCCACACGGTGCTCAAGGCCAAGCGCACCGGCACGGATCGCCAGTCCCCCTGGGTGCCGACGCCCATCGCCGAGGTGGTGGCCGCCATTGCCGCCGAAAAACCCCAGGTGGTGATCGCCCCGCATGTGGAGACCGCGTCCGGCATCATGCTCCCCGACGACTACATGAAGGCGGTGGCCCAGGCCACCCACGCCGTGGGCGGCCTCTTCGTGCTGGATTGCGTCGCCTCGGGCTGCATGTGGGTGGACATGGAGGCCATCGGCGTGGATGTGATCGTGACCGCCCCCCAGAAGGGCTGGAGCGGCAGCCCCTGCTGCGCCATGGTCATGCTCTCCGAGAAGGCCAAGGGCGTGATGGAGACCACCACCAGCACCAGCTTCGCCTGCGACCTCAAGAAGTGGTCCGCGATCATGGACGCCTACCTGAAGGGCGGCCACGCCTACCACGCCACCATGCCCACGGACGCCCTGGCGAAGGTGTGTGCGGTGATGCAGGAGATGGAGGCCTACGGCTTCGACAAGCTGCAGGCCGAGCAGGCGGACTTGGGCGCCAAGGCCCGCATCCTGCTGGAAAGCTGCGGCCTGCCCAGCGTGGCGGCCGAGGGTTTCAAGGCCCCGGGCGTGGTGGTGAGCTACACCACGGATCCCGACATCCAGTCCGGGAAGAAGTTCCTGGCCGCGGGCCTGCAGGTGGCCTCCGGCGTGCCGCTCCAGTGTGACGAGCCGGCGGATTTCATGACCTTCCGCATTGGTCTGTTCGGGCTCGAGAAGTTGCACCATGTGGATCGCACCGTGGCGCACCTGGCCGCGGCCCTGACGGAAGTCGGCCTCCGCGAAGTGGCTCCGGCCCGGTAAGACAAGCCTCCCGAACGAGAAGCGCCCGGCCGTCGCCGGGCGCTTCCTTTTTGGGGATGGCTACCGTCCGATGACGCCCGTCATGGGGCTGCTGGCGCTGGCGTAGAGGCGCTTGGGCATGCGCCCGCTCTCGAAGGCGAGCCGTCCGGCGATCACGGCGTGATCCATGGCCTGGGCCATCTTGGTGGGCTCGCCGGCCTCGGCCACGGCGGTGTTGAGCAGCACGCCATCGGCGCCCAGCTCCATGGCCAGGGCCGCGTCGGAGGCCGTGCCGACGCCGGCATCCACGATCATGGGCAGCTGGTAGCTCTCGACCACTTCCTTGATCAGCAGCAGCGTCATGGGGTTCTGCACGCCCAGGCCCGAGCCGATGGCGCTGCCCAGGGGCATGACGGCGGCGCAGCCCGCATCGCAGAGCTTCTTGGCGAGGATGGGATCGGCGTTCACATAGGGCAGTACCGTGAAGCCCTCCTTCACAAGGATCCTGGCGGCTTCCAGGGTTTCCTCGTTGTCGGGATAGAGCGACTTCTGGTCGCCGATGACCTCGAGCTTCACCCAGTCGGTCTGCAGGGCCTCCCGCGCCAGGCGCGCCACGCGCAGGGCGTCCTCGCGGGTGTAGCAGCCGGCGGTGTTGGGCAGCAGGGCGATGTCCTTGGGAATCCAGTTGAGGATGTTGTCCTCGCCCTTGGCGCCGAGGTCGAAGCGGCGCACGGCCAGGGTGACCATCTCCACCCGCGCGGCCCGGTAGCAGGCCTGCATGGTGGCGAAATCTTTGTACTTGCCCGTGCCGAGGACGAGGCGGTTGCTGAAGGTCTTGCCGGCGATGACCAGGGACATGGGGCGCTCCGAACCTTCAGTCTAGCTCCGGCGGACCCCCCTCGTTCAGCGGGGCGGAATTCCCGGGCAGGTGAGGTTCAGGGTGCGGTCGCCGGCGGGATCCCGGTAGAGGACCCGGATCGGCAGCGGAGCATGGGGATCGCGGCTCCGGATGAACACCAGGCCACGGCGGCTCCGGCCGGGCGGCACGGGCCCGGGTACCCAGGCCTCGCCCCGGAAGAAGTCCTCCAGGCGGCGATTGCTCCGGGCGGCCACGACCGCATTCGGGATGCCGGTTCCCAGCCCCACCACCCCCAGGGCGCCGAAGACCGCCAGACCCAGGCGGTCGCCGCCGCTGCCCACGGCCAGGATTCCCGGGAGGATCGGGTAGAGGAGGTAGGCGGCGCTCCGCTGCCGCACCAGGAGCAGGGCGGCCTCGGGAGCCAGGCCGCCGGCCTCGTCTGGCAGCTGCAGACCCAGGACCTCAACCCCCTGGTCGGAGGCATTCTCGAGGCTCAGGACCGCCACGCGCAGGTGGGCGTCGAGGGCCTTCCGGGCATAGCCCGAGTTGTCCCCCCAGGGCTGGAGGGCGAGGCGTCCCGACAACGCTCCGCCGTGGACCTCCACCGGAGGCGCCAGCAGCGCCACGGGCCGATAGATCCGGGCGCAGTCCAGGCTTCCAATTACGAGCAGCAAGGTGCAGAGGAGCGATCGCATGGGACCTCCCCGGGAGGCCTCGCCCCGGCAGAGCAGAGGGGCGTTCGATCGCAGTTTCCGCGTACGGCCGTCCGACCTCAACCGACGGGCAGGTGGATAGGTCTCGGTCAAAGAAGAAGCTGCGGTCTCCCCGGAGGGCCATACGGATGGGTATGGTAGGCTGCGGGTCCCGGCCCAGGTCTGCATGCCCGTTCCCCGCAAAAAGCCCCCTCGCCCCGCGACGCCCCTCTCGCCCGAGGCCTGGGTCCAGGCGGCGCAGGCCCTCATCATCCGGAAGGGGATCTCGGCGGTGGCCGTGGAGCCGCTGGCGCAGGCGCTGGGCGTCACGAAGGGGAGCTTCTACTGGCACTTCGAGAATCGAGACGCCCTCATCCGCGCGGCCCTGGAGGCCTGGGAGCAGGACCAGAGTGCCGATGTGGTGGCCCGCTACGGGGGCATCGCGGATCCCCGGCGCCGCCTGCGGGTGCTGCTCTTCGCCGCCTTCGAGGATCTGGAGAACGGGCTGTTCTTCGCGGCGCTGGCGGTCTCGAGCGGGGACGCCCGGGTGGCCCCCTTCCTCCGCCGCGCCACGGAGCGCCGCCTGGCCTTCGGGGTGGAGGCCTTCCAGGCCCTGGGGCTCTCCGAGACCGAGGCGCGCCAGCGGGCCCTGCTGGCCTATGCCGCCTACGCCGGCTACTTTCAGCTGCTGCGCACCACCCCGGAAGCGGTGGCGGCGGTGACGGATCTCAGCGGCTATGTGCGGCGCCTGGCCGATGCCCTGGTGCCCGCTCCTGGCGCTGCGGCGCCCACCCCCAAGGCCTGAGCTTCGGCCTGAGCTTCCGCGCTTGATCTTCAGGATCCAAGGGCGTTCCATGGAGCCATCTTGGGGGGGGAGCATGCCCACGATCCTGACCGTCCCTGGCTATCAGAATTCCGGCCCTGGCCACTGGCAGAGCCTGTGGGAGGCCAGCCTGGGCGGCGTGAAGCGGGTGGAGATGTCCAGCTGGGAGCACCCGGTTAAGGCGGCGTGGGTGGAGGCCCTGGACGAGGCCATCGCCGACTGCCAGGAACCGCCGATCCTGGTGGGGCATTCGCTGGGCTGCCTCGCCATCGTCCACTGGGCGGAGGGCCATGACCGGGAGATCCGGGGCGCGCTGCTGGCGGCTCCCTCGGATGTGGAGCGACCCGACGCCTTGGCGGTGCTGCGCCCCTTCGGGCCCATCCCCCGCCTGCGGTTGGCCTTTCCCGCCATCGTGGCCGCTTCCTCGGAC
NZ_AP027079.1_gap5	144770	147085	2315	GTGCGGGCCATGCGGTCCACATTCTGGTCCTTGGCCAGGCGCGTGGTCTGCTTGAGGATCTCGCTGTAGAGGATGGGCAGGTACCGCGAGTAGTAGCGGATGCTGTCCTCCACCAGCAGGATCACGCGGGTGAGGCCGACCCGGGTGTCGTTGAGGACATTCGCGCTGTCCTCCATGAACTTCACCATGGCCATGAAGATCTCGGAATTGCCGTTCCACACGAAGATCTGGTCGTAGTGGCGCAGCAGATCCTGGCGCCGCCGGTCCATGACGCCCACCTCCACATTGTCGTTCAGCAGGAGGTAGATGGGGATCTTGGCGTCAGCCCTGCGCAGGGCGCGGGACAGCTCGACATGGCCGCCCTGGCCCAGGCGGCTCATGACGATGATCATGTCGAAGTGGCGGCTGGCGCATTTTTCCAGGGCTTCATCCACGGTGGACACATTGGTCACCCGTGGCGGGTTGCTCATGTTGAGCTGGTAGTACCCCTCGAAGAGGATCTCCGTCAGCAGGCCGTCCTGCTCCAGCGTGAAGGCATCGAAGGCGGGCGCCACCAGCAGGATCTCCCGCGCGCGCAGGGGCATCAGGTCATGGAAGATTTCCTTGTCCGTGGCGTACTTGTGGAAGATCTCGTTGAATTCGCGGCTGATCATTGGGGCCCCGGCGATTTCAGGCAGTGTAGCGATCTACGCAGAAAAGGGGGGCCGCATGCGGCCCCCCTTTTCTGCGTACGGGAAAGATCGGGAACTACACGAGCCCCTGGTCGATCATGGAGTCGGCCACCTTGATGAAGCCGGCGATGTTCGCGCCGTTCACATAGTTGCCGGGGGTCCCGAAGCGGGCGGCCGCGTCGGCGCAGGACTTGTGGATGTTGATCATGATCTGGTGCAGACGGGCGTCGACCTCCTCGGCGGTCCAGCCCAGGCGCATGGAGTTCTGGCTCATCTCCAGGCCCGAGGTGGCCACGCCACCGGCGTTGGAGGCCTTGCCGGGGGAGAAGAGGATCTTGCCCGTGTTGGCCTGGAAGAACTCCACGGCATCCAGGGTGCTGGGCATGTTGGCGCCTTCGATGACGGCCTTGCAGCCGTTGGCCATCAGGTTCTTGGCCTCGTCGAGGTTCAGCTCGTTCTGGATGGCGCAGGGCAGGGCCACATCGACCTTCTGCTCCCAGGGGCGCTTGCCGGCGTGGAACTGGGCGGTCTTGAACTTCTGCGCGTAGGGGGCCACGGACATGCGGTCGATGCGGAGCATCTCGGTCATGTACTCGATCTTCTCGCCGCTGATGCCGTCGGCATCATAGATGTAGCCGTCGGGGCCGGAGATGGTGACGACCTTGGCGCCCAGCTGGGTGGCCTTGGTGACGGCGCCCCAGGCGACATTGCCGAAACCGGACACGGCCACCTTCTTGCCCTGCATGCTGTCGCCCTTGGTCTTCAGCGCCTCTTCGGCGAAGTAGACCACGCCGTAGCCCGTGGCTTCGGGGCGCACGAGGCTGCCGCCCCAGTACTGGCCCTTGCCGGTGAGCACGCCGGTGAACTCGTTGGCGAGCTTCTTGTACATGCCGAACATGTAGCCGACTTCGCGGCCGCCCACGCCGATGTCACCGGCGGGCACATCCGTGTCGGGGCCGATGTGGCGGAAGAGCTCCATCATGAAGGACTGGCAGAAGCGCATCACTTCGGCGTCGGACTTGCCGTTGGGATCGAAGTTGGAGCCGCCCTTGCCGCCGCCCATGGGCAGGCCGGTGAGGCTGTTCTTGAAGATCTGCTCGAAGCCCAGGAACTTCAGCGTGTCGAGGGTGACATTGGGGTGGAAGCGGATGCCGCCCTTGTAGGGCCCGATGGCGCTGTTGAACTGCACGCGCCAGCCGTTGTGGATGCGGATCTGGCCCTTGTCGTCCACCCAGGGCACGCGGAAGGAGATGGCGCGCTCGGGCTCGACCATGCGCTCGAGGATCGCGTTCTTCTTGTACTTGGGCTCCTTCTCGAGGACCGGGGCGAGAGAGTGGAGGATCTCGGTGGCCGCCTGGATGAAGAGGCTTTCCCAGGGGGCCTTCTTCTTGAGGCCCTCAAGGACTTCGTTGACATACTGGCTCATGGTTCCTCCGGTGAAGGAAGGGGGGTGGAACCGGCGCCGGAGCTCCGGTCGGAAGGGTGCATGAAGGGAAGGTCCGCGGTGCCCGTCCCGAGGCTGCGCGGCATGGTTCAATGGCCGGAAACAGGACGACATGACTCTAGCCGCAGGAGCCGGGCCCGGGGAGAGGCGGCCCTCAAGAGGTGATGGGAAGCACTAAATCGGGGGTCTTTAGCGAGGAT
NZ_AP027079.1_gap6	148158	151722	3564	GGGAAATCGGTGCTCACCGTTGAAGGCCTGGCCCTGGACGGGAAGCTGAACCCGGTTCAGGAGGCCTTCCAGGAGCACCACGCCTTCCAGTGCGGCTACTGCACCTCCGGGATGATCATGGCCGCCTGGGCCTTCCTGAAGAAGAAACCGAAGGCCACGAGGGCCGAGATCGTCGACGCCATGGAGGGGAACCTCTGCCGCTGCGGGGCCCATGTGAGGATCCTGGACGCGGTCGAATCGGCCGGCAAGGCCATGGGAGGTGTGCGATGAGGCGCCGGGACTTCCTCCAGGGCGCCGCCGCGGGCGCGCTCACCTTTTTCTTCACCGCCCCCTTGGGCTCGGCGCCCATCGTGCCCACCCGGCCCGGAACCTACCCCGAGGACTTCAACGCCTACCTGAAGATTTCGGCCGATGGCCGCGTGGGCTGCTTCGTGGGGAAGGTGGAGCTGGGGCAGGGCGCCATGACCGTGCTGGCCATGCTCGTGGCCGAGGAGCTGGAGCTGGATCCCGCCCAGGTGGACATGTGCCTGGGTGACACGGACCTCTGTCCCTGGGACATGCCCACCGGCGGTTCCCTCACCATGTGGCATACGGCCCCCGTCCTGCGCGGCGCCGCTGCGGAGGCGCGGGCCGTGCTCCTGCGAATGGCCTCGAAATCGCTCAATGCCCCCGTCGCGGACCTGACCCTGAAAGATGGTGCCATCTGGGTGAAGGCGTCCCCCGCGCGCCGCACCACCTTTGGGGAGCTGGTGAAGGGCCGGAAGATGGAGCGGCACCTGGGCAAGGTCAAGCCCAAGCCCCTTACGGACTGCAGCGTGATCGGGCGCCGCGTCCCCCGCAAGGATGCCCTCGCCAAGGTCACCGGCGCCGCCAAATACGCTGGCGATCTCCGTTTCCCCGGAACGCTCCACGCCTGCATCCTGCGGCCCCCGGCCCACGGCCTCACCCTCGCATCCGCGGACACGGCGGCCGCTGAACGGATTGCTGGCGTCCGCATCGTAAGAGACGGCACCCTCCTGGCGGTGCTTCACCCCCAGCCCGACACCGCCCGCAAGGCCCTCGCCCTCGTGAAGGGCACCTTCGAGGGGACGGAACCCGATGTGGACGATGCCCGCATCTACCAATACCTCGTGGACAAGGCCGCGCCTGGTCAGCGCGTGGTGATCTCCCGCGGCGATGTGGCCGCGGGCGAAAAGCGGGCCGCCACCGTGGTGGAAGGGGAATACCGCAACGCCTACGAAAGCCACGCCACCCTCGAGCCCCACACCTCCGTCGCCAAATGGGAGGAGGGCCGCATGACGGTCTGGGCCTCCACCCAGTCGCCCTTCGTCTTCCGCGAGGCCGTGGCCGAGGCCCTCAAGCTGGGCCAGGACAAGGTCCACATCATCGCCCAGTTCGTGGGGGGTGGTTTCGGCGGCAAGCTCGTGGGCCCCGGGGCCATCGAGGCCGCCCGCATCGCCCGTCAGGTCCCCGGCGTGCCCATCCAGGTGGCCTGGAACCGGGAGGAGGATCTCTTCCTGGACGGCTACCGGCCGGCCGCCGTGGTGAAGCTCCGCTCCGGCCTGGATGCGGGGCGCGGCGCCATCACCTTCTGGGACAGCACCGTGGCGGGCGTCTCCCAGGGCGAGGCCGAGCTCCCCTACGACATGCAGGCGAACCGGTACCAGGCCCCGGCCGTCCCCAACCTCCATCCCCTCAAGGTCGGCGCCTGGCGCGCCCCCAACGCCCACACCAACGCGTTCGCCCGCGAAAGCCAGCTGGATGCCCTGGCGGCCATGGCCGGCGTGGATCCCGTGACCCTCCGCCGCCGTCTCATCACCGATGCCCGGCTTCTGCGCCTCCTGGATCTGGCGGTGGAGACCTTCGGCTGGGAGCCCGCACCCGGCCCCACCGGCCGGGGCATCGGCCTGGCCTGCGGCGCCTGGCGCCAGGGTCTCGTGGTGGCCCTGGCGGAGGTGGCCGTGGACAAGGCTACGGGGAAGGTCCAGACCAAGCGGTTCCTGGAGGCCGTGGATGTGGGCCTTGTTGTGAACCCCGACGGGGCCCGCCAGCAGGTGGAGGGTGCCATCACCATGTGCATCGGGCAGGCCCTCAGCGAGGAGATCCACTTCAAGGGCGGCCGCATCCTCGACAAGAACTTCGATACCTACCTTCTGCCCCGCTTCTCCGCCATCCCCCGCATCCAGGTCGTCTTCGCGGACAACGCCACCTCGGTCTCGCAGGGCATCGGCGAACCCCCGGTGGTGCCGGTGGCCGCCGCCCTGGCCAACGCCGTGTTCGACGCCACCGGTGCGCGGGTCACGCATGTGCCCTTCACGCCCGAACGGGTCCTCGAAGCCCTGAAGCGCGTGCCGGCGTAGGGGGGCCGAGAGGTCATCCATTTACACCAAGCAAATGTGTCGCGAATGAAAAGATGTCCGATTCAGGAAGCAGTTCGGCCCCGGGCCATGCAACGGATGGCCCGGGACGGGGCCGCCTCTGCGGGACGCCATGCAACGGGTCATGGGCAACCGAAGTGAGCGGAACCCTTCCCGCGGCCGAGACGAAGAGTCTTTCGGAGATCGCCTGCCGCAGCGTGAGGTATTAACAAAATCCTAACGCCGCCCCTCCAAACCCTAACGCCGCCCTAATGTCCTGAAGCTCATTCTGCTTCGACCGGCTGGTGAGCCGGGTTTGGAGCCTCGATGAAAGCCTCTCTTCTCCTGTGTGCGTTGGCAGGCTTGCCGGTGCTGGCTCAGATTCCACCTTCGGCTCCTGTCGGGCCCGGGCCAGCGAAGGCAGCGGAGCCCTTCGCCTTCGCCGACTTCACCTGGCTCAACGGGAATCCCCGCACGAAGGAGGCTGTGCTCGATTCGAAGTACTTCACGGGCGAATTCCGGGCCGATGTCAACGCGGTCTACAGCTTCAATCACCCGCAGGACCATACCCTCGTGGGCTCCTGCGAGACAGGCCGGACCAATGAGGTCCAGCTGCAGCAGCTGGGCCTCGGTGGAGACTTCCACTGGGACAATGTCCGGGGCCGCATCATGACGCAGTTCGGAATGTACTCTACGATGACACCCCGCAATGACGCGAGCCCGAACCGGGGCCAGTGGGAGGCGGGCAACGCCTACCGCTATCTCTCCGAGGCCTACGGCGGCTACCACTGGGATGTGATGAAGGGCATCAACCTCGATGCGGGCATTTTCATGTCCTACATCGGCCTCTTCAGCTACTACAACTTCGACAACTGGGCCTATCAACCCTCGTATGTCTCCGCCAACACGCCCTGGTTCTTCAACGGCGTGCGCCTCCAGGTCTTCCCCACGGACAAGCTGAAGTTGGAGCTTTGGCTCGTCAACGGCTGGCAGTCCTACAACACCTTCAACAACACCCCCGGCATCGGCGCCTCTCTCAACTGGCGCCCTACGGGCAGCCTGAATGTCATCTCGAACAACTATTTTCTGGGCGCGGACACGCTGGGCAACCAGAAACGCACCCGCCGCCACACGGACAACAGCATCCAGTGGAAGTACTACGACCAGCCGGAGTCCCTCCTGAGCAAAGTGGCAGCGACACTCACCT
NZ_AP027079.1_gap7	157337	161944	4607	CCCCGGAAGGAGCTCGCGTATTCCGGCCAGTTCCTTCCGGAGTTCGATCTGGAGGCGGCTCTGGCGCGAAGGCCGAGTCTGATCCTCATGGACGAGTTGGCCCACACCAATGTGATGGGCTCCCGCCACGCGAAACGATGGCAGGATGTGCTCGAGCTGTTGGACGCGGGCATCGATGTCTACACCACCATGAATGTGCAGCACTTGGAGAGCCTCAGGGATGTGGTGGCTCAGATCACGGGGATCATCGTCCGCGAGAATGTCCCCGATACGATTCTCGAACGGGCCGACGAGATCGAACTGGTGGATCTGTCTCCGGATGATCTGCTGGTTCGTCTCAAGGAGGGGAAGGTCTACCTGCCCGACCAGGCCCGACACGCGAGGGATCACTTCTTCCGGAAAGGGAACCTCCTGGCGCTTCGGGAACTTGCCCTTCGCCACACCGCGGAGAATGTGGATGTCCAGATGCGACGCTACATGGAATCCGAGGGCATCCGGAAGACCTGGGCCGCCGGTGAACGGCTGCTGGTCTGCGTCGGCCCCGACGGTCTCTCCGAGCGGCTGATCCGCGCCACTCGCCGAATGGCAGGCGCTCTTGGAGCCTCCTGGGTCGCCCTTTATGTGGAATCGCACCGACACCTCCGGTTCAGCGAGGAGGAACGCAGCCAGGTGGAGGCCAACCTGAGGCTGGCGGAGAAGCTCGGAGGCGAAACGGTCGTTCTCGAAGGCTGCGGACGGCCGGACGAAGACATTCTGACCTTCGCCCGAGATCGCAACATCACCAAGATCGTGGTGGGTAAGCCGACCCGGTCCCGCTGGCTCGATCTACTGACAGGCTCCCCCGTGGATGACCTGATCCGGACCAGCGGCGACATCGACATCTATGTCATCACGGGCGAAGCCGCAGCCTCCAATTCCAAACCAGGCCTGCGGGCCCACATCACCAGCCCGCTGCGAAACTATCTGTTGAGCGTCCTGGCGGTCGCCGTGTCGACCGCCCTCGCGGGGCTCGTCTTCCGTCGCGCGGAACTGGCCGACATCGTGATGGTCTACCTGCTGGGGATCCTCATCGTGGCGACCCGGTTCGGTCGAGGACCGTCGTTGCTCGCCTCTCTGCTGAGCGTGGCCGCCTTCGACTTCATCTTCATCCCACCATATTTCACATTCGTTGTTTCTGATTTCCGCCATGTGGGGACCTTCTCCGTGATGCTGCTGGTGGGAGTGGTCATCGGAAACCTCACCGAGCGGATCAAGGCCCAGGCTCGCCTGGCCCGAAGCCGCGAACAGCGCACCCAGGCCCTCTACCGTCTAGGGCAGGAGCTGGCCCAGAGCGCCAGTTCCACTGCCCTCGTGGCGACCGCCATCCAGACCGTGGCAAACCAGTTCCATAGCCATGCGGTGGTCCTCCTGCCGGAGCCCAGCGGAACCTTGGCTGCCCTCGTTCACTCCCAGGGATTTCCACTGAGCGGCCAGGAACATGGGGTGGCCCAGTGGGTTTTTGAACATGGGGAGCCCGCAGGCCTCGGGACGCTGACGCTGCCCGGTGCCCGCGCCACATACCTACCCCTTCGGGGCACCCGCGGCACCCTAGGGGTGATGGGCGTTCTGCCCGATGGCGCCCCCCAGTGGAGCGAGCCGGATCAGCACCAGCTGTTGGAAGCCTTCGCCAACCAGACGGCCCTGGCCCTGGAGCGCGCCATTTTGGCCGAACAGAGCCATGCGGATCGCCGGCGCGCCGACGAGGAACGCTTGAGAAACGCGTTGCTCAGCTCCGTCTCGCATGATCTGCGGACCCCGCTCGGCGTCATCACGGGTGCCGTTAGTACCGCCCTGGAGACCCCCGACCTGCCGGAATCCACCCGCCGGGACCTGCTGACCACGGCCCAGGAGGAGGCCCAGCGCCTGCACCGGCTGGTCAGCAACCTCCTCGACATCACTCGCCTGGAATCGGGAGCGCTCGACCTTCAAACGGAATGGATCCCCGTGGAGGAGTTGATCGGGGCCGTGCTCAACCGCCGGGAATTGGGGTCAGATGCCGCCCGTGTCAGGATTCACCTTCCGGAGGCTCCGCCTTTCGTGTCCATGGACCCGGTCCTCATGGAACAGGTGCTCATGAACCTGCTGGACAATGCCATGAAGTATTCCCCGGCCGGATCTCCCGTGGACATTAAGGTTTGGACGACCCAGCACACCCTCACCATCTCGGTGACGGATCAAGGGCCAGGCATCGCCGAAGGTGAAGCGGAACGGATCTTCGAGAAGCTGGCCCGGGGCGAAGCCGCCGCCAGCCGCCCCGGTGCCGGCCTCGGTTTGGCCATCTGCAGAGGTATCGTGACGGCCCATGGAGGGCGCATTCAGGCGGTCAACCACCCTCAAGGTGGGGCCCAGTTCCTGGTCACTTTGCCCCTGGGAGCGCCCCCATCCCTGCCGGAGGAAGGTTCATGACCGCTCCGGCCCCGCTTGTCCTGCTCGTGGAGGACGAACCTCAGATGCGGCGGTTCCTCCGGGTCGCGCTTGAGGGCGGTGGCTACCGTTACCTTGAGGCCGGCACGGCAAGGGAGGGGCTTGAGCAGACGGCCCGGCACCAGCCCCAGGTCATCTTGCTGGACCTCGGCCTACCCGACCTGGATGGACTGGAAGTGCTGGCCCGCTTGCGCGAGTGGAGCCGGATTCCTGTGATCGTCATATCGGCCCGGGGTCAGGAGGCCGACAAGGTGAAGGCCCTGGACCTGGGTGCGGATGATTACCTCACCAAGCCATTCGGCACCAGCGAGTTGCTGGCCCGGGTCCGGGTGGCCCTGCGCCACACCGACCCGACCTCCCAGTCAGATCCGGTGTTCGTGCTGGATCGTTGGCGCGTCGACTTGGGCAAGCGCCAGGTTTGGGTCGCGGGAGAGGAGATCCACCTGACGCCCTTGGAGTACAAACTCTTCACGACCCTGATCCGCCACGCGGGCAAGGTGGTCACCCAGCGGCAGCTGCTGAAGGAAGTCTGGGGTGGTGTCGCTGCGGCCCAACCGCTCTACCTGCGCGTCTACATGACCCAACTGCGGCACAAACTGGAAGTCGATCCGTCCAGACCGACCTATCTCCAGACCGAACCGGGCGTCGGCTATCGCCTGCGGACCGACGAATAGGAGGAATTCTCAACTCCTCGGTTGCTCGGCTTCGTTCAACGCCTGGGGCAGATGGACCGTGCGATTTTTGCTTGCGCAGGGGAAGGGCCTGTCAGTAAGTGTCTTTGCCGGGGTTGGCAAGGATGAATTTGGCCCTGATGGCAGCGGTTTCGGCCTTCATGCTAACCAGGGTCACACCCAGCTTGCCGTCCACGGCATTGCGAATCTTATAGGTGAATTCGGAATACAGAGGCTCGAAGCTGGCGGGGTTGAGCCATGCAAAGGAAACGGGTGTGTCAAAAGGCATGCCCGCCGGCCAGGGCGTGCCGTCGAAGTTTCTCCGCAGCAGGGTGAGGCTTGGTGGTAGCAGCGTCGCGTTGAACCAGTCCCCGTCAATCTTGGTCAACACTGAATCGGTATCGGCCATCGGTACCGCCTTGAGATCGCCGTTGACCAAGCTATCCACGATCGTATCCATTGCCGCATCGAAGGAACCTCCTGCGCGGACCGCCCGCTTGGCGCATTCGACGCCGATGATGTTGGAGCAGAGATCCTCGGGGGAGAAGGACGATTCATCTGGCCAGGTGGTGAGTTCGTGGGCCCAGGACTCGACGAAGGCAATGGCCCCGGCGAGGTCCAGGGCGGAGGCCGGGTCGGCAGGCAGGGCGAAGACGGAGGCTGTCCCCTCGTATAGCTCCAGGAGGGTGGCGCCCGTCAGGAAGGCCTCGTAGATGAACAGCGTCATATCGGCCAGATCCCGGATGTGGCCGAGGTCGATCAAGCCGGAGGTCTTGGTATAGACATATCCGGTGGGGCCGCCCAGAGCCAAGCCACTGCCATGCCTATGCCCACCCAGTCGGGTTGGGTCCAGTGCGCCAGAGGCCCCGAGCTTCCACTGTCCGAGTGCACAGCAGGGCCGCCGCCCCGGATTCGAGAAAGTCACCTGCGCCCGTTTCACCACCGGAACGGTGCCGAGGATCATCTGCTGTACGGCCCCGAGGATGCCGCCGGGCCCTCCGCCGACAACCCCTTCCGCAGCGTTGGAGGCGGCTTCATCGCTGATCAACCCTTTGCTCTTGCCGTATTCGAGGGCCTTGAGGCGATCAACCTGCTTCGCGGCATCCGGTTCGCTGGCCGGCTCACGGCTGCTGCCCGAACCGCCGCCGCTGCTGGAACCCCCGGCTCCGGCGCCACCGCTGCCAGAGCCGCCCTTGGCGTTGTCCAATTTCTCTTTGGCCTGCAAGGCCATGGCCTTGATGTTGGCCTCGGACGATTCCTTGGAAAGGGTTTCCAGCAGCTTGGACACTTCATCGAGGCCTGACATATTGCGGAAGATGTCGGGGGTGCCGAGCACCTTCAGTGCTGCGGCCAATCCGGTCGGGTCCGGGGCCGAGGGTGGCTGTGTGATCTGGATGACATTGCCTGGCAGCTGGCTGGGGGTGATGGAAGCAGCCTGGCCCTTGGGGCCAGGGGTGATGCCACCGATGTCCG
NZ_AP027079.1_gap8	164525	165810	1285	TTTCAGCTGTGGATAATTTGCCCGTAATGGTTGATCGTTTCATTCTTCGTTTCAATGTATTTTTTGAATGTTTTATACAAGTCGTGCGTTAATCATGTAATGCTTTTAAGTGAAATGAAATCAATCAAGGCGTTCTGGTTGTTCGACCAAACTGTCGACCACGGCCCTGATTGGTCCAGCTACCCCCCTTTAGGGTTCGACTGACGGGTGCCTGGGATGCGCTCCCTGATGTGGTCCAGGAGATCGTCATGGGTCCATCCTTACCTTCATCTCTGGATGAACGAGAATGTATGTCCGCGAATGAACGAATCAAGTATAAATATTTCTGTTTTTATATTCGCAAGGGGCTTCGAAAATCGCAACGCCACTGACTGACGACAGAGTCAGCGCCTTCGTATGGGTAGAAATATGGGCGAATCATTTACCAATAAAACAAACCCCTGAATTATCAGGGGTTTGGATACAAAAGTGGTGGAGGTGGTGGGAGTCGAACCCACGTCCAAGACATGCCGGTTGGCGGTTCATCCACAGGCTTGGTCCGTTCTTGGAGCCCCCCGGCGGGGAACGGACGAGCCGCTCGGGACGCTTGCCTCCTGGATTTCGGCCACCGTCAGAAGGCGTCGCGGCAACCTATCTGGTACCTCCGTCCGGCAGGCCGAAGCCACCCTTTCGGAGGTTTAACGAGCCCGCTACCCAGAGATCGCGAGTACTCGCTCGGAGCCTAGGTTGCCCTAGGCAGCGAGAGCCAGTTCGAAGTTATCGTTGGCAGTTTGATGTGGGCGGCTTGATGAGGGGGCCAGCCGTCCAACCCCCGCCTGCACCGGACACCCGGATCACGACCTGTCGAAACCGGTCACCCCCGTGCGTGGTGTCGCTCCACCTCGCCCCCTCGAGGGTTCGGTTGAAGCGGAGGTTGAGTATGGTGGGGGGCGGGGGGATGCACAAGCCCCGGGGCTACTGCCCCCGCTTCCGGCGCACGGTGACGGACTCTCCGCCGATGCCCCAGTTGTCGGTGTCCACCTCGTCGATGACCACCACGGTGGTCTGGGGGTTCTTGCCGAGCACCTCCACCAGGAGCTGGGTGGCGCCCTGGATGAGCCGGGCCTTCTGCTCGGAAGTGGCGCCTTCGCGGGTGATGCGGATGTTCACATAGGGCATGGCGGCCTCCTGGGGTGAAGGTTAGCCGGGATGGAGGGCCTTCCGCTGGAGAACGGCCCGGCTGTCCGCGTCGGCGAAGCGCCAGGGGCGGGCCTGGTCCCCGGGGGTGGCGAAGGCGATGCCGAGG
NZ_AP027079.1_gap9	167350	170584	3234	TCACCTGGCTGATGTCGTTGGCCCGGCGCATGCAGACGAAGCTGCCTTCGACGAGGTTGTCGGCACCTTCCTTGAGGGCCAGGGTGTCGATGATGCAGGACAGGTTGTGGGTGTTGCAGCTGACCACCTGGACATACTGGCCGCTGCCCTTCAGCACCTCGTCGTTGATGCCGCGGGCGTACATGGTGCCGAAGCCGAACTCGCTGCCCTGGGCGATGAAGCCCTTGGTGTTGTGCTCGTACTTCGTGTAAAACTTCTCCTTCATGTCCATGCCCTTGGGGCTGCAGTCGATGACCACGGTGGCCTCGTCCAGGGCCTGGTCGTGGAGCATGGCGGGCTCGATGCCCCAGGCCTTGAAGCCCTCCACCTTGTCCGCGTCCACCACGAGCTTGGCGCCGCGCTTCAGCAGCGCCTTGACCTTGGGCCGGTCGCTGACGCTGTTCTTGTGGAAGGTGACCTCGTCGATGCCCAGTTCCTTCTTGTATTCCGTCAGCAGGCCGATCAGCGGTTCGCCGATGGTGCCCGTGCCGACCACATGCACGATGTTCTTCTTGGACATGGATCCTCCGCGGCCGGTCTTCTTCGGGACGCCCCCACCAGCCCAACGGATGATTTTCCCAGCCCGGGTCGGGAAAGGCCAGCCGGGAAAGGCACCCATTCTCGTCCGTAATGCAAAGCTTGATGGGAAGGCACCTACCAGCCACGCAAAGAGTTGGCCTTCGTCACGCGCCCCAGGGCCAGGACCAGGGCGCCCACGCGCCAGGTGCAGCCGTGCTGCCGGACCCGCTCCTGCACATCCTGGAAGGACTGGAGCAGGATCTTCTCCTCCTTCTCGAAGACCTCGGCCTCGGTCCAGAAGAGCTGCTGGAGGTTCTGCACCCATTCGAAGTAGGAGACGATGACTCCGCCGGCGTTGGCGAGGATGTCGGGGAGCAGGAGGATGCCCTTGTCCCGGAAGATCCGGTCGGCCTCCGGGGTGGTGGGGGCGCTGGCGCCCTCCACGATCAGCCGGGCCGTCACGGCCGGCGCCGTGGCCTGGGTCAGCACACCGCTCAGGGCCGCGGGGATGAGGATGTCGCAGGGCTGGGCCCAGATCTCCGCCGGATCGAAGGCCTCGCCGCCGGGAAATCCCGCCACGGTGCCCTGGTGGCGCCGCGCGTGGTCCGAGAGGGCGGTCACCTCCAGGCCTTCGGTCCGCCGGACGGCGCCCCCGCGATCGGCCACGGCCACCACCCGGGCCCCCATCTCACCCAGGAATGTCGCCGCGAACCCCCCCACATTGCCGAAGCCCTGGAGGGCCACCCGGGCCCCTTTCAGCTCCTTGCCCAGCACCTTCGTCCAGGCCTCCCGGGTGCAGAGGGCCACGCCCTTCCCGGTGGCCGCCTCGCGGCCCTGGCTGCCCCCCAGCTCGATGGGCTTGCCGGTGACGCAGGCGGGCTGGTAGCCGTTCTTGCGGCCGTATTCGTCCAGTACCCAGGCCATGGTCTGGGCGTTGGTGTTCAGATCCGGGGCCGGCACATCGCGCGTGGGGCCCAGCACCATGGAGAGCTTGGAGATGTAGCGGCGGGTGAGCATCTCCAATTCATGCTGGGACATCTTCGCGGGGTCGCACTGGATGCCGCCCTTGGCGCCGCCGAAGGGGATGTTCACCACGGCGGTCTTCCAGGTCATGAGGCTGGCCAGGGCGCGCACCTCGTCCAGGTCCAGGTCCGGGTGGAAGCGGAGCCCGCCCTTCTGGGGGCCGCGCACCCCGTTGTGCTGCACGCGGTAGCCCTTGAAGACCTTCAGGGTGCCATCGTCCATGCGGATGGGCATGGCGACGGTGATCTCCCGGTAGGGGATCTTGAGGAGCTCCCGGATGTCCTGGGAGAGCCCCAGGATGTCGGCGGCCTCATCGAACTGCCGGCTGACACTGTCGAAGAGGTTCATGGCCCCGGTCATGGGAACCCCCCGCGTCCGCTCCGGCCTGCGGCGGCCGGCCCAAGCGCCGGCCCAAGCATAGCGCGCCCCGGAATCCGTGGACTCCGGGGCGCGGCGAAAGAGCGGGAAGGCGGGAGGGGCCTACTGCTTCAGGCTCTTGAGGGCCACTTCATAGCGCAGGTAGGAGACGCCCCAGGTGCCATCGGGCTTCTTGAGGCAGCTGACGGTGAGGACCTTCGTGCCATCGAAGCCCAGGGCCATGTCCTTCACGATGGTGGAGGACCCGAACTGGCGGGCGGCGGAGTTGTCGGTGATGCCCATGTGGCGCATCTTGCCCCAGGACTTGTCCGTGATGCCCTTCAGCAGGCGGTAGAGGCCGGCATTGAAGGCCAGGCGGGCGTCCTTCACCGGGTAGTCGTCGGTGGGACCGCCCGGCAGCTCGTCGAGCTTGGCGGCCAGGTGCTCGATGCCCAGGCCCTTGATCTCTTCGGGCGTGAGGGTGATGCCCAGTTCCTTCGCCTGCTTGTGGAAGTGCATGGCGGAGGGATAGACCACATCCGGCGTGATGGGGGCGATGAGGGCGGCGTGCTTGTAGTCCTTGCGCACCACCAGGTACTGCAGGTGGTAGAGGATGTCGGCGGGCTCCTTCGCCGCGGCGGGCGCGGTGGTGGGAATCGCGTCGCCGCCGCACCCGACGAAGGCGGGTACGAGGAGCAGGCTGGCGAGGGGCAATGCGAGAGAACGACGCATGGAACTACCTCCGGGACGGGATGGTCAGGATGACAAGGATGGTGGAGCCAACCCGCTAGGCTGCCAAGGGAAATTCATCACAATCAGATCTCATATCAGAATCCGACCCCGCCGCGATGATGCCAGGCAGGATGCACCGCAAGGCAACATGGTTTGTTGTTCAAGGGCCCTGACGCCGCGGGGCGCCTGCCTGGCTTCATCCCTGCGGGCGAGGGGTGGCGGGCGTCGCGATGCCGTGTCACGCTCGGATCGCCTAGTACCCGCTAGGCTTCCCTCGCGTTCCTTGCCTCGCTCGCCCGGCGCTCCTCGCGCGGCGGAGTGGGATTCTGATGTGAGATCTCTCATGTATCCCATCTCCCTCATTGCTTTCGGACGCCTGCGCCTGGATCCCTGCCGGGATCTGGAGCGTCACTACCTCGACATGCTCCGGCCCTATGCGCGGCTGGAGGTGACGGAACTGACCGAGGGTAAGGGGGATCCGGCCCGCCAGCTGCGGGAGGAGGCCGAGCGCCTCCGGCCGAAGCTGAAGGCCGTGAAATGCCCGGTGCTCCTCACGCCGGAGGG
NZ_AP027079.1_gap10	207833	210426	2593	TCAGGCGGAAGCCCAGCTGGTAGCGCCGGGGGGCCTGGAAGGCGTAGGGCGTGTGCGCCACGGCGGCGTTGTAGAGGGTCGTGGTTCCGGAGCGGACATTGAGCCCTTCCGAAAGACCCGTGGCCTCCTGGCGGTTGGTGAAGTTGATGATGTCGAGGTAGAGCTCGGAGCGGAGCTGCTTGTTCCACTTCCAGCCGTACTGGACGCGGAGGTCGCCCTGCCAGAAGTTGTCGGTCCGGAACTTTCCGGCCTGCTCGGTGAACACCTGGTTGATGTCGGTGGGTGCGGAGTTCAGGACGCGGGTGCCGACCTTCTCGCTGGCGCTGTAGTGGTAGCCGGAGTTGGCGTTGAAGTTCATGCCGACCTGCAGGCCCATGTCCCAGTGGTAGAAGAGGTTGAACTTGGCGAGCCAGTCGACAGAGCCGTCCAGCTTGCCGTTCATGTAGGGCAGGCGGGGATCGAACTGCGCCACATCGCCCTGATAGTCGGCGTTGCCGAGGCTGAAGCTGTTGCCCTGGGCATCCACCAGGCTGACGGAGGCGAAGCCGCCCCAGTTGTTCGCCTCGCGGCGGGTCAGGGAGAAGTCGAGGGTCTTGTACTTGCGGACGCCGCCGGGCAAGTTGGCGAGGGCGAAGTTGAGCTGGCCCGCATTGGCCCGCGCCAGGTTCTGGGCGCCGGTATAGCCGCCGCCGGCGAAGTATTCCACGGGCATGGCGAGCCCCCGGAAGTAGTCGACCACGCGCTTCTGGGGGGCGCTCAGGCTGGCGTAGGGCGTGGTGCCCATGCCGTAGAGGCCGCGGGCCTCGCCCTCGAGGTTGTCGGCGCTGGTGTAGAGGCCGATGTCCCAGTCCTCGACGATGTCGAAGTCGCGGCGCAGGGTGCCCACCACTTCGAAGGAGTAGATGCTGGCGAAGTCGGTGGCGTAGCCGATGCGGAACTCATCGGTCTTGGGGAGCTTGAACTTGTCTACGAAGACCGCGTCCACCGTGCCCTTGGCACCACGGCTGATGGCGGTGATCCAGGTGTTGAACATCCGCACATCCTCGGTGGTGGACGAAGCCTGGAGGCTGCCGGTGAAGCGGACCATGTCCAGGCGGATGGGGTCGATGTAGCGGCCCCAGTAGGCGTAGATCTTGGAGTGGCCATCGCCCTTCACATCGTAGGTGGCGCCGACGCGGGGGGCGAAGTTGTAGTCGGTCTTGAAGAGGGACTGCCCGTTGTCCGCCTCGTACTCGTACTTGTCGAAGCGGAAGCCCGGGCTCAGGGTGAACCGGCCGACCTGCCACTGATCCTGGACATAGAAGCCCTGGGTCTTCTGCTTGGGCGTGGAGCTGGCCTCGGACACGAAGTTGTTCCGGTAGCCGTAGTAGCCGCCCGCGGGATTGACCTCGCTGAAGACATAGGCGTTGAAGTCGGAGGACTGGAACGCGCCGCCGGTGCCGGTCGGGGTATAGCCCGCGGCGATGGCGGTGGACTTGAGCGAGGGGGTGTTGTTGATGACGCCCAGGACGCGGGTGCGCTGGGACTTCACATTGCCGCCGGGCAGGGCGCCCCAGCTGTAGGTGTTGGCGTCGAAGCTCTCGTAGGCCACATTCTGGTTGATGCCGGAGGTGCGGGTGAGGGTGTCCTCGCCGCTCTGGGCGCCGAACTTCATGGTGTGCTTGCCCGCGAGGTCGAAGAGCCAGGTCAGGTCGGCCCGGAGCAGGTCCTTCTTGTAGACGCGCAGATCCTTCGTGGAGCTGTTGCCGAGGCTGGCCTGGTCGGGCGTGAGGGGCGACAGGGAGACGATGTTGTTCTGGGGACCGGCGTTGGTGTAGAGGCCCGTGACCTTGTTGTCTTCCTGGTGGTGGGAGTAGCGCACATCCACGAACAGGTCGCTGAACTGATGCGAATAGGCGGCGATCCAGCGGTTGCCGCCCTGTTCGGTCTTGGCGGCACGGCGCGTCACCACCGAGGGCGTGGAGAGGTTGTTGAAATCGAAGGGATTCGTGTTGTAGGTGAAGCTGAGCAGGTCGTTGGGGCTGATCTGCCAGGTGAGCTTGCCGAAGAAGCGCTTGCTGTCTTCGTTGAGGCCCGTGCGGGATTCGCCGCTGGGCAGCTTGACGGTCAGCTCGTCCTTCACGGTCTGGATGCTACCGACGAACCAGAGCCGGTCCTTGATGATGGGGCCCATGAAGTAGGCGCTGTAGTCGCGGACGCTGCGTTCGCCCACATCGTATTTGCCGTAGCCCACCTTGTCCTGGAGCGAGGCGCTCTGGTAGTCGATGGTGACGCCGCCGGAGAACTCGTTGCCGCCGGCCTTGGTGGTGACGCTGGAGAACAGGCCCGCGCGGGCCGTGTATTCCGCCGTGATGGCGCCGGTCTTCACATCCTGGACCTGAATCAGCTCGGGCGCGATGGTGGTGCGCAGCGTGCCGGCCTCGGGGCTGGTCACATCGACGCCATCCACCAGGTAGGTGTTGTTGCGGCCGCCGCCGGAACCGAAGTTGTCGCGGTTGAGGCCGGTGGCGAGGGTGGGGTTGCCGTTGGTGTTGCCGAAGGTGGCCACCACGCCGGGGGCCAGGCTCAGCGTCGAGAGCTGGGTGCGGCCGAC
NZ_AP027079.1_gap11	212828	214739	1911	GTGTCCTGGGCGTAGAAGGCGGTGAAGATGGCCTTCACGGTGGCGTTGGTGCTGAGGAACTGGCGGTCCACGCCGTTGAAGGCCCCAGCCGCGGTGGCGCGGATGGTGACGCGCTCGCCGCCGGAGGTGGAGGCGACCTCGGTGTACTTGGATTCCACCTGCGACACGCCGAACTTCATGTTGTGGGTGCCCAGGAACCAGCTCAGGTCGGCCCGGAACTGGGTGGTGGCCACCTTGTCGAGGGTGGGGTTGTAGCCCCCGCCGCCGGAGCGGAAGGCCTGGCCTGCGAGGTCGGGGCGCGTGGCGCCGCCGGGGCCGCCGGGCTGGAAGTACATGTTGTCCGTCACCGCGATGTGGGTCGAGTCCGCGGGGGCGTAGTCGTCCTTGAACTCGGTGGAACCGAGCTTGGCGCTGAAGAACAGGGCCGGGGAGATGGTCCAGTCATAGTTGATGACGAAGTTCTGGACGGTGTTCTTGTCGGTGTAGCCCGTGTTTCCGTCGCCGTTGACGGGCCGCCGCACGGGGTAGTCGTCCTTGGTGTCGTTGATGTTGGCCGCGAAGGTCAGCTGGTGGTCCTGGGTGATGTACCAGTTGATCTTGGCCAGGGCCTGGAGGGCGTTGATCTTCCGGTCGCCGTCCCGCTGTCCGGTGTTGTTCGGATCGCCACTGGGGGACTCGGTGATATTGGCGTCCACACCGGCGAAGAAGAACAGCTTGTCCTTGAGGATGGGGCCGCCGATTTCGGCGCCGACATCGTAGCGGCTGTTCACATTCTGGGTGACGGGCTTGGCGTACTGGCTCTTCTTGGCGACGGCCTGGATGCCGATGGCGTCCCAGGTCAGCCAGGTGGAGCCCTTGATTTCGTTGGTGCCGGACTTGGTCACGGCGTTGAACACGCCGCCCAGGGCGCTGAACTCGGGCTTGAAGCCACCGGTCTGGATTTCCACCTGGTCGATGAAGTCCGTGACGAGCTGGGTGCCCTGGAAACCGCGGCTGGAGTTCGTGGTGGACAGACCATCCACGATGTAGGCGTTCTCCGCGCCGGAACCGCCACCGATGGACGGGTCATTGCGGCCGGCGAACCCGCCCGCCACCACGCCGGGGGCCAGGAAGGCGATGGAGCTCATGTCGCGGCCCTTGGGGATCGCGGACAGGGTGTCCATGGAGGTGGTGAGGCCGGTCTGGGTGGTGGTGGTGTCCACGGTCGTCGTGGTGCCGAGCACCTCGACCACGGTGGCCGCCTCGCCCGCCATCTTGAAGGTCACGGGCTGGGTCTGGTTCACCAGGACGGAGATGTTCTGGGTGATCTTCTGGAAGCCGCCCTTGGTGACTTCGACAGTCCAGGCGCCGGGGTTCAGGAGGCCCATGCGGAAGCTGCCGTCCGTGCCGGTGATGTAGGTGCGGGAGGTCTGAGAGGAGCTCAGGCGTACCGTGGCGCCGGACAGAGGTGCGCCGCCCTTGTCGGTGACAATGCCTGACACCGCGCCGGTGGTGGCCGTCTGCGCATGCGCGACGATGCCGCCTCCCGCGACGATGGCGGCGGCGGTAAAGCCGAGCCGACTGAGGACTCGATTCATAGAGACTCCTTTGGAAATAAGGCGGCAAGGCCGCGCAGAACGGGATGGAAGACCGAAATACAAATGTCGCCACAGCAAACCTGCTGTAGCGACGCGTCGGGAAATGAGATGGCCAGGCAAAGAACGGGGAAGTGTCGAAAGAATAGGGCAGGTTCCCCGGAGTTTACAAACAATTTCATCCTAGTCATGAACAAGATGCCTCGAAAGTTGAGGCTTCATGGGATGGGCGTACATAAGAAAAGAGGCCCTTTCGGGCCTCTTTTCTTAGTACCGGGGCGCTTAGAAGCGGAAACCGGCGGAGGCAGTGATGGTGCGGGCCGTGCCATAGGTGGAG
NZ_AP027079.1_gap12	375039	377894	2855	CTTCCCCGGCCGGTCGCCGATGGCCTCGGAGGCGTTGATCACCAGGTTCATCACGACCTGCTGGAACTGCGCGCTGTCGGCTTCCACGGGCGGGAGGCCGGGCTGGAGGTCTCGGCGCAGGACCACCTTCTTGGAGATGGAGACCGACAGCAGGTCGCCCATCTCGACGATGATGCCGTTCAGATCCAGGGGCTGGACCGAGAAGTGGGCCTTGCCCGCGTAGGCCAGCAGCTGGCGGGCCAGGTCGGCGCCGCGCTGGGTGGTGGCCTCGACGCGCTGGAGGGCGTGCAGGAGGCGGGGATTGCCCTTGGCGAGGTCCAGGGCCACTTCGGTATTGCCCAGGATGGCCGTGAGGAGGTTGTTGAAGTCGTGGGCGATGCCCCCGGCGAGGACACCCAGGCTCTCCAGCTTCTGGGCCTGGCGCAGGGCGCTCTCCGCCCGCCGGCGCTCCGTGACATCGTCGGCCATGAAGATGGCGCCGAGGAAGCGGCCCCGCTCGTCGCGCAGCGCCGTGTTGTACCAATCGCAGAGGATCCGCTGGCCGGTCCGGGTGAGGTTCTCCATGGTGGCCCGGATGCCATCCGTGCCGCTGAGCAGGGCTTCCCGGTGGGCGGCCACCCCCTCCTGCCCTTCCTTGGGAACGAGGTCCCGGGTGTCCTTGCCGAGGGCCTCCTCCCGGGTGTAGCCGAAGATCCGCTCCGCGGCCGGATTCCACTCGCGGATCCGGAAGGCGCCGTCGGTCTCGATCACGGCCAGGGGCGTGGATTCCAGGTGGCTGCGGTTCCGCTGAAGGGCCTCGAACAGCGTCGCGTTCATGTCGTGGGCCAGGGCGAGCGCCCGCACCCTCGTGCCGGCCAGGGACCAGACCACGGCCGCCAGGGAGAGGCTGATGACGAGGCCGCCGATCAGCAGGTGCAGGGGTTGGTTCCGCCCTTCGGTGCGGTAGAAGCCAGGCTTGACCGCGTAGCGGAGCTGCCAGCCGCGGCCTCCGGCCTCCAGTTTCTGGACCGCATCAGGCGCCCCGCCCTGGGGCCAGCCCTCGCTGGCCATCAGCTGCTGGGGCCCCTGGGGAGCGAAGGCGTCCACGAGGCTCAGGGCCACGCCGGCGTCTTCGCCCAGGAGGAGATCTTCCATGAGGGGTTGGAGGAGGATCCCCGCGGAAACCCAACCCTTGAGGAGGCGATGGCGCTCCTCGGGCGAACCCGGCAAGCCGGGCCCCGAATAGATGGGCATGAACAGGGCCACGGCATCCTGGCGGCCCTCCTTGAGGGTGAAGTAGAGCAGCCCGGACAGCGTGGGCTGGCCCGTTTCGGCCGCGCGCTCGGCCGCGAGGCGCTGGGTGGGGCTGACGCCGACATCGAGTCCCAGGGCGGCCGCCCCCCGGGCGCCCGATTCGCAGAGCTCGATGATGAGGTGGTCCGCATCCTGGCCCGGGGGTCGAAGGGGCAGGGGATCCGAGATCGGTCGATGGTAGCGGTCCCTCAGCTGGGGTCGGTCCCGCAGGAAGTCGTCCAGGTCGGCGGCGGGAACGCGGCGGATGAAGGCCAGGCTCGACAGGCCCGGGTGCCGTTCCTGGAGGGCCAGGGAACCCACGAAGGCCCGCCACTCCTCCACGCCGGGCTCGCCCCGGTCCGCGGCGAACATGCCCTGGGCCCCCCGCACGATGTCCTCGTAGCGGCCCAGCCGGTTTTTCAGGCTCTGCTCGGTGCGACCCACGAACCGGTTGAGCCGGGCCAGGTCCCGCTGTTCCTGGTTGCGGCGGGCGACGCTCCAGGACAGCAGCGTGGCGCCCAGGCTCACCAGCAGGACGGCCAGGGCGAGCAGGGACGGGCCTCGCGGTGAGGTGAGCGGAGGGGGGGCTGGGAGCGTGGGCGCCGTCATGGGAGGGATGGAAACCGGCCCCATGGTAGCCACCTGGGCCCGGTTGCACCCTCGGGATCTTCCATGCGGTAGGGTGGATGCTGCTGGAGAGTTGCCCGTGGACCTGCTCGATGAATTCCTGCCCTACGCCCAGAGCTGCCTGAAGCACCCTTCGGAGCGGGCCCGCCTGGGGCTCCTTCTCACCCACTGGGTGGGTAAGTGGCGCGGCAAGCACCGGGTGTTCGACTACTCCCGCAGCCACCACGGGGCCTTCCTGCACTTCAACCAGCTCATGGACGGGAAGTGGGTCCAGGCCTTCACCTTCGTGGCCACGCGGCGCGAGGGCGTCTGCCTCCGGGGGCCCGAGCCGGACCGGGCCCGGAAGTCCCACAAGTTCCGCCACAACCCCCTGGACGCCGCCCCCCTGGACGCCCTGTTTGAGGCCTGGTCCCAGCATCCCGAGGCCCGTCCGGCGGGCCGCGCCGTGGAGTTCTTCCTGGAGGAGACCCCGGACGAGGTGTGGGCCGCCTGCCTGGCCGAGGTCCTCACCTATCTCGGCGCCTGACGGCTTGCGGACCTGCCCGGCTTTCGGGCATGGTGTCAGGACCGTCATGCCGACTCCCCGCAGCTTTTTCGCCTTCAGCTTTCGCACCCCGGGTGCGAGGGTGGGCGGCTTCTAGACCTGAACCGCTTCCGCCATCGCCCCCGAGACCTCACGGCTCGGGGGTTTCTGCATTTCAGGAGCTCCCATGATCCCGATGCCCTCCGATCCCCTCCAGGGCCTGCGCCAGGCCATCGACCGCGTGGACGACGAGCTGCTGTCGCTGCTGAACCGGCGGGCCGCCCTGGCCGCCGAGGTGGGCCACCTGAAGACGGCCGCCGGGCCCGAGGCGCTCTTCCACGCCCCGAAGCGCGAGCGGGAAGTCCTCGCCCGCCTGGAGGCGGAGAACGGCGGGCCCTTTCCGGCTCCGGCCGTGCGCACGATCTTCCAGGAG
NZ_AP027079.1_gap13	422280	427261	4981	AAGCTCGGCGGAGCGAACCCGGATCTCTTTGGCGACCTTCTCGGAGACGGTGATGGTGATCTTCGACCAGCCTGGGCGTTTTGGGCGTGCCATGGGCAACCTTTGGTTAGAGGTGTAGCTACATCCTAACGGGCACTCAGTGAAGAGGAGTCGGTAGGCAGACGACAGCTGCTACAACTTTTTGGAAACAGCAAATGGAGGCTATCTCCTCTCTGCCCTTCCTCATTGAGTTTCTGGTGGCACCGCCTTGCCCGAATCACCTGTCGGCATTCAGGGAATCTCTGTGCCAATCTCAGAGTGGTACAGCAAATTTTCGGTGGGCGCTTCGGATTAGAGTCAGCTGGGGTCGGTCAATGACCTGGAAGCACTTTCTTTCGAGCTTGCGGGAGCCCAGACGTAACCCCACCACATCTAGAAGGGGCGAAAGACAACATATTCTACGAGCATGGTTGCTAAGATTGCCTCTGGACGATTCCTACCCAAAGCCGAATGCCCTGGGAGAGCTAATGCCCAAGAAAAAAGACCCAATAGTGCAAGAAAAAACTAAGTTTAAAGCGCCATCACTTGATGAACTCCGATCGGAGGAAGATGTAAAAATAAAATTTTTATTGCCATATCTTGAGGCAAAAGGATATACCAGCAAGTGCATCAACTTTAATGTCCCTATTGAGGTTCAGGAGGGACGAAAGCAGAAGACGATTTTTGCAGACGCCGTTGTCTACTCTACGCCCTCGAAAACAGCCCCGTTAATCGTATGCGAAACCAAGCCTCCTACGGAGGTTCTCTCTAAAACCGTCAAAGAACAGGCAATTTCCTATGCACGGCTTTTGCCCCGCATAGCCCCATTAGCTTTGATTACGAATGGGGGGCAAACCCAGCTTTTCCAGACACTCAGCAAGAATCGTATCGGGGAGCTTCCTGATCGGAAGGACCTTAAGGATGACTTTGTTTCCTTTGTTGTTAGCGCCGAACTTCAAGAGTCCCTTAAAACTGAAGCGAAGCACGATCTTTTCGTCATTGATGATGTTCAATCCTTCAAGACGGTCTTGAGGGCTTGTCACGAAGCAATTCGAAACAACGAAGGTTTTGATGCAACAAGAGCTTTCGATGAAATGTCCAAGGTACTGTTTTGCAAGATGTACGAAGAGCGTAACCACCCTGGTGATAACAATCGTTTCAGAATGTCGATTTATGACGACACCCTGAAACGGCTTGGGGTGAATGTCGTCAACCAAATCTGGAATGAGACCAAGGTTGATCCTAGGTATGCCAGCCTTTTTGAGTCCAATGCAGACGTCGGTCTAAAGCCTATGACTATTAGAAAGATCGTTGAGCAGTTTGAAAACTTTGATCTCTCTCTCACTGCATTCGATGTAAAAGGTGAAGCTTTTGAGTATTTTCTAGGCGAAACCTTCACTGGTGGATTGGGAGAGTATTTCACTCCCCGGAATGTCGTTGAATTCATGGTTGACGCACTTGACCCAAAGATTGGTCAGAAGATTGTTGACCCGTTCTGTGGCACGGGCGGATTCCTGATCTACGCATTTGAGGTTGTGGGCGAAAAAATCCGGCTCCAGGATTTTGGAGACGAGGAAAAAGCTCGCTGGAAAGAAGAACTTTCAAACAGGTGCATTTATGGTACCGACTGGAAAGAGCGCACCGCCCTCGCCTGCAAAATGAACATGACCGTTCACGGTGACGGGAGCGCTGGAATCTTCCTTCATCATGGGTTCATTGACGTTCCGGGAATGATTGAGGAGGGGCTTTTCAACCTTTGCCTAACCAACCCGCCATTTGGTTCGTTCGAAAACGACCCTGAGATATTGAGCCGATACGAGCTTGGAGCAGGTCGCAACTCTCAAGATCGCGTCACCCTTGCCATCGAGCGTGTGCTTCGTCTCGTCAAACCTGGTGGAAGGGTAGGAATCGTTGTTATCGATGGGCTATTAAACAATGATTCCACAAGGTACGTCCGAGAATATATCAAGAAAACCGCCTTTGTTCGTGGAATCATTAGTCTTCCAGCCGTAACATTTCAAGGCTACCACGCCCGAGCAAAGACTAGCATTTTGTTCCTGGAGAAGAGGGCGAACCCAGACGATAGCGGCATCCAAGAGGATACGTTTTTCTGCGTAATTGGTAATAGCGGATACGCGCCAAACGGCAACCCCGTCCCGGGAAACGAACTCCCTGAAGCTCTCCTTGATTGGCGTGCATTCGAATCTTCCAAGCCTATCGGTGCTCATAAAGAAGCCTGGATCGGGAAGATAGAGGATCGGATGGACGCCGAGTTTTATCGAAAGCGTAAAGTTCATGTCCGCCCAGAGGAAGAGCAAGTCGTCTCTGCCGGGCAAGACATGCTAGCCATGCTTGCTATGATTTCGGAGGAATTAGCGGCTGTCTCCTCGGACATCAAGACAACCTTTTCGAGCATCGAAACTGTCTCGGTCCCGCTGTCAGCCATCTTCGAGCCATGCGAGGAGGTCATTAAGGTCGGCTCAACCACCGTATATAAGCTGCTTGGTGTTAAGTGGTGGGGTGCTGGAACTTTTTTGCGCGAAGAGAAAACCGGAAAAGAAATCAAAGCCACCCGCCTTTTCAGGGTTCACCAGGGCTGGCTTGTCTACAACCGCTTGTTTGCATTTCGAGGGTCATTTGCTCTAATCCCGCCCGAGCATGAGAACTGCTACGTTTCGAGCGAATTCCCCACTTTCAAAGTCAGGGAGAATACGAAAGAACCTGAACTACTTGCCAACTATGTCATTCACTGCCTGAACAGCCCTCAATACCTCCTGGAGGTTGATCGAGATTCAACCGGATCAACGAAGACCAGTCGCAATCGCTTCAAAGAAGATCGTTTTCTTCGGATGCGTGTCGAAATTCCCAGGAAAATCGCACATCTTCGCCAGCTTGTTGACCTTCTGAACAAAGCGAATGTCCTTCGAGCCTGCCAAGTTGAGGTCGCTGAGCGCTTCAAACGGTTCAATGAAGATCTTTCTCGCTTACTACCCCATGAACCTGATGCTCTTACTGTTGATACTAGCGATGTCGAAGTTTTTTCGAATCGAACATCGGAGGAGCATGAGCCAAAACCGGCGAAAATAACATCACGAAAAAAGGGTAACCGGAAACCGATCAGCGCTAAGAAGCCTGCCGCTAAAACCCTGCCTGCCAAGAAGAGTCTTTCTCCGAAGCGCTCTGTGGAGAAACCCAAGCCCAAGACACCCAGAGCCGCGAAACCAACGACAAGGAAGAAGCCGGGACCAAAGAAATAACGTCGCAAAACAAACAACTGACTTCTTTGCATTCCCATTAAACGGCTAATAGGCGAATCATCGGCAAACGCCTCTCCACAACGCCCGCCGAGGCAATGTCATCACGCTATGCGATTGTCAGAGATCTGATGAGCCCGGATGAAGCCAAGGGCTGCCCGGACACAGGGCTACGCCCGCATCTATGGCAGAGGCTTGACCTCAGACAGCATCCAAACTGAAGATGAGGCGGGTTTGGGGTTAACCAAAGGATTGTTATTGGAGGCTGCAAACTAGGGATGGCAGCAAGAGGCGAGAGATGAGTGCAGCCTGAAGGGGCTTTTACTTAGGCTGCTCAGAGGGTGTCTCGGCTTCCATCTTCTTCTGCAAGTCCTCCAAGCGATTGACCGCAGAGTTACAAGTCTTCACAGCCTCTTGGTTGTCGTAAATCTCGTCCTTCACCTGATCAATTTTTTGATTTACTGCGCTGACCAGCTTGTTTCTTCTGGTTTGCTGACCGTCGTACAAGCCCACATATACATCGACATCCCCAGGGACATTGCCGTCGTACAGGCACTTTTTGTAGTAGTCGATCCTGCCATTGAGATAGCTGATTCTCCCATTGATCTGCCCTCGCACTTGATTGTGCATGGCGATCAGCAGCTTTGCCGTAAGCAGGGGCGTCTGTGCATTTTCAAGCATCAGCACTTCCTGAGGGCTCAGATTCGTGAGCACGCTTTCTGCCATGACTTGCTGCTTCGTGATGCGTGGTTTGGGCGGCTCCGGTGCTGGCATGGCAGGCGGGGCTGGATCGGCATCCTTCTCAACCACGGGAGTCGGCTTCGCCTTCTTGGCGGGCTTCTTCGCAGGTGGGGCAGCCGTCAGAGACACGCCTAGAAGCAGTGTGAGCGCGGGTATTAGGTTCAAGGGGTGCTCCTTAATTAGGCTTCGCTTTGGCATGACGCAATTCACTTATGGCTCCGTAAATTGGGTGAGAAATAGGTGGAGCAGCCCCGCAAGAACCTTTGCCCTCGACATGCCGCGCACCGATGCCAGCGCCTTCTCAATTTCTTGGATTCGCTCCAGGGTGACGAGGTAGACGCGACCGTTCGCCGTCCGAATGGGATCAGTGCTTGCCCGCAGCTTCCGCTGCTTCACGAAGAGGACGGCGGCTTCCACCAGGGCGGGCAGATTCCCGTCAAATCCATTCACGGCGTCTTCATAACAACCGCTGATGCTGCCGGGATGCTTCTGCATCCTGAAGAACACAGATTCAGGAACCGTGGTGCCCACCAAACGGCGACGAGTCTCTACGAAGGCGAGTTCCAAGCCCTTGATGTCTCCATGGAGCTTCGGTGGCATCGTGCCCGTGCCAGCCTTCTTCGGCTGGGCGGGGCGGCAGAGCGAGGGATCGGCTCCCGGCAGTGGTGCAGGTTTTCGGGGCACTGAGGGATTCCGTGGGATGGCTGGCGATGACTGATGATCTACGGGTGATGTTCGATGAATCATTCTGGAAGACCCCGCCAAAGCCATTCAAGTGCCAATAGATAGAACATATGGAAGCCGTAACACATTACGGAACACGACTCATAATCCGTAACAGAACACGGTGACAAAGGCTCTTGAGAAGCCCCATGAGGGATGAAGGAAAGCGTGGCTTCGGCTCCCATCACGCCAACCCCAGCTTCAGTCCGAGGGCGTCCTGGGCTCGGCGCTTCGCGTCGCTGCTC
NZ_AP027079.1_gap14	436581	440419	3838	ACTACTGGAATGCGGGCATGTTCGTCTGGACCCTGGCGGACTTCCGCGAGGGCCTGCAGAAGCATGCGCCCGAAGTGCTGGCGCCCCTGGACGCCTGGGTGAAGGCCGGGGCGGACCCCGCGGCCCTGACGGCCGCCTACCGCCAGCTGCCCAAGGTGGCCATCGATGTGGCGCTCATGGAGAGGGCCGAGACGGTCGCCGTGGTGCCCACGCGCTTCCGCTGGTCCGATGTGGGCTCCTGGCCGGCGGCCATCGAGTTCCAGGAGACCGATTCCGACGGCAATGTGAGCCAGGGCGAGACCCTGCTCCTGGATACCCGGAACAGCGCCTTCTTCGGAGGGAAGCGCCTCATCGCCGCCAGCGGCGTGGACGACCTCATCGTGGTGGACGACGACGACGCCCTCCTCATCTGCCGCCGCGACCGGGCCCAGACCGTCAAGCAGATCGTGGAGCGCCTCAAGGCCGAAGGGCGCGAGGATCTGTTGTAAGAATTGAAGACCGAAGATCGAGGACTGAGGACTGACCCCATGAACCGACCCGACACCCTCCATGTGGACAAGCCCTGGGGCTCCTTCGACCAGTACGCCCTCAACACGCCCTGCACGGTGAAGATCCTCACCTGCAACCCTGGTCAGAAGCTGAGCCTCCAGCGGCACAGCCACCGCGGGGAGTTGTGGATCGCCCTGGACCCGGGCGTGGTGGTGGATCGCGACGACGAGGAGCTCCGCCCTGCCGTGGGCGAGGAGATCTGGCTGCCGCTCGGCAGCACCCATCGCCTGCGCTGCGATGCGGCCACGCCCCGCCCGGTGCGGGTGCTGGAGGTGAGCTTCGGCACCTTCGACGAGGCTGACATCGAGCGGCTTCAGGACGACTACGGGCGCCGCTGATGCGCGTCGCGACCCTGCTGGCCGCCGCCCTGCCGATCCTGGCCCAGAGCCCGGCCCCGGTCCCCCACCGGAGCGGAGAGGAGATCCTCGCCCGGGTGGACCGCCTGCGCCATCCCTGGCCGGTCTTCACCGTGGAGCTGACGGTGAAGGATCCGAAGACCAGCCAGCGCTGGAAGGTGTCGGCCCGGGACAACGGCGACGCGCGGCTGGATGGCCTGTCGGACAAGGAGAAGGGCCGGGCCGTCCTGGTGCGCGGCGATCAGATGTGGCTGCTGCTGCCGGGCTCGAGGCGCCCGCTGAAGGTCACGCCCCAGCAGCGGCTCATGGGGCCCGCGGCAGGGGGGGATGTGGCCCGCACGCGGTTCCGGGAGGACTACTCGGTCCAGGCCATGGCGGACGACACTCTGGAAGGGCGCAGCTGCTGGCGCCTCGAGCTGGCCGCGAAGCGCCCGGCCCTCAGCGCCCGGCAGGTGGCCCTGTGGGTGGCCAAGGAGGGTTCCCTGCCGCTGAAGGCGGAGTTCCGTCTCGCCTCCGGCCGGCTGGCCCGCACGGCCCGGTTCGGCGCGCCCGTGCAGGCCCAGGGTCAGCCCGTGCTCTCGAGGATGGACCTGGAGGAAGCGGGGGGGCAGCGGATCGAGATCTCCTTCGGGGCCTGGTCCAAGGGCGGGGTGGATCCGTCCGCCTTCGAGCTTCCGAACCCAGGGCCCAATCCAGGCCCGAACCCAGGTCCCAACCCAGGTCCCAACTCCGGTCCCAGGCAGGGCCCCGATTCCGGTCGGTGATATGCTGGTAGGCGAGGTGCCCGCAAGGGCTTCCCGCCACCAATCATCCCACCTATCGACACCAGTCCCGCTCGCGGGGCTCCCGCTTCCACTCCCCACCACTCGAAATCCCGCCAACCTAACCCTCACGAAGCGTCCGCACCTCCGGGCGCTTCTTTTTTGGCCTCCAATCGGCGGGAGGCCGGGCGGGCCGGTCAGCGCTTGTCCTTCTCCCGGGGCTGGGCCTTCTGATGCCTGGATTCGGCCGCTTCGGAGGCGGCGGACACCACCACGATCGAGATGCGGCGGTTCTGGGGATCCTTGGGATCCTTGCCCTCGAACGGAATGGTGTCGGCATAGCCCGTGACGCGGCGCACCTGGTTGGGCCGCAGGCCCCCGGCGGCGCTCTCCATGACGCGGCGGGCGGCGTTGGCGCGCTCGGCGCTGAGCTCCCAGTTGGTGTAGGCCCGGTTGGCGTACTGGGCCGCATCCGTGTGGCCCCCGACGACGATGCGGTTGGGGAGCTTGCCCAGCTCCTTGGCGATCTCCTTCAGGATGGAGAGCGTGTAGGGCTTCAGCTGGGCGCTGCCGGAATCGAAGAGCACCTGGGCGGCCTTGTCCTGGATCTGGATGCGCAGGCCCTCGTCCGTGAAGTCCATGGTGATCTGGTCCTGGAAGGCCTGGAGCAGCTCATCCTGCTGGAAGGCCTTCTCGATGGCCTCGGCCGTGGCCTCCATGGCCTTGTGCTCCTCCTCGGCGGAGCCGGGGGCCTCCACGGTCGTATCGGTGCCGCCGTCTCCGTCCGGGCCCGGCGCCATGCCGCGCCCGCCCGGCAGGATGCCCTTGCCGTGGTTGGCGAGGATCTCCTTGCCCCGTTCGGTGTTGAAGAAGTTGGCGTCCTGGAACATGCCGGCGATGCCGGCTTTGGTGTTCTTGTCGGCGCTGTTGAGGAGCCACATCAGCAGGAAGAAGGCCATCATGGCCGTCACCAGGTCGGCGTAGGCCACCTTCCAGGCGCCGCCGTGGGCCGCGGCGTGACCGCCCTTCTTCTTGACGATCCGGATTTTGACTTCCGGTTGCTGCTCGGCCACAGGGCGCTACCTCGGTTTGATCTGCCGGACCACTTCCTCCAGCTCGCCCGAACCCGGGCGTTCGGTGGAAGGGATGTTCCGGCGGGCGAACTCCACCGCGGTGACGGGGGCCGCGCCGTTGCCGAAGCTGGTGAGGCCGGCCCGCATGCAGTTGAAGTAGAAGGACTCGGCGGTATTGACCGCATCGATGTTCTTGGACAGGGGCTGGAACACGCCGTAGGCGAGCAGGATGCCGAGGAAGGTGCCCACGAGAGCGGCGCCCACCTTGCTGCCGATGACATTGGGGGGCTGATCCAGGAAGCCCATGGTGATGACGATGCCCATGACGCAAGCCACGATGCCGAAGGCGGGGAAGGCGTCGGCCATGGTGCCCACCGCCGCGCCCGGCGCCGCGTTTTCCGCGTGGTGGACATCGAGGTCCGCGTCCATCACGAGGTCGATCTCGTCCATCTTGGCGCTGCCGTTGATGAGCAGCTTCATGGAATCGCAGAAGAAATCGAGGGCGTGATGGTTATGGGTGAAGGCGGGGTACTTCTTGAAGATGGCTGAATTGTGGGGGTCGTTGACATCCTGCTCCAGGGCCAGCAGCCCGCCCTTCTTGATGTTCACATAGACCTCGTACTGCATCATGAGGACTTCCATGTACACGGCCTTGGTGTAGGGGCTGCCCTTCAGGGGCTTGGAGATATCGCCCACCACCCGCTTGATGAGGTGGGGGGGGTTGGAAGCGAGGAAGGCGCCCACGGCCGCGCCGAAGATCATGATTCCTTCAGCGGGCAGCGGATGCAGGAGCGTGGGGATGCTCCCGCCCTCCAGCAGGAATCCCGCGATGATCGAGGCGAAGACCACCACCAAGCCGATGATGAAGAACATGCTGCAGCTCCTGCCTCTTTCATCGGCCCGCAGGGGCCTGGACTGAATTCTGGACTCGGTGCCGGGCCATTGCACTGGCACAATGAAAGGATTCGGAGGATTTATGAGCCCTTCCACCCCCATGCTCGGCCCTGTCGGCAGCTATGTGAAGCACCATTTCCGGCACTTCAATGCCGCGGCCCTGGTCGACGCCGCCGAGGGCTACCGGGTCTATCTGGAGCAGGGC
NZ_AP027079.1_gap15	542522	544144	1622	GGGCGCGCGCATCGCCGGTTCCCTGCACATGACCATCCAGACCGCCGTGCTCATCGAGACGCTGAAGGCGCTGGGCGCCGAGGTGCGCTGGGCCAGCTGCAACATCTTCAGCACCCAGGATCACGCCGCCGCCGCCATCGCCGCCGGCAGCACCCCGGTCTTCGCCGTGAAGGGCGAGACCCTTCCCGACTACTGGGACTACACGCACCGCATCTTCGACTTTGAAGCCGGCGCGAACATGATCCTGGACGACGGCGGCGACGCCACGCTGCTGCTGCACCTGGGTGCCCGGGCCGAGCAGGACCTCCATGTCCTGGATCATCCCGACAGCGAGGAGGCCACCGTGCTCTTTGCGGCCATCCGCAAGCGCATCGCCGAGAAGCCAGGCTGGTACGCCGCGCAGCTCGCCAAGGTCCAGGGCGTGACGGAAGAGACCACCACCGGCGTGCACCGGCTGTATGAGATGGCCAAGAAGGGCGAGCTGAAGTTCCCCGCCATCAATGTCAACGACAGCGTCACCAAGAGCAAGTTCGACAACCTCTACGGCTGCCGCGAGTCCCTGGTGGACGCCATCAAGCGCGCCACCGATGTGATGGTCGCCGGCAAGGTCGCCGTGGTCTGCGGCTACGGCGATGTCGGCAAGGGCAGCGCCCAGGCCCTGCGCGCGCTGTCGGCCCAGGTGTGGGTCACCGAGATCGATCCCATCTGCGCCCTGCAGGCGGCCATGGAGGGCTACCGCGTGGTCACCATGGACGAAGCCTGCGACAAGGCCGACATCTTCGTAACCGCCACGGGCAACTTCCATGTGATCACCCACGACCACATGGCCCGCATGAAGCACAACGCCATCGTCTGCAACATCGGCCACTTCGACAGCGAGATCGATGTCGCGGGCATCGAGAAGTACCAGTGGGAGGAGATCAAGCCCCAGGTGGACCATGTGATCTTCCCCGACGGCCACCGTATCATCCTGCTGGCCAAGGGCCGCCTGGTGAACCTGGGCTGCGGCACGGGCCACCCCAGCTATGTGATGAGCAGCAGCTTCGCCAACCAGACCCTGGCCCAGATCGAGCTGTGGACGAAGAAGAGCGACTACCCCGTGGGCGTCTACACCCTGCCCAAGCACCTGGATGAGCAGGTGGCGCGCCTGCAGCTGCAGACGCTGAACGTCCGGCTCTCGACCCTGCGCCCCGACCAGGCCAAGTACATCGGCGTGGCCGTCGAAGGCCCGTACAAGGCCGACCACTACCGCTACTAGGCTGAAGCGCCGCGTGCTTCCATAAACAGGGCGCCGAAGGGCGCCCTGTTCATTTCGGGTGGGAGTCCAGGTCAGGTCGGCATGTCCGTGGGCAGGGGCGTCACATTGGCGGGCACCGCCTCGGCCCTCATGACGGCGTGGCGGGTGACGGCCTCGCAGTCCAGCTGCGGCGTCTGCGTGAAGTGGGCGACGCCGAGATCCGAGCGGATCTTGGCCAGCACCTTGGCCCGGGAGAGGTGGTTGCCGCTGGCCCGGGCCTCCCGGCAGAAGTGGTAGGTGAAGGCGCCGTGCCAGGCCCCGTCGAGGAAGGCATCCGCGGCGGTCTGGTTCTGCTTGCAGGCGGTCCAGAGGATGTGGTGCGACA
NZ_AP027079.1_gap16	661597	662819	1222	CTCCAGCTCCGTGCGGCGGGCGTCCATGATGCGGGCGAGGCCCCGGAGGCGCTCGCTTTCGGCCCGAGCGGCCGCCCGCTCCGCCAGCCGTTCGGCGGCGCGGGAGCCCTCGTTCAGGGCGGCGTCGGCCCGCTCGAGGAGGCCGCTGGCTTCCGTCTGCTCGGCGACCAGGGCTTCCAGCCGGGTCGCGGTGGCCTGGAGCAGGCCCGGGAGATCCTGGGCCGCGGCGACGCCGGCCTGCGCGAGGAGCTGCCGGGTTTCCGCGTGGGCCGTGCGCAGGGCCTCCTTGAGGACCTTCTCCTCGTCGGCGAGGGCCTCGCTGATGCGGGCGTAGCGGATGGTCTGGAAGAGGGTCTGGAGGATCGCCTGGCGCTCGGCGGAGCCGGCGAGCATGAACTCCTGGAAGCGGCCCTGGGGCAGCAGGACCACCTGTCGGAACTGGCTGGCCTTGAAGCCCAGGAGGTCGGCCACCTTCGCGTCCACCGCCGTGGGCTTCTCCGTGGCGAGCGGTACCTCGGCCTCGCCCTGCAGCTCCCACAGGTTCGCGGCATAGGGCTGTTTCTTGGTGCCCTCGCCGCGCTGCCGGGGCACCTGCTGCTCTGGCGACCGCTCCACCCGGTACCGCCGGTCGCCCAGGGCGAAGTCGAAGACCACCTGGGTGGGGATGTCGGCGGCGGCGAAGTGGCTGCGGAGGTCGCGGGTCTCGCGCAGGCCCCCGCTGGTCTCGCCGTAGAGCGCGTAGCTGATGCCGTCCAGGAGGCTGGTCTTGCCGGCGCCGGTGGGCCCGTGGATGAGGAAGAAGCTCTGATCCTTCAGATCCGCGAAATCGAGTTCCTGCCGTCCCGCATAGGGGCCGAAGGCCTCCAGGGTGAGCTTGAGGGGCTTCACTCGGCGGCCTCCCCGGACAGGGTCCGCCCCGCCACCTCGTGGAAGAGGGCCCGTTCGGCCTCGTCCATGTCCCGTCCGGCGCTGTCGCGGAAGAAGGTCTCGAAGAGGGCCGCCGGGTCGAGCTCCCGGTCCACGGAGGGCACCACTTCCTGCGGTAGCGCCGGGGTGGCCGGGGCGGGCTGGATGCCGAGGATGTTGGGATAGATCTGGCGCAGGCGGGCCATGGCGTCCAGCACGGGGCCCTCGTCCAGCAGCTCCAGGAACAGGTAGTCCCCCGCCTCGCCGTGCGGACCGCGCATCAGATCCTCGAAGCGGCCGCGCAGCCGGCGGAGAT
NZ_AP027079.1_gap17	696621	699883	3262	GCGGCCCGCAGGTCGTCGAGGCTGTTGGCGCCCAAGGTCGGGGCCAACGACAAGGTCAGCGGCAGGGCCAGGGCAAGCAGGAGGGTGGGCAGGCGCATGGGGGCTCCGGGGTCGACCAGGGATGCCGAAGCTACGGGTTCCGGTTCCCGAGGGTTATTCTGGAGGACTCGGAGGAATCATGCCGTTCAGGGACGAATGCGGGGTGTTCGGGATCTGCCCCCAGGCGGAAGCCTCCCGTCAGACCTACCTGGGCCTCTACGCCCTGCAGCACCGGGGCCAGGAGGCGGCGGGGATCTGCTCCGGCGACGACCAGGGGCTGCACCTGCACAAGGCCCTGGGCTATGTGGCGGATGTGTTTACCGAAACCGTCCTGGACGGCCTGCCCGGTGATGCCGCCATCGGCCACACGCGGTATTCCACCACCGGCGGCAATGTCGCCTCGGCCGCGCATCCCTTCCTCATCCACGGCCGCTTCGGCCAGGTGGCCCTCTGCCACAACGGAAACCTGACCAACACCGAGACCCTGCGCGCCGCCCTGATCGCGGACGGCCACACCTTCACCAGCCCCTCGGATTCCGAAGTGCTGCTGGCCCTCATCAACCGGGCCCAGGCGGACACCCTGGAGGATGCCGTGGTCTCGGCCCTCCGCCAGGCGCAGGGCGCCTATTCCCTGCTCATCCTCACGGAGCACACCCTCATCGCCGCCCGGGATCCCCACGGCTTCCGGCCGCTGGCCATGGGCCAGATGAACGGCACCACCGTGTTCAGCTCCGAGACCTGCGCCTTCGATCTGGTGGGCGCGGCCTATGTGCGCGATGTGGCTCCCGGCGAAATGGTGGTCGTGCCGCGCCGGGGCGGGGAGCTCCGCTCCCTCTTCCCGTTGCCGAAGGTGCAGGCCAAGCCCTGCGTCTTCGAGCACATCTACTTCGCACGGCCCGACTCGCTGGTCTATGGCCAGAGCGTCATGGTGGCCCGCCGCGAGATGGGCCGCCGCCTGGCCCTGCGCCACCCCGTGGAGGCCGATCTCATCGTGCCAGTGCCCGACAGCGGCGTGAGCGCCGCCCTGGGCTACTCCGAGCAGTCCGGCATCCCCTTCGACTTCGGCATCATCCGCAACCACTATGTGGGCCGCACCTTCATCGAGCCCAAGCAGAACATCCGCAGCTTCGGCGTGAAGGTGAAGCTGAATCCGGTGCGCCACCTGCTGGCGGGCAAGCGCGTGGTGCTGGTGGACGACAGCATCGTGCGCGGCACCACCAGCAAGAAGATCGTGCAGATGGTGCGCGAGGCCGGGGCCAAGGAAGTGCACATGCGCATCGCCTGCCCGCCCACCACGCACTCCTGCTTCTACGGCATCGACACGCCCAAGCGGCAGCACCTCATCGCCTCCTACATGTCGCTGGCGGAGATCACGGCGTTCGTGGAAGCCGACAGCCTCGGCTACCTCGACCTGAAGGATCTCGAAGCCTGCATGGGCGACGATGGCCAGGGCTTCTGCTACGCCTGCTTCACGGGCAACTATCCCGTGGCGCCGGGCACGAAGGGCTAGGAGCGGTCCGGGGGCCCTTCCGGCGCTTATCGGTGCTTATCATGGGCCATGTGCCTCATCGCGCTCGCCTACCGCGCCCATACCGCCTTCGAGCTGGTGGTGGCCGCCAACCGTGACGAATACCACGCGCGGCCCACGGCCCCGGCGGGCCCCTGGGAGGACGCGCCCGGGGTGTTCGGGGGCCGCGACCTGGCCCAGGGGGGCAGCTGGCTCGCGCTGTCGGAGCGGGGCCGTCTGGCCTGCGTCACCAATGTGCGGCGCATGGAGGCCCCGGACCCGGCGGCGCCGTCCCGGGGGGCGCTGGTGGCCTCCTTCGTGCGGGGCCGCGAATCGGCGCACGCCTTCTCTGAAGGGATGGCCGCCCGGGCTATGGCCTACGCCGGCTTCAACCTGCTGCTGTGGGATGGCGGGGACCTGCGCTACCTGAACAACCACCCGCGGTTCCTCTCCCGCCAAGTGCCGCCGGGGGTGCATGTCGTCTCGAATGCGGACCTGGACACCCCCTGGCCGAAGACGGAGCGGCTCCGGGCGGTGATGGAGGCCTGGGTGGCCGCGGGGAAGGACGACGAAACCCCGCTGCTCGCCGCCTTGGCCGATGCACAGCCCGCTCCCGATGCGGACCTTCCCGACACGGGCGTGGGGCTCGACCTGGAGCGCCTGCTCTCTCCGCCCTTCATCGTGAGCCCGCGCTACGGGACGCGCTGCACGACCCTGGCGGCCCTGGGGCGGGACGGGACCGTCCGCTTCACCGAGCTGCGCTTCGACCCCTCCGGCCAGCCGTCCGGACGCACCGATGCGCGGTGGACCCTCGAACCGGAGGGCCGGTCGTCATGACGGGTTCCGGCCCCTCCGGGGCGCCTCAGGCCCGCTTCGAGGATGGCCTGCGCTTCCTGGCGGCTGCCCTGGCGCTGGATCTCGACCACCGTCACAGCGCGGCCATCGTGAGCACGGCCTGCGACGCCATCCAGTGCTTCCTGGTGGCCTTCGAAGCGGCGGCGCGGCGCCGCCTGCCGGATCCCCAAGGCGAAGTGGCCCGGCTGCGCGGGCAGCTCGAGGCCCTCCTCACCCCCCGGCAGAGCCCCGAGGATGCCGCGCGGAATGCCCTGGTGGCGGCGCGCCTGGCCCGGGATCAGGCCGCCCGGCTGCTGCCGCGGCTGATCGATTAGGCCGTTTAGAAGTTGGCCCGCCCCAGGGGCACATTGCGGGGAACGGGGTTGCCGCCGAAGCGGTCCACGGGCAGGGTGGCCGAGGCCAGGTTCGTGGGTTCGGTCCCCATGCCTCCGCCGATGGTGCGCAGGAACTTCCGGAGGTCCTGACGGAACCAGACGACGAACTCCTGGAACGCCACCTGGCGGAGCTCCTCCTTGGAGAGCTCGCCGACCACCTCCACCACGGCCGAGGCGGACTCCGCCGGGGGGGTGAAGGTGCGCCACGGCCGGGCGCCGCCGTCGGTGTCCCCCATGATCCGGGCCAGGAAGGCGGCATTCTTTCCCGGTTCCAGAATCTCGGGACGGGGTCCCTCCCCGGCCAGGAGACCCGAGGCGAGGCAGAGGGAGAGCAGGAGGCGCATGGTCTTGGAATGAGGGCATCGGAACGGAGGTTCCCGGCCCCGGGCCTCAGTAGACTGGACCCATGCCCATCGCGATCCTCGGACCCACGGCCTCCGGCAAATCCGCCGTGGCGGTGGCCGTGGCCCGGCGCATCGGCGGCACC
NZ_AP027079.1_gap18	703876	706501	2625	CGTCTGATCTCCCGGCTCGGGGAAGGCGCCATGGGCGAAGTCTGGAAGGCCCTCGACCTGCGGCTCGAGCGGGAGGTGGCGCTCAAGATCCTGAAGGATGCCGATGATCTCCGGCGCAAGGCGCTCATCGGAGAGGCGAAGCTGGCCTGCCAGCTCAATCACCCGAACATCGCCCACATCTACGACGCCGGCGAGGTGGAGGGGACGCCCTACATCGCCATGGAGCTGGTGGTGGGCCGCACGCTCCGCGCCCTGGTGGGCCGCCCGCTCGAAGGCGAGGCCCTGCAGGACCTGGCCCGCCAGGCCGCGGCGGCCCTCTCCCACGCGCACCAGAAGGGCATCGTCCATCGCGACATCAAGCCCGAGAACCTGCTGCTGACGGACGAAGGCCAGCTCAAGATCCTGGATTTCGGCATCGCCCGCCGGGGCGCCGACGACCTTCCCGCGGGGCCGACCTCCCACCACATGACCCTCGTCGAGCACACGGCGCCCGGCTACAGCCAGGGCACGCCCGCCTACATGAGCCCGGAGCAGGCCAATGGCCAGCCCCTCACGGGCCAGTCGGACCAGTTCAGCCTGGGCGTGGTGCTCTACGAGCTGGCGACGGCGGTCCACCCCTTCCTGCGGAGCAGCCTCGTGGACACGCTCTATGCGGTGACGCGCGACGAGCCGCGGCCCCTCTCGGAGGCGAGGCCGGACCTCCCGCGCACCCTCCAGGACGCCATCCACCGCCTGATGGCCAAGTCGCCCAAGGACCGGTTTCCGAACCTGCAGGCCCTGGTCGTGGGGCTGTCCGAGAACATCCCCACGGCCACGGTGCCCCATCTCAGCCGGCCGGTGGCGCTGCTCCGCCGGCCCCGGCGGACTTGGCTCCTCGTTTCCGCGGGTCTGGTCGTCGTGGCGGCGGCCGGGCTCGGCGGTTGGCTGCTCCGCAGCCGCGACGGCTCCGGGCTGGGGGAGGCCCGCCGGGCCTCGCGGCTGGACTTCACCCGGGGGCGCCGGGTGGTGGCCATCCTGCCCATGGAGCAGCTGCAGCCGGACGCCGAGCATGCCTGGCTGAGCAACAGCTTCGCGGATGCCATGGCCTACGGGCTGGTGCGGCGGGACGACATCCTGGTGGTGGACCGCCTGCGGGTGGTAGAGGCCATGCACCAGCTGGGCGACACCCCGGGGCAGGCCCCCCGGGCCCTCGGCGAATTGGGCCGCCAGCTCAAGGCGGAGCTGCTGGTCCTGGGCAGCTATCAGGTCGTGGGGGGGCAGCTCCGCATGGGCGTGCGCGTGGTGGATGTGGCGCGGGGGGCGACCCGGCACCAGTTCCAGCTGGACCGTCCCGTGACCGACCTCCTGAAGCTGGAGGACGAACTGCAGCAGCGGCTGCCCCAGGAGATGGGGCTGGGCAGCGACCCGGGCTCGCTTCGCTCCCAGGCCAAGAACCCCCGCACCCGGGAGCTCTACACCAAGGCCCTCCAGGTCATCACGGATGGCAACCAGGACGCGGTCCAGCTGGCGAACTCCCTGCTGGCCTCGGCCATCGAGATCGAGCCCGACTACGCTCCGGCCCGGGCGGAATACGCCTGGACCCTGGCGGAGCTGGGCGCGACCCGCGCCCTGAGCCAGGGGCGCTTCGCCGAGGGGCAGGCCCTGCTCCGCCAGGGCAAGGCCGCTGCCGAGCAGGCCATTGCCCTGGATCCCAGCGCCTCCCAGGCCTATCGGGCCCTGGGCTCCATCCTGCTGCGCCTGGGCGATCTGGAGGGCGCGAGCCGCTCCGCGCTCCAGGCCGTGCGGCTCGATCCCGCGGACCACAAGGCCTACGATGTGCTGGCGGATGTCTTCGCGGGTCTGGAAGGCGAGGACAACCACCAGACGGCCCGGCGCTACTTCGAGAAGTCCCTGGCGCTCTTCCCCGAGGGCTGGCAGGCCCACCACCGGTACGGCGTGCTGCTGCAGAATGACGGCGACCTCCTCCAGGCCCTCGAGCATGCGGACCGGGCCATCGCCCTGCGGCCCTCCGCCGAGTACGCCTATGTCACCGCCGCGGACGCGCTGCTCTGGATGGGGCGCGCACCGGAGGCCGAAGTCCGGCTGAAGGCCGGCCTGCGCGAGGTGCCGACTTCCAATGTGCTGCGCAGCCTCATGGCCTACACCGCCTGGGACCGCGGCGACCGCGCCTCCGCCGAAGGGTATCTCCGGGAGCTGGAGAACGCCTGGCCCCCGGACCACTCCAACACCGTGCTCCTGGTGGCGGTCAAGCAGGCCGTGGAAGGCGACGCGGCGGGCGCCCGGGCGCAGATGGAGGGCTACCGGCAGAAGCTGCTGGCCTCGGATCTCGCGGCGAAGAAGCACAACGAGAAGCGGGTGCTTTCCGTGAACCTCTACTTCATGGCCCGCATGGCCGCCCGGCTGGGGGATCCGGCGGGCGCCAAGAACCTGCTCGATCTGGCCGACCGCCTGCACGCGGGCAAGCGCCGCGTGGCCCAGCAGGATCCGGCCTTCCGGTAGGACCCCCTAGCAGGCCGTCTCATGGGCCTGGGCCACCAGCTCCTCGATGCGGCGGCGCACCTCCTGCACGAGGGAATCGCGATCCGGGTGATCGGCCGGGTGGACGGGCTGGCCCATCAGGAGGGT
NZ_AP027079.1_gap19	709445	711022	1577	AGGTGGCGCGTGACCCGGCGGCGCTTCTTCCAGATGAAGAGCAGGTCGAAGAGGGCCAGGGCTTCGGAGGCCTGGGGATCGAGGCGTTCCAGGTCCGCGAGCAGCTGGCGCTCGTCCGACAGGGGCCGCCCACCGTGGGCCCGCAGGACATCGGCGTGGGGCTTCACCCGGGTGGTCAGCTCCCGGTGGACGGGATCCGCCAGGAGGCCCTGGAAGGCCGCCACCAGGGCGGGCTCATGGGGAGCTTCGTAGAGCGCGAGAACCTTGCCCAGCAGGGCCTTGCAGAGGTCCTTCCGATCCTCGAAGGCGGCGAACAGGCCCTCGGTTTCGGGTGAGCGGAAGTAGTAGCGGAGCACCTCGTCCAGGTTGTCGGGCGCCGAGGCGATCTCCTGCTCCATGAAATAGCGGTAGGGAGCCCGCAGGCCGGTATCGCGGACATTGAGCTTGGAGCGTTTGGGCCGCGGCACCGAGAACGCGAAGTCCTTGCCCAGGGTGAAGACCAGGTAGTCCCGCTCCGTGAACCAGAGCCCCTCGCCCTCGGAGAGCGGGATGAGCATGCGGGTCTTGGAGAGCACGGAAGTGAGGTCGCTGGAAACCACCACGAAGTCGCCGTGGGCGTCGCTGCCGATGCCCGCATAGAGCGAAGACCCGGATTTCACGGCCACCACGCCCGGCACCTTCGGATCCGCAAAGGCTGCGGCATAGGAACCTTCGGCGCGGGCATCGGCCTTGCGGGCCGCATCCATCAGGAGGAAGGCGCCATCGGGAATGGACGCCTGCAGCCCGGCAGCCGCGTAGGCGGCCCGGCAGGCCGCCAGGGCCGAACCGGGGTCGGCCAGATTGGCGGCGTAGGCATCCTCGGTGAGGTGCGTGATCATCTCGCCGTCGTTGTCGGAAACCACGGCGTGACCCTGGATGGTCAGGGCGGGCTTGAGCGCATCCGTGTTCGAGATGTTGCCGTTGTGGGCGCCCACCATCTCGACCTTGCAGCGCACGAGGTGAGGCTGGCTGTTCACATCCGTGACGGCGCCATAGGTGGCCCAGCGCACCTGGCCGATGAAGCGCTGGCCGGCCTGCTGGTCGATGCCCAGCTCGGGCACCACGCGGCTGGGGGCGCCGACCTTCTTCAGGAGCTTGATGGCCCCGTCGTCCCCGATGAAGGAGGCCCCGGTGGAATCGTAGCCTCGGTATTCCAGCCGCTTCAGCAGCTCACCGGCCTCCCGCCCCATGGCGGAAACCTCGGATCCATAGCACAACGACACGATTCCGCACACCGCCGGACCTCCCAAAGCATTCATCACAGGCCAAAGCCACCCTCCATCCTGGGATAGAAGGGTGGTTTATGGAACTGGATCGATCCCGCCCTGGGTCAGGGGTGAACAGCGGAGCAGGCGCCAGGTGGTGAGCAGGCCGCCGCGGAGGGTGCCGTACCGCTGGATGCAGCCCAGGCCGTAGTGGCTGCAGGTGGGGGTGAATTTGCACTGGGTGGGCAGGTGGCTGGACAGGGTGGCCTGGTAGGTACGGATCAGGCCGCGGCAGACCCAGGCCGTCGGTTGGAAGCGCACGGGCAGGCAGGC
NZ_AP027079.1_gap20	743849	747677	3828	TTCCGTGATGGAGGTGAGTTCCTCCCGCAGCCTCCCCACCATCCAGAATTCGGCTTCACCGAATTCCGGCGCCGTATCCAGCGTGATGGACTCATCCAGGTTCATCTGCACGAACCGTGAAGCGTTCCACAGCTTGTTGCAGAAGTTCCGGCTGGCCTCGAGGCGCGCGGTGCTCATGGCGATGTCCGTGCCCGGCGCGGCCATGATGGCCAGCGAGAAGCGAAGGGCGTCCGTGCCGTACTCCTCCATCACCTCCAGGGGGTCGATGACATTGCCCTTGGTCTTGCTCATTTTCTGGCCGCTGGCGTCGCGCACGAGGCTATTGAAGTAGACCTTGCGGAAGGGCACCTCGCCCATCCAGGTGAGGCCCGCCATGGCCATGCGCGCCACCCAGAAGAACAGGATGTCGTAGCCCGTGATGAGCACGCTGGTGGGGTAGTAGCGCTTCAGCTCTTCGGTTTCATCGGGCCAGCCGAAGACGCTGAAGGGCCACAGGGCCGAGCTGAACCAGGTGTCCAAGGTGTCCGGGTCCTGCTTCAGTTCGCCTGCTCCGCACGCGCAGCAGGCGGAGGGCCGCTCCATCTCCACATGGAGTTCCCCGCAGGATGCGCAGGTCCAGGCCGGGATGCGGTGGCCCCAGACCAGCTGGCGGCTGATGCACCAGTCCTGGATGTTGGTGAGCCAGTGGTTCCACACGGCCGTGTGGTGCTCGGGCGTGAACTGGATGGCGCCGGAGTTGACGGCGTCGAGCGCCTTGGCGGCGGCATCTTTGACATCCATGAACCACTGCTCGCTGACCAGCGGCTCCAGCACGGCGCCGCTACGGTCGCTGAGGCTGATCTTGTGGGTGTAGTCCTCCACCTTCACGAGGAAGCCCTGTTCCTCCAGATCCGCCACCACGCGCTTGCGGGCCTCGAAGCGGTCCAGGCCCGCATAGGCCCCGGCGGCGGCGGTCATCTTGGCGTCGAAACCGATGATGGTGATGGACTCCAGCTTCAGGCGCTGGCCCGCGGCGAAGTCGTTGGGATCGTGGGCCGGCGTCACCTTCACGCAGCCCGTGCCGAAGGCGGGATCCACGAAGCTGTCGGCCACCACCGGGATCTGGCGGCCCGTGAGCGGATGGTTCATGAGCTTGCCGATCATGCCCTGGTAGCGCGCGTCATCGGGATGCACGGCCACGGCCGTATCGCCCAGCATGGTCTCAGGCCGGGTGGTGGCGACGACCACATCGCCGCTGCCATCGGCCAGGGGGTAGCGCAGGTGCCAGAGCTTGCCGCGACGCTCCTCGTATTTCACTTCCAGGTCGCTGAGGGCGGTCTGCAGGGCCGGATCCCACTGGATCATGCGGGGGCCGCGGTAGATGCGGCCGGCCTTGTAGCTTTCCACGAAGACCTTGCGCACGGCCTTGTTGAGGGAGGGGTCCAGCGTGAAGCGGTTGCGGGTCCAGTCCACGGAGCAGCCCAGGCGCTTCAGCTGGTGCTCGATGGCGCCCTGGTTCTTCTCCTTCCAGTCCCAGATGCGCTTTTCGAAGGCATCCCGGCCCAGCTGGTGGCGGTCCGTGCCTTCGGCCTTCAGTTGGCGCTCAACCATCATCTGCGTGGCGATGCCCGCGTGGTCCGTGCCGGGCACCCAGAGGGCGTCGAAGCCCTGGGCCCGCTTGAAGCGCGTGAGCACATCGTGGAGCGTGTTCACCAGGGCATGGCCCATGTGCAGGTTGCCCGTGATGTTGGGCGGCGGGATCACGATGGACCAGGGCGCCTTGCCGCTGGCGGGAGCGGCCTCGAAGGCCCTGGATTCTTCCCAGACCTCGTACCAGCGCGTCTGCGCCGTCCTGAAGTCGAAAGCCTTGTCCATCTCTCGCATTGCCATCCTTGTCTTGGCCTTTCCCGGCTCCAAATCGGCGTGGCCGATTTGGAGTAGGTGATATGGGACTTCCTAGGATCAGCCAGCCCAATGGGCCAGTTTACCCGTGGAAGGAGAAGGCTTCCAGGCGGGGAAGCCGGGGAGTCGGCCGTCGTCATAAATACGATATGATGGTCATCATTCGTCCATGACGGGACGGGAGGCCTCATGAATCCTCGTCGGATCGCCGCTTTGGGGGTGCTAGGCCTCCTGGTTGCAGGGATCTGCGCCGGGCAGGAGCGGCCGCTGGTCGCTCCCCACGCCAAGGCGAAGGTGATCTGCACCGACTGTCACCAGAAGGAGAAGCCCACCACGGCGGCGGTGCCGGACGAGGCCTGCATGGTCTGTCACGGTGACTACCCGGCCATGAAGGCGCTGACGAAGGATGCCAAGCCCAACCCCCACGCCTCGCCGCACGACCCGATCCTTTGCACGGAATGCCACCGGCAGCACAAGCCGCCGGTGGTGAAGTGCCTGGAATGCCATGAGGGGAAGTTCACCTTCAAGATCAAGTGACCGCCCAGGGATGACAAGATGGGAGGGTTCCAGTGAGCGCCCCATGCCATTCCGATGCCTTATCGTCTCTTCGGCCCTGATCCTCGGGGCGGTTCCCGCCAGGGCGGGGGCCTTGCTTGAAGGGCGGGTGCTGCCCTACCGCCAGGTGGAGGTCAGTGCGCCGGTTTCGAGCCGGATCACGGAGATGCGCGTGAAGGAGGGTGAGGTCGTGAAGGCGGGCCAGCCCCTGGCCCTGCTCTACGGGAAGCTGGAGGAACTGGAGATGCAGCGGGCCAAGGCCCTGCTGGAGCGCCGGGAGTTCGAGGCCAGGGGGGCCAAGCGCCTCTACGACAACAAGGTCATTCCCGAGGCCAGGGCCCTGGAATCGCGCATCGATCTGGAGCTGGCGCGCCTTCAATACGAGACGGCGGCGGAGCAGGTGAGGATCCGCACCATCGTGGCTCCCATGGATGGGGTGGTGGTGACCCGCCATCACGAGGAGGGCGAGGCGGTCTCCGGGGGCCAGCCGATGTTCCGCCTCATGGATCTGAGCCGGGTGGTGATCCAGTGTGCCGCGAGTCAAGACGCTCTCGCCGCGCTCGCACCCGGGCGGAGAGTCTCGGTGCGCTTCCCCGACCCCGGGGGTTCCGCGAGCGCCGAGGGAGAGGTGGTCCTGGTGGATCCCTGCACGGATGCGGCAGGCAAAGTCCGCGTGAAGGTGGTGGTGGCGAATCCGGAGGGACGGATCCGTGCCGGGCTCCGGGCCCAGGTACTGGCCCCCGAAGGTCCCTGAGGAACCCCTGGGGCTGCGGTCCCTGGCTCTCGATGCCGTCAGAGCTTCTTGTGGGTCCCGTCGCACATGGGCTTGGTGCCGCTCTGCTTGCAGCCGCAGAACCACTTGGTTCCGGTCACATCGGCGGTGTAGGCCATGGGCGTGAAGGGGCCGCCCTTGTGGGAGCCATCACAGAAGGGCTGCTTCTGGCTGTGGCCGCAGGCGCACCAGTGGTAGGTCTTGCCCGCCTCGACCTCCACCTGGTAGGGGCCCTTCTGGGCGATGTGGGGCTTCGAATCCGACATGGCGGTCCTCCTGCTGGGGTGCCTGGCGTGGATGGAGGAAACCATCATAACGCCGGCCACCAGGTCGGCTCAGTCGCCCTGCTGCCGCTCCCACATCTCTTCCCACTCCAGGTCAGTCCACCACTCGGCTTCGAGGCCATCGCAGGTGGTGCCGTAGGAGGGGCAGGCGATGCAGCCGTCTCCCCGATGGACTTCCGCGTCGTGCTGGGGCGGGTGGACGGCCACCAGGTCCTTCCCGGCCTCCCAGGCCAGGGTTTCTTCCGCGGTCATGGGGCGGGAGGGCAGGTCCCGCACATGGAAGCGCCGCAGGCGCTCCTCCCCTTCGGGGAACATGACGGAGTTTTCGGCGTCGAT
NZ_AP027079.1_gap21	755141	755933	792	GATCTCGGCTTCCACGCTCAGCCCCAGCCGGAGCTTGCGGTCCGGGTCCGCATCCGCATCGAGCCGGATCTTCACGGGCAGCCGCTGGACGACCTTCACCCAGTTCCCCGTGGCGTTCTCCGCCGGCAGGAGGCTGAACGCCGCTCCCGTGCCGGCGGAGAGGCTTTCCACGGTGCCCATGAAGGTCCGGCCATCCAGATCGGTCCTCATCCGGACCCTCTGGCCCGGGCGGACGCGGTGCAGCTGGGTCTCCTTGAAATTGGCCTCGACCCAGAGATCCGGATGGCCCAGGGGTACCACGGCCAGCAGGGGTTGCCCGGCCGCCACCACCATGCCGGGCTCCGCCAGCTTCCGGCTCACCACGCCATCGCAGGGGGCGAGGAGGGTGCAGTAGGAGCGCTGCAGCCGTGCCTGGGCCAGGGCCGCCTGGGCCACCTGGACCTTGCTCCGACTCACGCCCAGCAGGCCCTGGGCGGCGGCCACCTGCTTCCGGGCGGCGGCCGCCTGGGCGCGGGCCACCTCCTCGGCCGTGAGGGCCTGGTCGTACTTCTGCCGGGGGAGGGACTGCCGCTCGAAGAGCGCGGCCATGCGTTTCTTCTCGAGGTCCGCCAGGGCCCGCTGGCTTTCCGCGGACTGCAGCTGGGCCTGGGCCTGGGCGATCTGGGCCTGGTTCAGCGCGAGGGCGCTGCGGGCCTCGGCCTCCGAGGCTTCGCCCCGCGCGACGGCCGCGTCGTAATCCCGGGGATCCAGGGTGGCCAGGGGCTGGCCGGCCCGGACGGTCTCGTTCTCCTG
NZ_AP027079.1_gap22	807266	809928	2662	CGGCGAGGTGCCAGGCGAGGTGCCCGGCTGGGTGTGGGAGGGGTCCTCCTTCCCCGCGGCCAGGGAAGCCAGGGTGGCGGAGGCGGCCAGCACCAGCGCCCGCACGAACTCGGGATGATCGAGCCCCTGACGGAGCCCGCTGTCCACCAGCAGCAGGGCCACGGTCTTCCGCTTGTGGCGCAGGGGGAGGACGGCCATGTCCGCGGCTTCGAAAGGACTGAGGGGAGCGAGCAGGGCGGCGTATCCGGGGCCCTTCTTCCGGAGGGACCGGCCGAGGCCCTGAATGACGGATTCCAGGTCCGGCGGTGGGACCACGGCCCCGGGCTTGAGGGGCGCCCCGGCCTCGAATCCCCGGTGGGCATAGAGCGAGGCCAATCCCTGCTTGAGGACGAAGAGGGCGCTGCGCTCCACCAGCGGCACGAGGGCGTCCAGGAGGCGCTTGAGCAGGTCGCCCTGGGAAGTGGCACCTTCCACGAGGTCGAGGGCCGAGGCGAGGGACTGATCGGCGACGCCGGCCGGGTTCGCCGGGGACGGTCCGAATCCGGAACGGGAGGGCATCGCCGCACGGAGCCGGTCGAGGAGGGCCTCATCGGGGCGGAAACCGGCCACGGCGCCCTGCCAGGTGGCGATCACTTCCTCGAGCAGAACCTGGTTCTGCTGGTTCAACCAAGCCTCCAGCTCGCTCCGGAGCGCGTCGTGGGGAGGCTGGTCCGCGGGGCTGGGGTCGCTCATCGGTGGGCTCGGAAGAGGATTCGCGTTCAGGGTATCCCACTTCAGGCCCGAATCCCGTCCGCTGGCAATTACCCGAGGGAACCGATAGGATGGCCCAGGTTCCTTGGAGATGGCGGATGGCGGATCTTTCCATTGCGGTGAGGCAGGTCGAGGGCGTGTCGGTGCTCCTCCCGGCCGGGTTCATCAATGCCCATACCGTGCGGGAATTCGAGGAGGCCCTGGAGAACCTGGTCCAGAACGGCCACTACACCATCCTGCTCAACTGCAAGGACCTCAACTACATCAGCTCGGCCGGCCTGGGCGCCATCATGGGCCTCATCGAGACGGTCCGGGAGCATGACGGAGACATCCTGCTGTCCAACCTCCAGGACAATGTCTTCGCGATCTTCGACACCCTGGGGTTCACCCAGCTCTACCGGGTCTTTGGCAACGAGGATCAGGCTCTGGCGGCGGCCACGCCGGAGCGGAAGGGCTGATCGTGGCGGCCAAGATGGACCACGCCCAGTTCAAGCTCGTCATTCCGAGCCAGACCCGCTATCTGAACCTCGTGACCGGCCTGGCCAAGCGGGCCTCGCTGGTGGCCGGGCTCGACGACGCCGCTGCGGCCAAGGTGAGCATCGCCGTGGATGAGGCGGTGACCAATGTGATCCTCCACGCCTATCACGGCGAAGGCGAGCACACGGTGGAGCTGGAGCTGCGCTTCACGGAACAGGCCCTGGAGATCCACATCCTGCATTCCGGGCAGGGCATCCGCAGCGACCAGATGGTGCTGCCGGATCCCAAGGAGTACATCAAGCATCCGCGGAAGGGGGGCCTGGGACTGCTGCTCATGAGCCGCTTCATGGACGAGGTCCAGTTCAAGGCGGACGAGGCCTCCGGCCGGAACGAGTGCTGCCTGATCAAGAAGATCAGCTGAACCGCACGGTTCATCCGCCATGCCGACCAACCCCTTCGACCGCCTCCGCCAGCTGGCGCTGAAGACCCCGGAGGGGGCGCAGGAGCTGCTTCCGCTCATCGACTTCCTGGAGACCTTCCCGGAGCAGGGGACGGAGGAGGATCTGGTCCACCTGGTGGGCATCACGGCCATGGGCATCGCCAAGGCGGGCCAGGGCGGCCTCTGGGATGGCGGGCGGTGGCTCTTCCTGCGGGGCTCGGCGCCGGCCTTCCCCACCCATCCCGGCGAGGGCTGGCAGGTGCTGCCCTGGCGGTACGGGGACGAGACCTACGGCCACCTGGTGCTGAAGACCGGCGACCTGCCGGGCGCGGTGCCCCTGCTGCTGTCCATCTCGGCCCCCCTGCTGGCCTGGCGCCGGGCCGAGGCCGTGCGGAGCACCCAGAACCAGGCCCTGGCCCTGCAGCTCTCCCGCCTCAACACCGTGTTCGAGCTCACCCGCAACCTGGGCGAGGTGGAGACCCGGCACGACCTGGTGCGACTCATGGCCAACACGCTCATGGGCGAGTTCCGGATCATGCGGCTCCTGGTGGTGGATGCCCAGGGGGTGGTGCTGCACGCGAAAGGGCTGGGCCAGGTGCCGGAAGCGCTCGAAGGCGACCGCCTGCATGAGCTGGTGGAGGCGAAGGGACTGGTGCACGCGGTGGAGCTGCTGGACCAGAACCACAGCCACGGCTTCGCCTACGCCGCCGATCCGGCGGTGGGGAAGCTGTCCGACGATGACGAGGTGTTCCTCCACACCCTGCTGAACCTGACCTCCTCTCAGCTGTCGAGCCTGGAGCTGCGGGAGGCGCGCATCCAGGCCGGGCGCATGGAGAAGGACCTGGATCTCGCCCGGGACATCCAGCGCAGCCTGCTCCCCAAGGAGCTGCCCGAGCCGGACGGCTGGCAGTGCGCCGCCGCGAACCTGCCCTACCAGGCCGTGGGCGGCGACCTCTACGACCTGTGGATGGCGCGGGACGAGGAGCTGGGCGACCG
NZ_AP027079.1_gap23	851710	856441	4731	TTGGATTTCCTGTTCGGGGAAATAGATCTGAAACTAAAGCAGACCACCTCTTAGCGGCGAACGAGCTTTCCTCGGAGCTTCGCGGCTAGGTTGCGGGCCTCGGGATGCCCGAATCCCGCGGCAGTAGCTCCGTAAACCACCGCGCAGAGGGCCACGAGGGGCAGGACTTTCAGCGCCAGGGCGGCGCGGGTGAAGGCGTGGGGGGCGTCGAGGGTGAGGAGGTGCGCGCCGCCCCAGGCGAGCAGGCCCATGAGGAGGCAGGCGGCGAGGGCGCGGGCGGTGGCGTTCAGGAGGGGGCGCAGGTCCAGGCCGGGCAGGCGGGGGCGCAGGCGCAGCAGCAGGCCCGCGAGGCCCGCGAGGCTGGCGAGGCCGTTGGCCAGGGCCAGGCCGCCGGTGCCGAGGGGCTTCAGCAGCGCGAGGCTGAGGGCCACATTCACCACCAGGGTGGCACCCGCCAGGGCCGCGGGGCCGCGGTAGTCCTTGAGGGCGTAGAGGGCCTGATTGCCCAGGCGCTGGGCGGCCACGAAGACCAGGCCCACGGACTGGAACACCAGGGTGAGGGCGGTCCAGTCGGCGGCGGCGGGATCGTAGGCGCCGGTGCGGAAGAGCAGGGCGCAGATGGGCCGCGCCAGCACGGCGAGGCCCACGGAGGCCGGCAGCACCAGCAGGGCTGAGGCCGAGATGGACTGCGTGAGGCTGCGGTTCAGGGCGGGCCAGTCGCGGGCCTCGGCCTGGCGCGAGAGGGTGGGCAGTCCGGCGGTGGCGAGGCTCATGGCGAAGAGCCCCAGCACCATCTCGCCCATCATGCCGCTGTTGTAGAGCACCATCTGGGCGCCGTTGGGGAGCATGGAGGCCAGCATGGCGCTGATCAGGGCGTTGATGGGGTAGATGCCGGCGGCCAGGAGGCCCGGCCCCATGCGCTTGAGGGCCTTGCGGACCCAGGGGTCGCGCAGGTGCAGGCCGACGGCGAGGCCGAAGCCCTCCTTCCGCACGGCGGGCAGGATGACCAGCAGCTGGAGCACGCCCCCCGCCAGCACGGCCAGGGCGCACACGACCGCAACCGTCTCGAGCGGCACCTGGCCGCCTCGCCCCAGTAGGCGCAGCGAGAGCCACCCGAAGGCGATGAAGGCCAGGTTCCAGAACACGGAGACCGAGGCCGCCAGGGCGAAGCGGTGGCGCAGGTTCAGCAGGCCCGCGAAGCCCGCCGTGAGGCTCACCAGGGCCAGGTAGGGGAACATGATGCGGCCCAGCCGGGTGGTGAGCTCGCTCTGGGCCTCGGGGCGCCCCAGCATCAGCAGGCCCGCCAGGGGCCCCATGAACAGGAGGACGAGGACCACGCCCAGCAGCAGGATCACCAGCAGGGTGCCCAGGAACCGTGCCGCCACGGCCTTCACGGCGGCCTCGCCCTCGGCGGCCTCGGCTTCGGCCAGGGTGGGCAGGAAGGCGGCGGTCATGGTGCCTTCGGCGGTGAAGCGGCGCAGCAGGTTGGGCAGGCGGAAGGCCACGGCGTAGGCATCCGCGGCGGCCCCCGCCCCCAGCACATGGCTGAGGAAGAAGGTCTGGAGCAGCCCCGTGAGGCGGCTCAGCAGCGTCATCAGCCCGACGACCCCGGCGGAGCGGAGCAGGCTGGGACGGGCGCGGGGGGAATCGCTCACGGTCGGGTCTGGGCGGAATGGTCCATGAGGTTCCCCGGCATTGGAGCCGCCTGCCGGAATCGAACCGGCGACCTCCAGATTACAAAGCTGGAGCTCTACCAACTGAGCTAAGGCGGCGCAGGGTCCAGTCTATCGGATCAGGCCCTACCGGGGATCCCCCGTCGGATCACGCTTCAACTCCTCGAGGTAGCCTTCCAGCCACTTGGTGGAGAAGGTGCCGGCGATGAAGTCGGGCTGGTCCATGATGCGGCGGTGCAGGGGGGCGGTGGTCTTGATGCCCTCGATGACCAGGGTGTCCAGGGCGCGCCGCATGCGGGCGATGGCCTCGGTGCGGTTGGCGCCGAAGGCGATGAGCTTGGCCACCATGGAGTCGTAGTGGGGCGGGATGACCGCATCCTGATGCATGGCGGTATCCACGCGGATGCCGGGGCCGCCGGGGAAGTGCAGGGCGGTGATGCGGCCGGGGCAGGGCGTGAACTTGAAGGGGTCCTCCGCATTGATGCGGCACTCGATGGCGTGGCCCTTCTGGACCACATCCTCCTGGCGGAAGCTGAGCTTCTGGCCGGCGGCGATGCGGATCTGCTCTTTCACGATGTCGATGCCCGTGACCAGCTCGGTGACGGGGTGCTCCACCTGGACGCGGGTGTTCATCTCCATGAAGAAGAAGTCGCCGCGCTTGTCGAGGAGGAACTCGATGGTGCCCGCGTTGTAGTAGCCGACGGCCTTGGCGGCGCGCACGGCGGTGTCGCAGATGCGCTGGCGCAGGGCCGGGTCGAGGACGGCGCTGGGGCTCTCCTCGATGAGCTTCTGGTGGCGACGCTGGATGGAGCACTCGCGCTCGCCCAGGTGCACCACATTGCCGAAGAGGTCGCCCATGATCTGGACTTCGATGTGGCGGGGCTCCAGGAGGTACTTCTCCATGTAGACGCCATCGTCGCCGAAGGCGTTCTTGGCCTCGCTGCGGGCGGTGTTGTAGAGGTCCGGTAGTTCCTCGGGGTTGTTGACGATGCGCATGCCGCGCCCGCCGCCACCCGCGCTGGCCTTGACGATGACGGGATAGCCGATCTGCTCGGCCACCACCAGGGCCTCTTCGACCGTCTCCACGAGGCCGTCGCTGCCCGGCATGAGGGGCACGCCGGCCTCCAGCATGGTGGCCTTGGCCTGGGCCTTGTTGCCCATCTTGCGGATGATCTCGCCGCTGGGCCCGATGAAGGTGATGCCGCAGGCCTGGCAGACTTCGACGAAATGGGCGTTCTCGCTGAGGAAGCCGTAGCCCGGATGGATGGCCTCGGCGCCGGTGACTTCGGCGGCGGCGATGACCTGGGGGATGTTCAGGTAGGACTTCGAGGAGGGCGGGGGGCCGATGCAGACTTCCTCGTCCGCGAAGCGCACATGCAGGGCGTTGCGATCCGCTTCCGAATAGACGGCCACGGTCTGGATGCCCATCTCCTTGCAGGCCAGGATCACGCGCAACGCGATCTCGCCCCGGTTGGCGATGAGGATCTTCTTGAAGGGCGGCGCGTCGGCGGGAGCCGTCGCCGTTGGGGTTGCCTTGCGTCGAATGGCTGCGCCCATGGCTAGCCGATCCGGACCGCGTAGAGGCGCTCGCCGTACTCGACGGGAGTGCCATTCTCCACCAGCACCTTCACGACTTCGCCGGCCACATCGCTTTCGATCTCGTTCATGAGCTTCATGGCTTCGACGATGCACAAGGTCTGGCCGGGCTTCACATAGTCACCGGGCGACACATAGGGCGCGGCGCTGGGGTTGGAGGCGCGGTAGAAGGTGCCCACGATGGGGCTGGTGACATAGTGGATGCCGGGCTCATCCACCGGCCCGACGGGCTGCGGGGCGGCGGCGGGGGCAGAGGACATGGCTGGGGCCAGGGGGGCGGCGACCACCACCGGGGCGGCGTGGACCACGGGGGCCGGGCCGTCCTTGCGGATGCGGAAGCGCATGTCCCCGGCTTCGAACTCGAATTCCTGGAAGGGTTCACGGCCCACGAGCGCGATGAGGGTCTTGATCTCCTCCAGGCCGATGGAGGTGGGGGTGGTGCGGGGGGCGGCGGGCCTGGGGGCGGCGGCCTTGGGGGCCTGGGGGGTCTTCTTGTCGGCAGCGGGCTTCTTGCGTGAAGTGCTCATCAAAGCTCCAACGATCGGATCGGGCTGGGGAAGGGATCGAGCATAGCAAACCAGCCGGGGCGGATCAGGTCATGATTCTTCAGGAGGTTCTGCGGCCCCGACCTTCTTCTTGATTCGGGGGCCGTTTTCTTCCGGGCGGAACTCTTTGCGGGCGGCATCCAGGATGCCGTTGAGGAATTGCGTGCCTTCCTGGTCGCTGAATTCCTTCACGATCTCCAGGGCTTCGTTGATGACGATGGGGAAGGGCACTTCCTTCACATAGATCAGCTCGAACAGCCCCAGGCGGAGCAGGTTGCGATCCACGGCGGCCATGCGATGGATCTTCCAGTGCTCGGCGTACTTCGCCAGCACCCCGTCGATCTCGTCGAGATGTCCGTGCACGCCGTCCACCAGGCGCCGGGCATAGTAGAACGCATCCCGGTTCAGATCCTGGATGGCGTAGAAGCCGGCGAACACCTGATCCGGCTGGTAGCCGGTCAGGTCCATGGCATACAGCATTTGAAGGGCGTACTCGCGCCCCCGGCGACGGACACCCATCTACTTGCGCCCCTTCGCAGCAGCCTTCAGGGCATGGGCGAGGTCGGTCATCTCGAGGACGCTCTGGGCGGCCTCCCAGCCCTTGTTGCCCATTTTCGCGCCGGCCCGGTCGATGGCCTGCTCCACGCTGTCGGTCGTCAGCACGCCGAAGGCCAGCGGCAGGCCGGTGTCCAGGGCCACCTGGGCGGCGCCCTTGGTGACTTCGGCGGCGATCATGTCGAAGTGCGGCGTGCCGCCGCGAATCACGGAACCCAGCACGATGACGCCCGCATAGCGGCCGCTCTGGGCCGCCAGCTTGGCCGCCTGGGGCAGCTCGAAGCTTCCCGGGACGCGGATGAGGTCCAGCTGGTCTTCCCGTCCGCCGTGGCGGAGGATGCAGTCCTTCGCGCCGTCGATGA
NZ_AP027079.1_gap24	876132	879238	3106	AGCGGTCCAGCCGTGGCGCGCCGTCCTCGGCGATGAGCTGCATCATGTCGTCCCCTTGCGGCGGTTCCAGAAGATCCACAGGCCCAGGCCCAGCATCATGAAGGCGACCCCGGTGAGGCGCCCCGTGCTGAGCCAGGCCCAGCCCAGCCAGCCCGTGCCACGGTCGATGTCGCCCCGCCAGGTTTCCGTGATGACGCGGCCCAGGCCCTCCACCAGGAAGTAGAGGGCGAAGATCTGGCCCTGGAAGGCCCGTTTCGGGCGGGCCAGCAGCAGGATGGCCATGACCGCCAGGTTGGCGGCGGTGTTGTAGAGCTGCACCGGGTGGAGCGGGATACCCAGGGGCGTGCCGCTGAAGGCGTGGGCCAGGGGATCCGTGAAGGTCGTGGCCCAGGAGGCGTGGCTTTCGGTGCCGTAGCAGCAGCCAGCGGAGAAGCAGCCCAGGCGGCCGATGGCCTGCCCCAGAGCGACGCCGGGCACCAGGGCATCGCCCGTGATCCGCAGAGGGAGGCCCTGGCCCTTCCGGAGTTTCCAGAAGAACACGGCGGTGGCGGCGATGATGCCGCCGTGGATGGCACCGCCGGCGCGCAGGGTGCCCAGAGAGAAGACCTCGCGCAGCGGCGCGCCGTTGATCAGATCCACCACGACCATGAGCAGCTTGGACCCGACGATGGCCGCGATGAGCATGGCGATGGCCAGGTCCGTGATGGCGGCGGGGGCCAGGCCGTCGAGCCTGCCCTGCCGCTTGGCCAGGGCCGTTCCGGCGAAAAAGGCGATGGCCAGCAGCAGCCCGTAGGTGCCCAGGGGGAACGAACCTATCTCAAAAAGAACTGGATGCATGATGGATTCCGCACGGATGACTGGAAACTGAAGACTGAAGACTGAAGACTGAAGACTGGATAGGAGAGCGCCATGCCGATCATCACAGCCCAGGACTTGGCAGGGCGTCTGGATGGCCACCTCGACCATTGTCCCCCGGATCGCGTCATTTCCGAAGTGAAGCCCCTGGAAGAGGCCGGTGCCTGCTCCGTGTCCTTCCTCGCCAACCCCAAATACGCCGCCAAAGCCAAGGGGAGCGCCGCGGGCCTGATCTTCGCTGACGCGACGGCGGACCTGGGTGATCTCCCGGTGCTGCGGGTGAAGCATCCCTACTGGGCCTTCGCGCAGGCCATCGGCTGGCTGCATCCCGAACCGGCCCCCGAATGGGGCGATGCGCCGGTGCATCCCACGGCGGTGGCGGGACCGGGTTGCCGCATCGCCCCCGGCGCCACGGTGGGCGCACGCACGGTGCTGGGAAAGGGCTGCGTCGTTCATCCAGGCGCCCACATCGGCGACGACTGCGTGCTGGGCGACGGTTGCGAGCTGTTCCCCGGCGCGGTGCTCTATCGCCGGACGCGGCTGGGGAACCGCGTGGTCGTCCACGCCAATTCGGTGGTGGGCAGCGACGGCTATGGGTATGTGCTGGTGGAGGGCCGGCACGCCAAGATTCCCCAGGTGGGCTGGGTGGAGCTGGGCGACGATGTGGAGATCGGCGCCTGCGTCTGCATCGACCGCGGCGTGCTGGGCCCCACGCGGATCGGCACGGGCACCAAGATCGATAACCAGGTGCAGGTCGGACACAATGTGCAGGTGGGGAACCACTGCCTGCTCGTGAGCCAGACGGGCATCAGTGGCTCCACGAAGCTGGGCGACTTCGTCACGCTGGCGGGCAAGGTGGGCGTGGTGGGCCACATCGAGATCGGCAGCCGCAGCGTCGTGGGCGGCAACAGCGTGGTGGCCAAGAGCCTGCCGGAGGGCAGCTTCGTCACGGGCTTCCCGGCGCGTCCCCACCGGGAATGGACCGAGGCCCAGGCCGCCCTGAACCGCCTGCCGAGGCTCATGAAGCAGCTGCGGAAGGGGTGAGGGCGGTCAGCCCCGCACCAATCCTGCGTCAGCTCAGCGTCAACCCAGGGCCGAGAGAGGCGTGCCTCCAGCCAGGGCCCGCAGGTCCGGGGCCGGGTCGGGCAGGGGCAGGATCTGGAGGTCCACGGGACGGCCCAGGGTGGCCAGCTCCGCCTCCAGGGTCGGGCGGAGGGCGGCGAGCTGGGCCGGATCCTGCAACCAGAGCCGCGCCCGCAGGCCCGCCGCGCGCTGTTCGAGCCCCAGGCGCACATCTCCCAGGGCGCTGAAGGGGACGCTGAGGAAGACGCGATGGACCGGCTCCTTCCCTTCCCCGGAGGCGGTGTCGCGATCGGCCTCGATCCAGAGGCGTAGCGGTTCGGCGCCCACGGCCCAGGGCAGGGGCAGCTCGAACCAGCCGGTGCCCTCCCGGGCCTGGAGTCGGTGGAAGGCGGACTCGGCCGGCGAGGCGGCGGGATCGGACAGGGCGCGCAGCGCCTCCTTCAGCCAGCCGGACCAGCTCTCGGGCTGGTCGGCGGCCCCGGCCGGCATCAGGGCGCGGAACAGGGCGGCGAGGGGCTCCAGGGCCGCGCCAGGCGTCTGAAGGCGGGCCAGCAGGGGGGCGGCCTCGCCCTGAGTGAGGGGGTGCAGCAGCGGCGAGGTCGGCGGCGGCGTGGCACGGATCACCTGGAGCCGAATGCCCGCGCCGCTGGGCAGGGGCAGGGCCTTCAGGGCGAGGGCGCTGCCGGCGGGAAAGGGTAGGCTGCCCTCGGCCACCAGCTCCTTGCCGTCCGCCAGCCGGAGGTGCAGCCCTTCCGGCCCGGTGGATTCCAGGGTGGCCTCCAGGGTCTGCCCCACCAGGGCCTTCAGCAGCGCGACGGCGGAAGGGGCCGTGGCGGCTGGGATCCTCAGGGAGGCGAGGACCGCTGGGGTGAGGGGAATGGAGCCGGTCATCAGATCCGGAAGTGGCGCCGGATGTGGCCGGCGATATCGGGCAGGGGCGCCACGAGATCCACGCAGCCCCGCTCCACGGCGGCGCGCGGCATGCCGTACACTACGCAGGATTCCTCGGCCTCGGCCAGGGTATGGGCGCCCTTGCGCTTGAGTTGCTCCATGCCCTTGGCGCCGTCCGCGCCCATGCCCGTGAGGATGGTCGCTAGGGCCTGCCCGTGGAAGAGTTCGGCCACGCTCATGAAGAGCACATCCACGCTGGGGCGGTGCAGGGAGGACA
NZ_AP027079.1_gap25	893297	897251	3954	TGAAACAATCCGGCCGTTCATCCTGTCAACCCTGTCCCTGCCTTGCGACCCGCACGAACGCCGTGAAGAGGTCCCGGGCCGCATCGCCCGCGGGGCCCTTCAGGCCGACGAGGTTCTCGGGGTGCCACTGGACGCCGAAGACCCAGCGGCCGGGATCGACGGCTTCCACGGCCTCGACGAGGGGGCCGGTGTCGGCATGCACCGTGTCCAGGTGCCAGCCCACGGCCACCAGGGGCGGCGCCACGCGCCGGACGGCCTGGTGGTGGCGGCTGTTCACCAGGAACACATCTTCGCCCAGCAGGGCCCGCAGGCGCGACCCGGGCGCCAGCTGCACCCGGTGGTGCATGTCGGGATGCTCGGGCGTGCCATGCTGATGCCGCGAGGGCTCGCAGCCGTAGTGGTCGGGCACATCCTGGATCATGCTGCCGCCCAGGGCCACATTGAGGATCTGCTCGCCGCGGCAGATGCCGAGAATGGGCAGGTTCCGCTCCCAGGCCGCGCGGATCAGGGGGATTTCGAAGGTGTCACGGTCTTCATCCACCTCGGCCTTGCGATGCACGGCCTCAGCGGCGTCCCAGTGCCGGGGATGGATGTCGGCCCCCCCCGTGAGCAGCAGGCCCGAGACATCCGCCAAGTCCGGCAGAGGATCGCCGGGAGCCACCAGGAGGGCGGAGCCGGTCCAGCCCGCGGCCCTGATGGCCGGAATGTAATGCTTCTCGGCGCCGGACTTGTTTTTGCAGCTCACCAGAATGCTTGACATGGAAGGGCCCCAGGGGAATCGTGATTACCCTACCACCCCCTCAGATGGTCTGAGTCGACGGTGAGGCGGAGAGCTCCGCCGATACATGAAGGAGGACACATGTCCGGATCCTTGAACAAAGTGCTGCTCATCGGCAACCTCGGGCGCGATCCTGAGCTGAAGGCCACCCCCTCGGGCCAGAGCGTCGCCCGGTTCTCCGTGGCCACCACGGAAACATGGAAGAACCAGGCCGGGGAGAAGCAGAGCAAGACCGAATGGCACAACATCGTGGTGTGGGGCAAGCAGGCCGAGATCGCCGAGAAGTACCTGCGCAAGGGCAAGCAGGTGATGATCGAGGGCCGCATCCAGTACCGCGAATACACCGACCAGGCCGGCGTGAAGAAGACCGCCTGCGACATCCGCTGCGACAACTTCGTCATGCTTGGCCGCATGGAGGATGGCGGCACCCGCGATTCCGGCGGCTACGGCGGCCGCGCCTCCGGCGGCGGCTCCCAGGACTTCGAGGATCACGGCGCCCCCAGCCCGGCCGGCGGTGGCGGCGGCAGCTTCCCCGATGACGACATCCCGTTCTAGATCTCGACTGTCGGTCTCTGCAGAAGGAAACGGCGCCCGGATGGGCGCCGTTTCCCTGTCCGGGATCAAGGCCGGGGTGGCGGTGGCGGTGGCGGCGGTGGTGGTGGTGAGGGCCGGGTCCCAAACTGGTTCGCCCGGTTGACCTCGGGCAGGGCTTCGTTGGGGCGCTGCCAGGGATACGCCGTCCGCCAGTGGATCACACGGTCCTTGTCCATCAACAGGGTGAAGGATTGACGGCTGGTGAGCGCCGCGTTCCGGGGATCCTTGGATAGGGTCTCGAAATCGATCAGCCAACCCTCGATAACCGGGCCGATGGCCTGGATCGCGCGCACCTTTTCGGCCTGCCTGGGCCAGTGGTCCGTGAAGGCACGGTTCCAACGGTCCTTCCCCCGAACCTTCAAATTCACGATGGTTGCGGTGGCGCCCCAGGCGGTCTTGTCCACGATCGCTTGGACGAGCGGACGGACCTCCTCAGGCGTGGGTTGGGAGCCGCTGTCCAGGGTCACCGGCCCTTCCGGCGGCCTGGTCGTAGCGGGGGGAGCGGGCTGGGATTCCGGTGAAGGCGTGGCGTCGGGGGCCCAGGGTGCGGTGGTCAGCAGGATCTCGATCTTCCCGTTGCCTGGGTACCCGGGTTTCGCGGATACGACGAAGTAGACGGTCGTGGATGCGTCACTGGCATTGAGGAAAGAGGCCTCCGGGATTCCGAGGCTATGGTGGCTGCCTTCTAACGGGGTACCCCACTTGTTGAGGGCTCGGACCTGTAAGAAGGCCATGCTCGACTCGCTCCGGAGGGTGGCCCTGGCCAGGGACCGGCCGGGCACCTGCACCGCATAGCCCTTCGTTGACCATCTGGGCGATGCGTCCGTGATGAGGACTGGGCATGGGGGCGCCTGGAGGGTCTGGACTCTCATTCCCGGCAGGATGGGCAGGCTCTCCACATCGACCGTTGGAATGGCGATAGGCGCGGGGTGGGCCTTGGTGGGCGCGGGATAGGAGGTCCGGGGCGCGGCTACCCGGGGATCGAGCGCAGCCGCCACATGGACGCGGATCTTCCCATCGCCCGGATATCCCTTGGTGGTCCGGACGAAGAAGATGACGGAGACGGGCTGGTCGGAATCGTTGGCGAACGACGCCCAGGGCGTCCCCATGGAACCCTTCATGCCTCGCAGCGGGTTCCCCCACTTGTCGGCCACGCCCACCCGGAAATAGGCTTCTCCGGATTCGCAGGTGATGCGGAGCGAGACGGTGGTGTAGCCGGGGACATTGACGGCGTAGCCCTTGTTGGGCCAGGTGAGCAGCTCATCCACGACGACCGCCGGATACTGGGGGACCTTGAGGGTCCGGATGGCGAGGCCCGGGACGATGTCGAGATCCTTGGCCTGGAAGACCGGGATCGAGGCTGGGGGATGGGCGGGAGCTGTCTCTGGAGCGGAGCCCTGGACCGGCGCGGGTTGGGGACGCGCGGCCGCGGCGGGCGGGGCGGTCGTTGGGGCTGAGGTGGGTGTTGAGGTGGGTGTTGAGGCCGGGGCAGCGGTGGGCGCAAGGGTGGGTGTCGTCACAGGCCCGGAAACAGCGGGGAGGGGTGTGGTTTCCTGGCTTGGAGCCAGGTCGAGCCTGGGGAGGGGGCCGAGGGTGGAACCCTCAACCCGTTCGGGCGGCGAGGCTTGGTCTTCGAGGGCTGGGACGGTTTCCTCAATCGGGGGCTTGGCCTCGGATTTTTTGGCCTGGGCGGGCAGGGTGCCCATCAGGGCGAGGATGGCCACGAAGGCGAGGCTCGGGGTGGCAAGGCGGAGCTGGGGCGGGTCGGCCAGCAGCAGGCGGCGCAGGCGTTCCATGAGGTTGCCTCCTCTGGCGCGGAGCGCCAGGGACGGGGGCCGGTCGCGGAATTCATCGAGGCGGCTCAGGGTTTCGGCATAGAAGACGGCGTCTCCGCAGGCCAAGACGGCGGCATCGTCACAGCAGTGTTCCCGTTCGGTCCGGATCCGGCGGGAGATCCACCACACGGCGGGGTGGAAGAAGAAGAGCACCTCGATCACGCACTGGAGGCCGTTGACGAGGCCATCCAGGCGCTTGATGTGGGCGAGTTCGTGGGCCAGCACCGCCTCGGCGGCCAGGGGATCCAGGTTCGCGAAGAAGCCCAGGGGCAGGAGGATCACGGGACGGAGCAGCCCCATGCACATGGGCGTGATCACGCGGGCCGATTCGAGGAAGCGCACCGCGCGGCGCAGGCCTGCACTGCGGACCAGGCGCTCCAGCCACTCGGGCTCGATCACGGGCGTGGCCGCGGCCTTCAGGCGGCGCAGCCAGAGCCACCCCCCCGCGGCCCGCAGGCTGAGGATCAGGACGCCGGTGGCCCAGGCGGCTAGGATCCAGGGCAGATACGGTTGCAGGCGGGTCCGCCAGGGAAGGGCGGCCCCCGGGGAAGCGGCTTCCTGCGGGGCGATGGGCCCGGTCAGGATGTCCGGTATTCCAGGGGCGACGGTGGTGGGATTCATGGGCTGACCCGCGGCCTGACCCACGGCCTGGAGGGGCGGGGCCAGCAGTCCGTAGGTGAGGATCGCGCTCCCGAGACAAGCCAGCAGGAAGGCGCACCCCACCAGGTAGCGGAGCTGCGGGCGCTG
NZ_AP027079.1_gap26	904171	905095	924	GAAGCCATGGGGTCTCCGGAAGGGGTGGGGGTTCTGCTTGAGGCGAGCAGGTTCTCCGTATCCGATGATTCTTTTCAATCGTCGAGATCAGGCAGTCCCCTCTGGTTCGATCCAGGCTGGAACATCCAGGATTCCTGGTCCAGCCTTAGGATCGATGGGTTGACCTGTTCCTCATCCTGCGATGGGAAGGGCAGGCACCCCTGGACCGCACCCTCCGGGGGCAACTCGCCGCGGGCATGGAGCAGCAGGCGCATGTCCAGGGCCGTAAGATGCGCGACGCCGACCCATGTGGCACAGTCCAGACAGTAGCCCTGAATTCTGTTGAGGCTTATGGATTCGGGGTAGAAGGCCCTGTGGGGGCAGGGAGGGGGAGTTGAGGCATCAGTGGGAGAGGAGGGCATAAGATCAGGTTCCTCCACAAGGAGGACGCCTACCCGGGGAGGCAAGGTTATTGGACAGGGCTGCAAGGGGATTCGTCGGGTAGTCATCGATAGGGCCCTTGCGGCGATACCTTGCGGTCTCCGTCTGTGCGATCAGGGCAGCGAATCCTCAGAGACATTGCTTTTCGCTTCCCTCGGTATTCCGTAGGCCTCGTGGGGAGCCTAATCCGTACACCGATTCAGCTACCCGGATACCCATGGTTGAAGGCACCCAGCGGATCTTGTATTTCGGTGGGATGAGGTGCAGGGCATTTCGGACCCTGAGCCAGGCATCATGTGAGTACACAAAAGCCGCCTCTCCAACATCCAGCCGCCCGGCTCGGAACCAGTCATGAAGCCCAACCTTCAGCATCCCATTCAAGGCTGTGTTGGCCTCGATGATGCGGACTCCCATCAGATCACTGGCGATGGTCATTCCCGCATCAAGCGCAAGCCCGATCAATTCCACTTCCGTCACCGGAATCGGCACCATCTCCAGTCTGCC
NZ_AP027079.1_gap27	1020577	1024071	3494	GATGGAATACCCCACCCTCATCACCGCCGGTTCGGTGGGGTTCGACCCCCTGCAGCGCCGCCTGGAACCCGAGCAGGTGACCGTCCACGAGTTCGGCCACCAGTTCTTCTACGGCATGCTGGCCAGCAACGAGTTCGAGGAGCCCTGGCTGGATGAGGGCATCAACACCTGGTTCACGCACAAGGCCTTGGAGCGCACTTATCACAGCCTGCTCAGCAGCCGGAGATTCCGGGTGTCCACGGACTTCCTGGAGTGGGGGGGCTATTGGAGCCTGCCCTCCGCCGATCCGCTGACGCGATTCGGGTTCAAGACCCTCAATGCCCATAGCTACTCCGTCACCGCCTACGGCAAGGCCACCCAGGTGCTCAACCAGCTCGAGGCGATGCTGGGCCGGCCGGTGATGGAGCAGGTCATGCGCACCTATGCCCAGGAGATGGCCTTCCGGCATCCGACCCGGCAGGACTTCAAGCGCATCGCCGAGCGGGTGTCGGGTCGCGACCTCTCCGCGTTCTGGCGGGATTTCGTGGAGGGCACCGAGGTGCTCGACTACGCCATCCGCGGCGCGAGGACCCAGGAGGTCACCCAGGGCGGCTGGCTGTTCTCCGAGAAGGGGCCCGTCTTCGCGGCGCCGCAGCCCGCAGCGCCCGGCCGGGTGGGTTCCATCACCCTCGAGCGGAAAGGCGGCCTCAAAGTGCCGATCACGCTGTGGGTGCGGCTGGAGAACCGGGAGGAGCAGCGGCTCGTCTGGGACGGCCAGGATCGATGGATCACCTACGAGTTCAACTCGCCCGTGGTGGCGGCAGTCCTGGATCCCGACGGCAACTATCCGATGCTCAAGGACCGGCTCCACGCCAGCTATACCTCGAAGCCCGTGCGGCGGGGATTCCACTACTGGTCGCACCTGGTCTGGGGCACGGTGGCCGGATGGCTCCAGGGCTGCGGGATCGGGTGAAGTCCCCTTCGCAGGATGGACTCAGGGACGCGGCGGGGCCGCATCCCCCATGCGGATGGTCCTGACGGTTCCCTGGGCGTCGAGGTCGATGAGGATGGGGAACCAGACCAGGCCCAGCGCCTCGAAGGCCGGCCGGCTGGGGGCGAAGCGGGCGGTCCTTCCGGCCGCCTGGAGGCGCGCGGCGAGCGCCCGGCCCTCATCGAGGAGGTTTTCGGGAAGGCTGGCGCCCCGGGCATCCAGGCCGGCCTCGGTGCTGGGAATGACCCAGGCCACGCGGGGCGGAAGGTCCGGCAGCGGTCCCTCGCCGGCCGGGCAGATCCACACCTGGGGAGCCCCCAGCTGATCCAGTCGCAGATCCTGGTAGTCCAGGCCCGGCAGGCTCCACAGGCGCAGATCCGGCGTGGGACCGCCCAGCAGGCCGAAGAGGCGCTGGAAGCCCGCCACGATGGACTCTGTCTCCGGCGTGGCGAGGGCCTTGAGTGCGGCGAACCTGGTCTCGTCCTTGTCCGCCAGGGCCCAGCAGAGGGCGTGGCGCAGGGCATAGCCGCGCGTGAGCGCCGGACCCGCGGCCAGGAGGCGGTCCTCCCACGCCTGCCGCACCTCGGGGGGGAAGCGCCCCAGGCGGACCTGGGCCTGGCCCCAGCGCCAGAGGGCCAGGGCCGTGCCGGATTGGCGGAGGGGGAGGGCCGCGAGGCGCCTCCCGCGTTGGCCGGGGGGGGCCTTCAGCAGGGCCCGCAGCGCTTCCGCCTCCCGGTGGGCCGCCCCAGGGGGGAAAGGGTTGGTCGGCAGGGCGGTCCCGGAGTCGAAAGTGGCGGCGGCCCGCAGCCACCGGTCGGCCGCCGCGCCCGGACCGGGCGGCGCCGGGGGTAGGGGGCGGCCCCAGTCGTAGGCCTCGAGGAGGCGCTCCTCCCGCTCGGCGGGCGTTGGCGGCGCGGGCCGGATCTCGGCCGGGGGCGAGGAAGGGGATGGAACGGTCAGCAACACGGAGCTCCCTTGATGGCAGAATGATCCTCCGCATCATACGGGAGTCGTCTTGAGCCCTGCCCCTGCCAACCTCACGCCTCGGGAGCGCCTCGTGGTGGCCCTCGACCTGCCCACGGCCAAGGAGGCCCTGGCCATGGCGGATCGCCTGGCGGGCCGGGTGGGCATGCTGAAGGTGGGGCTGGAACTGTTCTGCGCCGAAGGGCCCGCCTTCGTGAAGGAGCTGCAGGCCCGGGTGCCGGTGTTCCTGGACCTGAAGCTCCACGACATCCCCACGACCGTGCGCCGGGCCCTGGAGGTGCTGCTCCAGCTGGATCCCCGCCTCATCAATGTCCACGCCCAGGGCGGTCCCGCCATGCTGGAGGCCGCGGTCGAAGCCGTGCGCGCCCATCGGGCCGCCGGGGGCCGCACGGAACTGCTGGCGGTGACGGTGCTGACCAGCCTGGACCGGGAGGCCCTGGCGGCCCTGGGCCATGCGGGCCGGCCCGAAGATCTGGCCCTGGCCTACGCGAAGCTGGCCCAGCAGGCCGGCTGCGGCGGCGTCGTCTGCTCGGCCTGGGAGGCGGGCAGCATCCGCGAGGCCTGCGGCGAGGCCTTTCATCGCTTGACCCCGGGCATCCGGCCCGCGGGTGTCGCCACCCAGGATCAGGCCCGCGTCATGACGCCCGCCCAGGCCCTGAAGCAGGGCTCCACCTGGTTGGTGGTGGGCCGGCCCATCACCCATGCGGCGGATCCCGCGGCGGCCGCGGAGGGCATCGTGGCGGAGATGGAAGGCCGATGACCGTCGGTTCCCCCCTCGTCTTCCGGCCCTCCTTCGCCCAGCGCGCCATGGCCGTCCTGCTCTTCGCGGGCTCCTGGCTGGTGGGCGTGCGCGCTCTGGCCCAGATTCTCGAACGGCTCCCCGTCCTGCGGGCCTCCCTGAAGGTGGCCGAGGCCGCGAGCGAACCCACCTGGTCCTTCTGGGTTGCCGTCGTGGCGGCCATCGGCGCCGTGGTGGCCGGCAGCCTGCTCCTCATCGGCACCCTGCTGGGGGTGCTGCTGGTGGAGGGCTCCCAGGTGCTGGTGGACGAGCTGGGTCTCACCGTCGAGCACAACGCGCTGCCGGCGCCCCTGGCGAGGAAGCTGGGCGCAGGGCGCCTGCTCTGGAAGCGGATCTCCCGCCTGGAGCGGTCCGGACCCTTCTTCGTGGTGCGCGGGGGCGGCGAACCCGGCCGCACCGGCCCCGCCGATCCGGTTCTCCGCTTCCTCCTGGTGGATGAGCTGGAGCGGCTGGTGCTCATGGTGCTGGAGCGCAGCCCCAACCTGAAGCACGAGGACTGATGCCGGGTTGGATGGAGGTCTTCGGGGTCCTCACCGGCGCCGCCTGCGTGGCCCTGCTGGTGCGCCAGAACATCTGGAACTGGCCGCTCGGCATCGCCAACAACCTGGTTTTCATCGCCCTGTTCTACCGCAGCGGCCTCTACGCGGATGTCGGGCTGCAGGGCTTCTACATCGCCATCTCGATCTACGGGTGGTGGAGCTGGCTCCATGGGGGGCGGGACCATGGCGCCCTGACCGTCAC
NZ_AP027079.1_gap28	1201091	1203879	2788	ATGGCCAAGGGCCATCTGCGCGACCTGGGGCCCATCAAGCGCCAGGAGTGGATGATGCTGGGCGTCTTCGTGATGCTGCTGGTGCTGTGGATCTTCGCGAAGCAGCTGGGCGACCTCAATCCCACCACTTCCGCCCTGGCGGGTCTTGCGGTGCTGCTCCTGAGCGGAGTCTTGAACTGGGAGGACATCAAGGCCGAGACCGGCGCCTGGGACACCCTGGTGTGGTTCGCGGCCCTCGTGATGATGGCCAGCTTCCTCAACAAGCTGGGCATGGTGCCCTGGTTCAGCAAGACCATGGGCGGCATGGTCGCGGGCAAGGGCTGGATCGCCGCCTTCCTGGTGCTGGCGCTGGTCTATTTCTACAGCCACTACTTCTTCGCCAGCAATACGGCCCATGTGGCCTCGATGTACGCGGCCTTCCTCGGCGTCTCCATCGTGGCCGGGGCGCCCCCGGTGCTTGCCGCCCTGGTGCTGGCCTTCTTCAGCAACCTCTTCGCGGGCATGACCCACTACGGGACGGGGCCGGCGCCGGTGTTGTTCGGAACGGGCTATGTGGAGCTGGGCACCTGGTGGCGGACGGGACTCATCGTGAGCGTCGTGAACATCCTCATCTGGGTGGGTCTCGGCGGCCTCTGGTGGAAGGTGCTGGGTCTCTGGTAGGTTTCCCCCGCTCACGAAAAAGCCCCGCGGCAGCGGGGCTTTTTCGCAGGGGAGGAGTCCTCAGCCCAGGATCTTCGACAGCCCGTAGGCGACGCAGGTGGAGACGCTGACCCCGATGAGGCCGGGGATCATGAAGCTGTGGTTGAGCAGGTACTTGCCGATCCGCGTGGTGCCGGTGCGGTCCATGTTGATGGCGGCGAGGTCGCTGGGGTAGAAGGCGAAGAAGAAGTAGGCGTAGCTGGCGGGGATGAGGCTGAGCAGCAGCGGCGTGGGCAGGCCCAGGGCGTAGCCGAAGGGCAGCATGATGGTGAGCGTGGCGGCCTGGCTCTTCACGAAGGCGGACACGGCGAACATGGCGAGGGCGAAGGTCCAGGGGGCCACCTGCACCATGGTCTTGATGTTGGCCACCAGGTAGCTCTCGTTGGCCTTGATGAAGGTCTCGCTCATCCACGCGATGCCGAAGATGGAGACGACGGCGATCATGCCCGCGATGAAGACGCTGGAGCGGGCGATGTCCGGGGCCTTCACCTTGGTGGCGAACAGGATGAACGAGCCGAAGGCCAGCATGACGATCTGCACCACGGTGGTCATGGGCACGACCTTGCCGTTCACCAGGGGCAGGAGGCTGGGCTTCATGGCGATGAGGATGATGGTCAGCACGCCGGCGAAGAAGAGGCCCACGGAGAGCTTTGCGGTGAAGGGGATCTCCATGCCCAGGGTGGTCACATTGGCGTCCAGGGCCTTGGCGAACTCGGGATCCTTCATGCGCTCCAGGAACTCGGGGTCCTCATCCAGCTCCTTGCCGCGGTTGAAGCTCCAGGCGGCGGCGGCCAGCACGCCGATGATGCCGGCGGGCAGGGTGATGCGGATGATGTCGAAGAGGCCCACGGGATGGCCGTTCTTCGCGGCCATGGCCAGGAAGGTGGTGACGGCGGCGGCCACGGGGCTGGCCGTGATCCCCATCTGGGAGGCCACGCTCGAGATGGCCATGGGCCGCTCGGGGCGGATCCGGGTCTTCAGGGCCACATCGGAGATGACCGGCAGCAGCGCGTAGACCGCATGCCCCGTGCCCACGCAGACCGTGAGGAAGAAGGTGGAGAGGGGCGCCAGGATGGTCACATATTTGGGGTGGGCGCGGAGCAGGCGCTCCGTCAGCTGCACCAGGTAGTCGAGGCCGCCCGCGACCTGCAAGGTGGCCGACGCGGTCACCACCGCGAGGATGATGAGCATCACATCGATGGGGGGCGTGCCCGGGGCCACGCGGAAGCCGAGCACCAGCACGGCCACGCCCAGGCCGCCGATGAGGCCCAGCGCCACGCCGCCCTTCCGGATGCCCAGGAGGATGGCCGTGAGCACGAGTACGAACTGGATCCAGAACATGAAGGCTGGGGACATGGTCTCGTTCTCCTTTGAACCAGGTGTGTGGAAACCTGGGACGGCTGGAATCGTAGCAGACGAGTAGGTAATGAATGGAGCGGATGGCCGGTTTTTTTAGTTGAATAACCCCAGGTGGGTCGACCCCGGCCCCAGACCGGATCGTGTCATCAGGATGGTCCTGCGGATCCGCCCCGCCAGGTGGAACCGCCGAGTAGATCTGCGGGGCAGGTTAGGATGACCCCTTCAGGATGGCCCGCCGTGAATGCCCTTCCCTTCCATGTCGTCACCCTCACCCACCCGGGATGGGAGGAGGCCCTGGCCTGCGCAAAGCGCCTGCCCGGCGATGCGCTGCCGGAACTGCGGCTGGACCTGTTCCCCGAGGCGGATCCCGAGGCCCTGGTGGACGCCTTGAGGCGCCGCTGTCTGGTGACCTGCCGCCGGGTCTCCGAGGGCGGCCGCTGGCCTGATGAGGACCCGGAAGGGCGACTGACCCACTTGGCCAAGGCCGTGAAGGGCCGTCCGGCCTGGCTGGACTTGGAGTGGGACCTGCCCGTGCCGGAGGAGATCCAGGCCGCCCGGACCCATGTGCGGCTGCTGCGCTCGATCCATGTGCCGCCCGGTGTCTTCGACCTCGAGGCCCGGCTCCAGCGCCTGCCGGAAGGTGAGGCCTTCAAGTGGGTGGGCTGGGCAGATCGCCTGGAGGATAACGCCCGCCTGAGGCCCGCCCTGGCCTGGGCCCGGGATCGTGGCC
NZ_AP027079.1_gap29	1228829	1231962	3133	TACCGGCGCTTCGTTCCCGGCGCCACGGACGATGGCGTGGTGCGCTTCCTGCTCACGGCGGGGGCCATCGGTGCGCTCTACAAGGAGAACGCCTCCATCAGCGGCGCCGAGGTGGGCTGCCAGGGCGAGGTGGGCGTGGCCTGCTCCATGGCTGCCGGGGCGCTGGCCGAGGTGACGGGCGGGACGCCGGACCAGGTGGAGAACGCGGCCGAGATCGGCATGGAGCACAACCTGGGGCTGACCTGCGATCCCATCGGCGGTCTGGTGCAGGTGCCCTGCATCGAGCGCAACGCCATGGCCAGCGTGAAGGCCATCAACGCCGCGCGCATGGCACTCTATGGGGATGGCCACCACTTCGTGAGCCTGGACAAGGTCATCCGGACCATGCGCGACACCGGCGCCGACATGAAGAGCAAATACAAGGAGACCGCCCGGGGCGGACTCGCGGTGACCGTGCTCGAGGCCCCGCTGGACTTCACCGTCAACCTTCCGGAGTGCTGATGCGCCGATCCGCTGCCCTGCTGTTCACCGTTCCCGCCCTGCTCTCGGGCCAGACCGCGGCAATGGACGGAGGCCGGCTGGAGCCCGCCTGGTTCGGGCCCGGGGTGACTTTCCAGTCCACGAAGGCGCTCGGGTTCCAGTGGCTGAAACCGGGGCTCGACCTCCGCCAGCGGTCCATCCGGCTCAAGGCCTGGGAGCCGGCCGCCTGGGTGCTGGGCAAGCGGGCCCTGAAAGACCAGGCCTTCCTGCAGCGGGTGGAGGATGCCCTCCCCGGACATCTGGAGAAGGGGCTCCGGCGCGGCCTGAAGGGGAGCCTTCCCGTGTCCCAGGCCAGCGGGGACCTCCACCTCGTCGCCCGGGTGGTGGATGCCGTGGGTCAGGCCGATGACTACATGTCCATGGGGGCAGTCGTCCTCTCCTTCGACCTCAAGCTCGTGGATGGGGATACGGGGGAACTGCTCGGCGCCTTCCACGACACCTTCGAGGGGACGAACCCCGAGGCCGTTCCCGTCCGGTTTGGGCGCTGGTGCGAGGACCTGGGGCGGACCCTCGGCGGGTTTGCGGCTTCCCCGGTGGCTCCCTCGGCGGCCCGCCCAGAGGCTCCGAAACCGGTCCAGGCCGCTCCGCCGCCGCCCGCTTTCGATCTGGAGGGGGCCCTGCGCCGCATCGAAGGGCTCAAGCGCGACGGTCTGCTCAGCGAGGAGGAATACCAGACCCTGAAGAAGAAGGCGGCCGACCGGGCGAAGTGATTACACCGGCCAGGGGCCCGCGCCCTGCCGCACCAGGATGGGTTCCTCTCCGCATAGGTCCACGATGGTGCTGGGGACCCCCAGCGGCTGCCCACAGTCCACCACCAGGTCGAGGGCGTGGCCGAGTTCCTCCTCGAGTTCCCAGGCGGTGTTCAGCACGGGCTGATCGGGCAGGGCCGCGCTCGTGGTGATGATCGGCTCGCCGAGCATCGCCACCAGGGCGCGGCAGAACGGATGGTCGGGAATGCGGAGGCCCACCACCTGCTTGTTCTGGAGGTACCGCGGCACCTCGCGGCTGGCCGGCAGGAGCACCGTATAGGGACCGGGCAGCATCTGTTTCAGGATGCGGAATGTGGGCGTCTCGAGGTGGCGCGTATAGCGGCAGAACATCTCCATGTCGGAGCAGAGGATGGACATGGGCTTCTTGGGATCGCGCCCCTTGAGCAGCTGGATGCGGTCCACGGCCTTCTTGCGCGACACGAGGCAACCCAGGCCGAAGAGGGTGTCCGTGGGGTAGGCGATGACGCCGTCGCGCTGCAGCAGCTCGACGATGCGTTCGAGGTGGCGCACCTGGGGGGTCTCGGGGTGCAGGGTGAGGATCATGGCGCCCCCAACTGGTCCCACCGGGCCCGGCCCGCAGAGGGGTGGTCCTGGGGTCGCTGGAAGAACCGTTCCGCCAGGGCCGCGTCCAGGTCCGCGCCAAGGCCGCTGCGCTTGGCCTGGAGGGCCAGGAGGGCCAGGACCGTCAGGCTGTCGGTGATCTCCCCCGAGAGCACGCGCCGCACGCAGTCCGCAAAGGGTTCGCGGTGGAGCATCAGCTCCTCGTCGTCCTCCGCGTGATGGCCCGCCGTGGGCGTGAGGCCCGTGGCGAGGAAGAGGAAGGCCTCCTCTTCGGTCGAGGAGTTGCTCGTGTGGAAGAAGCAGAGGGGCTCCCACACCTGGGCGGCGAGGCCGGCCTCCTCGGCCAGCTCGCGGCGGATGGCTTCGAAGGGGCTCTCGGTCGTGTCGCCGCCCCCTTCGGGGATCTCCCAGGAATAGGCCTCCAGGGGATAGCGCCACTGACCCACCAGCACCACGCGGTCCGCTTCATCCAGGGCCAGGACGCCGCAGGCGGTGCGGCGGAATCCGCAGACGGCGTAGCGTCCCTCGGCGCCTTTGCGGTGCCGGAAGCGGTCCTCGCGGATGCGGATCCAGGGCGAGTCATACACGAACCGACGCTCGAGGACGGTGTAGGGGTCCGGATGTTCGGGCCGGGGCAGGGGTTTCAGGTCCATCTTCTGAACATAGCAAAACGCCCGCTTGCGCGGGCGTTTTGCGAAGCGGTGAAGGCCTACCGACGGAGGCCGAGACGCTCGATGAGGGTGGCGTAGCGCTCCTTGCTCTTCTTCTTGAGGTAGTCGAGCAGGCGGCGGCGCTGGCCGACCATGATCATGAGGCCGCGGCGGCTGTGGTAGTCCTTGGTGTGGGTCTTGAAGTGCTCGGTCAGGTCGTTGATGCGCTTGGTCAGGATCGCGACCTGGACCTCGGGCGAACCCGTATCCGACTCGTGCTGCTTGTAGTCGTCGATGATGATCTTCTTCTGTTCCACATTCAGGGCCATGGTGGCTCCTTTTCGGGGGATCGCCCGTCACCCGAACCCTCAGTCCCGTACCGAAGGTGGGTCGAATCTGGAGGAGGCCAGATGCCTTTTGCTTTTCAACGACCATTTTCTTCCGGCAATACCGGCGAAAAAATGGTGCGGATAGAGGGACTCGAACCCCCACGTCTTGTGAACACTAGTACCTGAAACTAGCGCGTCTACCAATTCCGCCATATCCGCTTGAAAGAACAACCCGGGGCCCGAGGGATCCGGATGTGCCGAACTGCAAGCCTAGCGCGGTTCA
NZ_AP027079.1_gap30	1234773	1235303	530	TGATTGACGGGGGCGCCGCCGGAGGCCTCGCGGACCTCCAGGACCAGCCGCAGGTCCGGGTACTTGGTGTTCTGGAACTCAGCGCGGGTATCGAGGATGGACACCAGCTTCCAGCGTTCCTTGAGGACGGTCCCCTGGAGCAGGGTCACGGGCTCTTCGCCTTTCATGAAGGCTCCGACGAGACCCGAGGGGCTGCCCTTGAAGAACCCCAGGTAGCGGAGGTCCTGGGGCCGCGCGGAGTATTCCGCGGCCTTCTCCTGGGCCAGCCGCTGGCGCTCGATCTCCTCGGGCGTGGGAGGCGGCGGGGGCGGGGGCGGCTTCACTTTGGCGGGCGGGGGCGGGGGCGCCTCGAAGAGGAAGAGGTCGCGCTGCACCTTGGCGCCGGGGGGGAGCTCCCCCGCCTTGTCGAGGGCGGCGAGATCCGGCAGGCGGCGCAGCCCCTGCATCTGGCGGGGATCCAGCGCAACGGCGGTCCTGGCGGCGGCCGTCCGCCGCGCCCGGGGGGCGTCCGGCGCGAAGAAGGAATAAAG
NZ_AP027079.1_gap31	1247642	1249741	2099	CGGGGCGGAAGGTCCGGATGGATCACCTCTACGAGGCGGCCCTGCCCTTGATACCTGCGGGGACGAAGGTCCTTGATCTGGGCTGCGGCGTGGGCCTCCTAGGCATGCTGCTGGAGGCGCGGGGACAGGGGAACGAAACCTTCGGCATCGAGTGGGACCGGTCCAAAGCCCGGTTCGCCCAGCGGTTGGCCGAGGGGAAGCCTGCGGTCCGGGTGGTGTGTGGCGACCTGTGGGCAGAAGCGTGGCCCGAATGCGCCGTGATTTCGGCACTGGATGTCCTCCACTACTTCGTTCCCGAGCGGCAACGGGCGCTGCTGCTCCGCATGGGTGCGCACCTCCCGGCGGGCGGTCGGCTGCTGCTTCGCGTGATGGACGGCCGCGCCGGGGGGATGGCGAGGGTGACGAGGTTCTGCGAGCAACTGGCGGTCGGGTTCGGATGGAATCAGGCGCCGAGCGTGTACTGGCGCTCCCTGGCCGAGGTGCGCGGGGACCTGCGGGAGGCTGGCCTTTCCATCCTTCCGGTGCCTGGGGAGGGCGGTCATGGCCTGGGAAACTGCCTGGTGGCCGCCGAGAAACCGGGAACGCCTCTGGAGAGCCTCAAGGGCGTCCCAAACGCGACGGCCTGGCCTTCAGGCGCAGGGGAGGTTTCTCTCCCGCCCCTGTCCTGGGAGCGTGCCGACAGCATGCAAAAAGCCCCCTGATGTCTCAGGGGGCTCATTTGGTGGACCTGATCAGGATCGAACTGACGACCTCTGCATTGCGAACGCAGCGCTCTCCCAGCTGAGCTACAGGCCCATGAACCTTTAGTCTAACGGGCCGGCATTGGGCGTCAATGGCCGACCGGCGGGGTGCCGGCCGGTCCTTGCTGCGGGGCCTACATCAGGGCCTACATCAGGGCCTGCATGATCTCGTTGAGGGTGGCCTCGCTGGGCTTCAGCTGGGCCTCGCCGAGGCTGTTCAGGGGCTCGTCCACCAGATTCAGCACCTGGGGCAGGGGGGGCTGGGTGGGATTGATGTAGAGCAGGCCCGTGAGGAACTCGCCCTTGGCCATGGACTCGTGGACGGCCTTCATGGCGCCGAAGCGGTCCGTGGGGTCGTAGCCCTCGTGCGTGGCCTTGATGGCGACCTTGGAGCCGTCGGGGAAGGTGACGATCTCGGTCTGCCCGGCGGGGATCTCCACATCCTCGACTTCGGAATACTGGATGAAGCCCAGGTCGTGGAGGGGGAAATCGTGGTCCTTCACATGCTTGTAGGAGCGGGTCGAAGCGTCGTGGTTGTTGAAGGTGACGCAGGGGCTGATGATGTCGAGCACCACGGTGCCTTCGTAGGCGAAGGCGGCCTTGAGGATGGTGTTCAGCTGCTTGGGGTTGCCGGAGAAGCACCGGGCCACGAAGCCGCAGCCCAGCTCGATGGCCAGGGTGCAGGGATCGATGGGCGGCAGGTCGTTCACGGCGCCGCTCTTGAGGTGGGAGCCCTTGTCGGCGGTGGCGGAGAACTGGCCCTTGGTGAGGCCGTAGACGCCGTTGTCCTCGATGATGTAGATCATCGGAATGTTGCGCCGCACCGCGTGGACGAACTGGCCCATGCCGATGGACATGGAATCGCCGTCGCCGGAGATGCCGATGTTGATGAGGTTCCGGTTGGCCAGCGAGGCGCCGGTGGCGATGGAGGGCATGCGGCCGTGGACGCTGTTGAAGCCCCAGCCCTGGTTGATGAAGTAGGCGGGCGTCTTGGAGGAGCAGCCGATGCCGGAGTATTTGGTGACGCGGTAGCCCTCGAGGTTGGACTCGAAGGCGGCGTTGATGATCTGGGCCGTGATGGCGTCGTGGCCGCAGCCCGCGCAGAGGGTGGACTTGGAGCCCACATAGTCCTGCTTGGTGAAGCCGAGCTTGTTGGTCGGAGTGGCCGGCGGGTTAGGAGCGGAAGGGGTGGCGGTGGTCATGGTCGGCTCCTTACTTCTGCTCGAAGGCGGTGATCTGATCCACGATGCACTTGGCGTCGATGGCGTGGCCGTCGTAGTGGAGGACGCTCTTGAACTTGGTGGCGTACTCGGGATAGGTCTCGCGGAAGAGGTTGGCCATCTGGCCGTCGCGGTTCTG
NZ_AP027079.1_gap32	1320220	1321418	1198	GCCACTGCTGGCCTGGAGCTGGATATCCCGAGGCAGGCCCTCGGGGGAGATCAGCACCCGGAGAATGATCCGACCCTCTTCTCCCAGGCGGCGGGAGAGCGAGGGGTAATCGGGCGGGGGGTTCTGCAGGTAGGTCGCGTCGAAGCGCGGCGGCACGATGCCCCCGACCGTTCCCCCGACGACCCCACCCACCGTTCCACCGGCGACGCCCCCGGGAACACCTCCGGAAACGCCAGGCCCCGAGCCGTGGGCCGGCGCCGTGCCCGCGGGCATGGGCGATTCCACAGGCGAACTGGGAGTGGGGACGGGGGTGACCTGGGGTTCCTGGGGCGTGGAGGAGGCCCGGCTGGTGCTGGGAGCCGTCTGAACGCCCGCAGGGGGGGGCGGCGGCGCCAGCAGGGGTGCTTCTTCCAGCAGGCTGATGGTCACGGTCTTGGGCGGTGCCATCAGGGCCGTGGCCGAGCGGGCGCTGAGGATCAGACCCGCCGCGCCGAGCAGACCGTAGACGGCAAGGCTCAACCCCAGCACTCGCTTCCGGTCCCCGCGGTGGAGGGGCGCATCGGAGGTGACCAGACTGGCCCGGTAGACCAGGTCCTCCAGAGAGGGCATGGGTTCCCGGGTTTCGGGTTGGGTCTGGGGGGCGGCAAAGGGGATCGGAAGGGTCTGGAGCATGGCTCATTCCAAGAGTGAGACTTAGTCTCAATATTGATAAATTAGGGATGACCGGATCCGGTGTCAACGGTTTTCCGCTCGGGCCCGGCAGATGTGATGCAGGTCTCTGCTCCGGAGTCCGGCCAGGCCGCCGGCCGGCGTTCGCCGGGCTTCGGGGACGGGGATCTTTCCTGGATACTGAAGGGCTGGAGGCGGTATGAAGATCCTGCTCCTCGGCTCTGGCGGCCGGGAACATGCGCTGGCCCTGAAGCTGAAGGCCTCCCCGATGCCGGTGGAGCTGGTGTCGGCCCCCGGGAGCGATGCCCTGGGAGAGCTGGGCGCCTGCGTTCCCTTGGACCTGGAAGATGCCCGAGGCGTGGCCGCCTGGTGCGCCGCGAACCGCCCGGGCCTGGTGATCGCCGGGCCGGAGCTGCCCCTGGTGGCGGGCGTGGCGGATGCGGTGCGGGCCCTGGGCATTCCGGTCTTCGGGCACGATGCCGAGACGGCGCGGCTGGAAGGCAGCAAGGCTGTGGCCAAGGCCTTCATG
NZ_AP027079.1_gap33	1350479	1352913	2434	CATCCGCACCAGCACCCGGTATTCGATGGTGATCGGCCGTCACATCCGGGGCCACTGGGCCGGGCGCCTGCAGTGGAATCGGACCCTGACGCGGTACCACCGCGACACCGATGTGCTGATGGTGGGCCTGGCCTACCAATGGTGAAGCGGATGGAAGCCCTTCTCCTCAACGGAGGCCGCGCTTCGGCCGGCCGCCGGCGGGAGGGGGCCAGAGGCCTAGTCTTCCGGGCTGGCCGCCTCCAGGCCGTGCAGACAGAAGTCCACGAGCAGTTCCGCCTCCTGGAAGTGGCTGCCGAAGGGGGGGTATTGCCCCCAGAGCACTTGGTGGAGACCCCGCATCGTTCCATGACCGGCCACCTGACTCGTGATCGAAGCGCCGAGGAAGGCCACTTGCGCCGCATTCAACTCGGGCCTGAGAACCTGGATGCAGGTCCGGATCAGCTCGGCCGCGGGGCTGAGGTACTGCCGGATGATCGGGTGGAGGCACGGACGGGGAGAGCGGAATTCCCGCACCCAGAGACGGGCCCGGTGCTCCTGGAAGGGCTTGGCCGCCGCCGCATCCGGAGCCGCCTGCTGGTACATGAAGTGGATCTGCTCCCGCAACAGCCGGACGGCCCCCTGCGCATTCCGCGGGTTCAGGTTGGCCACGAGCGAGGGATCGACCGCCCCGGGCACCGAGGTCTGGAGGATGTACTTGAACACTTCCAGATAGAGCCCCTCCTTGTTCCCGAAGTAGTGGGAAAGCAGCGAAAGGGGGCGTCCGGCCCGCTCTGCGATCATCCGCATGCTCGTGCCGTCGAACCCGTGGTCGGCAAAGCAGACCAGGGCCGCCTGGAGCAGGGAGGTGCGCGTGTCGAGGGGGGTGGGTTCCATGGTGGGTTCCAGGATATCAACACTTGGATTCAAGCCGGCGGGAATGGCCGGGTAGCATGGGCCGAAGCGCACCCCGCGCCTCCATGCTCCTTCCTTGAGGGCACGGCATGATCCGAAGCTGCGTCGCAACCCTCGGACTTCTTCTGGCCCTCCCCCTCCTGGCCGGACCGGAGGAGCCTTGGCCCGACCCAGGGCCCCCCTCCAGCCGCGACCTCTTCCCCCTGAACCTGGTCCCGCTGACCTATCGCCCGCTCGGGGCGGACACCGTCGGGAAGGGGCGCTGGCGCGTCTCGTTCCAGGTGACGCGCTCCAACACCTTCGAGTTCTCGGATCTGATCAAGGACCGCCTCGGTCGCGACACCTCGGGGCGCATCACCGTGGGGCCGGTGGGGACGGCCCAGTTCGCGGCCTCCCTGCCGGACGAACCCTTGTTGTTCTTCTTCGATGCGGAAGTCCAGCGCACGGACCTCGGCTTCCGCTACGGCCTGACGGCGAATACCGATGTGGCGGTGAACCTGGGCTGGCAGAGCATCGACGGCGGCTTCATGGATGGGCTCATCGAGGGCTTCCACCAATTTGGATTCGAGCAGACGGGCCGGACCGCCATCGCCCGGGACCAGCTCACCGCCGTCATCATCCAGAAGGGCCGAGTGGTCCACTTCACCCAGACCGCGGTTCGGGCCCGCCCCGTGGATCCCGCGGTGGCGGTCATCCACCGCTTCTACGCCGATCCGAAGCTCTCCATCAGCTTTCTCGGCGCCCTCCAGATTCCCGCCACCACCTTTGCCGGGGAATTCCGTTCCGACTGGGATTCCAGCGCTGGCTTGAGCTTCCAGTGGCGGCCCACGCCTCGTCAGGCCATCAACGGCGGCGGAGCCTATCTGCGTCGCGGCATGACCGGAGGCGTCGGCCCGAATCCCTTCCTCATCAAGGACCAGATCGCCGGGCACCTGGGCTGGGAGTGGCGCGGCTGGCCCCGGGTGCGGCCCTTCCTCGTCCTCGTCTACCATGACGCGCTCACTTCCCAGGGACCGGGAGCCACCTTGGACAAACCCTCCGTGATCCACGACCTCGGCGTGCATGTCCGCCTGGGCCCGCGCTCCGCCCTGACCTTCAGCTACCTCAACAACATCACCCACAACGAGAACACCGCCGACATGGGATTGGCCTTGCGGATCACGGTCACTCCCTGAGCGGGGGACCACCTTCCCGGGGGGCGTCCGGATTCCAGCAGGCTTCGAGGGCGTCCAGCAGCCGCGCGACGACATCCCGGTTGCGGCGGGTCCGCGCCGCCCGGCCGGCAAGTTCCGGAAAAGCGGGCTCGGGATCCTGCAGGTCGGGGCCCATGGCCGGGCCCAGCACCGCTTGCCAGCGGTCCAACCAGGCTTCCGGAAGGCGCTGGGGAACGGGAAGCTCCATGACCGTGAGGTAGAGGATGGCCCAGACGCGGGCCACGACCTGCGCCTCGTAGCCGCCCCCGAGGGTGAAGAGCGCCCGGCCCCGGGCGTGGGCTTCCGCCAGATCGAGAACCCTGCGGTAGAGCCTCTGGAAGCTCTGGGTG
NZ_AP027079.1_gap34	1355622	1358938	3316	ATCCGCGCGGTTTCCGGCCGACACGAAAGTGGAGAATCCCAGCCCCCGCTCGGCGGCGTACTGCAGGATCACCACCCCCAGGGCCGCGGAATGGCTGAAGAATCCCACCCGGCCGCGGGGCGGCATGGCCGTGGCCAGGCTGGCATTCAACTGGACCATCGCATTCGTGTTCAGCAGCCCGAGACAGTTGGGCCCCACCAGCCGGGCCCCGCGGCTGCGCACCAGCCGAACCAGGCGCTCCTGGCGCCGGGCCCCCTCCGGGCCCGTCTCGGCGAAGCCCGCGGCCAGGACGAGCAGGCCCCGGGCCCCCTTGTCGAGGGCCTCCTTGGCCAGCGGAATCACCTTGGTGGCGGGAACCGCCAGGACCACCAGGTCCGGCGAGTCCGGCAGGGACTCGAGGGAGGCATGGGCCTGCACGCCCTCGATGGCCTGGGCCTTCGGGTTCACCGGATAGACCGTGCCCTTGAAGCGGCTCTGGAGGATGTGGCGGAAGATGGCATTGCCGATGGAGGCAGGATCGCGCGAGGCGCCCACCACGGCCACCGTCCTTGGCCGGAGGAGGGGCACCAGGGAATTGGCCGCGGCCACCCGCTCGCGCATCTCCGCCCGCTCCCGCTGCGCCTGGGGGGCGCTGAGGGGGAATTCCACATGGATGATGCCGCCCTCCATGGCCCGGCGGGTCTCGAAACCCGAGTCGCGGAACACATTCGTCATCTTCTCGTTCCCGTAGAGCACATCGGCCTCGAAGCCCACATAGCCCGCGCCGGCGGCGAGCCCGGCCAGGCGTTCGAGCAGCAGTGTGCTGATGCCCCGGCCCTGGTGCGGCTCGGCGACCATGAAGCCGACTTCGGCGACGGCGCCCCCCTTGCCGATGTAGTTGCCCAGCCCGAGCACCCGCTGGTCGGCCTCGTCGCCCTCCACGGCCAGCAGGCAGGCCCGCCGGTGGGGGCTTTCGTCGCAGAGTTCCTCGATGTAGGTCCGGGATACGCCCGCGATGCCGCCCATGAACCGCATGGCCAGGGTCTCCCGGGAGAGTCCGCGGATGAAGGCCTCCACCCGTTCCACATCCTCGGGGAGGGCGGTTCTGAGGAGGATCCCCTGGCCATCCTTCAAGAGGACGAACTCCCGGTAACCTGCGCCGTCAGAGATGATGCTGAACACAGGAGCCTCGTGGATCCGCTAGGACGCGACCACCCTACCATGGGCCGGCCCCGGACTCCCGCGCCAGGGCCATCTTTCTTGTCCCGCGCGTCGTGTTTGGTCCTGGACGGTCGACCGGCGCCACTCTAAATTGGCCTATCACCCCAGCCACCAGGAGAGTCCCATGAATGGACGCGAAGCGTTCCTCCAGGCCCGGAATGTATTGTTCCAGCACCGGGATGACCGGGCTGCGGCCCTCCGCGCCTTCCGCTGGCCGGCCCTGGAGACCTTCAACTGGGCGCTGGACCACTTCGATGCCTACGCCCAGGGCAACCACCAGCCCGCCCTGTGGATCGTGGAGGAGAACGGCAGCGAGGTGAAGGTCAGCTTCGAGGAACTCTCCCGGCGCAGCAACCAGGTGGCCAATGCGCTGCGGGCCATGGGCGTCCGGCGCGGCGACGGCGTGCTCATCATGCTGGACAATGTCCTGCCGCTCTGGGAGATCATGCTGGCCTGCATCAAGCTGGGGGCCGTCCTCGTCCCGTCCACCCTCCTGCTCTCCCAGGCGGACCTGCAGGACCGCATCGAACGGGGCGGCATCAGGCATCTGGTGGTGGATGCCGCGCAGACGGCCAAGTTCGAGGGCATGGATCCAGGCCTGACCCGCATCAGCGTGGGGGGCGAGGTGCCCGGCTGGCATGGCGTCACGGCGTTGTACGAGGGGGCCGAGACCTACGCGCCCGATGAGCCCACCCGGGCCACGGATCCCATGCTGCTCTACTTCACCTCGGGGACGACGGCCAAGCCCAAGCTGGTGCTCCATACGCACCAGTCCTATCCCGTGGGCCACCTCACCACGATGTACTGGGTCGGGCTCAAGGAAGGCGACATCCACTACAACATCAGCTCCCCCGGCTGGGCGAAGCATGCCTGGAGCAGCTTCTTCGCGCCCTGGAACGCGGGGGCCTGCATCTTCGTCTACCGGTCCGCCCGGTTCAGCGCGGCGGCCACCCTCAAGGTCATCGTGGACAAGGGCGTCACGACCCTGTGCGCTCCCCCCACCGTGTGGCGCCTGTTCATCCAGGAGGATCTCGCCTCGTACAAGGTCCGCCTGAGGGCCCTGGTGGGCGCGGGCGAGCCCCTGAACCCCGAAGTCATCAGCCAGGTGGAGAAGGCCTGGGGCCTCACCATCCGCGATGGCTACGGCCAGACGGAGACTTCGGCCCTGGTGGGGAATTCGCCGGGCCTGCCCGTGAAGTCGGGATCCATGGGCCTTCCCCTGCCGGGCTATGCCGTGGTGCTGCTGGACCTGGACGGCAAGGAGGCCGAAGAGGGCGAGATCGCCCTGAAACTCGATCCCCGGCCCCTGGGGCTCATGGCCGGGTACAAGGATGACCCCTCCAAGATGCAGAAGGCCGAGGCGGAGGGGTTCTACCGCACCGGCGATGTGGCCACCCGGGATCCGGACGGCTACCTGTTCTTCGTGGGGCGGGCGGATGATGTCTTCAAGAGTTCCGACTACCGGATCAGCCCATTTGAACTCGAATCCTTCCTCATCGAGCACGAATTCGTGGCCGAGGCCGCCGTGGTGCCCAGCCCGGATCCGCTGAAGCTGGCCGTCCCCAAGGCCTACATCATCCTCCGGTCCGGCTGTGAACCCGACCGGGCCACGGCCCTGGCGCTGTTCCGGTTCATCCGCGAGCGGCTCTCGCCCTACAAGCGCATCCGGATCCTCGAGTTCGGCGATCTCCCGAAGACCATCTCCGGCAAGATCCGGCGCGTGGAACTTCGGAAGCGGGCGGCGGAACAGACCCATTCGCCCACGGAATTCCGCGAGGAGCAGTTCCCGGAACTGAAGTGACCCGGGCAGAGCCGATGTGACCTGGGGTAGGTGCGCCTGGCGAGGGCGGCTTGTCGCATGATGTCCCTACTCATCCATTGCCTTCGGGAGGCCCCATGAAATACCTCGACGATGATCGTGATGTCCGGTTCAACCTCTTTGAGTGGCTCGACCTCGACGCCCTGCTGAAGGCCGGCCCCTACGAAGAGGTGGACCGGGATCAGCTGGGCATGGTGCTGGACGAGGCCCTGAAGGTGGCGCGGGGCAGCGTCGCCGCCTGCAACGAAGTGGGGGACCGGGTCGGCGCCCAGTTCGAGAACGGGAAGGTGAAGCTGC
NZ_AP027079.1_gap35	1361548	1363501	1953	GGGCTTCCAGGTGAGGAAGGCGTCCTGGAGGATCATGGGGTTGGTCGTCCCGGTCGAGATGGAAGGGTCGAACATGACCTCGTAGTCGATGCCCTCGAGCAGGTTCCCGGAGACCTTGATCTCCGCGCGGCGGACGGTCAGGGTGTTCTCCTTGAACTCGCTGCGGAGGTTGTAGTACCCGCCGGGAGCCGAGCTGTTGTACCGGAGGTTGCTGTCCATCATCTGGGTGTACCAGAGCTGGATGTCGCCGCCGATTTTCGCCGTCTGGGCCGAGAGGGGCAGGGCGGCGAGGGCGGCCAGGCCGAGGGTGGGGATGCGCTTCATGGGGTCTCCTTGAGGCCTAAGGCCTGGTGGAGCAAGGTTCCCGACCTGGTGTGACATTTCGAGGAAGGCGCTGCGGAAGAGCTGTGCCCGGTGGGTGAATTCCTTCTGGAGCCGGTATTTGACTGGCTGCGCGGCGGAGCCGGAAGGGGCGCCGAGCCCAATCGTGGAGGAGGGTGGCGGTGCTCCCCGTGAGTCGCAACCCGTTCATTACAAGGAAGTCCCGACAGCTTTGTGTCCTTCATCACAAGGGGGGGAACTTTTCGGTCGTTTTTGATAGACGAGGGGATTTCCCGCGTTTAGCTTGAATCCGTTTGATCCACTCTTAGAGATTGGTCGACTGGTGTCTGGGACATCAGGTGGTCTGACCAGTTGCTCCCACCGTCATCATCCTCACCTTCCACCTCCACCATCCCCCCAACCCTCTCCAACAGGAGCCTACCCATGAAGATTTCCCGCCTCGCCGGTGTCGCCGCGCTGCTCGCAGCCGGATTCGCCCAGGCCCAGACCCCCACCGTCAAGATCGACGGCCTCCTGATGGAGTTCTGGGCCACCCAGATGATGGACAGCAACCTGCGCCTCAACACCACGGCCGCGGCCGGTGCATCCAAGTACTACGGCCTCGATTCCCGCTTCCAGGAGAACGGTTTCGCCGTCAAGCGCGCTGAAATCTACATGAGCGGCACCGTGACGGACACCATCAGCTGGAATGTGATGTTCGATCCGAACAACAGCAACACCACCGCCGTGCCCAACGCCGTCCTCCAGGACTTCGTCATGACCTGGGCCCCCATCAAGGGCTTCGCCCTGAAGGCCGGCCAGTTCAAGATGCCGACCACCTATGAAGCCACCATGGTCGCCGCCCGGGAGATCCTCTTCTTCGAGCGCAACCAGATCAACCGCAAGTTCGGGGATGCCCGCGACCGCGGCATCTGGGCCAGCTACGCCTACGGTGATCCCAAGGGCTTCCAGGGCAAGCTGAATGTCGCCATCTCCAACGGCACCACCGATGACGGCAGCGGCGGCAAGAACAACGAGAACACGCTGGCCGGCTCCGGCAACGCCCAGAAGGACTACACCTTCCGCTTCGAGGGTGGCTACGGCGCCGCCCACAAGTTCGGCTTCTACTACCGCGAAGGCGTGACCGGCCTGAAGGATTCCACCCTGGTGACGGCCACGGTTCCCGCGACCTGGACCGTGGGCGCTCCCACCGCCGCCCAGATCAAGGACAACAAGGACAAGACCACCCTCCAGGGCATCTACTACGCCTTCAAGAACGACACCTGGCAGGCCAGCGCCGAGTACGCCACCGGCCTCCTGGGCCGCCGCTACCCGACCCTCTTCACCGCGGCTGCCGCTCCTCTCCGCGAGCACCTCGACCAGAAGTTCGCCGGCTATGTGGTGGACGGCGCCTACAAGATGGGCAACCACTGGATCACAGCCCGCTACGATGTGCTGAACTACAACTCCGGCGACGACTGGTACACGGCAACCAGCCCCTACAAGACGGCCACCGCCGATTACAGCCCGAAGTACACGGAAATCACCGTGGGCTACAACTATGTGTTCATCCCCACCAAGCAGGCCGCCGGCAAGCTGAAGCTGGACTTCGTCAAGCGCAGCGACAACTTC
NZ_AP027079.1_gap36	1368227	1372431	4204	GGAACTGCTCAACAACGACCACATCAAGAAAGCCTTCCTGGGCATGTGAGGAGACCCCAATGACCACCGTCGAAAAGTGGATGACGAAAAACCCCATCACCATCGAGCAGGATGCCTCGATCATCGAGGCCATCCACCTCATGAAGGAGAAGGGCATCCGTCGTCTGCCCGTCATGGCCCAGGGCAAATTCACCGGGCTGATCACCGAGCGGATGATCAAGGACTACACCCCGGGCAAGGCGACCTCCCTGGATACCTGGGAAGTGCACTACCTGCTGTCCAAGACTCCGGTGAAGGATGTGATGAATCCGAACCCCCGGACCGTCACGCCGGATGTGGACCTCGCCACGGCGGCCCAGGCCATCCTCGACCACAAGCTCTATGGGCTCTGCGTGGTGGATGGCACGGGCAAGCTGGTGGGCATCATGTCGGTGGGGGACATGCTCAAGGCCGTGGTGGAATTCGCCAAGGCCCGGTGATCACCCTCCACCAAAAAGGCGGGCCGGAATCGGCCCGCCTTTTTGCGTCTGGGCCCAGGCGCCTACTTGAGGTGTTTGGCCTTCAGGAAGTCGATGTAGGCCAAGTCCACTTCGCTGATGTGGTGTTTCAGCCAGTCCGCCAGGAGGGTCGTGACCTCCATGGCCACGGGACGGCCGGCATCGCTGTCCGCCTTCAGGCCGGTCACCCGCTCCACCAGCCGGGCGTGGGCGGCGGCATGGGCGGCGTAGCCCTGGTAGGCGTGGCGCCGCATGTGATCCTCCTCGGTGCGGAAGTGATCCACCGTGTAGTCGAGGAGGAAATCGATGGCCTTCTGGACCTGCTCCTGGCCGTGGCCCTGGCGGAAGGCTTCGTGGAGCTGGTTCACCGCCGTGAAGAGCTGCTGGTGCTGACGATCGATGCTGTCGATCCCGGTGGCGAACCGGTCGCTCCAGATGGCAAGTGGCATGGCGGGCTCCTCGATGCGGATGGTTCAGGCACGGCTTCTGGAAACTACCGGACGCCTCCCATGAGCCGCTTGATCCTGGGGGTGAAGAGCGCCAGGATCACCGCCGCGGAAGCCGTGGCCAGGAAGAGACTGCCATAGATGCGGGCGAGGGGCATGGTCTCGAAGAGGCCTGCCACCTTGCCGGCGAGCTTGCTGCCCAGGCCGAGGGACACATACCAGACCCCCATCATCAGGCCCTGGTACCGGGCCGGAGCCAGCTTGGTGGTGGTGCTCAGGCCGACGGGGGACAGCAGCAGCTCCCCGACCGTGTGGAGCCCGTAGGTGCCCACCAGCCACCACGGCGCCACGCGGGCCGCGCCGGTCGCCACCCTGGCCGCCGGGACCAGCAGGAGCATGCCCAGGCCCACGAAGAGCAGGCCCAGGGCGAACTTGGCGGGGCTGGAGGGATCCCGGTCGCCGAGCTTCACCCATAGCCAGGAGAGGAGCGGGGCCAGGAGCAGCAGCCAGGCGGAGTTGACGCTCTGGAACCAGGTGGAGGGGAAATGCCACCCGAAGACCTCGGAGCGGGTGAGGCGATCGGCGAAGAGGTTGAGGCTGGAGCCGGCCTGCTGGTAGGTCATCCAGAAGATCACCGAGAAGATGAAGAGGATGGCCACCACCAGCAGCCGCTTGCGCTCCTCGGGGCGGAGGGGTTCCCGCGTGCTGATGTGCCCATGTTCCACCTGCTGGAAACCCGGTTTCAGCCCGGCCTCGCCAAACTTCCGCTGCTGCAGCCCGAACTGGACGAGACCCAGCACCATGGCCACGCCGGCCGCGCCGAAGCCCCAACGCCAGCCGCTCGTGGTGGCAAGGCCGATGCGGGACAGGAAGCCGAGGAAGCGCGGGTCCTGCGCCAGGAAGCCGCAGATGATGGGGGCGATCAGGGCGCCGAGGTTGACCCCCATGTAGTAGATGGTGAAACCGGGATCGCGCCGGGCGTCGTTGTCGGCATAGAGCGAGCCCACGAGGGTCGCGCAGTTGGTCTTGAGCAGGCCGGTGCCGGCCACGATCACCGCGAGTCCTCCGTAGAAGACGGCGACCGTTCCGGAGGCGGCGAGGATGAATTCCCCGAGGGCGATGAGCACGGCGCCGAGGGCCACCGCCTTCCGTTGCCCGAGCCACCGATCGGCCACCCAGCCGCCCGGCAGGCTGGCGAGGTAGACGGACATCTCGTAGGTGCCGTAGATGCTGGCGGCCTTCACGCCGCTCATCCCGAGCCCCCCCTTGTCCGGGGGGGCCACGAGGAAGAGGATGAGCAGCGCGCGCATGCCGTAGTAGCTGAACCGCTCCCACATCTCGGTGAAGAAGAGGACCATCAGGCCGCGCGGATGGCCCGCGATGCCCTGGTCATCGAGCAGACGGGGATCCTGGGTGGCTTCGCTCATGAACATCCTTCGGACTAAATGTTGAAGACTGAAGACTGGAGACTACAAAGAGCCTACAGGTTCTTCGAGATGAAGTCCCACATGGCCTGGAAGCGCGCCCAGGCATGCTGGGGGGCGCGGGGCACATGGTCAGAGCCCGGCAGCAGCACGAGCTGCACCGGGTGGCCCGCCTTCTGGAGGGCATCGATCAGCATCACGCTGTTCTGGGGGTGCACATTGTCATCCAGCGTTCCATGCAGCAGCAGCAGCCTGCCCGACAGGTTCCCGGCCGCCTTCACCACGGAGCTGGCTTCGTAGCCGGCCTTGTTGTCGGAGGGCAGGCCCATGTAGCGCTCGGTGTAGATGCTGTCGTAGAGGCGCCAGTCCGTCACGGGCGCCCCGGCGATGCCCAGCTTCCAGGCTTTGCTGTGGGTGAGGGCGTAGGTGACCATGAAGCCGCCGTAGCTCCAGCCATCCAGGCAGAGCCGGTCCAGGTCGGCCCAGCCCTGCTGCTTCAGCCATGCGTGGCCGTCGAGCTGGTCCTGGAGTTCCTGCGCCCCGAGGTTGCGGTGGATGCCGTAGGCGCTGGCCAGTCCCTTGGCCGAGGCGCTGCGGTTGTCGCAGGCCCAGACGACGATGCCCTGCTGGGCGAGGAACTGGTACCAGAGCATGTCCCGGCCCCAGGCATTGCGAACCGTGGGCGTCGCCGGCCCCCCGTAGATCTCCTGGAAGACGGGGTAGCGCCGGGAGGGATCGAACCCGGGAGGCAGCACCAGCATGGTCTCCATGGGGAAGCCGTCCCGGGTCTTCACCTGCTGGAAGCTGACCTTGCCGCGCTTCAGGGCCTTCCAGGCCTCGCTGGGGTTGGCGTCGATGAGGCGCAGCTGCTTTCCGGACCCATCGTGCAGGGCCTGCTGAGGCGGCGTCTGGACATCGCTCCAGACATCGAGGAAGGCCGTGAAGGCTGGGTTGAACCTGGCGCGGTGGGTGCCCGGCCGCTCCGTGAGGCGCCCAAGCCCCTTGCCATCGAGGCCGATGCGATAGGCGTCCAGGCCGATGGGGCTGCGCTCCGTGGCGTCGAAGTAGAGGTGGCCAGTCTTGGCATCCACGCCGTGCACGCGTTTGACATCCCAGTCCCCGGCGGTGACGGCGCCGGCCAGGTTTCCGTCTTTCCCGTAGCGATAGACATGGTGATGGCCGGTGCGGCCCGATTCCCAGAGGAAGCCGCCATCCGGCAGGAAATGGGGCAGCGGCAGCCGCTCCTGCCAGGCGAGGCCGTTCTCGTGGAGGAGCCGTTTCGAGCCGGTCGCTTCGTAGCGGCGCAGGTCCAGCCAGCTCTGGATGCGGTCCTGGTGAATAGCGAGCAGGTGTCCCAGGGGATCCCAGCCCACCTGCACGATGAGCGTCTCCTGTCCGGGATAGGGGTCCTCCATCCAGGCGGTTCGTCCATCCAGCTCCACCACGCCCAGGCGGGCGACGGGATTGGGGTCCCCGGCCTTGGGATAGCGGGCGGCCTGGGCCTTCTGGGGCTGGTGGCGGTCGTCCATGAGGGTGAAGACCGGCACTTTGGTCTCGTCCAGCTGCAGGTAGGCGATGCGTCTGGAATCCGGCGCCCACCAGAAGGCCCTGAAGCTGCCGCGGCCGTAGACCTCCTCCTGGTACACCCAGTCCAGGCGGCCGTTGAACACCGTCTCGCTGCCGCCGGTGGTCAGCCGGGTCTCCCGGCCCGTGGCCACCTCGGCCCGGTAGAGGTCGTTGCCGCGGAGATAGGCCACCTGCCGGCCATCGGGGCTGAAGGTGGGCTCGTCGACCTTCCCGCTCGCGATGCGCTTGGCCCTGGCAGCCTTCACCTCCA
NZ_AP027079.1_gap37	1400281	1403764	3483	GGCCTTCAGGTAGAAGGCGTCGTAGTAGCCCTTGGACAGGCAGAAGGTCCCGAGGAGGATGCGTCGCTTGACCTCCGAGCCCAGGCCCTGGTCCCGGGTCTCGGCGATCATCTCCGGCAATCCGCCCTCGGAGGGACGGACGCGGAGCCCGAACCTCACGCCATCGAAGCGGCTGAGGTTGCTGGAGACTTCGCTAGTGCAGAGCAGGTAGTAGGTGTCGATGGCGCAGCGGGTGTGGGGTAGGCTCACCTCCACCAGCCGCGCGCCGAGGCGCTCGAACTCCCGGAGGGCCCCGTCGAGGACGGCCCGGACCGCGGGCTCCAGGCCTTCGGCGAAGTACTCCTTTGGAAGGCCGATGCGAAGGCCCTTGAGGTCGGCGGCCCGGAGGGGCGCCAGCCGCTCGGCTTCCGGCAGATCCACCGAGGTGCTGTCCTGGGGGTCGACGCCGGCCATGACCTGGAAGGCCAGGGCCAGATCTTCGGCGGTGGCGGCGATGGGGCCCACCTGATCCAGGCTCGAGGCCATGGCCGTGAGCCCGTAGCGGCTGAGGACGCCGTAGGTGGGGCGGAGCGCCGTCACATTGCAGAAGCTGGCGGGCAGGCGGACGGAACCGCCGGTGTCGCTGCCCAGGGCCAAGGGGGCGTAGCCGGCGGCCACGGACACGACGGACCCACTGCTGCTGCCGCCGGGCACCCGCGAGGGGTCCCAGGGGTTGCGGGTGGGGCCGAAGGCGCTGTATTCGCCACTGGAACCCATGGCGAACTCGTCGAGGTTGGCCTTGGCGATGGGGACCGCGCCGGCCTCGAGCAACCGGCGCACCACGGTGGCGTCGTAGGGCGCCACATAGCCGTCGAGCACGCGGGAGCCGCAGGTCATCGGCAGGCCCGACCAGTGGAGGTTGTCCTTGAGCACGATGGGCAGCCCGAGGACCGGGGTCCGCTCCCCGGCGCCCAGACGGGCGTCGGCGGCGCGGGCCAGGGCCAGGCTCCTGGGCTCATCCTTGGCGAGCAGGGCGCGGAGGTTTCCGTCCAGGTCCCGGATCCGGTCGAAGGCGGCGCGGACCAGGGCCTCGGAGGACAGGTCGCCGGCATCCAGGCCCTCGCGCCAGTCCATCGCCGTGCCCAACCCCATGCCCGCTCCTCTGGAACCTTCTACTTTGCCATCACGAGGGGGTCTCTTCCAGCCTTGGCCACCGGGGTGGAGACAGCATCTCCCCGGAGGAATCCAGCGAGCACGATAGCTCTGGACCTGCATTCGGATCGGAAATAGGCTACCATCCTCTGCTCAAGCCCTGTTCTTCCACTCGCATGCGCTGCACCGACCCGATAGGTACCGCGGAATCCCATGAATCCATTCGATGTGCTGGAAATCCCGCCGGATGCCTCACCCGAGGACATCAAGACGGCGTATCACCGGCTCGCCAAACGGTGGCATCCCGACCGGTTCACCGGAGCTGAGAAGGCCGAGGCGGAGGCAAAGTTTCGTGAGCTGGCCGAGGCCTTCAGCATCCTGAAGGATCCCGGCAAGCGGCTGACGGCCCTGCAGCAGGCACCGCGCGCCGCGGCGGCACCGGCCAAAGAGAAGGAGCGGGAGCCCGAATCCGCTCAGGAGCGGACGCCCGAAGACTGGGCGGCCATGGCCAAGGCTGCCCTGGACGAAGGACGGGTGGATCAGGCCCGGGCCCTCATCCACTACGCCATCCGGCTGGACGAAAAGAAGCCTCAGTACCACGCACTTCTCGCCGCCATCCTCGAACGGGAAGGCAGCGACCTCCGGGCCGTGGTGAAGGCCCTCGAGGCGGCCGTCCGCCTCGCCCCCCTGGATGTGGAGAGCCACATCCGGCTGGCGGGACACTTCCAAACGCTTGGAATGACGGCGCGGGCCCAGCGGCACCTTCAGAAGGCCCGGGAGATCTCGCCCAACCACCCCAAGCTGCGGCAGTCCGCCCCCAAGGGCGGCCAGGGCGCCAAGACAGGAGCCGGGCAGGGGCCGAAAGGCAAAGCTGCCGCGGCTGCGCCGAGTCTCGTGGATCAGCTAAAGGACCTCTGGGGCCGACTGACGGGAAAGGGTTGATCATGAGGATCCAAGCCGCTGGCAAGACGGATGTCGGTTGTGTTCGCAAACACAACGAGGACAGCTTCCTGGCGGACGAGGGGCTGGGGCTTTTCGTGGTGGCGGACGGACTGGGCGGCCATGCGGCCGGCGAAGTCGCCAGCCAGATCGTGGTGGAGACCATCGCCCGTTTCGTGGGCGAGACGCTGGAGAAGGACCGCACCTGGCCCCTTGAGTACAACCCCTCCCTTTCTTATGACGGGAACCGGTTGCGGGTGGCCCTGATGCTTTCGGATCAGGCCATCGCGGAGGACATCCGGCGAAACCCGGAGCGGGAGACCATGGGTTCCACGGTGGTGGCGGGTCTGTTCCACGGCGCCAAGGTGACCCTGGCCCATGTGGGGGACAGCCGGGCCTACCTCCTGAATGCCGAGGGAATCCATCAGGTCACCCGGGACCACAGCTGGGTGGCGGAGCAGGTGGCCAACGGGATCCTCACCCCGTCCGAGGCCCGGGTCCACCCCTTCCGGAATGTCATCACCCAGGCCCTGGGAAACGGGGGCGAGCTGGATATTGAGATCCAGGATTTGGAACTGGGCAAAACGGATCGACTCTTGCTTTGCTCCGATGGCCTGTCAGGAATGATCGGTGATAAACAGATCTGGGACATCGTAGAGCAGTCAAATGATCTCCAAACTGCTGTGGAATCACTTGTTTTCATAGCACGGGAGCACGGCGGCGAAGACAATATCACCGCCATCCTGGTCGGTTTGGACGCGGAGGATTCTTGATGCAAGCGCAGTTAACCTTGACCTAATCCATTCCGGCGGTACCCTTCCAACTACCTAAATTCTCCAAGTGAGGCGTCCGGTGGGTCTTTTCGGAAGCAAAACCAAAAGTCTGGTCGGCTTGGATATTGGCTCCAGCTCGGTGAAAGTCTGCGAACTTCAGCAGATCGGGAAGGGCAGCAATATCCGTTACCGCCTGCAGAAACTCGGGCAGGTGCCCCTTCCGGCCGACGCCATCGTGGATGGCGACATCATGGATAGCAACGCTGTGTCGTCGGCTATCCGTCAGGTTCTGGCAGAACAGAAAATCAAGGCCAAGGATGTGGCCATCTCAGTGTCAGGCCAGCAGGTGATGGTCAAAAAAGTGACATTTCCCCTGATGAGCCAGGCCGAGCTGGCCGAATCCGTCCGCTGGGAAGCGGAGAGCTTCTTCCCCGCTGGACAGGGATTGGATTCCTACGCACTGGACTACTACCTCATCGAGGAGCGGGCGGCGGACGGCAACATGGATGTCGTCCTGGTGGCCTGCCGGAAGGACAAGCTCGAAGCCTATGTCAGCTGCGTGGCCCAGGCCGGTTGCAGCCCAAAGGTGGTGGATGTCGATGTGTTCGCAGTCCAGAACGCCTACGAAGCCAACACTTCG
NZ_AP027079.1_gap38	1449778	1450324	546	GCAAGGTGATCCAGGCTCCGGCGCTGGAGAAGAAGGGCGACCTGGCCGCCATCCTCACCAACCTGGAGGCCGGCGAGTTCCTCTTTATCGACGAGATCCACCGGCTGTCCGCCCCCATCGAGGAGATGCTCTACGCGGCCATGGAGGATCGCAAGCTGGACATCCTCATCGGCCAGGGTCCCAGCGCCCAGACGCTGAAAGTGGACCTCCGGCCCTTCACGATGGTGGGGGCCACCACCCGGGCCGGGTTGATCTCGAAGCCCCTGCACGACCGCTTCGGCATGGTGCACCGCCTCGAGTTCTACACCCGCGCGGACCTGGCCATCATTGCCCGCCGGTCGGCGGACCTGCTGGGCATCCACCTCGCCACCGAAGGATCCGAGGCCATCGCCCGCCGCAGCCGGGGGACGCCCCGCATCTGCAACCGCCTACTGCGGCGCTGCCGGGACTACGCGGAAGTGAAGGGGGACGGCACCATCACCGCCGCCGCCGCGGAGGCCTGCCTAAAGCTGCACGAGGTGGATGACCTGGGCCTCGACGCCCTGG
NZ_AP027079.1_gap39	1469320	1472206	2886	GCCCGCGCACCGACACGGTCCCGTTCGGGGGTGAGTGATGCAGGGCATTCTCGATGAGGTTCCGGAACACCTGGTGCATGCGCCGGGCGTTCAAGGGCAGCACCAGCGCCTCATCCTCCAGGGCCAGCCGCACCTTGCAATCGCGGCTGACCTGCAGGGTCTCGCAGGAGCGGAGGGCATCTTCCAGCAGGGTGCGGACGCGGCAGGGCTCGGGATTGAGCGTCCTCGGCTCGCCGTAGTCCCGGAGGTCGTTCATCAGTCCCTGGATGCGGTCGGAGCTCTCGCGCAGGGCCAGGAGGAAGGGACGGTAGCGGGGTTCCTCGCCGAAGGTGGCCTCCAGGGCGTCGAGGTTGATGGAGATGCCGTAGACCGGATTGCGGATCTCGTGGACCACGCCCCCCACCAGGGCCCGCAGGGACTCTTCGGCGCGGCGCCGCTCCGTAATGTCCGTGCACATGCCCGCCATCCGGGCCGGCCGGCCATCGCCGCGCCAGGCGACCACCTTGCCCGCGTCGAAGACCCAGAGCCAGTCGCCGGACTGCGTGCGAAGCCGGTATTCCGCCTGGAGGCCCGGAAGCCGGCCCTCCAGGTGGGCGTTCAGGGCGGCTTCGGTCTGCAGGCGGTCCTCGGGATGGATGAGGTCGAAGCCCGCCTGCAGGGTGGAGGCGATGGCCCCCGGCTCGTAGCCCAGCATCCCGAACCAGCGCGGGCTGCGGTAGATGTTCCCGGTTTCCAGGTCCAGATCCCAGAGGCCCTGCTGGGTGCCGTCCAGGGCATGGTTCAGCCGCTCCTCGCTGGCCCGCAGCTCCGCCTGGGCCACCTTGAGGGCGGTGATGTCGCGGGAGATCCCGGCGATGCGGTGGATGCGCCCCCACTTGTTCCGGACGGGGGTCAGGATGGTCTGGAAGGTGCGGACCTCCCGGGCGATGGGGTGCTCCTCCTCGAACTGGAGAGGCGTGCCGCCCTGGAGGACCCGCTGGAAGTGGGCGATGAGCTGGGCGGCGCTGCTGCTGGTGAGGCAGGACTCCGGCGAGCGGCCGGCGAAATCGGGATTGAGGAAACTGCCCGAGGCGTGGAGCGGCGGGTTCACGGTCTCGAAGGTCATCTCCCCCTGCTCGGAAATGCCCACGACGTAGATCCAGTCGTACAGGTTCTGGAAGAGCCCGTCGAACCGGTAGGGATCCTCTCCCCGGGCCGGACCTGAACCGCTCTGGGCTTGGCCCCTTGGCCCCATCAACCTCGCCCTGCCGCGGCGGAGCGCTTCGGGGGCCTGGGCGGCGGTCACATAGATTTCGTGGAAGCCCTCCCGCAGCATGGCCTCACCGATGACTGGATCGCCCTTGGGAATCCGCACCAGGGTGGGAAGGTCGGGATGATGGGTCCGGAAGGTCCGGATCCGGATGTGCCAGGCCTCCGTCGCCGAAGGCCCCCAGAGCAGCAGCGCATCGCCAGGGCCGCAGACGAACGAGTCCAGCTCCGCTTCGGACCAGCCGCTGATGTCAATGCAGTTCGGGACAGGTTCCCCAACCGCCCTGAAGGCCCGGCCAAGGGCCCGCCGCACAGCCGCAGGCACGCCCACCGTCAGCAGCTGGAAGGAGGTGGGGGCTGGACTTGAAGGGCTTTCCATCTCAATGACCTCGTACTCCAACCGATCATCGCATCATCTTTGCGGCAGCGGGGTGGACGCCCAAGGCGCCTTCTCCTGCGCTCATGGATCCATACCAAGCGAGAACGAGCTGTTGAGGCTTACTCCTCAAAACAATTTTATGAATCGATAAATAGAACACAGTGGAGGCAAAATAGGAGAAAATCACACGTAAATCAGGCAACAACATTTATCGTGGTAACCATAAAGCTCGTCTGGCTTCTATTTGTTTTCATGTTGATTTTACTTTTATGATCGATATTGTTTCGTTATTCGTAAATTATAATAATTTATTTCACGAGTAACTGCTTAAAGTTCTATGAGGTATCCTTACTATTTTTTGGGGATGAGCATGTGTACGCATCCTGGAGTGGATGCTGGTTTGTGGGACTAAAGCGGATTTCATCGACCTGACTCCAAAAACAAAACGCCCGGCGGATGCCGGGCGTCTGAGGCGGATGAAGCGGGCGATCAACCGGCGCCACCACTCGTGGTGGCGGGACGGTAGGTGAGGCTGGCCTTGATGAAGTCGCGGTTCATGCGCGCGATGTTTTCCATCTTGATGCCCTTGGGGCAGGCGGCCTCGCACTCGCCGTGGTTGGTGCAGGTGCCGAACTGCTCGGCATCCATCTGGGCGACCATGTCGCGGACGCGGATGTAGCGCTCGGGCTGGCCCTGGGGCAGCAGGCCCAGGTGGGTGACCTTGGCGGACAGGAACAGCATGGCGCTGGCGTTGGGGCAGGCGGCCACGCAGGCGCCGCACCCGATGCAGGCGGCGGCGTCCATGGAGAGCTCGGCCTTCTCCTTGGGGATCGGCAGGGCGTTGGCGTCCTGGGGCGAACCCGTGGGCACGCTGATGAAGCCACCGGCGGCGATGATGCGGTCGAAGGCGCCGCGGTCCACCATCAGATCCTTGATGACCGGGAAGGCTTCGGCGCGCCAGGGCTCGATGGTGACGCTATCGCCGTCCTTGAAGCTGCGCATGTGCAGCTGGCAGGTGGTGGTGCGCTCGCGGGGGCCGTGGGGGCGTCCGTTGATCACCATGCTGCAGGTCCCGCAGATGCCCTCGCGGCAGTCGTGGTCGAAGGTGATGGGCTCCTCGCCCTTGCGGATGAGGCCCTCGTTCACGATGTCGAGCATCTCCAGGAAGGACATGTCGGGGCTGATGTTCTCGGCGGGGTACTCGACGAACTTTCCGTCGCACTTGGCGTTCTTCTGCCGCCACACATGGAGGGTGAGAT
NZ_AP027079.1_gap40	1598786	1599890	1104	GGATCTTCAGGCGGGCGGTGGCGGCCAGCAACAGCAGCATGCCGATCCCCGAGGCGAGGAAGGCCACATGGATGCCCCACCGCTCGCCCACCCAGCCCCAGAACGCCGCGCCGCCCGCCATGGCGCCGCCCCAGACGGTGATGTAGACGCCGAGGGCCCGGGCGCGCACCCAGGAGGGCACGGACAGCTGGACGCCGGTGTTGCAGGTGCTGAGGACGGACAGCCAGCCGGCCCCGCACACCAGGAGTGCCAGGCCCGCCGGCAGGGGGTGGTTCACGACGGAAAGGACCAGCAGGCCAGCCGCGAAGGCCACGATGGCGGTCGCAAGAAGCGTATTGGGACTGTACTTTTCCCGCAGGGCGGGCAGGAACAGCGTGGCTCCCACCGCTCCCGTGCCGATGCATCCCAGCAGCAGGCCGAAGGCCGTGGACCCGAGGTTGAGCTGGTGGATGGCCAGGGTGGGGAGCAGGGCGAAGATCGTCCCGCCGAAGAACACGAACCCGCCGCCCCGGAGCAGGATCACCTGGAGGGCCGAGCGGTGCCGCGTGTAGCGGAGGCCCACCTTCATGGCGGCGATGAAGCGCTCGGCGGGAAGGTCGGTGGTGACGGGCGCGCGCTTCCATCCCTTCAGCACCACCAGCACCCCCACGAAGGAGACGGCGTTGAGGGCGAAAGCCCAGGTCGCGCCCAGCCAGCCCACCACGAGGCCTCCCAGGGCGGGGCCCACGGCCCGGCTGACATTGAAGCCCGCGCTGTTCAGGGCCACGCCGGCGGCGATCTGGTCCTTGGGCACCAGGTCGGGCACGGAGGCCTGCCAGGCCGGGGCATTGAGCGCGGCCCCCACGCCCAGCAGCAGGGACATGGTGATGAGGATGGCCGGGGTCACCAGGTGCAGCGCCGACAGGAGGGCCATGGCCGCGGCCGCCAGCAGCATCCAGGCCTGGGTGACCAGCAACAGACGGCGCCGGTCCACGATGTCGGCGATGGCGCCGCCGGGCATGGACAGCACCAGCATGGGCAGGGTGGAGCCGGTCTCGATGAGGCTCATGAGCAGCGGCGATCGGGTGATCTCGGCCATGAGCCACTTCTCGCCCACACTCTGGA
NZ_AP027079.1_gap41	1602866	1606235	3369	GTGCTCCTCGGTGAGCGCCGTGCCCAGGGGCGCCACGGCCTGGTGGAGGCCGTGCTGGTGCAGCTGCAGCACATCGAAATAGCCTTCCACCACCAGGGCCCCGTCCTTCATGGCGCCCTTGGCGCGGTGGAAGCCGAAGAGGGTCTCGCCCTTGTGGAAGAGGGCCGTATCGCGGGTGTTCAGATACTTCGGCTGGCCTTCGCCCATGATGCGTCCGCCGAAGGCCACGATGCGGCCCCGGGCGTCGTGGATGGGCAGGGTGAGGCGGTTGCGGAGGAAGTCGATCTGCGTGCCGCGCTCGCTGCGGCTGGCCAGGCCCGCCTGCTCCAGCAGCTCGCCCGAGAAATCCAGGCCCCGGAGGTGCGTCACCAGGGCGTCCCAGCCGTCCGGCGCCACGCCGAAGCCCGCTTCGGCCACGAAAGGGCCCTCGTAGCCCCGCCGGCGCAGGTAGGCGCGGGCCGCCTCGCTGCGTTCGAGCTGGCGTTCATAGAAGGACTGGGCGGCCTCCAGCGCGGAGCGCATTCGGGTCTCCAGGTCCACCTCGGCGGAGGGCCGCTCCCGGCGTTGGGGAAGGTCGATGCCCGCGGCCCGGGCCAGCTGCTCCAGGGCCTCGGGGAAGGTCATGCCCTCGCGCTCCATGAGCCAGGCGAAGGCATCGCCATGCTTGCCGCAGCCGAAGCAGTGGTAGAAGCCCCGGTTGGCCACCACCTGGAAGCTGGGGCTCCGTTCCGCGTGGAAGGGACAGAGGCCCACATGGGCCGAGCCCTGCTTGCGCAGCTTCACCGCCTGGCCCACCAGGGCCAGGAGGTCCGTGGCGTCCCGGACGCGCTCAACGATTTCGCGGTCACGCATGGGTGATACATTCCGGAGAAAAGAGGAACCACGCTTGCGGAGGGTCGCCGATGTGGTCGGGGGTGCGGAGGAGGGCCCTTCTCCCAGCATACCGCTCCCGGGGCCCCGGACCGGAGGTTACAGGCGCTTCTCCAGGAGCTTGAACTCCACCCGGAGTTGCTCGAAATCATGGAACTCCACGCCCACCTGTCGGAACCCCAAGGTCTCGTAGAAACGGATCGCCGAAGCATTGCCCTGGTAGACCACCAGCCAGGTGGAGCCGGCTTCCCGCGCCCGCATCCACGCCTCGCCGGCCTTCATGAGCTGCCGCCCGAGGCCGGATCGCAGGGTGCCCGGATCCACATAAAGTTTCTGGGTCTGCCAGGGCGTTCCCGGGCCCGTCGTCGAGGGGTGAGGGCACGCCTCCTTCAGCTTCAGGAAGCCCAGGACGCGACCCTCCACCTCGGCAACAAAGTAGGTGTTGGTGGGCTTCGTCAGGCTGCGGGCGATCTTGGCGGGCGAGTAGGTGGCCTCGAGATACCGGGCCAGGGTGCCCTCTTCAAAGAGGTGCCCGAAGGCCCAGGTGAAGCTTTCTCGCCCCACGGCGACGATGGCGGCGACATCTTCGGGAAGGGCCGGGCGGATGAGGGCATTCATGAGACCTCCAGGCGCGAAGACCTCCGCAGGGAGGCCCTTGGTCCAGCATTGTGGCCAGGGCGCGGCGGCACAACCCGATTCTCGCGATCCCTTGGGTTGAGTGGGTTGAGTCTTCCGTGATTCCGTTTCGCTCCGGGCATGGCATTCTTGAGGTTCTGTACGGTGGAACCCCATGAGCCAGCTCCTCGACACCATCCTCCTCTTCAGCCTGCCCGCCTCCGGCAAGTCGGAGGTGCGCCGCTACCTGGCCAGCCTCACGCCCGACCAGTGCCGGAACGACTTCCATATGGGCCCCACGCTGCAGCTGGACGACTATCCCTATGTCCACCTCATGCATCGCATCGATGACGAGCTGAAGGCCAGCGGCCTCGGCTACGCCTACTACCACGGCCCGAACCGGCCCTTCCGGGACAACTGGACCTGGGCCGTCCTCATCGAGCTGCTGAACGAGGACTACGCGAACCTCATGGCCAGCCGCCAGACCCTGGTGGCCAGCGCGGCCCAGCACCTCTTCGACCGCCTGGACGCGGCCCATGCCAGGGTGGGCCTCTCCCAGCCCCTGGGCGAGATCCCCCATCGCATCCGCGTGCGGATGGCCGAGGCCCTGGAAGAGGAATGCCGGGCCGAGCTGGATGCCCTCAACCGCCAGAACGCGCAGGACAAGACGGGCCGCACCCTGGTGATCGAGGCCGCCCGCGGCGGCGCCCACGGCTCGGCGTTCCCCCTCTGCCCGCCCCACGGCTACGACACGGCCTTCCAGACTCTGTCGCCGGCCATCCTGGAGACCGCCTCCGTGCTGTATGTCTGGGTGGATCCCGTGGAGAGCCGCCGCAAGAACATCGAGCGCGGCCGCCCCAACGGCCAGGGCAGCATCCTCCACCACAGCGTCCCCATGGAGGTGATGCTGGGGCAGTACGGCACGGACGACATGGCCTGGCTCATGGAGCAGAGCGACCGTCCCGGCACCATCCGCGTGGAGCGCCTCATCCAGGAAGGCGATCGCTACGCCAGCAAGGTCTACCACCTGCCCGTGGCCCGCTTTGACAACCGGAATGACCTCACCACCTTCGTCCGCGAAGAGCAGAAGCTCTGGAAACCCGCCGATGTCCAGGCCATCCACGGCGGCCTGAAGGCGGCTTTCGACCAGCTGGTGAAGAAGTAGAAGACGGATTAACCACATAGGACACAGAGGGAGAGGGGTTCCCCTCTGCGCGCTCTGCGTCCTCGGCGGTTAAACGCTTGTCAGTGCGCCCCGGCTCCGGCCTTGGCGTTCCAGATGCGGGTCATGATGAAGGCGCCGATGAGGCTGAAGGGGATGATGGAGCCCACCCAGACCCAGGCGTGGGCCGGCTGGTGGCCGTGGATGGCCACGCCGTCCCAGCCGTAGGTCTTGAGGATCCAGCCCAGGCCGAAGCCTGTCAGACCGGACCCGATGTACTGGATGCCGTCCAGGGCTCCGGCCACCGAGGCCGCGGCCTTCCGTCCACCGAAATCCATGCTGGCGGTGCCGCTGAGCATGCCGTGGACGCCGAAGATGAACATGGCGGTGAGGCCCAGCAGGATCACGGCCCAGATCTGGCCGCCCCAGGTGCCCTGGCCCAGGGTCATGCCCAGCAGGCCCAGCATGACCACCTGCACCAGGTAGAAGAAGAAGGCCACGGGGGGACGCCGGGACTGGAACAGCTTGTCGCTCATCCACCCGCAGAGCAGGCCCCCGAGGATGCCGCCGCCCATGAAGGCGATGCCGGTCCACCAGAAGAGGTGCTCCTTTTTGCCCAGGTGGTAGATCTCCTGCAGGTATTCGGTGAAGTAGAGCATCACCCCCTGGCGGACGAAGCCCGTGCAGAACTCCGCGAAGATGAGCGACACGATGATGGGGTT
NZ_AP027079.1_gap42	1673030	1674299	1269	CGGTGACCCATGGCCTCCAGGGCCGCCAAACCGAAGCTCTCGGTGGCGCTGGGCAGCAGGAAGAGGTCGGAACAGGCCAGCACGGTGCCGATGTCCAGCTGCTTGCCCGTGAAGCGCACCTCGGACGCGAACCCCCGGTCGCGGCAATAGGCCTCGGCCTCCACGCGATCCGGCCCGTCGCCCACCATCACCAGGCGCGCGGGCACCTCCTTACGGACCAGCTCGAATACCTTCAGCACATCCATCACGCGCTTCACGGGTCTGAAATTGGAGATGTGGGTCAGCACCGCGGTGGCCCTGGGGGCCAGCCAGGCCCGGCAGTCGGGGCGCTCCTGGCCGGGGGGTTCCACGAAGTTGCCGATGACATCGATGTCGCGGCCCACTCCGAAGGTCCGGTAGGTCTCGTCCCGCAGGTACTCGGAAACGGCGGTCACGCCATCGCTCTCCCGGATGGCCATCTTCACCATGGGAAGGTAGCTCGGGTCGCTGCCCACCACGGTGATGTCCGTGCCGTGGAGGGTGGTCACGACCTTCAGGCCCGGGATGGCCATGCGGGCCAGCAGGGCGGCCATGGCGTGGGGGATGGCGTAATGCGCGTGGATGATCTCCAGGCCGTGGTGCTCGGCCACATCCGCCATCTTGGAGCCCAGGGCGATGGAATAGGGGGCGTCCTCGAAGAGGGGATAGGTGGTGGCCCGGACCTCGTGGAAGTTGATGCGGTCCTCGAAGCCCACCAGCCGCGGCGGCACGCTGGGGCTGAGGATGTGCACCTCATGGCCCCGGGCGGCGAGAGCCTTGCCCACCTCCGTGGCCACGACGCCCGAGCCGCCGAAGGTGCTGTAGCAGGAGATGCCGATGCGCATGGAAGATCCTCACTCCCAGCTATGATGGGGTGTTCCCAGGATCCTGCCCATGCCTCTTCTCTTCGCCATCGCCTACTACGCCCTGGATGTCCTGATCTATCTGCTGTTGGCGGTGGCCATCCTGTCCTGGTTCCCGATCGACCCCGGGAACCGCTGGATCCGCCTGCTGCACGCGATCACCGACCCGATCCTCCACCCCATCCGGGCCATCGTGCCGAGCATCGGGGGGTTCAGCTTCGACATCCTCGTCGCCGTGCTGCTGCTCGGCGTCATCCAGAGGGTCTTTCTGCGGGCCCTGGCCTCCTAGGAGCGTGTCATGAAGTACACCCCCCTCGACATCCAGCGCCGAGAATTCGAGAAGGTCTTCCGCGGCCTCGAGGAATCCGAGGTCCGTTCCTTCCTCCAC
NZ_AP027079.1_gap43	1686626	1688162	1536	TCATCCTGTCCCTGCTTTCCCTTCCGCTGGCGGCACAGCCCCCCAGCGTGAAGACCGAGGTCATCCCCATCACCGAGGCGATTCCGGAGGATGCCGACATCCAGAAGGTCATCGCCCCCCTGGCGGCGGAGATCAAGGCCAGCTTCGGCCTGCCGCTGGTGGAGGCCCCCCAGGGTCTTTTCCGCGGGCGCCGCGGCGAGGAGAACCTGCTGGGCTACTGGGTTTCGGATGTCATGCGCCGCGCCGCCCAGCCCCTCGTGGGCGCGCCGGTCCCGTTCGCGATCACCAATGCCGGGGGCCTGCGCGCCAACCTGCGGCCGGGACAGCTCAAGGTGGGCGACATCTTCGAGCTGATGCCCTTCGAGAACGAGATGGTGGTGATCGAACTCACGGGCGCCGAGGTGATCCAGGTCGTGAAGGAGGGCCTGCTCCGCCGCGGCGGCGAGCCCTGCTCTGGCGTGAAGGCGAAGGTCGAAGGTCCCCCCGAGCAGGCCGTCCTCACCGTCACCTGGGAGGACGGCCGTCCCATCGATCCGGAGGCCACGGTCAAGGTGGCCACCACGGACTACCTTTACGGCGGAGGCGATTCCATCCCCACGCTGAAGAAAGGACGCAAACCGTTCACCACGGGCGTCACGCTCCGGCAGATGCTGCTCGACGAGTGCACGGCCCTGGGCAAGGCGAAAAAGGAGCTCGTTTCCCCGGCCCCGGGCCGCTATGGGATCCCGGTTCCGATCCAGGAAGCCATCCGCGACAAGAAGTTGAAGCTGTAGGGGCCCCCATGGATCGCCGCGATTTCCTAGCCTCCCTCGGCGCCGCCGCTGCCGCCTCCCAGGTGTCCCCCCTGCGGGCCTCGATGGGGGCTGCCGAAGGGCCCGCCGCCGGCCGCGTCACCTTGCTCCACACCAACGACACCCACTCCCGCATCGAGCCTTTCGGGCCGGGCAATGGCGCCATCAGCGGCAAGGGCGGCATGGCCCGCCGGGCCACCCTCGTACGGCAGCTGCGCCAGGAGCTGGGGGCCGTGCTGCTCCTGGACGCCGGCGACACCTTCCAGGGCACACCCTACTTCAACCGCTACAAAGGCCGCCTGGACTACCAGCTCATGCGCATGGTGGGCTACGACGCGGGCACCTTGGGCAACCACGATTTCGACAACGGCGTGGCGATGCTGGTGGAGGCCATGGAATCCATGGAGCAGCTCAAGCACGCCAACCCGCCCTTCGCCTTCGTCAACTGCAACTTCGACTGCAAGGGCGCCCCCGCCCTCGAGAAGCGCCTCCGGCCCTACCTCGTCCGCAAGTTCCCGGGGCTGAAGGTGGGCATCACCGGCGTGGGCGTGGCCTTCGCGGGCCTGGTGGCCCCCAAGAACCATGAAGGGATCGTCTGGAAGGACCCCTACGAGAGCCTGAAGCCCGTGGTGAAGCGGCTGCGCGAGGTCGAGAAGGTGGATCTGGTGGTGGTGCTCTCCCACCTGGGCTACAGCAACAAGGATTCCGCCCACGACGACCTGCGCCTGCCCGGCGCGGTGGCGGG
NZ_AP027079.1_gap44	1800783	1805327	4544	ACCACGCGCCTCCGGGGCCGGGGCGGTAGAGGTCCAGGTGGAAGACCCGCCCCCCCGGATGGTCGTAGCGGTGGAGCACGGCGTAGGTGGGCGAGGCCACTTCATCCGGATCCCCCCCCAGGCCCCGCAGGAAGCCCCGGGTCCAGGTGGTCTTGCCCGCACCCAATTCGCCCCGCAGCAGCCAGGTTCCACCCGCCGGCGTGACCCGGGCCAGGGCTTCGCCCAGAGCCTCCGTGGCTCCGTCATCGGCCAGGAAGGACTCAGGCACGCAACAACTCCGGAAGCAGCTCCGCCAAGTCCCGGGGGAGCAGCCCCGCGCCCGGGAGCTGATCCCCGGCGGCGCCGTGGAACCAGGTGGCCGCGGCCGCGGCCTCGCGCATGGGCAGCCCCTGGGCGCGGAAACCGGCCACCATGCCCGCCAGCAGATCGCCGCTGCCGCCCGTCGCCATGCCCGGATGGCCCGTGGGGTTGATCCACAGATCGCCCCGGGCGCCTCCGGCGATCACGGTCTGGGCTCCCTTGAGGACCAGGACGCCGGGCTTCCCCGCCGCCACCAGCCGGGCCTGGGCCAGACGCTCGTCCATCAGCAGGGGACGCGAGAGCCGGAAGAGCCGGGCGAATTCACCGGGATGGGGCGTGATGGCCGTGCCGGGCCGCTCCATCCAGCGCTTCCCTTCACCTTCCTTCAGGGCCGAGGCGTCCACCACCAGCGGACCCTCCCAATCCGGCACCTGGGCGATGCCCCCGGGACCCACCAGGAGCACATCGGCCTCCGGCGGGACGGTTCCCCGCCAGGGGTGCACCATGGCTTCGGGGACCTGGGCCGCGATCTCGGCGCGGACCTCGGGCTCCGCCAGCACCGTGACCAGGCCCACCCCCACGCGCAGGGCACCCAGGGCCGCCAGCACCGCGGCCCCGCTCATGCCCAGGCTGCCCGCCCGGATGGCCACATGTCCGAAGCTCCCCTTGTGGGCATTCCAGGCCCGGGGGGGGAGGATCGGCCGTTCCAGCAGCTGCATCGCGGCTTCCGGGGAACGGTTCAGGGGGATGGGGATCACCGAGATCTCGCCGCAACACTCCTTCGCCGGAAGCAGGCCGTGGCAGACCTTGAGGGCCCCGAAACATGCTGTCCGCGCGGCCCGCACCACTTCGCCGGGGATTTCGGCCGCGCCAGGATCCAGGCCCGAGGGCAGGTCCAGGGCCAGCACCGGGAGTCCGCTGCCATTCAGGGCCTTCACCCAGACCGCGGCCGGGCCGTCCAGCGGGCGAGCGGTGCCCAGGCCGAAGAGGCCGTCCACCACCCAGCCGCGCCAGGTCCGCATGACCTCGTCCGGGCCGGCCGCCCCCTGGATGCCCCCCCCGAGGCCCCTCCAGAGCCGGGCCTGATGGGCTGCATCCCCCCGCCATTCAGGCTGGGTGAAGGGCGACCACACCGTGACCTCGCGCCCCTGGAGCCGGGCCAGGCGGGCCAGCGCCAGGGCGTCGCCGCCGTTGTTGCCAGGTCCCGCCAGCACCTGGATCGGCTCGCCGGGCGGGATGAGCGCCAGGGCCCCCAGAGCGGCGTGCTCCTGCAGGACCAGCGAGGGCATGCCCCACCCCTCGATGGCCTGGTGCTCCGCGGCCCGCATCTCGTCGGCGGTGAGGAGGGGGATCATGCGGCACCTCCAGGGCCGTGCCCTCCGGGCTTCGGCTTCGCCAACGAGGCATTCCGCTCCTGCTTCATGCTCATGGCGAAAGTCTAATCCCGTTCGGCGAGATATGCCGCCAGGGCTCTCGGGAACAGCTCCATCTCCGCCGCGTACACCCGTTTCTGCAGATCCTCCGGCGCCTCTCCGGCCAGGACCGGCACCCGCAGCTGGGCGAGGATCCGCCCATGGTCGTATTCCGCGTCCACCAGGTGCACCGTGGCGCCGGACTCGGCCTCCCCCGCCGCCAGCACGGCCCGGTGGACATGCATGCCGTACATGCCCGGGCCGCCGTAGTTCGGCAGCAGCCCCGGATGGATGTTCAGGATGCGGCCCGCCCAGCGGGGGGGCACGGTCAGCTTCTTCAGCCAGCCGCAGAGGCAGATGATCTCGGCGCCCGCCGCTTCGGCGGCCCGGTAGCAGGCCTCGGAAAAGGCCTCATCCGACGCGAAGTCCTTCCGGCTGACGACGGCCGTGGGCAGCCCTTCGGCCTCCAGGCGCGCCAGCCCCCCGGCCTGGGCCGTGGAGGCGAGCCCCAGCACGGGAAGACCGGGAACCCGGCCCTCGCGGCAGGCCCTGAGAAGGTTCAGGGCATTGCCGCCGGTGCCGGAGATGAAGAAGGCCAGCCGCTTCACTGGAGGGCCGTGAGCACCGCCACATCCGCGATGTCCTGGGCGCTGCAGCCGCGGCTCAGGTCGTTGGCGGGCCGGGCCAGACCCTGGAGCAGCGGGCCCAGCGCCACGGCGCCGCCCAGTCGTTCCGTGATCTTGTAGGAGATGTTGCCCGCGTCGAGGTTGGGGAAGACCAGCACATTGGCCTTGCCCGCCACGGCGGATCCCGGCGCTTTGCGCTGGCCCACGGAGGCCACCAGGGCGGCATCCGCCTGCAGCTCGCCGTCCACGGCGAGATCCGGCGCCTTCTCCTTCAGGATGGCCAGGGCGGCGCGGACCTTGTCCACGCAGAGATGTTCCGCAGAACCCCGGGTGGAGAAGCTCAGCAGCGCCACGCGGGGCTCCACGCCCATGACGCGGCGGGCGTTCTCCGCCGAGGCGATGGCGATGTCGGCCAGCTGTTCGGGCGTGGGATCGGGCACCACGGCGCAATCCGCGAAGATCATGGCGCCCTGCTCGCCGAAGGCCGCGTCGGGGTGGATCATCATGAAGAAGCTGGAGACGGTCTTGATGCCCTTGGCGGCACCGATGGCCTGGAGGCAGGCTCGAACGGTCTCGGCCGTGGTGTTCAGCGCGCCCGCCACCATGCCGTCGCAATGGCCCGCCTGCACCAGCATGGAGCCGAACCAGAGGGGATTGTGCACCGCTTCCAGCGCCTGGGCCTCGGTGATGCCCTTGGCCTTGCGGCGCTCGTAGTAGGCCCCGGCCAGTTCCGGAAGCAGCGGGCTCGCCGCGGGATCCACCATCTCGACCCCCTTCAGCGCGAGGCCCAGGGCCGCGCCCCGCTTCGCCATGTCAGCCGGGTCACCCAGCAGGGTGAGGTGGCAGAGGTTCTGATCCAGCAGGAGCTGGGCGGCCTGGAGCGTCCGGTCGTCCCGGCCTTCCGGCAGGACGATGTGGCGCTGCAATTCCTTGGCGCGGGCGCGGAAACGCTCCATCCAGCGGATGTGGTTGGCGTGGGTCATGGATTCCTCCGATGGCGGGACGAGGGTTTCGGCGAAGGGGGGTCGGCGAGGAAATCGTGGGGATCCCGATCCGTGCGGTCACGGAAGGTGTCCGCCAGGCTGGGGGCCCCCGAGCTGGGTTCATCCAGGTACAGGGTCTCCACGCGGTGCATGGGGATGAAGCGGGTGCCCAGGGCCACCTGGTCGGCCTCGCCCCGGCGCACGAGGGTCAGCACTTCCTCCCAGGGCACGAGGTCCACGCCGCGCAGCGCGATGCCCGAGGCATCCAGCCCCAGGATCCGCCCCCAGATCCGCTCCCGCGGCGACTGGAGCAGCACCACCACGAGGTCGCCGGGACGGAAGGGCATGGACAGAGGCATGGGAAGGGCTCCGATTCGATTCTTACAGGGCCGGGCCTTCGACGATGAGACGGCCTTCGGTGAAGCCCTCCATCGCCCACCCGGGACCTTCGAAGCCGTTGCCGCTGGCCTGCACGCCCCCGAAGGGCGCCGAGTCCAAGCGGAAGGTGGGCGGAAGGTTCAGCAGGACTCCGCCGGCTCTCAAGATGGAAGCGGCCCGGCGGAGGTTCCGCTGATCGCGGCTGTAGGCGCTGGCCCTCAGGCCGAAGCGGGTGGCCGCGGCGCGGTCCAGGCCTTCGTCGAAGCTGGCCACGGGGGTGAGCACCGTGATGGGGGCGAAGACCTCCTCGCATTGGAGGGGGTCCGATTCCCCCAGGCCGCTGAGGATCGCCGGGGGCAGCAGTGCGCCGTCCCGGCGCCCCCGCAGGAGGACCTGGGCCCCGGCGGACGCCGCCCGGTCCAGGCTCTCGTCCAGCCGGCGGGCCGTGGCCTCGTCGATGAGCGGTCCGACGATCGTGGCGGAATCCATGGGGTCGCCCACGGGCAGGGCCTGCACGGCCGCCACGAACGCAGGCGCAAAGACCTCCCAAATGCCCCGGTGCACATAGATCCGCTGGGCCTTGGAGCAGCTCTGCCCCGCCCCGGCGACGGCGGCGGGGGCGAGCTGGCGGGCGACGGCGGCGGCGTCCACGCCCTCGTCCACCACCACCGCGCCGTTGCCGCCAAGTTCGAGCAGCAGCCGCTTGCCGGCCAGCACCTGCTCGAGGTGCCGGCCCACGCGCTCGGAGCCCGTGAAGCTCACGGCGGCGATGCGGGGGTCCTTAGCTAGGGCCTCCGCGGCGACGGGATCGGGCCCGGTCAGCTGCAGGAGGTGCACGGGGGCGG
NZ_AP027079.1_gap45	1827648	1829050	1402	CGGGAGTCGGTTTTCCGTCCTCCAGCGTCAAGGGAGCCTGCAGTTCCTTCTCCGCCGGGGTGGGCGGCGGTGCAGGCCGGTCCGTGCCCTGGGCCCCAAGACCCAGGCCCAGCAACAATCCAAAGGACAGCACGATCCGACGCAGCACGACAAACTCCCGACACAGTGCAGGAGAAGGGCGAGACGGATGCCAGGGCGACCCCAGCTCGGCCAGACCGGATGGGGGACCCGCACATCGAAGAGCACCCTCCAGGTGCCGATTCCTGGGTCCAGATGCGGAGATAGCTGGCGGGAGCGCCGACCTCGTCGGGCAGGGTCTCTCCGCAGGTCCAGGCCAGGCCCCCGACCCGGAAGACCTTGATCCAGCCCGGCTTCCCGGCGGATTCCGGGCCGACCCGCCCTTCGCGGCCATGGGAAAGCGGATCCGGAAGGTGCCTTTGGAGGGCGGCCGAACCTGGTTTTTCCGATTCGACACCTGTCTTCACAACGGATGTAGGATGGTGGCGACCATCCTGCATCCGGAGGTGCCCCATGGCGGTGTTCACCCTGTCGGTCAATGGCCGTTCGCACACGGTGGAGGCGTCCCCGGACATGCCCCTGCTATGGGTGCTTCGCGACCGCCTCAAGCTCACCGGCACCAAGTTCGGGTGCGGTCAGGGCCTCTGCGGCGCCTGCACCGTGCACCTGGGCGGGGAGCCGACCCGGTCCTGCATCACCCCCGTGGGCGATGTCGGGGTCCAGCGCATCACCACCATCGAGGGCCTGGATCCCCATGGAGCCCACCCCCTCCAGAAGGCCTGGATCGAGACGGATGTGTCCCAGTGCGGTTACTGCCAGACCGGCCAGATCATGACCGCCGCGGCCCTGCTGGCCAAGCATCCGAAGCCCACGGATCGGGACATCGACCAGGCCATGGGCGAGAATGTGTGTCGCTGCGGCACCTACCTACGGATCCGCGAGGCCATCCACCTTGCCGCGGGCCAGCGGAAGGAGGTGGCGCCATGAGCACCACCCGCCGCGACTTCCTCAAGACCACGGGCGCCCTCACCCTGGCCTTCGCCTTGCCGGTGAAGCTGAAGGGCGCCGCCACCCAGACGCCAGCTCCCGCTTTTGAACCCAGCGGCATGCTGCGGATCGATCCCGACGGCGCCGTCACCATCTGGGCCACGCGGACCGAGATCGGCCAGGGCGTGCGCACCAGCATGGCCATGGCCCTCGCCGAGGAACTGGAAGCGGACTGGTCCCGCGTGAAGGTCCTCCAGGCCTCCACGGCCCCACGCTTCGGCGACCTGGGCATCACCGGCGGCAGCCAGACCACCCGCAGCACCACCCAGGCCCTGCGCAAGGTCGGCGCCCAGGCCCGGGAGATGCTCCTGCAGGCCGCCGCGGACACCTGGGGCGT
NZ_AP027079.1_gap46	2004427	2005287	860	ATCCCTGTTAGGCCCTTTCATGCGCCTGTACCATTTCGTCGATAAGAATCACGGGCTCGATGATCTCCGAAAGCAGAGATTGAAAATTGCCCGTATTCATCAACTCAATGATCCTTTTGAATTCCTAGGCGTTGATCTCACGGAACCATTTTTCCGACAGGCCCTAGAAAAATCAAAATGGGATCTCTCACAATCGAATGGACTCCTCTGCTTTAGCCATAATTGGAGTAATCCAGTTCTGTGGGGTCATTACGCAGACAAACATCGGGGCCTTTGCCTTGGCTTCGACCTTCCTGATGGCCTACCACAAGAAATCACCTACATAGCGAATCGGATGCCTCAACCAAAGCAGGTAGACGAGGCTTTCACTCGAAACCTACTGTTCACAAAATTCGATCATTGGCGATATGAAGAAGAATATCGCGTTTATGTCTCACTTGAAACTGATGAGGGCGGGCTGTTCTTCTCCGAATTCGGGGAAAATCTCGTACTGCGGCAAGTGATTGTAGGTTGTGAATCTGATACGACACGCCACGAGCTTGAACTCGCACTCGGGGATCAGTCATCCAAGGTTTCCTTCATTAAAGCTCGGCTTGACTATCGAAAATTCTCCATGGTGCGCAACCATGATCACAATGCATTTGGGTAATATCTATCAGCTCGGTTGGGCCTAACCCTCCGCTCAACTCGGACCCCGCCTGCATTTCCTTCCGCTCTTTCTCCTCTTACCACTTCCTTGGCTCCGTTCAGCGCCTCGACGCAGGCGTGACCGCTTAGCCTCTTCCGTTATACGCTCGCAATCTGCCATCTCAATTATCGTTGTTATTCTATTCAACTAATTACCGGAGAGATCAAATGGC
NZ_AP027079.1_gap47	2006478	2008216	1738	TCGCTGGTAACTTGCGCCGATCTTGCTCTTTCTCGATTTTCTGATTCTCGGCTCCGCTCAGCGCCTCGGCGCAGACGGGTCCAGTTCACTTCATCCGTCAGGTATTCTCCCGGAAGCTCCATGGCCCTCGATCCCATGTCCAAGCAAGTTCTAGGCTTCTTTGGGTGGCTCGGTATCTGCTTCCTGGCCGCGGCACTTGGCGCACTCGCCTCCGTGCAAGCGGGGGCCTTCTATCAGTCCCTCGTTCGCCCCCATTGGGCACCGCCTGGCTGGCTGTTTGGCCCTGTCTGGACTGTTCTCTACATCCTCATGGCCATTTCAGCCTGGCTCGTATGGCGTGAGCACGGCTTTCGGAAAGCTGGTCTTGCGCTGTCTCTATTTCTTGTCCAATTAGCGGTGAACGCTTTATGGACTTGGTTGTTCTTTGTTTGGCGCCTGGGCAGCCTGGCCTTTGCCGAGATCCTCATGCTGTGGTTGCTGATCCTCGCCACGGCCTGGATGTTCGGGCGTCGAAGCCGTGTTGCCGGGGCTCTGCTTCTCCCTTATCTGGCCTGGGTATCGTTCGCCTCCGTCCTCACATGGGCCGTGTGGAGAAGCAATCTCCACACCCTCGGCTGACCCTCCGCTCAGCCCGGCCCCACCGACCTTCGACGGGCTCGATGCCCTGTCCTACTTTTTCTTCTTGGCGGGAAAGAGCGCAGCTTTTGCCAGGGGTTCAGCAAGCTTGCCGCTGAGTTCCGCGCCACGATGGGTGGCGCCGTGGATCACCGTCGGTTTGGCCTTCTTCGGTTTCTTGTCGTTCGACATGGCCGTTCTTTCCGAGCGTCGGCAATTCGAGACCGGGCTCCTTGTCCATCATGGGCTCGATTCCCGATGGCGCTCGGTATTTCGCCTGGAAGGGTTTGCCCTCTGGTTGGTGAAGTCAGCGCCGGTGCGCCGCGCGGCGCATCGCCCTCCGCACGAGTCCCCCCAACCATCCCATCCATGGCATCCGCGTCCGGTACGAAAGGCCCGGTCAACCGCATCCTCATGTGCCTTGGCGGAAGATCCGGGCCGTAAAGGCTTTCGTTCATTGGTGAAGCTGCGCGAAATGCCTATGTTATGCATCGGCGAAAGCCACACGAGGAGGGCGATATGAAAAACTATCACCTCGCCAAGGAAGGAAACGCCTGGGCCCTCAAGCCTGAAGGCGGCCGTCGGCCCGTGGTCCACGCGGCGACCAAGGCGGAAGCCATCGGGCAGACGCGGGTCTACATGCAGCAGCATGCGGGCTCGGTGAAGATCCACAAGGAGGATGGCCAGATCCAGGAGGAACGGACCTATCCGAGGTCCATGGATCCCCGGCGCATCAAGAGCTGAAGCCTGATCCATCCCCAGCGGTCCCCAGGTGCAGGTCCCGGCCCGGGTAGCATGGGTTTATGCTCGCAGTCCTCCTCCTCTTCCTGCTTCCCATCGGGGGCGGGATCCCGGCCGGAGTGCTGCTGGCGCAGTCGAAGGGGCTGGGCTGGGGACCGACGGCGGGGCTGTACCTCGTGTCGGACCTGATCCTGGCCCTGGCCTTCGAGCCCGTGCTCCGGGGCCTGGTCTCCCTGGCCCGGCACAGTTCCTTCTTGGCCCGATTCGGCGCCGCCCTGAGGGCCGCCATGGCCCGCAGCGCAGCCCAGGTCGGCGGCCCGGGCATGGGGCCCATCGCCCTCGTCATGGTCGCGTTCGGGGTGGATCCCATGACGGGCCGCAG
NZ_AP027079.1_gap48	2131941	2135338	3397	CCGGGCCGCGGAAGAGGTGCTAGCGGCCCTGGGCCGCCCCGGCGGCAGCTGGCGCTGACGGCTCCTGGATCCGCTCCTCCAACGAGACCGCTCCCTGGGCAGGCACCCGCACGATCCAGAGGCGGTCGTAGGTATCGAGGGTCCAGTAGGGCAGGGGCCCTTTCACCCCCAGCCCCCGGGCCACCTTCTTCACCAGGTCGTGGTGCCAGCACACGATCACCGTGCGACCCCGATGGTCGCGGAGAAGCTCGGCGGCCAGGGCCTCGCTCCCGTCCTTGGACCGCACCAGCGGAACCATGCCGAGCTTCGCCGCCAGCGGAGCCAGGGTCTGCTGGGTGCGCCGCAGGTCGGAAGTGAAGAGCACCGCGGGCCGGAAGCCTTCCAGCAGCGGCACCAGGGCCTGGGCCCGGCGCAGGCCGGCCTCGGCCAGGGGTGAATCCGCATCGAAGAGCGATTGGCGCTCTGCGTGACGGAGCAGCACCACCGTCAGATCCTGGGCGCCCAGGTTCACCGCCAGGGCGAGCAGGCAGGCCAGGAGGATTCCGCGGCGATAGCGCAACACAGGCATAGAGGCTCCGATCTTCCAGCCTAGCGGGTTGGGCACGGGACTGTGACGGCCGGCACATGCCCACGCCTGCGGGCGGACCATCGGGCCACCTGTATCCATCGTTTTTCTCACAGGGCCCCAGCGCCCGGTGGAAGACCGCCGACTCTACGGTGTGCTAACACCATTCATTGTTTTCTTTATGCATTATTTGGAATGTCTTTATTTTTCTTGACGCTCCTTTCCCCGGGGCGTGGCATGGAGGCCCAACACCCTACCCAAAGTCGATTCCACCTCCTCAGAGGAACAATCGATGTCCAGGACCGAGGCATCCCCTCTCGAACCCACCGCAGCCGAAGGCCTGTCGAGCCCCCTCGAGGCGCGCTTGGCCGCCCTGGCGGAGCAGGTCCAGTATCTGGAGGTCCGGGTCTCGGCCCTGGAATCCTCGGCGCCCGAACGCCCCGGGGTTCCGGCGGCCCTGACCCTGGAACCTGCCCCAGTCCCGCCCGCCCTGCCCAGCCCCGTCCACTTTGTGGGACTCATCGGTCGCGTCTGCCTCATCCTGGGCGGCGCCACCTTCATCCGGGCCCTGGTGGATGCGGGCACCCTCCATCGCGGCTGGGGTGTGGCCTTGGGCTTGGGCTACGCCCTGACTTGGGCGCTGCTCGCCGACCGCGGCCAGCGCTCCCTGGACTCCGCCTTCCACGCCCTCGCCTCCATCCTCATCGCCTATCCGCTGATCGTGGAATCGACCACGCGGTTTGGCATCCTGGCCCCCGGTCCCGCGGCCCTCCTCCTCCTGGCCATCACCGGCCTGCATGGCGCCGTGGCCTGGCGGCGGGACCTCCAGCCCATCATCTGGATCGCCACCTTCGCCTCCCTGGGGGCGGGCTTCGCCATGATGGCGATCCGCCAGGCCGTCGAACCCTTCGCCGCGGCGTTCCTTCTGCTGGGGGTGGCGGCCCTGTGGCTCACCTACGGGCGGCGATGGCACGGCCTGCGCTGGCCCACCGCCCTCGCCGCGGATCTCGGCGTGCTGATCCTCGCCCTGCTAGCCGCCTGGCCCGGGGGGCCACCCGAAGCGTACCGCGGGATCTCCCCGACCCGCGCCATGTTCCTGGCCCTGGCCCTGGCGGCCCTCTACATCGGCAGCTTCGCGGGACGGATGCTCCAGCGGCGCCGTGTGGTCAATGTCTTCGAATCCGTGCAGACGGCCGTCGTCCTGCTGGTGGGCTTCGGGGGCGCCGTCCGCATCGCGCTGGCCTCGGGATCGGGCGCGGCCCTGCTCGGGGGCGGCGTCTCCCTGGCGGGCGTGGGCTGCTACGCCGCCGCGGCCCCCTTTGCGGAGGATCAGGAGGAGACGCGCGCCAATTTCAACTTCTTCACCTTCCTCGCCCTCATCTTCCTCCTGCTGGGGGGCCCCATCGTCCTGCCGCTGCCTCTGTTCGCCGCCTTCAGCGGGGCCCTGGGACTGGCCGCCATGCTGGCGGGGCTGCGCCTCCGCCGGGCCGTCCTCATCCTTCAGAGCGCGATCTACCTCGTCGCCTCGTCTGCCGCCTCGGGGCTCGCCCTCTGGTCCTTCCGCGCCTTCCTGGATCCCGCCGGGGCCTCCGCCCGCCTGCCCCTCGCCGGCTTCGCCAGCCTGGCGGCCCTGGCGGCCACCCTGGCGCTGTTCCTACTGCGCCGCCCTCCCGATCCCATCGCGGCCCGCATGCGGGCCCCCGTGCTGGTGCTCGGGGCGCTGACCGCCGCGGGTTCCGGGGCGCTGGCGATCTGGGGCTGTTGTGGGGCCCTCGCCCGGGGCGCGCCCGACCCCGGCACCTTGGCCGTGGCCCGCACGGGGGTGCTGTCGGCCCTGGCCATCGCCCTGGCCTGGCTCGGGCGTCGGCTCCCCATCCTCGAGCTGCGGTGGCTGGTCTACCCGATGCTCGTCCTCACCGCCCTGAAATTCCTCTTTGAAGACTTGGCCGTGGGCCGTCCGCTGACCCTCTTCCTGGCCTTCATGTTCTTCGGGACGACGCTCATCCTCGCGCCCCGCCTGCTGAAGGTGAACCGATGAAAGAACTCGTGGTCCGTCGCCTCTCGCCCCCCGCCCGGACGGCGGGGCTCCTGGTCATCCTGGGGCTGGCCGCCCTGGCGAACCCTCCTGCTCCGCCATCAACGCCCCCCCCGACGCCGCCCAGCGCCACGGCCCAGGAAGGCATCCAGGTGCCCAAGCCCCCCTTCAGCGAGGGCATCTTCCCGTGCTCCTCCTGCCACGACGGCAAGTCCATGAAGGTGAACCTCCAGCGCCGGGAGCTCACGGGCATGCACGGGGACATCATTCTCAACCACGGCCCGGAAAGCCGCTGGTGCCTGGACTGCCACGACCCGGCGAACCGGGACCGCCTCCGCCTGGCCAGCGGGGAGCGGATCGGGTTCGACACCTCGTACCAGCTCTGCGGTCAGTGCCACGGCGACAAGTTCCGCGACTGGCGCGTGGGCGTCCACGGCAAGCGCACCGGCAGCTGGAACGGCGCCAAGCAGTACCTGCTCTGCGTCCATTGCCACAACCCCCACTCGCCGCGGTTCCAGGCGCTGAAGCCCATGCCTCCGCCCACCCGGCCCGAACAGATCCAATCCCGGAAGGGGGGTGCCCTATGACGGCCCGAGAACCCATCCAGCCCGCCGAGGGCTGCGCCTCATCCACCCCGGGCGGCGGCAGCCGCCGCGAGTTCCTCGGCACGGCCGTGGCGGCGGTGGCGACGACCCTCACCGGCTGCGGGAAGCTCAGCCACGAGGAGTTCCTCCAGCACAACTTCCGTGAGCTGTCCAAGGACGAAGTGCGCGATGTCATCGCGCGCCTCGAGAGGG
NZ_AP027079.1_gap49	2142855	2147550	4695	GCCACGGCATCCTTCTCTGGGCCCTCCGCGTTCTCTGCGGTTGGCGTTTTTGCATTTTCAAAGTCCAGGTACGCCCTGGCGCACCCGCAGGCCAGGTCGCGCACGCGCTTGATGATGCCGGGGCGCTCGGTGGTGCTCACGGCGCCGCGGGCGTCCAGCACATTGAAGGTGTGGCTCATCTTGAGGGCCTGTTCGTAGGCGCTGAGGAAGTGGCCGTGGTCCTTGAGCAGCCGCCAGCCCTCCTTCTCGAAGGCGTCGAAGAGGGTGCGGTGCAGGTCCAGGTCCGCGTGCTCGAAACTGTAGGCCGAGAGCTCGAATTCCTCGCGCTGGCGCATCTGGCCGTAAGTCACCGGGAACACGCCGTCGTCGGTCTTCACCTCACCGTGCACCAGGTCGAAGATGTTGTCGTAGCCACCCAGGAACATGCAGATGCGCTCGATGCCGTAGGTCAGTTCGGCGCTCACGGGGCGGCAGTCGAGGCCGCCCACCTGCTGGAAGTAGGTGAACTGGCTGATCTCCATGCCGTCCAGCACCACCTGCCAGCCCACGCCCCAGGCGCCCAGGGTCGGGGATTCCCAGTTGTCCTCCTCGAAACGCAGGTCGTGCTTCGACAGGTCGATGCCCAGGGCCTCGAGGCTTTCGATGTAGAGATCCTGCACCTTGGCGGGACTGGGCTTGAGGATCACCTGGAACTGCAGGTGCTTGTAGACGCGGAACGGGTTCTCGCCGTAGCGGCCGTCGGCCGGGCGCCGCGAAGGCTCCACATAGGCCACATTCCAGGGCTTGGCGCCCAGGGCGCCGAAGAAGGTGAGCGGGTTCATGGTGCCGGCGCCCTTTTCCAGATCGTAGGGCTGGCCGATGAGGCAGCCCCGGTCGGCCCAGAACCGCTGGAGGCGGAGGATCAGTTCCTGGATGTGCATGGGGGCTCGCCAAAACGAGCATTGTAGCGGGTTTTCACCACTTTGGTAAGCTCGGGGGATGCGCATCCGACCCGCCCTTCCCGCCGACGCCCGGGCCCTGGCGGTCCTCGGCGAGCGCCTGTGGCGCGAGACCTACGCCGGCCTCATTCCCGCGTCGAACCTGGAGCTGCACCTGGCTAAGACCTTCGGGCCGGACCGGCAGGCCGCCGAGCTGGCCGATCCCGCCTACCGGGCGCTGGTGATCGAGGAGGGGGACGCCCTTCTGGGCTATACCCTCCTCCGGGCCGGCGGGCCGACGGAGGAGAGAGCCTCTTTCCACTTCGTCAACCCGCTTGAGGTGGTGCGGTTCTATGTGGATGCCTCCCTGCATGGCCGCGGCGCAGCCCAGGCCCTGATGACCGCCGTGCTGAACCATGCGACTTCAGAGGGCCACGATGGCGTCTGGCTGCAGGTCTGGGAGCAGAATCCCCGCGCCATCCGCTTCTACGCCAAGGCCGGCTTCGCGGATGCCGGAGAGGCGACCTTCCGCGTGGGCGGGCAGGTGGATCGGGACCGGCTGCTGGTGCACGACTTGATGATCCGTCCACTGTGATGGCCGTCCGGCCGACACCTTGCTAGAATCCCGGTTTCCCGGGGATCCGCATGACCCGAAAAATCGCACTCCTGGCCATCGGCGGCAACGCGCTTCTCAAGGAGAAGGAGCGCGGGCTGCAGGAGGAGCAGCTGGAGAACGCCCGGGAGACGGCGGAGATGCTGGCGCGGGTCGTGGCCGAGGGCTACGCCCTCTGCGTGGTGCATGGCAACGGCCCCCAGGTGGGCAACCTGCTCATCCAGCAGGAGGCCGGTTCCGGGCAGATCCCCCCCTACAGCCTGGACATCTGCGGCGCCATGACCCAGGGGTCCATGGGCTACATGCTGGAGCGCATGCTCATCAACCGCCTGCGCTTCATGAAGCTCGACGCCCCGGTGACCTCCGTGCTCACCGAGGTGGTGGTCGACAAGGAGGACAAGGGCTTCCAGGACCCGACGAAGCCCGTGGGACCGTTCTATCCCGAATTCCGCGCCCTCGAGCTGATGCGGTCCAAGCGCTGGAAGATGAAGGAGGATTCGGGCCGCGGCTGGCGCAAGGTGGTGCCTTCGCCCAAGCCAATCGAGATCGTCCAGCTCGACGCCATCAAGACCCTGCTGCAGTCCGGGAGCTCCGTGATCGCCGGCGGCGGCGGCGGCATCCCCGTGATCCGCGATGCCAGCGGCCTGCTGGTGGGCGTGGAGGCCGTCATCGACAAGGACCGCCTCAGCGCCCTGCTGGCGGCCCAGCTCGGCGCCGACCTCTTCATCATCCTCACGGGCGTGGCCAAGGTGGCCCTGGACTTCGGCAAGCCCACCCAGCGGTGGATGGATCGCATCACCGCCAGCGAAGCCCGGAAGCATCTGGCCGAAGGCCAGTTCCCGCCGGGCAGCATGGGCCCCAAGATCGAAAGCGCCCTTTCCTACCTGGATGGTGGCGGCCACGAGGTGCTCATCACCACCGCCGAGGCCCTGGCCACCGAGGATCCGGCGACCGTGGGCACGCGGATCGTGCGGGACTGACCTTCTGGAGCCACTCATGTACGCCATGATCATCGTCCGCTACCGCCGCCCCCTGCCCGAGATCGAGGCCGTCACGGAAGCGCACCGCGCCTACCTCCGGACGCTGCAGGACCAGGGGATCCTGGTGGCTTCCGGCCCCCTGGATCCCCGGTTCGGCGGCATGTGGCTGGTGCGGGTCCAGGATGAGAACCCCCTTGCGGACCTGGACGCCCTCCGCGACGGTGATCCCTTCCACCAGCACGGACTGGCCAACTATGAGCTGCTCCCCTGGAAGGTGATGCAGGGCAAGGAAGGGTTCGACCGGATCTAGGCCTCCACTGGGCGGATGCCGAGGTCGGCGATCTTCTTCTGGATCTCCTTCATGCTGAAGGGCTTCCGCAAGCTGGCCACGCCGGGGTTCTCCTCCAGCAGCGGCGCGATCTCCTGATCGCTGTAGCCCGTGGCCATGAGCACCGGCAGGCCGGGCCGGAGATCCCGGATCCGGGGCAGGGTTTCCGGGCCGCTCAGGCCCGGCATGTTCATGTCGAGGATCACCAGGTCCACCGGGAGGCCGCCCTGCAGGAGCCGGAGCGCCTCCTGGCCCTCGGGCGCGGTGGTCACGGCATGGCCCAGCATCTCCAGCATGGGCGCCACCGATTCCCGGATCAGCTCGTCGTCGTCCACCAGCAGCACCTTCAGCGGGGCCTGCTCGGGCTTCGGCAGGTCCTTGGCGGCCGACGGGGGCGGAGCCGGCCGCTCCACCCGGTGGGCGGGGAAGCGGAGGGTGGCTTCGGTGCCCGCCCCCGGCTCGCTGGCCAGGTCCAGAGCGCCGTCATGGGCCTTCATGGTGCCGTAGACCATCGCCAGCCCCAGGCCAGTGCCCTTCCCTTGCGGCTTGGTAGTGAAGAAGGGCTCCATGGCCCGGGCCAGCACCTCCGGGCTCATGCCCTGGCCCGTGTCCTTCACGCGCAGCTCCAGGCCGCCATCGGCGGTCTCCCGCGTCGAGATGTGGAGGACGCCGCCGCCGGGCATGGCGTCCATGGCATTCACGCAGAGGTTCATGAGCGCATGACTCAGCGCCCCGTTATCGCCCCGCACCAGCCCGAGCCCATCCCGGAGGTCCATCCGGAGCTGGACGCGCTTGAGCATGGTGTAGCTCAGGAGGTGGCTCATCTCGGTGACCAGGGCATTGAGGTCGATGAGCTGCTCCTCCTGGAGGTCCTTGTGGGCGAAGTAGAGGAGGCTCTTGACCACGCCGCGCCCGCGGAGGCAGGCGCTCATGATCGTGTCGAGGTTCTTCGCCGAGGAGGAGAAGGGATCCGCCGCTTCCCGCAGCGTGGAGGCCAAGCCCAGGATGGCCCCCAGCACATTGTTCATGTCGTGGGCCACGCCGCCGGCCAGGCTCCCGAGGCTCTCGAGCTTCTGCGACTGATGGAGCTGGGCTTCCAGGGCGCGGCGCTCCTCCTCGTCGCGCTTCCGCTGGGTGATGTCTTCCTTGATGGCGATGTAGCTGGTGAGGATGCCCGCCTCGTCCCGGACCGGGGCGATGGTGGCCCGTTCGTAGTACGGCTCGCCCCCCTTCTTGAGGTTCTCGAACTCGCCCACCCACACCTCGCCGCGCGCCAGGGTCTCCCACATCTGCTGGTAGTGCTCGGGCGGCGTGACGAGGGATTTCAGGATGCGGGGATTCTGCCCGAGGGCCTCCGCGGCCGAGTAGCCGGTGATCGCCGTGAAGGCGGGATTGATGTACTCGATGGTCCCCTGGGGGTCGGTGATCACGATGGACAGCGGATTCTGCTCCACCGCCACGGAGATCTTGCGCAGCTTGGCTTCCGATTCGCGCCGCCGATCCTCGCCCGCCAGGTGATCCAGGGCGAAGGAGACATCGCCGGCCGCCTCCTCCAGGAGCGCCACTTCATGGGCGCCGAAGAAGTCCTTCTCCGAGGAATAGACCATCAGCGCCGCACAGACCTCCCCCCCCAGCCGGATGGGGAAGGCCGCCGAGGCCGCGTAGCCGCACCGGACGGCCGCCGCATGCCAGGGGGCCGAGGTAGAGGTGCCCAGGAAGTCGTTCACGACGCAGGGGCGCCCTTCGCGGATGGCCGTGCCGGTGGCCCCGCGGCCCAGGGGCGTGTCGTCGCTGCGGATCTGCAGGCCGTCGAGGTAGCCGTGGGCGTCTCCGTACTGGTTGAGCACCCGCACCTCG
NZ_AP027079.1_gap50	2335477	2340168	4691	GGATGGCGGCTACAACGACATCGGTCTGCGCGTCCTCGGCAACGACGGCACGGCCAACTTCAACGCCTTCATCCTGCGCGGCTTCGGCGATGGCCGGCTGGCGGGCGGCCGCCTGGGTTTCACGCCCTTCGGGAACCCCTTCTCCCTCCGGGCCGTGCGGGATCCCAAGTCCCTCGAGTTCGGGGTCTCCTGCCTCTATGACACCGGCGCCGACCGGAGGAAGCGGGAGATGGCCTGGGCGGCGGATGCGGAAGGCCGGGTGGGGCCCTGGTATCTGCGGGGCGAATATCTCCTCCGGCGCCAGGAGCCCGATGGGGGCAGCGAACGGATCACCCGCCGGGGCTGGCACCTGACGCAGGAATTCGTCTTCGCGGACCTGCCCGCGCCCACCACCCTGTTCCTGCGCTACGAGCGCATGGGCCAGCTGCCGGCGGATGGCCAGCCCGGTAGCGACCACGATGTGCGCGCCGCCGCGGGACTTTCCCTCACCCTCGCCGGCATCTTCCAGCTGAAGGCCGAGTGGCAGCACTTCCTCGAGGCCACCACGGCCACCCGGGACACCCCTGCCTTCAGCCCCAATGTCTGGCTGGCCCAGCTGGTGGTGGTGTTCTGATGCGTGGCCTCCGGCTGTCCGCCCTCCTCTGGAGCGTGGCCATCTTCGCCCAGGCGCCGGACGACATGCCGGGGCGGATGGCGCTGAAGGACCCGGCCACCTGCGCGCCCTGCCATCCCGAGGACGCCGCCGCCCGGTGGACCTCCCACCGCGAGCAGCCCTGTACCGCCTACTGCCACACCTGCCACCTGGCCGCGGACATGGCCAAGCACCACGCGGTGGACAGCCTGCTCCGCAAGTCCCTGAATGCGAAGCTGCCGCTCACCGCCGGCCACCGCACCGCCTGTTTCACCTGCCATACCCTGGCCCAGGCCCGCTACGACCGCGTCCGGTGGAAGGCCGAAAGCCTCTTCGGCCGGTTGTTCCGCCGGGAACCCCGCCAGAAAACCTACTTCCTCGTCACTCGCAACGATCGCGGGCAGCTCTGCCGCGCCTGCCATTGAGGTCTGCCATGAGCCAGGGCCGACAGCGCCGCATCATCCTCATCGACACCCGGTTCCAGCTCCGTCTGGCCGGGGCCTTCGTCCTGCTCCAGGTGGTGCTCACCGGGGCCTTCGCCTTCGGACTCTATGTCTTCATGGACAGCGAACTCCAGGCGGGCCTGGCTTCGGCCCACGCCGCCTACCGTTCCCTCGATCAGATGCTCCTGCCCCTGGTCCTCATCCTCGCGGGCTTCAGCCTGGCGCTCTCCACCACCCTGGTGACGGCCTTCGTGGTGATTCTGAGCCACCGCATCGCGGGCCCCCTCTATCGATTCCGCCTGGTCATGGAAGGCCTGGCCGAACGGCAGCTCGCGCCCCATGCCCGCATCCGGCCCGACGACCAGCTGGGTGTCCTGTCCGAGGCCACGGGCCGCGCCCTGGAGATCCTCCGGTCCGATCTGGCGACCCTGCGGACCGGCCTCGACCAGGCCCGGCAATCGGTGGCTGCGGGCGATCTTCCCTCGGCCGCCCGGGATCTCGCCGATCTGGACGCAACGCTTTCGCGGTGGTCTCTTGGCGATTCCGGCAGCCCCGAGTGATCCCGATCACTTCATGACCTTAAGGTATTGTTTTGTTCGATTTTGATACTCAATATCAAAATCATGAAACGATCATCCTCCTCCCCCCTCGCCCTCGTCCTGCTGCTCGGCGCCTTCTTGGGCCACGCCCTCGGCGCTCAGGAGCCCTCCCGCCCCACCCCCATCCAGGACAATTCCTTCCTCCTGGAGGAGGCCTACAACCAGGAGGCGGGCGTCATCCAGCACATCCAGACCTTCTCCCGGCTCCAGCGCAGCGGAGATTGGGTCTACACCTTCACGGAGGAGTGGCCCTGGGGCGGCCAGCGCCATCAGCTGAGCCTCACGGCCCCGCTGCAGCGGCTGGCCTCGTCGCCCGACGGCGGCCGCCGCGGCATGGGCGACCTCGCCCTGAACTACCGCTATCAGGCGCTGGGGGATGGCTCGTCGGTGGTGGCCTTTGCCCCGCGTCTTTCCGTCCTGCTGCCCACGGGCAACCACAACCAGGGGCGCGGCAACGGGAATCCCGGCCTTCAGGTCAATCTGCCCCTCAGCGTGGTGCTCGGCGATCAGTTCGTGACCCACATGAACCTGGGCTACACCTACACGCCCCACGCCAAGGACCTGCTCGGCCACCAGGCCGACATCGGCACCACGAACATCGGCCAGAGCTTCGTCTGGCTGGCCCGGCAGGATGTCAACCTGCTCCTGGAGTTCGCCTACACCAGCGGCGAGGTGGTGGCGGGCCCGGGGGTCCGCCAGCCCACCCAGAGCGCCTTCATCTCCCCCGGCATCCGCTGGGCCTACACCTTCCCCAGCGGCCTCCAGGTCGTGCCGGGCATCGCGGTGCCCATCGGCGTGGGCGCCAGTCGCGGCGAGAAGGCCATCTTCCTCTACTTGAGCTTCGAGCACCCCTTCACCAGAGGGAAATGACCCGGCCTCAGAATTTCCACTTCACCCGCGCCGCCAGGGTGCGGGGCGGGACGACATGGGTGCCGCCGAAGGTGCTGAGGAAGTTGTAGAGGCCCCGCTCGTCCGTGGCGTTCAGCAGGTCCAGGCCCATGGCCAGGCGCCGCCGCCCGGAGATGGCCCACTCCTTCCCCAGGCTCAGGTTCCAGGTGGTGCGCGGCTTGATCCGCCAGGTGCCCTCGGAGTCCTTCCGGACATACCCCGCGCCGAAGGCGTAGTCGGGATTCCCGTCGACCTGGACGGGATCGCTGGCCACCAGGCCCGAGTCGTAGCGGCCGATCACCTGCGCCGTGAGCCCCTCGTGCTCGTAGGTGAGACCTGCCTGGGCGCTCAGCTTCTGGTCGTGGTCGATGAGGAAGCGCTCGCCGGCCGCGGCCTCGGGCGCCTCCAGCTGGAGTCCGCCCACCAGGGGCGCCTGGAAGATGGCCCGGGTGCGGCCCAGGCTCAGGTAGGCCGACCAGCCCTTCACGGGCACCAGGTCCAGGCGCAGGTTCATGCCCCGGAAGATCCCCCGGTCGGCGCCCACCGGGAACAGCAGGCCGGTGTTGAGGAACTGGGCGTTGTCGCCCGCGTTGCGGCTCTGCTTCTCCCAGTACTCCACCATGAGGCGGCCGGCCTTGCCCAGCTGCTGCTCCACGCCGTAGCTGTACGAATGCTGGCGTTCAGGCCGCAGGGGCTGTCGGGGCGTGCCCGCGTAGGGCCCCAGGTCCCAGGCCTGCTGGGACAGCGACAGGGCCAGGTTCTCGTGCTCCCGCAGGATCATCAGGCGGTCATAGGAGGCGCGGAAGACGGTGCCCGTGGCGTCCACGCGGTAGCTCAGCCCCAGGCGGGGCTGCAGCAGGTTGTCGGAGAGGTCGGCCACGGTGTAGGTGTCGTGGCGGAGGCCCAGCGCCAGGAAGAACGAGCCCAGGTGGATGTCGTTCTGGAGGAAGGCCGAGGTCAGCGTGGGGCGCAGGCTCGCCTCGAAGCGGAACAGGTTCCCGCCGCCGGCGGGGGTGTAGGGGTACAGGGGATCCGAGGGGCCCGCGGCCTGGGCATCCTCGGTGAGGGCAAAGCTGAACCGTTCGTGGAGGGGGAAGGCTATGCGCTGGAGCCCCACCTTCAGCAGGTTCTCCTGGCCCCACCGCTGCGTGAAGGACACCTGGACGCCCAGGTTGTCCAGGCTGCGGTCCTGCTTCGCCCAGTACGGAACATCGCGGTGGCCGCCCGCCGTGAAGCCGTCGGCCAAGTCTTCGCTGGGCTTCAGCTCCGCCCGTGAGGCCCGGAAGAACAGGGAGGCATCCAGGCTCTGGCTCGCGCTGAACAGGTGGGCCCAGGCCAGGCTCGCATTGAAGTCCGAGGTGGCGGCGCGCTGATCCTGGCCCCGCAGTTGCTGGGAAGCCAGGTTGACCACCTCGCGGTCCGTCCGGCCCCCGGACAGCGAGAACCGCAGGGTGTCCCGGCTGCCGAGGATCCAGTCGAAGCGCGAGAAGAGCCGCCCGGTCTTCCCGTGGTTGTGCAGGTTCTCGAAGTTGACGGGGTCGAGGAACCGGTCGCTTTCGCTGGCGGCGGCACTCACGAACCAGCCGAAGGCGGCCTTCCCGCCCCGCCCATTGAACCCGGCTTCGGAAGTGTTGAAGCGCGAGACGCCGAAGGAGGCCTCACCCTCGAACCCATCCGGAGTGCCGAGCCCCGACTTGGTGGTGAGGTTCACCACCACCACGGGCTTGCCGCCGTACTCCGCCGAAATGCCGCCCGTGATGACCTCCATGCTCTCCACCTGGGAGGGATCCAGGCTGTTGCTGAAGGAGGCGTGCATCTGATCCGAGACGGGAATGCCGTCCACCACATAGGTCATCTGCCCGTGGCTGCCCCGGAAGTGGAAGCGGCCGTTCTCGTCGGCGATGAAGCCCGGGGTGGTGAGCAGGATGCTCTCCATGGCCCGGCTCTGCACGGCCGCCGGGGTGCGCTCGATGGTCGTCTTGTCGATGTCGATGTGGGTGCTGGGGTGATCCTCCACCAGCCGCAGGTTCTCCTCCACCACCACCACGGCGCCTTCGGGCTTGAGGCTCACGGTCACCTGGAGGGGCAGCTGGCTGTGGATGTCCACATCGAGGTGGCTGGGCATCAGAC
NZ_AP027079.1_gap51	2442696	2445706	3010	CACACCGCCCAGCGCCTCTGCCGGGCGCACGACCGCCTCTACCGCTACGGCGGCGACGAGTTCTGCATCCTCATGCCCAGCACGACTTCCCGGGGCGCCCGGAAGCTCGGCGAGCGGCTGCTGCAGACGCTCCGGGAACAGCCGGTAGCGTTCGGCTCCAACCACCTCGCCATCTCCCTCAGCGCCGGCGTCGCCGCCTTCCCCGAGCATGCCGACGGGGCCGGCCACCTCATCGAACAGGCCGACCGCGCCCTCCTGCGGGCCAAGGAGGAAGGCAAGGGACGGGTGGTGATGGCGCGCTCGTAGACGCCCCTAGGCCGCCGGGTCGAGCCCCTGCAGTCTACTTCCGCTTCTTCTTTCCGCCCTTTTCCGAACCGAACACCTTGGCGAGGAAACCCTCCCCCTCGCCCGATGCGGCCTCGCCGTCGAGGCTGCGGCGGAGCTGCTCCACGAGCTGGCGCTGCTCGGCGCTGAGCGACTTCGGCACCGCCACCCGGAGGTGGAGGTACAGGTCGCCCCGCCCACTGCCCTGGAGACGCGGCACGCCGGCATTCACCAGCTTCACGACATGGTCCGCGGGAGTGCCGGCCGCCAGCTTCACCTTGTCCGCGCCGTAGGGTGTCTCCACTTCGAGCGAGCCGCCGGTCACCAGCAGGGGCCAGGAGACCTCCAGCCGCTGGTGCAGGTCGCTGCCGTCACGCTCGTAGCGCGGATCCGGCTCCACATCGAACACCACATAGAGGTCGCCGGTCCGGCCCCCGAACCGCCCGGCCTCGCCCTGGTTCTGGAGTCGCAGCCGGGTGCCCCGGTCCACGCCCGCAGGGATCTTGAAGCTGACCTTGGATTTGCGGTGGCTGCGCCCCTCGCCGTGGCAGGTCCGGCAGGGCTTGGGGATGATGCGGCCTCGGCCTTCGCAGCGCGGACAGGGGGTGAGCATCTGAAAGAAGCCCTGGCGCACGGCCACTTGGCCCGCCCCCCGGCACTGGGGGCAGGTTTCGGGGCGGGATCCCGCCTCGCAGCCGGAGCCATGGCAGGTGTCGCAGGCCTCCAGCCGGGGGATGCTGAGTTCGACGGAATCCTTGCCGAAGATGGCGTCGCGGAAGCTGAGCTTCAGGTTGTACTGCAGGTCCGAGCCGCGCTCCTCGCCGCCGGCCCGGCGGCGGCCGCCGCCCCCCCCGAAGAGGTCGCCGAAGAGGCCGCCGCCGAAGAAGCTGCCGAGAATGTCCTCGAAGTCCGCGAACTGGTTCGGATCGAACTGGAACTGCTGGCCGCCTCCCCCCGCGCCGCCCAGGCCCGCGTGGCCGAACTGGTCGTAGACCTTCCGCTTTTCGGGATCGGACAGCACGCTGTAGGCCTCCGCGGCCTCCTTGAACTTCTCCTCCGCCTCCTTGTTGCCCGGATTGCGGTCGGGGTGCAGTTCCATGGCCAGCTTGCGATAGGCCTTCTTGAGCTCGTCGGATCCCGCTTCCCGGGTGACCCCGAGAACCTCGTAGTAGTCTCGCTTCATGCATCCATCCTGGGTTCCAGGATAGCCGATGACGCGGGACTAGTTCGGGGGCGCCGCGCCCTCGCCCTCGCCGTCCAGGGAAGCCATCATGGCCTCGCTGGCGGCCAGGACAGCATCGGTCAGCAGATCCTGGGCCTCTAGCAGCTGCCCCTCGCAGGCGCGGAGCGCCTCGGAATCCTGGGCGGCCACGGCCTGCCGGGTGCGGGAGAGCACATCCCGGACCATGACCTGCTGATCCTCGGTCAGGTACTTGCCGCACTCGGCAAAGCTCTTGTCGCAGGAGAAGATCAGGCCCTCGGCCGAGGCGATGTATTTCAGGGCGTCCCGCTTTTTCACATCGGTTTCGGCGTTGGCCATGGCCTCGCGGATCATGCGCTGGATCTCCAGCTCGGAGAGGCCGGAGCTGGGGCGGATGCTCATGCTCTGCTCGAGGCCGGTCATGAGGTCGCGGGCGGAGACCTTCACGATGCCGTTGGAGTCGATGTCGAAGGCGACCTCGATCTGCGGCACGCCCTTGGGCAGCGGGGGGAGGTTGATGAGATCGAACCGGCCGAGGCTCTTGTTGTGCTCGGCCAGCTCGCGCTCGCCCTGCAGCACATGGATCTCCACCCGGTTCTGGTTGTCCGTGACCGTGGTGAAGGTGCGGGCGTCGCGGGTGGGGATGGTGGCATTGCGCTGGATGATCTTCACGAAGCCGCCGCCCTGGGTCTCGATGCCCAGCGACAGGGGGGTGACATCCAGCAGCACCAGGTCCTTGATGTCGCCCTTGAGCACGGCCCCCTGGATGGAGGCGCCGGAGGCCACCACCTCGTCGGGATTGATGCTGCGGTTCGGTTCCTTCCCGAAGAAGTTCTTCACCAGCCGCTGCACGAGGGGCATGCGGGTCTGGCCGCCCACCAGGATCACCTCGTCCACCTGCTTGGCGGTCTTGCCGCCCTGCTCCAGGGCGTCCTTGATGGGAATCAGGGTCTGCTCCACCAAGGCCCCGGCCATCTCCTCCAGCTGATCGCGAGTGAGGGCCGCCTCGAGATGCTGAGGACCGCTGGGCCCCTGGGCGATGAAGGGCAGGCGGATCTCCACCCGGTCCAGGGTGGACAGCTCGCACTTGGCCTTCTCGCTGGCCTCCTTGAGCCGCTGGAGGGCCATGCGGTCGGAGGAGAGGTCGATGCCGGTCTTGTCCTTGAACTGCTGCACCAGCCAGGCCTGGATGGCCTGGTCGATGTCCTCCCCGCCGAGGAAGGTGTCGCCGGCGGTGGCCAGCACCTCGAAGACGCCGTCGTTCATCTCCATCAGCGTGAAGTCGAAGGTGCCGCCGCCGAAGTCGTAGATGGCCAGGATCTGCTTCACGCCTTTCTTGTTGAATCCATAGGCGAGGGCCGCGGCCGTGGGCTCGTTGATGATGCGCTGGACATTCAGCCCCGCGATCTTGCCCGCATCCTTGGTGGCCTGGCGCTGGGCATCGTCGAAGTAGGCCGGCACCGTGATGACGGCATCCGTCACTTC
NZ_AP027079.1_gap52	2450054	2454150	4096	CGGGCCGATCGCTCGGCCCGTCCTTCGGAACATCGCAGCTAGGCTTCGGTGGTCGGCGCGACTTCGGGCGTGGCCTCGGCAGGGGCCGCGGCTTCCTTCTTCGCGTACTTCTTGTTGAACTTCTCCACGCGGCCTTCGGTATCCATCAGGCGCTGCTTGCCCGTGAAGAACGGGTGGCAGGCCGAGCAGATTTCCACGCGCAGCTCCTTCTTCGTGGAGCGCGTCATGAACTCATTGCCACAGGCACAGTGGACTTTGACTTCGTGCAGCTCGGGGTGAATCTTGTCCTTCATCGCTTCCTCCTGGGACCGACCGGATGCCCCCATGAGCGGGGTATCTGCACGCGGCTTGTCCACGCAAGACGAACAGCTTACCGCCGAATCCCCGGTGGCTCAAGGGGGATTCCCGGGGCGGAGGGGTGATCAGGCCCTTCCCTACCCCTGTTCCTGGGGCGTCAGCACCCAGCGCTCGGCCAGGAGCCGCTTCAGCTTCAGGGCTCCCATCACGCTGAGCAGCAGGGTGGCGTTGAAGCTGAGTTCCAGGGGCACCTTCCACCACTGGAAGCGGACCCGACCCAGGAAGCCGGCCTCGAGGATGAACATGAAGGCCGTGAAGAGGACGGGTTCCAGGACGGTCTGCCAGAGGGGCCGCTCCTGGCTGTGACGCTCCAGGAGGAAGCCCGTGTAGGCCCCGTAGAGCAGGCGGGTGGGCTTGAAGCCGTGGTGGGTGGTGAAGCCCAGGGGGATGGACAGCAGGGAGGTGATGAGGACGGCCACCGCTGTGCGTGCCCAGGGATTCAGGCGGAGCCAGTGGCGGCGGACCCAGAAATAACCCGTGCCCACGGCCAGGCCCTGGGCCGCGGCAAACGCCAGGCTGATGTACCAGCGCCAGCCCTCGAACCACATGTGCGCACCGGTGGCGAGGCCGATCATCATGCCGGCGGCCAGGGCCGTGCTGCCCCGGTGGTTGGCGTCCTGGCCTTCCCCGGCGGAGAGTTCCTCGGCCAGCAGGGTGGGGTGCTCCTTCTCGGAAAGCATGGCCGACATGCCTGCTTCGGAGTCGATGCCCCGGGCCTCGGCCTCATCCCTGAGGTGCGCTTCCAGCTCCCTCAGGAGGGTGAGCCGACGCCTCCGGGTCAGGCCCTTGAAGCCCGAACCCACTTGGGAGAGATAGGCTTCCAGCGCCCGGGACACGGGGATCTCCTGAGCCTAGACCTTGGGCCCCACGAAGGCCTGGACCATGTCCACGAACTGGTTCCACTCCTTCTTCTTGGCCGTCAGGAAAGCATGGCCGGCGGGCTGGATCGCGTAGTAGCGCCGCTCGCGGCCGTTCTCCTGGGTTTCCCAATACGAGGCGATGAACTCGGTGGCCTCCAGCTTGTGGAGGGCCGGGTACAGGGCCCCCTCCTTCAGCGTGTAGGTGCCCCCCGTGCGCTGGCGGACCGTCTCGATGATCTGGTACCCGTACATGGGCCCCTCGCAGAGCAGCGACAACAGCAGCAGGGGTGTGCTGCCCTTCAGCAGTTCACGGTCCACGGGGTCCTCCGGTTTAGGGCACTTCGATGCCTTTAATGTGCATCGCAAAGTGAGGTCCGTCAAGCCATCCCCTCGTGATCTCGGCAAAACCTGCACGAAATTCTGATCCTTCGAGTGGGCTTCAGGACTGACGGAAGGGTCTCTTCGTCTGGCGGAACAGGCGCCCCAGCCCCCAGGCGAGCACCACCATCGGCAGGGGAACCACCAGCAGCCAGGCCGCGCCCGCATGCCAGAGGCTGGTCCAGAAGAGGCCCAGCGCCCCCCAGGCATCCGCCTTTAGCGCCTCCTCGAGAATGGGCAGGGAAAGCGGCAGGCGCGGCGCCCCGAAGAGCCGCTCGCCTAGGCGGATGAAGGGGATGAGCAGGGCCAGCTGCAGGGGGTAGGCCAGGTAGTTGGCCACCTGCATGGCGGGCTGGTTCAACCGGAAGGCGGAAGCCACCCCCAGGCAGAGCACCGTGGAAGTGCCATACAGGGGTGTGATCCCCAGGGCCAACCCCACCGCCACGCTCCAGGCCAGGGCCTCCGGGCTGAGGCCCTTCCGGAGCAGCCCGAGCAGCGGATCCCAGATCCGGGCCTTCAGCCAGGCCCTCATGCGGCCACCGGCAACCCGTGGACGGGGACGACCGGCGCGGCGAGAGGGGCATGGAGGCGGCTCATGGGCCCTCAGGGTAGCCGGGCGAAGGGACCTTGGCCTCCGAAGCCAATGGTCGCCGGAGGCCAAGGGAGCACTGGGCCTTTTCATGCCGCAAGTCGAAGGGGGGCCGCTCGGCCCCCCTTGACTCAATTGGTGTACCCGACTGGGGTCGAACCAGCGACCTTTGGCTTCGGAGGCCAACGCTCTATCCAGCTGAGCTACGGGTACGAGGGGTACTGCGACTACGACGACCTTTCATCATGGCCGTGAATGGGTGGCAGTTCAAGGTCGGGGCCGGGGCGGCGCTCCTCAGCCCGGGCCTCCCACCGTCCGGCGCCGCACGCCGCCGTTGGTTTCGGCGAAATAGCGGCGGACGCCCAGGGTGATGGCCTCGGCCACCTTGGCGCGGAAGGCGGCCTCCTTCAGCTTCGCCTCTTCCTTGGGATTGGAGATGAAGGCGACCTCCACGAGGACCGCGGGCATGGCCGCGCCCCGGAGGACGATGAAAGGAGCCTGCTTGACGCCGCGTTCCTTGATGCCCGCCAGGCGGTTGAGCTGGCCCTGGATGGCCACGGCGAGGCGCTCGGAATCCTGGAGGAAGGCCTTCTGGGCCAGGTCGTCGAGGATGCTGGCCACCACGCTGTCGGGGCTCCCGGGGCCCGCCCCCGCCCCGGCGTTCTCCACGGCCACCACCTCGTCGTCGTCGCCCTTGCCCAGGCTCAGGAAGTAGACCTCGGAGCCCCGGGCGGCGCGGGCCCGGGCGGCGTTCAGGTGGAGGCTGATGAAGAGGTCCGCGCCCTGGGCGTTGGCGGCCCGGGCCCGGTCCCAGAGGGGGATGAAGGTGTCGTCGTCCCGGGTGACGGCGGCCTCGAAACCGGCGGCCTCCAGGCGGGCGGCCACGGCCCGGCCGATCTCCAGGGCGGCGGTCTTCTCCTTCAGGCCCCTGGGGCCCTTGGCGCCCCCGTCATCCCCGCCGTGCCCCGGATCCACCATGACCTTCAGGCGCGGAGGATGGTCCCCGGGATGGCCACCGGGGGGGGCGGGTTTGGGAGTCTGCGCCCAAGACAGTAGGCTGAAGGTGAGCACCAGCGTGCTCGGGAGTCGGATCATGGCCCAGTCGGTGAAAGGTATGCGGGATCTCTTCGGGGCGGAGCTGCGGTGGTTCCAGCATATCGAAGAAACCGCCCGCCGCGTGTTCGGGCGCCACGGCTACGGCGAGATCCGCACCCCCATCCTGGAAGAGCTCGATGTCTTCAAGCGCAGCGTGGGCGAAAGCTCCGACATCGTGAACAAGGAGATGTACGAGTTCACGGACAAGGGCGGCCGCCAGGTGGTGATGCGCCCCGAGAACACCGCCGGCGTGGTGCGGGCGGCGATCCAGCACAAGCTGCTGACCTCCAACGATCCCGTCCTGTTCTATTACATCGGCCAGCAGTTCCGGTACGAGCGCATGCAGACCGGCCGCTACCGCCAGTTCTGGCAGATCGGCGCCGAGAGCTTCGGCGTGGCCACGCCGGAATCCGAAGCGGAGTCCCTGCTCATGCTCCACGGCTTCCTCACGGAGCTGGGCCTCAAGCACCTGGTCTTCTCCATCAACAGCGTGGGCACGCCCGAATCCCGGCCGGCGTTCCACGCCGCCTTCCGCGCCTTCTTCGCGGCCCGGGAGGCGCAGTTCTGCGAGGACTGTCACCGGCGCATCGAGACCAACCCCCTGCGGGTGCTGGACTGCAAGAACGAACGGTGCCAGGCCGCGCTGGAGGGGCACCCGGTCATCACCGATCACCTGGACGAGGCCTCCGCGAAGCACCACGCGCGGCTGAAGGCCCTGCTCACGGAACTGGGGATCCCCTTCAAGGAGGATCCCCGGCTGGTGCGCGGCCTGGACTACTACACCCGCACGGCCTTCGAGGTGCTCAGCTCCGACCTG
NZ_AP027079.1_gap53	2588203	2589704	1501	GTTTATAACCTGTCAAGGTGGATTTTTGGGTTATCATTTAGGTGTGGACGAAACCCCTGCACTGCCTGCCCAAGGCCCCTTCGAGCTGTCGGGGGGCGATCTCTGCCTGGATTTCGTGAACACCTGGGGTGACCGCGGCCGGCCGGAGACGGATGGGCTGCGGACCTATCCGCAGCTGGTGGCCTTCGCCCGGCAGACCGGCCTGATCGACCCCGCGGGCGAGGCCGCACTGATCGCCCGGGCCGCCGCCAAGGCCCCGGCGGCCTCGACTGCGATCGAGGCCGCCCGGAGCCTGCGCGAGGCCCTGTACGGCGTCTTCTCGGCCCGGGCCCAGGACCGGGAGATCCCGGGCCGGGACCTGGCCCGGCTCAATGCGGCCCTCCGGGAAGCCCTGCCGAACCTGCGCCTCAGCCTCCAGGGGAAAGCGCTGGTCTGGCACTGGCGGCCCGATGCCGCCGCCCTGACCTCGCTCCTCTGGCCCATCGCCCGGGCCGCGGCGGACCTGCTCACCCAGGCCACGGCGCCCGTCCGGGAATGTGGGGGGGCCCAGTGCACCTGGCTGTTCCTCGACCAGAGCCGCGGCCGGTCCCGGCGCTGGTGTTCCATGGCCAGCTGCGGCAACCGCGCCAAGGCCCGCCGCCACTATCGCCGGACCCGATCCGACTCCCCGGAGGGAAGCTAGACCCTCCCGGGTCCTCTCCCTGGCTCCGGGTAGGCCCGGCCAGGCCCTACACTGGCTCCACTGACCCGGAGCGCCCGTGCCCTACCCCCACCTGCTGGCTCCCCTCGACCTCGGGTTCACCACGCTGCGCAACCGCGTGCTCATGGGCTCGATGCATACGAACCTCGAGGAGGCCAAGGACGGCTTCGCCAAGCTGGCGGCCTTCTATGCCGAGCGGGCCCGGGGCGGCGTGGGTCTCATCGTCACGGGCGGCATCGCCCCCAACCTGCGGGGCCGCCTCACGCCCTTCGGTTCCCAGCTCTCCTGGCCCTGGCAGGTGGGCAAGCACCGGAAGGTGACCGAGGCCGTCCACGCCGGGGGCGGGAAGATCGCGCTGCAGATCCTCCATGGCGGGCGCTACAGCTACCACCCCCTCAGCGTGGCGCCTTCCCCCGTGAAGAGCCCCATCACCCCCTTCAAACCCCGGGCCCTCTCGGAACGCGGCATCCGGGCGACCCTCCGCGACTACGCCCGCTGTGCGGCCCTGGCCAAGCAGGCCGGCTACGACGGCGTGGAGATCATGGGCAGCGAGGGCTACCTCATCAACGAGTTCATCGCCGCCCGCACCAACCGCCGTACGGACGGCTGGGGGGGATCCTACGAGAACCGAATGCGCTTCCCCGTGGAGGTGGTGAAGGCCGTGCGCGCCGCCGTGGGCGCCGACTTCATCGTCATCTTCCGCCTCTCCATGCTGGACCTGGTGCCCGAGGGCAGCAGCTGGGACGAGGTGGTACGGCTGGCCCAGGCCGTGGAAGCTGCGGGGGCCACGATCATCAACAC
NZ_AP027079.1_gap54	2618339	2620242	1903	GCCGGCCCACGGAGATCGATGTCCGCGAGCGTCGCGAAATGCAGCTGCAGTTGGAGAGGCATTCGCTGACGAAGGAGAAGGATGCGGCCAGCCGCGCGCGGCTGGCGGAACTGGACAAGGAACTGGCCGAATTGAATGAGGAGCTGAGCAAGCTCCGGGCGCAATGGGAGAACGAGAAGAAGGTGATCGAGGGGGCCCGCACCCTCCAGAAGAAGCTGGACGACCTCCGCATCGAGCTGGAGCAGGCGAAGACGAAGGGCGAGTACGAGCGGGCCTCGCGCCTGGAATACGGCGAGATCCCCGCCCTGGAGAAGCAGCTGACGGCGACCTCCCCCAAGGAGAGCGCCATGCTGCGCCTGGAGGTGGGCGAAGCCGACATCGCGGCCATCGTGAGCCGCTGGACCGGCATCCCCGTGAGCCGCATCCTCGAAGGCGAAGTGGAGAAGCTCCTGAAGATGGAGGCCCGGCTGGGCGAGCGGGTGGTGGGCCAGGATCCGGCCCTCACGGCCATCTCCGATGCCCTGCGCCGGAACCGCGCGGGACTCAGCGATCCCAAGCGGCCCATCGGCAGCTTCCTCTTCCTGGGCCCCACGGGCGTGGGCAAGACGGAGGTGGCGCGGGCCCTGGCGGAGTTCCTCTTCGACGACGAGAACGCCATGGTCCGCATCGACATGAGCGAGTTCACCCACGAGGCCGATGCCACGCGGCTCATCGGCGCCGCGCCGGGCTACATCGGCTACGAGGAGGGCGGGCGCCTCACGGAGGCCATCCGCCGCCGCCCCTACGCCGTGATCCTCCTGGACGAGATGGAGAAGGCCCACCCCCGCACCTTCGACCTCTTCCTGCAGGTGCTGGAAGACGGGCGCCTCACGGATGGCCAGGGCCGGACGGTGGACTTCCGCAACACCGTCGTGCTCATGACCACCAACCTGGGCAGCCAGGCCATCTTCGATGCCGGCGGTGACGCCTCCAGGGCCGAGGCCGCCGTCCAGGCCGCCCTGCACGGCCATTTCCGCCCCGAGTTCCTGAACCGCCTGGACGAGGTGGTGATCTTCCGCTCCCTGAGCCGCGAGGACATGAAGGCCGTGGCCCGCATCCAGCTCAGGCGCGTGGAAACCATGCTCCAGGCCCAGCGCCTGGGGCTGGAGGCTCCGGAGGCGGCCCTCGACTGGCTGGCCGCCGAGGGCTTCGATCCCCTCTATGGCGCCCGCCCCCTCAAGCGCCTCATCCAGCAGACCGTGGTGAATCCCCTGTCGCGCCTGGTGCTCCAGGGCCGGCTCAAGCCCGGCGGGCTGGCCCGGCTCCGGATCGAGGACGGCCAATTGAAAGTAGAGACGGAGGCCGTGCAATAGGGCAGGCTGGAGGCCGGAAGGCGGGACTCCCCCCAAACTTGTCCCCCTCCCCCACCCGACCGATGAGGCGGGGATCCTTGGAGTCGGCGTGCCCCTCACCACCCCCATCCCCATCCTCATCGTGGACGACGAGGCGGATCTGCGGAACCTGCTGGTGGAGGCCCTGGAGGACCAGGGTTACGCCGCCGAGGGGGCCGAGGGCGGCGCCCAGGCCCTGGCGAAGGTGCGGACCCGGCATTTCCCGGTGATCTTCACCGACCTGAACATGCCCGGCGGGCTGTCGGGCCTGGAGCTGCTGCGGGCCATCCACGACGAGGACCCCCGGAGCCTGGGCATCCTCATGACCGGGTACGCCACCACCGAATCCGCCATCCAGGCCCTGAAGCGCGGCGCCTACGACTTCATCCAGAAGCCCTTCAAGCTGGCGGAGATCGAGGCCGGCCTGGAGCGGGCCCTGGAGCACTACCGCCTGCTGCGGGAGAACGAGGAATACCAGCAGAACCTGGAGCGCATGGTGGAGGCCCGCACCCAGGAGATCCTGGGCCTAAAGA
NZ_AP027079.1_gap55	2623701	2628181	4480	GACCTGGCCGCCCGCTACGGCGGCGAAGAGCTGACCCTGGTGCTGCCCCACACGGACATTCCCGCCGCCCTGCAGGTCGCCGAGAACCTGCGGCAGAAGTTCTCCGAGATGGACCATACCCTGGATGGCGTCACCATCCGGAAGACCGCCAGCATGGGTCTCGCCGCCCGCAACGGCCAGGGCGAGATGCCCGATGCCGAGGACCTCCTCAAACATGCCGACGAAGCCCTCTACCGCGCCAAACAGGGCGGCCGGAACCGCGTGGAAGTGGCGGAGTAGGATTCAGTCTTCAGGCGATGATTCCCGATGCGCCGCTGTGTGGCGCGATGATGATCAGGTTCGACGCCGCCTCAGCGGAACGGCCCAAGGGTAAACAAAGGAGCGGCCCACTGGGCCGCTCCAAAGCTGTACCTGAAGACTGCAGACTCAGGACTGAAGACGACTCAAGCTACTTCGCCGCCTTCCGCAGCGCCTCCACCTTGTCCGTCTTCTCCCAGGAGAATTCGGGGCGGCCGAAGTGGCCGTAGGCGGCGGTGGCGCGGTAGATGGGCTTGCGCAGGTCCAGGGCCTCGATCATGGCCTTGGGCGTGCAGCTGAAGACCTCGCGCACGGCGCGCACAATGGCCTCGTCCGACACCTGGCCGGTGCCGAAGGTGTCCACCGCGATCGACACGGGCTCCGCCACGCCGATGGCGTAGGCCAGCTGGATCTCACAGCGGCCGGCCAAGCCCGCGGCCACGATGTTCTTGGCGATGTAGCGGCCCATGTAGGCGGCGCTCCGGTCCACCTTGCTGGGATCCTTCCCTGAGAAGGCGCCGCCCCCGTGGTGGCCACTGCCACCGTAGGTGTCCACGATGATCTTGCGGCCCGTCAGGCCCGTGTCGCCCATGGGCCCGCCCACCACGAAGCGCCCCGTGGGGTTCACATGGTAGACCGTCTGCGCGTCCAGCAGGTCCGCCGGCAGGCTGGCCTTGATCACATCCTGGAGGATGCTGTCGCGGATGGTGTTCTGGGTGACATGCTCGTCGTGCTGGGTGGAGATCACGACAGTGTGGATGCGCTTCACCTTGTCGCCGTCGAACTCCACCGTGACCTGGGACTTGCCGTCGGGCCGCAGCCAGGGCAGCTGCCCGCTCTTGCGGACCTCGGAGAGCTTCCGCGTCAGGAGGTGGGAGAACTGGATGGCGGCGGGCATCAGCTCGGGGGTGTCCTGGCAGGCATAGCCGAACATCAGACCCTGGTCGCCGGCGCCGCCCGTGTCCACGCCCATGGCGATGTCGGGGCTCTGCTGGTCGATGGTCACCATCACCGCGCAGGTGGCGTAGTCGAAGCCCTTGATGTGGTGGTCGTAGCCGATGTCCTTCACCACATCCCGCACCAGGGCCGCCACGGGAATGTAGGTCTCGGTGGTGATCTCGCCGGCCACCAGCACCAGGCCCGTGGTCAGCAGCGTCTCGCAGGCCACGCGGCTGCGGGGATCATCCGTGAGGGCCGCGTCTAGGACGGCGTCGGAGATCTGGTCCGCCATCTTGTCGGGATGCCCCTCGGTGACGCTTTCGGATGTGAAAAGGTGACGCCCCTGGGTGGCCATGCCGGACTCCTTGGAACCCCTCCAAACAGTCGTCCGGAGGAAACAATGAGTATATCCCGAGCCCACAGCCTCCTACACCTTTCGGATGACGCGGGAAACCTTGCCATGTCCTAGCCTTAAGGGCTAAGGTGGTGAGTTCCCCGTCCCAGAAGCGCCCACCTAAACGCCCCCATGGAGGAACCCATGATTCCATTCCGCCGACCAACCTTGGCCCTGGCCTTGATGGCCGCATCCTTCCTGATGGTCTCCACCGCCTGCAAGCGGGAAGATCCGCAGATCCGCGAACTGACGCAGAAGGCCGCCGAGGCCGACAAGGCCAGCCAGCAGCTGAACCAGGCCGGCACCGAGCAGCAGAAGAAGCTGGCCCAGGCCGGCGTCAATGATGTCAAGCCCAACGCCGAGACCCTGCAGCTCACCGATGAGCAGAAGAAGGCCCTGGAAGAGCGCATCAAGAACGAGAAGAACAGCTCGTACCAGGCCCTGCTCCAGGAAGTGCTGGACAAGGACAAGGAGATCAAGGAACTCAACACCAAGCTCGCCAAGCTCAAGGCCGACCTGCCCAAGCCCGACCTGGCCAAGCCCAACGACAGCCACTACGGCATGGCCATGCGCTTCCTGAAGAAGAAGGGCGTGCCCGAGGCCGAAGCCAAGAAGCTGGTGAGCCGCGTGGCCATCATGGAGAAGCTGGCGCCCGGCTTCGAGGTCTACCACTTCTACGCCAACGGCACCTACGGCACCTGGGTCGCCCAGGGCAAGGCGAAGATCACCCCCAACGACCTGATGCGCCAGGAGCGCGAGAAGGTCGAGGGCGAGCGCGACGAGGCCGTGGCGCAGAACGAGAAGCTGCAGGAAGAGGTCGTGGACCTCGAAGGCCAGAAGAAGAAGATCGAAGAGGAGATCGCCGGCCTCCGTTCCGAGCGCACCAACCTCATCGAGGAGCGCGCCAAGCTGCAGTCCGACAATGCCGCGCAGGTCTCCAAGCTGAACTCCCTGCACTATGTCGTCGGCACCCGCGACAAGCTGAAGGCCGAGGGCATCATCGAGATCCCCGTCTTCGCCAAGGACCGTGCGGGCAAGAACTGGCGCGACGAGGTCTTCACCCAGAGCCTCGACCTCCGTTCCGCCAAGACCATCGCCATCAAGGCCGCCGAACTGGGCCTGAAGAAGATCGGCAAGGTGAATGTGGTGCCGGGCTCCTACCTGAAGGACGAGCACTACAAGCTCACCATCAGCGAAGACAAGCAGACCGCCACGATCGAGCTCATCACCGTGAGCCGCTTTAAGAACGACAAGGTCGTCTTTGCGGTCACCGATTAGCTGATTCCGCGCACCCGAAGGGCCCCGCCAGGGGCCCTTCGCTTTTGTATGGCATTTCGGTCCGGAGCCGCCTATCGTTTGGGACCAATCTCCCGTTTCCTTCAACCCCACCCATGAGGTGATGCGATGCATCCACGCTTGAATCAAGCGATTCTCGGCGCTTCCCTGCTGATGATCCTTGCCTGCAACGGCGGCGGCGACTCCAAGGCCCCCTCCATCGTCACGGGCGGCGGTTCCATGCCCAGCACGACCGCCCCGGTGTTCGACCCCGCCAACGCCAAGATCCCCCTTCCGAACATTCTGGCCACCGCCACCGCCACCGATCCCCTCGTGGGCCGTGCGGCGAACACCCCCCTGACCCCGCCTGAGGCCCTGGCCTATGTGAACCTCAAGGAAGTGGGCATGACCAACGCCGTGGCGGGCCTGAACGCGCCGATCTACCTCCAGTTCAATGCCGCGGTGGATGCCACCACCGTCACGCCCGCCAACATCAAGGTGTTCCAGCTGACCACGGATGCGGCCGGCACGGAGAACGCCGCCCTGGGCTTCACCGACATCTCCGCCACCTTCACCTACCAGTACGCGGCCGGCGGCACGGACCTGTTCCTGTTCCCGAATTTCCCCCTGCTCCCCGGCACCCGGTACCTCTATGTCGTCACCAACCGGGTTAAAGACGCTGCCGGACTGCCCATTTCCGCCTCCCCCTACTTCGAGGCCCTCAAGTCCACCACGACCCTCGCCGGCTCCTTCGCGGCCCTGGAGGCCGTGCGCGCCAATGTCCTGAACGGCGGCAACATCCTGCTGTCTGGCTACGCCAAGGTCATGAACGACCTCATCACCGCCACGGCCACCACCACCGTGGCCAACCGCTCCGACATCGCCGTGATGGGCCGCTTCATCACCACGGCCGCGGGCTCCATCGTGCCCAATCCCGCGGCGCCCACCACGCGCATTCCCGTGGAGACCGCCCTGCGGTCCTTCGCCGCCGGCTCCACCCTGGGCGGCCTGGCAGGCAAGACCTGGACGAACACCGTCTCCGTCACCGCCACCTTCGACCGTGGCGGCGTCAATCCCAGCCCCGATGCCTACTGGACCGCTGTGATGGGCACCGCCACCGCGGCTCCCGCCACCGTGGGCACGGTGATCCTCGGCACCATCAACAGCGCCGACCTGTCCATGGATCCCGTCGTCGTGGCGGCCAATCCCACCGCCGCCGGGGGCAACCTCACCGGCATCACCGGCGCCTACAACCCCGCCGCGGGCGTGGTGCAGCCCTTCCGGACCAGCGGGGCCCTCACCAGCTACTACCATGTGCCGCGGGCCATCCCGTTCGTCTACATCGCCCCCGCCGCCGGCTCCAACTGGCCCCTGGTGATCTACCAGCACGGCATCACGAGCCAGAAGGAGACCGCGATCGCCCTGGCCCAGACCCTCACCACCGTGGGCCGCGCCATCGTGGCCATCGACCTGCCCCTGCACGGCGCCCTGGCCATTCCCGCCCACCAGATCGCCGGCGGCGATTCGGCCACGGTCAAGGGACAGAAGCAGCAGGCCTGGGGCCAGGACTTCATG
NZ_AP027079.1_gap56	2638498	2641106	2608	GCGAGTTCGGCACCACCACCGGCCGGCCCCGCCGCTGCGGCTGGTTCGACGCGCCCATCACCGCCCATGCCTGCCGCACCAACGGCGTGGATGGCCTGGCCATCATGAAGCTCGATGTCCTGGACGGCCTGGACGAAGTGGGCCTCATCGTGGGCTACCGCACCGGCGAGGGGACCGTCACCACCAAGCTCCCCAGCTGCGCCGCCGACTGGAAGGGCCTGAAGCCCGAGGTGAAGTATTTCAAAGGCTGGGCCAGCACCCGGGGCATCACCAGCCACGGAAAGCTTCCCGCCGAGGCCCACGCCTACCTCGAAGCCCTGGTCGAGAGCGTCGAAGTGCCCATCGCCTACCTCAGCACCGGCCCCGACCGCGCCGAGGGATGCATCTACCCCGGAACCTTCCTCGAACCGCTGCTGGCTTGACCCCGGCGCCCTTCGCAGGCACACTGGTCGTCCTGCCCATTCAGGCACCGCACGCTTGCGTGCACCGCGCGCTCGAGGGTTCGCGGACCTGAAACCACCGGCAAGGGCCCTTAGCTCAGCGGTAGAGCAGCGGCCTTTTAAGCCGTTGGCCGCGGGTTCAAATCCCGCAGGGCCCACCAAGTTCCACCCCAGGGGGCTATCGTCTAGGGGTCAGGACACCGCCCTTTCACGGCGGTAACACGGGTTCAAATCCCGTTAGCCCTACCAACAAACACCCTAGAGAAATCTAGGGTGTTCTTGTTTTTTATCGACCTTTACCCTCTATAAAATCCCCTCATCCGGCACAGATCCGGCACAGGAATCCCCGGCATTTCGATCCTCGACCTGGTGGTCTTCGCCTGACCCGAGAACCCGGGGGAACCTGTCCGCCCCTTCCAAGACAACCCGAAAGAGCGGAAGCAGCACTTGACGGGTCGGAGGGGAATAGCGGATCAGCCGACGGTCTCGGAGGCTCAAGCCTCCGCCCTCCAGGTCCCGGGGATGGTTCTGCATTAAGACCTTGCATGTGGTCCACCCACACCCGCCCTGGCCGGGTGCGCTAACCCAGGTGCTGGTTCTGGGGGAGGTCGCCCGGACTGCAAACCGGCGTGCGATGCAGAAGCGTAGGCCCGTCCGCTTCGCGCCCCGATCTAGGGCCTCCTCGTCGTCTAGGCCCAGCGTCAGCAGTGGCTTGTGGGCCTGGACTCAAGCCCTGACCACATCACCTTCCGTGCACCACGGCCGGCAGGCCGCGGATAACCCAGCCCGCGTGGCTTACCGCGAAGCAGTCCCTCCCGTTCGAGCTCCTCGACTAGATGGGCATTGGGAGGAGGAGGACAGAACCTGGTTGCAGGGATTTGCTCAAGCCCTGCCCTCCGGGGAGTCTCACAATCCGAGCCCTACAGGATTGCAAGATCAGGTGGGAGCACTTCACAGGGGGCAGTAGGCCTAATCCGGCAGACCACAAACTGATAACAGCTAATTTGCCTCCCTGCATCTGTGGTGTGAAGTGGAGGTATCCTCGTCCTACCTTCCCGCCTAGGCTTGAACCAGTTCGCCTATTACTCCGAGGGCGAATTTTGTTTGGCCCCTTACGACTCCTCTCCAGCCCGATTAGGCAAACTGAAGCCCCCGCTGTTTGGTTCGTCCAATTCAAAGTTAGGCCAAATTCCCTTCGAGGAGAACCAATGCAGATATCACCTACTGCCCTCCCAGCAATTGCCACAATTGCAGCAGCGTTGGTGGCCGGAGGTGTTTCATTCATTAGCATGATGGTCGCTAAAGATCAGAAGACATCGGAATATCGCCAAAATTGGATTGATTCGTTAAGGAAAGACTTGGCAGAGTATGTAGCATTGTTTGTAACTCTGACTTCGTACGAAATAATGGCCTTCAAGGAATCCAAAGAAAAAGGCAAAGCCTATGTCGATAGCCAGCAAGACAACTGGATTAAATTAAATAATCTTGATACATGCATTACTCTTAGGCTCAACCCGAAGGAACATAAAAAATTAATCGATTTATTAGATGAAGCAACCCATTTAGCCGCAGATACCAACAGTACAAGCATGACCACTGATAAAATTAACCAATTGTCGAGTGATATTACAGATGAATCTCAGCTCATACTGAAAGCAGAATGGCGCAGAGTAAAGCGTGGTGAGTGGTCCTTTTTCATTACAAAATGGGGGGCTTTGGTTTTGGCCATTTCAGCATTTGTACTTTTATACATTTATAGGCCTGTTCTCTTTGCGCCTCAACCCAGCCCAACCACTCCCGCCCAATGTTGCGAACTCAGCCATTAGTACTCGTCCCATTTGGCCTAACCCCTCGCTCAACTCGGACCCCGCCTGCATTGCCTGCCGCTCTCTCTCAGCTTCTCGCTTCCTCGGCTCCGCTCATCGCCTCGGTGCAGGCGGGTCCGGTTAGCTTCATTCGTTAGGCATTATTTTGGAGGTCCCAATGCCCAATGAACTTGGATACTGGACCATTGGAACTCACTACCTTCATCTTGTTGGGTCTGCCTGCGAAGAACTAATCAAAAATGAAAACGCTCGCGTTGTCATCGAACCCCAAATTGAGGGTCGACCTTTCTCCTGGGCAGGGTACTTTGAAAAGACAAAGTGGTCCGATCACACGGTGGGTAT
NZ_AP027079.1_gap57	2654394	2655354	960	CGCGTGTCGAACCCGCCCCCTGCCTACTACTCCGACGCCTTCTGTGACGCGATGGCAACCCTCAAGCCGGTGGCCACCGCGCTGGAAGCCTGGCTGCGCTGCCTGCTGGTGAACGCGCTGCAGCGCTTCGAGGCAGAGAAACGGGCCCAAGGGTTGGCCACCTTCGGCGATCTGGTTCGCAAGGCCTTGGACAGCCTCAAGACCCACGGACTGGAAACTCCCGCACCCAAACTGCTTCTGGTGGACGAGTACCAGGACACCTCCAAGGTGCAGGATGCCTTCCTGGAGGCCCTCGGCGCTGAGCGCATGGTGCGTGTGGGCGATGTGAAGCAGGCCATCTACGGCTTCCGCGGCGGCGATCCCGACTTGCTGCGGGATCGGCTGGACGCCGCGGGGGAGGGCGCCTTCCGCCTCGCGTCCAACTTCCGCTCCACACCCGAGATCGTGACCCTGGCCAACACCTATGTGGACCAGGTCTGGCCGCTGCTGGATCCCACGGTCGGCGACCTCGACGGTGCCCAGGTTCCCGTCGCCCCATCGGGGCCTCCGGTGGGATTGGTCCGCACGCCTGCGCCCTCGACTTCGGGCGACCTTCCGGCCCTGGCGGATTGGATCTCGGGCCTCTCCCGGGAGTCCGGCTGGACCGAGTCCCTAGGCGCTCCACCGAAGACCGGCAGCCGCACCCGGGCGCTTCTGCTCAAGCAGCGCACCCGCCTGCCGGGCCTCCTCCAGCGCCTCAAGGCCAAAGGAATCCAGCCCTATGTGGTGGCCAAAGAGGGTTTCTGGGACAGCCCCGGCGTGCGGCTCATCCTGGCGGCCCTGGAGGCCGTGGCCCACCCCGAGCGCCCCATCCCCTGTGCGGCGTTGCTGCGCCAGGTGGTGGGTCTGACCGATGCCGACATGGCCGCCCTGGCCCAACGCAGCGAAGGCCGTCCCGGACTGCCCGGCCTGGGTCAACTG
NZ_AP027079.1_gap58	2738993	2739704	711	CCCTGGCACGGAAGTCTTAAAACCTTACCAGACCAGTCTGGATCCCTCAACGCAGAGCTTTGGCCTTGACCCCTCCCGCATCGTGTGTGAACATCAGGGTTCGGCGATTCGGGCGATTAGCTCAGTCGGTAGAGCAGCTGCCTTACACGCAGCATGTCGGCGGTTCGAGCCCGTCATCGCCCACCAGTTACCTGGTGAAATGCAACAAACGCAAGGGGTTGTAGCTCAGTCGGTTAGAGTGCCAGCCTGTCACGCTGGAAGTCGCGGGTTCGAGCCCCGTCAGCCCCGCCAAAAAACGCGCCCCCTGGGCGCGTTTTTTTTGCGGCGGGGCCGAGGGGCCCGAACCCGCGAGTGGGCTCGCCGAGGCGCCACTTGATGTGGCGCCGAACGAGACCGGCGGATCCTAGCCCAAAGGGCGACGGAGACGCGTTCGAGCCCTCGATGGTATGGGACGAGGTGAAAGGCGGGGCTGTCCCCCCTATTCCCTCAACGACCACATCCGCACGATCTTCCCTGCCTTCACCTGGTAGATGGTGACGGCCACGAGGGGCTCCTTGCCCGCCCGGCCCTTGATCTTCTCCTTCTGGATCACGAAGTCCCCGGACACCATCTGGGCCTCCGCGGAGGCGTGAAGGTCGGGATTCGCCTGGAAGCGCGCCGCGTAGAGTTCCCGGAGCCGGGCCTTGCCGGTGGGGGCCGAGGTGGCGGGAA
NZ_AP027079.1_gap59	2743133	2745115	1982	AACCCTCTTCCCCTTCCTGAAGGAGTTGCCCATGGCAACGACTAAGGGCCGCATGGCCCTGTCCTTCCTGACCGCGGCCCTCGCCGCCGGTTCCCTGACCGCCCGTTCCCCGCAGGAATCCCTGCGCGTGAACGCCGCCGCCGACCGCCTCCTGGCGGAGCGCACCCAGCTGGGCCTGGATGCCGATCATGCCTTCCGGCTCCGCGACTCGCACTCAGACCAGCTGGGCCAGACCCATGGCCACTTCCAGCAGACCTACAAGGGCGTGAAGGTCTGGGGCGGCGACGCCATCACCCACACCGGCAAGGACGGCGCCGAACTCCCGCTGACCAACGCCCTGCACCGGAACATCACCATCAATGTGATGCCTTCGCTGAGCGAGGGGGAAGCGCTGGCGGCGGCCCAGTCCGACCTGGCCCCCAAGGGCCCCTTCGCCTACGCCCCGACCACGGAGCTGGTGGTCTATCCCGAGATGGTGGAAGTCACCCGCCCCGGGAAGCGCGCCCTCGACCAGCTGAATGCCGACGATGTGACCCGCCAGGTGCTCCGGCACACCTTGGCCTACCATGTCCACACCGAGCTCGAGAACGAGGCCGACGGCATCCGCCACACCGACTACCTCGTGAACGCCCACACCGGCGCCATCCTGAAGAAGTGGAACACCCTCCACACCACGGCCGCCACCGGCACCGGCAACAGCCAGTACAACGGCGTCGTCTCCCTCCCCACGAACTACACCGGCACCACCTACGAGCTGCGGGACATGACCCGCGGCACCGGCGGCACCTTCGGCAACAATGTGGTGACCAACTCGGCCCACGCCGCGACCACCTCTACGGCTGCCGGCACCCTCTACACGGACGCCGACAACACCTGGGGCGATGGCGCCAACTATGTGGAAGGCTCCTCCACCACGGCCGCCAACGGCGAAACCGCCGCGGTGGACGCCATGTTCGGCATGGTCAAGTCCTGGGACTTCTACAAGAGCGTCTTCGGCCGCAACGGCATCGATGGTGCCGGCACCGCCACCTACAGCCGCGTCCACATCGGCAACAGCTACGACAACGCCTTCTGGTCCGACAGCTGCTTCTGCATGACCTACGGCGACGGCTCGTCCTTCACCACGCTCACCGCCCTCGATGTGGCCGGCCACGAGATGAGCCACGGCGTCTGCGCCCGCACGGCGAACCTCACCTATTCCGGTGAGTCGGGCGGCCTGAACGAATCCAATTCCGACATCTTCGGCACCATGATCGAGTTCTACGCCCGCGGCGGCTCCGGCGCCACCATCGGCAACACCGGCGGCAACTGGACCATCGGCGAGCAGCTCGCGTCCACGCCCCTGCGCTACATGTACAAGCCCAGCCTGGACGGCTCCAGCCCCGATGCCTGGTCCTCGACCGTCGGCAGCCTGGATGTGCACTACTCCAGCGGCCCCATGAACCGCTGCTTCTACTTCCTGAGCCAGGGCGCCACCACCACCGGCAACACCAGCACCACCTACCTGCCCAGCGGCATGACGGGCATCGGCAATGACAAGGCCGCCGCCATCTGGTTCCGGGCCCTGACCACCTACCTCACCTCCAGCTCCAACTACGCCGCGGCCCGCACGGCCGCCATCAGCTCCGCCAAGGATCTCTACGGCGCCGGCGGCGCCGAGGAACAGGCCGTCTGGAATGCCTTCCACGGCATCAATGTGGGCGCCGCCTGGTCGGGTGGATCCACGGACACCACCGCCCCCACCGTCTCGGCCACCGAGTCCGGCACCAGCGGCACCATCACCTTCTCCGCCACCGCCTCGGACAATGTCGGCGTGAGCCGGGTGGAGTTCTATGTGGACGGCGCGCTGAAGGGCACGGACACCACCAGCCCCTACAGCATGACCTTCGACAGCACCACCCTGACCAACGGCAGCCACAGCCTGGTGGCCAAGGCCTATGACGCGGCCGGCAATGTGGGCACCAGCACCACCGCCACCTTCT
NZ_AP027079.1_gap60	2911583	2913400	1817	TTCTCGCCCGTCTCCGCTTCAACCACGACCTTCTGGTTGCCGCGGACGCGGTTGCCGTACTTCGCGATGCCGGTGACTTCGCTGATGATGGCGGGTTCCTTGGGCTTGCGGCCTTCGAAGAGCTCGGTCACGCGCGGCAGGCCGCCCGTGATGTCGCTGGTCTTGGCCTGCTGGCGGCTGGTCTTGGCGATGACATCGCCGGGCAGCAGTTCCTGGCCCTCTTCCACTTCGACATAGGCGCCGGTGGGAATGTTGTAGCGCTTCAGCACCTTGTGGTTGTCCCCCTTGATGTTGATGTGGGGGTGGATCTTGTCGTCCGTGGGGTCGATGACCTTCTTGCGGAAGTTGCCGGAGATCGGATCCTTCTCTTCCTGGTAGGACACATTGACTTCGAATTCCTTGAAGTCCGCGATGCCGCCCACTTCGGTGAGCAGCACATCGTTGTACGGATCCCACTCGGCGAGCACGGTGCGGGGCTCGACCGTCTCCTTGTCCTTGACCTTCAGGATGGCGCCGGAGGTGATCTTGTAGCGCTCGCGCTCGTTGCCGTCCGCATCGGTCACCAGGAGGTAGCCGTTGCGGGTGAGGGCCACGATCTCGCCCTTGCGGTTGACGACGGTCTTGCCCTGCAGGCCTTCGTACTTCACGACGCCCGCGATCTGGGCCTCGTGGGTGCTCTTTTCGGAGGTGCGGCTGGCGGCGCCGCCCACATGGAAGGTACGCATCGTGAGCTGGGTTCCGGGCTCACCGATGGACTGGGCGGCGATGACGCCCACGGCCTCGCCGAGATCCACCAGACGGCCGGTGCTGAGGTTCAGGCCGTAGCACTTGGCGCAGATGCCGCGGCGCGCCTCGCAGGTGAGGGTGGAGCGGATCTTGACCTTGGGGATGCCGCTGGTCTCGATCTTGAACGCCAGGTCCTCGGAGATGAGGGTTCCCGCGGGGGCCCGGACGATCGTGGGATCGTAAGGATCCACGATGTCCTCGAGGCAGACGCGGCCCATGATGCGGTCGCGCAGGCGGGAGCGGATGGTGCCATCGCTGTTGACGATGGCTTCCACCTCGATGCCGCCGAGGGTTTCGCAATCGTCCTCGTTCACGATGACATCCTGGGCCACATCCACCAGCTTACGGGTGAGGTAGCCGGAGTCGGCCGTCTTCAACGCGGTGTCCGCGAGTCCCTTGCGGGCGCCGTGGGTCGAGATGAAGTACTGCAGCACCGAGAGGCCTTCCTTGAAGTTCGCGGTGATGGGCGTCTCGATGATGTCGCCGCTGGGCTTGGCCATGAGGCCTCGCATGCCGGCGACCTGGCGGATCTGGGTCTTGGAACCGCGGGCGCCGGAGTCGGCCAGGATGTAGATGGAATTGAGGAAGGTGTCGTTCTCGTTCCTCTTTTCCAGTTCCTTCATCATGTCGCTGGCCACCTGGTCGCTGGTCTTGCCCCAGACTTCCAGGATGCGGTTGTAGCGCGTGGAGGAGTCGAGGCGGCCCTCATAGGCCTCCTTCTCGATGGCGCGGACATCTTCCGTGGCCTTCTTGATGAGCTTGCCCTTGGTGTCGGGCACGACGAGATCGTCGATGCCCACGGACACGCCGGCGCGCATGGCCCACTGGAAGCCGGAGTCCTTCATCGCGTCCAGCATGCGGATGGTGACTTCGGGCCCGTTGAGCTTGTAGGCGCGGTTCACGAGGGAGAGCAGGCCCTCCTTCTTGAGCAGGCCGTTGATGAAGGGCAGTTCGGCGGGCAGCGCACGGTTGAAGAGCACGCGACCCACGGTGGTGGTCTTGATGGCGTTCTTCACGGTCTCGGCGGGCGC
NZ_AP027079.1_gap61	2965097	2966213	1116	TAGAAGATCGTGAAGAGTTTCGTCCGGGCGTTCACTTCGCCCAGTTCTCTGAAGCCCACCGTGAAGAGGGTGGTGATCGCCATGTAGAGGCTGTCCAACGGATTCAGGTGCGACAGCCAGTGGTAGCCGAGCCCCCCACAGGCGATGACGGCCGCCAGCAGCGCCATCGTATAGCGCAGGCGCTTCACCGGCCCGTTCTGCTGGTCGTCCGGCCTCATGGGGAACGGCGTGCTGGCCCTCATCTCAGCCTCCGAGCCCAGGCTTGATGGCGAAGTTGGCCGTGCTGAGGGCCACCAGGTGGTCGCCGCAGGTGAGCCGGCATTCCAGGATGCCGCTGCGGCCGGAGATCCGCACCACCTGGGCCTCTCCGCGCACCTCGCCGCGGGCCGGCTCCAGGTAGCGGATGTGCAGGTCGGAGGTGGCGAAGGGCATGGCCCCGTCGAAGGCGGTGCTGAGGGCCAGGGCGCTCACCATGTCCGCCATGGTGGCCAGCACGCCCCCGTTGACATTGCCACGGCTGCCGTTGATCACGGCCTTGGTGGGCACGAGCACCATGACGGCCAGGCCGGGGTCGATGGATTCGATGGTGAGGCCCCAGCCGCTGATGAGGGGCCACGGGTGGAACCTTGCGCGCAGACGCTCCAGGAGATCCGGAGCGAGGGTCTCGGGGATCTGCGGCTTAGGCATGGTCCAGGATAGCCCATGTCCGGCCTTGCCGCGCCCCGCGCAGGGTTACGGCGAAGATCCCGGGCCTTCATCGCCTCGTCATCGGCCCGTGGGGGAATGAAGCGGGAGGCTCCCCCATGTCCCTTCGTTCGACCTTCCACACGGCCCTTCTTACGGCCCTTCGTGCTGCTGCGCTCAGCGCTCCGCTTCTGCTGGGCCTGGGCTGCCAGCCTCCCGAGGAGACGCCCGCCAAGCCGGTCCACGAGGTTCCCACGGTCCCGCGGGAAACCACCCTACAGGCCTACGCGCCGGAACACCCCGTCGCCGGCGAGCTGAAGAGCGTGGGCTCGGATTCCATGGAGCCCCTGATGGTGCTCTGGGGGGAGGACTTCAAGCGGTTCCATCCACGGATCTCGACGCGCTTCGTCTGCAAGGGCTCGGGCACCGCCC
NZ_AP027079.1_gap62	2969116	2972908	3792	TCGAAGCGGGCCCGCAGCTCCACGATGGCCGCCACCTGCTTGCCGCGCTCGGCGGCCCGCTCCAGGGCCGCCGCCACAGGGCTGTTGGCCGTCACGCGGTAGAGGGTCATCTTGATGGCCAGGACCTTGGGATCCTCCGCGGCCTCGCGCACGAAGCGAACCACGCTGTCGTCGAAGCTCTGGTAGGGGTGGTGCAGCAGGATGTCGTTGCGGGAGATGGCGTCGAAGACGCTGCCCGCCTGGTCGAGCTGGGGCACCGGAAGGGGCGGCAGCGGGGTGTCCTTGAGGCTCGGCAGGTCGAGCTGGCCGTAGAGCTGCATCAGGTCCGAGAAGGCCGTAAGCCCCGAGCAGGGGTAGAGATCCTCGGGGCTCAGCTCCATCTCCTCGATGATGAGATCCAGCACCTTGGACGACAGGCCGTGCTCGTACTGGAGGCGGACGACGGCGCCGCGGCGACGGTCGCGGAGGCTCTCCTCCACGGTCTTGAGCAGGTCCTCGGAGGGATCCTCCTCCACCGGCAGGTCGGAATCCCGGGTGACGCGGATGGCGTGGCAGCACTTCACCGTGTAGCCCAGGAAGAGCCGCGACAGGTGGTGCCGCACCACATCTTCGAGCATGACGAAGGCGTGGGCGCCCGGGGCCGAGGGCACCCGCAGGAAGCGGGAGGCCAGGCCCGTGGGCACATGGATGAAGGAGAGCTCCGAGGCCGGCAGATCCCCGTCCAGCAGGTCCTCGTCCGGTTCCAGCTCCACCACCAGCACCAGGGCCCGGTTCCCCAGGCGGGGGAACGGGTGGCCCGTGTCCACCGCCAGCGGCGTGATGAGCGGCAGGAGGCTGCGCTCGAAGTAGTCGAGGGTGAAGGCGCTCTGCGCCTCGTCCAGCCTCCTGGGATCCAGGATGGCGATGCCCGCCGCCTCCAGCTGCGGCTCCAGGATGGCGTGGAAGAGCTCGTGCTGGCGGGCGGAGTAGGCGTGGATCCGCGATGACACCCGCTCCAGCAGCTGCCGGGGGGTCAGGCCATCGGGCCCGGGCTGGGTGATTCCCGCGTCGATCTGCCGCCAGATGCCCGCCACCCGCACCATGAAGAACTCATCCCAGTTGCTGGAGACGATGCTGAGGAACTTCACCCGTTCCAGCAGCGGCACCGTGGGATCCTCCGCCTCTTCCATGACCCGGGCGTTGAAATCCAGCCAACTGAGCTCGCGGTTGAGCAGTTCCTCGGGGCGGGGGATGGGGTGGAACACAGGGGACCTCTGATCCAGGAGGGTACAGCCTGGGTGTAACGGCCTGATGGTACAGACGATCGATCGTCTCGCCCGAACAACTTCCTTTGTTTTCGGGGCTTTTTCGGGCAGAATCGATGGTTCGGCCCTCCACGGGGAGGATCCGTACGGTCCGCCCGGACCCATCACCAACGAGAGGGCAGCCAGGCCCATGCCGGGGCTGCCAGGTAGGAGGAACCCATGTCCCAGGAAGTCCTGATCGTCCCCAAGCGCGAAACCTTCGGCAAGGCCGCCATCCGCGACCTGAAGAAGAGCGGCATGATCCCGGCCGTGGTCTACGGCCTGAACGAGCCCCCCATCGCCATCGCCATCAGCCCGAAGGCCGTGGCCCGCGTGCTGGCCAGCGACGCCGGCATGAACTCCGTGATGTTCCTCCAGCGCGAGGGCACCGACATCAAGCGCCATGTGATCATCAAGGATCTGCAGCGCGATCCCATCACCAGCCGCCTGCGCCATGTCGACTTCATGCGCGTGGACATGACCCACAAGGTGCGCGTGAAGGTGCCCGTGCGCCTGGTCGGCACCTCCATCGGCGTGAAGAGCATGGGCGGCGTCCTCGACTTCACCCACCGCGAGATCGAGATCGAGTGCCTCCCCAGCATCATCCCCGGCCACATCGATGTGGATGTGAGCAACCTCAACATCGGCGATAGCATCCGCTTCGAGCAGATCGCCCTTGTGCCGAACATCGTCCTCATCGGCGACGCCCACCAGACGGTCTGCTCCGTCCGCGGCAAGGCCCCCGAGGAGGAAGTTGCCGCCGCCCCCGCCGCCGCCGAGCCCGAGGTGGCCAAGAAGGGCAAGAAGGAAGAGAAGAAGTAGTTCTAGATCCCCCAAAAAACGGGCGCCTCGCGGTGCCCGTTTTTTTGGGCTTGACTGAAAGTAACTACTTACTTACAGTCGAACCATGGCCCGATCGCCCCTGGAACTCACCCCCAAGCGCACCGAAATCGCCGATGCCGCCCTTCGCATCATCGGTGAGCGGGGCATCGCCGCCCTGACCACGAACGCCCTGGCCCAGGAACTGGGCGTGAGCAGCGGCGCCCCCTTCCGCCACTTCGCGGATCGCAGCGAGATCCTGGAGGCCGTGGCCCTCCGGGTGGAGGAATTGATCCTCGAAACCTTCCCCCCCGACACGGACCCGCCCCTCCAGCGGCTGCTGGCCCTGCTCCGGGCCCGGGCACAGGTGATCGGCGGCCGTCAGGGCATCGGGCGCCTCATGCTCTCGGAGCAGTTCGCCATGGCGCTGCCGGATCCGGCCGCCCGGCGCCTCCGGGGTCTCGTCACCCGGACCCGGGCCTTCCTCCTCGCGGCGCTGGAGGCCGCCCAGGCCCAGGGGGCCATCCGGTCGGACCTCACCTCCAAGGCCCTGCTGCCCGTGGTCTTCGGTGTCCTCATGAACCTGGTCTTCTCCCAGGCCACGGGGGGGGCCCGCAGCGCCGAGGCCGACGAAGCCTGCGACACCCTCCTCGTCCTCCTGGGTCCCCCGCCCGTCCCTTGAGCCCCTACGGTCCTCCGCACGAAAGGAACGCCATGCGACTATCCCCTCTTCCCGCGCTGTTGGCCGCCGCCCTGCTGGGCCTCTCCGCCTGGCCACTCCAGGCCCATTGCGACGCCCTCGACGGCCCCGTGGTCGTGGCCGCCCGGAAGGCCCTCGCCAAGGGCGAGGCGGGCCCGGTCCTGGTCTGGGTGAAACCGGACGACGAGCCCCAGATCCGCGCCGCCTTCGCGCGCACCCTCGCCGTCCGCGCCCTCGGGACCGAGGCCAAGGACCTGGCCGACGCCTATTTCTTCGAGACCCTCGTCCGGGTCCACCGCGCGGGCGAAGGCGCTCCCTACACGGGCCTCAAGCCCGCGGGCCTGGACCTCGGCCCCGCCATCCCCGCCGCCGACAAGGCCCTGGCCTCCGGCGACTTGAAGCCTGTGTTCGATCTCATGCACGGCGTCCTCAAGCCCGGCCTCGAGGCCCGCTTCAAACAAGCCCGCGCGACCCGGGGCCAGGCATCAGCGGACCTGGCGGAGGGCCGCCAGGCCGTGGCCGCCTATGTGGACTTCCTCCACTATGTGGACGGCGCCTACCGCGCGGCGGCCGGCGGCGCCCATGCCGAGACCGCCGAGGCTCCCAAGGCCGAGTCCCACCACCAGCACTGAGTGTGAAGGTCCCTTCCCCGGGTGGGCGCCTTGCGGCGCCCACCGCGTTTGCTGAAGACTGGGACCTCACGACTCGGGATGCATCAGCTCATGTGGACCTTGGTACCCCTCGGAAATCCGGGCCCTGACTACCAGGACACCCGTCACAACCTCGGCCGCCTGCTGCTGCAGCGCTGGATGGCGGACCGGAATCTGGCTCCGGCGCCCTCGAGACGGTTCCCCTCCGGCGCCCTCTATCCCCTGACGGACCGCCTGCAGGCCCTGGTCCCCAACACCTACATGAACCTCTCGGGCGAGGCCTGCGCCCAGGCGGAGAGCGCCGGGATCTACCCCCGCCGCCTGATCCTGCTCTACGACG
NZ_AP027079.1_gap63	3070253	3072785	2532	GGGCATCGCCCTGGCGCCCCACCGGACCCTGCGCATGGGCCTGGCCCGGGAAAGCGACCTCGAGCGGGGCGACCTGAAGCTCCAGCCCTGGGGCGCCGAGCCCAACCTCCAGGCCGACCCCCAGCGCATCGCCACCCTGCCCCTGGGCACCGCCACCAAGACCAATGCCTTCGGCGATGGCTGGAACCTGGGGGGCGTCGGCTTCGACGCCGAGCAGAAGGCCTTCCGGAGGAAGCTGAAGCACCAGTACTGGATGATCTCGGGAATCTCCGCCCTGGTGGGCGCGGCCATCCTCCTGGGCCTCTGGCTGCGCCACCGCACCCGGCGCAAGGCCGTGCTGGATGGGGATCGCCTCGCCTCCATGACCCACAGCCTCAAGACGCCCCTCGCCATCCTCAAGTTCCGCTGCGACTCCCTGCGCCTGGGCCGGCTCAGCCCGGACCGCGCCGACGAGGAGCTGCTGAAGATCGGCGAAGAGGTGGACCACCTCACCACCATCATCGAAACCGGCCTGCGGGTGATTCGGGGCGGCGGGGCCTCCGGCCCCCCGGGGCAGGCCACCCCCGCCTGGTTCGAGGAGGTCGTCGATGACCTGCGGCCCGGGTTCGAGCTGGAGGGGCGCCTTCTGGACCTCCGCCTGGCGGAGGCCAGCGGCCGGGCCCCCCTCTCCTCCCTGCGTTCGGCGGTGCTCACCCTGGTGGAGAACGCCCTGGGCCACGGCAAGGGCCGCGTCACCCTGGAGACCTGGCGCGCCCGGCGTCGCTTCTGCATCCGGGTGACCGACGAGGGCGAAGGCCTGGAGCCCCATCAGTTGAAGGCCCTCGGCAAGCCCTTCCAGCGCCTCCGCACCCAGGGGAGGGAGGGCTTTCTGCGGGAAGGCCAGGGGTTGGGCCTGAGCCTGCTGGTCCAGGTGGCCGAACAGGAGGGCTGGGGCCTCACCTTCTCCTCGGGACCGGGCGAGGGGTTCTCGGCCCTCCTGGAGATCCGGGCCAGCTGAAGGCCTTTCAGAGATTGGGAATTTTATTGGACTTGAAACTTGTATTCCCAAGAAAAGGGCGCGATCTTGATCCCAACGATCCTTGAGCGAGACGCCGTGACCCACATCCTCGTGGTGGAGGACGAGCCCTCCCTCTGCCAGCTCCTCGTCAACAATCTGGGCTTCGAAGGCTATTCCGTCGAGGCGGTGGGCGATGGCCTGCCCGCCCTGGCGGCCCACGCGGCCCACCGGGCGGATCTCATCGTGCTGGACCTGATGCTGCCCCAGCTCGATGGCTTCGAGGTCCTCCGGATCCTACGGGAGGGCAAGGACGAGGTGCCGGTCCTCATGCTCACCGCCCGGGGGGAGGAGACGGACCGGGTGCAGGGCCTGAGCCTGGGGGCCGACGACTACCTGGTGAAGCCCTTCTCGGTGCTCGAGCTCATGGCCCGCGTGAAGGCCATCCTCCGCCGGACCCGTCCGCTGGACCGCCCGCCCCTGCTGCGGTCGGGGCCCTTCCGCTTCGACCTCCCGCGCCTGGACGCCCGGCGGGACGGGAAGCCGCTGGAGCTCACGCCCCGGGAATTCCGTCTGCTGGAGATCCTCATCACCCACGCCGGCCGGACCCACAGCCGCAAGGAGCTGCTGCAGCTGGCCTGGGAGCGGGACGCCCGGCCCAGCGCCCGCACCGTGGATGTCCACATCGCCAACCTGCGCCGCAAGCTGGGCGAGGAACAGGGCGCCCCCTGGATCGCCACCGTGGGCGGCGAGGGCTACCGCTGGGTCACGCCGGTGGCCACGGAACCCGGAGAAGGTCCGTCCGGCAAGTAGGAAGACCGGGCCCAGGCAGGGCCCAAGGGGGGCTCAGGTAGACTGGTCCTTCGCCACCGAGGCCCGATGATCCCCTGGAATCCCCATAGCTGGCAGCGCTTCCCCGCGATGCAGCAGCCGACCTACACCGACCCTTCGGAACTCGAAGGCGTGCTCGCGCGCCTTCGCCGCATGCCCCCCCTGGTGGTGCCCCAGGAGGTGGACCGGCTCCGCGGCCTGCTGGCCGAGGCCGCGGCGGGCCGACGCTTCCTGCTCCAGGGCGGCGACTGCGCCGAGCAGTTCAAGGACTGCCTCCCCGAGGCCATCGAAGGCAAGCTGCGGGTGCTGCTCCAGATGTCGGTGGCCCTCACCCATGGCGGGCGCAAGCCCGTGGTGCGGGTGGGCCGCATCGCCGGCCAGTTCGCCAAGCCCCGCAGCAAGCCCACCGAGCTGGTGCGCGGCCGCGAGCTGCCCAGCTACCGGGGCGACCTCATCAACGGCCTGGAGGCCGACGAGGCGGCCCGGCGGCCCGACCCGGGCCGCATGCTCGAGGCCTACTTCCACGCCTCCGCCACGCTGAACCATCTGCGGGCCCTCACGGCGGGGGGCTTTGCGGACCTGCACCACCCCGAGCGCTGGGAGCTGCCGGGCGGCACCGGCGAGGTGCCCGCCTACCGCCGCACCCTCGACCAGGTGCGCGAATCCCTCGATTTCCTGGAGGCCCTGGGCGGCGTGCAGCGGGAGGT
NZ_AP027079.1_gap64	3143551	3145162	1611	CGCCGCCGATGGCGCGGATCCCCCGCTGAAGGCTTGCGGCGGGGCGCCGGACGCGGCACCCTCGCTGCATGTCCCTGTCGCTTCCTGAAGACAGCCGGCTCCCATCCGGAGCGGCATTCCGCCCGGTATCCATTCCCGGCTCCAAGTCGGTGACCAACCGCGCCCTGCTTCTGGCCGCGCTGGCCCCGGGCGAGACCCGTCTGAAGGGGGGACTCGAGGCCGAGGACACGCGCTGGATGCGCCGGGCCCTCGGCGACCTGGGGATTCCCGTCGCAGTGGCGGATGGGGCCTGGACGATCCGAGGTGGCAACCGCCCCCGGGCGACCACGCCCCTCTGGCTCGGCGCCTCGGGCACCACCCTGCGCTTCCTCCTGCCCTGGCTGGCCCTGCGGGCCGAGGGTGACCTCCGGATGGAGGGTGATCCGCGCCTCTTCGAGCGGCCCCTCGGCCCCCTGCTGGAACCCCTGACGACCCTGGGCGCGAGTTGGTGTCCCGATGCCTCCGGAGCCTGGCTCCGTCCCGTGCCCGCACCTCCCGAGCGCCTGGACCTGGTCGTGGACGCGCGCCTCAGCAGCCAGTTCCTCACGGGGTTGGCCCTGGCCGCCACCGCGCTGCCGGGTGGGGGCATCCTGCGCTGGACCGCCGCCGCCAGTCCGAGCTACCTGGCGCTCACCACCCAATGGCTGCACCGCTTCGGCTGCGACGCCGACCTGGAGCCCGGCCGCTGGCGCATCCCCGGGGGAGCCCTGGGGCCGCGTTCCCTGGACCTGCCCGGTGACTGGAGCGGAGCCGCGGCCTTCCTCGCCGCGGCGGCGGCCACGGGGCGCCGCCTGCGCCTGGGCCCCCTGGATCCTGAAGATGCCCAGGGCGACCGGGCCATGGTGGCCATCCTTCACGCCGCCGGGTGCCGAATCCAGTGGATCGGGCCGCAGACCCTGGAGGTGGAGGGCCCCCTCGTCCGGGGCCTCGACGCCGACCTCACCGACTGTCCGGACCTGGGGCCCGTGCTGGCGGCTCTGGCGGCCCTGGCCCCCGGCCCTTCGGAGTTGCGCGGCCTCCACACCCTGCCCCTGAAGGAGTGCGACCGCCTGGATGCTTCCTCAGAGCTGGTGCGCTGGCTGGGCGGGACGGCCGAGGTGATCGGGGACCATACCCTGCGCGTGGGACCTGGGCCCGAGTTCAGGGCTGGATTCGGAACCCGGCCACCCTTCAACCCCCGGAACGACCACCGCATGGCCTTCGCCGCCGCCCTCGGCGGGCTTCGTCAGGGCGGGGAGCTTCTCGACCCCCACTGCGTGGCCAAGACCTTCCCGGACTTCTGGGAAGTCTGGCGCGGGATGCTGGGGTGCTGAGGGCCCCCTGGCTCGGCCACTGGAAGGCCCCCTGGGGCCTGGAGCGCGGCCGGCGCTGGGGTGATTCGGCCTGGGCCCTGGCCGCCATCGCCCAGGCCTGGCTGCTGGGCGGGCGGGAAGGCCGGTGGCCGCAGGTGGAGCAGGAAGCCCGGCGGCCCTTCGGACCGCAGCTCTCCAGCCAGCCCACCGTCTTTGGCCCCCGTCCCGACCCCGCCTGGGTGGCCCGCCTCCGCCACGGCAGCCCCGCCGTGCCGGCTTC
NZ_AP027079.1_gap65	3192805	3194873	2068	ATGCCGCTGCGCCTGGCGCTGGTGGTGTCGCTGTCCACCCTGGCCGTCACCATCCTGGCGTCCATCCTGCTGCGGGGCTTCCTGGCGGTGATCCCCGTGCTGCTGGGCGTCATCGCGGGCTATCTGATCTCCCTGGGCCTCGGCGTCGTGGACTTCCAGGCGGTGCGCCTGGCTCCCTGGTTCCAGGTGCCCACCCTCTACGCGCCCACCTTCAACCTGCAGGCCATCCTCATCATCCTGCCGGCCACGCTGGTGGTGCTGGCGGAGCATGTGGGACACCTGGTGGTGACCGGGAACATCGTGGGCAAGGACCTCATGAAGGATCCCGGCCTGCACCGCTCCCTGCTGGGCGACGGCCTCTCCAATGTGCTGTCGGGCCTGGTGGGGGCCACACCCAACACGACCTACGGCGAGAACATCGGCGTCATGGCCATCACCAAGGTCTACAGCGTGTGGGTCATCGGCGGCACGGCCTGCATCGCCATCCTGGTCTCCTTCTCCGGCAAGCTCGCGGCCCTCATCCGGAGCATCCCGGTGCCCGTCATGGGCGGCGTCTGCATCCTGCTCTTCGGCGTCATCGCGGCCGCGGGCATCCGCATGCTTATCGAGAAGAAGGTGGACTACACCCAGTCCCGCAACCTGATCCTCACCTCCGTCGTGCTCATCAGCGGCATCAGCGGCGCGGCGGTGAAGGTGGGCACCGTGGAGCTCAAGGGCATGGCCCTGGGCACGGTGGTGGCCATCGCCCTCAGCCTGCTCTTCTGGGGCCTCGACCAGCTCGGCCTCAGCAACGACGCCCCGATCCCCAGCACTGACGCCCAGACCCCCGGCAGCGACACCCAACCCTGATTCAAAGGAGCTCGGCATGGAACGGTTCTTCAACCTCAAGGGAAGGGGCACGACCGTGGCCACGGAGGTGCTCGCGGGTACCACCACCTTCATCTCCATGGCGTATGTGATCTCGCTGATCCCCAACGCCTTCCTGAAGGTGGCGGGCATCGCGCCGGCCCAGGGCTTCACGGCCTTCGTGGTGTGCGCCATCCTCTCCACCCTCATCGGCGCCTTCTACGCGAACCTGCCCATCGCCTTCGCCTCGGGCATCGGCCTCTCGGCCTTCTTCGCGTTCACCGTCTGCGCGCCCGCCAACCAGGGCGGCATGGGCTACACCATCCAGGTGGCGCTCACGGCCCTGCTGCTGGAGGGCATCGTCTTCATCTTCCTCAGCGCCATGAAGGTGCGGGAAGCCTTCATGGACGCCATCCCCTTCTCGCTGAAGAAGGGCATCTCCGTGGGCATCGGCCTCTTCATCGCCATCATCGGCTTCGTGGATTCCGGCGTCACTCAGGTGGGCCTGAAGTTCGACGCGGACACGATCTTCCCCGTGCTGAAGAACGACCCCTCGGCCCTATTCGGCCTGCACGATGTGAACAACCTCTTCATCGCGAAGTTCTGGGATCACGGCCATCTCACCCCGGCCTTCTGGTCCGTGGTGGGCCTCTTCCTCATCGCCGTGCTGGTGGCCAAGCGCGTGAAGGGCGCCATCCTCCTGGGCATCCTCGCCATCACCCTGGTGGGCCTGCTGCCCGTGAGCTGGGGCGGCGGCTTCACCCACCTGCCCAAGGGCACCCTGTTCCAGATCCCGAGCTGGCCGAAGATGTTCCAGTACGACTGGAGCTGGACCAAGTCCCTGGGCGGCATGCTGAACATCTTCATCATCCTGTTCACCCTGCTCTTCGTGGACATGTTCGACACCATCGGCACGCTCATGGGCATCGGCGCCCAGGGCAAGCTGCTGGACAAGGAGGGCAAGTTCCCAGGCGCCTCCAAGGCCTTCATGGCCGACGCCGTGGGCACCACCTTCGCCTCCATGTTCGGCACCACCGCCATCACTGCCTACATCGAGAGCGCGTCGGGCGTGGCCGAGGGCGGCAAGACGGGCCTCACGGCCCTGGTGGTGGCCGGCTGGCTGGCCTTGGCGCTCTTCCTGTCGCCCCTCTTCCTGATGGTGCCCCTGCAGGCCACCGCCCCGGCGCTCATGATGATCGGCTTCTTCATGCTGTCGGAGATC
NZ_AP027079.1_gap66	3220073	3224280	4207	CCCCGCCCTGCGGGAAGCCCGGCGGGACCTGCGCCCCGGGGCCGTTGGGATCGCCGTGGAGGTCGTAGTTCCTCCGCTTCTCGGGGTCCGACAGCACATCGTTGGCTTCCGAGAGCTTCTTGAACTCGGCCTCGGCCTTGGCGTCGCCTGGGTTCAGATCCGGATGGTGCTTCCGCGCCAGCTTCCGGTAGGCCTTCTTGATCTCCTCTTCCGAGGCTGATTTCGGCACGCCCAGGATCTTGTAGTAGTCGGGGTGGGACATGAGTTTAGTCTAGAGCACTCAGATTTGTTCCGTGCGCAAAAAAGGGGAGCCCTCGGGCTCCCCTTTTTCGGGTGGGACCTAGCTGACGACTTCGGCGTCGATCACATTGTCGTCGCCCTTCTTGGCGTCGCCGGCCGGGGCGCCGGGAGCGCCGGGGGCCGCGCCGTCCTGGGGCGGTTCCTGCTTGTAGAGGCTCTCCGCGAGCTTGTGGCTCTTGGCCGTCAGAGCCTCCAGGGCCTTCTTGATGCGCTCCTTCTCCAGGCTGGCCAGGGCGGCCTTGGCCTCGACGATGGCCTCCTCGGCCTCCTTCTTGTCGGCCTCAGGCAGCTTGTCGCCGCTGTCCTTCAGCAGCTTCTCCACCTGGTAGACCATCTGGTCGAGGTGGTTCTTTTCTTCGAGCATGGACTTGCGCTCTTCATCGTCGGCCTTGTGGGCTTCGGCATCCTTCACCTTGGCATCGATCTCCTCCTTGGAGAGGCCCGTGCTGCCCGTCAGGGTGATGCTCGCGTCCTTGCCGGTGCCCTTGTCCTTGGCGGTGACATGCACGATGCCGTTGGCGTCGATGTCGAAGACCACCTCGATCTGGGGCATGCCGCGGGGGGCCGGGGCGATGTTACCCAGGTGGAACTGGCCCAGCAGCTTGTTGCCTTCGACCACCGGGCGCTCGCCCTGGAACACCTCGATGTCCACGCCGGGCTGGTTGTCCACGGCCGTGGTGTAGATCTCGCTGCGCTTGGTGGGGATGGTGGTGTTGCGGGGGATGATGACGCTCATCTGGCCGCCGTTGGCGTTGATGCCGAGGCTGAGCGGCGTCACATCGAGGAGCAGCACGCCCTTCACATCGCCGGCCAGCACGCCGGCCTGCACGGCGGCGCCCAGGGCCACGACCTCGTCGGGGTTCACGCTGTGGTTGGGCTCCTTGCCGAAGATCTGCTTCACAAGCTCCAGCACCTTGGGGATGCGCGTGGAGCCGCCCACCATCACCACCTCGTCGATCTCGTGGTGGGCCAGCTTGGCGTCCTTCACCGCGTTCTCGCAGGGGCCCTTGAGCTTCTGGAGGATGGGCTCGATCATCAGCTCGAACTTGGCGCGGGAGAGCGTCTGGTTGATGTGCTTGGGACCGCTGGCGTCCGCCGTGATGTAGGGCAGGCTGATGTCGGTCTGGGTGGTGCTGGACAGCTCGATCTTGGCCTTCTCGGCCGCTTCCTTCAGGCGCTGCATGGCGTCGGCCTGCTTGCGGAGGTCGATGCCCTCGGCCTTCTGGAACTCGTCGGCCAGCCAGTCGATGACGGCCTGGTCCACATTGTCGCCGCCCAGGTGGGTGTCGCCGTTGGTGGACTTCACTTCGACCACACCCTCGGAAACTTCGAGGATCGAGATGTCGAAGGTGCCGCCGCCGAAGTCGAAGACGGCGATGGTGCCGTCCTTCTTCTTGTCGAGGCCGTAGGCCAGGGCCGCGGCGGTGGGCTCGTTGACGATGCGCTTCACCTCCAGACCCGCGATGGCGCCGGCGTCCTTGGTGGCCTGGCGCTGGGCGTCATTGAAGTAGGCGGGCACGGTGATGACGGCCTCGGTGACCTTCTCGCCCAGGTAGGCCTCGGCGGCCTCCTTCATCTTGGTCAGCACCGCGGCGCTGATCTCCTCGGGGCTCAGCTTCTTGCCGATGACATCGATCACGCAGCCGCCCTTGTCCGCCCGCTCGACGGTGTAGGGCACGAGCTTCTGCTCACGGTCCGAGTCGGCGTAGGGCAGGCCCATGAACCGCTTGATGGAATAGATGGTGCTCTTGGGCTGGGCCACGGCCTGGCGCTTGGCCGAGGCGCCCACGAGGCGCTCGCTGGTCTTGGGGTTGAAGCCCACCACGGAAGGCGTCGTGTCCGCGCCTTCGGGGTTCGGGATCACCTTGGGCTGCCCGCCTTCCATGACGGCCACGCAGCTGTTGGTGGTGCCGAGGTCAATGCCGATGATCTTGCCCATGTCGTTCCTCCTGGGGCGAGGCCGGGTGGAACCCGCCCTCGACCTCTTGAGGATAGGGGATATGGGGCCCGTGTCAATATGATCTTCTAAAAATTACTCATATTTTCTTCTCGCTTGATGTAGACATCAACCGGGCTATGCTGACCTCCATGACCCTTCGACCCTGCCCCATCTGCCGCACCCCCACCGCCTGGGAGGGGAACGCCTTCAAGCCCTTCTGCTCGGAGCGCTGCCGCCTCCGGGACCTCGGGGCCTGGTCCACCGAGAGCTACCGCATCCCCGAGAAACCCCAGGAGGAGCACGGCGAGGGGTGGAGCGAGGCGATCCCCGAGGAGTGACCCGCCGGAGACCCGCGCCCGGTCGGGCCTACTTGGCCTGGTGGACCTTCTTCACCATGTACCGGGGCCGGTCGCGCACTTCCTGGTAGATGCGGCCGATGTACTCGCCCAGCAGGCCGAAGGCCACGAACTGGCAGCCCACGAAGAAGAAGAGGATGGCGAACAGGGTGAACACGCCCTGGGCCGTGCCCTCGGGGTGCAGGAAGCGGTAGGCCACCAGGCCCAGGAAGAGCAGGAAGCCGAAGCCCGCCGTCAGCACCCCGAACACGCTGAGGGCCTGGAGGGGGAGCAGGCTGAAGCTGGTGAGCAGGTCGAACTGGAGGTTGATGAGCTTCCAGAGGCCGTACTTGCTCTCCCCGGCGGCCCGCTCGGCATGGGCCACGGGCACCTCGGTGATGCGCTTGGCGAAGCTGTTGGCCAGCGCCGGGATGAAGCTCGACCGCTCCTTGCAGAGCAGCATGGCGTCCACCACATCGCGGCTGTAGGCCCGCAGCATGCAGCCGTAGTCGTGGAGCTTCACCCCCGTGGTCCGGCGGGTGACGGCGTTGACGATCTTGCTGGGCATGGTGCGGAAGAAGCTGTCGTTGGCCTGGCGGCCCTGGCGCCAGCCGCCCACCACATCGAAGCCCTCCTCCACCTTCGCCACGAGCTTGGGGATCTCCTCGGGGGGGTTCTGGAGGTCCGCGTCCAGCGTGACGATGATCTGGCCCTTCGCCTCGGCGAAGGCTCCGAAGATGGCGCTGTGCTGGCCGTAGTTCCGGTTGAACTCCACCACCTTCACCCGGGGCTCGGCCTTGGCGATGTCGATCAGCATGGCCAGGCTGCGATCCCGGCTGCCGTCGTCCGTGAGGATGATCTCCCAGGGCTTCGCGGGGTCCGCAAAGTGCTCCGTCATCACCCGGGAGAGGCGCTCCCACAGGGCTGGGATGTTCTCCTCCTCGTTGTAGATGGGGATGATGATGCTGAGATACGGGTCCATGAGCGCTCCGAGGCCCTATTCTAGGAGCCTGACCTGGAGTTTCCCATGCCCGAGCCCAAGATCCTGCTGGTGGAAGACGAGCTCAGCCTCGCCGAGGGCATCAAGCTCAACCTGGAGCTGGAGGGCCTGGCCTGCACCTGGATCCCCCGAGGCGATCAGGCCCTGAAGCAGATCCTGGCCGAAACCTTCGACCTGGTGATCCTCGATGTGATGCTGCCTGGCATGGACGGCTTCACCATCTGCGAAAAGGTCCGCGAGGCCAAGAACTTCACGCCCATCCTCTTCCTCACCGCCAAGAACACGGACGACGACCGCGTCCACGGCTTCGAAACCGGGGCCGACGACTACCTGGGCAAGCCCTTCCAGGTGCGCGAGCTGCTGCTGCGCGTGCGGGCCATCCTGCGCCGCGAGTCCTGGTACAAGAGCCGGGAGATCAGCAGCCGCCAGGTCTTCGGAAGCCACTGGGTGGACTTCGACAACTTCTGCGGCGAAGGGCCCCAGGGCCCCTTCCAGCTGGGCGTGAAGGAAAGCATGATCCTCAAGCTGCTCATGGAGCGGCCGGGCCAGGTGGTGAGCCGCACGGACATCCTGGACAAGGTGTGGGGCGAGGATGCCTACCCCACCAGCCGCACCGTGGACAACTTCATCGTC
NZ_AP027079.1_gap67	3234953	3235963	1010	GTCCACGGTGGCCACGGTGCGGTCGCCCTCGGTGCGCAGGTGGAGGGTCGCCGCCGGACCATAGGCCAGCCGCAGCCGGGCCTCTAGGTTGCGCAGGCCCACCCCCGCGCCGGGCACCAGGCCCAGGCCGCGGCCCGAGTTCTCCACCCGCAGGCGGAGACCCGCCCCTTCACGGTGGAGGGAAATCACCAGCTCCCCGCCTTCCGGGTGGGGCGCGATGCCGTGCTTCAGGGCGTTTTCCACCAGGGGCTGCAGCAGGAAGGGGGGGGCGGGCACCGCGTCGCAGGCCGGATCCCAGTCCCAGCGGACCCGCAGGCGGGCGCCGAGCCGCAGCCCCTCCACCGCGAGGAACCGCTGCACGAGGCTGCGCTCCTCGCCCAGGGGCGCCGTGGCCCGGTCCCCATGGCGGAGGAGGGCCCGGTACAGCTCGGACAGATCCAGAATGGCCTGCTCGGCCGCCAGGGGATCCTGCCGCACCAGCTCGGCCAGCCCGTTCAAGGAGTTGAACAGGACATGGGGGCTCAGCTGGCCCCGCAGCAGCACCCACTGGGCCTCGTCCAGCTTCGCCGCCATGGCCGCCTTTTCCTCGCCCGTGATCACCGAGAACGAGATGATGCCCCCGATGATGGTCATCATGGGCGCCCCCACGAAGAGGTTGACCGTGAGGATCCCCCGGAAGCTGCCCTTGGCCCCTTGCGCCAGCCCCAGGGCCTCGCCCTTCAGGTTGGCGTTGCGCACCATGAACCAGCTGAGGGCGACCAGCACCAGCACCACCAACGCATTGAAGAGCAGGGCCTGGGCCAGGCCGCGCCCGAGGGGCGCGCGGGAGCGGTCGTCTCCGGTCCAGCGCCAGGGCAGGGGGCTGAGGAAGCCATAGGAGAAGGACACCAGGAAGGGCATCAGCAGCGCGTTGGCCACGGCCCCGGGGTGCTTGAGCTGGACCGAAGCCGGCACCAGCACGAACTGGAAGGCCGTGAACAGCAGGGCGAAGGCCAGCACCACGGCCCAGG
NZ_AP027079.1_gap68	3240415	3242749	2334	TGCGTGGGATCCGACTCCGAATCCTTCAGCAGCAGCATCTTCACGCCCGTGTAGATCAGGAAGGCGCCGAAGACATACATCATCCACTCGAAGCGGTTCAGCAGCGCCGTGCCCGCCAGGATCATGGCGGCGCGCATGATGAGGGCCCCGAACACGCCCCAGAACAGCACCCGGTGCTGGTGCCTCAGGTCCACCTGGAAGCTCTGGAACACGAGGACGAACACGAAGAGGTTGTCCACGCTGAGCGACTTCTCCAGCACATAGCCCGTGAACCACTCCAGCCCCTTCTGCGTGCCCTCCGCCTGGAAGATCAGCAGGTTGAAGATGAGGGCCAGGGTGATCCACACCGCGCTCCAGATCCCCGCCTCCCGCATGGAGGGCGCGTGAACCCGCCGGTTGAAGACGCCCAGATCCAGGGCAAGCATGAGGAACACGAAAGCATGGAAGCCCACCCAGGCCCACCAGGGAGCGGCTTGCAACAGTGCGTCGACCAAGAAACCTCCAGACCTTCCAGCTTAACGAACCGGGGAAGGGGGGGCCCCTCCCCGCTCGCCCGCGCCCTGTCCTGTCATTGCACCCGCTCTTGCACCTGTCCTTGCGCCTGCCGTTGCGCCCCGCCGGGGCCATGGCCGATCATGGCCCCGTGAGCCTCCCCCGCCTCTTCCTCGATGTCCCGCCCCCGGCGCCCGCTGCCGAGAACCTGGCCGTGCCCCTGGGGGCCGAGGCCGCGCGCCACCTCAAGGCCCTGCGCCTGAAGCCCGGCGCGGCCCTGGAGCTGGTGCTGGCCGACCAGGTCTGGACCGCCGACTTGGCGGAGCTGGACCGCGGCCAGGCCGTGGCGCGTCTGGTGGCCCCCCTGCGCGAGGATCGCGAACCGCCGGTGGCCTTGGTGGCCTGCCTGCCCATCCCCGCCCAGCTGAGCCTCTTCGACGAGTGGCTGCCGCCCCTGGTGGAGCTGGGCGTCACGCTGATCCAGCCCGTGGTCTATGCCCGCAGCGAGTTCGACGCCGCCAAGACCGCCGCCCGCATGGAGCGCTGGGCCCGCCTGATCCAGTCCGCCTGCGAGCAGAGCCACCGCAGCCGCCGCCCCGAGCTGCGGGCCCCGATCCCCTTCGCGGGCCTGCCCGCCTGGGAGGCCCCCCAGAAATGGGTGGCCTACGAGCTGGCCACGGGGGAGGCGAACCCCGCCTTCCGCCGCGAGGCCCTGGCCTTCACCAGCGGTCCCGAGGGCGGCATCACCGAGGCCGAGTTCGCGGCCCTGGCCGCCGCCGGCTGGGCCCCCGTGAGCCTGGGCCGCAGCATCCTCCGGGCCGTCACGGCCCCCGTGGCCCTCCTGGGGGCGGTGCAGTTCGAGCTGGGAAGGCCCTGAGGGCCCGGTCACACCCGATCAAATAATTTATAAATATTAAAAATGAATGATTTGGACCGCTCAAGAATGCGCCCGCGCCGCCGATGAGTCTCTTTGTGCCCGGTCCGGCGTGCGTTCGGACGGCCCCGAGGAGAATCTTCCATGAAGCTTGTGACCCTTCTGTCTGCCGCCGCCCTGATGACCGCCTCCCTGTCCGCCGGTGACTACGATGCCCTGGGCAAGGCCATGCGCTCCACCTGGCCCCAGATGTCCACCGTCGCCGTGGTCTGCGACTCCGCCCACAGCAAGGGCGCTGTGGATGCCATCAGCGGCGCCATGACCGGCATGAAGATCATCGTCATCGATGTGAAGGGCCCCCAGGACATGGGCAAGGCCCTCGGCACCCTCGGCGGCCGCCGCCCCGATGCGGTGGTGCTGGTGGCGGGCGACAAGGTGGCCGGCGACGGCACCAGCGCCGCCTCCTTCCTGATCCAGCGCATGGCCGCCTCCAAGGTCCCCACCCTGGCCACCACCGAGGCGGGCGTCCGCCAGGGCGCGGTGCTCGGCGTGGGCCCCGGCACCGGCGGCAAGCTCCTGGGCAATGCCAAGGTGGCGGGTGTGGCCGGCGTGAGCCTCCCCGCCAACGCCAGCCAGATCTAAGGCCCGGATCTAACCCGGCCACACCACATCATGCGAGGTATGCTGGAGGCTCCCCCGGGAGCCTCCATGCGTGTACCGCCGCCCTTCCTGGCCGCCGGCCTTCTCCTTCCGGCCGCCCTGCTTGCCCAGAGCCCGGCGGAGCCTCCCCAGGCCACGACCCAGGCCAAGCACCCGGCCGCGATCCAGGAAGCCCCCCTCCGCGCCCACCTGGCCTTCCTGGCCGATGACCTGCTGGAGGGCCGCGGCACGGGCCAGCGCGGGGCCGAACTCACCGTGCGCTACCTGGAGACCCAGCTGAAGGCCCTGGGGCTGCGCCCCGCCAAGGG
NZ_AP027079.1_gap69	3265481	3265981	500	TTGCGCTGGACGGCGCGGCCCGTCTTGCGGGGCGAGGTCACGAGAAGCAGGGGCCCGGGTAGACCCAGGTCATCGCCCGAGCCGTCACCGGCGCGGCGCCAGGCCCGGATGTCCAGAAACGCCTCGGGCCCCAGCAGGGGCCGGGGCAGGGGCGTAGGTACCGCGTGGTCCCTTTGGCGGACCGTACGGAATCGGCCCTTGAAGATCACGGGAACGGCGTCAGACCGCCAGGACGTGGCGGCCCTTCGCGCGGCGGCGCTTGAGCACCAGGCGGCCGTTCTTGGTCTTCATGCGGCTCAGGAAGCCGTGGGTCTTCGCGCGGCGGCGATTGTTGGGCTGAAAGGTGCGCTTCATCATTCCACCTCGGGGGTCTCTCCTCCCGGGGAGGAGGACGAACCTTCGAGGGTATCAGCGGTGGTCCCAGGACTCAAGGGCATTTCCATCCTCCCATCCCCCCCGCGGGGTGCTAGATTTGGGATCCTCCCCGCGAGCTTGTCGTG
