gap_id	start	end	length	sequence
NZ_AP014722.1_gap1	1131	5983	4852	CTGGAGTATCTGGCACAGGAAGTAAAGCATAATATCCGTGAATTGGAAGGCAGCCTTAACCGGGTGCTGGCTTATGCCCGCCTGTTAAGGGCAACCATTACCCCTGATCTGGCCGCCAGAGCCCTTTCAGATATCGGCTCACGCCCGATCAGGGAAAACAGCCCTCTCCGTCCCGGTAATATAATTTCAGCCGTATCCCAGGTATTTCAAGTACCGACAACCGAACTTTTGGGTGCCGCCCGTGACAAAGATACGGCTCTGGCTCGTCAGTTTGCCATGTTTATGCTCAAGCAGCAAAATTCGGCCTCTCTGGTAGAAATAGGCCAGTCCCTGGGGGGAAGAAGCGCTTCCACCGTCAGCCACGCCTGCGATAAAATCCAGCTGGAGCTGGAAAACAGCACTTTTCTTCGCCTGAAAATGTCCGAGGTTCAAAACCACCTTTCCCAGCAGCGCCTTTCTCGCTGATATTAACCCTTTTCGCCGTACCGCTTTTCCTTATCCTTATATTTTTCTTTATTTTCATTCTGCCAGCAGGGTGCTTTTGCCGGTTTTTCTATTCTTTTTAGACAGTCTTTCTATAACTTTGTTATATTTTTCGATAACCAGGTTGAATTTTCGATAACTTTAAGGGAACTTTGCTTTGAAAATAAGGCCGGAGGACAGGAATAGCGATTTTACTCGTAAAGCTTTATTATTAGTATTTCTGATATACTTAAAAAATAAACTAGTTAAAGTTTACAGGTTTTCGACAACTCAAGAATTAGATAACTTTTTAGATAAGGTGTTTTTATATGTTTGACAGAGTGGAAATACGGATTAAGTCCGGAGACGGCGGCAGCGGCAAGGTCAGTTTCCGCCGCGAAAAATTTGTGCCTTACGGCGGGCCGGACGGGGGCGATGGTGGGGATGGGGGCAATGTATATCTGGAAGCGGACTCAGGGCTTTACAGCCTTTTAAATTTTAAACATAAACGGGTGCATAAGGCGGCTAATGGCGAGAATGGTATGGGCAGCCGCTGTACAGGCCACAACGGGGCTGACCTGGTGATAAAAGTGCCGGTTGGTACGGTTGCTACTATTGTGGAAGAAAACGGCCAGAAACGGGTTCTGGCTGATTTGGCCGCTGACGGAGACCGTACTCTGGTAGCCCGCGGGGGACAGGGCGGACTGGGTAATACCCACTTTGTTTCATCCACCAACCAAGCCCCCATGCTGGCTCAGAAAGGCCAGCCGGGCGGCGAATATGAGCTGATACTGGAACTGAAACTGATTGCCGATGTGGCTATTATCGGCTATCCGAATGTGGGTAAGTCTTCACTGCTTTCACTGCTTACTGCGGCCAAACCCAGGGTGGCTAACTACCCGTTTACTACACTGTCACCGGTGATGGGTGTAATTCAAAGGCCGGAGGGTGCCTTTGTTATGGCGGAAGTACCCGGCCTTATTGAAGACGCCCATCTTGGCAGGGGGCTTGGTCATGACTTTTTGCGTCATATTTCCCGTACCCGCATGGTTATCCACCTGCTGGACGGGACTTCGGATAACCCCATAGATGATATGATAAAGGTCAACAGTGAGCTGTACCTTTATGACGCCTCTTTGTCGGAACGTCCACAGGTGGTGGCGGTAAATAAAATAGATGACGAACTGGTACAGCTTAGACGGGAAGAGTTGACAGAGATCTTTAAAGAAGCCGGGCTGGAGGTATTTTTTATTTCTGCCCTGACAGGCGAAGGGGTGGAGGTGCTTTTAACTAAAGTAGCTGAAAAGCTGGCTATTCTTAAAGCGGCAGATGCACCTGAAACAGAAACTGACCATGAAATCAAGGTGTTCAGGCCTGCCCCCAAGGGGAAAATGGGTTTCCGTATAACCCGCCTGGAAGACGGCTGGCAGGTTGAAGCGCCTGAAATTGAACGTATTATTGAGCACTCTGATATTGAAGATTTGGAGGTCAGGCGGCAGATAATGGTGCTTCTAAAACACCGGAATGTCCAGCAGGCCTTGATAAAGGCCGGGGCAGTTATCGGCCAAAAGATTATAACCGGCAGGATGGAATGGTATCTTTAAAAACAGGCATATTGGGGGGGACTTTTGACCCCATTCATACCGGCCACCTGATACTGGCCGAAGAAGTAAAAAGCAGGCTGGGGTTGGATGAGATTATTTTTATACCCACCGGCCAGCCATATTACAAAGCGGACAAGACTATCAGCCCGGCAACAGACCGCCTGAACATGGTTAAACTGGCCATATCAGGCAAGCCCTATTTCAGGGTTATGGATATTGAAATAAAACGAAGCGGCCCTACCTATACGGCAGATACCTTAAACGACCTGAAGCTTATTCTGCCCGAAAAAACCGAACTTTACTTTATATTGGGCTGGGATAATCTGGAGGCTTTGCCGCGCTGGCATAAAGCTCCGGAAATAATACGGCTCTGCCAGCTGGTGGCTGTACCCCGGATAGGGCAGGTGAAACCGGATGTAGACGAACTGGATGATAAACTGCCCGGTTTGCAGCAGAGCCTTATTATGCTGTCCAAGCCGGAGGTAGATGTCTCTTCGTCTCTGGTAAGGGAAAGGGTGGAAAACGGACAGGGCGTGGAACATCTGGTGCCGGCGGCGGTTGCTGCTTATATCAAAGAGCACGGTCTGTACCATAGGCAATAAAGCCGCTATTTTAACGTCAGACAAAAAATAAGGGGCTTCTTAAGAAGCCCCTTAGCTGTTTTCAAAGGCTTTATTTCAGCCTTAGATATCCAGATTCTTAACTGTTTTGGAATGGGACTGGATAAAGGCCTTGCGGGGAGCCACTTCACCGCCCATCAGCAGGTTGAAAATCTGGTCAGCCTTGGCGGCATCTTCCACTTTTACTTCAAGCAGGGTGCGGCTTGCGGGATCCATGGTAGTCCTCCAGAGTTGTTCGGCACTCATTTCACCCAGACCTTTATACCGCTGGATATCTACTTTGGTGCTCTTGGTTTGGGAAAGCAAAGTTTCTTTTTCGGCATCATTGTATACCCAGTGTTCGGTGCTGCCTATTTTTATTTTGTAAAGAGGCGGCTGGGCAATGAACAAATGGCTTTCGGTGATAAGGCGGGGCATATGGCGGAAGAAAAAGGTCAAAAGGAGTGTCCGTATATGTGAGCCGTCCACGTCAGCATCTGTCATGAGTACCAGGCGGTTGTAGCGCAATTTTGCGGGGTCAAAATCATTATCTATGCCTGCAGCCAGAGCGGTAATGATAGCCCTGATTTCTTCGTGGGCCAGCATCTTGTCCGGTGAGGCCTTTTCTACGTTTAAAATTTTACCCCGTAATGGGAGTATAGCCTGGAAGCGGCGGTTACGGCCCTGTTTGGCTGAACCACCGGCCGAGTCACCTTCTACCAGAAAGAGTTCACACAGTGAAGCATCCCGTTCCGAACAATCCGCAAGCTTGCCCGGCAGGGTGCCTGTATCCAGAGCACTCTTGCGGATAATAAGATCGCGGGCCTTGCGGGCGGCTTCACGGGCCTTGGCGGCGGTGATACATTTTTCTAATATGCGTTTGGTATCATCAGGGTGTTCTTCCAGATAAAGGGAAAGCTGTTCGGCAACGGCGCTTTCCACGAAGCTCTTTATTTCAATATTGCCCAGTTTGCCTTTGGTCTGTCCTTCAAACTGGGGTTCGGGCAGTTTGACGCTGACAATGGCTACTATGCCTTCGCGCACGTCATCACCCATCAGGTTCGGGTCTGTGTCTTTAAGGAATTTTGACTTGTGGGCGTAGTCATTGAAAGCTCGGGTCAGGGCGGAACGGAAACCGGTAAGATGAGTGCCGCCGTCAATGGTATTTACACAGTTGGCAAAGGTAAGGGTAGAATCCGAGTAGCCGTCATTGTACTGGATGGCTACTTCCAGAATGGTGCTGTCTGATTTTTTGGTTATATAAATGGGCTGGCGGTGGCGCACTTCGCGATTGCGGTTTAAGTGACGGACGAAGCCGGTGATACCGCCCTCAAAATAATACGTACGCTCCTGGTCAGATTGTTCGTCATAAATATATACTTCAAGCCCTTTGTTGAGGTAGGCTATTTCCCGCAGGCGGTCGGTTAGGATCTCAAAGTCATATTCCGTAGTGGAAAATATCTGTGAATCCGCTTTAAATATAGTGGTGGTGCCGGAACCGTCTGATACACCTATTTCTTCCAGCGGGGTGCTGGGCTTGCCGCGTTGGTAGCTTTGCTGGTAGATTTTGCCGTTGCGCCTGACCTTGACCGTAGTCCATTCGGCCAGAGCGTTTACTACTGACGCACCTACCCCGTGCAGACCGCCGGATACCTGATAGGTCTTGCCGCCGAATTTGGCACCGGCGTGGAGTACGGTCATAACCGTTTCCAGGGCGGAAATCTTGGTTACGGGGTGAATGTCCACCGGGATACCGCGGCCGTTGTCTTCAACGCTGACGCTGCCGTCTTTAAACATGATAACCTTAATCCGGTCGCATACCCCAGCCATAGCTTCATCTACGCTGTTATAAACAATTTCATAAACCAGGTGATGCAAACCGCGCTGGTCAGTAGAGCCGATATACATGCCCGGTCTTTTGCGGACAGCGGCCAGACCTTCCAGTACCTGGATATCACTGGCGGTATAGTTTTCTGAATTTGCACCCGGTTTGGCTTTATTTACATCTAACATAATTTCATTTCATCCTGTGGCTTAAAATACATAAAGGAGAGGAGGCAGAGACAAAGGCTCCGTGAAAAGAGACAAAAAAAGAGAGGTTTCAGAGGTGGATTTTGACAGACTCTAAAAGCTTTCATTAGATATCCAATTATAGCACAGAGGGTTAAAGGGGTAAAGAAATCAGCT
NZ_AP014722.1_gap2	30870	32364	1494	ACAGCATTATCAATCTCCCCCTCTGGGTTGACTACCACGTAGTCAAAGTCGGGGAGTTTTTCTATTTCAAGCGGGGCTGTAGCCAGCCGCCGCTTGAGGGATTCGGGTGACTCCGTCAGGCGTTGTTCCAGACGGCGGGTAAGCTCTTCCATATCCGGGGGCATCAGGAAAATAAATACCGCATTCGGGACTATTTTTTTAATGCTGGCCGCACCCTGTACGTCCACCTTTACAATAACGTCAAAACCGCGGGATAAAGCCTGCCTGATAGGTGCTTTGGGTACACCGTAAAAATTTCCGTATACATTCGCCCATTCCAGCAATTCATTCTGCCCGATAAGCTGCTGGAACTCCGAAGGTTTGATAAAATTATAGTCAACTCCCTCAGTTTCGGTTTCCCGTTTGGGGCGGGTGGTAGTAGTGACAACATAAGTCAGAGGCAGTTTACGTTCTTTCATGCGGGCCAGAACTGCATCTTTGCCTACGCCGGAAGGACCGGAAACAACTAACAGCAGGGGTTTTTCAGCCTTATTAAAGTTCCAGTTTGTCATCAACCAGCTCAGGCTTTACCGCACCGCCGCGGCTAATAGAAAGGCGTCCGGTAATGGTTTCAGGGGCAAGCGCCGCCAGTACGATATGCCCGCTGTCAGTGAATATAACCGCCTTGGTCTTGCGGCCGTTGGTCATGTCTATTAAAAAGCCTTTAGTCCGGCTTTCCTGTATAATACGTTTAATAGGGGCGGAACTGGGTGGGGAAATGGCAATAACCCTGTTCATGGCCAGAATATTGCCGAAGCCGATATGGACAAGTTCAATAAACATGCTATTTCCTTAATGCTTAATAAGGCAACCAGAGGTAAAACGCTTAATATATTATAACTTTATCAAGCTAAATTCAACTGGGTCTGGTTTGAAGTAAGGCGTCATTTAATGATAAATTATCATAGGTTTTTATATTTACCTGTAAATTGGCACTAATACTCATAGATGCTTCTGGGTTTTGTCCAGCGGTATACTGGCAAGGAGAGGTATGTATACGATTGTTGAGCGGCAGGATTTGTTGCCCAAGGTACACTTGCTGAAGATACAGGCACCTAAAGTAGCGGCTGCGGCTGCTGCCGGACAATTTGTGATTTTAAGGATTGATGCTGAGGGAGAGCGTTTCCCTCTGACTATTGCGGACTGGGACGTTAAGGCGGGCACGGTTACGGTTATTTACATGGAGATAGGGGCATCCACCCGCAAGCTGGCCAAACTGGGTGCTGGTGATGCCATACTGGATTTTGCAGGCCCTCTGGGCAAACCTACCGAGATTGAAAATTTCGGGACAGTGGTCTGCGTAAGCGGCGGCTTTGCCATGGCTACTATTGTACCCATTGCCAGGGCTATGAAAGAAGCGGGCAACCGGGTGATAAGTGTGGTGGGTGCCAGAAGCAAAGATTTGTTTTTCTGGCATGACCGCCTGGAAAAATATTCGGACGAAATGATAGTCTG
NZ_AP014722.1_gap3	65949	69386	3437	TCTTCCAGGTAGAGGCTACAGTTTCCTCTTTCTTTTCCTTGTCCCAGTAACCGCCGTAACTTACCGAGAACCTGGTTACGGCTTTGCCGGTGGGTGTATAGGTCATTACCGGTTCTTTGGTTACCCTTGCCCTGTGGATTTTCATCTCACAATAAGATTTGCGTTCATACTTCTGGTCCATGTGTTTTCCTTTCGTTTTTAAAAGTTAAGCCGTACCACTTACGCAGTACGGCTTGCCCACATCAGCTTTAGCTCCTTTAATGAATAACCGCCGGTAGCCACTCCTTTGTTATTTTCTATATTTGAAGCTTTCGCTTTGCGGTCTCGTATCTCCTGAAGGGTAGGCAGCCGGGGTCTACCCCCAAGCTTGCCCAGTTCCTTCATATGTTCCCGGCCATATAGGGCTACTGTTTTAAGTCCACCCAGGCGGCCAGCCTCTTTATTTGTTAGTTTGTGTCTCATCTAGCACCTAATGTTAAAAATACAACAGAATTGCCTATAATGTAACCGAATACTGTTTTAAATACAACAGTGAATACGGTTAAATAGACGTAAATACAACACTAATTTAGTCTCAATACCTCTCCATATCTTTAAAATTCACAACGATACTGTTACAATTGCCACAGTTGAGGTAAAAGATGTCTAATTTAGGGATAATAATTAAAGAGTTGAGAGAACGCCGGGGGTGGCCTCAGACTGAATTAGCTGATAGAGCTGGTATTTCCCGGTCTAGTCTGGCCACAATTGAAATTGGCCGTTCTGTGCCGAAGGTAGAGACTTCAATAAAGATTGCCAAAGTTTTCGGCATGACTGTTGAAGAACTCTATTCAAAAGCTGGATTTGAAACAGGTAAAGCCTTTACTGAAACTCCTGAAGATATCCTGGAACGCCTAAGATTGGCTTCGCCCATAGCCGTACCAGTTTACACAGATTTCGTTATTCATGCCGGTGATAATGTTGAAGCCCCGATTGAATATATCTACCTGGCACGGCCTAAAGCCACTGGCAAGAATATAGAGGCTTACCTTATAAAAGGGCAGTGCATGGAGCCGGATATCCGGGACGGGGATATTGCCATTGTTGACCGCGACACAGTCCCGGAAAAAGGTAATATAATCCTCTGCCTGATAAACAATGAGATTGTTATCGGCCGCTACCTTATGGATAAAGAAGGCAAGCCTTATATTCAGAATGGTCACGGCAAACATGACCTTAAAGAGTGCCAGGCTACAGCCGTAGTTATTAATATATCGAGAAATATGAGATAAATAGGATTATTAAATGACCAATTCTAGAAGTGATAATAGGGAATACTCAGCAACAAGTCTAGCTAAAGAGCTCAATATCACGCCTCAAGATACGTTTAATAATCTTCAAACACTTGGTTTTATAGTAAGAAAAGATAGCACCTGGGAATTAACGCCTTTAGGTATTTCTAAAGGTGGAATATATAAGAATAGTGAAAAATTTGGCCGCTATATTTCTTGGCCAGAATCTGTCAAAGACTTTTTATCAGATGATAAACTAGGACAAAGCAATTCAGATATTACTTCCACAATTATAGGTAAACATTTCAATGTCCCTGTTACAAGAGTCAATTCTATCCTTTCAGAATTAGGTTGGATAAAAAAGCATCCCGTAATGGGTTGGGAAATCACTGCTCAAGGTAAACGCTTTGGGGGTGTGCAGCATAAATTCAGTGCTACCGGTGCCCCTTTTGTTAAATGGCCAAATGAAATTCTCAATAATAAAATACTTATTATGAACGTTGAAGAGACGCAAGGCCAAGTGAGTAAAGTAGGTAGCGATAATAATCATTCCACAGATGACCAGGGCTTTAGAGAAAAATTTAAGGCGGAATTCAGAGTTAAAGATGGGCATTATGTTCGTTCAAAATCTGAAATGATTATTGATAACTGGTTATACGATTCTAAAATAATTCATGCCTATGAAAGAAAACTTCCAATAGAGGAAGATCTTTATTGTGACTTCTATATTCCTACAGAAAAAGTCTATATAGAATATTGGGGATCAGAAGAAGCCGCCTATTTGAACAGAAAGAAGAAAAAACTTGAAGTTTATAATAAATATAACTTTAGGTTAATTGAATTGACTGAAAAAGATATAGCCAATATTGATGATGTATTGCCTGCCAAGTTACTGGATTATGGTATTGCGGTTGAATAGGGTTTTCAACTATTTCATGCAAAGGAATGGTTATTGTTTTGACATCTAATAGTGTTATAAATTTAGATTCTGAAATAGTATATGGAATAACAGCTCGCCAGATTGAATTTTATAAAGAGGCTGCGGTAGTTTGTTTTTATAAACAAGATCACACTAGTGGTGTTAAGATGGAATTTTCGGGTATTTTTAATGGAGAATATATATTAGTATGGAATAATTTTCCACGAGATTCCGAGCATTCTTGGAAAGATTTACAAGAGGCTATAGAATATGGGGCATGTGCAATTGCTTGCATTATGATTACAAAAATTACTCCGTTTAATTATATTGAGCGTTCTCAAAAGGGAACAGGTTTTGATTTTTTTATTGGAAATACTTCTGATGAAACTTTAATTTTTAATAATAAGGTGAAATTGGAAGTATCAGGAATACTGAGCGGAGATGACACAGATATTAATAATAGAGTTAAACTCAAAACAAATCAGATAAATAAATATGATAATAATTCAGGGTATGTGTTCGTTGTTGAATTTAGTAAGCCAAAGTCGTGCATAAAAGAAGTATGAATACGATAAAAGAACTTCATCAACATGCTATGGAACTTGCCGATAAAGCCGTATTTGAACGTATAAATGGCAATGTAGAGGCATCTATAGATTATTATAAACAAGCTTGTGAATACGAAAAACAAGCGGCTAATTCTATATCTAAAGACGCGCAAAATGAACCCACGAGATCAATTCTGTTTCGTAGTGCCGCTTCACTGGCTATTAAAGCAAATGATAAAGCTGTTGCTGAAAACTTAGTTTTTAATGGATTAGCAGGTTTCCCCCCAGATGATATAAAGGCTGAATTATTAGAATTATTCGACCAGATTGATTTTGAAAGGCATCTAGATGCGAAAGGGATTGTTTTAAATTCAAATGACTGTTTAATTACTTTTGACGGTAATGCCATCGGGCCAGGAACTACACCTGGTACTATATTAATTAAAAAACTCCAGAGTTTTCAAAAATTATTATCTCGTACTGTTGAAAGGAAGCTCGGTCATCCTTTCAGAGAATTTGGAACACTTCCTAAAATCATACAAGACTACGATTTATATATTACAGCTAGTAGATCTGGTAGTTTTAAATTAGCTTTGAGAGTATCAAATCCTAAAGCGAGACCTTTACCAGGATTTGGAATTGAGTTTATTGAGCCAGATTTAATTGTTGAAGAAATCATGGATTGTCTTGATGTTTATA
NZ_AP014722.1_gap4	97738	98996	1258	ATTAAACATTTTTCCTACTCCATTCCAAAGTGGTTCTTTTGTCTAAACCCGCTTACGCCGGTCTAGTGCTTGCCAGCCTTATTTCCAGCATGCTCGGCATCGTGTGCCTGAGCCTGAATTCTGCGGCCGCGGAAGTACCATACACCAACCATCAGCGAAGCTACTATGGAGATTTCCAAAGGTATATTGCCAAGGAATTCTCTGGTAAAGCTGGGGAAGAACTCATGCTCGTGCATGTCAAAGCCGAGTTTTTCGGGATGGACGCTGCTTAAGTATAAAACATGAGTACCGCCGGCTTCTTTTTCGCCGTAGACATAGGGGTAATATCTGTCAGGGTTGTTTGAAAGTCTTTCATAGGCTTCGGCAAGCAGGTCAGCCCGTTCGCCGAATTTAATAGCGCCGGTGGGGCAGGTAGTTGCACAAGCCGGTTCCATGCCTTCATCTACCCTGTTCCAACACATAGTGCATTTGGTGATTTTAGCCCAGTTGTCATCCCACTCAAATTTGGGGATTTGGAAAGGGCAGGCATTTTGACAATAGCGGCAGCCGAAGCATTTATCTTGATCCCAGACTACTGCGCCGTTAGGCCGTTTGTGGAGGGCACCGACCGGACATACTGAAACACAGGCCGGTTCATAGCAGTGTAAACATCTTTTATGAGCGAAGATCCATTGAAGTTTTCCGTCTTCTTCAATCTCCCTGCACTCCAGCAGGTTGTAGTTGAATGCATTCTGTTCCAGGGGATTGGTCACTTCAGGACTGAAAGTTGTCTTGACAGCGGGGTTTTCGTTCCACTGTTTACAGGCTACCTGGCAGCCTCGACAACCAGTACATCTAGTGGTATCAATCAGCATTCCATTAGGCATTCCTGTTGCCCCCCTTGTGCTTTAATCTATAAAGGGCATCGCCCTGTATTGCATAAACCAAATGCCATTGTGCAGGCATTTTGCAAAAGAGGTATAAAACCCATATTGTCTAGAATACCTCTAAATGCTACTCACGTGCAACTTGCAAAGTTCTAATACTTTCCTTCTGCCTTAAGTCCGTTGGCACTAGGCCTTTTTTCGGCCAATAGCAGACGGAGTCCTGATTGGTAATTGATGTATTGTAACATACAGGTTTTTACATCGTCAAAGGGGTATTAGTACTTTGATACTAAGTCTTAATCGTAAAGTAAAAAATATTGTATATATTTTTACAAAAGATTATAAGGAACTAATATTTTTGGAAGTTATCTGTAATAGAGCAGGCCGGAATA
NZ_AP014722.1_gap5	100733	104006	3273	GCTAGCAGGAAGCCCAGCCCGGTTACCATAAGGCTGCCCAAAATAAGCACGCTTAAGGTTATAAGCGGCTGGGAGCTGAACCCGCCGACCAGCAGCATAAAGAGCACCACCTGCCCCAGCGCCATGCCAACCCCTATTATACCTTTGGCGGCAAAGAGTTCGGGTACGCTCATAGGGGTTACCAGCAGGGCTCTGGCCGTACCCTGTTCGTTTTCTTCGGCTATCAGGCTGGCCAGACTGAGTATTTCCATCATAAGTATAAATATGGCCAGCAGTGGTACCATCCGGTTGCGCATGGGTATCTGTTCACCCAGCATATCCTGTCCCATTACCTGCTCGTTGGTATCGAATGTAAGAGACTGGCCGGTCTGGATATATGACAGCTCTTTTACCATGCTGATTATGGCATCCCGCAGCTCAAGCGGGGCGGATGAGGAATAATATATTTCTATTTCGGGTTTGCCGCCTGAAGCCCAAACCTGCATGATATCTTCCGGCAGGGCAATAACCGCTTGGATATCCCCGTTTTCCACTGCGGCTTTAGCTTCATCAAGCGAGTCATAGCTGGAGAGGCTGTTTGCCGGGTCTGCCACCAGTACTGAAAATGCCGGCGGCATGACCGGGGCGTATATACCCGCTTTAAGCTGTTCGTCCACTTTGTTGGGCATGATAAAGAAGATAATGATATAAAATACCAGCCCGACAATAGTCATCAGCATATAAAAGCGGTTTTGTAGGAAAAGGGAAAAATCCTTTTTCAGCAGGGCTTTTATAATGCGAAAGTTCATTCGGTCAGCCTCCGTCCGGTTATCTTTATAAAGATATCCTCCAGAGTGGCTTCTTCGCTGTGCAGGGTCAGCACCTGTTCGCTATCAAGGAGCTTGCTGACCTCTGCGGAGGTTTTACCGGTATCCAGGGCAATCTCTCTGTTTTCCAGTTTTCCGTCCGGGGTTTTTATCTTGGCTACCAGGGAACGTTTGCCGTACTGCTGTTTTAAGTTCACCGGGGTATCCAATGCGGCAATAGAGCCTTCGTTGATAAAGGCTACCCGGTCACACAGTTTGTCTGCTTCCCACATGTCATGGGTGGTTAAAAATATGGTTGCCCCCCGCTTGCGTTCTTCCAGTATGATGTCCCGGATAGATTCTGAAGATACGGGGTCAAGCCCGGAGGTGGGTTCGTCCATAAAGAGTATGCTTGGGGTGTTTACCAGAGAGCGGGCTATCATAAGGCGCTGTTTCATGCCCTTGGAGTAACCGGATACTTTGTCTTTTTCCCGTCCGCTCAGCCCCACCCTTTTTAAAAGAGCATAACCGTCAAAGTTTTTCACTCCGAACAGGTCAGCAAAAAGCTGGAGGTTTTCCAGAGCGGTCATTTGTTCGTACAGATTGGTCTGTTCAAAACAGATGCCTATCCGCCGGTGGATTTCCTCGGTATCTTTAGCCACATCAAATCCCAGCAGGGTAGCCCGGCCATCCTTCGGTTTGAGCTGGCCGGTCAGCATTTTCTGGGTGGTGGTTTTGCCTGCCCCGTTGGGGCCCAGAAAACCCAGAATTTCACCTTGTCCAACCTCAAAGCTTATCTGGTTTACCGCTTTCAGGTCTCCGTACCAGTAGCTCAGTTTTTCTACCGAAATTGATATTTGACTCATCAATTACTCCTTAAGCCAGTTTTTGGGTGCCTGTTATTGATATCCGGTATCAGGCAGGCATCGTTTTTAAAGAAGCCGTACATCATTATCCGGGAAAGTTCCATTATAAGGTTTATTTTGTCTTTGGCGGGTTCAAACAAGGCGGCGTTGGCATTAAAACCATCACGGACCACTTTCAGGTAAATAAATACCGCTTCTTCGGAAAGAGACGGGTCTACATATCCTTCAGCTTTGCCGTCCGCTATCAGTTTCTGCCACATGGGCTGGATTTCTTTCTGGTAGATTTCCTGTATCAGGGCGGCTACCTCATCATCCATGTGCACCAGTTTTTTCAGTATCTCTTCCGGCATTTTGCCGGCCATATCGTTTTTGTTGGAGAGTATCAACTGTATTTTACCGGGAAAGGGCAGGGGACGGGATATGATATCTTTTGCCTGTATCAGGCTGTTGTCTATTATTTTTTCCACCACCCCGTGCACCAGTGCTTTTCTGCCCCCGAAATTGTTGTAAATGGTAGTGGGGGAAACCTTGGCCTTGCGGGCAATATCTTCAATACTTACTTTGCCGGCATCATGTGAGTTCAAAAAAAGGTGGGTAGCGGCCGAGATTATTTTGTCACGGCTGGCAGTGCTCTGTTTGGTTCTGGTCAAGGGAATTTGCTCCCCCTTTGGAATATAATACTGTAGAAATGCTATAACCTTACTACAAGTAAGTCAATATCTTTCGGAAAATATTTTTTGCAAACAGGTGATGCTATGTGGAATAGTCAAGCTGTTTAAATACAAAAGGGGGCTTTTAGCCCCCCGTTTTATTTCAGATGGTGCGGTATCTAAACCAGCATTTCGTCACGTACCACCTTAGAGGCCTGGGGTTTGGCAAACATATCCATCAGGGTCAGGGCAAAATCCATGGCGGCCTGAGGGCTTCGCCCGGTAATAAGTTTGCCTTCCACCTTCACCCGCAGGTCACAGGCAGTACAGTTTTTTAGCAGGTGCTTAACCCCCGGATATATGGCAACCTCTTTGCCGTTTATCACCCCGGCTCTGGAAAGGACTGCCGGACCGGCACAGATAGCCGCCAAATATTTGTTTTCGGTATGGGCAGTGCGGATAAGCTCAAGCACCCGCTGGTCTTTGCCCATATTTATAAAGCCGGGATTACCTCCGGGCAGAACTAGTACTTCGTAATCTGTGGTCTTTAGGTCATCTATATACATATCCGGCATGATGCGGATTCCCCTTGAGCCGCCGGTAAGACCGTTTTTAAGCCCCACTATCTTAACCTCAAGGTCTGCCCGCCGGAGGATATCCGTAATGGTGCAGAACTCTATTTCTTCAAAACCTTCGGCTAACAAAACGGCAAAGCGGCTCATAGTTTCCTCCGAAAACAAATAAAAATAGTGATACCCGCACTCGGGAGCTTAGCCCATTTGGAGGATTAATATTATAGCCCAGAAATTTGCCGAAGTGAAATGTGCCTTTTTCAGCTACAAAGTCACAGGTTTGCAGGCCTTTGGAGTGAACGGCTAATGCTTGCCGTTTCTTGACAGTACAGTAGGGCTAAGATAGAATAAACTTCATTTCTGTCTTTTTGCCTCAGTATTTTCATATGTCCTGTCTGAG
NZ_AP014722.1_gap6	210936	211933	997	AAATGCTTATTTCGGGGCAGGGCAGGTGCAATATTTCCAACAGCCGGGATATTGCCGAATTTATCACCGCTTTCGGTCCTAACGGGCGGTTTTTATACAGCGCCTTCAGCCGTTTTTTCCGTCAGGAGCTGGTAGATTTGCTGGCACATTATGGGGTGGAAACCAAAACCGAACGGGGCGGGCGGCTTTTCCCTGTTTCGGATAAAGCTCATGACGTGGTGGCGGCTTTAACTGAATATGCCTCCGGTGCGGCTTTGGTAAGCGGGCAGAAGGTCAGCCAGATACTGGTAAGCGAGGGGCGGGTAGTGGGGGTCAAAACCGAAAAGGAGACCTTCAGGGCGGATGCGGCGGTGATTGCCACCGGGGGTGCGTCCTATCCCGGTACCGGCTCTTCGGGAGACGGTTTCCGTTTGGCGGAAGCGCTGGGGCATACTGTAGTGAAACTACGTCCGGCTCTGGTGCCTCTGGTGGTGAAAGAGATAGATTTGGCAAAGAGCATGCAGGGGGTGGCCCTGAAAAATATCCGCCTGACGGCCTACCGCTGTGAAGCGGATAAAATACCTGCGGATCTGACCCTGCAGGACTGGGGGCGGGGTATTGCGGGCAAAAAACCGCCCAAAGCGGTGATTGAAAGCCGCATGGGTGAGCTTATGATTACCCACTTCGGGCTGGGCGGGCCTTTGACCATGCTGATGGGGCTGCCGGTTGCCGAGGCACTGGAGCAAGGGGCGGTGAGTGTGGCCATAGATTTAAAACCGGCACTTTCACTGGATAAACTGCGTCTTCGCCTCCAGCGGGACTTTGATACTTTCGGCAAACGCAGTTTTCAAAACCTGCTCTCAGAGCTTTTGCCCCAGAAGATGATAAGGCCGTTTGTAGACTTGACCGGCATAGACCCGTTCAAATGCGGCGGCCAGATAACGGCGGCTGAACGCGAAGTTATCTTGGCAAACCTGAAATGCCTGCGGTTCAATATTACTTCCACTCTGCCTTTAAG
NZ_AP014722.1_gap7	220955	223930	2975	ACATGGGGAATATTTTACATAAAGGCTGGCTGGCCAAGAAGAATCTAAGCAGCGGTATTTCAAACCCGTATATAGACCAGTGTTACCAGTCTGCATTAAGTGCCGGTGCTTACGGGGGCAAGCTTTTGGGAGCGGGTGGCGGCGGCTTTTTGCTGGTCTGTGCCCCGCCCAAGAGCCATGATTCCGTACGCCGGGCGCTTTCAGATTTGCCGCAGGTGGATTTTGAGTTTGAACCTGAGGGTAGCAAGATTATTTATGTTTTATAAAGTCAGGATACTAAACGGAGGTAAATTATGATTATCAGCAAACCAAGTATCACTAATCTTAAGGAAAATAAACCTCAAACAGCCACTTCCAAACCTAAAAGTGACATGGATTGCCTGCTACGCCAATATCTGGGTGGTCTGAGCCACTGCCTGGAGGAACTGAGCGCTCAGGATATCTGCGGGGTAGCTGAACTGATTTATCAGGCTTATACCCGCCGCCGCCAGATATTTATCGTGGGCAACGGGGGGAGTGCCTCTACTGCTTCGCATATGGCACGTGACCTGCGTATAGGCACATCTCTTCGGGGTAAACCCCGTCTGCGTACCTGTAGTCTGGCGGACAATGTGGCCTTCATTACTTCTTTGGCTAATGATGTTAATTATGAGTCTATCTTTACGGAGCAGCTTATCGGCCAGATAGAGCCGGGAGACGTGCTGATAGCTATAAGCTGTTCGGGTAATTCGGCTAATGTGGTGCGGGCAGTAGAATATGCCAATGAGTGCGGTGCTTCTACGGTTGGGTTAACCGGATTTGGCGGAGGGAAATTACTGGAAGCCTGTGACCGCTGCATAGTCCTTTCCAGCTGTGATTATGGTCAGGTAGAAGATGTGCATTTGAGTCTGGGACATATCTTTTCCTGTATGGTAAAAGTTCGCATAGAAAAAGAGACTATTTAGATCGGGTATTGGTTTTGGAAAAAATAATGAGTCTTTCGGTAGTGATATGTACTCGAAACAGTGCCTCTACCATAAAGGCATGTCTTGATTCGCTGATGCCTGCTTACTGCAGCAGCCTGATACGCGAAATTATAATAGTGGATGCATACAGTACAGACGCTACCTGCCGTATAGCCGGGGATTATCCGGTGAGGATATATTATGAACCCGGTAAAGGGGTTTACTTCGGTTACCAGTACGGCTTTGAGATATGTTCCGGCGAGTATGTCCTCTTTTTGGATAGCGATGCCTATCTGGAAACAAACAGCCTGACGGGTGCTCTTAATATGTTTGCAGACCCAAAGGTGGGGTTGGTGGGTGTGTATTCATTCAGCCCGGACGGAAGCCATTTGGGCAGATGTGCCGGTCAGTGGTGGGATTATCACCGTAACCGTCTTCTGCCGCAGGCCCGCTCTTCGCCTTTTGGGCGTTGGTATCATCGGGTGGTGGGTTTCGGTTCGGTGTATACCAGCGGTCCGTGTTTTATAGCCAGTCGCAAGTGTCTGGAAGAAACCGGCGGTTTTTCCCCTGAACTGTATTTGTATTATTTATATCCGAAACTGGCTTATCCTGGGGATATTATTCTGTCAAGACGGGCGGTACAAGCCGGTTATAAAGCAGTTTGGGCAAATAACGGGCGGGTGGGGCATTCGCCTCCGCAGAGTTTGCCTGCTCTGTGGCGTCAGCGTGCCAATTGGGGGCGGGGTGATGCCGCTTATCTGGATATGTGCCATACCGGTATTACCAAAAGGGTAATATGTGTGTTATCCCGTTTTGCTTCCCCTCTAATGGCTTTATATCTGGCAGTCAAATACCGTAATCCATTGCATTTATGGTATCTGCCGCTGGCCCAGCTGGCATGGCTGGACGGCTATTTTAATTTCAGGTTGAAGCGGTGAAATACGAGTCCGCCTTGCTTACCTCTTCAAAGATGTTTTGCGTATTGGCACTGGTGCTGTGGGGTTTAAGCCTTTCAGCAAATAGTTTTAACCCGGATATAGAGAATATGCTCAAATCGCCCATGCTTTTGTTTATCTCCGCTTTGGGTTCCTTATGCCTTGGGTCGGCCTTGCTCTGGAAGATGCGTACCGCAAGTACTAAACTGCTGTGGTTTTACACCTTTATAATGCTGGCTATGCTTTGGCTCAGCCCGGTTATTATGCAGTCTAGTCCGGTTTCCGCTCAATGGACATACGGTATTTATTATCCCAATACCCAGTTTATCAGTCAGACCGGCGGCATAGACCCGTCAGAATACACATTTCACAACTGGCCGGGTTTTTTTGTACTGGATTACAGTCTGTCAGCTGTTACGGGTGCTTCCTGCCTGGATTTTCTGGCCTTTTACGGGCCGTTTCTTATGCAGATTCTAATACTTATCCCTCTGTACTGTTTATTTAAGAATATTATCCCCAACCCCAATCACCGTTTCGCGGCTATCTGGGTATTTTATCTGGCAAACTGGGTAGCCCAGATTTATTTTGTTCCGCAAGGGGTAGGGGTTTTCTTTTTGATTTGCCTTTTAGCCCTTATTACCAGCCCCGGTTTTACCGCTTCAAGGGGTAACGCTGTCTCTCACCGGGTGGTTATTATTTTGATGCTTGCGGCACTTACGGTAACTCATTTGTTAAGCTCGGTTGTAGCTTTACTGTGTTTAGGAGCGTTAATTTTAAGCCGCCTGATAAAGGGGTTTAATCTGGGAGTTCTGGCAGGGGTTCTGGTGGGTTGCTGGACTATTTACGGTGCGGCCACCCAGTTTGATTCGCAGCTGCCGGAATTTGTTAACCGGGCTTTTGAGCTTGAAAATCTTCTCCGGTTTTCTTCCTCCGGCGGCGGGGAAGATGCTGGGGCGGCTTTTCTGGAAATTTCACGGGTGCGGTTTATTTTCTCAGGGCTTTTTGCCGGACTGGCGGTTTTGGGGGTGCTTTTGTCACTTAAGTACCGCCACCGTTTTGACTTTTCTCTCCTCGCGCTGGAGGGAGTGGCTATGGT
NZ_AP014722.1_gap8	227849	229651	1802	AAGAGGTGTTTGCCTTTGAGGAATTAGTTCAGGATAAACGGTTGGTTATAGGCATTTCACCCAGCTTGTTTCAGATGGAACTGAGGGATGTATTTGCTGATTCGGCAGGTGACAAACCCGGAATATACCTTAATTTGATAGCAGGATTGGCGGATTTTGCCGCCGGTATGCTTGATGCTGGTATTTATCTTATCCCCCATGTTCACCCTGATGACAGCCGGGTATGCCGTGAGGTTTATAACCGTATGCAGCACAAAAGCGGGGTGCATGTGTTTAATGGTGATTATCCTTCCGAAACCATTAAAGGACTGGTGGGGGAGTGTGATATTTTTATAAGCTGCCGTATGCATGCCAGCATTGCCGCTTTGTCACAGGCTATTCCCACCCTGACTTTAGGCTATCAGGAGAAATATTGGAAACTTTTGGGCAGCTATTTGGGGCAGTCTGACTATCTGGTAGATATTAAGATGCCAAATCCGCTTGATATCCAAAATGAGCTTAAACAGAAGCTATCCTATATGGCTGCCAACCGCTCTGGGATAAGTAACCGGATAAAAGAACGGCTGGAAGTAATAAACCGGAGGGCATCTTTGTACGGGCATAAGGTGGCGGAGATAATCAGTCGCGGGAAGCCTGTTTCCTGATAAGCCTGTCTGCTATGCGGGTCAGCCACACCCAGATATGTTTAGCCGGCTCTATAATCAGAGGAGCATTAGTCTTCCCGAGGTAGTAGTTTATCACCTGCTCAATAGTATACAGGTAGGCTGTCTTACGGGCAGGCGGGCAAGGGCTGGGGTATTCCGGTAGTTTCCAGCCCAGCATAGACAGGATATATTTTTTGGTGGCGTAATCCTGACGTTTGTTTCGCCATTCCATCACCCGTTTGTTGGAAAGAGACTGAGATTTGATATACCCGTATCTGACTGCTTCTCTGTAAAACTCCTGTCCGGTATTGCCCCGCACAATCACCGCTGAAGTGCCCTCATGGTCATTTTCAAGCTCTTTCAGCCAGGCATCTCCCAGAGAAATATCCGCCAGTTCGTTCAGCTGGTCATTGCACATCAGACAGCGGTGCGGGGTAAAAAACCCGTGCCCGTGATAAGGGTGGTAGTCTTTTAAAGGCAGGGTCAGCCTGTTTCCGCAAGCTAATTCCAGCTGCATATTCCCCGGCCAGCCATTGGTACGGTAGTGGAAGCTGGTTAAGGACTCTTTGTTTATGCCCTGCCGTTTCAGTATATATTCTGTCCCCTTAAAACTCATAGTGCTTGAGCAGATTATACCCAGATGGATGGCTATACGCTGCTTAAGCACCGGGTTCTGGCTTTCTGCTTTGCGGATGGCTTGAATATGGCAGGGTAAACCTACTACTGCGTAACGCCCCGGTTGGGCGGTTATTTCGGATATGGCTGTATCAGCGGCAACCGGACAGTATTTAGAGCCGGCCGCCTGTTTCAGTTCATCTAAAGTACGGGCAACAAAACTGGCAGGGATAAGGGGTGAAGATGGTAGATTTCTGCTTACCAGTGCCCCGTCTATCAGCCCTGTTTCCAAAGCATAAACCAGCAGAGCGGTAGCCACACCTCCCGAAGTGGATAGATTACGTTGCGTGCTGTCGCTACTGAAAGCGGTATAGCTATTTTGCGTTAAATTGGGTGATTCCCCGCCGAAAAGCACCTCTGAATAGCTGTCTAAATCTATACCGGTACCGGGGCAGACCTTCAGGCATTTGCCGCAGTTTTGACAGAGGTGGGTATCCAGTCTTGGCAGGTAAATGCCTTTGTCAGGTTCAATTCGCATTGTTA
NZ_AP014722.1_gap9	230951	232243	1292	ATCAGGAATATGGCATTTATATACAGGGGAGAGCGGATTTTTTCCAGAAAACGGTACGGTTTCAAAACGCCCGTTTGCATACCAGCAGAAGTATCAGGGTGGGTTTTGTTAAAAATATATGCCACAAAGTCTCCAAACTAATGACAATAGACAGACTACAAGACATATAATAGCAAAAAAAATGCCAAAAGGCTATAAGTTGTCTAATTAGTTTATCAAGGCATTCGGCAGGGTGACGGATATTGCCACTTGTACTTGGCGGATATATTTTCTAAACTGATACAGATGGGCCCCATTAAAAAGAACAGGATAGGCCTACTTTTTAGCCTGATAGTTATCTGTCTGGCCGGGGTATCCTTTTTCTTCTGGGCTGTGCCGGAAGTACTTGGTCAGCAATATATCAAACTCCTTGACTGTCTGCCGTTACCACAGGCGGGAGAACGGATACTTGTATTTTCCCCCCACCCGGATGATGAGACTATTGCGCTGGGCGGATATATTGCCAGTGCTTGTCAGGCTGGTGCGGAGGTAGAAATTGTACTGGTTACTGACGGCAGCAAATATACTCCTCGGGAGACCCGCTATGCGGAATTTGAACACGCCTGCCATCTTTTGGGGGTTAGCGAAGATAATCTGGTGTTTCTGGGTTTTAAAGATGGCAGTTTGAATTCATTATCACTTAACAGTCTGGCTGCTTCATTTGGGAATTTGATAAACAGTTTTCAGCCGGATATCGTGTTTTATCCCCACCACAAGGATGCCCATGCTGACCATGCGGCTGTAAGCAGAGCAGTCGGTCAGTATCTTAAAACTATTCCCGGTATACAGAGGTATGAATATCTGGTGCATTACCGGATATTATTCCCTCAGCCGCGGATTTTTAACCAGAACTTGTATCTGCTGCCGCCGCTTACACTGGTAAATGAAGACCAGAATTGGCTTCGCTTTGACCTTTCTGAAGCCCAATTGGAGCAAAAAATAGCAGCCATGAGTGCTTATGAGAGCCAGCTGAAAAACCCGTTTTTAAATCCCCTTATGCAGAGTTTTATCCGCCAGAATGAGCTGGTTTGTCTGCCAAATTGAATAGCTCGAGTGATGTTTTCGTTTAATACCAAAAATCGCATAAGGTTTTTGCGGCACGGACTGTTTATGCCCCTCGTGGCCGGGCAGATTACCGGAATAGCGTCTTTATGCGGGTGTTAGCGGTTTCCCCTCTAGATGATACTAAGGTGTCTAGAAAGGGATTGTGAGGCTTGCCTTTAGTAATGTTGAAAGCTAACATTTAGGTGTAT
NZ_AP014722.1_gap10	319219	321680	2461	TTAGCAGCATATCCAAACCGGCAGCAGCACTGCCCAGATAACCGGTAACAGCTATTTTCTGCCCTGCCTGAGCAGCATTTCTGGTAAGCAGGCGGTTCGGGTTTTCCACCGAACCCAGCAAAGTGACAGCCAGGTTTATTATGGATGACTGGTTGGTATCACCGGCTATTATAGCAATCTGGTATTTTTCAGCCAGACTGTACATGGCGTTATAGCAGTCTGTCACGCTGGAAACGAGCGTATCCGGCGGCAGGTCAATATTAACTATGGCATATTGAGGGACTCCCCCCATGGCGGCAATATCGCTCATATTTATTGCCATGGCTTTGTAACCCAAATCTGCCCAGCAAAGCATGTTGCGGTTGAAATGTACGTTTTCAATCAGGCTGTCCACGGTGACCAGCTGATATCCCTGCGGCAGAAAAACAGCGGCATCATCACCAATATCAATTATTAAGTTTTCACGGGCAGGGGTGTTTACAGCAGACTTTTGGTGTAAAAGATTGTTCAGCTTGTCTATCAGCTGGCATTCGCCTATGTCAGAAACCTTCATAATGCAAAGATTATACCATTTTTCATGCGGTGCCTGCAGTGCTGAAAATAGTCATTTTGTAAAATTCAGGGGGTGGTTTTTCAGATTTGGCTTACGTATGAGTTGCGAATGGGGTCAACCTTGACAATTAATACATTGAGGAATATGATTGGTCTTTGAAATCGCCATCAATATGGCGTTTTTATTTGGCACTTACTCAAAAAAGCTGAGTTTTGTCATTGCTAACTCTCCGTTTCAATGACTTCAGATACGGTATATGTTTAAATAAATGCTTCAAAAGGTGATAGCTGATGAGTAGTTTGGCCGAAGCGCCTATCCAGGATCCCGGATTTGACTCTGAAGAGGCGCATAAACGTAAACAGTACATGGTTGACTTGTTCGTAGTTCAAGCGAAAAACTATGATTTCCACGATGATGTCTTCGGGCTTTATGCCCACCGTTTTTGGATGCGGACTGTTCTTAAGATTGTCGGTAAGTTTGTGAAAGGCCGCACCAGTACCAAAATGCTTGATTTGGCTTGCGGCACCGGCTTTGTTACCTTCAATACGGCCCGGAACTTCGAAAACATTGATATAGACTCCTTTGATATCAGCCCCGATATGCTGGCGGTTGCCAAGGAGCGTTACGAAAAGTATTTCAAAGGGCGGAGTATAAAGTTCTGGCAGGGTGATGCCGAAGTTCCCTTTGGCGAAGAGAAATACAATTTGATAACCACCAGTTTCGCTTATCGCAACTTTGCCAACAAAGGGCTGGCTACCGAGAATGTTTTCCGTGCCTTGAAACCGGGCGGTCTCTTTATTATTCAGGACCTTACCAAACCTGAACACCACCCCATGCGCGGACTGTATATATTCTATATGAAATATATTTTGCCTTTGTTTACCAGTATTTTGGGTACCGAAAAATCGGCTGCCCGCTGGCTTTATAAATCTGCTATGATGATGCCCACTAACGGGCAAATTGTAAAACTAATGGAAAGCAAAGGCTTTGAAAAATGCCAGTATAAGAGCTTGTCGCTGGGTATTGCCTGCGTAATCTGGGGCTATAAACCGGAGAAATCAGAATAAAATGAGCAGTGTAGATGTGAATGTGAAAGACCCCGGTTTTGAGTCTGAAGAGGCTCAGGCCCGCAAACGTTATATGCTTCAGTTATTTGGTTTTCAGGCCAAACATTATGACCTGCATGATGATATTATGGGTTTGGGTATTCATCGCCGCTGGGGCAAAGAGATGGTTTTGGAGATACTGACCTATACCCGCAATATGCCGCAGGTAAAAATGCTGGACCTTGCGTGCGGTACGGGTTTTGTTACCTTTAATACTTTGCGCTACATGAAAAATGTGGATATAGACGCCTTTGATATCACCCCCGAAATGGTGGAAGTAGCCAAGGGACGTCTCAAGAAGAATTATCCGGACCGCAACGTGAAATTCTGGGTGGGTGATGCCGAAATACCCTACGGTGATGCCAAATACGATGTTATCGGCACTTGCTTTGCCTTCCGCAATTTTGCCAACAAAAATCTGGCTGCCTCTAATATCTTCAAAGCACTTAAACCGGGCGGTCTGCTGGTTTTACAGGATATGACCAAACCCGAAAAACAGCCTTTCCGTGGTATTTACCTGTTTGCCTTGAAGAATCTGATGCCCATTATGGCTCGGATAATTGGTACAGAAAAAAAGTCTGCCCGTTATCTGGCAAATTCGGTGTTGGCCATGCCTAGTAACGCGGAAATAATGGCTATACTCCAAAATCAGGGTTTTATAAATATCAAATCCCACTATCAGAGTGGCGGTATGGGTACACTGACTGTTGCCTATAAGCCGGAGAATTAGACATGGGTAAAGTGGATACACTGGCTTATGACATTGGGAATAACCGTACCCGTCACGTATATATAGGCAACG
NZ_AP014722.1_gap11	398031	401821	3790	GCTCAACCGAAGACCCCAACTTCTGGAATACCATCTATAATATTTTCAATTCCGGCGCTTCCATGCCCGGGGGGTTGGTATACTGGGGTCTTTACTTCTTTATGACTATAATCTTCGCCTTCTTCTATACTATGGTAACCTTTGAACAGCAGGATATACCCGGCACTCTTCAGAGGCAGGGCGGTTTTGTACCTGGCATTCGTCCCGGCAAAATGACTGACCAATATCTTAGCGGGGTTATCGGGCGGATTACCTGGGCTGGTGCACTGTTCCTGGGGTTTGTAGCTATTATGCCTTTCATTGCCCGTGAGGTTACCGGCATACAGGTTATTCAGCTATCCAGCTTCGGTATGCTGATTGTGGTCGGTGTAGCTCTGGATACTATGAAACAGCTCGAAGCGCAGCTTGTAATGCGGCGTTACGAGGGCTTTATTAAGTAGGCAAGAATAGTGTATAATATTATTTTCCTTGGCGCTCCGGGTTCGGGCAAAGGCACGCAAGGTGAAGTAGTCGCTAAAGAGCTTAAGCTGGCGCATATGGCTACCGGCGATTTGTTTCGCAAGGCTATAGAGTGTGGTGATGAGCTGGGTGATACCGTTAAGTCCTATATGGAACGGGGCGAGTTGGTACCGGATGAGATTACTATTAGTGTAGTCCTGAAGCACCTTGCAAGTTTAAAAGATGTTACCGGAATTATTCTGGACGGATTTCCTAGAAGTCTGCGTCAGGCCGAAGCACTGGATGAAGCGCTGGTCAAGCAGGGGCAGGGAATCGGAAGAGTAATATATATAAATGTGCCGGAAGATGAGCTGGTCCGGCGTCTAAGCGGCCGCTGGGTTTGCCGAAGCTGTCAGTCACCATACCAGTGTGGCTGTGCGGAAGTAACCGAGGGGAAATGCAGCCGCTGTCAGGGTAAGCTATATCAGCGCCCTGATGATACAGCGGAAACCGTAAAAGAAAGGCTCAAAGTGTACTTTAGCAAAACAGCGCCGCTCATTGAGTACTATCGCTTAAAGGGTAAACTTAGTGAGATTGACGGTATGGCTGAAATATCAGAGGTTACCAAACGTATTATATCAGCTATAAAGTGCGGTAAATAACCGGTTTATGGCCATAATACTTAAAACTGAAAAAGAGATTGCTGTAATGAGGCGGGCCGGTCATATACTGGCTGCTGCTTTAGAAGAAGTTAAGAAGAACGTCAGGCCGGGGATAACTACCCGGGAGTTGGACGAGATAGCCGAAAGGGAACTGTTAGGACGGGGGACTATCCCGTCGTTCAAAGGTTACCAGGGCTTCCCGGCCAGCCTTTGTGCGTCTGTTAACGATGAAATTGTTCACGGCATACCCGGCGGACGGGTATTAAAAGAAGGCGATATAATATCGCTGGATATAGGCAACATATTAGAAGGATTCCAGGCAGATATGGCCGTAACAATCGGAGTGGGTGCAATATCACCTGCTGCCCTGCGGCTTATATCCGCTACTCAGGCTGCACTGGTGGCCGGGATTGCTCAAGCCAGGGCAGGCGGGCATCTGGGCGATATAGGTGCGGTTGTGGAGGAATATGCCCAAGGCAGAGGGTATGGGGTAGTCAGGGAATATACCGGACATGGTATTGGCCGGGATATGCATGAAGACCCCCAAATACCGAACTTTGGCCGCCGGGGTAAAGGCCCGGAATTAAAAAAGGGTATGACATTGGCTATAGAACCAATGTTAAACATTGGCACTGAAAAGACAAAAGTAGCTTCAGACTGCTGGACAGTGTATACTGCGGATGGCAGTTTGTCGGCTCATTTTGAGCATACAGTTGCCATTACCGATGGTGAGCCGGAAATACTCACCGTGATAGAAGAATAGCGGGGATTTATGCCTAAGAAAGATGCAATAGAAGTTGAAGCGACAGTGCTGGAGGCTTTGCCCAGTGCCGCTTTTCGCGTTCAGCTTTCAAACGGGCATGAAGTCCTGGCCCATATTTCGGGCAAGATGAGGGTACATTACATAAGGATTTTGCCCGGTGACAGAGTACTGGTGGAGTTATCTCCCTATGATTTGACCCGCGGCCGGGTTACATACCGATTCAAGTCATAGGTTTGGGAAGGATACAGGAGAACAGTAAATGAAGGTTAGAGCTTCGGTAAAGACAATGTGCGAAAAGTGCAAAATAGTGAAACGTAGCGGGGTGGTTAGAAATATTTGCACCAACCCCAAACATAAACAGAGGCAGGGTTAAGGAGGCATTATGGTTCGCATAGCGGGTACAGATATACCCGATAACAAGCAGGTTTATTTCTCGTTGCAGTATATTTTCGGTATCGGCCCTGCTCGCAGTGAGAAAGTACTTGCTCAGGCGGGTGTGGATAAAGCGATTCGGGTTAATAAACTGACCGATGAGGAAATCAACCGCCTTAGGGAAATTATAGATAAAGAGTATCGGGTAGAAGGGGATCTTCGTAAAGAAATCACCCTCAATATCAAGCGGCTTATTGATATTGGCTGTTACCGTGGTATTCGCCATAAGCACAATTTGCCGGTACGTGGCCAGCGCACCAAGACTAATGCTCGTACTCGTCGTGGCCCGCGCAAGACTGTGGCAGGGCGTGGACAAAAACGCGGTGCAACTAAGAAATAAACGCTAAGTAGCGTAGGAGGATATAATGGCAGTTAGAAAACGTGCCGGTGCCAAGAAAAAAGAGAAGAAAGTAATACCTGTAGGTAAAGCCTTTGTACAGGCTACCTTTAATAATACTATCGTCACTCTGACTGACCTTCAGGGCAATGTTATTGCCTGGGCCAGCTGCGGTACTGCAGGTTTCAAGGGTTCACGCAAGGGTACTCCCTATGCTGCCCAGATGGCCGCTCAGGCTGCTGCCCGCAAGGCTGCTGAAAGCGGTCTCAGGCAGGTTGAGGTACTGGTTAAGGGACCGGGAAGCGGCCGTGAAGCTGCTATCCGCTCTCTTCAGGCTTCAGGTATCAATGTGACCGCAATACGGGACGTCACTCCCATTCCGCATAATGGTTGCCGTCCTCCCAAGAGAAGGAGGGTATAGAGGTAGAATATGTCTAGAGAAACAGGTGCAGTTTGCAGAATGTGCCGCCGCAGCGGCGATAAATTGTTCTTAAAGGGCGATAAGTGCGTTACCAAATGTGTGTTTGAAAAACGCCCCAAAGCCCCCGGCCCTCAACTGGGCAGACCCCGCCGTCTGTCTGACCGTGGTCAGCAGCTCCGGCAGAAACAGAGCATACGCTGGAGCTATGGTATGACGGAGCGTCAGTTCCGCCGATTCTTCGGCTTGGCCAACGCGCAGCCCGGTGTTACCGGTGATAATATGATGATTCTTTTGGAACGCCGTCTGGATAACGTTTTGTTCCGCTTGGGCTTCGGTACTTCACGTGCTCAGGCCAGACAGATTGTTATGCATGGACATATACTGGTAAACGGACAGAAAACTGACATTCCTTCTTATCTGATTAAAGAGGGTCAGGTGATAACTGTACGTGAGACCAGCAAGGCTACTGCATATTTCAAAACTTTAGCTGAAAATATTGAAGCCAAGGCAATTCCTGGTTGGTTAAGCTTGGATCGAAAAACCCTTTCCGGCAAGGTCATTAGTTTGCCCGCTGCCGGTGATATAGACGCTAGATTCGATGCTCAGACCGTAGTTGAGTACTACTCCAGGTAACTAGTATAAGGAGGTATTTCGTGTCTGATCTAGCTATACCCACAATTAGTTGCACCGAGAGCGACGGCAAGTACGGACGCTTTGTGGTAGAACCTTTGGAAAAA
NZ_AP014722.1_gap12	559485	561511	2026	GGTTATTTCCTTGATACGGCCGTTGTAGTTTGTTTTAGGTGTTTCAAATGGCATAAACTTTCCTCCATGAGGGGGTTAAAAGTATTTGTCTATTTTACCAGACCGGCAGCCCTTTTGGCGGCAGTCAGGGTATTTAGCATAAGCATAATAATAGTCATAGGGCCTACACCTTTGGGTACGGGGGTAATGGCAAAGGCTTTTTCCTTGACGGCTTCAAAATCAACATCACCGGAAAGTATCCGCTTGCCTTCGGGTGTGTAGCCTATACAGGTTGTGCCTACATCTATCACCACCGCGCCCGGCCTGACCATATCTGCGGTGATAAATTTGGGTTTGCCCATGGCGGATACCAGTATATCTGCCTGAGAAGTTATCAGCGGCAGGTTTTTAGTGCCGCTGTGGCAGATAGTGACTGTGGCGTTTGCCCCCGGGGCTTTTTGAAGCAGAATATTGGCCAGCGGCTTGCCGACCAGATTGCTCCGCCCCACTATAACCACATGAGTGCCCTCTATCTTTATGCCCGAGCGGATTAAGAGCTCCTGAACGCCATGCGGGGTGCATGGCAAAAAGCAGGGTTCACCCAGGCACATTCTGCCTACGTTTACCGGGTGGAAACCGTCTACATCTTTATCCGGATTTATGGCATTTAAGACCAGATTTTCCGAAATCTGGATGGGCAGGGGTACCTGTACCAGAATACCGCTTATTTTGGGGTCTGCATTCAGCCTGGCTATCAGGGTCAGCAAGTCCTCGTTGGTGGCACTCTGGGGCAGCGGGTGATGCTCTGAATATATACCCAGATTCTGGCACATTTTTATTTTGGAGTCTACATAAGAGTGCGAAGCAGGGTCATCTCCCACCAGTACGGTGGCCAGACCGGGTACTATGCCGTGCTTGGCTTTAAGTGCAGTTACTTCACTGCGTATCTCTTCGCGGATGGCGGCGGCTATTTCTGTGCCGTTTATAATATGTGCGCTCATTATTCTGATACCTCTGTGCGGTTTTTAATGCCAAGCCGGGTTGAAAGTATTTTGGCCACTGCCTGCACTGCCGGAGAGTTGTCAGGCAATTTAAGCAGGGGGGTTTGCTTCAGGTCAAATTCACGTATCATTTCATCTGCCGGTACGGTATCTGTATAGGCTATGCCCAGTTTATTAATCTCCGCTTCCAGGCGCGGGTCAAGCGTTCCGGTGACCATGTTTATAATAACAGAAATCTGGCTGACATTAAGTTTCATTTCATCTACCAGCTGGCGTATCCGCCCCAGTGTCCGCACCCCTTTGACCGAGTGGTCAGATACTATAAAAAGGTGGTCTACATTCTGGGTGGTGTGGCGGGACAGGTGTTCCATACCGGCCTCGTTATCCATAACCACATAGCGGTAGTTCTGGCTGAGCTTGTCTATATAGCTGCGCAGGATGCTGTTAGGGTAGCAGTAACAGCCGTCACCTTCGCCCCGGCCCATGCTTATCATATCCAGCCCTTTGCTTTCCGCCAGAGTGGTATTCAGCTGATACTCCAGATAAGCTTCTTTGGTCATGCCGGGTGGCAGGTTTAATTTTACATTGTTAAAGCTGGCTATCAGCCCGCCCACAGTCTGCGGCACGTCTAAACCCAGGCTTTCCCCCAGATTGGCATTGGCATCAGCATCTACCGCCAGCACCGGGGTGAGAGAGTTTTTTAAAAGCTGGCGTATAATCAGACTGGAAACGGATGTTTTGCCTACCCCGCCCTTGCCTGCCAGTGCAATAGTATAGGTCAAGTATTGCCTCCGTTGAATTTACTTAAAGCGGCATATACCTCAGGGAAATCACTGGATTTGGTATGAGGCAGGAACATGGCCGCCATATAGTTATCCATAAAGCTGGTGCTTTCAGATAGCTCTACATTGGTCATCATTTTGGCGGCGGCAGCAGCCTGGGTCTGGGCATTTGCATCAAAAGCACACAACCTGGCACCAGCCAAAGAGCCGTTGCCTACAAAGATGAAACGTTCTTCGGAAAGTTCGGGTAGCAAGCCTATATTG
NZ_AP014722.1_gap13	562650	564965	2315	GGTTTCGGAAAGACCTGAGAGAAGGTGATAATCTATATCAGGCTCTGCCGGACACACAGGTTTAAGAAAACGTTTTAATCTGGCAAGGTCACTTGCGTTATCCGTACCGGACGGGGGGGTAAGTTTCAGAAAAACCTTTCGGAGAGGCAAAACGGCTTTATTTTCAGAAAGTTCAGGCTGGCTTTGCAGGGTGCAGCTTATAGTATCACCGCTTAGGGCGGTATCAAAACGTGATTCAGCCAGAATCTCCACTGTTACGCTTGATATAAGACGGCTCTGGCAGGCCAGCCGTATTCCCTGGGCAAACTCTTCAGCGCTTATCTGGAGGTGGTCTTCGCACTCCAGTTCGCCTTCCACCAGTTTTATACGGCAGCGTCCGCATACGCCTTCGCCCCCGCAGGAGGCACACAGCCCTGTTCCGGCGGCAATAGCCAAATCCAGCAGGCTGTCCCCCTTCTGGCCATTTATAATTTTATGGCCGGGCTCAAAGCAGACGCTAAATTTCTTCTCGGTCATCTTACCATTTTATCAGCTTTAAACAGATTAGACCAATTTAGAACAGGCCCTTAACCTTGCCGGTATGAGTATCTATATCTATCCGCCTGAAATTGGGGTCAGACGAAGTACCGGGCATAAGTTTGATATCCCCCGCCACCGGCACTACCAGGCCTGCCCCCATATAGGTGAGTATATCACGTATAGGCAGGGTAAAGCCGCCGGGACGTCCTTTAAGTGCGGGGTCATGCGAGAGGCTGAGGTGGGTTTTTACCATGCAGCTGGGCATAAACTGGGTGTTGCCTGTGTTTTCTAGGCGGGTAAGCTTTTCTAGGGCTGTCTGGCTGTAGGAAACGCCGTCTGCCCCGTAAACCTTACGGGCAATGGTTTCAATCCGTTCCCTCAGCGGCATATCTTCGGGGTAAAGGAAATGAAAGTCATTAGGTTCGTTACAGGCATCTATCACTGCTTCGGCCAGTTCGGCTGCTCCTTCACCACCGTTTGCCCAGTGATAGGAAACAGCTACTCTGGCACCTGCCTGCTCGGCTGTGCGGCGGATAATATTTATTTCCTGAGGTGTGTCTGAGGCGAAGTGGTTTATGCAGACCACAGGGTTTATGCCTGCCATTTTTACAGTCTGGATGTGGGCAAGCATATTCTGGCAGCCCTTTTCCACCAGCGCCGCATTGGGAGTGGTATAGGCAGGGTCAAGGGGGGCGCCGGGAGTTACTTTGGGCCCGCCGCCGTGCATCTTTAAAGCCCTGACCGTAGCCACAATAACTGCACAATCCGGTTTTAAGCCGCTTAAGCGGCACTTTATATTCCAGAACTTTTCAAAACCGATATCCGCCCCGAAACCGCTTTCGGTTACATGGTAATCAGCCAGTTTAAGTGCCAGCCGGTCAGCCACAATAGATGACTGCCCGATAGCAATATTGGCAAAAGGCCCGGCATGGACAAATACCGGCTGACCTTCTATAGTTTGAAGCAAATTCGGGTTTACCGCCCGAAGGAGCAGGGCGGTCATGGCGCCATCTACCTCAAGGTCTGCGGTGGTAACCGGTTCGCTGTTTTGGCGGTAGGCTACAATTATCTTGCTCATACGTTCCCGCAGGTCTGCCAAGCCGGTAAAAACCGAAAGTATGGCCATCACCTCGGAGCTTACGGATATGCCGAAGCCGGAGCGCATCTGGTAGCCGTTTGTTTTACCGCCTATGCCCATAATGATTTCCCTGAGGGACTGGGCGCAAAAGTCTATTGCCCATTTCAGTTCCACTCTGGCGGGGTCTATATCCAGCCGTTTTAAATTGCGGCTGGACAGAAATTCATCTGTATTATTCGCTTCATGCTGAAGCCTGGCCTGAAGGGCGACCATGGCCAGGTTGTGGGAATTGGTAACAGCATCTATATCCCCGGTCAGCCCCAGAGTAAAAGGTGAAAGCGGCAGGCATTGGGAGCGTCCTCCCCCGGCTGCCGAGCCTTTTATATTGAAGGTAGGGCCGCTGGAAGGCTGGCGGATTGCCCCGGTTACTTTCTTGCCCAGATTTCCCAGCCCCTGCACCAGCCCCATAGTGGTAGTGCTTTTACCTTCACCCAGTGGGGTGGGGGTAATGGCGGTTACATCTATATACTTGCCGTTTGGTCTGTCTTTCAGGCGGGTAAGTACCCCGGCAAAATCCACTTTGGCAACATATTTGCCGTGGGGGATTATCTCATCTTCGGTCAGGCCCAGTTCCTCAGCCAGCAATTTTGATGGCTTCAGGAATTCTTCGGCCTTTTCGGCTATTTCCCAGTCTTTCATCAGGCCGGGGTCAAGGTCT
NZ_AP014722.1_gap14	595428	598768	3340	TGAGAGAGGAGTTCGGCGGTATTTTTTTCATTTACACTGCCTCCATAGAGTATGGAAGCTTTTCGGGCTGCAGTGTTCCCCAGAATTTCACTTAACACCTTACGTATATAACAGATTGCCGCATTGGCTGCTGAAGCGGTGGCAGCCTTGCCGGTGCCTATAGCCCAAATGGGTTCATAAGCTATTATGATACTGCTCAGGCTAAGCCCATTCAAAGCCTCTTTTAGCTGAGTTTCCAATACTTGGCGGGTTTGGCCCTTCTCATTTTCTTCGAGTTTTTCACCCACACATACTATCGGAAGTATGCCAGCTTGAATAGCGGCTTTTATTTTTTGGTTGATAACCTGTCCTGTTTCACCGAAATATTCCCGTCTTTCAGAGTGGCCTATAATCACGTATTGGCAGAGCTCTTTCAGCATCAAGGGGGATATTTCACCTGTATATGCCCCTTTTTCTTCGTAGAAAAGGTTTTGGGCACCCAGCTTGATGCTGCTATTTTCTAGTATGGTTTTTATGTGACTCAGGGATATAAAAGGCGGGCAGACTATTTTTTCAATGCCGTCTATCGTTTCAAGTTCACCTTTCATGCTTTGTACGAGTATACAAGCTTCGGAAAGAGTGGTATTCATTTTCCAGTTACCGGCAATAATAATCTGCCTCATAAAGCTTGCTCCTAGGCTCCGAATTTGCCGAGTTTAAGGGCATTAGCCATGGCTAGAGGCATAATATCCCTGGCAGGTATATGCCCCAGTCCACCCTGCAGACAATCCGTTTCGGAAAACCTGCAAACTTTGTCAGGGCGGCAGTATTTAGAATAAATAAGCACCGGTACTTCATGCCAGCTATGCCCCTCTATAACAGCCGGGGTGGAATGGTCACCGCTTACGGCTATTACATCCGGCTGTAAGGCTAGTATTTCAGGCAGTACCTGATCCAAGTTTTCTAATGCTTTCACTTTGCGTTCAAAGTCACCGTCTTCACCGGCGGCATCTGTGGCTTTCACATGGATAAAGAAAAAGTCGTATTTTTCAAAGTTTGCTTTGTAAGTGGCTATTTCATCATCTAAGGTTGGGCCTGTGGATAACACATCCATGCCCACTACTTTGGAAAGTCCCCTGTACATAGGGTAACTGGCAATAGCGGCCGTCTTAAGCTTATAAATCTCGTTCATAGTGGCGAAGCAGGGTTTTTCTGAAAATCCCCGCAGTAGTATCATATTGGCTGGTGCATGGTCTTTGAGTGTTTTAGCTGCAAATTGTAAGAATTGGTTTGCAACTTTTGCCATTAGCCGGGCATTTTCAGATAAGTGTGTAATCTCTTTGGGGGCAGCCCCCAGTTTTTGGGGATCCGAATCAGTCACCTTTTCAGATAATCCGCTCCCCCTGAATACAACTACCAGACGGTGGTCTTTTACCGGTTTTACAATTACCTTGACACCCTCAAATTCCTGTCCGTCCAGAAGAGTACAAAGTTTGGCACTGACCGCGCTTGAAACCCGTCCCGCTCTGCGGTCACAAATCAGCCCTTTCTCATCTACAGTGCAGAAGTTACCGCGTGTTGCCACGTCTCCCAGTTTCAGGTCAAAATCTATTCCCAGTGCTTCCAGCACACCCCGTCCTATAAGGCAATCAACCGGATCATAGCCAAAGAGTGCCAGATGACCGGGGGCACTGCCGGGGGTTATACCGGCTCCAATCGGGTTTGCCATGCCACAGATGCTTTTACGGGCTAATTCATCCAAATTAGGTGTTTGGGCTGTCTCAAGTTCGGTCTGCCCGCTTTCAGGGTGAGGTAATCCTCCCAGTCCGTCTATCACCAGCAGTACAATCTTGCTGGGAGTAGTCTGCGAAAGCTGGCTGACAAGATTTATTTTATTCATTTTTCTTTGCAAGCACCTCTACGCCAGGCAATTTTTCACCGCTAAGAAATTTGAGTGAAGCTCCGCCTCCGGTAGATACAAAACTCATCTTGCTGGCAATATTCAGTTCGGTCACAATCTCAGCAGTAGAACCGCCACCAATAATGGTAGTGCCATGGAGACGGGTCATGGTATTGACCATTGCCCGTGTGCCCTCTGAAAATTGAGGTATCTCATAAATCCCCATCGGACCATTCCAAAAGACGGTCTTGCACTTCTCAAGGTGTTTGGTGAAATGGGTAATGGTAAGAAGGCCGATATCTACAATTTTGGCAGTATGAGGTATATTCTCAACACTCACATTTTCTGCTTTGGCCTCAGGACCTATTTTATCAAATGTGACCAGCACATCATCCGGCAGGATAATCTTAACATTTTTTGACTTTGCTTTATCCATTAGCATTTTTGCGGTATCAAGGCTGTCATCAATGAGTGAATCACCTATCTCCAGCCCTTGAGCCTTCAGGAAAGTGGCTGCCATTCCTCCGCCAATAAGAATAGTATCCACTTTGTCCATGACGTTTTCCAGCATGCCCACCTTGTCACTTACCTTGGCGCCGCCAAGAAGTATCATAAACGGTCGGGGCGGGTGTTCCAGTACCTTTCCCAGAGCGTGAAGCTCCTTTTCAAGGAGAAGCCCAGCCACTGCCGGCAGATATTTGGCTACGCCTACAATAGAGGCATGTTTGCGGTGGGCAGTACCAAAAGCATCGTCCACATATATATCAGCCAGATTTGCCAGTTTTTTGGCAAATACAGGGTCGTTAGCTTCTTCTTCCGGGTGGAAACGCAAGTTTTCCAGCAGCAGCACCTGGCTGTCTTCCAGAGAGTTAACCTTGGCAATTACTTCGTCTCCGATACAATCAGAAACTGTAAATACTTCTTGCCTGAGTATCTCGGACAGGCGTTTTGCTACCGGGGCAAGACGCATACTTTCTACTACCTCGCCGTCTGGTCTTCCCAGGTGGCTGCATAAAATAACTTTGGCCTGGTGGTCCAGCAGGTAATCAATGGTCGGAATAGCTGCACGTATACGGCTGTCATCATTGATACCGCCAGTCTCTTCATTTATAGGGACGTTAAAGTCCACTCTCACCAGAGCTTTTTTACCAGAGAAATCTAAATCTCTGATTGTTAAGTTTTCCATGAACGCTCCTGAAAAGGTCTTATTATTCATAACCAAGCCAAACTTTCTTTAGGCGGCTTCGGGTTATACCGGGTAATAATTTTCAGTGGTTGGCTTGTCTATGGGCAAAGTATCTGCTGGTGCTTTATTTCACCGGGATTGTCTACCATGGATAATATCTTTTGGGCTATGCCTTTCCCGTCCAATCCGTATTTGGCACGAAGCAGGCTTTGATTACCGTGTTCCACAAATTTATCAGGTATGGCAATATTGGCAACCTTGATACTATTAACCAA
NZ_AP014722.1_gap15	624328	624988	660	AGCACCGCGAGACGGAAACGCCAAGATGTTTTTCAGCCAGTTCCATGGCGCAGAAGTCCCCGCACATGCTGCAGGCTTTACCTTTGGTTTTAAAGCGGTCACGTGTAAACCTGGCATGTTCCGGGTCAAGTGAAAGATTAAGCTGACTTTCCCAGTCTAATTTCTTACGGGCAATGGCCATCTGCCGGTCACGTTCTGCTGCCCCGTTTACCCCCTTTACAATATCAGCGGCATGGGCGGCAATGCGTGAGGCAATCACACCGTCTCTTACATCGGTAACATCCGGCAGAGACAGGTGCTCAGCTGGGGTAACGTAACATAGGAAATCAGCACCGGCAGCTGCTGCAATTGCCCCGCCGATAGCTCCGGTAATATGGTCATAGCCGGGGGCAATATCGGTCACCAGCGGGCCAAGCACATAAAAGGGGGCGTCTTCACAGACGGATTTCTGCAGGCGTATATTGGCCTCTATCTGGTTCAAAGGCACATGCCCGGGACCCTCCACCATTACCTGCACTTCGGCGTCTCTGGCTCTTTTTACCAGTTCACCCAGCACCAGCAGTTCAGCTACCTGGGCGCGGTCTGTTGCATCTGCAATACATCCTGGGCGCAGCCCGTCTCCCAGGCTCAAAGTAACGTCATATTCGCGGCAGATATCCA
NZ_AP014722.1_gap16	665542	668256	2714	CTTGACCTGCTGAAGCAGGTCTTTGACTTCTTTTGAGTCAGGCGTCAGATTTATGCCAATAGCTTTTGCTCTTTGGACAATATTTGACCTGCCTGCAAGTTCCGATACCAGCAGACGCTGATGGTTGCCCACCAGTTCCGGCTCTATATGCTGGTAACTGCCTGACCATTTGCTGAGGCCGCTGACATGCAGGCCTGCTTTGTGGGAAAAGGCGCTGGCACCCACATACGGCAAAAACGGTTCGGAAACCAGATTTGCCAGTTCGCTTATATAATGGGAAGTTTCAGTTAGTAGTTTCAGTTGGCTGTCGGTTATGCAGGCTATACTCATTTTTAACTTCAAGATAGGTATGATGGAACATAAATTAGCATTGCCGCACCGTTCGCCAAAACCGTTTATCGTACCCTGAATCTGGCTGGCACCGGCCTTGAGAGCGGCTATGCTGTTAGCTACGGCCATTTCTGTATCATTATGAGAGTGAATACCTACGCAAATATTTACCGACTTGGTTACCGCTTCTACGGCTTTGGCTATTTCTTCGGGCAGACTGCCTCCATTGGTATCGCAAAGCACCACGCCCTCAGCTCCGGCCTTTTCCGCCGCCTGCAAAACCTGTATGGAATATTCGGGGTTGTCTTTGTAGCCGTCAAAAAAGTGTTCAGCATCCAGAAATACCTTTATGCATTTTGAACGCAGGTATTCAATGGAATCAGTAATCATGGACAGATTTTCTTCCAGAGTGGTTTCCAGCACTTGGGTCACCTGTCTGGCTGAACTCTTACCGACTAATGTAACATATTCCGTACCTGCATCAATCAACTGTTTCAGGGTTGTATCTGCTTCGGCTTTAACTTTGGGGCGGCGGGTAGACCCAAAAGCAACCATTTTGGCATTTTTCAGTTTAAGTGACCGTGCTTGAGTAAAAAACTCGCTGTCTTTGGGGTTTGAGCCCGGCCAGCCGCCCTCAATATAGTGTATACCCAGTTCATCCAGTTTTTGGGCAATCTTAAGCTTGTCCGCTACCGTAAAGGAAATTCCTTCACGCTGAGAACCGTCTCTTAGAGTAGTATCGTATAATTTTACCTGCACAGGAGTTTAGCCTCCTATCGTTTTAGCTATCTGGCTGCCCATCTCGGCTGTGCCGAGCTTGGTGTTGCCCTCTTTAAATATATCTATCGTAGCATAACCAGCCGCTAGAACCTTGTCAACCGCCGCTTCGATTTCAGCAGCTTCGGCCTCCAGCCCGCAGGAATAGCGAAGCATCATGGCTATGCTTAAAATGGTGGCAATGGGGTTGGCAATATTTTGTTTAGCAATAGTGGGTGCACTGCCGTGAATAGGTTCGTAAAGGCCGAAAGTTTTAGTGCCTTTTGCCGGTATGCCTGCCAGAGAGGCAGAGGGCAGCATGCCCATAGATCCTGCTAGCATGGAGGCTTCGTCTGTTAAAATATCGCCAAACATATTTTCAGTCACAATAACATCAAAATAAGTGGGTGCAAGTATCAATTTCATGGCACAGGCATCAACCAGTATATGTTCCACTGTTACATCAGGATAATCTTTTGCTAGTTCTATAACTACCTGCCGCCACAAGCGTGAAGACAGCAGCACATTGGCTTTGTCTACGCTGACCAGTTTCTTTTTGCGGCTTCGTGCCAATTCAAAGCCAACACGCACAATTCGTTCAATCTCCTTTTCGGAGTAGGTCATGCTGTCAGTAGCTTTGCGGATACCCGAAGGTGTAGTCCAGCGTTTTTTCGGCTTGGCAAAATAAACACCACCCGTCAATTCTCGTATAAATATAAAGTCAGTGCCTTTTATTATTTCGGCTTTTACGGGAGCGGAATTTATCAGCGAAGGAGCCACCTTGACCGGGCGGATATTGGCAAAAAGACCAAGGCCGCGTCTTAAGGCCAGCAAACCGTCTTCAGGGTGAACCGGCAATTTGGGGTCATCAAAGCGGGGGTCACCTACGGCTGCCAGTAAAACGGCATCAGACTTTTTGCACATGGCCAGCGTTGTCGGACTGAGTGCCACCCCCTCTTTGTCTATGCAGCAGCCGCCAATAAGACCGTACTGATATTCAAAAGTATGTTTGTATTTTTTGGCAACAGCATTAAGCACCTTTAGGCCTTCGGCCATAACTTCCGGGCCTATGCCGTCACCGGGCAGAACTGTCAGTTTGAAATCCAACTAAACACCTCTTCCGCAAAGTTTTTCACGGGTATATTCTATAAGACCGCCGGCCTTTATAAGGCGGGACATAAACTCAGGATAGGGTTTGGCGGCAAAGCTTTCACCTGTAGTCAGGTCTTTGATAACGCCGCTTTCCAAATCTATTTCCAGTTCATCGCCACTGTTTATTTTTTCGGCTGCTTCCGCACTTTCAAGCAATGGCAGGCCTATGTTTATAGCGTTGCGGAAAAATATACGGGCAAAACTGGAGGCTATAACCGCCGAAACCCCCGAAGCTTTTATGGAAATAGGAGCATGCTCACGTGACGAACCGCAGCCGAAATTGGTGGTGGCTACGATAAAATCACCCGGCTTAACCTTTTTTACAAAGTCCAAATCTATATCTTCCATACAGTGTTCGGCCAATGCCTTGGGTTCAGATACGTTTAAATAACGGGCAGGAATAATGGCATCCGTATCCACATTTTCACCGTATTTATGTACAAATCCTTTTAACATCTTTTCTCCTAGCTTAATAA
NZ_AP014722.1_gap17	670069	670657	588	CCGTATCTGATCCGCGTCCGGTATATGTTACCCCGTCACTCTCAATACGGATAAGCACTTCACCCAGTGCATCAATGCCGGCCGTAACAGACTTGACCGAAAACTCAGTCAGTTTGTTAGGTACATTTACTATTCGGTTTATGGCCTTGTAAACAGCATCTACCGGCCCGCTGCCCAAAGCGGCATCTTCAACTGCCCCGCCGTTCGGGGTGGTTAGTCTGACGGCAGCAGTGGGTATGCCTCGGTCTCCGGAGGTAACCTGTATCCGGTCCAGATGATAAAGCTCAACTGTAGTCCGCAGTTCTTCGGCAACCAGGGCTTCTATGTCACGGTCGGTTACGTCCTTCTTTTTATCGGCCAAATCTTTAAAGGCTTTGAATGCGCGGTCAAAATCTTCTTCGTTCAGGTCAAAACCCAGCTCAGTCAGGTGCTGTTTAAAGGCATGGCGGCCGGAAAGTTTGCCCAGTACCAGACTGGAAGCTTGAATACCCACTTCCTTGGGATCCATAATTTCAAATGTTTTAGCCATTTTAATAACGCCGTCCTGGTGGATACCTGACTGGTGGCGGAAAGCATTTTCACCCACCA
NZ_AP014722.1_gap18	675107	678308	3201	ATCAATATTTATCATATCCCCGTCACGCAGGGCAGCTATAGGTCCGCGAGCGGCTGCTTCCGGTGAAACGTGCCCCATAGCGGCTCCGCGGGTTGCGCCTGAAAAACGCCCGTCCGTAATCAGGGCTACTTCTTTATCCAGCCCCATGCCTGCCAAAAGCGAGGTTGGGGTGAGCATTTCCCGCATACCCGGCCCGCCTTTAGGCCCTTCATAGCGGATAACCAGTACATCACCGGGGGTTATCTTACCGCCCATAATGGCTTTGGTAGCCAGCTCTTCAGAATCAAATATACGGGCAGGCCCGCGGTGAACCATCATCTCCGGGGCAACTGCAGAGCGTTTAACTACACTGCCGTTTGGTGCCAGATTTCCGAATAGAATAGCCAGCCCGCCCTTGGGTGAGTACGGGTTTGAGGCAAAACGAATGACTTTATTATCTGCTTTGGGTGCGTCATCTGCCAACTGGCCTATGGTTTTGCCGGAGACAGTCCGGGCATCATTTTTCAGCCATGGTTTCAGCTCTTTCAGCACGCTGCCTATTCCGCCTGCCTGGTCAAGGTTTTCAATATGGTATGGGCCTGATGGGCGGAGCTTGCACAGATTAGGAGTACAATCACTTATACGGTTTATCTGCTCCAGTGAAAAATCAGCCCCGGCTTCATGTGCAACCGCCATAACATGCAGAACCGAATTGGTGCTGCCGCCCAGTGCTACGTCCAGACTGAAAGCGTTGTAAATGGCATCCGGTGTTATTATATCTTTAGGGCGTGTATTATCTTTTATCAGGTGCATTATCTGCTGGCCGGTCTTTTTAGCAAGCTGTGTGCGGCGTGAATCCACCGCCGGTATAGTGCCATTGCCGGGCAAAGCCATGCCCAGTGCTTCTGTAAGACAATTCATAGTATTGGCGGTAAACATTCCGGCACAGCTGCCGCAGCCGGGACAGGCTACTTTTTCAAGTTCCAGCAGTTCTTCTTCGGTCATCTGCCCTTTGGCCACCTGACCGACAGCTTCAAAAACACTGTTTAAATCAACACAGCTGACCTGGTCATTTTTCCTTAAACGTCCTGCCAGCATGGGGCCGCCGCTGACAAATATAGAGGGAATGTTCAAACGGCAAGCAGCCATGAGCATACCGGGAACAACCTTATCACAGTTAGGTATAAAAACCAGTCCGTCAAAAGCGTGAGCCATAGCCATAATCTCAACTGTGTTGGCAATGATTTCACGGCTGGGCAGGCTGTATTTCATGCCGGCATGGTTCATAGCAATGCCATCACAAACCGCAATGGTATTAAATTCAAAACCTACGCCGCCGGCAGCATTTATGCCTTCTTTGACGGCTTCGGAAATCTGTCTGAGGTGAATATGTCCGGGGACTACTTCGGTAAAGCTATTTACAATACCGATAAAGGGTTTTTGGAAACTTTCTGTATTCAGACCCAGGGCACGCAGCAAAGACCGGTGAGGGGCACGCTCAATACCTGATTTGACATCTTCGCTTTTCATATATGCGCTCCCGTTTGAAAGAATTAAAAACCGTCCTCAAAGGACGGGTTTACGACAGATTATTGGAAGTGTTTAACCATAACACAGTCCACGTTTGCTGTCAAGCTGAAAGGCTGGTTTTACCCGCTGTTTTAAGTATATCTGCTTCTTTTATTGCCCCCTGGCGGATAATCTTCAATTCATTATTGTTTACAGCTACTATGGTAGATTCCACTCCTCCGCTAACCTGACCCCCGTCAAGGATAAAATCCACCCTGTCACCCAGTTGGCTTCGGGCTTCAGTGGCATTTAGTGAGCTTTTACACCCGCTGAGGTTGGCGCTGGTGCCGGTAATTGGTTCACCGATTCGTTTCAGCATTTCAATTACCGCTGGTTGGTTAGGTATCCGTATGGCTACTGTTTCATTTCCGCCGGTTAGTTCAAGCGGAATATTATTTGTCTTCGGCAGTACCAGGGTAAGTCCTCCCGGCCAGTATTCTGCAGCCAGTTTACGGGCCAGCTCCGGAAAAACCTTGGCTACCTGATTTATCTGCGAGACGTCCCCTATCAGGGCGGGCAGACCTTTGGTATTGGCTCGGCCTTTTATGTCAAATACACGGTTTACTGCATGGGTATTTCGGGCTAATGCCCCAACTGCATAAACAGTGTCTGTCGGGAATATTACTACTCCGCCTTCTTTAAGTATCCTGACGGCGTTGGTTATCTGGTTTTCCATATCCTCATTAAATCGGTTATGTGTCATATATTTATTACCTTGTGCCATTTACAAATTGGTAGATATATCTAAATACTCTTGGGTTATTTAGTCAAGTATTATCAGGCTTGTACCATGTAAAAACAGACCTGTTTGCTTTACAATTTTAGCCTATAATGTTAAGCTACCATCAAGAAAATGATGAGCGAAATGAATAATAAACAATCAGCCGAGAGCCTAAGAGTTTCCACTACTGGGGATATTGAAGTCTCTACCTATTTGGAAATAGCCAAAGAAAAATCCGGTGCCAAGCCGGAGTGCATTGCTACTGGCGAAGAAAACCTGCGTGAGTCAATAGTAATTTTTGATTTTGGTTCACAATACAGCTTACTTATTGCCCGGCGCATACGCGAAATGCATGTCTACTGCGAGCTGGTTTCTCATGACACTCCATGGGAGAAAATAGCCCATCTGAATCCTAGAGGGTTTATTCTCTCCGGCGGACCATCCAGTGTGTATGAGCAGGGAGCACCTTTAGCTCCGGCCTATATATTTGAAAGTAAACTGCCTGTTCTGGGTATTTGCTATGGTATGCAGGCTATCACCCAGCAATTGGGTGGCGTAGTTGAACATAGTGAGAAACGTGAATACGGGCATGCTTTGCTTCATTCAAACGTGGTTAATACGGACCTTCTGGCAGATATGCCTGAACCTTCTCCCGTTTGGATGAGCCATGGGGATCGTATTGAGAAAATGCCGGCAGGGTTTACGGCTCTGGCCTACACTGAAAACTGCCCGGTTGCAGTTATGGGTAATGAATTTGATATTTACGGATTGCAGTTTCATCCCGAGGTTGTTCATTCTCCTCACGGTAAAATCATTCTTAAAAATTTCGTTTTCAATATATGTAAATGCCATGCTAACTGGACTATGGGTAATTATATTCAGGAAAGCATACAAAACATACGTGAGCAGGTTGGTGGCGGGCAAGTTATCTG
NZ_AP014722.1_gap19	681067	683584	2517	AACTTAAAGGAATTGATGCCCTGTACTCTATAGTCCAGATGCCGGCCGGTATACCGGTAGCTACAGTAGCCATCGGCTCTGCCGGTGCTAAAAATGCGGCATATCTGGCGGCTGAAATACTGGGTTTAAAATATCAAAATATCCGTCAGGCGTATGAAAGCTACCGTCGGGAACTTAAAGGTGAGAACAAATGATAGAGCGATATAGCCGCCCTCAAATGAAAAAAGTCTGGTCAGACGAAAGTAAATTTGCTTACTGGCTGGATATTGAAATTGCCGTCTGCGAAGCTTGGGCGAAGATGGGGGCAATTTCAAGGGAGGATATCACTAAAATAAAGCTGGCGCGCTTGAATTTTAAGCGCATGGAAGAGCTTCTGAAGGAAACTCACCATGATATGACGGCTTTTTTGGGTTCTGTAGCCGAAAGTCTGGGTGAAGAATCCCGCTTTATTCATATGGGCATGACTTCATCTGATGTGATGGATACGGCTCTCAGCCTTCAGCTTGTGGAAGCTTCAAAGATACTAAACAACGGTGTTAAAGACCTGATAAATGCTTTGGCTGCCAAAGCTATGGAATATAAATATACTGTCCAGGTGGGACGTACTCATGGCGTTCATGCCGAACCCATTTCATTCGGACTGAAACTGGCCTTGTGGATGGAAGAAATGAAACGCAACCGCCAACGGCTTGCGGAGGCTACTAAGGCTATTACCGTGGGTAAAATGTCAGGAGCGGTAGGTACTTATGCTACTTTATCCCCTGAAATTGAAGAGATAGCCTGCAAAAAACTGGGGCTTTCACCCGCCTCCATTTCAAATCAGGTAATCCAGCGTGACCGCCATGCCCAGTACATGACTACTCTGGCTATTATCGCTGGTTCGCTGGAGAAATTTGCTACAGAAATACGGGCTCTCCAAAAGACCGAATGCCACGAAGCCGAAGAGCCGTTTGAAAAGGGTCAAACCGGTTCATCCGCTATGCCGCACAAGAAAAATCCGGAACTCTGCGAACGCATTTGCGGTATTGCCCGCATTATACGTGGTTATTCTGTTACTGCTATGGAAAATCAACCACTTTGGCACGAACGTGATATCAGCCATTCTTCTACTGAACGGGTGATTATGCCTGACGGTTGTCTGCTGATAGATTATGCCCTGCACATTTTTACAAATGTCATAAAAGGGCTTAATGTTTTCCCCGAACAAATGGAAAAGAATCTAAATCTAACAGGCGGTTTGGTTTACTCACAGAGGGTCATGCTTGCTTTGATAAACAAGGGTCTTTCACGCCAGCAGGCATACAAAATGGTACAGAGGAATGCCATGCGCACTTGGCAAGGCGAAGATAATTTTATGAACCTGCTCAAGGCGGATGCCGAGGTTATGCAATATGTGACCTCTGCCGAAATTGACGAATTATTTGATTACAAGTTTTACCTGCGTTATATAGATGATATATTCAGCCGGGTCGGACTTACTAATTCACAGTGGAAGAAAGGCGGGGACTCATCCTCTGATGAAGGACTGTCACCCAGAGCTATATAGATGACTGATAAAAAAGTACTTATGGAAACTGCCCTGCCTCTGCCTTCTTTTATAAAAGGAAAAGTGCGTGATACTTATCTGCTTGGTGATAAACTGCTTATCATTGCCAGTGACCGTATTTCCGCTTTTGATGTGATACTGCCTTCAGGCATACCAGGTAAAGGAAGGGTGCTTAACTGTATTTCATCATTTTGGTTTGAGAAAACTGCTCATATAATACCCAATCATGTTATAGAGCTGGTTGAAGATGTAAATTGTCTGGATAAATACCTGCCCGTAGCCGAACGGTTCAAATATCCGGAATATTTAAACAGCAGAAGTATGGTAGTCAAAAAAGTTAAGCGTGTTTCGGTTGAGTGTGTAGTGCGTGGTTATATTGCTGGGTCAGCCTGGAGTGAATATAAAAAGACGGGTACTGTAAATGGTGTCTCTATGCCGAAAGGTCTTTTGCAAAGCCAGGAGCTACCAGAACCTATATTTACCCCTACCACCAAGGGAGACGGCGAACATGACCGCCCCATGTCTATTGCTGAACTGGAAGCTATGGTCGGCAAAGAACTGGCTGATAAACTGGCTAAAAAGAGTTTGGAACTCTATAAATTCGGACGGGAATATGCCCGCCAAAGGGGTATTATTATAGCTGATACCAAGTTTGAGTTTGGTCTGGACGGCTCAGAGCTTATCCTTATTGACGAAGCCCTTACCCCGGATTCCAGCCGTTTCTGGGATGAAAAAACCTATAAAGTGGGCGAAGCCCAGGATAGTTATGATAAACAGCCTGTGCGGGATTATCTGGAAACTATTAGCTGGAACAAAGAACCCCCCGGTCCTGTATTGCCGGATGAAGTTATAAAATCAACTACCTGCCGTTATGAATACGCTTACGAAAGAATAACCGGCCTAAAGTTGGGTTAACCTGCTAGCGTGGATATATATAAAAGGGGCGAAAGCCCCTTTCCCTATTTTACAAA
NZ_AP014722.1_gap20	684772	687737	2965	TGGGGGCGGCTATAAATATAAGCTTGGTTTTTGGAGTAAGTGCATTTTTAATGCCGCTGATATTTACATTATAACCGGCATCACGCGGCACATTGACTACGGTTCCGCGGTTCAAATCAGTATAAAATTTATACATGGCGAAAGTAGGCGGGCAGTTGATAACCTCATCTCCGGGGTTTATAAACAGCCTCAGCAGTAAGTCTATCAACTGGTCAGAGCCTGCCCCGCAGATAATCTGCTCCATATTTACGCCGGTATATTCCGCCAGCAAACGGCGGATTTCAAATTGGGTGGCATCAGGGTAGATATGGTACTGGTCAAAGGCAGCCATAGCCTGCCGTACCGCTGGTGCAGCCCCGTACAGGTTTTCATTGGCATCCAGCTTGATTATCCGGTTTTTTGTCTTTACCAGTTCCGGTGCTTTGCAGGCAGAATAGCCGGCAAACCCTTCTAGATCTGTCCGTATATATTTTTTCATATCATATGTCATATCAGTTCTCACTTATCCCATCCGCTTTAAGGCGGCTTCGGCATGGCATTCCAGCCCTTCGGCTCTGGCAATAGTGGCAGCGGCTTTCCCCAGCTTTGCCATTTCCTCTTTGCTCACGTTTACAATATCTATATATTTTACAAAATCCAGTATATTAAGCGGGGAGCTGAAACGGGCAGTGCCTGAGGTGGGTAAGGCATGGCTTGGCCCAGCTACATAATCCCCCATTACCACACTGGCTTTTTCCCCGTAGAAGATACAGCCAGCGTGATTTATGCGGGACAAATACTGTTCTGAATCCTTTACCAGCAGGCATAAATGTTCGGCAGCATACATATTGGCCAGCGTAATGGCCTCGTTCATATTATCCACAACCGCAATCAGCCCGTTGTCCTTTAAAGACTGCCGGATAATATCCTTTCGGGCACAGGTAGCAGCTTTTGTCTCCACGATATCGTTTACTTTGTTTGCCATCTCCTCAGATGTAGTCACCAGTATCGAGGCAGCCAGTGGGTCATGTTCGGCTTGAGCCAGTATATCAGAGGCACAATATTCGGCGTTAGCATATTGATCAGCAACTAACAGCACTTCGCTGGGGCCCTGAAGTCCGTCAATATCCACCACTCCGAATATGGCTTTTTTAGCCAGTGTAACAAATATATTACCCGGCCCGCATATTTTGTCCACTTTGGGAATTGATTTAGTACCGAAGGCAAGGGCTGCCACCGCCTGAGCACCGCCGCAGGCAAATACCTTGTCTACCCCGGCTATATAAGCGGCAGCCAGAGTGGGCATCGGGATTTTCCCGTCTACTCCCGGCGGGGTGACCAGTATAATCTCTTTTACGCCGGCTTCTTTAGCCGGAATGGCGGTCATCAGCACAGTTGACGGGTAAAAAGCTTTGCCGCCGGGTATATACAAGCCGACCCTTTCCAACGGGCGGATAAGCTGTTTGCCCTGCATAATTTCAGCTGCTTTCCAGACAGCCTCTTTCTGAAAGCGATGATAAGCCTGCACCTGAGCGGCGGCAAGTTTCAGTGCCTCAAAAAGTTCAGCAGGTATTTCACCAGCGGCCTGCTTGATTTCGGCTGGGCTTACCTCAAGTTTTGAAATAGCGGCACTGTCAAACTTCAGGGTATACTCTAAAACAGCTTTATCACCCTGTTTGCGTACATCGTCAATTATGCCGTTTACAGTCTTTTCAGGGTCAACCCCCAGCCGTTTGGCAAGTTCGGCCCTCTGGGTTTCGTCCAGAAAGAACCCGGTCTTATCCCGGCGGGAGAGCCTTTTTTCTGCTTGGGCAAACCCGCGGATTATTTCCATTTTACTTTAGGCCTCCAATGCCTTTTTAAGCATACTTATTACCGTGTTTATCCGTTCGCTCTTGGCGGCGGAGACTACGCTCTGGTAGTTGGCTATAACACAGGCGGTAGATTCAAATAAAGTATCTATTATTTTCAAGTTGTGGCGGGCAATAGTGCCGCCGGTTTCGGTATTTTCCACCAGCATATCCGCATCTTCCGGCAGAAAAGCCTCAGTAGCCCCCCAGGTTGGAACAATGCGGTAATGCCCCAGGTGGTTGCTTCTGGCGTAAAAGTCAGAGATATTGGTATATTCGGAAGCTATCCGCATTTCGCGGCTGCCGCAGTAATCTTTCAGTTCGTCCAGATTGGAAACCGGCACATCGTTATGCACCACCGCCACCAGTTTTACCCAGCCGTATTTCAAATCCAGCAGTTCCTTTACCGGGCTGGTCGGGAACTGGTAAAGATGGTCAGTCAGCCAGTCACGCCCGGTAATAGCCAGGTCAAAATTGCCGTTGGCTACCTGTATGGGCATATCCTGGGGGCGGATTACCTTTACCGCAATGCCGTTTATGCCGAATGCCGGACGGTGATTGCCCGTGGCAGATGGGTAGTCTTCAATAGCTATCCCCGCGGCATCCAATATCTTACGGACATGGGGCTGCTGATGCCCGTCAGGCAGTGCCAAACGCACAGTATCATCCGGCATATCCAGAAAAGATGGCTGGCAGCCATTTACTGGTTCAATCTTAATATCTTCCGCTTTGGGTTCAACATAGCGGCTGATATTTGCCATTACAGATGAAATAGCCCCGCTCAGGTCTTTTTCCTCAAGGCTCTGGCTGTTGGCTATCAGATAGGCTTTAAAATCCAGCACTTTAGCGATAGAACGCAGATTCTTTTTAGCCAGGTCTGCTTCGGACTTGCGCGGCAGAATAACCACTTCGGCGGTATCCGGCGGATAAGCCTCTGCCGAACCCCAAAGCGGGAAAATGCTGAAATTTTTAAGCCGCAGCTGCATGGCAAATACCTCGGCGATATTCGGGTATTCGCTGGCTATGCGTATACGGGTATTGCAAGCTGAGAGTGCTGCCAGATTATCATATGGGCTGTTTACAGCCGTAGCCGCATATAATGAGCCATGCCCGTAGCCAAGGTTTTTCAGTTTGAC
NZ_AP014722.1_gap21	689340	693437	4097	CGTCTTGTATTGGCTGATGAAGGAGTAAAGATGAGCTGGTATTGGATTGCCCCTTTAATCATCATAGCGGTGCTGGTAATTATTTTCGTGGTAAATCAAGTGGTCAGTGCTCACCTAAAACAAGCTGCCACCGGCAAAGAAGAGCTGTACGGCAAAAAAGCTTTGGTAAAAACCCCGCTAAACCCCGAAGGCAAAGTGCTATATGACGGGGAGATATGGGCGGCGCATATTGAAAACGGCACTGCCGAAGTGGGACAGGAAGTGGTTATAGTACGTCTGGAAGGATTGAAATTGTACGTCAAAATGGAAAGGAACGAATAAATGGAAGAAACCTTAAATACCTTAATTACGGTTGGTGTGGTTCTGGTTATACTGCTACTTATACTCAGTATGGCCGTCAAGGTAGTTGCCGAGTACGAACGGGGTGTCATATTCCGGCTGGGGCGGCTTATCGGCGGCAAAGGGCCGGGTTTATTCTTCCTTATCCCCTTTGTAGACCGCATGGTAAAGGTTGACCTGCGGGTAGTTACTATGGATGTACCCGGACAGGAAGTTATTACCCGTGATAATGTCACCGTAAGGGTTAACGCCGTGGTTTATTTCAGAGTGGTAGACCCTGAGGCCTCGGTGGTGAAAGTGGTTGACCATTACCGGGCTACTTCCCAGATTTCCCAGACTACCCTCAGAAATGTACTTGGCCAGTCAGAGCTTGACGAACTGCTCTCCCAGCGTGAAAAACTAAACCAGATACTTCAGCAGATTATAGACGAAGCTACTGCCCCGTGGGGTGTTAAAGTCAGCATTGTAGAAATAAAAGAAGTGGAACTGCCCGAAGCTATGAAACGGTCTATGGCCGCTCAGGCTGAAGCCGAGCGGGTACGCCGTGCCAAGATTATTCATGCCGAAGGCGAAATGCAGGCTTCCCAGAAACTGGCTCAGGCCGGCAAGGTTATTGCCAAAGAGCCGGTCAGTCTGCAGCTGCGTTACCTGCAAACCATGACCGAAATTGCTTCAGAACACTCTAACACTATAATTTTCCCTGTGCCGGTAGACCTTATCAGTATGTTCATGGATAAAGGGAAAGGCATGACTAACCCGAAGACTGAAAAAGACACTAAAGAATAGTTTTGTACCATCAGATAAATAAGAAGGCCTGCTTTGAAAGCAGGCCTTCTTATTTATGTATATATTAAATATCAATCAGCATGCCTCAGGCTTACGTCCCCCGCCATTATATGCACCAGATTACCATCCGCCAGCCGTATTCTCAGGCTGCCATCCGGATTGACAGTTTCCACTATCCCCCTATAAATATCTCTGCCGCTTGTTACGTCTACTTCTTTACCTAGTGTAATCAGCCGTTTCTTCCACATTTCAAACACACATTCACCGTGTTCGTTTAAATAAAGATACAGCCTTTCAAACTCGTGCAGAAAGCCAAGTATCAGTTTCTCACGGCTTACAGGTTTCCTGGTATGGTTTATCAGACTGGTTGCAATATCTCTTAGTTCGGGGTAGGTTTGCATATCGGTATTTACATTTATACCCAGCCCTACCACACTGGAATTCACCTGTCCGTCCCGTATATCATTTTCTATCAGCATTCCGCATACTTTTTTACCTTTTATCAGGATATCATTCGGCCATTTCAGTTCGGTCATTATACCGGTTGTATCTTCTATGGCAAAACTGACTGCCAGTGAAGCAGTCATTATCAAGCGTGAAAGTTCATTTTGATTGGGGTGCAGTATAAATGACATGTATATGTTACCCTGGGGTGATAACCACAACCGTTTCAGACGTCCATGTCCCTCTGTTTGCCTTTCGGTTATTATCACTGTACCGGCTTCGGCACCTTTGCGTGCCATATCCATTGCTACGGTCTGGGTAGATACAGTTTCCGGCAGATAAATTATTTCCCTTCCCATAAAACAGGTGTGCAGGTTATTTCGGATATCATTTATAGATATACAAGACATGCTCATATATTTCTCCGGAAGTTTAAATATCTGGACTTTACAGCCAAGACCATTATATTATACAACAACAGGCACATCGGGGGAGTAAACTGCTATGCCGTCCAACCCTCTGGAAGAATATAACCGCAAACGTAATTTTGCTAAAACTGCTGAACCTTCTGGTGTACGAAGTACACTCTCTGTACAGCCAGTATTTGTTGTCCAAAAACACCTTGCCAGCCGCCTGCACTATGATTTCAGACTGGAAATTGATGGGGTTTTAAAATCATGGGCTGTTCCCAAAGGGCCGTCTGCCAGTCCTAAAGAAAAACGGCTGGCTGTGCCTACCGAAGACCATCCCATGCAGTACGCCTCTTTTGAAGGTGTAATACCGGCGGGTGAATACGGGGCGGGGCAGGTGATAGTCTGGGATAGAGGTACTTTTACAAACCTTAAAGCAGGAAAAACACTGGCAGAGTCTTATGACACAGGACATCTGGTAATAGAACTTCAGGGTGAAAAACTCAAAGGCGGATATTCGCTTTTACGGACTAAAATGGGCTGGTTGATGGTGAAGATGGAAGATGCATTTGCCCGCCCGTTATCAAATATACTTGATGAACAACCGGCTTCGGTGATAAGCGGAAAATTGGTTGAAAATATTACTTAAAACAGGCTTAGCGTCTATATACACAGGGGGAGTTAATCTATGAATGTAGTAGAAACACATGGCATATCTAAAATATATGGACGGAATATCATAGTAGATAATTTGTCTCTTAGCCTTGAACAGGGGCAGATTATGGGGCTTATTGGACCTAACGGAGCAGGCAAAACTACCACTCTCCGCATGATGATGGATATTATAAAGCCTGACAGCGGTAAAGTGCTTATACTGGGCGAACAGATGAATGCTGACGCCCAGAATCATATCGGCTATCTTCCTGAAGAACGCGGGCTTTACCGAAAGCAGAAAATTATAGATTCTCTGGTATATCTGGCTAGTTTAAAAGGCATGAACCCTTCTGCTGCCAAAGCTAAGGCTTTGGAATTACTGGAAAAAGTGGGGCTTTCAGCCCATGCTGAAAAAAAGATTGAGCAGCTTTCACATGGCATGGGGCAGTTGGTACAGCTAGTTTCTGCTATTCTTCATGACCCGGTTCTGATGATAATAGATGAACCGTTTAACGGGCTTGATCCGGTAAATGTTCAGCTGGTAAAGAATCTGATGCTGGAGTTACGCAGTAAAAATAAATCACTTATCCTTTCTACTCACCGCATGAATGAAGTAGAAGAAATGTGTGATCGGGTTTGCATGCTTAATAAAGGTAAGCAGGTGCTTTACGGCAATCTGGTTGATATCAAAAATCACTACCGCAGCAATACTCTTGAAGTAGATTACGAAGGTGAATTCCCACCTCTGGATAAAGTTCTTGATGCCAAAGCGGCAAGCGGCAAAGCTCATATTATATTAAATGGAAACACCACTGCCCAGAATGTGCTGGTGCAACTGGTAAACAGCGGACTGATTATTCACCGCTTTGAAATAGCTACTCCTACTTTAAATGATATTTTTATCAGCATTGCAGGTAAGAAAAATGTCTAAATACAGTATTGTTTTAAAACACGAGTTCATGTCAACCTTGAAACGCAAAGGTTTTTTGATAACATCACTGGCTTTGCCGGTGCTGGGTTTGGTGGGTATTTTGGTGGGTATGGTGGTGCAGGATATAAACGCACAGCCGGATACTGCCGAACCCCTGCAAATAGGTTATGTGGATCAGGTGGGGGTTTTCAGCGGCTATCAGGAACAGCCAGGGGTTGTACTGGTGCCTCAAACAGACTCTCAGACAGCGGTTGATAATATGCTAAATGGGGAACTGGACGAATTTCTCATTATACCTGAGAACTATATAAATACCGGTATAATTCAGCGTTTTACCCTGGAAACTGAAATTTCTCCCGGCGGGGATATTTCTTACGCTATATCCAGCTTTCTTACCTCAAATCTTTTAGGCGGCAAGGTGGATGCCGATATCTTAAGCCGTGTACAAAACCCGTTTGCTCTGGTAAATACCGTTATAGACGAATCCGGCCAGCCGGCACCTGGTCAGGGCGGCATTCCCAACTATATTGTTT
NZ_AP014722.1_gap22	761290	763601	2311	TCAGGCATTTTATCTTGGCGGAGACGAAATTTTGTGCCATGATTATGCCCAGTTCGTGCATCAAAATCGACAAGGATATTGCCATTTTGTAATGCGCTTAGGAACTTATCCAAACTAAATTTTTCGCATATAAGGATATTATGATATTTATATAATTCTGTGCCGTCAGGCTTCCTTTGAACATCAGCGCGAACATAGAAACAGTTAGTAAGCTTAGTACGGGCTTTAGCATACAAGTCATCAAATCCCCAATAGGGTTGAGGATCCAATTCTTTCAAGGTTCCAACACGTTGTTGAACACTATTGAGCCAATCATTATGTCTTGGTGCAACGTATTTATGATCAAATGAAACTAACAACTTGCGCTCTTTTGCATCAACAACTACTCCAAACCCCCTGTCGCTTCTGTGTTGTCCATGAATAGTTTGCCGGAAAGACATTTCAGTATCAGGATATAGATGACCTGCAAATTCATGTGGCCATCCATATTTCAGTAAGAACATTTCTGGAACAAAATGTAATGCTCGAGGAGAAGGCTCCATATGAAATAATGTAGTAAGGCTTGTGGTATGAGATCTTTGAGTTTTTAATTCCCACTCATTAGCATTTGGAATGGGAAGGTTATTCTCCGTAATCCCTAAGAGGTCTTCTAGTGTGTTACCAATACCGCCTACATTACCGTGGCGTGCATTGGATATCCAACCTTGGCTACAAATACTTTGTAAGGCTGCAATTAGGGACTCTTTAGTGTAGATATTCATTTTTCAGGTGGTCTCCAAAAGTCCAAAATATATTCGAATGTTACACCCATAGTGATGTAATTAGAAGGCCATCCAAAAATACCGATTCGATTTACAATGTTTCTTCGATCCCAAATAATAGTATTTCGAAGTTCATAACCAACAGACCGTAGTGCTTCTATAACAGCAACATGGATGGTTATGCGTTCATTTTCCCACCACATATCGGGGACGTTAATAACGCAATGGCCTTTAGGCTTTAGCAACGGCAAGAGATTTTTATAAACGTTCGCCATCGCTTGTTTATAATCATCTAAGGATAGTGTTCCTAAGTCACGTTCATCTTGGCTGTATTGCTCAATAGCTCCTAGTTGTTCATTTGTACGTTCAGTACCTCGGCGGCTTTTATTCTGGCGTTTTCGATTTAGGAGGTTCGCATAAGGAGGAGATGTAAGCACAAGAGCGATGCTCTGTTCGGGCAAATATGTTTTAATATCTCGTGCATCGGCTAAAACTGCCAATTGTTTTGCCGGCGTAATATTTGGTAGTTGGGCTAGGCGCTCATTACACACATCGATATACTTTTGTTGAAGGTCAAAACCAACAGCGTTTCGATTTGCGTCCATAGCAGCAACAAGTGTGGTTCCTGAACCAACAAATGGGTCGACTACAAGTTCTCCTTCGTGAGTGAAGAGATCTATACATTTTCGAGCTAAAGATATAGGGTAAGTGGCGGGATGTATTTTTTTGTCTCTAACATCACGCCCATTGTAGTAGAACTCCCACACGCCGATTTGACTCTTGAGCCACGTTTTTGCATCCATACAATTAATATGTGAAGGTGGGCAGGAACAGGTACGTTCATAGTTTATAGACAGATAATCGGGCTCTTTAATAACCGCATTAGATGTATCCAACATGATGCTATCATTTTGGGTCAATGATTCTGTTTTTTCCAAGTGGTTTTGACCTCTTTCCGCGTTGGATATGCTAGAAAGACATATACAAATGGTATTAAGCCAGCTAGTCTCCAGCAGCGCTCCTATTGAGTCGCTGATATTATACTAGCTGGCTTAAAAAATAGCCAGATTGCATCATGGTGATACCGTCTAGAAATCTTTATTATGGGTATATTACTACATGTTAAGGTATTTAAAATATATTCGAATTAAAGATATTCACATTCTTACAAACGCTGCATTTCGCTTTACCTTGTTTCAATTTTTTATTTGACATGCGAATAAGAGCACCGCACTTTTGGCAACAACCTACCTTCTTGTGCAACTCATTAAGTGCAATAGTACGGGGTGAATTCGCATCATTTAACCCTTTGGTGTTATATTGGTTGTTCATCTTCTTTCCTCTCTTAAAACAAACTGCCTCAGCTTATAAGTCCCTTCTGGGATTAATCCCATTCGCATTGCATGTGTGCAGGCACAGATCATCCTCTGGTTCATGTATTTAAGACGATCCTCAGGGTTTAAGCTGTGTATAAGCTCAAACTCAGTCTGAGTTACACACTCACCAAACTTGTACATCTCTTTACTGAAGGCGTGCCACTTTCGGTGTAT
NZ_AP014722.1_gap23	773595	776650	3055	CGGAGAGCATTTCGTGGATAATGGCACCCCGCCTGAACGCAGCCGGAAGGCTGGAACATGCTCTGGCAGGATATAAACTGCTTACCGCCACCACCATAAGTGATTCTCAAGAACTGGCACTCTGGCTTGAAAACAAAAACACCGAACGCCAGCAGCTGACCGTTCATTTTGTAGAAAAAGCCAGAGCTAGGCTGGATACACAGTTTCTGCCTGCATTACTTATATTCATTGATGCCGAATGTCCGCAAGGTATCAGCGGGCTTGTGGCAGGCAGACTGTCCGATGAATATTACCGTCCGTCTATTGTTATAAAGACCAACGCAGATTCGGCTACAGGCAGTTGCCGCAGCATACCGGATTTCAATATCATTCAGGCCCTCAGCCGCTTTGCACATCTGTTCAGCCACTTCGGCGGACATGCCCAGGCAGCCGGTTTCACCCTGCCCATAGAAAATTTGGATGCATTTGTCCAAGGCATATCCGCTTATGCCGAAGAAACCCTAAGCGGTGTAGAACTGAAGCCGTTTATAGATATAGATATAGACACAGATCTAAGTGAACTCTGCCCGGCCACCCTGCGTGAACTTGAGAGGCTGGCTCCATTCGGAGAGGCAAACCCGAAACCTGTGTTCCTAAGCCGGGGGCTGAATATTACTGATTACCGCTCCATGGGCAGCAACAACGAACACCTGAAATTGCGTATTAAACATAAAGGCCGCTTCTGGGATGGAGTGGCCTTTCGCCAGGCAAAAGAACTGAATGGTTTTCTCCAATCCCCGGTGGATATAGTGTATAATCTTGAACTGGATAAATGGTGCGGAACAGATACACTCCGCCTGAAGATAATTGATATGTCACCCGCAGGTACCAAGATTTAATAAAAAGGTGAGCAAATGAATAGTTTGATAATGGTTATAATTGCCCTCATTGCCGCATATTTTATCGGCTCCACCCCTGCCCCTTATCTGGCAGGGCGGATTTTTAAAGGCATAGATATCCGTACGGTAGGCTCTAAAAATATGGGGTCTATGAATGTTTTTTACAATGTGGGTTTCTGGCCGGGTATTCTGGTACTGGCGGTAGATATAGGCAAAGGTGCTCTGGCTATGGCAGTTGCCAACTGGCTAGGTGAAGGGCTGGGTATCCAGATGCTGTGCGCCCTAATGGCCATTGCCGGGCATAATTACCCGGTATGGCTAAGATTTAAGGGCGGCAAGGGCGGAGCAACTGCCATAGGTATTCTGGCCTATATGATGCCAGAGGGCATTCCTATATATATCGCTTCTTTTCTTATCCTTATGGCTATTACCCGTTTCCCCACCTTGAGTTACGGCATTTCATTTATCAGCTTCATACTGGTGGCATGGCTTGGACAGCATGATTTGGGGAAAGTGCTATTTTCCCTTTTGGTAGTTATGATACCCATACTTATGTACATACCCCGAATGAAAGAGATAAAAAACAAGGCCGGCTCCGGCAATGCCAAACGGGCTATCTTCCGTAAAAACCTTAAAGAACGGCTTTAATCTTATTTTCCCAGAGCAGACAGAATAATTAAAGACTTGCAGATTTACTTTAAATACATTTGCAAGTCTTATTTTTAATGCTAATAATCCTAAAGTTTAACCTAAGCGTTTCGCGCTTAAGTTATCTTGTCCGCTGCCTTTTGGTTCCGTAAACGGTATATAAAGAGCGGAACAGCTATGGCAATAAGTATCAGCCCCACTACCTGAGCCTGTTCCAGCCCCAGAGCAAAATCATCATTTACCCGCACAAAACCAATGGCGACTCTCCATGCGGCATAGAGGTTTATGTAAAGCAGGAAAAGCTGTCCGTCAGGCCGCAGCTTTTTGGCAATAAATAAGCTAAAGGCAAAAAGACACAGTAAAAAAATAATTTCGTAAGCCTGGGTAGGTGCTACCTCTATACCATGCGGAGCGGCCGTGGCAGGGTTTGTATAAATCACACTGCAGCCGCTGCCACCGTATTCACCGTAACAACAGCCATTCAGCAGACACCCCACCCGGCCTATCGCCTGCCCCAGCAGTATGCCCGGAACAGCCACATCCAGCAGGTAACCCAGATTGAAGTGGGAATAACGGCTGTAAATCCACAAGCCTATAGTTGCACCGATAATAGCCCCGAATATGGTTAAACCTTCACCGCTCAAAATAGCTCCGGGGTTAAGGCTGTAATATTCCCAGGCATCTATAACATGCAGAAGCTTTGAAAAAATAATGCCGGAAGGAATAGCAATAATAGCCGCAGTCAGCACCGTATCATAAGAAATATCGGCCCCGCGTTTAATCCGCCAGAATATCCAGGAAATCAGTGCCACCACACCCAGAGCCATCATGATTCCGTACCATTTGACCACCAGCGAACCGATGCTGAAGGCTACCGGGTCTACATTTATTTCAAACATAAATACCAGTCCTGTTTCAATTTTTAAAAAGTACTATATTAAAATTATACCCGAACAAATTCAGCATCACAAACAGGCCTTGCCCAGGCATCTTTCCAGTACGGCTTTAGCCCCGTTTTTATCCAGCGGTTTGTTATTATTGCCGCACTTGGGTGACTGAACGCAACTGGGACAGCCGTCTATGCAGGTGCATTTTTCAATAACGTTTCTGGCGGCTTCCCAAAGGTCGTTGATGACTTCATATCCCTTTTCGGCAATACCTACCCCGCCGGGGTGTCCGTCATATATAAATATGGCCGGGGTACCGGTATCCGGGTGGAGCGGGGTAGAAACACCGCCGATATCTCCCCGGTCACACAGGGCAAATAAAGGCAGCAGCCCGATAAGGGCGTGTTCGGCGGCGTGGATAGCCCCGTGAAAATCCATTTTAGTTTTTTCCATAGCGGAGACTATATCAGAAGGCAATTTAAACCAGACAGCTATAGTGGGAAAAGTCTGCGGCGGCAAATCCAGCTGCTCCTCGCTCAATACCTGCTCTGTGAACTGGGCTTTACGCCTGTAGCCGGTTACAGTTAAAGTAACATCCACTTTGCCCAGATATACGCTGATATCCCCCACCAGTTTGTTTTT
NZ_AP014722.1_gap24	779678	782921	3243	GCTGGAACAAAGCCAGATGGATTTGGTGGTAGTCAGCACCCGCAAAGCCGTGGTTATGATTGAAGCCGGGTCTAAGGAAATTCCCGAAGACCTTATGATTAAAGCGATTGAGTTTGCCCACCAGGCAAATCAGGAGCTTATTGACCTTCAGGATGAAATCCGCGCCAAGCTGGGCAAGGAAAAACTGCCGGTGCCGGTGCTGGAAATACCTGAAGAAGTCAAAGCAGCGGTAGCCGCCTTTGTAAAGGGGCGGGTAAACGAAGCTCTGAGCCATCAGGACAAAACCCTCCGTGAAAATGCGGTTGAAGCCCTTCAGAGCGAACTGGTTGAAGCTTTGGCAGAAACATACGCCGAGGGCGATATTCTGGCTGCTTATGATAAAGAAATCAAAAAGGCTATCCGTTCAACTATACTTGAAAAAGATATCAGGGTAAACGGACGGGGCATTAAACAGCTTCGCCAGCTGGACGCTGAAACAGGTATTCTGCCCCGCGTTCACGGCTCAGCTTTGTTCACCCGCGGTGATACCCAGGTTATGGCCGTTACCACTCTGGGTTCTTTACAGGAATCCCAGCAGCTGGATGGCTTGAGTGCCGAAGATACCAAGCGTTTTATGCTTCACTACAATTTTGCCCCCTTCTCTACCGGTGAAGTTAAGCGTTCTGGCTCCCCCGGACGGCGTGAAATCGGCCATGGTGCTTTAGCCGAAAGGGCTTTGGTGCCTGTCCTGCCCACTCCCGAAGAATTTCCCTATACCATTCGTATGGTAGCTGACGTAGTCGGTTCATCAGGCTCTACTTCTATGGGCAGTGTCTGTTCGTCCAGTTTGTCACTTATGGATGCAGGTGTACCCGTTAAAAAAGCTGTTGCCGGTATCTCCATCGGCCTTATTACCGGTGAAAATGATACCTACTGCACCATTACTGATATTGAAGGTATTGAAGATAACTACGGCGATATGGATTTCAAAGTTGCCGGTACCCGTGACGGCATAACCGCCATACAGGTGGATATGAAAGTCAAGGGTATCAGCTTTGACGTTATCCGTGACGCTATCTACCAGGCCAAAGAAGCCCGCTATACCATACTGGAAGTAATGGACAAGGCTCTTGCCCAGCCCAAGACTGAGCTTAGCCCTTACGCCCCCAGAATGTACAAGATAAGCATTGACCCCTCCAAGATTGGCAGTGTTATCGGCAGCGGCGGCAAGACTATCCGCTCTATTATTGAGCAGACCAATACTACCGTTGATATTGAAAATGACGGCACAGTGGTCATCGGTGCTACTGACGAAGCTTCGGCCCAAAAGGCTATCAAGATAATTGAAGACCTGACTAAAGATATTGAAGCCGGCAGTGTTTACACCGGTAAAGTTACCCGGATAATGACCTTCGGCGCTTTCGTTGAAATCCTGCCCGGCAAGGAGGGCATGGTACACATAAGCGAACTGGCTGACCACAGAGTAGAAAAAGTGGAAGATATAGTCAAGGTTGGTGATGAAATAACGGTAAAAGTTACCGAGATTGATTCCCAAGGCAGAGTAAATTTGTCACGGCGGGTCATTCTCAACCCCAACGCCGTACCCATTTCACGTAACCGTGATTCCCAGCCGCGTCGTTCCGGGCCTTTCCGCCCTCAAGACCGGTCCAACTCATAATATATTAGGAGGCGCTATGACACCTATAAAGGTTGTAGTTCACGGTGCCTCAGGCAAAATGGGCCAGGAGGTCTTAAAGACCCTGTGCCAGGAAAATAACCTTCTTCCGGTGGGAGCAGTGGATATACGGGCTGAAAGCCCATCCCTGACCCTGCCGGACGGAAGCGGCTCTATCCCCTACTCGGCAGACCTTTCATTTATCCTCTCGCAGACCAAGCCGGATGTAATGGTAGATTTTACTATTGCCAAGGCTTCCATGCCTGCCATCCGCATTGCCGCCGCCCACAAGGTTAATCTGGTTATAGGCACTACCGGCTTTTCGCCTGAGGAAATATCAGAAATTGAACTGCTGGCTAAAACCAATGACATCGGGATTATAGTTGCACCCAACTTTGCCCTTGGTGCTATAATAATGGTTCATTTGGCACAGGTTGCTTCACGTTTTCTTTCCAGCGCCGAGGTGATAGAACTTCACCATGATAAAAAACTTGACTCACCCTCAGGTACAGCTTTGGCCACAATAACAGCCATGCTGAGAGCCCGTGGTGAGGCTTTTAACAAACCGGCCAAGGAAAATCTGACTGATGCCCGCGGGCAGGAACATGATGGTATAAGAGTGCACAGCGTACGCCTGCCGGGTCTGCTGGCACATCAGGAAGTGATTTTTGGAGCGGCCGGTCAAACGCTGACTATACGGCATGATGCCTTTAGCCGCGAATGTTATATGCCGGGTGTTACACTGGCAATAAAAGAAATAGTCCAAACCAAAGGTTTTGTTTTCGGTCTGGACAAACTGCTTAAGCTTTAGGAGGCAGTCCATGGGTTACAGAGTGGCCATAGTAGGTGCTACCGGTATGGTAGGTCAGGAATTTATAAAAGTACTGGAGAAACGGGATTTTCCGATGGATACCGTTTCACTCCTGGCGTCAGACCGCTCTGCGGGCAAGAAAATGATGGTCAAAGGCGAGGAAATAGAGGTCAGGGAGACCGCCTATGATTCGTTTAATGATGTGGATATCGCCTTGTTTTCAGCCGGTGCGGATATCTCCCGCCATTTTGCGCCTATCGCCGCCCAGCATAAAGCCATAGTGGTGGACAACAGCGCCGCATTCCGTATGGATCCGAAAGTACCGCTGGTAGTGCCTGAGGTAAATATTGAAGACATTACCAAGCATAAAGGGATTATTGCCAACCCGAATTGCTCTACAATTCAAATGGTAGTTGCCCTGTACCCTTTGCATCAGGTAAATCCGATTAAACGCATTGTAGTAACCACTTTTCAGGCTGTATCCGGTACAGGTATAAATGCAGTTGACGAGTTGCGTGCTCAAACACGCCAGTTGCTTGACGGGCAGAAGGCTGTTGCCCATGTATATTCGCACCAGATTGCTTTTAATGTACTGCCGGAAATTGATGTCTTTCTTGACAGCGGCTATACCAAGGAAGAATGGAAAATGCTGGAAGAAACCCGCAAGATTATGCATGCTGATAACATACAGGTTTCAGCTACCTGCGTCAGGGTGCCGGTATTTACCGGCCACTCTGAAGCAGTAACTGTAGAATTTGAACGTCCCATGGAACCGGAG
NZ_AP014722.1_gap25	813911	814541	630	AATACATATCCCGCCGCATGATGGACGGGATATGTACATTCATATTTATGTATCAGAATCAGGCTAAAATTGTCTCCGCCTTTTCCGGGTTGCTTACCTTAAGTACAATCCTGGCCTTACCCGGTGTGGAGTCCAAAAAGGCGTAAAAATAATCTATATTTATATCTGCCTTGCTGAGAGGCTCAACTACTGTTTTTAAAAGTCCGCTGGGAATATCCGGGATCTCAGCGGTAACCATCATATCAGTACGGCTGGTGAATCCAGCGGCTTTCAGGGCTTCAGCCCCGTTATCCGGATTATCCAGAATCATACGCACAATTCCAAACTCGTCTGTTTCGCTGACGGATAATGCCCGGATATTTATTTTTGATTTATCCATAGCCTTAAGTATGGCAGACAGCCGCCCTGGTTTATTTTCCACAAAAACGGAAACCTGTTTTATCATCATTTTCCTCTTCCTCCTGTTGCTACCTGTTTTCAGGTAATTCGGAACGGTCAATAATCCTTTTTGCCTTGCCTTCAGTTCTGGCTAGGGTACGCGATTCAACCAGTTTTATTTTGGCGCGTATCCCCAGCACACTATCCAGTTCGGCCTGAAGTTTTTTCTGAAGGGCATTCAAGCGGGACATC
NZ_AP014722.1_gap26	818886	819709	823	TATACTTACGCTGGTTTTCCTTGATAGCTTCTTCCGCTAAATGCTTTTGGGTGATATCCTGCAACGTACAATGTGTTTGTTTAAAATTTCCTTTAGCATCACGGGCTATTTTCCCGCTGAATGCCATCAGCACTACTGAACCATTTTTTCGGCTCATATAAAACTCAGTTGAGGCATTGCCGGTAGCTTTGAAAACGGGAAAACGCTGTCTAAAAAGCTCCACCTGGTCAGGCAGTAAAAAATCCCCGAACCAGTGCCCGATAACCTCGTCCCGTTGGTATCCCATATCATCAAGCCAGGCTTGATTTATCTCTATAAAACGGCCTTCGGAATCCAGTGATTGATAGCCAATTGGTGATTTTTGATAAAACTCCCGATAGCGTTCCTCGGTTTTGCGTAATTCTTCTTCGGCCAATTTCCGGTCTGTAATATCCCGAAAATTGCACTGGAGGATTTTCTCTTCACCCACCCGGTAAATATTACTGGTAAATTCAACCTTCTGCACTTTACCGTTTTTTGTCAGAAGCGGAAAATCATCATAGCGGATATAGTCTTTTCTTTGCAGATCGTCAAAAGCTTTGCGGCTGGAAGCTATATTTTGGAATACACTAATTTCCCAGATTCTTTTATCCAGAATTTCTTTCTGAGTGTACCCCAGCATATTTAACAAAAATGGGTTGATATTAGTTACTTTACCGGATACTATATCAACAATAAGAATACCGTCTTGGGCGGTTTCGAAAAGGCGGCGGTATCGCAGTTCGGAAGCTTCTAAGTCCAGCCTTTTGTCATTCATATATATTTATCCTGATATACAGAGAGT
NZ_AP014722.1_gap27	829247	834211	4964	CAAAAAGTATTTTCCTTCTCAAGTGGTTTCTAAATGCAAATACTTGAGCAAATATTTAAGTAGTGCTAAAGTTTGCCTCAAGTTTTGCCAAAATAATAGCTGGAAAAGAGCTTCTCTATGCGAGGACATATAACTAAAAGAAGCAAAGATAGCTACTCCATTGTGCTCGAACTAGATAAGGATCCTGTTACTGGCAAACGTAAACAACAATGAATAACCGTTAAAGGAACGAAGAAAGCCATCGAAAAGAAACTCTCTGAGTTACTCTCACAAATTGATACTGGCTCTTTTATTAAACCAGGTAAAACAACCGTCAGAGAATACCAATAAGATGGCTGGATGACTACGCAAAAGTTAATCTATCTCCCCGCAGCTTCGAGAAGTATTCAGGCATTATTATCAAACATCTAATACCCGATTTCGGGAGACTCACCCTAACACAATTAAAACCCGAACACATCCAAAGACATTACACAACCAAACTCAGAGAAGGACTCAGTGCAAGAACTGTAAGATATCATCATGCCATAATTCATTCTTACTTGCAGACAGCTGTTAAATGGGGGTTAGTAGCCCGTAATGTAGCTGATGCAGTTGAACCACCAAGAATACAAAGAACCGAAATGCAGATTTGGAATGAAGAGGAAATAAATATCTTTTTAGAAAACTCGAAAGATAGCCCATATTATGCTTTATTTTACACAGCTCTTTTCACAGGTATGAGGCGATCCGAATTGTTAGCGTTAAGATGGCAAGATATCGATCTAATTTTGAGACAAATTCATGTAAACCGCAGTTTACACCATCTCAAAGACGGAACTTATATCTTCTCATAACCAAAGTCAGCAAAAAGTAGTCAAACGATAGCTCTTACTCCCTCGACAATAATAACTCTCAGGGAATATCAACAAAAGCAAAAATTAGAGAGAGCAATGTTTAATTTTCCATTCTCAGATGAAAGTTTAATCTTTAGTGATATAGAGGGAAAGCCATTTCGTCCTAACACTATAACCAGAGCTTGGACTACTCAAGCAAATAAGTGTGGATTAAGCCCTATACGCTTCCACGATGCCAGACCTACACACGCTTCGCTAATGCTAAAACAAGGTATACACCCGAAAGTAGTCCAGGAGAGTTTAGACCATTCTAGCATTCAAATGACTATTGATACTTATAGCCATATTGCGCCTGGCATCCAAGAAGCAGCTGCTAACCGTTTTGATGAAATGTTAAATCGTACACCAGAAAATACATCCTCAGAAACAATCCGTTAGCAATCCGTTAGCAATTCGTTAGCAAACAGGCAAAAATAAAGCCCTCTTCCAAACTTTTTAGCTTTGAAAAAAGGCTTCGAATGACTATTGGTAGCGCATACCGGATTCGAACCGGTGATCTCGTCCTTGAGAGGGACGCGTCCTAGGCCGCTAGACGAATGCGCCATTAAGAACGAAATGGCTGGGGAAGAAGGATTCGAACCTTCCCATACGGATTCAGAGTCCGCTGTCCTACCGCTAGACGATTCCCCAACATGCACACGGATTATACAGTGAACCAAGCCACAAAACAACGCCGCATCAACATTTAAAGGTGCGGCATTGTTTTGCTTAAGTCAGTTTATGAAATAGGGGTGATTGCAGGAGGCATATAAAGGAAGCCATAGAAAATAACTAAACTTATGCCAAAACAGCAAAACAAGAAAGCTAATATGAAAGCTATAACGCCGGCATTCTCTATCAGTTTACTCATTCCGTTTCCTATCTCCTATTTACATTTTTATATCAGAAATATCATAAATGCTTTTTAATTTTAAGTCAAGAAATCCCTTCATTTAGTCCAGCTTGACATGTATTTACCGAATAGCATAATCTTATTTGAAATGCTAGATTTAACTGAACTTGAAGAATCCCTCGGAGTAAAGTTTGAAAATCCGTCTCTCTTGGAGCAGGCTCTTATCCATACTTCCTGGGTAAATGAAAATCCTACCCACTTAAATGGCTCCAACGAAAGAATGGAATTCCTGGGTGATGCCGTGCTGGGTGTCATATTTGCAGACCGCCTTTACCATGATTTTCCTGATATTCAGGAAGGTGACCTGACCCGTTTCCGCTCCCTGCTGGTACGGAGAGAGAGCTTGGTGAGGGTGGCTTTAGGGATAAATCTTGGCAATTACCTTTATCTGGGAAGGGGCGAAGATGTATCTAAAGGGCGTTTTAAACCGGCAAATTTAGCGGGTGCTTTTGAAGCCGTGCTGGCTGCTATATATATAGATAAGGGCATAGACATAACCCGAGAAGTGATTTTCCGCCTTTTCAGGACTGAAATGGAGCGAGTTCAAACCCTTAGTTCCAATATTGATTATAAATCCCGCCTGCAGGAGCTTATTCAGGCTCAAATGCAGATGACACCCCGCTACCGTATTACAAACTTTAGCGGGCCTGAGCATAACCGCTTATTTGTGGCAGAGGTTTACACAGAGGCTAAGGTTCTTGCTGAAGGTTCGGGGCGAAGCAAAAAAGAAGCCGAAACCAGCGCCGCCAAGGCAGCTTTGCAGCAGTTTGAAAACAGCTTTACAGCTGAAGATAACATTTGATAAACTTTTAGCATCATAGGAGGTTATATATGGGTGGCAGAGATTTTCAATCACGTGAGACCAAAAAACAGAAGAAAGATTCAAAAAAACCAGCAGTTTCGGGTGAGTTTTTTCAGCCGAATGTAGAACCGGAAGTAGTCCGCAAAAAGAAAAAAGGTAAAGATATATAAGTTGAAATACGAGGTTCAGGCATGCCCTGTCTGAAAGCTATTGTCAGGGGAAAAGTACAGGGAGTTTACTTCAGAGACTTTACCCGTATACAAGCAGTGCGTTTGGGGCTCTGCGGATATGCTAAAAACCTTGCCAGTGGTAACGAGGTGGAAGTGGTAGCCGAAGGCAACAAAGATTCACTTCTGGAGTTTTTAAAATTGCTCCGTTCGGGCCCTCCCCATGCCGAGGTTAAAGAAGTGGAAACAAGCTGGGAAATGACAAACAGCAACTACGGTGATTTCCACATCAAATACTAATCCGGATTGAACAAAACAAAACCTTTAAGTCCAGCGTTCAAGTTCAACGCTGGACGTTTTTATTAACTCCAAATAGTCTGTCTTGATATTTAGAATACGTGAAACTTCCGTATCCACCTCATAAGGTTCACCCGCAAATATCTTTCCCAGATGCTCAATCTCACCTTTGGTATGGTCACCATGGCTGGTAAATTTCTGGGTAGCTTCTATGATACCCATATCGAACGGCAATGTGAAGTAAAGATCAGATAAAACCTTTTCAATACCCTGATTATAAAGCGAATCCCAGCCTGTTTTGCCGCCGCCGTATTTGCTTGAAGGCAATACCGGCAGCAAATTTGAGATTGAAAAATTCCCCTTGCCGTTGATAACCTGCAGGGGTGTAACACTTATCAGGAAATCACTGGATAAAATAACATTAGGCACCCAGAAAGTGGGGATAACCAGTGGTTTATTTAAAGGATTATCCACCTCAACCCAAGTGCAATCATTTACATCCAGCAGAACTACCCTTTGAAAATCGTATGAAAGAGCTTTATAAATACTTTTCATGGGTGCACCGCCGGGTGCACCTTCCAATATGATAATATCCGCATCACTTATCTTGCGGATTCCGCTTATAATCTTGTAGATAAGCTCACGGCTGGTACTAACCGGATACTGTACTGGATAATGGGCATTTGGCTTTATCAGGACTCTTCTGGCACGGGAAAGTATTTCCGGTGCCTTAAAATTATATTCGGACGCATTGTATATCAAGAATGTACTCCTGGTTTATCATAATAAGTAATTGCCATGTTAATATTTCGTTGTATCAGGTCAAACTGCGATTGACATTCTACAGGCACGCGGAGCAGGTCAAAATGCCCCCGCCATAAGAACACCCCCGACTTGCCGGCTTGGTAAGTCACAAATCGGATACCGCTATTCATCCTGATATTAAAGCATAAAACCGATGCCTTTATTCCGGCTAAAAAATACTCCACCAGAGTTTTTACCCGGTTAAGCATCGGCTATTGGCCTAGCCACATTGCAGATTCTTCACAGATATCAAAACCCCCGGTCTATGCGTTAGCTACCAAACAATAAATAATCCGCCTCCAACCATAAATACAACTTTGGTAAAACCAAAATCGTAGAATTTTGAGGCATATTATTCATCCTGGGCTAAATCCCGGCCGGAAAAATCCGATTTCCTATTTACGGGAGTTGTGATACATTATCCGTAAAAAACAAGCCACACTTGCAACCTATTCATTTTAGCATAAAAGTCAAGGTTTTAAGCCATATATTTATAATTATTTTGCAATATTTAGTGCCAAACTTATCAGAGTAGCTACAGATGCTCCTGAACCGCCCTTAACCTGGTGACCATTGTCCTTGTCAAGATATGCAGTTCCTGCAATGTCCAAATGAACCCATGGTCTGTTTTCTACAAATTCTTCAAGGAACAAAGCCGCCGTACTAGCACCGGCGACCGGACCGCCGACATTTTTAATATCTGCCACGTCACTTTTTATCATTTCCTTATACTCATCGAAAGTGGGCAGCTGCCATATGCACTCACCTGCCTGTTTGGCGGCAGATACTACCTTAGCGTAAAATTCATCATCATTGGTAAAACCACCGCTGCAGGCACTGCCAAAAATACGTGAGCAGGCACCGGTAAGAGTGGCTACATCTACCATTTGCTTAGCTCCCTGCTTGCATGCATAATCAAGGGCATCAGCCAGTATCAGCCGCCCTTCAGCATCAGTAGAATGGATTTCTACCGTCTTTCCGCTGGCCATCCGCAATATGTCACCCGGCTTGATGGCACACCCGCTGGGCATGTTTTCAGTAGCCGGCACAATACCCATAATGTTTACCGCCGGTTTCAACTTGGCGATAGCCCCCATGGCCGTAAT
NZ_AP014722.1_gap28	843319	844210	891	TGCCCCGTATTTATCCAGCACCGTAGCCGGCTGAATAACATTATTTCTGGACTTGCTCATTTTTTCGCCGCGCTCATCCAGTATATGCCCCAGACAGATTACATTCTGATAACAGGGGCGGTTGAATATCAGGGTAGAAATAGCATGCAAACTGTAAAACCAGCCGCGTGTTTGGTCTACAGCCTCACAGATATAGTCAGCAGGGAAACGCCCGTCTTTGGCAATAGACCTGCTTTCGGGCTCAAAGGGGTAATGGTACTGGGCAACCGGCATAGCCCCGGAGTCATACCAGCAGTCCATAACCTCGGTAACCCGTTTCATATTCCCGCCGCATTTATCACAGTCATAAGTCCACTCGTCTACATATGGGCGGTGGATATCCAGTTTTTCCTGCATGCCCTTGAAATTCGGTTTGGCTTTGAGTTCATCAATGCCGCCGACACACTCCGTCCGGCCGCACTTTTCACACCGCCAGATGGGTACAGGCGTTCCCCAGTAACGTTCGCGGGAAAAAGCCCAGTCAATATTATTTTCCAGCCAGTCGCCAAAACGGCCGTCTTTTATATGTTCGGGATACCAGTTTATCTGCTGGTTGCCCTTTATCAGTTCGTCTCTGACCGCGGTAGTCCGTATGTACCAGCTTTGCTTGGCATAATAAATAAGCGGGGAATCACACCGCCAGCAGAACGGATAGGTATGGTGCATACGTTCATTACGGAACATCAGCCCACGCTCTTTAAGGTTGCGGGAGATATCCTTGTCCGCTTCTTTAACGAATTTGCCGGCAAACGGGTAACTGCCGGTTATCCTGCCCTGCAAATCCACGTGGTGGACAAATTTTAGCCCGTACTTCACCCCGGATTCATAGTCCAGTTCACCATAAGCCGGAGC
NZ_AP014722.1_gap29	1041157	1042838	1681	ATGCGAACTCCACAGCAGGATTAGACACCACATTTAAAAGCAGAATCTGGCTACCCTCTGAAAAGGCCAAAGCCTTGGCATGAGGTAATACTCCTTCAGCAACCTTTGAACCGTCCAACGGAACCAGGATCTTCTTGTACATTCATTACCTCCTGATAATTACTGGTCTTAACATGTACCTGACGGAAAAGACCTGCTTTTAGCGGTTTCCAAGTCCGATTGTATTTTATATATCACTTGCCGTTTATTTCCGTTTAAACCATAAAATGAGAGAACACTACTCCCCTTCTATTTGTCGGATTTTTCGGCAAACCAGAAATAAAATACAATCAGTCAAGCGCTGTGATTACAGCAGACAGAGGTACCCTGCGTATACTAAAAAGCTATCAGTATCCGCAGAATAGAATAAAAGAAAAGTTGCTCATGCTTTCCGACCTCCTTAAGATTTACTCAGACAGTTAAAGGATAACTATGCCGGGGTAAATTCGGGAACCTCTCCTATTGGAGAACTAGGGAAGCAGAGAAATAAGAAGTGACAACAGAATAACCTAATTCAATAAATAATGTCAAATTCAGCCTTGTAAAAGGCTTTAAAAAGCCATTTCACAGCTAAATTGTCAACAAAGTTGTCACTACAAGGAAGCTTACTGTCTATGAAGAAGGGGTTTCTTCAGGGGCTTTTTTAGCAACAAAACTCTCCGGTGCAACAATACCGCTTGAGATAAGCATTTTTATAGCTACCTCTACCGGTATATCCGTACGCATCAGCTTTTCATCAGGAATCAGCTCCAGATAACCGCTGGTGGGATTGGGGACATTGGGGATAAAAACCAGATTGTATTCCTGTCCGTCTTCATTGTTTACAACCCTGTTGGTTATAAACCCCATAGCCTTCAAACCGGGCTTGGGAAACTCCAGTATAACTACCTCGCGGAAAGATGCTTTCTTCAGGCCGGATATGCTCTCCAGTACCTGTTTAACCCCTTTTTGAATTTGCCCGAAAAGGGGCAGGCGATAAGCCAGATTTTCAAAGGTTTTTACCACCTTGTGCCCTAAATAATTGCTGAGAAGTATGCCGATTATGAGCACCAGCAGTATTGTAAGTACTACCCCCAGCCCCACTATCTCCTGGCCGAATATCCCGGACACGACAGGCTGGAGGATATGATCAATAGACTGAAAAAGCCAAATTAGAACAAGTATTGAAGCACCGACCGGCACAACTATAAGAATACCGGCTAAAAACCGGCTGCGCAGGTATTTCAGTATACGAGTCCAAATATTATTATATTCAAACATTTATTTCTCTCCGCAATAGCTGACTTCCAAACCAAATTATACCATTCCACCCTTTAAATACCGCATAAACAAGGACGGCAGTCACCCCCTCCGGATTAACTGCCGTCCGTTCTACCTCAAACCGGGTTACATATGCACCCGGTAAGGTCCGAACAACTATATTATTTGAGCGGGAATAACACTTTGTCAATAACGTGTATCAAACCATTGGCAGTTTCTATATCTTTGGTGACAATATGAGCGGTATTTATGGCCAGAATTTTACCGGAAATCTGAATCTCCACCGGTTTATCCAAAGCTGTATTAATGGAATACAATTTAGATAGCTCCCCAGCAGTATAACGGCCTGGTATGATGTGATAAAGCATTACAGATTTTAATT
NZ_AP014722.1_gap30	1043950	1047204	3254	TCCAGCAGTTTCTCAAGCCAGAGCTTAGTTTCTACATAAGTTTCCTGAGCGATTTCGTGGCGGGGCTGGCTGAAAGTGCCGGCTTCTTTCTTTGAAGCATGCATTTCTTTCAGTTTGGTTTCAATCTGAGCCAGCCATTTGGCCTTGTCAGGCGCAGTTTCCGGATTAAATTTTTCTCCGTCTTTCAAACGAAAAGCATCAACGTACATACCAGCCGCTACTTTTGAATAATTCTCATTCAAAACGTAGCGGGTAGCTTCTCCCAATGTAAGTTCCATGTGTCCTCCTAGAAATCTTTGTATTAAATAACAGCCGCCAAACGGCAACTCTATGATACCGCAGAGAAAACATATATAATCTAATAAATGGGCAACCGTCTGGCAGGCAGTTGCCACCTTTTGAACGTTATATTATATGCCATATAACGCAATCTCTCAAGACATAAATTAAATACGCCTTAAGGAATACTGCTATGACTGAAATAATACAACTTATGGCAGATAACGAGACTCTGATAGGGCAGCTTTACCGTCTTTATGCCCAGCGTTTTCCGGCAGAAAAAGCATTTTTTCTTAGCATTGCATCCGAAGAGGACAATCACCATGACTGGATTATAAATATATCCAGGCAAGCTGCCGAACAAAATTCCCCGCTAAAATTAAAAACTTTTACCACTCTAGCCATCAAAGCGTATCAAAACTATATGCTGCAGGAAATGCAGCCGGAGAAAATTAAGAATTTAAACTTCCATCAGGCGCTCAGTATTAGTCTATATATTGAAAAATCCCTGTTGGAAAAGCATTTTCTGGATGTATTTAAGAACGGCGATCCTAAACTTGAAAATATTACCAACTCTCTGGTAGCGGCCACCACTGAACATGCCAAACGGGTACAGGATAAACTGAGCAGCATAACCCAGAGAGATTAAACTGTAAACCCTACAACAGTATTTGCACAAAATATATTTGCTGCTTTTAAGCAGTTACTTAGCCTTAATCAGCCCCAAAATAAGTATTTGCCCTTATTGTATATTCAAATAGATGTTTACCTATAATGGTTTAAATAAATAACTCTGAGGAGGCATTTATGGCGTCCAAATTTGAACTTTTCAAAGACAAAAAAGGCGAATTCCGGTGGAGATTGATAGCCAGCAACGGGCAGACGATTGCTGACTCCGGCGAAGGCTATACCACCCATGCCAATGCAATTAACGGCATTGAATCTGTCAAAAAAAATGCACCTGTTGCCCCAGTGGTAGACCTCAGTCAATAATAACCTGTCAGCTTAACTCTTTAACAAAATCAAGTGGCGGGCTGCAGCCCGCCACTTCTTTTCAATTCTAATACAGAATGGGATTTCAACTATAGAGCTAAAGGCCGTTTTGCCCTAAAAACTCCCGCAGCAGGCTGTTAAACGCCGACGGTTTTTCCAAAGCAGGCAAATGCCCGGCCTGCTTTATTTCCTGGAAAGACGCCCGCGGAATGGACTTAACAAATCTGTCCCCGATGGTATGCATATCAGGAACATCATGTTCACCTACCAGTACCAGCGTAGGTATTTTAAGGCTCAGATAGTCTTCGGCCTCAGGGCGTTTTAACCTTTGTTCCCGTTTACCGCCAACTATTGCCTGATAGTTTTCTTCCAGCATTTTCTTGCACAACCGGTAGACACCCTTGTCTATATCTGCGTCTGTCCGGCTGTTACCGACCAGCCAAATTTGCAGATAAAGCTCTATGGCTTTGGTTTTCTGTCCAAGCGAAATCAGCTCTTCCAGCTGGCGGTCAAGGTCTAAAAATTTTTCATCTGTATTGCGGTAACCGCGCATACACGGGTCTACCAGCACCAGGGCGGAAACCATATCCGGGTGGAGCAGAGCCAAATCCAGAGCATACGTACCTCCCACCGAGTTACCCGCAAGCACCGCTTTATCTATCCGCAAAAGATGAAGCAACTCCAGCACGTCACGGTAGTAGTTAAAAATATCACCGGTAATGACACTCTGACCGTAACCGCGCATATCCGGCGCAATTACATGATAGTCTTTGGCAAATTCGCAGAGCTGGTTATGCCAGGAACGGCTGTCAGTAATGCCGGCGTGCATAAAAACCAGCGCCGGGCCGCTGCCTGCTTCCCGGTAGGATAAATCTACCCCCGGCAAACGGGCTATCTGAGGTGCAAATTCATTTTCAGCTGTCATCCTGTTTTTCTCCTGTAGTTGTATCAGCTTTAGCATTTCCCCACCAGGCACGCAGCCTGTTCACGATATTAAGTTCATAACCCAGTTTACCCGGAAAATAAAAACGGCTGTTCTTGATAGCTTCGGGCAGATTTTGCTGCTTTACAAAGTGGTTTTGATAGTTATGGGCATATTTATAATCTTTGCCGTAACCCAGGTCTTTCATAAGGCCGGTTGGGGCATTGCGAAGGTGGAGAGGCACATCTGCCTGAGGGTTTCGGGCTATTTCCTTCTGGACACTGGAATAAGCCGTATATACGGAATTGCTTTTGGGTGAGGCAGCCAGATAAATAACCGCTTCGGCCAGTGCCAGTTTGCCTTCGGGCATACCCAAGAAGTGGACTGCCTGCTGGGCGGCCATAGCTACCACCAGCCCCTGTGGGTCAGCCAGCCCCACGTCTTCGGTGGCAAAACGGATTACCCGGCGGGCAATATATAAAGGGTCTTCTCCCGCTTCCAGCATCCTGCCCAGCCAGTAAACAGCCGCATCCGGGTCAGAGCCTCTCATAGTTTTGTGCAGGGCTGAAATCAAATCGTAGTGCTGTTCACCGCTTTTATCATACCGCAGGCTTTTCTTCTGGGCGGCATCTTCAACCTGGGGCAAGCCTACCACCCTCCAGCCGTCTTTGTCAGGCAGGGTGGTCATAACCGCCAGTTCCAGTATATTTAAAGCAATACGGGCATCACCCTGAGCAAAACTGCTGATATGCTTTTCGGCCTCCTCAAGCAGTCTGGCATGGTAATTCCCCAAACCGCTTGGGTCTTTCAAAGAACGCTTGAGAATAAGCGATATTTCTTTCTCCGAAAGGGGATTTAAGACATACACCTGAGCGCGGGAAAGCAGGGCGGAATTCACCTCAAACGAGGGGTTTTCAGTAGTAGCACCGATAAGCACCACTGTGCCATCCTCTACATAGGGCAAAATGGCATCCTGCTGGGATTTATTGAAACGGTGGATTTCATCTATAAAAAGGATAGTCCGCCTGCGTTCAAATTTCAGGCGTTCACGGGCTTCCTC
NZ_AP014722.1_gap31	1048989	1051113	2124	TGTGGTGAGTAATGTCGCCGCTAGTCTGGTAGGCCACCACTCTGGCTCTTTTAGCACCCATCTCTTTTACGGCAGTAAGCATGGCCGCAACCGGGGCATAACCGCACATGGTTATATGGTTTGCCTGTATCCTTTCCAGCATATCTGCGGCATCCAGCTTGACAATGGCATCCAGTGCCATGCTGTCTTTCAAGTGAGCTTCTGCCTGAGGCTCGTAATGGGTCATATCTGACGAGGCAATAATTATCGCTTCCCGCCCTGTTTCCCTGAGGGCACTGGCAATGCCATGCCCGATATCTTCCAGTGTTTCAGTCTTACCGAAAGAGAGCGTTATGGGAACGATTTTTATATCCGGCTTAAAGTACTGGAGTATAGGTATCTGCACTTCTATAGAGTGTTCATACTGGTGGGCAGACGGGTCTGCCTTTATATGGCGGCAGTATTTCATGATAGAGTGGGCCAGCGGAGAGTCTATTTCCACCTCTCCCATAGGTGTCTGCCAGATACCCGAAGCCATTATGGCATATTCCGCCCCGATACCGGTATGGCTAGGGCCAAGTATGATAACTGTCTCAGGCAAGTCTAAACGGGAAGCTACCGCCATGGCTACTCCTCCCGAATACGGGTAACCGGCATGAGGCATAACCGCACCTAAATACCGCTCCTTAGTCACCCCTTGTATTTCCAATGGGGTAATAACTGAACGAATTTTTTCTTTGCTGGCCGGATAATAACGTCCCGCCGCAGACGCTGGTCTTAACATTATTCACCTTCCGCCGGGGAAGAGAGCCGGATATAAAGCTTTGACTTACAACGCCGGCAGCAGTCATTTTCCAGCCCGCATATTTCACTGTCATAACCTTTGCGGCGGATAAGTACCTGCCCGCATTCAGAACAGATGGTAGTCTCGCTTTTATTTCCGGGCACATTCCCCATATATATATATTTCAGCCCTTCACCCTTACCTATCTCAACCGCTGTTTCCAGCGTCTCAATAGGTGTCGGGTGGATATCCTTCATATCCCGGCAGGGATAAAAACGGGTGACATGCCAGGGAGTAAGCTCCCCCAGACGGGTTTTTATCCAGCGGGCTATACCGGTAAGTTGTTCAGGGTCATCATTATACGTGGGAATAATATTTGTTACCACTTCCACATGCATGCCCCACTGAGTTTTTGCTCTTTCAGTAATAGCCAGTATCTTTTCCCAATGCTGTATTTTAGATAACTTTTTATAAGTATCCGCTGTAAAACCCTTTATATCCACCCGAAAAGCATCAAGATACGGGCCGATAGTATCCAATGCATCTGCGGTCATATAGCCATTGGTCACATATACGGTATATAAACCGCTGTTTTTGGCCAGACGGGCACAATCCAGCGTATATTCAAACCAGACCGTAGGTTCGTTATAGGTAAAGGCCATACCTTGACAATGGTATTCTTTTGCCATGTTAACAGCCTGTTCGGGCAAAAGGGTGCGGGAGCTGAAAAGCCTTTCATAGGTATCCGGACAGGCAATCTCCCAGTTCTGGCAGCCGGTACAGTGAAAGTTGCACCCCCAGCTGCCCAGCGAAAACACCTGACTGCCGGGATAAAAATGATAGAGCGGCTTCTTTTCTATGGGGTCTACCGCTACCGAAGAAGTACGCCCGTAATTAAGGCTGAACAGAGAGCCGCTTATGTTTTGGTAGACCTGACAAACGCCCAAATGATTGGGATTTATACGGCAATTCCACTGGCAGGTATGACAGCGGGTTACTCCGTTTGGCATCTTTTGGTAGAGCAGGGCTTCGTGCATAATCGTTCCTTCGAGTAAATTATAACACCACACCCTGATAAAAAACACGGCTTCAAGCCGGTCTGCAAAGCGTCAACTGAAAAGGTTCATCACAGCAATACCGCTTACAGTTAAAACCACCCCGCATATCTGGAATATCCGCAGTCTTCTGCCCGCAGGCCATTCCAAAAGGAAACCCGGTATCAGCCGCATTAACAGGAAAGCGTATACCAGCACAAACAGGGGACGGGCACTGGAGATTGCCGAAACCAGCGAAATAGGGCCATGCTGTATAGACCAGAGAAGGAGCAGCATACCCCCGAACAGAAAAAGTTCATCTAAAAC
NZ_AP014722.1_gap32	1052688	1055658	2970	TCCGCAATATCAAGACACTTGCTGTCCAGCTTGAAGCGGACGCACTGCTGAATCAGCGTTTCAATAATAGCCTTCAGCTTGAATTCATCTTCGGCAACAATCTCTATTTTCTTGTCTTTGCGGTTCAGTTCCAGTTCATATTTGGCATTTTTAAAATCATAACGGTTGCCAAGGTCACGCTTGGCATTATTCACGGCATTGTCCATGGCTTGCATGTCTACCGTGCTTACCACATCTAGAGACGGCATATATCCTCCCCTTCCAGCTTGTCCAATATTACTTCATTTTAGCACGTACAGGATTAAAATTCCGCAAATAAAAGCTGCAATAGATATTGTTATTTCGGCATACAAGGGCAATAATATACCAATATATACCCGTCCAAATAGCTAAGGAGTATAAAAACCTTGATTCAGATTGAATACACTATGAACAAAAAACACCTCCGCATGTATATGATTGAAAGGCTTAAAGGTTGGGGCATATATATTTTGTGTGTGGGACTGCTGGGTATAGGGGTGGGTATCTGGGCAGAAGATCCGGATAATATAGCACTTATACTGGGTATGCTGGTTTTCTTAGTTGTTATTGCATATTGCGGGTATGCTTTTCTAGTTAGAATAATAGCAAAAAATTCAAGCCCCACTGATAAGTGGGCTTTTAACGAAGACGGGATCCATCATGCTACCGCGACTGGTACAGGAATAATATACTGGACAGCTTTTAAGAAATGGCAAAAGAAAAAACATTTCTATTATCTGAAACGGAATATGCTAATCAGCCTGAATTTCCCTGTAGAAAGCATACCTGCCGAAAAACGCTTTGAATTTGAAGACTTGCTCAAGCGGAAAATAGGTAAATAAAAGCGGCTTTAAATATTCTTGTTGCTATACTGGTTTTGGGATGGTTAAGTAAAACCCAAAGGCAAAGAATAACAGCTGCAAAAGACCTCTTAAAACAAAAAAGAGGCCTTCAAACCTCTTAAAAAATAAGCTGGTCCTGCCGCTAGCCCGATTACGCTCAGGGCTCCGCCCACGGGAGGGGACCTGGATGATAATTAAGCCGCTCGGCGCCTCAACCGACAGCACCCTGATTTCCCCCGGCAGGACCAACAATGTCTATCAACTTTTTAATATTCAGGAAGTTTAGCCTAACCTGAACTGGTGATGCTAAATTATGACAGAATTATTCTGTTTTGGCAATACCATTTAACCGTCAAATATGCCTGATTCTTAAATTTAATAAACCCAAGCACCAGACGCCACTATATGCTACTTCTCAATAAATGACTCCGGCTCATTCAAAAAATCACGGTAGACCCGGTAATACTGGGTATCGTAATAGCCTATACTGGAGACAGGTGCAGTATCAAACGTGTATATAGAAGCACCGGGACATGCCAGCAATATAGGCGAATGGCTGACAATAATAAATTGATTATGGTCTGAGGCGGATGCCTGACTCAGAAGGTTCAGCAGCATGATTTGGCTTTTGGGTGACAGAGCTGTCTCAGGTTCATCCATAAAATACAATCCCTTTACCTTATAGCGTGATTCAAAGTATTTCATCAGCGATTGCCCGTGGGAACGGTTGGTAAGGGAGTCCCCGCCGAAGTATTTTAAAATATCCGGGGAAGCCGCCGCCCATTCATCCAGAAAACGGGTAAAGTCCTGAAAGGTGCGTGAATCAAAAAATGAGCCTTTTACCCCGCCCTTAGGCAAACCAAGCTCCAGATAGTCTGACAAACTATCCGCATAGGGGTTATTATCCAGCGTCAGGCGGCTGGTATCCTCCCAGATATGCACACCAGCCTTACGGCAAATAGCCCGAAGCAGGGTGGACTTACCGCTGCCGTTTTCGCCAATGAAAAAGGTAACCGGTCTGTCTAATACTATCTGAGGTGTCTTATGCAGTACATCCAGATTAAAGGGATAAACGCTATTATCCGGAAATCTGTCCGACCTGATTTTCACATTATCCAGAAACATGGGGCATGCCTCATTTCCCAAAACTATATCTTGCCATTGTATGACTGCGGAATAAAGCTGTCAACGCATAAAGTGCAATAATACTGGACAGGCAGTTATCCGGCATGGTATTAAATAGCATATTTAAACCCCTAATGTGAGACGGTATGAATACAAAACTGAAAATAGTTTTAATAAGCGGATCACCCCGAAAAGGCAATACAGAGTACATACTGGGAAATCTGGACAAGCTGCTTAAAAAAGAGGGGGCGGATACCAGCTGTATATTGCTCAGGAAATACAACATCTGCGCCTGTACGGGCTGTCTGGCCTGCGAAACAGGTCTGCAAAACCAAAGGGGCAACTGCAAACAGAAAGATGACATGCCCGAACTGCTGGAACAACTGAAACAGGCGGATATATTAGTTCTGGGTACGCCCGTCTATTTTGAGATGCTGAGCGGGTTGATGAAAAACTTTATAGACCGCACCTGTCCCGTCTGGCCAAGCCTGCAGGGTAAAAAAATGGGTGGAGTAGCAGTGGCCGAAGAGGGTATAGGCCAAGCTCTGCTGAATTTGAAACAATACGCAGATGTCTGCCGTATGAAATACCTGGGCAGTCTGGAACTGCTGGCCAAAACACCTAAAGAAGCCAGCCATGACAGCTCTCTGCCTGAAAAAATAAAGGGCTTCGCTGATTTGCTGCTTCAGGGCTGAAGCAGCAGTGTTCGGCTGTAGGCCATTTCAAAACCCGCCCTGCGGGCATTACGTTCGGATGAATTGCCCGGTGCGGATACAAATACCATCTGGCGGACACCCATTTTACGGGCTATTTTCATGCGGTGCCGGATAAGAGCAGTCTGAACCCCATGACGTCTAAAATCCGGTAAAGTAGCATCCCCTCCCAGTTCAGCCATATTTCCCCTGACATATAAAACCCCGCCCCCGGCCGGTTTGCCATCAAGATAGGCCAGATAGGCTAAAGAGTTACGGCAGTGATAATT
NZ_AP014722.1_gap33	1077531	1080608	3077	CTCTGCAGGACATGATGTCTCTGCCTATTACCGCCCACCGGGCTATTATTTCCAGAATCAAAATTCTGGGTGATATGAATATTGCAGACCATTTCCACGCACTTGACGGCCAGTTTACGGTAAATGCCGGCGGACGCGAAATAGATATCCGGGCGGCAACCGCCCCAACTGTAAACGGGGAAATGTCTGTACTGCGATTGCTTGATAAAAGCCGGGCCACTATAGAACTTTCGCAGCTAGGTTTTTTGCCTGAAGGGCTGGAAAAATATAACAAGATGCTCAAAGTGCCTTATGGTATGATACTTATCAGCGGTCCTACCGGTGCGGGTAAAACCACTACCCTCTACGCATCTATAAACTCGCTGGATATCATGCGGCAGAATATTATTACCATAGAAGACCCGGCGGAATACCGTTTTAAAGATATTAACCAGATACAGGTAAATGTGCAGGCAGGTATTACCTTTGCCAGCGGCCTTAGGTCTATACTCCGCCTTGACCCTGATGTAATACTGGTAGGTGAAATACGTGATTCGGAAACAGCCAATATAGCCGTTCAGGCAGCCCTTACCGGCCACCTTATGCTTTCATCTATCCATGCCAATGATACTACCGGTGTTCTCTACCGCCTGATAGACCTTGGGGTAGAACCCTTCCTGATTGCTTCAGCTGTGGTAGGGGTAGTAGCTCAACGCATGGTCAGGCGTATTTGCCCGTACTGCCAGCACACTATTGAAGCACCGGTAATTGAGCAGCTGGCTTATGAACGTGAGATAGGGGAAAAGCGGACTAAATTTGTATACGGCAGCGGCTGTAAATCATGTGCCTTTACCGGCTATCTGGGACGGGTGGGCCTGTTTGAAATAATGACTATAAGCGATGAAGTCAGACGACTCATGCTGAGCGGGGCTTCCCCCTCGGAGATACATGCCCAATCCATTAAAGACGGCATGACTACCATGATGAAAGACGGTATGCTGAAAGTAAAGGATAATATAACAACTCCCTCCGAAGTACTACGCAGTGCTTATTCTCCGGAGGAGCAGTATTGAGGTAAGTAAATGGATTTTAATTATGTAGCTTACGGGCAGGATAAGAGGCTTGTAAAGGGGAAAATCCCGGCTACTTCACTGGAGGCAGCCCAGAGACTGCTGAGCCATAGCGGTTACCAGATTTTAAGCATCAAACCCATTACGCCCTTCTTCAGCACCACCAGTTCATTTAACTTCTCAACGGTAAAACCCAGAGAAGTTATTCTGTTTTCCCGCCAATTGGCTTTGCTGCTTGAATCCGGTACGGATATTGTAACTTCACTGGAATTACTTCAGGAACAGACTACCAATAAACTTTTCCGGGATATTATCGGCGAAATTGTAAATGATATACGCGGAGGGAGTTCGCTGTCTCTAGCAATGAGTAAGCACCCCAAGGCTTTCCCGCCTTTGTATCACCGGGTCATTGCGGCCGGTGAACAGGGAGGCAGCCTTGAGATAGTGCTCCGTAATCTGGCCAACTTTGTCCAGCGGAATGTAGAAACCGAAAAGAAAATTAAAAGCGCCCTAACCTATCCCGGTGTAGTTGCGGTGGTAGGTATTCTGGTGCTGTTGCTTATGGTTACATTCGTACTACCTGCATTTACCAGTTTATACTCCCAAATGGGCACTGAACTGCCCACCCCGACTAAAATACTTATAGGCCTGAGTGATTTCTTTGAGGCATGGGGTATGTATGTAACAGGGGCTTTCGTAATAGCGATAGCTGCGCTGGTGATTTATATGCGGACACCAATGGGGAGATACCATAGAGACCGCATAGCCCTTAAACTACCTGTAATCGGGCGTATTCTGCTCCTTTCAGAGCTTTCACGCGCCTGCCAGACCATGTCATTGCTGTTTAAGGCCGGCCTGCCGTTGCCTGAAATTATGAACCAAGCCACCACTGCGGCAAACAACAAACTTATCAGCAACGCACTGGCCGAAGTACAGCATGATCTGATAAGGGGCGAAGGGCTTTCCCGTCCCATGACTAAAAACCCGCTCTTTCTGCCTATGATGGTTCAAATGGTAAGCGTGGGTGAGGAAACCGGTAAACTTGACGACACATTATCTACCGTATCAGCTACCTATGATACCGAAGCTGACGACCGGATAAGTGCTGCCATAGGCATGATACAACCCATTATGACTATAGGTATCGGTTTGGTAGTAGGCTTTATTGCCGTTGCCCTGGTATCTTCCATGTACTCCTTATACGGGCAGATCGGCTAAGGATAAATAAAATGCGAAGAAAGCTGCTGAGTCACCAAAAGGGTTTTTCCCTGATTGAGGTGCTGATTGCCCTGGCTATTATAGGGCTGATAGGTGTGGCTTTCCTGACAGCCCTCAATACAGCGGTTAAAGCGGTATCCCTAGCTAACGTACGCACTACTTCTGAAAGTTATGCCAAGAGTACCATGGAGCAGCTGAAGAGCTTTTCATACCTGTCTGCAGCAGATGGCTCAGTAGCGGATTATACATTCCTGAGTCCGTCTGATAACTCTTTTATTATATGCACTTATAACCGTGACGGAAACCTGATACAAAATAAAATTTACGGTATACCCTGGGATGTGGTTACCAATAACCAAAGCACTACAGATAAAGGCATCCAGAAGATAACTATAGTTATCCAGCACAATGAGGGCGGGATAAACAAGATTATTTTTACCCTTATAGACTATGTGACACAGAGATGAAAATAAAGCTGCTGAAATACCGCCAAAAACAGGGCGGCTTTACTCTGGTAGAGCTGCTGGTTGCCCTGGCTATTACCGGTCTTATAATGGCAGGTTTGACTACCAGTGTCTTCCAGCTGTTTAACATTACCCAGCGAAGCAGTGACCATATGACTATTATCCGCCATCTGGATATTACCAGCAGCTGGCTGTCTAACGATATCCAAATGGCCAATGAACAGCCCGCATGGGATTCGGGTACCCATACTTTGACTATTAACCAGACACGCGGAGATACCGAGTACCAGTCTGACCCAACCAACCCTGTGACCGATTACATAGTTACCTACACCTATAATACGGC
NZ_AP014722.1_gap34	1101302	1104427	3125	ATCCCAAAGCCATGCTGAGGCTGGCAAAAGGTAAAATCAAAGCCAAATTGGCCGGACGCCCCATGCTTCCCAAAGACCTTTGGAAAGTTAAAGGGCTGATGACCTACGGCATTGACGGCAGTGTTTACCGTGAGAAAATCAAGGAGCAATGGGGACGCTATCCGCTGGATTTCCACGGCTGCACCGAGGCATTTTTAATAGCTACCCAAACATGGGACTATTCCAGCATGACCTTTGTCCCTTATATGCAGTTCTTCGAGTTTATACCTGAAGAAGAAGCAATAAAAAGCTGGCGTGATACCAGTTACCAGCCCAAAACCCTGCTGATGAACGAACTGAAACCCGGCAACTACGAAGTGGTCATAACCAGCTTCCATGGAGGCCCCTTTGTCCGTTATCGCTTAGGACATCTGGTACAGATAACATCTCTGCGCAATGAAGCTTTGGATATAGATATCCCCCAGATGATTTATCTGACCAGAGTGGATGACCAGATTGATATTGCCGGTTTTACCCGCCTTTCCGAAAAGGGCATCTGGCAGGCTATAGAAGACAGCCACGTGGAATATGTGGATTGGGTAGCCTGCAAAGAAAGGGTAAACAATACACCCCGCCTGCACCTGTATATTGAACCCAAAGACAACACTACCCAAGACAAGGAACAGGTGATTGCGGCTATTCACGAAGAATTGAAAAATGTGCACCCCGGCTATGCAGACCTTGAGTCTTTCATAGGCCTGATGCCGCTGGATGTAACTTTCCTGCCCAAAGGCGCCTTTAAACTGTATAAAATCCGCCAGCAAAATGCAGGCGCAGATTTGGGCAATCTAAAGCCGCCTCATCTTAATCCTTCGGCCGAAGATTTGGAATTTATGCTGCGTACTACAGCTAAAGTAACTGTGAAACAGGGAGAGCCTGTAAGCGTTTAAACCGAAAAGTAAACAATATCAGCCACAAAGGGGCGGTAGCCAAAGCTACCGTCCCTTTGTTTTATCAGTTGTCCGTATTTGACAACAACCTACTTGTACTTCATAATGGCTCAATACAAGCTTAATTCTTGACTATGCACCCGGATATTACGGGTAATAAAGAGGCATTTTCGTGACTATCTGGGCTCTGGTACCGCTTGTAACCAGTATTGCATATATAGTGCTGCTGGCCGTCGTTCTGCTTTCAAAACGGCAGCCTATCACCAGAGTTTTCTCTGTTTTCTTAGGCGCGGCCACTTTCTGGAGTTTCACCTCTTTCATGCTCCATATTGACGCCCCACCGGAACAAACCCTTTTCTGGCACACCCTGCTGAATATCGCTCTGTTTGCCGCCATGCTTATGTACTACCAATTCATCCGCGCCTATACCAACCGCAGAGGCAAACTTTTTCTGATAATAGGCTACCTAGCACTGGCGCTGGATATTTTCTTTAACCTCACCGGGCGGCTGGTTACATCCGCTTATATAGAGGACAATGTTGTTTACCACACAATAACCCCTATATTTTATGCCGTTTTTATATTTGCTTTATTATTCATTGGGGTAATTATTTACCATCTGGTGCAGAAATACCGCCAGTCTACAGACCCGGCTGAACGCAACCGCACCCTGTACCTGGTATTGGGATGGGTAATCGTAGTACTCTCAAGTTATACCAATTTAAGTAGCAACCCCAAAATCTACGGGCTCCCTCTTGATCATGTGGGTAACTTTATAAATGCGGGAATTATTGTTTACGCCATTACCCAATACCGTTTGATTGACATCAAACTAATAGCCCGCAAAACCCTTACTTACGTGCTTCTGTTCTTTTCCATGATAGCCATATACGCAGGTGCTTTGTTTATAGCTACGCGGATATTCCCGGCGGAAGAAATATCCACTATTATCCTTATGGCAACCCTGATTGTACTGATACTGGCTATGACAGCCCGTCCTTTAAGAGCATTTATCGAAAAACGCATAGACCAGCTGTTTTACCAGGAAACCTATGAATCCCGTCTGGCACTTATGGGCTTTTCACGCAAGATGGGCAATATTCTTAATCTGGAAGAATTGGCAAAATCACTGCTGCCTGACTTAGCCAAATCTCTAAATGTAAATAAAACCGCTTTGCTTTTCCCGGATGTTGCCAGCGGTGAATTTTCACTGCAATATATTCACCCCGCAGACGAGCACCTTAAAACCCAGTTTAAGCTGGCTTCGGATAACCCTGTCATTGCCTGGCTGGATAAAAACAATGCCCAGCTCTACCTGAATAAACTGGACAGCCTGCCTGAACTGAAAGGTCTGTGGCAGATAGAGAAAGAACAACTTCAGAAATCAGAAATGGGGCTGCTGTACCCCATTAAAAGCCGTGAAAAGCTGATAGGCATTATCGGACTGGGAAATAAAAAACGGGGAGGCATATACTCCACCGAAGATTTAGACCTGCTGATAAGTGTGGCCAATCAGGCCGGTATCATAATAGAAAATGCCCAGCTCTATACTCAGGCTACTATCCGCGCCAATACCGATGAGCTTACCCGCCTCTACAATCACCGCCACTTCCATGAACGCATAGAACAGGAAATTGCCCGCGGTTCACGCTTTGGCAACACCTTCTCCTTGATACTGCTGGACCTTGACCTGTTTAAGGTCTACAATGACGTATACGGCCATCTGGCAGGTGACCAACTGCTCCGCAGGCTGGGTAAAATACTGGAAAACTCCATCCGTTCTATTGATATGGCTTTCCGATACGGCGGCGAGGAATTTGCCATTATGCTGCCCGGCACCAAGATTGAAGACGCTTACCATGTAGCTGAACGTATCCGCAAAAATATTGAATCCAAATCTTCTTTCCGTGATATGCCCATAACCGCTTCTTTGGGTATGGCTAACTGGCCCAATGACGGGGTAATGAAAGAGGAGATTATAGCCAAAGCCGATGCTGCTCTGTACCGTTCAAAAGAGACCGGACGAAACCGCACCAGCCTTCCCGCTGACCTTAATAACAACCCCACTCAGGTAATCAGCTCTGAGTTGGAAGCCCGCCCCAAAGCCATGTCTATTATCTATGCTCTGGCAGCTACAGTTGATGCCAAAGACCACTATACCTACGGGCATTCGCGCAAGGTTAGTGAATATGCAGT
NZ_AP014722.1_gap35	1112844	1114673	1829	TTTCAGCCATAGCCTTCAGCAAATCTGTATCCAGCATAATGCCTGTGCGTTCCATACCCAGCAGAATGGGCAAAAGGGGCATCTCCACCCTGGCAAATAAATCCATCAGCTTGGTTTCGGCAAGCTGGGCGGCAAAGATACCTTTGAGGCGGAAAGTGTAATCAGCCGCAAGCTGGGCTGCTTCTGAAAGCTGAACCTCGCTGAAAATGGTTTTTTTGCCGTTTCGGGTCAGTATATTTTCAATATCCGCAATCTCTATGCCGAAATGCTCAAAGATAAGATCTTTGATAGCCAGATTTTTTTCACCCAGCAGATGGGCGGCAATCATGGTATCAAAATCCAGCCCTTTTACTTCTTGCCCGGCAGATAAAAGCAAATTCATAAGGTACTTGGCGTTATGGGCGGTTTTACATATTTTTTCATCACCAAGCAGAGCTGCCAAGCCGGAATGCCCTTCGGTGGTAAACATCTGCCCTTCTGAAGCACTGCCGATAAACTCAGCGGGTACAAAACAAGCATCACCCGCCACACTTGAAAGTGCCAGTGCCGTCAGGCGGGCATCCATAGCTTCTTCGGGAGTACCAGAAACCGCCAGCGCCAGCTCTTTGGCATTTGCCAGGCGTTTAACGATGCTGTCTATATTTTGGCTGTCTGCCACCGTATAGCGGGTTTCAACCTTTGGAGCGGCAGCGAACATATCCGGCGTACCCTGAAGCTGGTTTTCCCCTCCCGGCAGGCGGTCAATCAGCCTGAAAAACTCCAGCTCGCGGAATAGGTCTACCACTTTCTGGCGGTTATAGTGCTCTGCCCGGCATTCCTCAATACTGAAATCAAGCGGCAAATCACGCACGATAGTTGTCAGTATTTTACTGTCACGGGCTACTTCGGCATTGTCTGCCAGCTTTTTCTGAAGACCGGGCGGGCTTATTTTATCCAGATTTTTATAAATATCTTCTATGCCGCCGTACTCTTCTATAAGTTTCTGGGCGGTTTTCGGGCCTATGCCGGGTACTCCAGGGATATTGTCAGACGGGTCACCCATAAGGGCTTTGTAATCTGCAATATGCTCCGGCCCCAAACCGTATTTTGCCCTTACCGCCGCCTCGTCATACAAACTGGTGCTGGCAAAAGAACCTGCCGGACCGGGATACAAAATGCGGATATCCGGCCCGACCAGCTGCATGGAATCTGCGTCTCCGGAGGCTATAATAACCTCCATACCTGCGGCAGCGGCTCTGGTTGCCAGCGTACCCAGCACATCATCAGCCTCAAAGCCGCTCTGTTCGTATACCGGCATATTAAAAGCATCTACAATCTGGCGTACCCGCCCCAGCTGGCTGACCAGTTCGTCAGGCATAGGCGGACGCTGGGCTTTGTAATCTTTGAACATTTCATGGCGGAAGGTTGGGCCTTTTCTGTCAAAGGATATGGCGTAACAATCCGGTTTAAGGTCTGTTAAGACTTTAATCAGTATGGAGGCGAAACCAAAAGCGGCACCCACTACTTCACCTGTTTTGCGGATTGCAAGCGGAGGAAGTACATGATACGCGCGGTGGACCAGATTAGTACCGTCAAAGAGGACTATTACAGGTTTATTCATAAACACATTATAGCAGATGAGACCAAAAGAGGTTCAGGTATTTTAGCCACTGTGAAGAAGCCTGAGCTAGGTTTCCAGCTGCAGTCCGCCGGATATCCAGACGTTTATGCCACCCTGCATGTTATATATGCTGGTAAAACTGTTCTCCAGCATAAGCTGGGCAGCAGATATAGAGCGGTTGCCTGAACGGCAGTAAACCAGGTAAGTTTTATTTTTATCCAGCAGGAAA
NZ_AP014722.1_gap36	1117378	1119773	2395	CCTGAAAATGGGACAGGATGCCGCTGAATTTTACAGTTTGGGTTTTGGCGAACCTTCGGTTATAAGCGCTTTCCATGGAAGCGGCATCTCAGACCTGATGGACCGGGTACTGGAAGAATTGCCTGACCAGCCTATTGCCAGCCCCGAAGAGGACAATTCAGTAAAGCTGGCACTTGTCGGAAGGACCAATGTAGGTAAATCCACCCTGCTTAATACCTTTCTGGGACAGGAACGCTCAATAGTAAGCAATATACCCGGTACTACCAGGGATGCTATTGACACACCCCTTGACTTTAATGGTACTAATGTGTTACTTATAGATACTGCAGGGATAAGACGCCGCGGCAAAGTTGAAAGCGGTGTTGAAAAATACAGTGTACTCAGAGCCCTGAAAGCCGTTGACCGGGCAGACGTAGTCCTGCTGGTTATGGATACTGAAGAACTGGTTACCGCTCAGGACACTCACATTGCCGGATATGTCCGGGATACCGCCAAAGGTATTATAATTATCCTGAATAAATGGGATCTGGGTAAAGGCCAGGACAAAGCTGAAGTGACGCAAACTATCCAGAGTAGATTTAAGTTTCTAGATTACGCTCCGATATTGTTTGTTTCAGGCAAAACAGGGCGTGATGTTGATACTATTATCCCCATGGCTCTGAAGGTACAGGAAGAACGCAGCAAGCGTATCCCCACCGCCAAGGTAAATAGCGTAGTTACCGAAGCTCTTTCCGCCCATACTCCGCCCCGTCAGGGAAAAACCCAGCTGAAAATCTTTTACGCTACCCAAGCGGAAATCAATCCGCCTTCTTTCGTATTTTTTGTCAACAATCCCAAACTGGTTCATTTTTCTTATGAACGTTTTATTGAAAACAGGCTCAGAGAGTCTTTCGGATTTTTCGGTACGCCTATCCGTTTAACTTTTAAAGCCCGAGGTGAAAAATGTTAATTGTCAAGCTGCTGCTTGTTGTTATAGTCAGTTATATCCTTGGTTCAATACCCTTCGGCTATCTGGTCAGCCACCGCGGTTCGAAAATAGATATCCGCAGTTTCGGCAGCGGACGCACCGGTGCTACCAATGTACTGCGTACTATGGGCAGAAAAGCCGCTTTGCTGGTGGCCGCTTTGGATGTTATCAAAGGGGCTTCGGCTGTAGCTTTTGCAGGGATGGTTATCGGTACTGAAGCACTGGCTTTCGGCACCAACGGCATGGCCATATTATTTGCCCAGGTACTGGCCGGGCTGGCGGCAGTTGCCGGTCATATCTGGCCGGTATTCCTCAAATTCCGCGGCGGCCGCGGTGTGGCTACTTTCTTCGGAGGCATGATTGCCTTGTGTCCGGTAGCGGCCATATTCGGAGGCGAAGTGTTGATAATAGGCGCAGGGCTTTCCGGCTTTGCTTCCCTGGGTTCAATAACCGGGGTAGTCGGGGCGTATGCTTTACTGGTGCCCCTTACTCTTATCAGCGGATTTCCCACCGAATATATAATATACGCAGTGATAGGGTCACTTCTCATCACCGTTATGCACCGCGATAATATTAAACGGCTGTTGGCGGGTAAAGAACGCAAGCTCAACGAAAAAGCCCGCTAAATACCCCTTGGCTAAAACCGATTCGGCATTAGAAAGCTTGGATTTTTCATGTCTAAAGTTTGTATTATAGGCACTACTACCTGGGGTATTACTCTGGGTACAGTTATAGCCCATAAAGGGCGTGAAGTAATGCTCTGGGCACGCACCGAGGACGAAGCCGCACTTCTTTCTGCCCAACGCCGCCCGGCTGACTTTTTGCCGGAAGATTACCGTTTCCCTGAATTTATGAACGTAACCGCCAATTTGGAAGATGCTATTACAGGTGCAGATATGATTCTGATGGCTGTACCTTCCCAGCGGATGCGTCCCAATATAAAGCTGGTTGCACCCCTGCTGACCAAAAACATGCTGGTCTGCAGTGCCGCCAAGGGGCTGGAAATAGGTACTGCCAAACGTATGAGTCAGGTAATTGCCGATGAGATTTCCCCGGATTTTGCTAAAAATATCTGCGTTCTTTCGGGCCCAAACCTGGCTATGGAAATATTAAAGGGGCTACCGGCTGTGACTGTACTGGCTGCAGATACCGAAAAATCAGCTAAAAAAGCCGCCAGGCTGGTAACCGCCAGCAATTTCTGCGCCTACACCAATACCGATATAATAGGGGTGGAACTAGGCGGCTCACTTAAGAACATTATAGCTCTGGGAGCAGGCATAGTGGACGGGCTGAATTTCGGCAACAACGCCAAGAGTGCCCTGATTACCCGCGGGCTTACTGAGATTTCTGCATTGGGAGCGGCTTTGGGGGCTAACCCCCTGACTTTTTCGGGTCTGGCAGGTCTGGGTGACCTGATTGCCACCTGTT
NZ_AP014722.1_gap37	1131092	1134093	3001	CGACCATATCAAAAATACGGCCACTAGCTGCCAAAGTATAAACATCACCGTCTTCAAAGACCATCTTCCAAGAGCGACCGGAGTTAGTAGATTTAAATACACACATAACACCATCATACTCGGCAGTGGCATAGATAGCAGATTTATCTGCGTTCCATTCCAAAATGCCGATGTTGTCAAAGCGGACGCTAGGAGTGCTAACTACATAGCCGCCGGTTGCGCCGGAGCCAGGCAGGGAGATCTTGCTCCAATCCTGGTTGGCAGCAGCTACGGGGGTAGCGACTGTGAACATGGAAAGAACCATGGCAGCAGTCAGGACTACGCCCAGAACTTTACTTATTTTTGTCTTAAACATCGACCTATAAATTTCCTTTTAAAATTATTTTATGCAAATGTCTTCATATTATATATGTATATATGAAGACCAAGAGTGGTCCAATTCAGCATCAATCAAAGACGCTTCCCCTTACGGGTGCACACCAATTACACCACCTCCTTTCAAGGTTTAACCTATCTTATATAATAACACAGCCTGTCAATACTTTATTAGTATTTTGACCCAATTTGGCTAAGAAGTACTATAGTTTTTATACGTTTTACGTTTGAAAATATTTTTTTATCCCTTTTAGCTTACATTTCTTTCTGGAGGTTAGCCAGGAAGTCAGCATTGTTTCTGGAGCGGCGCAGGCGGTCCAGCAGGCGCTCATTAACCTCTGTATAGTGGTTAGCGTCATCAGCGATAATGGCAACCATCCTCCGCAAAAGCTGTACCTGCTTGTAGTTATCACCCAGCAGCAGCTCTTCACGGCGGGTGCTTGAGCGGGATATATCCAAGGCAGGGAATACACGGCGTTCGGCCAAGCGGCGTTCCAGATGAAGTTCCATATTGCCGGTGCCCTTGAACTCTTCGTAAATAAGGTCATCCATGCGGCTGCCGGTTTCCACCAGACAGGTGGCAATGATGGTAAGCGAACCGCCTTCCTCAGTATTGCGGGCAGCCCCGAAGAATTTCTTGGCGGGGTGGAGGGCGACCGGGTCAATACCGCCGGAAAGGGTGCGGCCTGATGAAGGCATAGCCAGATTGTAGGCGCGGGTAAGGCGGGTAATACCGTCCAGCAGTATAAAGACGTCTTTGCCGCTTTCTACCATACGCTTTGCCCGTTCCAGTGCCAGTTCGGCTACCCTGGTCTGGTTTTCCACCGGTTCGTCAAAGGTGGCGGCCATAACTTCGCCCCGTACGTGGCGGCGCATGTCGGTTACTTCTTCAGGGCGTTCACCTATAAGGACTACCATTATATGTATATCGTTATAATTGGTAGCGGTTGCATTCGCTATGTTTTTAAGAATAGTGGTCTTGCCGGCTTTGGGCGGGGAAACAATAAGCCCGCGCTGTCCCCGGCCTATGGGGGCTATCAGGTTTATGAGGCGGGTGGCAAGTTCGGTGGGAGAGGTCTCCAGATTTATCAGGCGGTCAGGAAAAGTGGGAACTAAAGCACCAAAATTCGGGCGGCGTTTGGCCATTTCGGGATTGAGGTCATTTATGGCTTCCACCCGCAGAAGGCTGTAATATTTTTCACCCGGCTTGGCAGGCCGTCCCTGCCCTATTACCATATCACCAGTACGAAGCCCGAAACGGCGTATCTGGGACTGAGACACGTATATGTCTGACGAGCTGGGCAATAAAGAGGCCTGCCGCAGAAAGCCGTATCCGTCCGGCATTATTTCCAGAATACCCGAACAGAATACATTCCCCTGTGATTCGGTATAAACCTGAATAAGGCGCATCACCAGGTCCTGCTTTTTAAGGGCAGTCACCCCGTTCACACCCATTTCTTTGGCAATATCCAGAAGCTCTTCCCGAGTCTTCTTTTCAAGTTCACTCAGCTCAAATTGTCCGATTTCCATTGTGTCTCACCCCCTATCTACAACGAGTTATCTGTATTTTAGTTTCTATATATAAAGGAAGCACCTGTGATAAACAACCTTAAATATTATTTCTGGACACTTTTCCAGTCAGCCATGAAACGGGCAATACCCGAATCTGTCAGCGGGTGCTGCATCATCTGCATAAGCACCTTGTAAGGTACGGTGGCAATGCCGGCACCAGTCTGAGCCGCCTGAGTGCAGTGAAGCGGGTGGCGGATACTGGCAGCTATCACCTGGGTTTCAAACCCGTATTCCTTATATATACTGACTATATCATTTATCAGCATCATACCGTCATGCCCGGCGTCATCCAGCCTGCCCACAAACGGGCTGACAAAGGCTGCACCTGCCAAAGCCCCCAGCAATGCCTGATTAACCGAGAAGCAGAGTGTCATATTGAAACGGACACCTTCTTTGCTCAGCTTGGAAATAATCTCCAATCCCTCAGCGGTTGCGGGTATCTTTACCACAACGTTGGGTGCCCACTTGGCGATTTCACGGGCCTGCTTGAGCATTTCGGCGGGGTCTTCAGCCGTAATTTCGGCGGAAACATCACCCTCCGGCAGCAAGGCACATATCTGCTGGACTACGGATTTATAATCACTAATGCCTTCTTTAGCAACCAGCGTGGGATTGGTAGTTACACCGCTCACCACTCCCAGTTTCAGGCCTTTTTTAATCTCTTCAATATTAGCGGTATCCAGAAAAATACGCATTTCTACCTCAGGCTCGGTTTTATATTCATGCCCACACTTTTAGGGCGAAAGCGGCAAAGAAGGCTGTTCACCGTCACGTATAACCTTTTTAGCAGCATTTACAAATTCACGGAACAAAGGATGTGGACGATTAGGCCGGGAGAGAAACTCCGGATGGAACTGCGAACCAACCATAAACGGATGGCCGCTAACCTCGCAAATCTCTACCAGCTTGCCGTCAGGAGACAGTCCGCTGAATACCATACCTGCCTTGGAAAGGGTTTCACGATAATCATTATTAAACTCAAAACGATGACGATGACGCTCATTTATCAGCTGATTCCCGTAAGCCTGACCGGCCATGGTATCAGGCTGGATAA
NZ_AP014722.1_gap38	1171187	1172835	1648	GGTCAAAACGGCATTGGCTGAAGAACTTGTCCGCACGTTTATTGCCGTAGAACTGCCGCCTGAGCTTAAAACCGCACTCGGCAGTTTCCAAAATTCCCTTTCCATACCCGCACAAGCTGTCAAATGGGTAAACCCCGAATCAATGCATCTAACCATCAAATTTTTGGGGGATACCCCGTTAAGCCAAATATCAAATATCATAAAAGGGCTGGAGAAAGCCGCACAGGTCTGCCACGCCTTTACCCTATGCACCAACCATATAGGGGCTTTCCCCTCACTTTCAAACCCGAAGGTAATCTGGCTGGGGCTGGAGGGGGAAACCGGTAAACTTAATGCCCTCTTTGCAGAGGTTGAAAAAAATATTGCAGGGCCGGGATTTCCGGCAGAACAAAGAGAATTCGCCCCCCACCTGACCTTAGGACGTCTTAGGGAAAGTGCTTCCAAAATTGACCTGCAAACCACTGCCGAAATCCTTAAAACCACACCCCCTGTTCCTAAAACCAGTTTCAAAGCCTCGCATATCTGCCTCTTTAAAAGCCAGCTTTTACCCGCAGGGCCAATATACACCAGACTGGCTCAAATCAGCCTCGCCTAGTCTTGTCAGGATAAGCCTCTTGGAGTATACTCAATCAACTTAAAACAAGGTCTCAGCCGGGAGGTAGCTTCGTGGAGAATACAGGTTTTCCGAAATGTTTAAAATGCAATCAGGGTGATTTGCTACCCCTGTCAGACTTTGGCAGCCAGGGTGCTTCTATCCATTACAAAGCCTGGGTCTGTTCCAACCCCAACTGCGGCTTCAACCTTAAAATCCGCAACGGGGATATATATATAAACGAGCCCATCATAAACGGCAACAACCGCCAGCACTAGGCCGGGAAACGCCAGCTCAATCTGCCGGGGGGGCAAACAGATGAAACTTTTACATCAATCCCTCAAGGATACCCTTCTTGACTTAGTCTTTCCCCAGCAGTGTCTGGTCTGCAGCAAAGAAGGCAAGCTGTTCTGTGCCCAATGCAGTGACAGCCTGAGTTATATCACTCCACCTGTCTGCACACTCTGTGGCCATCATACCGGAGATGACGGGGTTTGCCCTCAATGCATGTCAGGTAAAATTCATCTGGACGGATTGCGTTCGGTTTTCAACTTTGAAGGCGGCATTGCCCAAGCCATATATGCCCTGAAATATCACAATCTGCGTTCTGTTGCCCCTCTACTAGGCACTTTTCTGGCAGACTACCTGAAACAAAACCCCATTCCGGCTGATATTGTTGTGCCTGTACCCATCCACCACAGCCGCTTGAAATACCGCGGCTACAACCAGTCCCTGCTGCTGGCAAGAGAACTCTGCCTACACACAGGTTTGAAACTAGATGAACATTGGCTTGAACGTTCACTGTCATCTGCCCCGCAGGCACGTGCCAAAAGCCGCACTGAGCGTCTGGAAAATGTAAAAAATGCATTTATTTTCAAATACCCCACGACAACCACCCCCAGGGTGATTATAATAGATGATGTAGCAACCACAGGCGCTACCCTGAATGCCTGCGCCGCCACTCTTAAAGAGGCTGGTGCCCTCAGCGTATGGGGGCTGACCATAGCCAGAGAAAGATAGAGGAGTGTAGAGTATGGAGATTCAGATTACCACCAA
NZ_AP014722.1_gap39	1183849	1186627	2778	GGCGTTGCCCACTTGCAGGCAGGCTGCGGAATTGTAAGTGACAGCGTACCCGAATCTGAATATCAGGAAACACTGAACAAGGCTCAGGCTCTGCTGAAAGCCCTGGACAGGGCAGAAAATATGGCAACGGAGAAACCGCATGTTGTTACTAATTGATAACTACGACAGCTTTACCTACAACCTTTTCCAGTATTTTTCCGAACTGGGACAGGAAGTAAAGGTAGTCCGCAATGACAAGATTACCCTTGATGATATAGACGCCCTGCGTCCCGAATACATCGTGATTTCACCCGGGCCGTCTTCACCCCTTCAGGCAGGCGTGTCTAACGAGGTTATCCGCCGTTTCGGCCCCGAACTGCCTATCCTGGGTATCTGTCTGGGGCACCAGTGCATCGGGCATACATACGGGGGGATTGTCAGGCAGGCAGACAAAATAATGCACGGCAAACAGTCACTCATACAGCATGATAACCGGGGTATTTTCAAAGGTCTGCCCAAGGGGTTTCCCGCCATACGTTACCACTCCCTAATAGTAGACAAGCCAACTCTGCCGGATTGTCTGGAGGTAACCGCCTGGACAGATGACGGCACTATTATGGGGCTTAAGCACAAGGAATACCCCGTTGAAGGTATCCAGTTTCATCCCGAATCATTTAAAACCGAGTGCGGCAAGGAGATTCTGGCTAATTTTCTAAAATACTATGCACCTTTATCAGCAAAAAAGGAGCGGAAAAATGATTAAAGAAGCAATCGGGTCTTTAGTTCTGGGCAAATCTCTGACTATTGAACAATCTGCCTCCGTAATGGACGAAATAATGGAGGGCAAAACCACCCCTGCCCAGATAGGGGCATTTCTGACAGCCCTTCGGGTCAAGGGGGAAACTGCCGAAGAAATAGCCGGACTGGCCAGTGTCATGCGGGCCAAGTCTACCCGGATAATCACCGACACCCCGGTGCTGGACATAGTGGGTATCGGCGGTGACGGGATAAACACGTTCAATATATCTACCGCCGCCGCCTTTGTTATATCCGGTGCAGGGGTAAAAGTGGCCAAGCACGGCAACCGGGCGGCCAGCAGCATGTGCGGCAGCGCTGACGTACTTGAAGCTCTGGGCATAAAAATAGACCTGCCAGCCGAACAGGTAAAAACCTGTATAGAGCAGGCGGGTATAGGCTTTATGTTTGCACCTGTGTTCCATCCGGCCATGAAATATGTAGCCCCCTCCCGGCGTGAAATAGGCATCCGCACCGTGTTCAATATCTTAGGCCCGCTAACCAACCCGGCCTGCGCCCAGTACCAGCTTATCGGCGTGCCTGAAATATCTCTGGGTGACAAGATTATTTCAGCCCTGTCCCATATGGATATCAAGCATGCCCTGGTGGTACACGGCTTAGACGGCATGGACGAAATGTCCATCAGCGGGGATTCAGTCATCTGGGAGCTGAAAAATAACGAAATAATCAAATTCCGCCATGCACTTTCACCGGAGGAAATGGGCTTGAAAGCATCTCCCCTTGAGTCTGTCAAAGGCGGCTCAGCCCAGGAAAACGCACTTACCCTGCGTGCGGTGCTTTCCGGCGAAAAAGGGCCTAAGAGAGATGTAGTCCTGCTGAATGCGGCCGCCGCCCTGATGGTGGCAGACAGGGTTAAAACCATTAACGAAGGTATCAGCCTGGCGGCTAAAACGATTGACAGCGGGCTGGCACTGGCCAAACTAGAATCTTTAATTAAACTCAGCCAGTCTCAGGCAGGCGGGTAAAACAGTGATATTGGAACGTATAGTATCCGACAACCTGCCTGATTTGAAGCGGCGGAAAGAGGAGCTGCCGCTTTTGAAACTGCAGGCATTGGTAGCGGACATGCCCTGTCCACCCCTTGACATGGCGGCAAGCCTGAAAGGCAACGGCATTAAGCTTATTGCCGAGGTTAAAAAGGCCTCACCCTCAAAAGGGATAATCCGGCCTGACTTTGACCCGGTGGATATTGCCCGCATATACGCCCGAAACGGGGCGGCCGCCATTTCGGTACTGACCGAAGAACACCATTTTCAGGGCAGCCTTCAAAATCTTAAGCGAATACGTGAATCCGGGGCGGCATTAAATCTGCCTTTGCTGCGGAAAGATTTTATCCATGACCCCTATCAGGTATATGAAGCCCGCCTGTACGGGGCAGACGCTATTTTGCTGATAGTGGCCATGCTTACACCCCAGAAACTGGAGGAGCTGCTTTCACTCAGCCACACACTGGGTATGAAATGCCTGGTAGAGGTGCATACCCGGCCTGAACTGGACATAGCCCTCAAGAGCAATGCCCGGATTATCGGCCTGAATAACCGTGATTTGCATACATTTAAAGTGGACTTAAGCGGAACCGAAACCCTCCGCCCCCTGATACCGCCTGAGCGTATAGTTGTCAGCGAAAGCGGCATCCAAACCAGAGCGGACATATCCCGTCTGGCAGAGCTGGGGGTAGATGCGGTGCTTATAGGAGAAGCCCTGACGGCCTCGGCTGATATCGCCGCCAAAATGAGGGGACTGCTGTGATAAAGACCAAGATTTGCGGTTTGACAGAGGTTGGACAAGCCTTGGCCACAGCCCGGACAGGGGCTGATTTTGCCGGAGTGGTATTTGCCCAAAGCAAACGGCGTATCACCCCTGACAAAGCCTTGCAGATAGCTGAAGCTCTAAAACCGCTTAACCCCAGACCTCTGCTGGTAGGTATCTTTGCCAACCAGCCGCTGGAGGAGGTAAATGAAATTGCCGCCACCTGCCACCTGG
NZ_AP014722.1_gap40	1371916	1373480	1564	CTTTCTGGATATCCGCATGCCCGGCATGAGCGGAACCGAGCTCTATGATAAGATTATCAGCAACTGGCCCGGATTAGCCGGCCGTATTGTATTTATCACCGGCGATACCTCTGATGCCAAAGTCAGGGAATACCTTGATAACCACGATATCCCCTATGTTACCAAACCCTTTGACATGTCCCTGCTTAAAACTGCCATGCACAGGGTATTAAGCAAGATAGATGCGGATAACTGATGGATTTACAACAGGATACCTTACTGATAGTAGATGACGAGGAATTGATACGCCAATTACTCAGCGTAAAGTTTTCGAACGAAAACTACCAGTGCCTGACTGCCAGTAACGGCATAGAAGCCCTTGAACTTATTAAAGGGATACAAGTTGCTATAGTTCTGCTGGATATAAATATGCCCGGCAAAACAGGTATTGAAACCCTTCAGGATATAAAAACCCTCAAACCCGATACCGAAGTTATCATGGCCACCGCCATAAATGACATTGACATTGCCTTAAAATGCATACGGCTGGGTGCATACGACTATGTGATAAAACCGTTTAATCTGGACTCTCTTATTCACATTACCAAACGGGCACAGGAACACAGACGCCTGATACTGGAAAACAGAGGCTACCAGCTTGGGCTGGAACAGAAAGTGGCTGAACGGACGGAAGAACTAAAACAGGCCTTGGACAAACTGAAATCAGCCTCATTGGATACCATCTTCCGTTTATCACGGGCTGCCGAATATAAAGATGAAGATACCGGCATGCACATACGGCGTATAGGACACTACGCCGCCCAGATAGCCGAAAGTATGGGGCTCCCCCCTGAGGAGATAGAATCATTCCTGTATGCCGCCCCCATGCACGACATAGGCAAGATTGGTATTCCTGACAATATACTCCTGAAACCCGGAAAACTCACCCCGCAGGAATGGGAGATTATGAAGCAGCATACAGTCATCGGTGCCAATATTCTGGAGGGAGCCGCATCAGAAATCATTAAAAAGGCAGCAGTAATTGCCCTGAACCATCATGAAAAATGGGACGGAAGCGGTTACCCGAACGGGCTTAAGGGTGAAAATATACCTTTGGCCGGGCGTATTACCGCCATTGCAGATGTTTTTGATGCCCTGACTTCCAAAAGACCTTACCGGCCGGTATCATACTCGATAACCGAGGCTTTGAAAATGATAGAAGAAAATGTGGGCAAACAGTTTGACCCCGAAATATACAATGCCCTAAGAGGCAACTTGAAAAATATTCTGGCTATAAAAGAACACCAATAACCCCTCTGCCATAACTCCCTTACTCTGCCGGCACAGTTTATTCACACCGCATCCCATATAAATCAATTATCCGGTTCTACAGGCAACGACTCGAAACAGGCCGTTTACCTGAGCAAGAAGGGTATTACTACTGCCACCAGCCCGGTAAACAGGACCGCCAGCATAAACAGATTGTACCGGAGAGCATAGTCACTAAGCATGGAAGGGTCGTAGTAATCTGCCACACCCTGGTCTTTATACATTTTAAGCAAACCGTTAATGAGTTTAGTCCTCA
NZ_AP014722.1_gap41	1455234	1456070	836	AGTATCTCTGGTTATGCCCAACCGTATCGGCGAATCCACCTGGGTAAGCTGGAGCAAAGAGCTTTTAAAAGACCAATATATAGTTATCAATTCCAGTCTGGCGGGTGCATTTAATTTATCTGACTCAAGCCACCTCTGGCGGGTAGAGGTATTCCGCCCGGATGGAGAACATATTGAAAACTGGTTTGGCGACTACTGGCTGAACCCGGAACATGTCTTTGCCTTTACCGCCCAGATAAGCGGCACCTATATGCTGAAAGTATCCCATTACAGTTCATTTATAAAAGACCTAAATATGTCATTCAGTCCCGGGGGCTGGGTGATAAGCGGTTATTCCTGGAGCTGAAGCAAAGACCTGTAAGTGCTAAACTCAGACCGGTATAGAGGCAAGACCTATGCCGGTCTTTGCGTTCACATATATAGCCTAAGGAGAGAAAGATGAAAGCCAGTCAGGGAAGTATAGGCAGAGTATTTATAATACGGCTGGAAGACGGCGATAAAGTACCTTCCTGCCTGGAAGATTTTGCCCGCACCCAGCATATAAGCCATGCCCAGGTGGTGCTTATCGGGGGAATTGAGGGAGGACAGGTGGTAGTAGGGCCGCGCCAAAGCCATGAGTACCCGCCTGAGCCGGTGCTGATACCCCTTGACGGAGCACATGAAGTGGCCGGGGTAGGTATAATAACGCCTGATGAAAGCGGTAACCCCAAGCTGCATATCCATGCCGCTCTTGGGCGAATGGGTAAAACTACTACCGGCTGCCTGAGACCTGGGGTAAGTACCTGGATTGTGGGCGAAGCGGTTATGTATGAAATACTGGGGGCAAAGGCTGCCCG
NZ_AP014722.1_gap42	1473048	1473548	500	CCATGGAACGGGAATAGACCGGCCCGGTATCCAGCCCGGCTTCCAGTTTCATCAGGGAAACGCCAGCCCATTCGTCACCCCCCAGCAGGGTAGCAGCCACCGGGGTTGCCCCTCGGTAACGGGGGAGCAGGGAGGGGTGGATATTTAAGACCCCGTATATGGGTATATCAAGCACCGCCTGGGGCAAGATAAGGCCGTAAGCCGCCACTACTATTACATCCGGCTTAAGCTTACTTAAGACTGCCTGATCTTCAGGTTTCTTAAGGCTTTGGGGCTGGTAAACCGCCAGTCCGTGTTCCAGTGCCAGTGCCTTTACCGGGGGAGGACAAAGCTCACGCCCCCGCCCGGCCGGACGGTCAGGCTGGGTATAAACCCCGCAGATATCGTATCCTTCGACAAGGAGCATCTTAAGCGGAGTAAGGGCAAATTCGGGGCTGCCCATAAAAACAATCCTGAGTTCATTCATCACCGCCATTGTAACACCGCCTAATTACCATAAC
