gap_id	start	end	length	sequence
NZ_AP024937.1_gap1	5350	9568	4218	ACCCCGAACCCCGAGGTGCGGAACCAGCTGGCCTTGGTCTGGGGGGTCTACCCCCATCTCGCCCCCGACCCCCAGGACACCGACGACATGGTCCGCATCGCCCTCAGGGAGGTGAAGGCCCTGGGGCTCGCCCAGGTGGGGGACCGGGTGGTCATCGCCGCCGGGGTTCCCTTCGGGGTCCGGGGGACGACGAACCTCATCCGCGTGGAGCGGGTGGGGTAGCTACCGGGGCAGGGTGAGCCGGTAGCGGAAGGAGCGGGCCTCCATGGGGTCCAGGACCGCCTCGAGGCGGTACCCCTCCGGCAGGAGGACCGCGCCGGGGAAGTCCAGCCGGAAGCCCCGGGGAAAGGTTTCGGCGAGGAGCAGGCGGACGGGGTAGGGGTAAGGGTTTTCCAGGCGGGTCTCCACGCGGTAAGTGGCCTCCTTCTCCCCCTGGGAGAGGAGGGCCACTTCGCGGACGAGGCGCGCCCTGAGGTCCTGGCCCAGCCACGCCTCCGCCACCCCGCCCTCGGGCGTGGCGGGGAGGAGGGCCTGGCCCAGGAAGCGCCCTTCCTCCACCACTTCCAGGGGCCCTGGGGCCAGGGGGAAGGGGGCCAGGAAGCGGAGGCCCCGCTCCAAGGGGAGCACTCCCTGGGTGCGGAAGGGGCCTTGGTAGCGGAGAAGCCTTTCCGGCTCCACCGCCTGCCGCAGGAAGGGAAGCTCGGTGGTGCCGGGGAAAAGGGTCCTTGGGGGAAGCTCGTAGCGGAAAAGGCCGAAGGGGCTTCCCGGGGCCTCCTCCAGGGCGCGGAGGGCGGCTTGGGGGAGGACCTTGGCCTGCACCTCCCCGGCGAAGAGGGTGAGCCTTTCCGCCCTCAGGGCCTCCCCTTCCAGCTTGAGGCGGGCCCAGGCGGTGAGGGTGGTTCTGTCCAGGGTGTAGAAGACCTCCCCGGAAAGCCCCGTGTAGAGGTAGCGGAGCGTCGCCTTCCCCTCCCCCCGGTAGCGGAAGAGCACGGCGCTTCCCTGGAAGACCCTTTCCGTCTCCTCCACCCCCAGAAGGCGCAGGGAGCCGGGGAGGATGCGGCCGAGCTTCTCCCCGGCCAGGTAGACCCAGGCCGCGGGGGGGAGGTCCACGGGCTCCTTGACCTCGGCGAAGCCGGGGTAGACCACCACCTCCTGGGCCAGGGCGGAAAGGCCCAGGGCAAGGAGGGCGAGGCGTTTTCTCATACCCCTAGTCTACGGGCGATCGCGGCCACCTCCTCCCCGCTCAAAGGCCCCCCGTGGCCCAGGTAGACCCGCTTTACCCCAAGCTCCAGGATCTTGCGCACCGTCCTTCGCGCCAGGGCGTGGTCCTCGTTGATGAACCTCGGGGGAAGGCCCCTTCCCCTGAGGGCGTCCCCGGCCAGGAGAACGCCTTCCCGGAAAAGCCCCACCTGGCCCAGGGTGTGCCCCGGGAGGTGGACCACCCGGAAGCCGAAGATCTCCATCCCCTCCTCTGCGGGGGCGAGGGCCTCCTCCGGGATCGCCGGTCCCAGGTTGGCGAGCGCCCTCCCCAAGAGGGGGAGGGGAAGGGGCGGGCGGGGCTTCCTTTTGGTGAGGTAGGCCCACTCCTGGGGGTGGGCAAGGACCGATACACGGAACCTTTCCCAAAGGGCCCGGGCCCCCCCGGCGTGGTCCAGGTGGTGGTGGGTGAGGAAGAGGAGCTTGGGGGGCTCTTGGAGGAGGGAGAGGAGCCTTCTTGCCTCCCAGGGAAGCCCGGCGTCCACCAGGAAGTACCCCCCTTCCACGGGGATGCGGTAGAGGTTGGCGGCGAAGCGCAGAACCTCAGGCCCGTTCATGCAACAAGGCCACCCCCATCGCCGCCAGGGCCTTCCGGATCCCCTCGGCGTCAATGCCCGCCTGGCGGTGGAGGCTCGGGATCGCCCCGTGCTCAAAGAAACGGTCGGGAAGGCCGAGGATCTGGACCTCGGGCTTCAGGCCCATCTCGTTCAGGGCCTCGAGGACCGCGCTCCCAAACCCGCCCATCCTCTGGTGGTCCTCCACGGTGAGGAGCTTGTAGCGGGAGAGCTCCCTCAGCATCTCCCGGTCCAGGGGCTTGAGGAAGCGGGCGTTCACCACCCCCACCCTGGGGTCGTCCCCGGCGGCCTCGAGGGCGTACCTCAGGGTCTTGCCGAAGGCCAGGATGTAGGCCTCCGTGCCCTCCTTCAGCACCTCCCACTTGCCCCAGGCGATCTCCGGCCAGACGCCCTCGGGGGCCCGCTCCACGTTGTCCCGGGGGTAGCGGATGGCCACGGGGCCTCCCACCTCCAGGGCCTTTTTCAGCATGGCCCGGAGCTCCAGGGCGTCCTTGGGGGCGGCGATCTGGAGGTTGGGGACGGTGCGGAGATAGGCGATGTCAAAGACCCCGTGGTGGGTGGCCCCGTCGGCCCCCACGATCCCCGCCCGGTCAATGGCGAAGACCACGGGGAGGTTCTCAATGGCCACGTCGTGGATCACCTGGTCGTAGGCCCTCTGGAGGAAGGTGGAGTAGATGGCCACGACGGGCTTCATCCCCCGTAGCGCAAGCCCCGCCGCCGTGGTCACCGCCACGTCCTCGCAGATCCCCACGTCCAGGTAGCGCTCCGGGTGCTCCAAGGAGTAGCGCACGAGCCCCGAGCCCTCCCGCATGGCCGGGGTGAGGACGAAGAGCCTGGGCTCCATGTGGGCGAGCTCGGTGACGGCGTCCCCAAAGGCCTGGCTCCAGGTGTACCCTTTGGACACCTTCTCCGGCTTCTTGGGGTCAAAGCCCGGGGGGCCGTGCCAGTAGATGGGGTCGGCCTCGGCCACCTTGTACCCCTTCCCCTTCTTCGTGACCACGTGGAGGAGGGTGGGGCCGTCCAGGGCCTTGAGGTGCTCCAGGATGTGGACCAGCCCCTTGAGGTCGTGGCCGTCCACCGGGCCCACGTAGCGGATCCCCCAGGCGTAGAAGGGGTTTTCCTGGTGCAAAAGGAGCTTCGCCGCCTCCTTGGCCCGGTCCACGAGGCCGAAAAGCTGGGGGGAGATGCGCTCCAGGATGTTCTTCCCCAGCTTCTCCGCGTCTTGGACCCACTTTCTGATCTGAAGCTCCTTGAAGTACTTGTTGAGGGCCCCCACGTTCTCGGAGATGCTCATCTCGTTGTCGTTGAGGACGATGAGCATCCTCTTTTGGAGTTCCCCGATCTTGTTGAGGGCGGCGAGGGCCATCCCCCCCGTCAAGGCCCCGTCCCCGATCACCGCCACCACGTGGTAGTCCTCCCCCATGAGGTCCCGGGCGAGGACCATCCCCAAGGCGTTGGCGAGGGAGGTGGAGGCGTGGCCCGCGGTGATGGCGTCGTGGGGGGACTCGGAGACCTTGGTGAACCCGGAGATCCCCCCTTCCTTCCGCAGGGTGTGGAAGCGGTCCTTGCGCCCCGTGACGAGCTTGTGGGCGTAGGCCTGGTGCCCCACGTCAAAGAGGATCCGGTCCCTGGGGGAGTCAAAGACCCGGTGCAGGGCGAGGACGAGTTCCACCGCCCCCAGGGAGCTTGCCAAGTGCCCGCCGTTTTGCGCCGTGACCCGGATGATCTCGCTCCGGATCTCCTCGGCCAGGAGGAGAAGCTCCTCCAGGCTCAGGCGCTTCAGGTCCTCGGGGCTGTTCACCTTGTCCAAGATCATGGCGCACCTCACCGGAAGTTGCGGTCCGTAAGAAGCCTCCCCTCCCGGGTCCGGACCTCCCCCACCTTGGGGGCGAACCAGACCTCGTAGAGGGCCTCGCCCTTTTCGTCCCGGTAGCGTTGCCGGATGCGGAAGACGCGGAACACCCCTGCGGGCACCCGCACCTCCTTCTCCTCCAGGACCTCAAAGGTGTAGGCGAGCCGCCCCGAGGCCAAAGGCTTCTCCCCCTGGGGGGTGAGGAGGGTGGCCCTGACCTCGCTTTCCCCGCCCCAGCGGTAGCCCACGGCGAGGAGCCCCTCCGGGGGGTACTCGGGGATGGGCGGGGCGAAGACCACCCGGGCCGAGGGGTCCTCAAAGCCGAAAAGGCGCACGCCGAAGGGCCCCACCCCTCGATAGTAGACCCGGTTCTCCCCCCGGCCGAAGCTCCGGAACCTCAAGACCTCCTCCCCCTGGAACACGGCGGGGCCCTCCACCCGGACCCGGTAGGGGGGATTGGAGAGGGGCTCGCCTTCCGGGAGGTAGCTCCACTCCAGCCCCGTGGCTGCGGGGTAAAACGCCTCCACCCGAAGC
NZ_AP024937.1_gap2	43244	46725	3481	GCCCTCCCGCCCCAGGACCTGAGGCGGGCGGCCTACGCCCTCTTTGAGGCCCTGCCCTACCTCCCCGAGGGGGCGGTGGTCCTGGCCGTGGTGGACCCGGGGGTGGGGACGGCGCGCCGGGCGGTGGCCGCCCTGGGGCGGTGGACCTACGTGGGCCCGGACAACGGCCTCTTCACCTTGGCCTGGCTTCTGGACCCTCCCCGGCGGGCCTTCCTCCTGGAGCCGCCCAGGCCCCGGCCCAAGGCCGCCCTCCCGGGCTGGGCCCCCGGGGAGGCCACCTTCCACGGCCGGGACGTCTTCGCCCCCGCGGCCGCCCACCTGGCCCTGGGCCTCCCCCCGGAGGGGCTTGGGCCGGAGGTGCCGGTGGAGACCCTGGCCCGTCTCCCCCTTGCCCTCACGGAGGGGCCGGAAGGGGAGGTCCTCACCTTTGACCGCTTCGGCAACGCCATCACCACCCTCCTCCGGGCGCCGGTGGGCGGCTTCGTGGAGGTGGGGGGAAGACGGGTGCCCGTGCGCCGCACCTTCGGGGAGGTGCTGGAAGGGGCCCTGGTGGCCTACCTGGGGAGCGCGGGGCTTTTGGAGGTGGCGGTGAACCGGGGGAGCGCCCGGGAGGCCTTGGGGCTTAAGGAGGGGATGCCTGTCCGCCTCCTCTAGGCACCTCAAGCGGCTTTCGCCGCGAGGGGGGCCCGGGGATTGTGCCTTTTACCCCTGATACACACAGGCTCAGGCGTATATTGGGGGCATGCGGACGGACCGGAACCAGCTCCGCTTCAACCAGGCCCTCCTCGTCCTCCTTCTGCCCCTGGCGGCGCTTCTGGACCTGCCCTGGCTCGTCTACCTCCTCTTCCTCCTCATGGCGAGCCAGCACACCCCCCTGGACCTGATGGTGGTCCTTAAGCGCCTCCTCCGGGTTCCCCCGCAGATGGTGGACGAGGACCCGAGGCCCCACCGCTTCGCCCGCTTTTTGGGGGCGGTCTTCCTGGGGCTTGCCTCCTTGGCCCTCCTCCTCGGCCTGAAGCCTTTGGGCTACGCCCTCGCCCTTCTCGTGGCCCTCCTTGCCTTCGTCAACCTGGCCTTCGGCTTCTGCCTCGGCTGCTTCCTCTACCTCCACCTCCGCTACGCCCGCGCCCTCTTCACCGGGAAATAGCCTCCAGAAGGCGCACCATCTCGATGGCGGTGAAGACCGCCTCGGCGCCTTTGTTGCCCGCCTTGCCCCCGGCGCGCTCCTGGGCCTCCTCGGGGGTGTTGGTGGTGAGGACGCCGAAGACGATGGGCTTCTCCGTCTGGAGCATGGCCTGCATGAGGCCGCTCGCCGCCTGGCCCGCCACGTACTCAAAGTGGGGGGTCTCGCCCCGGATCACCGCCCCCAGGGCCACCACCGCGTCCACGTCGGGCCTTTGGGCCAGGCGCTTGGCCACCAGGGGAAGCTCAAAGGAGCCGGGGACCCAGGCCACCAGGACCTCGGCGGGGTCCCCGCCCAGGCGGGCGTAGGCCTCGAGGGCCCCCTCGAGGAGGAGCTTGGTCACCCGCTCGTTGAAGCGGCCCACGGCGATGGCGAGCCGTACCCCCTTGGCGGTGAGGATGGGGGAGAGGGTCTTGGGCTTCATGGCCCCAATATACTTTGGGGGTGGAGCGGTACCTCCTGGTGGCCCTGGGCGGGGCGTTGGGCTCACTTTTGCGCTACGGCCTCGGGGCCTTGGTCCAGGGAAGCCTGGGGGCGGGGTTTCCCTGGAGCACGCTTTTCGTCAACGCCCTGGGGAGCTTCCTCATCGGCCTCACCCTCCGCCTCTCCCTGGAAGGGGCCCTCTCCGGCGAGGCCCGGCTCTTCCTCGCCGTGGGGGTTCTAGGGGGGTTCACCACCTTCTCCTCCTTGAGCTACGAGACCCTCGCCCTCCTCCAGGGAGGCGAGGTGGGGAAGGCCTTGCTCTACGCCTTTGGGAGCCTTTTCCTCGGCCTCTTCCTCGCCTTCTTGGGCTACCGCCTGGGCGGGGCCCTGGTAGGCTAGGGGCATGCGCTTGGAGGGCGAGGCCCTGCTCCTCCGCGTCTTTCTGGGGGAGTCGGACCGGTATGAAGGGAGGCCCCTTTACGAGGCCATCGTCCTCGAGGCCCGGCGCCGCGGCCTTTCCGGGGCCACGGTCCTCAAGGGCTTCATGGGCTTTGGGGCCCACTCCCGCATCCACACCGCCAAGATCCTCCAGCTCTCCGAGGACCTCCCCGTGGTGGTGGAGATCGTGGACACGGAGGAGAAGATCCGGGCCTTTCTCCCCGTGCTGGACGGGATGGTGCGGGAGGGGCTCGTCACCTTGGAGAAGGTGCGGGTCCTCCTCTACCGGAGCCGCTGATCCCCCAAAACGGCCTCCCCGGGAACGGGTATGACCTGGCCCGCTTTCCCCCTCGGGGTTTGGGGCTATCCTGAGGGTATGGACCCCCGCGTGCCCCCGGGCCAGTTCGTCACGGAGCGCTTCCCCATCCTCACCTACGGGGAGACCCCGAGGATCGCCAAGGAGGCGTGGCGCCTCGAGGTCACGGGACTCGTGGAAACGCCCCTCATCCTCACCTACGAGGACCTCCTCGCCCGGCCCCAGGTGGAGCTCACCCGGGACTTCCACTGCGTCACCCGCTGGAGCCGCCTGGACGTGACCTGGAAGGGGGTGCGGACGCGGGACCTCCTGGAAGAGGCCCGCCCCAGGCCCGAGGCCGTGGCCGCCTTGGTGGAGAGCTACGGGGGCTACACCACCAACCTCCTCCTGGAGGACCTCCTTAGGGAGGACGTGCTCCTCGCCCACACCCTCTTCGGCAAGCCCCTCCCCCCGGAAAGGGGAGGCCCCGTCCGCCTCCTCGTGCCCCACCTCTACGCCTGGAAGAGCGCCAAGTGGGTGCGCCGTATCGTGCTTTTGGACCACCTGGAGCTCGGCTTCTGGGAGCGGCTGGGCTACCACTGGCGGGGGGACCCCTGGAAGGAGGAGCGCTTCCAGGAGGGGCCGGTCCCCGCCCACCGGATCCGGTTTGCGGCGCGCAATAAACCTGAGCGTTAAAATGTTGGGGGGAGGTGAGGGCATGCGCCTGGAAGAGGCCCGGATCGCCGTGGACGAGGCCCTTTCCGCCTACCGCCGCTGCGTGGAGGCGGAGGTGGAGGAGTACGGCCCCGAGTACGAGCGGGTGACCTTCATGGAGTACGAGGCCCCGGCCCCCGACCCTTGCGCCGAGGCCTTCCTGCGCCTCGTGGAGGCGGTGCGGGCCTACGAGGCGGCGGGGGGAAGCCGGGAGGACCTGGACCTGGGCCGGGAGCGGAAACGGGTCTACGAGGCCCTGGACAAGGGGTAGGCCACGGGGCTTCCTTCCACGAAGTAGTAGGCTTCCCGAAAACCGAGCCCGGCGAGGAGGGCTTGGACCTCGGGGAAGGCGAAGCCCACCTCCTCCGGGCGGTGGGCGTCGGAACCGAGGACGAGCCCGATGCCGAGCTCCCGGGCCCTCCGGAGGA
NZ_AP024937.1_gap3	93179	96648	3469	GAGGGGCAGGCGGAGGTGGAGATCCACAACTCCCCCCTCTCCGAGGCCGGGGTCTTGGGGTTTGAGTACGGCTACAGCCTGGACTACCCGGAGGGCCTCGTCCTCTGGGAAGCCCAGTTCGGGGACTTCGTCAACGTGGCCCAGGTCTACATTGACCAGTTCCTGGCGAGCGCCGAGGTCAAGTGGAACCGCCTCTCGGGCCTCGTCCTCCTCCTGCCCCACGGGCTGGAAGGCCAAGGCCCCGAGCACTCCTCGGCGAGGCTGGAGCGCTTCTTGCAGCTCGCCGCCAAAGACAACCTCCAGGTGGCCTACCCCACCACCCCCGCCCAGTTCTTCCACCTCCTCCGCCGCCAGGTGAAGCGGAAGATCCGCAAGCCCCTGGTCGTCATGACCCCCAAAAGCCTCCTCCGCCACCCCGAGGTGGTCTCCGCCCTGGAGGAGCTCGCGGAAGGGCGCTTCCAGAAGGTGATCCCCGAAAGGGTCAAGGGGGCGCGGAAGGTCCTCCTTACCTCGGGCAAGGTCTACTACGACCTCCTGCAGAAGCGCAAGGAGCTTCAGGCGGAGGACGTGGCCATCCTGAGGCTGGAGCTCCTCTACCCCTTCCCCGAGGCCGAGCTTCAGGAGGCCCTCGGCGCCTACCCCAAGAAGGTGCCCGTGGTCTTTGTGCAGGAGGAGCCGGTGAACCAGGGAGCCTGGTGGTACCTTTCCGCCCGCTTCTGTGGCGAGATCTACGGCCACCCCTTCTCCGTGGTGGCCCGGCCCGAGTCCCCGAGCCCCGCCGTGGGTTCCTCCAAGGTCCACAAGCTGGAGCAGGAGGAGCTTCTGGAGGAAGCGTTCAAGTAAGGAGGTAGCCGTGCAGGAACTCAAGGTGCCCTCCGTGGGCGAAAGCATCGTGGAAGTGGAGATCGGCGCTTGGCTTAAGGGAGAAGGGGAGAGCTTCGCCCAGGACGAGCCCTTGGTGGAGCTCATCACCGACAAGGCCACCCTGGAGCTCCCCGCCCCCTTCGCCGGGACCCTGAAGCAGATCCTGAAGAAGACCGGGGAGACCGCCCGGGTGGGGGAGGCCATCGCCCTCCTGGAGGAGGGGAGGGCGGAGGCCGCGCCCAAGGCCCAGGCGCCCGCCGAGGCCCCCAAGGAGCCCTCCCCGGAGCCTTTGGCCATGCCCGCCGCGGAGCGCCTCATGCAGGAAAAGGGCGTCTCCCCGGCAGAGGTCCAGGGGACGGGCCTCGGCGGGCGGATCCTCAAGGAGGACGTGATGCGCCACCTGGAGGAAAGGACCCCCGCCAAGCCCCAGGAGGCCCCGCCTCCTCCCCCCTCCCGCCCCGTGCCCCCGCCCTCCACCCCCACGCAGCCCCCCGCCGACAAGCCCTGGCGGGTGAGCGAGGCCGTGCCCATGACGCCCTTGCGCCGCCGGATCGCCGAGCGCCTCCTCATGGTCCGCCAGACCACGGCCATGCTCACCACCTTCAACGAGGCGGACATGTCGGCGGTGATCGCCCTCAGGAAGGAGTTCGGCGAGGCCTTCCAGAAGAAGTACGGGGTCAAGCTGGGCTTCATGAGCTTCTTCGTCAAGGCCGTGGTCCAGGCCCTCAAGGAGATCCCCGAGCTCAACGCCGAGATCCGGGACAACCACATTGTCTACCACCGCTACTACGACATCGGTATCGCCGTGGGCGGGGGCGAGGGCCTGGTGGTCCCCGTGATCCGCGACGCCGACCGCCTCTCCTTCGCCGAGATTGAGCGCCAGATCGCCGATTTTGCCGAAAGGGCCCGCACCAAGAAGCTCAAGCCCGAGGAGCTCATGGGGGGCACCTTCACCATCACCAACGGGGGGATCTACGGCTCCCTGAACTCCACCCCCCTCCTCAACCCGCCCCAGGTGGGGATCCTGGGCATGCACGCCATCCAGGAGCGCCCCGTGGTCCGGGACGGCCAGGTGGTCATAAGGCCCATGATGTACCTCGCCCTCTCCTACGACCACCGCATCGTGGACGGGCGGGAGGCGGTCACCTTCCTCCGCCGGGTGAAGGAGCTCATTGAGAACCCGGCGCGGCTCCTTTTGGAGGTGTAGCGTGTACGACCTCCTGGTGATCGGCGCCGGGCCCGGGGGGTACGTGGCCGCCATCCGGGCGGCCCAGCTCGGGATGAAGGTGGGGGTGGTGGAGAAGGAGAAGGCCCTAGGGGGGACCTGCCTCAGGGTGGGGTGCATCCCCTCCAAGGCCCTCCTGGAGACCACCGAACGCATCTACGAGGCGAAGAAGGGCCTCCTCGGGGCCAAGGTGAAGGGGGTGGAGCTGGATCTTCCCGCCCTCATGGCCCACAAGGACAAGGTGGTCCAGGCCAACACCCAAGGGGTGGAGTTCCTCTTCAAGAAGAACGGCATCGCCCGCCACCAGGGCACGGCCCGCTTCCTTTCCGAGCGCAAGGTTTTGGTGGAGGAGACGGGGGAGGAGCTGGAGGCCCGCTACATCCTCATCGCCACGGGAAGCGCCCCCCTCATCCCCCCGTGGGCCCAGGTGGACTACGAGCGGGTGGTGACCTCCACCGAGGCCCTTTCCTTCCCCGAGGTGCCGAAGAGGCTCATCGTGGTGGGGGGCGGGGTGATCGGGCTGGAGCTCGGGGTGGTCTGGCACCGCCTGGGGGCGGAGGTCATCGTCCTGGAGTACATGGACCGCATCCTCCCCACCATGGACGCCGAGGTTTCCCGGGCGGCGGAGAGGGTCTTCAAGAAGCAGGGCCTCACGATCCGCACCGGGGTGCGGGTCACCGCCGTGGTGCCTGAGGCCAAGGGGGCCCGGGTGGAGCTTGAGGGGGGCGAGGTCTTGGAGGCGGATCGGGTCCTCGTGGCCGTGGGCCGGAGGCCCTACACCGAGGGGCTTTCCCTGGAGAACGCCGGGCTTTCCACGGACGAGCGAGGGCGGATCCCCGTGGACGAGCACCTGAGGACCCGCGTTCCCCACATCTACGCCATCGGGGACGTGGTGCGGGGTCCCATGCTCGCCCACAAGGCGAGCGAGGAAGGGATCGCCGCCGTGGAGCATATGGCGCGGGGCTTCGGCCACGTGGACTACCAGGCCATCCCCAGCGTGGTCTACACCCACCCCGAGATCGCCGCCGTGGGCTACACCGAGGAAGAGCTGAAGGCGCAGGGCATCCCCTACAAGGTGGGGAAGTTCCCCTACTCCGCCTCGGGCCGTGCCCGGGCCATGGGGGAGACGGAGGGGTTTATTAAGGTCCTCGCCCACGCCAAGACGGACCGGATCCTCGGGGTCCACGGGATCGGGGCCCGGGTGGGGGACGTCCTGGCCGAGGCCGCCTTGGCCCTCTTCTTCAAGGCAAGCGCCGAGGACTTGGGCCGCGCCCCCCACGCCCACCCCTCCCTCTCCGAGATCCTCAAGGAGGCGGCGCTGGCGGCGTGGGAGCGGCCGATTCACCTGTAGGAGCCTTTAGCGCCAGGCTGAGGCGGTAA
NZ_AP024937.1_gap4	148738	152212	3474	GAGGTGGGCAGTGGGCCAATAGGGCAGGTCAGGAGCGCTTTTCTGGCGGCTTCTTTCTGCGTTTCTGATCTTCGGATATACTGAAAACATGAAGGCGCTTACCTCCCTCTCCAAACGGGGCCAGATCACCCTCCCCGCGGAGGTACGCCGGGCCTTGGGCTTGAAGCCGGGGGACACCTTGGTGGTCCGGGTGGAAGCGGGCCGGGTCGTCTTGGAGCCTGCGGTGGTGTTGCCCGTGGAGCTCTACACGGAGGAGCGCATCCGGGAGTTCGCCGAAAACGCCCAGGCCACCCCGGAGGAGCTGGATGCCTTCCGCCGGGCCTGGGGCCTCTGAGTTGGTCTTTTTGGACGCCAACGTCCTCTTCTCGGCCAGCCTCGGGGGGGAGGTGTTTGAGGCGATCTGGCTGGGGGCCAGGAAGGGAAGGTACCGGCTGGCCACAAGCCCCTACTGCCTGCTGGAGGCCCGGGAAAACCTCGCGCGCAAACGACCCCAAGCCCTTAGAGGGCTGGAGGACCGGCTCAAGGTAGTGCGCTTGGTGCCGGAAGCCAATGGGGAAGCTTGGATGGAGGGCCTGGTGCCCGAAAAAGACCTTCCCGTCCTCGCCGCCGCCGTGGCCGCAGGGGCTTCTGTTCTCCTCACCGGGGATACCCGTCACTTCGGTCCCTTGATGGCCCGCCAAGATCTCCCCCTAAGGGTCCTCACCCCCGGCGACTTCATCCGGAGCTTCCGCCCTTCGGGTTAAATGCGCTGGACGGGGAAAAGACCCCAAGTTCTCTCCTCCGGTCCGCTGGGTCGGCCCTATACCCCGCCTTAGATTCGCCGGAAAACCAGATTGGGGGCCCCTTCTCCCAGGGGGAAGGGGAAGGGTTGACCTTTGGGGGACGTTCCCCCAAGGTGTTCTGTATGAAGAACGATCTGTTCTACGAAGTGGGGCAAAACCTCCGCCGGTTGCGCCAGGCCAAGGGGCTGACCCTGTTTGGCTTGGCGGCCAAAGCCGGGGTGGCGAAATCGCTTCTTCACGCCTTGGAAGCGGGACACGCCAACCCCACCTTGGCCACCCTTTGGGCCTTGGCCCAGGCCCTGGAGGTGCCCTTTGGTGAGTTGGTCCAAGCCCGCCCTGTAGGCGATGAGGGCGTTACGGTTCAACTGAATTGAACAAACCCGAGGGCGGTCGGGTGAGCCGTTGGAGGTGTACCGCATGGACCTCTCCCCTCGTTCTGTGCGTTGGGCGGAGGCACACGAGCGGGGGCTTCGTGAGCGGGTCATCGGCCTAAGGGGGAAGGCCAGGATGGGACCGCCTCCAGGCAGGGAGGTGGGGCCGGGGGAAGAGGTGGAGTTCGCTGGGGATGAACCCCATGTGTACGCTAGCGAGGAGGGGGCGAGCCTCCTGGTTTTCCTGCACTACCCACTGCCTCCCCGGCCGCAAGGGGAGGCCGGTAGCCCGGAGAAAGCCTCCTTGGCCCTGCGGGAGGTGAGCCTAGGGGTGGGGGGACTGGCCTTGGAAGGCCGCTGGCTTGCGCCGGGGTTCCAGGAAGGGGTTTTTGTTCGTTGGGGCGCAAACCGCACCTACCTCTTTAGCCTCCCTTTGGTCCCCTTACCCCGCCTCGAGGCCCAGGGGCTTTTGGGCGAGGCCTTGGCCCTCCTCCATGCCCCTACAGAAGATCTGAGGTTTCATGGGCAAAGCCCCAGCCTCCTCCTACGCACCCTGGCTTGGGAGGGGTTGCTCCTTAAGGGGGAAGTGGCCGACCCGGCCTCTCTTCTCGTCCAAACCGCGCGGCCTCCTGTGGGCTCTTCAAAGGAAGAGAATGGGGAAAGTCGTATCTCGGTGGACCTCTACGCCCGGGTGGAACTCCTCCATCCCGGCTACGCCAGGCAGCCCCTTTTTCTGGCCTATGGGTTGCAGGCCGTGGGCCTGGAGAGGGGAAGGTTTTTGGACGTGGGCACGGGGCCTGGGCATCACCTTCTCCTGCTCTTGGAGCTGTTGCCCCATTTGGAGCCGGTGGCGGTGGAACCCAGTCCGGCCTCGAGGCAAGCCCTGGCCCAGTTGGTCCCGGGTGTGGAGGTATTGCCTGAGGATTTCACCCTTTTGGATTCGGAGGAAACCTTTCCCTTGATCGTCTGCGTGGGGGCCAGCCACCACATGTCCACGTGGCGCTTCTTAGAGAAGGCTTACCGGCTTCTGCGCCCTGGGGGCCTTTTGGCGGTGGCGGACGAGTTTTTGCGTCCCTTCACCACCCGAGAGGAGCGGGCCCGGAACCTGGTGCTTCACCACACGGCCTACCTGCTCCCCTTTCCCTTGGAGGAAACGGAGGCCCTTTGGGCTTTACGCCTGCTAGCCTTGCAAGGAGAGTCCCGAGGCCTTAGGGCCTTGGCCGAGGAGGCTCTGCAAGACCTTGAAACGCGTTCCGATGCCTTCGCCGCCTTTGCGCGGCTGGAGCTCCAGGCCCTTCTGGCCGGGCTGGACTACGAGGTGGAGACCAAGACCTATCCCCGCCGTTTTTTGGAGCTGGCCTTTGCCGTGGGCTTTGAGCTGGAGCACCACCACCGTTTGTTTGCCGCCCATGGCCGCGGTTCTTGGGACGGGGGCACCCACCTCTTCCTCCTGAGGAGGCCCAAATGAAGCGGGGGCTACGGGCAGCTTGGCCCATCGCCTTGGGGTATTTCCCCGTGGCCGTGGCCTTCGGCGCTTTGGGGGCGCAGGCGGGGCTCAGCCCCCTTTGGGTCCAGCTCACCTCCCTCCTGGTCTTCGCCGGGGCCAGCCAGTTCGCCCTGGTGGGGCTTTTGGCCCAGGGGGTCCCGCCCTTGTTGGCGGCCCTTTTGGGGCTTCTCCTCAACCTGCGCCACGCCTTCTACGGCCCCGCCCTGAGGCCTTACCTGAGGGGAGGTCCCCTGGAAGCCTTCTTCCTCACCGATGAGGTCTTCGCCTTGGCCTCGAGGGCCCTTCCCACCCTTCCCCCAGGGGAAAGGCGGGGCTACTTCCTGGGCTTGGGCCTCGGGGCCTACCTCTCCTGGAACCTGGGCACCGCCCTCGGGGTTTTGGGGGCCCAGGGGCTCTTGGCCTTTCCGGGTTTGGGGGAGGCCCTTTCCTTCGCCCTTCCCGCCCTTTTCTTCCTCCTGGCCCTGCCCCACCTGAAGAACCCCGTGGCCCTGCTGGCGGGCGGGGTGGCCCTGGGCTTTCACCTCCTGGGCCAGACGGCCTGGGGCCTCTTCCTGGCAGGGATCACCGGGCTCCTTGGAGAGGGATTTGGCGAAAGGAGGCGTCCATGACCTTGGCCCTTCTCCTTCTGGCCCTGGGCACCTTTCTCCTCCGGTTCCTGCCTTGGCGGGCGGAAAAAGGCCTAAGAGCGGGCCAGGCGGGGCCCGCCTTGGTGGTGGCCCTTTTCCTGGTTTCCGCCTTCGGCCCGCCCCCTTCCTCCGAGTGGCTCCGCGCCCTCTTAGCCCTTCTCGGCACCTACATGGGGGCGCGCCTCACG
NZ_AP024937.1_gap5	155420	158059	2639	GCGCGGGCCACAAACCCCCCCTCTTCCGCCTCTTCCACCAAGAAGATGATTTCCCTCATATTCAGTAGTCTAGCGCCCGCTTGGCGGCGTTCAGGATCCGGGTGACGGTGGGCAGATAGAGCTTGTCCTGGGCGTAGGGGTAGGGGGTGTCAAACCCCGTGACCCGGATGGGCGGGGCGAGGAGCATGTCCAGGAGGTCCTCGGCGATGGTGGCGGCCACCTCGCTCACGAAGCTTGCGTGCCTGGGGGCGTCGGAGACCAGGACCACCCTCCCCGTCTTGGCCACGGAGTTCATCACCGCCTCGTAGTCCCAGGGCATGAGGGTGCGAAGGTCCAGCACCTCGGCGGAAACCCCCGCCTTTTCCAGCTCTTCCGCCGCCTGCAGCACCTCGGGCATCACGGTGCCGTAGCCGATGAGGGTGAGGTCCTTCCCCTCGCGCCTTAGGGCCGCTTTCCCGATGGGGAGGGTGTAGTCCTCCTCGGGCACCTCCTCCTTCACCGAGCGGTAGAGCCTCTTGGGCTCCAGGAAGACCACGGGGTCCTCGTCGCGGATGGCGGCCTTGAGGAGGCCCTTGGCGTCGTAGGGGGTGGAGACGGCCACCACCTTGAGCCCGGCGGTGTGGACGAAGTGGGCCTCGGGGCTTTGAGAGTGGTGGTGTCCGCCCCTCACCCCGCCCCCTGAGGGCATCCGCACCACCAAGGGCGCGGTGAACTGGCCCCCCGAGCGGTAGCGGAGCTTGGCCACTTGGCTCACAAGCTGATCAAAGCCCGGGAAGATGTAGTCGGCGAACTGGATCTCGGCCACGGGCCTCAGGCCGTGGGCGGCCATGCCCAAAGCGGCCCCCACGATGGCCGCCTCGGAGAGGGGGGTGTCCATGACCCGGTCGGGGCCGTACTTCTGGAGAAGCCCCTCGGTCACCAGGAAGACCCCGCCCCTTTTCCCCACGTCCTCCCCCAGGACCACCACCCGGGGGTCTTTGGCCATCTCCTCGTCCAGGGCCCGGTTCAGGGCCTGCACCATGGTCATGAGGGCCATACCCACCCCCTAGAGCTCCTCCTTGAGGAGGGCCTCCTGGCGCAAGAGGTGCCAGGGCTTCTCGGCGAAGACGTCCTCAAACATCCACTCGGGGGGCACGGGGCCCGCTTCTTCCGCCTCCTTGAGGCCCCGTTCCAGCTCGGCCCGGATCTCCTCCCGCACGTCCTCCTCCCACTCCTCGTTCCAGAGGCCCCTGGCCTCGAGGAAGCGCCGGAAGCGGGGGATGGGGTCCTTCTTCCGCCAGAAGGCCACCTCCTCCTTGGGCCGGTAGCGGCTGTCGTCGTCGGCGGAGGAGTGGGGCCCGTAGCGGTAGACCCTGAGCTCCACGAGGCTCGGGCCCTCCCCCCTTCTCGCCCGCTCCACTGCCTCCTTGACCACGTAGTAGCTCGCCAGCACGTCCATCCCGTCCACCAGGTAGCCGGGAATGCCGAAGGCGTGGGCCTTCTCGGCGATGGTGGGGCTGTGGGTCTGGTGGCGGTAGTCCACGCTGATGGCGTAGAAGTTGTTCTCGGCGATGAAGACCGCCGGCGCCCCCTGCACGGCGGCGAAGTTGATCCCGGCGTACCAGTCCCCCTCGCTCGTGGCCCCGTCCCCGAAGGTGCAGACCGCCACCTGGCCCGTGCGCAGGAGCTTCATGCTGATGGCGGCGCCCGCGGCGGGGGGGACGTGGGAGGCGATGGGGCTCGCCACGGTGAAGAAGTTGAGGGCCTTGGAGCCGGGGTGCTCGGGCATCTGGCGGCCCTTGTTGGGGTCGGCCTTGGTGGCGAGCATCTGGCCGAAGAGCTCCTTGAGGGGAATCCCTAGGGCCAGGGCCAGGCCGTGGTCGCGGTAGTAGGGGAAGACCCAGTCAAAGCCCGGCCGGATGGCGTGGGCGATGGCCACCTGGGCGGCCTCGTGCCCCGCGGCGGGGGCGATGAAGCTGGTCTTGCCCGTGCGGATGAGGATGGTGTAGCGTTCGTCCAGCATCCGGGCCGCCAGCATGTCCCGGTAGAGCCTCCTTAGCTTCTCCCCCTCGAGGTCCAAGGGGAAGTCCCCAAGCCACTCCCCTTCCTCCCCGATGAGCCTTATGGGCTCCTCGGTGAAGGGCTCAAACCGATGGGTCTCCTTGACCATGACACCCTCCTTCTTGGCGCTTGTGGCGCCGGGAAGCCCGCCCTGGGTAAGGGCCTCGGGCCTCCTTTTCGGGGGTGGGGCTGGATCCCACTTTCCCTTCCCCCTGAGTATACAGGGTTAGGATCAGGGGGTGCGGCTTCGGGTGGTGGCCGTGGGAAGGCCCCGGCTGGCCTACGCCCGGCTCGGGGTGGAGGAGTACGCGAGGCGCATGCGGCGGTACGCGCCTTTGGACCTGGTCTTCGTCCGGAAAGGGGAGGAGCTCCTCCCCAAGGCGGAGGGCCACCGGAAGGTGGTCCTGGACGAGCGGGGGAGGCTCTTGACCACCGAGGAGCTCTACCGGAGGCTCCTCGCCTGGGAGGGGGAGCGGGTGGCCTTCCTCGTGGGCGGGGCCGAGGGGCACCCGGAGGCGGTGCGGGAGGAGGCCGACCTCCTCCTTTCCCTCTCCCCCCTCACCCTGCAGCACGAGCTCGCCCTCCTCGTCCTCATGGAG
NZ_AP024937.1_gap6	183304	185461	2157	CGGAAGAGGACGTGGGCCAGGGCGTAGGCGAGGGCGGCGTCCGTGCCGGGGCGGAGCTTGAGGTGGAGGTCGGCGAAGCGGGAGGTGAGGTTTTCGTAGGGGTCTATGTGGACCACCTTGGCCCCCCGCCTTTTCGCCTCCTTGAGGAAGGGGGTGAGGTGGCTATTCGTGGAGAGGCTATTGATCCCCCAAAGGAGGATATAGCGGGCGTTTTCGGGGATGTCCTCGGGGTCGGGGCTGAGGCGGGGGCCGTAGGTCATCTCCCAGGCGGCGCTCCCCGCCGTGGCGCAGATGGTCTCCAAGAGCTCCGAGGCCCCGATGGCCCGGAAGAAGGCCAGGGGGTGCTGGTTCTCCACAAGGCCCATGGTCCCGGCGTAGTGGTAGGGGAGGACGGCCTCGCCCCCCTCCCGGTCCAGGACCTCCATGAGGCGCTTGGCGATCCCGTCCAGGGCCTCCTCCCAGGAGACCCGCACGAACCTCCCCTCGCCCTTTCTCCCCACCCGGCGCAAGGGGTAAAGAAGCCTTTCCCTTACCCTCTCCGGGTAGCGGTAGGTCTTGGCGCAGGCGAAGCCTTGGGTGATGGGGTGGCGGGGGTCCCCTTCCACCCGGAGGAGGCGCCCTTCCTCCAGGGTGAGGAGGAGGCTGCAGGCGTCGGGGCAGTCCAGGGGACAGGTGGCGCGGGCCCTCATGCCCTTAGAGTAGCCCAAGGGCCTCGAGGGCGCCGCACCGTTCTTCGTAAGGGTCCGGCAGAAGCCCCAGGGGGACGTCCAGCCGCAGGAGGCGGCCCTCCCGGTAGAGGGGCCAGCGGGGCCACCCCTTGGGCTCGCCGTCCTTGGCGAAGCCCGTCCAGTAGCGGCGCATGGCCCGGCCCAGGGCCTCCGCCTTCTCCCGGGCCTCCTCCCCGAGGAAGAGGGGGAGGAAGGGCATGGCCATGAGGTTCCCGAAGAGGGGGGCGAGGGCTCCTCCCAGGAGGGCGAGGAAGGGCAGGAGGCGCCGGAGCATGCCCTAAGCGTATAAGATGGCCCCATGGCCGAAGGGCCCTTGGAAGCCCCCTTTTGGCGAAAAGGCCTCCTCGTGGCCGGTCTGGACGAGGCGGGGAGGGGGGCCTGGGCGGGGCCCATCGTGGTGGGGGCGGTGGTCCTGCCCCCGGGGGAGTACCCCTTCCGGGACTCCAAGCTCCTCTCCCCAAAGGCGAGGGAGCGCCTGACGGAGAAGGTCAAGGAGGTGGCCCTGGCCTTTGCCCTGGGGGTGGCGGAGGCGGCGGAGGTGGACCGGCTTGGGGTCCTCAAGGCCACCCTCCTCGCGGCGGAGAGGGCCCTCCTCTCCCTCCCCCTCGCCCCGGAGGCCCTCGTCACCGACTACCTCCCCCTTCCCACCCCCCTTCCCCTCCTCTCCCCGCCCAAGGCGGACGAGAAAAGCCCCACGGTGGCCGCGGCGAGCATCCTGGCCAAGGTCCACCGGGACCGGATCATGGACGAGCTGGACCGCCTCTACCCGGGCTACGGCTTCGCCCGGCACAAGGGCTACGGCACCCAGGAGCACCAGGAGGCCCTCCTCGCCTTAGGGCCTAGCCCCGTCCACCGGAAGCGCTTCGCCCCCGTGGCCCAGGCGGCCTTAAGGTTTCCTGAAGCTCCTTAGGCCCTTTTGGGCCTAAACTTAGGGGAAGAGGTGAGCGGTATGCGGGTTTTCCTTCTGGCCCTTGCGGCCTTCCTTTCCGCCTGCACCCTGACCCTTTACCCGGAGGGCCTTTCCGTGACCTACCGGGTGGACTTCGGCGGGGCGATCCTGCGCTTTGAGCCCGACCGGGGGCGGGGGGCCACCTACTTCGTGGGGGAGGAGGTGCGCTTCTTCCTCACCCTGGACCGCCCGGGCTGGGTGAGCCTGGTGGTGCAGGACCCGGACGGCTACACCTACGAGCTGGACCGCTTCCACCTTTCTCGGGGCACCCACGTCCTGCCTCCCGGGCCCTACCGCTACACCCTTACCCCGCCTCGCGGCCTCCACCGGGTGCGGGCGGTCTACACCCAAAGCCCCCCCTCAGGCCGGGTCCGCCTCGAGGGCCGCTACACCGACTGGGACGCGAGGCTCCGCCTCTACGTGGAGGCCTCGGGGGCGAGGGCCTACGACGTGGCCGAGACCTACTTTTACGTCCGCTAG
NZ_AP024937.1_gap7	297595	300688	3093	TTGAAGTGCTTCAACGAGCCCTTCACCGGCCACACCGCCGCGTCCGCCAAGGGGCAGAAGCTCCGCCCCTCAATGAGGGGGAGGAGGGCTTCCAGGTTCTCCACGTCCTTCTCCTCCCCTTGGCCGGTGCCGATCTTGGCGAAGAGGTTCACCATGAACCCCGCCACGCCCTCGCGGCAGGGGGTGCACTTGCCGCAGGACTCGTGGGCGTAGAAGCGGGTGAGGTTCCACATGGCGTCCACCATGCTCACCCGCTCGGGGATGAGGATCACGCCCCCCGTTCCCAGCATGGAGCCCTTGGCCTGGAGGTGCTCGTAGCTCATGGGGGTGTCCAGGACCTCCTCGGTGAAGGGCAAAGGCGGGGTGGAGGACCCCCCGGGGATGATGGCCTGGATGGGCTCCAGGGGCCCGCCCGCCCACTCGTAGATGAGCTCGCGGAACGTGGTGCCCATGGGGAGCTCGTACACCCCGGGGCGCTTCACGGGCCCGGAGATCTGGTAGAGCTTCATCCCCTTGGACTGCTCCGTGCCCATCTGGGCGAACCAGTCGGCGCCCCGTTCCATGATGGGCACCACGGAGGCCAGGGTCTCCACGTTGTTGATGGTGGTGGGCTTGCCCCAAAGGCCCGACTGGGCGGGGAAGGGGGGCTTCAAGCGGGGGTTCGCCCTGAGGCCCTCCAGGGAGTTCATGAGGGCCGTTTCCTCGCCGCAGATGTAGGCCCCGGCCCCCCGGTGGACGTGGAGGTCAAAGGAGAAGTCCGTGCCGAAGAGGTTCTTCCCCAGGTAGCCCCGGGCCCGGGCCTCCTTGATGGCGGCCTCCAGCCGGTCCGCCGCCCTGCGGTACTCCCCGCGGACGTAGATGTAGCCCACCGTGGCCCGGATGGCGTACCCGGCGAGGATCATCCCCTCAATGAGGAGGTGGGGAACGTCCTCCAGGATGTAGCGGTCCTTGAAGCTCCCGGGCTCGGACTCGTCGGCGTTGCAGATGAGGTAGTGCTGCTTCCCGTCGTCCTTGGGCATGAAGCTCCACTTGAGCCCCGTGGGGAAGCCCGCCCCGCCCCGGCCCCTAAGCCCGGAGCGCTTCACCTCCTCTATGACCTCGTCCGGGGTCTTCTCCTTGAGCACCCGCTTCGCCGTCTCGTATCCCCCGTGCCGGAGGTAGTAGTCCAGGGTCCAGGACCCCTCTTTCCCCACGTGGGCGTAGAGGGTCCTTTCAAACCTGGGGTCCAGTCCGGAAACGATGGGGCCCGTCATACCTCCACCTCGTGCACGTGGTGGCCGCACTTGCCGGGAAGCTCAATCTCCTCAAGCCGCTTCCCCGCCCTAAGGCCTGCGAGAAGGGCCTCGAGCCTCGCCCGGGTCACGCACTCCACGTAGGGCTCGTCGTTTACCTGGATCACGGGGGCGGTGTGGCAGCTTCCCAGGCACTCCACCTTCTGCACGCTGAAAAGCCCGTCCGGGGTCACCTCCCCCGGGCCGATGCCCAGGGTCTCGGTGAGGTAGTCCCAAAGCTCCTCGGCCCCGGCGAGCTTGCAGGAGAGGGTGGCGCAGACCTGGAGGTGGTACTTCCCCGTGGGCACGAACTGGTAGTAGGAGTAGAAGCTCGCCACCCCCATGACCTCCGTGGGGGTGGTGCCCACGAGGCGGGCGATCTCCTCTATGCGCTCGGGCCGGATCCAGCCCTCCTCCTGCTGTACCCGCCTAAGGAGGGGCATGATGGCGGCGCGGCGCCCTTCCGGCGGGTACTTGGCGAAGGTCTCCTCCAGAAAGTCCTGCTTGTCGTCAAAGAACCCCATCTTCCCTCCCTTAGCGGTCCACGTCCCCCATCACGGGGTCCAGGCTTGCGATGATGGCCACCATGTCGGGGACCTGCTCCCCCTTGCAGGCGTAGGGGAGGCTTTGCAGGTTGACGAAGCTCGGCGCCCGCACCTTGACCCGGTAGGGCATGGAGCCGCCGTCGGAGACGATGTAGTAGCCAAGTTCCCCCCGGGCCGACTCCGTGGGCACGTAGACCTCCCCCTTGGGGGGGTGGAAGCCCTCGGTGTAGTGCTTGAAGTGGTAGATGACCGCCTCCATGGAGGTCTCCAGGAGGTGGCGGGGGGGCGGGGTGATCTGGGGGTTTGGGTCGCGGACGGGGCCCGGTTCTAAGCGCTCCAGGGCCTGCTTGATGATCTTGACCGACTCCCGCATCTCCCGGATGCGGACGAGCATCCGGTCAAACACGTCCCCCCTTTCCCCCAGGGGCACGTCAAAGGTGTAGGTCTCGTAGCCCGAGTAGGGGTAGGCCTTGCGCACGTCGTAGTTCACCCCGCTCGCCCTTAGAGACCCCCCGGTGAGGCCGAGGTCAATGGCCACCTCGGGCGGGATCACCCCCACGCCCCGGGCCCTTTCGTAGAAGATGGGGCTTTCGGCGAAGAGAGCCTCGTACTCGTCTATGCGGTGGGGGAGGACCTCGAGGAGCTTCTTGAGCTCGGGGACGAACTCCTCCGGCAGGTCCTCCTTCACCCCGCCGATGCGGATGTAGTTGTGGTGGAAGCGCTGGCCCGTGACCCACTCAAAGAGGTCCAGGATGGTCTCGCGCTCGCGGAAGGCGTAGAAGAAGGGGGTGAGGGCCCCGAGGTCCAAAAGCCCCGTCCCCAGGAAGACCAGGTGGCTCGCCAGGCGGGAGAGCTCGTTGAGGATGACCCTTATGGTCTCCGCCCTAGGCGGCACCACGGCCCCCACCAGCTTCTCCACCGCCAGGGCGTAGGCCAGGTCGTGGGCGAAGGAGTGGAGGTAGTCCATCCGGGGCGTGTAGGTGATGTTCTGGAGGTAGGTGCGGTACTCCATGGTCTTCTCAAAGCCCGTGTGGAGGTAGCCGATGTGGGGCACCACCTCCAGGACCTCCTCCCCGGAGAGGGTCACCATGAGGCGGAGCACCCCGTGGGTGGAGGGGTGCTGGGGGCCCACGTTCAGGGTCATCACCTCGGTGCGGAGCTCCTTGGCCTCCTCCGGGGGGGCGTCTAGGGGGATCTCCTCCAGGAACTCTTCCCTCATCCTTTAACCTCCCGGGCCTTCTTCAGGTCGGCCCAAAGGGACCTGTAGCCCTTGCGGC
NZ_AP024937.1_gap8	377502	379855	2353	TCGAGGACCCCCTCTTCTGGCGCGCCTTGGGCAACACCTTCTGGTACGTGGTCTTCACCGTGCCCACCGGGCTTCTCCTCGCCACCTTCGTGGCCATCCTCCTCAACACCCAGGTGGCCTTCCTCGGGCTGTACCGGACCCTCTTCTTCCTTCCCTACATCACCGCCCTGACCGCCGCGGCGGCCGTGTGGCGCTGGATCTACCACCCCGAGTTCGGCTTCCTCAACTGGCTCCTCCACACCCCGGGCCTGGACTGGCTGAACACCCCCACCGGGGTCTTCGCCCTGCTTCTGCGCCCCTTGGGGGTGGAGCTTCAGGGCTTCCTCGCGGGGCCCAGCCTGGCCTTCGTGGCCGTCATGGCCATGAGCGTGTGGCACTTCCTGGGCTACCAGGTGGTGATCCTCCTGGCGGGGCTTCAGGCCATCCCCAAGGAGTACTACGAGGCCGCCGAGCTGGACGGGGCGAGCTTCTTCCAGAAGCACCGCCTCATCACCTGGCCCCTCCTTTCCCCCACCACCTTCTTCCTTTTCACCCTGGGGCTCATCGGCGCCTTCCAGGTCTTCACCCAGGTCTACGTCCTCACCCCCACGGGCGGGGTGCTGCAGGACACCCTGACCCTGGCCTTCTACCTCTACAACAAGGGCTTCCGCGACTCGGACTTCTCCTACGCCAGCGCCATCGCCATGGTGACCTTCCTGGTGATCCTGGTCCTGACCCTGGTGCAGCGGCGGCTTTTGGAAAAGCGGGTGAACTATGAGATCTAGGGCGGCCCGTCTTCTCGTCCACCTCCTCCTCCTCACGGGGGGAGGGGTGATGGCCTTCCCCTTCTACTGGATGCTGGCCACGAGCTTCAAAAGCCCCCAGGAGGCCCTCCAGGCCGAGCCCGTCTGGGTTCCCGAGCGGATGAAGCCGGCGAACTGGCTCAAGGCGGCGAGGCTGGGGGATAGCCCCCTCTTTGGGGGGCTTGGCCCCGGGCGGAGCGTGGCCCTCTTCTTCCCGGGGCCCGAGGCGCTGCCCCCGAGGGCCCTCGTGCCCCGCTCCCCGGGGGCCTTCTTTGACCCCGTGGCCGACGGGACGAGGGTGGAGGTGGTCCGGGGGGAAGGGGGGTGGTGGGTCCGCCTCACCAACATGGGGGAGGCCGGCTTCCGCCGGGTCCCCCTGGTGGTCCTCTGGCCCAAGGGGGTGCCCTTGGAGCCCCCCCTGCCCCCGGACGCCCGCCGCTCCCAGGGGGAGTACTGGCGGCTGGAGTGGGTGAACGCGGTGCCCGGGGCCTTGGGGTACGTGTTCCACAACTACCTCGAGGCCTGGAACGCCGCTCCCTGGGGCCGGTACTTCTTCGTGAGCTTCTTCACCGCCTCCGTCCAGGTGGCGGTGGGCCTCTTCCTCGCCGCCCTGGCCGCCTTCGCCCTGGCCCGGATCCCCTTCCCGGGGAAGGAGGCCGTCTTCGTCCTTGTCCTGGCCACGATGATGGTCCCGGGGGAGGTTCTCCTCATCCCCAACTACGTCCTCCTCGCCCGGCTGGGCTGGCTGGACACCTTCTACGCCCTCATCGTCCCTTGGCTCGCCTCGGTCTTCGGCATCTTCCTCCTGCGGCAGTTCTACCTCTCCCTTCCCCAGGACCTCTTTGACGCCGCCCGCATTGACGGGGCGGGGTACCTGACCCAGCTTTTCCGCATCGCCCTGCCCTTGAGCGTCCCCGGCCTCGTCTCCTACGGCATCTTCACCTTCCTCGGGGCCTACAACGCCCTGCTTTGGCCCCTGATCGTCACCCAGAGCCCGGAGATGCGCACGGTGCAGCTCGGGCTGCTCGCCTTCGTCTCCGAGGCGGGCTCGGACTACGGGGCCTTGATGGCCGCGAGCGCCTTCGTCATCGCCCCTGTGGTCCTGGGCTACTTCGTGGCCCAGAGGCAGTTCATCCAGGGGATCGCCCGCACGGGGCTGAAGTGAGCTTGAACGTGCCCTGACGTGGGGCAGGGTATACTTTCCCCGGAGGTGTGAAGGTATGAAGAAGGCGCTTTTGCTGGTGGCGGCGCTGGGCGTGGCCTTTGCCCAGCAGGCCAAGCCGGAGGATGTGATCAAGGAGCAGTGCGCCAAGGCCAAGGTGGTGGCCGAGCTCTGGCACGGCTTCACCGGCGGGGCCCCTAAAGCGGCCTTAGAGAACCTGGTGGTGGAGTTCAACAAGGCCCAGCAGGGGCGGTGCGTCCGCCCCGTGCCCCAGGGGGGGTACCGGGACCTTTCCACCAAGATCAAGGCGGCCTTCGCCGCCGGGAAGGTGCCCACCATGGCCCAGGCCTTTGAGAACAACATCGCCCTCTACCTCGAGGCCAAGGCCCTTCTGCCCATAGAGTCCCTG
NZ_AP024937.1_gap9	381235	383835	2600	GGGCAAGGACCCCCTGGAGGTGGAGGCCCTCATCAAGGAGGCCCACGGGGGGAACACCCGCGTGGCCCAGATCGGCCTCGCCGGGGAGAACCGGGTCCTCACCGCCAACGTCATCCACGACCTGGCCCACTTCGCCGGAAGGGGGGGCTTGGGGGCGGTCATGGGGGCCAAAAGGCTCAAGGCGGTTTCCGCCCGGGCCCACAAGGAGACCCTTCCCGCCTACCACGACCCCGGCCTCCTCAAGGAGCTCGCCCGGCGCATGGCCAAGGAGCGCATGGAACGGGCGGCGGGCCTCGTCACCATGGGCACCGTGGGCACGGTGAAGCCCTTTAACCTCCGGGGGGTCCTCCCCAGCCACAACTTCCTGGATGGCTTTTTGGAGGGGGCCGAGGCCCTGGACGGGACCAGCCTGGACGCCCTCGGCATCCGCATCGGCCGGGACACCTGCTACGCCTGCGCCATCCGCTGCAAGCAGGTGGTGAAGATTGAGGGCACGGGCAAGTACGACGTCCGTCCCGAGTACGGGGGGCCGGAGTACGAGGGGCTTGGGGCCTTGGGCTCCACCTGCGGGGTCACCGACCCCTACGCCGTGACCAAGGCCAACACCCTCTGCAACCAGTACGGCCTGGACGTCATCGGGGTGGGGGTGACCATCGCCTGCGCCATGGAGGCGGTGGAGAAGGGCTATTTGGACGACGAGGGCCTGGGCCTGAGGTTCGGCAACGGGGATGCCCTCATCGCCGCCATAGAGAAGCTGGCGAGGAGGGAGGGGAGGCTTGGGGAGCTTCTTGCCCAAGGGGCGAAGCGCCTCGCCGAGAGCCTGGGCCACCCGGAGCTCGCCATGCACGTGAAGGGGCAGGAGGTGCCCATGCACGACCCCCGGTACAAGCGGGCCCTGGGGGTGGGCTACGCGGTGAGCCCCACGGGGGCGGACCACAACCACAACCTCCACGACACCGCCTTCGCCAAGGAGGGGAGGGCCCTGAAGGAGCTCCGCTTCTACGGGGAGGACTTCCAGCCCCTGCCCGTAGAGGACCTTTCCGAGGCCAAGATCCGGATGCTCTGGACCAAGACCCGGGAGCGGGGGTTCGTGAACAGTCTGGTGATGTGCGACTTCGTCCCCTGGACCCCGGAGGAGTGGCGGGAGGCCCTCTACGCCGCCACGGGCTGGCGGCTTTCCCCGGAGGAGATGCTGGAGGTGGGGGAGAGAACGCTCCAGCTCACCCGGCTTTTCAACCTGCGGGAGGGGATCTCCCCGGAGGAGGACCGGCTTCCCGAGCGCTTCTTCCAGCCCTTTCGCAAGGGGAACCCCGAGGCCCGCTTGGACCCCGAGGCCTTCCGGGAGGGGGTCAGGGCCTACCGGAGGCTTGCGGGCTGGGAAGGGGGCGTGGATCCCGAAAGGCTCAAGGCCTTGGGCCTAGAGGAGTTCCAGAACGCCCTGGCGTAGGAGAGCGGGGAGGGGGGGCTCCCCCACCCTGAGAAGGGCGTAGCGCCCCCGGAGGAGGGCGAGGAGGCGGAGGGCCTTGAGGTGGGCGGCTAGGGCCTCCTTGTAGGCCTCCGCTTCCTCCCGCCCCACGGGGAGGGTTTCCCCGGTTTCCACGTCCTTGAGGAGGGCCTCCGTGGGGGGCGGGTCCAGCTCCAGGGGGGAGAGGACCTGCACCAGGACCACCCGCCTGGGGAGGAGCCTGGGCCAGGGGAGGGGGTCAAGCCCGTCGGTGACGAGGACCAGCACCCCCTTCCCCGGGCGGAGTTCCTCGGGGCTTCCCCCCTCGAGGCGGGCCAAGGGGTCCTCCTGGCGGGCGATCTTGAGGAGGAGGGCCGCCACCTCCTGGGCGTAGGGGAGCTTCCCGTGGAGGCGCATGCTTGGGCTTTGGTCCAGGTAGATCCGGAAGCGGGCCCTCTCGGGGGCGGTCTCCAGCCGGGTGAAAAGCCTCCCCGTCTTGGCGTAGGCCCGCCAGTGGACCCTCCTCACCTCGTCCCCGGGGGCGTAGGGGCGGAGCTCGTAAAACTCCCCCCCAAGCCCCTTCCTCCGGGCGAGGCGCTCCCCGGGGTAGGGGAGGTAGGGCTTGGTGGCGATGCGGTAGCGGGCCAGGCCGATGGGGCCATTCTACTGCCTCTTTCCCTTCTCACCCTGCTTTCCGCTACCTTCGGTGCCGTGGACGCCTTCGCCGACTGGCTCTTCGTGACCCTCTGGGTCCTCGGGGTGCTCCTCACCCTCCTCCCCTTCGTCCCCGCCACCTTGGTGATCCTCTTCGGGGCCCTGGTGCACGAGCTTCTCGTGGGCTTCCGGGAGCTTTCCTTGGGGACGTGGCTTGGGCTTGGGGCTCTGGCCCTCCTCGCCATGCTTTTGGACAACGTGGCCGCCCTGGTGGGGGCCAGGCGCTACGGGGCGGGACGTGCGGGGCTTTGGGGGGCCTTTTTGGGGGGCGTTTTGGGGCTCTTCTTCGGGGTGGTGGGGGTCTTGGTCCTCCCTTTCCTCCTCGCTTGGCTCTTTGAGTACCTCTCGGGAAGGCGGCCGGAGGAGGCGCTGCGGGCGGCCTGGGGAACCCTGGTGGGGCTTATGGGCGGGGTGGTGGCCAAGGTCCTCGTCCACCTGGCCA
NZ_AP024937.1_gap10	442498	444161	1663	AGCCGGGTGGTGAACTTCGCCCAGGGGCAGTTCATCGCCATCGGGGCCTTTTTGGCCTACTGGGCCATGGTCGCCTTGGGGGCGCCCTTCCTTCTGGCCGCGGCCTTGGCCCTGGCCTTAACCGCCCTCTTGGGCTTTGGGGTGGAGCGGATCTTCCTGAAGCGCATGGTGGGGCAGCCCATCATCTCCGTCATCATGGCCACCATCGGCCTCGCCTCCCTCCTTGACGGCCTGATCCACCTTACCCCCTTCGGGGCGGGCAACTTCAGCTACCCCGCCTTCCTGCCCTCGGGCGGTGTCGCCCTCCTGGGGGCGCAGGTCTCCTACCCCCAGCTCCTCGCCCTGGGCTTCACCCTGGCCTTCCTCGCCCTCTTCACCTGGTTTTTCCAGCGCTCCACCCTGGGGATCGCCATGCGGAGCGTGGCCGACGATCAGATGGCGGCCATGAGCCTCGGGGTTTCGGTGGAGAAGGTCTTCGCCCTGGCCTGGGCGGCGGCGGGGCTCACGGCGGCGGCGGCCGGGATCGTGGTGGGCACCATCGCCGGCCTCAACCTGGACGGGTTGGTGCACATCGGCCTTAGGGTCTTCCCCGTGGTGATCCTGGGGGGGCTGGACTCCATCCCCGGGGCGGTGGTGGCGGGGATCCTCATCGGCGTTTTGGAAAACCTGGCGGCGGGCTACCTGGACCCCTTTGTCCCCGGCGGGGGAACCCGGGACGTCTTCCCCTTCCTGGTCCTCCTTTTGGTTCTCTGGTTCAAGCCCCATGGCCTCTTCGGCACGGAGGAGATTGAGCGCGTATGAGGAACCCTTGGGCCCAGACCGGAAACTACCGCACGCGGTACGAGCAGGACGCCAGCATCTTCGCCACCCACCGGGAGTTGGCCTCCCTTCTCCTCTTCCTGGGCTTCCTCCTGGTGCTGCCCCAGTTCCTCTCCCGGACCCAGGTCTTCATCCTGGACCTGATCCTGGTCTACAGCATCGCCGTCTTGGGGCTCAACATCACCACGGGGTACGCCGGCCTCATCAACATCGGCCAGGCGGCCTTCATGGGGGTGGGGGCGTACACCGCGGCCCTTTTGGCCCCGGCGGGGCTTCCTTTTTACCTCGTGCTCCCGGCGGCGGGGCTCGCCGGGGCCTTCTTCGGATACCTGGTGGGCATCCCGAGCCTCCGGGTGAAGCACCTTTACCTGGCCATGGCCACCCTCGCCTTCCAGGTGGTCTTTGAGTGGACGGTGGGCCACCTTCCCCTCCTCAACCAGGGCGGGGCCATGCCCTTGCCCCGGGTAAGCCTTCTCGGGTACGAGGTGGGCTTCCGCAACCACTACCACTTCTGGTACTACGTGAGTTTTGCGGTTTTGGTCCTTCTCGCCCTCTTCTTCCGCAACCTCCTCAGGACCAAGTACGGCCGGGCCCTGGTGGCGGTGCGGGACAACGACCGGGCGGCGGACGCCATGGGCATGGACCCCGGGCGCACCAAGCTCTTCGCCTTCGCCCTGGGCGCCTTCTACGCCGGGGTGGCGGGGGCGCTTTACGCCTACCTCTCCCGGGCGGTGGTCATTGAGGACTACACCTTCTCCGTCTCCATCAAGCTCCTGGCCATGGCCATCGTGGGGGGCCTCGGCACCTTGGTGGGGAGCTTCCTGGGGCCCGCCTTTCTGGAGCT
NZ_AP024937.1_gap11	445924	446650	726	TCGTCAAGCTGGGCATCGTGCAGGTCCTGGAGGGTCGCCGTGTCTTCAAGCACCTCACGGTGGAGGAGAACCTCAAGGTGGGCACCCTGACCCGGAGGGGCGTGAACCTCAAGGAGGAGCTGGACCGGATCTACCACTACTTCCCCCGCCTGGCCGAGCTCAGGCACCGGCTCGCGGGGTACTGCTCGGGTGGGGAGCAGCAGATGATCGCCATCGGGCGGGCCCTCCTCGCCAAGCCCCGCCTCCTCCTTTTGGACGAGCCCTCCCTGGGCCTCGCCCCCCTGCTCGTGCGGGAGATCTTTGACATCGTGGCCCGGGTGAACGCGGAGGAGGGGGTTACGGTCCTCGTGGTGGAGCAGAACGCCCGGGTGGCCCTCTCCATCGCCCACTACGGCTACATCATGGAGTCGGGCCGGATCGTCCTCGAGGGGGACCGGGCGTACCTCTTGGAAAACCCCGACGTCCAGGAGTTCTACCTGGGCGTGGCCAAGGAAGGGGGGAGGAAGAGCTTCAAGGAGGTCAAGGCCTACAAGCGGCGCAAGCGCTTCATGTGAGCCCAAAAGGCCCCTGCCCAAGCGGGGGCCTGGCGGCGCAAATGAAAATGCGCTATCGTTATTGGTATGTGGGCGGTGGAGACCCAGGGGCTTGCGGTGCGCTTCGGGCAGTACCAGGCCTTGGAGGACGTCTCCTTGAGGGTGCCCGAGGGCAGCTTCGTGGCCGTGGTGG
NZ_AP024937.1_gap12	502962	503580	618	CCTCGTCAAACTCCGCCAGGGAGAGGATGGCGGTGAAGACCTCCTTGCTGTCGGTGTTGCGGGCGTCCCCCAGCTTCCCCACCCCCGTGTAGAAGAGGGCGTACCCCTCCTCCCGGCGGTGGGCCCGGGCGTCCTCGCACCCCCGCACCGCCTCAAAGAGCTCCGTGGGGTAGAGGAGGATGCGCACGGGAAGGGGCCTGGGGATCCGCCCCGCGAGGAGGTCCTTTAGGGGCAAGGTGGCGTGGCCGATGGCGGAGGCGTAGCTGTAGTACTCAAAGACGAGGCGGGGGAAGAGGTGGACCACCTCCCCCTCCAGCACCGCCCCGGGGTTGAAGACCGCCAGCGGGCGGCGGGGGTAGTTCTCCACGTACACGTCCTCGGGACCGATGTACACCCTGCGGGCGAAAAGGTCCTCCGTGTGGGGGCCCCTAAGCCCCCGGGCCCGGCTGAGGAAGAGCCGGGCCTCCTCCTTAAGGGTTTCCTCCAGCTCGGAGATGGTCATACGCGTCCCTCCCAGGGAAGCTCGGAGACCAGGCGCGAAAGCCGCGCGAGGCCTTCCTCCAGGGCCTTTAGGCCGTCCCGCCTCAGGGTGATGTGCCCCACCTTGCGCCCGGGGCG
NZ_AP024937.1_gap13	536618	539552	2934	GCCAAGCGCTACCCCATGCCCCTCACCGCGAGCGGCAAGTGGGACGTGGAGGTGGGGAGGATCCGGAAAAGCCTCGCCTTTGAGAACGGCCTGGACTTCTTCGTGGTGGGAGACCAGCTCTTGAAGGGGGCCGCCTTAAACGCCGTGCAGATCGCCGAGGAGTGGCTTAAGGGCGCCTGAGCCAAAGCCAGTACTCCAGGTTCCCCTCCTTTCCCGGGAGGGGGCTTTCCTTTTCCCCCAGGACCTGGAAGCCAAGCTCTAGGGCCTTTTCCCGCACCCGGCTTAAGGCCTCCCGCCGCTTCGCCTCCTCCCGCACCACCGCACCACCCCCTTGTGGGCCTTTGGCCCCAGCTCAAACTGGGGCTTCACCAGGACCAGGGCCTCCCCTTGGGGCTTGAGGAGCTCCAGGACCTTGGGGAGGAGGAGGGTGGAGGAGATGAAGGAAACGTCCATCACCACGAGGTCCACGGGCTCGGGCAGGACCAGGGTGCGGGCGTCCTGTTCCTCCAGGGCCACCACCCGGGGATCTTCCCGGAGGCGGGGGTGGAGCTGGCCCTTGCCCACGTCCACGGCGTAGACCCGCCTCGCCCCTCGCTCCAAAAGGACCTGCGTGAACCCCCCGGTGCTCGCCCCGAGGTCAGCGGAGACCTTGCCCCGGGGCTCCACGGGGAAGGCCTCCAGGGCTCCGAGGAGCTTGTAGGCTCCCCGGCCCACGTAGCGCTCCTCCGCCAGGAGCTCCACCCTGGCGCCTTCGGGCACGGGGTGGGCGGGCTTTCGCACCACCTTGCCCTCCACCCGCACCTTGCCCTCCTGGATCAAGCGCTTGGCCTTCTCCCGGCTTTCCACCAGGCCCCGTTCCACCAGGTAGCGGTCCAGGCGCACGAGGGTATTATGAGCGGGTGGCGCCCGACCTTTCCGGGACCTGGTACGTTTTGGAGGGAGACCCGGGGGAGCACCTGGTGGTGGAGGCTTTGGGGGAGAGGCTTTCCGGGATCTGGACGAGCCGGGAGCTGGCCGAGGCCTTCCTGGCCCACCACCCCCACCTGGGGATGCGGGTGAGCGCCTTGGAGAGCCGGGCCCTGAAGGAGGCCTTCCTCCGGGCTCTTGGGATGCTCCAGGTGGAGGCGGTCATGGTGGACTACCGCCCCGGGACCCACCGGGCGCAGGTGGCTAGGGTGAAGGACCTTCTAGAGGAGGTGCGGCGTGCGTAGGCTTTTGGCGGCGCTTCTTTTGGTCTTGGCCTTCGGCGTGGCCCAGCGGGCCGAGGTCAGCGTGGGTAGCCCCTTCGGCCTCCAAGGGGGGGTGCGCTTCCCCCTCGTTCCCCTTCTCTTGGACGGGCGGGCCTACGGGGGGGTGGGCCTCGAGGCCATGGGGGGCGGGGTGGACCTCCTCCTCAAGCTCCCCCTCACCGACCTCTACCTGGGCCTTGGGGGCTTCTACGGCACGGGCCCCGGCCTCACCTTCCCCCAGGAGGGGCGGGGCCAGGGGGGCGTGCGGGCGGTCTTGGGCACCTGGCTCAACCTCCCCCTGCCCCTTCTCGGGGTCTACCTCGAGGCCCAGCCCGTCTACTACCTGACCCCGGTCCGATCCTTCGGCGTGGGCCTGGCCTTGGGCCTGAGCGTAGGGCTTTAAAGCCACCCCGTTCGGGCAAAGCCAGCGAGGGGACCCCGGCAAAAAGCCCTGGCGGGGAGGCTCGGCGGCGGCCGGGTGAGCGAATCAGACCCTATACCCCTCTTTTAGGGGCACGATGCGGTTCATCACCAGGGCCTCGGGCCTCGAGTCCACGGGGTCCCGCCAGAAGTAGCCCAGGCGCTCCAGCTGGTAGCGGGTGTCCTCGGGGTCCTGGGCCACGCTCGGCTCAATGAAGCCCCGCTTCACCACAAGGGCCTCGGGGTTGAGGTTTTGCAGGAAGTCCCCCCCCTCCTCCGGGTCCTTGGTGCGGAAGAGCCTGCCGTAGAGCCTAAACTCCACGGGGAGGGCGTGGCGGGCGGAGACCCAGTGGATCACCCCCTTGGGCCTGACCCCGTCCTCGGGGTTCGCCCCCAGGGTGCCGGGGACGATCCGGGCCTTGAGGAGCTTCACCTCGCCCCCCTCTTCCACCACGTCCTCAAGCTCTATGACGTAGGCGTGCCTCAGGCGCACCCTCTGCCCCGGGGCGAGGCGCTTCCAACCTTTAGGGGGGTTGAGGCTGAAGTCCGTGCGCTCAATGTAGAGCTCCGGGGAGAAGGGAAGGGGCCTCGTCCCCTCCTTGGGGATGTCCCGGGGCCAGTAGGGGGCCTCTATCCACTCCTCCCCCTCGTAGTTGGTGAGGACCACCTTCAGGGGGTCCACCACGCCTAAGACCCTGGGGGCGATGGGGTTCAGGTCGTCCCGCACCACCTCCTCAAAGAGGTCCATCTCTATCTGGGCCTCGTTCCTGGAGATCCCCGTCTTGCGCACGAACTCCACGATGGCCTCGGGCCTCACCCCCCTCCGCCTCAGGCCCCTCAGGGTGGGGAGCCTGGGGTCGTCCCAGCCCGAGACGTACCCCCCTTCCACCAGCTTGATGAGCTTCCTCTTGGAGAGCACGGTGTGGCTTAAGTCCAGCCGGGCGAACTCGTACTGGTGGGGCCTGGGGGAGGTGGGAAGCCCGCACTTCCCCTTGAGGTTCTCAATGACCCAGTCGTAGACGGCGCGGTTGTTCTCAAACTCCAGGGTGCAGAGCGAGTGGGTGACCCCCTCGATGAAGTCCTCCAGGGGGTGGGCGAAGTCGTACATGGGGTAGATGACCCACCGGTCCCCAACGTGGTAGTGGGGGGCGTGGACGATGCGGTAGAGCACGGGGTCGCGGAGCTTGAAGTTGGGGTGGGCGGGGTCAATCTTGGCCCTTAAGACCCGGCTTCCCGTGGGGAACTCTCCCCGGCGCATCCTCTCAAAGAGCTCCAGGTTCTCCTC
NZ_AP024937.1_gap14	576652	580491	3839	TCCGCCTCTCCCTCATGGGGGCCTACGACCGCTACGAGGCCCTAGGGGTGGCCGCCATGTTCAGGGAGGTTTTGGAAGAAATTCTTCCAGCTTCTTGAGCATCTCCTCCCGCGTGTAGACCGCGCGGGCCCCGCCCACGAGCTTGGGCCTCGTCTTGGCAGCGAGGAGCACCGCCTCGCCGATCTTCCGCACGGAAAGCCTCAGGGGCACGGCCACGGGGCGGAGGTGCATGCCGATGAGGACGCCCCCGATGTCCATCCCCCCGTGGGCCTGGGCCTTGAGGGACTCCACCATGACGGGGTCTTGAAAGCGCAGGAAGGCCGCCGTGGCCAAGGCCCCCCCCGCCTTGGGGTGGGGGAAGACGGTGACCTCCTCCAGGCCAAAGGCCCGGGCGGTCTCCCGCTCCACCACCAGGGCCCGGTTCAGGTGCTCGCAGGCCTGGACGGCCACGTGGACCCCCCTTTCCAGGAGGGGCGGGAGGAGGCCTTCCAGGAGGGCGTGGGCGGCCTCGAGGCTCGGCCTCGTTCCCACCCTCTCCCCCAGGACCTCGCTGGTGGAGCCCCCGAGGACGAAGAGGCTCCCGGGCCCCATGGGGAAGGCCTGGAGAAACTCTTCCACGGCCCGCTGCGCCGCGCGCCGGATGCCTTCCATGTCCTTCAGCCTAGCGCAGGCATCCGGTTCCTACTAGGGAAGCGTAATTGAGGATGAAAGGAGGTCCGGGATGAAGCGGGTTGCGGCAATGGGGTTGATGGCGGTCCTCGCGATGTGGGGTGCGCTCGGCCAGATGGTCCTGCCCAAGGAGGTCTACTACGCGGCCCTGAGTGGTCAAGGGTTGCGGGGTACGGCAGTGGTACTGGTCCTGCCGGAGGGTCTTGAGGTCTTCGTCTACCTGGAGGGCTTGAAGCCCGGCTCGGGGGCCTACGCCAACCACATCCACTTCAACCGGGCGGGCAACGCCAACTGCCGGGAGCAAAACGGGGACCAGATCCTCGGCTTGACCTCCCTGGTGGCTGACGCCAACGGTCGGGCTGTGGCCTTCACCCGCCTGCCGGGGGTTCGGCTACCCGAGGGCTCCACCTACGTGAACGTCCACGCCAACACCCCTACCCCGGTGGGCGCAAGCATCGCCTGCGGCGACCTGAAGGAGATAGTGGGGGGTTACTGAGGAGGCGGGATGCGTAGGTTTCTTTGGCTCGGTCTTCTGGTTCTCGGGGCCTGCTATCCGCAAAGAGGCCCCGTTGAGGAGAGCGTCGGACCCTGCCCTGGGGTTATCCAGATTCAGGGCTTCGCCTTCCACCCTACCCGCTGCTACACCACGGCAGGGGCCAGCCTGCGGTTTCAAAACCTGGATTCTGTCCCACACACGGCCACGGCCGAAGGCGGTAGCTTTGATACGGGTACCCTAAACCCGGGGGACACCTCGGCTCCCATCGCCCTCACCCAACCGGGCACCTACGCCTACTTCTGCCGCATCCACCCCAGCATGCGGGGGGTCATTGAGGTGCGCTAGGGCAGGGTGAGGCGAACAAGGACGCGTCCCGGGGCCCGGCCTAAGGAGGGGTCCTCGAGGCTAAGGACCAGGGTCCGGAAGCCCCGGTAGTCCGCCTCCAGAACCCGGTCCCGGGTCTGGCCCAGGGGGTGGAGGCTGCCTCTGGCCTCGCCCCATAGACGGTAGACCCGCCCGGGAGGGGGCGGCTCCCGCAGCAGGAGAAGGCAGTGGCCATCCTCCCGCCACAGGAGAAGGCCCAGGCGCTCTTTGTCCCCTTGGAGGTAGCGCCAGTGCGCCTCTGGGTCGCTGACCCAGTAGATCACCGTTTCCAGGAGAGCTTCCCGTTCGGGTGCGCGTTGCTCCCTGTAGGTCCCGAGGAGAAAGGCCCCGACCAGGGCTGCCGCCAGGAAAGTTATCCTGGCCCAGAGCCGCCCCTTGCGGACCCACCTGAGGCGGGCTTGGATCCCTTTCCAGGCGTCCTCCGGCGGGGGTACCGGAGGGAGGGCCTCCGCTGGGGCAAAGAAGGCCCGCTCCAAGCTCCGAAGCTCCTCCTGGCAGCGGGCACAGGCCCGCAGGTGGGCCTCTACCCGGACCCTCGCCTGAGGGTCCAGGTTGCCTGCAAGGTATTCGGGCAACAGGGCTTCTACGTGCTCCATCTACACCTCTCCCAAAAGCTGGCGAAGCTTGAGAAGCGCGCGCCGGATCCTGGCCTTCACCGTACCTAGGGGAAGCCCTGTCCGCTCCGCCAGCTCCCTGTGGCTCAGCCCTTTGTAGAAAACCTCCTCCAGAAGCACCCGTTCCTCAGAAGAGAGGCTTTCCAGGGCGCGGGCGGCTAGAACGCGCTCCTCCTGTCCCCTTTCCCAGAAGCCCAGGGCCTCTTCCCGCTCTCCCTCCGGGTCCTGGGGGTCCAGGCTGAGGTCCTTGGGAGGTTCCCGCCTCTGCCGGCGCAGCCGAGAAAGGGCCAGGTTGCGGGCGACGGTGTAGACAAAGGCCTTTGCCGCTCCTCGGGCGGGGTCATAACGGGAGGCTTCGCGGTATACGCGTAAAAAGGTGTCCTGAAGTACCTCCTCTGCCTCTTCCCGGCTGCCTAAGTGCCCTCCCCCAAGATTTTCAACTCCACACCCCCCAGGGCTTTGAGGGCCTGAACCACCGCCTCCTTAAGCTCCTCCACGCTCCCGTAGTGCCGCCTCGGCATCAAAAACCCCTTCACCCGCCGCCAGACGCTCTCCATGGGGTTCAGATGCGGGCTGTACCGCGGCAGGTAGGCCACCATAAGCCCCCGTTCCCGCCACGCCTCCTTCCTCCCCTCCACCTCCCGGGACCGGTGGAAGGGCGCGTTGTCCATGAACACCTTCAGGGGCTTGGCCAAACCTTCGGCCACCCGGTCCAGATACCCCCGCACCACCTCCCACCGCACCGGCCCCTCCAAAAGGGCAAAGAAAAGCCGCTCCCCCTCCCGTCCCCGCACCAAGTGCCCCACCACGTTCACCCGCCCCCGGGAACCCCAGGCCCGGGGCACCCCCTTGGCCTCCCCCCTCCGACCCCAGGCGTAGGTAGGGGGAAGGGTCAGGGAAAACCCGCTCTCATCCAGGTACCCCACCTCCATCACCCCCTCCTCCGCCCCCTTTTTGCTTCCTCTTCCTCCTCCGCGAAAGCCTTCACCTCTTCCTCCGTGGGCTTTCCCGGAGGCACGTACCGCGTCCGTCGCCACACGTACCCCATGGCCCTCAGGTGCCGGGCCACCACCTTGGGGGCCAGGCGGACCCCGAAGCGCTCGGCTAGGGCTGCCGCAAGCTGCGGGGCGGTCCAGACCCTATCCTCGGCCAGCCTTTCCTCCACGAAGGCGGCCATCTCGGGGGTGAACTTCCTGGGAGCTCCCGGGGGTTTGCGGTAGGCGAGGCCCTGGAGACCCTCCCTCACGAAGCGCCGGAGGACGAGGTAGACCGTGGTGCGGTCCTTGTGGAAGTGCTGGGCAATCTTTGGGGCGGTCCAGCCCTCGGCCGCCAGGCGGACCATCATGGCCCACAGGCGGGTCTTCTTGTGGGTCTTTGGGTCCAGGGAGAGCTCCAGGAGGAGCCGGTCCTCCTCAGGGGTCAGCTGGATCCGAAGTGGGGCCGCCATGTTGAGATGATAAAGGATTGGCACTTAGCATCCTCAAAAGCAGGGCGAAAACCTTGGGTGCGAGCGCGCGATAGAGTTCCTCCAGGGCCGCCTCCTCTCCCAAGGCTAGCCGCCGTAAAAGGTGGTGTAGAATGGGCTCCAGATCCTGCATAGGTGGCCGTTCCCTAGAGGGCGGAAGGGGTTGGGAGGCAACCTGGCCCTTTAGGGGCTGGGGACGCCCTCCAGTATA
NZ_AP024937.1_gap15	590328	594703	4375	CACCTTGCCCCGGTACCTTTCCGCCAGGGCCACGAGCTCGCCGATGGAGCCCTTGACGTAGGGGCAGTGGTTGCACATGAAGACCACGGCGAGCAAAGGCTCCTGGAACTGGGAAAGCCGGTAGCGCCCGCCCCTTGGGTCAGGAAGCTCGGCGTCAATCAGGGGGCTTTCCAGGGGAAGCTCGGGGTACTGGAGCATGGCTCCATGCTACCCGCGAGGTGGTAGACTGGGCAACGCCGGAGGCCACGATGAAAAGGCGGAGCTTTCTCAGGAAGGTGGGCGTGGGCCTTGGGGCGAGCCTCTTCTACCGCGCCTTCGCCCAGGGGAGCCCCACGGTGCGCTGGCGGCTCGTCTCCAGCTACCCGAGAAGCCTGGACACCCTCTACGGCGGGGCGGAGGAGCTGGCGAAGCGGGTGGCGGAGCTCACCGGGGGACGGTTCCAGATCCGGGTCTACCAGGCCGGGGAGCTCGTCCCCGGGGGGCAGGTGCTGGACGCGGTGCAGCAAGGCACGGTGGAGGCCGGCCACACCTACGGTCCCTTCTACGTGGGCAAGAACCCGGCTTTGGCCTTTGACGGGGGCGTCCCCTTCGGCCTGACCTACCGGCAGCACAACGCCTGGATGCTCTTCGGCGGGGGGCTTGAGCTCCTCCGCCGGGTCTACGCCGACTTCGGCGTCCTCCAGTTCCCCGGGGGGAACACCGGGACCCAGATGGGGGGCTGGTTCCGCCGGGAGGTCCGCACCCTGGAGGACCTCAAGGGCCTCAGGATGCGCATCCCGGGCCTCGGCGGCCTCGTGATGGGGCGGCTCGGGGTGGTGCCCCAGACGCTGGCGGCCGGGGACATCTACCCCGCCTTGGAGCGGGGGGCCATAGACGCCACCGAGTTCGCCGGGCCCTACGACGACGAGAAGCTGGGCTTTTACAAGGTGGCCCGCTACTACTACTACCCCTCCTTCTGGGAGCCCAGCGCCCAGCTTTCCTTCCTCGTGGCCCAGAGGGAGTGGGCGAGGCTGCCCAAGGAGTTCCAGGAGGCCTTCCAGGTGGCGGCGAGCGAGGTGAACCTCACCATGATGGCCAAGTACGACGCCCTGAACCCGCCCGCCCTGAAGCGCCTCCTCGCGGCCGGGGTGCGCCTAAGGAAGTGGCCCGCGGAGATCCTGCGCAAGGCGGAGGAGGAGGCCCGGGCCCTCTACGAGGAGCAGGCGGCCAAGGACCCGGGGTACCGCCGGGTCTACACCGCCTACTGGGCTTTCCGGGACGAGGTCTTCCGTTGGTTCGCCGTGGCCGAGCTGGGCTACCAGGCCTTCGCCTTCCCCTCGGTTTAGAGGACCTTGAGGTCGGGGAAGCGCCGGGCCAGGGCCTCCCTGAAGGCGGGGAAGCGGCTTTCGGCCACCAGGGCCACCACGGCCCCGCCGAAGCCCGCCCCCGTGAGCTTGGCCCCGTAGGCCCCGGCCCGCAGGGCCTCCTCCACCAGGGCGTCCAGCTCGGGCAGGCTCACTTCGTAGTCTTGCGCGAGGGAGCGGTGGCTTTGCGTCATAAGCTCCCCGAAGGCCCGGGCGTCCCCCCGCCTTAGGGCCTCCACCCCCCGGAGGACCCTAAGGTTCTCGCTCACCACGTGCCGGGCCCGCCGGTCCAGGGGCGAAGGGAGGCTTTCCACCAGGCAGAGGTCGGCCACGTCCCTAAGGGACCGCACCCCGAGCCTCTTGGCCGCCTCCTCCGCCTCCTGGCGGCGCCGGTTGTACCCGGCCTCCGCCAGCCTGCGCCCAAGCCCGAGGTCCAGGACGGCCACCCGCACCCCCGGGGGAAGGGGAAGGTTCTCGTAGGCCAGGGTCCGGGTGTCCAGGAAGAGGGCCTGCCCCGGCTGGCCCAGGCTTGCCGCCATCTGGTCCATGATCCCGCACCGGACCCCCACGTACTCCACCTCCGCCTTCTGGGCGAGGCGGGCCACCTCCAGGTCGCTCAAGGGGAGGCGGTAGAGGGTGCGGAGGGCCCTGAGGGCCGCCACCTCGAGGGCGGCGGAGCTGGAGAGGCCCGCCCCCATGGGGAGGTCGCTGCGGACGTAGAACCTGGCCCCCGCCACCTCGTGCCCGGCCTCCCGGAGGGCCCAGACCACCCCGAGGAGGTAGTCCAGGAAGTCCCCTTGGGGCGGGGAGGAGAGGGGGCGGGCCCGGAGCTCCCCCAGGTTCTCGCTGAAGGCCTCCACCGCCCCCTCGAGGGGGGCGGCCTCCACCCGGGTGAAGTAGGGGATCGGGGTGGGGAGGACGTAGCCTTCCTGGTAGTCCGTGTGCTCCCCCAGGAGGTTCACCCGGCCGGGGGCCTGGGCGCTGGCCTGGGGCAGGACGCCGTAAACCTCTTGGAAGCCCATGCCTCCATTATGGGCAGAGGGCCCGCAGGTTGTGGCGTAGGAGGTCCAGGTAGGTCTTCACCCGGGCGTCCAGGGTGTCGGTGTAGAGGACCGCCACCCGGGCTCCTATGGCCTCGGCCAGGGCCCTTAGGGCCTTGCCCTGGAACTGGGGCTCGGCGAGGACGAGCCTGACCCCTTCCCTCTTGGCCTTCTCCAGGAGGGCGAGGAAGCTCCGGCTCCCCACCTCCTGGGCCCCGCCCTGGCTCAAGACCCCCACCACCTCCAGGCCGTACCTCCTGGCGAAGTAGCGGAAGGCGTCGTGCTGGACCACCACCTTCGTTCCCTTAAGCCCGCAGGCCCTGTAGGCCCGGTCCAGGGCCTCCACCTCCTTTTTGAAGCGCTCCAGGTTGGCCCGGTAGAGGTCCCGGCCCCCGGGGTCCAAGGCGGCGAGGGCCTCGAGGATCCGCTCGGCGTAGCGGACGGCGTAGGCGGGGTCCAGCCAGAGGTGGGGGTCGCAGGGGCCGTGGCCGTGGTCCTCCTCCGCATGGTCCTCCCCGCAGATCAGGCCCGGCTGCCCCTCCCCGAGGAGGACCACCCGGGCGTTTTTGGGGAGGAGGGCCTGGAGCTTGGGCAGGTAGGGCTCGAGGCCGAGCCCGTTGGCGAAGAGGAGGCGGGTCTGGCTTAAGGCCTGGGCCACGGAGGGGGTGGGCTCAAAGGTGTGGGGGTCGGCCCCCGGGGGGACGACCGCCACCACCGCCACCCGATTTCCCCCCACCTGCCGGACGAGGTCGGCGAGGATGGGGGTGGTGGCCGCCACCTGGACCTGGGCCAAGGCGGCGGTGAGGAGCCAGGGAAGGAGGGCTAGGGCGCGCATGGTAAAAGTGATATTGCATTATCAAACTCGCTTTGTCAACCCCCCGCGGTTGCGCCCCCCGGGGCCTTCCCCGTAGCCTGGGGGGGCGATGCGGCTGGAGGACCTTTTGGACCGCCTCGAGGCCTTGGAAGGCAAGCCCTACCCCTTCTACAAGGACCTGAAGGGGGTCTGGCGGGGAAAGGGCTTCGCCCTCCGCTTCGTCTACGTGCAGGGGGACCCCTTCGCCACCCCGAGCGTCCTGGAGGCGATCTACCCGGGCCAGGCCCTGCAGGCCCTCCGGGTCTACACCCGGGAGGAGGGGCGGGTGGCGGTGGAGGACTTCCTCCTCCGGGCCCTCAAAGCGCGGCTACGGGACCTGCCCCGCCTTGCGGGCTCCGGCCACTCGGGGGCCGTGCGGGTGGAGGTGGAAAGCCCCAAGGTCCTGCGCCGGGCCGGGGCGCACCTCGGGGAAAAGGCGCTTTCCCTCCGCTTCCGGGTGGGCCTTCCCGCCCAGGGAAGGCGCATCCTCGGGCGGGAGGCCAGGCGGCTCTTCCAGGCCCTCTCCCATCACCTGGAGGCCTTTCTTCAGGAGCTGGACCGGGAGGCCCTCCTCCGCCACGTCCGCCAGGCGGAGGACTTCGCCTTCATCCAGGAGCGCCTCGCCGAGCGGGGCCTGGTGGCCTTCGTGGGGGAGGGGAGCGTCCTTCCCCGGGAAAGCGGGGTGAGCCAGAGGCCCCTGAGGGGGGCGGTGCCCTTCCAGAGCCCCCCTTCCCTCAGGGTGGCCTTCCGCACCCCCCACGCCGGGGAGGTGTGGGGGATGGGGCTTCCCCAGGGCCTCACCCTGATCACCGGGGGCGGTTTTCACGGCAAGACCACCCTCCTGGAGGCCCTGGTCCACGGGGTCTTCCCCCACGTCCCCGGGGACGGGCGGGAGTGGGTGGTGACGGACCCTCTCGCCCAGAGGGTCCAGTCCGAGGACGGGCGAAGCGTGAAGGGCGTGGACCTCAGGCCCTTCGTCCACGACCTTCCCCTGGGCCAGGACACCGCCTTCTTCTCCACGGAGGACGCCTCGGGCTCCACGAGCCTGGCCGCGGCCATCCTCGAGGCCCTGGAGATGGGGGCGAGGGTGCTCCTTCTGGACGAGGACACCTCGGCCACGAACCTCCTGGTGCGGGACG
NZ_AP024937.1_gap16	677417	681854	4437	GCTTACGCCCCACTCCCGTAGGGCGTCGGCGGTGACCCGGCCCACGGCGAGGGGCTTTACCCGCGTGTTAAGAACCTCCTTCAAGGCCTTGGGGTCCTTTGCCTCCTCAAAGAGGAACTCCACCTGGATGGCAGCCACGAAGGCCACGGCGTCCACCTCTTTTCCCAGGATGGCCTCCTCCAGGCGGCGGATTCCCACAGGATCCGGCAGGTGGCGGTAGGGCATGAGGGGAAGGACCCGGTAGCTCCTTTCCGCCAGGGCGTTTTCCAGAAGGGGAAGGGGCTTGCCGTAAAGCTGGAGGGCGGCCACGCCTCCTCCTTGGGGAAGGAGGGGGAGGAGGCTTTGGGAGGTGCCGTCCCCCACGGCGTGGGGGGGAAGGCCTGCCTCCTTTAGGGCCCGCGCCGCCTTGGCCCCCCGGGCCAGGCGGAGGGCCCCCTCCAGGGGCTTTTTCAGGTCCAGACCCAGGGTTTCTCCCGCTTGGAGGAGGTCCCTCACCCCCACCCCGGTGGTGGCCAGGAAGAGGTCCACCCCTTGGGCGAGGGCCCGGACCTGGTCCCGGTACTCGGGGACGGGGACCTTCTCCGTGGCCTGGACGGGAAAGAGGAGGGGGGTGAAGCCGAGCTTTTCCGCCAGGGCCTTAAACTCCTCTTTGCGCCTTAGGCCGGCGTAGGCGATGCGCATGGCCTCCTCCCTAGACGGCGCACTCCCCGCGCCCAAGCTGCACGCTGAAGGCCTCCCCTTCCGCCCCCAGGTCCTGGTAGAACTCGGGGGCCTCCTCGTAGGGAGGGACCTCCTGGAGCTCCTGGAGGAGGGGCTTGAAGGAGGCCGCCCCCACCCGGTCCAGGTAGGCCTGGAAGCTTTCCCCGTTTTGCCGCTCCGTAAGGTAGCGCTTCAGGATCCTCTCCACCGCCTCGGGGACCCGGCGGGCGGGGATCCTGCCCACCACCTGGCCGAAGCGGGCCTCCCCTTCCCGGGTCCTGCCGCCCAGGAGGAGGACGTAGTGGGGCACCTCCCTTTCCCCCACCTTACGGCTTGAGCCGTAGAAGCCGATGTCGGCGATGTGGTGCTGGCCGCAGGAGTTGGGGCAGCCGGAGATCTTGAGGCTGATGGCCTTGGCCCCGGGGTCCTGGGCCATGGGGAGGGCGGCGAGGCTTTCTCCTAGGGCCTGGGCCAGCCCCCGGGAATGGGTGATGGCCAGGTTGCAGGTGTCGGCCCCGGGGCAGCGGGTGATGTCCAGGAGGGTGTGGGCCTCGGGCCAGGCGAGCCCCGCCTCTAAAAGGGCCTCGTAAAGCCCCCCTAACGCCTCCTCGGGGACGAAGCGGAGGAGGAGGTTCTGGCTGATGGCGCTCCTAATCTCCCCGGCGTAGGTTTCCGCAATCTCCGCCAGGGCCCGGAGGCCTTCCGGGGTGATGTCCCCCAAGGGGAGGCGGACGATGGCGGTGTAGAAGCCCTCCTGCTTCTGCTTGAAGAGGTTGGTGCGCCGCCAGGCGTCAAACCCCGGGGCGAAGGAGAAGGGCTTTTGGGGCGGGTTGGGAAGCCTCGGGGGTTCGGGTTCTTGGGGAGGGGCCCAGGCCCTTAGATCCTCCCCCGTGGCCGTGAGCTTCACGATGCGCCTTTCCTCCCGCACCGCCTCCCGGAAGGCGGCGATGCCCCACTTCTTCACCAGGAACTTGAGCCGGGCCTGGGTCAGGACCTTGCGGTTCCCGTAGCGGTCAAAAAGGCGGATGATGGCCAGCATGGTGGGGAGGAGGTCCTCCTCGGGGGTGAAGGCCTCCAGAAGCTCGGCGCTCATGGGGGCGGCCCCTAGGCCCCCGCCCACGTAGATGCGGAAGCCCCGCTTCCCCCCTTCCAGGGCCGCCACCACCCCGATGTCGTGGATGGGGGTGCGGGCGTGGTCGGTGGCGCACCCCTCAAAGGCGATCTTGAACTTCCGGGGGAGGTTCTGTCCCACGGGGTGGCGGAGGAAGTAGCGGTAGGCGGCCTCGGCGTAGGGGGTCACGTCAAAGGGTTCCTCGGGGGAGACCCCGGCGTAGGGGCAGCAGGTGATGGCCCGGATGGAGTGGCCGCAGGCCTCCCTCGTGGTGAGGCCCACGGCGTTCACCGCCCTTAAGACCTTGGGCACGTCCCGGCGGTGGACGTGGTGGAGCTGGACCGCCTGGCGGGTGGTCACGTGGGCCAGGCGGTTTTCCGCGTAGCGCTCGGCCACGTCCGCCAGGACCCTAAGGCCTTCCGGGGTGATCCGCCCCACGGGGAGCTTGATGCGGATCATATGATGGTCGGGACGTCCCCGGATGCCGTAGATGCCGTTCTTGAGGCGGTAGACCCGGAAGTCCTCGGGGTCCTCCTCCCCGGCCTCGAGGCGGGCGATCATGGCCTCCAGGTACCCGATCTCCGCCTCCACCACCGCGTCCAGCGTCTCCCTAGCCCCGATCATCTTCCCTCCTTTCCCCCGGCCCTCCGGGGGTTAGCCAGGAAGATATACCATTGAGCCTATGAAAGTCAAGGGTACAAGGGCTTGCCTTGCAAAGGTCAGGAGGACGGGTGTATATCTCTCTCCTGATGGGCAAGCGAGGCTTCCTTCGCAGGGAGGCAAGCCCCAAGGAGGTCCTGGAACACTGCCTGCGCCTGGCCCGGGAGGTGGCCCCTCCCACCCCCAAAGGCAAGCGGGGCCGCCCCTGGCGCTACAGCCACGCCCTTTACCTGGCCCTCCTTCTCTTCCGCGCCTTCTTCCACCTCACCTACCGCGAGACGGAGGCCTCACTCCAGGACCTGATGGAAGGCCCCTTCCCTTCCCACCAGTCCCTGGCCCGCTACGCCCTCAAGCACCTGGACCCCAAACTCCTTGAGGCCCTCCTGGAGAGGCTTTCCCGGGAACTGGAGGCCCATCTCGCCCCGGAGTCCTCGCCGGAAGGCGAAGCGGCTTCGGACGAGGCGCCGGCACACCTGGCGGCGCTTTCCCCCCCTCTACCTCATGGACACCACGGGGCTGGCCTACCGGAGCAAGGACCGGCTTCTCCGCTTTCGTCGGGGGAAGGAGGTGCGGCGGGTGCGGGGGCACGCGCGGCTTCTGGCCCTGATGCGGTGGGATAGGGAGAGGCGGCTCTTGTGGCCCTGGGGTGGAGTGGTGGGGGAGGGCTACGCCCCGGACCCCCGGCTTGGGGGGGAGGTGCTGAGGCGGTTTCCTCCTTCCGGGGGGTGGCTTTTGGGGGACGCGGGGTTTGACGGGAAGGAGGTGTGGGGGGTTTTGGGGGAGGCGGGGGTGCGGCCGGTGATCCGGCTTCGGGGCGGGGGCGAGGCCAGGGAGGAGGCGCGGGTGCGGGCGCGGGAGGGGTGGGACCCCGAGGTGTACCGGTTTCGCGGGGTGGTGGAGGGGGTGTTTGGGGGGATGAAGACGCGGCTGGGTGGGGGGTACCTTTGGGAGCGGAAGCCTTGGACGGCCATGGCGCGGGCGCTTTTGGAGCTCATCGCCTACGGCCTTAGGGTTCTTCTCTCCCTTCTCCCGCCCCCTCCGGGGTACAAGGCAATTTACTAGGCAAGCCCAGGGTACAAGCGCCGGGATTCCCCGCTTCCCCTAAGGCCTCCCCGCAAGCCCCAGGCCCAAGGCTAAGTGCCCTCCCCCAAGATTTTCAACTCCACACCCCCCAGGGCTTTGAGGGCCTGAACCACCGCCTCCTTAAGCTCCTCCACGCTCCCGTAGTGCCGCCTCGGCATCAAAAACCCCTTCACCCGCCGCCAGACGCTCTCCATGGGGTTCAGATGCGGGCTGTACCGCGGCAGGTAGGCCACCTCAAAACTTGCACCTCCCGCATACCCCGCATAAACCTTCACCCCCTCCCCCCGGCGGCCCCAGACCCAGGGCGTGGAGCTCCCGCAGGATGACCTGCACCACCAGCTCGGGCAAGAGAACCCGAGCTGCCCCCTCCCTGGCCTCCCGCCAGCTCCCCTTCCCCTCCACCCCCACCCAGTGGGCCAGCAGGTAGGCCAGAAGGGAGAGCACCAGAAAGCGGTGCACCCCCAAGGCCGTCCGCTGCCCGAACTGCCCCAGGGAGAACTCACTCTTCGCAGCCCGGAAGAAGTGCTCTACCGTGAACCGCCTCCTTCCCCAGGTGAGCATGGTCCGGGGCGTGGCGGGAAAGGTGGCCACCACGTACCGCCACTCCCAGCCCCCTTGGGGCAGGGGGTAGCGGTACCAGGCCACCCAGACCGGGAAGGAAAGCCCCCACAGGTAGACCCGGCTCCCCTGCCGCCTGAGGTCCAAAAGCCTTCCCCCTCCCCGCAGCCTCCGGTCCCGCCGCATCCCCACCACGGTTTCAAAGCCCATCTGCTTCACCCCAAAGAGGAACCAGGCCGTACCAAAGGCCGCGTCCGCGGCCACCCGTATCCGGAAGGTCCGGCGCATCCAGAGGGGCAGAGAGGCCAGGAGGCTCAGGGCCAGGA
NZ_AP024937.1_gap17	760344	763044	2700	GCGGGGCCCAGAGGGCGGCCCGGGCCTTGGCGTCCAGGCCGTAGAGGAGGAGGGCGGCGAGGGTGGCGAGGAAGAGGAGGAGGGCGAGGAGCCTTTCCCCAAGGCCAGCGTAGGCCAGGTGGAGGTGGCGCAGGCGCAGGAGGGGGTGGCGGAAGAACCCGCCCAGGTAGCCGCCGATGGGCCTCAGGTCCTTGAGCTGGGCGGGCAGGTAGAAGAGGAAGAGGTAGAGGAAAAGGGCGAGGTACGCCGTTCCCAGGACAAAGAAGGCGGGAGCGAGGAAGCCCAGGTCCGGCGGCCTCCACGGGGCGGAAAGGGCTAGGGCCTCGCGCAGGCGGAGGGCGGTGGCCACCTCCCCTTGGGCCTCGAGGGCCTCGGCCATCTCCCGGAAGAAGGCCTCGGAGCCGGGGAAGAGGGGGGTGTAGCGCAGGAGGGCGAGGGTCAGGGCCTTGGCCCGGGCGGGGTCCTCGCCGAGGAGGGCGCGGGCCGCCTCCGCCATCCGCAGGACGCCCTCCTGGCCGAAGGGAAGCTCGGGCCGGTGGCCCCGGGCCCGGAGGTCCTGGCCGTAGGCGGCGAGGTCCTCCTCGCTCAGGGTCTCCGGGGGGAGGGCCCAGTAGGCGAAGTAGGGCCAGGGCCTGGGGGGGTTCAGGGCCAGGAGGAGGGGCCTGAGGGCCTTAAGGTCCTCCTCCTTGCCCTGGAAGGGGACGGGAGGGAAGGGGATGGGCAGGACCCGCTCCCCCTCCAGGAGGGCCTCGGGGCCCGGGCGGAGGGCGAGGACCTTTGCGGGGGCGAAGTGGTAGCGAACCGCCTCCTCTTTAAGGCCCGCCTCCACCACGAGGAGCCCTTGGGCCACGTAGACCCGGTCCCCCTCCACCAGGGGGCCCACCCAGGGGCCCTGGGGCAGGGGGAGGAGCCCCCAGGGGAGCTTGAGCCCCTCGGGGGTGAGCTCGGGCGGCGTGGGGGCGAGGAGGAGGAAGCGCCCCTCCAGGGCGCCCGAGGGCAGGTTGAGCCGCACCCGGTACTCCCCGGGGGCCTCGAGGGTGAGGGGGAGGGCGAACCTCCCTCCCTGGACCTCCACCTCCTCCACCCGGATGCCCCCGGGGCCTTCCAGGGCCAGGGGGTAGCGCCCGTCGGGAAGGCCTTCTCCCGAGAGGGAGAGGGGCTCCCCCGCCACGGCCCCCTCCGGCAGGACGAGGCGCTGGCCGAGGCCTACCCCGAGGGCGAGGAGGAGCAAAAGGGGCCAGAAGCTCCGCATGGGCGTATTCTATCAGCATGGGCCTTTTGGACATGATCGGTCCCGTGATGGTGGGGCCTTCCTCCAGCCACACGGCGGGGGCCTGCCGCCTCGCCCTCCTCGCCCGCCACCTCCTCGGGGAGAAGCCCAAGAGGGTGGAGTTCGGCCTCCACGGCTCCTTCGCCAAGACGGGGAAGGGGCACGGCACCCACCTGGCCTTGGCCGCGGGGGTCTTGGGCCTCACGCCCGACGACGAGAGGCTCAAGGAGAGCCTTTCCCTGGCGGAGCGGGAGGGGGTGGAGGTGGTCTTCAAGGAGGTGGAGCTCGGGGACGTCCACCCCAACACGGTGCGGATGGTCCTCGAGGGGGAGAAGGAGCGCCTCGTGGTCACGGGCAGCTCCCTCGGGGGGGGTCTCGTGCGCGTCTTTGACGTGGACGGCTTTGAGGTGCGCATCACGGGGAGCGCCCCCACCCTGGTGATCAAGAACGTGGACACGCCCGGGGTGGTGGCCCGGGTGGCCCGCATCCTCGCCGACGACGAGGTGAACATCGCCTACCTCACCGTGAGCCGGAAGAAGCGGGGCGGGGAGGCGATGATGAGCATAGAGGTGGACCGGCCCCTCTCCGAGGTGCCCTTGCGCTACCTGGAGCACCTCTCCTACATCCTCTGGGTGCGGCAGATCCCCCCGGTGATGGGCTAAGCGTTCGTTCCCCGCCCAGGCTTTCCCCAAGCCCGTCATTAGGCCTTGGGGAGTTCCAGGCCCAGGCAGGCCCCTCCCAGGGGGCCCTCGCAGGGGAAGAGCCTGCCCCCGTGGGCCTCGGCCACCCGCTTGGCGGTGTAGAGGCCCAGGCCCGCGCTTCCCCTCCTGCCCTCCCCCTGGAGGAAGGGGCGGGCGAGGGCCTCCAGGGGCAGGGGAAGGCCTGCGCCGTCGTCCTCCACGAGGAGCACGCCTTCCCCCACCCGGAGCCGGACGCGGCTTTTGGCGTGGCGGAGGGCGTTTTCCAGGAGGTTGGCGAGGGCCCTTTCCACGAGGAGCCTTTCCCCCCGGGCGAGGCCCGCCCCTTCCACCTCCACGAGGAGCCCCCGCCTCTTCGCCTCGTCCCGGTAGCGGAGGAGGAGGTCCTCGGCCAAGGCCCTGAGGTTCAGGGTCTCGCCCCGGGGGGGGCGGGCCTCGAGGCGGGCGAGGGCGAGGAGGTTCTCCGTCAGGCGGTAGCCCCGGGCGAGCTCCTCCCTCAGGGCGCGGAGGAGGGCGACGCGCCGCTCCTTCCCCAGATCGTCCGCCCTCTCCAGGTAGTCCAAGAGGCGCAGGGCGGAAAGGAGGGGGGTCTTGAGGTCGTGGGCCAGGGCGGCGTACAGGGCCTCCCGGGCCTCCAGGAGCTCCTTGAGCCGGGCGAGGAGCTCGGAGAACCGGGCGCGGAGGAGGGCGATCTCCTCCGGAGGGGGCTCCTTGGGGGTGGGGAGGCGGAGG
NZ_AP024937.1_gap18	788808	793184	4376	ACCTTGGAGGCCAGGCCGATGCCGAGCCAGATGACGAAGAGGGGGGCGAGGATCACGCGGGGGATGGCGTTCAAAAGGAGCATGATGGGCTCCAAGAGGTCGGAGAAGAAAGGGCTGAGGGCGGCGAGGAGCCCGAGGGCGCCTCCGAGGAGGATGCCCCAGAAAAGGCCCAGGAGGGCGGCGGTGAAGGTGGCCTGGAGGTGGGGCCAGACCTCGCCCGTGGCGAAGAGGTCCAGGAGGGTCAGAAAGACCTGGTGGGGTGGGGGGGCATAAAGGGGGTTGACAAGGCCTAAGGCGGCCAGGGCTTCCCAGAGGAGGAGGAGGGCAAAAAGGCTTAGGGCGCGGCGCACAACGACACCCCCTCGAGGTCCTGCCAAAGCTTCCGGAAGAGGGGCCCAAACCGGGGGTCCGCCTTCACCCCCACGGGGTCGCGGGGCCTGGGGAAGGGGACGGTATAGACCCGGGCGATCCGGGCCCTGGGGCCTTTGGAGAGGAGGTAGACCCGGTCGGCGAGGGCGATGGCCTCTTCCAGGTCGTGGGTGACGAGGAGAACCGCGATCCCTTCCCCCTCCACCTGGGCCAGGAGGTCCCGAGTGATCTGGGTCCTCAGGATGGCGTCCAGGCTGGAGAAGGGTTCGTCCATGAGGAGGAGCCTCGGCCTTAGGGCGAGGACCTGGGCCAGGGCCACCCGCTTCCGCTGTCCCCCGGAAAGCTGGTGGGGGAAACGGTCCTCGAGGCCCCCCAGGCCGAGCCGCTTGAGCCAGGCCTCGGCCTCTTCCAGGGCCTTCCTCTTGGGGACGCCGCGGATCCTAAGCCCCAAGGCCACGTTTTCCCGGGCGGTGCGCCAGGGAAGGAGGGCGTCCTCCTGGAAGAGGAAGCCCAGGGCTTCCAGGGGGAAGTCCCGCCGGACCTCCCCTTCCCAGGGGCTAATGAGGCCCGCCACGGCCCGAAGCAGGGTGCTTTTGCCGCTTCCCGAAGGGCCCACCAGGCTCACGAACTCCCCCGCTTCCACCCGGAGGTCCACGCCCTCTAAGGCGGGCACGGCCCCGTAGCCCAAGGTGAGGCCCCGGACCTCAAGCACCCAGGACCTCCAGGTCCAGAAGCCCCTCCAGGCGGAAGGAGGGGGGGAGGAGGCCGGCCTCCTGCTGGCTTTCCACCACCCGGCGGGCGGCCTCGAGGTCAATGCGGACGTCCTCGGGGTAGAGGTCCTTGCGGTACCGCTGGATGACCGCCTTCAGCCTCTCCTCGTCCCCCCCGGCGATGAGGGCCTTGGGGAGGGTGTCGGCGATGAGGCGGGCGTCGGCGGCGTGGATGAAGCGGAGGGCCTTGGCCAAGGCCCGGGAGAGGGCCCGCATCTCCTCCAGGCGCTCCTGGCGTTCCTCCCGCCGCACCGCCACCCCCATGAACTCGTAAGGCCCGCCCAGATAGGTCCGGGCCTGCCTCAGGTCCATGAGGTTCACGAGCTCCCTTCCCCCGGCCTCCTTGAGGAGGGAGAGGGCGGGCTCCTGGACCATCCCCGCCTCCACGTGCCCCGCCTTCAAGGCCTCGTAGAGGTTGGGGCCGAGGGTGGCGTACTGGACGCGCTTAGGGTCCACTCCCGCCTTCTTGAGGAGGTAGACGAGGAGCACGTGGTCGGCGTTCCCCAGGGCGGAGACGCCCACGGTTTTGCCCTCGAGGTCCCGCACGCTTCTCACCGGGCTCTTGGGCCCCGCCGCCAGGGCAAAGAGGGGAAGCCTCCCCGTGGAGGCAAAGCGGAGGATGGGGGCCCCCCGGTGGTAGGCCTGGAGGGCGGCGTCCAGGCTGGTGGCGGCGTAGTCCACCGCCTTGCCCACCAAAAACTGCAGGGCCTGGCTTCCCCCTCGGGCGTAGACGAGCTCCACCTCGAGGCCCTCCTCGGCGAAGTACCCGCGCCTTTGGGCCACCTCGTAGGGGACGATGCAAAGGAGCTGGGAGCAGAAGGCCAGGCGCAGCTTCTTCCTGCCCCTTTGCCCCAAAGCCACGCCTCCCAGGGCGAGCCCCGCGATGCCTTGGATGACCTCCCGGCGGTCCACGCAGCAGCTCATGCCCCTATCCTTTACCCCTAAGCCTCACATTGTCAAGGGTATAGAACCTCCTCCAGGGGCGCGGGCCTTCCCCACAGGTAGCCCTGGCCCAGGGAGTACCCCACGCTGCGGAGCCAGGCCCACTGGTCTTCCCTCTCTACCCCTTCCGCCACCAAGGCGATAGGCTCGCCCCTCGCCCAGGTCCAGGGGCGTGTCCGGGCCGCCCGACTAGAGGCCCACGGTGACCCGGGCCTTGAGCTCCTCCAGCCGGATCTCGCCGAGCCCCGGGGGAAGGGCGCCTTTCACGCGGAGGCCGAACCAGAGCTTTCCCTGGCGCACCCCCTGGGTCAGGGTCTCCCCTTCAAGAACGAAGGGGGCCTGGTCGCCGCCCTGGAAGGCGATCTCCCCGAGCCCTTCCCCGGCGCTCGCTTCCGGGCAGAGGACGAGCTCCCCAAGGAGCTGGCACCCCGGGTCCTCGCCCGGGTTCTGGAGCCTTCCGTACACCGCGAGGGTCGCGTCCAGGGGGACGTCGGCCACGGCCCGGCCCTCGAGCTGCACCCCCCGCACCACGTCCACCGGGGGAGGATTGAAGGTCTGGGGGTCCTTGGGGAAGACCACGTAGGCGTCCCCGGGAAAGGGGCTTGTGGAGGGGAGGCCGCTCAGGTTCAGGGTCATGGAGCCCAGGTCCACGGTGAGGGTGTAGCTGCAGGCGGCGAGGAGGAAGGCCAGAGGGAAAAACCGGCGGCGCATGGGGAAAGTCTATCATGGGTGGGGGATGCACCGCTTCCTCTTCGCCCTGGACCCCGAGGCCGCCCACGGGCTCGCCTTGGGGTTTCTCGCCTTCTGGTCGGAAAGGGGGCCCTTGCTGGAGGTGCCCGCGAGGCTTCTTCGGGTGGAGGACCCCCGCTTAAGGGTGGAGGCCTTTGGGGTCTCCTTTCCCAATCCCTTGGGCCTCGCCGCGGGGATGGACAAGGACGCGAGGGCCCTAGGGGCCTGGTGGGCCTTGGGCTTCGGCTTCGCCGAGGTGGGGACCCTCACCCCAAGGCCCCAGGAGGGAAACCCGAGGCCGAGGCTTTTCCGCCTGGTGGAAGACCGCGCCCTCATCAACCGCATGGGCTTCAACAACCGGGGAGCGAGGGAGGCCGCCACGCGCCTACGGCGCTTCCGCAAAAGGGGGCTTCCTCTCCCCGTGGGGATCAACCTGGGGAAGAACCGGGACACGCCCTTGGAGCGGGCGGCGGAGGACTACCTGGAGGCCCTGAAGGCCTTGGAGCCCTACGGGGACTACTTCGTCCTGAACGTGAGCTCCCCCAACACCCCGGGCCTTCGCGCCCTCCAGGAAGGCCCCTTTCTGGACGAGCTCCTCTTTCGCCTCCGCCCGGCCACAAAGAAGCCCCTCCTCCTCAAGGTGGCCCCGGACCTCTCCCCCAAGGCCTTGGACGAGGTCCTCGCCCTGGCCAAGAAGCACCGCCTCGAGGGCCTGGTGGCGGTGAACACCACCCTCGCCCGGGAAGGCCTAAAAAGCCCCCTCGTCCGGGAAGCCGGGGGGCTTTCGGGAAGGCCCCTGAAGGGGAGGGCCCTGGAGGTCCTCCGCCACCTGGCGGAGGGCGCGGAGGGGCTCGCCTTGGTGAGCGTGGGGGGCGTGGAGACCCCTCTGGACCTCTGGGAGCGGCTCAAGGCCGGGGCAAGCCTCGTCCAGGTCTACACCGGCTTCGTCTACGGGGGGCCCCTCTTTCCCCGGCGGCTTCTAAAAGGGCTTCTTTCCCTGATGGCCGCCGAAGGGGTTTCCCGCCTCGAGGACCTCACACGGTGAGGGTGCAGCCGCAGGCGAGGTCCAGTTCCACCGGGGAGACGTAGCGAAAGGCCCCGTCCGGGCGCAGGTGGAGGACGAGGAGGGTGTAGGGGTCAAAGACCACCACGTCCTTCACCCCTTGGGAAAGGTAGAAGCGGGGGGCGATCTCCAGGTCCTTGGCCTCGTAGCCCCGGCTCACCACCTCCACCACCGCCTCGGGCAGGAGGGTGATGGCCTCGTCCAGCTCCTCGGGTTCCCGGCAGAAGATAGCGATGTCAGGCCTTTTGTAGGAGCCGTCGGGGAAGCGCACGTAGACGTCGGCCACGTGAACGCAGGGGCACCCGCCCTCTTTGGGACGGATGCTTTGCCGGATCCGGTCTACTGCCTTTTGGTGGCGGTAGGTGGGGTGGGCTTCCCAGAGGGGAAGCCCACCAACCCACTCCAACCGCAGACCGATGGCGTCCGCTTCCAAAAGCTTATCCAGCACACCCCTATTCTAGCGCCTCGTGGACGATGCGCCCTTCCACCAGGGTGAGGACGGG
NZ_AP024937.1_gap19	815525	818989	3464	CCGTCCACGTCCGTGACCCCCCAGTCCAAGGAGACCTGGGCGAGCTCGGGGGTTAAGGTGGCCCAGTACCCCTTGATGTGGGGGAAGTTGTCCAGGTAAAGCCGGGCCACGGCCAGGTTTCTAAGGTCGTCCAGCCCCGTGGTGAACTCCTTCTTGCCCAGCTCCCGGGCGAGCTGGTTCCCGTCCGGCTGGAAGGCCAGGGGGATGAAGCTCATGAAGCCCCCGGTCTCGTCCTGGAGGCGGCGGAGGCGGTCCATGTGGTCCAGGCGTTCCTCCAGGGTCTCTATGTGCCCGTAGAGCATGGTGGCGTTGGTGGGGATGCCAAGCTCGTGGGCGATGCGGTGGATCTCCAGCCACCCTTCCGCCGAGACCTTGGCCCGGGCGATCTTCCTGCGCACCCTTTCGGCGAAGATCTCCGCCCCGCCTCCCGGCATGGCGTCCAGGCCCGCCTCCTTTAGGGCCTTTAGGACCTCCCGGTAGGGGAGGCGGGCGATCTTGGAGAAGTGGTGGATCTCCGCCGCGGTCCAGGCTTTCACCTGGACCCCGGGGAAGTTCTCCTTCAGGGCCCGTACCAGGTCCAGGTAGTAGGCGAAGGGCCTTTTGGGGTGGTGGCCCGCCGTGAGGTGGATTTCCGTGAGCCCCGGCTGGTAGCGCTCCTTTACCCAGGCCACCACCTCGTCCACGTCCCAGTCCCAGGCCCCTTCCTCGCCGAAGCGCCTTTGGAAGGCGCAGAAGGTGCACCCCACGTAGCAGATGTTGGTCTGGGAGACGCGGATGGAGTGGACGAAGTAGGTCTTGTGCCCGTGCTTCCGCTCGCGGACCAGGTTGGCGAGGCGCATGAGGGTGGGAAGGTCCTTGGTCTGGTAGAGGACGAGGCCGTCCTCAAAGGAAAGCCTTTTTCCCTCCATCACCTTCTCGGCGATGGGGATGAGGCGGGGGTCCCGGATGCCTCTCACGCCCCGGAGTCTACTCCCCTTCAAGGCGCCTGACCAGGGCCTCCACCTCCTTCCTCCGCCCCCCCACGCTCTTCTCGGGGAGGAGGCCCCTCAGGTAGCGGTCGGTAAGGAGGAGGTCCACGTAGGGGTAGACCGTGGCCGCCATGACCGCGTCCAGGAGGTCGGAGGGGCGGGGCTTGCGCTGGAGGTCAGAGGCCATCCGGGCGAGGAGGCGGGCGAGGAGCCGCACGAAAGGCACCTCCTCAAGCCCGGTCCGCTCCCGGATCTCCTTTAAGGCCAGGGCGTGGGCCTCCCCGTAAGGCAGGCCGCGGAGGGCCTCGGGAAGCCCCTTAAAGGGGGAGAGGTCCGCCGGGGTCTCCCAGCTTCCCTCCTGGGAGAGGAGGTCCTCCCGGTGGAGCCCCCGGCGCTGCCTTGCGGCCACCTCCTGCCAGGGCCGGACCCAGTAGCCGCCCGAGAGGGCGGCGAAGACCTCCTTGAGGGCGGGGAGGAGGTAGCCCGCTTTCTCCTCGGGGCCCCTTTGGGGAAAGAGGGTCTCCAGGACGTGGAAGGGGCTTGGGGGAGCGATGGCCCTCCCCTTGAGGGCCAGAAAGAGCCTGCCGAAGACCTCGTGCCCCCTTTGCCCCAGGAGGTGCTTGGCCATGCGGCTGGCGTGGTTTTGGTCCAAATAGACCAGCACTACTCCCGGGCGGAGACCCAAAGGGCCCCGGCCAGGAGGGCGACCCCTCCCGCAAAGAGGAAGGAGTCCAGGGCCTCTTTGGGCTGGAAGGCGAGGGCCTTTTCAAAGAACTTCACCACCAGGATCATGACGATGACCTGGCCCAGCTTGGCCTTGAGGTCGGCGAGGCTTTTCACCAGGAGGACGTTGTCCAGGGGAAGGTCCAGCTTGTGGATGAAAAGCTCAAAGAGGCCCAGGCCGAAGATGAGGAAGACGGCGGAGAGGAGGGCCAGGTCCACGGCGCCCACCAGGGCGGGGAGGGCGGCCTCGAGGCCCTGGGACAACCCCTTGACGGCCTCCAGGAGGGCGTGGAAGGCGAAGTAGAAGGAACCCAGCAACAGGCCCAGGACCGGGAGGACCGTGACCCAGCGCACCCCGTGGGCGACCCGCTCCCACCCCATGGGCCTAGCTTACGGCACGTAGAGGGCGGCGGGCGGGGTGCCGGTGGAGGCCCGCTCCACGAGGACGGGCTCAAAGCGCACCTCCCGGGGCGGGCCCTGGTAGCCCCGCATCCTCTCCAGGAGGAGCTGGGCCGCCCGGGCCCCCATGGCCTCCACGGGCTGGGCGATGGTGGAAAGCCCCGCCTCCTCGGCGAAGGGGTGGCCGTCAAACCCCAGGATCCGCACGTCCCTCCCGGGGGTGAGGCCAAGCCTTGCCGCCTCCTCCAGGACCCCGAGGGCCACCTGGTCCGCCCCGGCGAAGACGTTGAGGGGTGGGGAGGCCTTCTCCAGGAAGTGGCGGAGGGCGAGGCGCCCCCCCTCCTGGGAGTGGCGGGTGGTGTAGAGCCGGTCGGGGGAGAAGGGGCGGCCGGCCTCCTTCAGGGCCTCCTGGAAGCCCGCCATCCGTTCGGCGAAGACCGTGCGGCGGAAGGCCCGGTCGGGCTCTTCCTCCACGGTGATGGCGAAGATGGGCCCCGGGAAGCGGGCGAGGTAGGCCCCGGCGAGCCTTCCCCCCAGGCGGTTGTCCAGGTAGACGGAGTCGTAGCGGGGGTTTTGCGCGTCCACCAGCACCACGGGGCGCTCGGTGGGCAACCTCCCTTCCTCAAAGCGCTCCGTAAGGTCGTAGGAGGCGAGGATGAGGCCGTCGGTGAGGTAGGCCAGGGTGGTGTTCTCCAGGTAGCGCTTAAGCCGGGCCAGAGAGAGGATGGGGAAGAGGGCGAGGTCATAGCGCTGCTCCAGGAGGACGCCCTCAATCCCCTCCACGAGCCTGCGGTAGAACTCGGTGGCCACGAAGGGGAGGAGGACGCTCACCGTGTAGCTCCGCCCCCCCGCGATCCTGCGGGCGTGGGGGTTGGGCGCGTAGCCCAGCTCCTCCATGGCCCTAAGCACCCGGGCCCGGGTCTCGGGGCGCACCGCAGGGTGGTCGTTGAGGACCCGGCTCACGGTGCCGAGGCCCACGCCCGCCTTGGCCGCCACGTCGTGGATGGTGGGCTTTTTGCGTTTCATCGTTCCCTCGGGTGGAAGCGGTTCACGGAAACTTCCACCTCCTAGCATAGGCCACCCCGCCCAAGGGGGCAAGGCCCTGGTAAGATCCTCCCGTGGCCTACCTGGTTTTCGCCTACCTCGTGGGCTCCTTGGTGGCCGGGCTCCTCTTCTTCCCGGAGGTGCGGGGGAAGGACCTCCCCGGGGGCTCGGGGGTCTTCCGGAGGAAGGGGCCCTGGGCGGCCCTCCTCGCGGTGGCCTTTGACCTGGGCAAGGGGGCGCTGGTGGCCCTTTTGACCCCGGAGGCCTACCTTCCCTGGGCCGGGGCCTTGCTCGTGGCCGGGCACACCTGGCCCGTTTTCTTCCGCTTTA
NZ_AP024937.1_gap20	820141	824774	4633	GCCCGTCCTCGTGGAGACGGGGCCGGAAAGCTGCTACCCGCGGCTTGTGGAGGCCCTGCGGGCGGAGGGGGTGGCCCCCGAGGAGGTGCGCCACGTCTTCGTGACCCACATCCACCTGGACCACGCGGGGGCGGCCTGGCGCTTGGCGGAGCTTGGGGCCACGGTCTACGTCCACCCCAGGGGCGCCCCCCACCTGGTGGACCCCTCCAGGCTCCTCGCCTCAGCGGAGAGGATCTACGGGGACCAGCTCAAGGCCCTCTGGGGCGAGGTCCGGGGGATCCCGGAGGAGAGGGTGCGCCCCCTCGCCGACGGGGAGGTGGTGGCTCTGGGCGGCCTCGAGGTCCAGGCGGTGGAGACCCCGGGGCACGCTTCCCACCACCACGCCTACCGGGTGGGGGACCTCGTCTTCACCGGGGACGTGGCCGGGGTGCGGATCGCCCCCGGGCCCGTCCTCCCGCCCACCCCGCCCCCGGACATCCACCTGGAAAGCTGGTACGCCTCCTTGGACCGCCTTCTCACCTTAAGGCCCAAGGCCCTCTACCTCACCCACTTCGGCGCCTACGAGGACGTGGAGGCCCACCTCCAGGGGCTCAAGGGGGTTCTGGAGGCCTGGGCGGGCTGGGTCCTCCACCGCCTGAAGGAGGGGCTTCCCGAGGAGGAGATGGTCCGGCGCTTTGAGGCCTACTGGCACGAGGGCCTTAGGGAGGCCGGGGTGGACGAGGCGGGCATGCGCCTCTACGCCCTCGCCGACCCCCCCTTCATGAACCTCCAGGGCCTCGTGCGCTACTGGCGGAAGCACCACCCGGAGGCCTTGGAGGGTTAGGTGACGCCCTTTCCCTTGGGGCGGCCCGCCCGGATGGCCGTCTTCGCCTCCGGGAGGGGGACGAACCTCGAGGCCCTCCTCCAGGCCTTCCCCAAAGGGCACCCCTTGGGGGAGGTGGTCCTGGTGGTCTCCGACAACCCCCAGGCCTTGGCCCTGGAGCGGGCGCGAAGGCGGGGGGTAGAGGCCCTGGCCCTCCCCTGGCAGGGGCGGCGGGCTTTTGAGGAGGAGGCCTTGGGGCTTTTGGCGGCGAGGGGGGTGGACCTCGTCCTCCTCGCGGGCTTCATGCGCCTCCTCTCCCCCCGGTTCGTGGAGCCCTGGTACGGCCGCCTCCTCAACGTCCACCCCTCCCTCCTCCCCGACTACCCGGGGCTTCACGTCCACCGCCGGGTCCTGGAGGCGGGGGAGAGGGAGACGGGCTCCACCGTCCACTTCGTGGACCAGGGGATGGACACGGGGCCCATCCTCCTCCAGGGGCGGGTGCCCGTCCTCCCGGGGGACACGCCGGAGGCTTTGGAGGCCCGCGTCCTCCGCCTGGAGCATAGGCTTTACCCCAAGGCCGTCCGCCTCCTCCTCCGGGGGCTCGCCTTCCCCCCGCCCCCGGACCTCGAGGCCCGGCTCGGGCGGGAGGCGGCGGGGGCCTTCCTGGCCCTCTCCCCGCGGGAAAAGCCCCTGTACCTCAGGGCTTGGGCCCTCCTTCGCGCCTGGGGGCAGGAGGCGCTGGTAGGCCCCGCCTTCCTGGGACAAGGGGGGGAGTGGGGGCGGGGCGCCTTCCTCGCCGCCCACCTCCTCGCCGAGCCCAGCCCCGTCCTCCTGGAGGAGGTGGCGGGGCTTCCCGGGGAGGTCCGGGCCCGGGTGGAGGAGGCGTTGCGGGTAGAATCCTCACCATGAAGGTCCTCGTGGTGGGCAGCGGGGGGCGGGAGCACGCCCTCCTTTGGAAGGCGGCCCAAAGCCCAAGGGTGAAGCGGCTTTACGCCGCCCCCGGAAACGCTGGGATGGAGGCCCTGGCCGAGCTCGTCCCCTGGAACGGCGACGTGGAGGCCCTGGCGGACTGGGCCCTCGCCGAGGGCATAGACCTCACCCTGGTGGGCCCGGAGGCCCCCCTGGTGGAGGGGATCGCCGACGCCTTCCAGGCCCGGGGGCTTTTGCTTTTCGGCCCCACGCAGAAGGCGGCCATGATTGAGGGCTCCAAGGCTTTCGCCAAGGGCCTCATGGAGCGCTACGGCATCCCCACGGCCCGCTACCGGGTCTTCCGGGAGCCCCTGGAGGCCCTGGCGTACCTGGAGGAGGTGGGGGTGCCCGTGGTGGTCAAGGACTCGGGGCTGGCCGCGGGGAAGGGGGTCACGGTGGCCTTTGACCTGCACCAGGCCAAGCAGGCCGTGGCCAACATCCTGAACCGGGCCGAGGGGGGGGAGGTGGTCATAGAGGAGTACCTGGAGGGGGAGGAGGCCACGGTCCTCGCCCTCACCGACGGCGAGACGGTCCTTCCCCTCCTCCCTTCCCAGGACCACAAGCGCCTTTTGGACGGGGACCAGGGCCCCATGACGGGGGGGATGGGGGCCGTGGCCCCTTACCCCATGGACGAGGCCACCCTAAGGCGGGTGGAGGAGGAGATCCTCAGGCCCCTCCTCCGGGGCCTCCGGGCGGAGGGGGTGGTCTACCAGGGGGTGGTCTACGCCGGCCTCATGCTCACCCAGGAAGGCCCCAAGGTCCTGGAGTTCAACGCCCGCTTCGGCGACCCCGAGGCCCAGGCCCTCTTGCCCCTCCTGGAGGGCGACCTCGTGGAGCTCGCCCTGAAGGTCGCCGAGGGGAGGCTTGCGGGGACGAGGCTTTCCTGGAGGGAAGGGGCTTCGGCCTGCGTGGTCCTCGCCGCCCCGGGCTACCCCGAAAGCCCCAGGAAGGGGATCCCCCTCCACGTCCCCGAGCCCCCGGAGGGGGTCTTGGTCTTCCACGCGGGGACGCGGCGGGAAGGGGGGCGCCTGGTGAGCGCCGGGGGAAGGGTCTTGAACGTGGTGGGCCTGGGGAGGGACCTGAGAGAGGCCCTGGAGCGGGCCTACGCCTACATCCCCCAGGTGGGCTTCCCCGGGGCGGTGTACCGGAGGGACATCGGCCGGAGGGCCCTCGCCCGGCTCAGTACCTGAGCCGGGCCAAGGGGAGGCGGCGGCAGGCCTCCACCACGTCCCATAGCCGCTTAAGCCCCCGTTCAAAGAGGAGGGGCTGCATCCTCACGAAGACCTCCGCCGTCATCAGGGCGTCGCCCAGGGCGGTGTGCCGCCCGGTGGCGGGGACGCCGAAGCGGTGGGCCAGGGCCTCGAGGCGGTAGTCCTTGAGGTCGGGGAAGAGGAGCTGGGCGAGGAGGAGGGTGTCCAGGAGGGGGGGCTGGTCCAGGCCCGCCCGGCGCAGGAAGGCCAGGTCAAAGGCCCCGTTGTGGGCCACGAGCACCGTGTCCTGGACGAAGGCGCGGAAGGCGGGGAGGACCGCCTCCAGGGGGGGATTGTCCCGGAGCATCTCCGCCGTGAGGCCGTGGACCGCCGTGGCCGCGGGGGAGATGGGGCGCCCCGGGTTCACCAGGGCCTCAAACACCTCCTGCCGCAGGACCCTCCGGCCTAGGATGTGGACCCCGGCGAGGGCCACCACGGCGTCTTGCTCGGGGTCCAGGCCCGTGGTTTCCAGGTCAAAGGCGGTGTAGAGGAGCTGGTCCAGGGGGACGTCCTCGAGGCCCGGCGGCACCTGGAGGAGGGTGAGGTCGTAGACCAGGGCCCGGGGGGCGGGGGCTTCTTTTAATGCCTCGGCGGGCGCTTTGCGGGCGGGGAGGAGGAGGACGAGCCGGCTTCCCTCCCGCCAAAGGCTTCCCGTGGCCTCGGCGGCCTCGGCGAGGAGGGGGTGGGGCCTGGGGGCTTCCCGGGGGAGGAGGACGGTGAGCCGGAAGAGCCCCTCCCCCTCGGCCTCTCCCCGGAGGAAGACCTCCTCCGTGCCCTCCAAGGTCTTGGCGAGCCCCTCCGCCAGGGCGAAGGTGTCCGCCTGGACGAGAAGCCCTTCCGCCTCCGGGTCCAGGGTCCACCCGGGGGTGAGGGCGAGCCGCGCCTCCAGGCGGCCCGCCAAAAGGCGGAGGAGGTCTTGGGCCAGCACCTCCTCGTGGGGGCTTGGGGCGAGGTCCTGGAGGAGGCCTTGGATCTCGTCCAGGGCCTCCCGGGCCACCTGGAGAAGCCGCCTCGCCTCCCCGGTGGTCTCCCTTTCCAGCACCTCCACCAGGGCCCGGACCCCCGCCGCCTTGTCCTTGAGGCGGTGGAGCCGCTCCCGGCTCGGCCCCTCGGGGAGGGCCTCCTCCAGGAGGAGGAGAAACCCCTCCTCCAAGGCCCGCGCCTTCAGGCGCAAAGGCCCCTTGGGGCCCTGGACCAGGAAGGCGGCCTGGGGCAGGGACTGGGCGTGGAGGAGGAGGGACCGGTCCAGGAGGCCGAAGAGGCTTTTCCCTACCCCGAGCCCCTCGCCCAGAAGGGCCCGGGCCTTGGGGTTGTAGAGGAGGACGAGCCCCCGCTCGTCCGAGAGCACCACCCCCTGGGGGAGCTGGGCCAGGACCCGGGCGAGGCGCTCCCGCTCCGCCTCCACCAGGTCCTTGGCCTGGGCCGCCTCCTCCTCAAGCCTTTGCTCCAGCCTTTCCTTTTCCTCCGCCAGGCGGTTGATGAGCCGGGCCAGGTGGCGCAGCTCCCAAGGCCCCCGGGGGGTGAGGCGGTGCCCGGGGTGGGCGAGGAGCACCTCGCTTTCCTGCCCCAAGGCCCGGGTCAGGGCCAGGTAGCCCAGGAAGGGCGGGTAGAG
NZ_AP024937.1_gap21	830041	832619	2578	AAGGGGCATGGCTTCAGTTTAGAACCCCATCCCGGCTTCCCGGGATGGGGCCTTCCCTTTGGCTTAGTGCTCCAGGGCCGAGCCCGCGCTCCCCTTGGGGACGCGGATCTCGTCCACCAGGTGCTGGATCTCCTCGGGAGGTGGCGGCGTGGCCCGGGAGACCAGGTAGGCCACCACGAAGTTGAGGAGCATCCCGATGGCGCCGATGCCCTCGGCGGTGATGCCGAAGACGAAGTTGGGCCAGCCCAGGTACTTGGTGCCGATGATGTAGCTGGCGGTGAAGACCAGTCCCACGATCATTCCGGCCACCGCCCCCTGCATGTTCATCCGCCGGTCAAAGATCCCAAGGAGGATGGCGGGGAAGAAGGTGCTCGCGGCGAGCCCGAAGGCGAAGGCCACGAGCTGGGCGATGAAGGCGGGCGGGTTGATGCCGAAGGGCGCCGCCAAGACCACCACCAGGAAGATGATCACCCGGGCGATGAGGAGCTTGGTGGCCTCGGAGGCGCCCGGGTTGATGAGCCGGGTGTAGAGGTCGTGGCTGATGGCGCTGGCGATGACGATGAGGAGCCCCGCCGCCGTGGAAAGCGCCGCGGCTAGGCCCCCTGCGGCCACCAGGCCCACGATGAAGGGGGAGAGCTTGGCCACCTCCGGGGTGGAGAGGACGATGATGTCCCGGTCTATGGTCACCTCGTTCACCTGGGGGTTCCCGCTCATCTGCAGGATGCCGTCCCCGTTCTTGTCCTGGAGCTTCAGGAGGCCCGTCTGCTCCCACTTCTGAACCCAGTCAATCTGGCGCACCTCCTCCACGGGCTTGTTGGCCAGGGTGTTCAGGAGGTTGTACTTGGAGAAGACGGCCACGGCGGGGGCGGTGGTGTAGAGGAGGCCGATGAAGACCAGGGCCCAGCCCGCGCTCCAGCGGGCGTCGGAGGCCTTGGGCACCGTGTAGAAGCGGATGATCACGTGGGGCAGGCCCGCCGTCCCCACCATCAGGGTCAGGGTGATGAGGAAGACGTTGAGGGCGGAGAGGTTCTGGAAGGGGGCGACGTACTCCTTGAAGCCGAGCTCCACCTGGAGCTCGCTCAGCCGCACGGCGAAGTCGCTGAAGGTGAAGGCGAGCTGGGGGATGGGGTTGCCGGTGAGGAGGTTGGCGAGGGCGATGCCCATGATGAGGTAGGCGGTGATGAGGACCACGTACTGGGCCACCTGGGTCCAGGTGATCCCCTTCATCCCGCCCAGCACGGCGATGAAGGCGGTGACCAGCACCGCCACCCAGATCCCCGTGGCCACGTCCACCCCCAGGTAGCGGGAGAGGACGATGCCCACGCCCCGGACCTGGGGCACGGCGTACACGAAGGAGACGAAGATGGCGGCGATCACCGCCACCACCCGGGCCAGGTTGGAGTAGTACCGGTCTCCGATGAACTCGGGCACGGTGTAGCGGCCGAACTTCCTGAGGTAAGGGGCGAGGAGGAGGGCGAGGAGCACGTACCCTCCCGTCCAGCCCATGAGGTAGACAGCCCCGTCAAAGCCCAGGAAGCTGATGAGGCCTGCCATGGAGATGTAGCTCGCCCCCGACATCCAGTCGGCGGCGGTGGCGGCCCCGTTGGCCACGGGGGGCACGCCGCGGCCCGCCACGTAGAAGCCCGCCGTTTCCCGCACCCGGGCCCAGTAGCCGATCCCGAGGTAGAGGGCGAAGCTCAGGATGACGATGGTCCAGGTCCACGCCTCAACGCTCATGGCTCCCTCCTAGTCCGCCACGCCGTACTCCCGGTCCAAGGCCTGCATCCTGGCCGCGTAGACGAAGATCAGCACGATGAAGACCCAGATGCTCCCCTGCTGGGCGATCCAGAAGCCCAGGGGGGGCCCGCCGAAGAGGCGGATGCCGTTTAGGGCGGGGGCGAGGAGGATGCCCAGCACGTAGGCCACCACCGCCCAGACCACGAGGAGGTTCCGGATAAGGCTTAGGTTCTTGGCCCAATACGCTTCCAGTTGTTCCCGGTCCATAAGCTCCTCCCCCCGCGAGGAAACGCCTTAGGGTCCATCCCTTAGTGAGGCGCCCCTTCCTCGCGGTTAGGGGAAGCTTAGGGCAGGATGCGGGAGGCGGTCAAGAAAAGCCCCTTTTGCGGCTATGCGCAAAAGGGGCGGGTTTTGCTTTCCACACCGAAGCCCGCGCGCGGGGCTTCGGGCCTCCATGCCGACTTCGGCCCGCATAAGGGCCCCGGCAAGAGGCCCCCGGGGCCTAAGCCTCCACCTGCAGGCTCTCGGGGTCCAGGTTGGTGTAGACGTGCTGGACGTCGTCCAGGTCTTCCAGGGCCTCCACGAGCCGCATCACCTTCTGGGCCTCCTCCGGGGAGAGGGCGACGGTGTTCTGGGGGTGCTGCACCACCTCCACCGCCTCCACCCGCACCCCCTTGGCCTTCAGGGCCTCGGCGATCCGGTAGGCCTCCGTGGGCTCGGTGTAGACGGTGAGGTTCTCCCCTTCCTCCTCCAGGTCCAGGGCGCCGAGCTCAATGGCCGCCTCCTGGGCCGCCTCGGTGTTCTCGCAGACGATCACGCCCCGCCGCTCAAACTGCCAGGC
NZ_AP024937.1_gap22	836610	838687	2077	GCCGCCTCCACCATCTTGGGGTCCTCCAAAATGTCCACGTCGCAGCCGTAGATCTCCGCTACCCAGCGCCCGCCCGGCACCGTTTCCACAAGCGCCTATCATAGCCCCCCGGGGGAGGGGGGGCAAGCCCCTCAGCCGAAGAAGTCCTTGAGCTGGTCCTTGGTGACGAGGACCTCCCGGGGTTTGGAGCCCCGGGGCGGGCCCACGATGCCCATGGCCTCGAGGGCGTCCATGAGCTTCCCCGCGCGGGCGTGGCCGATGGAAAGCCGCCTCTGCAGGCGGCTCACCGAGCCGTACCCCTCCTCCACCACGATCTCCGCCGCCTTCTTCAAGAGGGGGTCGGAGAAGTCCACCTCCCCCGGCCCTCCCCCCTCCACGGCCTTCGGGGGTTCAAAGTCGGCGCCGTAGGCCTCGGCGAAGCGGTCCTCGTAGCTTTGGCCCCGGAGGAAGCCCGCCACCCGGGCCACCTCCTCCTCGGAGACGTAGGGCACCTGGAGGCGCACGGGCTTGGGCAGGCCCGGTTGGTGGAAGAGGGCGTCCCCCTGGCCGATGAGCCTTTCCGCCCCCTGGGCGTCCAGGATGGTGCGGGAGTCAAACCCGCTGGAGACGGCAAAGGCCAGGCGGGCGGGGATGTTCACCTTGATCAGGGAGGTGAGGATGTCCACGCTGGGCCGCTGGGTGGCGAGGATGAGGTGCATCCCCGTGGCCCGGGCCATCTGGGCCAGGCGCAAAATGGCCGCCTCCACCTCCTTGGGGGCGGTCATCATCAGGTCGGCGAGCTCGTCCACCACGATGACCAGGTAGGGCAGGGCCTCCTCGGGCCCCACCTTGGCGTTGTACTGCTCCAGGTTCCGGGCCCCCACCTGGCTCATCAGGCGGTAGCGCCGTTCCATGTGGGCCACCGCCCCCTGCAGGACCCCTGCGGCCTCCTCCGGGCTCGTGACCACGGGGCGGACCAGGTGGGGGATGCCCTCGTAGGGGGTGAGCTCCACCATCTTGGGGTCAATGAGGAGGAGGCGCAAGGTTGTGGGCAGGTGTTTGAAGAGGAGGCTGTGGAGGAGGACGTTGATGGCCACGCTCTTTCCGCTTCCCGTGGAGCCGGCGATGAGGAGGTGGGGCATTTTGGCGAGGTCTTTCACCCAGATCTCCCCCTCAATGCTCTTCCCCAGGACCAGGGGGAGGAGGGCTTTGGCGTTTTGGAAGGCGGGGGAGAGGACGGCCTCGGAGAGGCGGACGAGCTCCCGCTTGGGGTTGGGCACCTCGAGGCCCACGGTGTTCTTGCCGGGGATGGGGGCCTCTATCCGGACCGCCCCCACTGCCAGGGCCCGGGCCAGGTCGTTCTGTAGGCTCTGGATCCGGCTGATCTTCTCCCCCGGGGCGGGGAGGATCTCGTACCGGGTGACGCTGGGCCCCCGGGCGTGGCCCACCACCTCGGCCTGGACGCCGAAGTGCCGGAGGGTCTCGGCGATGGTGCGCTTGAGCCGCTCGGCCTCCTCCTCCAAAGCCCGGCTCCGCTCCTTGGGCTCGGGGGGGTCCAGGAGGTCGGGGGTGGGGAGGGCGAGCAGGCCCGGGGCGGGCGCGGGGGGCGGGGAGGGGGCAGGCGCAGGCGGGGGGGCGGGCTTTTCCGGCTCGGGGAAGACGAGGTCCAGGTCAAAGGCCTCGGGCTCGGGCTCCGGGGCCTGGGCGGGCGCGGGCGGGGGGCTTTGGGTGAGGAGGGCCCGGAGGCCTTCCTGCTGCCTTTGGGGGTTGGCCTCGAGGAAGGCGAGCCAGCGGGAGAGCTCGTCAAAGCGGGCCTCCAGGTCCTCCAGAAGCCCCGCCACCTCCTCCCAGCGGGCGCGCCGCTCCTCCCTTAGCCTCCGGGCGCGGAGCAGGCCGGAAAGGGTGGGGGAGAGGGCGGGGAGGGCGGAGAGGGCCGCGATCCGGGCGGCGAGGGCCGAGACCTCGAGGAGGAGGGCCGCCCGGCGCTCCTCCAGGGCGTCCCGCAAGGGGCCTTCCCCGGGCACGGGGGCTTTCAGGGCCTGGAGGAGGGCCTGGATGCGGGGTTCCAGGGGCCTTTGGTCCTCCCGCATCCTCCTGG
NZ_AP024937.1_gap23	868431	871935	3504	CGATGTGCATGGCGAGGTCCTTGGCCAGGTTCTGGAAGAGCTCGTTCCGGGCCACAAAGTCCGTCTCGCAGTTGAGTTCTACCAGGACCCCAACCCGCTGGTTGTGGTGGATGTAGTGGCCGATGATGCCCTCGCGGGCTTCCCGGTCCGCCTTCTTGGCGGCCTTCATCGCCCCCCGCTCCCGGAGGAGCTGGACCGCCTTCTCCTCGTCCCAGCCGGCGTCCTCGAGGGCCCGCTTCACGTCCATCATGCCGGCCCCCGTGGCCTCGCGTAGCTTCTTAATGAGTTCCGTTTGGCTCATGCTTCCACCTCGCTTTCGCCCTCGGGCGTCTCGGTGGCTTCCGCCTCCTGCACCAGGGCGTAGGAGGGGGAGGGCTCCACCACCCCGCCCCGGGCCTGGATGATGAGGTCCACCGCCCGGGAGAGGATGAGCTGGATGGAGCGGATGGCGTCGTCGTTGCCGGGGATGATGTAGTCCACCAGGTCGGGGTCGGAGTCCGTGTCCGCCAGGGCGATCACGGGGATGAAGAGCTTCCTCGCCTCCCGGACGGCGATGGCCTCCTTGGTCGGATCCACGACGAAGATGGCGTCGGGGAGGCGCTTCAGAAGGCGGAAGCCGGAGAGGTACTTCTGAAGCCGTTCCAGCTCGTGCTTCAGCCGGACCTGCTCCTTCTTGGGGCGCTCCTCAATCTCCGGGGAGGCGAAGAGGGCCTCCAGCTCCTCCAGCCGGTGGACCCGCTGGGAGATGGTCTTGAAGTTGGTGAGCATGCCGCCCAGCCAGCGCTGGTTCACATAGGGCATGCCCGCACGCTCCGCCTCCATGCGCACGATGTCCTGGGCCTGCTTCTTGGTGCCCACGAAGAGGATCGTCCCGCCGCGCATGGCCAGGTCCTCAATGAAGCGGAACGTGCGCTCCAGCTCCTCCATGGTCTTCTGGAGGTCAATGATGTGGATGCCGTTCCGCTCCGCATAGATGTAGCGGGCGAACTTGGGGTTCCAGCGCTTCCTCTCGTGGCCGAAGTGGACACCGGCTTCCAGGAGCTCCTTAACCGTGATCTCTACGGGCATATTCCTCCCATCGGGGAAGGTTGGGCTTAGGTCTACGCCTTCGCTAGGACGGCGTGCGAGCGCGCCGGCCTCTTTCCCGCGGGACCTTCCCCTGCCCGAGGGCTGGTCCGGCGCACCTTCCCGATTATAGGCCCAGGGTCCCCTTTGCGAAACCCCCTCCCTTGGGCTATACTCCCCTAGGCCTGGGGCGGTAGCTCAGAGGGAGAGCACCCGCCTTGCAAGCGGGAGGTCAGGGGTTCAAATCCCCTCCGCTCCACCAAGTCAGGTACACAAATCTTTACCCCCCGGTAGCGTGGCCGGGGGGTCGGTTTTACTGCAGTTTTACTGCAACACGGCTCAGGCCCGGGGGCGGGGACGGGCCAGGTCCTCGGGGTCAATCACCCACCCCCGCCGCTCCTCCTTCAGGAGGTGGCGGTACACGTTCAGGGTGATGGTGGGGTTGGCGTGGCCCATGCGCTCGGCCACCAGCTCGAGGGGGGCCCCCTGGGCGAGGAGGAGGCTCCCGTAAGTGTGCCTCAGGTCGTGGACCCGGAGAGGAGGGAGGCCCAGGCGTTTGGCGATCCGCCTCAGGGCGTGGTTCGGGCTGTTGGGGTCAAGGGGCCTCGAGGGGTCCCCGGTCCCGGGGAAGACCCAGGAGGCGGGGAGGAGGCCGAACATTTCGCCCCACCACTCCCGGTACTCCCGGAGGCGCACCAGGGTGGCGTGGGGGATAGGCACGGCCCGCTCCCGCCCCGTCTTGGGCCCCGTGAGGTGGGGCTTCGCCCCGTCCGTGCTCCACGCCCGGCGCACGTGGAGGACGCCCTCCTCGAGGTCCACGTCCTCCCACCGAAGCCCCAGGGCCTCGCCCCTTCGGAGGCCGCAGGCCAGCATGAGCCGGAGGGCGAGGGCTACCCGCCGGTCCGGGTAGGCGTCCAGGGCCTCGAGGAGGCGGGCCATCTCCTCGGGCTCCAGGGTCCGGCCCGCACGCTCCCGGGGGAGGTCCCGGGGGGCGCGGATTTTCACCGGGGCCACGGGGTTGCGGGCCACCAGCTCGAGGTTCAGGGCCTCCTCGAAGAGGGCATGAAGCCGCTCCCGGACCTTTTTCACCGTGCGGATAGAGAGCCCCCGCTCGGTGAGGGCGTCAAGGACGGCCCGCACATGGGCCGGCTTCACCTCCTGGAGGCGCATGCGCCCCAGGGGGTCAGGGGCCTGGGGATCCCGGAGGGAGGGGAGGGCGTAGGCCAGTTCGTCCCGGTAGAGGGTAAGCGTTTTGGCGCGCACCTCGCGCGCCTTCCGTTCCAGCCACCTCGAGGCCCACTCCCGGAGGGAGGTTTCGGTGGGCTCGGGGAGGAGCCCCTTGTGTCGCTGGGCGGCGAGGTCGGCGAGCTTCGCGGCCACCTCCTGCCTGGTTTTGCCGTACACGGTGAGCCGTTTCGGTTTGCCGTCTGGGCCGTAGCCCACCATGATCTGGCCCATCCAGCGCCCGTCCGGGCGGCGCACGATGGTCCCTTCGCCCCTTCCGCGCCTAGGCATCATCTCCCTCCTCGTACGTGAACAGGTCGCCCACGCCGTAGGGTTTGCCGGTGAGGGCTCTGAGGCCGAACAGGATGGCCTCGAGGGCGCTCACATCCAGGCAGGCCGGCACCTCACCTCGGGCCCATCGGAAAACCGTGTTTCGCGCGGCCCGGTGGGCGATGGTTTTGGCGAGGCGATACGCCGTGATGCCCTCGCGCCGCAGGATTTCCGGGAGGCGGTTCCGGATCACGCCCCCATGATACCACGAGCAAAGGCCCACCTCCCTTGACAATAGTACCAAGCGCATGGTACTATAGGGGCACCTAGGGAGGAGGTTGGGGCCGCTCCCTAGGGGTTTGGAGGAAACCATGATCACGGTAGCACAGGCGGTTCAGGCTCGGCAAACCCAGGAGGACGGCGTGGTTCTGGTCCTGAGCGCCCTCGAGGCCAAGGCCCTCCTGAACGTCCTCCGGGGCGAGGTGGAATGGGGTGAGCTCCCGGAGGCCCTCGAGGAGGTTTACCGCCAGCTCAAGGGCTGGGAGAGGGGGCGGCGCACGGCGTAGGGCGAAAAGGGGGGCGGGGACTCCCCGCCCCCCTCGCGGAACGGGAGGATGCGATGATGAGGCTGATCCGGCTCAAAGGTCAGGGTGGGGTGGGGGCGCTGAGGCGGGCCCTCGAGGCGGCCCGCGATCTGACCAACGCGGGGTTCGTGGTGCGGGTGCGGGTGCAGGTGGACGCGGTTCCGGGGCCTAGGGCGCGGCCTGGCGGGCTCCCCGTGGGGTTCGCGCGGGGCCTCGAGGTGCACCGGGCGGCGTGGGAGGGCCTCGAGGAGGAGGCCCCCGAGGCTCCTACCCCCTGAGGATCCCGCGAAAGAGGCCGCCCCCCCCTACGAGGGGGGCGGTGCGTTTTTGGGCGATAACGGCACTTATCCCGCGCCCACCT
NZ_AP024937.1_gap24	889168	890602	1434	CCGAGCTCACGTCCCCGGGCTTGGTGAAGCCGGGAAGGGTCGCCAGGTGGAGGTTGTGGGCTCTCCCCACCCCCGCCTCCAGCATCCCCCCCATCCAGAGGGGGATCCCGGCGCTTTGGGCCAGGGCGTGCACCCGGAGGCTCTCCCCGTGGCCGCCGAGGCGGGCGGGCTTGACGTTGAAGACCCGGCCCGCCCCAAGCTCAATGGCCTTCCTCGCCTTCTCCGCCCCCGTGAGGCTCTCGTCCAGGCAGATGGGGGTGGAAAGCTCCCGCTGGAGCTTGGCGTGGTCCAGGAGGTCGTCGTAGGCCAGGGGCTGCTCTATGTAGTCCAGCCGGAGCTCGTCCAGGCGCTTGAGCCGGGCGAGGTCGGCAAGGCTATAGGCGCTGTTGGCGTCGGCGGTGAGGGTGGCCTCGGGGAAGGCCTCTCGCACCGCCTTCAGGACCTCGTAGTCCCAGCCCGGCTTGATCTTGAGCTTGATGCGGCGGTAGCCCTCCTCGAGGTGCTTCTCCACCACCTTTAGGGTGTCCTCCACCGAAGGCTGGATGCCCAGGGAGACCCCCACCTCCACCGCCTGCCGCACCCCGCCCAGGACCTGCCAAAGCGGCCTCCCCAGGGCCTTGGCCCAGAGGTCAAAGAAGGCCATCTCCAAGACCGCCTTGGCCATGGGGTTGCCCCGGAAGGGCGCAAGGGCCTCCCTTAGGGCCTCGGGGTTGGGGAGGTCCCGCCCCAGGACCCGGGGCAGGAAGACCTCCTCCAGGAGGTACCTGGCCCCCGCCACCGTCTCCTCCCGGTAGAGGGGAAGGCGCTCCATCACCCCTTCCCCCAGGCCCTCCAGGCCCTCCCCGAAGAGCCTTAGGAGGAGGATGGTCCTTTTGGTCTGCACTCCGAAGCTCGTTTCAAAGCGGAACTTCAGGGGAAGCTCCAAAATCCTGAGCTCGGCCGCCTCTATCCGCACGGTTCCAGCACCTCCTTGCCCATGTAGGGGACCAGGGCCTTGGGCACCCGCACCCGGCCGTCTTGGAGCTGGTGGTTTTCCAGGAGCATGGCCAGGATGCGGGGGGTGGCGAGGGCGGTGTTGTTCAGGGTGTAGGCGTACCGGACCCGGCCTTCGGGGTCGCGGTAGCGGAGGTTCGCCCGCCGGGCCTGCCAGTCCAGAAGGGCCGAGCAGGAGTGGGTTTCCCGGTAGCGCCCCTCCGAGGGCAGATAGACCTCAATGTCCACCTGCCGCCACTTCCCCGGGCCCATGTCCCCCGTGGCCACCTCCACCAGGCGGTAGGGAAGCTCTAGGAGCCGCAGGATCTCCTCGGCGTTTTCCAGGAGTTCCTGGAAGGCCCGGTCGGAGGCCTCGAGGCTGGCCTCGGTGAGGACGTACTGCTCCACTTTGTGGAACTGGTGGACCCGCATGAGCCCCCGCACGTCCTTTCCGAAGCTTCC
NZ_AP024937.1_gap25	892566	897092	4526	CCCCAGGGTCCTGGAGGTGGGCTTCGGGCTAGGGGTGAACTTCCGGGTAGCCCTGGAAAGCGCCCTGTTGCGGGGCGTGCGGCTTTTCTACCTGGCGGTGGAGCGGGAGCCCTTGCCCAGGGAGGTCCTGGCGCAGATCCTTCTCCCCTTGCCCCGGGCGGAAGCGGTCTTCGCCGCCCTCCTTAGGGCCTGGCCCACCCCCCGCTTCCTCGGGCCCTGGGGGGAGCTTCGGCTCCTCTTCCTGGACGTGCGGGAGGCGGTCCTGCCCCCCCGCTGGGCCACGGCGGTCTACCTGGACCCCTTCGGCCCCAGGGCCAACCCCGAGGCCTGGTCCCTCCCCGTCCTCCTCAAGCTCCGGAAGAGCCTGAAGCGGGGCGGGAGGCTCGCCACCTACTCCGCCCAGGGGGCCTTCAGGCGGGCCCTTCGGGAGGCGGGGTTCGCCGTGCACCGGGTTCCGGGGGTGGGGAAGCGGGAGTGGACGGTGGGTATCGCGCGAGGAGCTCCTCCCGGCTGAGGTAGGCCATCCTGGCCGGGGGCCTTTTCCGCTTGGGGAGCTCCCCCCGGTAGAGCCAGAGGAACCAGGCGCTGGCGAGCCCCGCCACGAGCCTCGGCCAGAAGGGGAGGTCTTGGGTCTTTAGGCCCAGGATCCTCCCCCCGTCCGCCAGGTAGGTGTACCCGTAGACGAGGCGCACCTCGGGGTCTTCGGCCACCCTCTCCGCCACCTTCCCGAGGCTTCGCCGCAGGAGGCGGACCGCCTCAAAGGGGGTGAGTTCCATAAGCCTCTGGCTCTCCAGGTGGAGCTCAAAGGCGGGAACGCCCGGGGGAAGCCCGGGGAGGGCGGGGCCGGGGAAGGGCTTCTTCTCTATCCGGAAAAGGTCAAAGGGGCCAAGCCCCGCTCGGACCACCCGGTGCTTGGCGTTGTAGCGCTCCTCAAACCCCTGGAGGCCCCGGATGAGGGCGAGCCTCGGGGTGAGGGGCAAAGGGGCGAGGTCGTCCAGCGTGGTGGGCCGGTACCCCAGGCGGAGCATCTCCGGCAGGGCCCGCTCCAAAAGCCTCAGGGTGCGCTCCGGGCCGTCGTGGAGAAGGACGATGGACCCGGGGCGCAGGTAAAAGAGAAGCCGTTCGGCGAGCTCCTCGGGGGGGAGGAGGAGCCAGTCCTTGCTTTCCAGGTCCCACAGGGCGACCCGCTTCCCCAAAAGCCGGGCGAAGAGGCGGGTGAAGGGGGTGTGGAGGCCGTGGGGGGGGCGGTAGTAGCGCCCAGGGTTTTGCGCCATGTGCCGCCACTCCATCCAGGGGAGGAAGAGCCAAAGGGGGCGGTGCCACTCCCCGTGGTCCTCTACCTGGTGGCCTTCCCGCCTTATGGCCTCCACCAGGTCCGGCCTGGCCCTCGCCCTCTCCCCGGTGAGGAAAAAGGTGGCCTTGACCCCGTGCCGGGCGAGGAGGGCGAGGAGGGCCTCCGTCCTTTCCGAGGGGCCGTCGTCAAAGGTGAGGGCCACCTTGGGCTCCCGCCGGCTTCCGTGGGCGTAGGCCCCCACCCCGAGGAAGCGGAAGAGGAGGTCGGAGAGGCCAAAGAGGAGGAGAACAGCACCGAAAAGCTCCACCATCACCGCCTCCAAAGCCCGCGCACGCGGAAGAGGAGGAGGTAGAAGAGGCTAAGGGCCAGGAAGATGCCCGAGCCCGCGAGAAAGGGCGCCCGGAGGCCGAAGGCCTCCCACAAGAGCCCGCCCGCCACCGGGCCCAGGGCGAGGCCGAGCCCCTCCACGGTCATGAGGCTACCCCAGATGGCGGCCCGGTTCTCCTGGGGCAGGTTCTTGGCCAGAAGCCCGTTCCACCCGGGGAGGAAGAGGCTGAACCCGAGGCCCCCGAGGAGGGCGGCGGCGGGAAGCTCGTAGGGGTGGGGCCCGGTGCCGAGCCGGGCCATGACCAGGGCGAGGAGGAAAAGCCCGAGGACGAGGGCCGCCTGGTAGCCCCTCCGGTCCACCAGGCGGCCCGTGAAGGGGAGGAGGAGGAAGGCCGCCCCGCCCCCCAGGACGAGGAGGCCCCCCAGGGCCAGGGGCTCGAGGCCGAGCTCTTCCTTGGCGAAGCGCAGGAGGAAGAGGGAGACGAGCCCCGGGGCGAAGGTTTGGCCGAAGGCCGCGGGCACGAAGAGGAGGAGGCGGTAAAGGGGGTAGCGCTCCCTGGAGGGGGGCGGGACGGGGATGCGGAAGCGCACCAGGCTTAAGGCCACGAGGAGGGCGAGCCCCTGGGCGGCGAGGAGGAGGTGGAGGGCCTGGAGGGGGTGTCTTTGGGCCACCTGGCCCACCCCCACGAGGCCGAGCCCCACCCAGGGCATCACCAGGCTCAGGGTGAAGGCCAGGGCCCGGGCGTCCATCCCGGGGCGGGCGATGCGGCTCGCCAGGGTCATGAGGCCGGGGTAGAGGGAGGAGAAGGTGAGGCCCCATAGGGCCCCGAGGGTCCAAAGGATCCAGGCCGAGTCCGCCCTTGGGGTGAGGAGGAGGGCGAGGAGGCCCGTGGCGGCGGCCAGGGTCACCGTGAGGCCGTAGCCGAGCCGCTCCGCCAGGAGCCCCCCTGCGGCCTTGGAGAGGTTTTCCGCGAGCTGGTGCAGAGTAAAGGCCAGGGTGAAGGCGGCGGGCCCCAGCCCCAGGTGCTCCGGGGCGTAAAAGGGGAGCAGCCCGGCGAAGTAACCGCTCCGCACCCCCTCCAGGAGGCCCACCACGAGGACGAGGCGGAGAAGGGCGGAAAGCCCTTCCCGCCGCCACGGGAGAAAGCGAAACACGCTAGAGTATACCCGTGCGCGTCAGCGTGGTGATTCCCGCCCGGAACGAGGAGGCCTATCTGCCCTCCGCCCTGGAGGCGGTCTTTGCCCAGACCCTTCCGCCCTTTGAGGTCATCGTGGTGGACAACGCCTCCACCGACCGCACCCGGGAGGTGGCCGAGGCCTTGGGAGCGCGGGTGGTCTTTTGCGGCAGGAAAGGGGTGGCCCACGCCCGCCAGGCGGGGCTTTTGGCGGCGCGGGGGGAGTGGGTGGCCATGACCGACGCCGACTCCCTGCCCACGCCCCGGTGGCTGGAAAGGCTCGCCCATAAGGCCCCGGGGGCGGTGGCCGTCTACGGCCCCTTGCGCTTCTACGGGGTCTCCCCCTGGGAGGCCGCCTTCTCCGAGTGGGGCTACCGGGCCTTCCTCAACCTCATGGCCCTCCTAGGGCGGCCCAACCTCGCCGGGGCCAACATGATGCTCCTGAAGGAGGCGGCCCTGAGGGTGGGGGGCTTCCCCGAGGTGGAGGCGAGGGAAGACGTCCTCTTGGGCTGGAGGCTCAAGGCCCTGGGCCCCGTGCGCTACGCGAGGGACGCCCTCGTTCTCACTTCCGCCCGCAGGCTCCAGGGAGGGTGGGGGCGGTTCCTCCTGAGGCAGGCTAGAAACCTCCTGGGCGATCCTCGAGGCTACTTCGAGGAAGCCGGGGAAAGGGAAAGATGAGCCTTCTCGGCTCTACCCGCAGGATCTCGCTCGCCTCGTCGTAGACGGCCACGATCTGCTCGGCGATGGTTTCCGCCGAGCGCTTTAGGGCGAAGGCCCGGGCTTGCAGGCTGAAGCGCCTGCGCCGCTCCTCGTCTTTGAGAAGCTCTAGGGCCTTTTCCGCCAGGGCCCGGAAGTCCCCCGGCGGCACCAGGAAGCCCGTCTTCCCGTCCTCCACCCCTTCCAGAACCCCCTCCGCCCCCACCGCCACCACCGGGACCCCCATGGCCTGGGCCTCCCAGACGACCAGGCCCTGGGTCTCCGTCTCGCTGGCGAAGAGGAAGAGCTCGGCCAGGCGGTAGTAGCCCCCGATCCTCCTGTAGGGCACGGGGCCCAGGAAGAGGACCCGGTCGGCGATCCCGAGTTCCTTGGCGAGGGCCTTGAGGTGGGGAAGCTCGGGGCCTTCCCCGATGTGCACCAGGAAGACGTCCTCCTCCTTGGCGAGTTCCGCCACGGCCTTGAGGACCACGTCAAAGCTCTTCTCCTTGCCCAGCCGCCCCACGGTGATGAGGCGCCTCTTCCCCTCGGGCCAGGGGGAAGGGGAGGGAAGGGGGGCCTCTTCCAGGAGGCGGTTGTCTATGCCGGTGGGGATGACCCGGATGGGGCGCTCTATGCCGTAGCTTTCCGCCAGGCGCTTCACGGGCTCGGTGGGGGCGATGACCACTTCCACCCGGTTGTAGAAGGCCTTGGCCAGACGGGGCACGATGCCCGTGTACTTGTCCAAAAAGGCGAGGCCCGGCACGTAGTGGGCGTACTTCTCGTAGTGGGTGTGGAAGGTAGAGACGTGGGGGAGGTTTTTGTTGCGGGCAATCCTCAAGCCCCAGACCCCGAGGGTCAGGGGGGTGTGGGTGTGGATGAGTTCAAACTCCGTGGGCAGGTGCCGGGCGGAGGGGAGAGCGATCTGCTGCCCCTCGTAGAAGGGGTAGGCCACGGAGGGGACCCGCACCACCCCTTCCTCGTTCTCCGGGGCCTCGGGGTGGGCCGGGGCGATGACCCAGGCCTCGTGGCCCATC
NZ_AP024937.1_gap26	902207	903211	1004	GCTCCAGCCTCTACTTCAGCGTGGCCGACCTCTCCCACCTCGCCCGAAACGGCCGCCTCCCCCGCTTTGGCGAGGTGGTGGGGAACCTCCTGGGCCTGAGGCCCATCCTCCGCATAGAAAGGGGGCATATCCGCTTCCTCCGGGTGGCCCGGGAGGACGCAGTCCCCGAGACCCTGGCCCGGCTGGTGGCGGAGGAGGTGGGGGGGAAGACCGTCCGCGTCGCCATCGCCCACTCCGACGCCAGGCCCGAGTGGCTCGAGGGCCTCAAGCGGAGCTTGGAGAGCGCCCTGCGCCTGGAGCGGGGCAGGGTCACCCGCTCCGGAGCCACCATCGCCGCCAACGTGGGCCTGGGGGCGCTCGCGGTCCACGCCTACGCGCTAGAATAGCCTTTGGCCCTTCGGGGCCGTGGCGGCATGGAAATCGCGCTAGAGAGGATCTACGGTCACCGCCTGGCGCTCCCGCAGGTGGGGGCGGCCCTGCTTTTCTCCCAGGAGGCCCCCCCGGCCCTCCTCCTCGTCCCCGAGGCGCGGCTTAGGCGCTACCGGGACCTCTCCGCCTTCGGGGCCAAGGTCTACGTGAACCCCGGCCTCGAGGCCCTGGAGGAAAAGGCCCTCTTCGTCCTCTCCTACGAGGAGGCCCTAAGCCCCTTCCCCGAGGACCCCGAGGCCTGGCGGCTTCTTCTGGAGGTGGGCCGCGCTTACCCCCGGGAGGCCCTCCTCTCCCGCCTCCTCAAGCTGGGCTACGCCCGGGACGAGGACTACTGCGTCCTGGGGGAGGTGGTGGAGCTCGGCGAGGTGCGCCTGGAGTTCTTCGGGGACGAGCTGGAAAGGCTTGTGGTCCGGGGGGAGGAAAGGCGGCGCCACGTCCTCCTGCCCAAGCCGGGGAAGGCGGAGGGCTTCACCTCCAAGAAGGTCCTCCACTTCCCCGGCCCCGTCTACCTGGACACCCCCGCCCTCGCCCCCAAGGCCCTTTGGCCCCTCCTCGCGGGAAGGCCCTGGGTGGCC
NZ_AP024937.1_gap27	944050	946074	2024	GGGTAGCGCAAGGTTATGCGCCAGGGGAAGGGCGGGCCTCCCCGAAGAGGTGGAGGAAGAGGGCCTCGAGGCTCGGCGTCCCCCGGGAGACCTCCAACACTTCCACGGGGAGGGTTCCCAAGACCTCCCGCAGCGCCTCCCACGGCCCGAGGAAGAAGAGGACCTCGGGGCCCTCGGCGCTCCAGCCGGGGCCTAAGGCCTTGAGGAGGGCCTCCGCCTTGGGCTCGGCGAGGCGCACCCGGTACCCCTCCCCGGCCCAGTCCCGGAGGAGGGCCCGGGTGGGGCCCTGCCGCCGCACCTCCCCCCGGTGGAGGAAGGCCACCCGGTCGCTCACCCGCTCCACCACCTCCAGGTCGTGGGAGGTGAGGAGGATGCCCCAGCCCTCCTTCTTAAGCTCCAGGAGGATGCCCTCAAACTCCCTCCGGCTCACGGGGTCCAGGCCCAGGGTGGGCTCGTCCAGGAGGAGGAAGCGGGGCTTGAGGGCGAGGGCTAGGGCCAGGGCCGCCTTCTGCTGCATGCCCCGGGAGAGGGAGGCGAGGGGGGCGTGGAGGCGGTCCTTTAGGCCGAAGCGCTCCAGCCAGGCCTCAAACCGGGGGCGGACCTCCCTGGGGGGAAGCCCCCGGATGCCCCCGAAGTAGAGGGCGTTCACCAGGAGGCTCAGGTTGACGTAGAGGTTGCGGCTTCCCTCCAGGAGGACGCCGAACTCGTGGCCCTGGGGTCTGCGCCGCGCCCCGCCCTCCTCCAGGACCACCTCCCCCCCATCGGCGAGGAGGAGGCCGAGGACGACCTTGATGAGGGTGGTCTTGCCCGCCCCGTTGGGGCCCAAAAGGCCTAGGATCTCCCCGGCCCCAAGCTCCAGGCTCACCCCTTTTAGGGCCTCCAGCTTGCCGAAGCGCTTGTGGACGTTTTGCACCAAAAGCCGCATCAGTACCTCCCTAAAATCCCCCGCAGACGGACCAACCTATGCATGTAGCCTAAGGCCAGAAGGCCGAAGCATACGAACAGCAAAGCCTGCAGAAAAGCAGAAAGGACCACCCACTCTGTCCACTCGCCTCCCCCGGAAAAGCTTCGGCTCAAGAGGTGTGCAGCTGGGGCCAGGGGAAGGTACACCATGTAATCTCTCCAATGGTTTACCGAAAAGAAGTAGAGCAAGAGACCAAACTGGATGATGGTAAAAAAGCTTAGAATCTTCTTGAAGTAGAGGGCGAGGGCAGCCATACTCAGGGAAAACCCCAAGGCTGATACCACCAAAAGTGCCAGGGCAAGCAGCCAGAAGGGTTTCGGATTGAAAGAAGCGCCCGTCAGCACCAACAGAACCCCCAACAAAACGCCCGTCCTAAACAGGATAAACAAGCTATCCGATGCTCCCCTAAAGAGAAGCTGGACCACAAGACCCCCCCGGGCCAAGGCTAAGTGTTCTAGCGTACCCCTCTGAGCTTCCTGGGCGACCGTGAAGGCCACAGATTGAAAAATGCCCACCACTATGCCAAAGACGGCATACATGAAGAGGATGTTCTGCCCTCCGCCAAGGTCGGCGCTCGGGTTAGACACGACGACCGATCCCAGGGCCATCCATATGGCGTAAAAAAACGCCATATCCGCAAAGAGACCGGCCAAGAAGTCGGGCCAATAAATCCGGTAAAAGTTCAAGTTGAGCCAAATCTCCGCGAAAAATTGGCGTAGATAAGCCATACTTTCCTCCCTATGAGAGAGCTAGATGACCGATGTAGGAAGCTCCGCATTGGGGCCGAGGACCAAGCCCTTAGTTGCTTGATCCCCGACCCCATAATCAGCCTAACTAAGGCCTAGCTCTTGCCATTAACGACGCAGAAGGAGCCGCAAATGAAATCACGCTTTTTGCTATCCGGCTTGAGAATCCACCGCATCCTCCTCACCTCCTTTCCCTAGCCCGTGCAGGGGCGAGGTGCCGGCTCTGCCTCGCCCGCACGTTCGGCTAGAAAAGTAAAGGTTGGCCAGGGCCGTGTAGGGCGCCCATCCTTCTGAATCCAAGACGGCCAGGCCAC
NZ_AP024937.1_gap28	956442	957551	1109	ACCCACGACGTCTTCGGTCCCCTCATGCGCCTTTCCGCCGAGCTCCTCCCGGAAAGCGGCCTCTCCGAGCACCTCTACCCCGCCGTCCGCCCGGGCTACGCCCTGGTGGCGGCCTCGGTGGTGCTGGCCTCGAGCCTCCTCGCCCTCCTCTTCCCCGCGCGCCTCGTCCTCCGGATGGACCTTTCCCGCTACCTGAAGGGAGCGTGATGCCGTGAAGTGGTTCGCTTTTCTCCTCCTCGGACTGGGGCTGGTCCTGGCCCTTACCCCCGCGGAAAAGCTCAAGCGGGCGCTGGACCGTCTCCGGGGCCCGGCCCATGAGGCGGTGTACCTGGTGCGGGTGGAGCGGCCGGGCTCGGTCAAGACTTACCGGCTCTTGGTCTACACCGACGGCGAGCGGGCCCACCTCAGGGTGCTGGAGCCCAGGAGCGAGGCGGGGCAGGCCTTCCTCTCCTTGGGGGAGGACCTGTACCTCTACGACCCCAGGCTAGGCCGGACCCTCCGCCTCCCCCCCACGGGGCGCGCGGAGCGCTTCCTGGGGTCGGACCTCACCTACCAGGACCTCATGGGCCGGGACCTGGAGGCCCTCTTCCAGGTGGAGGAGGAGGGAGGGGCGCTCGTCCTCACCCCCAGGCCCCGGGCCCCCACCCCCTACGGGCGGGTGGAGGTCTACCTGGAAGGGGAGCTTCCCGTGCGCCTCGTCTACTACGATCAGCGGGGCCAGGCGGTGCGGGAGGTGGTGGTCGCCGGCTACGCCCCTTTGGACGGGGCCCTTCTGCCGCGGCTTTTGGAGGTGAAGGACCTCCTCCGCCCCGGGTACCGGACCCGGGTGGAGGTCCTCGAGGCCAAGGCCCAGGCGGTGAGCGAGCGGTGCTTTAACCCCCTCTACCTGGAAAGGGGGTGTTAGGTGCTCCGCCTCGCCTGGCGCAACCTCCTCCGCACCCCGGGGCGGAGCCTCACCACCGGGGGGGTGGTGGCCCTGGTGACCTTCCTTTCCGTGGTCCTCCTCTCCTTCTACGCCGGGGCCATGGACGCCTTCTTCGGCCTCCTGCTGGAGCGCACGGGCCACCTGGTGGTGCGGGTGGAGGGCTACCGGGAGAAGCAGGCCCTCG
NZ_AP024937.1_gap29	1029469	1030248	779	GGCCAGCACGGGCTCTTCCTCCCCCTATTCGGCCACCTAAACGGCCAGCCCCGGCCCCTCTACGAGGCTTGGAGCAAAAGCCCCGTTTCCCTTCCCTTCCGGCCCCGGTACGCCAGCCCGGAGGCCATACGCCGGTTGGTGCGGGCCGTGCCGTTCCTGGAGGTCGCTTTGCAACGCCGCCCCGAGGGGCCACGGCATGAAGCGGCCATGACCCTCCTCAACCTGGCCCACCGGGCCGGGGTGCTGAAAGAGGTTGGGGTGCTCCTCGGGACCTCCAAGGTCTACGAGGCATGGGAGCTTGCGGATACCCGCACCCTCGAGGCTTGGAGGGAGGAACTAAGCCGGCTGGCCGAAGCCGCCGCTTCCGAGGAGTACGCGCACAAAAGGGGCGTTCCCTTCCTCCGGGAGGTGGGTTTTGACCCCGCCCCCATCGCCAAGCTCCTCGGGGAGGAGCCCAAGGAGTGGCCCCAGCCCAAGCCCCTGGAGGAGCTGGAAGCCCCCTTGCCCCCCTGGAAGCGGGGGCTCCTCCCCCCGGCCATGGAGGACCTGGCCAACGCCCTGGCCGGTCAGCTTCTTGTGGAGCCCACCGCCCCCGCCGTGGCCATGCTGGCCGCCGTGAGCGCCGTCCTGGCCCACCGCAAGCTTGTGGTGGCCCCCGAGCCCGCGAACGCCGGTTGGGAGGAAACCCCCGTCCTTTGGGTGGTGCTGGTGGGGCCTCCGGGAAGCGGGAAGACCCCCGTCATCCGGGAAGCCACCCGGCCCGTTTGGGCCATTGAGCA
NZ_AP024937.1_gap30	1046716	1049127	2411	GGCGTCCATCAGCCCCCCCACGGAGTCCCGCACCAGGCGGAAGCCCATGAGGAGGATGTTCCCCGCCACCAGGAGGGCGAGGAGGGGGTCCAGGATCCAAAACCCCGTGAGCCAGGCCAGGCCCACCCCCAGGAGGACCCCCCCGGAGGTGAGGACGTCGGAGAGGACGTGGTAGCCGTCGGCCACCAGGGCCGGGGAGCGGTGAAGCCTTCCCTGGCGGATGAGGTGGTAGGCCAGCAGGCCGTTGGCCGAGGAGGCGAGAAGGCTCACCAAAAGCCCCGGGCCAAGGCCCTCCAGGGGCACGGGATGGAAGAGGCGGGGAAGGGCCTCCTTGGCGATGAGGAGGGCGGCCAGGACCACCAGGACCCCTTCCAAAACCGCTGAGAAGTACTCCGCCTTGCTGTGGCCGAAGGGGTGGGTTTCGTCGGGAGGACGCTGGGCGAAGCGGATGGCCAGGAGGGCGAGAAGCGCCCCGGCCACGTTCACCAGGGACTCGAGGGCGTCCGAGAGCAGGGCCACCGAGCCCGTGAGAAGGTAGGCGAAGGCCTTGATCCCCAAGACGAGGAGGGCGACGACGAGGCTCAACCGGGCGGCGTTTTCGGCCATCTAAACCCCTCCTTCCACCGCCTCCTTCTTGGGCTTGAGGAGGGGGAAGAGGAGGACGTCCCTTAGAGAGGGCTGGTCGGTGAGGAGCATGGCGAGGCGGTCCAAGCCGAGGCCAAGCCCCGCCGCCGGAGGCATCCCGTACTCCAGGGCCAGGAGGAAGTCCTCGTCGGGCTCGGGGGCCTCCTCGTCCCCCTCCTTGCGGCGCCTCGCCTGCTCCAGGAAGCGCTCCCTCTGGTCCAAGGGGTCGTTGAGCTCGGAGTAACAGGGGGCAAGCTCCATCCCCCCGGCGTAGAGGTCCCAGCGCTCCACGAGGCCCGGCTTCTCCCGGTGCCTTTTGGCCAGGGGGCTGATGGCCAGGGGGAAGTCAAAGACAAAGGTGGGGTCCTGGAGCTCGGGCTCCACGTAGATGCCGAAAAGCTTGTCCAGAAGCTTATAGTTCGGCACCTGGGAAAGCTCGGGGTGGTGGGCGTCGGCCCAAAGCCTTAGGCGCTCCAGGTCCAGGGGGTCAAAGGGAAGGCCCGCTTTCTCCTTCAGGGCCTCCACGAAGGAGATGCGCCTGAAGGGCGGCTTGAAGTTCAGCACCCGCCCCTGGTAGGGGACCTCGTAGCTCCCGAAGAGGTGGAGGACGAGGCCCGAAAGGAGCTCTTCCACCAGGCCGGCCATGTCCTGGTAGTCGGCGTAGGCCCAGTAGGCCTCCAGCATGGTGAACTCGGGGTTGTGGTTGTGATCAATGCCCTCGTTGCGGAAGTTGCGCCCGATCTCAAAGACCTTCTCGTACCCCCCGACGAGGAGGCGCTTGAGGTAGAGCTCCAAGGAGATACGGAGGTAAAACTCGTGGTCTAGGGCGTTGTGGTAGGTCTTGAAAGGCCTGGCCTCCGCCCCGCCCGTGGTGGGCTGGAGGATGGGGGTCTCCACCTCCAAAAACCCCTTGGCCTCAAAGAAGCGCCGGATGTAGCGGACGATCTCCGAGCGGCGGCGGAAGACCTCCCGCACCTCGGGGTTGACGATGAGGTCCAGATAGCGCTGGCGGTAGCGGACCTCCTTGTCCCGGAGGCCGTGCCACTTGTCGGGGAGGGGGTGGAGGCTCTTGACCAGGGGCGTCCAGTCCAAGACCTTGACCGTCACCTCCCCCGTCTTGGTGGTGAAGGGGTGCCCCCTCACCCCCAGGATGTCCCCCACGTCCAGCTTCTTGAGGAGCTCGTACTTGGGCGTGAGGTCCCTCTGGAAGTAGAGCTGGATCCTTCCCGTCTCGTCCAGGAGGTGGGCGAAGGTCACCTTGCCCATGCGCCTCAAGGCCACGAGGCGCCCGGCCACGGCCACCTCCTCCTCCGGCCACTCGGACTCAGGGGGGGCACCCCACTTGGCCTTGAGGATGGCCTCGGCGCTGTGGGTCTTGGGGAAGCGGTAGGGGTAGGGGGCAAACCCCGCCTCCACCAAGGCTTCCAGGTTGAGCAGGCGCTGGCGGGTCTGGTCGTTCATGGTCTCAACCGTGGATGGCCACCACCCGGAACTCCCGCTTGCCCTTGGGGGTGTCCAGGGAGAGCACGTCCCCCACCCGGTGGCCCAGAAGGGCCTTGCCCATGGGCGAGGCGTCGGAGATCTTCATGGGCGTGTCCAGGACGTTGGCCTCCGCCGGGGAGACCACCTGGACGGAAAGCCGCTCCCCGGAAAGGGGGTCTTCCAGCTCCACCACCGAGCCCAGGCCGATGACCTCCCCGCTTCCCTCCTCCAGGATCACGGCCCGGGAGAGGATGTCCTCCAGGGAGTCAATCCGGGCCTCAATCCGGGCCTTCTCCTGCTTGGCC
NZ_AP024937.1_gap31	1058087	1060574	2487	GCCAGATAGAGCTCCGCGTCCTCGCCCACCTCTCCGGGGACGAGAACCTGATCAGGGTCTTCCAGGAGGGGAAGGACATTCACACCCAGACCGCAAGCTGGATGTTCGGCGTCCCCCCGGAGGCCGTGGACCCCCTGATGCGCCGGGCGGCCAAGACGGTGAACTTCGGCGTCCTCTACGGCATGTCCGCCCACCGGCTCTCCCAGGAGCTCTCCATCCCCTACGAGGAGGCCTCGGCCTTCATTGAGCGCTACTTCCAGAGCTTCCCCAAGGTGCGGGCCTGGATAGAAAAGACCCTGGAGGAGGGGAGGAAGCGGGGCTACGTGGAAACCCTCTTCGGAAGAAGGCGCTACGTGCCCGACCTCAACGCCCGGGTGAAGAGCGTCAGGGAGGCCGCGGAGCGCATGGCCTTCAACATGCCCGTCCAGGGCACCGCCGCCGACCTCATGAAGCTCGCCATGGTGAAGCTCTTCCCCCGCCTCCGGCAGATGGGGGCCCGCATGCTCCTCCAGGTCCACGACGAGCTCCTCCTGGAGGCCCCCCAAGCGCGGGCCGAGGAGGTGGCGGCTTTGGCCAAGGAGGCCATGGAGAAGGCCTATCCCCTCGCCGTGCCCCTGGAGGTGGAGGCGGGGATCGGGGAGGACTGGCTTTCCGCCAAGGGCTAAGGAAGCCCTGGTATAGTGGCCGCCATGAGGCGCTACTTCGGCACCGACGGGGTGCGGGGGGAAGCGGGGAAGCCCCCTCTTACCCCGGAGTTCGTCCTAAAGCTCGGCCAGGCGGCGGGAGCCTACTTCCTTGCCCAGGAAAAAAGGCCCGTGGTCCTCCTCGCCAAGGACACCCGGGAGTCCTCGGACCTCCTGGAGGCCGCTCTGGCGGCGGGGCTTATGAGCCAGGGGGTGCGGGTGGAGCACCTCGGGGTCCTCCCCACCCCGGGGGTCGCCCACCTCACCAAGGCCCTCAAGGCCACGGCGGGGGCGGTGATCTCGGCGAGCCACAACCCCTACCAGGACAACGGCATCAAGTTCTTCGGGCCCACGGGGGAGAAGCTCCCCGACGAGGCCGAGGAGGAGATTGAGCGCCTTCTCCTGGAAGACCACCCCACCCGGGGCATCGGCACCGTGGGGGACTTCCGGGAGGCGGAGAGGATGTACCTGGACTTCCTCCTCGCCCACGCCCCGGACCTCACGGGGCTCAAGGTGGGCCTGGACCTCGCCCACGGGGCCACCTACCGCATCGGGCCCAAGCTCTTCCAGAAGGCGGGGGCCGAGGTCATGGCCTTCTTCAACACCCCAGACGGCCGGAACATCAACCGGGGCTGCGGCTCCACCCACCCCGAGGCCCTGGCCCGCTTCGTGGTGGAGCTCGGGCTGGACCTGGGCCTCGCCTTTGACGGGGACGGGGACCGGGTGCAGCTCGTAGACCGCAAGGGGCGCCTCTTCCACGGGGACCACGTCCTCTACCTCGCCGCCTTGGCCTTTGGGGAGAAGGGCGTGGTGGGGACGGTGATGAGCAACATGGCCCTGGAGGTGGCCCTCAAGGAAAGGGGCCTCGCCTTCCACCGGGCGGCGGTGGGGGACCGGTACGTCCTGGAGAAGCTCAAGGAAACGGGCCTCGCCCTGGGAGGGGAGCCCTCGGGGCACGTGATCTTCCTCCGCCACCACACCACGGGGGACGGCCTCCTCACCGCCCTCCTCACCCTGAAGGCCCTAAAGGCCCTGGGCGGGGACCTCGCCGACTGGTACGAGGCGCTTCCCCTCTACCCCCAGGTGCTCCTCAACGTGCGGGTTTCCGACAAGGCCAAGGTGATGGCGGACCCGAGGCTTGGGGAGGCCATCCGCGAGGCCGAGGCCCGGCTAGGGGGGAGGGGCCGGGTGAACGTCCGCCCCTCGGGGACGGAGCCCGTGGTCCGGGTCATGGTGGAGGCGGAGGAGGGGGCGGAGGAGGTGGCGCGGGAGCTCGCCGAGCGCGTCCGGGCCCTCTCCCAAGAGGCCCAGGCGGTATGATGGACCCCGATGGCGGAACCCCTCGGCCACTACCAGGAGCAGCGGGTAGGGGTGTTCGTAGACACCCAGAACCTCTACCACTCGGCCCGGGACTACTACGAGCGCAACGTCAACTTTGAGAGCCTCCTGCGCTTCGCCGTGGGGGGAAGACGTCTGGTGCGGGCCACCGCCTACGTGGTGGAGAAGGAGGGGGACACCTCCGCCTGGCCCTTCATCTACAAGCTTTCCACCATCGGGTACAAGGTCCGTCGGATGTACCTCACGGTGAAGGAGACGGGGGAAGGCGGGCGGCCCATCTACTCCGGCAACTGGGACATGGGCATCGCCGCCGACATGGTCCGGCTCATGCCCTACCTGGACGTGGTGGTCCTGGGGAGCGGGGACGGGGACTTCGTGGAGATCCTCGAGGTCCTGATGGAGCGGGGCATCCGGGTGGAGGTGATCGCCTTCCGGGAGACCACGGCCCAGCGGCTCATTGACGCCG
NZ_AP024937.1_gap32	1061630	1063146	1516	GGAAGAGGGCTACCGCTTCTACTCCCTCGGGGACGCCATGCTCATCCTGTAGAGCGCGAAGGCGAGGGCCTCCATCTCCTCCCGCAGGTGGAGGGCCCTAAGCCAGCGCTCGGGGATCGCCCCAAGGCCGTAGTAGGCCCCGGCGAGCTGGCCGTAGACCGCCCCCACGGTGTCCGCGTCCCCCCCCAGGTTCACGGCGAGGCGCATCCCCTCCTCAAAGTCCCGCCCCCGGGCGAAGGCCCAAAGGGCCGCGGCCAGGGTCCCGGGGGCGTGGCCCGGCCCCTCCTCCGGCGCCTCCCAAAACCCCCCTTCCACCACCCGCCTTAGGGCGGGGTGGAGGTCGGCCCCCCGGAAGGGCTTAAGGGCGAGGAGGGCCTCTTTGGGCGCCCCCCTCAGGGCCTCCCGGAGGAGCCAGGCGAGGACCTCGGTGGCCTCGAGGGCCTCCCTCGCCCCGTGGGTGGTCCGGGCGGCGCGCCGGGCCAGGGAAAGAAGGTCGGGGTGGTTCTCGTAGGCGAGGACGAGGGGAGCGAGGCGCATCAAGGGCCCGTTTCCCGCCCCCGCCTCGTCCCCCGCGTAGGGGTCGCCCGTGGCGGCGTAGCGCTCCAGGGCCCTCCTGGTGGTGTGGCCGAGGCCAAAACAGACCCCGGTGGCGCTCCTGTACCCCTCCCGGTACCAGCGCAGGTAGCGGTCCATCTGGTCCTTGGGGTCAAACCCCTTCTCCAAGAGGCTTTCCGCGAGGCAGAGGGCCTGGCTCGTGTCGTCGGTCCAGACCCCGGGGGGAAGGCGGTGGGGCCCCCCGCCCCGCATCTCCCGGACCTCCGGAAAGGTGCCCCTGGGCAGGCCCTCCACCTGAGCCCCCAGGGCGTCTCCCACGGCGAGGCCCAAGAAAGCCCCAAGGCGCCGGTCCTGCCTCTCCTTTAGGCCCTTCACCCAGGCCTCGGCCTCCTCAGGCCCCAAGAGGGTGGGCCGGCGTTCCGGGGAAAACCAAGCGAGGAGGCGGGCGGCCTCCTGGGGGTCCAGGCCCTCGGGGCTTTGGGCCAGGAGGAGCTTGTGGTCCCCGTCGGCCAGGGCCACCATGCCCAGCACAAGGCCCTCCGCCTCCTCTCCCGGGGAGAGGGGCGGCCCCAGGTAGACCGCGTCCACCTCCTCCCCGTCCGCCGGGTTGAGGAGGCCCTCCACGAGGCCGTAGTTCACGGGGGCGGGGCGGTCTTGGCCCACGAAGCGAAGCCCTCTCCCCTCCCAGGCGTAGCGGTAGGGGCTTCCCTGGCTCCACTCCACGCGCATCCGAAGCCTCATACCGCCTCCAAAAGCAGGCGGGCCACGGAGAGGTAGATGAGGAGGCCCGTGATGTCCGAGAGGGTGGCCACGAGGGGGTTGGACACCAGGGCCGGGTCCACGCCGAGCCGCCTCAGGAGGAAGGGGAGCAAAGCCCCCACCAGGTTGGCGAAGAAGACGATGAGGACCAAGGACACGCCCACCACGGGGAGGAGGAGGGGGTGGCCGTCCCAGTAGACCT
NZ_AP024937.1_gap33	1064398	1064963	565	GGGCCTCCAGGAAGCGCTCCAACAGGAAGAGGACCAGGGCGAGGCCCACGAGGAAGGGCCTCAAGGGAAGGGCCCCCTTCCCCGAGGAGGCCTCCTCGCCCGCCGCCGGGCCCGGGAGGAGCCTGCCCCCCGAGGCCTCGGCCAGGGCCCTCAAGACCTCCCGCCCGTCCTGCGGGCTCCACTCCCCCGGGAGGGAAAGGGCGAGGGGGAGGCGGAGCCCCCTGTCCAAAAGCACCCCCTCCCCTTCCACCCGGGCCTCAAAGCGGAGGGGCCCGGTGGGGACCATGGGCCGCCTCGTCCCTCCCGAGAGGATCTCGGGCGCCTCCAGGGGGCCCAAGGCCACCACCCTCGCCCCCTCCCCCTCCGGGTAGGCGTAGAGGGCGAGGGCCCGCCTCGCCCCGATGAGCCAGCGGAAAAGCCCCCCGAGGAAGGCCGAGGCTTCGGGGAAGTCCCGCCAGGAGCGGGAGAGGTCCGTGGCCAAGGCCGCGACCCTCCCCTCCCCCCGCTCCGCGATGGCGAGGACGGCCCGCTCGCCGCTTGTGAGGAGGACCTCGGCCCAAGGCTC
NZ_AP024937.1_gap34	1066731	1070549	3818	GTCGTAGAGGATCTGGGCCCCCACGCCGTAGTCCCGGAGGTCCGGGGGAAACCCCAGGGCCAGGTTGGCCTCCACCGTGTCCAGCCCTTGGTCCTGGAGGTGGTAGGCCTTGATCTTGTTCACGAGGCCGATCCCCCGCCCCTCCTGCCTCAGGTAAACCAAGACCCCCTTTCCCTCCTGGGCGATCTTTTGCAGGGCCAGGTCCCTCTGGAAGCCACAGTCGCACCGCAGGGAGTGGAGGGCGTCCCCGGTGAGGCACTCGGAGTGCATGCGCACGAGGACGGGCTCCTCCGGCTCCCAGCTTCCCATGACCAAGGCGGCGTGCTCCTCCCCCGTGAGGGTGTCGCGGTAGCCCAGGATGCGGAACTCCCCAAAGCGGGTGGGGAGCAGGGCCTCCGCCTCCCGCCGCACGTAGAGGTCCCCCTTCTCCAGGCGGTAGCGGATGAGGTCGGCGATGGTGCCCACCTTGAGGCCGTGCCTCCTAGCGAAGGCCAAGAGGTCCGGCAGGCGGGCCATGGTGCCGTCCTCCTTGAGGATCTCAATGAGGCTGCCCACCGGGGTGAGGCCGGCGAGGCGCAACAGGTCCACCGTGGCCTCCGTGTGCCCGGCGCGGCGCAAGACCCCCCCGGGCCTCGCCACCAGGGGGAAGACGTGCCCCGGGCGGCGGAAGTCCTGGGCCGTGGCCTCGGGGTCGGCGAGGAGCCTGATGGTGGCCGCCCGCTCAAAGGCGCTGATCCCCGTGGTCGTCCCCCGGGCGTCCACGCTCACGGTGAAGCGGGTTCCCTGGGGGTCCTGGTTCCTCTCCACCATGAGGGGGAGGTCCAGGGCCTTGGCCCTTTCCTCCGTGAGGGCCACGCAGAGGAGGCCCCGGCACTCCTTGAGCATGAAGTTCACCCACTCCGGGGTCACGTGCTCCGCCGCCATGATCAGGTCGCCCTCGTTCTCCCGGTCCTCGTCGTCCACCAGGATCACGGGGCGGCCCGCCTTAAGCTCCTCCAGAAGTTCCTTGACGCTGGCGATCCCTTCCATCACGCTCTCCCCAAAAGCCGCGCCACGTAACGGGCGATGAGGTCCACCTCGAGGTTCACCCCGTCCCCCACCCGAAGCCTCCCCAGGTTGGTCACCTCGAGGGTGTGGGGAATGAGGGTGACCCAGAAAACCTCCCCGGCAAGCCCCGCCACCGTGAGGGAGACCCCGTTTAGGGCCACGCTCCCCTTCTCGGCGATGTAGGGGGCGAGCGCCTTGGGGGGGAGGAAGTAGAAGTCCTTGGCCCCCGGGGCCTCCCGAACCTCCCAAAGCCTCGCCACCCCGTCCACGTGCCCGGTGACGAAGTGCCCCCCAAGCCTGTCCCCCACCCTCAGGGCCCGCTCCAGGTTGGGCCGGTGCCCCACCCGCCAGGTGGGGGCGGTGCGGCGCAGGGTCTCCTGGGCGAGCTCCACCCAAAACCCCCCCTCCTCCACCCCCACCGCCGTGAGGCAGGCCCCGTCCACGGCCACGGAGTCCCCCACCTTGAGGTCCTCCAGCACCTTCCGGGCGGCGATGTAGACCCGGAGGAAGGGCCCTTCCTCCACCTTCAGGATCTCCCCCGTTTCCTCCACGAGTCCCGTGAACATCTATCCCTCCGGGTAGGCCTCGAGCCAGAGGTCCTCCCCCAGCCACTCCCTGCGGGCAAGGCGAAGGCGGAGGGCCTCCGCCACCTGCTCCACCCTAAAGCCCTCGGCAAGCCCCCTCCCCTCCCCCAGGATCCGGGGGGCGAGGAAGAGGGCGAGCTTGTCCACCAGGCCCCTTTCCAGAAAGGCCCCGGCAAGCCTCGGCCCCCCCTCCAGGAGCACCCCGTCCACCCCCTCCTCCAGGAGGAAGGCGAGGGCCCTTTCCGGGTCCACCCGCCCCCCTTCCCGGGGCAGGGCCACCACCCGGGCCCCCGCCTCCTCCAGGGCCGAAACCCGCGCCCTCGGGGCCCCTTCCCCCACGAAGACGAGAACCCGGGCGGGCTCGCCCCTGGGGCCCTTCCGGAAGAGGCGGGCTGTAGGGGGCGTCCTCGCCTCGGTGTCCAGGACCACCTTGAGGGGGTCGCGGAGGGGCGGGGGCTCCACCATGAGGGGAAAGGGGCGGAAGTCGGGCTCCCGCACGGTGAGGGCGGGGTCGTCCTTTAGGACGGTCCCCACCCCCACCATCACGGCGGGAAGCCACTGCCGGTAGGCGTGGGCCACGCGGCGGCTCGCCTCCGAGGAGATCCAGCGGGCGTCCCCCGAAGGGGCGGCCACCTTCCCGTCCAGGGTGAGGGCCGCCTTGAGGAGGACGAAGGGAAGGCCCTTTTTCTGCACGGCGAAGAAGACCTCGTTCTGGGCCCGGGCCTCGGCCTCCAAAAGGCCCGCCTCCACCTGGACCCCCCCCGACCGCAGGCGCTCAAGCCCCCCCTTGGCCACGGGGTTTTCCTCCCGGGCCGCCACCACCACCCGGGAGACCCCCGCCTGGAGGAGGGCTAGGGAGCAGGGCGGGGTGCGCCCGAAGTGGTCGCAGGGCTCGAGGGTCACGTAGGCCGTGGCCCCCCGGGCGAGCTCCCCCGCCTGCTGGAGGGCGAAAACCTCGGCGTGGGGCTCTCCCGCCCGGGGGTGAAACCCCTCGCCCACGATCCGGCCTTCCCTTACCAGGACCGCCCCCACCAGGGGGTTCGGGCTCGTGTGGCCCCGGGCCCTTTCGGCAAGCTGCAGGGCCCTTCGCAGAAAGCGCTCGTCCAGGTCGCGCAAGTGGCCCTCCTTCTCCCATCCGGACTTTCACCGTCGGCCCCGGAATTCCACCGGGTCGGGCCCCTTTAGGGGCTTCGCGGGCTTTCACCGCCGGTGGGGACTTCCACCCCGCCCCGAAGGAGGTGCCGAAGCACCTGGCCTTAGCATACCACCCGCCAGGAGCCCAAGCCCCCAGGGAGGCCCCGGCAGAGGGTTTCCGCGGAAACCCAAAGGGGTCAGCGGGCGGCCAGGGAGGCCAGGAACTCCTTGTTGTTCTTGGTGCGGGCGAGCCGGGCAAGGAGCATCTCCATGGCCTCCGCGGGGTCCATGTCCGCCAGGACCTTGCGCAGGAGCCACATCTTGTGGGTGACCTCCTCGCCGAGAAGCAACTCCTCCCGCCTCGTGCCGGACTTGAGGATGTCGATGGCGGGGAAGATGCGCCGCTCCTCCAGGCGGCGGGAGAGGTGGAGCTCCATGTTGCCCGTCCCCTTGAACTCCTCAAAGATCACGTCGTCCATGCGGCTGCCCGTCTCCACGAGGGCGGTGGCGAGGATGGTGAGGCTCCCGCCCCCACGGATGTTCCGGGCCGCCCCCAGGAAGCGCTTGGGGAAGTAGAGGGCGGCGGAGTCCAGACCGCCCGAGAGGGTGCGCCCCGTGGGCGGGGTCACCAGGTTGTTCGCCCGGGCCAGGCGGGTGATGGAGTCCAGGAGGATCATCACGTGCCCGCCCTCCTCCACGATGCGCTTGGCCCTCTCGTGGACGAACTCGGCCACGCGGATGTGGTTCTGGGGAGGCTCGTCAAAGGTGCTGGCGATGACCTCGGCGCCTTGGACGCTCTCCCGGAAGTCCGTGACCTCCTCGGGGCGCTCGTCAATGAGGAGGACGATGACCTTGATGTCGGGCTCGTTCTTGAGGACGGCGTTGGCGATCTTCTTGAGGAGGGTGGTCTTCCCCGCCTTGGGAGGGGCCACGATGAGGCCGCGCTGGCCCCGGCCGATGGGGGCGAGGAGGTCAATGACCCGGGTGGAGAGCTCGTCCGGGGTGGTCTCCAGCCGGATCTGCCGGTCGGGGAACTGGGGGGTGAGCTCGTCA
NZ_AP024937.1_gap35	1071889	1073232	1343	GGAGGAAAGGGGCCCAAGGCCCTGAGTAATGCCCGCCGGGTGGCGCCCGTGATCGCGCCCCAACGAGGGCCTGGGGGCTTCCCCAGGAAGCGCGGTGGTACCGCGGAAGCCTTTCGTGGCTTTCGTCCGCGCCTTCGGGCGCGGGCGTTTTGCTAGGAGGTGGGAGATGTTCAAGGAGGTCGGCGAGCCCAACTTTCCCAAGCTGGAAGAAGAGGTCTTGGCCTTCTGGAAGCGGGAAAAGATCTTCCAAAAAAGCGTGGAAAACCGCAAAGGCGGTCCCCGCTACACCGTCTACGAGGGCCCTCCCACCGCCAACGGCCTCCCCCACGTGGGCCACGCCCAGGCCCGGAGCTACAAGGACCTCTTCCCCCGCTACAAGACCATGCGGGGCTACTACGCGCCCCGGAGGGCAGGCTGGGACACCCACGGGCTTCCCGTGGAGCTGGAGGTGGAGAAGAAGCTTGGCCTCAAGAGCAAGCGGGAGATTGAGGCCTACGGCATTGAGCGCTTCAACCAGGCCTGCCGCGAGTCCGTCTTCACCTACGAGAAGGAGTGGGAGGCCTTTACGGAGCGCATCGCCTACTGGGTGGACCTGGAGAACGCCTACGCCACCTTGGAACCTACTTACATTGAGAGCATCTGGTGGAGCCTGAAGAACCTCTTTGACCGGGGCCTCCTCTACCGGGACCACAAGGTGGTGCCCTACTGCCCCCGCTGCGGCACCCCCCTCTCCTCCCACGAGGTCGCCCTGGGCTACAAGGAGATCCAAGACCCCTCGGTCTACGTCCGCTTCCCCTTGAAGACCCCCGAGCGGCTGGGCCTCGAGGAGGCGAGCCTCCTCATCTGGACCACCACCCCCTGGACCCTGCCCGGGAACGTGGCCGCGGCGGTCCACCCGGAGTACACCTACGCCGCCTTCCAGGTGGGAGACGAGGCCCTGATCCTGGAGGAGGGGCTGGGAAGGAAGCTTTTGGGCGAGGGAACCCCGGTCCTCAAAACCTTCCCGGGCAAGGCCCTGGAAGGCCTTCCCTACACCCCCCCCTACCCCCAGGCCCTGGAGAAGGGCTACTTCGTGGTCCTCGCCGACTACGTGAGCCAAGAGGACGGGACGGGCATCGTCCACCAGGCCCCCGCCTTCGGCGCCGAGGACCTGGAGACGGCGAGGGTCTACGGGCTTCCCCTCCTGAAGACCGTGGACGAGGAGGGGAAGCTCCTCGTGGAGCCGTTTAAGGGCCTCTTCTTCCGCGAGGCCAACCGGGCGATCCTAAGGGACCTGAGGGGGCGCGGCCTTCTCTTCAAAGAAGAAAGCTACCTCCACAGCTACCCCCACTGCTGGCGGTGCT
NZ_AP024937.1_gap36	1249635	1251507	1872	GGCGCTCCCCCTGGCGGGGAGGCCTCTACTGGACGGGGGACCTCGCAGAGATGGATGAGGAAGGGTACTTCCGCATCCTGGGCCGCACCGAGGAGGTCATCAAGGTGGGCGAGGCCCGGATCGGCCCCGCGGAGGTGGAGGCCGTCCTCCTCACCCACCCCCAGGTGGCGGAGGCGGCCGCGGTGGGGGTGCCGGGGGAGGCGGGGGAGGAGATCGCCGTCTTCGTGGTGCCGCAGGCCCGGGAGTTCCCCGAGGAGCTCAAGCCCCTCCTGGCGGAAAAGCTCAAGGCCCACGTCCTGCGGCACCTGGGCCCCGTCCCGCCGCCCAGGGTCTTCTTCCGGGAGCGCCTTCCCCGGACCCGCTCGGGGAAGATCCTGAGGCGGCTCCTCAAGGCGGAACTTCTCGGCCTAGACCCGGGGGACACCTCGGGACTGGAGGAGGACTATGGCGCTGGAAAAGCTCCTTAAGGTTCAGGAAAGGCTTTGGGCACCAGAGGACTTGAGGAAGAAGGCCAACCTCCAGGACTACGCGGCGGAGTACCGGAAAAGCCTCGAGGACCCCGAGGGCTTCTGGGGCGCTTGGGCAGGGCGCTTCTACTGGGAAAAGCCCTTCACCAAGGTCCTTGAGTGGAACCTCCCGGAGCACCGCTGGTTCCTGGGCGGCACCACCAACGCCGTCTACAACGCCCTGGAGCGGAACGTGGAAAGGGGCCTCCGGAACAAGGTGGCCCTCCTTTACCTGGCCGAGGACGGCCGGGAGGAGAAGCTCACCTACGGGGAGGTTCTGGACCGGGTGCGCCGCCTGGCCACGGGGCTTAGGCGCCTCGGGGTGGGAAAGGGGGACCGGGTGGTGATCTACATGCCCCTCACCCTGGAAGGGGTCCTCGCCATGCTCGCCACCGCCTACATCGGCGCCATCCACAGCGTGGTCTACGCCGGGCTTGGGGTCTCGGCCCTTAGGGAGCGCATCCTGGACGCCCAGGCCAAGCTCCTCATCGCCGGGGACGTGAGCTACCGCCGGGGAAAAGGGGTGGACCTCAGGAGCATCGCCGAGGAGGCCATCCGGGACCTCCCCCTAAAAGTGGTCTGGTTCCAGCGGGCGTACAAGGCGGAGCTTCCCGAGGGGCACTACGACTTCCACGAGCTCCTTTGGGGTAACCCCCCGGAGGCCCGGGCGGAGATGGTGGACGCCGAGCACCCCCTCTTCATCCTCTACACCTCGGGCTCCACGGGGAAGCCCAAGGGCGTGGTCCACGTCCACGGAGGGTACATGGTGGGCACCACCTACCACCTGCGCACCTTCTTTGACGTGAAGGACGAGGACGTCTTCTGGGCCACGAGCGACATCGGCTGGATCGTGGGCCACTCCTACATCGTCTACGCCCCCCTTCTGGAGGGGATCACCTCCGTCCTCCGGGAAGGGGCCCCCGACCACCCCGACCCCGGGGCCCTCTGGCAGGCGGTGGAGCGGTACCGGGTGAACGTGATGTTCACCGCCCCCACGGCGGTGCGCATGTTCATGAAGTACGGCCCCGAGTGGCCCAGGAAGTACGACCTCAGCTCCTTGCGCCTTTTGGCCGTGGCCGGGGAGCCCTTGAACCCCGAGGCCCTGAAGTGGGCCTACGCCCACCTGGTGGACGGGGGCAGGCGGGGCTTCGTGGCGGACAACTGGTGGCAGACGGAGCTCGGCGGTCCCACCCTGGGCACCCCCCTCGTCCTCCCTGCCAAGCCCGGCTTCGCCGGGGTGGCCCTCCCCGGGGTGGAGGCGGAGGTGGTGGACGAGGAGGGCAGGCCCGTCCCCCCGGGGCAGGGCGGCCTCCTCGTCCTCAAGCGGCCCTTCCCCCACATGATGCGCACCGTCTGGGGGGACCAC
NZ_AP024937.1_gap37	1256141	1256647	506	CTCTAGCAGGGGTAGCCTTAGGGCAGGGTGCTCTGGCTCCTCCTTCCCGTCCTCCTTCTGGTCTACCTCCTCTACCGGGCCCGAAGGCCCAAGGCCCGCCCCTGGGCCGGGGTGTGGCTTTGGAAGAGGGGGCGGGCGAGGCGCTTCCGGCCACGGCTTGACCTAAGGCTTCTCCTCCTCCTCCTGGGGGCGGCCCTCATGGTCCTCGCCCTCGAGGACCCCCCCCTCGCCCCAAGCCCTTTGGTCCTGGTGGTGGACGCCTCGGCCAGCATGGCCGCAAGGGAAGGAAAGGGAACCCGGCTGGACCTCGCCAAGGAGAGGGTCCTCCCCCTTTTGGAAAGGGCTCCGGAAGCGGTCTTGGTGCGGGCCGGGGAGAGGCCCGAGGCCTTCGGCCCCGCCCCCGGGATCGCCCTAAAGGAGAAGCTCCTCACCTTGGAGGCCAAGGACCGGAAAGGGGACCTGGAGGCGGCCATTGCCTTGGGGAGGAGGCTCCTTAAGGCCCCGGT
NZ_AP024937.1_gap38	1287402	1288619	1217	CTCAGGGCCATCAAGCTCCTCAAGGAGGGCGGGATCCTGGCCACGGCGAGCTGTAGCCACCACATGACCGAGCCCCTCTTCTACGCCATGGTGGCCGAGGCCGCCCAGGACGCCCACCGCCTCCTCCGGGTGGTGGAGAAACGGGGCCAGCCCTTTGACCACCCCGTCCTCCTCAACCACCCGGAGACCCACTACCTCAAGTTCGCCGTCTTCCAGGTCCTCTAAACTGGAGGCGTGGAGAAGGACCTCCTGGATAAGCTGGGGCAGCATCTGGTCTGGCGCATGGGCCGGGCCGAGGACGAGGACGTCTTGGTGGTGCGGGTAGGGCTGGCCTCGGCCACGCCCAGGTTCCGGGAGCTCCCCAGGCTCCTCAACCTCCCCGAGGCGGAGATGCGCCGCCTGGTGCAGGAAGGCCGGGTCCGGGTGGAGTGGGTGGAGGAATGAGGCTCGCCCTGCCCCTCCGCCCCGAGGTCCTTTCCGCCCTTCCCCTTGAGCTCCGCCTGGAGGCGGAAAGGCTAGAGGGGACCTTCCGCCACGAGAACCCCGTCCTCGGCCCCTTGGACCTGCCCTTCGCCGCCCGGCTGGAAGGGGAGCGGGTCCGGCCCATCCCCCTGCCTCCCCCCTCCTTGGAGGTGGAAGGGTGGCTCCGGCCCACGGGGCTGGAGCTGGAGGTGCGCCTCCGCCTCCCCCCGGGGCGGACCTGGGGGGAAAGGGCCTTCGCCAGGATCTTGGAGGCCCTCTTCGCCAAGGCCCTGGAGGAAAGCCTTCCCGCGGGAGCGCGGCCTCCGTTATAGTGGGCCTGAAGAAGCAGGAGGTGGCGTATGGTGGAGGTTCGGTATCTCGGCCACTCGGCGGTCCTCCTCACGGACGGCAAGACGCGGATCGTCATAGACCCCTTCCTCACCGGAAACCCCATGGCCGCCCTCGGGGTGGGAGAGGTCCAGGCGGACCTCATCCTGGTCACCCACGCCCACGGGGACCACTTCGGGGACAGCGTGGCCCTCTCCAAGAAGGGAGGCGTGGTGGTCTCCACCTTTGAGATCGCCACCTACGCCGAGAAGCACGGGGCGAAGAGCGTCCCCATGAACCTGGGGGGCACCTACCGCTTTGAGGGCGGCTGGCTCAAGTGGGTGCCCGCCTGGCATTCCTCCAGCTTCCCCGACGGCACCTACGGCGGCATGCCCATGGGCGTGGTGGTGGAGCTTGGGGGCAAGCGC
NZ_AP024937.1_gap39	1301418	1304982	3564	GCTTCCCCGGCCTCAGGCGGAGACCTTCCTGCAAAACCCCAACGGCCAGGCCCTCCTGGAGGTCTACCAGAGGATCCAACAGGACTACCTGGAGCCCCTCTCCAAGGAGAAGCTGGACAAGCTGCTGGAAGGGGCCATCGGCGGGATGGTCCAGGCCCTCGAGGACCCCTTCACCAGCTACTCCCCGCCCCAGCGCTCCACCCTGCGCCAGGAGGACCTAAGGGGCGAGTTCTTCGGCATCGGGGCCACCCTCTCGGCCGCGAACCCCGACGGCACGGGGGCCAAGATTGAGGGGGTCATGAAGGGGCTTCCCGCCCAGCGGGCGGGCCTCAGGGCCGGGGACGTGATTTTGGAGGTGGACGGGGAGGACGTGACCAAGCTCCCCCTCCTGGACATCGTGGCGAAGATCCGGGGGCGGGAGGGAACCAAGGTCACCCTGAAGGTGCGGCGGGAAGGCGTGCCCGCCCCCCTGGTCTTTGAGCTCGTGCGCGAGCGGGTGGAGATCATCTCCGTGTCCACCGCCAAGGTGGGGGACGTGGGCTACGTGGCCCTGGAAACCTTCGCCAACTTTAAGGTGGAGGACCAGCTGAAGCGGGCCATAGAGGAGCTCAAGGCCCAGGGCGTGAAGAAGCTGATCTTTGACCTGAGGGACAACGGCGGAGGGCTCCTGGACCAGGGGTGCGCCGTGGCCAGCGCCTTCCTCAAGGAGGGCCCCATCGTCTACACCCGCACCAAGAACCTCACCCGCGTCTGGTGCGAGGCCACGGGCCGGACCCTTTGGGACGGGCCCATGGTGGTCCTGGTGAACGGCAACACCGCTTCGGCGAGCGAGATCGTGGCCGGGGCCCTCCAGGACTACGGCCGGGCCAAGGTCATCGGGGAGAAGACCTTCGGCAAGGGCGTGGGCCAGACCCCCTACACCCTGGCGAACGGCGGGGAGCTCACCCTGGTCACCTTTGAGTGGCTCACCCCCAAGCGCCGCTCCATCAACAAGGAGGGGATCACCCCGGACATCGCGGTGAAGGACACCCGCTTCCCCACGCCCTTCTCCCTGCAAGGCGCGGGGGCGCCGCCGGGGGCGGAGATCGCCGTGACCCTGAACGGCAAGACCGTCAAGGTGAAGGCGGACGCGGAAGGCAAGTTCTCCTACGCCGAGCCCCAGCGGCAAAGGCCCCTCCCCGAGGAGCGGGGCCAGGCGGTGCTGGACCTGGAGAACGACGCCATCCTCAAGCGGGCCCTGGAGGAGCTGAACCGCTAGGCGCTACACGATCCTGGGGGGCCTGACAATCAGGCCCCCCAGATTTTCCTCAGCCATGCGACCGGAGCCCTACTTTACCACCGCCCCGGGGGGGATCTCCCCCTCCACCGTCACCAGGGCCAAGGCTTCCCCCTCCTGGGCGGCGAGGATCATCCCCTGGCTCTCAATGCCCCGGAGCTTGGCGGGCTTGAGGTTCGCCACCAGGACCACCTTCTTGCCCACGAGCTCCTCGGGCCGGTACCACTTGGCGATCCCCGAGACCACGGTGCGCTCCTCGTTCCCCAGGGAGAGCCTGAGGACCAAAAGCCGGTCGGCGTTCGGGTGCTTCTCCGCCGCCAAAACCTCCGCCACCCTGAGCTCCACCTTGGCAAAGTCCTCTATGCCGATCCAGGCCTCTTCCTTGGGCTTGGCCTCCACCTTGGCCTCCTTTTTGGGGAAAAGGAGGGGGGCTTCCTCGGGGATGGGGCGGGGCTCGGCCAGGCCCCAGCGCTCGGCCTCCTCGAGGCCCACCTCCTCCTTAAGCCCCAGGGCCCGCCTGAGCTCTGCCATCTTGTCGGGCATGGCCGGGGTAAGGAGGATGGAGGCGATCCTCAAGCCCTCCACCACCCGGTAGAGCACGGCCCGGGCCTCCTCCGGCTCCTTCTTGAAAAGCTCCCAGGGCTTCTTCTCGTTGATGTAGCGGTTCAAGGCCTTGACGTAGGCCATGACCTCCTCGAGGGCCACGTGGAACTTGAGCTCCCGCACCAAAGGCCTGAGCCTCCCGGCAAGCCCCGTCCCCTCGGCAAGCTCCTCCCCCGCCACGGGCTCGGGGATGCGGCCCTCGGCAAAGCGGAAGAGCATGGCCCGGGTCCTTTGCACCAGGTTGCCCAAGTCGTCGGCGAGGTCGGCCTCGTACCGGGTCTTGAGGGCCTCCTCGCTCACCGGGGTGTCCTGGCCGTAGGGGATCTCCCTGAGGAGGTAGTAGCGCAGGGCGTCCCGGCCGTACTTTTCCAGAAGGGCGAAGGGGTCCACCACGTTCCCCAGGGTCTTGGACATCTTGCGCCCGTCCGGGCCCAGCAAAAACCCCCCCACGTTCAGGTGGCGGTACATGGGGATCCCCGCCGCCTTCAGCATGGTGGGCCAGAAGACGGCGTGGGGCTTCAGGATGTCCTTGCCGATGAGGTGCCAGGCGTGGGGCCAGAAGGTCCGGTAGGCCTCCCCCTCGGGGTAGCCCAGGGCGGAGACGTAGTTCAGGAGGGCGTCAAACCAGACGTAGGTCACGTGGTTCTCGTCCCAGGGGAGGGGGATACCCCAGGGGACGCGGGATTTTGGCCTGGAGATGGAGAGGTCCCCGATGGGCTCGGCGAGCATGGCCAGGACCTCGTTCCGGTACCCCTCGGGGCGGATGAGGTCGGGATTTTCCTGGATGTACTCCTGGAGCCAGGGGCGGTACTTCTCCATGCGGAAGAAGTAGTTCCCCTCCTTCCGCCTTTCCACGGGCCGCCCGTGGATGGGGCAAAGCCCCTCCACGAGCTCCTTCTCCGTGTAAAAGCGCTCGCAGGAGACGCAGTAAAGCCCCTCGTACTCCCCGTAGTAGATGTCCCCGGCCTCGTAGACCTTTTTTAGGACGAGCTGCACCACCTTCTTGTGCCTTTCCTCCGTGGTGCGGATGAAGTCGTCGTAGGCGATGCCGAGGAGGTCCCAGGCCCGCTTGAAGCGCCCGGAGACCCGATCCACGAAGGCCTTGGGGTCCTCTCCCGCCGCCTGGGCCGCCCGGTAGACCGTCTCCCCGTGCTCGTCGGTACCGGTGAGGAAGAAGGTGCGGTAGCCGTCCAGGCGGTGCCACCGGGCCAGAAAGTCCGCTACCACCGTGGTGTAAGCGTGGCCCAGGTGCGGCTCGGCGTTCACGTAGTAGATGGGGGTGGTCACGTAGAAGACCTTTTCCATGCGCCCTCCCTAAAAAAAACCGGGGCACGCGCCCCGGGCGGGGAAGCCTCCCCGCCCTAGGACCGGGGCATGCCCTTCATGGCCTACATTCTACGGCAGAAGCTCCTCCACCCCAAAAGGCCCCGCCACCAGGGCCCGGGTGGCCATCCCCACGAAAATCCCCGTCTCCACCACCCCGGGGATCTCCAAGAGGGCCCGGTGCAGGCCCAAGGGGTCCCCGATGGGGCCGAAGCGGCAGTCGGCGATGAGGTGGCCGCCGTCGGTGAAGTAGAACTCGTCCCCGTCCATGCGGAGCTCGGGCTCCCCCCCGAGGTCGGCGATGGCCTTGAGGGTCGCCCGGTAGCCGAAGGGGACGATCTCCACCGGCACCGGGCCCCGGC
NZ_AP024937.1_gap40	1481195	1483018	1823	CATATACAAGCCCAACGTGATCCGACTTAAAGAAGAGCTGGGCACCGAACCACGGGTCTACTACCTGGTCTAGAGGAGGTGCGGCATGCGCGCCTTAGGATGGATCCTCTACCTGGTTCTGGCTGCGGTAGGGCTTGCGGGCTTCTTCCTCCGCCTCACCACGGGTCACCATTTGGCCGCTTACGGAAGTTACGTTCCTTGGGGACTTTGGGTGGCCGCTTACATCTACTTCATCGGGCTCTCGGCGGGAGCCTTTCTCCTCTCCGCCCTGGTGTACGTCTTCGGCGTGCGGAAGCTGGAACCCATCGCCCCCCTGGCCCTGGTGGTGGCCTTGGCGAGCCTCCTCATGGCTTTGGTCACCATCTGGTTTGACCTGGGCCACATGGAGCGCTTCTACTACGTCTACCTCCGGCCCAACTTCCGCTCCATGATGGCCTGGATGGTGTGGCTCTACACCGCCTATGGGCTTCTCCTGCTTCTGGAGTTGTATTTCGCCCTCAGGCGGCACCTGCCCAAGTACGCGAACACAGGAGGCTTTACAGGGCTCCTGGCCCGGCTTCTCACCGGAGGCCGGAAGACCCCCTTCTCCCCGGAGGAGGTGGCCCGCGACGAGAGGATCCTGCAGGTGCTGGGCTCCCTCGGCGTCCCCTTGGCCATCGCCTTCCACGGTGGGGTAGGGGCCCTTTTCGCCACCGTTTTGGCCCAGGAACTTTGGCACAGCCCCATCTACCCCATCCTCTTTCTGACGGGCGCCCTCCTTTCAGGCGGCGCTTTGATGACCGGGATCTACGCCTACTTCTGGCCGCACAAGGATGGAGCCTGGAAGGACCTAAGCCTCTTCCTGGGACGGGTGGTCCTTGGGCTCATCCTCTTTGACCTCCTCTTGAAGTGGGCCGAGTATTCCATCCCCATGTGGTACGGGGTAGGGCCCGAGTTTGAGGCCCTGTGGCACACCCTCTTTGGCCCATTCTGCTACGTCTACTGGGTGTTCCACATCCTCTTGGGCGTGGCGGTGCCGGTGGGGTTGATCCTCTATGGCCTCCGCAGCCAAAGGGTGGCCCCCATCGGCCTGGCCGGACTGCTGGTGGCGGTGACTTTCCTGGCCATCCGGCTCAACCTGGTCATCCCTAGTCTGGTCCACCCCAAGCTGGAAGGGCTGGTCCACGCCTACCACGACCACCGCCTCCTCTTCACCTACTTGCCCACCTGGTTTGAGTGGAGCGTGGTGGTCTTCTCCGTGGTCCTAGGGTTCACGGTGGTTTACCTGCTGGTCCGCATCCTTCCCGTGGTGGAAGGCAAGACGCTGAAGGAGGTGGGTTAAATGCTTTCCCGGCGCGAGCTCATCAAGTTGGGGGTGCTCTCCGGTAGCGGCGTCCTTCTGGGCGAGAAGGCCCAGGAACTCTTCGGCCAGGTCAAGGCGGCCGAAGCCAAGAGCCCGGGGTTCTACCCCCTCAACGACCCCGAAAACCAGATCTACTCCGTCTGCCTCCAGTGCAACACGGGTTGCCCCATCAAGGTCAAGGTCTACGAGGGCGTGGCGGCGAAGATAGACGGGAGCCCCTACGCGCCCTGGACCCTTTATCCCCATCTGCCCCTGTCCACGCCCCTCGAGGAGGCGGCCAAGGTGGACGGCGCCCTCTGTCCCAAGGGCCAGGCCGGGCTGCAGACGGTGTACGACCCCTACCGCATCCGCAAGGTGCTCAAGCGGGCAGGCCCGAGGGGAAGCGGCAAATGGAAGGAAATCCCCTTTGAGCAGGCGGTGCGGGAGATCGCCGAAGGGGGCAAGCTCTTCGCCGAAATCGGCGACGACCGGGACTACCCGG
NZ_AP024937.1_gap41	1486056	1490449	4393	AACGGCTTCTACCCCCGTAAGCTCCACCTCACCCTGGGCCAGCTCAACCTCAAGGTGCCCAGAGTGCGCTACGCTAAGGCCTTCCGCCCCGCCCTCCTGCCCCCCAAGTGGAAGCGGGTGGACAAGGACTACGAGGAGCTCCTCATCGCCATGCTGGCCAACGGCTACTCCCAAGCCCAACTGCAAAGGGCCTTGGCGTCTCTGGACCTCCCCTTCTCGGAGGAGGCCTTGGAGGAGGCCAAGGCCCTCATCCAAGACCGGCTGGACTTCTACAAGTCCCAACCCCTTAAGGCGGACTGGTTTGCCGTCTTCCTGGACGCCTACTGGGCCAAGCTCAGGACCGAGAAGGGGAAGCTCGTGGACCTCTCCCTCTTCGTGGCCGTGGGGATTGACCTGGAGGGGCGCAAGGAGATCCTGGGGTTCTGGATCCTTGAGGGAAGGGAGAGCAAGGGGTTTTGGGTCCAGGTTTTCCAGGACCTGATGGCCCGCGGGGTGCACCGGGTTCTCCTTTTCGTGACGGACGACTTTCGTGGGCTTGGGGAAGTGATCGCCAAGCTCTTTCCCTACGCGGAGCATCAGCTCTGCCTCCTCCACCTGGAGCGGAACCTACGGGCCAAGCTCTCGCCTTCGGGGTACAAGGAGGCCAGGGAAACCCTCCGCCGCATCCGGCACGCCCGGGACAAAGAGGAAGGGCAAATCCTTTTCGGTCGGTTGGTGGAGGGGGTGAAGGGGGAAAGGCCGGGGATGGCCCGGGAGATGGAGGGGAAACGGGAGCGTTACCTGGCCTTTTTGGGCTATCCCGCCGAGGTGCGGGGGCACATTTACACCACCAACGTGGTGGAGAGCCTGAACGCGGGCATAGAGCGGATGCGCTTGGAACTTGGGGGGTACTTTCCCTCGCGGGAGGCGCTGGAGGTGAACCTGTTCCTCCAGGTGGTCAACCTCCAGGACCGGTGGTGGAGAAGGCCCATTCCCAACGTCCAGGCCAAAAGCTACGAGCTCAAGCAGCTCTTCGCCCTACGGTATGAGCTAGACGAGGAGGTGGAAGGTGGGTTACACAATTTTTAGGGGAAGTCTCCTTCGCCGACTACATCATCCCCGACCTCTCCTACCTGGAGCGGTGGGAGTTTCACGGCAGCCACCCCAACAACCCCTGGAAGGTGCAGACCGTCCGCCAGCCCACCATCCCCCCCATCCCCGAAACGGTGAAGGTGTTCGGCCAAGAAATGCCCATCTCGGCGGAGAGCTTCTTCCTGGCCCTCGCCGAGTACCTGGGGCTTCCCGGGTTCGGAGAACAAGGCTTCGCCAACGGGATGCCCTTCACCCACCCCGACCACTTCTACCTCAAGCTCGCCGCCAACCTGGCCTTCGGGGAGAAGGCGGACGGCTCCGACGCCCTGCCCGAGGCGGACGAGAAGGAGCTGGAGATCTTCCGCAAGGCCCGGCGCCACCTGCCGCCTTCGGTCTTTGACGAAAACCGCTGGCGGGAGGCGGTAGGCGACGAAAGCCTTTTCCGCCGCACCGTCTACCTCCTCAACCGGGGCGGCCGCTACCAGGCCTTTGAGAAGGCCTTCAAGCCCGACGGCACCGTGGCCAACGTCTACGGCCGGCAGATCAACCTCTACCTGGAAAAGCACGCCAAAACCAAGAACAGCATGACGGGCAAGCCCTACTGGCCACTGCCCCGCCTCTTCCACCCCTACACCGACGCCCTGGGGCAGCCCATCTCAGACGAGGCCCAGGGCTACGAGCTCACCCTCCTCACCCACCGGGTGATCACCATGACCAAGAGCCGGACGATCTCCAACTACTGGCTCCTCAACGTGATGCCCGAGAACTACATCGCCATCAACCCGGTGGACGCCAAGCGCCTGGGCTTTAAGGACGGGGAGCTCGTCAAAGTGGTCTCCGCCAGCAACCCGGAGGGCCTCTGGGACTTCGGCCCCTTCGGCAAAAAGCCGATGGTGGGCAAGCTTAAGGTGCTCCCCGGCATCCGGCCCGGAAACGTGGCCTTTGCCCTCGGTTACGGCCACTGGGCCTACGGGGCAAGCGACATAGAGATCAATGGCCAGGTGGTGAAGGCCGACCCCAGGCGGGCGGCAGGCATCCACGCCAACGCCGCCATGCGGGTAGACCCCATCCTCAAGGACGTGGGGCTCACGGACCTCACCGGGGGCAGCGTGGTCTTCTACGACACCAAAGTGCGCTTGGTCCGGGCCACACCAGAAGAGGCCAAAACCTACAGCGAAGGCGTGAAGCGGATTGCCCTCGATGGCCCCTCGGGAGTGGAGGCGGAAGCGATCTTGGAGAAGGCCCTCAAAGCCGCTAGAGGGGAGCTGGACCCCGAGGCGTTGCGGAGGGAAGTGGCGGCCCAGCTGGGCCTGAAAGCCCAGGTCTAATAGGCCACTTCGGCAGAGGGCCCAGGTTTCCCCTGGGCCCTCTGCCCTGGACGGGAAGGGTCCGGGACAGGTACATTTGTCCCGTGGACCCCGGGGAGCTTCTGGACCTCCTCAAGCGCCGTACGGGCTTCACCGAGGCCCACGCCGCCCTCCTTAGGGAGCTCGGCGAGGTCATGGTCCCCATCGCCCACGAGGTGGCCCTGGCCTTTTACGACTACCTGGGGCGGGACCCGGAGCTTGGCGCTATCCTCCACGCCGAGCCGGGGCGGGTGGAGAGGCTCTACCGGACCTTCGCCCGCTGGTACGGCGAACTCTTCTCGGGGGTCTACGACCGGGCCTACGCCGAGAGGAGGCGGCGCATCGGCCTGGTGCACGCCCGGCTCGGCATCGGCCCCCGGGCCATGATCCCCGCCATGGGCATCGTGCAGGAGCTCTCCTTGGAGCACATGCGCATGGCCCTCAGGGGACACGAGGTCTACAGCGCCGTGGAGGCCTTTGAGAAGCTCGTGGCCATGGAGGTGGCCCTGATTGAGGAGAGCTACCTCGAGGCCCTCTCCTTAGGCCTTTCCCTGGGGCACCGGGACCTCACCCAAGCCCTCAAGGAGGGGGCCTCGGCCCTCCTCTCCCGGGCCTAGGGCTCCTTGGCCAGGTCGTTGAAGCGCACGTGCTGGGCGTGGAACTGGAGCTCCACGGTCCCCGTGGGGCCGTTGCGCTGCTTGCCCACGATGATCTCGGCGATCCCCGCCTTCTCCGAGTGGGGGTTGTAGTACTCGTCCCGGTAGATGAACATCACCAGGTCGGCGTCTTGCTCAATGGAGCCCGACTCCCTGAGGTCGGAAAGCATGGGGCGCTTGTTGGGCCGCGCCTCCACCGCCCGGGAGAGCTGGCTCAAGGCGATCACCGGCACGCCGAGCTCCCGGGCCAAGGCCTTGAGCCCCCTGGAGATGGCGGCGATCTCCTGCTGCCGGTTCTCCCCCCTCTGCCCCCCTCCGGGCCCCGACATGAGCTGGAGGTAGTCTATGATGATCAGGCCCACGTTGTGCTGGCTCCTGAGCCTCCGGGCCCGGGCGCGGAGTTCCATAAGGGTGAGGTCCGGAGTGTCGTCGATGAAGATGGGGGCCTCGGAAAGCCGGCCCGCCACGTCCACGAGGCGGGAGAAGTCCCGGTCGGAAAGCTGGCCGAGCCGGACCCGGTTCATGTCGATGCGGGCCTCGGAGCACATCATCCGGAGGACGAGCTGGGCCGCGGGCATCTCCAGGGAGTAGATCCCCACCCCCACCCCCTCCTTGAGGGCGGCGTGCTGGGCGATGGTGAGGGCGAAGGCGGTCTTCCCCATGGCGGGGCGGGCGGCGATGATGTTGAGGGAGCCGGGAGCGAGGGTGCCGATGAGCTGGTCCAGCTCCTTGAAGCCCGTGCGCACCCCGGCGGTCTCCCCCTTGTTCTGGAAGAGGGCCTCAATGTGCTCAAAGGTCTCGTGGACGAGCTCCCGCATGGAGCGGGCCTCCACCTCCGTCTGGGCCAGGGCCACCTCCAGGATCCGCTTCCCCGCCTGGTCCAGGATCTCGTCCAGGCTTCCCGCCTCCTCGTAGGCGAGGCGCATGGCCTCCCCGGCCGCCTGGATGAGCCTGCGCAGGGTCCACTTCTCCGCCACGATGCGGGCGTAGTGCTCGGCGTAGGCGGCGGTGGGGGTGGCCTCGGAAAGCTGCATCAGGTAGCTGATCCCCCCCACCCCGTCCAGCTCCCCCCGGCGGGAAAGCTCCTCGGCGAGGGTCACCAGGTCTACGGGGCTGCCCTCGGCCCTCAGGCCCTGCATGGCGGCGTAGATCTTGCGGTGGGCCTCGGCGTAGAAGGCCTCGGGGGTGGGGAGCAGGCCCTCAATCTCGTCCAGGACTTGATAGTCCAGGAGGATCGCCCCCAGGACGCTCTGCTCCGCCTCGAGGCTGTGAGGGGGGATACGGCCTTCCATAAGCCTCCCCAGGTTAAGCCCGCCTCCC
NZ_AP024937.1_gap42	1604016	1605971	1955	CCCTGGGGAGCCAGACCCCCATCACCCCCGTCCTCTTCGGGGAGGCCCCCCTGGCCTTTGAGGCGAGCCGCCTCCTCCTGGAGGAGGGGGTCTTCGCCGTGGGCATCGGCTTCCCCACCGTGCCCAGGGGGAAGGCGAGGATCCGCAACATCGTCACCGCCGCCCACACGAAGGAGATGCTGGACAAGGCCCTCGAGGCCTACGAGAAGGTGGGCAAGAGGCTCGGCGTCATCCGCTAGATGGCCACCCCCCGCGACCGGACCCTGGGGCGGGTCCCCACCCCCCCCGGGCTGGTGCGCTTCATGGTGGGGCTCGCCGAAGCCCCGAAAGGGGGAAGGGTCCTGGAGCCCGCCTGCGCGGACGGGCCCTTCCTCCGGGCCTTCCGGGAGGCCCACGGCACCGGCTACCGCTTCGTGGGGGTGGAGATCGACCCACACGCCCTGGACCTCCCCCCTTGGGCGGAAGGGGTGGTGGCGGACTTCCTCCTCTGGGAGCCCGGGGAAGCTTTTGACCTCATCTTGGGCAACCCGCCCTACGGGGCCCTCGGGGCGGGGGCGAGGCTTCCCGCCCCCTTACGGGCGGCCTACCGCCAGCGCTTTTCCACCTGGCGGGGGCGGTACAACCTCTACGGGGCCTTCCTGGAAAAGGGGGTGCGCCTCCTCCGCGAGGGCGGGACGCTTTGCTTCGTGGTCCCGGCGGGCTGGATGGTGCTGGAGGAGTTCGCCCTCCTTCGCACCTTTTTGGCCCGGGAGGGCGCCCTCGAGGTCTACTACCTGGGCCGGGCCTTCCCCGGCCTCAAGGTGCGGGCCACCGTCCTCCGCTTTCGGAAGGGGGGAAGGGGCCTCTGGCTCTACGACGCGGAGGGCAAGCCGCCGGAACCCCTCCTGGAGGACCCCTTATGGCAGGGGGAGATGGTGCGCTTCCCCCACCCCGAGGCCCTGGCCCTGGAGCGGGAGGGCCTCCCCATGGGCCGCCTCTTCCGCCTCCACTTCGCCGCCCGAAGCCCTGAGGTCCGGGCCCACCCCTTGACGCAAAAGGCGCCCGGGCCCGGGCTGGTCCCCGTCCTCACCGGGCGCAACCTCCTCCCGGGGCGCATCGACTACGAGACCCCCTACTCCGGCCTCTACTTCCCCCAGGCCGAGGTCCATCGGCTGAAGCCCTTCTACGCCTTCCCCCGCCTGGTGGTGGGGCACACCCGGCACTACCGGGTGGTGGCGGCCTGGGACGGGCGGGCCTACCCCTGGCGGGAGGAGTTCCACCTTCTGCCCAAGGAGGGGGTGCGGGTGGACTGGGAGGGGGTGGTGGCCTACCTCAACGGCCCCTTGGCCCAGGCCTACTACCGGGGGCTTTACCGGGAGGTGGTCCCCCACCTCACCCGGGCCATGCTGGAGCGGTTCCCCCTGCCCAAGGACCTCGTCCTCACCGACCCGTGAGGTACACCCGGAGGACGAGCCCCACGCAGAAGAGAAGCCCCAGGGCCACGAAGACCTCGGGGCGCTTGGGCGGGTCCTTGAGGCCCCGGTAGAACCACCCCCCGGGCTCGAGGCCCCCCAGGTAGTGGAGCCCCGCCGCCAGGAGGAGGCCGTAGAGGAGGTGGAGGCCGTCCTTGGGCCTGAGGCCCTGGAGGAAGAGGAGAAAGCCCAAGAGGACCTGGAGGATGGCCGCCCAGGCCACCCCCCGGAGGAAGGCGTAGAAGCGGGAGGGAAGGGGGCGGAAGAAGCCGAAAAGGCCCACGAGGGCCAAGGCGGGCACCGCGACCAGGAGGAAAAGGCCCAAAGAGGCGTGTAGGAAGACCCCAACCATGAGGGCAGGATACCCGGGGAACGCCCGGGCGGAAAGCGGCGATACACTGGCCTCAGTCCGATAAACTTTCCGGCCCCAGGCAAGGAGAGCTCCCTTTACAAGGGGAAAAACCCCGCTCCGGTTGTGGTATACTGAAGGGGTGAGCTACGACG
NZ_AP024937.1_gap43	1608119	1609966	1847	GGACGGTCTCCTGGGTGCCGGGGTCCAAGGGCGCGGGGATGAGGAGCTCGGCCCGGCCCGGGGTGTACTTGGTCTCGTAGTCGTAGAAGGGCGCCTCGTAGCGCACCTCCCCCACGGGGCTCGCCTCGCCGAAGACGTTGCCCAAGACCCCCACCTCCAGCTCCCGCACCGGGGAGAGGGCCTTCTCCACCACCGCTTTATCGTCGTAGCGGAAGGCCAAGGCCAGGGCGGCCTCCAGGTCCTGAAAGCGTTCCACCCGGCTTATCCCCACGCTGGAGCCGGTATTGGCCGGCTTGACGAAGAAGGGGGGGTCAAAGGGCACCATGGGGGGCTCGCCCTTCCGCACCACCACCCAGGGGACCACGGGCACCCCCGCCTGGGCGAGGACCCGCTTGCTCAGGTCCTTGTCCATGCAGATGGCGCTCGCCGCCACCCCCGCCCCCACGTAGGGCTTGCCCAAAAGATCCAGAAAGCCCTGGACCGTCCCGTCCTCGCCGAAGCGGCCGTGGAGCAGGGGAAAGACCACATCGTACCGCTCCCAGGGGAGGGGCGGGGGGAAGGGGTGCTCCCCCTCGGGCGCCGCCTTGGCCTCCAAGGCGGCCAAGGCCTTTTCCCCCAGAAGCCAGCGCCCGTCCCGGGCGATCACAGCGAGGTCCGTGGGGAAGGGCATGTGGCGCAGAACCCCTTCCGCGGAGAGGAGGGAAACCTCGTGCTCGGGGCTTACGCCCCCGGCGATCAAAAGAACCCTCATGGCCTGAGCTTACCCCAAGGAGAGGTCCAGGCCGTTGAAGCGCCCGGCGCAGGGGGGAAGGCCCTCCCGCACCCAGCACCAGACCGCCTCCTTGGCCGCCTCGAGAACCCGCTCCACTACGGGAAGCTCCTCCTCGCGGAAGGGGGAAAGCACGTACTCCGCCCCCCGGGAAGGGTCCGGGGGCTTCCCGATGCCGAGGCGGAGGCGGTGGAAGGCCCGGGTGCCCAGGGCCTCCTCTATGGAAAGCACGCCCCGGTTCCCGGCGGCGCTCCCCCCGGCCTTGAAGCGGATCCGCCCCAAAGGGAGGTCCATCTCGTCGTGGACCACCAGGATCCGCTCGGGAGGGATCTTGTAAAAGCGGGCGAGGGGGGCCACCGCCCGCCCCGTGAGGTTGTAGTAGGTGAGGGGCTTGAGGAAAAGCCCGCCCTCCGCCTCCGCCACGAGCGCCTCGCCCCGGGGGCGGAAGGAAAGGCCCAGGCGGTCCAGGACCATGAAACCGAGGTTGTGCCGGGTGCGGGCGTACCGCTCCCCCGGGTTCCCCTGGCCCACCACCAGGAACACGCCCGGACCCTTGGGCTACTCCTCTTCCTCTTCCTTGCCCTTCTTGATGACCTCGGGCTCCGCCACCTCGGCCGCCACCTCCTCGGCGAGCTTCTCCGCGTCCTCGGGCGGGACCACGGCGGCGATGGTCTCCTCGGGGGAGATGGCGAGCTCCACCCCCGGAGGCAGCTTGAGATCGGAGGCGTGGAGGCTGTCGCCGATCTCCAGGCCGCTCACGTCCACCTCAATGAACTCGGGGATGTTCCGGGGGGAAACCTTCACCAGGATGTCCCGGTGGATCTCCTGGAGCACGCCGCCCGCCCGCACCCCGGCCGGGGTGCCCACGAAGCGGAGGGGCACGTACATCTCCACGGGCTCGTCGGAGAGGACGAAGAAGTCCACGTGCTCGGGGCGCCGACGCCGCTTGTCCAGGTTCACCTGGCGCACCAAGGTGGGCAGGCTCTGGCCGTCGGGAAGCTCCAAGACGATGACGTGGTGGATGGAGGCCTGGCGGAAGACCTTGTCAAACTCCACCAGGTCCACGTAGACCTTCCGG
NZ_AP024937.1_gap44	1614961	1615927	966	CGCCCCGGCGGGCAAGGCCTCCGAGCGGACCCCCAGGGCGTACCCGCTCCCGGCGAGAAGGCCGAGGAGGAGGGCCGAGGCCCAGGCCGGGAGGCGGGCGGCCAGGAGGGCCGTGAGGAGGACGAGGAGGGCGGCGAGGAGCAGGGCCATCACTCCACCCGCAGGGCCACGGCGGTGACGTTGTCGTCCCCGCCCCGCCGCAAAGCCTCGGCCACCATGGCCTCCAGGCTCGCCTGGAGGTCCCGCCCAAGCCGCCACTCCTCCTCGGGCACGTGCCCGTAGAGCCCATCGGTCACGAGAAGCACCCCCTCCCCCGGGGCGAGGCGCACCTCCACGAGGTCAAAGCGCGCCTCGGGAAGGCCCAGGGCCCGGGTGAGGACGTTGCGGTAGGGGTGGCGCTCCGCCTCGGTCCGGGTGAGGACCCCCTCCTTCAGGCGTTCCGCCACCCAGGAGTGGTCCTCGGTGAGGCGAAAAACCCCGGTGGGACCGAAGCGGTAGGCCCGGGAGTCGCCGATGTGCCCCACCACCCCCTCCTTAAGCCAGTCGGCGTAGAGGAAGGCGGTGAGGGTGGTGCCCATCCCCCGGCGCCCGGGCCGCTCCGCCTCCCGCTCCACCCGGCGCCGGGCCAGGAGGAAACCCTTTTCCATGACCCGGGCGAGGCCCACGGCGGGGCGGCCGCTCTGGAGGTGCTCCGCGTAGCCCCGGGCCGCCTCGGAGAGGGCCTCAATGGCGAGCTTGCTCGCCCACTCCCCGGCCTCGAGGCCCCCCATCCCGTCGGCCACCGCGAGGAGGAGCAAAAGCCCCGCCGGCGTCTCCAGGGGGAGGACCCGGTGGAAGTCCTCGTTGTTCTGGCGGCGACCCACGTGGGAAACGGCGGCCACGCTCAGCCGAGGAGCGATGCGCATCGGCTCCATTGTACTAGGATGGAGGCGTGGACCACCTGGACGACCTGGTGGACCTCTACGA
NZ_AP024937.1_gap45	1619037	1622218	3181	TCAGGGCGGAAAGCACGTCCAGGTAAGGCAGGGCGGGCTTCACCATGAGCATGTCCGCACCTTCTAAATCGTCCAAAGCCGCCTCGCGAAGGGCGTCCCACAGGCCCGCCCGGGGGTCCATCTGGTAGCCCGAGCGGTCGCCGAAACCCGGGGCGCTTTGGGCCGCCTCCCGGAAGGGCCCGTAGAAGGCGGAGGCGTACTTCACCGCGTAGGAGAGGATGGGCACGTGGGCGAACCCTCCCCGGTCCAGCGCCTCCCGGATGGCCTTAACCTGCCCGTCCATCATGGCGCTCGGGGCCACCACGTCCGCCCCCGCCTGGGCCTGGGAGAGGGCGGTCCTGGCGAGGAGGTCTAAGGTGGCGTCGTTGTCCACGTAGAAGCCCAGGGGGCCCTCCTTCACCACGCCGCAGTGGCCGTGGTCCGTGTACTCGCAAAGGCAGGTGTCGGCCACGACGAGAAGCTCGGGGAACTCCTGCTTGAGAAGCCGTATGGCCCGCTGCACCACCCCGTCCTCGGCGTAGGCCCCCTTGCCCAAGGGGTCCTTGGCCTCCTGGGGCAGGACGCCGAAGAGGATGACCCCGCCGAGGCCCGCCTTCAAGGCCTCCTCCGCCACGCGGGGAAGCCCGGCGAGGGGGTGGCGGAAGACCCCGGGCATGGAGGAAACCTCCTCCTTCTCCCCCCCTTCCTTCACGAAGAGGGGGAGGATGAGGTGCTTTGGGGAAAGCTCCACCTCGGCCACCAAAGGACGGAGAAGAGGGGAACGCAGCCTCCTTGGGCGCTCCATGCCTTCCACTATACTCATAGGGGAGGGACGATGAACTTCCAGAAGCTTCTCAAGGAAGCGCAGAAAGCTCAGAAGAAGGCCGCCGAGGTGCAGGAGCGCCTGGAGCGGATGACCGTGGTGGGCTCGGCCCAGGGCCTCGTGGAGGTGGAGGCGAACGGCCACGGGAAGATCCTCGCCCTGAGGCTCAAGCCCGAGGCCCTCAAGGCCTTCCAGGACGACCCGGAGGGCCTCGAGGACCTCCTTCTGGTGGCCATCCAGGACGCCCAGACCAAGGCCCACGAGCTCTCGGAGAAGGAGATGGCCAAGGAGCTCGGGGGCGTGGGGCAGATGTTGGGGAAGCTCTTTTAGATGCGCTACCCGGAAAGCCTCCTCAAGCTCACCCGGGCCCTCTCCCGCCTCCCCGGCATAGGCCCCAAGACGGCCCAGCGCCTGGCCCTCCACCTCGCCTTCCACAAGGAGGAGGCCGAGGCCCTGGCGGAGGCCCTGGAGGGGCTCAAGCGGGTCCAGGCCTGCCGCGAGTGCGGCAACCTGGCCGAGGGGGAGCTCTGCCCCATCTGCCAGGACGAGGACCGGGACCGCTCCCTCCTCGCCGTGGTGGAGAGCGTGGCCGACCTGTACGCCCTGGAGCGGAGCGGGGAGTTCCGGGGCCTCTACCACGTCCTGGGAGGGGCCTTGAACCCCCTGGAGGGCATCGGCCCCAAGGAGCTCAACCTGGAGGGTCTCTTCCGGCGGCTGGAAGGCGTGGAGGAGGTGGTCCTCGCCACCTCCATGACCGTGGAGGGGGAGGCCACAGCCCTCTACCTCGCCGAGGAGCTGAAGAAGCGGGGGGTGCGGGTGACCCGGCCCGCCTACGGCCTCCCCGTGGGGGGGAGCCTGGAGTACGCCGACGAGGTGACCCTGGGCCGGGCCCTGGAGGGGAGGCGGCCCGTCTAGGATGCGGATCGGACCCGAGCTTCTCCAAGACCTGCTGGACCAGGTGGAGGGGAGCCTGGCGGCGGCCATCGGCACCCCGGACGGCCTCCTGGTGGAGGGGGTGAGGAAGCGCCCCCTGGACCTCGAGGCCGCCATCGCGGAGCATGCCGCCTTGTGGCGGCAGGCCCGGGCGGCCTACGCCCGGAGCCTGGGGGCGGAGGAGGTGGGCGAGCTCCTGGTGGGGGGGACGGGCGTGGTAGGCTACCTGAGGAGCATGCGCACCCGGGACCCGGAACCCCTCTTCCTCCTTCTCCTCCTCACCCCGGAGGCCAACCTGGGCCAGGCGCGGCTGGCCGCCCGGCGCCTTCTGGACCGGGCAGGGGGGGTGGTGGCGTGGCCTACTTGACGGGCTTGTCGGCCTTGGGCGTGGACCAGGCGGTGTTCACGGGGATGGACGGCCTGGTCATTGAGGCCTTGGGCCAGGGGCCGCCTTCCGCCGAGGCCTTGGCGGCGGAGCTCGCCGCCTTGGCGCGGCGCATGGACCCCCTGGCCCAGGCCCTGGGCGGGAAGGTCCTCCGCTTCACCCTGGCCACGGAGGACCGGGAGGTCCTGGCCGTCCGGGTGGGGGAGTTCCTCCTGGGGGCGGTGGTCCACCGGGGCCTGAACCGCAAGGCCGTGGGACAGGAGCTTTCCCGCATCGCCCTGAGGCTGGAGGAAGCGTGGAGGGAAGGCTGAGGGAGGTCCTCGAGGGCCTTTTGGAGCGGGGCGTCCGGGGAGCGGCCCTGCTCCGCCCCGACGGCCTCCTCCTGGAGGCGGTGGGGGAGGCCTCCGGCGCGGCGGAGCGGGCCGCCGCCCTTTTGGGCCTGGGCGTGGCCCTAGCCCAAAGCCAGGGGGAGGAGGTAGAGGAGCTCGTGGTAGAGTACCCCGAGGGCGCCCTCTTCCTGGCGCCCGTGGCCGGCCACCACCTCCTGCTCTTGCTGGAGGACCTCCAGGACCTGGGCCGGGCCCGGGTGGCCCTCAAGGGAGCGCGCCCGCGCATTGAGGAGGCGTTAGCATGAACGAGCTGAAGCTGGACATCAACATTGACAAGGACGTGGCCCAGGGCCGCTACGCCAACCTGGCCCTCATCGCCCACACCAAAAACGAGTTCATCCTGGACTTCGCCCTGCTCCAGCCCCAGGGGGGGGCCCTCGTGGTGAGCCGGATCATCACCAGCCCCCAGCACGCCAAGGCCCTCCTCCGTAGCCTCGCGGAGAACATTGCCCGCTACGAGGAGGCCTTCGGCCCCATCCCCGAGCCCGTGGCGGAGAACCAGGCCTGAAGCCTTCCCGGTAAAACCCCCTGCCTCCCCCGCCCTACCCGGCGAAGGAGGCAGGGGGTTTTACAGGTTTTCCCGCCACCAGTCCAGGTAGGCCCGAAGCCGGGCCAGGCGGCGGTCGGGCCGCCCCGAGCGGGAAAGCTCGTGGCCTTCCTCGGGCACCCGGA
NZ_AP024937.1_gap46	1735196	1739104	3908	TTTCACCGCTACTCCGGGAATTCCACCACCCTCTCCCACCGTCTAGCCTGAGCGTATCCCACGCTCCCCCACGGTTGAGCCGTGGTCTTTCACATGGGACGCCCCAGGCCGCCTACACGCCCTTTACGCCCAGTGAATCCGGGTAACGCTCGCGCCCTCCGTATTACCGCGGCTGCTGGCACGGAGTTGGCCGGCGCTATTACCCCGGTACCGTCAGTCCCCTCGTCGGGGGTTTCGTCCCGGGTTCAGGAGTTTACACCCCGAAGGGCTTCTTCCTCCAAGCGGCGTCGCTCCGTCAGGCTTGCGCCCATTGCGGAAGATTCCTAACTGCTGCCTCCCGTAGGAGTGGGGCCCGTGTCTCAGTGCCCCTGTGGCCGGCCACCCTCTCAGGCCGGCTACCCGTCGTCGCCTTGGTGGGCCATTACCCCACCAACTAGCTGATGGGACGCGGGCCCATCCGGAAGCGGGCAAAGCCCTTTGGACACACCCCAAGGGGCGGGTCCACATGGGGGATTAGCCCGAGTTTCCCCGGGTTGTCCCCCTCTTCCGGGTAGGTCACCCACGCGTTACTCACCCGTCCGCCGCTGACCACGGAGTAAAACCCCGCGGCCCGCACGACTTGCATGTCTTAGGCACGCCGCCAGCGTTCACCCTGAGCCAGGATCAAACTCTCCAACAAATCAACGCCCTAAACGGGCGTAGAGCTCAGATGCTTGGCCTGTTCCCGCGCTTTCAAGATCCCCCGCCGGCCCTGCCGGCGCAACTATGAATCTACCAAGCCCCCCTCCTTCTGTCAAGATGGGGGCATGGACCTCCTCGTGGTGGTACCCCACCCGGACGACGAGAGCTTCGGCGCAGGGGGGGCCCTCCTCCTCGCCAAGGAGGCGGGGCTTAAGACCGGGGTCCTCACCCTGACCCGGGGGGAAGCCGGGAGAACCCTTGGCCTCTGTCCCCCGGAGGAGCTGCCCCGGGTGCGCGTGGAGGAGTTAAAGCGGGCCGCGGCCGTCCTTCAAGTGGACTACCTCGAGGTGCTGGACTACCCCAACGCCCTCCCCGAGGGCGCCCAGGGGGAGCGGGGGCCGGCCACGGGCCGGGGCCTCGCCGACCACCCCGAGGCGGTGGAGGCGATCCGGACGCGGCTCCTCCGCCTCCGTCCCCGCTTCGTCCTCACCTTCCCCCCGGACGGCATCAACGGCCACCCCGACCACGTAGCGGCGAGCCGGTACGCCCGCGAGGCCGCCCAAGGCCTCGCCCAGGTGGTCTACCTGGTCCGCTCCAACGGCCCCTGGCCCGTGACCCACCGCCTCCGCCTCCCCGAGAGGGTCTTGGCGCGGAAGCTCCGGGCCATCGCCCAGCACAAGACCCAGGCCCTCTCCGTGCTGAAGTTCCTGGAGACGTTCCCCGAGCGCCTCTGGACCGAGACCTTCCACCTGCCGGGCGCCTCCGGTCTCCGGGAGGGACCGTGGTGGTGAGGCCCCTGGACCACACCGCCGACGTGGGGTTTGCCCTCGAGGCCCAAAGCCTGGAGGAGCTCTTTCAGGCGGCCCTGAAGGGCCTTCTAGACGTGATGTTCACCGCCCCTCCCCAAGGGGGCAGGAAGCGGCGGCGCCTAAGGCTTTTCGCCGAGGACCTGGAAACCCTCCTCGTCCGCTTCCTCAACGAGCTGATCTACCTGATCCAGACCAAGGGCTTCGTCCCGGGAAGGGCCCGCATCCAGGTGGAGGAGGAAGAGAGCGGGTACCGCCTCACCGCCACCCTCTTCGGCGAGCCCTTCCAGGAGAGCTTCGGCTTCCAGGGGGAGGTGAAGAGCGCCACCTTCCACGGCCTCTCCGTCCGCAAGGAAGACGGCCGCTGGAAGGCCCAGGTCATCCTAGACGTGTAGGGCGGAAAGCCTCTGCCGCACCCGCGCGAGGAGGCCCGCCTCCACCATGGCCTTGGCCCGCAGGAGGGCGTTTTTCACCGCCAGGGCGTCGGCGGAGCCGTGCCCGATGAAGACCGCGCCCTCCACGCCGAGGAGGGGCATGGCCCCGTACTGGGCCGGGTCCACCCGGGCTTTCACCCGGGCGAGGGCCTCCCGGACCAAGAGGGCCCCAAGGCGCGCCCGGAAGGAGGAGGTCAAGGCCTCCTTGATCCAGGTGAGGAGGACCCGGGCCTCCCCCTCGGCGAGCTTCAGGGCCACGTTGCCCGTGAACCCATCGGTGACCACCACCTCCGTGGTTCCGAGGAAGATGTCCCGCCCCTCCACGTTGCCGTAGAACCGCTCGCCCAAGGCGGCCCGGAGCAGGGGGTAGGCCTCCTGGACGAGGGCGTTCCCCTTCCCCTCCTCCTCCCCGATGGAGAGGAGGCCCACCCTTGGGGCCAAAGCCCCGCTCGCCTCGGCGTAGGCCAAGCCCATGGCGGCGAACTGGACGAGGAAGGAAGGGCGGCAGTCGGCGTTGGCCCCTCCGTCCAGGAGGAAGGTGCGGCCTCTCAAGCTGGGGAACTCCACGAGGAGGGCGGGCCGCTCCACCCCCTTCACCCGCCCGAGGACGAGGAGGGCGGCGGCAAGGGTGGCGCCGCTGTGCCCCATGGAGACCACCGCCTGGACCTCACCCCGCTTGAGGAGCTCCATGGCCACCCTCACGGAGGCCTGGGGACGGCGGCGGACCTCCGTGGCCGCCTCCTCCATACGGATGTGGTCCGGGGCGTGCCAAACGGGAAGGTCGGCCCCCAAACGGGCAAGCTCCGCCCGCACCTGGGCCTCGTCGCCCACCAGGAGGACCTCCACCCCCTCCCGGGCCGCGGCCACCGCCCCGGCCACCACCACCTGGGGGGCCCGGTCGCCCCCCATGGCGTCCAGAGCGATGCGCATCCTCAGGCGGTGGCGGGCAGGTGCTTCTCGATCTTGGCCTGGTAGTTGCGCTTGGGCTGGGCCCCCACCAGGACCTCCACCGGCTGGCCGTCCTTGAAGAGGATCACCGTGGGGATGCTCATCACCCGGTAGCGCATGGCGGTCTTGGGGTTCTCGTCCACGTCCAGCTTGGCCACCAAGAGCTTCCCCTCGTACTCTTTGGCGATCTCCTCCAGGATGGGGGCGATCATCCGGCAGGGGGCGCACCACTCCGCCCAGAAGTCCACCAGGACCAAGGGGTGTTGGCCGAGGGTCTCGTCAAAGTTCTGGTCGGTCACCTCAATGGGCTTCGCCATACCCCCCTACTCTACGGCAAACCCCCGGGGACGACAACGCCCCGGGGGAGCCTTCCTCGGCCTTTAGCGCTTCTTCCGGCCGCCCTTTTTGCCCTTGCCCCCAAACCCTCCGGTGCCCCGGAGAAAGCTCTTGAGCTTGTTCTCAAACTCGGGGGATTGCTTGGGAAGCCGCCTGGGCCTGGGCGGGGGCGCGCCCCCTTCGGGGGCCGGGGTCAGGTCCTTGATGGAGAGGTCCAGCCGCCCCTTGGCGTCCCGCCCTTTAATCAGGACCTGGACGATGTCCCCCTCGTTGAGGTAGTCCCGGACGTTCGTCACGTACTCGTGGGCGATCTGGGAGATGTGGACCAGGCCCTGCTCTCCCCCCGCAAGCTCCACGAACGCGCCAAAGCTCACCACCCGCACCACGCGGCCTTCCACAACGGTTCCTGCTTCTAGTTCCACGTTCCTTCTCCTCGCGCGGAATCCACCCGCGGTGCCCCCACTATACCACATAGGGCCGGACCCCAGAAGGGTCCAGCCCCGCGAGAAGCTCGGCGAAGGTCCGGCCCAGGAGGGGGTGCCGCCCTTGGGGAACGAGGTCGCAAAGGGGCACGAGGACGAAGGCCCGCTCGTGGAGCCTCGGGTGGGGCAGCACCAGGTCCTCCTCCTCCAGGACGAGGTCCCCGTAAAGGAGAAGGTCCAGGTCCAGGGTCCTGGGGCCGTAGCGCTCCTTGCGCTCCCGC
NZ_AP024937.1_gap47	1748009	1750229	2220	TTCATGTGGCCGAAGGCCTTGCCCAAGGCCTTCAGGAGAAGGAAGAGCACCCCCAGGGCCTTCTGGACCTCGGGGTCGGAAAGCTGCTTGAAGAGCCCGGCGAGGCCCACCCGGGGCGGGTCCTGCATCGCCTCCGGGGTGAAGGTCTCCGCGAGGCCCTTTTGCAGGGCCCCCGCCATCATGCCCACCGCGGCGGGCTCAATGCGGGAGAGGAGGTCCAAGACGTTCGCCCCGTGGGAGACGAGGCGGAGAAGCTGGGGCTCCATGAGCATCCCCAAGCCCTCCCCGAAGTTCTCCGAGAGGTGCCCGAGGAAGGCGAGGGCCCCGGACTTGTCCAGCTTCTCCAGGGTCTCCGCCAGCTTCTCCAGGGCCTCCGCCTGGTCCAGAAAGCGGGCCAGGAGGGAGACGAGCTGCAGGTTCTTGGGGTCCATGAGGAGGCCCAGGTTCTCGGCGAGGGTCTCCCCCACCTCCATCCGGGCGAGGAGGGCGAGGCCGCTTTTTTCCAGGACCTCCTCAATGCGGCCTAGGCGTTCTTCCACCGTCAAGGTCTTCTCCATGGCCGCCTCCTACTCAATCAGCGTGGCGAACCAGAAGCCTTCAAAGAGCATCTTGGTCACCCGCACCCACTTGCCCATGGCCATAACCCCGCAGGAAGGCATCCCCGTCCCCGCGAGCACCCGGTCAAAGGCGCACTGGGGCAGGAGGGCGTTGTCGCCGAAGTCCATGATGCACATGGCCACGGGGTTGAAGGGCTCGCCGATGTAGGCCCCCTTGAGGTCGGAGGCGATCACCCCGGCCACGTACTCCCCCTGGAAGTGGGCCACCACCCCGGCCGGAGGAAGCATGAGGGCGGGGTTCACCGTGTCCCCGATGACGAAGACGTTGGGGAACTTGGTGGAGCGGAAGGTTACCCGGTCCACCTCGGGGAAGCCCTGGGGCCCCGCGAGGGGGCTTTCCCGCACCACCCGGTTGGGGGCGAAGGGGGGAGTGAGGATGAGGAGGTCGTAGGAAAGCTCCCGGCCGTCCTTGGCCTTGACCTTGCCCCCCGCGAACTCCACCGGCTCAAATCCCCCGTGGAAGGCGATGCCCTTGGACTTCAGGATCTCCAAGACCTTTCCCGAGATCACCGGCCCCATGCTCGCAAGGGGCGCGGGATTTAGGTGAAAGACCTCGACCGTGCTCTTGTCCCGCACCCCCTTGACCTTGAGGGCGAACTCCACCTGCCCCGCCACCTCGTAGGGCGCAGGGGGGCAGGGGTAGTAGGGGGAGGAAACCCCCACCACCACCTTCCCGCCCTTGAAGGTCCGCAAGGCCTCCCGGAGTTTCAAGGCCCCCTCCAGGCTCCAGGGAGCATGGCCGTCGGGGGCCGGGGAGGGCAGGGCCTCGGCCCCCAAGGAGACGATCAGGTAGTCGTAGGAAAGCTCCCCGGCCGTGGTCTTCACCCGGTTCCTCTCCGGGTCCAGGGCCTCCACCGTGGCCTGGAGATACCGGATGCCCCGCTTCTCCAGGTTGGCGAGGGGGCGCCGGACGGCCTCGGGCTCCCGCATGCCGAAGGCCACCCAGGGGTAGGCGGGCATGAACTCGTGGTGGGTGTTCCGGTCCACCAGGGTGACCTCCACCTCCTTCCCCAGAAGCCGCTTCACCTTGTTGGCCGCCACCAGGCCGCCGGAGCCACCGCCCAAAACCAGAACCCTCGTCATCCTTCACCTCCCGGATACGCGTACCGCGTACCCCTACCTCCAGGGTGAACCCGGGAGGCTTGTGAGGGTAGGTGCAAATGCCCCTATCCCCGCAGGCGGGCGGCGAAGAGGAAGCCGAGGCCCAAAAGCCCCAAGGCCTCCCCCACCCCAAACCCCCGCCCCAGGGCGGGGAGGAGATACCAGGCGAGGTGCACCAGGCGGAAGAAGGCCACCCAAAGGGCGGCGGGGAGGAGGTAGCGGGCCTCCCGCTTGGGCACGTTGGTGAGGAGGTAGAGGAAGGGAAGGAAGAAGCCCCCCACCACCCAGAAGGCGGCCACCTCGTCCCAATAACCTTGCAAGCGTTTCAGGTAGAACTCCACCTCGTGGGGAAAATCCGCCCCCCAGACGATGATGAGGGTGGTGGCCTCCAGGTAGATCCAGACGATGGAGAGGGCAAGGAGGAGGTTGGTGTGGTTCTGGGCCTGGCCGCGGAGGGCGGCCGTGCCCTGCCTCGCCGCGAAGGCCACGGCCACGGCGAGGG
NZ_AP024937.1_gap48	1752618	1755953	3335	AGGCCCAGGTAGAGGAAGAGGGTGGAGATGGTGAGGTAGGTGAAGATGGCCAGGACGTCCCAGGAGAGGGGGCTTTTGTACTGGGGCCAGAGGGCCATGTGGGTGGGGTAGGGCAGGATCCAGTAGAAGTGCTGCGCCCGCCCCATGTGGATCAGGGGGTAGGTGCCGGCGCAGAGCACGGCGAAGAGGGTCATGGCCTCGGTGATCCGGTTTAAGGAGTCCCGCCAGTTCTGGCGCATGAGGACGAGGATGGCGCTGATCAGGGTCCCGGCGTGGCCGATGCCGATCCACCAGACGAAGTGGACGATGTCAAACCCCCAGAGGACGGGCTGGTTGATCCCCCAGGTGCCGAGGCCCTTGGTGAAGGTGACGAAGATGGCGTAGAGCCAGGCCAGGGTCAGGACGAAGCCTACCGCCGCCACCACCTTCCAGGGCCTGGGCGGGGGCTTCTCCACGGGCTCCAAGAGCTTCTCCACCAGGGACCTTTCCGTCCACTCCCCCTGGATGAGGTCGTGGTCCGGGTGCCGTTCAGGCATGGCCTCCCTCCTTCCTAAGCCTGGGGTTGGGGTTCTTCAGGTGGGCGAGGTAGGTGGTCCGGGGCCAGGTGTTCACCTCTTCCAAGAGGACGTAGTGGCGGCCCTCCTCCCGGTGGGCGTGGATGGGGTCCTCAGGGTCCAGAAGGTCCCCGAAGTGGATGGCCTGCCCGGGGCAGACCTCCTGGCAGGCGGTCACCACCTCCCCGGTGCGGATCCTCCGCCCCTCCCTCGCGGCCTCGGCCCGGGCGAGCTCTATGCGCTGGACGCAGTAGGTGCACTTCTCCATGACGCCCCGGCTTCTCACCGTCACCTCGGGGTTCATGAGGAGGGCGAGGGGGCTTTCCTTGGCCCGCCTCGGGTCCCCTTGGCCGATGAAGGCCTCGGCGTAGGGGAAGAAGTTGAAGCGCCGGGCCTTGTAGGGGCAGTTGGCGGAGCAGTACTTCGTGCCCACGCAGCGGTTGTAGACCATGAGGTTGAGCCCCTCGGGGGAGTGCTCCGTGGCGGCCACGGGGCAGACCGCCTCGCAGGGGGCCTTCTCGCAGTGCTGGCACATCACGGGCTGGTGGAAGACGCCCTCCTCGGCGAAGTAGCGGTCCAGGCGGATCCAGTGCATCTCCCGGCCCTTCCCTACCTCCTCCTTCCCCACCACGGGGATGTTGTTCTCCACCTGGCAGGCGAGGACGCAAAGCCCGCACCCCACGCAGCGGGCGAGGTCCACGGTCATGGCCCAGGCGTGCTCCCCCTGGGGCCAGGGGGGGTAGAAGGAGACGCGCTTCTCCTCCTTGGGCTGGGCCTTGCGCGCCTCCTCCTCGGTGAGGACCTTCACCGCCTCCACCTCGCCCAAGTAACCGTGGTACTGGGTGGAGACGAGAGGGTAGTCGCGGCCCGTGGGCAGGACCTCCGCGGGGAAGACCGTCCCTTCGGGGTGGAAGAAGTGGGATAGGGGGGCCACAAGGCTTCCCTCGGGGAGGAGGGGGAGGGGCCAGAGGGGGAGGAGGGCCTCCCTTCCGGAAGCCCGCACCCGAAGGAGGGGCCTTCTGGGGTCGGCGCGCCGCTCCCGGGCGCGGATCCCCTCAAGAAGCCCCCAGGCCTCCGCCTCCCTCTCCCCGGCGAGGAGGGCCCCGTCCCAGACCAAGAGGGAGAGGGGCCGGGGAAGCTCTTGGAGGTAGGGGTTTTCCCGGTAGCGGCCGTCAAAAAGGCGCGCGTCCGGGCGGAGGGTGAGCTCCAGGGGGGCCTCCCGCCGCAAGGGGGAAAGGCGGCCCTCTAGGCCGGGGAGGGGCTCCAGGGCCAAAGGCTTTGCCTCCTCCAGGGGCCGGCCCTCGGCCAGGGCCCGCCTCTCCTCGGCGGTGAGGCCGGGAAGCCCCTCCCCCAAAAGCCCCGCCAGCACCTCCTCCAGGCTTTTCCCGCCGTAGAGGGGCTTGAGGAGGGCTTGGGCGGGCCAGAGGCGGCCCCAGGCGTCCCGGGCGGGGCTTGCCGCCTCCAGGGGGTGGGCCAAGGGGAGGCTATGGGGCGCCTCCTTCGGGTAGAGGGAGAGGACCGCGGCGAAGGCCTTGCCCTCTAGGCCCGGCAGGGGGCCTTCCGCCGCCCAGACCAGGCGGTCCGCCTCCTGGGCCTCCAGGAAGGCCCTAGGGGTGGCGGGCTCGGCCTCTGGCGGCGGCACGTAGGCCACGGGGGCCTTAAGCCTCGCGTTCACCGCCATGGCCAGGGCCTGGGCGGCGGGGGTGAGGTGGACCCCGGGGAGGAGGAGCCCTCCCCGCTTAAGGTCCTCCACCAGGGCGGGGAGGAAGCCCCCGTAGTCCGAGGCGGGGCTTCCCGGGAGGACCCCGAGGGCCTTCGCCAGGTCCAGGAGGAAGGCCTCCACCCCGCTTGGCTTCAGGCCCAGGCGGTGGTCGGCCATGGCGCCAAGGAGCCCCGCCCCGCTCTCCACGGCGTAGATGCGGTTCATGGGGGGAAGGCGCCTCTGGCTTAGGGCGGCCCACCAGCCGTAGCCCGCCGGGTGCTCGTGGAGGTCCACGTCCAGGAGGAGCACGGTCTCGGCCTTCTCAGGGCTGTAGACGGGCCAGGCCCTCTGCCCGAAGGCGAGTTCCGCCCCCCGGTAGACGTTCTCCAGGCTCCAGGCCTCAAACCGGGCCACCCGGAGGTTGGGGTAGCGGGCCTGGGCCCTCTGTAGGAGGGCCTCGAGCCTAGGCGAGGTGGTGCGGGGGAGGACGAAAAGGGTTTCGCCTTGGGCCAAAGCCTCCCGCCAGGCGGCGTAAAACCCCTCCCAGTCCGGGGCTTTGCCCTTGCGGGCCGGGTCGTAGAGGCTGTAAAGCCCCGCAAGGGGGTAGGGCCCCATGGCCTCCCCCTGGGGGACGAGGAAGAGGGGCCTTCCCTGGTAGGTGCGCACCCGCACGGGCTCGGCGAAGCCCGCGTGGGGCAGGGCGGTGAAGAACTCCCTCCGCCCGCCCTCCACCACCCCCTCGGGCTGGCGCACGTAGGGCACCCCCTTGCGCCGCACCACCGGGGTGCAGGCCGCCAAGGAAAGGAGGCCCAGGGCCAGAAAGCCCCTCCGGGTCACGGGACCGAAGGGAAACTCCTCCCGGAAAAGCGCTCGCTCCAACGCCTCCTGGGGTCCTCTGCGCATACTTCCTCCCTAACGGTGGCAGGTGTTGCAGCTCGTGAGCTCCTCGGGGGGCCGGACGTGGTAGAGCCTGAGGAGCTCCCGCCCAAGCTCGGGGTCCGGAACATAGGCCATGTTGAAGACCTGCTCCCGGGGCCTCAGGCGCGGTGCGGGGTTCCGGTGGCAGTCCAGGCAGAACT
NZ_AP024937.1_gap49	1759899	1764259	4360	TGTCCCACGAAGACCGCCCCCGCCTCCACCTCGAGGGCCTGGGCCTTGAGCTGGCCGGTGAAGCGGGCCGTCTTGGAGAGGACCACCTTCTCGGCGGTGAGCTCCGCCTTGACCTCGCCGTGGATGAGCACGGACCTGGCCTCCACCCTCTCCCCTTCCACCCGGCCCGTGGGGCCGACCTCCAGCTCCCCCTCCACCAGGACGGAGCCCCGCACCAGGCCGTCAATGCGCACCTGGCCCTTGGCCCTCATGTCGCCCAGGACCTCGGTGTCGGGGCCGAGGTAGGTGAGGGTGCGCTCCTTTCTTCCCAGCATCCGCCCCATTCTACCGGGTGTACCAGGTGGGGTCCAGGTAGGCCCTGGGGTCCACCGGCGTCCCGTAGCGGTAGACGCCGTAGTGGAGGTGGGGCCCCGTGGACCGGCCCGTGGAGCCCACGTAGCCCAATAGCTCGCCCCGGGCCACCCGCTGGCCCGGGCGGACGGCCAGGCGGGAGAGGTGGCCGTAGAGGGTCCGGTAGCCCCGGGCGTGGTCCACCACCACGGCGAGGCCGTAGACCCCCATCCACCCCGCCTGAACCACCACCCCGCTCCCCGTGGCGTAGACGGGGGCCCCGTAGGGGGCAGAAAAGTCCAGGCCGTCGTGGAACTCCACGCCGGGGCCGAAGGGGTTTTTGCGGCGGCCGAAGTAGGAGGTGACCCCCCCGTGCCCCCGGAGGGGAAGGCCGGCGGGGAGGCTTTGCTCCACCTCCAGGGTCCGCTCCAGGGCGGGGGTGAGCTCGGCGAGCTGGTTCTTCAGGTCCAAAACCTCCACCCGCACCGCCCCCCACCCCTCCATGGCCCCGCCCCCTTGCCCGCCCTCCTGGTAGCGGACGGGAAGGGCGTTCACGGGGGAAAGCCCGGCGCGGCGGCGGAGCTCGTTGATGGCCTTCTTGAGGGCCTCAAGCTCCTTCTTGGTGCGCTCCGCCTCCTGGGAGAGGGCCCCGTTTTTGGCCTTCTCCGCCTCCAGGGCCAGGGAAAGCCGCCTCGCCTCTTGGGAGAGGGCGTGGAGCCTGGCCTCGAGGGCCCGCACCTCCCGGGCCCGGTGCCAGAGGTAGAGGTTCACCCCCGTCCAGAGGGCGAGGAAGACCAGGAAGAGGCCCACGGCCCAGCCGGGAAAGGTGAGGGCCCGGCTCCCCCCACCGCTTCGGGCGAGGAGGAGGGTGTACCGGACAGGCCGCCTTTTCATCCCCGGAAGTATACCACCCCCCGGGGGCCCAAGCGCCCGCGCCCGGGGTCGGCGCGGGGCGGCCCCGGTCTGGGCCCGGGGACCCGCTTTTTGGGCATTTCGCCCCTTGGTTGCGCAACCGGGTGGGGTACCTAGACGGCCTCCAAGACCAAGGGGGCGGGGTGCGCCTCCTCCCCCAGGGCGTAGGCCTCGCGCAGGTGCCCAAGGGCCTCCTCCAGGCCCCGCCTCCGGTGGTAGACCAGGGCCAAGGCCTCCCCCCGCTCCACCCGGTCCCCGGGCTTCTTGAGCAGGTAGACCCCCACCCCGTGGTCAATGGGCTCCCCCTTCCGCTTCCGCCCCCCGCCCAGGGCGAGGACGGCGAGGCCCACCTTGTAGGCGTCCACCTCCCGCACCACGCCCTCCCGCTCGGCGCGGAGGGGGTGCTCCTCGGCGAGGGGCAAAAGGGAGAAGTCCTCCACCGCCCGGGGGTCTCCCCCTTGGGCCTCGAGGAAGGCCCGGAACTTCTCCAAGGCCGCCCCGCCCTCCAGGGCCTTCCGGGCGAGGGCGGGGTCCAGCCCCTCAAGCTTTAAGGCCTCCTCCGCCAGAGCCAGGGCCACCTCCAGAAGGTCCCCGGGGCCCTCCCCCTTGAGGGCCCCTATCGCCTCCCGCACCTCTATGGCGTTGCCCACCGCCCGCCCCAGGGGGGCCTCCATGGAGGTGAGGAGGGCCCTCACCCGCCTTCCCGCCCCCTGGCCGATGGCCACCATGGTCTTGGCCAAAAGCCGGGCCTCCTCCAGGGTCTTCATGAAGGCCCCCCGGCCCACCTTCACGTCCAAGACGATGCTCCGCGCCCCGGCGGCGAGCTTCTTGCTCATGATGGAGCTCGCGATCAAGGGCACGCTCTCCACCGTGGCGGTCACGTCGCGGAGGGCGTAAAGCTTCCCGTCCAGGGGGGCGAGGTCCGGGCTTTGGGCGGCGATGACGAGGCCCACCCTCCGCGCCCTCTCCAAAAACTCCGCCTCCGTCATCTCCCCTCGCCAGCCCGGCACCGACTCTAGCTTGTCTATGGTTCCCCCGGTGTGGGCCAGGCCCCGGCCCGACATCTTGGCGAAGGTGCACCCGCTTGCGGCGAGGATCGGCCCCACCACCAGGCTCACCTTGTCCCCAACGCCCCCCGAGGAGTGCTTGTCCACGGGGTGGGGAAGGCCGGAGAGGTCCAGGACCTTCCCCGAGTGGGCCATGGTCTCGGTGAGCCAGAGGGTCTCCTCGGGGTCCAGCCCCCGCAGAAAGGCCGCCATGAGCCAGGCGGCCACCTGGTAGTCCGGCACCTCGTCCCGCAGGTAGCCGAGGAGGAAGGCCTCGAGGTCCTCCCGGCGGTGCTTTTTCCCTTCCCGCTTTTCCCGGATGAAGGCCACGGGGTTCATGGGCCCATGCTACGCTAAGACCATGGCCACCCGGTACCGGTTCGGGCTGGAGGAGTACGAAAGGCTCTTCCGGGGGGTACGGGACGTGGAGCTTTTGGCAGGGGAGGTCTACCGGATGAGCCCCATCGGTCCCAAGCACGCCTGGAGCGTGGCCCGGCTAACCCGGCTTTTCACGGAGGCCCTGGGGGATCGGGCCGTGGTCTGGCCGCAAAACCCCATCCGCATCCCCCCCCACTCCGAACCCCAGCCCGACCTGGCCCTCCTCCGGCCCAAAAGCTATGAGGAGGGGCTTCCCACCCCCGAGGACGTGCTCCTCCTGGTGGAGGTGGCCGAAACGAGCCTGGAGCACGACCAGGGTCTTAAGCTTTCCCTCTACGCCCAGGCGGGCATCCCCGAGGTGTGGGTCCTGGACCTCAAGGAAAACCGCCTCCACGTCTACCGCACCCCCAAGGCCGGGGTCTACACGGAGCACCGCATTCTCCTCCCCGGGGAGGAGGCGGAGCCTTTGGCCTTTCCCGGGGTGCGGATCCCCTGGAGCTAAGCGGCCGCACGCGGGTTTCGCAACAGGGGATGCCCTAAGGCCTGGGAACCCCCTTTCGGGGTGCTTAAGCCCGCCCCACGGAGCCGAAAAGCTCCATGCGGCTTTTCACCACCTCCTTCACCGCGTCCCGGGCGGGGCCCAGGTACTTCCTGGGGTCAAACTCCTTGGGGTTTTTCCCCAGGGTCTCCCGGACAAGAGCGGTGAAGGCGAGGCGCAGGTCGGTGTCGGTGTTGATCTTGGCGATGCCCAAGGAGATGGCCTTCTTGATGTCCTCGGGGTGGATGCCCGAGGCCTCCCCGATCTCGCCCCCTGCGGCCCGGAAGCGCTCCACGAGCTCTTGGGGCACGGCGCTCGCCCCGTGGAGGACGAGGGGAGCAGGGACGAGCTCGGCGATGCGGGCGAGCCGGGGGTGGTCAATGAAGGGCCTCCCCTTCCCCTTGTAGGCTCCGTGGCTCGTGCCGATGGCCACCGCCAGGTAGTCGGCCCCCGTGCGCTCCATGAAGATCCGGGCCTCCTCGGGGTTGGTGAGGAGGGCGTCCTTCTCGTCCACGGCCACGTGCTCCTCAATCCCCGCAAGCCGCCCGAGCTCCGCCTCCACCGTGACCCCCACGGCGTGGGCCGCCTCCACCACCCGCTTGGTCTCCCGGACGTTCGTCTCAAAGTCCTCGTGGGACTTGTCAATCATGACGCTGGTGAAGCCCTCCCTGAGGGCCTTGAGGACGCTCTCGTAGCTAGAGCCGTGGTCCAGGTGCACGGCCACGGGCACCCGGGCCTCCTGGGCCAGGGCCACCACCATGCGGGTGAGGGCCCGGCCCCCGTACTTCATCGCCCCCTCGGAGAGGGCGAGGATCACGGGGCTTTTCATTTCCTCGGCGGCCTCGAGGATGGCCTGGGTGAACTCCATGTTGTTGGTGTTGAAGGCCCCGACCCCGTAGCCTTCCGCCCGCGCCTTGCGCAAGATCTCTAGACCCGTTACCAGCATAAACGCCTCCCGCCCGATTATACCCCTCTGGAAGCGTGGAACGGCCCCACCCCCTAGGGACATCCCAGGGGGCTTCTTTGGGCCAGGCGGGCAAGGGGAAGGGCGTCAGTAGGTCTGCCCCGTGGCCTTGGTGAGGAGGAGCCGAAACTCGTGGGGGCTGGTGGCGGCGGAGAGGGCGTCCTCCAGGGAGATGAGCCCCTCGGTGTAGAG
NZ_AP024937.1_gap50	1840161	1844231	4070	GGGATAGCGGCCTCAACGACCTCGTGGTGAACCTCGGGGGCGCCTACGCCCGGAGCGAGGTGGCCTCGGAGCTCGTGGGCCCGGGGGCGGAGAGCGAGATGCTGGGCCTCTACTTTGGGCACGGGAGACAGCAGTTTGACCACTACACCCTGCAGCACCACGTGGAGCACCACACCCGCTCGGACCTCCTTTACAAGGGGGCGGTGAAGGACGAGGCCCGGGCGGTCTTCTCCGGCCTCATCCGGCTGGAAAAGGGCGCCCAGAAGACGGACGCCTACCAGGCGAACCGCAACCTCCTCCTCTCCCCCACGGCCCGGGTGGACTCCATCCCCCAGCTGGAGATCGGGGCCAACGACGTGCGCTGCACCCACGGGAGCACCACCGCCCCCGTGGACGAGATGCAGCTTTTCTACCTCCAGTCCCGGGGGCTTCCTCGAGGCCTCGCCCAGGAGCTTCTGGTCAAGGCCCACCTCGCGGACGTCCTCTCCCGCATCCCCTTGAAGGCGCTTAGGGCCCACATTGAGGCGGTGATTGAGGAGAAGGTGCGGATCTAGCCATGTGGACCCCCGTGGCCAAGCTCGGCGAGTTCCAAAACGGCCGCCTCGTGGTGAAGCGGCCCGAGCACAGGAAGCCCATCCTCCTCCTCTACACGGGGGAGGAGGTCTTCGCCCTGGAGGACGTCTGCACCCACGACGACGGCCCCCTCCACGAGGGGGAGGTGGAGGACGGGGCCATCGTCTGCCCCCGCCACGGGGCCCGGTTTGACCTGAGGACGGGGCGGCAGACCCTCCCCGCCCCGAGGCCCGTGAAGGTCTTCCCCGCCCGCCTCGAGGGGGACACCGTCCTCCTGGACCTCTAGGCCCTGAGAAAGGCCACGTAGCGCTCCAGGAGGAGGTAGGCCTCCCCCGAGGCCAGGACCTCTCGGGCCAACGCCACCCCCTCCTTCAGGGAGGGGGTTTTTCCTGCGGCGTAGAACCCGGCCCCCGCGGCCAGGGCCACGGCGTCGGCCAGGGGGCCCTTCTCCTCCCCCTTGAGGAGGCGGCGGGCAAGGGCCGCGTTCTCCTCGGGGCCTCCGCCTTTGAGGGCCTCGAGGGGGGCCCTCTTTAGGCCCACCTCCTCGGGGGTGAGGGTGTAGGCCCCCTTCCCCACCTCCACCACCCGGTTCTCCCCGAGGACGAGCTCGTCCGCCCCCTCCCCGTGGACCACGAGGCCCCGGGCCCCAAGCCGCTCCAGGGCCTCGGCCATGGGGGCGAGCCACTCCGGGCTATAGACCCCGAGGACGTAGGCGTCCGCCCCGGCGGGGTTGGTGAGGGGCCCGAGGAGGTTGAAGACGGTGCGCACGCCGAGCTCGGCCCGCACCGGGGCCACGTGGCGCATGGCGGGGTGGAAGACCCGGGCGAAGAGGAAGCCGAAGCCCAGCTCCTCTATGGCCTCTCCCACCCTCTCAGGGGGGGCCTCCAGGTCCACCCCCAGGGCCTCGAGGAGGTCCGCGCTCCCCGTCTTGGAGCTCGCCGCCCGGTTCCCGTGCTTGGCCACGGCCACACCCCCCGCCGCCGCCACCAGGGCGGCCAGGGTGGAGAGGTTGAGAAGCCCTTTCCCGTCCCCCCCGGTGCCCACGATGTCCAAAAGGGGGCGCCGGTGTACCCTTACGGGCCTCGCCGCCTCCCGCATGGCCCGGGCCATGGCGGCGATCTCGTGGGGCCGCTCTCCCCTCAGGCTCATGGCCACCAAAAGCCCCGCCGCCCGCACCGGGGAGACCTCCCCCCCCATCAGGGCCCGCATGACCTCGTAGGCCTCGCCCTCCTCCAAAACCTCGCCCAGAATGGCCTTCTTCACCGCGTCCATGGGTCCTCCAGGAAGTTCTTGAGGATGAGTTTACCCGCCTCCGTGAGGTAGCTTTCCGGGTGGAACTGCACCCCGTGGGTGGGGTAGTCCCGGTGGCGGAAGCCCATCACCGTCCGCCCCCCCGCCTCCTCCGCCCAAGCGTTCACCACGAGCGCCTCCGGCACCTCCGCCACCGCTAGAGAGTGGTAGCGGGTGGCGGGGAAGGGGCTATCTAGCCCCCGGAAGACCCCGGTGCCGTCGTGGTGGATGGGGCTCACCTTGCCGTGCATGAGGACGGGGGCGGGGACCACCTTCCCCCCGAAGGCCGCCCCGATGGCCTGGTGTCCGAGGCAGACCCCCAGGATGGGGTAGCGGGGGGCGTAGCGCTGGATCAGGGGGATAGAAAGCCCCGCCTCAAAGGGGGTGCAGGGCCCGGGGCTCACCAGGATCCGGTCCGGGTTCAGGGCCTCCACCTCCTCCAGCCGGAACTGGTCGTTCCGCCACACGATGGGGCTTGCCCCGAGCTCCCCCAGGTACTGCACCAGGTTGTAGGTGAAGCTGTCGTAGTTGTCCACCACCAAGACCCTCATAACCTTTCTCTCCTTCGCTCCGTCAACAACCATGCCCGCCAGGCCTCCTTACCGAGCCCCTGCCGGCATGGGGTGGGATCACAGCCCCTCCTCCGCCATCTCCACCGCCTTGAGGAGCGCCCGCGCCTTGTTCCAGCACTCCTCGTACTCCCTCTCCGGCACCGAGTCCGCCACGATCCCCGCCCCCGCCTGGACATGCATCCACCCCTTCGCCACCACGAAGGTGCGCAGGGTGAGGGCCATGTCCATGGCCCCGTCGTAGGCGAGGTAGCCGAAGCTTCCCCCGTAGGGCCCCCGGCGGTGGGGCTCCAGTTCCTCAATGATCTCCATGGCCCGGATCTTCGGGGCCCCGGAGACCGTCCCCATGGGCAGCACGCTGGCCAGGGCGTCCAGGGGGGTCTTCCCCTCGGCCAAGATGCCCTCCACCGTGGAGACCAGGTGCATGACGTGGGAGTAGTGCTCCACGTGGAGGGGCTCCAAGACCCGCACCGTGCCGAAGGCGGCGACCCGGCCGATGTCGTTGCGGGAGAGGTCCAGAAGCATCACGTGCTCCGCGACCTCCTTCTCGTCCCTAAGAAGCTCCTCGGCAAGCCTTTTGTCCTCCTCCTCGTCCTTCCCCCGGGGCCTCGTGCCCGCGATGGGCCGGGTGACCACCCTTCGGCCGTCCGAGCGGAGGAGGCTTTCCGGGCTCGCCGAGACCAAAACCACCTCCCCCAGGTCCAGGTAGCCCATGTAGGGGCTCGGGTTCACGCTCCTCAGCGCCCGGTAGAGGGCGAAGGGGTGGACGGTGAGGGGGGAGGAGAGCCGCAAGGAGAGGACCACCTGGAAGATGTCCCCCGCCCGGATGTAGTCCAAGGCCCTCCTCACCGCCTCCAGGTAGGCCTCCCGGGAAAAGTCCTCCTGGAAGCGGGCCCTCCCCCCCGCCCTCTCCCCCGGCACCCCGGGCAAGGGGCCCTTGAGCCTCCTCTCCGCCCAAAAGAGGCGGGCCTCCGCCTCCTCGGGGTCCCTCCCCGGGGCCACGAGGTGGAGGAGGTTCTTCAGGTGGTCAAAGACGGCCACCACCTCGGGCTCCACGAAGAGGAGGTCGGGGAGGCCGAGGTCGTCGGGCTTGAGGCTCGGAAGCCTCTCGTAGTAGCGGACGAGGTCGTAGGCGGCGTAGCCCACCACCCCGCCGAAGAAGGGGGGGAGGTCGGGGTGGCGCTCCAAGGGGGCGTAGACCCGCTCGTAGAGGGCGCGCAAGGGATCACGGGTTTCCACCCGCTCTCCGTTCACCGTGAAGACCCCGTCCTTCAGGCGGAAGGTGCGCCGTGCCCCCACCCCCACGATGGAGAAGCGGCTTTGGCGCCCCCGCTCCACCGACTCCAGGAGGAAGCTCACCGGGGCCTTCTCGGCAAGCTTCAGGTAGGCGGTCACCGGGGTCTCCAGGTCCGCGAGGAAGGTTTTGCGGTAAGGTCGGATCCGCTCCATGCCGTCCCCCAAAAACAAAGCCCCGGGGTGTGCCCCGGGGAAAGGCCTCCCGCCCCGGGGCCTAGCCGGGCCACCAGAGGGCGGAGGGAAGGGCCATGGCCTCAGGATAGCGGGACAAGGGGGCCCTGTCCAGGGGCTAAAGGGGCCGCCCCTCCAGGGCCCGGATCCTCTCCCGGATGGCCTCGGGCA
NZ_AP024937.1_gap51	1848138	1851957	3819	CCGAGGTCCACACCTTCACCCTCTTCGCCCGGCTCACCCTCTGCCAAGAGGCGGAGGGGAAGGCCCTCTCCCCCCTCAACCCTCCCCCCGGGGCCACGTGCCCGAGCCTTCCCCTGGTCCAGGCCTCTTACACCCACCGGGGACTCCTCGGGCCCGGGGCGCCCCTCGCCCTGCGCCTCCAGTTCTGCTCCCCCAAGGGGTGGCGCTCGGAGCCCTTCGTCCTCACCGTTCCCTAGGCTTTTCTCCGGGTCTTTCCTTAACCAGGCCTTAACCGACAGGATGGTACAACAAGGTGAGGCAAAGGAGGTGCAGGTATGAGGAAAGGGTTGTGGCTTCTGGCGGCAGGCGCTTTGCTCGGGGCCTGCGCCCCTAGGATCACCGCGGAGCCCCTTCCCGGGGTGCGGGTGGACGTGCCCGTCCAGGTGCCCCCGCCCGGCGGCCCCTCCCAGCCCGCCGGGCAGGCCCAAAGCGGCGTGACCGCCCCCGCCATCAAGGTCCTCCCGGGCAACCCCCTGCCCCCGGCAGGAAGCGCCTTCGTGGACGACTTCTCCTCCTACCCCACGGGGGCCGTGCTTCCCGTGGTGGCCCCGGACCGGTACGGCCTTCTCCGCACCGGCGGAGATTGGCAGAAGATCACGGTGGAGGAGGCCTTCGCCCCAGACGGCAGGCTGGACAAGGCCGTACGCATGGAGGGCGGGTATGGAGAAGGATTCCTCACCACCGGCGCCGAGGACTGGACGGACTATCGGGTGAGCTTCCGGCTCAAGACGCTGGAAGCCTGCTGTACGCATAGCCACATCCGGGCCCGCCTTTTCCTGGACGGGAGCGGCTCCCGTGCCCTGGAGTTCCAAATCGGCTTCGGGCCTGAAGGGGTGAAGCTCGTCAAGCTCGCTGGGGGACAAAGCTTCACCCTCCTCCACCGCAGGGAACTGGAAAACACCGCCCGGGCTGTTATGCGGGATGGAAACTGGCATGATATTGCCTTTGAGCTGCGAAGCGACGGTACGGTGAAGATCTTCGTGGACCGGACGGAGGTGGTGAACTGGAAGGACCCCGGCTACCACCGGGGTGGGTTTGGCATCGGCCCCGTAGGCGTCACCTTCCAGCTTGACGACCTCAAGGTGGAGCACCTGTAGGGCGCCACCCCCTATGCCCCTTTCGGGAGGCCTTCTGTGCGTAGGCTCGCGCCCCTCCTCCTCTTCCTCCTCCCCGCCCTCGCCCAGAAGCTGGTCCTCGGCCTGGCGCTGGAGGGCCAGGCCCTCCCCATCGGCCTTGCGGGCTTCGCCCGGCTGGAGCAGGGGGGGTACCTCCTCGAGGCCCGGGCCGGTTGGGAGCTTCTGGGCGGGGTCTTCGTGGGCCTCGAGGGCGGGGTCTACCTGGACGGGGGCCACGCCCTCCAGGGGGGGCTCCTCTTCCACCCTTACCACGAGGCGCTCCAGCGCCCCAATGTCCTTTCCGCCACCTTGGGCTTCACCAACCGCTCCTGGAACACCGACCTTCCCCTCTGGGGCGGGGTGGCCCTCCCCCTGGACCCTGCCTTCTGGGAGGGGGTGGACATGGACGCTCTAGGTCTTGGCTTCATCGCTCTTTTAAGGCTCCGCGTCTACCTGGAACCCCCCGGCTTCTGACCGGCGGGTCAGGTATAGTGGGGCCATGGAAACCACCTGGGACCTCACCCCCCTCTTCCCCGGCCTGGAAAGCCCCGAGTTCCAGAGGGCCTGGGAGGGCCTGAAGGGGAGGATCAGCGAGCTCAAGGGGCTTCTTGAGCGGGAGGCCCCCCTCCCCGAGGTCCTCGCCGCCCTGGACGCCTTCCTGGAGGAGGCCACCCCCCTCCGGGCCTACCTCTACGCCCGCTACAGCGCCGACACCCAGGACGAGGCCGCCCTCGCCAAGCTCTCCGAGCTGGAGATCCTCTTCCTGGACTTCCAGCGCCTAAGGCCCCGCCTCACCCGCTACCTGGCCCTGAAGGACCCCGAGGAGGCCGGGCCCTACCGCCTCCTGGTGGAGGAGGCCAAGGAGGAGGCCCTGCACATGATGCCCGAGGGGGAGGAGGTCCTGGCGGCGGAGCTTTCCCTCTCGGGGAGGGCGGCCTGGGACAAGCTCCACGAGAGCCTCACGAGCCAGATCACCGCGGTGGTGGACGGGGAGGAAATGCCCATCACCAAGGTGCGGAACCTCTACTTCCACCCCGAGGAAGAGGTGCGGAAGAAGGCCTACGAGGCCGAGCTCAAGGCCTGGGAGGCCCACGAGGTGCCCCTGGCCTTCGCCCTAAACGGGGTCAAAGGGGAAGCCTCGGTCCTCAACCGGAGGCGGGGCTACCGGGACGACCTCGAGCCCACCCTCCACAAAAACCGCATCACCAGGAAGGCCCTAAAGGCCATGCAGGAGGCGGTAGGGGAGAGCCTTCCCCTCTTCCGCCGCTACTTCCTCCTCAAGGCCAGGGCCCTCGGCAAGGAGCGCCTGGACTGGTGGGACCTCTTCGCTCCCCTGGGCCGGGGAAGGCGCTGGAGCCTGGAGGAGGCCCGGGCCTTCATCCCGGCCAAGCTCGCCGCCTTGGTGCCGAACGCCGCCAAGGTGGCAGAGATGGCCTTCCAGGAGCGCTGGATGGACCTCCTCCCCCGAAAGGGCAAGGTGGGCGGGGCCTACTGCATGGCCCGGGGCGGGGGGAAGAGCCTCATCCTCGCCAACTACGAGGAGAGCTTTGAGTCCGTCTCCACCCTGGCCCACGAGCTGGGCCACGCCTACCACAACTTCGCCCTCAAGGAGGCCCCGGCCTCCCTCCGCCGGGTCCCCATGACCCTGGCGGAGACGGCGAGCATCATGAACGAGACCCTGGTGGTGGAGGCGGCCCTCAAGGAGGCCTCTCCCGAGGAGGGCCTCCTCATCCTGGACGCCTACCTCCAGGGGGCGGCCCAGGTGGTGGTGGACATCCATAGCCGCTTCCTCTTTGAGTCCTGGGTCTTCCAAAGGCGCAAGGCGCGGGAGCTTTCCCCAAGGGAGTTCAAGGAGCTCATGCTCAAGGCCCAGGAGGAGGCCTACGGGGAGGCCCTGGCCACCCGCCACCCCTACATGTGGGCGGTGAAGGGGCACTACTACGGGGCCGACTTCTACAACTACCCCTACACCTTCGGCCTCCTCTTTGGTCTTGCCGTCTACCAGGAGGCCAAGGAGGACCCCGGCTTCGCCGGGCGCTACGAGGCCCTCCTCGCCGAGTCCGGCCGCTACCGGGCCAAGGAGCTCGCCCTCCGCTTCGGCTTTGACCTGGAAAGCGTGGACTTCTGGCGCCGGGGGATAAGGGTCCTCGAGGAGAAGGTGGCCCAGCTTGAGCGCATGATCTCGCCCTGACCGAGGGGGGCTAGGCTTTGGAGGATGCGGGTCCTCGTCCTCTGCACCCACAACTCCGCCCGGAGCCAGATGGCGGAGGCCTGGCTCAAGCACTTCGCCCGGGAGCTCGGGGTGGACCTCGAGGTCCACTCCGCGGGCACGGAGAAGGCCTTCGTGAAGGAGGAGGCCAAGCGGGTCATGGCCGAGGTGGGGCTGGACCTCTCGGGCCACTTCTCCAAGACCCTCTTTGAGGTCCCCGACCCCTGGGACTTCGGCCTCGTCCTCACCGTGTGCGACCAGGCCAAGGAGGCCTGCCCCGCCTACCCCGCAAAGACGGGGAAGCGCCACGTCTCCTTCCCCGACCCCACGGGGAAACCCCTGGAGGAGTGGCGAAAGGTGCGGGACGCCCTCGGGCGAATGGCCCGCTTCCTGGTGGAAGCCCTCAAGGAGGGAAGAGTGCCGGGGGACGAAGAGCTCGCGAGGGCGGCGGGGCTT
NZ_AP024937.1_gap52	1880353	1883624	3271	CTGGGCCTTGAGCTCGGCGATCATCGCCTCGAGGCGGGCGATGTCCTCCTTGGTGGCGGCGCTGTCCTCCAGGGCGGAGACCCGCACGCCCAGGGAGGCGAGCTCGGCGGCGAGCTCCTGGACGGCGTTCTTCAGGGCCTCGAGGTCCTCGGGAGCCAGGGCCTCCATGGTGGGGGAGGTGCCCTGGGTCTTCAGCTCCTCCTCAATCTGCTGCAAGAGCCGGTAGATGAGGAGGGCCGCCTGGTAGCGGGTGAGGTTCTCGTTGCCCCGGAAGGTGCCGTCCGGGAAGCCCAGGATGATGCCCTTGGCCGCCAGGGCCTCCACGGCCTCCTTGGCCCAGTGCCCGGCGGGCACGTCGGAGAACTGGGCCAGACCGAACCCCATGGAGAGGACGGTCAAGAGCCCTGCCAGTAGTGTGACCAGCCTTTTCTTCATATGCCTCACACCCCCTTAAGGGTCGTGGGCGGGAACCCGAGACGGGCGAGTTGCCGCGTTTCCTCTCCGCCCAGGTCCGCCCGGTGCGGGGAAACCCCCCGAAAAGGAGCCCTCTTTCCCCGCATCCGGCGCTATCATAAAAACCTCACGCGCCCTTGTCAAGCGGTCGGGCCTTAAGGTTTCTGTTATACTCCCTCCGGGAGGGAGGTGGGAGGCGGTCCGAAAAGGCGCGTCGGTGGAAGGCGGGAAGCGCAGGGGGCCATTGGCCTCACGAGGTGGCGGACCCCGCGAAGGGGATAACCGGCTTCGGCCGGGAAAGATCGAGGAATCCGCGGATGCCGCCCGGGGTGTGCCCGCCCCGCCCGCCTGCGAAAAGCCCCGAGGGAAAGCCGGCCCCGCGAGGGGCGGACAACCGAGGGGCAGGGCGTACCCAGAGGAAAACCGCTGGGAAGAAGGCGTGCCCCTTGGGGGCTTCGGCCCCTTCCCGGTGGCCTTTTGAGGCCATATGTGCGGGATCGTAGGCTACGTAGGTTTTAGGAACGCGACGGACGTGCTTTTGGACGGGCTTCGGCGCCTGGAGTATAGGGGGTACGACTCCGCCGGCATCGCGGTGCGGACCCCGGAGGGCCTCAAGGTGGTGAAGCGCTCGGGGAAGCTCTCCTCCCTGGCGGAGGCCGTGGGGAAGACGCCCCTCCAGGGGGCCTTGGGCATCGGCCACACCCGCTGGGCCACCCACGGGGCCCCCACGGACCCGAACGCCCACCCCCACACCACGGAGGACGGGAGGATCGCCCTCATCCACAACGGCATCTTTGAGAACTACCTGGAGCTCAAGGAGGCCCTAGAGGCCCGGGGGCACCGCTTCCGGTCGGAGACGGACACCGAGGTCCTCGCCCACCTCCTGGAGGAAACCTACCGAGGCGACCTCCTTGAGGCCCTGCGGGAGGCCCTCAAGGCGGTGCGCGGGGCCTACGCCGTGGTGGTGGCCCACGAGGACCACGAGGAGATCGTGGCCGCCCGCACGGTGAGCCCCTTGGTGGTGGGCCTGGGGGAGGGGGAGAACTTCCTGGCCTCGGACGTGCCCGCCCTCCTCCCCTACACCCGCCGGGTCATCTTCCTGCACGACGGGGACGTGGTGCGCCTCACCCGGGAGGGGGTGGAGATCACCGACCTGGAGGGCAGGCCGGTCCAGAGGGAGGCGGTGGAGGTGGACTGGACCCTGGAGGCCGCCGAGAAGGGGGGCTTCCCCCACTACATGCTGAAGGAGATCTACGAGCAGCCCTGGGTCCTGGAGAACACCCTGGGCGGGCGCCTGAGGGAGGAGGAGGGGACCGTGGAGCTCGGCCTCGCCCTGGACCCACGGGAGGTGGACCGGGTCCACGTCATCGCCTGCGGAACGGCGAGCTACGCCGGGCTTTACGGGAAGTACCTCCTGGAGACCCTGGCCCGCCTCCCCGCCGAGTGGGACGTGGCCAGCGAGTACCGCTACCGCGACCCCGTGGTGGACTCGAGGACCCTCGCCCTCGCCATCAGCCAGTCGGGGGAGACCATAGACACCCTGGAAGGCCTGAGGGAGGCCAAGCGCAAGGGGGCCCGCTCCCTCGGGGTCATCAACGCCAAGGGGAGCACCCTGACGCGGGAGGTGGAGGACGTCCTCTACATCCACGCCGGGCCGGAGATCGGGGTGGCCTCCACCAAGGCCTACACGGCCATGCTCGCGGCCATGGCCCTCCTCGCCATCTGGTTCGGCCGGGCCCGGGGCGCCCTCGCCCCCGAGGAGGCCCAACGCCTCCTCCGGGAGATGCGCCGCCTCCCCAGGCTCGTGGAGGAGGTCTTGGAGAAAAGGCCCCTCGTGGCCCACGTGGCCGAGAAGTACCACCAGGCCCAGGACTTCCTCTTCCTGGGGCGGCACGTCCAGGCCCCCACCGCCTACGAGGGGGCGCTGAAGCTCAAGGAGATCAGCTACATCCACGCCGAGGCCTACCCCGCCGGGGAGATGAAGCACGGGCCCATCGCCCTCATTGACGAGCACCTCCCCGTGGTCGTCCTCGCCACCAAAGGCCCCCTCTACGAGAAGACCCTCTCCAACATCCAGGAGGTGCGGGCCCGGGGCGGGAAGGTGATCGCCATCGCCACCGAGGGGGACGAGGAGATCCCGAGGCTCGCCCAGGACGTGATCTACGTCCCCGAGGTCCACCCCCTCCTCGCCCCCATCGTGAGCGTGGTCCCCCTCCAGCTCCTCGCCTACGAGATCGCCGTGCTCCTGGGGCGGGACGTGGACCAGCCCCGCAACCTGGCCAAGAGCGTGACCGTGGAGTGAGGCTTGGCCTTCCCGCCAGGGGTGTGCTATGATCCCCCTTGGCGGGGGCCGTTAGCTCAACTGGCAGAGCACCGGTCTCCAAAACCGGGGGTTGGAGGTTCGAGTCCTTCACGGCCCGCCAGGCTTTCCCCTGGGCCCTTGGGGCCCAGGGGTTAGGCTTTTAGCGTATGGCGGCGTACCAGGTCCTCATCGTGGGCGCGGGGTTTTCCGGGGCCGAGGCCGCCTTTTGGCTCGCGCAAAAGGGGGTGCGGGTGGGCCTCCTCACCCAAAGCCTGGACGCGGTGATGATGCCCTTTCTGCCCCCCAAGCCCCCTTTTCCCCCGGGAAGCCTTCTGGAAAGGGCTTACGATCCCAAGGACGAGCGGGTCTGGGCCTTCCACGCCCGGGCCAAGTACCTCCTGGAAGGGCTTAGGCCCCTCCACCTCTTCCAGGCCACGGCCACAGGGCTTCTCCTGGAGGGAAACCGGGTGGTGGGGGTCAGGACCTGGGAGGGCCCCCCGGCCCGGGGGGAGAAGG
NZ_AP024937.1_gap53	1886478	1886983	505	CACGTAGATCACCTCGGCCCCGTCCAGGGCGGCGATGGTGGCGGTGATGGAGTGCCAGAAGTCCTCGCAGATGAGAAGGGCCGCCCGGCCGAACCGAGTCCTAAAGGCCTCCACCCGCCTCCCCCGGGCCAGGTAGCGCTCCTCGTCAAAGACCCCGTAGGTGGGGAGGAAGACCTTGCGGTGGACGTGGACCACGCGGTGGGGAAGCTCCAGGTAGGCGGCGCTGTTGTAGTAGGCCCCCTCGTCCCGCTCGTAGAAGCCCACCACCACGTCCAGAACCCCTTCCCACCCCACCTTCTCGTAAACGCCCACCAGGAGCTCCAAAAGCTCGTGGCGGGTGAGGGCGAGCTCCCTTACCCCCCCCTGGAGGAAGTAGCCGGTGAGGGCGGCCTCGGGCAGGACCACCACCTGGGGGGCGTGGGGGCGGAGGGCCTCGAGGTGGGCCCTAAGCCGGGCCAGGCTCTCCCCGAGCCGACTCTTCTCAGGACGGAACTGGAGGACGGCG
NZ_AP024937.1_gap54	1946123	1946623	500	AGAGGAAGCGGGCCGGGGGCTCCCCCTGGCGCCCGGCGGGACGGCTCTTCCTTCCGTACCAGACCACCCCGGAAAGGAAGGTCCCCCCCGCCACCACCACCGCCTTGGCGGGGAGGGCCCGCCCGTCCACGGTGCGGACGCCGAGAAGCCTCCCCCCCTCCACCCAGAGGGCCGCCACCTCGCCCCGCAGCACCTCCACGGGCCTCTCCGCGAGGATCTCCTGGGCCTTGAGGGCGTAGAGGTCCCGGTCCACCTGGACCCTAAGGCTTTGCACCGCGGGCCCCTTGGAGCGGTTCAGGACCCGGGTGTGGATGGCGGCGGCGTCCGCCGCCCGGCCCATGAGCCCGCCCAGGGCCACCACCTCCGCCACGAGCTGGCTCTTCCCCGGCCCCCCCACGGCGGGGTTACAGGGCATCATGCCGATCCGGTCGGGGTTCACCGTCACCAGGGCCACCCGGACCCCCAGGGCAGCCGCCGCCCAGGCCGCCTCGAGGCCCGCG
