gap_id	start	end	length	sequence
NZ_AP028803.1_gap1	53808	55974	2166	AGACCACGAAAGGAAGGGGGCTGAGGCCACAAGCCTCAAGCTCCCCCTTGATGCCCGATAACGCTTGTTCGATAAAGGGATAGGGTTCAGTGGAAAGAGTTAACGAAAAAGCAATGGGATTTCCTCCTAAACTCAGGATTTCAGAAAGAGCGACCCGGAAAGTATATTTTGCACAGGTTGCAACCTCTGCTTTTACAAAATCCATGCTTTTGGGGCCTATACCACCTAAGGAGTCGCAGGCAACAAGCATGAGTTCCTTTTCGTTTATTTTGATAAATACCGCATCGCGTCTATTCATCGCTTCTTGAGCATTTCAAAAATTAAGGAGGCAAGGATTATATTCACTGCTGATGCCACAAGCAGAGAAACCACAATCCCGGTAAAAAATCCCCACCCAAAGACTGGAACAAGAGTAGCTGGTGCCAAAACACCATTAAGAAAGACACCACAAGCTATACCCAGAATACGGTTTTTCTGATAGAGCAGCCTGAAAAGTACACATATAACCGCCATCTCGCAGGCAATGAGAAGATGCACTGGCAAACCCAGAGGAAATCCCACGTTGAGCGAGGTGAGAATATGGCCCAAAAACCCAATAACTGCTCCTTCTGGATACCCCAGAAGAATTGCTCCCAAAAATCCAGGAAGAGAGTCGAGAGCAACTGTTCCGGTTGGTGAGGGTATTTTGAGGTAAGAGCCCACCACAGAAAGAGCAATCAGGGTCGCTGTAATAGTCAAGCGTGCTACAGTTGACTGAGCATAGGCTGATTTGGACATGGTATAACCTCCTTTATTTTGCTTATTAAAAATAAAGTCCCCGACCCAAAGCATGCTTTGAGCCGAGGACTTTGCCTTCATCCTCGCCCATCCTTTCGTGGCAGGTCTTCTGGCTTGAGGGCTTCAGCCTACTCGGTGCGCCTTCCCAGCTTATTCAGCCAGTGGCTTTTTACACCTTTCGCTCCCTCTCACAGCGGCGGGTCCGCACCGGACTTGCACCGGTTTCCCTTTTCAGCTCCCCGAAGGAGCAACCACGAAGGGTTGAGCCAGTATTCACTTTCTGAGTGTATGATAGCAAAGAGTAGAGAATTTTCAAGAGTTAGGTGCTTTGGGTGGAGAATTATTTTCTTTACTGTTTTCACCATAGAGCGAACCTCTCCGCAGGTTTTTCTTTGTTACAAGTACGCGCAGTTTTTTCTGATTTTGATTCGTGTTGGGCTGAGACCGGATTATTTATTATTTCAAAGACTTCTTTTTTGCAGTGAAGCTCTTTCAAATAAATTTTTGGGAAAGGAAGCAAAAATCTTCACAAGGAAGTAACATCAGGACATCTAAGGATTTTGGCACTTTTTTGAATTTTGAGTGCTTTGGCAAGCTTTTTTATCTCGAAAAAAGCAAAAGTTCGGAGGGTTATTGTCGGTGCGGGAAATAATCAAGGATTTCGTTCGGGTTATAGTGCCTCTTTTGCCTTTTCAGGAACCCATTTATGAATTTGGTTCGCTCCAGGTGGCGGGTCAGGAAGGATTCGCTGATTTGCGACCTTTCTTTCCAGGGAAGCAATATGTGGGTTGCGATATGCGTCCGGGACCTGGTGTTGATTGTATTTTGAATCTTCATAATATTGAGCTTCCCGATGGTGCGGTAGGAACAGTTTTGGTGATGGATACGCTTGAACATGTTGAATTTGTGCGCAGGGCAATGGATGAAGTATACCGAATTTTAAAGCCAGGTGGGTTCGTGGTAATCAGCTCAGTGATGAATTTTCCAATTCATGATTATCCTTTTGATTACTGGCGCTTTACGCCGGAGGGGTTCAAAAGTTTACTGCAAAAATTTGGTTATCGCTTTGTGGAGTGGGTGGGACACCCCCGTTTTCCCCATACGGTGGTTGGGGTTGGATGCAAGGGAGAGCTTGAGCGCTCAACACAGATGGTTTTTGAGAGAGAGGTTACCCGCTGGAAGGAGCGCTGGAGTTTGTCTGTTGCGACCAATCCAGTTGTTGCAGAGAAAAGGAGAGAACCAGCTGGTTATTACTCATATTCAAGACCTGAGGTGCGCAATCTTATCATGCCTGGATGCAGTAAGGTGCTGGATGTGGGTTGTGGTGAGGGGAATCTCGGGAAAACTCTGAAAGAAGAAAGAGATTGCGAAGTCTGGGGTGTGGAAATT
NZ_AP028803.1_gap2	58691	61390	2699	TCCTTAAAGGTAGAGTTGAAGAAGCAAAAAGTTACTTACGGCAAGTACTGACTATTTCTCGGGATTTTAACTTTGCGGTATTGACTGCACACCTTGATTTGGCCTGGATTGCAATTAGAGAGGAGAACTTTGCGGAAGCATTTGTGCACCTCGATACTGTGCGTGAAAGGGAGCCTTATCTTCCAGATCTTTATTACCTCCTGGGACTTGCCCATCACAGAAAAGGGGAGTATCCCAGAGCCTTAGAGTGTTTTGAGAAAGTTTTCAGCGTTGATTACAGAAAGAGCAAGTCTTTAATGGTCTTTTTCAGGTTTTCCTGGGGCGATTTGTATCAGAAAATGGGTGAGTGTTACCTGGTTGCGGGAGAAAATGAAAAGGCGAAAGAGTGTTTTGAAAAGGCAAGTGAGTTTTCAGAAGACAACCCTGATCTTTTAAACAATCTGGGAGTTGCAATGGTGAAGCTTGGGGACAGGGAAAATGCAGAGATGTATTTTAAAAAAGCGCTCGAAGCAAATCCTGCCCATCCTGATGCCCGCAGTAATCTCTTTCGCTTTTTACTTGAAGAGGGAAGGGTTGCTGAAGCCAGGGTTCTGCTTTCTCAAATGAAGGAGATTCTGGAGCAAAAGTGAGATTTTTGGAAAAATTTCTTTTCAAACCCTAAAGTTTGGAAAGATAGTGCCGATATTTATATATGAACTCAAATTTCCGGGAGGTGATAGATGCATAAAGAAGAAGTAGCGAACGAAAACCGGTTTTTGGTGGTTTTTAGGGTGTGGTGTAAGCCTTGACAGGCAGGGAAGCCAATTAAAAACCTTATGGAGGAGGTTGATTTGAATGGGTCTTCGGATTAATCAAAACATAACTGCCTTAAATGCTCACCGTAACCTGGTGGCAACGGACAACGCGCTTTCTAAGTCTTTAGAGCGCCTCTCTTCGGGTTTGCGTATCAACCGTGCAGCTGATGATGCAGCGGGCCTGGCCATTTCAGAAAAAATGCGCGGCCAGATCAAGGGGCTTTCTCAAGCATCCCGCAACGCCCAGGACGGCATTTCGATGATTCAGACTGCAGAGGGAGCGCTGAACGAAACGCACTCCATTTTGCAACGCATGAGGCAGCTTGCTGTCCAAGCAGCAAACGATACGCTCACCTCAGAAGACCGGGCTCAAATTCAGCAGGAGATTGACCAACTCATTGACGAGTTGGACAGAATTGCCGAAACCACTGAATTCAACACCAAAAAGCTTCTGGACGGGACTGCAGGTTATGCAACCAGCGCTCAAAACGGTAGTGTAGCAGGTGCAGCTTCTACGGTGAATGGAACTGCCTATGCTGCAGGAAGTAGTATAGCCGATGCTGATTTGCAGGCGCTGGTTAGCGAAGTTACACCAGGTGCTGAAACCCAAGCGGGAGTGTATACGGTAACCATTACTTCCAACGCTTCGCAGGCCACTTTAGGAGATGCGGCAGCCTTTACAGGTGGTCAAGCTGGAACTTTAGTAATCAACGGGGTGTCTGTGGATATCGCTGCTGGTGATAGCCTGGCCAATGTTATTTTGAAAATCAACAATGTCAGTGGTCAAACCGGTGTCATTGCTTCTACAGGAGGCACGAACGGGGGTCTCTACCTCACCACTGAGGATTATGGAAGCGATGCAACTATTAACGTATCTGGTAATAACGCACTACTTCAGGCACTCGGCTTGACTGCTGGTTCAGAACAAGTACTTTCTGCTGCTGGAACGGACATCGTGGGCACCATTAATGGTGTAGCTGCAGAAGGTGTTGGGGCAACACTCACCCTGGATGCAAGCGGTGATGCTGCTGATGGGCTCTCGGTGACCATCGATCCTTCTAAGCTCCAGCTCGGTAGTGGAGGTTCGATAAGCTTTAGTGCAGTGGTGGATCCCTCTGGTGCCGTGGTGCTCCATATCGGTGCCAATGAGAACCAGACTCTGACCGTAAGCATCAACGATATGAGCGCTCAAGCGTTGGGTGTTGACAGCATCGATGTAACCTCTGCCAGCAACGCAGAAAACGCAATCACTGCAATTGACAACGCCATCAACACTGTTTCCACTGAGCGCTCCAAACTCGGTGCGTATCAGAACCGTTTGGAGCACACCATTGCCAACCTTGGGGTGGCTCAGGAAAACCTCACCGCAGCAGAGTCTCGAATCCGCGATGTGGACATGGCAGCAGAAATGATGGAGTTCACCAGGGCGCAAATTCTGCTTCAGGCAGGCACTGCCATGCTTGCCCAGGCCAACACGCTACCCCAGTCGGTGCTCCAGCTTCTCAGGGTATAACAATGGAGGAAGCGAAGGGGGCGGCTCTCCGCCCCCTTTTGAGGACGGAGGGAAGGTGATTGACGATGCGTGTTAACCCGCCTGGAGAGCAAGCGATAGCTCAAAATAGGTTGATAGACACCCAGGATGTGCTGGACAAAGCTTCTTCCCTGGAAAAAACGCAGGGCACTCTGGAAGTCGCCTTTTTGCAGAAAAAGAATCAGGAAACAAGCGCAGAAAAAGTGGATTTCAACAGACTCAAGGAAATCATCGAAGCACTCAACCAATTCATGCGTACTCTGGACATAGAACTACGTTTCCAGATACACGAGCCCACTCGTGAGGTCATAGCCCGCCTGGTCAACAAGGAAACCGGAGAGATCATCCGGGAGATTCCGCCTGAAAAATTCCTG
NZ_AP028803.1_gap3	67528	72110	4582	CTTGGTGGGAGAGCTGGTTATCGACCGGGCGAGACTCGAAAACAGCATTCAGCGGCTGGACACAGAAACAGATCTCAAAGCTCTTCGCGAGCAGCTTGCCGACACTTCCACTCACCTGGGCCGGATTACTAACGAATTGCAAACGGAAATCATGAAAGCCCGTATGTTACCTCTGGCTGAGGTGTTTAACCGCTTTCCGAGGATGGTTCGGGATATTGCCCGCAACTCTGGTAAAGAGGTTGATTTTGTAATTGAGGGCGAAGAAACCGAGCTGGACCGCTCACTCCTTGAGGAAATCACCGATCCTCTGATTCACCTTTTGCGCAATGCGATAGATCATGGCATAGAATCTCCCGAAGAAAGAGCAGCTGCTGGAAAGCCTGCTCGGGGTAGAGTTCTGCTCAAGGCCTATCAAGAGGAAAATTCAGTGGTAATCATGGTTCAAGACGATGGAAGGGGCATATCGCTTGGGAAACTCAAGCAAAAAGCTCTTGAAAAGGGATTGGTGAAAGCGGATGAACTGGAAAAACTCAGTGAAAAAGAAATCATTGATTTTATCTTCCATCCCGGTTTTTCCACGGCCGAAGAAGTAACCGATGTTTCAGGTCGTGGAGTGGGTATGGATGTAGTGAAGAGGAACATCGAAAAGATCAATGGGCAGGTTTTTGTGGAAAGCCACGAAGGGAAGGGTACTACTTTTTATCTAAGACTACCTCTGACTCTGGCCATTGTCAGGGCCTTGCTGGTCAAGGTGAAAGAAGCAATTTTCGCTATACCCCTTTCTGATGTGGTGGAAATCGAACGAGTAGAGCTAAAAAATACCTACTGGCTCAACCAGGTGCTCACCACACTTTTTAGAGGTAACACCTTGCCCCTGGTTTCTCTGGCGGGACTTTTGAGTGGCGAAGTTGAGGCAACCTTTTCGCATCAGGAGGCTGCTTCAACTGTGTTTTATACTGTAGTGGTCAATGCAGCTCGTTCTATGGCGGGTCTCGTAGTTGATGAAATCATTGGTGAACAGGAAATAGTCATCAAGTCTCTCGGTGAGTATATCGGTGATATCCGGGGTTTGGGAGGGGCTACCATTCTTGGTGATGGTACCGTTTCGCTGATTCTGGATGTTGCCAGCTTATTAGCGAAATTTTCACAATTGAGGAGGTTTGCAGAGAATGCCAGGACGGATTTTGATCGTAGATGACGCTGCGTTTATGAGGATGATGTTGAAGGACATCCTGACCAAAAACGGTTATGAGGTGGTTGCTGAGGCAAGTAATGGCAAAGAAGCAATCTTAAAGTATGAAGAGAGTAGGCCAGACCTGGTTACTATGGATATCACTATGCCCGAGATGGACGGTATTACTGCAGTCAAGGAAATCATAAAGCGAGATCCTAAAGCCAGAATCATCATGTGCAGTGCTATGGGGCAGCAAGCGATGGTAGTAGATGCTATTCAGGCGGGAGCCAAAGATTTTGTAGTGAAGCCCTTTAAACCGGATCGAGTTATTGAAGCTGTCAAGAAAGTTTTGGGTCAGTAGGGTGGTATAAAAAGAAACGGGATGGATTCCTTTCGCAGGGCTTTGCATTTGCTGCGTCGCAAGTTAAAAGCTGCTTTGCTGGTCCTCCTTAAAAAGAGCGGAGGAAAGTGGGTGATGGTTGCGTATTCTGGGTTGTATTTTTTCCGGAGACACCTTGCGCTTTTACTTGTAAATTGTGAGAGGCGACCGGACGCCTTCTGGGAAGCTTTTCTTGAAGAGAAGGCTTTCGTGTTTGGTAGTGTTTTTCTTTCCAGCGATGTGTTGCTTGTTCTGGGTTTTCCCGGCCAGTGCCTTGTGCCTTCCGTCTTGCTTTCACGAGCTGATAAAAAATTGCTCCTTGAGCTTGCGCAGAGTTCCAGGAAAGATTCGTCCCTGAAACATTTTTTCCGTGCTTTTCCAATGGGTTTTTTCATGGCCGACGCCGAGGGCAGCTTGTGGTTTTTTAATGCGGAAATGATGGAAATTCTGGGGCTTGGAGAGAAAGAAGTGCTGGGAAAGAAAGTAGACCAAATTTTTGGAGGAGTGGAAGAAATTGCTCCTCTTTTGAAAAAGCTTCGCTGGGAGGGAAAAGAACTTTGCTTGAGAAATGTATCCTTTCACGATTCTTCCGGAAACAGGAAGTTGCTTAATCTTCGTTTCTTCCCGATAAGGGAGGAAAAGTGCTTTGTGGGGTTTGGAGGCATCGTCGAGGATGTCACGCAAAGAGCGCAGCTTGGAGAGAGCGTTCGCCAGATTGAACGACTCTCAAGTATTGGGCGATTGGTTTCAAGCATTGCTCACGAAATCAACAACCCCCTGGGGGTTATATACGGATATGTGCAGATGCTGCGCGGCAAGCTGGATAGAAGTTCTTTCAGTTGTCCCACCTGCAAAAGCGTGCGTCACGGGCTTGAAAACATTGAAAAGAGCGCCGAACACTGTGGGGAAATCCTCAGGAATTTGATTGATTTTTCCAAGCCCAGCATTCTTAAAAGAGAAACTGTCGATATTTGTGTTCTCTTAGAGGAAGTCCTTAACATGGGGAGAATTTACTTCCGGGATAACCAGCGTCTCGAGTTTTCCTTCGAGAGCGGAATCCCTCCCTTGCAGATTGACAAGTTGCGCATGAGGCAGGTTTTTCTCAATCTTATAAGGAATGCTGTGGAAGCAATGGATAAAGAGGAGGGCGTTCTGGGGGTTACGGTTAGGAAAGTTTCCCTCTCCACAGAGCAAATTCCATTTTCAGAAATGAATTTCGAACCGGGTAAAAGAATTTTTGTATCCATTTCTTTTCAGGACAACGGCAAGGGAATACCGGCTGAGAAGCTGAGTCGGATATTTGAACCCTTTTTCACTACCAAGCCCCAGGGCACGGGTTTGGGACTTTCCATCTGCTACAGCATTGTTCGTGCCCACGGGGGCTGGATGGAAGTTACTTCAGAAGAAGGTCAAGGAAGCACGTTTTCGATTTTTTTGCCTCTGGAGGTTGAGGAATGAAGAAGCCTGAACTGCGCCAGTCGCTTGCCATGCACCAGAAACAAAAGATGATTCCCAAAATGATGCTGGCGGGAGAAATGATGATGCTTCCTCTGGAAGAACTGGAGATGAAACTTGAACAACTCCTGCAAGAAAATCCTTTTCTGGAATTTGAAGAGCGCGTGTTTTGTTTTGCCTGCGAGCAACCCCTGGATCGGTATTTGGATTTTTGCCCTAACTGCGGACGCATTGTAAGGAGTGATACCGGTTATTACCTGGAAGATCCCGGGTCGTTTTCTGAAAAGAGGAGTTTCAAAGAATTGCTTGAAGAGGAGATTCTTTCCTGTGTAGAGCTGAGTAAAGAGGAGCTGCAATTGCTGGAGGTTATCCTTGCCAACCTTGACGAGGAAGGGTTTTTGCGTCTTGACTTGAGAAAGCTTGCTTTTCATCTGGGAGTTCCTGAAGACCAGCTTCAAGGGGTTATTGAGAAAGTTCGTGCTGAGGGATTTGTGGGGTTTGCGGCTACAGATACTCTGGAGTTTGTTATTTTGCAGTGCCTTAGCAAGGAACTCATTACTCTGGAGGAGAGCTTCCAGCTTCGAAAAAACCCTGAACAGATAAGGTTTCTTCTGAAGAAGGGAGAGTCGCTTTTTGTTTCCTTCCGGGAGTTTTTTGAAGCGGGTCTTGATGAGCGAAGTCGCAAAGAACTGGATGATACCAGAAGAGTTTCCTATGATGCTGAGATCGTGGCGTTAGGTGGTGGCGAGTACGGAGTTTTACTCTTCGATTCTCCCTATTTCAAGCTAACCCTTAACGAGGGCTTTATTTCCCTTTTTAAAGATAAAAAGTCTTCTCTGAATTCTCGAGAACAGTCTTTCTTGGAGGAACGCTTGCGTGAGGCACGGGAAATTCTCTCCTGTTTGTACTATCGCAATAGCCTTCTGTTACGTGCTCTTGAATATATCGTCTTTCGAGAAAAGAAGTATCTTGCTGGAGACAATACTGCTTTTGTTCCTCTGCTTCAGAAGGACGTTGCCGAAGCGCTTGGAGTTAGCATTGCTGCAGTGTGTCAGGTGCTCAAAGGTAAACGGGTGCTTTTGCCCAGTGGAGTGGTCAAGGAAGTAAAGTTCTTTTTCGATCCTTCTTACCCTGCCAAGCAGGTGATTAAGCAGCTTATTCAAAAGGAAGACCACAAAAAGCCGCTTTCTGATGCTTCAATCGCTGCTTACCTTCGCAAACAGGGGTTTTCAGTTTCCCGACGTACGGTAACGCTTTATAGAGACCAGTTAGGAATTCTCCCTTCGCATTCCCGCAAAAAACTCTATGCTTCAATGACTTCCTAAAAATTCTCTCTCTTTCTGGCAAAAAATTTTATCCTCTACCTGGTGAAGAGAAGGTGGAGGTGGAATGATGAGCGGTTTTGGTCTGGATCGAGTTTTTACTCTTTTGGAGCGGGGGTTAGACTTTGCAGCTCAAAGACAGGAACTGCTTGCCTCCAATATAGCCAATGTGGAAACACCAGGATATAAACGTCGGGATCTGGACTTTGAAAGCCTGCTTAAAGGATTAGAGGAACAAGGTGGAGAGCTAAA
NZ_AP028803.1_gap4	73200	75525	2325	ATCGCAGCTTTTCTCCTGAAGAGTCAGGGGCGCTGGTGGATAAGCTTGAGGAGTTGGGCATTCCTTACCGGCTTTCAGACGGTGGTACCAGGATAGAAGTTCCCCGGGATAAAGTTTATTTAGCCCGCATGAGGCTTGCCCAGGAAGGCTTTCCTCAAACCGGGGTTGGGTTTGAGCTTTTCGATAAAAACACTTTTGGACTAACCAGCTTTTTGCAGAAAGTTAACTATCAAAGGGCCTTACAGGGAGAATTGGAACGCACTATTGCCCAGCTTGAAGAAGTGGATGGTGCCCGGGTACACATTACCATGCCCGAAGAGAGTCTTTTTGCAGAGGAGGAGAAACTTCCCACCGCTTCAGTGGTTTTAAAGCTTCGTCCCGGGGCTCGCTTGAGGGAAGACCAGGTCGAAGCCATTGCGCGTCTGGTTGCAAACAGCGTGGAGGGTCTTGATGCCAGCCGGGTAACCATACTTGATGACCGGGGGGATATTTTGGCCAGTGGTGGTGGAGAAGAAAGCTGGGGAAGTATCACCAATCTTACTGCCACCCAGCTCGAGATGAAAAAAGAGCTTGAGAGCGTGATAACCCAGCGGGTGCAGAGCATGTTAGAGGGAGTACTGGGCCGCCGCAGGGCTGTGGTGCGGGCCAGCGTGGAACTAAACTTTGAACAAAAAGAAGGAGAAAAGGAGATTTATCAACCAGTAGCTGGCAATGAAGGGGTCATTCGCAGCACCCAGGAGGAGGAGGAGAAATACCAGGGAACTTCAGACGCTGCAGGAGGAGCAGCGGGTGTGGCTTCGAATATTCCCGTTTATGGCTCGGAAGAAGAAAAACAGGGTGGTAGCTATAGTCGGAGAAACGTGACCACCAATTACGAGATAAACCGGGTTTTAGAAAAATATGCCGCTTTGCCTGGAGATATCAAGCGGCTTTCGGTTGCTGTCCTGGTTGATAGCACTCTGACTCCTGAGGATGTAGGAAAAATCCGCAGAGTGGTTGAGGTTGCAGCCGGCATTGACCCGGAGCGGGGAGATAGCGTAGTAGTGGAAACTTTGCCCTTCAATCAGGATTTCTGGCAGGAAGAAGAAAGGGCGCTCAAAGCACAAAGGTTTATGGAACTCATAGACCTTGTGGGGCGCTATGGAGTTCCGGCTTTATTGATACTGGTTCTTTATTTCATCGGTCGGAAGGTGTTGGTGGCGGTAACCGCACCCCAGGAAGTGGTTGCAGAAGTTTATAGCGAAGAACCCCTTGAGTATGAGGAGGCTACGGAAGTAACACCTCTGCGTAGTACTCCTGAGCTGAGTCCTGAAGAAAAAATGCGCATGGAGATTCAAAAACGTATGGAAGAGGAAATTAAAAAGCTGGTAGAAGAAAAGCCTGATGACGCAGTGAAACTAATCCGTAACTGGTTGAGCGAGGAGTGAGTGGTTGATGGCTATCGTTCCTCGTCGGGGTTTAACTGGAAGACAAAAAGCGGCGATTCTTCTGGTGAGCCTGGGTCCAGAGCTTTCGGCTCCCATATTGAAAAAGCTGTCTGAAAACGAAATCGAAGATATCACTCTGGAAATCGCGGCTCTGGAAAAGGTACCTCCCGAGATTCGAGAAGAGGTGATCAATGAATTTTACCACATGGCGGTAGCTCAACTTTATATCGCTCAGGGGGGAGTAGAATACGCAAAGCAGTTGCTTGAAAAGGCCCTTGGTCCCCATAAAGCGCAGGAAATAATCAGCAAACTTTCTGCCAGCCTGGAAGTAACGCCCTTTGAGTCTTTGCGCAGAGCAGATCCTCTGCAAATTCTTAACTTCATCCAAAATGAACATCCCCAGACCATTGCACTGGTACTCTCTTATCTTAAGCCGGAACAGTCAGCTGCAATTCTGGGGAATCTTCCAGAAGGTGTGCGGGGAGAAGTAGCCATGCGCCTTGCCCTTATGGATCGTGCTTCTCCAGAAGTGGTCCGAGAGATAGAGTCAATCCTGGAGCGGAAGATTTCCACCTTCCTGGGTCAGGATTTAACCCGGGTAGCTGGGAAGCAAAAATTGATAGAAATCCTCAACAAGAGCGACCGAGGTACCGAGAAAAGCATTCTGGAGGCTATTGAGGAAAAAGACCCCGACCTTGCTGAGCAGATTAGGTCTGAGATGTTCGTCTTTGAAGACATAGCCCTGCTTGACGATCGGGCAATCCAGCTTGTGCTGCGCCAGGTGGATAACAAAGACCTGGCTTTGGCCCTGAAGGGAGCCTCAGAAGAGGTGAGAGAAAAGATCTTCAAGAACATGTCTCAGCGTGCAGCGCAAATGCTCAAAGAAGACATGGAGTAC
NZ_AP028803.1_gap5	94023	96944	2921	AGTCATCGTACAACATATGCCAGCAGGTTTTACGACTCGCTTTGCCAAACACCTTGACGATATTGCTCCTTTTTCAGTGATTGAAGCCTCCGGTGGTGAGCTAACCTGGATTAACCGGGCTTTTCTGGCTCCTGGGGGGAAGCACCTTTTGATGAAAGAGGACAAAAGCCTAGTTTTAAATGATGACCCACCAGTTGCCGGGCTTAAGCCCTGTGCGGATCTAACACTGCTTTCTGCGGTAAAGGCTTTTGGAAAGAACATTCTGGCAGTGGTGCTGACTGGTATGGGGAAGGATGCCCTGGAAGGTTGTCGGGCCGTAAAAAACTCTGGAGGAAAAGTGGTGGCTGAAAGTCAGGATTCAGCGCTCATTTTTGGCATGCCTGGGGCAGTGGTCAGGGAGAACCTGGCTGACTGGGTACTTCCCCTGGAAGCAATTCCTCGGGTAATTCTTGAGTGGGACGAAGCGTAAAGGAGTGAGACTTTTGTTTTCGAAGGCAGAGCTGGAACGTTTGCGCCAGGCAGTCCTCAAGAAAACGGGTCTGGACCTTGGGTATTACAAGGAGAACCAGCTTCAACGCAGGTTAAAATTTATCATTCAAAGGGCTGGAGCGAAAGATGTAGAGGAGTATGTTGAGCTTTTTTTAACTCGTCCTGAGGTGGTTGAGGAATTTAGAAATCGCTTTACAATCAATGTTTCCGAATTTTTCAGGAATCCCGAGAAATTTGAAGAACTCGGAAAGAAAATTTTGCCCGACATCCTGGCCAGAAAGAACTCCTCAGCCCTGCGGGTTTGGAGTGCAGGGTGTTCCATTGGAAGTGAGCCCTACTCTTTGGCTATTCTTTTTGAGGAAAAAGGTTTACCTGGTGGATACCAGATATGGGCCACCGATGTTGATTATGATGCTCTGGAAGAAGCCAGAGGGGGGGTATACAGCAAAGACTACCTTAAGAATGTTCCTTCAGAGCTTTTTAAGAAATACTTTGTGCCAGAGAGTGAAAACCGGTTTGCGGTACGGCCGTTACTTAAAAGACACATTGTTTTTGAAAAGCACGATTTGCTGAGAGACGAAGTCAAAAAACGCTTTGACCTTGTGGTGTGCCGTAATGTGGTTATTTATTTTGAAGATGAGGCAAAGGAAATCGTGTTTGATAAGCTCGCTCAATCTCTGGAGCGTGGGGGGTATTTGTGGATTGGAAGTACTGAGCGCATAAACAATGCACAAAAATTTGGTTTGCGGTACGTTTCTCCTTTCTTCTATCAAAAGGAATAGGAGTTGTTGTGCGGTGGGGCTTTCTTTCGATAATCTCAACGATTTGCAGCTTGATGCTTTAAGGGAAATAGGGAATATTGGGGCTGGCAATGCAGCGACCGCTCTTTCCAAGATGGTGAACAAAAAAGTTACCATGACTGTTCCCCGGGTCGCTTTGTTGCCTATTAAAGAGGTCCCTAACTGGCTGGGAGGTCCGGAAAAAGAGGTGCTCGGGGTTTACCTTGCTGTTTCCGGGGAGGTAACCGGGCATATTCTGTTCATAATGACGGTGGAAAACGCTTTAAAGCTGATGCGTATGTTGCTTGGAGACTTGGCACCATCTGACATCAGTGCGGTTTTCGAGCCCGACGAAATGTCAGCTTCTGCCATGAACGAAATTGGCAATATTCTTGCTTCTTCCTATCTTACAGCACTTGCTGATTTTACGGGGTTACGCCTGGATCATTCCGTGCCCTCTTTGGCTGTGGATATGGCTGGTGCGGTGGTGGACTTGATTTTGATAGAAATTGCTAAACACGGTGATTACGCTCTGTTGATTGAAACCGAGTTTGTGGAAGAAGAAGACCACGTGGAAGGCTACTTTATGTGGAAGGCTACTTTATGTTGATTCCAGATACTGGTTCCCTGGAAATTATCCTGAAAGCGCTGGGTGTAGTGTAGATGAAAAAAAGTTCCATAGGAATGGCAGAATACAAAGTGAGTAAAGACCCGGAGGAGGTTCTGTGTATTCTGGGTTTAGGTTCCTGCGTTGGTCTTTGCCTCTATGATCCGGTGCGCAAAATTGGTGGTATGGTACACATTCTGCTTCCAGAAAAGATCGAGAAGCAAAACAACCCCTTTAAGTTTGCTGAAACTGCTCCTCAAGCGCTGCTCGAGGAAATGAAAAGGGAAGGGGCCTTAAAAAGGGACATTTACGCCAAGATATCTGGTGGGGCCATGATGTTTTCGGGTTCCAATTCCCTTTTTGATATTGGACAGAGAAACGTGGAAATGACCAAAAAAGCCCTTGCGGAGTTGGGCATACCTATCAAAGCAGAGGAAGTTGGTGGCAAAAAAGGAAGGAGCATATTTTTTTACGTGAAGGATGGAAAACTGGAAGTGAGAGCTATTGGGAGGGAGATCATCACTCTTTGAAATGCAAGGCTCAGGAAAAATTGCCCGTATTTTTGCTTTTCTGATTGCCTGGTGCGCAATTACCGTTTTTGCAGTGGTAGGTTTGCTGCGAGGGTTTTCTTTGTTTGCCCTTGTTTTGAGGGCTTTGCTGCTTGGAATCGTGGTTTTTTACCTGGTTTATTTTTACCTGAGCTGGTTTTTAACTCGCGGGGAAATCAATTCTCAAAAAGAGGAGTAGTTAAATGAAAGTGGTAACCGAAAGAGAAAAGCTCTGGGAAAGCTACTTAAAAAATGGAGACCCAAAGGCCAGGGAAGAACTGGTGGTTTCTTACCTGTATCTGGTGAAGATAGCCATAGGGAGACTGCTTTACCTTCTGCCCCCTCATGTCGACCGTGAAGACCTGGAAAGCTATGGAGTTTTGGGTCTTATCCAAGCTCTGGAACGCTTTCGCCCTCAAAAGGGTTTGAAGTTTGAAACCTATGCTCTTTCCCGTATCAGGGGTGCGGTACTCGATTACCTGCGTTCCCTGGATCCAT
NZ_AP028803.1_gap6	196012	200333	4321	GTGGTTCTGGCTTTCTTTATTCAGCGTTATCTGGTTAGAGGCTTAACTTTTGGAGCAGTAAAGGGTTAAGGTGGAGGTTTGCGGGATGAAAGAAGTCGAATTTGTAGAAGTGGTTAAAAAGTATGGAGATCTGGTGGCAGTGAATAACCTTAATTTAAAAGTTAATGATGGCGAACTGCTTGCAATACTTGGTGCTCCGGGTGCTGGAAAAAGCTCGACTTTAAAAATGGTAGCTGGCGTAGAGGATATTACTTCAGGAGTCATAAAAATTGGGGGTCAGGTAGTTAACGATCTGGACCCCTCCGAAAGAGATGTGGCGATGGCTTTTGAAACTTATGCTCTGTATCCTCACATATCAGTTTTTGAAAATATCGCTTTTCCTCTCCGCTCTCCTAAACGCGCTAAGTATTTTACTGAGAAAGATATTAAAAAAAGAGTTCAGGAAGTGGCGGAATTTCTGGAAATAGATATGTTGCTCAACAGAAAACCTAAAGAACTCAGTGGAGGTCAACGGCAGAGAGTTAGTTTGGCAAGATGTCTTATTAGAGACCCCAAGGTGTTTTTACTCGATGAGCCCATCGCTCATCTTGATGCTAAGCTAAGGCATAAGCTTAGGAGAGAGCTAAAAATCTGGCAGCAAAGAAAGAAAACTACCATGCTTTACACGACTACCGATTATCTGGAAGCATTTTCTGTGGGAGACAGAATCGCTGTTTTGCATCGGGGTTCGCTTTTGCAAGTGGGGGCCTGGGATGAAATTTACGAACGGCCCGCTCACCGTTTTATTGGGCAGCTGGTCAGTGATCCCCCCATGAACTTTTTCCAAGGGCAGTTGGTAAGAAATGGAGGAGCAATTCTTTTTGAAACCAAAGGTATTCGTTTTGCGCTTTCTCCAGAAATTCAGAAGAGATTGATGGAGCGCGGCTTCGAAGAAGTGATTTTAGGTGTTTTTCCCAGTAAAGTGCTATTGGAGTTTTCGGATTTCCGTATGGAAGAACACACTGGAACGCTTGTTAAAGCTGTAGTTAGGTTTTCGGAGGTGCGGGGTTCCCGTAAAATCGTTTTTGCTCAGACGGGAGAAGGCGTTACTTTTACTGCTCAAGCTGCTTTGGGTATCCAGTGTCCTCCAGGAAGCGAAAGGGAGTTTTTCTTTCCTGCAGCTTCACTCCAGGTTTTCGACAACATTACTCAACGCAACGTTCTTTTACTTGATTAGGTGGGGTGGTGTAAGTAATGGCTGAGGTGCGAGTTGAGCATGTTTGGAAGTTTTATAGAGAGGAGCTCGGTGAATCAGGGAGAGTACTTGCGGTGGAGGATGTTTCTTTTGTGTGTGAAGATAAAAGTTTTTTATGCTTGCTTGGTCCATCAGGATGTGGGAAAACCACCACTTTACGTATGATTGCTGGTCTTGAAAAAATTTCGAAAGGCGATATTTACATTGGCCAAAGGAAGGTAAACAATCTACATCCTCGAGACCGTCAAATTGCCATGGCTTTCGAATCCTACGCTCTTTATCCTCCACTCACCGTTTTTGACAACATTGCTTTCCCGCTTAGAGCCCGGAAATACCCGGAGAAAAAGATACGCGATAAAATCAATACGGTTGCAGAGCTACTGGAAATCCAGGACATCCTTAACCACCGCCCAGCTCGCTTAAGCGGTGGAGAACAGCAACGAGTGTCCCTTGCTCGGGCTCTGGTCCGAGAGGATGCGCTGGTCACTTTAATGGACGAACCTATCTCTCACCTCGATTCACAACTCAAAGCAAAACTAAGAATTGAGTTAAAAAGGGTCCAGGAGGAGTGGGGGTTGACCGTTATATATGTCACTCATGATCAGCTTGAAGCACTGAGTATGGCTGATCGGGTGGTGGTCATGAATTTAGGAAGGATACAGCAAATTGGTTCACCAATCGAGCTTTACGAAAAGCCCAGTAACCTCTTTGTGGCGGGTTTTATAGGTGAGCCTCCTATGAACTTTATTGATTGTGCTTTAGCTAAAGAAGGAGATAAGTTTTTTTTGCGGTCGACTTTTTTCAATTTTGAGCTGGATAGAGGACTGGGTTCGAAAATTGCAAAAGAGAGTAAAGCTCCTCAGAAGTTAATCATGGGTGTAAGGCCTGGTGATATGACTCTTGGAAAAAGCGAGGATGCTGAATCATATTCCTTGCAGGGACAAATTTTCAGTATAGAGCCTCACGGGGAGTCTTCGGTGGTAATCCTTAACCTGGAGAAAGACGTACAGATTTACGTTGAGGTTCCAGGTCTTCCTGAGGCTGCTGAGGGCGAGGTTGCTTGGGTTTCTTTTCCCAAACAAAAGATGCACGTGTTTGATGGAGAAACCGGTGAAGTAATAAGGATGGATTAGTTAGTTTGAAAGGGGTGTATAGAAGTGGAAAGAAAGAGTGATATTCCTCGCAAAATGAAAGCGGTAGTGGCTTATAAGCCTGGGGACTATCGTTTGGAAGAAGTCGATGTTCCAGAAATTAACGAAGATGAGGTACTTTTGAGAGTGGGTGGTTGTGGTATTTGTGCTGGCGATGTGAAAGGATACCACGGTGCTCCTTCTTTCTGGGGAGGAGATGGCCAACCTGCTTGGATTATTGCTCCTTTTATTCCGGGTCACGAATTTTATGGACAGGTCGTAGCCATAGGTGATCAAGCCCGAGAAAAGTACGGATTAAACCTTGGTGATTGGGTAGTCTCAGAGCAAATTATTCCCTGTGGTAAGTGTCGCTTTTGTTTAGAGGGCAGTTACTGGATGTGCGAGGTGCACCACATTTACGGTTTCCAGGGCAAAGTTGCTGATGGTGCTTTTGCAGAATACGTGAAACTCCCTTCTACAGCCCGTAATTATCGTTTGCCGGACGGCTTTCCTCTGGAAGTGGCTCCTTATGTTGAGCCTCTGGCCTGTGCCATTCATGCTGTAGAACGGGCAGATATCCAGTTTTACGATGTAGTGGTAATTGCTGGCATGGGTGCTCTGGGATTAGGCATGTTGCAAGCTGCAAAGCTTAAGAATCCTCAGATGGTTATTGCCTTGGACGTCAGAGACCAAAGGTTGGAGTTAGCCAGGAAGCTGGGGGCAGACCTTGCTCTCAATCCGGCCAAGGAGGATGTAGTAAAGAAGATAAAGGAACTTACCGATGGTTATGGTTGCGATGTTTATATTCAGGCAAGTGGGCATCCCAACGGGGTTATTCAGGGTTTGCAGGCCATAAGGAAAATGGGCAGGTATGTGGAATTCAGTGTTTATAATGAGCCGACCACGGTTGACTGGAGCATAATTGGAGACCGTAAAGAACTGGATTTGCGCGGAGCACATTTGAGTCCAAAGGCTTATCCTTCGGCAATTCGTTTTCTTAATTCAGGCGAAATAAAGGCCGATGAAATCATCACTCATCGACTTCCTCTTGATAATTTTATGGAAGGTTTTAAACTGGTAGAAAAGGGTGAGGAATCCATTAAGGTTGTGCTCATACCTTGAGAGGAGGTTAGGCTATGTACCTGGTCATTGCTTCAGACCACTTTGGATATCCCCTGAAGCAGGTAATTGTGGAACACCTGAAAGCAAAAGGAGTTGAGCTTGAGGACTTGGGAGTGTTTTCAGAGAACGAAGAAGTACTTTACCCCGATGTCGCCTTAAAAGCCTGCATGGGGATTAAAGAAGGGAAATACCAGTATGGGATTCTGGTTTGTGGCACCGGCATTGGAATGGCGCTTGCTGCCAATAAAATTCCCGGTATTTACGCTGCCTGCGCTCATGATATTTATTCTGCAGAGAGAGCCAAAAAAAGCAACAATTCTAACGTTTTGACGCTGGGAAGGCACATTGTTGGGCCGGAGCTTGCCAAAAAGCTGGTTGACGCCTGGTTGGAGAGCGATTTTCAGGGAGGGCGGTCTTTGCCCAAAGTTGAGCGTATCAGGGAAATCGAGAAAAAGTTTTTGAAGGAGGCATAAAGCATGAAAAAGTTTATTAATTCCCCTCAGAATCTAATTGAGGAAATGCTGGAAGGTTTTGTGGCTGCCAATTCCAATAAAGTGCGCCGCTTGGAAACAGAAAGAGTACTGGTACGCAAAGACGCTCCAGTGCAGGGTAAAGTAGGCATTGTAACCGGCGGTGGCTCGGGGCATAAACCTGCTTTCATCGGATACATTGGTAAAGGTCTGGTTGATGCAGTGGCGGTGGGGGATATTTTTGCTGCTCCGCCGGTGCAGCGAGCCTATGAAGCTATTAAGGCAGCAAATGGAGGAAAGGGAGTTTTGTTGTGCATTGGAAACTATTCGGGAGATATCATGAACTTTGGCATGGCTAAAGAACT
NZ_AP028803.1_gap7	217342	220674	3332	TTGATGGACGAGCGAAGCAATTAATTGACCTCTGGAAAGAAGATGGGAGACATGCCGAAGCTTTTCGGTTGACCAGTAACAGCATTTTTACTGGTTCGCCTTTGGCTATTCTGGCCTGGTTAAAAGAAAATCAACCGCAGCACTTGCAAAAAGCGCGCCATCTGGTTTTTGCCAAGGACTGGGTAAAATTTAAGCTAACTGGAAAAATTGCAACCGACCTTTCAGACCTTTTCATGCTTCCTTATCCCATCGAAGGTGAAGTAAAAGAGGTATTGAGGCTTTTTGATCTTCTTGAAGTTGAAGACCTGTTGCCTCCTTTTGAAGACCCCTGCCAAGTTATTGGAGAGGTTACGCCCCAGGCAGCCCAGGCTACAGGCCTTCCAGCAGGAATTCCTGTGGTGAACGGCGTTGTGGATGTGGTGGCCTGTGCTGTTGCGCTGGGCATACTGGAGGCAGGACAAGCCTACTCTATTTTGGGAACTACCTGTTTCAATGCTTTTTTAACTGATTGTGTGGATGCTCTGTTTAAGCCTGAAGGGGTAGGTATCACGGTTGCCTATCCGCTTCCTGGTCTGTATCTCCGCTCCATGGCTACGATGTCGGGAACGCTCAGTCTGGACTGGTTTTTGAACAATTTCTTTTCTCATCTGCGCGAGAGGTTTCCTGACAAGCAGGCTTTTTTTGCGCATTTAGAACAGGAAATGCAGAGGGTGCCTCCGGGAGCTGGTGGTATCATCTTTCTTCCCTATATCAGTCCGGGAGGCGAGAGAGCGCCCTTTATCGATCCCCATGCCCGGGGGGTTTTCTTTGGTTTGAGTCTGCCCCATGATGAAATGTATATTCTGCGCTCTGTTTATGAAGGTGTGGCTTTTTCGGTACTGGATTGCTTTCAGGCTTTGGCAACCGAACTTGAAGAGATACGCCTTTCGGGTGGAGGCGTGAAAAGTTCTTTCTGGTGTCAGGTACTTTCTGACGTTTTAGGTGTCAAGGTGGTGGTTCCCAGGGCTCCTGAGCTGGGTGCGCTGGGTATCTCTATGATTGCAGGGGTGGGTGTCGGAATGTATAAAGATTTACGGGATGCTTTTGAGAAGGTTTTCAGGGTTAGCAAGGAATTTTACCCTCGCCTGGAGCATCATCGGCTTTATAGGGAAAAGTATAACGTTTACAGAACTTTGAGAGAAAAACTGGTTGATGTCTGGCGGATGAATGACTTGATTTCTTAAGAGAAAAGGAGGATGAACATGCTCGAGGAATTGCGCAAGAGAGTTTTTGAAGCTAATTGCGAGCTGCAGCGAAGAGGTCTTGTTGTCTACACTTGGGGTAACGCAAGTGCTATTGAAAGAGAAAAGGGTCTGATTGTAATTAAACCCAGTGGTGTACCTTATGAAGAACTTTCTCCTGAAAAGATGGTGATTGTGGATCTTGAAGGGAAACTGGTAGAAGGAAATTTGCGCCCTTCGGTGGATACCATGATTCACGTTTACCTTTACCGTCATTTTGAGAAAATAGGTGGAGTGGTTCATACTCACTCCCTTTGGGCCTGTGCCTGGGCTCAGGCAATGAAACCAATTCCCTGCTTGGGAGGGACTCACGCTGACTATTTCTACGGGGAAATTCCCTGTACTCGAGCACTGCGTCCTGAAGAAGTGGAAGAGCTCGAAAAAAATACAGGGCGGGTCATAGTGGAAACCTTTGAGGGTAAAGACTACTTAGCTACTCCGGGGGTTATCGTTGCCTTTCACGGGCCTTTCACCTGGGGGGACAGCGTGGAAAAAGCAGTATTTAACAGCGTTGTACTTGAAGAGGTGGCCAAAATGGCAGCAGCTACCCTGACTGTTAACCCCCATGCTCCCGGTCTTCCTGCGCACCTTCTTGAAAAACGCTATAAGAGAAAACATGGTAAAAATGCTTACTATGGACAGCCTAAAGATGCATAAATAAAAATGACAGCGCTTTTGATGTCCGAATTGGCCCCGAAAAGCAGCGTTGTTTTGCGGGGCCATGTTTAAAGCATTTTCCTCTTCTCATCAAAATTTGGTTCTTTTAAGTGTTTTCATTTTCTGACAAATCTATTTTTCCCTTGACGAGTGTGATAAACTTTCACTGATATTTAACTTTTCAGAACTGCTTGACCTGGTTGCTGTTTAGGTGGGTAAGGTAGGATAAGCAATGTTTAAAGTGGAAATTCTGGACCAAGGTAAATTTTTTGTCTTAGAACCTACTCAGAGTCTATTTGAAGTTCTGCAGCAAAAGGGATTGCTGACAGAGGCTTACTGTGGCGGAAAAGGGTTATGCGGTAAGTGCTTGATTCAAATTATCGAAGGAGAGGTCTCTCCCCCCACGTCTTTTGAATCTCGCCATCTTGGTGAAGATAAAATTCGCCAGGGCTTTCGACTGGCCTGTCAAATTCAACTTCAAAGCAGTGTCAAGGTACGGATTCCGCATGAAGACACTTTTTCACTGCAAACCGCTTTTTACGGTTACCATCAGGGTTTAATTAGAGATTTACCACTACGCAAGAAGCGCGTTGTTGTGCGTAAACCGGAACTTGCAGAGGGTCTTTCCTTGCAGGAAGTTTTGGAAAAGCAACTCGGTGATTCCGTCTCGGTCCCTGAATGGGATATCAATTATCTTCGAGTTCTGGGCTCGATTGGCAGTGAGGAAGCAAAATCTTTCGAAGTGTTGTATGGAAGGGAGAAGATATGGCATATTGCCGAAAGCAGCCAAGGAGAAAGTGGCGGTTTTTTGGGTGTGGCATTTGACCTGGGAACCACCACCCTGGCCTGTGAACTTGTAGACCTCGAAAGCGGTACCTCTCTTTACCGAGGGGCCGCGCTCAATCGCCAGGCCAGTTTTGGGGCTGATGTCCTTTCTCGTATTGAGGCTATTCAGAGGCATCCAGACAACCTGGTTGCGCTTCAGAAAGCAGCTATTTCTACCATGAATCAGCTTATTCAAGAGGCGACAGAAAAAGCTGGCCGGAATTTCCGGGATATCTTTGTAGTTTCTGTGGCTGGCAATACGGTCATGGAACATATTTTTTGGGGTGTTTCGCCCGTTTCAATTGGTGTTGCTCCTTATGTGCCGGTATTTGTTCGCTCCAGTGTTGGTTTGGGTGAAGAATTGGGGCTTCTGGTTCATCCTAAAGCTCAGGTTTACCTTTTTCCTTCCTGCGCTGGGTATGTTGGGGGCGATATTGTTTCTGGTCTGACTGCTTTTGAAATAGAGGAGAGCGAAGAAACCACCCTGTACGTAGATATTGGCACCAACGGGGAAATCGTGCTGGTTCATGACGGGAAGATATGGTGTTGTGGGACGGCTGCTGGTCCTGC
NZ_AP028803.1_gap8	223345	225514	2169	GCTGGATGAGGCTTATGCATTGCTTAAAACTTTGGACCAAAAGGCACTATCTGGACTTTTCAAGGACGTTGCATCGGAGTGGAAAAGTAAACGCCTTTTTTTCTGGGCCCGGGGAAGAAGTTTTTTGATTTTGAAGGCTTTTGCTATGCGACTCATGCACCTTGGATACAGGGTGTATATTGTGGGAGAGGTAGATTGTCCTGCAATCGGTGATGGTGATGTGCTGGTGGTAGCCAGTGGTTCAGGTTCTACTTCCTCAGTTTTGCTTTTCAGTGAAAAGGCTAAGAACTTTGGTGCTCAAGTGGTTGCGTTCACTGGCAAGGCCGATACACCACTTGCTAAAATTGCTGACGTGGTAGTTTCTTTTAAGAGCGAGAAAGCACCACCCAGCATTCAGCTTTTTGCAAATGGCAGTGGAACTCGTTTTGAAGACGCGCTTTTTCTCTTTTTTGACGCTTGCATACTCTATCTTATCTGGGATAGGAGAGAAAAAGCGTATCAGGAAATGATGCTACGACACGCCAACCTGGAATGACTATGTTCATTCACGGACAAAAGCTAACTCTCTTTCCAGTTTGGAGTTAATCTCCTTTGCCCAAGCTTTGAGGGTTTCTATCGGGTAAGGGGCAACCTTTTGTGCCTCTGGAGATAGAGTTTTCTGGTTTTGAAAATTTTGCCAGTACCAAAGGGGAGCTTCTCGAAGGTATTGAGCCATTTCTTCCAAAATTTTCGAGTTGTGAAAAGGAGGGTAAATGGTAGTTCGAAACTCTACTTTGTGGAGAGGAAAATTCAAGGCCATTTCCAGGGTTTCGAGGACCTTCTTCTTTAAATCCGGTGGAGCAACCAGTGAATAGTTTTCTGGCAGGAGTTTAAAATCGATTGCCCAGTAATCCACAAGCCCTTCTTTTTCAAGATCTTCTACTCTGGCAGGAAAACTCCCATTGGTGTCCACCTTGACCAGAAAACCTTCCTTTTTGACCCATCTCAAAAAGGGTAGTAATTCCTCAAAGTGAAGCAGCGGCTCTCCACCGCTTATGCATACTGCATCGATAAAGGTTTTACGATTCAAGAGGAACTCACGAACCGCATTTTCCTCAATAAGAGGTAGTCCTTGCCACTCCCTAACCAGTTCTGGATTCTGGCAGTAGGGGCAACGAAAGTTGCAACCGCCTACAAATAGCAAGGTAGCGATTCTGGCCGGGTAGTCGATGTAACTTACTTTTTGCCATCCCCGAAAGATGCTCATGATGCCCTCTGGGAGCCTGATTTATCAGGCTCCCAAAACTTTCGCTTTTTCAAGCTGGTACTCTTTGCGTTCTCTAAATTCTTCCTGCTTGCCCCGGTTCCAGCGCCTTACCGGGCGGTAGTAACCCACCACTCGGGAATACACTTCGGTTTCCTGATTGCAGTGGGGACAAATAAAGGTTTTGCCAGACAAATACCCGTGATTGGGACAAACTGAAAAAGTAGGGGTAATGGTCAAATACGGTATGGGGTAGTTTTCGAAAGCCCTTTTGATGAAGAGTTTCACGGCCTGGGGGTGAGGAGTTTCGGGCAGGAAAAGATGGAAGACAGTGCCCCCAGTGTAAAGTGTTTGCAAGTCTTTCTGGTGTTCCAGAGCTTCAAAGGGATCTTCAGTATAGTTAACCGGGAGGTAGGTGCTGTTTGTGTAGTAGGGTTCGTTTTCACCGGCAGTTATAATGTCCGGGAATCTCTTTTTGTCGTGGCGTGCCAGACGGTAACTGGCACCTTCTGCCGGAGTTGCTTCCAGGTTGTAAAGATTGCCCGTTTCTTCCTGGAAATCAGCAAGTAACTCCCTCATGAAGTTCAAAACTTTGATTGCGAAGGATTTACCTTCAGGATGCGCTATGGATACTCCCAGAAAATTAAGGCAAGCTTCATTCATGCCCACAAGACCTATGGTTGAGAAATGATTGCGAAAAGTGCCCAGATATCTTCGTGTATAGGGAAGAAGGCCATTTTTCATATTGCGCTCGATGACTTTGCGCTTGATTTCCAGGGCGGTTTTTGCTATGTACATGGCTCGTTTGAGACGTGCAAAGAACTCTTCTTCGGATTTGCTCAGATAGCCAATGCGGGGTAGGTTGATGGTGACCACACCAATGGAGCCGGTTTTGTCTGCCGAGCCAAACAGGCCCCCAAAACGGT
NZ_AP028803.1_gap9	229409	232309	2900	GAGACTCTCGCCTGGTCCTGCATCCTCATTCTCGGAGCGGTTTTACTCTTTTGTGTCCTTTATTTTGTAGGCAAAGGTTTTGTGGAGGTTCCCTTAGTGGAGGTTTGGAAAATTATTTTGGGGAGAGATACCGCTCAGGAAATGTGGCATGATGTGGTGCTCTATATACGTTTGCCCCGTATTTTAGGTGCTCTTTTGATTGGATTGATTCTGGGTTGTGCAGGTTGTATCTTCCAGGCTTTACTTTTGAATCCCCTGGCCAGCCCCTACACTCTTGGGGTTTCTGGGGGAGCTGCTTTTGGGGGAGCCTGTGCACTGTATCTGGGATTGTCTAACCCTATTTTTCCTGCTTTTTTGGGCGGTCTTGCTTCGCTTTTGCTGGTTCTTTTTATGAGCGGGAGAAGGGGTAGTTTTCGAACTGAAAGTCTGGTTTTAGCGGGGATTATAGTGAGTTCAGTTTTTTCTGCGGGAGTAAGTTTCATGAAGCATCTTTTTGGTGAGGAAGTGGGAAGTCTGGTTTTTTGGCTAATGGGTACCCTGGTGGGTATTCACCTCAAAGAGGTGATGTGGCTTTGGCCTTTTGCAGTGGGAATAATTATGGTGGGTGTTTTTTCAGCCAAGGCGCTGGACGTTTTGTGTCTTGGGGAGAAAGTAGCCCGTCAATCTGGAGTGGCTACTGAGACTTTTCGCCTTTTGCTTTTGATCGTGGCTACTTTGGGCACTGCTGCAGCAGTGTCGGTAGGAGGCATAATTGCTTTTGTGGGTCTGGTGGTGCCCCATATTTTTCGAATCGCTTTTGGTCCGCTTCACCTTTATCTTTTGCCGCTTTCGGCTCTGGGAGGTGCGCTGTTACTTTTGGTTTCGGATAACCTTATTCGAGTTTATTTTGGAGTAGAGATACCGGTTGGTGTTTGGACTACGCTCATTGGTGGTCCCTTTTTCTTTTATCTTTTCATTAAACGAGTTTCCTGGCGTGAGGGACGAAGTGAAAGTTGAAGTGGAACTGCATAAGGTTTCTTTTTCATACGGGGAGGGATGGGTGTTTAAGGAAATTTCTCTACGCCTTACAGGAGGAGTTTTCTATGCTTTGCTTGGTCCCAATGGTTCGGGCAAAAGTACTTTGTTGTCTTTAATTTCTGGTCTCCTCGTGCCTCAAGAGGGAGAAGTTATACTTTGTGGAAAAAAGATGAGAAAGATGCCTTTACGAGAAGTGGCTCGCCATGTGGCTCTGGTTCCTCAAGATTTTTTCGTACGCTTTCCTTACACAGTTTATTATACAGTTCTTACTGGTAGGTTTCCCTTTTCCTCGGGAAGGTGGGCCTACTCTGAGGAAGATCATCGTTTGACCAAACATTACCTTGATGAAGGGGGCATTCTCCATCTTGCAGATTCTCCGGTGACTGCTCTGAGCGGCGGAGAGTCTCAGAAGGTGGCCTTTGTGAGAGCTTTGGTGAGAGAAACACCGGTTCTTCTTCTGGATGAGCCGGTTTCCAACATCGATGTTGCTTCTACACTCAATTTTTTGAAGAAAGCTCGGCTTCTGGCTCAAGAGGGAAAACTGGTAGTAGCAGCTTTTCATGATCTAAATCTTGCTTCGCTTTTTGCCGATCAGATCATTTTTGTAAAAGGGGGGCAGGTGGAACTCTGGGAGGATAAAAGAGAAGCTCTGAGTCCTCAAAACATTCAGCGGATTTTTGGTATCGAGGTGGTACCTTACGAGAGCCCTGAAGGGGAACTATATCTTTTATACAGAGTGGAATAAGGGGGTGTGGTTGATGCGTCTGAAAAAGGTTGTTTTGTTGATTTCTGTTTTCTGGGTTGTCGTGTTTTGTATTTGCCAGGGAACCTGGGCCGAAGTATCCATTCGCGATTTCTGGGGGAAAGAGGTTGTTTTGGAGGAACCGGCGCATCGTATAATTTCGCTCTATACTGCTCATACCGAGAGCCTTTATTTTCTGGGTGCCCAAGAGAACCTGATAGCGGTTTCTACTTCCTGTGACTTTCCTCCTGAAGTGGCTCTCAAGAAAATCGTTGATTATCGCTCGGATCCAGAAAAAGCCATAGCGCTAAAACCTGATGCGGTTTTGGTGCGGGATTACGTTGTAACCAACTATCCTCGCTTTGTAGAGGCGTTAGAGGGGGTGGGTATTCCGGTCATCGATTTAAATCCCGAGCACCTTGCCGATCTTGATGATTACTTTGCCGCGCTCGGAGCAATTACCGGTTTAAGCGGACAGGCCAGGAAGCTTTCCGAGAGTTTTCATCAGGAAATAACGAAAATTGTCGCCAAGATTAGCAATATCCCTCCAGAGCAAAGGAAGAAGGTGTTTTTCGAGAGTGTGGCTAAAGACTATAAAACGGTTACCCCAGGGACATTGGTTGATGAGTTGATTGCTTTGGCTGGTGGTATTAACGTTGCTTCTTCTGCACGGCCGGTTAGATCAGGTTCTCGCATTGCTGCTTTTGGTATTGAGCGTCTTCTCAGTCTGGCTGACGAAATCGACGTTTATCTTGCCCAGCGTGGGGTCATGAATCGGGTAACCAGAAAGAGTATTCTTGAGCGTCCAGAGTTGCGCTCTCTTCGTGCTGTCAAAGAAGGTAGGGTTTATGTAGTAGACGAGGCCATTGTCAGCAGACCTGGTCCTCGTCTTTCCTGGGGACTTGAGGAACTGGCCCGCATGCTTTATCCCGAGATTTTTGAAGATCTGAAGGAATTTGCTTTTCCTGAAGCGATTTCCCGAGCAGTAGCTGCTCAAGCCGTAGTTTGGGGCTTGGGAATACCTTTGTATGTGCCCACCAAGAAGGATTTTAAAACTGAGGGATATGTTGCCGGTAAATGTGAAGATCTTTCCTGGAGCGATTCCTTCAGTAGATACGTAGAGACCCTCATCCATACTGGA
NZ_AP028803.1_gap10	413673	417346	3673	CTGTCCTGCGTCACTCTCGAGAAGAGGACATATTCGTTTTTTTCGATTTTAACCACCGCCCGGCATTCTGGGAGGGGCCCGATGAGGCACGAAAGGTGGTCTGGGCACTGCTTCCTGAGGTGGACTTTTTGAAGCTCAACCTTGAAGAGTTTCTTCTTTTGAGCGGAAAGCAGGAACTGGAGCTGGGAGCGGAAGTTTTACTTGCTCAGGGAGTGTGGAATCTGGCGGTTACCCTGGGAGAGGGCGGAGTCTTTTTTGCCAACGCTCTGGTGCGAGGCAAGCTACCTTCTTTTTCGGTGCCAGTTGCAGATGTCGTGGGTTGCGGGGATGCCTTTTGCGCAGGCATACTCTTTGTGCTTCTTAAAGAAGGCATGCGCAAGGGTTTGGCGCTTCCACCTTCACTTTTCAAAGAAGCGGTCCTTTTTGGTGCCGCCTGTGGAGCGCTCACAGCAAGCAAACGGGGGGCTTTTTCGGCTTTTCCGCACCTTGAGGAAGTGGAAAAGTTTTTGCGGGAAAACCCACCGCTTTTTTGAGGAGCTATCACCCATTTTTTTTGCGTTCTTCCCCTAAAGAATTTTCGTTTTCTGCCGATACATATAAGTGGAAAACAAAAAGAAAGGAGGAAAGACCGATGGGGATGAAAGTTAAGAGCAATGAAACACTCTACGGTGAGAAGGGTCGTTCGCTGGCAGTACGCTGTGAGAGCGAGGATAGCGAAGAAGAAAAGAAAGTACCCATAGTTTCAGATGTGGTGTTTTAGAGTCATGGTCGTATTCGCTCAATCTCTGGTGTGGGCAGTGTTTTTTGATTGGTGTGGGAGCTCCCATTCTTTTTTACCGTTATCCTGTGTACTGCAGCGTGCTTTGCGTTTTTAGGCCGCTTTCATATTCTTCTTGCCTCCTTCTTGCTTTTTGAGTACCCTATTTGAAAAGTCCTTTTTGGAGGTTTAAGCAGTGAGCATTCTCTGGTGGGGCATTCTGGGTAGCGCTCTGGCTGGTTTAGCCACGGGTCTTGGTGGCATACCGGTTCTTTTCCCTTCCCTGAGCGCGGTTTCCCATCGCTTTCGTGATGAGCTTCTGGGCTTTGCAGCTGGAGTGATGCTGGCAGCCACCGCTTTCAGCCTCTTAATTCCAGCTATTGAATATGGAGGGGTGTGGGTAGCCCTGGCTGGTGTGGCGTTGGGGGCGCTGCTCCTTGATTTGATGGACCGCCTTGTGCCTCATGAGCACTTTGAAAAGGGCTTAGAGGGGCCAAAGAGCAGGTTGCGCGAAATCTGGCTTTTTGTCATTGCCATTACGCTTCATAACTTCCCTGAAGGCCTGGCGGTGGGAGTGAGCTTTGGGACCGGGAACGTAAGCGATGGAGTTACTGTGGCTACAGCCATAGGCATTCAGAACATTCCCGAGGGCATGGCAGTGGCCATCTCCTTGCTTGGGGTTGGCTATCCGCGCTCCAAGGCCTTCTTTTACGCTTTCTTGACTGGTTTGGTGGAACCCTTGGGAGGAATTCTGGGGGCGGGGCTGGTCTCCGTCATGCACTTTTTCTTGCCCTGGGGAATGGCTATTGCAGCGGGAGCCATGCTGTTTGTGATCAGTGATGAAATCATCCCCGAAACTCATCACGGAAAGTCTGCCCGCTTTTCCACCTACGCGTTGATTGCAGGTTTTGGTATAATGATGCTGCTTGATAATCTCCTGGGGTAAAAGCCTGGCTTTGGAAAGGTTGGATGTTTCTTTGAGCACTAAATCCCTGATTATACGCTTTATGGTGTTTTTCGCTGTAGGGTTTTCACTAACCTTTGCTTTTTTTACCTTTTTGGAACTTCGGGTTTTGAACGAGTGGATGTTTTCCTACTCCAGAACCTTTTCCAATTTTGTAGAGTACGAGGTAAAGCGATGGTCTGAACAGTATTTTCACAACGTTTTGCTCTACACCGCTTTAGCAAAGGATATCGCCTGGCTTAGTGAGCGAGAGCTCACTGCCTTCAAGGAGTCAAATCCCGAAGTTCTGAAAGTTTCCATAGTGGAAGCAAACGCTGAGGAGATTTTTCCCTATCCCTATCGGATTCAAGCCCGGGAAGGGCTTTTGCAGGTGCGCTTTCTGGTTTTTGATGATGCAAGCCGAGCGTTAGTTAAAGATAGGGGAGTTGAGGCAGTCATCGATCCTCAATTGGTGCTGCATCGCCTGGGTATGGATGAAGTCGTTGAAATTGTCTCCCAAGATGGCAGACCTTTTGCCTTCGGCCTGCGAGTAAATTATCAGAAGTTATGGGAAGGTTTTTACAGTACTGGGAGGCTTGTCTTTTCTTTGCTTGTAGGGATTTTTGCTGCTTTTCTGGTGCTTTTTTTCGATTATCGAAAAAGGTTAGATGTGGAGCGGGCGTTACGTAGAGAGTATAAACATCAGTCCCAGGCACTTCGAATGATGAATGAGTTCTTTCGGTCTGCTCTGTGCTCAGACTGCAGTAGCTTGGGTTATTCTCAAATCCTTGAGAGGGCAGTAGAGGTGATTCCCCATGCTCAGGGAGGGAGTATTCTGGCCCGGCAGGGAAATTTTCTGGTTTTCGAAGCAACTCTGGGGTATCCTCTGGATGCTTTGAGGCAACTTCGTTTTGGGGTGGACAGGTTGGAGGCTCGTCCAGAATGTGCGGCAATTCTTCGAGGAGAACCCGCTCTGGTCACCGATTTGAAAAGATTGCTTGAAGTCTGCTTGGATAAGGAGGTCCATCAGTCTTTACTTCAAAATTTGCGCTTTGAGAGGGTAAAATGTTCTCTTTCTGTGGCTATAGGGGTAGAGGGAAAGCTCCAAGCAGTTTTGATTCTGGACAACTTTGAAGAAGAGGAGGCTTTTTCATCTGCAGAGATCGAGATGCTCAAGCTCTTTGCCGGGCAGGTCAGTGCACTGTGGACGAGAAGGACTTTTGAGGAGCGTCTTTCCTTTCAGACCCGGGAACTGGGTGTAAAAAGCAGGATCCTTACGGAGATGTTGAGCTTTATGAAGGCTCTGCTTGATCCAGGCCACAGGTTCAATTATGCTGATATTTTGAGGAAAGCCGTGGAGCTGGTTCCCGGTGCCCAGAGGGGTTCTCTGCTTTTAAAGGCAGGGGAGGTTTTTGTTTTCCGGGCGGCGGTGGGCTACGACCTGGAAAAACTGGCCCGGGTTACCCTCACTGGAGAGGAACTCTCCCGGGAGATGACCCCAGAGGTGAAGGTGGTCAGGAACTTAGACGAGCTTAACCGCTCCCGGCTTTCTAAGGAAAAACTGGAATTGCTTGCTGAATCGGGGAGAGAGGGAACCATTAGGGCAACCCTCTCGGTACCTCTGGTTTTAGAAGGGGAAATCGTGGGCTTTTTCAACCTGGATAACCTTGAAGACCCTGAGGCCTTTGGTCCTGGGGAAATCGAAATTGCTCAACTTTTTGCTGAGCAAATCAGCGTGGTCCTGGAGCGCCTGCGGCTTGAAGAAAAGCTCGAAGAACAAAAAAGGCTCCTTGAGCATCTCTCTTGCCACGACCCGCTTACGGATTTACTTAACAAGCGGGCGTTTCAAGAAATGGCTGGGAAGGTTCTGGCTTTGGCTCGTCGGGAGAAAAAGCCGGCTTTCGTGCTTTATCTGGACCTTCGGGGTTTTAAAGAGGTCAATGACCGCTTTGGCCATGAAGCTGGAGATGCTA
NZ_AP028803.1_gap11	459733	464440	4707	GTCGTTTATTTGTGTATAGTTTAATATGGGTAGGTCGACAATTTACAAAGGAGATTAACGATGGAAACTGTAAAGATTGACGAAAAGCTTAAAAGCACGAAAGAAGGAGCGAAAGAAAGCAGAATTTATTTCAGCACCAAAAACATTGCTATTTACAATGACGATTTTCTTACGACAAATTGCATAGAAGAAAGCTCTATCGATCTAATAGTGACTTCGCCACCTTACAACGTAGATATTCATTACAACTCTTTTGATGATAAAATCCCCTATGAGAAGTACTTGGAATTTACCGAGCTCTGGTTAAAAAAGGCTTATAAACTCTTAAGGGAAGACGGGAGATTGTGTTTAAACATTCCTTTAGACAAAAATAAAGGAGGACAACAAAGCGTATACGCAGACATAGTTGCGATAGCTAAAAGCTTGGGCTGGAAATACCACTCAACAGTAGTGTGGAACGAAGGAAATATTTCCCGGAGAACAGCATGGGGTTCATGGCTTTCTGCCTCTGCTCCTTATGTAATAGCACCTGTAGAGATGATAGTTATCATGTATAAAAAAAGGTGGAAAAAAATTAACAAGGAAAAAGAATCAGATATCACTAAAGAAGAATTCATAGAGTGGACCAATGGGCTATGGACCTTTTCTGGAGAAAGTAAAAAACGTGTTAAGCATCCCGCCCCTTTTCCTGTAGAACTTCCTAAACGATGTATAAAATTATTCACTTTCATAGGAGATGTTGTTTTAGATCCCTTTTTAGGAAGTGGAAGCACTCTTATTGCTTGCGCTTTACTGAACAGAAAAGGGATTGGGGTCGAAGTTGATAGAAGTTATTGCGAGGTAGCCAAGAGAAGACTTATCCAGGAAGGCAATATTTATCAAAGTGTGCTCTTTGAAAATTCTAAGAAAGTTTTAAAACAACCATGACTCAAAGAGAAAACAAAATGAGGGGAGCTTTTGTTTGCACTCTTTCAGAAGAAGATTGGAAAACAACGAGAGAGTTAGGAATTTACGGAAATAGATTCTACAAGGAAGGTACCTCTCACAAACTAAGGGATATACAGCAATTGTCAATAATAAGAGATCTGGTTTCTATGCGAGAAGATGATGTCGTGTTTTTTCATATAAGGGGGAAACAAACGATTCACGGAATATATAAAGTAAGAAAAATTGCTTATTTTGACGATAAAAACAGAATCTGGAACAACCCCATAGAAGCATTCCCTTATAGGTTTTTGTTTGAGCCCCACCCGGATCATGAATACCTTGCTAAATATGACGCGAACATAGAAGTGAGGTCTCTTTACGAACTTATAGATCGGGGTGAAATAAAATCCCTTGTCACCTTGGAAAACGAGCAAAACATAGAAGCGAGGGGAGTAAGAAAGATTTTAGTTGAGGATGCAAAGATTTTGATATCTCTATTATATAGGGATTTTAAATATAGAAGGGCAAAACAAGAATTGCCTTTTGTTCCCTATAATCCCCCGAACAATGTATTTCCTCTAAGAAACTGCATTTACAAGGTCGGTCAGATTGAGAATGCAATAAAAGCCGTATTAATGCACGAGTTAGCTTACAATCCACACTTGGTTAGGAGAATGCTTTTGGAGTTGGATGCTAATCCCGAGGAGATAGACTTTGTAAATGAGTTTTTTATCGCACAAACTACACGAAAGTCAATAGATATATATATTCGTTATCGAAACAGTCATGTTTTGGTCGAAGTAAAAACCGACAAGGTTGACGAAAGCGCTTTAGAACAGGCTCTTTACTATAGGGATCTTTTGTCGCAACGCTCCTGGGTTGACGCAGAGAAAGACGAAATAAAGGTTGTCCTTGTAGGAAAAAGATTTACTGATACCCTGCAAGATTCCGTAAAAAAGTTAACTAAAGTCAACAACGGAGTCCGGTTGGTTCGCTACAAACCACTACATAGTGGCACATGGGGGGAATTTGAAAGTGTGTATTAAAGAGACGATCAAAGATCCAGACCTGTTTTCGACATTGAGGAAAAATCCATATGCTCACGATATATTTAAAAAAGAATTGGACTTTCATTTAGAAGTTTTTGAGGAAAATGAGGCAAAGAAATATCTTATATTCAAGAGAAAAATAAACGGGAATATTGGATATGTTGTTGTTATAGAAAGAGACTTTCTCTCAGCGGAAGAAATGAAAATGATATACAAACAATATAAGAACACGGTGGTCGAGCTTTCAAATAATAACTTTAGAGAAGTTGAGTTAGTTGTGGTTTGCAAGCGGGTTAATAGAGAAGTGCTTGAATTTATAAAAGAATATAACCGTAGATATCCTCACCGTCCCCCAATACGCCTGATTCTAAACACTTATTAAACTCTGAGGTTCTTTTTTCTAACACGTCCTTTATTTATTTTCTCCAAATTTGGATTATAAGCTATGGTTGTTGAGCCTCAATAAAACATTGACACTATAGTATCATATATGATACCATATCCAGGACGAGGCAAAAACATGCCAGAAACACTGTGGCACGGATTTAGGGTGTATTACTACGACGAAGAAGATGGGCGAAACCACTTCAAAGAATTTGTCGAGAAAAACCCAGAGGTTGTGAACTCTTTGGCGCGCTTCATGGCGTTTATGGAAGATGTAGAATCGGGTAGGGGAATGGTAAGAGAACAGATGCGAAGAGGCGAATTGAAAAAAACTGAGGTCCTCAAAATCCATTTGGGAATACCGGGTGAAAGATAATGCCACAAGGAGGTTGCTAAGGATCTACCTTGGAGTGCTTGAAGAGGCGAAAACCATTGTCGTTTTACATGTTCATTTTAAAGGCAACCAAAAAGCTCAAAGGCGCGAAATCAGAGTGGCTGAGGAGAGACTGAGACGCTTTGAAGCCCGGAGGTGGCAAAAGCGGTGAAACATAGAGAGATGTTTGAATATTTGTTGGGTGTTAGTTCTGAGTTCAAAAAAGAATATGAAAAAGCACGTCTTAAGCTGGATTTTGGAAGAGAGGTTGTAGAGCTCAGGAAAGAGAAAGGCATTTCGCAGGAAGAACTTGCAAACCGTGTCGGCACCAGAAGGACCAACATTTCAAGAATAGAGCGCGGTGACCAGAATCTAACCATTGCAACCATGCATAAACTTGCCAGCGCTCTGGGAGGGAAGCTATTCATCACCATCCGCGGCCGCTACGCTGCACTGGTGCCCCGTGAGTATCGGGAGTTCGTCGATAAACTTGCCCGGGAAGAGAGCAAAGATCCAGAAACCGTGGTCAAAGACCTGCTTGTTGAGGCAATCGAGCAGAGAATGCGCAAGCAGATAAATGCTCCGCTGAGGACCTGGTTTCCTTCGGCTCTTTGAGGAGGCTGCGTTTGAGCACAAGGCCGGCTTTAGCACCCAAAAGGTCGCTTGAGTTAAGTTTTACCTCTACGATTTCCACCAGGTTCACCGGACGCAGTATTTCTAATGGAAGGTTGAGGTCACTTTCTTCTTTGGCATGGTTGAGGGCGCAGGAGCTGAAAATACCAACTACCTGCACTTTGTCGAGCCCGTTCAGGGTTTTCTGGTAGTATTGGGCAAAGCTTGTGATTTCATGCAAGGTTTTGCCATGCTTTCACTCTGCTCAAAGCTAAGTTTCCTTGAAAAGAGGCCTTTGGGGAGGGAAACTTCACCCTTTACTCCTAATTTCCAGGTGGTTCATCCAGAGGGTGCTGGCAGAAAGCTTTGCTGGGAGTGTACCCGCGGCAGGTTATTGTTTTTTCGAAAAAACGGCCTGGCGGCTTTCCAGGTCTTTTTTCAGAATTTCCCGAACTTCTGCCAGCAGTTTAGACACTTCGGGCGTTTTAAGCCAGCACTTGACGTTTAACCCCTGTTTCTCGCTTTCTATGATCCCGGCGTTTTTAAGGATGTTCAGATGCTTGGAGACCGAGGGCTGCTCAATCTGGCTTTGCGCGACTATTTCGCATACGCACATCTTTCCGTGTCGCTCAAGAAGTTCAACGATTTTTATTCTTTTGGGATGGGCCAGGGCCTTGAAAATGCCGGCGTACATGTCACGGACTTCGGGAACCATTCTTTCACCTCCTTTTACCAGAGAGGCAATTAAGATGTGCTTAAGGAAGCGGAAAGACTGTGTGTCGCCATAAAACCGGTGCTGTGTTTGCGGCACCTTGTAGAGAGAAGCTTATTCCAGGGTTTCTTCCTCGGCGATGACCTCGAAAAAAAGCTCCACGGCTTGCGGGTCGAAGTGCTTTCCACTTTGGGCGCGGATGTGGGCAAGGGCATCTTCCTGGCTCCAGGCTTTGCGGTAGGGACGCTCTGAGGTTAGAGCGTCCCACACATCAGCGACGGCAAAGAACCGGGCCGGAAGCGGGATTTCCTTCCCCCGCAGGCCCCGGGGATAGCCGCTTCCATCGAAGCGCTCATGATGGCAGTAGGGAATGTCCACCGCTTTTTGCAGGTAATCAATTTTGGAAAGCATCTCGAATGCATATACCGGATGCTTTTTCATTATTTTCCACTCTGAAGGAGTGAGCGGCCCGGGTTTTAAGAGAATGGCATCAGGAATGCCAATTTTTCCTATATCGTGCAAGAAGGCCCCCCAGCGCACAAAAAGCGGCTCTTTGCCTTGCAGACCATAAAGCTCGGCCATGCGGACGGTCAGCCAGGTCACCCTATGGCTGTGCTTTGCGGTTTCATCCTCTTTAAGAGAGAGGGCCA
NZ_AP028803.1_gap12	466295	466824	529	GAAAATTTGAGTGCTTTTACTTTTCAAGATTTTTTATTCAGGGATGTCAGCTCTCTCAAATGACCCATATCACTTCTTCCTGGAGGACCCGGGCAAAGCGCCCTTCGAGCTTTTGGAGCTCCTCTTCAGTGTAGACCAGGATATCCGCGGGAACGGGCAGTCCTGTGGTGTCAAAATCAAGGGACCGTCTGAGGAAAGATTTGTCGGAAGCGCGTACCACGACCACGATGTCCAGGTCGCTCCCCACATCCCAACTGCTACGGGTATACGAGCCGAAATAGCCTCGGCGCAGGATGTCGGGATGGCGCGCTTTTTGCTCCCGCGCCCATTCCCGGAGGGCTTTTTCCACTTGGTCTTTATCCGGCCATCTGAGAACGGACGGGCTCAATAATCGAACGGGCATGTTCCAGAGCCTCCCTGGTCTGCAGGGAACCAAAATGCTCAAAGGGAACTCCTTCGGGAAAGCCATTGGGATACCGGGGAGGGATGTAATAACCGTCGAGCACTTTGCCCCGCTCGATGAGCTCTT
NZ_AP028803.1_gap13	469374	474028	4654	TCCTTGAGAAGATGCAGGAAAACCTCCAAAAGAACCAGCAAGCCCTGGACCAAATCGAAGAAATGATGCAGAAGACCAAAGAAGAAGGTGCCACCACCAAAGAAGAAGCTCAGAAAGGAAAACTCTCTCTGCAGAAACTCATCGAGAATGTTTCCTCCATTGCCCGGGTGAGTGAAGAAGTAGCAGGAAGCATTCAGGTCCTCAATGAGCGCTCCCAGGAGATTGGAAAGATTGTGGACCTCATCACTGGCATTGCTGAGCAGACCAACCTCCTGGCTCTCAATGCGGCCATTGAAGCTGCACGTGCTGGAGATGCTGGACGGGGCTTTGCCGTGGTGGCTGAGGAAGTGCGCAAACTGGCTGAAGAGTCAGCTCAAGCTGCCGAACAGATTGGCAAACTGATTGCTGAAATCCAGAAAGACACCCACTCTGCTGTGGAGAGCATGCAGAAAGCCCAAAGTGAAGTGGAAGCAGGAAGCAGAGAGAGTGAGCAGGTGGCCCAGAACTTCACCTCCATTCTCGCAGCCATTGAGCGCCTGGAAGCCAACATCGAAAACCTCTCGCAATCTCTTCAGGAGGCCCACCGAGCCCAGGAAGAGACCACTCAGAGTGCTCAGGAAGTGGTCAAGCTCTCCGAAGAGAATGCTTCCCTCACTGCTCAGACCACAGAAGGCGTCCAGCAGATCGCCGAAGAGCTCTCTTCAGTGGCTGCAGTGGCTGAAGAGAATGCGGCTTCCAGTGAAGAGGTCTCTGCTTCCACTGAAGAGCAGAATGCCTCACTGGAAGAAGTTAACTCTTCAGTACAGCAGCTTGCCCAGATGGCCCAGAACCTGCAGAAACTGGTGGAGAAGTTCAAAGTTTGAGAGAAAAAGCGGGAAAAGCGAAAAAGAAAGAGAAAGCGGGATGGACACCCCATCCCGCTTTTTTTATTTTCAGAGTACCCTGGCCTTATCGACACCGCTTCAGGATGTTGAAATAGACCTTGAGGCAAGGAAGCCGTGGAAGCATGGGACCATAGGACCCCAAAATAGACCCTGAGACCATGGGATTCTGAAACAATCCCGGGGCGACAACGACAAAACCGTCGCCGGTTCAGGGCGAAACCGAAAAAGCTAACACCGCTCAATGCAGGCGGTGAAAAATTCCAGAGCTCGGGAAGCTGAACCTCAGGGGTGCCGGCGGCTATTAAAAAATTTCTTAACCCCCCTTGCCACCTCCGTGGTGTTTTTCTATACTTAACTTAATCGGTTTAGTAAACCGGTTAAGGAAGGGGGAAAATAATTGGTAACCATTGCTGAAATTGCCAGGTTAGCCGGGGTTTCCAAGACCACAGTTTCTAACGTGCTCAACGGGAAGGTAGACCAGGTGGGAGAGGAAACCAGAAAGAAAATCCTCAAAATCATTGAAGAATCCGGGTATTTTCCTCATCAAGCAGCTCGAGCATTAAAGTCAAAGCGTACCCGAACCATTGGGCTCCTTTTTCCGCACATGCCTCTGCGTTTGCTGTCCAGCTCTTTCTTTTTCCCGGGCTTTCTGACCGGAGTGGCTGAGGCCTGCGAGGAATTCAGCTATCAGCTCCTGGTTACCACCAGCTTCAAAGATTGTGATACCGACTTTCACTATGAACAGCTTCTGAAGGCTCGAAGTGTTGACGGCTTAATCGTCAGCGATATCTTTCACAATGACCCTCGCTTTGCAGTGCTCAGGAAAGCTTCAATTCCTTTTGTGAGCATCGGCAAACCAGAGGGTGGCGCGGTCGAGGAAATTTACTGGGTAGACCATGACCAGGAAAAGATGGCAGAGAGAGCCGTTGACTACCTTATTAGCTTGGGACATCGGGATATAGCTTTTGTTGGTCTTTCTCTGAAGCGAGTTTACACTGCACAGAGGTTGCGGGGTTACACAAAAGCGCTCAAGAAAGCTGGTATTCCTTTTCGGGAAGAGTTTATCCTTTGCGAGGAGATGTGGCACGAGGAAGCGGAGCGCAAAATCGAGGCCTTTTTGCGGGAACTCCCTTCTTTCACAGCTATTTTTTCAATCGGTGGCAACCTCACCTTTGACTGCTTGCGGGTGCTTGAAGGGCTGGGGCTTTCCGTGCCTCGGGATGTTTCGCTCTTAGGAAACATTGAAATCGAAGGAAACAGGTTCTTAGGGATTAACCTTACCGGAGTGAGGACCTACCCCAGAAAGCTGGGTTACCAGACGGCAAAAACCCTTATTAACCTTATCGAAGGCAAACCAGCCCCAAAGAGCCTGGTATTGGAAGCGGACCTGGTAGAAGGTGAATCCTGCAGGAGGATTGAGTAGTGCAGTTGCGGGGTAGTGTGGCGTTGCTCTGGATTTGAGTGCTGTCGCCGGTCTCACGGCGGGTGCATTTAAAGAATAACTGGAGGTGGTGTACATTGATGCTTTTTCAAAAAGAAGGAAATAAGCTGGTTGCAACTTCGGGAGGGGAGCTCATCTGGATTGAGCCCTATGGCAAAGACTGCCTGCGCTTTCGCTCCTCGGCGCGGGGAAAGATTGAACCCCTTGACTGGACCCTGCTCCCCCCGGAAGAAGTGGAAGTGGAAATCCAGATCACCGAACAGGGTGCACGCATCAAAAACGGGAAAATAACGGCCCGCATCGATTCCCAGGGTAGTGTATGCTACCTGAGGGAAGATGGAAGAGTGCTCCTTGAAGAGCTCTGGATAGACGGGCGAGTCAAAAACGCTGACCTCCTTAAGGCCCGCATCTACAAGGCAAGGAGTTCAGAACTTTTCCGAACCTCGCTTTACTTTAAAGCCCACCCTGAAGAGCATTTCTACGGCATGGGCCAGTATGCCAATGATTGCCTGGATCTCAAAGGCTGTGTTTTGGAACTTGCCCAACGTAACACGCAAATAAGCGTCCCTTTCCTCCTTTCTTCCCGGGGCTACGGCTTCATCTGGAATAATCCTGCCGTAGGGCGGGCAGAGCTTGTCAAAAACCATACCCTCTTTTACGCTGAAGCCACCCGGCAGATTGATTATCTGGTGATTGCCGGGGATACGCCAGAAGAGATCCTGAAAAAGTATGCGGCAATAACTGGAAAACCGCCTCTTATTCCCGACTGGGCTCTGGGCTTCTGGCAGTGCAAGCTCCGTTACCGCACTCAGAACGAAATCCTGGAGATAGCTCGGGAATACAAGCGACGCGGCCTTCCCCTTTCGGTCATCGTGATTGACTTTTTCCACTGGACCAACCAAGGTGACTGGAGGTTCGACCCCCGCTACTGGCCTGACCCGGAGGGAATGGTGCGGGAACTCAACGAAATGGGTATTCAGGTTATGGTTTCCATCTGGCCCACGGTGGACATTCGCAGTGAAAACTACAAGGAAATGGTGCAAAAAGGACTGCTCATGCGCACTGAGCGGGGCGTGCCGGTTCTTTTCACCTTCCGGGGCATCACCAGTATTTTTGATGCCACCAATCCTGAAGCCCGCAAATTCATCTGGGAAAAGGTGAAAGAAAACTACTACCGCTACGGAATCAAAATGTTCTGGCTGGATGAAGCCGAGCCGGAGATGGTGATGCCTGGCTTTGAATACGACAACGTTTTCTCCTATGACTACGACAACGTGCGCTATTTCCTGGGTAACGGCTTAGAGGTGAGCAACATCTACCCATTTTTCTATGCTCTGGCGTTTGAGCAGGGCTTGAAGGAAGCTGGGGAAACAGAAATCGTGAACCTGGCCCGCTGCGCCTGGTTGGGGAGCCAGCGTTTAGGAGCTGTGGTCTGGTCGGGAGACATTCCTTCCACTTTTGAATCCCTGCGCAAGCAGGTCAAAGCCGGGCTCAACATGGCAATATGTGGCATTCCCTGGTGGACCACCGACATCGGAGGTTTCTATGGGGGAGACCCCCAGGATCCCTCTTTCCGGGAATTGATTGTGCGCTGGTTCCAGTTTGGCGTTTTTTGTCCCATCTTCAGGCTGCACGGTTTCCGACTTCCCTATCCTGAAAGGCCCCACGACTGCCCGGCAGAGGAACTCACTGGAGGCCCCAATGAAGTCTGGTCCTTTGGCGAAGAAGCTTATGAGATTATCAAAGAATTGCTCTTTTTGCGGGAGCGCTTGAAGCCCTACATTGCCGAAGGAATGAAGAAAGCCCACGAAGAAGGAATTCCCTTCATGCGGCCGCTCTTTTTTGACTTCCCGCAAGACCGGGAGGCGTATCTTATCGAGGATGAGTATATGTTTGGCCCTGACCTTCTGGTAGCACCGGTCCTTGAAGAGGGGGCGCGCACGAGGCGAGTATACCTTCCGCAAGGAGCCCGCTTCCGTGATGCCGAAAGCGGCACCACCTACCAGGGTGGACAGTGGATTGAGGTTGAGGCTCCGCTTTCCCGCATACCGCTTTTTGTGCGCGATGGTGCCCAACTTCCCATCAAAGGGTAGCTGAAGAGCCGGAAGCAGGTACGCTGGAGTCCCTGTTTCCGGCTTATACTTCTCGAAGCCAAGCGGCCCTGAAACCCGCAAAACCCTGTTTGCAAGAGCAAGTTCCTCAGTGTCGAGTTTTTTTGACATGCAGCGCACGAGCTGGTAAAATAATTTATTCATTAGGCTAAGGAATTGCGGCTTTTGGGGTGGAAATGCTTGGAGAAAACCATTTTCGAAAATTACCGGCTTCTCAT
NZ_AP028803.1_gap14	490508	494799	4291	GACGATGATTACGGTGTCGTCATCCAGGAAAGCACCATAGAGCGTGGTTTTACCACGAGGCGTAAATTGGCCCAGGGAAATTGGTGGTTCTCTGGTATCGGCAATAAAAAAATGGAACGTCTCAGTTTCATCCTCGATAGCGAGGAGCATCTTGCCAGAAAATGCATCGAAAAAATGAAGCGGTGAAGGAACAATACGTGGGGCAGGGACGATATCTGGAAGAGGGAACCGTTGCACCATTTCACCAGCTTCATCGAGGAATTCCAGGAACACTGCATCCCTCTCCTGGCAAAGAATGGGGAGGAATGTGCTCGGAATGGAATTCCGGCTCTCCCAGGTGTGACCACTTCGTTCGGGGAAAAAGAACCGCACTCCTGGGGAGAGGTGGGTAATGGGGAAGCGCTTGCGATCCTGAGGAAGGAAACCGAGATATCCGCCGAAATTCCGTTGTGCATCCTGGGTGGGCACAAGGATTACCTTCCCAAAGGCAATTACTGGCTGTCCTCCTCCAGGAACGGGCTCACTTAGAAGGCATTCTTCCGTTTCTACATCGAAGACGTGAACTACGCCCCGGTCGTTGGTTACCAAAAATCCACCCTCGGCAACCAGGACCAGGTTTCCAGGGAATACTTTCTCTTTTTGTGTTTCAAGGGAGAGTACCTGCGTGTCTACGGCTTCGCCAGCGTAGTAAAAGACATATCCCTCACACAGACCATGAAGGATGCACTGTTCAGGAAATGCCTTCTCGCAGATAACCTTTTGAGTCGCACAGTCAACGACCACAAGAACGTTCTTCCGCACTACAAAAGCCAGAAGGTTTCCATCCTGAAAAGGGCCACTGGTGGGGGTGTGGGAGGCATTAGCGATGATGCGTGACACTCCGTCAGATTCCTGCAGTGGTTCCCATTTGTAGAGAATTTGCAAGAAGTCTGTTTCTTTCCCAAAAACAGAGGAAAACCCAAGAAGAACCAGAAAAGCAAAAATCCCGGTAAGTAGAGATAAAGTTCTTTTCAGAATGGGAGTGAACACATCCTTCCCTCCTCAAGAGTATTTTACCACCCCAACCTGGAGGAGGAAAGAGGTGATGTAAGTTCATTGTAGGCGTCTCAAAGAAACACAAAGGACCTCACCGTCCAGTGTGGTATAAACCTTGTCTGTGTAACAACACACTTCTCTGGAGGTGAGGTCCATGGATATGGTACAGCATATTCTCAAAGGATGTCAGAGGATGCTGGAAACAGTGGACCACTTTCTGGAGGAGGGGGTGACCTTCCAGGAATTCGGAGAGGACCTCTGGGAGACCATGCACGGTGTGGGAAGGGAAATCCTCAAGGTGGTCCTGGACACCAAAGACCAGGAAATTAGAGAGGATAGAAGGAGAAAGAGAGCTTCGAGGTGGTGCGCAAGGACAAAAGGACCATCCTCACCCCCTTTGGGGATGTGACCTACCAGCGGACCTACTATGGGAAGAGAGGAACTCAAAAGTACATCCACCTCCTTGACTCTTCTACAGGGTGAAAGAAGGAACGGCGTATCAATCCCCTGCCTGAAGCTTTGCTCCTTGAGGAAGCGACCGATACCTCCCCTTCCCAGAGAGGGGAAGAGGAAAAGTCTCTCGCAGGTCTTGCCCCTACCTCTTCATCGAAGCCGATGAGGACCATGTCCCCAGCAGGAAAAAAGAAGCATCAGGAATACCCAGAAGCAAAGAAACAAGACGCCTCTTTGCCAAACTCGTCTATGTCCATGAGGGAAAGGTGCAAGATGGGGAAAGGACCAAGCTCCGCCACCCTCACTCCTTTGCTGGTCTCTATGAGGACACCGAAAACCCCTGGTTCGAGGTCTTCGAGTACCTGGAGGAACATGATGACCTGGACCGTTGGGAGTGCATTTTCCTCTGTGGAGATGGAACTTCCTGGATGCAGAAAGGCCGTGAAATCCTCCCCAAAAGCATCTTTGTCCTGGATCGCTTCCATCTCCTGCAGTATGTTCAAGGAACCTTTGCCCACTGTCCCCATCTTTTTCCTGAACTCCACCGAACTCTCCAGGAGGGAAACTGGGAGGGTGTCCAGGGTATCCTGAGAAACGCTCACACCCGAAACCCAGACCCCAAAAAGAGGAATCACCTCAGAGACCTCAAGACCTACCTGGCCCGGAGTCTGGGTATTGCCACCGTCTACCAGGAGCAGCAGTTGATTCCTGGTTTGACCGTAGCTGAGAACCTTTTTCTGGGGAGAGAGTGGCGAGCCAGGGGCGGCTGGGTGGATTTTGGAAAGCTGTTTGCTGAAGCCCAGCGGGTTATTGACCTTTTCGGCCTTTCGCTGGACCCTCGGGCGAAAGTGGAGAGCCTTTCCGTTGCTGAAAGGCAGGAAGTGGCCATCTTAAAGGTTTTGCAGGAGAAGACCCGAGTGATTCTTCTTGATGAACCAACTGCAGCACTTTCCAGAGAGCAGGTCCAGTTTTTCTTTGACTTCGTCAACCGTCTGCGGGAACAGGGCATGGCCATTCTCTATATTTCCCATCACCTGGAGGAGGTGCTGACCATAGCTCAGAAGGTTACCGTGCTCCGGGATGGCCAGAAGGTAGGCACTTTCCAAAGTGGCGAGGTGGATAAAGAGGCGCTGGTAGAAAAGATGGCTGGGCATCGGCTGGCTCGAAAGCCCACGGGAGAGAAAAGTCCACCCCGGGAAGTGGTACTTGAAGTGGAGAACCTGGGAGACGGGAAAAACTTCCAGGGAGTTTCCTTTCTCCTGCGCAGAGGTGAAATCGTGGGTTTTCTGGGGGTTACAGGTTCGGGATGTCGCAGTGTGCTGCGTGCTCTGGCGGGTCTCCATAAATGGAGCGAGGGAAAAGTTACCATCCAGGGCAAGGTCTTCAAGCTTTATCAGGTTACCGACGCAGTTGAGCTGGGAATCTTTTTTATGCCTGAGGACATGCGCCGGGAAGGGTTGGTGCTTCCCCTGGGGTTTACTCAAAACATCACCCTTTCTCGTTTGAGGAAGGTTTTGTGGAGAGGATTTATTCACCCGGGCAGAGAGCGTGCTGTGGGTCAGGAATACGTCCATGTCCTGAACATTGCTGTCCCCGGTGAGCGGGCAGAAGTGGCAATTTTGAGCGGAGGAAACCAGCGTAAAGTACTCCTGGCTCGAGCTCTGTTTTCCGATGCCTGGTGCTGGCTGCTTGAAGATCCCACCCAGGGGATTGACGTGGAGGCCCGGGCGGAAGTCCATCATCTCCTGCTTCAGGCAAGGTCGCTGGGGAAGAGTATTCTCCTTTTCTCTTCGGACTTTGACGAGCTGATCACGGTAACCGATCGCATTTTGGTTTTTCACCGGGGGAAGGTGGTGCAGGAAATTGACCGACCTGAGCAGACGACGCCTCAGGAATTGCTCCGACTCATGCTGGGAGGGTGAACGATGAAAGGTGTAGCCTTGCGTGGTCGTCAGGTATTACTTTTAGTACTGGTGGTTATCGCTGTGTTTACCGGGGTTGTAAATCCCCGTTTTCTGAGCGTACAGAACTTCCTGAACATTCTGCTTCAGATTTCCGTTCTGGGGGTAGTCAGCTTGGGAGCGACCATTCTTCTTGTTTCCGGGAACCTGGACCTTTCGGTGGGGAGTTTGCTCTCCCTCAGCGCCTACCTGGGAGGCTTGGTGATCATGCACAGTGCCTCTCTGTTTTTCGGGATTATTACCTGTCTGGGGGTAGCGGTGCTTTTTGGTCTTTTCAACGGGTTCCTGGCTTCTTTAGAGCGGGCTCATCCTTTCATTTTCACTCTGGGTATGATGACTTTTTTGCAGGGTATTGCCATCGTTATCAGCCGGGGTAGTCCCATAAACGGTATGGGAGGACTGTATGAGCTGCTTGGCATACGGGATCTTTTCCGAGTCCCCATGCCGGTGGTCCTTTTCGTGATTTTACTCCTGGTGGTGCACCTGTTCCTAACCTATTTCCCCTTGGGAAGATACGCCTACGCCCTGGGTGGTAACCAGGAAGCCAGTCGGCTCTCAGGAATCAGAGTTGGACGGGTGAAGATTTTTCTCTACGGTTTGAACGGGCTTTTTGTAGGTATTGCTGCCTTGATGCTGAGTTCCATTCTGGATTCCGCCCTGCCTACCATGGGTACGGGTTATGAACTGCGCTCCATTGCCGCGGTGGTCATTGGGGGAATCCCTCTTTTTGGGGGACGGGGGAACGTGTGGGGCACGTTGCTTGGAGTTTTGCTTCTGGGATTGGTATCAAACAGCATCAACCTGATGGGGATAAGCGCCAATTTTCAAAATGTGGTTTTGGG
NZ_AP028803.1_gap15	508668	513406	4738	TGAGCCCCTGGTGAGAGCCGGGGCATTCTCTCAAGGTGAAGGGACGTTGTTTCTTTAGCGTGACTCCCTTTTTTAGCTTGGGAAAGAGTACCGTTTCTGTATAGTTTGCTCGGGAGAGGATAGCCCTCGAGGGTTTCTCTTTAATCCAAGTAGGTGCCTTTTTTGTGCTGAGGAAGCTCTAAAACAGTTTGTCTTCCCACTATTTTTCAGTGGCTGGGCTTCCTCATCAGAGCAAGGTATGAAAAAAGAAGAAAACGAAGTCAAAGAAGGGACGGTAAGAGAAGGAAAACCGAAAATGAGTGAAAAAAGAGTTCCAATACTATTTCTGGACACTCTGTCCGACGTTGGCTCATTGGAAAGGAGAGGAGTAAAATGGCGAAATCTGGCTTGCGAATTGGAACACGATTAATTTTGAGCTTTGTTTTAGTGGTTGCCCTTTCTGCGTTGGTAGCCTACTTGGGACTTTCTCTTTCCCAGCACATTATGGCCAACCTTGAAGACATCTTCGAGGTCCGCCTGCCCAGTGTGGATTACATTCTGGAAATTGACCGCGATCTTTACCAGGCGGTGCTTGCTGAGCGCTCCCTGCTCCTTGCCGATGTAAACTCAGAAGCCTTTCAGGAGTTTCTGGATTTTTATGAAGAAAACCTGCAGCAGTCAGAGGAGCGCTGGAATAAGTACAAAGCACTTGCTAAAACCCAGGAAGAGCTGGAACTTATCGGGAAGTACGAGGAAGCCCGTAAGGCGTGGTTACCCCTTTCCCGAAAAGTCGTGGAGGCAAGGAAAGCAGCCAGTGAGGATTTGAGTTCCCTTGTGGCACTGAGCTTTGGTGACGCTGCGCAGAAATTTGAAACCATGCGCGATTATCTGGACCAGCTTACTGAAATCAGCTTGGTTCTGGCAGAGAACCAGCACCATGCAGCCCGAGCAAGTTTCAAGCAGAGCTTCTTTACTGTAGTCCTTTTGGTGGCAATTATTATTGTTGCTGCGCTGGTTCTTGCACTGCTCATCACCCGCGGCATCACCAGGTCTTTGCGACGTATGGTCAATCTGGCTAAGGAGGTTGCTCAGGGGAATCTGAGTGCAGATTTTGACCTCCGGGCTCACTCCAAGGACGAACTTGGGGAACTGGGCCGGGCACTGGAAGATATGGTGGGCAATCTCCGGGCTCTGGTAAACGATGTTTTCACCACCTCCTCCTCTCTGGCTTCATCCAGTGAGGAACTCTCCTCATCGGTTGCGGAGATCTCCAAAGCCACCCAAGAGATTGCCTCAACCATTGCCCAGGTTGCTGAAGGCTCCACCAAACAGAGTGAAGAGCTGCAGAGAGTGAGTGAAGAAGCAGCCCAGATTGGTGAGCGAGCCCAGAGAGTTGCTGAAGCCACCCAGCGCAACCTGGAGCTTCTTGGGAAGATGCAGGAGAACCTCCAGAAGAACCAGCAAGCTCTGGAACAGATTGAAGCTATGATGCAAAAAACCAGAGAAGAAGGGACCACCACCAGAGAAGAAGCTCAGAAAGGGAAAGATTCCCTGCAGAAGCTCATCGAGAATGTTTCCTCCATTGCCCGGGTGAGTGAAGAAGTCGCCGGAAGCATCCAAATCCTCAATGAGCGCTCCCAGGAGATTGGAAAGATTGTGGACCTCATCACTGGCATTGCAGAGCAGACCAACCTCTTAGCCCTCAATGCGGCCATTGAAGCTGCACGTGCTGGAGATGCTGGACGGGGCTTTGCCGTGGTGGCTGAGGAAGTGCGCAAACTGGCTGAAGAGTCAGCTCAAGCTGCCGAACAGATTGGCAAACTGATTGCTGAAATCCAGAAAGACACCCACTCTGCTGTGGAGAGCATGCAGAAAGCCCAAGGTGAAGTGGAAGCAGGAAGCAGAGAGAGTGAGCAGGTGGCCCAGAACTTTAACTCCATTCTCGCAGCCATTGAGCGCCTGGAAGCCAACATCGAAAACCTCTCGCAATCTCTTCAGGAGGCCCACCGAGCCCAGGAAGAGACCACTCAGAGTGCTCAGGAAGTGGTCAAGCTCTCCGAAGAGAATGCTTCCCTCACTGCTCAGACCACAGAAGGCGTCCAGCAGATCGCCGAAGAGCTCTCTTCAGTGGCTGCAGTGGCTGAAGAGAATGCGGCTTCCAGTGAAGAGGTCTCTGCTTCCACTGAAGAGCAGAATGCCTCACTGGAAGAGGTCAACTCTGCAGTGGAGCAGCTTGCCCAGATGGCCCAGAAACTACAGAAGCTGGTGGAGCGCTTCAGAATCTGAAAGAAACCAGGAAACACACACAGAAAGAGAAAGCGGGATGGACACCCCATCCCGCTTTTTTATTTTAGGGCCTGAAAACTGCCCCACGGGAAAAGAGATGTAAACGGGAAAGTTCAAAGCTATATATCTTTCCACCTTTTTTGCCTTTCTTATCCTCTCCTTTTTTTCAGGCTGCCTTTTGGTTCCTCCTGCTTTCCGAAATCCGATAATTCTTCCCTTCAGGTTGCTCAGGAAGTGGTAAATGAGCTCCTTTCTCCAGGGAGTGTGGAGGAAGTTGTGGGTAAAACATTATCTAAATTGATATCTATCATCAACGCTGAAAAAATTTGTCCAGAAGGGTGTTGTAAGAGCCATTGGTCAAAGTCGCCTTATTTTTGTCTTTCTCCCTTGGCTAGAATCCAGCTATCAAGGGCTTTCTGATTTTTGGGGTAAAAAAATCGTGCAAAAATTTTTTGCAATTATTGACAGAAAGAGAAATCTGTGCTACTCTCAAAAAAAATTCATTTTTATGTTTTATATCAAATTAATTGATATATAAAAAGAGGGAGAAAGGTGAAACAAAGTTACCGGAATTGTAGTTTCCAAGCAGCTAAAGCAATAGAACAGCTCCTGAAGTAGTGATACTTCGAAAATTCTGCAGGGTAAAAGTGATTATTGAGACTTTCAAAAACATTCTTTATCTTTTGTTTTTAGGTAAGTTTGGGTTTTGGCAGAGTTGGGAATGAGTTGTAGTGTAAATCCTGCAAGATGAAAAGTGTGTTTCCTAAAGAATTGGGCTTTTGAAATTTGGCCGGGGGTTTCTTAAGGAGCCAAGGCTTGTGAGTGAACCATTACTAAAACTTGATGGAGTAACACAAATCTTTCAGGTGGGGACTCTGCTCTCTAAGGTAAAGATATATGCGGTGCGGGACGTTAATCTTGAAGTTGGAGGGAATCCGGTAATCTTCACCTTGGTGGGAGAAAGTGGAAGCGGGAAGACCACCTTGGCTAACATCCTGCTCAGAGTTATTGTACCTACGGAAGGTTCGGTATATTTTCTTGGGAAGAATATACGCCACTACAGGAAACCAGAGTTTATAAGGTTGGTGCAGCCGGTATTTCAGAATCCCTATGAAACCTTTAATCCCCTGAAAAAAGTCGAGACCTACTTTCACTTAGCGATACGCAAACTTCAAATTGCGAGAGACAATGGTTGTACTGCTGAAAGCATTATCGACAAAGCGTTAAACTCTGTCGCTTTATCCTGGGAAGAGGTGAGGGGCAAATACCTTCACGAATTTTCTGGCGGACAACTTCAGCGATTGTCCATCGCCAGGGCCTTAATGGTAAACCCTGTACTTCTGGTAGCTGATGAACCTGTTTCGATGCTGGATGCTTCCCTGAGGATTTTTGTGCTCAATTTGCTTAGAAAACTCAAAGAAGAGAGACAACTATATGTGATTTACATTACCCACGATCTTGCTACTGCTTACTACATAAGTGATTACATCGCTGTGATGTTGAGAGGCTCTGTTGTTGAGACGGGTCCGGCTGAAAAAGTCTTGCTCGACCCCCTGCATCCCTATACCGTGCTCCTCAGGGAATCCGTTCCCAATCCCTATGAAGAGGCTAAAGAAGCAGTTTCCTGGGCAGGCGGGGAGCAGGTTCTGGAAATTGAAGAATACATTGAAGAAGGGTGTAAGTTTGCTTTGCGGTGTGCTCATGCTAAGGCTATCTGCAAGCAAAAGATGCCTCCTGATATCCCTGTTGATGGTGTGGTGGTGAAATGCTGGCTTTATGAAAGAACTCTGGGAAAGGGGGTGTGACCCTAAGGAAAACGGGGTTTGCAATAACTGGTGGTATCGGGTTTGGGTTGAAGTGAGTGTCTCCATCTGGAAAATTTTTTGAAGGGGGGAAAAGTGATGTCTTGGAGACGTTTTGGATGGTTGGTAGCGGTGGTGTTTTTCATTGTAGGAATGGTTGGAGCCTTTGCTTTTGCTCAGGAAATCCTACCTGGTGTTCCAAGAAGTGAGGTTATTATCATTGAAGATCCCTCAGGACGTTCCCTTAATCCAGCACGGTTTAACCTCTGGGGGGGCGGCGTCTCAAGCTGGTCAACTGGTCTTCAGCAACTGTGTTTAGGGACGCTGTGGTATATTGACCCTGACCAGGGCATAGAAGGCGATCCATGGATTAACCTGCTAGCGGCTGAGCCCCCTACTTATAACGAAGATTACACGGAAATGACCGTTAAGTTAAGAGAAGGCATTTACTGGAGTGATGGTGTGCCGTTTACTGCAGATGACGTGATTTTTACGGTGGAAGTCTTAAAGGCACATCCTGAAATGACCTGGGGAGGGTACATGGAAGTAAATGTGGAGGAAGTGCAGAAAGTAGATGATTACACCGTCGTGTTTAAACTCAAAAAGCCCAATGGAAGATTTCATACCATTTTCACAGTGAGATGGTCGGCCTGCTACATTATGCCCAAGCA
NZ_AP028803.1_gap16	530935	532456	1521	GCGATTTGTTTTTTTAAGGGGGGAATTCCATGCCTATGACTGAAGAGCAATTTCTTTTTGCTGCTTTTATTCATGATTTGGGAAAATTGCTGGAGCGCTCCAAATCGCTGAAACTTTCCGAAGACATTGCAGCAGCCAATACCTACGGACACGCTAAATATTCTGCACAGCTGATAAGAAGCGTGCGCAGTGGTAGTGAAGGAGCCAAGGGTGAATATGACCTTTCTTCCACCTACCTGGGTAGAGTGTGCTCGGAAGAAGTGGAAAAAGCAGTGCTTTCCCATCATCGTCCCCAGACGGTGGAAGAAAAGATAATCCAGCTTGCTGACTGGCTTCAGTCCTCAGAACGGGAGGAAAAGGAGGAAAAAGAGGAGGGAAAAGAACATTACCTCGATGTGCCCCTGGTTTTCCCTTTTGTCTGGGTGGATCGGAATATTGAGCCTCTTTTTTATTCCATAGCCCCGCTTGCGCTAAAAAGCAACAGTTTCTTGCCCACACAAAAGGAGAAAGCAAAGAAGGGTAGCCAGGAATACCAGAAGCTCGCTGCGCAATTTCTGGCCAAGCTTCGCTCGGTGAGAGATTTTGAGCAGTTGGTCAACGTTTGCGAAATTTACCTTTCTCAAGTGCCTGCTCAGACTGTAGGCTACGAGAGTGATATTTCACTTTTTGACCATTCCCGGTTGACCGCTGCCCTGGCGCACTGCCTTTACCGGGATTATCAGAGGGGTTTGTTGCGAGAAAAGGATCTTGACGATGGTAAAGAATGGTTGAAGAAAGATATTGACGATCCCTGGCGCCCTGCAGTGGTTGATAAAGAGCTTTTCTGGTTTGTAAAGCTGGACCTTTCCGGGATTCAAAGGTTTATATTCAACGTTACGTCCAAACAGGCAGCCCGGATGCTCAAAGGCCGCTCAGTTTATCTGGATCTCCTGGTTCGTTACGTAGTCAAACACCTCCTGAAAAAGGCAGGGGTTAGCTCGGTGAACATTGTTTACCTTGGTGGAGGCAACGCTGAGCTTCTGCTACCTTTGGTTGAGGAAAGCCTGCTTGAAGAGGTGCGCCAGAGAGTAAGCGAAATTCTGTGGGAGCTTCATCGTGGGGAAATCTACCTGGCTATGGAGTGGTTGCCGCTGACCCTTAAAGGCCTTTTAAACTTCATCGAAAAGCGGGAAGAGCTTCACGAACGTTTAGATATCCGCAAGAGAAAGCGCTTTATGGAGCTGGGAGAGGAGAAGCTCTATCAACAGCTTTTTGTTCCTCAAGGCGAAGGGCTGGGTGAAGGGGAGAGCTGTTCGGTTTGCCATCGCAGGAGAAAGGAAATTGTTTCCGAAGAAGAACGTCGTTGCGAGGTTTGCCAATCCTTTGTGGACCTTACTGACCAGGTTAGGGAAGCAAAATATTTGCTTGAGCGAGAGGTTGGACCCTCTGATGCTCTTCCGCGGACAGTTTTCGATATTTTCAGGTGTCTGGGGTTTGACGTTAAATTTGCCAGGAGTTTCACACACGATACCAGGGTGTATA
NZ_AP028803.1_gap17	553431	557631	4200	GGAAAGAGAATTCTTCTATTTGCAAGTTTCTTTTGGATTCTTGGCACATTAAGGACGGAACAGCTCCAGGAAAAGAAATCATTTTATGCCTCCTGCTGCCAGGCCAGAGACGTAGTAATCTACCAGTAGAGAAAAGGTGAGTACCACTGGTATGGCGGCAAGCAATCCCCCAGCCATGAGAGGTCCCCAGAAAAACATATCTCCTCTGATAAGCTCGGTCGTGGTACCTATACTCAGGGTTTGCTTCAAGGAGTCGGAAATAAAGGCCAGAGCATATATCAACTCTCCCCAGGAAAGCGTGAAGCAGAAGAGGGTTACAGTGACCACTGCTGGCAAGGACATAGGAAAGACGACGCCCCAGAGAATCCGGAGTCGAGAGGCACCGTCAACCATTGCCGCATCTTCTATTTCTCTGGGAAGGTTACGGAAATACCCCATGAGTAGCCAGGTGCTGAAGGGTATCTGAAAGGTTGGATAGGTAAGTATCAGAGACCACAGGGAATTGGATACTCCAAGGGAGTTCACGACTTTGGCAAGGGGAATAAACAAAAGAGTTTGTGGTATCAAGTAAACCACGAATATGCCTGTTCCCATAGTTTTTGCACCCCTGAATCTTAGGCGGGACAGGGCATAGGCTGCCAGAACGCTTGAAAATATGGATACGGTAGTCGTTACCGCAGCCACCAATGCAGAGTTGAGATACCACCTGAGATAATTGGTTTTGGTAAAAAGGTGTAGATAATTTTCTAAGGTGGGTTTTGAGACCCACAGTGGATTGGAATGGATGTTGTACAGCTCACGAGTGGTTTTGAAAGAGCTTAAAATCATGGCATAGAAAGGGTAGAGAACAAAGACCAGTACCACAGTAAGCAGTAAGAGGGCAAGCATCCTGCTGAACCTGTATTTTTTTCGGCTTTGTTTCCGCATGGTTATACCCTCAGTAAGTTTCTCCTTTACTTATGATCCCCAGCATAATCACTGCTGAAACCAGCAGGAAGGGAAACATGAACAGAGAGATTGCTGCACCCATTCCCAGCTTCCCCCCACTCAGGCCGTACTGGTAGGCTAAGGTGGCAAAGACTTGAGTGGCATTTACGGGTCCTCCCCGGGTAAGGATGTAGACGATGCTGAAGTCTGAAATGGTCATGACTATTGAGAAAAGTGTAATCACGAGCAAGGGAGGTTTTAAAAGGGGAAGGGTTATCGCCCAGAATTTTTTGAAAGGGTTGGCCCCATCCACCTCCGCTGCTTCGTAGATTTCTTTAGGAATGCCTACCAGCCCTCCCAGGAGGCCTATGGCGAAAAAAGGGACACCTCGCCAGGTGTTTACCAGTATTACCGAAAACCTTGCCCAGAATGGCGAAGCTAACCATGGTATTTTGGAAAAACTCAGATGGTTCAGTATCCAGTTAAGCGATCCGTAAAGAGGGTCCAGTATCCAGAGCCATCCCAGGATACCAAAAACCGAGGGTATGACCCAGGGCAAAAGAATAATGGCTCTTATCCATTTGTTTTTGAATTGGGGCTGAAAAAGAAGAAGAGCCACACCAAGGCCTATAGATAGCTTGAGGATAACAGATGCGAAGGTGAAAAGTACGGAATTGTAAACCGTTGTCCGGAAAACATCGCTTTGCCAGAGAAACCGAAAATTTTCTATGCCGATGAACTTTCCTGGCCTGTCAATACGAGTGTCGGTGAGGCAAAGGTAAAGAGACATCACAAGGGGTAAAGCTACCATGCTCAAAACAATTGCTAAAGCAGGAAGCAAAAAGGTGTAAGCAACTAACCCTTCTCTTTGTCGAATTTTCATGGTTTCTTTTGGGCAAGTCAGCAGATGGTGAGCAATTCCATCTGCTGACTTGCAGGTGCAAAGTTTATTCTCTTTTTTTGTTATTTGAGCCATATCTCTTCGAGTTGTTTTTCTGCCCACTGAATTGCTTCCTCCACGGTCATCTGTTCAGTTACCGCATAGGCAAACATGTCTGGAATTATATAAGAATCATAGGTGAGTTGAGCTTTTCCACCAGCCGGGGCAGGCCAGAGGGCCAGATGATAGAAGTCGCCTATCTGAAATACTACCTCGATGTCTGGATAGGTTTTCCAGGAGCTTAAGTCTTCGAATGGCGTGAGGTCCTTGAAAAGAGGCATATTGTAGCCTCCACTGGCTTCCACCCACCCTTTGAAGTTTGCTTTTTCCAGGAGGAATAAGAGAAATTCTTTAGCCAGTTCCTGGTTTGGAGACCATTTGGTAACCCCGTAGGCATATAAGCTGGTGGTGGAATAGCGCCCCTGAGGCCCCCGGGGTGGCAGCACCAGACCCAGGTTTTCAAAGATTTGTGGAAACTCGTTCCTTGCAGCTACCACGATACTCAGAGAGTTAATAATGTAAGAACCAACTTCAGAAAGAATCCATCGGTTGTTCCCTGCGCCGTCCCAGGACAGGACGTCTTGAGGCATGTACTTAAAGAGGTTCTTAACGTAATTGATTGCTTCCTTTGTCTGGTCGGAGTTAATAGTTACTTCCCCGTTCTGATCTACCGCGTGAGCGCCAAAAGCAGCCAGGACCTGGAAAAGCCAATCATTGGAGTCGCCGCAGTGGCTTATTGGTAAACCAACGGGATGTCCGGTCTGGTACAGTTTTTCTGCTGCTTTTAACAGGTCTTCCCAGGTGTCGGGGGGATTCACGCCGGCTTCTTCAAAATAATCTTTTCGGTAAACACCAGGTGACGGTGTATAGTAGCAGGGGACGGAATACCAGTCATTCCCAATCTTTGAAGCCTCTTCCGCTGCTGGCTGGTAAGGTCCGTATTTTTCCTCAATTTTGGCCAGGACATCATTCAGGGGAATGAGATGGTCTTTGTAGAGAGCTGTGGAATAGTTCATCAGAAGAACCACATCATGGCCGGCCCCGGAAGTCACTTCGGCCGCGAGTTTTGAAGGTACATCGTTTAGAGAAACCTTGTCGACCCTTATGGTTATTCCTTTTTGCTGGCCGAATTCCTGGGCTAATTTTTCCAGGAACTCATCTGAACTTAATACAAAGTGCGCCCAGGTCAGGATCGTTAACTCTCTGGACTGGGCAAGAGCCGAATTAGTTGCCAAAGCTACAACCAGAAAAACAAACAGGCTTAATAGCAAAATCTTTTTGACCATGTTAAACCCTCCTCTTTTTATTTAATAAAGTCATTTCTTTTGCAACTTTCTGAGATGACTGAAATACAATCTGGTTTACTTCAGGCACGGTTTATTCATCACAATATAATGATAAATTATCACTTAATAATGATATTGTTTTTTGGATTCTCTGTCAACAGAGCGATTGCTTTTATCTATTATTATCTATTTTATTATCTATTAATGTGGCAAAAGCTGAGCAGGATTAAGCATGAAGTGGAATGCCCTGTTCAAAAAAGTCTTAAAAATTGGGTGAACGGCTTTACGGTATTTCTTCTTAATCTCCCTGGCTGGAATTTCCTTTGAGAATCTCCACCAAAACCTCAACCACCTGGGGGTCGAATTGAGTGCCAGAACACCTTTTGAGCTCCTGGATAGCCTCTTCCTGTTGCATGGCTTTTTTATAAGGGCGTCCCTGAATCATCACATCATAGGCATCTACCACTGCCAGTATGCGTGCCAGGAGCGGAATTTGCTTATCTTTTAGCCCCCGAGGGTAGCCTGTACCATCCCAGCGCTCATGATGAGCCAGAATGGCCTCGGCAACGGGCAAAAGGTCAGGTGAAGACTGAACGATGCGGTAGCCAATTTCGGGGTGTTTTTTGACCATTTCCCACTCCTCAGGCGTGAGAGGTCCGGGTTTGTTAAGGATGTGAGGAGGTATGGCAATTTTGCCCAGATCGTGCAGACGAGCGAGGAGTTCCAGATTGGTCAGTTCGTCTTCTTTAAGCCCCAGTTTCCGGCCTATTTGAGATGCCAGGCGAGCCATGCGGTTGGCGTGTTTCTGTGTTTCCTGGGTGGTTTCCCGAAGCGATTGTTCTAAAGAAGCAATTATTGCCGAGCGAGCGCTGCGGTTTTCGGTCAGCTTTCGGCGGTGCATCCGCTCTACAGCCTGATTAATAACCCGGTTCAGGGGTTGTTCAAGACTGGTTTTTATCGACCAGCCGTAGCTTACACTGAGGGGCATTTTTTCCTGACTTTCTTGATTGCAGCGTAGGCTGATTTGCTGGGCTAATTCTAATAGTT
NZ_AP028803.1_gap18	728403	730678	2275	GAAACGTAAAGTAAGGTGCACCTGCTGTGGGTTAACCCATTTTGCTTCTGGGAAGGAAGTCTTGGCATTCCCAATGAATCTTGCTATCGCTTCTTTCGCTTCCTCTTCAAGGTCCAGGGCAATAAAGCATCTCAGGTTTACCTCATTCTCCATTGTCTAAGCACCTCTTGGAAAGAAGGAGAAAAAGCTGGGAGAGCGCTTCCTGGGTGGTCCGGAATTTTATGGTTGTCCTCGCTCCGTGGAACTGATAGCGGTGAACTTCCAGATGTTTCCCCCAAGAAATTCCTATATATACCAAACCCACGGGTTTGAGTTCAGAACCCCCACCGGGTCCGGCAATACCGGTTATCCCCACGCCAATATCGCTTCCAGCTCTTTGAGCAACGTTTTGAGCAAGTAAAGAAGCCACTTCTTCACTCACCGCACCATGGCGGTGTATCACCGCAAGTGGAACATTCAGGTCGTCTGCTTTGGATTGATTGCTGTACACTACGTACCCCCGCTTAAAATAGGTGGAACTACCAGGCACGTTGGTTATGCGATTAGCCAGCAAGCCCCCGGTACAGGACTCTGCAGTGGCTATGGTGAGCCGGTGCTCACGCAAAAGCTGACCCACTGCTTCCTCCAGAGTATCCGCGTAAGTCGAAAAAAGCCGGTCTTTGAAACGCTGTTTTATGCTCTCCAGTATTTGTTGAACTTTCTGGTTTTCCTCTGGCAGAGGATTTCTGAAGGCATACAGATAGAACCAGATTTCTCCAGAACGGGGTATAAAAGCTGGACTAATCCCTGAAGGCAAGTCTACAAGAAAGTCCTGAAGCTGGCTGGCCAGCTCCGATTCTCCTATGGCGCAGAGCTTCAGGGTCTCAGTTTTAAAAAAGCTGGGTTGAGGATTGCTGATTTGCTCATCTATGTAGTGCCAGAAAAATTCTACTTCTTGAGGAACTCCTGGAATGACAAATATTTTTTTATCGCCTTCCTGGATTAAAAAACCTGGAGCAGTGCCAACTCTGTTTTGAAGCATTAACGCTCCTTGCGGTATCAAAGCCTGCTTTTTGTTGTTTTCTGAAGGCTCTTTTTTCCTAATGCTAAAATATATTTTTCTGATTTCTTCCCAGGCTTGAGGCAAAAAAACCAGTTCCCTCTTCAAGGTTTCAGCTACTGCTTCACGAGTAATGTCATCTTCGGTGGGACCCAGACCACCACTGACAACCACGAGTCGTAGCTCCTCTTTCTGGATCAGAAAGCGTAAGGCCTGAATAATAGCTTCTTTATCATCAGGCACAAACATAGTGTATTCAGTTAGAATTCCTTTGTCCAAAAGTTTGTTCCTCAAAAATTCTGCATTGCTGTCTTTAACCAGGTTGGTGCTCAATTCGGTTCCTATGCAAAGAATAGCCGCTCTCAAAGCACACCCTCCAAAAGATAAGTTTTGCCAGCAGTAACTCTCATAGTGCCAATAGTTCCCGGTTTAAGGTGTTTGTTTCTGGTTTGGATCTTTACCTCACAGTCCACATCAGGTGCATCTCCATAGCTTCTTCCCAGGTAGTAAAGCATCCTGGAAGAACCATTGTTCTCCCAAAGAGGGCCTTTTTCAACAATGACTTCGACAGTGCTTCCAACCAGAGCCCGGTGGCGTTTCCTCATAATTTCTTCCTGTTTTTTCCTGACGGCTTTCAACCTTTGAGTCTTCAAAGAGGCTGGTACCTTGGGAAACAATCTGGATGCAGGAGTTCCTTCCTGCTCAGAGTAAGCAAACACCCCTGCCCTTTCAAAGGAAAGTTCCTCCATGGCCAGGAGTATTTTCTGGAAAGATGACTCACTTTCACCTGGGAAACCAACCATAAAGGTGGTCCTTAAAAACAATTGAGGTATGCTCTTGCGCATGGTCCTCAGAAAATAAAAGGTCTTTTCAATATGTGCTGGACGATTCATTTTGACAAGGATATCCGGATCTACGTGTTGCAGAGGAATGTCCAGATATTTGACTACTCTCTTACTATTTGCAAATACCTCAAGAAACTCCTCGCTAAGACCCTGAGGGGAAAAATAAAGTACTCTTAACCAATGCTCTGAAGAAAGGAGCTGATCAAGAGTTTTTAAAAGATCTGGCAAAGCTCTTTTTCCGTAAAGGTCAACACCGTATGAAGCGGTATCCTGAGCAATCAGAATGATTTCCTTTACTCCCATTTCCAGAAAATTCTCAACTTCTCTAACAATGGAGTCAATGCTTCTACTACGCAGTGGTCCCCGGATGGCAGGAATCACGCAAAAACTA
NZ_AP028803.1_gap19	822900	826993	4093	AAATTTCACTTACTCAAGTATTTCCACAATCGCCTTTTTACCGTTTTTAACACAGGCGGCTCGGACGATGGTTCTAATCGCTTTGGCAATCCTGCCTTGTTTGCCTATTATCTTTCCCATATCTTCTGGAGCCACTCTAACCTCATAGATTACCGACTGTTCTCCCTCGACTTCCGTTACCCTGGCCTGTTCAGGGTTATCAACCAGAGCTTTCACCAAATATTCGACCAATTCTTTCACTGTTTTGCTGCCTCCTCTGCTTTAAGGGTGCTTCTAAGGATTGATTGAACCTTAGGAGTGGCTTGTGCTCCTTTGGATATCCAGTACTGGACCCTTTCAGGTTTCAGGCCCCACACTGGTGGATTAGCAATCGGTGAATAGTTGCCCAAAACTTCTATCGGTTTTCCATCACGAGCTTCTTTTGCATCAGTAACCACAATTCGATAATACGGGGCATGCTTTCTACCTATCCTGGTTAACCTTATTTTGACTGCCACTTTTTATCGACGCTCCTTTCTCACCATTTGGACTGGTATTCTTATATTTTCCATCCAAAAATACCCCTCTTGCGCAGGGGAGAAAACTTGCCTTTGTGCATTTGTTTCCATAGTTTTTTAAACTCTTCAAATTGCTTAAGCAATTTATTTACTTCCTGAATGGAAGTACCACTGCCTCGAGCTATCCTTTTTTTACGGCTTGCATTGATTATAGAAGGGTTCTGTCTTTCCTGGGGAGTCATAGAGCATATAATCGCTTCTACTTTCTTTAAATTCTTTTCCCCGTCCACCATGCTCAGGTTGCTACGCAAGTTTCCAGGAAGCATACCTACTATCTCTTCAAAAGAGGAGACACTGCGTAACCGTTTGATTTCGTCCAAAAAATCATTAAGCGTTATTTCTTCCTTTTTAAGTTTCTGAACAAGTTTTTCTTCACTTTCTTTTTCAATGGCTTTTTCTATTTTTTCTATCAAGGTCAGCGTATCTCCCAAACCCAGAATCCTGCTAGCCATTCTGTCAGGGTGAAAAGTTTCTATCTGCTCCAGCTTTTCACCTGTGCCTACCAGCTTGACTGGCCATCCAGTTTGAGAAACTATCGAAAGTACCGCTCCCCCTCTGGCATCAGTGTCTACCTTGGTGAGTATTATGCCAGTTGGTTTCACCCACTCTTCGAAACTCTTGGCTACCTTAACGGCTTCTTGTCCAGTCGTTGCGTCCAGAACCAGAAGTGTTTCCTGAAAACTTTCTTGCTCAACAAGTTCTCGAAGCTCTGCCAGGAGCATTTCTTCAACGTGCAACCTTCCCGCCGTGTCTACAATTACAACGTCATTGCTTTTTTGGCGAGCAAAAACACGAGCTTTCTTTACCACCTCAAGTGGCGATGTGGCATCCGGTTCGTCGAAGAAGTCAATCTGAGCATTCTGGGCCAGCGTCTTCAGTTGTTCCTTAGCTGCTGGACGCCTGGTATCGGTAGAAACCAGCAAGGGGAAGTGACCCTGCCTCTTAAGCCTCAAAGCAAGCTTGGCGCAAGTAGTGGTTTTCCCGGAACCCTGCAAGCCCACAAGAAGCAGGAAAGAAGGCAGTGCAGATATGTTAAGATTTTGAGTCTCTCCTCCCAAACATTTGCGGATTTCATCCCAGAGAATTTTTATAACCATTTCACCTGGGGTTACACTTTCCAGAACTTCCCTGCCTACCGCTCTTTCTTTAACTCTGTTAATCAAGTCCTTAGCAACTTTGTAATGAACATCTGACTCAAGAAGTACCATCCGCAATTCTTTAAGTATGCTCTCCACTTCTTGAGGAGACAATTTTCCTTTGCTTCTCAGCTTTTTGAAAATGCCGGAAAACTTATCAACCAAACTTTCAAACATACGTTTATATCTCTCTTTCTCCTTCCGAGTAATTTAGACGTTTGCTCAAAAAGAACAGATAGATAATAATCGCCCACACCTTTTATGTCAAGGAAGGACTTTTGTTGTAATCAATAAATTTAGTAAACAATCGCTCTTACAAATTCTTCAGGATCAAATATAAATAAGTCTTCTATCGTTTCGCCCGTTCCAACCAGCTTTATAGGTAAAGCAAGTTCTTGGTGGATTCGAAAAACGATTCCGCCTTTGGCTTGACTATCCCATTTAGTGAGCGCAACACCGGTGATAGGAATGAATTTGGCAATGTTTTCAGCCTGTAGGAAAGCATTCTGCCCAGCCAGTGCATCGATTACCAGGAGGTTCTCTACGTTTGAAGATGGTATTTCCCGGTAAATAACTTTAGATAATTTCTCAAGCTCGCTGAGCAAGTTTTTATTAACGTGAGAACGTCCTGCAGTATCTACGATGGCTACCGTATCGCCCCTCTTCTTAATCAACTGCAGGGCATCGAAAACGGCTGCTCCAGGATTGGTTCCAGAAGACGACTTTATTATATTTACTCCTGCACGCTTTGCCCAAATTTCGAGCTGTTCTTGAGCGGCAGCTCTAAAGGTATCTGCTGCAACAAGCGAAACCTTTTCTCCTTGGTCTTTAAAGAAGCGAGCAAGCTTTCCGGCAAGAGTTGTTTTACCTGCTCCGTTGATGCCCATCAAAACCACAATCTTGCTGAACTGTGGGTCAGCTTCCGGAAAGAGGCGAGCGTCGTTTTTTTCGATAATCGAATAGAGTTTCTCAAATAAGCAGCTCTGCCAGTCCTTGTGCTCGGATTTGGTGACTTGAAGCTCTTCAATTATCTCCATGGCGAGGCGGGGTCCTATGTCGCTTTGAATAAGAGTTTCCTCAAGCTGTTCCCATTCCTCCTCAGTAATAGCTTCTCGGTTCCAGACTGCGTTTAAGCGTTCTTTGATTTGTTTTTTCATAGCATCGAGATTGCTCAACCACTTCTTAAAAAGTCCTTTTGCTGCGCTCACTACTCATTCCTCCCCAAAGTTTCTGCGTGGCTTATGTAAGCTTCAGAATCAATGTTTTTGAGATAAACGGCTTTTGACACACCGTTTTCCATGGTGATACCGATTATCCGCTGAGCTACCTCCATCACTTCTTCTTGGTGGGTTACCACTATGAGTTGCCTTTGCTGGGCAAAACTCTGAAGGAGCTTGGCTGTTTTCTGAGCATTAAAATGGTCTAAATTGGCATCCGCTTCGTCCAGCAATGCAAAAGGTAGCTCTGCTACCTCAAGTAGTGCAAGCACAAAACACAGGCTGCACAGTGCTTTTTCGCCACTTGATAAAAGCACGAAATCGCGTTCTCTTTTACCAGGCAACTTTATGTAGGTCTCGACACTATTTTTTTTGAGAACCAAACGTGCTTTCCCACTCTCAAAAATTTCTGCAAAGTTTCTCATAAAAGCCTTTTGTAATTCCTTCATAAACCTCTCAAAATGATAGGTACTCATAGCGTAACACTTTTGTATCTCATGCTGAGCAAGGGTGATCAATTTCTCAAACCCGGCTATCTGCTCGTTTAGCCATTGTTCTCTCTCTAAAAGGCGTTCCATTTCTTTTATGGCACCCTGTTTGGGTGAAAGGCTGGAAATTAACTGTTGCTTCCTTTTAATTATGTTCTTCAGATCTTCAGGAGATTGTTTTGCTGCTTCCAGGAATTCTTGGCTCTTTAAGTCGATGTTGCCCAAAGTTGCCCTTTCGGCTTCCAGTTCTTGAATTTCCTGCTGTATTCTCTCTTTGCGCATCAGGAGGCTGTTATAAAACCTTTCCTGTTTATGTAACCTCTCCTGCAGCGACCTGACTGCCTCACGCATACCCCTTAATTCTTCTTTAAGAGCGTTCTGCTTCCTTTGTTTTTCTCCAACCAGCACTTTCAGTTTTTCAATCAGCATCAGTACTCTCTGAAGCTTGGAATTTTGAAGATGCCAACCAGGGTTTGATACTTGCTCGAGGTCCGTAGAACCAAAATATTTTTTTATAAACTCTATTTTTTCTCTCAACCTTTCAATTTTGGATAGATAGTTCCTTCGGGCAGCCTGGACTCGATCCAGTTCTTGTACTTTCTGCTGTTTTTTGTGGAGGATCTCCTTAAGCTGGTTTATTCTCCGCTGGAGTTTTTTTTCTAAGTGTGCCAGCTCAGCAAGGCGCCTTTCTCTTG
NZ_AP028803.1_gap20	899025	901270	2245	CTCCTATAGCCATAAACGCATTGGGGCCAAGCGAAAACTGACCGGTTATGCCGTTTATGAGGTTATAGGCTGAAGCAGCCACTATGTAAATACAAGCAGTGTTGAAGACTCTTATCAGGTAACTGTTAAGGTTATTTTCCGCGAGCCATATTCCCAAAAGTAACAACCCGAAGAGACACAACGTCAAGAAGAGATTGATTCTGGTATCTCTTTCCATTTTTAGACTTTCTCCCTCTGTGCTTCGCCCATTATGCCGCCAGGTTTAATGAGTAAAAAGATAATTAAAATGGTAAACACGAAGGCATCACGATATCCACTCAAATGGGGGAAGAAAGCCACAATCATTATCTCGGATATTCCGATGATAAACCCGCCTATCATAGCACCCACCACATTACCTATGCCGCCTACGACTGCTGCTGTGAAGGCTTTCCACCCCGGAAAGACACCCATCAAAGGGTTTATCTGAGGATACTTAAAGGCCCACATTACTCCTCCAGCCCCAGCCAGAGCTGAACCCAGAGCAAAGGTGTACATTATAATTTTATCCACGTTAACTCCCATGAGTCTTGTTGTTTCCAGGTCCTTAGCTACAGCTCGCATAGCCATGCCCATTTTGGTCTTATAGACAATGTAAAAAAGGAGTATCAAAATAGCGACGCTGATAAGGGGCACCCAGAAGGTTACTCCCTGAATCCTTGCTCCAGCAAGCATATAGATATTTTTCATCAAAGGCGGTCTTGGAAAACCCTTGGGTCGAGCACCTACTGTCACCAAACCCAGGTTTTCGATAAAAAAGGAGACTCCTACCGCAGTTATCAAGGCTGATATGCGTGGAGCGTTGCGCAGTGGGCGATAGGCAACCCTCTCTATGCTCACCCCTACCAGCGCACATAGCGCAACCCCAATAATAATGGAAAGCCACCAGGGAAGCATAAATATTACCATCATGAAGAAAGCAAAATAAGTTCCCAACATGAACACATCGCTATGGGCAAAGTTAATGAGCCCCAGGATGCCATATACCAGGGTATAACCTATAGCTAAAAGCGCATAAAGGCTTCCCAGAGACACTCCGTTCATCAATTGTTGCAAAAATACTGTACCCGTCATTTGAAATCTTCCTCATCATCTGCAGAGGGTTGGCCAGAAGCTGGGCCAACCCTCTGGTATTTGTGTGGGAATCTGGGTGTCAGTACGGAACTACCGTCTTGACAAATTTGAACTTGCCGTCTTCGACCTTGCGCACTACCACCGGTTTCACAGCATCACCGTTTTCTATATGGTCACTTTCCCAGTTACCACATCGAGATTCTCGGTATCCTCAATGGCATCCCGAATGGCAACCGGGTCTACCTTACCTGCTCTCTTAATAGCATCGAGCAGAATCAAGTAAGTATCTGCTCCCAGTGCTCCGAACATATTGGGATCTTTTCCATATTTCTCGCGGTAAAGATCGATGTACTTCTGTCCTACCTCGTTCAAACCTTTAGTGGCATCCCATATGGCGGTGTGATAAATCCCTTCCACGGCTTCACCGCCGATGCTGAAAAGCTCCGGAGCATCCGCACCGTCAGCAGAGAGGATAATACCCTCAAAACCCAGATCTCTGGCCTGACGGCAGATAAGAGCTATCTCAGTGTAATAGTTAGGAACGTACAAAATGTCTGGATTCGCATTCATTATGGTGGTCAGCTGGGCAGAGAAGTCCTGATCACCGGTTTTACAATACTGCTCAGAAACGATGGTTCCACCTCGTTTGGTAAACTCTTCTTTAAAGAAATTTCCCAGGGCAACACAGTAGTCCTGAGCTACATCGGAAAGAATTGCCGCAGTGGTCGCATTGAGATCCTCAATGGCAAACTGTGCCGCAGCCGCGGCCTGGTAAGGATCTAAAAAACAGGCCCTGAAAACAAATTTTTTCCCCTGAGTCACCAGAGGATTAGTCGCGGTTGCCGAAATAACTGGTATCTGCTTTTCTTCGCAAATAGGGCCTACAGCAAGCATGCTACCGCTTATAGCTGGTCCAATCATAGCCACTACCTTTTCCTTGTCGATTAACCGGGTTGCTGCGTTGGCTGCTTCCACTTTATCGCTTTTGTTGTCCACCAAAACGAGCTCCACCTTTTTACCCAGAACTTCATCGCCAACGATTTCTTTAACCAGGTTAATCCCTTCCCATATCATCTGGCCATAGGCTGCGACAGCACCGGTCATCTCAAGGTTGGCGCCAATACGTATGGTC
NZ_AP028803.1_gap21	1036621	1037555	934	TGCAGGAAACTCCTATTTCTGTTGCCTTTTCTACCAACCAGTCTGTTCGGGAGGTGCTTTTAAGCAAAGCCTGAAAGAGCTGAAAACCTGTTCGGCATGCAGGGTTAACGTTTTTCCCTGCCCAGTTTTCTTCTATTTTTGCTTTTGCCCTTTTTCCATGATACGCTTCGAGCCGAGCTTCCAAAAGAAATCCCCGTCCATTCCAGAGCGTAATTTTTTCACCAATTTTTATTCTGTTTGCCATAAGGTGCTTGGTTTCTTCTTCGGAGAGAAGAATCCAATCTTTAGACTTGCTTAAGAAAGGATAGAAGAAAAATTTGCTCATGTTCAGTTTTCGGGATTGACGAATGCTTCTTTCAGTCGTTCAAAGAGCCCACCATTCTTCCGTTTTTGGTGACCGTTATTTTTACTGGAATTCCTGGGTGGACTTTCTATATTCTTAAGCTGCTCAAGGATTGCCCGGTGCTCTGGCGATAGGACTTTGGGAATTTTCAGTTTCAACTTGACAAACTGATCTCCTTTCGCTCCAGAACGGGGGTCTACTATTCCCTTTCCTCGAAGTCTCAGTAGTGCTTCAGGGTCTGTACCTGGTGGAACATGCAGTTTTTCCGTACCGTAAAGAGTGGGCACCTCTATTTCATCACCCAGAACCAGTTGAGAGTAAGCAAGCTCAACGGTGCAGTAAAGATCGTTACCCTTTCTTTCCAAGAACCGGTGTGGCTTGACTTTAATGTATATGTAGAGATCTCCTGGAGGCCCCCCGTTTTCTCCTGCTTCGCCTTCACCAGCTATCCGCAAGCGATATCCTGTGTCCACTCCTGGCGGCACTTTTACTTTTACTTTTCTGGCTCTGCGCACCCTGCCTCGTCCGTGACAGCTCTTGCAGGTATCTTCTGGTATCCAGCCCTTTCCTCCACAGTAAGCACAGGTCCTC
NZ_AP028803.1_gap22	1092343	1093257	914	GCTTATGGGCGAAGAAAGATTCTCAACTTCTATTGCTTTTACCGTATGGCCGGATTTTTCAAAAAGCGCTATCATGTATTTAGTGATATTTACCAGGCCTTGGTCTTTAGTAGAGTACACAAAAGCAATTCTCAAAGCACAGACCACCTCACTGTTTTGGGACTTCAATATTATTATAACTTACTTCCTACTCTTAGAAAAAACCATGGTTACCCAGTTGTTTTGAACGGCGCGGTCTGTTTCTTGAAACCCTAAAAGGTTAAGCTTGTAGCACACTTTCTGTATGTCTTTCCTTTCAAACCCTGAGACTATAAGCAATCCCCCAGGAACAAGTTTTTCCTCAAAAAGAGGTGCATTTTCAATGATAAAGTTGGGACCTATATTTACCACCAGGAGGTCAAACTTGCCCCTCACATCGGCAATGCTGCCGAGCTTAAAATCAATTTTTTGGGGATGAATATTGTTTAAGGCGCAGTTTCTTTGTAATTCTTTCTGGGTCAGGGGGTCTATATCTAAAGCGACTATCCTGGAGGCTCCTATTTTGGAAGCAAATATGGAGAGTATTCCTGACCCCGTTCCCACATCGAGGAGAGTATTCCCTTTTTTACAGTATTTCTTGAGCATTCTAATACACCACAAAGTGGTGGGGTGATGACCGGTGCCAAAAGCGAGTCCGGGGTAGATAACCAAATCTATAACAGCCCCGGTTGGCCCTATCCAAGGAGGACGAATAGTAATGTTTTTCTCAACCCAAACTACTGGGAATTTCTTTTTCCAATAGTTTTTCCAATCACTTTCCGGTTCTTCAGTTTCTTCAAGATGCTTTACAAGGTTTGTTGGTAAGTCGTCCAGAGTTTTTTGTTCTTCAAGGTAAACAATTATTTTCTCTCCATTTTCCCACAAACCACCTATCG
NZ_AP028803.1_gap23	1094972	1097949	2977	GCATCATCTTGGGTAAAGCAGCGGACGCGCATAAGGCCGTGCAAAACTCCAGATAGTTCGTGTCTGTGCACCAGACCAAGTTCTGCAATACGAAGAGGGAGTTCTTTGTAACTGCGTAAGCGGGTCTGGTAGACAAGAATGCCTCCAGGGCAGTTCATAGGTTTTATAGCAAATTCCCGGTTTTCAATCTGAGTAAAATACATATTTTCCCGATAATGTTCCCAGTGTCCAGAGCGCTCCCAGAGCTTTCTATCCAACATGATAGGAGTTCTAATTTCCTGGTAGCCTCGCTTCAGGTGCTCTTTACGCCAGAAATCTATCAAAGTATTTATGATAATCATGCCTTTGGGATGAAAGAACGGAAAACCTGGGCCTTCTTCGTGAAGGCTGAAAAGATCCAGTTCTTTTCCCAAGCGCCTATGGTCTCTTTTTCGAGCTTCTTCCAGGCGCTCTAAATATGCTTGCAGCTCTTCCTTGCTCTCGAAAGAAATCCCATAGATTCGCTGGAGCATAGGGTTCTCGGCTTTTCCTTTCCAGTAGGCTCCTGCAACGCTCAAAAGCGCAAATGCCTTTATAAAACCTGTGGAAGGCACGTGAGGCCCTCGACAGAGGTCTACAAATTCTCCATTTTGATATATGCTCACTCGTTGTTCAGGTATCTCTTCAAGGATTTCTAATTTGTATTTTTCTCCTCGCTTTTCAAAAATATCTCTTGCTTCTTTTTTGCTCACCTCTTTACGTACAAAGGGCAAATTTTCTTTAATGATTTTTTTCATTTCTTTTTCTATAGCTTTAAGCGCTGTTTCCTCAATTCCTCCCGGGATGTCGAAATCATAATAGAAACCTTCTTCAATTGCTGGTCCAACACCCAACTTGGCTTCCGGGTACAATCTTTTTACCGCCTGAGCCATAATGTGGGCAGTGCTGTGCCAATAGATTTTTTTACCTTCCGGATCATCAAAGTAGATGTACCGCTCCACCGCGTCGTTTCCCTTAGTAAGGTTCAGGTCTATAATTTCCCCTTCTTTTGAAATAGCTGCTATCGCACGTTTTTCCTTGCTCATTGGCTTCCTCCTTGCCTGTTCTGTAAATGAAAAAAGCGCCACATCTTATGGTGGCGCCCCTTTTTATACACTTTAATGGTGGGCGACACTGGACTCGAACCAGTGACCTCTTCCGCGTCAAGGAAGCGTTCTCCCTCTGAACTAGCCGCCCACACCAGACTTTTCTGGAGGCGGCACCCGGACTCGAACCGGGGAATGAAGGATTTGCAATCCTCTGCCTTAGCCGCTTGGCTATGCCGCCACTGGAGCGGAAGACGGGATTTGAACCCGCGACCCCCACCTTGGCAAGGTGATGCTCTACCCCTGAGCTACTTCCGCTCGCTTAATGGTGCCGAGACCCAGAGTCGAACTGGGGACGCATGGATTTTCAGTCCATCGCTCTACCACCTGAGCTATCTCGGCACAAACTTCTGGCGGGGTCGACGGGATTTGAACCCGCGATCTTCAACGTGACAGGCTGACGTGTTAGGCCAGGCTACACCACGACCCCGCTCAAGACAGTTAACATTTTAGCTACTTTGCCGCTCTTTGGCAAGTGGTTGAGAAGATTTTTGTGGATTTTTCTTTGACTTTACGGGATTATCTTTCAGTGTGGTAAGGAGATAGGGGTGCATACTTGGTTTGGAAGAGCTCTTCAGCCCTTTTTTGTTCCTCTCCGCTGAGTTCTCCTCTGTACCAGGGCATCTCGAGAGTTGCTGCCAAAGTATTGAGGAATATGTTCGTGATTTCATCTTTTGCTGGCGGTTTGGAGGTCAACTCCTCGAGAGTAATTAAGTTTGACCAGAGTTCCTGTTGGATTTTTTCGCAATTTATAAAACAGCGGGCTATTTCTTCACGATTACCAGATAGGATGAATGAGCCCTGAAAAAGGACTCCTCTTTTCGCTTTTGCCTGAGCTATACCGATTATTTTCTTTCCTTTGATGGTTATCTCGTGTGCAGTGTTCAGAGAAAAACAATAAGGTGAGGCAAAGTAGTTTTTAGAATTATTCTCTGCATCAGGAAACAAACCTATTTTCTGCAGAGTCTTTACCCACGCTTCTTTTAGGGAGCAGTAGAGAACAAGGGGGTTTAGGGTTTCCTTAGGAAGTGGAAGGTACAGACTGAAGGTTATCTCGTTGTCGTGTAGTATAGCTCTTCCTCCAGTAGGACGCCTAACCAAGGGAATCTTCTTTTTCTCAAGGTAAGAAAGGTTTAGGCTGTCCGTTCTCTGGAAACGCCCTATTGAGAGGGTTGGTTCTGCCCATGAGAAAAGCCGCAAAGTGGGAGGGACAGCCTGTTCTATTGTTTCTCCCAGGCTAAGCAAAGCTTCATCCTGGGCCATGTTCCAGAAGCCAGAATTTTTGCCATCAAATATAACTCTTAAAATTAGGTCAGTTTTCCTGGATAAATTTTTTGTACTGGTCTGCAGTGAGTAGTTCACCCAGTTCTTTTTCATCTTCGATTTTGATTTTGGCTATCCATCCCTCGTAAGGTTTTTGGTTGATGGTTTCGGGCTTCTCTTCTAAGGTGCCATTCACTTCCATTATTTCTCCAGAAACAGGAGCATAGAGATTAGACACACTTTTAACCGATTCTACGCTGCCCATTTTTTGCCCCTTTTTAAATTTCTGACCGCGAGAGGGAAGTTCTATGAAGACCACGTCACCCAGCTCACTTTGGGCGTAATCGGTGATGCCACAGGTTACCACATCCCCTTCTCTTTTAACCCAGATATGGTCTTTGGTGTAAAGCAAACCTTCTGGAATGTTCATTTCTCATTCTCCTTTCTCGGAAAAGATGTAATGAAGGGAATATCTACTATCCTGCCTTTTATTTTACCACCCGGAGCTGAGATAATCAGCTCTTCCCCAGGGGAATAACTTTGTTGGTCCAGAAAGCCAAGCCCCAGGATTTTCCTAAACATAAAAGAAT
NZ_AP028803.1_gap24	1101205	1101981	776	CATGTAGAGCTTCAAAAATGGTAACCCGATAGCCCATCTTTGCGAGGTCTCCCGCACAAGTCAAGCCGGCAGGACCTGAACCGATAACAGCTACACGATGTCCATTCCAGGAAGGAACCGAGGGTGGTTGGATACCTTTTTCACGTTCATAATCAGCTACAAAACGCTCTAAATAACCGATGGCAATGGGTTGTCCTTTCTTGCCAAGAACACATTTTTCTTCGCACTGGGTTTCCTGAGGACATACTCTTCCGCAAATGGCTGGCAAGCTGTTTTTTTCCTTGATTTTGGCAATTGCGGCTTCAAAGCGTCCTTCGGCAACCAGTTTGAGAAAACCAGGAATGTCTATTTCCACAGGGCAACCCTGCACGCACTGTGGCTTCTTGCACTGTAGGCAACGTTTTGCTTCTTCAACCGCTGCCCATTCGGGTAATCCGAGAGGCACTTCTTCAAAGTCTTTTATGCGCTCCTTTGGAGGGCGCTGAGGCATTTTGGGACGACCAGAAAGTCTATTCTGCATAGTGTGCTTCCTCCTTTGCTCTGGTTGCCAGATACTTTTCTAAAGCGCGTTTTTCTTCTTCGAGGTAAATCCTTTGACGAGACAGAAGCTCGTCAAAATCAACAGCATGCCCATCAAAGATAGGTCCGTCGACACAGGTAAACTTGCACTGTCCATTTACACTAACTCGGCAGCAACCGCACATTCCGGTTCCATCAACCATTATGGGATTTAAACTGACCAGAGTAGGCACTCCATGTTTTTTGGTCAACAAACT
NZ_AP028803.1_gap25	1236684	1238833	2149	CGCACTCGAGTTCTCAGGTTAGTAAGACCAAAATGCTCTCCAGTCGCTTTTCTCACCTCACTTGGTGAAAAACCAACCCCATCGTCTTCGATGGAAATATGAAGTTTTCCATCTTCTCGCACCCCAACCATGACCTTTGCTTCACGAGCGTGAGCATGTCTCTGCACGTTAGAAAGCGCTTCCTGCACTATGGAAACAATGGTCTTGTAAACCCAGAAAGGCATCTTACCGTAACCCAGATGAAACTCCTTTTGCACCTTAACCTGTGGGGGGATAAACTTTTGTACCACTTCTTCAAGCCTGGACTCAAGCTCCCTATTGGAAACAAAGCTCCCTTTTAATTCAGAGAGAATGAACCGTGACTCTTCAATTCCTGCTGAAGTCAAAAGTTTTATTTTCTCTACCAGTAAACGCGTAGCAGCATCTTCCATCGGCAATTTTCCCTCCAGAAAATGAAAATAAATTTGCAAGGAAGCAAGAATCTGGGCTAAACCATCGTGCAATTCCCTGGCCAAGCGGTTTCTTTCTCTTTCTCGAGTAAACTTCTCAGTAGTCTTCAAAAAGTATAGATTATCGAGACAGGACACAGCAAGTGTCGCGACAATGGAAAGAATGAGTAAGTCCAGCAGGTCAAGCTTTTCATTGAGGAAAACCACCAGGACATACTTATCCGTATGAGCAGAAACCATGGGCAAAAGAAGTGATTCCCTACCATTGAACCTCACAAGCCCTGGAAACTTTTTGTCCAGCACTTCTTTTATCGGTTGGTGCAGACTATCGAGCTTACCCCAACTGAGTTCCGCTGGCCAGTTGGCCCTGAACACCCGGTAAGGGCGTCGAGCTGAGAGTTTAAAAACAGCCATCTCCGAAGCGCCAGTGAGCATCCTCACCGAGTTGCTCAACCCTTCAAACACTTCCTCAGCACTTTCAAAACATCTCACGCTGCCAAAAAGAGAGATGATTTCAGAAAGCGCAACGATACGGCTCTCTCGCTGATTGCGCAGGAAGTTTTCCCGCAAAAGCAGGGCAATACTCTCAGCCAGTGCTTCCAGGCGAGGAATATCCCGCTCACTGAAGCGCCGTGATACAGCGTTGAGATTTAAAACGCCCACCACCTCTCCATTCTCATAGGAAACTGGCAGGGAAATTGAGGAGTGCAGACGGCTCCTTCGACGACTCAAATTTTGAGGGTCTCTATCGTCTATGATTAGAGGCTGTCCGCTCTCAGAAACCAGTGCCGAAACACTTGCTTCTCTGGTATCAACTCGCTTTCCCAGGTGCTCTGGAAAAATATTTTTTCCAGCAGCAATATAGAGTTGTTCCGACTCATCTTTGAGAAGTAAAGAACCACTTTCTGAACCAGTCATCTCGATGGCCAGCTCCAAGATGCGATCCAGAATTTCTTTTTCTCGAGGAGAAAAAACCCATTTTTTGCTCTTAATAGAAAACCCCTCCCTTTAGGGGATTATTATAACACGGCTTTTTTTCCTAAAAAAGTGAAATCATTCTCCAATCCTGTGGTATAATTAAAATCGGACAAGGAAATAAAAGTTGTTGAACTTAAAGTGCTGCGCCTGCGGTGAGGAGCAACTCTGAAACCAAGGGTGAGAGAAATGAAGCCCGGTTTGCGCGCTCTCGCAGGCCGGGCAACTTTTTTAAAGGGGGATGCTCATGAAAAGCGAGGCAACTTTGCAAACCAGAAGACTCAACATTGAGGAGTGGATGCGAGAAGTAATCAAGGAAGACGAAATAGACCGCTACCTTGAAAAGGGTCAGGACTTCATAAACGATGAGCGTATTGAAGAATTGCTCAATGCCAATCGCAATCCTGAGCCGACAAAAGTAAGGGAAATACTTGCAAAATCCCTGAGCTTGGAGCGTTTGGAACCTGAAGAAACAGCTACTCTTTTGAACGTGGAAGATGAAGAACTGTGGGAAGAAATTTTTAGCACCGCAGCTTTGGTTAAGAAAAAAGTCTATGGAGACCGCATTGTAACCTTTGCGCCGCTTTACTGCAGCAACTATTGTGTGAACAACTGCCTTTACTGCGGTTTCAGAAAAGATAATGACCGTCAGAAAAGGCGTCGCCTGACCATTGAAGAAGTGAGAAAGGAAGCCGAGGTTTTGGTATCCTTGGGACATAAAAGGC
NZ_AP028803.1_gap26	1301577	1305986	4409	GAGTTCATCAAGTTTTTTCGCTATTTGAAGCTTATCGTAAACCGAAAAGTTAATTCCCTCACCCTGCGAACCGTCTCTCAGGGTAGTGTCATAAACTTCGATCCTCTGCACAAGGCACCACCTTCCAGAAGTAAATCTTTGAACTCCAGGAGATTCTCCACCACCAGATCAGGCTTGCATTCTGCATTTTTTAAGTCCTCCCTGGTGGTCACCCCTGTCAACACCAGAACCGAAAAAAGGCCAAACCTTTTGCCCAGAACAATATCGGTATCCAGGCGATCACCAATAAGCACCGTTTCTTCTTTCTTGAATCCAGTAGCACTGAGCACAAAGTCCATTATAAGTGGAGAGGGCTTTCCCACTATCAACGCTTTTTGCCCAGAGCAGGTCTCAATAGCAGCAACCATAGCACCACAACCTGGAAGAAGACCCTTATCAGTAGGATACGTAGGATCGGGATTGGTTCCTATCAGGCGAGCGCCTTTGGTTAAAAAACGCAGGGCAGAACTCATCTTTGAGAAACTGAATTTCCTATCCATTCCTACCACGACAAAGTCTACTTTTTCCTTAGCGTTACCAGCAACTACTTTCAAGCCACAGCGTTTTATTTCTTCACGAAGGCCTTCTTCTCCTATTACGTAGACTCTACTTTGAGGAAAATTTTGCCCCAGATACTTTGCAGTAACAAAAGCCGAACTGAAAACCTCTTTTGGGGAAGCATTGACGCCCATTTTCTGGAGTTTCTCAGCATACTTTTCTCTGGTCAAGAAAGTGTTGTTAGAAAGAAAAACTACATTATAGCCTTCCTCTTTAAGGAAATTAACAAAGCTAATGTTTTCAGTAAGTGGTCTATCAAGAAGATACAAAACACCATCAAGGTCAAAGATAAAATTCTTAAACTTATAAAGCGAATCCATAACCGCTAAATCCTCCAACTAAAATGAAATCCAGGTCAAAGTATTATAATACATTATTCCAGCTTTGTGGCAAAAAGAAGAGATAAATTCAGAAGTTAAAAGTAGGTATTAATGCTCCAAAAGCCACCTACCTGTGGCTTCATCAGTCACCAATGTGGTTATCCACTGTCCCCTCAGGGCACCAAGGATAGCCTCTTTTTTTTCTTTACCTCCAGCAATAGCTATAACCTTTCTGTTGCCCTCCTTTAATCGTTCAAGTCTTACCGAAATTCTTCTTGCATTGAAAGAGACATCGAGCAAACATCCCCTTATGTCGAAAAAATTACCACATATTCCTCCCACTGCTCCCTTCTCGGTGAGCTCCCTAATCTCTTCCTCTCTCAAGTCTCCTGTCTCTATGAGAAGACTGGTTTCGCTTCGTATTCCTCCTATACCCACCAGCGCAACATCTACCTCTTCTGCCATCCTGAGAGTTTCTCGCACTCCTACTTCTTTCAAAAAGGCCTCTCTTATTGCACTATTTCCTGCAAAAGCAGGAGCAAAAAGATAAACAGCTTCTCCACCCAGCTTATCGGCAAAATTTTTCAAAAGCTCGATGGCCAGAGTTTTCCACTTCACTCCCCCGTATGCTCCCATCATTTGAACCACTCTCACCCCTGGAAGCTCCAACCTTGGCAAATAACGGATGACCTCATAAAGAGTCCTTCCATAAGCTACTCCAACGCTAATATAAGGCACCAGTTTCCCTTTTATATAATCAGCTCCAGCTTGGGCAATCGCTTTAATAACATTTTCGGGAACTTCGCTATAAACTCTGGCCACCACCACATCTTCGAGAGAATACTTTTCCTTAATCTTCTGAGCCAGTGCCTGATCGGCCTCCGCCGGTCTCCTTATTTTTATCTCAACCAAGCCCAACTCCCGGGCTTTTTTGATCAAACGAAAAGCCTTTTGGCGAGATACCCCCAAAATTTTGGCTATTTCACCCTGGTTAAGGCCCGAAATATAATACAGCTCAGCAGCCTTAACCATTGCTTCCAGCTCATCAAACCGGGCTTTTCTTTTCAAATGACTCTTACCCCACTTGTTAAAAATATGATGAATAATCAGGTTAAAGAACCTTCTGGATGGCTTCCTGCAAATTATCTGCCTCCTCTTTTGACAAGGGCAAAAGAGGGCGACGAGGATAAAGACCCTCAAACCCAAACTTATCCATAGCAGCCTTAACACCGGCTACACCAAAACTTCCTGAAACCAGGCTATTTAACTTCATAATCTTACGATGCAGGCTAATCCCTGCTTCAAGATCCCTCTTAACAGCAAGCTCGTAAAGCTGACAACACAAATCCGGAAACACGTTGGCCAGCGATAAAACCCCTCCCACACCACCAAGCACTACAGCCGGGAAGAAAAAGCTGGCCGAACCAGCCAAAACCCAGAAATCCTTACCCTGGGTAGACAAAAGGTAAGAATCGTAATTCCCCTTGGAAGTGTCCTTTACTCCAAAAATGTTAGGATGTTCACTTACCTTAGTGATAACCTTCGTGGAAAGGCACAGACCATTGGCCACTGAAGGGTTGTTATAAAGGAGAACCGGCTTGTCGATCGCTTCTGCAACTTCGGTAAAATAGCCAACCAACATTTCATCTGTCATGCGCTTAGCAAAGAAAGAAGGAGGCATGAGACTTATAAAGTCAACATCCAGACTACATAACTCTTTGGCCAACTTTATACTTTCAAAAGTCGATTCACAGCTTGCCCCAGCAATCACTATTTTCCCCTTGCCTGAAGCCTCCTTTTTTACAAGTTCCACAATTTTTAGCTTCTCTTCAAAAGTTAGACTTCTAAACTCACCATTGGTACCCAGAACAAAATATCCCCTTAATGGAGTTTCATTAAGTTTGGTAATGTTTCTCTGCAAAGCATCAAAGACGATTTCTCCTTTCTCATCGAAAGGAGTTACTATAGGAGCAAAAACGCCCGAAAGCTTATTTTTGATTTCCAAAGACAATTCAATCACTCCCTTTCTTCTGAAAAAACAAATAAATGCCAACCTTTAACAGACAGTCAGGGTTTGAGTAATTTGTTTTCTTACCAAGGGTGGTCCCATAAGCAATCCAAATCCCTGGCATAGCATTGCAAAAGAATTGAATGGTCTCTCCAAGATTTTTACGAAATTCATTAAAGCTCGCTGCCACTATTCCCGCAGTACCCAGAGTAATTGCCAGAACTGAAGAGTTCACTGCACCCATACCTACCGCCTGCACTACTGCATCTCCTCCACCCCCAAAAACTGGGACACCAGGCTCAATTCCCAGTTCTTTGGACACAGATTCAGCAACTACTCCAGTTTTTTCGTGTGATTCCACTGAAAGAGGAAACAGCGAAAAAGGTAATCCCAAAAGCTCAATAAGCTCTGTAGCCCACTTTCTTTCTTTTACGTCAAAGAGACCAGTCCCTGAAGCATCGGTTACACCAGTGGCCAATTCTCCAGTTAGCATGAACCTTATAAAATCCTTCGGACACAAAAATTTATCAGCTCTTTCAAATATCTGAGGCTCGTTTTCTCTAACACACAAAAGTTTTTCCCCAGTATATCCGGGAAGCATTATATTGTTGGTTATCTCCATGAATTTTTCTTTCCCGCCAACCAGGCTGTGAATTTGGTCGCAAAAGGGAGCGCTCCTCTGGTCATTCCAGAGAATACAAGGTCGCAAAACTTTCCCTTGAGCATCCAGGAGCACCAGACCATGCATCTGACCAGTAAGGCCAATACCCTCTATGGAAAAACTCTGTTCTTTTACTTTTGCGGCAACTTCTCGAAAAGTACTCTTAACAGCATTCCACCAATCGAGGGGGTCTTGCTCTGACCAGCCTGGAAAAGGTGTATACACCGGATACTCAGCTGAACTGCTGGCAACTACCTCCCCATGCTCATCAATAGCCAGAGTTTTGCAACTTGAAGTCCCTATATCTATAGCCACAACACAGGGTTCTTTCGACAAATTCATCGCCCTCCATAACTTTCATTTTTCTGCGCAGAGAGCAGATTTATTTCTCTGCGCAGAAAAATGAAAGTCCTTTACTTATAGGTTACTTTAATATGCTTAACCTCAAGATACGACTCTATTCCACCCGGGCCAAGGTCAGTGCCAAAACCGCTTTCCTTCCAACCGGTGTAAGGAGCATAAATTGTGGCCACATCAACATTATTTAACCCAATATTTCCGCATTCAAGACCTAAACAAACCTTGCGAGCAATATTAATATTTGAGGTATACACATAAGCAGCAAGACCGTATCTTGTGGAATTAGCCCAATCAATTACTTCATCAACGCTATTAAAAGGCATTACTCCAACTGCTGGACCAAAAGTTTCTTCCCTCATAATTAGCATTTCATGTGTTGTATCAGCTAAGATAGTAGGTTCAAAGAAATAACCTTTCTTAAAAGCTTCTCCTTCGGGCTTTTTGCCTCCGTGAAGCAACCTGG
NZ_AP028803.1_gap27	1372805	1377065	4260	TTTCTTCGGGTGGAAGTGCCTTTTGTTCTGAGAGAAATATTTTGAGCTCCTCCTCGGTAACCAACCCTATTTTATCCTGACTTATCCCCAAAAACTTGGAAATAGAGTCAGTAAAAAAGGAAAGAACAACAATCACCGGGCGAAAAACCAGCGAGAGAGCTTCAATGGGCCGAGCAACTAAAAAGGAAATTCGTTCCGGATTAGCAAGTGCAATTCTTTTAGGAACTAACTCTCCTAAAACCAGAGTAATAAAAGAAATAATCACCGTAACCAGAACAAAAGCTATTTCCTTGCCAGCAGTTTCCAGAAGGGGCAAACCACTTTTTTCGAGTTTTTCTCCCAAATCCTGGGCCAGAGATATCGCTCCAGTAGCACTGGCAAAAAACCCAGCCAGCGTAACACCTACCTGGATGGTTGCCAGAAACTCGCTTGGTTTTTGCAACAAGCGTTCCACAGACCTGGTAGCACCCGCTTTTTTCTCCCCTAAGGTGCGTAACATGGTCTTGCGAACCGAAATAATGGCAATTTCGGAAGCCGCAAAAAAAGCATTGATGGCGATCAAAATGAGAATAAGAAAAATCATACCCAAATATTCCATTTTTTACTCCTCAGGCCTCCTCTAAAAATTAAGAACTAAACGCGTGCAAATAGAGCAAATCTTCCATACCTGGTACTTTTCTGGATAAAAATTTAAAAATCCTTGCAAAAGCCACCCTTACCAAACAAAGCACTGTTACCCCTTGCTCACAAATCCTGCTATTTCCACGTCATACATTATAACAGGCATCTCCGCAAGACAAGGACGCATTAATCGCCACCTAAAAATTGCAACGCCAGCAGAGCATATATCATACTGGCTGTAACAATTTGCGAGGTAGAAACAAACTCATTGGCAGAATGGGCCTCAACAATTCTACCGGGACCAAAGATAACGGTGGGAATACCTGCGTTAAACAGGAAAGACGCCTCGCAAGAAGCAGGAAAGGGAGCAAAAATGGGAATCTCTCCAGGAATTTGAGAAATAGACCGTGCAAGCACATCAACTGCCGGAAGATCCCGGGACACCTTAGCCGGAGGTAAATGAGGCACCGTTTGAGAAATCCGATACGAAAAAGGCGAATTAGAACGATTTTTGACCTCAACAACAATATCCTGAAGCAGTTTTTCCATACTTTCTAAAGAAAAATTAGGCAGTGTTCTAACGTCCACTTCAAAGCTACATTGTTCGGGCACCACGTTGGGCGAAACCCCACCTTCAACCAAACCTACCATAAGACTCGGGCAACCCAGGTCGGGGTCAGCATGTTTTTTAAGCAACTCATTCTTGCTCTCGATGTCTTTAATTACCGAAGCAGCAATGTAAATCGCATTAACACCCTCCTCAGCTAATCCAGCATGTGAAGCCTTACCCTCCACAGTAACTCGATAAGCAGCGACACCTCTGTGACCAAGACTTATGTTTAAACCAGTTGGTTCGCCAACCACCGCAAAATCCACAACTTCGTTGCTACTGAGATAACTCTCAAGCCATTTCTTCATGCCCAAATTGTCGCGTTCCTCATCCACCACAAAAAGTAATTTTAAGCTACCATAGAGCTGAGAAGCAAAAAGTGAAACTGTATAAGCAGCATACATCATAGCTGCAAGCGCACCTTTCATGTCGCATGCACCACGCCCATAGAGTTTGTCTCCAACAATCTGCCCTCCCAAAGGAGGATAAGTCCATCCACTACCAACAGGAACGGTGTCCATATGACCGTTGAAAAGCAACGTTGGTCCCTCTCCAAGTGTCCCTTTTACCTCGGCAATAACGTTAGCGCGGTTCTTTTCTACTTCCTGCCACTCCACAGTGATTTTTCGATCTATAAAATAATTGGCAATAAACCTGGAAATCTCTTCTTCACCAGTTTCACCAGAAACACTGGGGATGCGAACTAGCTGTTGAGCAAGTTCAATAGGCTCAAAAATATCAAACTCACTGTCCAGAACAGCTTTCCAATCCAAAGTTTACAAGACCTCCACTATTGGAGATAGCGACTACCTCTTTTTTGAAGCTCTACTTTTTGCTTGCACAAGGGACATTCCTCTGCCGAATAGGTCTTAACTTCCATCTGCAAAAGCGGAAAGAAGGGGTAATCAAAATAAACTTTTCCCCCACTCCGATCAACCAGAACACTAATAGCTACAATGTTTCCCTTTGCTGCTTCTACGGCCCTCACAACTTCTTGCAGAGACCCCCCAGTGGTAACTACATCCTCCACTATCAAAACTTTTTCCCCTTCACGAATTTGAAAATCCCGTCTGAAGCACATTTTTCCTTCTTCTCGCTCCGTAAACGCCATTCGCACGCCCAGCTGGCGAGCAACTTCATAAGCTAACACAATACCCCCTACTGCAGGGCCCACTACCAGTTCAATCGTTTCTCTATTACCAAGGCGTTGAATAATCTCCTGTGCCAGAACTTCAACATAACGGGGAAACTGCAAAAGACGAAATTTTTCTATATACACGGGGCTATGAAGTCCCGAAGTGAGCAGGAAATGTCCTTCCAAAAAAGCCCCCGCTTCCTTAAAAAGATTCAGTATTTCTCTTTCTTCCAACTTGTTCACCTCACCTTTCCAATGATAGCTTCTAATGAAGGAATTCCTTTCTGGTCCAAATATTCCTCTATGCCTCTAAGAATCCGCTGAGCAGCATCGGGGTAAATCAGGTTTACAGTTCCCAGTCCAATCGCTCTTGCACCAATTAGCAGAAATTCCAAAGCATCCTTCCAGCAAACAATACCTCCCATGCCAATTACTGGCAAACGAGTCACACTAACTATATCATATACCAGTTTCAAAGCCAGGGGTTTAATGGCTGGTCCAGAAAAGCCAGCTACCCTTCTCGAAAAAACAAAACGCTGTTCATCCACATTCACGGCCAGACCAGGGAAAGAATTGGTAGCACTCACAAAATCTATACCTTCCCTTTCGAGAATCTGAAGGGCTCTCTCCAGGTCAAAAATTTGAGGACCAAGTTTAGCAATTATCTTTCTTGTAAAAGAATGCCTGACTTTCCCCACCAGCTCTTCAAAAACTTTTTCCTGCAGAGCAAAACTTACACCCCCCTTCTCCACATTGGGACAGGAAAGATTGAGTTCGATAGCTGTAACTCGCTCTACCGCATCCAGATTTCTGGCTAAAAGCACATATTCTTTAACATTTTTACCCCAGATATTGACAAATAAAGGGGTTTCAATAGTCTCGAAAAACGGGAGATCCTCACGGAGGAAACTTTCAAGTCCTTTATTTTCAAGACCGATTGAATTGAGAACCCCTGCATATACTTCATGTATCCGAGGAGGGGGATTGCCCTGCCAGGGTTCCATACTCAACCCCTTCACAGTAATTGCTCCCACCATTTCCAGGTTAATAAATTTAGCGAGTTCCCTCCCATATCCGCAGGTTCCCGAAGCTAACACCACAGGGTTTTTTAAGCACAGGTCTCCCACGTGTACTGAAAGGTCTACCATGCCACTTCCCCCAGCGCTATAATCGGTCCTTCCTTGCAAACATGTAAATATCCTTCTCCATTCTTTTTCTTAACCACGCAACTCAAACACAACCCATAACCACATCCCATAAGCGCCTCAAAAGAAGCTTCGATCGGCAGACCTGCAAACTCAGCATCCACCGCTATTGAGCGTAGCAACTCATGAGGTCCACAAACATAAATTTTGGAAAAAGAGTTCTGCCTTAGTTGCATCCTGGCAACATCGAGCACTGTTCCACAAAAAACCTTTTCATCTTTTTCTTCGCAAGCCACAGCAACGTTCCAGTTCTTCCCTTCCAAAAGTTGCAATAACTCCAATTCCTCTTTCACCTTAAAACCAACACAGAAAACAAAGGGTAAACTCCTCTTAAAAAGAGCATGAGCCAGAAAATAGATCGGGACCAACCCTCGTCCTCCAGCAACCAGGAGAAAGGGTCCGTTATCACTCCAGGAAAAAGAATTCCCCAGAGGACCGATTACATCCAACCAATTTCCACAGTCCAGATCCCTTAAAATACCAGTACCTCTCCCTACCACCTTAAAAAGCAGGGCAAAATGTTCATCCTCCGCCCATAGTATGCCCAAAGGCCTGCGCAATAGCGGATCCCAACCTTCGCCTGCTTTTACCATAACGAACTGCCCCGGCGAAGCCAGCGAAGCAATGACAGGTTCTCGCAAAACGAAATAAACATAATCCTCACCCAACTCTCTTTTCTCCACAATCCT
NZ_AP028803.1_gap28	1454248	1458049	3801	ATGTCCAAGGGAGTACCAAAAAAGGCGTTGAAACGCCTTTTGGGTATTACGTAATCATCTTTTTGGGGTTGAAGCTCCTCCAAAACTCGGTTGCCCCATTCGCCCTCGATACAATGAGGTGGGAACATTGCAAACTCGGGATCGTCTTTGCGATGCGTATCGCATATGAAGAACAATGGGTTACCTTCGCTCCTCCTCCGCTCAACCAGCTTTTTGCAAAAGTCGATAACTCCCCTAACCTGCTCTCCTACGTAAAGCACACCCTGGGGATGCACAAAATCATTAAGCATATCAATCACCAGCAAAGCTCTCATTAAGGAAACACCCCCTTAGCTGCTCGTTGACTTTTGTCTTTCAACTTAATACAATCGAAATACCATGTACCGAGTCTTGTATTTTCTATATTTTACACTGATATTTTTAGCGTATTTGGTTCCTTATCTTTTTCTTTCCCGCGTTCACCACATATATGGTGCCTTCGTCTTCTGGATAATTTTCGCTATTTTCTGCATAATACTGCTTAAAAGCATAACCGACCGATGGACGGATGAAAACTGAACTCCTGATTCTGGTTCTGGGTATTTACATATTTTGGGGCACACTGATTGCTATCCTCTCCTCTCGAGGAAAAAGCAGAAGCCTCTTTGACTACTTTCTCGGTAGTCGCAAGATTTCTCCACTGGTTAATACCCTTTCTTACAGTGCCACTACCTACAGTGCCTTTATGATGCTGGGTCTCGCCGGGTTAACTTATCGCGCCGGGGTAGGAGCTCTGGGTTTTGAGTTAATCTACCTCTCAGGATTGATACTTGCTGTAATATTCGGACCAAAGTTTTTAAAGTTCAGCAAAGAAAGTGGATGCATAACTCCTGCGGAGTTGCTTTCTTTAAAATATAATCATCCGCTGGCGGGAATCATTTTTGCCTTCACTTCAATGATATTTCTCATACCCTACGCGGCCTCGCAATTAATGGGTATTGGGTATTTACTGGAAATGCTCTCCGGAGGCGAAATAAGCTTTGCAGCTGGACTCGTCATTGCAACCTTACTTGCCTTTCTCTGGACAGAAATTGCTGGCCTTCGTTCAGTAGCCACCACAGATTCCCTTCAAGCTATGATAATGCTTTCAAGCTCGGTAATACTGGTTTTAATCGTTGTGTACAAATATCTTGGGGGCTTTGGGGCAATGATGAACAAACTGGTTATTGATTATCCCCAATGGCTATCAGTGCCAGGAAACGGCTTTTTTTCCTTTCAAACCTTTCTGGGGCTTTCTCTACCCTGGTTTTTCTTTTCCATATCCAATCCCCAGGTATCACAAAGACTCTTTGTCCCTCAAGGACTGAAACAACTTCGTCAAATGATTCTTGGCTTTTCAATATACGGTTTCATCTATACGCTAATCACTATTTTGATAGGCTTTTCAGCCCGCTGCCTTTTCCCACAGCTTGAAAATCCAGATCTGGCCACACCAGCTATATTGTCCCGTCTTAACATCTCACCCTGGATAAGCCTTCTGGTAACCGTGGGTATATTTTCTGCAGCAATCTCAACTATTGATTCAATTTTCCTGACTCTCTCCTCAATGTTCGTCAGGGATATTTTGAAAAGGCATAACCTGCCCGAAAAAGGCCAGCTCATAATAACCAGAAGTTTTATACCCATTTTATGCCTTTTTACTTTTCTATTTGCGATACAAAGAATTAACCTTATAGCACTGCTTTCAGTAGCCTCTTCGGCAGGGTTGATTGCCTCGGTACCTGCAACCATAGGAGCCTTTTACGGAAAGAGGAAAAGATGGCAGGCTGCTTTCTTCAGTATACTTTCTGGAGCCAGTACTTCTTCTATTCTGCAAATAACCGGCCTGAGACCTCTTGGAATGTGGCCTGGGGTATGGACGTTGATAGTCTCAGCAATCGTTTTTTGGGCTTTGAATACCAAAGAAGGTTATGCATGAGGAGCATCCTTGTCTTCAATCAAGGGAACAAAAACGCAACCCCCAAAATACTCGAGCTGCAGAGTTCCATCTTTTCCTTTAGAAGCCCTGACCAGCTCCTGAGAAGCGTAGCTCTTTCCCAGGGGTAAAACTATATATCCTCCTTCACGCAGTTCTTCAACCCAAGCGGGATATATTTTGTCCGAACAGGCACTGATGATTATCTTATCATAAGGAGCAAGTTCTGGAACACCTTTGCTCCCATCCCCAATCACAAAATGAACATTCTCATACCCAAGTCTACGAAGAACTCGTAGAGCTCGTTGAGTAAGAGCAGGTATCCTCTCCACACTAACTACCAAAGCGGCAAGTTCAGCAAGAATCGCGGTTTGATATCCAGAACCCGTGCCAATTTCCAGCACTTTATCGGACGGAGAAATCTCCAGCAATTCTACCATCAACGCCACGATATAGGGTTGAGAAATGGTTTGCCCCTCTCCAATAGGCAAGGGAGAATCCTGATACGCTACAGATATATATTCTTCAGGAACAAAAAGATGACGAGGAACTTTCTTAAATGCTTCCAGCACGCGCTCATTCTTTATACCTCGCGCTACAAGCTGCTCGACCACCATTCGTTCACGTTGCTCAAGAGTCAAAGGAGTATCCCACACGTTCATTAATAACGAACCCTGAAATCCCAGTAAGCCCCGGTGGGGGGTAGCCACTCTTCCCGGGCTTCCCTCACGTAAGCACTGGCTGGTCCTTTTTTCACCTCTTCAAAAAATCTTTTTACTTCCGGCTCTGCTCCTTCAGCAACGACCTCGACGCTTCCATCGGGGAGATTACGCACAAAACCCACCACGTCAAAATCACCAGCTTTTCTCAAAACAAAATACCGATAACCAACGCCCTGAACTCGTCCTTTCAGTACCAGCCGCCCTTGAACCGTCTTTGCTTTATTCATCTCCAACCACACCAACCCTGCTGGCAAGTTCCTCGCAGAGCCTATAGTCTGTCAAATAAGGACGTAAGGGAGTAACCGAAACCCAAGAATGATAAACAGCGAAAAAGTCCGTATTTCGTTGCAAAGTGCGCTCCTTTTTATCTTCCTCGAAAACAAACTCTTTCCATCCTGGCTCAGAAGCGCTTCTTTCCTTGACCACTGTAAAGTAGAAACGATCTCCCAACTCTGTAACAGCAACACCTCTGACCGAAGATAAATCAGGAAGGTCAGGAACATTAACGTTGAGTACCAAATCTCTCTCGCGCTCCAGTATCTCTGAAAAATCTTCCCAAATCTTTACCGCAAAATGTGCAGCCAGCTCATAATTGTTCCAGGAAGAAATTGCAAGTGAAACAGCCAGAGAAGGGATACCTGAAATAGCACCTTCCAGAGCTGCTGCAACCGTACCCGAGTAAAAAACATCAAAACCAAGATTGGGTCCCCGATTAATACCCGAAACCAAGAAATCAACACCATCGTTACAAAAAACGTTTAAACCAAGTATAACTGCATCAACAGGCGTGCCATCGATGGCAAACCCTCTAACACCAGCAATTTCAACTTCTTTGGCGCGGAGAGGTTTATGAGCGGTTATGCTATGACTGGAACAGGAACGTTCGCTAAGTGGTGCCACTACTATGACCTCTGCAATTCTGGAAAAAGCCCGAATCAACGCTTCTATACCTTCGCTCTGGTATCCATCGTCATTAGTGATTAAAATCCGTCGCCTGGACATCAGCTATCCCCCTAATCTACTTGCTATTTCCCTGGCCACCACCACTCCAGAAGCAGAAGCCTGAACCAGTCCTCTGGTTATACCAGCACCATCACCAACCAGAAAGAGGTTTTCAATATCACT
NZ_AP028803.1_gap29	1461149	1465647	4498	AGTGGTCACCACTTTTGTGCCCTTTGAAACCCCCAGAGCCTTCAAGGCAACAAACAAAGCAGCCGTACCATTCACAGTAGCCACAGCATGAGATACTCCCAGATATTCTGCAAACTCGCTTTCGAAAGCCGCAACTTCTTCTCCTTGAGCCAGATGCCCGGAAGCAAGAACTTTTTGGACAGCTTCCTGCTCTTCTTTTCCTATATCTGGTTTACAAATTGGTATTCTCATCATCAAACCTTCCTCAACACCAAAATTATTTAACCCGTTCTTTAAATTTTAGTTCCCTAATACAATAGTCAACCCCGCCCTTTTTGTCTACCAGCAAAATTTGAAATGTACTGTTGGTAATTTCGATAGGCCTCGAGGGTTTCTTCAATGGCATCACCACCGAATTTTCGGTAGTAGTTTTGAGCCAAAACAAAGGCTAATACGGACTCTGCAACGACCAGCGCCCTTGGAACAGCACAAACATCTGAACGTTCAAAACGAGCTGGAACTTCTTCGAGCGTTGACAAATCGACACTTGGCAATCCCTTTCTCAGAGTTGGTATCGGCTTCATGGCACAGCGTGCCCATAAGAAATCTCCCCAAGTTACTCCACCTTCCAGCCCGCCCGAATAACAACTCCTGCGCACAAAAGGAAATCCCTCTCGAAGGGAATCATAAAATATAGCGTCATGAACTTCACTACCTCTTTTTTGTGCAGAAAGAAAGCCTTCTCCGATTTCTACTCCCTTGATGCCAGGAATACTCATTAAGGCACCAGCAATCTGGGAATCTAACCTGAGTTCAGCCTCTGTATAACTACCCAAGCCTGGAACAAGCCCGCTGGCACCAACCACAAAAGTGCCCCCCAGCGTATCTCCCTCTTCTTTTGCTTTTTCAATTAAACTAATCATTTTCTCTTCTTGCTTCTTATCAAAAGTACGAAGCAAAGAATGAGAAGCCCGCGCAACTTTTTCCAAAAATGTCAAATCGCCTTCTGCACGCACACCACCTATTGATTCCACAAACCCCCCTACTGAAACTCCAAAATATCTGAGAAAAATTTTAGCAAAAGCGCCGGCAACAACTCTACCTACAGTCTCTCGAGCACTGGCTCGTTCAATGACGTTACGAATATCCTTAAATCGATACTTAATCAAACCAGCCAGGTCGGCATGACCCGGCCTGGGTATGGTTACTGGATTATAATCTGGAGGGGGCGATCCTTCGGGAGTCATGACGTCAAGCCAATTCTGGTAATCTTTGTTTTCAACCAGAATCGCAATTGGACTGCCTATAGTCTTGCAAAAACGAATCCCGCTCAAAATCTCCACACGATCTTTCTCCATATCCATGCGAGGGCCAGAACCAAAACCTCTTTGCCTGCGCGCCAGCTCTTCATTTATAAAATTCAGATCTACCTCCATATTGGAGGGAAAGCCACGAATTACTACCACTATACCTTTGCCATGGGACTCTCCTGCAGTGACATACTGAAGCATTTCAAAGCTCCTTCCGTCCATCTTCCAAGGTTTTCAAAAATTTTAGAAGTCTCTGAGTATCTTCACTTTCAAGGATTTCACGTAACTCCATAAGACACTCTTCAAATTTCCAGATTCTTTCAAGTATTTCCTCACGATTCGTCCAAAAGATATCTGCCCACACTTCTGGATTGGAACCCGCAACCCGAATAAAATCTCTAAAATAAGGTCCTGCAAAAGGATACACTTTCTTTTTCTCTCTAAGGATACTCCAGAGGTATGCGTTTGCGATAAAATGTGGCAGATGGCTCACCAAGCAACACACTGTATCATGTTCCTCAGGAGTTAAAAAAAAACCTTGCCACCCAGAAAGTTCACTATTTCGTCAATCAGAACAACTTTCTCCCCCAGTGGGGAAAAGGGGGTTATTAGAACCGGTGCTCCCTTAAAAAGACCGGCTCTGGCCTCATCAAATCCTCCCTTTTCGCTACCCGCCATAGGATGGAAGCCGGCATAAAGGTAATTTTCCAGAAAAGGTTTTATCTGCTTATAGATCCAGCCTCGAGTACTTCCCATGTCTAAAACCAGCGTTTCTCTGGAGAGGACCTCTCGTATTTCAAAAAAAATGCCTGGCACGCTCCGCACAGGAGTTGCTATAAAAACCAGGTCCACATCTTCAGCCGCTTCAGCAGCCGACGAAGCCTGGTAGTGAATAAGCCCTTTTCGTTTCGCTTTCTCAAGGACGGAATAGTTAATATCAAAACCCTTCACAAAACTGCAGCGGGGCCATTTCAGGAAATCCCAGGCCAGAGAAGCCCCCATTAAACCCAAGCCAACAATCCCCACTGAAACAGCCATTTCAAAGCTCCTTCCCCAGGACGGGTAGGATTCTGCGCAGGTGGTCCACAAGCTCAGCAAACATTTCAGGAGTGATGGATTGTGGGCCGTCAGAGAGTGCCTCTATGGGATTGGGGTGAACTTCCACCAGCAAGCCATCAGCCCCAGCAACGATAGCAGCAAGACTCATTGGTATCACCAGGTCGCTCCTGCCTGTTCCATGACTGGGATCAACAACCACCGGAAGATGACTCTGCTTCTTAATGATAGGTACACTGCTTAAATCAAGAGTATTGCGGGTAGACGGCTCAAAAGTCCTTATGCCTCGTTCACACAGAATCACCTGATAATTACCCTGAGCCAAAATATATTCCGCAGACATGAGAAGTTCCTCAATGGTGCTCATCATTCCTCTTTTAAGAAGCACTGGTTTCCTAAGCTTACCTACAGCCTCGAGCAGCCTGAAATTTTGCATGTTGCGAGCACCGATTTGAATAATATCTGCGTACTCCGCCACCAATTCGAGTTCTTCTATACCCAGAGCCTCGGTAACAACAGGAAGACCCGTTTCTTCGCGCGCCTTGGCCAAAAGTTTCAAGCCTTCTTTCCCTAATCCCTGAAAGCTATAAGGAGAAGTACGCGGCTTGAAAGCTCCTCCTCGCAGGATATGTCCACCTGCCTCTTTGACTTTTTGGGCAGTATACATAATCTGTTCCTCGGATTCTACAGCACAGGGACCAGCCATAATGGCTATTTTACCGCCACCGATTCTTACGCCCCCAACCTCTATAACCGTGTCTTGACCTCTGAATTCTCTACTGGAAAGCTTATAGGGCGTAAGAATAGGAACAACTTTTTCTACAAAAGGCAAAACTCCAATTTTTTCCTCAATGTTTGCCTTGCGCTCATCACCTATAGCGCCAATAATGGTACGTTCAACTCCCCGAGATATGTGCACCCCAAAACCCATTATCCTGAGTCGGCGTGCTACTTCTTCAATCTCCTGTTCGCTTGCGCCACTACGCAAAACAATAATCATGGTCTCCCTAAACCCCTTTCTAACCCATGAATCCTGTATAGATTGCCACAGGCAGCTTCTATGTCCTGCCCACGAGAAAGCCTTATCGAAACTTCCATGCCATTCTCTTTTAAAATATTATAAAACTTTTTAACTCTGGCGGGTGATGGCGGTAAAAAAGGCAATCCATCTACCCGATTGCCAGGAATGAGGTTCACAAAAACGTTGAGCCCTCTCAAAAGTTTGACCAGTTCATAAGCATCTTTAATACGGTCGTTTACGCCCTCCCAAAGAGTATATTCGATAGTCACCCGATGACGTACGCGTGTGATGTAAATCTTAAGAGCATCCAGTAGAGATCTCAAGGAGTAAACTCGATTCAATGGTACCAGATAGTCTCGAACCTCTGGAAAAGGGGACTGCAAAGAAACTGCCAAACGCAATTCGGGCCAATCTTCGGCAAGCTTCAAAATAGCAGGAGGAACTCCTACTGTAGAAATAGTGATACGTCTCGCTCCTATGCCCATCCCCCAGGGAGCGTTCAAAGTGAGCAAAGCCTGACAAAGGTTGTCATAGTTCAGCAGTGGTTCACCCATGCCCATGAAAACCAAGTTATCAACTCTTCTATCAAGTTGTTTCGCAACTAACCAAACCTGCCCTACAATCTCCGAAGGCTCCAGATTTCTTTTAAAGCCTACCTGTCCCGTCGCACAAAAGGGACAGCCTACTGGACATCCTACTTGAGAAGATACGCAAACCGTTAATCTATCCCGGTGAGGAATGGCAACAGTTTCAACGCTCATACCGTCAGTTAAAGCTATCAAAAATTTACGGCTTCCATCGCTCGAACTAACGGTTTCTACAACGTGCAGAGAATTCACAACAAATTCCTGGGCCAACTTCTTACGCAAATCTTGGGGAAGATTGGTCATTGTTTCGAAAGAATCAGCTCTCTTCTGATAAACCCACTCAAATATCTGTTGGGCTCTGTAGGTAGGTTCCCCCCAATCTTCAAGAAGAGCAGCGAGGTCTTTGAGTGTAAAATTCATGATGGCGGTTCTTTTGGCTTCCATTCTCGCCTCCGTAAAAGAATGAGTCCGGGAAATCGCAAACATAAAACTTTATAAATAAAACAAGCAATCAAAAACCCAGAAAGACACTGCAATATATCAAC
NZ_AP028803.1_gap30	1471063	1474813	3750	GCACAGCTGAAGAGAAGCACTCAAGAATTCGCCGCGTCTTCTCAGGCTCGGGAGCATAAGGAGGACAGGTAAGACACTGGGCATACCCATCACAACCATACTGACATTTCAATCTAACCCACTCTCCCACAACCACTTCTTTGGGGTCTATTAGTCGATATTTTTTGACCTTATCACCGAGAAATTCTCTCAAAATGAAGTCCAGAGACTTATGCATATCCAAAGCCTCCTTCAAAGAGCAGCTTTGCTATCTCTATTTAAGATCAAGTATACAAGGCAAATGATCGGAAGCCTCAAGCACATAGGAGAATTCCTCAGGATAAATATGGTCAACTCTTTTAAACCTGGAATACGTTTTCTGGCTAAGCAAAAAATAATCCAGAAGAGCTGGAGGATAATCTGTGCTCTTTTCACTCCAGAGCTTACCACTGGTGTCCCTATCCGGATGCAAAAGAGTAACATTGTACAGCCTGGTCTTAGTTCCGTTCACTTCAAAATCACGCTGAAGCAACTCTATAAGGTCTGGGACACCAGCTGCTTTTTCCTGTTTGCTTAAACCAGGAACATCGTTAAAATCACCAAAAATCACCAATTCAGCATCGGGATTTTGGGAAAGTTCCTCTCGAACAAGCTCAAGAAGTCTTCTTCCCTGCGCGTCCCTTTTCCGAGCAGAATCGCCGGCATTATCCTCAACTTGAGACTTAAAATGAACCAGGAAAAAGGTAATTTCGTCATCTCCCCGCGATATTCTGGCTTTTAGAACACCCCTACTGCTGAAAGTACGAGGCTCCAAAAGCTCCATGGACTCCACTTTCCAATCTTTCCTGACCAGAAAACCCAGGGGTATACCTGCAGTTCTTGAATCCGTAGCTCGAAAACTGAAACACCGGTAACGATTTCCCAGGAATCTTTCGTTTAAAAAAATAAGTTCAGCAAGTCCTGCACTTTCTAAAATACCCACCACATCTGGATTAAATCTGTTTATCACAAAGGACGCATCGGCAATTCTTGCTAAATCTTTAAAAGAAAGGGAAGCGCCTTCTTCAAAATATATTTCCGGTTCACCATCAAAGGACAACCAGAAATTCTTAAGATTGTAGTTCATTATACGAACATCAGCAAAGAGCGAAGGGACAGAACCCACAATAAACAAAAGTAAAAATATGCAAATAAACGAATGAATTATAATCTTCCCACTCATCACACCGCAATAAAATAACAAACCTTTTATCAGAATTTTAAAGCAGTTCGCAAATATTTTCTACTTAAGACAAAAAGCACCCTTAGGGGTAAAGCATCAAGTGGAAAGCTTCTTTCTCAAACTCCAGATTTTCAGCGTATTCAGAACCGAAAGAAGAGCCACTCCCACATCAGCAAAAACGGCTTCCCAGATGCTTGTACCACCAGCGATACCTAATACCATAAAAATAGCTTTGATTCCCAAAACAAGCACAATATTCTCAAGCGTTACCCGCCTTACCAATTTCGCAATCTTTATGGCCTCATACACTCGCCAGGGGTTACCATCAACAATCACTACGTCCGCTGTTTCTATGGCTGCATGACTGCTTGAAGTACCAATCGCTATACCCACATCAGCCTGTGCTATTGCCGGAGCATCGTTTATGCCATCTCCAATAAAAGCCGTCAAACCCTTTGCCATCACTTCCTCACGCAAAATCCTAAACTTATCTTCAGGCAACAAACCAGCATAAAAGTGCTTAATGCCCAACTCGCCGGCAATTTTTGCAGCTTCTTCCGCAGAGTCTCCAGTCAAAAGATAGATTTGAATACCCATTTTATTAAGCTCCTTAACAGTGTCTATAGCCTGGTGCTTCAACGCATCGCCTAACTCGATGTAGCCTGCGTATTTCTCATCAACCGCTACATGTACTACTCCAGGAAGTTTACAAACCTCATTGCGGTGCCTTATACCCATTTTATGCAGTAAATCATCATTCCCTACATGTACTGCTCGCTTCCCAACTACCCCCCGAATACCCATTCCTGGTATTTCCTGAACCTGGACGACCGAATATTTAGCTTCAGGCTTATACGCTTCTACAATTGAACGTGCAATGGGATGATTTGAAAAAGACTCTAGATGGGTCACATACTCAAGCAATTCCTCTCTATCAAAAGGGGGCTCCTCTTTAATCTCTCTTACCCTAAAAGATCCCTCGGTGAGCGTTCCCGTTTTATCAAAAACTACGTTTTTTATTCCAGCCAGAGCATCCAAGCTCTGAGAACCCTTAAAAAGCAACCCTCTTTTGGCGGCAAAACCAATACCAATAAAATAACTGAGCGGAATACTTAAAACTAACGCACAGGGACAGGAAATAACTAAAAGTATCAGTGCCTTATAAAACCAGAGGGAAAAACTCCCCCACCCAGCAAGCGGCGGAAATACAGCCAGAAAAACTGCCAGCAACACCACAGAAGGAGTATAGATTCTGGCAAAAGCAGTAATGAAACGTTCAACTCTTGCTTTGCGCTCTGAAGCCCTTTCAACAAGTTCCATAATGCGCGAGATTGAGGTATCTTTATACTTTTCTGTAGCCTGTATTTTCAGCACTCCTTCTCTGTTCAGGAAACCAGCCAGCACTTTTACACCCGGACGCACCATAACCGGTTTTGGCTCTCCGGTGAGCGGAGAAGCATCAACTAAAGATTCCCCCTCAAGAACAATTCCATCCACAGGAATTGCTTCACCCGCTCTAACCAAGAGGAGGTCACCAACCTCCACCTCCTGAGGGGGAACCACTCGCAAAATTCCATCTTTCAAAACGTTGGCAAATCTGGGTTGAGCTTCCAGAAGAGACCTCACCGTGCTGCGAGCACGGTCTACTGAAAGATCCTGAAGGTATTCACCAATCGAGTAAAACAGCATAACGCCCACGGCTTCCGTCAAAGCCCCTATATAAAGAGCCCCCAGAGTAGCTATACTCATCAGAAAGTTTTCGTCAAACCATTGCCTCCTCCATAACCCCCTAACTGCCTTGTAAAGCACTGGATATCCCGCAATAAAATAAGCACCCAAAAGAAACAACTTTCCTAAAAGAAATGGATTTCCCCTCCAGAGCAAACCAGACAACAAAAAAATTCCCGAGATAAACAAGCGTAAAAAATCTCGTTTGTCAGAAAAGAAAAACACCCAAAAACTCCTTCCCTCGCTTTTTGGAGTGCAACATTTTTCACCCATTTCCAGTCTTCTCCTCTTTAAAATGAAGAATGGCAAGCTCGAGAATAGAATACACATGCTGGTCATCAAGGGCATAAAAAACCTTGCGCCCCTTTCTACGAAATCTTACCAAACGCATACTACGCAAAAGCCTCAACTGATGTGATACCGCCGACGGAGTGGCACCTATTATTTTTGCAATATCAAAATTACACAGCTCTCTTTCCATAAGGGCGAGAACTATCTTTAAACGAGTTGGGTCTGAAAAAGCCGCGTAAAACGCAGCCAGATCCTGGAGCTTTCTTTCGTCCGGCAGTCGAGATCTAATTTCTTCGATTTCCCCCTCAGTGGAAACTTTTTCCGTTGAACAATCATTGCTTTTCATTAATAATCACTCCAACAATTGAACAATAGTTCAACAATAATTATACTGCTCTCCTCTCTCTAAAATCAAGAGGAAAATCGCTTTCAATTAATATAATATCCGCACCCGGTGACCATTCACCAATAGGCAATGATGATACGCATCAAGGGAGCGATAATTATACTCAGCAAAGTGGAATATGCCA
NZ_AP028803.1_gap31	1563598	1565488	1890	GGTAGCCACACTCTGGCAACTCGACGAGCTGGAAAAAGAAATCATTAACCTCCAGGAAACGCTGCAGCAAAAAGAGAAAGAGTTTGCTTCTGTGCTAAAGGTAGGAAGGACCGAGCTTCAGGACGCCGTTCCTATAACTTTGGGAATGGAATTTGGTGCCTTTGCTGAAGCCATCGCCCGCGACCGTTGGAGACTCTGGAAAAGCAGGGAACGAATAAAAGAAGTTAACCTTGGCGGAACTGCAGTAGGAACAGGGTTAAATGCTCACCCTGAATACATTGCCAGGGCAATCGTCCACTTGAACGAGATAAGTGGTTTGCCGCTGGCCAAAGCCATGAATCTTTTCGAAAATACTCAGAATCTGGATGTTTTCTCTGAAGTATCGGGTCTTTTGCGTTCATTAGCCGTGAACCTGCGCAAAATAGCCAACGACCTGCGTCTACTCTCCATGGGACCACGAGCTGGTATTAGCGAAATCAGCCTGCCTGCCCTGCAAGAGGGTTCCTCGATAATGCCTGGGAAAGTCAATCCCGTCATGTGCGAATACATAGAAGGTATCGCTATCGACGTAATGGGTAAAGACCAGGCTATAGCTTTTTCCTGCTCCAGTGGACAGTTGGAATTGAATCATCTCGGACCTTTTATTGCCGCTCACATACTGGAAATGATAGAAGAACTCAAATTAGGCATTAACGCTTTCACAGAAAAATGCTTGCGGGGAATAAGGGCCAACCAGGAACGCTGCAACGAATTACTGGAAAAAAGCTTCGCTCTGGCAACCTGTATAGTTCCCTATCTGGGCCATGAACGTACTTCAGAATTAGTCCAGAAGTGCCTCCGGGAAGGCAAAAACTTTAGGGATTTTCTCATCGAGCAAAAAATCTTTTCTGAGGAAGAATTAAAAAACATCTTGAACCCCCTGGAAATCTCGAGACCCGGTATTCCAGGTTTTGGAAAAGTAGAGGTGAAAAGGTTGTGAAACAAACAACGCCCCGTGGCCTGAGGCCCCACATAGGCATTTTTGGCAGAAGAAACGCTGGTAAGTCCTCTCTGATTAACGCTCTTACGCATCAGGAAGTAGCCATCGTATCAGAAATTCCCGGTACCACTACCGACCCGGTATTTAAGGCTGTTGAATTGCTTCCCTTTGGACCCGTGACGCTTATCGACACAGCAGGCCTGGATGACGAAGGTTTTCTGGGAGAATTGCGCAAGAAAAAAACCTTGGAAATACTCAGGCGCTGTGACCTGGCGCTTGTGGTGTGGGACCACAACTCAGACTTGACCTTTGAAAAGCAACTAATCGAGCTTTTGCGAGAAAACGGTATAACCACCATTGGAGTACAGAATAAAATTGACTTGGTCGCAACCACCAACACCCTGGCTGACCACCAGATACCCACTTTCAGGGTAAGCGCCAGAACTGGAGAAGGTATAGAAGAGCTGAAGAAAGCCCTTATATCAATACTACAACGCTCCTACCAGGAAAAACCGCTAATTAAAGACCTCGTCACCATTGGGGACACCGTAGTGCTGGTGGTCCCCATAGACCTCGGCGCACCTAAGGGCAGGTTAATCCTTCCCCAGGTACAAACCATTCGAGAACTGCTCGATGCAGAAGCAGTAGTGGTAATTACTAAAGAAAGAGAATTGGTTGAAACTTTGCAGGGACTGAAAAATCCACCGCGAATGGTGATTACCGATTCTCAGGTGTTTCATAAAGTAGCAGGAGCAGTGCCTCCTGGAATACCTCTTACCAGTTTTTCAATCCTCTTTGCTCGCTACAAAGGAGACCTCCTGACCTTCGTGGAAGGCGTAGAAGCTATTGAAAAGCTCAAACCTGGAGACAAAGTCTTAATTTCGGAAGCTTGTACCCACCATCCCATGCCT
NZ_AP028803.1_gap32	1623135	1623996	861	TCTTTGACTTCAACCCCAAACTCGGTGCTGACGATTTTGGGCATGTTGGTCAAAGCAGAAACGTTTCTCACAAAAGGAAGCTTCTCTATCTCCTCTACCAGTTTGTTAAGACCCTGGAGATGTTCCACAGTGAACAGGTCGTCAAATTCAATGCCTACAATCAGAGACTTGGTCTGAAAGCCTGAGAATTTGTCCTTAAGAGAATCATAGAAGGAAACTTCGGGGTCACTCTCAGGGAGGTACTTGGTCACGTCATCCTCAAAACGAAGATCCCGAAGCAAATAACCAAACACGAAAGTAACCACCAAAGTGGCAATGAAAATAGGCCAGGCATATTTTACAACCCACTGAGCCAGTTTCTGCATGTTTTCTCCTCCTCCAGCGCTCACTTATCGACTGACCGTTCGGTAGAAACTGAATCTCATTATACAGTCCCTTTATTCGCTGTCAAGAGATTGCTCATCAAAAAACCACGACTCACTTTTTAGTTTTTCTTTAGTAGTTTCCAGCGATTGTTATAGCTACCCAAGATACGAAGAAATGTGGTTTTCTTTTTGAGCTCTTCCAGGGCTTCTCCAAACTTTGTATCAATCAAGTTTCCTTCCCAATCTACGTAAAAAAGATACTCCCAGGGTTCACCTGGTATGGGCCGGGATTCCAGCTTAATCAGGTTTATCGAGCGGGCGTAAAATACCTCCAGCACCTCAAACAGCGCCCCTGAACGATTGGGAATTCGAAAAACACAGGAAACCTTATCATGTTCCTTGCGGGGCTCAAAATACCTCGAAAGGATGAGAAAACGAGTAAAATTGCAGGGTGTATCCTCAACGTCTTCCTCAAGGAGCTCCAGGCCATGCTTAC
NZ_AP028803.1_gap33	1632637	1636554	3917	TCTTTGAGGGCAAAGAATGCCATTTTACTTCTCCTCGTGAGGCCCGCGCCCTGGGCATAGAAACCATTTATCAGGAAGCAGCAATGGTGCCTAAAATGAGCGTAATGAGAAACATATTTATGGGGAGAGAACCGATAAAATATAAACTGGGCACGGTAAGGTTACTGGACATTCCTTTTATGGAACGAGAGTCCATGCGAGCTTTAGAGGGTGTAGACCTCCGATTGCGCTCACCCCATGCCCTGGTTGAAGAACTCTCGGGAGGCCAACGACAAGGTGTCGCAATTGCGAGAGCCATGTACTTCAAGTCCAAACTGGTTATACTGGATGAACCTACCAATAATCTATCGGTAAAAGAATCACAAAGGGTTCTGGAATTCATAAAAGAGCTAAAAAATCAGGGAATATCGAGCATTTTTATATCGCATAACCTCTATCACGTTTACCCAGTAGCTGACCGAATCGTGGTATTGAGCCACGGTGAAAAAGTTGGTGACTTTAAAAAAGAAGAAACTTCTATCGAAGAAATCACCAAACTAATCGTTCTTCCCTAATCTTACAAACAAATATATTGCAAAATTCATCTTTCTGAACGGAAAGTCAAGAAAGGAGACGTTTCAAAAATGATTGTCTCAACCCTTTCCGAAGTGCCCAATAAGAAAATAAGGGAAGTACTGGGTATTGTACAGGGAAGTACCATCCGAGCCAGATGGTTGGGTAAAGATATTATGGCAGCCTTGCGTACCTTGGTGGGCGGTGAAATCAAAGAATATACCGAAATGATGAATAAGGCCAGGCAGTTAGCCATAGAAAGAATGCTTGAAGAGGCTCATGCTTTAGGTGCTGATGCCGTCTTGGGAGTGCGCTTTTCAACCAGCATGGTCATGAGCGGTGCTGCAGAAATCATCGCTTACGGCACAGCAGTGAAATTGGAATAGTTAGTGATGGCGTAACATTTCAAAGATCAAAAAAATGCCCAAAAAGGCAGCTACCGCATAACCAAGAATACCCAAGACACTTAAAAAACGTATGCCAGGAAAATTAATATAAACTAACGAAGAACCTATCAAGAGAGAACCAAGGACAATACTTAAAGAAAGACGTGTACTTACTGCTTCCAAGCGGCGATTGATCTCTTCAATTTCCTTGCTTTTAAGGCGTAGGGTAAACTTCCCTGAAGAAAGTTGCGAAAAAATTTCCCGTGTGTTTTCTGGGAAATTCCTGAGCAAACCCTCCCATTCCAGCAAATAATCAAGCAAATCCTGTTTGATGCGTTCTGGACTGAACCAACGGACCAAAAGCTTTCTAAGATATTCCGAAAGATAAGGAGCTAGGGAAAACTCAGGATCTAATTCCCTTCCCGTCCCCTCAGCCACCACAAGCGCCCTCAATAAAGAAACCAGACTGGTTGGAAAGCGAAGTTGGTATTTGCGAAGCAGATGAAAAAAATCAAAGAAAAGAAATTTAAGATTTATTTCTCGCAGGTTCGAAGCAACATAATGCTCCAGAATCTCATTTAACTCAAAGCGCAAAGAGAGGGAAGAATCAATCGGACCTTCCATAAATTCTTCTTCAAGCAAGTGAATCATGCGTGCAGCATTCTTTTCAAGCGCCGCCTGGAGCAGCAATACTATATTTCTGCGAGTTTCTCTATCTATGGCACCGACCATCCCAAAATCCAGATAAACCAGTTCCCGGGTTTCTCCTCGAAACATCAGGTTTCCCGGATGTGGGTCACCATGAAAAAAACCATCCTCGAAAATCATCTTAAAAATAGCTCTGGCTCCTATTTCAGCAAGCATCTTAGCAGTTTCGGTGTCCAGAGCCCCTTCTTTCAGCATCTTAGAAAGTGGCACTCCTTCAATAAGTTCCATAACCATCACCCGGGAAGTGGTAAGTTCAGAAAAAACACGGGGGATGTAAACACCTTCAAAATCCAGAAAGTTATCTCGCATCTTACGAGCATTAACGGCCTCGAAAGTGAAATCAATTTCTCTCAACAATCCTTTGCGGAACTCAGCAACTAACTCAGAAAAGGTGATGGAATCCGCCATACCATGCAGGCGTTCCCCAAAACGAGCCAGGTAACTCAAAATCTCAAGGTCTGCCACCACCATTTCCCTGACCCCAGGCTTCTGGACCTTCACAGCTACTTTCTCCCCGCTTTTCTTTAATACCGCCCTATGCACTTGAGCTATGGAGGCAGATGCCAGAGGACGGGGGTCAAATTCCCAAAAAACATTCTCAAGGGAAGTACCCAGCTCCTCTTCCACGACCCTACGAACCTCTTCGAAAGAAACAGCAGGTGCCTCATCCTGAAGTTTTTTAAGTTCCTGACAGTATTCCGGAGGAAGAAGATCTACCCGGGAGCTAAGTATCTGGCCAGCCTTAATAAAGGTGGTGCCCAGCTCTTCAAAGGCCAATCTCAAGTTAACCCAGGGAGGATTCTCAACAATTTCTTTTTTTAGAAAACGTACTCCAATGCGTTCCAGGAAACGAATCCTGCTAAAAAGATAGGAAAAACCGTATTTGGAAAAAACCCTCACAATTTCTCTAAAACGCTTAAAGTTTTTAAAATAGGGATAGCCCGGTAAAAACATCAGTTAATATCCACCTTGCTCAAAAAATCCATTACCAGTTTACGCAGAGAAGGAAGCACCCTGGCAGTGCCCTGAGTGCGGCAATAGCTGGCAAATTCTTCAGAGCTCATACCCTGGCCAGCAAAAACAGCTTCTGCAATAAGAGTAATTTCATAGGGAAAATGGTTTTCTCGCCTTTCCCTGAAATTCATGTGCAATCTTAAAACACCCTTTAACCCCTCTTCAGTAGGTAACAGAGAAAATTCGGGCAAAACATCAAATCCACTTTCCCTGCTACTACTGAAATCTTCCCCTTTAAACAAGAAATGAACCACACGCAAGCGAGAAAGACGAGGTTGCTCGATAATAGAAAGTCCCTCCTTCCTTTACCTTGTTACATACCACAACCATCAAAACAAACCAGTTAATAACCACCACGACCAACAGTTTTTTGTTGAAGTTCACCAACTGCTCGACCAAGAGGTACATCAATACTCAGCGACTTGGACATAAACAGCAACTGCGAAGGATAGATAGAACGATGACCAAGAAGCTTATAAGCTACAACCACCGATAAAAGCGCAACCACCGCTCGGTCAAAACCAAACAGTTCTGCCGCCATAATCGTCGCTGCAATTGGTGTGTTGGCACAGGCACCCAGAAATGCAGCAAGACCAATTTGCGACCAGAAAGCGGTGTTTAGCGAGAAAAGCCTGGCAAAGCTCATACCCAGTATGCTGCCAATGAAAAACATGGGAGTTACCACCCCTCCAGACCCTCCCATACCCAGAGTCAAAGCAACCAGTACTATCTTAACAAACCAGAGCTCACCAGGAAAGGTGTTACCCTGCACCGTTTTTTCGATGACTTCCATCCCCACTCCCAGTGCCTCTTTGTAACCCAGTAAAGCGGCACCAATCAACGCCACACCACCAAGTAGGGGAGGTACCCAAAAAGCCAGCTTTCGACCCAGCAAATCACCAAAACGCTCCGTCCAGTAAGTGAGATTAATAAAGAGACGGGCTACCAGAGCAACGACCACCCCAAAAGCCACCGCCCAGAGCATAACCTGAAAGCTTAATGGATGTGCACCCAGGGAGGGAAAATAAACCTGTCTGACCCCCAAAACCTCAACCACGTAAACTGAGATAAAAGAAGCTATGGTTGAAGACATTAAAGAACCATACTCCATTTGACCAACATAAAGAACCTCAATACCAAAGATGGCTCCAGTAACCGGCGTACCAAAAACAGCAGCAAAACCTGCAGAAAGTCCACACATAACAAATCTTCTTAAATCCTGCAAAGAAAGGCGAAATAAGTGACCCAGCATAGAAA
NZ_AP028803.1_gap34	1675006	1676239	1233	CCTTGACTCTAAGTTTTCGAATTTCTTCCCTCACAACCTGTGAAACGCTGCTAATATCACCCCTGGGAATTTTTTGCCGTATCTTAGCCACACAAGGCAACTTAATGTTCTCAATGCCTGGAATCACAACTCTTGAGACGTCCAAATCTTATCCCTCCTCGGTTCTACAGCGCCCAAGCAGTAAACAATTTGATTTCTTTCACAGAAGAATTGCCAGCTTTAAAAATTTCGCAAGACAATCTCAACTCGTATTAACCAAGGATGTCTTACTTACTCTAAATCGAATTTCCGCTTCCCTGCGGAAAAGGATACCGTAAATACGATCTACTTCGCGCTGAGGAAGAGCAAAGTCCTCAAGATGCACCCTCTGCACAAAACCAAGATTTTCCACCTTAACGACCCTGGCAGGAACAATAAATCGTTCTCCATAGGCCTCAAAAAGTACAACCAGATTATCTCCCACCTGTAAAGAAGAGCTATCAGTCAAAAAGGTCATGCGATCCCCACCAATAATTTCTGTTTCTCCTTGATGAAGATTTTTCAAATTCTGCATAAGCAAGCGAACAAGCTCTCCCGACTGCCCCGGCTCAAACTTCATGAAATGAATCTGCAAATTCCAGGGCAAAGCGAAAGCCCTACGTCGCTCTTCGGTTCTTTTAACCAAAAAAGTAAAATGACGACCCTCTACCAAAATAAGGCGAGCAGTAAGCTCAAAAGCTGAGTAAAAAAGGTCCCAGGAAATAAGCACGCTTTCTTCAGATGAAAGAGAGGGTGGAGAATCAAAAGCAAGAATTATTTTGTCTCGCTCCACTTCCACAACTCTTCCAGGGTAAATCTCTTTCTCAAAGCTTTCACCACCCCTGATACGACGTACCGAAACTTCTATACCTGGAAAAAGGGGCAACCCTTCTTCTTTTCTTTTTCTCAAGTAGTACTCAGGAACACTCAACAAAGCTTTTTCAATCACCTTAGCATCGAGTTTCCCTGCTTTACCCATAGCGTTTATTTCTTTTACCGCTTCTTCAAAAGAATAAGCCCTCCGGTAAGGGCGATGATGCAAAAGAGCATCGAAAACATCACACACAGCAAGAATTCTCGCTTCAAAGGGTATCTCTTCTTCTTTCAGTCCAAGATAGCCACTTCCGTCGAGGCGCTCATGATGCAAACGAGCTATGTGGAGGTAATCTTCCATAAAAGTATTTCCCAAAAAAATTCTATCCAGATAGGAAACAT
NZ_AP028803.1_gap35	1678532	1682499	3967	TTGGGGAAAATCAGCATTTACGGCAACACAGTTACCGACCAGACCATGCTTTTTCCTATTGGAACAACGTTCGAAATCGAAGCAACACCAGAAACCAGTCATGGTTTTTTGAAATGGGTAATCAATGGTACTGAGTATTCGACTGATCCCTGCACAACTTTCACTGCTTCCGGGAATACAAACATCCAGGCAGTCTTTGGAAATATTTGTAAAATAATCTTTGGAATCAACCCCAACGACGGAACAAATGTCGGAAGCATCTTTGTCGATGGTGCAAAGGTTTTAAATGGGGAAACCGAAACCCAAACCATCCAATACTATCCCGAAGGGAAAATCATCAACATTGAAGCTCAAGACCTTGCCGGCAATTTCCAAAGCTGGAGCACAGGAAGCAACAACTCCTCTATTTCCCATGAAGTGACCGGCGACGCTGAAGTGACTGCTAACTTCACCATCCCTCCCGTAAAAAACGTTACTCAGGGAGTCTACCACAGTAAAATAGGTGAAGCCACATCCAGTGCCCAGGCTGAAGATATTTTAGAAGTGAGTCCAGACACCTACCATGAAAATGGGATAACAGTGCCCGAGGGAGTAACCCTCAAAGGTACCGGTGAACAAGACGCAACTATTATAGACGGTGGCAAAGCCTCACCCGGGATAACCCTCCAAAGTGGAGCTACCATTGAGGGCTTCACCATCCAAGATTTTTCTTCAAGTGCCGTGTATGTAGCTGGCGAAAACTGTACAATTAAGAATAACCGTATCTTGAATAACCAGGCAGATAATGGCGGCGGCATTTATGTAAGTAGTGAAGCGAACAACTGCACCATTACAGCTAATGTCATAGAAAATAATCAGGCGACGAACTATGGAGGAGGAATTTACGCATCCACCTGTAGCGGGGGTGACATTTACCAAAACACCATTCAATATAATCAGGCAGGGAGTGCAGGGGGAGGAATTTACCTTAGCGGCAATATTTCTTACCGCGATAACATTATCTACAAAAACACAGCGCCCAAGTGTCCCAACGTTAGCACTGCTTCTGGTTTATGTGAATGAGCTTAGAATAACTTCGCAAGCTCTGTCTACCTTGGAAAGGCTATAACCCCAAAGCAGCAAAAGTGGTGCTAAAAACGGCAAAAGAGAATCAAAAGGGGAACCCTGACGAGGTTCCCCTTTTACCAGCAAAAGCTAAACTATTTTTTATAAAGTGGTCCCAGTGTCTTACAGGCCCTGAAATCGGCCCCTTCTAAATCTTCAGTACCAAAAGCACTCCACACGCTGGGCCGGAAAATACGCTCTTCCTCTACATTATGCATATTCACCGGAATGCGCAGAAGCGAAGCGAGGACCAGGAAAAGGTCTCCCACATGTCCATAACAGATTGAGCAGTGGTTAGCTCCCCAGTTTTCCATTACCGAGTAGACACTTCGAAAGGCACCCTTTCCGGTAAGCTTAGGTACAAACCAGGTGGTGGGCCAGGTGGGGTCAGTTCTTTCGTTAAGAATCTTGTGAACCTGAGGAGGTAGCTCCACAGTATAACCTTCGGTTATCTGGAGCACCGGCCCCAAACCTTTAACCAGATTAATGCGGGAAATGGTTACTGGCATACCACCCCTGGTGGTAAACTGGCTGGAGAATCCCCCTCCTTTGAAATAACCCAGATTGGCATAGCAAAAACGGGTTGCTTCAAGACACTTTTCGACTTCTTCCGGAGTAATTTTCCAGAAGGGTTTAATAGCGGGCTTTCCGTCAATCTCCTGTTCTCCAGTCCCATCAAGAGCCGCTGCTCCAGAGTTGATGAGATGAATAACGCCCTCACTTGCCAGACCTTCTGGTTTCCAGCCAGTCACCCGCTCAATGGCCCGTGGACTCCAGTAAGTACGGACATCTGCGAAAATCTGGGCAGTGTTAGTAAGGAGATGCCCAAAAAGCATGCTAACCGCGTTTAGACAATCATTTTCGGTGGCCACAATATAAGGTTCTCGCAGACCATTCCAATCAAAAGAAGAATTCAAAATGGCTTCCATAAAATCTCCATTGGGGAAATGGTCCGTCCAGTGCCGCTGACCCTGAAAACCGGCAATAATGGCATTGTGACCCAGACTTTCTTCGGGAAATCCCTTTTCCTTAAGCCTGGGATTTCCCACCATTAAATCCCTGACTATGATTGCCATGGAAACCACAAAACGCCATACTTTCTCCTTTGTCTCGGCACTCACCCTTTTTTCAGGAGGATTGGGATCCATGCCTTCTTTACAATACTTCCTTACCCAGACAAGGGCTCGCTCCAGCTCCTCCTCATCATAAATCTTCTCCTCAATTCGCCGTAAAACTTCGGTCATGTCCACATACTCAACTCGCATACCGAGGTAGTCCTCAAAAAAGTCTGCATCCACTATGGAACCAGCAATACCCATAGAAACACTTCCTATGGCAAGATAGGACTTGTTTTTCATTATGGATACAGCGAGTGCTCCCCGAGCAAACTTAAGAAGCTTTTCCTGCACATCTTCAGGAACAAAATTGTCATCCTTGTCCTGCACGTCTTGACCATAAATCTTAAAAATAGGTAACCCTTTTTGATTGTGAGCTGCAGAAACTGCGGCAAGATACACCGCACCGGGGCGTTCAGTCCCGTTAAAACCCCACACTGCTTTGGGTAGCTCCCTTGACATATCCATAGTTTCTGAACCATAACACCAGCAGGGAGTGACCGTTATCGAAACCCCAACCCCTTCTCTGTGGAAAAACTCATCCACCATTCTTGCTTCAGCAACACCACCAATGCAACGATCCGGTAGAATACACTTCACCCGCTCCCCATTAGGCAGAAAGAGGTGTTGTTCCAAAAACTCTGCCACCAGCCGGGCAAGCCGCATGGTTTGTCCTTCCAGCGATTCTCTGACTCCACCGTAACGCCCGTCAACAACCGGACGAATGCCTATTTTGGGGAAATCCTCCACAAACCTTTTTTCTCCCTGAAAGACTTTAATCGAGTTTAACATGGAAATTCCTCCTTACCTTAAGGTACAATGTGCAACACTGCAAAGTAACGAAATTGATTTAATTTTATCTCCTCGCTACCACCCAAAACCAAAATGAGCCCTCAAAAAAATTTTACCTCTCCCTCTCCCAAACACCCTATCAAGGCCTATTGTAAGTGACTGTTCTCAGACCGTCAACCCGTCTGCTCCCCAAAAATTTTTGATATCGATTGCAAAATCCCAGAATCACCTGATGGAAAAACCAGTTGCTTTCCTGAACCTGCACCAGTTAGCAACCAAAATACTATTGTCAAAAGGTGCGTGCCCTGCCATAATAAACGCATGCTAAAAAGAGTTTTGATACTTTTTTTAGTCTGTGGAATTGTCCTGTCTCTGGGTACCTTTGCTTCAGCACAAAACCTACGCGGAGTCTGGGTAGACACAAAAAGCATTCCACGTACACCGGAAGAAATTGCAAATATGGTTGACCAATTGCACCATGTCGGCTTCAACACCATTTTCCTGGAATCTTTTTACCATGGAGAAACCATATACCCTTCTTCCCTCCTGGCTTCTCTGGGACTACCCAAACAGCAAAAGCTTTTTGCAGAGGCTGGATACGACCCTTTAGAAGTCTTTTTGAGCGAAGCCCATAAGCGCTCCATGCAGGTTCATGCCTGGGTACACATCTTTTATATAAGTCTGGATGAAGCCGGAGAAATACTCAATCTTTATCCCCACTGGGCAGTGGTAAGTAAAGAGGGGAAACCAGGTTATCAAAGTGGTAACCACTTCTTTTTCTGGCTTTGTCCCATGGAGAAGGAAATATGGGATTTCTATCTCAATCTTTTTTCAGAAATGGCTGAAAAATATCCCGTTGATGGTATTCATTTCGACTATTGCCGCTTTCCCGAATTCACCCTTGCAGACACCTGCTATGCCCAAGCGCACCGCCAGAATTTTTTTGCAAGTTACGG
NZ_AP028803.1_gap36	1686494	1688149	1655	GCTCCAAAGGGACACACCCGTTCACAAGTGCCATAACCCAGACATCCGAAAGGGCAAGCCTTGGGAGAAAGACCCAGAACTGCAACTGCTCTGCAATCCTCGATACCATGATACTCAGCAAACTCCTGAGCCGTGCCCCTACCTCCCTGACAAAGAAGCAACGCTCTCTGGGGTTTAATTTCCGAAACACTTGCTCCTGTTAGCTTGGAAATCTCCAGCCACACTCTTGCCCCTCCCACTGGGCAGGCATTAACGGGAGCATTACCCAGAGCAATGGCTTCAGCAAGGCCACTGCAACCAGGATATCCACAAGCTCCACAGTTAGCACCAGGTAGAATTTCCTCGATTCTCTGAGCCAGAGGATTAACTTCCACAGCAAACTTTTTTGCAAACCACCCCAGCATCAAACCAAAAAGAAGCCCTAACACACCGACCACAATTCCAGGCAAGGCTATGCCCATTTTCAAAGCCTCCTCACTTAATAAGACCTTTAAAACCCACAAAAACCAGTGCCAGGAGACAGGTTGAAATAAAAACTATGGGATACCCTTTCCAAAACCCAGGCACTTTGCTAAACTGCAATTTTTCCCGGATTCCAGCTAGCAAAAGTAGTGCTACCGTGAATCCCAACGCCACACCAATACTGTAAATAGCCACCTGTAAAGGCCCGTAACCATAGTCAACCCCAAAAAAGGTAACCGCCAAAATAGCACAGTTAGTGGTAATAAGGGGGAGGTAAATACCCATAGCCCGATAAAGATTGGGTAGGTTCTTCTTGAGAATTATTTCCACAAGCTGCACCAAAGTAGCAATAACCAGAATGAACACCATAATCCTTAAATACTCAAGATGTAGGGGAACCAGGATAAAATTCCAGAGCACCCAGGTAACCAGAGAAGCAAGCACCATTACAAAAGTAACAGCCATACCCATCCCCAGCGAGTTCGCCACACTCGAAGACATGCCGATATAGGGGCAGAGGCCTATATAGCGGGCCAGGATTATGTTGTCAACAAACGCAGCACTCAAAAATATCTTAAGCAACGTAAGCAGTCCTGCATCCATCACTTATTCCCCCTTGCAAAGCGGTTCAAAAGAGCAATATAGATACCAATCACCAGAAATGCTCCTGGTGGCAAAATCATCACCATCATACCCTGATAAGTCGCTGGTAAGACAGGAACTGAGAGAATTTGTCCGTAACCAAAAAGCTCTCTGGCCACCCCAATGGCGGTAATTATCAGGGTAAAACCTACTCCCATACCCAGTGCATCCACAATGGAAGGCAAAAGAGAGTTTCGGGAAGCAAAAGCTTCTGCTCTCCCCATAATCATACAGTTCACAACAATCAAAGGTATAAAGATACCCAGCGCCTTGGAAAGTGGTGGGAGATAAGCTTTCATAACCAGGTCCACTATAGTGGTAAAGGTGGATATTACCACTATAAAAATGGGAATGCGAACCTGACTGGGCACAAAACGGCGAATCAAAGAAATTACCATACTGGAACAGGTGGTAACGAAAATCACGGCTGCTCCCATAGCCAGACAGTTTTCTACCTTAACTGAAACCGCAAGCACTGAACACAGACCGATCATCAAGCGCAGAATAGGATTTTCTCCAACGATACCATTTTTGAAAACATAAAAAAGGCT
NZ_AP028803.1_gap37	1690723	1693970	3247	TCTTCTTCCTCGCCATCTCTCTCTATAACAATTGCTTTGAAAACTCCCCGGGTAGGATGTGGCCAGTCAACAATCGCACTCACTACACCACTTACTGAAGCATGCAAGGGTGCACTTACAAAAGCTTCAACATCCGCTATTTTTTGCCCCTTCTTTACCCGTTCGCCCTTCTTAACCAGTGGAGAGAGAGGTGCCCCGGTATGCTGTATCAGGGGAAGAACTACTCTCGCCGGAGACTTAATAGCCTGAATTGCACTGGAAGCCGTTAGCTCCTTAAAAGTACGGGGAGGATGCACCCCCTTAGGAAAAGTTTTAACCCTCATACCATATCTCCTCCATAGCTTTTGGTCATTCCATAACGAAATCTTCCTCTATAAAACGGGTGTGAAAACGACCTTTAACAAAATCCTCGTTTCGCAAAATCCGCAGGTGGAAAGGAATAGTGGTAGATATACCTTCTACAAAGAAAGAATGCAAGGCTTCATAGGAGCGCCGTAAGGCAAAATCTCGGTTTTCATCCCAAACAATGAGCTTGGCAATTAAAGAATCATAGTAAGGTGGTACCACATACCCAGAGTAGCAATGTGAATCCACTCGAATACCCGGACCACGAGGTATTTCAAATCTGGTTATGCGACCTGGCGAAGGGGTAAAGTTGCGGAAAGGGTCCTCTGCGTTAATTCGCATCTCGACCGCATGTCCCTTAAAGGTGATGTTCTCCTGACTGAAAGAAAGCTTTTCACCACTTGCTGCTTTAATCTGTTCCCGAACGATATCCACACCTGTGATCATCTCGGTAACCGGATGTTCTACCTGGATACGGGCGTTAAGCTCCATGAAATAGAAATTCCCCTCTTCAGTAACCAGAAACTCCAGGGTCCCGCAAGTGGTATAATTGAGGGTTCGTGCCGCCTTAACTGCGCACTTCAAAATTTCGTTTCGCAAACCAGCATCCAGAAAACGTGCAGGCGCTTCCTCAAGCACTTTTTGACGTTTTCTCTGCAAAGAACATTCTCTTTCCCCAAGATGCACCACATTGCCAAAGTTATCGGCAAGAATTTGCACCTCAATGTGGCGAGCACGTTCAATTTGTTTTTCAAGGTACAGATCAGAACTTCCAAAGGCTATTTTGGCCTCACGAGAAGCACTTCGAAAAGCATCTTTCAATTCTTTCTCCGAAGCAACCACTCTAATACCCCTTCCACCACCCCCCAGGCAAGCCTTTAGTAAAACCGGAAATCCCAGTTCTCGAGCAACGCTCAGAGCCTCTTCTTCACTATGCAGCGGTTCCAGAGAACCAGGAACTACTGGTATGCCAGCCTGATGCAAAATTTTTTTGGTAAGCAACTTGTTCTTCATGGTTCTCAAAACGTCTACCGAAGGACCAATGAAAACTATGTTGTTCTCCTGCAATTTTTGTGCAAAAAGGGCATTTTCAGATAAAAAACCATATCCAGGATGCACCGCATCAGCACGGGTTAAAAGACAGGCTTCAACCACTTTGTCTATGTTGAGATAGCTTTCCAGGGGGCTATTACCACCAAGAGCCACCTTTTGATCCACAAAGCGCAAATGCAAAAGGTTAGCGTCGGAGTCGGAAAAAATTCCCACCGTCTTAAGCCCTAACTCTCGACAGGCTCGGGTAACTCTCAGAGCAATTTCTCCGCGATTGGCAATCAAAACTTTGGAAAACAAAGCAAAAACCTCCTAAATTGGAATTCTCTCTTCAGGATAGCTTATCAAACCCTTAATATCGCGTCCTGGTCGGTACATGAGCAGCGTGAAAAGCCCTACTCTGCCCACGTACATAATAAGAATAATCAGCATTTTGGAAAGAGTCAAAAGATGTGGAGTAATACCCCGAGAAAGCCCTACTGTACCAAAAGCTGAAAAAACCTCAAAAACAATGTCTATTGGATTATTTGGCTGAATAATAAGCAGGACGAAAGTTGCTCCGACAACAAGAAGTATAGCAAGAAAGAAAAAGACAAAGGCTTTGTACACAGTGAGCTGCGCTACCTTACGATGCAAAAGCTCTACCCGGTCTTCCTGGCGAATCACACTTTTTACCGTACCCAGGAGGATTGCAAAAGTGGTGGTTTTTATACCACCACCTGTGCCACCTGGAGAAGCACCAATAAACATCAACACCATGAGTAGCAGCGCGGTCGCCGCACTCACATTTGAAATGGGAACCGTATTGAAACCAGCCGTGCGAGGTGTTATGGACTGGAAAAGCGCTGCCAGCAATTTTCCACTTAGAGAAAGATCTCTCAAAACTCCATTCCATTCCAAGAGCAAAAAGCCCAGAAAACCAATGGCAATGAGCAAAGTTGTCATACGTACCACCACTCGAGCATGCAGGGAGGTAACCCGCCTTCTTTCGGAAAGCTCTTTGAGAACCATAAAGCCAATCCCTCCCAGCACGATTAAACCAGCAACCGTCAGATTTACAAAAGGGTCCTCAACAAAGCTTTCTAAGCTATTTGTAAAAACTGAAAACCCTGCATTGCAGAATGCCGATACCGCATGAAACAGAGCAGCAAACAGCGCCCGAGGAAACGGAAAATATTTCAAAAACCTCATCAAAAGAAACACAAAACCCAAGCCTTCAATCAACAAAGTGTATTTCACGATTAAAAGGACAAAGCGAACCACGCCTCCCGGGGTATCCAGAGCCAGAGAATCTCTGATTGCCAGACGGTCCCGATATTCAACACGTCTCCCCAAAGCCACGGCAACCAGGGTCGTCATGGTCATGTAACCCAAACCACCAATCTGCAACAAAATCAGAATGGTCAGCTGTCCCCAGAAAGAGAAAAAAGTCGCGGTGTCAACCACAACAAGACCAGTCACACAAACGGCTGAAGTAGAAGTAAATAGAGCGTCTACAAAAGAAAGATGATTGCCGGGAGCAACCATAAAAGGTAAAGACAAAAGAAGTGCCCCCAAAAAGATTACACCTGCATAACCCAACAGAATAACTTCCGAAGGAGACAGCGAACTAACCTTTTTTTTAAGATGTACCAGTAATCTTAAAGTACTTATTGCTTCTTTTTCCTCGGCAACTTCCCCAAAGAAATTCATTAACCGTGGTCAAAGCTCCTTTACCGAAAAGCAGCCATATGCTCTGGCTTCTTCAAACATGGCTATCACGTTTTCAGGGGGAACATCAGGTTGAATATCGTGCACCGAAGTAAGCACATACCCCTCAGGACCCAACTGGTCAATTCTGGTACGTACTTCC
NZ_AP028803.1_gap38	1858622	1860993	2371	TGGAAGTGCCAGCTTTGCTTGGAAACACTGGCCCTCTGGGAATAGCTCTAGGGAAGCTACCTGAACCTATTGCTGAGCTCTGTCGCAGACAGGCACTAATTACAGAACTTACCGTACGGGCCATTGTAGAAGAAGACCGTTCTTTGGCCTTGCAGGCCTTTGCTTTGGACCCAATGATCGATGACCCAGCACTTGCCCAAGAGCTTCTTGAAGAATATCTAAAAACTTTTGATTCTTATCTCAAGTTCAAACTTTAAAGGGAGGTGAGAGAACGAGAACTCAATCATGCATAAAGCACCGTCCGTCTAATTAAACTACTTTGAAAGGGAGGGTAAAAAATGAAGGGTAAATTATGGGTTTCTCTTCTGGTGTTAATCGTTCTGGGAGCATTCTTGACAACCGGTGTTTTAGCTCAAGAAAAGGTCACCATTCGTTGGCTCTTTGAAACCGACTTTGGCGGAGGATGGAAAGTACTCATCGAAAACTTTGAAAAAACTCATCCCAACATTAAGGTAGAAATGCAGGAAGGCCCTTCAGCAACCAACACCCGGGAAGACATGTACACCACTTCTTTTATGGCCGGAGAAAGTACCTATGACATGGCTTACGCTGACTTGATTTGGGTGCCCAAGTTCGCCGCTGCAGGCTGGATCATCCCTCTGGGAGATCGGTTAACTCCCTACGAAATTGCACAGTTCCTCCCCGGAGATATTGCAGGAGGAATGTACCAAGGAAAGCTTTATCGTATACCCAGCCAGTCCGACGCCGGCATGCTTTACTACCGCAAAGACCTCCTGGAGGAAGCAGGTTTTGAGCCACCACTGACCTGGGACGATCTGGTAGAGCAGGCACAGAAACTCCAGAACCCACCGGATCTATGGGGATTTGTATGGCAGGGCAATCAATATGAAGGTCTAATCTGTGACTACCTGGAGCTTCTCTGGGGAGCAGGAGGAGAACTCCTTGACGCAGAGGGTAAGGTAGTGCTCGACCAGGGCACCGCAGCAGTAGAAGCGTTACAGTTTATGTATGACGTGATCAACACCTACAAGATTTCTCCACCAGGGGTCACCACCTACCAAGAAGAAGAATCACGTCATGTGTTTCACAACGGACAGGCCGTTTTCCACCGCAACTGGCCCTATGTATGGACTCTGGCCCAGAAAGAAGACTCACCCATAAAGGGCAAAGTAGGTATCACTCCCATGGTTCATAAAGAAGGATTTCAGAGTGCAGCTACCCAAGGAGGCTGGGGATGGGTAATTTCCAAATTCAGCAAACACCAGGAAGAAGCCTGGGAATGGATTAAATTCGCCACCAGTTATGAATCGCAAAAAATCCTCCATTTCTATAATGGCTACATCCCCACCCGCCATGCTCTCTTTGCAGATCCCGATATTCTCAAGGAAAGCCCTCACTATCCAGATCTGTGGAGAGTACAAATTAATGCTCGAACCAGACCACAACATCCTCAATATGCACAAATCTCAGATATTCTCCAGAGAAACCTCCATGCTGGACTGACTGGAACCATCAAACCTGAAGAAGCGATAAAGCGTGCTGCCCAGGAAATCAGAGAACTGTTAGGCCAATAAGACACGTAGGGGGCGGAAAAATCCGCCCCCTACAGTTGGGGGATAGTCATGAAGCACGGAAAAAAACCATTTCTTACCGATCGGCGTTTTGGGTATCTTCTCTTGCTTCCGGCTCTTCTTCTCTTCGGATTGGTTATCATCTATCCAGTAGCCAGAAACGTCTATCTTTCCTTCCACGAAAAAAGCATCGCTACTGGCATGGTAGAAAGTTTTGCAGGATTCAAGCATTACCTGAAAATATTCACCAGGGACCTTCGATTCCGCCAGGCTTTAGGTAACACACTTTATTTCACGGTGGTATCAGTAGGCATAGAGTTTTTGTTGGGGCTTTCTTTTGCACTCCTTTTAAACCTTAACTTTCGCTTTCGAAACTTCGCCCGGGCCAGTGTCATCCTTCCCTGGGCTCTGCCCACCGCGGTGATGGCCATGGCCTGGCGCTGGATTTACCACGACATCTATGGTGTAGCCAACGATATCCTCCTTCGTCTGGGCATCATCCGCGAAGCAGTGGCCTGGTTAGGAAAAAGTCCTCTGGCAATGCATGCTGCCATCTTTTCCGATGCCTGGAAAACCACCTCTTTCATGGCTCTGATGCTGCTTGCCGGGTTACAGTCCATCCCTCAGGAACTCTACGCAGCTGCCAGTATCGATGGCGCCGGTGGTTGGGCGCGGTTTCGATATGTTACTCTCCCTCTCCTGCGACCGGTTATCATTCTGGCCCTCCTTTTTCGAAGCCTGCAGGCCTTCGCAGTTTTTGACCTAATCTGGGTACTGAC
NZ_AP028803.1_gap39	1863635	1864715	1080	TATCAAAGTAGTTGAGGAAGCGATAATCAGGCTATCCCGCATGCCTTTTATGCCACCCAATTTCCCACCCTGGACGTAATGTTCCAGGTCGAAAGAACGTGGTATGAAAACAGGTGGATAGGTAAAATATTCTCCCTTGTCTTTGAAAGAAGTCATAACGTTCCATATGAAAGGGCTTAACATTATAAGGAGGACAACGAAAATAGTCAGGAAAATTGCCACTTTCATTCCATCCCTGATTTTCAAGACACTTCCCTCCTTTTCCAGGAAGCAAGGAAAACATTGGCAATGATGACAATAACGGCCAGTTGGAAGTAGGCCATTGCCGAAGCATAACCCATGCTAAAGTATTTGAAACCTGTAGTATAGTTGTAAAAAGCAATAGTTTCTGAGGATTGGCCTGGTCCACCGTGAGTGAGAAGCACCACGAGGTCAAATATCTTGAAAGCATCCATCACCCGGATTAAAACAGCAATAATGATTACCGGACGCAAAAGAGGAAGCACAACTCGGGAGAAAATCGCCCAGCGCCCTGCTCCATCTACTCTCGCTGCTTCATAAAGTTCATCTGGTATAGCCTGCAATCCAGCCAAAAGAGTAATCAGCATAAAAGGTGTCCATTCCCAGATATCGGCAATGATAATCGAATAAATGGAAACCTGACTGCTCCCCAGCCAGTTTACCGGATTTAAACCCATCCGGGCGAGAAGGAAATTCAACGGACCATACTGATAGTGATAGATGATTCTCCAGATGCATCCCACCACTACCGGAGAAATCATCATGGGAAGAAGAAAGAGGGTAACCACCAGGTTTCTTCCCCGAAAATATCTGTTCAAAAGTAACGCCAGACCAAGTCCCACTAAGAATTGGGTACCCACACCAATCAAAAGCTCTAACCCGGTGTTCTTCATGGCTCCCCAGAAACGCTGGTCAGAAAAAAGCCTCAGGTAATTCCCGACCCCGATAAAAATCCTTCTTCCTCCCATACCAACGTCCCACTGGCAAAGACTGAGATAGAAGGAATAAATCAGTGGGAAAATGGAAATGGCCAGGAGGATCAAAATGGTAGGGAGAACA
NZ_AP028803.1_gap40	1867367	1868340	973	GGTTCCCCTGCTATGCAATGATGATGGCAAGGAAGTTTGGATGGATTAAAGATTACGAAGACTGGAGAAAACCAAAACTCGTTAAAAATGCCTTAGACTTATTAGAAAAGGAAATCCCAAAATATAAAAATCAAATTGATTTTGTCCACCTATGTTTTATGACAGATCCATTTATGTATGATGCAGAAAAAGACAGGATTATTCCAGAAATTAAGGACCTAACCCTCAAAATAATTGAACGATTAAATCGTGATGGAATAAGGGTCACAATCCTCACAAAGGGCATATATCCTGAGGATCTCCTAAACACCCAAAGATTTTCCAAAAATAATGAGTATGGAATAACCCTTGTCTCATTTAACAAAAAATTTAAAGAACAATACGAACCTTATTCATCCTTATACGAAACAAGAGTGGAAAGCCTTAAAAAACTTGCGAAAGCTGGACTAAAAACATGGGTTAGCATAGAGCCATATCCTACACCCGAATTAGACCCTGACGCTGCTCAAATCGAAAAAATTCTTGAAAAAATTCATTTTGCAAAAAAAATAATATTTGGAAAGCTAAATTACAACAAACTGGTCAATTATTGCGGTAGAAATTCGCATAACTGGAAAAATAGCCAAGAATTCTATGAAGCAATAGCCCGTAAGGTAATAGATTTTTGCAACACAAACAACATTCAATATCACATAAAAGCAGGAACACCCCTAAGCAATGAAAGCCACAGAAACATTTTCAAATAACTACGAAAATGTCCCTGCCCAACTCCTGGAATTAAAGCTGATCTATGACAGACCTATATATAAAGCAAATTAAATTTCCAAGAAAATGAGAAACAAGAAAGAGGCAAGCTTTTATGAAACCTTGCAACCCACAAAATCTGACAAACTCTCAAGGTGAAATACCACACAAAAGCTTCAAAAGAGTTATTGCTTAGACTCTGCTCATTACTCCAGATGGATTACTTTCG
NZ_AP028803.1_gap41	1876179	1878168	1989	CAGCCAGAAACCAATAAAAGAGGTTGAGCAAAGCAAAGGGAAGCAGCTCATAAAACCCTCTACGGAACACAGCAAGCATGGAAAGGTAAATGCCCAGGAAGTTGCCCAAAAGAAGGTTCAAAAGGCCGATAACCATTATGAAATCCGGTAAAAAGGAAAAGCCAAACGCCCGTTTTGTAAAAAGCCAGAAGACAAAAAGTAACCACAGAGGAACTGATGCTGCTTGACCCAGAGGTGTCCCTCCGATAAAAAGCTGTAGCGTAAGCCAACCAGAAAAACCAGAACTACGTAAAACTCGCAAAGGCCTGCGGTTGTGAACCAGAAAGGTCTGCAAGTATCCCTTGAGCCATCGGGAACGCTGCCTTATCCAGTTGCGGAGCTTACTGTTGGCCTCTTCAAAGGTAGTGGAATTGATGATCCCTACCCGGTAACCGCGGTAACTGGCCCTCATTCCCAGGTCAGCGTCTTCAGTAACGTTGAAGGGATCCCAGCCTCCAAGTTCCAGCAAGGCCTGAGTCTTGAAATGGTTGGAAGTTCCACCCAGAGGTATGGGCAGGCGAAGCACGAAAAGGCCGGGCAATAAATAGTCAAACCAATAAGAGTATTCCAGGGTGAACAATCTGGTAAGCAAGTTCTGGTTGCGGTTGTAAAAGTTGAGCGCTGCCTGAAGACATACAAACTCCGGGGGAGCGTTGCGGAAAGCAGCTACCGCCTTTTTGAGCTGGTCTGGTTCAGGAACATCTTCGGCATCGTAAATGGTGAGCAATTCTCCCCGCGCAAAGAAAAGACCAAAATTGCAAGCCCGGGGTTTCGTCTTGGGAGCACCTTCTGGAACAAGAATAAAGCGGACGTTATAAGGGGGGTGGCTTTTCTTGCAATTTTCCAGAGTTTCCCGGTCATTTTCTTCAATAAGGAAAAGAACATCCAGCTTCTCGGGTGGATAATCGAGTTGACGAATGCCTTCAACCAACTGTTTAATCACCGAAAGTGGCTCCCTATGGAGGGGCAGGAGAATGGTATACACAGGGAGCTCGTTTTCTCTCAGGTCTTTAAAATCACCCTCAAAGGTGATGCTCTCTTTTTCTATCCTTGCTCCCCAGAGGCTGATTACAAACTTGAACAGCACATTGGCAAAATAGGCCAGGTTAATTATAGAAAGGAGAACACTCAAAGTGGGAAGGGTGAAGAAAATCAGTCCCCAGAGAAAGGCAACTAAAGAGGCAACTCCCACCAACCACTGCAGAGGTGTGAAAACTCGTGATGCGGATTCCTGGGGAGAACGGAAGAGAAGACCAGCAGTAGCTTCATGAAGAATCGACTTTCCAAAGAAGCGATGGATAAGGTGGTCAAGTTCGTAAGGGGTAATCAATGCTTTCTCGACGTAAACCAGACCGAACTTTTCTCCAAGTAGCTTTTCCACCGAAGAATCGTGCTGAGAGACCACCGCTACCAGAAAGTGTCCCCCATCCCTTTTGATGGGGAAAAAGCGGAAGTGGATTAATTCCCGTACATTAAAAGACTTCAATAGCTCTTCATCAATAAGCCCGTAGAGCTCTTCCAGGTTCCTGCCTATGTAAGAAAGGTCTCCCTGTTCAGCCAGAACTTCGTAAAGCTTTAGCGGGCTAATCAAACCCCGGGAGACTAATATTTCCCCCAGGGGACTGCCACTAATTTTCTGTAGTTCCAGAGCTTCGCTGAGATCCTGCTCACTAATCAAGCCCCGTTCAAGAAGTATCTCGCCTAAAAGTTTTCTACTCTTTACAGAGGAGGACGGGTCAGGCGGCGATACAGGAACCCGGCCAGAATCACGATTAGTGAAGCTCCCACCAGGAATATCACCAGACGGAAGCTCCGAAAAACCTCCCTCCAATGAGAAGGAATCCTCCACCCCGAAGGAGGTATCTCCACGGTCAAAAGCCTGGAAAGGCCTCCTTTTCCGATTATCGCCACGTTCCCGCTCAGCCACCGCAGGGTTTCAACTCCTTCAAA
NZ_AP028803.1_gap42	1881367	1885389	4022	ATAGAGAACAGTATCCTTGAGAGGTTTCAATCCCTTATAGGGAAGCTACAAACAAGCCATGCAAGAGCATCTGTTATATTGCTTACGGAAAACGTTTCAATCCCTTATAGGGAAGCTACAAACAGGCATAATTATGCCCAAAAAGCACCACGGGGTTCTGTTTCAATCCCTTATAGGGAAGCTACAAACTGCCTTCCGCCAGCGTAGCCCTTAGCTCGTTTAGCGGTTTCAATCCCTTATAGGGAAGCTACAAACTTTAATGACCACGCTATGGACGCTATGAGGTATGCCAGTTTCAATCCCTTATAGGGAAGCTACAAACGTTCTGTATGCGGGAGGATTGTTCATAGGGCTGATGTTGGTTTCAATCCCTTATAGGGAAGCTACAAACGCCCTTTCTCAGGCGCTGAGGGAAGCGTTTCCTGAGTTTCAATCCCTTATAGGGAAGCTACAAACAAAAACACACAACACACCCCAAAAGCGCTAACAACCGTTTCAATCCCTTATAGGGAAGCTACAAACATCAATAAGCTTGCGCAAAATCTTCCTATTCTTCAGGGGTTTCAATCCCTTATAGGGAAGCTACAAACAAAAGTATCTCTACGGGCACGAAACGGTGCTTTAAATGTTTCAATCCCTTATAGGGAAGCTACAAACCCCCAACGGGAGCATATTTTCTTGCAAAGTATTCGAGTTTCAATCCCTTATAGGGAAGCTACAAACCATGGCTCTGCGAGAAGATACACTACTACTACCAGGTTTCAATCCCTTATAGGGAAGCTACAAACATAGCCGGTCTGATTGTTGTGGGTATAGTCGGTAAGAGTTTCAATCCCTTATAGGGAAGCTACAAACCGTTCCACGCCCGAGACTCGTTGTTTTGGTCTATAGCTGTTTCAATCCCTTATAGGGAAGCTACAAACCGGCCGGAGCATCAACAACTTGTGTTTTCAGCCAAGTTTCAATCCCTTATAGGGAAGCTACAAACTTACTTTGGCTGGATCACCGGATACAAGGTACTTTTGTTTCAATCCCTTATAGGGAAGCTACAAACCAGGCTGCACATCACAGCCGACAGCGTGAACGTCATGTTTCAATCCCTTATAGGGAAGCTACAAACATGCCCGTGAGTAGTCGAGGTACCTTCCTTCAGAGTCGGTTTCAATCCCTTATAGGGAAGCTACAAACCACAAACACATTCGGATTAATTTCGGCTTCAACTAGTTTCAATCCCTTATAGGGAAGCTACAAACACCCTGCAAAATCACCAGCAACTCCTCAATAAACTGTTTCAATCCCTTATAGGGAAGCTACAAACCCGTAAAAGGGTTATAAATAAAGGCTTTTTAAAATCGGTATTCACTTGTCAAGGTGCGTATCTGAAACCATTAAAACATGAACTAATACCCATGTCAAGAGACTTACAACCCATTTTCATTTTTCTGTCGATCCCCGGGGGTTTTCCGGTTACCGGACATCGACAGAAAAATCACCCCTCCTTAACCCCCAAAATACCCTCAAACCCGCACCACAAGCCCCAAAGAAGCCAAAATACCCTGAAACCCGCATGAAAACTCAATCAGAGGCCACAAAACCCCTATTTCGAGAACCATTTTCTGTCGATGTATTGGAAGCAAGAAAAGAAAGGACTTCCAGAAAGAGAAAAAGTTCAAAAATCGTGAAAGAAGGGGGGATGAAATAAGGAGATGCTGAAACAACAAGGGGATGCTGAAAAAAACTGAGACCCTGAAGTAAATCCTGAAATGCTGAGATTCCGAAAAACTGAGATCCTGAAATAAATTCAGGATGACGGCGAAGTCCGTCATTCCGAACTTGTTTCGGAATCTCAGGTGTTTAGATTAAACCATGAGATGATGAAATAACAAGGAGATGCTGAAACAAGTTCAGCATGACAAAAGCTGGAGATTTGTCAATTAAGTATGACTAAAACGTGAGATGCTGAAAGAGACCCTGAAACTATGGGATCCTGAAACAAGGAGACCCTGAAATAAGAGACCCTGAAATAACAAGGAGACCCTGAAACAAGAGATGCTGAAATAAATTCAGCACGGCCTTAATTAATATTAAGGCCGGTTCAGGGCGGTGTCGAAAAAACCGACACCGGTTCAGGATGTTCCGTGTTTCATTTCAAGTCCTTTGAAGACCAACATTTCTTTTCTCTCCTAAGTAATGGGGATCATAGGGTACACCTCTTTTCAGAGAGGCATTGGCTTGTCTCAACAGTTTACTGGCTGAAGCAGCGAGAGCTACTTTCCTGGGTTTACCTCTTCCAAGGAGCCGCTCATAGAGAGCCCGGCACTGGGAGTTGTAGCGGGAAGCAGTTAAGGCACAGAGAAAGAGGAGTTTGCGCAGGTAAGGGTTGCCTCTTTTACTCAGCCAGGCTCGGTTTCTGCTTTTTCCAGACTGCTCAATCTGGGGAGAGAGACCGGCAAACTGAACGACTTCTTTGGCTTTGGAGAAGCGCTCCATGCGATTGAAGTTAGCAAAAAGGAAGTAGGCTTTGCGTCCTGAAAAAAACCAAGCTTATAACAGTGTGTGTCTTTACTTGAGCTCCGAAATCTGGAACAAGATAGGAAAAAGGGCAATCTCGAACTCGGGAAAAAAGCGGATATTTTACAAAAACCTTCTGGAGTTAAGCGGGTAGCCATGTAAAGCAAAACCCAGAAAGCACAAACATTCACAGAAAGTTGCCTTTCCCACCCTTTTCCACTCCTAAAATTTGCCTTTCAGAATACTTGGTGGTCCGCATAATGTAAAAAATTACCGAATCTTTCTCCTCGCTTATACACCTTTTAAGTTCCGACTTCAAGCGCTCCAGCCGGGCTTCAGTGATTTCTCCCTCCAGAACCGAATTCTGCACCCAGGTGAGGTACTTCCTACCTATTTTGAGAACCTTATTAACTCGTTTCTCCTCCACATCATAAACCATGACTACATACATGCGCGAAACAGCTTACCATTCTGCAAGAAGGGGCTGATATTCTTCTTCGCCAAGCAGGTGTTTTTCAAGCTTGTAAAGTTCAAGGCGGATTAACCTGCGGTAGGAAACTTTGCGACCAATCCTTTTGTAACTCACTGTACTCTTCATCTTTTCTTCAAACTTCTCAACAAAAACCTTGCGACCCCTCTCGTTGAGATAAAGTCCACCCAGGCGTTCATCAAAGTCGCAAGAGTTGATAGCTTTTTTGTTCACCAGGGTAAAAATGACCCGACTTACGATAATCGGTTTAAAGACTTCTGCCACGTCGAGGTTAAGAGAAAACCTCCGGAAATTAGTGGCATGCAGAAAACCGATGCGGGGGTCAAGGTGAGTTTTGTATATCTCGGAAAGAACAGCTGCATAAAGCAGAGAGTTGCCAAAGCTAATCAGTGAATTGAGTTGATTTTCGGGTGGTCTTTTAGTTCTTTTTTCCATCTGAAAATCCTGGTCGTTCAAAATAACATCAAAAGATTGATAGTAGATATCCCAGGCATTGCCCTCCACAGCCATAAGCGCATCTGGAGTGTCTTGCTCTTCCAACCCACAAAGAAAACTTTCCATTTGACCAATTGCTGAAGCGAGAGCAAAACCACGGCGGTGGTAATACTTCAAAACGGCCTGGATGTTTTGCAACGCTCCCCGAACAAACTGCCGGGCCAGGACAAGCCTTTTCTCCGGTTCCAAATAATGCTCCGCTTGCCTCAAGATCAAACAACCAGAGTTATAGTGTTCCCGAGGGTAAAAGCTCCCCACGTAATATCCGTAATGATTGTAAAAATGGAGTAACACCGACTTTTGAGACAAAAATTCGAGGACTTCCTTGTTAAGCGTTACCTCTCCAAAAAAGTGAATATCCCGGACTCCCTCTACGGGCAGGTAGCGCTGGGAGCCGTCCTGGCTTTCAAAAAAGAGAGTATTCTGTTTTCTCTTGAGTATCCCGTGAGAAAAAGCGTAAATACTTTCACTCATGCAAAACAAAAATCCCTAAAAGCACAAGGTGTGCAGAGAGGAATCTTTTCCC
NZ_AP028803.1_gap43	1897148	1898239	1091	AGCCACTTCCGCCCAGGTGAGCTCGGTAGCCGAAGAAATCGATGCTGCTTCAGCACAAACCGAAAGACTCTGGGCAAGTTATACAGACCTTGAAAAAGCTACTTCCTTCCTTAACAATACTGTCAACGAACTCACCCAGATCATCCAGAAAAGTCATCAAGAATTGGAACGATTAAGCAGTTTCACCCAGTCCCTGGAAAGCATTGCTCGGGAAGTGGAAGCGATGGCCCAAACGACACGCACCCATCTTGAAGCCGTTGACCACACACTTGGGGAAGTGGACCGGGTTCTCCACCACATAAGTGACATTGCTGACCGAACCCGTCTCGTAGCCATCAATGCCTCAATCGAAGCAGCCAGAGCTGGAACCCAGGGTCAGGCCTTCGCCGCTGTAGCCAGAGCCGTTAAAGATCTTGCCGAACAGAGTTCTCAGGTTACAAAAGAAGCATCCCAAGTAATGGAAAGTTTCAAGAGCGAGGTTTTTCAAGCCCTTTCAGAGCTTGCCAGCCGGCAGAAAGATTCCTCAACCACCGTACAAAGTATTTTTGTAGAAGTCAAAAGAGGATTCCACTCTCAAAGCGAAAACATGAACCAGGTCAGAAACAGAACGAAAGCTATGCAGGAAGAATTTGAACGCTACTTCAATAGCCTGCAAACCCATCTCGAACAATGGGAGGAGACTGCCCCAAAACTCCGCAATGCTATGACGCTGCTTAGCAGAGTAAGTGAAGCAATAAAGGCTTCCCTGGAAACGATATCCATTCGCAAGGAGAAGCTCTTCTCTCCTGCAGAAAAAAAAGAATTTCAGGACCTTGTTGCAGAACTCCAAGAACTCACCCTGTCCAAGGAAATACAGAGCCTCTCAACCGAGGCTCATCAAAAAGCCCTCCAGTCTTTCATAGATCAGCACCCTCTCCTGGAAGCCATATACACTGCCCGCGATGATGGGACCTTCATTGCAAGCATCCCTCCAGCAGGACTGGCCAACGCCCGGGTGCGTCCCTGGTGGCAAGAAGCCATGAAAGGCGAGATATACTTTTCCCCAATTTATGTTTCCGCCATAACCCGACAATTTTGCATCACCATATCAC
NZ_AP028803.1_gap44	1933155	1937469	4314	GGAAGCCCAAAAAAGGGAGCCAGGAATATGGTCCATATCTCTCCGGCGTTACTGGTCATCGTGTAGCGTATGAATTTCTTGATGTTGTCAAATATCCTTCTCCCTTCTTTCACCGCGTTAACGATAGTGGCAAAATTATCGTCAAGGAGAATCAGGTCCGAGGCTTCCTTGGCAACATCGGTGCCAGTAATCCCCATAGCCACTCCGATGTCTGCTCGCTTCAGAGCTGGCGCATCATTCACGCCATCTCCAGTCATAGCCACAAACTGGCCTTTATCCTGCAGGGCTCTCACAATCTTCAACTTTTGCTCAGGCGCCACTCGCGCATAAACCCGAATGTGCTCAACCCGCTCCTCGAATTCCTCAAGCGACAACCTTTCAAGCTCTGCCCCGGTAATCACTGCTTCTTCTGTATTTCCATCAAGAATTCCCAACCTCTCTGCAATGGCTTTGGCAGTGAGCGGATGGTCACCAGTTATCATCACCGGCTTAATTCCTGCTGCCTTGCAAAGGCGTATGGCTTCTTTGACTTCTTCCCGGGGAGGATCTATCATGCCCACAAGGCCCAAAAGTGTGAGTTCGGCCTCAACAACTCTTTCCTCAACCTGTTCAGGAAGGGTACGCCATTTTCTCATAGCAATGCCCAGGACTCGCAGGCCCCGGGAAGCCATGTCTTCTGCCACCCGAAGAATTTCCTCCTTGTCCACAGGTCGCAAGCCCTGAGAAGTCAGCGTGTTTTGAGATTTCTCAATCAGGTTTTCAATCGCACCTTTGGTGAAGGAAACAAAGCTCACCCCATCACCAAAAACGATTTCCACGCTTTCTGGCTCTCCCTGACTGACCTCATGTATAGTGGTCATGCATTTGCGTTCGGAATCAAAGGGTATTTCTGACACCCGGGCAAACTCCCGTTCAAGGGCGGTTTTATCAAACCCAAATTTCCTTGCCAAGCTGTAGAGCGCAGTTTCTGTGGGGTCACCAAGCACTTTTCCAGAACTGTCCACCTGAGCATCGTTACTTAGGGCAAGAGCTATGAAAAGCTCTGGGAACAGACCGTTGGCACTCCCGTTATCTTCTTTAACGTCTTCTACCTTCAGCACCTTTCCATCAACCCAAATTTCTTCAACATGCATTCTGTTGAGGGTAAGGGTTCCTGTTTTATCGGTACAGATGTAGGTTACCGAACCCAGGGTTTCCACCGCAGGCAATTTCCGGATAAGCGCGTTGCGCTTGACCATGTTCTTTGCAGTCAGAGCCAGAGCAATGGTCACCACTGCCGGGAGTGCTTCAGGAATTGCTGCCACAGCAAGGGATATGGAAGTAAGGAGCATCAGAAACGGATTTTCCCCTCTCAGAATACCAGTCACAAAGACAATGCCACAAATCCCCAGAATGGCAATTGCCAGCCTTTTTCCAAAAGCAGCGAGTCTCTTTTGAAGGGGTGTTTTGGTTTCTTCTTCCTCTTGGAGCATGGTGGCGATTTTCCCCAACTCAGTGTTCATCCCGGTGGCCACCACCACACCTCTGCCTCTCCCGTAAGTTACGATGGTTCCCTTGTAGGCCATGTTTTTTCTGTCACCAAGGGGGAGATTCTCCTCCGGTAGGGGTTCCTCCATCTTCTCAACCGGGACTGACTCACCGGTGAGAGCTGATTCATCAACCTTTAACTGGGCAACTTCCATAAGCCGCATATCGGCAGGCACGATTTTTCCCGCTTCAAGGAGTACAATGTCACCGGGCACCACCTGAGAGGCTGGAATGCTCTGCAACATTCCATCCCGAATAACTACTGCTCCCGGCGCAGCCATCTTTTTCAAAGCTGCTATAGCTTTTTCGGCCCGGTATTCCTGAACGAAGCCTATGATTGCATTGATGATAACAATCACGATGATGGCAATGGTATCCTGAGGTTCACCAATGATGCCTGATACAAACGCAGCTGCAATAAGGACCATAATCATGAAGTCCTTGAACTGATCGAGAAACATTTCAAAAGCAGTACGTCTTTTCCCCTCTTTTATTTCGTTCGCTCCGTACTGAGCAAGCCTTTTCTGCGCCTCTTCCTGCGAAAGTCCTGCAGGACCAGTGTTAAGCTCTTTAAAAACCGCATTTATATCCTTTTGATACCACTCCATCAAACAGCCTCCTCACCAAAAAGCTGTAATCCAAAATGCCAAAACTGCCATCACGTTTTTACCAATATGGGCAGCGCTCTACTTTGCAAATCTTCTTCCCAGGCAATTATACCCAATTTATCAAAAACATACTCAGTCAGCAAACAAGATTTTGTTTAATACCAACTGAAGACAAGGAAGAGCCTTCGAAATCCCAAGCCAAAGCTTCCTTATCCACCCCAAGCAACTTACTCAAAAGTAAAAACTTCCAAGCCAATCTTCATTCGTCAGATCTTTCAAAAATTTTTGAACCAGAAAAAACCGATTTTTTATCACGGCGACACTAAATGACGTTGCGTAAACTTACAATCAATAATGAACCCAAATCATCAAAAAGGAGAGGAGAACATTGTTCGATCGTAAAGTTCTTCTTGCGCTTATTTTAATAACAGTTATGGGCATATTTTCTCTTGTTGGTTGCAGTACTTCAACCACCACTTTCACCATAGCAAGTAACGACTTTCAAATCTGCGAAAACCTTCTCCTTGCCTGGTATCAGGCCCTCAACGCAAATAATTTTGCCTTAGCCCTATCTTACTGCAAACCAGGAGGAATCATGTTCGATTATACAAATGACCTCTGGAGGCTCAGTATAGAATACCCATTCGCATACGTTTTCTACACAGTAACAGACATTTACGGCCACGAATACATCAACGTCAACATGATCTCCATGTACCACGACTTTTGCAAAGACTTCTACTACAACGGGTGGTACTTTAAAACTGACTGCGAAACTCGTTTCTTAATTCTCTTTGAGAAGGTTTACGGCGAGTGGAAGCTTGCCTAAAAAAAACCTTTGCAGGAGGTGTTTATATGCGTCGCTTAGCCAGTTTTTTGCTTTTTGTGTGCTTTACGCTGATAACCTTTTCCTCTGCTTACGCGGTAACCACAGAAGAGCTTCTTACTCGCATTGAACAGCTCGAACAACGAGTTGCAGAATTAGAAAAACTTCTGCAACCCCCAGAAATAACCGAACAGCAAACGGTCACCTCTGACCAAATCGTGTTTGAGGGGGAAGGTATCCAGAACACAAGACCTTTCACCGTTACCGGAGCGTGGGTTATCGAGTGGCAAGCAGAAGGGAATTTTTTCATGATAACCATTTGCACCAAAGATGGAGATTACGTGGACATTCTGGGCAATGCTAAACGTGGCTCATCATACCAGCCTCAAGGAGGCAGTTACTATCTCCAGGTAAATGCTCTCGGTAAATGGAAAATTGCTATCAAAGAAGAAGGGCAAACGAAAAAGTGATTTTTCTCTTAAAACGCCAAAATGCTCAATAAAAGCACCACCTAAAGCGTTCAGTTTGTGTCAATCACAGAAATCAGGAAAGGAGAGATGCAGCGTGTCTGCCAAGAAAAAGTTATTGATGCTTTTATGCGTTATCATCCTGCTGATGGCATCGGGTATAGCGTTCCCTGCAGAATGGAAAATGGTAGCCCGCACCTACAGTGAAGACACCTTCTTCGTTGACAAATCGTTTGTTGAAGTTATCAGCCTCACCAAGTTCAAAATTATCAAAACCCAGATAAAGCGAGTTCTGGGAACAGATTCCAAAAAGCTGATAGAAAGGCTTTTCAAAGCAATTGCCTGCGCAAACAAAGAACCCTGGCCAGACGAAGCCAGCTACAAAACAGAGGACGGAACCGAGTACACAATAAGGTTGCTCGATGACTACGATGTAGAATATGCCATCTTAAAAGTCTACCTCAATCCCGAAAACTACGGTTACCTCGCCATAGAAGAGCGCTACTACAATCCGCAAGGAAAAGAGATTGGCAAAGCAAAGTTCAGCATACCTTCCACCATCAAAGAAGATTCCTTTACGTACGTATCTCCCTATTCTGCGATAGGGGCCACCATTGATTACTGCGCAGCCTATCTCAAGAAAAAGAACAGGCTATAAGATTTGCTAACCCGGTTTTTCAAAAGATAAAAAACTGCACCGGTAAAAGAGAAAGAACCACAGTGTATCAAGCTCCACCATGCAGGTTGCCCCGGGCGAGAGAGGCAAATATACCCAAAACACAAAGAGAGGCAAAAACCATAAAAGCAACTTTAACACTTGTCAAAAAGAGTGGATAGCGTTCAGGTGTGATCTGGACTCTTCCCATAAATACTGCAAAAATCAACA
NZ_AP028803.1_gap45	1948711	1953240	4529	AGTCCGCTCTCGTCAAAAGACGCTCTGAAACACTCCTGACTGTTGAAATAGATAACAGAATCTACGCCGTACTCACTCTGTTCGTTCTGCCAAACCAAAGCGATTTCTGGAATCTCCAGAATTACATCTTTTTTTCAAGAGTTCCGGATGCACGTAGAAAGGCCCAAACGAGGGAACACCCATTACTTCTTCTGAAGGTAAGGACATACCAGAGTAGAACTGCACAACCCTGTATCTGGCGATTTCACCTTGAACGCTTGAAAGTTCATAGCTGCCACTTCCTGCAGGCGAGGTGACCCCGTAGGAAGTAATGTAAATGTCGTAAGTATGACTTTCTTGAGCAACAAGGGGAAATTCATTGACTCTGGGCCAGTCAATGTATAGATGTTTTAAGTATTGACTGTACACCACACCTGACCCTTCATGCTGTCTGGTAAGGTACTGAAATCTTTGAACGAGCCCCTCAGTTGACATCCAAATGTCCGTAGAAGAAACATCCTCTTCTATGCCTACCCAGATGGAGTTCTCTGAGACAGCACCACCTCTTACTACAATGCCCTGTTGGGCAAGCACGTCAGCCTGATTAAGTAAATCCTGGATCGCATCGGGATGCAGGAACACCAAAAGTGGCATCACCTTAAAGGGTTGAACCATTATCTGATAAGTGGAAAGGTTGGTGAGAACAAGGAATTCGATTCCCCATACCTCACTGTTTTCCAGGTTCGTGACAACATTGATCCTGAAACCACTTCCCGAAGCGGCGCTTGCCCCAATCGACCGAGAACCGCCTTCTTGCTGATAGATCAGCACAAGACCAGGCTTAACCCATTCGGGAACAGGATATTCCCTCGGAAGAAGAAGTGAAAGATCCGCTTGCGCAAAAGCTGTTATGCAGTTATCGTGAACAGCATCATCACTACTAACAGCACTAAAATGCCGTACAGTCTCATGTTACTTCCTCCTCCTTGTTTTCACCATAGCTTTATTATAAAGCCACGAAATCAGCTTCAAGAAAAAGCTGGTTTTGCTTATGTTTTGGGCCACATCGTAAATAAGAAACTCTTTTGTTACAAAAATTCCGGTTGCGCTCTTTCAAAGCTACAACCACCGTGGGAAAGGTAATTTCTACCAAAAGTGTAAACCAAGAAAAAAGAAAGTGCCAAAAATGAAATAAACCTTAAAAGGCTGGCTTTTTGCAAGGTTTCCCTATTGGAATTTTCGCAAGGAAGTCATTCGCTGGAAGCCTCATGAATTCTGGCAGGCCCGGCAGGATTCGAACCTGCAACCCCCGGATTTGGAGTCCGGTGCTCTAGCCATTCGAGCTACGGACCTACCTTCACAAGCAAAATATACCCCAAAAGCGGTTTCCTGTCAACAACATGTTTAAATTAATATCATGCGGGGACACCTAATAAGTCCAGTCTCTTCTAAATATCTCCAGGCTCTTCTTCCTAAACCCCAGTGTGGCTTTTTTATTATACTACTTCATTTACCTTTCTAAGTGAAACTACATGGTTTCCAGTTCAATCTCATCATCATAGTAGTTCCAGAACTCCTCCCAGAAAGTGCGGTTCAGTTTCTCCATCATTCCATCGAGTTTTGGAGAGTGAGGAGGAAGCACCAACAGTTTGAGGTTCCTCCCTTTACAGGCTTCTTCAAATTCACCATAAAACTCGCTTCCCCCATCCACCGGTATGGCTTTTATTGGAAAGGGACGGTGCTCAAGCAACTCTTCCAGGAAGTTCTTAGCCAGATCGATCTTCTTGCAAATCAAAAATTTTCTAAAAACCAGAGAAAAGAGCTAAAGATACTCTATATCGGCGAGTACTGCCCACCTGGGGTGGAGTACTTTTTAGCCTGCACAATCCCTTCAAAAACAATACTTTGGACTTCGAAGTACCCACGTTTCTTCTCTCCACCTTCGCCCTCACTCATCACTAATCCCCAACCAGAACCATCGGTGTAGACCCAGCCAAAGGTTTTTGCCGGAAGCCAAGTATACCAGAAAGGTTTCCCTCTTTCATCGAGGTTATACGGAGCCTTGGGCCATATACAAAGAGGAGTCACCACCACGTGGTAGGAAGCTCCAGGAACAAGACCCTGAAGGGTAAAGCTTTGTGGATCTGCCTGAAGGTAGAAGAGGTACTTGGGATCAGGAACGTACTGGGCGGGGTAGTCGCGGAAAAAGACTGGGTAATTGTAACGAATGTCCTTGGTCCAGTATGCCGAGGACAAGGGTTTCGATGGTTCAACAATGGAAATCCGATATCCCACTACAATACGCTTTACAGGCAGGTAGTAGAAAGTTATACCACCGGCTGCACCTTGGTCGGATTCAAAAATGGATTCTACTTCAGCCTCGAAGGGAGAAAAGGAAAGGGTCGCTTCTCCATCGAAACTCTGCGAGAAAGCAAAGGAAGAACAGAGCACAAAAAACAGGAAAGCTAACAACGCTTTTAGCATAAGGGAACACCTCCCAAACGGTAAGACAATCAACCTTCAAAAAACATATCTTTAAGTTCATACCCCTTAATATCATGTGATACATCTGATAAGTCCAATTTCTCCCAAATACTTTTAGGCTTCTCCGTCCCAAATTTTTCTTCTTGCAGGTTACAAGTCACCTTTGCTTGTTTCCAAAGACTGACGGTGTCTTCTAAAAACACTTTTAACGTCCATTTTATACCTCAACCCCTCCAATCATCCGGTTAACAGCGATAACTCCCAGTAAGATAAGACCCCACAGAGCACTGGCAAGGTGCGAACTCAAGCCCAGAAGGTTAAACCCGGTAGCGACAACCTGGAGAACAACAATAGAAACCACCACCCCAGGAAGACGCCCAAATCCTCCCGCTGGATCCACACCTCCCAAAACACAGGCCAAAACGGTAAGCAGGAGATACGATTCTCCATAATCAGCCTGGGCAGCATTGAAGCGAGAAATCATGACCAGCCCTGCAACGCCAGAAAGAAAGCTGGACAGAAAGTAAGTTTTAAAAAGCACCAGAGCATTGTCAACTCCAGCAAAGAGAGTCGCTGTAGGGTTTGAACCAAGAAGGTATACATAGGTCCCAAAGCGCGTCCTGGTAAGAAGAAGGTACAGGGAAAAAGCACAGATGAAAAAGATTACAAAAGGCATGGGGATACCCAGGATAGTCCCATTTCCCAGGAAAAGAAAACTATCTGGAAAGCCAGCAATAACATAACCCCTGGTGAGAACCAGGGACACCCCCCGAATAAAAATCATAAGTCCCAAAGTAGCGATAATGGCTGGAACATTAACCCAGGCAATGAGAACTCCCTTGAGAACCGCAAAAAGCAGTACAAAAGAGAGGCCAAACAGCATGGCCAAGGGAACTGAAAAACCACTTCGAGTCATACCTATGGCAGCAACAACGCCACAAAGGTTTGCCGTAGCAATGACGGAAAGGTCGATTCCTCCGGTAAGCATTGGAGTTATCTGAGCAAGAGTTAAAATGCCCAAAAGTGGCAACTGGAAGGCAATGGACTGGAGGCTTTCCAAACCAAGCAGTCTCCCCCTGGTCAAAATCCCTAGAAGAACAATTAAGAAAGTGACCACAGCTACCAGAACTGCAGACTGCATTTCTCGCCTTCCCAATTTATCCGTCATGTCCGCCCTCTCCTCTTTTGCTCAAGGTTCTGCTGATAGGCACTCAAAGTGGCAGCAAGAACAATAATGAGTCCCATGATAACCTGGTGCCAGTACGCTGAAGCCCTAACCAGAATGAGACCATTTTTGATAAAGGCGATAAAAAGGACGCCTAAAACTACCCCAAGGGGAGATCCGGCGCCACCAAAAACACTTGCCCCTCCCAGGATTGCTGCTGCCAGAACATCGAGCTCTCGACCCACAATAGCGTTGGGTTGAATCATCTGATTGAGTTCTGCGTGCACAAAACCAGCAAGGCCAGCAAGAAGACCAATGTAGCAGTATACGAAAAGCTGGATTCGAAAGATGTTGAACCCGGCTCGGCGAGCAGCTTCGCTATTTCCTCCCAGAGCGTAAACTTTCCGACCAATGGGGAGATATTTCAAAATGACCCAGGTTGCAAAAGCAATCAGGAACCACACCACTGTAAAAATAGAGAGTCCGTAGTCCACTCCCTTTTCAGAAACCAGGGTAAGCACCTTCAAACGTGCAAAATCCCGAAAAGGTGCTGGAAAACCATAAATCCACTTCCCCTTGCTGATCACCATCAAAAGGCCGTAGAAAACGTTGAGGTTAGAAATGGTGATGATAACCGGGTGCACCCGGGTTCGGTTCACCAAAAAAGCGTTGAAAGCCCCAAGCGCTATACCTATAGGAATGGGGATTAAAAAAGCCAGAAAGACACTTTCCACCATGTATCTGGTGATGATGACTCCCATGACGTATTGGGCCACAGTGGCAATGGCCGTGAAGGAAACATCAATCCCTCCAGAAATCAAAACCACAAGTTCTCCTAAAGCTACAATACCCAGGAAAGAGTTATTGCGTAGTACATCGAAGAGGTTTTCCGCAGTAAGAA
NZ_AP028803.1_gap46	2011713	2013822	2109	AAGTCTTTTCCTGCATTAGCCTTCTAAGACGAGCACAAAAAACAGCATCCGTTAACAAACATCCTCCTGCTGGAGAGGAAAAATCTTCTACCCCCCACTCTTCAGCCAGTTTAAATTGGACTTTCCTGCTTCGACCATAAATATCCAAGAGTTTTTCTCGGTCCACCAAACCCTCCCGCTCAGGAATGGTAGGAGGTAAAAGCTTTGCTGAAAGCGGCCGAAGTAGTAAACCTTCAAGACCGCTATCTCTTTCAATAACCCGTAAAGACCAGAAAAGCTGTGATTTAGGCCTCTGTCCTACCACCTCTCCAGTGAAAACAAAAGAAGCACCAACTTTTTCCATTATCTTCCTGGCTTCCCGTAGCATAAAAATTTTGCAGTCGATGCAGGGATTGCAATTCTTTCCATATCCGTAAACTGGGTTGCGAACGATTTCCAGATACTCCTCGGGCAACTCCACTTCCAGGACTTCAAAGCCAAATTTCAAAGCGTTTTTCAGAACATGAGTACTTTTCTTCCAGAAAGGGCTCAAAAAATGAACGCCCACAACTTTTATGCCCTGTCTGGCAACCAGTAAAGCTGCAAGAGTACTATCCAATCCTCCTGAAAAAAGACCAACCGCTTTGCGCATCTTTGTTTCCTCAAATGCTGTAGGTGGGAGTATTCTTTTTCTGAAGATACCTCTCTACCAAATCCTGAAGAGTGGTAGAAAAGAGTTTTTCTCTAATGCTTTCCTCAAGTTCACCCCATAAATCCCGGGTGACACAATGCTTCGACCGCTCACAAAGAGAGGGATTGTGCACACAATCAACCAGGTCCAGTCCCCCTTCTAAGACTTCTACAATTTCTCCTAAAGCGATCTCCCTGGGTGAGCGAGCCAGTGTATAACCACCCTTTGAGCCCCTTAAAGATACAATCAGCGAACTGCTGCGGAGCGGAATCACCAGTTGACTAAGGTACTTTTCGGATACTCCCTCTTCTCGGGCAATATCCCGTAAAAAGACTGGACCCTTACCGTAGTTGAGAGCCAGTCTTAGCATTAACCTTGCACCGTATCGCGAACGAGTAGAAAGTTTAATGGTCATTCCCCCCAATACTACCAATTTAATAGATTTAGTGGTATTATATGGTATATCCAGAATTTGTCAAGTAAGTGCACCAAGCACAAACCACAGGGCGGTGGCTAAAATGCGTCAAATAGGTCTGGTAATCAAGACGGAAGGTAACAGGGCCTGGGTTAAAATGCAAAAAGGGGCCTCTTGTGGTGAAGAGCATTGCCCGCTTAGTTCATCGTTGATTGATGACTCCCAAGACGACTTCTACACCGTGTGCGCCATTAACTCAGTTGGAGCCAAAAGCGGAGACCAGGTAATGGTGGAGGTAGAAGATCTTTTCCTTTTGCGCACAGCGTTCATGATATACATATTGCCAATTCTTGCCGGAATACTCAGCTATGCTTTGCTGAATTATTTTTTGAAGATACCTTCACTCACTTACACAGGAACCTTTCTAAGCGTGGGAATAATAGCAATACTCCTTAAAAGAGCGGACAGGAAACTCAACTTCCCTTACCGTATAGTAGAGCTGGGCACTGCATCAGTATGCACTTCCTGCCCGCTTAAAAACCGTAATGAGCAGCAAAAACTAAAGCCGTGAAGCAACTCGCTCTCCACGAGCAAGACCAGATATAGCCTGCATATCCTCTTCGGTAAGCTGGAAATCAAAAATTTCCAGGTTCTCCTTCTGGTGTTCCAGGCTCGCTGCCTTGGGAATAGCCACCACCATTTTTTGCTGAATCAACCACCGTAAAACCACCTGAGCCGGGGTCTTACCGTATTTGGCAGCAATGTCCCTGATAAGCGGTTCCCTTACCGCTCTACCCCGAGCCAGAGGACAGTAAGCGGTAAGCGCAATGCGGTGGTTCTGGCAGTAAGTAAGCAGCTCCTTTTGAGAAAGCAAAGGATGATATTCTACCTGGTCATTCACAACTGGATAAGGTGAAATACTGATTGCCTTTTCAAGTAAGTCTATTTCAAAATTACTTACTCCTATGTGGCGAATCTTACCCTGCTCTTTAGCCTCCGCCATCGCCTGCAAAGTTTCCTCAAG
NZ_AP028803.1_gap47	2024676	2029284	4608	GCCTCGTAAAGCTGGTCTTCCCCAGAAAAAACCACTTTCTTGAAATAACTTGTTCCACGTGGAACAAGTTATTTTCCAATACAGAAGTTCGAAAAAATCGCGTCCAGAAGCTTCTGGTCGACATCTTCTCCAGTAAACCTGCGGAGAGTTTGCAACCCCTCTTCGAGGAGAATACCCACCACGTCTATTGATAAACCCTGTTTCAGGGCCCCTCTGGCTTCTTGAACTATCCTCAAAACTTCCTCAAGAATTTCACGCTGTCTCTGGGTAACCAACAGAGGAGTTTCTTCAAGGTCCACATTAAGTTGCGCAACGTTAACCAGCCTTTCAAACAATTTTTCTATTCCTTTGCGCTGCAAAACTGAAATCTCGAGGACTTCCTCTTCAGGACACAGTTTGTTCAAATCCTCTTTGTTAATTTGAGGTGACAAATCGCTTTTATTCAAGACCAGAATACGCCGTTTATGAGCAAGTTTTTTAACGAGCGAGAAATCTTCCTCTTCAAGAGGCTGGCCCATATCGAAAACCAGCACCACAAGGTCCGCTTTTTCAAGAAACTCTTCGGCTTTCTGCAAACCAATTCTTTCTATCACGTCTTGTGAACTTCTGAAACCCGCCGTATCCACAAAGCGAAAAGGAACCCCATCTATGGTCAGAGAAACCTCGAGAACATCACGAGTAGTTCCCGGAATGGGGGTTACAATGGCCCGTTCCTCACCGCATATCAGGTTGAAGAGGCTGGATTTTCCCACATTTGGTTTACCTGCAATGACCACCAGAATTCCGTTTTGAAAGATGGCAAAACGCTCGCTTTTCTGCACTTCTTTAGCAAGTTCTTTCTCAAGGGTTTCGAGTTCCTTCCAAATCAGTTCTTCAATCGAACCTTCAACAGCATCTGCAAAGTCGCAAAAGGCTTGAACATACGCCTGACATAGCAAAAGTCTGTCTTGCCAGCTCTTGACCTTCTGACTGAGTTGGCCACTCAAGCCGCGATAAAAAGCAGAAAGAGCCTTTTCAGAGCGTGCCTGCACCATTTGGGCTACTGCTTCAGCTTGAGTAAGATCTATCCGGCCATTTAAAAACGCGCGCAGAGTAAACTCACCAGGACGAGCAAGCCGTGCCCCGTAACGAAGACAAAGCTCGAGTACTTTGTGCAGAATCAAAGGTCCTCCATGAACCTGAAACTCAACTACATCTTCACGGGTGTAGCTGCGAGGAGCACGCATGATAACTATAAAGGCTTCATCCAGAACTTCCTCGCTGCTGGGGTCTACAATTCTGCCAAGATAAAAATGAAAGGCTTGCAAGTCCTCAAGTCTTTTTCCACAATAAGTCTTAAAAATGGAAGCAGCTATGGGAATTGCTCGGGGGCCACTCATCCTGACAATACCAATGGCCCCCATACCAGAGGGTGTCGCTATGGCAGCAATAGTATCTTCACTAACACAGAAACTACTTTGCCTGTTCACGCTTTTTGTTGCGACGAGAGGACTTCTTGCGGCTATTTTTAGCCTTGGAGCGTTCCTTAAGGTCAATGACCACACGTCTTTCCGGCTCTTGACCTATACTGTAGGTGGTAACCTGAGGATGACCTTTAAGAGCCACGTGAATAATACGTCTTTCCCGGTTTAACATAGGTTCCAGTTTTATCCTTTTTCCCGTCTGAATTACTTTTTTCGCTAAACGGTTAGCCAACTTGCGCAATGCTTCTTCTCTTCTTTTTTTATAATTAGCCACATCAACTTCAACGGGAACCTCTCTAAGACCCTTTCTGATGAGATACATTTTGGAAAGCAACTCAAAAGCTTGCAGGGTTTCCCCTTTTTTACCGATTAAAAGTCCAGAGTCCTCCCCATCGATTGAAATCAGCAATTTTTCCTTGTTAGCTACTACCTCAGCAGAAACATTAACCTTCATTTTCTCAAAAAGACCGTTTATGAACGTTTCAATCTCGGTTCTTGCCTTGTTAAGCAGCAAGTGGTCTACTTCAGATGGCTCGGAATGTTCAGGTTCCCCGGCAATTGCCTTTGGCTCCTGACTTTTCTTCTCCCCAGATTCGTCTATGGACTGCTCCTCAGAAGAGCCAGTCTCGTTGTCTTCTTTAATCCACACTCGAACTTTTAAAGCCCTGGGAGCAAGAATGCTCAAAATACCCTTACCTTCAGAAATTATTTCATATTCCAGCTTTTCTTTAGGAATCTCAAAATAGTTAGCAGCTCTTTCTAAAATTTCCTCAATGCTTTTTCCAGACACCTCAACGCTTCTTCTCACGCTTTTTTCCCCCTTTTTTGGAAACCCCAGAACGAGAGGAAGAATTTTCTTGGGCAGATGGTAAGCTTCCCGAAGCGAGTGCACGGGTTTTGCGAACCTGCAGTTCAACCATATATTGCTGGAAAATATAAAAAAGATTGGAAACAAACCAGTAAAGCAGAACACCCGAAGGCAGGCTCCAGCTAATGAATACCAGGAAAAGAGGCATAAACACCATCATGAGCAGATTCTGTTGAGAAGCTTCTCCACCCATAGCCGGCGTTGCAATTTTTTGTTGCCAGAAAGTCGTAGCACCCATAGCCAGTGGCAAAATGTAATAGGGGTCCCTTTGAGAAAGATTGGGAAGCCACAAAAACCCCTGTCCATAATCGTAGGTAACCAGAACCCGATAGAGAACGAACAGAAAAGGTAATTGAATCAGTAAGGGTAAGCACCCACCAAGGGGGTTAACTCCTTTTTCCTTGTAAAGACGCATGATTTCTTGGTTGAGTTTTTGGGGGTCTTTTTTGTACTTTTCCTGCAGTTTCTTTACTTCAGGCTGGATTTCCTGCATCGCTTTGGTAGAAAGGTTTTGTTTATGAATGACTGGGTACAGAGCCAGCCTGATTACCACAGTCAGCAAAATGATAGAAACCCCGTAATTACCGGTAAGATTGTAAAAGAAACGGAGTATAAACTCCATTCCTTGAGCCAAACCATCCCAGATCTGCGACCACATAGATAAAACCACCTTTTAATTAGATTAGTGCTAAGGCACTGGATCATATCCTCCAGCCGAGTAAGGGTGGCAGCGGATAACCCTTTTAAAAGCCAGCCACAATCCTTTCCCTAAACCGTATTTTTGAACCGCTTGGCGAGCATATTCAGAACAGGTAGGTTCAAAACGGCAACTGGGAGGAAAAAGAGGTGAAACAAATCGCTGATAAAAAACAATCAACCGATCAAAAACCAGCAGAAGTTTACGATCCATGCCCACGCTTACAGCAATTCTCCTTGTCCACAAAGGTTTTCCTCAAGTAACCTCGCCATCTTCTCCACTATGGTTTTAAAATCTTCACTAAGAAGCCGCTCATCACTAAAAAATATTACATCCACCGGTTTTTCTCGAAAACGGTCATAAAAGTACTGCCGGAAAGCTTCTCTAAGCCTTCTCCTAATGCGGTTTCGGCGCACTGCTTTCTTGCTCCTGCCCACAAAGCATACTCGCAAAGACCCACTCTCTTTTTCGAGAAACCACATCCGGATGGGTGGCAAATCCACCTTTCTGCCCTCACAGAAAACCCGGTCAAAGTCCTTTTTCTTCCTCAGTGTTTCCATCCGTTAAACGGTAAGACGCTTACGACCCTTCTTTCTTCTCCTCCTAAGCACCTCCTGTCCCGCCTTTGTCTTCATGCGAGCTCTGAAACCATGAGTTCTTTTTCTTGGCAAGTTGTGAGGTTGATAAGTTCTTTTCATGTTTTCTACTCCTTTCCTGCTTTGAATCAAGGGGAAACAATCGTGCGGGTTAATTATATCGACAACCTGCTCGTCAAGTCAATAATGATTACTCCCCACAGTCAGAACAGGGCAATTCTGACATCCCAATAAGGAGTCACAAAAAATACACTGAACATTGTAACGCTTCTCTCCGGGTATACTACCAAAACTTGCCTTAAAATCTTTCCAAGTATTCTTAAAGCCTTCTTTAAAAAAGAAGTGAATCTGGTAGAATGAAATTTAAAAACAATCAGTACTTTAACCAGGGAATGCAAAACTTGAGTAAAACTTGCAGGATTGCAGTCTGTGTAAAGCAGGTTCCTGAAATTGGAGAAGCTCGTATCAACCCCGAAACTGGAACGCTGGAACGCAGTGGTGTTCCTCTTACCATAAATCCACTGGACGTTGCAGCTTTACAGATAGCCCGGCTCATAAAAGAAGAGATTGGAGGAGAAATGGCAGCTTTTTCAATGGGACCAATTTCCAGTGAGCGAGTTTTGAGAGACGCAATCGCCTGGGGTTGTCAGCTTGGTTACCTGATAAGCGACCCCCGACTTGCCGCTTCTGATACGTATGCCACTTCCTACATCCTATCCAAAACACTGCAAAAATTCGGTCCCTGGGACATCATAGTGTTCGGCGAAAGGGCGATTGACGGAGACACCGGACAGGTAGGACCTGAAGTAGCTGCTTTTTTGGACTTACCAGTGTTCAGTTACGTTACCGAAGTCGTGGTAGAGAAAGAAACCTTTCACATTACAAGAATGATTGAACGCGGATGGCAAATCATAAAAGCTCGGCCTCCCTTTGTGCTAACCGTTTCCCGAGGTAAGAATGCAGTGCGAGTTCCCACTCTCAAAG
NZ_AP028803.1_gap48	2031030	2034171	3141	TGGAAATAGTAACCTCCTGGGGAGAAGTGTTGTGTTTTGGTGGGAAAACCCAAAAAGATGTTACTGGCTACGATATTCTACATCTCTTAGTGGGTTCTGAGGGAACCCTGGCCATAGTAACCAAAATTTATCTACGTGTGCTTCCTCGTCCTCGAGAGAGAGCAGTATTGCTCTGTCCCTTTTCCTCCATTGAAGCAGCCCTGAGAACACCCTGGCTGATAATGGGGGAACTGGGTGTTGTGCCTGCAGCGATTGAGTTAATGAGCCGTCAAAGCCTGGAATTTGCTTATCAATACTGTGATTCAACTTACCCCTTTCAGGAAGCGCCATGCCATCTCCTGGTTGAAATAGACGGGCAAAGCGAAGAAGAGGTCTTCAGCGTTTATCGTCTTATCGGGGAAAAACTGCTTGCAGAAGGCGCTCAAGAAGTTTTCGTGGCCGACGAAAGCAGTAGCGCAGAAGAAATATGGAAAATTCGTCGGGCAATTCCCGAAGCCATTCACCAGACGCTTCCTTTAGAGATTAACGAAGATGTCTCCTTACCCTTAGCTGCCCTGCAAGACTTTGTGCGCTTTATAGAATTGCTCAGCAAGGAAAACAACCTCCTGGCTCCTTTTTATGGGCATCTTGGTGATGGCAATCTTCATGTCACCCTTGCTCCCTTGAAAAGCGCAGGGTGGGAAACACTGGAACCAGAGTTGCGAAAAAAATTTTACCAGGAAGTAAAAAGGTTGGGAGGAGCGTTGACCGGTGAACACGGAGTAGGCCTCAAGAGGAAAGAATATCTTCCCCTTTTCCTCGGACCTGCTGAATTGCGCTTGCTTCACAAGATAAAACAGGTGTTTGACCCGAAGGGGATTCTGAACCCTGGCAAAATTTTCCCGGAGCAGGTAACCCCGAAAGAGTGAACCAATGCGCTACAGAGACCTATATCTCAACCAGCGAGTATCTCTTCTCACCCAACCCCAGGGCACAGGCATAGTCAATCTGGGTTTGCCACAAGGCTTGAGGGTGCACATCTTTAAATTTATCCTGGCCGGGCTGATGTGCTTTCTTAAGGCCCGAATTAAACAGGCCGGGAGCGCTATTTACGAGATCCGCAGAAGCCTGGTCAACAGCCACAATGTCATGGCTACCCAAAACACCAATATCTGGTACCAAACTGGCGTCATGCCAGGGAGCACAGTCACAATCAGGGCTTATTTCAGTTAAAAAGTTGATAAAACCTACCTTACCCTTTTTACCTGTAATCACGCCATAGGCATACTCGACCATTCGCTCTTGAAGGGTAACACTTGAAGACGACCACGAAATGCCAATCGCTTCAGTAGGGCAGTAAATGACGCATTCTGCACAGCTGATACACTTTTCCACCAGAACCCGAGCTTTACCATTGGTATCAAGATAAAGGGCCTCAGCGGGACAATGCACCACACAACGCCTACAACCAATGCACTTTTCCTGGTCCGGAGAAGGGATAAAGGTTTCCCCGTGCTGGAGTTGTTTCCCTGAACGGGAAGCACACCCCATGCCTACGTTCTTGATGCTCCCTCCCAGCCCTGCTTCGATGTGACCTTTAACATGGGTAACCACCAGTAAAAAGTCCGCTTCGTGAATAGCACTGGCCACCTTTACCGTTTTAAAGTGTTTGAGATTTACCTCTACTTCCTTAAAATCGCTGCCCCGCAACCCATCAGCAATGATTACTGGAGCAGAAACAGAAGGGTAAGAAAAACCGTGAAAGTAAGCCGTCTCCAGGTGATCAAAGGCATTATGGCGAAACCCGGTATACAGGGTATTAGTATCGGTCAAAAAGGCTTTGCCACCCAGGTCCCGAATTGCTTCCACGATATAGCGCAAAAATACCGGTTTGATAAAGCCGTGATTACCTCGTTCTCCAAAGTGGACCTTAACTGCAACCAGGTCATCCTTCTCAAGACGCCCTTCCAAAAGTTTTTTGGTCATTCTCTTTACTCGTTCAAGAACAGAGCTTTTCTCATCCTGAGCCCGTAATGAAACAAAATAAACTTCTGCCACCGTAAATCCTCCTTTTCTCTAACAACCCACCTTATTTTAGCAGGTTTTCCCCCTCAAACAGCCGTGATAAAATAAAAAAGGAGGTACTTTTTATGAAAAAGAATCTTAAAATCCTGCACACCGCAGACTGGCACTTGGGGCTTGTTTCCTGGAAAGGTTTCAAGGGAGTTAACCGCCTCGAAGAGCAAAGAGAGTGCCTTCAGGAAATGTTGAAAATCGCCCGGGAAGAAAAAGTGGATCTCGTCCTGCATGCGGGAGACCTGTTTCATCAGTATCATAATCCTCCCCGCGACGCTATTCGTTTAGCAACCGAAGTTCTGGTCGAGATGAGTCGCCACGCTCAGGTGGTCTGGGTCATGGGGAACCATGACTGGTATGCGATAGAAGCCCTACAGGGGATATTCCCAGACTCCATCACGGTATCTAAAAACTTTACCCCCTTACTCATTGAGGATTTCGGCGTATGCATTTATCCTTTACCGTACTTGAGCCTTTCCAGATATCTTGGAAAATACCCTGGTAAATCCATCCAGGAAGAGGTTGCAGAAGTGTTAGCAGAGATATTCCAAAAATGGCAGCAACATTACCATCCGGAGCACTGGCACATTTTGCTTGCTCACTGCACCCTTGAGGAATTAGCTTTTTATAAGGAAGCCAACATAGCACGAGAAATATTCTTAAAAACTGCCGAACTACCCCGAGGCATTGATTATGGAGCTTTTGGTCATTTGCATGGCCTGATACCCTTTGAAAAAGCTCCCTTCCCAATTTATTATCCATCTTCCCTCATTTGCGACACTTTCCAGAAAGAGGGCGAAAGAGGAAGTTTTCTCATTGTAGAATTTAAAGAGGGACAAAAACCCGAGGTGCGACCTTACTATTTTAGCTCCTCTGCACAGCTTTTCAGTCTTTTGCTTGAAGAAACTGAAACCATAAATAACCTGGAAAAAGTGATAACCAGCCGAGCACAAGGAAAACGTAACTACATCCGGCTGAGGATAAAAGAAGAATTACTAACTCCGGAATTCATATCCGAAATCAGAAGCCTGGAAGGCGAAAACTGGCAGATTGTCTCACTGGAAGTCTTATCTCGCAAGGTCGAAA
NZ_AP028803.1_gap49	2081260	2085034	3774	AATCCACAGCTTCCGAGATAGCCAAGCTGGCCGAAGAGCTGGATTTAATAGTCATTGCCGACGAAGCATATGAGAAATTCATATATCAGGGAAACTATACTGGAATGCACCGCTTTGTAAACCCTGAGCGACTGATTAGCCTCTTTTCCTTCTCCAAAACCTATGCACTTTCTGGATGGCGCATAGGCTGCATGGTAGCTCCGGTGAAGCTGGTTCCTGCTCTCTCCAAAGTCGCTGAGTACCTCATAGCTTGCAGCTCTCACATCTCCCAGAAAGCAGCAGAAATTGCCCTGGACCTGCCGGAAGAAGAAGTAAAAAAGATGAGGGATTATTATGCTTCCAACGTGGAAATTGCCTGCCAACTGCTTGAAGAGGGAAAAATGAAGTTTTTCCGACCTCAGGGAGGGTATTACGTGTGGGTAGATGTACGAGAGTATGGAATGCCCTCTCTTGAGTTCTGCAAACAGCTGCTCGCTGAAGAAAAGGTGGCTCTGGCACCAGGCGAGACTTTCGGAGAAAATGGAGAGGGTTTTGTGCGCATCTCCATCTGCCGCACCCACCAGGAAGTGGAAGAAGGAGTTAAAAGGCTGGTTCGTTTTGCAAGGAGAAGAGCCTCATGAGTCGGTTACGAATCATTATCACCGTTGGTGACCCGGCTGGCGTGGGTCCTGAGATAGTGGTCAAAACCCTTGCCAGCTGGGATATCGACGCCCAACCTGTTGTGGTTGGTGACCGCTGGTTACTTGAGAAAGCACAAAAGTGCTGTGGTGTATCCATTTCCTGGCAGGAGGTCACACCATCTTCCGATTTTCACAACGCAAAAAGCGACCTTCCCCTTCTGGTTAGTCCTCAGGTTTTCCCCGAAAGCTTCTCCTCCTGGGGCAAGGTCTCCAAAGAAGGAGGCAAAGCTTCTTTTGAGTACCTCCGAAAAGCTGTAGAACTCATCAAAGATGGCCAAGCTCAGGCTTTAGTAACCGCACCTCTCAATAAAGAAGCACTGCATGCAGCCGAAATTCCCTTTATCGGTCACACTGAAATCCTCAAGGAATTAACTGCCTCCCGGGATGTGTTTACCATGTTCCAGATTGAAAACCTGCGAGTTTTCTTTTTTACGCGCCATCTGCCACTCATTGAAGCCATCCAGAAAATAACCAGAGAGGGTTTGTTATCATTCTTAAAAAAGATGGACGCATATCTGCGAAGGTTGGGCATAACCAATCCTTGCATTGCCGTAGCCGCTCTCAACCCTCACGCTGGAGAAGGGGGTCTTTTAGGCACAGAAGAGCAAGAAATCATTGCTCCCGCTATAGAGGAAGCCCAAAAAGCGGGCATAAACGCAGAGGGACCGTTCCCTGCTGATTCCATCTTTTTCTTCGCCTGGCAGGGTTCTCACGATGCAGTTCTCTCTCTGTACCACGACCAGGGACACATCGCCACCAAATGCATCAACTTTTTTAAAACAGTGAGCGTTACCTTAGGATTGCCGTTTATAAGGACCTCACCGGACCATGGCACTGCTTACGACATAGCCTGGTCAGGCAAGGCTAACCCGGAAAGCATGCAAGAGGCTTGTCGCATAGCCGCTCATTATGCCACAGTTTACCGCCCACTTTGAAAGTCGGGTTTGAGAATCAGCCCGGCAAGTGGCGGCAAGGTCAACTCGATTGAATAGGGGAACCCGTGGCTGGGTTCCCTCGTCGCCATCACTCCTCCCCAGTTGCCCAGGTTGCTGCCTCCATAGATTTCGGAATCACTGTTTAAAAGTTCCCGGTAAAACACTGGAAAGGGCACTCCAATGCGATAGTGAAAGCGAGGAACAGGCGTAAAGTTGCAAACGAACACCAGGCACTCTTTCTCATCCTTTCCAAACCGTAAAAAAGAAATGACTGATTGTTCCACATCACTGCAATCGATCCAGCGGAAACTCCGAGGTGAAGTCTCGCTCTCCCAAAGTGCCTTTTCCCGGCGATAAAGCATTTGCAAATCCCGAACCATGCGGTGAAAAGCACGGTGATTTCTGTCCTTAAGGAGAAACCAGTCCAGTTCTCCATCATGGTTCCACTCTCGCCACTGCGCAAAGTCATTGCCCATGAAAAGCAACTTCTTCCCCGGATAACCAAACATGGCTACCATGGCTAAGCGCAGATTGGCAAACTTCTGCCAGGTATCCCCGGGCATTTTGTTAAGCAGGCTCCCTTTACCGTGCACCACCTCATCGTGAGAAAGAGGCAAGATAAAGTTCTCCGAAAAAGCGTACATAATGGGGAAGGTCAGGTTCTGGTGATGGTACTTCCTGTAAATGGGGTCCTTGCTCATGTAGGTTAAAAAATCGTTCATCCAACCCATATTCCATTTAAAAAGAAAACCCAGCCCCCCCACTTCCGGAGGAAGAGTTACCCCGGGCCAGGCCGTGGATTCCTCAGCAGCAGTGAAAATACCTGGAAACCACTGGTAAACCACCCGATTGCAGGTGCGCAGAAAATCGATGGCTTCCAGATTCTCTTTACCTCCAAAGGCATTGGGAACCCATTCTCCAGGCCCACGTCCATAATCGAGATAAAGCATGGAAGCCACCGCATCAACCCGCAGTGCATCGATGTGATATTCCTGAAACCAGAAGACAGCATTGGAAATAAGGAAGCTCCGTACCTCCTCCCGGGCATAGTTGAAAACCAAGCTTCCCCAGTGAGGGTGCTCTGCCTTACGAGGGTCAGGGTATTCAAAAAGGGGTGTCCCATCAAAGCGAGCCAACCCGTGGGCATCTTTTGGAAAATGGGCCACTACCCAGTCAAGAATCACACCCACTTCATGGCGGTGACAGTAATCAACAAAATACTTAAAATCCTCCGGTCTCCCATAGCGGCTGGTGGGAGCAAAATAGCCGGTCACATGGTAGCCCCAGGAACCATCAAAAGGGTGCTCAGCAACGGGCAAAAGCTCTATATGCGTGTAACCCATCTTTTTCACATAGTTCACCAAAAGATGAGCCAGCTCGCGGTAATTAAGGAAAGCACCGTCTTTCCCTCTTTTCCAGGAACCAAGGTGAACTTCGTATATGCTCACTGGTTCTTCAAGAAGGTTTCGAGACTTCCTGCGCTCCATCCAATCTGCATCCGAGAAAGCAAATTTTTCTTCACTGCGGTACACCACCGAAGCCGTTTTGGGACGCAATTCGCTCAAAAACGCAAAAGGGTCAGCTTTGAGCAGGAGATATCCCTCCTGGGCTCGAATTTCAAACTTGTACTTTTCACCCTCCCGTACTCCGGGAATGAATATCTCCCATATCCCAGAAAACTTAACGTTCTGCATCTGATGAACTCGCCCATCCCAGTGGTTGAAATCGCCAACCACACTCACTCTGCGGGCATTGGGCGCCCAGACCCGAAAGCAAACTCCCTCAACACCCCTGCGCTCTTCAAAATGAGCTCCCAGAAAATGAAAAGCCTGATAATGCGTGCCTTCCTTAAAAAGATAAACGTCCAGGTCAGAAAGCAAAGGCTCAAAGGAATAAGCATCAGCGGTCAGATATTCTCCCCAATCAGTTTCCACCCGGAAAAGGTAATCAACTGGCTCCGGCAAAGGTAGGGAAGATTCAAACAAACCCTCAGCATGCACCCTGCAAAGAGGCCAGCTTTTTTTTCCTTCTTCTAAAATTATCCACACCTTTCGGGCATAAGGCAAAAAAGTACGCACCACAACACCATTCCCACCATCCAGGCGGTGCATGCCCAGAACTCCAAAAAGGTTCTCGTGCTCCCCTCTACAGATTTTCTC
NZ_AP028803.1_gap50	2183587	2186334	2747	AAAACCTGTAGGCCTCAAGGCAGTCGTTGAGATTTCGTAACTTCAAACACAGAAGTTTCTTCACAGCCATATAATGCTACCACCACTAGTTTTGGTCAAAAGAGTAAAAACAATATGCCGAATATAGTTCCTAAATCTTTTCGACCCAGCACTCATTCCTACACCGGGACCGGGATGAATATCTCCAATAGCCGGAGGTCTGAGAAAAAACAGAGCTCCAAAAGCTGGCACTCGCTCTTTTAAAAACTTTTTGAAAATTAATTTTTTAAAGAAAAAATAATTTGATAAATTTTTTCCTTAAAAAACATATTGACAATGCACTACATAAATGGCATCATTAAAAGGGTGAAGCCGAAAATGAGCGCAAAAAGTTGTATCCTAAGAATTCGATCCACGTTTGATTCTCTGTGCCACGCTCAACAAAAAGTTGCACAATTCGTCTTAGAAAATCCTCAGGAGGTTCTTTCCTCTTCCATCTCTGAACTTGCTAAAAAGGCCCGCGTTAGTGAAGCCACGGTACTCCGATTCACTCGTGCTATAGGATACGAAGGGTATAGTCACTTCCGAATTGCCCTGGCCGAGGATACCGCCACTCAATCTCTTCGACAAGGCCTGGAAAAAATTCACGAAGACGTAAATGTAGGCGATAGCTTTGAAGCAATTTTCAGAAAAGTGCTTTACTCAAGCGTGGACTCTTTATCCACCACTATGAATCAGGTAGATGGAAAATCCATAGAGAAAGCAGCTAACTTGATCTACCACGCTTCGACTCTGTTTTTAGTAGCAGTAGGCAATTCTCAGCCAATTGCCATGGACGCAGTACACCGTTTTTTGAAACTGGGCAAAAAAACGGTTTTCTTCACTGATCCAGTAGCTGCAGCCATGTTTGCTCGTTTACTGGGACCGAACGATACTGTAGTCGCCATCTCTTTCTCAGGTCTCTCAGTAGACGTAATTGAAATTGTCAAGATTGCTAAAGAAAATTCGGCCAAGATTGTTGCCATTACGAGTCAGGATAACACTCCACTCACCGATCTATCCGATGTAAAGATCTTCTCCTACTCTAAAGAAACCCGTTTTCGGACAGAGGCCATGGAATCACGAATCGTACAACTAAGCATCATCGATGCACTTTTTGTATCAGTGGCTATGATCAACCCCCAGAAGGCCTTACGGGAAATCCAAAGTACCACCAACCCACTTCCCTACAAGGTCGTACCCAAAAGACAGAGAATGGGAGGTGATGTACAAAAACAGCACTTAGTTCCTCCATCAACTCCTTAGGGGTGCGGTTTATGCGTTGTTTTAGGCCAGGTGTAATTCGTAACTTGTAACTCTAAAGAGCAATATCAGAAAGGAGGTATGTAAAGGTGAAGTTTCTTAAAGTGTTTTTGGTAGGAGCGATTTTACTTGCTCTGAGTTTGCCCGCTCTGGGGCAGGAAACTGTGGAAATCGAGTTCATGCAGTGGTGGCAGCCAGAAATGAAGGGTGATTCTTTCGATCAGATGATCAAAGATTTTGAACTTCAAAATCCAAACATCAAAGTAAAGCCGGTAACCTTACCCTATGCCGAGGTTAGAGACCAACTTCTGATCCAGGCGGCCGGAAAAACACTACCTGATGTGGTAGGAGTAGATCCTCAGTGGATGCACACCCTTATCAAATACAACGTGATTGAAAATCTTGATGCTTACATCGAAAGAGATGGAATAGATGTTTCCAGTCTGGCTCTAAAAAAGATTAAAGGCTCAGCCTGGATATTCCCGGTTACTTCCTACATTTACCCGCTGTTCTACAACATTGATCTTTTAAAAGAAGCTGGCTTCGAAGGTCCTCCTAAAACAAGGGAAGAGTTCCTTAAATATGCTGAAGCTTTAACCAAACCTGAAAAAGGACAGTATGCTTGGGTTTTGCCGCTCTCTTTGAGCCTCCCAAATGGAATCAGCAATGATATTTGCCCCTGGCTATGGGCCGCGGGCTTTGACATCATGAAAGATGGAAAGCCCTATCTAAACCACCAAGGAATGATAGATGTACTTAAGTTTATAAACGAACTATACCAGAAAGGCTTTATCAGTCCTGGCACGATGGGTAAACGCGAACCAGAAAAAGTAGAAGAATTTGCCAACGCTCGAGTAGCCATGATGATCAGCTCTGTAGCTCACATAAACATTCTACGGGAAAGGAACCCTAACCTGAATTTTTCGATTGCAGCTATTCCTGCACCAGCAGGATATGAAGGTCCTCCAGCCTTGCGAGTTGCTTCCTGGGATATCGGGATTTCTGCAGCTTCTAGCACGGCCGAAAAAGAAGCGGCCTGGAAGCTAATTAAGTACATCACTAGTCCTGAAGTAAACAGTTTCGTATGTAGTAACGCTAATGCTTTCCCCGGAAATTTACTTGCCAAACCGGACTACGTTGGTGGTGACCCAGTATACGAGCTAGCTTACGATCTTTTCACTAAAGCAGATCTGAAGTACCCCCTGGTGGGTGCACCCGAGGCTTTTGAGCTTGAACGTAGTTTTGCTGAGCTCATCCACGCAATGTTCCAGGGCGAAATGACTCCAGAAGAAGTAGCTGTTGAAGCGCAAAAAGTTTGGGAACAGATCTTTGCCGAAAACGAGTAGTTACTACTGTGCCCGGTATGGAGTGCTCCATACCGGGCATTCTGTGTTTATAAAAAATCCGTGACACAAAACAGCAGAGGTCAAAGCAGTTACAAATTCATTCCATTCAGGCAGGTGATC
NZ_AP028803.1_gap51	2191962	2195233	3271	GTATTGCCCCTCTTTGCAGGCATTTACAAAAGAGGTGCAGGGCTGGGTCCTGCTGTAGCCTTTCTGTATTCTGGTCCTGCCATCAACATACTGGCTATTTCCATGACAGCAAGAATCTTGGGAGCAAGACTGGGCCTGGCCCGTGCCATAGGAGCTGTGGTGCTCTCTGTGGTCATCGGCCTGCTTATGGCTGCTATTTTTCACAAGGAAGACTCAGAAAGGCTTCAAGGCTTCGTAGTCCAGGGAAAACCAGAAACCGAAAAAAGATCACTTGTTCAAACCCTTTTTTACTTTATCAACCTCATCGCCATACTGGTTTTTGCTACCTGGGGTAGATCAACACAACCAGGGAGTGTTTTAAATGCAATTTACAGCATCAAGTGGTACTTGGTTATTCTCTTGCTTGGGCTTTTAGCAATTATGCTTATCCGCTGGTTTGAACGACGTGAAATTTCTATGTGGATAGAATCCACCTGGAGCTTTGCGCAACAAATTCTTCCTTTACTTTTCGTAGGCGTCCTCTTAGCCGGTTTCCTTACCGGAAGGCCAGGAACCGATGCTGGTATCATTCCAGCAAAATACGTGCAATTGGTGGTCGGCGGAAATTCCATCAGGGCCAATTTCCTTGCTTCTATCATCGGTGCATTTATGTATTTTGCCACGCTTACCGAGGTGCCCATTCTGCAGAGCCTGCTTGGTTCTGGCATGGGGCAAGGCCCAGCCCTGGCGCTTCTTCTTTCCGGACCAGCACTGAGCCTGCCCAGCATGCTGGTCATAAATAGTATACTGGGGCCTAAAAAAACATTTACCTACGTGACCCTGGTGGTACTCATGTCTACCATAGCAGGCTATATCTTTGGAGCAATATCTTAAAATTCGAGGGAGGTAGATATAAATGGAAATCAAAATTCTCGGCATGGGCTGTCCAAAATGTAAAATGCTGGAGGAAACCACCCGCAAGGCTCTCCAAGAACTGGGTATTAACGCAGAGATTGAAAAAGTTCAGGATATCGAAAAAATAATGGAGTACAACGTCATGTTTACACCAGGGCTGGTCGTGAATGGAGAAGTCAAAGTAGCCGGTAAAGTGCCCTCCAAAGAAGAAATAAAAAAAATTATCCAGGAATGCAAAGAACAAGCTGGATGATTGAGGAGTAAAACAGGGGAGCAGAAGGAAAATTTTCTGCTCCCCCAAGCAAAAAAGAACTCCATAAACACAATTTGAGTGCAGGAATAAAATCGGGATAGGTAAAGACAATGAAACGTGCTACATATCCTGCCTCGCAAAAGAAAAGCGCGGAAGAAGCTTTAAAATTTTACATTCTCAAACTAACTAAAAGGGAGAACAGCATATGAGTCTACCCGAAAAATTTACCTACTGGAAAGGGATACCCCGGCAGGAAATAAACTGGCATCCTACCATTGATGAAAGCAAATGTGTCGGATGTGGCATGTGCGTGACCACCTGTGGGAGAAACGTTTTCGACTATGACCGAGAAAAGAGAAAAGCAGTCGTTGCCAGACCACTCCAATGCATGGTAGGGTGTACTTCTTGCCAAGTATGGTGTGTGTACAATGCCATATCCTTCCCCGATCCTCAGTACGTAAAGGACTTGATCAAAAAGAGAAACGTGCTGGCAACCGCAAAAAAAGAGCTTCAGGCAAGAGACTAAAGCAAGAAGAAATTTGATGCGTAAAAAAATTTAGCCATTATAACCATTCATTCAAAATGTGTTTACAATCAATTCATGGTTTCTTCATACTTTCGCCACTTTGGAAAGCTACAATAGGAACAGAATAGAAATTAAAAGAGGTGATTGAAATGAGAAAAAACTTTTTCGGAATAGCGCTTGCAATGATCTCGGTACTGACCCTAACCAGCATTGCTTTTGCCCAGGGCAACGCCCAAAGCGCAAACTGGGGCCAGAACCTCAACGGTGAAATAGTGGAAATCTCGGGAACCATCCAGAGTCTGGATTTAGAAGCTCCGCAAACTGAAATCACAATTGTAACCAGCGACGGAAACACAGTAGAAGTAGAATTGGGACCAGTATGGTTTCTTGAAGGGTTAAATGCCAAACCAGGTGACCCAATTACCATATCTGGTGAGTGGGTCGATGAAGACACCGTAGTGGCTTACGAATTGCAAATGGACGATATAACCCTTACCTTGAGAAACGAAGATGGAACACCTCTCTGGAGCGGAAATGCTGAGGAAAGTCAACCCGAAGAGAGAAATACCTACCGTCACCAGAGTGGACCTCAGGATGGAAGTGGTAACCAGTGGAGAAACACCTGGCAGGAAAGCAACCAGAACACAAACCACAATCAACAAAACAATCGTCAAAGAGGACAAAACCGAGGAAGATAAAAGCGCAAAGCTAAACTCCCTGGAAAAATGCAGAGAGTATCTCTCTGCATTTTTCCACCCCAAAATCACGACCTCAAAAAATCTGCCTTGATGGCTACAAGTAAAAGGACTGAGCTGCTTACACCCGACTTAAGGTGTGAAAAAGGAGAAAATCTCTTCGCTCTAAGAACATTTTCTCAGACCACCCATTGACACCCTAAATGAGGTAAGGTATAAACAAACTTAGTAGTACCAATAATGAGGGGGGGTAGTTATGCGTTTTAAGTCTTTGCTGGTTTTTCTGCTAATTGCTACAGTTTTGTTTGCTTTTTCCGGCTTAGCTCAGTCCAAATACAAAATAGCCTTTGTGCCCAAGTTGATTGGTATTCCTTACTTCAACGCCATGGAAGAAGGCGGCAAGAAAGCAGCTCAGGATTTAGATGTTGAATTTATCTATACTGGACCGGTAACTGCCGACGTTGCCAAACAAATAGAAGTGGTTGACAACCTGATTACCCAAGGAGTCGACGCTATTGCAGTAGCCCCTAATGACCCAGCAGCTATAACCCCGGTTCTCAAAAAAGCCAAAGAAAGAGGTATCTTGGTCCTAACCAGCGATACTGATGGAGCACAGGAAGTGCGTGACCTCTTTGTGAATCAGGCACTTCAGGATCAAATCGGCTATACCATAATGGATGAGTTAGCAAAAGCTATGAACTACGAAGGAGAATTTGCCATTGTCTCCTGCGGGCCAACCGCCTGGAATTTAAACACCTGGATTCTTTACGAATTGCAGCGGCTGGCTGAATATCCTAAAATGAAATTAGTCACTATTCGTTATGCCGAAGAAGACGTGCAACTGGCCATCAACGTAACTCTTGACCTTATCAATGCTTTCCCCAATCTAAAAGGCATCATTGG
NZ_AP028803.1_gap52	2240619	2241119	500	GGGAGTATCACATAACCTTACCCAGAGACGGGGTTTTGCCAGTGGATGAATTCGAGGTCAGTGAACCCCAAAAATGGATTGCCTTTCTTCGAGTAAACGTGAAAGACAATATTTACTCAAACTACAAAACCTTCGCCCCATATCGGGACATGAAGCTGGAAGACCCGGGAATAAGTTTCGTACATCAAAATGGCATTTTACAACTCACCTCCGGGAAGAATCCAGCTCTTGGAGTGGAAATAATTACTGAAGACGACGAATTGCTTAGCGACAATTTCATTTTCTTAGAACCTGGAGAAAGTAAAGTAATCCCTGTGAAGAGTAAAATTCACACTATCAAATCGATGTACGATTATTTAAATGGTTGAATTACTTGCTGGATAGTTATTAGAGGCTTTCGAATATTTTATCCACAGTTGTTGATAATTTGTGGATAACTTGCAAGAATGCGTATTTTATGGTTAAATGTAAGAGTCAAAACTGTTTACCCGTGCCACTTC
