gap_id	start	end	length	sequence
NZ_AP013035.1_gap1	70568	71950	1382	CAAGAGATTGTCCAAGGTTTCCCCATCCTGAAGGCGCTTTTTAAACTCCTCTGTCTTTGCAGCGAGCTGTTCATTGGAAAGCTTCTGTATCTCAGGCTCAAGGGCGTTTATTTTATGCACAATGGGCCATAGCTTTTTGAGCTCTCTTTCGTTCTTGGTGCCTATTATTTTCTCTAAAACCTTTGTTACTAAACCCATAACTTCCTCCTTAACCTACACCAGCAAGTGCTGCGGTGATTCTCAACACTACATATCCGAAATATCTATCCACTCCTCCTATGAGGATAAGTGCTAAAACGATTAATATACCCCATCTCTCCAGACGTGCATATTCCCTTGCAAGGTTCATGGGGAGTATCCCGTAAACTATGCGTCCGCCATCCAGGGGTGGTATAGGGATGAGGTTAAATATTCCTACTGCCACATTTATAATAATGCCCATAAATAGCATGATGGTAAGTGGAGCAAAGATTACGTATATTCCAGAAAGTTTGGGCACCTGTCCCCATCTCACAAAAGCCGCTACAAACTGAAGAAGTTCGGGGTCTAAGTGAATCAGCATTCTGAAAAGCATGGCTGAAAAGGCCGCCAGAAAAAAGTTGGTGGCAGGTCCAGCTGCGGCAACCCAGATCATGTCCCTTTTGGGATCTTTGAGGTTATAAGGATTTACCGGAACAGGTTTTGCCCAGCCTATAATCCGGGTGACTATGAACACCAGTAGTCCTATTGGATCTAAGTGTTTTAAGGGGTTTAGAGTTAAACGCCCCATTTCCTTGGCAGTGGGGTCTCCCAGCTTGTAGGCAACCGCACCGTGGGCTACCTCGTGCAGTGAAACGCTGAACAAAACTGGGACGATTCCCAGAGATATCTGCTGTATGTAGGATGCAACCTCCATTAGAGTATGTACTTGCTGAGATCTTCGTCTTTTATAACTTCTTTCAGGTGTTCATCCACGTACTTTCTATCCACCACCACCTTTTGTCCCTTCATATTAGGAGCGTTGAAGGATACTTCCTCCAGCATCTTCTCCATAACTGTGTATAGCCTTCTTGCTCCGATATTTTCCATTTTTTCGTTTAGCTGAACGGCGATCTCCGCTATCCTGTCAATGCCATCCTCTGTAAACTCCAGTTCCACACCTTCGGTGGCCAGAAGCGCTTTGTACTGTTTGGTAAGGGCATTTTTGGGTTCTGTGAGTATCCTGACAAAGTCCTCCTTTGTCAAAGGATCCAGCTCTACCCTTATTGGAAAGCGTCCCTGAAGTTCGGGTATGAGATCCGATGGCTTGGAAACATGAAATGCACCTGCAGCAATGAATAGGATGTGATCCGTTCTTACCACTCCGTATCTTGTGGTTACTGATGTGCCTTCCACTAAGGGCA
NZ_AP013035.1_gap2	87288	89756	2468	GGATAAACTACAGGATGCTCGGGCTTCTTGCGAGGTTGGGGGTTTACAAACTCAGGGTTTTCAGGAAGCCACGGGTGGGGATTGTTGTGACAGGGGATGAGATCTGTGAAGTCTTTGAACCCTCTGAATTCCGCAACAGGAATGCCAACCTCTACATATTAAGGGGACTTTTGGAAAAGGAGCGGGTGGATTATGGTTATTTAGCAAAGGTTGGTGATGATGTGGATGATCTGGTGGATGTTCTGGGGTCTGCCTTTGAAAACTATGATGTGGTAGTGACCACAGGTGGTGTTTCCGTGGGCAGAAAGGATCTTGTAAAGGAGGCTCTTGCCAGAGTCGGCGCCAGGATAGAGTTTACGGGGACCAATGTTAAACCCGGTCGGCCCCTTACCTTTGCTCTCTACGAATCTAAGTTGTTTTTCGGGCTACCAGGCTACCCCTCTGCTCTCCTGGTGAACGCTTTGGAGTTTCTGATGCCGGCCTTGAGAAAACTTGCAGGGGAGAGGAACTTTGAGAACCGGTATCTTGAGGCTGTGGCCGCTGAGGATTTTAAATCCAGAAGGGGAAAGGTCTATTTTATAAGGGTGAACCTTAGATGTGAAAATGGAGTGTTGAAGGCTTATAGCGCAGGCAGTCAGCTCACCTCCAATTATCTTACAAGTGCACTCTGTGATGCCCTGCTTATTGTTCCCGAAGAGAAGGAGAGGGTTAAGAAGGGAGAGGTTTCTAAGGTGCTCATTCTGTGATTTTTATCTTGATTTCAACCTCCTTGGCGGATGGATCCACACCTTTTAAGTTTTTAACAAAGCCCCATACGGAGTCCTTAAGGATCCTTTGAAGGAAGGGCTTTAGCTCTATCTTGCGGTTGTTTACATATAACTGAACCTTTTCCCGGTCCCAGGAAGGGATGTAATTAGTTACGAAATCGGCGATTTTGTCCGTTTCATTACGATCAAAACGAGGCACATCCCACGGGTTGGTTGGAGTCTCGGATACCACCGCCACGATATTAGTTATACCCTTCCAAAACTCTTCCTCGTATTCTTTGAAAACCGCTATCTTGGGCAGGGAACTTCCTTTGAATCCTTCGCATATGACTATGTCTTCGCTTGTATTGATCAGTATCTCATCCAGATTTATGCCTTTTTTAAGGAAGATGGTGGTTTTGTCAGGGGCTACCAGTATCACTTTTTCGGCCTGGGTGTTCAAAAGGAGTGTAGTATCTTTGTCTGGGTCCTCAAATATACCTGTATGCTTGGTGGATTTGATGATTGCCACCGACAGACCTTTTTCGGAAAATTTTTTTACTAAATGCCTTATAAGGGTGGTTTTCCCCGAATTGTGTGGACCTACAACTGCGAATGCCTTCATTTTTCTAACCATCTGAAACTATATTGAAAAAGTGTGGAAAAGGAAAGAGTATTGTGGAAGAATGAAAACGGAGGAAAAGTCAGCATGAAATGGGCTAAGGTTACTATTCTGGGTAAGGCCAATGTGGGGAAGAGCACTTTGATAAACCGGCTGCTGGCTAAAAAAATAGCGGGTGTTACCCCCATTCCGGGCACCACCGCGAAGGCCATTGTTGGTGAAAGAACCTTTGGCGATTTGAGGGTCTTTTTTGTTGACACCCCTGGTTTTCTGAAGCCCAGGGATGAACAGGATGAAGAGGCTATGGTGGAAAGTTTAAGAGAGGTTATGGATACGGATCTGATCTACTTTTTGATAGATGCCCACACCGGGATTACCAAGGAGGATCAGAGCATCTTGGAAAAACTCGCTCCTTATAAGGGACAGATACCCATTTTCATTGTGATAAATAAAATAGATGGTGTGCCTAAGGAGAAGCTTTTACCCTTCATTCAGGAGGTTTCTGAGGAGCTGTACTGGGACGAGATAGTTCCCGTTTCTGCAAGGAGGGGAGCCAACATTGACGAGCTTATAAAGACAACTCTCAAGTATCTAAAGGGAAGAGAGGGGGAGCCGCCCGCCTATCTTGTGGAGGTGGACGAGAAGCCTTTGCTCCACGATATCATCAGGGAGAAGGTTCTCACCAAGATAAAAGGTCCCGTGGCAAGGGGTATCAGGGTGGAGGTGGGTGAGGTGGATATAGGAGAGGGCAGGGTCTATGTGCAGGCGTTTATTGTGGTGGAAAGGCCCTCCGTCAAGGCTATGGTGATAGGAAGAGGGGGACAGATGATAAAGGCCATAGGGACCATGGCTCGTCAGGAGATGGAGGAGAAGTTCGGCAAGAAGGTGTTTGTGGAGCTTTCCGTGGTGGAGGAGAAGAGAAGGGTATGAGCCATATTCAGATAGATGAGAGCATAGTGGATCAGTTTGTGGACTATTTAGTTACCGAGAAGGGGTTGTCCATAAATACTGCTGAGGCTTATAAGAGGGATATTGAAGAATACTTGAGCAATATCGGTAAGGATTTTTCCTACGAAAGCCTTAGCGGTTTTGTGTTTTAT
NZ_AP013035.1_gap3	90970	94469	3499	GTGATGATGGTAGGGTGGGTATTAGCGGCGGTGGGATACCATAAGTTACAACAGATTACCTTTGAGTAGCCCTAGTTTTCCCGGTAGAACACTCTTTTGAGCACCAGGGTGGCATAACTGCCAGAAGGAAGTGAAAAATCAAGCACCCAAACGTATTTGCCCGGCCTTCCTTCGTCGAAGGAATAGGAATAGCTTATTTTAGGCATTATTTTGGTCTGTCTGCGATGACTTTTGAATATCCAGCCTCTCACAGTGCTTCTCAGGTTCTCTATGCTGGGGATACCAATCTCTGATAATACCTTTTGATATGCTTCCTTAACAGATCCTTCTAATTTTAGTCTGGGGCTGGGTGTGGGAAGCTCGTTGACTGAAGGTTTCCAGGCAAAGTTTTTATAAAATGGAAACTTCCTGTCAAAAATTTTTATGTAAAAAAGGTTTTCAGGAGGAATATCTTTTGTCACTATTTCTGCCAGCGCCATATTCCAGAGGTAGGACTGAAAAGCGTTTATAAGAATGTTCTGGGTGAAGTCATCCACCATTCCCAGTGCCTTTTTGGCTGTGCTGTTGGAAAGTTCTCGGTGGGCAAGAAAGTTTAGGATTCTTTTGACCCACCCCTCTGGGGCTAAGTCTATGCATCTTTCAAAGTGCCCCCAATTCTCGTTGATGCATCTTTTAAATTTTTTGATGTTGGAAGGATCAAAGGTGGAGTGTTCTGCCAAAAGGAGCTTCAAAGCCTTTCTGTAGTTTTTCTTCAGAACCTCTAAAGCAACAAAGCCCTTGCCATGTCTGGCAGAACCAAATCGCTGTGCATCGTAGTAATTGGGAAGGCCATGTTTGTTAACGTCTTCCATCTCTTTTTCTACAAGCTTAGGAACTGTGGAAACGTCCCTAACGGTAATGTGAAAACGGTTTTCGAGTAAAAGTGCAGGGTGTAGAGATTCGTTGAGGTAACCCGCAAACTTCAAGGTATAGTTTTTAGCAGTCATCTCCCTGCCTTTGCCCTTTGGGAGGGAGATGTACTGTTTGGCTACCGAGTGTCTGTCTTTTAAGCCACAGTAGCCAATCTCTTTTGGAGAGATCTGTAATCTTCTGGCTATATCTTTTATTGCGTCTATAGTATTTGTGCCCCTTTTGGTTAGAAGATAGATTTCATAATTCCCATCGGGCTCTAACTCAACTGCAAGCTTTTCTTCAACAATGAAGTCTTCTGGCCTGGATTTTATTTTCATATAAAGAGTGCCTTAAGTATGGCGTATATGAAGACACACAATCCGGCGGTGAAAGGCACGGTTATTATCCAGGAGTTTACTATCTGTTTTATTGTCCTCATGTTCAAGGCACCTATGCCTCGAGCAAAGCCCACTCCTATAACTGAGCCCACGAGAGTGTGGGTTGTGGAGATGGGAAGACCCATTTTTGAGCACACAAGCACTGTGGTGGCACATCCAAACTCTGCACAGAAACCTCTAGAGGGGGTGATGTCAGTGATTCTTCCACCGATGGTTTCTATAACTTTGTATCCCCAGGTAGCTAACCCCATGACTATACCCAAGCCTCCAAGGAGTAATACCCAGTCTGGAACATAGGCTTTTGCCACTACCACTCCTTTGGCCATGGTGGTTATTATTCCAGCCATGGGGCCTGTGGCATTTGCAACATCATTGGCTCCGTGCGCAAAGGCCATATAGCAGGCAGTGGCAAGCTGCAAGTATTTAAATAGCTCTTCAGTTTCATAAAGCCTTTGTCTGATTGTTTCTCCAGAGCTTTTGGCGGAACTGAATACTAAAAATTTAAAGGCTGTGCCGAAGATAAAAGCTATGACTAATGCTAAAAGTACAGCTTTGAAAAGGGGCAAATGTAGTTTTAACCCTTTGTAAACAATGGATAAGGCTATAATAAATACCACCATGCTTACAAGATATGGGCCGTATTTCCTAGTTGCTTTTGCGGGATATTCTGTGGCCAGGATGTTTTTCGTTATCCACCTAAACATAAGGAAGGCTATCAATCCTCCTGCTATAGGAGAGATAATCCAGGAAAGCACTATGGAAACCATTTTGCCCCATTCAATGGCTGAAAGCCCTTTGCTAACTATACCAAAGCCTACCACTGCACCCACTATGGAGTGGGTTGTGGATACGGGCAGGCCGAGGTAGGTGGCAAGCTGCACCCATATCCCTGCGGATATTAATGCCGCCAGCATACCCAGGATAAAGAGGTTGGGGTTATCCTGAAATAGCATAGGATCCACTATGCCCTTGCTTATGGTGGAGGTCACGTGGCTTCCCACAAAGAAAGCTCCTGAGAACTCAAAGATGGCCGCTATAATAATGGCCTTTTTCAAGGTGATGGCCTTGGAACCAACAGATGTGCCCATGGCATTGGCCACATCGTTGGCGCCAATGTTCCAAGCCATGTACATACCTGCTAAGAGCGCTATACCGCCTATGATGTACATATTCATGGCGTAATCCCCCTGGGATTATTTAGAAAGGAAGAGCCTTATCCTGTTGCACATACGTTCGGCGTAGTTGGCTACATCACCCAGTTCCGCAACTATCTTTAACCATAACCAAAGCTCACCGGGGGTGAACTTATCTTCATTCCTCAAAAAGTTCTTTGTTACTTCCCTCTGGAATTCATCCACATGGTGTTCGAGGTCACACACATCGTCTATCATACCAATAACCCTTCTTGCCTCGGGCCCTTCAAAGGAGGTTTCTACCAGAATGTCTAATTCCTTAATTACCTTTTGAGCCTCATGAACCACCTCTAGGCAGCGATCTACAAGGGCTAAAATGCAGTCCTTAAATTCTTCTCTTAGCTCTATTTCTTTGAGCGTTAAAAGAACGGCAACGTCCTCAGCGGCGTCTGCTATGGCATCTTCGTTGGCAAGGATCTCAAGTAGATCTGTTCTTGAGACAGGCATGAAAAGGCTGCTAGGTAAGGAGCTTCTTATACGGTTTTTTATCTGGTCCGCCTCATGTTCTAAATGAGAAACCTTTTTAATGTACCCGTTCATCTTTTCCCTGTCGCCTTTTGCAAAGGCTTCAAAGAGAGGTTTCAGGGTATCCGCACACTCCACTACCTTGTCCATCATCTCCTGCAGAGGATCAAAAGGTGATTTTCTAAAAAGATCAAAAAGTCCCATTATTGACCTCCTTTTTCATTTTTTGCTTTTTCTAAAGCCTCTTTAAATCTTCCGGTAAACTCTTTTTTGAAGGCATCTATTTTCAGAGCCTCTTCTACATTGCCGGATAGAAAAATAGCCATTCCCTTGTAAACGAGAGCCTCCTTGAAATTGGGATTGAGCTTCAGCAATTTGTCGAAGTATTTGATGGCTTCCTTGTATTTGCCCAAACCCATTAGCGCCACGCCTTTTCCCATGTTGGCAAATACGCTTCTGGGGTTTTGTGAGAGAAGCTTGTCAAAAATTTCTATGGCCTCCTGGTATCTTCCAAGGTCGTTTAGGCAGCTCGCTTTTAGCTGTAGCGCATAG
NZ_AP013035.1_gap4	103175	106175	3000	TGCCCTTTGCAGTAGAAGGTATGGGAAGGATTGCGGCCAAGGCCACAATGCAGGTTCTTACCCACAGGCTTACTCAGCTGGAAAGAGATGTGGTTTACAATTTCTTTAAGGAGAGAGAAGGGGATATTATCCAAGGTGCTGTGGTTAGGGAAGAAAAGGGAAATATCATAGTGGATCTCATGGGAAGAGCCGAAGGCATTTTGCCACCCAGAGAACAGGTGAAAGGGGAGCGTTACAGGCGCGGGGATAGCATGAAATTTTACATATTGGAAGTGAAGCGTGGCAGGGGAGGAGAACCAAGAATAATACTCTCCAGAACCCATCCGAGGCTGGTGCAAAGGCTGTTTGAGAAGGAGATGCCCGAGGTGGTTGCGGGCCTTGTCAGTGTGGTAGCTGTGGCAAGGGATCCTGGGGACAGGGCTAAGGTGGCTGTTAAGGCTAATGATCCAGATGTGGATCCTGTGGGAGCCTGCATAGGTGTTAGGGGTGCACGTATTCAGAGCATAGTGAGGGAGCTTCATGGTGAAAATATAGATGTGATACTTTATTCAGAAGACCCCAAAGAGTTTATAGCTAACGCTTTGAAGCCTGCCAAGGTAAAGAAGATAATCCTTGATGAAGAGAACAAAACAGCTAAGGTGATTGTGGATGATGATCAGTTCTCTTTGGCTCTTGGCAAAAAGGGGCAAAACGTCAGATTAGCTGCCAAGCTTACAGGCTGGAAGATAGATATAAAGACGGTTAGCGAATACGGAGGATTGCCTGAGGAAGGTGAAGAGTGAACCCATCAGGATGTGTGTTGGCTGCAGACAGAGAAAATCTAAATATGAGCTTTTGAGGTTTGTGGCTCGGGAGGGAAAGATCTTTTTTGATCCTTATTATAAGGCTGAAGGCAGGGGAATGAGCATCTGTCCTTCAAGGAAGTGTTTACAGAAGGCTCTGAAAAAGCAGGTGCTTGAAAGAGCCCTAAGATGTGAGCTGAGAGAAGTGCCTAGCGCAGAGTCTTTGAGAGAAGAGGTTTTGGGGGCTCTGAAAAAGGCCATAGTTGATACTGTCAGGTTGGGAGTGCGGTTTAAAGGTGTGGTGGTGGGTAGAGAGGCGGTTTTTAAGGAACGGCATAGGGTTAAGCTCCTTATACTGGCAGAGGATTTGAGTGAAGGGTCAAAGGAGGAGTTCTTTTCAAAACTAAATGCAGATAGCTATGAGCTCTTTACCAAGAATTTTTGGGGTGAAGTTTTGAATAGAAGGTCTACAGGAATAATAGGAGTTGTGGATAGAGGCTTGGCCGAAAAGCTCAAGTCTTTTTTGGATAAGTATACGGCGTTGTATAGGAGGTGGTAGTAAATGGCAGCAAAGCACAGAATTAGAGTGCACCAGATAGCCAAGGAGATGGGTATTACCAGCAGTGAGGTTATATCAGGACTTAAGGAGATAGGCATCCCTGCAAAAAGCCATATGAGTTCCATAACTCAGGACGAATACGACAAATTCATAGAATACATGACAATAAAAAGAGAAATAGAGCGTAGAAAGAGGGAGAAAGAGGAGAAGGCAAAAAAAGCCTTAGAGGTCAAGGAAGAGGTTAAACAGGGAGAAAAACTAGTTGCGGAGACGGTAGAAGTAGAGGAGAAGCCTCAAAAAGTTAAAGAAAAACCTGCTAAGGCTGCTGAAGAGGTATCTGTTAAAGAGAAAGTAAAAGAGGAAAAACCTCCGAAGAAAAAGCCACCGAAAAAGAAAACAGTTAAAAAAGAGGAGAAGAGGCCTAAGGAAGAGACTCCAAAGGTTGAAAAGGTAGCTCCTGAAAAGGTTGAGGAGATAGCCAAGAAGTTTGAGAAAAAAGAGGAAGAGCCGGTTGAGGAGCATGAGTTTGAGGTCATAGAGCCACTGTTCACTCCTGTTAAAAGCAGGAGGAAGAGGAGAAAGAAGAAGCGTAGGGAAGAGATAGACATTGAGGAGGTAAGAGCGGAGGAGCTCAGGTCAAGGGTTGATATGGAAACTGGAACTATAAAGCTTCCAGAGACAGTTACCATAAAGGATCTTGTCTTCATGCTGGAGGCTGATGAGGAAGAGATACAGGAGTTACTCAAGTCCAAGGGTATTCCTGTGACCCTCACCCAGGTCCTTCCCTTCGATGTGGCAAAGATGGTCTGTGAGGAGTACGGTTTTGAGGTTTTGCCAGAAGAGGAAGAGTTGTTGGGAGTGTTACAGGAGGAGGAAGATGAGGAGAACCTTGTCCCAAGACCTCCTGTAGTAACCGTTATGGGACATGTTGATCACGGAAAAACCACCCTGTTGGATTACATAAGAAAGACCAACGTAGCGGCAAGAGAAGCGGGAGGAATCACCCAGCACATTGGTGCTTACAAAGTAAAACTTCCCGAAGGAGAGATAACCTTTATTGATACTCCCGGGCACCATGCCTTTACCACTATGAGGGCTAGGGGTGCCAGAGTTACCGACATTGTTATCCTGGTGGTGGCTGCCGATGATGGAGTGATGCCCCAGACGGTGGAGGCCATTAACCATGCCAAAGCAGCAGGTGTTCCTATAATTGTGGCTATTAACAAGATAGACAAGCCAGAGGCCAATCCAGAAAGGGTGAAACAGGAACTTTCCAAGTACGGGCTTATTCCTGAGGAATGGGGTGGTGACACCATTATGGTGCCCATCTCTGCCAAAACGGGACAAGGAGTGGACGAGCTCCTGGAAATGGTTCTTTTGCAGGCTGAAATGTTGGAACTAAAGGCCAATCCTAACAAGCCTGCGCGTGGTACGGTGCTTGAGTCCAAACTGGATCCCAAAAGGGGACCTGTAGCCACTTTGTTGGTCCAGGATGGTACCCTAAGGGTAGGGGATGCTTTGGTTGCGGGACTTCACTGGGGCAAGGTCCGGGCAATGACCAATGAACTGGGACAAAGACTGAAAGAGGCAGGCCCTTCCACGCCAGTAGAGGTTTTGGGATTGTCTGATGTACCTTTAGCAGGAGAGCCTTTCTTCGTG
NZ_AP013035.1_gap5	107374	109171	1797	ACTATACCAAGCAGCAGCTTGAGATGCACAGGGTGGAGATTCAGAGCTATATAGGTAGGGACTTGAGGCTTAAAAGATTGCCCAAGCTAAGGTTTTTTGAGGACAGGAGCCTGGAACACGTGGAGAGAATAGAGACCCTTTTGAAGAGGATAAAGGATGAGGAAGAATGTAGCTGAGGCACTTCAGGAAGCGGAGAGCATTGCATGTTTTTTTCACAAAAATCCCGATGGGGATGCTATTGGATCTGCATTAGCTGTCAAAAACTTTTTTGGGGAAAAGGTAAAGGTTTACTCTTGCGATAAGCTACCTGATGTTTTCCATTTCTTACCTGGAGCTTCCGAGGTTATAAGATACAATGACTTTTCTGAAGTGGAGCCTGCTCAAGTTTTCCTTGTGCTTGATTGCGGTGATGCTAAAAGGGTGCCTGGTTTTGATCCCTCAAAGGCTAAGACTATCATAGTTATAGATCACCATGAGACTAATGATGGTTTTGGGGATATAAATCTGGTAGAGCCTGATAGGTCTTCCACAGCAGAGATAGTCTTTGATGTGCTAAAGGAATTGGCACAGCCCATTTCACAAGAGGTTGCTGAGTGCCTCTTCACAGGGATTTACACCGATACCGGAGGATTTAGGTATTCGGACACCACACCTTCTACCTTTGAAGCTGCAAAGCAGCTGGTGGAGCTTGGGGCACGGCCCTGGAAAGTAGCGGTGGAGATTTATGAGAGCAGTCCTGTAAGAAGAATAAAGCTTTTGGGGTTGTGTCTTGAGACCTTGCAGTTGCATTTGGAGGGTAAGGTAGCCAGTCTTTACGTGACCCTGGATATGTACAAGAAGACAGGGGCTTTGCCAGAGGATACCGAGGATTTTGTGAACTACGCCAGGGGTATAAAAGGTGTGGAAGTTGGTATCTTCATGAGGGAGCTTTACGAAGGTGGCGTGAAGGTGAGTCTCAGATCCAAGGAGAAAGTGAATGTGGCAAAGGTAGCAAGAGAACTTGGCGGTGGTGGTCATCAAAATGCTGCCGGTTGTGAACTCAACATGGGTATCCGAGAGGCCCTTAAAATTCTACTAGAGAAGATTGCTCAACAACTGTGAGGAGGCGAGAATGGGAGTTTTAGAGGTCACCAAAGAGGGAAATATTGCATGGGTGGTCTTGAACAGACCGGACAAGCTTAATGCCCTAAATTTTGAGTTATGCGAGAAATTGTACGATGCTTTCTTTGATCTTTCCGAAGATAAGGATGTGAGAGTGATAGTTATAAAAGGAGCCGGACGTGCCTTCTGTGCCGGTGGTGATCTGGGGGAATTTGTTAGATTTGAGCGCATGAACAAGTTTCTTTACAGACTGGTGGATGTGGTAAACCAGGTTATTTTGATGATAAGACGCTGTGATAAGGTGGTGATAGCCTCTGTGCATGGAGCTGTTAGTGGAGGCGGATTTGGCTTGATGGCCTGCTGCGATCTGGCTATAGCCGCGGAGAATACTAAGTTTAATCTTGCCTATATTAAGATTGGTGGATCTCCGGATATGTCCAGTAGTATTGTTCTTTCCAGAACCGTGGGGCTAAAAAGGGCAAGTTATCTTGCCATGACAGGGGATTTCATTGATGCCAAAGAGGCTTTGGATCTTGGATTGATTAATTTTGTGGTGCCTGATGATGCCCTTGAAGAGGAAACCAAAAAGCTTGCTGTCAAAATGGCAAAGATGGCTCCATTGGCTATAAAGGAAATCAAGGGGCTGATCAATAGAGAACTTTTCTGGGATATGGAAGAGTTATTGGAAAGAGAGAA
NZ_AP013035.1_gap6	135107	139796	4689	AGCTTAAAGAGAGGAATACTGGGGAATATAAGCAGTTGGTAACGGCTTATATGGAAAGGTTGAGACAGATCAAAAGTTAAGGAGGGGTGATCCCATGAATTTTACAGAAACTGCCCGCCTGATGAGCCTTAGAAAGATTATAAGCATGGGTAAGAAGAGAGGTTATGTGACTTATGACGATCTTAGGTCTGTATTGCCCAAGGAAATGGAGAATAAGGAGCAAAAAGAAGAGATCCTGAAGATTTTGGAAGAGATGAACATACAGGTTGTGGAGGATCCCTCTGAGGTAGCGGTGGCACTTTTGGCTGATGCGGATAGTGATGAAGATGAACTTGAGGCTGTAGTGGACTGGGAAGAACCTGAAGAGAGCACCTATGAAAGAGAGAGTGGCGGTGCCGATCCTGTTAGAATGTACTTACAGGAAATGGGTAATATTCCCCTCCTTTCCCGTGAGGAAGAAGTGGAGCTTGCCAAAAGGATAGAGGCGGGCCGTTTAAAAGCTATTAACACTGTTATTTCAATTCCTATGACAGTAAAAGAGCTGTTTAGATTAGCAGAACAGCTTGAGAAAGATGAGATAGATATAGAAGAGGTTCTCATAGTTGAGGACAACGGTGAAGAGGTTGTTGACAAGGAAAAGAGGATTTTTCTCAGCAAAGTAGAGAAGCTTAAAGATCTTTTTAAAGAGTTTGACGGATTCAAAAAGAGACTGTTAGAGGATGGTTTATCAAAGGAGGAGGAGAAATCTCTGAAGGAGCTTGTGGAAAAGAAAAAGGCAGAAATGGCCGAAGTGGTTAAAAGTATGAGTATAGCCAGTTCCCAGATAGAAAGATTGGTGGATAAAATAAGACACTATGTAAGAATGGCTGATGAAGCGCAAGCTGAGATAAAGCGTTGTGAAGAAATGCTGTTAATGCCTGCCGATACCTTCTTGGAATTTATGGAAGAGGCTGTGGATGTTCTTGAAAGCGAGGAAGAGCGTGAACAGCGTTGTAAGAAAGTGACCAACATGAGCTATGAGGTGCTTAAAAACCTGAGAGAGAGGATTCTGGAATCCAAGAGGAAGATTAGACTTGTGGAAAGGGAGGCGACTGTCCATGTTGAGGAACTTAGGACTGCCTTAAAAGATATAGAGGAAGGGCTTGCTGAGGAGAAGGAAGCCAAAACGCTTTTGGCGGAAGCCAACCTGCGTTTAGTGGTTAGTATAGCTAAAAAATATACCAACCGGGGATTGCAGCTTCTTGATCTTATTCAGGAAGGTAACATAGGCCTTATGAAGGCAGTTGAAAAGTTTGAGTACCAGAGGGGATACAAGTTTTCCACTTATGCTACTTGGTGGATAAGACAGGCTATAACCAGAGCCATTGCGGATCAGGCAAGAACCATAAGAATTCCTGTACACATGATAGAGACTATAAACAAACTTATCAAAACTGCAAGACAACTGTATCAGGAACTTGGTAGAGAGCCTACTCCTGAGGAGATTGCAAGAAAGGCCGATATGCCTGTGGAAAAGGTGAAAAAGATATTCAAGATAGCTAAAGAGCCCATATCTCTTGAGACACCCATTGGAGACGATGAGGACAGTTCCCTTGGTGATTTCGTAGAGGATGTTTCTATAGAAAGACCCGAAGAGATCGCCTCTCTGGAAGCTTTAAAAGAAAAGGTTTACGAAGCCTTGGCCACATTGTCTGAGAGAGAGCAAAGGGTTTTAAAGATGAGATTCGGAATAGATATGGATGCTGAGCATACATTAGAAGAGGTGGGGAAAGTCTTTAAGGTTACAAGGGAGAGAATCAGACAAATAGAGGCTAAGGCCTTAAAGAAGCTGAGAAATCCTATTGATATGTCTATCCTCAAAACTATTTCGGAGAAGGACCTCCTTTAGGCAAAGAATATAAATGTTATCAGGATAAACGTTGGTATAAGAATGGGCAGGGAGTACTTCAAGATATAACCAAAAAAGCTGGGCATGGGTACTCCCGCCTCCTCAGCTATAGATCTCACCATGAAGTTGGGGGCATTTCCTATATAGGTGTTGGCGCCCATAAGAACCGCACCAGCAGATATGGCTTCCAGATATATGGATTTGTGCTGTATAAGCATGTGTACTGCCTGATGTTCCGGCATCCCAGCAAAGAATCTTCCGAGAGCAGTGTTGAGGAAGGTAAGGTACGTGGGAGCATTATCAAGAAAACTGGAAAGTATTCCTGTGGCCCAGAAGAAATGGGCTGGTTCTCTAACAGAGCTTATAAACCCAGCCAAGGCTCCTTTTTCCCCGGCTTTCAGGATAGCTATTGGCGGAATCATGGTCATAAATATACCTGCAAAGAGATAGGCAACTTCCAATATAGGGAACCAGGTAAAATCATTGTCCTTTCTAATCTCCCATGGTGTTGTCTTCAGGGAGAGCAGACCCATTATAACCATTACAACGTCTCTGATAATTGTGGAGAGCTCTCTTTCCACTCCGAGAATGTTAACGTTGCCCAGACGCACCATACCGCTGAAAAGTACTGCGCCTACAATACCAGCCAGAAATATGAGATTGTGTAATCCTTCTATCTTTAGCTTTGTATCGTCAGCTGGCTGTTCAACCTTTTCTTTCCTGTAAAAGTAAAGGTCGATAAGGAAGAAGAGTGGAAGTAAGACTGCACAGCAAACAAGCAGAATGGGTAGTAGCTTCAAAGTTGTCCAGAAGAAAGGAACTCCATGCAGGAATCCAAGGAAGAGAGGAGGATCACCAAGAGGAGTGAGAATACCACCGATGTTACAAACCAAGAAGATGAAGAAAACCACTTGATAAGTTCTGTATTTCCTATGTGCATTAGCTCTCAGGAAGGGCCTGATCATTATCATGGCAGCGCCTGTAGTTCCAACCCACGAAGCGATAAGCGTTCCAAAGGCAAGCATTAGAGTGTTAATAAGAGGGGTTCCCCTCAATGTTCCTCTCAGCAGAATACCACCGGCTACAGTGTAAAGGGACCACAATAGTATAATGAATGGTATATAATCTCCGATATAGATATGGAGTATCTCGTGTATAGCCACTCCTTTAAAGGCGTAAATCAAAGGTATGGCAACTACCAAGGCCCAAAAGGCAGATACCTTAGGATAATGATGGTGCCAAAATTCAGGAGCTACCAAAGGAAAGATGGCAATGGATAACAATATGCCAGCAAAAGGTATAGAACTCCACAGGGGGAGTTTTTCCCCTAAGTGTACAGCGTGTTCACCTTCTCCTGCAAAGGCCAAGGTGCAGGATGCCGCAAGAATCAATACAGTTAGAAGAAAACCCTTTTTACCCATGACCTACTCTCCTCAATAATTTTGAGTGTTCGACATTCTTGCTTTTAGGTAAACTATGTACCTATTGTCAATAGAAGCTTTAGTTGATACGATACAAACCATGGTTGTAGTAGAGCTTATTGGGAATATAGCCAGGTTTTTTAGCCAAACAGAAAAGATTGCTATTAAAAGAAAAATTACTTCCAATATCTTTGATGAAATCCTGCGACAGGAGGTTGTGGACTTCTTGCGGGATGCTGATGAGTTGGTAGTGGCAAGTTCTCTTCCTTATTCTTCTCTAACCTCTTTATATTACCCTTATCCATCTGAAAAGGTTAAAGCAGTGGCTCCTTTGGAATTAGAAAAAGTGGTTAGCAATTCTAAGGATTGCAAGATACATGTGGATTTTGTAGATGCTCCCGGTGGATGTTTAATGTTAACAGGTTATTTGCATCAGAAAACGTTTGAGTTTGTAAAGCGCTTGGAAGAATATAGTCCGGTTGCTTTAGTGGTTCCAAGAAGTGTGCTACTCTTTAATGCTTTACTGAAAAGCTTGGATGCCCGTGTGGGTATTGTTGTAGGCATGGAAATTGTGGATAGTGTTATTTCATGCGCTGTATTAGATGGCCAGTTTGCAATTTTTTTGGGAGAGTTTTCTTTGGAGGGGAGTTGTTTTGCTGAGTTTGTCAATATAGTTAAGAAAAAAATCGAAGCGATAGGAAAGGCTTTTTCTGAAATAAGTTTTTATATAAGCGCAGATAGCGATGAGAGGCAAAGGTCAGTTCTTAAGGAATTTAATTTTGATGAGGTCCAAATGTTGAGTCCTTTTGATAAAACTGGTTTACTTGAACTTGGTGAAAGGGCTGTAAGCTTTTTAGAAGGGTTAGATATTTAAGGGGGAGTGATGGAAAAGCCCAAGATTATACGCATAAATTTGATGGATAAAACCAAAAAGGAAGAAAAAAAGCCCAAAAAACCTCCCAGCCCCTCAAAGTTTTCTTTGGACAGACAGAAGATCATTATTATTGTGGCTTTAATCCTTGGAGTATTAGTGTCCCTTGCATTGGACTATTCTCTTTTGAAAAGCAAGAAGCAATTACAGGTAGTATTAAAAAAGAAGAAAAAAGAGCTGGCGATTCTGGAAAAGAGAAAAAAGATAGCTGAAGCTATCAAGAAGGAGTTGGTTGATCTTGAGAAGAAAGAAAAGATTATCAAGCAGATAATTAAAGAGGCACATCTTCCCTTGAAGGTTTTATTAACAATACAAAAATCAATGCCCAATGAGGTATGGTTGGACAAGCTAAACCTGGACAATAAGAGGATTAAAATCACAGGTTATGCTCTTAACGATGAGGTTCTGGCTGCTTTCGTAGAGAGGTTAATGGAGAAAAAAGATCTCGT
NZ_AP013035.1_gap7	321521	322363	842	AGTTGGAGATAAAAAGTACTCTCCTTTAGAGGTGGAGGAGGTTATTAGGGAACATCCTGCCGTTGAGGATGTAGGAGTGATAGAGGAGGAAGACGGTACTATTGTGGCCTGCATTGCCTTTAAGAAGGCTTATGAAAACCGTTTTCCCATGAAGCAAATCATTCAGGATATAAAATCCCTAGTATTGAAAAGACTAAAGAATAAGGATCTAGTTCCAGATGTTATAGAAGAGGTGGATTTTGTTCCAAGAACTCCTGCTGGTAAAATACTGAGATGGAAGCTACGCCGCTGGAGATGCAAGAAGTAGGTATGAGGGAGAAGCTAACAGTTATAATTCCCACCTTTAATGAGGAAGATAACCTTGAGGAGGCTATAAGGTCGGTTTTGTGGGCCGATGAGATTATGGTGGTTGATTCCTTCAGCACCGATGCTACACTGGATATAGCCAAGAAATATGCTCACAGGATACTCCAGCATGAGTACATAAACTCAGCCACCCAGAAGAACTGGGCCATTCCTCAGGCTACCCATGAGTGGGTTATGATCCTGGATGCGGATGAGAGGGTGACCCCTAAGCTCCGGGACGAGATTCTAAAGGTTTTGGAAAACCCGCAGTATGATGGTTATTACATAGGGAGGAGAAATTACTTTCTGGGATATCCCTTGGATCATGGTGGATGGAGCCCGAAAGAGGACAGAAATATCAGGCTTTTTAGAAAAAGTGTTAGCCGATACGAGGACAAAGAGGTTCATGCCGATGTTATTGTTTCAACAGGTAAAGTGGGAGAGCTTAAGAACTACCTTGTCCATCATTCCTACAAGTCCTTAAAGCAGTACTTTAG
NZ_AP013035.1_gap8	350725	355322	4597	TTCAAGGAGGATATTGTAAACTTTGTTGACTCGGGACTGCCTGTTTATGCAGAATGTGGTGGTCTTATGTATCTTTCGCGTAAGATTATGTACCAGGGCAAAAGTTATCCCATGGCGGGAGTCATTCCTGTAGATATCTCTTTTGGTTCAAGACCTATTCTTGGGTATGCTGAAGGGATAGCCAAGAGAGCTCATCCTTTTTTGAGAGAGGGTGAAAAGATAAGGGGGCACGTTTTTCACTATTCTGTAGCTGATGTGCAGGGGCATGTGGAATATGCTTATACACTACATGTTCCTACAAAAGGCCTTTATGTGGATGAAGGGTTTGTAATCCGAAATACTCTCGTAAGCTATCTGCATATTAACTGGTTCTCCCCGTACGTTATAACCTTTTTAAGAGGTTTTCTTGAAAGGGCTCTTTAGTTTTGCTCTTTCTGTCCGATTCAAACTTTGGGGAGTTGTAGCAAATGGATGTTGGTACAATAAATAATGTGATCCAAGATATGAAAGTTGCAGATGACTATAAGGTAAGGCAGGTTGTTGAGGAGTTGAAAACTATTGATAGAAAGGTTCGTCAGCACGAAATGGCCCATAAAATTGCTGGAGGGCCCTATGCAGGACCACCCCAGTTCAAGTTTGTTAGGGGGCCTGATGGAAGACTTTACGCGGTGGCTGGTGAAGTTAAAATAGATACCTCCGAAGAGAAGGACCCGGAGGATACGATTAGAAAAATGGAGCAAGTTATTAGAGCAGCATTAGCTCCGGCCGATCCATCTCCTCAGGATAGAAAGGTTGCTGCCGAGGCAGCTCAGAAGCTCATGAAGGCCAGAGTGCAACTCATTAAGGAAAAGCAGGAGAAACAGCAGGGTGGTAATATTGATATAACTGTTTAGTTCCCTCCGTTTTTTCTAGCGTTTTCAAATTTGGGCTTGCATTTTTTAGAGAATATATTATTATTTTAACCAGAAAAGTAAGAAAATGTTGAGGAGGTGCCGAGATGGCAGAGAGAATGCAGGTTTACAAATGCGAGATTTGTGGAAACATTGTGGAAGTGTTGGTGGGTGGCAAGGGAGTGCTTTCCTGTTGTGGTAAGCCTATGGTGTTGCTGGAGGAGCAGACAGCTGATGCTTCTACCGAGAAGCATGTGCCTGTTATAGAAAAGGTGGATGGCGGCTATAAGGTGAAGGTGGGAAGTGTACCTCATCCCATGGAGGAGAAACACTACATCCAATGGATCGAGCTTATTGCAGATGGTAAGGTTTATAGGCAGTATCTTAATCCGGGAGATGCTCCTGAAGCGTTCTTCCAGGTTGAGGCTAAAGAGGTTTCTGCGAGAGAGTACTGTAACATACACGGATTGTGGAGGGGCTAAGGGCTCAAGCCCCTCCCGGCTAACTTTAGTAGGGAGGTGAGACGATGGAAGTTTCTTCTTTTAAAGCTGTACCTATAACCAAGGACGTGTACTGGGTGGGCGCTATTGATTGGAGTTTAAGAAATTTTCATGGTTATACTACTCATAAGGGATCCACATATAACGCCTATCTTATTTTAGCGGACAAGATTGTGCTTATAGACACAGTCAAAAAGCAGTATAAAGATGAGATGCTTGCCCGTATATCCAGTGTGGTGGATCTTAAAAAGATAGACTACATTGTTTCCAACCATGCTGAGATGGATCATTCTGGTGCTTTGCCTGAAGTGATAGAGATTGTTAAGCCTGAGAAGGTCTTTGCTTCTATCATGGGTGTGAAAAATCTGACAGGACAGCTTCATCTGGACACGGAGATTGTTGCTGTTAAGGACGGAGATGAACTGGATATAGGTGGTAAGAAGCTAAAGTTTTTTGAAACCAGAATGCTTCACTGGCCTGATAGTATGTTTACCTACGTAGTGGATGACGGAATTCTCTTTTCACAGGATGCCTTTGGAATGCATTACGCTACCAGAAGTATCTTTGTTGATGAATGCCCAAAGGCAACCGTGGAGCATGAACTTATAACCTACTATGCGAACATCTTGATGCCTTACTCTGGCTTGGTGTTGAACCTTTTCAAAAAACTCGAAGGACTCGATATTAAGATAATAGCGCCTGATCATGGCCCTATCTTCAGGAGAGAAGAGGATATCAAGTGGTTGCTTGGGCTGTACAGGGATATGGCAGAACAGAAGCCCAATAACAGGGCAGTGGTGGTGTATGACACCATGTGGGGAAGCACCGACAAGATGGCCCGTGCCATTGCTGATGGGATAGCTTATGGTGGATCAGAAGTAGTGATACTACCAATATCGGGTTCTCATAGAAGCGATGTTGCCACAGAGACCTTGAAGGCCGGTGCGCTGGTTGTAGGATCTCCCACCATAAATAACAATATGTTCCCCTCAGTGGCCGATATTTTGACCTATCTCAGGGGCTTGAGACCAAAGAATCTGATCGGTGTTGCTTTTGGTTCTTACGGATGGAGTGGTGAAGCTGTGAAGCAGATAAAAGAGTACTTTGATGCGATGGGTGTGGAACTTGTTGGAGAGATGAAGATCCAGTGGGTACCTACTGAGGAGCAGTTGAGGGAGTGTTGCAATTTGGGCGTTGAGATATCAAAGAGATTGAAAGAGCTGGCTGGTCAATAAACCATTTTAAAGGGAGAGTTTTCCTCTCCCTGTTGTTGACAGTATAGTTAGTTTGTACTAATTTTAATAATGTATAAAATATAAGATAGGAGGTGGATCATGGAAGGGAGGATTCCTTTGATAGGGGAGAGGTTCCCGGAGCTGGAAGTGAAGACTACTCATGGTGTGAAGAAGTTGCCAGATGATTACAAAGGCAAGTGGTTTGTACTGTTTAGTCATCCTGCAGACTTTACCCCGGTATGTACCACTGAGTTTGTAGCTTTCCAAAAGAGGTATCCCCAGTTCAGGAAACTGAACTGTGAGCTGATTGGTTTAAGTGTTGATCAGGTGTTCTCTCACATAAAGTGGATTGAATGGATAAAGGAAAAACTTGGGGTGGAGATTGAGTTTCCTGTAATCGCCGATGATCTTGGAAATGTGTCCAAAGCTCTTGGTTTGATACATCCTGCTAAGGGAACAAATACTGTGAGGGCCGTTTTTGTTGTGGATCCTGAAGGAGTTATAAGGGCAATTCTCTACTATCCTCAGGAGCTGGGTAGGAACATAGATGAGGTAGTGAGGATGGTTAAAGCTTTCCAGGTGTCCGATGCCAATGGTGTAGCAATTCCTGCGAACTGGCCCAACAACGAGCTAATAGGTGAAAAGGTGATTGTGCCTCCTGCGGCTGATGTGAAAATGGCTCAGGAGAGACCTAAGCAGTTTGACTGTTACGACTGGTGGTTCTGTTACAAGGCACTTTAAGGCGGGGATTCCTCCCCGCCTTTTACTTCTATTAGTGGTGTTCCTCTGGTTCCTCTTCCCAGCCTGTTATCATGGCCTTAAAGTGTGCTAATGGTGTGTGACCCAAGGTTGCAAGGTAGAAGTGGGCTATAATGAAGGAGAAGAAGAAGAAAAATAGAAGCACATGTATGGTATCAACCACCTTAATACCACCAAGGAAATTTATAATGTCTGAATATTCTTGAACATTAAGTAATAAAAGTCCTGTTAATATTTGCAATGGCAAGAGAAAGAGCATTATGGTAAGATAAGCAGTTTTTTGCAATGGATTAAATTTGTTTTCTGGGGTTGGATGGAAGGGATTGGGTTCACCTTTAAATATTCCATAGCTGTAATACCTAATTTGTCTAATAGCACTATAAAATAACTCTTCAGCTGCTGGAAAGTATATTTTTATTTTGCCTGTAAAGGTATAATACACAAACCATAAGAGAAAATCTAATGAAACTATTATACCCACTATGTTATGGAATTCGACAGCTTTCTTGAGCGGAACTAATAAGAAGTAGTCTGCAAATCTTATTTGAATGCCTGATAGCACTAAAAGAACTATACAAATAGCATGGATCCAATGCCATATTCTTACTGGTAATGGATGTAAATATATCCTCTTCATTTCTTCTTCCTCCTGAGAGGTATTGTTAAAATACGCATTGTTAGATGACCACCTGCAAAAGCTATTCCACCTAAAACTATCAATGCGCCAATAATGTCCAGAATCCTAACTCTTGTGGCATCTAAGACGTAGAAGTGAGTGACATAAAAGCTTTCTAGAACTTTCTTTTCTACTGGGTAGTGTTCGACACTGCCGTCCTGTCTTGTAAGTACTAGATATACTTCTTTGAAGAACGGTGAGCGTATGGAGTGACAAGTTTCGCACTTCTTTATAGCTTTACCTTTCGTTACCTTATGTAATATCGGTTCCATGCTCACTGTCAATTCACCCCAGAAAGTAGCACGGACTCTTTTCATCCTGAGTGTTTCTACTAATTTTGCGAACTCGTCAACATCTATCTTACCATTTCCGTTTGCATCGAATTTTTTGAGAAAATCGTCATATGTTGTGCCAAGTATCTTAAGAATTTCTGGCCCTGTTAAAAATTTCTCAGTTAGAAGATCGTATAACCTTAAATGGATATGTCTCGAGGTTTTTGGTGCGTGACAAACTTCGCACTCCACAAAGTTAAAATGC
NZ_AP013035.1_gap9	357287	359267	1980	TTTTCATAGCTATGAAGCAATGTTGGTATTTGTGGTGATAGTTTTATGGCATCTGTATGACATGCATCTGAGAGACCATTTCCCGATGGATCCTGTATGGCTAACTGGGAAAATAAGCGTTGAGAGGCTGAAAAAAGAGCATCCCTTGGAGTATGAGAGGCTGTTTGGAAAGGAGGACAAAGAATGAGAATCCTGATGTTTATGATCTTGGCCGGGTTCTTTTTGCATGTTGGTTTCGCTCAAGCTGTTATAAGAAAATGCATTATATGTCATCAGAAGCCGGGGATAAAAAAGGTATTACCGACTGGTGAGGAGAAGTCGGTTTATGTTAACAAGAGGGAACTTAGGCATTCAGTACATAGAAGGTTAAAGTGCCAGGATTGTCATATAGATGTAACGGTTATACCACATAAAAATATTAAGATAGGAAGAGTTCACTGTGAAAGATGCCATTATCATGGGGCACCTCCAGATATTCCTCAACCTGATGATATATATAGGAAATATTGGAATAGTGTTCATGGTGAGAAAGTTAAGGCAGGAGATAAACGAGCTCCTTGGTGTCAGGATTGTCATGGTGGTCACAATGTTTTTCCTCCTTCAGTAATTGCATCTTCGGTTAACAAGAAAAATATTCCGAAAACTTGTGGAAGATGCCATAAGAAAGCTTATGAAGATTACAAAGACTCTGTACATGGAGTAGCGTTATTAAAAAAGGGTATCTTAGATGTTCCTGTGTGTACGGATTGTCACGGAAAACATGATGTGTACTCTCCAGGTAAGCCGATATCTAAGGTGAACCCTCAGAAAGTTCCTGAGACTTGCGCAAATTGCCATGCAAATAAGACTCTTATGAGGAGATTTAACGTTCCTGTAGATCCTGCATACACCTATATGAGAAACTTCCATGGTGTTGCCTTGAAGTTTGGTGAGTTAAGAGTTGCTAATTGTTCAAGTTGTCATGGAATTCATAATATAAGGGCTCCTGAAGATCCGTTGTCTACTGTTAACAAGCATAATATTCCGAAAACTTGTGGCAAGTGCCACCCTGGAGCTAACGAAAACTGGGCAAAAGGTAAATTCCATGTGGATCCTCACAAGAAAGAATCCGGAATACTCTACTATATAACAAAATTTTTCATTATTCTCACTGCCGGAACAATGACTGTGTTATTTATTCACATCTTCTTAGATTTCTATAGCAAGCTGAAAAGAAGGGAGGAGGAATAATGCCTGTGCTAGAAGAAGTGCGCCATCTTGTTGTGAAAGAGGTTAAGGAAAAGGTTTACGAGGCTATAAAAGATAATATTGATTCATTTTCTGGTGAGAAAAAAGAGAAAATTCTTCAGGAATTGGAAAATTTAGCTTACGTAGGATTTGATTTGATTGCTAAAGATAAGCTCGATGATGCTATTTCGGAAATTGAGAAGTTTGTATTTAAAGAAATTTCCCGTTTGGTAAAAGAAGAAAAGAAAAAAGAGGTCAGATATTTTGAAAGATTTAGTATATGGGTTAGGATGCAACATGCTATTCTTGCTACCAGTGTTATCATTCTGATGATTACAGGACTACCATTAAAGTTTCACGATGTTGGCATTTCAGGTAAGATACTTTCCCTACTTGGAGGGATAGACAATAGTAGATTGTTACACAGAATAGGAGCTTCTGGTCTTATTTTTGTGTCTATTTTTCATATATTTTACATATTGTTTACGGAGGATGGAAGGTACAACTTCAAAAAGCTTATACCTACTCTGAAAGATGCCAAGGATGCAGTCCAAATGATAAAGTATTATTTGGGGCGGACTGATGAGAAGCCAAAGTTTGATAGGTTTAGCTACATAGAGAAATTCGACTATTGGGCTGTGTATTGGGGTTGTTTCATAATGATAAGCTCTGGTTTGATCTTGTGGTTTCCGGAAAAAGCAATGCAATTCTTGCCAAAATATGTAACTGATATCGCTCATATAGCTCATAGTG
NZ_AP013035.1_gap10	435292	440046	4754	GGTCATAGGTCACTCCAGCCAAAAGCTTTCCCTTCTCCTGATAAGCAAGGTTAATGGCGAAGTGGGGGTTCTTTCTCATGAAGTTTCTTGTGCCATCTATGGGGTCTATGAAGATGCAGGTGCCCGGTATCTCGCCTTTAAAGCTTTCTTCTCCCACCACCGATATATTTGTGTTAGCAAGCAGTTCCTTTATGTAGTTTTCCACTTCAACATCTACCCTTGTTACAAAATCGCTTTTTCCCTTTTCTCTTACCTCGGTTTCCATGCCGTTCAAAAGTTCCAAGAATCTTATTTTTAGCAGTCGTCCTGCTTTTTTTGCTGTATCCTTTAGCAGTTCTAGCATAACAGTATCCTCACCTTGTACTGTTCTTGGTGGAAGGAAGGCACCTCTTGTACTCTTATTTTCACATTTAACTGCTTTTCCAGTTCTTCCAGTGCGTCATTCTCTTCCTCTATCATATACTTGGCCACAGAAGGATGGGCTTCTATGAGTATAAGGTTCTTTGTGGGATTAAGTGCTTTTACCCTCTTTATCTCTCTATAAATTTCGTGGCAGACTGTTATTGGAGGTTTTACATAGCTTTTGCCGTGGCAATAAGGGCATGTGCTGCAGAGGGTTTTTAAGAGGCTTTCTTTAACCCTTTTTCTCGTCATAATTACAAGACCAAGTTCGGTAAACCCCTGAATGTTAGAGGGATATCTGTCTTTTTTCAAAGATTCCTGAAGAACCCTTAGAACCTCTTCCCTGTGCTCTTCAGAGGCCATATCTATAAAGTCTATGATAATTATACCCCCGATATTCCTCACCCTTATTTGATGGGCTATTTCTCTGGCTGCTTCTAAATTGGTTTGGAATATTGTTTCTTCCAGGTTGCTCTTGCCCACGAACTTCCCGGTATTAACGTCGATAGCGGTAAGAGCCTCAGTTTCCTCTATAACTATGTACCCTCCTGATTTGAGCCAGACCTTCTTCTCAAGGGCTTTGTTGATCTCTTCCTCAATACCATACCTTGTGAAAAGAGGAATTGGATCTTTATACAGCACTATTTTGTCAGCAGCTTTGGGAACGTAGGCCTTGGCAAACTCCAAGCAGTTTTTGTAGGTTTCCTCATCATCTATAATTACCTCTTCTGTATCCTGGTTAAAGAAGTCTCTTAGTGCTCTGGTGGGCAGATCAAGATCTGCGTATAGCAGATAGGGTGCTGATACCTTTTCTGCTTTTTTCTTGATATTTCCCCAAAGGCTTATGAGGTATTCCATATCGGAGAGCAGTTGTTCTTCCGACTTGCCCTCGCTCACTGTCCTAACAATGAAACCGTAGGGTTGTGGTCTTATCCTGCTAACAATCTCTTTAAGCCTCTTTCTTTCTTCAGGATCCGTGATCTTGTGGGAGACTCCTATGTGGCTCATGGTGGGCATGAGTATTAGATAACGACCTGGTAGCGTTATGTGAGACGTGAGCCGAGGCCCTTTGCTACCCAGGGGCTCTTTGGCAACCTGTACCAGTACCTCCTGTCCCTCCTGCAGGATGTCTTCTATGGGAATGCCTTTGGGCACCCTTTTGGGAATCTGTGTTTCCTCCACAAGGTCTGCAAACTCCTCGCTTATCTCAAGAGGAGAGACCTCGCTTACATACAGAAAACCTGCTCTTCCAATTCCTATGTCTACGAAGGCTGCATCCATTCCAGGCAGGATCTTGACAACTCGCCCTTTATAGATGTTGCCGGCTATTGTTTTTTCACTATGTCTTTCAACATATATTTCTGCGAGGCCATACTCTTCTGTTATGGCCACCCTTGTCTCTTTTAGGTCAACGTTTATGAGAATTTTGCTTCCCATGCGGGTTATTTTCTTATAATATAACTCAAACATCGTCAAACTGAGGCCAGAGATGGATAAGAAGTTTTTGCGTATAGGAGAGGTTTCCAAGATCACGGGGGTGAGCCCTCGGGTGCTCAGGTATTGGGAGAAGGAGTTTCCTATGCTGAAACCCCATCGGCATAAAGGGAACAGGTACTACAGTCCTGATATGGTGGAATTGATTTTAAAGATAAAGGAGTTGCTTGATAAGGGAATGAATGCGGATGCGGTTAGGAAGAGGCTGGAAGAGGGTGTTTCCGAAGAAGAGAGAGGTTTTTTAAGGATTTTGGCGGGCATTAAGGAAGAGATAAACGAGATACTGGAGTATATGGATGCTTGTGAGAGGGATAGGATTAACAAAGGTTTATGAAACCCGTGGTAAAAAAGTGGAGGTTTTAAAGGGTATAGATTTTGAGTTGAACGGAGGGGAGCTTGTAAGCATTGTAGGCCCATCAGGTGTTGGTAAGAGCACATTCCTGCACATAATAGGCCTAATAGATGTTGCCACCTCTGGTGAGCTATACTTTATGGAGCAGAAAGTTACTGAGAATGAAGAAATAAGGGCGGGTCTCAGAAACCAGTATATAGGGTTTATGTTTCAGTATCATTATCTGCTTCCTGAATTTACTGCCCTAGAGAATGTGGCGATGCCATGTATGATCGGAGGGATGGAAGAGGAAGAGGCCTTTGAGAGGGCGAAAGCTATCTTAGAGGGGCTGGGATTAGGCCAGAGGTTGGATCACAGACCAGGAGAACTTTCTGGGGGTGAACAGCAGAGAGTTGCTTTGGCGAGGGCTTTGGTGAAGGATCCCAAGCTGGTGATAGCGGATGAACCCACGGGGAACCTTGACAAGCAGACTGGAATGGGGGTTGCCCAGTTGATCAAGGAGTTGAATAAGGAAAGGGGAGTGGCTTTTATTATAGCGACTCACGATGAGGAATTGGCATCTATTGCAGATAAGGTTTATCTTATGAAAGATGGATACCTTTACTCAGGTTAGGAGGTCGTACAGATGCTTGATTTGAATTTTGTGAGAAAGAATCTGGATCTTGTAATTGAAAAGACCCGCTTGAGGAGTGTAGAGCTTGATTTTGATTATTTTAGAAGGGTTGATAAAGAGAGAAGGCAAACTATCAAAGAACTGGAGGAGTTGCGATTCAGAAAGAACCAGCTTTCCAAGGAGATAGGAATTAAAAAGAGAAAAGGGGAAGATGCATCTACCTTAATGGAAGAGTCTAAGGCTTTAGATTCAAAGATAGATGATCTGGAACAAAAGGCCAAGGAGTTAAACGACAAGCTGTACGACTTTCTTTCAAGGATACCCAATCTTGTGCATGATTCTGTGCCGGTAGGGAAAAGCGATGAGGATAATGTGGTAGTTAGAGAGTGGGGTGAGCCAAGGGAGTTTGATTTTGAGCCCAAACCCCACTGGGAAATTGGGGAAAAATTGGGAATTCTGGACTTTGAAAGGGCCGCCAAGCTTTCAGGTTCTCGTTTTGTGGTGTTAAGGGGTTGGGGGGCAAGATTAGAAAGGGCTCTTATAAACTTCATGCTTGATCTACACACAAAGAAACATGGCTATACAGAGTTCTGGTTGCCGGTTCTGGTAAGAAGGGAGGTCATGTTTGGAACTGGCCAGCTTCCCAAGTTTGAGGATGATCTGTACCGCATAGAGAGAGATGATCTATTCCTTATACCAACAGCAGAGGTGCCGCTGGTTAACCTCCACAGAGAGGAAACTTTCAAGGAGGAGGGTCTTCCTCTGTATTACACAGCGTTTACTCCCTGTTTTAGAAGGGAGGCAGGATCTCATGGACGCGATGTGAGAGGTATTATCAGGCAGCATCAGTTCAGTAAAGTGGAGCTTGTGAAGTTCACAACCCCAGAAACCTCTTATGAAGAGCTGGAAAAGTTGGTGGCTGATGCAGAGGAGGTGTTGCAGCTATTGGGCCTGCCCTACAGAGTGGTGGAGCTTTGTACCGGGGACTTGGGCTTTTCTGCTACTAAGACCTACGATTTGGAAGTGTGGATCCCTTCTCAGAAGACTTACAGAGAGATCTCTTCCTGTTCAAACTGTGAGGATTTTCAGGCGAGAAGGGCTAACATAAGGTATAAACCTAAAGGCGGTGGAAAAAGCCGTTATGTTCACACGTTGAATGGTTCCGGTGTGGCTGTGGGAAGAACCATGGTGGCCATACTTGAGAACTACCAGCAGGAGGATGGTTCTGTTAAGATACCGGAGCCACTGGTTCCTTATGTAGGGGTGGATAGGATACCACCGGAATGAGCGTTGTAGTCGGACATAAAAGTACAATAGAAAAACTTAAATCCATTTTGACCAAGGATAGACATCCTCAGGCTTTACTCTTTGTCGGTAGGGAGGGGATTGGCAAGAAAAGGGTAGGAGTGCTTTCCGCTGCCTTGTTCCTTTGTGAGAAGGGAGGATGCTTGGAATGCAGGACCTGTAAAAGGGTTATCAAATCTATAAAGGAGGGGGCATCTTTACATCCTGATTTCAGGCTGGAGAAAGTGGATAAGGGGAAGAAGAGCATAACCATAGATCAGATTAGGGCTATTAAAGAGTGGGCTTACACAGCTCCTATGGAGGCTTCTCGTAAGATCGCTTTGATTGATGATGCACATCTTATGAATGTGCATGCGGCTAATGCCTTTTTGAAAACCCTTGAGGAGCCTCCGGAAAATACACTTTTTATATTAGTCACTTCTGAGCCCTCTATGCTGTTGCCCACGATTGTGTCAAGGTGTCAGGTCATCCGTTTTTCTCCATTGAATAAAGATGAGGTGGAAGAGATATGCGCGAGAGAAGGGGTAAAAGAGGAAGTAAAAGAGCTTTGCGTAGATATAGGATCTCTGATGTTTCTGAGGGTAAAGC
NZ_AP013035.1_gap11	501390	502101	711	ATGCGCTGAGCTACCCTTAGTGCCTTAGGAGCCGCCTTCCCCTGTCCATCGTGCAGGGCTAACATGTGCCCTTCAAGCACCTTAACAAGAGCTGCCATCTCGCAGTAGGTGCTCACAGCCTCCTCAATCAGGTCTGCTCTTTTTGCCCTGGGCATCAATAACACCTCATAACGTGATGACCTCAGGGGGCATTATCAGTTCAACGCTGCCGTCTGGAAATATACGCCTGCAACCAATCACAATGGTTTTAACACCGGGAAGCTTAGGAATATCTTTGGAGCTGCTGAAAGTCCCTGTCCAAATTTCTTCAACATTCCCCCCGACCTGTCTTATAAACATCACCACAAACTCAAACTTGACTGTACTTATTACACCTTGCATTGCTGCCCTCCAGCCTTAATTATTGCCATTGATCTAGCCTTGCATATCGGCCTCCTCCCTTTTCGTCATAGAGATAAACATTAGCGGTCCCCGCTGTTGTGGAGAGCTGGCCCTTAACCTTGGGATAAAGGTCAGCAGGGCAAAAGACAGCCAGGCCACCGAGGTGTTTGCTCTCAAACAGGTAACAGCAGGGTTCCCGCAGCAGATCAAGCAATTCTGTGGGGCTTGCTTTTTCAAAGGCTCCTGTAACACCATCAGTGGGGATTTCCACAAGGGTATCGCCATCCCACAACCAGATTTTTAGTAGTTTACGCTACGAGCGGTTAGTGC
NZ_AP013035.1_gap12	526336	529249	2913	TAATAACTGATACTATGAAAGCGTGTGCCCTCCCTGTAGACTAAATAAAAATTGAGGGAGGGCAGACATGGAGTATATAGCCTTTGATTCCCACAAGAGGTATACTTTTGCTGTAGTGACAGATGAATCTGGCAGGATAAAATGGGAAGGGAAGATTCCTCATGAAAGGGGTAATATAAGGGCCTTTCTGGAAAAGAGGGAACCCGGATCGGTTGTTGCATTAGAGACTGTGGGCAACTGGTATTGGATAGTCGACGAGATAGAGGCTGCTGGATGTGTACCACAGTTAGTTCATGCGCTAAAAGCCAAACTTATGTTTGGATGTGTAAACAAAACGGACAAGTTGGACGCGAGGGGGCTGAACAAGTTGCAGAGAATAGGGGTTCTTCCAACAGTTTGGATCCCTCTGGGAGAATTGAGGGACAAGAGGGAGCTGTGCAGGGCAAGGATGGTATTAGTGCACTACAGAACCAAACTAAAGCAAAGGGTGCATTCTATGCTTGATAAGTATGGAATAGCTATAAAAGCGAGTGATATATTTGGCAAAAAGGGGAGAGATTTTAATAACAAAGGCTCTAAACCTCTTACCTGAAGAAACAAGGAGAATGACCGAGGAATTTCTTCATCAGACTGACGAACTTGACGAGAAGATACGAATGATAGAGGAGAGGATAAAAGAAGTGTTGCTTCCCACAAGAGAGGTGGGTCTTTTGATGAGCTTACCCGGGGTGGGACTTATACTTGCCACTGTGATGGCACTGGAGATAGGAGATGTAGAGAGGTTCCCTACTTCAGAACATCTTGCCTCTTGTGCAGGGGTAGTTCCCAAGGTACATTCAAGTGGTGGTAAATCAAGGCACAAGGGGCTCAGGAAGGAATCGAACAAATATCTCAAATGGGCATACACAGAGGCGGCCAGTGTGGTAGCGGTAAATCACAAAAGAAAGCCCTTTCAACATATGAGCCAGCTTTACAAGAGAATAAAGGAGAAGAAAGGGCATCACAAAGCGGTAGGGGCTGTAGCGAGGCACTTAGCAGAGGCAAGTTATTGGGTTTTAAAGAAAGAAGAGAAGTATAAAGATCCATTGTTAAGCAAAAAGGTGAGTAAACTGGGGGCGTGAACGCGGATGACACATGGGACGTAAGAGCCCGGAAAGTGATTGCGGGACGCCCCCTGAAAAGTATCATGCCCCATGTAGGGCTAAGAGATGTATCCAATGGTGAAGTGGGAAGGATATAGGGGGATTAAAGCACACGCTTTCAGAGATGTGATCTATTTGCTAAAACTGCAAACCAATAGTTAAACTGCAGTTTGCTATGTGGTATTTTCTTTTTAAAGGTACCACTGAGGTTATGAAGGCCGATGATGTGTTAAGTAATGCTGGGGTGAAGTATGAGGTGGTGCCTGTGCCAAAGGCTATTTCAAGTGAATGCGGCATGTGTATAAGGATTTTTTCGGATTGGCGAATTGTACTAGAGTTGTTGTTAGATGCAGGTTCAGGAGTTGAAGCTGTTTATAATGAAAGCATAGAGAAGGTATGGCCATAATGAAAGTGATATACCTTGATAACGCAGCCACCTCTTTTCCAAAACCAGATGTGGTGTGGGAGGCTTTATTACATTACGGCAAAGAGATTGGTGCAAATCCGGGGAGAAGCGGTCATCGCCTTGCCTTTGAGGCATCTAGGATAGTTTACAGATGTAGAAAGTTGGTGGCGTCACTTTTTCAGGTTTCCAATTCTGAGAGGGTTGTTTTTACCAAAAACGCCACTGAAGCGCTTAATGTTGTTATCCATGGACTTTTGGCCAAAGCAAAGGGTGGAAACGTTGTGACTACCTCTCTTGAACACAACGCTGTTGCAAGACCATTGCGGTATATTTGCGAGACGAATGGTATAGAATTGAGAATTGCTGCATGTGATAATGAGGCTCTAATTGAACCTCTAAAGGTACAGGAGCTTGTAGACGAAGAAACAAGGGCCATTTTTGTAAATCATGCTAGTAATGTTTTTGGAACGGTTACTCTTTTTGAGGAGATAGCCGAGAGCGCAAAACAGAAAGGCATTCCCGTGGTTCTTGATGCTACACAAACTTTGGGTATTCTCCCTTTTTCCGTAAAAGATCTTGAAAATGTTATACTTGTGTTTACGGGTCATAAGGGTTTGTTGGGCCCTCAGGGAACAGGAGGCTTTTATCTGCCGGAAGGGGTTGATTTTGATCCCCTTTTAAGAGGAGGGACGGGAAGTAACTCCGAGAAAGATGAGCAGCCTACTTTTTTGCCCGATAAATTTGAAAGTGGAACCCTTAATGTTCATGGGCTGGCGGGTTTGTCAGCGGGTATACAGTGGGTTTTGGAAAAGCAAATCGAGAATATTAGGAAGCACGAGCTTACTCTGGTTAGAGGTTTTTGTGAGACTGTTAGAGAGATTAGAGGAGTTAGGGTGTATGGTTCATCAAAATGGGAGAGGAGAATAGGTGTGGTTTCTTTTAACATTGAAAACAAAGATCCAGCCGAGGTTGCTTTTTTGCTGGATAGGAAATTTGGGATAATGTGCAGGCCTGGGCTTCACTGCGCTCCATGGGCACACAGGGCTATGGACACTTATCCTATGGGAACGGTTAGGTTTTCTTTTGGGGTTTTCAATACAGAAAGTGACGTGGAAGTTGCTGTTGAAGCTGTTAAAAAAATAGCGGAGGGATAGCCATGGTAGTGGACGCAAGGGGATATCCCTGTCCAAGACCGGTTTTAATGACGAAAGAGGCCTTGGAGAAAATAGAAGAGGGTGTGGTGGAGGTGCTTGTTGATAATGAAGCTTCCAAAGAGAACGTGAAGAGATTTGCGGAAAGGCAGGGTTGTGATGTTGAGGTGAGAGAAGAGGGGAGATGTTTCAGATTGATTATAACAAAGGGTTA
NZ_AP013035.1_gap13	530329	531987	1658	ATGGTTGATGGAACCGCGTTTGATATAGTTATAGAGGTAGAAAGTGTTCCCGTACTTGAGGAGGCCATGGAGTATGCCTCTTTTGGTTTGATTCCTGCAGGGGCTTATGAAAATATGAAATACTGCGAGGGGAAAGTTTTCTTTGAAAGGGAACTTGGGGATTTGAAGATGATACTCTTTGATCCTCAGACCTCTGGCGGTCTTTTGGTGGCTGTTCCCGAGGACAGGGTGGAAGAGTTCGGATATTTTAAAATAGGGAGAGTTGTTAAGGGTGAAGGGAGGGTTTTAGTGGTATGAAAAGGGCCCTTTACATGGGAAGGTTTCAACCCTTTCACAAAGGACACCTTGAGGTTGTGAAACGAATCCTTTCTGAAAACGACAAGATTATAGTAGCTATTGGTTCTGCAAATTTTAATTATAACGTGAAAAGTCCCTTTACTGCTGGGGAAAGAATGTGGATGATACATGAGGCTTTGGTTGAAGCAGGGATTGACATGTCCAAGGTCTACATCACTAGTTATCCAAACATAGAGAACAATGCCGCGTGGTATGCCCATATAAAATCTTTACTCCCTCCTTTTCACAGAGCTTATACGGGTAATCCTCTGACTCAGATCCTTTTGAAGGAAAATGGCATAGAGGTTGTTGTCCTTAAGATGATAGAAAGGGAGCTTTACTGTGCGAGCACTATCAGGGAGAGGATGCTGAGGGATGAGCCCTGGGAGGAGCTTGTCCCACCTGCTGTGGCAAGGATAATAAAAGCTATAAAAGGGCCAGAAAGGCTAAAATATCTGGTTAGAAGTGAATCCGATCCCATGTCTTACTGAAGGGGTGTGACAATGAAATCGGCGTTGCTCTTTGTAGGTGATGAGGTTGTAGAGGGGTTGATTGAGAATACCAATGCTTTGTTTCTAAAGGACTTACTTAATAATTGGGGTGTTGAGGTTGATGAGGTAGTTGAGGTTAGAGACGATTTAAAGTTAATAAAAGAAGCTCTCAATTACCTTTTGGCATTCTATGACTTGGTGTTTGTTTGTGGGGGACTTGGTCCTACCGAGGATGACCTTACGAGAAAGGCCTTGAGCGAAGCCCTTCGTTTGCCTTTACAATTTGAGGGGTCTCTGTGGGATCGCATAAGATCTGTTCTTTATAAGAGGGGAGTGGTTGTTAGGGAAGAGCATAAAAGGATGGCTTATATTCCAGAGGGAGCTGATTACATAGAGAATCCAGTGGGACTTGCTCCTGCATTGGTAATACGGAAAGATAAAAAAGTGGTGGTGGCGCTGCCTGGGGTTCCTAGAGAGTTGAAGGAGTTATCTTTTTTAGTGCTTCAAAAACTAGTCGGGGAAAAGAAGATGGATCAATTGGTTAGGGTTTTCAAAATATTTGGCTTAAAGGAGTCCGAGGTGAACTCTTTGGTCAAGGAAATCTTCACCACTTTTTTTGTAAAATGGGGAACGGTTATAAAAGATGGTGAGGTTTGGCTTCGGGTTAAGGCTGATCCATCACAGATAGAGTTGATAGAGAAGCAGGTTAGGAAGGCTTTTGGCAACGATCTTTTTGGGATTGATGATGAAACCTTGGAAGTTGTTGTAGGAAAGCTATTGAGGGGAAAGGGGTTGTCCCTTGCCACTGCTGAGTCCTGCACAGGAGGATTG
NZ_AP013035.1_gap14	534628	535395	767	GGTATTCCAGGAACACCGGGGGTTCCAGAGGATTTTGCCAAGCATACATTGATTGCTAAATTTAATGATATTGAAAGCGTTAGGGCCCTTTTTGAGAAGTACGGGGACGATATTGCCTGTGTGATCTTAGAACCGGTAATGGGTAATGCAGGAGTCATACTTCCAGAAGGAGATTTCCTTAAAGAGTTGAGAAGTATTACGAGACAGTATGGTGCATTGCTAATATTTGATGAGGTTATCACGGGCTTTAGGGTGTCGTATTCAGGAGCTCAAGGGTTCTTTGGAATAGAGCCTGATCTTACCTGTCTTGGAAAGATCATAGGAGGTGGCTTCCCCGTTGGAGCTTATGGAGGAAAGGCTGAGTTTATGAACCATATTGCGCCTGATGGTCCTGTTTATCAGGCGGGAACCCTTTCAGGAAATCCAGTGGCTATGGCTGCGGGCTTGAAAACCCTGGAGATTTTGAAAAGGGACAATCCCTATCCAGAGTTAGAAGCAAAAGCCAACTATTTCAAAGAGAACGCATACAAACTCTTTGAGGAAAAAGGTATCCCTGCAACCATCAACGGAATCGCCTCTATGTCCTGTATCTTCTTTACAGAGGGGCCTGTTAAAAGCTACGATGATGCTGTTAAAAGCAACACTGAACTTTATGCAAAATTCTTCTGGGAGATGCTTAAAAATGGTGTTTATTTAGCTCCCAGCCAGTTTGAAGCAGCTTTTATCTCTGTAGCTCACACACAGGAAGACCTAGATAGGACTTTGGA
NZ_AP013035.1_gap15	542337	543402	1065	GTTAAGCTTTCACACGAAAGTGGTGCTCTTTACCACTTCTTGTTTAATTGTAGTTAGTATGGTTGGTATAATGTTGCTTGAATGGAATAATGTCCTTGCTACTCTTTCCCTTAAAGGCAAGATCTTGGCATCTTTTTTTCAGTCTGTGACTCCAAGAACTGCGGGCTTTAATACAGTCGATATTGGGTCAATGAAAGAGCCAACGTGGCTACTATTAATAGTTTTAATGTTTATAGGTGCTTCTCCTGGAGGTACTGGAGGTGGGGTTAAGACTACGACTTTTATGGTAGTTTTCTTAAGTGTTATGGCTATAGTTAGAAACAGGAGGGATGCGGTAATTTTTAAAAGGCGGATTGGAGATGAGGTTATCCATAAGTCAGTGGCTATTATCTTCCTAGCTCTTACCTTTGTTATTTTGGGGACTATGGCAGTTTCCATAGTGGAGAAAAAGCCTCTAATAAAAGTGGCTTTTGAGGTTGTTTCTGCCTTTGGGACGGTAGGGCTTAGCACAGGCATCACCTCTTCTTTGCATCCCTTTTCCAAGTATATGCTCTCCTTTATAATGCTTGTGGGAAGGGTCGGACCTCTTACTGCTGTTGTGGCTATGGCACAGGAGGGGGAACGAGAGAGAATACGTTTCCCGGAGGGCGACATAATTGTGGGATAAGCTCTTTTTACTTTTTGTCTTGTTCAATCTGTCAGCATTCTTCTCCGGTTCTGAAAGTGCCTTCTTTTCCTTGGATGAATTTAAACTAAAACGGTTAAAACAGCAGGAGAATGTGTTTGCGTCTTTGATCTTAAGGTTGCTATCAAATAAAGAGAAGCTTTTAACAACAATCCTTTTGGGCAATGAAGTGGTTAATGTGGCTATCTCTTCGGTTTCAGCGGCTTTATTTATGGATGTGTTTGGGGAGAAGTGGGTAGGAGCATCTGTTTTTGTTACAACACTCTTTCTACTGATATACGGAGAACTCTTTCCTAAGGTTATAGCAGTTAAGTATAACACTCTCTGGGCTGGATTTGCTGCTCCTTTACTTTTGTTGGTTTCATATATTCTATTCCCTT
NZ_AP013035.1_gap16	566513	567099	586	TGTTAGGGAGGGTTCTGTTCTTATTAGCAAAACCAACTTTATAAACAATGACTGGGACATTGTTAATGAAAAAGGAGAAGTTGTCTTAAAAGAAAATTACTTAGGTACCAGCGATCCTACGGCTTTCAAAATTCGAGGTCGTGTTCACCTTGTTTCATACCTTACCTTTCCATACCCAGAAGGTAGTGTGGTTAAGTATGATCCTGAGAAATTAAGAAAGGAGGGGGAAGAGGCGCTTAAAAAAGGAATAGAGCAGGTTAAAAAGGGTAACTATGGTAAAGCATTAGAATATTTGGAAAGGGCTTACAAGCTGAACAAGACAAAAGAGGTTTATTACTGGTTGGTTTATGTTTATACCATGATGGAAGAGGAGGGCAAGCTAAAGAAGGTTATTGGTGAGGCTCTTCAGAACTATCCGTATGAGGTTAACATCTACCAGCTTGCTATAAGGTACTATATCTTCAAAGGCAAGTATCATGAGGCCAAGAGTCTTTTGGATAGGGCTTTGAAGCTCCAACCGAATAATCCTTCTTTGGAGTCTATGAAGGCCCTTATTGAAAGCATGAAGCCTAATAAAAATGAGAAG
NZ_AP013035.1_gap17	718482	721107	2625	ACCATGGCTGAGCTGACCCGGGAGGAGAAAAACAGAATAAGTCATAGGGGTAAGGCGTTATTGAGGATGAAGGAGATTATCAGGAGTGTTCTTTCAGAATGAATGATATCCTCACCATTCCCAACCAGTTGACCATTCTGAGAATGCTACTGGTGCCAGTGTTTGTAACGTGTTTGATTTATCAGTGGTGGGTTCCTGCTCTGTCCTTTTTTGTTATCGCCTCTGTTACGGATGCGGCTGATGGGTATCTTGCTAGAAAACTGAACCAGAAGAGCAGTTTGGGCGTTGTTTTAGATCCCCTTGCCGACAAACTTATGATGGTTTCATCATACGTGGTCCTTTCTGGAGAGAGGTTAATTCCTCCATGGTTGACGGTAATAGTGGTGAGTAGAGATGTGCTTCTGATTGGCGGAGTCGTTTTTCTGAAGCTCTTTGCGCAGAACAATGTCAAAATAGAGCCTTCTCTTTTGGGCAAAGGAACCACTTTTTCCCAGATTTTAACAGTTAATATGGTTCTTTTGCACAAGATTTTGAAGGCTAAACATGATTTTTACCTATACATTTTTTACCTGTTCACAGCCGTTTTGACAGTGGCTTCTGGGTACGATTACTTTAAGCGAGGCTGGGGCTTTTTAACCAATGCCGATCAAGGTTCTTAGGATCTTTCCCGGGGGTGTAGCCGCTGAACTCGGGATCGAACCTGGTGACGAGATAGTATCAATAAATGGTTCCCAGGTTAATGACTACTTAGATTATCTTTTTTTATCTTCCGATGATGTGCTTGAGATTTTCATACGAAAAAGGACCGGAGAAGAAATCCTTTATGATGTTGAGCTTTACGGGGAGAATTTGGGATTAGAAGTAGAGCCTATAAAACCCAGAAGGTGCAGGTGTAAATGTATCTTTTGCTTCATGGATCAGATGCCAAAGGGTTTAAGGAAGAGCTTGTATCTTAAGGACGATGATTACAGGCTTTCCTTTCTTTCTGGGAATTACATAACCCTGGTGGGTATGACGGAGGAGGATTGGAATAGAATTGAGAAAATGAAGCTTTCTCCTCTTTATGTTTCGGTTCACACAACCAATCCGGAGCTCAGGGCTTTTTTGATGGGACATCCAGAAGCTGCTAATATTATGGACGGCTTAAAAAGGCTTAAAAATATTGGTGTTACTGTGCACGCACAGATAGTAGTCTGTCCCGGTATAAATGATGGCGATGAACTTAAACGTACTATTGAAGAACTCGTCCAGTTTTATCCATCGGTTAGATCTGTAGCAGTTGTTCCTGTGGGGCTAACAAAGTTTAGAAACGGTTTGTATCCTTTGGTACCAGTGGATGAAGACAAGGCAAAGGAAATTCTGAGCTTGGTTTTACCTATGGGAGATAAGTACTTGAAGGATTTGGGCTCCAGGTTTGTTTTCCCAGCTGATGAATTTTTCATTAAGGCAAATTGGCCCATCCCGCCTTCTGATTTTTATGAAAACTATTTTCAGCTGGAAGATGGGGTGGGGATGGTTAGGCAATTTCTGGATAGCGTTGAGAGACTGAACAGGAATTTGAGTAGGGTGGCTTTTGTGACCGGTAGGGCATTTAGTGATTTTTTAGAGGTTTCTCTGAAAAGAGCAGGATGTGAGGGCTATGAGGTTGTTACAGTGGTTAATAATTTTTTTGGAGAGCAGGTTACTGTGGCAGGTCTTTTAACGGCACGAGATGTGGTAAAATCGCTGAAAAATAGCAAGAAGGAGGTTGTGGTATTGGCCGAGGTTATGTTCAACGATGACGGTCTGACATTGGACAACTATACAGTTGAAGATATAGGAAGTGCTGTATCAAAAAAGGTGTTTTTAGCCCCAGAAGATCCAAAGCAGTTTTGGCAGCTTTTAAGGGAGCTTTGAAATGAAGAAGATGCTTTCTTTAGAGAATTTAACTTTGTTGGCCTTACTATTAGGTGTTATAACAGGAATTTATGCAAAAGGTTTTGCTTTGAGCACCGCATTTATAGGGGAACTTTTCTTAAGTCTTCTTAAGATGGTGATAGCTCCGATTGTTTTTTGCTCTGTTTATGTTGCAGTAGCAGGCTTAGAAGAAATTACGGCTTTTAAAAAGGTAGGAATATCAGCTTTAATTTACTATCTCGTAACCACTTCTCTTTCAGTAATAACTGGCCTTATTATGGTGTCTGTGCTTCAGCCTGGTAAAGGATATCATCTTTTTGAGCCACAGAAAGTCAGTGTGGCTACGGCAAGCTTAAGCGGTATCATAAAAAGCTTGATTCCTGAAAACCCTGTTAAGAGCATGGTAAATGGTAAGGTTCTTCAAATCATAGTTTTTGCTATTCTTTTAGGACTTGCAAGCTTGAAAATAGATGAGACTAAGAGGACTTCAGTAGTTTGCTTTTTTGATGCTTTTAACGATATGATTATGGAAATTACCAGGTGGATTGTAACCCTAACCCCTTTGGGTGTTTATTCCATAGTGGCAGTGCTTGTGGCCAAAACTGGTGTTAAAGCTATAGAAAGTCTGTGGAAGTATGCTTTGACTGTGATTTTGGGGTTGGCTTTTCATGCCTTTGTGACCCTTCCTGCTCTTCTCAGAATTGTGGGAAAGTCTAAACCGTTTGAGTA
NZ_AP013035.1_gap18	768487	773450	4963	GTCCTCTCTGGTAAATGCAGCTACCGGAGCGCCTCTCCTTTCCGCTCCAAAGGTTGGGAATGATTGAACCCATTTCCCCTCTTTGAAAAAGGAAAGCGCTAAGAGTCTTGAGGCTACTACCGCTCCCTGTCCGCCTCTTCCATGGATCCTAATCTCAATCATTGGCTTTCACCATAGATTACCACCAAGGCCTTAGCCGGCCCACCAACGCCTCTTAAAGCATGGGGAAACTTTGATTCGTAAGAAACGCTGTCTCCAGGCTCAAGTACTACACAATCACCTTCTAAACACAACTCCAAAGTTCCCTCTAAAACATAAAGGAACTCTTTACCCTCATGCTGGAAATAAACCCTATCCTCCTCTCGCTTTTCCTCAAAGGTAACCAAGAAAGCATCTATCCCTTCCTTGGAAGCAAGTCTTTGATAATAGTATCCTGACTTACTGGGTCCAGTCCTCGGCCTTCTCTCCTCATCCTTTCTCTCTGAAGTACGCACAACAATCATCTTCTCTTGGGCAGGTTTTCCCAGTAACTCTGTAAGAGTAAGCCCAAGAGCCCTTGCTACGTGAATTAATGTAGCCACAGAAGGCACAACTTCCCCTGCTTCAATCTTTTGCAATAACCCCGTAGCTATCCCCGCCCTCTCAGCTAAAACTTCCAAGGGCAGACCCAATTCTTCTCTTAATTTCCTTATTCTTTCCCCTATCATGTGTTAAAGTATACTACCAAACGGCAAAAGTGGCAAAGCCATTGGTACAAATAATATGAAAGCAGGCTAAAAGCCCGCCTATTTTACCATGTCACTTGAATTGTGATATAAAGGGCACCTTCACCTCTGTAAACCAAGAAGGTTAGATAGTCACCTTTCTTTGCCTCAGTTATGAGCTTGACAGCATCGTCGGCGCTTCTGATCCTATGCTGGTTAATGTTGACTATTACATCGCCCTTTCTGAATCCGGCCTCCATAGCTATGCTAGCAGGTCTCACACTGACCACATAGGCACCACCTTTTATGCCAAGCTCCTTCTCCACCTCAGGAGGTACATCCGACAATTCAAGACCGAATTTCTCCAAGGCTCCAGTTACCACCCCTCCATGGCGTCCCTGCTCCTTTAATTCGCCTATCTTTACCTTTAGTTCCTTCTCCCTTCCATTTCTGATTATTGTGAGCGTTACCTTAGTCCCAGGTTTCGTGCTTGAAACAAGGATACTGAGTTGGTGAGAATCCTTAACCTCTTTCCCGTTGTACTTGATAATAACGTCACCTGGCTTCAACCCTGCCTTCTCTGCAGGACTTTTATGAATAACCTTAGTAACTATAGCTCCATGATTGACAGGCAACTTCATAGCCTTTGCAAGGCTTGGCCTCACATCCTGGATATAGACGCCCAGCCAGCCTCTTATAACTCTGCCATGCTCTTTCAATTGTTCAATCACGTGTTTTGCAAGGTTTATGGGTATCGCAAAACCAATACCCTGAGCATTTTTTATGATGGCGGTATTTATCCCAACAACCTCGCCGTCCATATTTACAAGAGGCCCACCGCTGTTACCCGGATTGATGGACGCATCGGTCTGGATAAAGTCATCATAAGGCCCCTCACCTATTACCCTGCCTTTTGCCGATACTATCCCTGCAGTTACGGTGTAGCTCAATCCAAACGGATTACCTATGGCAAGCACCCATTCACCCACTTTGAGCTTATCGGAATCTCCCAGCCTTACCACTGGCAGATCCTTACCTTTGGGGTCAATCTTTAGAAGCGCAATATCAGTTTTGGGATCGGTACCATAGATCTTAGCCTCATACTCAGTGCCGTCTTTCAAAACAACTTTAACTTCAGTAGCTCCCTCAACCACATGGTTATTGGTAACTATAAAACCATCTTTGCTGATTATAAAACCAGAACCCAGACTACGTCTTTTAAACTCCCTTGGAGGTACGTCTCCAAAAAAGAATTTAAAGAAATCATCTCCGAAGAAGTCTCTTGGAAACGGAAAGAAGGGATGGGTTTTAACCACCTGAGTGGTAAAAACGTTAACAACAGCTGGGCTTACCTCTTCCGCTATTTTGGTAAAGTCAGGACATCTGCAAAATCCATTCCAAGCCAGAGCATTTGTAACAACAACTAAAATTGCCAGCCACACAACCGCTATGCGCCTCAATTCTCCCCTCCTGTTTAATTTTTACACAGGTTTACAATATACGCCGCTAAGCTACTTTGTCCACAGGATTGTGTTAAAGCCCATTTAGACATAATATTTAGTTAAGTTATCACCTTTTTTGGAGGAAAAGGATGTTTACAGGTCTAGATCAATGGAATTTTTTGCCTCCAGTAGATGTTTATGAAACAGAAAACGCCATTTACATTGAAATGGAACTTCCAGAGGTGGAAAGATCCAACATAAAAATAGTTTGTGAAGGCAACAAGCTTGTTATTGAAGGGGTGAAAAACTACAAAATAGGTTCACAAAACGTAAGATTTTTAAGATTAGAAAGACACACAGGACCGTTTCAAAGAATCATTCAGCTTCCTTTTATCCCCAAAAACGAAGACATCAAAGCCACTCTCAAGCATGGAGTTTTGAAGATAGAAGTTCCCAAAAAAACACAAACTATAAAAGTGGAGGAAGAAGATGAGTAGTCTTATCTGGACACCCGATGGGGGAAACGAACCTCGTCAGGAAGGTTTTAATATACAGATACCCAACGAAATGCCTCTTTTACCCACCAGAGATGTAGTAGTCTTTCCCTTGATGCTCATGCCGCTTATGGTGGGAAGGGATATATCAATAAACGCTGTCAATGAAGCTCTTTCCAGAGATAGGCTTATATTTGTGGTGGCCCAAAAAGATCCCCAGGTAGAACTGCCTGGAGCCAAAGACCTTTATACTATCGGCACCGTGTGCATGATAATGCGCATGGTAAAAACACCCGACGACAAAATAAAAATCCTAGTTCAAGGACTTACTAGGGCAAAAACCGACGAGTTTCTCCAGTTTAACCCCTACATCAAAGTAAAGCTAACACCCCTTTACGACAGGCAGATCACAGAACTAACCATGGAAACAGAAGCACACATGAGATTGGTAAAAGAGAACCTAGAAAAGGCTGCAAGCCTCGGAAAGCCCATTCCCCCAGAGGCTCTTACACTTCTAGCCACCATTGATGATCCAGGAAAGTTGGCGGATCTCGTGGCGCCACAGCTAAACTTGAAGACTTCAGAAGCACAGGAAATATTGGAAACTCTTGATCCGGAGCTACGGCTCAAAAAAGTTTCTAATCTATTGTTAAAAGAAGTGGAGCTCTTGGAGCTTCAGCAGAAGATTCAGTCTGAAGCTCGCGAAGAAATGAACCGTGCTCAAAGGGAGTATTTCTTAAGAGAGCAGCTCAAAGCTATTCAAAAAGAACTGGGAGAAAAGGATGAAAGGCAGGAGGAGATAGAAGAGTTTCAAAAGAAGATAGAAAAGGCAAAAATGCCACCGGAAGTAAGGAAAGAAGCAGAAAAGCAGCTAAAGCGGCTTGCAAAAATGCATCCTGATTCTGCAGAAGCAGCGGTGGTAAGAACGTACCTTGAATGGCTTACAGAACTTCCCTGGAGAAAAAGCACCAGAGATAGACTAGACATCAAAAAAGCAAAGGAAATCTTGGATCAGGATCACTATGATTTAGAAAAGGTAAAAGAGCGTATTCTGGAGTATCTGAGCGTAATAAAGCTAAAGAAAATGCAGAAGGAAAAAGAGATAAAGGGAGCTATCCTTTGCTTTGTAGGTCCCCCTGGAGTAGGAAAAACCTCTCTTGGTAAATCCATAGCAAAAGCCATGGGAAGAAAGTTCGTCCGTGTATCCTTGGGTGGTGTAAGAGACGAAGCTGAGATTAGAGGGCATAGAAGAACATATGTGGGAGCATTACCCGGTAAGATTATACAGGGAATTAAACAGGCTGGCACAAATAATCCTGTATTTATGCTCGATGAAATAGACAAGTTAGGCGCAGATTTTAGAGGTGACCCCGCCTCTGCTCTACTTGAGGTGCTTGACCCAGAACAGAACCACTCATTTGTGGACCACTATCTGGGTGTATCCTTTGATCTATCAAAAGTACTATTTATTTGCACAGCAAACGTGCTTCACACTATACCTGCACCGCTTCTGGATAGAATGGAGGTTATTGAAATTCCAGGTTACACTGAAGAAGACAAGATAGAGATTGCCAAGAGATACCTTATCCCGAGACAACTTAAAGAATGTGGTCTAAAGGAAGATGAGGTACAGTTTTCAGAAAAAGCCATCGTTCACATTATCCGTCATTACACCAGAGAGGCTGGTCTGAGAAACCTTGAAAAACAGATTGGATCAGTTTTAAGAAAGATAGCCAGACGAAAAGCAGAGGGAGAGGAAGGTCCCTTTAAGATCACGGTAAAAAGCGTTGAGAAGTACCTGGGTCCTCCAAAATTCCTTCCAGAAGAAGAGCGCCCTAAGGAAGACGAGCCGGGAGTAGCCATAGGACTGGCTTGGACTCCTACGGGCGGAGAAATCATGCATATAGAGGTTGCTGTTGTTAAAGGCAAAGGAAAACTTATACTGACGGGACAACTGGGAGACGTGATGAAGGAATCTGCGCAGGCAGCAGTTTCCTATGTAAGAAGCAGAGCCCAGATGCTGGGTATAGATGAGGATTTCTACTATAACTATGACATACACATTCATGTACCCGCAGGAGCCATTCCAAAGGATGGCCCATCAGCGGGGATAACTATTACCACTGCTCTTATCTCGGCTTTGACCGGTGTGCCTGTAAGAAACGATATTGCCATGACAGGGGAAATAACCCTTAGGGGAAGAGTACTTCCCATAGGTGGATTAAGAGAAAAGGCGTTAGCAGCCAGAAGAGCAGGAATTTATGAAATCATAATCCCCAAGAAGAACCTTAGAGATCTGGAAGATTTGCCGGCGTATGCTAAA
NZ_AP013035.1_gap19	782370	783703	1333	CGGGTAGAGCCACCTAAGGGTGATATTACAAGAAAGATGAGTCCTTATGGCATGAAAGTTAAAGACGCTGGTTTGGCATATATAGTGGAAGGCAGAAACAAGTATCATGTGACCCTAAATTTAGAGAATTCAAAGGGTAGGGAAATCTTTGAAGAGTTAATTGCAAAGGTTGATGTCTTAATTGAGACATTCCCTTCGGGGCAGCTTAAAGAGTGGGATTTGGATTGGGAAAAGCTAAAGGGCATCAATGAAAAATTGATAATGTGTTCTTTAAAAACCTTCGGAGAAACAGGTTATGCCGTAAAGGAAGGGGATATGCCTAAGTCTATGGATTATGATGTGGTGGATCAGGCAAGAAGCGGTTTTATGTGGACCGTTGGAATCCCTGAGGATTATGACGAGTTCCCAGAACATACCAGAGTGCCCACGCGTATGGGTAATTGGATGGCTCATTATGCAGGTGGAACTATGGCGGCATTTGCTATAATGGCAGCTTTGATACACAGAGAGTTTACTGGGGAGGGGCAGCATATAGATATTAGCCCTGCGGAAGCCCTTATGGCCATGAACAACTATGCTCTTCATTATTATCATCTTACTGGAGAGATCATAAACCGCACTGCAAATTTTGAACCAGCTGCTTATGCGTACAACTATTTTCAGGCGAAGGATGGAATGGTGTTTATCGCAGGTTACGCAGATCCCAATTGGAAAGCTTTGTGTTCTATCATCAATAGGCCAGATCTTGTGGAAAAATATCCCACTTTGAAGGACAGGACCAATCCTAAAAACTTTGTCCCCATGACTCGAGAGGTAGAGAAATTCTTGAAGCAGTATACGAGGGAAGAAATAGTAAAGATATGGTTAGACTATGACGGACCTGGAGTTACAGTGGCTGGTGAAGTTCTGAAACCTGTGGAAACAATGAAATTTGATCACTGGTATGAGAGGAAAGCTCTTATTGAGTTTGACGATAAGGATTATGGTAAGTTGTTGGTGCAGGGTTTGGTGGCTAAGATGACCGAAACTCCTCCGAGACTAAAATGGCTTTGCAGACCTGTAGGTGCTGATAACCAGGTCATTTATAAGCAACTCCTTGGTTACGATCAAAAGATTTTGGAGCAACTTAAAAAAGAGGGTGTAATTTAAAAATAAATGCCGGAGGCGGGAGTCGAACCCGCACGGGCGTGAAGCCCAGGGGATTTTGAGTCCCCCGCGTCTCCCAGTTCCGCCACTCCGGCACAAGCCCAAAATTCCCTGTGGTAGCGCAATTTATACGCTTCTCAGGGTGTCTTGTCAAGAATAGAATTCCTTATGAAAATTCAACAGATGG
NZ_AP013035.1_gap20	850738	852092	1354	TTTTCGAGAAAGAGCCTGTTGATCCGGATAATCCCCTTCTGAAGCTTGATAACGTTATTTGTACGCCTCACATAGGTGCATCTACAAGGGAGGCTCAGGAGGTTGTGGCTATTGCCATTGCCCAACAGATTATAGACTTCTTCAAGAGAGGTATTATCAAGCATGCAGTCAACGTTCCATCCATTAAGCCTGAGCTAATACCCAAGGCTGAGCCCTACATCAATCTCGCTACAAAGCTGGGACTGATGGTTTCTCAGATATACGAGGGAAGAATGGAAGAAGTTGAGGTGGAATACTCCGGTGAGGTTCTTGAAGAAGGTATCTATAGAGCTCTTACAGCTGCAGCCCTCACGGGTATATTAAAGCCCATATTGGGTAATGGTGTAAACATGGTAAATGCCCTTTATATAGCTAAACAAAGGGGTATTAAGGTAGTTGAGAAGAGGTCAGATTCCACTGAGGGCTATGTCAGCCTCATCAGGATAATTCTCAAGGGTGAAGGCAAATCAGTATCTGTTGCCGGAACGCTTATCAAAAAGGATGCTCCCCGTATTGTTATGGTTAACCAGTTTCCCGTTGAAGCAGAGCCAACAGGTTACATCCTGTACCTTACAAACTACGATAGACCCGGTGTTATCGGGCGGATAGGTACCATTTTGGGTAATGCGGGAGTCAATATAGCTGGTATGAGGCTGGGAAGGTTCAAACCAGGAGAAATGGCAGTAGCGCTCATAAATGTGGATGACCCGGTGCCTGACGAGATACTGGAGGAAATAAAGAAGCTTCCCAATATAATCGATGTCAAAATGGTTTGTTTGGACTGAGGTGTAGGATTGCAGCATCTTATTCCCAAGGGTGTTAGTGTCCGCCTTCCCGAAACGCAGGAAGGTATTGAGCGGATAAAGATTGAAATAGCAAATATCTTCAAAAGATGGGGGTTCAGACAGGTGGGGACCCCCATCTTTGAATATTATGACGATGTATACAAGCTCATTGATGATTCTCTAAATGGTGCTTTAGTAAAGCTTACCGAAAGGGAAACGGGGAGGATTGTTGTTTTAAGACCAGATTTTACACCTCAGGTTGCAAGAATTGCTGCTACCCTTCTAGAAGATATGCCGCGCCCTCTAAGGCTTTTCTATCAGGGCAATATATTTCGCTGGCAGGAGAATGGTAAGGAGAAACAGGTTTGCCAGATTGGCCTTGAACTGATTGGGTTGGGCCAACCCGAGGCCTGTGCAGAGCTGATTGCCATAACGGAAGAGGTGCTGAATCGATTTGGTATAAAGGATCACATTGTTGTTTTGTGTAACGTTGGGTTTTTGAAGGAGCTTCTGTCTCCCTTTGAGCAAGG
NZ_AP013035.1_gap21	1020896	1021869	973	ATCTTTCTGAAAAACAGAGACAACAGATAGAACCTCTCCCCCCTCTCCTTTATGCCGGTGTCATAATTGAGGGTGGAATTATAGGCTACGATACCGATGTTGCAAGCGGTGGTTTTGGAGCAAAATACTTCGGCCTCGGAGGCTCAACACAATACCGAATAGACCGCGTTACAATCTATCTGCGAGTGGTCTCTGTCAAAACAGGAGCGGTGTTAAAGACCGTTCAGACCACAAAGGTCATCCTTTCTAATGAGGTCTCTGCAGGGCTTTTCCGGTATGTTAGACTAAACAGACTACTGGAAATAGAAACAGGTGTAGCTACAAATGAACCGGTAGAAATGGCTGTACAGGAAGCTATTGAGAAAGCCGTACATGACATAATCATAGAAGGTGTGAAGATGAAGCTGTGGAAACCCCAAAATCCTAAGAAATTTGCCCTTACTATCGAAGAATATGACAAAGAAATAAAAGTTTTGCCCAATTTCCCTCTCACCCCCGTGGAAAAAAGAGAGCAATTCTCAGAAAGCGCTTCGGACATTTGAAATGTATTTGCACTATCAGGCATGGGGCAGTAAAATAATCTAAAAGAAAGACCTTTGGGAGGATGCCCCCATGCCAGGAAAAACTGAGTATACAGGGCTTGAAAAGCACGGGCTCAAAAACTTAAGCAGGATTTACTGGCATCTTCCCACTCCTTCCCTCTACGAGGAGGCCATCAGAAGAAACGAAGGACTATTAGCTCACCTTGGACCATTAGTGGTGAGAACCGGTCATCATACGGGTCGTTCACCCAAGGACAAATTTTTGGTTGAGGATGAGATAACCAAAAAGGATATCTGGTGGGGTGGAGATAACCAGCCTATCTCAAAAGAAAAGTTTGAGCTACTTTATAAAAGATTGACGGCTTACCTGCAATCCAAAGAGGTTTTTGTACAAGAATGCTACGTCGGTGCTCACCCCAAATACAGGAAAG
NZ_AP013035.1_gap22	1024739	1027228	2489	ACCACCTTTGAAGTAGCCCCAAGCGTTGCCACAGGTATAAGAAGAGCTCTTGACAGGATTGGCTTGAGAAAAACCACAGTAATGGTTTGGGCAGGAGATGGCTCCACCTACGACATTGGCCTTGCTGCTCTTTCAGCAACAGCCGAGAGAAACGAAGATATAATATACGTATGCTACGACAACGAGGCCTATATGAATACAGGCATTCAGAGAAGCTCCTCCACTCCTTACAAAGCGTGGACCACCACAACTCCTAAGGGAAAGTTGGAACAGAAGAAAAACATGATTCTCACTATGTTTGCCCATAAAATTCCCTACATTGCTACAGCCACCGTTGCCCTTGCGGAAGATCTGATGAGAAAATTTGAAAAAGCCAGAAGCATAAGAGGATTTAAATTTATTCTGATCCTATCCCCTTGCACGCCCGGTTGGAGAATTAGAGAAAGCGATACCATAAAGGTTTCAAGACTGGCCGTGGAAACCGGTTTCTTCCCTCTTTTGGAAATAGAAAATGGCAAGTGGAAAATCAATTATACCTCAGGCAAACGAAATCTTGAGGAGTACCTGCGTATTCAGGGAAGGTTCCAAACTCTTACAGAAGAGGATATTGGTTATTTGAAAGCACAAATAAAAGAACAGTGGGATTTCATAAATCTTATGGTGGAGGGAACAAATGACCATTGATGGAGTGAAAATTAACTGGACAGGAGAGGCTAAGGATGGCGCAATTCTTCTAATCCACGGAGCAGGAAACAATGTGCATGTGTGGGAAGATTTGACGGCACATTTAAATTATCCAGTGCTTGCTATGGATCTTCCCGGTCATGGTAAAAGTGGGGGAGAAGGCGAAGAAAGTATAGAGGCTTATGCCCAATGGGTATTCAAGTTTGTAGAAGAACTGGGTGTTAAAGAAGTGGTTCTTGCAGGTCATTCCATGGGAGGAGCCATAGTTCAGGCAGTGGCCAAAGATAATCCTGAATGGTTAAAGGCCAATGTACTAATTGCTACCGGACCCAGGCTAGCTGTTAACCCTATGATAATTGAGGGTTTACAAAAAGAACCACAGAAAATGATAGGAAAGATTGCCAAATGGGCAATATCCAAGAGTGCCACACAGGAAATTTACCAAAAAGTGCTAAGTATATTTTCCAGTGCACATCCTGAAATAACTGCGAAAGATTTCAAGGCATGCGATACGTTTAATGGCGAGGAATATTGCAAAAATATCCAAAAACCTGTCTTGATAGTTGCAGGAAAAGATGATCTCATGACCCCTCCTAAGTTGTCTGAGCAGTTAAGAGATCTCATTCCCCACTCTCAGCTAAAACTAATAGAGAACTGTGGACATATGATCCAAATTGAAAAACCTAAAGAACTTGCAGCAGCAATTATGGATTTTCTTTCACATCTGTGATAAAGCAAGCTTCCGCTTACACAGGATGGAGGTATCTCTATGAAGCAGATCTGGGCACCGTGGAGGATTGAGTATATCCTTTCTGAAAAAGAAGATGAATGTTTTATATGTAAAGCTATTTCCGAAGGCCCCTCCGAAGAAAATCTGTTGCTGTATGTTGGAAAAACCTGCGTGATTATTATGAACAGATACCCCTACAATCCAGGACATCTCATGATAGCTCCTAACAGACATGTGGGTAACATAACAGATCTAAACAGAGAAGAGCATTGTGAGATGATGGAGCTCGCCTCTTTTACCGTGAATATGCTTTCTGAGTTAATGAAACCAGATGGTTTTAATCTCGGAATAAACCTTGGAAGGGTGGCAGGTGCTGGGTTAGAAACACATGTGCACCTCCATGTGGTTCCGAGGTGGAACGGAGACACAAACTTCATGCCTGTGCTTGCGGATGTGAAAGTTATACCTGAACACATAAGAGAAACTTACAGAAAACTCAAAGAGTCTATAGATAAAAAATTTGGAGGGATTAAATGATTATCCTGAGGTTGTTCTTCGGCCTACTTATAATATTTCTGCTGGTGGCCTTTGCTATAAGGAATATGACACCTGTTCACCTTGACTTTTATTTTTACAAAACCCCGGATGTACCTCTCTTTGTTCTTCTTTACTTGACACTTTTAGTTGGAGTCGCAGTTGCCTGGCTGCTTGTCATTGGAGAACAGATAAAGATGAAAAGCGAAGTAAGAAAGAAAAGCAAGAGAATAAAAGAACTGGAAAGGCAGTTGGCTGAACTGGAAAAAACAAAAGAAATAAAGAAAGAGACAGTAAATGAGGCAGAACTAAAAACTGAAAATGATCTGGGAGAGGAGAAAGATGAAGGAACTTCCCAAGGTTTACAATCCTAAGGAAGTTGAAGGTAAATGGTACAATTTCTGGCTTGAAAGAAAGCTCTTTCATGCGGACGAAAATGATGAAGTAAGGCCAACATACTCCATAGTTATACCTCCGCCCAATGTGACAGGCTCGCTTCACATGGGACATGCTCTTAATGCCACCCTCCAGGACATCCTCT
NZ_AP013035.1_gap23	1050941	1055645	4704	TGTTCAACACCATGGAAAAGATACCCCAAGTCATAATCGCCGCTATAGATGGATACTGCATGGGAGGTGGTTTAGATTTCGCCATGGCCTGCGATATCAGAATAGCCTCCGAAAAAGCCAAAATTGCCCATACAGCATGCAAAATGGGCATCATCACAGGCTTTGGCGGCACACAAAGGCTGAGAAGATTAATTGGCATGCGACGAGCTAAGGAGATGTTTTTCACAGCCCGCATTCTGTCGGCACAAGAAGGCTACGAATGCGGACTCGTCCACAAAGTAGTCCCTCATGAAGAACTGCTTGAAGAATGTGAAAGATTGGCAAGAGAACTATGTCAAAGGCCACTTTGGCAACTCTCCGTAATAAAAAGTCTGATTAACAGAAGCTTAGATATGGATAGGAGAGCTTTTATGAACTATCAACTCTATTCAACACTTGCGAGGTGCTAAGGATGGGATTGATTGATAACTTACTCAAAGGCGATAGAAAATCGGCAGCAAGAGCCATAAGGCTCGTAGAAGACGAATATCCTGAAGGAAGGGAAATACTAAAGCGCATCTACCCATACACGGGTAGGGCCTACATACTTGGTATCACAGGACCCCCAGGTGCTGGTAAAAGTACAATGATAAGCAAACTGGTAAGTCATCTCAGAAAGAGAGGCTACACTGTGGGAGTTGTGGCCATTGATCCCACAAGCCCATTTTCCGGGGGGGCCATACTAGGCGATAGAATAAGGATGCAGGATCACTCCCTTGATGATGGAGTGTTCATAAAATCCTTGGCTACCAGAGGACACCTGGGAGGTCTGGCAAAGTGCACCGATGACGTTATTCAGGTGATGGATGCCATGGGACTGGACATCATCATTGTGGAAACAGTGGGAGTAGGACAGGACGAAGTGGACATAGTAAAAACAGCAGACACCACCGTAGTTGTAACGGTGCCGGGTCTGGGAGACGATATACAGGCAATCAAAGCAGGTGTCTTAGAAATAGCAGACATTTTTGTGGTGAACAAAGGAGACAAGCCCGAAGCGGATAAAACCGTAAGGGAACTGAAAGTAATGCTTGATATGAGCTCACCTAGAGAGGACGGATGGAAGGTCCCTGTGTACAAGGTAAGCGCCATGAAAGATGAGGGCTTTGAAGAGCTCATAGACGGCATATTTGAACACAAAAAGTTTTTGGAGAAAACAGGCAGGTTTGAAAGCTACAGAAGAGACAGATTGGAAAATCTGTTTGTCATCTTGCTGAAAGACAAGTTAGTGGAATCGCTTTTGAAAAAAATGAAAGAAAAGGGCCTTTACCAAAAGCTCGTCAACGAGATGTTTGACAAACGCATAGACCCCTACACAGTGGTAGAAAAAATCCACTGCCAGTGCTTTTACGAAAACGAAGAAATCTAACAGGCGGGTGCCTCCACCCGCCCCCATATACTCTCCTAAAAGCAACCATTCTTTCATAGGTAGGCTGGGAACGGGGACATCAAAACCATAAATTCCAGGGCTTTCACTCTTGTTTCCATTCCTCATAGGTAGGCTGGGAACCAACAATGATCCCAAGCTTATTGTGGACGAGACTAGTTTCCATTCCTCATAGGTAGGCTGGGAACAACACACAACAAAGCAGGAGGTATCAGCATGGTAAAGTTTCCATTCCTCATAGGTAGGCTGGGAACGCCACCATCATAACAAACAAAATAACCAACCCCAATTCCGTTTCCATTCCTCATAGGTAGGCTGGGAACTGCACTTTTACAGGATCAAAGCAGAGCTACTGGATCGTTTCCATTCCTCATAGGTAGGCTGGGAACCCTGAAGTCCATTGAAAAGGCAATGGCAAATGTATTGTTTCCATTCCTCATAGGTAGGCTGGGAACTGCACTTTTACAGGATCAAAGCAGAGCTACTGGATCGTTTCCATTCCTCATAGGTAGGCTGGGAACTCCCTATGGGTAGGCTGGGAACCTGCCCCCAACCAGTTTCCATTCCTCATAGGTAGGCTGGGAACTCTACCTACTACTCTTGATGAGTTTAAGTTTAACCTGTTTCCATTCCTCATAGGTAGGCTGGGAACTTCCGAATACATCAAAGAGGGAACAGAGATAGAGTTGTTTCCATTCCTCATAGGTAGGCTGGGAACGCTTATAGCCCTGGAAGAAACAGGACAAGATAACCAGTTTCCATTCCTCATAGGTAGGCTGGGAACGCGATGATCCAACAAGAATGCTTTTTGGTGCTATCCAGTTTCCATTCCTCATAGGTAGGCTGGGAACTCTACCTACTACTCTTGATGAGTTTAAGTTTAACCTGTTTCCATTCCTCATAGGTAGGCTGGGAACTTCCGAATACATCAAAGAGGGAACAGAGATAGAGTTGTTTCCATTCCTCATAGGTAGGCTGGGAACCTATTGCATAAGCGCTTGATGTGTTTAGCTTTATTCGTTTCCATTCCTCATAGGTAGGCTGGGAACTGTTTGGAGTTAATGGAAGCAAGGTTGAGGATATATGTTTCCATTCCTCATAGGTAGGCTGGGAACATCCGCCTATGCCAATCTTGAGCAGATCCCACATGTCGTTTCCATTCCTCATAGGTAGGCTGGGAACCTGAGCTATCTGTTCAACGTAGGCTAAAGCATCTATAGTTTCCATTCCTCATAGGTAGGCTGGGAACTCTGGGTTGTCATTTACCCATACCCCGATAAAGTACTGTTTCCATTCCTCGTAGGTAGGCTGGGAACATCCAGGCTCACAAACGCTATTGCCCCTTTCTTCCCGTTTCCATTCCTCGTAGGTAGGCTGGGAACGCAACTCTTCCCGCATGTGGAGATAGGCAGAAAGGAGTTTCCATTCCTCGTAGGTAGGCTGGGAACGAGGCTTGGCTTACTTTGGCTCAGTTCCTTGGTTATGTTTCCATTCCTCGTAGGTAGGCTGGGAACGCCCTAAAGACAGGCGACTACGTCCGTGCAGAATACAAGTTTCCATTCCTCGTAGGTAGGCTGGGAACCTGCATTGGGACTTGGTGGAGCTGGCTGGTTAGCACAGTTTCCATTCCTCGTAGGTAGGCTGGGAACAGAGTTTTGCTTTGATCTCGTAGAACTGCAGGCTTCGTTTCCATTCCTCGTAGGTAGGCTGGGAACGAGGCTTGGCTTACTTTGGCTCAGTTCCTTGGTTATGTTTCCATTCCTCGTAGGTAGGCTGGGAACGCCCTAAAGACAGGCGACTACGTCCGTGCAGAATACAAGTTTCCATTCCTCGTAGGTAGGCTGGGAACCTGCATTGGGACTTGGTGGAGCTGGCTGGTTAGCACAGTTTCCATTCCTCGTAGGTAGGCTGGGAACGTGCCAAAGCCAACTCTTCCTGAGCCATGATAGTGGTTTCCATTCCTCGTAGGTAGGCTGGGAACAGAGTTTTGCTTTGATCTCGTAGAACTGCAGGCTTCGTTTCCATTCCTCGTAGGTAGGCTGGGAACGCTGCCTGAGCTGGAGACGGAGCTACTTATGTTCCCGAGTTTCCATTCCTCGTAGGTAGGCTGGGAACGAAGCTCATCAACTTCCAGGTGCAAGTGCAGAACCGTTTCCATTCCTCGTAGGTAGGCTGGGAACTTTCGGCGCTTTTCTTATCCAAGACCCTTTGTATGTGGTTTCCATTCCTCGTAGGTAGGCTGGGAACTAGCACCCGCAAGTACATTCAAGACAACATAGCCAAGTTTCCATTCCTCGTAGGTAGGCTGGGAACTAGCACCCGCAAGTACATTCAAGACAACATAGCCAAGTTTCCATTCCTCGTAGGTAGGCTGGGAACATGGACGAATGAGCAGTGGCATGTTATAATGTGTTGTTTCCATTCCTCGTAGGTAGGCTGGGAACTTCATTTCCTGTGCAAGCCTTGTGGGTACAGGTCTGGTTTCCATTCCTCGTAGGTAGGCTGGGAACGCTGATAGCTCGTATTTTCGCTGAGACAGGTGTCAGTTTCCATTCCTCGTAGGTAGGCTGGGAACCCTGATCTTCTTCCGCAATGCACTGACACATGCGCTCTGTTTCCATTCCTCGTAGGTAGGCTGGGAACGCTTGCTGGAGCGCATGTTTGCCCATGCCGAGGAGCTGTTTCCATTCCTCGTAGGTAGGCTGGGAACTCTTCTTCGCTGAGGTTTTTATCTTTCTGCACTTTTTGTTTCCATTCCTCGTAGGTAGGCTGGGAACCTGCATTGGGACTTGGTGGAGCTGGCTGGTTAGCACAGTTTCCATTCCTCGTAGGTAGGCTGGGAACGTGCCAAAGCCAACTCTTCCTGAGCCATGATAGTGGTTTCCATTCCTCGTAGGTAGGCTGGGAACAAGGCGGGCTGTTCATAGGTTTTCTACAAAGACACGTTTCCATTCCTCGTAGGTAGGCTGGGAACTCAAGCTCGCTGGCTTCTTGGCGAAGGCTTTTAGCTTGTTTCCATTCCTCGTAGGTAGGCTGGGAACTTGGCGAGAACTTTGACGAGTTCAACCCTAAACATAGTTTCCATTCCTCGTAGGTAGGCTGGGAACGCATCAGCTTCCTAACCTGCTGGCTGTAGCTAAGATTGTTTCCATTCCTCGTAGGTAGGCTGGGAACTCCATAGACCACATCCAGTACGTACCAGTAGTTGTGTTTCCATTCCTCGTAGGTAGGCTGGGAACCAGGTGCAGAATCCAGGTTTTATGGTGTTTTATCGCGTT
NZ_AP013035.1_gap24	1057211	1061785	4574	TACCGCTTTTACGCTTCACAGAAGCGTTTGTCAAGAACTGAAAGATACTCTAAATACCCCAAATTGCCGTTGAACCGCTAATAATGCAAAATTGCCCGAGGATCCGGCGGCTCTGATAAATTTTATAAAAATACGTTCTCGGGATCTCCCTTGCTCAATCCCAAAACTTCTCTCTTAAAATAGCGCTGGGTTCTGAAAGTGTAAATTATTACCGAATCCTCGTCTTCCTCCATAATACCTGCCAACTCAGCCTTTAACCTTTCCAGTTGGGCATAAGTCAGTTCCCCCTCAAACACGGACAACTGCACCCAAGTGAGATATTTTTTGCATATTTTGTGAAATTTCTGCACCCTCTTTTCTCCAGCATCATACACCAAAATTACAAACACCTATCACCTCGTCATTACAAATGGAGTATACATTTCATCACCAATCAAGTGCTTGATAATTTTGTAGCATTCAAGCCTGATAAGCCTTCTATAAGATACTTTTCTTCTCAGCTTCTTATGAGTTATTGTTTCTCTTAAACGAGCTTCAAAGGCTTCTATAAACTTCTTTCTTCCTTTTTCTTTGAGATAAATACCTCCCATTTCATCCCAGAAATCATCTGCCTTTATCTCTTTCCTGTTGATCAAAGAAAATATAACTCTATCTACAATCAAAGGCTTGAAAATTTCCGCAAGATCAAGGTTTAGCGTAAAAGAGCGCTGGTTGGTCTCGTGAAGATAACCTATACGTGGATCTAAATGAGTTCTGTAAATTTCAGAAAGGGCCGTAACGTAAAGTAAAGAATTACCGAAAGAAATCAGAGCGTTCATCCTGTTAGCAGGTGGACGTCTGGTTCTTGTTTGAAACTCAAAATCCGAATCTTGGGTTATCTCATCAAAGCATGAATAGTATTTTTCACGTGCACGTCCCTCCACAGCCATGAGCTCAGCGGTAGTTTTTGCCCCGTAAATCTCAGCTCTCAGTGCCTCCATTTCGGCTATTGCATCTCCAAAATCCTTGCCTCTGGATGCATAAACCCTAAGGTTGAAAATCATGTTTCTCAGTGCAGCGTCCACAAAAGAACTCGCCAGATACATGCGCTTAGTATTATCAAGATAGTGCTCAGCCTGCTTAAGGATAATCAGACCCGAGTTCATGTGCTCCCGAGGATAGTAGGATCCCTGATAGTAACCATAGCGATTAAAGAAATGAACGGGTATTTGCTTTTGGGTCACGAACTCAAGGAACCTTTTGTTAAGGGTTACCTCAGAGAACACGAAAATACTGTCTATCACTTCTACCGGAATGGTTCTTTTCCCATCTCCTGTAACAAATTGAATGGTGTTATCTTTACGCTTCAGTTCTCCATCCGAAAAGATATAAAAAACTTTCTGCATTTCTCATGCCCAGCAAAATTCATTGTAAGAACACTTGGCACAATATTTGATCCTTTTAGCTGGTGGAGGTGTCTCTGAGAAAAGCAAGTGTTTTAACTGGTTCAATTTATTCTTTACCTCTGCTTCCAATTCCGGCGTTAGCTCCAGTAGTTCCGTCTTCCTCTCTTTTGGAAACAGCAATATACCCGCAAGATCAAGTCCCTTTTCCTTCTTCAAATAATACAGATAATAAGCAAGCTGCATGCGAGCAGCCTCAACATGTCGGGAAGACTTTTTTACCTCTGCCACAAGTTCGCCTTTAAAGAGATCTATTTTTAGAAGTTGGTCAACAAAAATCTCTTTCCTATCCCTCTGATAAGACCTCTCATGAACGAGCCTTCCAAGATCAAGGTAGGGATTATCTCTATCTGATGAGATGCTATGATGGTAAAACCACGCTTGCCGGGGACATATTTGAAATGAATAAAAAACCGTGGCGTTAATTGTTACATCCATTTTAAAATTAAGTTTCTCCTATTCGCATGCTGATACAAATCAGCAATACTCATATTCAGAAAGAATTTTCCAGCTCCTGCTTCTCTAACCTCTCAAATTCTTTGAGCTCATCAAGGCCAAACCTCCTCAGCTCCTCTACTTCCTTAATATCTAATACCCAAAATCCTTTAAATTCTTTCCTTAATCTGCTTCTGTATTTATCTACAGAAAAGGCAGGTATGCCAATTGAATATTCATATAAAACAGATTTGAGCTTCCATTTCCAGTTTTCCCTTTCCCTTTCATTCTCTAGGGTAATGCCTAATCTCTTGAGAATTTCGGCCCATGGCAATTCTTCACCTTCTAAAACTATTTTTGCAAACTCTTTTTGCCAACCTTCCTCGCCATCATCTGCCATCAATTGTGGCACTGTCACGGTTATTCCTGCGATGTTCCTAAAAATTCTTTGGACCTCCGATTTTTTTGCAGCGGAGTAATATTTCAAAAAGTCAAGATTTTTTTCAATTTCTGAAACATATTTGTTGAGTAAGTCACCGGAAAATGTCTGTTCAACCATGTCTCTCTCATCAAGGTATGAAAGTGGTTTATTTTGAGAACTTTTAAGAATATCAATGGTTTTTACAAGGACATCTCTGTCGTAAATAGCTACAGTTCCTCGATCAAATTTTCTTTGGCCATTTTCCTCTTTACCTATAAAAATCAGGATATTAGGCTCATCAAAGTTGTATTCTGCATTTCCTCTTGATCTAAAAACTCTGCCCCATCTTTGTATTTGACTATCTATGGGCGAAATTTCGGTAATCATGAAGTCAAAGTCAACATCAACAGAGGCCTCGACTACTTGTGTTGCAACGAGAATAACTTTCCTACCCTTTCTCAAATCACTTTTAACTTTTTCAATTCTTTCTGATTTGTATTTTTCCACAATCCTTGAGTGCAAAAGATATATGTTAAACCCATTTAACTCTTTGAATTCTTTTTGATCTATTAGTTTTTTATAAAGATTTATTGCCTTTTTTACATTGTTTACAACCAATAAAGCATTGTCTTTATCTCTCAGAAAGTCTCTTACCGCTTCCAATCCCTCTTCTGTTAAATCTGCTCCTCGGTTGTAATCAAATAAATTATCTTCTATGACCCTAATCTTATGCCTCGGTTTCCTCAGGTTCTTTACCTCTATGCCAGATTTAGAAACATCTATTTTTTCAAAACCGAGAGCATCAAAAAATTTTCCAAAATATGGCGGAAAGGTTGCTGTCATAATAAGTATATTTCCGCCAAGGGAGTTAATAATTTGAAGTGTTCTTATTATAACTGCGGCCATTTCTGGACTAAGTGTCTGTATTTCATCGATTACTAAATTGCTATAAGGATAAACAGAAAGAACCTTATCTGAACCATAGTAATTTAAAGATGTAAGAAATATTTGGTCAGGTGTAGTAAGAAGAACAGGGTCTGAAAGGAGCCGAGCCGCTGTTAATTTGCTTTCAACATTAATGTCAGAAATGTTTCCCTTTAAATACTCGATGAAAGAAGTAGAGTGCAAAATATTAACATATTGGGGTTCGAAATATCCTTGAGCATCCTCACTGCCTTTAAACCTTGTAAAGAGGTCATTTAACGCTACTCTCAGCGGTAAAGTGTAAACAAACTTTCTTGGATTCTTAGTTCCCCAGAGAATTGAAAATTCGGTCTTTCCTGATCCTGTGGGAGCAATGAGAATAAGTTTTCGTGAGTTATCTAATCCTTCGATAATTTTCTTTTGCCAGAAGTTAAAGCTATCTTTGTCTGCTACTTGCCCCTTTATCTTTTCTTCAATTAATCTTGCGAGGTTATCAAAATCAAATATGCCAAAGTTTTCTGATTCAACATTCACTTTGCCACTGGCACTGTAATCTACCCGATGGAGTGCACCAAGTAATACAAGGAATTCAAAAAATTCCTGGCTATAATCTTTTACTTCTTTTCCTATAATGTTGGGAGGCTTGTAATATTCAGTAAAGGCAGAGAGGTCATCTTCGTATATATGTGCAATCTGGTAGTGTGCAACCTCGATATTATTCCATTCAAGGTTATATAAGTCGTATAAGGCTTCTTTGATAAACTCACTATCAGAAAATTTCTCACTAAGTTCATTAAGCATGTTATTAAAATACTCTTTAAAATCGTCCAAGCGGTGTTTCAGAAATTGTAAATATTCACACAGCTTTTCAGAGTTATCAAAAATTATTTCAGGATATTCAGAAAGTTCGTAGAAATACCTATTAAAATGGTGAAAAAGGATAGCTGTGATAATTTTATCGTGCCATTTGCCCTTGTCTTCCTTCAGAAGTATTGATGAGAGTAAAGTTGATAGAACCTCGTGACGCTCAAAATGAGGCTTCGGAAAGTCTTGGAAAAGCTCTTCCAAAAGCCTCTCAAACGATTCATCCTTACCCCTTGAAACAAGCTTTCTCTGAAATTTATAGTCTATTTTCCCAATGTCATGTAGGATAACAGCTTTAGCAAGAGCTGTGAAGAAAAGGTTTCTTTTTCCTTTATCGCTCCACATCGGCCAGGTAATTTCCTCATCCTGACTTTCCAAAACGCTGTAAAGCTCCACTACTTTTTTAAGACCATCCTGGATATGCTGTTGTAAACTTTCCTTAGGCTCCGATTTTGCCAATAATTCTTTAAACATATTTACAACCATCC
NZ_AP013035.1_gap25	1111437	1115245	3808	AACGTAAAGCCTTGATCTTCCTCCTCCAAAACCGAGATTTCATCTTCGTCAACATTTTTTACATCAAGACTTTCAGATTCCTCTATTATATCCTTCAGTATCTCCTGCTTGGAAATAGAACCATAAAGAGCATCATAGGCAGTTTTAACAAAATCCTCAGAAGCCAAGATTATCCGGATATTGTAACCGGTTGCAAACCTAATATAATCTAATGCAGAAATATCCAGCACATCTGCTGAAGCAAGCCAGATGGTACCATTATCTTTTTTAACAGGAACCACTTTGAACATAGAAGCAATTTTTTCGGGAACGTATTTTGCAAGTTCTTTATCAATATCCTCAGGTTGAATATCTTCCAGTCCCTCAAGAGAAGCTCTGTACTCGCGTAGTACCTTCTCCAGAATTTCCCTTTCTATAAATCCCTTTTCAACAAGTATGTCTCCCAGCCTTTTGCCGGTTCTAGCCTGTTCTCTTAAAGCCTCTTCTAGCTGCTCTTCAGTAATAAGGCCCTTTCGGAGTAAAAGCTCCCCTACCCTTAATCTTACCATAGGACTCATGAGTGTAGAATAGAGGAAAATCTAAAGTAAAATCAAGGAGGGCAATAAAAATGGCGGCGGAGGGATTTGAACCCCCGACCCGGCGCTTATGAGACGCCTGCTCTACCACCTGAGCTACGCCGCCGGCTGCGGAATATTAATAAAGTTTGCAGATAATGTTGTCAACCCAACACCCTAAGGTTAAAAATAAAGCATGCAAAAGATACTGACAGGAGCTTATGCGGTTGCTGAATCTACTAAACTGTGCAAGCCTAAAGTAATAGCTGCCTATCCAATCACTCCACAAACACATATAATTGAAAGATTAGCCGAATACGTAAGCCAAGGTGATCCAACAGCACGTTACATCTGCACCGACTCTGAGCTTTCATCCATAGGGATTGTGGCAGGCGCGACTGCTGAAGGGGTAAGGGCTTTCACAGCAACTGCTTCCCACGGATTGGTGTTTATGCACGAAGCCCTTCACTGGATCGCGGGAGGGAGACTTCCCGTTGTAATGGCGGTAGCCACCAGAGGAATAGGAGCTCCGTGGATACTGATGTGCGATATGCAGGATGCCATGAGCCAAAGAGATACGGGATGGATGATGATTTTTGCCCAGAATGCCCAGCAAGCACATGATTTTGTGCCCCTGGCATACAAAGTAGCAGAAGAAGTTTCCATTCCCTGCATGGTCTGCATGGATGGTTTTTTGATTTCCCATACAGCAGAACCCGTTGAGTTGCTTTCACAGGATGTCGTAGATGATTTCTTACCAGAATTTGAACCCAAAATATCCCTTGAAGATACTCCCTCTACACTATGGCCCATACCTGATCCAGAGGTGTACTACAAAATAAGACAACAATCATTTGAAGATCATAAAGAAGCTCTAAAAACTTGGAAGCGTACTTTTAAGGAATGGGAAGATATCACCGATAGAAAATATAACATAGTATCTGGCTACTTTATGGACGACGCTAAGTACGCGTTTGTTGCAGTAGGGGCAAGTGTTGAGACAGCTATACATACAGCTAAACTGCTCAGACAAAAGGGAGAGAAGATAGGAGTTATAGGATTACAACTACTACGCCCTTTTCCAAGAGAGGAACTTAGAAATGTTAGCGTTTCTTTAGAAAAAGCATTTGTCATAGATAAAGCTGTTTCCATGGGCAAAGCTGGGATATTGGAGCAAGAGGTTAGAGAAACTGTCACCATCCCAGTGGTGGGCTTTGTGGGCTCCATGGGAGGCAAAGAACTCACCCCACAAAGAGTGATAGAATTCTTCAAAAAGGCTTTAGATATGAATGAGGGAACCGTATGGATATAAGACTGTTTGAGAGTCATAAGCTAGAACCAGGTCATCCCGCGTGTGCTGGTTGCGGAGCAGCCATTGCCATGAAAATAGTCTCCTCAGTTCTACCCAACAATACGAGAATAGTAATCCCTGCTGGATGCTGGTCCATAATTCTTGGAAAATACCCTTTTAGCTCTCTAAAATTACCCACTATACACACACCCTTTGCCTTTGCTGCAGCTTTCGCAACAGGGATAAAGTCGGCTTTAGCCTTCAAGAACCCAAAAACTCCTGTGGTAGTCTGGGCAGGTGACGGAGCCACCTACGATATAGGATTTGGACTTCTGTCCGCCGCTGCTGAAAGAAACGAGGATATACTCTACATTTGTTACGACAACGAAGGCTACATGAATACTGGTGCCCAGAGAAGCTCATCAACGCCCGAGAAAACAGTAACTCCTACGACACCAAAGGGAAAAGAAAGAAGCAAAAAGAGAATAGTCGATATAATGGCAGAACACGACATTCCCTATGTAGCAACAGCATCCATCGCTTTTCCAAAGGATCTAATTGAAAAAGTGAAAAAGGCCCTTTCAATTCAAGGCTTCAAATTCATACTTATCCTCTCTCCCTGTCCAACTGGCTGGGGTTTTGACCCATCTCTAACTATAAAGATAGCCCACCTTGCTGTTGAATGTGGGTTGTTCCCTTTAATAGAAATAGTCAAAGGACAAAAAAGAGAAACCTACATACCCAAGGGACACCCAAAGGAAGAATACCTCAAGCTACAAAGACGATTTAATTATAAACGGAAATAAATAAAAAGTTACTCCTTATGGTTGCACATTTGACTTTGTCCACATATATTTTTATCTACAAATGGATGTAAAAGTGTAACATGGAAAAAAGCGTAGATAAAAGCATAACTGAAGTCTTTGGCTTTCTTTTAGTAGATCCCTCAGTTGGCAAGATAATCGGTAGTAGTCCAGAAGTTGCTCAATTTTTTGGATTTAATGGCAACATTGATCTGAAAGGACGTCTATTGCTAGAACTTTTCCACAAACCACCCAAGGAACTTGAGAATGCACTCCAGAAAATTGCACGGGGAGCAAATGTTTCCACGGAGATAGAATGCTCTTTTGAATGCCCGACCACCTCCAAAGAAATACGCCTCACGCTTGTCTTGACCACCCTTAAAACCAAGGACAGGCCTCTAGTACTTATACTTATCACAGACCGTTATGTGGAATCAAAGTGCGCAAAACTTTATCAAACGCTTAGCCTAATTATCCAAGAGACTTGGAAAGATTACGAACTTAGAGAGGACAAAATTTTATTAAGAATTGCAGAAACCCTTTTTACTCATGCGGGCTTCCTTACAGTTGTTATAGGTAAAGTAGACAATGAAACCCAAACATTCTTGCCTCTCATTGTGAGAACAAAAGAACCCAGTAACACACTTGAACTTTTGAAAGGACTAAAAATAAAACTAGATAATGCAAAAGCTAATTTAATCTCTACTGCTTGTCATACAGGAAAGGTGGTAATAGAAGACCTTACGAAAGACCCCACCAGTATAGAGAGTGAAAAACTCCTCAAAACACCTGGGGTAACCAAATCTGTGGCAATACCCATACACGCAGATAAAAACACGAAGTATATTGTGTTAATATATGACAGCATTGAAGACAACTTCAATTACATTCGCAAGCCCTTTTTCAACGATTTACAGGCCATTCTCTCTATGATTTTTAAAAATATCGCAGCTTATAGTGAAAAAAAACTGATCAAAAACCTTTACAACCTAATGCACGAGACCGTCTTTTCGGGATTAAGATGTAATAATAGAGACCACTTTTTAAAGCTATTTACAGAACTATGCTACAAACACCTGGAACCCGTTATGACCGCCCTATTCAGAATAGAAACAAATAGGCTAAAATACGTGCATTGTGTAGCGCAAGACCAAAAAGAG
NZ_AP013035.1_gap26	1124098	1128258	4160	CCGTGGAAGAAGCTATAAAACTTGGTGCAGATGCTGTATCAATTCATGTCAACATAGGAGCTGAAGATGAAACCACTATGCTCAAAGATTTTGGTATGATATCAGCAAAATGCCTGGAGTGGGGAATTCCCCTTCTGGCGATGGTCTATGCAAGAGGACCAAAAATCAGAAACCAGTATGACATCTCCGTGGTAAAACATGCAGCCCGCGTAGGAGCAGAATTAGGAGCTGATATAGTAAAGGTGCCTTACACCGGAGATCCAGAAAGCTTCAGAGAAGTTACCGAAGGCTGCCCCATTCCGGTGGTTATAGCAGGGGGAGAAAAAATGGACACACCGGAAGATGTGTTAAGAATGGTGAAAGGAGCTATGGAAGCCGGAGCAGCAGGAGTTTCCATTGGAAGAAACGTCTTCCAACACGAGAACCCAACAGCCATGGTGAGAGCAATCTCCATGATTGTGCATGAAGATGCCAGTGTGGAGGAAGCATTGGAGGTACTGAAATGAAACTCTTCTGGGTTAAGGTTATACCCTGGAACAAAAAGGCAGTTACCGCAGCCCTTGAAGCTGGTGCAGATGCCGTCATGGTTGAAGACCAATACACCGAGAAAGTAAGGGAACTGGGACTTGTGAAGATTGTCTCCAACCAAGGTGATCTTATACCCGAAAAGGATGTCTTCCTTGTGGAAATATCATCCAAAGAAGATGAGAAAAGAGCTTTAGAGCTTTCAAAAAAGGGCATCGTAGTTGTAGACGCCAAGGACTGGAAGATAATTCCATTGGAAAATTTAGTAGCTCAATCAGATAATATAGTTGCTGTGGTCAGAAATAAAGAAGAAGCTGAAGCAGCTATTGGTGTTCTTGAAAAGGGAACGCTTGGAGTGCTTTTAGACTCACAAGATCCAGCAACCATAAAGGAAGTAGGTGCAACTGTTAAGAGAAAACCCCAAAAGCTCCACCTCGTAGAAGCCGATATTCTGGAAATAAAGCCTGCTGGTATGGGATACAGGTGCTGCATAGACACCACTGAGCTTATGGACATCGGAGAAGGGATGCTTGTGGGAGACAAAAGCGATTTTCTCTTTCTTGTGCATTCCGAAAGCATAGAAAACCCCTACGTGTCACCACGCCCCTTTAGGGTAAACGCAGGTGGAGTCCACGCATATACACTCTGTCCCAACAACAAAACCAAATACCTTTGCGAAATTGCAAGTGGGGACACGGTGCTTGTGGTGGATAAGGAGGGTAAAGCAAGGGAGGCTGTGGTGGGGCGTAACAAGACCGAGGTTAGGCCTCTTCTTCTGGTGAAAGCCCGTTACCAGGACAAAACAGGCACACTGATTTTGCAAAATGCGGAAACCATAAGGCTGACCAATCCCAACGGAGAACCGGTCTCTGTTGTTAAGATAAAGAAGGGAGACAAGGTACTGGTTTACTGTACCGAAGCGGGACGCCATTTCGGCGTTCAGGTAAAGGAAAAAATAAAAGAGCTATGAAACTTGACAACTAGATTAGTGCTATTTAAGGAGCAGATGCTATGGATGCGAAGTTAGTGTTTGCTGGAACAGGTGGTCAGGGAATAGTATTTCTCACCAGACTAATAGGAGGCCTGCTAACCAAGAAAGGGCTACACGTAATTTCCACAGAGAACCACGGCATGGCCACCCGCGGTGGAAGCGTTACCGCTTTTATGAAAATTGGCAACTTTCACTCTCCTTTAATGCTCTACCACGATGCCGACATAGGAGTGGTCCTTCATCCCGATGAATTTCCCAAGGTAGAACTTTATTGCAAACCCGATGCACTTATAATTGGATACGGTATCGAAAACAAAGGCCTGGATGTTAAACCCCTAATAGAAAGGCATGGATTCCACCCAAGGGCAGCCAATATGATTATAGCAGGAATTATACTCGGTCTGTTCAATATAATTTCGAAAGAAGCCATAGAATACCTTTCAAGTCTGAAAAAAGACAGCGAGGAAAACATCAAAGCACTAAAAATGGGATTTGAGGAGGCTAAAAATGCCCATGTATCAACCACGCCTTGAAGGCATGGATCGTGAGGAACTCGAGCGTATTCAACTTCAAAGACTCAAAGATACGATCCGCCATATAAAAGAAAACAACCAGTTCTACTGGGAAAAGATCGGCAAAGTAGAACCTGAGGATATAAAGAGCTTAGAAGATTTGCGCCAACTACCTTTCTTAACCAAGGAGGACCTGAGAAAGGGCTATCCCTTTGCCTATACCTGCGCTCCTAAGAACTCTTTCGTTCGTTTCCATATGTCCTCGGGCACTACAGGTACACCCATTGTCAATTTTTACACAAGAAACGATGTGGAGCAGTGGGCAGAGATTATGGCAAGATGCCTTACAGCTGCAGGAGTCACCAGCAGCGACGTGGTGCAAATCACTCCCTCCTTTGGTCTATTCAACGGAGGTTTCGGTTTTCACTATGGCTGTGAAAGAATTGGAGCAATGATTGTTCCCATAGGTGCAGGGCGCTCCATGCTACAACTGCAGTTGATGAAAGAGATGGGAACTACAGTAGTATGTGCAATAGCAAGCTATCCGTTGAGACTGATAGAGGTGGCAAAGGAAGAGGGCTTTGATTTCAAAAGGGATACAAAGTTAAGAGTGGGCATCTTCGGTGCAGAAGTCTGGTCAGATGAAATGCGCAAAAGAATAGAAGAAGAGATGGGCATAGACTCATACGATATAATAGGAATGACTGAAACCGGCGGAGTGGGTTTGGGAATAGACTGCCAGCACAAATGCGGGATACACGTCTGGGAGGATCACTACATTGTAGAAATCATAGATCCAGAAACGGGAGAGGTGCTTCCAGACGGTGAAGAAGGCGAAATTGTGGTAACCACCCTCACAAGAGAGGGAGTTCCTCTTATAAGGTACAGAACCAGAGACATAACCCGCATCGTATCCCGAGAAAGGTGCGACTGTGGCAGGACGATGCTCAGAGTAGACAGGCTCAAGGGCAGAACGGATGATATGCTGAAGGTGAAAGGGGTAAACTTCTATCCCTCTCAGATAGAAGCGATACTCATGCGCCACAAAGAGGTGGGAAACGAGTACCAGATCATCATAGACGAGAAGAAGGGCAAAACCTACGTTAAGGTGGTGTTGGAGATAAAGAACGGATCCCGTGTGGCAAACGGCGAACTGAAAGAGCACTTAGCCACACACCTGTACGATTTTCTGGGGTTCAGGGTCGATCTTGAACTTGTGCCCGAAGGCACCATCCCCAGAAAGCCTGGAAAGGCCCAGAGAGTTATAGACAACAGGGGCAAAAAAGAGAATTAGCCTTGAGCTGGTCCCGTCATCTACAGTATAGAGATGACGGGACCCTCTGATAACAGCGGTTCAAAGTCTGACGTTAGTTTTCTTCTCAGCAAAGTACAGTGCCAAAAACAAACATCCGATTAATGCAAAGATAGATGTTTCCTTGAAGGTGCTCTGAAAGGCATGGCTCATGGCCTGCACCTGAGTGGCATACCCCAGAAGCGCCTTTGCCTTTTTAAGGGCAGTTTCTGGAGGGAAGAAATTGGAAATGAGATGATACCACCTGTTAACAAAGCTCTGAACGTAATAAAGGTCCCTGCTCTGCATGGCACAGATCTCATCGTAATGGAAGGCTATGTTCTTCTGCAGGGTGTTGGTGGCAAGGGCAGTGCCAAAAGAACCGCCTACAAACCTGATGTAATGCATAAGGCTCACACCGAGATTGGTCTTCTCCCCCAGCTCCCTCAGGGCAAGGGTAGTTACAGGCGCAAAGAACATACCCATGCCAATGGAGTACACGATGGGAATGAACATGGTCTTCACCTTTGGAGTGTAATAGTTCATCTCAGGAAGGATAAAGTACGCGCCGATTATGAGAAAGACAGAGGATGCCACTAACACCTTCTCGGCCCCTATCCTATCGCTGAGAGCCCCGGATACGATGGAGAAAATGCCCACGGTAAGAGCCATAGGAAGCATGTGCAATCCCGTTTCAAAGGTTCCAAGAAACCTCAGTTTTTCATAATAAAGGGGTATAAGATAGAAAACCTGGTACATGGAAAGGCCAAGAACGAAGAAATAGATCACAAAGGATATTCTGAACTCCGGTATCTTAAAAATGGAAAAGTCTATGAGAGGC
NZ_AP013035.1_gap27	1182875	1184958	2083	ACAGAACCCACGATAGCGGCTATAACGGTACCTGCAAACTTGTTTTTCCCTCCAAGATAATGAACTATCACCCTATCAGGCACAAGATAGAGGACTATAGAGACCAAAATAAGCATACTTATGAAAGCCGGCAGAATCTTCACGAACCTTTTTCCTGCTATCTTCAAAGCCTGGAACGTCTTCTTACGATCTTTAACAAAAGACAGGAGCAAGCAAACGACCGTTATTATCCAAAGAACCTTCATCGCAGCCTCAAGAGCGCTTTATACTGCAAAATCCAGCCTCATTCCAGCTATAAACAATCAACCTCAGGCAACAGACCACTGTCAATCAGGATGCGCCTGCTCTTTAATATCTCCCGAACACTACCCAAAGCCATCTGTCTACCCTTATACAATACCAGGACCTTGTCGCAAACTCTGCCGATCATATCTATGTCATGAGACGCTATAACCTTCGTTTGAGGAAGTCGCTTTAAAAGCTTTATTAACTCACATCTTGCGCAAGGATCCAAGTTTGCTGTGGGTTCATCCAACGCTAAGATCTTAGGACTATAGGAAAGCACAGTGGCTATAGCCACCCTCTTCTTTTCACCATAGCTCAAATGATGGGAAGTGCGTTTTTCGTATCCCACAAGTCCCATAGCCTCTAAAGCTTTTTTCACCCTTGCACTTACCTCGTCAGGATCAAAACCAAGATTGACAGGACCAAAAGCCACATCATCAAAAACTGTAGGAGAAAAAAGCTGAATGTCCGGATCCTGAAAAACCAAACCCACCAGCTTTCTTATTTCCTTCTCGTGCTCTTTATCCACCGGCATCCCGTATATGCGAACAGGAACATCCCCTTTTGGGGAAAACCCCTTATAGATACCGTTGAGGGTCAAAAGAAGGGTTGATTTACCAGCTCCGTTGGCACCAATTACGCCCAAAGTTTCTCCGTTTTTTAGAGAGAAGAAAATGCCTTTTAGAGCCTCCGTACCATCGGGATAGGTGTAGTGCAGATCCTCAACTTGAACAGCGATCTCCACGGTAAACCCTTATCCTTCCGTCAAAACCCCTGGCCAACATAGCCTGATAAACCATATCTGAACGCTCAAAACTTCTAATAAACATGACTCCTATGGCTTGAGAAAGTGTCTTAAAAGCTTTTATCCCTTTAACACCAAAGGCTCTACTTTTCCAGGCTACCTCAAACCTATGCACTTCGTCAACGAACACGAATATGTACCTGTACATAAAAGAAAGCACCATAATGAATAAGGCCGGCACCCCCATATCCTGAAACGCCTTCAAAAGCTCTGGAAAAGGTATTGTGGCAAGCAACAAAATGCAGTAGGCGGCACAAAGCCAAGCCCTTAATACGAGAAAAAGGAATCCGTCCCAGTCTCTCCAAGCTCCAAGAGAAAGGAAAAAGGCAAAGGGCAATACTACAGCGGATTTCTTGAAAATATAACCTGGAGGAATATTAGCTACAAAAACCACAGCACAACAAAATAGAAGAAAGAAGGTCCAGACAAACCAACTTCCCTTAGGAACAAAGGAAAGTACAGAGATAATGAACAGAAATAAAATAAGCTTCAGCCTTGTAGGCAACCTATGAACAGGACTATCAAGATCACTGTACTTATCTATGAAACTGTGCCGCATTCCTTCTTACCAACAGCCTTGTCGCAATAATACTCAAGATCAGAACAATCAAAACTCCAGTAACACCAGCTAAAATAGTGGCCAAAGTTTCATTCCTGATTCCAGGAAAAATATAGTCTGGCATTATCTTAAAGGGAGCATCCTTTGCTCTACTTATGAAGCCCAGCCTCTCAGCCACCTTCTCCAGTCCATCGGGATAACTGGACGCCAAAGGAGATAGCAGCGCCAACAGTATTGCAATAAAAACTCCCCACATATATTCCTTCTTCGCCATGGCTTAGGCACTCCTATGCTTTAAATGTAAAATTTCAGGTTTGACGGACCTTATAAAGGCAACTGCAAAAGCAGTTATCAAACCCTCACCGATTCCTATCAAAGCATGAACCCCAGCCATAGCCGGTAGCACCACCTTCAAGGGTATAGTCCCAGAAAGC
NZ_AP013035.1_gap28	1288532	1291555	3023	TCCACCTCTTTGGGTGTGAACTCAGCTCTCTGTGCAACATAACAAACTTTGGCCTTGAATGGTCTATCAGGATAGGCATCCACGTAAATCTCTGCAGACATACCATATGCTATTTTACCTATATCCACCTCATTTACATACATCTTCAAATACAGAGCCTGAGGATCAACCATTATCGCAATGGGAGAACCTGAAGATATTACCTCCCCCACATCGGCCACCTTCTCTATCACAACCCCATCCACAGGAGCCTTCACTAAAAGCTCACTCAGATGGGCTTTTGCCTCTTCCAAAACCGCCTTTGCCCTGTTTAACTCAGCACGCAACGCTTCAACTGTTTCCTTTTTAATTTGAACAAGTCTTCTATTGGAAAGGGCAATTCTGTACGCAGCTTTGGCAGCTTTGTATTGCTCCTGAGCGGCCATTAACGCCGATTTTGCCTTTTTAAAAATCCTCTCTGCTTCTTCATACCTACTTTTGGAAATCACTCTTTTCTTATAAAGGTTACTGAACCTTTCGAAGTCTCTTCTTGCCTTTTCATAATCAGCTTTCGCAGATACTACCTGCTGCTTAGTTGCCAAAAGCTCCTTCTCAGCTCTATCTATGGTCAGTTCCACGGTTTCCTTCGTCAACTCATAATCCACCAAAGCCTGTTGAAGCCTTCTTTCAATCTCTTTCACAGCACTTTCGGCCTGCTTAACCCTTGCCTTTACCTCCTCTGAGTCCATTACCGCCACTATTTGTCCTTTCCTAACAGTATCCCCCTCTTTAACCAGTAACTTCTCTATCTTCCCTGGATATTTGGGAGATAGTTCTATCTCATCACCATCAATCCTACCGCTACCCCAAATTTCTGTAGAGGAAAACTTCTCCTTTGAACATCCAAATAAAACAATTACTACAAGCACTAATATTAATGCGGAAACACGCCTCATCTCTTGATACCCACTTCCACAGACATACCAGGTATCAAAAGCTTCTTTGCTTCATCATCTAAGGAAATCTTAATAGGAATTCTCTGAACAACCTTGGTAAACTCACCAGCGGTAACATCCCTTGGTATCAAAGCAAACTTGGCAGCCGAAGCAGGAAGAATCTTCATTACCTTTCCCTTAAATACCTTTCCGGAATAGGCATCAACCTTGATGTCAACAGGATCACCCACATCAACCCCTTTAAAGCGGGTCTCCTCTAAGTTAGCCAAAACATAGATCTTAGAGGTATCGTAAACGGCAAGCACCGGATAACCAGCCGCAGCGAAATCGCCCACCTGAAGGTATCTTTTGGCAACAACCCCATCCACAGGGGACTTAACCTTTGTATGCTCAAGATTAACCAAAGCCACATCTAAAGCCTTCTTAGCCTCCTCTACCGCCTTTTTCGTAGCAGCTATCTCCTGTTTTATCTCATCTATCTGTTTTTTTCTTATTTTCAGTTCTACCATCTGGGCCTCAGCCATCTTCAATTGGGCCTCTTTCACCTTTACCAGGTTCTTAACCCTCTTATATTCCTCGGTAACCCTGTCAAACTTGTATCTACCTATCACCCTCTTTTTATAAAGAGTACTGAAACGCCCGTAATCCTTACTTACCCTTTCAAACTGAGCCCTTACCTGCTCAAGATCATGTTTTGCAGCATTTATCTTTTCTCTAACCGTTTTACCTGCAAGCTCATAGGCGTAAACAGCCTGTTTTAGCTTCTCTTTTAACACGTTCAGCTTACTCTCGGTAGCCTTTACCCTCGCTTCTGCTAACCTTACTTGCGCCTGGTAATCTTTATCATCTATAACGAATAACAACTGCTCCTTTTTAACCTTTTCCGATTCGTCCACCAAAAATTCCTTTATATGTCCAGGAACAAGGGGAGACACATTTACAATATCAGCCTCCACAAAGGCATCCTCGGTAACAGCATGGGTATACCTGTAGTAGAGCCAATGACCAAAACGAACCAAGCCATACACCGCCACAACCAGAAATACAACGAGAAGCACCACTCTCTTGGTGTTAATCTTACTCCGCATATCCCATAACCCTCATCAGTTTCGCATAGGCAATATTGTAATCGTAAAGCGCATTGTAATAGGAGTTTTCAGCCCTCGTCAGATAAACCTGGGCATCTATCACATCAGTGGAGGTATCTATCTGCTCCTTGTAACGCTCCCTCGTATCTCTGTAATTTTCCTTAGCATGCTGCACCTCACGACGGGCCACTTCCAGTCTCTGCTTGGCAGACATTACCTTCAAATAAGCCTCCCTCACCTCAAGAGCCACTTTATCTTTAACTGCCTCCAATTGCAGCAATGCTTTAAGCTTTTCTATCTCAGCCTTTTTAACCCCGTGCTTAGTCTTACCCCATGAGAACAGATTCCACTTTAGTTGTAATGTAATACTCCACCTTTCAGGATCAGTCAGACCATCCCCGTCACAGTCAGGGGTATCACCATGCTTTGTATACTCCCCAGCCAAGGCAAGATGCGGGAAGTAATCTGCCTTCTCAATCCTCACATACTTTTCTGCAATATCCACCTTCTTGGCCACAGCCTCCACCACAGGCCGCTTATCTAAAGCCAGCTTCAAGCAATCTTCAAAAGACAGACTCAAAACGGGCATATTTTTAGCTTCTTTGAGCTCATAGTCTGCATCTATCCTGTCTTTTAAAAGAATGGCCAAAGCAGAAAGGGCTATTTTGTAGTTAGCTTCTGCATCGGTGAGCCTTTGCCTTGCCTGGGAAAGAGCCACCTCCGTTCTCAATAAATCCACCCTTGGAGTTATACCCTGTTTGAAGAACTCGTAAGCATCCCTATAATGGGCTTCCAGAAGTTTAACGGTTTCGTTTGCAACTTCCAAAAACTTTTTAGCTTTCAAGGCGTTGTAATAGGACTTCTTTACCTCAAAAATAAGATCCAATCTTGTCTCTTTTTCTATTAAGGATTCCACATCCACCCCGAGCCTTGCAATCTCATGGGCCATGCTCAGCTTGCCACCAGTAAACAAAGGCTGAAAAAAGGTAAATTTGTACTG
NZ_AP013035.1_gap29	1298541	1301157	2616	CGCATCAAGACCTGCCTTTTGAAGCAAAAGAACCTTCTTGCACACATTATAAGCCTCAGGGGAATCTAACTGCTCATAAGGAAGGATCCCTTTTATAAGGGAAAAGAGAACCCGATAAAAGTCCGTGATCGGAAATTCCAAAATTCTTTTTTCCTCTTCATCCACTGGTAAGCCCAGTTTTTTCTTTATCTTCCATCTCCAAAAGATCCCGAAAGAATCATCAAAGGGAGAAAGAACAGCAAGTGCATAATCCCACATACCCAACCTATAGTAGGCAAGCGCTAATAATTTTCTTGCCTCTTTTTTTTCAGAAAGTTCCGGGAACGCGTCCCAAAAATTAAAAAACCTCTCATACTGTTGTCTGTAAAAATAGATTCTTAACAGACTAAGCTTCACATCAAGTGCAACTTCAGGATTCAAGTTTAAAAGAAAATCTTTGATATAGTTTACAGACTTAGAAGAAAGCTCGACCAAATCAATGGAATTCTTCGCTTCAGATACCTGAAAATCCGCAGACAATCGCATCACTAAGTAAGGAGCTACATCTGGCCTCTGTTTAAGAAGTTTTAGAGCTTCCTTTACTTTGCCCTCCCTAAAAAGACAGTCACTGGCGTAGGGAACTAAATCCCTATCTCCGCACTCCGCCTCGTAAATAGCAAGGTCACACAAACCTAAAAGGCTGACCCTTTCAGCAAGAGTCAGCCCATAAGAAGTCCTCCATGCAAGTAAAAGCAAGATCAAAATTGAGACATACCATCTCATTCCTCTTTAACATCACTGTTAACGATTTGCCTGCCCTCCTCCTCGTCTTTCATAAGCTTGTACTCTATACTGTCAACAAGCGCCTGCCAGCTCGCCTCAATCACATTCTCATGCACGCCCACTGTGCCCCATCTTCTCCTTCCATCAGTGGACTCTATCAAAACCCTAACCTTAGCGGCTGTTCCTGCGTACTCATCCAATATTCTAACCTTGTAATCCACAAGCTGCATTTCTTTAAGATTGGGATAAAACTCCTCAAGGGCTTTCCTCAAAGCTGTATCAAGGGCATTCACAGGACCGTTACCCTCTGCTGCTGTATGCTTGGCACCAACAGGGGTCTCAATCTTAATGGTAGCCTCGCTAAGTGGCTGGTCGTCCCTTCCCCTCTTTTCAACAATTACCCTAAAGCCTTTAAGATCAAAGTAAGGCTTGAATTTCTTCATGGTCTTTTTAATCAATATCTCAAAGGAAGCCTCTGCCCCTTCAAACTGATAGCCCTGATGCTCCAGAGCTTTAAGCTTTTCCAAAACCTCCTGCACCAAAGGATCCTTAGAATCAAGATCAAGACCAAACTCCTTCGCCTTGTAAACAATGTTGGATCTACCCGAAAGATCAGATACTAACACCCTTCTCTGGTTACCTACCAATTCTGGATCAATATGCTCGTAGGTTTCGGGCTTCCTCATAACCGCACTTACATGTACACCACCCTTATGGGCAAAAGCAGCTTTACCCACATAGGGCTGATGGGTCCATGGTTTAAGATTGGCTATCTCGTATATAAATCTTGAGATATTCGTTAGCCTTCTGAGATTCTCCTTCGGTATACACTCAATGCCCATCTTGAGCATAAGGTTGGGAATAATAGAGCAGAGATTAGCATTACCACAACGTTCTCCAAAACCGTTCATGGTTCCCTGTACATGAACAACTCCACATTTTACCGCCATTATGGAATTGGCCACTGCACACTCGGTATCGTTATGGCAGTGAATTCCCAAAGGGGTACTCACATGCTTTTTTACCTCTGTCACAATCTCTGCGATTTCAAAGGGGAGAGAACCACCGTTTGTGTCACACAAGCATATTACATCTGCACCGGCTTCTTCAGCAGCCTTAATGGTTTTCAAAGCGTATTCAGGACTCCTCTTATAACCGTCAAAAAAGTGCTCGGCATCGTAGATCACTTCCCTTCCATGCTTTTTCATAAAAGAGACTGTGTCGTATATCATTTTGAGGTTATCGTCTAAGGAACACTTCAAAGCATCGGTAACGTGCATATCCCAGGACTTGCCAAAAATTGCCACAACTTCGGTCTCTGCTTTCAAAAGAGCTATAACATTCTGATCCTTTTCCACAGATACATTAGCTCTTCTGGTACTACCAAAAGCGCTTATCTTGGCATTTTTGAGATTTAGGCGTTTAGCCAACTCAAAAAATTCCATATCCTTTGGGTTAGATCCCGGCCAGCCTCCCTCTATGTAATGTATTCCTAACTCATCCAGTTTTTCCGCTATAAGAAGTTTATCAGTAGAGGAAAAAGAAATCTCCTCAGCCTGCGTTCCATCCCTCAAGGTAGTATCATAAATCTTAACCATACAACTCCTCCTAAGGAATTAGAGTTTGTTCTTAGAAAGTTAATGACGGATTAAACATTTTTCAAGGGGATAATAAAAAGGGGAAGGCATTTATTAAAGTTGCCTTCCCCCTGACAGAAACTGAATCAATGGTAATTTTATCTAACTACTGATTTTCCCCAAGTTTGAATGCGTCATGCAACGCTCTAACAGCAAGCTCAGTATACTTGTCCTCAATGATACAGGAAACCTTTATCTCAGAGGTGCTTATCATAAG
NZ_AP013035.1_gap30	1307154	1311569	4415	CTGGGATCCTCTGTCAAACCGAGATAGCTGTTAGAACCAAGCATTATCATCTCTTTACCATTTATCTTAACCACAGGACCCTGCTGGGTACATATGGGCCTAAAATAAGGATAGATGCCCATGCTCCTGACTACGTCAGGATCTTTAAAGGCAAAACACTTCTCAAATAGGTCCGCTGCCACCTTACAACCTCCCTTTGCTATGATTTGAATCTTATGTAGATAAGATCACCATCTTGAACCAGATAGTCTTTACCCTCAATCCTTATTAACCCTTTTTCTTTAGCCACTGTCAAAGAACCAACTTTATCAAGCTCTTCAAAACTTATAACTTCAGTTTTAATAAATCCTTTTTGCATATCGGTGTGAATTTTGCCAGCTGCCTCCACCACAGGCGTTCCCTTCTTTATTGTCCAGGCTCTGGCTTCATTCTCATTGGCGGTAAAAAATGTGATTAGATCCAGTATTCTATAGCCTGCTTTTATAAGCCGTGTAAGCCCGGACTCCTTTAGTCCGAACTGAGCCAAAAACTCCTGCCGTTCCTCCTCGTCCAGCTCAGAAAGTTCCTGTTCCAGTTTACCGCAAATTACCACACACACAGTCCCTTTTTCCTCTGCGTACTGCTCAACTGCCTTCACATGGTCATTTCCAAAACCATTCTCATCCACATTGGCAATGTAAAGTACAGGCTTCAAGGTTATAAATTGGTAGTGTTTTATCTCCTCTATCTCTTCCTTACTCCAATCAAGCTCCCTTAGAACTCTTCCTTCTTTGAGGGCTTCGTATGCCTTTTGAAGTGCCTCAAGTTCACGAGCGCGACTTTTATCTCCAGATTTAACAACCTTTTGAAGTCTCAGAAGATTTCTCTCAGCCACTTCCAAATCAGACAATATCAACTCCAGCTCAACAATCTCTATATCTCGCAAAGGATCAACCTTTCCTTCCACATGGGAAATATTGGGATCTTCAAAACAACGCACAACATGAGCTATGGCGTCCATACCCCTTATATGGGACAGAAACTGATTACCAAGGCCCTCTCCCTTACTTGCCCCCTTCACCAGGCCCGCAATATCAACAAACTCCATATAGGTGGGAACAGCCTTAGGAGAACCCACAATCTCCCGGATTCGGTTCAACCTCTGATCCGGAACCTCTACAACGCCAACATTGGGGTCAACAGTACAAAAGGGGTAGTTTTCTGCAGGTACAGAAGCACCGGAAAGGGCATTGAAGATAGTGGACTTGCCCACATTAGGCAAACCCACTATGCCACACTTAAACCCCATTTAAAAATCAACCTCCTCGGATAGTGCAGCCTCTTTCTTATGAACGAAAGCTTTCGCAATACCCGATAAGAAATATGCAAAAAAGGCCAAAAATATAAAAAGATGCGGGTCAGAAGCCACCACAAATACTGCCAAGATAAAGGCCACCAACATGGTATACGAACCTCTTTTGGAAGCTCCACCCTTCATAGCAAAATACCTAAACTTGCTCACCATCAACAAAGATGCAGAAACCATCAGTATGCCGGCTCCGAGGACTACAAATTTATGCTGTAGCCAACCTAACTTTCTGTCTGCAAAAAGATAATAGGAAGCCATCAAACCCGCTGCAGCGGGTATGGGAAATCCTAAAAAGTCGTTGCTCTTTTCCTTTGTAACTAAAACATTAAAACGAGCTAATCTTAAAGCACCACAGGCAACAAAGAGAAAAGCTATGAGCCAGCCTACTCTTCCCGCACCGCTAAGCGCCCATTCATATATAAGAAGAGATGGCGCCATACCAAAGGAAACTAAATCTGCAAGGGAATCATAGTTGAGACCAAACATGCTGGTGGTATTGGTTATCCTCGCAATCCTACCGTCCAGAATATCCATAAGCATAGCTATAAAAATAACCCACGCGGCTTTAGTAAAATCACCCCTCAAGGTACAAACTATTGAATAAAAACCAAAGAAAAGATTCCCCGTGGTCAAAAGATTGGGCAACACGTAAAGATTAATCATAGCTTTCTCCCTAAAATAGTCTCCCCTGCCTTTACCTTCATGCCTTTTCTAACAAACAACTCCCACTCACCAGGCAGATATAGATCAACCCTTGAACCAAACATTATCATCCCTATTCTATCACCCGCTTCTACCCTGTCACCTTCTTTGACCCAGCAGAGGATCCTTCTTGCAATCAAACCTGTTATCTGCACTATCTTCATCAATCCATGAACCGTTTCCAACTCTATGGTGTTGCTAACATTTATATCAGAACTGCCCATAAAGGCAGCTTTGTAACCTTTACCCCCGGGATATATACGCTTCACCACTCCGGTATGAGGTGCTCTATTCACATGACAATCAAAAATGGACATAAAAATGGCAATGTGTACCCCTTGAGGCTTTTCCTCCACCAGCATGACCTTCCCATCAGCGGGGGAAAGTACATATTCAGGAGAGAACACTATTTCCCGTTCAGGATCTCTAAAAAAAGCAAGTAGCCATAGTAGTATTACAAAGAAAAGGGTGGATAGAGCATACCACCCTATCCACCCTGTAAAAACACCTAAAACAAACGCGCCCCAGATATATGGCTTTCCTTCTGGCCTGAATTTACTCATCCTTTTTCATCCAGGGCATCATGCTCCTCAAGCGTCTGCCCACCTCTTCAATCAAATGCTCCTCATCCATCTTCAACAGGGCATTAAACACAGGCCTTCCTACCTGATTCTCAAGAATCCATTCCTTGGCAAACTGGCCTGTCTGGATTTCTTCCAAGATCTCCCACATTCTCTCTCTAACATGCTCATCTATAACCCTCGGTCCTCTTGTAACATCGCCATACTTGGCGGTGTCACTAACCCATCTTCTCATACCACTAATACCCTGCTCATAGATGAGATCCACTATAAGCTTTAGCTCATGAAGGCACTCAAAGTATGCCACCTCCGGCTGATAACCGGCCTCTACCAATGTTTCAAAAGCAGCCTTTATGAGAGCAGTCACTCCACCGCACAAAATAACCTGCTCACCAAAAAGATCCGTCTCGGTCTCTTCTCTAAAGGTGGTTTCTATAACTCCAGCCCTTGTGCCACCGATTCCCTTTGCATAAGCAAGGGCTACTTCAAAGGCCTTGCCTGTGTAGTCCTGATACACCGCAGCAAGGCACGGCACACCTTTACCTTCAATATACATCCTTCTAACCAATGAACCTGGCCCTTTAGGAGCCACCATAAAAACATCCACATATTCGGGCGGAACTATCTGACCAAAGTGGATGTTGAAGCCATGTGCAAAGGCAAGGGCATCTCCTTCTTTGAGATTAGAAGCTATGCACTCTTTATAAACTTCAGGCTGAAGGGTATCAGGAATGAGCATCATTATAACCTTAGCACTTGCCGCCGCATCCGCTATCTCCATAACTTCGAGACCATCAGCTTTAGCTTTCTCCCAAGATTTACCTCCCTTCCTCAATCCAACCACAACATCCAAACCAGAATCCTTCAAGTTCAAAGCATGGGCATGGCCCTGGCTACCATAGCCTATGATGGCAATCCTTTTACCTTTTAGCAGATCTAAACTCACATCCTCATCGTGATATACCTTAGACATTTTTCCCCTCCACTTATGAGATTTTTAGGCTCTTTGGACCTCTAACAACTGCTACCTTTCCTGTCCTGATAACTTCCCTAATACCACATTCCTTCAAAAGCTCTAAAGCAGCATTTATTTTAGCCTCATTCCCTGTAAATTCTATGGTGAAGGTTTCAGGGCTGACATCTACTATATTGCCTCTGAAAATCTGGGCTATCCTCATGGCCTCGGCCCGGGACTCACCCCTTGCATTAACCTTCACCAGAACAAGCTCTCTCTCCACATAATCCTCTTTGCTTGCAGTAAGATCAACAACCTTGATCACATCAATCAGCTTCCTTAGCTGCTTTACTATCTGCTCTATAATAAAGGGATGGCCCTCGGTAACTATGGTGATCCTGGAAACCTCAGGATCCAGCGTTTCACCCACAGAAACAGAATTGATGTTATATCCTTTAGAACTGAAAAGTGTGGCTATCCTTGCCAATACGCCAGGCTGATTTTCTACCAGTAATGCTATTGTATGCTTTTCCTTCTCTGGACAACTCTTATCCGCCATCTCTCCTCCCTAAGATGGGAAATTAATAGGTCTCATCTTTTTCAAAGACTCTCCATTGGTCTCTGTTTTCGGTTCTTCAAGTATCATCTGTCTCACTGAAGCTCCCGCAGGTACCATAGGTAGCACATTCTCCTCTCTATCCACTCTAACATCCACGATCACAGCCCCTTTGTGTTCAAAGGCCTCTTTCAAGGCCTTCTTGAGATCCAAAGGCTTATCCACCATCATCCCTTTAAGGCCATAGGCCTCCGCCAACTTAACAAAATCGGG
NZ_AP013035.1_gap31	1313924	1315208	1284	TTGGTGGATCCACCCAACGCCATATCTATTCTTATACCGTTGTGGATAGCCTCCTTGGTCATTATATCTCTAGGCTTAATTCCCTCTCTTACCAACTGAACCACCCTGTAGCCTGAGTCAAAAGCGATCCTTCTCTTTTTAGCAAGACCAGCCACCGCAGTAGCACATCCCGGTAGAGACATACCAATGGCCTCGGTCACACATGCCATGGTATTGGCTGTATAAAGACCCTGACACGAACCCTGCCCGGGACAGGCCTCCATCTCACACCACTCAAGCTCTCTCTCATCAATCTCTCCGGCTTTATACCTTCCCACCGCCTCAAAGGTGTCCCTTACAAGGGAAAGCCTTTTTCTACCCAGACGGCCAGAAAGCATGGGACCTGCGGTAACCACAATAGAGGGGATATTCAAACGGGCAGCCGCCATGAGCATACCCGGTGTTATCTTATCGCAATTGGTTAGAAACACCAAACCATCAAGTTTGTGTGCCTCTACAACGCACTCAATCATATCCGCAATTAGCTCACGGGAGGGCAGAGAATATTTCATACCTGAATGCCCCATGGCCACGCCATCACAGATACCGGGAACTGAAAAGAGAAAAGCATATCCACCGCCAGAATGGATACCTTTCTCAATCCATCTCTCCAAATCTCTCATTCCCACATGACCAGGTATTAAATCGGTAAAACTGCTGACGATGCCTATAAAAGGCATCTCATCCATGGCCTTCTTGGGAACTCCAGTGGCATAAAGCAGAGCTCTATGTGGAGCGCGCTCCACTCCTCTCCTAACCTCATCACTTCTCATTTTAGAAACCCCCTTTCTCTATAAACGGTTAAAGCTGTATCTCTCCTCTTTTCACCTTGCTGATGATCTCATTCATCTTATCTTTCAACTCAAGTTTCTGCCTTTTTATAGCCTTCACCTCTACCTCTTCTTCAACTGTCAAATAAACCTTCTTTTGCAATTCCTCTAATCTTTCCTCAAGCTGAGCATGCTTTTCTTTCAATGACCTAAATTCCTCATTTGTTTCCATCAACTTCTCTATAATCTCCTGCTCGGTCATCCTTCACCTCCCGAAAAAGTTTAACTAAAACTTATAACAACTTTTCCATCACCAGTCCATCCTCACCATCAAAATACATACCCTTTCTAACCCCAACCATTTCAAAACCAAACTTCTTATAGAGATTTATAGCCGATTTATTGGAAACCCTCACTTCAAGTACAAGAGAGCTAACCATTTCCTCCTCACAAATACGCACAACCTCCCTTAACA
NZ_AP013035.1_gap32	1419214	1421736	2522	CTGCAGCAGTCAAATCAGCAGAATCTACCACAATGGGATTTTCCGGATCAGAACACCTGACAACCTCCAGGCTCCCGCTGTAGGGCAATAAAGTCTCTGAAACAGCTTGCGACCCGCTTCCCTGACTAGAAGTGGTTGCCGTATTACTACCCCCATCTCCACCACAACCCAAAACATAAACAGCAGAAACCACTAATAAAAAATATAAAGCGTACCGAAACAGTTTTTGCATCTTACACCTCCAGAGTTCCAATCTCAGTTATGAACAGGATAGTAACACCTCTACAGCATTATCAAGATTTTTTTAAGTTTATTATTTTAAAAAGACTCCTAAAAACCGCAAAACTATACTAACTAGCCTGGCAAATCTTATGACCAATTTTGGCAACACCTTGACATACAAACACACAAATTCATCTTTAAAGTACAAACTTAATATTTTTGACTATCACGCAATCAACGTGATACACTAAACAAAGCGCGAAATTATTAGGAGAAAAGGATCATGCTAACTTATATCATTGTTTTAATTTTGGCATTTTCAATGTTATCGCACGATGCAAAAGCAATACAGCAGTGCAATCCCTTAGCCATTTGGAATGTATTTCCAACTTCCAGAGAACTTAACCACCTTTTCCCAGATGACAAGGCAAGAGTCGGCTCTTCCAAGGATAAGAGAACGGGAATAGTAACTTATCAAAAACACTGGCAGGGTGGTTATTACCCTCAAGATCCTTTCAAAGCCAGGGATGTACATATTACAGTGGCCATGTATTCCAACCATGAAAGTGCAAAGGCAGTGGTGGAAAAGTTCGCCAAAGGCCTCGGTTCCATAGGATTAAAACTGCCCTTTGGCAACCCAGGCTACAGAAACAACCCAAAATATCTCTTTACACTCCATTATGAGGTTTGTGTGGGCAATTTTCTGATAACCTATACAGTGCGATATCCCAGAAGAAAGCTTGTCTCTCCCGAAGACGAAACAGTAAAATTAATGATTGACCGAATCAAAAAGCTCCCTTGCTACCAAGAGAAAAAGAAAAAACCCAAACCCCCTGCCCATAAGCCACCACCTCCTCCAAAAAATAGATGTCCAACTATACCCAGTTTCACCTACTCTCCACAAAATCCTATGCCCGGGGATACTATAAAATTCGTAGCACATGCTTCTGATCCAGATTCCGACAAGTTAACGTATACTTGGCATGTAAGGGTTCCCAAGGGCACATCATCACTTAATCTAAACCAAAAAGGCAATACAGCCACTGTAACGCCTAATAAACCGATAATATTTAGTATAAGCGTCTCTGTTAGTGACGGTTTGTGCCAAAAGACTAGTTCAGAAAAATTCATAACGGTCTCAAAAAGAGCTCCAATGAACAATCCTCCAAAAATTACCAAGGTAACATGGGAACCCAAAGTCCCAATAGCAGGGGAAACAGTAACATTCCACATCTATGTTACAGAACCAGACAATGAAAGATATTTCCTGACAGGATGTAACCTTTGTGATCAATATCCCAATAGCATTAAGAAAACTCCTTACGGATTTGAAGTTAAAGCGACACTTCCAACAGGAGTTCATTCCCCCTCCTTTGGAGTAACAGATGAACAAGGCGCAGATGACTATTACCACTTTGTGTTAAACGTTCTGGAAAAGAAAAAGTTAAGCGTATCGATCATTTGCGAAGGAAAGCAAAAGAAATCAAACCCAACTTGCATCACTAAACCTGATGAAAGGGTGAAATTTAAAGCAGTTACAAACAATCCCCAAAACTTACCACTCACTTTCTACTGGCACATAGGCAACAGGCTTGTGCAAAAAGGAACAAATAAAAATCTTTCATGGAAATTCCTTCAGCCAGGAAACTACTATGTTTTTCTTATAGTATCAGCAAACAAGCAAGAAGCCATTGACAGCATTCCTGTAACAGTCATTGAAGAACACCCTCCCTTGGCAAAGATTATTTGTACCACTCCTATGGATATGAGATTGACGAACCATGATATATGTTTCAAAGCTATCTTCACAAACTTGGGCGTTACAAATATGTCTTGGTATCTTGACAACACCAAAATCGCTTCAAAAGGCTTACAAGCGTGTATAAAAACCTCTATTCCCGGAAATCATCAGATATCCATTATAGCGTCAAACAAAACCACCACCATTAAGGCTAAAAAAATCTTTGAAGTTAGAAAACCACAATTAAGAAAAATAAAAATTTCAAGGGCAAGATTTGTGGAAGAGAAGGATCTAAACAAGCCCTGGAAAGGAAAAGACGCTCCCAAAAACAAGATGCTGTGGAAAAGAAAAGAAAAAGTGTGCTTAGAAATACAACTGTCACCTCTTGGAACACAACACACCATTCAGGCTTCATGGAGAGATCCCTATGATAGGGAAGCAGCTACTCAAAAAGCAAAATCATCAATAACAGCTCGAAGTGGAAAAGGCGAAACTTTACATTTTTGCTATAAACCTAAAGACGAGGACGCTCAAGGCTATTGGAATGTTGAAATTTCAG
NZ_AP013035.1_gap33	1433825	1435685	1860	TCACCCGATAGCGACGTTCAAAAGCTTAACACTCTTTTAAATAAAGCCTGTAAAGAAGCAAAAGAAACAGGTATTGCACAAGAAATAACAGGAATTAAAGGTGATAAGACCTTAGAGTTTCTGGATGAAAAAATTCGATTAAGCCAAGAGGTATCGGACGTTGAAGTAAACAAGCATCTTCGAGAAGGTATCACCTACGGTTTTAAGATATACCCACAGTGTATAAGTGACTTTGTGGTGCTTAAACTAACAAACAATAAAATCATAACACTAGAACCATTAACTTTAACCGCCTCGGTACAGTATGAGAAATAGAGGATTCACACTATTAGAAGTTCTTATAGCCCTAGCAGTTTTTGCTTTAGCCTTTGCTGGAACCTACAATCTTTTAAACCAAGCATTGTTCACAGAAGAAAACACTATAAATAGAATAGAGCTTGTTTTATCATCCTCTATACCAATAGCACTATACTGGGACACAGAACCAGAAGAGACCTTGGGATGGAAAGATGCAACAGAAGATTTAGGAGTTGGAAAATACAAAATAGTAAAAACTCCGATAGGTTTTTACAACATCAAAAAGGTTGAATGGAGCTTCAAAAAAAATGAAAATATCATCGCCTATATCCTCTACTACTAAGTCAGGATTCACTCTTTTAGAAATACTGATAGCTACAGCTTTAATGGCCATTATAGTTATAGGCGTTGCTACTTTCTTTAAATCTACCAGCATAGCTTCTCAATATTTGAAAAGTTTTCATCCCAATTTAGAGATAGTACCAAAAATAGTCCAACTCATTTCCCAGGATATTAGGTGCAGTCTGAACCCCCCTAAACTCTCTGTGGAACCTAATGGAGAAATTTTGACCATTGAAACCACTAATTCCCTGATGTTCTCGGGGGCTAAGCCCGTAATAGTAAGCTACTACGTGTCGGAAGATGAAAAAGGGCAAAAATTGCTCTTCAGAAAGGAGATAGATAAAGACAGCGATCAAGAACTCATTTTGCCACTAACTTCAAAAGTAGAAGACATCACTTTTGAATTCTATTCTAATAACGTATGGCAGAAGAATCCTACAAATGTTGTCAAAGTTATTCTAACGATAGAACACAAAAAGTACGAATTTGCAGCAAGGGGAGTGACTGTTGAATAAAAATGGTTCTGTGCTTTTATTAGTACTACTTTTAGTCACTGCCATAGTGGGCACAGTTACTGTCTTAGCTGATAAAGCAGTCCAAAGGTATACATTGTCACAAGAGCTTTTCATAGACAATCAAGCTGCCTACTACTTTCACTCAGCTATAAAAGTGGTCAAAAAGATTTTAGAGGAAGATGACAATGGTTACGATTCTCAAGATGAAGATTGGGCAAATATTCCTCCTATCAAAACGGATAACGCTTTGCTGTTAATAAGAATAACTCCATTAAATAGCAAAATAAACGTGAATCTACTGAGAGAAAAAGTAGAAAAAAAATACAGAGAACGGACCCTCAACGCCATTAATGCGCTATTAGAAGAAAAAAACCTGTCCTCTTCATTAACAACGCTGCTTAAAGAAACCTTGGATAAAAAACCCCTATATTCTCTAAAAGAGCTCTACTTCCGCGATGAAGTAAGCACTTTATACACTAAATTGCATCAGTATTTAACTGCAGACGATCCATCAGGTAAAATCAATATAAATTTTGCCTCAGAAAGTGTTCTCAAAGCCTACTTGCCAGAACTTGAAGCTTGTCTTCCTACAATCTTAAACAGAAGAAACAGCACACCTTTTAGAAACGTATCGGATCTTAAAAATCTTGGTTGCATAGTGGAAGAAGAGTACATAGAAATCTTGCCCTTCATAACCACCGCCAGT
NZ_AP013035.1_gap34	1487454	1489833	2379	ACGTTGCCTATCTTGAATCCTCTATCCCACCGGTAGGAAAGAGCATACCCGAAATTTACAGAAAGCTTCAAGCACTCAAATACGTAACAGAACATCCTGATGAAGCCTGCCCCGCCAACTGGGAGCCCGGGAAGAAGACCTTGAAACCAGGCCCAGACCTTGTGGGTAATGTGGGCAACTACATCGGCGAAAAAGAGCTATTGCAGATTACCTACAGAGATTACAAAATGGGATAAGTAAACCTCGGGGGCTCCAACGCCCCCGCTCTATTAATTCAAATGTTCTATCCTTACCCTTCTCAAAGCGTCGATTCTTTTTAAAGGCACAAAATCTCTCCTTGAAACAAGACTAACGGCCAATCCAGAACTACCTGCTCTTGCTGTTCTACCCGCCCTATGGGTGTACATATCAGGATCTTCAGGCAACCTGTAGTTGATTACCAGTTCAACACTTCTCACATCTATACCTCTTGCTGCAACATCTGTGGCTACAAGGGTTTTCACGCGTCCCTTCCTGAAAGCCGCCATAACAGCCTCTCTCTTCCTCTGGCTCATATCACCATGAAGACATGCTACCTTCGAGATACCAGCTTGCTGCAACTTTTCTGCCAGCTCCTGGGCCTCTACCTTTCTGTTAACAAAGATTATGGCGTTACCACCGTTCTCAAACCGCTGCAAAACTCCCAGCAATGTACCGAATCTATCCCTGTGTGTGCCAAAGAGCCTGTGCTCTATCTTGGGCTTTAACTCGCGGCTCTCTACTTCTATGAGTTCGAAATCATCTCTCAGATAATCCGACATCATACTTCTGATGCCCTCAGGCAACGTAGCTGAAAAGAACATAGTCTGCCTTTCCTCAGAACAACTCTCTATGATGTAGTTGATATCCTCCTCAAAACCCATATCCAGCATCCTGTCTACTTCATCCAAGACCAAAAACTTAATAGAAGACAACCACAAGGCTCCTCTCTCAATCAGATCAGCTATTCGACCAGGAGTGCCCACAACTACCTGAAGACTACCTCTTTTCAAGAGAGAAATGTCTCTTCTGACTGGTTTACCACCGTACATGGCAGCAACCCTAATACCCTTAAATCTTCCCAGTTTCCATATCTCATCGGCCACCTGAGATGCCAGCTCTCTTGTGGGAACAAGGATCAGCGCCTTAACCTCACGAAATCTCCTCGAAAGCATCTGGACAATGGGTATCCCAAAAGCAGCTGTCTTACCAGTCCCAGTATCAGCTACAGCAACCACATCCTTTCCTTCCAAAGCCAGGGGAATAACCCTTTCTTGCACCGGGGTGGGTTTCTCATAACCCATAGAACTCAAAGCTTTTCTCACGTTTCTTCCCAACTTCTCAAAAATCATCCTCACCAAATCTCCTTTTACTAATAATGTTCTGGCAACTATATACCTTCAGATTGAAAAAGCAAGCTCTAATACGTATCTTAGCAGAAAAGGAGGTAGCAAAGTGGAAAAGCCGGTAGTTTTCAACTGCCCTAAATGTGGCAAACAAAACCTGGTAGCTCCGGAAAGGCTAAAACTGGCAAAAGAAAAGCCTATAAAATGCTGGGTTTGTGGCACAGAATTTGCTTACGAACAGCTTATGGAGTTAATCAAAAGCAGAGGTGACAAGTAAAGAGATGCAGACCTGGATAAAGCCAAAACCTAACCAGAAAAAACAGCTAAAAAAGATATTCGAAAAAAACATGGCTGTTTTATCCAAAAGATGGCCCCACATTGCCAAACGCATTGCCTCCACCCCTTCAACACTGAAATGTCAGCTGGTTTTTGACTCCATCTTCAAACGGCCAAATCTGGTAGTAGTTACTCCGTCTGGAAAACAGGTGTTTTTACATAGCCCGGATCCTGTGGCAGAAGCATCAGCAAAGGTCAGACAGAAGGAATTCAAATATCCCCAGTTCTTGATCTTTCTCGGTTTAGGACTCGGCTACTATCCCGCAGCCTTTTTCCAGGAAAAAGGCAGGTTCATAAAGCATGTACTCATAATTGAGCGTTACCCTGAAATATTAAAATGGGCAATGCATGCAGCTGACTTGACCCCATTATTTATGGATCCAAGGGTTGAACTAATAGTGGGAGAACCCCCTGAAAGGCTTTACCCAGCCCTTAGAAAATACATGGAAGGTGGAACCAGAAAGTATTTCTCAAAGGTCATAAAGTTCGTGATCCATGAGCCTTCCATTTCACTGGCTCCCGACTATTACAAACAAAGTGTGGCCGCGATGAAGGATGCGGTAAGAGAAACCTTACTCTTTTTCGGAAACTCCCCCGAAGACTCCCTCATAGGTTTGGACAATATAATAAAAAATATTGGCAACATAGTAACCAATCCGGGCATTAAGGAACTGTTCGG
NZ_AP013035.1_gap35	1509286	1511339	2053	CAAGGGTTCAAAGCGGTATTCTTCGCCTTTGGAAAGATTTTGTATAATTCCTTTCTCTAAAAAGACCTCTAAAACATCCCCTTCGTCTATCCTGTCAACCGCATCTGGAGCCTCTATTATCGGCAATCCAGTGTTTATGGCGTTTCTGTAAAAGATCCTTGCAAAACTTTTGGCGATCACACAGGAAACCCCGGCATATTTAATAGCTATTGGTGCATGCTCTCTCGAGCTTCCGCTACCAAAGTTTTCACCTGCAACAATTATGTCCCCTTTGCCCACCTTCTTTGCAAACTCGGGATCAGCATCCTCCATGCAATGGGCAGCAAGCTCGTAAGGATCGGAAGTGTTCAGATAACGAGCAGGAATTATTACATCCGTATCTATATGATCCCCAAACTTCCAGACCTTCCCCTTTATCTGCATCTACACAACCTCCTGTCAATTAAAGCTCATCTGGATGGGCTATTCTGCCCGCCACCGCAGATGCAGCAGCAACGTAGGGACTTGCTAAGTAAACCTCGCTTTTCGGATGACCCATTCTACCAACAAAATTTCTGTTTGTAGTAGCTACTGCCCTTTCCCCTTCAGCAAGTATTCCCATATGTCCACCGAGGCAAGGACCACACGTTGGACAGGATATGGCCGCACCTGCTTCAAGGAATATCTCAAAAAGTCCTTCCTCCATGGCCTGCTTATAAATCTGCTGAGTAGCCGGTATCACGATCAGTCTCACCCTCGGATGAACCTTCCGCCCTTTCAAAATCTCTGCAGCCTGTCTGAGATCGGTAATCCTGCCATTGGTGCAGGAACCAATCACCACCTGATCTATGGGAATCTCCCCTACTTCTTTCACAGGCCTCACATTCTCAGGCAGATGTGGCAAAGCCACCACGGGCTCAAGAGTGCTTATATCTATTTCATAAACCTTCTCGTATTCGGCATCAGGATCTGAGCAATAATAAACGGGCGGTCTTTTTGCCCTACCCTCCACATACTCCTTGGTCTTTTCGTCAGGCTCAATTATTCCCGTCTTTCCGCCGGCTTCTATAGCCATGTTACAGATGGTAAAACGCTCGTCCGTGGGTAAGTCTTTTATTGCCTCTCCTGCAAACTCCATAACTTTGTATCTGGCGCCATCAACACCTATTTGGCCAATGATGTAGAGAATTATATCCTTACCAGTAACGTACTTTTGGCGTCTGCCTTTCACCACAAACTTTATGGTAGGTGGCACTTTCAACCAGATCTCTCCAGTGGCCATAGCACAGCCAAGATCGGTGGACCCCACACCCGTGGCAAAAGCCCCAAGAGCACCATAGGTACAGGTATGGGAATCAGCGCCTATTACGAGATCACCTGGAACCACAATGCCCTGCTCCGGTAGCAAGGCATGCTCTATGCCCACTCTTCCCACCTCAAAGTAATGGGTAATATTATACTTATGAGCAAACTCCCTTACCATTTTCGCCTGTTGAGCCGCCTTGATGTCCTTGTTGGGTGTAAAGTGATCGGGTACCAGAGCTATCCTGTCCTTGTCAAAAACATCCTCAGCTCCAACCTCTTCAAAGGCCTTTATAGCCAATGGAGCTGTTACATCGTTGGCAAGGGCAATATCAATCTTAGCCATTATAAGCTCGCCCGGCTTAACCGTATCCTTTCCGGCTTTGGCAGCAAGTATCTTCTCCGCAATGGTCATTCCCATGTGCTGACACCCTCCATCAATAAGCTTTATTTACAGCGTTTATGTACGCTTCAATGCTAGCATGTAAAATATCTGTACCTATACCGCGTCCGGTAAACTCCTTCCCCTTAAAGAGCACTCGCAAAAAGACCTCCCCCAAGGCATCCTTGCCAGAACTCACCGCATTGATCCTATAGTCTATGAGCCGTCCTGTTAGCCCCACAGCCTCATCAATTGCCCTAAAGGCAGCATCTACAGGGCCATCCCCTTTAGCCTTTGACTCCACTATCTCTCCATCTATTTCAAGCTTCACATAGGCCTCGGGCTCTTCGTCAGATCCAGTCTTGACAGAATAGGAAATCAGCTCCACCC
NZ_AP013035.1_gap36	1544301	1547335	3034	ACAGGTAAATACTGGCCAGAAACCCAATTTAGGCAAGAAGGTAGCGGTTATCGGCGGTGGTAACTCAGCTATAGACGCTGCAAGAGTGGCGAAACGCTTAGGTGCCGATGTCACCATCTACTATAGAAGAACAAGGAAAGAGATGCCTGCCTTCCCCGAGGAGGTGGAGGCAGCCCTGCAAGAAGGCATAAATATAGAGTTTCTTACCACTCCTGTTGGCTTTGAGGGTAATGGGAAAGTTCAGAAGATGGAGCTGATTCGTATGGAACTTGGTGAGCCTGACGAATCTGGAAGAAGAAGGCCTATTCCCATTGAAGGCTCCAATTATAAGGTAGATGTAGATTCAGTAATTTTAGCCATCGGTCAAATACCTTACTCCGAAGGCTTTGAAAAATTTGGTGTTGAACTGAACAGGAATGGCACAATAAAGGCAGATCCTGAAACCCTACAGACCTCCAGAGAAGGAGTATTTGCCGGTGGTGATGCAGTAACAGGTCCCTCTACAATAGTGGAAGCTATAGGATACGGCAGAAAAGCAGCATATTACATAGATAAGTTCCTCAAGGGAGAAGATCTCAAACAAGTAGAGCCCTACGATGCCAACAAACTGCCCACAGTGGACAAAAGAAAGGTCTTTGATAGAAAACCAGTTGAGGTAGTGGCAAGGCCCAAGGTACGAGAACTACCTGTAGAAGAGAGGATCACAAACTTTAAGGAAGTTGAACAGCCCCTTACTGAGGAGGAAGCACAGGCAGAAGGTAAGCGCTGTCTTGACTGTGCCGGCTGCTGCGAGTGCAGGCAGTGTGAAGCAGCATGCGAAGCCATGGCTATAATGCATGAGCAAAGGGATGAAATTATTGAGGTTGAGGTTGGTTCCATAATAGTGGCTACTGGTTTCAGAACATTTGATCCAACACCTTTAAAGAGATACGGGTACAAGAAGTATCCTGAGGTTTACACCAGCATAGAGTTCGAACGTCTAAACAACGCAGCAGGACCCACCGAAGGAAAGATCGTTATGAAGAACGGCAAGGTTCCAGAAAGTGTGGCCATCATTCACTGTGTTGGATCCAGAGATGAGAAATTCCACCGCTACTGTTCCAGGGTATGCTGTATGTATTCAATGAAGTATGCCCATCTCATAAGGGAGAAGACAGGAGCAGAAGTTTATGAGTTCTACATTGACATAAGATCACCAGGTAAAATGTACGAGGAGTTCTACAACAGGGTTCAGGAAGAGGGTACCCACTTTATCAGAGGTAAAGTGGCAGAAGTTACCGACATAGCTGAAACTCCAGAAGAGGAAGGAAAGCTCATCGTGGTGGTTGAAGATACCCTGTCTGGGAAGGTTAGAAGAGTGCCTGTGGACATGGTAATCCTTAGCGTGGCCCTGGAACCCGCTGTTGGTGCTGAGGAGCTTGCGAGAATCTTGGGTATCTCACAGGATCAGGACGGCTGGTTCATTGAGCTACATCCAAAACTGGCACCTGTCTCCACCGCCTCTGACGGTATTTTCCTCGCTGGATGCTGCCAGGGTCCAAAGGACATTCCTGACACAGTGGCCCAGGCATCAGGAGCGGCTGCTGAAGCCCTCTCCCTGATAATGAGGGGCAAGGTGGAGATAGAGGCTGCAACCAGCTACATAGACCCAGAGGTGTGTGTAGGCTGTCAGCAGTGCCGCGAGGTTTGTGCTTACTCCGCCATAGATTATGACCCATCCCGCGGTGTATGTGTTGTGAATGAGGCACTCTGTAAAGGCTGTGGCTTGTGTGCTGCAACATGTCCAAACAAGGCTATTACACTCAAGCACTTTAAGAATGAGCAGATACTCCATGAGTTGGAGGGTATACTATTATGAATGGCAATGGCTTTGAACCCAAGATAGTAGGATTTTTGTGTTACTGGTGTAGCTATACAGCGGCTGATCTGGCCGGCATAAGCAGAATGAAATATCCACCCAATATCAGGATAGTTAGGGTAATGTGCTCAAGCAGAGTGGACCCTGTCTTTATCATAAAAGCACTGCTTGATGGTGCCGATGGCGTTTTGGTGGCCGGGTGTAAACCAGGAGATTGCCATTATCAGAAAGGAAACTACTACGCCAGAAGAAAAGTAGCACTAACCAAAAAGATACTAGAAAGCCTAGGACTAGAACCTGAGCGTGTAATGCTATCTTGGATACCGGCATCGGAAGCGCCCAAGTTTGCAGAGGTGGTTAAAGAGTTTACTGAAAGAATAAAGAAACTCGGTCCTAACCCTATGAAGGAACGCGCTTTTGTATAGACTGGAGGTGAACCATGGCTGAAAGCACTGTACTGATATACGGAACCAACCTTGCAGGTTATAGAGCTGCATACACATTAGCAAAGATGGGTTACAAGAGCATCCTGCTCAATAGAGGAGCCTACGTTGACCAGTACATGAACCAGGCGTTAGCACAACTGCCCTTAGACTTCTGCTGGGCCTGTGGGCACATGCCCCAAAGGCTCTTCATTGGATTAGGTGCTCTGCAGGTCCACTACAATGCAGAGCTACTGGAAGTAAAAGGTGAGCCGGGAAACTTCACCGTAAAGTTCAGAAAGAAGGATCAGTATGTAAATAACCTGGCCTGCACAGAGTGCGAAGCCTGTGTTAGGGCTTGCCCAGTTGAGGTGGATACCCCTGAGGGTAAAAGAAAAGCCATCTACGTGCTGCCTCACATAGCCTGGGAAAATATCTTCATGATAGATGAAGAACATTGCACCAAATGCGGTAAATGTGAGGAGGTTTGTCCCACCAAGTGTCTCAAAGTAGAAAGATCGGTAGAAGAGATTGAAGTAAAGGTGGGAGCCATTATCCTTGCCACAGAATACGAAGAACCCACAGAGGAAGACCTTGCAAAGTTTGCCTATAATCATCCCAATGTGGTAAAGAACTCGGACCTCGCAAGAAAATCACTTTTAACCAACTTCGTCAAGAACTCTCTGGCCCGTTCATCCGATGGTAAGGTAGCTCAAAAAATTGGCATCATAGTGACCCCACAATACAATCCAAA
NZ_AP013035.1_gap37	1600810	1603293	2483	TGATTGCCTTCTTTTTCGCCATGTTTATGAACTTCTTTGCCTACTGGTTTAGCGATAAAGTAGTTTTAGCTATGTATAGAGCAAAACCTGTTAGTGAAGCCGAGGCGCCAGAACTCTATCGCATAGTGAGAACCCTCTGCCAGAAAGCAAATCTTCCCATGCCCAAGATATACATTATACCCTCTCAAACTCCCAATGCCTTTGCTACAGGAAGGAATCCCAAAAATGCCGCAGTTGCTGTGACTGAGGGAATTTTGAGGTTGTTAAACGAGGAAGAGCTAATGGGTGTTCTGGCCCATGAACTTGCCCACATCAAGCACAGGGATATTCTTATCCAAACAGTAGCCGCAACCGTCGTGGGTGCCATAACCATGCTTGCAGACTGGGGAAGATGGATGCTTTTCTGGGGAGCTATCGGTGGAGACGATGACAGGGATAACCCCTTTGGCCTTATCGCAGCCATATTAATGCTGGTTATAATCCCCATAGCAGCGGTTCTGATACAACTTGCTATCTCCAGAGCAAGGGAATACTACGCAGATGAAGGTGGAGCAAAGATGTGCGGCAATCCGCTTTACCTCGCCAACGCCCTTAGAAAACTTGCTTATGGTGTAGAAAAATATCCCATGGAAAATGCCAATCCTGGTACAGCTCACATGTTTATAGTAAATCCTCTTAAAGGAGAAGGTCTACTTTCACTCTTATCCACACATCCACCCATTGAGGAAAGGATAAGAAGACTGGAAAGAATGGCAGGTGTCTACTGATGGAAAACAACGAAGCAATAAAAATTGTAGAGGAAATCTGTCCTTTTATTACCAAAGACCAGAGGGAACTAACCGAAAGTGAAAGGAAAGGTCTTCTCTTTCTTATGGTGAAAACTATTCACTTTATGAACAAGGCCAATATACTTCCAAAGCCGGATGTCTTTTTCAGATGGTTTCTAGTGCACTGTTTCCTCTTCAGAAAGGGAATAAAAAATCCATCCTATGATACCCTCTTTGACACGTACGATCTCATAGAAAACAAATTAGAAAAGGTAGAGCTCTTAAGCCCGATTTGTCAGGGTAAGGACAGCTCAACAACAGACGTAAGGTTTTTAACCTTTGTTGTGAAAGAGCTGAGAGCCCTAATAGGAAAGGTCGAAGATATTATAAAGACTGCCAAAAACGAAACAGCAGATACGGTCAAAAGATTGCTCAACAAACCCGAATTAACCAAAGAGGACATTCAAGACTTTTATAATGTGCTGAACAAAGTGGAAAAATCTTTGGACACTGAAATAGAAAATCTTATTCAGAAATTACAAGACATAAAACAAAAATTAGAAGAAGCCTCAAAAGTACCTATATTACAAGTAACAGAGTGCATGAAATTCTCTGTATTTAAAGCACTGGTCAACAGACTTATAGACCGGCTGGTAAACACAGGCCACTACTTCACTTTTATACTCATCAGAGTCAATGAATGGCCCAAATGGAAGGATTTACCCAAAGAAGTAAAAATAGAATTCCTAAACCGAGTTTGCACAGCTCTCAAGGCCGAACTGAGAGGTGTGGACTACGCCACATGCATCGAGGAAGAAGGGTTGTTTGCAGTGGCCTTAAGAGATGTAGGTCTAAAAATAGCCTACAAAGTTGCTCAAAGGCTTTTAGACTCTTTGAACGAAGTAGCCGTTTTACACAAAGATGAAATTTATAAAAGTTCCTTTGCTTTTGCTCTAGTGGAAGGAAAACCCACATATACGTTTGACACACTACTGGAACAGGCCAAAAAGGTACTGGCCATATGTGACAAGCAAGATAATTCCATAAAAACAGAAGTGGATCTTATAGGTAAAAAACTTTAATGCCTTTGTGGAGCTATATTTAACTCTCTAAGAATAGTTTCTGTAGCCGGAGATCTGTTTAAAGTATAGAAGTGCAGGAATCTAACGCCTTTCTCTAGTAGCTCTGCACACTGCTTCACTGTGTATTCAATCCCCGCCTTTCTCAAATCTTCTGGGCTATCCTTGAACCTTTCGACGATCTCCATCAACTCTTTTGGTATGGTCGCTCCGCAAAGCTGGGTAAACCTCACTATCTGGTTGTAGCTTGTTATAGGCAAGATACCAGGTATTATGGGTACATGAATGCCCTTTGAACCGGCCAGTTCCAAAAAGTTGAAATAGTACTCGTTCTTGAAAAAGAGCTGCGTAACAACAAAATCTGCACCCTTTTCCACCTTTAACTTAAGATACTCCACATCTTTCTCCAGAGACGGTGCCTCTGGGTGCCCTTCTGGATAACCAGCAACCCCCACACAAAAGCCGTTGTTTTTATGAATAAACTCCACAAGCTGATATGCATACCTGAAACCATCCTCGGGAAACTTGAAGCTGGGATCGTTGGGAATATCCCCCCTCAGCGCCAGAATATTCTCTATATTTTTGCTTTTTAAAATATTCAGCGTTTCTTTTATCTTCTCCTTAGTGGACGATACAC
NZ_AP013035.1_gap38	1675070	1677891	2821	AGCATTAAAGAAAGATGAACATTCTGCTCCACCAAAAGCATTGTAATGCCTTCGTCTCTAAGCTTTTTGATAATCTCAAAAACCTCAAGAACCAATTTAGGGGCAAGCCCCAAACTGGGTTCATCCAATATCAAAAGCTCTGGACACGCCATAAGCCCCCTGCCCAAGGCAACCATCTGCTGCTCACCACCAGACATCGTTCCTGCTTTCTGATACAACCTTTCCTTCAGCCTCGGAAAGAGATTCAACACAAAATCCAAGCTTTCCTTAAACTTAGCTCTAGCTCTCTTGTTAAATGCCCCCATCTCAAGATTCTCGTACACAGTCATCTCGGGAAAGAGCATCCTACCTTCAGGCACCATCACAAGGCCCATGTCAGCTCTTTTATAAGCTGGAACATCTGTAATATCCTCTCCGTTAAACCAGATCTTCCCTTCCCAAACAGGAAGGATACCCGTAATGGCTCTGAGAAGCGTGGTTTTACCCGAACCATTGGAGCCAATGATGGTTGTGAGTTGCCCTTTTTTTGCCTGTATTGATACTCCCCAGAGTATTTGCACCTCTCCGTATCCAGTGCTTAAATTTTCCACTCTCAAAACAACCTCGGACATCAGGCAGAACCCTCCTTCTTAACAAGTTTCAGCGCAAGATCAGGATCGCCGAGATAAGCCTCTATTACCTTCGGATCCTTAGAAACCTGTTCGGGAGTTCCTTCAGCTATCTTTTTACCATAATCAAGCACTATAATTCTATCGGAAACCTTCATAATAGCGTGCATAAGATGCTCTATCATCAAAATGGTAATTCCACTCTTTTTTATACCCAGTATAACCTCAAGCATCTCGTCCACTTCCGTAGGATTCAAACCAGCCAGCACTTCATCCAACAGGATTACTTCAGGCTGAGAAGCTAGAGCCCTTGCCAATTCCAACCTCTTTTTCTCCGGCACATTCAACTTGCCTGCAAGCACGTCAGCTTTATCCGCTAACCCAACTCTTTCCAAAACCTCTTCTGCTATACGAGCAGCCTCCTTTAGATTGGCGTTGGCCTTACCGAAACAGGCCCCCACCATAACATTCTCCAACACTGTGAGTTCGCTCAGAGGCTTAACAATCTGGTGTGTTCTTGCTATCCCAAGACGTGCCCTTTTATATGCAGGCATCTTGGTTATCTCTGTACCCTTAAAGAAAATCCTACCCTTCTCAGGATAGTAAACACCACTGATACAATTGAACAGAGTGGTCTTTCCCGCTCCATTGGGACCAATAACACCGAAAATCTCGCCCTCTTTCACCTCAAAGCTAACCTCATTTACAGCAACCAGACCACCAAATATTTTGGTAACCTCTTCAGCCTTCAGGATCATTCCAAAACTCCTCTAAGCTTTTTGAATTTATCCCTCAAATAGCCCACAAGACCACCAGGAGCAAAGAGCACTATGACCAGCAAAATTACCCCAGCTATAGCCATGTGCAGGTTTTTGAAAAGGGGATTCACAAGCAACATTCCTTTCAGTCTCTCGTAAATCAGCGCACCCAACACAGGACCAGAAACAGTACCGTATCCACCCAACATTACCATAAAGATCATCTCAATGGACTTCACAAGGTGAAATGCATCCTCAGGCTCTATATTACCTGATTTAAAGAAAAAGATAGCACCCACTAAACCCGGGAAAAAGGCCGAGTATGCATAGGCAAGACTTTTGAACCTCTTTGTATTCACTCCAAGAACATAAGCCGCATCCTCATCCTCTCTAATGGAAAAGAGCCCCAACCCGAATTTGGAGGTCTTTATAAGATAGGCAACGATGATGGTAACGAGGGTCACCACCACCATTACATAATAGGCAAACCATATAGCCTTGGCAGCTCCTCCGTAGGTTCTGTATATCCTAAAGTTAAAAAACAAACCCGTAGCACCGCCCAAAAAGGAAAGATTGGTCACTAAGGACTTGATGGCTTCGTTTACACCAATAGTAGCGATTGCAAAGATGGCACCTCTAAGTCTCAAGACCGCCTCACCAATGGCAAGGGCTATCAGCGCAGAGACAATCCCCCCGGCAAGCATGGCAGGGATGAGGTGAACACCAAACCTATACATAAGATAAAAAGAAGTATAACCCCCTATGCCGTAAAAGACTATATGGCCAAAGCTCACATACCCCGTGTAACCCATTATAATGTTGAGACTGACCGCAAGGGTAACGTACATCAACATAATAAAAACGGTTTCTCGAGCAATAACCGACTTCATTAAGATTGGATACAACGAAACTACCAATACAAAAGGAATCAACCAGAAAAGTGTATACCCCCTCTTCATATCCTCACTCCTTACCAAGAAGACCAGATGGTTTCACAAGAAGGATGATCACAAGGATCAAAAACTCTAAAAAGGGAACATACCCCACAGGCAACTTCAAAGTTAACACATTCTCCAAAAGCCCCAGTACTAAACCGCCCACAAGGGCCCCCAAGGGGCTGCCCAAACCACCAAGCACACATATCACAAAGCTTTTAAGCTCATAAACCCCACCAGAAAGAATGGTGAAGGGAAAAACAGATGCAATCAATCCACCAGCCACCATGGCAAGTGCTATCCCGATGCCAAAAGAGAGAGAAAGGATGAAATTAGTGTTAATACCCATAAACTCAGCCGCGGTTCTGTTCATTGAAACAGCTCTTATAGCCTTGCCCGTCCACGTCTTGTAGAGAAAGAGATAAAGCAAAAGAGTGAAGATCAAGGAATAGACACCTGTCAAAATTTTTGGAGCTGGAATATAAGCACCAAAAAGCTTTATAGAGCCCATTCCAAGATC
NZ_AP013035.1_gap39	1682474	1683556	1082	TTTTCCGCCAAATAGTAGGCCAATGAAGCGCTTGAAGTGGTTTTACCTACTCCACCTTTACCCAAAAAGATAAAAACTTTACTCATATGTCCGCAATCTCAAACCAATAAGCTGCTGTATCGTCCACGTACCTTGATCTTGAAAGTGCTATTATCATTTCCCTCTCAAGATACGGCAAAAGAGAAAGCCCCACAAAAGACGGAGGTGCCGGCAATCCAATAAAAGAACCAAGGAGCAGGAGGGCATAGGTACCCTCCAACTCCTTAAGTTCCTGCTCTATTACGTCAACTCCGCTATCCTCAATACCAGATAGTATCCCCTTAAAAAAGCGCTTCAAAACCTCACTTAGTCTCATAGGCCTCTACAGCATCTCCTTTGGAGGTGAAGTAGTCCAGTATCAAAATGAGATTTAGCAGTAGCATAATGAGAACAACAGCAGCGATTATATATCCCTGAACAGGGCTCTTATTAACAAATACAGGCACAGCCTTTAAAAGATACCATATGAGAGCAGCTGAAACAGTTACCCATAAAAAGAGAGCTGGGATAAGAACAGCTATACCCTGCTTTCTCTGAACCCTTATAACCCATGCAGCAGCGGTGAGCATAGCTATAGAAGCAAGCATCTGGTTAGCACCACTAAAAGCAGGCCACACAACGTGCCAAGCCCCACTCCACGCCAGATAGATACCCAAAGCAGCAGGTACCACTGAAGCCACCCATCTGTTGGTGAAAAAGTTGTACACCGCGGGCAGAGCTTTCTCTATAGGCTCAAGTAATTCGGCAAAAGTGTACCTCGCAAGCCTATTAGTAGTATCAAGAGTGGTCATGGCAAAGGAAGCGATCCACATGGAAGCAAGAATCACCATAAACTGCAAGGGAAGCCCCAACACATTATGCACAGTGGCTCCATAGGATTTAGCAAAGAATCCTGCAGGGCCACCCAGCTGCTTCTCTGCAGCCAATATATTTGCAGCAAATCCGGAAGGAGTGGTCATTTTAGCAGCCAGCTCTTTGGGTACCAGGCTCAAGCCGTAGGCTCCAATACATGCAACCACTATGGTGGAGAGGAATCCCTCTGC
NZ_AP013035.1_gap40	1684560	1685305	745	GAATGCGAAAGAACCAATATTTGAAATTGTTATAGAACTAACCCGAATAAAAGGCAAGAGCCTCAGACAGGGCTTCCACCACCCTTATCTGATCCTCTACTGTAAGGTATGGATGAAAAGGCAAGCTGAGCACCTGTTGAGACGCTGTTTCAGAAACTGGGAGGCTTCCTGATTTATAACCGAGATAAGAAAAGGCCTCCTGATAAGGAACTGGAATAGGGTAATGAATAGAGGTAGGTATTCCATTTTCATTGAGAAACTGGGCCACCTTATCCCTATTAGAAACCTTAATGGTATATTGAGCATAAACAGATATGTTGTAATCCTTAACCACAGGTGGCTCTATTCCCTTCTCCTTTAATAATGCATCATAGCGTCCAGCCACCACCTGTCTTAGCTCTATCTCCTCAGGGTAAATCTTCAGCTTTTCCCTGAGTATAGCCGCCTGCATAGCGTCCAACCTTCCGTTAATGCCAATGTACTTGTGGACATATCTTTTTACCTGGCCATGGTTTCTTAAGGATCTTATCTTTTCAGCCAAAGTATCACTATTGGTGAAAATACAGCCTCCATCCCCATAGCAGCCCAACGGCTTTGCCGGGAAAAAGGAAGTAGCGGAAAGATGGGCTATACTACAGGATTTTCTGCCTTTATGTTCCGCCCCCAGTGATTGGGCTGCGTCTTCTATAAGATAGATACCCTTGCTTCCACAGATATTCATCAATTCATCAAGTTCGGCACACTG
NZ_AP013035.1_gap41	1816170	1816670	500	CCGTCAGTGTTACCAAAACAAACCTTCGGTTAGCCCACTGAGGATGAGGTATTATCAAATCTTCTCTCTCAAAAGGGCCACCCTCCCACCATATTATATCCACATCCAGTATCCTCGGACCCCATCTGTAGGTGGTTTCTCTTCCAACCAACGCCTCAACCCTTTTGCAGAGCCGCAAAAGAGTAGGCGGATCACCTTCAAAATCCACAAGTGCAGACACGTTGACAAACCACCCCTGAGGTGGGCCAACAGGCTCTGTCAAATATACACCGGACAATTTTTTGATAAACATGGTTTTGGAAAAAATCTGCAGCGCTCTAAATATATTAAAAATACGGCTTCCAAGATTGGACCCAAAACCCAGCACAAATCTCGCCATTGATGCCTCCAGGCATATTTGATATAAGAGTTACACCTTGAAATCCACATTTAATGTTTGTGGAAAAATCTGTGGAAAACTAAGCAAGGTTTTTCCTTGTTTTGAATTTAACTTACTAAAA
