gap_id	start	end	length	sequence
NZ_AP025585.1_gap1	119031	123087	4056	TCGATGGGCAGAACGCCGTACCGGCACAGTCCCTGCTCGACGGCGGCGAAGACATTTTCGAAGTACTGAAAGTACATGATGCTGCCCGAGGGGAAAATGCGCTCGCAGGCCATCTGCGAGTTCGCGCCCTCCGCGCCCTGACAGGCGACCGTAGGACGGATGGGGAACTGCGCCGGCGTGTTGGCCAGCGCCAGCGAGATCTGCCGCTTGAGCGGCGAGCCGCCGGCGATGATGCGGTGCTGCTCGGAGCGGCTCAGGTCGAAGACCAGCGAAAACAGCGCGTCCATGGACGGCGCCAGCTCTTCGCCGACCGAGTCGGCCAGATCGTTGAGCTTTTGGCGTTCGCGGGCGGGATCGTAGATGGGAATGTTGTTTTTGGCCTTGTAGGCGGCGATGTCGCGCACGACGGCGAAGCGCCGCGTGATCAGGTCGACCAGGCCGCGGTCGATCTCGTCGATCTGGGTGCGAAAATCTTTCATGTCCATTTTTCATTCGGCTCCTTTGAGCGGTTCGTAGTTTCCCGGAAGCAGGGCGTCGCAGAGGGCGACGGCGGCCGCCGCTTCGACGGCGGGAACGGCGCGCACGGCCACGCAGGGATCGTGACGGCCTTTGATATTCAGTTCCGTGAGCTGCATGGTTCTGAGACTGAGGGTCCTCTGCGCGCGGGCGATGGAAGGCGTCGGCTTGAAGGCGGCGCGGAAAACCAGCGGCATGCCCGTGGAAATGCCGCCGAGAATGCCGCCGGCGTGGTTCGTGGCCGTGATCACGGCGCCGTCTTCGCACACGAACGGGTCGTTGTGCTCGCTGCCCCTCATGGCCGCGGCCGCGAAACCGCTGCCGAATTCCACGCCCTTGACGGCGGGAATGCCGAAGACCAGCGAGGCGATCCCGCTTTCGAGCCCGCCGAAGATCGGCTCGCCGAGCCCCGCCGGCAGGCCGACGGCGGCGCATTCGACCACGCCGCCGAGCGAATCCCCCTCCGCGCGGGCGGCCTCGATCGCCGCGGCCATGCGCGCCCCGGCGGCCGCGTCGAGCACCGTCAGCGGCGAGAAGAAGCGCGCGTTGAAGTCGGCCCGGGAGACGGACGCAGGATCGAACGCGCGGTCCTCCACGCCGCCGACGCTTTTGAGATGCGCGCCGACGAAAATCCCCCGCGCCTCGAGGATTTGCAGACAAACGCCGCCGGCAGCGGTCAGCGGCGCCGTGAGCCGGCCGGAAAAATGGCCGCCGCCCGAGGCGTCCTGAAAGCCGCCGTATTTGACGGAACTCGTGTAGTCGGCATGCCCCGGCCGCGGCACGTCCCGAAACTCGGAATAATCGCCGGAACGCGCGTCGGCGTTGCGGATGATCAGGCAGAGCGGAGAACCGCACAGCCGCCCGCCGGCGATCCCCGAAAGGAACTCGATCCGGTCGCCCTCGCGGCGCGGCGTCGCCAGCGGGCCGCCGGGCGCGCGGCGTTTCATGAAAGAGTCCAGCCGCTCCATGTCCACGCGGAACCCTGCCGGCAGCCCCTCGATCACGGCGCCGACGGCGGCCGAATGGGACTGTCCGAAGATGGAAAGGCGGATGCGCTTGCCGCAGCTTGAACTCATGATCATGCCTCCGTTCTGACGACGCCGCCGAGCGCGGCGAAGTCGTCGAAAAAGCCCGGATAGGACTTGTCCACCGCTTCCGCGCCCGTGATCGTGACCGTTTCCGAACACAGCACCGAGGCGGCCGCGCCCAGCATGGCGATGCGGTGATCGCCGCAGGCGTCGACGATGCCGCCGCGCAGAGAGCCGCACCCGTCGATAAGGATGCAGTTGCCGTCGGGCACCGCGTGTCCCCCCAGGGCGTTCAGCGCGCCGCAGACCGAGGCGACGCGGTCGCTCTCTTTGAGCCGCAGCCGTCCGACGTTCGCAATCGCCGTGCGCCCCTTGACCGCCGCCGCGGCGACGGCCAGAGCGGGCACCAGATCGGGCGTGTCGCCCACGTCGATACATGTTTCGCGCAGCTTTGCCGGCGCCGCCGCGATGGAATCGCCGGCGATCGAGATCTCGGCGCCCATGCGTCGCAGAAGCTCCGCCACGACGCTGTCGCCCTGCAATGACGGCCGCGTCAGCCCCGTGACGGCGAGCTTTGCGCCGGCGGCCCCGGCGCAAAGCCAGAAAGCCGCGTTGGACCAATCGCCTTCGGCTCTCAGCTTGGCAGGGGTGACGTATCGCTGCGCGCCGGAGACGGAGAACCTGTCGGCGGAACGGCCGACGGCGATACCGAAAGCGGCCAGCGCCGCCAGCGTCATGTCGACGTAGCCGGCCGATTCCAATCGGTCGGCGATGAGGACGCGGCTGCTGCCTTCGAGCAGCGGCAGCGCAAAGAGCAGTCCCGTGAAAAACTGCGACGACACCGTGCCGGGCAGACGGTACCGGCCGGCCGTCAGCCGCCCTTCGACGACGGGGTGATCCGTTCCCTTGCCGGTGATGACGGCGCCATGCCGCTCCATTTCGTTCCACAGATCGTCCATCGGCCGCGACGGCAGTTTGCCGTGCAGCGTGAAGCGCGCCTTTCGCCCCAACGCGGCCGCCAGCGGCGTCATGAAACGGTACGTGGAGCCGCTTTCCCCCGGGTCGAGTTCGACTGCGCCGCTCGCGTTCCGGTCCAGCGGCGTGACGGCGATGGCGCTTCCGTCGACGGCGATCTCGGCTCCCAGCGCCCTGAGGCAGCGTATTGTGGCTTCGATGTCCTGCGAGACGACGCGGCAGGGCAGCGCCGCCGGACGGTCGCCCAGCGCGGCGCAGATCAGCAGACGGTGGACGTGCGACTTCGAAGGAATGGCGGCGATTGTGCCGCTCAGCTTGCGGGGCGTGATGGTGACGATCATGCCGTGACAACCTCCGTTTCGTCCGCGGACAGGGCTTCGAGCCCGTCCGCGAGGAACGCGCGCGCCTCTTCGAGCATGACCTTGCGCCGCTCCACGCTGCCGATGCCGCGGGGAAGCACGAGCGTGACCGTGTCGGAAGCGCGCTTTTTGTCGGCGAGCATGCCCGCGAAAAGTTCGTCGGCTTCGAACCGGGTCGTCTGCGGCAGGCCGCGCCGCCGCAGGGCGCCGGACAGCTGGACGAGCGTCTCCGGCGCGCAGATGCCGCGTTTGGCGCAGGCGGCGGTGATGATCATCATGCCGATGGCGACGCAAAAACCGTGCGGGATCGAAAAGCCGCTGCACTTTTCCACGGCGTGGCCGAACGTGTGCCCGAAGTTGAGGATCTGACGCAGTCCCATCTCCTTCTCGTCGCGGCGCACTACGTCGCGTTTGATCTCCACGCAGCGGTGCACGATTTCGGCGATCTCGGCGGCGCCGACGTCGGGCTTGCGCGCCGCGTCGAAGAGTTTGGCGTCGCGGATCATGCCCGTCTTGACGATCTCGCCGAAGCCGTTGGCCAGCTGCTCTTTCGGCAGCGTCGCCAGCGTTTCCGTGTCGTAGAGCACCAGATCGGGCTGGTAGAAGGTTCCGACCAGGTTTTTGCCCGTCTCGAGGTCGATGGCCGTCTTGCCGCCCACCGATGAGTCGACCGCGGCCAGCAGCGACGTCGGCAGCTGTACGAGGCCGATGCCGCGCATATACAGCGAGGCCGCCAGCCCGCCCAAATCGCCGACGACCCCGCCGCCGAGGGCGAAGAGCGTGTCGCTGCGGATCATGCGCAGGACGGCCATGCGGTTGAGCAGGTCGAGGAGCGAACGCATGTTTTTGTTCCGCTCGCCGGCGGGAACGACGTGCAGAGCCGGCCGGAAGCCGGCGTGTTCCAGCGAGTCGGCGACGCGCCGCGCGTAGAGCGGCGCCACGTTGGCGTCGGAGACGATCAGCGCCTGCCCGGCGCCGCGCAGAGGCGCGGCGATCTCGCCGGCGGCGCTGAGCAGATCGGCGCCGGTGTGCACGTAGTACTTCTTCGAGGGCGTGGAAACTGTGACGCTGTTCATTTATCCGTCCACCTCTTCCTTTCTCCGGCGTCCCTCTTCGAGCAGCCGCCAGAGCCGTTTTTCGTCGCCGGCGGCGATGGCGTCGCGATACTGCCGCAGCTC
NZ_AP025585.1_gap2	166403	168775	2372	CAGATGCATTTCGATTTTCAGGTGGAGGATCTGCCGGAGGCGGTGAAAAAGGCCGAAGCGCTGGGCGCGGTCAAAGCCGCGGCGCAGTTCGGCGGCGGCCAGTTCGTGACCCTGTTCAACCCGCCCGGACACCCGTTTTGCCTGTGCCGGAAATGAGTCTGACGTCAAAGAGGGAAAATAATATTCGATGCGAACCCGGTTTCCGCAATGATCCGCAGGAAATGTTCCACGTGGAACATTTTGCGTCGAAAAAAACGGGCATTTTGACGTCGCGGCTTTTCGGCGGCGCCTCCGCGCCCTTCGCTCTGGTATCGTGAGACGATCTTTTCTGGTTCGCGCCCCTTGTGCCAAAGGAAGTGCTGCTGATGAATTCAATGAAATGGCTTATGGCCGGGGCCATGCTGATCTTCGGTTCCATCGGCCTGTTCGCGCGCCGCGTCCCGCTTTCGTCGGCGCAGATCTCGCTGCTGCGCGCCGCCGTCGGCGGCCTTTGTCTGCTCGCCGCGGCGGCGGGCAACGGGCTCTCGTGGAAAAGGATCCGCGCTAACGCCAGATACCTGCTCATGGCCGGCGCTTTTATAGGCATGAACTTGATCTTGTTCTTCGAGGCGTTCCGCTGGACGTCGATCGCCACGGGCACGGTCTGTTATTATCTGGCCCCCGTGTTCATGCTCTGTCTTGCGCCGTGGCTGCTGCGCGAAAAATTGGCAAGGCGTACGGTCCTCTGCGTCTTCGTCTCGCTGTGCGGTCTGGCCTGCGTCGTGGGGGGCAGCGGCGGCGCGGGGAGGAACGACCTGCTCGGCATTGCCTGCGGCGTCGGCGCGGCCGTCTTCTACGCCTGCGCGGTCATGGCCAACAAATTCCTGCGCGGCGTCACGCCGTACGAGTCCACTGCAGCCGAGCTGCTGCTCGCGGCCACTTTTCTCGCTCCCTACGTGCTTGTCAAGGGGGGCGTCCCGCTGGCCGGTTTGGACGGCGCGGGCTGGTTCTGCCTGGCGGCGCTGTGCCTGATTCACACCGGGCTGGCTTATCTGATGTACTTCACGGCGTTGCGCCGCCTGCCCGCCCAGACCACGGCGGCGCTGAGCTACATCGATCCGCTCTCGGCGATCCTCATGAGCTGGCTGATCCTCGGCGAGTCGATGACGCCGCTGCAACTCGCCGGCGGCGCCCTGATCCTCGGCGCGACGTTCCTGAACGAAATGAAAAAGGATTAACGCACAAAGTCCCCGCTTCCAAACGGAAGCGGGGACTTTGTGCGCGCTGCGCGCTATTGATCGAGGAACGCCCAGGCGCACGCGGCTTCGAAGGCCGCGCCTTTGCGGAGTTGGGATTCGTCGATGGTGAACTTGCAGTGGTGGTGCGGCCAGTCGGTTCCCTTGGCGGCGTCGCCGCAGCCAATGAAGAAGAATGCGCCGGGGACTTTTTCGAGGTAGAAGCTGAAGTCTTCTCCGCCCATGGTCGGCGGCACTTCACGCACCATGTCGGCGCCGAAGATTTCGCGGCCGGTTTCCGCGCCCAGATGCGCCATGGCCGGATCGTTGGCGGTGGGCGGCAGGTTGCGGCGGTAATCCAATTCCGCCGTACAGCGGAAGGCCGCGCCGATGTTCTCGGCCATGCGGCGGATGAACGCCTCGCAGTCGCGGCTGATCTGCGGTTCGAAGGAGCGGGCCGTGCCGATCAGCTCCGCTTCCGAAGGGATGACGTTGAACGCTCCGCCGGCTTTCATGACCCCGGCGGAGAGTACGGCGCTCTTGAGCGGGTCGAGCTCGCGGCTGACGAAAGTTTGCAGCGCGCAGATCAGCTGCGCCGCCGCCACGGTGGGGTCGTGCGTCTGGTGGGGCGAAGCGCCGTGCCCGCCTTGTCCGTGCAGCTTCACCGTCCACGAGTCGGAGCAGGCCATCATCGGCCCGGCGCGCCAGCCCAGCACGCCCGGCGGCAGCGGGCTCCACAGGTGCACGCCGAAGATCGCGTCCACGCCGTCGAGCGCGCGCCCGTCCTCCACCACAGCCCGCGCCCCCTGCACGAACTCGGCCGACTCTTCCGAGGGCTGGAAGATTAGCCGCACCGAACCATGCAGCTGCGTCTTCACTTCGCAGAGCATCCGCACCGCGCCCAGCAGCATGGCCATGTGGCCGTCGTGCCCGCAGGCGTGCATGACGCCGAGATGCCGTGAGGAAAACGGCAGCCCCGTTTCTTCCGCGATCGGCAGCGCGTCGATGTCGGCGCGCAGGGCGACCCGCCGCCCCGGGAGTCCGCCCGCGATGTCGGCGATGACGCCGGTGGGACGGCCGCGCGTGCCAACGGCCACGTTTTCGCAGCCCATCTCCGTCAGCGCCGCGGCGATGTAATCGCTGGTCTTCACTTCGTCG
NZ_AP025585.1_gap3	361762	365603	3841	ACTTGTGCAGGTTGAAGTGGCACAGGTCGAAGCCGGCCTCGCGGGCGCGGGCGATGCCGAAGGTGCCGTTGGCGTTGGCCTGATCGTAGGCGCACAATCCGCCGGCCCGATGGACGAGATCGACGAATTCGGTGATGCGCTCGTTGTAGATGCCGGTGTCTTCCGGGTTGGTGATCAACAGCCCGGCGGTGCGCGGCGAGACGGCGCTCCTGAGCGCTTCGAAGTCGGGCGTGCCGTCGGGGCCGGGCGTGAGCGTGATCACTTTGTAGCCGAGCGTGGCGGCCGCGCCGGGGTTGGCGGGGTGGGAGAGGATGGTGGTGATGATCTCGTCGCGCTGCGTTCCCTCGCCGCGCGACTCGTGCCAGGCGCGGATCACGGCGACATTGGCGTAGATGGCCTGGCTGCCGCCGGCGGGCGTCAGGCAGAAGGCGTCCATGCCGGAGATGGCTTTGAGGTATTCGCCCGTGTCGTAAATGATTTTCAGGATCCCCTGCAGCGTGTCCTCGTCCTGGCAGGGATGAAGCTCCGCGAACTGCGGCGAACGCACGAACTGTTCGTGAATCTTGGGGTTGTACTTCATCGTGCAGGTGCCAAGGCCGATGTCGGCGTTCAAATCGGCGCCGACGGTCTCCTGCGAGAGGCGCAGATAGTGCCTCAGCAGCTGCATCTGCGAGATCTCGGGCAGCCGCGGCGCACTTTTGCGCTTCAGCGCCTCCGGGATTAACGACGCGGCGGGGCCGGCGGCCGCGGCGACCTTGGCCTCGGTTTTCGGCACGAGGATGCCGCGCTCGCCCGGAGCGCCCAGCTCCATGATGATCGGTTCGTTCCAGCGGGCTTCGTGAAAGACGGCTTTTTTCATGAACGTTCGCCTCCGGCGATTTCCGCCAGCGCTGCGGCGAGGCGGTCGATCTGCGCCGCCGTCACCGTTTCCGTGACGGCGTAGAGCGCGCTCTGTCCGTACTGCGGGAAATTGCGGCTCAGGTCCTTGCCGCCGAAAATGCCGCGCGCGAGCAGCTCTTTGTTGACCTGCGCCGCGGTTTTGCCCGCGGCGTCGAAGTTGACGGCGAACTCCTGAAACACGGCGCCGCCGAAGATGTGGACGCGCAGGCCGGGCAGCGGCGACAGCGTTTTGATCGCGTAAGCGGCGCGCTGCATGATCGTCTCGCCCAACTCCTTCATGCCCAGCGGCCCCATGGAGGCGAGGTAGACGCCGGCGACGATCGCCCACAGCCCCGACTCGGTGCCGAAATATTCGCGCGCCTTTTCGCGGCTGCCGTGCGAGCAGCGCGAAAGCAGCGCCCGCCCCCAGCCGAAAGCGTTCGGGTCGGCGGTGGGCGCCAGCCCGTAAAGGTACGTCGGCAGCTCTTCGACGAAGCGGGAATCCTGCGGCCCGGCGATGAAGCCGCCGCAGCCGCCGCCCAGCTGCAGGTGCATGCCCAGCGGCTGGATCTCGCCGCAGACGAAATCCGCGCCGTAGTTCATGGGCGATTCGAGCGCGCCCAGCGAAGCGACCTCCGGCATCACGACGCACAGCGCCCCCGCTTCGTGCGCCAGCGCCGCGATGCGCCGCGGCTCTTCCTCGAGAAAGCCGAGATAGGACGGATTTTCGAAAAACACGACGGCCGTCCGGGACGACAGTTTTGCTTTCAGGTCGGACAGGTCCATGCGCCCCGTTTCTCGGTCGGCTTTTACCGGCGTCACGCTTCCCGCGCTGCGGCAATACGTGCGCGCCTGCGAAAGTATCTCGGGATTCATCGTCTCCGGAACCAGCGCCTCGGTTCGCCCCGTCATGCGCATCGCCATGCGCAGCGACGAGCACACGGCCTGCCCGCCGTCGTACGTCGTATAGCTGACCACGTCGGCGTCGAGCAGCTCGCCCATCATGCTGGCGTATTCGAAGATGGCCTGCATCTTGCCGTGATCGGAGTAGGTGTCGCCGCAGTAAGCGGTGAGGAACTCGGCGCGATTGGCGATCTCGTCGCAGAGCGCCGGCACGTGGTGGCGGTAACAGCCCGCGCCGAGAAAGCTGACCGCGTCGGCGCAGCTGACGTTTTGACTCAACAGACCCAGCACATGATCGGCCAGCTCCGCTTCGCTCCCGATGGCCTCGGGCAGGCCGAGACGGCCTTTAAACAGAAGTCTGTCGGGAATGATGCTCCTGTAAATTTCCTCGACCGACGAAATCCCCAGCTCCTTCAGCATCGCCGCCCTGACCGCGGGCACGCCGTTGGGCATGTAAGGATGAACGAACGTTTTCTCCGTCATGATCGCACCTCCCTTGAACGACGCCATTATTTTCAACCTTCCCGCAGAGGGAAGGTCAAGGGGAAGTTGGAGGAGAACAAACAAAAAAAGGCCTCCCGCATTTACGGCAAACGGACCGTTTTGCCGTAAATGCGGGAGGCATTAGATTCTCTTTAAGTGGCGTCAGGGAAAGCGGAGGCTAATAGTTAAGCGTAGAGTCCGTTTCGTATTCCCATTTATCGGTAAAAACATATTGATTGCTGACCCAGACAGGTTTCCCCTGGTTGTCGGAAAGGAAACGACGAACTCTTAGAACCGGAGTGTGCTCCGGTATCTTTAAATAATCGGTTATTCTCTTGGGGGGCGTTCGAACAGCAAGTTTTTCATGAACTTTGCTGAGCATTGTGTTGAATTTTGATGCCAATATTTCTTTCATTGAAATAAAATCTTTTGCAGATTGAAAGACGGAAAGATCAAAACGAGGCAATAAGTAGTGTTCAAAAATAAAAACGGGAGTTTCTTCAATGCATTGGCTGCGAACCAAATAAGTTGCCTGTTCTTGCTCCTTCAAATTTAAGAAATCTCGAATGGATTGGTCTTCTGGAACCTTAAGCGCCAGTTCTAAGGTTTTTGTTGAAAGCTTGTCCCAGTAACGCTCATAAACATTTACAAAACCTGTTGCTGTAAACCATGGACGAGTTCGCACCTGTTGTGTGACAAAGGTTCCTTTACCCTGCTGGCGGCTGATAAGTCCTTCGTTCTCCAGCGCGCCAAGCGCCTGTCTCACCGGCGCACGACTAGTTCCGTATATTTTCTCTAGATCGGATTCTCGTGGCAACATTGAACCGGGTTTATAAATACCTTCGCAGATTTTATATTGTAAATCTCGATAGATCTGATAATAAAGGGGGATAGTCATGTTGGCTTCCTTAAAATGAGTCTTCGTAATAATCTTACATGTATTATTATCAATTTAAAAGACGCTTTGTCAAGAGAAATATGTAAACGAAAAATATAATAATAGTAATTATTGATAGAAAATGTTAATATAGTTTTTGGGCGTTGCAAGGGAGTTCAGTCACTCAGAACTACCTTGCAACGCCCTCATGTTCAATTTTTTGATCAAGAAATACAAGAAATAATGAAATAATATAGAAGAGAAACATCGAAAAAGCTTTTCGTATAAAAAAAGCCCCACAGCAAGACGGTGACATTGCTGTGGGATATCGACCATATAGAGCTATTTAGCCGGCCATACGTAAGCGCCCGGCTGTCGGTTCTTGAGGCTTGGCAGCTGCTCGCGGATCTGATTTACGTAATCGGGGTCGATCTCGGCGTAAATGATCGTCTCGCGGTCTTCGGCGCAGGCGACCGTCACGCCCCACGGATTGATGATCATGGAACGGCCGTAAGCCTGAAACGCCGGCTTCTTGCCGATCTGGGCGGGAGCGACCACATAGCACTGATTCTCGATGGCGCGGGTTTTGAGAATGCATTCCCAGTGATCCTTGCCCGTAAACAGCGTGTAGTTGGCGGGCACGAACATCACCTTGGCGCCCTGAAGGGCCATAATGCGGTACATTTCGGGAAAACGCAT
NZ_AP025585.1_gap4	408300	409601	1301	CTCGGTGATCTGCGCCATCTCTTCGGTGCTGACGGGCACTTCGTGGGGCTCGGCCGCCACGTTCGGCGTGGCGCTGATGGGCATCGGCCACGGTCTCGGCATCAATGCCGCCGCCACCGCGGGCGCGGTCATCGCGGGCAGCTACTTCGGCGACAAGATCAGCCCCATTTCCGACACCACGGTCCTGGCGGCCGCGACCGCCGAGTGCGACATCATGGACCACATCAAGTCGATGATGTGGACGACGCTGCCGGCGTTCTGCATCGGCCTGGCGGTGTACGCCTACGTCGGCTCGTCCAGCGCCGACACGATGGACATGACCCGCATCAACGAGATCGTCGGCGCGATCGAGAAATCCTACAAGCTGACGCCGCTCGTGCTGATCCCCGCGGGCGTCATGCTGGTGCTGTCCTACATGGGCAAGCCGACGATCCCCGTGCTCTGGGCGTCGATGGTTTCGGCCATACCGTTCGCGATGATGCAGGGCCATTCGCTGCCCGCGATCGTCAAGATCATGGCCAGCGGCCCCAAGGCGGCGACGGGCGTCAAGGTGGTCGACAGCCTGCTTAGCCGCGGCGGACTTTCCTTCATGTCCGGCTCGGTCGTGGTCGTGTTCTTCGCCTACATCTTCGCCGGGCAGCTCGAGTGCACCGGCACGATCAAGGTGATCACCAACGCCATGCGCGAGCGTTTCATCAAGAGCAGCGTCGGCCGCTTGGTGTTCTCCACCTCGCTGACGGGCATCATTACCGCGCTCGGCACGGGCAACTCCTACCTGAGCATCATCATGCCCGGCATCATGTACCGCGATCCTTTCGACGAGTTCGGCATCCGCCGCAACGTGCTGTCCCGCACGCTCGAGGATTCCGGCACGGTGGTCGTGCCGCTGATCCCTTGGTCGGCCGCCGGCGTTTACATGGCGTCGGTGCTCGACGTGCCGGTGCTGGAGTATCTGCCCTGGACGATCATGTGCTACTCGGGCGCGGTGCTGGCCTGGATCTACGCGTTCTGCAACATCGCGATTTTCCGCAACAAGACTGCGGAAAGCAAATAATCGCGTTTTGGGACAGGAAATCGCAGACCGTACCGGCCTGCGATTTCTTTTCGTGAGGTTTTATGGATCGTTTGTTGCGAATCGAGGAAAAAAATAAATGCATAATCCGCTGCTTCTGAAGAATATCGACCTGTACGCGCCCGAGCACGTGGGCCTAACCGATCTGCTGATCCTTGGCGGCGCAATCGCCGCCGTGGAAAAAGGGCTCGACGTAAAGATCCCCGGTCTCGAGACGATCGACGCGGAG
NZ_AP025585.1_gap5	519319	521112	1793	TGCGCTTTCCCAAGTACGCGGCGTTCACCGGCGGCGAGATCGCCAAGCGGATCGCCGCGCTCAAACCCGATTTTATCGTCTCGCCGGCGCTGGGCGGCTTGATTATCGGCCACGAAGTGGCCCGCGCGCTGGATGTGCCCTTTTTGTTCTGCGAGCGCGAGGACGGCAGGATGAAGCTGCGCCGCTTCCCGATGCCCGCTGGCCGGCGTTTCGTCGCCGTCGAGGACGTGGTCACTACCGGCGGTTCCGTCAGGGAGACGGCCGAGCACATGGTCGCCGGCGGCTGCGTCTGGGCCGGCTCGGCCTGCATCGTCGACCGTTCCGGCGGCGCGCAGCAGCTCGGCCCCGATCTCGTTTCGCTCTTCAAGATCTCTTTCCCTACGTGGGAAGCCGACGACTGTCCGCTGTGCCGCGAACTGGGCACGCCGCCCGTCAAGCCCGGCAGCCGCCCCGGCTCGAAATAGAAAAAACGACCCTTTTACGAGAGGAGGCGACGCGGCGTTGAAATTGAAAGAAAAAGCCGTCGTGATGACGGCCGAAGACATGGAGCGCGCCCTGCGCCGCATGGGCAACGAGATCGTCGAACGCAACCACGGCGCCGGCGACCTCGTCATCATCGGCATTCAGCGCCGCGGCGTCTATCTGGCCGGACGCCTGCGCGAATTTCTGCGCACCTCCGAAGGCGTCAAGCTGCCTTTGGGCGAACTGGATATCACGCTATACCGTGACGACATCACGCTGCTCAGCGACCAGCCCGTCGTGCACAGCACGTCGATTCCCGTCGACATCAACGGCCGCCGGATCGTTCTCGTCGACGACGTGCTCTACACGGGGCGCACGATCCGCGCCGCGCTGGAGGCCATCGGCGACATCGGCCGCCCCGCCTGCGTGCAGCTGCTGATCCTCATCGACCGCGGCCACCGCGAACTGCCGATCCAGCCCGATTACCTCGGGCGGGCCGTCCCCACTTCGTCGCAGGAGATCGTGGACGTGCGCGTCAAAGAGCTGGACGGCGAGGACATCGCCGTGATCTGCGCCAAAGCCTAGCCATGCGCCGCCGAATCGTCCTCTGCGCCGCGGCGCTGTTGCTGGGGGCGCTGTCGGCCGCCGCCGCGGAAAAAACTCGCGTGCTCACGATCGACCCGATGACCGAATTGCTGTTTCAGTTCATCGGCGGTCCCTACGTGAGCACCGCATCCGGCGCGAGTTGGGACGACAGCGGCCGCCTGCGCGTCAGCCGCGCCGCCGTGATGGGAGGCGCGAACGCCGCGCTGCCGCTTTACGCGCTCGACCCGGCGCAGTATCTTGAGTTCATAACGGGCGCCCGCCGCGGCAAGAATCCGACCGCCGCCGAGCGAAACCGCGCCAATCTGCATTATCTTTATCCCGACGGCGTGAAACGCGGCGACGTCGACGCCTTTTACGGCGACCCCGCCAACATGCCGTTCACCGCGCAGCAGGTTACGAACGCCCTCAGCGAACTTGTCCCCGCGCGCTATGCCTATTTCCAGCGCCGTCTCGGCGAGTTCAACGCGCGCCTCCGTTCCGTGCTGATCACCGGGCGCCGCCTCATGACGGGCACGAAGGTGCTCTGTCTGAGCGAGCGGTACCGCCTCTTCTTCGCCGCTTTCGGCTGCGTCGTCAGCGTTCCGACCGAGGAGGAAATGCGGCGTATCCGCCAGATCAGCCAGGCCTCCAATTCGAAGTACATCGAAAACCTCGCCGCCGGACTGGCTGCCGGACGTCTTGTCGTCGTCGCTCATGATACCGATCCCCAGCTGCGCCGCGCCGTG
NZ_AP025585.1_gap6	552287	556995	4708	CGTCTCCCACGGCCCATACCGAGGGCAGCGAGGTTCTCTGCGTGGCGTCGACGACGATGCCGCGCTCGGTTTTCAGCCCCATGGCGCGCGCCAGATCGAGGCGCGGGCGTACGCCCGAGGCGAAGACGAGCGCATCGGCGGCGAGCGCGCCGCTGCGCAGCGTCAGCGTGCCGGGCGTCCAGCTCGTGACGGCATCGTTTAGATGGAGCTCGACGCCGCGTTCGCGCAGGCGGCATTCGACCGCCGCGGCCATGTCGGCGTCCAGCGCCGAAACGGCATGCGGTAGCGCTTCCACGGCGACGACGTCGACGCCGCGGTCGGAAAGGGCTTCGATGATCTCCAGGCCGACGGCTCCCGTGCCGACGACGGCCACTTTTTGGGAGCGCGCGGCCAGTTCGTCCAAAGCGCGAGCGTCGGCGGCGCCCCTAAGGACGTAAACGCCGTCGGCGAGGAACGAACGGTCGACGAGCCGGTCGCCGACGGCGACCATCAGGCCGGAAGCGTCGCCCTTTCCTTTTAAAATCCCTTCTGCCGGCGGCAGCCAGGGGACGGCGCCGGGAGCGAGGATCAGGTTTTCATAGGCGATCTGCGTCTCGCCCGCGGGGCCTGTGATCGTCGCGGTCTTTGCCGCCGCGTCGATTGCCGTCACGGAGCCGAAAACGACGTCTTTCATAGCATCGGGCGGCAGGCGTTTCTCGCGCGTCATGTCGACGACCGTCGCTTCGGGGCCGTCGGGGATCAGGCGGCGTCCCACGCCGTAGGGCAGGCTGCAGATGACCGTGGGTTCTTCGTTCATCACCATGACCGCCGGTTCCACGCCGAAACGGCGGGCTGTGATGTACGACACCCGGCCGCCGGGACCGCCCCCGACGATCAGAAGTTTTGCCGCGCGCGCGGCTGTTTTCTTCTCGGACATGTTCTCGTTCCTCCTTCGGGAAATGTGCCCACGTCCGCCGCGTCGCTGCCGGCGCGTTTTTCGGATGGGGAGTGTTTTCGCGTGATGGTTTCACTTTAACTGTGCGCCGGATTTCTTTCAGTGATAATGTCACACTTCTCCAAATTGAAATAACGGTGGTTGTTATTCATGTTTATTTTTGTTATACTTTATTCACGTTAAGCTTCGAATAGGCGCGGTTATAAGATTTGGGAAAATATATGACGCTGAGGGGTTGACAACGATGTCCGAGGCCACTATGCTGTCACAGCACAGCACAGCACAGCACAGCACAGCACAGCACAGCACAGCACAGCATAACTAGAACTGTTTCCTTCGATAGAGTGAAAAAGCCTCCGGAAGGCGGCGGAACGACCATGTTTTGTGGTCGTTCCGCCGCCTTCCGGAGGCTTTTTTTGTAAATGTACGTTTATATGACAAATTGAACGTTCTGCGAGGTAAAAGCTAACGTAAGGATTTCGTCGCGCGCTTTTTCGCTCGCGGGAGCAAACGGTTTTCTGGATTAGGAACTGTTCCGATCCTGGTTTTCAATTAAAAAGCGCGGTTGAAAATCGGGATCAGTTTACGGAAAGGGGCTTCCTCATTTGAGAATCATGGCCAGAGCCAAAGAGATCTACGATTACCGCGAGATGGTCTACAACCTCGTGCGGAGGGATCTGCACGGACGTTACAAGCGCTCTTTTCTGGGTTTCGCCTGGACTTTTTTGAATCCTCTCCTGCAGCTCATCGTCTATACGATCGTCTTTTCGACCATCATGCGCGCGGGGATCGACAAGTTTTATTTGTTCCTTTTCGTCGCCCTGATCCCGTGGACTTTCTTCAGCGCCTCGCTGACCGGCGGCTGCGGTTCTGTCCTGGCCCAGGGCGGCATGGTCAAAAAAATCTATTTTCCGCGCGAAGTCCTGCCCATCGCCTTTGTCACGACAAGCTTCGTCAACATGCTCTACTGTTTCGTCGTCGTGTTTGCCGTCGTCGCCGTATCGGGCGTCGGCTTCAACCTGCGCGCGCTCCTGTGCCTCCCGTTCGTCATGCTCGTCGAATACGTCATCTGCCTGGGAGTCGCCCTGCTGACGTCGGCCGTCACCGTTTACTGCCGCGACATGGAGTACATGCTCGGCATCGTTTCCATGCTGTGGATGTACCTCACTCCGGTCCTCTACCCGATCTCCATGGTGCCGCGGCGGTACCTGCCGCTTTTCATGCTCAACCCGATGACTCCCGTCATCACGGCCTATCGCGACATCCTTTACGCCGTGGAAGCTCCGGAACTTTCCACGCTGCTGCACTCGCTCGCGATGGGCGTCCTCGTTTTAGGCGTCGGCTGGTACGTCTTTGAAAAACTGCAACGCGGTTTTGCGGAGGAACTGTAACGATGAAAGCCATTCAGGTCCATGACGTCGCCAAACGATTCAAGATCTATTACGACCGAAATCGAACGCTGAAAGAACGCCTGCTCTTTCGCAAAAGGAACCGGTACGACGAACGCTGGGTGCTCAAAGACATCTCCTTCGACATCGAGCAGGGGGAAGCCGTCGGCCTCGTCGGCGAAAACGGCTGCGGCAAAAGCACCACGCTCAAGCTGCTCTCCCGCATCCTCTTTCCCGACCGCGGCACGATCGCCGTCAACGGCCGCGTCTCCTGCCTGATCGAGCTGGGCGCCGGCTTTCATCCCGACATGAACGGCATCGAGAACATCTACCTCAACGCCGCCATGTTCGGCGTCGGCCGCAAGGAAACGAGCAAACGCCTCGACCGGATCATCGCCTTTTCGGAACTGGAACCCTTCATCGAAAACCCCATACGCACCTATTCTTCGGGCATGTACATGCGCCTCGCCTTTTCCGTGGCGATCAACGTCGATGCCGACGTGCTGTTGATCGACGAGATCCTTGCCGTCGGCGACATGAACTTTCAGGAGAAATGTCTCGCCCACCTGCGCGAGATCAAGGAGCGCGGCGCCACCATCGTCATCGTCTCCCACTCGCTGGGACAGATCGAGGCCTTCTGCGACCGCTCCATCTGGATCGACGACGGACGCGTCCGGGCCGACGGCGCCCCGGCGGAGACCCACGCCCGGTATGCCGCGTTCATGAACGGCAAGAAATCCCAATAGAATTTTCCATATTAAATGACTCCGAGGGGAATGTCATGGGAAAAGAACACATGCGACAACCGCTCCGCATCCTTCAGGTCGTCGACAAGCTCACGCCCGACAGCGGCGTTGCCGGCGTTGTCATGCGCTATCACGACGCAATAGACAAAAAACAAATCGTCTTCGATTTTCTCGTGCATGAAGAGCCCGACCTCCGCATCAGACGCAGACTCGAAAAAGACGGCTCGAAGATCTTTGTCGCTCCGCCGCTGCGTCTCGCCGCGCTTGTTCCCTATCTTCGCTTCCTGAGACGCTTCTACGGAGAGCATCCCGAGTACGCGATCGTCCACGGTCATCTGCCCAACGCCGCGCCCTTTTATCTGGGCATGGCCCGCGCGATCGGCGTGCCCGTGCGCATCGTTCACTGCCACAACACCCGCAGCGGCGACACCGCCCCGAAGAGGATCAGGAACAGCCTGCTCTTCAAGCTGATCCCCTTGTGCGCCAACGTGCGCTGCGCCTGCTCGGAGGCCGCGGCCAAGTTCCTTTACGGCGGGCGCGGCGGGCGCGTCAAACGTCCTTATCATTTGGTCCGCAACGCTTTGCCGCTGGAACCGTACCGTTTCCGCCCCGATGTGCGGGAACGGGCCCGCGGCGAACTTGGCCTCGGCGCGGACCGCCTTGTGGTCGGCCACATCGGCCGCATGTGCCCGCAGAAAAACCAGGCCTTTCTGTTGAAAATCTTTGCCGCGTTTTACGCCAAACACAAGAACGCCGTGCTGATGCTGATCGGCGACGGCGAACTGCATGAAGCCCTTCGCCGCCAGGCCCGCGAACTCGTCCCCGAAGAAGCTGTCCTCTGGCTGGGCGTGCGAACTGACGTTCCCGCGCTCCTTCAGGCGATGGACGTTTTCGTCCTGCCCTCGCTTTACGAAGGTTTGCCCCTTGCCGCGCTCGAGGCTCAGGCGTCGGGCTTGCCCTGTCTTTTGTCGGCGAACATCACGGAAGAAGCCCGCATCGTCCCCGCCCTGGCGCAGTATATCAGCCTGCAAAAAACGCCCGCCGAGTGGGCCGCCCTGATCCAGCCCCGGCGCGAAAGAGCGTCCGACACCGGCCGCCTCTTTGCCGCCGCCGGCTACGACATCTTCACTGAAGCGGCAAAACTAGCAACACTGTACGAAAAACTTCACGAAGAACACTGCCGGCAGCGCCCGGCGGAGGAGCCCTTGCGGTAAATCAATAGCCCTCCTCCGCGACGCGAGAAATGACAACGACACATTCTATACTTCATCACTCAGATTGAATATTATTGTAAATTTAGGAGAGAGCTCCCGTGAGGCAGATTAAAATTTTTGTCACTCATTCCCCTAATCGCAATACAAAAGCCATTTGCCATCCTTTATTTGTAAACGTGATCGCAGGCAGCGACTTCCAAACAGAGCGCGTCCCCGACAATATGTTAAAAGATAACGTCGGAGATAATATTTCCTCGAAGAACAAATCGTACTGCGAACTTACGACGCAGTACTGGGCATGGAAAAACTGCACGGCTGATTACTATGGTTTCTGTCATTACCGGAGGTTTTTTTCGTTCAATGAGAACGAACTGCCTCAGGATGACTGGGGAGTCGCTGTGTATCCTGAAGTGAACGAAACGATGC
NZ_AP025585.1_gap7	562058	566182	4124	AGCTGATTTGGGAGCTTGTTGCTCACTGTCGTGTTGCTATCTGGAGATGCATTTATAAAACAGAAATGCTTAGAAAAGCCGGATTACATTTTTATACAGACCTGCGGCGTTTTGATGATCTTCCGTTTAAAATTGAAACATTTGCTGCCGCAAAGTCTGTTATCTCGGTTCCTGAATATTTGTACTATTATCGTTTAGCGAGACCGGGACAAGATGTTTCTGCTGATGATGAGCGTTTATATGTTCACTTTAGCATATTTAAACATCTTAACAATTCTATAGCTTCTCAAAATAATGCGCTTCTGACAGACTTGCTTCAGGTAAGTAAAATTCAAACTCATTTGTGGGCGCTAAGCAAAATAAAACCAGAATTTAAAAAACAATATCTTGTGCGTGCAAGGGAAGACCTTATGACTACAGGAAATCTTGAGAGAACCTATTTACTTGCAAAGGAACGATGTGGAAAAGAAATTGCAGAACGTTATAAGGCTGTAATGAAGGGGGACTATTATGGAACTACTGATTAAATCGCCGTTTGCTCACGTGAGATAGTATAATTAAGCTGTTCTAAAATAAAATAGTATTACCCAATGCAACGTAATTTATCATGAAAGACAAAGGCTGCTTCCTCTTCCAAAATGGGAAGAGGAGGCAGCCTTTGTACTTTTGTGGCAAGAGACCCGTTAGCCCCACTGGATCAGGCCCGTGTCGAACAGGTTGTCAAGGTCGGGGCTGTAGGCGAGGACGCGCAGGCCGTAGAGGTAGCGGCCGTTGTGGGTGGGCGTGTAGGCGCCCCGGTAGACGAGGCGTCCCTGGTCGTCGCCGCCGGTGCAGGTGAGCGCGAGCACGTCGGGTTTTTCGATGAAGTTGCGCTCGTCGCTGCGTCCGGCCACGAACTGGAGCTGCAGTTCTTCGGGTTTCATGGCGCCGGGCACGACATACGCGGTGACGCTGAGCGGATCGGTGCAGGCCACGGCGTTCTGCACGAGCCCCTGAACCTGGATCTGGTCGATGCGCACGCCGGCGAAGCGCGCTCCGACGTCGGCTTTCCATGCCGCGAGCGTGCGGGGCAGCAGGCGGTTTTGGGCGCGCATTTTCACGTGGCGCTGCGCGGCCGGCCGGTAACATTCTTCGAAGTACTGGCGCACCATGCGGGCGCTGCTGTACTGCGGGCTCAGCGTAGCGACGCTGTTTTTCATGCGCGCGATCCAGCCGTGGGGCAGTCCGTCGGCGTCGCGTTCGAAGTAGAGCGGCGTCACTTCGTCTTCCAGCAGCGCGTAGAGGCTTTCGGCGTCGGCGTAGTCGCTCTGCTCGGCGGGCGTGTCGTGGATGGATGTGACGCGCGGCCCGATGGTCCAGCCGTTGAGCCCGTTGTCGCCTTCGCACCACCAGCCGTCGGACACGCTCAGGTTGAGCGTGCCGTTGGGGGCCGCTTTCTGGCCGCTGGTGCCGCTGGCTTCGTAGGGGCGGCGCGGCGTGTTCAGCCACACGTCGCAGCCCTGCACCATGATTCTGGCGATGTCAAGGTTGTAGTTGGGGATGAAAAAGAGTTTGCCGAAGAGTTCGTTTCGGCTGGCGAGCACGACTTTCTGGATCAGGTCGTTGCCCTGCGTGTCGGCCGGATGGGCTTTGCCGGAAAAAACGAGGATCACGGGACGCCGGGCATCCGAGAGGATCTTCGTCAGCCGCGCCAGATCGGCGAGGACGAGCGTGGCGCGCTTGTAGGGCGCGAAACGGCGCGCGAAACCGATCACCAGCGGCTGCTGCTGCCATTCGGAAGAGGCCTTGTGGAACGCCTTGGGCGACGTCTTCTTGAGCAGCTCCAACAGGGCTTTTTTCTGCTCCTGCTTGGCCTGCCAGAAATCGACGTCGGCGATCTGTTCCACTTTTTGCCATTGCGGCGACTGCGGCGGCAACGCGCTCCAGTCCGTGCCCACCGCCGTTGCGAGCAGCGCCGCCGCGGGGCGCCCCGCAAAGCTGTTCAGGTGCACTCCGTTTGTGATGTAGCCGATGGGGATTTCTTCCGTGGGCACGCCTTTCCAGTTGAACTGCCACATGGCGCGCGACACGCTGCCATGGAGGCGGCTGACGCCGTTGCTGCGCATGGCGTGGTTCAGCGCCAGCAGCGTCAGCTCGAAATCGCCGGACGTTCCCGGACGGGTGCCCAGGTTCATCAGCTCGTCGCGGCTGACGCCGATGCGCCGCGCCAGCTCGTCGAAATAGCGGTGCATGAGTTCGGCGGAGAAACGTTCGTTGCCGGCGTCCACGGGCGTGTGAGTGGTGAAGACGCTGTCGCCGCGCACCACCTCGCGGGCGGCGGCGAAGCTGAGGCCGCGGGTCAGACAGAGGTGGCGGATGCGTTCCAGGATCATGAAGGCCGAGTGCCCTTCGTTCATGTGGTAGGCGCGCGGATGATACCCCAGCGCCGCCAGCGCGCGCGGTCCCCCCATGCCAAGCAGGATCTCCTGGCGGATGCGTGTGTCGCGGTCGGCCACGTAGAGGCGCTCGGTGATGCGGCGGTCTTCCTCGGTGTTCTTGGGCGTGTCGGTGTCGAGCAGATAGAGCGGCACGCGCCCGACCTGAACTTTCCAGACGCGGGCGAAAAGCGTGCGCCCCGGCAGGTCAAGCGACACGTAAAGGTGTTCGCCGGTCTTTTCGTTTTTGACGCGGCCGATGGGCAGCAGCCGGAAATTGTTCTCCGGATAAAGCGCCGTCTGGTGGCCGTCGGCAGCGATTTTCTGCTGGAAGTAACCGCATTTGTAAAGCAGCCCCACGGCGACCAGCGGGATGCGCAGGTCGCTGGCCGATTTGAGGTGATCGCCGGAAAGCACGCCGAGCCCGCCGGAGTAAATGGGCAGACTTTCGTGAATGCCGTACTCGGTCGAAAAGTAGGCGACGGGCGTCGTGGCCGTCAATTCGGGGACCGACGTGTCGAAAGGCGCCTTCATGTCGGCGTCGAATCGTTCCAGGGCGCGGCCGTAAAGCTGCACGTATCCTTCGTTCTGCGCCAGCTCGACAAAGCGGCTGTGATCAGTTTTCTCCAGCAGTTCGACGGCATTGTGACCGATTTTGTCCCACAGCGCCGGATCGACGCGGCGGAACAGCGGCTCGTATTCGGGATGCCACGTCCACCAGAGATTGTGGGCCAGTTCGCCGAGGCGGCTCAGCTTGTCCGGCAGCTTGACCGAGCTGGTGAAACCGTGCAGCAGCGGCGTCACCGACGGCGTGCCGGTGAAAACGCGCGTCAGGATCTCGTCGTCCATGCGCGAAACCGGCCGCGTGGCCACGCGCTGGCGGGCCTGATTCGCGGCGAGGGCGTAGGCGTCGTCGTAGTGCTGATAAAAGGTGGACCAGTCGGTCTTTTCGGCCAGCGCGCGGGCGGCGGCGCGGCGTTTCGCCAGCGTTTCCTCCGGCAGCGAAGCCAGCTCGCCCATCAACGAGGCCAGTTTTTTGACCGTCGTCTCGTAAGGCGCGTGGCTGCGTTCGAGGACGACGATGCCTTCGTTCTCGCCCTGCTCGCGCGCCCAAAGGCCGAAGCCCGCCAGATCGCTGGTGACGGTCGGCACGGCGTTGGCCGCGGCCTCCTGAGGCGTGTAGCCCCACGGCTCGTACCACGAGGGGAAGACCCCCGCGTCGCAAGCTGACAGCACCTCGTCGTAGGTCATACCGAAGAGGCCGTCCTGCCCGTCCAGCAAAGCGGGGTTGAGGACGACCTGCACGGCGTTTTCGGGACGGTTGTCCAGCCCAAGGCGGGCGCAGGAGTTCAGGATCGGGTCGTGGACCTTGTCGAACACCCGATGAGCCGTGAACCAGAAGGGCGCGTCGTCGGGTTTCTGGGCGGGATCGCCCGAGAGCGCCCGTTCGTCGGTGCCGTTGTGTCCGTTCATGACGGCGCACAGGGCGACGATGGGCGGTTCGCCCGCGGAACGCGAGCGGTTCAGCGCCGCGGCGGCGTCGAGAAACAGGTCGATGCCTTTGTTGCGGAACTCGTAACGCCCGGAGATGAGGAACAGGCGGCTGTTTTCCGGCAGCGTACGGCGCAGCAGCCGGGCGACGGCGGCGAGAATTTTCTTCTTGTTGGCGGCGGGCGCGGAACGGTCGCCGCTGTAATCGGGAATGGCGCT
NZ_AP025585.1_gap8	745815	750806	4991	CGACGCCGCCGTCGTCGACATTCTGCTGCGTTCCGGCGCGCAGATCGACCGCGGCGACCGCGGCGGCATGACCGCGCTGACGTACGCGCTCAAGCAGGTCGTGCCGTCGCCCGCCGTCGTGCGCCTCCTGCTGCTGGCAGGCGCGGACGCCGACCTCCGCGACAAAGACGGCTGGACGCCGTTGAAACTGGCCGTCGCCTACAACAAAACGACCGAAGCCGTCGAACTGCTCCTCGGCGCAGGCGCGCGCCCCGGCTGCGACGAAGCGGAACGGGAAACGCTGACGAGGCTGCTCCAGCAGAATCCGCTCATGAGCGACGCCGACAAGATCCGGCTGAGCAGCCGCCTGTCCCGTTTCTATTGTCTCGAAGATAAGGAGCCGTAAGGCGCTCTGCCCCGCTCGAGCGCGGCGGCGCGAGGAAAGACGACAGATCCGCGGCGTTCCGCAAACGCTCTATGGTAAAAACGCGGAAGCGCGGGGAACAAGGACGTTCCCTGCGCTTCCGCGTTTTTTGTCCGTTATTCGCGGTTCGCCGCTCGTTTATTCGCAGATCGCAAAGCAGCGCGCTGTAAAGCCGGCCCCGTCGACGACCTTGGGGAAGCCGCAGACGATCAGAGCGCCGGTCGGCGGAAGTTGGTCGAGATTGCGCAGCAGCTCGATTTGATAACGCTGCTGATCGAGAATGTAAGTTTCGCCTACGTATCCGAGCTTGGAAGAGATCGCCGGCGGATCGGTGTCGGAGGTCTCGTGCCCTATCGCCGTCACGTTCCGCTTTTCCACGAGGTACTTGATGGCGTCAAGTCCCCAGGCGGGGTAGTGTTTTTGTCCTTCCGCGTCATAGTTGTTCAGATCGTCGCGCTTGGACCAGTCCGTACGCAGGGCGACGAAGGAATGTGCCGGAATCTCTCCGTGTCGCGCTTCCCAGTCCGTGATGTCCTGTACGGTGGCGGCGTAATCCGCGTTGGCCGCCGCTTTGCCGCTGATGTCGACGACGCACAGAGGCAGAATCAGCTCGTCCGCGCCGATCTCGTTGAGCATGCGTCTGCCGGCGACGAAATGGGAGGGGGCGTCGACGTGAGTTCCGTACTGGCTCACCATGCAGAATTTGTTTACATAGAAGCCGTCGGAGTAGTTGAAGAGCGTTTCGCTGGTCATCGCCGGGAAGCCGGACCAGTGAGGGGTATCGGGAGATACGTCGTATGACAGCTCCACGAACCTGTAATTCTCTTTCAGGTCAGTGCATAACTTCCAGAGTTTTTTATCCATGCGTATCCTCCTGTTCGTTGTTTCGATGCCCTGTTAAAGCTTCCGCTTGATCAGGTCCCCCAAACGTTTCATCCCCGTTTCGATCTTTTCCGGAGAAACGTTGCCGAAGCTGATGCGCATGCAGTTCTTGCCTTCGCCGGTGTTGCCGACGAAGAATCCGGCCCCGGCCACATATGACACCTTGGCGGCGTTGGCTTCTTTCAGCAGCTCGGTGGTGTCGATGTTGCCGGGAAGTTCCACCCATGAGAACAGCCCGCCGTCGGGAAACACCCATTTCGTTCCCTTGGGCAGATACTTTTCAAGCGCCGCCATCATCGCATCGCGGCGCTCCCTGTGAATGGCGCGGAGCTTTTTGAGGTGCTCGTCGAAGCAGCCCCTTGCGAAGAACTCCGCGCACAGCACCTGTGCCAGCATGGAGGTGTGGGAGTTGGTGGCGGTCTTGGCGTCGAAGAGTTTTTCGATGATCCGGTGCTCCGCGAAGACATACCCGAGGCGGCTGCCCGGGGAGAAGATTTTTGAGAAGCTGTTGGCCAGCACGGTGTGGCCGGTCGTGTCGTAGGCCTTTATAGGCTTGAGCTCTTCGCCGCTGTAGCGCAGGTCGCGGTAGGGATCGTCCTCCAAGATCAGCACGTCGTAGGCGCTGCCCAGCTCGGCCAGCTTCCGGCGCCTGGCGGCGGGCAGAGTCTTGCCGGTGGGATTCTGGAACGTGGGAATGACGTAGACCATCTTGGGGTGGAATTTCCTGATCTTCTCTTCCACGTCCTCCATCACGAGACCGAAGTCGTCCATTCTGCAGCCGACGCACCTGGCCTCGAACATCTCGAATATCTCCACGCAGTGGACAAACGTGGGGGACTCGACGAGAATGACGTCGCCGGGATTGATGAACACCTGACAGAGCAGGTTCATGGTTTCCAGCCCGCCGTTGACGATGATGATGTCGTCGGCGCGGGCATCGACGCCCTTGGGGGCGAGAAGTTTGTCGGCGACGATCTCGCGCAGCTGCTTCAGCCCCGCGGGAGCCCCGTACTGCAGGGCCTCGCAGCCGCGAGCCTCCCGTGTGAGGACCTCGTTGGCGAGCGCGTGAATCTCTTCCACCGGCAGGGCCTCGGTGGCGGGGGCGCCGCCGCCGAAAGAGATGGTCTGCGGATCGGTCATGGCGCTGAACAGACCGCGGATCACATCGGCAGAGGCGGCCATGTATTCCATTCTTTTCGCAAATTCAGGCATGGTGTTCCCTCCTGTTCACAGGTCAAGATTTTTTTTCGGTTTCTTCCAAAAACGCGCGGAACTCGTCAATATCGCCGCCGAATTTATACTTATGCTCAGGCGCGGGGAAGCGCCCTCCCTTGACTTCTTCGATGTAATCCTTCATGCCCCGGGTGGCGATTTCTCCGATGTCGCAGTATTTCTTGGCGAACTTCGGCGTGAAGTTCTTGTACATGCCGAGAGCGTCGGCCGCCAGAATCACCTGACCGTCGCACTGGATGCCGGCGCCGATGCCGTAGACGGGAATGGGAAGGATCTTGTGTACGAACGCGCAGACCTCTTCGGGAACGCCTTCGAGCAGAAGGGCTCGGGCTCCCGCCTTGTAAACGGCGATAGCATCGTCGATGACGGCTTTCGCCGTCGCGGTGTTCTTGCCCTGAACTTTGAAACCGCCCATAGCGGCGGAACTTTGGGGCGTCAGGCCGATGTGCCCGAACACGACGATGCCGGCCTTGCCGATAGCTTCGATCTTATCCGCGACGGCCACGCCGCCTTCCAGCTTGATGGCGTCGACGCCGCCTTCCTTCATGAAGCGAACGGCATTGTGAACCGCGTCTCCCACGCTGGCATGGTAAGCTCCGAAAGGCATATCGCCGATGAGGTAGGTGTTGGGGGCGCCTCGGCGGACGCCTTGGCAGTGCGCGATCGACATATCCATGGTCACGGGGACGGTCCCTTCGTAGCCGTAGACGATCATGCCCATCGAGTCGCCGACGAGAATCATGTCCATTCCGGCTTCTTCCGCATAAGAAGCGAAGCAGGCGTCATACATGACCATCCATGCCGCTTTCTCCCCGGTCTCCTTCATCTTGACGAGATCGAGAATGGTCTTTTTCTGTGCCATCGCTGTTATCTCCTTTAAAATGATGTAAGCGCAACCTATCGGCACCGACTATGATTATTATGAATGAAGGAAGTAACATTGTAAAGCTTATTATGTTCATTGTTGAGTTGAATTTCGCGCAAGTATAGGGCAGAGCTCGCGTGAAAAAGAACGTCCTGAAACAAGGCGAGCCGGCAACGAGGACCGACAGGAAAAAAGCGCGTTCGCGGAGTTTCATATTAAGGCCCCACTGATTAAATCACCGTTTGCTCAAGTGAGATAGTATAATTAAGCTGTTCTAATCCCACGTCAAAGGAGAATAGAAGATGCCCCAACTCGGCTTCGGTGATATGTGGGATACGCAAATCGTAGAAGAAAAACCAGGAGAGAAGCATTTCTTGAGCACATGGATAAAATTATCCCGTGGGCTGGTTGGGTCACCCTGATAGCGACGTACTACCCGTCCGGCAAACGGGGACGCCCGCCTCTTGGCGTCGAGACGATGTTGCGTACATACCTTATGCAGAACTGGTTCAATTTGTCCAATGAAGGATAAGGCATCGAAGATGCAATTTACGACAGTCATGCCATGCGTACGTTCCTAAGGAGCGATTTCCTCCAGCAGCAGGTACCGGACGCAACGACACTGCTGCACTTCCGTCGCCTTCTGGAGAAGAATGCGCTTGGCAAAGCCTTGTCTGACGATATTCGGAACAGACTTGACAAGGCCGGTTTGATCATGCACGGAGGCAGTGTCGTTGACGCAACGCTCGTCAACGCACCGAGTTCGACAAAGAACCAAAACGGTGAACGAGATCCGGAAATGCATTCGACGAAAAAAGGCGGCCATCAGAGAAGACGAGCACCTCTCGAAAGTCGATTTTCGTATCAGCCAGCATCCCGGCAGCATCAAGACATTAGGCGTAGGCAGATCATATGACAGATCCCGGGAAAATCGTAAATCATCGACACACAGTAAAGCCGAACGCCTCTTTCAGATTGTGAAGAGATACTTTGTCTGTCACAAGGCATCGTATCGAGACATAGCGAAGAACATGAACAAATTCTTTGTTCTGTTTGGCTGCGCCAATCTTGTCGTGTGCATTCGCGCTGGACGAACGGAAGAATTTTCCGCCTGTGGGGGCATAACTGTCTCCTGTTAACAGAGATGAGGCCTTCCAAGATCAATTAGGGGCATAATATGCCTACGGGATGGTTGTTTCTTTGGACTTTTAATCCATTCGTTTGAAAGTCTAATTGGTGTTTTCGTTTGGGCGAAATAATCAGCGGTTCCTTAAGTGGGACTCTCTAAGTGTTTCCAATTTCCGCTATTTCAAGGTGTTTGAGTCAAAACAACTGGACTATCCAGGGGCGTATTCCTATGACAGATTTATAGAAATAGTGAAAGGGCTATAAGCTGAAAATCGCAAATGAGTATCAATAAAGAGGCGGTGGAGCGTATGAACGACAACAATGTGATGATATATCAGGATGAGAACGGGATCACTAAGGTCTCCGTCCGTTTCTCAGACGAAGATATTTGGGTCACGCAGCAGCAGCTTGCGGAAGTCTATGACACTACGCAACAGAACATCAGCCAACATATAGATGGCATTTACAAAGAAGGAGAGC
NZ_AP025585.1_gap9	780995	781575	580	CCGATCATGGGGGCGGCGGCTTTCATCATGTCCGATTTCATCGGCGTGCCCTACATCACGATCGCCATTGCCGCCGTGCTCCCCGCCCTGCTGTACTACATGGCCGTGTTCGTCATGATCCACATGGAAGCCAAGCGCCTCGGTCTGCGGGGGCTGCCCAAAGAGCAGCTGCCCAACACGAAGAAGATCTTCCTGGCCGGCGGGCACCTGCTGATCCCGCTGTTCGTCATCGTTTACATGCTGATCAAAGGCTATACGCCGCTGAAGGCCGCGTTCTACAGCATTCTCTGGACGGTGGCCGTGGCCATGTGCCGCAAGAACACGCGCATGAGGCTGAGCGACATCGTTGCCGCTTTCGACGAAGGCGCCCGCAGTGCCCTTGGCGTGGCCGCGGCCTGTGCCTGCGCCGGCCTCGTGATCGGCTCCGTGACGCTGACCGGCATCGGCCTGAAGCTCGCCAACGGCATCGTTTCGCTGGCCGGCGGGCATCTGTTCTTCACGCTGGTGCTGACGATGATCACGTCGATCCTGCTGGGCATGGGGCTGCCCACGACCGCCAAGTACATCGTGCTGGCCTCGA
NZ_AP025585.1_gap10	786076	786613	537	TCATTTCGCCCTTGCTCAGGCCGACGATGTCGCGTCCCCAGAACTTCACTTCGCCGGAAGTCGGTTCCAGCAGGCGGATCATGGCGCGGCCCAGCGTCGACTTGCCGCAGCCGGATTCGCCGACCAATCCCAGCGTCTCGCCGCGGTTGACGAAGAACGAAACGTCGTCGACCGCGTGGAGCAGACCGCGCGGCGTGTTGAAGTACTTCTTCAGGTGGTTGACAACTACCATTGGCTGGGTGTTCAGCTGTTCAGTCATAGTCATCGGCCTCCTTTAGTCGTTCTTCAGCGCCGCCGTGCGCACGGGGCAGGCGACGAAATGTCCGGGAACCACTTCGGTCATTTCCGGCGCGTTTTTGGAGCAGTCCTCCGTCGCGTAGGGGCAGCGGGGATGGAAACAGCAGCCCGAGGGCAGATTGGTGGGATCGGGCATCAGGCCGTGGATGACTTTCAGCTCTTCCTGCTCCGATTCGAGGTCGGGCAGCGAGTTGAACAGCCCTTCCGTGTAGGGGTGCAGGCGGTTGTTGTAGATCATTT
NZ_AP025585.1_gap11	789746	793787	4041	CTTCAAGCTGAGCCTGCATGATCTGCGCCATGTCGATGCGTTCCTTGCGCTCGTTCGTCCAAATCTCGCAGTTGAAGCCATTGGGGAATCCCGCTTCGGCCAGAAGCTTTTTGGCCAGCTCAAGATCCTGCTTGTGCTCAGGCACCTCGTTGCCGATCGAATAAGTGATGGCGATGGGGACCAGCGTGGTGGGAACCATACCGACCTTCGCCAGTCTTTCCCACACGGCCTTGTGGATCAGCGTCGTATCGAGGGCGGCTCTGATGGCCTTGCGGACGCGAACGTCGCTGAAGGGGGCCTTTGTGCAGTTAAAGCCAAGGTATGTGATCGAGGACTGCGGCTCTTTGTAGAGCGTCAACTGATCGTTGTCGCGGATGCGGTTGATGTCGTTGCCGATGATGGGATAGGCAATGTCGATTCCCTTGGTTTCAAGCTCGATCGTGCGGTTCGTGGGCTCGGGGATCGCGCGCACTTCGAGATACTTGTAGGAAGGCTTCTTACCCCAGAAATCGTCGAAGCGCTCCAGAACGTACTTATTGCTCTTCTGCCATTCGACAAACTTGAAAGGCCCCGTCCCTACGGGAGCGGATCCCGGGGTGCCATAGCTGTCGCCGGCGGCCTCAGTCGCCTTTTCGTTGATGATGGAGCCCCAGCTGTGGGTCAGAGAGCCGAAGAAAGAATAATCCGGCTTCTTCAGAACGATGACAACGGTATAGTCGTCGAGAACTTTGACGTCGGCCACATTCTGCGAATAGGTTTTGATCTTCGCGCCCTTGTCGGTGGTCGCGCGCATGATCGTATATCTCACGTCGCTGGCCTTCAGCTCCTCGCCGTTGTGGAACTTGACGCCCTTGCGCAGGTTGAACTTGTACTCGGTGGGAGAGAGAAATTCCCAGCTCTCCGCAAGGCCGGGAACCAGTGTGCCGTCGCTGTCTCTGAAAATCAGCGTGTCGTACAGCTCGAAGCAGCAGCGCGAGCTGGGAACGTCATTGTGGCCGATAGGGTCCATCGTGGTGGCGTCGTACTGATCGGCGACGATCAGACGATCCTTGGCCGCGAAAGCGGTGCTGGCCGCCACGCCGAGAACGAGGGCCGCGAGAGCCAGAATGGTGCTTTTCTTCATGTAATGCCATCTCCTTCGATAGGATAAGAGCACTGAAAGCCAAACTGCCGTCCCGTCTCCCGCCAGCGCCCGCCGGGGCCGGGATGGCGACATCGCGTCGCCGCCGCGCGGTCTGTCCCGCAGACCGCTTTGTTTCTCGATCCGCTTTCCGTCTTGTTCGTGTCCAAAGAAACGATTGCCGACGGTGCTCTTCCGAATGTTATTTATTGTTAGGAAAGCACGGCGAAAGACAGAAAATTTTCATGTGAATAATTATGCCTTATTCGGGGCTCGTCGTCAAGAAGATATAATTTTTAACTTGTCAAAGACAAGAAGTCAAAATTGCGCGAATATTTTCAAGGAGACTCCCGACGCTTTGAACCTGCTTCTTCGATGAACTCTTTCCCGCTTCTGAGGCGTCGGCCGTCCATATTTACGGGAATGTATCTGTTTGTCTTAACTAATCAATGGATTGTTCAATAACTTTGTCAAGAGTCCGCTTCGAAATCATGCCGGGCAATGACCGATCGTCAATCGGAAAAGCAATCTCCCGTTTTTAAAGGCCGTCTCCGCGGATCGGAGCTAATCCTAATTCTTGTAACATGGTTTTCTGGACGCTGCGGGGGAGTCCTGTCGCACAGGACTCCCCCGCAGCGCCCTTGCGTTCGGCTTTTTAATTAAGAAATAGTATGAAACGGTGAAGCCGTCGAGAGCCAGGGACGGCGCGTTCTTCAAGGGAATTTGACATTCTGCCAACTTATAAATTAAAATGAGTTGTCACGATCTCTGAAAAATTTTTCCGCAATGGATATTGCCGTACAAAAACCACCAGAAGAGGGGATTTCCATGAGGAAGGGGCATGGGCAGCCCGTTTATTCCAAAATCGCCTTCGATCTTGCCGTCAAAATTGCCAGCGGCGAGCTCAGGGAAGGGACGAAAATCACCGGGCGCTCATTGATGGGGACGCAGTACAAGGCGTCTCCGGAGACGATCCGGCGCGCGCTCTGGCATCTGAACGACGTGGGGGTCATTTCGACGCAGGACAACGTCGGTTCGACCGTCGTGTCCCGGAGCCACGCCGTGGAATATGTCGAGCATCGCCGGCTGGACAACGACTTGCTTGCGCTCAGGGCCCGACTTGACGGCATGATTGCGGCGCGTGACGAGCTTAACAGAGACATCGACGCCACCCTCGGGCAGATCCTTGAATTGAATCAGCGCTTTCGGGACAGCGACCGACTGCACATGTTCACGTTCAAGATCGGCGGAACTTTCCCCGCTCTGGGGGTCAGCATCCGCGATTTTCAGTTCCGGCAAAAAACCGGCGGCACGATCGTGGCGATCAGGCGGGACGATGAAACCATACTGTCGCCGGAGCCGTCGACGGAATTCAAGGTCAACGACGTGCTGATCGTCGCGTGCGGGGTGCAGCATATCGATAAAGTCCGCGAACTCATGGAGGACGGCGTTCCCAAGGCCCGCTGCAAAAGTTGAAGGGCGACGGGACGAAGCCATTTTTTCGGAGAGTGACGCGCTTCTTCGCGAACTCCTGGGCGCTGGGGAGGGGCCGCTTTCGGGGCGGTCTGTCTCCCGTCGCCATCGGCGCTCCGGAGGATCCGAAACCCATGAAAAGGAGGACATCATGAAAAAGACGACAAGATCGCTGCTGCTCTTGGCAATGCTCCTGCCGTGTGTGTCGGCGGGATGCGCCGCCGGCGGCACTGAGACGGGGAAAGAGAAAACCGCTCTCACATTCGCCGACGTGGGCTGGGATTCCATCAAACTGAACAACGCGTTGGCCGGATTGATCGCGGAAAAAGTTTTCGGGTACACGTGGCAGGAAACGCCGGGTTCCACGCCGATCTCCCATGAGGCCCTGCTGAAGGGAGAAATCGACATTCACATGGAGGAATGGACCAGCAACATTCGGTCTTACGCTCCGGACCTGCAGGCTGGCCGTTTCACCGAACTGGGCGTGAACTTCGACGATAACCGCCAGGGCTTTTACATTCCCAAGTACGTGGCCGACCGCTGTCCCGATCTGAAGAGCGTAAAAGATCTGGCCCGCTATGCCGAACTGTTCCCCGACCCGGAGGATGCCTCGAAGGGCATCATTTACGGCGGTATCGTTGGCTGGGAGATCACGGAGATCATGAACAAAAAAATAGCGGCCTACGGGCTGGACAAGAGTTACAACTATTTCGCCAGCGGCAGCGACGCTGTGCTCATCGCGGCGATGGTCTCCGCCTGGGACAAGAAGGCGCCGATCGTGGCCTATTACTGGGAACCCACGTGGCTGCTGGGAAAATACGATTTCGTCCTTCTCGAAGACGAGCCGTACGACGCCGAACGCTATCACGAGGGATACGGCGCCTGCCCTTCGGTCACGGTGACGGTGGCGGTGAGCAATGACTTTGCCGCGTCGAATCCGGAATTCTGCGCGTTTCTTGCCAAATTCGAGATGAGTTCCGCGATGATCAGCGAAGCTTTAGCCTATATGAACACCACCAATGCCGGCTACGAAGAGGCCGCGGAGTGGCTGTTGACGAAGTCGCATCCCGAACTGCTGGATCGATGGCTCTCGCCCGAACAGGCGGCAAAGGTGAGGGCGGCTCTGTGACAGCGCCGCTTTGTGCGTTCCGAAAGGGGGTAGATCATGGATTGGCTGTTCACATTCCCGGAATTCTTCAAACTGAACACGACGGCGATCGACACGACGGTGCGTTCTTTCGCCGTGAACGCCGAAACCTTTCTTGACCTGATCAAAGGCGGGCTCAACAGCTTTGTGAGCCTTGTCCTGCTGTGCCTGAGGCACGTGCCGTGGCCGCTCTTCCTGCTGCTGGTCGCGCTCCTGGTCTGGCGCGCCCGCCGGAGTCTCCGCAGCGGCGTCCTGTACGCCGCGCTGGTCGCCGCCATCGGCTTCGCCGGACTGTGGCAGA
NZ_AP025585.1_gap12	798553	800577	2024	AGACCGCCACCTCGTTGCCGTCGGCGTCGAACAGTTTGGCCGTGACGGGGCCGGGGACGACGTGAGTCGAGAACACGCCGAGCGCCATGATCATGCTGCCGGCGTCGCGGGCGTTGCGGCGTCCGCTGCCCTTGGCCAGTTCCGCGGCGATGCGGGCCGCGAGATCGCGGCTGGGCGCTCCGCCGGGTTCGATGGCGTCAAGCGCCAGCATCCTGAATCCGGCTTCGGGCAGCGACAGCTTGGCGTCGGCCGAAGAGGATTCCGAACCGGCCAGCGCCTGGGCTTTTTCCTGATCGCCGGCGAGGGCGTAGCTGGCGGCCAGCAGCGCGCGGCCGGAACCGCTCAGGTCGCCGATGCGCTCCTCGAGCCAGTTCATCCAGCCCAGCGGCGCTTCGCCGCCCAGCGCGAGCACATACGCGCCGTAGGCGCGGGCGTTCATGGCTTCGCGAACGTTCTTCTCCGGCAGCGGCTCGGCCATGTAGCGACGCAGCCACTGCGTTCCGGCGTTCAGACCCGAGGGGTCGATGACGCCGGCGGCTTTGACGGCCGTCAGCAGGTGCAGGGCGGCCACCGAGCCCCAGGCGTCGGTGCCGTCGCCGCGCCAGGCGCTCCACGAGCCGTCGTAGAGCTGGTAGCTCGCCAGACCGGCGAGGACGGTGTTCATGGCGATGCGGTTCTCGATCGGGTTGACCAGATCCTGATCTTCGTCGCTGAGCAGGCTGGGCATGTTCAGCGTGATCCAGCCGCGCGAGACGAGACGGTCAAGGCCAAAGCCCCACGTATCGACCGTCTCGAGCAGCGAGACCGCGTCGACCACGGGCGCGCCGGAGATGGTCAGCGTCAGGCTGCCCGTGCCGGGGTACCAGTCGTCGGGCAGGACGACCTCGGTCGAACCTTCGCCGGCGCTGCCGCCGCCGACCACGGAAGTCAGCGGCCAGCCGGGACGGATGGCAAGGCCGGTTTCGGACGCATAATCGCGGCCGCCCAGCGAGACGGAAGCCTTCAAAGCGCCGTGTTCGCTGGCGCTGCGAGCCGTCAGCGTAGGGATCAGCGACGTCAGTTCGAGACGCTTGTTGGCCGTCAGCGCGATCGTATCCTTCCACTCGCTTTGGCCGTTGAAGTTCAAGTCGAGCCCTTCCGCGGGAGTCACGACGGCGGAGGCGCTGCCGCCCTGTTCGGCGGTGACGTTCAGCGCCGCCTGGAGCTGGTCGCCGGGCGCGGCGAAGCGGGGCAGCGTCAGGTCGATGACCACGGGGCGGGCGATCTTCGACTCGCTTTCGGCGCGTCCCAGAGCCACGCCGTCGACAGCGATCGCTTCGACGCGAAGTGCGCCGGCGAACTCGGGCACCTGCGTGGTGATCTCCGCCGCGCCGTCCTTCAGCTCGACGGCGGGCAGCCAGATCGACAGCGGCTTGTAATCGGAAGCGCGGACCGGCGACATCATGTCGGCGTTGGCCATTAATTTGGCACGGTACATCTCGGCGTCGTCGCCGCCAGCAGGGTGGAGCAGCGCCGTGCCGCGGGCCTCGATCGGCAGCAGCGAGTCGTAGATGTCGCACATCTTGCCGTCCATGCCGCGGCGGCGCGTGAAGTACTCCCACGGATCGGCGTTGTCGCTGCCGCTCAAAAGCAGGATGCCGCGGTCGACGAGCGCGACGGTCACGGTCCCCTTGGCGGGCTGTCCCTTGGCGTCGGCGACGCGGATTTTGGCGCTGAACACGCCGGGTTCCGCCTTGGCGGGCGCCTCGACGGAGACGTTCAGACGGCGGTCGCTGAGGTCGAGCTTGAGCGGCAGAGCGCCCAGCGCGCGGTACGGCGGCTTGGTGTCGACGCTTTCAGGACGAACGACCTGGATCGTGATCCAGCCGTTGGGAAGCAGCTCTTCGGTGACGGGCACGTCGACGGTCATTTCTTTGTCGGTCATGTCGAAAGATTTGATCGTCATGGGCCGGTCGCTGCCGACGGCGAGAATGGCGCGTCCGGCAAAAGGCGACTTGACGGTGATCTGCGCGCTGGCGCCGGGC
NZ_AP025585.1_gap13	978860	979528	668	ACAGCGCCGGCTGTGACATGAACAGTGCCCGCGACGCCGCCGAGAAGTTCAAGTGCTGCTCCACCGTCAGCGCGTACAGGACCTGCGTGATCGTCACCGCGATCCCCCCCTTTTATGCTGCGGTTATTTATTTCCCTTATAACGCCATTATAGAAAAGTATTTCCATATTTTCAAGTTTTTTTATAAAATACAAATAGAGTCGGAAATAATATATTCGCAAAAACAAAACGGGGGGATTCAAGTGACAAAACAGCTGATGTCGGGCAACGAGGCCGTCGCGCGCGGGGCATGGGAGGCCGGCGTGGCGTTCGCTTCGGCGTATCCGGGCACTCCGAGCACGGAGATCCTGGAGAACGTGGGAACGTACAAGGAGATCGTCGCGGAGTGGGCGCCCAACGAAAAAGTGGCCATGGAAGCGGCCATCGGCGCGTCGATGGGAGGCGTGCGCTCGATGGCGGCGATGAAGCACGTGGGATTGAACGTGGCCGCCGACCCGATCTTCACGTTCGCCTACATGGGCGTCTCGGGCGGCATGGTATTCGTCACCGCCGACGATCCGGGCATGCACAGTTCGCAGAACGAGCAGGACAACCGCAACTACGCGCCGTTCATCAAGATCCCCATGCTGGAGCCGTCCGACTCGCAGGAGGCCAAGGACATGTTCCGC
NZ_AP025585.1_gap14	1059393	1061557	2164	GATCCGTCCGGGCGAGTTACTGCGTCTAAGCGGCGAGACGCTGGAAGACCGTCTTGCCCGCGTCGCGCCGGGCACCGTGATCGATCCGCTGGGACGGCAGATCATAAAGATCGGCGACGTGTCGATGGGCAATCTCAACTTTTCCACGGTTCCGCAGGAGACAAAGGGCGGCAGTTTCTGGGGGCTGAAAACGCTGGGAGAGTTCATGAACCTGCACGACGGCGAGGGCGTGGTGCTGCTGGGTTCGCCGCCGGGCGGGCTGCCCCTTCTTTTCAGTCAGATCGCCGCGGCGCAGCGGGCGGATTTTTTGTATATTTTCTGCCAAGGCGGTTATCACGAGCTGTATCGTTACTGCCGAGCCGTACAGATGGCTGGCAGCGCGGAAAGGTGCATGATCCTCTGGACGCCGCCGTGGAACGTGCCGGCGCTGAAGAACCTGGCCCCCCGGGCGCTGACGTATCTGTCGGCGCTGCCAGACGAGGGCGGGCGGCGCCTGATCCTGATTGACGATCTGCATTACTGGCTGGAATCAGTTCGCGAGTACGGCGAAAGTTCGGGCGAACTGCCGCTTCCCGACGGCTATCCTTATACGGCCCGGCGTCAGCTGGGCGAACTGCTGGATCTCAAGTCGCTGCCCGATGAAGAGGGGCGTTCCACGTCGCTGCTCGTCGGCTGGCGCTACGAAGAGGGCTTTTCGCCGCTTGCGGAGCATCCTTACATGGGGCGTTTGCCCCGTTTCATGCGCACGGGCATCATCCTCGAGGAATCGTCGGAATATTTGCTTCCGTCGAAGGATTCCTGGGGCGAACTGTCGCCGGCCGGGCGCTGTTGGCGTGAACTGTGCCGCCTCGCCGAGGAATGCGACGAGGCGCTGCGCCCCGTGCTGAAAGCGCTGATGGGGCTTTTCGGTTCGCTCTTTGTGGAGTATTCCCCGCTCAGTTTCGCCGCGGCGCCCGAGAACGTGGTGCAGTGGAGCGACGACGACGGGAAAACTCTCGTCGGGTTGGCTTCTCGGGCCACTCCGGCCCTGCTGGAAGCGGTGCTGAAAATTCGCGCCGAGCTGCAGCTGAGCTTTCGCGAATGGCCCGACGTGCGCCGCCGCGGCTTTATCGACTGGGTGCGCGCACAGAAGGAGGAACGGTCATGAAACTGCTTCGCCGCGGTTCGAACAACGTCAGTTCGCTTTCCGCCTCGTCGCTCTGGGTGGAGCATCTCGCCGGCGCGACGCTGAACGATCTGGTGACGATTCAGGACGCTTCCGGCGACGCTTTTGTGGGAAGGGTGGTGGAAGTCCAAAACGACCACTGCCATGTGCGCATCTGCGACGGAGAACATTCTCTCTGCCGCGATTCGCTGCAGGTCTGGCTGGGCAGCAACGAACTGGAACTGCCGTCCGAGCCGCCGCTGGTCGCTTCGCGGCTGACGCGCCGTTCGGTCTTCAAGACGGGGATCGCTCCGGTGGACACGCTTTTCCCCCTGCAGCACGGCCATTCGGTCTTTGTGGCCGGAGTGTCGCTTTATCGGTCGCTGGATTTTTTTTCCGCTCTGCTGCACGGCGCGCTTTCGGATCGCCAGTGGCCGTGCCTGATCTCGCTCGACACGTCGAAAAACGAAGCGCGGGAGATCCGCCGCGTCTGGAACCACTACGGACTGGAAGACGAAGGATTGTTTGTTTCCGACAGCCGCGATCAGCTCTATCAGAGCATGACGCCGCTGCGCCTGGGGTGGGAAGCGGCGATCGGCCGCGCCGACGAAGGGCGCGACGTGTTCCTGATGGTGCTCGACCTCGAATCGTGGGCGCGTTTTTATCAGGAGGATCTGGCGCTGCGCGGCTATTACCGCAGCCGCGCCGGAGCGCTGAACGGCTTCAAAAACGCGCTGAGCACCCACATGCAGCTGCTGTACGGGCATAAGGGACGCATCACCGCGGCGATGCTGCTGTCCGAGCGTAAAGTGGCTGGACTGCCTTCGGAGCTGCTGGCGCTGCGCGATCTGTTTGACGGCGTTCTGATTTTGCGCGGCGACGGCTCGCTGTCGCTGAACGGCTACACGCCCCAGCTTCCGCGGGGGATGGACCGTTCGGTCGAATACGCGCGTCTGCTGCGCCGCCAGTGCAAAGAGCTGAGAGCGGAACTGAAACGACGGCGCTTGGACGAATATCCTC
NZ_AP025585.1_gap15	1255891	1259652	3761	ACGCTGAAATTCACGCAGAGTGCCGACGTACTGTTCATCTGCCACGGCGCCCACGCTCCCATGGAGCTGGCGCGCTACGCCGACGCCAACTGGAAGCTGTCGGAATTCAGCTTCAAGAACGGCCCCTTCCGGATCCGTCAGGAGGGGCAGGACAAAATCGGCATCGACGTTTCCGGCATCTCCGGCAATATTGAGATGATGGCGGACGCGCCGCTGTTCGTGCCCGGTCACGCCGGCTGCCTCTGGGCCGTTACTCAGCAGGTACCGGAACGCCGGATCAGGTACTCTTCGCCGATCACGCTGAACGCCGTGAATCTGACGGGAACGCGCATGCACGAAGTCTACGGCACGGGGACCGTAGTGCACAAATACCGCAGCGGCGGCGACGACTACGAAGAACTTGTGTCCATCAAATACTACAACAGCTATCTGCTGCTCTCCTCCAGCAGCGCGGCCGGGATAAAGATCGGCACGTCGGTCAAGGTCCCCGGGAAAATCAATCCCTGGGCGCCGGACGGGATCCTCGGTTCCGTTACGGACCTCGTGACCGCCGGCGATCAGGTCAAGGTCTACCTGTCGCCGTGGCAGGGGCTGACGTGCGGCGCGAACGAGACACCGGAGTCGTCGGCCGTGTCGGTCGATTTCTACATCGACAACACGGCCGACGTGTGGTCGAAAGAGATTCTGGTTTATAAGTCGTGGCGCTTCGAAACAAACGGCTTCTGGTACGGCACGCTGCTGCTCCAGCGTTACGACGAGGATGAACAGGCGTGGTTGACGGTCAAGACGTACAGTTCCCCCCACAGCGCCCGCAGCGCCAAGAATTTCGCCGATTCCGGCGAATTCGACGAGCCGACGCGGCTGCGCGTCTACAGCACCAGCTTCACTCCGTTCGTTCCCAAGGACAATGAAGAAACGGACAAGGGCTACGTGCTGCTGATCGCGAACGCCTGCACGCACCGCGGGCTGATCAAGACCACCGGCTACGTCAACAGCAAAAAAATGTCGGCGAAAGTGCTGCGCCGTCTGTACAGCACGAGCGCCACGCGGAACTGGGAAGAGGGAGCGTGGAGCGCCGCCAGCGGCTGGCCGCAGGTCTGCGGGTTCTACCAGGAGCGCATGGTTCTCGGCGCGACGTTCGCGGAACCGCAGACGGTGTGGATGAGCAAGACCGGGGACTACTACGATTTCGGCACGTCCAGCCCCGTCGTGGACGACGACAGCGTGTCGCTGACGCTGGCCGCGCGTCAGGTGAACGCCGTCAAGGCGTTCGTGACGCTGTCCGATCTGCTGCTGCTGACGTCCGGCAGCGAGTGGAAAATCTCCGCCGGGGCCAAGACCGACGCGATTACGCCGGCGTCGGTAACCGTGTCGGCGCAGGGCTACCGCGGCATTTCCGAGATTGAACCGGTCGTGATCGGCAATACCGTTCTGTTTGTGCAGGGACGCGGCTCCCGCGTGCGCGATTTGGGGTACACCTTTGAGAACGATGCGTACACGGGCAGCGACCTGACGGTCATGGCGTCGCATCTGTTCGAGGGGCATAAGATCGTGGATCTGGCCTACCAGCAGGAACCGGATTCGGTCTGCTGGGTCGCGCGCGACGACGGCGCGCTGCTGGCGCTGACTTATCTGCGCGAGCACGACGTGATCGCCTGGGGGCGTCATCCCACGGACGGCAAAGTCGAGAGCGTCGCGGTCGTGCCCTCCCCCGGCGGCGACGTCGTCCACCTGTGCGTGCTGCGCCGCGGGAAGCGCTGCATCGAGACGATGACGCCCGCTTCCGTCACGGAGGCCGTGGAAGCGTTCTTCGTCGACTCCGGCGTAACGGTCCGCGGTTCGAACGTGACCTCCGTGACCGGCCTCGAGCGCCTGAACGGCTGTACGGTGACGATCGTCGCCGACGGTTCGCTGCGCAACCCGCAGGTCGTCGCGAACGGGCGCGTGACGGTGTCCCCGGCGGCCTCGGTGGTCCACGTGGGACTGCCGTACGTCTCGAAGCTGGAAACGCTCGACCTCAACTTCGCCCGCGGCGACGGCGCGCAGCTGACGCGCAAAGTGCGGCTCGCGTCGGCGACGATCCGCGTGGAAAATACGCGCCACCTGTTCGCAGGGACGGACGAGAAACATCTGCGCGAGTACGTCGACCGTACGAACGAGTCGTACAACAGCCCGACGCGGCTGTCGACGGGCGACTGGCGCGTCACGCTCGATTCGCGCTACGACTCGGGGCGTCTCGTGGTCGTCGCGCCCGGGGCGATGCCCGCCTCGATCGTCGCCATCGTGCCGGAGGCCGACCCCGGTGACTGACCTGCGTCTGGTCCCGGCCACGCGCGAGCTGTGCGAGGCCGTAGCCGACCGGCTGCGCCCGGAAGAGTGCGTCGAGGTCAGGGCGGCTTCGGACGACTCGCCGCTCGAGGCCGTGCTGCGCGGCTATCTCGATTCCGACCTGTGCCGTGTGGCTCTGCTGGGCGCGGAACCGCTCTGCATCTGGGGCGTGCGCCGCGAAAACTGGTACTGGCGCCGCGTCTGGCTGCTGGGCACGGACGCCGTGCCGGAACACCGGATGACCTTCCTGCGCGCGTCGCGGCGGTTTTTGCCGCGGGTGCTCGAACGCTTCCCCCACCTGCGCAACTGGTGCGACGCGTCGTATGTAAAGAGCCTGCGGTGGCTGAAATGGCTCGGCTTCACGATCTACCCGGCGGAAGCGTACGGCTCCCAAGGGCTGCCGTTCTGCCGGCTGGAAATACATTTGAACGGAGATGAGAACGCATGGGCGGAATGAGTTTGATCGGTCTGGCCCTGTCGGCGGCCGCGCCGATCGTGTCAGGCGTCATGCAGCGGAACGCCGCCAAGACCGCCGCCGCTCAGGCGCGCGAGACGGCCGCCGCTCAGGCGCGGATCGCCGAACAGAACCGCGGCCTGGCGCTGGACGAGGCTGAAGCGACGTCGAAAGCTGGCGCTGAGGAAGAACAAAAGCTGCGCGACCGCGTCCGCGCCACGCTGGCGTCTCAGAACGCGCAGTACGGCGCTTCCGGGCTGTCTCTGGCGTCCGGCTCTCCTTTTCACGTGGGGCTGTCCACGTTGGAAGAGGGCGAAGCCGACGTCGGCGCGCTGCGCGAGAATTATGCGCGCAAGAAGTTCAGCCTCGTCAACCAGGCGCAGCAGTACGGCACGCAGGGACGTTACGCCCTGATCGAAGGCGACGCCAAGGCGCGGGCGTACGAGGCGCAGGGCAGGGCCGCCCTGACCGGCGGGCTGCTGCAGAGCGCCGGTTTCGTGGCCAGCAAGTGGGGTGATCGCCTCGGGGCTGCCCGCGACGGCGGGATCATCAGCGATTCGAACAGCGGCGATTTCTACGGCTACGGCTCCATGAGCGGCGCGAACGCCGGCCGGACGCTGCTGAAGCCGCAGGGCTGGTACAAAGACTTCCGCCCGAAATGGGGGCAGTAGGCCATGAGAGTCCCGGAGTACCGACGGCAAATCGCGGACGTCGTCCCTTCGACGCGAATCAAAGCCGACGTCCCCGACCTCGCCGCTGATACGTACAAGGTGGAGGCCGCCGGGGCCAAAGCCCTGGGTGAGGGGCTGAACGCCCTGCGTCTCGGCCTCGAAGTGCGGCAGGAGAAGCAGGATCAGTATCAGCTTGCCAGCGCCGTGAACGAGTTCCGACGCGCCAACACGGAGTACCTGCACGCCCGCGACGGCGGCGTGTTCTCCAAAAAGGGCGGCCAGACGTTCGGGATTTCCGAACAGTACGA
NZ_AP025585.1_gap16	1267939	1271386	3447	CGTGGCAGACGAACAAGTTCGTGCGCTATCTGATGATGTTCACCACCGACGCCGCGCCGCAGTTCGGCATGAGCGCCTACGACTTCTTCCAGGGACTGCGCGACGGCGGCGACAGGGGAACGTCGGTGCGGACCTTGCTCGCCCTGACGATGACGGCGATTCTGATGAAGAGCCTGACCGACGGAGGCCCGGATGATCCCGACGATCCCGACCGGTGGTTCAAATGGGTCCTGTCGGCGCTGGGCGAACAGACGCTCGAAAACGTGCCGCTCTTCGGCAAGGAACTGGCCAGCACCGTCGATCAGTCCCGCGGCGGTTACGGGGGCCAGGGCGTTTACATGCCGTGGCTGTTCAAGATCATTCACGGCTTCTCGCAGATGCACGGGGAGCGGGCCGACAAGGTCGGCCCCGACGGACTGACAGGTTTCGCCCGCGGCATGTTGAACGCCGTCGAGGGGTTCTCGCTCGTCGCCGTGCCTATGCCGGTCACGGCGGCCAAAAGGTTCTACCGCATGGCAAAGGCCGACGATGCGGCGGAAGCGCTGAAGATCCTGATCGGCCAGCGGCGCCGGCAGAAAAAGAAGGAGCGGCGATGGCTGTAGGAAGCAATCGAAGAGCGTACAAAGGCGGCCCCGTGAGGCCGCCTTATTTTACGGAGGTGAGGCAATGACTGTAGCGACGAATGTCAACAAGATCACGTACCAGGCGAACGGGGCGGTCACGAAATGGCCGTTCAGCTTCCCGGTGCTGAGCGCGTCGCACCTGAAAGTGATCGTGACCGACCCGGCGGGGGAGGAGACGACGCTGGAGAGCAACTATTACGTTGATCTCCAGACGTCGGCGGTCACCTACCCGGTCACGGGGGCGCCGCTGGCATCCGGCAACAAGATCACGCTGCTGCGCCTGCTGCCCGCGGTGCAGAACATCGATCTGGAAAACCAGGGGCCTTTCGAGGCCGAAACGCTGGAACGCGGCTACGACTACCTGACCATGCTCGTGCAGCAGCTGGACGAGCGCACGCACCGCGCCATCCTCGGGCCGGTGGCCGGGGACGACCCGCCCGCCGACATGGTAAGCAAGCTGCTGGCGGCCTCGCATTCGGCTCAAGAATCGGCTGCGGCCGCGGCTCAGCTTCTCGCCGGAATCCAGCAGCTTTATAACGACTACCAGAAGGAGATTGCCTTCAACGGCGCGGAAATCGGCACGCCGAAAATTTTCAAGACCGGGGAACAGTCCGACGGCTATCTGCTGATGGACGGCTCGGCTTACGACACGACCGACTACGTCGACCTGGCCGGCGTCCTCGGCACGGCCAACCTGCCGGATTGGACGGGCGATCCCTCGATCCCCGCGGGCTGGAAGTGGTACATAAAAGGTAAGCACGCCGCCAACGTGGTCGGCCAGATCAAGCGGCTGCGCATTGTCGTGCACAACCTCCCGGCCAACCAGGCGGCGTACTGCACGTTCGACGCCTCGCAGACCTTGATGGATCTGTACATTCCCCAAGGCATGCAAGGTATCCAGGGCCCAATGGGACCCGCCGGCCCTGTCGGTCCTCAAGGGCCGCAAGGCGAGCAAGGCCCGCGGGGCATACAAGGTCCTCAAGGCGAACAGGGGCTCCGCGGTCCCGAAGGCGCGCAGGGCGTCAAGGGCGATACCGGCGAGCAGGGGCCGAGAGGATATCAAGGTGAAGTAGGTCCCCAAGGTCCGCAAGGCGAGCCCGGGCCGCAAGGCGCGACGGGGCTTCAAGGGCCGAGAGGACCTCAAGGGTTGGTTGGACCGCAGGGACCGCAGGGCGAGAAAGGAGAGAAGGGTGACCAAGGCGACCCCGGTCCGGAGGGATTGAAGGGCGCGCAAGGAGACAAAGGACCGGACGGAGACGCCCCGGTCGGGCTTAGTTTTGGGGAGTTTGGTTTCGTCCACGAAACTGGGCATTTAAGGTTCACAGCGTTTGGAGTGTCGGAAGCTAACGGTCTGAACGCTGTGATTAACGAGGAAGGGCATGTGATTATCTCAGTGCTCAATAATACGTAGGAGGACAAAAGAATGCCGCAAAACGTGATTTTGAACATCGACTGTGGTGTTGTGAGGCCGTCCATGAAAGGCGACTGGGACCCCGCCGCGACGTACAGCAACATGGATTTGGTTCGCTACAACAACACTGTGTACCAGTGCGTCAGCGATAATGTTGCGATTGGCGTCGCTCCCGAGAATGACGAGGGGGAACCGAATCAGGGTTGGGTTGCGTATTTGATATCTGTGCCCGGGCCTGCTGGGCCTAAAGGTGATAAAGGAGACCCCGGGAGCGGTTCCGGAGTGAATATCCTTGCTGGAAGTAATATTGAAGTTGCAAAATCCGGCGACGATGTCACTGTTTCGCTCAAAACTCCGGTGTTGAAATATGCATACGTTAACGCGTTATTTGATTTGGGTCAATTTGACTTTGGATCGATCCCTAACGAGGCGATCTATCTTGGTATTCAGGCTGGTACCGTTTTCCTCGATTCTACAGGTACCAATAATGTATTTTATGATGTAACAAACGCTCGTTTTCATAGGACTGTCTTTCTTACAGTATTAAATCCTATTGAGGCGAGTTTCCCTGATACTTGGCATTGGAAGAATGGCAAAAGCATCAATGGTGAATTTGAAGAAGGTATGCTCCCGGTTGGGGCATACTTAATAGATTTGGAGTATTTGTGTATTGAAACAGAAATTGTCACTGTCGCCTCTTATACAAAAATAGGTTAATACACCATGCCAAACTCTCAGATTACTCTCGATATCGGTCCCGCTCGCCCTGTTAACCGGGGCGAGTGGGACGCCAGCGCAACTTACGAGTATCTTAACTTCGTCCGACACGGCGGCTCCGTCTGGATGATGGTCGGGGCTGATTACGCCGTGGGGGACGAACCGAGACCGAGTGCCGCAGATCCGGCTGCCTCCAACACGGGGCGCTGGGTCCTCCTCGGCGCCAAAGGCGAGAAGGGCGACCAAGGCGAGCGAGGTCTCCAAGGCGTAGCCGGTCGCGACGGGCTCGACGGTGCGCAGGGGCCACGCGGAGAAACCGGCCCCGCTGGTCTGACTGGGCCGAAAGGCGAAAAGGGCGACCAAGGCCCCGAGGGCTTCCAAGGCCCCCGCGGCACCGCCCCGAATCACGAATGGAACGGCTCAAAGCTTCGCTGGCAGAACCCCGACGGCACATGGGCAGATTGGGCTGATCTCCAAGGGGCACAAGGCGTCACGGGCCCTGAAGGCCCCGTCGGCGAACAGGGCCCGGTCGGCCCCAAAGGCGAGACCGGGCCGACCGGGCCGCAAGGCCCCAAGGGGGATACCGGAGCGACTGGCCCCACCGGCCCCAAGGGCGCGACCGGCAACACCGGCGCGACCGGCGCGACCGCAACCATTGCGTTCGGGCCTGTAACTACGGGAGCCCCGGGGACAAAC
NZ_AP025585.1_gap17	1302190	1306417	4227	CGATGGAAACCTCCAGCGTCACGACGGCGGCGCGTCCGAACGACGGCAGGAAGCCGACGTAGCGTTTGATCCGCTCCGGCCAGCTGCGCGCGCCGCGTTGAATGTCCGCCCAATGTTCGTACATGACTGGTTTCTCAAGCGCGGGACGGTCGTCGTTGAAGTATCCCGCCATGAGAGGATTCCACAGATTCCAGCGGTCGTAGATGCGGCGCAGCGTGCCGTCGTCGCGCAGCGCCACGATCGCTTCGTTGACGCGCTTCAAAAACGCCTCTTCTCCCTTGCGGATCGTCATGGCGTACTCCATGCGGCCGATCGGTTCGCCCACAAACTCGAACATGGGGTTGAACTGCGAATAATAAATCGACATGGGCGCGTCCATGACAACGGCGTCGAGGCGGCCGTTCTGCATGTCTTGGTAAGCCGTGGCTTCGTTTTCGTAGCTGCGGATGTCGGCGATGCCGGCTTTGGCCAGCGTCTCGTAGGCATAGGAGCCGCGCAGCGTGCCGATCGTGTGCCCGCGCGCGTTTTCGAGGGTGCTGACGCCGGCGGGATTGCCCTTGGGGACGACCATCTGCAGATAGGTGACGTAGTAGGGGATGGAGAAGTTGATCGTCTCCTGTCGCTCCGGCGTCACCTCGATGCCGTTGATGGCGATGTCGTAAAGCCCGCGCTGCAGGCCGGGGATGAGGATGTCCCAGACGTTCTGCACGAACTGAGGCTTCAATCCCATCTTGGCTGCAAGCGCCGCGGCGATTTCGGTTTCGAAGCCCGTCAGTTTTTCGGGCTCGGAAGGGTCGTAGAGAATGAAGGGCACTCCGCCTTCGGAGTTGCCGCCCCATCTCAGCACTTTGTCGGGCATGAACTCGGCGGCGAAAGAACAGGAAGCGAAAAGCAGCGTTGCAAGTGCGGCGACGCCTATCTTCGGCTTGGTTTTCATGAAGTAGTATCGACCTCGCATTCTGGAAGATGGCTGTACGTGAATAAGATTAGTTGTGGTAGCTCGCGGGGCGCAGCGTTGCGTCGCGGCCATGCTTTCCAGGGCGATTGCCGCGGATGGCCACGGCGAGGCGGCGTTCGGTGTAGCGGGCCAGACGCACAAAGGGCAGCCCCAACAGGAAGTAAATTACGGCGACCATGATGCCGATGCCGAAATAATCGTAATAAGTGTTCGCCAATTGACCATAAGCCTTGGTCAGGTCGATCAGCGTGATCATGGATACCAACGACGAATCCTTGAGCAGCGAGATGAAGTCGTTCGTTACCGGCGGCAGCGAGACGCGCACCGCCTGCGGAATGACGACGTAGCGCAGCGCCTGTTTCTTGTCCATGCCGAGCGCCAAAGCTCCTTCCATCTGAGCGCGCGGCACCGCCATCAGACCGGCGCGGTAGTTTTCGGCCTCGTAGGCGGCGTAGTTCATGCCCAGTCCGATCACGCCGGCCATGAACGGCGACAGTTTGATGCCGATGTTGGGCAGGCCGTAGAAGATAAAAAACAGCTGGATCAGCACCGGCGTGCCGCGCACGATCTCGATGTAGGCCGTCGCCAGACGGGAGAGGATCTTGGGCGCGAAAAGGCGCGCGATCGCCAGCAGCAGTCCCAGCACGATGGCCAGGCTCATGGCGCAGACCGAAACTTTCAGCGTGACGACGGCGGCCTTGCCGAACGTGGGCAGAAAGCCTACGTAGCGCTGAAAGCGCTGCTTCAGCGTCATGCCCTGGCGCTGGTACTCCGCCCAGGCGTTGAATTTATCGGGGCCGAAGCGGGCTGGCGAATCGTCGTTGAAGAACTTTGCCATAACGGGCGTCCACATGTTCCAGCGGTCGTAAATGCCGCGCAGCGTGCCGTCGTCGCGGATGGAAACCAACGCCGCGTTCAGCTTGTCCAGCAGCTCAGTCTCACCCTTGCGCACGGGGATACCGTAGCTGATCTCGCCGATCGGCTCGCCGACGAACTCCAGGTCCGTGTTGAAACCGGCGTAGAAAATGGCGATCGGCGAATCCATCAATACCGCGTCGAGACGGTCATGAGCCATGTCCTGATAGGCGTTGATCTCGTTGTCGTAAGTGCGGATCTCATCCACGCCGGCGTCGGCCAGCGTGAAGAAAGCGTAGGATTGTTTCAGCGTGCCGACGCGTTTGCCCACGCAATCCTGCAGCGATTTGATTTCGGCGGGATTGCCCCTCTGGACCACCAGCTGCAGGAACGTCTTGTAATACGGCAACGAAAAGTCGACTTCCTCTTTATGTTCCGGCGTGATTTCCAGGCCGCTCAAGGCGATGTCGTACAGCCCAAGATTGAGCCCGGGGATCAGATTGTCCCAGCCGTTGTGGACGAATTTGGGCGTCATCCCCATGCGTTCGGCCAGCGCATCGACAATGTCGATTTCGAAGCCGATCATGATCTTGTCGTCGCGGGGATCCATGAACATGTACGGCACGTTGCCTTCGGAGTCGCCGCCCCACCTCAGGATCGGCTTGTCCTCCGCCAGGGCCGGAGAGACGGTGGCCAGCAGCGCCAGCAGGGCGCAGAGAAGCGTACGCAGCCGTTTCATCAGTAGGTCACTCCGTTGAGATGGCGCAGAAAGTTCTGCGTGCGGGGATCCTTGGGCTGGGTGAAGAGGATGTCGCCGTCTTCTTTCTCGACGATTTCGCCGTCGTGCATGAAGACGATGTAGTCCGAGGCGTCGCGGGCGAAGTTCATCTGATGGGTGACCACGACCTGGGTCATGCCGTCGCGGTCAAGGTCTTTCATGACCTGAAGGACCTCGCCGACCAGCTCCGGATCGAGCGCCGAAGTCGGCTCGTCGTACAGCATCACTTTGGGCTGCATGGCCAGCGCGCGGGCGATTGCGGCGCGCTGCGTCTGCCCGCCCGACATGGTGACGGGGTACTTGTCGGCAAAATCGGACAAGCCGACTTTTTCGAGCAGTTCGAAGCCCTGTTTTTTGGCGTCCTCTTCTTTGACATGTTTGACCACCATCGGGGCCAGCATGATGTTTTCAAGAACAGTTTTGTGCGGGAACAGATTGAAACTCTGAAAAACCATTCCGACTTCCTGACGCATCTTGTGGCAGGCGTCGAGGAACTTCCTGTCGAAATCCCGGTCTTCCTCTTCGTCCTCAATGGAACGGCTGACCGTTACGCCGGCTATGGAAATCGTGCCGGAATCGATGTATTCGAGGCAGTTCAAACACCTGAGAAAGGTGGATTTGCCACAGCCCGAGGGGCCGATGATGGAAACGAGGTCCCCTTCTTCAATGTCGATGGATACGCCTTTTAAAATGGTCGCTCCGTCTTCGTAACTCTTCCGCAGGTTTTTCACCTGGATCAACGGTACAGCCGCGTTGGTCAAAAGTCTCATCCTCCTGTTACAGGTCGGACATGAAGCCGTCGTCCTCCCTATAGCCTGTGCCGGTTCGCTCCCATAGGGTCCGGCATTTTTTGTGTAAAAGTTTTCGCCCCTTCGTATTCCAGCTGCGCGGCGCTGGAACGGCCGGCAGTGGAGTCTCTCGTCACGAGGACGAGGTCATAATAATTATAGGGTGATTTCCCCCTTTGACAAGACCTGAATTTCCTCGAGTCGGTCGATTTGTCGTGCAAAATTTGTCGCAGGCCGCGCGTCGTTTTGTCGGAAACGCGCAAAGGGCTTTTTTATATCGTTCGTTCCACTCCGTATGACTTTGCGAAAACGGGCGACGAGAGCTTTCGCGGTGGAATTCCGTCCCGCGAAAATCATTGTCGAGTTTTTCTATAGGAATTTATTCTTGCGGCGTAAAAACATATTGATATAATTGGTTTATCTCAACAATCCGAGATCAATGGGGGAGTTTCATGTTAAATGAATTGCTGAAAGTCGATCGTCTGACCGTATGCGTGGAGGAACGGGAAATCCTCCGCGGCGTCGATCTGACGGTGAACGCCGGCGAGACGCACGTCCTTATGGGGCCGAACGGCGCCGGCAAATCGACTCTGGGATACGCTCTGATGGGCGATCCGCGCTATACGGTCGGCGCGGGGAAGATTTTCTTCAACGGCCGGGACGTGACCGAAGAGTCCGCGGCGCAGCGCGCCAGGGCGGGGATGTTCCTGTCGTTTCAGGCGCCGTTGGAAGTGCCGGGGCTGACGCTGAGCGGTTTCCTCCGCACGGCGCTGGAGCAGCGCACGGGCGCGCGCGTCAAGTTCGGGGTTTTCCGAAAAGAGCTGGCGAAGGCGATGGAAGTCCTGCAC
NZ_AP025585.1_gap18	1312404	1314246	1842	CGATCATGGAGTTCGCCGAAGGCTACAAGGCCTTTCTCGATACGTGCAAGACAGAACGCGAGACCGCGGCCGAAGTGATCCGCCAGGCGGAAGCGGCGGGCTACGAGAATCTCGACGAGCTGTGCGCGGCGGGGAAAAAACTGCAGCCCGGCGACAAAGTGTACGCGCTGCGCCAAAACAAAGCCGCCGCGCTCTTCGCGATCGGAGAACGGCCCCTGACCGACGGCATGAACCTGATCTGCGCCCACGCCGACGCGCCGCGCCTCGACCTGCGCGCCAATCCCCTTTACGAGAAGGATGGCTACGCGCTGATGAAGACCCATTACTACGGCGGCATCAAAAAGTACCAGTGGGCGGCGCTGCCGCTCAGTCTGCACGGCGTCGTCGTCAAAAAAGGCGGCGAGCGCGTCGAGGTCGTCGTCGGCGAAAACGAAGCCGATCCCGTCGTGTACGTCAGCGATCTGCCGCGCCACCTTTCCGCCGAACAGATGAAGCGTTCGCTCGAAGAGGGGCTCAAAGGCGAAGAACTGAACCTCGTCGTCGGTTCCGTGCCGCTGGCCGGGGCCGAGGGGGATGCCGTCAAAAAACAGATTCTCGCGCTGCTGGAAGAGCGTTACGGCGTCGCCGAAAAGGATTTCGTCAGCGCCGAGTTCGAAGCGGTTCCCGCCGGACGCGCCCGCGACGTCGGCCTCGACGCCTCGATGATCGCGTCCTACGCGCACGACGACCGCGTCTGCGTCTACACCGCCCTGCAGGCCATGCTCGGCGTGGCGCGCCCCGTATACACCGCCGGCGTGATGTTCGTCGACAAGGAAGAAGTCGGCAGCAACGGCAACGCCGGCATGAACTCTCATTACATGGAAAACCTTGCCGCCCGCCTCGTGCGCCTATGCGGCGGCGACGCGCTGGACCTGAATCTGGCGCTGGAGAATTCCAGACTGCTGTCTGCCGACGTCACCGTCGGCTACGACCCGAATTTCGCCGACGCGTTCGAGGTGAACAACACCGCGCGCCTCGGCAGCGGACCGGCCATCGTCAAGTACGCCGGCTCCAAGGGCAAAAGCGGCTGCAACGACGCCAACGCCGAATTCGTCGCCATGATTCGCGATATTTTCGACGACGCCGGCGTGGCGTGGCAGATCAGCACCATGGGACGCATCGACCTTGGCGGCGGCGGCACGATCGCGCCCTTCGCCTCGCGCTACGGCATGCACGTGCTCGACTGCGGCGTCGCCCTGCTGAGCATGCACGCGCCGTTCGAACTGGCCAGCAAAGCCGACGTCTACGAAACGGCCCGCGCCTACGCGGCCTTCCTCAACAGCGCCGCCGAGATGAAAAATTATCTACGCTGACGGACGCAGGAACGTCGTTTCCTTTTTGATACGCCGCCGATAGTCAGGACCACCGGCAAAGCCGGTGGCTTGCTCTGGCCCTATAAGGGCCTCTTACCGGCCACCCTCTCGGGCACTGAAAAGGCTGACAAACGCACCACTATCACAGGCAAGCCACTAAAGTGGCTCTTTACTTGCTCTCTCTCACCGACTCACCCGTAAACGGGTCTTCCAGTTCTTTCAGGGTGAGCTGGTCTGTCAGCCTGTCCTCTTCGAGTTGATTGTGAATATATTCTGTTATTTTCTTTTCATTGCGCCCTACTGTATCCACATAATATCCTCGGCTCCAGAATTTCCGATTTCCATACCTGTATTTTAGGTTCGCAAATCTATCAAATATCATCAGTGAACTTTTGCCTTTCAGAAATCCAAGAACTTCCGATACGCTGTATTTAGGCGGTATTTGCAACAGCATGTGGATATGATCGGGGCACGCATTTGCCTCCAATAT
NZ_AP025585.1_gap19	1317037	1317998	961	CGCTGGGGTAGTGGATGTACACTTCGGGATCGGGCCACGAGTCGAGAGGATTGCTGGCGCGGTCTCCGAAGCGCCAGCGTTTGACGCCCCAGTCCGTTTTGACGTGAGTGAAGCGGGGATAGGCTTCGCCCAGACGCGTGAGCGTCGAGCCGCTGGTGTTCAGGCGGTCGATGACGATCACCTGTCCCTGCGTGACCTTGACGTTTTCCGTGAAGGCCTGGGCCGACATGTTGGCGACCGGCTCTTCGGGATGCGTGCCGCCGATGATCAGAATCGTGCCGCCGGGCACGCCGCTGTCGAAGAAGTACACGTTGGCGTCGTTGACGGAGCCTTTGAGGCCGCCTTCGGGGTAATAATCGCTCAGCTTTTTGACCTGCGTCAGCGCCGCGCTGGGCACGACCGGTTCCTTGAATTCGCGGTGCTCCTTGAAGAGCATGCCCGCGGTGGCGGCCGCCGCTCCGGCGACGACGAGAGCAAGGCATTTTACGGCTTTCAGATTCATTGCGCGCCCCCTCCTTTTACTTGAGGCGCAGAAGGCGCAGTACGAAGGGCATCATGATGATGCTGTAAAGCACGGCTTTCTGCGGATCTTTCGTTTTGACGAAGTTCATGACCACCGCCAGCAGGAAGAACGCGGCGATCCCGTAATACAGCCACATAACGATATTGTTCAGCATGATCATGATCGACTAACCTCCAATCACAGCGGCGAGCTCTTTGCTGTACACCATGCAGGCCGTGCAGACGGCGAGGATGAAGAGCATGGGGACCAGCGCGGTCTTGACGAAACCGCCCCAGTAACTTCCCTTGTAGTCAAGCTCCATGACCGCCGCGCGCCCGACCACCGCGGTGGGCGGCAGACAGTCGCCGACGGGCCACATCACCGACCAGGTGGAAAGCGACACGATCGGGTCGAGCCCGAGCATGTTGAACAGCATGATCAGCGGCACGCCGAACAGCG
NZ_AP025585.1_gap20	1323437	1325602	2165	AACAGCTTTTCCCCACAAGATAAAGATTTAGGAAATTATTCCGTCGTTTTTGTTCTTTACGTGTGTTGTTGTCTGAAAATTATGAGTCATTGAGAGAGGCTGCCCCAAAACTACAGAATTGTCTTTCAAGGTGAATGATGCCACTTCGTTCCGAATTATACGCGGTGTTGTAACGCTGAATAGAGTTCATCAAAAAAGAATCATAATCATCGGCACGGCCAGTGGTTATGATCGCCGCGACGAGTGTTTTTCACAGGCGTTGTTTTTTCAGAGCCTTGCCCCAGTCCGCTTCTTTGAAACCGGGCAGCGCCGCTTCAGGCGTAATCAGCAGGGGACGCTTGACGAGCATTCCGTCTGTGGCCAGAAGCTCATACGCTTCCTCGTCGGACATGTCGGACAGGCGGTCTTTGACGTTCAGCGAACGATAGAGCATTCCGCTTGTGTTGAAAAAGCGCCGCACAGGCAGACCGCTTTTTTCGTGCCACGCGCGCAGTTCGGCGGCCGTGGGGCGATCGTCCGCGATGGCGCGCTTTTCGTAGGGAACGCCGTTGTCTTTCAGCCACTGTTCGGCCTTTTTGCACGTGCTGCATCTCTCGTAACACAGAAAAAGATTCATGCTTCTCACGCTCCGTTCCATGATTGCGCCGGCAGCGCGGCCGGCTTTGTCTTGAAATCCATATCGCACAGAAATGTTATGGTGGCTCATTGTAAAATGAAGTTGAACATCAGAGAGGTAAGAAACAAAACAAGACCCATATGATGTCAAATATAAGCGCCGGCCGATACCACCTCGGAGGATGCCGCTACGGATCAGGCACATTCTATCACAGAAGGATGCCCAAAGGGAAAACATCTGACTTACGCTGTGGCCCCCATCCAGGGACGTCTCAAAGACGGGCACTCGAGCATTCAGGGAGCTGGAGAGCGCAACTGCGCCCCCACGCTGCGGACGTTGATGCGATTTCATGGAGAAATCCGAATTCACCGCTTCTGTCGAACGGCGTCGCTTTCTTTACGCTCTCTGATGTTTAACTTCATTTTACATGAGTCTCCTCTTTTTATTTTCATTCGGCATGTGTTATTATTAACAAATGAGATCTTTGTCTTTTTGCGCGGATGCGCAAGATGGCGATATCGATCATCCGAACGAGTGACGGTGCTGAGATGACGAGAATTTCCCGTGCGGCGTCGCGAACGACGCTGTTGATTTTTTGCCTGATGCAGATTCTGTGGAGCGGAAAACCCGCCGCTGGGGTTGAAGCGGCGCCCGACATGGTGATCGGTGCGGGCGAAGGGCGGACAATACGCGTGCTCTGCATGGAGACGCAGCCTCCGTATCTTCAGATCGACTCTCGCGGCAGGATGCGGGGCGTGTACGTCGATCTGCTCGAACTGATCGCCCAGAAGGAGAAGATGCGCTTTCTCCTTTCGCCGCGCGGCGCGGGCGACGTGAGGAACTCCATGTACCAGATCCAGCCGGAGATCGTGCTCGGCGCGCTGTACCCCGTGGATCCCGAGCAGGAACGATTCGGTTATCTCCCCGTGCGCAATCTCGACCCGATCGATCCCGGCATGGCCGAGAACGTGGCGCGGATCCGCGAGGACTTCCCCGAAAACGAGCGGGATTCGCTGTGTTTCGCCCTGCCGTTCCTGTGGGAGTCGTCGACCGTGTTTCTGCCGAGCGGGCGGACCGACGGGCTGAGCGAGCTGCGCGGAAAAAGGATCTGCGTCGTCGCCGGCGCGCCGGAAGAGAAATTTTTGACGAATCTGGGATTCAAAAAGGAGATCATGCACTGTCCGTCCGCGGCCGACGGGCTGCGCATCCTGGCGTCGGGCATGTGCGACGCCTTCGTCTGCGAGACGTTCCAGGGGCGCTATCAGCTGGCGCAGACGCGGCGGTACCGCTATGCCGTCGACGCGCGCAAGCTGCCGCTGCAGTCTTACGAGCGCGGGCTGGTGGTGCTGCACGGCGACGCGGCGATGGCGCTCAAGATCGGCCACGCGCTGGCGGAGATGAAGCTCGACGGGCGCTACAACGCCGTGATGAACAAATGGCTGGGGCAATACGACGAATTCGTGCTCAGTCCGCAGATCCTCATGCAGGCGGGCTGCGTCGTCCTGCTGTTCATCGCCGCGATCCTCTTCTGGAACCACGAACTGAAGCG
NZ_AP025585.1_gap21	1330624	1335122	4498	CAGGAGAGCGCAAAACTCGGGACGAAGCCTCCGCAGGATGACGGCTTCGTCCCGAGTTTTTGAGTCATTGCAAAACGCTTTGTTCGAGGTTGGGGTCACAGTCCTTTTCGTTCGTTGAGGAGCGTCTTTTACGCGAAAGGCGCGATATCTTGAAAAGGGGCGTTCTTTGCCGCGAGGGAAAAATTTCTCGCCGTGGGAGCGTTCTCTCCGAGGAGATGAGAAAATGTCGTACCACTCCGCAATTCCCCAGTCCGCCACCGAGGAAGTGACGCGTTATTTGCATCGCCAGCTGCTGGTGAGAAAACGCTTCCAGCCCGGCTCGTTTATCCGCGAGAACGACGTGGCCACCGAACTCAACGTGAGCCGCTCGCCGGTGCGCGAAGCGCTGAAGGTCCTCGAGTCTTACGGCATCGTCAAAACTCTGCCGCGGCGCGGCGCCCTGGTGCTGCAGTATACGAACGCCGACGTGGGGGAAATCTACGATGTGCGCGTACTGCTCGAGTCGAAAGTCTATTCCCGGATCGTGAAGAACCATCTGTTGAACGACGAACATTACAGGCATTTGATGAAGTGTATCGACGATTATCGCGACATCCGCACGACCTTCGAGAAAAACCTTCAGGAAGGGCAGCTGGACTTCTTCGATCTGGAGTGCCGCTTCCACTTCTATATCCACGAGATCTCGGGACTGTCCTGGACTTCCGAGCTCCTGAAGAAAACTTATTCGCGCCTGTTCCAGTACATGATCCACAACGTCGGCCTCGAGGACTTGGACAGCATCCTCACGTTCCACACCAACATCGTGGAAAACCTGAGAAGCGGCGATTTGGCGGCGTTGGGAGAGAACCGTATCGAAAGCTACATGCTGGACAAAGCCTACCGCCCCGACAAGTGAACCGATTCTCGACAGAAACGGAGTATGGTCAGCGCTCCGGGGAAGCTCAAGTTCTTAAATGAAGAAACAGGATGAAGTGTTTTGCCGATCCTTCCGGGGGAATTCCTGCGGAAGGATCTTTCGTTTTCGTTCGGTTGGCAAACCGCGCCGGCAGATCTAATACTAATTCTTGATAGAAAGTGTTAACATAATTTTCCGGCCGCTGCGGGGGGCAGTCGCTCAGGACTGCTTCGACTGCTGCGCAGATCGCTTTGTGAATCTCCCCCCGCAGCGCCCTCGTATTCGGCTTTTTGATCAACAAACAGTATTAGATGATCTGCAGCAGCACGCTGGCGAGGATCAGCATGAAGGCGCCGCCGATGCGGGAGGAAATTTGCGCGAAGGGCATCAGTTCCATGCGGTTGGCTGCGGAAAGAACGGCCACGTCGCCCGTGCCGCCCATGTTGGCCATGCAGAGGCCGGCGGTGATGGCCGACTCGACGGGATAGAAGCCGACGAGGCGTCCGACCAGAGCCGAACCGATGATGGCGCCGAGCACCGTCACGCCGACGAGCAGCAGATACTGTCCGGAGAAGGCGGAAACGATTTGGCCGAGATCGGTGTAGGCCACGCCGATGCCGACGAGGAGCGTCGCCGTCAGATTCTTCATGATGAACTGGAACCACTGGTAGCAACAGATCTCGTAGTACTGGGGGAGAATGCCCAGCGCCTTGACGACGGCGACGGAGATGATCATCCAGGCGTAGCTGTGGATCTTGGGAATGAAGAAAGCGATGATGCGTCCCCAGGCGAAAAATGCCGTCGCCAGCAGCAGGCCGACGCCCATGACTGTCAGGCTGACGGCATCGCGCTTTTTGAGGAATTCTTCGTCGGCTTTGATGGTGTCGTCGGCCCCCTTGGCGATCAGCAGGTCGCCGTTGCCGGTGAGGCTGGGGAAGGTCTTGCCGAGTTTGCTCAGCAGTCCGCCGGCGACGATCGCCATGGCGTTGCCGAGGGCGACGGCGGGGATCATGATGTTGATGATGTCCTCGGGTTTCTGCGCCAGCGTTTCGCCGAAGATCTTCGACAGCGGTACGGCGCCGGCGCCCATGCCGCCGCCCATGATCGGCACGGCGATGTAAAGGATGGCCTGCTTGGCGCCGTAACCGGTCAGTTCGCCGACGAGGCCGGCGAGACCAAGCGCCACGACGACGCCGCCGACGATGGCGGGCAGGTAGCGGATGGCGGCGCGGATCAGCAGATCGCGGTTCATGCCGAGGATCGAGCCGCAGATCAGCGCGGCGATGTAGAAGTCAAGAAAGCCCTCGCCCTTCATGAAGTTGGTGACGATCTTGACGGTCGCGTCGGGAATGAGATGATAGTAACAGAGTGCCGCCATGCCGAAAATGATGACGATGGCGCCGCCGCCGAGGTAGGTATTGACGATCGGGCAACGGTTGCCGATCTCGTTGAGAACGGCGCCGACGACGATCATGAACGGAAAGGCGCCGATCATGCCTTTGGGCAGCACGCCCATATACGTCGCCACAAGGACGATGGCCGCGAAGACGGCGAAGATCTGCCAGGGCATGTTGAACAGCCTGAGGCTTTTGCTTTCTTCAGACATTTGTGGAATTCCTCCTCAGAACGGAAAATTTTTCGCGGCGCGGCGTCCGCTCGGCTCGAGCGACGCCGCGCCGGTACAGCCATAGGGGATGGAAAAGTTTTTACAGCCGCGCCACGCCGGTCTTGCGGGCAGCGTCGGCCACGGCTTTCGCCACTGCGGGCACGACGCGCTTGTCGAACGAGTCGGCGATGATATGGTCGGGCGTCAGCTCGGCGTCGGGGATCAGCGCGGCCAGCGCATAAGCGGCGGCCAGCTGCATCTCGTCGTTGATCTGTGTGGCGCGGCAGTCGAGCGCGCCGCGGAAGATGCCGGGGAAGCCGAGGCAGTTGTTGACCTGGTTGGGGAAGTCGGAGCGCCCGGTGCCGACGACCATCGCGCCGGCGGCCTTGGCTTCGTCGGGGAAGATTTCGGGCACGGGATTGGCCATGGCGAAGATGATCGCCTTGGACGCCATGGTCTTCACCATCTCGGGCTTGAGCGCGCCGCCGACGGAGGTGCCGAGGAAAATGTCGGCTCTTTTGATGACGTCGGCCAGCCGGCCTTTTTCGTGATTCGGATTGGTGATCTTGGCGAGCGCGAGCTTGGCGGGGGCGAGGTCCATGTCGTCGGAGAGCGCGCCCTTGCTGTCGAGGGCGATGATGTTCTTCGCCCCGGCCAGCGTCAGCATCTTGCTGATGGCCGTGCCGGCCGCTCCGGCGCCGTTGAGGACGATTTTCACGTCGGCGATCTTCTTGCCCACGACTTTGAGCGCGTTGATCACGGCGCTGAGCAGGATCACGGCGGTGCCGTGCTGGTCGTCGTGGAACACGGGAATGTCGCAGACGGCCTTGAGCCGGTCCTCGATCTCGAAGCAGCGGGGCGCGGCGATGTCTTCGAGATTGATGCCGCCGAGCGTGGCGGTGATGTTTTTGACGATGCCGATGATCTCTTCCGTGTCCTGCGTCTCGATGCAGATGGGGATCGCGTCGATGCCGGCGAAGTTCTTGAAGAGACAGCATTTGCCCTCCATCACGGGGATGGCCGCCTTGGCGCCGATGTTGCCGAGGCCGAGCACGGCGCTGCCGTCGCTGATGACGGCGACGACGTTGCTCTTGGACGTGTAGGTGTAGACTTCCTCCGGCTTCTTGTTGATGACGCGGCAGGGTTCGGCGACGCCGGGCGTGTAGGCGACGGCCAGCTCCTGCATGTTGGTGACAGGCATCTTGCTGACCATGGCGAACTTGCCCACGGTCTCCTTGTGGCGTTCCAGCGCGATTTCGTAAATTGTCTTTTCTGTCATCGATAACTCCTCCTTTTGAGTGTGGAGCGGAGATTGCTGTAAACGAAACGTTGTAATTTTTTCTATTATACATGAAACTCTTCGGAAATGCCGTATTTTTATTTTTTAACGACTGACGAAAAATATTGTTTACAGACGGAATGGCCGTGCTAGAATAAAAACGATTCAGATGATCTATCGGCGCCTAAGAAAGGCGATTTCGTCCTTTGACAGGGAGGGATTCCATTTGGAGATCAGGAGAAAAGCCGTCGCCGGCACGCTCGAGTCGAGCGACGTTCTCGTGGAGATCGAACCGGGGCGCGGCGTGACCGTCGAGCTGGAATCGGTCGTAACGGAGCAGTTCGGCGCGGCGATCGAGGAAACCGTCCGCAGGGTGCTGAAGGAATTCGCGGTGGAGGACGCCTCGCTGCGCGTCGTCGATCGCGGCGCGCTCGACTGCACGATCCGCGCCCGAATGGAGACCGCGATCAAGCGCGCGGCGGAAGGGGAGGAAAAATAAATGCGCCGTTCCATGCTGTTCCTGCCGGGCAACACGCCCAACATCATCGTCAACGGCGACGCGCTCGGCGCCGACAACGTCATCCTCGACCTCGAAGACGCCGTCGCGCCGGACCAGAAAGACGCCGCTCGCATCCTCGTGCGCAACGCCGTCAAGACGCTCGGCTTCGAGAGCGTCGAGCTGACAGTGCGCATCAACTCGCTCGACACTCCCTACTGG
NZ_AP025585.1_gap22	1338109	1339484	1375	CCGGCACGAAGATCCAGCAGGCGTTCCTCGGCACCTGCACGGGCGGCCGCTTCGAAGACCTGGAAATCGCCGCGCGCATCGTCAAGGGACGGAAAGTGCCGCGCGGCACGCGCTTCGTCGTCGTGCCGGCCAGCCGCAAAACGCTGCTCGAAGCCGTCAAAAGCGGCGTCATGGAGACGCTCGTCGAAGCGGGCGCCACGTTCGTCACGCCCGGCTGCGCCGCCTGCCTGGGCACGCACGAGGGCATGCTCGCGGCGGGCGAGAACTGCATCAGCTCTTCCAGCCGCAACTTCCCCGGGCGCATGGGCAGCGCCGAGGCGCGCATCTACCTTGGCTCTCCCGCCGCTGTGGCGGCCGCGGCGATCGCCGGCGAGATCGTCGATCCCGCCGAATTCCTGTGATCAGGAGGCCTCCCATGGAAAAAATCATTTCCGGCCGCGCCAGCGTCTTCGGCAGCAACATCGACACCGATCAGATCTATCCCGGACGCTTCCTCTCCGAGACCGATCCCGACGACGTGAAGCGCCACGCCATGGCCGGCGCCGACCCCGACTTTGCGGAAAACTTCCAGCCCGGCGGTCTGATCGTCGCCGGCACGAACTTCGGCTGCGGCTCGTCGCGCGAACACGCCGCCGTCGCCCTCAAGGCCGCCGGCGTCAGCGCCGTCGTCGCCGAATCCTTCGCGCGCATCTTCTTCCGCAACGGCGTCAACCTCGGCATTCCGCTCGTGACCTGTGCGGGCGTTTCCCAAAAAGTCAAAGACGGCGACCGCCTTGTGCTCGACCTTTCCCGCTCGCTCCTGAAAAACGAGACCAGTGGCGAGGAACTGCCCTGCGAACCCGTCGGCGATTACGCTTTGACGATCCTCGAAGCCGGCGGCATCAAGCTGCTGCTGAAAGAGCTCTACGGCCGGCGCTGAAACGGGCGTTTGGGTACGAAAAAACCGGCCCCTGCGGCAGGGCCGGTTCAATTTTTCGAAAAAACTACTCGCCTTTGGCGAGGGCGATGTTTTTGGACACGGTGGAGATCATGCGGGCGATGTCGGTCTTGCGCACCCAGGAGATCACCACGTCGTCGCCGGAGACGCCGGCGGTGCTGATGCGGAGCCTGCCGAAGAAAAAGCCGCGCTCGCCGCGGATGGAGTTGATCTTGCCGTAGGGGAAAATGCGGTCGTCGCTGCCGTAAACGATGCCCGAATCGAGCACCATGAAGCGGCGGTTGGTCGCCACGACGAGCACGGTGTTCTTCCTGCCGTCATAGCCGCTGGTCAGGAACTCGATCACTTCGCCTTCGTCGAGGATCTTGGGCAGGGCGCGGCGTTCTTTTGCGGTGAACCACTTGTGATAGGGGCCGATTTTACGCAGCTGCTCGCGAA
NZ_AP025585.1_gap23	1346687	1349480	2793	GCGCTTCTGGCGATAGGAGCGGTTTCGGCGCTCGCCGCTTCGAAGAGCAAAGACGAGGAACTGATGAGAGCCCGCTCGGCGCTGCTGTGGATCGGCGGCACGCGCGTCGGCGACCTGATGGTCGGAGCCGACGCCAAGCTGCAGTTCCAGTTCGTGGATCGAACTCTGTCGGCGCGCATCTACGCCGCGCCGAACAACTTTCCCGACGACATCGTCTGGAACGCGTCGTATATTGACAAGGCGGCGCGCGCCAAGTGCAATCTGGTGATCCTCGGCTACCGGGCTGTGAACCGCTGGAACTTCGATCCCGGCAAGCTGACGGTCAACGGCGAACCGCTGCCGGCCGGGCGCATTTACACGAGTCTGCTCTCCAAGGAGACGGGCAATCTGGCGCCCGATACGCAGGACGCGATCGCCTTCGGCGTGCCGCGTTCGCAGTCGCGCGGCGGCAGCGAGGTCGTTTTCGGTTACGACGGATATTCCGTGAAATTGACGATTCCCGAGAGGTGAGTGAAAATGGCGGGGCATGTGTTCAAGTGCGCGCTCTGCGGCGAGCGGGTCAGTTCCGACGTCCGCCCGGCGCGCTGCCCGAAGTGCGGGGGCAAGGCGTTCGTCCATGAAGAGGGCGAACCGTTGCGGAGAAAGGCAGGCTGCACGGGGTCGTGCGGCGGCTGCAGCGGATGCTGTCACTAGAGAAAGTTTTTCTGACGCTGGGGATCGAAAGCAGCTGCGACGACACGTCGGTGGCGTTGCTCGCAGGGCCGCGGCGCATCCTCAGTTGGAAGATCTCCAGCCAGATCGAACGACACGCGGCGTTTGGCGGCGTCGTCCCGGAGTACGCCTCGCGCATGCATCTGGAAGCGATTCTGCCGCTGACGCAAACCGTGCTCGAAGAAGCCGGCGTCGCCGATCCCGCGAAACAGATCGGCCTCGTGGCGGTGACGCGCGGCCCCGGGTTGATGGGCTCGCTGCTGGTCGGTGTGATGACGGCCAAGGCGTACGCGCAGGCGTGGAACGTTCCCGTTCTCGGCGTCAATCATCTGGAAGGGCACATCTACGCTAACGTGGTCGATCACGAAGATTTGCAGTTTCCCTTTTTGTGCATGGTCGTTTCCGGCGGTCACACCGAAATCGTGCTCGTCAGGGGCTGCGGCGAATATGAAATGCTCGGCGCCACGCAGGACGACGCGGCCGGCGAGGCCTTCGACAAAGTGGCCAAGGTGCTCGGCCTGCCCTATCCCGGCGGCCCGGTCATCGACCGTCTGGCCGTTGCGGGCGACGCGGACGCGTTCAGTTTTCCCGACATGGTGCACCATCTGGACGGGTTGAATTTCAGTTTCAGCGGCCTGAAAACGGCGGCGATCAATCAGGTGAACCGCCTGCGCCAGAAGGGCGAAACGGTCCCGCTGGAGGACTTCTGCGCTTCTTTTCAGGCCACGGTGGTGAAGACTTTGATCGCCCGTCTTGAACAGGCCGTGCGGCTGACGGGCGTGACGTCGGTGGCGATCTCCGGCGGCGTGGCGGCCAACAGCGCTTTTCGCCGCGCGGTGGCGGAACACGAAGGCTGGAATCCCTTTCTGCCCTCGAAGATGTTCTGCACCGACAACGCGGTGATGGTGGCCGCGGCCGGCTACGCGGCCTGGCAAAGCGGCCGTCGCGGCGGTCTTGGGCTGGCGCCCGATCCGGCGCTTGATTTCGGCGAAGACGAGGTGGTCGGAGAATGAGGAACGCGCGAAAGAGCAAGGGATTTACGCTGATCGAACTGCTGATCGTGATCACGGTGATCGGCATCCTTTCCGGCAGCGTGATGCTGACGATGGGATCGAGCGCCGATAAGGCCGAAGCGACGCGGATCGTCACCGATCTGCACAGCCTCAAGCTGGCGGCCGGGCTGTATTACGCCGATAACGTCGGCGGCGCGCTCTCGCCCGACATCGCCAGACTGAAAACCTACGTGACCGCGCCGGAAAAGCTGAGCGGCGATCAGTACGAATTTGTCGCCGGAGCCGACGCGGGACAGTGGTTCGTCGGCTACAAGGTCGCGGGGGCCGACGCAGGCGTGCGCGAGAACCTGAAGAAAATGGCCGCCGCCAACGGCTTGCGTGTCGGCACGACCTCGGCGGACACCGACGTGTACGACGGCGGCACGGCGGGCATTTATGTGCGCGTCAAGTGACGCTGGTTCCCGAAAAAGTGGGGAAGGGACGGCCAAGGCTTCGAGAAAAGCCGCCGCTTTTTGCGGCACGCCCGCAGACTGAAAAGGGAAAAAAGCGGAAGTGTCGTTCCCCCGGCATTATGAAAAAGGCGCTGAGAGACCTGTCTCTCAGCGCCTTTTTCTGTCATCGCGTGCGTCATAGGACTGTCAATCGATTCTTGAGAAAGCCTTAACATCTGGGCGCTCGCTCGCCGTCGGGCCGTTCCGTTAAAAGGTGGCGTTAAAAGTCGATGGCGGACTGGCCGACGCGGTAGTAGGTCGTGCCGTTGTCCTCGTATTTCTCGTAAACGCCTTCCACGGTGATGGGCGCTTCGAGATCGGGGAAATCTTCAGGGTAGAACAGCTCGCCGGCGACGCCGAACTCGAGGCTGTTCTGCGCCAGCGGAATGACGCAGTTGTAGAAAATCTTGTCGGGATCGGGCTGTCCCTGAGCGTCGACGCCCTGGATGATGGCGAACTGGCCGGCCATTTTGACGCGGCGGCCGAGGTAGCTTTCGGGATTGTTTTTGATGTCGCGGACGACGGCGAACAGCATCGTGCGCCCCATGGCGGTGAGGTCGACGTCCGGCGCGCCCGGC
NZ_AP025585.1_gap24	1441657	1445375	3718	AGTGCCGTCCGCCCAACAACCGCGTTCCCGAAATCGAAGAGGTCTTGAGCTGCCAGCGCTGGCTGGAAGCTCAGATCGCCCTGCTTCAGCCGCAAATCATCGTCTGTTTGGGGAACACGCCTCTGAAGTGGTTTCTGCACGGCACGGAGGGGATCACCAAAATGCGCGGGCGCTGGTTCACGTGGCGCGGCGCGGCGCTGATGCCGATGTTCCATCCCAGCTACCTTCTGCGGAACCAGAGCCGTGAGCGCGGCGGCCCCAAGGATTTGACGTGGCGCGATATTCAAGAGATACGTCAGCGCTATGAAAGCCTGAGAGGATAAAGCATGGAAAGTTGCGCGAACTTACCGAAACACGTCGCCCTGATCATGGACGGCAACGGCCGCTGGGCCAACAAACGCGGCCTGCCCCGCCTGTTGGGGCACCGCGCCGGGATCGCCGCTTTGGAGCGGACGGTGCGGGCGGCCGGCGAGATGGGCATTGGCTTCCTGTCGGTTTACGCTTTTTCAACGGAAAATTGGAATCGACCTCAGCTCGAAGTGATGGGCTTGATGGCGCTGCTTCGGCATTACGCGCGCCGAAAGGTGCCCGAACTCGTGAAAAACGGCGTCAGGGTCCGTTTTTGCGGGGCGCGCCGTGGCGTGCCCGATGAAGTTTTGCGGATCATCGACTGGAGCGAGACGGAGACGGCTCGATGCGGCCGCATGACGCTGGTCGTCTGTTTCAATTACGGCGGACGGCAGGAGATCCTGGACGCCATTGCCGACGCTCAGTCCAACGGCGAAACGATCTCCAGCGAAGAAGACCTGAGAAAACATCTTTATCTTCCCGACGTTCCCGATCCGGATCTGATCATCCGCACCAGCGGGGAGCTCCGCATCAGCAATTTCTGGCTGTGGCAGGGCTCGTACAGCGAATATTATTTTACGGACACGCTCTGGCCCGATTTCGGCGCCGCGGAACTGAAAAAGGCATTGCAGTCCTATGCCGGAAGGGAACGCCGCTATGGACGAGTCGAAGAGTTTTGAGCATACGCTGGCCGTTCGCGCCGCTACCGGCACGGCCTTGGTCGCGGTGATGCTGGGATTGCTTTATCTCGGCGGCTGGTGGTGGCATGTCTATGCCGCGTTTGTGGCCTTGGGGTCTCTCTGGGAGTTTTACCGCATGTCGCCCAGCCTGCCGAAAGCGGACCGCTTCGTCGGCCTGGTGGCCGCGGCAGTGGTGCTTTTTTCTTCCGAACAAGTGTCGCAGACCGGTTTGATGGCGATTTTCGGCTTGTGCTGTTTCGCCGTCTATTTTATGGAACTGGCGCGTCGCCAGCTGACCGCCGGCAGTCATTCCATCGCCAGCGTCGGCCCTGTGATCACGGGCTTGGTGTACGCGGTCATCCCGTGGTACTGTATGATTCGTTTTCGGGCTCTGCCCGATCCCGTTGGTTGGGCGACGGTCCTCTCCATCTTTCTCTGCACCTGGTCGTGCGACGTCATGGCCTATCTCGTCGGCTCGCGCTGGGGAACGGTGCGCGTCTGTCCTCATATCAGCCCTCACAAGAGTCTCGAAGGGTTTATTGGCGGCTTTGTCGCCAGCACGCTTTGCGGCGCGCTCTGCGCGCTGTTTTTCAAGTTCAGCCCGATGGCGTTCATCCTGGTCGGCGCAGCCTGCGGCAGCGCCGGTCAGCTGGGCGATCTGGTGGAATCTCTGATCAAGCGCGAGAACGACGTCAAGGACAGCGGGCATATTTTCCCCGGTCATGGCGGATTCCTCGACCGCTTCGACAGCGTTCTCGTCAACACGCTGTGCGCGTGGATGATCTGGTGGGCTTTCCTGCTCTAAGAGTTGAAGAATGTCGAAAAACACGAAAAAAAAGGTGGCCGTGATCGGCTGCACCGGCAGCGTGGGCTCTTCGGCGCTTGACGTGTGCCGTTCCTATCCCGAGTTCTTTCAGGTGACGGCGCTGGCCGCGGAGACGGGAAGAGAAGCGCTGCCGTCGCTTTGTCGGGAGTTTGCGCCGCGGATTGTCGTGTTGCAAAAGACGCGCTATGATTTGCCCAAGGATGTGGCGCTCTGGAAAGGCGAGGAAGCGCTGCTTCGTCTGGTCGAGTCCGACGAAGTGGAACATATCGTTTTCGCCTCGTCCGGCGTCGCCGCGGTAAAGGCGCTGGCGCGCGCGATGGAACTGGGCAAGGAAATCAGCCTGGCCAACAAGGAATCGGCGCTGATCATGGGCGAGCGCCTGACCGCCGCCGTGCGCGGCGGTCAGATCCGTCCGCTCGACAGCGAGCACAACGCGCTCTGGCAGTGTCTTGCCGGCGAAAATTACGATCATGTGGAACGGTTGGTTCTGACGGCTTCGGGCGGCCCTTTCCTGCGCACGCCGCTGGAACAGCTCGACGCGGTTACGCCCGAGCAGGCGGCGTCGCATCCCGTCTGGCCCATGGGGCGAAAGATCAGCGTCGACAGCGCCACGATGATCAACAAGGGCATCGAGCTTCTCGAGGCACACGATCTTTTCGGGATCCCGGGAGAAAAAATCCTGCCCGTGATCCATCCCGGTTCGAAGGTCCACGCGCTGGTTTCTTTCGTCGACGGGGCAACGAAAATGCTCCTCAGTTCTCCCGATATGCGTCTCGCGGCGCTGACGGCCCTCTCGTGGCCGGTGCGTCTGCCGCAGCGGATGAAGAAGATCGAGCCGGTCGAACTGGACGGCCTGGATCTTCATTTCGAAAGGCCGCAGAAAGAGCGTTTCCCCGGGCTTTATACGGCGATCGAGGCGGCCGGCCGGGGCGAGCCCTATCCCGTCGTTCTGATCGCCGCCGACGAAGCGGCCGTGCAGATGTTTCTCGAAAGGAAGATCGGCTTCGCCGACATCGCAAAAATTGTGTCCGCCGTCGTGGACGGCTATAGCGGCGGGCCCGCGGAAGACATTTCCTCGCGCGTCGCGCTTTACGAACGCTGCCGGGGCCACGCCCTCGAATTGGCGAATGAAAGGTCCTGGGGCAGGAAGAAGGTTTGGAGTTAAATGATTTTGAGCGTCATATCGTTCCTTTTCATCATCCTGATCTGCGTGATCGTGCACGAGTTCGGCCATTACCTGACCGCGCTCTGGTGCGGCGTCAAGGTGCACGAATTTTCCTTCGGCATGGGGCCCGTGCTGTGGCAGCGCCAGGGACGCAAAAATAAGTGGTCGGTGCGCGCGTTCCCCGTGGGCGGTTTTGTCCGTCTGGCCGGCATGGGCGAGGAAAACGAGGGCGAATCGCTCCTTCCCGGGGAGAGCTTTCAGGAAAAGCCCGCCTGGAAGCGCCTGATCGTTTTGGCGGCCGGCGCCTTCAACAATATCCTGCTGGTCGTGGTGCTGGCGACGGTGCTGCTGATGTCGCGCGGCGTGATGGACCTTTCCGTCAGCGAAGTCGGCGCGCTGATGCCCGGCTTCCCGGCGGCGGAGGCGGGGCTGCGGCGCGGTGACGTGATCGAGCGGGTCGGCGGCGTCGGCGTCCGCGATTGGGAAGAGATGACCCGCGCGATCCGCTCCCAGGCCGCCGCTCGGGAGAAACTCGAGCTGACGGTCCGGCGAGGTTCCCGGCAGCTGACGCTGACGATGGGAACCAAAGCTGAAAAGGCGGGCGAGCCGCCGCTGATCGGCATTCAGCCCGCGATCAGGAAGCTGCCGCTGAACCGGGCCCTGCGCGGCTCGCTTGCGTGGACCTTCCGTATGTCTCTG
NZ_AP025585.1_gap25	1447186	1448491	1305	GTCGGAGACTTATGACGTCTACCGGCGCACGATCGGCCGAGTCATGGAACCTTCCGCGCTGGCGGGGGCTAATATCAAGCCCCGGTTGCGCATGATCACGGTGTATTCCATCGCGCAGACGCTCGGGTATCTGGTGTGCGGTACGGGCAACAAGGACGAGCTGACGGTGGGTTATTTCACCAAATACGGAGACGGCGGCAGCGACTTTATGCCTCTGGCCGATCTGACTAAAGCGGAGGTGCGCGCGATCGCGCGCGAAACGGGCGTGCCGCCTCCGGTCATCGAAAAACCGCCGTCGGCAGGGCTCTGGGAAGGGCAGACCGACGAGCAGGAAATGGGGCTGTCCTACGAAGTTCTCGACGCCTATGTTTCCGGGCAAACGATCGATGAGAAGAGCCGCAGGGAAATCGAGCGGCGCAAACGTATTTCGGAGCACAAAAGGAAAATGCCGCCGATCTGCGTTATCGACGCAGTTTGAGCGATTTCAAGCATGTTTTGCGGAGTGCGGCTCCTTAAACTTTTTATGAGGTGATTTTGTATGTCAGGGCATTCGAAGTGGGCAAATATCAAGCATCGCAAGGCTGCGCAGGATTCCAAAAAAGGAAACGAGCGCCAGAAACTGATCAAGATGATTATCATCGCGGCCAAAGAGGGCGGCGGCGATCCCGGCATGAACGTGCGCCTCAAGGCGGCTCTCGAACGCGCGCGCGCTGCCAGCGTTCCCAACGACACGATCACCAGGGCCATCAAACGCGGCACCGGCGAGCTCGAAGGCGTGTCCTACGAAGAGTTGATGTATGAAGGCTACGGTATCGACGGCGTGGCCATCATCTGCGAGTCGCTGACGGACAACCGCAACCGTACTACGCCCGAGATCCGCGCCATTCTCGAACGCAACGGCGGTTCCATGGGAACGGCCGGCAGCGTGGCCTGGAATTTCGAGCGCAAGGGCAGCGTCACCATCGAAGGCGCGGTCGACGAGGATCAGCTGATGGAGGACGCCATCGACGCCGGGGCCGAAGACGTCGCCATTCAGGACGGGGGCGCTGCCGTGACTACGGATCCTTCAGCCATGATGGACGTTCGCGAAGCGCTTGAAAAGAAGGGCTATAAAATCGCCGACGCCGAAAACGTCTTCGTCCCCAAGACGACCGTGACGATCAGCGACGTGGAGAAAGCCCGCAAGATGCTCAAGCTCTTCGATTTGCTCGACAGCCACGACGACGTTCAGAACGTCTACGCGAACTTCGAATTTACCGACGAGGTGAACGAGGCCATTGCCAACGACGACTAAGGGGCTTGTCT
NZ_AP025585.1_gap26	1561477	1565737	4260	GCTGCGACATCGTTTATTTTCTCAATCTCCTGCTGGCCGACGGCTATTGCCCCGACTTTTGGACACACGTGAGTCGCCGGGAAGAACGCGTCGATCCGGAGAATTTTTATCTGCGCTATGCGAGCTGGCTTTACGGCCCCGAATACGACGAGAAAGAGCTGGACATGGTCAAAAAAGAAATCGATAAGTATTTGGGAGACGATAAAAAAGTCGCCGTGTCGGGCACAAATGTCATGGGGATGCTGTATCTCGATCTGCGGAAGTAGCCTGTGAAGGAGAAACGCGAGCGCTGGAATTTTCCCGCAACGATAGCGGCGGCGCGCGGATCCGTCCCGGAATGCCGCTGGACGCCGCGCGCTCCGGCATGATTGAATACGAAAGAGCGGCTCCGTACGAATCCTGCATTCGTACGGAGCCGCTCTTTCGTATTTACGGTTTGGTGCGGGGGGGGGGAATCGAACCCCCATGGATTGCTCCACAAGATCCTTAGTCTTGCGCGTCTGCCAATTCCGCCACCTCCGCGTGACACAGGGCATTATACCACGCGTTCGATTGGCGTCAAGTCCTCAAAACAAAACCCGCCACGGAGAAGCGGCGAAGCGGAGCAATGCAAAGAGAATATTAAGCTTATTATGATATTGTCCGCGGAAGTCGAGCTGAATAGGGAAGGAACAGACGATGAATACCGTCTTTTATCAGCGGAACGTTGAAATTGATAAGATACCCTAAAGTCTTTCCCGTGAGTTTCATATATGAAAGAAGCTGTGCGGTATGAACCGGTTTCAACTTTGAGGCGTCGCAGTTGGAGCTTGTGAGCGAGGCATCATGTCTGATAAACTCGCTCCGGAAGTCCGGGGCCCGGAGATTTATGTACGGCAAATACCCCGTTGACGATTTCATCACATAAAGAGTTGAGAGCAGGGGAAATCACGTGCAACCTAGAGTTTGTCATTCTCCGCTTCTCCGTTGCTCTGTGGTGGAATTTGTTCTCACTGCGGAAGTCTGCGTGCGCATCCAGTTGAGGTAATTTCTGACGAGGGGGATGGAGAAACAGGCGCAGAGGACGTCGGCGACGGGCTGGCTGATTTGGATGCCGGTGAGGCCGATGAAGCGGGGCAGGATGATGACGCAGGGGATAAAGAAGAAGCCGCGCCGGGCGCCGGAAAGGAACGACGCTTCTTTGTAGCGCCCGGTGACCTGGAACAGCATGTCGGTGAGAGCGGTCACGGGCAGGGTGACGAGCGTCACACAGTGGGCGCGGAAGGCGAAGGAGCCGATCTCAGAAACGCGCGGATCGGTATTTTGAAACAGGGCGATGACCTGCGGCGCAAAGACGAAAAAGAACGCCGCCAGACATGTCAGCACGATCAGGCCGGTACGGACGCAGAATTTATACGCTTCGATGACGCGGTCGTAGCGCTTGGCGCCGAAGTTGTAGCCGGCCACGGGCTGGAAACCCTGCCCGAAGCCGATCAAGATGGAACCGATGAACATGGACACGCGCATGACGATGGCCATGGCCGCGAGCGCGGCGTCGCCGTAGACGGCGGCGCTGGTGTTGAGCGCGATACTGGCCAGCGAAGCCATGCCCTGGCGAAACAGCGTCGGCATGCCGGTGCGGACGATTAGACCGTAAAAGGCGGGCGAACGGGACACATACCGCGGGCTGATGCGCAGCACCGTGCGTTTGAAAATGAAGTGCGACATCAGAATGGAGAAACTGACGCACTGGCTCAGCACGGTGGCGATGGCGGCGCCGGCGATGCCCATTTTGAACGTGAAGATGAACAGCGGATCCAGCACCACGTTCAGCAGCCCGCCGGTGACGATGCCGAGCATGGCGAAGAAAGCCTTGCCTTCGGAACGCAGATTGGTATTCATCACGAAAGACGTCGTCATCAGCGGAGCGCCGATCAGGATCCAGCGGGCGTATTGACGCGCGAAGGGCAGAATGGTCTCCGTCGATCCGAGCAGCCTCATAAAAGGATCCAGCCAGATCAGCCCGCCGGCGGCGACCAGCAGGCCGAACGCGAGCGCGGCGAAAAACGCCGACGAGGTGGCTGTTCGGGCCTCGTCGTCTTTCCGTTCGCCCAGACGCCGCGAGGCGATGCTGCCGGCTCCCATGCCGAACATGAAACCGATCGCCTGAATGATCGCCATCAGCGAATAGACCACGCCGACGGCGCCGGCGGCGCTGGTGCCGATACGGGCCACGAAGAACGTGTCGGCCATGTTGTAAAAGGAAGTGATCAGCATGCTGCAGATGGTTGGCATGGCCAAGCCGAGAATCAGAGGCCGCAGAGGCGACTGAGTCATCTTGATGAACTGCTGCTGGGCGGCATCGGGGAAGTTGTTCATGGTAGGTCAGGGCTCCTTAAACGATCTCGCTGAAGTGTCGGTAAGCCGATACTGATTCTTGCATAGGAAGTATTACCATGGTTTGCTGGGCGCCGTGAGGAAGTCCAGCCGCTCGGGACGATCTCGGCTGCTGCGCGGCGTGCGTTGTGAATTTTCCTCGCCGCGCCCCTGCGTTCGACTTTTTAATCAAGAAAAAGTATGATATTATTCTCAATCAAAGTGCATCGTTGAAAATGCAGTGCTTCGCACCGCGGCGCTCGAAAAAATCGTTCGATCTTTTCGAAACTTGGGATGGCGGCCTATTTGAGAGGACAACTGAATTCCTGTCTATACTGTCAGACGTTTTTGTGATATAGTTTAGCGACACTGTACGTATAAATAAAAGATGTTCAATTTGTCCGAGAGGCACGTTACGGATTTTTGTCCGATGAAGTTTGTCGAACCCGACAGAGACGGAGGTTCTTTTCAATGAAAGTTTCAACAAGGGCTCATTACGGACTGCGCGCGGTCATCGCCATCTCCGAAATGGCCCGGAGCGGGCTGCCGGTCAGCGTCAGCGACGTGGCCAAGGCCGAGAATCTTTCTGACACATATCTGGAGCAGTTGGTATCCAAACTGCGCCGCGCCGGGATCCTGCGCAGTTACAGGGGTGCCCGCGGCGGCTATGAATTGGTTCGCGATCCTGATACGATCACGGTTGCCGAAGTGCTGAAAGCCGCCGGCGAACAGATTATCTTTCCCGAGTGCACCACGCCTGAGGGATGTGAGTTGGCGCATCAGCGCGGTCATGTTTGCGCTTCTTCCCATTTCTGGCAGAATCTTAATTCCATGGTGAATAAAATCGCTGAAGAAACGACGGTCGGCAGTTTGATCCGGAACTACGAAGAAGAGATGGGAGAAATGCGGGCCGAAAAACGGCAATGACGCGGTGGAGCGAATAACGGAATCCCTGTCTGCTGAGACAGGGATTTTTTGTCGGCGGCTACAGGCTGCCTTCGCAAAGTTCAATGATCTCGCCGTCGGGGCCGTTGAGAAAACAGTTGCGGGCATGATCCCCCATGGGGCGGACGGGGCCGGCGTCAAAGCCGCAGCCGCCGAGGCGCCGGAGGGCGTCTTCCATGGACGGGACGGAAATTGCCACGTGGTTGCGCCCCGGAACGCGGTCGTCACCGGGCTTGTAAATCAGCTCTACGGAGAAGTCCGCAAACCTGACGAAGACCAGATGGGATCCCGAAGGCATTTTGAACTCCTTGTCCTTCATGCCGCCGAGGGCATCGACATAGAAACGAAGCGACCGATGAAGATCCTGCACGCGAATCCCGACGTGAGCCATTGAATACATGAGCAACCGTCCTCCTTCATGAAAAAGCAAAAAAAATGAAGTTTTTTCGATGTTCTTTATCATAGCAGAAATTTTCTCGTTTTGCAGTATCAGGAAGAGCCGTATATGCTTTTAGAAATGGCTTTTACTGCAAAAATTTGTATTATGCCCCTTTCGCAAGCCATGGGGGAGCCCGTTTCAGAACGCGAAATCAGCAGAAATCCGCTCTTGGGGGGCTTGTCAGGCGCGAATGCTGTGATATACTCACATCGTTGAGTACCAAATCCTGTGTGGAGGTGTCTGAAAAATGACAAAGGCTGAATTGGTTGAGTTCGTAAGGGAAAAGACGAATCTTCGGAAGGTCGACGCTGCCAACGCGGTGGCCGCCATGCTCGAAGGCGTGAAGGACACGCTGCAGAAGCAGGGCAAGGTCCAGATCGTGGGCTTCGGCACTTTCGAAGTACGTCAGCGCAGCGCTCGTACGGGCCGCAATCCTCAGGATCCTTCCAAGACTGTCCACATCCCCGCCAAGAAAGTACCTGTGTTCAAGGCCGGCAAGCTTCTGCGCGAGGCCGTCGACG
NZ_AP025585.1_gap27	1570677	1575176	4499	CTCCGAGTGGAGCGGCATCCCCGTCAAGACTCTGACCGAGCACGAAGCTCAGCGCCTGCTGCGCCTCGAGTCGGAGATCCATCAGCGCCTCGTCGGCCAGGACGAAGCGGTGAGCGCGCTCTGCCGCGCCGTGCGCCGTTCGCGCAGCGGCCTGAAAGACCCGCGCCGTCCCGTGGGCAGCTTTTTGTTCCTTGGCCCCAGCGGCGTCGGCAAGACCGAACTGGCCCGCTGTCTGGCGCGCGCGCTGTTCGGCAGCGAAAAGGCCCTGCTGGCTTTCGACATGAGCGAGTACATGGAGCGCCACGAAGCCGCCAAGCTGATCGGCGCGCCGCCCGGCTACGTGGGCTACGACGAGGAAGGCCGCCTCACCGAGGCCGTGCGTCGTCATCCCTGGTCGGTGGTGCTGTTCGACGAAATCGAAAAGGCCAATCCCGACGTGTTCAACCTGCTGCTGCAGATCCTCGAAGAGGGACGGCTCACCGACGCCCACGGGCGCACGGTCGATTTCAAGAACACCGTCGTCATCATGACCAGCAACCTCGGCGTGCGCGAGACGGCGAAAGCGGGGCTCGGTTTCTCCGCTTCCGCGGAGGCGGAAAAGAAAAAGCAGTCGGAAGCGGTCCTCGGCGCCGTGAAGGAGTTCTTCCGCCCCGAGTTCCTCAACCGCGTGGACGCGCAGCTCGTCTTCCATCCGCTCAGCGCCGAAGAGATGACGCGCGTGTTCGACATCATGATGTTCGACCTGCGCGCGCGCCTCGGCGAGCACGGCATCATCCTCTCCATGGCGAAAGATGCGCGGGAGTTCCTGCTCAGGGCCGCGGCGGCCCAGAATCAGGGGGCCCGGCCGCTGCGCCGCCTGATCCAGACGAAGATCGAAGACCCCCTGTCGGATCTGATCCTGTCCGGCGAGGTGCCCGACGGCTCCACGGTGGACTGCGTTCTCGACGGCGAAGCGCTCGCGTTCAGCGCCCGGCCGCCGCGCCGCCGCGCCAAACGGGAGTTGGCCGCAGTTTCCGAGTAAACAAAAGCCGCCGAAAAACTTTCGGCGGCTTTGTCATGAGGATTTGTCCGGTATGGACGGCGAAGGAAGGTGGGTTTCATCGAATTAAAAGATTGTTTCCCGTTTTGGGGGCGGCTGACGGCGGACGAACAGTCGGAGCTGGAAGCGGCGGCGCTCGTCCGCGGCGTCGAGGCCGGCGCGCCGCTCCATACCGGTTCGGCCGACTGCGACGGCCTGATCGCCGTCATGGACGGGCAGATCCGCGCCTTTATCATCTCTCCGGAGGGACGCGAGCTGACGCTGCACCGCCTCGTTCCCGGCGACATTTGCCTGTTTTCGGCCACTTGCGCCGTGCCGGGGCTTCGTTTCGACGTCAGCGTCGAGGCGGAAAAAAACTCGCGGCTGTGGGTGATCCCGCCGGCGGCATGCAAGCGTCTGGTGGCGCGTTCGCTGGTTTTCGCGAATTTCATCGGCGAGCTCGCGGCCTCCCATCTGTCCGACATTCTCTGGCTGGTCGAACAGGTGTTGTGGAAAAGTTTCGACGCCCGTCTGGCGGAGTTTCTGCTGAAGGAGAGCAAGCTGGAAGGGACGGGGAAGCTGAAGATCACTCACGAGAAGATCGCCGCCCACCTGGGCACGGCCCGCGAGGTGGTGACGAGGATGCTGCGTTACTTCCAGGCCGAGGGCATGGCGCGGCTTTCCCGCGGCTGCATCGAACTGGTTGCGCCGGACAAACTGGCGCAGCTGACGGCAAAAAAGTGAATCGGAACATTGCAGAGCGCAAGCGCCCGGCGGACCAGTCCGTCGGGCGCTTGCGCTCGTTTTCGGGGCATGTTTCTCGCGCCGCTTATTTGAGCAGGGCGAGCACGTTTTCCTTCGACTGCACGCCGACGGTGCGGCCGGCGGGAGCGCCGTTTTTGAACAGGATCAGCGTGGGGATGCTCATGATGCGGAGCGAGGCGGCCAGCTCGGGCTGTTCGTCGACGTTGACCTTGCCGACTTTGAAGCCCGAGGCTTCGGCGGCGATCTCGTCGAGGACGGGCGAAAAAGCGCGGCAGGGCGCGCACCACGGCGCCCAGAAATCGATCAGCACCGGTTCGCTGCTTTGAAGGACTTCGCTCTGAAAATTTTCACTGGTAAGGACGATCGGCGTCATTTTTTATTTCCTCCTGTAAGTCGCTGAAGTTGCCCGGCCGCGAGCCGGGCTTTTTTTATCGACGAGACAAATATAAACGAGAGGCCCCTTTTTGTCAGTGACAAAGTTACGGAGCGGCGTGGTTGGGGCGCGCCGAAATCGCCAGTTTTTCGTGGTACAATAAACCACACGTTTGGGGATCGAAATGAAATACAAATGTTTCAACAGGGGGAGGTGCGTTTCATTGGATCGCAGCGAGCTGAAAAAATGTCGCCGCGTAGTGGTCAAAGTCGGCACGAGCACGATCACGCACGGTAACGGAAAAATCAATATCCAGCGCATGGACAGGCTTTGCCGCGCTTTGGCCGACCTTCACAACCGCGGTACCGACGTGCTGCTCGTTTCGTCGGGAGCGGTCGGCGCCGGCATGGGGCGCCTCGGTTACTCCGCAAAACCCGCCAGCCTGCCGGTCAAGCAAGCGTTGGCGGCGGTGGGGCAGGGGCTGTTGATGCAGATGTACGAAAAACTTTTCTCCGAGTACGGCTGCACGACCGCACAGATCCTGCTGACTCGCGTCGGCTTCAACGACCGCTCGCGCTATCTCAATCTGTGCAACACCATGCACGCTCTTGCCGACATGAACGTGATTCCCGTGATCAACGAAAACGACACGATCGCCGTGGACGAACTCAAGTTCGGCGACAACGACACGCTGTCGGCCCTGGTGGCCTGCGCCGCCGGCGCCGATCTGCTGATCATCCTTTCCGACATTGACGGGCTGTACGATGCCGATCCTCGCGTCCACAAAGATGCCAAGCTGATCCACGAGGTGCGTGCCGTTTCGCAGAGCATCCGCGACAACTCGGGCAGCAAGGGCAGCAACATGTCCTCCGGCGGCATGTACACTAAAATCACGGCTGCCGACGTGGTGCTGCCGGCGGGCATCCCGCTGGTGATCGCTTCCGGAGCGGCGGAGAACGTGCTGCACCGCATCCTCGCCGGCGAAGTGCTGGGCACTCTGTTCATCCCGCCGGTGGAGCACCGCCACGCGCGCAAGCAGTGGATCGCGGCCAACCGCCCCTTCGAATCGGTGACGATCGACGCGGGAGCCGTCAAAGCGCTCACGGAGCAGGGCGGCAGTCTGCTGGCCAAGGGCATCACGGCCGTCAACGGCGAATTTGAAGCCGGCCGTCTGTTGGCGGTGTTGGCCCCGAACGGGCAGGAGATCGCCCGCGGCCTGACGAATTTCAATTCGCGGGATCTGAAAAAGATCATGGGGCACCGCAGCGACGAGTTTGAAGCGCTGCTGGGCGAGAAGGACTTTGACGAGGCTATTCACCGCGATAATCTGACGGTGCTTTAGACCACGGTGTTTGAGAAATGGGGGATGATCATGGACGCATCGTTGATTTTGCACGAAATGGGAAAGAAGGCCCGCGCTTCCGCGGCCGTGCTGGCACAGGCCAGCTCGGCGAAGAAAAACGAAGCGCTGCGGGCCATGGCGGCGGCGCTGCGCGCCCATAAGGACGACATTCTGGAGGCCAACGAACGCGACGTGCGCGGCGCGGAGGAAAACGGCCTCGGCCAGGCGATGCTGGATCGGCTGAAACTCACGGAGCACCGCGTAGAAGATATGGCGGTCGGCATCGAAGAGGTAGCGGCGTTGCCCGATCCGATCGGCCAGACGGTGCGCGGCTACGTCAATTCCGACGGACTGAAGATTGCTCAAGTGCGAGTGCCGCTCGGCGTGGTCGGCGTCATTTACGAGTCGCGTCCCAACGTGACCGCCGATACGGCGGCGCTCTGCCTCAAGTCGGGCAACGCGGTGATTTTGCGCGGCGGGAGCGAAGCCATGAATTCCAGCCGTGTGATCGTCAGCGCGCTGATCGGGGCCATCTCCAGCGCGGGGCTGCCCGAAGGCTGCATTCAGCTGCTCGACGTGCCCGGGCACGAGGCGACGACGGCGCTGATGCAGCTGGACGATCTGGACGTACTGATCCCTCGCGGCGGCCGCGGTCTGAAAAAAGCCGTGCGCGAGCACTGTGCCGTGCCCTGCATCATGACGGGCGACGGCGTGTGCCACACGTATATCGCCGCTTCCGCCGATCCGGAAATGTGCGTGCCGATCGTCATCAACGCCAAAACGCAGCGGCCTTCGGCGTGCAACGCCATGGAAACGCTGCTGATTCATAAAGACGTGGCGCCGAAGGTCCTGCCGGCCGTGGCCAACGCGCTGGTGGCTCATGGCGTGGAGCTGCGCGGCGACACGGCAGCCCGCGAGATTTTTGCGGATATGGAATCGGCCGCCGACGAGGACTGGGCGGCGGAGTACCTCGACCTGATCCTCTCGGTCAAGATCGTGAA
NZ_AP025585.1_gap28	1707682	1709887	2205	AGCAGCTCGTGAACGTGCACCATCCCCACGGGGCGGCGGTCCTTGTCGACGACGATCAGAACGGAGATCTCGAGCTTTTCCATGACGTGCACCGCCTCCGCGGCGAGCGCTTCGGGAGCGATGGTCCGCGGCGAGCTGATCATCACGTCTTCGACTTTGCGGTCCAGACAATGGATCCCCTCTTTGGCGATCAGCCGCCTCAGATCGCCGTCGGTGAAGATGCCGACGAGAAAGCCCTTGTCGTCGACGACGCTGGTGGCGCCGTAATTCTTGCTGGTGATCTCGAACAGAGCGTCCTTGACCAGAGTTTCGTGCGAGACAACCGGCAGGGAACCGCTCGTGTTCATCACGTCGCACACGCGCAGCAAGAGCTTCTTCCCCAGCGAGCCGGCCGGGTGGAACAGGGCGAAATCCTCTTTTTTCAGGCCGCGAAGCAGCGTCACCATCGCTCCCAGCGCGTCGCCGATGGCCAGCTGCAAGGTCGTGCTGCTGGTCGGCGCCAGATTGAGCGGATCCGCCTCGCGTTCGATCGCAGAGTTCAGGAAAATATCCGCCCCCAGCGCCAACGGTGAAGCGGCGTCGCCCGAAACGGCGATGACCGGCGCGCCGATGCGGCGGAAAAACGGCAGCAGGGCGACGACTTCCGCCGTCTTGCCGCTGTTGCTGATCAGCAGCGCCACGTCTTCGTGTCGGACCATGCCGAGATCGCCGTGCGCCGCCTCGCTGGCCTGAAGGAAGAAAGAAGGCGTTCCCAGCGACGAGAGCGTCGCCGCGATCTTGCGGCCAATATGGCCCGCCTTGCCGATGCCGGAGACGACGATCCTCCCCTTGCAGGCTTCCAGCAGACGGGCGGCCTGTACAAGCTCAAAGCCGAAGCGATCGGCCGCGCGGACAAGTTCTTCCGCCTCGTGCCGCAGCACCTGACAGCCCGCTTCGAGGAGTTTTTCGTCCGAAAGTTTTTCCGGCTGCCGGTCCGACGGCAGCGTCATCGAAACGTCGTTCATCGTTCGCACCAGTCCAAGGACACAGGGCCGATGCCGTTTCTGACAAGGCGGTCGATGGCGCGGACCTGTTCGAGAAAACCTTCCAGAAGATCCAGCGGCACCATGTTCGGCCCGTCGCTCATCGCTTTTTCCGGCTGCGGGTGGACTTCAAGGAACAGCGCGTCCACGCCGATGCCGACGGCCGCGCGGGCCAGAGGCAAAGCAAAGCGCCGGTCGCCTCCGGAACTGCCGCCCATGCCGCCGGGCATCTGCACGCTGTGAGTGGCGTCGAAAACGACCGGCGCGCCCAGAGAACGCATGATCACAAGGGAGCGCATGTCGACGACCAGCTGGTTGTAGCCCATCGTCGTGCCCCGCTCGCACAGCATCACGCGATCGTTGCCGGCTTCCGTCAGCTTGCCCAGCACGGGCTTCATGTCCCAGGCGGAAAGGAACTGCGCCTTTTTGACGTTGACCGCCCGTCCGGTTTTGGCGGCGGCCACCAGAAGATCGGTCTGGCGGCACAAGAACGCGGGGATCTGCAGCACGTCGGCGACTTCCGCGACGGGAGCGGCTTGCCACGGCTCGTGAATGTCCGTCAGGATGGGCGCGCCCAGTTCGGCTTTTATCTGCGCCAGCCATTGCAGCCCCTTCTCGAGGCCGGGACCGCGCGGGCTGGAGATCGAAGTGCGGTTCGCCTTGTCGTACGAGGCCTTGAAAATGTAATTGAGCCCCAGCTTTTCGCACAGGACCTGAGTTTTCCTGCCGACTTCCAGCCCGAGCTCCAGACTTTCCAGGGCGCAGGGGCCTGCAATCAAGGTGAGCCGGTCGCCCCCGACCACAAAATCTCCAATTTCTATCTTCTTCATCGCCCTTCCCTCCCTTGGCGCAAAACGCTGTCATCGATCGAATTTCACTCGCTTGCTCAATTCGTCGTAAACAAAAGCCCTTTTCTTCCAGCCCAATTGCTCCGCGGCATAATTCAAAACGGCGTCGAGCGCTCCCGATTGGCCTAAGCGCAGGCGCCCTTCCGAACTCATATAAGCCAGTCGCTCGGCGTCGGCCAAGAGATCGACCGCCGCTTCCGCGAGGGCATCCGCATCGGGTTCCACCAAAAGTTCGGAGTGCCCGAGGAGTTTTTTCTGCACCAACTTCCCTTTTTCAATGACCGACAGAACGGGAACGCCCAAACCGGCGCAGACCTGATTGGCCGTTCCGGCCA
NZ_AP025585.1_gap29	1761126	1765729	4603	TGTAAGCGGGAATCGGCGCTTTCTGGATCAGGGTCCGAATCGTTTCCGTCTTCTGCTGAAGCGCTGCCGTGTCTTCAAAATCCAGCCCTTTGAGAAGATCTGAAATCTGCGTATTCAGGCCGTTCTCTTTGATAAAACGCGCATAAGTTTCGGCAATGACGCAGAATCCGGGAGGAACGGGAGCGCCGGTCGAGGTCAGCTCGCCCAGGTTGGCTCCTTTGCCGCCCACAACAGGAATATCATCTTTGCGTATCTCCTCAAACCACTTAATCGCATTGTAGTTTTCCATCGGCGCAGCCTCCAAAAAATATATTTAAGATGTTTATCGCTTGAAACCGGGCGCATTCCGCTCGGTCAAAGCCAATCAATCCAGCAGAGCGGGGCAGCCTTGCTCGCGAAGATAGTCCAGAACGACCTGAGCCGTCTCCTCCAGAGCGCGGCCCGTCACGTCGATCGCTTTGATCTGCAGGCGCTCCATAATGTGACGCGCGTAATCGAGCTCGGTTTTGACGCGTCCTTCTTGGGCGTAAAAAGCTTTATCGGGATCGAGGCCGATGATTTGCAGCCGCTCCCGGCGAATCTTGCGCAGGGCATCGGGTTGGATGACCAGACCGACGATGCGGCCGTGCGGCAGAGTGAAAAGCTCATCCGGCGGCGCCAGTTCAGGGACGAGCGGGACATTGGCGGTACGGATGCCTTTGTTGGCCAGGTACATCGACAGAGGGGTCTTGCAGGTTCGCGAAACGCCCACGATGACCAATTCAGCTTCCGGAAGGAGGTTGGGATTGGCGCCGTCGTCGCAAGTGCTCGAAAACTCGAGAGCCTTGACGCGGCGAAAATAGGCCTCGTCGAGTTTGTGCTGCGACCCCGGCGTCCCTTTGGGCGGAATCCCCAGCCGCGCCGAGATCGTATCCAGCGTCGGGCCGATCAGGTCGATGACCTTCAGGCCCATTTCCCCTGCATAACGCATCAGGGCCTCGCGCACCGACTGCGCCACCAGAGTGCAGACGATGATCGCCTTGTTTTCCTTCGCCTGCCAGCAGATGTTGATCAGCTTGTCGATCGTGTCGACCGTCCGAAAACGGTGCAGCGCCACGACGTGCCGCGCCTCGTCGAACTGGCGCAATGCGGCGCGCGTCACGCTTTCGGCCGTTTCTCCCGTAAAATCGGAAACGATGAAGATCTCCAGTTTCACGCCGTTTTGTTCGGCTTCAGAAGAGAAAAGTTCGTAGCTGTCCGTACTCATCGGTCTTCCCTCGGCTTTCTAATGTGGAACCGCTCTCCAGCGTCCGCCCCCTGAAGTATAAATAAGCGACTGAACCTGAAGTTCGGAAATCAAACGCATCAATTCTACCGCAGAAATGCCGGTCCGCTTCGAGATCTGATCCAGCGTCAGGTCTCCCTGGTCGGAAAGACAGTCCAGAACCCGCCGTTCATCGTCGCCGAGTTCCAGCGGAGCGAACAGATCGAGTTGCCCGAAATGGCTGACGTGATCGATGAAATCCGCCACGTTGACCAGCGGCGAAGCGCCATCGAGGATCAGGCGATTGCTGCCCTCGCAGATCCGTTCGTCGATCCGCCCCGGCACCGCCCACACGTCGCGCCCCATTTCCATGGCCAGGCGCGCCGTGATCATCGCGCCGCCTTTGAGCGGCGATTCCACAACGATCAACGCTTTCGACAATCCGGCGATAATGCGGTTGCGCCGGGGAAAACGCCACGTTCGTCCGCAAGTGCCCAAAGGATACTCGCTGAGCAGCGCGCCGCGGCGCAGGATATTGTCGAAAAGCTCGTCGTGTTCGGGCGGCCAAACGACATCCACGCCCGTGCCCAAAACGGCCACGGTGACCCCGTCGTTTTCCAGCGCGCCGCCATGTGCCGCGCCGTCGATGCCGCGCGCGCCGCCGCTGACGACGACCATCCCCGCGCGCGACAGCGCGTTGCCGATCAGAGCGGCGACTTTGAACCCGTAAGGCGTGCACCGGCGCGTCCCCACGATTGAATATGCCGATTCGAAATCCGGCACATTCCCTTTCGCATAAAGTATCAACGGCGGTTCGGCGATGCCGCGCAAGCGAGACGGGTATCTTTCATTACTGTACCATGAAATTAAAAAAATACCAGCGTTTTCCGCGCGCTCGATTTCCTTTCCGTGCCAGTTTTCCCGGGCCAATTTTTCCAATCTATCGGCGCAGCGTTGAGAGACGATTCCGTCGCGGCGCAACTTTTCGACGATTTTCTCCGGTCCGTCGGACAGATCCACGTGTTGGAGCACGTTCGCCGAAAGTCCTTCGCACCCGTTCAGCCAAACGCACAATTCCAGTCCGTTCATTCCAGCACTCCCGAATCTCTGTAGGCCAGCGCTTCGGCAACCGCACGGTCATCCACGTTCCGCTCGCCCGCAAGATCGGCGATAGTACGGGCGACGCGCAGGACGCGGCTCAGGCCGCGGCCGGAAAGCCGCAGGCGTTCGGCCATCGCGGTCAGGTATTTCCGAGCCTCGGCGCTGAAACCTATTTCACGCCGCAGCATCTTCTCGGGCAACTCGGCGTTGCACTCCGCGCCGACGCGCTCTTTGCGTTCCCATTGCCGTTTCCGGGCTTTCACGACTCGGGCGCGGATTTCCGCGCTGCTTTCCCTGGCAGCGCCGCCCAATTCCAGCAGTTCCTGAGGCGTCAAGCGCGGCACCGAGACGTAGAGATCCACGCGGTCCAGCATCGGGCCGGAAAACTTTCTCTTATAACGTTCCAGTTCCTGGCTGCTGCAGCGGCACTGCTCGACCGGATCTCCACGCCAGCCGCAAGCGCACGGGTTGGCGGCCAGCACGAGCAAGACCCGGCTGGGGTACGTGACGCTGCCCGCCGCCCGGTTCACCGTGATGAAACCGTCCTCCAGCGGCTGACGCAGCGCCTCGATCAGATCCCGGCGAAACTCCGTGAATTCGTCGAGGAACAGCACGCCGCGATGCGCGAGACTGACTTCGCCGGGGCGGATGTCGCTGCCGCCTCCGCAAATGGACACGGTGCTCGCCGTGTGGTGAACCTGTCGGAAAGGACGGCGCCGGTCGACGGGCACTGGCAAACCGACGGAGCTCCGTATCAGCAGCGTTTCGAGAAACTCGTCGTCGGACAGCGGCGGCAAAATGCCCTGCAAGGCGCGCGCCATCAGCGTCTTGCCGCTGCCCGGAGAACCGACAAGCAAAATGTTGTGATGGCCTGCGGCCGCAATTTCGAGCGCTCTTCTCGCCGTCAGCTGTCCCTTCACGTCCGCAAAATCCGGCTCGACGGCGTTCAATCCCGAAGGCGGCATGTTTTTGACGACGCGGTTCAACTCTTTCTCGCGGCGCAAGTAGAGCAAAAGATCTTTCAGCGTCGGCACGCTGTACGCTTCGACGCCGTCGACCAGAGCCACTTCCGCGGCGTTGCCCTCGGGGCAAAAAAGCGGCAACTCAAGCGAACGCGCCAGCATCGCCGCCGGGACCGCTCCTCTGACGGAGCGCACGCGTCCGTCCAGTGCCAGCTCGCCCATATAGACTGCGGCGCCGGGCGGGGAACAATATTTCTTCTCGCAGGCCAAGGCCACGGCGATCGGCAGATCGAGCAGACTGCCCTCCTTGGGCAGATCGGCCGGTGCGAGGTTGACGGCGATGCGGCCGTAAATGGATATATCCAGCTCGCGCAGCGCCGCGCGCACGCGTTCGCGCGATTCGCGCACCGCCGCATCGGGCAGTCCCACGACCGAAAAGGAGAACATTCCCGAGGTGATCTCCGCTTCCACTTCCACCGGCAGCGCTTCGATGCCGCGCAGCGTGATGCCCTGTATTTCAGCAGCCACGGTCCTCCGCCCCTTCCATTTCCAGATATCTGAGCCACCGCAAATGCCACCGTTCATGGCCGACGTCGACGCTGACCAGGTCCAGTCGCCATTCGCCGCGCCACTGACGCCGCAGCGTATAGAGTTCGGCGCCGCGGAGCAAGCGTCTCCATTTGAGCGGACCGATCGTATCCTGCGCCGACATGACGGGATTTTTGCGCCGACAGCGAACTTCCACAAAGACGAGCGTTTTCCCTTCGAGAGCGACCAGATCCAGCTCGGAAAATCGCTCTCTCACGTTGCGCTCCAAAATCTTCAGTCCTTGCGCCTGCAAGAAGCCGGCGGCCAGTTCCTCGGCCCACCGGCCGATGGCTGCCCGCTCCTTCGCCAGAAAAAAAGCCCGCTCGGCCTGCGTCAGGACACCGTTTTCGGTATCTTTCGCAGGCCGCGCGGGCTTCAGCAGCTGACCGATCCCCTCTTTAAAATACAACGTGAGTTGTTTCATAACAGCGCCTCTCGTAAAGAAATCCGGATTCAAAGGAAGGTTACTCCCATGAAAAACTTCTTCTATGAATCGGCGTTGGCCCCAGTTCGGCAATCGCGCGGCGATGCGCCTCGGTCCCGTAACCTTTGTGCCGGGCAAAGCCATAATCGGGATAGATACCGTCGTAGACCGTCATCACGCGGTCGCGAAGCACTTTGGCGACGACGGAAGCCGCGGAAATCTGCGGATAGATATCGTCGCCGCCGATAATCGCCTGCTGATAGACGCTCAGACCGGGGATCTCCT
NZ_AP025585.1_gap30	1828112	1831873	3761	ATTTCTTTTTGGGCTTTTTCCAGCTCCGGCTCGATAAGATCGGCAGGACGGCAGGTAATCGGCTTATCCCCGCCAAGAACTTTTTTCTGAATTTCCGGGTCCATCGGCGCGGGCGTCTGACCATACATTCCCTTGAAGATATTATACACTTCCTTGGGAATGATTTTCCACCGTTCTCCGGAAAGCACGTTAAGCGTCGCCTGCGTGCCGACAATCTGGCTGCTCGGCGTCACCAGAGGCGGATACCCCATGGCCGCGCGGACATAAGGGACTTCCTCCAGGACTTTGGGCAGTTTATCCTGCTGCCCGGCTTCTTTCAGCTGATTCACGAGATTCGAATACATGCCGCCGGGAATCTGCGCGAGCAGAATATCCGTATTCGCGCCCTGGACCTTCACGAAAATCTTGTCGTACTTGGCGCGTATCTTCTTGAAATGATTGGAAATCGGCGTCATCCGGCGGATATCGAGCCCCGTGTCCCACTGGCTGCCGGCAAGGGCGGCCACAAAGGTCTCGGTGCACGGCTGGCTGGTCCCCATCGAGAAGGGAGACAGGGCACAGTCGATGACGTCGGCGCCGGCTTCGATCGCGGCGTAATAAGCCAACCCTGCGAGCCCGCACGTATAATGCGAATGCACCTGGATCGGCAGCGCCGTCGCCTGCTTGATGCCATGAACCAGTTCCTTGGCAGCCGTTGGCGTCAACAAGCCGGCCATGTCCTTGATGCAAATCGAATCGGCGCCAAGATCTTTCATCTGCGAAGCCAATTTCACAAAGGCCTCTACCGTATGCACCGGAGAAGTCGTATAGGCAATGCAGAGCTGAAGATGCGCTCCTTCCTTCTTTGTCTGGGCAGCCGTCACTTCGACGTTGCGGAGGTCGTTCAGCGCGTCGAAAATCCTGATGATGTCAATGCCGTTGCTAACGGCCCGTTTCACGAACTCTTTGGCGGTATCGTCAGCGTAATGACGATATCCCACGAGATTCTGCCCTCTCAAAAGCATTTGCAGCTTGGTCTTCTTAAAATATTTCTTCAGGGTGCGCAGTCTTTCCCAGGGATCTTCGTCGAGGAAACGCATGCAAGCGTCAAAGGTCGCTCCCCCCCAAACTTCTACGGAGCGATAGCCGATCTCGTCCATCTGATCCAGTACCGGGAGCATGTCATCGAGGGACATGCGCGTGGCCATCAGCGACTGATGAGCGTCGCGGAGCACTGTTTCAGTGATCTCCACCCTGCGCGTTTCGAAAATTTCACGGGGGCTTTCCTGCGCGGCAGGCTCTTCAGTCGGCGGCATTTTCTCTCGGACGTCCGCTTTTTCGTCCTCAACGGCGGCTGAAGAACGTGCTTTCTTTGAAACCATGTAAATTCCCTCCTACAGATATATTTCAATTTTTGTTTTCGTTCGAGAATAATTGCCAATGCGATTACTATATCACAAGGACGCTTTCTTCGCTTGATTCCATAAATATATTAAATCGTTCAATGAAAGGTCATTCCATTTTTTGCCGTCCTGCTCAATTTGCGTTTCAATATAACGGAACCGACGCTCAAATTTTGCGTTTGTCCGCGACAGAGCCAAGTCCGGATCAATGCCGCAGCGCCGTGAAAGGTTCACGACCGCGAACAGGAGATCGCCGATTTCTCCGGTAAGCTCCTGCTTTTTATCCGCGTCGAGAACTTCGCAGACTTCGACGAGCTCTTCCTTGATCTTCTCCACAACCGGCGTCTGTTCTCCTTGAGGCCAATCGAATCCTACGCCGGCGGCTTTCTCTTGAATCCTGCAAGCCTTCGTCAAAGCGGGCAGACGGCGCGGCACTCCCGTCAAAACGGAAACGTCCCGTGTCTGGGCCGCCTGGCGCTCCTGACGTTTTATTTCCTCCCAGCTGGTCGGAGCGCCCTCGTGCGCCTCGGCTGGCGGCGGGCCAAAAATGTGGGGATGACGGCGGATGAGCTTCTCGGTGATGACCCTCGGGATGTCGTCGATGGAAAAATCGCCTTTTTCTTCTGCGATGGTGCCGATAAAAATCACCTGAAGCAGCAAATCCCCGCATTCTTCAAGAACGTGTTTCATGTTCCTCTCGGTCTCGCGGCGTTCAATAGCGTCTACCAACTCGTAGGCTTCTTCGATAATATGCGGACGGAGAGACTCGTAATCCTGTTTGCGATCCCAGGGACAGCCGTCTGGAGAGCGCAGTTTTTTCATGGTCTCTATGAGTTCGGAGAAACGACCGGGCTCCTTGTCCATTTTCCTTGCCTCCTCAAACAGGAAATGTCACGGCCGGGGAACGGCCTTTTTCATCAATTCCCCGGCGGCGGCATGCAGTCCGTTGACGCCGCCAGCGCCGAGGCGCGCGCCGTTTTTCACGATCCAGCGCGGAGGCGAAAAAATATCCTCTCCCAAAGGTCCCTCAAGAGCGACAAACGCCTCCGAGACCCGAAGCCTCTCTATCCCGAGAGCCCCGCCTTCGCCGCGGACCAGAGCCGCGTCAAGCAGCCCCTGAACTTGCTCGGGCAAAGGACCGTAGCGATCAAGAAGTTCCGCCTGCATTTCCTCGTATTCCTGAGCGCTCAAGGGCGATAACAAGCGTCTGTACAACCCGATGCGCAGATCCGTCTGCGGTACATAATCCACAGGAATCACCAGCGGCATGGCCAAATCGACCAGCGCGGGCTTTATTTCGATCCCTCGCAGCTGGTCGACGCGTTCCTTCAATTTTTTCAGATAAAGAGTGTAACCAATGCGTTCCTTGAAGCCATGCTGTTCCGTTCCGAGAATCTCGCCCGCCCCGCGGATCTCGAGATCGCGCTGCGCCAGTTGATAGCCGCCATTCTGCGAGCCGACGGCGCCCAAAGCCTCGAGGCGTTCGCGGGTCTGGCCGCCGCTTTCTTCGGATTCATAAAAAAACAGAGCGTAAGCATTCTCGCTGCGCCGCCCGATGCGGCCGCGTATCTGATGCATCTGCGCCAGGCCAAGGCGCCTGACGTCGTCGACGATCAGCGTGTTGGCCCGCGGCACGTCGAGCCCGCTTTCGATGATCGTCGTGCACACCAGGATTTCAATTTTGCCGTCATAGAATTCGTTCATCGTCTTCTCAAGCTCGCGCTCTCCCATTTGCCCGTGAGCGACGGCCGTGCGGTGTCCGGGGAAACGGTTGGCAAGACGCGCCGCGATCTGTTCTATGTCGTCGATGCGATTATGCAGATAGTATACCTGTCCGCCTCGCATGAGCTCGCGGAGAACCGCGTCATGCGCCAGACTGGGATCCCATCGGGAGGTCACGGTAAAGACTTCGCCGCGCCCTCGCGGCGAAGTGGCGATCACGGAAATGTCCCGGATGCCGCGCATCGCCATGGAGAGGCTTCTGGGAATCGGCGTCGCCGAAAGAGAAAGCACGTCCAGCCCGGGGTGCGCCACTTTCAGCCGCTCTTTATGTTTGACGCCAAAACGGTGTTCTTCGTCGATTATCAGCAGTCCCAAGTCTTTGAATCGAATGTCGTCCTGAAAAAGGCGATGGGTGCCGATCAGGATATCGACACGGCCGTTTGCCGTTTCGTCGAGAATTTCCTTCTGCTTTTTCTTGGGGATCATCCGCGAAAGCAGCTCGACACGAATCGGAAGTTCGCCGACTCTGGCGACGCAGGTGCGATAATGCTGGAGGGCCAAAACCGTTGTCGGCGCAATAATCGCCGCTTGCGCGCCATTTTCGACAGTCTTGACCGCCGCGCGCAGCACAACCTCTGTTTTGCCGTAACCGACGTC
NZ_AP025585.1_gap31	1860556	1864706	4150	ACGCCGCCCTGTGTCTAACCCAGGATCAGACGCAGCCCCCAGCGGACGGCCGGAGACATCAGGCGCCCGACGACGCCGAGGTAGATCAGGGCCAGCAGCACCGGCAGGCTGTAACGATCGAGCCACTCGAATGCGGGACGGGCCGTCCGCGGCAGGACGAGGGCCAGCAGTTTGGAACCGTCGAGCGGCGGCACCGGGATCAGATTGAAGACGGCGAAGTTCAGGTTGATCGTCACGAAGGCGATTAGCACCTGCTGCAGGCCGTAATTACCGAAAAGAACCGCGGGGAAAAAACGGACCAGCCCGCGGATCGCCAGTCCGGCGGCAACGGCGGTGAGGGTATTGCCCGCGACGCCCGCGACGGAGACGAGGAACAGGTCGCGGCGCGGGCGTCTGAAATTGTAGGGGTCGATCGGCACGGGACGCGCCCAGCCAAAATGGAACAGGAACATGCACAGGGCTCCCCACAGGTCGAAATGAGCCATGGGGTTCAGGGTCAAGCGCCCGGCGTCCTTCGCCGTCGGATCGCCGCAGCGCAGCGCGACCCAGCCATGACAAAACTCGTGGAACGAAATGGCCCACAGGATCGCGGGCACGGCCGGCAGCAGGGAAATAAATTCCCGTCCGGCTTCGGCAAAGAATCGATTCATGATGCGGATTCACCTTTTCAACAGTCAGTTTGCGTTTCGCGGCGGGATCGCAGAGCTTGGATTTCCCGCCAGATTTTTTCCAGTTGCGCTTCCAGATTCTCCACGGAACCGTCGTTGCGGACCACCCAGTCGGACAGCGCCATGCGCCGCCCGCGGTCCATAAAGAAGCGTTCCCGCCGCGCCAGTTCCGCTTCGTCAAGACCGCGGAAGCGGTTGCGCTCCGCACGGAGCCGCGGGGACGCGGCCATGAACAGCACTTTGTCCACCCAGTCGGGGCGTCCCGTCTCGAACAGCATGGGGATCTCGGCCACGACGACGCCTTCTTCCGGCAAAGCCGCCTTCATCCTGGCCAAAACGACGGGATGGGTGGCACGGCAGAGCCAGCGGTATTCTTCGTCGTCGGCGAAGACTCGCGCCGAGACGGCTTTTCTGTCGATCTTCCCGTCGGCGCCGAACACCGCTTCTCCCCAGCGGGCGCGCGCCTTTTGGGGAAGCTCGCCGCCGTCCCAGAGTTCGCCGACGATCCCGTCGGCGTCCAGCAGCGCCGCGCCGCGAACGCGGAACCACTGCGCCGCCGTGGACTTACCAGCGCCCGGCTCGCCGGTAAGGGCGATAACGACCGTAGCCATAGCGTTCGGTTTCCTCCTTCTGCTCGAAGACTTCCGTGCATTCGTCGGGAAGTTCCGCCAAAAAGCGCGAGAAGCCTTCCCGCAGCACGGCGCCGAACAGACGGCGCTGACGCGCGCCACTCATGTAGAGCCTTTCCTCGGCGCGCGTCATGCCGACGTAGCAGAGACGACGCTCCTCTTCCAGTTCTTCCTGGCTGTCGGAACTGCGGCTGTGGGGGAAAATCCCCTCTTCCATGCCGGTCATGAAGACGACGGGGAATTCGAGCCCCTTGGCGGCGTGAAGCGACGACAGATTGACGGCGTCGCGCGCTTCGCTTTGCGTGTCCATGTCGGTGTAGAGCGAGACCTGGTCCAGCACCTCGGCGAGATTTTCTCCTTCCGGCGCGATGGAGAGCAGCTCGCGCACGTTTTCCACGCGTTCTTCCCAATCGGCGGGCTCGGCTTTCATCAGCAGATTCTCGTAGCCAACGCCGTTCAGGATCCACTCGAGCGCCAGCGGCAGGCTGTGCTGACGTTCCAGCAGCGTCAGCATGTGGCCGGCCAGCTGCGTGGCGCCCTCGGCGGCCTTGCCGGTCAGGCCGCCTTTTTTCACTTTCACGGTCCCCCACACGTCTTCCGCCGCTCCTTTGGCGTTTTCCCGCATCCAGGCGCTCAGCTTCTCGAGGCTTTTCGGCCCGAGAGCGCGGGCCGGCAGGTTGCCGACGCGGTTCAGGGCCACGAGATCCCACGGGTTGACGGCCAGGCGCATGAAGGCGACGACGTCGCGGACTTCCTTGCGGTCGTAGAAACTGGTGCCGCGCACGATGCGGTACGGGATGCCGGCCTCGATCAGGGCCTGTTCGAGCGCGCGGCTGAGGGCGTTCATGCGGTAAAGGACGGCGATGTCGCCGTAATGATACGCCGCGGTGAGGCTGACGATCTCGCGCGCCAGCGCTTCGGCCTCCGCCTTTTCGTCGCGCAGATACCAGACGCTGACTTTTTGCCCTTCTTCCCGGTCCGTGCGCAGGTTTTTCTCGCGGCGGTTCTTGTTGTGCCGGATCAGCTGGTTCGAGGCGTCGAGGATCATGGCGGTGGAGCGGTAGTTCCGCTCCAGCAGCGTCACCTTGGCGTTGGGGAAATCGCGCTCGAAGTTCATGATCGTGGCGTAATTGGCGCCGCGCCAGCCGTAGATGGACTGGTCGGGGTCGCCCACGACCATCAGGTTGTGCGAGTCGCCGACGAGCAGCCTCATCAGCTGATACTGCGAGCCGTTGACGTCCTGATATTCGTCGACGAGCACCCACTGCAGGCGCTCCCGCTCGCGCTCCAGCAGCTCGGGCTCGGTTTTGAGCAGTTCCACAGGCACCGCGATCAGGTCGTCGAAATCGAACGCTCCCTGCTCCCTGAGCGTCTGCGCGTATTTTTCGTACACGTCGCCCATGAAGTTGTCGTAGGCGGTGAACTGCACCGAAGCGGGGTCGGCGGCGGATTTGATCTCCGAGATCTTGTTCAGCGCCCACGAAGGCGCGAATTTCTCCGTGTCGATGTTCAGTTCCTGCATGACGTGTTTGATGGCCGTCAGGGAATCGGATCGGTCGTAGATCACGAAGCTGGGATTGTATCCGCGGTCGCGCAGCAGCTCGCGGTTGCGGAAAAGCAGGTTCAACCCGTACGAGTGAAACGTGCAGATCTGCGCGCCGCTCAGCGAACCGCCCAGCAGTTTCTCGACGCGTTCGCTCATTTCCCGCGCCGCCTTGTTGGTAAAAGTCACCGCCAGCACGCGCCACGGTCTGACGTTCTGCGCGGCGATCAGCCAGGCGATCTTGCTCGTCAGCACGCGGGTCTTGCCGCTTCCCGCCCCGGCCAGCACGAGCTGCGGCGCCCCGGTGAAGGTCACGGCTTCGCGCTGGGCTTCGTTCAGACCTTTCAGCAGTTTTTCGGAATCGGTCATCTGTCTTCCTCATACGCTCTCCGCCGTCCGATCACGGTCTTCGGGAAGCCTTCTTCGCCTCGCACCAGTCGTACAGCATCTTCATCCAGAACTCCAGGCCTTCGCCGCTGAGGCTGGACAGGCGCAGGCGGCGCGCCTTGGGGTTGAGCCGCGTGACGTCGTCCCAGTAAAGCGTTTCGTCAAAATCGACGTACGGTTTCAGATCGATTTTCGTCAGCACCACGGCGGCCGCTTCGGAGAAAAGCAGCGGGTACTTGAGCGGCTTGTCGGAACCTTCGGGCAGGCTGGAGACGGCCACCTTGCAGTCTTCCCCGATATCGAACTCGGCGGGGCAGACCAGGTTGCCCACGTTCTCCACGAAAATCAGATCGAGCTCGTCGAGCGGCAGCTGTTCCAGCGTGCCGGCCACCCAGTTCGCTTCCAGGTGGCAGCCGCCGTTCGTGTTGATCTGCACGCTGGGCGTGCCGGTCGCTCGGATCCGCTGCGCGTCGCGGTCGGTAGCCACGTCGCCTTCGATCACCGCGCACTTCAGATCGAGACCGACCAGCGTCCGCTCCAGCAGCATCGTTTTGCCGGAGCCGGGAGAACCGATCAGATTGACCATCAGGATCCCCTTTTGCGCGAGAAGGTCCCTGATTTTCTGCGCATAGCCAAGATCCGCCGCCATGACGGCCTGCTGTACGTCAACTTTCTTTCGCGTCATCGTCTTCCACCTCGATCGAATCAATGTTCAGCTCCATGCCCTGCTCCATCCGCGCGTCGGGCGAACCGCAGAAGGGGCACAGCATGCTCATGAGCTCCTCGCCCCACTTGCGGCCGCAGCGCGGACAGCAGACGAGGATCGGAACCGCCTCGATGTCCAATTCAGCGCCCTGCAGCCGCGAATCCCGGGACGCCGCCGCAAAGGCAAATTTCATGATTTCCGGCACGACCTGACGCAT
NZ_AP025585.1_gap32	2002432	2004713	2281	CGAGGAAGGTCGAACCGATGACGCACCACAAAATCGTGGGCAGCCAGCCAAACTTCATGGCTGCGGCGATGGGCCCCGTAATGGGGCCAGCGCCGGCAATCGAAGCAAAGTGGTGCCCCAGCAAGACGGCCGGATGGGCAGGACAGTAGTCGATCCCATCTTCGAACTTGACAGCAGGAGTCTCGTTCGTGTCGGAAAGGCCGTACACATTCGCCATAAAGCGCCCATAAACGATGTAGCCGATGATAAATATGACAGCAGAAATACCAAACATCATTGGAAACAGCATATAAAACACACCTCCATATAATTTTTTGCGCCCTTCCGTCTTGGGCGTTTTTCTATCGTGAACCGGGAGGACCTGCTTCCCCACCGGCACTCACCCCATGAAATCTTGCCACGCTTGCGCTTTATACCGACGACTCCCCCTTATGAGCCAAGGCATATTTGTGTGCCGCGTCGATGAGCTGGGTAAGATCGGTCAGCCTTTTCAATGAATCTCCCAGAGGCGTATACTGATAGACCTCGACAAAGCCGCTGAATCCCATCCGAAAAGATTTGCTTCTTGAAGTGGTATTCCCTTCTGGGCGGACGAAAATATAGCGTTGAAGCATTAAGCCTTTTTGGTGCCTGACATTTTTGAACAGATGCTCGACGTCCCCATCCTCATATTTCCAGATGATGTAATCATCCGCTTTATAACGGCCAACCTCGCCAAGCAATCCCGCTTTTATGAAATCGACCCGACGATAAACCCCCGACGCGCTGCCGCTTTGCCATGGCTCAAAACGCCAATCGTCCCAATAAATTTTTCCGCCCGTTAAATAGGACATATCGATCATTTTGGCCACTCTCCCACACGATGAGGTATCCATTCGACTGCATACAGCGCATTTTATCCATCTAACTCTTTCAAATCTTACCACAAAAGCAAAACGCCGTATACAAGCAACTTCTCCCTTTTGGGGGTTGCAAAAATCGCACCGAGCATTTATAATCTCATACGTTGCAAACAAAAAGGGCGATTAGCTCAGTGGAAGAGCGCTTCCTTCACACGGAAGAGGTCACAGGTTCGAACCCTGTATCGCCCACCATCGAGACCGGCATATCCGCAAGACGAACCGTCTTGCGGATTTTTTTTTCTGGGCAAGCGGCCCGCGCGGCTTTAGTATAGCATATTAATACATAAAAATCGACATGACGGATCGCGCAAAAGTTTTAATATGCCCGTCCATTATCCGCGCGCCTCACGCGCGGTCCGCCAACGATCGAATTCAGATCTCTCGTTGCTACGCCGGGTCGGGACTCTCCAGGACCGCGCCGACTCCTACAACATCGTCGACCGGCACCGAAAAGATCGTGCCCATTTCCGGGGATTTCTCCGCCAGAGTTTTGCTGACGGCGGACATGATCTTCAATTTTTCTTCGCGTTGAACCAGTATTGCCAGGATTTCCATTTCATCATACAGCTTCAACCCGAAAAAACTTTCCGTATTTTCGTCGCCGACAGCGCGAGCCCTCATCACGGTCCCCCCGCGCGCGCCGGCGCTCCGGGCGGATTTCATGATCGAATCGACGAAACCATCTTCCGTGCTGACAATGATCAATTCGTATTTGTTTTCGTTAGTCTTATACATGACGCGCTCCTCGTTTTTTTTCTCACGAATGGCTGACAGGTAACGACGCGGTATTCCCTGGTTCACGGATGAAAGCGGTACGGTAAAAAGGATCCCCCGCCCGGCGTTGCGAAGCTGCATGGCGTCTGAGATCTGGGTGATGAGAGCGGGAATCCAGGAACGCGGGGTCAGGCTGAACACCACGACTTTTTCCTTTTCGCCGATGCCCAGGATGTCCAAAATCTCGGTGCTCGCCGTTCCTCTCCCCCAGCAGGAAAGCGTCAGGGAAACGTTTTTCCCTTTGAAGAAATTTGTGGCCTGAAGCGCTTTGGTCCGGTCGACAATCGTGACCATGAGTTCCATTACGGGCAATTTCTCAGTCATTATACGCAAGCTCCTCCGGAGTGTACTCGATAATAACGAAGTTGTCGTAAACCTTACTGACCGGCGGCTGTTTGGCAGCGGCCCTCAGGCGCATGTTATAGAGCACGCCGAGAATTTGGATCGAGATGAGCGGCGTCATCGCCACCATGGCGACGACGCCAAACGCGTCCGTCAGGATGGAACCGCCCGCGCCCTCGCACGCGCCCATGGCCAAAGGCAGAAGAAACGTCGCCGTCATGGGGCCGCTGGCAACGCCGCCGGAGTCGAAGGCGATTCCGGTA
NZ_AP025585.1_gap33	2007325	2011920	4595	TTCAAAAAACAAGCACGTCCTCCACCCAGGGCAACGTGGCGCTGAAACCGCAAAAGTCGTCCTTGTTCCACAAGGCAAAGGCAGAGCTGCCGCTGCCGCTGATTCCCCAGGCAATGGCTCCGGCCCGACAAAAATCCGCAAAAAGCGCCCGATATTCGCTGTGCTCTCTTAGAAGCAGCGCGCAAAAATCGTTCGGCAGCAGGCCGCAGAACTCTCCGCGCGCAAGTCGGTCGAAGACGTGGCGCGCTTCAGCGCACGCCCGTTCGCTTGTGCTTTCCCATTCGTCATGAAAGTATTCGTCCAGCCTGGCGAACATATCGACCGTAAAACAACGCCACGCCGGTACGACGACGACAACTCGCCATCGAGCAGAGGGAGCGCGCAGCGGCGAGAGTTTTTCCCCCGCTCCCCGCGCAAGCGCCGCAGGGGCCTTACTGAGCAGAAAAGGGACGTCGGCGCCGATTTCCGCAGCGAATCGTTCCACGGGATATCCCGCCGACGCCAGACAATCCAAAAGCGCGGCGGCGTCGCCGCTGCCGCCGCCAAGCCCCGTTCCCGGCGGCACTCTTTTCTCGAGGCGCATGTCCAGCGGCGGTACGGCGATGCCCGCAGCGCGGATCCTGTCCAGCGCTTTCAAAAGAATATTGCGTCCCTGGATGCCTGACTTTGTCCGGCTAAAAATTACCCTTACATTATCCTCTACGTCCTCATTAATTGTCAAGCAATCAACCGGCCCGATTTTGAAAAAGACGGAGCACAGGTCATGATAACCGGATTGCAGCCTGCCCACAACTCGCAAAGACAGATTTATCTTGGCCCAGCAGTTCCGAAATTCCACCTCGATCAGCCTCCTGCACGCTGCGACAAAAAAAGAGGCCGGAGCCTCTTTTTGAAATAATCAGCGCCTCTTCATTCCGGAGAAGACTCTGCTTTTTAGTCTTTTTTCAAGAGAATTCTCTTTTCGCCGACGCGCCGCGTGATCCCTCTTCCGTCCATGTACTCAAGGACAGGCAGGACGAACTTGCGGCTGCTGCCCGTCAAATCCCGCACTTGCGCCAGCGTGAACCCTCCCTCGATCCGGCTCAGCCGGGCCAGAAGCGGATTGAGAATCTCGACCGCGAGGACAAACGTCCCTTCAAGAACGACGACTTCATTGTTCTTTTTCAGCTGATCCAGCAGTTTTCTAAAATCTCCGGCCGTCATGTTCAGGTTTTTCGGCAAAGCCTCGATTTCCGGCAGCTGAAAACCGCACCTGGAACAATGATCCAGCAGTTTTTTCCGCGCCTCGCTGTACGCAGAGTCGTCGACGGCTGCAAACTTCGGCAGCGCCAGCACGTCTCCGTCAACTCTGAACCGGCTCTGCTCGACGGCCTTTTCCAGGATCAGGCGGCCGATTTTCCGTTCCGACTCAGAGAAGACCTGATTGATCAGCGATTCCGGCGCGATCCCGCGCTGGTGCGGATAAGCGGCATGGAACGCCTTCGCTGCGGCACGAAGTTTTTCCACGGCGTTCCGATAGCTTTCCGCCGAAAAGATCATGCCGTCACCGACGTGGAGACGCACCAATTTGCCGCCGCTTTCCAGCTTCTCGAGGACCGCGGCAAGGTCCTGACGGCGCTCTTGCGCCTGCACCATGAGTTCGCTCATGGAAAGGCTCCCCTCGAAGTTCACGATCGCGCCGACCCGTTCCTCGCGGGTCAACGTCCCGCTGAGCGCGACCAGACGGTCGCGTTCCGATTCGCGGCGTTTCCTGCCCGAGGGGCGGCTCGCATAGGGGACGAGCACTTCTCCGCCGCCGATCGTCCGCAGCGGGCTGTAAAAGCGGATCACAAAGCGCTGCCCCAGCGAAGCGACCACCGGCTCTTCCAGAACCAGCTGAACGGGGGCGGTCTGACCGGGACGGAGATTTTTTTCGTCGAGCAGGGAAACTCTGGTCAGGACGTCGGACGTGCCGATGTGAAGCCGGACGCGCTGCCAATGTTCCAGAGGTTCGGGAACGAAGCCGAGCAGTTTGAGCATCACGTCAAGACACGATGTCGCTTTGTAGACGCCGTCCGCGCAGACGACGTCGCCGTGCCGGATCTCATTCAGATCGAGATCGTTCAGGCACATGGCGACGCGCTGTCCGGCATAGGCGGACTCGACGGTTTTCCCGTGGACCTGCACCGAGCGCACGCGCGATCTCCGCCCGGAAGGATAGACTTCGATCTCCTCGCCGGGAGCAATGCTCCCTTTGTAGGCCGTACCGGTGACGACCGTGCCGAATCCCGCCACGGGAAACGCTCGGTCGATCGGCATGAAGTAAGCGCCGCTGCGCTCCCGCGGCTTTACCTGATCCACCAGACGCTCCAGCGCGCGCCGTAATTCGTCGATGCCGGCGCCGGTCACCGAAGAGACGCTCACGACCGGGCAGCCCTCGAGGAACGTGCCGGCCGTCAGAGTGCGGACGTCCTCTTCGACGAGTGCGAGCATCTCTTCGTCGACCAGATCCTTTTTCGTGATGGCGACGATGCCGTGCTGAACGCCAAGCAGGCACAGGATGTCCAGATGTTCCCGCGTCTGCGGCATCACGCCTTCGTCCGCAGCGACGACCAGCATGACCGCGTCGACGCCGGAAGCTCCCGACACCATCTGCCGGATGAAACGGTCATGACCGGGAACGTCGATCAGGCTGATCACGCGCTCGCTGGGCAGGACCAGCGGCGCGAATCCCAGTTCGATCGTGATGCCGCGTTTTTTCTCTTCGCCCAAACGATCGCAGTCGATTCCCGTCAGCGCTTTGACCAACTGCGTTTTGCCATGGTCGATGTGCCCCGCGGTTCCGACCACGAGCGAAATTTCGCGCCGGCTCATCGTTCCGTCACCAGAGCTTCTCTCAGCGAATTCATCAAGACGCTCTCGTTCTCGGCCGGGAGCGTGCGCATATGGAGCAAAAGCTCATTGCTGCGCGCTCCGGCGACGACGGGCAGAGTACAGCGGCGCAGGCGTTCCTGCAGAATGCCGGCGTTTAAATTCTCGTTGGCCGGAAGCAGCGAAACCGCCCAGCCCGGCAGCGGACGTTCCGGATAAGCGCCGCCGCCGACGGCGTCTTCGACCGGCACGACTTTCGTGTGCAGGCAGAAATCGGCCAGCTCGGCATCGATCCTTTTTTTCAACCGGGCGGCGCGGGCTTTCAGTTCGTCCGCGGGAACGGCGATCATGCCGAGTGAAGGGATCTTTTCCCAGTCGCCGCGAAGATAAATGCGGAGCGTTGCCTCCATGGCGGCCAGCGTCATTTTATCGCAGCGCAAAGCGCGCAGCAGCGGGTACTTGCGGATCCGATCGATGATCTCTTTCCTGCCGACGATGGCGCCGATCTGCGGACCGCCGAGAAGTTTGTCCCCCGAGAAAGTGACGACGTCAACGCCGGCTTCGAGACACTCGTTCACGGTCGGCTCGCCCTCAAGCCCCAGCGTTTGCGCGTCCACGAGAATGCCGCTTCCCAAATCCTCCATCATCAGCAGCCCCTTGGCATGGGCCAGTTCGGCCAGATCCTCCCGGAGCGGCAGGGACACGTACCCCGTAATGCGGAAATTCGACGGATGGACTTTGAGCAGCATCGCCGTTTCGTCGGTAATCGCGTTTTCGTAATCTTTCAAGTGGGTGCGGTTCGTGCAGCCGATCTCCACCAGGCGGGCCCCGGCGAAGCTCATGATGTCGGGAATGCGGAACGAACCGCCGATCTCCACCAGCTCCCCGCGGGACACGACCGCTTCCTTTTTGCCGGCCAGCGCGGCGAGCACCAGCAGCACCGCGCCCGCGTTGTTGTTCACGACGAGCGCCGCTTCGGCTCCCGTCAGCTGGCAAAGAAGCCATTCCACGTGGAAGTTCCTGTGCCCGCGCGCGCCGCTTTCGAGATTGTACTCGAGCGTGCTGTACCCGCAGGCGGCCGCGCGCGCCGCTTCGGCCGCCTCGGCGGAAAGACAGGAGCGCCCGAGATTCGTGTGCACCACGACGCCGGTGCAATTCAGCACGGGACGCAGACTGGGACGCAGCCGACGTTTCAATTCCTGACGCAGTTCCGCAAAAAAAACGTCGCCGTCAAAACTCAGCACTTCTCTGTCGAGGATCATGTCGCGCCAGCGTTCCAGAGCGTCGCGACACATGCGTTTGAGACTGTCGCGGTCGATAATGCCGTCGAATTCGCCCAAGCGGCCGTCGGTGAGAATTTTTTCCATGGAAGGAAGCGACCGCATTACCTCCTGAACGGACTCGACCTTACTCTGCTTCTTAATCAACATGAACACGCTCCCACAGTAAATTTCGAGTAGCATTTTTAACCTTGAATGCTATAATCATTATTGTCGTCGTTTATTATCTCACGAATATCGGAATTGGAGGAAAGAAAAATGATTCAAATCGATGCCAGAGGCAAAGCCTGCCCCGAACCCGTGATCATGACCAAAAACGCCGTCGCCGACAATCCTGACGCCGTCGCCGTGCGCGTGGACAACGTCCCCGCCACGCAGAACGTCTTGCGCTTTTTCGAAAGCAAGGGCTACAGAGCCGTGGTCAGCGGCGAAGGCAAAGATTTCACCGTCACCGGCACCCGCGAC
NZ_AP025585.1_gap34	2128551	2132110	3559	CGCCACGAACTCGTTCATGGCGCTGCCTTCCCGAAGCGCGAGCGTCTTGCCTTCCATATCCTTCCAGGAGGCGATCTCGTCGTTGTCTTCCCTCACAGTCAGGCAGTAAGGACTGAAGAAGAAAGGCTGCGTGAAGTCGTATTTCTGCCGGCGGGCCGGTGTGATGCTGATCTGTTTGGCCACGGTATCCGCTCGTCCCAAGTCAACCTCGGCGAAGGCGGCCGGTGTGTCGATGTGGATAAACTGGATCTGATACCCTATTTTCTCGCCAATCGTTCGCCACAGCTCGATTTCAAAGCCAGACCATTCTCGAGTCAACTCTTCGTACATAGTGAAAGGCGCGTAGTTGCCGGGCGTAGCGACGCGAATCACCCGATCCTCCACGCCGTTTTCCGCGGCGAAGGCCTCCAGCGAAACGCCCAGGACAGAAAACAACATGACGAACACGATTGAAGCGAACTTTTTTTTCACGATCTTTTCCCCTTTATTAATTCATGATATTTATTCCTAACAGGAATTTTAGTTTAAAGCCGTTGGCGTGTCAAGGACGGCGTGGGAAATGTCGGTCCTTTTCAAAAACAAAAGACGGCAAGATACGGAAATGCGGGCGAAAGCCGATGGTCCGGCTTTCGCCCGCATTCACGCCGCCAAAAACAAAAAAACGGGCTTTCAGCGCGACTATGCTGAAAGCCCGTGAACATTCTGGCTCCTCGAGCAGGACTTGAACCTGCGACCTAGTGATTAACAGTCACCCGCTCTGCCGACTGAGCTATCGAGGAATTTTATGGAGGCGGCACCCAGATTCGAACTGGGGATAAAGGATTTGCAGTCCTCTGCCTTACCACTTGGCTATGCCGCCGGTCTCTTCACGTCGAAAATGGAGCGGAAGACGGGATTTGAACCCGCGACCCCAACCTTGGCAAGGTTGTGCTCTACCCCTGAGCTACTTCCGCATCGGATGGTGGCGAGACCCAGAATCGGACTGGGGACACGGGGATTTTCAGTCCCCTGCTCTACCAACTGAGCTATCTCGCCGTGCATGGCGGGGCTGAAGAGACTCGAACTCTCGACCTTCGGCGTGACAGGCCGACGCTCTAACCGACTGAGCTACAACCCCGTTTGGATGGTGGGCGATACAGGGATCGAACCTGTGACCACCTGCTTGTAAGGCAGGCGCTCTTCCGCTGAGCTAACCGCCCCTGTATGCCGCCTCGCTAGCACGAGGAAGATTCTATCATCATGCTTTGGACCTGTCAAGTTCGGTTTCGCAAAAACGCCGGGCTCGAGGCGCGCTCAGCCTTCTCTTTCGGCCAGCAGACGCGCCGCAGAGCTGCCCATGAACGTTTCTTTTTCCCGCTCGTCCAGGCCGCAGCTCTGCAGCCGCGACGCGAAGCGCTCGCGGTCCAGGATCGGCCAGTCGGTGCCGTACAGCATCTTGTCCAGCGCGCCGGCGGCCTTCGCCGCGGCGAGCACGCGCGCGTCGTACAGGAACGGCCAGGCGGCCGTGTCGTAGCGGGCGTTTTTGAGCGCAAGTCTCATCTCCGGCATGGTCTCGTACAGCCAGAGGCCGCCGCCGAAGTGGGCGAAGATCACCTTCACGCCGGGATGGTTCAGGCAGAACGCCGCCGCCTCTTTCGGCCCGACGTTGCCCTTGCCGTCGTAATCGTGCCCCACCGGTTCGGCGGTATGGACGTTGAGCAGCAGCCCGCGTTCCTCCAGCACGGCGGCCAGCCGCCACGTCTGCCGCCGGTCGCCGAGGTCGAAATTCTGCCCCTGCGGGAACAGTTCGCCGACGCCGATCAGCCCGGCGTCGGCGCAGCGCTCCGCTTCGGCGGCAAAGCCCCGCGTCAGCGGCGAGATCGAGGCGAAGCCCTTCAGGCGGCCGGGGTAGCGGCGCACGGCGTCGATCACGTAATCGTTGCAGATCGCGCACAGCCCCGGGTCGCGGAATGCGAAGCCGAAGATCCACGACTGATCGACGCCCGTTTCGTCCATGCGCTGGATCAATTGCTCCGCCGTGCCCCATTTATGGACCTTGTTGTGGGTGAGCAGATCGAAGTGAGGCTCTTTTTTCGAGATCAGTTCCCGATCTCTGACAAACTGTTCGGGGTACACGTGAACGTGCACGTCGATTACCGGGCTCATGAGCATTCCTCCTCGCCGTTTCGCCCGCATCATAACAAAAAAAACGGGATCCCGCCAGCAGCGGGATCCCGTTTTTCAGACGTATTTTTTTTCGTAGCGGACGATTAAGCGAGCACGACGGTCGCGCCGGTGCCTTCGAACTGCTTGACGAGAGCTTCGGCGTCTTCCTTGGACAGGCCTTCCTTGATGGGCTTGCCGGGGTTCTCGACAAAATCCTTGGCGTCCTTGAGGCCAAGGCCGGTGACTTCGCGGACGACCTTGATGACCTGGAGCTTCTGGGCGCCGACTTCCTTCAGCACCACGTCGAACTCGGTCTTCTCCTCGGCGGCGGGAGCGGCGGCGCCCGGAGCGGCGGCGCCGGCGGCCATCATCACGGGAGCGGCGGCGGAAACGCCGAACTTCTCTTCGAGGGCCTTCACAAGGTCGGCCAGGTCAAGAACGGACATGCTTTCAATCGCGGAAATGATCTCATCTTTGGTCATAATAATTTTCCTCCTCGGGAAATTTGTTCAGACGGCTTTCATCAAGCCGCCGGTTTTTCAATCGTTCGCGCGCAAAACGCGCTTACGCTGCGTTTACGCGGCTTCCTTTTTCTTGTCGGCGATCGCGGACAGCGCGGTAACGAGGCCGCGGGGCAGGCCGGACAGAACGGTAACAAGGCCGCGAAGCGGGCTGGCGATGGAGCCGACCGCCTTGGCGACGAGTTCTTCGCGGGAGGGCATGGAGGCCAGAGCCTTGACGTTGTCGAGCCCCAGCAGGTTCTTCCCCATCACGCCGCCCTTGATGACGAACGCGGCGTTTTCCTTCACTTCGCTGAAATCCTTGATGGCCTTGGCGACGGCGGGACTGTTGGCGGCGGCGACGACGTAGAGGTTGGGCCCTTTCATCATCTTCACGTCCTTGGCCAGTCCCACTTCGTCGAGAGCGATCTCGGCAAGCCGGTTGCGGGCAACTTTGGCCTGGCCGCCGGCGGCGCGGATCGCCTTGCGGAGCGCGGAAGCCTGAGCCACCGTCAGACCGCGGTATTCGGCGACGAAAACCGCCTCGGCGCCGTTGAACAGCTCTTTCAGTTCGGCAACCTGATCGACTTTATACTGTGCGGGCAAATCGATTCACCTCCTCAAATAAAAAATCTTCCCCGCCTCCGCAGGCAGGGAAGATTGAACGCCCAAATACGCGCGCGCGGCGCGGCATGAAGTCGTTTTACATTCCGAACCTCGGTGGGCGGCAAGCCTTTGTACCCGAAGGTACCCACTGTCTTAAGTTCACAGTTGTGGATTATACCCGAAGGGATAAAAAAAATCAACCCCTCGCTTTCGCGAGAGGTTGACGAAGGGCGCAACCTTATTCGGCGGCAGCCGCGCAGATTTTTTCCGCGTCGGCGGCGTCGATGCGCACGCCCAATCCCATGGAC
NZ_AP025585.1_gap35	2216894	2218131	1237	ACAGCCCACGCCATTGGAGACTTGGCTATTGAATTCATGGTGGAGGGTTACGAGAAGGTCTTCGCCGAGAATCCGGAAAAGGTTCGTCACCTGCGCCATCGCATCGAGCATTGTACCATCGTGGATCAGGATCTGATTGACCGCATGGCACGAATGAACATTTGCCCTTCAGTAAATGCCGGGCTTGTGGCCATGCTGGGAGAAAACTTTACAAAATTCTATGGCCAGCGCAACAGATACCTTGGCGCGCTGAAAAGTATGCTCAAGGCCGGCATAAAATGCTCCCTTCACAGTGACGCACCTTCAGGGCCAGTGGGACTCAAGTGCATTGATGGATGTGTAAACCGTTACGACAAAATCAAAAATGTGCAGTGTGACCGGACCCAGGCCGTGACCGTTCTTGAGGCTATCCGCTGCGCCACACTGAACGGCGCCTACGGATCCTTCGAAGAAAAAATCAAGGGCAGCATTGAGGTTGGCAAGCTTGCCGACATGATAGTCCTTTCCGATAATATCTTAAAGATCGATCCCATGAATATCGCTGATCTCAATGTAGATTTAACGATGATTGACGGCATTGTGGAGTATGAAAGACGGAGAGAAGGATGATTCAGTTTACTTTGAACTAACATCGAACATGATCTCAGGATGATAAAGAACAAAAAAATAACAGAGTCAATGTCCTGTTTTTCGATTAGAGTATGTTCACACTAATAGACAATTACCCAATAGTAATCTATAATGTACATATGGAAATTACGCAAGAACAATATGATCGGATTGAAAAACACTTGCCGCGTCAGCGCGGGAATGTGAGTATGAGCAATCTCCAACTGATCAATGCGATACTGTATGTCACGGGAAACGGTTGCAAATGGAGGGCATTGCCGAAATCCTATGGAAACTGGCATACGATTTATGTACGCATGAACAGGTGGAGCAAAAACGGCGTTTTACAGCGCCTGTTTGAAGCGTTGCAAGTAGAGAACATTATTCGCATAAAGGTCGAGGCGATCTGCTTGGACAGCACATCGGTAAAGGTTCATCCCAACGGGACAGGCGCTTTAAAAAAAGAGGGAAACAGGCCATTGGAAGATCATGAGGCGGGCTCACAACGAAGATTCATATGGTCACCGCAACTGACAGATCGGCTGTCAGCTTCGCGCTCTCCGGGGGAGAAGCCCATGACTCGCCGGAAGGGCTAGCTCTGCTTGACAAGATCATAAGAGTCCCAGAG
NZ_AP025585.1_gap36	2223741	2228197	4456	CGCGCGCCGCGGTGCCCAGAAGGATCTGCGCCAGCCCGGGCTGGCGTTCCGGCGCGGCGGGCATCTCCGCGGCGATCTCTCCGTAAAATTCTTTCGTCAGCGCCGTCATCGTCATCAGCACGGCGTCGCGGCTCTGCGGCGCGAAGTTCACCAGCACGCCACGCGTGCGCCAGTTCGCCTGCGCCCGCGCGATGCCAGGCTGCGTTTCCAGCAGGGCGGCGACGACCGCCGCCTCGCGGACAGAAAACGCCTCGGCGGGATCGACGCGGAAGCGGATGCGCCCCGGCAATTCATGAACAATCTGATATTTCATGTCGAAAATAAAACGAAGGCGAAGCGCCGTTCGTGCCTCGCCTTCAGTCCTCTGCTACGCTTCCGCGGCGCCGGCGTTTTCCCTGGCCGCCTTCGCCTCAGCCACAATGTCTTCCGCGGATTCTTTCGCCTGCACGGCCATGGCGGCGACTTTTTCCTGAAGTTCCAGGCCTTTGCCGGCGATCTTCACTGCGGCCTTTCGGGCCGCGCCGCTCTGCACCAGCGCGTAGGCGCCGGCGCCAACCACGATTCCCGCCGCAAAATAGAGCCACTTGTTGTCCATTCTCGGATCATCCTTTCCATAAGGGAGATCTCCCTCAAAAATGCCGATTTCAGTGTCGTTCCGCTTAATTTCGGCTAAAATATAACATATTTCTTCATCTTGTCAAATGCGCCCGGCGGCCGGCGCAAAAACGGCTTCGCGCTCCACGCTTCCTCCAAGCGGCCCGAGGTCTTGATTTTCAAGCGGCGCGTGATATATTTATAGTTAGCTGAAACTAATTCATATTCGAAGAAGACAATGGGGAGGCGATCGGCACGAAAAACTACGAAGAACTTTCCCGCCGCCATTTCAACAAGCAAGCCGCCGTCTACGACGAAAACACCGGCGTGTATTATTCCGGCCCGGCCAGAGTCAGCGGCGCCGACGCGCTGGCGTATTTCCGGGAGATACGGTACGAATCGCTGCTCGACGTCGGCTGCGGCACGGGGTTTCTCCTCGACGGGCTGGCCCGGCAGCGGCGCGCCGTTTACAAGGGGCTTGACATCTCGGAAGGGATGATCGAAATCGCGCGCGGAAAAAAAATCCCCGGCGCGGAATTCGTTTTGGGAAGCGCCAACAAACTGCCCTGGGCGGACGGAACTTTCGACGTCGTCACGTGCATTCAGAGCTTTCACCATTATCCCTACGCCGACGAGGCCATGCGGGAGGCCCACCGCGTTCTCAAGCCGGGAGGGCTGTATCTGCTCTCCGACACGGGCGTCGGCGGCCTGGGAGCGTGGTTTGACAACCACATCGTTTTCCCGCTGCTGCGAAGCGGCGATTGCCACGCCGAAAACCGGCACGCCATCGCGGCGCGCATGGAGCGCCACGGCTTCGCGGTGATCAGAAACGAACGGCTGCGCGGCCTGATCTACACCGTCGTCGGGCGCAAGCCGGAATCACAATGACAGGAGATGAATCCGCATCATGAAAGCCGATTATAAAAACTGGGTGCCGAAAGGTCTGATCGTGGCGCTGCTCGCCGCCGCCGCGGCCGCCGGACTCTGTTTCGCCGTCTTCGGCGTCGCCGGCTGGGGCGTGGGATGGACGGCGCGGATCGCATGGGCCGTCGCCGCCGGGACGATCTGCGCGCTCTGCGCCCTTCTCGCGGCGCAGTTCATCGTCATGTACCGCGCTTTTTCCTATAATGGCAAACGGCAGCTGGCGCGTCAGGTCGTGGAGGGAACGGCGCGGTACGTCGAACTGCCGCCGGGAGGCTGCGGGCTGGACGTGGGCTGCGGCAGCGGCGCGCTGACGATCGCCTGCGCCAAACGCAATCCGCAGGGTTCCATGCTGGGCGTCGACCGCTGGGGGCACGAGTACGCCTCGTACAACAAGCCGCTTTGCGAGCGCAACGCGGCGGCCGAGGGGACGAACAACGTCAGCTTCGCCCGCGGCGACGCGCTGAAGCTGGACTTTCCCGACGAGAGCTTCGACGCCGTCACCAGCAACTACGTGTATCACAACGTAACCGGCGCCGACAAACAGGAATTGCTTCTGGAAACGCTGCGCGTGCTGAAGAAGGGCGGCGTCTTCGCCATTCACGACCTGATGACGCCGTCGCGCTACGGCGACATGCGGGCCTTCGCCGACGAACTGAAGCGGCAGGGGTATGAAGAAGTTCAGCTGCTCGACACGACCGGGGGCATGTTCATGAGCCCGGCCGAGGCCCGGCGTCTGATGCTCAAGGGCTCGACGCTGCTGACGGGAAGAAAATGACGGGAGTGAAATCATCGTGACAAACGCCGTTCACGTGACCGCGGGGATCCTGATCCCATTTTTGGGCACGAGCCTGGGCGCGGCCTGCGTTTTTTTCATGAAGGGCAACATGAGGGAAAACGTGCAGAAAAGCCTCACCGGCTTCGCCGCCGGCGTGATGGTCGCCGCCTCCGTGTGGAGCCTGCTGATCCCGGCCATCGATCTGGCGGCGCATTACGGCCGGGGCGCCGTCGTGCCGTCGGTCGCCGGCTTCTGGCTGGGGATCCTGTTCCTGCTGTTGCTCGACCACGCCATTCCGCACCTGCACCAGTTCAGCCAAGAGGCGGAGGGGCCGCGCAGCCGTCTGGCGCGCACGACGATGATGGTTCTGGCGGTGACGATCCACAACGTGCCCGAGGGCATGGCCGTCGGCGTAGTGTACGCCGGCCTGCTGGCGGGCACGGCGAACATCACGCCGATGAGCGCGCTGGCGCTGGCCGTTGGCATCGCCATCCAGAACTTTCCGGAAGGGGCGATCATCTCCATGCCGCTCCACGCCGAAGGGCAGAGCAAATGGAAAGCGTTCGCGGGCGGTGTGCTCTCCGGCGCCGTCGAGCCGCTGGGCGCGGCCGGCACGCTGCTGGCCATCGGTCTGGTCGTTCCGGCCATGCCCTATCTGCTCAGCTTCGCCGCCGGCGCCATGATCTACGTCGTCGTCGAGGAACTGATCCCAGAGATGTCGCAGCCTCCCCACTCCGATTGCGGCACGCTCTCGTTCGCTCTGGGGTTCAGCGTCATGATGGCGCTGGACGTGATGCTGGGGTAAGAACGGCGGTTGAAGAACAACTCATGATTATAATAAAGAAGCCTCTAGAAAATCCCGCGCTTTGCGGGAACTTCCAGAGGCTTCTTTCGTGCCGCGCCGGGGCGCGGACAAAACAGGTCGATTTGCGTCAGCGGCGCGCGGCTTCGAAGCTCAGGTCAGGATAACCGGCGGCGCGGACAGTCACCGCGCTGCGCTCCTTGAAAAGCGGCGCGGAAAGATCGAGGCGGCCTTCGCCGTCGATGACCTTCACTCTCTTCGGGTTGACCGCCGTGCCATCGATCGTCAGCTCGCGGACGCAGCGCAGATAGTTTTTGAAATCCTCTTCGCCGCCGACGGGAACGAGACGTCCGCCCTCCGCGTCGTAAGCGGCGGGCAGCGCGTCGGTCGAGAGCACGAACGCGGCCGTCAGCGTCTCGTACACGCCTTTTTCGTCCTTGACGTACACCTCGTATTCGCCGGGCTTGTTCTGCGCGGACCAAACGATGCGGCCGTCGGCGGCCGAAGCGCCGTCAAGCGCATGCACGTCGAACGCGGGAACGTAATCCCTGGGCAGTTCGCCCTCGATCGCAAACGCCGTGCCGCCGGCCGCGGCCATGGCGTTTTCCACCTTCAGGCGGCAGCCGGTGAGGACGGGCAGGTAAACTTGCGCGTCCACGTTGTAGACGGCCTTGTCGGTGATATAGCTCAGGCCGGTGATCGTCGTGCCCGTCAGGGTCTTGTAGTGCTCGGGGAAGGTCGGGTTGACGTCCTTGATGAACTTGGTGTAGCCCACGTTCCAGCCCAGCTCGCGGCCGCCGCGCCAGATGTTCTCCAGACGGCGCATGCCGTAATCGTTCTGCGCCGTGCGGACGATCACGCCGTACAGCGTTTCTTTCTCGGGGTCGGTGTCGAAGCCGTCCAGCTTCATCTGGTAGTCGCCGCGCCGGGTCATGGTCCTGACGCTGCCTTTCACGTTCGCGACGGCCACTTCCGGCAGTCCCTGCACCTTGCCGAAGGCGGGCGCGCCGTCGGATACGCTCATTTCCTTGAAAAACGCGGGCTCCTGCGCCAGTTCAGTCCAGGCGTAGCTGCCGAGGGCGAAAAGTTCGTCGGCCGAAGCGGCGTGGACAAATACAAATCCCTTCAGCGCCGCCTCGTCGGTCTTGACGGGGAACGTCACGCCTTCGATGATCAGCGCCGTGTCGTCGCCGGTGTGGTAGGTGCCTCCGACCAGGTGCGCGTTTTTCGCCTTGGCGACGGTCGCCGAGGTGACCGCGTCCACCGGTACGGCGTTCTTCGTCAGTTCCGCCTTGTAAAAATCGTTGTAGGGAACGTTCATCAGCACGTAAACCGGCGCGCTTTCGGCGCTCCCCGCTCCG
NZ_AP025585.1_gap37	2237847	2242452	4605	ATGCGTCTAATACATCAATTATATATCTCTTATGCTTCAAATTTATGATTGTGGTTTTGTTTTCGCAAGAAAAGGGCCTTCACGATCTTTGCTTGCCCGTTACAAAATTTTCACCCCCCTTTTCATTTGCGGCGCGTCGCCAAACAAACTTCTCGCTTGACGATGCGCATCACAGCATCATCGTGTTGTATGAAAAGACGTGCTCGCGCCATTCCGCGCCCACGGCGTATTCCCAGAAGAGCCTCATGCCGCCGGTGAAGGAACTGCTTTCGCGAGCGGCGGCACCCAAGCCTACCGCGGCCGCATCGCCACGCAGAAAGAGCGCGGGCTCTACACCCATATCGGCGATTTCAGCGATTTTCAGGCGCGGATCGGGAGAAACAATTCTTTCACAGTCGAAGAGTAGCGATCGTTCGCCAATGTTCCACGTGGAACATCCGCATAAAAAACGCCCGGCGGTTCAGCAACCGCCGGGCGTTTCGTTATGATCGCCTTGCCTCGTTTTTTTCGTTTCCGCCTTTTTCCGGCGGCCGTATTTGGCGCGCTTCGCCTAAAAATACGCGGGCACGCGCACCATGTCGCGGCCGATCTCGGCCAGCGTGGCGGCGCCGGTCATGAGCATGGTCCCCGCCAGCTCGGACTGGATTTTTTTCAGATAGATCTCCACGCCTTCGGCGCCGCCGCCGAAGGCCGACATGGTGACGGGGCGTCCGATCAGCACGGCGTCCGCGCCCAGCGCCAGCATTTTGAAGACATCGACGCCGCTTCTGACGCCGCCGTCGACGAAAATTTTCATGCGGCCGTTCACGGCCTGCGCGATCTCGGGCAGGACCTCCACGGTGGATTGAGCGTGGTCGAGCACGCGGCCGCCGTGATTGGAGACGACGATACCGTAGCACCCGGCTTCGAGGGCTTTGAGCGCGCCTTTGGCGGACATGACGCCCTTGACGATGAACGGCGTTTTCCCCGCGGCTTCGACGAGGACGCGCAGATCGGCGACGCTCTTGGGATAGACGGATTCGCCGCGCAGCTTCACGTTGACCAGTCCGGCCGCGTCCACGTCCATGGCCACGGCCATCGCGCCGGCGGCGACGGCGTCGGCCATGCGCGCGAGCGCCTGCTTCATAGCCCAGGGTTTGATGGTGGGCACGCCCCAGCCGTCCAGCGCCTTGATCGCCTCCAGCGGGCCGTAAAAGGCTTCGTCGGGCGAATCGCCGGTGAAGGCGGCGCTGCCGGCGGCGTGAGCTCCTTTGACGACGCGCTCGCCGTTGGCGCCCTCGCCGAGGTCGGAAGCGTAATTGAGCTTCATGCCGCCGATCGGCGCGGCGAACACGGGCATGGCGAACGCGCGTCCAAAGAACTCGCAGCTCGTGTCCTGGCCGCGATCGGCGTAGAGCGTGTCGAGCACGAGCTTCACTTCCGCGAGCGCGGCGACGTTGCGCACGAACGTGGCGCCGGTCCCCTTGCCGCCCACGCCGGGCACCTCGCCGCGGCAGGCGCGCCCGTCGCACACCGGGCAGACGCGGCACTTGGGCGCCAGAACTTTGCGCGCCGTTTCCAGCACTTCTTTGTAATCCATGATAAATCCCCCCGTAATAGCAAAATATCGAACAAAACTCCGTTTCCCCGCCGTCATTATACATCACGAGGCAAGCCCCAAAAGGGAGAGATCTCCACGGCGCAGAGGCGTTCCCGGCATTGCCGGAGAAGTCGTCTCCGGCACAGGCGCTCGAAAACGGATTGGAAATGCCGCGCGTTTTTCTCCGCGTCCTGCCGCGTCGTGTCCCTCTCCACGAAAACGTCGCTTCGAGAAATGCCCGCCCTTATTCCGGGACCGTGGGGGAAAGTTCGCGCAGCCGCTTCTCGAAGCGCGCCGCCGCGATCTCCGGTTCTTCCCAGCGGGTATCGACGGCACAGCGGATTTTGCGCCAGCGGTCGGAAATGTCCTCGGGCATGAGGACGTGAAACTCGTAGCTGAGCATGTCGTCGTCGATTTCAAAGACCAACGCCCGCTCGCTCTCGTCCGGCGCCTCGTCGAGGAATCTGCGCCAGATGACGTCGAGCAGGCGCTCCTCGGCGGCGCGAAGCTGCGGCATCAGCGCTTTCATGGGGCGCGTCACGTCCGACAGGTACGCTTCGGCCGCATCGTGAAGCAGGCAGGCCAGCTGAACGCGCGCCGAAAAGCCGCGAACTTCCGCTTCGTATGAACAGGCCAGACTGTGCTGCGCCACCGAGTAAAAACGCCGCACGTGTCCGTTGCCGCGGCAGATCAGCGACAGGGCGTGGGCGATGTCTTCCGCCAGAATCTGTTCCGGCCGCGGCGCCAGCGGGTCGAAATGGATGCCGCCGTAAGTCGTTATATAGCTCATGCTTCACTCTCCTCGCGCTTATCCTGTGCAGGTCAGTATAACATCTTGCGCGCCCCGACTTCAACGGCCGGGAACAATGTCCGGCGTTCCGCTTTTGGTACGCTCTCGGCGGAAGGCCAAGCGGGCTTTCCAGCGCGCCGGTTTCGGAGCGGCGCGGAAGGTTTTTCGTTAGAAAGACGAATTTTCGCGCGCCATCTTTTTTAAACCTGATGCGGATATGCAGATGATATAAATAAAATTTAGTAATATTCTTTATGATGATTATAGATTGAAACGATTCCGAAAGGCTTCGCGCGCATGGACATTCCGGCGCGCCTGCTTCGATCGGCGAGAAAGGCGTGAACGTTTATGGCTTATGAACTGGGAATTCTCCTGGGCGATCAGGACAATCCGTTCTGGCAGGAACAGATTCTGTGGTATCGTCGCTATCTGCCCGAGTCGCCCTTTCACGCGCAGATCTTCTTTCCCGAAGACGCGCTCGATCCGGCGGCGCAGGCCGATCTGTGCAAAACGCTGCTGCGCAAAGGATTCGACGCGCTCCTCGTCAATCCGCTCGACGAGACCGCCGTCGCCCAGGCGGCGGCCGCCTCGCGCAGCCGCACCGTCGTCTTCGATTTGGGGCCGATGAGCGATCCGAAGCTGGCCCGCTCTCTTTCCAAATACCAGCCGCTGTCGCTCTGCGATTATCAGGAGCAGGGAAAGGCCTGCACGCAGGAGCTGCTCAGGCACGCGCGGAAGCTACGCCGCTTCTGCTGTATCGGCGGACCGCAGCGGGCCCGGCAGAGCCGCAGCCGCGTCGTCGGCGCTCTCGCCGCGCTGAGCGGCTTTCCCGGCGTGGAAAAGCGCACGGTCTGGAGCGATTTTACCCGCGAAGGCGGCCAGAAGGCCATGTTCCATGTTCTCGAGTGGCAGCCCGACGCCGTGTTCTGCGCCAACGACTTGATGGCGCTGGGAGCGCTCGACGTCCTCCATTCTCACGGGATCGCCGTTCCCGTCGGCGGAGCGGACCGCATTCCCTCGGCGGAGTTCGCCGTCAAAACCGACGACATGACGGCCACCGTCGGCCCCCGCGGGGACGATGTCACGCTCGGCGTTATCCACGCCATGGACGACTTTCTGACGTCCGGCGTCATCTCCAGCGGATTTCTCGCCGAAAATCACGTGGTCACGAGGGAATCGCTGCAGCGCGAGCGGCGCGGCCGGCAGCGCTACATGCCGGCTTGGTAGCTTTTTTTCCTACGAGTACAAAACAAACGGCGCGGCCGCTCATGAAAAATTTTTCACGGGCGGCCGCGCCGTTTCGCGTTCAAGAGTCTTTTTTCACGTCGACAACATGGGTTCTCGGCTCGCCGCGCGTCCAGGCGCGCAGGTTGTCCCCGGCGATGCGCACGATGCGGTTCAGCGTTTCGGGCAGATAAAAGAATCCGGCCACGTGCGGCGTGATGATGACGTTGTCGAAACCCCACAGCTCGTCGTCGGCGGGCAGCGGTTCCGGCTCCGTCACGTCCAGAGCCGCGCCGCCGAGATGCCTGGCGCGCAGCGCCTTTTTCAGCGCCTTCGGGTCGACGGCGCTGCCGCGGCCGACGTTGATGAGGAAAGCGCCCTTTTTCATCAGGCCGAGGCGGCGCTCGTCCATGAGGTGTTCCGTCGCGGCGCCGCCGGGCAGAACCATGGCGACGATGTCGGCGCGGGGCAGCAGGGAGTCGAGCTCGTCGATGGCGTGCAGTTCGTCGAGATAATCCGGCTTCTCGCCGACGCGGCGGCGCACGCCGATGACGTGAGCGCCCAGCGCGTGCGCCTTGCGCGCGTAAGAGCCGCCGATGTCGCCCAGCCCGAGGACGAGGATCGTCGCCCCTTCCACGGAGATGATCTTGCCGCGCGCGCTCCACTCGCGCCGCGCCTGATTGAGCGCGTACTGCCCGAGGCGGCGCACCAGCGCGAACGTCAGCGCCAGCATATGCTCCGACACGGTCAGCCCGTAAGCGCCCGAAGCGCTGGTGAGCCGGCAGCCCGGGGGAAGCGCGCCGGGGGATGCGTAGGGATCGGCGCCGGCGGAATTGAGCTGCAGCCACTCGAGCTTCGGCGCGTCTTTGGCCAGCTCCGGCGGCAGGTTGCCGATGACGACGTTCATGTCTTCCAGATCGGCGGCGCTCAGACCGCTCTCTTTATAGACGAACCGGCAGTCGAAATTTCCGCCCTCGGCCTGCTCCTCCAACCACGTCTTGTGTTCTTCCGT
NZ_AP025585.1_gap38	2261493	2263273	1780	ACGACCTGTTCCTGCCCTTCGGCATCGGCTTGCCGCACCACAGCTCGTTTCAGGCGAAAAGCGGAGTTTTCGTTGACTTAAGCGGCCTGAGCAATGGGGAAAAACTGGACGTGATCCGCTCGCGCGGCGTCCCTTTCCGCACGCTGGTCGGCATGAAAGGGCACGTGGCCCTGTTCATCGGGCTGTCGCGCAAGGGCGAGCCGGTGATCCTCCACAACCTGTGGGGCGTCAGACTGGCGTCGGAAAAAGACCCCGGCCTGAGCGGGCGCATCGTGGTGGGGCGCGTCGTCGTCACCACGCTTCGTCCCGGCGCGGAGCGCCGCAGCTCGGTCGATCCCGGCGGGCTGCTCGGCCGCGTCGTCACGCTGACGTTTCTGCCCGGCTTCGAGCCGGCGGAGAAAGGCTTGGGGGACGATCGTCAGGATGTCGGATTCTATCGATAAAAAAGCAAATACGGCGATACCTTCTTGATACCGTTCCACATTTCTGATCTTCAAAAAAGAAAAACGGCGGCTTTGATCGTTATTTCAAAACCGCCGTGAGGCTGCTGTATTTTGTTCAGACGCATAAACTTGCCGCCGCAACGACGGCTCTTTATAGATCCCTTTTCAAGTAAACCATATCGATCAGCTGTTGACCATTTTCATATATAGGGTGGTCATAATTCTCTACAAAGAAATCTTTGGCGATGTGTGATTTTACAAATCCGCATCTTTCGTAGAAATGAAGTATCATGGGAATGTCTCCTGTTCCTACATATAGCTCGCTGCCACACTTCTTGTAGTGGTCAACGATAAAGGCAATGAGCTTTTGCCCATATCCTTTCCGTTGATGTTCGGGAACGGTAACGATATTTTTAAGCTCGTATCTACCTGCTTGCTCTTGTGTAACGACACAGATCGCCCTCACGTCGTCATCACATAAAGCGAACATGTCGCCGCGATACAAATATTTCTCTATCATGTGTACCTGTTCATCCGCAATCAGCAGAAGTTCCATATACTTTGTTTTATCGCTATCATCGATCTTTACGATCTTCACTTGCCGTTTTCCCTTCCCGCTTCCCTCTTATATAGTTGTAAATCCATTATACCATTTGCGCTTTCATGAGAAATCCTCATCTGGCAAACGTCTTTTATCGCCCGCATCTGAGCGCGCTTTGTTTACAGTCCCAGCGCGTCGAGCCACTTTTTCAGGCTGGCGGCGGAGGGATGGCCATTGAGCAGCCTGCCTTCGCGGATGTCGGCGCCGGGGGCGCTGATCTTCAGGTCCTTGGCGGTATTGCCGAAGCCGCTGCCGCCGGATGTGGCGAACAGTACAACCGTCTTGCCGGCGAAATCGTAGGCCTCGAAGAAGGAGTGTACGATCGAAGGCGCCGTGTACCACCAAATCGGAAAACCGAGAAAGACCACGTCGTAAGCGGCGATCTTTGCGTCGGTATCGGCCATGGGGACGCGGAACGTCTTGTCTTGCATCTCTACGGAACTGCGCGATTTTTTGTTCGTCCAGTCGAGGTCGTCATCGGTGTAAGGGACGGCCGGGCGGATCTCGTAAAGGTTGGCCCCGGCGGCTTCGGCCAAGTTCTGGGCGGCGGCACGCGTGACGCCGCTGGCGGAAAAATAAGCGACCAGTTTTTTGCTCATGAAAGAACCCCCTCATTTCGTTAAAGAAAATTATCAAACAAATATCAATTCAGCGTTTTCATTCGCGGAGGCCCACGCCCCATCATCCCCGAGAGCCTGCGCCGGCTCGGCGGGGGCGGCGGCCAGCGCCCGAGCGC
NZ_AP025585.1_gap39	2267777	2268909	1132	AGGTCGAGCACGTTGCTGGGATGGATGGCGTCGCTGACGCCGGTGACGTTGCCGTCAGGCCGGGCGAGGTCTTTCACCAGCCCGGCGGCGACGGGGTCGGAGACGGCGGCGAAGACGACGGGGATCGTTTCCGCGGCCGCGGCGGCGCCCTGCGCGGCGGGCGTGGCGATGGGAACGATGACGCCCACCCCGCGGGCGACGAACTTTTGGCAGATGGCGCTGATCAGCGAAGGCGAATTCTGCCCGTTCTGGTAGTCGATCTCCGCCACGTCGGGACCGTAGCCGGACGCTTTGAGCTCGGCGAGGATGGCAAGGCGCACTTCGTCGAGCGAAGGATGCTCGACCAGTTGGACGATGCCGACGCTGAATTTCGGCGCGGCCAGGGACGACGAGGCGCACAGGGCCGACAGGATGCAGGCCGTGAAGAACTTTTTCATTGTCATGACAAAAACCTCTCTTTCGAAAATAATTTTTCCGGGAACGACAAAATCCACAACAGCCGATGCATGGTGCCGGGGCAGCGCGTTTTTCCTCCTTTCAAAAAACGAGACCTGCCCCTGAACGGATACGTTCAAGGACAGGTCTCGAAAAAGGCCTGCGGTGCCACCTTGATTGCCTTTCGCGAAAAAGGCCGCTCGCGGGATGCCAACACATCCCCGCTCTGTTACGGGAGCTCCCGTCGGGCCCTACTGAGCGAGCTTTCGCGCTGTTGGGGTCCGCCCTCGGCGGTCCATTTGTCCGAGCCGCATTTCTGCCGGGATCTCAGCTGCCCCGGCTCTCTGTGAGCGCGCGCTGCGGTTTTATCTCCGCGTCTTCGGTTTGGCGTCGTGAAGTTGTTGGGATTATTTAAGCACGAAATCCGAAAAAAGCAAGTGTTTTTTTGCGGCCGAACGCGAACGGGCGAGCCCGTATTTATGGGCTGATGTATAATGGCACCGACATTGAACGGCGTTTTGCCGTGAACGAGGGAGAAATATCGCATGCTTGTTTCGACGAAGGGACGTTACGCTCTGCGCGTGCTGATCGATCTGGCCGAGCATCAGAGCGGAGATTATGTGCCGCTGCGGGCGATCGCCGAGCGCCAGCAGATCTCGGAAAAGTACCTGGAAGCCATCCTCAAGTCGCTGGTGCG
NZ_AP025585.1_gap40	2449418	2452733	3315	TTTTGTGGAGCGGTAGAGTTGACAGGCATGATATTTAGTGTGGAGTTCGTGTGGAAGATATCGCCGGGTTTGTGTTATAGTATTCATGGCGGTTAGGCCCTCCTTAGGATGCTTGGTTGTGGTGACTTACATTCTAAAGGAACCAACCGCTTTTGTATATCTGCTTCAGTCTCACTTCTTTTGTAACACTACACGATTTCCGTTTTTCAAAGCGGTTCTTCAATGACAAAACTCTGTGCCGGTGTTATAATCTCCTTCATTATATTATATATGATTGTCAATTATAATTGACTGTGAAAACGAATGGGAGCTGCCACATGCTTGAGATCAGCCATCTAAAAAAGAGCTACAACGGCCAGCCGGTGCTGCGGGACGTGAACCTGACGCTGGCGCAGGGCGAGGTTATGGCGGTTATCGGCCCGTCGGGAACGGGCAAGTCCACGCTGTTGCGCTGCGTCAACTTTCTGGAGCGCCCCGAGAGCGGGACGATCACCCTCGACGGACTGACGGTCGACGCCGCCCGCGCCACGCAGGCCCAGATCCACGCGCTGCGGCGTCAGACGGCCATGGTCTTTCAAAATTACAATCTGCTGCGCAATCTGACGGCGCTGGAGAACGTCATGGAGCCGATGGTCACGGTCCAGCGCCTGCCGCGCGTTCAGGCTCGCAGACGGGCCTTGGAACTTCTGGACAAGGTGGGGCTGGCCGACAAAGCGGATTTTTATCCGCGCAAAATGTCGGGCGGCCAGCAGCAGCGCGTGGGAATCGCCCGCGCCATGGGCGGCGACGCCAAGGTGATTTTGTTCGACGAGCCCACGTCGTCGCTGGATCCCGAGCTGATCGGCGAGGTGTTGGCGGTGATCCGGCAGCTGGCGGAAGAGCACACGACCATGGTGATCGTCACGCACGAGATGAAATTCGCCCGCGAGGTCGCCGACACGATGATCTTTCTCGAGGACGGCATCGTCGCCGGCGAAGGCACGCCTGAAGAGATCTTCGAGCGTTGCGGGAACGAACGCATCCGCCGTTTCGTGCACCGCGTCATGGATCAGTAGGGAGGCGCGGGAAAATGCTTTTCGACTTCAAAAGCTTTACCGAACTGTTTCCGCTGGTCCTGTCCTCGCTGGGGCTGACGGCGGAGATCGCCGCCCTCTCGCTGGCCGGCACGCTGGTCCTTTCCACGGTTATCGCCATCGTGCGCTATTACAAATTCCCTCTGCTGACGCAGTTTTTCGACGCGTTCGTGACCGTGTTCCGCGCCACGCCGCTGGTGGTGGCGCTGTTCATGATTTTCTTCGCGCTGCCCTGCCTGATTCCGGCGCTCAAGGCGATGACGCCGTTTCAGGCCACGGTCGTCAGCCTGATCTGCAACACGTCGGCCTTCATGGCGGAAAGCTTCCGCGCCGCGCTGGAGTCGGTGGACAAGGGACAGATCGAGGCCTGCTACTCGATGGGCATGACGCGGGCCCAGGCGATGCGGCGCGCCATTCTGCCCCAGGCTTTCGTCGTCGCCGCGCCTTCGATCGGCAACCATTTCATCGGCATCATCAAGGGCACGGCGCTGGGCTTCACCGTCGGGCTGGCCGATGTGATGGGCACGGCCAAAATGGAGGCGGCGCTGAGCCTGCGCTTTTTCGAGGCCTATCTGTGCGTGACCATCGTCTACGTGGCGATCGTGCTGATCGTCGAGTTTTTCCTGCGCCGGATCGAGCGGCGGCTGCAAGATCTTTATTAGCTCCCGTTCTTTTCGATAGATCAAAATTTTCAAGGAAGGTGTTTTTTGATGAATTTGAAACGTATCTGCGCTCTCTCCCTGACCGCTGCGGCGCTGATCGCCGGCGCGGCTTTCGCCGCCGACGCGCCGAAGGAGATCACGGTCGCTTCCGGCAACAGTTCCGTCCCCAACACCTATTTCTCCAAGGGACAGCACCTCGGCACCGAACCCGACATCTGGGCCGCCATCGCCGCGAAGACCGGGCTGAAAGTCAACTTCGTCACCGGCGAATTCAACACGCTCTTCGGCTATCTCGATTCCGGACGTGCCGATACGGTGGGCAACACGATCACCGTCAACCAGAAACGCATCGACAAGTACAGATTTTCCGAGCCGTACGCCTACATCCCCGAAAAGCTCGTCGTTCATGAAGAGCGCACGGACCTGAAACGCCTTAAGGATATCGACGGCCTGAAATGCGGCTACAGCGCCGGATCCAACGGAGGCAACCTGTTCAAGCAGATCGCCGAGAAGGAAGGCATCAAGGTCGAACTGGTCGTTTTCGACAGCAGCGACCTGCTCAACGAAGCCTTTCGCCAGGGCAAAGTGGACGTGATGATCTTCGCCGGCAGCGAGGCGGCTTTCAAGATCAAAAACGGCTTCCTCAAGGCCCGCACGGTCGAGGAGAACATCGCCGTCGGCGAGAAGGCGTTCCCGTTCCGCACCGACGACACGTCGCTGGCGCTGCGCGCCATCGTCACCGGGGCCATTCGGGAGATGAAGGCCGACGGCACGCTGAGTGCCATCTACCAGAAGTGGTTCGGCGACGATTTCAGCCAGCCTCCCGCCGGTTACGTCTCGCCCTGGAAGCTCGATTGATCCCCGTTCCGACACATCGAGAGCCGCCGTCCGCACGGCGGCTTTTATTTTCATCGGCGCTGTGTTAGTATGACGGCAGACTGTCCCTGCGCAGCTTGGCGCCTTTCCGAAAACGGGGGCATCCTGGAGGTTTCGCTTTGAAAAAATTCGACCACGGCGGAGACGTTTATTCCCGCAACGTCGCTCTCGATTTCTCCGTCAACCTCAATCCGCTGGGCATGCCGCCGGCGGTGCGCGAAGCGCTGATCGCGGGCGTCGATTCCTACGCCGGCTATCCCGATCCGCACTGCCGCGCGTTGCGGACGGCGCTGGGGCGCGCGCTCGGCGTCGAGCCATGGCAGCTGCTCTGCGGCAACGGCGCCGCCGACCTGATCATCCGCCTCTGCCTGGCCCGGAAGTCCGAAAAAGTGCTGCTCTGCGCGCCGACCTTTTCGGAATACGAGAAAGCCGCGCTGCTGGCCGGCGCTCAAGTAAAGAAATTCATCCTGCGCGAGGAAAACGACTTCGCGCTCGGCGGCGAGATCCTTGGCGAATTGGCGGGCGCCGGCGCGCCGGATATGTTTTTCCTCTGCAATCCCAACAATCCCACGGGGCAGCTGACCAGCCCCGCGCTGATCGGCCAGATCGCCGCCGTCTGCGAGAGGCGGGGAACGCTGTTCGTTCTCGACGAGTGCTTTCTTCCCTTCACCGGGGCGCCGTCGGCGCGCCCGCTGTTGAACGCG
NZ_AP025585.1_gap41	2599411	2600292	881	ACGAAGAACGCCAAGCATATGCGGATCACCAATGCTGCCGGAACGGATATCGCGTTTGATATCGATCCCCGGCGTCCGGTCGCAAATGAATGCGATTACAGCTCTCCCGGAGGGCACTTTCTGATTGGGCAGATCGGATGGGCTCCCAAGGAGGATACGATCCAGGGAGTTATCGCCTTTGACGGAACGATTTCCGGCGGCGGAGACGCCGAACTTGGGCTATTAGAAGAACCGGTCAAGTATGTCGTAAAGGATGGTCGTATTCAGGAAATCGCAGGCGGCTGGCAAGCTGATGTTCTTCGCGAGTATTACAGGAAACTGAATGATCCGAACATGTATATAGCTGCTCATGTGTGCTATGGCGTAAACCCGAACGCAGTACTCGGCGGCGCGACGACCGTTGATGAGAGGATATGGGGAAGTACGCAGTGGGGCTTTGGTCACCAGGGATCCTGTTATTCGGGCGGCGCTCCGAGAAACGCGGTGAGCCATATCGACGGGATCTGCAAAGATTGTACGATCTATATGGATGATCTGCTGATTGAAGAAAACGGCAGATATATCGAACCTGCATTGGCGAAGCTTGCGGCAAAACTCGGAAAATAACGCTCAGAAGGGTAAGAATCCTGTTATGAAATTAAAGGTTTGCGCAGATCTGTTCCCTCCGTATCAGTATTTTGACAAGCAAGGAAATATAACTGGCAGCGATTATGAAAAAGTCGCCTCGATCCTTTGTGAGAGCGGCTATGAATTGGATGTCACGATTGCAGACTGGGCCGTGATCAGCGCCGATTTTGAGAATGGCGTCTACGACGTTATTTTTCAGATCCAGGATACGCCGGAAAGGCTGAAAAAGTTCTTTCTTTCCGATAAACTCCGGG
NZ_AP025585.1_gap42	2601352	2602680	1328	TCGCGGCGGCGCTGGTATTCGGCGCGCATCGCTTCGACCGCGTCCTGCGGGCCGGTCAGACCGGCGAGGGCGGCTTTCTGGGCGATACTGTTGGGGGCCGAGGTCATGTGCCCCTGGATGTCGGCGACGGCTTTAGCCACGTCGCCGGCGGCGGCCATGTAACCGAGACGCCAGCCGGGCATGGCGAAGGCCTTGGAGAAACCGTTGACCGTAACGGTGCGGCGGCGGACTTCTTCCGAGACGGAAGCCACGGAGAAATGCCGCGCGCCGTCGTAAATCAGCTTTTCATAAATTTCGTCGGCGATCAGGTAAAAGTCTCGCTCGCACGCCAGCGCCGCTAGATTGCGCAGGGAATCTTCCGCGTAAACGGCGCCGGTGGGATTTTGCGGCGTGCAGATGAGCACGGCTTTGGTGCGCGGCGTCAGGGCCTTGCGCACGGCTTCGGGTTCGAGGGCAAATGCGGTTTCGGGACGGCAGGGCAAAAAGACCGGCGTCGCGCCGGCCAGCTTGATCATCTTGCTGTAACTGACTCAGCCGAGTGTGGCAGGATCACCTCGTCCCCGGGATTGCAGAGCGCCAAGAGCACGTTCTGCAGCGCCTGCTTGGCACCGGTGCTGACGCAAATCTCGGACGGCGTGTATCGCACGCCGTTGTCGCGTTCAAGTTTATCACAGATGGCGCGTTTCAGCTCAACGATGCCGGACATGGCAGCGTACTTTGCAAAACGCGCTTCCACAACCGCGACGGCGGCGCAGATGTTTTCCGGCGGCGGAAAGTCAGGCTCGCCGATGTTCGGCTTGATCGCGGCGGCGGTTCGACTGGCGGCGCAGCGCGCCGCGGACGACGCGGATCACCTGCGAGGCCGTGCGTTCCAGATCCTCGCGTGAACGCTGGAACGACTGCGACGTGGTGCAGGGGCCGGACGTGATCGGGAAGACCGCCGTCAGCCCCATGCTCATCAGCGGCCCCACGTGCCCGCGCACGCAGCCTACCAGCGCGATCAGCGGTACGCCGGCGGCGCGGGCGCGCGCCGCCAGTCCGGAGATCACCTTGCCCTGCGCCGTCTGGCTGTCGATGCGCCCTTCGCCGGTGAAGATCACGTCGGCGCGCCTGATCTCGCTGTCGAGGCGGACGACTTTGGCCAGCAGGTCGACGCCCCGGACCAGCTTCGCGCCGAGCAGGCCGGTCAGTCCCGCGCCCGCGCCGCCGGCCGCGCCGCCGCCGGGCAAATCAAGCACGCCGCGGCCCGTGGCGCGTTCGACCGCCGCGGCGAAACGACGCAGCCCCGCGTCGAGACGTTGGACGATCTCCGCGGTCGCGCCTTTTTG
NZ_AP025585.1_gap43	2686123	2686623	500	TCCATGGACGTGGTGACGGCGCGCATGCCGGGCTTGAGAAATCCTTTCAGCACGACGTTGAGCGACTCGGTGATATTGGCCGTAAAAGTCACGTACACGGGCGAAGCATTCTCGTAGCCGCCCAGCAGGTGCGCCGCGCGCTCGCGGCACTCCAGCACCAATCCCATGGTGCCGAGGTCTCGGGCCGAAGCGGTTCCCCGCCCCAGGTTGGCGCCTCCGGAACCGAGAAAATCGCTCATGGCGCGGGCGACACAGTCCGGTTTCGGCCACGTGGTGGCTGCGTTGTTGAAATAGATCGACATGATCAACTGCCTCCTCCAGCGAATGATCGACGAAACGAGAGCGAAAATAAAACGACTGGAACGTCGGAGTCCTTCCGATTCTTCGAACCAGATCGAAAAGTTTTACTTATCATAATAAAAAGTTTTAACGAGATCATCCTGATTATACACCAGATTTTTCCTTTTTCTCTCCACAAAAAAATCTCGCTTATCGAGTTA
