gap_id	start	end	length	sequence
NZ_AP025523.1_gap1	16763	19072	2309	TGGGGAGATCACCGCGCAGATCGATCGCGAAGTCAAACTGATCGCGCAGCAGCGCGGCATCGCCGTCGTCCTGGGCGACGTCGTCGCGCCGGCGAACGCGGTCGATCTCACCCCCGACGCCCTCAAAGACATCGAAAGCCTGCACGAATAGACCGTATGAAGCGCATCATTCTCCTCGCGTCGCTGCTCGCTTCGCTCGCCGCGTGTTCGAATGCCCCCAAGAGCCAGATTGGGCTCATCGACGAGGAACGCATCAAGGCCAACTGGCCAAAGTTCCTCAACTACCAGAACCAGCTCTCGAACGACGCGCAGACGATCGAACGTTCGGGGAAGCCGGACAAGGTGAAGCAGCAGCTGCGCGCCGCGCTGCAGGATCGCTTCGCGCGCGATCAGATCGAGCTCTCCAACGACGTCGGCGCGGCGGCGAGTCAGATCGCGCAGGAGAAGCACCTCAGCTACGTCTTCACGCGGCAGTACGTCGGCTACGGCGGCGTCGACATCACCCCCGACGTCGAGAAGCTGCTGAAGATCGAAGAGAAGGCGACCCCCGCGCCGTGAGCGCGCCGCCGGCGGCGCCTGGGCTGGGGACGCTCGGCGAACTGGCGCAGCGCACCGGCGGCCGCGTCGTCGGCGATCCCGGCGTGACGATCGAACGGATCACCGCCGTCGACGACGCCGACGCGACGACGCTGACGTTCGCCGTCGACGAACGCTATCTGCGCAGCGCGCTCGAGTCGAAAGCCGCCGCCGTTCTGGCCGACGAGGCGCTGGTAGCGGCCGGCGAGACCTATCGCAAACCGATCCTCGCGGTCCCCTCCGCGCGGATCGCGCTCGCGTCGCTGCTTGCGGCGCTCGAGCCGGCGCGTCCCGCCGGCCCGTTCGTCCATCCCGCCGCCGCCGTCGATCCGTCGGCGGTCATCGGCGAAGACGTCTGGATCGGGCCGCTCGTCGCGGTCGGCGCCCGCACCCGGATCGGCGACCGGACGGTGCTCAACGCTGGCGTGGTGATCGGCGCCGACGCGAGGGTCGGGGCCGACGCGCTGTTCCAGCCGCGCGCGTACCTCGCCGACCGCTGCGTCGCCGGCGACCGCGTCGTCCTGCAGGCCGGAGCGGTGATCGGCAGCGACGGGTTCGGCTGGGCGTTCCTCGACGGGCGGCTGATCAAGATCCCGCAGATCGGGATTGTCACCCTCGGCGACGACGTCGAAATCGGCGCGAACACTTGCATCGACCGCGCGCAGACCGGCGTGACCTCGGTCGGGAACGGGACGAAGATCGACAACCTCTGCCAGATCGGCCACAACTGCCGGATCGGCGAGCACACCGCGATCGCGGCGTTTGCCGGGATGGCCGGGACGACCGTGATCGGCGATTACGTGCGGGTCGCGGGCTCGGCGCTCTTCAAGGGCCACATCACGATCGGCAACCGGGTGACGATCGCGGGCGCCGCGCACATCTGGGGCGACGTCCCCGACGGCGCTTTCGTCGGCGGCCGCCCGGCGCAGAACCATCGCGACGAAATCCGCCTTCAGGCGTACCTGCGGAAGCTCCCCAAGCTCTACGCCCGAGTCGACGCGCTCGAGAAGCACGGCACGTGAAGCGGGCGGCGGCTCCGCCGTGCCGAAGCGGTCGTCCCTAGGTGCAGTATCAGACGACGTTACGCGACGCGATCGCTTTTGAAGGGGCGGGGCTCCACACCGGGGTGACGGCCCGCGTGCGCGTCCTGCCGGCCCCCGCCGGCCACGGGCTGCGATTCCGCCTCGACGACAGCGTCGAGTTTCCCGCGCGCGCCGACTACGTGCTCGACACCGTTCGCGCCACGGTCGTCGGGGTGGGGGCGCACCGCGTCTCGACGGTCGAGCATCTGCTCTCGGCGCTGCTCGGCTGCGGGGTCGACAACGCACTCATCGACGTCCACGGCGGCGAGATCCCGGTCGAGGACGGCAGCGCGAAAGCGTTCGCCGACGCGATCGACGCGGTCGGGATCGCGACCCTGCACGAGGCGCGGGTGCGCTGGATCCCCGCCGAGACGCGGGTCTTCCGCGACGGCGACAAGATGCTGATCGTCGCGCCGGCCTCGAGCTTCCGGGTGCGGATGATGGTGGACTATCCGCCGCCGATCGGCGCGCAGTACGTCGACGTCGAGATCACGCCCGAGGCGTATCGCGCCGAGGTGGCGCCGAACCGCACGTTCGGCTACCAGCACGAGGTGGAAGGGCTGCTCAAGCGCGGGCTCGCGCAGGGCGGGACGCTCGAGAACGCGGTCGTGTTCGGGCCCGACGGGCCGCTCGCGCCGCTGCGCAGCGAAT
NZ_AP025523.1_gap2	29441	33029	3588	GTCGCGCGTCGGTCTGACGTACCGCGCTCCCGACGCGACCCAGCAGGGTCCCGGCTACGAGAACCCGGTCCAGCCGTACGAGAAGGGCTTCGAGATCGGCGGCGTCCTGAGCGGCCTCACCGAATTCCAGTTCTCGTGGACGCGCATGGATCAGTCGCTGATCAACACGCAGACCAACGTCGCCGATCCCAACGGCGAGTTCGCCCAAAACAATTATTTCTTCACCGTGACCCGTCCGCAGACGAGTTACTTCCAGCCCGGCGCGCCCGGCTCGCCGACCGGCGCGCTGCGCATCGACACGTTCACCGCGAACGGCGGGAACATCAGCTCGGTGTACCTCTCGCGCAAGGCGCAGATCGGCACCGTCTACATCTCGGCGGTCAACGGGACCCCGTGCTCCTCGGCCGCGCTGACGCCGGCCGGCGGTGCGTGTCCGATCGCCGCGAACGCGTGGTACTACATCGATCAGACCAACCAGGTCGTCTTCACGACCCCGCTCCCCGCGGGGACGGTCGTGCAGATCGCCTACGTCGGGCTGACGTACAACAACAACGACCAGTACCAGCGCTACCACGCCAACGCGCGCATCAACCAGAAGATCAAAGGCCTCCCGGGCGCTGAAGTCGGCGTCTCGGTCAGCCGCATCTTCGACTTCGCCGACCTCTCGAACTCGCAAGGGTTCAACTTCTACCAGTCGGCTCCCAACGGCAACGCCGCGGGGAACGGTCTGGGCGTGGTGAGCGACACGGTGTTCGGTCTCGACGCGCAGCTGCCGCTGTGGTTCATCACGCTGGGCGGCGACAAGACGCAGCACCCGGTGCTGTTCGCGGAGGGCGCGTACAGCAAATACACGCCGGACTTCTACAACACGCCTGCGGTCACCGACAGCGCCGGCGTGGTCGGCCTGCGCCTGAAGCTCTATCAAGCGACGGCGACGCTGCAGTACCAGGCCGTCGGCCCGAACTTCCTCGACGGCGGTCCGCTGCGTTACTTCGGCAACTCGCCCTCGACGTTCCAGTTCTGGCGCGGGAACTTCTTCCCGCAGTTCTTCGGGTTCGCGAACAACCTGGCGATCAACACCACATTCGACCGCGCCGTCGGAACGACAACGCGCACGAATGCGGGGCTCACGTACATCTACCCGGTGTTCAACCCGTTCGTCGCCAGCGGCCCTCAGTATTTCAGCGCGTTCGCGCCGAACTCTCAGGGCTTCACGCTCAACGCGACCGTCCCGCTGAAGGTCGGCGATCTGCCGTTCAGCGTGAACGTGCTCGGCCAGCATCTCTCCGAACTGACGCCCAACGGATTCGGCCAGCTGGCCTACGGTCCGGGCTTCGCCTCGGGGCAGAAGCTCACGCTGGATAAGTTCAACGGCGGCGTGACCTTCGGCGTCCCGGTGTTCGGAACGAAGGCCTCGGTCAACCTGAGCGCCGAGACCGAACTGCTCTCGCGCAACGACAAGACCGCATATGCCTACGTGCCGTTCAACCCGAACGCGGGCGGACCGGACGCGGCGGCCGGCGCGGCGGCGACGACGTACTACGCGAGCGGTGCGACTCCGGTGCTGTTCTACCCGAACTACATCAACGAACGCCACACGACGTACAACGCCGGTGCCTCGTTGCCGCTCACGAAGGACCTCGTCCTCGCGGGCGCCTACTCGACGCAGACGTACCACGGTTCCTATGGGACGACGTTCGGTCAGAACATCGCGCAGCGCAAGGACCAGTACCAGGCGACGCTGACGTACAACATCCCCAAGACGACGAGCTCGGTCTCGGCGCTGTTCCGCAACCAGAAGTACACGGACAACGTCCTGCCGACGTACAACTTCAACCAAAATCGCGAAGATCTCAACTTCACGATCCGGTTCTGACGGCGGCGCCGCTGCGGCGGCCCGCACGTGAAGCAGAAGAGCCCGGGACCGCGAGGTCCTGGGCTCTCGTCGTTGTAGGGAGCGACGTGCCGCGTTTCGTCTTGGCGCTGGTCGGCGTCGCGACCGTCATCGTGCTGGGCGCTATCCAGTTCGCGTCGAGCGCTGCCTGGGGCGACCTCGCCGCGGCGCCGTCGCTCCCGGCCGCGCTCCACGCCGCGTCGCCGCGCCTGCTGCGCCGCTTCGCCGGCGACGCGCGCGCGCGCGCCGCGGCGGCGATCTACGCCGGCGATCTGGACGACGCCGCGGCGCTCGTCGCCGCGCTGCCGCCGGGCGCCGCGACCGACGATCTGCGCGGCGAGCTCGCGCAGGCGCGGGGGGACGCCGGCGGAGCGATCGCGGCGTACGTGCGCGCCGGCGACGCCGTGCGCGCCCAGACGCTGATCGACGCGCTTGCGCAGCGCGATCCCGAGGCGGCGTATAGCGCGCAGCGCGCGCTGGTGGAAGGGCTTGCCGGCGACGCCGGCGCCGCCGAGGTGACGGGGCAGGCGTGGTGGCGGCTGGGTGAACTGCAGGCCCTGCTCGGCTACCGCGACGCCGCGCGGCGCGCGTCGCTGTGGCGCGACGCGCAGGCGTCGTACGAACGCGCGCTGGCGTCGGCACCGAACGAAGAGACGTATCTGCTCGCAGCGGGCTATCAGGCACTCGCGAACGGCGACCGCGGCGCAGCGCAGCGGTGGTACCGCCGCGCCGCCGACGTCGTCCCCGACAGCGCCGACGCGTACGCCGGCCTCGCATGGACGGCCGCCGCGCGCGGGGAGTGCGCCGCCGCGCGCGATGCGCTCGCCCGCGCGCGCGCGCTCGCGCACGCGCCGGGGCGCGATCCCGTCGACGACCCGAACGTCGGCGCGGCGTTGCGCCGCTGCACGACGTGATCGTCGGACTCGACACCCAGCTCGCCGTCGGAACCGCGACCGGAATCGGCACCTACCAGCGCGATCTCGCACGGGCGCTGCGCGCGGAAGGCGTGGAGATCCGCGCGCTGCACGCGCCCCGGATCGACCCGTGGCGGTTCGACCGGCGCGTCATGTGGGATCAAGTCCTGCTCCCGCTCGCCGCCGCGCGCAGCGGCGCAACGCTGCTCCACGCGACGGCCGGCACGATGCCGCTCGTGCGCACGATGCCGGCGCTCGTCACCGTGCACGACCTCGCCTGGTTCCGCGTGCAGTCGCATACGCGCGCGTACGCGCGCGCCTACTTCGGGACGCTGCAGCGGCGCGCATACCGCGGCGCGTGCGCCGTCGTCTGCGACTCGAACTTCAGCGCGAGCGAATACCGCGAGCTCGTCGACGGCGATGCGCGCGTCGACGTCGTCTATCCCGGCGTCGACGAGCGCTTCGCGCGCATCGTGCGCGACCCCGACCGCGACGCACCCTTCGCGCTCGTCGTCGGGACCGTCGAAGCGCGCAAGAACCTGCTGGTCCTGGTCGAAGCGCTCGCCGCGGTGCCGGACCTGCGCATCGTCTCGGTCGGACCGCAGACGCGGTACGCGGAGCGCGTCCGCGCACGTGCCGCGGAACTCGGCGTGACGGATCGACTCGTGCTGCGCGGCTACGTCGACCGCGCCGAACTCGACGAGCTCTACGCCCGCGCCGCGTGCGCGCTCGTCCCGTCAGTCTACGAGGGCTTCGGATACGCGCTCGCGGAGGCGCTCT
NZ_AP025523.1_gap3	215890	218821	2931	GGCTCGCACCAGACCCTGGGGATCGTGATGGATGCATCGTCGTTTCTGCGCGAGCTCACCCTGGCAATCGAAGCCGCCGAGGCCGAACTGGGGTCTGGGTGAGCATGGACCTGGAAACGCTCGAACCCGGCCGCACCGTGGAGCTCTACATCTCGCCGGCCTGTCCGTACTGTTCCGCCGCGCTGAAGCATTTCGACGCGCGCGGCGTCACCTACGCGGTCCACGACGCGCAGAACGACCGCGCCGCGCGCGACGCGATGTTCCGCTACACCGGCGGCGATCCGACCGTCCCGGCGATCGTCGTCGACGGCGTCTACGTGCAGTCGGGCTGGGGCTCACCGCCCCGCGGTTGAACCGTCTACTAAAACGCGCACCGGTCCGGTGCGCATCACACTCCCGTCACGCATCTGCGTGCGCGATCGCGGTCGGCGCTTCGACAAGCGCAGCGTGACGCGGGGGGGCCAACAGGCGGAATCCGAGCGCGAGCGCGACGCACGCGAACGTCGCGGGGACGATCCCGCTGAGGTGCGGGTTCACGCGCAGCAGCGCGGTCGCCACGAACGGCGCCACGATGAACGCGAGATTGTTGAGGCTGTCGTTCACGCTGAGGATCGTCCCGCGCTGCGCCGCCGGCGCGGCGTCGGAGATCAGCGCGCCCAGTGCGGGGCGGATCAGCGCCCCCGCGAGCGACCACAGCACGACGAACGCATAGACCTGCGCCGGCGCGGTCACGAACCCGACGCCGCCGTAGGCGACGACCGCGATCGCGAAGCCGGTCAGCGCGACGCGTCCTTCGCCGAAGCGATCGACGAGTTTTCCGATCAAGCCCGCCTGCACGCCGATCCCGACGATGCTCGAGACGATGAAGATCGTCGAGACGTGCACGGCATCGAAGTGCAGCACGCGTTCGGCCCACAGCGCGAAGACCGTCACCCACGACGTGAACGCGATCGCGAACGCGAACTGCGTGAGGATCAACCGGCCGAGCACCGGTGAGGCCAGTGAGATCCGGATCTCCGCGAACGTCGGCGCCGTTTTTACCGCGCCGGTCGACGCGGGCAGCAGCAGCATCGTCAGCACGATGGTGAGCAGCGCGAGTGCGGCAGCGACCGCGAACGGGACGTGGTATCCGAAGCGCACCAGCGCGCCGGCGAGCGCAGGCCCGATCAAGAAGCCGAGTCCGTACGTCGCGCCGACCAAACCGAACGCCCGGGCACGGCTCTGCGGCGACGTCACGTCGGTGACGTACGCGGCGGTGACGCCGAGACCGCCGCCGCCGAGCCCCTCGATCGCGCGGGCCGCGAAGATCGTCCACAACGCGTTTCCGCTCGCCAGCAGCGTGAAGCCCGCGAACGAAAAGACCTGCGCCGCGATCAGCACCCCTTTGCGTCCGATACGGTCGCTCAGCGCGCCCCAGAACGGCGACGAGACGAGAGAGCAGAACGCGACCGTCGCGTAGATGGCGCCCACGACGGTGGGGTTCGCGCCGAACTGCTCGGCGTAGAACGGCAGGATCGGGATGAGGATCGTGAACCCGAGGACGTCGACGAACGTGATCGCGAGCAGCGGGAGGAGCGCGCGGGGCATCGCGTCCTAGCGCTGGCGCATCGCGGCGACGAACTGGCGCGGCGTGGGGAGCTTTCCGTACATGAGCAGGCCGACGCGATAGATGCGCCCCGCGAACCACGCGAGCGCGACCGCGGCGCCGATGTTGATCGCGAGCGAGAGCGCGAGCTGCCAGGCCGGCACGGTCGAGACGATCACGCGCGTGAACATGACGAACGGAGCGAAGAGCGGGATGAAGCTGAACGTCACCACGTTCGTCGCGTTGGGAAACTGGAGCGCGAACTGCGCGATGAAGATCGCTCCGATGATCGGGATGTAGAGCGGTCCGGTCACGCTGCCGACGTCCTCGCTGCGGCTGACGAGCGAACCGGCGGCGGCGAAGAGGACCGCGCACTGCGCGAACCCGATGACGAAGAACACGATGAACCACAGCACCTCGGGCACCGACGGTGCGGTGAGGGTCGCGGCGGAGGCTGCGCTCGCGCTCGCCGGCGCGGTGGAGAGCGCGTTGCTGAACAGCATCCCCACCGATTGCGCGGCGATCGCCGCGGTGACGATCCAGATCCCGAGCTGAATGAATCCCGTCGCCGTCGCCGCGAGCACTTTCGCGAAGAGCAGCCGGCTCGGATCGATCGCCGAGATCAGGAGCTCGGCGATCCGGCTCGTCTTCTCTTCGGCGACCGCCATGACGATCGACTGCGCGTTGAGCAGGATCGAGAGGTAGAGCACCATCACGAACACCAGGCCGATGAACTTCGCGCCCTCGGCGTGATCGGCGTCGGCGAACTTGCCGCCGATGTCGCGCTCTTCGACCGCGACGCGGCTGAGCGACGTCACCTTCACTTGCGGGATCCCGGTCGCGAACTGCAGCTGCAGCGCGGCGAGATCGCGCGCGAAGGAGGGGCGCAGCGAACCCGGATCGCGCGTGTACGCGGTCACGTGGAGCAGGCTCCCGCGACGTTCGAGGACCGCGACGGCGGCGGCTTTGCTGTGCGCGTCGAGGTACGCGATCGTCGGCGGCGCGTTCAATCGGGGCTCGCGGGCGACGATCGCGTAATCGCCGCGCAGGGCGTTCGCCGCCGCCGCGGTGAGCTCGGAATCGCCGACGAGCACGACGTTCTTCGTCGAGACCGCGAAGCCGGTCACCGCGACCGGGAGAAACGCGATCAGCGCGATCGCGATCGCGCCGAGCAGCGTCCCCGCGATGTAGATCCGCGAGCGCAGCCGCCGTTCGAATTCGGCGCTGAAGACGACCGCGATCGTGTTCACGCCGCCGGCCCCACGGCGCGCAGGTAGATGTCGTTGAGCCGCGGTTCGACTCGCTCGAACCGCGTGACGTCGCCGGCCGCCACGAGATCGCGCAGC
NZ_AP025523.1_gap4	222411	227092	4681	GCGTGTTGAAGAGATCTTCGGTTGGCTCAAAACGGTCGGAGCGCTCCGCAAGACGCGACATCGGGGCCGAGATCGCATAGACTGGATATTCACCTTCGCCGCCGCGGCATTCAACTTGACGAGGATACGGAATCTGATTGGGGCTGCGGCGTGATGCGAGGTTGCAACACCCCAAAAATGCCCCGAACGAGAGACTTCCGCGATGGAAACCCTTGTCAGAACCGCTACGAGTGCTGAAATGGCTCGGCATCGGCCGGCCATTTCAGCACCCTGCTAAGCGAACGGTCGGCGAAACTTCCGCGGCTGGGCGACGTTATCGGTGCCCATGGCACTCATCCGATTTCTCGTCACCTCGCGCACCACGCTGACGCGCGCCTACACCCTCGCGCGCGACGCCCGCGTTCCGCTGCGGCTGAAGCTCCTCGCGCTCGCCGGAGCGCTGCTGATCCTCTCGCCGCTCAACATCCTGGGCGACATCCCGCTGCTCGGCATCGTCGACGACGCCGCGCTCCTCGGGCTGCTCGCCGCCTGGTTCGTTCGCCAGGCGGCGCGCGCGATCGAAGTCCCGGTCTACGCGGCCGAGACGTCCAGGCAGACCTTGATGGCCTCGCGCTGATCCATCGCCCGATACCCGTCGGGCGATCCCGGGAGCGGCAGGCGGTGGGTGAACACCGGTGACGGATCGATCGTCCCCGCCGCCAGCGCATCCATCAGCTCCGGCAGGTATGCGCGGACTGGCGCGAGCGCCCCGCGCAGCGCGACGTTCCCGCCGAAGAGCCGGCGGAAGTCGACGGTCGACATCCCCCACGGGACGCCGACGAAACTGACGGTTCCTCCGTCGCGCACCACCGCGAGCGCGAGATCGAGCGAGCTCTGCTGGCCGACGGCCTCGACCACGGCGCTCGTGCCGCCGGTGATCTCCTTGATCTTCTCCGCCGCGTCGGGATCGTTCGAATCGACCACGTCCGTCGCGCCGAAGCCCTGCGCCATCTCCAGCCGCGCGGGATGGTGGCCGACGCTCACGATCCGCTCGGCACCGAGGTAGCGCGCAGCGATCACGCCGCACAGCCCGACGGCGCCGTCGCCGATCACGACGGCGGTCCCGCCGGCGCTCACGCCGGCGGCCTTCGCGCCGTGGAATCCCGTCCCCATGACGTCGGTCAGCGCCAGCGCGGCGACGCGCTTGCGTTCGTCGGCGCGGACGGCGTCGGGGATGCGGACCAGGGTCGCGTCGGCGAACGGGACGCGGACGAACTCGCCCTGGCCGCCGTCGTTCTCCTGACCGCCCCAGAACCCGGCGTGCTCGCACGACGTCTGCAGGCCGGCGCGGCAGAACGCGCAGCTGCCGTCTGAAAACGAGAACGGCGCCGCGACGAAGTCGCCGGCGCGGACGGCGTGCACGCCGGAACCGACGGCCTCAACGACGCCGGTGAACTCGTGGCCGAGGCGCGCCCCCGGCTGCCAGGGCGCGGTGCCGCGATACGGCCACAGGTCGGAGCCGCAGATCGCTGCGTTGACGACGCGGACGATCGCATCGCCGGGGTTCGCGATCGCGGGATCGGGGACGGTCTCGACGCGCACGTCGCGCGCGCCGTGGAAGACGGTAGCTTTCACGGTGTCCGCTAACCGCGCCGGACGCCTGCGGGTTGCTACGAGCCCGCGGTGACGAAGCGCTCGCGCACCGCGGCGCCCAGCGCATCCGGCGGAAGCAGGCCTTGATCGAGGATGAAATCGTGGAAGGCGCAGGCGTCGAAGCGTGCGCCGAGCGCCGCTTCGGTTGCGGCACGCAGTGCGACGAGCTTCGTGTAGCCGTAGAAGTACGACGTCGCCTGACCGGGCGCGCGGAACGTATAGCGTTCGACCTCGCTGCGCGCGAACGTCGGCGAGTAGACGATCTCGCGCTCGAGAAACGCCTGCGCCTCGGCCGGCGTGCGCTCGCCGCTCTGCAGTTCCGGATCGAGAAATGCGCGGGCGGCGCGATGCAGCCGCATCAGCAGCGAACAGAGCTGCGCGGCGAGCGGCATGAACGGCAGCACGATCTCTTCGGCGTAGAGCGCCCAACCTTCGACGTTGACCGAGTTGAACGCGAAGACGGCGCGCGCGAGCGACAGTTCGCCCTCGAGCATGCGGTCGAACTGGACCTCGTGTCCCGGCCGCGCTTCGTGCGCGGTGAGCGTCCACGTGACCGCGTCGTGGGTGAAGTCGTCGGCGCGTTCGGTGCCGTCGCTCCCCGCCGCGGGCGGGACGTCGAGCGGGAGGACGAACTCGCCGACCTGACCGGTGTTCCCGACCAGCGGCGGCGGGCTCATGTGCGCGACGGGGAGTTCGGCGCTCTCCGCGAGCGACGCGATGCGAATCCGCGCCGGCCGCGCCGGAAGCGTGACGAGCCGCTCGCGGCGCACGATCGTCTCGATCTCGGCGAGCCGCGCTTCGTAGAACGCGCGAATCGCATCGGCGTCGCCCCGGATCTGCCGCGCTTTGAGCGCGCGGATCACGTCGCGATAGTCGTGCGCGTCGATCCCGAGCTCCACCGCGACGCGCGGTGCGAGCGCCTGCATCTCGGCGGCGATCGCGTCGAAGGCCTCGTGCGCGCGGCGCGCGAGCTCGCGCGGCGCGATATCGACGCCGACGTGGCGCAGCGCGAACGCATAGGCGGCGGGCGGCAGGCGATGATCGGTGCGCGCGCGCGGGAGGACCTCGCGCTCGACGAAGCGGGCGTATGCATCGCACTGCGCTGCGAATGCCGCGAGCGCGTCCTCCCAGCCGTGCAGCCCGCTTCCGCGCAGCATTTCGCCGAGCCCGGCGACGAGCACCGGATGGAGGGCGAGCATCGTGCGAACCTCGACATCGTAGGGCCCGGTGAGCCCGTCGACCGCCAGGCGCTCCCGCGTCTCGCGCTCGGCCGAGACCGCGAGCGGCTCGCCGCCGTCCGTGCCGGCGTAGCGCCGCAGACGCGCGAGCGCGAGCGCTTTGCGCTCGGGCGGGTTCTGCGTCCCGAGCAGGACGCGCAAACCGAGGAACGCGAGCTTCGGCACGTCGACGAGCGTGACGAGGTACGCGTCGTGCACCGCGATACCGTCGACGATGTCGTCGATGCGCGCGTGCATGATCGCGATGTCCTCGCGCAGGCGCGGCTCGGCCTCATCGCGGAGCGCGGCATCAAGCGCGGTGCGCGCCGCGCTCGCCGCCGTCGCGATCCGCTCGCGCCAGCCGGAGCGCAGATCGGTCGTCGCGCCGTCGGCGCTGCTCAGCCCCATGTTCGAGGCCTGCTCCGGCGCCGCGAGCGCCATCAGCGTGACCACGGACTGCGCGAGCGCATCGCTGCGGCGTACCCATTCGCTCAACGGACGGTTTCCTCTCGAGACGGTACGGTCAGATCGACCAGTCGGCGACGTTCCAAAAGTCGCTGACGGCGACCGCCGGCTTCACGCCGTGCAGGTCGTCGTTCCAGGCGTTGATGTTCGCGCGCCAGACGATCGTGTGCGAGAAGAGCAGTTCGCCGAAGCGGCGTTCGAGCTGCGCGTAGATCGCGCGCCGCGGCCCGCGCTCGTACACCGCGCTCGCGCGCAGCTGAAGTCGGCCCATCTCGGGGTCGACGATCCCCGCATAGTTCGCGCCGTGCGGCGGGATGTAGCCGGGGCCGGTCGTCTGCGTGTCGTCGGGATCGGGATTCTTCGTCCATGCGTAGATGCCCAGATCGAATTTTCCGGTCGCCAGCAGACCGCCGGCGCCGTAGGGCGCGAAGAGCATGTTGGCGGGCGCGTTGCGCACCTGCACGTCGAATCCGGCGGCATGCAGCTGCGACTGCAGCGCGACCTCGGCGTTCTCGCGAACCATGACGCCGGCGACCGTCGAGAGCGTGACCTCGAGCCGCTTGCCGTTCTTCGTCCGGATCCCGTCGGGACCGGGTTGCCAGCCGGCCTCGTCGAGCAGCGCGCGCGCACGCGCGAGGTCGAACGGGTTCGGATCGGGGAGGTTCGGATACGCCCACGATTTCGGAAAGATGTCGCCCCAGTCGGCGAGGTCGACGTTGAGATACGTCGTCGCGGCGAGGTTTTTCCAATCGATGGCCTTCGCGGCGGCGCGCCGTACGCGCACGTCGGAGAACGGTTCGCGGCGCGCGTTGAAAGCGACCATCTCGTACTGCTGACTCGGCGCCGCGCTCGAGGACACGTGCGGGAGCGATCGCAGCTCCGCATACTGCTGTTCGGGCGCCCCGAAGTAGAAGTCGATCTCGTGCGTTCGCAGCGCGACCAGCAGCGTGTTCTCGCTCGGGATGATGCGGTACGTCACGCGCTTGAGGCCCGGTTTGCCGCCGAACCAGTAGGGGTTCGGCACCATCTCGAGCGTGCTGTTGATGTCGTAGCGCTCCACCATGAACGGCCCGCTGCCGACCGGGTGCGTGTTGAACGGCGCGCGGTTGAAGTCGGGGACGTTCGCGAGCAGATGCTTCGGCAGGATCACGCCTTGCGCGCCGCAGCGGAAGAAACTCGCGACGAACGGCGCCGACGGTGCCTTCAGCCGGACGACCACGGTGTAGGGATCCGTCGCCGTGACGCTCGTGGGCAGATCGTACGGAAAATGATACGGAACGTTATTGTGCGGGTTGACGTCCTGCCGGTACGTGTAGACCACATCCTCGGCGCGCAGCGGGACGCCGTCGGAGAAGCGGAGATCGCGG
NZ_AP025523.1_gap5	235008	239927	4919	GGCGATGAAGACGCGCACCTCGAAGCCGCGCGCGACCTCGGTCTCGCCGCGGAGGATGACGTGCTCGACCCGCAGCGACCGCGTCCCGATCTCGACCACGCTCGAGCGGATCGCGATCGGGTCGTCGAAGTAGAGCGGCGCCGAGAATCGGGCGCCGCTCTCGACGATCGGGAGCGGCCAGCGCGGGTGCCCGTCGCCGAGGCGGAGCGACTCGGTCGCCGCGGAGCGCAGCAGCGCGGTGGTGCCGAGGTCGAACCAGACGAAGAACGTCGGGTAGAAGACGATCCCGGCCGCGTCCGTCTCGCCGAACCGCACCCGCGTCCGCGTGACCGCGGTCCGGCCGGTCATGCCAGCCGGACGTACTCGTACGAAACCGGGCGGTCTTTGATCCCTTTGTCGGGCGGCGCGATCCAGGCGGCCATCTTGCCGGGTTCGGTCACGCGCTGCATCAGGCTGCCGATGAACGCACGGTCGTCGCCGCTGGGCAGCCACGAGGCGATCTGCGCGTCGTACTGTTCCTGCGGGATGCGGTTGCCGGCCGGATCGGTCGGCACGTTCGCCCAGCTCCCGACGCCGCGGCGGAACCGCGTGCTCGGCAGGGTGAAGCGGTACGCGTGCCCGGCCGCCTCCAGGATGCGGTTCCAGTGCGTGAGCCCTTTCATGCAGTCGTCGACGTACGCGTTGCGCACGACCTCGTTCATCGCGTTGCGCATCGCGATCGTTTCAATGCGGGTCCCGGCGTCGCCGTCGGGGATCTCGAGGTCGAACGTTCCGGCCGCGACGTGATCGCCGTATTTCTTCTCGTCGGGACGGCCCTTGATGCCGTTGGCGAAATACGACGCCGCATTCGACGACGCGTCGGCGCCGAACAGATCGAGCGACGAGGAGAACCAGAAGTTGAGGTAGCGCTGGATCGTCGGCAGATCGATCGCGCCGGCGCGGCGCACCGCTTCGGGATCGTCGGTGCCGATCTCATCGATCACCTCGAGGGTGCGTCGCACGACGCGCGCGATCCCGGTGTCGCCGACGAACATGTGGTGCGCTTCTTCGGTCAGCATGAAGCGGCAGGTGCGCGCGAGCGGATCGAAGCTCGACTCCGCCAGCGACTTCAACTGGAACTTGCCGTCGCGGTCGGTGAAGAACGTGAACATGAAGAACGAGAGCCAGTCGCGGATCGGCTCGTTGAAGGTGGAGAGGATGCGCGGGTTGTCGGCGTCGCCGGAGTGACGCGCCAGCAGTTCTTCGGCTTCCTCGCGGCCGTCACGCCCGAAGTACGCGTGGAGCAGGTAGACCATCGCCCACAGATGGCGGCCTTCTTCGACGTTGACCTGAAAGAGGTTGCGCAGGTCGTAGAGCGACGGCGCGGTGTGGCCGAGCAGACGCTGCTGTTCGACCGACGCCGGTTCGGTGTCGCCTTGCGTCACGATCAGCCTGCGCAGCGTCGAGCGGTGTTCGCCGGGGACTTGCTGCCACACCGGTTTGCCGAGCTCGTCGCCGAAGCCGACGCGCCGATCCGTCTCCGGTTCGGCGAGGAAGATGCCCCAGCGGTACTCGGGCATCTTCACGTAGTCGTAGTGCGCCCAGCCCTTCGGATCGACCGAGATCGCGGTGCGCAAGTAGACGTCGGCGGCCTGGAAGTCGCTGGGGCCGAGTTCTTTCCACCAGTTGAGGAACGCCGGCTGCCAGTGCTCGAGCGCGCGCTGCAGCGTGCGGTTCGACGCCAGTTCGACGTTGTTGGGGATCCGTTCGGTGTAATCGATCGCCATGATGTTCAGACTCGCTCCCAATCGAAGCTCGGCTTCGAACCGCTGCCGAAGAGTTTCAGTGCCCCGCGTTCGCCCGTCGCGTTGGGTCGATAAAAGACCCAGTTCTGCCACGCCGAGAGACGGCCGAAGATCTTGGTCTCGAGCGTCTCCGCGCCGCCGAATCGCAAACTCGCCTCCATCGCGGTGAGCGCGTCGGGCGAAAGCGTCGCGCGTTCCTCGAGCGCGAGGCGCAGTTCGTCGTCCCAGTCGAGTTCGTCGGGCGTGACGGTGACGACGCCGGCGCCGGAGGCCGCCTGCGCGTCGTAGGCGCGTCCGCGCTCGGCTTCGAGCGCCGCGTACGCGGCGGGGTCGCCGAGAAAACGCGTCGCGAGGCGCGTCCGTCCGTTGACCGCGGGGAGCAGACCGAAGTTCGTGTCGTCGAGGACGATCGCCGGACCGCCGCCTTCGAGCGCGAGCATGTAGATGCGATCGGCTGCGGCAGCGAGTTCGAAGAAGAGTCCGGCCGCGCACGCGTCCTCGCCGATCACGGCGTAGATGCTGCGCGAGGTGACGTCGAGCCGTGCGAACGTGCGCCGCAGGAGGCCGATCGTCTCTCGCACCAGCCAGTGTTCGCGCAGCGCCGACAGCGTGCGCCCGGCGGCCAGCACCGCGCCGGTATCGCCGCGCGTTTCGAGCACGAGCAAGCCGAGTTCCGGTTCGTTCGTGCGCAGCATCAGCAGCGCGTCGTCGAGCTCGCGCGCAAAGGCGAGCGGCCACCACGCGTCGCCGAGCGCGACGATCGCGTCCGCCGCGTCGGGCTGCGTCTCGCGCGGCGCGTGGGCGATCAGCGTCGCGCGGCGAGCGTCGCGATCGAACTGCACGTCGAGGTGACGGTAGCGGTACGCCGCGGAGCGGCCTTCGCCGTCGGTCTCGATCGTGCGCTCGAGCGGCCGCAACGCGATCCCGCGCGCATCGGCGCGACGCGGCGACGACGCGACGCGTGCGGCCGCGCGCTCGGCGATCAGCGTCGCAAACTCCGACGGCGCGGCGCTCGCGTCGACGAGCCCCCAAGCCTTCGCGCGCTCCGCCCGCACGCCGTCGGCGTTGGTGCAGAACAGGTCGGCGAGGTCGCGCCGCACCTTGCGCTTGTCGACGAGCCGCGTCAAGCCGCCGGTGCCGGGGAGCACGCCGAGCAGCGGTACTTCGGGGAGCGAGACGGTCGTCGAGCGATCGTCGACGATCAGGATCTCGTCGCACGCGAGCGCGATCTCGTAGCCGCCGCCGGCGCACGCGCCGTTCACCGCCGCGATGAACGAGAGGCCGTCGTTGCGGCTGGAGTCCTCCATCCCGTTGCGCGTCTCGTTGGTGAACTTGCAGAAGTTCACTTTCCATTGATGCGACGACGTGCCCAGCATGTAGATGTTCGCGCCGGCGCAGAACATGCGGTCCTTCGCGCTGGTGACGACGACGCAGGCGACCTCGGGATGCTCGAAGCGCACGCGGTCGAGCGCGTCGCGGAACTCGATGTCGACACCGAGGTCGTACGAGTTCAGTTTGAGTGCGTATCCCGGTCGGATCCCGCCGTCTTCATCGACGTCGAGGGTCAGCGTCGCGACGCGTCCGTCGACCGCCAGATTCCAGTGCCGGTAGCGATCGGGAGAGGTGCGGAAGTCGATCAGACCGGTCGAGCCGGGCGCGGCGATCGTGAGCATGCGGCATCCTCGGAGCGGCGGGGAGGGGCTGCGGTGATGTGCACTATACTGCATATAGTGCGATCGCGCAAGCAGTATCGTGCCGAAATCGAAGGCTGTGCGGCCTCAGGCTAGTGCGGCGATGAGCGCGTCGAGGCTCGCTGCGGGCGGCCGCCCGCCGGTGTCCACGTCGGCGTCGGCGCGCCGGTAGAGCCCTTCGCGCCCTTCGAGGATGCGCCGCAGGTCGGCCATCGACTCGTCGTTCCCGGCCATCGGGCGCATGTCGCCCTGGGCGACGACCCGTTCCATGTGCTCGGCCGGGGACGCGTGGAGCCAGACCGTGTAGCACGCCGAGAGGAGGCGCTCGAACGTCGCCGGTTCCGAGACGATGCTGCCGCCGGTCGCGAGGACGAAGCGCGGATGGTGTTCGAGGATGCGGTCGAGGCACGAGCGCTCGAGCCGGCGGAACCCCGCCTGACCGTAGAACTCGAAGATCGTCGCCAGCGAGACGCCGCTGGTCCGTTCGATCTCGCGGTCGAGTTCGATGAACGGGACGTCGAGCCGTTCGGCGAGCAGGCCGCCGAGCGTCGTCTTCCCGGCGCCGCGCAGGCCGATCAGCGCGATGCGGTGCCGGCGCTGCTCGGGGTCGGCGTCGCCGAAGGCGCGGGCGAGGAGGTCGCGGGCCTCGGCCTGCCGCGGGCCGTCGAGGCTGCGCAGGAGCTCGGTGGCATGCACGAGATCGTCGGACTCGTCGCCGGCGTCGGCGACGAGGCGGCGGAGCGGGACGTTCAGCGCGCGCGCTAACTGGCGCATCAGCAGGATCGAGACGTTGCCCTGGCCGCTTTCGAGCTGGGCGAGATACCGTTCCGAGAGCCCGGAATCGCGGGCGAGGATCCGGCGCGTCATCCCGCGGCGCGCCCGCAGCCCGCGCACGCGCTCGCCGAGGAGACGCAAGAACGCCTCCTCCGCCTCGGGATCGTCCTTGCCCGGGACCGGCGCGCTCACCGGCCGCCCCCGGCAAAATGCACTATCACGCTTGCGTAACCTCTGATATGCATTATAATGCCCGAAGTTTGCCGGGTTTTCCTACGGAGTCGGTGCCGATGATCGCCAGCGCCCCGCCCTTCGCCGCCCTCGACGGCACCGCGCTCTACAATTGCGCGGCCGATTTGCTCGACCGGAATCTGGCGGAGCGCGGCGGCCGGGTCGCGATCGTCGACGACGGCGGGACCTGGACGTTCGCCGCACTCGCGCGGCGGGTCGATGCCTGCGCCGGCGCCCTGCTCGGCCTCGGCCTCGAAGCCGAGCAGCGCGTCGTGCTGTGTCTGCTCGACACCATCGATTTCCCGACCGCGTTTCTGGGCGCGATCAAAGCCGGGATCGTCCCGATCCCCGTGAACACCCTCTTCCCGGCCGCCGACTACGCCTACATCCTCGCCGACAGCCGCGCGAAGGCCGCGATCGTCTCGAGCGAGCTCCTCGC
NZ_AP025523.1_gap6	243547	244346	799	TTGATCGTCGTGCCGCCGTGGATCAACAAGTTCTACATCCTCGATCTGCAGCCGGCGAACAGCTTCATCAAATACGCGACCGACAGCGGACGAAATACCTTCGTCATCTCCTGGCGCAACCCCGATTCGTCGCTGCGCGACATGACGATGGCGGATTACTTGCGGCTGGGACCCCTGACGGCGGCGCGCGTCGCCTGCGAGATCAGCGGCGCCGAGCGGGTGGACGCGGTCGGCTACTGCATCGGCGGGACGCTGCTTGCGATGCTGCTCGGCTACCTGCAGCGGATCGGCAGCAAACTGATCGCCAGCGCGACCTTCTTCACGGCGCTGGTCGACTTCGCCGATCCCGGCGAGGTGCAGGCGTTCGTCAGCGAAGAGTCGCTGGCGTACATCGAAGACCGGATGCGCGAACACGGCTACTTGAGCGGGCGCGAGATGGCGGACACGTTCAGCATGCTGCGCTCCAACGACCTGATCTGGTCGGTCGCGGTGAACCGCTATCTGCTGGGCAAGGACGCGCCGGCGTTCGATCTGCTCTATTGGAACAACGACGCGACGCGGATCCCCGAAGCGATCCACAAATACTATCTGCGCCAGATGTATCTGGAGAACAATCTGGTGAAACCGAACGTGCTCGAGGTCGACGGCGTCCCGCTCGATCTGCGCACGGTGCGCGTGCCGACGTACTGCGTCGCGACGTCGGAAGATCATATCGCGCCGTGGCGGAGCGTCTACGCGATGACGCAGCTGTTCTCCGGCGAGGTGACGTTCCGGCTCGGCGCATCCGGCCACATCGCCG
NZ_AP025523.1_gap7	271186	272968	1782	AGCGGCAATCCCGCTCGCGGGCGCCGGCTTCCCGCCGCTGCGGTTCGCCGGTTCGGCGATGATTTATTTCCAATTCGTGTTCGCAGCGATCACGCCGATCCTCATCGCGGGCTCGGTCCTCGGACGCATGAACTTCAAAGCGTGGATGCTGTTCGTTCCGCTGTGGAGCTCGCTGGTCTACACCGTCGGTGCGTTTGCGCTGTGGGGCGGCGGCTGGCTCGCGGGGATGGGCGCCGTCGACTACTCGGGAGGGTACGTCATCCATCTCGCGGCCGGCGTCTCGGGCTTCGTCGCTGCGGCGATGGTCGGCCCGCGTCTGCTCGAAGACCGCAAGAGCTTCGATCCGAACAACTTGATTGTCGCGCTCGCGGGCGCCGGGATCTTGTGGCTCGGCTGGAACGGCTTCAACGGCGGTGACCCGTACTTCGCCAACGCCGACGCTGCGGCGGCCGTACTCAACACGAACATCGCGACTGCGGTCGCCCTGCTCTGCTGGCTCGTGCTCGACATGTTCGCGCTGGGCAAACCGTCGGCGGTCTCGATGATCAACGGGATGATCGTGGGCCTCGTCGCGATCACCCCGGCGGCCGGCTACGTCGACGGCTACGGCGCGATCGCCACGGGCGGGGTCGCCGCGCTGGTCGCGTGGTTCAGCCTCAACAAGATCGGTCAGATGGCGTTCATGAAGCGCGTCGACGACACGTTCGGCGTGCTGCACACGCACGGCGTCGCCGGCCTCATGGGCGGTCTGTGCGTCGGGCTCTTCGCCAACCCCAACATGATCGAATACCTCAGCGGCGACAAGAAGACGTCGCCGGTCTCGGTCTCGGGTCTGTTCTTCGGGAATCCGAAGCAGCTGTGGCTGCAGTTCTTCGCCGCGGTCTGCATCATCGTGTGGAACGTGATCGGGACGTACATCGTGCTGAAGATCGTCTCGCTCGTCGTGAAGCTGCGCGCCAGTGACGGTGAAGTCGAGGGCGGCGATCTTGCGATCCACGGCATCGATCCGGTGCCTTCCTACTTGCCGCCGACGTCAAACGGGACGCCCGTCGCGCCGGCCGCGCCGGTCGGCTGAGTTCCATGTCACGCTGAGCGTGTCGAAGCGCCGCCTCGATCGAGCATATCGGTGGCGGCGCCGCGACACGCTCAGCGTGACGCGACGCTCGGCGTGACTGTGATGCAGCGCCGACGCAGTGCGAGCAAGCGTTGCGGCGCGGGAGAGTCCCCGCAGGGGCCGAACCCAACCGGCCGCATGCGTATCGTCGTCACCGGCGGAGCCGGATTCATCGGATCGCACATCGTCGACGCGTTCGTCGCCGAAGGGCACGACGTCGTCGTGCTCGACAGCCTCTGGTCGCACGGCGGCGGCCGTCGCGAGAACATCCCGGAAAACGTGTCGTTCGTGCACATGGACATCCGCGACGACGGCGTGCACCGGATCTTCGCCGAGTTCAAGCCCGAGATCGTGTGCCATCACGCCGCGCAGCACTCGGTCGCGATCGGTGCCCGCGATCCGAAACTCGACGCGAACGTCAACGTCATCGGGATGCTCAACGTCCTCGACGCGGCGGTGAAAGCCGGAACGCACAAGGTGATCTTCGCTTCGAGCGCCGCGACGTACGGCGACGTCGACGCGATGCCGGTCGACGAGACGTCGCCGCAGCGCCCGGTCTCGCCGTACGGCATCACCAAGATGGTGACCGAGCACTACCTGCGGTTCTTCGCGTCCGAACACGGCCTCGACTACACCGCGCTGCGCTACGGCAACGTCTACGGCCCGCG
NZ_AP025523.1_gap8	302252	305191	2939	CCGGCGCGAACCGCACCGCGCTCGACCTCAAGCACATGGTGCGCGAAGGTCAGCGCGACATCCCGGTCCTGCAGACGGTGGCGCAGGACGGCACGGGCGTCGCCGACCTCCTCGCGGCGATCCTTTCGCGCCGCGGCGGCAGCGAGGTCAACGCCGTGCGCGCCGTACGCTTTGAGGTCGTGCGGCGCGCGCGCGACCGTGCGGTGATCGCGGCGCTTGCTTCACTCGACTCTCCCGACGGCAGCGCCGTGCTCGACCGCGTGCGCGCCCGCGAACTTTCCCGCAACGACGCGATCGACGCGCTGCTCGCGATCTACGGAGGACCCGTTCATGCCCATTAAGGTGCTCGTCGCCAAACCCGGCCTCGACGGCCACGACCGCGGCGCGAAGATCGTCGCGCGCGCCCTTCGCGACGCCGGGATGGAAGTCGTGTACACGGGCCTGCATCAGACGCCGGAGATGATCGTCAACGCGGCGATTCAGGAGGACGTCGACGTCGTCGGCGTGAGCATCCTCTCGGGCGCGCACATGACGATCTTCCCGAAGATCATGGATCTGCTGCGCGAGCGCGAGGTCGACGATATCGTCGTCATCGGCGGCGGCGTGATCCAAGAGCCCGACATTCCGAAGCTCAAGGAGATCGGCGTGCGCGAGGTCTTCAACGCCGAAGCGTCGACGCAGGATCTGATCGACGGCATCGAGCGGATCGTCGCCGAGTACGGCCGCGACCGCACGCGCCGCGAGGCGGCCGGGGCGAGTTGACCGCCGCGGCGCCGCTGCGCACCTCGACGGCGAGCGCAGCAGAATACCTGGCGCGCGCGCTGCACGCGCGCGGCGTCCGGCGCGTCTTCGGGCTCGAAGGCGGCCACGTCCAGCCGCTGTGGGATCACGTCGCGCGCCTGGGCATCGCGATCGTGGACGTGCGCGACGAGCGCGCCGCCGTGCACATGGCGCACGCGCACGCGGAACTCACCGGAACGGTCGGGATCGCGATGGTGACGGCCGGCCCGGGCGTGACGAATACGGTGACGGCGGTCGCGAACGCGACCACCGCCGGCGTCCCCGTCGTGGTGATCGGCGGAGCGCCGCCGATGCCTCAGGACTACCGCGGTCCGCTGCAAGGGATCCCGCAGGTCGATATCCTCGCCCCGATCGCGCGCTACGCGCGCACCGTGCGCAACGCCGACCTCGTCGTCGGCGAGCTCGACCGTGCGATCTCCGCGGCCGAGGGCGAGTACGGCGATCGCGGCGCGAGCTACATCGAGTTTCCGACCGACGTGCTGCGCACCGAGGTGCCGCGCCAGGTCGTGCTCGACGAATTCGTCGCGCCGCGCGCGCCGCGCAGGATCGCGCCCGATCCGAGCGCCGTCGCGGCGGCCGTCGAGCGGCTGTGGTCGGTGCGCCGGCCCGTCGTCATCACCGGGCGCGGCGCGCGCGGCGCAGCGAGCGAACTGCTCGCTCTGCTCGATGCGCTCGGCGCCGTCTACCTCGACACGCAGGAGAGCCGCGGTCTCGTCCCCGAGTCGCATCCGTCGGTCGTCGGCGCGATGCGCGGCGCGGTGATGGGCCAGGCCGACGTCGTGATCACGGTGGGGCGCAAGCTCGACTATCAACTCGGCTACGGATCGCCGGCGGTCTTTCCGCACGCGACGTTCGTGCGGATCGGCGACGGCGTCGGCGAGATCGGCGACAACCGCCGCGGCGCGCCGGAGATCTTTGCGACGCCGGCGCTCGCGCTCGCCGCGATCGTCGAGGCGGCGCGGGGACGCGCGCCGGCTGCAGACCGTGACTGGGCCGGCGATCTGCGGCGCTCGCACGTCGAGCGCGCGCAGGCCTACGGCGCGAAGCTGGCGCAGGCGCCGTCGGGCGCCGACGGACGGATGCATCCGAACCGCATCTTCGCGGCGATCCGCGCCTGCGTTCCCGACGACGCGATCGCGATCGCCGACGGCGGCGACATCCTCAGCTTCGCGCGGCTCGGTTTGACGCAAGCGACGTACCTCGATTCCGGGACGTTCGGATGTCTGGGCGTCGGCGTGCCGTTCGCAGTCGCCGCTGCGCTCGCGCATCCCGAGCGCACCGTGATCTCGGTGAACGGCGACGGCGCATTCGGCTTCAACGCGATGGAGATCGACACGGCGGTCCGCCACGGCGCGCGCGCCGTCTTCACCGTCGCCAACAACGCGGCGTGGAACATCGAGCGCTACGACCAGATGGTGAACTACGAAGGCCGCATCGCCGGCACCGAACTGCGCGACAGTGACTACGCGGGATTGGCGAAGGCGCTGGGCGCGTACGCCGAGCGCGTCGACGACCCGTCCGATCTGGAAGGTGCGCTGCGGCGCGCGATGTCGCACGCGCCGGCGCTGCTCGACGTCAAGATCACGCGCGACGCGGTCTCGTCCGACGCCGGGAGAGGCCTGGGGTACGTCCGGCTCTATCAGCCGCTGACGGCGTGGGACGACGCCGAACGCAAACGCCGCGACGACGGAGGTCTCCGATGAGCGTCTCGACTGCCGCCGGGCGGATGGAAGCGTGGTCGTTTCCGCCGCGCATCGACGCTTCGTATATCCCGCCGAACGATCAGCGCTACTGGCATCCCGTCCGCGAGACGATGCCGCCCGACGAGCGCGACGCCGCGATCGCCGTGCGCCTGCGCGAGGTGATGCGCCACGCGTACAAGAGCTCGGCGTTCTACAAAAAGAAGTGGGACGATGCGGGGATCGACCCAGAGTCGATCCGCTCGCTCGAGGATTTCGAACGCGTCCCGGTCGTGACCAAGGCGGAACTGCGTGCGTCGCAGGCGGCGCACGAACCGTACGGCGACTACCTGTGCGTCCCCGAGTCGGAGATCCATCACATCCACGGCACGTCGGGCACCACCGGAAAGCCGACCGCGTTCGCGATCGGACGCAACGACTGGCAAACGATCGGCGAGA
NZ_AP025523.1_gap9	306779	310614	3835	CGTGGAACTGGCAACGCTGCCACGTCGCGCTGACGAATTGCTTGGCGATCGCCTCACGCAAGCCCGAATGATTGTCGGAGACGGCAACGTCGACGCCGTGCAAGCCGCGTGCTTTGAGGCCGCAAAAGAACTCGTTCCACGTCGCAAAGCTCTCCGAATCGCCGATCGAAAGACCAAGGATCTCGCGGTATCCGTCAGCACGAATGCCGCTCGCGATGAGCAGCGCTTTGCTGACGACGCTCTTGTCGGTGCGCACCTTCGTGAAGAGCGCGTCAACGATGATGAATGGGTACGCTGCGTCGAGCCGGCGATTCAAGAATCCCGCGACCGGTTCGTTGAGTGCCTTCGTAAGGCGACTTACCGTCGATTTCGAAAACGACGTCCCGCAGAGGCCTTCGGTTATCCGCGTGACCTTCCGCGTCGAGACGCCGTTGACGACCATCTCCATCAGGCCCACGACGAAGGCTTGTTCGCTGCGGCGATAACGCTCGAAGATGTCGGTTGAGAAGCTGCCGTCGCGCGTCTGCGGCACGCGCAGGACCAGCGAGCCGACGCGGGTCGAGAGCTGTCGATCGCGATACCCATTTCGATAGCCCTCCCGTTCTTCACAGCGCTGGTACCGCTCGGCGCCCAGATGATCGCGCATCTGTGCCTCGAGCACTTGGTTGAGAATCACTTCGATGAGTTTGCCGAGCGCTGCCGGCTGATCGAGCAAAGCTGGAATCGCGTCGCGGGATAGGGTAAGATCGTAATCGGCCACCGTTCCGGTCCTTTCGATTGAGGTGTTGAACAACGTCAATCTTCGAACCGGGGCGGTGGCTACCCGCCCGCTCAATTTACATCAATTGGGTCTTCCGGTTTTGTAGTGGGCGGGCGAGAGGAAATCGGTCGGCCGTCGTAATGCTACGCCATGCGAGACACCGAATTCATCCGCGGGTTGCTGCGCGTCGAAGATCCTTGGGACGTGACCGAATCAAAGCTCGATCTCAAGCGAAATCGGGTCGATGTTCGGCTTGAATGGCAAGGCGCGGGTCGCTGTCCAAAATGCGATCGGGAGTGCCCCAAGCACGATCATCGCGAGCGCGTCTGGCGTGACCTCGATCTGGCCGGCGACCAACTTTTCTTGCACGCCTCCGTACCCCGGATCGATTGTCCCGAGCACGGCGTCACGACCGTTGCGATTCCCTGGTCAAGCGGTCGCACCGAGTTTACGTGGCAGAGTCCCTATAATTGATGTAAATTCAGCGGGCGGGTAGCCACCGCTCCGGTTCGAAGATAGTCAAGTCCCAAATCTGCTGTAATTCCGGTTCGTCGATCGCGTTAGTTAGGCTGCTCGTCTGTCTCGTTTTACGGCGGCCGGCTTGGCCACCGTCGTTGCTTTCCATTCGAAGTATTCGGTCATGTCGAAGTAGGCTCGGCCTAACCATTCGTCGTTTTGCTCGGAGAGTAGCGCGCCGACCATGCGAATCGCCGCGGCGTCGTTTGGGAAGATGCGAATGACTTTCTCCCGGCGACGAATCTCTTCATTGAGCCGCTCTTGCATGTTGCTCGTGCGCAGTCGCCGGCGATATTTCTCCGGCAGCGGCAAGATCGCAAGCATGTCTTCGAACGCTCCTTCCAAGCACACGCACGACTTGGGCGCCGTTTCTGCGAAGCGGGCCATGAATTCCGCATATCGACGCTCGGCCTCTTTGCGATCAGTTGCGAGGAAGATCAGCCGAGCTGCAGCGGTTACGTTTTCCCGTTCTTTCTTGGGCGCGTGATCGAGCAAGTTCTTCATCACGTGGAACTGGCAACGCTGCCACGTCGCGCCGACGAATTGCTTGGCGATCGCCTCGCGTAAGCCCGAGTGATTGTCGGAGACGGCAACGTCGACGCCGTGCAAGCCGCGCGCTTTGAGGCCGCGAAAGAACTCGTTCCACGTCGCAAAGCTCTCCGAATCGCCGATCGAAAGACCAAGGATTTCGCGGTACCCGTCAGCGCGAATGCCGCTCGCGATGAGTAGTGCTTTGCTGACGACGCTCTTGTCGGTGCGCACCTTCGTAAAGAGCGCGTCAACGATGATGAATGGGTACGCTGCGTCGAGCCGGCGATTCAAGAATCCCGCGACCGGTTCGTCGAGTGCCTTCGTAAGGCGACTTACCGTCGATTTCGAAAACGACGTCCCGCAGAGGCCTTCGGTTATCCGCGTGACCTTCCGCGTCGAGACGCCGTTGACGACCATCTCCATCAGGCCCACGACAAAGGCTTGTTCGCTGCGGCGATAACGCTCAAAGATGTCGGTTGAGAAGCTGCCGTCGCGCGTTTGCGGCACGCGCAGGACCAGCGATCCGACGCGGGTCGAGAGCTGTCGATCGCGATACCCATTCCGATAGCCCTCCCGTTCTTGACAGCGTTCGTACCGCTCGGCGCCCAGATGATCGCGCATCTGTGCCTCGAGCACTTGGTTGAGAATCACTTCGACGAGTTTGCCGAGCGCCGCCGGCTGATCAAGCAAAGCTGGAATCGCGTCGCGGGATAGGGTAAGATCGTAATCGGCCACCGTTTCGGTCCTTTCGATTGAGGTGTTGAACAACGTCAATCTTCGAACCGGGGCGGTGGCTACCCGCCCGCTCAATTTACATCAATTATAGGGACTCGGCCTCGAAGATTGACGTTGACAACACTTCAATCGAAAGGACCGGAACGGTGGCCGATTACGATCTTACCCTATCCCGCGACGCGATTCCAGCGTTGCTCGATCAACCTGCGGCGCTCGGGAAGCTCGTCGAAACGATTTTGAACCAAGTGCTCGAGGCGCAGATGCGCGATCATCTGGGCGCCGAGCGGTACGAACGCTGTCAAGAACGGGAGGGCTATCGGAATGGGTATCGCGATCGACAGCTCTCGACCCGCGTCGGATCGCTGGTCCTGCGCGTGCCGCAGACGCGCGACGGCAGCTTCTCAACCGACATCTTCGAGCGTTATCGCCGCAGCGAACAAGCCTTCGTCGTGGGCCTGATGGAGATGGTCGTCAACGGCGTCTCGACGCGGAAGGTCACGCGGATAACCGAAGGCCTCTGCGGGACGTCGTTTTCGAAATCGACGGTAAGTCGCCTTACGAAGGCACTCAACGAACCGGTCGCGGGATTCTTGAATCGCCGGCTCGACGCAGCGTACCCGTTCATCATCGTTGACGCGCTCTTCACGAAGGTGCGCACCGACAAGAGCGTCGTCAGCAAAGCGCTGCTCATCGCGAGCGGCATTCGTGCTGACGGATACCGCGAGATCCTTGGTCTTTCGATCGGCGATTCGGAGAGCTTTGCGACGTGGAACGAGTTCTTTTGCGGCCTCAAAGCACGCGGCTTGCACGGCGTCGACGTTGCCGTCTCCGACAATCATTCGGGCTTGCGTGAGGCGATCGCCAAGCAATTCGTCAGCGCGACGTGGCAGCGCTGCCAGTTCCACGTGATGAAGAACTTGCTCGATCACACGCCCAAGAAAGAACGGGAAAACGTAACCGCTGCAGCTCGGCTGATCTTCCTCGCAACTGATCGCAAAGAGGCCGAGCGTCGATATGCGGAATTCATGGCCCGCTTCGCAGAAACGGCGCCCAAGTCGTGCGTGTGCTTGGAAGGAGCGTTCGAAGACATGCTTGCGATCTTGCCGCTGCCGGAGAAATATCGTCGGCGACTGCGCACGAGCAACATGCAAGAGCGGCTCAATGAAGAGATTCGTCGCCGGGAGAAAGTCATTCGCATTTTCCCAAACGACGCCGCAGCGATTCGCATGGTCGGCGCGTTACTCTCCGAGCAAAACGACGAATGGTTAAGCCGAGCCTACTTCGACATGACCG
NZ_AP025523.1_gap10	312250	314149	1899	CCGGACCGATCCCGACGCGCGTTTGGTCAAGAAGGCACGAGGCCAAGCATCGCACCTGGGTTATCACGACCACGTACTGATGGAGAATAGAAACGGGTTGGTCGCACAGGCGACGCTCACGATAGCCAGCGGTCGCGCCGAGCGAGAGGCAGCGCTCGCATTGGTAGATCGGTTGCGGAATCGCGGACGTATTACGCTGGGCGCAGACAAAGGGTACGACGTCGCGGACTTCATCGCGCAGTGTCGTGAACGCGAAGTTACACCTCATGTGGCATGTACAAGCGACCCTCGACGGAGTAGCGCGATCGACGGGCGGACGACGCGGCACCCCGGGTATGTTTGGAGTCAACGAAAGCGCAAGCGTGTTGAAGAGATCTTCGGTTGGCTCAAAACGGTCGGAGCGCTCCCTAGACGCGACATCGGGGCCGAGATCGCGTAGACTGGATATTCACCTTCGCCGCCGCGGCATTCAACTTGACGAGGATACGGAATCTGATTGGGGCTGCGGCGTGATGCGAGGTTGCAACACCCCAAAAATGCCCCGAACGAGAGACTTCCGCGATGGAAACCCTTGTCAGAACCGCTACGAGTGCTGAAATGGCTCGGCATCGGCCGGCCATTTCAGCACCCTGCTAAGTCATGCTGAGCCCGTCGAAGCGTCCCCTGCATCGCCCCTCTCGAGGGCTCGATCGCGGCCGCCCTTCGACAGGCTCAGGGTGACGGGGTTAGTGACGTAATGCCAGCACGCCGAGGATCGCTTCGAAGGCGACGAGGACGATCACGATGATCTCGAGCGTTTGGCTGCGTTCGGTCTGCGCTTCGTCCTGGAGGACGCGGTAGACCTCGCTGACGCTGCGGAGTTTGGCGTCGATTTGGCGCTGCCAGTCGGCCAAGCCGAGGCGTCCTGCCACGGCGCGGTAGAGGCGCGCGTAGTACGCGTCGCCGATGATCTTCAGCGCGTTCGTCGTGCGGTCGGTCAGTTCGAGCACGTCGACCAGCAGAAAGCGCACCGCCTCGGCGCGATCGCGGTCGCGGCGGCGCGAGAAGCGCCGTGAGCGCCGTCCCGGTTCGAGCCGGTAGATCGCGTCGAGTTCCTCGTCGAGCCGCGCGTCGTACGTGCGGAACTCGACGAGCTGTGAGTTCGCGAACTCGAGGATGTCCTCGACGGCTTCGGCACCTTCGGCGCGGTCGTAGACGAAGGCCGCATCCCATTGAATCACCGCGAGATCGTCGGGATAGTACGAGAACGCGAGACGCAGCGCTTCGGTCTGCTCGCTCGAGACGAGCTCGCGGTCCTCGAAGAGCATCAACTGCGCGAGCGCGGGGCCGAGCGGCCCGGTCAGGTGCTGCGCCGTCACCGGCACGTCGAACTGCTCGACCTCGAGGATGAAGTAGTCTTCGATCAGCGCGGGGTGGGGATCATCGAGCGCGCCGCTGATCTCCGCGAGGACGTCGTCGAGCGCGGACCGCGCGAGCACTTCCAGCCGCGAATCCCGCCGTTCGCGGCGGGTCAGCGCGGCAAACTCCTCCCACGTTCCGGCGAACGGGATCGTGATGCGGATCGAGACGACGCCGAAATCGAAGATCTTCGCGCGCATCGTCGCGCCTGGACGTTCGAGATCCGGCAGGCGCACGATCAGCGGCGCGACGGGATACTGGATAAACTCCGAGCTCGCCTCGCGGCGAAGCTGCAGCGGCGCGCGGGCGACGCCCTCGCCGCGCACCGTGCGCAAGCGTTCGAGATCGATCGTGTCCGCGACGTCGTACACGAAGAGCGCGCGGAACGCGGCGTGCGCGAGCGCCGGAAGGGAGGCGCTATTCACGCGCGCGCGTCACGTGCAGGACGTCCATCGCCCGGGTCAACCGTGAACGGCGCATGCAGGTTCCGAGAGCGGACGA
NZ_AP025523.1_gap11	318773	323563	4790	CCAAGTACTACAGCGACGACTCCGCCGGAGCGATCGCCGACGAAACCGCCGCGCTGAAGAGCAACCCGACGCGAGCGTACGCGCTGCGCATCCGCGGCGGAGCGAAGTACGACCGCGACGACTACGCCGGAGCGGTCGCCGACGAGACCGCTGCGCTCGCGATCGACGCGACGTCGGCCCTGGCGTTCGAGATCCGCGGCGCCGCCTACGATCAGCTCGGCACCTACGACCGGGCCGTCGCCGACGAGACCGCGGCGATCGCACGCGATCCGAAGTCCGACTACGCCTACGCCGAACGCGGCGCCGCGTACTTTTACCAGAGCCGTTACGGCGAGGCGATCGCCGACGAGATGAAAGCCGTGGGGCTGAACCCGAAGAATGCCTTCGCGTACGAGATGCGCGGCGCCGCCCGCTACTACCTCGATCGCTACGCCGAGGCGATCGCGGACGAGACGGCGGCGATCGGCCTGCGCCCCGCGAGCGCGTTCGCGTTTCGCTATCGCGCCGCGGCGCGCTTTTACGCGCCCGACGCGAAAGGGAACCGCGATTTCGCAGGGACGATCGACGACGCGAGCCGCGCGATCGCGCTCGATCCCCGGAGCGCGAGCGCCTACGAACGGCGCGGCGTCGCGCGCTACCGTCTGGGCGATTTGCCCGGTGCGGTGGACGACGAGAGCGCGGCCCTCGCGCTCTCGCCCAACGATGCATTCGCCTACCGGAATCGCGGGCTCGCGCTGCTCGCGCTCAAGCAGTACGACAAGGCCGTCGCCGACGAGCGCGCGTCGCTGACGATCGAGCCGAACAGCGCGATCGCGTACGAGGCGATCGGCGACTCGTTCGCCGCGCTGGGGCGCGCCGGCGACGCGATCGACGCGTATCGCAACGCGCAGCGCCTGGATCGCTCCAACGCGTCGCTGCAGCGCAAGATCGACGCACTCGCGGCGCCGGCGAAGACCGCCGCGCTCCTCGTTCCGGCGCGCTTCTTCACCGGCGCGGCCCGGCGTCCGACGCTCGCCCCGCTCACCGTCGCCGATCTTCCGTCGATCGTCTACACCCGCCTCGACGACGATTCGAAACCGCCGCCCGGGCCGGGCGGGGGACCGCCGGCTCCGCGCCCCACGCCGGCGCCGAACGCCGACGTGCATCGTCCCGCGACCGATCCGGGAGGCGTCGGAGCAAAACCGGTTCTGCCGCCCCGCCGCGCCCGCGACAAAGCCGACCAGCGGTTCCCGCCGTGACGCAGAGCCGTCGTACCGTCGTCGGAGTGGGGATGACGCTCCTGGTCGGCATCCTGCTCTCGATCGCCGCGTACTCGTTCGCCGTCGACGCGACGGGCGGGTGCCGCATCGACCGCAGCAAGCACGTCCGCTGGGACGTCGTTCCGTTCGCGCAGCGCGTGCAGATTGCGCTGGGGATCGGCAACAGCGCGACGCCGCCGTATGCAGTCGCGGTGAACGATCCCGAGGTTCCGGCCGGGACGATCGGCGTCGAGCTGGTGCGGATGCGCAGCGGACCGATGGCTGGAAAACTCGACTCGCTGGCGGTTGCCGCCGTGCTGTTCGCCGCTTTCGGGCTGTTCATCTTGTGGTGGGGGCGCGACATGCCGTCGCTGTGGCTCGGGCTGTTCTGCGCCGCATACGCGCCTGGACTCTCCGCATTTTACGGTCCGCTTCCCGAGGGCGCGATGCTCGCCGCGTGGACGCTCGCGAACGTCCTCGCGTACGTCGCCGCCTTCGCGCTCTACGCGATGGCGGAATCGTTCGCGCTCGCGTCGGTTGCGCAGGACGGACGCGTGCGGCAGGCGATCCTCGTCGCGCGCGGTGTGGTGATCGCCGGGCTCGGCATCGGTCTGCTGGGGACGCTTGACGAAACCTTCGCGCCGATCGTCGACCGCGTCGACGCGCCGGCGCTCGTCCATTGGCTGCACGCTGCCGGCAACGACTTCAGCGAGATCGCGGTGAAACTCATCGCGCCCGTCGTCCTGCTCGCCGTCGCGTGGCGGCTCGCGCGCGACCCGGACGAGCGGCAAAAGAACGCCATCATCTTCGCGACGGTCGTCACCGCGCTCTCCGGCGTCGCCTTGTCGCTGATGACGGAACTGGGGCGCGGCGCTTCACCGGGATTCGAGACCTCGTGGTTCACGCTGCTGGCGATCCCAATCGGATTCATCATCACGATCCCGACCTACAAGGTCGTCGACGTGCAGGTCGTGGTCAAGCGCATCCTGATCGTCGCGACGATGACCGCCATCGTCGGCGCGGCGATCGCCGGCAGCGAACTGCTGGTCGAGCGTTGGGCGGATCCCATGCTCCAACGCTGGGCCGCGCACGGAACGGCGGCCGCCGAGCCGGCGCCCCGACCGCATTCCGGCTGGGAAGTCGCGCTCCAATTCGGCGTCGCGTTCGTCATCGTGCTGACGTTCGGGAGCGTCCATCATTGGCTCGAAGAGACGTTCAAGCGGATCATCTTCGCCAAGCGCGACCGCGGCATCGCCGATCTGCACGCCTTTGCCAGCCGCCGCGCCGGCGTCATCACGCTGCGCGCTAGCGTGATCGCGCAGGCGCTCGCGCTCGTTCACGATGCGCTGTGCGCGCGCGCGGTCGCATTCTACGAACTGCGCGACGCGGCGTTCGAGCGCGCAGACGCGCGCGGCCCGGCCGCCGCGGCACGGATCGGGATCGACGATCCGGTCGCGGTGGCGCTGCGCAGCGACCAGGAGCGTGTCGACCTGCGGCGTCTCCACGGCGAGCCGAGCGCGCTGGGCCGCGAAGGTTTTGCCTTCCGGCTCGCCGTGCGCGGGCACGTAAACGCGATCCTGTTCGTCGGCGGCCGTGACAGCGCGACGGACGGCGCCTACGAGATCGACGAACTCGAAGCGGTGAGCGACGTCGCGCGCGGCGTCGCCGACGCGCTCTTCAGCCTGCGCGCCGCGGAGACCGCGGCGTTCCTCGGCGAGGTCGCCGACGGCAGCATCTCCGGCGCGCGTGCGGCCGTGCGCGCCGCACAATTGCGCGATGAGGGCGTCGATCCCGCGCTCTTCACGCCGCGCCTCCCCGCCGAGCCGCCGGCAGCCGCCGACGAAACGCCGGCTGTCGCGGGGCGGGTGCGCGCCGTGGGGCGCGGAACACCGCACGCGTGAGCGCCGCCGACGATTCGAAACGGGCCGTGGGGTTTGCCGCGGTCGACCGCTATGTGCGGTCGGGGATGTGCGTGGGTCTGGGGACGGGGACGACCGCGCACTGGGCGATCGAGCGCGCCGGCGAGCGCGTCGCTGCCGGCGACGCGCTGACCGCCGTCGCGACGTCGCACGCCACCGAAGCGCTGTGCCGCGAACGCGGGATCCCGCTGGTCCCGTTCGCCGGCCGCGAGATCGACGTCGCGATCGACGGCGCCGATGAAGTCGCCGGCGACTGGTCGCTCACGAAAGGCGGCGGCGGCGCGCTCTTCCGCGAGAAAGCCGTCGCGCTTGCGGCGCGCACGTTCGTCGTCATCGTGACGCCGGAGAAACTCGTCAAACGCCTCGGCGCGTTCCGCACGCCGGTCGAAGTCGTGCCGTTCGCCGTCGAGTACGTCGAGCGTGCGATCGCGTCGGCGTTCGGCGCGCAGGTGGTGCGGCGCGGCGGCGATCCGCCATTCCTCACCGACAACGGCAACGCGATCCTCGATTGCGCGTTCGGGGCGATCGGCGACCCCGCCGCGCTCGACGGCGAGCTCCGCGGCATCCACGGCGTCGTCGCGACCGGCCTTTTCTCGAACGATCTCACCGACGCCGTGCTGGTCGCCGAACCGGACGGCGTGCGCGAACTCACGCGTCGTTCGCCTCGATAGCGAGACAAGGACGAGAGGGGGTCCTGCCGGAAAGCGTGCCGCATCCCACTTTCATCTCGGGAGGCACTCATGCGTAACTTTCTTTCATCTCTCGCGGCCGCGGCGTTCATCGTCTCGCTCGGCACAAGCTCGGCGCTGGCGGATGCCGGCGGCAACATGAAGGGTCACGGCAACGGCGCGATGATGGGGTCGATGGCGAAGACGACCTGTCCGAAGGGCTCCGTCTACGTTCACGGCTACATGAAAAAAGACAAGACGATGGTCAAGGGCTACTGCCGCAAGAAGGGGATGAGCAAGTAGCACCCGCGTGAACGAGCCCTCGCCGAACGGCGGGGGCTCGTTTCCTTGTTAGACCGGTCCGATGCCCTTCGCGTCCATCGTGCGCAGCCGCTCTGCCATCGTACGCATCACTTCGATCGCAAAAAAGGGTGTGTTCTGCACGAGATACGTGAAGCGCCGCGTATTGATCGGCGCGACCTTCGAGGCTTCCTTCGCCGTTGCGGTCGCGCTGCGTTCGCGTCCGTCGACGATCGCCATTTCTCCGAAGATCCCGCCGGGGGCGACGGTCGCGACGACCGTTCCATCCGGGAGGATGATGTCGACCGAACCTTCGACGACGACGTACATCGCGTCGCCCTGGTCGCCCGCACTGAACACGACCTCGCCAGCTTTCAACGCACGGAGCGACGGGTCGTTATGGAACATGTCAAGATTCGCCATCTCGATCTCCGGACGTGAGTGCCGCTGGTGCTGAAGATGCGCCGAGGCGCCGAGCGGTTTCGACCGCCGCGAGCCCGTCGGCTGCTCCCAGTTCGAAGACGCGATCGATATCGGCCTGCCTGCCGAACGCGAGCGAGGCGAGCCGGAGGGGGACGGTCGGGCCGATCACCCGCAGATCGACGAAGCGTTTTCCCTCCGGGGCGCTCCCGTGATGGACCTGTTCGTTGACGGCGCGCGCGAAC
NZ_AP025523.1_gap12	343372	345093	1721	AGCAGCTGCGCGCCGTCGCCGAAGGTGACGACCGCGATCTCGACCCGTTTCGAAGCCAGCGGATCGGCGGCGAGCTCATCCTTGAACGAGCGCAGTCCGAGCGTGAGCTGGGCGATCGGCTCGCCCTGCATCGAGCCCGACGTGTCGAGCAGCAGGATGCACGCGCAGCGCGGCTCCGGATTTTCGGCGAACTCGACGCTGGAAAACCCGGTCGTCGTGACCGGCGCGTCGTCAACGTACGGGGTCTGGGTGGTCTGTTGCATGCGAAACCTCGGTCAGGGTACCCACACCATCGCGCCGCGAGTCGAGGTTGTGCGGTGATCGGGCGCACCGGACGAGGTCCCGGTGCGCCCCCGCGGTCAGACTCGGGCGCCGCGCCCGGTGACGATGTTGAACACGAGCAGAACGAGTGCCACGACCAACAGCAAGTGGATCAAGCTGCCTCCGATGTGGATCGCGAACCCGAGCAACCAGAGAACGAAGAGCACCACGATGATCGTCCAGAGCAAACCAGCCATACCTGCGTCTCCCACCTTTCGCGCATCGCCTTCCGTTTGCCGGAAAGCCCGCGGACGCTACGTGCCCGGAAGGTGCTCCGGGAAAACGTCGGGCGGGGGAGAGAGCGGGCGCTTAGAGTTCGGCGGCGGCGGTTTGCAGCGTGGCGAACGCGGCCGCGACGTCGTCGCTGAGCGCGAGCGCCGCCGACCACTCACCCCCGGCGACGGCACGCTCCACACGCAGCGCGGCCTCGGAGAGCCGCTCGGCGCCGACGTTGGCGCACATCCCTTTGAGCTGGTGGGCGCGCGATGCGGCGGACTCGGTGTTGCGCGCGTCGAGGGCGGCGGCGAGCGCGTCGATCGCCGAGGCGGCGTCTTCGACGACGATGCGCACGAGCTCGCCGTTCATCTCGGGATCGCCGCCGGTGATGTCGTCCAGACGCGCGTAGTTGAGATCCGGCAGGTGCATCATCTGCGCGCCAGTGCGACTTCGACCGGATCGTCGGCGAACTGCTCTTTGATCGTGAGGATGCGCGGCCGTATTTCGAAGAACAGCGCGACCAGCTTCGGATCGAACGAGAGGCCCGCGAGGCGCTGGATCTCCGCGAACGCGCGCTCGACCGTCCACGCGTACTTGTAGGGGCGGTCCGACGTGAGCGCGTCGAACACGTCGCTGACCGCGCACACGCGCGCGCTCAGCGGGATCGACTCGCCTCGAATCCCGTTCGGATAGCCCGACCCGTCCCATTTTTCGTGGTGGCCGAGCGCGATGTCGGCCGCCATCTGCAGCACCTTCGAGTTGCTGCCTTTGAGGATGTCGTAGCCGGCCTCCGCGTGGTGACGCATGATGTCCATCTCGGCCGCGGTGAGGCGGCCGGGCTTGAGCAAGATGCTGTCGGGGATCGCGACCTTGCCGATGTCGTGCATCGGCGTCGCCAGCAGCAGTTGGCGCTGCTCCTCGGCGTTCATCCCTAGCGCCTGCCCCATCGCGGCGGCGTAGTGGCCGAGGCGGACGATGTGCTGGCCCGTCGTCTCGTCGCGGAACTCCGCGGCGCGCATGAGCCGGTGGATGGTCTCCTCCTCGCGCGCGGTGATGTCGGCAACCGCGCGTGCGATGTCTTCCTTGAGCGAGTGCGCGTGCGCCTGGAGTTTCCGGCGGCTCTCGCGCAGCGCGAGCAGGTTGCGCGCGCGCGCCTGCAGTTCCACCGGATCGGTCGGCTTCTT
NZ_AP025523.1_gap13	502055	506551	4496	CCCAACGCAGGAAGAATCGCACGGTGTCGAGCCCGAGCGCCGCGATCCGCGCGAAGTCCTCGCGGATCTCGCCCGCGTCGAACCGCTCCCACATCGCCATCGCACTGCGATTGGGCCAGTAGTTGATCCCGACAGAGAAGCGCACGTTGCCTAGTACCCGCCCAACGACGCAGCCGCCTGGACGGCGACGCGCAGCATGACCGCGCAACGAAGCGAGGGCGGCCGCCGGAGCGGCCCGAACGCCGTCGGCGATGAGTGAATCGCCCCGGGTCGGGATCGTCATGGGATCCACCTCCGACCTCGACACGATGCGCGCGGCCGCGACGATGCTCCAGGAACTCGGCGTCGCGTTCGAGCTGAAGGTCGTCTCCGCGCATCGCACGCCGGACTTGATGTTTCGCTACGCGAGCGAGGCAGCGGGTCGTGGGCTTGCGGTGATCATCGCGGGCGCGGGCGGCGCGGCGCACTTGCCGGGGATGATCGCCACCAAGACCAACCTGCCGGTCATCGGGGTCCCGGTGCAGTCGAAGGCGCTCAACGGCCTCGATTCGCTGCTCTCGATCGCGCAGATGCCGGCCGGCGTTCCCGTCGCCGCGATGGCGATCGGCGGTGCGGCGAACGCGGCGCTGTTCGCGGCGCGGATCCTCGCCCTGCAGGATGCGGCGCTCGCGCAGCGCCTCGCCGAACGGGTCGCGAAGATCACGGCCGAGGTCGAGGCGATCGAGCTGTGAGCGCGATTCACACGATCGGCATCCTCGGGGGCGGTCAGCTCGGGCGGATGCTGACGCTCGAGGCGAAGCGGATGGGGTACCGCATCGTGACGCTTGAGCCGTTTCCGAATTCCCCGACCGGACAGATCGCCGACGAGCAGATCGTCGCGGCCTACGACGATCTGCGCGCGATCGGCGAGCTCGGCGCGCGTTGCGACGTCGTCACCTACGAGTTCGAAAACATTCCGCTGGAGTCGGTGCTCGCGCTCGAACACGATCGCCGGATCGTCCATCCCGGTTCGACGGCCCTGCGGATCACGCAGGAGCGCATCCTCGAGAAGACGTTCGTACGCGAGTGCGGGATCCCGACCGCCGACTTCGCGCCGGTCCGTTCGCACGACGAACTCGAGGCCGCCGAACGCGCGATCGGCTATCCCGGCGTCGTGAAAACGACGATGGGCGGCTACGACGGGAAAGGGCAATGGGTCGTGCGCTCGCGCGAGGACGCCGAGCGTGCGTGGACGCAGGCGAAGGGCGCGGCGCTCATCTGGGAGCGGATGATCCCGTTCGACTGCGAGCTTTCGATCATCGCGGCGCGCAACGCGCACGGCGAAGTGATCGCGTTTCCGACGTCGGAGAATCAGCACGATCACGGCGTGCTGGCGACGACGATCGTTCCCGGAAGGATCGCTCCGGCGCTCGCCGAGCGCGCAAGGCGCTACGCGACCACGATCGCCGAGCGGCTGGAGATCGTGGGGACGTTCTGCGTGGAGTTCTTCGCCGCGGGTGACGATCTGCTCGTTAACGAGATCGCGCCGCGCGTGCACAATAGCGGGCACTATTCGCTCGACGCGATGTCGCTCTCGCAGTACGAGGCGCACGTGCGCGCGATCTGCGGGTTGCCGCTTGTCGAGCCGCGCCAGTTCCTTCCGGCGGTGATGGTGAACATTCTCGGCGCCGGCGCCGGCGATACGCTCGGCGGGATCGACGTGATCCTGCGCGAGCCGCTGCTGAAGCTTCACGTCTACGGCAAAGCCCACGCCGCGCTGCGTCGCAAGATGGGCCATTTCACCGTCCTGGGCGAGACGGTCGAGGACGCGCTGGCGACGGCGGAACGCTCCCGCGCGTCCCTGCACTGGATCGACAACCGCGCCGCCGCATTGCGATGACCCCCTTGCGCGGCGGCGGCTGCGCTTCGACAGGCTCAGCGTGACGAGGGGTGCTAGCAGCCCCGTGAAAAAATCGGCGCGTGGTTCGCGAACTGCCCGTTCAGCACGGTTTTCGGGACGTCGGCGGACCTCTCGAAGCCCGTTGCCGAGCGGTTCATCTCGAAAACGCCCCTCGGGTCAGCATCACTTCGCATCATGTCGCGGCCCTCAGATTGCGTATCCTGATCAAGTTGTACGCCGCGGCCGTCCAGCGCACAATGTCGCCGACCAGATCAAGCCCGCGGAAATGCACCTTGCGCAATCGGCCGATCGTCTTGCCCCACCCGAAGCTCTCCTCGATCAACTTGCGCCTGCGTTGACTCACCGTGTAGCCCGGATGGCGGACGGTTCGGCGGTCGATCGCGCTGCGGCGACGGGTCGTATTTTGAGCAACGTGCGGCGTCACGTTGAGCGCTCGCAACGCCTCGACAAAGTCTTTGGTATCGTACGCCTTGTCGGCGCCGAGCGTGATTCGGTTGCTTCCGCTGACCCCGCGAATCAATTCCAGCGCTGCTTCGCGTTCGGCGATCCCGGTCGCGCGAGTGGTCTTTACGCCGACGATCAAGCCGTTGCGATTCTCCATCAGAGCATGTCCGAGATAGCCGAGAATCGCCGGCGCGCCGCTGCTCTTGCGGTACAACCGCGCGTCCGGATCGGTACTCGAGACGTGCGTCTCGTTGCTGCGCGGCCGGCCACGAAAGTTCACGCCCTCGTTGCGACCGCCGCTCGAGGTCGGCGGTTCGTCGTCCGACTTGGGCCGAAAGCTCTTGTGGCTGGCCCACGCCTCGATTAGCGTCCCATCGACGGTGAAATGCTCGTTCGAGAGCAGTTCGTCGGCACGCGCCCGCTCGACCACGGCGGCGAAGAACCGCTCGGAGATTTCGCCATTCAAGAACCGATCGCGGTTCTTGCTGAACGTCGAGGGGTCCCAGATCTTGTCGTCCATGCTCAAGCCCACGAACCAACGAAAGAGCAAATTGTAACGCAACTGCTCCAGCAGCATCGGCTCGCTGCGGATCGAGTAGAACATTTGCAACAGCAAGGCTCGCAGCAGCTTCTCCGGCGCGATCGATGGCCGGCCCCGTCGGGAGTAGAGCTTGGAAAACTCCGGCGAGAGTTCGCGCAGAATTTCGTTGACCATCACGCGCATCGGGCGCAACGGATGATCGCCGGGCACGGTGTCTTCCGGCTGCAACGTCGTCCAAACGGATGCACGCTGCTCATCATGAGTCCGCATCGGCCGCAACCTCACCAAGGTATGAGGAGACTTGCTCTTATAATACGCGAAAAACGCCGTCACGCCAACATCAACTCGGCCGATTTTTCATCGGCCTGCTAGGCGAAGGGCGAGAGATCGATTGCGTGGGCCGGGCGTTCGGGAAGGTCGGTGAAGGCCATCGGGCGGTCCCACCAATCGTGCGCCCGCCAGCGGAGGTGCTCCGCGGTTGGGGGCGGCGGGGTGCGCATCTGCAGCGCTTCGCGATAGGCGTCGAGATAGCGGTCGATCATCCGTTCGCGTGAGAACGTGGTTTCGACGTGGGCGCGGCAGGCGGCTCGCGAGAGCGAGGCGAGGCGCGGCACCGTCGCAACGGCATCGTCGATGCCGTCGCACAGCAGCCCGGTCTCGCCGTCGACGACGATCTCGGGGATCGAGCCCATGCGCGCGCCGAGCACCGGCGTGCCGCAGGCCATCGCTTCGATCAGCGTGAGTCCGAAGCGCTCCGGACGCGTCGTCAGGTGCACGAGCGCGAGCGCGTTGCCGATCACCTCGTCGCGCGCGGCGCCTTGGACGTGGCCGAGCATCTGCACGGCGTCGCCGTCGACGTGCGGCAGGATCTGCTCGCGATAGTACGCGTCGTCGTGCGGGATCCCGGCCATCTTCAGCCGTACGCCGGCGCGGCGCGCGACCGCGATCGCGTTGTGTGCGCCTTTCTCCGGGTGGAAGCGCGCGAAGAAGAGGAGATAGTCGCCCGGACGATCGCGATACGTCCATACCGACGGGTCGATTCCGTTGTACGTCGTCGCCAGATACGAGAGACCCGGATCGCGATCGGCGTCGCTGATCGAACAGTAGAATGAGCGTGACGCGCCGGCATAGTAGGCGCCGAGGATCGGCGGCGAAGAAAACCCGTGGACGGTCGTCAGCAGCGGCGGCGCGGGCGTCGCGAGCGCGTGCAGCAGGGGCTTCCAGTCGAGGCTGTTGTGGATCACGTCGAACTCATGCGCGCGAGCGAAGCACGATGCGACGTGCAGTTCGGTGCAGAGCTCACCGTTGAGGTTCGCGTCCTCGTTCAGACCGACGGGGACGACGGAAATGAGGCGGCCGGGATTCGTCGAGTTCGCGGTCGCGAACAAGGTGACGTCGAGGCCGCGCTGCGCCATCCCGTGCGCAATGTCGTACGCCACCTGCTCCCACGGACCGTAGCCCGGCGGCGGCGACGGCCACGAGATCGGGCCGAGAACCGCAACCCGCAGGCCCGCGAGATCCACCGCGCTAGGCGCGTTCGTGGGCGACGGCGCCGCGCTTGATCACGACGCGCGGATCGCGCAGCGCGCGCACGTCCTGCGCGACGTCGCC
NZ_AP025523.1_gap14	598491	602132	3641	CTGCTCGAGCGCGTCGAGGAGATGGTGGGTGCGCACCTCGACCAGCCCGCGCTCGACGGCGCGGCCGACGATCGAGAGGCCGATCACGGGGGCGAACATCTCCGGGAAGAGCGAGACCAGGTCGACGTGCAAGACTCCCACGTGGCGTTGTTCGACCGGCTGCGCGGTCTGCTCCCCGGCCGCGAGGCCGGCCCGCTGGACCTTGGGACGCGCCTGATCCAACGGGACCGGCTCGACGAGGCGGCGGCGGCGTTCGCCGAGGCGCTCGCTGCCGCGGAACGCCCATCCGATGTCGCGCGCGCGCGCAACAAGCTCGCGATCGTCGCGATCCGGCGCGGCGACCGCGAGACGGCGATCGCGGAATTGATCGCCGCGGCGGAAGCCGACCCGCGTTCGCCCGCCGCGATCACCACCCTCGGAAACCTCCTGCTCGAAGACGGCGCGATCGACGAAGCGATCATCCACTACGAGTACGCGATCATGGTCGACGTCGACTACGCACCGGCGTACCACAACTTCGGCGTCGCCCTGCACCGCAGCGGCCGCAAGCGCGAAGCGGTGCGGATGCTGCGGAAGGCGACGCGGCTCGAAGGCCGCCGCTAGATGTCGAGACTACGCGCCTCGTTTACGGGCCGCGGCCCAACGTGAGGCGGGGGTCTCGTAGTTGATGGCCGTGTGCCGGCGGTCCTCGTTGTAGTACCGGAGCCACGCCGGGAGGGCGTCTCGGCGCTCGTCGCTGGTGCGATAAGCGACCGCGTACGCCCACTCGCGCAGCATGGTCTGGATGAAGCGCTCCGCTTTGCCGTTCCAACGCGGCGTGTAGGGCGGCGTGAAAATGTGTCGCGCACCGATCGACCTCATCATTGACTCGAACGCGTTCGAGCTGAACACTTTGCCGTTGTCAGTCATGACTCGTTCGATTCGCACGCCGCGACGAGCGTAAAGAATCGCGAGCCGCCGCAAGAAGTCTGCGGCCGAGGTCGCGTCTTCCCGCGTGTATACGCGTGTTTCAGTCCGGCGGCTGGCATCGTCGACCGCGACAAAGATGACGTCGTAGCCGACGTGCCTGGAGCACTTCGTGCGATCGCCGTGGATGCGGTGCCCCACGCGCTCAAATCGTGCGATCTTCTTGATGTCAATGTGAACGAGCTCGCCGGGTCGGCGATACTCATAACGCTGCGTAAAGCGGGCCGGCTCGAGGTCGCGCAGACGCGCGATGTTGAGCCGCTTGAGTACCTTGATGACCGTCGAGCGCGCCATCGACAGTGCTTCGGCGATTTGCCAACCGAGTAGCCGGCGAGTGCGGCGAAGCCGGTCGATCTGCCGTTCAACCGCCTTTCGGACGCGCGTCGGAAAGCGAATTGCAACGGGTCGCCGATCACGCAGACCAGACTCTCCGGCCTGCGCAAAGCGGGCAAGCCACTTGTACACCGTCGGCCGGCTGATCTTGAAGCGCCGAGCCACCGCGGCAACGGCCTCACCGGCCTGAACCAAAGCGACAATTTCCCGCCGGATAAGGGGCGTTGTGCGGGCCTGAGGGTGCATAATCACAGGGCTGTCCTCCGGAGAAGTAGGCCTCGAACACCCACCTCTTCGGGGTCAGTCCCTGTAAACGATGCGCGTGGTCTCTACAGCTAGATCGCGGTCGTGCCGATCGCGTCGGCGTTGTGATGTCCTCGAGCTACTCGAAGAGCGGCGGCAGCGTGATCTTCTCGAGCGCGCTGCGTTCCTTAGCTGCCGCAAGCGCGAAGCGGTGCGGATGCTGCGGAAGGCGACGCGGCTCGAAGGCCGCCGCTAGATCGCGGTCGTGCCGATCGCGTCGGCGTTGGTGATGTCTTCGAGGTACTCGAAGAGCTGCGGCAGCGTGATCTTCTCGAGCGCGCTGCGCTCCTTGATCCCGTCGCCGTCCTCGCCTTCATCGCGCAGGTAGCAGCGCGATTCGACGCCGCCCGCGCCTTCGCTCAGGAACGAGACGGCAAAGCCTTTGCCCAGCGTGTCGTCGTAGATCCGCATCGCCGCCGGGTTGAGGATCTCGATCGAATGCGACGGGTTGTTGGCGTCGAAGATCGTGATCGTCAGGTAATCGCGGTTCACGATTTCGATCGAGCCGACCACGAAGGTGTTTTTGGCAGAGAAAAACTCGTGCCCGCGCTTGTTGCGCGAACTGACTTCGTAGAAGACGCGGTGCGCGACGAATCGGTTGAGGATCTTTCGCAGCGTCGCGATGGACGCCAGGGTCTCAGTCCGGTTGCCGCGGGTGTAGATGATCTTCAGGGCGTGGGCCGGCCTTCGGTAATCTCCGCCTGGGCCGTCCTTCTGCCTCAGCGCGGGGCATGACGCGTTGCACGAGACCGGGAAGAAACCCTCCGATGCTCTCCATCCCCGACATGGCGCTGCTCGGTGCGGCGGCGCTCCTGCTCTTCGGCCCGGAACAGCTCCCCAACGTCTTGCGCAAGGTCGGACAGTTCAGCCGCGAAGTGCAGAACACGTCGCAGTCGTTCATCCGCGAGATGGAGCGCGCTGCCGAATCGCAGGAAGTCGCCGACGCGTACAAGCGCCGCGACGAGGCGCTCAAGAGCTACGAACCGCCCGACCTCGATCCGCCGGACGCGGCCGAGGCCGCGTTGGATCCGGCGCCGCACGTCGAAGAGCCCGACGTCGCCGAGCCGGATCCGCATCCGCCGGCGGCGGAGAAGCTCGCCGAGCCGCGGCCCGCGCCCGACGCGTGGGACTATCCGACGCAGGCGATGCCGGTGGTCGGTTCAGTCCCCGCAGAGCCGCCGCCAGAGCCCGATCACCCGGCGCACGTATAGCCGCGTCTCGACCCAGGGCGGAACGCCGCGATAGCGGTCGACCGCACCCGCGCCGGCGTTGTACGCGCCGATCGCGCGTTCGTAGCGTTCTTGCGGCGCATACCCGCCGTAGCGCGCGATCAGGGCCGCGAGATAAACGACCGTGCCGTGCAGGTTCGCGTCGGGATCGGCGGGGTCGACGCGCAGGTCGTTCGCGGTCGCCGGCATCAGTTGGCCGAGTCCGCGCGCGCCGGCGCGCGAGACGGCGTCGGGATTCCACGACGATTCGACCGCGACGAGCGCGACGATCAAGCGCGCATCGATCCGCGCGGCGTCGGCTTCGGTGACGACGCGCGCGGCAAGGCGTAACGCCCGCGCGTTGTCGAGCGCCGGATCGAACGCGCGCAGCGCGCCGACATACGCCGGCAGCAGCGAAGCGAGGACGAACGGCGCGAGCGCGGCGGGCACACCGCGCCCGGTGCCCCGATTTAGATGTTGAAGTTCTGGCGGATCTCGTTGATGCGCGATTCGAGGAGACCGCGCACCTGGCGGTTGAGGCGGTCGCGCTGCTCGTCGGGGAGGCGCTGATAGACGAGGTATCCGGCAGCCGAGATGATCCCGCCGAGCACCCCGACGAGAACGGTGCGGCCGGCGTCCGAGGACGGGCCGATCGAGTTGGACCCGGCGGGTTGCTTGAGTTCGCCGTTCGGGAGTTTGCTGGCGTCGTTCATCGTGGGTTCCTTTCGACGCGCACGTACCCCGATTCCGGTGCGCGGTTACGTACTTGCCGGAGAATCCGGCTCGGACGCACGCACGTACCGGATCGCGCCGCGATATTGTTTCGCGATC
NZ_AP025523.1_gap15	789637	794060	4423	GGTGCCGCCGTCTTCGTCATCGTGATCCTGACCTACGTCGTCGCGGCCGCGGAGTTCGGCCACATCATCGCCGGGTCGGTCGAGGCGTTTTACGGGGCGTGGCGCGGTCTGTTCGGGTGGGGCGATGTCGTCGCGTTCATCGTTCCGACCTTGGCGGGGAATTGCGTCGGCGGCGTGGCGTTCGTCGCGGCGATCTCGACCGCCGAGATCGCATCCGAACGCAAAACGCGCGCTTCTTCGGGGCAGATCACCTAGCCGACGGCGTCACCGCCCGCAAGCGAGGCGTCGCGGGAGCCGGCGAGCGGGAGCAGCCAGGCGAACAGCGCGACCGCGGCCGCGCCGCCCGCGAACTGCGCGACGATGAAGCCCGGCGCGTCGAGCGGACGGATCCCGGCGAATGTATCGGTGAGCGCGCGCGCGATCGTGACCGCCGGGTTCGCAAACGACGTCGACGGCGTGAACCAGTACGCTCCTGCGATGTAGGCCGCAACAGCAAACGGCGTCGCCGTCGAACGCACGCGCGAGCACCCGGCGATCACCGCGAGCAGGCCGAACGTCGCAACGAACTCGCTCGCAAGCAGCGGCGTGCCGCTGCGCGCGTGATGCGACGCGAACCACGGCGGCAGGCCGAACATCGCGTCGGCGAGCCCGGTCCCGGCCAGCGCGCCGGCGCATTGCGCGGCGATGAACGCCGGAACGCGCGCGCGGTGCTCGCGGTTTTCCCAGGCGTCGGCGAGCGTCACGGCGGGGTTGAAGTGCGCGCCGCTGACGGGCCCGAACGCGAGGATGAGCGCGATCAGCGCGCCGGCGGTGGCGATCGCGTTCGCGAGCAGCGCGAGCCCGACGTTCCCGCCGCAGAGCCGCTGCGCCATGATGCCGGAGCCGACGACGGCCGTCAGCAGCAGCAGGGTCCCGATGAATTCCGCGACCGTCGCGCGGGCGATCACGGAGCGGCCCTCGTGCGTTCGGCACGCCGTGCGGCGGCCCACGCCTCCACGGTGTCGCGGATCGCATCGCGAATCCGCCGCGTCTGCGCCCGCCGTTCGTCGATCGTTCCGGTCAGCGCGGAGGGGTCGGGAAACGACCAGTGCTCGCGCCGCCCCTGCGTGGGCACCACGGGACAGCGCTCGCCGTCGCTCTCGGCGCAGACCGTGATCACGTACCGGTACGCGCGCCCGGCGATCTCCGGCGCGGAGAGCGGCTTGGCGTACGCGCGCGAGAGGTCGAAGCCGATCTCCGCCATCACGTCGACGACCAGCCGGTTCATCGCGCCAGCTTCGATCCCGGCGCTGAAGACATCGAAGAGATCGCCCGCCGCCGCGGGCAGAAACGCCTCCGCCATCTGACTGCGGGCGCTGTTGTGCACGCAGACGAAGAGCACGTTGTCCTTCATCTCAGGCGCAGCACGCGTCGCCGTCGCGTGTCTCGGTCTCCTCGTGCACGACGTACGTCTCCCAGCGCCGGCCGTCGGGATCGCTCGCCCACACCTTCGTCTGCTTCGCGTAGCAGCACGTTTCGTCGCGCTCGACGTCGACCGCGAAGCCTTCGCGTTCGAGTCGTGCGATCTGCGCGTCGACCGCGTCGGTCGAATCGACGACGATGCCGAAGTGCTCGGCCTCACCGGCGCGCGCCTGCGCATCCAGATCGAGCGCCAGCTCGAGCCCCGGCTCCTCGGTGACGAACAGCGCATAATCGGGAAGCCGCTTCGCCGGTGCCGCCCCCAGCAGCGTCCCATAGAACGCCACGCTGCGCTCGAGATCCCGCGTCCCAAGATTGAGATGCATCTTCATCCGACCGTCCCCCGTCACGCTGAGCTTGTCGAAGCGCCGCCCAAGCCGACCCCAAACGCGATCAAAACATCGACGCTCATCGATATTACGCAAATGCATCGATAAATGTCAATAAACAGAGACCGCAAGACATTGACGTTCATCGATCACTGGCGTAACATCGAGAGGTGCCCACGTCCCGCAAACCACGCAGCCGGCGGTCGTCTTGGGATTTCGCCCCCAGTGCGATGCTCTTCAAGGTGCTCGCCGATCCGCACCGCCTGGCGATCCTCGCGATCCTCGCGCGCAGCGACGAGGATGTCTGCGTCTGCGAGTTCACCGCCGACCTGCCGCTGAACCAGCCTACCGTCTCGCATCATCTGCGGCTGCTGCGCGAAGCCGACCTCGTGACGGCGGAACGCCGCGGCACGTGGAGCTATTACCGGCTCAAGCCCGGCGTGCGCGCGCGGATCATCGCCGCTCTGCGGCGCGTCGTCCCCGAGAGCGACGTCGCGTAAGGGCCGCGGCCGTCGTCGGCCGCTCGCACCGCGGCGGCAAGGCGAGCGTCTCGCCTGCCGCCGCCGAGGGTGCGCACGCGTGCGTCACGAACGCCGCCGATTCGATGTCGGAGGCAGTAACGGACCAACCCCGCGTAACGATGGACGAGATCGTCGCCCTTGCGAAGCGCCGCGGCTTCATCTTTCAGTCGAGCGAGATCTACGGCGGCATCGGGGGGTTTTTCGACTACGGTCCGCTGGGCGCCGTCCTCAAACGCAACGTCAAGGACGCCTGGTGGCGTGAGAACGTCGAACTGCGCGACGACGTCGTCGCCTTCGATTCGTCGATCGTCATGCACCCGCGCACGTGGGAAGCGTCGGGACATGTCGCGGCGTTCCACGACAAACTCGTCGACTGCCGCAACTGCAAGCACCGCTTCCGCGCCGATCACCTCCCCTCGCTCGAGAAATGCCCCGACTGCGGGATGACCGGAACGCTGACCGAGCCGCGCAACTTCAACCTCATGATGAAGACGGCGATCGGCCCGATGGAAGACACCTCGGCGCAGGCGTACCTGCGGCCCGAGACCGCTCAGGGCATCTTCGTCAACTTCAAGAACATTTACCAGAGCGCGCGCAAGAAGCCGCCGTTCGGGATTGCACAGATCGGCAAGTCGTTCCGCAACGAGATCACGCCCGGCAACTTCACCTTCCGCGTGCGCGAGTTCGAGCAGGCCGAACTCGAGTTCTTCGTCCCGCAGGACGGCCGCGATCTCGAATGGTTCAACCAGTGGGTCACCGCGCGCAAGAAGTGGTACAGCGACTACGGCGTGCGGCCGGACCGGCTGCGCTTCTACGAACTCACCCCCGAAGAGCGTCCGTTCTACGCGAAGGCCGGGATCGACGTCGAGTATCTCTTCCCGTGGGGCTGGGGCGAGCTCGAGTCGATCGCGCACCGCGGCACCTACGACCTCGACCGCCACATCGAGTACTCGGGAAAAGACCTGCAGTTCTTCGACGAGGCGACGAAGCAGAAGTACACGCCGATCCTGATCGAGAGCTCGGCCGGCATGGATCGCACGACGCTCACGATGCTGATCGACGCCTACGAGCGTGAGACGATCGTCGACGGCGAGAAGACCACGGAGCGCACCGTGCTGCGCTTCCACCCGAAGATCGCGCCGGTCCAAGCCGGGGTCTTTCCGCTGGCGCGCAACAAACCGGAACTCGTCGAACGCGCGCAGTCGATCGAACGTGGGCTGCGCGCGCATTGCCGCACGCAGTACGACGAAGGCAACGTCGGCCAGCTCTATCGCCGTCAGGACGAGATCGGCACGCCGTTCTGCCTGATGATCGATTACGACACGCTCGGCGACGCGACCGTGACCGTGCGCGAACGCGACAGCATGAAGCAAGACCGCGTCGGCCAGGACGCGCTTGAAGGCTACCTGCGCGAGCGTCTCTGAGGGTGCAAACCATGGAAACAGGCCGGTCGGCCCGCTCTACGCGGCGCGCTTCACGGAAACCATGGGCTTTCTGTGTACGGCGATGGCCTTTCGAAGCCGGCGCCGGCGAATTCGTCGCGTTCCCCGCGGTAATGCCCGTACCATAGGGGGGTAGGGTATCCGCCCTGCCGAAACGGCGATCATGTCACACACCACTCGCGATCGTGACACGCTGCTGCCTCGGGTCCGGCGGATCATCGGCCAACTCCAAGCCGTCGAGCGCGCCCTGGAAGAAGAGAAACCGTGCGGCGACGTCTTGCACCTGATGGCCGCCGCGCGCGGCGCGATGAACGGCTTGATGGGCCGCGTGCTGGAGGAGCACATCCACGCGCACCTCGGCAACGGCAGCCTATCCCGCGCCGCGCAGACCCGCGCGGCCGACGAGCTGATCGGCGTCGTCCGCACCTACCTCAAGTGAGCGACCGCGCTGCGCCCGAGCACGCCGTCGAGCACACCGACCTGATCCGCATCGCGCTGGTCGCGCTCGCCGCTGCGGCGGTATGGTTCCGCTGGTGGGAGCCGTATCCGCACGTCAGCATCATCGGGATCGTCGCGACGGTCGCCGGAGGCTGGCCGATCTTCGCCGAGGCCTTCGAGAACTTGCGCGAGCGCACGATGACGATGGAACTCTCGATGACGATCGCGCTCGTGG
NZ_AP025523.1_gap16	852447	856225	3778	ACGCGACGATCGTGCACGGCGCGACGATCGACCTCGACTTGAAGAAGGGCGAGACGACTGCCGTCGGATCGCCGGTCACGATCACCCGTCCGGCGACGACGAGCCCGTCCGCCGCGCCCAACCCGTCGCCGAACCCGTCGCCGTCGCCGAAACGCTAACGGTCAGCTGTTGTGCGCGGTAGTCGACGATGCGGCGCAGGTTGCACTTGAAATGGCCGTGATAGACGGCATCGAAGCGGATCAGCGTGACGAAGAGGCGCCAAGCTGTCTCCACCGGCGCGGCGCCGAAAAGATAGCGTGAGCCGGCCAGCCGCGCGTCGAGTGCGTCGAGGGTCTCGAAGACCCGGTAGGCGGTGCTCTCGTTCGCCGCCTGCGAGGATGCGAAGCCCGCACGATAGACGCCGTCGTCGATCGTTTCGTAGATCGCGTCGTTGAGCGCATCGATCTCGCCGCGCAGCGAGACCGGATAGAGAGCGAGTTCGGGCTTTCGCGCGAACGCGTCGAACTCGGTTTCGAACATGCGCATGATGTCGTCGTCGGAGTTGCTGACGATCGCGTGCGCGTGCGTGTCCCACAGCACCGGAACGGTCACCCGCCCGTGATAGTGCGGGTCAGTCGCGCGATACGCCTCGGCGAGATAGGTGAAACCGTTGGCCGGATCCGGCGTCGCGCCGGGAACATCGCGAAACGCCCAGCCCGATTCGTCGCGGATCGGGTCGACGACCGACATCGCGATTGCGTCCTCGAGCCCCTTGAGGCGGCGGACGATGATCGTGCGGTGCGCCCATGGACACGCCAGCGAGACGTAGAGGTGATAGCGTCCCGCGCTCGCCGGGAGTCCGGAGTTTCCGTCCGCGGAGATCCACCGGCGGAACGCGTCCTGCTGGCGGACGAAGCGGCCGTCCTCGGACTGTCTACCAGCCTTCCGTTCCCGGTTCGCCCTTGATCGGGCCGGTGAGATTCTGCGTCACCCAACCGCCGTAGAAACCGCCGGGCTGCGAGCGGACCCGTTCGTCGCCAAGGAAGCACGCGTCCATCCGCGAGGCGTAGAACGCGAACCACCCGGCGACGCGCTCGTATCCCATCCCCAAATCCGTCAGCGGTGCGGGATAGCTCCACGCGCCGTGCGCGGCCGTGCGGCCGCCGGCGCGCACGTCGTATGCGTACGCCGCGCCCTTCCACTCGCAAACGGTCCAGTGCTCGGTGCGCCGCAGCGCGCCGAGGTCGCAGTCGTCGGGCGGGAGATAATAGCACGGCGCGCCGGCCGTTTCGACGATCCGCAGCGCGCGCGTCGTTCGTGCTATCGTGACGCCGCCGAGTTCGACGCGTACCGGCAGCGCGACGGACTCGACGCGCGGCGGCCGCGGGAAATCCCAGACCGATTCTTGACCGGGGCCGGGGACGATGATGCGCGATGCCGGCGGCCGTCCGCCGGCGTGTACGCGCGCAGCCTGCACGAGCGCGACGAGTTCGGAAGACGAAGGCGGCCGGCGGGAGCGCATCCTTGCTCCTACCGGCCGCGTACCGGACTTCCTACCGATGGGTCAGCGGTCAGCGCTGATACCAGTTGTTGCCGACCACGTCGATTTCGTTGGCGTTGAACGTGTTGCCGTTCCAGTAGCCGTAGATGCGCACGCGTTGCCCGCCGGTGAGGTTCGTCCCGGTCGGATTGATCACGGTGCCGTCGTGCAGCGCCACGTGCGTGCCGTTGGTGAGGTACAGGTTGTACGGCGAGAACGACGCGACCGTCGCGCTCAGCGTCTGGTTCCCGTTGTTGTTGCCGTAGCCGCCGTAACCGCCGTAGTTGCCGTTGCGGTGCGGATTGCCCCGGCCGTGGTTCCAGCCGTAGTGGTGACCCTCGTTGCCCCGATCGTTATCGTCTTCGTCGTCACGATCGCGATGGCGTCCCTGTCCCTGCCACTGTCTGTTGTTGTACTGCCCGTTGTTCCACTGGCCGTTGTTCCACTGGCCGTTGCTCCAGCGCACGCATTGACCCTGATTGTTCCATTGCACGCATTGGTTCGCGTTGGAATTGTTGTCCGGCGCCGCCAGCGCAGCGGTCGGCAGGGCCAGGATCGCGGCCGCCGCGGCGGCGCGGACGAGGGTGTGGGGATTCATGAATAAGTGCTCCTCCTTGGGTGATGACTCGGAAACGTACCGAGTCTCCTGAAAATCCTGGGAAATCGCTGGGAACAAGCGAGGGCTATGCTGCGTACCCGGGGTCCTTGGCGTCGAGCATCCGCCGCAAGGCGCTCCAAGCGAGCTGCGCGACCGGGCCCACACCGCCGCCTACCTGGCGCCGGACGACCTCCTGGACGGATTCGACCGGCCAGTGCAGTTCCGCTCCGCCGGCCAGGGTCGCGATCTGCGTCGCGCATGCCCGCTCGAAGAAGTACATCGTCAGGAACGCGTCGGCGATCGTGGTGCCGCAGGTGAGCGTGCCGTGATTGCGCAGCAGCATCGCGTTTTTGGTGCCGAGATCGGCGACCAGCCGCGGCCGCTCGTCGAGTTCGAGCGCGACGCCTTCGTATTCGTGGTGCGCGATCTGACCGTTGAGCAGCATCGCGGTCTGGTTGATCGGGAGCAGCCCATGCTCTTGCGCGGAGACCGCGACGCCCGCGACCGTGTGCAGGTGCAGCACGCAGGCGACTTCCTCGCGTGCCGCATGGATGGCGCTGTGGATCGTGAAGCCCGCCGGGTTGACGATGTAGGGCGTCGGTTCCACGATGTTCCCGTCGAGATCGATCTTGACCAGAGTCGACGCGCTGATCTCGGAGAAGAGCTGACCGTACGGGTTGATCAGAAAGTGATGGTCGGTGTGGGGGACGCGCGCCGAGATGTGCGTGAAGATGAGATCGTCCCACCCGTAGTGTGCGACGAGGCGATACGCCGCGGCGAGGTCGACGCGAACCCGCCACTCCTCGTCGCTGACGCGCGACCGCAGATCGGAACCGGTGTGGGGAGCGGCAACCGCCATCAGGCACCTCCTCGGGAGCAGGAGGCTTCGTGCGCTGCCCCGCGGCCTCCCCGCGCCGCGGATGCCCCCTTTGGCTGGCGGTACTGGTTGGCGCGGATGTTCTGCGCCGCCAGACGCACGGTTTCGGCGACGCGTTTCGCGCGCGTCGCATCGGTTTTGGCGCTCGCGATCCACCGGAAGATCGCCTTTTTCGTGCTCGGCGGAAAGGCCTCGAAGTAGCCGCGCGCTTGGGGGCTGCGTCGCAGCGCCGCGGCGAGATCGTCGGGGACGGACAGCGATTCGATGGCATCGTACGACGACCACGACCCGTCGCGCTTCGCGGCGTCGACCATCGCCAGCCCGGCCGGCGTCATCCGCCCTTGCGCGATGAGCGCCGCGACCCGCCGCTTATTGATCTGCGACCACGGCGAGCCGGGTTTGCGCGGCGAGAAGAGCCGCATCGTGCGCTCGTCGTCGAGGGTGCGCGGCAGGCTGTCGACCCAGCCGAAGCAAAGCGCTTCGTCGACGACGTCGCCGTAGGGAACGTACGACGAGCCGGTGCTCCGTTTGTAGGTCACCAGCCAGATCGGTCCCGAGTCGGCGTGGTGCTGCGCCAGCCATCTCCGCCACGCCGCTCGGCTGCGGATCGTCACGCGCGGATACTGCTCGAGCCGGCGTTTCGCCGACGGGGGTAGGTCCGTCATGCGGATGGTGACCCGGTCGCTGGGCGAAGGGCTACAACTTTTGTGGAGATGCCCGGCGCGCCCGCGGCTGGTACGGTTACGGAACCGTGGACGACGCGAACAAGGCCGATGCGCGCGCG
NZ_AP025523.1_gap17	916787	918812	2025	TGCTCGCGACCGATATGAGCGATTTCTTCACCGCGCGCGGCGGCGACGCGGCGCCGTACGCCGCGATTCCGGTGCCGGCCCAAACCGCGAGCGCAGAGGGCACGCGCATCGCCGCGCTGCTTGCGCGCACCGACCAGACGCGTCCCGACGCTGACAGCGCTCGCGGCGCGCGGATCGTCACGCTCTCGCGCGAAGCCGACGCCCTGGCGGCGCGGCGGGCAGCGCTTCCGGCGGCGCGCTACCGGGCGGAACAAGACGCACTCTACGACGCCGCGCTCGCCGTCCTGCGCTGAAGGCGCGTGGCGAGATCAGCCGTGTCGCGGAACGATCGACGCGACCGCGATGACGGCATCCGGGAACGCGGCGAGCGCCACGCGTTCGGTCCTTGAAACGGTGCATACCGACGCGTACGCGCCGTCGCGCGGCTGCGTGCAGACCGTGACGGTTCCGCGCGTGACGTCGACGATCCAATATTTGGGTATGCCGGCGTCGGCATACGCGCGCAGCTTCTCGCCGCGATCGTAGGACCGCGTCGCAAACGACACTTTGACGACGGCGATGATGTCGGCTGCTTCCAGATGCGCGTGCGCGTACCGCTCGTCCGGCCCGCGGGCGATCACGATATCGGGTTGCGGTATCGAGAGGGCGCTCAACCGGGCCGAGTTCTGCGCGGTGATCGTCACATCGGCGCCGAGCGCCTCGATCAGGATCCGGACGAGCCGCGTGACGGCAACCGTGTTCCGGGCTCGGAGGCGGCATCGTGCGCAGCCGGCCGTTCAGCAGTTCGATGCGTTCTTCAGGGCCGAAAATCCCCGCGCCCGCCATCCGTTCGAATTCTTCCGAAGAATCGGTCGCTGGAAGGGGACCTCGATCGCGCTCTCCATATCACGCACGGCAGCGTACCTCGCTGAGGCTTCGGATTCGTGAGCGCGGGATGACCGCCTTGCGGTGCGCTCGGCGGAGTGGGGACTGCCCCGGCTCGGCGGCGAACGCAAACCGGTCGTGACCGTGAAATCGTTCGCTCCGCCGTTCGTCTCGTCCGATGCAGGCGCGTTGACCGCGTGCCTGGTGCTGCGTCCGTCGGCGGCCGTCGACCGGCTTGCGCCGATCAAGGGTGAGCCCTCGCCGATCGCCGACCGCGCGCAGGAACAGCACGCGATCCTGGTCGGGACGCTGCGCGACCACAAGGTCGGCGTGCACGAGCTCGTCTCGCACACCGGTTCTCCCACCGAATCGCTGGTCGCCGACTGCGCGATCGTGCTACCGCAGGGAGCCGTCATCGCGCGGCCGTCGCAGATCGAGCGGCGCGGCGAGGTCGCCGAGATCGAGCGGTATCTCAGCCAGCTCGGGATCCCGATCGCTGGGCGCATCGAGGCGCCGGGCGTGCTCGACGGAACCGACGTCGCGCTCGGCCCCGGCCGGGTCTACGTCGGCGTGCCGCTCGCGGGCGCCGGCCTGCGGCCGCGGTCGAACGAACTCGGCCGCCGCCAGCTCGAGGCGATCGCAGCGCAGCAGGGGATGACCGTCGTCGAACTCGCGGTCGCGAACGACGTCCCGCGCCTGCGCGACGTGTTCGCCGTCGTGGGCAGCGATCTCGTGCTCGCCGCGCCCGATCGTGTCGACCTCGCGCAGGTCACCGGCGTACGCGTCGTCGCGCTGCCGCGCGGCGAAGAGTTCGCCGCGGGCGTACTCCCCGTCGGCGAACGGCGCGTCATCGCGAACCTGCGCTTCCGCGAGTCGATTGCGATCATGCGCCGGGCGAAGATCGCAGTCGACGCGATCGACTTGTGGGAGTTCGGCAAAGCGGGATTCGGCCCGTTCTCGCTGGCGCTCGCCGTGAAACGAGGCTGAGCCTGCGCATCGCGGTCCTCTCCGATCTGCACGGAAACCAGCACGCGCTCAAACGCTGCCTTGCGGATCTGCGGTCGCGCGGCGGCGCCGACGTCATCGTCGCCGCCGGCGATCTCTGTCTCGACGGTCCGAAACCGCGCGCCGTGCTCAAACGCTTGCGGGCCGAGGGCGTGC
NZ_AP025523.1_gap18	1046227	1050874	4647	CGGTCGCCCGATCGCGCGCGCCTTCGCCGGCGTCGCGCTGACGACGCTCGTCCTCGCGCAGCAACCGGCGTTCGCGCAGTCGCCCGCCTCGCCCGCACCGTCGAGCACACCACGTCCTTTGGCGAGCCCGACACCGTCGTCGGCGGCGGGGACGCCGGCGCCGGGAGCCCCCGCAGGCACGGGCGCGAACCCCTCCGGCAGCCGGGCCGCGATCAACTCCACGCAGCTTCCCGATCTCGCGCCGGCCGGCGAGGCCTCCCCGCTCCCGTTCCCCGCGTACGGCACGCCGGCGCCGGTCTCGCCGGTGCGCACCGTCGCGGGCGTCCCGCAGACGGTGACGCTGCAGCAGGCGGTGCTGATCGCGTACGCGCGGTCACCGGTCCTCGCCGCGGCGCGCGCGCAGGTCGAGATCGCGACGGCTCCCGTCGGGCTCGCGCAGAGCGCGTTGTTTCCGTCGGTGAGCGGGACCGCGAGTACGACGCGCACGCACCGCCAGGCCGGGACGTCGTCCGGCACGGGCACGAGCGGCTTGGGGAGCGGCACGACCACCACCGGCAGCGGCAGCGGGCTCGCGCCTCAGAACGTCACCAGCAACGTGTTCAACGTGCAGCTTGCGCAGTTGATCTTCGACGGCGGCCGCGTCGCCGCGCAGATTCGTGCGGCACGCGCGACGCAGTCGGCGTCGATCGCGACGTATCAGCGTCAGCTGCAGACCGTCGCGTTCAACGTCGCGACCGCGTACTACAATACGCTCTCCGCGCAGCGCCAGACCCAGGTCTCGCTCGCGACGGTGCGCCTCGACCAGGTGCAGGAGAACCTCGTCGCGGCGCAGATCCGCGCCGGGACCGCGGCGAAAGCCGACCTCGCGACGGCGCAATTGCCGACGGCGCAGGCGCGCGTCGCGGTGATCCGCGCGCAGGCCAACGAGCGCGTGCAGTTGGCGACGTTCGCCAACACGCTCGGGCTTGACGCCGACATCGCCGTGCAGCCGAAAGACGACGTACCGTCGCTCAGTGCGACGTCGGGGACCCTGCAGGTCGCGCCGGCGTTCCCGACGCCGGCCTACGAACAGGCCGTCGCGCGCGCGCTCGCGCTGCGCCCCGACCTCGTCTCGGCGCAAGAGAACGTCGCGTCGCTGCGGGCCGGCCTGCGCGCGGCGAAGCTCGGCAATTTCCCCTCGATCAACGCGACGGGATCGTACGGCACCAGTTCGAGCGACGTCTCGGGCGGCAACTTCCGCAACAGCGGCTCGATCGGGGTCGCGCTCAGCGTGCCGATCTACGACCGCGGCGTCACCCGCGCGCAGACGGCGCAGGCGCAGGGCCAGCTCGACCAGGGCGTCGCGCTCCTCGCGCAGGCGCAGCAGGGGGTCGAACTCAACGTCCGTACCGCGCTCGTCAACCTGATCTCAGCCTACGCGGCGCTCGACCAAACCAACGCCGAGCTCGCGAAGGCGCAGGAAGTCCTGCGCTCGACCGAAGCGCAGTATCGCGCCGGCGTCACGACGCTCCCGCTGCTGCTCAACGCCCAAGTCGGGATCACCCAGGCGCTCACCGACGAGGTGACGGCCGTCTACACCGTGCGTCAGGCGGAACAGGCTGTGCTCTACGCGGAGGGCGCGAACGCCGCCGGGTGAACTCCCGGCGACATGACTTCGACGGCTCCCGTCTGGATCGACGATCCGACCAACGCGGCGATCCTCGCGATCAGCGAGGATCGCCTGCAGGGCTTTCAACTCGACCCGTTCGGTGAGATCGCCGAACGCAGCGGCATCGACGTCGCGACGGTCCTCGAACGGATCGTCGCGATGCTGCGTTCGGGGACGATCCGGCGCGTGCGGCAGACGCTGATGGCGACGAACCTCGCCGACGGCTCGCTGTGCGCGTGGCAGGTGCCGCCCGAGAGACTCAACGATGCGTTCGAGTGGCTGTTTCGCGAAGATCCGTTCTCGGGCCACGTCGTGATCCGCACGACCGACACCGCGACGGTCGGTTCGAACTACCGGCTGTGGACGACGCTGAAGGTGCCGCAGGGCTACGACATCGCCAAATACGCTGCGTTTCTCGCGCGCAAGATCGGCGCGGAAGCGTATCGATTGATGCCGGCCAAGTATCTCTTCGCGCTGGGCGTCGGACACGTGCGGCGCAAGGGGATGGAGCCAGGCGCGCGCGCCGACGTCCTCGCGGAGGTGAAGGACACACACATCGTCCAGCTCACCGATCTCGAATGGCGCGTGCTGACGGCGGCGAAGCGCGAGTTCGCGCCGGACGAGATCGTGCGCGATCTGTGGCGCGCCCGCGCGGCGGAAGCCGGCGTCTCGCTCGACGAGTTCGAGCGGATCGCCAAGGAGTTGAACGCGCGCGGCGTGATCGGACGCTTCTCGACGTTCCTCGAGCACGTGAAGCCGAACGAGGCCGCGGGCGGCGCGCGGGTGACGCGCTACAATGCGCTCTTCCACTGGAAGGTGCCGCAAGGACGCGAGATGGACGCGGGCCGCGAGGTCGGACGCCACTACATCATGACGCATGCGTACTGGCGCGACGGCGGCCCCGAGTTTAAGGGCGTGAACATCATGGGCGTCGCGCACGGCACGGAAAAGGAGACCGTGCTAGCGCACAAGGCGGCGATCGACGAGCACTTGCGCGAAGCGGGGATCGGCTTCGACTACAGCAACGTCTTTTGGGGCGGGCGCAGCGAGATCAAGCCCTCGGAGATCGCGCCGCAGGCGTTCGCCGATTTCTGCGCCGCGCAGGGGATCGATCCGGAGACGATGCGCTGATGCGCCCGCGGCTTCTCGCAGCGGGAGCGTTGATCGGGCTCGCTCTTTCCGCATGCGGCGGCGGTGAGAGCGGGCCGGCGTCGGGCGACGGCGGGACGGGCGGATCGAACGACCGGCTCGTCGTCTCGAGCATCTCCGATCCGAAAGGGCTGAACCCGGCGTTCGCGACGGCCACGCCGACGCTCGAACTCTCGGCCCTGCTCTTCTCGTACGCGGTGCGGTACGACGACAAGGCGCGGGCCGTCCCCGACGCGGTCTCGGAGATCCCGTCGATCGCCAACGGCGACGTGACCGACCGCGGGCTCACGATCAAGTACAAATTGCGTCACGGGATCAAGTGGCACGACGGGCAGGGCGACCTCACGTGCAACGACATGAAGTCGACGTGGAAGATGATGGTGAACCCGAAGAACATCATCGACACGACGGTGGGCTGGAACTCGATCCGGGACATCGACTGCCGCGATCCCTACGTCGCGGTCGTCCACATGAAGACGGTGTACGCGCCGTTCCTGCAGCAATTGTGGGGCGTCAACGGCAACTCGCCGATTCTCCCCGCGCACATCATCGACAAGTACAACGACGCGAACGGAAGCATGAATCAGGCGCCGTTCAACAGCGCGCCGGTCGGCAGCGGTCCGTACAAGTTCGTCTCGTGGCAGCGCGGCAGCCGGATCCGGCTCGAGGCGTTTCCGCAGTACTTCCTGGGCAAGCCGAAGATCCGCGAGATCGTCTACAAGATCGTCCCCGACGGCAACACGCTCACCACCCAGGTGCAGACGCACGAGGTGCAGATCGCGTGGAACCTGCCGGCCGCGCAGTACGGGCAGCTGCAGAAGGTGAGCGGCGTGCGGACGATCGCGCCGGTCGTCTACGTCTTCGATCACTTCGATTTCAACCTCACCCGGCCGATCTTCGCCGACGTGCGCGTCCGCCGTGCGCTGACGCATGCGGTCGACCGGCGCTCCCTGCTCGAAAAGGTGCAGCACGGCCTGGGGGAACTCTCGCCGACGTTCATGGACCCGACGCTCTACAAAGACGCCTACGATCCGACCGTGATGCAGTATCCGTTCGATCCGTTGAAGGCGAAGGCGCTGCTCGACGAAGCCGGCTGGCGCACCGGCGCGGACGGCGTCCGCGCCAAAAACGGCCAGCGGTTCGCGTTCGAACTCTCGGCGACGGTCGAATCGAACACCGCGAAGGCGATCCAGCAGCAAGTCATCTCCTATTGGAAAGCGATCGGCGCCGACGTCACGGTGAAGAACTACCCGACGACGCTCTACTTCGATCAGACCTCGAAGGGAACGCTGGCCGGCGGGAAGTTCGACGTCGCGATCTACGCCTGGTCCGGCGCCGCCGACATCGACCAGAGCGCGATCTACTCCGCGCACTTCATGCCGCCGCAGGGTCAGAACTATCCCCGCTGGCGCAATGCGCGCGCGACCGCCGCCATGGACGACGCAAACGCGACCGTCGATCAGGCGCGAAGGATCCGGGATTATAAGATCGTCCAGCAGGAGTTCGCGAAAGACGATCCGTCGATCATCCTGTGGTTCCGCCGGGACGTCACGTCGTACCCGGCGGCACTCAAGGGGTTCACCGCGACGCCGGTGATTACGATCCCGTTCTGGAATCCGTGGGCGTATCATTTCTAGCCGCCGGCTGAGCGCCGCGCTGCTCGGCGCGGCGCTCGTCTCGCTCCCCGCCGCACCGGGCGCACAAGAACCCGCGCGCCATCCGTGGACCGTGCCGCACGTGCTGCGCTACGCGACCGGGGAAGACATCGTCGGGCTCAACCCGCACCTCAACCCGCAAGTCACCCTCGCGCTGATGAGTTCGCTGACGATGGCGTGGCTCGTCCGTTACGA
NZ_AP025523.1_gap19	1082526	1084100	1574	CGCCGGCTTCACGCTGGCCGAGCGTCCCGAAGACGCCTCGGTGCTGATCCTCAACACGTGCACGGTACGCGACAACGCGGAACGGCGCGCCTACGGCCGGATCGCGCACTGGAAGGCGGTGAAGAATGCCGACCCCACGGTGAAGGTCGTCGTCACCGGATGCCTGGCGGAACAAGACAAAGACCGCATGCAGAAGATCGTCCCGCACGTCGACGGGATCTTCGGCACGCGCGAACTCGGTGCGCTCGGCGACGCGCTCGCCGGGTGGCGCGCGGAGTACCCCGACGACGCGTTCACCGTCGACCGCGAGATCGAGACGATCATGGGCGGTGCGGGTGAGGGAATCGCCGGCCCGTACGATTTCCTGCGCGCGTACGTCAACGTCCAGCGCGGCTGTTCGTACTATTGCACGTTCTGCATCGTCCCGCACGTGCGCGGCCGCTTCGACCACCGCCCGATGGGTGAGATCCTCGCCGAGGTCCGCGCGAAGGCCGAGGCCGGCGCGCGCGAGATCACGCTCGTCGGCCAGACCGTCAACGCGTACAAAGAGCCCGCGACCGGCGAAGATTTCGCGGACCTGCTGCAGGCGGTGTGCGCGATCGCGCCCGTCGAGCGCGCGACGTTCATCTCATCGCACCCCAAGGACCTCAACGAACGGCTCGCGCGCGTCTGCGCGACGCTGCCGAAGATGAACTCGCGCTTTCATCTCGCGCTGCAGTCGGGTTCCAACCCGATGCTGCGCCGGATGAACCGCAAGTACACGATCGAAGAGTTTCTGGAACGCGTCGGCACGTTCGCGCGCCACAATCCGTCGTGGGCGATCACGACGGACCTGATCGCCGGCTTCCCGGGCGAGACGGAAGACGATTTTCAGCGCACGCTCGACGTCTGCGCGACCAACATCTTCGCGCAGGCGTTCATGTTCGTGTACTCGCCGCGCCGTGGGACGCCGGCCGCGGTGTGGCACGAGAAGAACCCCGTTGACCCGAAGGTTGCGCAGGAGCGTTTCCTGCGCATGACGGCGGTGCAGGACGCGTCGTGCAGCGCCTATCACGAGCGCATGGTCGGGACGACGGTGCGCGCGCTGATCCACGGCGTCTCGCGCAAAGACAAGACGAAGCTGAGCGCCAAAACGATCGACAACGTCACCGTCAACTTCCCGGCGGTCGAAGCCGTTCCCGACGTCGCGCGGCCGTGGGCCGACGTGCGCATCGAATCGGCGTCGGTGTGGGGCGTTCGGGGGACGTGCGTCGGCCGCGCGGCGCGGTACGACGGGCCGGCCGACCCGGTCGCCGCGCCGGTGGTGGATCTGCTGGCCGTGTAGCGTGCGTTCTCCACAGGGAGGACGCGGCGTCCGCCGGGAAGCGGCGCGGATGAGATCACGGCTCGGATGACGACGGCCACCGCGTGGTCGCCGATGCTCGAGCAATATTTCGGGATGAAGCACCGCTATCCGGAGGCGATTTTGCTCTCCCGGGTCGGCGACTTCTACGAAGCGTACGGTGACGACGCGGAGACGATCGCGCGCGCGCTCTCGATCGCGCTGACGTCGAAAGAAGCGGGCGCCGGACGGC
NZ_AP025523.1_gap20	1087778	1090012	2234	CGTGCACGCGACCGGCCTGCTGGCGATCGCGGCCCTCGCCTGGACGCTGATCGCGACGATCCGGTTGTGGGCCGACATCGCCGTCGCGCGCCATCGCCTCGACGTCGAGGACAACCTGCTCGCGCGCCAGCTCGGCACGCGGGTCGACATCCTGAGCCGGGCAGCGATCACGCTCATCGTCATCGTCGCGGTGGGGATGATGCTGATGACGTTCCCGACGATCCGCACGATCGGAACGACCCTGCTCGCATCGGCCGGCGTCGCGGGGATCGTGATCGGGCTCGCGGCGCGGCCGCTGTTCGAGAATCTCGTCGCCGGGATCCAGCTCGCGCTCACCCAGCCGATCCGCATCGACGACGTCGTGATCGTCGAGAAGCAGTACGGCCGCATCGAGGAGATTTACTCGACGTATGTCGTCGTGCGGCTGTGGGATCTGCGCCGGCTCGTCGTCCCGCTCAGCTACTTCATCACCACGCCGTTCGAGAACTGGACGCGGCGCACGGCGAACCTGATGGGCGAAATGTACGTGTTCGCCGATTGGACCCTCGACGTCGCGGCGCTGCGCGCCGAGCTGCCGGAGATCGTCGCGCGGTCGCCGCTGTGGGACAAGCAGTTTCAGAACCTGCAAGTGACCGACGCGACCGAACGCGGGATGCAGATCCGCGCCCTCGTCACCGCGCGCAACTCCGGCGATCTCTTCGACTTACGCTGCGTCGTGCGCGAAGGGATCATCGCGTACATCCGCGAGCAGCAGCCTCACGCATTTCCGCGGCTGCGCGTCGAGGATCCGGAGACCACCGATGCCGCGCGCACGGCAGATGCCGTCCGCATCGCGGCTGCGGCGGCTCAGCCGGAGCCGGTGAAGGGGGACGTCTGACGAAGTGAGGGCGTCATGATCCGCGTCCTCGATGCCGAGACGATCGGCCAGATCGCCGCCGGAGAGGTGATCGAGCGACCCGTCTCGGTCGTGAAAGAGCTCGTCGAAAACGCCCTGGACGCCGACGCGACGCGCATAGCGGTGCGCGCTCGGGGCGGCGGCCTCGTCGAGATCGAGGTTGCCGACGATGGGATCGGCATCGCGCCGGATCAGGTCGCGCTCGCGTTGCGCCGCCACGCGACCTCGAAGCTCGACGACGCCGCTGCACTCACGCGCATCGATACGCTCGGCTTTCGCGGCGAAGGGCTGGCGTCGATCGCCGCGGTCGCGCGCGTTACGCTGATCTCGCGGACCGTGCACGCCGACGTCGCGACGGCGGTCGACGCCTTCGGTGAGGAGATCGGCGAAGCGCGGCCGCTCGCCGGGCCGCTAGGGACGCGCGTCGTCGTGCGCGATCTGTTCGCGAACGTCCCGGTGCGGCGCGAGTATCTGAGGTCGTCCGGGGCCGAGTTCGGGCGGATTGCCTCGTGGCTCGCGACGCTCGCGCTGGCGTATCCGCACGTCGGCTTCTCGCTCGAGCACGACGGGAAAACGGCGTTCACGTTCGCGCCGGGCGACGACATGGCGGCGCGCCTGCGCCACGTCTTCGGGATGCAGTCGTCGACGATGGTGCCGGTGCGTTCGCACGAACGTCACGCGGCCGTCAGCGGCTGGGTGAGTTCGCCGGGCGACGATCGTCCCGACCGGCGCAATCAAATCCTGTTCGTGAACGGTCGGCTGCTGCGCAGTACGCTGGTAAGCGGCGCGTGGTCGGCGGCGTACCGCACCTTCGCGATGGTCGGCCGCCATCCGTACGGCGTGCTCTACCTGCAGGTCCCGCCGAACGAACTCGATCCCAATGTCCACCCGACGAAGAGCGACGTGCGGCTGCGTCACGGCGATCGCGTCGTCGGTGCCGTCAAGGACGCGATCGTCACCGCGCTGCGGCGCGGCGCCGTCGAACGCCTCGAGCGCTCGATCTCGTTCGCGCCGTCGGCGCACGCCCTCGGCGGGGCGACGGCAACGGCGGCGTGGGCCGAGTCGTTTCTTCCCGACGGCGACGCCGATGCCGGCGGATCCGCGCTGCGGGTGCTCGCGCAGGTGGACCGCACCTTCATCCTCGCCACCGACGGCGACGCGGTCGTGCTGATCGACCAGCACGCGGCGCACGAACGCATCGTGTTCGAGCAGCTCGCCGCGAATGCGCGCGCGCACGCCGCCGCCGAACCGCTGCTGATCCCGTACACGTTCGAAGTCCGTCCCGACGAGGCGGACAAGCTCGATGCGTCGCTCGACGCGCTCGCTGCGGGAGGCCTGC
NZ_AP025523.1_gap21	1098823	1102719	3896	TCGCCGGTCTCGCGAAAGAGAACGAGTGGCTCTATCTCCCCGGCAACAGCGAGCCGATCGTGCTGCCGCCGAACTCGGCCGGGTTGCATCTGGTGATGCGGATTCGCGACGAAGCGCATCGCTTCGCGATCGCGCACCACCGCAGCAAACGCGGCAAGGCGATGACGAAATCGGTCCTCGACACGCTCGCGGGGGTCGGGCCCGTGCGCAAGAAGCGTTTGCTGGCGGCGTTCGGTTCGGTGCGCGCGATCCGCAACGCGTCCGTCGACGAGATCGCCGCGGTGAAGGGGATGACGCCGGCGCTCGCGTCGCAGGTGAAAGAGGCGCTGAGCCGCTGATCGCGCGCGCGACCGCGGCTGCTACGGGGCGCTCGCGGTCCCCAGGGGCTCGATCGCGTCGATCATCTCGATCGGCAGCGAGATGTCCCGTGCGTCTCCGCGAAAAAAGGCGGAGATCGCGGTCGGTCCGAGGATGTCGGTGCGGAACTCTCCGGTGTGCACCGAGCCGTCGGAGAGCCGGATCCGGACGTGGCCGGCCGCGCGGGGCAGAAACTCGTCGATCGCCATGGCGCGACTGTACGGCCTGAACGAGGGTCGGGGCGGTAGCACAGGTCACGCGGCGGGCGCACGCGCCGAGCAAGGAGAACCCTGACGCATGGGCTTCGTCATCAGACTCGTCGTCAACGCCGCGGCGTTGCTCGTGGTCGCCTATCTGGTCCCGGGGATCCACGTCTCGGGGTTCGTCGGCGCGCTGATCGCGGCGCTGATCCTCGGCATCGTCAACGCGGTCCTCAAACCGATCCTGGTGCTGCTCAGCCTTCCGCTCGAGATCCTCACGCTGGGTCTCTTCACGCTCGTCATCAACGCGCTGCTGTTCTGGCTCGTCGGCGCGATCGGGTTCGGGATGCGGGTGGACGGCTTCTGGCCCGCGTTCTGGGGCGCGCTCGTGATGTCGATCGTCTCGTGGATTCTCTCGGCGATCACCGGCGCCGACCGGCCCGCGCGCACGCGCGCGTAACCTTGGCGGCGGCGCGCGGTTCGTGATCTGACGGTGTTCGATCCGTATCCGTTCGCCCGTCCGTTCCTGCACCGTCTCGATCCCGAAGACGCGCATGCCGTCACGCTGCGCGCGCTCGAGGCGAACGTCGTCCCAGGCCAGCCGCGCGATGTCGATCCGATTCTGGAGACGACGCTGTTCGGCCGCCGCTTGAGCAACCCGGTCGGTCTCGCCGCCGGCTTCGACAAGAACGGCCGCGTGTTCGAGCGGATGGGAACGCACGGATTCGGATTCGTCGAGGTCGGCGGCGTGACGCCGAAACCGCAGGCGGGGAATCCGCGGCCGCGGGTTTTCCGGCTTCCGGAAGACGGCGCGGTGATCAACCGGATGGGCTTCCCCAACGGCGGCGCGGAAGTGCTCGAAGGCCGTTTGCGTGCGAAGCGCCGCCCGGACGATCTCGGGCTGGGGATCAACCTCGCCTCGAATGCCGACAGCGCCGATCCGGCCGCGGACTTCGTCGCGCTCGCGAGCCGATTTGCGCCCTACGCCGACTACCTCACGCTCGACGTCTCGTGTCCCAACACCGTCAACGGACTGGAGTTTCTGGACCCCGAGCGGCTGGCCGACCTGCTGGCGCGCCTCGCCGCCATCGCCTGGCCGGTCCGTCCCGCGCTGGTCGCCAAGCTCTCGCCGGATATCGACGATTCCCTGCTCCAGCGGATGGTCGCGGTGCTGCTCGAGGCGCGCATCGACGGCATCATTGTCGCGAACACGACGCGCGCGCGACCGCCGCTGCGCAGCAGCTATGCGCGCGAGGCCGGCGGTCTTTCGGGCCTGCCGCTGTTCGCGCGGTCGACCGCGATGCTGGCCCGGGTGCGCGAACTCGCCGGCCCGGCCCTCATGCTGATCGGCGTCGGCGGCATCACGAGCGGGGCCGACGCCTACGCGAAGATCAGGGCCGGGGCGACCGCGGTCCAGCTCTACACGGGGCTCGTCTACGGGGGGACGGCGCTGGTCACGCGGATCAAGCGCGAGCTCGGCGCGCTGTTACGGCGGGACGGGTTCGCCGGCGTCGCGGAGGCCGCCGGGGCAGGAACCTCGGCGTCTCCAGCCGTGTTATAGGAGTGCTAGTCCACCACCGGACTCGCTCGCGGGGCTGAGTAGTCTCGACGGGAAGATCCGTGGCTGACGTAAGCAGGCGGAGCTGTGAGCCCTCCTAAAACGATCACAAGCGTTTTACACGCGAACAACGAATACGCTCTCGCTGCTTAAGCTCAACACTTAACAGCGACCGTCCGCGGGGGGTAGCCGGATCCACCCTGCAGGCGGTCATGAAGTCCGGCTAGGATGCGGAGAACGTCTCGAGAGGCATCCGAAACTCAACTGAGACTGCTGTGCGACTGATTCCTGTACCGAGAAGCTGACGCACTCAAGACAAAATCGGTGCTGAGCCTGGAGAAAGCGGCAGTCCGGCTTTTCGGACCCGGGGGGCGGCTCCCCGGCAGCTCCACCAGCGTCCGAACGCGCCCCGATCTTCGGGACGCGTTTCTTTTTCGGCGCTTCAGGACTTCGGGTGGGCGGGCAAGAGGTCGAGCCCACCACAGTGGAATAGAATCGCCGCTGCAAATCGGCCCTCATTGCGATAGCCGCGCGCGCGGAATTTGATCATTTGGATCTTGCTGTTGAGGCTCTCGGCTGCCGCATTGGTGATCGGCTTGCGAATGTACGTGATGATGTTCGCAAAGTGACGTTTGAGCGTGCGCGCGACGCTGATCATTTCGGGCAATTGAGAGTGCGTCGCCCACCGGTACCAATCGGCAAAGAAACGACGCGCTGCGGACTCACGCCGATATCGCCAGAACTCCGTAAAGTGCTCCTTCATCGACCACGCGCGGCCAAGGCGTTTGTACTGGCTCCGCAAGGCGCTCAGATCACGTCGTTCGTCGCGGTCGAGATTCGCAAACGAGCGCAACCAGGAATACTTAGTCCCTTTCAATGCCGTTCGGTCGAGCGTCTTGTCACGCATCATCGCTCGACGAGTGAGATCGACGGCTTTGGTGAGATATGCCGTGATGTGGTACTTATCGAAGACGATCTTCCGTGCCGCATCGGGCACGTGTGCTACGGTCGACTCGAAGTACGGCTGCCACATATCCATCGCGATGCCCTCAATGGCATGAAGTTGTTCGTGCGAAAGGCCGTCGTAGAAAGCGTCAATCGATTCGCGCTTGCGACCGCGACCGACCCACAGGACCTCGCCGCGGTCCAAGTCGGACACGATCGTGAAGTACCGATGCCGCTTTTTGACGGCCTTCTCGTCGATGCCGAGATGCCGCACAAGACGTGGCAGTCGCCGCTGCTTACCGCGCTCGACCGCCCGGAGCATAATGGAATCGACTTGCTCCCAGCTGATGCCCAAGCGACGCGCGACCGCCGCGACGGACATCTCGAGTAGGAGGGCGATCGCCAAACGCTCGAAGCGCGACGTAAACTCGGTGCGACCGCTTGACCAGGGAATCGCAACGGTCGTGACGCCGTGCTCGGGACAATCGATCCGGGGTACGGAGGCGTGCAAGAAAAGTTGGTCGCCGGCCAGATCGAGGTCACGCCAGACGCGCTCGCGATGATCGTGCTTGGGGCACTCCCGATCGCATTTTGGACAGCGACCCACGCCTTGCCATTCAAGCCGAACATCGACCCGATTTCGCTCGAGATCGAGCTTTGATTCGGTCACGTCCCAAGGATCTTCGACGCGCAGCAACCCGCGGATGAATTCGGTGTCTCGCATGGCGTAGCATTACGACGGCCGACCGATTTCCTCTCGCCCGCCCACTACAAAACCGGAAGACCCTCTTTTTCAACGCGATTCGCGAAGCGCCGAGATGCGTCCGAGGACGGCC
NZ_AP025523.1_gap22	1112539	1113763	1224	AATGCAGCCGCGATGCGACGACGCCGCAGAACGTCTGCACGACGTCGGGGTCGCCGTGGACCGCGTAGACACGCGGTGACGACGACAGGGTGCCGAGCCAGCGGAGCAGTTCGGCCTGGTCTGCGTGTGCGCTGTATCCGGCGAGGTTGACGATCGCGGCCTGCACCCGCAGCATGTCGCCGAAGATGCGAACCTGCCGGCATCCGTGCACGAGCAGGTTGCCGAGCGTCCCCGGACTCTGATAGCCGCAGACCAGGATCGTCGCGCGCGGGTCGCCGAGATGATTGTGCAGGTGGTGCAGGATGCGCCCTCCGGTCGCCATCCCGCTCGATGCGATGACGATGGCGGGCCCCTGCAGCGCGTTGAGCTGCTTCGATTCGTCGGTCGTCACGTACACCTGGAGGTTGCGGCAACCGAACGGCCCCGGCGACTGCGGGATCGGTTTGTGCGCGTCCGGGAACTGCGCGAAGAGCGCGTCCACTTTGATCGCCATCGGGCTGTCGAGGTGCACCGGTACCGCAGCGATCGCGGGATTCGTCCCTTGCAGGACGCCGATCGACAGCAGGATGTCTTGCGTTCGCTCGACGGCGAACGCCGGGATCACGATCGTGCCGCCGCGCGCGATGCCTGCCGCGAGCGCGCTCTCGAACTCGCCCAGCGGGTCGGCCGGGTGAACGCGGTCGCCGTATGTCGCTTCCATCACGACGACGTCGGCCGTGTCGAGCGGCGCCGGGTCGTCGAGCAGCGGCCGTCCGTAGCGGCCGAGATCGCCGGAGAAGATCACGCGCGCCCCCTCGACGTGCGCGTCGACGAACGCGGAGCCCAGGATGTGCCCGGCGTTGCGGTACCGCATGGTGACGCCGCACACGTCGAACTCCGTCTCCAGCGGAACGGTGCGCAGTTGGCGCAGGACTTGGGCGACGTCGTCCTCGTCGTAGAGCGGCGGCAGCGCGCCGGCTTCGCGGTGATAGCCGCGGTCGTGCAGATGCGTCTGCAGATGCGCGGCGTCCTCGAGGACGATCTCGATGAGCCCCGCCGTCGGCGGCGTGCAGAAGATCGAACCGCGATATCCGTCGCGCACGAGTTTGGGAAGATATCCGACGTGATCGAGGTGGCCGTGGGTGATTGCGACGGCATCGACGTCGCGCGGTGCGATCGGAAGCGGCGCGCTGTTGAGCGCGGTGACGTCGGCGGTCCCCTGAAACAGCCCGCAATCGACGAACA
NZ_AP025523.1_gap23	1116903	1119963	3060	TTCCGAGGTCGCCGGCGATCTCGTCCTCGAAGACCAGCAGTTTCGCGCCGGCGTGCGCGCCGTCGAGCCGCGTCACCAGCGCGACCGGCACGTCGCCGTGCAGCGCCGCCCGCAATCTTTCGAAGATCACCAGTCGAGCCGCTCCACGAAGACGTGGATCGTCCCGCCGCAGGTGAGCCCCACGGAGATCGCCTCTTCATCGCTGATCCCGTAGGTCACCAGGCGCGGCCGCCCGGTCGCGATCGCGTCCTGCGCCTCCTCGTACACGGCCGATTCGACGCAGCCGCCGCTCACCGAGCCCGCGACGTCGCCGCGTTCGTTCACGGCGAGCGCGGCGCCGGGATCGCGCGGCGCCGACTGTTCGACGCCGACGACGGTCGCGACGGCGACCCGCTGTCCTTCGCTGCGCCAGCGATCGATCGTGTCCACAATGTCGATCATGCCGAAAGTCCTTCGATCGCGTCCGCGACCGCATCGAGTGTGCGCAAGTTATGACCGGAGACGAACGCGTCGAGATGCGGGAGCGCCGCCGCCATCCCGCGCGCGAGCGGCTCGTACGCCGGATGGCGTTTGTGCGGGTTCACCCACACGATCCGCCGCGTCAGACGGCGCAGGCGGCGCATCTCGGTTTCAAGCCGTTCGGGATCGTCGCGTTCCCACCCGTCGGAGAGGATGACGACCGTCCCGCCGCGCGCCGCGCCGCGTTGCGCGTAGCGCTGGTTGAACGCGTGCAGCGCTGCGCCGATGCGCGTTCCGCCGCCGTAGTCGCGCACCGTCGCGCCGATCGCCGCCATGAGCCGGTCGTCCGAGGCGCGCCGCAGGAGCGGCGTGAGATCGGTCAGCTGCGTCGCGAATGCGAACGCCCGAACCCGCGGGCGCGCTTGAGCGGTGACGCGCGCGTAGTGCAGCAGCGCGCGGGCGAACGGTCCCATCGATCCGGAGACGTCCAGCAGAAAGACCAGCGGACGCACCGTCGTGCGGCGCGCTGTCGCACGGCGGCGGATCAGTTCGCCGGCGGTGCGCGACGCGCCGCGCAGCGTGCCGCGGAAGTCGAACCGGTCGCCGTGCGGGTGCCGGCGGCGCCGGCGTGAGGCGCGCCGCTCCGACGCGATCCGCACCCGCCGCATCAGCCGGAGCATCGCCGCGCGCTCGGCATCGTCGAGTTCGTCGAACGGCCGCTCCGAAAGCTCCTCGTCGCGCGCGGCGAGGATCCATTGGATCGGCGCGCGCTCGGCCTCGCGCTCGCGGGCCTGCTCGCTCGACGGCGGCGGCGGGAGCGACTCGCGCTGCGGGCGGTCGCGGCGTTCGCGCGGCGGCGCATTGACGGCGCGCACCAGCCGGTGCAGCGCGTCGGCGTCGTCGATTGCGCCGAAGAACTCGACGAACGCCGCATCGAATGCGTCCGCGTCGTCGACCGCCGGCAGCATCGCTGCGCGCGCGCGATGGTAGAGCGCGCGCATCGACGACGGGGGCATCAAGTGCAGGACCTCGGCGAACGTCTGCGCGCGGCGCGTCCCGGCTGCGACGCCGCGGGCGCGCAGCGCCGCGTCGAAACGGGCGGCGACGGCCGCGATCTCGCTCACGCGACCCCGTCGGCGCGCACGGCCGCGACGATCGCTTCGGCCGCCGCCCGCGCCGTTTCGATATCTTCGGGATACTTCAGCACGGCGCCGAGCGAGCGCTGGAACGAGGCGTGATCGAGGCGGTCGGCGCCGAGCAACTGCAGGGTCTGCGTCCAGTCGAGCGATTCCGCGATCCCGGGCGGCTTGCGCAGATCGCGCTCGCGCAGCGCCGCCGCGGCGCGCGCGACGTCGGCGGCGAGCGCCGGGGGAGCCTCCGGGACGCGCATCCGCAGGATCGCGATCTCGCGGGAGATCGTCGGGTGCGCGATCCAGTGGTAAAAACAGCGCCGCTTGAGCGCGTCGTGCAGGTCGCGGGTACGGTTCGACGTCAGCACCACGATCGGCCGGTGGCGCGCGGCGATCGTCCCGCGCTCGGGGATCGAGATCGCGAAATCGGAGAGAAACTCGAGCAGAAAGGCTTCGAATTCGTCGTCGGCGCGGTCGATCTCGTCGATCAGCAGCACGATCCCGCGCTCCCGGGGCGCACCGAGCGCGGCGAGCAGCGGCCGGCGGATGAGAAAGTCGTCGGCGTACAGGTCGGGGGTCCGCTCGTGCGCGGCCTCGGCGGCGCGGATCGCCAGCAGCTGCTTCCCGTAATTCCAGTCGTAGGCGGCGGACGCCAAATCGAGACCTTCGTAGCATTGCAATCGCAGCAGTTGCGCGTCATGCACCGCCGCCAGCGCGCGCGCCGCATCGGTTTTACCGACGCCGGCGTCGCCCTCGAGCAGCACGGCGCGTTCCAGGCTGACGGCGCAGGCCAGCGCGGTGGCGAGGCCGTCATCGGCGACGTAGCCGGCGTCCAGCAAGCGCTCGCGGAGATCGTCGACGTCGACGGGCTGCGGCATGGCATTCGGCGATTCGCAGGAGAGCGCGCAGACCCTGGACCGGCTTTCCTACTTTCCGGTCAGAAATCGGCAAGGAGATTCGTCTCGTCCACCGGTAGCGTACCGGCCCGCGTACTCAACGGAGAGGGTTGCATGCAGATCGATCTCACCGTCAACGGGAAGCGCACGTCGCTTGATGCCGAGCCGCGGCTGCTGCTCGTGCACGCGTTGCGCGACCGCCTCGGACTGACGGGAACCCATGTCGGTTGCGATACTTCGAGCTGCGGCGCGTGCACCGTGCTGCTCGACGGCGTTTCGGTGAAGAGCTGCACGATGTTCGCCGTTCAGGCGAGCGGACACGACGTCACGACGATCGAGGGGATCGGCGACGCCGACGAACTCCATCCGATGCAGGAAGCGTTCTGGACGGCGCACGGCCTGCAGTGCGGGTACTGCACCACCGGAATGATCGTGAGCGCCGTCGACCTGCTGCAGCGCAATCCCGATCCGAGCGACGACGAGATTCGCGCCGGGCTCGAAGGGAATCTCTGCCGCTGCACCGGCTACGAGAACATCGTCAAAGCCGTGCGCGCCGCCGGAAAAGCGATGCGCGA
NZ_AP025523.1_gap24	1213769	1215742	1973	GATCGAAGTGATCGGCGGGATCGGCATCGGTCCGCGTCCGGGCGGCGGCCGTTGGCGCGAGGTCTCGATCCACGAGAACGCCGGCGCCGGCGTCGGGATGGACCTCAACCCCGGCGACAAGGTCCGTCATCCGAAGTGGGGCGAGGGCACCGTGGTCGACGTCGTCGGCGCGGGCGGCGACGGCCTGCTGACGATCAACTTCCCGAACGTCGGACAAAAGATGGTCATGCTCAAATACGCGCCGCTGGAGAAGGTTTAGAGCCCGGCGGTGTCAGCAATGCGCGTCGGGGTGGCCGGCGCGCTCGGGAGACTGGGGCGCGTGGCCTGCGCCGCGATCGAAGCGGCGAATGAGATGACGCTCGCCGCGGTGTACACGCGCCGCGGCGATTCGCCGTTGCCGCACGTACACGGCTTCGAAGACCTCGATGCGTTCGTCGCCGCGGGGCTCGACGTGATCGTCGACTGCACCGTCTATCCGGCGACCGTCGACGTCGCGCGTGCCGCGCTCGATTCCGGGATCTCGCCGGTGATCGGTGCGACCGGCTGGACCGACGAAGACCTGCTCGTCCTCGCCGACCGCTGCGACGACGCCGGGATCGCAGCGATGTTCGTGCCGAACTTCTCGTTCGGCGCGGCGCTGATGATGCGGTTCGCGGCGCAGGCGGCGCGCGTGATGCCGCGGGCGGAGATCGTCGAACTCCACCATGAAACGAAGCGCGACGCGCCGAGCGGGACGGCGAAGCTGACCGCGCGGCGCATCCACGACGCGGGGGCGCCGCTGCCGGCGATTCACAGCGTCCGGCTGCCGGGGCTCGTCGCGCATCAGGAGACGATCTTCGGCGGGATCGGCGAGACGCTGACCCTGCGCCACGACTCGCTCGCGCGCGACTCGTTCGGACCGGGGATCGTCGCCGCCGTGCGCGCCGTGCGCACGCAGCCGCCGGGCTTGACCGTCGGTCTCGACGCCGTCGTCGAAAGGATGCTCGCGTGAACCCGGTGCTCCTCGCATGAAGCTCGGACTGATCGGCGCGACCGGCGTCGTCGGCGGAACGATCCTGCGCGTGCTCGACGAGCGCGAGATCGCCGTCGACGAACTGCTCGCCTACGCGTCGCGCGATCGCGCCGACGGGCTAATGTTTCGCGGGCGCACGGTCTCGGTCGTCGCGGCGACGCGCGAACGTCTGCTCGCCGACCGGCCCGACGTCGCGTTCTTCGCCTCCAGCGACGACGCCAGCGCTGAGCTGGCGACGGCGCTGGTCGACAACGGCACGGTCGTCATCGACAACACCTCGACGTTCCGGCTCGCAGCCGACGTGCCGCTGGTGATCCCCGAGGTGAATCCGCATGCGGTCGGGCCGGAACACCGGCTGTTTCCGGTTGCGAACTGCACCGCGATCGTGCTTTCCGTCGCGCTCGCGCCGATCGAACGCGCCGTCGGGCTGCGCAGCGTGCGCGTCGCGACCTATCAGGCGGTGAGCGGTGCGGGCCGCGCGGGGCTCGACGCGCTCGCCGCCGAGGAACGCGGAGCGACGCCGAACGGGACGTTCGCGGCGCCGATCCATCACAACGTGGTCCCGCAGGTCGGATCGTACGACGGCGACGGCGATACCGGCGAGGAGCAGAAGGTCGTGGCCGAGACGCGCAAGATGCTCGACCGGCCGGACCTGCGGATGGCCGCGACGACGGTGCGCGTCCCGGTGATGCGGGCGCATTCCGAGGCGGTCTTCATCGAGACGGCGCGCGCGACGTCGGTCGAGGAACTGCAGAGCGCGCTGCGCGGTGCGCCCGGTGTCGTGCTGCACGAGCGCGGGATCGTAACACCGCGCGACGTCGAAGACACCGACCTCGTGCACGTCGCGCGCCTCCGCCCCGAACCCGACGATCCCTCGCACACGCTCTTCCAGCTGTGGGTTGTGGGCGACCAGCTCCGCAAAGGCGCCGCGACCAACGGCGTGCAGATCCTAGAACTGCTG
NZ_AP025523.1_gap25	1222857	1226032	3175	TCTTTGCGCGCCCTGTCGACGACCGCGCGGATCCTGTCGAGCGTCGCGTCGTCGGCCCCGCGCGCGCTCATCACCGCCGCGCCGAGTTTGAACGCGGCTTCCTTGAGCCGGTGGCGCGGGTCGGGTTCGCCGTCGCCGTCGTCGGGGTCTGCGCCTTCGCTCGCGCGGTTCGTCAGCAGCTCGCGACCGCTCTCGGTGATCGTGTAGACGCGCTTGCCTTCGATCTGCTCGGAGGTCACGTAGCTGCCGTCTTCGAGCAGTTGGAGGGTGGGGTACACGGAGCCCGCGCTCGGGCGGACACCGCGACGTTCTTCGATCCAGCGGATGATCTCGTAGCCGTGCTTCGGGCCTTCCGCGAGCATCTCGAGGACCAGGTACTTCACGTCGCCGCGCCGCTGCCGGCCGCCCCAGCCCGGTCCCCAGCCGCCGCCCCACGGGCCGCCGCCCGGCGGACCCCAGGGCCGGCCGCCCCGGCCGTGCCCGTGCCGGGAGAATGCCCGGCGCATCATCAAATTCATCATATCGCGATACTATAACGATATATCGTTTACGTAAACCCCCTCGCGATCACGCGGGCTCAGCGTGACAGCGTTGACAACTGTTAAGCGCGGGACGCAGTCTAAGATGGCATGCAGCGATTCGCGGACGACCTTCGGTCGGCGATGGCGGCGGCCGAGTTGACCTCGGCCCAGTTGGCCCAGCGGTCCGGCCTCACCGAGGCCGCGATCTCGTTGCTGCGCAGCGGCCGGCGGGAGCCGTCGTACCGGACGATCCGGTCGCTCGCTGCGGTGCTGCCCGTCCTCGGGCGGCGGCTCGACGCAGAATGGAGTGCAATGGACTCGATCGAGTCGGCGATCGCCGATATCCGCGACGGCAAGATGGTCGTCGTTCTCGACGACGAGGATCGCGAGAACGAAGGCGACCTCGTGATGGCGGCCGAGAAGGTTACCCCCGAAGCGGTCAACTTCATGCGCAAGGAAGGCGGGGGGCTGATCTGCGTGCCGATGACCTCGGAGCGGCTCGACGCACTCCAGATCCCGAACATGGTGAACGACAACACCGCGCCGCTGGGTACCGCGTTCTCCGTCTCGGTCGAAGCGCGCGGACGCGTCACCACCGGCATCTCCGCGCAGGATCGCTCGAACACGATCCGCGCGCTGATCGACGAGTCGTGCGGACCCGCCGATTTTCTGCGGCCCGGCCACACCTTTCCGCTGCGCGCGCGCGAGGGCGGCGTGCTCGTGCGCGCGGGGCAGACCGAGGCGTCGGTCGATCTCGCGCGGCTCGCGGGACTCTATCCGGCCGGCGTGATCTGCGAGATCATGGACGACGACGGCTCGATGATGCGCAAGCCGCGGCTGGAAGCGTTTTCGAAGAAGCACGGCCTGCGCATGATCACGGTGAAGGATCTCATCGCGTACCGGATGCGTCACGAGAAGCTCGTCGAGCGGATCGCCGAGTTTTCGCTGCCGACGGCCTACGGCGCGTTTCGCGGCGTGGCGTACGAGTCGAAGACCGACAAGATCGCGCACGTCGCGCTGGTGATGGGCGAGATCGGTGACGGCAAAGGCGTGCTCGTGCGCGTGCACAGCGAGTGCCTCACCGGCGACGCCCTGCACTCGCTGCGTTGCGACTGCGGACCGCAGCGCGACGCCGCGCTCGCCGCGATCGCGCGCGAAGGACGCGGTGTTTTCCTCTACCTGCATCAGGAAGGCCGCGGGATCGGCCTCGCCAACAAACTGCGCGCGTATGCGCTGCAAGATGCCGGCGCCGACACGGTCGAAGCGAACGTGCTGCTGGGGCTGCCGCCCGACAAGCGCGACTACGGCATCGGTTCGCAGATCCTCGTCGATCTCGGCGTGCGCGAGATGCGCTTGCTCACCAACAACCCGAAGAAGATCGCCGGGCTCGAAGGCTTCGGTCTCACGATCGCCGAGCGGGTCCCGATTCAAATCGCGCCGACGCCGTTCAACGTCCATTACATGGAGACGAAGCGCGACAAGATGGGCCACATGTTCGGCGCACCCAATCCGGTGGAAGCATGAAGACCGAGAAGGCCCACGCGCTCCCCGACGCGAGCGGCAAGAGGTTTGCGATCCTCGTCGCCGATTTCTACGCCGATCTCGCCGCTCAACTCGAAGACGGCGCGCGGCGCGCGCTGCGCGACTGCGGCGTCGCTGCCGATGCGATCGAGACGGTGCGCGTCCCCGGCTGCTTCGAGTTGCCGATCGCCGCGCGGCGCCTCATCGCGGGCTCGCAGCTCGACGGCGTGGTCGCGCTGGGCGTCGTGATCCGCGGTGACACTCCGCACTTCGACTTCGTCGCCGGGGAGTGCGCGCGCGGGATCATGGACGTCATGCTCGGCAGCGGGATCCCGATCGGATTCGGCGTGCTGACGACGGAGAATCGCGCCCAGGCCGAGGAGCGCGCCGACCCGGCGCGCGGCGACAAAGGGTACGAGGCCGCGGTCGCGGCGGCCACCGTCGCGACGATCGAGCCGAAGCGCGAGACGGCCCGGGTCGGGTTCCGCTAGCGCGCCGAGGGAGCCGCACGTCGACCGCTCCCTCGGGCGATTGCCAAGAGACCCGTGCTACCGTATACTCCCCCCTACGACGCAGCCCTAGGCGGCGCCGTGTTTCTCATCCGCTACCCAGGGGGGCCAGGGCGGCTGACCGTCCGGCCGAGGTCGGTGTATCAGAACAGAGTTTTGACCTGTAAGGACTGCGGCAACACGTTCGACTTCACGGTCCGCGATCAGATGTTCTACGCGGAGAAGGGGTTCGAGAACGAGCCGCAGCGGTGTCGCGACTGCCGCGCTGCGCGCAAGTCGCAACGGACGAACGGCATGGGCGTGCCGTCGTCGACGGCCGGTTTGCGCGAGATGTTCGACGCGGTGTGCGCGCAATGCAACGCCGAGACGACTGTGCCGTTCCGTCCGCGCGGTGACCGCCCGGTGTACTGCCGCAACTGCTACTCCGCGATGAACGCCGTGCGGGCGTAGCCTCGTCCTGCGCCGAATCCGCGGGTGTGGATTCGGTCTGGTACGACGGCGACGCCGTCGGATATCTCGATCAGCGCGCGCTCCCGCGCGAGGTCGTGCGCAAGCGCGCCCGGAGCGTCGACGACGTCGTCGACGCGATCGCGACGCTTGCGGTGCGCGGCGCGCCGGCGATCG
NZ_AP025523.1_gap26	1320632	1321358	726	CTCGAACGGGGAGCGCGCGTGATGGCGACGACGCACGCGACCGAGTTGAAACTCTTCGGCGCCGGCCATCCCCACGTCGCGAACGCCAGCGTGCGCTTCGACCCCGAAACCTACGAGCCGACGTACCAGCTCGACGTCGGGTCGCCGGGCCAGTCGCTCGCGTTCGCGCTCGCACGCCGGATGCGGCTCGATCGGCAGGTCGTCGCGCGCGCCGAGGCGCTACTCGGATCGCAGGAGCGCGATTACGAACGCGCGCTCGCCGAGGTGACCGAAGAGCGCATTCGCGCCACGCGTGAGCGCGAAGAGCTGGCCCGCGAGCGCGCGCACCTGCGCTCGCTCGAAGACAATGCGCGCCGCCGCGGCGAGACGCTCGACCGCGAACGCCGCGAACTCGCGAAGAACGCCGACGCGCGTCTTGCCGAGGCGCTGCGTCAGTTCACGGCCGAGCTGGAGAAGCGCGCGGCGGAACGCGGCGAACGCGCGGGGCGCGCGCCGAAGGTGACGCAAGGCCAAGCCGACCTCCTCGCCCGTACGCTCGACCAAATGCACCGTGACCTCGGCCTCCCCCGTCACCCCGAGCGCGTCGACGGGCACGGTCACGCTGAGCTTGTCGAAGCGCAGCGACCGCTCACCCCCGGAGACCGCGTCCACGTCACCTCATGGGACCAGGACGGCACCGTCATCGAAGATCTCGGCGAAAGCGTGCTGGTGCAAGTCGGCGCGATG
NZ_AP025523.1_gap27	1460404	1461543	1139	CCGCCGGGAGGACCGCGGCGATCCGCTCCGGCGTATCGACGGCCTCGACCACCATCGGCAGATCGCTGCTCAAGTCGAGGATCCGCGCGGCGTGGACGGTCGCGTGACCGCCGTACCCCTCGACCCCACGTAGCACGGTGGCGCCGGCGATTCCGGCGCCCTTGAGGCATTCGACGAGGGCGGCGTAGAGCGGGCGATGGCCGGCGCGGTCGGCCTCGCCGATCACGACGCGCAGCAGCTTGGCCGGTCCGGCAAGGGGCACGCGCGCTGCTTCGGTGGACACAAGGCCGACCCTGTGATAAACTCCATATTCGGAACGGACCCCGCGTCCGTTTTCTTCATGTTTCCCGGCGTCCCGGAGCCCACCCGAGAACACCACGATGGCGAAAAAAGAGACCCGCGTAATGGTGACGATGGCCTGCACCGAGTGCAAGCGTCGCAACTACAACACGTTCAAGAACAAGCAGAAGACCAGCGACCGGCTCGAGTTGAGCAAGTACTGCCGCTGGTGCCGCTGCCACCGCGCCCACCGCGAAACAAAGTAGTTCTTTTCTCCGCAATTGCCGAAAATCGTCTCGACAATTTCCGAACACCGCAAAATTCGTCTTGACGATTTTCGGTACGGCTTCCGCAAAGCGGAAGCCCATAGGGCGGTAGCTCAATTGGTAGAGTTGCGGTCTCCAAAACCGTCGGTTGCAGGTTCGAGTCCTGTCCGCCCTGCCACATTTCTGCGGTACAAGGTAGTATGAAGTCCAACCCTCGACCCGGTACTCCCGCACAAACGGGCGCAAGCCGCACCCCGGCCGGCCGGCCCGCGGCGACCCGAGCCACGACGCCCGCGCAGCGCGCGGCGGCGAACGTGCGCACGCAGGATTTCGTGCGCGGCGTGATCGCCGAGATGAAGCGCGTGACGTGGCCTTCTCGCGACGAGTGGGTCAGCGCGACGCTGCTGACGATCGCGCTGGTCGTGGGCGTCGGCTTGTTTACGGCCGGCTGCGATTGGCTCTTCGGCGTGATCTTCGGTTGGCTGACCGGAGGATCGCGTTGATGGATCAGGATCAAGCATCGGCGCTCGTCACCGAAGACGAGTCCGTGCCCGCGGCGCCCGCACAGAAGAAGCAGGACGATCGCAAGAAGTG
NZ_AP025523.1_gap28	1645359	1647460	2101	CTGCGTCATCGGCGACGTCGCCGGCCATGGTCTCGAGGCGGCGGTCTCGATGAACCGTGCGCGGCAGGCGCTCGTCACCGCCGCGGTCCAGGATCCCGATCCCGGGAACTTGCTCGCGCGTGTCAACCGCGAACTCATACGGCAAGACGCACGCATGGTGACGGCGGTCTGCGGCTTCGCCGACGCGAGGCGGTACGAGTTCGTCTATGCGACCGCGGGTCATCCGCCGCCGGTGCTGATCGAGCCCGGCCGTCCGCCGCGCCTGCTCGAGTTCGGCGGCTTGCCGCTCGCCGTGAGCGAGACGGCGGCGTACCGGACCTCCACGATCCAGACGGTGCCGGGCGCAATGCTCGTCCTCTACACCGACGGTGCGGTCGAGCATTCGCGCGACGTGATCGCCGGAGAACAGACGCTGCTCGACGCCGTATCGCGCGCGCTCGACAACGAAACGCCCAACATCGCGGCCGCGATCCACGGGCACATCTTCGACGGGCGCGTGGTCGGCGACGACGTCGCGATCCTGACGGTCGCGTTCGCCCCGGAGGGCACGACTTCGGGTGCGCGAGTCGCGAGCGGGGCGATCGTCGCGGCCGGTGCGCGCAGCAACGACGGGACGATGACCGGAACCGTCGTCTCGATCAACGATCTGCGGCGCGCGTCGTGAGCGGAAGATCGTCGCTGACCGTGATCGCGCTGGGCGGCGAACTCGACATCGCACGCCGTGCGGAGATCGCGGCGGCGCTGCAGGTCGACGGCCCCGGCCCCGGGATTCTCGTCGATCTGAGCGAGGTGACGTACGCCGACTCGACGATCATCGCGGAACTGCTGCGCTTCCGCGACGCGACGCGGCGGGAGGGACGCGCGGTCGCAACCCTCATCGGGCGCCCGCAGTTCGCGCGGATCCTCGCCTATGCCGGGCTCGCGGAGGCGTTTCGCGTCTTCGACGACCGCGGCGCGGCGTTGACGTTTCTCGCGGAGGCCGGCCGGTGACGCCGGACTGCGAACTGCGGCTCAACCGCAGCGCACTGCTCGACGCGCCGCAGCCGCTTCGGCATGCGCTCGACGCGTTTCTGGTCGGCGCGCAGATCCCGGAACCGGCGCGCGAGGACATCATCATCGCGGTCGGGAGGCGCTTTCGAACGCGGTCGAACACGCCTACCGCAGTGACGTGCGCGGCGAGGTCGAGCTCTACGCGCGCACCGGCGCCGGTGCGACGCTGCTCGTCGACGTCGTCGACCGTGGACGCTTCATCGAGCGCGACGGCGGAACGCCCGGACGCGGCTTCGGGCTGCGGATCGTGCGCGCGATCGCGCGCGAGGTGACGATCGAGCCGAACGGCGGGACCAGCGTGCGGATGGTGTTCGACGTGCCGCGGCTAGCCGGCTGACGCCGCGTTCGACGTCGCCGGAAGCCAGCGGTCGAGGACGCGCCGCAGGTCGGCGAGGCTGACCGGCTTCGCGACGTAGTCGTCCATCCCGGCGGCGAGGCACGCGTCGCGATCCTCGCCGCGCGCGTTCGCGGTCATCGCGACGATTACGGTATGGGTGCGGGTGCGCAATTCCGCGCGCCGGATCTGCGCCGTTGCGTCGTAGCCGTCGAGCACCGGCATCTGCACGTCCATGAAGATCAAATCGACGTTGCCGCGGGAGTGCGCCAGCACCGCCTCGGCGCCGTTCCCCGCGACCTCGGGCGCGAAGCCGAGCCGTTCGAGCTGGCGCGTCGCAAGCCGCTGGTTCACCGGATTGTCTTCGGCGATGAGGATGCGTTCGGCGCGCGCCGGCGCAGACGGGTCCGCCGCTGCGCCCGGCAGATCGCCCGCGCGCGCCTGCACGACGCCGGCGATCGCGTCGAAGAGCGACGACTGCGTCGCGGGCTTCACCAGGTACGAAGAGAAGCCGGCTGCCCGCGCCTGCGCGGCGAGTTCGCGATCGTCGTTGGCGGTGATCATCACCAGTCCCGTGTGCCCGAGCAGCGGATGCTGGCGGATCTTCCAGCCCAGCGCGATCCCGTCGCTCATCCCGAGGTCGTAGTCGACGAGCACGTTGTCGTAGGGCTCGCCGCGTTCCGCGGCCCACGTGAGGTGGCGCAACGCCGTCGCGGC
NZ_AP025523.1_gap29	1649930	1650927	997	TGCCTCCAGCATGACCGCATCGACCGGCGGAGACGTAAGCGAGAGCAAGGGCATGACTCTGCACGTTCGAGAAGGTCGCGCGGCGTGACCTCGTATGCGCCGCCGCTCGCCGGCATCCGTGTTCTGGAACTCGGTTCGTCCGTCGCCGGACCCTCAGCCGGACGGCTCCTCGCCGATCTCGGCGCCGACGTGCTCAAAGTCGAATCCGCCGAAGGCGACGGTCTGCGGACGTGGGGCGCGCCGGCGCCGGACGGCACCTCGTGGTGGTTCAAGTCGCACAATCGTAACAAACGCTTCCTGTGCTTCGACTTGCACGAAGAAGCCGACCGAGAGACCGTTCGTGCGATCGCCCTGCAATGCGACGTGCTGATCGAGAACTTCCGGCCGGGGCGGCTCGAGGCATGGGGATTGGGCTACGAAGCGCTGCGCGCGCAGCACCCGCGGCTGATCTACGCGTCGATCAGCGGCTACGGGCAGGATGGGCCGTATCGCGACCGCACGGGATTCGGCAACATCGCCGAGGCGATGGGCGGATTCCGCTACGTCACGGGCTACCCCGACCGGCCGCCGGTTCGGGTGGGGATCTCGCTCGCCGACGAACTCGCCGCGCTCAACCTCGTCGTCGGCATCCTGGCCGCCCTGCGGGCGCGCGATCGCGACGGCGTCGGCGATCTCATCGACGTGTCGCTGCTCGAGTCGTGCATCGCGCTCACGCAGGGACAGCTTCCGGAATACGCCGCGCTCGGCGTGGTGCGCGAACGGCAGGGGAACCGCTTCTCCGCGGCCGCACCGTCGGGCGTCTATCCGACCCGCGACGGGCGGTGGATCGCGATCGGCGCGAACGCCGATTCGATTTTCCGACGGTTCGCCGCCGCGATCGGCCGTCCCGAACTCGCAGCCGATCCGCGCTTCGCGACCAATCGCGACCGCTCGCGCAACATCGCGGAGCTCGAGGCGGCGATCGCGGCATGGACGCAGAGCGTCGATGCCGGCGAAG
NZ_AP025523.1_gap30	1658424	1662341	3917	GACGACGTCGTAGGTCTGCACCTGGTCCTGCCACGTCGTCTCGGAGACGCGGGTGAACTTCACGCCGAGCAGGTGCTCGTAGATCCCGAGGACGCTGTCGATCACGTGCGGGACTGGGAAGTACTGTTTGATCGCGTTCTGATCGACGGCATATTTCGTCTTGCGCAGCAGGTTCTCGTAGTAGCCCTGATCCCATTGGTCGAGCGGCGCGCCCTTGAGCGCCGCGTCCTCGTCACGCTCCGTTCGCGCCTTGGCCAGGATCGCGGCGTCGATCTGCGTGAGGAAGTTCTCGACGCGTGCCGGCGACGCGGCCATGCGATCGGCGAGCACGTACGCGGCCCACGTCTGGTAGCCCAGCAGATGCGCGAGCCGATCGCGAAGGACGAGCGCGTCCTGCAGGAGTTTCACGTTCGCGTCGCCGCCGCGGTTGTTGTATGCGATGTAGTACGATTTGCGCGCCGCGGCGTCGCTCTTGTTTTCCATGAACGGCCCGACGGTCGACTCGTTGACCGGGACGGTGTAGCCGCCGTCGGGGTTCTTTTTCAGTGCCGCAGCGACGAAGTCGGGCGGCAGCGCCTGCGCCTGCACCGCGGTGATCGCGATCGTGGACGCGTCTTTGCCGAGATTCGCCTGAAAGGTGTTCTGATCGTCGTTGAGCTTCTGCTGAAGTGAGATGTACTCGCGCCGCTGCGCGTCGGGCAGCCCCGCGCCGCTGCGCTTGAGCTGGGTGAGCCAGAGCTGGGTGAGCTTCGTCTGCGACGGCCCGTGCGAGGTTCCGCTCTTGGCCGCCGCATTGACGGCTTGATAGAGATCGGGGCGCGCCGCGAGTTCCGTCAGCGCGTTGCCGGCGTCGGTCGAGCACTTCAGCGACGCGTCGCGCACCTTCGCGTCGGTCGCGACATTGAAGAGGAAGCCTTGCGCGGCGAGGTCGTCGTTGAAATCGGCCGTCGCGTTCTCCAGCGGCAGCACGACGGTCTCAAACGTCCGCGCCGAGCGCGCGCGCACGATCGCGTTGGTGCGCGCATTGAGCTGCGCGATCGACGATGCGCACGTGGAGGCAATCTTCGCCGGCGCGAGCGCCCAGTCGACGGCGACGAGGGCGGCGGCGGGTTTGGCGTGCGCTGCCAGCGGGAGGGAGGCCAGGAGCGCGGACGCCGCGACGGCAGCCGTGCTCCGAACGATTACGGACTTCATCACCCGCTCTACGTTCGTGAAGGTCCCCGGTGTTCCGTCGCGTGAAATGCGACGCATGCTCCGTTCGCTGCTTCGTGCGAGCGCTGCCGTCGCGCTCGCGGTTTTCGTTGCTCCGGCCGCACCGTCGGCCGCACCGCCCCCGGGACTCGCATACGACGAGATCGTGCGCGTCGTCGTCAACGCAACGCCGCCGCCGCCGGGGAACTTCGCGGCCGACGTTGCCGCGATCCAGACCGCCCCGGCCGCGCCCAGCGCGCCGCCGCGCCGGCGCGGGCTCGGCAACATCGCGAACATCGCCGGCGCCGTCCTCTCCGGTGGCGGGGCGAACGCCGTCGCAGGCGCCGTGGCCTCGGAGGCGATCTCCGCCTCGATCGAAAGCGCGCTCGAAGCGTCGATGGCCGCGCAGTTCAGCGGGCTGGCGGCGAGCGCGCGATCGTTTCTACAGCCGCATCTGCTGCGCTACGCGTACTGGAACGGCTGGGAACGGGTCGACGACGTCGCCGCGCAGACCGCGACGATCCGCAAGTGCGATTTGGGCCAAGTCGTGACCCTCAATCTGGCGCAGAAGACGTACACGGTCTCGGTCCCGGGCAGCGAGCCCGAGGCGAGCGCGCCGCCGGCGCCGCGCCGCGGGCGCGCCCCCGATCCCCAAGCGCCGGGGACCGCGGTCGCCGATCTCACCGAGACGACCCGCAGCCTCGGCCCGCTGCGGATCGAGAACCAGCCCACGACGGGGTACGACGCGACCACCAGCTTCACGATGAGCCAGGCGACCGGTTCGTGCCGCGACGGCGGCGCGTCGATTCGCACCGTGGAATATCTCTCGCCGCTGAACCGTCCGGCGGTCACCTCGTGCCCGATTCGCCGGCCCTTGGTCCCGCAGACGGCGAGCGAGGCCGTCACGATGCCCACCGGCGGCTGCCGCCCGACTTTCACCGTCCGTCGTTCGGGTCCGACCCCGCCCGGGAGCAAGCTCTCGCTGTATTCGCTGGTGACCTTCGCGCAAGCGGGCTCCGGCGCGGCGACGCCGCCGCCGGGCGGCGGCTTCGGGTTCCTCACCGAGCGCGGCAGCCTGCGGACGCTCGGGGCGACCGACGCCTCGCTCTTCGAGGTGCCGACCGGGTTTACGAAATCACCCTGATCCGCTCGGCGGCGGCCACTGCTGACCTTGCCCGCAGGGCCGCGGGCGTGTAGCATAGGCGGAGCCTCGACGAGGGTTGGGCCTCGCGCAACGGCAACCCGTGAACCCCGCCAGGCCCGGAAGGGAGCAACGGTAAGCGGACCTTCCCGTGTGCCGCGAATCACCTGGCCCTCGTCCTGGCCTTTCTTTTGGCATGAACGAACTCACCACGGCCGTCATCGCGAGTCTGACGAGCGCGCTCGTCGTCACGAGCGCGTACCATCTGCTCGTCGCGGCGCCGCGCGCCGCGCGGATGCGCGCGATCGTCGACCAGCACGACGGCATGCTCGGCGGCGGGGCGACCCGCGCCACCGATCGGCTGACGGCGCTCGAACGGGACGCCGTCGAGGCAGCGCGGGCGCGCGACGGGCAAGCTCGCCGGATCGAGTCGCTGGAGAAGATGGCGCGCACCGAGGTGCCGCGGGTCGGCTTCGTCCGTTTCAACGCCTTCGACGACGTCGGCTCCGACCTGTCGTACGCGTTGGCGCTGCTCAACGGCGAGGGCGACGGCGTCGTCCTCACCAGCATCTACTCGCGCGAGGACACGCGCACGTACGGCAAGGGCGTCACCGCCTTCAAGCCCGCGACCGATCCCTCCGAAGAAGAACTCGCCGCGATCGCCAAAGCCCGAGCCGCCGCATCGTGAACGACGCCGACCACACGATTCTCGTCAAGATCATCCCGCCGAAGGGCCGCGCCGTGTACCGCCTCCAGTTGACGCGCCGTCATCTCGCCGCGATCGCGGTCGCGTTCGTCGTCGCGCTCGCCGGCGCGGTCGCCGCGCACACGTATCAATTGCGCGTCGCCGAGGAGCACCTGCGCGCCCTGCAGTCGCTTGCCGCGGACCAGCAGCGCAAACTCCAAACGATCGACCGTCAGGCCGACGCGCTCACCAACCAGCTCCGTTCGGTTCAGCGCGAGAACGCCGAGATCAAACGCTTGATCGGCGGCGACCGCGGCGGCCGCAAACAGCACGCGTACGTCGCGCCGCCGCCGGGCGATACGCGGGCGCGTGGGAGCGACTTCACCTCGGTGCAGGCACGCTTGCGGAGGCTCGCGGCCGTCTCGAACAGGACCAGCGACGACGCACGTCGTCTGCAGCGGCTCGCGCTGCGCGCGCTCAACCTGCGGCGCATGGCGTCGATCGCGCGCGAACGGCTCGTCGCCGCGATCCCGTCGCTCAACCCCGTCGCCGGCGGGATCGCGGCAGGATTCGGCTGGCGAACCGATCCGTGGCCGGAGTTTCACAAGGGGCTCGACCTCGAAGCCGACTACGGAACGCCGGTGCATGCCAGCGCGGCGGGCGTCGTGGTCGCCGCCGGCTGGGACGGCGGCTACGGCATCAAGGTCGACATCGATCACGGGAACGGTTACCACACCTGGTACGCGCACCTCTCGCGCGCCGACGTCGCGCCCGGACAGCGCGTCCTCAAAGGCCAGACGATTGCGCTGAGCGGTTCGACGGGCGAGTCGACGGGTCCGCACCTGCACTATCAGGTGATGTACGCCGGCGAGGCGATCGACCCGGCGCCGTTCCTGCACG
NZ_AP025523.1_gap31	1667147	1671642	4495	CCATCTGAGTTCGAGTCTCAGCGTGCCCAGCGAGCGGCGGCGACGACCAGGATCGTCCCCTTGACGAAGGCCCCGCCCCCCGGTAAACTCCGAGGGTTCGTCCCCAGGCCAGCGAAAGAGCGCGCCTGCGACGTTCGCGGAAGTAGCTCAGCGGTAGAGCATCGCCTTGCCAAGGCGAGGGTCGCGAGTTCAAATCTCGTCTTCCGCTCCATTTTGATCGATCAAGACGGCGGGCGCTTGCCCGCCGTCCCCGCTTCCGGAGGTCTGCCGTCCCTGTGCCCTCGACGCTGAAACCGCTCGATCCTACGCAGGTCGAGCTCGAGATCAGCATCACGCCGGAAGAGTTCACCGCGGCGCAAGATGCTGCGTTCCGCAAGCTGGTGCGCAACGTGCGCGTCCCCGGCTTCCGCCCCGGCAAAGTCCCGCGCAAGATCTTCGAGAACACCTACGGCAGCTCGCAGATCCTCGAGCGCGCCCTCGACGACATCGTCCCGACGAAGTACGCGGCGGCCGTCGAGGAGCACGGGATCGAGCCGCTGGCCCGTCCGCAGATGGAACTGCTCCCGGAGGAAGAGGGGCAGCCGCTGCGCGTGAAGGCCGTAGTGCCGATTCGGCCGGCGATCGAGCCCAAGGACTATACCGGCGTCGAGATCACCGACGTCCCGGAGACCGCGACCGACGAGGACCTGGACCGCACCCTCGAGCAGATGCGTCGCGACGCCGCGACCCTGGTCCCGGTCGAGCGCCCGGTCAAACTCGGCGACGTCGCGACCCTGGATTACCAAGGGAAGATCGACGGCGTCCCGTTCGACGGCGGCGCCGCGACCGGACAGGAGACGGAGCTCACCGAGACCCGCTTCATCCCCGGCTTCGTCGCCGGGATCGTCGGGATGCAGCCCGGCGAGACGAGGGAGGTGCGCGCGACCTTCCCCGACCCGTACGCGAACCCCGACCTCGCGGGTAAGGAAGCCGTCTTCACCGTTACCGTCCACGAGGTCAAGGAACCCGAGCTGCCCCCGCTCGACGACGAGTTCGCCAAGCGCGTCTCGCGCAACGAGACGCTCGAGGACCTGCGCGCCGACGTGAAGCGCCGGCTCGACGAGAACGTGAAGAACGGCGCGCGCCGCCGGATGTCCGGCGAGCTGCTCGACAAGATCGTCGCCGTCAACGAGTTCCCGCTCCCCGAAGTCCTCATCGAGCGCGAGATCGACTCGCTGCTGAACGACTCCCGCCAGTACGTCGCGCGGGCCGGCATCGGCTGGGACGATTACCTGCGCGAGAGCGGCAAGATGGAAGACGAACTGCGGGACACGTACCGGGATGAGGCCGCGCGGCGCGTCAAGACGACCCTACTCGTCGAGGCGATCGCGAAAAAAGAGGGCGTCCAGGCGACGCAGGCAGACGTCGAGTCCGAACTCGACGCGCTCGCGGCACAGTACGGCCAGCCGCGCGAGCGGATCGTCGAGGCACTGCAGTCAAACGTAGCTGCGCTGATCGACGGGATCGTGCGCACGAAGACGATCGACAAGCTGATCGAGCAGGCAAAGCGCGTTCCGGCGCCGCCTGCAACTGCACCGCCAGCCGCATAGGTCACGGAGGACGCACATGGGACATCTGGTACCGATGGTGGTCGAGCAGAGCGCGCGCGGCGAACGCGCGTACGATATCTACTCGCGCCTCCTCAAAGAACGCATCATCTTCGTCCACGGCCCGATCGACGACGGGATGGCCTCGCTGGTCATCGCCCAGCTCCTCTTCCTGGAGCGCGAGGACGCCGATAAAGACATCGACATGTACATCAACAGCCCGGGCGGTTCGGTGACCGCCGGGCTCGCGATCTACGACACGATGCAGCTGATCAAGCCCGACGTGGCGACGATCTGCGCCGGGATGGCGGCGTCGATGGCCTCGATCCTCCTCACCGGCGGGGCGCAGACGAAGCGGTTTGCCCTGCCGTACTCGAAGATCCTGATCCATCAGCCCTGGGTCCAGCAGGTGGGTGGCCAGGCCACCGATATCGAAATCCACGCACGCGATCTCATCGCGACGCGGCGGACGCTCGCGGGGATCTACGAGATCACCACCAAGCAGCCCGTCGACAAGATTCTCAAAGACATCGAACGCGACTACTACATGACCGCGCAAGAAGCGCTCGACTATGGGATCGTGGACCAGGTGTTCACCAAAGAGAACCGGTCGGTTTCTCCCAACACGCAAAGCTTGTAGGTCACCTGCATGTTTCGATTCGGGGACGAAAAAGGTCAGCTGAAGTGCAGCTTCTGCGGCAAGTCGCAGGAGCAGGTGCGCAAGTTGATCGCGGGCCCCGGGGTCTACATCTGCGATGAGTGCATCGAGCTCTGCAACGAGATCATCGAGGAAGAGCTCTACAAGAACGTCGACGAGAACCTGCGGCTGCGGAACATTCCGAAGCCCAAAGAGATCAACCATATCCTGAACCAGTACGTGATCGGTCAGGAACGGGCGAAGAAATCTCTTGCCGTCGCGGTCTACAACCACTACAAGCGGGTGAACGCCGGCGGCGCGACCGGCTCGACCGAAGAGGTCGAGCTGCAGAAGTCGAACATCCTGCTGGTCGGCCCGACCGGCAGCGGCAAGACCTATCTCGCGCAGACGCTGGCGAAGATCCTCGACGTGCCGCTCGCGATGGCCGATGCCACCTCGCTGACGGAAGCCGGCTACGTCGGTGAAGACGTCGAGAACATCCTGCTCAAGCTCATCCAGGCCGCCGACTACGACGTCAAGCGCGCCGAGAAGGGCATCGTCTACATCGACGAGATCGACAAGATTGCGCGCAAGAGCGAGAACCCGTCGATCACGCGCGACGTGAGCGGCGAGGGCGTCCAGCAGGCGCTGCTCAAGATCCTGGAAGGGACGACGGCCAACGTGCCCCCGCAGGGCGGCCGCAAGCACCCGCACCAGGAGTTCATCCAGATCGACACCACCAACGTGCTGTTCATCTGCGGCGGCGCGTTCGACGGTCTCGAGAAGATCATCGAAGGCCGCGTCGCGTCGAACTCGCTGGGCTTCCGCTCGAACCCCGAGTCGAAGAAAGACGCCCGCTCGTCGAAGCTGCTGCAGCAGCTGATGCCCGAAGATCTGCTCAAGTTCGGGCTGATCCCGGAGTTCATCGGCCGCCTGCCGATAGTCGTCACCCTCGACGCACTCGACGAGCTCGCGCTGCGGCGCATCCTGGTCGAGCCGCGCAACGCGCTCGTCCGTCAGTTCCAGAAGATCATGGGGATGGACGGCGTCGAGCTGACCTTCACCAAAGAAGCGCTGATCGCGATCGCAATCAAGGCGCAGTCGCGCAAGACCGGCGCGCGCGGCCTGCGCTCGATTCTCGAAGAGATCATGCTCGACGTGATGTACGACCTGCCGTCGCTCCAAGGCGTCAAGAAGTGCGTGATCAACAAAGAGGTCGTCGAGAAGAATGAACAGCCGACGCTGGTCTTCGCCGAACGGCCGAAAGACCAGAGCGCGTAACGCAAACGACGAGGCCCGCCGGCGACGGCGGGCCTCGCTTTTGCGCGCTGCGGTTACGGCCGCAGACGCAAGGTGCGCACGACGACCGCGCCGTCGGGCGCATGCGATTCGAGCCGCACGTCGACGACCGAGGCGGTCGCGTCGTCGATGCGGATCGGGCGCGCGAAGTGTCCCTGCGGGTCGGCACCGGAGTCGACCGTGACCGTCGTGATGGCCGCTTCGCCGAAGCCGCTGTCCGCGTTCGCACTGACGACGATGTGGACGCGTGAATTCGGACGCGTGAACCCTTGCACGACGAACGTGTCGCCGACCCGCGCGCCGTCCGGCGGTGAGAGGCTGCGCAAGAAGTTCGGGTTCTGCACCGGCGCGCTGGTGAACGCCCAGCGTTGCGCGATCGCGGGAGCGGTGACGCTGACCTCGTGACGCCCGTACGGGAGATCGTAGCCGGGATCGAACGAGAACGCGCGCGGCGAAACGTAGGCCTCCGTCGTCACGTCGCGGCCGTCGAGGGCGATGCGCACGGTGTTGGGATCGATCGGGCGCGGAAACGTCGCCCCGATCGCGGGGCGCAGCGACTGCACCGCGGCGTTGGGCTCCGGTTCGACCCGCACGAGCCGCGCCGGCGCGGGCGGCGGTGTCACCACCTCGGGCGGCGGCGGGTCGGCTTGCTGTCCGATCGCGACGAGTCGCTGAGCGCCATCGTAGGTCACGTTCGCGCCGAGAGCCTGCGCGACGAAGCGTAGCGGGACGAGGACGCGCGCGCCGACCAGAAACGGCGGCGCATCGAGCGTCGTCGGCGTCCCGTTCACGACGGCGTTCGTCGAGCCCACGTGGAGCGAGACCGTCGTGCTGCCGCGCGTCGCGGCGATCTGTCCGGCGTCGTAGACGACCGTGGCGCCGAGGCGCTCGAAGACGCCGCGCAGCGGAACGTAGACGCGACCGACGCGCTCGACGGGCGGCTGATCGAACGCGACGGGCGTACCGTTGACCG
NZ_AP025523.1_gap32	1672999	1676609	3610	CATATCGGCAAGACCGGCGCATCGATCGCATATGCCGCATCGGCGGCCCGCACCGCAAACGGATCGCAATCGATGACCGCAACGCGTCGCGCGGCGAGCTCGCTCGGGTGCGCATCCGCCGTGACCTCACAGCTCGCGAGAAGGTCGATGCCGAGCTGCGCGTCGGCGATCGCGGACCACCCGACCCTGACGCGCGTGCCGCCGCGGACGTCGCGCAGCACGACGCCGTCTTCGAGCGGCGCGCCGTTGGCGCGATCGAACAGCCCGCGTCTATCGACCGTCGTCGATCCGCCGACGTAGCGCGCACCGTCGAGCGCCGCGCGCACGAGCAGCGTCTCGGCATCCGTGACGACGTTGATCGACGCGACGACGGCGAACGGAGCGCCGGCGGTCACCTGCGCCGGCGCGTCGACGGTCACGCGGACGGCCGGCGCGTCGTCGGGGGCGGCGTCGCGCGGTGACCGCTCCGTGCACGCGGGGGAACCGACGATGAGATACCGTTCCGCATAGGCGACGTCACCGTCGTCGTCGCACGCGGCAAAGGCGAAGCGCCGCAACGTGCCGGCGGCCTCGTCCGGCACGCGCTGCGAGAGCGCGACGCGCGCGATCGTCCCGGCGGCGAGATCGACGGCCGCAGGCTGTGGCGATGCGTCATCGCCCGTTGCGTGCACGCGCAGCGACTCCGTCCGGTCGCCGAGGTTGACGAGTTCAACAACGAAGGTCGCCGTTGCGCCCGGTGCCGCTTCGCCGGGCCCTGAAACGATGCGCATGCGGACGTCGCGCAGCGCGTGCGCAACGAGCGGGGCTTCGAGCGCCGTGCCGCCGGCGTCGATCGCAGCGGTGTACGTGACGCCGTCGCAGGGCACGTCGACGGCGAACGTCAGGGCGCACGCGGCGCGCGCCGGCACGCGCGCGATGACGAGCGCCGGAGCGGCGCCGACGCCGTCGACGCGTGCGACCGCACCGGCCGGCGGTTTGCGCCGCACGCGCGAGAGCGGCATGCCGTCGATAGCGAGCGATCCGTCGACGATCCGCAGCGGCGCCGGGATCGCCATGCGCACCGGGACGTCGGTCGCATCGGCCCAGCCGTCGTTGGCGAGCGTCACCAGCACGTCGCTGCGGCGCCGGCCGGGGCGCACCTGGACGCGCGCGGCGAGCGCGGCCTCCGGGACGACAGCGTTGCGGGCGGGCACCGCGTGCTCTTCGCCGTCGCCGGTGCGCACGCGAACGTCGGCGGCCCGCAGCTCGTCCACCGCTTCGACGATCGTCGCCTCCAGCGCGGCGTGGAGCGTTCCGCCGGGATCCAGTCGCTCGACCCGCACCGTCTCCTCGCTGCCCGCACGCGCCCGCGTGCCGGCCGGTGCGCCGATTCGCAACGTGACGTCGTGCGCGGGACCGTCGCCCTCGTTGGTGACCGCAACGGAGACGCGAACGCCGTCGGTGCCGAGCGGCTCGACCGTCGCACCGCTCGCATCGCCCGACAGCAAGGGCCGGCAGCGCAGGACGATCGTCGCCGCGTTCGTTTCCAGCGTCCGGTCCGGCAACGCGAGCACGGCGCGCGCGCAAAACCGCGTGCCGTCGTCGAAGCCGCCCGGGAGGCGGACCTCGAGCGACGCGACGAGGTCGGTGCCCGGTGACGCCGGCTCGATGTCGACGCTCAGCGCGCCGAGCGGCACGAGCGCATCATCGCAGACGAAGCGTACGCTCGCGGCTGGCGTCGGCGTGCGTCCGTGGTTGCGCGCGCGGAAGCGGATGCTGACGACGTCGCCGGGATGCCCGGCGCGCGGGACGATCTCGACGGCATGCAAGGTCGGGGATGCGATCACGCCGGACGCGGTGCCCGGGCAGCGCCCTGGCTATCGCCCCCTCGTTACCTCAACGGCGGTGAGAACGCTCGCGGCCGCAGGGCGGTTCGCGGGTGCTCTCCGAAGGGACGAGGTGATGATCGACCTGTCGACCCTCCGGCGGATCCCGCTGTTCCGGGACTTCTCCGACGAGCAGTTGTCGCAGGTGCTGGCAACCGTCGCCGAGCGACGGTTTCCGAAGCACCAGTTCATCGTGCGTGAGGGCGAACCGGGCGATACGTTCTTCGTGATTGCGGCGGGTTCGGTCGCCGTAGTGCGCGTCGCGGCGGACGGCCGCGAGACGATTCTCTCGATCCTCAAGGAAGGCGACTTCTTCGGCGAGATGTCGATGTTCGATTCGTCGCTGCGTTCGGCGTCGATCAAGACGCTGACCGACGTCGAAGTCGGTGCGGTGCGGCGCGACGACTTCCTGGGACTGATCGACCGCAACCCGCAGATCGGGAAGCTGCTGGTGATCGAGCTCTCGGAGCGCTTGCGGGCTGCCAACGCGCTGATCGCGGCGACGACGTCGCAAGACATCCGCGCGCGGCTCGCATCGTTACTGCTCAACCTCGCCGAGCAGTTCGGCGAGTCGGTCGACAACGGCACGCGGATCACGCTGCGGCTGACCAACCAAGAGATGGCGAACATGATCGGCACGACGCGCGAGACGGTGAACCGGACGTTGAACCGTTTCTGGGACGATCGCCTCGTCGACATGCGCACCGCGCACGTCATCGTCACCGAACCCGAGAAACTCCGCGCGCTGATTCCGTAACTGCGTCCCCGCCGGCGCGGGCACCGCTCGGGGCATGCCCGCGCTGGTGGAATCCGCAGCGGCCGGAGCCGCGCTCGTGCTCGGCGCCGGGAGCGTCGCGATCGCGCTCCGGGCGCAGGCGAGCGCCCGCGCCGATCGGCTCGCCCTGCGGCTCGCCCGCGAGCGGGAGGCGGCGTTCGTCGAGGCCGCGCGCCGGCTCGCCGATGCGGCGCGTGACGGCGTCGACGCGGTGCGCGACGAGATCGCGCGCGCGACGGCGGCCTCGGCACCGGTCGTGGACGGCGTCCTGGTGTACGACGAACGTGACGGTGCGCTGCGCTGCGTGCGCGCCGACGGCGCACGATTCGCCCATTACGCCGGGTCGCAGATCGCGCTCGATGATCCGCATGCGCCCGCCGCCCGGGCGCTCGCCGCGCGTCATCGGATCACGCTCGCTGATGCCGGCGTGCGCCCGATCCACCCCGCCGACGTCACCGTCGTGGCAATCCCGCTCGCATTCGACCCGGGCGGCGCCGCGGTGCTGGCCGTCGCGTCGCGCACGGTGCTCGATCGCGAGACGCAGGACCGGCTCGTCACGCTGGGCGATCAGGCATCGCCGGCGTACCGCCTTGCGCGCGAACGCGAACGGGACCGCCGGAGTGCCGAGTACGACGGGCTCACGGGGTTGCTGACGCCGCGCGCGTTTCGGCGGCGGCTCGCGCGTCTGGTCGAGCGCGCGCGGTTCGTTCCCGGCGGTGGCTGCGCGCTCGCCTTTCTCGATACCGACCGCTTCAAGGAGTGGAACGACGCGTACGGTCACGCGTGCGGCGACGCCCTGCTGCGCGAGATCGCCGCAGAACTGCGAGCGGCGGCGCGCTCTGCCGACGATCTCGCGGCGCGCAACGGCGGCGACGAGTTCTGCATCGTCTTCGCGGCTGCCGGCAAAGCGGACGCGATCGAACGCGCCGAGACCCTGCGCCGCCGCATCGCGGCGCTCGACTTCGAACGG
NZ_AP025523.1_gap33	1679405	1681389	1984	GCCTTGTTGGGGTGGATGATCCCCTTCGATGCCGCTTTGTCGAACTGGGCTTCGACCGACGATGTCACCGCGGCGTCTTTCGCCGCCTTCGCCTTCTTGAACAGGGTCTTCAGGCGGGTTTTCGTGTCGAGATTCCGCACCGTGCGCTTTTCGCTCTGGCGCACCCATTTGACGGCGGCTTTGATATTGGGCACGAAGAGTAGATTACCACGTTGCGTCCCTCCCGGTCAAAGGGTCCCGCGTCACGTCGCCCCCTCGACGGCGATCTCCGCGTAGGAGGCATAGCGGCTCGGCGCGATCGTCCCTGTTTCCACGGCCGCACGGACGGCGCAGTCGGGCTCGCTGAGGTGCCGGCAGTTCGCGAAGCGGCACGCCCGGGCCGGCTCGCGCATCTCAGGGAACAGCCAGGCGAGCTCGGTCGCCGGCATCGGGTCGAGGGTGAACTCGCCGATCCCGGGGCTGTCGATCAGAAAGCCGTCGCCCAGCCGAAAGAGCCGGGCCGTGCTCGTGGTCTGCCGCCCGCGCCCGAAGCGCGAGAGATCTCCCACCACACCGATCCCGCCGAGCGCGCGGAAGATGCTCGATTTGCCGACGCCGGAGTTGCCGACCAGAAGAGCGCGGCGGGCGGCCAATTGGGTGCGGAGGTCGTCGATCCCGCGGCCCGTTTTCGGCTGCAGCACGATGGTCGGGACGCCGATCGCTCGGTACAGCCCGCTCACCCGATCGGCCGCGCCCTCGCCGGCGAGGTCGGCTTTGGTGAGAAGAAGCAGCGGCGCGACGTCGTGCTGGGCGGCGAACGCCAGCAGCCCGTCGATCATCGTGAAGTGCAGCGGCGGATCGACCAGCGCCGCGACGATCGCGATCGTGTCGACGTTCGCCGCCATCGTTTTGACGCGGCCGCCGCCGGTGCGCCGCACCAGGGTGAAACTGCGCGGCAGCACGGCGTCGATGACGACCCGCTCCCCATCGATCGTCTGCGCTTCCACGAGATCGCCGGGGGCGAGCATCGCGTGGCGCGCGCCCTTGCGCAGCGACGCCGGGCGGGGTTCGTCTTCGTCCGATGCCACGATCCACGCGGCGTTGCGGCCGACCGCGATCACGCGGGCCCGGCGGAGTCCGTCCTCGCTCACGCGAAGGTCGTCGAGACCGTGATCGTCGCCCGGACCGTCCACATCGCCGACCCGCTCGCCCGTGCGAACGTCGTCGAGGCGTTGGCGGGAGCAGGCGCGCCGGTCGGCGTCATCGAGGTCACGCGCGACGGTTCGGCGGTGACGGTGCGGTTCGACGACGCGATCACGCCGAGCGATCTGATCGACGACCTGGTCGCGATTGAGTCGGTGCTGGTCCCGGAGTGGACGCCGAACGACCTCGCTCTCGAGGACGCCGCCGCGATCGCCGCCGCCGGGCTCGGCGACCCCGACCTCGACGCCGACCGCATCCTCGAAGCGCATCTGGGGACGCGCTCGTGAACTGGCCGCATCTCCCGGTCCACGTCACGCTCACCGACGCGATCGACATCGTTGCGACGTCGATCCTGGTCTACTATCTCTTGCTCCTCATCCGCGGGACGCGGGCCGTGCAGATCATGCTCGGTCTGTTCGCGCTCGTCGTCATCCTCGCCGTCTCGAACCTGCTTCATCTGCTCGTCCTCGCTACCGTGATGCAGTACCTGCTCCTCGGGACGGCCGTCACGCTGCCGATCATCTTCCAGCCGGAACTGCGGCGCGGGCTCGAACAGCTCGGCCGCGGGCGGCTCTTCGTGCGCGACCGCCGCGCCGAGGACGCGACGGTCGCCGAGCAGATCCGGGTGATCGCGCAGGCGGGCTTCACGCTCGCGACGATGCGCACCGGCGCCTTGATCGTGCTCGAAGGACAGACCGGCCTGCGTGAATATGTGGAGAGCGGGACGATGCTCGACGCGCGCCTTTCGCTCGACTTGCTGCTCGCGATCTTCAACAAGACGTCGCCGCTCCACGACGGTGCT
NZ_AP025523.1_gap34	1683174	1687362	4188	CGTCGACGAACGCGGCGACATCCTCAACGGCGACCGCGTGATGCTGATCCTCGCGCGCGATCTCGCCGGTCGCGGCGAGCTGCCCGCGAACACCGTCGTCGGCACGGTCATGTCGAACATGGGCTTCGAGAAGGCGCTCGAGCGTGAGGGGCTTCGGCTCGTGCGCGCCGCGGTCGGCGATCGGTACGTGCTCGAAGCGATGCGCGGCGGCGGCTATCGTTTCGGCGGCGAGCAGTCGGGGCACGTGATCGACCTGCAGCGCGGAACGACCGGCGACGGTCCGATGACGGCGGTCGCGCTGTTCTCGATTGCTGCGCGCACGCGCACCCCGCTGCGCGATCTCGCCGCCGGCATGTCGGTGTATCCGCAGGTGCTGGTCAACGTGCGCGTCGCCGACAAGAGCGTCGGCGACCATCCGGCGGTGCGCGACGCCATCGCGGCGGCGGAACGCGTCCTCGCCGGCGACGGACGGATTCTGGTGCGTCCGTCGGGGACCGAGCCGCTCGTCCGAGTAATGGTCGAAAGCACCGACGAGGCGCGCACCCGCGATGTGGCCGAGTCGGTCGCCCGAACGATTCGCGGCCTGACCCCGGCGGTCTAAGATTTTCTTTACGCCTCGAGGGACCATCGGGGAGGAGAACGGGATCGTTTGGTCCGAAACCCAGAATTGTCACGTTGCCTTAACAATGTGGTGAACTTGGCGGGACGTGCTATCGCACCGCTGGTGTCAAATTTTGCCTGCTTGCAGATCACGGAGTCCGGACGTCGCAGGGCCGGAGCGGGGGACATCCAGGTAGGGGTGAATGCGCCGGTCGGCGCTAGGGCGATTCTTCCGTCCGAACCCGTCAACTAACCCCGTACGTGTGGAAGAAGGAGCAGTTGCTGCATCGTTCCATCCTCACCGGGTTGTTCGTTTGCATCCTCGCCGCCGGAGCGCCGGCGATCGCGAGCGCCGATACGACGACGAGCGATACGGGCGTCGCGGCGCCCACGGCCGGCGCCGACCTCGCGATGTGGAATGCCCCCGCCGAAGAGGCCGCGCCGGCACCCGTCGCCCCCCGGTCGCTCGGCAACGTCCTGCACGTGCAGAAATTCGCCAGCGGCATCGCGGCTCGCGGCGCTGCGATGGCGTCGAGCCTGACCCGCAACGCCTTGCGGTTTCTGGGCGTCCCGTACTCGTTCGGCGGCACCACGCCGCGGGCGTTCGACTGCTCCGGATACACGCAGCACGTGTTCGCCATGATGGGCCTGCATCTGCCGCGCACGGCCGACGCGCAGTTCTACGCCGCGCACCGCTTCCGCGGCACGCCGAAGCCCGGGGATCTGGTTTTCTTTCAGACCTACGAAGTGGGACCGTCGCACGTCGGGATCTCGCTGGGCGGCGACCGGTTCGTCCACGCGTCGTCCAGCCACGGCGTGACCGTCTCGAGCCTGCACGACTCGTACTGGTCGGCGCGGTACCTCGGAGCGAAACGCGTCGTCGAATAACCGTACCGATCTCGACCTCGTCGAACGAGCGGCCAACGGCTATGTCGTGTGGCCGCTTTCCGTTGTCGCGATCTTCCGCGAAACAGCCAACGCGACCGAATGGTCGCGTCTGCACGCGCGGCAGTCGTTCGTCTTCGGCCTCGGCGCGATCGGCGCGTATCTCGTGCTGTTGGCGCTGCCGCTCGCGATCGTCCTGCTGATCCCCGACGTCTCGACCGGCGCGGTGGTCTGGCTCTACGCCGTCGGATTGCTCGCCGACGTCGTCGGCGCCGTCGTGCTGGTCTCGCTCGCGTTCCGGTATCGCGCACGTGCGCTGCGCGGCGAGCTTCTTCGCGATCCCCCTGGTGACGCCGCTCGCGGATCGCTTTCTGCGGTACGAGCGCCGTTGAGCGCGCGCGAGGGAAGCGCGGCGCCGGAGCGAATGCCGGGACGCCGCATGATGGGGCGTAGCCAAGCGGTAAGGCAGCGGACTTTGACTCCGCCATGCGTTGGTTCGAATCCAGCCGCCCCAGCAGCGTGACCGGCGCGCCCTTCGGCGATCGACTGCCTCGCGTGCTCGACGCCTTCGCGCGCGGGGATCTCGAGGAGGCAGCCGGGTGTTTCTCGGCGGAGGCTGAGTACCGTGAAGCCGGGGCGGAGGCGGTTCGCGGACGCGAAGGGATCGCCGCGCACTTCGCACGCTACGCAGCCGCCGGACCGGCGTGGCGGTTCGAGGTCGACGAGGTGGTGCGCGACGGCGACCGTGCGTGCGTCGTGTACCGGTTCTTGGTCGCCGGAGGCGCAGGCGAGCCGTGGCGCGAACGCGCGGGTTGCGCCACGGTGCATCTCGATCGGGACGGTCTGATCGCTGCATGGCGGGAGTACAGGGGATGAACGTCAACGGACAAGCATCGGAGCATCACCACGAAGACATCTCGATCCGCGTGCACGTCGCGGACGGACTCCACGTCTTCGAACTGGCCGGCTCGCTCGACATCGCGACATCGCCGAGCGTGCGCGCCGCGCTCACCGATGCTTCGGAACGGGGCGATCATCGTCTGATCGTCGATCTTACCAAGGTGGAGTTCCTCGACTCGACCGGGCTGGGCGCGCTCATCGGCGGGCAGCGGCGCGCAAAGGAGTTCGGCGGCGAAGTTCGGCTCGTCGCGAAGGAGGGGCAGATTCTGCGCCTGCTGCGCATCACCGGCCTGCTCAAAGTGTTCGCGGTCTACCCGCGTTTGGACGACGCCGTCAGCGACGGCGAACGCGTCGGCGACCTCTAGCTCCTCAGCCCGCCGCGCCGGCGCGCAAGCTCTCGTCGAGGATCTCGACGACGTGCTTGATCGCGATGTGCGACGCGCCCGCTCGATCGAGGCCGTTGCGCATCTGGAGCGCGCAGCCCGGGTTCGCGGTGGCGACCGTCTGGGGCGCGGTTTCGATGATGCGGTCGACCTTGCGCCGCTGCAGGCGCTGCGACATCTCGGGCTGCGTCACGTTGTAGATGCCGGCCGAGCCGCAGCACAGCGACGACTCGGGCATCGCGCGGAGTTCGAGCCCCGGAACGAGCGCCAGCAAGCGGCGCGGCGGCGCGGTGATGCGCTGCGCGTGCGCGAGATGACACGCGTCTTGGTACGTGACGACGCCCGGGACGGGCCCGAACTTCTCCGGCGCGATCCCGATCTCGTCGAGATACTCGGTCACGTCGCGCACCTTGGCGGAGAAGGCGCGCGCGCGTTCGGCCCACGCCGGATCGTCGTGAAAGAGGTTTGCGTACTCTTTGAGCGCCGAACCGCAGCCTGCCGCGTTGATCACGTAGACGTCGGCACCGCTCTGTTCGAACGCGGCAATGTTGCGCATGGCGAGGCCGCGGCCGCGTTCCATTTCGCCGGCGTGAATCGTGATCGCGCCGCAGCAGCCCTGCGCTGACGGAACGACGACGGTGACGCCTGCGGCGTTCAGTACGCGCACCGTCGCTTCGTTCCAGGCGGCGAACGCGACGTGCATGACGCAGCCCGCGTGCAGCAGCGCGGTCGCGCGCGACGTTCCTGGCGCGGAAAAGCGCTGATCGCGCGGGATGAAGAACCGGTCGGAGACGCGCGGCGCGAGCGCCTCGACGTCCTGCAGTCCGAGCGCGCGCAGCACGCCGCTGCGCAGGACGAGAGCGCGCAATCCGCTGCGCTGGTAGAACTTCAGCAGCCGCGCCGCGGCGCGCATCACGCCCAGATGTTCGAACATCGTGCCGATCAAGAGCGCGCGCCCGAGGCGTGCGTACCAGGAGCGTGCCGGGGCCAGCGCGCGCGTCACCTGCGTGCGCGCCGGCTCGAGAATCCGCCCGTACTCGACACCCGACGGGCACACGGCCTCGCAGGCACGGCAGTCCAGACACTCCGACATCTGATGGACGAAGCCCGGGCTGGTGAGGTCGAGCCGCTCCTCGGCGACCGCTTTGATGAGCGCGATGCGCCCGCGCGGCCCCGACGTTTCGACCAGGGTTTCGACATAAGTCGGACAGGTGGGGAGGCACAGCCCGCAGCGCACGCAGCGGTCGAAGACCTCCGACGGCGGAACGTCGGGGGCAACGAAGCCGCGGTGCACGTCGGGTTCGATCACGATGACGTTCGCTTCGCGAGCGCGAAACGAGAGCCATGCCCGCCCGCACCGTCTTGCGCTGCAGCGCCTGCGACCGGATCGCCGACGATTCCGGCGCGCTCGCGTGCGCCG
NZ_AP025523.1_gap35	1695564	1698750	3186	CAAGCTCGCCTATCTCGCCGGCAGTGATGCCGCCCGGGCCGACGACATCAATACGTTCGCGCGCGATCCGACTATTCGCGGGATCTTCGCGCTGCGCGGCGGCTACGGCGCGATGCGCATCCTCGATCTCATCGACTACGCCGCATTCGCGGCGGATCCGAAAGTCGTCTTCGGCTTCTCCGACGTGACCGCGCTGCTCAACGCCGTCACCGCTCGAACCGGGTTGGTCACATTCCATGGCCCGGTCGCGGCGTACTCAACCTACACGCCTGCCGTCGTGCGCGAGATTCTCGCCGCCGTGATGTCGGCCACGCCGATCGGCACGCTGCACAACGAGACGGCGGCGACCGTCGTCCCGGGGATCGCGCACGGCAGACTCGTCGGCGGCAATCTGACGCTCGTGAGCGCGCTGGCTGCGACGCCCTACGCGATCCCGTACGCGGGCAACATTCTCTTTCTCGAAGACGTCCACGAAGAGCCGTACCGCATCGATCAGATGCTCACGACGCTGATGCTTGCGGGCTTGCTTCAGAGCGCTGCGGGGATCGCGGTCGGCGCGATCTCGGAGCCGAACGTGAAGCCGGAACACGAACCATCTCCGGAACTCGCGCAGACGCTGCGCGACCGGCTTACGCTCGCCCGGCGGCCGGCCGCGCGCGGTCTGCAGTTCGGCCACATCCTCGACCAGTGGATCGTCCCGATCGGGCTGGCGGCGACGCTCGACGCGACCGCATGCACGTTGAGCATCGGCGAAGCGGCCGTCACGTAGACGCGTCGCGTTCGCGCGTTCCCTCGCGCGCGTGGACGAGCGCCGCAAGCGTTTCGTTGTAGGGCGTCGTCACAGCGGCGCGGCGGCCCGCGGCGACGACGGCACCGTTGATGAAATCGACTTCGGTCGGCACGCCGGATCGCAAATCGTAGAGCATCGAGTTGTCGAGTTCCGCCGTCTGCTCGACGATCGAGCGGACGTACGACCACGGATCGGTGAACGGCAGCGGGATGCGCATCGCGTTCGCGACCGTCGCCGCTTCCTGCGCGAGCGACCGCGCGACTTCGCCCGCGTAGACGTCGGTCAGCACGACGCCGTTGGGTCGCTCGAGCAGCGCGGAGACAGGATTGATCGCGGCGTTTGCGATCAGCTTCCCCCACAGATGCGGGCGTATGTCGTACGCCGTGCTCGCGCGGAATCCGGCATCCGCCAGCAGCCGCGCGACGCGATTGCACGCTTCCGGCGATGCGCCGGCGCTGCCCAAGACGGTCGACCCGTCGCCGACGCGGCGCGCCTGTCCGGGCCCCAGCGTGAGCGCCGACTCCGTCGTTGCGCCGATCGCGAGCGAGATCGTGCTCCCCAGCGACGTCTTGATCGCCTCTTCGTTGCCCAGACCGTTCTGCAGCGAGACGATCGCGGTCGCCGGGCTCAGCTCGTTCACAAACGGGCGCACCGCCCGCAGCGTGTCGGTCGCGCGGACGAAGACGAAGAGCACCTGGACGCCGAAGAGTTCGCGCGCTTCCGTCGTCGCGCGGGCCGCGCGCGATTCGCCGTCGACCTGCAGCCCGTCGCGCGCGATCGCATCGACGATTTCGCGCCGCTGCTCGAGCAGCACCACGTCGTTGCCGGCGGCGAGCCGGTGGCCGAAGAGCGTTCCCAGGGCGCCGGCGCCCACGATCCCGATCCGCACGCTAGTAATAGTACCGGTAGGCGCGGCGCTGCGCCGTGTCGCGAATTTTGAAGAACCCGATCATGATCACTCCTGCGCAGAAGCCTCCGATGTGCGCGAAATACGCCGTTCCCCCCTGCGATGCCGCGGCCCGGTCGCTGACCGAGCCGAAGCCGTTGAGAAACTGCGTGAGCGCCCAGATCCCGATCACGACGATCGCGGGCAGGCGCAGAAACAACGGGAAACAGCCGATCGGCACGATCGTCCTCACGCGCGCGAGCGGAAAGTTCACGAGATACGCGCCGAGCACGCCGGCGATCGCCCCGGACGCCCCGAGCGCCGGGATGTGACTGTTGGGACCGATCGCGATTTGCGCGATCCCGCCGGCGATTCCGCTGAGCAGATAGAACACTGCGAAGCGCAAGTGACCGCACAGATACTCGACCGCCGGACCGAAGACCAGCAGAAAGAGCATGTTGAAAGCGATGTGCGGGATCGACCCGTGCAGGAACATCGACGTCACGATCGTCAGCGCCGGCACCGGCGGCGACGGAGGTGCGAGCGCAACGTCGTGCGTGATGTCGTACGGGATCGCGGCGAACGCGCCGATGAAACGGTCGATCCCGGGCCCCGACGCCAGTTCCTGGACGAAGACGTAGACGTTGATCGCGACGACCAGGTAGACGACGAACGGGAAGATCGGCCGCCGCTCATCGTCACCGATCGGGATCATCGCGTCGTCCTTTGCCGCCGAGTCAGAACTGGTATTGCAGGCCGAACGTCGTGCGCCGTCCGTTGCGCAGGGCGTCGCGCTCGCCGCCGAAGAGTTCCAGTCCGTCGCCCAGTTTCAGATTGAGGTACCCGTCGGTGGTCGGCCGCCGCAGATCGTAGATGCGGCCCTCGAACCCGAGACCGGTGCGGCCGGGATTGTAGACGGCGCGCGCACCGAGCCGCGAGTAGAGCACGCCGCCGCCGACCTGAAAGTGCGGACGCACGGTCGCCATCGCGGCGAAGTTCCACGACGGCGCCGGGCCGCCGATGTCGTTGGCGCCGGAGAACAAATACGTCGACCCGCGCGGCAGCAGGATCGCGTTGATGTCGGTCGACGGCCCGCGGTCCCGCGTGAGCAGCGGCGACGAGTTCGTGTTCGCGCGCTGACGATCGAGTTCGGAGACACGCAGTTGCAGAGCCACCAGATTGCGGACGATCGAGCCGAGCTTGTTCTTCACGTTCGCCTGAACGTCGGAGGGATTGGGTTTTCCGCGCTGTCCGGCGGCGCCGCCCGGCTGCGGTGAACCGCCGGGCGCCGGGGTCGCGCCGCGGTCGACGCCGTAGACGCTCGAGGTTCCGCCGAAATCGCCGAGCAGCGAATTGACCTTCTGCGTCGCCGCGTCGGCGTTGGCGATCGTGTCGCGCAACTGCGCCTGCGTCTGGGGATTCCCCGTGACGGTCCGCAGGTCGTTCGCGAGCGATGCCACGGTCGTCGCCGTCTCGGCGATCCCCCGCGTCGTCTCGAGCAGGTTGTTCT
NZ_AP025523.1_gap36	1701134	1705444	4310	GACGCCTCGCACGGCCTCGATGCGCTTGGCGACGACGCCCCGCTCGGCGGTCAGGTTGTACTGGAGTTGGTAGAGCCGTTCGAGTTCGCGGTCGACGTGCTTGAGCTGCGCCGCGGCCTCTCGCGCGTATGGTTCGAAGTAGCGCCGCACCGCTTCGCGGTAGGCGCCGAGCGCCGCCGCGTCGGGCTCGCCGGCGGCGAGCACCGCCTCGATGCGGCCTTGCGCCGTGCGCATCGCGCGGTCGGTGATGTGGAACGCGCCGACCGCGGCGACGAGGGCGCGGAAGCGCTCGTCAGGCACGGTCGAGGGCGGCGCGCTGCGCCGCAAAGAGTTCGCGGATTCCGGCGTCGGCGAGTCCCAGCAGCGCGTCGAGGTGCGCGCGGCTGAACGGCTCGCGCTCCGCGGTCCCTTGGAGTTCGACGAACCCGCCGGCGTCGGTCATCGCGACGTTCATGTCGACCTCGGCGGTGCTGTCCTCGTCGTACGGAAGGTCGAGCACCGGAGTGCCGCCGACGATCCCGACCGAGACCGCCGCGATCTGACCAACGATCGGCCACGCGCTCTTCTTCTCGGGGTCGAAGTGCCGGCGCAGAGCCAGGTTCAGGGCGACCCAGGCGCCGGTGATCGACGCGGTCCGCGTTCCGCCGTCGGCGCCGATCACGTCGCAGTCGACGACGACGCTACGTTCGCCGAGCTTGTCGAGGTCGACGACGGCCCGCAGCGCGCGGCCGATCAGGCGCTGGATCTCGTGGGTCCGCCCGCCGAGCTTGCCCTTGACGGCTTCGCGCTGATTGCGCTCGGGCGTCGCCTGCGGCAGCATCGCGTACTCGGCCGTGACCCAGCCGCTCCCCCGCCCCCGCATCCACGGGGGGACCTTCTCCTCGACGGTCGCCGCGCAGATGACGCGGGTGCGCCCCAGCGAGATCAGGACGCTGCCGTCCGCGAAGGCGAGGAAGCCGGGCTCGATCGAGAGCGGGCGGAGCTGGTCGGGTGAACGGCCGTCGGAACGCACGAGCGACGCAGATTCTGCCCCGATGCGGTCAACCCGCTTTTCGCCCGTCGCGTGAGGAGATCGGTGCGCCGGGGCGTACCTGCACCCTCCAGTATGGCTGACGGAGCGATGCCCGCATTGAGCGCGTGGTCAAATTTTTACGTCGTCACCGGATCGTCGGCGGCCGCGCTGACCGGGCTGATGTTCGTCGTGATCACGCTGGTCGTCGCGAACCGCTCGACGGCGACGCGCGAGGGGATCGCAACGTTCAGCACGCCGACGGTGGCGCATTTTTCAGCCGCGCTCCTGGTCTCGGCGATCATGAGCGCCCCGTGGCGCGCGCTCTCGCACGTCGCGGCGGTCGTCGGGATCGTCGGCGCGGTCGGCCTGACATACTCCGCGATGATTGCTTACCGCGCGCGCCGCCAGACGGCGTACGATCCCGACCTCGAGGACCTCGTCTGGTACGTCGTGATGCCGCTGATCGCATACCTCGTCATCGGGGGCGCCGCGCTCGGCCTCGCGCGGTATCCCGCCGTCGCACCGTTCGTCCTCGCCGCGGGGAGCGTGCTGCTGATCTTCCTTGGGATTCACAATGCCTGGGACGTCGTCACCTATCTCGCGATCGAAAAGGTCGAACCGCCCGACGACGCGGCGCCGCCTAGCGGCGCTTGAGCAGGTCTTTGAGTTCGTCGTCCATGCGGCTTCGCGAGACGACGGTGAGGTTGGTGCGTCGCGGACGCGCGCGCTTCGTGTGCGGACGCGGGAGGCTCCAGCCGCGGCGCGCGATCAGCGGGCGCAGGATCAGCACGACGATCGCGGCGAGGACGAGCAGCGGAATCGCCTGCATCACGACCGTCATGATTATTCGACGGTGACCGTCTTGGCCAAGTTGCGCGGCTGATCGACGTCCTTGCCGTCGATGTCGGCGATGTGGTACGCGAGCAGCTGCAGCGGGATCACGTTGACGATCGGCGAGAGCATCTCGTCGACGCGCGGGACCCACAGCACGTGGTCGGCGAGCGCCGCCGCTTCGTCGTCCCCGTGGTTGGCGACCAGGATGATCGGCGCTTCGCGCGCCTTCGACTCGGCGATGTTGGAGAGGATCTTCTCCCGCACGCGGCCCTCCGTCACGACCCCGATCACCGGCGTCTTCGCGTCGAGCAGCGCGATCGGGCCGTGCTTCATCTCGCCTGCGGCATAGCCCTCGGCGTGAATGTACGAGATCTCTTTGAGCTTGAGTGCGCCTTCGAGCGCCGTCGGGAAGTTGACGTAGCGCCCGAGGAACAGCACCGAGCGCGCCTTGCGCACTTTCCGCGCGACTTTCTTCACCTGGTCGGAGGTGTTGACGACGACGTCGACGGCGGCCGGGAGCAGTTTCGTCCCCTCGGCGATCTCGCGCAGGCGTTCGAGCGGCGCGGCTTTGCGCACCCGCGCCAAGTAGAGCGCGAGCAGCGTCGCGGCGACCGCCTGTGAGACGTAGGTCTTCGTCGCGGCGACGGAGATCTCGGGGCCGCCGCGCGTGAGCAGGGTCGCGTCGGCGAGCCGCATGAGGTGCGAGCCGACGACGTTGGAGATCGCGATGACCGGCGTCCCCGCATCTTTGGCGATCTTCACCGCCTCGATCGTGTCGGCGGTCTCGCCCGACTGCGACATCGCGATCGTCAGCGTGCGCGCGTCCATCGCGCGGTCGCCGTAGCGGAACTCGCTGGCGAGCTCCATCTCGACGGGGATCTTGCACAGCGAGCGCATCAGGTACATCCCGACCATGCCGGCGTTGTACGCCGTGCCGCAGCCGGTGATCGAGATCTTCGTCATCGCGCGCAGCACGATCTCGTCGATCTTCAGCTCGGGGCCGAGCTGGACGTCGTGATCTTCGTCGATGCGGCCGGCCAGCGTCTCCTTGATGACGTTGGGCTGCTCGAAGATCTCCTTGAGCATGAAATGCTTGAAGCCGGATTTCTCGGCCGACGTCGCGTCCCAGGTGATCTGCTGGACTTCGCGCTCGATCGGCGTGCCGTCGAAGGCGCTCAGCGCGTAGCCGTCGCGTCCGACGGTGACGATCTCGCCTTCCTGGAGGATGACGACCTTACGCGTGTGCTGCAGCATCGCCGGGATGTCGGAGGCGACGAACATCTCCCCCTCGCCCAGGCCGACGATCAGCGGCGTCGCGCCGTTGCGCGCGAAGACGAGGGTCTCCGGCGAATCCTGCGAGATCACGCCCAGCGCGAACGCGCCGCGCACTTGCGCGAGGGTGTGCCGGATCGCCTGCTCGAGATCGCCGTTGTAGTGCGACTCGATGAGGTGCGCGAGGACCTCGGTGTCTGTCTCGCTGCGGAACTGATGCCCCTGGCCGAGAAGCTGTTCGCGCAACGACGCATAGTTCTCGATGATCCCGTTGTGGATCACGGCGAAGTGCCCGCTGCAGTCGAGGTGCGGGTGCGCGTTCGCGTCGGAGGGGCGTCCGTGCGTCGCCCAGCGGGTGTGGCCGACGCCGGTCGTGCCGTGGAGGCTCTCGCCGTTGCGCAGGCGCGCGGCGAGGTTGGCGAGCTTCCCTTCGGCCTTCGATCCCGTCAGGTGCCCCGCGGCGTCGATGACGGCGATCCCGGCGGAGTCGTAACCGCGATACTCCAGGCGCTGCAGCGCGTCCATGATAATGGGCACGCTGTCGCGCTTGCCGATGTAGCCAACGATGCCGCACATGGTTATCCCAACCCTAGCATGCCGCGCCGGGATTCCCCTGGCCGCCTCGCCGGGCGGCCGAGGAGTCTACTTGATCCCCTCGCGGGTGCGCTTGTAGGGGATCTTGCCCAGGCGCACTTCGTTGAACGCCGTCGAGACCGGCTTGTTGGGGTTGACGCGTTCGGTGAGCGGCGGCGCGCCGTTGTTGAGTTGTTTCGCGCGCTTCGTCACCACGTTGACCAGAGAAAACTTCGAGTCGACATGCTTGAGAAGGCCGTCGAGGTCGCCGAAAACGCTGTCGCTCATTCAGGAGTCTTCCAATTCTTTGAGTCGGGTGTCGGGATAACGATGGATGCGGTACCGTTCGGCTCGCACGATCGCTTCGAGGTCGTCAACCGCGCGGAGCGGCTGCGCCTCTTCGTTGATCACTAGGTAGTCGAACCGCCGCACGAAGGTGAACTCGTCGTGAGCGATCTCCAGTCGTGCCGCGATTTGTTCGTTCGTCTCGGTGCGGCGCGCTTCGAGGCGCGAGCGCAGATGCGAGAACTTGTCGGGGACGATGAAGATGAGGACGGCATCGGGGAACGCGCGTTTGACGGCGAGCGCGCCGTTGACCTCGGGTTTGGAGACGACGTCG
NZ_AP025523.1_gap37	1711340	1714289	2949	CGACCCCGGGCAGGTAGCGCTCGTCGGCGAGCGACGGCAGCTGCTTTCCGAACGTCAGCGCGACGTCGATGACGATATACGCGGCGGCCAAGGTCGCGAACAGGGCCGCCGCGACGCGCGGTCCGCTGTGCGACTCGCCGCCCTCGCGACGGCTGATCGACGCGTACGCGACGAACGAGGCGGTGAGCACGCACCCCCACGCCGCCTGCAAATACTCCGTCGCGTTGCCGTGCTGGCCGAGAACGGCGGCGCTCCCGGGCACCGGGATGGTGAGGATGTACGGCACGAAGACGATCGCGCAGAACAGCAGGCCGCAGGCGAGCGCGAGCAGCGACGGCCGCTGGGTGGCGGCGAACTGCGTGAACACGATCGCCGCCGTGATCGCCAAGCCGACGACAACGGCGCCGCCGTAGAGCGCAGAGAATCCCGGAAACGTCCCCAGCGTGGTGTGCGCAACCGGAGCCGTCGCGGCGGCTGCGACGAACAACGACAGAATCGCCAACAGCGCAGCGCGGCGTTGCGGCCGAGACGAGGGAAGGGTCGCTAGGTCGAGTACCGGAGAATCCACCAGCGGCGGCCTTCTCGCGGCGCACCGCGGCCGCCCGTCCGTTCCAGCCTCCGCCGTGTGAAGAGTTCGTTTACCTGGTGTTGGGTGCCCGAGCCGCTTCCTCGCGTTCGACGAACATCGCGTCGCCGAAAGAAAAGAAGCGGTAGCCTGCATCGATGGCGGCGCGGTACGCCTCGCGGGTCCGCGCGTACCCGGCGAAGGCGGCGACGAGTACGAGCAAGGTCGAGCGCGGCAGGTGGAAGTTCGTCAGCAGCGCGTCGACGACGCGAAACCTGAAGCCCGGCGTCACGAACAGGTCGGTTTCGCCGTCGCCGCCGTGGACCGTTCCGTCGCGCAGCGCGGCGCCTTCGAGCGCGCGCAGCACCGTCGTCCCCGCGGCGATGACGCGCCGTCCGTCGCGGTGCGCCTGCCGCACTGCCGCGGCGGTGTCGGGCCGGATCGCATAGCGCTCGGCGTGCATGACGTGCTCGTCGATCGTGGTCCCGCTCATCGGCCGGAACGTGCCGATCCCGACGTCGAGGACGAGCGGCGTCAGGACCACGCCGCGCGCGCGCACCGCATCCAGAACCTCGGGCGTGAAGTGCAGGGACGCCGTCGGCGCGGCGACGCTGCCGGGGACGCGCGCGAACACCGTTTGATAGCGCGCCGAGCGCGGGTCGTCGCCGCCCTCCGGACCGCGCTGCGGCGCGACGTACGGCGGGAGCGGCACCTCTCCATGCCGCTCCAGGAGCGCCTCGAGGTCGACCCCCTCGTCGAAACGCAGCGTCCGCGGGCCGTCCGCCAGCATTCCGGTGATCGTCGCTCCGGCATCGCCGATCCGGAGCCGCGCGCCGGGGCGCAGCTTGCGGCCCGGCCGCACCAGCGCGATCCACTCGCGCGCCTGCAGATCGAAGACCGCACCGCCGTGCGGCCGCAGCAGCAGCACTTCCGCCGCGCCGCCGCCGTCGCGGCGCGCGCGCAGACGGGCGCGGATCACCCGCGTCTCGTTGATGACGAGCACGTCGCCCGCGCGCAGCAGCGACGGAAACTCCGCGAACGTACGGTGCTCCGGCGCGCCGTCGCGCGCGACGACGAGCAGGCGCGAGCCGTCGCGCTGCGCGGCCGGCTCGCGTGCAACCAGCGCGTCGGGGAGGTCGTAGTCGTACGCCGCGACGTCGCGCGGACCGTACGGGCCGGGCGCCGCTATGACGAAGTCGGCACGCGCGTGCGCTCGATCTCGACGAACGACGCCAGCCGTCCGCGGTCGCCGTCGTTCATCTCGACGAACAGCACGCCGCACTGAAACGTGTCGCGCTCGAACGCGCGCACCCAGCGCACTTCTCCGCGAACCTCCAGCCACGGCGCGCGCTTCATCGTGAACGTATAGCGCGTCCCCTTGGGCAGATACTGATCGGAGATCACCCGCATCCCGGTCACGCTGATGTCGGCGATCGCGCCGCGAAAGAGCGTGTACGACGGTTTGTCCTCGACGACGACGTCGATGAACTTGCGCAGGCGGACGCCGTTCTCGGCGCGTTTGTCGTCAGCCACCGCTCACTGCGGTCCCCGGAAAGTAGAACGCGAGGATCTCCGCGGCGGACGCGCCGGCGGAGGCGAAGTAGCGCGCGCCCCACTGGCACAAACCGACGCCGTGTCCACGGCCCGAGCCTTCGATGAGCAGCCGCGGCGCAGCCTGCGACGCGTCGACGCGCAGCGAACGCACCCAGGTGCTGCGCACCGTCTCCGCGCCGAGCGCCCGCCGGAACTCGGCAACGGGAACGGTGACGGTCTGCGCGCCGCTGAGCCGCACGCCGTGCGGGCGGCCGCTGTCGTCGGGATCGACGGGCGTCGCCGACGCGAGCGTTCCACCGGTGCGCGTGCCGAAAGCGGCGAGGACGCGGTCGAGGGCGATCTCGCGGGTCCAGCGGTAATCGGGTGCAGGGACGCAGTGCGGATCGCCGACACCGCGCAAGTACGGCAACGGCGTGCTGCCCCATGTCGCGGCGATGTCGGCGGTGTGTCCGCCGCAGCACGACGAATAAAACACCGCGGCCGGACCGCCAGCGAACTGCAAGGTGCGTCCGCGCGTGGCGTCGATCGCCGCTGTCGATGCCGGCGACTCGGCCACGACGCCGCCCCAATGCTGATCCGCGTCGTCGGAGCGGACGTCGTACGGCCGCGAGAGCGTACGGCGCGCGAGCGCGAAGGTGCGCGCGACGATCGCCTGCGCCTGCAGCGACGCCGGCGGCCACGATGGCGACGCCTCGAGCGGGACGACGCCGCGCAGGTAAGCATCAACGTCGATCGTCGTGACGAGCTGGAAGTGCCCGTCGGGCGTCCCGATCGTCGACGGCGCGCCGCGCCAGCGCTTCCCCGCGAACCCGAACGTCCCGTCGGCGAAG
NZ_AP025523.1_gap38	1755761	1758825	3064	CGTCGGGTGTCCAGTACCGCTCTAGCAGGCCGATGAAAAATCGGCCGAGTTGATGTTGGCGTGACGGCGTTTTTCGCGTATTATAAGAGCAAGTCTCCTCATACCTTGGTGAGGTTGCGGCCGATGCGGACTCATGATGAGCAGCGTGCATCCGTTTGGACGACGTTGCAGCCGGAAGACACCGTGCCCGGCGATCATCCGTTGCGCCCGATGCGCGTGATGGTCAACGAAATTCTGCGCGAACTCTCGCCGGAGTTTTCCAAGCTCTACTCCCGACGGGGCCGGCCATCGATCGCGCCGGAGAAGCTGCTGCGAGCCTTGCTGTTGCAAATGTTCTACTCGATCCGCAGCGAGCCGATGCTGCTGGAGCAGTTGCGTTACAATTTGCTCTTTCGTTGGTTCGTGGGCTTGAGCATGGACGACAAGATCTGGGACCCCTCGACGTTCAGCAAGAACCGCGATCGGTTCTTGAATGGCGAAATCTCCGAGCGGTTCTTCGCCGCCGTGGTCGAGCGGGCGCGTGCCGACGAACTGCTCTCGAACGAGCATTTCACCGTCGATGGGACGCTAATCGAGGCGTGGGCCAGCCACAAGAGCTTTCGGCCCAAGTCGGACGACGAACCGCCGACCTCGAGCGGCGGTCGCAACGAGGGCGTGAACTTTCGTGGCCGGCCGCGCAGCAACGAGACGCACGTCTCGAGTACCGATCCGGACGCGCGGTTGTACCGCAAGAGCAGCGGCGCGCCGGCGATTCTCGGCTATCTCGGACATGCTCTGATGGAGAATCGCAACGGCTTGATCGTCGGCGTGAAGACCACTCGCGCGACCGGGATCGCCGAACGCGAAGCAGCGCTGGAATTGATTCGCGGGGTCAGCGGAAGCAACCGAATCACGCTCGGCGCCGACAAGGCGTACGATACCAAAGACTTTGTCGAGGCGTTGCGAGCGCTCAACGTGACGCCGCACGTTGCTCAAAATACGACCCGTCGCCGCAGCGCGATCGACCGCCGAACCGTCCGCCATCCGGGCTACACGGTGAGTCAACGCAGGCGCAAGTTGATCGAGGAGAGCTTCGGGTGGGGCAAGACGATCGGCCGATTGCGCAAGGTGCATTTCCGCGGGCTTGATCTGGTCGGCGACATTGTGCGCTGGACGGCCGCGGCGTACAACTTGATCAGGATACGCAATCTGAGGGCCGCGACATGATGCGAAGTGATGCTGACCCGAGGGGCGTTTTCGAGATGAACCGCTCGGCAACGGGCTTCGAGGGGTCCGCCGACCTCCCGAAAACCGTGCTGAACGGGCAGTTCGCGAACCACGCGCCGATTTTTTCACGGGGCTGCTAGTGCGTCGAGATCTCGCGCGATCCACACGTCGTCAACGAGCCCGCGTATCAGCGCCCGATTGCGCGCACCTTGGTCCGCATCCACGGCGCGCGTTTCCGAGGCGCGTCGAGCCGCTCCCTGCGGGTCACCGGCCGCTTTTGCAGCCCCTGCGTCAGGCAGCGCGTTCCGGTGCTTCGAGCGTCTCCTTGACCTGTCGCAGGAAGCGCATCGCCGTCGAACCGTCCATGGCACGGTGGTCCCAGCTCATCGAGAGGTTCGCGCGAAGCCGGACTTCGATCGCATTGCCGCGAGCGACGACGCGGGGCTCGACCGCGTCGGTCGCCAGGATCGCGACGTTCGGCGGGTTGATGATCGGCGCGGTGAACAGCGAGCCGTAGATTCCGGGATTGGTGATCGTGAACGTCGAGCCGTCGAGCTCGCCTGTACGCAGCGCTCCCGCGCGGGCGCGCACTGCGACGTCGGCGATCGCGTGCGCTAGACCAGTCACGCCGAGGCGCTCGGCATGACGGATCACCGGCGCGAACAGCCCGCGGCCGGGGACGTCGACGGAAATTGCAAGATGGACCGCGTCGTGGATCGTGCGCGTGCGCGCTTCGTCGTCGATCGATGCGTTCACGTCGGGGACGGCGCGCAGCGCCTCGACCACGGCCGCCGCGACGTACGCAAGCCACGTCGTCCGCTCGGGTGACGCCTTCTTCCTTACCGCGACGGCCTCGAAGTCGACGTCGATCGCCGAGAAGACGTGCGGCGCCGTCCGCCACGAGCGGGTCATGCGCTGTGCGGTGGCCGCGCGTGCGGGCGTCAAACGTTCGGTTCGGGCGTTGCGGCTCTCCGCCGCCGCGCGCAGCACGTCGTCGCGAGTGACGCGGCCGCGCGGGCCCGAACCGGGAATCGCCTCGAGCGGTATGCCGGTCTCGCGCACGAGCCGCCGCACGACCGGTGAGAGCAGTGCGCGCCCGTCCTGCGCACCGGCGGCCGCCGAAGCGTCACGCGCGCCGACGTCGCCTGCGCCGCCCCCGGTTGCGCCGTGCGGCTCGACGGCCTCGTCGGCTTCGCGCTCGATCGCGCAGATCGGCGAACCGCTGAGCACGACACTCCCTTCGGCGGCGAGAAGCTCGCGCACGACGCCCGCGACCGTCGCATGGACCTCAGCGGCGATCTTCTCCGTCTGCACTTCGCACAGCACGTCGTCGACGTCGACGCGGTCGCCGGGACGCACCAGCCAGCGGCCGATCGTCGTCTCCGCCGGCGCATCGCCGAATTGGGGGAGCGCGACGCGTTCGGTCACGTTACGACCGGCGCCGGAAGCCGCAGAATGGCGCGCGCATCGTCCGGCGTCGCGATCGGCCGTCCGACCGCCCGCGCAATCGATGCGACCCAGTCGACGACCTGCGCGTTGTCGGGCGATCCGCGCTCGACGTACTGCCAGTCGCCCAAGCCGCAGCGCACGTGGCCGCCGAGCGTGATCGCCCACGCGGCCGCCGGCAGCACGTCGCCGTTCCAGTTGCACACGAACCACGGTTCGTCAGGATCGAGTTCGGCGAGCATCGCGAGCAGGCCCGGCAGCGTCTGCGATGCGCCGGTCGGCATGCGCGCACCGGTAAACACCAGCAGCCAGAACGGATCGCGCAGGAGCCCAATCTCCTGATACCGCTTGGCGGTGCGGATGTGGCCGACTTCCCAGCAGACGGCATCGGTGCGCACGTCGTGGTCGCGCA
NZ_AP025523.1_gap39	1827705	1832277	4572	GCCCGGGACGAGGCGCGGCACGTTGCGGCAGATGATCGGCTCGCGAAAGACGGTTCCGTCGAGCTCGTTGCGGATCGTCCCGTTCGGCGACTTCCACATCTGCTTGAGATGGAACTCTTCGACGCGGGCTTCGTCGGGCGTGATCGTCGCGCACTTCACGCCGACGCCGTACTGTTTGATCGCGCGCGCCGCGTCGAGGGTCACTTGGTCGTTCGTCTGGTCACGGTACTCGATTCCCAGGTCGTAATACTTGAGGTCGAGGTCGAGATAGGGCAGGATCAGCTTGTCTTTGATGAACCGCCAGATGATGCGCGTCATCTCGTCGCCGTCGAGTTCGACGATCGGGTTACGGACGGTGATCTTGTTCAGGGTACCGGTCTCCAGGTCGAGGCGTGACCGGCAGGGCTTGGCGAGGCGCGCGGGACCGGCCTTCCGAACCGGCGCTTGATGCGCGTCGTCAGCCTCCTCCCCAGCGCCACGGAGATTCTTTTCGCAATCGGTGCCGGCGATGCGGTCGTGGGCGTCACGCACGAGTGCGACTTCCCTGCCGAGGCGCGCACGCGCCCGCACCTCACCTCCTCGCTCCTCCCCGCCGAACTCAACGCCGCCGGGATCGACCGCCACGTGCGCGCGAGCGTGCACGCCGGCTCGTCGCTGTACGGGCTCGACGACGCGGCGCTGGCCGCGCTCGAACCCGATCTGATCGTCACGCAGGAGCTGTGCGCGGTGTGCGCGGTGTCCTACGAGATCGTCGATCGCGCCGCGAAGCGGCTGCGCGGCGATCCGCGGGTCGTCTCGCTCGAGCCGTCGTCGCTCGACGACGTCTTCGCGACGATCGCGTTCGTCGGCGATCTGGTCGCGCGGCGCGCCGAGGCCGACGCGTTCGTCGCCGGACTGCGCGCGCGCGTCGCGGCACTCCGCGAGCGCGTTTCCCGGCGCGATCGTCCGCGCACGCTCGTGCTGGAATGGACCGATTCGCCGATGAGCGCCGGCCATTGGACGCCCGGGCTCGTCGAGCTCGCCGGCGGGATCCCGGTGCTGGGCAATCCCGGCGCGAACAGCCGCGTCCTCGATTGGGGAGCGATCGCAGCCGCGGACCCCGACGTCGTCCTGATCGCGCCGTGCGGCTACGACCTGGCGAAGGCGCGGGACGCGGTCGCGGCCCTGCCCGAGCCCGGCGCGCACGCGCTGCGCGGGCTGCGAGCGACGCAGGAGGGCCGCGTCTTCGCCGTCGACGGCAACGCGTTCGTCAACCGCCCGGGACCGCGGCTGGTCGAGACGGCGGAACTGTTCGCCGCCGCGATGCACGGATTCGCGCCGCCCGTGACGGGCGTCATGGAGCGCATCACCGGAGAGTAGCTCGCTTGCGTCGTAGTGCGGCGCGTATGAGTTTCAACGCGGCAACGTTCCCCGCGGCCAACGCGCCGTTCGACGTCTCCGATCATCCGCTGATCCACGACGTCAACCAGGAACACGCCGATCGTCTCACCCGGTCGGGCGCGCGTCCAGGACGATCGCCGACTGGACCGGCGCGCCGATCGCCCTCGGCCTCGCGGTCCTAGTGCAGGCGATCTGGATCCCGGTCGGGATCGTCACCAAATTGGATCCGTTTCCGTTCGCGTTTCTGCTGACGTGCTCGAACGTGCTGCAGCTGATCGATCCTGATCTTCGTCCTTGCGGTCGGCCAGCGCCAGTCGTCGGCGCACGCCGAACTGCGTGCCGAACACGATCACAGCGCGATCTCGCGGCTACTCTACCGTCAAGAAGTGCAAGAAGACATCCTGATCTCGATCGCCGGCAAGATCGAGTGCGACGTCGCCGATCTCAAGCAGATCTTCGCGCGTCTCGCCGCCGCGGACAGCGGACCGTGACGCGCCTCGCCGGGCGCGCCGCGCCGTGAACGTCCCGGGGAGCTTCGACGCGCTGATCGCGATCGTTGCGATCTACCTCGGGCTGGCGGTGTTCTGTTCGCACGTCAACGAGCAGATCGCGGCGTTCTGCAAATGGCGGGGCGAGCAGTTGTACCTCGGCGTGCTCAACCTGCTGGTCGGCGAACGCGGGATCACGGACGCCATCTTCACGCACCCGCTCGTCACCGCGTCGCGCAACGATCCCGGCGGCAGGCCGGTGACGAATCCCGGCGCCACGGCGGCATCCCCGTATCGGCCGTCGTTTCTCGACGCGCGCAACTTCTCGCTGGCGATGTGGGATACGATCGGCCGTGCGACCGTCGACGCGCGCACGAACGCGATTGCGGTCGACGCCGAAGCGGCGAGCGCGATCGCGGCGCCCGACGTGCTGTTCGCCGATCTCAAGGCGCGCGTGACGGCACTCCCCGCCGGCGACCTGCAGCGCCAGCTCGCGGTCCTCGTCAACGACGCGCAAGGAAGCTACGACCGCCTGCTGCGCTCCACCGACGCCTGGTTCGATCGCCAGATGGATCGCGTCTCCGGCTGGTACAAACGCAAGACGCAGTGGGTGATCATTGCGATCGCGTTCGTCACCGTCTTCCTGCTCGGGATCGACTCGATCCGCATCGCCTCGCGGCTGTACGCCGATCCGACCACCCGTGCGGCGCTGGTCGGCGCCGCGGCGAACGCGGTCGCGCCGCAAGTCGCAAAGCACGTGCAGACCGGCGTGCTCGCGACGCCGAACGCCGCGACGCCCGCGGGTCCGACGCCGCAATCGGTCGCGGACGCGGTCGACGACATCTTTGCGACGATCCCCCTCGACACGTTCCTGACCGGACTCACGGGCGGATGGACGGCTCCGGTGACGCGGGCAGCGCTCTGGTCGGACGTCCTGCACGTGACGGGACTGCTCGTCACCGTCACGGCGGCTGCGCTGGGCGCGCCGTTCTGGTTCGACGCGCTTTCGTCGCTCGTCAACGTGCGTCTGGCAGGCCCGAAACCGGCGTCGCGCGCCAATCCGGCGGGCAACGCGCCCGCGCCGGCGCCGTAACCGCTATTCGGGCTTGTCGGTAAAGCGCTGCGCCGATTCGACGATCACGCGGCGCGCAGCGGCGGCGTCGTCCCAGCCTTCGGTGCTGGTGTGCTTCCCTTCGAGCAGTTTGTACGTCTCGAAGAAGTGCTGGATCTTCCGCAGCTGGTGCGTGAAGATCTGGGTGAAGTTGTGCACGTCGGCATAGTCGGGTTCGCCGACCGGGACCGCGAGCACCTTGTCGTCGGGCTTCCCGTTGTCGATCATCTTGAGCAGGCCGATCGGCCGCGCAACGACCAGACAGCCGCTGAAGGTCGGCTCGGAGACGAGGATCAGCACGTCGAGCGGATCGTCGTCGAGCGCGAGCGTGCGCGGAACGAATCCGTAGTCGCCGGGATAAAAGATCGGCGAGTGCAGCGCGCGGTCGAGCCGGAAGATGTCGAGCGATTTATCGTACTCGTATTTGTTGCGCGACCCGCTGGGGATCTCGACGATGACGTTGATCTCGTCCGGCGCCTTCTCGCCCAGCGGAAGATTCAACCGGTTCTGACGGGTTGCAAGACTCATCGCACCGAGCGTTCGCACCCCGCACGCTCCGCGCCTTGACGCCCGCTCAGGCTCCGAAGGCCGCGAGCATCGCGACTTCGGCGACGACGATCGTGAAGCCGTAGGCGTCGCCGGTGAGGCGGCCGCCGAGGCGCGGGCGTATCCACGTCATGCACGCGACGGCGGCCGCGACGCCGCAGGCCAGCGCCGCCGCGCCGCGCACAAGCCCGGCGAGCGTTGCACAGGCGCCGACGAGCGCCGCCGAGAGCACCAGCATCGGAACCGACGGACCCTCACCATCGCCGTACGGGACGACGCGCGCGTACGCCACCGCGGCGAGCCGCGCCGCCGCAGCGGCGGTCGCGAGCGTCAGCACGTAGCGCTGCGGCGGGATCGACCACAGCGCGGAGATCCAGACGGCACCTGCCACCGCGAATCCCGCCAGCGCGAACGTGCCGTGGCCGGGATCGTCGAGGATCTCGCGCCGTCGCTCGGGCGTCGCGCTCGCGAAAAACGCGTCGCAGCCGTCGAGAAATCCGTCGAGGTGGATGGCGCCGGTGAGCACGATCGACGCGCCGAACGCGGTCGCGACCGCGAGCGCGTGCGGCGCCGCGAGCGAGACCAGGTACGCAGCGCCGCCGGAGAGCGCCCCGACGACCGCACCGACCAGCGGCAGCCATGCCATCATCGCCCCGTCGGGCGGGCCGGCGACGCCGACCGGCAGGATCGAAAAATAGGAAAACGCCGCGCGCACGGAGCGCAGGGCGCTCACGTCGGGTCCGGCTCCTTCGTCGCGACGCCGGCTTCGGCGAAGGTGTGCATCTCGCGCACCATCCGCGCCGCGGCCTCGACGAGCGGGAGCGCGAGGGCCGCGCCGCTGGCCTCTCCCAGGCGCAAATCTAAATCGAACAGCGGCTCGAGTCCGAGCGCCTCGAGCGCGAGCGCGTGGCCCGGCTCCTGCGAGCGGTGCGCCGCGACGCAGTAGTCGAGCGCCTGCGGTGCGATCGCGCCGGCGATCAGCGCGGCCGCCGCGACGATGTAGCCGTCGAGGACGACCGGGATGCGCGCGCGTGCCGCGCTGAGGAT
NZ_AP025523.1_gap40	1840544	1842938	2394	GCGCGCCACCGCCGCGACCAGCAGCTCTTCGACGTCCGGGAGGCGGATCGCGAGCGCGACGGTGCCGCCGTAGCGCTTCACGCACGCACTCAGCAAGACGGCGTTGGAATCGAGGATCGCGCCGGGCGGCGGATCGTCGGCGGTGACGTCGACGAGTTCGTCGCCCGTGGTGATCAGCGCGACGCGCGGCCGCCTCACCACGTCGACGCGCGCGACGCCGGCCGCCGCGCACAACGCAAGATCCGCGGGGCCGAGCAGACGGCGCGCGGGGACGACGACGTCGCTCGCGACGACGTCTTCGCCGATCGCGCGCACGTGTTCGAACGGTGCGACGGCGGCGCGGATCGCGACGCGCCCTCCCTCGCGCGGCTCGACGCGCTCGATCGGCACCACCGCGTCGAACCCCGGGGGGAGCGGATCGCCGGTGTCGACGACGAGCGCGTCGCGCGCTTCGAGGACGACTGGCGCGGTCTCGCGGGCGCCCGCCGTGCGCGCCGCGCGGACCGCGATCCCGTCCATCGCGCACGCGTGATAGTGCGGCGACGAGAGCCGCGCGATCACGGCGCGTGCGGTCACGCGGTCGAGCGCGTCGTCCAGCGCGACCGTCTCGACCGCGTCGCCGCGCGCGTCGACGCCGTGCGCCCGCAGCGCCGCGTCGAATCGTTCGCGCGCCGTCTCGAGCGGGATGTCGTGCAGAAACACGGTGCGCGTTGCGGTCACGGAACGATCACCCGCACCGTCTCGCCGGCCGCGACGCCGCTGCGGTCGAACGGGATCGCGATCAGCGCGTCGGCGCGCACGAGCGTGAAGATGAGGTTGGAGGCGCCGAACACCGGCGTCGCGCGGAGATGCCCCGCGCCGTCGCGCGCGAGCGTGCACGGCACGTAGTCTTCGCGTCCCGGTCGCGACGGGACGGCAACGTCGAGGACGGCGGCGAGTTCGCGTTCGTCGCCGAGACCGTCGTCGTCGATCCGCTCGCCCGCGAGGACGCGCACCAGCGGCCGGACGATGCGCCAGGCGACAACGAGCGCGCTGGCGGGATTTCCCGGCAGGCCGACGACCGGCTTTCCGCCGCAGCGTGCGAGCACCGTGGGTTTTCCCGGCTTGATCGCGATCCCGTGCACGAGCACGCCCGGCGCCCCGAGCGCACCGATCGCTTCGGCGGTGAGATCGCGCACCGAGACCGACGAACCCGCGGAGATCACGAGCGCATCGGCATCGTCGAGCGCCGCGCGCGCGGTGCGCTCGAGCATGAGCGTGCTGTCGGCGGCGATTCCGTGCGCGACCGCGACGCCGCCGGCGCGCTCGACGATCGCGGCGATCGTCGTCGCGTTGACGTCCCGCACTTGCGCCGGTCCCGGCGCCGCGGAGGCCGGGACGACCTCGTCGCCGGTCGAGAGGATCGCGACGCGCGGCTGCGCGGCGACCTGCACCCGAGTGATCCCGAGCGCGGCGAAGCCGCCGAGGTCGGCCGCCCGAAGACGCCGGCCCGCCGGTACGGCACAGGCCCCCGCCCGAATGTCTTCGCCCACCGTCAGGACGTTCTCGCCGGGCGCGGCGGCGGCGAGGATCTCGACTTCGGCATCGCCGACGGGGACCGGATGCAGGTTGGTGTCCTCGACCATCACCACCGCGTCGGCGCCCGGCGGGATCATCGCGCCCGTGTGAATGCGAGCGGCTTCGCGGGGGCCGATCGGCCGCCGCGGCACTACAGCGGTCGGAACGTCGTCGACGAGGCGCAGGTACGCCGGCGACTGCTCCGAGGCGCCGTGCGTGTCGGCGGCTCGTACCGCATAGCCGTCCATCGTCGAGCGCGCGAACGCCGGAAGCGTCTCCGAAGCGGCGACGTCCGACGCAAGGACGCGCCCGAGCGCGGTGCGCAAGGGCACGATTTCCGTGCGCGCGATCGGGGAACAACCGCGCGCAACCGCGGCGAATGCTTCGCCGGGCGGCATCACGGTAAAAAGTTCAGCCAACGAGGCACCTCCTGCGTGCCGCGCGAATCCGGATCCCTTCCCCCGGTCCGTCACCGAGGAGTACGCCCATTCTCACGCTGCCGAACCCTTCTCAGTCCTTCGACGACCATCTGTCCTCTTTGGGACTCGGCGGCGTGGGGACCGTGTACCGCAACCAGAGCGCCTCGCAGTTGTACGAGCAGGCGCTGGCGCGCGGCGAAGGCCGGATCGGCGCTGACGGACAGCTCGTCGTCGAGACCGGAAAGCATACCGGACGTTCGCCGCAGGACAAGTTCATCGTGCGCGAGCCGGGCAGCGAGAACCACATCGACTGGGAGAACAACAAGCCGATCGACGCGCACGTCTTCGATGCGCTGCTCGCCCGCGTCGGCGAATACCTGAGCGGCAAGGACGTCTTCTCGCTCGACTGTCACGTCGG
NZ_AP025523.1_gap41	1845475	1846219	744	CACTCGTTGAGGAGCATCTGGCGGTAGAAGCGATGCCGGTCAAGCTCTCCGATGATGCTGTTCCCCATCGCACCCGTTTCGGCTCCGGTGCGCCAGTGATAAAACGCCAGCAGCTGCGGGACCATCACGATTTCATACTTCGACAAAAAGCGCACCAGAAAATCCCAGTCGCCGAGATACGGGATCGGTTCGTACACGCCGCCGACGCCTTCGTACGCCGCGCGCGTGAACAGAAACGAAATCGGCGGGATGAAGTTGGCCATGAGCATGCGGTCGAGGCTCAGGAAGCCCGGCGGAACCCAGTCGTTGAACGGGGCGATCGACTCGATCTCGACGAGGTTGCCCTGAATCCGTTCCAGCACGCGATGCGCATACGTCGTCACGCCGTGCACCGTCGGATACACAGCGTGCATCCTGCGGAGCTCCGCGACCGTGACGACGAGAAATTCCGGCGCCCAACTGTCGTCGTCGTCGTGAACGACGAGCAGCTCGCTATCCAGCGCGGCGAGGCCGACTTTGCTCGCGCCTTCCATCCCAAGCGATGCGGGGTTGTGGATGATGCGGATCCGTCCGCGTGCGTCGTCCGCGTAGCGCGCGACGAGGGTCTCAACGGGAGCCGGGTCGCCGCCATCGTTGACGATGACCATCTCCCAGTTCCGGTACGTTTGAAACAGCACGCTCTCGACGGCGCGCTTGAGCAGCACCGGCCGGTTTTTCGTACGGGTGACGATCCCGACCACGGGC
NZ_AP025523.1_gap42	1914161	1918146	3985	CCGACGCGATCATGGTCGTGATGATGCCCGACTCGGGCCGCGGCTACATGTCGAAGATCTTCAACGACGAGTGGATGCACGCCAACGGATTCCTCGAGGACGATCGCCGCAAGGACACGGTCGGCGACGTGCTGCGCACGAAGCAGCCGCTGCCGCCGATGATCGTCGTGAGCGAAGAGCAGACGGTGAAAGAGGCGCTCGACCTGCTGCGCCGCTATGAGATCTCGCAGCTCCCGGTGATGCGCGGCAACGACGTCGTCGGCTCGATCAACGACGTCGCCGTGATGCAGGCCGTGTTCGATCACGCGGACATCATGCACAAACCGGTCGTCGAGGTGATGGGCCGTCCGTTCCCCGCGCTCGAGCACGATTCCGAGGTCGGGATGGCGTACAAACTGCTCACGATGGCAAACCACGCAATCGTCGTCACCGAAAATGCGCGTCCCGTCGGCGTGGTGACGCGCCAGGACGTCATCTCGTTCCTCTCGGCGCAGACCGCCGGATGAGCGGCGAGATGGACTTCGCGACGCGGGCGATCCACGTCGGCCAGGATCCCGATCCGACAACGGGCGCGACGATCGTCCCGATCTACGCGACGTCGACCTACACTCAGGAGGCGGCCGGCAAGCACAAGGGCTTCGACTACTCGCGCACCGTCAACCCGACGCGCGTCGCGCTCGAAAAGCAGTTGGCCTCGCTCGAGGATGCCCGCTTCGCCTCCGCGTTCGCGTCGGGAATGGCGGCGACATCGGCGGTCATGAACCTGCTCTCGTCGGGCGATCACGTCATCGTCACCGAGGACCTCTACGGCGGAACCTACCGGCTCTTCTCGCGCGTGCTGGTGCGCTACGGCCTGGAGTTCAGCTACGTCGACATGACCGATCCCGCCGCGGTCCGGGCGGCGATCAAGCCCAACACCAAAATGTTCTGGATCGAGACGCCGACGAATCCGCTGCTGCGCCTGATCGATATCGCGGCGATCGTCGCGCTCAAGCCCTGCGGGACGCTCGTCACCGTCGACAACACGTTCGCGACGCCGTACTTTCAGTCGCCCCTCGCGCTCGGCGCCGAGATCGTCGTCCACTCGACCACGAAGTACATCGGCGGGCACTCCGACGTCGTCGGCGGCGTCGCGATCACCGACGACGCGTCGATCGCCGAGACGATCGCGTTCCATCAGAACGCGGTCGGCGGCGTCCCCGGACCGTTCGATGCGTTTCTGACGTCGCGCGGCGCCAAGACCCTGGCCGTGCGGATGCGCGAGCACGAGCGCAACGCGCATGCCGTCGCGGCGTTCCTTGAAGAACGCGACGACGTGGCGCGCGTATTCTATCCCGGACTGCTCTCGCATCCCCAGCACGAGCTCGCGAAGCGGCAGATGCGCGGCTTCGGCGGGATGGTCTCGTTCACGCTGCGCGGACCGGAGTCGCGCGCGCTCGAGACCGCCAAGCACACGCGCCTCTTCTCGCTCGCCGAATCGCTCGGCGGCGTCGAGTCCCTGATCACGCACCCCGCCCGCATGACGCACGGATCGATCCCCAAAGAAGATCGCGAACGGCGCGGAGTCGGCGACGGCTTGCTGCGGCTCTCCGTCGGACTCGAAGCAGCGCGCGACCTGATCGCCGATCTGCGCCGGGCGCTCGACGCGACGATCACGCTCGCCGGGATTGCCGGGACGAGCAACGGCGCCGGCGATGCTTCGCATCCCGAACGCATCCCCGCCACCCAGAGCGAGGGCGCACCGACCTCATAGCCGGAACGCATTTTCATCGCACGCTCACCGAATTGCCAGCAAATCCCACGCGGGCGTGCGCTACGCTGACGCTATGAAATTATCGCTCCCCGTCCTCGCGCTCGTCTTCGCGACCGGATTCCCTCTCGCGGCCTCGGCTCAGCAGAGCAGCGCGGCGGAGAACGGTCCGCCGCCCGAAGTCCACGCCCAAATGCAGCAGGCTCGCGACAACGCCAAGACCGCGGCCTTCAACGATCTCTCCGCCGCCGATCGCGCCAAAGTGCAAGCCGTGATCGACGCGGTCAACAACGGTCAGCAGACCGACCTGCGCGCCGCGGCGCAGCAGATCGACGCCGCGCTCACGCCGGCGGAAACCACCGCCGTTCTCGCCGAGCGCACCAAAATGATCGCCGCAATCCGTGCGGACATCGCCGCGATGCCGAACGCTCCCCAGGGCGGTCCGCAAGGCGGTCCGCCGCCGGGCGCCCGGGCCCACACCGCGTCCGCCGGCCGCTTCCTGCTGATGCTGGGCGTGAGCCGCGAGAAGATGCGCGAACTGCGCCACGCGCAGCAGCCTCAGGCGCCCACCAAACCGCAGTAACCGTCCCTTCCCGCAACGCCGGGCTCGTGTACGCGCGGGTCCGGTGTTGTCGTTTCTCAGCCGCGGTCGAGGACGGCCGCGAGCGCGGGGAGCGAGATCTCGTAGCGGTAGCCGACGTTGCGATGATCGTCGTCGAACTCTTCGTGCCTTACGTCGAGGCGGAGGTCGCGACAGCGCTCGGTGAAGACGCGCGCGCCGATGTCGAGACCGTACTCGTCGCACCGGCCGCAATCGAGATAGCGCAGCCGCAGGCGCGCGAGCGCATCGCGGCCGGCCGCGACGCGTTCGCACGGATCGAACGCCAGCCAGCGCGCGAAGACGTCGTCGCGCAGCGCGCCGGTCTTCGCGTCCCACGGCAGGTCGATCGCCCAGCGCTGCGCCGCCGCCGGCGAATACGCGGCCGCGTAGCCGAGCATCTCAATCGTCGCGTAGAAGTGCTGCGGCCGCTTCGGCCGCGCCTCGAACGCCTCGACGAACGCCTCGAGCGACGCGAACCCCTCGAGCGTCCGCTGCGCGGCGGGGAACGACGGCAGGTGCGCGTAGCGGAAGTACGCGTCGCCGCTGTGCGATGCGAACGCGGCGAAGGTCCCCGGATACGCGAGCGACAGGTGCAGGGCGCCGAAGCCTCCCGAGGACTTGCCGAAGACCGCGCGGCCGCCTTCATAGGGGATCGTGCGGTAACGCGCGTCGACATGGCCGATCGCGTCGCGCACCGTGTAGGTGGCGTAGTCGCCATTGTGGATCGAGTCGACGTACTGCGATCCGCCTAGGCGCGTGAAGCCGTCGACGATCGCCAGCATCGCGGCCGGCATCCGTCCCTCGGCGATCAAGCGGTCGTGCCATTGCACGACGTTGAACTCCCATTTGCGCGACGACACCAAGGCGCCGACATCGCCGGTGTAGCCGTGCAGGCAGTACAGCACCGGATACCGCACGGAGCCTTGGGCGTCGTAGCCGGGCGGCGTGTACACCGCGAGCGGACGTTCCGACGGATCGCCGAGCGGGTTTCCCCGCAGTGCGGGGCTGTCGATGGTGTCGACGTGCAGCGTTCCGCGCAGGCCGAGCAGGTGCGAGAGTTCGTTCACGGGACGGCGAAGGCGTTCGCATGAGCGCTTTTCGGGGCCTTCGTGGGGCGCTGGCGACGGTCGTCGCGTGCGCGCTGCTGCTCGCGTTCCCCGCGTCCGCCGCCGCCGCCCCGTCGTTTGGTCATGCGATCGTCACGCGAAGCGCGGACGGCGATCCGATGCTCGCGCTCGACGGCCGGCCGTTCTTCTTCGTCGGCGGCGCCTTCTTTTACGAACGGATTCCGCGCGAGCGCTGGCGCGATGCGATGCTGCGCATGCGCGAGGTCGGCGCCAACACGATCGATCTGTACGTCCCGTGGAACTGGCACGAAACCGCGGACGGTGTCTTCGATTTCGACGGGCACACGAGCCCGCGCCGCGATCTGCGCGAGGTGCTGCGGCTCGGCGAGGAGTTGGGGTTCTTCTTCGTCGTTCGTCCCGGCCCGGTGATCCGCAACGAGTGGCGCAACGGCGGCTATCCGGCGTGGCTGCTCGAACGTCCCGAGTACGGGATGCCCCTGCACGACGTGCTCGAAGGGCGTTATCCCGCGACCGCGACGCTGCAGAACGCGCACAGCGACGACGCCG
NZ_AP025523.1_gap43	1926882	1928550	1668	ATCTGCGCTTCGCTGTCGACGGCGCGCGAGATCATTTCGGCCGCTTCGTTGACTTCGTACATCGAGAGATCGAGGCCGCCGGTGATGTTGAAGATCACGCCGCGCGCGCCTTCGATCGTAGTCTCGAGCAGCGGCGAGGCGATCGCCTTCTGCGCGGCGTCGGCGGCGCGATGCTCGCCGGAGCCTTCGCCGATCCCCATCATCGCCGAGCCGGCGTCGGTCATGATCGTCTTCACGTCGGCGAAATCGAGGTTGATCAGCCCGGGCTGGGTGATCAAGTCGCTGATCCCCTGGATCCCCTGACGGAGCACGTCGTCGGCGTAGGTGAACGCTTCGTTGAGCGGCGTGCGCTTCTCGATGATCTGCAGGATGCGTTCGTTGGGGATCGTGATGAGCGTGTCGACCTTCGCTTCGAGGTCGGCGATCCCGCGCTCCGCGGACTGCATGCGCTTGCGGCCTTCGAACGCGAACGGCTTCGTCACCACCGCGACGGTGAGCGCGCCAGATTCGCGCGCGAGCTCGGCGACGATCGGTGCCGCGCCCGTCCCGGTCCCGCCGCCCATCCCGGCGGTGATGAACACGAGGTCGGCCCCGTCGAGGATCATCGCGAGATCTTCGCGCGACTCGTCGGCGGCTTCGCGCCCGATGTTCGGATTGGCGCCGGCGCCGAGACCGCGGGTGAGCCCGCTCCCGATCTGCACGGTGTTGTTGGTCTTGCTGGCGCGCAGCGCTTGCACGTCGGTGTTGATCGAATAGAATTCGACCCCGTGCAGCCCGGCGTCCACCATGCGATTGATCGCATTGCAGCCGCCGCCGCCGAGTCCGATCACCTTGATCGTTGCCGCGTGTTCGGGGACGAGTCGTTTCGCATCAGCCATCGTCGCGTGTTCCTCCGGAAAGAGCGGGAGCATCGGAACCTGCCATCAGTTCCAGATCGAGGTGAACCAGGACCACAGTTTCGCGAACGCGCCGCTGCCGTGACCGTTCAGCCCGTGCGGCGACTGCTCGCCGCGCGGGCCGAACAGCACGAGCCCCACGGCCGTCGCGTATTCGGGCTGTTTCACGGCATCGGTCAGCCCGGCAATCGTCGACGGGACGCCGACGCGCACCGGCAGGCCGAACACCTCGGCGGCCGTCGTCTCGATCCCGCGCAGGTGCGCGCCTCCGCCGGTGAGGACGACTTCGCTGAGCACTTGATCGCGCGGCAGCCGGTCGACGACGTTGGCCTTCGCGAGCCGGAAGATCTCGAGCACGCGCGGCAGGACGATCGAACGCAATTGCGCGGAGGTCACCTCGCGCGTGCTCCGTCCGTCGAGCGATTTCACCTGAAAGATGCGCTCCGTCTCGTCCGCGCGCGCGACGCCCGAACCATAGGTGCGCTTCACGTTCTCGGCTTCGGCGAACGTCGTTTTCAGCCCGAGCGCGATGTCGTTGGTGAGGATGTTGCCGCCAACTGGGATCGTCGCCGAGTGCACGACGCCGCCGTCGGCGAAAACCGCGATATCGGTGGTGCCGCCGCCGATGTCGAGCAGCACGACGCCGACCTGTTTTTCTTCGGGAAGCAGCGTCGACGCCGACGATGCCAGCGGCTCGAAAACGATCCCGGCGGTCTCGAGCCCGGCGCGGTGCACGCATTTCAGCACGTTCGAGATGAACGACGAACCGCCG
NZ_AP025523.1_gap44	1940500	1943221	2721	GAGGAGTATTTCGCGACCGCGCTCGCCGTTGAAGACGGGATCGGAAGCGGCGTCGTGGCGTACAACATGCGCAACGGCGAACTCGAACTCGTCACCGCGAAGGCGACGATCTTCGCCACCGGCGGTCTCGGCCGCGTCTACCGCAAGACGACGAACGGCTACGCCTCGACCGGCGACGGGATGGCGATCGCCTACCGCGCCGGGATCCCGCTGATGGACATGGAGTTCGTCCAGTTCCATCCGACCTCGCTCAAAGAGAACGGCGTCCTGCTCTCGGAAGCGGCGCGCGGTGAAGGCGCGTACCTGCTCAACAGCGAGGGCGAGCGCTTCATGTTCAAGTACGCGCCGAACAAGGGGGAACTGGCCTCGCGCGACGTCGTCAGCCGCGCGGAGTGGACCGAGATCCTCGAAGGCCGCGGGATCGACGGCTGCGTGCTGCTCGACCTGCGCCATCTCGGCCGCGAGAAGATCCTCGAGCGCCTGCCGCAGATCCGCGAGCTCGCGCTCGACGCGACCGGCAAGGACGCGATCGATACGCCGATCCCGATTCTGCCCGGGATGCATTACGCGATGGGCGGGATCGAGACGGACAAGTGGGGCGCGACCCGCATCCCCGGGGTGTACGCGGCCGGCGAGTGCGCGTGCGTCTCGGTGCACGGGGCGAACCGTCTCGGCGGCAACTCGCTACTCGAAACGATCGTCTTCGGCGCGCGCTCGGCGCAGCACGCCACCGACTACATCAAATCGGTCGGCAACGTCCGGTCCTCGGAGCGCACCCTCAAGGCGGAACAGGACCGAATCGACGGCATCCTCGCGCGCAGCGGCGGCGAGCGCCACAGCCACGTCCGCAAAGCCGTGAACGACGCGATGAGCGATCACGCGTTCATCTTCCGCAACGACGCCGAACTGCGCGACGGGATGGAGAAGCTCCGCACCGCGCGCGAGATGGCGACGACGATGACCGTGCAGGATAAGTCGAAGACGTTCAACACCGATCTGGTCGGTCTGCTCGAAACCGAGTTTCTGACCGACATCGCGCAGCCGATCATGCTCGGCGCGATCAACCGCACGGAGTCGCGCGGCGCGCAGGCGCGCACCGACTTCCCCGACCGCGACGACGAGAAGTGGATGACGCACACGCTGATGCGGTATAAGAGCGCCACGGCAGACCCGGATCCTGATTACTCGCGCAAGGTCGTCATCACCAAGTGGCAGCCGACAGTTCGGACGTATTAAGCACATGGCCTACACCCTGGATATCTTCCGCTTCGATCAAGCGACCGACGAAGTTCCGCACCGCGACCGCGTCGAAATCACCGAATTGCCGGAGACGGTAACGGTCCTCGATGCGCTGGAGCATGCTAAGGCCGAGATCGACGGCTCGATCACGTTCCGCCGCTCCTGCCGCTCCGCGATCTGCGGCTCGTGCTCGATGAACATCAACGGCACGACGGGCCTGGCATGCAAGACGCCGGTCGCCGCGGTGCTCAAGAGCGACCGCTCGATCGCGATCGACCCGATGCCGAACTTCCAGCCCATGAAGGATGTCGTGGTCCACATGGATCCGTTCTGGGACAAGTACACGCGCCTCAAGCCGTACCTGCAGCCCAAGGACAAGGATTCGGACCACGCGACGGAACGGCGCGTCTCGCCCGAGGACATGCACAAGCTGGTCGCCGTCGCGAACTGCGTCATGTGCGCGACCTGCTACGCGCTGTGCCCGGTCGTCTCCGTCGACCCGGCGTTCGCCGGGCCCGCGGCGATCGCGTACGCGTACCGCTTCATCGAAGACGTGCGCGACTCGAAACGCAAGGAGCGCGCAGCGCAGATCAGCGATGATTACTTGTGGCTGTGCGCGCACTGCTACGCGTGCTCGTACTGTCCGAAGCACGTCGATCCGCACGACGACATCATCGCGGTGAAGCGCGCGACGATCGAAGAGGGCCTGGTCGACGAACCGGGTCCGCGTCACGCGCTCGTCGTCGCGAAGACCGTCAAGCAGACCGGGATGCTGCACGAGACCGAGGTCATTCAAGGGACCGTCGGCCGCTTCAACATCAAAGGGTTGCTGAAGGTCGCGCCGTTCGGCCTGCGGCTCGCGATGGCCGGCAAGATCCCGCCGCTCTTCCTGAAGCCCGTCCCGAAGGTCGACGAGATCCGGACGATCTTCGATACCCTGGAGGCTCCGACGCTCTCATGACCATGGTGATGGACAAGCCCGCGATCAAGGGCAAATCCAAGTCCGCGCAGATGCGCAAGTACGGGTTCTTCCCGGGCTGCGTCGCAAAAGAGTCGTGCAAGGAGCTCTTCAACTCGACGATGCTCCTCGCCGACCGGCTCGGCATCGAACTCGTCGAACTCACCGCGGCGTCATGCTGCGGCGCGTCGGTGCTCAACGACACGAATCGCGACGTCGCACGCGTGCTCAACGCGCGCACCTACGCGCAGGCCGAGGCGCTCGGCCTCGACGACGTGATAACGATCTGCTCGACCTGTACCGGGCACATGCGCGCGGCGAACAAAGAGCTGCTCGAAGACGAACGCCACATGGGTCAGGCGAATGCGATCCTCGGCAAGTTCGGCGCGAAGTACGACGGCACGGTGAAGGTGCGCCATCTGCTGTGGCTGCTCGCCGACGACATCGGGCTCGACGAGCTGAAAAAGATGGTCGTGCGGCCGCTCAACGGTCTCAAGGTCGCGCCGTTCTACGGCTGCCACATC
NZ_AP025523.1_gap45	2018895	2022794	3899	CTTGTATGTTGCCCGCGCAAGGAAGCCATCAGCGTTGTGTTAAGCGATCGTCGGGTTCCCCTTACAAACAAAAAAGGCCCCGGCGATGCCGGAGCCTTTCTGGCGAAGCGCCAGCGGCGCTATGCTTTGAGTTCGATGTCGACGCCGGCCGGGAGGTCGAGATGCATGAGCGCATCCATCGTCTTCGGCGAGGCCTGGAGGATGTCGATGAGGCGCTTGTGGGTGCGCATCTCAAAGTGCTCGCGCGACTTCTTGTCGACGTGCGGGGAACGGTTGACGCAGAACCGGTTGATCTCCGTCGGGAGCGGCACCGGACCGCTGACGAACGCCCCCGTACGCTTCGCCGTGTCGACGATGCGCTCGGCGGACTGATCGAGCACGCGGTGATCGTACGCTTTGAGCCGGATACGGATCTTCTGCTTTGACATGGTTGTGATCGAGCTTTCTTAATCTTGCGCTAAACGCCCCAGCGGGCTAACTGTGCCGACAGATGCGAGGCGCCGAGGGGCGAAGTGGTCTGGGGACCACGAGTCCCTCGGCAACGAAGCAGATGGCGGTACAGTTAGTCCGCCACGGTAGTGACGACGCCGGCGCCGACGGTGCGGCCGCCTTCACGAATGGCGAACCGCAGGCCCTCTTCGCACGCGATCGGGGTGATCAGCTCGACGTCCATCGTGATGTTGTCGCCGGGCATGACCATCTCGACCCCTTCCGGCAGCTTGATCGTGCCGGTAACGTCGGTCGTGCGGAAATAGAACTGCGGGCGGTAGTTGGCGAAGAACGGGGTGTGGCGGCCGCCCTCTTCTTTGGAGAGGACGTACACCTCGGCCTTGAACTTCTTGTGCGGCTTGATCGAGCCCGGCTTCGCGAGAACCTGGCCGCGCTCGATGTCGTTGCGCTCCACGCCGCGGAGCAGGACGCCGACGTTGTCGCCGGCGATGCCGACGTCGAGCAGCTTGCGGAACATCTCGATCCCGGTGACGACCGTCTTGCGGGTCTCGTCCTGGAGGCCGACGATCTCGACTTCCTCACCGACTTTGACCTGACCGCGTTCGACGCGGCCCGTGCCGACCGTGCCGCGGCCCGTGATCGTGAAGACGTCTTCGACCGGCATCAGGAACGGCTTGTCGACGGGGCGTTCCGGCGTCGGGATGTACGAGTCGACCGCGTCCATCAACTGGAAGATCGGTTCGGCGTCGGCATCGCCGCGCTTGCCCGACGAGTTGAGGGCTTTGGTCGCCGAACCGCGGATGATCGGGGTGTCGTCGCCCGGGAACTCGTAGCTCGAGAGCAGCTCGCGGACTTCCATCTCGACGAGCTCGAGGAGCTCCGGATCGTCGACGAGGTCGACCTTGTTGAGGAACACGACGATCTTCTGAACGCCGACCTGGCGCATGAGCAGCACGTGCTCGCGCGTCTGCGGCATCGGACCGTCGGTCGCCGCGACGACCAGGATCGCACCGTCCATCTGCGCCGCGCCGGTGATCATGTTCTTGATGTAGTCGGCGTGACCGGGGCAGTCGACGTGCGCGTAGTGGCGCGCGTTCGTCTCGTACTCCTGATGCGAGATGGCGATCGTAATCCCGCGCTCCTTCTCCTCGGGCGCGTTGTCGATATCGTCGACGCCGCGCTTCGCGATGGAGGAGTGCTCGGTCGCGAGGCAGTTGATGATCGCGGCCGTCAGCGTCGTCTTACCGTGGTCGACGTGACCGGTCGTCCCGATGTTGACGTGCGGCTTCGACCGCTCGAACTTTGCCTTTGCCATGATGCCTTTGTCTCGATGCCCTTCTAGGTGCGTGTGGTTCTGGTGCGTGAATCGCGTCGTGCGCGCTAAGCGGTCGCGAGTTTCTTCCCGGAGGCCTTGGCGACGATCTCTTCCTCGACGGACTTCGGCGCCTTCTCGTAGTGCGAGAACTCCATGGTGTACGTTGCGCGGCCTTGCGTCGCGCTGCGCAGGTCGGTCGCATAGCCGAACATCTCCGAGAGCGGGACGTTCGCTTTCACGACGACCGCGCCGCCGACCGCTTCGTCCTGCGATTGGATCTGGCCGCGGCGGCGATTGAGGTCGCCGTTGACCGCGCCCATGTAGTCGCGCGGGGCGGTGACTTCGACGCCCATGATCGGTTCGAGCAGGATCGGACCGGCCGCGCGGTTCGCTTCCTTGAACGCCATCGAGCCGGCGATCTTGAACGCCATCTCGCTCGAGTCGACGTCGTGGAACGAGCCGTCGAAGACCGTCGCCTTGAAGTCGAGGACCGGATAGCCCGCGAGCACGCCGGACTCGGCGGCCTCACGGATTCCTTCCATGACCGGCTTCTGGTATTCGCGCGGGATGACGCCGCCGACGATCGCCCACTCGAAGACGTAGCCGGTGTTCGGCTCGCCCGGCTCGAGGCGGACCCAGACGTCGCCGTACTGGCCCTTGCCGCCGGTCTGCCGGACGAATTTGCCCTGCTTTTCGACCTTCTTCGTGATCGCTTCTTTGTACGCGACCTGCGGTTTGCCGACGTTCGCTTCGACCTTGAACTCGCGCTTGAGACGATCGAGGATGATCTCGAGATGGAGCTCGCCCATCCCGGCGATGATCGTCTGCTGCGTCTCTTCGTCGGTGCGCATCCGGAACGTCGGATCTTCCTGCGCGAGGCGCGAGAGCGCGATACCCAGTTTGTCCTGATCGCCCTTCGTCTTCGGCTCGATCGCCTGCGAGATGACGGGTTCCGGGAACGTGATCGACTCAAGCAGGATCGGGTTCTTCTCGTCGCAGAGCGTGTCGCCGGTGCGCGTATCGGTGAGACCGACCGCCGCCGCGATGTCGCCCGCGCCGATCGCGTCGATGTCTTCGCGATGGTTGGCGTGCATCCGCAGGATGCGCCCGATGCGCTCCTTGCGTCCGCTGCGCGCGTTGTACACGTACGTGCCCTTTTCGAGGACGCCGGAATAGACGCGGAAGTACGTCAGGTTGCCGTACGGGTCGGTCGCGATCTTGAACGCGAGCGCCGAGAACTTCTCTTCGTCGGCCGGCTTGCGCGTGATCTCCGACTCGTCGTGCGGATCCTTGCCGGTGATCGGCTTGGCGTCGATCGGCGAGGGGAGGAAGTCGACGACGGCGTCGAGCAGCGGCTGCACGCCCTTGTTCTTGAACGCCGAGCCGCAGAGCATCGGGAGCACCTGGCCCGCGATCGTCGCCTTGCGCAACGCCGCTTTGAGGCGGTCGACCGGGAGCTCCTGGCCGTCGAAGAACATCTCAAGCAGCTCGTCGTCGTGCTCGGCGATCGCCTCGACCAGCTTTCCGCGCCACTCCTGCGCGGTGGTGTAAAGTTCGCCGTCGGCTTCCGTCACCGGGACCGAGTCCGTCGTCGAGCCGAGGTCGTCGGTGTAGACGATCTTGCTCATCGTGAACAGGTCGACGACGCCCAGAAACTCCGCTTCGGCGCCGATCGGGACCTGAATCGGGGTCGCAGGCGCGCCGAGGCGTTCGCGGATCTTGTCGACGCAGTTGAAGAAGTCCGCACCCATGCGGTCCATCTTGTTGACGAAGATGACGCGCGGGACGGCGTACTTGTTCGCCTGGCGCCACACCGTCTCGGACTGCGGCTGGACCGCGGCGACGGAGTCGAAGAGCGCAACGAGGCCGTCGAGGACGCGCAGCGAGCGCTCGACCTCGACCGTAAAGTCCACGTGGCCTGGCGTATCGATGATGTTGATGCGCGTGTCGCGCCAGGTGCAGGCGGTCGCGGCGGACGTGATCGTGATCCCGCGTTCCTGCTCTTGGACCATCCAGTCCATCGTCGCGGCGCCGTCGTGCACTTCACCGATCTTGTGCGTGCGGCCGGTATAGAAAAGAATCCGCTCCGTCGCCGTCGTCTTGCCGGCGTCGATATGAGCAGCGATCCCGATGT
NZ_AP025523.1_gap46	2032135	2036691	4556	ATCGAGTACGAAAGCGTGAAGGAACGCGGTGCGTTCGGACGCGCCGCCTGAAGCAGAAACCCGCCGCCGCTCAGCGCGATCGGCTGCGCGTACTGCAGCGTCGAGAAGTTGCCGCTCTCGGTGTTGAAGACGTTCGACTCGAAGAACGTCAGCCGTCCGATCCCGAACGCGTGCGAGACGCCCGCGTTGACGATCGTGTAGGGTGCGATGAACTGGTTGTTGTTGGCGCCCACGTAGCGCGCGTTCGCGAGCAGTTCGACCTGCGCCGGCGCGTAGAGCGCGTCGACGGTCAGCCCCGCGGTGTGCAGCGGACGGCCGGGAATCTGTTCGTTGAGCACGAGCGTGCTGTCGAGCCCGGTGTAGCGCGGATCGGCGGCGGTGACCGTCGCGCCGGTGGTCGAGTACGACGGGATCAGCACGACGTTGGGACCGATCCCGATGCGCGCGGTCGCGCTCACGCCTTGATACACGCGCGTCGTGCCGCCGATCTGCTCCTGCACGTAGACCTGCGGCGTCGCGCCCGGCGTCTGACACACGTTGCTGAAATAGCCGCCCACCTGCCCGAGATATCCCGGCGCGAGGTTGAGGCTGTCGGCGGTCACCTGCGCGCCGACGAGCTGACCGCTCTGCGTCTGCCGGTACGCGCTCAGCGAGAACTGGCCGTGCGTCCACGCGTGCGTCCAGCTCAGATCGTAACTCAGCGCAGACTGGTGCTCGGGCAGGTCGCCGGGTCCGTTGACGATCGCGGTGTCGGCGTAGCAGTTCACGCGCGCGGAGAGCGGATCGCTCAGCGTGCGCACGAGCCCGTTGGCCGGCTGCGAACTGCCGACCGAGAGCGAGGCGTTGTACGAGTCGGCCGACGTCGGCTTCCACGCCGCGCCGAATCCGGCGAGCAGCGACGATCCCGCGCCGCTCGTTCCGGCGTACGAGATGTTCGGGCCGAGCGTGAGCTTGTCGTTCACCTTGTACTGATCGCTGAGCTGGATCTGCCGCGACGCCGTCCCGTACGTCGTCGGACGCACGAACTGCGCGCTCGTTCCGGTGAGGACCAGCGGCGTGAACGTCGTGATCCCGGCGTATGTCGATCCCGAAAGCGTGAAGGTGTGCTTGTCGCGGGTGAGCGTCGCGCTCGCCGCGATCCCGCGCGCCAGCGAACCGTTCACCGACGAGGTCGGGCACAGCACCGGCGTCGTGCCGACCTGCGTCTGCGGCGTGCAGCCGCCGGGGACGTAGCGGTTGAGGTCGCTCGCGAGGTTCGTGTTGTTGTTGACGTAGCCGGTGACGGTCAGCGCGGTGTCGCCGATCAGCGACTGCACCGTTCCGTAGGCGAACTGGAACTTTCCGGAATTGCCGTTGCCGGGGCCGATCCCGCAGGGAAGCGGCGTGACGAACTGCGTGCAGAGCGCCGAACTCGCCTGATTGTTCTGCAGCGCCGTCGCCATCAGCGTCGTGCGGTCGGTCAGCGCGTAGCGCAGTTTGACGAAGTCGCCGATGTTCGCGCTCTCGCCGCCGTGCGCGTAGTCGAATCCGCTCTGATCGAGATAGTCCTGGAACGTCAGCGGGCTGTTCCCGGCGCGCTTCGTGTGCAAGAGCGCGATCCCCAGCTTGCCGAACGAACCGGTCTCGCCGATCTGATAGTTGTAGCGGTCGTAGGTGCCGTCGGATGCGGCGAACTTCGTCTGCCACGTCTGCGTCGGCTGCAGAGTGCGGAAGTTGACCGAACCGCCGAGCGAGCCGGCCTGCGCCCCGAAACTCGCGCTCGCGCCGGAGAACAGGTCGGTGTTCACCGCGCGCAGGTTGGTCGCGGCGCCCGGCGCGCCGAGCGGGATCCCGTCGAGCGTCACCGCGGTCTGCGACTCGTCGTGACCGCGCAGGGAGATCGTCTGCGGCGCGTTCGGGTCGTTTGAGTCCTGGGTGACGTCGACGCCGGCGATCGACGACAGCGCGTCGGTGAGCGAATCGGAGATCTTGCGCACGGCGCTCGTGTCGTCGACGTCGGTCGTCGTCACCACGACGCGCGCGCGCACCGAGCCGATGATCTGCAGGCCGCCGTTGGTGCTTGCGTTGCTCGCGGTCGCCGCCGTTTGCGCCGTCCGTTGAACCCCGAGATCGACGTCGACGTCGACCTGCTTGTTGCCGAGCACCTCGAATTGCGACGAGGTGACGCCGGCGAAGCCGCTTTTCGAGACGCGCACGCGATAGAGCCCGGTCGGCACGTCGGTGTACTTGACGATCCCGCTCTTGGTGGTGAGCGCGCTCGCGACCGTGGGCCCGATCAGGAAGACGCGCGCGTCGGCCAGCGCCTGCGCGGCGGCGGCGTCTTTCACGGTGATTTGAATGATCCCGGTGTCGCTCGAACTCTGCGCGGCGGCCGGCACGACGGTGCCGAGGAGCAGCGCACAGGCGAGCGACAGCGCGGACCAGCGGGTCGCCATCCTGCTCGTCATCGAGCGAAATCCTCGCATCAGGGTCTGTGCTCTCCCTGGGAACGTCCGGGAGGCCCTTAGTCTCTCACGTGGCTCTCAGCGATCGCGGCGAGGAAGCGCGCGCCGAAGTCCGCGAGCTTCTTCTCTCCCACGCCGCTGATCGCGCGAAGCTGCGCGGGCGTGCGCGGATGCTCGCGCGCCATCGCGCGCAGCACCGCGTCGCTGAAGACGACGTACGGCGGCACGTCGCGTTCTTCGGCGATCTCGCGCCGCAGCGCGCGAAGCACCGCGAACATCTCCCGGTCGTACTCCTCGTCGACCGCGGCCGGCGCCCGGCGCGCTTTGCCGCCGGCGACCGCGGCGACGGCCTCGCGCACCTCGATCGCCGTCCGCTCGGCGAGCGCGCGGCGTCCCGCCGCGGTCAGCGTGACGACGTTGTGGCGCGCGGCGTCCTGCGCCAGCAGTCCCAGCCGCATCAATTCGTCGGCGAGATGACGCCACGCGCGCCGGTCGCGGTCTTTCCCGATCCCGTACGTCGAGAGGCGGTCGTGATACCAGCGCTCGATCTTTTCGGTCTTCGCGCCGACCAGCACGTCGACGACGTGCGCGATCCCGACGCCGTAGCCGTGCGCTTCGCGGATGCGATAGACGCACGAGAGCAGTTTTTGCGCGTCGACGGTGGCGTCGAACGACGCGCGCGGCTGCAGGCAATTGTCGCACGCGCCGCAGCGCTCGAGTGGATACTCCTCACCGAAGTAGCCAAGCAGTTCGCGCCGGCGGCAGCCGTTGGAGTACGCGTAGCGGACGATGCGCTCGAGCTGCGCGCGCGCCGCGGGGCGTTCGCTCTCGGGCTTCTCGTCGACGAAGCGTTCGGCGCGCGCGACGTCGCCGTAGGCGAAGAACCACGCGCACTCGGCCGGGAGACCGTCGCGGCCGGCGCGGCCGGTCTCCTGATAGTAGCCTTCGAGGCTGCGCGGGACGTCGTAATGCACCACGAAGCGCACGTTCGATTTGTCGATCCCCATCCCGAACGCGATCGTCGCGCAGACGACGCGCACGTCGTCGCGGATGAACGCCTCCTGACGTTTCGAGCGCAGCGCCGGATCGAGCCCGGCGTGGTACGCGACCGCCGGGATCCCGGCGGCGCTGAGCGCGTCGGCGAGTTTCTCGGTGTTCGCACGGCTGCCGGCGTAGACGATCCCGGCGTCGTCGTCAGGGCGCGTGCGCAGCCAGCGCACGAGTTCGTCGATCCCGCGCGTCCCATGCATCACGCGATAGGTCAGATTGGGGCGGTCGAACGAGGCGACGTGCACGGCCGGGCGGCGCAGGCCGAGCTGGGCGACGACGTCGTCGCGCACGCGCGCCGTCGCGGTGGCGGTGAACGCGCAGAACGGCACGTCGGGAAACCGGTCGCGCAACGGCGCGATGCGGCGGTACTCGGGGCGGAAGTCGTGGCCCCACTCGCTGATGCAGTGCGCTTCGTCGACGACAACGCGCGCGATCCCCCACCGTTCGAGATCGTCGACGAACCCCGGCAGCGTAAGCCGCTCCGGCGCAACGTAGAGGAGACGGTACGCGCCGCGTTCGAGGCCGTCGAGACGGCGCCGCAAGTCGGAATACTCGAGCGACGAGTTGAGCGACGTCGCGGGGATCCCGGCGGTGTCGAGCGCGTCGACTTGGTCTTTCATCAGCGCGATCAGCGGCGAGACGACGACGGTGAGGCCGTCGGTGAGGACCGCGGGGAGCTGGTAGCAGAGCGACTTTCCGCCGCCGGTCGGCAAGAGCGCGAAGACGTCACGGCCGTCGAGCACGTCGCGGACGATCGCTTCCTGCGACGGGCGGAACGACGGGAACCCGAACCATCGCTCGAGCGCCTCGCGCAACGTCGCCGCCTCGACCATGTCCGTCATCGTTCGCCGTCTGCGCACGATGGACCGGCCGGCAAGGCCCCCCGATGCCAGGGTGACGGAGGGTTTCCCTGCATGCATGCTTACCAGGGGAGGAGGGCACTTGCCGTCGTACGTGGCGACGTCAATCGGGTGGGTCGCAGCGTGGGGGTGTCATTGCGGCTGGGCAGGTTCGGAGAACAACTCATCGCGTGGGTGGAGAAACCGTGCACGCTCACGATCG
NZ_AP025523.1_gap47	2176350	2179011	2661	CACCGGCGAGCCGGCACCTCCGGCAAGACCCCGCAACGCGGCGCGCGCTGAGCGGGCATCGGACAGACCAACGCGCTGGGCTTTCTCCCCTAGGGACGGTACAGGCAGCCGAGCGATAGTAGACCCAATCTTCTGATTTGGGAGCACTCTATGACTCGCGCGCTTCTTCTTTCCGTTCTCGACGACGAAGGCCAGGGGCTGGCCGAATACGGCCTGATCCTCGGCCTCATCGCGCTCCTCTGCATCGCCGCCGTGGTCTTCCTCAGCGGAACGATCCAGAGCATTCTGAGCAACGTCGGGAACGGCATCTAACCCGGCGGTTCGCCGTGCAGGGAGTGGTTGGCCGCGGCTCGCGTTGGGGAAATCCGTACCACCATGGAAGAACCAACGACTTGCCCTTGCGGTCATTCGCTCTCCGTGCACACCAGCGACCGCTGCTTGGCCAACGAACTCGGCTTGGGATGCTCGTGCAGCTTGGGAAAGGGCGCAGCGCGGGAGGCGGCGCTCGCGAGTCAAGTCCCAAATCTGCTGTAATTCCGGTTCGTCGATCGCGTAAGTTAGGCTGCTCGTCTGTCTCGTTTTACGGCGGCCGGCTTGGCCACCGTCGTTGCTTTCCATTCGAAGTATTCGGTCATGTCGAAGTAGGCTCGGCTTAACCATTCGTCGTTTTGCTCGGAGAGTAGCGCGCCGACCATGCGAATCGCCGCGGCGTCGTTTGGGAAAATGCGAATGACTTTCTCCCGGCGACGAATCTCTTCATTGAGCCGCTCTTGCATGTTGCTCGTGCGCAGTCGCCGGCGATATTTCTCCGGCAGCGGCAAGATCGCAAGCATGTCTTCGAACGCTCCTTCCAAGCACACGCACGACTTGGGCGCCGTTTCTGCGAAGCGGGCCATGAATTCCGCATATCGACGCTCGGCCTCTTTGCGATCAGTTGCGAGGAAGATCAGCCGAGCTGCAGCGGTTACGTTTTCCCGTTCTTTCTTGGGCGCGTGATCGAGCAAGTTCTTCATCACGTGGAACTGGCAGCGCTGCCATGTCGCGCTGACGAATTGCTTGGCGATCGCCTCGCGTAAGCCCGAGTGATTGTCGGAGACGGCAACGTCGACGCCGTGCAAGCCGCGTGCTTTGAGGCCGCAAAAGAACTCGTTCCACGTCGCAAAGCTCTCCGAATCGCCGATCGAAAGACCAAGGATCTCGCGGTATCCGTCAGCACGAATGCCGCTCGCGATGAGCAGCGCTTTGCTGACGACGCTCTTGTCGGTGCGCACCTTCGTGAAGAGCGCGTCAACGATGATGAATGGGTACGCTGCGTCGAGCCGGCGATTCAAGAATCCCGCGACCGGTTCGTTGAGTGCCTTCGTAAGGCGACTTACCGTCGATTTCGAAAACGACGTCCCGCAGAGGCCTTCGGTTATCCGCGTGACCTTCCGCGTCGAGACGCCGTTGACGACCATCTCCATCAGGCCCACGACGAAGGCTTGTTCGCTGCGGCGATAACGCGGTTGAGAAGCTGCCGTCGCGCGTTTGCGGCACGCGCAGGACCAGCGATCCGACGCGGGTCGAGAGCTGTCGATCGCGATACCCATTCCGATAGCCCTCCCGTTCTTGACAGCGTTCGTACCGCTCGGCGCCCAGATGATCGCGCATCTGCGCCTCGAGCACTTGGTTCAAAATCGTTTCGACGAGCTTCCCGAGCGCCGCAGGTTGATCGAGCAACGCTGGAATCGCGTCGCGGGATAGGGTAAGATCGTAATCGGCCACCGTTCCGGTCCTTTCGATTGAAGTGTTGTCAACGTCAATCTTCGAACCGGAGCGGTGGCTACCCGCCCGCTGAATTTACATCAATTATAGGGACTCTGCCCGCGCGGCGAGCGGGGTCCGGACGAACATGCGCAAAATCGAAGTCGCGGCGTGAGGCGGCCCAACGTAACGCGCGGGACGACACGGCGCCTGGGATGACCGGGGCTCGAACCCGGACGCCCTTCCGGGCTGCAGATTTTAAGTCTGCTGTGTCTGCCTATTCCACCATCATCCCGCGCCCGGCGTTCGCGCTTCGCGGCGCGGCTACCGCTTCGCGAACGCGGCGGCGCGAAACGCCGGCGACGTGAGGTAGCCCAGAAGCAGATCCGATTCGCTCACGGTGAAGCGGTCGACGCTCAGGAGCCTGCACGCTTCATCGATCACGAGCAGGCCGGCAGGCAGAATGTCGGCACGCTGCGGACGGATGTGCGGAAGCGCGCGGCGTCCCTCGAGATCGCGCGCGAACAGCGCGTCGATGAGGGTCGCGACGTCGGCGCGCGCGAGCACGGCGCCGTCGGGCAGGCCGCCGGCGACCATCGCGGCGGCGGTGAACGCGGTTCCGCCGACGACGATCAGTTCCGCGATCGTGCCGGCGCTCGCAAACGGAAGCAGCAGCGTCTGGGCGTCGCTTCGCGCGCTGCCTTCGACGGCGGCGCGTTCCGCGCCGAGCAGCGCATGTGTGCCGAGCAGCGCCTGGTGCCGCTCGGAGAGCCGCACCGCACCGATCTCCACCGACTGGGTGCTGCGCACCGTCCCCGCCGCGCGTGCGTGGGCGGGCGTATCGACCGCGAGCTCGCTGCTGCCGCCCCCGACATCGAGCACGCCGAGCGGCCCCGCGCCGTCGTGCGTCCGCGTGGC
NZ_AP025523.1_gap48	2357070	2358491	1421	GCGCCGGCGGCGGCACCGGAGGCCAGAAACGTCGAACGGTTCATCGATCCTCGATTCTTTCGGCGGAACGGTAAGCGGCCGCGTGCGGAAGGGCTCCGTACGCGTAGAGCCAATCGGTTTCGCGATAATCGCGCGAGTCCCGCGCGGCGAGCGAGGCGTTGCGCGCGCGCGCCCGCTCGACGGGAAGGTGCCAGTAGTCGCCCCAGGCGCGCGCGGTCGTCTGGACGCGTGCGGTGCGCGGGATCCGCTCGGCTTCATAGGCTGCGAACGCGGCGGCGACGTCGCGCGGGTGCGCCGCGACCGCCTCGCCTAGCGCGACCGCGTCTTCGAGCGCCTGCGCCGCCCCCTGCGCGAGATACTGCAGCATCGGATGGGCGGCGTCGCCGAGGAGCGTCACCCGGTTGAACGACCAGCGCGCCAGCGGGAGGCGGTCGTACATCGGCCAGCGCCGGTTGCGCCGGAACTTCGTCAGCGCGGCGCGCACGGCGTCGGTCCCGGCGCCGAAGTGCGCGTCGAGCTCGTCGGGCGTCCCCCAGTCGTCGGAGTGCGGATCGTAGCGATCGCTGCGGAAGACCGCGACTTGGTTGTAGAGCTCGCCGCGGCGTACCGGATACTGGACCAGGTGCATGTTCGGCCCGGTCCACAGCATCACGTTGTCGAGCCCGGCGTGCAGCGACATCTCGCCCATCGGGATCGCGCCCCGGTACGCGACGTATTCGGAGCACAGCGGTTCGCCGTCGCCGACGAGTTGGGCGCGCACTGGGGACCACAGGCCGTCGGCGGCGATCACCATCTCGGCATCGTAAACGCTGCCGTCCCCGCAGCGCACGCGTGCGAACGCACCGCGATCCTCGATCCCCGTCACGTCCTTGCTCGTCTCGAGCGCGATCTTGTCGTCGGCGCGGCACGCGGCGAGCAGGACGTTGAGCAGGTCGCTGCGGTGCATCACGATGTACCGGTAATCGTAACGCTCGACGAACGGCGACCCGAGATCGAGCGCCGTCACCTGCTCGCCCGTCAGCGCGTCCATCCACAGCATCCGCTGCGGAAACACGGCGTAGCCTTCGATCTGGCGCAGGACGCCGAGCGCGTCGAGCGCCCGCGACGCGTTCGGCGCAAGCTGCAGGCCGGCGCCGAGTTCGCCGAACTCCGGCGACTTTTCGATGAGGTGGACGCCCACGCCGCGATTCGCCAGCGCCAGGGCGGCCGCGAGGCCGCCGATGCCGCCGCCGACGATGAGGACCGGAACCGATCTCTCGCTCACCGGAAGACGCTACGCGATGCGAAGCGTGGGTCCCCGCCTGTCAGTCCACGCGCTTGACGAAGTGACGGTGGCCCGGCCCGTAGCCGCGCCGTTCGTAAAAACGCATCGCAGCGCGGTTCTCTTCCACGACGTTGAGGGTGATGAAGCGGAAGCCGCG
NZ_AP025523.1_gap49	2361807	2365615	3808	ACGTGCGGACCAGCCCGGTCTGGAAACTGCGGAACAGATGGCCCAGCCACTGCGCGGAGATCGCGGTCTCGCGCACCGCGCCGTCGAGGATCTGCGGATCGAGGACGCGGTCGATCAGCGCGCCGAGCGCGCGCGCCGGCCGCACCAGCAGCGCATCGTATGCCGCGTCGAAGTAGTATGCGTTCACGAGGATCGCCGGCACGCGGATCGTCTCGGTGCGCAGGCGGGCGACCGCATCGCGGAGCGCTGCCGGCGCGGCGAAGCGCAGGTAGGCGATTGCGAAGCCGATCAGCACGACGAGGAACACGACGATCGTCGACGCCGTCTCGGACAGGGCCGGAGCGGCGGCCGCCGCGGGATGCGGAAAGAAATCGCCCCAGTAGCGCAGCCACGGACTGCGTTCGCCGCCGGCGTCAAGCCAGCCGATCAGCACCGTCGGCACCATCAGCACCGCGACCGGTGCGGCCATCAGCCACGACGGCGCGTGCTGGTGCGGTTCTTCTTCCTCTGCGTGACGACCCGACGAGGCCGCGGTGCCGGCGAACTCCGGATGCCGGATCCCCAGATCGGAAGGATCGACGCCGCCGCGATACGCGCCGAAGAACGTGACGAACAGCAGCCGGAACATGTAATACGCGGTGATGCCGGCGGTGAGCACGCCGATCGCATACAGCCACGGACGTCCGGCCGCGAACGTCGAGTACACGACGTCGTCCTTGCTGAAGAAACCGCTGAAGCCGGGGACGCCGCAGATCGCGAGGACGCCGATCAGCATCGCGAGGTACGCGAACGGGAGCCGCGTGCGCAGCCCGCCCATCCGGCGCACGTCCTGCTCGTCGGCGAGCGCGTGAATGATGATCCCCGAGCCCAGGAACAGCTGCGCCTTGAAGAACGCATGCGTCAGGAAGTGAAAGACCCCGGCATCGAACGCGCCGACGCCGACGGCCATGATCATGTAGCCGATCTGCGACATCGTCGAATAGGCCAGGATGCGCTTGATGTCCCATTGCACGCAGCCGAGAATGGCGCCGGCGAGCGCGGTGAGCGCGCCGATCACGCCGACCAGGCTGCGCGCATCGGCCGACGCGCTCCACAGCGGCGCGAAGCGCGCGACCAAGTAGACGCCGGCGGTCACCATCGTCGCGGCGTGGATGAGCGCGGAGACCGGCGTCGGACCCTCCATCGCATCGGGGAGCCACGTGTGGAGCGGCAGCTGCGCCGATTTCGCCGCGCAGCCGATGAACAGCCCGAGGCAGACGAGGAACAGTTCTTGCTGGGTGAACGCCGTCGTCGCGCTGCCCAGGACGCGCTCGTATCCGATCTGTCCGGTCTTCGCGACGATCAGGAAGATCGCGTACATGATCCCGACGTCGCCGACGACGTTCATCACGAACGCTTTGCGCGCCGCCGCGACCGCCGACGGCTTGAAGAACCAGAAGCCGATCAAAAAGTACGAGGCGACGCCGACGAGTCCCCAGCCGACGAGCAGTCCGATCACGTTGTCGCTGAGGACCAGCGTCAGCATGGCGAACACGAAGAAGTTCATGTACGCGAAGAAGCGCGCGAACGCGCGGTCGCCGTCCATGTATCCGATCGAGTAGACGTGGATGAGGAAACCGACGCCGGTGATGATCAGCGTCCACACCAGCGAGAGGCGGTCCAGCTGCAGGCCGAAGTTCCACCCCGCGAGCCACGAGACCAGCGGGAGGTGCAGCCCCGTCCCCGTCACCGCGTCGCCCCACAGCACGCACGTCGCCGCGAACGGGACGCCGACGAGCGCCGAACCGATCGGCCCGGCCCACGATTTGAGCTGCGGCCCGAACGACCACAGGACCAGCGCGCCGACCAGCGGCAGCAGCCAAACCAGATAGAGCAGCATCGTCAGCCCCGGAGCGCCGCGACTTCGTCGACGTCGACGTGCGGCGTGCGGCGGAAGGTGACCGCGACGATCGCGAGACCGATCGCGGCTTCCGCCGCGGCGACGGTGATCACGAGGAACGCGAAGATATGGCCATCGATGTTCGACCAGACGCGCGCGAACGTGACGAACGCCAGATTCGCGGCGTTGAAGAGCAGTTCGATCGACATCAGCATGATCAGCGGATTGCGCCGCACGATCACGCCGACGACGCCGATGAAGAACAGCACCGCCGAGAGCGCGATGTACTGCTCGGGCGCGATGCTCATCGCGGCACCCGCGCGATCGGCTTGACGATCGGCTCGCGCTCGATCGCGCGCCGCTTCTTGCGGCGCGGGACGCCGCCGGGACCTTCGTCGCCGGCGATCAGCACGACGCCGATCACGCTGACCATCAGTACGAACGCGGTGACTTCGAACGGCAGCAGGTTCGTGGTGAACAGCGACGCCCCGAAACTCGCGACGCTCCCGAACACGCCCGCGTCACCGGTCGCGCCGCCCGGCGCGGCGCCCGCGTGAATCCCGGACCGGATCGCGGTCACGACGATCGCTCCAAGCGCGAGCACGCCGAACACCGCGGCCGGGATCCCGATCCCGCGCGCCCTGTTGGGCCCCACGTCGAACGGCGTGACGCCGCTCGAGAGCAGCGCGATGACGAACACGAAGAGGATCAGGATCGCCCCGCTGTACACGACGATCTGCATCACCGCCAAAAACTCGGCCTGCAGCGTCAGATACATCGCCGCGAGCGCGATGAAGTTCCCGAGCAGACCGACGACGGAGTACACCGGCTTCTTCGCGCTAATCACGAATACGGCGCTCGCGATCATCAGAATCGCGAGGATCCAAAACTCGATCACGCGTCACCTTGTTCGGTCGACGGGCTCGGGGAGCGAAGGGCCGCCAGTCCCCGCCGCTGATCTTTGAGGATGTGCCCGCGATTCGTCGCCTCGTACCCCGCCGCGATATCGACGGTGTCCTTTGCGCGCGCCACGCTCCCGAGATCCGCCGGGATCCCGTTCGGCCGCTCGTCGGGCGCCGTTCCGACGCCGGCCTCCGGCGGCACGAGCAGCCGGTCTTTGGCGTACACGAACGCGCCGCGCCGGTAGTCGGCCATCTCGAAGCGCGGCGTCAGCACGATCGCGTCGGTCGGACACGCCTCCTCGCAGAGGCCGCAGAAAATGCAACGCAGCTCGTCGATCTCGTAGCGCGCCGCGTAGCGTTCGCCCGGCGACCGCCGGTCCTCCGGCGTGTTTTCGGCACCGATCACCGTGATCGCGTTCGCCGGGCACGAGATCGAGCAGAGTTCGCAGCCGATGCAGCGCTCTTTCCCGTCGTCGTAGCGCCGCAGTTCGTGCAGGCCGTGAAAGCGCGGCGCGTGCTGCTTCTTCACCGACGGATACTCGATCGTCGGCTTCTTCTTGAACGCGTAGCTGAACGTCGTCGAGAAGCCGCGGAAGAGCGCTCCGACGTTGAAGAGATTCTTACGCATGGGCGGGCCACAGGGCGACGGCGACGGCCGTCAGGATCAGGTTGAGGGTCGCGACCGGCAAGAGCACCTTCCAGCCGAAGTCCATCAGCCGGTCGTAGCGGAAGCGCGGCAGCGTCGTGCGCAGCCAGATGTAAAAGAACAAGAACGCCCCGGCTTTGATGAGGAACCACAGCAAACCGATGACGCCGTCCGAGGGTAGCCCGGGGATCGGCGAGTTCCAACCGCCCAGGAACAGCAGCGTCGCCAGACACGACACGGTGATCATGTTGAGGTACTCGGCGATGAAGAACAGTCCGAAGCGCAGGCCGGAGTATTCGGTGTGGAAGCCGCCGACGAGTTCGGTCTCGGCTTCGACGAGATCGAACGGCGCACGATTCGTCTCGGCGACCGCGGTGATCA
NZ_AP025523.1_gap50	2373881	2376663	2782	TGCATGACGGTGGTGCTCGACGTCCTCGCCGGCGCGGCGGGGTTCATCTGCGTAGCGGTGGCGATCAGCGATCTGTTCGCGACGGTGATCGTCCCGCGCTCGGTCGGCGGCCCCTGGCGGCCCAGCGCCGTCATCACGCGCAACCTGTGGCGGCGCTGGCGCGAGGCCGCGATGCGGATCCCCGACATGGAGCGCCGCGAGGACACCCCGGGGGTGTTCGCGCCGACGCTGATGGTCACGCTGCTGGTGTTCTGGATCAGCGCGCAGGTGATCGGCTACGGGCTCATCTTCTGGGCGCTGCGCGACGGGATCCGGCCGCCGCTTCCCAACCTCGGGAGCGCGCTGTATTTCGCCGGAACGTCCCTGCTCACGATCGGCTACGGCGATTTCGCGCCCGAGCACCTCGCGACTCGGGCGCTGGCGATGCTCTCGGCGGTCGGCGGGCTGAGCACGTTCGCGATCGTGACGACCTTCTGGTTCCAGACCTTCGGCGCGTTCCAGCGCCGCGAAGCGTTCGTGGTGACGATCTCCGAACGCACCGGCGCACCGCCGAGCGGGCTCGAGTTCGTCAAGCGGCACATCAAGCTCGGGCTGATGGACGACGTCGAGATCATCCTGCGCGACGGCCAGCGCTGGATCGCCGAAGTGATGGAGACGCACCTCGCGTACCCGGTGCTTGCATATTTTCGCTCCAGCCACGATGACGAGTCGTGGATCGGAACGATCGGCGCGATGCTCGACGCGTCGACGCTCTTGGTGACGACGATCGACCTGGACCATCGCGGTCAGGCCGAGATGACGCTGCGCATCGGGACGCACCTCGTCCGCGACTTCACCGGCTTCTTCCGCCTGCCGACCGGCGACGCGAGCGGCGTCGAGTACGACGAGTTCGTCGCCGCCTATCGCTCGCTGCGCGAACTCGGCGTCCCGCTGCACCCGCTCGACGACGCGTGGCCGGCGTTCTCGGCGACGCGCGCGAAGTATGCGGTCCCCCTCGACGCGATGGCCCGCTGGTGGCGGATCCCGCCCGCGCGCTGGGTCGGCGACCGCTCGCGCATCCGCGTCCACGTGAACGTCGGCGTTCCCCGCGAGCCCGACGCTCCCGTGTCACGCTGAGCGTGACGCCGCTCAGCGTGAGCGGCGAGGGTGCTGCGCGAGGAAGCGGTTTGCTTCGTCGATCGGCGTGGCGAAGCCGATCGCGCGCTCTTCATCGAAACGCGATTGCGCGATCGCGATGACGTCGCCGGAAGTCGCGTCGAACACCGGTCCGCCGCTCTCACCCGGCACGATCGGCACGTCGACTTCGATCGCGTTCTTGCGAAAGCTCGCGATGCGCCCCGCGTACATCGAAACGGTCCGCCCGAGCCGTTCGTCGTCGAACGCGTCGGGGACGGGATAGCCGAGCACGCCAATCGGCGTGCCGGGTGCCAGCCGCGCGATCGAACCGAGCCGCGCCGCGCGCTGGTTCGCGAGCGGCACGTCGACGATCGCGAGGTCGCGATCGTCGCCCGTCGTCGCGACGACGCGAGCCGGCGCGTGCGGACCGTCGCCGATCGTTGCGACCAGGCGCCGCGCCCCAGCGATCACGTGCGCGTCGGTGATGACGCGCGTCCCCCACGCGCCGCTGTCGACGACGATCCCGCTCCCGTACGCGTCGTCCCACTGCCCTTTGCGTTCGGGATCCTCCGACGGAACCCGCATCGTGAACAGCACGACCGACGGATGGAGCCGCTCGTACGCGACGACGTAGCGGTCGCGCTCGTCCGTCGTCGCGCGCGCCTTGCTGCAGCCCGCGAGGAATGCAGCCGCGAGCGCAGCGACGACCGCACGGCGCGGGGTCACTGCAGGCGTTCCGCTGCCGCGGTGCGCCGTGCCGCGATCGCCGCGCGCAGCATGTCGATGCCGACGCCCGTGGCAGCGCTGACTTCGAGCGCGCCGGGCGGCAGCGCTGCACGTGCGGCCGGATCGAGCCGGTCGACTTTGTTGAACACGTCGAGGTACGGCTTCGCGTCGAGTCCGAGCTCGTGCAGCGTCGTTTCCACCGACGCCTTCTGGCGCGGCCAATCGGGATTCGATGCGTCGGAGACGTGCAGCAGCAGATCAGCGTTTTCGAGTTCTTCGAGCGTGGCGCGGAACGCGTTCACAAGCTCCTGCGGAAGCGCGGTGATGAAGCCGACCGTGTCGGCCAGGCGCACGTTGACGCCCGGTGCGACGTACGCGCGCCGCAAGGTGGGATCGAGCGTCGCGAACGGCCGGTCGGCGACGAACGCGCCCTCGTTGACGCCGGAACCGGCGAGCCGGTTCAAGAGCGACGACTTCCCCACGTTGGTGTAGCCGACCAGCGCGACGAACGGATCGCGGCCGCGTCCCCCTCGCCGCGTCTCGCGCTGGCGGCGCACGTCGTCGAGCTGTTTCTGCAGCAAGGTCACGCGCTGCGCGATCCGGCGGCGGTCGGTCTCCAGCTTCGTCTCGCCGGGGCCGCGCGTGCCCACGCCGCCGCCGAGCCGCGAGAGCGCCGCACCGACGCCGATCAGGTTCGATTGCCGGTAGCGCAATTGCGCGAGCTCGACTTGCAGCTGGCCTTCGCGCGAGCGCGCGTGTTGCGCGAAGATGTCGAGGATCAGCATCGTGCGGTCGACGATCGGGAGCGGGACGATCTTCTCGAGGTTGGTGCGCTGGCGCGGCCGCAGATCGTTGAAGACGAACAGCACGTCGGCCCGCGCCGCCTCCGCGCGTTCCGCGATCTCGCGCGCTTTGCCGCTGCCGACCAGCGTCGCCGGAT
NZ_AP025523.1_gap51	2377941	2379548	1607	ATGTCGCGCTCGGCCCACGCGCTCCACTCGTGGAGCTGGGCGGCGATCCACGTCCCAAGGGCGTCGATCAGCACGCAGCTCCCCGGCGGCGCTTCCTCGAGAACGGTCACGAGCGACGGCGTCCGCGGTCCGGCGGTTTCGACGAGGGTCCACCCCGCCGGACGGTCGCGGCGATGGCGCTCGATGCGATCGACCATCTCGGCGTCGCCGGGATCGACGGCCGCCGTCGCCGCGACGAGCACGGGCCGCCCGCTTGCGTGCGCGAGCGCCTGCGCGCGGGCGCTCTTGCCGGCACGCACCGGACCGAGGACGAGAGTGAGCATGACGTGCGCTTCGCCGCCGGGATCGCGTGCACCAGGAACTTCTTGCCGCGGCGCGTGAAGTGCGAATCCGAGTTCGCGTGCGCGGGAAGCCGGTGAGAATCCGGCACGGTCGCGCCACTGTCAGCGGGGAGCCGCTGCACGTCACGGTCCCACGGGATTGGAAGGCGGCAGCACCAGGCGCCGATCCGCGGAGTCAGGATACCGGCGCGCGGACGCTGCACCCCGATCCCTCGCGCATAGGGAAGGACTCCGATGACCCTCCGCACATCGGCGGCGCTCGCCGCCGCACTCGCGGCATTCTGCGCCGCGCCGGCGCTCGCGCAGAACGCGCCCGCCGCATCGCCCGTACCGTCGCCTTCGGCGACGCCGCTTGCCGAGATCGGCCGCACCGTCGTCACCAGCGACCGCGTCGCCGAGCCGATCGGGCGCTCGTCGCGTCCGACGTTCGTCGTCGACCGCCCGCACCTCGACGCGTACGGTGCGCGCACGCTCGGCGACGCGCTCGGCGACGTCCCCGGCGCGAACCTCTTTCCGTACGGCGCGTTCGGCGCTCAGGTCGACTACGGTCTGCGCGGCACCACGTCGGCGGAGACGCTCGTCCTGATGAACGGCGTCCCGATCTCCTCCGCCTCGAACGGGATCACCGATCTCGGGACGCTGCCGCTGCTCGGCGTCTCGCGCATCGAAGTCGTCGAGAGCGGATCGTCGACGCTGTACGGTTCGAGCGCGACCGGAGGCGTGATCAACGTGATCACCGGCGGCCGCGTGCAGCCGTATGCGCGCATCGCCGCCGGCTCGCTCGGTGACCGCGACGCCGCCGCGGGAACGAGCCTCGGCGGCTTTTCGGTCTTCATCGAACGGCGCGTCGCGACGAACGCGTACGCCTATCCGTCGTTTCACACCAGCCTCACCGACGCCACGCCGGCCGGAACGCGCGCCAACGCCGACGCGATGCAGAGCGCGGTGCGGCTCGCGTACGACCGCGCGCTCGGCGAGCGGTGGCGTCTCCACGCGGGCGCCGACGCCGACGCCTATCACGCCGGCGTACCAGGGTCGCTCGCGTTCGGGCTGACGCCGCTCGCGCGACAGAACCAGAATCGGGGCAACGTTGCGGCGGCGTTCGAACGCTACGGCGACCGCGATACGTTCACCGCGACGCTCTCCGGGGCGACGCAGAATCTTGCCTACGGCGATCCGTCGATCGGCGGGGAATACGACACGCTCGACCGGCGCGTCGGCCTCTCGTTCAAGGACGCCCGTGCGTGGGGTCGCAGCGACCTCGTC
NZ_AP025523.1_gap52	2394090	2396969	2879	GGCATTTCTACTTCCGCGAGAACTGGTTCGCCGACTCCGGAATGATCGCGCTCATGCAGTGCCTCGACCTCTTCAGCGAAGAGGGGGAGACGATCACCGAGGCGATCGCGCCCTACAACACGCGCTTCCGCTCGGGCGAGATCAACACCAAGGTCGCCGACGCCGACGCGAAGATGCGCGAGATCGCCGCGCGCTTCAGCGACGGGACGATCGATCACCTCGACGGCGTGACGGTAGAGTACCCGAACTGGTGGCTCAACGTGCGCAAGTCGAACACCGAGCCGCTGCTGCGCCTCAACGTTGAGGGCGACACGAAGGAACTGATGGAGCGCGGACGCGACGCGGCGCTCGCGGTGATCGCCGGCTGACGACGTGACCGACCCGCTCGAAGCCTACCGGGCAGCCCGCGACGACGTCGCGGACTGCCTGGCCGAGCTTCGCACCATCGTCGCCGCCGCGGCGGACCAGCGGCACGACGCCGACTCCGACGACGCCGCCCTGGAACGCACGATCGCACGCCTGCGTGACGGTCGCTTCGTCCTCGCCGTCGTCGGTGAATTCTCGAGCGGCAAATCGTTTCTGCTCAACGCGCTGCTCGGCAAGGTGCAATTCGACGAGCGCGCCGGCAGCCGCCGCATCACCGGCCTGCTCGCGACGGACATCAACCCTTCGACCGCGACGATCACCGAACTGCAGTACGCCGCCGAGGAGTCGGCGACGGCGATCTACCCCGGCGGCCGCGAGGAGCGGATTCCGCTCGGACGCCTCGCGCGTTTCGTCGCCGTCGGCGAAGAAGCGAAACTGCACGACGCGACCGGCGATGAGTCGGGCGCGCCGGAACTCGTGCGCGTGACGGTCGACTCGCCGTTCCTGCAGAGCGGCTTCGTCGTCGCCGACACGCCGGGGCTCGCATCGATCAACCCGGCCCATCGCCGCGCGACGCTGCGCTATCTCCCCGGCGCCGACTCCGTCCTCTATCTCATCGACACGCAGCAGCCGTTCACCGAAGGCGACGCATCGTTTCTGGGGATCGTGCGCCGCTATATCGAGTCGGTCTTCATCGTGCAGACGAAGATCGATCTCTGGCGGATGCGCGAAGGGTCGGCGAACGGCGAGGCTCGCGAGACGTGGCAGGCGGCGGCCCAACGGATCGTCGCGCAGACCGCCCTGCACGCGCCGGGAACGCCGGTCTTCCCGCTCTCCGCGCGCGAGTACGCGGAAGGTCTGCTAGCGCACGACGACGCGCTGATCGCGCAGAGCCGCTTCCGCGAATTTCTCGCCGCGCTCGACGCGTCGTTGGTCGCGACGACCGGCCGCTCCCGTTTGCGCCGCGCCGCCGCCGAGGCGCGGCGGATCGCAACCCACGCCGCCGACGCGTTCGCATTCGAGGCTGCGGCCTGCGAGATGCCGGCCGCCGCGCTGCGCCTGCGGCGCGATGCGATCGCGCCCGTGCTCGACGCGTTCGACGCCGCGGCCCACGCGGGGCAGGAACGTCTGCACGACGCCGGCACGACGCTCGCTGCGGCGACGCGCGCGCAGGGCGCGCAGATGCGCGCGGCGCTCGCGCGAACGCTGCTGCGCGCGTTCGACACCGCCGACGTCGCGCGGCTGCGCGACCGCGCGAAACTCCACATCCTCGTCGACGACGTCCTCGCGACCGCGGTCGGACGTTTCGCCGCCGACATCGCCGAGCTCGTCGCGAAACGCCTGCGCCACGACGCGCGCGCCGCGTCCACCGACGTCGTCGGCGCCGCGCGCGCCGCCGACGCCGAGGGTGCGCTCACACTGCTGCTCGATGCCGTCGCCGCCGAACGTCTTCCCGTCACCGAGAGCGCGGCGGCGGCGTTCGGCGCCGATCCGGCGAGCGGCGCGTGGAGCAGCGACCTCGAGACGGGAATCCGCTCGTCGATCGTGCTCGGAGCGCTCGGCGGGCCGGCCGTCGGCTTCGTCGACGCGATCGCGACCCGCTTTGCGTCGGGGCCGCCCGGGACGTATATGAAGCGCGAGCTGCTCGCCGATCTCGAAGGCGGGATCGCCGCCGCGTTCGATGCCGATCTCGGCGCCTACGTCGACAGGATCGCCGAGCGGATCGCCGCGATCGCGGCGTCGCTGGCAACGCGCGTCGCCGCGCTCGCCCCCCGCGTCCGCGTCGAATCGCTGGGGCCGCTCGAACGCGCGCTCGCATCGCACGCCGCGGGCGCCGACCGTGCCGCAGCAGCACGGGACGCGCGCGCCCGCGCCGGCGAAGTTCACGCGCTCGCGACGCGGATCGAGACGCGCACCGAAGCGTTCGCACGCACGAGCCGCGTCGGCCGCGCCGAGCTCGCCGATCCCGCGGTCCCGCTCGATCCCGCCGCCGGCCGCGCGCAGGTCGCCGTCGAACACCGCTTCGACCCGTCGACCTACGAACACGGGCTCCATCCCGAGCGCTGGCGCGTCGCCCTGCTCGGCGCGTTCAAACGCGGGAAATCGAGCCTGATCAACGCGATCGCCGGCGCGCGCGTCCTCCCCGACGAGGGAAGCGACGTCGAGATGCACTTCCCCGTGCACGTGCGGTACGGTCCGGAGAACAAGGCGTATGCGCTCGGCGACGACGCGGGCTGGAACGCGATCCCGCTCGGCGATGCGCTCGAGGCCGCGACCCGGACGCCGGTGCTGATCGAGACGCCGTGGTCGCTGCCGCGTCAGCTCGTCCTCGTCCACGCGCCGGCGTTCGACTCCGGCTTCCCGCTCGCGCCCGAGATCGCGCGGGCCGCAGCGTCGGCGGCGAGCGAGGTCGTCGCGCTCTTCTCCCGCCAGCTCTCCGACCGCGAACTCGAGCTCTACGGCCGCGTCGCCGAGACCGGAAAAGCGATGACGTTCGTGCACACGATGGCCGA
NZ_AP025523.1_gap53	2412433	2415656	3223	AGCCGCTATGCGAACGCCGTTGCGATGCGCCACGGCGAGGTCGCGCGCACGATGTTTCCCGAGTATCGGATCGACGCGATCACCAACGGCGTGCACGCGGGCCAGTGGACGTCGGCCGCATTCCGCGACCTCTTCGATCGGCATCTGCCGGCGTGGCGCCGCAACAACTTCGCGCTGCGTCAGGCGATCGGCATTCCGCTGCGCGAGATCGCATCGGCGCACGAAGCGGCGAAACGCGAGCTCTTTGCGCGGATCGAACAGGCCGGCGGTCCCCGGCTCGATCCCGCCGTCTTCACGATCGGCTGCGCGCGCCGTTCGACGGCGTACAAGCGCAACGACCTGATCCTGCGCGACCGCGCGCGCCTAACCGCGCTCGCCGAACGCTACGGCGGCCTGCAGCTCGTCTTCGCAGGCAAAGCGCATCCGCACGATCACGACGGGAAAGCGCAAATCGCACGCATCGTCGACGCCTCCCGCGAACTGTACGGCACGGTCGAGATCGCGTTCGTCGAGGGCTACGACATGAACTGGGGCGGCGCGCTCACCTCGGGCGTAGACCTGTGGCTCAACACCCCGCGCCCGCCGCTCGAAGCCTCGGGGACGAGCGGGATGAAAGCCGCGCTCAACGGCGTCCCCTCACTCAGCGTCGTTGACGGCTGGTGGGTCGAAGGCGCGATCGAAGGCGTCACCGGCTGGTCGATCGACGCACGCACCGACGGTGACGACGCCTGGGCCGCATTCGAACTCTACCACCAACTCGAAAACACGATCGTCCCTCTCTACTACGAACGCCCCGACGCCTACACCGATGTCATGCGCGGCGCAATCGCTTACAACGGCGCCCACTTCAACGCGCAACGCATGCTCGCCGAATACGCAATCGACGCCTACACCGGCGCCCCACCCGCCGCCGTCACCGAGATCGCCACCCTCAAAGCCGGCTGACCTTCGCATCGCCGCCCAACGCGAAAGGGACCGCGCCGACAACAGCGCGGTCCCTTCATTTCTTGGTCTCAGTCGATCGCGAAGCGTCAGCGACGCGTCGGCCAGTAGTAGTCCACGCCGTAATAGTCGTAGATCTGCTCCTCGCGCGACCGATCGTTCCAATCGAAGTCGCCGTTCCCACCGCCGCTGCCGCTACCGACGCGGTTGAACGTAGGCGCCCGGCTCAACTGATCCTGCGTGATATCGGTGCGGAATCCGCCGAGGTTCGTGTCGAAACTCAGCTTCCGCCACGGCACCGGATACTCGTTCACCCATCCCGAGGAAGCCGCCGAACGACATCACGGCATAGGCCGCGTTCCCGCTCGCCTTATCGATGATCAAACGCTTAATCGTCCCGATGTGCTTCCCGCCGGCATCGTACACCGGCGTCCCCTCAACGCGATCGCTCCCGATCAGCGGCCCGCTCGTCGAAGGATTCGTCGTCCCACCTTGCGTCGACATCGTGCTGGCATTCATACAAGTTCCTCCACTGGTGAACGCCCCAACTATTCCCATCACGCCAACACCCCTCGCGAGCGCACGCAAGCTCAACAGACCCGCAACGTACAAAAGACTCTTAAAGCGCAGCGAAGCGCACAACGCCACGCTCGTCCCATGAGCGGCTCGGGGCGTGCTGCTGTTCGGCGGTACTTGCGAACGAGCGAAGCCCGGAGGGCGAGAGCGAGCGAGCACGTAGCGACTGAAGCGCAGGATGCGCGAAAGGAGCGTGCCGCCGAACAGCAGCACGCCCCGAGCCGCGAGCCCGCGAACCGCGCGAACGGTTACGCGCGAGCCGGTTCTTGCGTTGGCGCGGTCGTGCCTCGTCCGTCCGTATCCGGCGGTCGCGTGATGTGCTTCGACCGCCCGATCCCAAGCCGATCCTCCAGCCCCGCAATCAGCACGTACAGCACGGGCGTAATCACCAGGTTGAGGATCGTCGACACGATCATCCCGCCGAACACCGCGGTCCCCAGCGAGTGCCGCGACGCACTCCCCGCACCCGACGCAAACACCAACGGCGTCACGCCAAGAACGAACGCAATCGACGTCATCAAAATCGGACGCAGCCGCGTTTCGGCCGCGCGCCGCACCGCCGTGATCGTGTCGAGCCCCTGATCGCGCATCTGATTCGCGAACTCGACGATCAGAATCGCGTTCTTCGATGCCAGGCCGATCAGCATGACGTACCCGACCTGCGCGAAGACGTCGGAGGTGATGCCGCGGATCCACAGCCCGCCGATCGCGCCGAGCAGCGCGAGCGGAACGGCGAAGAGGATGATCAGCGGATCGGCAAACGACTCGTACTGCGCCGCGAGCACAAGGAACACGAACACGATCCCCAGACCGAAGATCAGCGCGGCCTGCGCGCCGCTCTCGATCTGTTCGCGTGAGATCCCGCTCCACTCGGACGCGAAGCCCGGCGGCAGATGCGCGGCGAGGCTCTGCATGAAGTTGAGCGCCTCACCCGACCCGTGACCGGCTTTCGGGCTGCCGGTGATGTCGATCGACCGGTAGAGGTTGAAGTGGGTGATGTTCTGGGGCCCCTTCGTCTGCTGGACGCTCATCAGCGACGAGATCGGGATCGCCGGCGGCAGCACCTGAGCGCCGTTCGCGATGATCGGCGTGCTCGACCGCACGTAGATGTTGTTGAGGTCGTTGATGCTCGAGCGGTACGGCTGATCGGCCTGCACGTAGACGCGGTACGACTTGCCGCTCATGTCGAAGTCGTTCACGTAGACCGATCCGAGGTAGACCTGCATCGTGTTGAACAGGTCGGTGAGCGGGACGCCGAGCGAGAGCGCCTGACTGCGGTCGACGTTGACGAGCACCGTCGGCTTGTCGTTGCGGAACGTCGTGTAGACGCGGCTGGTCGGCGCAGACGGCGCGTTCGCAGGGATGATGATCGAGTACGCCGCGCCGAGCATCGCCGGAATCCCGGCGTTGCCGCGGTCCTCCAGCTGGAAGTCGAAGCCGCCCTGGAACCCGAGGCCCGGGATCGCCGGCGGGTTCACCATGAACGCCTGCACGCCGGGGAGGAAGAACAGCTGCATGTTGACGCGGTTGATCACCGCATCGAGCGTGTGCTGCGCGCCGGCGCGCTCCGACCATGGCCGCAGACGGATGAACATGGTCGCGTAATTCGAGCCGTTGCCGGTGAAGCTGAACCCGGCCGCGTCGAACACGTCGGAGATCTCCGGCTGCTGCTTGAGAATCGACTCGATGATCTTCTGCTTCTGAT
NZ_AP025523.1_gap54	2437712	2441905	4193	GCAACGCGACCCTGGCGGTACGCCGGATGGACCGGCTCGAAGCGCTCGCGACCGGCGCCGAGACGGACTGAAACCCCGGGGCCGCCGCGCCGGTAGGTCGGAGCGGAGGTCCTCGATGCCCTATTTCGTCCGCGTCACCGCGATCGTCGCGGTCGCCCTGGTCGCCCTGATCCTCATCGGCTTTCTACTCAAGATCGTGCTGTTCGCGGCGCTGGTCGCCGCGCTGATCGTCGGCGGCTTGGCGATCCGCAACGCCGTTCTGCGCCGCCGGTCCCGCGGCGGGGTGATTACACTCACGGCGCGACGCTAGCCCGCCTCGTAGCATCGGGTCAAGCTGCTGTAGCACGTCCGCCGTGGCGCGGACGGGAGGGCCCCCGATGCAGAGTGATGTCCGTTCCGCGGCCGATCCGCGCACCCACGCGCCGGCGTTCGCGCCGCACCGTCCCTCGGAGATCGGGGAGCGGGTCCGCAAGTACTTCGAAACGTCGGGCTTCTCGCGCTGGACCGCGATCTACGGCACCGGGGACATCCCGCCGATCTGGAAGATCGTGCGCGACGGCCACCAGCGCGTGATCGATCACGTGCTGGAGTGGACCGAGCCCGATCGTCATCACACCGCGCTCGACGCGGGCTGCGGGACCGGCAACCTCGCGATTCAGCTGGCGAACCGCGGCTACGAAGTCGACGCGTTCGACGTCTCGGCGCCGATGATCCACTTCGCCAAGTACATCAACAGCGGGAAGACCAAGGGGATCCCGCCGAGCTTCCACGTCGGCGACATCGGCTCGGTGACGGCGGAGCCGCGCAGCTACGATCTGGTCTGCTGTCTGGACGTGCTGTTCCACTACCCGCTCGAGGAAGTGGATCGGATGCTTTCGAGCCTCGCCGATCTGAGCGCGGCAAAGCTGATCGGGACGTTCGCTCAGCGCACGCCGCTCAACGACTTCTGGATGCGTGTCGGCCAGCGCCTCCACGCCAAGAACCGCATGACGAAGCTGTTCATGTTCAGTCAGTCGGAGATCGACGCGGTGCTCAAGCGGGCCGGCTTCAAGGTCGTGCGGACGAAGCGGATCAAGTACTTCTTCTATGATTCGACCGTGTTCGAAGCCGTGCGGACCGCGTAGCGCCGCAGGATGAGCGTCATCGCCGGGCCGGTCGATTCGGCCTGGGTCAAACAGCCGAAGGTCAAGGATGCGGCGTCGCCGCAGATGCTCGCGCCGCGGCTGTACCGGACGGACATCGAGCAGCTCAACGCGCTCGACGTCTCCGCGTTCCGCGCGGAGTTCACGGCGCTGCGCGAAGATTTCGAAGCCGACCACAACCGCGCGCACTTCAAGTGGGACGACGACGCCCGCAACCTCGACTATCGCCCGGTGTGGGAGAATTTCTACGAGTTCCTCCACCGCAGCGCGTTCGGCGAGTTCTCGGGCTGTCTGCTCTACAGCGACGTCTACCGGCGGATCGACGACCCCGATGTCTCGGCGATCTACAAATGCATGGCGCGCGATGAGGGCCGGCACGCGTCGTTTCTGAACTGGGTGATGCGCGAGATGGGGCGCCGCTTCGACCTCGCGGCGCTCCCGCAGATCGAAAAGCTGCAGTTCCTCGCCCCGCAGTGGATCTTCATCACCACGTACCTCTCCGAAGCGATCGGCTTCTACCGCTATCAGAACATCTCCGATCACCTGCGCGCGCGCAGCGAATACCGCTTCCACCCGCTCTTCCGCTACTTCCACGAGTGGTGCAAGGACGAGCGCCGGCACTCGCGCTTCTTCGCGCTGATGATCCGCACGCAGCCTCAGCTCTACCGCGGTGCGTGGCGCGCATTTCTCACCAAGGTCTTCACCCTCGCGGTGTACGTGACGATGTACCTGCGCGACCAGGAGTCGTCGATCTACGGAACGCTCGGGATCGACTGGGAGAAGTACGATCTGAAGGTGATCGACGAGACCGACGTAGCGGCGGCCGGCGTGTGGGGGATCCGCATCCGCACGAAGTCGCGCTGGTTCGCCGCGCGCTTGCGCGCGATGCGCGAGAACAACCGCGCCAACAAACGCGGCCGCGCGCGCGCCCACGGCATCCGCAAGCCGTATGAGGTCGCGCTGCGCTACGTGCGCTTCGCCGGCAACATCCTGCAGCTCGCGCTCCTCGCTGCGCAGCCGCCGGACCGCGTCACCCCGCACCCGCGCGAACGCTGGCTCGAAGTCGCCGCCGATCCCGCCGACACCGCCGTCTTCGCCCTGAACGTCCCGCCCGCCACGCTGCCCGCCATCGCACGCTGAACCCCGTCACGCTGACGGAGCGAGGACTTCTCGGGATTCTCTCGTAGACGGCGCTGATCGCTCGTCCCCCGAAGCAGTTTGCCACGCTTGGTCCGCCGTTTCGCGCCGCGCTGATCGCGATCGCGTTCGCGTCGCTGTCCGCCTCCGCGCTCGCGCAGCCCGCTTCTTCCCCGCCCGAAGCCGCGGCCTCAGCGTCACCGTCGCCGTCGCCGGCCGCGACCCCGACGCCGCCCTACAACCGGATGGCGTTTCGGGAAATCGGGCCTGCGCTGGCCGGCGGCCGCGTGACCTCGGTGGTCGGCGTTGCGGACGATCCGAAGCTGTACTACCTCGGCTCGGCCGGCGGCGGCGTCTGGAAGACCGTCAACGGAGGCGCGACATGGTCGCCGGTCTTCGACAAGCAGAACGTCGCGTCGATCGGTGCGGTCGCGGTCGATCCCAAGAACCACGACGTCGTGTGGGTCGGGACCGGTGAGACGAACCCGCGCAACGACGTCACCTGGGGCGACGGGATCTACCGCTCGGGCGACGGCGGAAAAACCTGGACGCATCTCGGCCTCGAGGCGACCAAGTTCATCGCGTCGGTCGCGATCGACCCGCGCGATTCGAACACCGTCGTCGCCGGTGCGCTCGGCGACGCGTTTGCCGACTCGCCCGAACGCGGCGTGTATCGCACCACCGACGGCGGCAAGAGCTGGACGAAGACGCTCTATGTCGGCCCGCGTAGCGGCGTCTCCGAACTCGCTGTCGACCCGAAGCGTCCCGACATCATGTATGCGGGGATCTGGCATTTCCAGCGCAAGCCGTGGACGTTCGAATCGGGCGGTGACGACGACGGGATCTGGAAATCGAGCGACGGCGGCAAGACGTGGAAGCGTCTGCAGGGACACGGCCTCCCCGAGGGGATGACGGGCCGCATCGGCCTCGCCGTCGCGCCGTCGAATCCCGACCGCGTCTACGCGCTGATCGAATCGAAGACGCCCGGGATCCTCTGGCGCTCCGACGACGCCGGCACGACCTGGAAATTGATGACGACCAACACGCTCGTCAATCAGCGCTTCTTCTACTTCTCGCACGTGCGCGTCGATCCGCACGACGCAGACCACGTCTACGGCGTCTCCGAGAAACTCTCCGAGTCGAAGGACGGCGGGAAGACCTTCAAGGCGATTGCCGAGAGCCTGCACAGCGACCACCACGATCTGTGGATCGCGCCGAACGATTCGAAGCGGATGATCGCCGGCGGCGACGGCGGCTACGCGATCACGCTCGACGGCGGTGCGGCGTGGTCGTTCTCGCGCAACCTCGCGATCGGACAGATCTATCACGTCGGATACGACGACCAGAACCCGTATCGCGTGTGCGTCGGGCTGCAGGACAACAATGGTTTCTGCGGACCGTCGAACGCTCTGCGCGGCGACGGCATCCCCGACGAAGCGTGGGAGCGCATCATCGGAGGCGACGGTCAGTGGGCGTGGCCCGATCCACGCGATCCGAACTTGGTGTGGACCGATTCGCAGAACGGCCGCCTGACGATCTACGATCGCACCACGAAGCGCACGACGCTGGTGCAGCCGTACCTCGCGACCGGCGCGCAGCACTTTGCGCCCGGCAGCCTCAAGTACCGCTTCAACTGGGATTCCCCAATCGCGTTCGATCCGTTCGAGCGGTCGCGCACGTATTTCGGCGGCAACGTCGTGTTCGAATCGAACGACCGCGGCCGTACCTGGCGGCCGATCTCCGGCGATCTCACCCGCAACGACAAATCCCATCAGATCGCCGCGGGCGGACCGCTCGCGCTCGACAACACCGGCGCCGAGTCGACGTCGACGATCCTCGACATCGAGCCCGCGACGACGACGCGCGGCACGATCTGGGTCGGCACCGATGACGGGCTCGTGCAGTTGACGCGCG
NZ_AP025523.1_gap55	2448215	2452749	4534	CGACGTGCGCGCATCGTACGTCCCGCCGGGAACACCCGCCGACGGCGCCGGAGTCCGGCCGGGCTACGTGTTCGACGCGATCGACGGTGTCCGGGTGCGCCGCATCGGACTGCAGCGCACGCGCGCGAAGCTGCTCGGCACGCGCGGCACCGTCGTGCGCGTGCGGATGCTGCGCGACGGGAAACCGATCGCGCCGTTCACGATCGCGCGTGCCGACGTGCATGCGCCGACCGTCTACGAGAAAATGCTGCCGAACAAGGTCGGCTACATCGCGGTCGCGGCGTTCGGCGAACCGACGGCGCAGGAATTCGGCGCCGCGATCGCGCGCCTGCAGCAGCAGCGGGCGAACGGCTACGTGATCGACCTGCGCTTCAACGGCGGCGGCTACGTCGGCGCCGCGGTCGCGATCGCCGACACCTTCATCGCACGCGGCCCGATCGTCTCCGTCTCGGGCCGCACCGGGAATCAGGAGTACGATGCCGACGCGACGGCGATCGCTCCGAAGCCGATCGCGATCCTGGTCAACCACTACTCGGCGTCGGCATCCGAAATCACCGCCGGCGCGCTCCAAGACGCCGGATTGGCGACGCTGGTCGGCGACCGCACGTACGGCAAGGGCGTGGTCCAGGAACTGACCTACTTCAACGACGGCTCGGCGCTCAAGGTCACGACCGCGCGCTACCTCACGCCGCGCAGGCGCGTGATCGACGGGATCGGGCTCGCGCCCGACGTCGCGGTCGCGGAGAACAAGCGCGCGCGCCTGGGCGAACCGGCAGCCGACGCGCAGCTCGCGGCTGCGCTGCGGATCATCGGCGGAAAAATCGTCTCCGCGCGCTGAACGTTTCGCCTTCTGCGCCGCGCCGGTTGCGCTTACGCGGCGCGCATCATCGGCGTCGCTCGGGACGTCGACGGCAAGGTGCGAGCGTACCGCTTGAGCGTACTGTAACTTCCCCGGAAAGCGCGGCGCCGGACGAGTTCGTCGTGGAGCGAGCGCAGCGACGTCCCCTCGGCGAGCGCCGCTTCGATCGCGTCGCGATGCGGATCGCAGAGCGCCGCGCGGCGTCCGCCAGATCGGCGACGCCGCCGAGTAACCCGGCCCGCCGCGCGTACGCCGCAATCGTCTCGCGGCGATGACCCGTTTCGCGCTCGATGCGGCGCAGTTTCTTCCCCTCGCGCAGCATCGCCAGGACCCGCTCCCGCTGCGCATCGGTCAGCGTGTTCATTCCCGGCGTTTCATCGCTCGCGCAGGAGCCTCCCTGCGGGCCGGTGGCCGCTTTTCGCGGGGCCGATGGCGTGGCCGGTTTTCGCGGCCCGAATCGCCGCTCCGCGCAGCGCGTCTGCTAGACTGCGGCGCATGAGTCTGATACCCATCGTCGTCGAGCAGACCGCGCGGCGAACGCTCGTACGACATCTACTCGCGGCTGCTGCAGGAACGCATCGTCTTCGTCACCGGCGCGATCGACGACGGGCTGGCGAACATCGTGATCGCGCAGCTGCTCTTTCTCGAACGCCAAGATCCCGACCGCGACATCGATCTCTACATCAACAGTCCCGGCGGCAGCGTCAGCGCGGGTCTCGCGATCTACGACACGATGCAGTTGATCAAGCCGCAGGTCGCGACGATCTGCGCCGGTTTCGCGGCGTCGGCTGCGTCGGTGCTGCTGACCGGCGGGGCACGCGGGAAGCGCATGGCGCTGCCGTACAGCAAAATCCTGATCCATCAGCCGTGGATCCAGCAAGTCGGCGGTCAAGCCACCGACATCGAGATCCACGCCAAGGACCTCATCGCGACGCGCCGTACGCTGGCCGCGATCTACGAACGCACCACCGGCAAGCCGATCGACGACGTCCTCCGAGACCTCGAGCGCGACTTCTACATGACCGCCGACGACGCGCGCGCCTACGGAATCATCGACTCGATCCTCGACGGCACCAGCCGGAACGGCGAGACCCCGTCACCCTGAGCTCAGCCTGACACGGCGAACGGCCACTCACGAAGCTTCGCCGCGCGAACCGCGAACACCGCAACGCCCGCCGCGACGGTCACCGTACCGAAGAGCATCGCGCCGGCGCCGGAACTCCAGAACAGGTAGGTCCAGCCGCCGAGCGCGACGAGTGCCGGCAGCGGGAAGAGCCACATCCGGTACGGCGCGCGCACGCCGCGGCGGCGCAGCGCGAAGAGCGCGAAAATCTGCGCGATCGGCTGCACCAGCACGATCCCCGCCGTCAGCGCGTTGATGATCTGATCGAGCGTGAACAGCGATGCCGGCAGCGCCAGCGCGCCGATCGTCAGCAGCGAGACGTTGGGGAAGCGATGCACCGCATCGACGCGCGCGAAGGGACGCAGAAACGCGCCGTCGACCGCCGCCGCGAACGGGATGCGCGAGAACGCGAGCAGGTTCCCGAACACCGACGCGAACGCGGTGGTCAGCACGAGCAGCGTGGCGATCGTCGCGGCGACGCCGCCGAAGGCCCGCTCGACGAGCGACGAAGCGATGTGCGCACCGAGCGGCGGCAGGGTACCGTTCGCCGCCGGGATCACGTCGCGCCACGGCACCGCGCCCAGGATCCCGACCTGCATCGTGAGGTACAGCGCGCCGACCAGCAGGATCGAAACGACGATCGAGCGCGGCAGGGTCTTCGCCGGATCGATCACTTCATCGCCGATCGCGCTCGACGCGCCGTAGCCGACGTAATCGTACATCGCGATCACCAGCGCTTGACCGAAGCCGGCGGCGAGTCCGCCCCCGAACCCGTCGCGCGGGAGTGCAAACGCCTGCGCCGGAGCGAAGTGCGCGAACGCTGCGACGATCACGATGAGCAGCGTCGCGATCGCCGCGACCGCCAGCACGCGCCCGATCCCCGCGATCGAACCGATCCCGCGATAGAGCGCGGCGACGGTGAGCACGCCGACCCCGATCGCGACGATCTGCACGTGCTGCGGCGACGTCCCGACCCACGGCACGAGATACGCGGCGTAGTTCGCGAAGCCGACGTAGCCGGACGCTTGGATCAGCGGCGCGTAGAAGATCGTCTGCCACACGAACAGGAACGCCAGCAGCGCGCCCCACCGGCGCGCGCCGAACACCGAGCGCAGAAAGCCGTACGTTCCGCCCGACCCGGGGAAGAGCGAGCCGAGTTCCGCCCACACCAAACCGTCGCAAAGCGCGAGCAGCGCGCCCGCCAGCCAGCCGGCGAGCGAGTACGGACCGTGCAGGGCGCCAAGCACCAGCGGCACGGTGATCAGCGGCCCGATGCCGATCATCGTGATCACGTTGATCGCGATCGCGCCGCGCAGCGCGACGCCGCGAATCAGCACACTCAGCGCTGCGCGAACTGCGCCGCGAACGCGTCGAACGCGTCGGGCGCGACGCCGGCGCCGAGGGTGCGCGCGCGCATCGCCGCGAGGTCGGGCTGCGGCCGCACGACCAGCGCGTGCGTCGGCTCGCCGCCCGGGATCAGCGCGATCCGCGCCGCCGCCGCCGGCGTCACCGCCGTCTGCCACGGTTCGAGGACCGTGCTCCCGCCGCCGGCGTCGACGCGCACGTGGGCGTCCATCGCCGTGATCGTGAGGGGACGGCCGTCGGTCTCCAGGTACGCGTCGAGCCCGTGCACCTTTACGCGCTCGACGGCGAATCGCGGATCGGCGATCAGCAGCGTGCGCGCGATCCCGTCTGCATCATACGCGAGCTGCTGCACCGCGCCGGGAAAGGTCGCGCGGAAATCGAGGACGTCGCCGGCCTTCTCCACGTGCAGTTGGCGCGGCCGGCCGTCGGCGCCGACGCGGTTCCAATCGAAGATCCGGTAGGTGAGGTCGCTGGCCTGCTGCGTTTCGAAGAGCTGAATCCCCGCGCCGATCGCATGCAGCGTCCCGGCCGGCAAGTAAAACGCGTCGCCGGGGTAGACCGGGACGCGTCGGAGGATCTCGCCGAGGCTGCCGTCGGCGACACGCCGCTCGTATTCCTCGCGGGACGTGTCGCGCGCCCAGCCGAGCACGAGTTCGGCCCCCGGCTCGCAGGCGAGGATGTACCAGCACTCGGTCTTTCCGAACGGCTGGCCCTCCACGCGCTGCGCGTAGGCGTCGTCCGGATGGACCTGCACCGAGAGCGGCGCGCGGGCATCGATGATCTTCGTGAGGACCGGAAAGAGCCGCTCTGCGTCGATCGGCCCGGTCAGCCGCGTCCCGAGCTCGGTGCGCAACGCAGCGAGCGTCGTACCCGCAAGAGCGCCGTTGCCGACGGCGTTCTCGTCCCAGCACTCCCACGACTCGCCCAGCGGCGGCTCGACGTGCGCGATGCGTGCGGCCTCCCGCTTCCCGTAGCGGCTGAGGAGCGCGTCGCCGCCCCAGATCGCAGGCGTCTCTTTCGGCCGCATGACGTACGGGTACAGAAGCTCGGACACGTTGCGACTCTAAGCGACGGGGTGCGGTCGAATCCTCCCGGCCCGGGCGAAGCGCCGGGCCGGGAGCGAAGCGCTACTCGCGCCGGATCGTGGTCGAGGAACTCGAACGGTTGGACGCGGCCACCAGGCCGAC
NZ_AP025523.1_gap56	2454970	2458822	3852	GCAGAAGCTCGCGTCGTTCTGCGATCAGGAGTATCCGCACTTCGATGTGGTGATGGGGACGCGCGCCGCCGGAGACGTCGCGCTCGAAGCGGCGCGCGCCGTGGCACGCGATCATCCCGGTATCGCGACGGTGGTGCACGCGGCCGCATCGACGCCGCATTATCCGAATCCGAAGGCGGCGACGCTCGCCGCGCTCGTCCCCCATGCGCGCGGTGAGATCATCGTCTTCGCCGACAGCGACATGCGCGTGACGCCGGAATATCTGCTGGCCGTCGCGGCGCCGTTCGAGGATCCAGCCGTCGGCGCCGTGACGTGCCTCTATCGCGGCGAACCCGCCGGCGGCGGGGCCGCCTCGGCGCTGGGCGCGATGGCGAATCACGAGCACTTCGCGCCGTCGGTCCTCGTCGCCGAATCGCTGATGGGGATGCGGTTCGGATTCGGCGCGACGATCGCGGTGCGGCGCGCGCTCTTCGAGCGGATCGGCGGGTTGGCGGCGATCGGCAGCCACATCGCCGACGACGCCACGCTCTGCCGGCTGGTGCGCGAGGCGGGATTCCGCGTCGTGCTCTCGCGCTACGTCGTTGAAAACGTCGTCGACGAGCCGACGCTCGCGGCGCTGTGGGAGCACGAGCTGCGCTGGGCGCGGACGCATCGCGCGCTCGAACCGGCCGGGTACGCGGGGCTCGCGATCACCTATCCGATCCCGCTTGCGCTGCTGCACCTCGCGCTCGCGCGCAACCGCGCGAAGGCGCTCGCGGTGGTGGCCGCCGCGTTCGCACTGCGGTTTGCGCTCAGCGCCGCGACGCGCGCCGCCTTCGGCGTGCGTTCAGCGCCGCAGCCCCTGCTGATCCCGCTGCGCGACGCCTTCGGTCTGGCGGTGTGGGCGGCGGCGTTCGCGTCGCGCCGCGTCGCGTGGTCCGGCGAGACGCTCGCGCTCGCGGACAACGGCACCGTCACGCGCGCCGGGCGATAGCCGTTGCCGTTCGTGCTGCTCGTCCCGCGCGGCGCGGAAGCCGCCGCCGTGCGCCGCGCGCATCCCGCGGCGCGGGTCGTCGAGGTGCGCGCCGGGCGGCACGCTGCGGCGAATCCCCCCGCATTCGCCGCGGGCGACGTCGCCGTCGTCCTCGGGCTCGCCGGCGCGCTGCGCGAACACCGCACCGGCGACGCCGTCGCGTATCGGTCCGTCGCCGACGCCGACGGCCGCGTCGCGCTGACCGATCCGCACGACGCTGGCATCGACACCGCGTCGCTCCCGAACTGCGCGCTCGCCGACGCCTGCACCGTCGACCACGTCGTCACGACGCGAACGGAGCGCGCGGCGCTTGCCGCGCGCTGGTCTGCTTCGGTCGTCGACATGGAAGGGACGCACCTCGCCCGTGCGCTCGCCGCGCGCGGCGTCCCGTGCGTCATGCTGCGCGCGATCAGCGACGATGCGGCACGTGACCTGCCCGCGCTCGAGCGTGCGATCACCGCCGACGGCGGCGTCGACGGGCTGCGGATCGCACGCGCGTTCCTGCGCGCACCGCTCGCGGCCGCCGCGTTCGTGCGCGGCGCGCGCGCCGGCCTGCGCACGCTCGAAGCGATCGCGCGCCGATTCTGAACGCCGCGACCACCCTATCGCCCGGCGCGTCGGCCGTCGGCGCGCTGCGCGCTGAACGTGCGGCCCTTCCATGCGCCGCCGCGGCCCGCGCGATGGCGCCGTGCCGAGTCCACGGTCATCGCCGCATACATCGCCGCGGCCGCGGGCAATGCGAGCGCCGCGATCCGCGGCACCCGGTAGAGCCGCAGCGTCGGCGCGTACGCGCCGCTCATCAGCAGCCACGCGAGCGCGCCGGGGAGCGCGAGATCCCATCGGCGCGTGATCGTTCCCGCGATCGCCGTCGCCGGCGGAACGACGTACAGCACGACCATCCCCGCGACCGTCCCCGCGAGCAGCAGCGGAGAGTGATGCAGCTGCGTGTACGCCGTGCGCGCGACCATCGACCAGATCTCATCGACCGACGCATAGGGGCGAACGCTCCGCGAGGTCGTCGCGAGCGCGAGCCACAGCCGCCCGCCGTCCCCTTTCACTGCAGCCGCGAGCGCGCAGTCGTCGATCAGCTCGCCCGCGATCCGTTCGATCCCGCCGATCCCGCGCAGCGCATCGTCCGCGATCAGCACGCAGCCGCCGGCCGCACCCGCCGTTGCGCGGCGATCGTCGTTGACCCACGCGAACGGATAGAGCATGCGGAAGAAAAACACGAACGCCGGAATCAAGAGGCGCTCCCACGGGCTCGCGCAGTGCAGCGCGACCATTTGCGAGACCAAATCGCGGCGTTCGCCCTGCGCCGTCGCGACGAGCCCCGCGAGCGTCGCGTCGTCGTGCTCGACGTCGGCGTCAGAGAACCACCAGAACGCCGGCCGCGCACCGGCGGCGCGTGCCATGGCGACGCCCTGCGCGAGCGCCCACATCTTCCCGGTCCACCCTTCGGAGCGCGGCGCGCCGTCGACGATGCGCGCGCGTTCGTCTGCGCCGTGCTCGGCGATCACCGCGCGCGCGATCGCGCCTGTCCCGTCGTCGCTGCGGTCGTCGACGAGCGTCATGGCGAACGCGCCGCCGTAACGCTGACGGATCAGCGACGTCAGCGTGCGGCCGATGACGTCCGCTTCGTTGCGCGCCGGAACGACGGCGTGGACCTCCGGCGCGGAATCGCCGGCGGCGGGCGTACGGAGGCGATTCGCGCGCGCATCCCAAAAGCGACCACGCGCGGCGACCAAGCCCACCCAGGCCGCCACGCCGGCCCACGCCAGAAGCCTCCATGACGTATTCGCCACAACCTGACGCCTCTGCGCTCGCCCCGTTACCGGACCCTCTCGACGACGCGATCGCACGCGCCACCGACGCGCTCTTTGAGTTGCAGGATCCCGCCGGCTACTGGTGGGCCGAGTTGCAGTCGAACGTCACGATCACGGCGGAGGTGCTGCTGCTGCACCACGTCTGGAATCGCTTCGACGCGGTTCCCCACGCGCGCGCAGAGGCATATCTGCGCGGCGAGCAGCGCGATCACGGCGGCTGGGAACTTGCCTACGGCGACGGCGGCGAACTCAGCACGACGGTCGAGGCGTACTGCGCGCTGCGGATGCTCGGCGTCTCGCGCGACGATGCCGCACTCGTCCGGGCACGCGCTTTCATTCTCGCGCGCGGCGGGGTCGCGCGCTCGCGCGTCTTCACCAAGATGCATCTCGCGCTGATCGGCGCGTATCCGTGGAGCGCACTGCCGTCGATCCCGCCGTGGCTGATGCTGCTGCCCGATCGCGGACCGTTCTCGATCTACGACCTCTCGTCGTGGGCACGCGGCAGCACGGTGCCGCTGACGATCCTCTTTGACCGCAAGCCGGTCTACGGCCCGACGCTCGACCTGTCCGAGTTGTGGGCCGGAGAACCCGGCGTCGACGTCGCGCCGCCGACGAACGATCCGCTGGAGCGCGCGTTCCGTGTCCTCGACGGCATCTTTCGCACGCAGGAACGCGCCGGCGCGGTCCCGTTTCGCCGCGCCGGCTTGCGGCGCGCGGAACGCTGGATCCTCGAACGACAGGAAGCGACGGGCGATTGGGGCGGGATCATCCCGGCGATGCTCAACTCGATGCTCGCCCTGCGCGCGCTCGGCTACGACCCGCACGACCCTGTCGTCGCGCGCGGCTGGGACGCGATCGAGATCTTCACCGTGCGCGAACGCGGCCAGTATCGCGTGCAGCCGTGCATCTCGCCGGTGTGGGACACCGCGCTCGCCGTGCGCGCGCTCGTCGATGCGGGCGTCGATCCCGCCGACCCACGCCTCGCGCGCGCGGTGAGCTGGCTGCTCGTCAAACAGA
NZ_AP025523.1_gap57	2461248	2463335	2087	CACACAGCCCGCTGGTCGGCAACCGCACCTACGAGCGGCTGCTCGAAGATTGCGAGGCGTTCGGCGAAGCGCTGCAGACGGTAAACATCCTCAAGGACATCGCCTGGGACGCCGAGCGCGAGAACGCGATCTACATTCCCTCCGATCTGCTCAAGGCCGCCGGCAGCGATCACGACGGGATCCTCCGTGAAGAGCGCCGCCACGCAAACCGCGACGCGCTCATCCCGCTGATGCACCTCGCGCACGACGATATCGAACGCTCGCTGCGCTACATCGAAGCGATCCCGGCCGCCGCCGTGCGGATCCGGCTGTTCTGCGTGCTTCCGATATTGTTCGCGATCGCGACGATGCGCGAGCTCGAACAGACCGAAGCGATGCTGGTCCCCGGCGGGAGCGTGAAGATCGCGCGCGCCGAGGTGCGCGCCCTGATCGTCGCCGCCTCGACGTCGACGCTGACGAACCCGACGCTGCGCTGGCTAGCCGACCGCGTCCGCAAAAAGCCGTTCGTCTTCGGCGGCCCCTGACTCCAGGCCGCGCGTGAAGCGGGCGTTTGTGACGGGGAGCTCCGGGTTTGTCGGGGCCAACCTCGTGCGCGCGCTACTCGACGCGGGCTGGGACGTGCGCGCGCTCGTGCGCGCCGAGGCGCCCTCGCTCGACGGGCTCGCGATCGAGCGCGTCCGCGGCGATCTGTTCGCGCCGCATCTCGCCGACGCGATGCGCGGCTGCGACGCGGTCTTCCACGTCGCCGCGCACTACAGTCTGTGGCGGCGCGACCGCGACGCGCTGATGCACGCCAACGTCGAGGGGACGCGCAGCGTCCTCGCCGCCGCGCGCAGCGCTGGCGCCGGCCGCGTCGTCTACACGAGTTCGGTCGCTGCGATCGGCGTCCGCGCCGGCGCGCCCGCCGACGAAACCTACCAGAGCCCGCCGGCAGCGCTGATCGGCGCGTACAAGCGCTCCAAATATCTCGCCGAAGGGGAGGCGCGGCGCGCCGTCGCCGCGGGCCAGGACGTCGTGATCGTCAACCCGACGACGCCGGTCGGTCCGTGGGACGCGAAGCCGACCCCGACCGGCGAGATCATCCTTCGTTTTCTCACCGGCCGGATGCCGGCGTACGTCGACACCGGGCTCAATCTGGTCGACGTCGGCGAGGTCGCCGCCGGCCACCTCGCCGCGTACGAACGCGGCGTCGCCGGCGAACGCTATATCCTCGGCAGCGAGAACGTGACGCTGCGCGAGATGCTGGCGCGGCTCGCCGCGATCACCGGAATCCCCGCCCCGCGGACGCGGCTGCCGCGCGCCGTCCCGCTCGCGTACGCCTTCGCGCGCGAGTACCTGCTGGCGCCGCTCGGTCTGCCGCCGGACGTCTCCCTCGAGAGCGTGCGCATGGCCAAGCAGATGATGCACTACGACGCGACGAAAGCCGTCGAAGAGCTCGGCGTGGCGCATCGGCCTGTAACCCCCGCACTCGAACGTGCGGTCACATGGTTCCGGGATCACGGCTGCGCCCAGCGCGGCAAACTTCGTTCGGAGGATTGATGGCGGTTTCTCTCAAGCAGGTGGCGGCGGTCGGGTCGTATGTGGTGCGGCAGCGTCTGAAAGGCCGCAAACGGTACCCGCTGGTGCTGATGCTCGAACCGCTGTTCCGCTGCAATCTCGCCTGCGGCGGCTGCGGGAAGATCCAGCACCCCGTCGACGTGCTGCGCCGTCACCTCACGCCGCAGCAGTGCTTCGACGCGGTCGAGGACTGCGGCGCCCCGGTCGTCGCGATCCCCGGGGGCGAACCCCTGCTCCATCCGCAGATCGACGAGATCGTCTCGGGTCTGGTCGCACGCAAGAAGTTCGTCTACCTTTGCACGAACGGGATCCGGCTCGAGCAGAGCCTGGACAAATTCACTCCGTCGCCGTACTTCTCGTTCAGCGTCCACCTCGACGGGCTCGAAGAGGAACACGATCGCGCAGTCGACCGCAAAGGGATCTTCGCGATCGCCGTCAAGGCGATCAAGGCGGCGAAGGCGCGCGGTTTCCGCGTCACCACCAACACGACGATCTTCAAGGACGCCGATCCCAAGCGCATTCAGGAGTTC
NZ_AP025523.1_gap58	2466499	2468306	1807	TTCCCGACGGAACGCGCGGCGAACTGGTGCTCACGACGCTCACCCGCGAGGCGATGCCGGTGCTGCGCTACCGCACGCGCGACCTCACCGCGCGCACGCGCGAGCGCTGCTCGTGCGGCCGCACGACGGCACGCATCGACTGGTTCACCGGCCGCGTCGACGACATGCTCGTCATCCGCGGCGTCAACGTTTTTCCGTCGGCGGTCGAACACGCGCTGCTCGCGTTCGCGGAACTGACGCCGAACTATCGCATCGTCGTCGAGCGTCCGCCGAACGGGCTCGACACGATGCTGGTTGAGGTCGAATACGCGCCCGGCGCCGCGTTCGACGACCGCGAGCGATTCGCCGCGCAGGTCACGCACCGGCTCGCCGAAGCGCTGCTCGTCTCGCTCGAGGTCCAGCTGCTCGAGCCCGGAACGATCGAACGGATCGAAGCCGGGAAGGCCAAGCGCGTCTACGATCGGAGAACGCTTTGAGCGACGAACCGCTGATCCGCATCGACCGGCCCGCGCCGCACGTCGTGCTGCTGCAGTTGAATCGGCCGAAGGTCTTCAACGCCCTCTCGAACGCGCTGGTCGCGCAGCTCGCCGACGCGCTCGAAGCGTGCGACCTCGACGGGGAGACGCGCGCGGCGGTGATCACCGGCGACGACCGCGCGTTCGCGGCGGGCGCCGACATCGCCGAGTTCGCCGCCGCCGGACCGCGGCTGGAGGAATGGGATCGCATCTGGGGCGTCGGCCTGCCGCTGATCGGCGCGGTGCGCGGGCTTGCGCTCGGGGGCGGTCTCGAGCTCGCGATGTCGTGCGATCTGCTCGTCGTCGCCGAGAACGCGCGCTTGGGACAGCCGGAGATCAACCTCGGTGTGATGCCGGGGGCAGGCGGGACGCAGCGGCTCACCCGCGCGGTCGGCAAAACGCTGGCGAGCGAGATGGTGCTGCTCGGACGCGAATTCTCCGGCCGCGAAGCCGAAGCGCACGGCCTGGCGAACCGCTGCGTCCCTGCCGAGCGCGTCCTTCCGACGGCGCTGAAGTTGGCGAGCGCGCTCGCGAAGCAGGCGCCGCACGCCCTGCGCGTCGCGAAGCGCGCCCTCGGCCAGGCGTACGAGCAGTCGCTGCACGCTTCGCTGATCGACGAGCGGCGTGCGTTTCTCGCGCTGCTGCAGACCGACGACGCCCGCGAGGGAGTGGCGGCGTTTCTCGACAAGCGCACACCGCAATGGCGAGGACGATGAGCGAGCCCGTCCAGCACACGGTCGCGATCGACGGCAGCGTCGCGACGGTGACGCTCGCGCGGCCGCAGGCGTACAACGCGATGACGATCGACCTGCTCGAATCGCTGAGCGCGACGCTGCGCGCGCTCGAGCGCGACGCGGCGGTCCGCGCGATCGTGCTGACCGGTGAAGGGAAAGGCTTCTGCGCCGGTCAGGCGCTCGACGATCCGCGCGTCTTCCCGCCGGGTGAAGCGGCCGATCTCGGACGGACGGTGGAACGCTACTACGGCCCGTTCGTCGCGGCCCTGCTCACGATGGAGACCCCGGTCGTCGCGGCGGTGAACGGCGTCGCCGCGGGCGCCGGGATGGGGATTGCGTGCGCCTGCGATTTTCGCATCGTCGCCGACACGGCATCGTTCACGACGGCGTTCGTGAAGATCGGGCTCGTCCCCGACAGCGCGCTCTCGTTCACCCTGCCGCGGATCGTCGGCTTCGCGAAGGCGCTCGAGCTCTGCATGCTCGCGGAGAAACTCGGCGCCGCGCGCGCCGACGCGCTCGGTCTGTGCACGCGGGTCGTCCCGGCCGCGGAGTGCGTCG
NZ_AP025523.1_gap59	2469696	2471581	1885	CGCGGTCGAAGCGGCGGCGCGCGCGACGGCGGCGAACCGCAACTCGATGCTCCAAGACCTCGACGCCGGCCGCCCGACGGAGATCGACGCGATCGCCGGCGCGCTCGTCCGGTGCGCCCACGCGCGCGCGATCCCCGTCCCGCTCACCGAGACGCTGCTGCACCTGGTCCGCGCGCGGGAGCGCGCGTGAAACCGCGGATCGGGGCCGCGGAGATCGCGGCGCGCAAAGGCAAGCCGTTCCCGGTCGTCACCGCCTACGACGCCCCGTTCGCCGGGTGCGCCGAAGCCGCGGGCATCGACGTCGTCCTGGTCGGCGATTCGCTCGGGATGGTCGTCCTCGGCTACGGCTCGACGACGCCGGTCGACGTGCACGACATGATTCGTCACGCCGGAGCCGTCGTGCGCGGAACGCAGCGCGCACACGTCATCGTCGACTTGCCGTTCGGCACGTACGAGGCATCGGACGAGCGCGCGATCGCGAACGCCGTACGGCTGATCAAAGAGGGCGGCGCGTCGTCGGTGAAGCTCGAGGGCGGCGACGCGATCGCGCCGCGCATCCGTGCGATCGTGAACGCCGGGATCCCCGTCTGCGCGCACATCGGCCTGCTCCCGCAGACCGCGGCGCTCGGTGAAGGCTTCAAAACGCGGCGCGCGCGCGAAGCGCTGGTGCGCGACGCACACGCCGTGGTGACGGCGGGCGCCTACGCGGTCGTCCTCGAGATGGTCGATCCGGCGATCGCCGCCGCGATCACGAGCGAGGTCGGGATTCCGACGATCGGGATCGGGAGCGGGCCGGACTGCGACGCGCAGGTGCTGGTGATGCACGACGTGCTCGGGCTGTACCCGAACCCGCCGAAGTTCGCGAAGGCCTACGCCGGCCTCGCCAACGACGCGACGAACGCCCTGCGCGCGTACGCCGGCGAAGTGCGCTCGGGCGCCTTCCCCGCAAGGCGCGCGGAGTGACCGGCGTGCGCGAGCTCGACGTCGCGCGGATCGCCGACGCGGTCGCGGGCGCGCTCGAAACGGCGGCGAGCCGCCTTCCCGAGGACTACCTGCGCGCGCTGGAAACCGCCGCCGATCGCGAAGCGGCACCGCTCGCGAAAGACGTGATCGCAACGCTGCTCGAGAACGCGCGTTACGCCGAGAGCGAAGCAATCCCGACCTGTCAGGACACCGGGATGGCGGTGCTGTTCGTCGAGCTCGGGCAGGACGTGCACCTCGTCGGCGGCGATCTCAACGCGGCGCTCGACGCCGGCGTGCGCCGCGCCTACGGCGAACTGCGCAAGTCGGTCGTCGCCGATCCGCTGCTGCGCGTGAACACCCGCGACAACACGCCCGCGATCGTGCACCTGAGGATGGCACCAGGCGACGGCGTGCGCATCGACGCGCTGATGAAAGGCTTCGGTGCCGAGATGATGAGCCGCAGCGGGATGCTGCCGCCGTCGGCCGGGATCGCCGGCGTGAAGACGTTCGTGCTCGACGTCGTGCGGAGCGCCGGACCCAACGCGTGTCCGCCGCTGATCGTCGGCGTGGGGATCGGCGGTTCGTTCGACACTGTCGGCGGTCACGCGAAGCACGCGCTGGTCCGCGCGCTCGGCGCCGCGAACGACGCACCGCATCTCGCCGAACTCGAACGCGACCTGCTCGCGCAGATCAACGCGCTCGGCGTCGGACCGCAGGGTCTGGGCGGCGTGACGACGGCGCTCGCGGTCCACGTCGAAGCGGCGCCGACGCACATCGCCGCGCTGCCGGTCGCAGTGAACCTCAACTGCTCGGCGCCGCGACGCGTCTCGATCGCGCTGTGAGCGTCGTCGCGCTCGAGATCGCGACACCCCTCGACGAGGAACGCGTGCGCGCACTGCGCGCCGGGGCCAAGGTGCTGATC
NZ_AP025523.1_gap60	2475081	2477393	2312	GGCGATCATCCGTTGCGCCCGATGCGCGTGATGGTCAACGAAATTCTGCGCGAACTCTCGCCGGAGTTTTCCAAGCTCTACTCCCGACGGGGCCGGCCATCGATCGCGCCGGAGAAGCTGCTGCGAGCCTTGCTGTTGCAAATGTTCTACTCGATCCGCAGCGAGCCGATGCTGCTGGAGCAGTTGCGTTACAATTTGCTCTTTCGTTGGTTCGTGGGCTTGAGCATGGACGACAAGATCTGGGACCCCTCGACGTTCAGCAAGAACCGCGATCGGTTCTTGAATGGCGAAATCTCCGAGCGGTTCTTCGCCGCCGTGGTCGAGCGGGCGCGTGCCGACGAACTGCTCTCGAACGAGCATTTCACCGTCGATGGGACGCTAATCGAGGCGTGGGCCAGCCACAAGAGCTTTCGGCCCAAGTCGGACGACGAACCGCCGACCTCGAGCGGCGGTCGCAACGAGGGCGTGAACTTTCGTGGCCGGCCGCGCAGCAACGAGACGCACGTCTCGAGTACCGATCCGGACGCGCGGTTGTACCGCAAGAGCAGCGGCGCGCCGGCGATTCTCGGCTATCTCGGACATGCTCTGATGGAGAATCGCAACGGCTTGATAGTCGGCGTGAAGACCACTCGCGCGACCGGGATCGCCGAACGCGAAGCAGCGCTGGAATTGATTCGCGGGGTCAGCGGAAGCAACCGAATCACGCTCGGCGCCGACAAGGCGTACGATACCAAAGACTTTGTCGAGGCGTTGCGAGCGCTCAACGTGACGCCGCACGTTGCTCAAAATACGACCCGTCGCCGCAGCGCGATCGACCGCCGAACCGTCCGCCATCCGGGCTACACGGTGAGTCAACGCAGGCGCAAGTTGATCGAGGAGAGCTTCGGGTGGGGCAAGACGATCGGCCGATTGCGCAAGGTGCATTTCCGCGGGCTTGATCTGGTCGGCGACATTGTGCGCTGGACGGCCGCGGCGTACAACTTGATCAGGATACGCAATCTGAGGGCCGCGACATGATGCGAAGTGATGCTGACCCGAGGGGGCGTTTTCGAGATGAACCGCTCGGCAACGGGCTTCGAGAGGTCCGCCGACCTCCCGAAAACCGTGCTGAACGGGCAGTTCGCGAACCACGCGCCGATTTTTTCACGGGGCTGTTAGAGGCGTTCGAAGATTGTGGCGATGCCTTGGCCCATGCCGATGCACATCGTGGCGAGACCGTAGCGGCCGCCGCGGCGGCGGAGTTCGTGCAGCAGCGTCGTCGCGATGCGAGCGCCGCTGCAGCCCAGCGGGTGGCCCAGCGCGATCGCGCCGCCGTTCACGTTCACGATCGCCGGATCGATCCCGAGTTCGCGGACGCACGCGACGGACTGCGCGGCGAACGCTTCGTTGAGTTCGACCAGATCGAGATCCCGTGCCGCCAGCTTCGCGCGGTCGAGGGCCTTGCGCGTCGCACCGATCGGACCGATCCCCATGACGCTCGGATCGACGCCGAACGTCGCCGACGTCACCACCCGCGCCATCGGCGTCCAGCCGTGCCGCTCGGCGGCTTCGGCGCTGCACATCAGCAGCGCGGCCGCGCCGTCGTTGAGCGGCGAGGAGTTGCCGGCAGTGACCGTCCCGTTCGCTTTGAACGCCGGCTTGAGTTTCGCGAGCGTCTCCATCGTCGTGTCGGGGCGCGGCGGCTCGTCCTGCGAAAGATCGTAGGATTTCTTGCCCGCGTCGACGTGCACCGGCGTCAGCTCGGCGGCGAAGCGGCCGGCCTCCACCGCGGTCTTGCATTTCATCTGGCTTTCGTACGCGAAACGGTCCTGCGCATCGCGCGAGATGCCGTACTGCTCGGCGACGTTCTCGGCGGTCTCTCCGAGCGAAATCGGCGGATACCATGCGGCGAGCCGCGGATTCACCATCCGGTTGCCAAGCGTCGTGTCGTGGATCTCGGGCGCGCGATCGTACGCCTTCTCGGATTTGAGGATCACGAACGGCGCGCGCGTCATCGATTCCGCACCGCCGGCAATCGCGACGTCGACGACGCCCGCGGCGATCGCATGATAGGCGGCGTTGAGCGCCTGCAGACCGCTTCCGCAGAGCCGGTTGAGCGTCGTGCCCGGGACGCTCGTCGGCAGCCCCGCGAGCAGCAGCGCCATCCGGCCCGCGTTGCGGCAGTCCTCGCCGGCCTGATTCGCGGCGCCCCAGAAGACGTCGTCGATCAGCGCGGGCTCGACGCGCGTGCGCTCCACCAGCGCGCGGATCGCGTGCGCTCCGAGGTCGTCCGGCCGCACGGACGCGAGCGCGCCTCCGTAGCGGCCCATCGG
NZ_AP025523.1_gap61	2636302	2640403	4101	GCGATCCGTTCGGCCGCCGCAAGCGCCGCCTCGCGGTCGCCGGCATGGGCGACGACGAACGCGTCCGACTCGAATCGTCCGAAAAACTGTGCGTCGGAGACCGTCGCACCGATCGTCTCGCACGCCGCCTGCAGCACGGCATCCGCATCGCGGCGCGTCATCCCGATGTCGAGCAGGCCGAACGCATCAAGATCGATGCACGCGACCCACATCGCCGACGACTCGGGGCCTCGCGCCCACGTCTCGAGCGCTGCGCGATTGGGCAGCGACGTGCGCGCGTCGTGCAGCAGCAGCCATCGGCCGAGGATCCGCAGCCGCTCGCGCGTCGACGTCATCGCGCCGAGCACGAGCGCGAGGATCGTCTGCAGGATCACGTCGAGCTGACCGCCGGCGACCTGCGAAGCATCAACGCGGGAGACGATCGCGATCGCGACGAGCGCGACGTCGACCGCCGCGATTCCGATGATCGCGCCGCGCATCCCGCCGGCGGCGGCGAGCGCCGCGACCGGGACCAGCACCAAGGCGAAGACGATGGCGCGCTGCGGATCGAGCCGCAGCACACCGAGCGCAACGACGTTCAGCGCCGCGATCAGCGCGACGGCGGAGAGCTCGGCCCATGCCGGAAGCACGCGGCGGTAGGCGGCCGGGGCGTAGCCGCGCGCCGCGGAGATCGCGAGATCGAGGACCGGCGCGAACGCGAGGATGCCGACCGCGTCGCCGAGCCAGAACACGCGAAACTGATCCATCGCACCGCTCGGCGAGAGCGATCCCGCCGACGCGTGCAGCGCGACCGAAAGCGCGGAGGTGACGAACGCGAGCAGCAGCGCGAGCCCGCAGAACGCCAGCGCGTCGCGCACGCGCACCGACGGCAGCACCAGACCGCTGCGGTGTGCGAGCAGCACGCCGCCCGCGTACACGCCCCCGACGATCACGCCTTGGATCGCGGCCGTCGGAAGCGCGTAGGCCGGATCGTGATAAAGCGTCCAGCGCAGCATTTCGGCCACGACGACGAGCGGAGCGTAGCGGACGCCGAAACGATACAGCAGGGTGACGGTGAGACCGGCACCGGGATACCAGGGCGAGAACCCCGGGGCGCGATGCAGCGCGAGCGTCGTCCAGTCCAAGGCGACCCAGGCGACCACGAACACGGCGCCGACGATCGGCGACTGCCAGGGCCTCGCCCGCATGCGTTCGAGCGTTGGGGAGCCTGCCGCCCCCATCCTCCGGCCCTGCCGCGAAACTCGAACGGCGACGCGAGCGTCTTCCCGAAGGTATGTCCGAACTGTTCTCTCCGTATACGCTGCGCGGCGTCACGCTGCGCAATCGCGTCGTCGTCTCCCCGATGTGCGAATACTCCTCGAGCGACGGTTTCGCAAACACCTGGCACACCGTGCATCTGGGGAGCCGCGCCGTCGGCGGCGCTTCTCTCGTGCTGACGGAAGCGATCGCGGTGACGCCGGAGGGCCGGATCTCTCCGCAGGACCTCGGGATCTGGAAAGACGAGCACGTCGACGCGCTCGCGGAGATCGCCCGGTTCTGCCGCGAGCAGGGCGCGGCGTTCGGGACGCAGCTCGCGCACGCCGGCCGGAAAGCCTCGACCAAACGCCCGTGGGAGGGCCACGGTGCCGTGACGTCCGCGGACGGCGGCTGGACGCCGGTGGCACCGGGGACCGAGCCCTTCGATCCGTCGTACCCGACGCCGGCGGCTTTAGATGAAGACGGGATCGCCGCGATCGTCCGCGCCTTCGCCGACGGCGCCCGCCGGACCGAAGCCGTCTGCGGAACGGTCGTTGAAGTACACGCCGCGCACGGCTACCTGCTGCACCAGTTTCTCTCGCCGCTCGTGAACCGGCGCACCGACCGCTGGGGCGGCTCGTTCGAGAATCGCACGCGGCTCACGCGCGAGGTCGTGCGCGCGATCCGCGCCGTGTGGCCGGAACGCTACCCGCTGTTCGTCCGCATCTCCGCGACCGATTGGGCCGCGGGCGGCTGGGACGCCGAACAGTCGGTCCAACTCGCCGCGCTGCTGCGCGCCGACGGCGCCGATCTCATCGACGTCACGACCGGCGGCGCGGTCCCCGTGCCGGCGGGATCGATCCCGGTCGGACCGCTGTATCAGACGCCGTTCGCGGAGCAGATCCGGCGCGAGGCCGGGATCGCGACCGGGACGGTGGGGATGATCGCGGAGCCCGCCGATGCCGAGGCGATCGTCGCGGGCGGCCGCGCCGACCTCGTGCTCCTCGCGCGCGAACTCCTCCGCGACCCGTACTGGCCGCTGTTCGCATCGCGCGCGCTCGGCGCGCCGATGCCGTGGCCTAATCAGTACCGGCGCGCCGAAGGCGACCGCGCGACAATGAAGGTGCCGTCGCTCACGTAGCGCCGGCCGTCCGCAGCGCGCGCGAGCGCAGCGCGAACGCGGGGCGATAGCGTTCGGGTCCCAGCAGCCGCGTGCACTGCTCGAGCACGGCGAGCACGCGATCCCAGCCGATCCGCTCGGCCCAACCGAGCGGGCCGAGCGGATAGTTGACGCCGAGCGTCATCGCAAGATCGATCGTCGCGTCGTCGATCCCTTCGGGGAGCATCGTGCACGCCTCGTTGGCGATCGCGGCGACGGTGCGCATCACGAGCAGGCCCGGCACGTCGGGAATCGCGCTCACCGACTTGCCGAGCGCGCGGAAGAACCCGCTTGCGGCGGCGAGCGGCGACGGATCGGCGTCGGGCGCGGCGACGACGATGCGCGCGCACGACGCGTAGTCGAGCGCGAGATCGTAGAGCACCGACGGAGCGTGCCGCGCGTGTTCGGCCGCCTGCGCACCGTCGGTGAGCCGCAGGGCGACGCCGTCGACCTCGATCCGCGCGTCCGTACCGGCGCGTTCCTCGACCGCGATCCCGCGCTCGCGCGCGAGCGCGACCAGCGCGGCGGCAACGCCGAGATCGCCGTACGCGACAACGCTGCGCGGCGCGACACCGGAGGGAGCATCGGAGGGATCGAGCTCTTTCGCGCCGGGCGCGTAGTCGTAGAAGCCGCGTCCGCTCTTGCGTCCGAGACGGCCCGCATCGACCAGTTCCTGCTGCACGAGCGACGGCGCGAAGCGCCGGTCGTAGGCGAACGCCTCGAACACCGAACCGGTTACCGCGAAGTTCACGTCGTTGCCGATCAGATCCATCAGCCGGAACGGTCCCATCCGGAACCCGCCCGATTCGGTCAGCGCGGCGTCGACGTCGGCGACGGCGATCCCGAACTCACCGTGCGCGCGCAGGGCTTCGGCGTAGAACGGACGGGCGACGCGGTTCACCACGAATCCCGGCGTCGACCGCACGCGGATCGGCCGTTTCCCCCAGCGCTCCGCAAGCGCCGTCGCGCGCGCCACCGCATCTTCCGACGCCGTCAGCGGTGCGACGATCTCGACAAGTTCCATCACGTGTGCGGGGTTGAAGAAATGCATTCCGACGCAGCGCGCGGGATGCGCGAGCGCGCCCGCGATCGCGGTCACGGAGATCGACGACGTGTTCGTCGCGAGGATCGCGTCGGACGCGACGATCCGTTCGAGGTCGCGGAACAGTCCGATTTTCGCGTCGCGATCCTCGACGATCGCTTCGACGACCACCTGCGCCGACGCCAGGGCGTCGAGCGCGGACGCGGCGTGCAGGCGGCCGATGAGCGCGCGCGCTTCGTCACGGGCGAGCTTGCCGCGCTCGATGCGCCTCTCGAGATCGGCGCCGATCCCCTCGATCGCGCGCGCGGCCGCGCCTTCGCACGCGTCGAAAAGCAGCACCGGATGACCGGCGGCAGCGGCGACCCGCGCGATCCCCGCGCCCATCGTCCCGGCGCCGACAACGGCGACGTGTTCGTGCATGACCGGCGATGCTTCTAGCCGGTGACGCGCAGTCCCGCGGCGATTCCGTTGATCGAGAGCCGGATCGTGTCGCGCAACGCGGGATCGGGCTGCGCGCGGTACGCGCGCAGCAGACGGATCTGCAGCAGCGAGATCGGATCGACGTACGGATTGCGCAGCGCGATGCTGCGCGCCAGGGTCGGGTCGTCGGCGAGCAGCGTCTCGCGTTCGAGGATCTGCAGCACCGCGCGGACCGACGCGTCGT
NZ_AP025523.1_gap62	2645332	2646673	1341	ACGCCGGCTGATGCTCGGGCGAACCGAGATACGTCCACACGATCCCGCCGGCTTCGTGCACCGGATAGGGGCGCGTGCGCGTGCGGTCGCGGAAGTTGTAGCCCTCCGGTTCGGTCGGCATCTCCAAACACGCGCCGTCGACGCCGAATTTCCAGCCGTGGTAGACGCAGCGCAGTCCGCCCTCTTCGTTGCGGCCGAGCGCGAGCGAGGCGAGACGGTGCGGGCAGTGCTCGTCGAGGATCCCGATCCGTCCGTGCGTATCGCGGAACGCGACGAGCGGCGTTCCGAGGATCTGCGTGCGCACCGGCGCGCCGTCGGGCTGCGCGACTTCTTCCGCGAGGCAGGCCGGAAACCAGTAGCGGCGCATCAGCGCCCCCATCGGCGCGTCGCCGGTAACGCGCGTGAGCCGTTCGTTGTCAGCCGCCGAGAGCATGTTTCCTCGCCATCCTGAATGATACGTGTGGTGAAGTATATTCGCGGAGAGACGCGAATTGCAAGGTCCGACCCGACCGCCAGGAGGTATCGCCATGGGGTTTCGCCCCGATCTCCGCTTCGCCGCCGCGGCGCTCGCCGCGCTCGTCGCCGCCGGCCCGCTCCCGCTTCACGCCGCCGACGAACCGTACGAGATCGACGCGGTCCTCTCGCTCACGGGGAGCGCCGCGTTCCTCGGCCAGGAAGAGAAACAGGCGTTCGAGGCGGTCGAGCGCGTGCAGAACGCGCGCGGCGGGATCCACGGCCGCAAGATCCGGTTCACGATCCTCGACGATCAGTCGAACCCGCAGAACGCGGTGCAACTGACGAACCAGATCATCGGCAAGCACGTCCCGGTGGTTCTCGGTTCGTCGCTCGTCGCGCAGTGCAACGCGATGGCGGCGCTGGTGAAAGAGAACGGGCCGGTGCAGTACTGCGTCTCGCCGGGGATCCATCCGGAACACGGCGGCTATACCTTCTCCTCGAGCGTCTCGACGCGCGACCAGGCGATCGCGATGGTGCGCTACTTTCACAAACGCGGCTGGAACAAAGTCGGTCTGCTGACCTCGACCGACGCGACCGGTCAGGACGCCGAGCGGAATTTTCTCTACGCGGTGACGCAGCCCGAGGTGCGCGGCGTCGAGATCGTCGCGCGCGAACACTTCAACCCTACCGACGTCAGCGTCTCCGCGCAGCTCGAGCGGATCAAGAGCGCGAAGCCCGACGCGATGGTCGGCTGGACGACCGGGACGCCGTTCGGCACCGTCCTGCGCGGGATCACGGAGACGGGGATCGACATCCCGGTCGGCGCCGGAAACGGCAACATCATCTATGCGCAGATGAAGCAGTACACGCAGTTTCTCCCCAAGA
NZ_AP025523.1_gap63	2693047	2696459	3412	CCCGCCGTGCGCTTTCGTCACCAAGCCGAGCTTCGGCTCGGGGACGCCGCCCTCCGCGAAGTCGCGCCGCGCACCCTGATAGATCGGGTCGTGTACGCTCCCCAGCAGCGGATTCGTCGTCTCGCGGTGATCCCAGCGCAGCGTCGTCCCGGCGGCCTCGACGAACGGCGGCGCCGCCGCGAACGGTGCGTGCGCGCGCGTCTTCGCGAGTTCGAGCGCGAGCCGCGCGACGGTCGTCTTGCCGACGCCGGGCGGCCCGTAGAGGATCACGTGCTGCGGATACGGCGACGCAAGTTTCGCGATCAGCGCCTTGATCGCCGATTCCTGACCGACGACCTGGTCGAGCGCGCGCGGACGCAGGACGTCGAGCGCCGCGCGGGCGAGCCCGCGCGCATCGAGCGCTTCGAGTTCGGAGAGCCGCCTCTGCGTCGCAGGCGTCTCGGGCCCCGCGTCCTCGCGGAGCGCTTCGAGCCGCAGTTCGCGCAGATACTCCTGATGGCGGGCGACCATCTTCGCGTTGACCTTCGCTTCGAGCGCGTCGCCGACGCTGCGCTGCGCGAGCAGATCGGCGAGGCGGTCTTCGATCTCGTTGATGACCGCCTTGTACTGCGCTTTCCCCGGACGCGTCTCGAGCGTGGGATCTTCGAAGACGAGCCGTTGGAGCGCGAGCAGGCGATCGGGGATCGCCTGCGAGCGCATCTCCTTGAGCGTGCCCAATTTCCCGGCGCGCATGACGACCTTCTCGGTCCCCAGCGCTTCGGTGAGGACGTCGTACAGCGCCGCGATCTCGCGGCGCAACCGCTCCTCCGGGCTGCGTCGCACGCTATTTCAGCGCGACGACTTGTACCGCCGACTTCGCGACGATGTTGTTCCCCAGACGAATCTCCACCGGGTACGTCCCCAGCGCCTTGATCCCGTCCTTCATCTCGATCTTGTGACGGTCGATCGTGACGTTGAGCTGTTCCTGCAGCGCGTCGGCGACCTGCGTGTTGGTCACCGTGCCGAACAGACGGCCGTTGCCGCCCGCCTTCGCGGCGACGCGGATCGTGATCTGCTCGAGCTGGGTGGCGATGTCCTGAGCGTTCGCGACCTCTTCGGCCTGCTTGCGCTTTTTCGCGTTCTGCTGCTGCTCGAGCTGCTTCATCGCGCCGGGCGTCGCAACGACCGCGAGCTTCTGCGGGAGCAGGTAGTTGTGCGCGTATCCGTCCTTGACGTCGACGAGCGCACCGCGGTTGCCGAGCGGCTTGACGTCGCTGGTGAGAATGACCTTCACGGCGCTTCTCCTACTGGACGACGAACGGGAGCAGTGCGATCACGCGGGCGCGCTTCACGGCGGTCGTCAGCGAGCGCTGGTGCGCCGCGCAGTTGCCGGAGATGCGTCGCGGAAGAATCTTGCCGCGCTCGGAGATGAACTTGCGCAGACGCGTGGTGTCCTTGTAGTCCAAGTCGTCTTGCTTGTCGGCGCAGAAATTGCAGACTTTACGCTTCGGCCGGCGATCTTTTTTCGCCGCCGCGCGCTTGCCTTTGGGAGCAGCCATGAGAGGAGTGACCTTTCGGTGATGTAGGTGGTGATGGCCGAGAGGAACTCGACCCTACACACGTGGCGCCCGAGGGCGACACGACCCGGCGGCGGTCCGTTAGTGCGGACGCCGGGAACCCTCCTACTATACCGGAAAGCGGGTCGGGCCGCTAGGGGGACGACACCTTCGCGACGGCAGGGCAACCGTGCATGTGAACGCTCGAAAGCACTTCGCGATCCCGCCGGACGAGCGCGTGCGGCTCGCCGAGATCGATCCGGGCGATACGGGCTCTTTTACCGCCGAGGCCGACGCGCATCAGGCGACGCATGACGCCCTCGCGGCGATCGCCGACCTGCAGTATCGGCTCTACGCCGAGCACCGTCACGCGCTGCTCATCGTGCTGCAGGCGATGGACGCCGGCGGCAAAGACGGCACGATCCGCCACGTCTTCGGCGCGCTCAGCCCGCTGAGCGCCTACGCGCACGCGTTCAAGGAGCCCACGCCCGAGGAAGCGGCGCACGATTTTCTGTGGCGCGTGCACAAGGTGACGCCGGGCCACGGCGAGATCGCGATCTTCAACCGTTCGCACTACGAAGACGTGCTCGTGGTGCGCGTCCACGACCTTGTCCCGGAAAAGGTGTGGTCGAAGCGGTACGCGCGCATCAACGCGTTCGAGAAGACCCTCGTCCGCGGCAACACGACGATCCTGAAGTTCTTCCTGCACATCAGCCGCGACGAGCAATTGCGGCGATTCGCGCAGCGGCTCGACGATCCGGCGCACCAGTGGAAGATCAGCGAGTCCGACTACACCGAGCGCGCATACTGGGACGACTACATGCGCGCGTACGAAGCGGTGCTGGAGAAAACAAGCACCGCGCGCGCGCCGTGGTACGTGATCCCCGCCGACCGCAAGTGGTTCCGCAACTGGGCGGTTGCACAGATCGTCGCCGAAACGCTGCGCACGATCGATCCGAAGACGCGCGCGCCGTCCGTCGATATCGAGGAGATTCGGGCGAAGTATCACGAGGTTGAGCGCAGCGAGCACGGCGCGTAGCGGCTAGGGAAGGCGCATCGAGCGCCGGATCGCGCGATCGCGCAGCCTCGCGGGGACGAGCGCCAAGAGGCTCCCCGCCTTGGCCGGACCGCCCAAGAGGCGGTTCGCCGGCGGGTGCGGTGCTCGCAGCGCGTGCGCGATCGCCTCGGAGACGCGCTCGACCGGCAGCCCCGCTTTCTCTTCGCCGTCGATCACCGCGAAGAGGCGTTCGATCGCCGGCCCGTAGTGCGTCAGCGCCTCCGGCGGCAGCATCGCGCGCTGCGATGCGACCGACGCGCGCCCCTTGCCCCAGATCGGCGTCTTCACCGCGCCCGGCTCGACGAGCGTCACGCCGACACCGAACGGCGCGAGCTCGATCCGCAGCGCGTCCGTCAGCGCGCGCAGCGCGAACTTCGAGGCGCTGTACGGTCCGATGAACGGCGAGGCCAGCCGGCCCGAGATCGAACCGACGAAGACGATGCGGCCGCGCGCGGCGCGCAGCATCGGCAAAAACGCCTGCGTCACCGCGATCGCGCCGAACACGTTCACGTCGAACTGGCGTCGCAGTTCGCTGACCGGCAGAAACTCCAGCGGACCGCCGATCGCGATCCCGGCATTGTTCACCAGCCCCCGCAGCGGGATCGCTGCGTCGCGCACCTGCTGCAGCGCGGCGCCGATCGACGCGTCGTCGGTGACGTCGAGCCGCACCGCACGCACGTTCGGGTGCAGCGCGGCAACGCTCGCCGCGTCGGCGTCGCTGCGCACGCCGGCAAAGACGATGCTGCCGTCGCGCGCCAGATGCAGCGCGGTGGCGGCGCCGATCCCCGTCGACGCGCCGGTGACGACGATCGCCTCTCCC
NZ_AP025523.1_gap64	2698539	2703040	4501	GCCCCGGGTGCCGGGCGCGATCGTCGCGCTCGTCGTCGCGACCGGCGCGGTCGCGCTCTTTCACGTCCACGTTGCGACGATCGGTTCGCGGTTCGGCGGCATTCCGGCCGGTCTGCCGCCGCTGGTGATCCCGCAGTTCCGCCCCGACTTGATCCTCTCGCTGATCCCGTCCGCGTTCACCGTCGCGATTCTCGCCGCGGTCGAGAGCCTGCTCTCGGCGGTCGTCGCCGACTCGCTGACCGGCGACCGTCACGACTCCAACGCCGAACTCGTCGCACAGGCGTCGCCAACCTCGTCGTCCCGCTCTTCGGCGGCATCCCCGTTACCGGCGCGATCGCGCGGACGGCGACGAACGTCCGCTCGGGCGGACGCACACCGGTGGCCGCGATCGTGCACGCCGCGACCCTGCTCGCGATCGTGCTGCTCTTCGCGCGGCTCGCGTCGTCGATACCGCTCGCGACGCTGGCCGCAATCCTCGTCGTCGTCGCGTACAACTGGTCACCTTCGTGCGGACCGTGATCGCCGATCTGACCCTCGCCGTCGAGGTCGGGATGGCGCTCGCGGCGCTGCTCTACATCTACCGCATTTCGCAAACCACGACCGTTTCGCTGGTCACGCCCGAAGACGTCGAAGACGGGCGCATCCACATTCTGCAGGACAAGCCGATGCCGCCGTACGTCTCGATCGTGCGCATCCACGGCCCGTTCCTCTTCGGGACGACGGAGACGCTGCTCGAGCAGACCGGCGACGTCGAGCGGTACGCCCCGATCGTCATTCTGCGGCTGCGCAACATGACGGCAATCGACGCGACGGGGCTGCACGCGCTCGAGCTGCTGAGCGAACGGCTGAAACGTTCGGGCCGCACGCTCCTGCTTTGCGGCGCCCGCGATCAGCCCAAGCGTTTCCTCGAGCGCGCCGAGTTCGTCGGGAAGATCGGGCCGACCAACATCCTTCCGAACGTCCATGCCGCGCTCGATCGCGCGAGCGAGATCCACGACCGCTTCGACGGATCGGCGACGAGTTCGCACACGACATGATCTAGGCGCGCCGCGAACTCAGCGCTGCGGTCCGAGGATCGTGCGGACGAAGTTCTCCGGCTGGACGTAGGTCGAAAACGCGCTTTGAATCGAGGCCGCGTCGGTCGCGGCGATGCGCCGCGCGTCGATCTGCGCCTGATCGAACGGGTATCCGGCCAGCGCGTCTTCGAGCAGCGACTGTCCGATCGCGCTGACCGACGCGGTGCCGATCGCCGTCTGATGCACGATCGACGCCTTCGCCAGCGCCAGTTCGAACTCGCCGACCGGCTGCGTTTTCATCCGCGAGATCTCGGTCTCGATCAGCGAGAGGATCCGCCCTTCGTTGCTCGGCAGGCACGCGAACTCGATCGAGAGCAGGTAGCGCGAACGCCGCGGCTGGAGCCGCGACGCGACCGTGTAGACGAGTCCGGCGTTCTGGCGCAGATCGCGGAAGAGCCGGCTCTGTTCGGGGCCGAGCGAGCCGCCGCCGAGGATCGCGTTGCCGAGCAGCAGCGGATACAGCTGCGGCGCGTTGCGTTCGAGCCCGACGATCTGCTGCAGCTGCACGTTGTCCTGACCGCTCGGGATCGGGATGCGCACCTCGCCCGGCCGGTTGGGCGGGAGCGGCGACGGCTCGACCTGCGGCGCGGGACCGCTGGCGCGCCAGTTGCCGAACTCTCGCTCGATCGCGCTGCGCGCCGCTTCGGCAGTCACGTTGCCGACCACGACGATTGTGGTGAGATCGGGGCGGAACGCGTGCTGATAGTACGCGCGCACGTCGTCGAGCGCGAGCATCTGCATCCCGCGCGCCGTCGGCTGGCGCAGTTCCGGATCGTCGGGCGGCAGCAGAAAGCGCGCGGCACGCAGGTTCGCAATCGTCCCGCTGCTCGAGAGCGTCGTCTGGAGTTCGTCGATCGCGCGCTTGCGCGCGAGTTCGAACGTCGGCTCGTCGAAACGCGGCTGGAGCTGATTCTGGGCGAGAAGGGCGACCCCGCGCGCAAACTGCTTCGAGGTCGTCTGCAAGCCGAAGCCGCTCCCCGCAACCGCGTTCGAATCGGCGTCGTCGAGCGCGCGCTGAAATCCGATGCGGTCCTGCGTGCGCGTTCCGTAGGGGAACATCGCGTCGAGCACCGCCGAGACGCCCTCTTTCCCCGCCGGTTCCTCGAGATCGGGATTCGATTTCACCCGCCCGTACACGAACACCGAGTCGGAGATCGTCTCCGGCTGCACGATGAGCGTCAGCCCGTTCGGCAGCGTGGTGCGCGTCGGCGCGAGCGACGACGGCGTAACGTCGACGTGATGGATCGCGTCTTCCGCCCAACTCGGGAGGTGCGTGACGGGCGGCTGGGCGGCGAGCAGGTTTTCCGGCCCGCGCTGCGGCGGCGTCGGCGCGTCGGTGCGCGACGCGCTCGCCGAAGGCGTGAGCGCCCCGACGATCGCGTGACGCGGGTCAAGGTAGGTGCGCGCGACGCGGTCGACCTCGTCGAGCGTCACCTTCGCGATCAAGTCCTGTTCGTGCGCGATCGACGGTTCACGGTCGAGCGCGATCGTGGTCGACCAGTCGGAGGCGAGCGCTTCGATCGAGTTGCGGCTCTGCTCCTGATCGGCGATCAAGTGCCGCTTCGTCGTCTCGAAGAGTTCGCGCGGAACGCCGCGCTTGGCATACCCGGTAAGGATCGACTGCAGTTTCTCCGTCATCGCGGACGGATCGGCGCCGGGCGGGAGCGCCGCCGTCGCAAACGCGAGCTGCGCTTCGGGGACGTACGGGAACGACGTCCACCCCGCGTCGAGCGCTTGACCCGTATCGCGGAGCGCATGGAGCGGACCGCGCTCGGCGCCGAGGATCCCCTGCAGCACGAACGACGCGAGGAAGTCGGCGTCGTTGAGCCCCGGCATGCGGAAACCGACGGCCGCCAGCGGGTATATCAGCGTCGTCGTCCGCTTGAGCACGGTGCGCGGCACGGGCTTGAGATGCGCCGCCGCATGCGACGCGATCGTGCGCGCCGGAATGCTCTCGAAGCGCGCGCGGATCTGCTCGAGCGCGCGCGCCGGATCGACGTCGCCGGCGATGACGAGCAGCGCGTTATTGGGCGCGTACCAGCGCTCCCAAAACGCCTTGATCTGAGGTCCGGTGAGCCGGTCGAAGGCGGACTTCGTCCCGACGCCTTCGTGTCCGTAGGGCGTGCCGTCGTATGCGATCCGCTGGGCGTCGCGGAAGAAATCGGCGCCGGGCGTGGATTCGTCGCGCAGCACTTCCTGTTCGATTGCACCGCGCTCGTTCTGCCACTGGTCCTGCGCGTCGAGGACTTCACGCATCCGGTCCGATTCGATGCGCAGGATGGCGTCGAGATCCTCGCGCGGGACGTTGAACTGATATTGCGTGAGCGTGTCGCTCGTCGCGGCGTTGAACGAGCCGCCGAGCGCCGTCGCGATCGTCCCGAGTTCGCTCGTCGAAAGATTGCGCGTCCCGCGGAACATCATGTGCTCCTGGGCGTGCGCCATCCCCGGGACGCCGGCCGGATCGTCACGCGAACCCACCAGGTACGTCATCTCGGTGGAAACCGCAGGCGCGATCGCGTTGCGGACGATCACCACGCCCATCCCGTTGCGGAGCGTCGCGTGCACGACGTCGGTCGCCGGCGCCGACGGCGCCTGACCGGTCAGGGCGCCTGTGAAGACACACAGCAAGAAGGCAAAGCGGAACCGGCGAATCGTCATCCGCTCGAGTGTTCCCGGTTTCGCTGGGAGGAGCCCTTGGGTGCGTCGAGCGCCGCGAGGAGCGTGCGCGGCGCGACGACGCGATACGCTTCCTCGACGATCTCCGAAATCGCCGGCCAGTCAGGCGTGCGGTCGAGGCGCACGCCGATCCAGCCCCGATGACCGACGTACGGCGGGCGGAAGAACCGCTCGCCGTCGGCGCCGATCAGCGCCTCCTGCGCGCCCGTCGGCGCCGCGCACCACAGCGCCAAGCGCCCGTCGCCGTGATGATCGTCGAGAAACATCACGAACGTCGACTTGTCGCGCACGAAAAAGCACGGCGCGCCGTGGCTGAGACGCTCGCTCACCTCCGGCAGCGCCGTGCACAGCGCGCGCACGCGCCGCAGGGCGGCGGCGGCGGTTCGCGCTGACATCGCGTCAGCTCTTCGCCAGTTCGGCCTCGATCGCGGCCAGCAGCGCCGGATCATCCGGCGTGACGTCGGGCGCGAAGCGCGCGACGACGTCGCCATGGCGACCGATCAGGAACTTCTCGAAGTTCCAGGTGATGTCGTCGGGCTTCTTTCCGGTGATGAGACCTTTCTCGGTCAGTCGCGCTTCCAGCGCGCTATCCGCGTTCTTGCGTGCCGCCGGCTGCGCCGCGATCAGCGCATCGTAGAGCGGATGCCGATCGTCGCCTTTCACGACGATCTTCTCGAACATCGGAAACTGCACGCCGAACGACGTCTCGCAGAACTGCGCGATCTCGGCGTTCGAGCCGGGCTCCTGCG
NZ_AP025523.1_gap65	2705443	2707441	1998	CACGCCTAGCGCTCGCGGTTGAAGCGGTTGGTGAAGACCGGCGCATCGTCCTCGACCTCGCGGCGATGACAGCGGTCGCACAGGCTGTACTTGTTCGGAATCGGGTACGGCTTCTTATTCCAGCGGAGGCTCAAGTCGTGCACGAGGTGGGCGCGCCGCTTGCAGCCGGGGCAGACGAAATGCTCGCCGTCGGCGTACAGCACCGGATCCTTCGGGGTCCACGTCTCCGGCTCGCCGCTGAAATGCGGGCATTTCTTGAGCGCTTGCTCGTAGGCGTATTTGAGACCGGCCGCATGATCGGTCAGCGCTTCGGCGGCACGCTCCTGCTCCGCCCGGCACTCGGGACACACGGAGCTGCGAAGCGTCCGTACATCCTTGGGCTGCTTGCAGACGGCGCACCGGAATTCCATGTTCTCACCTTGGCGCTCGGAATCTAGGCGTCCCGCATCAGCCGGGCGACGATCTTCAAATCGTCGACGAACGCCGAAAGCTCGACACGGCGAGCGGCATGGACGGTCGCTACCACGCGCTCGGCGTGCGGTGCGGAGACGAGTTCGCGATGCGCGGTGACGCGGAACGACGGTCCCAGCAATGCCTGCGCCGCAGTCGCTCCCAGCGCGACGACGAGCCGCGGCCGCACCACCTCGATCTCGGCGACGAGCCTCGGCTCGCACGCGCGCACTTTAATGCGTTTCGGCGACGCGTGGATGCGTCGCTTCCCGCGCTCGACGAATTTAAAATGCTTGACCGCGTTGGTGATGTAGACGTGCGCCGGATCGATCGCGGCCTCGCGCATCGCGTCGCGCAGCAGGTTCCCGGCGGGACCGACGAAGGGATGGCCTTGCCGGTCTTCGCTGCGGTATTGCAGCAAACGAACCCGCTCAGCCGAACCGTTCGCGGCGCGGCCGCATCGGTTTGCCGCGGATCGTCGTCTGCCGCAGGGCGCGGATGATCGCGTCGGCCGCATCCGAGGGGACTTCGACCAGCGAGAAGCGGTCGGCGATCTCGATCGCGCCGATCGCTCGGGCGTCGATGCGCGCTTCGTTGGTGATCGCGCCGACGAGATCCGCCGGACGGATCCCGGCGTTGCGGCCGAGGCCGACGTACAGCCGCTCGACGCCGGCTTTCGGCGGCGGAGGCCGCCGCTTCGCGGCCTGACGCGCCGGCGGGATCGGCGGAGGCGGCGGGATGTGGACGATCTCCTCGTCATCCTGCGCGCCGTCGCGCGCGTCGAGCGCGAGTTTGACCGCGGCCGCCGCGACGTCGAAGACGTCGTGCTCGGCCGCGAGCGCCTCGACGAGCGGCCGGAACCGTTCGAGATCGCCCTCGGCGAGCGTCGTTTCGAGCGCGTCGCGTGTGTGCTCGAGCCGGCGCGCGCGCATCTCGTGCACCGTGGGAACGCTCTCGGTGACGATGCGGCGCTTCGTCGTCTGCTCGATGTTGCGCAGCAGGCGGTGCTCTCGCGCTTCGACCAGCGTGATCGCGACGCCGGCCCGTCCGGCACGTCCCGTGCGCCCGATGCGATGGACGTAGGCGTCGGGCGAGGCAGGCAGATCGAAGTTTACGACGTGCGAGACGTGTTCGATGTCGAGACCGCGCGCAGCGACGTCGGTCGCGACCAGCACGTCGCTGGTGTTATCGCGGAAGCGGCGCAGCACGCGGTCGCGCTGTTCCTGCGTGAGGCCGCCGTGCAGCGCCTCGGCGCCGAGCCCGCGCGCGGCGAGGGTCTCGGTGAGTTCGTCGACCTCGGTGCGCATGCGGCAGAACACGATCGCCGACGTCGGATCTTCCATGTCGAGGATGCGCGCGAGCGCGGCGACCTTGTCCGCACGCCGCACCACGTACGCGACCTCGCGCACGCGCGGCCCTTCGCCGGCGGGCTGCACTTCGTCGACGATCGTCACGTGCTCGGGATCGCGCTGATGGCGCTGCGCGATCGCGAGGATGCGCCGCGCCATCGTCGCGGAGAACAGCGCGGTCTGCCGCTCCGCCGGAACG
NZ_AP025523.1_gap66	2728883	2730587	1704	GGAACTGCAGCGGCGCGACGTCGACGGGAGAGGTCCGAGTCGACGGCGTCGCGCCGGACGGACGGTCGTTCCGCGGCAGTTTTTGGCAGAGCGGGGTGAAGCTCGGCGACTTCATCGCCAGCAGGCAGTGAGTCAGGCGGAGGCGGCGTCGTTGACGCGCCGCAACTCGGAGGCCAGCTTCACGATCGCCCCGACACAGACGCCGACCGGGAGGATCCACGCCGCGGCCTCGGCGATGCCGGCCGGAACGATCTGCGCGAGCCGGTGTTGCCCGACGACCCGGTACACGACCAGACACTGCACCGCCGCGAACACGACATAGGCGATCGTCCCGGCGGAATACACGCACTCGACGACGTGGCCGCGGATGAGGCGCGGATTGCGCGCGACGGCACCGAACTGCGACCCCAGCCATGCCAGGCTCTGGCGGCGCAGGTTCGGCCGGTCCAGCAGATCGACGAGGACGTAGTATCCGTCGAACTCGAGTAGCGGGTTGAGGTTCTCGACGACGCCGACGTAGGCGGCGAAAGCGAACTGCCACGCCGCGATGACCGCGATCGGCGACGCCGACCGCAACGCCGTCGCGGAGGCGATCGCGGCGAGGACGAGGTTTGCGACGAGGCCCGCGGCGGCGACCAGGACGCGCTGGTGCCGCGAGCACACCCAGGTGTCGGATGTGTCGACGAAGACGATCGGCCCGAACCAGAACCATCCGATGCCGACGCTTTCAACACGCCGGCCCACGGCCTTCACGGCCAGACCGTGCGCCGCTTCGTGCAGCGCGATCATCAGGGCATATGCCGGGATCATCAGCAGCACGAACGACGTTGCGCCGGCGGGAGTCCACAGCAGCGCGACGGCCTTCGGCGTGCTGGCGACGAATGCCGCGAGCCCGGCGACTGCGACGAGGAGCAGCAGCACGGCCGACGGCCGCGAAAACAGCGCCGGCCCGACGACGCGGTACACGGCCGCGAACGCGCCGTCGACGTCGTCGTAGTGCACGGTCCACGTCAGCAGTCCGCGAACGGTGCGCGCGATGCGCGCAGCGACGGAACTCGTGCGGGACTCGTCCCTGGCGGCGCGGACGCCGGAATCGGCTTGCAGAAATCCCTGGCGCTTCATCTGACCGACCGTATTGATCACCGTCTGCGGCGCGAAATGCCCGCGCTCGGTGAAGAGCGCGGTCGCGAGGTCGCGGATCGTATGGGTGCCGTCGCAACGCTCCCACAGAAAGAGACTGTCGCCCGAAAGTCGGAAATACTTGTGATGAACGGGGTCTTTGAGGACCGCGATCTTGCTGCCGTCGGCGGCGATCTGACGATACGACTCGATCCCGTCCGCACGGAGGGGCCGGTCGCGCGAGTTCAGCAGGTCGATCATGCGCGCGCGGGCCGCGGCGTTCGTCTGCAGGATGTTCAAGAGCGGCTCGCGCTCGAGCGTCAGCAGCGCCGTCTGCTCGCGCGCAAGCACCGTCGCGTTGCGGCGGACGTCGTTGAGCAGCGCCGCCTCGCCGAACATCGCCCCGCGCCCGAGCGTCGCCAGGACGCGCTCCGTCTCGGCATCGATCACGTCGACGGAGCCGTCGACGATCACGTACGCTTCGTTGCCGACGTCGCCTTGCGTGACGATCTCCTCTCCCGCTTGCGCCACGCGGCGGTGCGCGCTGCGGACGAGCCCGCGCATCTCGTCGGCGCTGACCTCGTC
NZ_AP025523.1_gap67	2736289	2740811	4522	GCGGCGCACGATATTCGCGAAACGTTCGCGCGCATGGCGATGAACGACGAAGAGACCGTTGCGCTCATCGCCGGCGGCCACACGTTCGGCAAAGTCCACGGCGCGGCGGACCCGAAGCAATACGTTGGTCCCGAACCTGAAGGCGCAAGCATCGAAGAGCAAGGTCTGGGCTGGAAGAACAGCTTCGGCTCGGGCAACGGCGCCGCGACGATCACCAGCGGCCTGGAAGGCGCATGGACCACCGCCCCGGCGAAGTGGGACAACAACTACTTTGAAAACTTGTTCAAGTACGATTGGGAGTTGACGAAGAGTCCGGCCGGCGCCTCGCAGTGGACGCCGAAAGATGCATCAGCAGCGGGCACCGTGCCCGACGCGCACGATCCCGCGAAACGGCACGCGCCGATGATGCTCACCACCGATCTGTCGCTCAAGCTGGATCCGATCTACGGCCCGATCTCGAAGCGCTTCTACGAGAATCCGGCCGAGTTCGCCGACGCCTTCGCCAGGGCGTGGTACAAGCTGACGCATCGCGATATGGGTCCGCGTTCGCGCTATCTCGGCCCGCTCGTTCCGGCCGAGGATCTGCTGTGGCAAGACCCGGTCCCCGCGGTGACGCACCCGCTCGTCGACGAACGCGACGTCGCCGACCTCAAGAGCAAGATCCTGGCATCGGGACTGTCAATCTCGCAGCTCGTCTCGACGGCCTGGGCGGCGGCGTCAAGCTTCCGCGGCTCCGACAAGCGCGGCGGCGCGAACGGCGGACGCCTGCGCCTTGCACCGCAGAAGGATTGGGAAGTCAACCAGCCGGCGAAGTTGCCGGCCGTCCTGAACGCACTCGAAAAGATCCAAGAGGACTTCAACGGCGCGCAGCCGGGCGGAAAGAGGGTCTCGCTCGCCGACCTGATCGTTCTCGGCGGCTGCGCCGCCGTCGAACAAGCGGCAAAGAACGCCGGTGTCGACGTTCGCGTGCCGTTCACGCCGGGCCGCACGGACGCATCGCAGGAGCAGACCGACGTCGAAACGTTCGCGGTGCTCGAGCCGGAAGCGGACGGATTCCGCAACTATCGCAAGGCGGCCTACAGCGTGCCGCCCGAAGCGATGCTGGTCGATCGTGCGCAGATGCTCACGCTGACCGCGCCGGAAATGACCGTGCTCCTGGGCGGAATGCGGGTGCTCGACACGAACGCGGGCGGCACGAAGCACGGCGTGTTCACCAAACGCCCCGGGACGCTCACCAACGATTTCTTCGTCAACCTGCTCGACATGAACACGACGTGGAAGAAGGTCTCCGAAGGCGAAGAGACGTTCGAAGGCCACGAACGGGTGACCGGCGACCTCAAGTGGACAGCGACGCGCGTCGACCTGATCTTCGGATCCAACTCGCAACTGCGCGCGCTCGCCGAAGTCTACGCGAGCAACGGCGCGCAGGAAAAGTTCGTGCGCGACTTCGTCGCCGCATGGAACAAGGTGATGAACCTCGACCGTTTCGACCTCGCCTGATCGTCCGCGCAGCAGCCTCGAAGAGCCCGTCGCCTTGCCGGGCTCTTCGTGCATTTCGAGAAGCGGTCGCGTCTGACGTTGCCCCGGATGTCAGGCCGCCGATAACCGTGAGTTTGGGGTAGTGCGATGATGCTCGATGAACTCGGCCGGCGTCAAGCCGCCGAGCGCGGTGTGGGGTCGGCGATGGTTTGTAATCGATGCGCCATGCTTCGATCGCGGAGCGAGCGTGGAAGAGCGTGGGAAAGGCGTGCTCGTTGAGTAACTTGTAGAAGTCAGGATTTGATCTGACGGTTGTCGAATACCGGTGGTGAATCCTCCTGAGGAGCCATCCATGAACAGCGACCGAAAAGTCATCAAGGCGAAAGTGGGCCTACTCCAGCTCGGCAAGCAGCTCGGAAATGTGACTGAAGCCTGCCGCGTGATGGGTTACAGCCGTGATAGCTTCTACCGTTTCAAAGACCTCTACGAGACGGGCGGCGATCTGGCCTTGGCCGAGATCACCAAGCGAAAGCCGAACCTCAAGAACCGCATTGCTCCCGAAGTCGAGGATGCGATTGTCGATCTTGCGATCGAGTTCCCTGCGTACGGTCAAGTGCGCGCAGCGAACGAGCTCGCCAAGCGTGGGATGCGTATGTCGCCGGCGGGACTTCGCGGGGTGTGGCTGCGACACGATCTTGAGACGATGAAGAAACGGCTCAAAGCGCTGGAAGCAAAGAGCGCCCAAGATGGGCTCGTCCTGACTGAGGCGCAAGTCGTCGCGCTGGAGCGTGCCAAGCTCGAGAAAGAAGCGCACGGCGAGTTCGAGAGTGAGTGCCCCGGCTACTGCGGCGCGCAGGACACCTTCTTCGTTGGGACGATGAAGGGCGTCGGCCGCATCTACCAGCAGACCTTCATCGACACCTATGCGAAGGTGGGCGTCGCGAAGCTCTATTTGGACAAGACACCAATCACTGCGGCCGACCTGCTCAACGATCGCGTGTTACCGCTATACGAAGAGTACGGGATTACGTTGCAACGGATCCTGACCGACCGCGGCACGGAGTTTTGCGGGCGTGAGGGACATCCGTACGAGCTCTACCTGGCGATCGAAGACATCGACCACACCCGAACGAAGGCACGCCATCCGCAGACCAACGGCATCGTCGAGCGTTTTCACAAAACGATGCTTGATGAGTTTTATCGGATCGCGTTTCGCAAGACGATCTACACGTCGCTCGAGCAACTGCAGCGGGACCTCGATGCGTGGACCGAGGAGTACAACACGCAGCGTCCGCATCAAGGACGCTGGTGCTACGGCAAGACGCCGATGCAGACATTCGTCGACAGTGTCTCCCTTGCGAAAGAGAAACAGATCGCTTAGACTGAAACCCAACCTATCTGACACTACCGCAAGATCGTACGACTGTCAGATCACATAGTAGCTAGTACACCCTTTGCGAGCAGCGAGTCGATCGTACGCTGCTCGCTTTCGTCCAAAGGGATGATCCGCAAGGCCTCCTTGGCGGTCTCGTTCTCTTTCTCCATCACGAGTTGGCCGATCTTGGCCTGCAACCGCCGTACTTCGGTGCGATGTTCGGAATCGACATCCTTGCGATTGACCTTCAACGCTTCAATTCCGCCGCGCATGAACTCGTCGGTCCACTTGCGGTAGTCGCCTTGCGTGAAGCCGTACTTGCGTGCCGCCTCCGGCACGGAGATCTGACCTTTCAAAACCTCCAGGATGATCGCCGCCTTACGCTGCGCCGTCCATCGTTCGATCGGTTCGGGCTCAGCTGGCGCCGAGCTCTTTGCTTTCTGCACGGGTCACCTTTCTTAGCGAGCTTTTCGCTAATTGGGTATCCAGATCCGGCGGGGGTCACTCCAGAAGACGATTCGCGGAGCCGCGCGCGCGGCGCAAGCCGAGATTGCGAATGCGCGTCACCCGCATTCCGCGCCGCTATGGAAAGCCGCTTAGTCGAAACGCCTGCGCAATTAGCCGATGCAGTGATCCGCCGCGTAGCATCGCGCGTGTATGACATACTTACTTTACCTCGCTAGGAGATTTTGTGAAGCCCTACCGTCTCATTGCGCTTGCGGGAACGATCGCCGCACTCGCCGCCTGTAGCAACTCGCCAACCGTTCTCACGCCGCAACCGAAATCGACCGCGACCCCAACCGCGCCACCGCCACCCATCGGCAGTCTCGGTTCGTATCAAACGCTCGCAACGATCGGCTCCACCGTGGATCCCGGGCCGGGCGCGGGCGCGGGAGACCAGAATCCCTACGGCCTCGCGATCGCGACGGCAACCGCGGGATTAGAAGTCAAAGGCGATCTGCTCGTTTGTAATTTCAACGATGCGAAGAACGTCCAGGGCGCGGGAACGACGATCGTTCAGCTCAGCCCGACGCCGGGATCGACGCCGACGCGCTTCGCGCAATCGTCGTCGTTTGCCGGATGCGACGCGATCGCGATGGCGCCCAACGGCAATCTCTGGCTCGCGGATTACACGGCAAATAATGACCCAATCGTCGCGCCCGCTGGCACGATCAATACCACGCTCGCGCAAAATACGTGGTACGGACCGTGGGGCGAAGCGTTCAATACGGGGACCGCGTCGATGCCGACGTTCTTCGAAACCAACGCGAAAAACGGCACGGTCACGCGCATTCACATCGCACCCGGGCCGACGTTCTCGTTCGATACGCTTCTCTCAGGACTCTCGTATAACAACGGCATGCCCGGCAACATCCTCGCGCCCGCCGGCCTCACCTACGATAAGGCGACGGACTCGCTGTACGTCGTCGATTCGAATGCGAATCGCGTTCTCAAGATCGCGCAGGCGACGACCGCTCCCGCGAGTTCGTACGCGACGAGTGCGATGGGATTCACGAGCCCGAACGTTTCCGTCGTCTACAGCGGCGCACCGCTGAGCGCACCGATCAGCTCGGCGCTACTCGCGAACGGCCATCTCGTCGTGGGCAACACGGGCGACAACAACCTCGTCGAGATCGATCCCGCGCTCGGCTCGATCGTATCGACGAA
NZ_AP025523.1_gap68	2755703	2756875	1172	GGAATCGGCGGGGATGCGCTCGATCCTCGACCGCTATGCTCCCGCACCCGCCTACGACGAATTCGCCGACGCCGAAGGCTGCCCGCGCGAGCACTACGCCGCGCTCGCCGCAACGCTCGCCGGGATCTCCGCGGTCGATTTCCGCCATCGCGTCACCAGCGTCAACACCGTCCTGCTCCAACGCGGCGTCACGTTTACCGTCTATTCCGACACGCGCGGCACCGAGCGCATCCTGCCCTTCGATCTGATTCCGCGCATCATCCCGGCGAGCGAGTGGTCGCACATCGCCCGCGGGATCGCGCAGCGCGTGCGCGCGCTCAACGCGTTCTTGCTCGACGTCTACACCGAGGGCCGCGTGCTGCGCGACGGGATCGTCCCGCGCGCGCTCATCTACTCCTCCGCGCACTACGAGCGCGAAGCGATCGGGATCCGCCCGCCGCGCGACACGTTCGTGCATGTCTCCGGGATCGACATCGTCCGCGACGCCGACGGCACGTTCTTCGTCCTGGAAGACAACCTGCGCACGCCGTCGGGGATCTCGTACGTTCTCGAGAACCGCGACGTCCTCAAGCGCGCGTTCCCGCGGCTGTTCGACAACTACGACCCGCTGCCGGTCGACGACTACCCGGCCCGGCTGCGCAACGCGCTGATAGCGGCGGCCCCGGCGAACGTCGGCGAGCCGACGATCGCGATCCTCACGCCCGGCATCTACAACAGCGCGTACTTCGAGCACACGCTACTCGCGCGCCGCATGGGCGTCGAACTCGTCGAGGGCAGCGACCTCATCGTGCGCGACAACTTCGTCTACATGAAGACGACGCGCGGCCCGCGGCGCGTCGACGTGATCTATCGACGCGTCGACGACGACTTCATCGATCCGCTCTACTTCCGCTCCGATTCGACGCTCGGCGTCGCCGGGCTGTTCGACGCCTACCGCGCCGGCAACGTCACGCTGGCCAACGCCGTCGGCACCGGCGTCGCCGACGACAAGGCGGTCTATCCGTACGTCCCCGCGCTCATCCGCTACTATCTCGGCGAGGAGCCGGTGCTGCGCAACGTCCCGACGTTCGACTGTTCCGACGATGCGCAGCGACAGCACGTCCTCACGCGCCTCGATCAGCTCGTCGTCAAGCGCACCGCGGCGTCCGGCGGTTACGGGATGCTCATGGGGC
NZ_AP025523.1_gap69	2761876	2765641	3765	AGATCCGCCTGCGCGCGGGCGAGCGCGACGTCCGCGCGGACGGTGTCGATGCGCGGTGCGTCGCCCGCCTTGAAACGGAGCTGTGCCGCCCGCGAGAACGCTTGCGCGCTCGCCACCGCGTCGGCGCGCGCCTGCGCGACCGAACGCGCCTTGAGCGCCGCGTAGTACAGCCCGATCGTTTTGATTCGTTCGGTGCGCTCGGCGCCGCGCGCGTCGATCTGCGCCGCGCGCAGCGACGCGTTCGCCTGCGCGACCGCCGGCGCGTACGCGAGGACGTCGCCGAGGGTCACCTGCGCGCCGACGGTCGTGATGCGTTGCGCGAGGGTCCCTTCGGCCGCGCCCTGCGGGGCTTCGGCGTACGTCGCGGTTGCGGCGATCCCGTACGTCCCGCGCGCCTGATCGTACGCCGCCTTCGCGGCCGCCACGTTCGCGCGCGCCGTGCGCACGTCGGGCGAGTTCGCGAGCGCGCGCGTCTGCGCGTCGGCGAGCGGCACGGTCGCGAACGCCGTCGCACGCGGGTTAACGGTCGGCGGACTCGGAATCGGCACCGTGCTCGCGACCGGCGCCGCGGACGCCGGCTGGGCCGTCGCGTCGCGCGCGCCGAGCGCGACGAACGCGATCGCGAGCACGCTCGTCGCGATCGCCTGCGCGGGGACGCGCACGCGACGCGATCCGGTGAATGCGGCGTAGAGCACCGGGATCAGGATCAGCGTGAACGCCGTTGCGGTCGAGAGGCCGCCGATGACGGCGATCGCGAGCGGCTTCTCCATCTCGGAGCCGGAGCCCAGACCGAACGCGAGCGGGAGCAGGCCGCCGATCGCGGCGAGGGTCGTCATCAGAATCGGCCGCAGGCGCGTCGAACCGGCGATCACGAGCGCCTGCACCACGTCGGCCCCCGTCTGCACCTGTTTGTTCGCAACGTCGATCAGCAGGATACCGTTCTTGACGACGATCCCGACGAGCAGCAACAGTCCCATGAACGACGAGACGTTGACCGGCGTGCGGGTGAGCACCAGCGCGATCGCGACGCCGATCAGCGCGAGCGGGATCGCCGCGAGAATGACCAGCGGCAAGCGCAGCGAGCCGAACGTCGCGAGCATCACCGAGAACACCAGCGCGATCGCGATTGCGATGACGCTCGCGAACTCGCGAAACGATGCCTGCTGCGTCTCGTACGAGCCGCCGATCGTCGCCGTGTAGCCCGGCGGGAGGCCGAGCTTCGCGATCACCGGCCGCACGCCGGCGATCACCGATGAGAGGCTCGCGCCCTCGATGTTCGCGCTCACGCGCACCACCCGGCGGCCGTTCTCTTCGTTGATGTCGGTGGTGTAGCCGCCGTTCTTTACGCTCGCGAACGTACTCACCGGCGTCGCGCCGCTCTTCGTCATCAGCACGCCGCTCGCCGGCCCGGCCGCGCCGCCCCCGGCGCCTGCGACCAGCACGCGGACGGGAATCTCGGCGTACGTTCCGGCGATCTGCGCTGCGACCGAACCCTGCGCGTTTGCGTCGAGCGCGCTCGAGAGATCGCTGCGCGCGATCCCGAGCGCCGCCAGCCGCGACGCCTGCGGCACGATGCGCAGGGTCGGGTCGTCATAGACGATCCCGTTGTAGGGATCGACAACGCCCTTTACCTTCCCGATCGCGTCGGCGAGCCGCGTCGCGTAGGCGTTGAGCGTCGCTTGATCGGGTCCGCTCAGCACTACCTCGATCGGTTGGGGCGCACCGGAGAGATCGTTGATCTGATCTTCGAGCAGCTGATGGAAGTCGAGTGTCGCCGAGGGCACCGCGGCGGCGATCTGGTCGCGCAGCCGCGCGCTGATTTCCTCGTAGCCAGCGTCGCGTTTGTCGCGCAGCGAGACGCGAATCGTGCCGATGTTCGTCTGCGTCGGCGAGTAGCCGTTGGTGTCGACGCCGGTAAGCCGCCCGACGTGCGCGACGGCCGGATCGCCGACGACGACTCGTTCCATCCGCTGCACCGCCGCATCGGTCGAATCGAGCGACGTTCCCGTCGGCATCGTGTACTTGATCTCGAACTGCCCCTCATCGAGTTTGGGCAGGAAGTCGCTCTGCGACGTCCCGAGCAGCAGGACCGTCACGATCAGCACCGCGGCCGAACCCGCGTAGATGATCGGCCGGTGCGAGAGCGCCCAACGCAGCATCGACACGTAGCGCCGCTCCAGCCGGTCGTCGGCCTTCGCGACGTGACGCGACGTGCCGAGAAACCACCGCGCCAAAATCGGCGTCACCAGCAAGGCCAGTGTGAGCGAGATGATCAGCGACGCCGCGAGCGTGAACGCGAGCGCACGAAAGAAGAATCCCGTGACGCCGGTAAGCAGTCCCAGCGGCAAGAAGACGACCACCGTCGTCGCGGTGGATGCGATCATCGCCTTCGCGATCCCGCTGCTCGCGCGCGAGACCGACTCGTCGAGCGTTTCGTCCTTCGCATCGCCGATGCGGCGCGCGATCGCTTCGATCACGACGATGGCGTCGTCGATGATGAGCCCGACGGCGACGGCCAAGCCGCCGACGCTCATCAGGTTGAGCGTCTGTCCAGAGCGCTCCAGCGCAAAGATCGCGATCGCCATCGCGAGCGGGATCACCGCCGCCGCGACGAGCGTCATCCGCAGGCTGCGCAGGAACGCGTAGATCACCAGCACCGCGAGCAGCGCGCCGAGCAGGATCGCGTCGCGCAGCGACGTCTGCGACGCAACGATCAGCCGCGTCTGGTCCCAGTACTTCACCAGGTGCACGTCGGCGGGAATACGCGGCGCGATCGCGTCGAAGCGGCCGTCGACCTCACGTGCGAGCGTGACGGCGTCAGCCCCGGCCAGCGCGAACGCGTTGACGTTCACCGCGTGCCGTCCGTCGACGGCTGCCTGATCGGTCGAAGGGCCGGTGGTGAGCCGCACGCTGCCGAGCGCACCGACCGGCAGCGTCCCGCCGTTCTTCAGCGGAACGCCGATCGCGGGAGCGACACCGCATCGTGCGGCGCCGCGTCGACGAGCAGCACGTACCGCTGGTGGAACCGTTCCGTAGTGCCGACCGACTCGACGTTCGCCGCATCGCCGATCGCCGTCGCGACCTCGCCCGCGCTCACGCCGGTCGCGGCAAGTTTCCCGGCGTCGAGTTCGACGTGGTACTCCACCGGCGAGCCGCCGACCGCGATGATCCGTCCGAGCCCCGGCGTTCCGGCGAACGACGGGATGATGCGCGTGTCTACGAACTGTTTGAGCGCCGTCTGCGAGAGCACGGTCGAGGTGAGCCCGTACGAGACCACCGGCTCCGCGTTGGGGTTCACGATCACGCCGTCAATCGTCTTCGCCGCCGCGATCGTGCCGCGCACCGACGCCATCGCCTGGTTCACGGCTTCGAGATCGACCCGCGGATCGGTGTGCGGATCGAAATCGATCAGCAGTTCCGCCGAGCCTTGCGTCGACGTTGCGCGCACACGCTGGACCGAGGGCAGCGTCTGGAACGCCGTCTCGAGCGGGCGCGTCACCGCGATGCGCACGCGATCCGGCGGCAGATCGCCGGCGTCGGCGACGACGTCGACGCGCGAGAACGACATCTGCGGGAAGATGCTCTCGGGCGCGATCAGGTACGAGTAGACCCCGAGCGCGGCCAGGACGAGGGCGACGAAGACGGTGACCTTCGCGTTGCGCAGCGCGAAGGAAGGGAGCGATCGCGTCGAGGGCACTGTCCCCGAGCGTACCCAGCGAAGATTACGGCCGCATGAACGAGGGCAGTTCAACCACGACGAGCGCG
NZ_AP025523.1_gap70	2767363	2772009	4646	TGCGCAGGTAGTCGTCGGCGCCTGCGTCGAGCCCGGTGACGATTTCGTCGACGGTGTCACGCGCGGTGAGCATCAGGATCGGCGTGTGGATGCCGCCGTCGCGCAGAGCGCGCGCCACCGCGAGCCCGTCCTTGCCGGGAAGCATCACGTCGAGCAGGATCGCGTCGTAGGTGCCGTCGAGGGCGACGCGCTCGCCGGCGCTGCCGTCGCGCTCAACGTCGACGACGTGGCCGGACTCGGCCAGCCCGCGGCGCAGGACGTCGGCCAGCGACGGATCATCTTCGATGACGAGCAGCTTCACGCTGACCGCTCGCGCCTGCGCGGCAGCCCGCTCAGGTGGTCGCGCTGACGCGCGCTTCGCGCTTGGTGACGCGCCACACGTTGCGCACGTCTTTCACGTGACCGAGCTTGCGCAGCAGCGTGTGCAGGTGATCGAGGTCGCTGATCTGCGCGGTCATCGAGATGAGCGCGCTCTTGTCGCGCTTCGCGCGCGCGTTCACCGAACTGATCTGCGTCTTGAGCTCGGCGGCGATCCCCAGAACGTCCTGGAGCAGGCCCGCGCGGTCGGTCGCTTCGATCTCGATGTCGACGGAGTGGGTGAGCGCCGACTGGTCGAGCCACTGCGCTTCGAGGATCCGTTCCGGGGCGGCGTTCATGTACGCCGTGTTCGGACAGTCGGCGCGATGGACCGAGACGCCGCGGCCGATCGTGACGAACCCCATGATCGGATCGCCGGGGACCGGGCTGCAGCATTTCGAGAGCCGCACCAGCACGTCGTCGACGCCGGCGATCCGGATGCCGCTCGAGTTGCGCGCGACGCGGCGCGTGGTCGCCGGGCGCGGCAGGGTCGCGATTTCGACGACGTTGTCGGCCTTCGACTCCTCGCGCAGGCGCGCCACGACGCTCGACGCGGTCGCATCGCCGAACCCGATCGCGGCGAACAGGTCGGCGACGCTCTGGTAGTTGAGCTTCTTCGCGACCTTTTCGATCCCGTCGCCGCGCGCGAGGTCGACGCGCACGCCGGCGCGCGCCAGCTCCGCCTCGACGGCCTCCTGGCCGCGCAGGGTGTTCTCTTCCTTGCGCTCTTTGCGGAACCACTGCTTGATCTTGTGCTTCGCACCGCTGGTGCGCACGATCGAGAGCCAGTCGAGCGACGGACGCGCGGCTTTGTTGGTCAGGATCTCGGCGATATCGCCGTTCTTGAGCTGATATTCCAGCGGGACGATCTTGCCGTTGACTTTCGCGCCGACGCAATGGTGGCCGATGTCGGTGTGGACCTGATACGCGAAGTCGAGCGGCGTCGCCGCGGCGGGCATCGAGAACACGTCGCCCTTCGGCGAGAAGATGTACACCTGCGTATCGAACAGGTCGATCTTCAGATTCTCCATGAACACGCGCGAGTCGCGCATGTCGTTCTGCCACTCGAGCAGCGAACGCAGCCAGGTCAGCTTCTGCTCGAAGTCGTCCTTCTTGCCGCCCTCTTTGTAGCGCCAGTGCGCCGCGATCCCGTACTCGCTGGTGCGGTGCATCTCCCACGTGCGGATCTGCACCTCGAGCGGATCACCGCCAGGCCCGACGACCGTCGTGTGCAGCGACTGGTACATGTTGGGCTTGGGCATCGCGATGTAGTCTTTGAAGCGCCCGGGGAGCGGCTTCCACATCGCATGCACCACGCCGAGCGCGCCGTAACAGTCCTTGACCGATTCGGTGATGACGCGAACGGCCGTCAAGTCGTAGATCGTCGAGAAATCACGCCCTTTGAGCATCTTCTTGTGGATCGAGTAGAAGTGCTTGGGGCGGCCCGTGGTGTCGGCGTGCAGGCCGACTTTTTCGAACTCGTCCTTGAGCTCGGTGATCACGCGCTCGACCGTGGCTTCGCGCTCGTTGCGCTTCTTCGCGACGCGTTCGGCGATGTCGCGGTAGGCGTCGGGATCGAGGTAGCGCAGCGCGAGATCTTCGAGGTCCCACTTCACGCGCCAGATCCCGAGGCGGTGCGCGATCGGCGCGTAGATCTCGAGCGTCTCGCGCGCGATCGCCTGCTGCTTGAATGCCGGCAGGCTCGAGAGCGTCCGCATGTTGTGCAGGCGGTCGGCGAGCTTGATGATGATGACGCGGATGTCCTTGGCCATCGCCAGGAACATTTTGCGCAGGTTCTCGACCTGCGCGTCTTCCTTCGATTGGTAGGGGATGCGCGTCAGCTTGGTGACGCCGTCGACCAGCGACGCGATCTCGGCGCCGAATTGTTCGGCCACCTCGTCGTTGGTGATGACGGTGTCTTCGACCACGTCGTGCATGATCGCGGCGGCGATCGTCGCGCGATCCATCTCGAGGTCGGCGAGGATGTCGGCGACCGCCAGGGGGTGCGCGATGTACGACTCGCCCGAGGCGCGGTGTTGGCCTTCGTGGGCCTTGTCGGCCACGTCGTACACACGTTCGAGCCAGCCCTCTTCCAGCGAGGGGTCGTAGTGGCGAACTTTGGCGACGAGGTCCGAGATGGTCATGGCTATATGGCCCTTAGCCTACTAGAAACACAATCGGACATGCAAAGGATTTCGCCGTCACCCTGAGGCGGCGGGGGCTAGTAGTGGATGAAGGACGTGAGTTCGGTGCCGTTCACGGCGGCTCGGCCGCCGAGCGCGACGAGTTCGATCAGGACCGCGACGCCGACGACGTCGGCGCCGAGCTTCTCCAGCAGGCGCAGGGTGGCGTTGATCGTGCCGCCGGTGGCGAGCAGGTCGTCGACGACCAGCACCCGGTGGCCTCGGCCGACCGCATCGGCATGCACTTCCAGGGTGTTCGTCCCGTACTCCAGCGCATATTCCTCGCTGAACTTCTCGCCCGGGAGCTTACCCGGCTTGCGGACGGGAACGAAGCCGGCGCCCAGTTGGTGAGCGACCGGGGCGCCGAGCATATAACCGCGCGCTTCGATCCCTACGACGGCGTCGATCTGTGCGCTGCGGTACTTCTCGACGAAAAGATCGATCGTCGAGCGGAATCCGGCGGGGTCGGCGAGCAGCGGCGTGATATCGCGGAACAGGATCCCCGGGATCGGAAAGTCGGGAATCGCACGGATCAGGGACTCGATCTGGACGGGCACGCCGCCCGGTTCGCGTTCGCGGTCCGGGTGCCTGCGATCCGAGCCAGGGGGAACCACCCGGACGACCAGGACGTTCCTTTCGTGTAATCATTCTCCATTCGGGGAAGATCAGGAGACGCTATGAACGCAAAATTTCTGACGGCGAGCGCGCTCGCCGTCACGATGTCGATCGGGGCCGTCGCTCCGGCGCTGGCCGACGGAGCAGCCAGCACCCGCAACATCATCCTCGGCGGCGCGGCGGCGGCGGTGCTCGTCACCAACTACAACCACAAGAAGCGGATCAAACAGGAAGAGAATCGCGAACAGGCCCGCCGTCAGGCGTCGTACCGTTCGTACTTCTATCACCGCTACGGCTACTACCCGAGCGAACAGCAGTACCGCGACTGGTACTATCGCAACTACGGCACGTATCCGTCGAACTGACGGCGGCTGACGGTCCGACCCGGTTGAAGCCACCCCACCCGGGGTGGCTTTTTCAACGCGGCGAAGCCCTACGATGGTGATCGACTTTCAGCGCTACCGCACGCGGATGATCGTGGCGGTCGCGCTCGCGCTCGCGCTGCACGAGATCGCGCTCTCGCTCGTGCACGGGCCGACGCGCCCGCGCGACGACGAAAGCAACGCGCCGGCGACGCGCATCGCGATCGAGACGCCGAAACCGACACCGCGTCCGACGCCGACGCCGAAGCCGCCGCCCAAGCCGACGATCCCGCCGACGCCGCCGCCGCACATCACGCCGCCGCCGCGCGCCACCGTCGCGCCGATTCAGGTCGCCGGCCGCGCAAAGGGGACGCCGGCGCGTCATCGCGGCGGCGGCGCGCATCACGCGATCGCGAAGGCCGCGCACGGAAAACACGCCGATCCGAACGCATCGGGAAGCGGCACGGGCTCGTCGCACGGGACCGGCAGCGGCAACGCGCCGGGCGTCGGCGGCGGCCTCGGCGGCAACGGCGCGGGGACCGGCGGCAACGGCAACGGCGCGGTCAACGCGAACGCACCGTGCGGCTTCGTCGACTTCGAACCGTTCGCGGCGCCGACGTACCGCGACGGGACGGCGTACGAGCCGATCCGCGCGATGGTGACGTTCCCCGACGGCCACACGGAGACCGAACGGTTCCCGTACAAATGGGTCTATCCGAACGGCGAGCAGAACGATCCGTGGTCGGATACGAATCTGCGCCGGCCGCCGAAAGAGATCCCAATGCAGTTGCCGCCGCCGGGGACCGACACGTCGTCGTTCCCGCCGGTGCTGCAGTACATTTTGCAGCACACGACCTCCGATGGGTACACCAACCTGCAGCCCTGCCCCGGCTCGCGCTAGGGTGCGCACGGTCCATGTCGCCGTCGACGCGCACAACCTCGCGCGCGATGAGCGCGGCATCGGCCGCTACGCGCGCGCCGTGCTCGTTCGCGCGCTGCCCGATCCGCAGTTTCGCTGGACGCTCGTCGTGCGCGATCTGTTTCCGAAGCGAGGCGCGATCGCGCGCGCGCTCGACGGCGCGCAAGCCGCCGTCGCGCGAAGCGTCCCGTCCGACGCCGACGTCGTGTG
NZ_AP025523.1_gap71	2776874	2780541	3667	CGACGGCCGCGTCACGGCGCCGCGCGGCGCGACCGTGTTCGCGTACGGCCAGTATTTTCACACCTCGCGCCGCCAGCGTCCGTTCAAGGCCGGAATTCACGACGTCCACTGCGCGACGCACCGCGGCGCCGACAACGGCTGGGTCGTCGTCAACGGCGTCTCGTACCCGCGCGGTTCATGCCCGCTGTACTGACGCGAGCCGCTCAGCGCAGCAGCGGGACGCCGCTCGGGTAGATCGGGCGGTCGACGAGCGCTTCGAGCACTTCGGGGCGCGCGGTGAGGACGACGTCGGAGAAGCGCGCGAACGCCTCGCGTTCGGCTTCGCCTTCGGCGTACCGTTCGGTCTGGGTGAGGTCGACTTTGCCGTTGACGGTGAGGAAGCGCAGATAACGCCCGTCGTCGTCTTCGCCGGTTTCGACGAGCCCGCCGTCTTCGAAGATCCGCGCCGCGGCGGAGACCGTCGAGCCCTCAACGCGGTCGAAGTCGAGCGTCGCGGCGATGTCGGCGTAGGTGGAGCGCAGGACGCCGCCCGACGCCATCTTCTTCATCGCGGCGTAGAGCGCGCGCAGGGTCTCCAGCCGCGGGGCGGCGCGATCGATGATGTAGTCGTTGATGCCGCGGTCGCGCTCGCCGAAGAGCAGGTGAATCGACGCGTCCGCGCCGTCGCGCCCGGCGCGCCCCGACTGCTGGTTGAATTCGGTGAAATCGAAATTGAGGTGGTAGAGAAAGACGTGGCCCACGTCGGGCAGGTCGATCCCTTCGCCGAACGCCGAGGTCGCGACGACGACGCGCAGGAGACCGTCGCGGAAGTAGCGCTCGACGTCGGCGCGCTCGGCGCTCGCGACGCCGGCATGATAGAACGCGACGACGTCGCCGAGCGATCGGCGCAGCTTCTCCGCGGTCTTCGTCGCCTCGCTGCGTGAATTGCAGTAGACGATCGCCTTTGCGCCGTCGGCGGCGATCCGTTCGATGTAGGCGAGTTTGTTGGTCGTGCCCCGCGCGTCGACGACGTGCAGGTTGTCGCGCACCGTCGGATCGATCACCCAGGCGTCGACGTTCAGCGTGCGGCGGATCGTTGCGAACGCTTCGTCGCCGGCGGTCGCGGTGAGCGCGAGGACCTGCGGGCTGCCGAGCGCTTCGATCGCACCGGCGATGCGCTGGTAGGCGGCGCGGTGCGTCGACTCGTGCAGATGGTGCGCTTCGTCGACGACGATCAACGACGGGTGCGACGCGATCGTGCGGAAGCGGTCGAGGTGAAACTGCACGAACTCGGGCGTCGCGCAGATGATGTCCCACGTCCCCGCGTCGAGCGCGTCGTTAAGCGCCGCGCGCTCGCCGGCGTCGATCGCGCCGTTGGCGCGGTGGATGCGCAGGCCGAGCGGCTCCAGGCGGCGGACGAGAGCTTCGTACTGGTCGTTCGCGAGCGCGCGCAGCGGGTAGAGCACGACGGTCTTCTCACCGCGTTCGAGCGCGCGCACCGCGGCGGGATATTGGAAGCAGAGGGATTTGCCGCGGCCGGTCCCCAGCACGGCGAGCGTGTTGCGGCCGGCGTCGAGGCGATCGAGGACGGCGCGCTGGGCGTCGCGCAGCTCGCGGTCGCCGATCAGCGCGCGCAGGACGTCGGCGCTCGCGACGCTGCTGCGCGCGCGCGACTCGCGCGCCGTGCGGCGGCGCTCGCGCGTGACGTAGATGTTGATCCCGAAAGAGCGCGTTCCGGTGCCGCCGGTGAGCGCGGTGACTTCGGCGGTGTACTGTTCGCCGCCGTCAATGTTGGGGGCGATGCGCGCGGCGATCTCGCGCTTGACGTAGCCGATGTGGAGCGTGCCGTATCGTACGGCGACGGCGCTCGGGTCGTGGGCGTTCTCCGGATCGCGCTGCAGTGCGAGCGCGTCGCCGGGACGCAGGCCGGCGATCGTGTCCTGACGGCCTTCGAAGGTGACGCCGACGACTTTGGTGTTGAAGCCCGTGGCGTCGCCGATGGTGGCGTAGGGATCGCGTGAGAGGTAGGCGTCGGCCTTCGCGTAGAGCGCGTCGAGGAACGCCGTAGCAGGCCGCGATTCGGGCTGCGCTTCGGCGGGCTCGGCGTGACGGGGTTGCGCCTCGGCGGGCTCGGCGTGACGGGGTTCGGGGTCGTCGAAGTGCGCGAGAAGCCGCTCGAAGGCGGCTTCTGACGGGGTCGGGGGCGGGAGGCGCCGCTCGGGCACGGTGCGCGGGTTTAGGGCTTTGGTTCGTGCGCGACCGGCTCGGGCGGGGCGGGCGTGCCGTCGTGCTTGTCGTCGCCGAGGTTCAAGCGGATCTCTTCGTGACCCAGTTCGGCCGCTTCGTCGTGCAGGCCCATCGCCTGCGCGTCGAGCGGGTCGATCTCGCGGTTGTGCGCCTCGCCGCGCACGTCGCGATGAGCGTCGCCGCGCACGTCTCCATGAACGTCGTGGTGCGCGTCGCCGTAGTGATCGTCGTGCGCGTCGGTGTAGTGGTCGTCGTGCGCGTCGTGGTCGTCGTCGAGTGCGCCGTGCGGACTGGTCCGTTCGGGAACGCCGAAGTTGCGTTTCTCGTACTTCTCAAAGTCGACGTCATCGGCGCGGTTGCGTTTGTAGCGCACCGGTCGCGATGCTCCGCGCGAGGCGTTCTCGCGCTCGCGTTCGCGGCGCGCGCGGCGCAGCGCGGCGATCTCTTCACGATCTTTCTGTGCCGCGGCGGCGGTTTGTGCCCGCGCCTGCGCGACCGTCTTCGGCTGCTCGAGCGACGAGCTGCGGAAGATGCGGCGATCTTTCGAACGCTTCTGCAGCACCGCGACGAGCGGCGCGGAGTAGAAGATCGAGTGGTAGCCGCCCGAGCAGATCCCGACCAGCAGGGCGAAGGCGAAGTTCTGCAGCGAGGCGCCGCCGAACGCGAGCAGCGCGACCAGCGTGATCACGACGGTCGCCAGCGTGTTCACCGAGCGCGTCATCGTCTGCAGGATCGACGTGTTGACGATCTCGTCGAACCCCTTGCCGTCCATCACCTTGACGTTCTCGCGGATCCGGTCGAGGATGACGATCGTATCCATCACCGAGTATCCGATGACGGTCAGCACCGCGGCCAGGAACGCGTCGTCCACCCGCTTCCCGGCGATCGCGTAAATCCCGATCATCATCAGCGAGTCGCGCACGAGCGCGACGACGCAGACCCAGCCGAAGATCAGGTTCCAGCCGAAGCGGAACGCGATGTAGAGGAACTGGATCGAGATCGCGATGACGAGCGCCTTGAGCGCGTTGAAGAGGTACTCGTGCGAGAGCGACGGTCCGACCGTCGAGATCGACGAAGCGCTACGGTCGACCGTGCCGACCGTCGCCAGCGCGCTCCACAGCGGCGCCGAGTTGTTCCCGAAGTCGTGCTGGGTCTCGATCGTCCAACGCTCGCCGACCGGCTCGCCGGGCTTCGAGAGCGTGTTGACGCGCGCGTCGGTGACCTGCACGGAGGTGAGCGCGGCGAGCAGCTTGTTCTTGTCGGCGGGCTTCGCGAACTTCACCGCGACGTCGGTGCCGCCGGTGAACGAAAGTCCCAGGCGCAGCGGCGCGCCGGTCTTCACGACGTTGAAGATCATCATCGCGACACCCAGGCCGATGATGATGTACGAGATCGCCGAGACGGTGCGGAACCAGCCGACGACGTTCCAGTTGAGGCGCCG
NZ_AP025523.1_gap72	2876628	2881353	4725	CGCTCCGACGATGAGAACTCTGCGCTGCATCCTGGTCCCGTTTGCGAAAAGTGCCGCTCCGACGGAGAGCGCCGACGCGACGGCAACGAGCGGCGGCGTGACGAGGCCCAGTGCGGAGATCGACTTTACTGTTTCTCCGCCGAGGGTGAGTGTAAGGACGGAGCGATACGCATAGGCGATCAAGGTGGCGGGAACGATCCCGAACGACGCTGCAACGGTACCCGTGTTGCTGGAAGGCGACGCTCCCAGTGCCTCCGCGCCGAACATCCGCGAGCCCACGAAGAGCACAATCGTCTCGACGAGCAGTGCGCCAAGCATGGTAATTGCGATCGACGCTCGCCCCCTCCGCTTGACGAGCTGCCAGAGAAGAATCGGGGCGGCGACCAGCATTTCCGGGGAACTCCAGCAGAGCACGGCACCGAGCACGCAGAGGCTCAGGCGTCGCGCCGCGTTCATCCGTGCGACGTTTCGGGCGGGGAGCGCGATCAGTAGAATACCGCCTATTGCTAGATACCACTGCACGTTCGTGACGTTGCCGAGTAGTTCGTATGCGGAGGTCGCGCTCGCAACGAGAACGACTGCTGTCACGCGTGCTGCGTCGGATCGAATAATATAACGGAACGGCCTCAAGGCAAATGGCGCAAGCGATCCCGCGGCGAGCGCAAACGCAACGACGCTGTAGATCGTCGGCTGCAGAGCCGTAGGGAAAGCGGCCGCGATATCAGCGATGCAGCGCTGCAGCAGGACGAGGTATCCCAAGTGGGGCAAAGCCAAGGTCGCGAAGGACCCGATCAGCAGACGATCGTGGAAGTAGACCAGCGCGTCTTCCGCCCAGAACTGTGCGTGTAAGACCGTACTTGGGCACCGGCATATCAACACGACCGCCGTGAGAGCCCAGATTACAACGACTCGACCTTGTTCGGTTTCGAAACGGCGCAGAAACCGACGGATGAGAGCACCACGCGCTCCGCGCATGGAGCCCTGGACGGCGCTATCCCATTCGGGCACCCGCCTGGGATGCGGCAATACAGGCCTTTTCCCTCCCCACGATGCCGCAGCGGCTAGGAGATGATTTGCGCGCGGCGTACAAGCGTTGCGCCGCCGGCGCTTTCTTACGCGCGACCCATCAGCTCAACTGCGAAGGGATGCAACACGATGACCCTCAAACTTTGGCTTCAGATCGCCGCCGGATCTGCTGCGCTTGCATTCCTCTGCGTCATCGAGGCGATCGGTTCGCTCCAAGTGCAGAATACGACGGCAACGCTGCTCGTACCGAAATCATATCCGGCTGTTGCGGGCAGCGGCTTTCAGCCGGGTGCCGTCTTTCCGGCTACCGATCAAAGTATGACGCCTCAGAATGTTCGACTCTACGGATCGTTTATCAACGGAGACAGGAACACGGGAGACGCTTCGACCGCATGGTACGATGCCGTGCCGGATATCGCGTTGATGGTTTCCGGATATCCTGCGCGACCGGGACTTTCGCTGTCGGTCGATGTCGATGCCGGAGACCGCATCGTGCCGTTGCAAGTGACGGCATCGAATCCAGGTGAACGGTGGGTTCAATTTCACGTTCCGATTCGTGAGGTTGCCGGAGCGAAGCGCTTTCGGATCCACGCTGTCGATCGTGCAACGACGTTTGAAGGATGGGTCGGATTCTCCGAGCCCTTCGTCGTAGACACTTCGCAGCAATCACGAACCTTCGGTGCCGTCGGCAAAGTCGCCATCTTTATGGCTGCGTTCTTTTCCCTCGTAAGCGCTGCAATTTCGGTGTTCCTGTCGATACGAAGCGCTACGCTTCGTTGACGCCCTCGCTCGTGATCGCGAAGTTCCTGCCGCTCGTCTTGGTCGTCATCGCGGGAGGAATCACCATAGAAGCCTTTTCACTCGACGTCCACGCGGGCACGCCGCAAGGCTTGCCGCGCGCCCCGGCGGTTCGACCCATGCCGTCCAAGCTTAAGGACGACTGGGCTCAAACGCTACCGATGAAATCCGGGGAAACGCAAGCCACCATTGAAGCCGTATCGGTCGGTCGCGGAGCGGAACGAACCGTGCTCGGCGCCGACCGGACGGTTCTCCTTTCAGCCGGAGACCCGTCGCCCCTGAGCGTGAAAGGCTGGGCGATCGACGCCCCCGCAAATGCTCCCGCAGGCGGCGTCCTCGTACGCGTCGACGATGGTCGCCCGATCGTCGCGCGCTATGGCCTTTCTCGCCCGGACGTCGCCGCAGCGCTAGGAAACCCGGCACTGGAAGCAACGGGATACAAGGCGCTGCTTGAGACGGCGCATCTTGCAAAAGGTGCTCATCGACTTCGCTTCTACGTGCTGGATGCGCACCGGACCGGCGTGTATCTGATCCCGGACCATCCGACGCGAGTGCGGCTCGTGCGTCAGTGATACGATTCGGGTCGATCAGGGGCGGAACGGACCGTCATGGACGAGCACAAGTTGCGCCGCATAGCCTCGTACCGTCACGGGGTTTGGATACAGCATGCGCAGATCGGCGTCGCTCGCGGTCCAAAAGTGCCTTAGCGTGACAAGAGACCGGATATCGTGCGCCTGGATACGGCGCATCTCCGCAACACCATTCACATCGGATCGTAAAGAGAGCACCGCGGACGCCGCTGCGCTGACAAGCACGGCAGACCGCAACTTGATCGAGAGCGGCGCCCTGCGCAGAGCGCACACCGTCAATCCGACCAGCGCGATCCACAGCAGCCCGGAATACGTCGTATAGCGGCTCGCCAGCGCCTGATCTATCCCGAACGCCGCCCGTCCGATGTCGGTCATCGTCCCGGCCAGCAGAGCGAAAATCCCGAGTGCGAGCCACGGCGCTTCGAGGTCCCCGCGACCGTGCTGTTTGCGGCGTGCGTATGATATTGCATAGGCACCGAATGCAGCGACCCCTACGGCCCCGATACACATCGGCAGTGCGATCTCTGGTGCGCTCGACCAGGCTAACGGCGCACCGAAGTACGCAAAGAGGTACCCAAGGACCTCAAAGGGATGGGTCAACACGTACGTGGGATCCGATTGCAGGCCGCCCCGCGACCAGCCATGCAGATACAGCACGGTCGCGACGCCGGCAGCGGCGATCCAAGCGATCGTCTGTTTGGGGCCGTCAACACGGCGGTCCAGGAGAATCAAGCACAGCCCAGCGGGCCAAAGCAGGAGCCCCGATGACATCGTGTAGCTCGCGAGAAACCCGACGCCGATGGCGAGGCGGAAAGCAAGCGGTGCCTCCCGTCCAACGATCAGCAGCCACACCATCGCGAACACGAAAAAAACGATCATGAACCACGCGAGCTGGAAGCCCCACATCCAATTGCCCGCCTGCGAGGCGCTGTAAAGGATGGCGCTTCCGAAGAGGAAGGATATTCCCAGCGCAACGCGAGACGCAGAACGACGCAGCAGATCGAAGAATAATGCCTGTGCGCACACGACGAACGCGATGCCGATCAATTCTTCGCGGACGACGTTCCAGCCGCGCCACTGTGCGAGCAACAGCATTAAAGAGTACGGGACGAACATCCGATGCTCGTTGTGCTGCGCCCATAAATCCGCGAAACTCAGGGTGTGCTGATGCATTCTGATAACGAGGCTGGCGACTTCCCATTCATCCCATTGCGGAGCATTGACAGCCCAACGCACCAGCATCGCCGCGATGGTGATTGGGAATAGGCACGCGACGAGAAGGCATGCGGCGGTCGCCGCTCCCGACAATCCGGGCTGCTCGGCGGTCGCGCGTTCGTCGAGCTGAACGTCAGCGGTCATCCGCACCAAATCGACGGGCGAGGAGCCTGAGAGGCCGGGTCAGTCGCCACGATTTCGAGTCGACCACGCTTTGCAGGGCCTCGTGCGCTGCGTCTGCAAGCGAACGCAACTCTCGTTCCATCTGAGCCCATCGTTCGCGCTCCGATTCAAGCGCAGCCCGAGCTTGGTCCGCGTCGTCCTGAAGAACCGCTGCACGGTTCTGCAGAGCATCGCGCTCGGCACGAGCGCGCCCGAGCTGTTCGCTTCCGCGCAGGATCTGCTCGCTCAAGGCCTGCGTGTAGCCTGCTTCCCTGACCGATACCTCGCGTGCGTGTTGTTCGATGGTTTGGGCAAGTTCGCGTTCCACGATTCGCGCGCGATCTGCCCAGCCCAGCATCTCCCGCTGGATCTCCCCTCTTTCGACCTCGAGCGCAGCACGGGAATGCTCCGCCTCGCTGAGCGAAGCTTCGAGCTCAAGAACCCGGGCCTGCAGCGACGTCACCTGCTGCAGCTTTTCCGATCCGTCGGATTTATAAAGCGCTTCCAACTCTTCATAACGGCTCTCTTGGTATATCCGCAGCGCATCGGCTTTCTCAAAAGCTGCGTGTGCGTCGCGCGCATCCTCTTCCAATGATCGAATCTTCCTGTCAGACTCGTCAAGCCGCTCGCGCAGGTTATATGCATCACGCTCTCGCTCGGCGCGTTCCCTATTATAAAGTTCCGCTAATTCGTCGTAGCGATTTGCATTGTGCAAACGCTCCGCGTCCGCTACGCGAAACGCTTCGTGCACCGCATCCAGTTCGGCCCGCAGATCATTTCGGCTTGTATTTGTAGACGTGAGTGCCGCCCGGCCGGCGCTCAATTCGCCCGGCAACGTTCCATCGAGTCGCTCCACCATATTGCGCAAAGCCTGCATTTCCCGAGCGGTAGCGCCGAAGACGTCATCCGACGGGTCCAGAAATGCAGACTCGAC
NZ_AP025523.1_gap73	2900496	2903993	3497	ATCAAGCCGGCGAACGTGATCCCCGCGTGCGCCGCGACCCGCGACGCGCCGCCGGTCGCGGAAGCGATCGCAACTTCTTCCGCCGTCTCCGTCACAGCCGCAGCCCGAAATCTTCCGCGTCGGCGGTCAAGTTGGGATTGTAGTACGGATCACGCCGCGCGAACTCAGGCCACCGCGTGCGAATCGCTTCCACTTCTTCCATCGCGCGCGCCACTTTCGTCGGCGTGTCGTCGCCGCCGCGGCTCTTCGACTCGTAATGGTACAGCCGCGCGCGCGGCACGAAGACGTTCCGGTAGCCCACGCGATGCAATTTCAAGCAGAAGTCGACGTCGTTGTACGACACCGCCAACGTTTCGTCGAGCCCCCCGACTTCCCAGTACTTGCGCCGCTCCACCATCAGACACGCACCCGTCACCGCGAGATAGTTGGTATCGAACTGCAGCGCGCCGTGATATCCCGCGCTCGTCGCCGGCAGAAACCGGTGCGCGTGCCCGGCGAGCCCGAGAATCCCCAACACCACGCCGCCGTGCTGCACCGTCCCGTCGTCGTACATCAGCAGGGCACCGACGGCGCCGATCGCACTGCGCCGCGCCTGCCCGAGCATCGCCTCGAGCCATTCCGACGATGCAACCTCGGTGTCGTTGTTCAGCAGCACGACGAACTCGGCATCGGTCGCACCGACCGCCTCGTTGTTGAGCCGCGAGTAGTTGAACGGCGACGCATCGCGCAGCACGCGGAAGCGCTCCGGTTCGCGGACCTTCCACGCGCCGAAAAGCGCGTGCGTCGCCTCCTCGTGGCTTCCGTTGTCGACGACGACGACCTCGAACTCTCGGTACGCGGTCCGCTCGAACACCGACGCCAGACACGGCTCCAGCAGATCGGCGCGGTCGCGGGTCGGGATGACGATGCAGACGCGCTCGCCGCCCGGCACCGCGAACCGCACCTCGACGCCGCCGCTGACGGCATCGAGCGCGGCGTCCTCGCCGCGGCGCCGCAGCGCGACCTCGACCGCGAGCGCCTGATCGGCCGGCTCGCAGCGATTGCGTTCGTTCCGGTGGCAGAGCACCTGCGGGACGTGCACGATTCGATCCGTCTGCTCGCTCACGCGCAGCAACGCCTCGTACCAGCGCGCGCTCTCGAACACGTCGCGCACGCCGCCGGCGCGGTCGAGCAGATCGCGGCGCATCATCGCGAGGGCGCCGACGTAATCGCGCGTCAACAGCGTCTCCGGCGACCAGTCGGGTTTCATCCACGGATCCGACGGAACGCCGCGCTCGTCGAGCGTATCCTCGTCGCAGTAGACGACGTCGGCGCCGTCCTGCAGCGCGAGCGCGAACTCGAAGAGCGCGTGCGGCTCGAGCCGGTCGTGCGGGCCGAGGGCACCGACGACGACGGCGTCGCCGAACCGGTCGCCGCCCGGCGGGACCAGCACGATCCGCGCATCGGTCTGCGCCAGCGCGCGGAGTTCCTCCGCGCTCTCGGCTTCCGCGCCGTCGTCGACGAGCACGCGCGCCGACCACCGCTCGTACACCTGATCGGACAGCGATCGCAGCGTCGCGCGCACGCCGTCGGTCGCGCCGCCGCGCGCGTCGATCGTCAGCCCGAACGCGACCGGCTGCGGAAAGAAACGCGCCGTGGCGCGCATTCGCTCGACGTCCTCGTCGCGCAGTCGGTGATGCTCGCGAAAGAGCTGATAGGGATCGCCGAGCGCCGCCATCTCCACCGCCCGATCTTCGATCGACGGCGGCGGTATCGGATCGGCGAGCGGTCCGATCCCAAAACGCCTCCGCGCCGCGAACCACGTGTCGCGCAGGCGCCAGAACCGGCTGACGCGCATCGCCTGGATCGTGCGCCGCTGACGCTGCACCAACGGATACAAATACGCGACCTGCGCAAGCAGCGCGTCGCGCGAGCGCCCGTCCTCGAGCGCCGCGAGCGCGTCCATCGCTTCCGCGGTGCGCGCCGCGACGCGGCGCCAGCCGCCGCTCGCCTCGACGTACGCGACGCCGCCGCGCGCCAGCGCCGCGAGCGCGTCATCGCTGCCGAGTTCGTCGATCGCCGCCGCCCACGTCCCCAGCGCGACGACGAGACCGCCGCCGGTCTCGCGCACGAGGCCCGCAGCCCCTGGCGCGTTTTCCGCCGCCAGCACCGGCTTGCCGTAGCTCCACGCCTCGGCCGTCTCGGGCGCGAAGCCGATCCCCGCTCCGACGACGGCGACCGCCCGCGCAAACGCAAAAAACGCCGCGCGGTCGCGCTCCTCGACGTCGCCGAGCTCCACGATCGCGCCCGGCGCGGCGTGCATCTCCGCCAGCGCCACGGGATCTTCGCCGGCGACGAGGACGTACGGCCGTCCGCGCGTCGCGCGGCGCACGCGCGCGTCATGCAGTTCGCCGCGCGGCACCGTGTCGGCCGCGAGGCCGACGACCCGTGTGCGCGCGCGCGGACCCGCCCCGAACAGTTCCGCCAGCAGCGTCGCTTCGGCGTTCGTCCCGCACAGGATCATCCGCGTCCGCGCGACGGCCTCGGCGACCTGCGGCAGGCGCAGCGCCGGCTCGTCGTCGAGCAGCGGGACGAGCAGCGCGTGCTCGGCGACTTCGACGAGCGCGCTCACCGTCGTCGGCACCGTCAGATCGAAGAACAGGAACGTGTCGTAGCGGTCGGCGGCCGCGCGTACGTGGGCGAGCAGATCGGTACTGCGCAGGCGCTCGTCGAGCAGCGCGCTGGCGCTCGTGCGCTCCTCGACCGCGTGTCCCGCGCGCACCGCGAGGAGCGCGTCCTCGTATGCCACGCGATCGGGTGCCGTCACGCGAAAACGGTGCACGGGGAACGATTCGCTGTAATCCGTGCCGGCGTTGTAGAAGTTCGCGTCCGGGGCGTCGTCGGTCGCCGTCGTCGTGATGACGTCGAGGTCAAGGCCTTCGAGCGCTAGATGCGTCGCATACGCGAAGGTGAAACGCTCCTTGCGCCCGCGCAGATCGCGGCCGAAGAACGGTGCAACCAGCGCGACGCGCTGACGCGAACGCGTCATTTCGCGCTCGTCGCGGCCGGCATCGCGCCGACGTACGCCGACGCGCGCCGGCGTTCGAAGATCCGCCGCGCCGCGATCTCGGCGACCGCGACGCCGCAGACCAGCCAAAACGCCGTTGCGACCTTCGGAAAGAAAAACAGATCGTCGAGCGTCTGGTGCGCGGCGAGCGCGACCGTCGCGCCGAGCGCGCCGACGACGAGCGGCCGCCGCACGCCGCTGCGCCACAGCACGCCGATCGTCGCCGCGAACATCCCGATCGTCGCGATCAGGCCGATGATCCCGCCTTCGGCCAGACTCTGCAGGTACAGGTTGTTCGCGTGCGTGCGCACGCCCGGCAGTCCCGCCTGCGGAAGATCGAGCTCGTAATTGCCCGCGCCGACGCCGGTGATCGGCGATGTCCGCCACAGCACGATCGCGGCGTGGGCGAGCTGCGAACGATTGCCCAGGTGATCCGCCGCCTGCGTCTGCT
NZ_AP025523.1_gap74	2905866	2910544	4678	CCGATGACGAGCGCATACGCACCGTAGTGCGGCTGGGCGAACCACACTGCGACGATGATGCACAGGTTCGCGAGCAGTCCCTGCAGCGCCGCGGCGCCGAAGCGATGGTAGGCGTTGAGCAGCGCGCCGATGACGCCGGAGAGGCTGGTGAAGACGATCGTCGGCATCAGCCAGCGCGTCATCACCACCGCCGTCTCGACGTGGCCGTGCGGGAACCGCGCGATCATCGGGACGTACGCCGGCGCCAGCCAGGCGCCGAGCGCCGCGCACACGCCGAGCACCACCGCGATCGCGATCAGGACCGACGACGCGAGGTTCCACGCCTCGTCTTCGCGATCGGTGTTGAGATAATCGCTGAACAGCGGGACCAGCGCCGTGACGAGCGCGCCGTTGAACACGCCGAAGAGGATCACCGGCACGACCGACGCGGCGAGGAACGCATCGAGCTCCCACGACGTGCCGTAATACTTCGCGTAGACCACCTCGCGCACGAAGCCGAGGATCGTCGACGCCAGCGTGGCTGCCGCGACCAGAACCGTCGATCGTGCGAGTCGCCGCGGGGTTCGGCCTTCCGCGACGACGGTCAGCCGTGGCGGGTTAATGCGCCCCGACCCCTCGTAGGACGGCGGGGATCGTCTTCGCAACGATCGTGAGATCGACCCACGGCGACCACGCGTCGATGTAGGCGTTGTCGAGCGCCATCCACTCTTCGAACGAGAGGTGCGAGCGGCCGGAGATCTGCCACAGACACGTCACGCCCGGCTTCACCACCAGCCGCCGCAGCGCGTAGGCGTCGTAGTGCGCCACCTCTTCGGGGAGCGGCGGGCGCGGGCCGACCAGCGCCATCTCGCCGGCGAGGACGTTGACGAAGTTCGGCAACTCGTCGATCGACGTGCGGCGCAGCAGCGCGCCGAGCCGATGGAGCCGCGGGTCGTCCCGCATTTTGAATACCGGACCGTCGGCTTCGTTGAACTTGCGCAGCTCCGGCAACATCGCGTGCGCGTCGCGCACCATCGTGCGCAGCTTCCACATCCGGAACGTGCGGCCGCCGACTCCGACGCGGTCCTGACGGTACACCGGGCTGCCGCCGCTCACCAGCACGATTCCCAGCATCGCGAGCAGCACGACCGGCGCGGTGAACGTCAGCAGCGCCGTCGCCAGCACGATGTCGATCGCGCGCTTCGCGACGTGCATCCAGCGCGGCCGCGGCGGCGCGGCGGGGAACGGGACGCCGACCGGCAGGTCGGCGAAGTCGGGGCGCGCCCGCAGCGCCGTCGCTTGCATCACCGTCGTCCCGCGGCCGTCGCCATGCTCAAGCCTTGGAAGCACGATTCGATCCGCTCGCCGACGTACCCGAGCCCGTCGATCACGCCGAGGTCGGCGCCGTCCGCCAGCCCGCACTCGAGATAGGGGACGTACTCGCGGGTGTGATCGGTCCCCGGCTGGGTGGGGTCGCAGCCGTGATCGGCGGTGAAGATCAGCCCGTCGCCGGGGCGGATGCGGGCCAGGATCTCCGGCAGGCGCGCGTCAAGACGGGCCAGCGCGTCGCCGTAGCCGCGCACGTCGCGGCGGTGGCCGAACTTAGTATCGAAGTCGTTGAGGTTGACGAACACGAGACCGTGATCCGTGGCGTCGGCCAGTTCGAGCGCGCGATCCACCGCCTCACCGTTATCGGCGACGCGGACGGACGACGCGATCCCATGACCGCTGTAGATGTCACAGATCTTCCCGACCGCGTGGACGGGCACACCCCGAGCTTCCAAGCGGTCGAGCACCGTCGGCGGCGGCGGGATCGCGTAGTCGCGCCGGTTCGGCGTGCGCACGTACGCGCCCGGAACGCCGACGAACGGCCGCGCGATCACCCGGTTGACTTCGTGGGGCGAGACGAGCATTGCGCGCGCGCGCTCGCACCAGTCGTAGAGCGTCGCGAGCGGGACGGTCTCTTCGTGCGCCGCGACCTGAAAGACCGAGTCGGCGGAGGTGTAGAGGATCGGCCGCCCGGTGCGCTGATGCTCCTCGCCGAGTTCCGCGATGATCTCCGTCCCCGACGCCGCGATGTTGCCCAGCGGCGGTGCGCCGGTAATCGCGGTGAAGCGCTCGATCACCTCGGGCGGAAAGCCGTCGGGATAGGTGGGAAACGGCACCTCCGTGATCACGCCCGCCATCTCCCAATGGCCGGTGATCGTATCCTTGCCCTTTGAGCGTTCTCTAAGCCGCGCAACGACTGCCGCAGGCCGCTCGCTTGCAGCGACGCCGCGCACGCTGGTGATGCAGCCCAGCCCGAGGCGCTCGAAGTTGGGCAAGCGGAGACCACCCAACTGCTGCGCGACGTTTCCGATCGTGTTCGCGTTCGAACCGTCGTGGTACGCAGATGCATCAGGAAGGGCACCGACGCCGGCGGAGTCCATGACAAAGGCGAGAATGCGCGGCATGCCGTGGAGCGCGGTTCCACCGCGCGCAGGACCGTGCCTCCCGTGGACGGGAACGCGTAAGCCCGTAGATGCGTTTTTCCGTTCTCGTCGCGCTCGCGTGCATGTGGTTTGCGGCGCTCGGTGTGACCGCCGCCGCTTCTCCCCCGACCAGTCTCGACGTCAGCGCGAAGAACGTCGACTTTTACTACAACCGCTTCATCGTGACCGCCGACGGCAGCGTCCGGGTGCGCCTCTCCGACGGCACCACCGTCAGCGGCGAGACGTTCACGATGGACCTGAAGCTCAACCGGTATCTCGTCGCGGGCGACGTGCACGTCGACGGGCCGACGATCCATCAGAGCGGCGCTGCGTTCGCGGGCTATCCCGATCTCGACCGCTCGTTCTTCCTGCCCGCGGGCGAGACGCCGGAACGGTACACGTACTACGGGCTCGACTGGACGAACCCGCATCCCGGACACGAACATCCGGGTGACGCATTCTATTTCCCCGATCTGAGCGGCGAGCGCGCGTACATCAAGGCGGCCGGCGCGCGGATCGTCCCGCGCACCAACGTCCTCTTCGATCAGGCGCGCGTCTACACGGCGGGGATCTACGCGTACTCGCCGCGCTACGTCGTCACGTTCTCCGCGAACCCGCACTTCTTCGAGAACGCGTTCGCGGGCGCGCGCGCCGACGTCGCGGTGCCGTTCAATGGCTCGGCGCACAGCCTCACCGCGCTGCACGCACGCAACGACGCGGTGAACGGGACGTATCTGGCGATCGATCAGCACTTCGTGTGGGATCACGACTACATCGTCGCGGCGATCGATCCGCTCACGCAGGAACAGCGGCAGTACAACCTGATCGGCTACAAGCGCTTCTCGTCGAAACTCGAGAGCCGGCTCTTCCTGCAAGAGTCGGCGGCGCAAGCCGGGATCGTCAACCGGCCCGAGAACGCGGCCGCATTCGGCGAGATCCAGCTCAACGGCGCGCTGCGGCATTCGGGCCTCAGCTACACGCAGGACAACTACTACCAGTACATCCTCGGCTATCCGCGTCAGGCCAACGATGCGGTCGCCGCGATCAATTACGATCCACGCTGGCGCGAACATCCGACGCAGACGGCGCTGGTCTGGACCGGTTACGAGGATCGGCTCTTCCACGGGCTTCCGGTGACGTTCCGGCTGCGCAGCGGCGTCGGGACGGCGCACGACATCTACGGCTACGGCGGCTATCCGAATCTCAACCCGCCGGGGCCCGATCTCTTCTATCACACCTACGGCGGCACGCTCTCGCTCCCGGCATTGAAGTTTGCGAACGGGCTCTCGCTCACGGCGGTCTACGATCGTCAGCAGACGTGGTTCAGCCAGCCGCATCACACCGACATCAGCGACGCGCGCGTCTCGCTCTCCAAACAGTACGGCCTGCAGCACGTCAACGCGTTCCTGCTCTACGACGTGAAGAACACCGGCGACTATTGGGGCGCGCAGCAGCTCGCGGCGTTCCCGGCGGGGGTCGCGGCGCAGACCGGCTGCGCCGGCGGCGGCGACGTGTGCGTAACGCCGTTCGGCACCTACCGCGGTCTCGACGCGTTTCGCGGCTTCGCGACCTCGCGTGGCCTCAGCGGTTCGCTCGTCTTCACGCCCTCGCCGCTGTTCACGATGAGCCTGCTGCTCTCGCACTACAGCGACTTCCCCAAGCCCGTCCCCGGCGTGTTCGGCCAGCCGCCGTGGCAGTTCACGGGTGGTCTGCGCGTGCGGCTGTCGAAGCAGGTCTTGCTCGACGTCGCGCGTTCCAACTACTTCAACTTCGCGAACGAACGGTGGACGCCGCAGTTCCAGATTCAATTCTCGCCATGATCCGACGCATCGCCGCGTTCGCGGCCCTCACCGTCCTCGCCGGCATGCTCGTCCCCGCCGGGGCGCAGCAGGGCAGCGTCGTGCGCTTCACCGGACAATTACTCGACGTGCGCAACGGTTTCGTCTACTTCACCACGGGCGCCGCGTTCAAGCTCGCGCCGAACGTCGCGTACGACGACTACGACACCGGCCAACCGACGTCGCTCGCGCCGCAGCCGAAGCTGTTCGCGCGCGCGATCGTCGATCCGGCGACGAAGCAGGTCGTCGAACTCGATCTCACCCGCAAGCGGCTCGCGACCGACGCCGCGTACGCGCCCGACGTGCAGGCCGCCGTCGCGACGAAGCCCACCACCGAACCCGCGCCGGAGATCGTCGGCGTGCGCGTCACCGGAAAGGAAGTGCCGGTCG
NZ_AP025523.1_gap75	2983812	2986902	3090	CACTCCGTGAACGACCAGCATCCCGGGATCTACGAGGTGGCGGACGGCGGCGTCGCGATCGCGGGCGAGATCTACGAGATGACCGACGCGCAGCACGCGCACCTCATCGCTACCGAACCGCCCGACCTGTACGAAGCGCCGATCCGCCTCGACGACGGCACGTCCGTCTCCGCGATGATCTACCCGCGCGAACTCATCGAAGCCCGCGGCTTCCGCGACATCTCCGAATACGGCGGCTGGGCGGCGTACAAGTCACGCTGAGCTCGTCCAAGCGCAGCCCGCTCCTTCCCGCAATGCGCGGGTCGTCGAGACACGAACGCGTCCGCGCTTCGACAAGCTCAGCGTGACGGAGGGTCGCGAGACCGGCGAGAACGTTCAGCGCGCGACGTTGTGTGCGAACGCGAGCATCGCCCCGTTGAAAACCGCGGGCCGCTGCAGCGGAGCGAAATGGCTGACGCCGGGAAGCACGAGCAGTTCGGCGTTCAGGATCGTACGGGCGAGACGGTCGATATGCGAGCGATGAATGAACTCGTCGCGTTCGGCATGGACGAGGGTCATCGGCACGCTCGCCGCTGCGAGCTCTGCGGCCGAACAATTCGGTTTCCGCCGCATCATCGCTGTCACCGCGCCGACAAACTGCCGGAACCCTTCGGGCGCCGGAGAGAGCGCGGCAAAGTCTCGCGCGTGGCGCGCGAAGCAGCGGTCGATCAACGGACTCGCATCGAATGGGTCTTTCGCTCCGCTCGGGTCGAGATTCGCGCCGAAAAAGAACAGACCGGCGACGCGCTCCGGCGCGCTCTTTGCGAGAAACCATCCGATCGTTGCGCCGTCACTCCAGCCGACGATCGCGGCCGTCGCGATGCTGCGTGCGTCGAGCACGGCGCGGACGTCCGCGGCCATTCGGGCGTACGCGTACGAGCGGCCGTCGGCGGAACTGCGGCCTTACCGGCGGCTGTCGATGACGACGGTGCGATACCCGTGTGCGACGAGGGCGGGAACCTGGTAGCCCCAGTTTCCGCTGTGCCCGAGGCCGCCGTGCAGCAGAACGACCGCCGGGCCGTCGCCGTATGCGGCGTGCCAGATGCGGGCCCCGTCGTGTTCGGTGTACGCAACGTCGCCGTCGGCGGGCAACGGTGGGGCGCCCTCGGCTTCGAATCGGATCAGATCGTCGTCGGTGTTCACTGGTTCGCTTTCGGTTGCGTGCGCGAGCGTCAGCTTCCGCGGTACGTCGTGTAGCCGAACGGCGAAAGCAGCAAGGGGACGTGATATCGCTCCGCCGTTGCGTCGACCGAAAACCGCACGGGGATCTCGTCGTAGAACGGTACGTCGCCGCGAGCGCGAACATACGGGCCCGCCGTGAATACGAGCTCGTAGGTTCCGGCCTCGAGCGGCTCCGGCATTCCGGCGCGGCCGTCGGCGTCCGTCACTGCACTCGCGACGTGCATCCGGTGCTCGCCGAACAGCCGGTGCAGCGCGACGGAGATTCCCGGCGCGGGGACGCCGCGAGCGAGGTCGAGGACGTGTGTCGAGAGCATGGCGCTCACGCGGCGCGCACTCCGGTGCGACTCATTGGAGGTGGGCTCCCGCGGCGATCCATGCGCCGAGCGTTGCGCGCTCGGCGTCCGTCATCCCGGTGACGTTGCCCAGCGGCATCGCGTGCGAGCGCACTGCCTGCGCCTCGATCCGCTGCGCGTTGGCGGCGATCCGTTCGGGCGTGTCGAGCTGAACCCCCATCGGCGGGCTGGTGACGCCCGCCTGCGTCGGCGATGCCGCGTGGCAGACCGCGCAGCGCTGAGCGACGATCGGCGCGACTTGCGCGAAGGCGACGGGCGCCGCAGCGGGCTGCGGGCGCGGCGCGATCGCGACGGCGACGGCGGCGAGGACCGCGGCCGCCACCGCGGGGAGCGCGACGACGATCCGTCCGCGATGGCTCAGCACGAAGAACCGCCGCACCAGGACGCCCGCCGCGCCGATCGCGAGCAGGACGAGCCAGCCCCACGGCCCGGCATAGACCATCGGATAATGCGCGCTGATCATCGCGAAGAGCACGGGCAGCGTGAAGTAGGTGTTGTGGACGGAGCGCATCTTCCCGAGCTCGCCCAGTCGCGGATCGGGGATCTCGCCGGCGCGGAGCTGTGCAACGACGCGCTGCTGCCCGGGGATGATGATGAAGAACACGTTGGCGACCATGATCGTACCGAGCATAGCGCCGGCATGCAGCGCAGCCGCGCGCGGCGCGAAGACGTGAAAGAGCGCGTACGTCACCACGACAACGTACGCACCGATCGCGCTCCACAGCAGCGTTGGACGCGACGCGAAGACGCGGCAGATCGCATCGTAGACCAGCCACCCCAGCGCCAGCGTCGCGATGCTCACCGCGATCGCGAGCGGCGGCGCGATGTCGAGCACGCTGCGATCGATCAGCAGCGATTGCGCATCGGCCCAGTAGACGATCGCGAGCATCGCGATGCCGGAGAGGAACGTCGTGTACGCTTCCCATTTGAACCAGTGCAGATCGCGGCTCAACGGTTCGCCGGCGGGTCCGGTCGGGAACTTCTGATTGTGATAGAATCCGCCGCCGTGCACGGCCCACAGTTCGCCGGCGACGCCGCGCTCGGCGTCGCGCGGATCGCTCGGCGGCGTGAGATGGTTGTCGAGCCAGACGAAATAGAACGATGCGCCGATCCAGCTGATTCCGGCGATCAGATGCGTCCAGCGTGCGAGCAGGCTCAGCCATGAGAGCACGTACGCGCTCATCCGCGCACCGCGTCGTGAAGCCGCAGCCGCGCAATCTTCGCGATCTCGGCCAGCGCAGTCGCGATCTCGACGTCGCGGTCGTTGCGCGTGCGCGCGCGCAACCCGGCGAGGATCGCCGCTTTCCGATGCTCGCGCACGCAGATCACGAACGGAAAACCGAAGCGTTCACGGTAGGCGGCGTTGAGCGACGTAAACGTCGCGATCTCGCTGTCGTCGAGCCGGTCGAGCCCCGCCGACGCCTGCTCTGCGCGCGAGGCGTCGCCGAGCCTGCCGTCGCGGGCGGCCGCGCCCACGAGGTCGGGATGCGCGGAGATCAGCGCGATTTGCGCGGAG
NZ_AP025523.1_gap76	3131810	3135444	3634	GCAGAATCGTGTTCCACGACAAACCCGCCTGCGCGCCTTCGAGGATGAGGAACTCGAAGAGCCGCAGGTCGTCGTGTACGGGCACGCCCCACTCGCCGTCGTGATAGATCACGTCGAGTGGATCGGTCGCCCACGCGCAGCGAATCGGCATCGCCGCTCACAACCGCGCCGCACGCGGAGCGGTTGCCGTGCAGGCGGGCGGGCGGCCGGCGCACCGGCGGCATGCGACCGCGTTACATCCGCCGGCCGGACGCGTAGCATGCGTGGGCGACGGCCGATGTGCCGCGCAAGGGAGAGGGCGCCATGCTCGCACAAGATGGATCGTCATCGCCGTGGTCGTTATCGTCGTGATCGCGGCCGCGGTCGTCATCGCGCAGCGCCGTCGCTCGCAAGGTTTGCGCGAACGATTCGGTCCGGAATACGATCGCACCGCGCAGGAGATGGGTTCGCCGCGGCGAGCGGAAGTTGAACTCGCGCGCCGCGAGAATCGCTACCGATCGCTGGACATCCGGCCGCTCACGCCCGGCGCGCGCGATCGCTACGCCGAGTCGTGGCGCGCGGTGCAGGCGAAGTTCGTCGACGATCCGGGCGCTGCCGTGACCGACGCCGACCGCCTGGTAAACGAAGTGATGCGTGACCGCGGCTATCCGGTCGACGACACGGCGCATCGATGGACGATCTCTCCGTCGAGCACGCGCGCGTGCTCGACAACTACCGCACCGCTACCGCAATCGCACAGCGCAATGCGCGTGGCGAGGCGACGACCGAAGAAATGCGCCAGGCGCTGGTTTCGTACCGCGCGCTGTTCAACGATTTGCTCGGCACCGATCCCGTGCAGAGCGGAACCGTCGAAGGCCGCATCGTCGAACCGGCCGCGCCGAGGACGCACAGGAAGTACGCTCATGAACGACCGCGCCAACCTGGGGACCGACGACGACCGCCGCAGCGCCGACCACGACTGCGACCGCCGACCAGCGCATCCCGACCGAACGCGGCGATGTCGCGGACGCCGCGGCGCAGGCGCAGAGCACGGACGGCGGCGACGTGGAACTGCTCCCGAGCGACGCACTCAATGATTTCCGCACGCGCTGGGACCGCGTCCAAGTGATGTTCGTCGACGAGCCGCGCGACGCGGTCCAGCAAGCACACGATCTCGTCGACGAGGTCGTCACCCGGCTCACCGAGCGTTTCTCGAAGCAGCGCGAGGGCCGGATGGGACCGGGACGCGGGCGAGGACGTCTCGACCGATGGCCTGCTCATCGCGCTCCAGCGCTACCGCTCGTACTTCGACCGCCTGCTCTCCGCGTAACGGCCGGCTCAGTCGCCCGGGTTTTTTAGAGTTCTTTCACATTCGGCACCTACGGTCGTTCCATGACGCTGAACGACCGTAGGAGCCGCCGATGATTCGCGATGTTCGCCCGCTCGTCGCCGCCGTGTTCATCCCGGCGGCGATTGCACTCGCCTCCTGCTCCGGGGGCGGCGGTTCCGGCCCGTCCCCGGCAACGATCCCGAACACGCCCGCCGCGAGCGCGATGCAGAGCACGCGCGGGACCGCAACGACGACGTCTTCGGCGCAGACGCCGGGCGACGCCGGCTCGATCCTGCAGACGCTGCACAAGATCACCACGATCGGATCGACGGTCGATCCGATCAACGGCGATCAGAATCCCTACGGCCTGACGATCGCGCCGATCACGAAGGGCTTGCTGCAAGCCGGCGATCTCGTGATCTGCAACTTCAACGACGCCGCCAACGTGCAGGGCAACGGCACGACGATCGAAGCGCTGCACCCGGTGCCGGGTTCGACGCCGCTGCACATCGCGCAGAATGCGGCGCTGCTCGGCTGCGACGCGCTGGCACTGAGCTCAGGCGACGGTATCTGGGCCGCCGCGTTCGGCGCCAACGACAACCCGATCGTCTCGGCGACCGGCGCACTCGTCACCGCGATCGCAAGCGGTCCGTGGCACCATCCGTGGGGCCAGGCGTTCAGCGCGACGGCCGGACCGTTCGGCGCATCGGGCGCGTTCTACGCCAGCAACGCGGGCGACGGCAGCATCGTGCGCATCGACCTGAATCCGGGCAAACCGTTCGCGTTCGACGTGATCGCGACGGGCTTTCCGGTCAACGGCGGCGCACCCGGCAGCATCCTCGCGCCGTCGGGGCTGACGTACGATCCGAACGGCGACCGCCTGTACGTGATCGACGGTGTCGACAACAGCATCACCGCACTCGAGCACGTCGGGCAGATCCCCGCCGGCGGCGTCCACGTCAGCGGCTCGTCGTTCACCGGCCCGTTCGCGTCGTCGGCTCGCCGCGTCTTCGCGGGCGCACCGCTCAACGGTCCGATCAGCGCGGCGCTGCTCCCTAACGGCAACCTCGTCGTCGGCAACACGCTCGACCCCGACGGGACGAACCTGCTCGTCGAGGTCACGCCGAGCGGTCGCGTCCTCGCGAAGCGCAACGTCGACAAGGGGGCATCCGGCGCGATCTTCGGGATCGCGGTGAGCGGGACGGCGGGAGAGCCGAACAACGTCAAGATCTACTTCAACGACGACAACGACAACACGGTGAAGGTGCTGACGTCGGGCGAGTTCGACGCGAAAACGTAGCGGCTGCCCGACCCGCAGAACAGAACGCGAAGGCCCCGCGGGATCGCTCCCTGCGGGGCATTCGTGTGCGCTGGGCTTCGACAAGCTCAGCCTGACGGGGGCGGGGCTCCGACGAGCTCAGCACGACGTCGCCCCCGTCCGGGGCTACATCATGTCGTAGCCGCCCATGCCGCCGCCGGGAGGGCCGCCTGCGGGGGCGGTCTTCGGTTCGGGCTTGTCGGCGATGAGCGTTTCAGTCGTCAGAATCAGCGCGCCGATCGACGCCGCGTTTTGCAGCGCGGAGCGCGTGACCTTGAACGGCTCGACGATCCCGGCCTGGACCATGTCGACCAGATTGCCGGTCATGGCGTCGAAGCCCTGACCCGGCGGCGCGGTCTTCACGCGGTTTACTTCGACCGAACCCTCAAAGCCGGCATTCTCCGCGATCTGGCGGAGCGGCTCTTCGAGCGAACGGCGGATGATGTCGACGCCGATCTTCTCGTCGTGGCTCGCGGTCTCGCCCGAGAGCTTCTCGAGCGCCTTGATCGCGTGCACGAGCGACGAACCGCCGCCGGGGATCATCCCTTCCTGCACGGCAGCGCGGGTCGCCGAAAGGGCGTCCTCGATGCGGTGCTTCTTCTCTTTGAGCTCGGTCTCGGTGGCCGCGCCGACCTGGATTACCGCAACGCCGCCCGAGAGCTTCGCGAGGCGTTCCTGGAGCTTCTCGCGATCGAAATCGCTGTCGGTCTCCTCGATCTGCCGCTTGATCATCTCGATGCGGCCCTTGATCGCGTCCTGCTTGCCCTTGCCGTCGACGATCGTGGTCTCTTCCTTCGTGACCTTGACCGTCTTCGCAGCGCCGAGCAGATCCGGCGTCACCTTGTCGAGCTTGAGCCCGAGCTCTTCCGAGATCACCGTCGCGCCGGTCAGCGTGGCGATGTCCTTGAGCATCTCCTTGCGGCGGTCGCCGAAACCCGGCGCCTTGACCGCAACTGTCGTGAACGTGCCGCGCAGCTTGTTGACGACGAGCGTCGCGAGCGCTTCAC
NZ_AP025523.1_gap77	3138114	3138687	573	GATCGCGTTCGGCAAGCCGGCCGGCGACGCGGTCGGCGGGATGTTCGGCGGGATCGCGGCGACCGTGATGGGACCGGCGGCGCAAGGCAACCCCGCCGCGCCTTCAATCGGGATCGCGCTGCATTTCGCAGTCGCGATCTTCTGGGCGCTCGGTTACGTCTATCTCGTCCGCACCCAGCCGCAGCTCCTGCGGCGGCCCTGGCTCTCGGGGATCGCGTTCGGCTTGGTCGTGTACGTCTTCATGCAGATCATCCTGATCACGGCCGGCGCGTATCACCGGCCGGGACCCGTCGCGCTGCTCACCAACCTGGTCGCGCACACGCTCTTCTTCGGGCTCCCCGTCGCGCTGATCGTCGCGCGCTCGCTGGACCGCACGATCTCCCGCGCGTGATCGCGCACGCCGCGGTCGACCTCGGCGCGATCGCGCGCAACGCCGCGACGCTGGCGGAGCTCGTCGCGCCCGCGCGCGTTGCGGCGGTGGTGAAAGCGAACGCGTACGGTCACGGTCTGGTCGAGGTGGCGCGCGCGCTCGCGCGCACGTGCGCGCGGCTGTGCGTCTACTCGCTCGAGGAA
NZ_AP025523.1_gap78	3139733	3141676	1943	GGCCGCGTTCTCGGCGCGGAGGTGCGCTACGATGCGCGCGACGGACGCGTCGTCGTGCGCCGCTACGCCCGCACGGCCGCGCTGCGTGCGCGCGAGATCGTCGTCGACCGCGGACGCGCGTACGCGCCGCTGCGCACGGTCGCCGCCGCACTCGGTTTCGACGCCGCGTACGTTGCGCGCACGCGAACCGTCGTGCTCGCGCGGCGCGTCGAACCGCGCACGCAGAGGCCCGCCGCCACGGTTGCCGCCGCTGCGGCGCCGACGCCCGGCAGCGGCGCGGCCGCTGCGCCGGCGAGCGCGCGCGACGCGATCGTGACGCCGCCGAGGAGCGCGCAGGTGAACGAGCCGTATCCCGCGGTGAGCGCGCGCTTCGCGGGCTCCGGCGGGATCGATCCGCGCAGCGTGCGCGTCCTCGTCGATGGCCGCGACGTGAGCGCCGACGCGGCGATCGTCGGCGACGAGATCCTCTACACGCCGCGCGCGGCGCTCGCGCCCGGTACGCATGCGGTGACCGTCTCGGCGCTCGCGTCGAACGGGACGCCGCTCGCGGCCTCGTGGGAGTTCGCAGACACGTTCGCGTTCGCACCGCCCCCGCCGCCGGCGCCGCCGCCCGTGCGCGCGATGTACGTCGATCGCTACGTCGTTCCCGGAACGAACGCGTTCGACGTCGTCGTGCTCGGGGTTCCCGGGATGACGGGCTTCGTCGCCGTCGACGGCGTCCCGGGGATCGCGCCGCTCGTCGTCACGGGCGCGAACAGCTATGTCGCGCACGTCGTCGTGCCGCCCGGCGTCGCGCAGCCGTTCGCGCACGTCGGCGCGCGCCTGACGCTTCCCGACGGGTCGATCCGCGTCATCACGCTCCCGCAGACGATCGGCCTGTTCACCGCGAGCGCGTCGCCTCCGGCGCATGCGACGCCGACCTCGGTGCCGCGCGCCATCCCGCCGGGACGCCGGTCGATGGCGGTCCCGACGCCGACGGTGACGCCGACGCCGGTTCCGCGCCGCGCGCTCGCGCGGCCGCGCCCGTCGCCATCACCCTCGCCGTAACGCGTTCAGCGGGTCAGTTCGGCGAGCGCGTCTTCGAGATCGAGCGTCCCTTCGTAGAGCGCGCGGCCGACGATCGCGGCGTCGACGTTCTCCGGCGTGCCGTCGCGCAGCGCGCGCAGGTCGTCGAGCGTGCGCGCGCCGCCGCTTGCGGTGACGCGCAGCGGCGCAAGCGATGCGACGTGCGCGAGCGCGGCGACGTCGTAGCCGGCCCCGGTTCCGTCGCGCGCGATCTCCGTATAGACGATGCGTCGCACCCCCCACGCGGCGACGGTGCGGACGAGGTCGTCGCGCGACGCGCCCGCGTCGGCGAGCCAGCCGCGCGTCGCGACGCGGTCGCCGCGCGCGTCGATTCCCGCGACGATGCGCTCGCCGAACGTCTCGACGATCGCGCGCGCGTCGGACGGCCGTTCCGCCAGCAGCGTCCCGATCACGACTTGCCGCGCCCCGGCGTCGAAGCGCGCGTCGACGTCGGCGGCGCTGCGGATCCCGCCGCCGGTCTGCACCGGAACGTCAACGCTCGCGCAGATCGCGCGCAGCGCGCCCTGATTCTCGCCGGTGCCGAACGCGCCGTCGAGATCGACGACGTGGAGCGCTCGCGCACCCGCCGCGACGAACGCGCGTGCACGCGCGACCGGGTCGGCGTCGTAGCAGGTCTCGCGCGACGGGTCGCCGCGCTCCAAGCGCACGGCGTAACCGCCGCGCAGGTCGATCGCCGGATAGAGCGTCAGCGCACGGCCGCTCACGTCAGCGCTTCGCGCGAGCGGGCGTCGCACAGCGCGAGAAAGTTGTCGAGCAGGCGCGCCCCGGCGGCACGGCTCTTCTCTGGATGAAACTGCGTCGCCATCACGTTGCCGCGCGCGACGATCGCGGCGAAGCGCTCGCCGTAGGTGCAGGAC
NZ_AP025523.1_gap79	3143609	3144183	574	TGATCCAAACCGATCACGCCGACGCCCGGCACGAACGACGCGTGGCCGTAGACGACGTACTGCGAGGAGAACGTGTACAGCGGATTTCCTGAAAGGTCGAACGCGGAGATCGCGCAGCCGGGCGGGTTCACCAGGTCGGGATTCTGCAGCTCGCCGCCCGTCACGATGATCATCGTTCCGTCGCCGGTCGGCGTCCCGATCGCGCCGCCGCCGCGGGTCCACGGCTTGAGGTCGCGCTGCCACGCTACGTTGCCGCTGTTGCGATCGACCGCATACAGCAGCCCGCTCTTCGCGACGAAATACGCTTGCGTCCCGGCGACGTTCAGGGCGCCGCCGACGTCTTCGTCGCCGCCCGGCGCGACGAACGCCGAGCGCGACCAGTTGACGGAGAGCGAACGCGTCAGCGAAACCATCGCGTCGCTGTAGCCGGCCGTCTCCGTGCCGCACCCGTTCCCGGTGCCGACGTAGACGTTCGTGCCGTCGGTGCTGAACGGCGACCACACGCCGCCGCCGCCGGCGCCGCCCGCCTGCGCGGTCGCCCAAAAGTTCATCACGGGCGTACCGCTGCGCTCGT
NZ_AP025523.1_gap80	3195109	3200079	4970	CGCGCGTCCGTTCCGGCCCGCAAACGGCGAACTCGCGAGCGCCGTGGTCGCGACGGGGCCGGGCGTTACGCAGGTCGTGGTGGGGCCGGTGCATGCCGGTATCATCGAGCCCGGCCGGTTCACGTTCAGCTCGGGCGGCGAGACGATCGCGCACCTCGACTTCCAGATGGGCTATTCGTACCGGCGCCTGGAACAGGGTGTCGAGGGGGCAGATCCCCTTGATCTCGCGCCTCGCGTAGCCCGCGTCTGTGGGGCGTGCAGCGCGTCTCGTTCGCTCGCGTACGCGATGGCGGTCGAGTCGATCAGCGATACGCGCGTCTCCGATCCGGTCCAGATTGCCCGGCAGATCATCGTGGAACTCGAACGCGTCTATAACCACCTGTTCGACCTCGCCGTATGCTCAGCGGCCGCGGGCTGGGGTTTTGGCCAAGCCACCGGGCTCGGACTCAAAGAACGCGCGCTTCGCGTGTGCCATGCGGCGACGGGCCATCGGATGCTCTTCGACGCGATCGTCCCGGGCGGCGTGAGCAATGGCGTGCTGGAGGACCGCGAGCAGGTGCAGAGCCTGGTGATCATGCTGCAGGAGGCCGTCGAACAATACCTCGGCGCAATCTTTGACAATTCTTCGCTGCTTTCGCGCTGGAACGAGACGGGGACGCTGACGTACGAAGCCGCGCGTGCGTTGGCGGTTGTCGGTCCGGCGCACCGTGCGTCCGGCGGATCGCTGGACGTTCGCGATGCCGCGCCGTACGGAGCCTACCGCTGGATGCCGATCGCCGTTGCACGCGAGGAAGGCGGCGACGTGCTCGCGCGCTGCCGCGTAAAGATCGCCGAACTGCGCGGCTCGTTCGGCATCATCAAGCGCGCGTTCGAGCATCTCGGAGGCAGTCCGCTTGACCGGTCGCCGGTCATGCCGCCCGAAACCGGCGATACGGTGACCGTCGTCGAGGGTCCGCGCGGTGCGGAGACCGTCGCCCTCACCCTGCGCGGCTCCGTGGTCGAACGCTTGCATTTCATTTCGGCGTCGTACCGGAACTGGCCGGCGGTCGCGCACGCCACGATGGGAAACATCGTGCCTGACGCGCCGCTCGTCAACAAGAGCTTCAACCTGTGCTACGCGTGCGCGGACCGGTGAGGGTCTTGCTTCGCGAGGCCCTCGCGCGCACTGCATCTAGCGGGAGCGCAGTCTGATGAGCGAACGCGACCACCTTGAGAAGCTGTTTGATGTGATCGCCGAAGAGCGCCGCATGTTGCTGGGCGGAAAGTCACAGATCCCTACGGCGCCCGGAAGCGGCGGGGACGCTTCCGCGGACTCAGAGATACTGCGCGTCGAGGCATCCTACGTGCGCGTCCTGGACGCGATTCAAGTCTGCGTTGCCGCTATTGACGCCGAGCGCGGGAGACGGCGGTGACGACCGTGCAAGTCGATGACGGCCATGCGTTCGCTCAGGAAGTGCGCTGATGGCGATTTTCGAGAGATCCATCGGCATACGGCATCTCGTGTGCGGAAGCTGTAATGGATGCGAGCACGAGATGAACGCGCTCAGCGGCCCGGATTACGACATCACCCGGGACGGGTGGGACATCGTAGCGTCTCCGCGTCACGCCGATGTCGTGACGGTGACGGGCCCGATGACCGAGGCCATGCGTGTGCCTGCGCGACGGACCTTGGAAGCGGTCCCCGAGCCGAAGATCATCGTCGCGATTGGCGACTGCGCCGTCGGTTGCGGCGTATTCGCCTGCGGCGCAGGCGTCGGGTCCGGAGCGTGCGTCGAGCTCGGCGCGACGATCGCGGTTCCCGGGTGCCCCCCCACACCGTCCATGATCAAGACGGGCCTGCTGCGGGCGGCGCAGGCTCTGGGCGGCCCGCCCGCACGCGACGCGGATTTGAACCCCGCGGACCTCCGTTCCACGCGCTTTACCTCCGAAAGGCCAGCTAGATGAAACAGTACGAGTTCAAGCTCGTTTTTCTCGATCGGCGCGACGAAGGATCGAACGCGCTCTCCACGCTCAACGCGCTCGGCGGCGAGGGTTGGCACGTGGTCCACGTCCGCGAAGATGTGCAACACGAGCGATCGCTGGTGGCCTTCCTCGAACGCGAACGCGGCGGCTGAACGGGCGTCCCAACGGCAGCGCGAGAATCCGAATCGGCCGCTAGCGGCGCCGTGCTCGACGCGGTGGCGCTGGTCCGGTTGCTGCCACATCGGTATCCGATGCTGTTGCTGGACCGCGTACAGGATCTTACGACGGCCTGGGCGCGCGGCTATAAGAACGTCTCGGCGAACGAGCCGTGCTGCTCCTCCGTGCTCTGCGCATTGCCGAGCATGCTGGTGATTGAAGCCATGGCCCAACTCGGTGGCCTGCTGGTCGTGGCCCCCGCTGACTATCGGCGCAAGACGGCCTATCTGGCCGGCATCGCTACGGCGCGATTCGCCGGCGTCGCCATCCCGGGTGACCGTTTGCAGATGGAGGCGTCTCTCGTGCGGCTACGCGGAACGGCGGGGCGGGTCCGCGTAGCCACTGAGGTCGCCGGGCGACCGATCTGCACCGCGGAATTAAGCTATGCGATTTTCGATCTTCCGCGGCGCAAGCGCGCCGAGGCGCGGGACGGGGGTTAAGGCCTTGGTTTAACCAGCGGTTTCGTTTTGAAGGCCTTCCAGGGCGGTTCGGACGCTGACAAGTTGATTATTGAAGATTTCCCGTGCGGCGTCGAGCAGCTTCCAGATCGCCGGATCGCTGATCTCGTACAAAATAGTGGTCCCGCGCCGCTCGGTCATGACAAAGTTCCGCGCGCGCAGGATCGCGAGGTGTTGGGAGACCGTCGCCTGCTCGGTGTCTAGCCGCGCCCGCAGTTCACCCACACTTTGGGGCCCGGCCCGTAGGGCGTCCAGAATCCGGATCCTTACCGGATTGGCGAGCACCTTGAAGAACTCGGCCTTGAAGCTGTACCGCACATTGCGGTATTCGGCCGTGCGGGCGCCCGCCCTGGCCGATATCTCACCCGTGACGATCGGAGATCCCCGCATGCCACTCAACTCGATGGAACTCGAACGCGCGAGCACGCGCCTGGCGGAACTGCGGCGTCGCCTAAACGACGGCCAAGCGAAGGAGGCTGCGGACATCCAGCGCGAGGTCCTGCTTATCATCGACGTCGTGACAGCGATGCTTAACGTCTTGGATCGGACGGTCGCCGCGGTGAAGCGGCCGTCGCGCTGACCTGTCAGGCCGGTACGCCGTGGACCGTCAGGTCAGAACGGCTTTTCTATTTCCGGTGCGCGGCACGATTCTAACGCTGCCGAGTTCGACCAAGTAAGGTGTAGTAGCTACTATGTGATCTGACAGTCGTACGATCTTGCGGTAGTGTCAGATAGGTTGGGTTTCAGTCTAAGCGATCTGTTTCTCACGTCAAACATTTCAACTGAGCGTCTGCTCAGGAGTCAAGTCCCAATTGTGCTGTAATTCCGGTTCGTTGACAGTTAGGCTGCTCGTTTGTCTCGTTTTTACGGCGGCCGGCTTGACAACGACATCCGTCGACGGACGCGACTCGTCGGAATCTTCCCGACGATCGCCTCGGCTATCCGCCTGATTACCCTGATCCTCGCCGAGCGGGTCTTCCGGTTTTGTAGTGGGCGGGCGAGAGGAAATCGGTCGGCCGTCGTAATGCTACGCCATGCGAGACACCGAATTCATCCGCGGGTTGCTGCGCGTCGAAGATCCTTGGGACGTGACCGAATCAAAGCTCGATCTCGAGCGAAATCGGGTCGATGTTCGGCTTGAATGGCAAGGCGCGGGTCGCTGTCCAAAATGCGATCGGGAGTGCCCCAAGCACGATCATCGCGAGCGCGTCTGGCGTGACCTCGATCTGGCCGGCGACCAACTTTTCTTGCACGCCTCCGTACCCCGGATCGATTGTCCCGAGCACGGCGTCACGACCGTTGCGATTCCCTGGTCAAGCGGTCGCACCGAGTTTACGTCGCGCTTCGAGCGTTTGGCGATCGCCCTCCTACTCGAGATGTCCGTCGCGGCGGTCGCGCGTCGCTTGGGCATCAGCTGGGAGCAAGTCGATTCCATTATGCTCCGGGCGGTCGAGCGCGGTAAGCAGCGGCGACTGCCACGTCTTGTGCGGCATCTCGGCATCGACGAGAAGGCCGTCAAAAAGCGGCATCGGTACTTCACGATCGTGTCCGACTTGGACCGCGGCGAGGTCCTGTGGGTCGGTCGCGGTCGCAAGCGCGAATCGATTGACGCTTTCTACGACGGCCTTTCGCACGAACAACTTCATGCCATTGAGGGCATCGCGATGGATATGTGGCAGCCGTACTTCGAGTCGACCGTAGCACACGTGCCCGATGCGGCACGGAAGATCGTCTTCGATAAGTACCACATCACGGCATATCTCACCAAAGCCGTCGATCTCACTCGTCGAGCGATGATGCGTGACAAGACGCTCGACCGAACGGCATTGAAAGGGACTAAGTATTCCTGGTTGCGCTCGTTTGCGAATCTCGACCGCGACGAACGACGTGATCTGAGCGCCTTGCGGAGCCAGTACAAACGCCTTGGCCGCGCGTGGTCGATGAAGGAGCACTTTACGGAGTTCTGGCGATATCGGCGTGAGTCCGCAGCGCGTCGTTTCTTTGCCGATTGGTACCGGTGGGCGACGCACTCTCAATTGCCCGAAATGATCAGCGTCGCGCGCACGCTCAAACGTCACTTTGCGAACATCATCACGTACATTCGCAAGCCGATCACCAATGCGGCAGCCGAGAGCCTCAACAGCAAGATCCAAATGATCAAATTCCGCGCGCGCGGCTATCGCAATGAGGGCCGATTTGCAGCGGCGATTCTATTCCACTGTGGTGGGCTCGACCTCTTGCCCGCCCACCCGAAGTCCTGAAGCGCCCGCCGAGCAGACCGAGGACTGGCAGACCGAGCGGCGGTATATGAACTCCGACTTACTCACGCCGCTG
NZ_AP025523.1_gap81	3204824	3207330	2506	GTCGGGTATCAGTTGACGGCGCGTCCCTCGCCGCGCTCGACGGTGCTGCTGGGCGGAAGCTTCAACCCCGGCCCCGGCAACGGCTTCGGCTTCACCAACCTTCAAGTCGCGACGCCGTTCGGGTACAAGAGCGACCTGCAGTTCGCCACCGACATCGACTGGAAAGCGCACGGGCGCCTGGAAAACAAGAACATCTACTACCGGCACATCGTCGGCGACTGCTACGAGATCCGGCTGTCGTACAACCAGAGCATCAAACAGGTCTTCGCGACCGTCACGCTGCTGGCGTTCCCGTCGGAGTCCGCGAACTTCGGGATCGGGCAGACGGCGTCGCTGAGCTCGATCATTCCGGGTAACTTCTCGTCGGCCGGCTTCACCGGCGGCCCGTAGACCCAACCGTTCGCGAGGTGGATCGATGAACACGTACACGCAGCCGTGCGAATACGCGGAATGCAACTGCACCGTCACCGGCGGGGTCGAAGGCGCCGCCTACTGCAGCGACGTCTGCGAACAGCGTGACTCCACGGACGAGCAGATGGAAGTGAGCTGCGAATGCGGCCACCCGCCCTGCGACGCCGAGTAGACTACGGGGTGTTGAAGACCTCGACGCCGGTGATTTGGGCGGAGGGGACGGACGGGATCGGGTTGCCGGCCGGGCGGACGTAGTTGAACGTGTTGATCGTCTGCGTCGTGTCGATCGACGGCGTCGTCCCCGAGCCGACGACGAACAGCGCGTCGGAGACGTTGGAACTGCGGTCGAGGGTGAACAGGTTGAACGTCCACGACGTGCTCGTCGTCGTGTAGACGAACGGGGGACAGCGGCGCAGGCCGTCACCGCCGGGCGCGGGCGTCGGCGTCGTCGACGGTGCTGGCGACGGTGCGACCGTCGGCGCGGGCGTCGCACCGACGACCGGCGGCGGCCGATCGAACAAACAGCGATCGAACCGGAACTCGAAGCCGTACAACGAGAGCGCGCTCTGGAACGTCGGGTTCACCACGACCTGCTGGCCGACGAGATACGGCCGCGTGATCTGCTGAACCGTCTGCCCCGCCTGCGCATTCTGATAGAACTGGAAGAGCGTCGGGGAGTTCGAGACGGTCGTTCCCCCGCCGCTGAACTGAAAACCGAACGTCCAGTCGGTGTAATTGGAGTTCGTCCCTTGCGCGAGCGGAGGACGATTGTTCCCGGTCGTGTTGAAGACGATGAGATAATTGTAGTTCGAGAAGTCAAGCGGGCCAGCCGTCTCGAACCGCACGATGGTCTGGCCGGAGGGCGCGATGCCGCCGCCGCCGGGCTGGTTCAGCCCCGTCACCTGATGACCGCACCCGGACACCGCCATCATCATCACCGCAACCACTACGGCTGCACCTAGCCGACGCACCCTGTTCACCTCCGCGACCGTTCGTTCGACGGCGCTGGGTTTGCTCTGCGCGTTCGCGTTGCATCTCGCCTTCCCGCAAACCGCTTGGTGGTGGATCGCGCCGTTCGCCTTCGCGGGGCTGATCGGTTCGTGGGCCGTGCTCAGCCCGCGGCGGGCTGCGCTCGCCGGATACGCGAGCGGCCTGGTCTTCTTCACGTTCGGCTTTTCGTGGTTCGGTGAAACCGCGGGGGCGCTGCTCGGACCGGCCGCTCCCGTGCTCGATCTCGGCCCCGCGCTGGCCGAAGCGCTCGCGTTCGCGTTCGCCGCGGCAGTCACGTCGATCGCCGCACGGCGCTGCGGCGCGTTCGCGTTCGCGATCGCCTCGGCCGCAGCGTTCGCGCTGGCGGAGGCGGCGCGTTCGAGCGGCGTGCTCGGCGTGCCGCTCGAGCAGATCGGCGTCGCGATGATCGATTCTCCGTTGCGCCCGCTCGCGGCATACGCCGGCGTCTACGGGATCACGTTCGCGACGGCGCTGCTCGGCGCGTCGCTGGGCTGGTGGCTGCTCGACGCGCGCGACGCGCGGCGCGCGCGCGCGGCGGCCGCGACGTGGATCGCGGTCGCGGCATGCACGGCGCTCGCATGGACGTTCTGGCCCGCCCGTCACGCTGCGCCGCCGTCGCGGCGCGTCGCGGCAGTGCAAGGCGGGATCGCGCAGACGCTCAAGATGACGCCCGGCGGCCTGCAGGTCGCGATCGAACGTTACACCGCGATGACGCGCGCGCTCGTGCCGCAGCATCCGACGCTGATCTTGTGGCCCGAGACCGTGATCCTCGCGCCGCTCGATTATCCGCGCGCCGACATCCGCGCGCTCGCGCAGCGTTTCGCGGCGCTCGCGCGCGAGACCGGGGCGACGCTCTACGCGGGCTCGCTCGCGCAGACGACCGACGGCGCGGAGAACACGCTCTACATCTTCGATCCGCGCAACCCGCGCGTGCTCGACGACGGCAGCGGCGCGACCGCACGATACGGCAAAGAGCAGCTCGTTCCGTTCGCCGAATACATCCCCGGTCCCGAATGGCTGCGGCGGCTCCCGTTCGCCGATCAGATCGGCGTCTACCGGCCCGCGCACAACGCGTTCCCGACGT
NZ_AP025523.1_gap82	3257628	3258210	582	AGGTTCCGGCATGAACGGGTTGCGCGCGTGTGCGCTCGCCGCGGCGAGCCTCTTCGTTGCCGGATGCGCGAGCAGCAGCGGCCCGAGCGGCGGGACTACACACGCCCACTGGCTGCGGCTCGCGACCGGCGGCGGTGACCCCAACAGCCTCAACATCCATCAGGATCCGTCGCTTACCGCCGGGATCATCGCAGAACTCTCGCAGGCGTACCTGGTGCGCTACGACCGCAACGGAAATCCGGTCCCGGAACTGGCGACCGAGATCCCGACGCAGCGCAATCACGGGATCAGCGCCGACGGGAAGACGATCGTGTGGCACCTGCGCCGCGGCGTGCGCTGGTCGGACGGCGCTCCGTTCAGCGCCGACGACGTCGTGTTCACCGTACGCGCGATCCTCAACCCGAAGAATAACGAAGAACAGGGCACCGTCGGCTGGGATCTGATCGCGCAGATCGACGAGCCTGACAAGAACACCGTCGTGTTTCACCTCAAGCGGCCGTACTCCGATTATCTCCCGCTCTACTTCGGGACGGCGGGGAACGAGCCGTGCATCCTGCCGCAGCACATCCTGGGGAAACTCGC
NZ_AP025523.1_gap83	3259640	3263114	3474	GATGCTCGCCGAGTTCGCGTTCTACGGCCTGCTCGCGCTGCGCAAGGACGCGGCGCGGCTCGCCGCGATCCGCGCCGAGCGGGCGTGGCAGCACTATCCGATGGGCGAACTCGACGGCTCGACGATCGCGATCGTCGGGATGGGCCAGATCGGCCGCGCGATCGCGCAGCGTGCGCGCGCGTTCGGGATGCGCGTGACGGCGGTGAACCGCAGCGGCGAGCCGGATCCGCTCGCCGAGCGTACCTTCCCGACGGCGCAGGTGCGCGAGGCGCTCGCCGGCGCCGACGCGGTCGTCGTCACCCTGCCGATCACCGAACGCACGCACCATCTCGTCGACGCCGCAGCACTCGCCGCGCTCGCGCCGGCAGCGATCGTCGTCAACGTCGGCCGCGGCGCGGTGATCGATCAAGCCGCGCTGATCGACGCGCTGCAGCGCGGCACGCTCGCGGGCGCCGTGCTCGACGTCTTCGATCCCGAACCGTTGCCGCCCGACAACCCGCTGTGGACGATGCCCAACGTCATCTTCAGCCCGCACACCGCCGCGCTCTCGCTGCACGAGAATGCGCGCATCGCCGATCTGCTCTGCGAGAACGCGCGCCGCGTCGCACGCGGCGACCGGCCGCGCAATCTCGTCAATCTGCGCGAGTTCTACTAGCGCCGCAGCGCGAGGTCGCGCGGTCCGGCGATGCGAAGGGCCGCGCATGCTGATCGCCGCCGTGCTCTCGGCTTGGGTGCAGTTCGCCGTTGACGGAGCGCCGCACGCTCGAGCGCTGGTCACGACCGCGTGCCCGGCGCTGCGCGCCGACGGCGCGCGGATCCCGATGCGCGTGCGCGCGCCGATCGATCTCGATCGTCACTGGGACGAGGCGGTCTGCGACGCGCCGGTGCCGCCGCACGCAAAGGCGTTGGCGGTGGAAAACACGCCGCTCCCCGCCATTCCGCGCACCGTCCGCACGGTCGTCGTCTTCGGCGACACCGGTTGCCGGATGAAGGGCGGCGAACAGCAGAACTGCGGCGACCTCGCCGGCTGGCCGTTCGCGCGCATCGCGCGTTCGATCGCGCGCGTGCATCCCGACGTCGCGATTCACGTCGGCGACTACTACTACCGCGAGAACAACTGCGCGCCCGGGATTCAAGGCTGCATCAACTACTGGGGCGACACGAGCATGTCGTGGGTCGCCGATTGGTTCGCCCCCGCGGCGCCGATCTTCGCGCGCGTCCCGCTGCTGCTGAGCCGGGGAAACCACGAAGACTGCAAGCGCGGCGGCGCGGGCTGGTACCGCTACCTCGAACCGAGTGCGGCGACGGCGTGCGCCGACCCGATCCCCGTCGACGAAGGGACGATGCCGTATGCAGTCGCGCTCGATCGCTTGCGTGTCGTGATGCTCGACTCCGCGTCGGACGCGAGCGACACGCCGGCCGATCCGGCGCGTACCGCGTACTATCAGCGCTCGCTGGACGCGGCGGCCGCGCTGGGCGGCGGCGGCGGCGGCGATGCATGGATCGTCACCCATCGTCCGCCATATGCGAACGCGAACATGTCCGCGGTGCTGAAGGCGAAGCCTGCGGAGTTCGCGCCGTTCACGCTCGTCCTCGCCGGACACGTGCACGACTTCGCGACCGCGAATCTGACGGGCTTCCCGCCGCTGATCGTCAACGGCGAAGGCGGCGACGAACTCGACGAAGCCGACGCGGTCGGCGGGTTCATCAACGGCAACGGCCATGCGTTCGCCTCGCCCGCGCCGTTCGCAACGAAGCAGTTCGGGTTCGCCGTGTACACGCGGAGCGCGCAGGGGTGGTCGATCTCGCTGCGCGATGCGGACGGGATCGAGCGTCGCGCGTGCGCGTTCGCGCACGGCGCGGTGGGCTGCTGATGCGGCCGCTGCTGTCGCACGTCGACCTGCGCGTGCGCGACCGCGCGGCGGCGGCGGAATTCTACGACGCGTTTCTCAACCTGCTGGGCGCGGTCAAGTCGGTCGGCGAAGAGTTCACCTCGTACAGCATCCCCGACACCGAGACCGGTGCGGACGATCCGGATGCCGATTGGTTCGGCTTCTGCGAAGATCCGGCGATGACGCCGGGTTCCGGGCGCGTCTGCTTTCGCGCGCCGACGCGCGGCACGATCGACGCGATCGCGACGATTCTGCCGGCGATCGGCGCGCGCAACATCGAGATGCCGCACGAGGCGTACGGCGCAGGATACTATGCGTGCTTCTTCGAGGATCCCGACGGGAACAAGCTCGAGCTCGTCGTGATCGGCTGACTCAGCGGCGCGAGCGCAGGCGGTCGATCCAGGTCGCCCACATCGCGAGCGCGACGAAACCGAACATCGCGGCGATCCCGTAGGCGTTTGCGCCGTAGTGGAGCGGGACCGCGCCGACCAGCACGATCGCGGCGAGCAGCGTGAGCAGGCGCGAGCGCCGGGTGAAGCGTCCCGCGCTGCGCGGGCTCGACATCAGCAGAAAAAACCCGAAGTAGACGAGGCCGGCGATCTCGTACGGAATCCCGCTCTCGAGCAAACGATCCACGAGACCTGAGTACCGCCCACCATCACGCTGAGCCTTTCGTCACGCTGAGCCTGTCGAAGCGCAGCCGCTGACGACCTCAGCGTGACCAGGCGTAGGCGTTCCAGGTTGGGTTGAAGGCGTTGGGGGAAAAGTTGCGGAGCGTCGTGCGGTACGCGTATGAGTACGACGGGTTGAAAAGGTAGACGATCGGGACGGCGTCGGCGACGCGCCGTTCGATCTGTGCGTAGAGCAGCTTGCGCTCGGCACGATCCGGCGCGACGAGCGCCCGCGCTTCGAGCGCATCGACCGCGGGATCGCACCAGCGCATCACGTTGCCGCTCCCCGCGCACGTGAGCAGGAAGGAGTCGTCCGGGTCGGCCCCCATCGGCCACGGGACGTAGGCCAAATCGAACGCGCCGGTCGCGAGCGTCCCGCCCTGGGACTTGGGCAGAAACAACTGCGCGTTCGAGAGCGATTTGATCGTCACGTTCATCCCGCGCGCTTTGAGTTCGCTCTGCACGAGCGTTGCGACCCGCACGCCGGTCTGCGATTCGGGAAACTGCACGTAGGTGAGCGCGAGCGCCACGCCGCGCTTCGCGCGCATCCCGTCGGCGCCGCGCCTCCAGCCTGCGGCGTCGAGGAGCCGGTCCGCGGCCGCGGGGTCGAACGCCGGCTCGTGCACCGACGGATCGCGCGCCCACGAGCCCAGCGGCTGCGCGGTGTCGACGACGGGATAGCGCCCGAACGTGATCTTCCGCGAGATCGCGCCGCGGTCGATGGCAGCGGCGATCGCGCGGCGCACGCGCGCGTCGTCGAGCGGCGCATGCGCGGTGTTGATCGCGATCCCGGCGATCAAGGTCAGCGGGACAGTCCGGAACGCGATCCCGCCCGGCGCGCCGAGCGTCTCGCGCTGGGCCGGCGAGAACAGGTTCCAGTCGAGTTCGCCGCTGCGCATGAGGGTGAAGTT
NZ_AP025523.1_gap84	3272414	3276862	4448	TCGCTCAGCGCGACGTCGATCCGCCGCTCGCGCAAACTGACGCGAATGCGATCGCCGTCGCGGACGGCGGCGAGCGGCCCGCCGACCCCGCTCTCCGGTGAGATGTGCAGCACCACGGCGCCGTACGCCGTCCCGCTCATCCGCGCATCGCTGATCCGCAGCATGTCGCGCACGCCGCGCGACAGCAATTTCTTCGGAATCGGCAAGTAGCCGGCTTCCGGCATCCCTGCCGCGATCGCGCCCGCGTTCTGCAGCACCAGCACGTCGTCGGGCTCGACGTCGAGCGCCGGATCGTCGATGCGCGCAGCGAGATCGGCGAGATCGCGGAACACGACTGCGCGCCCTTCGTGCTCCAGCAGCCGCGCGTCGGCGGCCGCCGCCTTGAGGATCGCGCCGTTCGGTGCCAGGTTGCCGAAGAGCGCGACGAGCGCATCGCGCGCGACGATCGGATCGTCCGCCGGCCGGATCACGTCGCGATCGACGTACGCCGGCACCCGCGCGAGCCGCGTCGCCAGCGTCTCCCCCGCCGCCGACACGGTCTGGCGATGCAGCAGCGGCGCAAGCTCGCGGAGCAGCGCGCCGACGCCGCCGGCGGCATGGAACTGCTCCATGTAGTGCGCGCCGACCGGTTTCAGGTTCACCAGCACCGGCGTCGCGGCGGCGATCGCGTTGAAGTGCTCGAGCGTCAGCGGGACGCCGGCGCGACCGGCGATCGCGGTGAGGTGGATCGCGCCGTTCGTCGAGCCGCCGAGCGCGAAGAGGACGCGCAGCGCGTTGTCGACGCTCTCGCGCGTGACGATCCGCTCGGGCGTCAAGCCGTCGCGCGCCATCTCAACGGCGCGCGCGCCGCTCGCCTCCGCGAATCGCAGCCGCTCCGCGTGCACTGCGGGCGGCGTCGCCGAACCGGGGAGACTCATCCCGAGCGCTTCGGTGACGCACGCCATCGTGCTCGCGGTTCCCATCACCGCGCACGTCCCCGCCGTCGTCGCGAGGTTCGATTCGAGAGCGCGGATCCGCGCGTCGTCGAGCTCGCCGGCGCGATAGCGCGCCCACCACGACCGGCAGTCGGTGCACGCGCCCAAGCGATTCCCCTCGAAGCTCCCGGTCATCATCGGACCGACGACGAGCGCGAGCGCGGGCTTCCCGGCCGAGATCGCTCCCATCAGCTGCGCGGGCAGCGTCTTGTCGCAGCCGCCGATCAGCACGACGGCGTCCATCGGCTGCGCGCGAATCATCTCCTCGACGTCCATCGCCATGAGATTGCGAAAGACGAGGCTGGTCGGCGTGAGATACGGTTCGCCCAGCGAGATCGTTGGGAACTCCATCGGTAGGCCGCCGGCCGCGAGCACGCCGCGCGAAACGGCCTTCACCAATTCCGGCGTGGTGCGATGGCAGTTGTTGAAGTCGCCGCCCGACGTCGCGATCCCGACGATCGGCTTTGCCAGCATCTCGTCGGAGTAGCCCATCGACTTGGCGAACACACGCCGTAGGTAGAGCGAGAACTCGCGATCGCCGTAGTTGGTGAGCCCCTGCGACAATCCGGTTTCCGGCATGACGCGGCCTTCGGCGAGGCCTGCCGCGACCCCGGCACATTTGCTGGAGACCATCGTGGTGCGGCCGGCGAGTCGCGAAACTGCGGCTCGGTCCGCTCCGCCGAAGGCCAAGGGGAACGCCGCAAGCGGCGAAAAGACGAAAACCGACCGCGAGCGTTGCTCGCGTCGACTGAGGGAGGTTTCGGGTGACATATTTCGTCGTTTTGCAACGCTGGTCCGTCGCAGCGATCGCAGGTTCCGCGGCACTCGTGATCGCCGCAGCCACGGGAGCGCAGCCGGGAAGTTACTACACCAAAGCGCAAGCCGCCGCGGGCGCCGTCGTCTACAGCGGGCAGTGTCAGCAATGTCACGGCGTCAACTTGCAGGGCAATTCAGGTCCGGGGCTGATCGGCGACGCGTTTCACGCCTACGTCGGCCCGAACGGGACGGCGAAATCACTCTATAACTTCATCGCCGAGCAGATGCCGGCGGACAAGCCGGCGTCGCTCACGCAGCAGCAGTACCTCGACGTCACGGCGTACCTGCTCGCGCGCAACGGATACCCGGCCGGATCGCACGCGCTCTCGCCGTCGACGCTCGGCGGCCTAAAACTCGGCGCCGTGCACGCGACGGCGAAGACTGAGATCGCCGGAACCGGCGGTGCGCAGCACGACGAGATCGTGCGCACGGCGCCGCCGACGAACGTCGTGTACGCAAAGCTGCCCGGCAACGCCGACGTCAACGTTACCGACGCGATGCTCGCCGGCGCGAACGCCGACACCGCGAACTGGCTGCTCACCGGGCGGACGTACGACAACCAGCGCTACTCACCGCTCTCGCAGATCAGCACCGAGACGATCGGCTCGCTGACCGTCGCTGGCCTCGCGCAGACCGGGATGACGGCGAGTTTCGAATCGACGCCGATCGTGGTGAACGGCGTCATGTACCTCACCACGCCGACGGTCGAGAACAAGATGAAGATCATGGCGCTCGACGCGACCAACGGCGAGCGTCTGTGGGAGACGACGTACACTCTCGGTCCGTTCCAGATCTGCTGCGGTCCGGTGAACCGCGGGCCAGCCGTCGGCTACGGCATGGTCTACGCGCTCACGCTCGACGACAAACTGCTCGCGCTCGACGCCGCCACCGGCAAGCAGCGCTGGTCGGCGACCGTCGCCGATCCGAAGGTCGGCTACACGGAGACCATGACGCCGCAGGTCTACGACGGGATGGTCGTGATCGGCAGCGCGGGCGGCGAGTGGCCGATCCGCGGTTTCGTCGCCGCCTATGACGCGCATAGCGGCAAGCAGAAATGGCGCTGGGATTCAACCGATCCGAAGACCTACGGCGGCGATTCGTGGAAGCGCGGCGGCGCGATGGTGTGGACGACGCCCGCGATCGATCCGCAACTCGGACTCGTCATCTTCTGCACCGGCAATCCCAACCCCGATCTCAACGGATCGTATCGCAAAGGCGACAATCGCTGGAGCGACTCGATCGTCGCGCTCGACGTACGCACCGGCAAGCTGAAATGGGGCTACCAGCAGATCAAGCACGACGTGTGGGATTACGACGCGGTCAGCCCGGTCGTGCTCTTCGACGTGCATCAGAACGGCCAGACGATCCCGGCCGCGGGTGAAGCGGGGAAGGTCGGCTGGTTCTACATCCTCGACCGCCGCAACGGGAAACTGATCCGCAAATCCGATCCGTACGTGCTGATGTCGAAGAACATGTTCAGCCAGCCCACAAAGACGGGCGTCGACATGCTGCCGGGCGCGAACGGCGGCGCGGAATGGTCGCCGCCGGCGTACTCGCCGCAGACCCATTACGCCTACGTCCTCGGCATGGATCAATTGATGACGTTCAAGACCGAGCCCGACGAGTATCAGCCCGGACGCATCCGTCTCGGCAGCGCGTTCATCAACGTCAAGAAGGGCGCGATCCAGGACGGGCGTTTCGTCGCGATCGACACCGAGACGGGGAAGATCGCGTGGACGTACATGACGCCCCAGCCGCTGATGGGCGGCGCGCTCGCGACCGGCGGCAACCTGGTCTTCTTCGGTGAGGGGAACGGCTGGTTCGACGCGCTCGACGCGACCAGCGGGAAGCGCGTGTGGCGCTACAACCTCGGCGCGGGCGTGAACGCGCCGCCGATCACCTACACGGTAAACGGCCAGCAGTACATCGCGGTCGCCGCCGGCGGGAACTTCCAACTCTCGTTCCCCTACGGCGACACCGTCGCGATTTTCAAACTGAACACCGCACCCCCGTCACGCTGAGCCTGTCGAAGCGCCACCCGGATCGCCACGAAGGGACCGAACCCTGCGTGCGAGCTCCGGGCGGCGCTTCGACGGGCTCAGCGCGACGTAGGGACGCGACGTAGCGAGCGCCCGCATTCTTCCTAGCAGGCCGGGTTCGCATCACATCGAGGAGAGGCGGGACAAAACGAGCACGGCGTGCGTTCGCACAGCGTGAAGCCGAGCGTTATGCCAATCACCCGTACGATGACGGTCCTGCTGTTCTGCGCCGCGACGATCGCCGCATCGGCTGCGCCGAACGCGCCGCCGGCGAAGACCGCCGCCGACGCGAAGACGGCCGCCGCCTCGAAGACTGCGCCCGCCACCCCCGCGAAGCCGGGGACGCTCTCCAAGTGGCAGCAGTTGCAGCAAGAGAAGTACCACAACTCGGCGCCGGCCGACGAGTACTTCGGCAAGATGAAGATGAGCTATCTCGGCATCAACAACACCTATCGGGATGCCGCGATCGCCTCGGGCGACCACACGACGAATGCCGGGGTCGTCAGCAAGGTCGCCTTCGCCGACGACGCGCTCGCCGCGTGGTCGAAGAAGTATCCGAAAGACCCGCAGCTCGCGCGCACGTACTTCCTCGCGATCGAAAGCGACAAGCGCATCTGGC
NZ_AP025523.1_gap85	3359650	3360676	1026	CCGAGCTTCGGCCCGAGACCGCGCGCCGCGTCGACGGCGCGACGGCGACGGGGCCGATCCGTCTTTCCGCGTCGGTCGTTCCGGTGCGCGAAGGGCGCGACGGACGCCGCCTGCAGCAGCGTCTTCACGACGCCGCGCCGCTCGACGAGCCCGCGCTTCCGCGCACGCCCTCCCTCGTCGTCGGCGACGCTCGCGGCGAAAACGCGGGCGCGTTCGCCGTCGATATCCGCACCTGCGAACTCGCGCTCGTCCTGCGCGCGCCGGCGACGCGCGCGCAGCTCGCCGCAGCGTTTCCCGAGGACGACCTGGATGCGCGCCTGTGGTCGCTCTCGATGATGGGCGCGATCGTCGAGCCTCAGCCGGGCGACGACATCCCAAGGCGAAGCAGCATCGTCTCGTCGGCGACGGGGGCTTCGCTCGGCGGCACGTAGAGCGTCGCGATCGCCGAGACGCGCGCCGAGGCGAGCGAAGCAAGCGGCATGCGTTCGATCGCCGGATCGCAGAGCGCGTTCGACGCCGCTTGGTAGACGACGGCTTCGTGCGTGCCGCCGTAGTGCGCGGCGAGCACCTCGGCCAGCACGGCCAGACCCGCACGGTTCCACGCGCCGGCCTCGCGCTTGATGCTGCGCTCGCCGATCACGCCGATCTGCCACAGCACCAGCGCGCTGCGCACGTCGATCCCGCGCCGATAGACGAGAAAATCCGTCGCCTCGTAACTCTGCAGTCCCGCGGCGTCCGAATCGCGGGCGAGGAGAAGCAGATATTCAGCGATCAGTGCCAACGCAGTCGACGTCCTTTCCGGTGATGCAGACGGCGGCTAGCTTCCCTGTGCCGCCTGGGCTGCCTCCTGATCGTCGAACAGCGCCCCGCGCGCGAGCGCATTCTGCAGATCCGCGGGGCTCAGCCGCTGCGCGAGCGCGGCGCGGGTGCGCGCCTGCAGACCCGAGATCAGCAGCGCCGAGCGGAACGCCGAGTGCGGCGCCCGCGCCTCGACGAGACCGAGCAGCGTTGCGGCGCGTACGTCGT
NZ_AP025523.1_gap86	3394080	3395786	1706	GCGACCGGACGCGTCGCGATCCGCCGCACCTTGGCAAGCGCGACGGGCGTCTGCAGTTCGAGTTCCGTCTGCGGGAGGTCGCGCGTCGCCTCGTACGCGAGGAGTTGACCCAACTCTTCGACCAGCCGCCGGAATACCGGTGTCGGCGTCGACGCGTCACGCAGACGCGCCAGCCGATCCTGGACGGCGGGATGATCGACGATCAGCGGCTCGGGCACGCTTCCGTTCTTGTGCCGCGATGACGGGCGCCCTGCCGCGGACGCGGGTCAGCCGGGGCGCCACTGCGGGTTGATCCGCGAGACCAGGATCGCGTCGTTCCAGCGGCCGTTCATGTAGAGGTAGTCGCGCGCGTAGCCTTCGACGGCGAAGCCGAGCTTGCGCAGCACGCGGCCGCTGCGCTCGTTGAGCGGATGATAGCTGGTCTCGACACGGTGCAGTTTGAGGACGTCGAAGGCGTAGCCGACCACCGCGCCCGCCGCTTCGGTCGCGTACCCGTTCCCGCCGTGCGCTTCATCCGCCGAATATCCGATTATCGCGGCGTGGATCACGCCGCGGCGGATGTTCCACAGGTTCACCAGCGCGATGAGCGCGTCGCCGTCGCGGGCGAATGCGGCGAAGCGCACGTACTCGCCGTTGCGCGCCGCGCTCTCCGCGCGCTCGCATTCGCGCAGGTGATACGCGAGCGCGTAGAACTCGGGCGGACGTTCGGGCTCCCAACGCTCGAGGTGCGCGCGATTGCGCAGATAGTAGTCGAGGATCGCCGGCGCGTGCCGCACCGAGTATGGCTTGAGGCGCAGGCGATCCGTCGTCACCGGAGCGCTACGGGACGTCGTGGCGTTCGGTCAACTCCGCGACGCGCGCGCGCAGCGCGTCCTTCTTCGCGCCGGTCTCGATGTCGGTGAGCGCTTCGCCGATGATCTTGCCGACTTCGCGCGCCTCCGCTTCACCGAAGCCCCGCGAGGTGATCGCGGGTGACCCGATGCGGATCCCGCTCGTGACTGCGGGCTTTTGCGGATCGAACGGGATCGCGTTCTTGTTGACGGTGATGCGGATCTCGTCGAGGTAGTGCTCGACGGCTTTGCCGGTGAGGTTCTTCGGCGTGAGATCGACGAGCAGCAAATGCGTATCGGTTCCGCCGCCGACGAGCCGCACGCCGGCGCGCAGGAGTTCCTCGCCCATCGCGCGCGCGTTGTCGAGCACCTGCTGCTGGTAGGTGCGGAACGACGGCTGGAGCGCTTCGCCGAACGCGACCGCCTTCGCCGCGATGATGTGCATGAACGGTCCGCCCTGAATTCCGGGAAAGACGCTCTTGTCGACGGCCTGCGCGTACTCCGCAGTGCTGAGGATGATCCCGCCGCGCGGCCCGCGCAGCGTCTTGTGCGTCGTCGAGGTGACGAACTGCGCGAACGGGACCGGCGACGGATGGAGACCGGCGGCGACCAGGCCCGCGATATGGGCCATGTCGACCAGAAACAGCGCGCCGATCTCGTCGGCGATCTCGCGGAACGGCGCGTAGTCCATCGTGCGCGGATACGCGCTCGCGCCGGCGATGATCAGCTTCGGCTTGTGCTCGCGCGCGAGCTCGCGCACCTGATCGTAATCGATCAGCTCGGTGTCCTTGCGCACGCCGTAGGCGAGCGCGTTGTAGAGCTTGCCGCTGGACGAGACCTTCGTGCCGTGCGTGAGGTGGCCGCCGTGCGCGAGCG
NZ_AP025523.1_gap87	3455278	3458954	3676	TTTCCATTCGAAGTATTCGGTCATGTCGAAGTAGGCTCGGCTTAACCATTCGTCGTTTTGCTCGGAGAGTAACGCGCCGACCATGCGAATCGCTGCGGCGTCGTTTGGGAAAATGCGAATGACTTTCTCCCGGCGACGAATCTCTTCATTGAGCCGCTCTTGCATGTTGCTCGTGCGCAGTCGCCGACGATATTTCTCCGGCAGCGGCAAGATCGCAAACATGTCTTCGAACGCTCCTTCCAAGCACACGCACGACTTCGGCGCTGTTTCTGCGAAGCGGGCCATGAATTCCGCATATCGACGCTCAGCCTCTTTGCGATCAGTTGCGAGAAAGATCAGCCGAGCTGCAGCGGTTACGTTTTCGCGTTCTTTCTTGGGCGCGTGATCGAGCAAGTTCTTCATCACGTGGAACTGGCAGCGCTGCCATGTCGCGCCGACGAATTGCTTGGCGATCGCCTCGCGTAAGCCCGAGTGATTGTCGGAGACGGCAACGTCGACGCCGTGCAAGCCGCGTGCTTTGAGGCCGCGAAAGAACTCGTTCCACGTCGCAAAGCTCTCCGAATCGCCGATCGAAAGACCAAGGATTTCTCGGTATCCGTCAGCGCGAATGCCGCTCGCGATGAGGAGCGCTTTGCTGACGACGCTCTTGTCGGTGCGCACCTTCGTAAAGAGCGCGTCAACGATGATGAACGGGTACGCCGCATCAAGCCGACGATTCAAGAATCCCGCGACCGGCTCGTCAAGGGCCTTCGCGAGGCGACTGACCGTCGACTTCGAAAACGACGTCCCACACAGACCTTCGGTTATCCGCGTGACCTTCCGCGTCGAGACGCCGTTGACGACCATCTCCATCAGGCCCACGACAAAGGCTTGTTCGCTGCGGCGATAACGCTCAAAGATGTCGGTTGAGAAGCTGCCGTCGCGCGTTTGCGGCACGCGCAGGACCAGCGATCCGACGCGGGTCGAGAGCTGTCGATCGCGATACCCATTTCGATAGCCCTCCCGTTCTTGACAGCGTTCGTACCGCTCGGCGCCCAGATGATCGCGCATCTGCGCCTCGAGCACTTGGTTCAAAATCGTTTCGACGAGCTTCCCGAGCGCCGCAGGTTGATCGAGCAACGCTGGAATCGCGTCGCGGGATAGGGTAAGATCGTAATCGGCCACCGTTCCGGTCCTTTCGATTGAAGTGTTGTCAACGTCAATCTTCGAACCGGAGCGGTGGCTACCCGCCCGCTGAATTTACATCAATTATAGGGACTCTGCCGATCGTGATCGAAGTGCCGCTGCTCTCGATTAGCGAGCATGGATGAATCAGTGTGATCCGGGGAGGCAGCATGGACGATCTTGGCATCGATGTCGGCAAAGCGACGCTGTATGCGAGTTGCTTCAGGGTGAGCGGTCTACTCTTAAGACCGTGCCGAACAACATCAAGGGCTTCGATCAGCTATCGAAGTGGCTGATGAATTGTAAGGCCGTTGATGTGCACGCCCGCATGGAAGCAACGGGAACCTATGGTGTAGAAGTCAGGATTTGATCTGACGGTTGTCGAATACCGGTGGTGAATCCTCCTGAGGAGCCATCCATGAACAGCGACCGAAAAGTCATCAAGGCGAAAGTGGGCCTACTCCAGCTCGGCAAGCAGCTCGGAAATGTGACTGAAGCCTGCCGCGTGATGGGTTACAGCCGTGATAGCTTCTACCGTTTCAAAGAGCTCTACGAGACGGGCGGCGATCTAGCCTTGGCCGAGATCACCAAGCGAAAGCCGAACCTCAAGAACCGCATTGCTCCCGAAGTCGAGGATGCGATTGTCGATCTTGCGATCGAGTTCCCTGCGTACGGTCAAGTGCGCGCAGCGAACGAGCTCGCCAAGCGTGGGATGCGTATGTCGCCGGCGGGACTTCGCGGGGTGTGGCTGCGACACGATCTTGAGACGATGAAGAAACGGCTCAAAGCGCTGGAAGCAAAGAGCGCCCAAGATGGGCTCGTCCTGACTGAGGCGCAAGTCGTCGCGCTGGAGCGTGCCAAGCTCGAGAAAGAAGCGCACGGCGAGTTCGAGAGTGAGTGCCCCGGCTACTGCGGCGCGCAGGACACCTTCTTCGTTGGGACGATGAAGGGCGTCGGCCGCATCTACCAGCAGACCTTCATCGACACCTATGCGAAGGTGGGCGTCGCGAAGCTCTATTTGGACAAGACACCAATCACTGCGGCCGACCTGCTCAACGATCGCGTGTTACCGCTATACGAAGAGTACGGGATTACGTTGCAACGGATCCTGACCGACCGCGGCACGGAGTTTTGCGGGCGTGAGGGACATCCGTACGAGCTCTACCTGGCGATCGAAGACATCGACCACACCCGAACGAAGGCACGCCATCCGCAGACCAACGGCATCGTCGAGCGTTTTCACAAAACGATGCTTGATGAGTTTTATCGGATCGCGTTTCGCAAGACGATCTACACGTCGCTCGAGCAACTGCAGCGGGACCTCGATGCGTGGACCGAGGAGTACAACACGCAGCGTCCGCATCAAGGACGCTGGTGCTACGGCAAGACGCCGATGCAGACATTCGTCGACAGTGTCTCCCTTGCGAAAGAGAAACAGATCGCTTAGACTGAAACCCAACCTATCTGACACTACCGCAAGATCGTACGACTGTCAGATCACATAGTAGCTACTACAGGTCGTGGAACGTGCGATCGATCGCAGCGAAATCTTTTGCGCGGACGAGATGTTCTTGAGCGGCAGCGCGGCGGGCGTGCAATGGATCGAATCCGTCGATCATCGGAGCATCGGCAATGGCACGCAAGGCCCGGTCGCGAAAGCCCTGATCGATCTCTACGGCAAAGTCACCCGCGCCGAGCTGCCCAAGTATTCCGACTGGCTGCTCAAGACGTACGCCTCCCGAACGGTGCGTGCATGAGCGACCGTTCGGCTACCCTTTCGTCTACCGTTTCGGGAAAACAGGTATCGTGGACCTGATAAAGCGTACAGAACCCATTACCTAGGCGGTGGGGTCCGCCTCACGAGATCGTGGAACCGCCGCTCGTCGGCCAATGACTCCTGTGCCGCTGCATGTGTGCTTAGGAGCTCCCGCGATGACAGCTACCCTTCCGGCGCCGCTCGTCCAAATTTTTCAAGTCGCAGCGGCGCTTTTTCTCTCGCCGCTTCTGACCGGAGTCATCGCGCGTTGGGAAGCATTGGTCGCCGGTAAGCGCGGGCCCTCGGTTCTCCAAACGTACCGCGACATCGTCAAATTCTTGCGCAAGGCCTCGATTCGGCCCGATGTTGCGTCGCCAGTTTTTCGCTATGCGCCGTACGTGGTCTGCGGGAGTTACGCGACGATCGCGACGCTCATCCCCGTGCTTACAACTTATCCGCTCCCGGGCGCTACCTACGGTGATATTCTCGCTGGCGCGTTTCTCTTTGCCCTAGGATCATTCGCAACGTCCCTTGCCGCTCTCGATTCGGGATCGCAATATGCGAATATCGGTGCGAGCCGGGCAACGATGGTCGGGATATTCGTCGAACCGACACTCATTTTCGTCTTTTTTTCCGTCGCATTCATTAGCGGAACGGACTTGCCGTACGCGATGAATGCGCAATTGCGCGATTCATTGGCAAACGTTTTGAGACCGGCGCATGTTCTGGCGACTGCAGCATTCTTTCTCATGCTGC
NZ_AP025523.1_gap88	3467396	3471486	4090	GTCGGCGACTGCGCACGAGCAACATGCAAGAGCGGCTCAATGAAGAGATTCGTCGCCGGGAGAAAGTCATTCGCATTTTCCCAAACGACGCCGCAGCGATTCGCATGGTCGGCGCGTTACTCTCCGAGCAAAACGACGAATGGTTAAGCCGAGCCTACTTCGACATGACCGAATACTTCGAATGGAAAGCAACGACGGTGGCCAAGCCGGCCGCCGTAAAACGAGACAGACGAGCAGCCTAACTTACGCGATCGACGAACCGGAATTACAGCAGATTTGGGACTTGACTGACCTATTCTGTAGAAGTCAGGATTTGATCTGACGGTTATCGAATACCGGTGGTGAATCCTCCTGAGGAGCCATCCATGAACAGCGACCGAAAAGTCATCAAGGCGAAAGTGGGCCTACTCCAGCTCGGCAAGCAGCTCGGAAATGTGACTGAAGCCTGCCGCGTGATGGGTTACAGCCGTGATAGCTTCTACCGTTTCAAAGAGCTCTACGAGACGGGCGGCGATCTGGCCTTGGCCGAGATCACCAAGCGAAAGCCGAACCTCAAGAACCGCATTGCTCCCGAAGTCGAGGATGCGATTGTCGATCTTGCGATCGAGTTCCCTGCGTACGGTCAAGTGCGCGCAGCGAACGAGCTCGCCAAGCGTGGGATGCGTATGTCGCCGGCGGGACTTCGCGGGGTGTGGCTGCGACACGATCTTGAGACGATGAAGAAACGGCTCAAAGCGCTGGAAGCAAAGAGCGCCCAAGATGGGCTCGTCCTGACTGAGGCGCAAGTCGTCGCGCTGGAGCGTGCCAAGCTCGAGAAAGAAGCGCACGGCGAGTTCGAGAGTGAGTGCCCCGGCTACTGCGGCGCGCAGGACACCTTCTTCGTTGGGACGATGAAGGGCGTCGGCCGCATCTACCAGCAGACCTTCATCGACACCTATGCGAAGGTGGGCGTCGCGAAGCTCTATTTGGACAAGACACCAATCACTGCGGCCGACCTGCTCAACGATCGCGTGTTACCGCTATACGAAGAGTACGGGATTACGTTGCAACGGATCCTGACCGACCGCGGCACGGAGTTTTGCGGGCGTGAGGGACATCCGTACGAGCTCTACCTGGCGATCGAAGACATCGACCACACCCGAACGAAGGCACGCCATCCGCAGACCAACGGCATCGTCGAGCGTTTTCACAAAACGATGCTTGATGAGTTTTATCGGATCGCGTTTCGCAAGACGATCTACACGTCGCTCGAGCAACTGCAGCGGGACCTCGATGCGTGGACCGAGGAGTACAACACGCAGCGTCCGCATCAAGGACGCTGGTGCTACGGCAAGACGCCGATGCAGACATTCGTCGACAGTGTCTCCCTTGCGAAAGAGAAACAGATCGCTTAGACTGAAACCCAACCTATCTGACACTACCGCAAGATCGTACGACTGTCAGATCACATAGTAGCTAGTACATCTGATTCGAACGTCGAATCGCAACGGAGAGGTGCAGTTTTCGATCGGACTGCCCACTGGAGAATCGAGGAATCGCATGAAGATCGAGCACAACGGAATGCTCGTACGTATCTACTTTTCGGAGAGCGCCCACCACGAGCACTCCGATACCTTGGGCCTCATTATTGCCGCACTTTCAAAAGCTGGTTTCGTTGGGGCATCGGTTTTTAAGGGCATCGAGGGCTACGGCTCCCATCGTTATATCTCTAGCGCAAGCATCATTGATGCCTACGTCGATCTGCCGATTTTGATCGAAGTCGTTGACGACGAAGAAAAGGTTCGTTCGTTCATTCCCACCCTCGAAACGATCCTCGAGGATGGTTTGGTCACCCTCGAGCGCGTGCAAACGCTCTTCTATCGCGGAACTCCGGTCTGCGGGTAAAGCTCCCAGGCTTCTGCGGCGCGAAGTCCATGTAAAAGGATTATGGGCTCGCGCTTAAAAAGGATTATGGGCTCGCGCTTAAAAAAAGAAATCTATGGCGATGGAGTTCGCCAAAACCGCCTGTCCTGGGCAGTCAAGTCCCAAATCTGCTGTAATTCCGGTTCGTCGATCGCGTAAGTTAGGCTGCTCGTGATCGTGTCCCCAGCCGTGGTGTACGAGCGGTGGCTCGGCGAGGGTAGCGCTCAGCCGTTAATCACGGCGGAGAGCTTGGCGGGCTGATTATCGCTGACGGCACTGAGTCCTTCGAGTTGCATGTAGCGCCGCTGCAGTTGCCATTCGTCGTTCTGTTCCAGTAGGAGCGCACCGACGAGGCGTACGATGGCAGCATCGTTCGGGAAGATACCGACGACATCGGTGCGCCGCTTGATCTCCGCGTTGACCCGTTCGAGCGGATTGGTTGAGGCGATCTGCTTGCGGTGCGCCTTGGGAAAGTCCATGTACGCGAGCACGTCGTTCTCGGCGTCGTCCATCATCGCCGCGAGCTTCGGGAACTTCTGCCGAAGCTGCTCGGAGACGATACGCCATTGCTCGTGCGCAGCTTCCGCTGTCTCTTGCGCGAATACCGTGTTGATCAACGCGAGGACCATCTGCCGTTGCCCTTTACCCGCATGTGCGAGCGCGTTTCGCATAAAATGCACGCGGCAGCGCTGCCACGTTGCTTTGAATACTTTCGCGATGGCCGCTTTCAGGCCGACATGCGAGTCGGAAATGACGAGCTTGACACCGCGCAATCCGCGGCGGCTCAAGCTGCGAAGAAAGTCGATCCAGAACGGCTCTGCTTCGCTCGGACCAACCGCGAGGCCCAACAATTCCCGTGTCCCATCGGTGTTTACGCCGACGGCCAGTATCACGGCGACCGAGACGATGCGTCCGCCGGAGCGCGTCTTCACGTACGTCGCGTCGATCCAAAGATAGGGCCAGTCGCCTTCGATCGGCCGGGTAAGAAATGCGTTCACGCGTTCGTCGATCTCTTCGCACAGCCGTGAGACCTGACTCTTGGAGATGCCTGTCATCCCCATCGCCTTGACGAGCTCGTCGACCGAGCGCGTGGAGATGCCCTGGATGTAGGCCTCTTGGATGACGGCGGTGAGCGCCTTCTCCGCCGTGCGGCGCGGCTCGAGGAACGCGGGGAAGTAGCTACCTTTGCGCAACTTGGGGATGCGCAGTCCGATCGTGCCGGAACGCGTCTCCCATTGGCGCTCGCGGAAGCCGTTGCGGGCGTTCTGTCGGCCGGGGCCGCGCTCGCCGTAGGGCAAGCCGCAGAGTTCCTCAACATCGATCTCCATGATCCGCTGCGCGGCGTACTGGAGCATCTCGCGAACGAAGTCGACGTCGCCGCCCTTTTCGACGAGCTCGGAAAGTGCGATACTGGGTTTGGCCATCGTGGATCCCTTTCGGTCGGTTATTTGTTGCAAAAACAACCTTCGCCGAAAGCCACGATGGCCGCTCTCTATGCTACAAGGGCGACCCTCTCATACACCACGGGCCGGGACACGATCCTGCTCCGTCTGTCTCGTTTTACGGCGGCCGGCTTGGCCACCGTCGTTGCTTTCCATTCGAAGTATTCGGTCATGTCGAAGTAGGCTCGGCTTAAACATTCGTCGTTTTGCTCGGAGAGTAACGCGCCGACCATGCGAATCGCTGCGGCGTCGTTTGGGAAAATGCGAATGACTTTCTCCCGGCGACGAATCTCTTCATTGAGCCGCTCTTGCATGTTGCTCGTGCGCAGTCGCCGACGATATTTCTCCGGCAGCGGCAAGATCGCAAGCATGTCTTCGAACGCTCCTTCCAAGCACACGCACGACTTGGGCGCTGTTTCTGCGAAGCGGGCCATGAATTCCGCATATCGACGCTCGGCCTCTTTGCGATCAGTTGCGAGGAAGATCAGCCGAGCTGCAGCGGTTACGTTTTCCCGTTCTTTCTTGGGCGCGTGATCGAGCAAGTTCTTCATCACGTGGAACTGGCAACGCTGCCACGTCGCGCCGACGAATTGCTTGGCGATAGTCAAGTCCCAAATCTGCTGTAATTCCGGTTCGTCGATCGCGTAAGTTAGGCTGCTCGTCTGTCTCGTTTTACGGCGGCCGGCTTGGCCACCGTCGTTGCTTTCCATTCGAAGTATTCGGTCATGTCGAAGTAGGCTCGGCCT
NZ_AP025523.1_gap89	3507863	3508363	500	CGTCCCCGCCGGGTAACGCGGGCGAAGTCGCCGCGACGGCGGAGCGAGTCGTAGGCGCGCACGCGGGCTAGGCGGAGAGGCGGTGACGCCCCTTCTTGCGGCGCGCGGCGAGGACGCGGCGGCCGTTTTTGGTCTGCATGCGGGCGAGAAAGCCGTGGACACGCTTCCGGCGCCGGTTATGCGGCTGGTAGGTCCGCTTCACGAAAAGAGATCTCCTAGAACGTCACGGGCCCGGAGTCCGAGCCCATGCGGTGCGACACGACAGTATACCGGCCGCGTGGCGGCAAGGTCAAGGAAATCCCGTTTCTAAGAACCGTTCTCTTCTTGTCCACAGCCGGTGGACGGGGCTGTGGAAAATTCCCGTCGCGGGCGCCGGCCGAGCCCGGCCGGATGCGGACTCCTGCCGTTCCGGGAGCGTGTGTGAAACTCGTGGATACGTTCGAGAAGGCTCGATGCGGCGGGCGGGTTATCCCTGTGGAAAAGTGGACAGAACGGGGGAT
