gap_id	start	end	length	sequence
NZ_AP014509.1_gap1	21487	24186	2699	TCAATTTGCCACTCGCAGAAAGTGGTTGTGTCTTCTGTGGCCAGTGTGCCACTGTCTGTCCTGTCGGTGCGATAGTGGAGAAACCTGCCCTTGGGAAAGCCAGATGGTGGCAGGTGAAAAAGACCACGACAGTTTGTCCTTACTGTGGGGTTGGTTGTCTGATAGATGTGTACACCCACAAGCAAGAAGTCGTACGCGTTCATGGGTCTGGTTACAATCCAGACGTAAACGATGGTGTTGCCACGTGTGTAAAGGGCAAATTTGGTTTAGACTTTGTGAATGATCCCGCAAGACTCAAGAAACCTCTGATCAAGAAAGATGGAAAGTTCGTCGAGACCGATTGGGAAGAAGCTCTCGATTATGCGGTTCAAGGGCTTAAGAAAGTCATAGAGAAGTACGGTCCGGAAAGCGTGGGAATTCTTTCCTCTGCGAAGTGTACCAACGAGGAGAATTACCTAATGCAGAAGTTCGCCCGTGCGGTCATCAAGACGCCCCATGTGGATCACTGCGCCAGACTCTGCCATGCCTCAACTGTAGCAGGATTGGCACGAGCTTTTGGTAGCGGAGCAATGACGAATAGCCTGAAGGACATCCTCGAGGCCGAAGTCATTCTTGTAACTGGTTCTAACACGACAGAAGCTCATCCTGTCTACGGTTCAAGGATTAAGAGGGCTGTCAGGAAAGGCACCAAACTCATCGTTGCCGATCCAAGAAAGATTGAGCTGGTCAAGTATGCGACGATCTGGTTACGGCAGAGACCAGGAACCGATGTGGCCCTGTTCAACGCAATGCTCAATGTGATCATCAAGGAAGATTTGATCGATGAGAAATTCATCGCTGAAAGAACGACAAATTTCGAAGAAGTTAAGAAGGCCATCGAAAAATACACTCCGGAGTACGTCGAACAAATCACGGGAGTACCAAAAGAAAAAATCGTTCAGGCCGCTCGTCTGTATGCGTCAGCGAAGAGGGCTGCAATAGTCTACGCAATGGGAATAACACAACACGAGCACGGTGTGGACAACGTTCTCGCTTTAGCCAACTTGGCACTTGCAACCGGGAACATCGGAAAACCTGGAGCAGGGGTGAATCCACTCAGAGGACAAAACAACGTCCAGGGAGCTTGTGACATGGGGGCTCTACCCGATGTGCTGCCTGGATATCAAAGAGTGACCGACGCACAGGTTGTTGAGAAATTCGAAAAGGCCTGGAAAACGACTATCCCAGCCAAAGTTGGCCTCACGGTTGTCGAGATGATCCATGCAGCTCTGGAAGGTAAGATAAAAGCCATGGTCATAATGGGAGAAAACCCGAGACTTTCGGACCCGGACGCATCTGTCGTGGACGAGGCGCTCTCACGACTCGAGTTTTTCGTGTCCATAGACATGTTCGTAAATGAAACGAACAAACATGCTCACGTCGTATTCCCAGCGGCTTCTTTTCTGGAAAAAGACGGTACCTTCACCAACACCGAACGACGCGTTCAGTTACTCAGAAAAGCTTTCGAGCCAATAGGTGAGAGCAAGCCAGACTGGCAGATCATAATGGAACTCTCCAGAAGGTTTGGCTACCACATGGAGTACCGTTCAACGGCCGAAATCATGGAAGAAATCAGATCACTCACGCCCATCTACGGTGGAATAACACACGAAAGAATAGAGCTCCTGAAGGGCATACAGTGGCCTTGCAGAACCACAGAAGATACTGGAACGCCCATACTTCACACCAGCAGGTTCAACACACCCGACGGTAAAGCGAAGTTCCACGTTGTTGAGTACAGACCTTCTCCTGAGCTTCCGGACGATGAATATCCTTTTTTCCTCACCACAGGTCGATACCTGTTCCATTTCCATACCGGTACCATGACTCGAAGAAGCACTATTGCGAAATACACGAACGAGCCGTTCATCGAAATCAACCCTGTGGATGCCGAGAAGCTAGGTATCAAGAACGGTGACGAAGTGTACGTGGTGTCGCGACGTGGAAAGGTGAAGGGTAAAGCGAAAGTCACAGAAAGAGTGCCACCAAAGACTGTTTTCAGTACTTTCCACTTCTACGAAACACCCATAAATGAACTCACCATGGCAAATCCGCTGGATCCTATTGCAAAGATACCGAATTTTAAAGTCTCAGCTGTGAGGATTGAGAAAGCTTGATAGCCATCGTACTGAATGGTGGTAGTTCCCACAGGTTCGGTTCTGATAAATGTAGTTATGTCTTCCGCTCGAAGCCGATGATAGAAAACGTGGTAGAAAGGCTCAGGCTCGTTTTCGATCGTGTCGTGCTGGTTGGAAGGACTTATGGAGACTTCGAGTGTATCGAAGATGAGCTTTGTCGTGGGCCCGTCGGTGGTGTGATGATAGCCTTGCAACGTTTGAAAGATGACGTTTTCGCTGTTGGTTGTGACATGCCACTTCTACAACCACACGTTATCAGTTTCATGTGGGAAGTGTTCCGAAGCGGCGACTCAGATGCCGTTGTAGCGAGATTTTGCGATGGGATACACCCGCTGCACGCTTTCTATTCAGTGAGGATGATGGAACATTTTCGGTGGAGCATTGAGCAAGGTGACGGCTCTTTCAGATCAGCCCTCGAGCGTGCAAAGGTTGTCTGGCTGTCGGAAAAGCATCTCTCGCACCTACCCAACTGGCACGAAAGCTTCTTCAACGTGAACGTTCCGAGCGATCTCAATAGAATTG
NZ_AP014509.1_gap2	38312	42233	3921	GTGCATGAGAGATCCGAATAGTTTATCGGCAAAAACCTCGCTCCGTTCAAGACCGAGGAGTTTTACAACGGTGGGCTTACCGAGGGCAACATCCCTGCCAACTGGTTTTCCGAGTTTGGTTTCATCGCCCCTCGCATCTTCGATGTCGTCCCTAACCTGAAACCAGATTCCGAACGCTTCACCAATTTTTGAGAATCTGTCAACGCGATCGAACCTTCCGGCGAGGATCGGGCCACAGGCGAAACAGAACGAAAACAGTGCGCCGGTCTTTTCAGCGTACATTCTCAGAACCTGTCCGAGGCTCGGCTCGGCACCGGTGTACTCCACATCCAGCGCTTCCCCAAGGAGCACCCGATATGTGGCCCTTGCAAAGTACTGAAACAGCAGTTCCTTCCTGGTGGCGTCTGCACACGAATCGGCCAGAACGCAGAACGCTTTGAGCATGAGACCGTCTCCTGCGAGGATCGCCGTGTCGTTGCCGAAAACGACGTGGCACGAAGGTTTGCCCCTCCTCAAGGGGGAATCGTCTATCTGTGGAAGATCGTCGTGGATCAAAGAGGCGGTGTGAAAAAGTTCCACAGCGAGTGCAGGATGCCACACAAACTTCAGATCGACGTTCATATCTCTGCAGATCGACCATATCAAGAGTGGCCGGAGCCTTTTGCCCGGCGTCAGTGCGCTGTAAGCCATCGCCTGCTCTACCTTGCAGCAGGCGTTTTTCATCTCCTCTTTCAAAAGTTCTTCGAACCTGCCCAGAAATTCAGTCTCTGTCTTCTTCATCTTCCGCCTTCGGTTCGTCCCTGAGCATCTTTTTGAAAGCGTCGATGTCAAGGTTTTCGACGAACTTCTTGAACTCCTCGTCGCTCGATTCTTCGGGCATTTCAAGGTCTATGGCGTGCTCGTCCACGATCTCGTTGCTCACATAGATGGGCACACCCTTTTTCACCGCGAGCACTATCGAATCTGATGGCCTGGCGTCCATCTCTATGATCGCGTGATCGTCCGATTCCTCGTCTTCTCCCTCGATCGCTGCGAGGTCTCTGATCATCAGCGTCGCGTAATAGACGTTGTCCTTCACACTGTGTATGACTATTCGTTCCAGCCTCGCGTCGAGCGCATCGAGTATGTTGAGTATCAGATCGTGGGTTAGGGGCCTTGGAAACTCGAAACCTTCAAGGCTCATGGCCAGCGCGTTCGCCTCACACGCACCGATCCATATGGGCAGAACTTTGTTCGTACCTTCGATGCCCAGAATGACGACCGGAGAGTTGTGTATTTTGTCCAGAACGAGTGCTTTCACCCACGCCTTTCTCATCGAGATCACCCCCTATTGAAGCCTCCCGAGTTCTTCGACACCTTTTCTGACTGTGTCCTCGACTGCCTTCGCCAGTTCGACCTCATCTTCGAACTGTGCAGGATCGACTGGCGCATGAACTTTCATCAACACCGTACCGGGATTGAGCACGAGGCTCTTCTTGGGTACCAAGAACATTGTACCCCATATCGAAACTGGGAGCACCTTCACTCCGAGTTTCTTGGCGATTTTGAAAGCGGCGGTCTTGAACTCTCGAACCGAGCCATCTTCGCTCCGTGTACCTTCCGGAAAGATCAAGAAAGATTCCCCTTTTCTGAGTAGATCCATCATCTCTCTTATGACTCGTGCACCCTCGGACGGGTTTTTCCTGTCGAGGAAAATTCCCTTCATGTAACGAATGTACCAGCTCACTCCAGGCACCCAGGCCAGCTCCTTCTTCGCCACCATCGGCATCGGATCGATGTAACCCAGAATCAGAGGTATGTCCATCAAACTCTGATGGTTCGGTGTGACGATGTAGCTGGTGCCAGGTTTGTAATTTTCCAGACCGAGTGCGATCACCTTACAGAACATGAACCTGAAGGTGTTCTTGCCGAAAAGCTTGACCTGTTTGAGAACGAACCTTCTCGCTTTCTGTTTTCCCACAAAGAAACCCAGAATCCATCCCAGAAAGAGCACCAGTGCGCCCACCACCACGACGTAGATGACGGCCGAGACGAGAAAATAGATCGTGATGAGTATTCTTTTCATGTTGCACCACTCCGAATCGCTACAGTTTCAAACCTCATGTTGAAGAGATCTATCAGCATCAGCTTGCCGTTCAACAGAGGTTCCTGTCCGCAGAGCAACCTCACCGCTTCGCTCGCCTGCAAAGATGCGACGAGAACGACCAGGGGTGGAAAGATCTGTCTCGCTCTATCTTCTTTTGGAGGTGTGGGGAAGATCTGTCTCAATCTCAAAGAGCCTGGTAAGATCGTGGTCAATTGTCCACAGAATTTTTCGACACCCGCATGCACCAGCGGAACCTGTTTTTTCTCGCACAGAATGTCCAGTGCGAATTTCGATTCGAAGCTGTCCAGGCAATCGATCACCACGTCGACGCTCGGAAGGCAAAAATCGACGTCGAGCCTGACGTCCAGTGGGACGATCATGGACTGGGGATTCATTTGAGACAGTTTCCTTTGAGCAACCACCACCTTCTTGTGTCCGAGGTCAGATCTGTCGTAGAGGATCTGTCTGTTCAAATCGGGTTCATCCACAACGGCATCATCCAGTAGATAGACCTGTCCAGCCCCGAGACGGATCAAGAGCGACGAGACCGTGCAACCCAGCCCTCCCACACCAGCGATCAGCACCTTAGCTTTGAAAAGCTTTTCCATGCATTCTCCGAGCAACTGGCTGTGGCGCTGAAACATCTCATCCACCACTGACCGGGACGAACACCACGAGCTCCCCATCCCAAACGCTCGAGGGCGAAAGATCGACCACGTTGATCCCGTTCAACAGTGCGATGACCCAGCTCTTCCTGGCCGTTCCGTTCTCCTCCACGATGAGGTACGCACTGTCGTCTTTGATGTCCAGTCGAACCTTTTTGCCGGCCACGTGGGAGATCTGTTCGAATATTTCTTCCTTCCTTCCCGGTTTCACTTCGATTTCTTTCAATCCCACCATTGTGTCAGCCAGATTCGAGAATTTCACTCGCACCTTTTCACCTTCCGATTTATTATATATTCTGATGAAAACCAAGATCGCCGTGCTCGGTGGAAGCTTTGTGGATGTATACATATATGGTAACGAGCCACACAGGTGTGAGATCCTTGAAGACTGCGGTGGTTCGGGACTGAACGTGGCGTTCGCCCTTCAACAGCTCGGCTTTGAAGTTGTGTTCTTCTCGAACGTCGGAGATGATCACAGGGGAGATTTCTTTCTCAACAAACTGAAGAAGCTCGGCTTCGACACGAGTTACATCAAACGTAAACGTGGACCGACCGGCCTTCACATCTCTCTCAACGACAGAACCGTAGCCGTCGAGAGAGGAGTGAACAATCTGGAGCTGGATCTGGACTGGAAAATCCTCTCTGAATGCCGGCTCGCTTTCGTCAACACCGAGATTCCCAGAGAAACCATAGAACGCTTCCTGAAAGACTTCCAGGGCACGGTGTTTCTCGACGTCGGTCCCAGAAGGATCCTTGATCCCAGCGTGAGGTCACTTCACCAAGATCTCCTCTTGATTGGGAACGCATCGCAGTGTGAACTCCTACCGTGTGATATCGTCAAGATGGGTTCGAGCGGGGCAAAATGGGGCGAGCTGTTCGTCCCTACAGACGGACAGGCCCACCCCTACACGACCGGCTGTGGCGACGTGTTCGACGCCGTACTCATACACTGCCTACTGCAGAGTAAGGACCGAAAAACTGCGCTCGAAACGGCCGTCAGGGTCTCAGAGGAAGCTGCAAAAACCTTCAAAACCGCCTTCGCGAAGGCTCAAGCTGTGAAAGATCTGCTCAGTGCATCACTGTGAACACCGTGACGATGTGAAAGCCAGGTGTGGTTTCGTCTCTGATGCTGAACAGGCCCACCCCGAAGTGTTTGTAGCGGTCAGGTAT
NZ_AP014509.1_gap3	47540	52402	4862	TTCACCCTGAAGGCTTCGAGAAAGATGAAGAAAAGGATCTGCTGGGAAACGAACGGTCTGATGAACGATTCGATCGCGAAACAGATGGCTTCGATCAGCCTCGAGACGGGTGGGATCATCAAGATAGACTGGAAAGCGTTCAGCCCGTCCGTTTACGAAGCCCTCACCGGTGTGGATGGAGAAAAAGCTGTCGATAGGTTGAAACGCAACGTCGAGCTGATCGCCAAGATGGACGTAAGAAAGGAACCACCGTTGCTCGTTGTGAGCACACTGATCGTTCCACACTACGTAGACGAGTTCGAAGTCTTCAACATCTCCCGCTTCCTCGCCCAGATCGATGAGAAAATACCCTACGTCCTGCTCGCTTTCGCACCCCAGCATCTGATGCACGATCTGCCCACAACGAGCAGAGAACAGATGAGGAGAGTTCTGGAGGCTGCCAGATCGTCAGGTTTGAAGAACGTGTTCGTCGAGAACGTCTGGCTCCTGAGCTGATTTTCGGTGTGTTTGGTCCGAAGGTGCAACTTTAATTCCAGTTTAAATGCTACAATAAAATTGAATCTTTCTAAGACATGCTGGGGGTGTAAACATGCAACCGCTCGAAGAAGTCAGCGTCCTCATAAGTGGTGCGGCGGGACAGGGAATTCAGACCGTCGAACAGGTGCTCACGGCCATCGTCAAGGACTCCGACCTTTACGTGTTCGCAACGAAAGAGTACATGTCGCGCGTTCGAGGGGGTAACAATTCCACAACGCTCAGGATTTCGTGCAAACCCGTGTACGCCAACATCGACCGTGTCGATCTGCTCCTGGTGCTGAACGAGAACGCCATCGAAAGGCACAGATGGAGAATGACCCCCTCAACGATCGTTCTCGGAGAGGAGAAATTCGTCAGAGATGAACCCAACCATGTGGTCGTGGAGTTTTCGAAGCTCGCCGAAAGTTTTGGAAACAAAATCTATGCGAACTCTGTCGCGATCGGAGTACTCGCCGGCATCATGAACCTCGATGTGGAAGCCGTCTCGAAGAACATTGAACGGTACTTCTCCGGAAAATCGAAGCAACTGGTCGATGCCAACGTTTCATCGGCGCTGAAAGGTTACGAAATCGGAAGATCGCTCGGACTGAAGCTCGAACTGAGAAGGTGTGAGGAAGTCAAGGGAAAGAGACTTTTGAACGGTTCGCTCGCCGTGGCACTCGGTGCCGTGGCGGGAGGCTGTAACTTCGTCTCCTCGTACCCCATGTCCCCCTCCACGGCCGTCTTCACCGAGCTCGCGAAACTCGCCAGAGAGCACGGAATAATAGTAGAACAGGCGGAAGATGAGATCGCGGCTGCAAACATGGTCATCGCCGCGTGGTACGCGGGGGCCAGAGGACTGGTCACGACGTCGGGTGGGGGATTCGCGCTCATGTGTGAAGCGATCAGCCTGGCGGGTATGATCGAAACGCCTATCGTGGTGCATCTGGGTCAAAGACCCGGACCTGCCACGGGCCTCCCGACGCGCACCGAACAGGCCGATCTCAACCTGGTGTTGTACGCGGGTCACGGTGAATTTCCCCGCGTGGTCTACGCGCCCGGCAGCATAGAAGAAGCCTACGAGTTGACGGCTCGAGCCTTCAACGTCGCGGACAAGTTTCAGATTCCCGTGTTCGTCCTGACGGATCAGTACCTGCTCGACTCTTACTATCTGGTCGGTGAACTGAAGAGCGTTCCTGTGGAAAGGTACATCGTCAAGACGGATTCGAACTATCGCAGATACGAAGTGACCGAAGACGGCATCTCACCAAGAGGCATCCCAGGTTATGGCGAAGGGCTGGTGAGAGTCGACAGCGACGAGCACGACGAGTTCGGTCACATCACCGAGAGCGCCCTCGTCAGACGAACGATGGTGGAAAAAAGGCTCAAGAAGATGAAGAAAATAATCGAAGAATCCGTTCCGCCAAAATTCTCAGGACCCGATGACTACGAAACACTCATCGTGAGCTGGGGATCGACCTATCTCATCGTGGAGGAGGCTCTGAAGCTCCTCAACGAACCTCGAATCGCTCACCTTCACTTCTCTCAGGTCTATCCTGTACCGCCCGTGGCAAGAACGTACTTCGAAAGAGCCAGAAGAACCATCTTCATCGAGCAGAATGCCACGGGACAGTTCGCAAACTTGATAAAACAGACCTTCTGCATCGACACATCGGAGAAGATTTTGAAGTACGACGGATTTCCCTATTCCGTCGAACAGATCGTGAAGGCTGTTCGAGAAAAACTGGGGGTGTGAGCATGTTCAGACCTGAAGATTACGACATCCCAAACACAGACATCGCGTGGTGCCCTGGCTGTGGAAACTTCGGCATCATACGCGCGTTGAAAACGGCTCTCGCTCAGCTGAACATACCGCCACAGAAGGTCGTCATCGTGTCTGGAATAGGGCAGGCAGCGAAGACGCCACAGTACGTGAAGGCTCACATGTTCAACGGGCTACACGGTAGGTCCTTACCGGCGGCCGTTGCGATAAAGATGGTCAACCCGGAACTGGTCGTGATCGCGGAGAGTGGTGATGGCTGCACGTACGGTGAGGGAGGAAACCACTTCATCCACACGATCAGGAGGAACCCAGACATAACCAACATCGTGCACAACAACCAGATATACGGCCTCACCAAGGGGCAGGCGTCTCCCACCACGCCGAGGGGACAGGTCACCACACTCCAGATCGACGGTGTGTACGTCGATCCTTTCAATCCCATAGCCGTCGCTGTGGCCTTGGACGCATCCTTCGTGGCGCGCACCTTCTCAGGTTACCTCGATCTGACGATTGAGATATTCAAGCAAGCGATCCAGCACAGAGGTTACGCCTTGGTGGACGTGTTTCAGCCGTGCGTTTCCTTCAACAAGGTGAACACCTACGAGTGGTACAGGCAGAACACCTACATACTCCCGGACAGTTACGATCCTACGGACAGAGAACTGGCATTCAAGGTTGCGAGTGAAACTGGAAAATTCGCGCTCGGTATCATTTACAAAAATCCGAACAAACCGATCTTCGAAGAACAGCTGATTCCCTACAGGAACGACAAAACTCCCGTTGCTCTGAGGGGGTTGGAGGTATGAAAAAGTTGGCGGAATTTTCTCTCATGGATGACACCGATCGTTCCTTCAACAACCAGAACCTTCTTGGAGACTACTGGGTGATCTATTTCTATCCGAAAGCCGGAACTTCGGGCTGCGCCATGGAAGCACAGCAGTTCAACGAGCTCTTCGATGAGTTCGACGGTCACATCGTGGCAGTTTCCCCAGACTCCGTTCAAGCACTGGCTTCTTTCAGAAAAAAGTACGGTTTGAAGTTCGTCCTGCTCTCCGATCCAAAGCGAGAGCTGGCGGAAAAACTCGGAATCGTGAAGGATGGAAAGCTGATCCGCTCGACGTTCATCATCGATCCGTGGGGAAGGATCAGAAAGGAATGGATCGGCGTGAAGATCGACGGTCACGCACGGGAGGTACTCGAAGCCTACAGAAAAATCAAGGAAGAGGATTTTTCGATCAACCCTTCGATCCTTCAAAGAAGGGCCTTTCGCGGTTTGAGAACCGATCCCATCGAAGATGAAAAACTTTTCAGACTCTTCGAAGCTGCGCATCTTGCCCCGTCCTGTGCGAACAAACAGCCTTGGAGGTTTCTGGTAGTGAGAACGAGGGAAAACCTTGAAAAGTTACACGAAGCGTTGCCCGGGGGCAATTACTGGATGAGGTACGCACCGGTGATAGTGATCGTCCACACGAAGGACGAATTCGATTGCCAGCTGAGCGACAACAGGAACTACGCGTGGTTCGACACGGGTCTGGCCGTTGGCTTCCTTCTGATCCAGGCGACACAGATGGGCCTGGTAGCACACCCCGTGGCTGGCTACGATCCCATCAAGGTGAAGGAATCGTTCGGCATAGACGGGAGCATCGTGACGCTGATCGCCATCGGGAAGTGGGGAAAGTTCGATCAGCTGAACGAAAAGCATCTCGAAGCCGAGAAAAGCCCGAGGAACAGAGTGCCGCTCTCACAGGTGGTGAAGTTCGTTTGAAAAACTCCGTTCCTGTGTGAGCTTCCCCATCTTCGACGTGCTCGAGAAAGTCCTATCGATGCCGTGCGGGAGTTTTTATCGATCACCTCAGTATCGAACCGGATCTTCAACCCTGGATGTCCAAGGGGGCTTTCTTCGCCTTCTTCATCCGGTACATCGCCTCGTCCGCTTTCTGAAGGACCTTCAAATGATCGGCACCCGGCTCAAGTTCAGCCACACCGTAGCTGATGTCCACGTTCAACCCAAGTTCTTTCGAAACCGCGACTTTTTCTCTTATCCTCTGAGCGATCTGTTCAGCCTGCTTTTCACTGGCATCGTGGAGCACGACGATGAACTCGTCCCCACCGTAACGCGCGGCGAAATCGGAGGAACGGATCGAACTGGCGATGCACCTGGCGACGGTCTTGAGCACCTCATCACCGGTGATGTGCCCGAAAGAATCGTTGATCTTTTTGAAATCGTCAACATCGATCATGATGAAGGACAGTGGAATCTTACAGAGTGCGGCATGCTTGGTCTGTCTCTGGATCCACTCGTTGAAGTGTGCCCTGTTGAAAAGGTTCGTGAGGGTGTCACGGCGCGCCACTTCCTCGAGATGTTCTCTTTCTCTGTTGAGCTCTAAAAGCAGGGACTGAACAGGATCCTTCAACGAATTCACGATCACGCCGTTCAAAATCACCAGGTAAGAGACGAACCTGAACACGTGGCCGAGGAAGTTGAAAAAGCCATAGACGTCCACGTACAGCGTGAAGGAAAGCTCACCGAGGATCGTGAAGACGATCGCCGATACGATTGACC
NZ_AP014509.1_gap4	56474	58277	1803	ACCGTGATGGCTCTGTGGAATATCCTCTGGCCGTGCGAGAAGAACTTGACCCTGTCGTTCTCATCGATGAAGGTGATGTCCAACGGCAGGGTCCTGAAAATGGCTTCGAGTTCTTCAACGTTGAGGAAACCGCTTCTAAACTCGAGATCTTTTTCTTTACGCACCATGTAATTGTCTGGAGTGAGTGTGCCGACAACTTTTCTGACCTCTTCCGGCATCTTTCGGTAGGTTTCTTCGTCCACTCTGGGATCTATCTCGAACGGTAACAACGGCTTCTGTGACGGTTGCCATTCTCTCTTCACATCAATCTTGTAGAAGCCGATCTCCTCTTCGAACTGGCTCACGGCAGCCCACTCACCTTCCGAGAGGAGCACCAGCAAGGTGGGATAGAGGATGTTGTTCTCTCTGAAGACCATGTCCGCCATCATGCGGGACAGCTCGAGTGATTCCTTCTTCAAACGTTCTTCATCTTTTGAAGTTTCGTACAGATCCAGAACCAGTTTCACCTTCAACCTTATCTCATCGTGTTTGGACCAGAGGACACTCGGTACTGCGGTGATCCCTCTCCTTTCCAGATAAGGAAAAACAAGCATCTCTTCTCTGGTGTAATGTGTGAACCCTATGTTTCTCATCTGTCTCAAGAGTTCCTTCAACCTGCTCAAAAGTTCGCCTTTCTTTTCCCCTTCAGGCAGCGAGAAGGCAGTCGAAGCCAGCAGAGAGAGCGCTTCTGAATCTTTCAGGATTTCCTTGTTTTCCTCGAACAAGTTCCTCAGAGGATGACCCTGGGGAAGTTCCTCAATCTTGCTCGATGCTCCGCTCACGGCCCCCCTGAATAGCTCCACGTGAAGGTCGCACATCTTCACGATGTCTCTCACCGTTATCTCGCCTTCTCTGAGGAGTTCCTGCTCGATGGTGGCAATCTCGAAGGGTGAAAGCTTCGAGATGATCTCGCCGAACTCTTCCTTCAGAGATTCGATGCTCTCACCCTGATGAAGCCTCTTCAGAATGGTCTTGAAAAGTTCTACCTTTTCCTTCTGTTCCACGGATCCTTCCCTCCTTTTTAAAAAAGCCCCCTCGCGGGGGCTCCATTTTTTGTGAAAGACTCGGTTCGATCGGCGCAATCAACGCGCTCATTCGACCGGTTCAAACTGGTCTTTCGAAGCTCCGCACAGCGGACAGACCCAATCGTCCGGCAACGCCTCGAAAGGTGTTCCCGGAGGTACGTTGGCATCAGGATCGCCCACTTCTGGATCGTAGATGTAACCGCACAGCATGCAGCGATATTTCTTCATGTTTCCACCTCATTCTTCAACGACGATCTTCTTGCTGCTCTCCCAGAGACCGTGTATGTTGCAGTAAGACAGTGCCAGTATGGTGCCGGATCTGTTCAACTTCACCTTGCTCACCACGACGGGTTCTGTGTAGACCGCGCCCGTGTTCGGACCCTGGACGGATTCTCCGTGTGCGCTGAATTCGTACTTTCCTACCTCGTAAATGTAGGGATCACCATCTGGCTGGAAGAAGACCTGAATCCATCTGATGTGATGCTCCGTCGTGTTGGGATGTGGAATTTCTTTCCCGACGGTGACCGTGATCTGGACTGGTTCGTTCTTCTTAACCTTATCGGGTGCCTCGATGACCGGAACGTGCTTTTCCTTTTTGAAATCTTCACTCTTGATGAAATCTGCCAGTTTCATGTTTTCCCTCCTCAAACGGAGAATTCCCTGTAGGAATTCTTCGGAGCCCCACAGACTGGACACTTCTCGGGTGGTTCGTTCTCGACCGTGTGGCCGCAGACAGGGC
NZ_AP014509.1_gap5	134283	137743	3460	ACCCGTACCTTCAGACATCGTTCCCGTGAAGTTCGAGGTGCGTCTGGCTGGAGAAGTCTTTTCGGACACGGTCTATTACACCAAGGGTATGGTAACAAAATGATCGAAGAGATCTTCAAAAGGGCACTCGAAGCGAGCAACAGAGGAGAACTCCAAGAGGCAGAAAGACTGTACAAAGAATGTCTCCACGTCCAGGAAAGCCCCGAGGCTTGGAACAACCTCGGCAACGTCTACGTGCGCATGGAGAAATACGCCGAGGCGATGGAGTGTTACAGGAAGGCCATCGAGTGCGATCCGTCCTTCCCCACGGCCTACATCAACCTGGCGTCTCTCTTTTTGAACCTCGAAAGGTTCGCCGAGGCAAAGCTTCTGCTCATGAGTTTGATCGAGAAAGGTTTCAAAAACGACCAGACCCTGGCGATGCTCATCGTCTGCGATCTTGCACTGAACGATTTGGCCGGGGCGGTTCGACTTTACAAAGGCAACGCATCGGAAGGTCTGGACAGAGAACTCGCAGATTACGGTGTGCTGGAAAGGCTCAGACAGCTTCTGTGATCATCCTTCCCTGAAGAAACTGTCGAGGAGCAGGGGGTCTATCCTTTCCCTCACGATCCTTTTGACCTTCTGGACGGTGTTGTCCACCTTCTTGAAGTTCACGTTCAGCACCGACTGGATCTCTTCGTAGCTGAATCCATCGAGCCACATCTGGAGTATGTTGACCTCGAGTTCGTTCAAAAATTCCTTCACCCGTTCGACGATCACCTCGGCCAACGCGTCTCGTGCCGTGGAACGTGCCCTGTCCTCGAAGGAGTAACCGGTCTCCTCGGAGTCTTCCGAAGAAGCGAGCAAATCGACGCTCACGGCATCCGTGAGCAACCTGTTCTTCTTCCTGTTGAGAAACGTCAGGAAGGATTTCAATTCCGATTCCACACTCCTCCAGGCGAAGGAGGTGAACCCGCTCTTGTCCGGCTGGTAGTAGTACACCGCCTTGATGAGCCCCACGAGCGCGCTCTGCACCATGTCCTCGAACTCCGCCCACGGTGCGTAATATTTGGAACAGATCTTGCAGACCATGGGATAGTAACGCTCGACGAGCAGATCGAGCGCTTCTTTCAGACCCGCCTGCGCGAGGCCGACCAGCTCTTCGTTCCTCTTCGATCTGAGCCTGTGCTTTATGGACAAAGCGTCAACCTCTCCTCAACATGCTCGCCAGAACACCTACGTTTTCCACAACGAGGTGTGGTTTCGTGTCGCTCTTTTCGAGATCTTCCTTCGTCGTTTCACCGCTCAGCACCAGGATGGCCATGGCCCCGGAGTTGATCGCGAACTCCATGTCCGTGTAAAGTCTATCACCCACCATGGCGATCCTCGAAACTGGCAGGTTGAACCTCTTCGAGATGATCTGCATCATCAGCGAGTTGGGTTTCCCCACCACGTAGTCTGGAACCCTTCCCGTGGAACGTTCTATCAAGGCGATGAAAGAGCCGGCGTCTGGCAAGGGGCCTTCTTCCGAAGGACAGTTTATGTCGAAATGCGTGGCGATGTAGGGTAAGCCTTTTCTGACCAGCAAGCACGCCTTCGCGAGCTTCTCGTAAGTCACCTCTGTATCGTAACCGAGCACCACGATCTGCGGCTCGCTCCAGTCCACGACGTGCCCGTAAGAAGCGAGTGTTTCTTGAAGGGCCTTCGTGCCCAGCACGAAGAGTTTCGCTCTACCGTAACGTTCGAGCAGAAAGAGTGCCGTCGCCTCGCCGGAAGTGAACACGCAGGATTCGTCCACGCCCACTCCGAGCCGTCTCAGTTTTTCGACGTACTGCCTCGGCCCCTTGGACGAATTGTTCGTCAGGAACATGAACTTCTTTCCTGAAGATCTCACAGTTTCGAGAAATTCCATCGCACCAGGGATCAGCCTTTCTCCCACATAAAAAGTGCCGTCCATGTCGAGGAGGAAAAGTTCTATGTCTTGTAAGTTCAAAGGATGCACCTCCCGGCGACAAACAAAAAAGCAGGGCTTTTGGCCCTGCTGTTTTATATTATACCACAACCGAAATTTCCTGTCAAGCACCTTTTTCCACCGGTGTGTCTGTTTCTATAATACCACATTCCGTCGCGCGGTGCAACCTCAAATTCACCTTCATCATCTCAGCGTTTTCAAGATCTGCTCGAGTCGCTCTCGCAAGCTTTGAAGTGAAAGGTGCTTCTTACCGAGCTCAAAGTTCTTCTGCACGATCCTGGAAAGTTTTTCCGGTTCTGAGATCAGATCCTTCAACCTCCGTGCCGCTACCTCCAGCTTCGATTCGTCAACTTTGTAGAAACCTTCCGTTGCGTCGTAGTGCGCCACATCACCGAGCGAGATGAATTCAAACCCAATTGGTGCGATGTCGCTCTTGTAAACGGGATATTCGAACACCACCAGCGGTTTTCTCGCAAACACCGCTTCGATGAGCTGGTTCCCCCAGCCTTCGAGCACGGAAGTGTAGGTGACGACGTCACAGGCCGCGTACATGTCCCAGAGCGAGTAGTACTTCTCTTTGTTCATGAACCTCTCAGACCTCACCATGTCGAAGACAAAGTGGGTTTCGTAAGGCATACGCTTCGACTTTTCCACAATCTTACGGTAGTACTCTCGCGACTCTTCTTCCGGAAAACCCGCCACGACGAAATGAACTTTGCCTTCAACCATCTCACACAGCCGCGCAGTGAAGTCCATGGCGATCTCGATGGCCTTTCTTGGTACGATCCTGGTGGCGTGAAGGACAAAGAGATCTTTCCCTATTCCAAGTTTCGACCTCAAATCCTCGTTGTACTCATCGATCTGCCAGGCCGCCTGATCGAAATCGAACACGTTCGGCACCACCACGGACTCGATCCCTTTTCTTCGAAAAAGTTCCTTCTGAGCCAGTGTGTTGATCGTGACGTGTCGCATCTTCTCACCCTTTGGAGGAAAGTACTCCTCAAGGACCCTCCTGACGAACCCGCACTGAGGTCTGGAATACCTTTCTCTCTCCCAGTAGAAGTCGTGGTGGTGACCCAAGATCCTCACATCCTTTTCTCTCGCCCACCGCGCCAGTGCGACGGCCGCTGCAAGGTTGAATCCGAGCGAGAAGATGTTGTTGACGATGAGCAGATCAACCTGTGGCATTTTCTCTTCCAGCTCGTTCTTTATGGTTTCTGCGTATCTTTCGAACCTTCGCTGGAAGGTCTCTTCGTCGACGCTCAATCTTTCAAAGGCGTTCCTGTGGATCCAGAAGTTCTCCTCATTCTTCATCGAGATGGAAGAAATCTCAATCCCTTCGGCTCGATCGAACTCACCCGCCACGTAGATCACTTCGTGTCCGAGCCCTTCGAGAACTCTCTTCCACTTTTCCATTTCCAGAGAAACCCCGTCGGTGAAACCGGCTCTGAAGTGCACGAGTGCGATCTTCACCTTGCTTCCTCCTCGTACCTCTTTGGCCTGAGC
NZ_AP014509.1_gap6	155656	157672	2016	GATCGCACACCATGAACCGCACGTCGTGATAGGTCCGGCGCTCGGCGGGGTGATCCTCGCCTACGAAGTGGCACGCCATCTGAACGCACGTGCGATGTTCACCGAGAGAGAAGATGGACAGATGAAGCTGAGGAGGAACTTTCATATCGAGCGAGGAGAGCGAATTGCCATCGTCGAAGACGTCACGACCACCGGCAAATCCGTCCTTGAGGTCGCCGAGGTCGTTCAAAAACACGGTGGCATCGTCTGTTGTATCGCGAGCATCGTGGACAGATCCATCGAAAAACTCTCCTTCGATGTTCCCTTCTACTTTCTGGTGAAGCTGGAACTTCCCATATTCGAACCCGACGATTGTCCACTGTGCAGACAGAACGTACCATTGATCAAACCGGGCAGCAGGAAGTAGCCAGCTTGATCCTGACCGACGAGAGGGGCCCGACGGCCCCGTGTTGTATAATGGTTTATCCTTAACCATCCAAGGGGGCGATCGGGATGAAAAAATCGGTCTGGTTGTTTGCGGTTCTTCTCGCGAGCCTGAGCTTTGCACAGATCAAACTTCCCTTGACGCACGTCGTACCGGGTGGCTTCACGGTCTCGTCCATCGAGATACTGACCAACCCAGAGACCTTCTACGGCCAAGACACAATCAGTGTGGGTGTGAGGATCAATTTCATGCGCGTCATGGCGCAGGCCGCGACCTACCCTTTCGATCTGAAAGAGAACGAACAGAAGCTCATGAGCTTGAGACTCATAGGACTGAAGCTCAGCGAAACCGAAACTAACACGCTCCTCTACTACGGTCCGACGTCGATCTTTCCAGCCAGCTACCAGTACGGCGGTTTTCAAATCGTGGGTTTCTACGTCACGAAGGCCGATCTGGACGCAGGATACAAAGAGATCTGGGGCTGGAGGACCGCCTCACCTTTGGCGTGCAGGAACTTCAGCATCATCGCCGATCTGGACATGGACCCGGTGTACGGTCAGCCGATGGCCGGTGCTCATAAAGGTGCGCAGGCAAACTGGATCTGCGTTCAGAAAGTCACCGCCCCGATGCAGAAATGCCAGTTCGTCCGGCAAGATCAAGCCTCACAGAGTCAGACTCAGCAGTACTACCAGGTCGAACAGATACTCGACATCGTCGTGGAACCTGAACCGTTCGAATCCGGGCAAGAACTGAGAGTCACCGTGATCGCAGATTCCAGGCCCACCACCCAGCCCTGGGAACAGTACTTAGTCTACTGGGTCACGGTGAAGTACCAGAACGGTCAGACCAGCACCATCCCGCACTCGTTCGGCAACTTCAATCCCAACTCTGCGATCGTCATCACTTCCACACCTGGGGCGGGCGATGTGAGATACTTCATCTTGAACCAGGCTGGAGCCGTGAAGTACGTGCTTCCGGAGACCATAAAGATACCGTTCAACACTTCCATCGTCGAGGTCGAGATCAAGATGCAGATCTGGGCGGGTCTGGACGTGGATCGCTTTTCTCCATACAATTTCATAAAGCGCTGGGTCGCAAAGACCGTGTTCGTGCCAGCGCGTTGAAGGAGCAGACACAGTTAGCTATATTTTGTGTGACGGGGAGGTTGAACGATGAAGTTCAAGTTCGTGATTTTCATCGTTATCGCGGTGGCTGCCGTCGTCTACTTCATGACCGGCATCTACCAGGTCGATCCGTCACAGGTGGCACTCGTTAAAACCTTCGGAAAGTATTCTTACACCACGGGGCCAGGCATCCACATCCACGCACCCTATCCGTTCCAGTCACACGTGATAGTCGATGTCCAGACGATCCGAAAGCAAGAGATCGGCTTCAGAACGATCAGACCAGGCCAGTACGTTTCGAGAAAGGAAGAGGCCCTGATACTCACCGGCGATGGAAACATCGTCTCGGTGGAGGCGGTGGTGCAGTTTCGTGTGAGCGATCCGGTGAAGTTCGTCTTCAGTGTTGAAAAACCCGAAGAGCTGGTCAAGTTCACCACAGAATCAGCGCTGAGAGAACGCATCGCGAAA
NZ_AP014509.1_gap7	181825	184039	2214	GCGGCTTGGGTTTGCTCCCATCGTGACTCGCTGTCGTCTTTCAGCAAGACTTCGAATCGCTTGTCTTTCCACACACCGTGAACTTTGTTTTCTGGCGTGATGGTTCCACAAACGCGGTTTACGTACACACTCTCCGTCTGAGACGGATAGATGTACAGCAAGCTCTTACGATCAAGATGTTCTCCAATAAAGATGTAGTACCCATTTTTGGGTAATTTACGTTGTTCCTTAAACCGCGGCACTACTCATCACCTTTTGTTCGAACTTATGTGGGCGTAGCGCCCACGCATTCGCTACGTTCCTTGGCAACAAGACTGCGTCGAAATTTGCACAACTAACAAAGACTGGCTACGTCAGCTACCACGTTTTCCCTTTAGACTTGCCATACGGGCGTTTCGCCCTTTTGTGCTTTACCTTCTATACCACCGAAGGTGCTGTCGTACCACTAACATTACCCTTCCAGGGCTTCTTTCCCTTTCCCTTTCTCTTCCTCATCTTTTCTGTTCTTTGCTGAGTCTCACTACTTGAAGAACTATTTCACAAGGATGGGGAACGAGATCTGTATATGTGTGGCTGGCAAACTGTTGTGGTGCGTTTCGATCCCGTGGAGCTGGGTACCCACCTTATGCATTGCGGAGCCGAGATCCTCTTCCTTTCCTATATCTCTCCTGCTTTTGCCTTCCCTGTCTCTCAGGTACGACAATAGATCGTACTTTCAAAACCACCTCCTTTTGGTTAAAGGTATGTTCCAATCGAAGTTATCCTTTGCCACCAAAAACGCTGCTAGTTCTTGGTTAACTCACAATCCTCTCTATGACGCTTGTATCGCAACTCTATTATCTCATACCGCCAACCTCTTTGAGCATGGAGATCCAGTCATTCTCCTTCTTCCTCACTGACGTACAAAGACTTCCACTCGCTCACTCTGTTTGGGTCGAATTTTCTAAGCTCCTCATACAATTCCAATAGGCTTTCAATGTGTGGATTCACGAACAAGCAGTACGCGAGTTTGCCCATCAGCTTTCTTTTGTACCGAATCGGATCTTCTCCCTGCGGAAGTGCATGCTTTCGAACAAAGTTGTGCACCATCGCCCTTATGAGCCTTCGTTTCTGTTTCGGTACGTTCGGCTTGGCATTGACAATTAAGCCCAGCACATAGTGCGGCTCGTTCGGGCCATAAATCTTGATCTTCTTCGCGTTCCATTTGAACGGCGCGATGATCTGGCTGGTTTCTTCGACGATCTGCTGAATCATTTCGTCTGTGACTTCCTGATCCGTGCTCACAGTGACATCGTCTGCGTATCTTGTGTACACGAACCCGCGTTCTTCAAAGTACTTTTGAAGCTTCTCATCATACGGTTTGAATGCCACATTCGAAGCCGCAGGGCTGGTTATTGCACCTTGCGGCAGCACACCCTTGAACGCCACAAGCCTTGCTATGAGCCATGCACCGGTGTCTTCAAAGCCTTCTCTCTTCAGTTGCCTAAGCACCATATCCGAAGTCACAGACGGGAAGAAGTCCTTGATGTCCAGAGAGATCACATACTTTTTGCCAACATGCTTTCGCGCGCAGGTCACGATGCTTTCGTTCTTTCTAAATCCAAAGACGCAATCCGGCAACGGAATTCGATCAAGCAGCTCTTTCAGCTTCCTGTGCACCGTCTTCAATTCCTGTGCTGCTCGGACCAGTTTTTCTAGCTCTGCATCGTTCTTTTTCAACGTTCGAAGCTTATTTTTGAGCCTTGCTTGGGCTTCCTTGGAGTCGCACAGATAGACGCAGATCTCTCTTTTACCGCCACTGCGCTTGGAAATGTAGTACTCCACATACAACCGGTTGCGGATCTTCTCAAGGTAGGTCAATTTCTTCAACGGCTCTTGAATTTCCAACGCCACAGCTTCCGCATTCATAAGCTTCGCTCCAGTTGAAATGAATTCAACACAAAAATAAGGAACTGATGCAAACAGTATCCCCATTTGATGAATTATACCAGCCAGGTTTTCGTCTTCAAGTTCTCTATAGGACGATAGAGACTACTTCCAGAAACGCGAGCGATGACCAAACCTGTTTCGTTCAAATTCCTCACAGGATGATAAGGACAGCAATGCCGTCAACAGCATTGGGAAGAGCGATGTTCACGATATCTTTCAATTCCGTTCTACGGAATTTGGTTTTGAGACTGCTCGAACGGTGTAGACATGAACGCCCGTTTTATG
NZ_AP014509.1_gap8	186768	187359	591	TCTCGGAAAGATAGCTGACAGCTTTTATCGCGTCGGTTCCTATGACAACTTTCTCTTTCCATCCGTTGATTTCGGCTTCTCTCACAGCAAGATCCATGAAGAAGCATTCGCTTTCTTCCTCTGGACTTAAACGGTAGACAGGTAGACCGTCGAGTTCTAGAGCCTTCATGTCGAACATCTGTGACTCCACCTTGGTCGGTATGAAGAATTTCTTTTCCGATCTGGTCACGATGCTCAAATGAACCTTTTCCGGCTTTTCGAGAGGTTCCAGAAGCTCGTACGCTTCGTTGACTATTCCTCTCATGTCGACGGGTATAACGCTTTTCCCCAGCTTTCTCACCCTGTATCGAGTTAACACGAAGAATTTGTCGTAGACGAAGCGCTCCGTACCGCAGAATTTTTTTGGATCAACAACGTATACCTTCTGTGTGAACTCACTTCTGAAACTCAGGATGAGCTTTTCCACAAATTTTCTGTACACAGCACATGCTCCACACAATTCATCGTCCTGATAGGTCGTTCTGATCTTTTCACGCAGCTGCGGTGATCTTTCCAGAACATGTTCGGCACTCTCACATTCTTCATCCAACA
NZ_AP014509.1_gap9	188447	191891	3444	TGTGACGAACTATCCATTTCCTCAAGGCTCTGCGAGGTCACAAGAAAGACTCTGTGCCCAAGCCTGTGTTCCTGCACGAATCGTTCCACAGTAGCTTCGTACTGGTTTATCAATTCGTTCACTGGAGCGATGATGAGCACTCTGTCAATGTTCAGCTTTCTGATGGCGTTCAACACTGCCAGCGTCTTACCAGTTCCCGTTGGATAGACGTTTATGACTACGTCGCTGTTTTCCAGCTCCCTGTACGTTCTGACCTGATGGTCTACCCACGTTCTCCCATCTTCCTCCAGTACCGGTACCGAATAACCCATCAACTGTTTCAGTGCTAACCACTCCCCGATGCGAAATAAAAGACCTGGCTTGGCAGAAACACATTTTGCTCTATGCTCTGATCGGTGATCGTTCGAACCTCCAGGTATCTACCGCGCATTTTCACGTTTTCGATCAATGGAACAGGTTTCATGGAAATGACCTCGTAGCTGAGTAGATCGTACGAGCTCGGCAAATCTATCGGATTTATGGGATGCTGGCACACAAATTCACCTTCACGCTCTTTTGCTTCCAGCAGTTCAACGCTCAGCTCGCATTTGCTCATCAGCTTGCCGAGCCGTATGAACTTGGGAAACGCGATTTTCTCGGGTGTGAGAACGTAGAAGATCGCCACACTTTCCGGTGCGACCATCTTGAACTGCCCGAGCTGTGGAGAATTTCGCGGCCTCGGTTTTTTCCCGGCATGTTCTCGCAGTACGGTTGCATCGACCACCACGTTTTCTTCCATACTGAGGAAGAATCCTTCACCTATCGAGTTGAAACTCGTGGTTGTCCAGTTGTACTTCACGAATTTCGCGGGAAACACGTAAGCTTTCACACCACTCAAGTCTTTCTGGTAGCGAGGGGTATCGAATCCCACGTAGCTTTGCTGGGCAAAGCCAAGCGCGTAAGCCAGGGCGTAGTTTCCTATGAAAGGAACCGTCACGAACATCGAAGAAACTTCCTTGCTGGCAAAGAAAAGTTCCTCATGCGTTGTTAAAACGCATCTGTAAAGGTACATCGTGGATCATCTCGCTTCGGCATCAATTGGAAGTTTCTTTAAGTTTTTTAGAGCATCAACAAATCCCTTTTCTACGGGATTTGCGTAAATCTCACGTATTTCCTTGAGCAGATCTTCAAGTTCCCGTTCCTTCAAGATCTGCACAGTTGCCGGTGCATCTTTTAAAGATTCCTCAACGCATTCCAAAAGTGCCTCCTTCACTTTATCGTGGGGCAGTGGGTGCTGTTTCACCGGTGCATCAAGTTTGTCCCAAACAGCCTTCGTCAGTTGCAGGGAGCTGAGTAGCTCTGCGTCGGAACCTATGATCGCAACTATTTCGTTTTTCACTTTACCGATCCTCGAAGTGACCGCACCGTACCTCGTCGTTCTCAGAATGTTGCCTAAACAGTAGACAAACTCTTCTTCACGAACGTCTCTGAGAGTTTCTACATCGACAAAATGCGTTTCAGGTTTGACGCACTCCACGCTCGCGAGGCTCTCTCGCATTTCCAATCCCTTCTCGGTAACTTCAGTCATGGTGCCCAACTCGCTCAGAGCATTGATCGTGAGAATCTCCGTTATCTCCGACGCCGGAAGAATGGAATAGGCTGTGTCGGACAGGACCCTCGATTTCAGGCTACCTTTCGACGTGCCTCCTTTCTCGGCCGCGGCAAAACCGTACAGCTGGCAATCCACACACTTTCCGCACATCTGTCCGTTGATCGAACAGTCCACATCGAACAGCCCGTAAAACCTTAAGAACTCTCTTCCCGTTCTCCTCTCCGGTGCCACGACTTTCCTCTTGGAGAACACAACTCGAGTTTTGATGTTTTTGTCCGCGAATCCCATGTACGTCAGTTCTTTGCTGATGCCTTCATCGGTTCGAAGAATGAGTTCGGATTCTGATTTTCTCAACACGACGATGCTGACGAAGCGAGATTCTGGTTTGACTGGAAATTCGCCTTTGACGAAGAAACTTCTCAGCTTCTCAGATACTGGACTTTTCAGAACCATCTGGCTCACCCTCCTCACCGGATTTTTCACCTTGAGCTTTCCTCTCAAGCGAAATCAGCCTGATGTTTCCCAGAAACACGTTCTTGTACTTGGAAAAATCGGCGATAAGTATCTCCCTGCCTTTCAAGAGATCACCGTTCCCGATAGTTTTGAGAAAGTTTAGAAACTCGTCAACGAACGCCTTTGCCTGATCAATGCCCGCGTTTTCTGGTAGGGACCTTGAAACGGATTCCAGCAGGAGAGCTTCGAGGTCTTTTTCGTCTTCGCCCAGCTTCGGATCGAATTTCCTCACGGCCGAGAAAGCGTCTGTGAAGGGCTTCAGGTACTGATGATCACTCACCTTCGGGCTGTCAGTTCTCCGATGGGCCCAGCTTCTTGCAAGTTTTGCCATCTCCTGGATCTCTCTCATTTCATCACCCCCGAATATCTTGAACAGATTGAACGCGACATCGTTCCTGATCGTTTCTCCCCACAGTCTGCCCACCAGCGCGGCTCTATCGATGTTCGACGGCTGTTTTACAAATTCAAAGAATTTTTCAAGAACCCTGCCGTCATCGAGATATCCAGCGAACTGAGCCCACATATCCCTGCTTGAGGAACTTTCCAGAATCTTCTGTGCAACCGCGGGCAAATCCTTGATGTACACGTCGGAACTGAATTCGATGTCATCCTGTAAAAGTAGCACGTCCGTAGTGACGAGTACCCTGACCGGCAGGTTCCGAACGATCCTGACAGCGTGTAAGGCTGCGAGAGCGGCGAGTTTTTGCCAGCTATCTGCCGCCGAGGAGGTGAAAGAAAAGTATGTCATGTTGCCGAAAACGGTGTGCGGAAGCTTTCTGGACGTTCCAGCAGGTCCGTAGATGAGGTTCATGATGTTCTGCGGGATCTTCGAGCGCCTTCCTTTTGATGGCGCATTCTCAAGCTCATCGTAGCTTGCCTTGAGTATCTCGAGAAACTCCTGGGGATAGAAGTTGGACGGAATCAAAATGAACAGAACTTCCTTTTCACCGCTGAATGGTAGCTTTGCCTTCGTTGCCAGGAACTGTAATCTGCAGAACTGACAGACCATCCTTCGAGGTTCTTTCACCGCGTGGGCTGTGAGCCTGTTCGTGAAATACTGAACTTTCAGCTCAGGGCCCTCCGCCGATCTGATCTCGACTATGCGACCCTTTTCTGCACTCATTCCACACACGGAGCAGGTTGTTTCGTATTTTCCGTAATGTGCGAATGCATTTTTGAATATCTCGGATCTTGGTAACCAGAAACCGTTCAGCTCGAGCGTCGATTCGAGGTATTCTCTCATCACCGCTTGGAGCGTTGGACTCTTTTGTTTGCTCTGGAAAACTCTGTACACTCCTTCGAGCGACATTAACTTTTGCACGAGTTCATCCAGCTGGTCG
NZ_AP014509.1_gap10	239991	241031	1040	CACAAAAGGATGCCGATCTTTTCAGACTCGGGCGTTTCGAACAGATCCACCCTGCCGCGATGACTCTCGTGCGGCAGCCTGATGGTCTCGGCCACTTCCTCGTGCGGGTAGATGACCTTCTTTCTGAGGAAGTTGGCCTCCAGCTCGTTCAGAGGTTCGTACGGCTCGAAGACTTTGAACATGAAACCGGTCTTTTCTTCCTCGTCCTCGTCGGATCGATCGTCGGAGTGGTTTTTCGGAAACATAACTGCATACGATCGCTGGCAGCGGAAAAGGTAGTTCAGACGGGACAGTTCGTATTCGGTTTTCTCACCTTTTTTCTTCCTTTCAGCGTACCTTCTGAGCTCGTTCGCGACCGCCAGCTGGTAGGCTGGTACGATCTTCAGCACGTCGAGGTCCAGCTCTCTCGGTTTTCCTTCAAGGGTCATCGGCACTATCACGTATGGGGTGACGTACTTTTCGTTTCTGTAGATGTAGAGATTGTCTTCGTTGGGGAACATCAGGGGGAAAAGCTTTCCATCGAGTTCCACGAGCTGAGCGGTGCTTTCCAGGACGGAGATTCCGGTCGGCTTCAGATTCGGAAACTCGAGTTCTTCTTTGGCAATTTTACAGAGAAGGTCGAAGGCGTTTCTGACTATCGTCAAAGACAGTTCGAACCCGTCCACGACCACACCTCCCCACGGGCTTTACAGCTTCACCGGGATCGATTCGTGGAGCTTTGCACTTCTATTCTATACTTTACTTTACTTCGATCCAGACGGGTGCGGTCCTGCATCCTTTCAGCGTGAAGTTCTTCGCCTCACCCACACGCACCTGAGGCCGTTTTCGAACAGGAACTCATCAACGATCTCGTAACCCAGACTGGAGAGCTCTTTCTTGATCTGAGCGAAGGAGCGCAGGAGCCTGAAGGCCGGATAGAACCACACCGGATCGTTCTCGTCGGAAAGGTTCGGAAAGCGGTGGAAGATCAAAGCTTCCTCCGCGTCGGAAACGAGGCGTTTCAGTTCGAGCTGAGTTTCGACCCCATCGAGCACGATCCT
NZ_AP014509.1_gap11	276218	276940	722	ATGGACAGGTGCTCGTGCTGCACGACGTGCTCGGGTTGAACCCGGCCTTCCAGCCGAGGTTCGCAAAACGCTACGCGAATCTGCATGAGATCTCGCTGAAAGCGATCTCTCAGTACGCCGAAGAAGTGAGAAATAGAACGTTCCCCGCGGAAGGGAACGTGTTCAAACTGGGGGGAAGCTGAATGAAGATCCTCCACACGTCAGACTGGCACCTTGGACTGCAATCCTGGATCGGTTCCAAAGCCATCGACAGGCTCGAAGAGACCGAACGGGCGATTCACTTTCTCGTCGACCTTGCGGAAAAAGAGAAGGTCGACCTCGTGATCGTCGCAGGGGATGCGCTGCACAACAGGGTCAATCTGAGGATCGAAGCTCTGAACGTTCTGAGCGAAACCGTAGCGAAGTTCGCCTCGATCGCGCCCACCTTCGTGGTCTTCGGCAACCACGACTGGCAGGGGCTGAACCACTGGAAGACTTTCAATTTGAAGAACTTGTACATCGTGGAAAGGCCGGACACGGTTGAGCTTCAAGAAGCCGTTCTGTTCTTTTTACCGTACGTGGACTATCAGAGGCTTCTGGGGACAACGAGAGATCCCATCGCCGCGATGAGGGATTTTCTGGATTCCTATCTTGCCGATTTCAAAAGGTACGTCAAACCAGACAAGGCCAACGTTCTCGTTGCGCACGCCATGCTGGAAGGTTGCTTCGAATCCGAGAGGGAG
NZ_AP014509.1_gap12	280543	284504	3961	GAAGACATAAGGAAAGACATCGTCCAGGCCATCGCCATGGTGACCATGAAAGATCCCGGGCTCTGGGAACACTTCGAGAAAGTGGCGAGTGAGGATCTGGTTTCGCAGGTGAAGAACTTCACGCGGTGACACAACAATCCTTAAAAAATATTGATTGAGCCGAGCTCGCGAGGACCGACGGGGTAGACCTATGGCCCGTTACGGTCTCACCTTCCAGGTTCGAACCCTCAGGCCGGCCTTGAGAGCGCTCTCCACTATGTAGATACGGAGAGGTATTTTGCAACAGAGTAACGATCGTGCGACGATGATGTTCAACTCGCGGAGACGAAATCACTCAATCCATCCGATCAGGATCGTGTGAAATTCACAAGCTTTTCGACTGCGTGGGCGACCTGGACCAGCAAGTCCTCCCTCCACCACTTCGTGACGAACTGCACTCCAGCTGGTAAACCATCAACACGACCGAACGGCAAATTCAGCGCGGGCAGGCCGGAGATGTTGAACTCGGCGGTGAAACGTGTGAGCCTTCTGGCCATTTCGACCGCACCCTCTCCTTGAATCGGAGGAGCGACGATGGGCACCGTCGGAAGGATCAAAAGGTCGTATTCTTTGAACAATTCTCTGAAGCTGTGCTTCACGATCGTTTGAACTCTCCTCGCCAGCGCGTAATCCGTTCCACTCACGGAGGCCCCCTCCATCAATCTCTGTCTGACGTCTTCTCCGAACAGCTCTGGATGCTCCCTCAACCTTTCTCTGTGGAATGCCGCCGCCTCCGCCTGCGTGATCAAACCGTTGGCCGCCGCGGCATCTTTCAACCATTCGAGGGGTCTCTCTTCCACGACGGCTCCGAGCTTTTCCAGCACGCGGGCCGCCTCGTCGACGATTTTCAGAATTCTCTCATCGGCTTTGGAAATGAATTCACCCACAGGCTTCAGAACCTTTATTCCCTCAGGAAACCTTTCAAAATCTGGTTCTCTGATGGGTGCTCTCAGCGAGAAGGGATCTCTCTCATCGTACCTGCAGATCACCTTCAGCACGGTCCAGGCATCCTCGACGCAGCTGGCTAAAGGTCCCACGTGGTCCAGGTGCCACGACAGCGGCAGAACACCCCTCACGCTCACCCTTCCGTAGGTGGGTTTCAACCCAACAACTCCGCACAGCGCCGCGGGAATGCGTATCGAACCGCCGGTGTCCGTTCCGAGGGCCGCCACGACCATGTCCGTGGCGACGGCAACCGCAGATCCACCGGAAGAACCACCGGAGATCCTGCTCGGATCGTGCGGGTTTCTGCACGGACCGAAGTGCGGGTTGTTGTTCGTCACACCGAGCGCGATCTCGTGGAGGTTCGTCTTTCCAACGATTATGGCACCGGCCTTCTTGAGCTGCTGCACCACGAACGCGTCTTCTTTCGCAACGTTGTCTTTGAAGAACAAGCTTCCCGCCGTGGTCTTCAGACTGGCAACGTCGATCAGGTCCTTAACGGCGATGGGTACTCCGTAGAGTGGGGGAAGGTCTTCTCTGTTCTTGAACGAGTTTTCCAGAAATTTTGCCGTTTTCATGGCACCTTCGTAGTCGAGACTTATGAAAGCTCCCAGGTGTTTCTGCGCCTCTATCTTTTTGAAACACTCCTCGACGAACTCTTTCGGTCTGAACTTTCTCTGAGCGTAGAGTCCGACCAGATCCTTTATTTTCATCTCGATCACCCCCGACTCAACTTCATCTTTGGACCTTCCTGAACGAACTTTCCCCTGAACGAAGGTTCGTTGAGCAACAGGTGGCTGTCCAGATCGTGAAAGTCGAACGCACCCGTACCGAGCGCGAACTGGACGCTCTGGTTGATCCCGAGGCTCGATTCAGCCATGCAACCGATCATCAGCTTCAAATTGGAAGCTTTCGCGAGTTCCACTATAGCCATGGCATCGCTCAGTCCACTCTTCATGAGCTTTATGTTGATGTAATCCACCGCCTCTTCCTTCATCAGTCTCAGCACGTCGTACTTTCGTTTTGCAGATTCGTCCGCCGCCACCGGGAACGGAGAGTGGAACCTGACGAACCTGAGACCCTCAACGTCGTACCAGACCACGGGCTGCTCGTAGACGGCTATGTCCACACCGCTGCGGTACACGACGTTCGCGAACTCGATCGCCTGCTTCGGTGTGTAACCCATGTTCGCATCGACTATGAACTTCGCCCCCTTAGCCACCTTTGCGATCTCGAGCATCGCTTCGATGTCTTCTTTGAGGTTTTCACCCACCTTGATCTTGATCGTTCTGAAACCTTCTTTGAAAATCTTTTCGGCGTCTTTCACCCTGTTTTCCAGGGTGTCTATGCCCACAGTCTTGTCGGTCTCGATCTCCTCCTTCGCCCCTCCAAGAAACTCCGCCACGGATACGTTCAGTTCCTCGCAGAGGGCATCGAGCGCGGCGAACTGTACGGCGGCTTTCAGACTCGGAGTTGCCAGAAGTCTGTCGGTGATTTCGAAGATCTTCGCGTAGTTGCGCACATCGAGACCCACCAGACTCTCTTTCAAAAAGTTCTCCATCGCCAAAAGCATTTCGACCCTTTCACCGTTGACCCTGAAGGATGGGGACGCCTCACCCTTTCCCACAGCACCGCTGTCCAGAAACAGTTCAACTTCGACGTTGCTCGCCTCAGAAGATACGCTTCCTGTGATGTGGAAGGGTTTGTGATAAACGTACTTTTTCAACGTCAGCCGAACATCCTTTATCTTTCCCATCGTTCAGACCTCCCAGCCTTCGAACCGCACCACGCTGATGTGAGTTTCCAGACCGATCTTCTTGCTGTGCGTTTCGGCTTCGCCGAGCTGGTTGTCCGTGGGGTCTTCCCTGTAGAACTTCGGTTCCGGTGTGAACTGTTTCATGAAATCATCGTTCGCGACCATCCTGAAGCCGTCCAGATTTCCAAAATAGAAGCTGCGCAGCTTCTCATCGTACCTCCTCGCGCCACCGAAGGAAGGATCGGCCGGAAGCCAGCCGTAAGGTTTGACGTAGAACAGCGCCCAATCGTGCGGTGAGACGAAGTACGGCGTGACGTACCAGCCAGATTGCCACCTCGCAGGAACATTCACGATCCTGCACATCGTTATGAACAGCAGAGCTTGAAAACCGCAATCACCCTTGAGGTTTTCAGCCACGTACTGTGATATGTTCTCGTAAGTTGCGTAGGGTTTGACGTAGCAGTATCTCACCCTGCTCGTGATCCAGTCGTAAATGCGCTTGGCCTTCAAATAAGGGTTCTTTTCGCCACCGACGATCTTGAGAGCCAGGTATCTGATGTAAGGTGTGAAGACTATGTGGGGAGGTTCTTCCCCAAGAAAATCGTCCACGTCGCACTCCTGAACCGCTGAAGGATCGACCCTGTTGATCCATTCGCGGACAGTGTATTCGAACTCGACGATGTACTCTCTGCTCGTGCCTTCGAAGAAGATGGTCCTTTGAGGAACATCGTTGTCGGCCAGAAAGTAGTTCTCTTCGCTCATGTACAGGAGCTTCACATCTTCGATCTGAAAGCCTTCCTTTGGAAAGGGCAGCCAGACTCTGAAATAGTCCTCTGGCGAATCCAGCGTCGCCTTCAACTTTATTCGTACCCTGTAAGTCTTCGGGGCCGAACCGTGGGCGAGCGCCTTTATCCTCTCCTCGATCAACTGTCTGTTCTTTTCCTCTTCGGGATCGGTCAGCATCCTGGACTTGTACTCCGGCCGGGCGAAGGCGATGTTCTGAACGAACCTTTCGAAGAATCTCCTTTTCTTGTTGACGAGGATGAAATCGACGCAACCTTCGTCTATGAGCCTGTAAAACTCATCGTAATCGAAATCCCGAATCATTTCCCGCGCCTTTTCCAGTGCCTCCGCTTCATCGTACGGATGCGCCGCGAGCAACCTCCTGATCCTGAACCTTTCGTATTCGAGACGTTGCCTCTGCACCTCGCTGATGCGCGTGTC
NZ_AP014509.1_gap13	314626	317922	3296	ACGATGTCCATCCGAACGGACCTGTCGGCACCCTCGTTGATGGTGATCCCCGCCGTGGTGTGTGGTACGAAAACGAAACAGACACCGGATTTCACACCTGACTCCGCCACGATCTGCTGGACCTGGTCCGTGATATCAACCATTTCGACTCTCTGCTTCGTTCTGAGAGAAAAGCCCTTCATGACAGCTTCACTCGAACATGACGTTCGTTATGATGACTATATAACCGTTGTGCTCCTCGAACTCGACCTTGACCCTCTCAGGGGAAACCTTGAACGTGTCGCTCACCCAGGTGACGATCTTTTCCTTTATCTTTTCAGAGTTCTCTTCGAACTCGCTCTTGGGAACTATTTCGGTCACAGAAACTGGTCTTCTCCTTTCGAGAATCGCTTCGAGTCTCTTGTAAGCTGTGTCTCTGCTCTTCTCACGCTTTTTCTTCCTGCTGAAGAGGCCGAAGAACCACATCACCATCAGCTCCTCTTTCGGCCGAAGAGATTTCTGAAGAAGGCAAGCAAACCTTTTTCCTGCACCTGCATCAGATCCTGATCCAGCGGTATGGTTTCCCCTTTGAGGCGTCTCGCGATGTTCTCGAAGACGCGCGTTATGCTCAGATCTCCGTTGAGTACAACGGGAATCCCTTTGTTCGTGGCGATTATGACGTCCTCGCAGTCAGGGATGACCCCGATGATCTCGAGCGCGAGCGTTGAGGCAACGTCCTGCTCGGTGAGCATCTCACCGGCCTTGACCATCTTCGGTTTGAACCTGTTCAACACGACCTTCATCGTTTTTTCATCGAATCCAAGGTTCTCCAACAGACCAACGACCCTGTCGGCATCCGAGAGCGCTGGAAGTTCCGGGGTGGTGACTATCAGAGCCATCTCGGCCGGTGCGACCGCGTTCCTGAAACCTCTCTCTATACCCGCTGGAGAATCGATGAGTATGTAATCGAACAGGGGGTGGAGGGCCTTCACGACCGCCTTCATATCCTCTGGTGAGACCATCTCTTTGGTTGCAACCTGGGACGTCGCCAGGAGGTACAAGTTGCGCTGCTGCTTGTGTTTCACCAGAGCCTCCTGGGCACTCACCTTACCGTTGACCACGTCGAGCAAGGTGTGAACGACCCTGTTCTCCAGTCCGAGCACCACATCCAGATTCTTCAGGCCGATGTCCGCATCTATCACGCACACCTTTTCACCGAGTTTTGCCAGAGTGCAACCGAGGTTGGCAGTCACGGTTGTTTTGCCGACTCCACCTTTTCCAGACGTAACGACGATGACTTTGGCCACGAACGTTCACCACCCTGAGGAACTTTTTCGCATACATTTTACCACAACGACAGACGAACTGTTGATACCTACTACATGTTGTGTGGTAGATTACGCACCACAACATATGTAAAGGTGGTAGATTTCGTCGAAATTTGGCCCTACAAGCCATTTTTCTGGTGGTAGATTTCTCCAAACTGTCATGGATAAAGGAATATCTCGACTTCATTGAAAAGTGGATAAACACAGTCAGAAATCGATCCTTCAGTTCTACCAAGCATTCAAAGAATTTACCACGCAAAGAATCTTGAGCTGAAGCCTATCTCGGTACTAATTTACCATTTTCTCCGAGAAATCTACCACGCAATTTACCACGCAACTTACCACCCTGTCACGCTTCAAATTCTCTCTTCTGTAGCGCATTTTCGTTTACGCAACGAGTTGCGTTACGGAATTTACCACCCCCTATTATTTACTACTACTACTAACTTAGAATTAGGATGGTAGAATCTTCTTAGGATAGAAGCGGTAAGATTTTCCAAAATCTGGGGGCGATCGAATGTTCGTGAGGAACTGGTTGAACGATGATTTTCCCTCCATCGGCGTGAAGGCGACGGTGCAGGAAGCTCTCAACCAGATGAGGAAATACAAAACCGACTATTGTGTGACCGTCGACGAAGAAGGAAGGTTCACCGGCTTCGTTTACAAAAACAGTATCGCGAACGCTGACCTTGGATCGTCCGTGGAAGATTACGTCGTGTTTCCCGACTTCTTCACCCACGAAGACAGTTACATAGAAGAAGCCGCGCTCACTTTCAGAGAATCCCAGGAACGCTGTTTGGCGGTCGTCGACTCGGACATGAAGGTGAAGGGTGTGATCACGCTCACCGAAGTGCTCGAAGCTTTCGTCGCCATAACTGCAATGGACGAACCGGGTGTTCGTATACTGCTCACGCTGCAGGATAAGCCTGGAGAATTGAAGAAGGTCCTTGACGTGTTCGCGCTGAACAACATCAACGTACTCGCGGTGAACACGGTCAAACGTGACGGTTTTCGAAGCGTTTCCATAAAGGTGGATGCTTCGGAGCCTAAACAGATAGAAAGACTTCTCAAGGAACTTGGAATCGAATTTCTGAAAGTTGTGAAGGAGGAAGGCTTCTGAAAGAATTGCTCCTGGCGGCGGTGCAGGGTGCGACAGAATTTCTGCCCGTTTCGAGCTCGGGCCACGTTCTTCTGTTCTCAAGATTCTTCCAAGTCGATGCGAACCTGCGGACAGTTGTGCTCCTGCACGCAGGAAGTTTGCTCGCGGTGGTCCTGTTCGTTCGCGGAGATATTTTGAGAGTTTTAAAAACATGGAGGATCCTTGTGAACCTCGCTGTTTCCACCGTCCCGGCGGCAGTTGTGGGCTTTCTCTTCGAAGAACACGTTGAGAGGGTGTTTGAAAATTCGACGTTTCTACCGCTGTTTTTCTCCATCACCGCGATGTTCTTGCTTCTGGCGTCGTTGAAAGAGGGAGACAGAAGCTTGGAATCGATGAACATCAAGCACGCGTTCCTGATAGGGCTCTTCCAAGCTGTTGCCGTTTTGCCGGGAGTTTCGAGAAGCGGAATGGTCTTATCCGCCGTCACACTGCTCGGCTACAGGAAGGAAGAAGCCGTGAGCTACACGTTCCTGATGGCGATACCTGTGCTCCTCGGTGCGAGTTTGCTGAAATTGAGGCAAGCGGACGTGGTGATGAGTCCGATTTTCGTGGTTTCTTTCGTCAGCAGTTTGATCGCGCTCGCTGTGTTGAAAAAGATAGTCACGATACGAAAATTGCGACTGTTCGCCGACTATTGTCTGGCGATCGCATTTTTGAGTTTTCTTCTGGGGTGATCCTCGGTGAAGTTCGAGGTTCTCGTACCTGGTGGAAGCATCAGATTTCCACCTTACGTGATGGCACCGTACTGTACCGTGGCGTTGCTGAGCGATGGGAAGAGACTCGTGCTCGTTGAACCTGGGGGATTTCCCAGCTGGGAGGCTCTGGAACGC
NZ_AP014509.1_gap14	339845	341571	1726	CTTTCTTCTGCGAATCCTTTCATGCAAATACCTTCGCACTTCCTTGCAGCCCTCTTGATGCGCAGAATCGCGAGCAAGTACGTCGCGGCCTTGGGTATGTTCGCCTCTGGTATCGGGGCGCTGCTGTTCGTTCCAGCAGATTCCAAACTGACCGTCCTCGTGGCCTACGCAGTCTCTGGCCTCGGATTCGGCACGTTCATCAACGGTGCGACGAAATTCGTTATAGAGAACGTGCCCGTGAACAGGAGAGCGGAGTTTCTCGGCCTGCTGACATCGGTCAGATCCTTCGGGAGCCTCTTCGGTCCCTTACTCGCCGGCTGGCTCGCGACTTTTTCGTTCAGGCTCGTGTTCATCACCATGGGTGCAGCGATGATCGCTGGATCGATCATAACTTTGAATTGCAAATGACTCGCGTTGCGATGAAATTGGAAATCGCCGATCGTACCGCACGAAAACAGAGGAGTGGCTGAGCCTGGATCAGCGCTGCTCTGGTTTTTCCTGCAATCTGAACAGATCGGTCCTCTCGGTGTTGGAGAGGAGAGCCTTCCTTCTGTGCGCGGCGTTGAGAGCCATCCTCTTGAGGATCGCCGGAAGGTCGCTTTTGGTTAGAATTTCCTCACCGATGATCTGTTCCAATTCTTTCGACAGTTTGTAACCGTTCTCCGTCTCGGGCTCGAAGCGAACGTGGTCCCAGTGGTTCCTCGTGATCGATGGGTTCACTCTGTTCAAAAGCTTCAGCGCGAATTCAACGAAAACATCGCCCGTTTCTTCCGGTCTCTTCACGGCGGACAATCTCTCACGATAAGCACTCTCGAGCTCTTTCTCGAACTTCACGAAGGAAAGGACCTTTTCACCCTTCTTCATGATCATCCCTCCTCAAGAGGATCGTTGAGAAAATACATCAAACCCATCACGAGCAGGGCCGCGGTCTCAAATCGGAAGATGGTTTCTCCCAGATTGAACAGCCTGTACTTGGAGCGCAGCGATTCCAGTTCCGATTCGGTGAAATCACCTTCCGGGCCCACGACGATGTTTCTGTACTGGGCCGCCTGTGTCAACGTCAGAGGCTCGCCGGACTGGTGGAGCACGAACGTCTTCGATGGTTCTACGGGTAGATCCAGATTGTCCAGGACCTGAAGCTCTGGAAATCTACACCTTGCGCACTGTTTCGCGGCGTTTCTGATCACGAGTTTTATCTTCTCCACCTTGTCGCTGTAGGATCTACCCCTGCTCGGTTTGTAGACCACGATCCTCGCTATTCCAACCTCGACCGCTTTTTCAACGAGCCACCTGAGCCTTTCCCAGTGCTGCGATGCCACGCACAGGGTCACTGGCAGTATTTTTTCTCTTCTCTCTTTAGACTCCATTATTCGCGCGATGGATTCGTTCTTCCCTATCTTCAGAATCTGGCAACGGTACAGCTTACCCTCTCCATCTGTGATGAATACCTCTCGCTCCTCCCGGATCCTGACGACCTTCAAATGTTGTGTTTCGTGCGCGTCCAGGACGATGAATTCACCGTTCGGTTTTCCGTAGAAGAGGTGGGGCAATCAGGGGATCACCTCGCAACCTAAGTACGGCTGCAACGCCTTCGGAACGTCTATCCTTCCGTCGGGCCTCTGGTAGTTTTCCACGATCGCCACCAGCGCCCTCCCGATCGCCACGCCCGAACCGTTCAGTGTGTGGACGTAATCGAGCTTTCCGTCTTTTCTTCTGTATCGGATGT
NZ_AP014509.1_gap15	368116	371838	3722	GTGGTTTGCTGATGGAAAGCTTCCTGGCTATGTCGAGCCTGGAAATGCCGGGATTGTCTCTTATCAGTCTCAGTATCGTCGCTTCCAGTTCTGTGAGCAAAACGGCCCCTCCATTAGTTATCCCCCATTAACCAATATGATGATAAAACCACAGTAACGTTTTTGTCAAACGACGAACCAGGTCATCATCCCGTGAGAACTTTAAATAGCAGACAAAACCCGAGCTGTATTGACCACAAGCATCTAAATAGCCGTACGATTTAAGTTATCCACTGAAATCGATCTTTTGCTGGTTCGATGTTCAAACTGTTTAATCTTCCCAGTAGGTGAAACTGGTGTTCAACGTTCAAAAGTTTCTTCAACTGATGCAGCCGAAACGGTGGGTGAACTGAGATCTTATGCAGGAGTAAAGAGACATTCCGGCAATCCCATACTGACGAGAAAGGATGTGCCGTACCCTTCAGCGCTGGTCTTCAACCCCGGCGTGTGCAAATACGGTGGAAGATATGTCATGGTGTTTCGCAACGACTATGGATCTTTTGAGGAACAGAGAATCGAAGGTACCAACTTGGGACTTGCGTTCAGTGAAGATGGAATCGAATGGGAAGTCTCGTCCGAACCTTTGCCCATGTTCGTTGATGAACCGGACGCGATCAGGATCTACGATCCCAGGCTGGTGGTCTTGGAAGGAAAACTTCTCATGACCTTCGCACTCGACACGTTTCACGGTATCAGGGCGGGCATCGCGAGCACGGAAGATTTCAAGAACTTCGAATTGATACATCTTTCTACACCGGACAGCAGAAACATCGTACTCTTTCCAAGGAAAGTAAACGGTTACCACGTGAGACTCGAAAAACCGTTCCCCATGTACGGAAGGCTGGGAATGGAGAGGTTCGACATCTGGATCAGCTTTTCGCCGGATCTTCGGTTCTGGGGAGAGAGCAAACTGCTTTTGGCTGTGGAAGATGTGTCTTTTGCTAACTGCAAGGTGGGGCCTGGGGCGCCACCTATCGAAACGGACAAAGGCTGGCTGGTGATATTCCACGCGGTCGATGTCGATCCGTCAAGGGGCAAGAACGGCTGGGAAGACAAATGGACCAAGCGCTACAGCGCAGGTGTCATGCTTCTGGATCTGGAAGATCCGACGAAGGTGCTGGGCGTACACGAACAGTCCATCCTGGCACCTGAAACAGAATACGAAATCAGTGGAGGTTTCAGGAACAACGTCGTTTTTCCAATAAGAGCCGTCCTGGAAAATGAAGAAGTGAAGATCTATCACGACGCGGTGGACACGGCGATCTGCCTCGCGACGGCGAATGTGAACGAGCTGGTCGGGCTTTGTCTCAAAAATTCCTGAAGAACGTCCCTGACCCGGTGGTTCTTCAATCGAGATCTTCGGTGCGTTGATCCCCGGGTCCAGCAGGATCGATCGTGAACCGAAACGAACGCCGTTGTACAACCTTATCGTTCCCCGAGCAGGAGCTTTTTCAGATGTTCTTCTTCCTTCGCCATCTCCTGTGGTAATTCCTCTCCTTTTCTCTTCATCTCCAGGATCGTCTTCAACTTCTCGTGCACGGATTTCGTCAAAGGATACTTGAGCGCTGCGAACAGACTCAGCAACAACAATCCCACCGGGAGCAACGCGAAGAAGAATCTCAAAGCCATAATGAACGATTCACTCTGCGGTTGCTGAACGAGTTTTTTCACTCCATCGACGATCTCTTCCTTCGGTGGTATGTAACCCGCCAGGGCGATGATGTTAGATATCAAGAACAGTCCCACCGCGGAGCTGAGTTTCCTCATGAAGGTGAACAATCCTGAGTAGATTCCTTCTCGGCGCTGACTACTCCTGAGCTCGTCCGTATCCGGTATGTCCGCGAACATCGAGTAGATCATGACCACCACGGAGCTGGTTCCAACACCCACCACCGCTGCAAACAGATAGATGACGAACGTTGGGCTCGTCGGTAGTATCGCGAAGCTGAAGAGCATCGCAACGATCCATACCGTCAGGCCGAGTATGAAGGCGGTCTTCTTTCCAAATTTTTTCCCCAGCGCCGACCAGAATGGAATGAAGAGAATCTCAGAGATGAGCAGTGTCCCGAGGGTGAGGTTCGTGATCTGCCCCCTGTTCAGATAGTAGGTCATGTAGTACACTAAGATGCTCATGATGACGTCCATACTCAAAAAAGAGAACAGATACATCAAAAGGACTTGGACAAAGCTGCGGTTTTTGAACGGTTCGATGAAGTTTTCCCTGAAACTGAACTTCGTTTCCTTCCAGAATTCTGGCCTTTCTCTCGTGGCGGTGAAGACCAGTATGAAAGGCAGTGCGAAAAAGACTCCAAAGAAGGTGCCCATCACCGTGAAGCCTGTTCTGGGGGATGGGAAGCGTTTGACGATCTCCAGCGGCAGTATGGCGCACAGGACTGAAGAAAGCATCGAAAAGAACATCCTGAAAGAATTCAAAGAGATTCTCTCGCTGTAATCCATGGTCAGCTCGGGTGCGAGCGCGTTGTATGGAATCATGACCATCGTGATGATCGTGGCGAAGAAGATGTAACTGAAAAGTGCGTAATAAAAGCGCGATAACTCGCTGTGAAAATTGGGAACGTACCACATCAGGAAGAAGGAGAGGAAGATGAGAGGGATGCCTATCAAGAAATAAGGTCTGCGCCTGCCGAATCTGGTTCTGGTCTTGTCAGAGATGATGCCCATGATGGGGTCCGTGATGGCGTCCCAGATCTTGCTCACCATGATCACGGTTCCAGCCAGTGCCGGATTGATGCGCATCACATCCGTGAGGAAGTAGAGATAGTAGGTACCGATGATTATGAAGGCTCCTCCTCCGTAGAGATCCCCAATACCGTAACCGATCTTGGTTTTCAGACTCAGCCTTTCTTTCTCCACAAAACACACCCCCCACGAAGGAACGATTGTATCCGCGCGGTTTCACCTCACGTTGTCTGGATCGTACACCAGCACCGCAGAGCGGTGGGTGACGTAGAGCCCTTCGAAATTGCCAAAGTTGTAAGGTTGACCCACCAGCTTTCCTTCGACGACCAGCCGAACCGCCTCGATCAGGTCTTTGAGGTGCTGAACATCGAAAATTTTCGACTCGGTGAGATGACCGTGGTATATCTTCTCGAAGCCATCGGTCTGCAAAAGCTTCTCGAGACTCTCAAGATAAACCGCGAGGGATAGACAACCTGGAAGATGCATCCACGTGTGCCCCGCGCCGATCGCATCCCCGCTGAACAAAAGCTTGTTCTGTCTGTCTATCAGCACTACGGAGCCGGGTGTGTGACCGGGCACTTCGAAGACCTCCAGGCACCTCCCACCGAGATCGAAGACGTGCCCTTCCCTCACGTCCATGAACCTTTGCACTGGCACGTTCAGTTTGAACAGTTCTATTATGGAAAGGTCTCTGTGGTTGAGGTAAACCTTCTCGAACTGGTCTGCCTGCATGATGTGGTCCCAGTGTGCGTGGGTGATCACCACGGACAAAGGTTTCTTCGTGATCGATCTGACGAGAGCCTTCAGGTCCCCTTCACCCATGCCGGTATCGATGAGGAGCGCTTCACGTTCCCCTTCGACCAGGTACATACTGTCTTTCCTGTAATCAATGATGTGCCAAACACCTGGTTCAACCTGTGTGAAGGAATATTCGTCTTTCTTCATACTCTACCCCCCGATGATTGAGAGTCAGATTCGAACAT
NZ_AP014509.1_gap16	383031	387509	4478	AACTCTTGATCCACTCACACTTCAGCTGTGACAGCATCGTAGAGCGTTTCCAATGGTTCAAGCCAAGCAAAGTACGAGCCAAACCACCACTTACCTCTGTGGCTTTCTGGGAACGTTCCCCACTTGTTAGATACGAAGGATTTCTTTGAGAGCGTGTAACGGTACACTGAATCGACTGTGTCAATAAGCATCATGCTTTCTCCGAGCGGTGGATCACCAGCGCGCCCACCATGTCGCCCGTGACGTTCACACAGGTTCTTCCCATGTCCAGGATCCTGTCGATACCAGCGATCAAGGCGATACCTTCCATGGGAAGACCCACAGACGTGAGCACCATCGTGAGCATGATCAAACCTGCGCCTGGTACACCGGCTGTACCTATGGACGCCAAGGTGGCCGTGAGCACGATCAAAAGCTGTTGCGAAAAGTTCAGCGATATTCCAAAAATCTGCGCGACGAACAGGGCACATATACCTTGATACAGCGCCGTGCCATCCATGTTTATCGTTGCACCGAGGGGCAAGACGAAACTGCTTATCGATTTTGGAACGTTCAGTTCTTTCTCGGTCACTTCCATCGTCACCGGTAGCGTTGCGGAACTGCTGCAGGTTGTGAAGGCGACCAGCATCGCCGGTGCAACCTTTCTGAAGAATTCACCCGGGCTCATCTTACCCAAACCCTTCACCAACAGTGAATAGACCAAGCCGGCGTGGATCGCGAGTCCTATGTAGAGTGCGATTATGAGTTTCAGCATCGGAAGGAGCGCCTTTGCACCGTGCGTTGCCACGACCGGAACGATCAGCGCGAACACGCCGATCGGCGCGTACCACATGATGATGCGAACGATCTTGTAGCTCACTTCAGCCAAGCCATCGAAGAAGTTGAGCAAAACCTTCGCTCTTTCTCCCACCAACGTGATGCCGATACCCACGAAGATCGCGAACACGATTATCTGGAGCATGTTCGCATCGACCATCGCCTTGATGGGGTTGGTGGGCACCAGGTTCAAAAGAACATCCACCAGTGAGGGCGGTTTGGCAGCAGTCACTTTCGCGTCGGACGGAAGCGTCAGACCTGAGCCGGGTTGCATCAGATTTCCCATGATCAATCCTATGGTGACAGCCAACGCTGTGGTCAGAAGATAGTACGCGATGGTTTTAGCTCCCAATCTGCCAAGCTTTCTGACGTTCTCAACGCTCGCCGTACCGACCACAAGAGAGGCGAGCACCAAGGGCACAATGATCATTCTGATGAGGTTTAAAAACAGATCTCCAAACGGTTTGATGTAGCTCTGTGCGAATTTTGGAAAAGGTTGAAGGATCAAGCCAACAACCACTCCGACCAGTAAACCCACCAAGATCCTTGAGGTTATACCTAACTTCATGCCGTCTATCCCTCCTTAAGTGAATTATAAAAAAATGGAGGGGGTGATCCCCTCCATCAGAAGACCAGTTATGCAAGATTAGAATTCGAAGATTTCGATGAAATTGTTGTCTCCATTGTAAACTGTTATCTTTCTGTGTTTGGTTTTCTGCATGGACACAGGCATTTCCAAATAAGCTGCATCTCCAAAGGCCATATACACATCGTAGGTGCCAGGCTCGATCCCAACGAAGGGTAGGAAGCCGGCATCGTCTGATTTTCCGTAATACACAGGCACAGTTTCGTTTTCTGGGTACATCGTTACGTAGACCTGCGGAGCTCCGAGCAATTCTCCTTCGATGTTCACATAGAACTTGAAATAAACATTTGCGCCTTTGTCAGACGGTAAGGGCTGTGTCAACGCCTTAAGCGCATTCACCCTGCCCCATCCGCTGTCATGGTCAAAACCGGGCGCCATGATGTCGTCCGCCGTCGCAGCAACATGTTTCCTGATCTGATAGACTGTGTAATCCACTCCTTCTTCGTCCAGTTTCTCAAGCAGCAAAGCCACCAAGCCAGAAACATGCGGGGTTGCCATGCTCGTTCCACCGTAGAAGGCGTACGGATTTTCACCGTCGAAGAATTCGTCAGTGTCCCATAATGGCACAGTGGAAAGGATCGTGTAATCACCAGGTGCAGCAACCGTGACCCACCTACCGCGTGTGGAGAAATGGGTGATACCATCGACCGCGGTGCTCGCAGCAACGTTTATAACTCCAGGATGACATGATGGGTAATGAATTTCATCTACATGGCCGTTACCAGCAGAAGCAACGACAACACCTCCAGACCAGATGACGTACGCGATTGTATGGGCCAACGTTATTGAATAGCCTTTTCCGCCCCAGCTGTTTGAAAACACCCTTGCACCGTTTTCTAACGCCCACAAAAACCCTTCTGCAACATAATCGTCGCCTATGTATCCATCTTCATCAAATATCACTATCGGCATGATCTTGGCGTTTGGAGCCACACCGACAACACCAATTCCATCCTTCTTTGCAGCTATTGTTCCAGCAACGTGAGTTCCATGAGCGCCACCGAAAGAACTGTCTGAATCTGGTGGCAAAGTTTCACCTGTCGAAGGTCTGTAGCCCTCGACAAGCTGGCCCTGTAAATCCGGATGAGTACCATCCACACCCGTATCTATCACCGCAACTATGATTCCTTCACCTGTGTAACCGAGTTCCCACGCTTCGGGCGCTTTCACTTTTCTTATACCCCAGAGCCATTTCCAGAACTCTTCTTCCTCTTCGACAGTGATCGCTTTTGTCTTCAATGTAGATTCGAGCAGGTCCTTGGCATTGTCGTTCTTGACAGGTTCTATCAGGTATCTTTTGTAGCTCGGTTCGACGTAACTTATCTTTTCTCTCAGATCAGCGTTCTTTTTGAGCTCCTCCATGATCTCTGTTCTGATCTGTGAGTAAGGCAAAGACGTTTTGAAACTTATCGCGTTGATCTCTTCAAGATCTGCCCTAACCGTTGCCGTGGGGTCTATCTTGCTGACAAGGTCTATGGCATCCTGTTTATTGGCTTTGTATCCAACTATGACGATGCCTTCCATGATCTCTGCGTCTTCATCGATGGGAACCACGATGTTTTCAATGTTCGAATTCGGCGACGTGTTCTGATTGATCATACAGCTTGAGAGTGCAAGAAGAAGGACAGCTAACACAAACATCAATATCTTTTTCATCTTCTTCCCCCCTTTCACTCACCAGTAGTGAACCTGTTGAAATGATCGGCGTCATTTACCCACCGGTCGAATTCACGATAATAGTCTATGGTTGCCGAGAACCATATTCCATCGTCTGTTTCATAATAAGCAACTGCTATGTCCAAGCCCCATTCGTAGGTTTTGAACTTTTCAAGTGGATCGAGCTGATAATCGTAACTGTAGTCTGGGTAGATTCTGATCCATGAACCAGAGGTTGGATCGAACGGCAGGCTCACCAGTTGTGGTCCCTCGGTGTAAGTGAAAGCATCGTAGAAGATATGTTGATCACTCACGGCCGTATCGTAAATCCAAGGACCGTAATAGACGAAGGTTATTTCTTCATCCGGTATTTCGTTTCCACCAATATGCGGTGTTGATGTCCAGTCTCTCCAGTCGACCGGTTTCCAGACGAACGTTGGTGTGCGGGACACGTTGGTCTCGTTGTCTGCAGGCGAAATCAATTTGACCTTGAACAGATCAAGCGGTACAACTTCAACAACGTTGCTGTTTTCTGATTCAGTTCCATCTACATAAACTGTTCTTACAGTGTAATAATACTTTTTGCCCGGTTCAAGATCAAAGCCTTTGTCAAATCTGAAGTAAGATGTGGTAAACGCTACCTTTTCCCAATTTTCACCATCGGTTGATCTGTAAATGTTGTACCCGGCTCTGTTAGTGCTTGGTGCATGCTCCCAGGCAAGTTGAACAAAGATGTTTGTTTCAGGTATGTTGTGTTCTGGCTTATAACCCTTAAGTTCTTCGATCATTTCTTTTGGCAGTTTTTCTTCAAGTATTTGTTTTATTGGACTTGGCAGGCTGTAGTATTCCACATCGGCATCACTTGTCCAACCAGCATACCAAAGTCCTGTAGGAGCATACCTTGCAGTAACTTCTGGTGGTGTTCTGTCGATTGTAAGATAAACAATTTTGTCAACTCTTGTATCGTTCGGTGTGTAAACAACCACATGCATCGGCACCGTGACATTGTCGAACCTCGTAAGAGACAACGTGGTTGTGAACTCATACGTGTCTAAAGCAATAGCATCTCTTGCAACAGCACTTGGTACGTAATCCAAACCAATGTACATCACATACATCACTTCAGAGCTTGTCACCTTAACTTTTACAGAGTCAAATGTCAATGTTGTGGCCTCTGGATCAGGTATAGGAGCACCTTGTGGGGTGAACAGTTCTACTGTAACATGTGGAACAACATCATAATCTGTCATGGCCCTTCTGGAAAGCGTTTCAATGGTCCTTAGAATGCTTGGATCGTAGTTTTGAACAACACTCGTGGCCCTTCCCTCACCGGTGATCTTGACATCGTATCTACCATCTG
NZ_AP014509.1_gap17	389038	393731	4693	GCTGTGGATCTGAAGGATTTCATCAGGGATATTCCCGACTTTCCCACGAAAGGGATCATCTTCAGGGACGTCACCCCGCTGCTGAGAAACCCTGCGGCCTTTCAAAAAGCGATCGACGAGATGACCAGGACCATCCAGGATATGAACTTCGATCTCATCGTTTCGCCAGAAGCGCGTGGTTTCATCTTCGGTGCGGCTCTCGCTTACAGGCTTGCTAAAGGTTTCGTACCGGTGAGGAAGCCGGGAAAGCTTCCGTACCAGACTGTTTCTGTCGAGTACAGCCTGGAGTACGGAACAGCACAGCTTCACATGCATTCGGACGCCGTACAGAAGAACCAGCGCGTGGTCATCGTCGACGATGTTCTGGCGACCGGAGGTACGGCCGCGGCGATAGTGGATCTGGTGAAAAGCGTCGGCGGCGAAGTGGCGGGAATGTGTTTTCTCATAGAGCTGAGTTATCTCAGTCCGCGTGAAAGGCTCAAAGGTTATGATGTGCGTTCAGTCCTGGTCTACTGAGGAGTGGTGTTCGTGCTCAAATTCGATTTCAGTTTCATGTTCGAGCCCAACGTGAAGGGTGGTATAAGCGAGGAAGAATTCTCGAAGCTCGAGCCGACGATGAGTCAGCTCGTTGAAGAAGTTGCGAGAGAAAGACCCGCGTTCGTGAAGGTTCTCTTCGACAGGAACCTGCTGGACAGCGTAGAGGATCTCAGGGAGTGGATATTGAACTTCGACAACTTCGTCGTGATAGGCATAGGTGGTTCCAGTCTCGGTGCGGCCGCTCTGGCTAATGCTTTGAAACCTTTCGACTGGAACTATCTTTCGAAGTCCGAAAGGGGAGGTTATCTGAGGATCTTCTTCCTTGAGAACGTCGATCCGGACTACACGGCGAGCGTTCTCGATAGAATAGATCTGAAAGCGACAATCTTCAACGTCGTTTCCAAGTCCGGTTCGACCGCAGAATGTCTGGCACACTACCAGATCGTTCGTGGCCTGCTCGAGGTCCGTGGATTGAAAGTCTCGGAACACGTGGTGTTCACCACGGATCCGAAGAAGGGCTTGCTCAGAAGGATAGCCGAAAGGGAAAAGATCGTCGTGCTGGACATACCACCAGAGCTCGGAGGCAGGTTCAGCGTTCTCTCACCCGTGGGGCTTCTTCCCGCGATGGCCATAGGCGTGGACATAAAAGCTTTAGTGGACGGGGCGAAGGATGCGTACACCAAGTGTGTCGTGCTCGATGTGTGGAAGAATCCTGCGGCGATGATGGCGGCGTGCCACTATCTGCACAAGATCAAGGGCAGGCGCATCAGCGTCATGATGCCTTATTCGAACAGGCTCTACACGCTCGCGGACTGGTTCAGACAGCTGTGGGCGGAAAGCCTCGGCAAGAAGTACTCGTTGAGCGGTGAGGTCGTTCACGAGGGACTCACACCGATAAAGGCACTCGGTGTGGTGGATCAACACTCTCAGCTGCAGCTCTACAACGAAGGACCAGACGATAAGACCATAACGTTTTTGGAAGTTGAGAAGTTCGACAGGAACGTTCTGATACCTTCCATCCACGACGATGAGGAGATCTCTTACCTCGGTGGAAAGAGACTCTCCGATCTGCTGAGGAGCGAACTTTTCGGAACGGAAAGATCGCTCGCCTTCAACGGCAGGCCGAGCATGCGCGTGATCTTTCCAGCGATCGATGCGTACAATCTCGGCCAGTTCTTCATGTACTACGAGTTCACAACGACGTTGATGGGAAAGCTTTTGAAGATCAACCCGTTCGATCAGCCTGGAGTCGAGCTCGGTAAGCAGATCACTTACTCTCTGATGGGCAGAAAAGGTTTCGAGAAGATGGAATTTCCAGAACCGGTGAGGAAGGTTGTGATCGAATGACGCAGAAGATCGTTGAAATATTCAAGCCAAAGAGTCTGTACCACGTGGACGAAGGTCCCCTGGGTGAGAACGTCTACGTTGTGGTCGTGAGCGACGGGATCGATCTGGAAAAGAAGTTCGTCGAGTTCTACGAACAGGTCGGAACGGAGCCTGCGCTGATCGTCGTGACCGAAGAAGAGTTCGAGCAGATCAGCTCGCTCCTCGGTAAGGGGGAGAAGATCCTCTGAGACTGGTCGTTGGTCTGACTGGAAAGATGGGCTGTGGAAAGAGCACCGTGGCGGGCATGTTCGAAGAGCTCGGAGCCAGGGTGATAGACGTTGACAGAATCGGTCACGAAGTTTTGAAAGACCGCTCAGTCAAAGAAGAATTGAAAAAGCTGTTCGGTGAGATCATCTTCAACGAAGATGAGATCGACAGGAAAAAACTCGCGAAGATCGTTTTTGAAGATGCCGAAAAGCTGAGTGCGTTAGAGAGGATAGTTCATCCCATCATCAGAGAGAAGGTTCGAAGGTTGGTCGAGGATTCAACCGGCGTGGTGGTTCTGGACGCGGCACTCTTGAGAAGAATAGGGCTGGACAAATTGTGCGATGTGATCGTAACGGTGAAATGCGACGAAGAAAAGATCGTTGAGAGGTTGAAGAAGAAAGGTTTCACAGAGGAAGAGATCAAAAGAAGGCTCGCCGCGCAGAGAGACGTCGTCGAAGAAGGTGTAGTGATCGAAAACAACTGTGATCTTGTCTCTCTGAGAAGAAAGGTGAGGGATATCTACAACCGTTTGCTTGGAGGAGGTGTTGGTGGATGAGGAAGTTTCTCGTGTTGCTGGCGGTGCTGCTGGCCGTCCTCACGATGGCAAAGGTCAAGGTCACGTTCTGGCACGCGATGGGTGGAGGACACGGTCAAACTTTGCAGGAGATAGTGAACTTCTTCAATCAACAGCATCCAGACATCGAAGTGGAAGCGATTTACATCGGAAACTACTCCGCACTGCAGCAGAAACTGCTCGCCGCGGCACAGGCTGGACAACTGCCCACGATATCGCAGGCTTACTCCAACTGGACCGCGAAGCTCATCTATTCTGGTATCGTGGAACCTCTGAACGCCTACATCAACGATCCAAAGATAGGCCTTTCCAAAGCGGAGTGGGAAGACGTCTGGGAACCGATGAGACTGAACTGCATGTGGGGCGACAAGATCTACGCCGTGCCGTTCAACAAAAGTATCTACGTCCTGTACGTGAACACCGACGCACTCGCACTGGCCGGATTGAAGATACCGGAAACGATCGGTGAACTGAAGAAAGCTGCGATACTTTTGACCGAAGATTTCAACAACGATGGTACCATCGATCAGTACGGTTTTGGTTTCAGATCCACCGTCGACCATTTCCAGGTGTTCTTGGCGCTCAACGGTGGTTCGATACTCAAGAAGGGCCCGGACGGCAAATGGATGGTGACCATCAACAGTCCAGAAGCGAAGGAAGTGCTGGAATTTCTGCTCAGCCTCAAGGACAAGTACGCGCTCGTGCAGGGTGGTTATCTGGACGGACCGTTCGGTGAGGGCAAAATAGCGATGTTCATCGAGACTGTGGCGAGCAAACCTTACGTGGATTCTGCTTCGAAGGGTAAACATGGCTGGACCTGGGCACCGGTACCGGTATGGAAGACGAGAAACGTTCAGTTCGCTGGAACGGACGTGATCATGTTCAGCACCGCGAAACCTGAAGAGAAGAGAGCTGCGTGGGAGTTCATGAAGTTCCTGATCTCTCCAGAGATCACCGCGTACTGGGCGGTGAAGACCGGATATCTGCCCGTGAGAAAGAGCGCGACCGAGACGGCGATCTGGAAGAAGTTCGTCGCGGAAGATCCTGCCGCAGGAGTGCCATTGGTCCAGCTCCCGCACGGTGTTTTCGATCCTCAGATCGGTGTCTGGGCTGAGATAAGAAACATCGTTGGGACGATGGTGAGCGACGTTCTCTACGGTAAGAAGACCGTGGAAGAAGGTCTGGCCTGGGCTGAGGCGGAGATCAAGAGGCAACTCGAAAAAGAGGGCATGTGAGAAGAAAGTTCAGGCGGGGGGCTTCAACCCCCGCTTTTGTCTCGGAGGGATGAGCGTGAGAGGAGATCCGTTCGGCAGACACAGGGTGATCGAACCGGCGGGGAAACTTCCACAACCTGCCTGGAGATTGGACAACGACACGGGCAAGCTTTACGACAACGAGATGCTGATCGACGTGATCAAGCTCAACGTGGATGCGGCGTCTTTCGCGCAAATAAAGAGCGAAGTGGGAGCGGACGAGCAGAAAGTCGCCGAAAAGATCATGCAGATCGTTCAGCAACGTGGCAAACTGCACAACCCGGTTACCGGTTCTGGAGGTATGCTCGTCGGCAGGGTGAAAGCGATCGGTAAAGATCTGAACGTTGATGTGAAGGTTGGAGACAAGATCGCCACCCTCGTTTCGTTGAGCCTCACACCTCTGAATTTGAAAAAGATAAAGAAGGTGCATTTGGATAAAGACCAGGTGGACGTCGAGGCCGAAGCCATACTGTTTGAAACCGGTGTTTTTGCACGCTTGCCGGAAGATATGCCCGAGTCTGTGGCGCTCGCGGTGCTCGACGTTGCCGGTGCTCCAATTCAAACTGCGAGGCTCGTCTCGCCTTCCGACCTCGTGCTCATCGTAGGTGCTGGTGGTAAATCTGGGGTGCTGTGCAGCTATGTGGCGAAGAAATACGCAGGTCCCACGGGTAGAGTCGTCGCACTGGTTCATTCTGAAAGGTCTGTCGAACAACTCAAGAAGCTCGGTTTCGTTGAC
NZ_AP014509.1_gap18	397429	402013	4584	CTGAGAAACTCGTACAGCGATTCTTTCGACATGTCCTTTTTCAAGATGCTCAGAATCCTGACGTCCACAGCGGGATTGAGGTATGCGGCTTCGATGGCTACAGGCTCGTCGTTGAGGAAGCGCACGCGCCTGAGCAACACGACCATCGCACCCTGTTCAAGGCCGAAGACCTGGCAGAGTTCGGGAGGTATTTCGACGAGCCTGTTTTCAAGAACGTGCGATCTGACGTTCAGGCCTTCTTCCTTCGCTTTGTCTGTGAAACCTTTGAGCACGTTCATGGATTCCTCTTCTTTCTTGCCGACGATGAACGTTCCTTTACCTTTGTGACGCGAGATGAGCCCTTCGGATTTCAACTCTTCCAGCGCGCGCCTTATGGTGAGCCTGCTCACCCCAAACGCCTTCACCAGCTCGATCTCCGGTGGGATCCTGTCGCCCGGCTTGTATTCACCCTCAGAAATCCTGCGCTTCAATTCCCTATAGACGCGATAATAGAGAGGAACAGGATATTCTTCCACGTTCATCCCCCCAGCATCGTGAGTGCCTTTCTCAAACTCGGCTCCACACTCAGTATTCTCTGGCACTCCTTCAGATCTTTCTTCGAAACTAAGTGCAACACCGCGAGCTTCACGTTGTAGTTGGTCTTCTCAAGGACGATTTTAGCAGTTTCTTCATCCACACCGGTCAGTTCTGTCACGATGTTTATGGCCCTCTTTCTGAGTTTCTCGTTGAGTACCAGGACATCGACCATGAGATTGTCGTACACTTTGCCGAGTTTTATCATCACTGCCGTGCTGAGCATGTTCAAAACCATCTTTTGTGCCGTACCGGCTTTCATACGTGTGCTGCCCGCGATCACTTCTGGCCCTGTGATGACACTCACAACGATGTCTACGAACTGTGCAAGTGGAGGGTTGTCCACGTTACAGATCAGCGCTGTTTTACAGCCTAGTTGTTTTGCATACACCAGTGCCCCCCTCACGTACGGTGTGCTGCCACTTGCGGTTATGCCTATGACGAGATCTTTCGCCTGCAACTTGTGGCTCATGAGATCTTTTTGCGCTTCGTCCACGAGATCTTCAACACCTTCGATGGATCTGCGCAGCGCCTCAAAACCACCCGCGATGATGGGCACGAAGATGCCTTCTTCAAGACCGTAAGTCGGTACGAGCTCCACGGCGTCCATGAACGCTATGCGACCGCTGGTGCCCGCGCCAACGTAAAAAATCCTTCCGCCAGAGTTCAGCGTCTCAACGCACACCTCAACGAGCTTCTCTATCTGTGGCAGCGCTTCGCGGACCGCCAGGGCGACTAAGGCATCTTCCTCGTTTATGATCCTCAAAATCTCAGCCACGCTCTTTTCGTCTATTCTCTGAGATTTTGGGTTCCTCATCTCCGTGATCGTTCTGTTCTCGTTCATCTGAACACCTCCACGGGCAGTTTGCCCACGGGCTTCAACTCACCGAGCATGACCTTCAGTAACGCTTCCTGTGAAACCATTTCGTAGCCGTAGGTGCACAGGCTCGAAGACTCTATCAAGCTGCAATCGTACGGATTTCTGAGCGCGACGAGCAGAACTCTTTTGAAGTTTTTGCGCACCTGGATCAAGAACTCCTTCTGCCAATTGGAAAGATGCGCGTTTTCGGTGAACACGACGCACTTCTCAGCCTTCGGAATTTCTAGCCCTTCTTCGAGAATGAAAAGTTTGCAAGCGAACCTCTTCGAGATCTCTTTCGCCACCCAGGGAACACCGATATCGGTTTCCTGAACCTGCACCGATCTGCTCAGTCTCACGGTGAAGACGTAATCGTCCTTATCCAGTTTGAGCGGTAACATGCCATCGCTGTCGCGTACGAGCGTGATCGAGCGCTCTGCGATCTGTCGCATGGTCTGTTCATGCTCTAGATCGAAACGGATCACTTCGGGCGGTTGCTTCACCGCGAACCTTTCCTTGAACTGTTTGATTCTTCTGAGCGATTCTTCAAGCCTCCTCTGCAAGAATGAATCCTGTTCGATCTTTTTGACAAGCACCTTCTTCGCCGCCATCTGCGCGTCGGGTTCGTGACAGACGGTCAGAACATCCATGCCCGCCATGAAGGATCTCACGACGGCTTCTTCCACCATCATGTTCTTGACGATGCCCCCCATCAAAAGATCGTCCGCGACCAGAACACCGTCGTAACCGAGCTTTTTTCTCAAAATCTCGCTCAATACTTCGTACGAAACGGTGGCAGGTTCTCTTCTGGTTTGAACCTTTGGAAGGTACACATGTGAAGGCATGATGCTGTCTATACCTTTTTTGATCAACGTCTTGAAGGGTACAAATTCCCAATTTTCGAGTTCTTCGAGACTTTTTTCAAGCGTCGGCATTTCGAGATGTGCGTCCAACGACACACTCCCTTTTCCAGGAAAATGCTTCGCACACGCCGCAACGCCTTCTTCTTTCAAACCCTCGTAGAAGCGCGTTGTGAACTTCGAGACGACTTCAGCTTTGTCGGAAAAGCTCCGCACACCTATGCCAGGATTGTTGGGATTGTCGTTGATGTCCACAACCGGTGCGAGGTTCCAGGTCACACCGACTGCTTTCATCTCTCGCGCCAACACCTTCGCGGCACGGTAGGCGTTCTCTGGATCGTTAGTGGCCGCTATCGCCATCGCGCCGGGTGACACAGCGAAACCATCTCTGAAGCGTGTCACGATGCCACCTTCCTGATCCACCGCGAAGATCACGTCCTCACCAACGATCGATCTGATCTGATTGACAAGGTCAAGCACCTGCGCTGGTCTCTCCACGTTCCGCGCGAAGAGGATCACGAAACCCGGTTTGACAAACCTCAGCGTGTTGAGCGTTTCCTGGTCGATCTCCTTGCCCCTGATACCTATCAAAAACAATTGGCCGACCAAACGATCAAGGTTCATTGGTTCCACCTCACTTTTTCATTATACACCCGGCGAACCTTTTGTTCTTACATTGACCTTTTAAATGGTATAAAATAAAGACAAGAAAGGGGGAGCCATGCGTGAACTTCCTCGTGCTCGTCAAGCAAGTCCCCGACACGGAAAAGGTGAAGATAGATCCAAATACAGGCACACTGGTTCGCGAAGGACTGGACATCACGATGAACCCCCTCGACGCACACGCGTTGGAACTCGCCGTCTCGCTGAAAGAAAAGTTCGGCGGGAGTGTGACGGTCCTGAGCATGGGACCAATGAACACCGTGGACGTTTTGAGGAACGCGATCGCTTTGGGTGCGGACCGCGCGATTCTGCTGAGCGATGTGGCTTTGGCTGGTTCGGACACGTGGGCCACGAGTCTTGCACTCGCCAGAACGATACAGAAACTGTCCATCCAATACGATCTACTGATCTGCGGTGAAAAATCGATTGACGGGGAAACGGGACAGGTGGGTATAGAACTCGCCACGCTTTTGAACCTGCCCGCGATCAGCTACGTGTCTGAACTGATCGAAATTGGGAGAGATTTCGTCCTCGTGCGACGTTCGGTCGAAGATGCCCACGAGATCTGGAAGGCACCGCTTCCTGTATGTCTGTGTGTGCTCAAGAGTGTCGCCGAACCGAGACTGCCCACGTTGAGCGGAAAGAAAAAGGCGATGGATGCGAAGATAGAAATCTACAACGTGAAAGACATCAAAATAGATCCTGAAGAGGTCGGCTTGAAAGGTTCTCCCACGCGCGTTGTGAAGGTGTTCAACACGAAAGTTTCTCGAAACTGCACCATCTATGAAGATAAAGATGTTCCTGAAGGGATCAACAGGCTCGCTGAACTGATCAGGCGCACTTTGGCAGGTGAGCCGGTATGATAGTCGTTCTGAACAACAGAGTAGATCGAAACAGCTTCGAGTTGCTTTCGAAGGCGAGAAAACTCGCGGATAAAGCTTTCATGAAGCTCGTGTTCCTGCTGATATCGAACTCGAAGAAGAACATCGAAGAACTCGTTCGTTTCGGGCCCGATGTGGTCATTCTGGCACTGCATGAAAGGTTCGAAAGGTTCTCGCTCGATCCCTTCCTCTCAACTTCGAAGAAGATCCTTGAAAAGTATTCTCCGTCCATAGTTTTGGCACCCGCCACGACCTTTGGAAGGACCCTGATGCCCGCCCTCGCGGCGAGTTTTCGCACGGGACTCACGGCGGACTGCACCGAACTGGACGTGGACGAAAAGGGAAACCTTCTTCAAACCAGACCCGCCATCGGGGGGAACGTGATGGCCACCATCGTCACTCCCTTCCATCGACCCCAGATGGCGACGGTCAGACCGGGCGTGTTCGAGATCGAAGAGCAGAAAAAGAGGAACACGATCTTCGTCGAAGAGCCGGTTGAAAATCCTGAGGATAGATGCCAGCTCGTCCGTGTCGAACCGAAGCAGGCCGGTGCGAAACTTGAGGAAGCGAAGATCATCGTTTCCGTGGGTAAGGGACTGCGTAAGAAGGAGAACGTGGAGCTGGCGTTCAGACTGGCAAGTTTAGTGAAAGGTGCCGTTGGTGCTTCGCGCGCCGTTGTGGATGCCAGGTGGCTCTCGCACGATCATCAGGTGGGTTTGAGCGGAAAGACGGTGAAACCGAAGATCTA
NZ_AP014509.1_gap19	403955	408111	4156	CGGCAAGAAGGGCTACACCGTTCGAAAGCTCACACTCGAAGACTTCGTGGAGATATACACGGCGAGGGAGGCGATCGAGGGCGCCGCGGCACGGCTGGCCTGCAGAAACCGGAACGAAGAACTGATCCAGAAGCTCCAGAAGCTCAAACAGGAGCTCGAGCTCGTCGATATCGACAGCGATCCAGCTAAGGGTGTTGCGCTCGGAAGACAGCTTCACGATCTGCTCATAGAGTACAGCGGGAACAGGATCTTGAAGAAGTTTTACGAAAAACTCAGATTGCTCACCAACATGACGCGGAACATCACCAAAAGGTCTGTAGACATAGAGAAGAAATCCAGAGACGAACACATCCAGATCATCGAAGCTGTTCTCAAAGGCGACGAGACTGAGGCAGAAGATTTGTTGAGAAAACATCTGCGTCGCACACTCTCGTCCGTGATCGAGACGTACTATTCCTCGATCATGAAACACGCTCGCGCATGAGGGGGTCAAAACATGGAAGTTCTGGTTCAAACCGTGACGGTGGGTTTTTCACAGATCTTTCAGCCGATCAATCTGCTCTTGTTGTTCGTCGGTGTTCTGTGGGGCATGATCTTCGGTGCGATCCCCGGGCTCACCGCAACCATGGGTGTGGCGCTGGCGATTCCGTTCACGTTCAGCATGAAACCCATCTCTGGTCTGGTCCTGCTCACCGGCATTTACATAGGTGGAGTGTCTGGGGGTTTCATTTCTGCCACGCTTTTGAACATGCCTGGTACGCCGTCCTCGATCACGACCTGTTTCGATGCTTATCCGATGAGCAAGCAAGGAAAATCGGGTCTAGCCCTCGCACTCGGACTGTTTTCTTCCTTTTTTGGTGGCATGCTCGGCGTGTTTTTTCTCGTATCTCTGGCTTCTATGATCGCTCGGGCGGCTCTGAAATTTGGTCCATTCGAGTACTTTTCACTCGCCGTAATGGCTTTCGTTGCGGTGAGCAGCATGCTCGGTGGAAACATTCTGAAGAATCTCATAGGCATCGCTTTGGGTTTGATTCTGAGCTGTATTGGTGCCGATCCGATCACGAGCATTCCAAGACTGACCTTCAGATTCACAGAACTTCAAAGTGGCATAGCCCTGCTACCGCTCCTGGTTGGATTGTTCTGCATTCCAGAGATCATCGCCGATATCGAATCTGAAGCAGAGCGTATCGTTCCGGAAGAATCACGGGGCATGAAATTGTTTGAAGTCTTTGAAGCGGCGAAGATACTCTTCAAACAGATCGGAAACGCGTTGAGATCTTTCGCGATAGGTTTCATCATCGGTGTTTTTCCAGGCATCGGTGGTGCTACGGCGAACATCATCTCCTACGGTGTCGCGAGATCGAGTTCTAAATATCCAGAAAAGTTCGGCACCGGTATACCGGATGGAATCATCGCGAGTGAGGTTTCGAACAACGCCTCGGTCGGTGGAGCGATGGTGCCACTGCTCGCACTGGGCATACCTGGAGATGCGGTCACGGCTATCCTGCTTGGAGGCTTCATGATTCACGGAATAAACCCAGGGCCACTGATGTTCAAATACAACCCCGATCTGGTCTTCGGTGTCTATGCGGCCCAATTCTGGGGTAACGTAGTGATGCTCTTGCTTGGAGTTTTACTCATGAAGTTCTATATCTACTCGTTGAGTTTCCCAAAGCATTACCTACTGCCGTTGATCACGGTGTGCGCGGCTGTGGGAGCCTTCGGACTGAACAACAGGATTTTCGACATCTGGGTGATGCTGATCTTCGGCGTGGTGGGTTATGTGCTCAAAAAGCTCGATTTTCCGGTACTTCCAATCATAATTGCCTTCGTACTCGGTCCCATAGCCGAATCCAACCTGAGACAGGGCTTAACGGCGAGTGCCGGATCCTTCGCACCCATTTTCACAAGGCCCTTGTCGCTCACACTCTTAATCCTCGCAGCCTTCCTGTTCGTTTTGGGGAGGGTACTTGTCAAGAAGGGTGAATCTTCAAAATGTTGAGGAGGTGTTTGCATGGGTAAGAGGTTCTTCGTGATGCTGTTAACACTCTTTGTGATCGTCAGTTTCGCGGCTTATCCGACTGGTCCCATCAAAGTGGTTGTTCCCTACGCCGCGGGCGGAGCGAGCGACGTGCAGGTGAGGATCATCGCAAAGTACGTCAAGCAGTTGTTCGGTTGGGACTTCGCCGTGGTGAACATCACCGGTGGTGGAGGTAGTACAGGTGCGAGAGAAGTTCTCAAAGCCAAACCAGATGGCTACACGGTTTTGTGGTACCATCAATCCATCTTCTCTAACTTCCACGTTGGAACGGCCGAGTTCAACTACTACGACTTCACGCCGGTATGCATCGCCACCAGGGGGAACCGTGTGGTGGTCACAAGACCCGATACACCCTGGAAGGATTTGAAAGATGCGATCGAGGATGCCAAGAAGAATCCAGGCAAGATCAGACTCGGGGCTGAAATCGGTGCGACCAGCCACTTCCAGGTGATACCGATGCAGATGGCCGCAAACAATGGGTTCATTCTGGCTGCGAGTTCCGGTGGTGACATGGACAGGATCACGAAGATCCTGGGTGGCCACATGGATCTCAGTCCAATCGCACTCTCTGCGGCCGTACCGTTCCTCAAATCCGGTGAACTGAAAGCGCTCGCAGTTCTCTCACCCGAGAGAGATCCGTTCTTGCCGGATGTACCGACCGCGAAGGAGCTCGGCTTGGAAGAACTCGTCTTCACCCAGGACCAGATGTTCTTCATGCCAAAAGGAACACCAGAGGAGATAGTGAAAACTTTTGCCAACGCGATCAAGCAAGTTATCCAGCTCAAAGAGTGCGTGGATGAACTGGCGGAGAAGGCCTTCGCTATTCCGATGTACATGGACGGCGAGGAGATGTTGAACTTCTTGAAGTGGGAAGATGAAAGGTTCGATCGGTTTGCGAAGGCTGCTGGCCTGAAGAAATGAGATCGTCTGCTGGGGGCTCGGCCCCCAGCTTTGTGGGGGTAATCGAGATGCGCTTTGGCAAGGATTTCTACTCTGGTCTGGTCTTTGCCGTGATCGCTGGGTGGATGATCTCGGAGAGTCAAAAGATAAGAAGGCTGAGGTTCGATGTTCTGGACAACGCTTTCTTCCCAACGATGGCTGCGGTCCTGTTATTGATCTTTTCAGCTGGGCTGATCGTGCAGGCGTTGCTCAGCAAAGAGAAATCTTCTCCTTTCAGAGTCAAGAAACCGGTCAGGATCGTTCTGTTCCTTGCCAGCTGCATAGCTTACGTCCTTTTGATGGAACCTGCAGGTTTTTTGCTATCGAGTATTCTGTTCGCCTTGGCCACTTGTTTGATCATATCCTGGCCGTTCAAAGCTAAAACGATCGTTTATTCTGCGATCTTTTCTGTTGCGACGAGCTACGTGATCTGGTACGTTTTCGAGAAACTGCTTCGATTGGTGCTTCCCTGAGGTGAGAAAATGACGATAAAGCTCGCTTACGACAAGGATAAACACCTCGAGATCGAAATACCAAATCGAAACCTTTTGTCCATCGCTCAGGCACGTTTCCCCCGTGCGGCTGTCGATCCTACAGCCGAGTTGAAGAGATCTCTTCTTAATCCGATCGGTTCGGCAAGGCTGAGCGAGATCGTCGATAGTCGAAGCAGGGTCGCCATCGTTGTGACGGACATGACGCGGTACGCCATGGATGAAATCGTGAGCGAACTTTTACTGGAAGAGCTCCACAGATCCGGTGTGAAAAAAGAGAACGTTTTCTTTTTGATCGCCCTCGGTACGCACAGACCTATGAGTCGTGAAGAGATCGAAGAAAAGCTCGGGAAAAGGATCGTCAGTGAGTACGCCGTGTACAACCACGATTGTCGAAACGATCTGGTCTATCTTGGAGAAAGTTCTGCAGGCTTTCCGATGAAAATCAACAAAAGGTTGATGGAAGCGGATGTGAAGATCACCGTTGGTGTGATCGAACCACATTTGTTCGCCGGCTACAGTGGTGGTGTGAAGACCATCTGCGTTGGTCTAGCCGGGATGGAGACCATAGGTGCCACGCACAGTTTGAGGGTGCTTTCAGATGCGAGGACCAGGCTCGGTGTCATAGAAAACAACATCTTCAGAGAGTTTTTGAACGAGATGGCTGAGAAGGTGAGGATCGATT
NZ_AP014509.1_gap20	414005	415140	1135	AGTTTTTCGATGAGCGTTTCACCGCCCGCCGATGCGCCCGTGTAGTAGAAACCGAATATGGTAACCCCCACGAGCGCCACTATGGGAAGAACGAAGGTCATTATCATGGGTTTCTTCTCGATGGGTTTTCCGAGCTCGAAGTCTATGTTCAACATGGGCATGGCACCGTCTCTGGAAGTTTTCCCCTCTCTTTCTGCCCTGATTTCCGCCTTCAGCATGGGACCGAAGTCCCAGCCGCTCAGAGCGATTATCCCGACGAAGAGGACGGTGAAGATGCAGTAGAAGTTGAACGGAATGCTCGCTATGAAAGCGGCCATGGGAGCGACGGTCGTTATTCCCGCCGCTGTCAGACCGTTCTGGATCATCGCGAGCTGGTACGCTATCCAGTCGGAGATGAAGAACGTGGCGACCGGCGCGGATGTGGAGTCGAGGATGTAAGAAAGCTTCTCCTTGGAGATCTTGCGCTGTTCGAAGATGTCCCTCATCACGTTTCCAACGATCGCCGAGTTGATGTAGTCGTTGAAGAACACGATCACACCCAGGAGCCACGCCCACACGTTGGCCGACCTTCTGGACTTTATCTTCACGCGCGCCCAGTCCGCCAGCGCCTTGCTACCACCCAGTCGCCAGATGAAGGCGATACCCGAACCCATGAGCAGGTTGAACAACAGAAGCTTCGCGTTCCATTCGTCCGCCATGGAGCCGATGATCTTCTCGAGTGAGTAAACCACGCCTGCGATGGGGTTGAAATTGTTCAAAAGTAATCCACCAGTGAAGATACCGAGAAACAGAGAGAGTACGACGTTCTTTGTTATGAAGCACAGGACGATGGCCACGAGCGGAGGAAGGATGGACCACGCAGTACCTTCCACGTTCATACCCCCCAACAAAGTTTGTGGTTGCTATTATTATAGCGTTGTGCTTCCGGACTCGTGAGTTGCAATATTCGAAAAGGAAAAGAACAATTTTTTGACCCTCCCGACCAGAGGGTATGAAATTTCTGCGTGGTACGCACAGTTGCTTCAAAAGCAAGTGCGTTCCTGCTTCGCGCACGAGACATCGCTGTGATGACTTTCTGTACTTGTGGACTGAGCTTGAAGGAAAATGAAAACGTTCAGCTCTTTCCGTACAGATG
NZ_AP014509.1_gap21	500931	502254	1323	TGAAAGAACTGGAAAGCTTGAACAGCACGTTGAAAGAGAAAGTCTTCGAGAAATATTACAGTCTGGGTGTTGTGAAACTGAACCTCGGAGATTTTTCAACCGCGTACGAGTATTTCAAGAAGGCTTTCGAACAGCTCCCGGAGGGCGATGAAAGGAGAGCCGAGCTCGTCTACCTCATGGGACAGAGTCTGGCGAAGGCTGGTCGCAGCTTGGAAGCCAAGCTTCAGCTGAACATGGTTTTGCAAATGCCAGATTCGCTGTACAGATCTCAGGCGATCAGGCTTCTGATAGATCTCTACAGACAAACGGGCGAGAAAGAGAAAGCGGACGAACTCGAAAAAACTTACAGGGAGGTCCTGAGGCGATGAAACAGCTCTTCGGAACCGATGGACTGAGAGGTATTTACGGGGACGATCTGACGGACGAGCTTGCCTACAAACTCGGCCTGGCGCTCGGAGAACTCTACGGTTCGTCCCTCTTCGTGATCGGACACGACACGAGGGAGTCCGCCGGGGCACTTCAACAGGCCCTGGTGAAAGGATTGTCGCGGAAGGGTGCGAAGGTGAAGCTCGCCGGCGTTCTACCAACCCCTGCGGTGGCGATGATCAGCAAACTCTTGGACTGTTTTGGAATCGTGATCTCTGCTTCTCACAATCCGTACCAGTACAACGGGATAAAGGTGCTCAGGTCTGGCTTCAAGCTCCCGGACGAGGAAGAGAGGAGGATCGAATCGCTCATGCAGAACGTCTCGGCAGGTGTGGAAGAAGGATCCGTTGAGACAGATCCGAGCCTTCGAGAGATCTATCTGAAAACGATCCTCGAATCCTTCAAGAAGCTCGATCTTTCCGGTCTCAGGGTGGCCGTGGATCTGGCGAACGGGGCAGCGATCACCACGACACCAGAGGTTCTGAAGGCCCTCGGTGCCAGCGTGACGTGCTTCTCGTACGAACCGGATGGAAAGAACATAAACGAAAACTGCGGTTCTCAGCATCCGCAGTTCCTCGCGGGGCAGATGGAAGGTTTCGACATCGGTGTGCTGCACGATGGCGATGCGGACAGATGCATTCTGCTCAGTCGAAAGGGTGAAGAGATCCACGGAGACAAGATCATGGGGGTTCTCGCGGTCCAGCTGAAGAGCGAAGGAAGACTCCGCAACGACACCGTCGTGGCGACAATAATGAGTAACAAAGCTTTAGAGGATTATTTACTCAACAGGGGTATAAAACTTGCGAGGGTGAAGGTGGGGGACAAGTACGTGCTCGAAGGCATGCTGCAGCTTGACGCAACGCTCGGTGGGGAAAGGTCGGGTCACATAATATTTCT
NZ_AP014509.1_gap22	566365	568255	1890	ATCGTCGCCGTAATAATCCTTGACGATGTCTCTGATCTCGTCGGCGAAGACTTTGTTCGGAATCACCTCGCGTGCCACGGCGCTGATCGCCTCGTCCACCTCTCTGGTCACGAGACCGTGGCAACCGGATATCGCGCCGGTGAGTCCGAACTTCCCTCTCCAGTCTTTGGGAATTCCTATCTCGTCCGCGGCCTTCTTAGCTTCTTCCAGAATCTTCGGCAGAGACTGTTTCAAATGCCTGTACAGATGATATCTGTACTTGAACATGCTCATCCCTCCTTGTAGAAAACGACACTCTCACCGATTTGAAGTCCCAGTTCTTCTCCACTCATCAACTGATCCGAGTAGATCACGATGTTCTCGTGGTTGGGCATGTGTGTCTCATCGAAACCGACGAGCGTTCCAAGGCGCCTGCCGTCGCTCAGCTCGACCTGATCCTTCGATACTACGACGCCTCCCTGGACGATCTCAATGAAAGCAACGTACGCGATGCGGTTCACCACTTTTCCGGGAGCCGCTTCTCTCTCGTCTGTCATGATCAGCTCGTGAATTTCTCCCACTTTCAACGCCCTCGAACGGGGCTCAATAATGTTGAGGTTCCTGTTTTCCAGCCTTCCTCTGAGAACGGCCACGATCCTGCCAACGACGGGTTGTTTCTTCGCGTACGGATCGAAATTCAACATTCCTGCAGAGTATGGTTCTTTCATGCTTTGGCCCCCTTGGCCGCTATGACCTCGATCTCGACGTGCGCGTTTCTGGGGAGCGCCGAGACTTCCACGAAAGATCTTGCAGGTTTGTGCGTGCTGAAGTATTCGCTGTAAACTTCGTTGATGGCGGAGAAATTCGAGATGTCGTCGGTGAACACCGTGACTTTGACAACGTTGCTCAGGTCACAGCCAGCCGCGGCCAGGATCGCCTTGATGTTTTCAAAAACTCTCCTGGTTTGATTCTTTATATCCCCATCGACGAGCTGTCCCGTTTCTGGATCGAGCGGTATCTGACCCGAGACGAACACGAAGCCGTTCGCTTTCACTGCCTGAGAGTAAGGTCCTATGGCCTTGGGGGCGGCATCGGTCTGGATGATTTTCACCGTCAGCACCTCCTTCAGATCATTATTGAGTCACCTTTTCTTCTCGCTTCTCTCAGATACGCGTACACCGTGAACTTGGAGTTTCCAAGTTCCTGAGCGAGCATTTCCACAGCACCTTTCAGCAGGAAGAATCCTTTCTCGTCGAGTTTCTTTATCACGGCGAGCTTCTCTTCCTTGCTGGCGAACCTGAGAGGCTTTCCTGTGAGACTCTTTACCTCCTGCATAGCTTCGGCGAGGAGTTCTTCAACCTTACTGGCGAACCTTTCTTCCTTAGCTCCGGTGATCTCTTCGAGGTTCTGAAACTTCAAATGCTGCTCCGCAAATTCCTTCACGATGAGCGCCTTGGTCGTGTCGTAGTTGATGCAGAGAAAACCAACGATTTCGCCGGCTTCGTCCCTTATGAACACGGTGGTCGAACGGAGTTTTTTCCCTTCCCTCGTCCGCGTCATGTAGTTCGCGACGTAATCCACGTTCCTGAACCTGGGCGATCTCAAGAGGTACAGTCCGAAGTCCGTGAGGGGAGAACCGACGCTTCTGCCCGTCACATGGCCGTTCTCTATGGCCACGACGGAATGCTCCGGATCGGAAACGTCGTGCAGTACCACTTCGTAATCCGGCCCCAGCGTTTCGGCGAGCGCTTTCACCATCGGAACGAACGCCTTGAGGATCGGGTGCAGCCTCTTCATCGCAACCCCTCCCGAGTATACAATGAATTGGTATATAGTACAACTTTTTGTTGGACGAGATACAACAAATTATTTGAAGCTCCAGCGAGATCTTTCACTATATTCAAACACGGT
NZ_AP014509.1_gap23	576427	578935	2508	TGGGCGATACCTGTTTTCATATCGGCGCTCGTGTGGAGAAACGGACTCCTCAACGAAAGCTATGGAGTGATAAACAAGTTCCTCCTCCCAGCGCTCGGGCTTCCTGCGATAAAGTGGATGAACGATCCTTTCTGGGCGAGAGTAGGAGTTTTACTCGTCAACATCTGGCTCACCTATCCTTACATGATGACGATCTCACTCGGTGCGCTGCAGGGCATTCCTTACGAGCTGTACGAAGCCGCGATGATCGACGGGGCAGGAAAGATCAAACGCTTCTGGAACATAACCTTCCCGTTGCTCATGACGGTCATCGCACCACTTTTGGTGAGTAGTTTCGCTTTCAGCTTCAACAACTTCACGATCATCTATCTGATCACGGGTGGAGGTCCACCGATACCTGGTTCAACCACGCCCACGGGTTACACCGACATACTCATTTCGTACGTCTACAAACTCGCATTCCAGGCAGGAACGGGTCAGGACTTCGGCCTGGCAGCGGCCATATCGATCCTCATCTTCTTCCTCGTGGGTGGTATCAGCTACGTCAACTTCAGGTTCTCTGGCGTCTTCGAAGAGGTGGGAAGATGAAACTCCACGTGCACGTGATACTGATCATTCTCATCGTCGTCATCCTTTTTCCGACTGTGTGGGTAGTGACGACGTCCCTGAGAAGGGACGAAGCCGCCTTCTCAACGGAGCTGTTTTCGAGCAGACTCACGCTGCAGAATTACATCGATCTTCTCTTTCCCGAACAGAACGTGCCGGTCCTCGTAAGAGAACTTCAGAAGCTCGTTTCTCGGGTCGAACCGTACGACAAACTGAGCTTGCCACAGGCCCGGTGGAAAGCGGATGAACTGCTCAAGAAGTTGAGAAGGTACCTCGATGAATCCAACAGGAGGAACGAGCTCGCGAAGAATGCCTACAAAGATATTGTGAAGATCTTCGAGGAAGGTGCCGACCGTGTGAAACAGACAACGCTGAGCGATTTGAAGCGGGTCGAAGAAACCGTTGCTGAAAGACAGGATGAGTTGAAGATCGATGAGGATGAACTCGCGTTCGTCCTGTACGAAGTGCTGAGCAAAGAGAGATTCAATTCTCAGCTTGAAAAGACCCTGCGTTCCACAGTTGAAGAGCTGACGAGCGTCAGGATCGAAGATGAAGAGTCCTACTCGCTCGCTTTGGAAGCTTTGAAAAAAGCTTACGAGGAGCTTGGAGGATCGGCCCTGAAGGAGCTCGAAACGCTGACCGCTCAGCTGTCCTCACTCACAGCCGAGATAGATTCGATGAGAAGGTCCTTAGAACCTCTGCAAAGGTCTTTCGTCGAGGTTCAGATCCTTCTGAAGGGGGACGTTTTGACCGAGCTTCAATCGCTCAGCATTGCGATAGATGCCCTGACGAGGATGAAAGATTCGCTCGTGCGAACGACTGCAAAGAGCGTTTTTCCAGTGGACGACTCTGCTTTCCTGAAAAGCGTGAAAGATGTCAGCAGTCGTTTCGAGCTTCTCTCGACTGGGCTGGAAGGTTTCGAAGATCTCTCAGAAGTTGAGAAGGTTGCCCAAGCCCTCTCCAAGAAACTGCTCGCGCTCATTGAGGTGGAACCAGAACAGAAAAGTTTGAAGGTGTACGGGGACATGGTGAAGGCCTACGATGAGATCAGGCCAAGGTTGGAGAGACTGTGTGACGATATGGAGAATGTGCTCGATCGTTACACAGACTACGTTTTGAAGATCAGAGAAACGAACGAATTGTTGGCGCTGAAAGAATCTCAGTTGCAGCAGTTGAGACAAAGGATGGCTGATCTCCAGCAAAGAAAAGAATCGATCGGAGCTAAGCTCGCCGAGGAAAGGGCCTGGTTACAGCTTGAGATTTTCAAAGCTGAGCTTGCTGTGAGGACCTCCACGGTTGAAACGATCAAATCTTTATCCAGAACTGACCTTCTGCGCTATTCAGCTTTGATCACCTGGCTGAGGAACTTTTCAAACTCCTACGAACAGAGCGACAAAGTTAAGGAAAGTGTGAGGAAGGTTATCAACGACCTGAAGTGGATCGAAGACTACAGAACGTTCATTAGCAGGTTCGAGAACTATTCGAAGAACTACGATCAGACCATCGAAGAATTCGAGCATGTGCTGAGCGACTTTGAAAAGATCTACACCGATCTGCTGTCACTCTCCCACAGTGGTGTTTTCGTGAGTTCGGAGCACCTGTCGAGGTTGCTCGATTTGGTCAAACTCGACTTCGTGAACAAGGTCCGTGCGGATCTCGCCGTCGTCTCGCGCAAGAGTGGCGACTTGATGAAGCTTTCGCTCTTTCCGAACGCACAGAAACTCTACCGCGAGGTGGACAAACAGCTCTTCAGGATAGACCAGATCTGGAAAGAGAAAATGAAGCATTACTTTTCTCGCTGGGTGCTCAATTCCATCATCGTTTCAACCATCGTCGCCTTGATCACAACCTTCGTCTGTGCCACTGCGGCCTATCCTTTCAGCAGGATGCGCTTCGTGGGCA
NZ_AP014509.1_gap24	580539	585329	4790	TCGATTTTCAGGGAAGCGCGCTTGAAACTTTGAGTGTTTTCCGCAACTACGACGTTCTGCTCGAAGAACAGGCAGAACCTGTTCGAGCATACCCACTCGCTTTGAACGTGGTCGCAACCCAAGAGATCCAGCTTCCTGAAAGAGTTAAAGTACTGTTCTCGGACGATTCCATCAGATCGTTACCTGTGATCTGGCAGGTGAAACTTGAAGAATTGAAACAGGCTGGTGAACATCGCATCATGGGAAAGATCGTCGGTTTCGATACACCCGTTGAAGCCACAGTGATCGTTAAAGAGCCGACGAACCATCTTCTGAACTGGAGTTTCGAGACCGGCACTTTCGAACCGTGGCAGGTGGAAGGTGACAGACAGGCCGTCAAGGTTGTGCGTGCCAGCCCGCCACAGAACGCACACCATGGCGTCTATGCGGTGAACTACTGGCTGGATAAACCCTTCGAGTTCGAGATGTACCAGATCGTGCGCGATCTTGCCGAAGGAACGTACAGGCTGTCTGTGTGGATTCAGGGTAGTGGTGGAGACGATGTCGAGCTGTCGATCAGTGAACACGGAGGCGAAAAGGTTTCTGTCAGAATAGAGAACAGGGGATGGCTCCAGTGGAACCATCCCGTTGTACAGGTCCGAATCACGACGGGTACGGCCAGGATCAGTCTCCACGTGAGAGGTAAAGCCGGGAACTGGGGCTGGGTCGACGAATTCGAGTTGATCAGGGTGAAGTGATCTGGCGTTTCAAACTTTTCTTGAACGTACTGACCCCGGTGATGAGCCTGTCACTGTTGAAGATCTTCACGTTGATGGCGAGCAGTGCATCGGCTAAAATGAAATTGTACAGATTGCCGTAGATCACGATGGAGTAGTTATCGAAGATCACGTTTCTCATTGCGATCGTCGCGTGGGTGAAAGGAATGGCAAAAGTGACGATCCTCAGGGCCATTGGCATGGTGGAGAAGTCCTTGAACATGGTCAGCATCATGCTGAAGAGCGCGAGCGCCACCAGCGGGAAGGTCAAGACCTGAGCACTCTTGAAGTCTTTCGAGATCAGGCCCAGGAGCATGGCCATGCTTATACCGCACATCAAAGCGGAGAACACGGACAAACCAACGAGGACGTAATCTGTTATGTTCATGGTCGCATCGAGCGGGAAAGATGAGGGCATCTCGAAGGATTTCATGTAGAAACTGAAGCCGATCATGTAGATCGTCGCCATGATGAGCCCGGAGATCGTTGCCGCGAGTGTCTTCGCCATGAGTATGTAACTTCTGGGCACTGGCATCGTCAGGAGCGTCTCGAGCGTCTTGTTTTCTTTCTCGAGTCCCATCGATGAGATCACGGTCGTCCCTGACATGATGATCAGCATCATGATGACGACAGACACGATGATCCATCTGTTCGTGACGTAGCTCAAAAGTTGTGAAGTTGAAACTCCTTCCATGAGCTTGCCGAGATACATCGTGGCTTCTTCCTTGCTCACCGGATCGAGAACAAATGCGGGATTTTCCACACCGTACTGGGCGAGCAGTGTCGTGGTCAACTGTTTTTCTAAGGCGTTCAAAAAGGCGTTGAAGCTTTCGGATGGAACCGAATCCATTATGCCCAGCCCCATCAGGAGTGAGATCACCTTGATCTTCGCCTGCTGTTTCGATCTGAGCCTTTCAGTGAAATCCTTCTCCAGAACGAGTAGCGCGGCGCCCCTTTTTCTCTTCAACTCTTCGATCGCTTCTTCCATACTTTGACCTCTGTAAACCACGTTCGCATAAGCTTCGATGGCCCCTTCAACAGCTTTCGAGAATTCTCCTTCGTCTAGGTTCACGACGGCGACGATCGGTTTCTTTTTGATCTCTTCTGTGATGTTGCCGACGCTTTTACCTATCGAAGCGTAGATGACGGATATCGCAACGATCGAGATCAGGCTCGATACAGTTAGAATCTCCCTCAATTCCTTCTTCAGAAGGTTCAAGAACATCGCTGGACCACCTCCACGAACACTTCCTCGATGTTCGAAGCGGAGTATTTCTGCTTCAATTCCTCCGGCTTTCCCACTTCGACGATCTGCCCGCTGTTTATCAGCGCGATCCTGTCACAGAGCAACTCCACTTCGAGCATGTTGTGGGAAGACAAAAGGACAGTCCCTCCTTCTTTGGCAAAATCCCTTACGATGTTTCTCATCTCTCTTGCGTTCAGCACGTCGAGGCCAGAGGTGGGCTCATCGAGGATGGCGAGCTTCGGGTTCACCATCAGCGCACGAGCGATCAGAAGTCTTCGGGTCATGCCCTTGCTGTAAGTCGACACCTTCGAACGCAGCCTGTCGTCGAGACCCGCTATCTGAACGCCCCTATCCACCATCCTTCGGAACTCTTCTTCATTCTTGGCAAAGAAACGAGCAACGAATTTCAGATACTCCAGCCCCGTCAGTTCCCTGTACGCACCTGCGTCTTCCGGCAGGTAACTGATCAACTTCCGAACTTCGTGCGGTTCTTTCTGAACGTCGTGACCGAAGACCTTCACCGTACCTTCGTCGGGCTTCAGAAGAGTGGACACGATCCTGAGCGTGGTCGTTTTACCAGCCCCGTTCGGTCCAATGAGTCCGAAAATTTCCCCCTGCTCGATCTGGAAACTTATCCCCTTGAGTGCCTCTATGGGGCCGAACCTTTTCTTGAGTCCAGCGACTTCGAGAACCATTTCCACACCCCCTTGTGATTCATTATAGAATTTCTGCATGTTTCAAAGCAGAACAAAGTGTGAAAAGCTATGGACATTTTGGAGGGACGTAAAAAGACTCAAACATGATTGATGCGATTATAATTTGTAATGATACCAAAGGGGGCGATGACTTTGAGGAGCATCAGAGGCAAACTTTTGTTGTGGGCTTTACCAGTTTTAGTCGCATCTTTAACGTTTCTGATAGTCTTTTCGGCTTTCATCGTCCGCGACACCATCTATGCTGAGAGGAAACTGAAGCAGAAGCATGTCGTGGAAACGGCTTACTCTGTTGTTAACTACTATTACAACCTCGTGAGTGCCGGCATCATGAGTGAGCCCGAGGCAAAGGAAGCCGCGAAAAAAGCGGTGAGAGCTTTGAGATACGAAACTGTCGAATACTTCTGGATAAACGATGACACGCTTCCTTACCCCACGATGATCATGCATGCGACCAATCCGTCACTGGATGGCAAAGTCCTCAACGATCAGAAATACAACTGCGCCACTTTGATGGAAACTGTGAGTGGGAAGGTCACAAAAACCGATGGGAAGAAAAACTTGTTCCAGGCCATGGTTGAGGTTACCAACGCGGACAAGAATGGGGGTTTCGTTCAGTACCTCTGGCCGAAACCGAAACCTGATGGTACCCTTACAGAAGAGGCGTATCCAAAGCTGTCCTTCGTTAAAAAATTCCAGCCGTGGGGCTGGATCATAGGCAGCGGAGTGTACATAGATGACATCCAGAGTGCGTTCATGGCAAGATTGATGAGTCTTTCCATTGTTGGAATCATAAGTGTCGGCGCCGTCGTTGTCGTTATGTTTTTCTTCAGCAGGTCTATTTCCAAGCCCATCAAAGTTCTTGCAGGAAGGGCTCTCGAGTTTGGCAAAGGAGACCTCACGGTCAGGTTCGAAGCGAAAGGCAGAGACGAAGTTGCACAGATGGCCCAGGCACTCAACTAGATGGCAGACACTCTTAGAGAGTCCATGAAGATCATAAACGAATCTTCCACGCAGGTCAACGACTCTGCACAGAATCTTGCAAGCACTGCACAGGAACTGAGCGCCTCATCAGAAGAGCTTGCATCGCAGATGGAAGAAGTCAACAGATCTGCCCAGAACGCATCCGCTTCGATAGAAGAAGTCACAAGCGGCATAGAAGAAGTTGCAGCCAGTGCACAGAACGTATCCAAAGCTGCCCAGATGCTTTCTGAAAGATCCAGCCAGGTGAACGCTGCTGCGAAGGAAGGAGAGAAGGCCATAAAGAACATAGTGGAGATGATAAAACAAGCGAAAGACAAAGTGGAACAGACGGCCGTAGTGGTGAGCGAGCTGAGCCAGCAGGCCAAGAACATAGGTCAGATACTTCAGACGATCAACTCCATAGCAGAGCAGACGAACCTGTTGGCTTTGAACGCGGCGATAGAGGCAGCGAGGGCGGGAGAAGCAGGCAGAGGTTTTGCGGTGGTTGCGGACGAGATAAGGAAGCTTGCAGAAGAGAGCAAGAGAGCGACGGACCGGATAGGGCAGATACTGAGTCAGATAAGTCAGGGTGCGATGAAGGCGGATGGGGCGACGAAGGAAGTTGTGGGAGTGGTTGAAGGGATAAGCAAAGATGCAGAAGGGGTGGAGGGTCAGTTCAGGAAGATAGCGGAGCAGATAGACGGTATGGTGAGTCAGATAGAGAGCCTGGCGGCGAGTGCGGAAGAACAGAGTGCGGCGGCTGAAGAGATGAGCAGTGCGATGGACGCAGCGACGAAGTCGATCAGCACGATAGCACACCAGATAGAAGAGATGGCGAAGGCGGTGAAAGAGCAGGCGAACGCGAGTCAGAGTGTGAGCAGTCTGTCTGAAGAGCTGTCTTCGATCGCGGAGAGTTTGGTAGAACAGGTGAGAAAGTTTAAAATCTGAGTGGCGTTGAAAAAAACGAAAGGGGCGCAGATGCGCCCCTTCTTTTCATTGTTTGTACATCACCATCGCACACAGTGGAGGAACAATGAGCGAACCACTCACCTTGTAGAGCGTTTCACAACCTGCTCTTTCTCTGTCAACGACAACGTTCCATTCACCTTCAGG
NZ_AP014509.1_gap25	609234	613494	4260	ATGACGATCCGCAACGTTTTGGGTTAAACCCAATCAGAACGCGTTTTCGTCCCGTTTTGCCGGCAAGGATTCGATATTTCCACGTTTCTCTTTGTAGCTTTTGATTTTTCATTTTTCCCATGCTTGACTTCAAAGTTCGGAAACGACTATACTATGTTTTGGTCACGCAAACGAATGCGTTGCGTTGCATCTAAGGAGGCGTTAACATGAAGAGAAAAGTGGGACTCTTGACCTTTTCAGATGGGCGAGACTATGTGAGCAAAGAACTCGTGGAGATAAACAAAAAATTTGAACAAGCCGTTGTGGAGGCTCTACAGTCAACCAACGAAATCGAAGTCATCAGGGCGGACAGGATCGTCGACAGACCTTCAGTGGCGAAGCAGGAAGCTTTGAAGCTGAGAGACAGAGGGGCTCAGATGACCATCTTTCACTACGCAGTTTGGGCATTTCCACACTTCAGTGTCATCGCGAGCAAGTTTGCCCCGGGGCCGTTTCTGCTCTTCGGTAACGTCAATCCAAAGTATCCCGGCATGGTCGGTATGCTGGCCGCGGCTGGCGCGCTGGAGCAGGATGGCACGCCCACGTACAGAGTCTGGGGCGATCCAAAGGATCCAAAAGTGTTGAAAAGACTCATCAGCTTCATAAGGGCTGCGACGGCGAAGAACATGCTGAAGGGTCAGCGCTACGGATTGTTCGGTGGCCGTTCTATGGGTATGTACACGGCCGTGCCGAACGTTGACCTGTGGAACAAGCTTTTCGGCATCGACGTCGAGCACATCGACCAGCTCGAGATAATCGAAAAGAGCAAGAAGGTCCCAGATCCAGACGCGAAACGCGCCAGAGAATGGCTCGAAAAACACGCCAAGAAGATCCACTACGATGGGAAACAGCTCACACCGGAAAAATTGGAGTTGCAGATCAAGAGTTACTACGCACTCAAAAGGATGGCTGAAGATTTCGAACTGGACTTCATCGGTGTCAAGGCTCAACCTGAACTCACCGAGCACTTTGTGACCATGGACGTGGCCGAAGCCTTCCTGAACGATCCGTACGACTGGGACGGTCCAAAGGAACCTTTGGTCTGCGCGACGGAAGCAGACTCTGATGGGGCGTTGACGATGCAGATCTTCAAGCTCGTCTCGAACCAGCCGGTGCTGTTCGCGGACGTCAGGCACTACGATGCTGAAGATGATTTCTTCGATCTGTGCAATTCCGGCCAGCACGCAACGTTCTTCGCCGCCAGATCGTACGATCCGCTGGTCAACCTTGCCAAGGTTGAGTTCTATCCGGAAAGCTTTTATTTCCCGGCGGGAGGAGCTTCGGTGCGCCACATCGCAGCGCCCGGTGAAGTCACCCTCGCTCGATTGACGAGGAGAGACGGCCGCTACGTGATGAGGATCATCAAGGGAGAATTTCTGGATTTTGGCGAGGAGAAGAACGAGGAAAAAGCTCGCGCCACGCAGATCGAATGGCCACACGCCTTCGCGAGATTGAAGGTTTCAGTCGGGGAATTCTTGTCGAACTACAGTTCGAACCACATACACGGTGTGTACGGGGACTATGTGGAGGAACTCGTGCATTTCTGCAAGCTCGCCGGTATAGATTTCGTCGTTTACGCGTGAGACACTTTTCTCAAGGGGAGGGGTTTTCATGAGAAAACAGCTCTTGTTGTCGATGCTGCTTGTCGCTCTCGTGGCCTTCTCGGCGCCGAAATACGTGCTCAGGTTCAACACGGTCGCCGCTCCGACGCAACCACAGGTTCTGGCGATGCAGAAGTTTGCCGAGATAGTCGAAGAACTCAGCGGTGGAAACATCAAGGTCGAAGTATACCATTCCGGCCAGCTCGGCGATCAGAAGACATCTCTGCTCGCAGTGATGCGTGGAGATTTGGAAATGGCTGGGGATGGTGCGCCATCATGGTTCGCCGATCTCGGTGCGATGCCTGAGTTTGGAGTCTTCGAAGCAGCGTACGTGTTCAAGGATCTGGACCACATGTACAGGGTCATGACGAGCAAGATGGTTCAGGAGATGTTCGACAAGCTCGCCCAGAAGACGGGGCTCCGGGTGCTCGACGTGTGGTACCTCGGCACGAGACAGCTCAATCTGGTCGAGAAGGTCGGACCGGTGAGAAGGCCGGAGGACCTGAAGGGTGTGAAGCTGAGAATGCCGAACAACAAGACGTTCCTCGACATGGGACGTGCCCTCGGTGCCACACCCACACCCATGGCCTTCGGAGAGGTCTACATGGCTCTGAAAACTGGCACGATCGATGGACAGGACAACCCGTTGCCCACGGATCTCTCCGCCAAGTTCGTTGAGGTCACCAAGTACATAGTTCTTACGGATCACCAGATCGGTATGATCTGTCCTGTGATCAATGAAAAGTTGTGGCAGAGCATGCCCGAAGAGTACAGAGTTTACATCAAGAAAGCGATGGAAGTTGCCAGGAATTTCATGAACTACACGGTGCTCGAGCAGGAAGCCAAACTGCTCAAACTCTTTGTCGATCAGTACAAGATGGAGATCATAGTACCGGACAAGGCGGCGTTCATGGAGAACGCCAAGAAGTTCTACAGCCAGCCCGAATTCGACAAACTCTGGGGCCCTGGCATGTACGAGAAGATCCAGAACATGTGATTCTGGCCGCTGGGCATTCGCCCAGCGGTTCTTTGAGGTGACATCATGAAGGTGCTCAGAAAGATCAAAGACATCGTTCAGATACATCTACCTTCGGTGTGTGTTTTCGTTCTGTTTCTGAGCATGTTCGCACAGGTTCTTCTGCGCTACGTTTTCCGACATCCTTCACCGGAAGCGTTTGAGATCTCATCTTATTCCTTCGTCTGGAGTGTTCTGTTAGGGGCTGCCCTGGCGAACAGGTACAGAAACCACATAAAATTCGACGTACTGTACAACAGGTTTCCAAGAAAAGTTCAACTCGTCATAGACATATTCTTCGATGCATTCTTCAGTCTTTTGCTGATCATCTCGTTGAAGCCCATCGTTTCGCAGGTGCTGTGGTACAGGATCATAAGTTCCGAAGTGCTCGGTATTCCTTGGGCGTATTTGACACTCTGTCTTCCCATAGCGATGGTGCTCATCGTCATCGATAACTGTCGTTTCATTTATCTCAATCTGAGAGAACTTCTCTTCAAAAAACCTTACAAACTGGAGGAGAGGCCGTGGCGCTGACACTTTTTCTCGTCATTTTTGCTGGTACTTTCGCGCTGGGCTATCCGATCGCCTTCGATATGCTGGCCGGGGGCATCGTTTATCTGCTGGTCAAAGGTCTGAGCCTTGCGAACGTGCTGGACATGATGACGATTGGATTTGCCAACCAGACGACGCTCATAGCCGTTCCTCTGTTCATTCTGGCTGCCAACATCATGAACGACACGGACATAACTCAAAGGCTTTTCGACTTCGTAAGGAAAGCTTTCGGCAGGTTCAGAGGCTCCTTAGGTTACGCAAACATAGCTGCGAGTGTGATATTCGCCGGCATGACGGGCTCACAGCTCGCCGACGTTGCTGGTCTTGGAAAAATAGAGATCAAAGCCATGATGGATGCCGGTTACGATGGTCCATTCACCTGCGCGGTCACGGCAGCTTCTGCGACCATAGGCCCCATCATTCCACCGAGCATTCCCATGGTGCTTTATTCTATGATTTCGGGTGCTTCGCTTGGTTATCTCTTCCTGGGTGGTATCATTCCAGGGCTCTTACTCGCAGCGCTGGAGATGGTTTTGGTCTACATCCTTTCACGTGCCAGGAACTATCCTGTGGAAGGTAAAGTGCCGGCAATAGAACTTGCAAAGTCCTTTCTGATGGCGTTACCAGCGATGTTCGCTCCCGTAGTGCTGCTGCTGGGCATGTACACAGGTGTGTTCACCGCGACGGAAGCTGCCGCCATCGTGGTTGCGTACTCTATAATTGTCAGCGTTCTGATCTATCGTACGCTGGGCTGGAAAAAGCTCTACAGGATACTGATCAAGAGCGCAGAAGATATAGGTTATGTGAGCATCATGGTCGCGGCAGCTCAGCTGGTGAGCTATGTGGTCACGAGAGAAAGGCTGGCGATCAAGCTCACAGAAACTCTTGTGAACGCAGGTTTAGCATCAAGACCGCTGTTGCTTCTTGCTGTCATAAACGTTCTCTATTACATTCTTGGCATGTTCGTAGACGCTTCGGTTACGATCCTCGTGGTCATTCCGCTGCTACTTCCCGTCGTGCAAGCGGCTGGAATAGATCTGGTCCATTTCGGTG
NZ_AP014509.1_gap26	620136	621161	1025	GAATTTTACAGAGTGCAGCTCCTGCAACAATCGTCCCTGATAAACCTGATCCATTCGAACTTGTCCCGACAGAACATTCTGAGAATCTTACAATGAGGTGATGAAATTTGATTAGAGAGGCGTTCAGGGAAAGGATCAAGACTTTGAAAAGGCTCATCGAGGATGAGCACGCTGAGGCGTTGCTCATCTCCCGCTGTGACAACTTCGCCTGGGCCACGTTCGGCGCGAGGAACTACGTGACGATCAACAGCGAGGTGGGAAGTGTCCATTTTCTGATCGTGGAAGACTCCGTCTACATCCTCTCGGACAACATCGAGAGGAAGAGGATCGAACAAGAGGAACTTAACGAGGACATCGCGGGCGAGGTCGAATTCGCCGAGTACATGTGGTCGAAGGGACTCTGGGATGTGCTCAAGTCTTTCGTTCAGGGGAAAAGACTGCTGTCGGACACTGGCTGGTTCGATTCTAAGAACGTCTCCGACAAACTGAAACAGTTGAGATTGGTGCTGACCGAACCAGAGATCGAGACCTACAGATGGATCGGTAAAAACTGTGATGAAATCTTTTCCAGTGTGATGCCGAAGTTCTCTCCAGAAATGACGGAGTGGGAGGTTCAATCGCATATCACACGGGCGTTCGTTGAACGGGGCATCGAACCGGTGCTCGTGTTGGTGTTCGGCGAAGAGAGCGCCCAACTGTACAGGCACAACCTTCCGAGGAACGTGAAGGTTGGAAAAAAGCTCTTCGTGAGCGTGTGCGTCAGAAAGAAAGGTCTGATCCTTTCTTCGACGAGATCCGTTCTGTTCACTCGAAGCGAGGCCTGGATCAAGCAGCACAGAGACAACTGTTACGTGGAGGCCGTCGCGCTGGCGAATTCGAGACCTGGCAAGAAGCTGAACGAAGTCTTTGAAGAAGTCAAGAAGGCTTACGCTTCGGTGAACAGGCCGCACGAGTGGTTCTTACACCATCAGGGTGGGCTTGCAGGTTACAACGCGAGAGAAATCGTCGCCAACGAGGAAACCGAT
NZ_AP014509.1_gap27	646738	648154	1416	AACCAGCTCAGCGAGGTGATCATCAGAGGAACGGTGAGACCGGACGACATCGCCGCGAACAACACGGTGGATTCTTCCAAGATCGCCAACTGCCAGATATGGGTCAACGGTCAGCTCGTCTTCAGGCAGAAACCTGACGAACAGTCGTGGCTCGATCTGTTCCTCTCCACGATCGCCCGGTTCCTGCTGTGAGGTGGTCTGTGTGAAGAAAATGCTGTTCTTGATGATGATAGTTTTAACTGTCGCGATTTTCGCATCGGCGCGGATCAAAGACATCGCTAAGTTCAGAGGCGTCAGGGACAACCAGCTCTTCGGTATAGGTATCGTCGTGGGGTTGAACGGCACGGGAGATTCTGGCAAGATAAATTCCACCGTGCTGAGCAACATCGCAAAAACGCTCGGAGTGACGATGAATCCGGAGGATTTGAAAACGAGAAACAGCGCCATGGTGATGGTCGTGGCGGACATCCCTCCATTCTTCAAAGAAGGTATGAGGCTCGACGTGGTCGTCGCATCCATAGGCGATGCGAAGTCCCTCGAAGGTGGCATCCTGCTCCAGACACCGCTGTTCGGTGCGGACGGTAATGTGTACGCGGTGGCGCAGGGCAGTGTGAGCACGGGCGGAGCGGAGGTGAAGGTCTCGGCGAACCTGCAATCCAAGTACAAGGTTGTCGGCTTCATTCCGGCGGGTGCCATAGTCGAACGGGAGATACCTTTCGAGTTCGCCCAGTCCAGCACGGTGACGCTTTTGTTGAACCGGCCAGATTTCACAACCGCGGCGAGGGTCGCGCAGGCGATAAACACCACCTTCGACAGGAAGATCGCCAAAGCGATCGATGCTTCCACCATAAAGATAGATGTGCCTTCAGCGTTTGAAGACGATGTGATATCTTTCTTAGCGCTCGTGGAGGAGATCGAGGTTTCCGTCGATGCGCCAGCAAAGGTTGTTGTCAACGAGAAAACGGGGACCATCGTGTTCGGTGGTAACGTGAAGGTGCTCGATTTCACGTTGTCCTACGGAGTTTTCAACGTGACGATCAGGAATGGAAAGCTGGCCGAAAACGGGACGGAAGCCACGGTTGGTGCACTCGTTTCAGCTCTGAAGAGTCTCGGTGCCACACCACAGGACATCATCGCGATACTGCAATCCATGCACAAGGCTGGCGTGCTGCTCGCAGACTTGGTGGTGATGTGAATGGTTGGACCAGTTCCTTCGATCGGCAAAAGTTCAGACAAACTTTGGAACGCGTGTGCAGATTTCACCGCGACGATCTTTTACGATGTGCTCAAGAGGATGTACCAGTCGATTCCAAAATCCAGCCTGTTCAGGCGAACACTCGCAGAGGACTGGTTCATGAACATGACCCTCTACGAGTATTCGAGGATGGCCACGAGGCAGGAACTCTCTTCTCTCAC
NZ_AP014509.1_gap28	649330	653298	3968	CTTCTGGGAATCGCTTCCGTATGGTCTCTCTTTGCCTCCAGAACCGTGGCTCTCATCTTCACTTTCAGTTTTCTTTTGATGTTTTCGCAGGGCGCACTGGTTCCGCTTCTGGAATCTTCCTTGGTGGAGTTCGCGAGTCAATCGAACTTCGCCTACGGTAAAATAAGGCTCTTCGGCACACTCGGTTACGCCTTCGCTTCTTTCGTGATAGCCAGGCTGGTCAGCAGGGGTTTCAGCTCGTTGTTCGTGCTCTACTCACTTCTGTTCTTCTTGATAGGCTTCGCGGTGCAGACGAGTGAGCTTGGGGTGCGATTCCACCGCAGACCTTCCGTGCGAGCGGTCGATAAAAGATTCTTTCTGCTTTTCACGGTTGTGACTGCTTCTGTAGGTTTCAACCTGTTCAACAGCGTTTTCTTGCCTGTCCTTGTTGAATCGAAGCGTTTCCGGCCAGAGAGCGTCGGTCTGAGCCTCGCGCTCATGGCGATGAGCGAGATTCCCTTTTTATTGCTCGCCGAGCGGATCGTCAAAAAATTTGGAAGTCTCAGACTGCTTCTCAGTGCGTTCTTCGTCGTGGGACTCAGGTTGGTTTTGACTCCTTTAGCAGTTAACGAGGCTCAGCTGATACTCATCCAGCTCCTGCACGGCTGGACTTACATAGTGATCTACTATTCGGTGCTGTTCTTGATGAGGCGGATGCTTTCGGGTCACGTTCTGGAAGGTACGCAGATAGTTTTCTGGATGTCCCTTCAGGGTGTGGGGCCGCTGCTGGGTTCGAGTGTCGGAGGAGTGGTTGTGGAGCACCTCGGAACGAAGGCAACGTATCTGACCTTTGGCTTCATCGCCATCTCTCTCGTGTTGGTGGGTTGGTTCATCGAGAAAAACTGTTTTGAAGGGGAGTGAGGACCTTGGAACAGTTCGTGCGAAAGCTCAAGGGTATGATGAAGCTTCCAGATTTCGATTCGCTCGGTAAAGTGATGTGTGTACAACCGCATCCGGACGATGCCGACATTTCCATGGGTGGCACGGTCGCCAAACTCTCGAAAAAAGGTGTCAGGGTCTACTACGTAACGGTGACGGACGGCTCGGCGGGGACGCTCGACGAATCGCTGATGGGTGAAAGACTTGCTCAGATCAGAAAAAAGGAACAAGAAAAGGCTGCGGAAATACTGGGTGTGCACGAACTGATCTGGCTCGGTTTCGAAGACCTTGGAGATTATTCTGTCGAACAGGTGCGCGTGAAACTGGTTGAAGTTTTGAGAAAAGTTGAACCAGACGTGGTCTTCACGGTCGATCCCTTCACACCTTACGAGGTGCACCCGGATCACATCAAGTGCGGCATGTCCACTTCGCAGGCGGTGAGTCTGTACAGACTGCCGAAATTACTTCCAGGCACTTCGAAGCACGCAGTGGCTGCGATTTCCTTCTTCAACACGGCGTTTCCGAACACTTTTTATCCCATCGATCAGGAACATCTGAACAAGAAGTTCCAGGCCATTTCACAGCACAAAAGTCAGTTCGATGAGAAATCTCTGCAGACTTTGTTCTTCTATCTGACCGAGAAGAGCAAGGCGTACTCACCGGTGGAGGGTCAGCTGGTAGAACCTTTCAAAACTCTCCCGCCTGTAGCACTCCATGTGATCAGCGAGGCGTACAGGCTTTGAACTTTTCGAGCGTTCTTCAGTCCATAGAGATGGAGTATAATAGATAACTGCTGGGGGCGAACGGGTTCGACGGGTGTGAGATCCCCCAGGAAGCGAGCCGAGGTCTCCACCTCCTCGTAAAAAAGGTGGAACAAAAAAGAAGTGCCAACTACGAAATGGCTCTCGCTGCCTAATAGAGAATAGGCAGCCGTCCCCCGCGAGGTCTGACCGGTGCCCGCGGACGGGGCGTGACCCAGCCGGTCCACCGCTGGAAGGTTTGCCCCGACCTTTCGGCGGGTTTCACAGGGGCTGTGACTTGCGAAGGCCTGCCTGTGGGCTTTTGCAAGTCGAGAACTGAACACAGGCTGCGCTCGGAGAAGCCTGGGGGTGCTCACATTCGGACGGGGGTTCGATTCCCCCCGCCTCCACCAGAATCATTTCTTTCTCCACCTCGCTACGTAGATCGCCCCGCAGTTTCCGGCTTTCACACCCGCGAGGTTGGCTTCTTCGTAAGGTGGAGAGGCGTTTGGGGAGAGGAAAACTGCCTCCGCTTCGGATTCACACGGTCCAAGCAGTTCGATGAGATCTTCCTTTGTGTAAAATCGAGCGTGAGACCAGGGTTTGACACCTCTGTCTGCGAGCTTGCGATACAGCGCCACCCATGAGGATAAGCCGTTCAGAATGCCGACCACCAGGGCTCCATTTCGTTTCAGAACCCTCAGCGATTCGTTCAGAACTTTTTGGGGATCCTGAACGAACTCGAGCGTTGTGAAGATGAGGACAACATCGAAGCTATCATCGTGCAGGGGTAGTTCTTCACCCTCAGCACAGATCCACCGGGCCGAAGGTACGTTCCTCCTTCCGATTTCGAACATGGTTTTGGACGGTTCTACAGCGACCATGACCGGATAGTTCAATCTTCTCAACCACCAACCAGTTCCAGCGCCGATTTCGAGGAGTCTTTCGCCCGCGGGAAGTAGTTTCTTCAACGCTTTCTCTTCTTCCTTTATCACGAAGGAACCTAAGGGAGTTTCGTACCAGCTTTCGTAGTCCTGGGCGATTTCAGCGAAAACATCTTTGAAGCTCATTCGTACCTGAGCGCCTCCACCGGATCGAGTTTTGACGCCCTCACGGCCGGCCAGACACCGAAGAACAGACCCACAAGGATGGAGACGGAAACGGCTATGAGGACCACACCTGGTGTCACGGCGGTTTGTACCGAGCCGATGCTCGCTATGAGCTTGGATAGGCCAAAACCCGCTGCAATGCCCAGCAGTCCCGCAACGGAAGTGAGCACGATCGACTCGAGCAGGAACTGGAGCAAAATGTGCCTTCGACTGGCTCCGATGGCTTTCCGAATGCCAATCTCTCTGGTTCTCTCTGTGACCGTAACGAGCATTATGTTCATTATGCCTATGCCACCCACGAGTAGCGAGATGCCAGCGATGCTACCCAGCATGAAGCTCAACATGGCCATCGTCTGGTTCACAGTCTCCAGGAGCGCGTCCTGGCTCACTATCCTGTATCTCTGTTCGTCTTTGAACTTCTCGAACAGAACGGAATCTATCTCCGCGACCGCCTGGTTCGCCAGGTTTTCTGAGACGGCCTGGGCGACTATCATCGAGACGTTTCTCCTTCTGAAGAGCCTGTTCTCGGCGGACGAGAAGGGCACTATGATCGATCTGTCTGGATTGAGGAACAGGAGGTTTCCACTTTTCTCGAGCACACCTACGATGGTGTAGGTCTGTCTGATGGAACCGCTCGTGATCCTCACAGTCTGTCCCAGAGCGTTGCCGTCAGGGAAAAGTTCGTCTGCGACTTCTTTCCCTATGACTGCCACACGACGTCTTTCATCCGAGCTGTCAAAGAATTCTCCCTGGGCGAGTTTGACGTTTAACATGTCGAACAACACCGCTCTCGCAGCTAAAACAGTTGCCATGCTGTTCTGTCGTTCGTACTGAACGATGAAGTTTCCCTGCTGGATTGGCGTCACGTACCTGACGGAAGGACAGAGCTGGGCTATCCTGTCAGCATCTTCCTTTTCGAGAGTTTCTGTGAGTGCCGTGGCGACGCGTCCACCTCCACCCCTCGTGAACCCGGCCGTGACGAGTATGAGGTTCGAACCTATGGACGTCAAAGACTGCCTGATGCTCCTGCTCGTACCCTCGGCGACCGAAACGACGCCTATGACGGCCGCCACACCTATGATGATCCCTATCATGGACAGGGCGGTACGCAGTTTGTTGTGCGCGATGGAACGAAAGGCCTCTTTCAGCATTTCAAGCATGCGCGTTCACCTCTTCGGCCACGATCTTGCCGTCGCGCATG
NZ_AP014509.1_gap29	716560	720509	3949	TGCAGCATGCCGAATCGACTTCGTTTCCAAATTCAACTTGACTGAGTGAACTTCGTGACCCGGCGCTGTTTGAAATTGGATGAGTCCATCGGGAATACTTCTGAAACATCGCGTGTCGTTCTCTAAGGAACTCAGCTGTCTGCCGGATCCGCATAATCAATGTGGTCCTTTTTTGTTTCGTTCAAAAGTTTGGGTTTACCCTGCTGATCGACGAGCAGTTCCACTTCCTTGAAAGGAAAGATTATCTTTATCTTGTCACCGATTTTCACTTCATAAGAGGGTTTAACAATCCTTCCATTCACAGAAACTTTTCCGCTCTCTATCATCCTCTGAGCGACCGTTCTCCTCTTGATCATCCCGGTCTGTTTGAGGTACTTGTCTATTCTCACACTCATCACCCATTCGTAGTATACTTTTTCAAGAGGTGAACTGAGTGCCTTACTTCCAATACACGGCTCTAACCCCCGATGGGAGAAGAATAAAAGGGACGGTTCAAGCCAACAGCGAGTCTCAGGCCGCCGATCTCATCAGAAGAAGGAACTACGTCGTGTTGAAGCTTCAGCCTGTCGCTTCGAAAAGAGATTTCGTTTTGTTCGGCGTCCATCTGAACGAGCTCGTGGTGTTCTGTCGCCAGCTGGCGACGATGGTGAGCGCCGGTGTGAGGCTCAAGGACGCTTTGTCCATTCTGTCAAGACAGGACGTGTTCTCGTCGCGTTTCAGGAGGATCATCACCAACCTGGTACTATCACTCGAAATGGGTATGTCCTTCTCGGAAGCTTTGAGGAACGAGAAGGTGTTCGATTCCATATTCATCAACCTCGTTTCGTCGGGTGAAGAAGGTGGCGTACTCGACAGAGCTCTGGAAAAGGCTGCGGACTTTTACGAATCTTCGAAAAAGCTCCAGGACGAGGTCAAATCCGCCATGGCTTACCCAACCTTCGTTCTACTGTTCGCGATAGGAGTGATATTCCTTATAACGTTTTACATCTTGCCAAGGTTGATTTCAGTCTTCGGAAGCATACCAACCAGTGGAATCGTCAGATTTCTCATGAACGCGAACAGGTATCTCTCTGAGCACTGGCTCTCCGTTTTGATCACAGTGGTTTTGGTCGTCGTTGGGATCGTCATCTTCTCGAGGACCAGGTACGTCAGTTACGTGAAGGAATGGCTCGCAACGCTGTTTCCTCCACTCGCCAAGCTTCGCAACATGATGGCGGTAGAGCGTTTCTGCAGGATTTTGGGGACGCTGACTGGTAGTGGCGTTCTTCTGACGAGGGCTGTCGAAATGGCTGCTGCCGCATCGAACAGTCCCAGGCTGATCAGGTTGAGCAAGCGCATAAGCGAAAGGGTACGTGAAGGTGCAAGTCTTAGACAGGCGATGCTCGAAAGCGGAGTCTTTCCGCAACTGGTTTACGAGATGGTGGGAACGGGTGAAGAGACGGGAAAGCTCGAGGAAGTGTTGCTCAAGGTGGCGGACTTCTACGAAGATCAGATAAGAACGGGTGTGAAAAGGTTGGTTTCTTTAGTCGAACCGATGCTGATCGCGGGCGTTGGAGGATTCATAGCGTTCATGGCATTGACCATGTATTCAACGATCTTCCAGCTACAGCAAACCATAGGCAGGTGATCTTCAACGTTAGTCGAGATCGTTGTCAAACTGCTGGTTCTGGTCTCGTTTGCCGTGGGGATCTTTTCGTGTTTGCCCGTCCTGGACAGGGTCATGAGTTACGTTGAGCCGCTCTATCTGAAATGTCTGGTTTATTCGGCGTTGCGTTACGTGAACGGTGTTAATCCATCTGGGAGCGTGACGATAAGCGTGATCAACGATGAAATAAGGCTGAGGTGTGTTCCTTCGGATAAAGGCAGAAAAGTTGTCACGGTCACTCTCGTTCCAAAAGGATCGGTCAGGATCGTGACCGATGGTGGGCCGATAACGTTATCACCTGTTGCTGTCATGAGAGCGGGAAGTATTCTGAGTGACGAGTGGACTGTCAGCTTTCCACCTGTGGTTTTGAGGATGAACATCAAGAGGTGATGTTGTGCAGATATTTCACAAGATGATAACCGCGATCGATGTGGGAAAAAGCTGGATAAGTGGGGCGAGGGCGAGAAAGTTCAGAGGTATCATCTCGAAACCAGTCTTCGCGAGCGTCAGAAACGAGGGGAACGTTGTGGAACATCTGAAGACGCTGAAAGAGAAACTGAGACCAGACGTGGAGGACATAGTCGTAACGAACTTTCCGGTGGAGGAAGTGCTCTTCAACACCTTAGAGATTCCCAAGGAATTGAGGAAATCGGAGCTCAGAACGTACATAACCGCTGAGATGTCGAGGATTCTGAACCTTTCTTCATCGGAAATAGCACTCGATTTTGTGAGAAATCCCATCGGAAAAGCGCTCGTGATGGTGACGAAGACTCGTCGCCTCAACGAATGGATAAGCAACATCACTGCCGCGGGCTTTCCGCTGCCAGACGTGGTGATACCCGACGTCTTCAAGTATCTGCAACTGTTGAAAATACCTGGGCCTGAGGCGTGCGTGCTGGTGCTCCTGACGCGCGATTACAGTGTGGTCGCCGTGTGCGTATCTGGCTCACCGCTGGGCATCAGGACGTTCTCTTATTCTCTGGATGAGACCATCTCGATAGTCAGTGAAGAGACGGGTCTCAACGAGACGGAGATAGTTCAGGAGCTATCCAAGCAAGAATCCAGCAACGCGAAGAACGTTTTCGAATCCATAACGGTTGACTTGCCCTACTCTGTGGAGAGGGAGATCATATTCCTGCTCAGCTCAGCCCTGCCAGGATCGTCCATAAGGGATGTTGCGAAATTCTACATCTTCTGTGATCCTTTAGGGTTTACACCCCATTATGTGAAACTCTTCGAAGCAGTTGAAACCATGCAGGGAAAGATCCAGCCATTAAGCTTGAGCATCGATGCGAAAGACTTGCCTGCGGGAACGATCGGTCTTCTGGTGCGTGGAGGTGAAGAATTTGGAAAGAATAAACTTGTTCAGATATAAAAGACCCGTTTTGAAGTTTTCTTCCTTCTTGATCCTGATGCTCGCGTTGCTCGCGCCAGTTCTCGCCATGCGGTTCACTTTGGATTTTTACAAGCGCTCCGTTATCGACTCTATTTACATCAGTCATGGAAAGATCGCCGAGAAATACAGAATCAGTCGTACCACATCTCTAACTACCATCATCGCGACGCTGGATTCTATCAACAACCAGCTCGTTCAGACCAGTAAACGTCTGCAAGCGCAGATAGACGTTCTGGAAAATCACATCAAAAACTTCAACGACAGAATGCAGCCACTGCACAGGATTTTGGAGACGTTGCAGAAGACCGATCAGAACTGGATCGTCCTGAAACAGCTGATCTTCGGTGACTCTGTGAGGATCGATCTGTACGAACTCTACGATCCAGCCATAATCAGAACGGCCGATCGGTTAGAAAAAGCCCTGTTAGAGCTGGGATACAAGGTGAACAAGAGTGAGGAGTACGACGTTCTCATGCAATTTCTTGGCAGAAGGATTTCCAGCGTTTCTGTGGAAGGAAGGAGATAACTATGCCAAGAAGGTTGGCCATCCTGCTGGCCTTGCTCATCGCGTTAGGTTCTGCGCTCTATTTAGACGTGTACGAGTATTTCAGATCCAGGGTTCTCGTCCTCAAACTCGAAAATTCTTTCATAAAGCTCGAAGAATACGACAGAAACGTGGAGCAGAAGAGAGAGTATCTGGCAAAACTTGAAAAAACCGTTCAACCTCGTATGACACTGAAAGAGCTCGAAAATCTTACGAAAACTTCGAATCTGTCGTTTTCACCACAGAAGGACGGAACTTATCTCGTTGAGGGAACCTGCAGAGCCGATCAGCTGGTGAATCTGCTGAACGAGTTGCTGAAGAGTGCGAACTTGACCGTTCAGCTGCTCCAGATAGAAGCAAAGGA
NZ_AP014509.1_gap30	790217	795043	4826	GGACACTTTCTCAAAAACCTCGGAGGTGGGGTTGATAATAATCATTAAGGATAACAAAAGTCTCCGGCACCGAAGGGGTAGACCTATGCCAATTACGGTTTCGTACTGGTTCCTTTCATCCGAGCGCGCTCTCCACAAAATAGATACGGACAGGATCGATTAACGAAAAGTAATTTCACTGTGAACAAGGAATTCACCACAGATTGTCCAGCCAATCGAGCCATCCGGTATGCTTGGCGAAAGAGAGCTGAGAATACATATCGTAGTAGTTTTCGAGTTCATTCTTATCCATAGGTAAGAACACACTGAGATAGATTTTGAGGTCAGTGACTTCTGGAATCCGTGCCGATTGGAACTCACTCAGGGCTTGATCCCATCCAAATTGTCCCAGAACTTCACCAAGGTCGCACAGACGAGGTCTATCGCTGTAAACAGTCGCACGGATCTGGATCGCAGGAGTTCCATTCGTCATGGTGGCCAGAACGCTCACAGCTCTGCCCAGCTGGTCTGAACGCCAGCCGTTCAGTGCATCTTCGTAATCGGTGCCACTGTAAGTTTGCCTCCAGTACCCAATTACCTTCCTGCAAAAATCTTCAGGTTCAACATGTGAAACCTCACTGAGAAATTTGTAGTTCCACCCCGAAGCTGGTATCAAACTTGGAGCAGCGATGAAGTAGTCGGCGAGATCTTTCAGTTCGTAAAGAACTTCCACTGAACCCATCAAACACGCATCGAAGCCCAGCACGTCCCACCGGAGATTTTCCAGGGCTTCTTTCAGTTCCAAAATTTTCAAAAATTCCCTGCTTTCGTCATCGTAGGAAATACCCTTGACTCTGTACGGATCGGTGTCGTCCCACGCCGTCCCATGGTTCCAGAGAACGAGCGCCTTCCTCCTCGCGGCGTACGCGTGGTATTTTTCGACGAAACGTGAAAGACTATCCTTAGATCCACTGTTGACATCGTTCGCGAACGATTCCACCTTGACGAACCTTCCATCGGTTGAAAGTGCGTAGACTCCATCGTTCAGATTCCCACTCTGATCCACAAACGCTATGACCGCAACGTCTTTCGCTGCCATCTGCATTTCTACAAGATCGCCACTCACGTAGTTTGAGAGGTTGTTGTCCGCACCGAACCAGCAGAGAACAAGCCAGGAGGCCTCTTGCACGTTGAGAAGGATTTCTTCCGTGACTTCTTTGTAGCTCACCTTCAGTTTGTAAAGACCTGCGTTGAGAAACAAAGGTACTCTCGCATACCCAGACTCGTCCGTCGTGAAGGTCAAACCGTTCACGTTCACATCGACACCCTTCAAAGGAACTCCGAGCCAATCAACGACGCCGATCTTCAGCTCAAACGGCCTACCGGCGTACAACTTGTCCGGCAGAATGACTGTGATGTTGGAGCCGGCCAGATTCACGCACGATACTGAAAGAAACATCGAAAAGGCGACGAAACAGAAAAGGATGAACCTTTTCACAGCTCCATGAACCTGTGCGCCTGCGCGAACAGACCGAACGTGCCACCGGTGTGAACGAACAGAACTTTTTGACCTCTCCTGCTCGTCTGAAGCATGCCTCTGAACGCCTTGGATGTGTAGACCGGATCGAGCACGATTCCTTCTGTTGATGCCGTTATCTTTATGCATTCAACGTCGGCCTCGGTTGGCACAGCGTACGCCGGGCCACTGAAATCATCCGTGATTTTGATATCTTCAGGCTTCACGTTCACTCTTATTCCGTATTCGGCGAGTTCATCGACGATCTTCAACACCTTCTCCACGAAATATTTTGCTTCCCTTTTGGTCACGTTGATCCCTATGACGGGCGTTTCGTATCCGAGGAATCTCAGACCTGCGAGCAAACCGGCATAGGTACCACCGCTGCCTACGGCGCAGTAGATGGCGTCGATCTGTGAAAGGTCGATCTGATTCGTCATCTCTGCCACGGCCCAGACGTAACCGAGCGCCCCCAGCGCGTTCGATCCTCCTTCCGGTATGATGTAAACCTTTCGACCCTGGGACTCGTACTTTTCTTTGTACTCTTCAAAAACCTCGTCGATCTTCGCGTACTGTTGTTGAGAAACGAAAACGATCTCAGCACCGAGCAGTTTGTCGATCAAAAGATTTCCGTTAACTGCTTCTTTGAAGTATTTCCACTCGGCCTCATCACTCGCAAAGAAACTCCTGATTCTCCTTGAGAGGTTGTTGTTCTGTTCCGGCTGGCTCTCTCTCAGGAACAGAACCGGTTTCAAACCGAGCTTGACACACAGATGAGCGGTCGCGCGTGCGTGGTTGGATTGTTCCCCGCCGCAGGTGAACACCGTATCACATCTGTTTCGTACTGCGTCGGCCAGGAGGAACTCGAGTTTGCGAATCTTGTTGCCTGAGGATATGAACTCTGTGAGATCGTCCCTTTTAACGAATATCTCACGTTCATAACGCCTGCTGAGCCTCGGCAGAATTTCAATCGGTGTAGGGAGTCTGGCGAACGATAACTTCATTCTTTCACCCCCATCGCTTTTTCGAGAGCGTTCAGGAACTCCTCCATACTGATGTTCGCTTTCACCGAGCCACGTTTTTTGCCGCCACCGCCCGGCGCGTTCAAAACCAATTTCAGCTTCGAAACGATCTGTGCGCAGTCCAGTGTTTCTGAACTCAGAACGAATTCTTCCTCGACTTTACAAACCATGAGGTCTGCATTGTGACTTTTCAACAACGCTTTTGCCACACCATCGAACCCCTCGTAAAAACTGACCCTGTAACCGGAAATCTCTCTGCCCGGCAAGCTGTTCTTGATGGCTTCCGCGTGTTCCTGTGACAGTCTCTCGAGTTGAGAAGAGAGGAATTTGACCTTCTCTATCAGAGATTCGACCCTGGTCCCGAGGTCTTCCAGAGAACAGGTGAGGGCCTTTTGAAGAGCTTTCGTTACGAAGATGCACTTTTGAAAGTGTTTGAGAGCCCTTGCACCTGCGACGAAGTAGACCCTCGTCAAAGTGCCCTTCACTTTCTCCCAGTCGATGATCTTGATGATCCCAATTTGACCAGTATTTTGGACGTGAAACCCTCCACAGGCGGCTGTATCGAAGTCCCCAATTTTAACGATCCTGACGTTCTGTCCAACCTTTTCACTTATAGATTTTCTCAGATTCATTCGCTCGGCTTCATCCTTGTCAACGATGAGGATTTCTACGTTCAGATGGCTTCTGACGATTTTGTTTGCCAGATCTTCCACATCTTCTATGGTCCTTTCGGTGAGAATCGGTGAGTCGATATCTATCGTTGATGATTCTTCACCCATATGGAAGCTCAAAGTTTGTGCCTGCGCTATTTTCAAGAATGCTGCCGAAAGGATGTGCTGTGCGGAATGCTGCACCGCGATATCTTCGCGCCGGGTCAAATCGATCTGGAAATCGTACTCTCCGATCTCGATGGGTCTGTCTATCTTGTGGTGAATTTCGCCACCACTTTCTTTCACAAAGAGCACCCTTGCGGGTCCTATAGTACCGCGATCGCCCAGTTGACCGCCTTTACCGTCTGGATAGAAAGGGCTTTCATCGCTCACGGCAAAAAAATCTTTGCCTTCTTCATACAGTCTCTTAATTTTGATCACACGCTCTCACCCCATCGGTAATATTAGAATCGTGCTCGGGAGGAAACGTCGTGGTCGTCTTTTCAATCATCTTTTCATTAGCTTTGATAATGGTGGTACAGCGGTTGGCCAAAATCTTGCTCTTATCTATGATATCAGGTTTTGGCTTTTTCGTATTCATGAACGGTGCTGTGAGAACTGCACCAATCAAATTGTTGTTTGCTGCTCTTCAGGATAGATCTTTTCTAACGCTCGTTCCAGCCATCTTTTTCATATATTTCCTTGGCGAGATCATGGAAACATCTGGGGACGCTGAAAAAATGGCGCAATCTGTACAGAAATTGTTTCATGGTTCAAGGGGCGCTGTGGTCTTCATTCCGTCCGCGATTGGTCTCATGCCGATGCCAGCAGGTGCTATGTTCACAGCTCCGTTGGTGGATTACATCGGGAAAGATATGTCCAGTCTGGAAAAGCTGATGGTCAACTACTGGTTCCGGCACTGTCTGGAGTTCTTCTGGCCAGTCTATCCCGCGATGTACCTGCTCGCTGGATTGACTTCCATGAAGGTGGGAGTGATTTCCTTAAAGCTCTTCCCACTCTTCCTGGTGTCATTTCTCTTTGGCTGGCTGTACCTGAACGGTTTGAAACTGCCAAAATTCAACAGGCTCAGTCGATCGGAGTGGAAGCAACTCTGGCCTTTAATTTTGGTCCTTTCCGTTGGACTGATGATACTTCTCTTCAAAATGGAAGGCTGGCTCGCACTACTTCTGGTGAGTTCGTTGTACGCGATAGTCAGACACGAACATGTTCTGGAAGCTGTGAAGCGCACCCTGAAAAGGCTCGATGTTGTACCCGTGCTTCTGATCGTGTTCATGTTCAAACATGCTATGGTAGACTTCGGACTGGGTGAACGTGCAAGCCAGGAGCTCACAGGGTTCGGACTCAGTTCAAAGCTCGTCGCAATCGTTTTGCCCTTGCTCTCTGGTATGTCGACAGGCATAACGCATGCGGCGGTGGGCATATCGTACCCTGTGGTTGTGGGTATGGGCGGCGAAGAAATCGGACTTCTGATTTATGTGTTCTCCGTTCTTGGAGTGTTGCTCTCACCGGTACATCTGTGCCTGGTTTTGACGCTGAAATACTTCAGGGTAGATTTATCGAAAACCATTCTGAGGATGTTACCGTTGGTTCTCTTGACTGGCCTGGTGGGATATCTTCTCTACGGATGAGGTGAAGCGC
NZ_AP014509.1_gap31	849056	850438	1382	AATGGAAAGACAACCACCTGCAGCATGCTGGCGCACGTGTTGAACAAGCTCGGCAAGAAAGCCACCGTCGCGGGCAACATCGGTAATCCTATCGCGAACGTCTTCGACCAGCAGCTCGATTATCTCATCCTCGAGATCAGCAGTTTTCAGTTGTTTTGGTCAAAAAGCCTGCCTGTAGATGTGGGGATCATTTTGAACATAGAACCGAATCATCTCGACTGGCACCCAAGTTTCGATCATTACGTTCAGAGTAAGCTCAAAATGTTCACGTTCGCTGAGAAAAAGTTCATCGGGGAAGCTTATCTGAAGTTTGTCAAAGATGAGCGGAACGTACACGTCATTTCTGCCGTTCATCCTCTGGACAAAGATAAAGTGATCTTCCGTGGCCGAACTTATCCTCTTAAAAATGACCACGTCATGACCTACCAGAATTTGCAGAACCTCTCTGCCGTGCTCACGGTCATGGATTTTCTCGGGTTTGAACCGAACGAAGTGCTGCGGGCGCTCGAAGATTTTGATCTTCCACCGCACAGAATGCAGCTTGTCGCTGTGATAAATGGCGTGCAATTCGTCAACGATTCAAAATCGACGAGCGCAGCTGCGACGATCGCCGCACTGGGAAACTACGAAGATGGCAAGGTCATACTGATCCTCACCGGAAGGGGCAAGAACGAAAGTTACGATGTGCTCGTTGAAAAGATCAAAAGAAAGGCGAAGCACGTGTTGTTGTTCGGTGAGATTGCACCACTCATGAGTTCACTTTTGAAGACATCGGGTGTACCATGTTCAATCGTGAGCAACATGGAAGAAGCAGTGATTGAAGCTTTCCGAATAGCCAGCCGAGGAGATGTAGTTTTGCTGAGTCCCGCTGCGGCGAGCTTTGATCTGTACAGAAACTATGAAGAACGTGGAGAACATTTCGTTCGGGTGGTACAATCTCTTAAGGAGGGCATTTAGTGCCAAGTCATGCGTTGGCACTTTTGATCATAACGGCTGTTTTGATCGCGGTGGGGTTGGTTGTCATCTCGAGCCTGGAAGTGTCGGCAAAAATGAATCTTTACGGTGGTGTTGCTCGTGAAATCTTTCGTTCGCACGTAACGAAGCTCGTCGTGGGAGTGGTGTTGCTTGTCATCACGAGCTTCGTTGATTACAGATACCACGAGAAATACGCCTGGTTTTACTACGTGCTTGCGATCTTCCTTCTTGTGTTACCCTACGCGTTCCCACCTGTGGCAGGTTCTCGACGCTGGATCCTTCTGGGGAACTTCAGTTTTCAACCTTCTGAATTTGCCAAGTTTGCGTTGATCGTCTGCTGTGGTGCTTACATAAAGAAACATCAGGATCGGATGCGGAGCTTTGTTGATGGCTTTTTGAAGCCTTTT
NZ_AP014509.1_gap32	900387	902859	2472	CGACAGCTCGACTTGTTCGATCAGTTCTTTGTCTTCCATCGGAGAAGGATCCAAAAGTTTTATGCTCTCGTAGCTGACGTCCTGTCTTTTCATCAGGTTGAACAGCGATGTGGGCTGACGCAGCGGTTGTGTTCCAGATCGGACGAGTAAATCGTTCACTCGATCCGTTGGGGTGACGATGAGCTGCTTCAATCTTTTGACTTGTTCCTCGATGTTTTGTTTCAATCTTACCACTTTTTCGTAGAACCATTTCGGCACCAGGCCCACTTTGTATCCTTTCTCGACCAATCTCAAATGGGCGTTGTCGTGTCGCAACAACAGTCTGAATTCGGCCCTCGACGTCAGCAGTCTGTACGGTTCATCGACCCCTCTCGTTACCAGATCGTCTATCATGACGCCTATGTACGCTTCAGATCTGTCTATGTAGATCGGTTCCTCGCCCCTGAGTTTCTGAACGGCGTTCATACCTGCGACTATTCCCTGACCCGCGGCTTCTTCGTAACCGCTGGTACCGTTGATCTGACCCGCGAAGAACAGACCTTCAACGATCTTGCTCTCCAGCGTGTGGTAAAGCTGAGTTGGATCTATGTAATCGTACTCGATCGCGTAGGCAGGCCTAACGATGTGCGCATTTTCAAGACCTTCGATGCTTCTGATCATCTCTATCTGTGCTTCGTAAGGCAGGCTCGTGCTCAGCCCGTTCAAATAATACTCGTCGGTGTTCCTACCTTCGGGCTCCACGAAGATCTGGTGAGATGTCTTTTCTGGGAACTTCACCACCTTGTCTTCTATCGAAGGACAGTACCTTGGACCTTTTCCAGAGATGAGTTTGATCTCGCCGTACAGCGGTGAGAAGGCGAGGTTGGCCTGGATGATCTTCTTCGTCCTCTCGTTCGTGTAGGTCAGCCAGCAGGGATAATCCTTCGGAAGTATCCTCGGTTCGCTGAAGTAAGAGAAGCAGAGTGGCTCATCCGCGGTATCCTGACGCTTCATCTTCGTGAAATCTATCGTTTTACCGAGAACGCGTGCGGGCGTGCCGGTTTTGAACCTTCCCGTCTTGAAACCGAGCCTCATCAGGGCTTCGGACAGACCCTTGGCGGGAAAGTCACCCAACCTTCCAGCTTCGAAAGTTTGTCGACCTATGAAGATCTTCCCGTTGAGGAAGGTTCCCGTGGTTATGATCGCGGCACGCGTTTCGTAGATGGTTCCAAGCTTGTCAACGACCGCCTTGATGCGGCCGTTTTCAACGATGAGGTCGCACACTTCCGCCTGTCTCAAAAACAAATTTTGCGTCTGTTCGAGCGCCTGCTTCATCGTCTGGCTGTAAGCAACTTTGTCTATCTGCGCGCGCAACGCCCTCACCGAGGCTCCCTTGCTCGTGTTGAGCATTCTCACGTTTATCATCGTCTTGTCCGTTGTCTTTGCCATCTCACCGCCGAGAGCGTCCACTTCGCGAACGACGATACCTTTCGCGGGGCCACCGATGGCCGGGTTGCACGAGGCCCACGCGACCCTATCGAGGTTGGATGTTATGAGGAGGGTTTTGAAGCCACTCCTGGCCGTCGCGAGCGCCGCTTCCACTCCCGCGTGACCCGCTCCCACGACGACCACGTCGTACGATTCTCTCACGTTCTCACCTCGAATTTGTTCGGTATTCAATTTTAACACGCTCTCGCGTCGATCTCCGAAACAGGTCTGCAACGATAATCGTGGTAGAATTTTGTCACGGCGAGAGGTGATGAGTTTGCGCATCCTGCTCACCAACGACGATGGTGTGACGTCCGTCGGTCTTCTGACGCTCGCGGAGGTTCTCTCTAAAAAACACGAGGTCCTCGTCGTGGCGCCGGAGTCTGAACAGAGTGCCACGGGCCACGCCATAACGGTGAGGATGCCGATCTGGGTGAAGCGCGTGAAGGTCTTCGAACACATACCGGTGTACGCGACGACGGGTACCCCTGCGGACTGCGTCAAGCTCGGGGTGGAAGTGATAGGTGAGAGGAACATAGACCTCGTTGTCAGTGGCATAAACGTCGGCTACAATCTCGGAACGGACATCGTCTATTCTGGGACCGTATCCGGTGCGATAGAAGGGGCACTGCTCGGGATAGCCTCACTCGCTTTGTCCGCACCGGCAAACGAAGATTTCGATTACAAAAGGGCTGCGGAGTTCACCATGGAATTCATTGAGGAATTCGATTTTTCGTTGCTCGAGAGGTTCACCGCGTTAAATTTGAACTTCCCCGCGGGAGAGATAAAGGGATGGAAAGTGGCCAGACAGAGTGCGAGGAGGTACGCGGACAGGTTCGAAGCGCGTGTGGACCCAATGGGCAACACGTACTACTGGATGTACGGTGATGTCATAGAAGACGATGAGAGACCCGATTGTGACTACGTCATCGTGAGGGATGGTTACGTCGCCGTTACCCCCATCACGGTCTTCATGACGCACGAGCGTTTGCTCGAAAGGTTGAA
NZ_AP014509.1_gap33	926509	930881	4372	CTTTCAGGAGCACTTCGAGCACGCTCTTGGCACTGGCAAGTGGATTTCTCAGCTGGTGCGATATCGTCGTTGCGAAGTCTCTGAGCTCTTCCATGGTCCTGTCGAGTCGGTCTATGGCCTCGTTCAACTGAGTTTGCAGTATCTTGGCTTCTTCGCTTGTGGGTTCTATCTGAATTCTTTTCTGCGCACCTCGGGAAACGAGCTGCATCTGCTCGCCGATCATCTCGATCGGTCTTGTGAGCTTGCGGGTGAGCCTTCGACCGAAGAACAGCACGACAAAGATGAAAGGTACCAAGATCGCTGTCAGGATCATCGAGAGTGAAGCCAGCAGTGTGAGATGGTCCTTCAGATTGCGAGTGACCACAACGTCGAAGTCTGCCGTGGTCAATTTCAAATAGCGATTGGAACGTACCGTGTGGAAACCATCGACCTTTGGTACTTCGAAGTCGTCCGGCAGGTTGTAACTCGCTATCGTTTTTCCTTCTTCTGTGATGTAGAAGGCGTAGTTCTTTTTGCCGAATATCGCAACGGGTTGTCCTTCGGGTTTTTCGAGGAATCTCAGCAAATCGTTCGTGAAAACTAACATTTCCTGGTCAATTCTTTTCATCGTGAGGCTGTGGAACAAAAAGACGAGCACCGCGGACATGACGATCATGGAAACGACGAATATGGAAAGGTAATACTTCTCTATGGCATGCCTCAGCGTTGGCACGCTCACGCCTCCACCTTGAGCCTGTAACCGATGCCTGGAACAGTTTCGAGGTATCTGTCATATCCGAAGGGCTTCAGCTTACTCCTCAAATAGAGCACGTAAACGTCGACGACGTTGCTCCTGGTTTCCTTTTCGTTACCCCAGACGCGTTCGAGGATCTCCTCCCGACTGAAAACGATGTTGGGATCGCGCATGAAAAGTTCCAGAAGGTCGAACTCTCTCCTGCTCAACTTCAGCTCTACACCTTTGATCGCGACTTTTCGAGTTTTCGAGTTCAGTTCCATCTCTTTGAACTTCAGAACTTCGCCCCTGAGAAGATGACTCCGTCTGATCAAGCTCTGAACGCGCGCGAGCAACTCCCTGAAATCGAACGGCTTGGTCAGATAGTCGTCGGCACCGTTTCTCAAACCTGTTATCTTGTCGTCCACCGAATCGAGTGCGGTCAGCATCAGCACGGGAGTGTGGATGTTGCTGTCTCTCAACGTTCTCACGAACTCGAAACCATCCACGCCAGGCAGCAGCACATCGAGAACGATGCAATCGTAACTCTCAGTCAACGCCATGTCGAGCCCCGTATCGCCATCGAACGCCAGTTCAACGGAATAACCTTCTTTTTCGAGCCCTCTTCTTATGGAATTCGCCAGATCTTCGTTGTCCTCAACGATGAGAATCTTCACTAACTTCCCCCCGTTATTGTTGCCTTTTCAGCATCTCCTGCAGGACTTTCTTGAAAACTTCTTTTGTCGGCTCAATTTTCAAAATTGCCGGGGTCTTCATGCTCACTGTGGCGAGGTTTCTGTTGTTTCCGACTACCCAGCTGTCCGTCTGATAAACACCGAACAGCACGTTTTTTCCTATGGACATGACGGCAAGCGATATCGCTTCCCTCAAGCCCACTGCGTAGGCGAAGAATCTGGTCTCGAGTGGTTTTTTCCAGAGTATTTTCGCTTCTTCTACTGAGATTCCATATTCGTGATTGAATGTGAGAACGACCCAGACGATCCTCTTGTCCACCTGGGCTAAGTAAGCCGCGACGACGTCTTTCTCGTTCGTCAAGTTGATCGCATCGAGGATGGTGAGTTTCAACTGCGAGAAGTTCACCGTTTCGTACAGTTGTGAGTTGAGTACCACCTTCTCCAAAAGGTTTTCACCGAAAATGAAGATCGAAAGCAACAGCGGGCAGATCAAAAGGATTCTCCTCATTCCATCACCAAAACATCTTATCAGCTCGTGGATTAGAAAACCATTAGAACGATCCTCGATCCTATTCTACCCCATATGGTTAGCTGTGGTGTATAATAAAAGAGGAACCGAAAAGTGAATAGTTTCACCTGGGGAGCTCCTAATCCGGGGCTGAGAGGAGGACGGAAGTCCTCGACCCATTGAACCTGATCCGGGTAATGCCGGCGCAGGGAGAGTGAAATATCTCAACCCGTCGGCGACGGGTTTTTGTTTTGGGAGGTGTTGCCATGATGACATGTTCGATCAGGTTTTTACCGTTGAAGGCTCAGAGCAAGGACGAGATCTACAAACTCGTGGACGAAGCGATCAACGTCATTGCCAGCAGCGGTTTGAAGTATCTCGTGGGACCTTCAGAAACGACGGTGGAAGGAGAATTTTCCCAGCTCCTCAACCTCATCGAAGAGATCCACAGGAAGATGACGCCGCTGTGTGAACGGTACGTTCTCGAAGTTGTCTTCGATTGTGCAAGGAACGGTGTGAGCATCGATGAAAAGATCCAGAAGTATCGTTGAGATCGTTTCTGTGGCCATCGTCGTGCTGCTGTGGCAGTTCGTTCCCGTGCCCACGTACCTTTTGCCGAAACCGTCGCAGATCCTGACCGAACTCATCAGAGGTAAGGATATCATCCTGAGGCACACCTTCGTCACGCTTTATGAAGCAATACTTGGTTATGCACTCGCGCTGGTTCTGGGTGTTGCGATCGCATCGGTCATGTTCCTTCTCAGGAACGTTGCCAGGGCCCTTCTTCCCATCATCGTGTTCACCCAGACTATTCCCATCACGGTCGTTGCACCGATCGTAGCCATCTGGTTCGGCTTCGGAATCGGTACGAAAATCGGAACGGTGGCGTTCCTGTGCTTCTTCCCCATCGTGATGAACACCTACGAGGGCTTCAAAACTGTGGACAGAGAGAAACTGGAGTTTCTCAAAGCGCACGGTGCGAAATGGCATCACAAACTCAGATACCTCTATCTGCCCCACACGGTGCCTTACACGCTCGCGGGTATGAAGGTCGCCATCACTTACTCTCTGACCGCCGCGGTCATCGCCGAGTGGATGGGGGCTCAGGCCGGGCTCGGCATCTACATCATAAGGGCGCTGAATTCGTTCAGAGTGGATAGAGTCTTCACCGCGGTCTTCATCATCGTCATGTTCACACTCGCGCTTTTCTACACGCTTCAGTTCCTTCAAAGAAAACTCTTCCCGTGGGCTACAAGGCTTGAGGGAGGTGGTTGAAGTGAGAAAGTTCTGGCTTGCTCTCATCCTGTTCTGCACACTCGCCTTTGCTCAGCAGGTCGTTGTCGTGCTGGACTGGTATCCCAACACTAACCACACGGGTCTCTACGTGGCGCTCGAGAAAGGCTTCTTTGCGGAGGAAGGATTGAGCGTGTCCATAGTTGAACCGGCGAAGATGAGCGCCGAACAGATGGTGGCGAGCGGCAACGCACACTTCGGTGTGAGCTTTCAGGAGTTCGTCACCTACGCCCGCGCCGAGGGCCTTCCTGTGGTCTCCATCGCCGCGGTGATCCAGCACAACACGAGTGGATTCACCTGGCTCAAAGCTTCAGGCATCTCCTCACCAAAAGATTGGGAAGGAAAGACGTACGGTGCGTGGGGTACGGAGATCGAGGAAGCCATGCTGAGAACGATCGCCAGAAAGTACGGTGTCGACTGGTCGAAGATCAAGATGCAGACTGTTGGACAGCTCGACTTCGTGACGGGTTTGAGGCAGAGAGTCTTCGACTTTCAGTGGGTCTTCTATGGCTGGGAAGTGATAGCAGCGAAACTCGCGGGACTGGATGTGGAATTTTTAGCCTTGAAAGACATAGACGAAGTTTTCGATTACTACACGCCCGTCCTCATCACCAGCGAGAAGTTGATCCAGCAATCGCCCGAGCTGGTGAGAAAGTTTTTGAGAGCGGTGAGCAGGGGTTACGCTTACGCGAAAAACAACCCTGAAGAGTCCGCAAGGATACTGCTCAAGTACGCACCGGAGCTGGATGAGAAACTGGTCATCGAGTCTCAGAAATATCTGTCTACGAAGTACTGGGAAGATTCACCGAAGTGGGGCTGGCAGGATGAAAAAGTGTGGAGGAGGTTCTACGAGTGGATGAGAGAAAACAACCTGGTGCCAGAGATTCAGATAGAAAAAGCGTTCACGAACGAATTTTTGCCCTGAAGGTGAAAGATCTCAGAGTATCGTACGATGAACTTCTGGTCATAGACGGTGTGGATCTGCAGGTCGAGTACGGCGAGACTGTGGCCGTGCTCGGCCCTTCTGGATGCGGTAAAACTACCTTGCTGAAGGCCCTTTTGAATCTCGTACCCTACAGTGGTGAAGTGGTTCTGAACGTCGACAAGGTTGGTTACATGCCCCAGCGCGACACGCTGTTCGAATGGATGAACTGCCTCGACAAC
NZ_AP014509.1_gap34	1021203	1023202	1999	ACCTTGGAGCGCTCATACTTTTCGTGGACGATCTGTCGAAACACAGGAGCATCATTCAGGGTGGATTCGAGGTGAACTGCAGTTTCACGCCTGAAAGGTTGTACGAGCTCGCCAAAATGGATGGTGCGATAGTGGTTTCCGAAGATGTATCGAGGATCCTTCTGGCGAACGCGCACCTGGTGCCTGACCCAACGATTCCCACAACGGAGACGGGCACCCGCCACAGAACGGCCGAGAGAGTCGCGAAACAGACAAACTGCATGGTCGTCGCGATATCGAAGCGCAGGAACGTTGTGACCGTTTACTACGGGCCCTACAAGTACGCGTTGAGTGACGCCAGGTTACTCATGGCGAGAGTTTCTCAGGCCCTGAACGCGATGGAAAGGTATCGGACCAGCCTGGACAGGCTGCTGTCTTCCATTGATTCCGCAGAGCTACAAGCTGGCGTTTCCATCCACGATGTTGCTAGAGCGATTGAAAAAGCCGTAGCGATGCTGAAGATCTATGAAGAAGTGTATCCGTACATGGTCGAGCTCGGTGAAGAAGCCAGTTTGATCTGGGCCCAATTCAGCGAGTTGCTCACAGACGTTGAGGAGACAGTGATCCTGCTGGTGATGGATTACAGCACGGTGGAGCTGGATCCAGACCAAGCCAAGGAAACGATTGAAAGGCTGAAGCAGGACAAGAACCTCACCGAGATGAAAATCATCAAGGAACTCGGGCTTAACGTTCAGACAAGCGCACAGGCTGGAGAAATCCTGGTTCATCCAAAAGGTTACAGATTTTTGAAAGGCGTGGTGAGAATACCCCTGAACGTGTCGCAGAACCTCGTGAAAACGTTCAAGAATCTCAGGAACCTGAGAGAAGCAGACGTGGAGGTACTGAAGTCTGTGGATGGGATCGGAGAAAAAAGGGCGTTGGCAATCGCGTCGAGTCTTGGTATGATAAAAGGAAGGGAAGGAACCAGAGGCGAGAAAAGGACAGGATAGAAAAAGGAGGAGTGCGAGATGAAGAGAACCTACCAACCGAATCGGAGGAAGAGGAAAAAAACGCACGGCTTTCTCGTGAGGTCTCGGACTGCCTCCGGAAGGAAAGTGCTCGCCCGCAGAAGGGCGAAAGGCAGATGGAGACTGGCGGTTTGAATCTTTACTCTTTCCCCCGCCAAGAAAGGCTCAGGCTGAAGCGAGATTTCGACAGGGTTTTCCGAGAGGGATTGTCGTTGCAAAGCGATTTTTTCACGGTAATATACCTGAAGAACGGCTTGGATTTCAACAGAATAGCGATCGTTGTGAGAAAAAAACTTGGCAAAGCCCACGACAGGAACAGGATAAAGCGCTGGATCAGGGAAAGCTACAGGCAGATGAAACCGGAACTTCCCAGAGGTTACGATATCGTGGTGATCCCGCGGAAAACCCTGTCCGAAATTCTCGACAGAATCGATTATCACGTGATAAGAAACGAACTTGGAGAGCTGTTGAAGAGGATCGGCGCATGAGAAAGCTCGTAGTGAGCTGTATAAGGTTCTATCAAAAGTACATCTCTCCGCTGAAACCTCCCACGTGCAGGTTCACTCCGACCTGCTCGACTTATGCTATTGAAGCGATCGAGAAATTTGGAGTGATCAAAGGATTAATCCTTGCCGGCTGGCGAATACTCAGGTGTAACCCTTTGAGTGCAGGTGGAGAAGATCCGGTACCGGACAAATTCACACTGAGGAGGAGATCGACTTGAAGAAGCTTCTCATCGCCTTGATTCTGACCTTTGCTCTTTCTGTCACGTTCTCCCAGAACGAGATAAAAGTTACGTACCTGCCGGGTGGGATAAAGGTTCAGACCCGTTTCGCAGAGTACGAGTTCGATCAGAACGGAAACCTTGCGAACGTGTATCTCACGGTGGAGCGAAGAGTTCACGTCTTCGAGAGGGACAATGACGGTTTTGACCTCTTGAGCGAGGATGGTACTGCCCTCATTGCTGCTGCTGAGGCACAACTCTTCGGCCA
NZ_AP014509.1_gap35	1094882	1097010	2128	CTATCAAGCCCGCCGTACTGATCCTTCTCGCCTGAGACCTTTCCAGGAAAAGACCGAACACGCACGAGAGAAGAAAAGACAGAGAAAGCATGAGAAAAACGAACAAGATTGCGACCAGAAAACCGTAGAAGAGGTTTCCTCCGGACGCGACGACATAGGCAGGAAACACGAACAAATACATCACCACGGTGAGAGGTTGCAGTGCGAGCGTTAGAACCATCTGGTAAGCGACGATGGCCCATCTTTCGATCGGGAAGGTCAGCAGAAACTGTATCTCCTCGTTCCGCGCGAAAGAGTTTATCAAGCTCGGTACGAAAGAGATCAGAAAGAGAAGACCGCTCAGGATCGACCACTGCACCATCAACAACGTTGAGAGTGTGTAAGTGGAAATTCTGACGGCAGACAGAACTTTGAACAGCTCGAAGAACAAAGACCCCAGAGGAAAACCGATGATGAAAGACGAAACGACCAACGCCACAAAACCGAACGAGCGCCGGGTTCCTCCACCTCTTCGACTGTAACGTGCACCCAGGCCGTACTTGAGTAACACCAGAAGCTGTCTCATACCACATCACAGTTCCTTCACGATCTGCAGTATGTCCTCTTCCGTTGCGGTAAGACGCAGGAACACGTCTTCCAGGCTTGCCACATTGTCTCTTACAAGCTTCCTCAGTTCATCCATCGTACCTTCGGCGATCAAAGAGCCTTTATCTATGATACCGATGCGAGAACACATCTTCTCGGCTATCTCCAGCACGTGTGTGGTCATGAAAATGGTGCAGCCCTCCGACGCATACTTTGCGAGTAACAGCTTCAGAATCTTTGCGGACCTGGCGTCCAGACCAACGGTCGGTTCGTCCAGAAAGATCACCCTCGGTTTTCGCACCAAGACACTGACCAGCATCAACTTCTGTTTCATTCCGTGGGACATATCGGCGATGAACTTGTCCAGATAATCTATCCCGAATGCCGAGCAAAGTTCTTCTATTCTCTCGCGCATCGATTTTTTGTCCAAGCCGAAGATCTCGATCACGAAGTTCAAAAACTCGTAACCCCGCAGGCTCGAATACATCCTTGGTTCGTCTGGGACGACTCCGATGGACCTTTTGATCTCTATTTCAGCTTTCTGCATGTCCATACCGAGCACGCGAATGGAACCGGAGGAAGGTTTGAGCGTTCCGGTCAGCAATCTGATCGTCGTGGTCTTTCCCGCACCGTTCGGACCGAGAAAGCCGTAGATTTCACCCTGAAAGACTTTCAGGTTCAGATTGTCCACGGCACGGACCTTTCCGAAGTTCTTCACCAGATCCCTGGTCTCTATGACGATGTTCCCCATCGTTTTTCCTCCTACAGCCTTTCCGCAGCCAGACTCGCGAGTGGGGACCTCACGCCTCGCTTCAGTGTCACGTGTGCCACCAGCGGGTTTCCTATCAGTCTCGAAGCTGCGTAGACGAGACCGTTGCTGTCTTTGTCCAGATAAGGCGTATCGATCTGGTAAGGGTCTCCCGTCAGCACGATCTTCGTGTTGTTTCCAACCCTTGTGAGGATCGTTTTCACTTCGTGTGGCGTCAGGTTCTGTGCTTCATCTATGATCACGAACTGGTTCGGGATGGTTCTTCCCCTTATGAAACTGAGTGCCTCTATCTCCATGATGCCCTTCTTCAAAAACTCTTTCAGACTCATTCCCACACGATCGAACAGAAATTCCAGATTGTCCATGATTGGTTGCATCCACGGCTCGAGTTTCTCTTCCAGCGAGCCTGGGAGATAGCCCACATCCTTTCCCATAGGAATCAGCGGGCGGGCAACGATGATGCGGCGGTACCTCTTCTGGTTCACGGTCTTTTCTAAGGCGCAGGCGAGTGCGATCAGTGTTTTCCCTGTACCCGCTGAGCCGACCATCGTCACCAGAGCGATGCTGTCATCCATCATGGCGTCCATCGCGTAGAGCTGTTCTTCGTTCAGAGGTTGTATACCCCAGACCGTGCTGGAAAGGTCCAGAGACAGTCTTGTCGCCCTTCCTTCCTTCACCTTGAAGTATCCGGTTGGGCTTTTGAGGTATTCGTTCTCACGGAAATTGTTGACAGTCTGACCTTCAGAAACGTTCTCTTCAACCATCCTGTATCCG
NZ_AP014509.1_gap36	1118409	1119885	1476	CAACTGGCTGCGGAAAGAATTTCCACACGGTCTTCAGGAATTTCTTGGCATAGAGATCGTGGACTTCGCCGGTGCCGATCGGCTGGATGTGAACGTTCTTGGATTGAACCTCTGTGGGACTCTGTGGTGTGATAAAATTTCTGTCAAAGATGCGGAAGTCCTGGGGTCTTTCAGGGCAGGCCCGTTCGTCGGTTTACCGTGTGTGACGAAGCATCAGAACGCTTACTATGTGGCGACAGTCTTCGATGAATTTTTCTACACTTTACTGCTCGGAAGAATCCTGCCAGCGAAATTCGTCGGTGATGAGATCGATTCTGTGCAGCTTTCGGACAAGCTGGTTCTTCTGAACGTCAGTGATCGCGAGGGCGTGGTCTGGACGGGTAAAGGAAAAATCAACTTGAAACCGTTCGAAAGGCGGGAGGTTTGAACCTTGGCCAAACGCTTCATCACGATAAGAGATATAGCCGAAGAAGCTGGTGTCTCCGTGAACACGGTTTCAAGGGCTTTGAACAACAAACCCGACGTGAGTGCGGAAACGAGAAGGAAGGTTCTCGAGATCGCGAGGAAACTTGGATACATAAGGAATTCCGATGCCGTACTCTTCAGGAAAGGCACCACAAAAACCATAGGCGTGGTGTTTGAAGACAGTTCCAACCCATTCTATGCGGAAGTGTTCAAAGGAATCGAGACGAGTGCACGCAAGTACGGTTATCAGGTGATACTGATGAACACAGAGAGAGATTACATAAACGAGCTGCAGGCGGTCGAAACGCTCCTGCAAAAGCGTGTCGATGGCATCATCATCTCCCCCACCCAGTTCGACAGCAAGGACATAGAAAAGCTCGTCAAGCTCAACTATCCATTCGTCATCCTTGGAGTGCACTTCGAGGGTGCCAAACTCGATGAAGTCTACTCGAACGATGCCAAGGGTGGTTATCTGGCAACCAGGCACCTGCTGGAAAGAGGCAGAAGAAAGATCCTGATGCTCAACGGTTTCATGTACAAGTCCGTGGCACGCATGAGGTACGAAGGTTACGTGAGGGCCATGTCCGAGTACGGTTTGCAACCCTACATGATGGTCGAGATCGAGGAAGGCTACGAATCTGCCTTCAACAAGATCATGGAACTGAAAGACACCGAATTCGACGCTCTGTTCTGCTTCAACGATGTCTTCGCCATCGCTGCCCTTAAGGCTCTGAGACTGCTCAAAAGGAGGGTGCCCGAAGATGTGGCGGTCGTTGGTTACGACGACATCTCCTACGCCGAGTTCGTTCAGCCCTCACTCACGACGGTTAGAATTGACAAATTCCTTGAGGGTGTCGTGGCCTTCGAAATGCTCTACGAGAGACTTTCGAATCTTCGAACCGATCCAAAACAGGTGGTTCTCGATGTAGAATTGATCGTGAGAGAAAGCACGTGACTAACTCATTTCTCAGCAGAACTACGGGCAAGGAAGAAGTTCATGAGAGATCGACC
NZ_AP014509.1_gap37	1179724	1181919	2195	GAAGCTTGGAGATTTCTTCATCACGGCCACGGGGAACACGAAGGTGATAAGCGAAAAAGAATTCCTTCAGATGAAAGACGGTGCGATCTTGGCGAACGCGGGGCACTTCGACGTCGAGGTGGACGTGAGAGCGCTGGAGAGAATGTGCGTGGAGAAGTACGAGGCGAGGCCCAACGTTACAGCCTACAGGCTCGCAGATGGTAGAACGCTCTATCTACTCGCTCAGGGAAGGCTGGTGAACCTGGCGGCCGCGGACGGTCATCCCGCGGAGATAATGGATCTGTCCTTCGCGGTGCAGGCGCTGTCTTTGATCCATCTCGCGACGAACGAGCTGCCCGCTGGAGTGTACGCCGTGCCTGCTCACATCGACGAGAAGATAGCCAGGCTCAAGCTGGCGAGCATGGGTATCGAGATAGACACGCTCACCGAAGAGCAGAAGAACTATCTGGAAGAGTACTGAGGTGATCGGTGTGATCTTCGAAATGCTCTCGAGTGTGCGTTCGAGAGGAAAACTCGATTACTGCGTGCCTAACGTGTGGATCGAAGGTTGGTACGCAGGACCGCGCAGGATGGAGAACGACAGGGCGTTCGTCGATCCTGCGGTGCTCTTCTCAGAACTCAGAGAATGGCTCAAGCAGAACAAACTCGTCGATGCGGAAGCGGGAAAATCTCTGAGCCTGCAGGAGAACCAATCGGGCAGGAACTGGGTCAGAAGGGCAGTTCTCTATAGCAGTTTGGTGCGCACGAACAGCGCGTACAACCACAAAGGCTTCGGCAGGTTCGAGCAGGACGATGTGCTCGGATACAGAGAGAGTGGAACGTTTCTGAAGATGACGTTGCTGCTGCCACACCTCAAAAGGCTTGGAATCGACGTGCTCTACTTGCTACCGATCACGCAGTCGAGCGAGATGTTCAAGAAGGGAGAGATCGGTTCACCTTACGCGGTGAAGGACTTTTTGAAGATAGATGAAAGGTACCACGATCCTTTGCTCGACGGCTGGAAGGTTTCGGACGAGTTCGCAGCCTTCGTTCAGGCCTGCCACATGCTCAAAATCAGGGTGGTCCTCGATTTCATCCCGAGAACCGCCGCGCGCGATTGCAACCTCATCCTCGAACATCCAGACTGGTTCTACTGGGTCAAGCTCGAAGAACTGGCAGGTTACGCACCTCCCAAGATCGAGCATCTGGGTTTCTGCCAGCCGACCTTCGAGCAGATGAGGGAGCTGTACGATCTCGAAGTGGTTCGAACGCACCTGAAGAAGTTCTCGTTCGACCCTTCCAGGCTCGATCCACAGAAGTGGGAAAACTTCGTGAAGCATTGTGAGGAAGAGAATTTCATGTACCAGATCGCGAAAGAGTTCGGAGTCGTAACGGCGCCGGGCTTCTCCGACTGGGTCAACGATCCACAACCCACCTGGGACGACGTGACGTTCTTCAGGCTCTATCTGGACCATCCACTCACCGCGAAGGGAAAGGTCTCGAAAGACCAGCCACCGTACGTGCTCTTCGATGTCATCAAGGCGAGCCGCTTCCCTGGAGAGGTGAAGAACGCCCAGCTCTGGGAATACATAGCGTCCGTGCTGCCACAGTTCCAGAAGAAGTACGGAATCGACGGCGTGAGGCTGGACATGGGCCACGCGCTGCCGCAGGAACTCCAGAAGATGATCATGGACAACGCACGTTCTGTAGATCCTTCGTTCGTCTTCATCGCGGAAGAGCTCGAGCCGCACAGGGCAACCGAGGCGAAACAGGCCGGTTACGATGCGATCGTCGGAAACAGCTGGTGGATGCTCCCGAGGTTCCCCGACAAAACCTACGAATTCTTCCAGAACCTTTCTGGCAGCATACAGCTTCCGTTCCTGGCGGCTTGCGAAACTCCCGACACCCCCAGAACCGTCACGAGGAACGAGGGACAGAGGCTCAAATACCTTCTGCCGTTCCTGTGCGCGTTCGTGAGGAACGGCATCTTCGCGATCAACTGTGGGCAGGAAATAGAAGAAAGCCAGCCCATGAACCTCGGACTCGACAACGATGCGTGTGGCAGGTTCACTCTGAAGTGCGACGATGAATTCCAGGGAAAGCTTGCGTTCTTCGATCATTACGTTCTTCACTGGAAGAAGACGGAGCTCATCGATTTTCTCTCGGAGCTCTCCAGCACAAGGAACAGATTTCTGGACGTGTTGCTCGAAGGAGAG
NZ_AP014509.1_gap38	1281970	1285739	3769	GGTGGGCTCTCATACTATCGCACCTCGTCGTCGTGGTGCCACTCGGTGTGTGGTTGCTGATAAGTTTCTTCAGAGAGATTCCAAGAGAGATCGATGAAGCTGCCTACGTAGATGGAGCGAGCGTTTTTCAGACATTCTTCTACGTGATTTTCCCACTGAGCGCTCCTGGACTCGCGGCGGTGGCCGTGCTGTCGTTGATACAGAGCTGGGGAGAGTTCCTTCTTGCGCTGGTGCTGACCAACGACGCGCGGGCTCAAACGCTGCCCATATTCCTCGGTAGGTACATCACCGGCTGGCGCGTCGCGTGGGGACCGCTCTCGGCTGCGGGCATCGTGACGATGCTGCCTGTCGTCGTGTTCGCGATCATCGCACAACGTTACCTGATAAGAGGCTTGACGTTTGGAGCCGTAAAAGGGTGAGTGATGTGAAGGAGGCACAATGGCTATGTACAGTGTGAAGGTGGATCCAGGCAAAATCGTTAAACCTGTGAGCAGGTACATCTACGGTCATTTCATAGAACACCTTGGAAGGTGTATCTACGGTGGTGTATACGAGGAAGGTTCCCCCTTGTCCGATCATCGAGGATTTCGGAAGGACGTTTTGGACGCTGTAAAGAGATTGAAAGTTCCGCTCTTGAGATGGCCCGGCGGTAACTTTGCATCGAACTACCACTGGAAAGATGGAATAGGTCCCAAGGATGAAAGACCCGCAAGGTTCGATCTCGCATGGCAACAGATCGAAACCAACAGGTTCGGTACCGACGAATTCCTGGAGTACTGCAGGGAGATAGGGGCCGAACCTTACATATGTGTGAACCTTGGCACCGGCACTCTGGATGAGGCGTTGCACTGGCTCGAATATTGTAACGGTAAAGGGAACACGTACTATGCGAACCTCAGAAGGAAGTATGGTCACGTTGAACCGTACGGCGTGAAATTCTGGGGCATCGGCAACGAGATGTACGGTGAATGGCAAGTGGGTCACATGACGGCTGAGGAGTACGCAAAGACCGCAAAAGAATATGCGAAATGGATGAAGGTCATGGATCCTTCCATAAAGACTGTAGCGGTGGGATGCGATGATCCAGAGTGGAATCTGAAGGTTTTGAACGTGGCAGGACCGTACATAGATTACATCTCTTACCACTTCTACACGGGCAGTGAAGATTATTACGAAACTGTCTCAACGGTCTACTTGCTCAGAGAAAGGCTGATAGGTTTGAAGAAACTGATCGACATGTCGCAAAAGCCGAAAGATAGAGAGGTAAAGATTGCACTGGATGAATGGAACGTCTGGTACAGAGCCACGAGCGATGGACTCGAAGAGCCCTACGAACTAAAGGATGGTTTGTTCGCGTGCGGAGTTTTGATCATGCTCCAGAAGATGAGCGACACAGTACCCATCGCGAATCTGGCACAGCTGGTGAACGCGCTCGGTGCGATCCACACGGAGAAAAACGGACTCTACCTGACACCGGTTTACAAAGCGTTCGAACTGCTCGCGAACCATTCTGGTGATAATCTCGTTGAGACGCACGTTGAGACTGAGACTTATGCCATAGAAGGCAAGATGTTCTTCACGAAGATACCGTTCCGGATCGATAACGTGCCCTACATCGATGCGTCGGCAACGATTTCTGCGGACGGTAAGAAGTTGTATCTGGCCGTGTTGAATTACAGGAAAGAGGACGCAGTGAAGGTTTCTATCACCATCAAGGGTGTGGCGGAAAAAACGGCGCGGGCCTACGTACTCACAGGTCCTGATGTGAACGCAAAGAATACGATTGAACAACCCAGCGTTGTGGATATCGCCGTCGAGCAGATCAGGGTCGGTCCAGAGTTCAGCTGTTTGTTCAAACCTTTCTCCTGCACGGTGATCGAAATCGATCGAGACTGAGAAAGAGGTGGGTAGTAATGTACGAGGAGATAAAGAAAGAACTTCACGAAGCTCACATGATTTTGGAAAAGTACGGCCTGGTGGCTTACACGAGTGGTAACGTGAGCGTGAGAGTGAACGAACACGTGATCATTAAGCCTTCAGGAGTACCTTATTCCACCCTGAAGCCTGAAGATTACGTGGTTGTGGATCTGGAAGGCGAGGTGGTTGAGGGAAGCAAGAAACCGTCCATCGACACCGCAACGCATCTGTATCTTTACAGGAACATAGATTGGGCCAGATCGATCATACACACGCATTCCACTTTCTCCACAGTCTGGGCCGTTGTAGAAAAACCCATACCGGTTCTCTGCACTGCTCACGCCGACGTTTTTGGCGAGGAGATTCCGCTGACAGAGTACGCACCGGTGGGTTCTGAAGCGATCGGTAAAGCAGTGCTGAAGGTGATCGGAAGGTCGGGTGCAGTGCTCCTTCGAAAACACGGCGTCATGGTGGTCGGTGACAGCCTGGAGGATGCGATCAAAAAAGCGATTTTTCTGGAGGAAGTGGCCAGGATCGCCTATTTCGCGCATTTGATGACCACGCCTGCTCCCCTCGCCAAGGATGAGGTCGAAAGGCTTTATCTGCAGTACCACACAAAATACGGGCAAAGATGAGGGTAAAATTAATGGTAATCACGAGCGAATGGAGGTGTGAAAGATGAGTGAGAGGATGACGCTGGGTCTGATCGTTGGCAACAGAGGTTTCTTCCCCGACTGGCTCGTTGAAGAGGGCAGGAAGAGAGTGCTCAAGGTCCTGAACGAGATGAACGTGAACGTGGTGACACTCTCGAGTGAAGATACAAAATACGGGGCTGTCGAGAACATGCAGGATGCTGAAAAATGTGCCAAACTTTTCAAACAGCACGCAGATGAAATCGATGGAATCATCGTCACGTTACCAAACTTTGGCGATGAAGGTTCAGCAGCCATGGCGATCCGGCTGTCCGGTCTGAAGGTGCCGGTTCTGGTACACGCCTTCCCGGATGAACTTGGAAAAATGGATATCAGACACAGACGTGATTCGTTCTGTGGAAAAATTTCTTTGTGCAACAACCTTGTGCAGTTCGGGATCGCCTTCACCGACACAACATTGCACGTGGAGTCTCCGGAAAGTGAAGAATTCAGGAAGGATCTTGAAAAGTTCCTCGCCGTATGCCGTATCGTGAAGGGATTGAAGAATCTGAGAATAGGTTTGATAGGTGCCAGACCCGCTGCGTTCAATACCGTGCGTTTCAGCGAAAAGATACTGGAAAGGTACGGAATCAGCGTGGTAACGGTTGACCTTTCAGAGATCATCGCGCGCGCCAGGGGCTTCGATTCGAAGTCTGACAGGGTCGTTCACGAGTTGGACAAACTCACGAAAACGTTCAACGTGAAGAAAGTCCCATCCGAAGCTCTCGAAAGAATGGCGCGCCTGGGCGCCGCCATCAACGAATGGATCGAGGAGAACAAGGTACTGGCGACGGCGCTGCAATGCTGGACGGCTTTGGAAGTACTCTATGGTGTCGTACCGTGTGCTGTGATGAGCCTGCTTTCAGAATCGCTCTTGCCCAGTGCTTGCGAGACTGACGTCATGGGTGCGCTATCGATGTACATACTGCAGCTCGCTTCCGGAAGACCATCCGCCCTGCTGGACTGGAACAACAACTACGGTGACGATCCAGAAAAGGCCGTGATGTTCCACTGCAGTAACCTGCCCGTGTCGTTCTTCAAGAGTTGTGAGATGTCTTACCAAGAAATCATTGCGGGTACTGTCGGGAAAGAGAACGCGTACGGAACGTGTGTCGGAAGGATCTCTCCCGGTCCTGCGACCTTCCTGAGGCTTTCGAGCT
NZ_AP014509.1_gap39	1295682	1298328	2646	CAGTTCCTATTCACAGATCCTTTCAGATCGGTCAAACTCTGTCAGAGACAGGACAGCAGGTACGTTGTTCAGAACCCACCGAACTTCCCGCTCGAGCAGAAGGAGCTCGACGAACTCTACCTTTTGCCGTTCGAAAGAAAGGTGCATCCATTCTACGAATCGATGGGACACGTGAGGGCAATCGATACCGTGCAGTTTTCGATCACCGCGGTGAGGGGATGCTACGGGAGCTGTTCTTTCTGTGCGTTGACGCACCATCAAACGACGCACGTGGTTTTTAGAAGCCAAGAATCGATAATCGAAGAGGTGAAACTGCTCACCAAACATCCAGATTTCAAAGGAGTCATCAATGACGTCGGAGGTCCAACGGCGAACCTGTACGGTTCACGGTGTGAAACGAGAGAAACCCACGGACAGTGCGCTCGATTCTGCGCGTTTCCAGAACCGTGCAAGAACGCGGTGCCGAATCATGAGGTCTATCTGGAACTGCTCCAGAAGATCAGATCGATTCCGAAGGTGAGGCACGTGTTCGTTGCTTCTGGGATCAGGCACGACCTTGTCCTTGCGGATCCTTTCGGTGAAGAATTCATCAAGCAGCTCGTTCACTTCACTCCGGGGCAGTTGAAACTCGCCCCAGAGCACGCGCACCCGAACGTTCTGAGGTTGATGAGAAAACCCCCTGTAGAGCTTTTCCTCGCGTTCAAGGAGAAATTCGAGACGTTCGCGAGGAAACAAGGGAAAGAAAGGTACGTTGTGGGGTACTTCATCGTGGCGCATCCTGGAGAATCAGAGAAAGAAAATGAGTATCTCAAGAAATTCATACGCACAAAGCTCGGTTACAGACCCCAGCAGGTTCAGATCTTCACCCCCACGCCGGGCACGCTGAGTACGGCGATGTACTATAGCGGGATAGACCCGCTCACTGGCGAAGAGGTATTCGTTGAAAGATCGCTGAGAAAGAGGAACATGATGAAAGAAAACATTGTTGCCAAAAAAGATTCCGAACGTTGAATCATGCTGGTTCTGTGAATCTGTTGGTGACAGGCATGTGCCAATCTTTCGAGAGCGTTCTCTTGGATATCTTGATTCCGATCGGAAGCTGTCTTCGCTTGTACTCGTTCGCGCGGATCATGTGCAACACCTTGATCACCGTGTCTGAATCGTAACCCCTTTCGACTATATCTCTCGCGTCCAGATTCTCTTCGATGTACAGTTTGAGAATTCCGTCGAGCACTTCGTACGGTGGAAGCTTTTCCTGATCCGTCTGGCCAGGTCTCAGCTCGGCCGTGGGAGGTTTCGTGAAGACCCTTTCGGGTATTATCTGCTTGCCCTTCCAGGAGTTGTACCAGCGAGCGATTCTGTAAACATCGGTCTTGTAGATGTCCGATATCACCGCGAATCCACCCGCGGTGTCTCCATAGAGGGTGCAGTAACCCGTGGCGACCTCACTCTTGTTACCGGTTGTCAGAACGAGCCAGCCGAACTTGTTGGAAAGTGCCATGAGGTAGTTCCCCCTGACGCGTGCCTGAATGTTCTCCTCGGTGGCGTCCCTCGCGGCGTTCGAAAAGACAGTTGCGAGCGCCTTCAGGTACTGTTCGTACACGTCCGTGATGGGTATCGTGAGGGTCTCGATACCGAGATTTTGTGCGAGCTGCAGGGCATCTTCAACACTTTCCTTCGACGTGTACATCGATGGCATCAAAACTCCTTTCACGTTCTCGGCACCGAGCGCTTCAACAGCGATGGTCGCAACCAGCGAGGAATCGATCCCGCCGCTCAGTCCCAGCACGACCTTTTTGAATCCGTTCTTCCTCACGTAGGCTCTCAACCCCGTGACGAGCGCTACGAACATTTCTTGTTCTTGCGTATAACTCGGTGAGATCGAACTTCGGACCTTTCCTTCTTTATTCCTGGTCTCGCCGCAATCGATCGTCTGAGCTCTGCGAGTGTGATTTCGAGAAACGAACGCGTCATCCTTCAGGTCTATGTCGACCGTGACGATTTCTTCTTCGAAGAGCCTGGCGCGGGCTAAGAGATTTCCACTCGCGTCGCACGCGAAGCTGGCACCGGCAAAGACGATCTCATCCTGCGCCCCAGCCATGTTGCACGAGGCGATCCCAAGCTCATGTTTGGAAGCCATCTTCAGGATGCGTTCTTCGTGTTCTTTCCATTCACCCAACACGTACGGTGAAGCGCGCACGTTCAGAATCACGCGGACGCCGTTCTTTAGCAGTTCCGTCAGAGTTCGATCAGAACGGAACAGATCTTCGTTGATAGTTAAACCGAGCTTCAGTGAACCAAGCCGAAGGATCGTGATCGAATGCCCCGTCTGGAAATATCTGCCCTCGAGGAAGTATTCGGACAGAGTGGTTTTCCTGTGCGCACCCAGAATCTCCCCGTTGCGTATCACGATCGCCGCGTTGTACGTATCCCCATCGTGCAGAGGTGAACCGAGAACACACACGACCTTCTTGTTTTTTGTGTACTGCACGATCTCATCGATCGCCTGTTTACAATCATTCAGGAAGGATTTTCTCAACAACAGATCCTGCGCCGGGTGTCCCGCCAGGAATAACTCCGGAAAGAGTACCAGATCGCTCTGCGTCTCTTCGGCGGCGTCGATCGCTTCTTTCGCTTTCAAAATGT
NZ_AP014509.1_gap40	1300074	1304131	4057	GATACGATCCGGCGTCGGTCTGGTCTTTCACCTATGAACCTCTGAGGAACGTTTTTGTGGAAAACGACACGCTGGTTGGTCTGGCCGGATTCGAGGATGTCAGATTCGGGCAGGAAAAACAGCTCGTGGTGTCGGCAAAACCTTCTCAGGGATCATTCATCGTTGTGCTCCGCGGTTCGAACAGGTTAGGTCTGCTCATAGATTTCTACAGATCGTTGAATGTTCACGTCGGTTTTCGTTTCAGAGTTCCGAAGTCTTTGATAAACGCGGAAGAGCTCGACCAGAAATCCGATCAACAGACGTTCGTGCTGTTGAAAGATCCGGGTGAAAACACGCTCAGACATCTTCTAAAGAAGGAAATTCGTGTGGCGGTGAAGGTTGAAGATGAACGTGATTTGGAACACCTGTACAGAATCGGAGTTCGATGCTTTGTTCTGAAGGATTTCAGAGACGAACATCGCCAGCGTTACCCACAGGCCTGTTTCGTACTGGAAAAAGGAGGCCTGGCCACGGCGCTGGGAAGGGTTGACGGTTTGATGATGAACATCGGACCACTTTCACTCGAAGAGATCGTGCTCGCGAGTTTGACGAACCGTCTGCTGACTTTGTACACTGATGAAAAGTATTCAAAGCTACTCGACGTGCTGGGCTTCGGTGCGGTTGGCTGGCGGAGGAGGACGAACTTCGTCTTCACAACGATCCGGCAGGAGCAGGAGGGTGTGTACGAAATACGTTACGTGAACGAATTCAACGAACCTGCTCGTGTGCGTGTTGACACCATGACTGGTGTTACCGACTGGTTTGACGGCTCGAAGGTGTTACGCCTGGAAAAGAAAACGCTGAAAAGAGAAGATGGTAGATACTTTCATTTCTATACGGAAGGTGGATGTTGATGCTCGAGCTCAGATACAACCCGCTCACGGATGAATGGATCATCGTTTCTGCCGAGACACAGAAAAGACCTGTGCAGCCTTCACAGCAGAGCTGTCCCATATGCGTCGGTGGTGTTGAATTGCCAGAGGAGTACGATCTCGTGACCTTTGAAAACAGATTTCCTGCGTTGAAGAGGAATCCGCCCGAGGTTTTCGCGGAGTCTGAGATTTTTCAGAAAAAGCCTTCATTCGGTGTTTGTGAAGTGGTCGTGTACACTTCCAACCACGACGTGGCCCTTCCAGGAATGCCTTTGAAACAAATAGAGAAACTCATAGAGATGTGGGTGGACAGAACGATCGAGCTGTTCTCTCACGACTTCGTGGAGTACGTGTTCATATTCGAGAACAGGGGAAAGGAAGTCGGAGCGAGCTTGTCTCACCCGCACGGACAGATCTACGCGTTCCCGTTCCTGCCGAAGAGGATCGAAGCCAAGATCGAAGCGTTCTCAAAATGGCACAGCACGAGAGGTTCGTGCCCTATCTGCGATGTCGTTCGTCAAGAGATAGAACTCAGAGAGCGTGTCGTGTTCGAAACTGACAGTTTCGTATCGCTCGTACCGTTTTATGCGCGCTTTCCCTTCGAGGTGCACGTCTACCCGAAGAGGCACGTTACGGGTTTGCCCGAATTGACCGTTGAAGAAAGAAAAGAGCTGGCGAAGCATCTCAAAATCATCACCGCGAAGTACGATGCCCTGTATCAGCAGGAATTTCCATACATGATGATGTTCTTCCAGGCACCTTTGAAGAGGCTGGATGCGGACTTGTTCCATCTGCACGTGGAGTTCAATCCGCCCAAGAGGGACAGGGACAAGATCAAGTGGATGGCCAGTGTCGAGACCGGTACATGGGCGTTCATAAATCCCATGATCCCGGAGCAAGCTGCGGAGATGCTCAGACGGGCAGAGGTGAGCGAACTGTGACGGTGAGGGTGAAGGCACCGGGGCGTGTGAACATCATAGGAGAACACACCGATTACAACGATGGGTTCGTGCTCCCGTTCGCGATCGACAGGTACGTCGAGGTTGAAGTGAGAGCTTCGAAAGATTTTTCACTCACTTCGAAGCTGTTTGGACAAACCATAAAAGTCGAAAAGAACGAAAAGCGTGGAGACTGGACGGATTACGTCATGGGAGTCGTGTGGGCACTGGAGGAAGCCGGATACAAGGTTGAACCGTTCGAGATGACGATAGACTCAACCTTACCCACGGGAGCGGGCCTTTCCAGTTCTGCCGCGCTGGAAGTCGCCAGTGCGGTTGCGATAATGAAGCTGATGAATCACTCCATAGACCCAAGAGAATTGGTGCAGATCTGTGTCAGGGCGGAAAGGGAATTCGTTGGCGTCCGTTGCGGTATCATGGACCAGTTCACAGCAGTGTTCGCAAAGAAAGATCACGCGATTCTGCTCGACACGATGACGATGAATTACGAGTACGTGCCGCTGAACTTGAACAACTGCGAATTCGTTCTCATCGATTCGAATGTGAAACACGAACTCTCGTCGTCTGAATACAACAGAAGAAGGATGGAATGTGAAACGATCCTGAAGAAGCTCAACAAGCGCTCTTTCAGGGAAATATCTGAAAAAGACATCTCTGTACTCGAACCGACGCTGCGGAAACGTGCAAAGCATGTGCTCGGCGAGAACCAGAGAGTTCTGAAGATGGTGGAAGCGCTGCGGAAGAACAATCTCTTCCTTGCGGGATGCTTCCTCTACGAATCGCACGCGAGCCTCAGAGATCTTTACGAAGTTTCGTGCGATGAGATAGATTTCATCGTGGGCTTTTTGAAAGGCAGGACAGGCGTGCTTGGCGCCAGGATCGTGGGAGGAGGCTTTGGAGGAAGCGTGCTCGCCCTCGTGAGGAAGAACATCTCACAGTTGAACTTCGAGGAACTGGACAGAGAATACAGAAAGCTCTACGGCAGGAGCATCAGAGTTCTACATGTGAACAGCGACGACGGGGTTCTGTTCTCCCAGCTCATATCTCCTGTATCCTCGAGTGGGATTTGACACGTGTTCTGGCGTAGATGACCAGCACGATCAGAGTCAGAATGAACGGAATCATGTTCGTGATCTCGGATGGTATCCTGAGCGATTGCAGGGTGAAGCCTGTGGCTTCAGCGATTCCGAAAAGCAGTGCTCCGAGCGCGCCGAGGATCGCAGATTTACCTCCCAGAGCCTGAGCCGCGAGGGCTATGAAACCCCTTCCATTGGTCATATCCCTCGCGAACCACGATACGTAACCCATCGACAGGAAAACCCCAGCCAGGCCCGCGAACAGACCGCTGAGAACGAGAGAAAGGTATCTTATGCGCAACACGGAGACTCCTACGGACGTTGCCGCATCGGGATTTTCACCCACCGCCCTCATGCGCATGCCCAGGGGGGTTTTTCTGATCAGATAATCCACAACGAAGACCGAGATCAGAGCGATGTAAGTCAGCGCGTTATGATTGTTCAGAACCTTTCCCAAAAAAGGTACGTTTCTCAGAAGGGGTATGTCGAGCCTCGGGATGGGCTGAGCGCCCAGGGACGCAGAAGTACCTTTCTCCCCTGTTAGTGCAAAGAGCATGAACACGGTGAAACCCGAGGCGAACAGGTTCAACGCGACTCCCGCGATCACCAGATTCACCCTGAGTTTCAGATGAGAGAACGCCAGCAACAATGCCATCGCCACGGCACTCGCAACTCCGGCGAGCAAACCCACCCAGGGATTCTTCGCGAACGCTCCGATCACGTTGCCCCAGAAGGCTGCCATGAGCATCATGCCTTCGATGCCTATGTTTATTGAACCGGCCACAGAACTGACCAGCGCAGCCATGACCGCGAAGAGCAAAGGAGTTGAAACTCTGAGAACGCTGTACCAGAACGCGGGATCGGCGAAGTTGAGGGCAAAATTACTCATTCTTCATCGCCTCTCTCTCGATCAGTTTCTTCTTGAATCTGTCGAGTAGAGCCTCGGCAGTTATGAGCAAGATCATGACACTCTGTATCACCACGACAACTTCAGGTGCGAGTCCCGTCATCCTGCTCATGATGTTCGCTCCGACTCTCAGATAGGCTATGAACAGTGCGCTCGGTATGACCAGAAAAGGATTGTTCCTCGCCAGAATGGCCACGATTATCC
NZ_AP014509.1_gap41	1306836	1308047	1211	TCTCTATGTCTATGTCTTCGTAGATGAGCGCCTGGTCGGAATCGACACCTATGGCCCATCTGTCCGCTTCCTTCGCGGCTTCGAGCAGACCAACTCCGGTGTTGCCAGCCACGTTGAAGATGATGTCGGCGCCCTGCCTGTACATAGCAAGGCTCAGTTCTTTACCTTTCGCTGGATCGTTGAAGCTGCCGACGTAGGAAATGAGAACCTTGATGTTCGGATTGATGTACTTCGCACCTTCGATGTAACCAACCAGGAAGTCGTTGATGACGGGAATGTCCATTCCTCCGAGGAAGCCGATGATCGGTTCTGGGTTGGTTTTCGGCATTCCGGACGTGGTGATCAGCGCCGCGAGGGCTCCAACGAGGAACGAGCCTTCATTCTGCTTGTAGAGTATAGAGTAGACGTTCTTGAGTCCTGGCTTGCTGTAATCGACGCTCGTGTCGAAGATGAAGTACTTTTTCTCAGGATGCATGGGAGCGATTTCTTCAAGTATTTCTTGCATCTGCCAGGTACCGACGATGATTATGTCGTAATCCTGATCCGACAGATCTTCCAGATACGGTCTCCAGCGTTCCTGTTGATAGCCACATTCGATTATCTTTGCGTCGATTCCGAGTTCTTTGATCGCCATCTGGATACCTCTACCCGCAGAGTCGAAGAAAGACTTGTCACCCAGTGTACCGTTGATGAGGAGCGCAACCTTCAACGGTTTGGCGAAGCTCAACGCGACAGCGGCCACCAGAAGGATCACCAGAAACCTCTTCATCAAACAACACCTCCCTCTATAAGGATTTCAATGGCTTTCACAGCGATCTGGATCGATTTCTCTAAGCCTTCTTCGAACTTCGGACCTGCCTGGATGTAACCATCTTCCGACAGTTCTTCCCTCACCGTGAGTACGGCCCCCGTCTTCAATCCCTTTATCCTGCCCACCACGTAGAGCGCTCCGATCTCCATCTCGACCGCCAAGACTCCGGCCTTAGCCAGAAGTTTTTCCATGTGGGAGTGTCTTTCGGGATCGAAATTCCTGCCGTAATAAGAATCGGTCGAAGCCACGATGCCCACGTGGTAGCGGTTCTTCACCTGCTCGGCCGCTCGAACCAGAGCGTTGATCACCTGATAGTCCGCGATCGCAGGATACTCTGGCATGATGTACTGCGCCGTGGTGCCGTCGAGTCGAACCGCCCCAGTGACGATGACGCTGTCAC
NZ_AP014509.1_gap42	1476983	1481360	4377	GGCGTATCGCAACCGCCTATCACGAAGAAGTGCCTGATCTTTCCAGATTCGACCAGATGCTTTATTTTGTCCGCCAGGCCCAGCACTGATGTCACCGAGAAACCGGTTGTGATTTTGTAGTTACTCGGCCTTTCTTCGAGCTCGGGCAGAGAGAGCGCCTTCTCTATGACGGGAGAATAATCGTAACCGTCTATGTGTCTCACGTTTGGCAGCCTCGCGATGCTCGTCGTGAACATCCTGTCCCTGTAAGCCTCTGTGGGTATGAGGACACAGTTCGAAGTTCCCAGGATGGCCGCCGGAACCTTCGCGAACAGGACTCTCTGGTCGTGCCACGCACCTCCAAGGTTTCCTGCGAGGTTTTTGAACCTCCTCAATCGTGGATAACCGTGCGCGGGCAACATCTCCGAATGGGTGTAGACGTACACGTTGGTTCCTTCCACCTGCTTCAAAAGCTCCTCGAGCGCCTTCAGATTGTGACCGGTGACGATGATGGCATGACCCTTCTTCGTTCCGGTTTCCACCTGTGTCGGTGTTGGTTCACCGTAGGTTTCTATGTGGGCCTTCTTCAAAAGCTTCATTACCTTGTAGTTCATCATGCCAGCCTCGAGGGAGAGCTGAACATAACTTTGGGCGTCGAAATTCACGTTTGTGAGAGTTGAGTAGAGAGATCTTGCGAAGAACGCGTCGATCTCTTCGTCCTTGTAACCGAGTTCTCTGGCGTGGTAGTAGTAGGCCGAAATACCATCCAGAATGTACAGGAGGTTGTCCTGAAGCCTTGTCACCGTCGGGCTCTTACCGCAGACGCCAACCTTCGTGCATCCTTCGTTGTTCAGAGCCTGCGAGCACATGTAGCAGAACATGTCCATCCGAAAACACCTCCCTTGGGAATTTCTTCACAAAAATGATAGCACAAAATTTCGACCATTTCAATATGTATTTCTATGCTCAACAGCACCGTCTCTGCATTCTTACAGGGTTTTCAGAGCTCATAGATGACCATAACTGTGGTAGGATTCTTTGTCAGCCTGGCTAACAAGCTTGCCGTAGAGATTCAGCCTACCAGCTGAGCGATCTCTCGCACGCCGAGTACGCAATGAGAAACTTCATGGAACAATGAGTTGCTCACAGTTCACTTTTAGAAAACTGATCGGCATGGGACTGGACATTTTTGATCGAACCGCCGGTGGAAGAAGAATTCATAAAAACAAAAGCCCCCTTGCGGGGGCTTTCTTGCGTTTGAACCGTCTTTCAGCAGTGAAGGATCGAGCTGTCGTAGAGGTCCAGAGCTTCGTCTTCCATGAGATAGACAGTAGCCTGTTTTCTTTCCTTCGCGCAGGTGAACGGATGGTTGTTGTGATTCGGGGCGTATTCGCCGTTGAAGAGCATCGCCTTCAGTTTGAGAGTGACGTAGTGGTAGATGTATTTGTCTTTGTCCATCTTTCCTTCTTTGTAGGTTCTCAGCGCCATGAGCAGGAGGTAGTGACACGTCTGGAGCAGATCCTCGTAAGAGATTATGAAGTAATGGTACTTTTTCCAGAACTGGTTGCAGACCATCCTGACCGTCCCCTCGTATTCTTGCCAATCAGCGTAACGTTCGCTCATCAAGCGGCATTCTCCTTCCACAGCGTCTTGTTCAGGACCTTCACGATGTTGTCGATCATGAAGTCGAGCACGAAGTCGAACACGGGCTGTGGCATCGGCACTTTGATGTTGAAATCGTTCAGGAACTGATAGACCATCTTCTTCACTTCCTGTTTCTTGTTCGCACCGTCCTTCGGCCTCTCCACGAGACAGACTCCCAGCATGACGATGCGGCCGATGAGGTTGAACAGTTCGAGCACGTTCATACAGCTCACCTCCTTCGGGTGGGTTTGACGATCCCTGGCGGGAGCTCCCACTTTATATATACGAAAGTATACATGAAGAGTCCGCAACGACTTCTTTCCTAAAAGGTTTCGTTGCGCTCAGCGTGGAGGATCGAAACAACGATCCTTCGCTTCTGAACAGAAAAAGAAGCTGTCAGAAAGGATGAAGCGGTTCAGGGAAGATCGAACGGAGTCCTTCGGGGTGATTGTTCACCATGGGAGTATACTTATGTATACACATGGCTTCGAACGCCACGTTAACTTCGTGCTTGCTCTTTTCGCCTTGGGTCTGAGATGAACTTCAAAAGGAAGAAGAAGTTGAACACACCGATCGCACCCGTCAGGGCCATGGGGAGTGTGTAACCGAAGCTGTCTGCGAGCTTGCCACAGATCAGCGGTGCGAGGAAAGAGAACGGGGCGGTCAGAAAGTACAGCGAACCCATGTAGAGTTCCTTGCGCTTGCCGGAAGTGAGATCCAGCGTGATCGCCATGCCACCCACGTTGCCCGTCGTGTTCACGATGCCCATCAACCCGTAGACCACGTAGGCTTGGCTCAAGCGTGTGCAGCTGATCGTCAACGCGAGCGCCACCACGTAGACGATCTTGTTCACGAGCAGGTTGACCTTGTGACCCTTTCGATCGCCGAGCGGACCGAAGAAGAACGAAGAGATGCCCTGTGAAGCCATGACGATCGCGGTGAAGTTCGCCGCCGTGTCGTCCGGTAAGGACAGTTTCTTCAAAAGGTACACCGTTACGAAACCGCTCGCACCGAAGGTGAAGCTACTGATGATCCTCTCGAACAGAAAGTTTCTGAAGTTCCTGTCCGTGAAAACGTTCTTCATGTTCCTGAAGTAGTTGATCACGGGTTCGTCTTCGTGGAGCTTCGGATCGGGCACTTCCCTCGTGAGTGCGAGGAAGAAGAAGGAAGCCATGAAGAAAAAGAAGGCCGTGAGGAAGACGTAACCGAAGTTCTGCGGGAACGGGTTGCTGGCGAGCAGATTCTTCGCGATCATCGAACCTCCTATGCCCAGGATCGCACCCATACCACTACCCATGGCGAAGTACGTTCCGCGCCTTCTGGCATCGATCACCTTCTCTATCATGCTCATCCAGGGTGGACCGAGGAAGCCCATCGTATACACTGTGAGTGCCATCATCAACGTGGCCAGATACAGCGAGAGCCTCGCAAAACGAGAGGCCAGGAAGAAGCTGATCAGCGCGAGGAACAGATAGGGTAGTCTCTCTCCCATCGTGTATTTGAGAACGAGGTTCAGCTTCTTCGCGGAGCGTTCGGCCATCTTCGCGCCCCAGATGGCGGGAATGCCCCAGCCGAGGTTGATGATCGCCAGGATCAAACCCAGTTCCACGTTCGACGCCCCCAGGTTCTTCGCGAAGACGGGAAACAGCGTGAACATGGAACCCATCGCCATGCCAACATTGAAGAGCGCGTTGTCGGTGCAGTTGACGATGAAGTTCCAGCGATAGTCTTTTTCAGTGAGCCTTTCTGGTGTGTGGCGGTCCAACAGCGATTTCACCAGACTCAACGCACACGATCTGTTCGCCTTCAAAACTGAACACCTCGAGGAAGATTATAACGTTTCAGGCTCGAACTTTCCAGAGCAACACGTTTTCTTTGAACACCGTTTCGACCATGTTTTCGCTCAGGAGATAGCTCAGATACGCGTGAACGGTGGACCTGTAGAGGACGAACTGCACGAGGTTTTCGATTTTCACACCGAACGCATCGAGCAGCTCTTTCAAAAGACCTTCCGCGGTGAGCGGGGTCTTCAAAAGCTTCAGGATGCGTTCGACAACGTCTTCGACCGTTTTTCTGTTGATTTCGAGCAGATCTTTTATGTCGCTCGTTGCCTCTCCGTGGGACGGGACGTAGAGATCGTAGTTTGAACGGCTCAGAAGATCGAGCGTTTCGAGGAACTTTTTCACATCGTACACGACGAAGATTCTGTGCTTCTCGATCGCCGATTCAGAGAAAAACGCGTCTCCACAGAAAAGGACGTTGTCCACAGCGACGCCGATCTGGTTCACCGAATGCCCCGCGAGCGGAACGATGTTCAGAGTGACGTCTTCAAGCTGCAGCGGTCCTTCTTCGAGCGTCCCGTCGACGGTGCAGGGTTTCGCCATGAGGAACTTGGTGCGCAACTGCTCTGGGGGTGACGCAGTGAAGAGATAGAAAGGCTCCAGGATCGGATCTTCGATGATGTGCGATTCTATCCCCGGTGCGAGGATCTTCGCGGAAAACTGCTTTCGAAGATAAGAGTTGCCGCCACAGTGATCGGCGTGGGAATGGGTGTTTATGACGAACCTTACAGGCTTTTCCAGTTCGCGGCACAGCTTCTTCGCCACAGATTCGTCTATGCCGCTGTCGATCAGCAGGCTGGAGTGCGACGTGTAGACGACACCGATGTTCACAGGATTCGGCGCGTAGAACACGCGTTCCTTCAACCGCTTCAAGCCCATAGTTCACCTCGACAGTTCAGGATCATTATACAAC
NZ_AP014509.1_gap43	1590225	1591529	1304	GTGATGGTGAACAAGGCGTACACCAGAATCACGGGCTTCTCTGCGCAGGAAGTGATCGGTAAACCCGCCACCATAGACATCGCAGAAGGCGAGAGCATGCACATGAAGGTCGCACAGACGAAACAACCCATATACGGAGCGAGGCTACTCGTCGGGCCGACTCGCAAAGAAGTGATCGTGGACGTCACGCCATTGTTCGTGAAGGGCGAGTTCAGGGGCAGCGTCGGAGTCATACACGATGTTTCGGAAATTGTGAAACTGAGCAGGGAACTCGAAGAAATGCGCCGAATCGTGAGGCGGATGAGTGCCAAGTACACCTTCGACGACATCGTTGCCGAGAGCCCCAAGATGAAGCGCATCGTGGAACAAGCCATGAAGGTGGCACAGACTCCCGCAACGGTGTTGTTGAGGGGTGAGAGCGGTACGGGCAAAGAGCTACTCGCACACGCCATACACAACGCGAGCGACAGAAAAGACCAGCCGTTCGTGAGCGTCAACTGTGCTGCGATACCTGAATCGGTGCTCGAATCAGAACTGTTCGGTTACGCTCCGGGCGCATTCACGGGTGCCCGCAGGGAAGGAAAGAAAGGTCTGTTCGAAGAAGCTCACAAAGGCACCATTTTCTTAGACGAGATAGGGAAGATGCCTCTGGCAGTGCAACCGAAACTGCTGAGATTTTTAGAAACGAAAGAGATAACACCTGTGGGCGGTACGAAACCGATCAAGATCGACGTGAGGATCATCGCCGCAACGAACATGAACCTGGAGAAGATGGTGGAAGAAGGTTCCTTTCTGGCAGATCTGTACTTCAGGCTGAACGTCTTCCCCATACACATCCCACCGTTGAGAGAGAGGAAAGAGGACATACCAATGCTCGTACAGCACATCATAAAGAAGCTGAACCAGGAGTACGGCAGGACGGTCGAGGGAATATCCCCAGAAGCTTTACACAAACTGACCTCGTACGACTGGCCCGGAAACGTGAGAGAACTCGAAAACATCATCGGTAGAGCCATGATAACCATGGAACCGGATGAGAGGTTCATCAGGGCACACCACTTGCCGCCGTTGAGGTTGACCTATCAGGCGCAGGAAGTCGCAACGGATGTGAAGGACCTGAAAAGGGCTTTGAGAGAGTACGAGAAAGGGCTGATATTGAGGGCGCTCGAACGCAACGACTGGAATGTTCAGAAAACTGCTCAGGAACTTGGAATGAGTGTTAGAACACTGTACCATCGGATGAAACTGTTGCAGATCGTTAGACCTACAGGTAAGAAACATCAGTCTTAAACTTTGCTAAAAGC
NZ_AP014509.1_gap44	1597973	1600346	2373	AACTCTGGGAAACAACCATGAACCCTGCCACAAGACGTTTAATTCGTGTTACGATAGAGAATGCGGAGGAAGCGGATGCGTTGTTCGAGATTCTGATGGGTGAGGACACGCAGGAGAGAAAAAATTTCATCGAGCGACACGCTTTAAAGGTGACCTATCTGGATGTATGATTTTAGAAAAGCGGTGTCTTTTCTTGCTTTATTCTGTTCAATTTGTGTCTTCTTTCTGATATCGAGGTCTATGGGCGCGACGACTACGCTGATCGAAGAAGAACGCGATTTTCTTGTTGCTCACAAAGGCAGACTGTGGTGGGTAGGACGAAGCGGTAGACTCCTCGAAGTTGCCAGTGTGGAAGACGCCTTGTCGCGTGCCTACGTGAGCGGGGTGGAGGTTCGAGATGGATGTGTTCAGGAATCTGTTGTAAACTTGATACAGAAGTTGAAACCGCTGCTGAGCAATCCATACGTTGTTGAGGTGGTACCCAAAGAGAGAAGGGTCGTACTCTTGAAGAGTGTGAGCTTGAGGTTCAACGAATGGGAAGATTTGCTGAGGAATCTGAGCACTTTGAACGAGGCGATCAAGAGGATGGAGCCTAAGGGGGAATATTTTTTGTCCTCCAATGGGCTTTTTTACAAGTTAAGAGGTGGGGACGATGAGGAAAGGTGAAACTTACTGTCTGATCGACGTTGGTAGTCATAGCTGCAAAGGTGTGGTTCTCAGGCATACAAATCAAGGTCTGGAAGTCCTGGCAAAAGCCTCCATGAGGATGAGAGGAATAGAGGGCGGGGACGTTAGAGATGCCACGGCAGTCAGTGAAGCGGTCGAATCGCTCGTGGATGAGCTCGAGCGAGAATCGAGAGTCAGGCGCGCAGACTTCATAATCTCGAGCAGCCACAGTGGCGTGAAACTTGTCGAACATGGAGCGGAGTTGACTGTCTCAGAGAACGAGAAGAAACCGGTCGATGAATCGATCGTGGAGTCACTCAGGGCCACAGTGGAGTCAGAACTCTCAGACAAGTACAGACTGTTGCACTTCTACCCGAAGAGGTACGTGGTCGATGGGACGAAGTTCGTCCTGAACCCGATCGGAATGACCGCGAACAGAATCAGATTCGAAGTGACGGCCGCCGTTATGGAAAAAGATTCAAGCTCCGTCTTCGATTTCTTGAGCGAGGTCTTACCAGAACCGTTGCTCGTTGGTCATTCAAGCCTTCTCGCCGCAGAATGTGCTTTGAGCGATGTGGAGAAAGAAACGGGCGTATGTCTGATCGACCTCGGACATTCCCACACCTTCGTCGTGATATACTCAGCCTCCGTCCCGGCCAGACTGCAGGTGATACCGCTCGGCATCAGGAACGTGCTGCGCGACATATCGATCGTTCTCGGTACGTCCATGGAGGAAGCCGAACGGTTGCTCAGATCCGAGGGCAGCGCCGTTTACGGAGAGGCGGCGTACGCTCAGCAGACGATCGAGTACAGAGGCCTGGACGGAAGAACCTTGAAGGTCACAACTAAAGAAGAACTCGCCCGAATAATACACGCACGTTTGAGAGAAATACTCATGAAGGCCAGGAGAACGATCAGAGAGTTCACGTTGCAGAATCCTTCCAGCACGATCGGGAGGTTGCCCGGTGGGGTGGTCTTCGTTGGTGGTGGGGCGAAGATTCCAAGGCTCATAGATCTGGCCTTAGACGTGTTCGAAGGCCCTGCGCGTGTTGGAACTTTCAACGTTCCGAACCTTCCCATTCTGAACGATGAAGACGTTGTCGAGGATCCCGCACTGTGTGGCTTGCTGGGTGGTATGACCCAGCTTCTGAGACAGACTCAGTCGGTGGTCGCAGCGAAAGCTCCGAGTTCAAAACAGGGTTTCTTCAAGAAACTCGTTGAAATGTTCAAGAGTCTGTGGTGAACACGAGGAGGCGGTCCTATGCCTTTCGAGCTGGGAAAATCGGAAAAAGGCAAAGAGACAGAAAAACTTTCAAGGAAGAGAATACCGATCATAAAAGTCATAGGGGTTGGGGGAGCGGGTAACAACGCCGTGAACCGCATGGCGAGGATGGGACTGAAGAACGTACAGCTCATAGCTGTGAACACGGACGTGCAGGTTCTGGAAGAAACGGAAGCGGATTTGAAGATTCAAATAGGAGAGCGGAGGACGCGTGGGCTCGGTGCGGGTGGAAACCCGAAGGTTGGGGAAGAAGCCGCCTTGGAGAGTTTGGACAAAATAGAACAGGTACTCAAGGACACCGACATGTTGTTCCTCACGGCGGGTTTCGGTGGCGGTACCGGGACTGGAGCGACCCCTGTGATAGCGGATGTGGCCAAGAAGATGGGAATCCTCACCGTGGCGGTCGTAACCACACCGTTCTACTT
NZ_AP014509.1_gap45	1661543	1662699	1156	AGTTCGTCGTCCCAACCGAAGTCAAGATCAGCCCCGATGGAAAATGGATCGCTTACACCACCAAGAGGATAGTTCCCGAGAAGAACAAGACCGTCAGGCAGATTGTTCTGTACAGGCTCGACACTGGAGAGCGTTTCTTTTTACCTGAGGACACCTCGAAACCCAAATTCTCACCGAGCTCAAGAAAACTGGCCTATCTGAAAAAGGACGAAGAAAAAAGTAGTCTCTGCGTGATGGAACTGGCCAACTTCTCGACCTACACGTTGACAGTAACGGAGTCCATAAGCTCTTTCGACTGGTCCCCGGACGAACGCAGACTGTTCGTGATAACTTTGAAGAAGAGACGTGACCCTGATCTGTACTTCGAAACGCGCATCCCGGTCTGGTTCGATGCGAAAGGCTTCTTAGACGACCAGACGAACGTGTTTCGCATCTTCGACGCCGAATCGTGCCAGGAACTCGACCAATTCGAGGAGAGGAACTTAACTCACGCGTTCTGGGGGAACGCCGGCATCGTGTACACGATCCATCACGAAAGAGAACCGTTCACCCGTTTCGACGTGGTCCTGTACGATGGGAGAAGCAAAAGGTCCATACTCGAAGACGTCGGTCTCATCGCGACGGGAGAGTCACAGTGGGGGTTGATACTGCTCGGAAGAAGGAAAAAGAACGCCTTCGAGCACGACTACGTTTATCTTCTCAAGGATCGAGAACTCGTTCCGCTCACCGAGGAGTATGGCTTGGATAACTCCGGTCACATAAGCTTGGAAGTCTGGGCGGCAGACGGTGAAACTTATCCCATCGCGTCTGGAAGATGGGTTTACTTCAAGAGTGGGGAAAGAGGAAACGTTAAACTGGAGAGGATCGATTTGTCGTCGGGGAAGAAAGAGACCATCCTCTCTGAAGGAGCGGTGAGCTGTTTCGATGCGAACCATGATGGAAAGGTCGTTTATGTGGCAGTGAGCGATGGAGAAGGAGCCGAGGTGTACGTGCACCGTGAAGGCCGCAACGAGAGGATCACAGCCCTCAACGAGCAGTTCCTTTCGACCCTGAAGGTGAGAAAACTGAACCATTTCGAATACTTAAGCTTCGACGGTACGAAGATCGATGGATGGTACCTCAAGCCCGACAATTCTCCGGCTCCGCTGATAGTTTT
NZ_AP014509.1_gap46	1769534	1772762	3228	GGGTTTTATCCTCTGAAGTGTCAGAACGATCGTTCCGCTCGTGCTGTAGTTGCACGCAGAGTTGCATTCCGCAACAAATATCTTGTTCCACAGCTTCGTTTGGAGACCATAGTGCAACGCATTGCTGTCTGGTATTGTGAAACTCACGTTCGCTATGTCGGAAGCTGCCGCGAACTGGATGTTGTTGATGCCGGAGCCAAAACCGTACCACATGTCGATGTAGTTTTTCACTGTCGAATACGGTCCTTGATACGTTGGGCTTGCGAGGCCAGTGAAGGAAACAAGAACTTCACCGTTGCTCGCGATCGTCGCTGTGATGCAGTCTGTCAGATACGTGCCTGGTTTCCTAACGTACCACAGCCACTTGGTTCCAGTGAGACTGAAATCGATCCACTGAGCAACCGAAACGTCGACTCCAACTTGGATTTGCCATTGTCGCTTGTTGCACGCGCCACTTGCTCCACCGACTGAGAACGCCCAGGCGTCGGCTTGAACATCTTCAGGTTCGTCGCTGATCGAAACCCACTCTCCGTCAACCCACTTCCATACTTCCAATTGCTGACCGGCAGCAATTGCGAAAACTGTGAACGCTACAAACATGGCCACGAGTATCAACGTAAGTTTCCTCATAAACCTTCCCTCCTTTTCACACCTTCCAGCCTGTTACTTTCCACCTTGCCCACTTCTACCTTCGATGTGATTTTGTACGGCTTGGAGTGTGAACGTTACCGTCGCGGTGTTTCTGTACGTTCCAGCCTGTTGAGTTCCAACAACAATCCTGTGCAACATGTTCATCGTCTGCCCGTTCTGTAAGGTCAGCGACTGGTTGTTCAGTTCGCTTGCCCTTATCCAGCCCTGCACGCTTGAAAGATCCTCTGCGAACGAGTAATAGACGGGCAGTTTCTCCTCTCCACCCCCTTCCAGAGAAAGATCGTCGAAATCAGAAAAAGTAACGAGGACAGGATGACTCGCCGTCACTATCGTTGCTGTCAGAAATCTGGCAACGTACTGCCCCGGCTTCTTGACGTACCAGGCAACTTGACTGTTGCTCACCTGGATGCACATCCCGGTTTCTTCCTCTTCACCCGCCCACGCTGTTTCCTCGTCTGATCCGTTAGAAACCTTCAAATGCAACAGAATGTAGATCGTGGAAACTTCGGTCGCCGGGAGCATCACTGTGTAGGTATCTTGGTTCACCGCTGGTGAATATCGCTTGCTGTAGGGAAACTGTCCAGGTGCCAGATCGTTGTTGCTCAAGTCTGCTGGTTCTTCGGTGAGAAGACGCAGATGAGATTCATCCGCAACCCAGCTGCCGAAGAGAGAAAAGGATACAGACAAGCTGTCGTTTTCGTTCTTAACCGTCGCCCTCCCGATCCATTCGTTCTGTCCAGCGATGATCTTGTAGTACCGCTCGACGCCATCGAGCTGGTATGCCATGTAGAAGTACCATTTTCCGCCGCCACCTTGCCCTTTTGTGGTCACAAGCTGCGAGCCCACCTGTTTCGATGTGGGAGGTTCCAAAACTATGGTTCCCGTTATCGGGACAGACGCGTTGCTGTTGAGAAACTCTCGGACAGAGGGTAACTCAACTTTGATTTCAGACTCACTCTCATCTACCACTTTCCAAAGACCTGTTTTTGGATCGTACCTGTAAACTGTCGGTACATAGGCGAGTGCCCCTGAAATAAGGAAAACTACAGCAAAGACAGCTAAGCTTGTTTTAAGAACCTTCCTTGGCCACCCACCCATGCACAATCACCTTCTCTGAGCTACATGCTACTCATGGGGCTCAAAGTGTACTGTAAATTAACTTTCAATCGGCTAAAAATTTACTCAACATCGGCTAAAAATGTGGGGAAAAAGAAGGCGAGCGCCCGCTCGCCTTCAGGAAACGTACGCGCTGAGGTCGAACAAACCGTGGCCACTGAGGTTGAAAACGATGACTTCCTCTCTCTTTTCTTCTTTTGCCCTGAGCGCCTCCCTGATCGCCCCGTTGATCGCGTAGGAGCTTTCCGGTGCGGGCACGATCCCTTCGAGCTTTGCGAACAGGCGTGCCGAATCGAAAACCTCTTCCTGGTCGAAGGCGACCGCTTCGACCAGACCTTCCTTAACGAGTCTCGAAACGATCGGTGCGGCTCCGTGGTATCGCAGACCTCCCGCGTGGATCTTCGGTGGGATGAAATCTTTACCGAGGGTGTACATCTTCAGAAGCGGTGTCAGACCGGCCGTGTCACCGTAGTCGTACTCGAACCTTCCTTTTGTGAGTGATGGACACGCCGTTGGCTCACAGGCTATCAACCTTATGTTCTTTCCGGACAGTTTGTCTGGTATGAACGGAAGTATCGTACCTGCGAAGTTCGATCCTCCACCGTGACAGCCCAAAACGATCGTGGGCGTCTCGTTCAACAGCTGGAGCTGTTTCTTGATCTCGAGCCCTATCACGGTCTGATGCAGAAGCACGTGGTTCAGCACGCTGCCGAGCGAGTACTTCGTGCTCGGATCGGACAGCGCGACCTCGATCGCTTCACTGATCGCGATGCCCAGACTGCCCGGCATCTCGCCGTTCTTTTCAAGCAAAGATCTTCCAAAGTTCGTCCTGTCGCTCGGACTCGGCACCACGTCGCCACCGAAGAGTCTCATCAGGTACTTCCGCATGGGTTTCTGCTCGTAGCTGATCCTCACCATGAACACGTTCACGGTGAGTCCGAACTTGGCGCCGGCGTAGCACAGGGCGCTTCCCCACTGTCCCGCACCCGTTTCAGTTACCAGCCTCCTGGTGCCAGAGATCTTGTTGTAGTACGCCTGAGCGAGGGCCGTGTTCGTCTTGTGACTGCCCGTCGGGCTGACACCTTCGTACTTGTAGTAGATGCGCGCCGGTGTCTGCAGATACTCTTCCAGATAGGTAGCTCTGTACAGCGGGGTGGGTCTGTAAACTGCGTACTCTCTCAGCACGGGCTCGGGGATGGGGATCTCTCTCTGCTCACTCACTTCCTGTTCGATGAGAGGTTCCGGAAAGATCGCAGAGAGCGCCTGGGGAGAAATGGGCTGTTTCGTTTTTGGATCGAGCGGAGGATCGAGTTTGAAAGGCAGATCCGCAAGCACGTTGTACCAATGCCTCGGCATGTCCTCAACCTTCAAATCCACCCTGACTCTCACAGTTCCACCTCCTGACGATTTCAAATAAAAAAGGGGCTCTCTTTTTCAAGAGAGCCCCGATTCGATGCGAGG
NZ_AP014509.1_gap47	1840108	1844198	4090	TTGACGAGGAAGAGGTCGTAGGTTCAATCCCTGCCGCACCCACCACAATGGGGTCCGTCAGGACCCCTTATTCTTTCGTGGGAGGCGATGTACTTGGACAGGCTCGATTTCGCAATAAAACTCGCACGTCGCGTTGGTTTTTACCTTCTACAGCACTGGGGTAACGCGCTGAACGTGAGAGAGAAGAGCTCTTTTCAGGACATAGTGAGCGATTGCGATAAGCAAGCGCAACAGATGATCGTGAGCGAGATCGAAAGATACTTCCCGCACGAAGCGATACTCGCCGAGGAAGATCGCTTCGAAACGGGCCAAAAGCTTTGGATCGTCGATCCGATAGACGGTACGATGAACTTCGTGCACGGTTTGCCGTCTTTTGCCGTTGGAATAGCGTACTCAGAATTTGGCGACGTTCTGATCGGTGTCGTCCACGATCCTGTGTTGAACGAAACTTTCTATGCTGTGAAAGGCGAAGGTGCGTACAGGAACGGTGAAAAGATCAGTGTATCGACTAATGCGACGCTTCGGGAATCGATAGGGAACGTCGGTTTCTATGTGGGATTCACGGGCCATTTCGTGAACGCCATAGAAAAACGCGTGCGCAGAATGCGCATGATGGGAAGCGCTGTCCTTGCCGCTTCCTACGTGGCCTGTGGACGGTTCGACTTCTTTGTCGCCAGGCGTGCCAACCCCTGGGACGTTGCACCGGTCTTACTCATAGTTCCCGAAGCCGGTGGATGCGTCACCGACCTGGACGGCAAGCAGGCGAGCCTTTCGAGTGGAGCGTACCTTTTCAGCAATGGAAAGCTACATTCAGAGGTGCTGGAAATAATAAATAAGGTAAAAGGAAGCGAGCGATGAGAAAAGATTTTGGCTGCCTGGACCAGGTGTCGTTCGCCAGATTCGCACAGGTCTTTTCCAGCCTCATCACACCTGGGACCGTAGTCCTGCTCGTCGGAGAACTCGGCAGCGGTAAAACGAGTTTTGTCAAGCACTGTGCACCTACCTTCGGGTTGGATTCATCTCAGATACGGAGCCCCACTTTCTCCCTGATGAACCTCTATGAGGGCAAGCTCAAAGTTTACCATGTCGACCTGTACAGGGTAGGAAGAGACACAGAGTTGCTCATGGAGATCGAGGAAATTCTCGAGCGCAGGGATGGAATCACCTTCATAGAGTGGGCAGACAGGATCGAATCCTTCTGGAGCGGTGAAGAGATAAAGATTTCACTCGGTTTCTGCGAGAATGGAAGAACCGTTTCGGTAGAGTCGCAAGATGAACGATTCTTGAATGAGCTTTCGAAGAGGTGGTTGGAAGTTGGGCAAATTCGAAAAACTTGAAAAACTCGCGCAGGAAACAACCGGGGAAAAGTCCATACCTTCCACGCTCCCCGTTCTCAGGCTTGTTGGAGGGCCCGTGGTCTTTCCGCAGACCGTAGTTCCGGTCCATGTGAGCACGGAAGAAATGTTGGGGGTTTTGGAATTGTCCATCGAATCTTACAACAGATACATTCTCGCGATCTACCAGAAAGACGTTTCGTCTGAATCCTCAAACACAGGAACAGTTTGCATCGTGTTGCAAGCCGTGCATCTTCCAGATGGAAGCTTCAGGGTCCTGCTCGAAGGAAAGGCGCGTGCAAGGATCAGAACTGTCAGCCAGGAACAGCCAACGATAGCAGAGATCGAGATCACGAAAGCGAGATACAGAAAAAGTAAAAAGGTCGAAGCGTTCATCAGGAGCGTTCGTGAGAATTTTCTGAAGTACGCGCACTACACGCAGAGATACTCTCCAGAAATGATTGAAGGCGTTCTTCGCGTCAACGATGCAGACAAGTTTTCAGACCTGATCGCTTCTTTGCTGGTGATCCCTAACGACGAGAAACAGCGTCTCTTGGATGAAACACACCCCACCAGAAGACTGGAACAGATCTTAGAGATCCTGATACGGGAAAATGAATTACTCGAAATAGAGCGAGAGCTTGACAGCAAGGTGAGAAAGAGAATCGAGGAGACGCAGAAAGAATTCTTTCTCAGAGAGAAACTGAAGGCAATAAGTGAAGAACTTGGACAGAAAAACAGCGAAACGGCCCAGCTCAGACAGAAACTCTCCACACTGAACCTTCCCGATTACGTACAGCAGAAGGCCCTGCAGGAGATCGAGAGGTTGGAACAAATGTCACCGTACTCCGCGGAGGCGACCGTGGTGAGATCCTATCTGGACTGGATCTTGAATCTGCCATGGCAGACTGTCCTGCCCGAGAACACAGATCTCAGCCAGGCTCAGAGAATTCTCGAGCAGAGTCACTACGGTCTGGAGGAAGCGAAACAGAGGATCCTTGAATTCCTCGCAGTGAGAAAGAGGAGCAAGAGCGTGAGATCACCGATACTGTGTCTCGTTGGGCCACCGGGGGTGGGTAAGACCTCGCTCGCACGCGCCGTCGCGCAGGCGCTGGACAGAAGGTTTGTGAGGATGTCTCTCGGTGGTCTGAGAGATGAGGCGGAAATCAAAGGTCACAGACGCACGTACGTTGGCGCGATGCCGGGTCGCATCGTTCAGATGATCAGAACCGCGCAGTGCAAAAATCCCGTCATGTTACTCGACGAGATCGACAAACTCGCGGTGAGTTTTCAGGGTGATCCTGCCGCCGCGTTGCTCGAAGTGTTGGATCCAGAGCAGAACAAAGAATTCCTCGATCACTACATCGAACTGCCTTTTGATCTCTCACAGGTGCTTTTCATCACTACGGCGAACGTGACACACACGATCCCACCAGCACTTTTGGATAGAATGGAGATCATAGAGATCGAAAGTTACACCGAGCAGGAGAAGTTCATGATTGCCAAGAACTACGTACTTCCAAAGATCCTAACCGAGCACAACCTTGAGCGAGGAACTTTCAAAATCAGCGACGCCGCAATCATGAAGATCATACGTTCCTACACGAGGGAGGCGGGTGTGAGACAACTCACAAGAGATCTGGAAAAAATCGTCAGGACAGCCGTTCTGAACCTCGAGCAGGGCCAGAAGAACTTCATGGTGAACGTGCGTAAGCTGGCTGAAATACTCGGCCCGGAGAGAAACTTGGATCTTCCGTCTCTATCGCAGGCAGAGATCGGAGCCGTTCAGGGACTCGCCTGGACAGAGTACGGTGGAACGATGGTGCTCGTCGAATGTGCCCTGATCCCGGGCAGAGGAGAGCTCATCCTCACTGGACGGCTTGGAGAAACCATGAGAGAATCTGCCAGAATCGCGTTGAGCGTCGCAAGATCCTTCTGCGGGTCAGATGCGAAAACTCTTTTTGAGAGCAACGACATTCACATAAACGTTCCAGAAGGGTCCGTGCCGAAGGATGGCCCATCGGCTGGTGTAACGATGAGCGTTGCGATCATTTCAAGTGCGCTGAAAAGGAAAGTGAGGAACGACACCGCGATGACCGGTGAGATCACGTTGCGAGGTAAGATTCTGCCAGTCGGAGGTGTGAAGGAGAAAGTTCTCGCGGCGCACAGGTACAACATCAAACGAGTTCTGCTACCGAAGGCGAACGAGAAAGACTTGATGAAGTTACCAAAGGAAGTGCTCCGAGACTTAGAAATCATACTCATAGACAACATCGAACAGGCAGTGAGAGAGTCGTGTTTGTGAAAAGCGTTCGTTTCGTCGTGGGTGCACGCAGTGTTGAACAGTTTCCACAACCGCTGGCCGGCGAGGTTTGCTTCGCCGGAAGGTCGAACGTTGGGAAATCAACGCTTCTCAACGTCCTCTTCAACCAGAAAATTGCTCGGGTGAGTAAGACACCGGGTAAAACAAGGACGATCAACTTTTACCTCGTCAACGAGCGTTACTACTTTGTGGATCTACCTGGATACGGTTACGCTGCCGTCTCCAAGTTGGAAAGACAACTCTGGAAGAAACTCATTGAAAGTTATTTTTCACTGAGAAGGGAAGAGATCAAGCTCAGCGTTTTACTGGTTGACAGTAGACTCGACGTCCAGGAAAGTGATAGAATGTTCGTAGAGTACTGTGCGTATTACGGGTTGAACCTGTTGATCGTGTTGAGTAAGACGGATAAGCTCAGTGAAGCTCAGCTACAAAA
NZ_AP014509.1_gap48	1846152	1850423	4271	CCTCTAACTTTTCGTATTCTTCGTCACGCTCCGTCCGACCGCGCAAGATTTGATTGAGGAAAACACCCCACGCGAACGCGAGAGTCACGACGGTCGATAGAACCACCAGCCAGTAGACCAGGTCGAACAAGATCCAACCCTCCAACGTCTTTTGATTCTACACTGAAAATTGTATAATCCTTTCGATCGAAATACCAGCATGAGGAGGTTGCACTATGGAGTACAGAAAAGTTGGAAAATGGGGATTGAAGGTCAGTGAGCTCTCCTTGGGGAGCTGGATCACGTTCGGAAACCAGCTCGATTTCGAGTCTGCAAAAACCCTTGTTAAGAGAGCCTTCGATGCGGGTATCAACTTTTTTGACACGGCGGAGGCTTACGCGTCCGGAATAGCAGAATCGATGCTCGGTGAGATCTTCAAATCTTTTCGGAGATCGGATCTGGTTGTCTCGACGAAGATCTTCTGGGGTGGCAATGGGCCGAACGACAGAGGACTTTCCAGGAAGCACCTTCTGGAAGGTACGTGGGCTTCACTGAAAAGGTTGCAGATGGACTACGTCGATATACTCTACTGCCACAGGCCAGACCCCGAAGTACCCATGGAGGAGATCGTCTGGACCATGGATCAGATATTGAGGAGTGGACTCGCACTTTATTGGGGAACGTCCGAATGGAGCGCGGAACAGATAGAGTTGGCGCACGAAACTGCAAGAAGGTTGAACTGCATTCCTCCGATCGTTGAACAACCCCAGTACAACCTCCTGGTCAGAGGAAGGGTCGAACGTGAGTACGCACCCCTCTACGAAAAATACGGTATGGGAGTCACAACGTTCAGTCCCCTCGCTTCTGGTCTGCTCAGCGGTAAGTACCTCGAGGGTATTCCGAGCGATTCACGGTTGGCAAAATACGAATTCTTGAGGAAGAGATTCGAAGAAACGGGACTGTTGAGCGAGAAAACCTTTTCCAAGCTGTTGAAACTCAGAGACCTCGCTAAAGAGCTCGGTTGCACGCTCGCACAGCTTTCGATCGCCTGGATCTTGAAGAACAAAAACGTTTCGAGCGTCATACTCGGAGTCTCAAAACTCGAGCAGTTCGATGAGAACATAAAGGCCATCGAGGTGAAAGAAAAGCTCACAGACGATGTGATGAAGCAGATCGAGACTATCCTCGCTTCCTGAGGATCGGTTCCAGAACCCTGTCCAGCACCCCGTGCAGGTAAGATATGAGCATGCCGTAGTTCACGACGGGGATGTTCAACCTGCTGGCCATTCTCATCCGCCTCATGAACGCGGCTCTGTTCAGGACACATCCACCGCAGTGGATCATGAGTTTACAGCTCGACAGTTGCTCGAGTTCGGGGAATTCTTTTCCGGCAAAGAATCTGTAGTTCAGCTGAACTTTCAGTTTCTCAGAAATCCAGCGCGGGATCTTCACCCTTCCTATATCGTCGCACGTTGGAACGTGTGAGCACGCTTCGACGATCGCAACGGTGTCGTTGTCTTTCAGATTCTTGAGTGCCCCGATGCCGCTCAAAAACTGATCCACATCACCCTTGCTGACGCTTTCGAGGATCGAGAAGGTCGTTAGAGGAATATCCCTGGGAACGATCTTCTCGACTCTCATGATCGCTTGAGAATCGGTCACGACCAGATCAACCTTGAAGTCCAGTTTTTCCAGAGCCCGGGCAAGCTCGGTGTCCCTCGTAACGACGGCCGTTGCGGCATGATCGATCGTCTCCCTTATCGCTTCAACCTGGGGCATGATGAGCCTTCCTTTCGGCGCGGCGGTGTCTATCGGTACCACGAGGACGACCGTTCGATACTGACCGATGAGATGGGCCAGCATCGGCCTGGATTCTTCATCCGGCACAACGCTCGCAAGGGCGTGAAGGAGTGAGTCGATGTTCTGCCGCGTTTTTGCAGAAACTTCAACGATGGGTACCTTGAAGTCGATGTACGCATCCTTGACACGTTTGCCCAGGTCCACTTTGTTCACGGCGATGAGGAAAGGTATTTCGAGCTGTCTGAACATCTCGACCGCGAAGCGTTCGTGTTCACTCGGCACGTCGTCCACAACCAGGATCGCTGCGTCAGCCCGGTAAAGCGACCTCTTGGCGCGTTCGACCCTCTTTTCTCCCAGAAATCCCTCGTCGTCCAGCCCAGGCGTATCGATGAGCGTCACGGGTCCTAAGGGATGTATCTCGAGCGTTTTGTAAACCGGATCTGTGGTGGTGCCAGGAACGTCGCTCACGATGGCCACGTCCTGATTAGCGATCGCGTTGATCAAAGAAGATTTTCCAACGTTCCTCCTTCCAACGATCGCGATGTACTTCCTAAACCCTGCATGGGGAACGTTCATGGTCTTTCCTCCTGTAACCAAAATCTTCACTCACTTCGTAACCGACGGACCTGACGATGTTTTTCGTGCATTCTCCACAGGCTGTATCCTTTTCGAAAATGCAGATCTTGTTTGGATACAACGTGTAGTGGGATCTGTACGGAGAAGGGGTAAAATTCGGCATGATGACGTTCGCTCCACATTTCAAAGCGAGCTGTCGGCCGAACGGATGTATCGTCCCGAGTGCCGTCGTCGCTGGAATGTTCGCGTCCGGCAAGAACAATCTGGTGAGCGCGATCAGCTTCAGAACCTTCGTCAAATCGCCCACCTTGCTGTCACGCAACGGGGTATCCGGGTGCGGTATGAAAGGACCGATGCCGACCATATCCGCATCGAGTTCGTAGACAAAGAGCACGTCTTTGGCCAGCGCCACGTCGTTCTGACCAGGTAAGCCGACCATGGAACCTGCTCCTGTTTCGTAACCGAGCTGTTTCAGCTTGATGAGATGGGACTTTCGGATCTGAAAGGAATCGTTCGGGTGCAACTTTTTGTAGAGTTCCTCATCGGCTGTTTCGTGACGCATCAAATATCTGTCTGCCCCAAGGTTTTTCCAGTATTCATATTCCTCGAAATCTCTTTCACCTATGGAGAGAGTTATCGCCACGTTGAGTCGCTTGATCCGCAGAATCATTTCTCCAACCATCTCGGTGGTGTAATATGGGTCTTCTCCGGATTGGAGCACCACTGTCTTTATTCCCATCTCGGCGATCAGCTTCGCACGTTCGACGATCTCGTCCACACTCATCCGGTACCGTTTGACGTTCTTGTTCGACGCCCTGATACCGCAGTACAGACAGTCGTTCCTGCAGTAGTTAGAGAACTCTATGATGCCACGCAGGTAGACCTGCTTTCCAAGGTATTTCTGCCTGATCTCATCGGCCAGTGCGAAGAGCTCTTCGTTCAGTTCGTCGTTCGACATCACCCAGGCGACTTCCTCAAGCGTCACTCGTTCTGGATGTCGAACGATCTTTTCGAGCACACCGTACACACTCGACCACCCTCTCACAGAACTTTCTGAGTTCCTCGTTCAATCCGTCTGCTTCCACGAAGACCACGTAGTTTTCATCCTCGAATGCCACCGCTGGAGGAAGAAACCTCTCCCTGCCGGCCCTGAGATTTGGAATGTGACTGATCCTTCTGCCGACTTTCTCACACACCCACACCTTGCAGTTGAACATCTCCGCGATCTGTTTCAGCAATTCTTCACAGTCTGACATCACGTTCTCCCGCCTCTAATCTCTGAAGGAGTTTCTCCACAACTTTTCTCCGTTCCTGTGGCATTCTTTCAAGCTCACTCTGGATGAGCCTTTCTCCAACCTTCCTGGTCTCTTCGGAGGCGTAGTCGAGTAAGTACTCTTTGAACGTAAGCAACGCGTTCGGGGTGCAGAATTCTTTCACGAATCCCGGTATGGCGAACTCCATGAAGTGCTGGCCCGTTCTGCCGGCCCTGTAACACGCCGTGCAGAAGGATGGAATGTAACCGTTCTCGGCGAGTTCCCGCATCACTTCGTCGAGTGACCTCGTGTCGCCCAAGATGAACTGGCTCTTCTTCACGATTTCTGGATCCTGACTCGAATAAGATCCAACACCTATGCTCGAACCAGCGTCTATCTGAGACACTCCAAGCTTCAAACCTTCACGTCTTATGTCCGGACTTTCCCGCGCCGTCAGGATCATGCCCGTGTACGGAACGGACAACCTTATGATCGCTATGAGTCGCTTGAACTGTTCGTCGCTCACCGGGTTAGGCGGTCTGTGAGCGAGAGGTGTGTTCACCGCTGGTTCTATCCTCGGGAAAGATATCGTGTGTGGACCCACTCCGAACCTTTCTTCTAAATGCTTCGTGTGGTACATCAGACCCATCACTTCGAACTTCC
NZ_AP014509.1_gap49	1865724	1869258	3534	GATGCCGATTCTCAAACCCGGACAGAGTATCTTGCTGAACGTGTTGAGCAGAATGACCCTATCAATGCCTCCAAAGCTCATGATGGGTGGTATATGTTCTCCTCTGAATCTAAGGACACCGTAAGGATCGTCCTCGACGATCAGAACATCGTACTTCTCGGCGAGCTCCACGAGAGCCTTTCTCTTTTCGACGGAGGTGGTTATTCCAGATGGGTTCTGGAAGTTCGAAACGATGTAGATGAACTTCACCCTGTGCAGCTGGTTCTCCTTCTGCATCCGCTTCAGATGTGCCTCCACTTGGTTGAGATCCGGTCCGTCCTTCTCGAACTTGACGACCAGAAACCTCGCATCCCTCATCCTGAAGGCGCTGAGAGCACCTAAATACTCTGGATCGCCAACTATCACACAATCGCCTGGATCGAGCAGAACTTTCCCCACGAGCTCCAGTGCCTGCTGTGAACCGACGGTTATCAGAACGTTTTCGGGTGAGAATCCGTCGAGGCCGTAGACCCTCTTCAACAGGATGAGGACCTGCTTGATCAGCTCCGGATCGCCCTCGGTTGTGGCATACTGGAGGGTGTATCTGTACTCGTTCTCTATTATCTCCCTGGCGAGTTCTGCGAGCTGGTGCCTGGGGAACGTTTCCGGATCCGGCGTACCACCACCGAACGAAACCGCGCCGGGCATGTTAGCGTATTTGAGCAACTCCCTGATCATTGAAGATTTCAACTTTTGCGCGAGAGTCGAGAAACGAAAATCCAAGCGATTCACCCCCTTAATTAGTATCAAACTCGTGCCAACCTGGCTCGGTTCATCTATTAAGCTTCAGCACGGAAACGCACGCTTTGCAAATCATTGCACAATGCAAATATTTGCACGCAAACTCTTGCTCAACGAAACCTAAACGATCCGTCACAAACGATGGTAAACTAATCGTGCAAACCAATCTGAACCTGGGGGGATGCAGATGTTCAAATTGAAAAAGCATTACATAATGGCGCCAGGCCCAACACCGGTACCTGTGGACGTGTTGCTCGCCGGTGCGAAAGAGACCATACACCACAGAACGCCACAGTTCTTGGAGATCATGGAGAAGACGCTGGATGAGGCGCGGTATCTGTTCCAGACGTCGAACCGCGTCTACGTCTTCGTTTCTTCCGGTACAGGCGCGATGGAGGCTGCGGTGACAAACTTGCTCAATCCTGGTGAGAAGGCGATAGTCGTCGTCGCCGGAAAGTTTGGAGAACGCTGGAAAGAGATCTGCGAAGCTTACGGAATCAACGTGGTCGAGATAGCACTCGAATGGGGAGAGGCCGTCACACCCGAACAGATAGAGAAAGCTATGAGAGAGCATCCAGACGCAAAGGTCATATTCACAACACACAGTGAAACCTCAACCGGAACCGTCATAGACCTTCAGGCCATAGCGCAGTTGACGAAAGACACCGATAAGGTCCTGGTGACGGACGAGATCAGTGGTTTGCTTGCTGAACCTCTGAAGATGGACGAATGGGGTGTCGATGTGGTCGTCGCCGGATCACAGAAAGGTATAATGATGCCACCGGGTCTGGCCTTCATCACCCTGAGTAAGAAAGCCTGGGAGCTCGTTGAGAAGAACAAATGCCCGAAGTATTACTTCGATCTGAAGTACTACGAGGAAAACTATCCAGACAATCCATGGACGCCCGCGGTCAACATGATCTACATGCTCAACCAGAGTGTAAAGATGCTGAAGGAAGAAGGCATAGAGAACGTTTGGGAGAGACACAGAATCCTCGGTGAGGCCACGCGCAACGCGGTCAAAGCGCTCGGTCTGGAACTGTTCTCGAAGCGACCCGGTAACGTGTGCACCGCCGTCAAAGTACCCGCCGGGCTGGAGGCGAAGAAGATCACGAAGATCATGAGGGACAAGTACGGTGTCACCATAGCGGGTGGCCAGGGAAAGATCTCGAACAGCATCTTCAGGATCGCACACCTCGGTTACGTATCGTTGTTCGATACGATAGCGGCCATCAGTGCTCTGGAATTCACACTGCACGAGCTTGGATATCCCGTGAAGTTCGGCGAAGGTGTGAAAGCTGCCATGGAGACGTTCCACCGGGAAGGTGTCGCCGGATGATCAGGGTTCACGTGAACGATCCGCTGGAAAAGGAAGCGATGGAAATCCTCAAATCCAAACCGCAGCTCAAGGTTACCTGCGAGCACCTCGACAAAGAAAAGCTCCTCGAATTGATCCCAGAAATCGAGGTCCTCATTGTAAGAAGTGCCACGAAGGTCACAGCCGACCTGATCGAGAGAGCCGCCAAGCTCAGGTTGATCTGCAGAGCGGGCGTTGGACTGGACAACATAGACGTTGAAGCTGCACAGAAAAAGGGTGTCAAAGTTCTGAACACACCCGGCGCCAGCGCGGTGTCGGTGGCTGAACTCACGTTCGGCCTCATGCTTTCTGCCGCCAGGCATATAGCTAAAGGAACCATGGATCTGAAGAATGGCCTGTGGACGAAAAAAGAACTCGAGGGAGTCGAACTGTTCGGCAAGACGCTGGGCATAATAGGACTTGGAACGATCGGAAAAGAAGTGGCAAAGAGGGCCCTTGCCTTCGGAATGAACGTCGTAGCCTACGATCCGTACGTGAAACACTTCGAAGGTGTGAAACTGACCAGCTTGGACGAACTCTACGCCGTTTCCGATTTCATCACTCTGCACGTGCCACTGACCAGCGAAACTAAACATTTGATAAACGCCGAAGCTATCGCAAAAATGAAAAACGGTGTGATCATCGTGAATGCGTCCCGTGGAGGAGTCATAGACGAAGCGGCATTGTACGATGCTCTCGTCTCAAGAAAGGTGTACGCGGCGGCCCTGGACGTCTTCGAGATCGAACCTCCCACCGATGAACTCAGAAAGAAACTGCTACAGCTTCCTTACGTTGTGGCAACTCCACACATAGGAGCTTCGACGGTGGAAGCGCAGGCGAGAGTGGCAAAAGAACTGCTCCAGAGGCTGTTCGAAGAGCTGAAAATATGAAGGGGGCACTCACTGCCCCCTTCTTTTTAAACGGCCACGATTCTTTGACCTGTTTGAATCGCTTTCTTGATGGCTTCTTCCAACTTTCCAAGCAGATCGAACGCGTCGTCCTCGGATGAAGCCTGGCTCACGGAAACGACCAGCTCGGGAGTTCTTTCTCCAAAACTCAAGGTCCTCGATCTCCTCAGAAGCCTCCGTGCAAAAACCTTTGCACCGTCGAGGTTCGTGTAAGGCAGCACCGCAACGATAGACTCGTTGAAAATGAAGAACCTGTCAGATTCTCGGGCCTGCCTTTTGAAAATGCTGTAGATCCTCTGCAGAAACTGAACGTCAAAATTCGATAAGTGTGCCATGAGGACACTCAGGGGAAAACCATACCTCTGAGACTTGTACATCTCCTCGTTCAAGAAATCCTCCAGACCCAACTTGTACGAAACATAACACGAGATCATTTTGAATTTCATCCGGTAATATTCCAGCGCCTGCGAAGGTAGAATGACGTCGATC
NZ_AP014509.1_gap50	1871812	1875928	4116	TCATCCCACTTGTCGACCCAAAGGCTGTCGAGCTTGAGCCTCAAATCCCACTTGCGTTTCGTATAACTTATCACGGCGTCCGTGTCCATCTCTACCGCCGCCGCTTGGATCATCCTGTCCACGTTGAGGATCTCCTTGAAGAGTTCCTTGGCCTTCTCCTCATCCTTGTAATAACCGGTGGCGAACCTCAGTATGGCCAGGGCCTCGTCCAGGCCTGCAACCACGCAGTCTCTCCTCGGGAAGAACTGATAGAGCACCCAGGGGTGTCTGTTGTCTCTCTTGAGAACCTCCACGTACCTAACGAAATATATGTCCGAGTAGTAGTTACCCCTTATTCTGTCGATGGGGACCTTGAAAACCTTAGGATCGAGCCTCTTTTTCCTCATCAAACCACCTCGGCGCGCAACACTTCACTCATCAACCGCAGAGCACAGGTGTGGAGGTTCTCATCGTAAGAAGCCACTCCATCTTTTCTGACGATCGTTCTTATATTCCTGTTTCTCAGCTCTTCAACTGTGAAGAGAACACAGATGTGTGTCACAACACCACACACTTCGACTTCATCGATACCGTGTGATTTCAAGATCTCCTCAAAGTGGGTCCCATAGAACGCACTGTAGCGCGTTTTGCGCACGGCTATGTGCTTTTCGTAACCTGCTAAGGAATCCTTCAACCGTTTCACCAGCTCCGCACCATGGGTGTCTTTGACACAGTGCTTCGGCCAGATACGAAACTCCGCATCGTCTTCTTCGTGCCAATCCTGAGTGGTGATGATCGGCAGGTTCTCCTGCTTGTACTTTTCAACCAAATCCAAAACGAGTGGGAGCACCGACTCCGCCTTGGGAAAGTACAGTGCCCCACCCGGTTCTACGAAATCTTTCTGTAGGTCTATTAAGAGCAACGCTCGCACGGTACACCACCTTCCTCAGGTGGTACCTTCATCTGATCGGCTTGTCTTTCGTCGCCTCCTCGAGTGCGAGCAGCCTCTCCCAGCGCCTGTCAACGTACTGCTGAAGTTCGTTTATTATCTCCTCAGCATCGGGCCTCTGCAACAGGAGTCTGAACCTTCCCTGAGCTTTAACGAACTCGGCGACCGGTTTGAAACTCGTCGGCTTTCTCGTGACTCTGTAAACCCCTCTCTCGACCTCGTACAGTGGCCAGTACTTGGTCTGAACCGCAAGTTTGGTTATATCGACTGACTTACTCTCGTCCATCCTCCAGTACCTCACACAGGGGCTCAGAGCTGCTATGAAAGCAGGTCCATCGAACTGAAGCGCCTTTTCAACTTTATTTATGAAGTCCATCGGTTCACCCGTCGTCACGGTGGCCGCGTACACGTCTTCATGCCCCGCCACTATCTCCACTATGTTTTTCTTGAGTTGAAGCTTTCCAGGTAGCAGCTTCCCAACGGGTGCGGTCGTGGTATCGGCACCCGGCGGTGTGGACCCCGATCGCTGGTTTCCCGTGTTCATGTAGCCTTCATTGTCGTACAGAACGTAGAGCATTTTGTGTCCTCTCTCCAGCGCTCCAGACAATGACTGCAGGCCTATATCGTACGTGCCACCGTCCCCTCCGAACGCGATGAAGGCGTACTTCTTGTCCGATGGAATTTTTCCAGCTTTTTTCAATGCCCTGTAGGCTGTCTCAACGCCGCTGATGGTTGCCGCAACGTTTTCGAACGCGTTGTGTATGTAAGGTACGCTCCAAGAGGTGTAAGGGAATATGGTGGAAGAAACTTCCATACAGCCCGTGGCGAAACCTATCACCGGTTCGTATCCCAGAGCCTTGGCGACCATCAAGACTATCTTCACCGTCATCGGTGCGCCACAACCAGGGCACATCCTGTGACCCTGTGTTAGACCTGTTTCTCTATTCGTAAAGATCTCCGCCAGCTTCTTCATTGTCAACGGCATGCCGTCACCTCCTCATTCTCTCAGGCCAAGGTACTCTTCCCTGTCAGCAACCAGATCGAGTGCCATGGCCCTTTCGAACGCATACCTCACGTGTTCAGGCTTCAGATCTCTTCCACCGAGTCCGTAAACGAAGGATCCCATCAACGGTCTCACAGCCACTTCGTAGAGCGCAGACTTGACCGCTTCATAGAGCGGTGCCTCGGCCCCGAACGAGGCTGCCCTATCGAGAACGACGACTGCCTTTCGCGCGGTCAAGTATCTCTGAATCTCGGCCTTGGGGAATGGCCTGAACATCCATATCTTCAGAAGACCAACTTTCTTGCCTTTCTCACGCAGCTCGTCAACCACATCTTTTATGGTTCCATTCGATGAACCGAGAGCGACCATAACGTACTCCGCATCTTCCATCCTGTACGGTTCGACGTAGTTGTACTTGCGCCCACTGATCTTGTAGAACTCCTCGGCTATCAGTGGGAACACCCTGTACGCGTTCTTCATAGCCTCTATCTGCTGTCTCTTGTGCTCGAAGTAGTAATCGTACAGGTCCAGTGGGCCGTAGGTTACAGGATGATCCGTGTCGAGCAACGGGTAGATCGGTTTCAGTTCCCCGACGAACTTCTTCACCACTTCATCCGGTAAAACCTCGACGGGTTCGACACCGTGCGAGAGGATGAAGCCGTCCTGGTTGACCATGACGGGTAGTCTCACATCTTCGTGCTCGGCGAGACGAACAGCGAGGATGGTGAAATCGTACACTTCCTGAACGTCTTCACAGAACAGCTGAATCCATCCTGAATCTCTCGCCATCATCGCATCACTGTGATCACAATGTATGTTGATCGGCGCGCTCAGGGCTCTGTTCACCACGCCCATGACGATGGGTAGTCTCAGAGAGGAAGCTATGTAGACTATCTCGAGCATCAACGCGAGTCCCTGGGCGCTCGTTGCGGTCATCGCTCTGGCACCCGCTGCAGCAGCACCCACGACCGCGCTCATCGCGGAATGCTCACTCTCGACAGGTATCATTTCCGTACGAACCTCACCGTCTGCAACGTATTTCGCGAAGTATTCAACGATCGGTGTTTGCGGTGTGATGGGATAGGCCGCGACAACGTCCGGCTCTATCTGTTTCATCGCGTACGCGGCCGCTTCCGCACCGGTTATGGCCAAGATCTTTTTGCCTGTCATCGCTCAGTCCTCCTCCCTGATGAACTCTGTCTCGGGGCGCATCTCTATCGCAGATTTGGGACAGACGTTCGCGCAGACTCCGCAACCCTTGCAGTAAAAGTAGTCGATACCCTTCATGACTCCGTTTTCCTGAACGATCGCCTGATCGGGGCAGTAGAACCAGCAGAACATGCAGTCGATGCATTTCGACCTATCGTACACAGGCCTTCTGACTCGCCAGTCACCCGTTCTGTACTTGCGTGCCGTTCCCGGCTCTATGATCAAACCAGCAATCGGTAGCTCGTGCCACTTCTTCAGTTCAGCCACTGCATTGCACCTCCTCGTAACCGCGCTTGAGCGCCTTGATGTTCGCCTGGATCATTTCTTCTGGGAGCTTCCGCTCGAACATCTCCCTTATCTTCTTTTCGACGACCTGAAGGTCGATCAACCCTGTAACGCGCGCGAGTGTCCCCAGCATCACCGTGTTCGGAACGCCTCTCTTGATTTCCTCGAGGGCTATATCCGTAGCGTTGATAACGCACACCCTGCCGTTGAAGTTCGTTTTCTTCCTCACAAAATCGATGGAGTGCTTCGTGTTCACTATGAGAACGCCGTCCTCTTTCAAACCTGCAACTATACCCGGAGAGAGCAAGGTGTCGTCGATAACTACCACCACGTCAGGATTCTCCACCGAGTGATGAACTCTGATCCTACCTTCACTGATCCTGTTGAAGGCCCTCATGGGCGCCCCGGACCTTTCGGCCCCGTACTCCGGAAAAGCCTGCGCGTACTTTCCTCCTTCCAGAACCGCCTCTGCCACGAGCTGGGCCGCGCTCTTCGCTCCCTGACCAGCCCTGGAGTGCCATCTGATCTCGAAATATTTCGCGGGCACTTTATCCCTCCTTCCCGATGTGTGAACCAGCGTAAAGCCGATAATCGATCGACGCAAAAACGTTGTCTTCTTGTTCCAACCTTGCGAGCTGTTGTCCATCTATATTATCCTTCACCAGCTGTTGCTCAAGGTCTAAAAAGCGTT
NZ_AP014509.1_gap51	1882300	1884515	2215	CATCACACTGGCGAACCGGGGCGATATGGTCATAGTCGCAGGAAGAGGACACGAAGAGTACCAGATCTTCTCAGATGAGAGGAGAATTCCTTTCAAAGACGCGGATGTGATCAGGGAGATAATCCTTCAAGAATACCAGAGGGAAAGACGGCATGTTTGAGAACGCGAAGTTCGTCATAGATTCCAGAGAAGCCTTCGAAGGCTGTATTTTTGTAGCTCTCAAAGGCGAAAGAACGGATGGACACTATTACGTGCGCGAAGCCCTCGAAAAAGGCGCAGCCCTCGCGGTGGTCGAACGGCCCGTGGACGTTCAGAAAGAGAAGCTGTACTTCGTCGAGGATACGAGACTTTTCCTTCAGGAACTGGCCAAACAAAAGATTGTCAAACACGAACCTAAAATCGTCGGTATAACTGGTTCTAACGGAAAAACCACCGCCAAGGAAATGATCCACCACTGTCTGGGGGAAGAGATCGCCTTCAGAAATTCTGGAAATCTCAACACGGAGATCGGATTGCCTTTATCGATACTGAACGATTATCGTGGTCAGCCTTACATGATCCTGGAAATGGCAATGAACAAACCTGGTGATATAGCCACGCTGTGTCGCATCGCACAGCCTCACGTTTCGGTTCTCCTCAACGTCGGCACCGCGCACAGGGGCGTTGCAGGTGGAGACGAACAGATCCTGAAGGGCAAACTCGAGATAGTAGAGAATATGAGAGAAAACGGTATCGCCATCCTGCACAACGATCCAAGGATCCTTGAGAGGGTCAGGAGCAGAGATTTCGTCACCTTCGGTTTCCAGTCGGGGGATTACCGTCTCACCTCCTACGTTTACGAAGGACTCTCCACGAGGGCGTGGTACGAAACTCCGAAAGGTGTCCACCAGTTACGTTTTTCGACGATCTTTAACGTGGGACAGTTGGTGAACGTTGCGGCAGTCCTGGCCGTCTTCGATGTTCTGGATCTTCGGGTGGATCTCACGAAGCTGGAGAGTTTCGTTCCCGTGGGCGGGAGGTTCAGGGTCCTGCTGATAGATGAAGTGTACGTGGTTGACGACACTTACAACGCAAGTTTGGAATCTTTCAAGGTGGCAGTCGAGACGCTGAAAAAGCTCGGCGAGAGGACCTACGCGGTGGTCGGATCGATAAAGGAACAGGGTGTCTACTCTCAGGAAACGCACAGACAACTCGGAAAGATCCTCGAACAGCTCGACGGAGTCTTCGTCTACAATGTCGATCACGAAATCGATTCGATGGAATGCTCCAAGATACTGTTGAAGAGTGACGAACCTGAGGTGATAGTGACGAAATTGAAGAACTTATTGAGAAGGAAAGATGCCGTGCTGTTCAAAGCTTCACGCGCGGTGGGTATGGAAAAGGTAGTCAATCTCTTTCTGGGAGGAAAAGCTGAATGAAGTACTTCGTTTTGACCTTCCTTCCTTGTCTGCTCCTGTATCCATTCCTCATAAAGCTGTTCAAAAAGTACCACATCGGTCAGTTCATTCGGGAAGAAGGCCCAGACCTCCATGGGTACAAAACGGGCACACCCACGATGGGCGGAATCTTATTTGCTGTTTTTGGGGCCCTATCGTGCTTCGTATCTGGATACACGATAGACGCTTTGACGATCGTCCTGTTCGCTTTCATCGGTTTCTTAGATGATCTTTTGAGCGTTCTCAGAAAAAAATCTCTCGGTTTGAGAGCGTGGCAGAAACTTTCTTTACAGTTACTGTTCGCATCGATCCTCGTGTTCTTGATCAAACCCGACACCGAGTTGCAGATTCCATTCACACATGGGAGACTGGACCTCGGAAACCTCTACTGGGTTTTTGCGGTGCTCTTGATAGCAGGATTGAGCAACGCGTCGAACCTGACTGATGGCCTGGACGGACTCGCAGCCAGCGTGTTTCTGACGAGTGCGATACCGTACTGGTTTTTGCTCGGAAAGAGTGCTGATTCGCTCATCTTGCTTTCACTGTGTCTGATGGCCTTTCTGTTCTACAACATCAAACCCGCGAAGATCTTCATGGGTGATACGGGTTCGCTCGTGCTCGGCGCGCTGATAGGGACCGTCGCGGTGAGAACGTCCACCGAGCTTCTGGCCCTGCTCTTCACGAGTGTGTTCATCGCCGAGACGCTGAGTGTCATGATTCAGGTGAGCAGTTACAAGCTGTTCAAGAGAAGGGTTTTCAAAATGTCTCCGATACATCAC
NZ_AP014509.1_gap52	1909297	1911002	1705	GACATAAACGGAAGCCCGATAAATCCCTACGCACGCGCGTATCCATCCGAGTTCATCCAGACTGGAATCTCTGCCATAGACGGTATGAACACGCTGGTGAGGGGCCAGAAGCTGCCGATCTTCTCCGGCGCCGGCCTGCCCCACGCGGCACTCGCGGCACAGATCGCGAGACAGGCAAGACTGCTCAAGGAAGAGGAAAAGTTCGCCGTCGTTTTCGGCGCGATGGGTATCACCTTCGAAGAAGCGAACTTCTTCATAGAGGATTTCAAGAGAACCGGTGCCATAGAGAGAACCGTTTTGTTCATCAACCTCGCGAACGATCCGGTCATCGAAAGGATCGCCACACCGAGGTTCGCACTCACTGCGGCCGAGTATCTGGCGTTCGAACTGGACATGCACGTGCTCGTCATACTCACGGACATGACCAACTACGCTGAGGCGCTCAGAGAGGTATCCGCTGCAAGGAAAGAGGTGCCCGGCAGGCGTGGTTATCCTGGTTATCTCTACACCGACCTGGCGACGCTCTACGAGAGGGCGGGAAGGATCAAAGGCAGGAAAGGTTCCATAACCCTCATACCCATACTGACCATGCCCGAGGACGACAGAACGCACCCCATCCCGGACCTGACAGGCTACATAACGGAAGGTCAGATCTTCCTCAGCCGCGATCTGCACAGGAGGGGTATATATCCTCCCATCGACGTGTTGCAGTCCCTCTCGAGGCTCATGCGCGGTGGAATAGGAGAAGGTAGAACCAGGAAGGACCACGGAGATCTTTCGAACCAGCTCTACGCGGCTTACTCGAGGGGTCTGGAAGCGAAGGAACTCGCCGTCGTTCTCGGTGAAGCGGCACTGACGGAAGAGGACATTCTGTTCCTGAAGTTCTCCCAGCGATTCGAAGAGGAGTTCATCAAACAGGGAGAGTACGAGAACAGGAGCATATTCGAAACACTCGAGATAGGTTGGAGACTCCTGAGGATGTTGCCGAGATCGAGCCTGAAACGCATCAGACCGGAGTTCATCGAAGAGTTCCTCGGAAAGGAGTAATAGGATGCCTCTGAGGGTCAATCCAAACAGGATGGAACTCCTCAGACTGAGGAAGCGGCTCGTTCTTGCGCGCCGAGGTCACAAACTGCTCGAGGACAAGCTCGAAGGCTTGATACAGAGATTCCTGCAGGAATCGAAGGATTACAGAGCGTTCAGAGACGAAGTGGAAGCTCAGTTTCTGAGCTTCCTCGCCCTGGGAACTTATGCGAGAACGAGGATCAGGGAAGATTCCTGGCATCTGATTTCAGAAACTTCGAACGGCAGAACCACTCTCAGAGAACGCGTTGAGAAGAGGATGAACATTCCCGTCAACGTGCTGTCCGTGGAAGAAATTTCCTTACCAGTTTACAGCCTCGTCGAAACACCGACGGTGCTGGACGAGCTGGTGAAAAGGTGGAGAGAACTGCTCGAGAAAATCGTGGAACTTGCCAACAAAGAACGCTACCTGATCGCTTTGGCGATGGAGATCGAAAGAACCAAAAGGAGGGTCAACGCGCTCGAGTACAAACTCATACCGCAGCTCGAAGAGACGATCAAATTCATCAGCTCGAAACTCGAAGAACTCGAGAGGAGCAACTTCTTCAGATTGCTGAGATTGAAGGAATGATCGCTCTGAATTGAACCGGATCGAGATGGCCCCCGGGCCATCTTTTTTATT
NZ_AP014509.1_gap53	1914992	1916728	1736	CCTATCCTGTACACGGTGTGCCAGAATCCAATACCAGGCTGCAGTGAAGCTCCACGGGGTCTTTCCGTCTAGCCGCAGGTTGAGGGCATCTTCACCCTCACTGAAATTTCACCGGGCCCCTCGCCGAGACAGCGCCCCAGTCGTTACGCCATTCATGCAGGTCGGAACTTACCCGACAAGGTATTTCGCTCACCTTTATCCCATCCTTTCGGAATGGGGGTGGACTGTATCTTCATCCAGTCCCTGAATCTCCTCGAGGGTTCGTCTCAACCTTTCGTGGTCTCCTGTGTTCATTTCCATGGCAATTTTCAGGATCTCGATGAGGCCCTCTCTCGTTAGATGTTCTCCCCGTTCCATCATCAGGATTATCCGTCTGAACTTTTTGAAATCGACGTTCTTCTTCGTCTTTAGAGGATGTTTCTCGAAGAACTCAACCACTCTCTTCAGACAGGATATCTTTCGAATTCGGAGTTCATATCGATCCTCATGATTCCTCCGTACAACGCCACATCCGAAAAACTTCTTCAGCGCGTACAGAACCTGTATGTCCCGTTCGTGCTGAACGATCCTGAACTCGGGGAGAACCTGGTAACCTGTCTTCATGGTACGATTCCTGTTAACTCCAACGTAGAAACAGCCTTCACCATCGACGAACCCAACGACCCAGTCGGGTTTGAGATCCAAGCATTCCACCCTCTCTCACGGGACTGGATGCCCGGCGTACAGTCTCTGAGGATCCCCCTCATCGGGGTTTCCTGCGGATTGCCCAATCCCTTCCATTTTTACCTGGGCTGGCCACAGCCCCCAGGTAAGAAGGGCTTTAAGGGCTTTCCCGCATATAGCCGGGTATTGCCCCACAGGTTTCCCTGTGGGCAGGCAGCAACGCTACCTTAGGACCGTTATAGTTACGGCCGCCGTTTACCGGGGCTTCGGGTCGGAGCTACGCCTTTCGGCCTCACCCCTCCCCTTAACCTTCCGGCACTGGGCAGGCGTCAGCCCCTATACATCCTCTTTACGAGTTTGCAGAGGCTTGTGTTTTTGGTAAACAGTCGCCAGGGCCTGGTCTCTGCGACCGCTTCGGGCTCCCCCAGTTTCCGGGTTGCCCCTTCCCCTGGGTTCACCCTACCACGGCACCCCTTCTCCCGAAGTTACGGGGTCAACTTGCCGAGTTCCTTGGCGAGGGTTATCCCGCTCCCCTGAGCCTTCTCAGCCCGCCCACCTGTGTCGGTTTGCGGAACGGTCACCTGCAATCTCAAACGGTGCACGAGGTTTTTCTCGGCAGTGTGGGGTCAGCGCCGTTGGACCCTCACGGGTCCTCCCCATCACGGCTCAGGCTCCGGGTGCGGATTTACCTACACCCATCAACGCCCTAACCGCTTGGAAGGGAATGCCACTTACCCTCGGCGCCTACCCTCCTGCGTCACCCCTTGCACCTCGATTGCAGGTGGCGCTGGAATATTAACCAGCTTCCCTTCGGCTACCCCTTTCGGGTTTACCTTAGGGTACCGGCTAACCCTGGGCGGACGACCCTTCCCCAGGTACCCTTGGGCTTACGGGGGGAGAGATTCTCACTCTCCTCTCGCATACTCATGCCCGCATTCTCACTTCCGCCTCGTCCAGCAGCCCTCGCGGGTCTGCCTTCACCCTACAGCGGAAAGCTCCCCTACCGCCTGCACCTCATCGGTGCAGACCCGCGGCTTCGGGGGGTGGCTTGAGCCCCGTTACATCTTCGGCGC
NZ_AP014509.1_gap54	1941828	1944652	2824	AGGGGGGATCTCGCGATAGAAACATCGCTGGAGGAACTACCCATCCTTCAGAAAAAGCTGATAATGAAGGCTTCGAAGTTCAAAATCCCCATCGTTGTCGCCACACAGTTGCTCGAGTCGATGGTTGAAAAAGACCAACCAACCCGTACCGAGGTCACAGATATCGCCAACGCGATCCTCGACGGAGCAGATGCCTTGCTGTTAACTGTTGAAACTGCCGTTGGACAACGACCCGTTCTGGTGGTCGAAACGATGAAGAGAATCGTACAGAGCGTGGAAAAGCATCTGAATACGTACGGTGTATGGTTCGAGGCCAGACGAAGGGAGCCATCGACTGACACGTCGGACGCTATCGCCAAGAGTTCCTATGAAATCGCGAAAGAAACGCGCGCGAAGCTCATCATAGCCTCCACAGCTTCTGGTAGCACCGCACGACGCGTTTCTTATTTCAGACCAGAATGTCCCATTCTGGCAACCACACCCAAAGAGTTGACCTACCATCAATTGTGCATCGTCTGGGGCGTCATCCCCGTGCTCGTGCCGGAAGTCTACTCCGTCGACATCGTGCTGCATGTGGCGGTCGAGAAAGCGAAAGCGCTCGGATACGTGGAACCATCCGATACGGTCGTCATAACGCTCGGAACACCGTGTGGTGTGGTGGGAACGACGAACATGTTGAAGATACACACCGTTGAATGAAAGAGCTTCCGAATCAAAGCGACTCCTTTCGGCGCACCAGTTCGTTGACTATATCGCACGCGAGAGAAACGTTGTTCTTCAAAAGTTCGATGTTGCTTCTGACGGTTCTCCCGTTGGAGATCTCGGCGAGCTTTGCGAGCAAAAACGGTGTGACGGCCTTTCCTTCTATCCTGGATCTCTTCAGTTCCTCCTTTGCCCTCCTGTCCCACTCTGAAAGTAGTTCCTCGCTTATCTCGTACTCAGCGGGAATGGGATTGAAGATCAACACTGAACCAGGCAAGTTCAACCTGCACTTTTCAAGGTAGATCTCTACTATTTCAGAAACGCTGTCGACCCTCTGCACGGGAACATCGACTTCTCGAACGTAGAAGGCAGGCAGCTTGTTCGTTCTGTAACCAAGTACCGTAACTTGAAGTGTTTCGAGCATCTCGATCGTCGATCTCAGATCGAGCAAAGATTTCGGACCGGCAGAAACAACGATCATGCGCGTTCGTGAAAGTTCCACAAGATCTTGAGAGACGTCCCACCTCTGTATGCCGTGCACACCCCCGATACCGCCGGTCGCGAAAACCTCTATGTTGTTCATCGCTGCGATCCTCATCGTGGCACTCACGGTGGTGGCCGCCCATGCCTTCTTTGCCAGTGCTACCGCTACCTCCGCGACCCCAACCTTCATGACATCGTCCCTCATACCCAGCTGAACGAGTTCGTTCAGCGTCAAACCCACCCTGATCTGACCTTCTACTATGGCTATCGTCTTGGGTTCACAACCTTTCTGTCTGACGAGATCTTCGAGTTGCTGAGCGACCTGCACGTTCAGAGGCCTCGGCAGTCCATGGGCTATCACAGTCGATTCAAGGGCAACCATCCTTTCCATCGTCTTTCTCACCACGCTTCGTAGTGAATCCTTTCAGGTTTGAACCGATCGACAGGGTTCGGAGTTTCTGCAGGATAACCAACAGGAACGATCGAAAACGGTACGACGTGTCCTGGCAGTCCGAAGATCTTCCTGAACGCTTCCACGCGTTCTTCGTTCGGATAAACCCCGCACCAGACCGCTCCCAGCCCGAGTTCGACCGCTCTGAGCAGGATGTTCATCGTGGCTGCCGAACAATCCTGGACCCAGAAGCCCTTGTAAATCTCAAGGCTCGGATCTGCGCATACCAAGATCGCTACCGGTGCCTGCAGCACCATCCTGGCGTAAGGGTGAACCTCGGCGATCCTCTGCTTTCCCTCTTCGGACCTGATCACTATGAAGTGCCACGGTTGAGCGTTTCCTGCCGAAGGTGCGTGCATCGCTGCTCTTAAAAGTTCGGTCACGATCTCGTCTCCAACATCCTTATTTTGGTATTTTCTCACGCTCCTTCTCAAATAAATGATGCTCACGTTCTTCACCCCCTTTTCAGATTTCCAAGGATCGAAGCGGCAACAAGGATACACATACCGACCAACTGTGAAGACGTCACTCTTTCCGCGAGCAGCCAGAAAGCGAACAGGGATGCGAAGACTGGTTCGGCCGTGTAGATGAGCGCAGCCGAATTCGAACCCACGTCTTTCTGAAACTTCACCTGCACCCAGAAGGCCACGACGGTTGCAAGTATCGAGGTGAAAAGCAGGGCGAAGAGATAACTCCATTTGAATCCCACAGGTCCTCCTAAGGGTGCCAGAAAGAGATTGAACAGCGCAGTTAGGAGAAATTGGGGCAACAACAAACCAACTTCGTCGCAGTCTTTGTCATTCGTGTAGCGCGTGACGAGAACGATCTGGATCGCGAAGGCGATCGCACAGAAAAGGGTCAGTAGATCGCCGAGATTGAACGGATCTGCCGAGGGGCTACTCAGAAGGTACAGTCCCAGGATGGATAGGAGAAAAGAAAGGATTTGAAGACGCGACGGCCTAATCTTCTCGATGAAGAACGAGAAAACTGGCACGAACGGTACGTACAGAGATGTGATGAAACCGCTCTTGGTCGAACTGGTCAGTTTCAACCCGCTCGTTTGCGTTGCGTAGCCTATGCCGATGAACAGTCCCAGTATCAATCCTTCTTTCCAGCGGGGCTTCTTTCTGAAAAACAGGAGCGTGAACGAACTGGCGATGAGAAACCTGAACGAATTGTAAAAGAACG
NZ_AP014509.1_gap55	1974027	1978131	4104	CCGAAACCAGTCGAACCTGGCGTTCCCGAGAGAGTGAAAAGAAGGATCGAACCAATGCTCAAACGAAAGCTGATCAGACGCATCGTACCACACATGCAGCTCGTCCACGATAGAATCTCCATCGAAATCATGCGCGGTTGCACGAGGGGATGCAGGTTCTGCCAGGCAGGATTCATCTACAGGCCTGTCAGGGAAAAGTTCTCGAGCGAGGTCCTCGAGGAGGCGTTGCAAACCCTGGCATGTACAGGTTACGAAGAGATTGGATTACTTTCACTTTCCAGTGCGGACCACACGGCGATAATCAAGATCGTCGAAGATCTCAAACAGATCTCAGATTCAAGGTTCATATCCGTTTCCATACCTTCGACCCGTCTGGATGCCTTCGGTGTCACGCTGGCAAACAACATCGGTGGGGCGAGAAGAACGGGTTTGACGTTCGCTCCCGAAGCGGGAACGCAGAGATTGAGGAACGTCATAAACAAGAACGTTTCGGACGAAGATTTCGTCCGGGCGCTGGAGCTCGCAAGAAAAAACGGCTGGCACAGGGTGAAACTGTATTTCATGGTGGGACTCCCGACGGAAACAGACGAGGATCTCAGAGGCATAGTTTCCATGGCGAAGATCGCGAAGAAAATTGGATTCGACCTCGTCACTCTGTCCGTAGCGATGTTCGTTCCCAAACCCCACACACCTTTCCAGTTCGCCGAACAGAAGGATCTGGAGTACTTCGAACATGCGAAGAGTGTCCTTTCAGAAGCCAAGAGATTCGCGAAGCTCGACTTCCACGATCCGAAGATGAGTATGGTTGAGGGTTTGCTGTCGAGGGGAGATCGAAAGGTGTTCTCCGTAGTCATGAAAGCTTACGAGCTGGGCGCGTGTTACGACAGCTGGCAGAATTTGTTCGATTATTCGAAGTGGACGAAAGCCCTGGAAACGGTAGGTTTAAAGCTGGAACAGTTGCTGAAAAGCAGATCGGTCGATGAACCCTTACCCTGGGATCACATCGACATCGGTGTGGACAAATCTTTCCTGGTGGAGGAATTGAAAAAGGCTCTGAAGGCAGAGACCACACCGGATTGCAGGGAAATCTGTCAGCTCTGCGGCGTGTGCAGTTCCAGGGTGAGAAACGTTCTGGAGAGGAATGTCCTTGAAGCTCGCTGAGGTTTTCTTCATTCTGGCAGGTCTGGCCGTGATTCAAAATCTGTTCAGGTTCGTGGGGTTCAGGTCGAGACTCGTCTACCTTTCCATCGCACAGATCTCTTACTCTGCCCTGATCTACATTCGACAGCCCATGTTCGGTTTTTCACCCCATCTGAAAGGTTTTATCCCTTTCGCGTTGCTGTTCGCTTTCACGATGATTCTGGGAAAATTTCTTGGGGCAAAGGCTGCGAACGTGAACATCGAACCTTCGACCACGAACATGCTCACGCTGGGTCTGCTGTTACCCGTGTCCGAGGAACTCTTGTTCAGGGGAGCCATACTCACACTGTATCCGAACGCGTTCGTCAACGGTCTGATCTTTTCAGCGATACACCTGTTCAACGTTGTCTCCGGCTTCGAACCGTTTTCTTATTACAACATGATCTACAGGCTTGCGGCCGGATTCATCTTCGCAGATTCCACGTTGAAAACTGGCAGCCTTTTCTCCGCGACGGTTTGCCACATCCTCAACAACTGTCTTGGAATCTTACTGCCTTGGTTTGAACATGAATCCGAGAAACGCCGCCATGATGCTGGACGTGAAAAAGACGAGCAGTGAAACGGACACCGCCTTCATCGTCAGCGTCTGAACGATGAACTGAATGGTCTCCTTCATGTAGTAACCTATCAAAACGTAGCTCAAAACTCCCGCGATGATGAAAGAGACCGTGAGTACGAGCAGCGTTTTAGAAAAATGTTCAAGTTCTCTTCCCGCCCACCAGGATAAGACGAGCGAGAGCAACCACACCACACTCACCGGCAACGGGGAAAATTGGTCCAGAAGCAGTTCGAAAACAAAGGCGTGGTAAGAAAGGATCGTGACCGCGACAAAGAAGGCGATCTTTCTCATTCGATCTCCACCTCTAAGGGGAGATACAGGTTTATCTTCAACCAGAGCCATTCGATCGACACGTTACTGTAACCCTGAGCGTGCCAGCTTCCTTGTTCGTAGCCTGCCCACGCGTCTGTGACGAATTCGGCTTCCTTTTGGCCAAACATGGAATTGGAAACGAGTTTCAGAACGTTTCCCCTTCTGTTGTCCTGGAAATAGACCTGATAATCCACAGGATGGATCTTCAAACCACTGAAACCTTCGATCACAACTCTTCCGCGGATGGTTCCATCTTCGAAGCGAACCTTGCAGACGGCCTTCGCTTTCGAGAGTTTATCCGCGTAATTTCTATAAACGAAAACCCCGGTGGTGTAGTTGAGCACCACCAGGGCCAGCGCGATCCAGAAAACGAACTTCCAGAACTCAGCTCGCTTCGCCCGAGACAACATAGCACGCAACGAAATGTTTCGGCGCAACTTCCTTCAAAGGAGGATGATCGTTCTTCTCGCAAAAGTCAACGGCATAAGGGCATCTCTCGAAGAATCTGCAACGTGGAGGAGGATTTATGGGCCTTGGGACGCTACCTTTTATGTTCGGCTCTCCTCGCTTCACTTCGGGATCGGGGATCGGAACGGCCGCGAGCAACGCCTGCGTGTAAGGATGCAGCGGATTTTTGAGAACCTCCTCCGTTGGACCCTTCTCGACAATCTTGCCAAGATACATGACAGCTATGTCGTTGCTCATGTACCTGGCAACCGCGAGATCGTGCGTGATGTAAAGGTAACTCATCTCGTGTTCTTCCGCAAGCCTCATCATCAGTTTCATCACACCGGTCCTTATCGAAACGTCGAGCATGGAGGTTGGCTCGTCCGCGACCACGAAAGAAGGATTCAGTATGAGCGCCCTGGCTATCGCCACGCGCTGCCTTTGACCGCCGGAAAGCTCGTGCGGGAAACGGAACATGAAAGTTTCCGGTGGGGTGAGCCCAACATCCGCTAATATTTTCGCGACCATTTCCTCCCTCTCTTTGAGATTGCCAATTCCGTGTATGTTCAGTGGCTCCGCGACGATATCGAAAATCGTCATCCTCGGGTTCAAAGATTCGTACGGATCCTGAAAGATCATCTGGATCCTCCGCCTCAACTGCCAGATGCGCTCTCGCCTGTTTTTGAGCAAATCATCCACGAATTTGGCTTCGTTTCTGCCAAGATCGAGAAACCTCTGCGCGTAGATGGCATCTATGCCCTTCAAAGACTTCAGCTGTTCGTCACTCATGCTCGCAAACCTCTTCACGTAAGTCTGCTGCACGTATCTTCGCGCTGCCGATTCGTCTTCGTACAGCAACGGTGTCACGTCTTCCTGCTCGACTACGATCCTGCCAGAGGTCGGTTCTTCCAGTCCGACCAGCACTCTCCCGGTGGTGGTCTTCCCGCAACCGGATTCACCCACCAGAGCGAGCGATTCCTTCCTTCTTATCTCGAAGCTTATGTCATCAACTGCGTAGACGAAATTTTTCACCTTTCCGAAGATCTTCCGCTCCGCAGGAAAGAGTTTTCTAAGGTTCTCTATCTTCAGCACCACATCGTTAGTCTGCATAGAAACGCACCACCTCGTTAGGCTGGACAGGATGATGACAGGCCAAAAAGTGGCCTTTCTCCACTTCACGGTACTCCGGTTCGATCTCCATACACGTTTGATCCGCCTTGGGACATCTCGGTGCGAAGCGACAGCCCTTCGGTGGGTTTAAAAGGTTCGGTGGCTCACCGGGTATCGTCACGAGCTCGGTCTTTTCACCGACTGTGCTCGGGAACGCGTGCATCAAACCGTACGTGTACGGGTGCATGGGCCGTTTGAAGATCGTCACAGCATCGGCCAATTCTACGAACTTTCCAGCGTACATGACAGCGATTTTATCGCTCACCTCGGCGATCACAGCGATGTCGTGCGATATGTAGATCATCGCCATGTTCAGTTTCTTCTGGATCTTTCTTATCTCCTTCAAGATCCTGTCCTGAACGATCACGTCGAGTGCCGTGGTCGGTTCGTCCGCTATGATCACCTTTGGATCACAG
NZ_AP014509.1_gap56	2006977	2009452	2475	GATAGACGATGGCCGACAACATCGTGAAGAACGCACACAGATAGATCAATATCACTTCCACCACGATCGCAGAAACGGAGAAGCTTCTGAACAGAAGAACCGCGACTATGAGTGTCATCTGAACAACGGTTTTCACCTTCCCGTACACGTTCGCCTGCACGATCGTTCCTTTACCGGCCGCCAGGATTCTGACCGCACTCACGAGCGTGTCCCTCGCCACGATGAACGCCACCAGCCAGGCAGGAACGAAAGGTATCAGTGCTATCAGTGTGGAATTGACGAAAACCTTGTCCACGATCTGATCGATCACCTTGCCAAGGTTGGTCACCTGGTTCAACTTTCTCGCGAGCAGTCCGTCGAGATAATCGGTCAGGGCACCCAGTGCGAAGAAAAACAGTGCTAACTTCCACGCACCCGCTTGGATCGCAAGGAAAACGGGTACAGTCAGTACGAGCCTCGAGAGTGTGACGATGTTCGGCACGTTCATAGTGCTACCCCCTCGAAATCGAAACCATCGGTGTCGATCACTCTGACGCGATGGTAAGATCTCAGACTCAGTCTCTTGCTTTTGCGAACTTTGACTATCCCGTCCACCTCCGGTGCATCGAGGTGAGATCTGGCTATGTAGTGGTTCCTGGCCGCTTTCTCCACGAGAACCTCGAGTTCTTTGTTGACGAACCTGGACAGGCTCTCTTTCGCCAACTCCGACTGAAGCGAAAGAACTTCTTCCAGCCTCTCTTTCGCGATCTCTTCATCGACCTTCTCATTCATTCTGCTCGCTGAAGTTCCCTCTTCATCTGAGTAGGTGAAGCATCCGAGCCTTTCGAATTTCGCCGCTTTCAGGAAATCCAGAAGTTCTTCGAAGTTTTTCTCCTTCTCTCCCGGGAATCCGACGATGACGCTCGATCTTATCGCCGCATCGGGTAGAACTCTGCGTATCGAAGAAATCAGGTTTAGAAGTTGGTCACTCTTTCTGATCCTCCCCATCTTTGCGAGTATCTCATCGCTTCCGTGCTGAACGGGTAGATCGAAATAATGCAGAACCTTCTGTGTGTTGCAGAAAGTGTCGAGTATCTCTTCATCGAAATGGTCTGGGTGCATGTACATGACCCTAATGCGAAAATCACCCTCGATGTTGTCGAGAGTCTTCAGAAGGCGAGGCAGGGAAGGTCTGCCGTACAGATCGACACCATAGGCGGTTGTATCCTGAGCGACGAGAACGATCTCTTTGACGTTTCCTTTCACCAATTCCCGTACTTCCGCTTCTATACTTTCGACACTGCGACTTCTGAACCCGCCCTTGAACGAAGGGATCGCGCAGAAAGTGCAGCTCCTGTCACAACCATCGGCGATCTTGACATAAGCGTAGCTGCCGAACTTCGAACGTGGAGCACAATCGTAGACCGCCTCGGGTTCTCCCACCAGATAGGTGACTCCCTGTTCGAGGGCCTCGGCGATGCGCTGGGGTGAAACTACACCGTACCAGGCGTCCACCTCGGGGAGTTCTTCAACGAGCTGGCGTGCGTACCGCTGTACGAGGCAACCCTTCACGCAGAGGAAGAAAGGTTTTCTTTTTTTGTACTCTATGAAATCAAGGATCTCATCTATCGATTCCTTCTTCGCATCCTCTATGAAACAACATGTATCTAAGATCACGACGTCCGCTTCGTCAACAGTGCTGACTATTTCATGGCCCTTGCCCCGAAGGATCGCCTCCAGGACATCGCAATCTGCCTCGTTCTTCGGACAACCCAAAACCTTTATTCCTATTCTCATCGATCTCACCCTTCAAGAAACGCTTCCTTTTCTTCATGTAAAGGTCTCTGATCTTCTTCAGTTCCTGCTTGTACTCCTCATCCCTGTAGTTCTGATAAGTGAATTCCCAGTGCTTGAACTCTCCAGACAGATACAGCAAGGTCACCTCAGCGTAGATACCGTTTTTCAAATACACCCTGTTTCCCCAGGATTTCGTTGAAGCGAGAACGAAGTTCGAATGGTGCACGTACCCCGGATCGAGATTGAATTTCCGTTTTCCTTCAACGCTGTACTTCTTCTCCAGTTCGTTCGTGTACATCTTGACATCCGCGAGCAACGACGGATGGATCAGCTCCTCGAAGCTCATCAGCACACCCCAGAGATCCGAACCCAGCTCCGTGTCGTAGTAGCTCGTGTAGATGCTGAACGGCAATTTCTTCGAAATGTAATCTATTTTCCCAAACGCCAGCTCGAGCTCGGGTCTCAAAGCCTCCACCCAGTAGTCCACGTACTGTGAGAACATGAATATAACGAGGTTCACCAGCTCGGGCTGCTTCACCTCTCCCACAGGACCACCTCGAAGTTTTCGACCCTTATCACCCACCGTCTGTTCATCGTAACTATCGTGCAACCACCCTTGTTGTTCTCCACCTTGTACCTGCTGCCAACCTTCAGCAGGACCGATTCACCGGGCACAACGGGTTTTCCGTCCAGCAAAAT
NZ_AP014509.1_gap57	2012118	2014869	2751	ATCGAGGTACTCCAGTTTGGGCTTCTCGTCCATGAACTTTTCGAATATTTCTATCTGCAGCGGCTTTATGATCGGCTTTGGAGTTATGTTGTGCTTTTTGTTGTACTCGATCTGAATCTGTCTCCTCCTGTTAGTTTCTTCTATCGCTCTCTGCATCGCTGGCGTGACACGGTCTGCATACATGAGCACCTTACCGTTGAGGTTCCTCGCCACCCTGCCCATGATCTGTATGAGCGTGGTTTCCGATCTCAAGAAACCTTCCTTATCCGAATCCAGGATGGCCACGAGAGACACCTCAGGAAGATCCAGTCCCTCCCTGAGAAGGTTGATTCCAACGACGACATCCACATCTCCCCGCCTCAGTTTCTTGAGAACTTCAATCCTCTCGATCGCGTCCAGTTCTGAATGTATGTAGAGCGATCTGATACCAAGTTCGGTCAGATACTCGCTGAGCCTTTCGGCCGTTTTCTTCGTGAGCACGGTCACGAGTGCCCTTTCACCCCTCTCGACGACCTTCTTGATCTCGAAGACGAGATCGTCTATCTGTCCCTTGGTGGGTCTCACCTCGACCTCCGGATCGACGAGACCCGTTGGCCTGATCAGCTGCTCGACAACCTGTTCGCTCACCTGCAGCTCGAAAGGTCCTGGCGTCGCCGAGACGAAGATGATCTGCGGTACCTTTTTCAGAAACTCCTCGAAGGTGAGTGGTCTGTTGTCGTAAGCGGAAGGGAGTCTAAAGCCGTAGTCCACGAGATTCTTCTTTCGAGAGAACTCCCCGCGCCACATGGCCCTCAGTTGCGGTACCGCGATGTGTGATTCGTCTATGAAAACGATGAAATCTTTGTCAAAATAATCCAGGAGCGTGTAGGGTGGCTCACCCGGCCTACGTCCATCGAAGTGCCGCGAGTAGTTCTCTATGCCTGGACAGTGTCCTACGGACATCAGCAATTCTAAATCATGCATCGTTCTCTGCTGGAGCCTTTGCATCTCCAGAAGCTTTCCCTGCTTTTTCAGTTCTTCAAGCCTCTGCTGCAGTTCTTCTTTGATCGATTCGATGGCGCGCCTGAGTTTCTCCTCGGTGGTTATGAACTCCACAGCCGGGTAGATCGTGATCTTTTGATAATCCTCTATGGTTGTCCTGTTCAGCTTGTCGAAGGATTCTATCCTTTCCACCACGGAGCCGAAGAACTCGACGCGGATCGCCTCGTCCTGGTAAGTTGGGTATATCTCCAGCACGTCTCCCGCGAGCCTGAAACAACCTTTGAGAGTGATCTCGTTGCTCCTCGAGTAACCTATCCTCGCGAGTTTCTGTGCCACTTCGTACGGTTCGATCCTCTGACCAACGTGCAGCTGGATGTTCATCGTGTCGAAATCCGTGGGATCGCCTGAGGCGTAGATGCAGGAAACGCTCGCCACCACGACGACGTCCCTGCGCGTTCTCACGGATTTGAACGTGGACATCCTCATGCGCACAAGAACGTCGTTGATGTCTGCGTTCTTTTCTATGTAGAGGTCCTTCGAGGGCACGTACGCCTCCGGCTGGTAATAATCGTAGTAACTGATGAAATACTCGACTTTGTTCTTAGGAAAGAACGACTTGAACTCACCGTAAAGCTGCGCGGCAAGAGTCTTGTTCGGCGAGATGACCAGTGCCGGCCTGTTCAGGCGCGCGATCACGTTGGCCATCGTGAACGTCTTGCCGCTGCCAGTCACACCTATGAGCGTCTGGAACCTGTAACCTTTGAGGACGCCTTCCACGAGTTTTTCTATGGCCTGCGGTTGATCACCGGTGGGTTCGAAATCGCTAACCAGCTGGAACAAACTCTCAATTCCTCCCGATCGAGATCCTGTCATTCACCAGGTTGCAGGTAAATCAAGCTGTTGAGGAACTTGACCAGTTCTATGGCTTCCTTCGTCCCGGGCTCGCGTTTCAGCATTTCTTCACTGGTCAAAAGTGAACCGTAGTATTCTTTGTTGGCGTCGTTATCAACCTGAACGATCGATCCTTGCAGGGAAAGACCCGCGAAAAATCCTTTGCTCACAGAGTAAGAATACATCGATGCCTGGAGCTTGTAATCCGTTTCCGCAGAGAGAGACCTACCCATAGGACCTGCGGCGATGCTCACACTACCGCCGAGAGTTATGTTGCCTGAGACCAGATTCTTCACAGCCTGTTCGTTCATCAGCACGAGCACCAGTCCGACGTTCTGAATCCCCACCTGTGCGCCAAGACTCAGGCCTGTGAGCTTCAGAAATACCGGTCCGTACCATTTACCAGTATCAACATTGCGCTTGAGCATGAAACCTTCACCGTACTGACCACCGATGACGAGACCCACCTTGATCAGGCTCGGAAAGATGGCGATGCCTTCCGCCTGCCTCAACAGCTCAACGAAAGCCCCACTGTCTGGAATGTTCGACAGCTCTTTCAGAATGGTTAAAGCCGAGCTCAGACGCTCGTTCGCGGAAACAGCGAAGATGAACAGAGGAACACAGACCAACAAAATCACCACCTTCTTCATGGTGACACCTCCCCAAAGAAGTTTACTACGTTCCGTTGTGTTTCTACTATAATAAGACTTAGGTTCAAAGAACACAGGAGGTGTTTGGAATGAGAGTCAGGGTTGACGAAGCCGCTTGCATCGGTTGCGGTGTTTGTGAGAGCCTTTGCCCCGAAGTTTTCAAGCTTGCAGACGATGGCAAGGCAAAGGTTCTTCAACCCGAAACGGAAGAAAGCTGTGCACGTGACGC
