gap_id	start	end	length	sequence
NZ_AP031330.1_gap1	132682	134579	1897	CATCGCCCGCATGGGGGTGCGGTACGTGGTCTTGACCAGCGTGGACCGGGATGACCTTCCGGATGGCGGCGCCTCCCACTTCGCCGCCACCATCCGGGCCATCAAGGAGAGGGCCCCCGGGGTCTTGGTGGAGGCCCTGACCCCCGACTTCCAGGGGGACCTGAAGGCCGTGGAGACGGTCCTCGCCGCGAACCCCGAGGTCTACGCCCAGAACCTGGAGACGGTGCGCCGCCTCACCCCCAAGGTCCGCGACCCCCGGGCGGGGTACGAGCAGACCTTGAAGGTCCTGGCCCACGCCAAGAAGGTCCGGCCCGACATCCTCACCAAGTCTAGCCTCATGCTGGGCCTGGGGGAGACGGAGGAGGAGATCCTCGAGGCCATGCGGGACCTCAGGGCCGCGGGAGTGGACATCCTCACCTTGGGCCAGTACCTGAGGCCCACCCCCGCCCACCTCCCCGTGGCCCGCTACGTCCCCCCCGAGGACTTCAAGCGGTACGAGGCCTGGGGGTACGAGCTGGGCTTTAGGGAGGTCTTCGCCGGGCCCTTGGTGCGGAGCTCCTACCGGGCGGACCGGGTCTTCCTGGAGGCCACCCAAAGATGAGCCGAAAGACGGCCCTTTTCCTCCTGGACCTCCTCGCCCTCCTCCTCTTCGCCGGGGTGGGCCTCCTTTCCCATGGGCTTCCCCTCTCCTTGGGGGGCCTCGCCCGGAACGTCCTCCCCGTCCTCTTCGTCTGGCTTCTCCTTGCCCCCTTCCTCGGCACCTACAGGAGGCCCACCTGGAAAAACCTCCTCCTCACCTGGCTTCTCGCTTTCCCCGCGGGGCTTTGGCTGAGGCAGATGGTCCTCGGGGGAGGCTTTGGGGTGGGGTTCTTCGTCTTCTTGGGCGTGGCCATGGGGTTCAGCCTCCTTTTCCTCCTTTTCCTAAGGGGCCTCGCCAAGGGGCTTCGCCTCTGGTAAAAAGAGGCCATGGAAAAGGTGGCCTTCATCGGTCTTGGGGCCATGGGCTATCCCATGGCGGGGCACCTGGCGCGGCGTTTCCCCACCCTGGTCTGGAACCGCACTTTTGAAAAGGCCCTTAGGCACCAGGAGGAGTTCGGCTCCGAGGCCGTGCCCCTGGAGAGGGTGGCCGAGGCCCGGGTGATCTTCACCTGCCTTCCCACCACCCGGGAGGTCTACGAGGTGGCCGAGGCCCTCTACCCCTACCTCGCAGAGGGCACCTACTGGGTGGACGCCACGAGCGGGGAGCCGGAGGCGAGCCGCAGGCTTGCGGAGAGGCTACGGGAGAAGGGCGTCACCTACCTGGACGCCCCCGTCTCCGGGGGGACGGTGGGGGCGGAGGCAGGGACCCTCACGGTGATGCTGGGGGGGCCCGAGGAGGCGGTGGAGCGGGTCAGGCCCTTTCTCGCCTACGCCAAGAAGGTGGTCCACGTGGGTCCCGTGGGGGCGGGGCACGCGGTGAAGGCCATCAACAACGCCCTCCTCGCCGTGAACCTCTGGGCGGCGGGGGAAGGGCTTTTGGCCCTGGTGAAGCAGGGGGTTTCCGCGGAGAAGGCCCTCGAGGTCATCAACGCCTCCTCGGGCCGCTCCAACGCCACGGAGAACCTCATTCCCCAAAGGGTCCTCACCCGGGCCTTCCCCAAGACCTTCGCCTTGGGGCTATTGGTGAAGGACCTGGGGATCGCCATGAGAGTTTTGGACGGGGAGAAGGCCCCAAGCCCCCTCCTCCGCCTCGCCCGGGAGGTCTACGAGATGGCCAAGCGGGAGCTGGGCCCGGATGCGGACCACGTGGAGGCCCTGAGGCTTTTGGAGCGCTGGGGCGGGGTGGAGATCCGCTGATACCACCCCATACCGGCGCAAGCCCGCACGGGGGTCCTGGGGAAAAGCCTTAGCGGAGACT
NZ_AP031330.1_gap2	164150	164683	533	GAGCTTCTTCTTGATCTCCTCCGCCTCCTGCTTGGAGACGCCCTCCTTGATGGGGCCGCCCTTCTCGGCCAGGTCCTTGGCCTCCTTGAGGCCAAGCCCGGTGATGGCGCGGAGCTCCTTGATGACCTCCAGCTTCTTGGCCCCCGCCTCCTTGAGGATGACGTCAAACTCCGTCTTCTCCTCGGCGGGAGCGGCGGCCGCCCCGGCCGCAGGGGCCGCGGCCACGGCCACGGGGGCCGCGGCGGTCACGCCCCAAGCCTCCTTGAGGGCGTCAATCAGCTGCTTGAGTTCCAGAACCGTAGCCTGGGAGAGCTCTTCCTTGATCCGTTCAATGTCCAGAGCCATCGCTTACCTCCTCTTAAGCCGCCTTCTTCTCCGCGTACGCTTCCAGGATGCCTACCAGCTCGCGGGCCACGCCGCCAAGCACGCCCACGAGCTCCGCCATGGGCGCCTGGAGCACCCCCACGAGCTCCGCCCGGAGCTCGTCCATGGTGGGCAGCTCCGCCAGGGCCTCCACGTCCTTGGCCGTGAGG
NZ_AP031330.1_gap3	170185	174461	4276	GGAACTACGCCACGGTCTCCACCCTCCTCGTGGGCCTGGGGGCCACGGGGGGGCTTATGGCGGCCACGCCCCTCGCCCTCCTCAAGGAGGCCCTGGGCTGGCGGGGGGTGTTCCTCCTGGGGGCTTTCGTGGTGGCCCTGGTGGCCCTCGCCCTCTACCTGGGGGTGCGGAACACTCCCCCAGGGGTGGCCTGGCCGGGGGGGCAGCGGGGAGACGGGCTCGGGGAGGTCTTCCGCAACGGGAGGCTCCTCCGGGTGGCCTTTTTGGCCTTCGCCTTCGCCGGGAGCTTCCTCGCCTTACAGACCCTTTGGGCCGGGGACTACGCCTACCACCTGGGCCTCACCGCCTTGGAGGTGGGCAACCTCCTCTTCCTCTACTCGGGGGGAGCGGTTTTGGGCTTTCTCGTTTCCGGCTACCTGGCGGACCGCTTGGGGACGGCCCGGGTCCTCCTCGCCTCGGCCCTCCTTTTCGCCTTGGGCCTCCTTCTCCTCCTCCTTAAGGCCCTCGTTCCCGCCTACGCCCTCCTCGGCTTCTTCGGGGCCTTCAACATCCTCACCCTCACCCAGGCCCGGGAGCTGGTCCCCTCCCACCTGGTGGGCCGGGGCACCACCTTGGTGAACCTCTTCGGCATCGGGGGCACCTTCCTCCTGCAGTGGGGCGTCGGCGTGGCGGTGGAGGCCTTGGGGTACGGCCTGGCCTTCGGCGGGCTTCTCGCCCTCCTCCTCCTGGCCCTCGCCCTTTACCTGCCCCTCCTCCGCCGGTGATAAACTCCTTCCATGCTGGCCCAGGTGCGAAGCTACGCCCTCTTCGGCCTGGACGCGGTTCCCGTCACCGTGGAGGTGGATGTTAGCCCGGGGCTTCCCAGCTACGCCCTGGTGGGCCTGCCCGACAAGGCGGTGGAGGAAAGCCGGGAGCGGGTGCGGGCCGCCCTCAAGAACGCGGGCTTCCCCTACCCCCAGGCCCGGGTGGTGGTGAACCTGGCCCCGGCGGAGCTTCGGAAGGAGGGGAGCCAGTTTGACCTTCCCATCGCCCTGGGCCTCCTCGCGGCCCAGGGGGTGGTGCCCCTCGAGGCCCTCTCCCCCTTCGCCCTCGCGGGGGAGCTTGGCTTAGACGGGAGCCTGAGGCCCGTTCCCGGGGCGGTGAACCTGGCCCTGGGGGCCTTGGCCGAGGGGAAGAAGCTCCTCCTGCCCCTGGAGAGCGCCAAGGAGGCGGCCCTGGTGGAGGGGGTGGAGGTCTACGGGGCGAGAAGCCTCCAGGAAGCCGTGGCCTTCCTCAAGGGCGAGGAGGCCTTGGCCGAGGCCCGGCCCGAGGAGGCCCCGGAAGCGGTGGAGGCGCTGGACCTCAGGGACGTCAAGGGCCAGGCCAAGGCCAAGCGCGCCCTGGAGATCGCCGCCGCGGGCTTCCACCACCTCCTCATGGTGGGAAGCCCGGGCTCGGGGAAGACCATGCTGGCGCGGCGGCTTCCCTTCCTCCTCCCACCCCTCTCCCGGGAGGAGGCCTTGGAGGTGACCCGGATCCACTCCGCCGCGGGGAAGCCGGTGCGGGGGCTTGTGAAGGCCCCGCCCTTCCGCGCCCCGCACCACACGGTGAGCTACGCCGGGCTCATCGGGGGTGGGGCCATCCCCAAGCCCGGGGAGGTCTCCTTGGCCCACCGGGGCGTGCTCTTTCTGGACGAGTTCCCGGAGTTTTCCCGGGAGGCCCTCGAGGCCCTGCGCCAGCCCCTGGAGGACGGGGTGGTGACCGTGGCCCGGGCCCGGGCAAGCCTCACCTTCCCCGCCCGCTTCCTCCTGGTGGCGGCCATGAACCCCTGCCCCTGCGGCTGGCACGGGGACCCGGAAAGGCCTTGCACCTGCACCCCCGCCGCCCAGAGGCGCTACGCGGCCCGGATCTCCGGGCCCCTCCTGGACCGGTTTGACCTGGTGGTGGAGGTGCCCCGCCTCACCCCCGAGGAGCTCGCCCGCGCCCCCGAGGGGGAGGGCACGGAGGCGGTGCGGGAGCGGGTCCTAAGGGCCCGGGAGCGGATGCTCGCCCGCCAGGGGAGGCCCAACGGGCTCCTTTCGGGGCGGGCCCTGAGGGAGCACGCCCGCCTCACCCCACCGGCCCAGGCCCTCCTCCAGGAGGCGGCCAAGCGAATGCTCCTTTCGGCCCGGAGCTACGACCGCGTCCTCCGGGTGGCCCGCACCGTCGCCGACCTCCTGGGCGAGGAGAGGGTGGGGGAGGCCCACGTGGCCGAGGCCCTGGCCTACCGCAGGGCCCTCTAGGCGAGGCGCAAGGGCTCCACCTCCACGGGGGTGGAGTGGAAGGTGCTTCCCCCACCCAGGTCGGTGAGCCTTTCCGAGGTGAGGTGGTTCACGCCCTTGCCGTCTGGGGCCCACTTCTCCCACCAGGTGCCCTCGAGGACCACCGTCCCCGGGATGGGGGCCTCGGTGACGTGGGCCTTCCTCGTGATCCTTCCCCAAGGGGAACGGATGTGGACGAGCATCCCGTCCCGAATCCCTCGCGCCTCGGCGTCCTCGGGGTGGATGAGGAGCCTAGGCTCCCCGCCTTCCGCCTCCACCAGGGCCTTCACGTCCCCGTAGGTGGTGTTGAGGAACCGGTGGGCCGGGGGGGTGAGGAGGATCAGGGGGTATTCGGGAAGGGGCTCGGTGGGGATCACCTCGGGCGGGGGGCTGAAGCGCACAGGGCCTTCGGCGAAGGGGAGGAAGGGCCTGGGGAGGTTGAGCTTCACGAAGCCTTCCCGCTTGAGCCTTTCCAGGGTGATCCCCTCTAGGTAAGGGTGGTCCGAGGCGAGGAGGCTTTCCGCCACCTCCTCGGCCGTCCAGTAGAGGGTGGGCTCCTTCAAGCCGAGCCTCTTCGCCAGCTCCCGGAAGACCCAGGTGTTGGGCCGGGCCTCCCCCGCGGGAGGGCTTAAGGGCTCGTTCCAGGAGAGGTAGTAATGCCCGTAGCTCGTGTAGAGGTCGGGGTGCTCGTAGAAGAAGGTAGCGGGGAGGAGGTAGTCGGCGAAGCGGGCGGTCTCCGTCATCACCTGCTCCAGGACCACGGTGAAGAGGTCCTCCCGTGCAAGCCCCGCCCTCACCTTCCCCGTGTTCGGGGCCACCACCAGGGGGTTCGTGTTGAAGACGAAGAGGACCCGGATGGGAGGGGCTAGCTCCGTGAGGGCGGTGCCGAGCTGGTTCATGTTGATGGCCCGCGCCTTGGGGTTAGGCCGGAAGTAGCCCTCGTGGGGGCGGTGGCCCTCGAGGAGGTGCCTTCCCCCCAGGAAGCGCTTGTTTAAGGGAAAGGCCCCGCTCGTGGAGAGCATGGCCCCGCACCCCGGGTAGCGCCAGGCCCCGAGGAGGGCGGGGAGGAGGATCACGGCGCGGAGGGCGTTCCCCCCTCCCGGGTGGCGGGTCATGCCGTAGCCCACCCGCAGGAAGACCCGCTTCGCCTCCCCCATCTCCCGGGCGAGGCGGAGGATGGCCTCTTCGGGCACGCCGGTGAGGGCGCTCGCCCGCTCCGGGGTCCACTTTTCCGCCTCTTTCTGGAACTCCTCCAGGCCCACCGCCGCCCTCCCCAGGTACTCCCAGTCCAAAAGGCCCTCCCGGAAGAGGACGTGGGCCAGGGCGTAGGCGAGGGCGGCGTCCGTGCCGGGGCGGAGCTTGAGGTGGAGGTCGGCGAAGCGGGAGGTGAGGTTTTCGTAGGGGTCTATGTGGACCACCTTGGCCCCCCGCCTTTTCGCCTCCTTGAGGAAGGGGGTGAGGTGGCTATTCGTGGAGAGGCTATTGATCCCCCAAAGGAGGATATAGCGGGCGTTTTCGGGGATGTCCTCGGGATCGGGGCTGAGGCGGGGGCCGTAGGTCATCTCCCAGGCGGCGCTCCCCGCCGTGGCGCAGATGGTCTCCAAGAGCTCCGAGGCCCCGATGGCCCGGAAGAAGGCCAGGGGGTGCTGGTTCTCCACCAGGCCCATGGTCCCGGCGTAGTGGTAGGGGAGGACGGCCTCGCCCCCCTCCCGGTCCAGGACCTCCATGAGGCGCTTGGCGATCCCGTCCAGGGCCTCCTCCCAGGAGACCCGCACGAACCTCCCCTCGCCCTTTCTCCCCACCCGGCGCAAGGGGTAAAGAAGCCTTTCCCTTACCCTCTCCGGGTAGCGGTAGGTCTTGGCGCAGGCGAAGCCTTGGGTGATGGGGTGGCGGGGGTCCCCTTCCACCCGGAGGAGGCGCCCTTCCTCCAGGGTGAGGAGGAGGCTGCAGGCGTCGGGGCAGTCCAGGGGACAGGTGGCGCGGGCCCTCATGCCCTT
NZ_AP031330.1_gap4	285053	287820	2767	TTCGGGAGGCAGGGTTTGCCCGGGTGGAAGCGGAGGCCTTTACCTTGCCCCTTCCCCTGGTAGCCCCCCATGTGGCGGGAATAGCCTGGAAGGCGTGGCCCTCAGCGCCCTTGCCAGAGGGTGCCCTTCCCGTCCACCCAGGCCAGTAAACCCTCCTGCTGGGGATGGGCGGCCAAGGCCAGCACCGTACCCTGCCAGAGCCTGCGCCAGCCCACTTCTGTTCGTTGCCATATTCCAAGCTGCCCTCCTAGGTACAGGGTGCCGGAGGGCGAGAGGGCCAAGGGTCCAGGGGCGGGGTCCGGGGTGGGGATGGGGCGGAAGCTCCTACCCCCGTCCTCGCTCACGAAGAGCCCACTTTCCATAAGGGAGGCCCAGAGGCGGCCCTTTTGGTCCACCAGGAGAAAAGCCATCCCGGCCTTGGGCAGGCCCTGGGCGGGAAGCTTGGCAAAACTCTGCCCTCCATCCTGGCTGCGGAGGTAACCGTAGGTGGCCTCGAGGGCGTAGTGGACCTGGGGCTTTCTGGGGTCGATGGTGTAGGCGTGGAGGTCTAACGCAGGAAGGCCCTTGGGCTTTAGGTCGCGGAAGCGCTTGAGATCCTGGCTTTCCGCAAGAATCCAGTGCCCGGCAACCAGGAGGCGCCTGCCGTCCCAGGCCAGGTTCATGGCGTCCCAGTCCCGCCGCCGCACCAGGTCCTGGGAGGTGCTGTTATTCCAGAGAACAATGCCGTCGTGGTGGCCCAGGAGCAAGGCTCCGGAGGGATGCCACAGGAGGGCGTGAACGTCCCGGGTGGGCACCGGGCCCAAGGAGGTTTGGGCCAGGGCAAGGCCCAGGGTGAGAAGGAGGGCGAGAGGGCGCATGGCGTTCTACCGCGAGGTAAGGCGGAAGCCGGTCAGGCAGGTGGGGCTTTGGCTGAAGGTGGCCACGGAGCCGGTGGCCGCCAGGTTCCCCCAGCGGATCTCCAAGGTGTAGCGGCGGTTGCGGGGCAACCAGAGCTCAAAGAACCCGTCCTTCCCCGATCTGACCTGGGTCTTGAGCACCTCCTTTTCCCCCTCCAGCACCCGCACCAGAAATACCTCCTCCTGTAGCTCCCCGGTGCAGCTGGAAAAGTAGTGGACCTGGCAGGGGTGGGTGCGGCTGACGTAGGGGGCCACCGCCAGGAGGAAGCGGTCCTTGAGGGCCACCTGGGCTTTGCGACCGTCCGGGAACTCGAAGAAGAAGGCCTTGGGGGTCACGTAGCTCACCACCCTTTGCCCTTCCTCCCGCCACCGCTTGGCCAGGGCCAGGGCCTCTTCGGGCCCCAGGCCCTTGAGGGCCTCAGGGCTAGGGGCCTGGGCCAGTCCCAAGGCCAACGCCACGCCTAGGAACGCCAACGTCTTTCTCATGCCCTTTACCCTAGCCTTGGGATGTTAAGCCCTTGTAAAGGGGAAGGGTGAAGGTGAAACGGCTTCCCTGGCCCACTTGGCTTTCCACAAAGATCCTCCCCCCCATGGCCTCCACCAGGCCCTTGGCGACGGTGAGCCCCACCCCGCTTCCTCCCTCCTTGCGGCTGCGGGCCTTGTCCACCCGGTAAAAGCGCTCAAAGATGTGGGGGAGGTGCTCGGGGGGGATGCCTGGGCCCGTGTCCGCTACCTGGAAGGCCACGGCTCCCCCCTGCCGAAAGGCCCGAAGGCGCACCTCCCCCCCTTCGGGGGTGTGGCGTAGGGCGTTGGTGAGGAGGTTGGCCAGGACCTGAAGCGCCCGCTCCTCGTCGGCGAAGACCTGGGGAAGGCCCGGCTCAGCTTCCAGGAGGAGCTCCACCCCCTTGGCCTGAAAAGCGTTTTGGAAGCGGCTTTGGGCCTCCTGGAGAAGGCCCCCTGGGTCCAGGGGCTTGGGATGGATCTCCACCGCTTTGGCCTCCACCCGGGAGACGAGGGAGAGGTCCTCCACCAGGCGCCCCAGGGCCTTGACCTCCCGCAGGATCCCTTCGGCCGCCTTTTCTTTGGAGAGGACCCCGTCCATAAGCCCCTCGGCGTAGCCTTGGAGGGCGGCCAAGGGGGTCCTGAGCTCGTGGGCCACGGTGCCGATGAGCTCGGCCCGGGTTCGCTCCACCTTCTCCAAGGCCTCGGCCAGGCGGTTGAAGTGGAGGGCAAGCTCCCCGAGCTCGTCCCGCTCCAAGAGGGGAAGCCGGATTCCGTACTCCCCCTGGGCCATGCGCCGGCTCCCCTCGGCGAGAAGCCTTGCGGTGCGATAAAGGCGGAGGCTGGCGAAAAGGGCGGTGAGAAGGGCCCCCAAGGCGGAAAGGGGGAGGGCGGAGAGGAGGGCGGCGGTGAGGGTGGAGCGCAGGCCCTTTTCCAGGTCCTGCCTTAGGGCCTCGGCCATCATGCCCCCGCCCATCATGGCCAGGGCGTGGTACATGCGCTCCACGTGCCCCCGGTAGAAGGCGGGGGCGAAGGCCTCGGCCAGGAGCAGGAGAAGCCCAAGGGCGAGCAGGGCCACCAGAAGGTGGCTCAGAAAGAGCTTAAGGAAGAGGCGCATCCGGGTCCTTGAAGCGGTAGCCCACGCCCCGCACCGTCTCCAGGAAGCGGGGGTTTTCCGGGTCGTCCCCGAGCTTTTTTCGGAGAGAGGCAATGTGCACGTCCACCACCCGGTCCACGCCCGGAAAGTCCGGTCCCCAGACCTTCTCCAAAAGCCTTTCCCGGCTGAAGACCATCCCCGGGTGCTGGGCGAGGGTCAAAAGGAGGTCAAACTCCAGCCGGGAAAGGGAGAGGGGGCTGCCCTCCAGGTAGGC
NZ_AP031330.1_gap5	340978	343949	2971	GAGCAGGCCCGCACCTTTGAAAGGACCTCCGGCACCAAGGTGGAGGTGGTGGAGGTCCCCTTCGGGGAGATCAAGCAGAAGTTCATCTTGGGCGCCCCCCAGGGCCAGGCGGCGGACCTTGTGGTCACCGTGCCCCACGACTGGGTGGGGGAGATGGCCCAGGCCGGGGTCCTCGAGCCCGTGGGCAAGTACGTGACCCAAACCTACCTCGCGGACCTCCAGGGCGTGGCGGTGGAGGCCTTCACCTTCGGGGGGAGGCTCATGGGCCTTCCCGCCTTCGCCGAGAGCGTGGCCCTCATCTACAACAAGAAGTACGTGAAGGAAGCCCCCAAGACCTGGGAGGAGTTCCTGGCCCTGGCCCGCCAGCACACCACCGGCTCCACCTTCGGCTTCCTCTACAACATCGGCGACCCCTACTTCAACTTCGGCTTCTTCAAGGCCTTCGGCGCCGAGAACGTCTTCGCCAAGGACGCCAAGGGCAACCTGGACCCCACCAAGCTCCTCATCGGGGGCGAGGTGGGGGAGAAGGCCCTCCAGTTCATCAAGGACCTCCGCTTCAAGTACAACCTGGTGCCCGAGGGCGTGGACTACGGGGTGGCGGACGGGGCCTTCAAGGACGGGGCCCTGGCCATGATCATCAACGGCCCCTGGGCGCTTGGGGACTACAAGAAGGCCAAGATCGACTTCGGCATCGCCCCTTTCCCCACCCCGCCCGGAGCCAAGAACCCCTGGGGGCCCTTCCTGGGCGTGCAGGGCGTGGTAGTGAACGCCTACTCCAAGAACAAGACCCAGGCGGTGAACTTCGCCAAGACCCTGGTGACGGGCCGGAACCTCGTGGCCTTCAACCAGGCGGGCGGCCGCATCCCCGTCTCCAAGAGCGCGGTGAAGCAGCTGGAGAAGGACCCGGTGGTGGCGGGCTTCTCCAAGGTCTTCCCCTTGGGCGCCCCCATGCCCAACATCCCCGAGATGGGCAAGGTCTGGGGTCCCTGGGGTAACGCCATCAGCCTCGCTATCCAGCGGCCCGACTCCAACGTGAAGAAGATCGTGGAGGACATGGTGGCCGAGATCAAGAAGGCCATCGGCAGGTAACCCCTATGGACGCCCCCCACGGGACCTCCTGCTTCCCGTGGGGGGGTATCGTTGAACCATGAAGCACCCTCCAGGTCTTTTGGGTTTCCTCCTCGCCGTGGGGCTTCTTCTGGGCCTCCTCCTCGTGGCCACGGGGCTAGGGCTCGCCGCTTACTTCGCCCTTTCCGCCCGCCTGGATCTTCCCGGGTGGTCCGTCCTCGTCTTCGCCCTCCTCGTCCTCGTCCCCGGGGCGGTGGCGGTGGGGCGGCTCTTCCCCTGGCTCACCGACTGGTATTACTTCCTCCCCGCCCTGGCCTTCCTCCTCGTCTTCACCCTGTACCCCATCGGCCTCACGGTCTACCTGGCCTTCACCGACTACTCGGGGAAACGGAACGGCTTCCCCGACCGCTCCACCGAGACCCGGGTGGTGGCCCATGAGGGGGCGCGGCTCGTCCTCGAGGCCGAGGCCCAAGAGGCCCTCCGCTGTGATCCCTGCGTGGGGGAGGTCGTGGAGGCCTACGCCGAAGGGCAGAGGGCCCGGGCCCGAATCCAGGCCGTGGAAGGGGCCACCCTCCTCCTGGACCGGGCTTTGCCCTTCACGCCCGCGTACGTGGCCCGGGTCAACGCCTTCCGCTTCGTGGGATTTAAGAACTTCGCCTTCATCCTCTCCCAGGCCAACCAGGCCCTCTTTCCCGTCTTCCTCTGGAACCTCGTCTTCGCCTTGGCCACGGTGGTCCTGAACGGCCTCGTGGGGCTTGTCCTCGGGCTTGTGCTCAACAACCGGGCCCTGAAGCTCCGCAACCTCTACCGCACCCTCCTCATCGTCTCCTGGGCCCTGCCCGGGGTCATTACCGTCCAGGTCTGGGTGGCCCTCCTCAACTACAACTTCGGGGCCATCAACCGCCTTCTCGGGGTCCTGGGCATCTACCCCATCCCCTGGCTCAACGACCCCGACTGGGCCAAGGTGGCCGTCCTCCTCGTCAACCTCTGGCTCGGCTTTCCCTACATGATGACGGCCACCTTAGGGGCCCTTTCCACCATTCCCGACGAGCTCTACGAGGCGGCCAAGGTGGACGGGGCCACCCCCTGGCAGGCCCTCTTCCGCATCACCCTCCCCCTCCTGGAGAAGCCCATGCTGCCTATTCTCCTCTCCGCCTTCGCCTTCAACTTCAACAACTTCTACCTCATCTACCTGCTCACCGGGGGCGGCCCGGCCCAAGAGGGCAGGCTCGCCACCGCCCAGTCCACGGACATCCTCATCTCCTGGGCCTATAAGACGGCCTTCAGCGCCGAGGGGCAGTCGGCCTACGGCCTGGGGGCGGCGATTAGCCTCCTCATCTTCGTCCTCACCGTGGCCATAAGCCTGGTGAACTTCCGGGTGACCGGGGCGCTGAGGGAGGTGAGGTAGGTGCGAAAGGCATTAGGCTTCCTCCTCACGGGCCTCGCCCTCTACGGGGCCTACTGGTTCGCGGCGAACCGCCTCTTTGACGAGGCCTCCTACCGGAGGCAGGTGGCCTTTGGCAGCGTCTTCGTGCCTTATGGGTGGGCCTACGCCTTGGGCTTCCTAGGGGCCTTGGTCCTCCTTGTCCTCCTCTATAGCCTCCTCTATACCGCCCTCGTAAACCGCCTCCAGGGAAGGCGGAGAAGCCCCTGGCCCCTCTTCCTCCAGGGGGTGACCCACCTCTTCCTCTGGGTCCTGATCCTCTTGGTCTACTACCCGGTAGTCCAGGTGGTGGCGGCGAGCTTTGACCCCACCAACAACCTCTTCAGCTTCCGTAGGCCCGACACGGGCTTCCTCCTCCTGGACGCCAAGGTGATCCCCTACCTGCCCAACCCCTCCCTGGAAAACTACGTCAAGCTGGTGGAAGGGGTGGTCCTCCACCCTTACCAGGTGGCCCTCGCC
NZ_AP031330.1_gap6	403797	408307	4510	CCTAGAGCCTGGGGACACGCCCAAAGACCTCCTCCTCAAGGCGGAGTACGCCCACTTCCTGGAGAAGACGCGGCTCAAAGACCTCGTCCCCGGGGCAGAGGAGATCCGCTTCACCGCCTTAGGCCGGTACGACCGCCTCCTGGACCACATCGCCACCCGGCGGTACTTCAAGGGGCTGGAGGAGGGGCGGGAGATCCCCTGGGAGGAGGTGGTGGCGGACTGGTACCAAAACCTCTACAAGCCCACGGTGGAGGCCATCCGCCGCCTGGGCCTCCTCAAGGACTTCCCGGGGCGCACCGAGGCCGACCTCTACCTCTGGGTCATGGACCACCGCTACTTCCTGGCCCAGGAGCTCGGGGTGGACCCCGGCCCCGAGGGGGCGGCGAAGAGCTACGAAGCCCACTTCGGGGGCGTGTGGAAGCGGCTCGGCGGAGCGCTGAAGCGCCTCCTTACCGGGCGCTAGCCGGGAGGCTTGCGGGGCGTGGACCCTTGCTTTATCCTGTATACAGGATGCAGACCCTGGGCTTCCGCCGCCCCAACCAGGTGCGCGAGGCGGTCTACCGCCACCTCAAGGACCTCCTCCTCTCGGGGCGTTTCTCCCCGGGGGAGAGGCTTTCCGAGCCCCTTTTGGCCCAGGAGCTCGGCGTCTCCCGCACCCCCGTGCGGGAGGCCCTGATGCGCCTCGCCGAGGAGGGCCTGGTGGAGCTCGTCCCGGGGAAGGGGGCGAGGGTGAGGGTCTTCGCCCCCGAGGAGGTGGAGGAGGTCTACGGGGTGCGGGCCCTTTTGGAGGGGGAGGCGGCGCGGGAGGCGGCTTTGAGGGCCACGCCCTGGGAGCTCGCCGAGCTTGAGCGCCTCCTTCGGGCCATAGACGAGGCTCCCCGGGAGGACTACCCGGAGCAGATGCGCCGCGACCTGGAGTTCCACCGCGCCTTGGTGCGGCTATCCGGGAACCGCACCCTCTACCGCCTCTACGAGGACCTCCTCGCCACCCTGGCCTTGGCCCGGAGCGCCCTTCCCACCCTCTCCCAGGACGAGGCCACGAGGCGGGAGCACCGGGCGATCCTCGAGGCCCTCCTCCACAGGGACCCCGAGGGGGCGAGGCGGGCGGTGGAGGCCCACGTCTTCCGCTTCCGCGACCTGGTGGTGGGGCGGCTTCGGAAGGAGGGAGGATGAACCTGGACCTGGCCTACCGTTCCTTCGTGCTCGGCGTGGCGGGCCACCCTCAGGTGGAGCGCCTCATCAAGCACCGGGCGAAGGGCCTGGTGCGGCGCTACGTGGCGGGGGAGACCCTGGAGGAGGCCCTTAAGGCGGCGGAGGCCCTGGAGCGGGAGGGCGTTCACGCCATCCTGGACCTCTTGGGCGAGATGGTGCGCACTGAGGAGGAGGCCAGGGCCTTCCAAAGGGGGCTCCTTGAGCTCGTCTGGGCCCTTGCGGGGAAGCCCTGGCCCAAGTACATCTCCCTGAAGCTCACCCAGCTCGGCCTGGACCTCTCCGAGGACCTCGCCCTCGCCCTTTTGCGCGAGGTCCTTAGGGAGGCCGAGCCCCGGGGGGTCTTCGTGCGCCTGGACATGGAGGACTCTCCCCGGGTGGAGGCCACCTTGCGCATCTACAGGGCCCTCAGGGAGGAGGGCTTCTCCCAGGTGGGGATCGTCCTGCAAAGCTACCTCTACCGCACGGAGAAGGACCTCTTGGACCTCCTTCCCTACCGCCCCAACCTCCGCCTGGTCAAGGGGGCCTACCGGGAGCCCAAAGAGGTGGCCTTCCCGGACAAGCGCCTCATTGACGCCGAGTACCTGCACCTGGGGAAGCTCGCCCTTAAGGAGGGGCTTTACGTGGCCTTCGCCACCCACGACCCCAGGATCATCGCCGAGCTCAAGCGCTACACCGAGGCCATGGGGATCCCCAGGTCGCGCTTTGAGTTCCAGTTCCTCTACGGGGTGCGCCCCGAGGAGCAGAGGCGGCTCGCCCGGGAGGGGTACACGGTGCGGGCCTACGTGCCCTACGGCCGGGACTGGTACCCCTACCTCACCCGGAGGATCGCGGAGAGGCCGGAGAACCTCCTCCTCGTTCTGAGGAGCCTGGTCTCCGGCTAAAGGAGGTGAACGAGGATGACGGTGGAACCTTTCCGGAACGAACCCATTGAGACCTTCCAGACGGAGGAGGCCCGGCGCGCCATGCGCGAGGCCCTGAGGCGGGTGCGGGAGGAGTTCGGCCGCCACTACCCCCTCTACATCGGGGGGGAGTGGGTGGACACGAAGGAGCGCATGGTCTCCCTCAACCCCTCGGCGCCAAGCGAGGTGGTGGGCACCACCGCCAAGGCGGGGAAGGCGGAGGCGGAGGCCGCCCTCGAGGCCGCCTGGAAGGCCTTCAAGACCTGGAAGGACTGGCCCCAGGAGGACCGGAGCCGCCTCCTCCTCAAGGCGGCGGCCCTCATGCGGCGGCGGAAGCGGGAGCTGGAGGCCACCTTGGTCTACGAGGTGGGCAAGAACTGGGTGGAGGCCTCCGCGGACGTGGCCGAGGCCATTGACTTCATTGAGTACTACGCCCGGGCCGCCCTGCGCTACCGCTACCCCGCCGTGGAGGTGGTCCCCTACCCCGGGGAGGACAACGAGAGCTTCTACGTGCCCCTGGGGGCCGGGGTGGTCATCGCCCCCTGGAACTTCCCCGTGGCCATCTTCACCGGGATGATCATGGGCCCCGTGGCCGTGGGGAACACCGTGATCGCCAAGCCCGCCGAGGACGCCGTGGTGGTGGGGGCCAAGGTCTTTGAGATCTTCCACGAGGCGGGCTTCCCCCCCGGGGTGGTCAACTTCCTGCCCGGGGTGGGGGAGGAGGTGGGGGCGTACCTGGTGGAGCACCCCAGGACCCGCTTCATCAACTTCACGGGGAGCCTGGAGGTGGGCCTGAAGATCTACGAGGCCGCCGGGCGTCTGGCCCCGGGCCAGACCTGGTTCAAGCGGGCCTACGTGGAGACCGGGGGCAAGGACGCCATCATCGTGGACGAGACGGCGGACTTTGACCTGGCCGCCGAGGGGGTGGTGGTCTCCGCCTACGGCTTCCAGGGGCAGAAGTGCTCCGCGGCGAGCCGCCTCATCCTCACCCAGGGGGCCTACGAGCCCGTGCTGGAGAGGGTTCTGAAGCGGGCGGAAAGGCTTTCCGTGGGCCCCGCCGAGGAGAACCCCGACCTCGGCCCCGTGGTGAGCGCCGAGCAGGAGAGGAAGGTCCTCTCCTACATTGAGATCGGGAAGAACGAGGGCCAGCTCGTCCTGGGGGGGAAGCGCCTCGAGGGGGAGGGGTACTTCATCGCCCCCACGGTCTTCACCGAGGTGCCGCCCAAGGCCAGGATCGCCCAGGAGGAGATCTTCGGCCCGGTGCTTTCCGTGATCCGGGTCAAGGACTTCGCCGAGGCCCTGGAGGTGGCGAACGACACGCCCTACGGCCTCACGGGCGGGGTCTACTCCAGGAAGCGGGAGCACCTGGAGTGGGCCAGGCGGGAGTTCCACGTGGGCAACCTCTACTTCAACCGCAAGATCACCGGGGCCCTGGTGGGGGTCCAGCCCTTCGGCGGCTTCAAGCTCTCCGGCACCAACGCCAAGACCGGGGCCTTGGACTACCTTAGGCTCTTCCTGGAGATGAAGGCGGTGGCCGAGCGCTTCTAGGGGTATAATCCTCGGCGGTGATGCTATGCCGCTAAAAGCCTACCGGCCCCCCGAGGACCCGGGGCTTTGGGACACCTACCTGGAGTGGCTGGAACGGGCCCTAAAGGTGGCGGGGGTCCACCCCACCACCCTGGAGTACCTGGCCCACCCCAAGCGCTTGGTCACCCTCTCCCTTCCCGTGGTCATGGACGACGGGAAGGTGCGCATCTTCCAGGGCTACCGCGTGGTGCACGACATCGCCCGGGGACCGGCCAAGGGCGGGGTCCGCCTGGACCCGGGGGTCACCCTGGGCCAGACCGCGGGCCTCGCCGCTTGGATGACCTTGAAGGCGGCCGTCTACGACCTGCCTTTCGGCGGGGCGGCGGGGGGGATCGCCGTGGACCCCAAGGGGCTTTCCCCGCGGGAGTTGGAGCGCCTGGTGCGCCGCTACACCGCCGAGCTCGTGGGGCTCATCGGGCCCGACAGCGACATCCTGGGGCCCGACCTCGGGGCGGACCAGCAGGTCATGGCCTGGATCATGGACACCTACTCCATGACCGTGGGCTCCACGGTGCCCGGGGTGGTGACGGGGAAGCCCCACGCCCTGGGAGGGAGCGAGGGACGGGACGACGCCGCGGGGCTCGGGGCGCTCCTCGTGCTGGAGGCCCTGGCCAAGAGGCGGGGCCTGGACCTTCGGGGCGCCCGGGTGGTGGTGCAGGGCCTCGGCCAGGTGGGGGCGGCGGTGGCCCTGCACGCCGAGCGCCTGGGGATGCGGGTGGTGGCCGTGGCCACCTCCACGGGGGGCATGTACGCCCCCGAGGGGCTGGACGTGGCCGAGGCCCTCTCCGCCTACGAGGCCACGGGGTTGCTGC
NZ_AP031330.1_gap7	413362	416324	2962	GCGCCTCCCCCTCTTCGCCCGCCTCCTCCGCCCCGGGGGGCTTCTCGTCTACGGCCACGGCCCCTTCCTGGGCAAAAGCCCCGAGGGGGTGGAGGAGGGCCTTAGGCGCTTGGGGTTTGACCGGGTGGAGCGGGTGGGGGAGGGGGAGTACTTCCTCGTCCTCGCCCGGAAGCCCGAGGCCCTGGCGGCGGTGCGGCTGGAGGAGAGGGAGGCCCCGCCCCCGGAGGAGGCGGAGGAGGTGGCCGTGGCCTTGGAGGAGGCCCGGGCCCTCCTGGAGGCGGGCCGCTACGCCGAGGCCCTCGCGCTCCTGCCGGAGGAGGCGGAAGGGGAGGCGGCCTACCTCCGGGGCCGGGCCCTCTTCGCCCTCTCCCGCCACGCCGAGGCGGAGGAGGCTCTTAGGCGGGCCCTTTCCGAGGAGGCGGAGGACCTCAGGGCCTTGGCTTTGGTGGAGCTCGGGGAGTACGAGCGGGCGAGGGGGCGCCTCGAGGCCCTGGCGGTGCGGGGCGGGCGGTACCGCCTGGCCCTGGGCCGGGTCTACCTCGCCCAGGGGCGGTACGCCGATGCCCTGCGGCAGTTCGTGGAGTCGGGCCTTCCCGAGGCCGACCTTTACACCCGGGAGACCCTGGAGCGCATCACCGAGAGGATGCGCCGCTTCGCCCGGGAGGGGGAGTGGGCGGAGGTGAGCCGCCGGGCGGAGTTCGTGGAGGACCTTTCCCCGGGGCTTCTCACCCGGGAGATGCTCCGCCTGGGCCTCAAGGCCGCCCTGATCCAGGGGCTTTTCGCCCGGGCGGAGCGGTACGCCCGGAGGCTTGCCGACCTGGACGAGGCTGAGGGGTTCTTAGGGCTCGCCCTCGCCGCCTTGCGGGTGAAAAGCCCCCTGGAGCTCCGCGGGGGGGAGGACCTGAAGGCGGTGGAGCCCTACCTCACCGAGGCCCTGAGCCGGGCGGAGATCCCCGAGGCCCTCCTCCTCCTCGGGGTCCTGCGGGAGAGGGAAGGGCGGTTCCGGGAGGCCCTTTACCTTTTGGAGCGGGCCGCCATCCGGGGAGAAGGGGAGGTGGCGGGGATGGCCTACCACCACCTGGCCCAGGTGAAGCGGGCCTTGCGGCGGCCCCTCAAGGAGGTCCTCGGGGACCACAAGCGGGCCCACGCCCTAAGGGCCTACCCCGCCCCCTACCTCTTCCGCCTGGCCCAGGAGGCCTTGGAGGGGGGGGAGGAGGTGCTGGCCCGGGAGCTCCTTTCCCGGGCTCGGGATGCGGGGCTGGAAGCGGTGGCCGAGGAGGACCTCACGGGTCTCATCCACCTCCTGGAGCGGCTGGAGGGGCCGTGGGCCGCCTTCAGCGTCCTCTACCAGGCCCTAAGCCACACGCCCCAGCCGCCCCTGGAGCTCCTCGCCTTGGCCTACCGGCTCTCCCGGGCCTTCCGGGAAAGCCCCGAGGCCGGGACGGCGCGGGGCCAGTACCTGGCCGCCCTTTACGCCGCGGGGCGCGCCGAGGAGGTGGGCCGCCTCCTGGAGGAGGAGCTCAAGGCCCATCCCCAGGCCCTGGAGGTCCTCTTTGACCTGGCGGAGCATCACGAGGCCCAGGGGGACTGGCGCCGGGCGGCGGAGTTCTGGCAGAAGGCCCTGGAGGTGGCCCTTTACCGGGAGAAGGACCTGGCCTTGGCCCGGGAGATCCTCAGGAACCTCCTCTTCCTCCGGCCGCACGACGAGAGCCTGGCCCTCTACCTGGAGGAGCTAAAGGCGGTGGGCGAGGGGCTGAAGGCCTTGGGGGAGGAGGCGCCCCACCTGCCCGAGGCGCCCCGGGACCTTCTGGAGGAGGACCTGCCCCGCTTCCACGGGGAGCACCTTGTGGTGGTGGGAGGGCACACCCAGCTCAGGAGCCGCCTCGTGCCCTTCCTGGAGGGGCGGGGCCTTAGGGTGGACTGGTATGACGCGGACACCGTGGGGGTAGGGAAGGAGGCCCTAAGGCGCATCCTAAACCGCCTGGAGAAGGCCCACGGCCTCATGATCGTTTCCAGCTACGTGGGGCACGACCTCTCCGAGCCCGTGCGCCTCGAGGCGGAGCGGCTTGGGGTGCCCGTCCACGTCATCCCCGGCCGGGCCCGGGGGACCACGGGGTTTCTCCGGGCCCTAAAGCAGTTTGCCCCGGAGGTCCTCAAACGGGCCCTGAAAGGGGTAGAGTAGGGGGGTATGGAGGCGCTCAGGCTCGGCTTCTCCCCCTGCCCCAACGACACCTTCATCTTCTACGCCCTGGTCCACGGCCGGGTGGAAAGCCCCGTTCCCTTGGAGCCCGTCCTGGAGGACGTGGAGACCCTGAACCGCTGGGCCCTGGAGGGAAGGCTTCCCCTCACCAAGCTCTCCTACGCCGCCTACGCTCAGGTGCGGGACCGGTACGTGGCCCTAAGGAGCGGGGGGGCCTTGGGCCGGGGCGTGGGGCCCCTCGTGGTGGCCCGAGGCCCCCTCCCGGGCCTGGAGGGCCTGAGGGTGGCGGTCCCGGGGCGGCACACCACCGCCTACTTCCTCCTCTCCCTCTACGCCCAGGGCTTCGTCCCCGTGGAGGTGCGCTACGACCGCATCCTCCCCATGGTGGCCCGGGGAGAGGTGGAGGCGGGGCTCATCATCCACGAAAGCCGCTTCACCTACCCCCGCTACGGCCTCGTCCAGGTGGTGGACCTGGGGGCCTGGTGGGAGGAGCGGACGGGCCTCCCCCTGCCCTTGGGGGCCATCCTCGCCCGGCGCGACCTGGGGGAGGGGCTTATCCGGGCTTTGGACGAGGCGGTGCGGCGAAGCGTGGCCTACGCCCTCGCCCACCCCGAGGAGGCTTTGGACTACATGCGGGCCCACGCCCAGGAGCTTTCCGATGAGGTGATCTGGGCCCACGTCCACACCTACGTCAACGCCTTTAGCCTGGACGTGGGGGAGGAGGGGGAGCGGGCCGTGGCCCATCTCTTCGCCGAGGCCGAG
NZ_AP031330.1_gap8	604049	606864	2815	GGTGAGCATGCTCTTGGCCTTCACCGCCCGCTTCACCCCGTGCCGGGCCACCACCTCCCGGAGGACCCGGTGGGCGTCCTCCGGGGTCTCGGCCCAGTGCACCTGGACGCCGTTTTCCCGAAGGCGCCTTTCCGCGAGCTCCAGGTAGTGGTCCAGGTGGGTGAGGACGTGGTCCTTCACCGCCTTGGCCCTTTCCCGCCACGCCTCAATGGGGACCTCGGCGTAGGCCTTGAGGCGGTTCCTTTCAAAGTGGAGGGTGGCCCCGGTGACCGCCTCCCGCACCCCGGGTTTTTCCCGGATGAGCCTTGCCGCCTCCTTGGGGTAGAGCTTCGCCTTAGCCCGCATACGCCTCCCAGAGCAGGGTGGCGAGGGGGGCCACCCTGAGGTTCTCGCCCCTTTTGCCTAGGCGCCCCGAGAGGTGGAGAAGGCAGCCCGCGTCCGTGGAGGTGAGGACCTCGGCCTTGGGCAAGGTGGCGAGCTTCCGGTCCGCCATGGCCAAGGAGACCTCGGGGAGCTTCACCGAGAAAAGCCCCCCGAAGCCGCAGCACTCCTCCCAGGCCTCCCAGGGGAGGACCTCGGCCCCGGCGTTTTGCAGGAGGAGAAGGGGCTCCTCCCGCACCCCGAGTTCCCTTAGGGCGTGGCAGCCGTGGTGGTAGGCCACCCTCCTCCCTTTAAGCCCCTCCCCGAGCTTCTCCACCCCGAGGACCCGCACCAGAAACTGGGAGAGCTCGTAGGTCTTCTCCGCCATCGCCAAAGCCTCCCGGTTTCCGGGAAGGAGTTCGGGGTAGTGGTTCTTCACCATGCTGGTGCAGCTTCCCGAGGGCAGGACCACGTACTCCGCCTCCTCAAAGACCTCCAGGGTCCTTTTGGCGAGGGGCCTCGCCTCGTCCCAGTACCCGGCGTTGAAGGCGGGCTGGCCGCAGCAGGTCTGGCCCTGGGGGAAGTCCACCTCCACCCCCAGGGCCCTTAGGAGCTTCACCGCCGCCACCCCGGCCTCGGCGTAGAACTGGTCCGCCAGGCAGGTGATGAAGAGGGCCACGCGCATTTGCGATCAGCATACCCCAGGCCGCCTGCTACCATGGAGGTTAGCGAACAGAGGGGGCTTTCCCCCGAAAGCGCAAGCGGGGTGAGCATGGGAGAACGCCTAGACATTCAGACCCTGGAGACCTGGCTTTGGGACGCCGCCTGCGCCCTGCGCGGCCCCGTGGACGCGCCCAAGTACAAGGACTACATCCTGCCCCTCATCTTCCTCAAGCGGCTTTCCGACGTGTTTGAGGACGAGCTGGCCCGGCTTGCCGAGGAGTACGGAAGCCCGGCCGCCGCCGAGTCCATCGTGGAGCAGGAGCGGCAGGAAGGGGTCATCCGGCAGGGGAAGGGGGTGGTGCGCTTTTACATCCCTCCGGAGGCCCGCTGGCCTGCCATCCGCCAGCAGACCAGGGGTCTAGGTCAGTACCTGACGGACGCGGTGCGGGCGGTGGCCCGGGAAAACCCTTCCCTCCAGGGCGTGATTGACATGGTGGACTTCAACGCCACCGCCGCCGGGCAGCGCATCGTGCCCGACGAGTACCTGGCCAGGCTGGTGGACGTTCTTTCGCGCCATCGGCTGGGGCTGGAGGACGTGGAGCCCGACATCCTCGGCCGCGCCTACGAATACCTGCTGCGCAAGTTCGCCGAGGGGCAGGGGCAGAGCGCGGGCGAGTTCTACACCCCCCGCGAGGTGGCGGTGCTGATGGCGCGCCTTCTGGAGCCCGAACCCGGCATGACGGTCTACGATCCTGCCTGCGGCTCCGGGGGGCTCCTCATCAAGTGCCACCTGCGCCTTCTGGAAACCCACGGGGTGCGGGAAAACGGCCACCTGCGCCTGCCTCCCCAGTACGCCCCCTTGCGGCTTTTCGGCCAGGAGATCAACCCCGCCACCTTCGCCATGGCGCGCATGAACGCGGTCATCCACGACATGGAGGCCGACATCCGCCTGGGCGACACCATGCGCAACCCCGCCTTCCGCGACGCCGCCGGGCGGCTTATGCGCTTTGACCTGGTGACCGCCAACCCCATGTGGAACCAGAACTTCCCCACCGAGGTTTACGAGAACGACCCCTACGAGCGCTTCCGCCTGGGCATCCCGCCCTCCTCCTCGGCCGACTGGGGTTGGCTCCAGCACATGCTGGCCTCCCTGAACGACACCGGCCGCATGGCGGTGGTGCTGGACACGGGCGCGGTGAGCCGCGGGAGCGGCACGCAGGGCAGCAACCGCGAGCGGGACATTCGCAAGGCGTTTGTGGAGGCGGACCTGATTGAGGCGGTGGTGCTTCTTCCGGAAAACCTCTTCTACAACACCACCGCGCCGGGCATCATCCTGGTGGTCAACCGCCGCAAGCGCCATCCCGGTGAAATCTTGCTCATCAACGCCTCCAAACTCTTCGCCAAAGGACGCCCCAAGAACTACTTGACCGAGGAGCACGTGGAGACCATCGCCCGCCTCTACCGCGAGTGGCGGGCCGAGGAGGGGCTTTCGGCGGTCATCACCGCCGAGGAGGCCGCCCGCAACGACTACAACCTTTCCCCAAGCCGCTACGTGGCCGGCAACCACCAGGAGGAGGTGCTCCCGCTGGAAGATGCGGTGGTGTTGCTGCGCGAAGCCGAAGAAGAACGCGTCCAAGCGGACCGCGCCTTGCGCGAGGTATTGCGCGCGCTGGGCGTGGACGGGGAGGAGGTGACGCCATGACGCCCACACTCCCGACTACCACAACAATCAACCTGCCCGACGGCTACCGCCTCACCGAACTTGGTCCCCTGCCCGAGGCGTGGCGGGTGG
NZ_AP031330.1_gap9	620766	625657	4891	TGTCCAAAAGCATCTCCGCCCCGATGGGGGAAAGCCTGGCCTCGGTGTAGCGCTGTGCCGCCGGGGGGTCGCCGTCTATGGAGCCGAAGTTCCCCTGGCCGTCAATGAGGGGGTAGCGGAGGTTCCAGGGCTGGGCCATGCGCACCAGGGCGTCGTAGATGGCGGCGTCCCCGTGGGGGTGGTACTTGCCCATGACCTCGCCCACGATCTTGGCGCTCTTCACGTGCTTGCGCCCCGGCAGGACCCCTTCCTGGTAGGCGCCGAAGAGGATCCGCCTCTGGACCGGCTTGAGCCCGTCCCGCACGTCGGGCAGGGCCCGGTCCACGATGACGGACATGGCGTAGTTGATGAAGCTCTGCTTGAGTTCCTCGGTGATTTCTACAGGCAGTACCTGGGCCATAGCGCTCCTAGAAGGCGTTTAGACGCCACCTTCCATTATAGCACCGGGGGGCTTTGCGAATAAACGGGAAGAAATTCAGAAACCTTTGCCCCCTACCTCCAGGGTTTCCGCCAGGTAGACCAGGGCGAGCTTGTAGGAGAGGGGCCCGAAGCCGGAGACGATCCCCCGGCAGGCCGGAGCGGTCACGGAGTGGCGGCGGAACTCCTCCCGGGCGTGGAGGTTGGTGAGGTGGACCTCCACCACGGGGAGGGGTTGGGCACGGATGGCGTCCAGGAGGGCGTAGGAATAGTGGGTGAGCGCCCCGGGGTTGAGGACGATGGCCAAGAACCCCTCCTGGTGGGCCTGCTGCACCCACTCAATGAGCTGGCCTTCGTAGTTCGTCTGCCGGAAGACCACCCCGAGGCCGAGCTCCGCCCCCCAGGCCTCGCAGAGGGCCTCGAGCTCCTCCAGGGTGGTGCGCCCGTAGACCTCGGGTTCCCGCCTGCCCAGAAGGTTCAGGTTGGGGCCGTTCAGGATGAGGACCATAGGGGCTCCTTTGCTTTTAAGGATACCCCGGGCTGGCTAAAGGCGGAGGAGGGAAAGGACCTCCACGTGGTGGGTGAAGGGGAAGAAGTCGTAGGGCCGGGCAAAGGCCAGCCGATACCCTTCCCGGACAAACTCCCCCACGTCCCGCGCCCAGGTGGCCGGGTCGCAGGACACGTAGAGGATCTCCCGTGGCCGGGCCTTAAGGAGGTAGGCCCGCACCTCGGGGGGAAGGCCCGCGCGGGGTGGGTCCACCACCACGAGGTCAAAGGCGCCCAGGGCCTCGGCCTTGCGGGCGTCCATGCGGAGGAAGCGGACGTTCTCCGCCCCGAGGCGTTTCCGGTCCATCTCCCCCCGGCGCACCGCCTCCTTGCTGATCTCCACCGCCACCACCTCCTCGTAGCGGGGGGAGAGGAGGAGGGAGAAGAGCCCCGATCCGGCGTAAAGCTCCAGGGCCCGCCTTCCCCCCGAGACCAGCGTCCGGGCCTCCTCCAAGAGGGCCCCCGCCGCCAGGGGGTTCACCTGGCTGAAGCTTTCCACGCTCACCGTGGCCTTGAGCGGGCCGAAGGCCTCAAGAAGGGTGCGCTCCCCGGCGAGGGGCGTAACCCGGCCCCGGAAGCGGCCCTTGGGGGAGGGCTCGGCCCAGACCACCCCGGCGAAGCCCTCCTGCAAAAGGGCCTTGGCGGGCCGCTTGAGGGCTTCCGGGCTTCCCCCAACGAGGCCGAGGAGGACCTTGCCCTCGAGGAGGCTTCCCCTAAGGGCCACCTCCTCCACGGGGAGGGGCCAGAGCTTGAGGACGTCAAAGGCCCAGGCCAAGGGCTCGGCGAGGAGGGGGTCCTTCTCCAGGCGGTGGAGCTCGTGGCTTTCCGGCAGGCGGTAGGCGAGCCCTCCCAGGGGGTGGCGGGCGTACTGGGCGGCGGTGCGGTAGGCGAGGGGCCTGGGGGAGGGGCGGATGGGGGCCAAGGGGGCCTCCAGCTTGGCGACCCGCTCCAGGGCGTCCCTCACCAGGGCCTCCTTCAGGGGGAGCTGGGCCTCGTAGGCCAGAGGGAGGTCGGCGGAAGGGGGAAGGGGCTCGGGGTAGCGGGCAGGGTGGGGCTCTAGGATCTCGGGGGCCTCCAGGAAGAGGGCGCCCTTTTTCCGCTTGGGCTCCCCCCGCACCAGCTCCCCGGGGAGGGCCCCCTTGACCAGGACCACCCCCCTTTCGGTGCGGCCCAGGCCGTACCCCCCGGGCACCAGTTTCTCCACGCGAAAGGTCAGCACGCCTCTACCCTAGCCCCTTTGGCGCTATGATGGAAGGGTGATCCGGGTTCTTCTGGCGGACGACCACGCCCTTTTCCGCCAGGGGCTGAAAAGCCTTCTGGAGGCTGAGGGGGACTTCCGGGTGGTGGGGGAGGCCAAGGACGGATGGGAGGCCATGCGCCACGCCCTGGAGACCAAGCCCGACGTGATCCTCATGGACATCCAGATGCCGGGCCTGGACGGGGTGCAGGCCACCCAGGCCATCCTCAAGGAGTGGCCTCAGGCCAAGGTCATCATGCTCACCATGTACCGCCAGGACGCCTACGTCTTTGAGGCGGTGAAGGCGGGGGCCCGGGGCTACCTCCTCAAGGACGTGGACGCGAGGGAGCTGGTGGACGCCATCCGCCGCGTCCACGCAGGGGAGGTGCTTCTGGACGCGGAGCTTGCCGGGCACATCATCCAGGACTTCCGCGCCAAGAAGGAGGCCAGCCAGCCCCTCCACGCCGAGCTTTCCGAGCGCGAGGTCCAGATCCTGAGGCTGGTGGCCCAGGGGTACACCAACCAGGAGATCGCCGCCGAGCTCCAGCTTTCCGAGAAGACGGTGCGCAACCGCCTTTCGGAGATTTTCCAGAAGCTTCACCTCAACAACCGGACCCAGGCGGCCCTTTACGCCATCCGGGAGGGGTTGGCGAGGCCCGAAGAGTGAGGGTGGAGGACCCGCGGCGCTACCTCCTGGAGCTCGCCCCCCTCGCGGGGGAGGAGGCGAGGGGGGAGTACGTGGCCTCGAGGCTCCCCGGGGCCCGGAGGGACGGCCTCGGCAACGTCTGGGCCGGGGAGGGGAAGGTCCTTCTCCTGGCCCACCTGGACACCGTCCTCTCCCCAAAGCCCCCGAGGCGGGTGGGCGAGCGGCTCTATGCCCCTGGGGTGGGGGACAACACGAGCGGGGTGGCCGTCCTCCTCTCCCTCCCCGAGCTTCCCGGGGTGGTGCGGGGCTTCACCGTGGGGGAGGAGGGCCTCGGCAACCTCAAGGGGGCGCGGGCTTTGGTGGAGGCCCTCTCCCCTGAGGTGGTGGTGGCCGTGGACGGGTACCTGCCCGGGGTGGTGGACCGGGCCCTGGGCTCCGTGCGCCTTAGGGTCCGGCTCCAGGGGCCCGGGGGTCACGCCTGGGGGGACAGGCGGCTTCCCCACCCCGTGTTTGCCCTGGCGGAGGGGCTTTGCCGCGTTCGCGCCCTGGTGGAGGGGCGGGAGGACGCGAGCGTCAACGCAAGCGGCCTCGAGGGTGGCCAGGCAGTGAACGCAATCCCCCAGGAGGCGGCCTGCCTCTTGGAGGTCCGGGCCTTGGAGGAGGCGGCCTTGGCCGCCCTGCTCCAAGGGGTGGAGGCGGCCTTCGCCGAGGCCGCACGGGCCCACCGGGTCGGGCTCGCCCTCGAGGTCTTGGGCAGGCGGCCTGCGGGCCGGACCGCCACGCCCCGCCTCCTTCAGGCGGCGGAAAGGGCTTTGGCGGAGGTGGGGGAAAGGCCCCAGTGGCTTCCCGGTTCCACCGACGCCAGCGCCGCCGTTGAGCGGGGCATCCCCGCCTTGGGCTTCGGGGTGTACCGGGGTGGGGGGGCCCACACTCCGGAGGAGTGGGTCCTGCCGAATAGCCTCCTGGAGGGCCAGCGGGCCCTCCTCGCCCTCCTCCGCGGGCTTGGCGTAGGATAAGGCGGTATGCGCGTCGGCTTGGTCCACGGCTTCCTCTCCCGCCGCTACCTGGACTTCTGGCGGGCCTACCTCGAGGCCCTGGGCGTGGAGGTGGTGGAGGCCGCGCCTCCTCCCTCCGACCTCCCCTTCTGCCTTCCCGTGCAGCGCCTCCTCGCCCAGGTGGAGGCCCTGAAGGAAGCGGGGGTGGACTACCTTCTCCTTCCCGACCTGCAGGGCGGGGTTGAGTCGGAGCGGGGCGGAGGGCAGTGCCCCTGGCTTTTGGACCTGGAGGCCACCCTCCTCCGCTACTTCCCCGGCCTGCCCCCGGTGCTCAAGGTTCCGGCGGAGCTCTCCGAGCGGGTTTTGGGCCGGGCAGGGGAGGTGGGCCAGCTCCTCGTCCGCAACCCCATGCTCGTGGGCCGGGCCTTGGACCGTACCCGGAGGCTCCTCAAGCCCCCCTCGCCCCTTCCCACGCCCCAGGGGAGCGTGGGGGTCGTGGCCCAGCCCTACCTCCTGGAGGAGCCCGCCTTCCGCCGGGAGGTGGAGGCGGCCCTGAGGGCCCACGGCCTCGAGGCCTACTTCCCCGACCTCCCCCCCGAGCGGCTTCGGGAGGAGGCGGACCGGCTTCTCCCCGTGGACCTGCCCACGGACCGGGAGCTCGTGGGGGCGATCCACTACCTGGGGCGGCTCGGCCGGGTCAAGGGCCTCGCCCTGGTGGTCTCCTACGCCTGCCCCCCCATCCCGGGCCTCATGCGCAAGGCGGCCCGGCGCCTGGGCAAGCCCTACCGCCTCCTCACCCTGGGGGAGGACTGGCAGGAGCCCCTCGCCGCCCTCAAGGCGGAGATGGAAAAGGGCGACCAGGGGGGCTAGCGCCCCCCCGGCGGAAGGGCCGCTTACTTCTTGACCTTCTCCTTCAGGGCCTTGCCGGGCTTGAAGGCGGGATACTGGGTGGCGGGGATCTTGATCTTCTCCTTAGTGCCCGGCTTCACCCCGGTGCGGGCCTTGCGCTTGCGCACCTCAAAGGTGCCGAAGCCCGTGAGCTGGACCTTG
NZ_AP031330.1_gap10	630574	632522	1948	GTGGCCTCCCTGAAGGGGCCGCGCCACGGCGGGGCCAACGAGGCCGTGATGCGTATGATCCAGGAGATCGGCACCCCTGAGCGGGCCCGGGAGTGGGTGCGGGAGAAGCTGGCCAAGAAGGAGCGCATCATGGGCATGGGCCACCGGGTCTACAAGGCCTTTGACCCCAGGGCCGGGGTCCTGGAAAAGCTCGCCCGGTTGGTGGCGGAGAAGCACGGCCACTCCAAGGAGTACCAGATCCTGAAGATCGTGGAGGAGGAGGCGGGGAAGGTCCTGAACCCCAGGGGCATCTACCCCAACGTGGACTTCTACTCCGGGGTGGTCTACTCCGACCTGGGCTTCAGCCTGGAGTTCTTCACCCCCATCTTCGCCGTGGCCCGGATCTCGGGCTGGGTGGGGCACATCCTGGAGTACCAGGAGCTGGACAACCGCCTCCTCCGCCCCGGGGCCAAGTACGTGGGGGAGCTGGACGTGCCCTACGTCCCCCTCGAGGCCCGGGAGTAGCCGCCTGCAGTCTTGGGAAAGGGGCCGCCTCCTGCGGCCCCTTCTTGTACACTAGAGGGCATGACCGGTCGGTCAGCGGCACCCCTTCTCCGCCGCCTCTGGCCCTACGTGGGCCGGTACCGCTGGAGGTACCTGTGGGCGGTGCTCGCGGGCCTCGCCTCCATCTTTTTCTTCGTCCTCACCCCCTACTTCCTCCGCCTGGCCGTGGACGCGGTCCAGGCGGGGAGGGGCTTTGGGGTCTATGCCCTCGCCATCGTGGCCTCCGCCGCCCTTTCCGGCCTTCTTTCCTACGTGATGCGGCGGCTCGCCGTGGTGGCGAGCCGCCAGGTGGAGTACGACCTGAGGCGGGACCTCTTTCACCACCTCCTCACCTTGGACCGGGACTTCTACCACAAGCACCGGGTGGGGGACCTGATGAACCGCCTGAACACCGACCTCTCCGCCGTGAGGGAGATGGTGGGCCCGGGGATCCTCATGGGAAGCCGCCTCTCCTTTTTGGTCCTCCTCGCCTTTCTCTCCATGTACGCCGTGAACGCCCGCCTCGCCTTCTACCTCACCCTCATCCTCCCCGGCATCTTCCTCGCCATGCGCTTCCTCCTGCGGCTCATTGACCGTCGCTACCGGGAGGCCCAGGAGGTCTTTGACCGGATCAGCACCCTGGCCCAGGAGGCCTTCAGCGGCATCCGGGTGGTCAAGGGGTACGCCCTGGAGCGGCGGATGGTGGCCTGGTTCCAGGACCTGAACCGCCTCTACGTGGAGAAGAGCCTGGCCCTGGCCCGGGTGGAGGGCCCCCTCCACGCCCTCCTCGGCTTCTTGATGGGCTTCGCCTTCCTCACCGTTCTCTGGGCCGGGGGCGCCATGGTGGTCCGGGGGGAGTTGAGCGTGGGGGAGCTCGTCCAGTTCAACGCCTACCTGGCCCAGCTCACCTGGCCCATCCTGGGCCTCGGCTGGGTCATGGCCCTGTACCAGCGGGGGCTCACGAGCCTAAGGCGCCTCTTTGAGCTTCTGGACGAGAAGCCCGCCATCCGGGACGAGGACCCCCTGCCCCTCGCCCTCGAGGACCTCTCCGGGGAGGTGCGCTTTGAAGGGGTGGGGCTCAAGCGGGACGGGCGCTGGCTCCTTAGGGGCCTCACCCTCACGATCCCCGAAGGGATGACCCTGGGCATCACCGGGCGCACGGGCTCGGGCAAGAGCCTCCTCGCCGCCCTCGTCCCCAGGCTTTTGGACCCGAGCGAGGGCCGGGTCTACGTGGGCGGGCACGAGGCGAAGCGCATACCCTTGGCCGTCCTCCGCAAGGCCGTGGGGGTCGCTCCCCAGGAGCCCTTCCTCTTCAGCGAGACGATATTGGAGAACATCGCCTTTGGCCTGGACGAGGTGGACCGCGAGCGGGTGGAGTGGGCGGCCCGGCTTGCCGGGATCCACGAGGAGATCCTCGCCTTTCCCA
NZ_AP031330.1_gap11	635336	638999	3663	CGCCCTTCCCGCCCCGCCCGGCCTCAGGGGGGCCTACCAGGAGGAAAACGCCCGCCTGGCCGCCGCCGCCCTGAGGCTTTTGGGCCTTCCCGAGGCGGCCATTGCCCGGGGGCTTCGGGAGGCGCGGCACCCGGGGCGCATGGAGCGCTTCCTCCTTAAGGGGGTGGAGGTCTATTTGGACGGGGCCCACAACCCCCCGGCGGCGGAGGCCCTGGCCCGGGAGTTTCCCGCCTACCACCTGGTCTTTGGCGCCTTCCCCCGGAAGGACGTGAAGGGTGTCCTCGCCCACCTCCTCCCCAAGACGCGAAGCGTCCGCTACGCCCGGGCGGGGGAAGGGGCCTTGGGCGGGGAGCTTGGGACCCCCTTCTTTGAGGACCCTTGGGAGGCCCTGGAGGACGCCTTAGCGGGGGCGAGGAAGGACGGGCTTCCGGTTTTGGCCACGGGCTCCCTGTACCTGGTGGGGAGGCTCAGGGAGCGTTTAGTCGCGGGCCTCGGCGAGGACCTTCCCTGAGGTGTCGGCGAAGACCACGCGGCGCACCTTCTGCAGCTCTAAAACCACGTAGGGGCTGGTGAGGGCCTGGGTGGTGATGGCCCCGGGCTTGGGCGCGCTGAGGCTCAGGACCACCCGGGCCGTCTCCCCGGCGTAGGTGACCCCCACGACCTTGAGGCCGTACCCCCCCGTGGGCTTCAGGCCCCAGAAGAAGGCGGCCACGCTCCGGTTGCGGAAGTCCACCGCGGGGGCGGCGGGGCGGGGGAGCTGGTTGCCCACCGCCAGGGCCCAGAGGCGGTTGAAGCTCGTGGGGTCGTTGGCGAGGAGGGCGAGGGGGGCCTCCTCCTGGTAGGCCGCCTGGGTGCCTTGGCCGAGGACTCGGAAGATGGGGGCCGGGGGCATGACCAGCTCCAGCTTAAGCCCGTACTGAACCTGGAGGCGGGCGATGCGGTAGGCGTCGGGGGCGGGGCTTAAGCGGAGAGGGGGCAGGGGGGGTTCCCGGAGCTCAAAGACCACCACGGGCTTCCCCCCCCTCCGGGCCAGGACCTCGCGCAGGACCACGGCGGACTCCTCCTCCGTGAGGGGGAAAAGCCTCGGGGTCTGGTAGTTCGCCGGCTGCACCAGGGTCCGCTCCTCCCCCTCCCTCAGGCTTCCCGTGAGCCGCACCCAGCCCACCCCGTCGTAAAGCCAGGTGGCGAGGAGGGGGGCTTGGGCGCGCACCTGGAGGAGGCTCCCCGAGACCCCGCGGACCGCCTCGGCCACCGGGGACCTCGAGGGGTAGGTGGCCCGCAACACCGGGCTTCCCTCCACCCAAAGCGCCCCGGGGAAGGCCCAGAGGTTCTCCCCCTGGGGGGCCTCGAGGCGGAGGGGACGCCCGTCCAGCTCCACCACCCGGGGCTCGCCGTAGAAGTAGGTCCAGCGCTCCGTGGCCTCGGGGAAGAGGAACTGCACCTCGGTCACCCGGTAGCCCGAGCCTTCCAGCACCTGGCAGGCGGAAAGAAGGAGGAGGAGCGCCGCGAGAAGACCTTTCCTCATGGCCCCATGATACCCCTTCGCCCCTCGCCTTCCGTTGAGATTCCCTTTAGCGGCTCCTGGGGTCCAGGGCGTCCCGGAGGCCGTCTCCCAGGAGGTTGAAGGCGAGGACGGTGAGCATGATGAAAAGCCCCGGGAAGATCATGGTCCAGGGGGCGTTCATGGCGTAGCCCCCCTTGAAGCTGTCGGCGATCATCGCGCCCCACTCCGGGGCGGGGGGCTGGGCGCCGAGGCCCAGGAAGCCTAAGGCGGCGGCCTCGAGGGTGGCCGTCCCGATGGACAGGGTGGCCTGGACCACGAGGGGAGGCAGGGTGCCCGGGAGGATGTGCTTGAAGAGGATCCGGCCGTTCCCCGCCCCCAGGGCGACGGCCGCTTGGACGAAGTCCTGCTCCCTCAAGGAGAGGACCATGGAGCGGGCGAGGCGGATGTAGACGGGGATCTGCACCACGCCGATGGCGATCATGGCGTTTTGCAGGCTCGGCCCGGCCACGGCCACGATGGCGATGGCGAGGAGGGTGCCGGGGAAGGCGAGGAGGAGGTCGGCGAGCCAGCCGATGGCCACCTCCGTCCGCCCCCGGAAGAAGCCGGCGATAAGGCCCAAGAGGGTGCCTGCCACGAGGCCGATCCCCACGGAGAGGACCCCCACCTGGAGGGAGATGCGGCTTCCGTGGAGGACCCGGGTGAAGATGTCCCGTCCCAGGTGGTCCGTGCCGAAGGGGTGCTCCAGGGAGGGGGGCTTGAGGCGGTTGAGGTAGTCGCGGTCCGTGGTGGGGTCGTAGGGCTTGAGCACCGGGATGAAGAGGGCGAGGAGGACCAGGGCCAGGGTGAGGGCCAGGCCCACCTTGCCCGAGGGCGACTTGAGGAACCGCTTGAGGGCTTGACGGGTAGGGCTTTCCATGGCTCACCTGTACTGGATGCGGGGGTCCAGAAGGGCGTAGGACAGGTCCACGATCAGGTTGATAAGGACGAAGCTCGTGGCCACCACCAGCACCCCGGCCTGGACCACGGGGTAGTCCCGGTTCAGGATCCCCTCGTAGATGTAAGAGCCGATGCCGGGCCAGGAGAAGATGGTCTCGGTGAGGATGGCCCCGCCGAGGAGGGTGCCGAACTGGAGGCCCACGATGGTCACCACGGGAAGCAGGGCGTTCCTAAGGGCGTGCTTCAGGATCACCTGCCGTTCCGCCAGGCCCTTGGCCCGGGCGGTGCGCACGTAGTCCTGGGAGAGGACCTCCAGCATGGCGCTCCGGGTGATGCGGGTGATGATGGCCAGGGGGATGGTGCCCAGGGTAATGGCGGGGAGGACGAGGTGCCGCAGGGCGTCCCAGGTCACGTGGGGCTTCCCCGCGAGGAGGCCGTCCAGAAGGAGGAAGCCCGTGAGGGGCTGGAAGTCTATGGAGAGGTCGGTGGAGAGCCGGCCCCCCGTGGGCAGCCAGTGGAGGTTCACGGCGAAGAGGTAAACGAGGAGGAGCCCCAGCCAGAAGACGGGCATGGACACCCCCACCAGGGAGAAGGACATGGAGAGGGTGTCCCACAGGGTGTTCCGCCGCACGGCGGCGAGGATGCCGATGGGGATCCCCAGGAGGACGGCGAGGGCGGTGGCGGCCAGGGCCAGCTCAAAGGTGGCGGGCCAGCGCCGCTTCAGCTCCTCGGCCACGGGGATGGTGGAGACGGCGCTCGTGCCCAGGTCGCCCCGGAGGACGTTGCCCAGGAAGGTGAGGTACTGGACGTAAAGGGGCTTGTTGAGGCCCAGCTTTTCCCGGAGCTTGGCGATCTCCTCCGCCGAGGCCCGCTCGCCGAGGAGGGCCTCGGCGGGGTCCCCGGGGATGAGCTGGAGAAAGAGGAAAACCAAAAGGGTGATCCCCAGCAGGACGGGGATGAGGCCCAAAAGCCGTTTTAGAAAATAGGCTCCCATCTTTTCGCTCAAGAAACCCGGGACCCCCTTAAGGGGGGCCCCGGGAGGTCGGGGATTACCGCTTGTCCACGGCCTCAAAGGACTCGGAGCCCAGGGGGCTCGGGGTCCAGCCCGTGACGTTCTTCCGCTTGGCCAGGAGGGGCTGGGAGTGGACGATGGGCACCCGCAGGGCCAGGTCAAAGGTGAGCTCGTCCACCCGTTGGTAGATGGCCTCCCGCTCCTTGCCCGG
NZ_AP031330.1_gap12	694852	695703	851	GCCCCAGGAAGGTCCCCCCGGGCGTAGAGGGTGCGGGCCTCGTCCAGGGGGGCGGCCAGGGCGAGGCTCCCCAGGAGGAGGAGGGCGAGGGCCCTCATCCTTGGGCGGCCTCCTGGATCGCCCGGACGGCCTCCGGGTTCTCCAAGGCGGAGAGGTCCCCGGGGTCCTGGCCCAGGAAGGCGGCCCGCACCACCCGGCGCATCACCTTGGCGTTCCGCGTCTTGGGGAGGTCGGGGACGAAGAGGACCCGCTCCGGCCTAAGGGGCTTCCCCAAGGCCTCGGCCACCCGCTCCGCCACCTCCTCGGCCAGGGCCTCCGAGGGGGCGAAGCCCGGCTTCAGCACGGCGAAGAGGACGATGGCCTCCCCCTTCACCGGGTGGGGCACGCCGATGGCGGCGCACTCCCGCAGGGCGGGATGGGCCATGGCCGCCGTCTCCACCTCGGCGGGGCCCACCCGCTTTCCCGCCACCTTCAGGGTGTCGTCGGAGCGGCCGAGGAGGAAGAAGTGCCCCTCCTCGTCCAGGAGGGCGAAGTCCCCGTGGACCCAGACCCCGGGCACCTTCTGGAAGTAGGTCTCCAGGTACCGGGCCTCGTCCCGCCAGAAGCCCTTGGTCATCCCGGGCCAGGGGGCGAGGACGGCGAGCTCCCCCACCTTGCCCACCACGGGCCTCCCCTCCTCGTCCAAGACGGCGGCCTTCATGCCGGGCACGGCGGTGTTGAACCCCATGGGCTTGATGGGCCTCACCAGGACGTTCCCCAGGATGCCCCCCGAGACCTCGGTGCCTCCCGAGTAGTTCACGATGGGAAGCCGCTCCTTGCCCACCACCCGGAAGAACCAAAGGTAGGGCTCG
NZ_AP031330.1_gap13	698722	701018	2296	CGCCTCGGGGAGGTTGAGGAGCCTGGGGAGCTCCCGGAACCTGGGCGTGGCCGAGGCCAGCCCTACCCGCACCACCAAGACGTCCTCGTCCTCGGCCCGGCCCATGCGCCAGACCAGATGCTGCCCCAGCTTATCCAGGAGGTCCTTCTCCACGCCTCCAGTTTAGAGGACCTGGAAGACGGCGAACTTGAGGTAGTGGGTCTCCGGGTGGTTGAGGAGGACGGGGTGGTCAAAGGGCTGGCCCCGTTTCTCCACCACCCGGAGGAGGCGGTGGGCGTCCTGGGCGGCCTCGGCCACCATGGCGTAGAAGAGGGGCTCGGTCATGTGGTGGCTACAGCTCGCCGTGGCCAGGATCCCGCCCTCCTTGAGGAGCTTGATGGCCCTAAGGTTGACCTCCTTGTAAGCCCGGTAGGCCCGTTCCACGTCCTTCTTCCCCTTGGCGAAGGCAGGGGGGTCCAGGACCACGAGGTCAAACCGCTCCCCTTCCCTCTCCAGGCGGCGCAGGAGGTCAAAGGCGTTGGCCTCGAGGACCCGGACGTTCCCGAGGCCGTTGAGCCGGGCGTTCTCCTCGGCCCGGCGCAGGGCCTCCGCCGAGGAGTCCACGGCGACCACCTCCCGGAAGCCCAAGGCGAGGTGGAGGGCGAACCCCCCCGCGTAGCTGAAGACGTCCAGGGCCCGCTCGCCCCGGAACCTCTCCATGTAGAGGCGGTTTTCCCGCTGGTCCAGGTAGGCCCCCGTCTTCTGCCCCGCCCTCAGGTCCACCAGGTAGCGCACCCGCCCCTCTTGCACCTGGACCTGCTCCGGCACCTCCCCGAGGAGGGGGCGGACGTAGAGGGGGAGGCCCTCCAGCTCCCGCGTCCGGGCGTCGTTCTTGGCCAGGACGCTCTGGGCGTAGGGCCTTAGCGCCTCCGCCACCTGGGGGAGGAGGCCTTCCCAGGCGTGGGCCGTGGCCTGGACCACGGCGTGCCCGGCGTAGTAGTCCACCACGAGGCCCGGCAGGAGGTCCCCCTCCGCGTGGACCAGGCGGTAGCCGCCCTCGGGGTCCTGGCGGAGGACGGCTTCCCGTCGGGCCAGGGCCTGGGCCAGGTTCTCCAGAAGGGCCGCCACGGGGTCCTCCGCGGGGGCGAACCGGTAGGCCCGCACCGCGAGGTCGGTGTGGGGGTTGTAGAGGGCGAGGGCGAGAAAGCGCCGCCCCCAGTAGACGGGGTAGAGCCCCGGGATTTCCGGTCCCGAGACCACGTCCCGGCGAAAGACCCAGAGGTGGCGGGAAAGAAGCCGCGCTGCGCCCTTGGCGTTGACCTGAATCCTCACCGCCTAAGTATACTTAGGCGGGGTCGGTTGACGCGGGCCTAGAGAGCCGGTACCATAACCGGCGGGTTGGTTTTGAGCGCCATTTCACGAGCTGGAGGGGCAATGGGAGGCCTGGGACTTATCAAGAGCCTGGCGGAGAAGGAGAAGCAGCTCCTGGAGCGCCTCGAGGCCGCCAAGAAGGAGGCCGAGGAGCGGGTCAAGCGGGCCGAGGCCGAGGCCAAGGCCCTTCTGGAGGAGGCCGAGGCCAAGGCCAAGGCCTTGGAGGCCCAGTACCGGGAGCGGGAGCGGGCGGAGACCGAGGCCCTCCTCGCCCGGTACCGGGAGCGGGCCGAGGCCGAGGCCAAGGCGGTGCGGGAGAAGGCCATGGCCCGGCTGGACGAGGCCGTGGCCCTGGTCCTGAAGGAGGTTCTGCCGTGATCGCCCCCATGGAGAAGCTGGTCCTGGCCGGGCCCAAGGGTCGGGCCAAGGAGCTTCTCCAAAGCCTCCAGCAGGCGGGGGTGGTCCACCTGGAGACGCTTCGCCCCGAGGCCCTTTCCGCCTACCAGCTCTCCCCCGAGGAGCGGGCGGAGCTAAGGCGTTGGGAGGCGGTCTCGGCGGGTGCCGAGCACACCCTAAGCCTTTTGGGCCTGGAGGCGGAGCCCACAAGGCCCTTCCCCGAGGGGCTGGAGGCGGCCGAGAAGGCCCTTGCCCCCATCCAGGCCCACGCCGAGGGCCTCACCCGCCAAAAGCAGGAGCTGGAGGAGGAGCTCGCCCTGGCCCAGGCCTACCTCGAGCCCCTGGAGCGGCTCGCCGCCCTGGCCCACGGCCTGGACAAAAGCCCCTTCCTCCGCGTGATCCCCTTCCTTCTCACTGAAAAGGAGCTTCCCCTGGTGGAGGAGGCCCTGAAGAAGGCCCTGGAGGACCGTTACCTCCTGGTCCACGAGGCCTATGGGGGCGGGGTGGCGGCCTTGGTGGTGGTCCACCGCAAGGAGGTGGACCAGGCCAA
NZ_AP031330.1_gap14	857419	861476	4057	CGCCTCCCTTATAGACTGGAGGAAAACCAAGGTCCTCCTGCCCTCGGCCGTGGACCGGTTCGGCCTCGCCGAGGCCTTGGACGAGGCGGGGGCGAAGGTGCTCTACGGGGACTTCATCTTCGCGCTTGGGCTGCCCATCCCCCTCTACAGCCTCTCCTTCCTGCAGAAGCTCGCCTTCCTCCTCCTTCCCCTCTTCACCCGCCTGCCTTTTTCCGTTCTCTACCCCACGGGGAAGAAGCAGGAGGAGGTGCGGGAGGACTGGCGCGCCCGCTACTACGCCTGGGCCGACGTGGTGGCCGGGGACTGGCACTACATCCGGCGGTACATGCCCAAGGACATGCGGGGCAAGACGGTCATCACCAACACCACCACGGAGGAGGACGTGGCCTTCCTCCGGGAGCGAGGGGTGAGGCGCCTTGTCACCACCACCCCGAGGCTTGGCGGCCGGAGCTTTGGGACCAACGTGATGGAGGCCATGCTGGTCGCCCTCGCGGGGCGGGAGCTCAGGGAGGCGGACTACCTCCGCTATATTGACCAAATAGGGCTGAAGCCCCAGGTGTTGGAACTGGAGGGACAAGCATGATCAGCGTGACGGATCTGCGACCCGGAACCAAGGTGAAGATGGACGGCGGCCTTTGGGAGTGCGTGGAGTACCAGCACCAGAAGCTGGGCCGCGGCGGGGCCAAGGTGGTGGCCAAGTTCAAGAACCTGGAAACGGGGGCCACGGTGGAGCGCACCTTCAACTCCGGGGAGAAGCTGGAGGACATCTACGTGGAGACCCGGGAGCTCCAGTACCTCTACCCGGAGGGGGAGGAGATGGTCTTCATGGACCTGGAGACCTACGAGCAGTTCGCCGTGCCCCGCTCCCGGGTGGTGGGGGCGGAGTTCTTCAAGGAGGGCATGACCGCCCTCGGGGACATGTATGAGGGGCAGCCCATCAAGGTGACCCCGCCGACCGTGGTGGAGCTCAAGGTGGTGGACACGCCCCCGGGCGTGCGGGGGGACACGGTCTCCGGGGGGTCCAAGCCCGCCACCCTGGAGACGGGGGCCGTGGTCCAGGTGCCCCTGTTCGTGGAACCCGGAGAGGTCATCAAGGTGGACACCCGGACCGGCGAGTACGTGGGCCGGGCCTAGGCCGCCCGAGGGGGGCGCTCCCTTTACGGGATTTTGACGCGGTGCAGAAATCCGTAAGGGGTGTATGGGGTAAGCTTTACCCGCGAGGTGCACCGATGACGCCGAAGGAGCTGAAGCAGATCCTGCAAGCCTTGGTGGAGCACGGGGTGAACGAGCTCACCCTAGAGACCCCGGACTACAAGCTCACCGTGCGGCGGGGCGGGGAGGTGCAGGTGGTGGGCGTCCCCCAGGTCCAGGCCCCCGTGCTTGTGCCCCCCCCGGAGGTGCCGGCCCCGACCCCGCCCGCGCCGGCGGCCCCGGCGGCGGAGCCCCAGCCCCAGGCCAAGGCGGAGCCCCAGGACGACTGCCCGGGGTGCGTGGAGGTCCGGGCCCCCATCGTGGGCACCTTCTACCGGGCCCCGGCCCCGGACGCTCCTCCCTACGTGAAGGAGGGGGACCGGGTGGAGAAGGGGCAGGTCCTCTGCATCATTGAGGCCATGAAGCTCATGAACGAGATTGAGTCCGAGGTCTCGGGGATCGTCAAGAAGATCCTGGTGGAGAACGGGGAGCCGGTGGAGTACGGCCAGCCCCTCTTCCTTATCCAGCCGGTATGAAGAAGGTCCTGATCGCCAACCGGGGCGAGATCGCTCTACGGATCATCCGGGCGGCCCGGGAGCTAGGGATCAAGACGGTGGTGGCCCACTCCACCGCCGACGAGAAGAGCCTTCCCGTCCTCCTCGCCGACGAGGCCATCTGCATCGGGCCGCCCCCCTCGGGGCAGAGCTACCTCAACATCCCCAACATCCTCTCCGCGGCCATCGTCACCGGGGCCGACGCCATCCATCCGGGCTACGGCTTCCTGGCGGAGAACGCCACCTTCGCCGAGATGTGCCGGGAGCACGGGATCACCTTCATCGGCCCCACCCCGGAGAACATGAAGGCCCTGGGGGACAAGGCCACGGCGAGGAAGGTGGCCCGGGAGGCGGGGGTGCCCACGGTGCCGGGCACGGACGAGCTGAGCAGCGTGGAGGAGGCCAAGCGGGCGGCCCAGGAGATCGGCTACCCCGTGATCCTCAAGGCGAGCGCGGGAGGCGGGGGCCGGGGCATGCGCGTGGTCCACACGGAGGAGGAGCTGGAGCGGGCGGTGCTCCAGGCCCAGGAAGAGGCCCGGGCCGCCTTCGGGAACCCCGCCGTCTACCTGGAGAAGTACATTGAGGAGCCCAAGCACATTGAGATCCAGGTCCTGGGGGACGGGGAACGGGTGGTCCACCTTTGGGAGCGGGACTGCTCCATCCAGCGCCGCCACCAGAAGCTTCTGGAGGAGGCCCCGAGCCTCCTCCCCGAGGAGACCCGCCGGGCCATCGCCGAGGCGGCGCGGCGCCTCGCCGAGCACGTGGGCTACGTGTCGGCGGGCACGATGGAGTTCCTGGTGGACAAGGAGGGGAACTTTTACTTCATTGAGATGAACACCCGCATCCAGGTGGAGCACCCCGTTACCGAGATGATCACGGGGATTGACCTGGTCCAGGCCCAGTTTCGCATCGCCCAAGGGGAGAAGCTCTGGCTCAAGCAGGAGGAGATCCAGGTCCGGGGGCACGCCATAGAGGTCCGGGTGAACGCCGAGGACCCGGAGAAGGGCTTCAGGCCCTCCATCGGCAAGGTGGAAACCCTCCTCTTCCCCGGGGGGCCCGGGGTGCGGGTGGACAGCCACCTCTACGCCGGCTACCAGATCCCTCCCCACTACGACAGCCTCATCGCCAAGATCCTCGTCTGGGCCCCCACCCGGGAGGAGGCCATAAGGCGCATGGAGCGGGCCCTCTCCGAGACGGTGATTGAGGGGCCGGGCCTCAAGACCACCATCCCCTTCCACCAGAAGGTCCTCCAGAACGCCTTCTTCCGCAGGGGGGCTGTGTACACCAACTTCGTGGCCCGGCGGATGGAGATGTAGACTGAGGCCTGTGCGGGTGGACTACGAGATCAGCGAGCAGGCCCTCGAGGCCGTGGTCCTTTGTGCCCTAAAGGGGATAGAGGGGGTCAGGGCCCTCGAGGCCGTCCCCCGTTCCCTGGCGGACGTCTTCCGCCGGGGGCGGCCCGTGCGGCTGGAGTCTACCCCGGAGGGCCTTGTGGTGGACCTGCTGCTGGCCGTGCCCTACGGGGTGGCCATCCCGGAGCTTGCCGCCCGGGTGCAGCAGGAGGTGGACGAGGCCCTCTTCCTGGCCACGGGGAGGCGGGCGCGGGCGGTGAACGTCACCGTGGGCCAGGTGGTGCCGGAGGAGGACCATGCGCAGGCGGGCTAGGGAGCTGGCCATGCGGGCCCTCTTCGCCCACACCGTGGGGGGGATGGGGCTGGAAGAGGCCTTCCAGCACGCCCTGGAGGAGATGGGCGGGGAGGAGGAGGGGTACGCCGAGCCCCTGGACCAGGAGGGGGTGGCCTTCGCCCGGCGCCTCCTCTCGGGGTACAAGGCCCACCAGGAGGAGGTGGACCGGGTGCTCGAGGAGACGGTGGAGGGCTGGGACTTCCGCCAGATGGCCAAGACGGACCTGGCCGTGTTGCGCCTGGCTGTCTACGAGATGCTCTACGAACCCACGCCCTTTGAGCCCTTGATTGAGGTGGCGGTGAAGATCGCCAACCGCTACGGCGGCGAGCACTCGGGGAGCTTCGTCAACGGGGTCCTCGCCCGGGTCTACCGCCGGGTGGCGGCCGGGGAGCTGAAGACGGTGGCCAAGGAGGCTTAGGTGGCGGCCCAGGTGCTTTCGGGACACGAGGCGGCGGAGGCGGTCTACGAGGAGATCCGCGCCCGGCTACGCGGCCTTTCCTTCACGCCTTCCCTGCGGGTGATCCGGCTCGGGGAGGACCCGGCCTCGGTGGCCTACGTGCGGCTTAAGGACAAGCGGGCGCGGGCTTTGGGGTACCGAAGCCAGGTGGAGGTCTACCCGGAGGACC
NZ_AP031330.1_gap15	870404	875288	4884	TTCCCAAGGAAGGCCCCTCCGCCGGGGTGGCCCTCGTGAGCGCCTTGGTCTCCGCCCTCACCGAGGTGCCGGTGCGGCACGACATCGCCATGACCGGGGAGATCACCCTCACGGGCAGGGTCCTCCCCATCGGCGGGGTGAAGGAGAAGGTGCTGGGGGCGAGGCGGGCCGGGATCCGGGAGGTGATCCTGCCCAAGCTCAACGAGCCTGACCTCTCCGACATCCCCAAGCCCCTCCGGCAGAACATGACCTTCCACTTCGTGGAGCACCTGGACCAGGTCCTGGACCTGGCCCTGGTGGGCGGCCTCAAGGCCTTGGAGGAGCGGGGCAGGCGTTCTAGGAGCGCCCGGAGGAAGAAGGAGCTCGTGGCCCACGCCTAGCCCAGGGCCTTGGCGTAGACCTCCAGGTAAGCCCGGGTGATCCTTTCCGGGTGGAAGCGCAGGAGGGCCCACTCCCGGGCCCTCCTCCTTATCTCGGGGAGGCGGGGGCTTCCCAGGAGGTCCAAGGCGGCCTCCGCCAGGGCCTCCAGGTCGCCGAGCTCCACGAGCCTTCCCACCTCGGGGGTGACCACCTCGGCCACCCCGCCCACCGCCGTGGCCACCACGGGGACGCCGGAGGCCAGGGCCTCGAGGGCCGCCTGGCCGAAGGACTCCTCCTCCGAGGCCAAGAGGAAGAGGTCCGCCGCCCCCAGGACCTCCTCCGGGTGGGGGGTGGGGGGGTGGAAGGTGACCCAGGGGGCGACGCCGAGCTCCGCCGCCACCCGTCGGGCCTCCTCCTCCTCGGGGCCGGTGCCCAGGAGGAGGAGCCTGGCGGGAAGGCGCTTCCGGATTTTGGCGAAGGCCCGGACGATGTCGGGCACCCGCTTGATGGGGCGGAAGTTGGAGGCGTGCACGAGGAGCCACTCCCCCTCCTCGGCGTAGAGCCTCTTGCGCTCCGGCCTGGGGCGGAAGCGCTCCGGGTCCACGGCGTTGGGGACCACCACCGCCTCCACCCCGAAGGCCCGCTTGGCCTCCTGGGCCAGGGCCCGGCTTACCGCCGTGACCGCCCGGGCGGCCTCGAGGGCGCGGCGGGTGGGGCCGTGGAAGGCGGGGTCCATTCCCACCACGGAGACGTCGGTGCCGTGAAGGGTGTGGACCAGGGGGAGGCCTTCCCCGAAGGCGAGGTAGGCCGCGGCGGCGTGGGGGACGGCGTAGTGGGTGTGGACGAGGTCCAGGCCGAGCCGCTTGGCTTCCCGCTCCAGGGTGCCCGCCAGGGAGAGGGTGTAGAGGGGTCCGGGGAAGACGGGGTAGTAGGGAAGGTCCACGGGGACGTGGACCGCGGGGCTCGCCTCGGGGAGGCGGAAGGGGCGGGACGTGGCGAAGAGGTAGACCCGGTGCCCCATCCGGGCCAGGCGGTCGGCGAGCTCGGCGGCCACCGTCCCGCTCCCCCCAAGGCCCGGGTAGGCCACGAGGCCCAGGCGAAGCTCCTCCCGGCGCATGCCCTAAGCCTAGCGGAGGGCCCTGAGGCCCAAAAGGAGGAAGAGCAGGTTGGCCCCCCAGGCCCCAAGCTCAGGGGGGAGGGCCCCGATCCCGGCCAGGGCCCGGCCCAGGAAGAAGGCGCCGTAGTAGGCCAGGGCGAGGACCACGCTCATCCCCAGGGCGAGCCCGGGGCTTTTCCCGTAGCGGAGGGCCATGGCCGCCGCGAGGAGGACGAGGACCAGGTTGGCGAGGGGAAGGGCGAGCTTGGAGTGGAGCTCAAGCCGCGCCCGCCACTTCTCCAAGGGGGGCAAGAAGGGGTCCTTGAGCTTCCGCCAGGCCTCCGAAAGGCTGTCCTGGCCGAAGCTGAAGGTGTCGGCGTAGTCGGCGATGGCCCGGGCCCGGGAGAGGTCCGAGGTCACCTCCAGGGTCTTCCCCTGGCTCACCACCCGGAAGACCCGGCGCACCTGGGCGAGGAGGTCGGGGGCGGTTTCCAGCCCCGGCACCTGGGCGAAGTCCACCTGGTAGTAGCGGTAGTCCTTGAGGGTGAGGGTCTTGTCCTCCCAGGTGCCCCGCTCGGCGAAGAGGAAGGTCCCCACCTCCCCGTGGAAGGCGGTGATCCGCACCCCCACCATCTCCTTGGCCGCCATGTCAAAGTCCTGGAAGTAGAGGCTCTTGCCCTGGCCTATGGGGATCTGCATCCCCTTGAGCCGGAAGAGGCCCGCCCCTTGGGTGTGGATCTCGTCCCACCAGGCCACCCGCACCCGGTTGTTGGCCTCCGGGACCACGTACTCCTGGAGGTAGAGGGCGAGGCCGCTCAGGACCGCCCCCGCGGCCACGAGGGGGAGCGCCGCCCGCCCCAAGGGGATCCCGGCGGAAAGCAGGGCGAAGTGGGCCCCCTCGGCGGCGAGCCTGCCGAAGACCAGGACCGTGGTGGTCACCAAGGCGATGGGGAAGACCTGGACCCAGATCCCGGGGACGTGGTAGGAGAGCCAGCGGAGGATCTTGGGGAGGGGCACCCCCTCAAGCCACCTCGCCCCGGCGTAGAAGAAGCCGAAGAGGTAGACGGCGGTGAGGAAGAGGAGGGCGAGGAGGAGGACGGGGAGGCTCTCCCTGAGGAGGTAGCGGTGGAGGATCATGGGAGGCGCTTGGCGTAGGCCTCGAGGCGGGCCGCCTGGGCCGGGAGCTTGGTCGTGGCCTGCACCTTCCCGCCCGCGAAGCGGAGGTAAAGGCGGGCGTCCTTCCCCTGGCCCCGCAGCGTGGCCTTCCCCTCCTGGTAGGTGAAGCTCCCCAGGGCCAGGGCCTCCCGGGCCTTGAGGTCCACCACCAGGGCCTCGGCCTGGAGCCTGGGCGACTTGGCCTGGACCCGCCCCTTCAGGACCACCACCTCCTCCTCAAAGAGGGCCAGGGCGCGGTCCGCCCTCAGGTCCTGGAAGTCGGCGTTGGCGAAGAGGAGGCTCTGGAAGAGGGCCTGTTGCTTGGGGATGTCGTGCTCCAGGGAGGCGGCCACGAACCGCTCCTTCTCGGAGAGGAGCTCCACCTCCCTGGCCCGGACGAAGCTTCCTTCCTTGTAGGCGATGTAGGCCGCCTTGAGGCGGAGGCCGTTCTCGTTGTCGGTGAGGATCCCTCCCTGGGGGAGGGTGGTGACGCCGGTGTCCAGGTCCAGGCGCTGGGCCCCAAAGGGCTCCACGCTGAAGGTGGCGAACCGGGCCCCCAGGGCGAGGCCCACGAGGCCCAAGAGGAGGGTCCAGGCCAGGCGCTTCATGGGTTTTACTCTACCCGTCCTTTCTGAAAGGAAGCTTAGGCGGGGCTTTCCCGGTATAGTGCCTCTGTGCGCGGCCTGGCCTTCCTCCTCGCCTTGGCGCCCCTCTTTCCCCCGCTTGCGGGGCTTGCCCTTTTCTTCGTGCCCTGGGTCCGGCGGCTTCCCCTTTGGGGGCAGGCCCTGCTCGCCCTCTACGGGGCGAGCCTCCTCCTGCCCGCCCTCTTCGCCCCGGAGCCTTTGGCCTGGCCTTTGGCCCTCTTCCGCTTCCTCTACGTCCTCGGCCTGGTGGGGCTTGGGGTGGCCTTGGGCAGGCCGGAGCGGGCCCTTGGGGCTTGGGGCGTGGGCCTCTTCCTCCTCTACCTCACGGGCTTCGCCGCCACCTACTGGGTTTTGGGGGACGGGGCGGTGCGGGCCCGGCTCAGCCACCCCTTTCACAGCCCCGTGGGCTTCGGCTTCCTCGGGGGGCTCGGCCTCCTCCTCGCCCTCCACCTCCGCTACCCCTGGCCCTTCCGGGCCCTCCTGGGCCTTCTGGGGGGGGCGGTCCTCCTCCTCTCGGGGAGCCGTGGGGGGATGCTGGGCTTCTTCGTGGGCGGGGCGGCGGCCCTCCTCTTCCGCAGGCGGGGCCTTCTCGCCCTAGCCTTAGGGGGTGGGCTTCTCCTCGCCGCCTTCGCCTTGAACCTTCCCGCCACGGAGCGCTTCTTCCAGGCCCACCTTTCCGGGAGGGAGGGGGTGTGGCTCGCCGCCTACCGGGTCTTCCAGGAGCACCCCTGGACGGGGGTGGGGCCCTACCTCCTCGGGGAGCGGATCGGGGGGGTGCTCTTCGGGGACTGCTTCCTCTTTCCCCTCCTCGAGGCCCGGGGGCTTACCTGTCCCGACTGGCTCAGGCCCTGGGGCGGGCTTTGGACCTTCGCCCACAACCACCTCCTCCAGGCCCTGGGGGAAGGGGGGGTCTTCGGGGCGGTGGGGCTTCTCCTCCTCGCCGGGGGGTTCCTCGCGGGGGCCTGGGGGGACGGCCTCCTCTTCGGCCTCCTCGCCGCCTATTTGGGGATGGGGATGGTGGACAACCCCTTCAGCGTCCCGAGCCCCTTCCGGGGCGAGGTCTTCTTCCTCCTCGGGGGGATGGCCCTGGCCCGCCTCGAGGGGGGGCGGGCGCCCCTGGGGCTGGGGCTTGCCGGGGGGGTGGCCCTCCTCTGGTCCCTCCCCTTCCTTTACCTGGCGGCCCGCCCCGAGGGGCCTCCCCCGGCCCTCCGCTACCTCGTCGTCCCGGATCGGGGCGGCGCGGGGGCGGTGGCCCTGGAGGGGGGCGAGGGGTACCGCCTCCAGGTCTGGCTCTGCGCCGAGGGGTGCCGGAGGCTCGGCTGGGAGTGGCCGGCGGAGAAGCCCGTCCGCTTCCCCCTCCCTGAGGCCCTCGAGGAGGGGAAGAAGAGGCTCGTGCTCGTGCTTTTCCGGGAGGGGGGCCTGGCCTTGCGGCCCGCCTTTTTCCTGGAGGAGGAGGTGGGGCGGTGAGGTGGGCCTTGGGGGTTCTGGCCTTCGCCCTGGGGCTTGGGGCGGGGCTTTGGGGGCTGGAAGGGGGCTTGCGCCGAAGCCCCTTCCCTTGGGCGGGTGCCGCCCGGGGCCCCTCCCCGAGCGGGCGGACCTTTACGCCAACGGCGTGGTGGAGATCCCCCT
NZ_AP031330.1_gap16	905600	908152	2552	GTCTTCTGGCTTCTGGACCAGAGGCGCCTGCCCCAGGAGGAGGTTTACGTCCCGGTGCGCACCGCCCGGGAGATGGCCCAGGCCATCCGGGACATGGTGGTCCGGGGGGCGCCGGCCATCGGCGTCTCCGCCGCCTTCGGCATGGTCCTGGCCCACCTGGCGGGGGAGGACCTCGAGGAGGCGGACCGGAGGCTCAGGGCGAGCCGTCCCACGGCGGTGAACCTCTTCCACGCCCTGGACCGGATGCGCCCCTTTTGGGGGGACCTGGCGGGAAGCCTCCTCGAGGCGCGGCGCATCTGGCGGGAGGTGGAGGAAACGGAGGCGGCCATCAGCCGCCACGGCGCCCAGGTCCTCTGGGGCCAGGTCCTCACCCACTGCAACACGGGTCCCCTGGCCACGGGCGGCTACGGCACCGCCCTCGGGGCCATCGTGGAGGCCTACAGGCTTGGGCGGGTGCGGCACGTCTGGGTGGACGAGACCCGGCCCTACCTCCAAGGAGCCCGCCTCACCGCCTACGAGCTCCAGAAGGCGGGGGTACCCGCCACCCTGATCACCGACAGCATGGCGGGCTGGCTCATGGCCCGGGGGGCCGTGGACGCGGTGGTGGTGGGGGTGGACCGCATGGCCTTGAACGGGGACTTCGCCAACAAGGTGGGGACCTACGCCCTCGCCGTGCTGGCCCACCACCACGGGATCCCCTTCTACGCCGCCTTGCCCCTTTCCTCCGTGGACCCCCGGTTGGCGAGCGGGGAGGGCATCCCCATAGAGGAGCGCTCCCCGGAGGAGGTGGTGGCCTTCCGCGGCGTGCGGATCGCCCCCGAGGGGTTTCCCGCCTACCACCCCGCCTTTGACGTGACCCCCCATCGGTACCTCACGGGGATCATCACGGAGAAGGGGGTCCTCTACCCCCCCTTCGCCGAGGGGCTGCGGCGTGCCTTGGGGCTGGATTGAGGCCCTGCTGGGCCACGCCTGCCCGGGGTGCGGGGGGCCCTTGGACCTTCCCGCCCTCTGCGGGCGTTGCCGGGCGGGCCTCGAGGCCTTCTCCACGGGGGAGATGGTCTACCTGGGCCACTACGCCCGGGTGGGCCCCTTGGTGCGGGCGCTGAAGTACGGGAGGCGGGAGGCCTTGGCCCGGGCGCTGGCCGAGCCCCTGGCCCGGGCCGTGGCCGCGAGGGGGTGGCGGCTCCAGGGCGTCACGGCGGTGCCCACCCTGCCCCACCGGCTCGCCCTCAGGGGCTACAACCCGCCCGAGGTTTTGGCCCGGGCCCTCGCCGGGGCCCTAGGGGTGCCCTACCGCCCGGTGCTCTTCCGGAGGCGGTACACCCCGGGCCAGCCCACCCGGGGCTTCAAGGAGCGCCGCCTCCTCCCGGGCGACCTCTTCGGGGCCCGGGTGCGGGTGGAGGGGGCCTGGCTTTTGGTGGACGACGTCCTCACCAGCGGGGCCACCTTCCTCCGGGCCCGGGGAGCCCTCCTCGAGGCGGGGGCCGCCCACGTCTACGGGGCCTTTTTGGCGGTGCGGGACCCCAGGGCCTTGGGGCCTTACCGCTAAGCCCCTGCGCCTCGGGCACCCCGCCCCGGCCTCAGTAGTAGGCGCTCGGGTCCACGAAGCGGGTGGCGTCCCCGGTGCGGAGGGCCACGCGGAACTCCAGCTCGTTGGGCTGGATGAGGAGGCCCCCGCCCAGGTAGCCGATCACCTGGCCCTGGCGCACCCGGTCCCCCTCCTGCACCAAAGGGGCCTGCAGGTTGGTGTAGACGGTGGCCAGCTCTTCCGTATGGACCAGCATCACCGTGTAGCCCAGGTTGGGGAGGTACAAGACCCCGGCCACGTACCCGTCGGCGGCCGCCTGGACCGGGCTTCCCGGGGCGGGGGCGGCGATCACCTGGAAGGGGCCTTCCTTCCCGTAGGGGACGGCGATCCGTCCCCCGGGGACGGGGAAGGCGAGGCGGCCCACCGTGGCCGGAAGAGGGGGCGGCGGGACCACCACGCTGGCCTGGGCGGCCCGGCGGGCCTCCTCTTCCCGGCGCCGCCTCTCGGCCTCCTCCTGGAGGGCCTTTAGGCGCTGCCGTTCCTCCAGGAGCCGCTTTTGCAGCTCGGCCAGGCGGCTTTGGAGCTGGGCCCGCTCCTCGAGGGCGTCCCGGAGCAGGGCCTTCTTGCCCGCCTCCTCCCGCCTGAGCTCGGCGAGGACCGCTTCAAGCCCCCGCCGCTTCGTTTCCAGCGCCTGCTGCGTCTCGGCAAGCTCCGCCTCCTTGGCCGTGAGGGACTGGACCAGAAGCTCCAGCCTCGCCTTCTCCTCCCTAAGGGCCTTCAGGGTGGCCTGGAGGGTCTTCACCAAGGCGGTGTCCTGGCGGGAGATGTACCCCACCCAGCGGGCCCGGACGGCGAGGTCGGTGAAGGACTCGGCCCTAAGCAAGGGAAGGTAGCGGCCTGCCCGCTCCCGGTGCAGGCTCACCATGAGGGCCTGGAGCCTTTCCCGCAAGGCCTCGAGGTCTTTCTCCAGCTTGGCGATCCTGGCCTCCGTTTGCCGCACCTCCTCCTCGAGGCGGGCCGTCTC
NZ_AP031330.1_gap17	963919	967820	3901	CTACGCCCTCGCCCGGGACCTGGACCCGGAGGACGAGAGGGCCATGCGGGCCCTCCTCCACCAGGAGGTGGCCTTTCCCTTCGCCGAGGGGGAGAAGGAGCGGCTTTTGGCCGAGGTCCGGGCCCTGCTCCGGCGCTACCGGAGGATGCTGGGGCGGGAGCTTCCCGCTTTGGAGGAGCGGGCGGAGGATTACCGGGAGCTTCCCCTCGTCCTCCCCCTCAAGGGGACGGTCTGGCACGGGGTGCTGGACCGGGTCTACCGGGTGGGGGACCGCTGGTACCTGGACGACTACAAGACGGACCGGGAGGTCCGGCCCGAGGCCTACCGCCTCCAGCTCGCCCTCTACCGGCGGGCCCTCCTCGAGGCCTGGGGGGTGAGGGCCGAGGCCCGGCTCGTCTACCTGCGCGCCGGGCGGGTCCACGCCTTCGGCGAGGCGGAGCTTGAGGAGGCCTTGGCGGCCCTCCCCTCATAGCTCCAGGCGCTGGGCGTCGTGGCGGCCTCCCCAGAGGCGCTCCTCTCCCTCGGGGGTGAGGAGGAAGCTGTTGCGGTCGTCCCGGACCTGGCGTTTGAGCACCTTGAGGACCTTCTTCTTGGCCTCCTTGTCCAGGACGGGGAAGAGGAGCTCAAAGCGGTTCTGGAAGTTGCGGGGCATGGCGTCGGCGCTGGTGAGGTAGACCCGCCACTCCCCCCCGGCCCGGAAGGCGGCGGCCCGGGCGTGCTCCAGGAAGCGGCCCACGAGGCTTTTCGCCCGGATGGCGGGGTGGAGCCGGGTGAGGGTGCTCCGCACCAGAAGGTCCACCCGGGCGCCCCGGGAGGCGGCGTAGACCAGGGCCTCGAGGAGCTCAGGGTCGGTGAGGTGGTTGAACTTGAGGATCAGCCGCCCCTTGGGGTGGGCCTCGTGGAGCACCGCCTCCAGGAGGAGGCGGCGGATCCCCTCCCCGGTGCGGAGGAGGCCGAGGCGGGGGGTCTTCTCCTCGGCCATAGCCTGGAAGAAGGCCCGCACCTCGGCCACCACCTCCTTCCGGGCGGTGAAGAGGGAGAAGTCGGTGTAGTGGCGGCCGTTCGTGGGGTTGTAGTTCCCCGTGCCCAGGTGGGCGTAGCCGCCCTCTCGCGTGAGGATCAGGAAGGCCTTGGCGTGGACCTTGCGTTCGGGAAGGGGAAGGACCTCCACCCCGGCGCGGACGAGCCTCAGGTACCAGCGGAGGTTTAAGAGCTCGTCAAACCGGGCCCGGCCCTCCAGGAGGACGTGGACCCGCTTGCCCTTGCGGGCCGCCGCGATCAGGGCCTCGGCGAGGAGGTTCTCCTCCCCGGTGCGGTACAGGGTGGCCCAGACCTCTTCCACCTCCTCGGCCAACGCCGCCTCGGCGAAGCGCTCCACGGCGGCGTAGTCCTCAAAGGGGTGGTACAGGAGGACGTCCCGCTTGCCGAGGAGGGCGAGGGGGTTTTTGAGGAAGGTGCGGGGCCTCTCCGGGCGGAAGGGGGGGAAGCGCCACTCGGGGGGGCCTTGGGCCACCAGGGTGTCCACCAGGGAGAGGTTCAGGGGGGGCTTGAGGGCGAAGACCTCCTCAGGGAAAAGCCCCAGGGCGCGGCATAGCGCGTCAAGCCACGCCTCGGGGAAGCCCTCCTCCACCACGAGGAGGGTGGGGGTGCCCTCCTGGCGGCCCTCGAGGCTTTCCGCCAGCTCGTCCCAATCCGCCCGCACCCGTTCGCTCTCCAAAAGCCTCAGGACGCGGAACTCGTAAAGGGGCGCCTCCTCGGGCAGGAAGAGGTCGCTCCGCCAGCGCATCAGGGCCCCGAGGCGGACGTAGGTCCCCTCCCGGCCCGGGACCTCCACGAGCCGGGGCAGGTCCTGGGGAAGGCGCACGAGGTAGCGCTCCGAGGCGAAGTAGAGGGCGCTGTGGGAGAGGTCCTGCGCCGCCTCCCAGGGGATGAGGTCCGTCTTGGGGGCCACCTCCTCGGCTAGGAAGACTCTGAAGTAGAGCCAGTCCAGGTCGTCAAGCTCCCCGGGGTCCAGCACCCTCAGGCGGGGGAAGGCCTCCTGGAGGAGGCTATCGTACCGCGCCCGGGCGAGCTTGGCCTGGTCCAGGGCCTCTTGGAGGAGGGCCAGGTGGTCTGGGCCGCGCCGGGATTTCAGGAAGGGCTTGGCGATGCGGGCGGCGAAGAACTCGTCCAGGTTCCGGTTCCAGATGCCGAGGAAGCGGAGGCGCTCCAGGAGGGGGAAGTCGGGGCGTTCCGTCTGGAGGAGCACCCTTCGGTTAAACTGGAGCCAGCTTGCTTCGGGAAGGAGGTGCATTTGCCCCAGGATACGCCGAGGTCTAGGCCCGAGGACCTGCGCACGCTCGCCGTGCTGGACCTGGGCTCGGGGACCTTCCGCCTGGTCCTCTTCGGGTACTGGCCAGAGAGGGCGTACTGGCTCTTGGACGAGCTCCGGGAGCCGGTGGCCCTGGGGGAGGGGCTTTCCCGGGGGGCCATCGGGGAGGCGGCGTTGGACCGGGGGCGGAAGGCCCTGCGCGCCTTCGCCGACTTCGTGGGGGCTTTGGCCCCGGACGAGGTGGTGGTCCTGGCGACGAGTGCCGTGCGGGACGCGCATAACGGCGTGGAGGTTCTGGGGGAGGCGGAGGGCCTGGGGCTTTCCCCCAGGGTCCTTTCCGGGGAGGAGGAGGCCCGGCTTGGGGTCCTCGCCGTGGCCAACGCCCTCCCCTTGGAGGACGCCCTGGTGGTGGACCAGGGGGGCGGGAGCGCCCAGGTTTCCCTGATGCGGGGCCGGAGGTTCGTCTGGGGAGAGGCCCTTCCCTTCGGCGCCTTGAGGCTCACCGAGGCCTTTCTCTCCTCCGATCCCCCGGGAAAGCGGGAGGTGAAGGCCCTGCGCAAGGAGGTGGACCGGAGGCTCAAGGCCCTCCCCTTGGAGCGGGGCCTCCCCCTCGTGGGCCTCGGGGGGAACGTCCGGGCCGTGGCCCGCCTCCACCGCAAGCGCCACCGCTACCCCCTGGACCTGGTGCACGCCTACTACCTCCCGCGCGCCGGGGTGGAGGAGCTTTTAGAGGAGGTCCTGTCCCTCCCCCTCGAGGCCCGACGGGAGCTTCCCGGCTTGCAGGAGGACCGGGCCCGGACCCTCCCCGCCACCCTGGTCTTCCTCGAGGCCCTTCTGGATCGGACCGAGGCCCCCGGCCTCTGGGTGAGCGGGGTGGGGATCCGGGAAGGGGTCCTCTTCACCCGCCTCCTTCCCCCGCCCCACCTCTTTCCGGACCCCCGGGCCTTCGCCGTGGAAAACCTTTTCCTCCGCTACCCCTTTTCCGAGGCCCACCGGGACCGGGTCAAGGCCCTGGCCCGGTCCCTCTTCCGAGGCCTTGCGCCCCTTCACGGCTACGGCGGGGCGGAGGAGCGGCTCCTTTTGGAGGCGGCCCACCTGCACGACATCGGCATGCACATCGGCTACCACGAGCACCACAAGCACGGGGCCTACCTCGTCCTCTCCGGGCCCCTTTTCGGGTTCGGCCACCGGGAGCAGGTCCTCCTCGCCCTCCTCGTGCGCTACCACCGGCGCGGCAAGCCCGAGGCCAAGGGCTACCGCCCGCTCCTCGCCAAGGGGGACGCCAAACGCCTCAAGCGCCTCGCCGTCCTTCTCCGCCTCGCCGAGATGCTGGAGAGGACCCGGACCGGGCGGGTCCGCGGGGTGCGGGTGGACCTGGGGGAGCGGGTCCGGCTTTGCCTCGAGGCGGACGGGGACCCGTGGGTGGAGCAGCTTGAGGCGGCGAAGCAGGCCGGCCTCTTCCTCGAGGCCTTTGGGGTTGGCCTCGAGGTGGCCTGGGAGGGATAATGGCCTATGGAGCTTTACCTGATCCGGCACGCCATCGCCCTCCCCGCGCATGGGGAAGGGGAGGCGGCGGACGACGCCCGGCCC
NZ_AP031330.1_gap18	969575	970923	1348	TCGTGGGGGTGAACGACGGCGTGCCCTCCACCCCCCAGGCCCCCTTTGGCGGCGTGAAGCGCTCGGGGCTCGGCCGGGAAGGGGGGAAGTGGGGCCTTTTGGAGTACCTAGAGGTGAAGTACGTGTCCCTCGGCCTCTGAGGCCCCGCGCCGGAGGCCCGACCGCAAGGCCCGCACCGCCTCGAGGGCGAGCCTCCCTTCCCGGACCTCCCGCTCCAGGGCCTCCAGGGCTTCCTCGGGCCTTACGGCCTCCCGGTAGGTTCTGCGGCTGGTGAGGGCGTCGTACATGTCGGCGGCGCTCAGGACCTGGACGAGGAGGGGGATCTCCGTGAGGCCGTCGGGGTAGCCGGAGCCGTCCAGCTTCTCGTGGTGCCAGCGCACGTAGGGACGGAGGCGGGGGTGGGCCTTCAGGGGCGTGAGGATCTCGTCCCCCTTGACGGGGTGGGCTTGGATGAGCCGCCAGTCCGCTTCCGAAAGCGGGGCCTCTCCCCGAAGGATGCGGTCGGGCAGGCCGATCTTGCCCACGTCGTGGAGGAGCGCCCCCATGTGGAGGTCCCGGAGCTCCTCCTCACCGGCCCCAAGCTCCCGCGCCCCCAGGAGGGCGTAGCGGGCGACCCGCTCCGCGTGGCCTGCGGTGTAGGGGTCCTTGGCCTCCACCGCCCGCACCAAGGCGAGGAGGGCCCGTTCCAGGTCCTCCAGCTTCTCCTGAAGCTGCCTCCGCTCCAGATGCCCCTTCACCCGGAGCCGGAGCTCGGTGAGGTCAAAGGGGCGGTTCAGGAAGTCGTCGGCCCCCGCCTCCAGGCCCCTAAGCCGGGTCTCGTGGTCCCGGTCCGCCGTGAAGAGGAGCACGGGGAGCAAGGGGTCCAGGGCCTTAAGCCTTCGCGTGAGCTCCAGCCCGTCCATGTGGGGCATGTGGAGGTCGGTGAGGACCAGATGGGGCGGGGCCTCCAGGGCCAGGTCCAAGGCCTCCCTGCCGTGGTGGGCGAGGCGCACCTCCACGCCCAGAGGCTCCAAGGCCCGGCGGAGGAGAAGGCGCTGGACGGGGTCGTCCTCGGCCACGAGCACCGTGGGGTTCATGCGGCGCCTCCCTTGCCGAAAAGTAGCGAAGCCGCGCCTTTTTTGGCCTCCCGCCGCAGGGCGCCCAAGTGCTCCAGCTTCAGGAGGTAGAGGCGGACCAGGTCCAAGGGTAAGGCGAGGGCCTGGGCGAGCTCCTGCGCCGTGGCCCCTCGCTCCAGGTAAAGGGCGGCCTTTTCCAGAAAGCCCCGGTACCGGGCGTCTTCCGGGGGGCTTCCTTGGAGGCGGAAGCGGGTCTGAGGGTCGGGAAGCTGGTCCCGATAGCGGTCAAGCTC
NZ_AP031330.1_gap19	995280	998347	3067	GTGGAGCTCGGGCGGATGGGCACCCCGAACCAGCAGTACCTCCCCTGGATGCAGGCCACCTACGTCATGGTGGCCCGGAAGGAGGCCCTGAAGTACCTTCCCCCGAGGGCCGACCTCAACGCCCTCACCTACGAGGACCTCAAGAACTGGGCCAAGGCGATCCAGGAGGCCACGGGCCAGCGCCGCCTGGGTTTCCCCGCGGGGCCTGGAGGGCTCATCCACCGCTTCCTCCAGGGCTACCTCTACCCCTCCTACACGGGCAGCCAGGTGCGCCGCTTCAAGAGCCCCGAGGCCGAGGCCATGTGGCGGGACTTCCGGGAGCTTTGGCGCTACGTCAACCCCAGGTCCACGGCCTACGAGTTCATGCAGGAGCCCCTCCTCTCCGGGGAGGTCTGGATCGCCTGGGACCACACGGCGCGGCTCAAGGACGCCCTGGTGCAGAGGCCCCAGGACTTCGTGGCCTTCCCGGCCCCCGCGGGGCCCAAGGGGCGGGGGTTCATGCCGGTGGTGGCGGGGCTCGCCATCCCTAAGACCGCGCCCGACAAGCGGGCCGCTGAGGCGCTCGTGGACTACCTGACGCGGCCCGAGGTCCAGCTCCTCACCCTCAAGGAGGTGGGCTTCTTCCCCGTGGTGCGGGTGCGCTACGGGGAGGACCTGCCCGAGGGAATCCGGCTCCTCGCCGAGGCGGTCTCGGCCCAGTCCTCGGCCAAGGACGCCCTGCCGAGCCTCCTCCCCGTGGGACTTGGGGACAAGGGCGGGGAGTTCAACAAGGTCTACCGGGACGCCTTCACCCGGATCGTCCTCCGGGGGGAGGAGATCCGGCGGGCCTTGGACCTCGAGGCCCAGAACCTCGCCCGCATCCTCCGGGAGACGGGCGCCCCCTGCTGGCCGCCCGACGCCCCGAGCACGGGCGCCTGCCCCGTGGAGTGATAGATTGAGCCCGTGGCGCCTTTGAGGATGAAGGCGGTGGAGGTCCTCCAGCGCAACAGCCGGGGGGCCTTCACCGTCCCCGCGCACGGGCTCTACCCTTACCAGTGGCTTTGGGACTCGGCCTTCATCGCCCTGGGGTGGACCCAGGTGGATTGGGAGCGGGCCTGGCAGGAGCTCCTCTGCCTCTTTGACTACGGCCAGGGCCCGGACGGGATGCTCCCCCACATCGTCTTCCACGAGCAGAGCCGGGACTACTTCCCCGGCCCCGATGTCTGGGGCCGGGAGGCCCGGGCCCAGCCCGCCACCTCCGGCATCACCCAGCCCCCGGTGGTGGCCACGGTGGTCCGCTACCTCTATGAGAAGGACCCGGACCGGGCCCGGGCCCGGGAGCGGGCCCGGTACCTCTTTCCCAAGCTCCTCGCCTTCCACCGCTGGCTCTACCACGCCCGCGACCCCTACCGCACCGGCCTCGTGGTCATCGTCCACCCCTGGGAGTCGGGCATGGACAACAGCCCCGCCTGGGACAAGCCCCTGAGCCGGGTGCCCGTGGAGAACCTTCCCCCCTACGAGCGGCGGGACGTGAAGCACGTGAACCCCGAGGAGCGGCCCAGGAAGGAGGACTACGACCGCTACCTCTCCCTCCTCTACCTCTTCCGCCGCCTGGAGTACGACCCCCGGGAGATCTACCGCCAGTCCCCCTTCAAGGTGGTGGACGTGGGGTTCAACGCCATCCTCCAGCGGGCCAACCGGGACCTCTATGCCCTCGCCGTCCTCCTTCAGGAGGACCCCTACGAGATTGAGGAGTGGATCGTGCGGGGGGAGGTGGGCCTCGAGGCCCTCTGGGACCGGGAGGCGGGGTTTTACTTCTCCTGGGACCTCGTGGCCGGGGAGCCCATCGCGGTGAAGACTTCCGCGGGCTTCCTGCCCCTCTTCGCCGGAACGCCCCACCAGGGGCGGGCAAGCCTCCTCGCCCAAGAGGCGGAGCGCTGGGGGGAAAAGGCGCGCTACCTCCTTCCCAGCGTGGACCCCACGAGCCCCTTCTTTGAACCCGGGCGGTACTGGCGGGGCCCGGTGTGGATCAACGTCAACTGGATGGTGGCCGAGGGGTTTAGGGACTACGGTTTCGCCGCCCTGGCGGAAAGGCTCAAGGCGGACGCCCTCGCCCTCATGGAGCGGGAGGGCTTCCGGGAGTACTACGACCCCCTTACGGGGCAGGGGAGGGGGGGTGAGGGCTTCTCCTGGAGCGCCGCCTTGGCCCTCTTCTGGACGCGATGAAGGACCGGTACCTCCCTTACCTTCTGATCCTTCCCTCCGTCCTCTTCCTCCTGGTCTTCTTCGGCTGGCCCCTCCTCAGCGCCCTGGTCCTCGCCTTCCGGGAAGGGGAGGGGGTGGGCTTGGGCAACTTCCGCAGGATGGCCCAGGACCTCTACTTTGGGGACGCCCTGCGGAACACCCTCCTCCTCACCGCCATCGTGGTCCCGCTCCAGCTTGCTTTAGCCCTGGCCATGGGCCTCCTCCTGGAACGCCTCGGGCGCGGGCGCGACCTCTTCCTCTACTTCTGGACCGTGCCCCTCGGGATTTCCGACCTCGCGGCGGGGATCGTGTGGCTTTCCATCTTCACCGAGCGGGGCTACCTCAACACCCTCCTCCACGCCCTCGGGATCCTGGAGGAGCCCGTGGGCTGGCTCACCTACGAGCACCCCACGGCCCTCTTCCTCGCCGTGGTGGCGGCGGAGGTCTGGCGGGCCACGCCCTTGGTCCTCGTCATCCTGGTGGCGGGCCTCCAGCTCATCCCCAGGGAGCTGCACGAGGCGGCCGAGGTCTTCGGGGCCACGCCCTGGGTCCGGTTCCGGAAGGTGACCCTCCCCCTCCTCAAGCCCAGCATCCAGACGGCCTTGATCCTGCGCACGGTCCTCGCCTTTGAGGTCTTCGCCGTGGTGGTGGCCCTCTCCGGCCGGAACCTGCCGGTGCTGGCGGGGGAGGCCTACTTCTGGTACGCCGACTACCAGAACCCGGGGGTGGCGGCGGCCTACGCCGTCCTCATCCTCCTCGTCTCCGTGGCCGCCACCCTCTTTTACCTCCGGGCCCTGCGCGTCCGGGAGGAGGTGTACGGATGAGCCGGGTATGGCCCTGGCTT
NZ_AP031330.1_gap20	999641	1002458	2817	AGATGCGGGCCGAGCTCAAGCGGCTCCTCAAGGAGACCCGGACCACCACCCTCTACGTGACCCACGACCAGGTGGAGGCCATGAGCCTGGCCGACCGCATCGCCGTGATGCGCCAGGGAGAAATCGTCCAGCTCGGCACGCCCACCGAGATCTACCACGCCCCGGCGGACACCTTCGTGGGCGGGTTCATCGGCAACCCCCCCATGAACTTCCTTCGGGCCGGGGCCCTGGGGGGGAAGGTGGTCCTCGAGGGCTTCGCCGTGCCGAGCCCCGTGGAGGGGGAGGTGCTTCTGGGCGTCCGGCCCGAGGACCTCCGCGTGTCCAAGGAGCAGGCGGAAGGAGCCTTCCGCGCCCGGGTCCTGGTGGTGGAGCCCCTGGGCCCCCACCTCCAGCTCACCCTGGAACGGGAGGGCGAGACCTTCCGGGCCCTGGCCGACCCGGACTTCTCCGTGGCCTTTGGGGAGGAGGTCTGGGTGCGGCCTAACCCGGGCCGGGTACGCCTCTTCAACCCGAAGACGGGGAAGGCCCTCGCCTGAGGGCGGATTTTCCTCCGGCCCCCCTATCTTCGCGAAAGGTACATTTCGCGCATGTATAATGCCCCCATGCCGGAAGGCCCCACAGCCCACGTAATCTGGAAAACCATCGGCCTCAAACGGCCCGAGAAGGCCCTTTGGCCCCTCGCCCCCTACGCCGAGTACCTCCTCCTGGAGCGGGGGTACTCGCCCAGGGGGGTGCGCCGCTACCTCCAGGACCTCGCCTTCTGGTTCCGCTTCCTCGAGGCGGAGGGCCTCCCCCCGGGCCCCGAGGCGGTGCGGGCCCTTCTCCTTAGAGAGCGCTGGGCCCCAAGGCGCGTCCAGGGGTTCTTGGCCGCCCTAAGGAGCTACTACCGCTACCTGCGGGAGGTGAAGGGCGAGGCGGCCTCGGACCCCACGGAGGGGATCGGCCGGCCCAAGGCCGGGAGGCGGCTTCCCCTGCACCCGGGCCCCGAGGAGCTCAAGCGCTTCCTCGAGGCCTTCCGCGAGGAGAAGGAGGCGGCCCTCCTCGAGGCCCTGGCCCGCTTCCTCTACGGCACGGGCCTCCGCATCTCCGAGGCCCTCTCCCTGAAGGGGCGGAACGTGGTCCTCGAGGGAGGGAGCCCCGTGGCGGTGCGGGTGGTGGGTAAGGGGAACAAGGAAAGGCTTGTGCCGCTCTCCAAGACGGCCCGGGAGGTCCTGGAGGCCTTGGGACGGCTACAGGGAAATGTGAATATATTTACTTTCTCGCAGGGGCGGCGCAAAGGCCACGTCCCCTCGGCCCGCTGGGTGGAGGCCAAGTTCCGGGAGGCCGCCCTTAGGGCGGGTCTGGACCCCAGGCGCTTCACCCCCCACAAGCTCCGCCACGCCTACGCCACCCTCCTCGTGGAGCGGGGCGTGGAGCTGGACGCGGTGAAGGACCTCCTGGGGCACGAGTCCATCGCCACCACCCAGATCTACCTCCATGCCTCCCGGGAGCGCCTTCGGGAGGCGGCCTCGAGGCTCCCCGAGCTCTGAACCCCGCCCCAAGCGGGCTTGCGCCGGCAGGGTGGCGGGGACACTTGACCCTTCGCCCAGGTTGTGCGAAACTAACAAACGACCGTTAGCCATGGACCGCCGGAGCCAGATCCTCACCATCGCCGGGCACCTCTTCAGCCAGAGGGGCTACCACGCCACCAGCATGCGGGAGCTCGCCCGCCACCTGAACCTCCAGGGCGGGAGCCTCTACGCCCACATCCAGTCCAAGGAGGAGCTCCTCCTGGAGGTGGTGCGCCAGGCGGCGGAGCGGTTCCAGAAGGTCTTGGAGGAGCTTCCTTCGGGAGACCCCGTGACCCGGATGAAGGCCCTTGTCAAGGGCCACCTCCGGGTCATCGCCGAGGAGCTTCCCCGGGCCACGGTCTTCTTCCACGAGTGGAAGCACCTCTCCCCTCCCCTCCTCGAGGAGGCCAAGGCCCTGAGGCGCCGCTACGAGGAGGGGGTGCAGGCCGTGGTGGAGGAGGGGGTGCGGGCGGGGGTCTTCCGGGTGGAAAGCGTGCGGCTCGCCACCCTCTTCGTCCTCTCCGCCCTCAACTGGACCTACCAGTGGTACCGGCCCGACGGCCCCCTCTCCCTGGAAGCGCTCGCGGAGGCCTACGCCGAGCTGGTCCTCAAGGCCCTTGGCGTGGCGGCTTCCCCGGAAGGGGAACGCCGTGAGGAAGGAGGCGAAGATGGTGAAGCTTAGGATCGGCTACCCCGAGGACCCCGACTACCAGGAAAGGCTAGAGGAGTTTGAGGCCCGGATCGCCCGGGGGGAGAAGATTGAACCCGGGGACTGGATGCCCGCAGAGTACCGGAGGCAGCTCATCCGGATGATCTCCCAGCACGCCCACAGCGAATGGGTGGGCATGCTCCCCGAGGGCGCCTGGATCACCCGGGCCCCTTCCATCCGGCGCAAGCTCATCCTCCTGGCCAAGGTCCAGGACGAGGCGGGGCACGGCCAGTACCTCTACCACGCCGCCGAGACCCTGGGGATCACCCGGGAGGAGATGGTGGAGGCCCTGCTCTCGGGGAAGGCCAAGTACTCCAACATCTTCAACTACCCCACCCTCACCTGGGCGGACGTGGCCATCATCGGCTGGCTGGTGGACGGCATGGCCATCAAGAACCAGACCATGCTGGCCCAGTGCTCCTACGGCCCCTACTCCCGGGCCATGGTGCGCATCTGCGCCGAGGAGACCTTCCACCACAAGCAGGGGAAGGAGGCGGTCCTCCTCTACGCCAAAGGCTCCCGCAAGCAGCGGCAGATGGTCCAGGACGCCCTGAACCG
NZ_AP031330.1_gap21	1137522	1141425	3903	CAACCGCAACCGCACCGCAAGCGAGGTGCGCCACGTCTTCAGCAAGCACGGGGGCTCCCTGGGCACCACGGGGAGCGTGGCCTGGCAGTTTGAGCGGCGGGGCGTGGTCGTCTGTGAGAACACCGAGGCGGCCCAGGAGGCGGCCATTGAGCTCGGCGCCCTGGACCTGGAGGAGGAAGGGGAAAACCTCACCGTCTACACCGAGCCCACGGAGGCCTACCGGATCGCCGAGGCCCTGAAGGCCAAGGGGGTGCGGGTGGAGGCGGTGGAGGTGGTGCAGCACCCCCAGAACACCGTCGCCCTCCCCCCGGAGGAAGCCCAGAAGGTGATGCGGCTCGTGGAGGCCCTGGAAGACCTGGACGACGTCCAGCACGTCTACACCAACCTGGACCCCGAGAGCCTCCAGGTAGAGGCTTAAGCCCCCCTGCCCGGGCTCCGCAACACGGAACCCTGGCTAAGGGGCCCGGGGACTTTTTGCCGGGGCCCCCATGCGGGCAGAAGTCGGCATGGGGTGGTCCAAGACCCCCGAGGCCCCCGCACGGGGGCTTCGGTGTGGAAAGCAAAACCGCCCCTTTTGCGCATAGCCGCAAAAGGGGCTTTTCTTGACCGCCTCCCTCACCCTGCCCTAAGCTTCCCCTAACCGCGAGGAAGGGCGCCTCACCTATGGGGAAAAACCCTAAGGCGTTTCCTCGCGGGGGGAGGAGCTTATGGACCGGGAGCACCTGGAAGCGTATTGGGCCAAGAACCTAAGCCTTATCCGGAACCTCCTCGTGGTCTGGGCGGTGGTGGCCTACGTGCTGGGCATCCTCCTCGCCCCCGCCCTGAACGGCATCCGCCTCTTCGGCGGGCCACCCTTGGGCTTCTGGATCGCCCAGCAGGGGAGCATCTGGGTGTTCATCGTGCTGATCTTCGTCTACGCGGCCAGGATGCAGGCCTTGGACCGGGAGTACGGCGTGGCGGACTAGGAGGGAACCATGAGCGTTGAGGCGTGGACCTGGACCATCGTCATCCTGAGCTTCGCCCTCTACCTCGGGATCGGCTACTGGGCCCGGGTGCGGGAAACGGCGGGCTTCTACGTGGCGGGCCGCGGCGTGCCCCCTGTGGCCAACGGGGCCGCCACCGCCGCCGACTGGATGTCGGGGGCAAGCTACATCTCCATGGCGGGCCTCATCAGCTTCCTGGGCTTTGACGGGGCGGTCTACCTCATGGGCTGGACGGGGGGGTACGTGCTCCTCGCCCTCCTCCTCGCCCCCTACCTCAGGAAGTTTGGCCGTTACACCGTGCCCGAGTTCATCGGGGACCGGTACTACTCCAACCTGGCCCGGGTGGTGGCGGTGATCGCCGCCATCTTCGTCTCCTTCGTGTACGCCGTGCCCCAGGTCCGGGGCGTGGGCATCGTCCTCTCCCGCTACCTGGGGGTGGACGTGGCCACGGGGATCTGGGCGGCGGTGCTGGTCACCGCCTTCATCGCCGTGCTGGGCGGGATGAAGGGGATCACCTGGACCCAGGTGGTCCAGTACGTGGTCCTCATCACCGCCTACCTCATCATGGGCATCGCCCTCACCAACCTCCTCACCGGCAACCCCATCCCCCAGCTCGCCTTCACCTTCAGCGACTTCGCCGTGCGGCTGAGCGAGCTCCAGGTGGAGCTCGGCTTCAAGGAGTACGTCGCCCCCTTCCAGAACCTCTCCGCCCTCAACGTCTTCCTCATCACCCTGACCCTGATGGTGGGGACGGCGGGCCTGCCCCACGTGATCATCCGCTTCTACACGGTGCCCAAGGCCTCCGACGCCCGCTGGAGCGCGGGCTGGGCCCTCCTCTTCATCGGCCTCCTTTACACCACCGCCCCCGCCGTGGCCGTCTTCTCCAAGTACAACCTCCTCACCGCCCTGGCCAACAAGCCCATAGAGGAGGTGCGCCAGATTGACTGGGTGCAGAAGTGGGAGCAGACGGGCCTCCTGAAGCTTCAGGACAAAAACGGCGACGGCATCCTGCAGATGAGCGGGGACCCGCAGGTCAACGAGGTGACCATAGACCGGGACATCATCGTCCTCTCCACCCCGGAGGTGGCCAAGCTCTCCCCCTTCATCGTGGGCCTGGTGGCCGCAGGGGGCCTGGCCGCAGCGCTTTCCACGGCGGCGGGGCTCCTCATCGTCATCGCCAGCGCCATCAGCCACGACCTCTACACCCGGCTCATCAACCCAGGCGCCTCCGAGGCCACCAAGCTCCTCATCGCCCGGGTGGTCATCTTCCTGGTGGTGGTCTTGGCGGCGCCCTTCGGCATCAACCCGCCCGCCTTCATCGCCCAGCTCGTGGCCTTCGCCTTCGGGCTCGCCGCCAGCGCCTTCTTCCCCGCCATCCTCCTCGGGATCTTTGACCGAAGGATGAACATGCAAGGCGCGGTGGCCGGGATGCTGGTGGGCCTGGTCTTCACCGCCACCTACATCATCGGCACCTCGTACCTGGGCTGGCCGAACTTCATCCTCGGCATCACCGCCGAAGGCATCGGCGCCATCGGGATGCTCCTCAACTTCGTGGTGGCCTACCTGGTCTCCCGGGCCACGCCGCCGCCTCCTGAGGAGATCCAGCACCTGGTGGACGATATCCGCATCCCCAAGGGCAGCGCGGGCTCGGCCCTGGAACACTAAGCCCAAAGGAAGGCCCCATCCCGGGAAGCCGGGGTGGGGCTCTAAACTGAAGCCATGCCCCTCCTTTACCTGAGGTTTTACCTGGGAAGCCTCTCCGCGCTCTTTGCCTTCTACCTTCTCGGCCACTACCTTTTGGGCTTCCCCTTCCCCACGCCCACCACCCTTCTGCACCTGGCCCTCGGCGCAGGGGCAGGGGTGGGGCTTGGGGCGGTTTACCACCGGGTCTGGCCCCTCCCCCCTCCTGGGCTTGGCCGGGTGGTGCGGCTTTTCGTCCTCCTCCCTCCCGCCTTCATGCTGGGCATCGGCCTCCTCGTCCTCCTCCAGGCCCAGGTGGCCCTGCCCTACCTGGTGCCCCTTCTGGCCTGGCTCACCCCTGACTATGGAAAGGCCCCTTCCTCCACCCCTTGACGCCCTCCCCGAGGAAGCCGTCCGGGCCTTCCTCGCCCGGGGGGAGGAGGTCGCAGCCGAAGAAGGGGAGGTTCTCCTCGAGGCCCAAGGGCCCCCTGCAACCCATCTCTACCTGGTCCTCGAGGGGGAGGTGGCCCTGGAGGAAGAGGGCGAGGAGGTGGAGCGGCTCGGCCCCGGGAGCTTCTTCGGCTACCCCTCCCTGCTCTCCGGGGCAAGCCCCGTCTTCACCGTGCGGGCCCGGGGGAAAACCCGCCTCCTCCGCTTCCCCAAGGAGGCCTTTGAGACCCTCCTCGCCTACCCCGAGGCGGCCCGCTTCTTCGGCCGGGGGGTGGCGGAGCGCCTCCGGCTGCGGCCGGAGAGGGTCCTGGAGCCGGGCCTCGCCCGGCCCGTGGGGGAGCTGGTGCAACGCCCCCCCGTCTTCGTGGACCCCACCGCCTCCGTGGAGGAGGCGGCCCGGCGCATGCGGGAGGAGGGGATCTCCAGCCTCCTCGTCCGGGGGGAGCCCCTGGGCATCCTCACGGACCGGGACCTGAGGAACCGGGTCCTGGCCGAGGGGCTTCCCCCCTCCACCCCGGTGGGCCAGGTGGCCACCCGGCCCACCTTCACCCTCCCCGCCGACACCCCCCTCCTGGAGGCGGTGGCCGCCATGCTGGAACGCCGGATCCACCACCTCCCCCTCACCCGGGGGGAGGAGGTGGTGGGGGTGGTCACCCACACGGACCTCCTCGCCCACCAGGCGCAAAGCCCCCTGGCCCTCCTCCGGCGGGTGGAACGGCTGGAGCTCGCCCGCTACGGGGAGGAGGTGGCCCGGCTGGTGGCGGGCCTGTTCCAGGCGGGGGTCCCCGCC
NZ_AP031330.1_gap22	1149298	1151576	2278	AAAGGGCGTCACCTAACCCTCCAAGGCCTCCGGGTGGTGCTTCCGCCAGTAGCGCATGAGGCCCTGGAGGTTCATGAAGGGGGGGTCGGCGAGGGCGTAGAGGCGCATCCCCGCCTCGTCCACCCCGGCCTCCCTAAGGCCCTCGCGCCAGTAGGCCTCAAAGCGCCGGACCATCTCCTCCTCGGGAAGCCCCTCCTTCAGGCGGTGGAGGACCCAGCCCGCCCAGGCCTCCAGAACCCCCTTGAGCCCCTGGAGGTGGGCCTCCACGTCCTCGTAGGCGCCGAAGTGGGTGAGGTAGAGGGCCTTGGGCCTTAAGGTGAGGAGGCGGTCCAAGGAGGCGTACCAGCTTTCCAGGTGGATGTCCGGGGGCGGGGTGGGCGGGAGGACGGGCCCGGGGGCGATCCGCACCCCGGCCACGTCCCCGGTGAAGACGAGGTCCCCCACCCGGTAGGCGTGGTGGTGGGAAGCGTGCCCCGGGGTCTCCACCGCCTGGACCTCGAGGCCGCCCAGGGCCACCACCTCCCCGTCGGCGAGGGGGCGCACCCTCTCCTTTGGGATCCCCCGGGCCTCGCCCCAGAGGGCCTTGAGCTGGTCCCCGTAGATCCTTTCCGCCGAGGCGAGGAGCCTGGAGGGGTCCACCAGGTGGGGGGCGCCCCTGGGGTGGACGTAGATCGTGGCCCCAAGCTCCGCCAAGCGCCAGGCCGCCCCCGCGTGGTCCAGGTGGATGTGGGTCACGAAGACGTGGCGCACCTCCTCCGGCCGCACCCCCTCTTCCCGCAAAGCCTCCACCAGACGGGGGTAGCAGCTCTCCGGCCCCGTTTCTATGAGGATGGGCCCCTCCTCCGTCTCAAGGAGAAAGCTGGCGATGACCCGGGGATCCCCCTGGAAGCGGAGGTCCAAGACCCTTACCACGGCTTCTCCTCCTTGGGTCCGACGAGGGTGAAGAGGGTCCCCACGCCCTCCACCGCCACCTCCAGCCGGTCCCCGGGCCTCAGGGCCCCCACGCCCTCGGGGGTCCCGGTGAGGACCACGTCCAGAGGCTCCAGGGTCATGAAGGTGGAGATGTAGGAGAGGATCTCGGCCACGCTGAAGATCATCTGGGAAGTGTGCCCCTCCTGGCGGAGCTCCCCGTTCACGTAGGTGCGCACCCAGGTGTCCTGGGGGTTGAGGTCCGTCTCCAACCAGGGGCCCAAGGGCAGGAACTTGTCGGCGCTCTTGGCCCGGACCCACTGCAGGTCCTTCTTCTGCACGTCCCGGGCGGTGATGTCCACGGCCACGGTGTAGCCCAGGACGTGGTCCAGGGCCTTCTCCGGGGGGACATGGCGCATCCTATCCCCGACGACCACGGCAAGCTCCCCCTCGTAGTGGAGCTCCTGCGTGAAAAAGGGGTAGGGGACGGGCTCGGCGGTCCCCCAAGGGTCCCTGGGGTTCCCGGGCCGGGCCAGGGCGTTGGGCCCCTTGAGGAAGAGGCCGGGCTCCTTGGGCAGGTCCTCCCCGAAGTCGTGCCCCATCTCCCGGATGTGCTCCCGGTAGTTCCGCCCCACGCAGACGATCTTGGTGGGCGTGGCCGGGGGCAGCAGGGTGACGGAGGCCAGGTCGTACCGCCTTCCCGTGGGGTTCCCCCCGGGGCCGTCCGTCTCCAGGACGAGCTCGCCCTCGAGGACCCCCCACCTCCCCTCGTTGAAGCGCAGGATCTTCATGCCCCTAAGCTACCACCTGCCCGCCAGGATTTGCAGGCCCCGGAGGAGGACGACCCCCGCCACGAGAAGCGCCCCGAGCCTCGCCTCCCCGGAAAGGGTGTAGACGAGGAGGAGGTAGCCGAAGATGGCCCCGAAGGGGATGGGGTAGATCCCCTTGCGCCGCCTCCTCCAGAAGAGGAGGTGGTAAAGCCCCGCCACCCCAAGGCCGAAGAGGGTAGCCCAGAGGGTCTCCGCTGGCCGCCAGACGAGGAAGAAGCCGAGGGAGGGGGCGATGCCGCCGCCGCCCCTGAAGCGGAAGAAAACGGGCCAGGTGTGCCCGGCCACGAGCAAGGCCCCGGCCCAGGGAAGGTAGGCCTCCGGGGTCAAAAGGGCCACCAGCGCCCCCTTGCCCAGGTCAAAGGCCACCGCGAGGAGGGCCGCCCAGGGCCCCTTCCTCCGGAAGACCCCCGAGCCCCCGGGGAGGTCCTTCCCCCGCACCTCCGGGAAGAAGAGGAGCCCGGCCACCAAGGAGCCCACGAGGTAGGCGAAAACCAGGTGGGCCACGGGAGGATCTTACCAGGGCCTTGCCCCCTTGGGCG
NZ_AP031330.1_gap23	1155985	1159856	3871	TGAACGCGGCGAGCATCCACACCGGCGTGGCCGACCGGGACAACCACCTCCGCTCCCCGGACTTCCTGGACGTGGCCAACCACCCGGAGATCGTCTTCCGGAGCGAGAGGATCACCCCCCTGGGGGAGGGCCGCTACCGGGTGGAAGGGGAGGTGACCATCCGGGGCGTAACCCGGCCCCTGGCCTTTGAGGTGGAAACCCACGGCCCCGTGAAGGACCCCTGGGGGAACGAGCGCATCGCCGCCCACTTTGAGGGGAAGCTGAACCGCAAGGACTTCGGCCTCACCTGGAACATGCCCCTGGAGGCCGGGGGGCTTCTCGTGGGCGAGGAGGTGCGCTTCAGCGTGGACACCGAGGCGGTGAAGGCGAAAGAAGAGGTAAACGCCTAGATGGTCCCCGCCTCGCTTCGGCACGCCCTCCGGGCCACGGGCCTGGCCCTCCTCGTCTTCGTCCTATTCCTTTTCCTGCCCTTCGCCGCCACCCCACGCCCCGACACCCGGGCCGTCCTGCTCCTCCTGCACGTACCCCCGGTGGCGGCCTACCTCTGGGGCCTGTGGAGAATGGAAGGGGAAATCCGCCCGTGAGGCGGCTTCTCGGCCTCACCCTCAGGGTGCGGGACCTGAAGGCCCAGCTGGGCTTCTACCAAGGCCTTCTGGGCCTAAAGGCGGAGGCCGACCCGCCCCGCTACCGGCTTTTCCCCGAGGGGAAGGGCTTCGTTCTGGAGCTTCTCCACGACCCCGAGGCCCCCTTAAGGCCCTACCCCTCCTTAGGCCTCTACCACTTCGCCCTCCTCCTGCCCCACCGCAAGGCCCTCGCCGGGGTCTTCCGCAGGCTCCTGGAGGCGGGGGCCCACTTTGAGGGGGCGGCGGACCACGGGGTCTCGGAGGCCCTCTACTTCCGCGACCCCGAGGGGAACGGCCTGGAGCTCTACCGGGACCGCCCCAAGGAAGCGTGGCCCAAGGGCCCCCTCATGTTCACGGCGCCCCTGAACCTGGAAAAGCTCCTCGCGGAAAACCCGGACCCCACCCCCTTCCCCCCGAAACCCTTCTTGGACACCTCCACCTCCACGTGGAGGACCTGGCGGCGGCGGAGGCCTTCTTTAGCGGGAAGCTCGGCATGGAGGTGACCTTGCGCACCTACCCCGGGGCCCTCTTCTTCGCCTGGGACGGCTACCACCACCACGTGGGGGCGAACACCTGGGCGCCAAGGCGCAAGGCGCCCCCTGGGGCCACGGGGCTTTTGGGCTACACCCTCCTCGCCCCTCCCGGCGTTCCCCCCGGGGAGCACCCCGACCCCACCGGGGCCTTGGCCCGGGTCTTGACGGAGCCCCCGCCTTCCCCGTAGACTCTAGACCAACTATGTGGACCCTAGGGCGCCACTTCGGCTTTTATTACCCCGCCGGGGGCGCCCTGCGGTCCGCGTAGGCCATACCGCGAAAAGGGCGCCCCCTAAAGGGGGCGCTCAAAGCTTTTGGGAGGGAAGCCATGTTGATCGTGATGAAGCGGGGGCACACGGAGGAGGAGCTTCAGGAAGTGGTGCGGGAAATAGAGAAGGTGGGCTACCGGCCCCACGTCTCCCGGGGCGTGGAGACCACCTTGGTGGGGGCCATCGGCCGGGGGCCCACCCCGGAGCTCATGGAGCACTTCCGGGCCCTGCCGGGGGTGGCCGAGGTCATCCCCATCTCCAAGCCCTACAAGCTCGCGAGCCTCGAGGTCCAGCCCTTCCCCACGGTCCTGGAGTTCCCCACGGGGAAGACGGGGGGCGGCCACGTGATGGTGGCGGCAGGCCCTTGCGGGGTGGAGTCCCGGGAGCAGACCCTAAAGGCCGCCCGCTACGTGAAGGCCCACGGGGCCCACATGCTCCGGGGGGGAGCTTTCAAACCCCGCACGAGCCCCTACGCCTTCCAGGGCCTGGGCCTCGAGGGCCTGAAGATCCTCGCCGAGGCCAAGAGGGAGACGGGGCTCCCCATCGTCACCGAGGTCCTCTCCCCGGAGCAGGTGGAGCTCGTGGCCGAGTACGCCGACGTCCTCCAGATCGGGGCGCGGAACGCCCAGAACTTTCCCCTGCTCCAGGCGGTGGGGGAGGCGGGCAAGCCCGTCCTCCTCAAGCGGGGGATGAGCATGACCCTGGAAGAGTTCCTCATGAGCGCGGAGTACATCCTCTCCCGGGGCAACATGCGGGTGATCCTGGTGGAGCGGGGCATCCGCACCTTTGAGAAGGCGACCCGCTTCACCCTGGACGTCTCCGCCGTGCCCGTCCTCAAGAGCTGGACCCACCTCCCCGTCTGGATAGACCCCTCCCACCCGGCGGGCAAGAGGGACTGGGTCATCCCCTTGGCCCTGGCGGGCCTGGCGGCGGGGGCCGACGGCCTCATCGTGGAGACCCACCCCGAGCCGGAGAAGGCGCTTTCCGACGCCGCGCAACAGCTCCACGAGCACGAGTTCGCCGAGCTCATGGACAAGGTGCGCCGCCTGGTGGCCGCCCTGGACAAGACCCTCGCCACCCCCGTCCTGGGATGAGGCCCCTCTTCGGCAAAGTCGGGGTCTTCGGCGTGGGCCTTTTGGGCGGGAGCGTGGCCCTGGGGATTAAGGAGCGCTTCCTCGCCGAGGAGGTCCACGCCTACGACCAAGACCCTCTGGCCCTGGAGAAGGCCCTCTTTCTCGGCGTGGCCGACCGGGTGCACACCGAGGTGGGCCCCTGGGTGGGGGAGCTTGACCTCGGGGTCCTCGCCGCCCCCGTGGGGGCACTGGCCGAGCTGGGGGAAGCCCTCGCCCCCTGGGCCCACCCAGAGAGCCTCTGGACCGACGTGGGAAGCGTGAAGGCCAAGGTGGTGGCCGCCCTGGAAGGCCTCCTCCCCCACTACCTGGGGGGGCACCCCATGGCGGGAAGCGAACGGGCCGGGGTGGAGAACGCCCACGCCGGGCTTTTGCAGAACGCCGTCTGGGTCCTGACCCCCACGGAACGGACGAGCCCCAGGGCCCGGGAGGGCGTGCGGGGGCTCGTGGAAGCCCTGGGGGCCTACCCCCTGGAGATGCCCCCCGGGCTTCACGACGAGCTCGTGGCCCGGGTCTCCCACCTCCCCTACCTCCTCGCCGTGGCCTTGAACCGCATGGTGGCGCGAAGCCCCCACAAGGACCTCCTCATCTTCCTGGCGGCGGGGGGCTTCCGCGACCTCACCCGGGTGGCCTCCGGCTCCCCCAGGATGAGCCGGGACATGGTGGTGGAGAACAAGGAGGCCCTGAAGGAGGCCATAGAGGAGCTCCGGGAGGTCCTCCTGGAGCTGGAAGGCCTCCTGGAGGAGCCCGAAAGGCTTCTTAAGGCGGCGGAAGAGGCCAAGCGCACCCGGGACAGCCTCCCCATCGTGCGCCGAAGCCTCCTCCCCGAGATGCACGACCTCGTGGTCCAGGTCCCGGACCGGCCCGGGGAGATCGCCCGGATCGCCACCGCCTTGGGCGAGGCGGGGGTAAACATCAAGGACATAGAGGTCCTCACCATCCGGGAGGCGGCGGGGGCCCTCCGCCTCTCCTTCGCCACCCGGGAGGAGCGGGAAAGGGCCCGGCGCGTCCTCCAGGAGGCGGGCTACCGCTTGCCCTGAGGCGGGGCGAGGACCACCCGGCCCTTCCCCAGGGCCTTGGCCCGGTAGAGGGCTTGGTCGGCCCGTAGGAAGAGGTCCTCGAGGTCCCCCGCGTAGACGGCCACCCCCAGGCTCGCCCAGACCCCCTCCTCCTGGAGGCGGCGCCAAAGCCGCTCCGCCACCTCCACCGCCTCCTTCTCCTCCGTCCCCGGGAGGAGGACGGCGAACTCGTCCCCGCCCCACCGGGCCACGAGGTCCCCCCGGCGCACCCCCGAGACCAGGACCCGGGCCACCCGC
NZ_AP031330.1_gap24	1254316	1257883	3567	CGTTGCGGGTTTTTACGAGGCCACCCGCACCTCGGCGCGCAGCCACGCCCTCGGCGACCCCCGTCGAGACCGTTTCACCCCCACGGGTTTTCGGGCCGGGCTCGGACCGGACCAGCCTTGAGTATACCGGACTAAAGGGGTTGTAGTCAAGGAGGGGGAAGGTGTAGACTAAAGGCAGTGCTCCCAAGGGCGGGGGTGGGTGTAAACCCACCCTTCCTTTGTGAAGGGGGCGGGGAGGTGACCGTGGACCTTTGGCAGCTGGTGGAAGAGGCGGTTTCGCCCCTGGGGCTGGACGTCCTCGAGGTCCACTTCGCCCGGGGCGAGCTCCTCGTCCGCCTGGAGCGGAAGGACGAGCGCCCCATCACCGTGGCCGACCTGGAGGAGGCGAGCCGCCACATCGAGGCCGCCCTAGACCGGGAGGACCCCATCCCGGGAAGCTACCGGCTTTTGGTGGAGTCCCCGGGGCCCAAAAGGCCCCTCTTCACCCGGCGGCACTTTGAGCGGTTCCAGGGCCTCAAGGCCAAGGTTCCGGGTCCCGAGGGGTTCACGGGGCGGATCCTCCGGGTGGAGGGGGAGGAGGTGGTCTTCCAGGTGGGCGACGAGGAGCGGCGCCTTAGGATCGGCACCTTCCGGGCCAACCTGGCGGAGTGGCCCGAGGAGCCCAGGTAAAGGGAGGTAAAAAGAGATGAACAGGGAGTTCGTGGAAGCCATGCAGCACCTGGCCCTGGAGCGCGGGGTCAGCGTGGAGGAGATCCTGGAGGCCTTCAAGGAGGCCCTGCGCAAGGCCTACATCAAGCGGCAGAAGGGCTACAAGAAGGAGGAGATTGACCAGGGGAAGGGCCCCGAGGTGGACGTCTACATTGACCCGAACTCGGGCCGCATTGAGATGGTGGAGGTCCGGCGGGTGGTGGAGAAGGTGGAGGACCCCGACAAGGAGATCGCCCTCGCCGAGGCCCTCCAGTACGACCCCGAGGTCCAGGTGGGGGACGAGATGGAGTTCCCCATCAACCCGGAGGAGCTCTCCCGCATGGCCATCCAGGACCTGCGCCAGATCCTGACCCAGCGCCTCAAGGAGTCGGAACGCAACCGCATCTACAACGAGTACAAGGACAAGGAGGGCCAGGTCCTCACCGGGGTGGTAACCCGGGTGGACAACCGGGGGAACGTCTTCGTGGACCTGGGCCGGGGAGAGGCCTACCTGCCCAAGAACGAGCAGATCCCCACCGAGCGCTACTACCCAGGCCAGCGCCTCAAGGTCTACCTGAAGAAGGTGGACCGCTCCGCCAAGGGCCCCTCCCTCATCGTGAGCCGGGCCCACGAGGAGCTCTTGAAGCACCTCCTCAAGCAGGAGGTGCCCGAGATCGCCGAGGGCATCGTGGAAATCAAGGCCATCGCCCGGGAGCCCGGCCGCCGGAGCAAGGTGGCGGTCATGAGCCACAACCCCAACGTGGACCCCATCGGGGCCTGCATCGGGCACAAGGGCCAGCGCATCCAGGCGGTTTCCGCCGAGCTCGGCCGGGAGAAGGTGGACATCATCCTGTGGTCCAAGGACCCCAAGGAGTTCATCCGTAACGCCCTCTCCCCCGCCCAGGTGGGTTCCATTGAGCTTGACCCCGAGGCGAAGAAGGCCCGGGTCAAGGTCACCAAGGACCAGCACTCCCTGGCCATCGGCACCGGGGGGCAGAACGTCCGCCTGGCCTCCAAGCTCACCGGGTACGACATCCACTTTGAGGAGGCGGAGATCTCCGACCTGGACGAGGCCCTGCGGCGCGCCGCCGAGGAGGAGGCCGAGGCCCGGGAAAGGAAGGCCCGCGAGGAGTTTGAGAAGCTCTTCCGTGACCTCGGATGAAGCACGTCCCCATCCGCATGTGCGTGGCCTGCCGCCGGAGGCGGCCCAAGGGGGAGCTTCTCCGCATCCTGGTCACGGAGGAGGGTTTCGTCATCGACCCGAGCGGCAAGCGGCCGGGACGGGGGGCTTACGTCTGCCCCGACAGTCCCGAGTGCCGCTCGGAAAAGCGGCTCCGGCGCTTCGCCGGGGCCAAGGCCAGGGCCTTGGCCGAGGCCCTGGTCGCTTACCTAGGAGGTGAAGATGGCCAAGGTAAGGATCTACCAGCTGGCTAAGGAGCTGGGCATGGAAACCCAGGAGCTTTTAGAACTCCTGGACCAGATGGGGGTGGCCTACAAGTCCCACGCCTCCACCCTGGAGGAGAAGGACGCGGAGGCGGTGCGGGAGCTCGTCAAGGAGCAGCGGGGACTCCAGGAGAAGCTTGCCGAGGAGGAACGCCGCAAAAGCCTTCCCCGGCGCCCTCCCGTGGTGGTCATCATGGGCCACGTGGACCACGGGAAGACGACCCTCCTGGACTACCTCCGCAAAAGCCGCATCGCCGAGAAGGAGGCCGGGGGGATCACCCAGCACGTGGGCGCCTTTGAGGTGAAGACGCCCCAGGGCACCGTGGTCTTCATTGACACGCCGGGGCACGAGGCCTTCACCACCATCCGGCAGCGCGGGGCCAAGGTGGCGGACATCGCCGTCATCGTCATCGCCGCCGACGACGGCATCATGCCCCAGACGGAGGAGGCCATCGCCCACGCCAAGGCCGCGGGGGCCAAGCTCATCTTTGCCATCAACAAGATTGACCTGCCCCAGGCGGACCCCGAGAAGGTGAAGCGGCAACTCATGGAGCGGGGCTTCGTCCCCGAGGAGTACGGCGGCGACGCCATCGTCATCCCCATCAGCGCCAAGACGGGGCAGGGGGTCCAGGACCTCCTGGAGATGATCCTCCTCCTCGCCGAGCTGGAGGACTACCGGGCCGACCCCAACGCCGAGCCCCGGGGGGTGATCCTGGAGTCCAAGCTGGACAAGCAGGCGGGCATCATCGCCAACATGCTCGTCCAGGAGGGAACCTTCCGGGTGGGGGACTACGTGGTGGCCGGGGAGGCCTACGGCCGCATCCGCGCCATGATGGACGCCGACGGCAACCAGCGCAAGGAGGCGGGGCCGGGGAGCGCGGTGCAGGTTTTGGGCTTCCAGGAGCTTCCCCACGCCGGGGACGTGGTGGAGTGGGTGCCGGACCTCGAGGCCGCCAAGGAGATCACCGAGGAGCGCAAGGAGGAGAGGAAGGCGCGGGAGGAGGAGGAGAAGGCCCGCCGCCCCCGGACCATGGCCGAGCTCCTCCGGGCCATGCAGGAGGAGGGGAGGAAGGAGCTCAACCTCATCCTCCGGGCCGACACCCAGGGCTCCCTCGAGGCCATCCAGCACATCCTGGCCCGGGAGAGCACCGAGGACGTGAAGATCAACATCCTCCTCGCCCAGGTGGGCGCCCCCACGGAGTCCGACGTCCTCCTCGCCCAGACGGCGAACGCGGCCATCCTGGCCTTCGGCGTGAACCCGCCGGGCTCGGTGAAGAAGAAGGCGGAGGAGAAGGGCGTCCTCCTCAAGACCTTCCGCATCATCTACGACCTGGTGGACGAGGTCCGCAACATGGTCAAGGGGCAGAAGGAGCCAAAGTACAAGGAGGAGGTTCTGGGCCGGGCCGAGGTGCGGGCCATCTTCCGCCTCCCCACGGG
NZ_AP031330.1_gap25	1260204	1261273	1069	ATGGCGGTCCTGGTGGGGCTTGGCCTCATCCTCCTCTACGTGGCCTTCCGCTTTGACTGGACCTTCGGCGTGGCCAGCATCCTGGCCGTGGCCCACGACGTGGCCATCGTGGCCGGGATGTACAGCCTCCTGGGCCTGGAGTTCTCCATCCCCACCATCGCCGCCCTCCTCACCATCGTGGGCTACTCCATCAACGACTCCATCGTGGTCTCGGACCGCATCCGGGAGAACCAGAAGCTCCTCCGGCACCTGCCCTACGCCGAGCTCGTCAACCGCTCCATCAACCAGACCCTTTCCCGCACGGTGATGACGAGCCTCACCACCCTCCTTCCCATCCTCGCCCTCCTCTTCCTGGGAGGGAGTGTCCTCAGGGACTTCGCCCTGGCCATCTTCGTGGGCATCTTCGTGGGGACTTACAGCTCCATCTACGTGGTGAGCGCCTTGGTGGTGGCCTGGAAGAACCGCAGGAAGGCCCAAGAGGCCAGCAAGGCCTAGTCCCCTTCCAGCTCCGCCTCCGCCACAAGGCGGAGGCGGAGCCCTTTTTCGTAGAGCGCCGTCCCCCGGAGGCGGCCCAAAGCCGCCTCGTCCAGGGGGTCCAGCCGCAGGGCCAAAAGCCAGTCCTCGGGGCGAGGGCTTTGCAGGAGGCCCCGCCGCCTCTCCTCCAGGTAGGCCTGGGCGGCCTCGTCCAGGACGGGGTGGTCCAGCCCCCGATAGGGGGAAAGGGGAGGAAGGGCGGGGTCACGGAGGTCCAGGTAGAGCTCGGGCGCCTCGAGGTTCAGCCCGTAGGGCCGGGCCCGGAGAAAGTAGGGAGGGGCCCCTTTGGGCCTTTCGGGCTCCAGGGCGTTCACCACCTCCCACCAGAGGACCCTAAACTCCCCCGGGGTGGCCTCCAGGGCCTCCAGAAGGTCCTCCTTCTCCCAGTCCCTCACGGTGAGGAGGGCGAGGAGGAGCCGCGCCTTCTCCCGCCGGAAACGGACGGGCCTGCCCTCCACCCGCACCTCAAACCCGCCCAGGGCCCGGACCTCCACCCGCACCCCCGGGTGGTAGGGCACGGGAAGGCGCCCGAGCC
NZ_AP031330.1_gap26	1293092	1297209	4117	GCCCTCTCCGTGGCCCGCGCCCTGGGCCAGGCCCTGGGGAGCGCCCTCGCCGGGGGAAGCCTCGGGCTTTTCTACCGCCTCTTTCCCAGCCACGGCCTGGCCTTCGCCGCCACGGCGCTTCTCCTCACGGGGCTCATGGGGCTTGCCGCCTTCCTCGTCCGGGGCCGGGAAGGGCCGGGAAGGGTCAGGTGAGGAGGTGGGCCATGCGCCGCTGGACGATCCGGGCGGCGAGGGCAGGGCTTAAGCGATAGAGGAGGTCCATGGTCTGGGCGTCCCGGCCCAGGAGCACTCGGAAGGCGTCCCGTTCCACGGCGTCCAGGAGGCGCTTGGCCGCCACCTCGGGCTCGAGGACGGGCACCTTCGCCCCTTCCGCCCTCGGAGCTTCCACCCCCGAGTGCTCGGCGATCCCCGTGCGCATGGCCCCGGGCAGGACCAGGGTGACGCGTACCGGGGTCCCCTGGAGTTCGGCCCAGAGGGCCTCGGTGAGGAGCATCACCGCCGCCTTAGAGGCCCCGTAAAGGGCCTGCCCCGGCACGGGCACGAAGGCCCCCATGCTGGAGACGTTCACCAGGTGGGCCTCGGGGCGCTTGAGGAGCCTGGGCAGAAAAGCCCGGGTCATGTGGAGGGTACCCCAGAAGTTCACCCGCATCACGCGCTCCATGGCCGCCTCGTCCAGGTCCAAGAGGCGCTTAAAGGGCTGGATGATCCCGGCGTTGTTGATGAGGCCGTCCACCTGGCCGTGGACCCGTTCCACCTCCTCGGGCAGGGCGGCCACCTTCTCCTTGTCGGTGATGTCCAGGGGGTGGAGGCTTAAGCCCTCCCCTAGGCTTCCCGCCTTGGTCATGGTTTCTTGGAGGCCCTCCGACCTTAGGTCCACCGCCGCCACCCTCGCCCCCCGCCTTAAAAGCTCCAAGGCCAGGGCCTGGCCCAGGCCGCTCCCCGCGCCGGTGACCACCACCACCTTTCCCGCTAGGCGCATGGCCTCAGTCTACGCCACCCTTCCGCCCCAGGGCCTCGAGGGCAGGCCAAGCGCCCACCCCCTGTGCTTGAGCCGGAGCTTGGGGGGCTCCACCCCAACCAGCTTGCCCAGGGCCAAGGCCTCGCCAGGAAGCTTCCCCCCGGGGAGGGCGAGGACCTGCCGCCTCGGGGCCTCTGCCCCCTTAAGGAGCACCTCCCGGATGGCCTCGGCGAGGGCGAGGTGGCTCGGCATGCCCTTAGAATGCCCCGCATGGAGGCCCTCTTCAACACCGTGGTCCCCGTGGCCCTGGTGGTCCTCTCCGGCTACCTCCTGGGAAGGCGGCTGGAGATGGACCTCTCCACCCTAAGCCGCCTCACCCTCTACGCCCTGGTGCCCGCCCTCATCCTGGACAGCATGTACCGGGCGGAGTACACCCTGGAGGGGGTGTGGGGCCTCGTCCTGGGGTTTTCCCTCACCTACGCCCTCCTCTTCCTCCTCGTCCAGGGGGCGGGGAAGCTCTTTGGCCTCTCCCGGGAAACCACCAAGACCCTCCTCGTCTGCGGCCTTTTCCCCAACTCCGGCAACATGGGCCTCTCCCTCGCCTACTTCGCCCTGGGGGAGGAAGGCCTTGGGCGGGCCGTGGTCTACTTCCTCCTCTCCAGCGTGGTCATGTTCGGCCTAGGCCCCGCCTTCATCCGGGGAGGGGGCCTAAAGGAAGGCCTCCTCTTCACCCTGCGCCTCCCCCTCTTCTACGCCCTCTTCCTGGGCCTTCTCCTCAAGGCCCTGGGCCTAAGCCTCCCCTTCCGGCTGGAGGAGGGGGTGCGCCTCATGGGCCAGGCGGCCATCCCCGTCCTCCTCCTCACCCTGGGGATGCAGATGGGAAAGACCCGGTTCCACCTCGGCCCCTTTGAGGGGGCGGCGAGCGCCCTGAGGCTCCTTCTCGCCCCCCTCGTGGCCTACGGGGTGGGGGCCCTCCTCGGCCTTCCCCGGCTGGAGCACCAGGTCCTCGTCCTCCAGTCCGCCACCCCGGTGGCGGTGAACGCCTTCCTCCTCATACCCTTTTATGCTAATTCCTTCGTCCTAGGCCACCAGTGGAACAGGGTGTGCCGCCTGAGGGTCTCGGGGTCCTGGGCAAGGACCCGGCACCGCTCAGCCACCGCCTCCATCATCTCCTCAAGGTCCCGGAAGTACCGGTTGGCCACCGCCTCGTTCACCAAGGGCCACACCCGTTCCACCGGCTGCAGCTCCGGGCTGTAGGGCGGCAGGAAGACCAGCCGCACCCCCTCTGGCACCTCCACCCGCCCCGACACGTGCCACCCCGCCCGGTCCAAGACCACCCACGCCTCCTCCCCCTCCCCAAGCCAGGCCCGAAGCTCCCGCAAAACCCAGCCCATCACCTCCGTGTCTATCCCGTCCACCAAAAGGCTCAGGCTCTCCCCCGTCTCCGGCTCCACAAAGGTGCACACATAAAACCACCGGTACCGGTGCGCCCCCACCGCCAAGGGCCTCTCCCCCCGCCTGGCCCACACCCGCCGGTACACCGGCTTGAGCCCCAACCGATGCTCATCGTACGCCAGAAGCCTCACCTTCCTCCCCTCGGCCCTCGCCTCCTGGACCTGGGCGGAGAGGTTTTTTTAAACGCCTCCTGCGCCTCCCCGTCCGCCTTGGCGTGCCGGGGACGGGGCACCCGCAAGGCGAACCCCATCTCGTGGAGGAGGCGGTAGATGGGGTAGAGGGAGAGCTTCTTCCCCAGCTCCCGCTCCACCCAGTCCCTGAGCTTGGGCCCCGTCCACAGGCCCCCGTCGGGTGGGGGGCCCTGGAGGGCCTCCAGGACCCTCCTCTGCTCCTCCGGGGTCAGCTTGGGCTTCTGGCCCGGGTTCTGGTGCCGCTTGTCCCTCAAGCCCTCCGGTCCTTCCCGGTTGTAGCGCCGCACCGTCTCCTGGACCCAGCGGATGGAGCTGAGGGTGATTTTGGCGATCTCCTTGGCGGTGAGTCCCCGCTTGGCGTGGTAGACGGCCAGGAAGCGATGCTTCTCTATCGGGTCCTTGGCCTTCTTGACCCTCCGCCACAGCTCGTTCAGGGTCAGGTGGTCGGCCACGGTCATGGACGAAGAATACAACAAGAAAGGGTATCACCCGGGAGTTCGGAGGGGACGCCCTAAGGGTGGCCCGGAGCGTGGTGGTCTCCACCTTTCTGGCCTTCCTCACGGTCCCCCTGGTCCTCTACCTTCTCGGGGTCCGGTAGGGAGGGACTGCCCAGGTCCAGCTGGAAGAGGGGCCTTCCCTCCCAGAGGCCCACCAGGCGGTGGTACCCCTCCCCAAGGGGAAAGCGGGCCTCGTAGGTCCCGGGGCCCTCCAGGAAGAGGGCCTTTTCCTGGAGGAGGGCCTCTTCCCGGAACCACTGGAGGTGGAGGTAGCCGGGGCGGGGCAGGCGCTCCACCTTGAGGAGGAGCCTGGCCTCCTCCCCCTCCGGGAGAAGCCGCGCCACCACGAAGGGCCGCTCCGGGGGAGGGGGCTTCCCGGGGTCCAGGGGCAGGAAGGTGTAGCGGCAGGCGGCGAGGAGGGGGAGGAGGAGAAGGAGAAGCCTCACCTTCCCTCCCCGGCGGTGCAGAGGGCGAGGAGGGCGAGGGCGGCGGTCTCCGCCCGGAGGATGCGCCGCCCCAGGCTCACGGGGGTGAAGCCCCGCGCCTCCAAGAGGGCCACCTCCTCCTCGGCGAACCCTCCCTCGGGCCCCACGGCGAGGGCGAGGGGCTTTTCCGGGTCCAGGACCTCCCGCACCCGGGCGGTGGCCCCCACGTGGGCCACGAGGCCCTGGACCACCTGGGGGACCGCCTTCAGGGGGATGGGGGGGAGGACCTCGGGGACCACCACCCGCCCCGACTGCTTCGCCGCCTCGAGGGCGACGGACCGAAGCCGCCTGAGCTTCCCCTCCCCCATCTCCTTGGGGACGGAGTGGCGGGTGACGAGGGGCTGGATCCGGGTGGCCCCAAGCTCCGTGGCGGCGCGCACCACCTCGGCGAGCTTGTCCCCCTTGAGGAGGGCCACGTAGAGGACCACCTCCACCCCCACCTCCCTCTCGGGCCTCCGCTCCTCCAGGACGCGGTAGCGCAAGGGGGGGCCCAGGTCCACCACCTCGGCCAGGGCCTCCCGCTCCCCGTCA
NZ_AP031330.1_gap27	1412297	1416569	4272	CCTGGGCCTTCTGGCCCTTACAGCCCTCGCGGCCCCCCTACGGGAAATCGTGGTGGAGGGGGCGGACCCCGTCCTCCAAGCCCTGGCCCGGGCCGCCCTCCCCTTCGGGGTGGGGGACGAGCCCCAAGACCTCGAGGCCGCAAGGCGGGCCATCCTGGAAACCGGGTACTTCCGGGACGTCCGGCTCGCCCTGGAGGGGGATGTCCTCAAGATCGTCCTCGTCCCCAACCCCCCCATCGCCGCAGTGCGGGTGGAGACCGAGGCCTTCCCCGAGGAACGGCTCCTCACCTTCCTGGAGCAGAACTTCGCCATCGGCAAGGGGGCGACCTACAACCCCGTCCGCGCCCAAGAGGCCGCGGAGGCCCTGGCCCGGGCCTACCGGCAGGCGGGTTTCCCCTTCACCCCCAAGGTGGCGGTGGAGGCCAAGGAGGACAAGGAGGGGATCGCCCTCACCTTCCGGGTGGAGGAGCGCCCGGAGGTGAAGGCGGTGCGCCTCCTGGGGGTAAGCCTTCTTCCCGAAGAGGAGCTCCGCAAGGGCCTCGAGGCCCTCAAGGGAAGCTTTGACTTCGCCAAGTACCAGGAGGCCCTGAGGACCATCGCCAAGCGGTACGAGGAGGCAGGCTACCGCTTTAGCGGCCCCGACCCCGAGGCCTCCACCCTGGAGGAGGGCGTCCTCACCGTGCGGGTGCGGGAGCTCAAGGTGGCCCGGGTGGAGGGGGAGGGCCTGGACCTCGAGGGCTTCCCCCTGAAGCCCGGGGACTACCTCAACTACGCCAAGCTCCTGGAAGGGATCCAGGACCTCTCCCGGAAGCTCTCCCGCATGGTGAACTTCACCCTCCTCCCCCAGGGAGACGAGGTGGTGGTGCGCCTGGAGCTCGGCCCGGAGGGGGGAAGGATTGAGCGGGTGGAGGTCTCGGGGAACACCGCCCTTCCCACCGAGGCCCTCCTCGGCCTCCTCCGCCTCAAGCCCGGGGAAGTCTACACCCCCGCCCTCGCCCAGGAGGACGCGGCCCGCGTGGCCGAGCGCTACCGGGAGGAGGGCTACGAGGTGGCGGACGTCCGCTACAGCTTCCAGGACGGGGTCTACCGCCTGGAGGTGGTGGAGCTCAAGATCGGGGGGTACCGCCTGGAGTGGCAGGGAGGCCACCGCACCCGGGACGAGGTCGTCCTGCGGGAGCTTCCCAAGCCGGGAAGCCTCCTGAACGTCCAGGAGCTCAGGAAAGCCATCGCCCGCCTCATGGCCACGGGGCTCCTCGCCGAGCCGCCCCGCGTCTCCCTCGCCCCCGGGGAGAAGCCGGGCGAGGCCGTGGTGGTCCTGGGCCTCAAGGAGGCGCGGACCGGCCTCTTCCAACCCGCCATCGGCTGGAGCTCCCTGGAGGGCTGGTCGGGAAGCCTCGCCTTTAAGGAGACCAACCTCTTCGGCCTGGCCCACCAGGTGAGCCTGGACCTCGCCTTCATCCAGAACGACGCCCGGGACAACCTCTCCTTCTCCGCCGCCTACACCGTCCCCTGGCTCTACCTGGACTACCTGGACCTCAAGGAGGTGCGCACCAGCCTGGCCTTCAGCCTCTACAGCACCCCCATCGGCAACACCAAGCTCCTGGACGGGACCACGGACACGGGCTGGGAGTACACGGAGCGGCGCACCGGGGCGTCCCTCTCCCTAAGCCGCCCCCTCTCCCGCGACCTCAGCAACCTGCGGACCTCCCTGGGGCTTTCCCTCCGGCGCTCCACCTACCTCCTGGAGGTCTACGACCCAGGCGCCCCCTGCGACACCACCGGCCAGGACGCAAGCCGCCCCTGCGACCCCCCGGGCGCCAGCACCTACAAGGACCCCACCTACGTGCGCACCCTCCTCCCGGACGCCGGCTGGACCCTCCGCCTGGACACCACCCTGGCCTACCTGGACGTGGACGACCCCCGGTTCCGCACCCAGGGGTACGAGGCGAGCCTCGCCACCGGCCTCGGCCTCTCCCTGCCCGACGCAGGCGGGCGGAGCTTCTTCGTCCCCCTGGTGGCCACGGGCAAGACCTACCTGCCCCTGGACGCGGAAAAGCGCCAGGCCCTCGCCTTCCGCCTCTCCGCGGGGACCCTTTTGGGCTACCCGCCGGAAAGCGAGCGCTTCTACCTCTCCGGAGGCGGCTCCGAGGCCCTCCTCCTCAGGGGCTACGAGGACCGGAAGTACGGGGGCCTCTCCTTCGCCACCGCGAGCGTGGAGTACCGCTACGACTTCCGCCTCTCCCCCCAAGGGGGCACCAACCTCTACGGCATCCTCTTCACCGACCTTGGCCTCGCCGACAACACCGGGGGGGTGAAGTGGGGCGCGGGGATCGGGGTCCAGCTGGACCTGGACGTCTTCGGGGCCCTCCTCCCCTCCCTGCGGCTGGACTACGCCTTCAGCCCCGAAAGCCCCACGGGGCGGATCCACTTCCGCATCGGGCCCATGTTCTAAGGGGCCTCGAGGGGCATACTGGTCTTAACCGCCATGAAGGCCTACCTCGGCCTTTACACCGCCAGGCTGGAGACCCCGGCCCGGAGCCTCAAGGAAAAGCGGGCCCTCATCAAGCCGGCCCTGGAGAGGCTCAAGGCCCGCTTCCCCGTCTCCGCGGCAAGGCTTTACGGCCTGGACGCCTGGGGCTACGAGGTCGTGGGCTTCACCCTCCTCGGCAACGACCCCGCCTGGGTGGAGGCCACCCTAAGGGAGGCCGCCCGCTTCCTGGCGCAAAACGGGGCCTTCCGGGTAGCCCTGGAGGAGTTCCGCCTCGAGGCCTTTGAGCTGGACGGGCTCATCTAGACCCGCTCCACCGCGAAGGCCACCGACCCCCCGGTCCCGTGGCAGATGGCGGCGAGGCCCCGCTCCTCCCCCTTCGCCCGCAAGGCGTTGAGGAGCGTGACCAGGATCCTCGCCCCGCTCGCCCCGATGGGGTGGCCTAAAGCCACCGCCCCTCCGAAGACGTTGAGCCGCTCGTAGGGGACGCCCAGAAGGCGGCTGAAGAGGACGTTGTTCAGGGCGAAGGCCTCGTTGTTCTCAAAGAGGCCGAAGTCGGAAACCCGCATCCCCAGCCGGTCCAAAAGCCTTTTGGCGGCGGGGATGGGGGCCTCGGGGAAGCGCCAGGGCTCCCCGGCAGCCCAGGCCCCACCTAAAACCCTGGCCAGGGGCTTTAAGCCGTGGGCCTTCACCGCCTCCTCGGAGGCGAGGAGGAGGGCCGCCGCCCCGTCGGAGATTTGGCTAGAGTTCCCCGCCGTGAGGACCCCATCCTTCTTGAAGGCGGGCCTCAGGGCGGCGAGGGACTCCAGGGTGGTCTCCGGCCGGATCCCCTCGTCCCGGTCCACCACCACCGGGACCTTCCTCCCTTGGACCTCCATGGGAGCGATCTCCCAGGCGAAGAGGCCCTTCTCCGTAGCCTCTGCCGCCCTTTTGTGGGAGAGGTAGGCGGCCTCGTCAATCTCCTGCCGCGTCACCCCGTGGTCCTGGGCGAGCCGTTCCGCCTGCTCCCCCATGGCCTCCCCGGTGAAGGGGTCGGAAAGCCCGTCCCTGAGGAGGATGTCCTGGAGGTTTTCCGGAGCGCCCAAGAGGAACTTGTACCCCCACCGCGCCCGGTGGGAGAGGTAGAACCCCGCCTGGCTCATGGACTCCATCCCCCCCGCCAGGACCAGGTGGGCCTCCCCGGTGCGCAGGAACTGGACGGCGTTGAGCACCGCCATCATCCCCGAGGCGCAGACCATGTCCACCTGGTAGCCGTCCACCTCCTTGGGGATGCCCGCCTTCAAGGCCGCCTGCCGGGGGAGAAGCTGCCCATGCCCGGCCCTGAGGACGTTGCCGAAGACGTAGAGGTCCAAGGCCTTTCCCTCCACCCCCGCCCGGACTAAGGCCTCCCGCATGGCGTGGGCGCCGAGGTCCACGGGGCTTACGTCCTTGAAGACCCCCCCGAACTTGCCGATGGGGGTCCGCACCGCGGCGACAACGTACACCTCGCGCATGCCCCCATCATACGCCGAACCTTGGGGGTAGAATCCCTTTGGGAGGTGCCCTATGGAATACCGGATTGAGCGGGACACCATGGGCGAGGTGCGGGTGCCGGCGGACAAGTACTGGGGCGCGCAGACCCAGCGCTCCCTGGAGAACTTCAGGATCGGGACCGACCGCTTCCGCATGCCCCTGGAGATCATCCGGGCCTACGGGATGCTGAAGAAAGCGGCCGCGAGAGCCAACCTGGAGCTCGGGGAGCTCCCCGAGGAGATCGCCAAAGCCATTATCCAGGCGGCGGAGGA
NZ_AP031330.1_gap28	1424233	1426299	2066	GAGGCCATCGTGGAGTTCGTGCGCAAGACGGGGATCTCCAGGAACGAGGCCCAGATAGAGATGGACCTCTTTGAGGAGGTGGTGCGGGACGACCTGAACCCCATTGCCCCCAGGGTCTTAGGCGTGGTGGACCCCCTGAAGGTGGTCCTCACCAACTACGAGGGGGAGGAGTGGATAGAGGCCCCCTACTGGCCCCGGGACATCCCCAAGGAGGGGACAAGGCCCCTTCCCTTCTCCCCGGAGCTCTACATTGAGCGCACGGACTTCAGCTTCAACCCCCCTAAAGGTTGGAAGCGCCTCGCCCCGGGGCAGAGGGTGCGCCTGAGGCACGCCTACGTCATAGAGCTTGAGGACGTGGTGGAAGAGGGGGGCGAGGTGAAGCTCCTCAAGGCCCGGATCGTCCCCGGCACCCTAGGGGCGAACCCCGAGGACGGGGTCAGGCCCAAGGGGGTGATCCACTGGGTCTCCGCCCGCCACGCCCTCCCCGTGGAGTTTAGGCTCTACGGCAGGCTCTTCCGCACCAAGGACCCGGAGGAGGGGGGGGACTTCCTGCAAAACCTCAACCCCGAGGCCCTTGTGGTGAAGCGGGGCTTCATTGAGCCGAGCGTGGCCCAGGACCCCGAGGACACCCGCTACCAGCTGGAGCGCCTGGGCTACTTCTGGCGGGACCCCGTGGACTCGAGGCCCGAGGCCCTGGTGATGAACCGCATCGTGCCCCTAAAAGAGGGGTATAGGGTCTGATTCGCTCATCCGGCCGCCGCCGAGCCTCCCCGCCAGGGCTTTTTGCCGGGGTCCCCTCGCTGGCTTTGCCCGAACGGGGTGGCTTTAAAGCCCCACGCTCAGGCCCAAGGCCAGGCCCACGCCGAAGGATTGGACCGGGGTCAGGTAGTAGACGGGCTGGGCCTCGAGGTAGACCCCGAGAAGGGGCAGGGGGAGGTTGAGCCAGGTGCCCAAGACCCCCCGCACGCCCCCCTGGCCCCGCCCCTCCTGGGGGAAGGTGAGGCCGGGGCCCGTGCCGTAGAAGCCCCCAAGGCCCAGGTAGAGGTCGGTGAGGGGGAGCTTGAGGAGGAGGTCCACCCCGCCCCCCATGGCCTCGAGGCCCACCCCCCCGTAGGCCCGCCCGTCCAAGAGAAGGGGAACGAGGGGGAAGCGCACCCCCCCTTGGAGGCCGAAGGGGCTACCCACGCTGACCTCGGCCCGCTGGGCCACGCCGAAGGCCAAGACCAAAAGAAGCGCCGCCAAAAGCCTACGCACGCCGCACCTCCTCTAGAAGGTCCTTCACCCTAGCCACCTGCGCCCGGTGGGTCCCGGGGCGGTAGTCCACCATGACCGCCTCCACCTGGAGCATCCCAAGAGCCCGGAGGAAGGCCTCCTTCAGGGCCCGGCTCTCCAAGGCGCTCACCCGCATCCCCAGGTGGGGGTGGTGGGCCAGGAAGGCCTCGGCCAGCTCCCGGCTCGTCCAGATCCCGGAAAGCCTCTCCCCCAAAGCCTCCACCACCAGGTGCTCCCCCGGGTCTCCCTCCAAAACGTACCACGTCCCGGAAAGGTCGGGCGCCACCCGCTCATAATACCCTCGTGCGCCTGGACCGCTACCTGGTGGAACGGGGCCTGGTGGAAAGCCGGGAGAAGGCCAAGCGCCTGATCCAGGAGGGCAAGGTGCGGGTGGAGGGCAAGGTGGTGCAAAAGCCCGCCCACCCCGTGCCCGAAGGCGCCAGGGTGGAGCTCCTGGCGGAGGAGCGCTACGTGGGCCGGGGGGCCTACAAGCTCCTCGGGGCTTTGGAGGCCTTCCCCGTGGAGCCCCGGGGCAAGGTCTCCGCCGACCTCGGGGCGAGCACCGGGGGGTTCACGCAGGTCCTTTTGGAGCGGGGGGCGAGGCGGGTCTACGCCGTGGACGTGGGCAAGGGCCAGCTCCACCCCCGCCTCCGGGAAGATCCCCGGGTGGTGGCCCTGGAGGAACAGGACGCCCGCACCCTGGTCCTGCCCGAGCCCGTGGACCTCGTGGTGATGGACGTTTCCTTCATCTCCTCCACCCTCCTCCTCCCCAAGGTCCTGGAGTTCCTCAAGCC
NZ_AP031330.1_gap29	1431891	1436748	4857	CCGGCCTCGAGGCGGGCCAAGCCCTCCCCCCTCCCCCTCCTCGCCCTCTCCCAGGTGGACGAGGCCGAGGAGCGCCGCTTCTCCTCGGGGCTTTCCGAGGTGGACCGGGTCCTAGGCGGGGGGTTTGTGACGGGGGAGGTGGTCCTATTGGGAGGGGAGCCCGGGGTGGGCAAGAGCACCCTCCTCCTGGAGATGGCCAAGCGGATGCCCCAAAGGGTCTACTACGTGGCCGGGGAGGAGTCCCCCGCCCAGATCAAGCTCCGGGCGCAGCGCCTCGGGGTGAAGGACCTCCTCCTCGTGCGGGAGACCCGCCTCGAGCCCCTCCTCGCCCTCCTGGAGGAGGACCCCCCGGAGGTCCTCTTCGTGGACTCCGTGCAGACCCTCGAGGCCGGGGGGAGCCCGGGGAGCTTGGTGGCCGTCCGGGAGGCGACCTCGGCCCTGGTGCGCTTCGCCAAGGAACGGGGCGTGGCCGTGGTCCTCGTGGGCCACGTGACCAAGGAGGGGGTGGTGGCCGGCCCCAAGAGCGTGGAGCACGCCGTGGACGCCACCCTCTACCTGGAGACCGCAGGGCCCTACCGGGTCCTGCGGAGCGCCAAGAACCGCTTCGGCCCCGTGGGGGAGATCGGGGTCTTCCGCATGGAGGAGGCGGGGCTTCTGGAGGTGGAGAACCCCTCCGAGGCCTTCCTCAAGGAGCGCCCCCTGGGGGTGCCGGGAAGCGCCGTGGCCCTGGCCCTGGCCGGGGAGCGGGCCTTGGCCCTGGAGGTCCAGGCCCTGGCGGCCAAAACCCCCTTCCCCGCCCCCCGCAGGGTGGTCCAGGGGCTGGACGGAAGGCGCGTGGACGTGGTCCTCGCGGTCCTGGAGCGGAGGCTCGGCCTGCCCCTCGCCAACCTGGACGTCTACGTGAACCTCGCCGGGGGGCTCAAGGTCCAGGACCCGGGGCTGGACCTGGCCGTAGCCCTGGCGGTGTACTCCGCCGTGGTGGGCCGCCCCCTGCCCGCCGACCTCGCCCTGGTGGGGGAGGTGGGCCTGGCCGGGGAGGTGCGGCGGGTGGCGGGGCTGGAGCGGAGGCTTAGGGAGGGGGAGCGGGCGGGGTTTGGCCGCTTCCTCCACCCGGGGAACCTTAGGAGCCTTCAGGAGGCTGTGGAGGCGTACCTGGCATGAAGACGCGGTACCTCGTCTACCTCGCCTCCGCCCTGCTCGGGCTGGGCCTCGCGGGGCTTCTGGAGGACTGGGGGCTCCTTCCCCAAAGCCCCTCCCTCCTCTCCCTCAACCGGCTCTACCTGGCCCTGGCGGGCCTCCTCACCGGCCTCCTCTTGGGGCCAAGGCTGGAGGGGGCGCTGGAAGCCCGCCTGAAGCGCCTCCGGAACCTTCCCCCCGAGGTGGTCGTGGCCACCACCCTGGGCTCCACCATAGGCCTCCTCCTCGCCGTCCTCCTCACCACCCTCCTCGCCCAGGTGCCGGGCTTCTCCCCCGTCCACAGCCTCCTCCTCGCCCTCGGGCTCGTGGCCCTCTTCGTCTACCTGGCTTTGGGCTACCGCGCCTACTTCCGGCTGCCCGAGCCCAAGCCTGCCCCCCAGGGGGGGAAGGTGCTGGACACCAGCGTCCTGGTGGACGGCCGCGTGGCCGAGGTGGCGGCCGTGGGGTTTCTGGAGGGGCCCCTGTGGGTGCCCCACTTCGTCCTGAAGGAGCTCCAGCACTTCGCCGACAGCCAAGACCCCTTAAGGCGGGCCAAGGGGAGGCGGGGGCTGGAAACCCTGGAGCGCCTCAGGGAAGCCGCCCCCCTCGAGGTCCTGGAGACGACCCCCAAGGGGGAGTCCGTGGACGAAAAGCTCCTCTTCCTGGCCCGGGACCTCGAGGCCGCCCTGGTCACCAACGACCACGCCCTCCTGCAGATGGCCCGGATCTACGGGGTGAAGGCCCTCTCCATCCAGGCCCTGGCCCAGGCCCTAAGGCCCCAGCTCCAGGTGGGGGACACCCTGAAGCTCCTCATCCTCAAGGAGGGGAAGGAGCCCCACCAGGGGGTGGGCTACCTGGAGGACGGCTCCATGGTGGTGGTGGACGGGGGGAGCCGCTACCGGGGGCAGGAGATCGAGGTGGTGGTCACCCAGGCCATCCAGACCCAGGTGGGCCGCCTCTTCTTCGCCCGCCCCGCCCAAGGGGCTCAGTAGGTGGTGGCCTCCTCGTCCTGGAGGTCCCCCTCCACCCGTGCGTTCTCCAGGTCCGCCCGGCGGAGGAGCTCCAGCCGGATCAGGGCCGAGGTGTACCAGGGCTTCTCGGGGCGGCGCTTGACAGGAAGCCAGGGCCAGGCCCGCATCTGCTCGATGTACCCCCAGTTCTCGTAGACGTGGAAGCCGTCCCGAAGCTCGGTGATCACGGCCCCGTTTTCCAGGAGGAAGCGCTGGAAGTCGGCCCACTTGGCGAGGCTCGCCTCCACGTGGGTCAGGCCCACGTAGCCGGCGCACCCCTCCCCCTCAAGGGCCAGAAGCCCCCGGCCCACGAAGGCCTGGAGGCCCAAAGGCCCCTCCACCGGGTCGGTGAAGAAGGTGTGGAAGGCGTGGACCCAGGCCTCGGGTAGAGGCTCCCGGAGGTCGTGGACGTGGGCCTCGAGGGGAAGCCCCTCGGCCTTGGCCGCCCGCTCCAGGAAGCGGACGATCCTGGGGTCGGCGTCCAGGACCACCACCCGCTTGGGCAGGCCCGTGAGGGCGGCGGCGAGGCCCGTGAGGTCGTCGTCCCCCAGGACCAGGACCTCCTTGCCCTCGAGGTCGCCCCAGTTCCAGGCCAAGGCCACCCGGGCCAGGGTGGACTCCGGGGTCACGTACCCCTGGTCAAAGTCCTGGATGGCCTCGGGCCGCTCCTTGGCCCAGGCCAAAAACCGCTCCGCCGCCCGCCCCGGAAGCCTCTCCCCCACAAGCCCCCGGCCCTCGCAGGCGGGGCAGGCCGCCTCCCCAGGGCGGGGCGCCGGGACCTCCGCCAGGAGGTCAAGCCCCTCCTCCACCCGGAGAAGCCCCCGCCGGGCGAGGCTCTCCCAGATGGGCACGAGGAAGCGCAAGGGCACGCGGGAAAGCCGCACGGCCTCCCAAAGGTCCCGGGTTGCCCGGAGCGCCCCAAGGGTCCTCTCCACGTCCCGCCAGCCCACGGGAAGGCCCGTGGCCCGGCGCACCTCTTCCGCCACCTGGACCAGCGCTTCCTTGTTCACGCTCACCCCCTTTCCGGCCGTTTCCACGGCCCAAGGCCTATATAATGCCCTTGACCGGGGTCGCCCGGCAAGGGAGGTGGGTCTTGAACCTGCACGAGTATCAAGCGAAGGAGATCCTGGCCCGCTATGGGGTGCCCGTGCCGCCGGGAAAGGTGGCCTACACCCCCGAGGAGGCCAAACGGATCGCCGAGGAGTTCGGCAAGCGGGTGGTGATCAAGGCCCAGGTGCACGTGGGAGGGAGAGGAAAGGCGGGGGGCGTCAAGCTCGCCGACACCCCCCAGGAGGCCTACGAAAAAGCCCAGGCCATCCTGGGCATGAACATCAAGGGCCTCACCGTGAAGAAGGTCCTGGTGGCCGAGGCGGTGGACATCGCCAAGGAGTACTACGCGGGCCTCATCCTGGACCGGGCCAAGAAGCGGGTGGTCCTGATGCTCTCCAAGGAGGGGGGCGTGGACATTGAAGAGGTGGCCGCGGAGCGCCCCGAGGCCATCCACAAGTTCTGGATTGACTCCCACAAGGGGTTCCGCCCCTTTGAGGCCCGGGAGATGGTGAAGCGGGCGGGGCTGGAGGGCAACCTCAACAAGCTCGCTCAGGTCCTGGTGGCCCTCTACCGGGCCTACGAGGGCGTGGACGCCTCCATCGCCGAGATCAACCCCCTGGTGGTGACCACGGACGGCCAGATCGTCGCCGCCGACGCCAAGATCGTCCTGGACGACAACGCCCTCTTCCGCCACCCCGACCTGGCCGAGCTCAGGGAGGTGGAGGCCGAGCACCCCTTGGAGGTGGAGGCCAGCAACTACGGCTTCGCCTACGTGAAGCTTGATGGCAACATCGGCATCATCGGCAACGGGGCGGGCCTCGTGATGTACACCCTGGATCTGGTGAACCGGGTAGGGGGCAAGCCCGCCAACTTCCTGGACATCGGCGGCGGGGCCAAGGCGGATGTGGTCTACAACGCCCTCAAGGTGGTCCTCAAGGACCCCGACGTCAAGGGGGTCTTCATCAACATCTTCGGCGGCATCACCCGGGCGGACGAGGTGGCCAAGGGGGTGATCCGCGCCCTGGAGGAGGGCCTCCTCACCAAGCCCGTGGTGATGCGGGTGGCGGGCACCGCCGAGGAGGAGGCCAAGAAGCTTTTGGAGGGGAAGCCCATCTACATGTACCCCACGTCCATTGAGGCGGCCAAGGCCATCGTGGCCATGGTGGGAGGTGCGGCGTGATCCTGGTGAACCGCGAAACCCGCGTCCTGGTCCAGGGCATCACCGGCCGGGAGGGGCAGTTCCACACCAAGCAGATGCTGGACTACGGCACCAAGATCGTCGCCGGGGTCACCCCGGGCAAAGGGGGAATGGAGGTCCTAGGGGTCCCCGTCTACGACACGGTGAAGGAGGCGGTGGCGCACCACGAGGTGGACGCCTCCATCATCTTCGTGCCCGCCCCGGCCGCGGCGGACGCCGCCCTGGAAGCGGCCCACGCCGGGATCCCCCTCATCGTCCTCATCACCGAGGGCATCCCCACCCTGGACATGGTGCGGGCGGTGGAGGAGATCAAGGCCCTGGGAAGCCGCCTCATCGGGGGGAACTGCCCGGGGATCATCAGCGCCGAGGAGACCAAGATCGGGATCATGCCCGGCCACGTCTTCAAGCGGGGCCGGGTGGGGA
NZ_AP031330.1_gap30	1452640	1455938	3298	GGCAGGGAGGATGGATGTGCTGAGGCCCGAGCTCGGCACCAGGCCCAAGCTCTTTTATCTGAACGCCCCCTCCAAGAAGGGGCTCACCCGGGAGAAGGAGGTGCGCCATGACTGAGTTCTACGGCCTTCCCAACGCCGGGGAGTTTTGGCACTGGACCAATCTTCTCCACTTCATCCTGGTGGGGCTGGCGGGAGGTATGGCCTTCCTGACAGCCCTGCTGCACCTTAAGGGCCATCCGGAAGCCCGCCGCTATACCCTTTGGGCCCTGGGCCTGATTGCTCTGGATCTCTTCGTGCTTTGGGCGGAATCCCCCGCCCGCTTCCGCTTCACCCACGTGTGGCTTTTCCTCACCTTCCACCCCGCAAGCCCCATCTGGTGGGGGTCCTGGGGCCTGGCCCTCTCCTTCGTGTCCGCCGGGCTCCTCTACCTGGGGAAAGGGCCAGGAAGGCCCTTGGCCTTGGCCTTGCTGGCCTTTAGCCTGGTGGCCCTGGCGTACCCCGGCATGGCCTTGGCGGTGAACCTGAACCGACCCCTCTGGAACGCCTTGCTGGCGGGGCTGTTTCCCCTCACCGCCCTGGTCTTGGGGCTCGGGGTGGCCGTCCTTATGAAAAGCTCCTGGGCTTTATACCCCTTGCGCATCCTCCTAGGAGCCTCCCTCTTCCTGGCCTTCCTTTACCCCTTCACCCTGACCCTCGAGGCCCGGGGGCACCTGTGGGAGGAAAGCGGGGTTCTCTACGGCCTTTTCCTGGCCTTGGGGCTTGGGGCCTTCTGGAAAGAAGGCCTGGCCCCTTGGGCCGCTCTTCTGGCAGCCGCCGGGCTCAGGGCCCTTCTGGTGGCCGTGGGCCAGTGGCAAGGGCTTGGCCTTTAGGGGAGGAAATCCCCTAGAGAAGGAGGTGCGCGATGAAAGGCATGAGGAAACTGGCTTGGTTTGGGCTTCTTCTGGTTATCCCGGTTCTGGCGCAGGCGACCACCACCACCTTCTCCGCCCTGACGGTAAGGGAGGTGGGGAACTTCCTCGCCACCCTGCCCGCGGACTTCTACGGCATCCAGCCCGCGGCGGCCAAGCAGATGATGGACACCCTGGACGTCTTCGTCCTGGACGTGCGGGAGCCCGCGGAGTTCAAGGACGGGCGCATCCCGGGCGCGGTGAACATCCCCATCCGCGAGCTCCCCAAGCGGATCGGGGAAATCCCCAAGGGCAAGCCCATCATCATCTACTGCGGCATCGGGCACCGGGGGGCCATGGGCCTGGTCTTCCTCCGGGGCCAGGGCTACAACGTGAAGAGCATCCTGGGAGGCTACAAGGCCTGGACCGGGGCTAACCTCCCCGTGGAGAAGTAGGGCCCCAAGCGGACGGGGCGGGCCTCACAGCCCGCCCCTTAACGGCTTTTGCCGCGGTGGGGGCCCCAGGAGGGCTTCCCCAAAGCCCTTTTGACCTTAGGCCTCGTCAAAGTAGGTGAGCTTGGGGTGCTTGTTGGCCCGAACCTCGTCCAGGCGGCGGACCGGGGTGGAGTAGGGGGCGTTTTCCAGCCACTCCTTGGGCTTCTCCAAAAGCTCTCCCATGGCCTCGGCGAAGGCCTCGAGGGTCTCCTTGGCCTCGGTCTCCGTGGGCTCCACCATGAGGGCCTCCTTGACGATCAAGGGGAAGTAGACCGTGGGAGGGTGGAAGCCGAGCTCCAAAAGCCCCTTGGCGAGGTCCAAAGCGCGGAAGCCCTGGGGGGGCTGGGCCACGAACTCGTGCATGGAGGGCCCGTCGTAGGGCACCCGGTAGCCCTTCTCCTTGAGGAGCTCCTTCAGGTAGCGGGCGTTGAGGACGGCGAGGGCCGCGGCCTTCTTAAGGCCCTCTAGCCCCAGGGTGCGGATGTAGGCCCAGGCCCGGACCAAGGCCAGGAAGTTCCCGTAGAAGCTCCGCACCCGGCCGATGCTCTTGGGCCGGTCAAAGTCCAGGTAGAAGCCCTCCTCCCCCTTGGCCACCAAGGGCAGGGGGAGGTAGGGGGCGAGGTGGGCCTTCACCCCCACCGGCCCCGAGCCGGGCCCGCCCCCGCCGTGGGGCACGGTGAAGGTCTTGTGGAGGTTCAGGTGGACCACGTCGAAGCCCATGTCCCCGGGCCTCGCCCAGCCCATGATGGCGTTCAGGTTGGCCCCGTCGTAGTAGAGCTGCACCCCCGCCTCCTTGCAGAGCCGGGAGATCTCCAGGATGCGCCGTTCAAAGAGGCCCAAGGTGTTGGGGTTCGTGAGCATGAGGGCGGCCACGTGGGGGCCGAGCTCGCGCTTCAGGGCCTCGAGGTCCACCTCCCCCTCGGGCCCCGAGGGGATCTCCCGCACCTGGTAGCCCGCCATGCTGGCGGTGGCGGGGTTGGAGCCGTGGGCCGAGTCGGGGACCAGGACCACCCGCCGCGTCCTCCCCTCCCCCCGGTCCTCGTGGTAGGCGCGGATGATCAGAATCCCCGTGAGCTCCCCGTGGGCCCCGGCGGCGGGCTCCAGGGTGATGGCGTCCATGCCCGTGAGGGCCTTGAGGTACTCCCCGAGCTCCCACATGAGCCTTAAGGCCCCCTGGGCCGTCTTGGGGTCCTGGTAGGGGTGGAGGTCGGCGAAAAGCCTCGCCGCCTCCTCGTGGAGCTTGGGGTTGTATTTCATGGTGCAAGACCCCAAGGGGTAGAAGGTGGTGTCCACCCCCACCTGGCGGCGGGAAAGCCCGGTGTAGTGGCGCACCAGGGTGAGCTCGTCCACCTCGGGGAGGCGGGGCGGGACCTCCCGCAGGTGCTCCTTGGGGATCAAGTCCTCCGCCTTGGGCCCCGCCTTCACCAGCTTGAGGCCGCGCCTTCCCTTCCGGCTCCGTTCAAAGATCAGGGGAAAGCTCATGCCAAAACCTCCTTAAGGGCGTCCCGCAGGGCCAGGAGGTCCTCCTCCTCGTGGAGCTCGGTGGCGGCGAAGAGGGCGAGGTTCTCCCCGTACTCCTTGGGCACCGGGGTGGCCCCGTGGAAGCCCCGCTTTGCGAGGGCCCGCCGCACCGCCTCGGGGTCCTTGGGGAGGGCCAGGGCGAACTCGTTGAAGAAGGGCTTGGGGGTGAAGGGCCTGACCCCCGGAACCTCCAGGAGGAGGGCGTGAAGCTTATGGGCCATCTCCACGCTCTTCAGGGCCACCTCCCTAAGCCCCTCAGGCCCCAAGGCCGCGAGGTACATGGCCCCCATGAGGGCGGTGAGCTGGGCGTTGGTGGTGATGTTGCTCTTGGCCTTGGCCCGCCTTATGTACTGCTCCCGGGCCTGGAGGGTGAGGATGAAGCCCCGCCTTCCCTCC
NZ_AP031330.1_gap31	1457403	1461964	4561	GGCCCCTCCGCCCCTTCCTCCACGTAGGCGAGGGCGATGCCCCTCTGCAGCAGGGGCGAATACCCGCCGCTCGTCACCCAGCCCACGGGGCGGCCCCCGGAGAGCACCCGGTAGCCCTCCCGGGGGATGCCCCCTTCCAGAACGAGGCCCACGAGGCGCTCCCGGCAGGCCCGGGCCAGCATGGCCTCCTTGCCCAAAAACGCCTTTTCCTTCTTCACCACCCAGGCCCAGGGGGTGCAGAGGGGGTTGGTCTCCTCGGTGAGCTCGTGGCCGTAGAGGGGGAAGCCCACCTCGAGCCTCAAGGAGTCCCGGGCCCCGAGGCCCGCGGGCTTGGCCCCGGCCTCCACCAGGGCCAGAAAGACGGGCTCGGCGTCCTCCGGGGCGAGGAAGAGCTCAAACCCGTCCTCCCCCGTGTACCCCGTGCGGGCGAGGCGGGCGGGCCGGCCCGCCACCTGGGCGGGGAAGACGTCGTTCTTCCGCTTCTGGGAAAGGTCCAGATCGGTGAGCCCCTGGAGGAGGGAGGCCGCCTTGGGGCCCTGGAGGGCGAGGAGGGCGGTCCTTTCGGAGGCGTCCTCAAGCTCCACCCTGAACCCCTTGGCCAAGGCCTGGAGGTGGGCGAGGTCCTTGGCGATGTTGGCGGCGTTCACCACCATGAGGTACTCCTCTTCCCCCAGGCGGTAGAGGTAGATGTCGTCCACCACCCCGCCCCGCTCGTTCGGGAGCATGGAGTACTGGGCCCTTCCCACCTTGAGCTTGCCTGCGTCGTTCACCGTGGCCCACTGGAGGAAGGCCAGAGCCTCCTCGCCCCGGACCAGAAACTCCCCCATGTGGCTCACGTCAAAAACCCCGGCCGCCCGGCGCACGGCCAGGTGCTCCTCCACGATGGAGGTGTACTGGAGAGGGAGGAGGTACCCGGCGAAGTCCACCATCCGGGCGCCCAGGCGAAGGTGGGCCTCGTAAAGCGGGGTCTTCTTCATGGCAAGGCCATCCTACCCGAAGAACTCCCGGCGCAGGGCCTCGGCGGAGTTGTCCTCCAGGACCTCCTCCCTCTTGGTGGCCCAGGCAGGGAAAGGGAAGTGGACCAAAAGGGGCACGGGGATCTCGGGCTGGTGGAGGATCACCGCCCCCTGGGGGAGGATCAGGGCCCGCTGGCGGAAGGAGGTGGGAAGGTAGCGGTACTCGGGGCGCTCCGCCTCGGCGGCGTCCAGGCGGCCCACCACCCTTATGGCCGCGTTCCCCACCACGCGCCTTTCCACCTCGCTCGCCGTCTGCTGGGCCCCGATGAGGATCACCCCGAGGGAGCGGCCCCTCTCGGCGATGTCCAGGAGCACGTCCTTGATGGGGCTTTCCTCCTCCCGGGGAGCGTACTTGTTGAGCTCGTCCAAGACGATGAAGACCCTCCCCCGGTACTGCCCCCGCTCCTTCCTTTCAAAGAGGTCCTTGAGGAGGCTGCCCACCACGAACATCTGCGCCTGGGGGGAGAGCTTGGCCAGGTCCACCACGTGCACCTGGGCCTTCCCCGAAAGGGGGTCCGGGGGGCTTCCGGGCCGGTCCCCCCGGACGAGGTGGGCCACGTTCTCCACGCTGGAGCGGAGGCGGCGGACGAAGGCCTCCAGGGTCCCCTTGGCCTGCCTTGCGGTCCAGCCCCGGTCCCCCTCCCCTTCCCCGGTCTCGGGGCCCAGGAGCTTGTACTCCAGGTAGCGCACGAGGTCGGAGAAGCTCTTGAGGCGCGCCTTTCCCAGCTGGTCAAAGCTCATCCCCTCGGAAGCCTCCCCCCCGGGCCAGTCCTCCACCAGGAGGTGGGGACCCTTCTGCCCCTCGGCGAGGCGCTTGAGCTTCTCCGTCACGTGGGCCACCAGGAAGCCCAGGTTGGTCATGGCGGCGCGGTCGGCGAAGAGGAAGGGGAGGAGGCCCCTCTGGCAGAACTGGACCAGGTCCCAGTGGTAGGCCTCCACCCCCTCCAGCCGGGTGTCCACGTCCGGGAGGTAGCCCGCCTTCTTGGGCGGGGCGAGGAAGGCCACGCTCTGGAAGGGGGTCGCGGGGAGGCCAAGCCTTGCGTAGGCCTTCCGCGCCTCCTCGGTGAGGCGGGCGTTGGGCTTGTCCAGGAAGAAGAGGTCCTCCCCCTTGACGTTGAAGAGGAGGACCCTGGCCTGGTGGGCGTCCTCCAGGACCCCGCTTTCCAGAAGACTTTTGAGAAGGAAGGTGGCGTAGCTCGTCTTGGCCGCCACCCCGCTGATGCCGGAGATGTTCACGTGCCCGCCCTTGACGCCGTTTAAGAACTCCAGGTTGAGGTAGGCCACCTCTCCGTTCTTGAGAAGCCCGGCGGGGAGCTTGGTGCTTCCCCGTTGGTTGCGCATGGCGTCGTAGTAGAGGGCGAGCTCCAGATCCTCCTCCTGGGCCAAGTACACGGGGGAGCCCGGGTCCGGGGGGAAGAACTCCTCGGGGAGGATGCGGGTCACGCTCACGTGGGCCACGTAGGCCAGGCTCACGGGGATCTTGCCCTCCACCGCGAGGAAGGTGTCGGTGTCAAAGCTTTCCCCCTCGTGGACCTTGGCCACGTGGTCCACCATGCCGAAGAAGCGCACCTGGCCCACCTGGGGGTGGAAGCCCTCCACCACCACCAGGTCGTCCAGGCGCAAAAGCCCGTCCCCCTCCACCCCCACCCAGAACTCCAAGGGGGTGGCCTCCCGCCGGCCCAAGACCACGCCGATACGCTTCACCTCGCACCTCCCAAGTACCTCGCCAGCATGCGGCCCACCACCTCGGGCCTGCCCATCCTGCGGGAAAGCTCCCGCTCCAGCCCCCCCACGGGCAGGAGGTTCTGGGGGGCCCTGGGGTCCTTCACCGGGTGGGAGGCCAAGGCGGGGAAAAGCCCCAAGGAGAGGTCGGCGAGCTCCAGGAAGGGCCCATGAAGGGGCGTCTCCACCCGCAAAAGCCCCGCCAAGGGGGGGCGAAGCCCCTCCGGGGGCAGAGGCAGGCGCACATACCAGCTCGCGAGCTCCAGCCCCTTCCGGTGGACGCGGAAGGCGGGGGTGCGCTCCCCCGGGGCCAGGGCCTCGAGGAGGGCCTCCCGCTCCTTGGGCAGGTAGCGGACCCAGTGGGTCTTGATGTAGCCGAGGAGGGGGCCTTCCCGGAGAAGGCGCACAGGGCCGTCCACCACGAGAAGCCCTCCTTCAAGCCCCTCGGCCACCTCCTTCTCCAGGGCCTCCCGGGCGGCGCGAAGCCCCGCCTGTAGCCCCTCAAGCCCCTCGCCCAAAGTGGGGGCGGGCTCGTAGACAAGCTCCCCCGCCCAAAGGGCCTCCTCCAGCCCCACCCCCACGCGGCGGACCCTCAGGCCCAGGACCTCCACCCTTCCCCCCTTTAGGGCCACGGCCCCCGCGGCCACGCACCCCAGGAGGGCCAGGCGGGGCCCCTGGGCCACCAGGGCCTCGGCCCGCTCCCTCCCGTCCACGAAGTAGAGGGGCTCGGGCCAGGGGGCCTTGCCTCCCCGCTTGGCCTCCCAGGGCTCCTCCAGGGGCCGGAAGGCCCCGGGCTCCGGGGGAGAGGCGGGGCCTTCTTGGAGCCCCAGGGGCTCGAGGCGCAAGAGGCGCCAGGCCATGCCCCTAGATTACCGGGGCAGGGCGGTAGGGGAGGTACCTGGGCTCCCAGAAGCGGCTTTTGACGAAGTCCAGGAGGGCCTCAAGGGCAAGCCCCTGGACCCTAGCCTCCTCCGCCACCCCTTCCTCCAGGGCCCTCTGCATCACCCGGGCGGCCACGTAGGGGGAGACCTCCCGCAACCGGGCCACCGGGGGGTAGATCCGCTCGGGGAAGTGCTCCCGGGTGTAGTCGTAAAGGGCGTAGGCGGCCTCGAGGACCATCCCGTCCGTCACCTCCCGGGCCCGGGAGAGCACCGCCCCAAGGCCGAACCCGGGAAAGATGAAGGCGTTGTTCCCTTGGCCGATGGGGATGGTGCGCCCCTTGAAGCCCACCGGGGGGAAGGGGCTTCCCGTGGCCACCAAGGCCTTCCCCTCCGTCCAGTAGATGAGCTCGTCGGGAAGGGCCTCCGTGGCCGAGGTGGGGTTGGAAAGGGGAAAGATCACCGGGCGGGAGGTGTTCTCCAGCATGGCCTGAACCACGGGCTCGGTAAAGCTTCCCGCCTGGCCGGAAAGGCCCAGGAGGACCGTGGCCCGGGCATTCTTCACGGTCTCCAAAAGACCCGGGTAGGTCCCCGCGAAGTGCCAGCCCTGGAGGCGCTCGGGCTTCTGGGCGTAGGGCTTTTTGTAGTCCTCCATGGGCCGGCCCTCCAGGAGAAGGCCCTTGGAGTCCAGCACGAGGACCCGGGCCTTGGCCTCCTCCTCGGAGAGGCCCTCCCGCTTCATCCCCTCCACCAGGGCCCAGGCCACCCCGATCCCCCCGGCCCCCGCCCCGTAGACCACCACCACCTGGTCCGAAAGCCTCTCCCCCTTTAAGCGGCAGGCGGAGAGCACCCCGGCCAGGGCCACGGCCCCCGTGCCCTGGATGTCGTCGTTGAAGGAGGGGATGACCTTGCGGTAGCGCTCCAACACCTGGAAGGCCGTCTCCT
NZ_AP031330.1_gap32	1469205	1471606	2401	GCTCTGGGAGATCCCGGAGATGGCCGTCCTCGAGGTCCTGGACCCCGAGACCTTAAGGCCCGTGGCGGACGGGGAAAAGGGGGAGCTCGTGGTCACCGCCTTAAGCCGCACCCTCATGCCCATGGTGCGCTTCCGCACCGGGGACCTGGCGGTGGCGGAAAGGCGGGAGGGCCTCACGGTGCTTCCCCGCGGGGTCTTCGGCCGCACGGACCAGATGGTGAAGGTGAAGGGGGTCAAGCTCTACCCCACGGAGCTCGCCCCCATCCTGGCGGGCTTCGGCCTGGACCCCAAGGGCTTCCAGGTGGTGGTGGAGAGGAAGCTGGAAGGCACCGACAAGCTCGTCCTCCGCCTCAAGGCGGAAAAGGTTCCCCCCGGCCTCTTTGAGGCCATCCAGAAGGCCACGGGACTCAAGGTGGACGAGGTGGAGCTGGTGGAAAACCTGGAAGGGGGCCTCCTGGTGGACCGCCGCTTCTGAAGGGCCCCGGGGGCTCCCGAAGGCGGCGGGGAAAGCGGACATGACCCCTCTGGAAGCTTTCCAGATCCTTGACCTGCGGGTGGGGCGGGTCCTCCGGGCGGAGCCCCACGAGAAGGCGCGCAAGCCCAGCTACAAGCTCTGGGTGGACCTCGGGCCCCTCGGGGTGAAGCAGAGCTCGGCCCAGATCACGGACCTCTACCGCCCCGAGGACCTGGTGGGCCGGCTCGTGGTCTGCGCCGTGAACCTCGGGGCCAAGCGGGTGGCGGGCTTCCTCTCCGAGGTCCTGGTCCTCGGGGTCCCCGACGAGGCGGGGCGGGTGGTCCTCCTCGCCCCGGACCGGGAGGTGCCCCTGGGGGGGAAGGTGTTCTAAAGACCCCGCCGCGGCGGGGCGCCTACCCCGCGAGGAGGCGGTGGAAGCGCCTTATGACCTCCACCCCCTTCTCCAGGTTCACCAGGTCCAGCTTCTCGTTGGGGGCGTGGAGGTTGTCGTCGGGAAGCCCCAGGCCCAGAAGGACGATGGGCGCCCCCAGGGTCTCCTTGAGCTCGGCCACCACGGGGATCGTCCCGCCCTCCCGGGTGTAGACGGGGGGCCTTCCCCAGACCTCCTCCAGGGCCCGGGCCATGAGGCGCATGGGCGGGCTAAAGGGGTCGGTGAGGACGGGCCTGCCCCCGTGGAGCCTCCGCACCTCCAGGGCGTAGCCGGGGGGGCAGACGGCCTTCAGGTAGGCCTCGGCCTGGTCCGCCACCTCCTCCGGGTCCTGGTCCGGCACCAGGCGCATGGAGAGCTTCATCCCCGCCTCGGCGGGGATCACCGTCTTGGAGCCCTCTCCCTGGTAGCCGCCCCAGATGCCGTTCGGGTCCAGAGTGGGCCGGGCCCAAAGCCGTTCCAGGGGGGCGTAGCCCTCCTCCCCCGGAAGGACCTCCACCCCGAGCTCCCGCTTCAGGGCCTCCTCGTCCAGGGAGGGCCAGAGGGCCCTTTCCTCCTGGGAAAGGGGGCGCACCCTCTCGTAGAAGCCCGGGATCAGGACCTTCCCCGTCCTCTCGTCCTTCAGCCGGGCGAGGAGCCACCCCAGGGCCTGGATGGGGTTCGGGGCCACGCCCCCGAAGGCCCCCGAGTGGAGGTCCCGCCTCGCCCCCCTAAGCCGCACCTCCAGGTAGCAAAGCCCCCGGAGGCCGTAGGTGAGGGTCGGGGTGTGGGGGGCGAACATGGCCCCGTCGGAGACGATCACCACGTCCGCCCGGAGCTTCTCCCGGTTCGCCCGCACGAAGGGAGGGAGGTGGGGGCTTCCGATCTCCTCCTCCCCCTCCACCAGGAACTTCAGGTTGACCGGGGCCTCCTCCGCCGCGAGGACGTGGGCGAAAAGCTGCCCCTTGTCGTCGGAGGCCCCCCGGGCGTAGATCCGGCCCTCCCGCACCACCGGGGAGAAGGGCGGGCTCTCCCAAAGCTCCAGGGGATCCGGGGGCTGGACGTCGTAGTGGCCGTAGACCAGGACGGTGGGGGCCTTCTCGTCCACGAACCGCTCGGCGTAGAGGATGGGGTGGAGGGGGGTCTCGTGGAGTTCGGTGCGGAAGCCCCGGGCCTTAAGCCTCTCCGCAAGCCAAAGGGCCGCCCGGCGCACGTCCTCCCGCCGGGCCGGGTCGGTGGAGACGGAGGGGATGGACAGAAAGGCAAAAAGCTCGGTGAGGTCCACGAGGATACCCTAAACGCCCGCACCTCGTTCCCGCAACCGGGGAGCGCAGAGGGGGGCCCTCAGCCCCCGCCCAAGACCTCTTCCTTTTCCTTCTCCAAAAGGAGGAGCTTGAGCCTGGCCACCTCGGCCTCAAAGCGGGCCTGGAGGGCCTCGAGCTCCGCCCGAAGCCGCATGATCTCCTCCACCCCCGCCAGGTTCACCCCCAATTCCTGCGTCAGGCGGCGGATCTCCCGGA
NZ_AP031330.1_gap33	1477854	1478571	717	GATGAAGGAATACCCCCTCCTCTTCCTGGGGGAGCCCGAGGAGGAGGAGGCCCGGGCCCTCGCCGCCAAGGTGAAGGACTTGAGCGTCCTCCTGGACGAGCTGGGCTTCGCCCCGCCCCCACCCCCTAGGCGCCCCTTGCGGGTGGCCTACCACGACGCCTGCCACCTGGCCCACGCCCAAGGGGTAAGGGAGGCCCCGAGGAGGCTTCTAAGGGCGGCGGGCCTCGAGGTCTTGGAACCCAGGGAGTGGGAGCTCTGCTGCGGGAGCGCCGGGACCTACAACCTCTTCCAGCCGGAGATCGCCGAGGCCCTGGGAAGGAGGAAGGCGGAAAACCTCAAGGCCACGGGGGCGGACCTCGTGGCCACGGGGAACATCGGCTGCCTCACCCAGATCCAGGCCTACCTGGACCTCCCCGTGCTTCACACCGCCGAGCTTTTGGCCCTCCTCTACGAGGGAAAGGACTTTGACCGGACGGACCTGGCGTGGAAGCCCTCCTGAAGGAAGCCTTCCTCGAGGCCCTGAAGGCCACGGACCCCTACCGCCTCACGGCAAGGCACCTCCCCCCTTGGCGGCCGGACCTCGTCCTGGCGGTGGGGAAGGCGGCCGCCCCCATGCTCCAGGCCGCCCTGGACCGCTACGGAGAGGTCCCCTACCACCTCACCCTGCCCAAGGGGCAAAAGGCCCCTGGGCTCAAGGCGGTCTTCGCCCGCCACCCC
NZ_AP031330.1_gap34	1481348	1485645	4297	GGCCCTTGACCCCCTGGCCTTTGGGGATTAAGCTTTGACCGAGTTCAAAAGGAGGTGGCCATGGACCTCAACGCCCTCGCCCAAAAAGTGGCCCAGGCCCAGCCCTTCACCCGGCACCTGGGCGCCGAACTCCTCGAGGCCCGGCCCGGGGAGGTGGCCTTCGCCCTGGAGGTGCGCCCGGAGTTCTACCAGCACCTGGGGATGGTCCACGGCGGGGTCATCGCCGCCCTCCTGGACAACGCCCTCACCTTCGCCGGGGGCACGGTCCTGGGGGCGGAGGTGCTCACGGTGGAGTTCAAGGTCAACTTCCTCCGCCCCGCCCAGGGCTCGAGGCTTCGTGCGGTGGGGCGGGTGGTCCACGCCGGGAAGCGCCTCGCCGTGGTCCAGGGGGAGGTCTTCTCGGAAGAGGAAGGCGGAAGCCACCTCGTGGCCCTGGGCCAGGGAACCATCAGCAAGGCCTAGGCGAAGGCCAGGGCCTCCCGCGCCCGGTCCGCCAGGGCGAAGAAGCGCTCCTTGGTGAGGGGGATCTTCCCCGTGACCAGGCCCTTTCCCGGCTCGTAGTGGGCGTGAAGGTGGATGTGGGCCCGGGGAAGGCGGAGGCCGATGCGCTTGAGCTTGGCGTGCCTCGGGGAGACGTCAGCGAGGAGGAAGGGTTCCCCAAGCCCGTCGGAGAGGGAGGCGGTCATGATGGTGGTGGGGAGATCGTAGGGACGCTCCATGCGGTAGATGAAGTCGGGGAAGTCCGCCTCCTTCTCAAAGCGCACGCCCTTCGCTTGAGCGTACTCCCGCATCCAGGAGAGGAGCTCCACCCAGGCCTCGTAGAGTTCGCGCTCGGAAGACGCGCTCATGGCTCAAGTATAAGGCCCCGGGGCGGTCCCCGGGGCACCTTGGTGGGCGCGAGTGGACTTGAACCACCGACCCCTACCGTGTCAAGGTAGTGCTCTAGCCACCTGAGCTACGCGCCCGCGTTTTCTGGAGGCGCCGGCCGGATTCGAACCGGCGAATGGAGGTTTTGCAGACCTCTGCCTTACCACTTGGCTACGGCGCCAAGCCGTAAAGTATGGTAGCACGAAGCCCCAAAGGGTGTCAAGAAAAACCCGTCGCCAGCGGGAAAAGTGGTATCATGCCCACCAGTGGACGAGGTTTTCGTGCGCCTGCGCCGCGGACGCTGGCCCCTTTCCAAGGGGCTTTTGGTGGAGGCCCTCCTTCCCCTGGGGGTCCCCACGGAGGTGGCCCACGCCCTGGCCCACACGGTGGAGGAGCGGCTTAAGCGCCTCAGGCGCAAGGGCGGGGTGACGCCCCGGACCCTGAGGCGGATCTTCCTGGAGGAGGTGGAGCGGGAGCTTGGGCCGGAGAAGGCCCGCCTCCTCGCCAAGCAGACCCTCCCCTTTGAGGAGATCTTCGTGGTGGAGGGCAGAAAGCAACGCCCCTTCTCCAAGGGCCTCCTCACCCGGAGCCTCGAGGACGCGGGCTTCTCCCTGAGGGAGGCGCACGAGCTGGCCAAGGCCGTGGAAAGGCGGCTCCGCCTGGAGGGCGTCCGCCGTATCCCCGCCAAGCGGCTGGAAAAAGTGGTGGCCGAGGAGGCCCGGCGCCTCTACGGCCCCGAGGCGGGGGAGCGCTACCGGGCCCGCCTCCTCTACGCTGGGGAGCTCTTCGTGGAGGAGGCCCCGGGGGCGCCCAGGGTCCCCTTTTCCAAGGGGATCCTGGCCCAGTCCCTCATGGCCATCGGCCTCTCCCCCGACCGGGCCTTCCGGCTCGCGCGGGAGATGGAGGTGGCCCTCCACCGGGAAGGCGTCCAGGTCATCCGCCGGGACGAGCTGAGACGGCGGGTGCACCAGGCCCTCCTCCGGGAGGCGGGGGAGGAGATGGCCCGCCGCTACCTGATCCTGCGGAGCCTGCGCAAGCAACCCCGGCCCGTCCACATCCTCATCGGGGGGGTCACGGGGGTGGGCAAGAGCGTCCTCGCCTCGGCCTTGGCCTACCGCCTGGGCATCACCCACATCGTCCCCTCGGACGCCGTCAGGGAGGTCTTCCGCGCCTCCCTCTCCAAGGACCTCCTCCCCACCCTCCACCTCTCCACCTTTGAGGCCTGGCGCGCCCTCTCCCCCGGGCTCGGCCTCGAGGGGGAAAGCTACGAGGTCCAAGTGATGCGGGGGTTTTTAGACCAGGTGGCCAAGGTGGCCGTGGGCCTCAAGGCCATCCAGGAAAGGAGCGCCCTGGAGGGCACCTCCATCGTCTTGGAAGGGGTCCACGTGGTGCCCCGCTTCCTGCAGCACCCCTACCAGGACCGGGTCTTCACCATCCCCATGCTCGTGGCGGTGCAGGACGAGAACCTGCACCGGGACCGCTTCCTCCTCCGCGACCGGGAGACGGGGCACGCCCGGCCTAAGGAGCGCTACCTCCAGCACTTCGAGGAGATCCGCCTCATCCAAAACCACCTCCTGCGTTGGGCCCGGGAGGAGGGGATCCCCGTGATCCCGGGGGAGGACCTGGACGAGGGGATTGAGAAGGCCTTGGAGGTCCTGGTGGCCTACCTCGAGGCCCAGGGGCAGAGGCTGGAGGAGGCCCATGCTTGAGCCTCTCCTCTTCCCCCTCCTCCTCGCCGTGGCCTTCCGCCTGAGGCGGCTCGCCCCCCTCTTCGCCCTAGGGTTTTGGGCCAACCTCCTCTGGTTCGTCTACCAGAACGAGTGGGGCTCGGGCTGGCTCACCTACCTGCGGGGCCTCGGGGCGGGCCTCTTCCTCGCCGCGGGCTACGGGGAGCCCCTCCTCGCCTGGAGCCTCCTCCCCTGGCCCCTTCTCCTCTACGCCAAGCTCCAGGTGCGCGAACTCCTCCCCTACTTCCCCGGCCTCACCGAGGGGCTCGGCCTCGGCCTCCTCCTCTACCTCCTGGGTTTCCGCAAACGGTAAAAGGCGTAGGGAAGCCCGGCGCCCAAAAGCCCCCCGAGGAAGAAGGCCCAGGGGTGGCCGTAGAAGAGCTGGAGGAAGAGAATCCCCCCGTAAAGCACGGCGAAGAGGGGAACGAGGAAGGGCCTTTCCCCGTAGGCCACCGCCGCCCCCCCGAGGGCGAGGCCCAGGGCGAGGGCGAGGCCTTCCTGGTTCGGGCGGAACCAGAGGAAGTAGACGTAGCCCGCGATCCCGAGGAGGGAGAGGGCCTGGGAGAGGCGGTCCGGACGCATCCTCAGTCCTTCACGAAGCGGCGCACCACAAGCTGGGAGAGGACGAGGGCCACACCCCCCCAGGCCACCTGGGGCTCGCGCCCCAAAAAGCCCATGACCGCCGAGAAGACCCCGGCCAGGAGGAAGAAGGGCACGTACCTGGGGCTCACGGTGAGGCCCAGGACGAAGGCCACGAGAAACCCCGCCACCCCAGGGGGGAGGCTTGCCCCCAGGGCCAGGAAGAGGAGCATCAGGGCGATGGTGATGGCCCCGGCCAGGTAGTAGGCCCCGGGAAAAGGCTCGGGGACTTTCTTGCGGGCGCGCTCGGCCATGCCCCAAGGCTATCACAAAAGCCCCGCGGCCGCGGCCACCGCCTCGAGGCGCGCGGGCACGGGCGGGGGAAGCTCGGCCACCCTCTCGGCGGTGGCCGGGTCCTTGAGGCCGTGGCCCGTGAGGGTGAGGACCACGGTGGTCTCCGGCTCAAGCCTACCCTCCCGCAACAGCTTGAAGACCCCAGCCATGGCGGCGGCGCTTGCGGGCTCGCAAAAGATCCCTTCCTCCCGGGCCAGGTAGCGGTAGGCGAAGAGGATCTCCTCGTCCGTCACCGCCTCTATGACCCCCCCCGACTCCTCCTTGGCCCGCACGGCCCCTTGCCAGCTCGCCGGGTTGCCGATGCGGATGGCGGTGGCCAGGGTCTCGGGGCGCTCCACCGGGCGGCCCAGGACCAAGGGGGCCGCCCCCGCCGCCTGGAAGCCGAGCATTCTGGGAAGCCTCCTGGCCTTGCCCAGGGCGTGGTACGCCTTGTAGCCCATCCAGTGGGCGGTGATGTTCCCCGCGTTCCCCACGGGGAGGGCGTGGTAGTGGGGGGCGTCGCCGAGCTCGTCCACCACCTCAAAGGCCAGGGTCTTCTGGCCCTCCAGGCGGTGGGGGTTCACGGAGTTCACCAGGGCCACGGGGAAGGCCTCCGTGAGCCTTTGGGTGAGGCGCAGGGCGTCGTCAAAGTTCCCCTCCACCTGGACGATCCTCGCCCCGTGCACCAGGCTCTGGGCCACCTTGCCCAAGGCCACGTACCCCGCGGGGAGGACCACGATGGCCAAAATCCCGGCCCTTGCGGCGTAGGCGGCGGCGGAGGCGGCGGTGTT
NZ_AP031330.1_gap35	1488677	1492130	3453	ACGCGGGCACCGCCTTCCTCCGGGCGGGAAGGGCCCGCATGGCCCGGAACGCCCTCATCGTCCTCTTCAACCTGGGCCTGGGGGAGGCCCTCTTCCTGGAGGCGACCCGGGACCCGAACCCCCTGGTGCGGCGCACCGCCCTGAGGATCCTCCACCTCACGGGGAAGCCCCTGGACCCCTTCCTCCAGGACCCCGGGCTCCGCGAGGAGGCCCTAGCCCTTCTCAGGGAAGCGCCCGAAGCGGTACACCTGCTCCAGGACGGGAGGGAGGCCCCAGGCCCTGAGGTCAAAGAGCAGGGGGCCTAGATCGTAGGGCACCTTGAGGAAGTGGGCCTCGAGGGTCTCTGTGTCCAGCACCATGACGTCCGCCCCGTGCTCCCCGGTGAGGCTTAGGCCCACGCTCCCCGGGTCGGCGACAAGCCCCCTCCCCACCCGCCTGGCCAGGGGCAGGTGCCGCCCCCCAAGGAGGAGGACCTCCGCCCCGTAGCGCTCCAGAAAGAAAGCGAGGTCCCGCGTGGGGCCCAGAAGGTCCACCCGCCCCTCCGGGTCGCCGGGGCAGCCGTGGAAGGCCACGAGGCGCCTTTCCCCGTAGGCCCTGCGGTGGGAGAGCCTGAGGCCGCGGAGGTAGGCGAGCTCCTTCTCCCCGAGCTGCGCCCGGGTCCACTCCAGGGTGGCCTTGCCCACCCCCTCGGGCAGGGCCTCGGGGAGGGGGTAGGCCACCCTTAGGTCCCAGGCCCCGGCGATGGCGGCAAGCCCTTCCTTCCAGACCTTGTGGATCACCTGCCTAGGGTGGGGCCCGTAGCCCACCAGGTCCCCGAGGACCAGAACCTCGTCCACCCCCTCGGCCCGTAGGACCTCCAGGGCGGCCTCGAGGGCGGGGAGGTTGGCGTGAAGGTCCGAGAGGACCCCAAGGCGCATGGCCCCATTCTCCCACCTCCGCCGTCAAAGCCCGGTGAAAAGGAACCGGGAAGCCCGTATGGTGGAAGGGTGAAGGCCTTGGCCTTGGGCCTCCTCCTCGCCCTCACCCTCCCCCCCTTTCCCCTGGGCTTCCTCGCCCCCTTCGTCCTCGCCCTCCTCCTCAAGGGGGGCTTCCGGGAAGGGTTCTGGGCGGGCCTCGGGTTTTGGGGGCTCCATCTGGTCTGGCTTCCGCAAAGCTTCGCCCAGAACTTCGGCCCCTGGGGGGCGGTGCCCTTTCTGCCCCTCGTCCTCGTCAAGGCCCTCTCCTTCGGCCTCCTCTTCGCCCTCACCCCCAATGCCCCCATGCGCCTCGGGGGGTGGGTTCTCCTGGAGTGGCTCACGGAGCAAGGGGAACTCGCCTTCCCCTGGGGGTTTCTGGGCTATGCCCTGGTGGAGGCCCCGGGCCGGGTCCTCGCCGCCTGGGGCGGGGTCTATCTCCTCTCCCTCCTCGTCCTCCTCGTGGCCTATGGCCTTCGGGCGAGGCGGCCTTGGGTCCTCCTCCTTTGGGCCCTCCTCTGGCTCCTTCCCCTCCCCGAGGCGCACCCCGAGGGCAAGGCCCTTTTGGTCCAGGGGAACATCAACCCCTTAAGGAAGTTCCAGGGGGAGCTGGACGAGGCGGTCTACCTGAGGCTCACCGAGGCGGGGCTTCGGGCCCACCCCGAGGCGGACCTCGTGGTCTGGCCCGAGACCGCGGTCTGGCGGATCCCCCAAGAGGCGGAGGCCCTCCTCCAAGGCCGCCCCCTCCTCACCGGCCTCAACCTCCTCGGCCCCAACCGGGCGGTGCTCTACCGGGAGGGCAAGCTCCTCGGCCACTACGACAAGACCCGCCTCGTCCCCTTCGGGGAGCGCTTCCCCTTCCGGGAGGCCTTGGGGGGGGTCTACGCCTTCTTCTTCCGGGCCATGGGGCTTGGGGACCTCGCCGACCGCACCCCTGGGGAGAAGGTGGCCCCCATCGGACCCTACGGCGTCCTCATCTGCTACGAGTCCGTCTTTCCCTCCGTGGCCCGGGGCCTGGCGCGGGAAGGGGCCAGGGTCCTCGTCCTCCTCACCAACGACGCCTGGTTCGGCCCCTCCTTCGGGGGCAGGCAGCACTTCGCCCTGGGACGCTTAAGGGCGGTGGAGACGGGGCGCTGGCTCCTCAGGGCCGGGAACGACGGGATCACGGCCAGCATTGACCCCTTCGGCCGGGTGGTGGCGGAAATCCCTGCCCACCAGGAAGGGTTCCTCCTCGCCCCCTACGCCTTCCGGGAAGGCCTCACCCCCTACGCCCGCTTCGGGGACTGGGCGGTGGGCCTGGCGTTGACCATCTTCCTCCTTGGCCTTATCCTTAGGGTGCGTCCGCCGGGGTGGCGGAACCGGTAGACGCGGCAGACTCAAAATCTGCTGTCCGCAAGGACGTGCGGGTTCGAGTCCCGCCCCCGGCACCAAAAGGCCCCTCCGGGGCCTTTATCCTTTGTCCCAAAGGGCAAGGACGTAGTTCCTTTCCAAAAGAAGGCGGGGTGGGCTCCCCAAGGCCTCTCGGAAAAGGGTTTCCAGGACTTCCGGGGAAAGCCTCCGCGCAAGGGGCGGCCCCACCTCCTCCTCCCGGTAAGGCCACTCCAAGACGGCCACGCGCCGGGCCACCCGGGCGGCCTCCCGGAGGGCGGGGAGGGGGTCCAGGTGGTGGAGGGCGAGGCCGAAGAAAGCGAGGTCAAAGCTTCTGTCGGGGAAGGGCAGGGCCTCGGCCCGCCCCTCCACAAAATGGGCCTCCTTCACCTTGGCCCGGGCCACCTCCAGGCGGTCCGCCCTGGGGTCCAGGCCCACGACGAAGAGGCCCAAGGCGGCGAAGGCCTCGGCGAAGACCCCGGTGCCGGTGCCGATGTCCAAGACGCTTTTCGCCTTTAGGCCCTCCAGGGCCTTCCTAGCGATCTCCCCCGGGGGAAAGCGCCTAAGCCTTTCCTCCTTGCGGAAAGGGTCCCCTGCCTCGCAGGCGTTGGTAAGGAGGGCCCACATCACCAACGCCCCCTCCTCCGCCGCCTTCTGGAAGGCCCTTTGCAGGGCGAGGAAAACCTCCTCCTCCTTTCCGGAAACCTCCGAGTGGGTGGGGAAGACGCGGTAGCTCGCCCCGCTTTCCTCCAGGGCCAGGAGGGCTTTCTCCACCGCCCTGTAGTCCCCCTGGAGGAGGGGGTAGAGGGCGAAAAGGGCCTTCACCGCCATCTCCCCAAGTATAGGGCGGGGCGGTTCCCCGCGCGCCTTCCCGCCTGGTCCGCCTCCTCGTAGGGGGGATTGGCCTCGGGGGCGAGAAACACCGCTTCCCCTTCCGCCTCAGGAGGCCCTAGGAGGGCCTTCAGGTCCTCCCGGGCGAGGAAGCGGGCCCGGGCCCATGGGAGGACGCCCTTTTCCCCGAGCCTCCGGTAGAGGGCGGCCCAGGGGGAGAGGGCCTCGAGGACCCCCACCACAAGGGCCCCGCCCGGACGGAGGACGCGCCGGGCCTCGAGGAGGACCCGCTCCACGTCCT
NZ_AP031330.1_gap36	1494599	1496137	1538	GGTCGTGGGTGACGAAGAGGATGGTCTTCTTCAGCTCCCCTTGAAGGCGGAGGAGCTCGTCCTGCATCTCCCGGCGGATCAAGGGGTCCAAGGCGCTAAACGCCTCGTCCATGAGAAGGACGGGCGGGTCGGCGCAAAGGGCCCGGGCGAGGCCCACCCGCTGCTTCTGCCCGCCGGAAAGCTGCACCGGGTAGTTCTGCTCGTAACCCGCCAGCCCCACCCGCTCCAGCCACACCCGGGCCCGCTCCTCCCGCTCCTTCCTCGGGACCCCCTTGAGCTCCAGGGGAAAGGCCACGTTCTGCAGCACGGTGCGGTGGGGCAGCAGGGCGAAGTGCTGGAAGACCATGCCGAAGGTCTCCTGGCGGAAGCGCAGGAGGTCCCGGCGCTTCAAGGCCGTGACCTCGGTCTCCCCCACGTAGACTCGGCCCGCCGTGGGCTCAATGAGGCGGTTCACCACGCGCAAAAGCGTGGACTTTCCGGAGCCGGAAAGCCCCATGATGACGAAAAGCTCCCCCTGGTGGATCTCCAGGTTGACGTTCTTCAGGCCCACCACGTGCCGGGTCTTCTGGAAGATCTCGTCCTTCCTGCCCCCCCGGCGGACCTCCTCGAGGACCTGCTTCGCCCGGGGCCCGAAGATCTTGTAAACGCCCTCTATGCGGATGTAGCTCATGCCTCCTCCCGGTAGCGGCGCATCACCCGCTGGCCCGCCGCCTGGGTCAGGCGGTCCATGACGATGGCCAGGGCCACGATGGCCACGCCGGCCTCCGCGCCCCTACCCACGTCCAGCCGCTGGATGCCGAGGAGCACCTCCTCCCCCAGGCCCCGGGCCCCGATCATGGAGGCGATGACGACCATGGCCAGGGCCATCATGGTCGTCTGGTTCACCCCCGCCATGAGGTTGGGGAGGGCCAGGGGAAGCTCCACCTTAAAGAGCCGCTGCCACGAGGTGGCCCCAAAGGCCTCCGCCGCCTCCACCACCTCCCGGCTCACAAGCCTCAGGCCCAGGTCCGTGAGGCGGATCATGGGCGGCACGGCGTAGATCACGGTGGCGATGAGGGCGGGCACCTTCCCAAGCCCGAAGAGGAGGAGGGCTGGGATTAGGTAGACGAAGCTGGGCATGGTCTGCATGGCGTCCAGGATGGGGAGCATGACGCCGCGGAAGCGGTCGCTCCGCCCCATGAGGATCCCCAAGGGGAGCCCCAGGACCACGGAGATGACCACGGAGGCCAGGACCAAGGCCAGGGTCTGCATCCCCTTGTCCCAAAGGCCCAAGGCTTCTATCAGCCACACGGCAAAGCCCATCCCCAGGGCGAAGAACACCCTCCGGGTGAAAAGCCACCCGAGAAGCGCGGCCACCCCCGCCACCCAAGGCCAGGAGAGGCTCCGGAAGAAGCCCTCAAAGGCCAGGATGAACTGGAGGAGGGCGTTGGAGAGGCTTTCAAAGAAGTCTCCGTAGTTCCGGACCAGCCAGGTGATGAAGACGTTGACCCATTCGCCAAGCGGTATTTCCATAGGCTTTGCTCCTCTCTAAGGACCAG
NZ_AP031330.1_gap37	1507798	1509766	1968	ACCACCCCCCGCACCACCCGGGCGAGCCCACCCCAGCCGATGAAACCGAGAAGCCCCACCACCAGGTAGAAGGTGGTGAGGGGGTCCACGTTGGTGGGGAAGACGGCCCGCAAGGAGATGAGGAGGAAGAGGGTGGGGATGGCGGCGATCACCTCCACGAGCCGCATGATGAGGTTGTCCACGTCCACCTGGATGGGCCTAAAGGGCAAGGTGAGGGCGAGGAAGCCCGCAAGCCAAAGGGCGGCAAGGAGGGCCAGGGCCTGGAAGAAGCCGAACCCTGTGAGGCGGATGTAGGTCCAGGCGAGGTACAAGGCCCCCGCCGCAAGCCCGCCCCAAAGGAGCCAGGACAGGGGCCCAAGCACGAGCCCCCGCCCCCGCCAGGCCCGAAGGGGAAGGGCGAGGACGAAGGGCCGCCCGGCGTAAAACCCCGCGATCCCCCCAAGGAGGAGGCCGAGGACGAAGGAGACCAGGGCGGAGAGGATGCCGATGGTCAAGGACACCTGGGCCCCGTAGACGAGGCGGCTGAAGAGGTCCCGGCCAAAGTTGTCCGTGCCCATGAGGAAGATCCTCCCCGGCGGGTCCACGCCGAAGAGGCGCAGGTCCGCGCGGAAGACGCGGAAGACGGTGTAGGGCTGGTCCGGCGTGCGGACGAAGAAGCGGATGTAGAACTTGCCCTGGCTCGGATCCTCCTCGTAGCGGGGCTGGAGGGAAACGGGGTCAATGGTGCGACGGGTGGCGTAGACGAAGGGACGGGAAAGCCTCCCCGTCTCCGGGTCCACGAAGTGGATCCGCGTGGGCGGGTGGTACCCCTTCGGAGGGTAGAGCTCGTAGTAGTTGGGGTCGTAGGGGCTGAAAAAGCCGGCGAAGGCGGCCACGAAGTAGAGGACCAGGAGGATGCGCCCGCCCCAGACCGCCAGGCGGTGCTTGCGGAACTGGGTCCAGGCCACCTGGAAGAGGCTTTCCGACTTCGGCGCGAGGGCGTCCATAAGCCTCCTACTCGTAGCGGATCCTGGGGTCCACCCAGGCGAGAAGCAGGTCCGAAAGCAGGTTGCCGATCATGAGCAGCACCAAGCCCATGGTGAGGAAGCCCGCGACCACGTAGAGGTCTTGCTGGGAGATGGCGTCCAGGAGAAGGGGGGTGATCCCGGGCCAGGCCATGACCACCTCCACGAGGCCGGCCCCCGAGATCAAGGTGGGCAGGATCCCGCCGATGTTGGCCACGATGGGGATGATGGCGTTCCTCAGGGCGTGCTTGTACACCACCACCCGCTCGGCAAGCCCCTTGGCCCGGGCGGTGCGGACGTAGTCCTGGGAGAGGGCCTCGAGCATCTGCCCCCGCATGATGCGGGAGAACCCGGCGATGTCGCTCGTGGTGAGGACGACGATGGGCAAAACCGCGTGCCAGGCCACGTCCACCACCTTTTGCCAGAAGGAAAACTGCTCAAACCCGCTGGAGGTCATCCCCGAAACCGGGAAGACCATAACCCCCGTGCGGAAGTAGACCTGGAGCACCAGGTACATGAGGATGAGGGCCAGGAAGAAGTTGGGGATGGCGAGGCCCAAATAGGCGAGGAAGGAGACCACCCGGTCCCCCAAGGAGTACTGGCGCAAAGCCCCATAGACGCCCACGGGCACGGCGATGAGGAAGAGGAGGATCGTGGAGGGGACCACCAGAACCATGGAGTTTAGGACCCTGGGCCAGACGATCTCCAGCACCGGGGCCTGGTAGGCGAAGGAGTAGCCCAGGTTGAGGTGGAGGAGGTTGTGCATCCAGAGGAGGTACTGCTCGTGGAAGGGGCGGTCCAGGCCGAACTGGGCGCGGAGCCGGGCGATGGTCTCGGGGGTGACCTTAGGGTCCAGCTCCAGCTGGGTCAGGTAGTCCCCGGGGGCCATCTGGATGATGAGGAAGGCGAGGAAGGTGGCCCCGAAGAAGGTGGGGATCAGGGAGAGAATACGCTTGAGGATGTA
NZ_AP031330.1_gap38	1515285	1516361	1076	AGAACTCCACCCGGACCCTCTGGCCCGGGCGGAGAGGCCAGGCCGGGCTCACCGCTTGGTGCTGATGCCCAAGACGCGGTAGAGGCCGCAGAACCCCGTGATCGCCGTGAAGAGGAGGACGGCGGCCACGATCCCCAGGATCCAGTTCCAGGGCGCGGCAGACTGGAAGGCGAAGTAGAAGAGGACGAGGGAAAGGAGGAACCGGATGACCCGGTCGGTGGTGCTCTCGTTCACCGGCATAGGCTCACCTCCTTCAACCCAAGAGTACAGCAAAAGGGGCCGGGCTGTGCTACTATCGTTCCCGGACGGGGGCCGTTAGCTCAACGGTCAGAGCAGCCGGCTCATAACCGGTAGGTTGCAGGTTCGAATCCTGCACGGCCCACCACCCGCCCCGGCCTCGAGCCGGGGCTTTTTGCGCCCAAGCCCCTGGCGAACGCCGCGGTGGGGCCCCTAGAGGTTCCACCCCCCGGCCACCTCCAGCACCTGCCCCGTGAGGTAGGGCTCCTTGACGAAGAAGAGCACCGCCCGGGCGACCTCCTCTAAGAGGGCGAGCCGCCCCATGGGAATCTCGTGAAGGGGCTTGGAAACGGAGTTTTCCGCCACCCCCGGGGCCACCACGTTGGCGGTGATGCCGCTTGCGGCGAAGCGTTTGGCGATGGCCTTGGTGTAAAGGATGACCCCCGTCTTGGCGATGACGTAGGGGGTGATGTGGGTCCGGGCGAGGAGGTTCCCCGCCCCGGCGTAGCCCAGGTTCACGATGCGGCCAAAGCCCTGGGCCACCATGAGGGGGAGGACCCTTTGGGTGAGGAGGAAGGTGGCGGTGAGGTTGGTGTCCAGGATCCAGCGCCACTCCTCCAGGCTCACCTCCTCTATGGGCTTGTAGAGGTAGTCCCCCACGTTGTTCACCAGAACGCCCACCCCCCCCAGGTGGTAGCGGACCTCCTCCACCAGCCGGTCCACCTCCTCCTCCCGGGTGAGGTCCGCCCGGACCTTGATGGCCCTCACCCCAAGGGCTTCCGCCTCTTGACGGGTGGCCTCGGCCAGGGCCTCGGAGGTGCGGTAGTGGACGGCCACGT
NZ_AP031330.1_gap39	1529895	1532643	2748	GGACGGGGGCGGTATGTCTCGGTGAAGTGGCTTCCCGCCGCCGAGCTCCGCGTGGGCATCGTGGTCTCCAAGAAGGTGGGCAAGGCGGTGGTGCGCAACAAGGTCAAGCGCCGCCTCCGGGAGATCCTCCGCCGCCTCCACCTGCCCCAAGCCCACCTCTTGGTGGTGGCGAGCCCTGAGGCCCGGGAGGCGGACTTCGCCGAGCTCTTCCGGGACGTGGTGAGGGCCTTGCGCAAGAGCGGGTTGGTACAATAGCGGCGTGCGCGAGGTGCTGATCCTCCTCATCCGCTTCTACCGCCGTTTTCTCTCTCCCCTGAAGCCCAGGACCTGCCGCTTCCACCCCACCTGTTCCGCCTACGCCCTCGAGGCCCTAGAGCGGCACGGGGCCTTCTGGGGAAGCTATCTCGCCGTGCGGCGGGTCCTCCGCTGCCACCCCTGGAACCCGGGCGGGCTGGACCCGGTGCCCGTCCTCTTCCCCCCGAGGAAGGTCCATGGAGGTGCGGAATGAAGAGGCTCCTTGCGGCCTTCCTCCTCCTTCTCCCCGCCCTCGCCCTGGAGGTGGGGTTTAAGGACGCGGACGTCAACGGGGACGGAACCCCGGAAAAGGTCGCCGTCACCAACCTCATGGACCTGGCCTTTGACGAGGCGGGCCAGGTGGTGGGCTGGTACGTGAAGGCCTACAAGGGCACGGCCTTCAGCGACTATACCCGCGCCCCCAACCTATCGGCGAACGGCCCCGTCCTGGCCCCGGTGGGCTTTTTGCCCCTGGAGGCGGAGTTCGCCGTGGAGGACGGCCTCCTCCTCGCCCGCTTCCGGGGGAGGGAGGGAACCCTCACCTACCGCATCCCCGAGGAGCGGTACACCGTGGAGGTGACGGCGGACTTTCCCCTCACCCTTAAGCTCTCCGCCCAGGGGAACCCCAAGGCGCTATTGGAAGGCGCCGTCGAACCCGCCCCGAGCGGGGAGGGGCGCCTCGTCTACCTCGCCTGGCAGACCCGGCCCAAGGCGGGCTACGCCCTGGTGGCTTTCGCCGACCAGCCCCTTCCGGGCAAGCTGGTGGGCAAGGAGGGGGAGGTGGCCCTTGCCCCCGGGCAAACCCTCCGGCTCTACGGGGGCCAGAACGAGCTGGTGCGCCTGCACGTGGAAGGGCTCCTTTCCCTTCCTGGCCTCTTCAGCCCCAACCTCTGGGGCCAGCTCTCCTTAGGCCTCCTCTGGATCATGGAGGCGGCCTACCGCTTCACCGGAAACTGGGGCCTCGCCATCCTCTTCCTGACCCTGGTGGTGCGCCTCCTCCTCTGGCCCCTCATGCACCAGCAGTTCAAGAGCATGGCGGAGATCCAGCGCCTCCAGCCCCTCATCCAGAAGATCAACGAGAAGTACAAGGACGACCCCAACAAGCGGGCGGAGGCCACCATGAAGCTCTACCAGGAGCACAAGGTCAACCCCGCCGCCGGCTGCCTCCCCCTCCTCATCCAGATGCCCATCCTCTTCATCCTCTGGAAGGTGATCGCCAACTACGAGTTCGGCCAGGGCTTCCTCTGGATCCCCGACCTCGCCCTCCCCGACCCCTACTACATCCTCCCCGTCCTCTACGTGGCCAGCACCTTCCTCTCCACCTGGCTCTCCGCCCACGGGAACCGGGACCTCATCCGGCAAGGCCTTTTCATGAACCTCATCTTCGTCTTCCTGGTCCTCCAGTTCCCCTCGGGGGTCACCCTCTACTGGGTTTTCTCCACCCTCATCGGCCTCGTGCAGCAGTGGCTCATCAACAAAAGCCTGGCCCCCCTTAAGGCGTAAACTGGGGGCATGAACGAGCGCAAGAAGAGCATTGACGAGCTCCTCTCCGACCTCGGGGTCCTCGAGGAGGCCCCGGTGGAGGTGGAGCTCAAGGAATCGGGAACCCCCGAGGCCCAAGGGGACCCCAGGGCCTTCCTGGAAGAGTTCCTCGGGGGCCTCCTCCTCCTCCTGGACCCCGGCCACCGCCTGGAGGTGCGGGTGGAAGGGGAGACCCTCAAGGCCGAGGTCAAGGGAGGGGACCTGGGCCGCTTCATCGGAAAGGAGGGACGGACCCTGAGGGCCGTGGAGCACCTGGCCCGGGTGGTCCTGGCCCGGCGCTTTGGCACCGGCTACCGCCTCGTCCTGGACGCGGCGGGGTACAGAAGCCGGGCGGAGGCCCGGATCCGCCGCCTCGCCGAGGAGGCGGCCCTCACCGTGGCCATGACCGGGGAGCCCCTCCACCTCCCCCCCATGCCCCCCGGGGAGCGGCGGATCGTGCACATGCTCCTCAAGAACCACCCCCGGGTCACCACGGAAAGCCAAGGGGAGGGAGAGGAGCGGCACGTGGTGGTCTACCCCAGGCGCGAGGCCCAAGGCTGAGGGCCCGAGGCCATGCCGGAGGCCCCGGGGGATACGCCGCTCGCCCTGGACCTGCTCCGCCGCCTGAGGCGGGCCCTCGGTGCCGCCGGGCTTCCCGAGCTCGAGGCCTGGGACCTCCTCGCCACGGCCACGGGCTGGCCCCGGAAGGCCCTATATGGCCGCCTCACCTCCCCCCTGCCCCAAGAGGCCCTTGACCGGGCCGAGGCCCTCCTCAAGCGGCGCCTCCAGGGCTACCCCCTCCAGTACCTGGTGGGGGAGGTGGAGTTCTTCGGCCTGCCCCTGCGGGTGGAGGAAGGGGTCCTCATCCCCCGCCCCGAGACGGAGGGGCTGGTGGAGCTCGCCCTCGGCCTCCCCCTGCCCCCCGCCCCCCGG
NZ_AP031330.1_gap40	1629643	1634047	4404	GTTGGCCCACTTCCCAGTGCATGAGTGTGGCCTACGGAAGCACGGGGTGCTACAGCTCAGCCTGGGCGGGGTACTATTACCAGTGGACAGATCTTAGGATTTACTCAAGCAGGCGTTCTTCGTCCAACTCCAGGTGTTTTTAAACGTGCAGGCGAGGCGGAGCCGGCACCTCGGCCCTGCACGGGCTAGGGAAAGGAGGTAAGGAGGATGCGGTGGATTATCAAACCTTCTCGCGTGCAACCCTTAGGAGACGGTCGTGTAAGGATTTATGTGTAAGGGTCCGTGTTTAATAGGGGGGCACACCTTAGCACGAGGAGGTGCCCCGTGGACCAGGATACCTTGCGGATCTTGCTGAGGGAAGCGGTGCGGGAGACGGTGGCCGAGGTTCTGCAGACGGTTCTGGAGCTGGACCGGACAGCCTTCTTGCAGGTGCACGGGGGGCGCAGGAACGGCTACTACCCCCGCAAGCTGGAGACCCCCTTCGGCCAGGTGGACCTGAAGGTCCCTAGGGATCGGGAATCTCGGTATTACCCGGCTTTCCTTAAGCCCTACGCCCGCCGCCTGGTGGACGTGGGGGAAGTAGCTGTGGCCTTGTACGCCGCCGGGGTCAGTCAGCGCAAGGCGGCCGAGATATTGAGCCTGCTCTTAGGCCACCGCTACTCCCACGAGACCCTAAGCGCTCTGACCGACCAAGTCCTGGAGGCGGCAGGTCACGCCCGAAGGGCGTATCTTGAAGCCTTCCGCACCCGGCTTTTGCCCGAGGAGATGGCCTTCGTCTACCTGGACGGGCTTTCCCTAAAGGTCTTCAGGGAAGGAGAAGGGATCGTGCGGGAAAGCGTGTATGTGGCCCTGGGCATCGCCCCTGATGGGGAGAGACGGGTCCTGGGGTTCTGGCTTTTGCCCACGGAGAGCGCCCTGGGATGGGAGGGGGTCCTGGGGGAGCTTTGGCAGCGGGGCCTGCGGCGGGTGTTGCTCTTTGTCACCGACGGGCTGCCCGGGCTTCCCGCTGCTTCGCCGTCAGGCGAACACCGAAAGGCGATCCGCAGGGTCTACCCTCAGGCGGAATGGCAGCGGTGCGTGGTGCACGGGGTGCGGTGGAGCCTGTCCCAGGTGCGGGCGCGGGACCGGGGCCTGCTGGCGGAGGACCTGAGGCGGGTGTACGGGGCGGAGAGCAGGGATGAAGCCCTTAGGGCCTTGGAGGAGGTGAAGGCCGCCTGGGGTTCGCGGTACCCGGGGGTGGTGGGGCTTTGGGTACAGGATTCAGGGGCCTTCCTGCGGTTCTACGGGTACCCCAAGGTGCTTTGGCCGTACCTGCGGAGCACCAACCTGATGGAGCGGTTTATCCGGGAGCTACGGCGTGGGACGAAGGTGCGGGACCACAAGTTTCCTAAGGAAGAGGCGGTGTACAAGCTTCTTTACCTGGAGTCGGAGAGGCAGGCTGCTTCGCGAAGCGAACATCTTGCAGGGAGGTGGGCAGAACGGAAACTAAAGGGGTTCTCGGAGGTGAAGGAGGTACTGGAGAAGATGCTTCAGGAGCGGTATGCCCCCCGTACACAGACTCTTACACATACCTTCGTGTGCTACTTGATCTGGACCCTCGGGATGTGAAAAAAGAGGGGGTGCTATGCAGCAAGATCGTGAGCACCCCCTTTACTATCTTGACGCGGAAACCCTTCTGGTGGCTACCTACATTTGGGTGGATGACGAACTGAAGGCCTTGCAAGCTCAGGACTTCAAGCTCCCCCCAAAGCAAAAGCACCAGAAGGCTACCCTGGCCGAGCTCCTAACCCTCGCCATCTTTCTCCTTTTGCAAGGCCAAGACCTCGCCAAAGGCTACTTGGCCGCCAAGACCACCCTCAAGGCCTACTTCCCCTCCCTCCCCCACCTCTCCCGCTTCTACCGGGTCCTTCAGAAGGCCCAGGGTTTGTTGGCTCACCTGGCCATGAGGCTCTCCGGGGGGCGAGGCCTTCTGCACGTGGTGGACCTCAAGTCCATCCCCCTGGCCCACGGCCACCGCGTCCACGGCCTCTCCCTTCCTGAGGCCGCGGTGGGGGTAGGACCCTTGGGAGCCTTTGGCGGCTACGTCCTCATGTCGGTGATGAACGAGCGAGGCCTCTTTTTCCGTTGGGCCATTCTCCCCGGGAATGCCCGGGAGACCTGGGGGAGGGAGCTTTTGGAGGATCTGCCCGCAGTCTTGGGGGACCGGGGCTTTCGCTGGGTCCAGGGGGTCAAGACCCCGCCCTATCGGGTCAGAGGAGGGAAGGTGGTGGAGACGGGGTGGAAGGGGTGGATGGGAAGGATACGGAACTGGATAGAGACCCGGTTTAGCGTGATGGTGCGGTCTTTAGGGCTTCATCGGATAGAAGCCCGGTCCTACCTGGGCTTGCTCGCCCGGATCAACCTCATCTTGCTCGTTCACAACCTCATCCGCAGCCGGGTGCTTCTGAAGATGGCGGGGGTGGGGCTATGAGGTAGCACACGAAGGCATAACTCTGGGCTTGCCTAGTAAATTGCCTTGTACCCCGGAGGGGGCGGGAGAAGGGAGAGAAGAACCCTAAGGCCGTAGGCGATGAGCTCCAAAAAGGCCCGCGCCATGGCCGTCCAAGGCTTCCGCTCCATGAGGTATCCCCCACCCAGCCGCGTCTTCATCCCCCCAAACACCCCCTCCACCACCCCGCGAAACCGGTACACCTCGGGGTCCCACCCCTCCCGCGCCCGCACCCGCGCCTCGTCCCTGGCCTCGCCCCCGCCCCGAAGCCGGATCACCGGCCGCACCCCCGCCTCCCCCAAAACCCCCCACACCTCCTTCCCGTCAAACCCCGCGTCCGCCAAAAGCCACCCCCGGGAAGGAGGAAACCGCCTCAGCACCTCCCCCCCAAGCCGGGGGTCCGGGGCGTAGCCCTCCCCCACCACTCCACCCCAGGGCCATAAGAGCCGCCTCTCCCTATCCCACCGCATCAGGGCCAGAAGCCGCGCGTGCCCCCGCACCCGCCGCACCTCCTTCCCCCGACGAAAGCGGAGAAGCCGGTCCTTGCTCCGGTAGGCCAGCCCCGTGGTGTCCATGAGGTAGAGGGGGGGAAAGCGCCGCCAGGTGTGCTGGCGCCTCGTCCGAAGCCGCTTCGCCTTCCGGCGAGGACTCCGGGGCGAGATGGGCCTCCAGTTCCCGGGAAAGCCTCTCCAGGAGGGCCTCAAGGAGTTTGGGGTCCAGGTGCTTGAGGGCGTAGCGGGCCAGGGACTGGTGGGAAGGGAAGGGGCCTTCCATCAGGTCCTGGAGTGAGGCCTCCGTCTCGCGGTAGGTGAGGTGGAAGAAGGCGCGGAAGAGAAGGAGGGCCAGGTAAAGGGCGTGGCTGTAGCGCCAGGGGCGGCCCCGCTTGCCTTTGGGGGTGGGAGGGGCCACCTCCCGGGCCAGGCGCAGGCAGTGTTCCAGGACCTCCTTGGGGCTTGCCTCCCTGCGAAGGAAGCCTCGCTTGCCCATCAGGAGAGAGATATACACCCGTCCTCCTGACCTTTGCAAGGCAAGCCCCATAACTCTTGACACGACCACCTGGACGCCCATAGGGATGCTTTCTATGCGCTACTGGGGGAAGTCTTCATCTGGGAGTGGGATGAAAGAGGTCAATCCTTTGACCTCGTAAGTATCCCCGAGGGGTACAAAGCGGTGCTCCGCCACGACCCTACCCAGCCTATGCGAAACCGCTATGCGGTGGAAGACATGATGCCAATTTCGGAAAAGGAGTGGGAATACCTCAGCTCAAAACTTGCACCTCCCGCATACCCCGCATAAACCTTCACCCCCTCCCCCCGGCGGCCCCAGACCCAGGGCGTGGAGCTCCCGCAGGATGACCTGCACCACCAGCTCGGGCAAGAGAACCCGAGCTGCCCCCTCCCTGGCCTCCCGCCAGCTCCCCTTCTCCTCCATCCCCACCCAGTGGGCCAGCAGGTAGGCCAGAAGGGAGAGCACCAGAAAGCGGTGCACCCCCAAGGCCGTCCGCTGCCCGAACTGCCCCAGGGAGAACTCACTCTTCGCAGCCCGGAAGAAGTGCTCTACCGTGAACCGCCTCTTTCCCCAGGTGAGCATGGTCCGGGGCGTGGCGGGAAAGGTGGCCACCACGTACCGCCACTCCCAGCCCCCTTGGGGCAGGGGATAGCGGTACCAGGCCACCCAGACCGGGAAGGAAAGCCCCCACAGGTAGACCCGGCTCCCCTGCCGCCTGAGGTCCAAAAGCCTCCCCCCTCCCCGCAGCCTCCGGTCCCGCCGCATCCCCACCACGGTTTCAAAGCCCATCTGCTTCACCCCAAAGAGGAACCAGGCCGTACCAAAGGCCGCGTCCGCGGCCACCCGTATCCGGAAGGTCCGGCGCATCCAGAGGGGCAGAGAGGCCAGGAGGCTCAGGGCCAGGAGGG
NZ_AP031330.1_gap41	1636212	1639515	3303	GAGCTTCAGGTGCTACGCGACCAGGCCCCTTACCAGCCCCTCAACCTGCTGGTTTTCCTGGGCAACGCTTTCCGGGAGGTCCTCGCCGCTCTCGGGGTTCTTCTCCTGCTATTTGGGCTGGCGCCTTTCTTCCCCTTACTCCTGCTTTTGGCCACCCTGCCCCAAGCCTGGCTCACCTTTCGGCTCCAGAAGGGGGTGTGGGAGGCCCTACTCTTCGGGGCCCCCGAGGCCCGGCGAATGCGCTATTTCGCCGAGGTGCTCTTGAGCCCCGAGACTGCCAAAGAGGTGCGGTTATTCGGTCTTTTGCCCTTCTTCCGCAGACGTTACCTCGAGGTTTTCCATAGCCTTTACCAAAGCCTGCGCCGTGCTCGAGGCCGCCAGGCCCTAGGGACCAGCCTGCTGGTGCTACTGAGCGCCCTTTTCACGGCTCTTGCCCTCTTCTTGGGGCTGCGCCAGACCCTCTTGGGAGGGAGCCTGGGCAGCCTGGTGCTCCTCTTGCAGTCGGTGGGAAGCCTCCAGCAAAACCTCTACGCCCTAGTCCAGGACGGGGGCATGCTGTACGAAAGCCTGTTGTACTTTGAAAAGCTGGAAAGCTTCCTAGCCAGGCCCGCTTCCATGGTGGAGACTGGCCCGGGCAGGAAGGTCCAGGGTTTTGAGGAGATCCGGTTTGAAGGGGTGGGGTTCTGCTACCCCAACGGAAAGCGGGCGCTTGCGGGAGTCTCCTTTGCCCTCCGACGGGGGGAGCGCCTGGCTTTGGTGGGGGAAAACGGGGCGGGCAAGACCACCCTGGTAAAGCTCCTCCTCCGCTTCTACGACCCCACGGAGGGCCGCATCCTGGTGGACGGGATTGACCTCCGGGAAATAGACCTGAAGGCCTGGCGCGCCCTCATCACCGCAGTCTTCCAGGACTTTGGCCGCTACGCCCTAACCCTCGAGGAAAACGTCGCCCTTTCCGACCCGGACGTGAAGCCCGACCCTAACCGTGTCGCAGAGGCCTTACGCTTAGGCGGGGCCTGGGAGCTCCTCCAGCGGCTTGGCCCCCAGGCCCTCCTGTCCAAGGCCTTTGGCGGCACAGAGCTTTCCCTGGGGGAGTGGCAACGAGTCGCCCTCTCGCGGGCCTTCTTCCGCAAGGCCAAGCTTTTGGTCTTGGACGAGCCTACGGCCTCGCTGGATCCCAAAGAGGAGGCCCACCTCTACAGGCGCTTCGCCGAGATGGCCGGGGGTAAGACGGTCATCCTCATCACCCACCGCCTGGGTTCGGTACGCATGGCGGACCGGATCCTCGTCCTCCAGGAAGGCCGGTTGGTGGAGGAAGGGACCCATGAGGAGTTGTTGCGGAGGAAGGGCGCCTACGCCGAGCTTTGGCGGCTCCAGGCCCAACTTTACGAAACTTGAGGGGCTCTTGGCCGGGGTGGGGCTTCCCCTTCCCCCTGGGCGCGGTCCCCTTCCTGGGCAAGGCGTAAACTCAAAGGCATGGACAAGCTGGAAGCCCTGAAGCGCCTCTTCCCGGGGAAGGTGGACCTCTCGGAAAGCGAGCGGCGGCGCCACGGGAAGGACGAGGGCTACCCCGAGGCGAGGCCCGTTCTGGCCGTGGTCTACCCCGAGGGGGTAGAGGACGTGCAGAAGGCCCTCCAGTGGGCCCGGGCGTGGGGCGTGGCGGTGATCCCCTACGGGGCGGGGACGAGCCTCGAGGGCCACCTCTACCCCACCAGGGAAGCCATCAGCCTGGACCTGAGCCGGATGAACCGGGTCCTGGAGGTGAGGCCCCAGGACTTCTCTTGCGTGGTGGAGCCCGGCCTCACCCGCAAGGCCTTAAACGAGGCCCTGAAGGGCACGGGCCTCTTCTTCCCCGTGGACCCGGGGGCGGACGCCTCTTTAGGGGGCATGGCGGCCACGAACGCCAGCGGCACCACCACGGTGCGCTACGGGGGAATGCGGCAGAACGTCCTGGCGCTCCAGGTGGTCCTGGCAAGCGGCGAGGTCTTATACCCTTTCTTGTTGTATTCTTCGTCCATGACCGTGGCCGACCACCTGACCCTGAACGAGCTGTGGCGGAGGGTCAAGAAGGCCAAGGACCCGATAGAGAAGCATCGCTTCCTGGCCGTCTACCACGCCAAGCGGGGACTCACCGCCAAGGAGATCGCCAAAATCACCCTCAGCTCCATCCGCTGGGTCCAGGAGACGGTGCGGCGCTACAACCGGGAAGGACCGGAGGGCTTGAGGGACAAGCGGCACCAGAACCCGGGCCAGAAGCCCAAGCTGACCCCGGAGGAGCAGAGGAGGGTCCTGGAGGCCCTCCAGGGCCCCCCACCCGACGGGGGCCTGTGGACGGGGCCCAAGCTCAGGGACTGGGTGGAGCGGGAGCTGGGGAAGAAGCTCTCCCTCTACCCCATCTACCGCCTCCTCCACGAGATGGGGTTCGCCTTGCGGGTGCCCCGTCCCCGGCACGCCAAGGCGGACGGGGAGGCGCAGGAGGCGTTTAAAAAAACCTCTCCGCCCAGGTCCAGGAGGCGAGGGCCGAGGGGAGGAAGGTGAGGCTTCTGGCGTACGATGAGCATCGGTTGGGGCTCAAGCCGGTGTACCGGCGGGTGTGGGCCAGGCGGGGGGAGAGGCCCTTGGCGGTGGGGGCGCACCGGTACCGGTGGTTTTATGTGTGCACCTTTGTGGAGCCGGAGACGGGGGAGAGCCTGAGCCTTTTGGTGGACGGGATAGACACGGAGGTGATGGGCTGGGTTTTGCGGGAGCTTCGGGCCTGGCTTGGGGAGGGGGAGGAGGCGTGGGTGGTCTTGGACCGGGCGGGGTGGCACGTGTCGGGGCGGGTGGAGGTGCCAGAGGGGGTGCGGCTGGTCTTCCTGCCGCCCTACAGCCCGGAGCTGCAGCCGGTGGAACGGGTGTGGCCCTTGGTGAACGAGGCGGTGGCCAACCGGTACTTCCGGGACCTTGAGGAGATGATGGAGGCGGTGGCTGAGCGGTGCCGGGTCCTTGCCCAGGACCCCGAGACCCTCAGGCGGCACACCCTGTTCCACTGGTGGCCTAGGACGAAGGAATTAGCATAAAAGGGTATTAGAGCTCGGGCGGGGCGTGCGCAAGACCTCCTCGGGCTACGACCTCAAGGACCTCTTCATCGGAAGCGAGGGCACCTTAGGGGTCATCACCCGCCTCACCTTAAGGCTCCACCCCCTCCCCGAGCACGTCCACACCCTAAGGGTCTTCTTCCCCGGGGTGGAGGAGGCGGCGGAGGCCAGCTACCGGATCATGGCCTCGGGGCTTCCCGTGGCGAGGCTGGAACTCTTGGACGAGCCC
NZ_AP031330.1_gap42	1643731	1645208	1477	GGCCACCCGGGCCCCCGGCTGGCGGAGCTCCCGGAGCCGGGCGTAGACCGCAGGGGAAGACTCGGTGATGAGGACCTCCACCACCTCCCCCTTCCTCAGGCCGATGCCCACCGGGTAGCGGACGATCCCCTGCCCCTGGAGGAGGTTGCGCAGGATGGCCCCCAGGACCTCGGGGATGGAGACCACCTCCAGGTCCAGCTCCCGCACGGCCTGGGGGTCCGGCCGGGCCTTGGAGACGTGGACGATCTTGCCCCGGTAGCCCAGGGCCTTGCGCAGAAGCCGGGCCACGTCCAAGGTGGCCTCCACGGAGAGGAAGGAGATGACGGCCTCCGCCGCCTCGAGGTCCACCTCCTTCCAGAGCCCCACGTCCGTGGCGCTCCCTGGGAGGGCCCGGAGGTTGGCCACGGGCGCCTTCTCCAAAAAGGCCCTAAGCCGCGCCTCGTCCCGCTCCACCAGGACCACGTCGGAGATGGCGGAGACCACCTCCACGATCTCTTCCACGTACCGGCCTAGGCCGAGGAGGATCACGCTCATAAAGACCCCCAGGGCGCGGGGCCGCCCCGCGCCGCTAGACTATACCCCAGGAAAACCCCGGCTAGGCGCGCTCCAGCACCCGGGCGAAGCGCTCCAGGGCCTTCCTGAGGTTCTCCTCGCTGGTGGCGTAGGAGAGGCGGACGTGGCCAAAGGCGGCGAAGTCCGTGCCCGGGACCACCGCCACCCCCGCCTCAAGGAGCCTCTCCGCCGCCCGCACCTCGTCGGGGGCGATGGGGGAGGTGTCCATGAGGACGTAGAAGGCCCCGCTCGGGCGCACCGCCTTGAGGCCCAGGGCGGCCAGGCCCTCAAGCAACAGGTCCCGCCTCCTGCGGTAGGCCTCCCTGGCCATCTCCACGAAGGCGCGGGAGGCCTCCTGGTTGGTGAGGGCCTCCAGGGTGGCCCACTGGGCGATGGTGTCGGGGCTCGTGGTGGACTGGCTGGAGACGGAGGCCATGGCCTTGATGACCTCCTTGGGCCCGCAGGCGTAGCCGATGCGCCATCCGGTCATGGCGAAGGCCTTGGCCGCCCCGTTCACGGTGATGGTGTGCTCGGGGGCCACGCGCCCAGGGGAGAAGTGCTCCCCCTCGTAGAGGAGGTGCTCGTAGATCTCGTCGGAGACCAGGTAGAAGTCGTGCTCCACCGCAAGCCTCGCCAGGGCCTCGAGGACCTCCTTCGGGTAGACCGCCCCCGTGGGGTTGTTGGGGGAGTTGACCACAAGGGCCTTGGTGCGGGGGGTGATGGCCCGCCGGACCCTCTCGGGGTCGGGGACGAAGCCTTCCTCGGGGAGGGTTTCCACCTCCACCACCACCCCCCCGGCGAAGCGCACCATCTCCGGGTAGCTCACCCAGTAGGGGCTCAGGACGATGACCTCGTCCCCCGGGTCCAGGATGGCCTGGAAGAGGTTGAAGAGGGCCTGCTTCCCCCCCACGGTGACGATGGTCTC
NZ_AP031330.1_gap43	1646691	1649791	3100	CGGGCCCGTGGAGAACCCCCGCCACGTGCTCTACAGCCACCCGGGCCTGCCCCTAAGCCCCGAGGGCCGAAGCGCCCTCCTCGCCCTCCTCCCTCTCCTCCAAGGCTTCCCCGTGGCCCACGTCTACGCCGCCGACAGCCTGGCGGAGGCCGAGGCGGCCCGGCTTTTCGCCGAGGCCCTGGGGGTGCCCTACACCCTCCTCCCCGAGCTGCGGGAACGGGCCTGGGGCGCCTGGGAGGGGCTTTCCTTCCCCGAGGTGGAGGCCCGCTTCCCCGGGGCCGTGGCCGCCTGGACGGCGGACGAGGCGGGCTTCGCCCCGCCCGGGGGAGAGAGCGTGCGGGAGGCCTGGGAACGGGGGAGGCGGGCGGTGAAGGCGCTCCTCGGGAAGCACCGGGGCCAGGCCCTCCTCGTGGTGGGGAACTGCACCCTGAACCGGGCCGCCCTAAGCCTCGCCCTCCCCTTACCCCCTGAGGAGGGCCTGAGGCTGGAGCAGGACTACGCTAGGCTCTCCGTGGTGGACTTCTACGGGGAGGAGGGGGTGGTGAAGGCCCTGAACCTGGCGGTAGACTGGGGGCATGATCCGGCCCGTGGCCCGCAAGGACCTCCCGGGGCTTCTTAGGCTCCTCCGCCACATGGACCAAAGCCCCGAGCGGGGCGTCCTCGCCCCGGAGGCCAGGGACCTCGAGGGCCTCGCCGAGGAGCTGGAGGACGGCCTCGTCCTCCTTAAGGAGGGGGAGGTGGCGGGGTACGTGGGCCTCTACCCCTTCTGGGACGGGGCCGCCCTGGAAGGGCCCCTGGCCTACCGGGAGGAGGACCTGCCCCCCCTCCTGGAGGCGGCGGAGGGGCGGGCCCAAGAGGTGGAGGTGGAGCAGCTTTACGCCTTCCCCCGGGAGGAAAACCGGGTCCTGCGCCAGGTCCTGGAGGGGGCGGGCTTCGGCCTCCTCCACGTGACCTACTTCTTCGTCAAGCGCCCCGAGGGGCTGGACTACCCCGCCCCCGAGGGCGTGCGGGTGGAGGAGGGCTTCCCGGGGGCCGGGGTCTACCGGGAGCTCTACCGGGAGAGCGAGGAGAGCTGGGCCCTGCGCCTCCGCTGGACGGACGAGGAGCTCGAGGAGCACTTCCAGGACCCCGCCGTCCACCTCCTCGTGGCCTACCTGGAAGGGGTGCCCGTGGGCCTCGCCGAGGTGGAGCTGGAAGGAGGCGAGGCCAGCGTGGCCTACATCGGGGTCGTCCCCCAGGCCCGGGGGAAGGGCATCGGGCGCACCCTCCTCTCCGAGGCGGCGAAGCTCGCCCGAAGGAAGGGGGCGGACCTTCTCCGGGTCCGGGCCCACGACCACGAAAAGGGGGCCCTGGACCTCTACCGGAGCCTGGGGTTTAGCCTCGAGGAGGCCGTAGCCACCTACGCCAAGGAGCTTAGGGCAAGCCGGTAGGTCTCGGCGTGGGCGGCCACGGTGAGGCGGGGGTCGCGGTTGTACCCCCCGCCCATCACCACCACGAGGGGCACCCCGAGGGCCTTGACGAAGCGGAAGACCCGTTCGTCCCGCCGCCTCACCCCTTCCGGGCTTAAGGCGAGGCGGCCGAACCGGTCCCCCCTTAAGACGTCCACCCCGGCGTTGTAGAAGACGAGGTCCGGGCGGAAGGCCCGGGCCTTCTCCAGCGCCCCCTCCAGGGCCCAGAGGTAGGCCTCGTCCCTCGTCCCATCGGGAAGGCCCACGTCCAGGTCGCTCCTTTCCTTCTTCAGGGGGTAGTTCCGCTCCCCGTGGAGGGAGAGGGTGAAGACGGAGGGGTCCTCCCGGAAGAAGAAGGCGGTGCCGTTCCCCTGGTGGGCGTCCAGGTCCACCACCAGGACCCGGCCCGAGAACGCCTCCTTGGCCCGGAGCCAGAGGATGGCCACGGCCACGTCGTTGAAGAGGCTGTACCCTTCGGCCCGGCCGGGGAAGGCGTGGTGGGTGCCCCCGGCGAGGTTGAGGCCGAGGCCGGCCTCGAGGGCGTCCAAGGCGGCGGCCAGGGTGCCTCCGGCGGCGTGGAGGGCGCGCCGCAAGAGGGCCTGGCTAAAGGGGAGGCCAAGCCTCAAGGACTCCTCCCGGGTAAGCCCCTCCCCGAAAAGCTTCCCCAGGTAGGAAGCCTCGTGGGCCAGGAAGAGGGCCTCCCGGGGCACCTCGGGGGCGGGGAGGACGGGAAGAAGCCCCTTAAGGGCCTCGGCCACGCCCCCGTACTTGTAAAGGGGAAAGGGGTGGCCCTCGGGCAAGGGAAGGGAGAGGTGGGCCGTGGTGTACGCCCGCACGCTCCTATCCTTACGCCTTTTTGCCAGAATGAAAAGGAGCGTGCGCCTCCTTGTCCTCTCCGACCAGGTCCACCCCCACGTCCACTCCCCCCGCTTCCCCGAAAACCTCCCCCCCTTTGACCTGGTCCTGGCGGCGGGGGACCTGCCCGGGGCGTACCTGGAGTACGTGGCCACCAAGGTCCGGGTGCCCGTGCTCTTCGTGCCCGGAAACCACGGGGAGGAGTGGGTCCTGGAGGAAGGGCGGAGGAAACGGCCCGGGGGTGTGGTGAACCTCCACGGGCGCCTCTTCCGCCACCAGGGGCTCCTCTTCTACGGCATCGGGGGGGTGCCCCGCTATCGGGAGGGGGAGGGCCAGCTTTCCGAGGGGGAGCTCCTCCGCCTCGCCTTAAAGCCCTTTCCCATGGCCTTCCCCCGGAGGCTCCTTTTGGGCCACGGGGTGGACGTCCTCCTGACCCACGCCCCGCCCCCGGGGCCCAGCGCCGGAGAGGACTTCGCCCACCGGGGGGCCCGGGCCTTCCTCCTCTTCCACCGCCTCTTCCGCCCCCGGCTCCACGTCCACGGCCACACCCCCCTCCTCGGGGCGAACCCAAAAAGGCGGCACCGCACCCCTTTGGGCGTGGAGGTGGTCCACGCCCAGGGCTACGCCCTCATCGCCCTCTAAGCTGGCGGTAGGCCTCGTAGGCCGCCACCCCCACGGCCACCGCCAGGTTCAAGGAGCGCACCGGCCCCGGCATGGGGATCTTTAGGGTGGGGAACCGGGCCAGAACCTCCTCGGGAAGCCCCCGGCTTTCGGGGCCGAAGAGGAAGTAGTCCCCC
NZ_AP031330.1_gap44	1720929	1722155	1226	CTAAAGGGCCTGGCCCGGGCCCTCCCGGGAGGGCGCTACGGGCCAGGCTAAGGGTTACTTGGCCTTCTCGTAGAGCTTCTTGGCGATCTCGTAGAGCTCGCCCGGGTGGAACTCGGGGGCGAACTCGGCGGCGTCGTGGCCCGCGTCAAAGACGGGACCCCCCGTGGGCGGGCCGTCCACCACCACGACCTCCGTGCCGTCCTCGGGAGAGGCCCCCTTCCAGATGAGCCCGAGGTCCCTGTAGTCCTCGGGGCTGAAGCGGTAGAGGTTCCGGTGGAAGCCGAGGTCCATGTACTTCTTGGCCTCGGGGATCTTGCTGTTGTCAATCTTGGGGATGGGGAGCATCTTGGTCATCTCCACCCCGGTGAGGCTCTCCAGGGCCTTGCCGTAGGCGGCGGCGTGCACCCCGCCCCGCACCAGGAGGTAGCCGATCATCTCCCGGGCCACGGGGTTGTCCGTCATCTCATACACCCGGAGTTTGTGGGTGCGGGCGGCTACCTCCAGGAAGAAGTTATGGAGAAGGTCCAGGATCAGGTTGCCGCTGGTGAACACGTACTCCCCGTTCCAGTGCTCCCCCATGGCCCCCATGACCAGGCTGTTGGCCCCGCCGGCGATGAAGTGGGCGGCGTTGCGCACGTCCTTGGCGAAGCCCAAGGGGGTGCTTGCCGGGTCCACCCCCTCCTCCAGGTCCTGGCCGGGGTTCTTGGCCAGGAGGCTGTTGATGGTGGCCGCCACCAGCTCAATGTGGCCCAGCTCCTCGGTGGCGATGTTGGCGATGAGGTCGTAGTAGGGCTTCAGGGCCTTCTTCCCCCGGAAGTTGAAGGACTGGTACATGTAGTTCATCAGGGTGGACATCTCCCCGAAGCGCCCGCCCAGAAGGGCCTGGACCGCGGCGGCGGCGTTGGGGTCCTGCTCCTTGGGCATGGGCAACTCAATCTGCAGGCGGTCTATCCTCAGGAACATCTTCTCCCTCCTTTCGCCCTGGGCTTGGCCCCAGGGACGCCCTCACCCTAAAAGGGGGAGTGCCCATAAGTCAAATAGATCTTGCTTGGCGCTAGAATAAGCCAGGATTATGAAGCTGACCCTAGACCAGCTGCGCTACCTCGTGGCCTTGGCGGAGGAGGGAAGCTTCACCCGGGCTGCCGAACGGGTCTACCTTACCCAACCCGCCCTCTCCGTCCAGATCCGCAAGCTAGAGGAAGCCCTGCGGACAAGGCTCTTTGACC
NZ_AP031330.1_gap45	1907815	1912742	4927	GGCCTAAGGGTGGCCCCAAGCCCCCTCTGGATGCAGCGGGCCCTCTTCGCCGCGGGCATGCGGCCCATCAACAACGTCGTGGACGTGACCAACTACGTCATGCTGGAAAGGGCCCAGCCCATGCATGCCTTTGACCTGCGCTTCGTGGGAGAGGGGATCCTGGTGCGCCGGGCGCGGCCCGGGGAGCGGCTTAAGACCCTGGACGGGGTGGAAAGAACCCTCCACCCCGAGGACCTGGTGATCGCCGGGTGGCGGGGGGAGGAGAGCTTCCCCTTGGGCCTCGCCGGGGTCATGGGCGGGGCGGAGAGCGAGGTCCGGGAGGACACGGAGGCCATCGCCTTGGAGGTGGCCTGCTTTGACCCGGTCTCCATCCGCAAGACCGCCCGCCGCCACGGCCTGCGCACCGAGGCGAGCCACCGCTTTGAGCGGGGGGTGGACCCCCTGGGCCAGGTCCCCGCCCAGAGGCGGGCCTTAAGCCTCCTCCAGGCCCTGGCGGGGGCCCGGGTGGCCGAGGCCCTCCTCGAGGCGGGAAGCCCCAAGCCCCCGGAGGCCATCCCCTTCCGCCCCGAGTACGCCAACCGCCTCCTGGGCACGTCCTACCCCGAGGCCGAGCAGATCGCCATCCTCAAGCGGCTCGGGTGCCGGGTGGAAGGCCAAGGCCCCGCCTACCGGGTCACCCCGCCCAGCCACCGCCTGGACCTCAGGCTGGAGGAGGACCTGGTGGAGGAGGTGGCCCGCATCCAGGGCTACGAGACCATCCCCTTGGCCCTCCCCGCCTTCTTCCCCGCCCCCGACAACCGCGGGGTGGAAGCCCCCTACCGGAAGGAGCGGCGCCTAAGGGAAGTCCTCTCCGGGCTCGGCTTCCAGGAGGTCTACACCTACAGCTTCATGGACCCCGAGGACGCCCGCCGCTTCCGCCTGGACCCCCCCCGCCTCCTCCTCCTCAACCCCCTGGCCCCGGAAAAGGCGGCCCTCAGGACCCACCTCTTCCCTGGCCTGGTCCGGGTGCTGAAGGAGAACCTGGACCTGGACCGGCCCGAGCGGGCCCTCCTCTTTGAGGTGGGCCGGGTCTTCCGGGAGCGGGAGGAGACCCACCTGGCCGGCCTCCTCTTCGGCGAGGGGGTGGGCCTCCCCTGGGCCAAGGAGCGGCTTTCCGGCTACTTCCTCCTCAAGGGGTACCTCGAGGCCCTCTTCGCCCGGCTCGGCCTGGCCTTCCGGGTGGAGGCCCAGGCCTTCCCCTTCCTCCACCCCGGGGTCTCGGGACGGGTCCTGGTGGAGGGGGAGGAGGTGGGCTTCCTCGGCGCCCTCCACCCCGAGATCGCCCAGGAGCTGGAGCTTCCCCCCGTCCACCTCTTTGAGCTCCGCCTGCCCCTCCCGGAGAAACCCCTCGCCTTCCAAGACCCCTCCCGCCACCCCGCCGCCTTCCGCGACCTGGCCGTGGTGGTCCCCGCCCCCACCCCCTACGGCGAGGTGGAGGCTTTGGTGCGGGAGGCCGCAGGCCCCTACCTGGAAAGCCTCGCCCTCTTTGACCTCTACCAAGGCCCGCCCCTGCCCGAAGGCCACAAGAGCCTCGCCTTCCACCTCCGCTTCCGCCATCCCAAGCGCACCCTGCGGGACGAGGAGGTGGAGGAGGCCGTCTCCCGGGTGGCGGAGGCCCTCAGGGCCAGGGGGTTCGGCCTGCGCGGCCTGGACACCCCGTAATGCCACCCCACGCTGGCTTGCGCCAGCATGGGGGCCCCGGCAAAAGGCCCTCAGAGGGCTTTTCCGGATTAGCCGGGCGAAGGAACCAGGGAGAAAGGGTATAAGCTGGGGGCATGCTCACCTGGGTGGACCTCCTGGCCCTCATGGTCCTGGCCCTCTCCCTGGCCCTGGGGTACCGGGGGGGGCTTGTCCTCGCCTGGGTCGGGCTCCTGGGCCTTCCCCTCTACGCGGCCGCCCTGGCCCTCGGCCTCCCCGCCTTCTGGACCGCCCTCGCCCTGGGGCTCGTCCTGGGGGCCTTGGCCAAAAGCCTCCCCCTCTTCCTCTCCGAGGCGGCGGAAAGGGGCCTCGGGCTTCTCGGGGGCGGCCTCCTCGGCCTCTTCCTCGCGGCGGCCATCTGGGCGGGCTTCCCCAGCGAGCCCGCCCCTTCCGGGGGGATCCGCTACCCCTCCCTCCGCCTGCCCACCCCCATCTACCAGGGGGTGGCGCAAAGCCCCTTCGCCCGCCGGGTCTTCGCCTGGGCCTGGGGAACGCCCTGGGCGCGGAAGGCCCTGGGCCTAGAGGGCCAGCACCTGCGATAGGCGCAAGAGGGCCCGGTCGATGTCCTTCCTTCGCTCCACCGCTTCCTTCAGGGGGGTGAGGTCCACCTCGCCCTCCACCTCCCCCACCATGACCCCGCTCGCCCCGCCCACCAGGGCCTCCACCGCGGCCGCCCCCAGGCGGCTCGCCAGAATCCGGTCCTTGGCCGTGGGGCTCCCGCCCCGCTGGATGTGCCCCAGGACGGTGACCCGGGCCTCCACCTGGAGGTGCTCCTGGATGGCGGCGAGAAGCCCCTCGGCCCCGCCGGGGTAGGCCCCCTCGGCCACCACCACGATGGAGCTCTTCTTCCCCCGCCTCTGGGAGGCCTCCAGCACCTCGGCCACGGCCTTGGGGTCCACGGGCTCCTCGGGGACGGCGATGACCTCCGCCCCGCCGGCAAGCCCCACGTCCAGGGCGATGAACCCCGCGTGCCGCCCCATGACCTCTATGAAGAAGACCCGCTCGTGGCTCGCCGCGGTGTCCCGGATCCGGTCTATGGCCTCGAGGGCCGTGTTCACCGCGGTGTCAAAGCCGATGGTGTAGTCCGTGCCGTAGAGGTCGTTGTCTATGGTGCCCGGAACCCCCACCACCGGCATCCCGTGCTCCTCCACGAGGCAAAGCGCCCCGCGGAAGGTCCCGTCGCCGCCGATGGCCACCAGGCCCTCAATCCCCGCCGCCTGCAGCTTGGCGTAGGCCTTGGCCCGCCCTTCCTCCGTGAGGAACTCCTGGCTCCTCGCCGTGAGGAGGATCGTCCCGCCCCGCTGGATGATGTTGGCCACGTCCCGCACCCCCAAGGGCACCATCTCCCCTTGGATCATGCCGGCGTAGCCGCGGCGGATCCCGATGACCTCCACCCCAAGGGCGTGGGCCTGGCGCACCACCGCCCGGATGGCCGCGTTCATCCCCGGCGCGTCGCCGCCGCTCGTGAACACCCCGATGCGTTTCATCCCTCTTCCTCCTCCAAGGCCAGTCGGTACGCCTCGTTCCGGGGAAGGCCCAAGGCCACGAGGGCCCGGACCAAGGCCCTCCCCGAAAGCCCCTCCTCCTTCAGCCTCCGGGCCAGGGCCTCGCCGTTTGGGGCCTCCAGGGCCTTGGGTCCCAGGACGAGGACGAACTCCCCCCGGGGCTCCTGGAAATGTTCCAAGGCTTCCCGGAGGCTTCCACGAAAGATCTCCTCGTGGAGCTTGCTGAGCTCCCGGGCCACCGCCACGGGGTGATCCGGCCCGTAGACCTCGAGGAGGTCCTCCAAGGTCTTGCGCAGGCGGTGGGGGCTCTCGTAGAGCACGGCCGTCCTCCCCTCCCGGGCCAAGGCCAGGATCCGCTCCCTCCGTTCCCTTCCCCCCTTCGGCAGGAACCCCTCAAAGGTGAAGCGGTGGGTGGGCAGGCCGGAGGCCACCAGGGCGGGGATCAAGGCCGTGGGGCCGGGAAGCGCTTCCACCCGCCAGCCCCACCCCAGGGCCAGGCGCACGAGCTCGGCCCCCGGGTCCGAGATCCCAGGGGTGCCGGCGTCCGTGGCGTAGGCCACGTAGCGGTAAGGCGCGAGGAGCTCCCGCGCCCGCCCCACCGTGTGCTGGTCCAGGCGGAGGGTGGGGGTGGGGATGCCGTAGTGCTTGAGAAGGAGCCCGGTGCGGCGGGTGTCCTCGCAGGCCACCACCTCCACCTCCTTGAGGACGCGGAGGGCCCTCAAGGTGATGTCCTCGAGGTTGCCGATGGGCGTGGGGACCAAGACCAGCCGCACGTCAGCCCACCACGGGGCGAAGAAGGGCCAGGGCCTCCCGGAAGGGAAACTCGTAGACGGAGCCCGAGGGCAGGGTGAACTCCAAAAGGTCCGGCGCCCCCCGGTAGACGATGCGCCGGAGCACCAAAGGCCCGGGCTCGGCCTCCACGTGGACGGTCAGGTAGTCGGGCTCCTGGTTGGGCTCGTCCTCGGCCTCCTCGGGGACCTCGTCCCCCACCCCCTCCTCCAGGCGGCGCAGGGCCTCGGCCAGCTCCACCTTGGCCACGCGCACCTCCTCCTCCAGGGTCCCGTCGGAGAAGCGGAGGACGGCCTCCTCCCCGTCCCCGTAGGCCTCGAGGCCCCAGAGGGGCTCCTTCTCCTCCCCCGGGGGCACCACCACCTCCAGGCTCCCGTCGGAAAGGAGGCGGAGGACCGCCCCGCAGGCCTCGCAGTCCACAAGGTCCCCCACCTCGTACCCTTCCAGCTCCAGCGCCTCGCCGCAGACCGGGCAGACCATGCGCACCCCCCTGGATTCTAATGGGGCCGGGGCGTCCCCGGCCCGGAAAGCGCCTCTCAACCCTAGCCCTTGTAGCGGGCGATGCAGGCCCGGACCTCCTCCAAGGCCGCCTTCCGGTCCCGCCAGCCCGTGACCTTGACCCACTTCCCCTTCTTGGCCTCGAGGGCCTTGTAGGTCTCAAAGAAGTGCTGGATCTCTTGCTTCACGCCCTCGGGGACGTCCCCGATGTCCTGGATGTGGTCCAGGCGCTGGTCCTCGGCCACCACCCCGATGACCTTGGCGTCCCCGCCCTTCTCGTCCTCCATGAGGAGGAGGCCCACCACCCGGACCTCCACCACCACCCCGGGGAGGAGGGGGTAGGTGGAGAGGACGAGGCCGTCCAAGGGGTCTCCGTCCTCGGCCAGGGTGGAGGGGAT
NZ_AP031330.1_gap46	1917991	1918746	755	GCGGAGGGCGGTGAGGTTGACCTTTTGGCTCGCCTCCTGGAGGAGGGCGTAGAGGCGGGAAAAGGCCTCCAGGTGGGGCTTTAGGTCCAGGCCCAAGGCCTTTCCCCCCTCCAAGAGCAGGGCCCGGCCCCTTTCGCTCAGGCCCTCCGGGTGTTTCCCGTGAAACATCAGGCGCCCCGCCGCAGGTGGACGGCCAGGGCCGTGAGGTCCGAGTCCCGCACCCCGGGGATCCGGGCCGCCTCGGCGAGGCTTTTGGGCCGGTGGCGGGAGAGCTTCTCCGCCGCCTCCCGGGAAAGCCCCGGCACCTTGGGGAAGTCCATCCCCTCGGGGATGCGGAAGGCCTCGAGGTCCTTCATCTTCTCCCGCAGGCGCTCCTGCCGCTCAATGTAGCCCGCGTACTTGGCCCGCACCTCCACCTGGTAAGCCTCCTCGGGGGAGAGGGGCTCGGGCGGGGGGAAGCGCTCCGCCAGGGCCCGGTAGGTGTTCTCCGGCCGCCTCAGCCACTGGAGGCCGGAGACCCCTTCCACCCGAAGGGCCTCGAGGCGCCTAAGCTCCTCCGCCACCCTCCGGTACTTGGCCTCCACCCGCTCCAGATCCTCCCTGGGCCTCAGACCCCAGGCCACGGCCAAAGGGGTGAGGCGCTCGTCGGCGTTGTCCGCCCGGCAGAGGAGGCGGAGCTCCACCCGGGAGGTCATCATCCGGTAGGGCTCGTCCGTGCCCCGGCCCACGAGGTCGTCCACCAGGACCCCGATGTA
