gap_id	start	end	length	sequence
NZ_AP038758.1_gap1	53226	55500	2274	GACGTTATTCCTTCTCAAGGGTTTTATCTTTTAGAGAGGACTGATGATACTTCTGTTCCTGGAGTGCAGGCTAATCTAATATATTCAGGATCTCTTAATGATAAGGATGAAACGCTGAGATTGTTCAATAAAGATTGTCAGGTGGTAGATGAGGCTATCGCAAGTCCTGATTGGACTGCAGGCAATGGGACAGAAAAGAAAAGCATGGAAAGAGGATCTAGTTTTGATTGGCATACTTATCAAGGCTCTTCTGCTGACGAGCAATCTGGATTATTTGGTACTCCCAAAAAAGCGAATACAATAATAATCAATAATGACCCTCAAGAAGGGCAAGACGATTTACCAGAAGGAGCTCCGATTGAGGAAGAAGAGCAGGGAGGAGAAGATGCACCTCCATCCGAAGAAGGGGAGGAGTTAGAAGAAGATAATAATCCAGAGGAAGAGGACAATAATCCCCTCGAAGAGGAGACTGATGAACAAGGGCCTGAGGATGACGATCCTCAAGAAGGAGAAGATAATCCTTTAGAAATCTTATCCATAGAAGGCAGAGTAGGAGAGGGTGGTGATCAAGTTGTTTTAGTATGGGGCAAGGGAGCGGAGTTAGATAATTTTATTATCTATTTTAGTATCGGAGAAGATATTGATCGCGATGATTTAATAAGTATAGATACTCATACGTCTGTAACTCTAGAAGAAGATGAAGATAATTATATAGCCTATGTCTCTAACCTATATTTAGATAAGGAATATCACTTTCTTGTTAAAAAAGTTACTGATGGAACAGCGACAGAAGTTTTTTCTCAGGAAATAGTTTTAAAAACCTCTTCTAGTAGTAATGTCTTTCCATATCGGTATGGTGATTACACTAATAGAAATAATTTTGATTTTGTTGGTCCAGATAGTAGTTGGACTACGCAGATTGTATTAGGGGAATCAAGTAGTGCAGATTATCTTAGTCCAATAATTATTGATAAAGACTATGATTCGTATGTTCAAATGAGAAAAGATAGCTCATATAGATTAGCCTGTTTTGATAAAGATTATCAGCAGAAATGGTTTTATCCTGTCTCAGGAGGGGCTCCGACCATAGCTAGGGACGGAACGATTTATTACGCTAATGACCAGAAGATAATAGCTCTTTCTCCGTCTGGACATTTGAAATGGGAGAAAATATTTGACCATGTTATTAGTAAACTGTGAATTACGAAATAGAAAAAGTGCCTCAAAAGAGACACATTTCAAAACCAGCCAGGTTTTCATCTGTTTCTTAAGAAGCCTTATTTGTTAAGCAAAAAGTATTCTAAATACGAAGGTTAACGAAACGATTTATCTAAGTACGTAAGAGAGAATGGAGTAGGTATAGTTTGAGAGGTATCCGTCTATGGAGCGAGGAAGAGAAGTGATTAATCCATATAGCATTTTCAAATTCCTAAAGTTTATCTCAATTATCATTCTGGTATCATATATCTTCCTTTGGATCATAGTAGCAATCTTCTTCATGTTCTTCCTTGGTCTAATTAAGACTAGTCTCTCATTCTCAATAAAGAATTCCTGTTCTAATTCTTTGCTGATATATCCTGCATCAGCAACGAAGATTCCCTTCAGATCCTTATTCATTTTCTTAAACCCAGTCCTATCGTCAATATTTCCAGGAGTGAAGTAAACGGTTAGTATTTTTCTGTTCAAATCAGATGTCAGATGCAGTTTAAGCCCGTAGAATGAGCCTTTTCCTGAATTACCCCATGCAGATAATCCATTCATTGTCTTGTGCTTCCTAGCATTCTTATTAAGACATACTGGTATGTCCGTAGAATCAGTATGTTTGATTAAATGAGAGTATTCTTGATTTAAGGACAATATCTTACTAAGTATGACTAGTGCTATTTCCAAGCACCTGTTCATGTTTACTACTAATGTCTTGTAACTACATTTCAGAGTATCTTTAAAGTCATTCCAAATAGATTTCTTGGTTAGTCTAGAACTTGCATGTTGGTATAGGCATAAGGCAATGGTATCAGTATTTGATATGGCTAGTTTTCGACCTTTGGTTTTCTCGTATTTAGAAAGATTTAATTGTTGATAAATATGATTTACTTTCTGCTTAAATTGATTGTATAATTTAAGTACAGATTTCATATTATTAATAGCCTTTGATCTTAGTATTAAAGGCTATTAATATTTTACCAAGATAATGAGATTTTTTCTATTTCGTAATTCACAGTAGTAAAGACATTTTTCTTCGAGATAACTCTTTATATATCCTAGCAAAAGCAG
NZ_AP038758.1_gap2	76337	79785	3448	AGGAATAGGACTAGTCCAGAACTTCATGTTCCTTCATGGAAGCACTTATTTAGACCTAATCTGGTCTATTCCTACTTCTCTCTCATCTCTTCCTACTAGCAATGTCTCTTCAGCTATCATCTGTCTTGATTCAGCAACAGAATTAGACCCTAATTCTCTTCCATCAGACGAATACCTCTTCACTCATGGAACTATTGTTACTCTAGTCAATAATGCTGTTAATGAATACAGAGTAACCTTAGATAATCCAGACTATTACTACTACTGTAAGACCTATAGCTATGATAATACAGTAATAACTAATCCAGGAGTACCAGGATCATCTCCTAATACTAGTACTGGTGGATTTTCTTCCAGTTCTTCTTCTAGTTACAGTTCTTCTTCTCCTAGTACTTACACCCCAGGAGCATCTTCTAACCCTCCTAGTATTGGAGGAAGTACTACTACCGGAGGCTCTACTTCTCCATCATTTAACCTAGAACCCATCAGAAACCCTGATGGTACAGGTTCAATCACTCTATCCTGGATACCAGGCTACTTATCAACTCATACCTTAATTAGAAGAGACTACAATACTCCTCCAGAAACAAGAACAGATGGAACTAGTATTTACTATGAAAGGAATGATAAAGATAACCAAGATATCACTAGTATCCATTACCATACTGATACAGGGTTATCTGAAGACTATATCTACTGCTATTCTGCCTGGGCTTATGATGAGAGGACTAATACCTACTCTAATGGCTTTGTCCTTGCCTGTGGTGGTGTTCCTCCTAGTAATACTACTAATCTAACCATGACTAGTACTACTAATTCCTTTAATCTAAATTGGACTAAAGGAAGCTCTACTAATACAGTAATTAGAAGAAGTATCAATACTCCTCCTCAAAACCAAGAACAAGGAACTCTAGTATACAATTCTACTAGTTCTAGTTTTACTGATACAGACATCACTTTAACTAAGAATACTACTTATTGCTATTCAATCTGGTCATACAACCCTACTACTGCTTCTCTTTCAACTGAATACTTATCTAGTTGTGGTACCTTGTCTAATATGGCAACCCCAACTAATCTCTCTTTCCCTACAGTAGCCTACAACTCTATCATTCTTAACTGGACTCCTGGTACTGGTTCTACTGATACCCTGATAGTAAGGAAACAAGGTTCTATTCCTACTTCTAGAACAGATGGAACAACCATCTATGAAGACAATGGTAATGCCTTCATAGACACAGGGCTTACTACTGATACTCAGTATTGTTATGCTCTCTATGGTACAGATGGTACTGAATACACAGAAGCCTTAACAGGATGTGTTACTACTATTTCTACAGGAGTAGTCTTTACTCAGACTACTGATGGAGACTACATCATTAATACCTTTACTCTGCCTACAGGTGCTACTGCGTCAGCCTCAACTACTTGGACTCCTCCAGATGGAGTTACAGAGGTTGAATATCTTGTTGTTGCGGGGGGTGGAGGAGGATCTTCGGGTGAAAATGGACTAAACATCCAATCTGCTGGAGCAGGAGGAGGGGCGGGAGGATTACTAGCAGGATTTTTAACTATTCAACCAGACAATGAGTATAGTGTAATAGTTGGACGAGGTGGATATGTTGCTTATAATGGGGAAAATTCAGTATTTCATTCAATAATAACTATTGGCGGTGGTGGAGCTGGCATGGGAAACATGAACGATGCAGCTAATTCCGGAGGATCGGGCGGAGGAGCGGCAAGATATGTTTATCCAACAGGAGGGGCTGGAGTTGTTGGTCAGGGTTATAAAGGTGGTAATAAAACTAGTTCCTCCTGTTATGCAGGATCAGGAGGAGGGGGAGCTGGCGGACCTGGAAACAATGCCTCATCAGGTACATCTGGAGCGATGGGTGGGCCCGGTGTTTCTAGTTCAATTACTGGGTCGCCAGTGATTTATGCAAAAGGAGGGAATGGAGGGTCAACAAATTCAGGACTTAATGCCGAGCAATCAAATCCTTCAACAGGAAATGGTGGTAATGGAGGAGGAAATGCTATTGTTCAAGGACTTGGGTCCGTGGGGGCTTCAGGAATCGTGATTATCCGATACTTGAATCCTTTAGCTGTGGTGAGTGGTTCTTGTGGTTCATCTAGTAATATAGAGCACATATCTATTCCATCAGTAAATCTATGTTCATCAGGAATTCCTAGTACAGTTACTGGTGACGGAGTTCCATACTTATGGACATGTAATGGTATTAACGGAGGAAACTCTGTTTCTTGTGAGGCGACAAAAACTGGATGGATTAATACTGGCCTGGGATTTTACATCATGAAGTATGAGGCCAAAATTCAAGGAAATGAAGATGGTAATCAAACATATAGCCCTACTTTTGTTCCTGAATCCCGAGCCTCTGGCACTCCCTGGGCTAACATTTCTCAGACAGATGCTATTACTGAGTGTGCCTCTCTCGGTTCTGGATATCATTTAATCACTAATGATGAATGGACTTCTTTAGCTAGACACATTGCTACTCAGCCCTCTAATTGGAGTACTGGTATTGTTGGTTCTGGAGTACTTTCTAGAGGGTATTCGGCTAGTAATAGCTATGCTTCAGATGGTTTTACTAACACTGTCCTAGCTCCAACAACAGGTACAGCGAATGACGTCTATAATGTAGGGGCGAATACTTTAGGAAGTACTGGGACATTTACTCTTAAAAGGACTCATAATCTTGCTAACGGTAATATTGTTTGGGATCTTGCTGGTAATGTTTATGATTGGAATAGTGATACTTGTACTCAAGGTTCTGGCGAAGGGAATTGGTACAATAGCGGAGCTTGGATAGATTGGGACAATACTAATCTTTCCGATTATGAATTAGGGAGAGCCGGCCCTAATCCTCTCTACACTTCTGTTCAGAATTCAGGAAAGTATTATGGATGCTCGGTTAATGGTAATGGGCTATTCCGTGGTGGATATCTGCACGCAGGGACTTATTCAGGACTTTTCACTTTCTATTTCAATTATTCTTCTTCATTTATCCATCCATTCATCGGGTTTCGTTGCGCTAAGTAATACATTTATATTAGCGAAAAGTAAAGCATTACTGAGTTATAATAATCGCGGAGTAATATATGAAATAAGGCTAGTGATAATATTTAATTTTACAATTTCTTATTTACAGATTAGAATAAGTAATAGTATTAATATATTTCATTTTCATCTATGCAAAATGCGGACATAACATTTTTTGGTCAAACAAGTTTCAGGGGTAAGCATGTTAAGTTCGGCATCAAAAGGGACGACAAACGTAGGCACATATACATCATCGGAAAGACTGGAATGGGAAAAACCGAATTGCTAAAGAATATGATTACTCAGGATATCAAGAAGGGGAATGGTATTTGTTTTGTAGACCCTCATGGAGATGCAGCGGAAGAGTTATTGCAATTCATCCCAGAAGAC
NZ_AP038758.1_gap3	105973	109684	3711	CTTATCAACTCATACCTTAATTAGAAGAGACTACAATACTCCTCCAGAAACAAGAACAGATGGAACTAGTATTTACTATGAAAGGAATGATAAAGATAACCAAGATATCACTAGTATCCATTACCATACTGATACAGGGTTATCTGAAGACTATATCTACTGCTATTCTGCCTGGGCTTATGATGAGAGGACTAATACCTACTCTAATGGCTTTGTCCTTGCCTGTGGTGGTGTTCCTCCTAGTAATCCTACTAATCTAACCATGACTAGTACTACTAATTCCTTTAATCTAAATTGGACTAAAGGAAGCTCTACTAATACAGTAATTAGAAGAAGTATCAATACTCCTCCTCAAAACCAAGAACAAGGAACTCTAGTATACAATTCTACTAGTTCTAGTTTTACTGATACAGACATCACTTTAACTAAGAATACTACTTATTGCTATTCAATCTGGTCATATAACCCTACTACTGCTTCTCTTTCAACTGAATACTTATCTAGTTGTGGTACCTTGTCTAATATGGCAACCCCAACTAATCTCTCTTTCCCTACAGTAGCCTACAACTCTATCATTCTTAACTGGACTCCTGGTACTGGTTCTACTAATACCCTGATAGTAAGGAAACAAGGTTCTATTCCTACTTCTAGAACAGATGGAACAACCATCTATGAAGACAATGGTAATGCCTTCATAGACACAGGGCTTACTGATAATACAGAGTACTGTTATGCCTTGTATGCTACTGACAATACTGAATACACAGAACCACTAACAGGATGTAGTACAACACTTCAATCTATTAATGGAGAATGTCCTACAGAAACTAATGCATATACTATTCCTACTGCTACATGCATTAGTGGTAACCCTTCGTCCATATCAGGAGAAGGTCCTTGGGCCTGGGTATGTGAAGGTATTAATGGAGGTGCTAATAGTACTACCTGCACAGTCAATAAATCTATTGATGGTGTTTGTGGTACGGCTAATAGGGTCTACTATTTTACAGCCACAGGATTTGGGGGTGATACTTTTTGTTCAGTTGGAGACTTAGCTCAAGAAGCTCCTTCTTTTCCAGCAGTTAATAACTCTATCTCTTGGTCTTGTAGTGGTACTAGCGGTGGTTTAAATGCTAACTGTACTGCCAGCAGATCGTCATCGTCTTGTATTTCAGGTGGAGGGCTTACCTGTACCGAAAGTGTTGATGGAAACTATATCGTTAATAAATACGTCCTATCAGGTACAACTAATGGCACTGTTAATTGGACCGCTCCTGCAGGAGCAACCTCAGTCGAATATTTAGTTATTGGTGGTGGCGGCGGAGGTGCTGGGGGCTTAGGTGGTGGCGGCGGAGGTGCTGGAGGATTCCTCACTGGAACAAAGGCAGTTTCTGGAGGAAGTTCATACACTATCTCAGTTGGGGTAGGAGGAAACGGGACTCATAGCGATGATATTAAAGGGGGTAACGGAAGCAATTCATCATTTCAGGAAATTGTCTCTTTAGGTGGCGGCGGAGGGGGAGATATAAATGGAGCTGGAGTTAATGGAGGGTCAGGAGGAGGTTCTGGTCGAGATGCCGGAGGTCTTTCTGGGGGAGTAGGTTCTCAAGGGTATAGTGGAGGTAGCACTCCTGGAGTAGTATGGGCTTCTGGCTCAGGCGGTGGCGGTGCTGGTCAATCAGGAGGAAATGGTTCTGTTGCTGGCTCAGGTACTGATGGAGCCCCCGGAGGAAAAGGAGGTGATGGAAGATATTCTTCTATTACAGGGACTTCAGTTATTTATGCCGGTGGCGGCGGAGGTGCTTCTGCTGGCACAACTGCTGCTGGTGCTGGCGGTAGCGGCGGCGGAGGTACTGGAGGCAGGGAAACTGGTGGAGGAGCTGGAACTAATGGACTTGGTGGAGGTGGCGGAGGAGGAAGAAGCGGGGCTGGAGGAAAAGGAGGTTCTGGTATGGTAATTGTTAGATATATGACTTCTCAGTCTTCTAATAGTGAAATGATTAACGGATCTTGTGGTAGTGCGGCAAAGATATTCTATGCGACTAGTATAGGGTATGGAACAAACACTTTTTGTTCTTCTGGAACATCTTCAGTTATAAGTCCGACTTTCCCTGCAATAGGACAATCTATATCCTGGTCATGCAATGGTATTAATGGGGGAGCGAACGCTAATTGTACTGCCAGTCGTTCATCATCATCCTGTATTTCAGGTGGAGGACTTTCCTGTACCGAAACCGTTGATGGAAATTATACTGTCAATAAATATGTCCTATCCGGTACAACTAGTGGTACTATTAATTGGACCGCTCCTGCAGGGGTAACCTTAGTCGAGTATTTAATTATTGGAGGCGGCGGAGGCGGAGCTGGAGGTTTAGGCGGCGGCGGAGGAGGTGCTGGAGGATTCCTCACTGGAACAAAGGCAGTTTCTGGAGGAAGTTCATATACTGTCTCAGTCGGTGCTGGTGGTGCTGGCACTCATAATGATAATCTCAAAGGAACTAGTGGTAGTAACTCTTCATTTGATAATATTATTGCTTTAGGTGGTGGCGGCGGAGGTGACTTGAACGGAGCTGGAGTTAGTGGAGGGTCAGGAGGAGGTTCTGGTCGTGACGCCGGAGGTCTTCCAGGAGGAGTAGGCTCTCAAGGGTATAATGGAGGTAGTACTCCTGGATCTGGTTGGGCTTCTGGCTCAGGAGGTGGAGGTGCTGGTCAATTAGGAGGAAACGGTTCTGTTAGTGGTTCAGGTCCTGATGCTGCTCCTGGAGGAAAAGGAGGTGACGGGAGGCAATCTTCTATTACAGGAACCACAATTATTTATGCCGGTGGCGGAGGAGGTTCTTCTGCTGGAGCTATCGCTGCTGGTGCTGGAGGCAATGGAGGCGGTGGGTCAGGAGGGAATGAAACTGGTGGGGGTGCTGGAACTAATGGACTTGGTGGAGGTGGCGGAGGGGGTAGAAATGGTGCTGGCGGTAAGGGTGGATCAGGTATTATAGTAATCAGATATGCTCATCCGTAAAAGGTTCTTATGCTTCTCCACTCCCCCTATTTGCAATATTACGAATATTTAGTAAAATATGGTAAAGAGATGATTGAAATTCAGAATTTAGACCAAAAATTTAAGGGAATTAAGAAGAAACCATTAATAAGGATTGCCGAGTTCGTTTTACAAGAAGAAGGGGCAGGTGACGATATCGAAATATCTGTTGTGTTTATCGAGTCAGACGAGATGAGACGGATTAATAAGCAATATCGTCATAAGGATAAACCAACTGATGTCCTATCTTTTGGAGAGATAAGGGATTTTTACGACCCAGACAAATTTATCTTACCCGAGATACTTATATGCTCCGAAGAAGTGAGTAAGAATGCTCAGGAATACGGGACGTCCTTTGAAGAAGAGCTGGCAAAGGTCTTGATTCATGGAATATTACATCTATTAGGCTTTGACCATGAAAGGGGGGACAAGGAAGAGGAAGAGATGCTTAATAAACAAGAAAAATATTTATCCATATTTTTTAAATAAGAAGTAACACCAAAAATAAAATGACAAAATCTCAAATAGTAACAGGTATTGACATCGGGACTGATTCGATCAAAATCCTTACTGTCAGGAAAGGGATTGATAGCGGAGAGATCCAAGAGGTTTCGTTTTTCGATAAGGTCAAATCAGCTGGAGTACAGAAAGGAAGGATTCAGAATCCTAATGAGGTT
NZ_AP038758.1_gap4	118948	121418	2470	GCGGTGAGTGGAGTCTGTGGTTCTGCTACTGTCGTCACCGCTAAACCTACTGCTAATCTTTGTACTACTGGAACAGCTAGCGCAGTCACTGGTACTGGACCATGGTCATGGACTTGTAGTAGTCAGTATGGAGGAACTGTTCCCACTTGTACTGCTCATCTCAAGGGTAATTGTGGAGCTGCGAATGGGGTAGGGACTTATACTACACCTTCTGTTGGGTTATGTTCTACTGGAACTGCTTCTAGTGTTGTTACTTCCAGTACTACTTATGCCTGGTCATGTAGTGGAAGCAACGCTTCAGATACTACCGATGATTCAGCTTGTACTGCACCAAGGAAGAGAGATGGAGCTTGTGGAACTGCCAATGGTGGTAGCTCAGTAGATATTCCTACTACTAACTTATGTTCAGTAGGTACGCCTAGTACCGTCACTGCTAGTGGTACTACTTTTAGTTGGACTTGTAGCGCTATTAATGGAGGAGTTGATAAGAGTTGTTCATCTACTAAAGTACCTCCTGCCTGTGGAACTGCCAATGGACAATCATTCGCTACTGCTCCTACTACAGGGTTATGTGCATATGGTAATCCAGGAAATCCTAATTGGATGGATGATTCTTATTTAAGAAGAAAAGCCATAGCAATCTCAAATCCTTCTGGAACAATCTTATCAAATTATCAAGTCAAGGTGACAGTATCTTATGACGCAGACATGCAAGCAGATTTTGATGATATTAGATTTACTTCTTCTGATGGTAAGACAGTTCTTAGTTATTGGTTCGAATCTAAGACCAATTCTTCTTCTGCTATTGCTTGGGTGAAGGTACCTAGTATTCCTGCATCTGGTACCACGATATATATGTATTATGGTAATACTACTGCTACTTCTGTATCTAATGGTAATAATACTTTTATTGTCTTTGATGATTTCTCTAGCGATAGTGGATTATGGAACAGGACCCAGAATGGAAGTGGTGGTGCTAGTGTAACGGGAGGAGAGGCTCAAGTATATTCGATTTCAGTTTCAGGGCACTATGGAAAGTTCCAGACCAAGAGTTCTTATCCTGTCACTAATGTTAGTGTTATGACTAGGTATAGGTTACTAACAAGCGGTTCTTACTGTAACTATGCTTCTGCAGCGACATATATCTATCCTATTTCTAGTGCTTGGAGTTTGTATAGCTATGGATATACTTGGGCAGGAGGAGATAATAATGACTATTTCAGAATTGGGACATATCAGGATAATGTAGGTAGACCATGTGGATCATGGGGAGGATACGTCGATGCTAAGATTAATGCTACTAGTAGTACTGTTTACGTCTATAGGAACGGCACCCATGTCTATACTGGGTCACTCGCTTCTACCACTGCTAGCCCTTATTCTCTGTACGCAGTGGGATGGGATCCTAATAACACTTATACTCAGTATATGGCAGTAGACTATTTCATCATTAAATCTTTTACTGCTAATGAACCTGTTTCTACTGTGGGAACCGAACAGGTAAACACTGTTTCATTGTCTGGCACAGGCCCATGGGAATGGTATTGTATTGGAGGAGGAACTAGTAGCCCTAAGTGTACTGCTACTCAGATTCCTCCATCTTGTGGAACTGCCAATGGTCAGTCATTTGCTACTGCTCCTACGACAGGACTATGTGCATATGGTGAATTCAGGTCAGCTGATTGGATAGGAGGCACCGGCAAAGACGGAGCCTTAAACATCTCTCCCGCTTCTGCTACTACTTACAATCTTAATACTACTACTAACTGGCCAAGTGTAACTACAGCCCCAGGAGTGTATTTCCAAGTAACTGAGAATAGAGCTGCAGGAACGAGTCAGATAGTTATCAACTCTTCTACTGGAGCAGGATTATCTATTGGAGATGAAGTATTGATAATCAACCTTCAAGGAACTTCTTCTAATAATGCCAATGTTGGAAAGTATGAGACAGCAATGATTACTGCTATTACCCCTAACTCTCCTTCAGGAAAGACTACCCTTACTTTTAAATCTTCATTGATTAATGGATACGATGGTACTACTCAGAAGATTATGGTTCAGAGGATACCTAATTGGACTAATGTCACTGTAGGAGCTAATGCTACTATTACTGCTAATGCTTTCAATGGAAACATTGGAGGAGTGGTAGCTTTTAGAAGTAGTGGCACTCTTACAATCAGTGGTATTATTAATATGGATAGTAAAGGATTTAGAGGAGCTACTGTTAATGGAAGAGGAGCTTGTGGATATCCATGGCCTACTGTTGCTGGAGATAGAGGAGAATCATATGCAGGGAATAACACAGTTACTTCTACGAGTAGATGTGCTTCAGTTCTAGGTAATAGAGTAGCCTTAACTCCTGTCGCTGGTGGTGGAGGAGGTGGAGCAGGTTCTACCAGTTCTGGAAGAGGAGGTGGAGGTGGCGGAGCAGGATCATATGGTTCTGCTGGAGCAGCCGGAGCTACTTCAT
NZ_AP038758.1_gap5	137869	142035	4166	ATTATTAATACTTCCCAAGAAGAGCAGGCTAAAACCTTGGATCTTGAGCAGTTCAAGAAGAATATTGAATTCGCGAAGAGAATGGGTTTTGGCAAGTTCTATTTATGGGGAGGCGAGTGGTGGTATTGGCAGAAAGAAGTTAATAACCGTCCAGAGATATGGGAAGAAGTGAAGAAGATAGTGGAAGAAGATAATAATCAATAAAATCAAATATGTTCTTAAGCATTGTCATTCCGACTCTTAACGAAGAGAAGAATATCTCTAGGCTCTTAAAACAAATCAGGAATTCGACTTTTACTGATTATGAGATAATTATCGCCGATAGCCATTCTACTGATGATACAGTGAAAGTTGCCAAGGAATTCGGTTGTATTATTACTGAAGGAGGTAAGCCAGCTAGAGGAAGGAATAACGGGGCTAAGGTAGCCAAAGGTAATGTCATCTTATTTCTTGACGCAGACCTTAGGCTCAGTTCTAAATTCCTTGATTACGCCGTAAAGGAGTATATAGAAAGAAAGGTAAGTATTGCTTCGTTTAATCTTTATCCAATCAAGAATAAGTTCTTATTAAATAAATATACCATCGACTTTTTCTACAACAACCCTCAAATTATTCTGCAAAGAATATTCCCGATGGGTGCAATGGGGATTATGATTGATAAGAAGGTATTCAATAAGGTCAAAGGATTTGACGAGACCATATCATTAGCAGAGGATATTTGGTTAGTTCAGCAGGCAGCTAAGATATCCAGATTCGGAATCATTAAGTCAGCTGATATATATATGCCGACAAGAAGGTTCGATAAAGATGGTTATCTAAGAACTGCCTTGAAATATCTTTTCTGCGGTATCTATATGTTCCTAATCGGTCCTCCCAAGGAAAACCTTTTTCGATACGACTTCGATCATTATGATAAGAAGGATAAACATTTATAATTAATTTAATATATTGATTACTATGTCTATTTATCAACTATCAGAAATAACTACTAAAAGATTGGAAGCTCCTGCTATTGAAGCTAAGGAGGATAAGAAGTTCATAGGACTTGATAAGTATTTGTCTTTCCTAGCCATTTTTGTTATCGGAATGGCTTTTGGAATTATTATGATTTCTAATGGGTATATTGGAATACCTGGAAAAGGAGAAGCATCTGTTCCTGCTGCTGCTCCTTATGTTCCTCAGACTAGTCATGAGGATATGGTCATTAAGACAGTTGACAGCGCATCTGATTCAGTTGTTAGCGTGGTTATTAGTAAGGAGGTTCCAGTGTATAAACCTATTCAGGAAGAGGTTGACCCATATGATCCATATAGTTTCTTTAATTTTGGTATTCCCCGTTATGAAAAAGATGGTACAGAGATTAAGGAAGTCGGACAGGGAACAGGGTTCTTTGTTTCTGAAGATGGAATGCTTTTAACTAATAAACATGTCGCATCTGACCCAAAGGCTGAGTACACTATTATTACCAATAAAGGGAAAGAGTATAAGGCAAAGATATTAGCTAGAGACCCTGTTCAAGACTTAGCTATTTTGAAGGTAGATAGTTCTGACAAGTTTAAGCCCCTTGCACTTGGAGAGTCTTCATCGATTAGAGTGGGGCAGACCGCGATTGCTATTGGTAATGCCTTAGGGCAATTCCAGAATACTGTTTCAGTCGGAGTGATATCTGGATTGGGTAGGACTATTACAGCTTCTGGAGGGGGAACGAGCGAGGTTCTAGAGGATACGATTCAGACAGATGCTGCCATTAATCAAGGCAACTCAGGAGGGCCATTGCTGAATATGAAAGGAGAAGTGATTGGTATTAATACTGCAGTCTCTTCAGTTGGGCAAGGTATTGGATTCGCTATTTCTGTTGATAAGGTTAAGAAGGCTATTGAGCAAACTAAAAAGGATGGTAAGATATCTTATCCGTTCTTGGGTATAAGATATGTTCTCATTGATGATAAAGTAGCAGCAGCTAAAAAATTATCTGTTAAGGAAGGCGTACTCATTATCAAAGGAGATGGAAAAGGTGAGGCAGCTATTTCTCCTGGATCCCCAGCTGAAAAAGCTGAGTTAGAGGAAGGAGATATTATCGTCAGTGTTAATGGAGAAAAAGTTAATAAGGACAATTCATTGACTAAGATTATTAGGAAGTATAACCCAGGGGACATCATCACCTTATCAGTCCTAAGAAACGGCAGCTATATTACTAAGGCAGTAAAACTAGGAGAATGGGAAAATAATTAATATGGCTTCAGAAATAGAAGAAATCAAATCACGCTTAGATATAGTGGATGTCTTATCCGGCTATATTAAGTTGGAAAAAGCAGGCATAAATTATCGTGCCTGCTGTCCTTTTCATAAAGAAAAAACACCGTCATTCTTTGTTTCTCCTTCAAGGCAATTATGGCATTGTTTTGGAGGATGCAACGAGGGGGGGGATATTTTTAAGTTCGTGATGAAGATTGAGAATATTGAATTCAAAGAAGCTTTGAAAATCCTAGCCCATAAAGCTGGTGTAGAATTAAAACACGTCGACATTGAACAAGAGAAAAAACACAGGACTGAGAAAGAGATATGTGCCCATATCTGTGAATTATCAGCCAAGTTTTTTGAGCTTTGTCTTGACAAGACTGACGCTGGAAAGAAATCACATGACTATCTCACTGGGCGAGGGTTAGAGGAAGAGACTATTAAGGAGTGGCGCTTAGGTTACGCTCTTAATAGTTGGAGCAAGTTATCAGAGTTGCTTATTGGGAAGGGATTTAATAGGGAGGATATAGTTAAGGCTGGTATGGCTATTGAGAAGGAGGGCAACAAATTTTTTGATAGGTTCAGAAGTAGGATAATGTTTCCTATCTGTGATATGGGCGGAAGGGTAGTTGGGTTCACCGGAAGGATATTTGGAAAAGAAGATGACATGGCAAAGTATCTGAACACCCCTAATACAGTTTTATATGACAAGAGTAGGATTATCTTCGGATTAGATAAGGCTAAGAATACTATTAGAGAAGAAGGTTTTTGTATCTTAGTAGAAGGGAATATGGATTGCATTATGTCTCATCAAGCTGGCTTAAAAAACTGCGTTGCTGTTTCAGGTACTGCTCTGACTGGATACCATCTTAGTATCTTAAAAAGATACACTAATCGTTTGGTTCTTTCCTTTGATATGGACATGGCAGGAAACAGTGCTACCAAGAAAGCAATCAGTCAGGCACGAGCCATGGAGTTCGATATTAGTGTGGTTCCTTCTTTTGGAGAAAAGGATCCAGCAGATATTATCTTGCATGAAGGGAAGGAAAGATGGAGAGAAATAGTCGCAAGCAGTAAGCCTATCAATGAATTCTATTTCGATTCAGCTATGAAGGATAGAAACCCTAGAGACGTTAAGGACAAGATGTTAATTGCTCAAGACTTTCTTCCAGTAGTTAAGCAGATGGTTAGTAATATTGACCGAGCTTTCTGGGTTAGTAAGTTGTCTGATGCTCTTGATATCTCAGAAAGAGATATTCTTAAGGAAATGGAGTCTATAAAAGTAGAAAAAGAAATTGTTCAGGAAGATCAGTCAAAGAGTTTTCCTTCTCTGCGCAGAAAAAGTAGAGAAGAGTTAGTGGATGAGGAAATTGCTATTCTCTTGTTATTATCTCCTGAAAAGATTGACTTAATAGGGGAAAGTTTGCTATGCTCATTTACAAGCCCTATCAAAAATCTCTTGTCTCATATGAGAGAAGAGAAAGGGATAAAAACTGAAGATTTGGTAAATACTTTTAAGAGTGACGACGCTCACTTTAATCATATAAATTGTCTCCTCATGAAATCTGAAATGAGGAAGGAAAAGGAAATCGATTTTGAAAAGGAAATAGGTATCTGTCTTAAAGAAAAGAGAGCGATTTCCTTGAAGAACGAACAGAAGAAATTATCTAAAGAGATAAAGGATTTAGAAAAGGAAGGCGATTTCGAAAGAATCAAGATCCTTTTGGAGCAGTTTAATAAGTTAAGCCAGAACAACAATGAATAAGCCAATAAAGAAGGGTTTGAGTTCGAAGATTAAAACTAAATCTTCTTTGGAGAAGAAGAGCAGTGCTGCTACCGCAGCAATAGCGAAGAAATTGGCAAAGGCTAAAGCTAGGGTATCGACAGAAATTGTTACTAAGAAAGAAGAAAAGGTTACTGATAAGGAA
NZ_AP038758.1_gap6	144551	146583	2032	GGAACTCTAGTATACAATTCTACTAGTTCTAGTTTTACTGATACAGACATCACTTTAACTAAGAATACTACTTATTGCTATTCAATCTGGTCATACAACCCTACTACTGCTTCTCTTTCAACTGAATACTTATCTAGTTGTGGTACCTTGTCTAATATGGCAACCCCTACTAATCTCTCTTTCCCTACAGTAGCCTACAACTCTATCATTCTTAACTGGACTCCTGGTACTGGCTCTACTAATACCCTGATAGTAAGGAAACAAGGTTCTATTCCTACTTCTAGAACAGATGGAACAACCATCTATGAAGACAATGGTAATGCCTTCATAGACACAGGGCTTACTGATAACACAGAGTACTGTTATGCCTTGTATGCTACTGATGGTACTGAGTACACTGAAGCCTTAACAGGGTGTCAGACGACTGTTCAAGCATATAGTTCTTGTTCTGAACTAAAAGCATCAGGAGTTAATAATAATGGAGTATATCCTATTAAAGTTAATGGTAATACATTCAATGCTTATTGTGATATGACTACTGATGGAGGAGGATGGACTCTTGTTCTAGCTCAATATGAAGATGATCCTGTTACTAATTGGAATGAAGGAATACAAGGAGACTATGATCCTTCTCTTGTAACTAGAAAAGGATTTGCTCTTAACACATCTCAAATACCTTCTCATAACCAAGTAGCTTTTGGTAAAGACCTTAATCCTACCTTCGTAGACTATGCTGACTTTACTTATTCTACTGGTAACATCCCTGTTACTACTTTAACCAGTCCTAAGACTAGGAAGGGGTATCAGATATTTAGGAATGGTTTAGGGTCATATTATTATGGAGACCCAGAGCATACTACATATATGACAGAATCATCTTACAGTATATGGTTTAATAGTCTTACTTTTGATGAGCTTAATGGGTCAAAGTATAGTTGGGATTTTTCCCCAATGAATTCTAATAGTCAGTATAGAGGATATTCAATTAATGCTGCTTATTTACCTTATTCGTCTGAATCCTACGCCTGGACCGTCTGGGTAAGAGATGGTACAGTAGAAACTGTTAAGTCTTCATGTTCAGAGTGGAAATCATCAGGAGCAAATACTAATGGTTTCTATAAGATAAGTCCTAGTGGTACTCCGTTCTTGGTTTACTGTGACATGACTACTGATGGGGGAGGATGGACCCTTATATCAGCTCAATTTGAATCAGATCCTTCTGTCAATTGGAATGAAGGAATCCAGTCAGATTATAATCCTTCGTTGTATGGCTCTCATAGCTTTAACTTGAACACTTCCCAGATTCCATCTCATAACCAAGTAGCTTTTGGAAAAGATTTAAATCCTACGGAAATGGATTATGTGAACTTTAACTATACCACAGGAAATATACCAGTTAATTTAGTCTCTAGTCCTAAGACGGGTAATAATTATCAGATACATAGATCGACCTCAAATTACTATAATGCTCACGACCCTGAGCAACCTATTTATAATTCAGCGGATTGGAACAATACTCTTACGTGCGATAAAGTCGGAGGAGCTATGAGAAGCTGGTCATTTTCCCCAAATCACGGAACTGCTTCTAGTAGGGGATATAGCCTTAATGGTGCAACTAGTTCGACTACAGAAAGTTATAGTTGGACTGTTTGGGTTAGGACAGGAATAGATTCGTTAGGATTTTCATGTCTTGATGTTAAGAATAAGGGATATAACACTGATGGGTATTACAGTATTGATCCAGACGGCGTTGGAGGTACTACTCCATTTGTTGTATATTGTGATATGACTACCGATGGAGGCGGATGGACAAGGATTATGCATTCTGGAACGTCTATCGCTGAACTAGGAAGATATGGATCAACTTCTCAGATTACTAATCTTAGGAATCATGCGACTTATGGTATCGGATGGGGTAACAATAATACAACTAATGGCGTTGGATGGAATAATCCTTCCTATGGATTATATTCAGGTAGTATCCCTTTTTCTTTCAGCTCAGTAAGATTTCATTTATACGCCCCTTATAATG
NZ_AP038758.1_gap7	193212	194116	904	AGGAGTATAGAACTTTGTTATTGAATGATTGGTCTCTTTAAAATTAACTATAGTTCAGTTAATAAAAATTTAAACAATATGAAAATTGCAATCAGTACTGTTGGCGAAAGCCTTGATTCGGAAATATCCGATGTTTTTGGCCGATCACCCTATATAATCATTGTTGAGAGTGAAAGCGGGGAAATTAAAAATACGGAAATAATTAAAAATGAAAATGATGGACAGCAAAGCGGAGTCGGCATGGTTGTAGCTAAATTGGTAGCTGGAAAAGGCGCTAGTGTCGTTATTGCCAAAAACGTAGGGCCGAGAGCCTTGGACGTTCTACAACAGTTTGATATCAAGATATTTGATGCTAGTGGTAAGGCCAGTCAAGCACTGCAAGATTTGATAAATAAAAAAGTAATATGAACAAGTTAAAAATAAATTATCTGGTTGACTTCATAGCCTTCATTTCTTTTTTAGTAACTTCTGTTACTGGTTTGATAATCTTCATATTCTTGCCCAGTGGTGTCAGGCAGGGTAGACTTCAAGAGGCTCTTCGCTATCTATAGTGGGTAGCCCCACAGACAGCAGGTAGCTCAAACTGTAACTTTGAACAGCTGAGGTATATCATGGTAATGAAGTTGTCTAAATTCTTGTATCCTCTAGCTCTACGTTTAATAGTTTGAATTACACTATTAATTCCTTCTGATGGCCCATTAGATATCCTAGAGTTGAAGAATGCCATTATGCCATCCCAATGATTCTTAATAGTCTTAGCTATTTTAATCATTTGTTCTATCTTTGAATGAGTAACCCAGAAATACCATTTTTTGAGAGCTGCTTCAGCTTTCTTTGAATCATGTATCTCATAGATATCTCTTAACGCTAATCTAATCTGATAAGCTTTAGCAGTCTTCAGGTT
NZ_AP038758.1_gap8	270286	274120	3834	TATCCAGGCTCCAGTCCCGATAATTTTATTATCACTAACGGAGCTTCTGAAGCACTTGATCTGTCTTTACGGGCAATATATACTCCTCATGCTAAGATATTGATTCCTAGGCCATATTACTCTTCTTATCTTGATTGCGTGGAGTTGTCTCATATGGACAATGTTTTTCTTGAACTTCAAGACGGAAGAATGATAGAGGATGATATTGAGAAAGCTATAGATGGATGCATAGGAATGATTTTTAACTCTCCAGGAAACCCCACGGGCATAGTTCAATCTAGTTCAGTAATGGATAAGATTGAAAGATTATCTCAAGAAAGAAAGAAATATATTATTTCAGATGATGTTTATGAGGATTTTGACTATTCAGGTCCTCATCGGCAGTTGAAAGGAGAGTATATTATTTCTATTCATTCCTTTTCTAAGAGTTTTGATATGTGTGGCCATAGGGTTGGATATATCTATACTACCAATAAGAAACTCATTGAAGAGATCGTCAGGATTAAGGCATGTACTTCCATGAATACTAATCTTTTGGCTCAAGATTTTGCTTGCCAAGTTCTCGAGACCGATAAAGAGAAAATGGTTACTCAATCACAAGAGATGGAAAAGAAAGGCTTGTATATGTACGAAAGATTGAAAGCTCTAGGACTAGAATTATGGAAGCCTGAAGGAGCCTTTTATCTCTTTCCTAAAATGGAGGATTCTTCTCGAGTTGTTAGTGAGCTATACTATGATTATGGGGTTATTGTTTATGATGGTAAATGGTTTGGTGCCCCTAATAGAATTAGGTTATCTTTTGCGACTAGTAGGGAAAATATTGATAAAGGTTTAGAGAAGTTAGGTCGCTATCTTAATAGGTAAGAGATATTCTTAAGATGTTTTACAAGATTACGGTGTAATAACGTTCTTTATCATTTGGTTTTCCTATTTATAGTGGGTAACCCTAAAATATTTTACACTTTCTATTTGATTTATTTATTTGATTTATCCTTGACTTAATTACCCCCCCCCCGCTTATAATATACCCATAACAATAAATTATTGTAATCATGAATCCAAAAGAAACTGAACCTTCATCAGCCTTCACTCTCATCGAACTCCTAGTCGTCATCGCCATCATTGGTATTCTAGCCGGTATCATCATTGTCGCCATGGGCGGTGCTCAGGGTTCAGCTAATGATGCTAGGAGAAAGGCAGATCTCAATCAGCTTGCAAAAGCAGTGATGATATACAAGGTTAATAATCCAGAAACATTATTACCTACTACTCCTTGTACCATCGGAGGAGGTACTACTCCTTGTGATTCTGCTATTTTTGGTACTGCTAATGTTCTCAAGGATCCTAATGGATCCTTTTACTCTTTCAGTTCTTCAGATGGAAACGACTACATGCTCCTATCTACTCTATCAACAGGAGACTACTATTCTTTTGACTCATCAACAGGCACCTATTCTCAATCAAGTACCAATCCTAGTGCTAGTAATGGAGCATGTGGCACTTCAGCTGGAGAAGAACATGAATCTATCCCTACTACAGACCTCTGTTCTATTGGAACTGCCTCCATTGTCTCTGGTGACGGCGTCCCTTATACCTGGACCTGTACTGGTCTTAACGGAGGAACAACAGCTTCTTGCAGTGCCACCAAGACTGGATGGATAGATACCGGTCTTGGTTTCTACGTTATGAAGTATGAGGCTAAGAACGTAGGAGGAGTTGCTACTTCTACTACTTCTGGTACTCCTTGGGTTAGTATCTCTCAAACAAGCTCAATCTCTGCCTGTTCCTCTCTTGGTTCTGGATATCATTTGATCACCAATGCTGAATGGACCTCCTTAGCAAGACACCTTGCTTCTCAACCTTCCAATTGGAGTACTGGCACAGTCGGCTCTGGAGTTCTCTCTAGAGGATACTCAGCTAGTACTACTAATGCTTCTGATGGGTTCCAGAACACTGCCGTAGCTCCTAGTACAGGACCAGGATATGAATACAATACTGGAGTTAATACCGTAGGCTCGAGTGGAGTCTTCGATTTAAAGAGAACCCACAATCTTGCTAATGGGAAAATAATATGGGATCTGGCTGGTAACGTCTGGGAATGGAATAGCGATACTTGTACCCAAGGTTCTGGAGCAGGGAACTGGTATAACGGTGTCTGGATAGAATGGAATGATACCAATCTTGATGATTACGAAAGAGGAGTAGCTGGTCCAAGCCCCTTATACACCTCTATTCAAAATGCTGGGAGATATTATGGTTGTACTACTGGTAACGGGCTGATCCGTGGCGGCATTTGGAACAATGGGCTCAACTCAGGTCTCTTCACAGCGAATTTGGACTACCTTCCTTCGAACACCGACACGTACATCGGCTTCCGCTGTGCCAGATAGTAATCTGATAATCTGGTAAGGAATGGGTCCCTTTGAGGGAGCCATTCCGAAGGACCCTTAAGAGAATATTAATCATGAATAACATAACTAATTTTGAACAATGCTTGATTACGCCGACCTAGTCATATTCCAGAAATCATATGACTTGACCCTCCGTATGTATCCAGTTATCAGCCGGTTTCCTAAGAACCAAAGATATGTCCTTGGACAAAGAATAGAGAATATACTGGTTTCCATGATTCTCGACACAGTTGAAATTAACAAGGAAAGAGGTAGAGATAGGTCGATAAAAATGAAAGTACTAAGCGATGATCTTGACGATTTGAAAGTCCTAGTAAGACTTGCTACTGTGAATTACGAAATAAAGAACTTAATATTTTGGTAAAATATTCATAGCCTTTAATATATTATTGATTAGAACTTATTGGTATTAATTTCATCATATCGAAAAACTCCCACTTTTTATAGGAGTTTTAAGGTAGCCACTTACCGTATTTTTTATTAAGCTATTTCCATAATCTTCGGAACAAGGTCTTTCTTTCTAGACATCATTCCAGGGAAGTATAACGAGTCACTCTCAATCTTGGTCTTGAAGGCTTTTTCGATATAGCTTTTATCTCCTGCAATTAACACTTCTGAACCTTCCTTCATTATGTCGGTCAACATCAGGGCAGTGAAGGTCAATCCCTCCTCTTCATTAATTTTATTTAATTCTGCTATTAATTCAGCCTTTTTTTCTTTTCCTTCTTTTGGATCAACTATCTCAACCTGTCCGATTCCGAACTTCTTGTCTGCTAGTTCGAATATCTTGAAATCAGAGTATATTACTTTCTTGGCTGACAATCCTGACAAGCTTGCCTTTTTCTTCTTCAGCTCTATTCCGAAGGTTTTGATATTATCTACTCCCGCTATCTTTGCTAGTTCCTTAGCAATCTTAATATCTGTCTTCGTAGTAGTGGTGGACTTGAATATGATAGTGTCTGATAGGATAGCTGATAAAAGTATTCCAGCTATTTGTTTATTAATCTTGAACTGTTCGGTTATCATCTTTTCAGCGATGACGGTAGCTGTTGAGCCGTATGGCTTCACATCTATTTCGATTGGATTACTTGAAGAGAAATTAATCTTATGATGATCAACTATTCCAATTACCTTAGCTTCTTCTATTCCTTCTGGGCTTTGACTAGGTTCATTATGGTCTACAAGAATAACAGTTTTATTCTTAATAGTCTTCACTTTCTGAAAATCCTTAACCTTGAATAAATCCAAGGCATACAGCGTTTCTGGATTTAAGTCACCATACACTGCTGGAACAGCGTTTATCTTTTTCTTTTTAAGTAAGGCTGCATAAGCTATAGCAGAGCATAAGGTATCCGTATCTGGAGACTTATGTCCGATTACATAAATGATATCTTTTTCCATCTTCTATTATATTATTTATTAT
NZ_AP038758.1_gap9	275317	278443	3126	TCAGTCATATATATGTCTGATAAGGGGCTTTATGTTGCTTATGGATACAATGAGGACATCCTCTCTTATTATGTTTCCTTTTTAAAAGGGTATGCATCTGACCTCATTCCTGTTCAAGTCGTGACTAGGCTAGATACTATTGCTCAGTATGACATCACCAATGATTCTAAATGGAATGAATTCCAGACCGAGCTAAACAAGTACTATAACAGTCTTGATAAGGACGAGGCTCTTAGAGTAAGGAATGAATTCAATAATCGCCTCAAGGATTATTCAAAGAGTCACTACAGAGACTTGGAGAAGACGGCCATAGTTAAGATGGATCTTGGAACTTTAAGTATTACTAGTAACGGAAACATCCCAGGAAGACTTCTTAACCAGTTTTCTATGGATGAGTATAATGGAGTCCTAAGAGTTGCTACCACTATTGGTGGAGGCTGGAATAGGTTCGGAGTATCTGCAGAGTCAGTCAGCGATGTTTATACCTTGGATACTGGTCTGAATATCCTAGGAAGTGTTAAGGGGCTTGGTGCTACTGAGAGAATCTATTCAGTTAGGTTCTTAGGAAATATGGGTTATGTCGTAACCTTTAGGCAGGTTGATCCATTTTATGTTTTAGATCTTTCTGATCCACTCAATCCTGCTCAGAAAGGAGAATTAAAGATTCCTGGATATTCGTCTTATCTTCATCCAATAACAGATAATCAGATACTTGGTATTGGAAAAGAGGATAGCAAAGTAAAGATATCTCTTTTCGATGTTTCTTCTCCAAGTAATCCTACTGAAATAAGTAAATATTCTCTTGATGACTACTGGACTGAGATTGAATCCAATCACCACGCTTTCTTAATTGATAAGAAGCATAGCATATTCTTCATTCCTGGTTCTTCAGGGGGGTATGTCTTCTCTTATGAAGGAGGTAACATTTCCTTGGTTAAGACTTTGAGTGGTCATGGCGTTAAGCGAGCTCTGTATATAGATGACTATATGTATATGCTTGGTAATGACAAGATTACAGTATTTAATGAGAATACATGGGAGAAGGTTAAGGAATTAGAGTTAAAATAAAGAAGAGGCAGCCAATTGGCTGCCTTTTTATTGCAAAGGTTCAAATATTTCTTCCAAGAACTTATATACTGCCTCAAATGATATTAGTGCTAATAGGGCTAGTACCGAAAATATTAGTAAGGCTTTAGCGTGGGACTTATCTTCTCTATCTCCTCCAGATGCCATTATCCTAAACCCTGAAAGCATTATTAAAACCACGAAAATAGCTCCTGCAATTTGTAATAACCCTTTCAGCATTGCTCCTCCTGTCTCGCTGGCTATTTCCCATAAACGACCTACATCTACTATGGCGAATTCAGAGGCACTTACAATAAAAGGAACTGATAGTGCAATTAGTAATAAAAGTATTTTCTTCATATTGATAAGATTATATCAGATATTAGCAGATGATTGAAGTTTTTAGTGTGGACAAAGTTATCTTAACTGCTATAATCAAATCATGTCAGGAATACTAGACAAGATAGATGATTGTAAAACCTTCCTTAAGAAGAGGCTTTTACTTATCCTTATACTTTCTTTTCTCTCTTCTTATCTTTGTATTTACCAGGTTCCTTCTTACGTTAATAATACCTTTACTTCAGAAATGATTGAATCTCAAGTTAGTGGTTATTTCGGAGGCATGGTGGTATCATCTTCAGAGGTTATCAAGGCTTTAGTTTGGATGCTTCAATCAAGTGTTCTTACGACTTCCTTGCTGCTTATTGCTTATCTCTTTAAGTATGATCTTGATAGGAGACTGTTTAATATTAAGAAATGGAGGGACTGGAAGTTTTTAATCTTTATCGCAGCTGTTCCTATTATTATAGCAGATCTTTTGCAGAAGTTTGATCTATTCACAGGAATTGGGTTTTCTAGTAATTTTTTAGTAAACATATTATTAACTTTAGTATCATCATTCTTACTGGTTTTTCTCTCTGCACTCATTATGGGTAGAGAGAAGGAGAAGATTGTTATAGATCCAAAGAAAATAGAGGAAGAATTGATGGAAGACAAAAGATGATCATCTTATCCTTACTATTACTTGTTGCAGGTTTTATATTTCTAATTAAGGGGGCAAATCTTTTAGTTGACGGCTCATCATCTATCGCTAAGAAAATGGGTGTATCTGATTTAGTCATCGGATTAACTATAGTATCCTTCGGGACTTCAGCTCCAGAGTTAATAGTCAATGTTTTTGCCAGTGTTCAAGGTAATGCTGATATAGCGATTGGTAATGTCCTTGGTAGTAACATTATGAATATTCTCCTTATCTTAGGGGTCACTTCTCTTTTATGTCCCCTCAAGGTACATAATCAGACTATTTGGAAGGAGATTCCATTTAGTCTTTTAGCTGCCTTAGTTCTTGGTATTATTGCTAATGATTACATTTTTAATAACGGAATATCTTCACTTGCCTTAGGGGACGGATTAATACTTCTTTTATTCTTTTCAATATTTCTAGTCTACGTTTTTGAGATATCTAAAAAAGGGAAGATAGATGCGATAGAAACAGGAAATATATCACCAACTCGAGCATCTATATATGTCATCATCGGTCTCATTGGTCTTGTTGCTGGAGGTAAAATGGTGGTGGATGGTGCGGTAGATATCGCTCGAGCTATGAGCATAAGTGAGTCGATAATTGGACTGACTATTGTTGCAATCGGCACCTCTCTTCCTGAATTAGTTACTTCCGTAATTGCTGCCCTCAAGAAGAATGCTGATATGGCGATTGGAAATGTTATCGGATCAAACATATTTAATATATTTTTTATTCTAGGAATTAGTTCAGTTATTAATCCTATTCCATATAATGCTTACAGTAATACTGATATCTTATTCACTATTTTCGCTTCTTTCCTTCTTTTTATAGTCATGTTTGTTGGTAAGAAGCATATCTTAGAGAGGAGTCAGGGTGCGGCCTTTCTTTTGGTCTATCTCATATATACAATCCTTTTATTTTACAGAGCTTAGTCATAAATCCGATGGTGAAATAAACCATCGGATTATTTGTATTATATAATGCCGAGGCAATAATTAATTAATCAATCATTTAATATGAAGAAGAAAAAAATAGCA
NZ_AP038758.1_gap10	302412	303449	1037	AATGTCATGCTTCCTTTGATTTATGGTGATTATCCTAAAGAAGATAGGGAAAAGATGGCAAAAAAAGCTTTAGTAGACGCAGGATTAGACGAGAAATATTATTACAATCTTTCCAATCAGCTTTCTGGAGGTCAAATGCAAAGAGTTGCTATCGCTAGGGCATTAGTAAACGATCCGACTATGATTTTAGCTGATGAGCCGACCGGTAACTTAGACACCAAGACCGGTGAGATTGTCTTATCTACTTTTGAAAACTTAAACCGGGAGAAGAAGCATACTATCATCCTTATCACTCACGAGAAGGAGGTCGCTGAACATGCCGACAGAATAATCTCTATTAGGGATGGGATGATAATCGATGATTATAAGGTGAGGAAATAATATGAAAAACATAGACTTATTTGAAGAGATAATGTATGCCTTGTTGGCCAATAAAGCCAGATCAGGATTAACTATATTAGGAATTGTTATTGGTATCGCTTCGGTTATTGGAATGATAGCAATTGGAGAGGGTTCCAAGAGTAATATCGAGTCTAGTATCCAATCTTTAGGATCTAATTTGATTATGGTTACTCCAGGTACACAGAGGGGGCCAGGAATGCAGGTTAGTCAAGGGAGAGGTTCGGCTCAAACTTTAAAGCTCTCTGATGCTGAAGCTATTAAGGAAGAGGTGGCTTTAGTCTCTGGTGTCGCTCCTGAAGTAAGTAGTCGTTATCAGGTCCTTGCAAAAGGTACCAATACTAATACTTCAGTTATTGGTACCGTAGCTGAATATCTGGAGATGAAGAATTTAGCTATTCAGAGTGGTAGCTTTATTAATGACCAGCACCTTAAGGGGTTATCAAGAGTGGCAGTTATTGGCCCCACTGTTAGAGATGATTTATTCGGAGAAGAAGTGGATCCAGTAGGTCAGAAGATTAGGATTAATAAAATGGAATTCCAGATAATTGGAATGACAGAAGAAAAAGGAGGCACTGGATTCAATAATCCCGATAATGTGATATATATCCCCATATCTGTTTCTCAACAGTATCTTA
NZ_AP038758.1_gap11	313812	318779	4967	GGTAAAAGTGTCAATTGCTCCAGTGATATGGGTGTGTGTGGTAAAGCTTCTACTACTCCAGTAGTTAATGGTAATCCTTCTACTGTTCCTAATGCTAGTACAGGTTGTCAGCCATCAGGAACTTTCAGGGATCTCCGTTCTTATACAGGTCTTAATTATATGGCTAGTGGTTATTTAGGATATGGTACTTATGGGAATTATTTAAGCTATAGAAGGTATCCTCTTTATGTATGGGCCTGCCTTCCGACTGGAATCTATCAATGTATGACAGCTATTGTAGATATGGTTAATGGTGCTTGTGGAAGTAACGCTAAAGCTTATCCAAACAATATCACTAATTATTCTGGATCATTTTGCTCTAGCGGTGTAGCTAGTCCATATTCTCCTTCTTTTCCCGCTCAGGGGAGTTCGATTAATTGGATTTGTTCGGGGCAATATGGTGGATCCAATGTTCTTTGTACCGCCTCAAGAAGTCTTCCCTCGGTTAATGGTACTTGTGGCACTAATGCCACAACCTTTACTGTAAATCAGACTACATATACTGGGACATTCTGTTCGAGTGGGACGCTGATTCCTTTTTCACCCGCTTTTCCAGCTTTAGGATCTACTGTTTCTTGGAGTTGCGCTGGATCTAATGGTGGGTCAACTACGACCTGTACTGCTTCTAGGCTGTCACTTCCATCATGTGGAATTAGTCATTATAATTGTAATGTGGGCACTCCATCTAATGGTACGAGCCATGGAGGAACTTCTTTTATCTACCCAGACGGATCTGAATTCATATGGCGTCCTACTACTAATTATAAGTGGGGTTGTGATAGTGGGGGTGCTTCTGTAAAATGTACAGAAATCATTCCATATTGCGGATATAATAATGGAGTCTCTCTGTCTGCTCTTTCAGCTTCTTCTTCTGGTTTATGTGGAGAAACCTATCGCGGGCCAGAATATAAGGCGATTAATTTTCAAGAAACTAGTAATGGATGGACATGGCAATGTGTTCCATGGATGACTTATTGGGATGGCTATTATGCTCATTATACTGATGGGCAGGCCATGAGTTACGTATGCTATACTAATACTAATAATCCTCCTGAGAAATGTTCTTGGATTCCTCAGAGCTGTGGTGCTAATAAAGCAAGTATTAATGGAGTTTGCGGAACTAATGCCACAACCCTTACCACAACTCAAAGCGGATATACTGGAACTTTTTGTGACAAAGGTTCATCTTTTCCACCTAGTCCTGTTTTTCCTGAAGTAGGAGGTGTTGTTTCTTGGGTTTGTATGGGAATAAATGGAGGTACTAATGTAGCCTGTAGTGCCAAGAGAGGAGCTCCTGGCGCTTGCGGTTCAGCAGTAAGAACCTTTGCTTACAATGAAACTTCTTATGGTACATACAGCCAATGTTCAACCGGAACTCCTTCTTCTACTACTTTCCCAAGTCAAGGAGGTTCGACCTCTTGGACTTGTTCTGGTATCAATGGAGGACCAGCTAGTACTACTTGTACTGCCTCTAGGGCTAATGCCCCTCAAACTGGTGCCTGTGGCAGTGCTGCTAAGACCTATGCTTACAATGCCACAGCTTACACTGGTTCCTTTTGTAACACTGGCACCTCTGTTCCAGCTACCCCTACATTCCCAGTTCAAGGAGCTACTATCAACTGGGTATGTAATGGACTCTATGGAGGGGGATATGTATTATGTGATGCCAAGAGAGGAGCTCCTGGCGCTTGCGGTTCAGCAGTAAGAACCTTTGCTTACAATGAAACTTCTTATGGTACATACAGCCAATGTTCAACCGGAACTCCTTCTTCTACTACTTTCCCAAGTCAAGGAGGTTCAACCTCTTGGACTTGCTCAGGTATCAATGGAGGACCAGCTAGTACTACTTGTACTGCCTCTAGGGCTAATGCCCCTCAAACTGGTGCCTGCGGCAGTGCTGCTAAGACCTATGCTTACAATGCCACAGCTTACACTGGTTCCTTTTGTAACACTGGCACCTCTGTTCCAGCTACCCCTACATTCCCAGTTCAAGGAGCTACTATCAACTGGGTATGTAATGGACTCTATGGAGGAGGATATGTATTATGTGATGCCAAGAGAGGAGCTCCTGGCGCTTGCGGTTCAGCAGTAAGAACCTTTGCTTACAATGAGACTTCTTATGGAACCTATGCCCAATGCTCCACTGGAACTCCTTCTTCTACTACTTTCCCAAGTCAAGGAGGTTCAACCTCTTGGACTTGCTCAGGTATCAATGGAGGACCAGCTAGTACTACTTGTACTGCCTCTAGGGCTAATGCCCCTCAAACTGGTGCCTGCGGCAGTGCTGCTAAGACCTATGCTTACAATGCCACAGCTTACACTGGTTCCTTTTGTAACACTGGCACCTCTGTTCCAGCTACCCCTACATTCCCAGTTCAAGGAGCTACTATCAACTGGATATGTAATGGACTCTATGGAGGGGGATATGTAGTGTGCAGTGCTAAGAGAGATAATCCTCCAGCTTGCGTCTGGACCTGTAATCCTTGGTCACTCTGTATTAACGGAACTCAATCTAGGTCATGTTCTGCTCTTCCTATTGGATGTGTCGGTAGTAATCCAGAAGTTACTACCAGGTCATGTACTAATATCGTCCTTAATGGATTTCTTAATCCTTTAGATTTAGCGACTAAAGCTTCTACTATGGACCAGAAAGAACAATGCCTATGGTGTGATTACTATTATCAAGATGGAAATACCTTAGCTTTAGGAAAAGCAGGAGCTTTAGATTTTCGTTTCGTCTATAATAGCCCTGATGGTAATATGAAGAAATATGAAATGGCTATTAGTGCTTCTAGTGCTAATAACCCTGATTCTATTCCTAATAGTGAGAAGATAGTAATAACTAGGAATATTTCAGTTGCTAGTGGTCAAGCAGTCAATATTAATGGAATATCAGTCAGTAGAACAATTTCTAAGATAACTGGTAACACCCTCCCTTATGATAACAAGACTTATCGTTGGTGGGTTAGGGTAACTAATGACAAGGAGACTTCTCCTTGGATAGAAGCTGTCAACAAGAGTATATATATTCCAGACCATCAATGGCCTACGCCAGCAATAGGAGGATTAGTAGAGACTAGGTCTAGTAAGAATGAGTTCTTGGGACATACAGTCTGTTCTACTATGGTTTCTATCTCTAATGGGGAATACCAAGATGATCCATGTTACCAGTCCTGCTGGTCAGACTATCAGAAGGGAACCGCTCCGATAGTAGGGGATTCTAGATGGAAATGCTCTGTTTGTTACTCTACTAATGGAAATCCTAAATTATGTACTAATGATGCTTTTGAATGGGGAGAAGTGTCTTCTAGTATTGGTACTTTTAATAATGCTACTAATACCTATAAGGAGAAGAATAAACTTACAGGTAAAGTAGGGAATAGGAAGGGAAGATATTTCCCTAATCCGATTATTAAGTTTATTGATCCTTCTAGTGAAGACAACAAGCTTAAGCTCAAGGTAATGGGCTCAGAATGCCCTCTAGAAGCTTCAGTCATGGCTAAGTTAATCAGACCAGTTTATATAGAGAGATAGAATCAAAAGGACCTTCAATATGAGAGGGTCCTTTTTAATTCACACTCTTATCATTATACTACAAAGTATTTATCTTTTATGGTAATATATATCACATGAAACGCGCCTTCACCTTAATCGAACTCCTCATTATTATCGCCATCATAGGAATCCTGGCCGCTTTCATCATCTCTAATCTAGGCAGCTCCAGGTCTTTGGCTCAAGACGCAGTTAGAAAGAACGATATCTCTAATCTATACAAAAGCATAGTAGGGAAGAATGCCTTATCAGAGTCCTCTTATCCTGATATCGTCTCTACTATAGAACCAGGGAAGACTAATAGTAATCTCCAGTCATTCATAGATCAATTCCTCAAGACTACTCCTTATGACCCTAATCCTACTAAAGCCTATCTATACAAGGGTAATGGTAAGGATTTCAGTATAGCAGCCATCCTTGATGATGGTTCTTGCTTCATCAAGTCTACAGGATTAAACCTCTTTGGATCAGATACTATCTGTTCTACTTACAATGAAGGAGGAATAGGACTAGTCCAGAATTTCATGTTCCTTCATGGAAGCACTTATTTAGACCTAATCTGGTCTATTCCTACTTCTCTCTCATCTCTTCCTACTAGCAATGTCTCTTCAGCTATCATCTGTCTTGATTCAGCATCTGAATTAGACCCTAATTCTCTTCCTTCAGACGAATACCTCTTCACTCATGGAACTATTGTTACTCTAGTCAATAATGCTGTTAATGAATACAGAATAACCTTAGATAATCCAGACTATTACTACTACTGTAAGACCTATAGCTATGATAATACAGTAATAACTAATCCAGGAGTACCAGGATCATCTCCTAATACTAGTACTGGTGGATTTAGTAGTGGAAGTAGTAGTAGTTCTAGTAATTACTCTTCTAGTTCTCCTAGCTCTTATACTCCTCCTGTATCTTCTAACCCTCCTAGTATCGGAGGAAGTACTACTACAGGAGGCTCTACTTCTCCATCATTTAACCTAGAACCCATCAGAAACCCTGATGGTACAGGTTCAATCACTCTATCCTGGATACCAGGCTACTTATCAACTCATACCTTAATTAGAAGAGCTTACAATACTCCTCCAGAAACAAGAACAGATGGAACTAGTATTTACTATGAAAGGAATGATAAAGATAACCAAGATATCACTAGTATCCATTACCATACTGATACAGGGTTATCTGAAGACTATATCTACTGCTATTCTGCCTGGGCTTATGATGAGAGGACTAATACCTACTCTAATGGCTTTGTCCTTGCTTGTGGTGGTGTTCCTCCTAGTAGTCCTACTGATTTAACTATGTCTAGTACTACTAATTCCTTTAATCTAAATTGGACTAAAGGAAGCTCTACTAATACAGTAATTAGA
NZ_AP038758.1_gap12	325244	328701	3457	TTTTCATTAGCTTCTATTCTGGGGCATATGACGAATATTTGCCTACCTTTTTCAATCTCTTTTCTAATAAAATTATATGTTTTTTGTCTTTCTAGTTCAGTTACTATTTCTGTGATAATAGTTTTTCTTCCTTTTGGCATCTCTAAGATAGTAGATAAATCAAGGTCTCCCCAAATAGTCAGAGCTAAACTTCGAGGGATTGGAGTTGCTGTCATTGATAAAAGGTGAGGTATTTTATCCTTCTGCTTCTTACACAATGAAGCTCTTTGCTTTACTCCGAATCTATGCTGTTCGTCTACTACAACCAGTCCAAGATTGTTGAATAGTATTCTAGCCCCTTTTGATTTTTTCGTTCCGGGAGCTATTAGGGCATGGGTACCGATTAAGATATCAATCTCTCCGTTCTCGGTTTTTTCCATCATTTTTGCCCTAGATATTTCTATGGTGTCTGATTTTAGTTTTTTGGAATAATATTTATCTTCCTTTCCGGTCAGTAATCCAATATTAATATTATACTCTTTAAGTAATTCAAAGAATGTTTTGAAATGTTGTTTTGCCAGTATTTCTGTTGGAGCCATTAGTACTACTTGGCTTTTATTCTTGATTGTGTTGATGGCTGCCATTACTGATACCACAGTTTTTCCTGACCCAACATCTCCTTGAAGAAGTCTGTTCATAGGATAGGATTTAGTCATATCTTTTAGAACTTGCCATCCCGACTTTTCTTGGTCCTTAGTCATGTCGAAAGGTAGATTATCTAAAAATCTCTTGACCGCCACTTCGTTGATTGGTATTGCTGGAGCAGTTTCTTGTTCATTCTCTATTTTCTTCTTAGCGCTAAAGAGGGTTATCATGAAGATATTCTCAAAACAGAATCTCATCTGTGCCTTTTCAGCAAGCTCTAACGAAGAAGGGAAGTGTATCTGGTGTACGGCTTCTCTTAAGGGAAGGAGGTCATGTTTTTTAATGATTTCGTCAGGTAGAGTTTCTGGGAGTCTACTAGTTATTTGATTAATTGTCGATGATAGAATATACCTAATCCATCTGGAGGTTACCCCCCTAGTCTCTCCATATACTGCAGAGACTTTACCGAGATGTAGCCCTTCTCCTTCATTCACTTTCTCGAATGAGGTCGAGCTCATATAGAGATAGTTCTTACTGATGACCATTTTCCCAACGGCTATTATCTCATCTCCCTTTTTCAAGTTCTTGGCGATATATGGCTGATTGAACCAGACAATTTGGACAGCAGCTGTTTCGTCCTGGATTACAGCCTTGGTGATAGTCATCTTCTTTTTCCAGCTTTTCTCTTCCTCAATGTCGATGACTTTTCCTTTAACACATATCTCTTCATTTATCTTTACGTCTGCAATTTTTCGTATATTAGAGTAGTCCTGATAGTATTTAGGGAAATAGAAAATCAATTCACCTAAAGTATTAATCTTCAGATTTTTGAACCTTTTTGCATGGATTGGTCCAATCCTCGGCACTTCTGCTATCGGTGTTGAAAAAGTGAGCATTTTTGTCTATTTACATTAATGATTTCTTTTATTATAATATAAATATTAAAATAAATACAACAATATGATTGAAGCATTTTTTACTTTAGCTACGATATTTCTTCCAATATTATTTTTCATTCTTATTCCAGGTATTCGCATAGTTGATCAGTTTGAGAGAGGACTGGTACTTACTCTAGGTAAATATTCAGGAACTAGGAATCCTGGATTTAATTGGATTTTCCCAGGCATCCAGAGAATGATTAAGATAGATATGCGTATTACCACTGTCGATATTCCTCAACAGGAAGTTATTACTAAGGATAATGTACCAGTAGGTATTAATGCTGTAGTATACTTTCAAGTAGAGTCAGCAGAGAAGGCTATTCTTAACATCCAGGATTATAGTCTGGCTGTTGCCCAGTATGCTCAAGCTGCCTTAAGGGATGTTATTGGAGGAATTGAGTTAGATTCTTTATTATCTGAAAGGGAACAGGTAGCTGAACAGATTCAGTCGATTGTTGAAGCTGCTACCAAACAGTGGGGATTATTAGTTATTGATATTAAAATCCAGGACATTGAATTGCCAGCTGACATGAAAAGGATTATGGCTAAGCAGGCAGAATCAGAAAGAGAGAGGAGGGCTATTATTATTAGAGCAGAGGGAGAATATACTGCTTCTGAAAAACTTGCTAAGGCAGCCAATATTTTAAGTTCTACTCCTGGAGGTATTTCTATGAGGACCTTGCAAACTATTGAGAAAATAAATCCTGACCCAAGTAAAACAGTTATCTTCGCTCTTCCGATTGAATTTATGGAAGGAATCAAGACAATTTCCGAGTTGAAGAAAAAATAGAATAAGCTACTCTTCTAGAGTAGCTTTTCATCATAGTATACTTGATAATATATTTATATGAAAAGAACGATTAAGACAAAATTAAATGAGAGGAATAATCATTTGCAAATAGCTTTCAATTCAAGTCTTGATGACGCCAGGCACATCATCTTTTCTTTGCCAGTCAGCGATAGGATTATTTTGGAGGCAGGTACTCCTTTGATAAAGAGGTATGGAATTTCTGCGGTTGGAATGATTAGGGATTGGTATGCTCAGAGAGCCAGATCTCAAGGCATACTTGATGAGCCTTATATAGTGGCTGATCTTAAGACCATGGATAGGGGAGAGACAGAGGTGTCTATGGCTCATCAGTATGGAGCCAGTGCTGTTATCGCTCTTGGCAGTGCTCCAGTGGAGACCCTGGATTCTTTTGTCGATGCCTGTGAGGCTTATGGACTTGATCCAATGATAGACATGATGAACGTTGAGAATCCTCTAGCTGTTCTGCATAAGCTAAAAAGGGTTCCACCTATCGTTATTCTTCATCGAGGTGTTGATGAAGAGAAATTTAATAGAGAGAAGCAGATTCCTTTGCATGATATTAGGAGAATAAAAGGTGCTTATGACGTAATGATATCTATTGCCGGAGGAGATACAATTAGAGAGGTTCAAAGGTCTGTTTTTAACGATGCAGATATTGTAGTCATCTGGAAGTCGGTTTATCAGAATAGCTCAGAGACTATTGATCTGGTTAATGGATTCCTTAGTCAGATAAAGTAATCTCGTGTTTTAAAAAGGAGAAGCATTCAAGCTTCTCCTTATATTTTATTAGGATTTGAAAAATTTCCCATAAACAGAATACTCCCAGTTTCTTTGTGTTTTATTAAGAAGATAAAAGGGTGGTCCGCACGGAAGATAGGTATAGGTTTTTCAATACCTAATGTGGCGGATCCCCACATCATTAAGGCAGTTGTTGTTGCAGCAGCCTCAGTACCTTTTTCATCAAGATCAATAACTGCCTTATGTATGACTTGATCAATCTTAAGCTTTTTACTATTTACAGTCATTTTAGAAAAGTCTGCTTGATTAGAGAAAGCAAGTGGCATTCCCATTGATTTTAAAT
NZ_AP038758.1_gap13	329886	332551	2665	TTCATTAGTATTGTAGGTAAGATGTCTTGATATGGACCTACGCCGTTTCCATTAATACTAACATACCACTTACCGTCTTCAAGTTGATATCCGAAAGCGTAAGATTCTCCGTTTTTAGCTACTAAGGTAGTCTTCTTATACGGCCCCTTATTAGTTCCAGCATTGACGAAATATTCCGAATCTTTCTTGTAATAGTTATGAGCTGCTAATGCTACACTTTCTTCATCTAAAGATTCTTTACCATTAATGTTCACATATTTCTTACCGTCTTTGATGTACCTGAACTCAAATTCGTTTCTATCTTGATTATGTATAATAGTTCCTCTACCGTCGAACTTATCTCCATTGATATTAACATATTCCATCGTGTCTTCAGAAAAAGGGAAGTAGAACTTCTTGTCTCTGAACACTAAATTCTTCTCTACGCTTTTGTCATATGGTCCATATATCTTCTCGCTCATATTAATAAAAAGCTTATCATTACTTATATACGAGAACCCATAAGTACCATCGTCAGCGATATATGTATTTGTTCCGATAGATACATATGGTTTGCCTATATCTTCTTTTCCGTTGACGTTGATATAGTAATAAATTGCATCTTTCTTCTTTGAGGCATAGATATATCCGTGTTCAGAATAATACACATTCGATACTTCACTATATGGTCCGTTTACGTTCCCATTAATATTCACGTACCATGCTTGCTCCTTACCATCATAGTATGAGAAACCGAAGTTGCCTTTATGTAATGAAGGCACGATTGGCCTCGTGCCTTTTTTCTGGTATGGACCATAGGGGGATCCATTGATATTCACATATTGATAGCTCCCTTGTTCATCTGTTTTCTCGTAGTAGAATATGAACTTGTTCTCTGATAATGATATCCCTCCGGCAACATCATACGGACCATACATAGTTGAGTTATCCGAAGGTTGTATCGGAGGTTGAACTATTGGAGGGGGTTCTTGTGCAGGCTCTTCTTTTTTACCCGATATCATTTCTACGATGCTTTCTATTGAGAATCCTAATGGAGCGATTTTCTTAATCTCATCCAGGAATATAAAGGCAGCAGTTCCTGCTAGGGTAATTAGGATTATCAAAGCAGTGACTATAATTTGACTTCCGCTTCCAGATTTTTTCTCAGGCTCAGACGATGACGGTTCTCCAGCAAAGACAATCTTCGGACCATTATCAATCGGAGGTTGAGCCATCATAGTTTGTGGCATCAAGGGAGCAGTTGGCTTATGGCTGTCGAAATTAAGGGTACTCAAAGTATTCCTTACTTCTTCATCATCCCATCCGAAACTGACAAGGGTTTCTATTATTTCATCTTCCGGAACCCCTAGGGAAAGCTTATGTTTTATTGTGTCTATTAGTTTTTTATCAGACATGGATTTTTAAAAAGTTCTATTAAGATGATTTTACTATGTTTTCGTATAAAATACAAATAGTCTATATCAACATAATACTCCTTTTCTAGGGCATTGTAAAATTCCAATTATTGTAGTATATATATTATTGTAAAAAACACGGAGGGATGTCAGAGCGGACGAATGAGATAGTCTTGAAAACTATTGTGGGGCAACTCACCGGGGGTTCGAATCCCTCTCCCTCCGCCATTGCATATTAACCCAGTTATTGCTGGGTTTTTGCTTTATATTACATAAAAGATGAAACACTTGCAATTATAAATAAATTGCAGTATAATGGTTTCATGCATAAAAAACTTAAAGACATTGCAGAATTAGTTTCAGGGTATACTTTTCGTGACGCTATTAAGGATAATCCAATGGGGTCTCTTTTAGTGCTTCAAGGAAAGAATGTACCGAACGATTATTCTATTCGTGACTTATCAGGACTGGTTCGGATTTCTGACGATAAGATTAGGAATCCTTATCTGCTTCATCAAGGTGATATAATTATTGTTTCTAGGATCTCGGCTTTAAGTTCTTTTAGGTCAGCTATCTTTTCTTCTAATATGGATAATATCATGCCATCATCTTCCGTATATGTTATCAGAATCAAAGATGCTGATATTATGCCATCGTATGTTTCTCTCTATCTGAATTCAGAAATCGGACAGAAGAAGATATTCGACTTATCTTCTGGTGGGTCATATATAAGAACTATTCCGATAAAGAGCCTTATTACATTAGAGATTCCTATTCCATCTATCGAGCGGCAACAGATAATAGTCTCATTGTGTGATAATATTGAGAAGCAGGCTATGATAATGAGAAGAATGCAGGATATACACAAAGGTATTATGGAAAAAGTTTTCAATGATCAATAAGATAATTAATCTAACGAATTAAGATACTATGAATAATCGAATTAAATATACACAAGAAGATCTCAATAAGATTCTTTGGGGAGCAGCAGACTCTTCTCGTACTCAAGTCGATGCTGGGATATATAAGGATTATGCTCTTTCAATGTTATTTTTTAAATACTTGAGCGATCTTTCTAAGAAGAAGCATCAAGAGTATGCTGAGCGTTTTGGTTCTGATGAAGAACGTATCGAAGAGAAGATGAAGTTAGACCGTTTCTATCTTCCTCCAAAATCATCCTTTGATTACATCTATTCAGTCATTGAACAGGATAACCTAGGAGAAGAAATCAATAAGGCTCTTCATAAGATAGAAGATGCTAATAAAGAGAA
NZ_AP038758.1_gap14	462097	463125	1028	TGAACTGGAATGGCTCACCTTCATACACTGATATCAGTGTTAGTTTCCGTTGTGTTAGGTAGTGTACTATGGATTTATAAATCATCATGTTGCACTTCGGAGTAGAATGCAGCCCAGAGCCATTGACAATATAGCATAAGTATTTTATGGTAAAGCTATGTCACCTTTTGAGCTCGATATGGAAAAGGAATATGGAGTAGAAGAACTAATTGCCCATGTCCTGAACCTTATGGGCGGGCAGGGGATATCGGACAACGATTACGTCCAAAAGATAGGTGACGAATATGGGAGTGCTGTCAGTAGGATTGTTGTATATATTTCTACCTTTATAGCTTTTTTTAATTATCTCGTTTTTGGAGATGAAGATGTCAATATTAGTATTTTCAAGAACCATAGCAGCTTCATCGCTGCATATGACCCAAGACGAGATATGTATTCTGTTATTATCAGTAATGCAGAAAAGCTTGCTAAAGAGCGTTATTTAGGATATGTAACTGATTTCAATGAAGATGGTTCTTTCCATGAACTTTTTCAGGGGGTAGGACCGTTCCTTCTTTCAATCGCGATGCATGAGGTAAGACACCGTCTTCAAAAGAAGAAGCGAGTGAAGATGTTCTCTCGTAATCGCATCACTAGAGATAAGAGGATTAATCATTTCATCAAGTTTAGGAAATATCTTTATGCTTATGAAAAAAAGACATGCCGCGAAGGACATGTCTGGAAAAAAATCATTGAGTCTAGGTATTCTCCAAAAGAGTTTGATGCAGATGTGATTGATCACTATTTCTCAGCTGAGATGATAGGAAGGGGGAGATTAAGTCTCTCAGAAATTAGGACAATTCTATTACTTAATCCCATTAGGCTATTCAATGAATAGCCTTTTTCTTTACCAACTTCCGCCTCCTCCGCCTCCTCCACCGCCACCAGATCCTCCTGAACCTCCTAGTCCTGACGATCCAGAGCTAGCCGTTGACATAGTGAATGAGCTATTTATATTAGATAAACTTGAAGCTATAGCAACTGAGTTT
NZ_AP038758.1_gap15	469938	473524	3586	TGCTAAAGTTCCATTGTCAGAGATGTTCGGGTATGCTACTAATCTTAGGTCATTGACCGAAGGTAGGGGAACATTCAGCATGGAGTTTAGTAATTACGAGAAGGTTCCTGGTAATATTAGTCAAGAAATTATAGAAGGAAAGAGGAAATAGTCAATAATTATTATGGAGTTAAGAGATATCAAAAGGATAATCAGTGAAGAAGGTGGCAAGGTCATCATTACGGACGGAGAGGGTCCTTCCTTAGTGGTCATGTCTTACGACGACTACAAGAGATTGAAGGAAGGGTCTTCCAAGGCCCGTATCGAAGAAGACAGAATTGTCGAGCATATGCCTATCAGGGAAGAGAGGGATTCAAAACCTCGATCCCTAGGTATAGATGACCTGCCCTTCTGATATCTTTCATATTGACTTTTTACCAATTTTAGGTAGAATAGATTTGTTAAATTTTATTGAATTTTAATAATTAATTAAAATAATAAAATAATTAATCATATTGTAAAGAATAAATTATTTTACAATATATATAATAAACCGCAATGTAAAGAATAGATTTTACATTGCAATAATAATAATATACAAAAAAATATGGCAGCAGAAGCTTTTGAGAGAACAAAACCACACTTGAACGTAGGTACTATTGGTCACGTTGACCACGGTAAGACTACACTTAGTGCGGCAATTTTACATTCCTTAGCAAAGAGGGACGGAGGAGTAGCAGCAAAGTCTGTCGATCAGATCGACTCAGCTCCTGAGGAAAAGGCAAGAGGTGTTACCATTAACATTTCTCACCTTGAGTATCAGACCCCTAAGAGGCACTATGCTCACATCGATTGCCCAGGTCACGCTGACTACATTAAGAATATGATTACTGGTGCTGCTCAGATGGATGGAGCTATTTTAGTAGTAGCTGCTACTGATGGTCCTATGCCTCAAACAAGAGAGCACATCCTTTTAGCAAAGCAGGTAGGTCTTCCATCTATCGTGGTTTTCTTGAACAAGTGTGATATGGTTGATGACCCAGAGATGATTGACTTAGTAGAAGATGAGGTAAGAGAATTATTAAAGAAGTATGAATTTGATGGCGCAAATGCTCCAGTTATCAGAGGTTCAGCTTTGAAGGCATTGGAAGCTACTAGCGTAGATGACCCATGGGTACAGAAAGTTCTTGAACTTATGGACAGCCTTGATTCATTCGTACCAGATCCAGTAAGAGATACAGAGAAGCCTTTCTTGATGGCTGTTGAAGATGTTTTCTCTATTGAAGGAAGAGGAACTGTTGCTACAGGAAGGATTGAGAGAGGGATTGTTAACTCTAATGAAGAAGTCGAAATCGTTGGAATCAGGCCAACTTCAAAGACCACCGCTGTTTCTGTTGAGATGTTCAACAAGACTTTAAGCACAGGTCAGGCTGGTGATAACGTTGGTATTCTTTTGAGAGGTATCAAGAAAGAAGACATTGAAAGAGGACAGGTTTTGGCTAAGCCAGGAACTATTACTCCTCACACTGAATTTGAAGCACAGATTTATGTATTGACTAAGGAAGAAGGTGGAAGACACACTCCATTCTTCAACGGATACAAGCCACAGTTCTTTATCAGAACAGCTGATATTACTGGAGACGTTATTCTTCCTCAGGGAACAGAAATGGTTATGCCTGGAGATACTGTAGATGTTACTGTTAAATTGATTGTACCGGTCGCTCTTGAAGAGAAGCAAGGTTTTGCTATCAGGGAAGGAGGTAAGACTGTCGGTGCTGGTGTCATCACCAAGATTATAAAATAGTCTGAGAAAATAAAGCGATGTCAACAACAGTGAAGAAAACTGAAAAGAAGGAGATGCCTAAATTGAGGATCAAGCTCCGCGCTTACGACCACAGAATTTTGGACAAGAGCGCCCAGCAGATTATCGATATGGCATTGAGGTGCGGTGTTAAAGTACTAGGACCGATTCCTTTGCCAGTAGAGATTACCAAATACACTGTCAATAGATCTACTTTTGTCCATAAGAGTGCTCGAGAGCAGTTCGAAATGAGAGTCCATAAGAGATTGATTGATATTTTAGTCCCGAATCAGAAAGTAGTAGAGTCTTTAAAATCGTTGACTTTGCCAGCCGGGGTTGATACGGAGATTAAAAGTATATTATAAAGATAATTCAGGCTTTAATTGAGCGTCGTGTTACTAGTCTAAGCTGGACTGGTTAGTCCAGCTTTTTATTACCCTTACAGTTATATGAAATGCATATTAGGTAAAAAAATTGAAATGAGCCAAATCTTTGATAGTGAAGGTAGGGTCGTTCCTGTTACTTTGATTCAGACAGGCGATTGTAATATCGTCCAGGTCAAGACCAAGGAGAAGGATGGCTATACTGCTATTAAGATAGGTTTTGAGAATCTGCCAGAAAGGAAAGTCCTGAAATCAGGAACTCCGTTCAGGCATCTCAAGGAATTCAGATGTGAAGATACTTCTTCCTATAATAAGGGAGATGTTATTTCTCCTGCTGTATTTTCCGAAGGAGACAAGGTTAAGGTCTCAGGAATCAGCAAAGGTAAAGGATTTCAGGGAGGTGTTAAGAGGTGGGGATTCCACGGAAGGAATGCTACTCACGGAGTTAAGCATGAGGAGAGAGAAATTGGGTCAACCGGTTGTTCTACCCCATGTAGGGTTATTAAAGGAAAGAAAATGCCTGGAAGAACAGGTAGTGACAGAATTACTGTCAAGAATTTAGAAATCGTCAAGGTCGATGCAAAGAATAAGGTCATTGCTATCAAAGGAGCTATCCCAGGAAGAAGAGGGACACTTTTAGAAATAAGAGGAGAATAAAAATATGAAAACGACAAGTTTAAAGAAGAAGAATGATACTCCTGCCGTAGAGAATCCTAAGGTTAAGGAGATGGGATTACCAGCAGAGATTTTCAATGTGCCTTTGAATACTGATTTGGTTCACCAGATTATGGTTTCTCAGATGGGTAATAGGAGAGTTTCTATTGCTCATACTAAGACTAGGCCAGAGGTTAGTGGAGGAGGAATTAAACCTTGGAGACAAAAAGGTACTGGTAGGGCTAGGCACGGATCCAATAGATCTCCTATATGGATTGGTGGAGGTACTACTTTTGGACCAAGAAGTGAAAAGGATTTTAGCAGGGTTACTCCTAAGAAAATGAAAAGGAAGGCCTTATTCATGGTTTTATCTGAGAAGCTTAGGAATGAACAGTTGGTTATAGTCGACAAACTTGCAATTGATGAGCCTAAGACTAAGAAAGCTCTTGATTTCTTAACTAAGAATTCAATTAGTAACGAAAGCTGTTTAGTTGTACTGTCAGGAATGGATCAGAATTCTATTCTGGCTTTTGCTAATCTGCCGAAGGTAAAAACAATCCAAGCTAAGGATCTTAATTGCTTAGATTTGCTTAATAGTAAATATTTAGTCATCGGAAAGGATGGGGTAGAAGTGATTAAGAATACATTCTTGGGTATTTCCAAGGATTCAGCAGATATTAATGAATAAGTAAAACTAGTATGGCTTCAGAACAAAATACAAAAAAAGAAGGAAAAGCCTTAAATAAAATGATGGGAATTTTAAGGTGTC
NZ_AP038758.1_gap16	548718	550297	1579	AGAATCATTGGACTTAAGAACCACGCAAGAATCAACCTCAAGATTGAGGAACCAGAAGGCGGTTCTAGAAAGAAGCCAGAGGAGGCAACTCCAGAAGCATCTGTTACAGACGACTTCGAAGATTTCAAGATCTAATTAGTATTTGATTTTTAAGGGGCCATGCTGATCAATAGCATGGCCTTTTCAATAACGATATGCAATTCGACATATTGACCATCTTTCCAAATATATTTGATTCCTATCTTAAAGAGACCTTTATTAAAAAAGGTCAGGACAAAGGACTCATATCCGTCAATCTCTCTGATCTTAGAGAATACGCTATTCCAGAAAGGAAAAGAAGAGTTGATGATCGTCCTTATGGTGGTGGATTAGGTATGGTCCTTCAAGTGGATCCCATATATAAGGCAGTTAAAGAGATTAAAGAGAGGAATAAGGATAAGAAGCTTAGGACTATCGTTTTCACTCCCAGAGGTAAGATTTTCAATCAGAAGAAGGCTACTCAGCTCCTAAAACGCTACGATGGCCTTATTCTCATCTGTGGGAGGTATGAAGGCATTGATGAGAGAGTTAATAAGAAAATAGCGGATGAAGAGCTCTCAATAGGCGAATTTGACCTTATGGGAGGGGAATTACCAGCCATGATAGTTATTGAGACTATCAGTCGATTGATTCCTGATTTACTTGGCGTTCCAGAGTTCTTAGAGACCAGGAAGACCAAGCAAGGAGGATTTATTGAGTTTCCACAATACACTAGACCAGAAGTATTCGTGACTGAAGAGGGCAAGAAATGGAAGGTTCCTAAGGTGCTTCTATCAGGCAATCATGACTTGATTGAGAGATGGAGAGAAGAACACAAGCGGGTTATTGAAAAATAATTGAATATCTGCTATCATCTGTAACTGTATTAGAACACGGGCGAATACCAAAGTAGCCAAATGGGCCTGACTGTAAATCAGGTGACTACGGTCTTCGGGGGTGCAAATCCCTCTTCGCCCACCCGGCAATGCCGATGTAGTTCAGTGGTAGAACATTCCCTTGGTAAGGGAAAGGTCGAGGGTTCGATTCTCTCCATCGGCTCCAGACAGTTTTATTTAATAGAATATAAAGAAAAGAATATGGCAACAAAAAGTAAGAAGAAAAAATTTATCAAGCTGGTCTGTCAAGAATGCAAGAAGTCTGTCTATTTCACTAAGAAGACAAAGGCTGTCGAGGACAAACTCCAATTGAGCAAGTTCTGCAAATACGACAAGAAGCACACCAACCACAAGGAGGTCAAGAGATAATATCTTAAATAGAATAAAGGGCTCAGCCCTTTATTTTATTTGACTTTCTTTTCTTCTCCATATATATTGACTGCAGTAACTTGGTGATATCATGGATGAATTAATTAAAGTGTCTTTAGTTCTGGATATTGAAGATGGTAAAGCAGTGAAGTTGTCTGAAGAATGGGAATTCTTGAAAGATAAGCTCTCTAAGAGCTGGAAAGGAGGCTTCGTCACATACATCGACAGCGATTCAAATGAAATGGTGAAGTTTCTTTACGAGAACAAGGCATACTTGATTGGGAAAGGCCTACTAA
NZ_AP038758.1_gap17	551545	553583	2038	TTCCAAACTATATAAAGTTAGCAGTATATTCATATTCTATCGATTAAAAGAGCTTGGCAAAATAAAGGATCAATTAAGTGAAAGTTTAGAAAAAGAGATTCAAAAGGAAATCGAATTAAATCTTTTAAAAAAGGCAGAAAAAGATAAATTAAGAAAAGGAGGGAGTTATATAAACAACATGAGAGATTCTAACGGATCCCTATTTAACCGTATTGTTTATAAAAATTACTCAGAGAAGAGAGTTGGGTATGTGGAAGCTTCTAAATTACTCTTATTTTCTCCCGAAAAAATATGAATGGATTACAAGAAAAAAGAGTATACATTTTAGATACAAATGTTCTTATTGAATTCTATGTATGGATACCAATATCCTTAAATAAAACATTTTGGGACGGACTAGAAGAGGCTCTTAAGGATGATAAGTGGATTTTGTTAGATGTTGTGGTTGACGAAATAAGATATACCCCAGAACTAGAAAAATGGTGCGGAAAGCAAAAGAGAAACGGGCTAGTTAAAAAAATAGAAGACCATAATAGGGAAAGAGCTATCGAAATTAATAATACCTATAAAATGATTGACGAAAGCAATGGAAACTCTACTACCGATACCTACATTATCGCATACGCAGAGGAGAATAAGTTATCAATTTTCTCGAGAGAATCATTTAGAATAAAGGAGAATGGTTTGTTTAAAATTCCAGAAGTTTGCCAAAGACTAAACATCGTCACCATTAAAAGACCTGTTAAATTTCTCGAGTCAATTTCTTTTAAGAATTAACTCTTTTACCTTGAATCCTAATCATTGGTATACTATAAAGACATATTTAAAAATATGTTCTTTTTTTGTCCAAAAGAAGATCTAACCCTCTTCTGAAGATATAAATAAAACATTCAACAAAAGAGGTTATTAAGGATAACTTATAGCTGTATTTAATACATCTAGATGGTTTGACATAAGGCATGAATAGAGATGAAGAATTAATAACTTACATTGAGGTTAAATTAGATATAAACGGTTTTTCCGTTTATACATTGACAATCTTCGTGATATAATAGTAACATATAAGTATATAATTCATTATCCAATATTCATGTTGTCAAAGGTTACTATTAAAAACTTTAAATCTATCAATAGCTTATCTTTAGATTTATCTTTTGCAGAAAAGAAGTATATTAAACGTAAAGACGGGGAGTTGTTTGACGTATTATATGCAACAGAGAAATCTAAGACAGAGAATAAGAATAGATTTGTGCCAGTAGCTAATATCTATGGACCTAATGCTAGTGGGAAGACTAGTATTGTTGAAGCGATTCTATTCTTTGTTTTACTAATTAGGCACGGATTAAGAATTGTTCCATATTTACCAAATAGATTAGAAGGCGAGAAAGGTGATACTTTTCTAGAATTTGTTTTCTTTCTTAATCAAAAAGAATATACCTATGAATTATCATATAATAGTCACTCAATAAAAAGAGAAGTTTTAACTTGCGAAGGACAAGAAATGTTTTCGATTATTGAAATGAATACAAATTTTAAAAACATTGAAGTAGAAGATTTTAATGAAGAGTATTTACAGAAACAATTTAAAGTTGCCTGCCTTACCGCTATTGATGGACAGCAAGTTAAGACCTTTTTATCATTTGTGATTGATAAACTACCTGGACTAAATAGCGATTTAGTTGATGTTTTTAATTTTTTCAATAAAAACTTCGACGTATCTTTAAAGAATGATTTTAATACAATGCATGCGATTAGACGATTAGCAAAATCAGATGATAAAAAGGATATTAATGACGCTATCGATAAAATTGCTGACGTGATAAGAAATATTGATATTGATATTAATCGATTTAGTTGGGTAGAAGAGCAAGGAGATTTAAATTTAATCAGAGAAGAAGCAGGTCGTTATAATTTCTCAAAATTTATAAAAACTCCAAAGGGGGAAGTTAATTTCAGGATTGATGAAAGTGATAATAAATTTTCAACAACAACCATTAAGTCTTATCATAAGAACAAGAGTAATCAAGAAGTCGAATTC
NZ_AP038758.1_gap18	556752	557539	787	ATGATGAAGATAGTACCGATTGGACAGAAGAGGATTTCAGTATTGGAGATAAAGTAAAGATAAATCTTGCTGATATGAATACTTCAGGATGGAAAGAGGATTTAAAGTCTGATCTTGTCGTTGCGAAAAGTATCTTGATAGAGATGCAAAGAGTAACCCCTGAACATGACCAGAAACTGAATGACCTTAAAATGTTTATTAAGAATAAAATTGATAATCCTATAAATTCCGGAAACAAAAAGATATTAATTTTTACTGCTTTTGCAGACACAGCCAATTATCTCTATAATCAGATAATTGATTATAATAAAAAAGAGCTCGGACTGGAAACTGCAAAGATAACTGGTACAGGCAAGAATGAATGTACTCTTAGTATAGATACTCAGTTCAATAATTTACTAATTAATTTCTCTCCGATATCAAAAGAAAGACACTCAAGGCACGATAAAGAGAAAGAAATTGATATCCTTATAGCAACTGACTGTATTTCTGAAGGACAAAACCTGCAAGATTGTGACACCCTTATTAATTATGATATACATTGGAACCCAGTCCGTATTATCCAGCGATTTGGACGTATTGATCGTATAGGATCAATTAATAAGGATATACAGTTAATAAACTTCTGGCCACAATTATCTTTAGATGACTATATAAACCTTAAGAATAGAGTTGAAAGTAAGATGTTTATGGTTGATGCAACTGCAACCGGAGAGGATAACGTGCTTACCAATAAGTCATCTGATCTTCTTTTCCGTAAAAAGCAACTAGAGAAGCTTCAGGAGGA
NZ_AP038758.1_gap19	564555	567588	3033	GGTAATGGTCCTGGATCTGATAGAACAACGCAGGCGGGTACGGCTATTAATGTAAGGTACAGCGCATTAAATAATATTTTTTTAAAAAATGATATTTCAGACAATACAAGTGAATACTGGAGCGTCATTCAATTTGGAGAAGGTAACACATTTCAAAATAATAAAGTAACCAATAATAGTGCTGAATATATAATTGATGTAGGCAAAAAATCAAATATGATAACCTACAATAATATATATAATAATAATGGAATTAATATAAAAACCGTATATGATCATATGGAAGGTAGTCCGTCGGATTATCATATAGATGTATCTCATAATTATTGGGGGACAACCAGTAAATCAATAATTGATTCTCAGATATGGGATTATTATGATAATCTTTCCGTTGGGAAATGTATTTATGAGCCATTCGCAACTAATGAGCTTGATTTTACCGATAAGACCTCGCCCGTATTATCAGAAATTATTCCAGTGCCGACTCCTACTAGTAATAATGCTTTGAATTACACCTTTAACTCAAGTGAGGCAGGAATTATTACTTATGGAGGGGGATGTACCAGCATAAACACAGAGGCTATTTTAGGTAACAATACAGTTTCTTTTGATGTTTTAGCAGATGGGAATTATACTAACTGTACTATAGAAGTTACCGATGACATGGGGAATAAAAGTTTACCATTAAACGTAACAGCCTTTATAGTTAGCACGTCGTACGCAATCTCCGGAACGGTTAAATATTATGACGGTGTCAAGGCTGTTTCAAGTGCTACGGTAGTACTGTCTGACGGAGAAGAAAACCAAATTACCACTACGCTTACTGATAGTGATGGCGAGTATAGTTTTACAGGGCTTAACAATCAAAACTATGTAGTTAGGGTTGAAAAAGTAGGAGGTGTTTCGGGTGTAACTGCTGCAGATCAAATAAAAATCGGAAGACATATTGTTGGATTAGAGTACTTCAATAGTATTTATAAGGTAATTGCTGCAGATGTTAATAATAGTGGTAGTCTTACCGCTGCAGATCAAATAAAAATTGGAAGGCGAATCGTTGGGATTGATAGTGATTTGATATCTGGAAGTTGGAAGTTCTATTCTTTTGGGGCCACACTAAATAGTAGTAATTATCTTACTGATGGATTATCTAGAACATATAGTAATTTAACCGTCGATATGGTTGATCAGGATTTCGTTGGAATAAAAATGGGAGATGTTAATAATTCATGGATAAATGATTAAAAAACTGAAGTTTGATATGTGACACAAAAATGTATACATAAAAACCTTGTCTTTTAGATAATAGATGATTGCATCTACAATAATGAAGGAACACATCAATGGAATTAAAAAAGAGACTTCTACGTAAATAGAAGATTAAAAATAGTGCTATTAAATCTAAAATAATTACCTGGTTCTATTAACTTACGTAACTGAATAGTTTTCGGGATTATGCCTTCAAATAATTCTACTAAAAGGTAGGTATACTATTTGCATAATTCAGTAAATACTTACATAATAGATTTAGTATTCAGGAAGATTATAAAAGTAATTATTTAAAGAATATGACATCTCAAGTACAATCAAGTCAGTCAATAATACCATTCTTATTTAGTCTTTTAGTTGCTTTCGCTGTTTTTTTCTTCATTTTCCTCATAATGAGGCAGTTTACTCTTTGGTATTTTAAAGTAAATCAAATTATTGGTTTATTAGAGAAGATTGAAGAGAATACAAGGCAGGGAGGTACAGCACGATTTAGTAACGAAGTATCTTCTATGGCAAATAATTATAACGATGTAAGTCAAATTAATAAATAGTTAGTAACACCTCATTTTTGAGGTGTTTATTATAGAAATATGTCAGACGTAATAATAAGTAAGGAGGAGTTAAAAATAAATATGGATAACTTTGATTTAGCTCTCCTCGATAGTCAAAATAGTAGCTCTAGCATAATTAAAGCATTGATAATTGGCGGATACAATTTTATCGTAAGAAAAGTTAATAACGAGTATAGGTTTTATCCAAGTAGAGCTATTGGGTATAAGGATATTTATTATCAGTTTCTAAAAGGAGATGAAGAAAAGGGTAATGGAGGAGAGACTACGAATGCTATTACAAAACTACTGGGATATAAGTATTTCAATAAGGATATAGAAGAAGAGTATTTGAAGTATTGTAGAGATAAGGACATAGGGGAGCCACACAAAAAGAACAGGACTTATTGGTGCTTTGAAGATTATGGCTTTATAAATGAATCATCTTTGATTAATGAAAAAGAAAACATACCAAAGCTTAAAAAGTATTGGAAGAGCCTAATTACGGAAGATTTTAAAAAAGAAGAGGAATACTTTTTAAAGAAATATCAAGTCGAGTTCAAAGATATCGATAATTTAAATAAATTTGATAGAGAGGATTTTTTTAAAACCGCAAAAAATGAACAAAGATTTTCACTTTATAACTTTGGAAAACTAGGAAAGGTTATTGATAATTTGGATAAATTCAAAAAGGATCTAAAGTTTATTTTAGATGAAAGTATAAACATAAGAGAAAGAATTAATAATTTGCCAGAGGGGTGGGATGAGATGATTTGGCCATTTTTATCAACCACATATCCAGATAAATATGGAATATGTAGTAAATGGATAAAAAATGAATTATCTCACCTAGGATACTTAACGGAAACTGAAAAAAAAGATGATTTAAAAGTCAACGAAATCCTAATCCAACTAGCAAAAGAACTAAATCTTACATCGTTAGAGTTAGATTATGTTCTTTATATAACCATAAAGAAAATAGATACGCTAACAGGAAGGGAAATATTTAATAAAATAAATAATGGCAAGACGGTTGTCGTTACAACCCAAAAGCATAAATTAGAAATTAGAGCAGAGGATGAAACTATATATGTTGCATTTGAAGTTAATGGCATGCTTCAAAAAGAAAGAAAGCAAAATACTCAATTACTTCGGAAGTGGTTTGTTGGTACGGTTGTAGGTATTGAGGAAAAGAATGCCAATAAGAAAAGCAATGATA
NZ_AP038758.1_gap20	569454	570623	1169	CTATTTAGAGTTTGACGAATTCTGTGAAGATAACCTTATAAATCAAATAATAAAGTATACTATTAAGTTATTAATAAGAGTTACAGTCAGTTCCAATAACTTAAAGTTATTACAGGAATTGGATTTTATCTTTTCTGATATTAGTAATCAATTGATTAAATTATCGGACTTTAGCAAGGTTTCCTTAAGTAGATTAAATAGCGAATACGAACCAATACTTAATCTTTGTAAGATTTTTATAGGCCAAGGATCTTTAGATATTAATCCCGGAAAGTTATCAACTTTTTCCTTTATCTTTGATATGAATGTTTTATTCGAAGAATTTATTGGAGAATTTATTAAAACAAATTTCCGTAATGATTATTTAAATATAACATTGCAAAAGCCAATTAGGTGGTTTGTCGAAGACAAGGTTGTAGAAGAAAAATCATTAGGGAGAGTATTTCAATTAAGGCCCGATATCCAATTATTTAAAACAGATAAAAGTACCCCAAGCCTTATTATAGATACAAAATACAAAATTCTAGAAAGTATAGATAAAAAGGAGGGCGTGTCACAGCCTGATTTATACCAAATGAGTGCTTATTCAAAGAAATTCAATTGTAAGAATATTATTTTGCTTTATCCTCAAGTAAATCAAGAAAAGAAAGATGTTAAATTTATTATCGACGAAAGTACAAATGTTTTTATCAAGACAATTGATTTGTCTAACGACCTTAGAGTCGGGAGCAATATAATTAAGCTAAAAGAAGATTTAAAGAGTATTTTAGCAGTCCACTGCTAAAATATAAATCAATATTATTTTATAAAACCTATTTAATGTTTGATACAATATATCATGATAAGTGGTGCAAGATAGGTATTGCAATATCATATAATTTAGTGTATGATTGGTATATGAAATAATACAATTTGTATTACTATATGGAAAAAACAAACACTACAACTTTATCAGGTAAGGAGCTAGAAATAATTGAAAAGCTTATTGCTAAACATGGTAATATAGTTGATTTGGATATGATTTATAAGATAATGGATACCAAAAGCAAGCAAGAAGTTAAAAACTTTATTTCTGGGCTTGTAAAAAAGGGTTGGTTAGTTAGAGTAAAACGCGGTATCTTTGTAATATCCGATATTTCTAGTCGCGGAACTACTGGACTTAGTCAATT
NZ_AP038758.1_gap21	577270	580404	3134	TCATTTAAAGGCTTTTTCTTAGCCTTAACTTTTAATTAGGAGTAGGATGCAGGGACCAGAATGCAGGGACCAACCCTTGACAGATAATATGTTATAGTAATCTTGCCAAGGTGAGTGGGGGACGTGGAAAGAGAATCGATTATACGACCATTCCAATCCTTTTTAAAACCCTTATTTTGACAAGTGTTTACGCACTTTAGTTTAAATTTTATCAGGAAAATAGTTTATCGGATTACTGAGATTGTTGGCAGTCCTGCTCAGTTCTCCTTTCGGAGCCTTGAGTGGTTGAGTTAATAAGGAAAATTTAGCAAGATTTCTAAAATGTATTTTGTTCTTTAATAAGCACTTCTTAATGGGTATAGTAATAGACGAAAATATTTTTTGTTCATTACTATACCCGTTAACAGAAGGGTATTAGGCTGCTCGTTAGCCTGACCAAAAAAACGAGAAGGAGGAAAAAAAATGAGAAACAGCGTGAGAGATAAACTCTCTCCCAGAAAGGGAAGAGGGATAAAAAGAAACCAGGTTGGTCAAGAGATTGTCCCAAGAGACTTAGAGGCACTTGAGGTCGCCTATAAGCTCGCGACTAAGGCAGCTGAAGATTGCCCGAGGTCAATTGGGTTTTTCCCAGGAGCATACACCGATTCGGCTATGATTCGGTTTGCAATGGACCTGGATGTTCCAGGTTCGGATGGCACAGCGCCTGGATCGTGGTGCAAAAGAATTTGCAGGGAATTTTTTGAGTCAGTCGACCAACATCCATTTGGGGTTAGTCGGCTGAAAAGAGCTGTTTGGCTGGACATAATCAGACAGCAGTTAAGTGTCTGGGCATGGGATTGCCCAGAAAAACACTATATCGGAGAAGTCGACCCTAACTGGGTGCGGACTTGCAAGGTGGCGGCAGCAAAGATGCTGTCGCAGAAAAAAGTGTTTAGTGTGGTCTTGGATGAGGAAAGGGCGGTTATCCTAAGAGAGGACTACCCTGAATATACCAGACCATATAATTTATTTTAAAGCACAATTAAGTGCTTTTTTTTGATACTTGATAAATGGGGCATTATATCTAGTTTTATTATCGTTCAAGTCCCAGCAATACAAGGCTTGATAATTACAACTATAATTTCATTAAATATTGATATTAAAATAAGGCACGAGACACTTCATACCCCTATCAACTGAGGGGGTTTTACGTAGGTAAGTATGCTTCTTTTTTTAGAGACAAAAAATTGAATCAGTGACATAATTTTTCATGTAATTATAAGTATTTATAATTTTATGAAAAATCATATATAATGCTATCTCAAATTAAATTAATCAGCCATCAAAGAATTATCAAAAAATAGGTATGATTTCTATTGCTGATTTTGAGAAAATTAAAGAAGAGGTAGTAAGAATTTTAGAAAATTAAAACACCTCAAGGTGTTTCTTCTCCGGAGGCCGAAGTCATTTATACCACATACTAACGCTTGCGAAATATTTGTCAATCTTTATCGTTAATATTGGTCGAAAAGCTCTTCGAATGTATGAAATCTGAGATTGAGATAATATTCTAGGTGTTTCGGGCGAGAGTAAGTCCGCACCTATTACGATCCAGTATAAAAAAGCAAAAGATAGGACTCCTTTTCTGTATCAAGAATTACATCTCTTCTCATGGGAGATGGATTTTGATATAATGTTATTAATAATATAACTTATCTTAAACATGATAAATGTCATCAAGAAAATAAAGACAGCGGGAAAGATATTAATCATTGCTTTGTTATGCTGCTATTTTGTTAATCTCATCACCCTTTCTGAAGAAATCTTCAAGATTACTACAATCATATTCTTTACCTTGATAGCTAGTCTGCTATCATATTTAGTATTGAGTTCTATATCTTCCATCAAAGAAGAATCTAGGGCTAGAAATAATAAGAATGTAATCATGGGCTATGTATTACTATTCTTTCCCTTAATCTTGCCTGTGATGATGCTAATAGGCTATATTACCACGAATTATAGTTTTCTCTCTCTTTCACCTCTTATCTTGATCCTAGCTATTCCTATCTTGCCATTAACTGAAAAACTGAATCAAATAAAAAAAGATACGTACTTCAAATTATCGTATTTTGTTTTTGTTATCTTATTGCCCGTTGTGATAATTCTGATTCTCGCGAGTAGTGGCTGCCATGATTGCTCGGCTAATAATGCTAAAATTAAAGCTAGCATGAGTCAGATGAGATCAACGGGAGAATTATTTAGAATCAGTAGAAATGAAGGACTCGATTATAAAGGGCTAGATTCTAAAACACAAGACGGTAGTAAGGATATGCAGTCTTTGATATTGAAGATAAATAGCATGCAAGAGAGTGCTCCTGACAATGTAGAACTAGGAGACGATAATAAAACATGGTGCTATAAGGTAGAACTTCTAGAACCAGAAAAAGTAAGTTGGTGTGTCGACTCCAATGGGTACGTCGGACCAAATGAGGATAGTTTAGGTTGCTTATCTTCAGCTCAAGAAGCCAAGTGTTTTCCTTTTGCTAAGCTCGTAAAGTGATAAAGCCTTGACTAGTGGGTGCATGGTTCTATGTTATCATGGGAAAACATCTGTCTTGGGTTAATAATATTATAGTAATAAATAAATATAAGTGATTGATTAGGATAGCACTAATCGAAAGCATTTCAAATACTGTTATTAGTTCTATAGGCGAAGACGAATATCCTAATTTTAGGAGATAAGTACGCTACTTAATCGAAGGGGTCAGGATTGATGGAGTTATGATTGGAAGGGCTAGACTAGGTAATCCAGTTTTTCTAATAGATTCCTTCTATTGCAGAAAAGTGGAATATTATCATCGGAGATACAGATATTCACTTTAAAAAAATAATAAGCTATATGTCTAAATTAAAATTTAGCATCAATTCAATCGAAGAAGAGATAGCGGTTTATGATAAGACATTGGAGAATATGAAATTATATGAAAAACATAAAGTGATTTTTACATTACCGCAAAAGAAGATAGAGGAAGAATATAGCCTTGATAGATATAATGCCTTTATATCTCTTCTTAAAAAACGGTGGACAGAAGAAAATGAAATATTTATTGATAAATCATTAATGTTTTTTAATAAGGATAAAAATACTCAGTTTA
NZ_AP038758.1_gap22	667141	672096	4955	TTCAATTATATAATACTTTTTTCCTGATATAGTAGAATTAGGATCACCTATCCTTAGATTAAGATTATTGCCAGCTATAGACTGCTTAAACTGATAATCATTTCCTTGCTCGTCCTTCACTGACCTTACAGTGTACTTAATTTCCATGTCTCCGTTATAATTCTGGTACTTGTAGGGCATATCCCTATTTATTCCATGGCGCATTTCATCCTCAAAATCATAAAGAATGGTTTCTGTGATATTAACAGTAGCGTCATTATTTATTTGAATATCAACTATATATTTTTCAATCTTCTCGGCATTGGCCATCTGGAAGAATGATAAGCAGAAAATGATAACTATTTTAAATACAATATTATATTTCATATTATAATTATCTTATCATTAAGATATTTGCTTTGAAAGGTGTATAAAAAAAAGACTATTCCAATTGGGTAGTCTAGTTATTATCTGGTCTCGAAAGAGACTCCTTAATCTGATTTGCTATATAGGCCTTAAGTAGGTCTATTAGGGCAAGATTGTCGTCAGTAAAATTATCACCTTTGGTAATCGTAACCTCTCCCAAAGTAGTCTTCTTGAATACAATAGGCGATTTAATCACTGATGATGGAGTACGTACTCCTTCTTTTACGAAGGACACAGTCTTTTCTCCATCTTCTGCTAATAAGCTGATTGAAATCGATTCAGCGTTTAACTTGGCTGCAAATTTCACTAAAGTTACCTTTAGTTCTTTTTCCAGTCTTTGAAAGAATATTTCATTAGTAATGACATATTCAGTTAACCCTTTATCGACCCTCCAATCCCTTACTGTTCTGCATATCTTGCAGATAAGAGTCATGTAGCTACGGTATGTATCATCTCCTTTGCAGTGTGTAGATTTTACCCCTCTGTTCTTTGCCATTATGGCGAATTCTTCATCATCTAGGTTTGCCGTATAGAGAATGAAGGGGATGTCGATTGATTTAGAATTCAGGATATCCATTAATTCCAATCCGTTCTTCCCTGGCATCTCATAGTCAGAGACAATCAAATCAAAATCAGTGTTACTGATAATGATTAATGCTTCATCAACTCCAGGTGCTGTTGTTACGCTTATCTCTGATTCAGGATAATGCGATTCAATGAATGCTTTTACTATGAAGCATAAGTCAGGATTATCATCGACGTATAATAGCCTTATCACATATTACCTCCAGCTCCAATTTTAAAGAGCTTGATAAAATAATAACATTATATTGATGTTTGTCAATAAAAAATCCGTATCAATAATGACACGGTTGTTTTAGTCTGTTGTCGATTCTGGTAGCCAATTCTGGCCTAGTTGAGACAAATAAGTCTCGTACTTTTTCGATCAATTCTCTTGGCCAATCAACTGCTCCGCCGAAAATTGTTATTTCGACATCGTCATCTGAGGATATCTCAGAGAAATCTTTGAAAGCCTTGAGCCATTGATCGTCAGTCCTTTTTCTGAACATACATATCACCTTATAAGTTTCTATATTAAATATATTAGTTATGGATTGATATGTCAAACATCTTATCACCAATTTAGGCGATTTTGAGATATGGAAGTTTTTTGCTAGAATAAATACATATAATAACATTAATCAATCATATCTAATGGAATATAATTGGCACTCAAAAAGCATAAGAACCGTCCTTAAAGAAATAGGTTCTGATGAGAAAGGATTATCTTTTCAGGAAGCAGGAATCCGTTTAGAAAAGTTCGGACACAATATCTTTGATCAAGTGAAGCCAGATAGCCTCCTTACTATCTTTTTAAGCCAGTTCAAAAGCCCCCTTATATATATCCTTATACTAGCTTCTTTAGTAGTATTTTTAATGGGTGAGTATATTGAAGGAATTATTATCCTCTTCATCCTTATTTTTAACGCTATTACTGGTACTGTCCAGGAGGGAAAGGCACAGAACACTCTTTTAGCTTTGAAGAAGTTTACTGAAACTCAGGCTGTTGTCCTTCGTGACGGTAAGGAGATTATTATTCCCGATTCCGAGGTAGTACCAGGAGACATAATGGTAATTCAAGAGGGAGAAAAAGTTTCAGCCGACGCTCGAGTAGTGTATTCTAGTAATATGAATGTCGATGAGGCTATTTTGACTGGAGAATCAGCTCCTGTTCATAAAATCTGCGATAAGTTAGTAGAAGGGCTTAGGATGGAAGATTGGAAGAATATGGTTTTCAAGGGTACTAACGTTGTTTCTGGCAACGGAAGAGCAGTAGTTGTAGCTACTGGTAACCGCACCGTAATTGGAAAGATTGCAAAGGAAATTAAAGGTATTGATACAGAAACCCCCCTTAAGGCTAATATTAGGCAATTATCAGTATTTATCCTCTACACTGCTGGGATAGTTAGTTTATCGCTTTTTATAATTGGCACTCTTATTGGTAAGCCATTCTTTGAGCTTTTCATGATCGCTGTTTCTTTAACTGTATCCATTGTTCCAGAAGGGTTGCCAATAGTTGTTACCTTGGTCTTAGCTATGGGGGTATGGAGGATGAGTAAGAAGAATTCATTAGTTAAAAGATTACAAGCTGTTGAAGCTTTAGGGCAGGCTTCAGTTATAGCTGTTGATAAGACCGGAACCATTACTAAGAATGAGATGGTTGTAAGAAAGGTGTATTTAAATGGCTCCATGCTTGAGGTTGAGGGAGATGGTTATGAGCCTAAAGGAAGGATAACTGAAAATAGTAAGCTTATTAGCTCATCAGCTCATTCGTCACTATCTAAGCTTAAGAGAGTGTCTTCTTTAGTTTCAGGTGCAAGACTATTATTCTCTGAAGAAAAGCAATCTTGGGAGGTTAAGGGAGATCCTACTGATGGAGCTATTCTAGTTCTCTCAAAGAAGATTAAGAAGGCTGGCAATCCTTATGATATCATTTCTGAGCATCCCTTTGACTATAAATTAAAATATCGATCAGTTGTATATAAGGAAAAGGATAGTAAGAAGAATATCTTAGTTATAGTAGGAGCTCCTGAGGTAGTTCTCTCTGCCTGTTCGAATATTGGCTTAGGAGAAAAAACATCGAAAATGACCGAAGAGAGAAGAACTCATGTTATGAGTATTTTTAAGAGTATGTCAGAAGAAGGATTAAGGGTTATTGCTTTTGCTGAAAAACAAGACTCTAAATCTGATATCTCTATTGATAAAATGTCATTTCTTGGTTTCTACGGAATCAGAGATACAATTAGACCAGAAACCAAGGAAGTCATATCTAAAATAACTAAAACCGGTGTTAAGGTAGTAATGATAACCGGTGATTATGAACTTACTGCTAGGGCTATTGCAGAAGAGGCTGGTATTTATAAGGAGGGGGATAAGGTAATGATAGGTAGTCAGGTAGATCATTTATCTCAGTCGGAACTTATTGAAGAAATAGAAGGAGTATCTGTCTTTGCCAGGTTCAACCCAGAGCATAAACTTAAGATTATTCAAGCATATAAAGCAAAGGGAGAGGTGGTTGCTATGACTGGAGATGGTGTGAATGATGCACCTTCTTTGGTGGCTGCTGACCTTGGTATTGCTATGGGTAATTCAGGTACTGAGGTAGCAAAAGAGGCAGCCGATATAATACTTCTGGATGATAATTTTCATAGTATAGTTCACGCAATTGAAGAAGGAAGAAATATTTATAGGACCATTAAGAAGGTGGTACTTTATTTATTCTCTACTAGTCTCGGAGAGGTTCTTATTATCTCTGTCGCTCTATTTCTTAATTTTCCTCTACCAATCCTTGCTGCTCAAATAATATGGATTAATTTCGTAACAGATGGTTTTCTAGATGTTTCCCTGGCTATGGAACCAAAAGAAGAAAATCTTTTGAGTCGTAAGGTTAAGAAAGGTACTAGGCACATTATCGACTCTTTGATGATTAAAAGAATAATTTTAATGTCCCTAGTAATGGCTATAGGAACATTACTAGTATTCTCTCATTATCTTGAGACTGCACCCGAGAAAGTATATGCCGTTTCATTTACTTTGATGGCAGTTTTTCAATGGTTCAATGCTTGGAACTGTAGGTCAGATGATAGGTCAGTTTTCAAAGGGGTTATGAGTAATAAGTATCTTCTTGTGGCTACAGGTATTGTCATTATCCTTCAGTCATTCGCCGTATATCATCCAGTTATGCAAGCAGTTTTCAAGACCGTTCCCCTTGGTATAATGGACTGGGTTATGATAATTCTTACAGGCTCATTAATAGTTTTAGCTGAAGAGATTAGAAAGTACTTCAGTAGGAAGCGTTCAAGGATTAATCTCTATTAAAATTTAATGGTAATTATTTGATTAATCTGGTATTATTTATTTAAAATAGAACATTATAAAAAAGGTATAAAATAAGTAATATGTCATTTACCTACAAAAGCAATATTATAATCTTTTTCTTCATTCTTTTCTCTTTCTTTTTATGTCCCACTATCTCCCATGGTGCAACTGACGCAGCCTGTCGTTTAGGTTGTGATTATTCTGGGTCTTATACTTGTAACTTTGATACATATTGGGGCTATGTTATGCCAGTACATAGACTATGTGTTTCTGGTATACCGACACCAGTAACAGGTAGTCTTGGGAGTAATTTAGTCTACTGGACATGTAATAGTACTGACGGTGGAGCCAGTGCTTCTTGTAAGGCACAAAAAAGTTCTGGAGGAGTATGTAACTATAATTACCATGGAAAAGTATATATTACCCAACCATCAAATAGTGTGCTTTGTTCTACTGGTAATGTGACCAATGTTACGGTTACTAAGGATATCCTTCGATGGGAATGTCAGGAGGCAGGAATCACAAATAATAGTTCTTGTTGGGCCATGAAAAGAGTTGATGGTGTTTGTGGTAGTTCTAATGGGCAATACTTTTCCTCATTTCCTAATACAAATCTGTGTAGTAGTGGTGGCGCCTATGCTAAGGGTTTAGCAATAGGAAGAGAGGAGTTC
NZ_AP038758.1_gap23	673160	676655	3495	TAATGCCAATACAAGGGTATTCTTATCCACCGACTCATCCTATAATCCTTATGTTCAGTGCAACTCAGGTACTTCTACTAATTCTTCTTTTCCTGATAAGGGGTCTCGAGTTACATGGGATTGTCAGGGTTTAGATGGAGGCTCTACTGATTACGGGTGTTATGCTGACAGAGCTAGTGACAAGGTTGATGCAGAATGTAGTATAAGTCATTACGGATGCAACTCAGGTACTTTACTTGCAGGTAGCGAGAAAGAAAATAGCACTAATTGGTCATGGACTTGTCAAGGTTCAGGTGGAGGTGTCTCTATGTCCTGCTCTGAATCATTTCCTTCTTGTAATTTCACTTGTAGTGCTTATGGTGCGTGTGAGTCAGATGATTTAAGGCATAGGACATGTACTAAAGACAGTACTCCTTGTAATGGTATAGCGGTCACAACCGAGTCATGTGTTAATGGTTTATGTGGTACTGCTCATGGTATGACGACCATTTCCTTACCAGCTTCATACTCTCTATGTACTAAAGGAATTCCGACAGGAATCGCAGCTAGCAAAGAAAAAATAGTTTGGACCTGTGCTGGCAGTAATGAAGGTATATCAGATTCATGTTTTATAAAAAGAGCAGGTGTTACTTGGAAAGAATAGTGGGATTGACTTAAGAAGTATTTATGTTATTATCTAATTGATAATAATGACAGCAAAAGAATTAGGCATGGGGATTATTGCCATCCTTATTATGGCCTTAGCAATTTATGCAGTTGCTGAGATTTATCGAGGAGGTATTGAGGATGGAGGTATTGAGCAGATTGATTCAGTTCAGTCCGAGGCCACTATTGAGCTAGTTGGGCAGACTGGGTTAATTGAGACTACTGACCGAATAATGCTTCCTAGAGGAAGTATAGTGCGGTTCGTAGCCGTGAAAGATGGGCGATTTCTTAAAGGGATATGGGCCTCTTGGGGAGATGTTATCGTCAGTCAAGAATGGGTACCTATAACCGAGTCCATGGGGATGAATGTCTTAACTGTCATCCCAAGTAATGACCTTCATATGAATGTTCACTCTGGAGGGATTATGTTCCTCCAGGAACATGAAGGAGCTTGGGCTAAGGTCGCTTCCCGAGAGTTCAATATCGTATAGGCTTTTTTAAAAGCCTTTTTTTTATCCGTCACCTGTACTATAATAGAATCATAACAATAATCATAAATTATATGAAGAATAATATAGCTTTTTTGCTCATAATTGTTTGCTTAGTCTTCGGAGTATTTATTGGTATAACCTCTAAAGAGTCATCACCTGAAAGTAAGCCGGTGTTCCAGAATAGTTATGCCCAGCCTGAACCTTCTTCTTTGAAGGTTGTATCAACATATCAGGACACTCCTTTTTATGATATAAATATTGAGTATCCTCAGTTCCTTGCCTTAAAAGGAGATTTTAATAGTAAGATATCTACGGTTGTAAATAAGAGATTGGAAGAGTTCAAGAAATCAGCTACCGAAAACTGGAAAGCCAGAAGAGATATGGATGAGTCAGTGTCTGAAAATCCTGACACTCCTTTCTATTTCTCAATAGGATGGGTTCCTGCTCAGATTAACGATAAATATATTAGTTTGGTGCTTAATGCTTATTCTTTTTCTGGTGGAGCTCATGGAGATGAAGAGGTTTTCTCTTTCAACTATGATCTTGCGAGCAATAAGGAGATTACAATTACTGATATTATCGGCAGTGGCGAAGAAAATCTTAGTAAATTCGCATCTTTGGCTAAGGAGGATGTTCAGAACATGCTTGGTAAGGATGGTATTTTCTCAGCAGGAGTAGAACCAAAGATAGAGAATTTCAGCACCTTCAGTTTTGATGGAACGATCCTTACAATTTATTACCAGAAATACCAAGTTGCTCCTGGCGCAAATGGAATTGTTAAATCAATTTTTAATAAGAAATCATTGTTAGAGCAAGGACTAGTTTCTGATTATCTAAAATAGAATGACACTAGAGCGAAGTATTCGTAGGTATCTGATTAAGCATTATTGCATATCTGCCTTCCTTATTATCTTCTTCCTTTTCTTTTCATTAGCATATTTCTGGTATTCTGGTCTGCTAGATATTGATCAAGTCATGGCCGGGAAAGGGCAATCTGCAATTACTGGCTATCTAATTATTGGAGTAATCTTTTTGATTATATTAGGATATTCCATAGGGAGGATATATGGCGCAAGGAATATATATTATTGCCGTTTTGCTAAGGCTAATGGATACAATTGTAATATTCCCAAGGAGTCTCCTTATGATGGTGCTCTTTTTCAGAAAGAGATTGAGCAGGTCCATGCCGTTATTTTTGGCACCATCAATAACCAATCTTTTCAGATATTTGATTATTCGGAAAAGGTTGGAGATGAGATAATCCTAAGAACAATCCTTAAGTTTAAAACTGATATTTCTTTTCCAAAGACATTATTTATTGAAAAAGGATTCATGAGCGAAGAAAAGACTGATCAATATTTCAGCTTTTCTCAATCAATAGTTTCTCTTGATGGTGGGCTCAATAATACTCATCTGCTCCTATGTGAAAAGGGTTTTGAGATAGAAGTTTTACAGTTATTTTCTCAGGAGTTTCAATTCTTAATGAGTGAAAAGTATCCTAAACTAGGGCTTGAGTTTAGTGATAAGAATATATTTATTCATTCTCAAGAAAAAGTTGAAGGGCAAGAAGATTTAAGCAATTTTATTTCCTTAGCTAACCATTTTACAGAGAACTTTTTACCTGTTATGAAAAGTATAGAGAATGACTATATTCACCTAAAAGAGCTACATGGTAAGTAATAAGTAAGTAATAAGTATTTACTAATTATCAGATTATGATAAAATAGTAATATAAAAAATAATTCAAAAAAGATGATAGAAGTAAGAAACGGTAATATATATAGGTCAATCAACAAGGTTCCTAAGAGAATCGGATATATTCTTAATCATAGGATTTATGACGACTCTAATAAAGAACTATGTTTTGTATCTGACGACACACAGTCAATTTACGACCACGCTGGGAAAAAAATAATTCAGGTTAAAGGTAATACAGTTTTTAATGCTCAGACTGGAAGAGCTTTAGATATAGATGACAGTGTTCAAAGCATTACAGCCATAGGGTTTTCGAACATATACCATATTGCTATTTCAATTTTTTTTGCAGAGTAGTCTTTTTGTTACTTAGGAGATTGGCACCTCCTCCCTTTTAAACGGAAAGGTAACAGAAAATTATTAAGGTGTCTCCGTAAGGAGGAAACTAGATGGAACCGCGGGCTAGCCTCGTTCTAGTATTATAACTAAGCGAGGCTTTTTATTATAATAATATTTAAATAATATGGAAAAAGGATATAAGACAATAGAAAAGATTGTTTCATTATGTAAGAGGCGAGGATTTGTATTTCAGTCATCTGAGATATATGGTGGTTTTTCGGCAGTATATGACTACGGCCCTTATGGGGTCGAGCTTAAGAAGAAT
NZ_AP038758.1_gap24	681645	684177	2532	TAATCCATATATTTCAGATTTTGATGGATATATCGATAATTTTCGTATTACTAAAGGTATTGCTTACTGGACGACGAATTTTACTCCTCCGGCTGATAGTGCATGTGGAACAGCTAGTAAGGATTATGACGGAGCTGCCACTAGTTTTGGCACAGATACTTTTTGTGCGAGTGGTACAGTTTCGGGTATACCATCTTTCCCAGAGTTCGGCGAAACAGTCTCATGGGCTTGCGAAGGTATGTATGGTAATGAACCTTTAATCTGTTACGCTTCAAAAGGCCTATGTCCATCGGGTGCAACTTGCAAGACAGTAGATGGAGATACTGTTGCTGAGTGGAAAACAGTCGGTAGTTATACATGGGTTGTTCCAGCTGAAATTTCTCAGGTAGAGGTTTTGGTTGTTGGTGGAGGCGGAGGAGGGGGAGATTATTATTATGGTGGAGGCGGAGGAGCCGGTGGAGTAGTTTATCATTCGAATAAGTCTGTATCTGGTAATATTTCTATAACCGTAGGTGCAGGAGGATTGGTAAAAGCTAATGGAGGTAATTCAGTCTTTGGAGATATTGTTGCCATAGGCGGAGGAGCTGGTGGAGATTATAATGGACGAACTAAGGGGGTTGATGGGGGGTCTGGCGGTGGCACAGCAATGTCAGCTAATGTTGCGAGACCATGGTATGGCATATCGACTCAGACAAATTCTGGGGGTGGAGTTGGTTATGGTCACAATGGTGGAGATATAGATCCTAATGATGCAGTTGGAGGTGCTGGTGGCGGAGGTGCTGGCTCTTCTGGAGGAAGCAATCTAGTAAAATCATTAGATGGTCAAAGGGGTGGGGATGGTATTATGTTTAATATTACTGGAGAGAATGTTGTATATGCAGCTGGTGGTGGAGGAGGAGCATATTATACTGGTGCATTAGGAGGAGATGGTGGTTCTGGTGGAATAGGTGGAAGAGGTTCTTCTGGTAGTATCTTTGCTACCGCAGGGACCCCAAATACTGGCTCTGGTGGCGGAGGAGGTTGGCATGGTGGTGTTAATTCTAATAGTAAAGGTAAAGGTGGGGGATCTGGCATAGTAATTGTCAGGTATCAACTTCCATAGATTTGAATACTATGCAAGTATCTAACGAAGAATTCGAAATCTTAGTAAAAAAAGGCATATCAGCCATTCCTGATAAGTTCTTAACATTAATTGATAACGTAGCTATTGTAATAGAGGATAATCCTAGTCCAGCACAGAAGAAAGAATTGCGATTAAGGAAAGGGTTTTCCTTATTCGGATTATATGAAGGAGTTCCTAGGACTCGAAGATGGGGATATGGACAGGTTTTACCAGATAAGATTACCATTTTTAAGAATCAGATTGAAAGTCATGCCAATACTTTAGAAGATATAGAAAAGATTGTGAAAGAGACTGTCTGGCATGAAATCGCTCATCATTTCGGTATGGATGAGAGGCAGGTGAGGGAAGCAGAGAAAAGGAGAAAATAAAGAAGCACTCATGTGCTTTTAAAAATATGGATCTAGTCTCGACTTCTTGCCAGACCAGCTCTTCGTGGATCATGAGTGACATATTGATGATTCCTAGATCATCAATAACCTCAGCTTGTTCCTCGAGTAGCTCCTTAACTTGTCTGGCATAAAATCGGTAAGTCCTATTAAAGACTTCCTGGCTCATCGAATCGCGTGATTCGATAATCTCCCAGGTTTTTTTCTCAAAGTACTGAAGTTGATACTTCAGATGCTCCAGATAGTTCATATCTCTTGCTCTCTGTTCTATTAACCACGTACTTTGTTTAATCATTGTCATGTTAATGACCTCCTATGGTTTAATTATAAAATATTATCATAATTAGTCAATAGATGTTGTTGACATATTCCAAAAATGTTTTAATCTTGAATAAGTACATAGGGTGGTCATTATGGAAAACAATGAAGTTGTAGCAGCTGCTATAGGGATGATTGACGAACTAGTCATATTTATGGATGAGGATTACTCCAAGATTCCAAAAGTATCGCAGTTCCGAAATAGTCTCTTAAAGTATAGAGATCAGATTGCTTCCTGCGAGGACAGCGACAAGGTTAATTACCTGGTTAGGATGATGGTCTTTGAGATTGAACAGCTTAATATCTGGCTCAAGGTGGATTCTATTGTTAAGGACCTCAGACAGAAAGGCATTTAGCCTTTTTTTAATTGACTATAATCTTAAGCAATGGTATTTTTATCATATGTTGACTAAAACCCAATTCCTATACTTTTTACAATGTCCCAAATATCTTTGGCTGTATAAGAACAGGAAAGATCTCTTGGAAGCTGAAGGAGATATTGGATATAAGCAAGCTCAAGGAGAAAACGTCGAGTATTGGGCATACCAGGATTATCCAGATGCGATTGATTGCAAGACTGACGGAGATATTTTTGCTGATATAGATAATACCAAGAAGGTAATCAGTTCTTCGCCTCAAGCCGTTATCCAATCCAGCTTCTTCGACGGAGAGTTATTCTGCAGGAACGACCTTTTGGTCCGAATC
NZ_AP038758.1_gap25	819062	819693	631	GGATTTAAATTTAAATTATACTTTAATAACAAGGTTTGATCTTCTCCAGTCTTATTATTAATAAAATATGCATATAATGGCTGAAACTCAGTCTGTCCGACTTCTTGCATTGTCTTCCAGCTAGAAGGAGAAGAAGGGTCTAATAAGTATATATCGAAATTCGTACTTGAACCTATTACAGAAAATTCATGCGAAACCAACACCCTAGGGGTTGAGACTATATTCCATCCAGACTTTAAGGTTACAATTTGAAAATCAACATCATAATCATAATCATAAACAGAACGCTCGGCTTGATTCAAAGAACCTAATAACCTTAATAAACCAGCCTCATCACAAATAGACGGATCATTTAAAGTTTCAATAGTGCACTCCGTTGCAAAAGCTTGAGCAATAAACATAGAGAATAACACAAAAACCGAACAAGTAAATAAAAACACCTGGTTCCCTGTCCTCATAGATATATATTATTAAATAATTATTATTAATTATGGATATTAAATATCTCTTACATATACAATAACATATATAAAACAAAAGACAAGTAACTTATACAATCTTTATATTATAATCCTTCAATCGACACCCTTCGTCATATATCAATCAGCAATCCAATTACTACAGATATAGC
NZ_AP038758.1_gap26	987358	990892	3534	TGAAAAGTTTAGCTGGATTAGAAAAAAACAACATATATCTAGATAAAAAACTAGATTGTTTCTTAAAATTCTCAGCATTCTGACCCTTTTCCTTATAAACATCAAGCTTCTGGGCATAATAAAACTTCTTCTTACATGTCTTAAATAAGTCAATCCTACCTTCGTCGTGATAAATCAAATCATCCACCCTATTTATTGAACCTTCTCCATATTCTGCCTGAATTCTCTGAGGTAAGTCATAATCCTCAGTTCCAGTATTCTTCTCATCATAACCACCCATCTGGTCAAATATACTCCTCCTAAAGAATCTTGCGGCTTCCATCCAATTCACCCCCACATAGAAACTTCTTTCTAATTTCTTACATTGAGCCCATATTCCTTCCCCAAAAGACTCTTCAGGAACTACTAATCCTAAGATATTCTCATCACTACTCATCTTATCGATACAGCTTTCCACCACCTTTTCCGACAAAACCATATCACTATCGATAATCAAGACAAAATCTCCTTCACATTGAGCAACACCATAATTCCTTTGAGCGCTTCTTTCAGGACCTTTATTAAAAACCTTTTCAGTATATTTTCTAGCAATCTCCTTAGTATTATCAGTACTCTCATTATCCACTACAACAATTTCCACTCCCGAATAAGACTGCTTCTTAATAGAAGCCAAACAAGCCTCAAGGGTTCTTGAAGAATTTTTAGTCGGTACTATTACTGAAACTAAAGGATTTTCCATATTCATTATATAATCTTTAAAAAGTCTAAATAAGCCTTATTAAAATCAATCTCCTTACTCCACTTCCAAGCGTTATATCTTAACCTGTCATATTTTTCTCTATCCTGCAATAACTTTACTACACTTTGAGATAACCCTACTGCATCATTCTCCACACAAACAATCCCAGTCTCTTCATTTCTTACACTATCTCGAAGCCCATCAACATTATAAACTACAGCTGGAGTTCCTTGACTATTCGCCTCCGTAATTATCAAACCCCATCCTTCCTTAATTGAAGTCACACATATTACATGACTTTTTCTCATCAACTCCACCTTCTGCTCTTTACCTACTAAACCTATACACTCGATATCCTTTCTATAAACAGAATCATTTATATATTCCATCACTTTCTTACCATATCCACCATCGTTATTCCCTGCTACTATTAGTTTCAATTCCGAAATACTTTCCTTTGCTTTTTCAAAAGCCCTCACTATATCCAAAGTTCTTTTCATAGGTCTCACTGCTCCAAAACTCAAAACAGTCAAATCCTCACTCTTTCCCCCTTCTTTTAAATCTGAAATAGGCTCAATATCAATCCCTTCAGAAATAATTGAGATATTATCTTCCTTAAAACCATATCTCATCAAATCCTTCTTCGTACTCTCAGAAACAGTAACCACCCTCTCACTATTCAATAACCATAAATATATAGGCTCAATCAGATAACCAATTAAGTTCAAGGGAAAAACCATCTGATAAAACCATATCTCTCTACATAACTGATGGATAAACATTACTCTTCTTTCCTTCACATAAAATTTAGCAAAGAACGGCATCGTATTCATCTCATCAATAACTAAATCAGCCCACCCAGCTAGATTCCTCCTATAATACCTAAATACCTCCCAATAAACCGTATACCTATTCCCTAATCTAATAACCCTATAACCATCAATTACTTCCTCCCTCAAACCTCCTTTAAACCCAGCCACCAGAAATATTACCTCATGTCCATCAGCTACCAATCTCTTAGCCAGCTCTTCATTCACCACTTCTGCCCCTCCCGCCAAAGGGTTTTTTCTATCTTTCCATGTAAACCAGAGGATTTTCATAAAACTAAAAACTATCTTCCAATAGGAAAATAGTCAATATTCATTTCTCTCATCTTCTCAAGATTAAACATGTTCCTTCCATCAAAAACAAGAGGATTCTTCATCTTATTAATAATACTCACCCAATCAATATCCTTGAACTCAGCCCAATCAGTAATTATAGCTACCGCATCCGCACCATTACAAGCCTTTTCAATACTTTCAGCAAAGACTAACTCAGGAAATATCCTTTTTGCATTCTTCTCAGCTACAGGATCATATGCAACCAAATCAACACCCAAGCTTGACAAACCTTCCACGATATTAATTGCAGGAGCTTCTCTCATATCATCAGTATCAGGCTTGAAGGACATTCCCAATATTGCGATCTTCTTACCCTTCAAATCTCCAAGCTTTTCCCTAATCTTCATCACAAAATATTGTCTCTGCCCCAGATTCACCTCTTCTACTACCTCAAGAAGAGTATTCTTAGTGTCATAGTCCCTTGCAATCCTAATCAAAGCTCTTACATCCTTTGGAAAACAAGAACCTCCATACCCTAACCCAGCCGACAAAAAAGCCTTTTTCCCGATTCTCTTATCAAGCTTTAGACCTTCTGATACCGCTTCCACATCAGCTCCTACCTTCTCGCATAACCTTGCAATAGAATTGATATACGAGATCTCAGTAGCCAAAAAAGCATTAGCAGCATATTTTATCATCTCAGCTGTCTCTAAGTCAGTAATCAATACTTCTGTATTCAAAGGAGCGTATAATTCTGCTACCTTTTCTGCTGCTCCCCTATTCTTATCATAACCAAGAACAACTCTATCAGGATTCAAAAAATCATCTATAGCTAACCCCTCTCTCAAAAATTCCGGATTAGAAATAACATCAAATTCACCATCATAATTAGCAGATATCCTCTTCATTATCTCCCTATTCGTCCCCATCGGAACAGTACTCTTTGTGGCAATAATAGTATACCCAGTCAAATTCTTTCCAATCTCCTCTGCTACTGCAAAAACAACACTCAAATCAGCCCTCCCATCCTCATCAGAAGGAGTACCGACTGCAATAAAATTAACATCACTCTCATTCAGATATTTCGCCAAATCAGTATCAAAACTCAATCTCCCCGCCTCCATATTCTTAGCTATTAATTCCTCTATCCCTGGCTCGTATATTGGAGATACCCCTTTCTTCAAATTCTCAATCTTTACTTCATCAATATCTATACAGACAACATTATGCCCTACTTCCGCTAGGCATACCCCTTGCACTAATCCTACGTAACCTGTTCCAACAACTGTAACTTTCATTATATTTTCCCTTTAAAATAATTAATTGTTTTTAATAATCCCTCCTCAAGCTGAACCTTTGGCTCCCAATCAAGCTGCTCTCTCGCCAATGAAATATCTGGCTTCCTTTGCCTTGGATCATCTTGTGGTAAATCCTTGAACACTATTTTACTAGTACTTTCAGGTATCAACCTTAATATTATATCAGCCAATTCCTTGATTGTAAATTCACCAATATTCCCTAGATTAACAGGCCCCAAGAATCCATTCTCATTATTCATCATCCTTACCATCCCTTCAACCAAATCATCAACATATTGAAAACTCCTAGTCTGACTTCCATCCCCATAAATCGTAATATCCTCATTCTTCAGTGCTTGAACAATAAAATTAGAAACTACCCTACCGTCTTCAG
NZ_AP038758.1_gap27	1014740	1019105	4365	ATTTAAGTTTATAAAATTAATATCTTCTTTCAAATATTTCTTGCTTATGCAATCAAAATCATCATATACAAAGCTGAAATATTATGCTCAACGGTTTTAGTTTTACTAAAAACCGAGAAACAATACACCCCACCACCCAATCTTCTATGGAAAAGTTTGTATTTTCTTTTTAATATCCCCGTTTTTTCTTCAAAAGAAAGATTATCGCAATGGACATTCCTTGCCTCAACAAAACTAAGATATATCCCATCCTTAATCTCAAAATCCATAACCCTTACTCAGAAGAAAGATCTAATTTAACTCCAAAGGATTCTTTTCCTCCAAGAATAGCCCCAATCTTAACCATTGGCTTTGTCTTATAAGCAATCTCAGTTAATATCTTTACCCCATAACCCTTTAATTCCTGCAAAACACCTCCAATCACCTCTAACTCCTCACAATTAAAAGAATAACTTCCATAATCATTATTCTTTCTATAAACCAAACACTCTCCATCACTAAAAATATACTCCTGGACATAGAAAATATAATCTTCCTCTATTAAATCATCAATAGCCTGATTTATCATATTATCAAATGGCCCATAATAGTATCTAACATTGAAAATCAGAAAGCTTTTTTCCTATTTTCTCAATAGCAACTAAATCAATAAGATAACAAATTTTCATTAAAACAGTAATAGTAGGATATTCGTGATTCTCTATAATATAAAATAACAATTCTTTATCTCTCTCCATATAGATTAGTTATTATTTAATTAAGAACATTAAATGCGGTAGTGTCAACTTTTGGTCTACTGACGCACATTTCGGACAAAACAACAAAAGCTTTTAGATAAAAAAGAAAAAGGTGTTAAAATATTATTATCGTCAAATAATAAACATAATAATAACCTTTTTCTTATGGAACATTATACCATTTTTAATGATTATGAAAAACAGCAGAAGATTAAAGAGATAAAGAAAGAGTCAGAAAGACTAAATAAACCTATCTATTGGATATTGAAAATGATAGGCATTCCCAAGAGCACCTACTATGACTGGATTGCTTCAGGAGGAAAATCCAAATCAAAGGCACCGAAGAACATATGGAACAAGACTGCTCTTTGGATAGAACAGAAGATAGTCAAGATAAGAGAGGATAATAATTTACTCAAATCAAAGAGATCCTGCCTTGGAATAGCGACCCAATTAGAAAAAGAAGGGATATTCATGGATGATAGTGGTATATACAAAGTTTTGAAGAGGAATGGACTCAATAGGCAGTTCATAGAAAGAAGGACTCCATTCATTATCTATCCTAGAAGCAATAAATTCCTTGAAGTCGTATGTATTGATGATATCGGCCTGACGAACAGAAAACCCCGTGAATTCAGCATTTTCAATGCTATAGACGAATATTCCGGTATGGCATTAGGTATTTTGTTCGTTAATCATAGGATCAATAGATATGATGTCATCTCTTTATTGAAGATGATTAAGAAAAAATACGGAAGATATCCGAAAATATTGAGAATGGACAATGCCAAAGCTCATCTCAGTATTCTTGTAAAAGAATTCTGCAAAAAGAAGAAGATACAGACACAGTTCATAGATAAGGGGACTCCTCAGCAGAATTGGCCAGTAGAAGGTTTCAATGGAGTACTCCAAGGAGATTTGTTAGAATCTCATCTATGGGGAGGATGGGAAGACTTTTCAGACAAGCAGAAGAGATTAGAAGACTACATTGATTATTACAATAAAGAAAAACCATTAGCTTCTGATGAGCTCAAAAGAACACCTTATGAGATAGCGTCTGGAATTACTTCTCCAATTATCCAGAAGAGATTGAAGATTAAATTGATTCGCAAGCACTATGGACAAGTAGCAGCTCATAGAGCTAAGCTTAAAAACATACGAAAACATACTGTTTTAACTCCTTACCCCTTAAAAAAGCATAAGAAATCATTGTCCGAAATGTGCGGAAGGTGACCAACTTTTATGTGTCCGCGGTGCATTAGATGAACGATACATCTCTGGAATAATGAATTAGGGTATTCTTCTTTAATAACAGTATCAAGGCCTGTAAGCCCGTCAGCAGTAAATGAGATGACCTATTTAACTCCTCTCTTCTTTAGATCTTGGAGAACGCTTCTCCAGCCATCCGCTGATTCTTCTGGAATAGAGTAGATTCCTAGTGTCTCCTTAGTAAAACCAAGCTTTAAGCCCATTGCTACGTATACAGCTTCATTTTCTACACTTCCACTTCTCCTGATATTCATATTAATAGCATCTATGTATATTACATAGTAATTGCTATCTAGTTTCCTGTTATCCCAATCTTCCTTGAGCTTGGAATATCTACTGGAGATATCAGATACATACTGAGGACTAGTCTTAATTCCATAAGCTTTTTTAAGAACATCATTGATGTCTCTATTAGACATACCTTTAGTATAGAGAGATAAGGCTAGTTCATCTAGATAACCCTTTTCTCTCTTGATTACTTGGAGTATTAAAGGTTTAAATACTCCTATTCTATCTCTAGGGATGCTTAACTCTATTACTCCTGATAAGGTTTTAGCCATTCTTGAGTAATATCCATTCTTCTTGTTAATCCTTTCATCGCTATCAAGAAAGATATCTCTTTCTATTTCTAGTAATGTTTCAATTACTTCTGTTAATATGTCAGGGATAAGGGTATCGAGACGACTCTCTTATCCTTTAATTTCGTTGATTAAATACTTTCTTAAAAACGAATTATCTGTTATTCTATTAATTAGAGACATAGTATTGTATTTTTAGTTTTGTTATGACTTAATTATACAGCTATGTCTCTTTTTTTTGTACACTCTTATCGTACTCTGGACACAATTTATCTTACACTACCAGAAAAGAATCATTTACACAAAATTTAACACACTTCAAAACAGGTACCTTCTATACCGTACTCACAGATCACATTAAGAAATAATAATCCAAAGGAACAAAAACAGTTTTTGAGTCTTCATCCACCTTAAGGTCATTGTCAGAGAAAACCAAATTATAATCAGACTTTATCCTCTTATTAGTGTTCATAATCTGTTTAACATCCTTCTTCCCCATCCCTACTTCTATCAACACTTGCTTAATATTCATAATCTGCAGAACAAAATCAGCTCCCCCTTGAGCACTATCATACCTGACTACCCCCTGCCCCCTCAAAACAAAATCCCGGTATAGATGAGAAGCTACTGAATCCTCTAATAACCTTCCCTGTCTCGTTAAATATGTATCACCTCTTCCCGTAATATTAAAAAAAGACATACGAACTGCTGGTGACATAAATAGATATTTATTAGGTTTCCTGGCAACAGTCATATTTGAACCATAAGCAGGCACCTTAATTAATAACTCTGCTTTCTCTAAAGCATCAAATATATTCGATACAGTTAATCGATTAATACTAAATCTTTCCTCTAGTGCAGCTAAACTGGTAGTATCATTTTCTGAAATAGCAAATAATATCTGCTTCACTACCCCCAAAGTATCATGATCAAAGTTACCTAAAGAAGGTAAATCATACCTTATAACCTTATCTAATAGCAAAGAAATAGCATCATATACTGCTAGCTCATTAGGCATCAACAAAGAAAAAGGTAATGTACCATAAGACAGATATTTCTTAACATCATGCCTATCGATTACTGACCAACATTTATTCACCTCGCCTTGCAATAATTGCAATTCATTCAACACCTCTTGATAATCCCTAGAATGATATATAGCTCGAAATATTCCCTCTCTAAGAACGCTACTTACAGATATATTATTCATAACCATTTCATACTCCACAAAAGACATTGGTGGCATCACTTCAAAGATTGCCCTTCTAGCTAGATCAGTCGTTGCCTGCAAGGTCACTGCCGATGAGCCAGTACAACAGAAAAAAACATTAGATGTCTTATCAAATAATACCTTTAGACTGACAGCCCACTTAGGGTCAACCTGAACTTCATCCAATATCACCAGAGCAGGCTTCTTTATGGCCTCTATATCTTCTCCTATTATATTTTCAAAAGCAGAAATCATTTCATTTATACCTCCACCAAAAAGACTATGAAATTCCTCCACAGACAAGAATAAGATATGCTCAAAACAATCCTCATAAGAAGAATACAATTGAGCCATTAATGTTGTCTTACCAACCCCCCTGAATCCAGGCATAATCACCATCCTACTGTTTTGTGATTTATCCAAGAATCCATCGACATACCCCTTAATCCTTGAAAACAAAAAACGCTGAGGATATTCCTCTCCCTTAGGGCCATGAGTACATCTCCTTACTCTATCCCTTGCAGTTCGAATCTGCTGTTGTAAATACCCTATCTCTTCTTTTTTCATATAT
NZ_AP038758.1_gap28	1049227	1050119	892	ATGAGGATAACCTCCTGAAGAATATGCCTCATATCCAGGATTATTCACTTTTAGACTCATATCTACAGCAAAAGGAACATCAAAAAAAGTTTTACTCTGTATATATGCACCCCTTACATCATCAGACACTCGCCCATCCAAAAAACCAATAGTGCCTGAATAATTCCATTTCGTCGTATTTAATACACCCGAATTAAAATCATCAAAGAGAATAAAAGTACTATCTCCATTTGAAGCCGAAACCAAAGAGTCATTCCCATAATATACATAAACCATAGTCAACCCTACAGGAAGACGAGGCACTCTTACCCAGAATTTAGCACCTACAGAATCAGTTTTCGATTCCAAATAATAATTCAAAGGAGTCACTCCATCCTGATGGACGAATCGAATATCATCAAAATCAGCTTGCATATCACTATCATAAGGAATATTGACCTCTACCTGATAATACGTCAGTTCCTGCATATTATTATTAACAATATATATAGGTTGCCTTCTTGTTTCACCATCAATACCCCAAGGAGAAGCCATCTTAAGACAATCAAATTCATGATATAAAGACTGTATCTCATCATCATTCAATGGTCTATTATAGTATTTTATCTCATCTATATAGCCATTGAAGTAATTAATCAAAGAATTACCTTCACTATTCCCTCCAATCTTATACGTATAATTATTTAACCCTGGAGTACCGACATCAACCTCACTCTCAAATTGCCCATTAAGATATATCTTCATTTTCCCCCCAGAAGTAATAGTTCCAACTATAAAATTCCATTCATTCAATGACATCTCATTAACAGTATCTGCATACTTCAAAGTTCCGTCATTAACAACTACTCTTGCCTTTAAAGTATTCTGAGCCATTCCTATAGCAAAAGGAACA
NZ_AP038758.1_gap29	1053857	1058507	4650	CTTCTCACTACTGCTCTTGAATTAGGAGCAAGTCCTAATAAAACAGCAATGCGAACATCAGATGATTTCGGTCGAACACTCGAAGAAAGCCCTTTGACTAATACCTGCGATTCAAAAACAATAGATATACTCATTCAAGCAGGAGCAAATCCTTTCTTAAAAATGAATGGCACAAGGGACTACTCCTTCTATAATTTCATTACTAAATGCAAAGAATATCCCATAAAAGACTCTATTTACAGCCAACTAAACCTAAATGAACGAGATGAAAATGGTGACCCCATTCTCATTAGAATGATTAAAAAAGACTATGAATATTACGGCGATTATGGCCCGCTTCACTCACCTGACATAAAGGACAGATTTCAAGAATTGATTGATCTAGGACTTAATGTAAACTTAGCAGACCAGAAAGGATACACTTTATTAATGAAAGCAGCTAAAAATAATGATTATGAAACAGCATCTCGCTTAATCTTCATAGGAGCAGATATTAACAAAACAGACATAGATAATGGCACCGCTTTAATGGAAGCTGCTTACCACAAAAGCTACGAAATCGCTAGACTACTCATAGAAAGTAGAGCAAATAAGAATATCAAGGACAAAAGAGGCTATACTGCCCTAGACTACGCCAAGATGAAGAAACCAGGATACATAGACCGATATGACTCTGTTCAAAAAATCATTGAACTCCTAACAAACTAAAGTATAATCATAGAAAAAGGACAAGGAATAAACCTTGTCCTTTTCAATACCAATTACAATCTATTGCTCTGCCCCAAAAGAATAAGAAGGCTCTATAGCTACATACTTCCTCAACGTCACCCAATCCACACTCACTTGAGATTCATCATTACCAGTATTAATTGCAAAAGTACCTGCCCCCAAAGGAATACGAGTAGTATGAGTAATCGTCCTTGAATCATCAATATTAAGCTTAATTGCACTAGTCCCAATCCTAACCATTTCAAGAATATTATATGCTCCTGCCGTAAGTCCCATTTCAGTATACTCTGCCTGTGAACCATCCATTGTAAAAAATGTCTGCCCTGCTGCCCAATTCCAAGAAAATAATGGACAAGCATAACCACTAGCGGCATTCCATAATATCCTTTCTACATGAGTCGTTTTATCAGCATGAGCCCCCATTACTCTAGATCTGATAATATAATTAGTATCAAAAGTCCTTTTTGTTGTTACCGCAGTTGAACCATAAACATTAATTAATCCATTCACCACCGAGTAAGTGCCCCCATAAGTCCACTTACTAGTATCCAAAGCATCTCCATCAAACCCATCAAAAAACTCAAAAGTATCATAACCATTAGATGCCGTAACTACAGAAGAATTACCATAATACATGTATGCACTATTACTTCCTACCTGTAAAACAGGCAAATCCACCCAAACCACAGCTGAAACAGAATTTATCTTTGATTCAATCCAATAATCAAGCAAAGTCTGTTCATCAGCAGCCGTAAACCTCAAATCATCAAAATCAGGCTGCATATCAGCATCATAAGCTACTGCCAATTTAACCTGATGATTATTCAATAAAGACGATGATGTTATTGTCACAGGCTTTCTCTTATTATAACCTAATAATCCAACCCTAGTAGCACTACAAGACTCTGTCATGCCATCATATTGACTACTGCAAGACCAATTTACAGTTTCTCCTGAATCAGGAAATCCAGGTATTACTTCAGGCATCCCTACATCACAAATAGTATCTTCTCCATACTCATTATCCAAAAAACTATAAGTTTTTCCATTAGCCGTACCACACTCCCCATCAATCTTCTTATTAGCCGAACAATTTACTGTAGATATGCCTACACAATCCCAAGTCCAAGGCCCCGCCCCCGTAACAATACCTGCTGTTCCAATAGTACATAAATCTCCACTTGGAGGTACTTCATAATAACTACTTCCATTTGCTACCCCACATACTCCATTACCAGGAATAGGAGGATTAGAAGAAGAAGTAGAATAAGTACCAGTACTAGAATCAAAGAAGTAATTGTCTTCAGTAGATAAGAGAGAACTAATGACATAGTCTTGTCCATCAGAAGAATAGGAATAATACCTAGTACTATCAGGATCACGAAGAACACTAGCATTACCTAGAGCTTCCATTACTTCATTAGAACAATCAGTTCCAATATTGCAACCACTGCTAGTAGGAAGTAAAGCATCAGGATGATTAGTCTTATGAATCATAATAGCCTTACTTAATTGATTGATATCTGCCTTTCTACGGCTGTCATTTGCTGAAGACGAAGCTCCACTCATCGAGACAATGATGAAGCCTGCTAGGATACCTATGATGGCGATTACAACTAATAGTTCAATCAGAGTAAAAGCCCTTTCTTTTATAATACTTTTATTCATAAAATAACTACTTAATCTCAAATACTTCTACCTTATCATTATAGTTAACAATTAGATAATTATCATCAACATATATTTCATGGACATATTCACCTACATTAAAGCTTATAACTTCTTTATTCTTATTCATATCATAAACTAACAAGAAATTCCTCGTCCTATCAAATACATATAACCATTCATTATGAATTAAAAGATTACTCCCCGCAGAATCTCCAATAATACCTACTTTTTCCGCTATTTTTCCATCTTTCATATCGTAAGAATAAATACTTCCCAAGGCAGAAAGTATTAACCTGTTATTCTTTACAGTAAAAGGTAAATCTACAAAAGAGCTCTTCTTAATACCAAAATCAAGCTCCGTCAATACACTTACTTTCGAAAACTTATCTTCTATCAGCTTACAAACAACCATTTCCCCTTTTCCCTGATTATTTATATATATGTATCCATTATCCCCCCATATATCATTAATATTATAAATCATAATATGATCTATTTCTTTGAACGTCCTACCTTCCACCCTATAAGCATAAAGCCCATTCTTTCCACCTACATAAATAATTCCATCATTTACAACTATACTAATAAAATTCTGTGAAAAAACCGATGCCTCTTTAGTCATCTTCCCTTCTTTCAAAGAATATACCTGCATACCATTCACTTCTACAGTATAAAGACGATCTCCTTCAATGACGTAATCATAAATACCACTACTAGCTAAGAAGTCTACATCAATCACTTTATCTCCTTCTATCTTAAATGATCTAATGCCATACTCTCCCCATGACGTCTTAAAATATAAGTACCCAGCACTATCGCTTTTTACTGAACCAAGACTAATTTCCTTATTCTCCACCTCTATCTTAGTCACCAATCTAACACTTCTCCCAAATTCCTTACCCATTAACGTCATACTGCCATAATCCCTCTGCTGCCTATCTCTTATCAAACCCTTTATCATAATAATCAATTTCTCCCTCTCCTGACTTGATAGTGTACTTTTAGGAACAGTCTGCTGTTTTTCATCCTTAACTTCATAAGAAGCATAAGATAAATCATTATTCTTACTCACAAAATAAATACCAAAATTACTATACCCAGCTACACTTGGCATAGCACTATCAGATATCTTCACCCTATACTTCACTCCTTCTACCAATCTCCCAGACATTGCCCCATAATTCCACTCATAAGAACCCTTTGAAGCATCTATTCCTCGCTCTAAAACTATGGCACATTGATTATCAACACATAGCGATATATCAATCTTTTGCATAAAATACGCCTTCCAAGCTATTCTCCCTTTTTTAGCCGATAATGACCATTCTTCATCACTCTTAACCCCAGTCAATACTTCAACACTCTTGCCTACTATCGCTTTACACGTGACATCTTCTCCTCCGAAATCACCCCTACAAACCCATGAACCATCAGACGACTTAACCCCAATACTATGACCCGACTTACATAAATGTGACTGAGTAAGCGAATTAATATCCTTAAATGCTTGACCATTAGCTTCTCCACAGCTTCCGTTAACCGGCTCAGGGTCCATATCAGAAGAAGAAACTACATGAATATTATCCATATAGACTGCATTATGAATAGAATCACTCTCCTTCCCCTCACCCAAATACATTGCCAAAGTATAGTCCCCTGGATTAATCTTAAAAGAGCGAGAAGAACAATAAGAAGGCACCTTTAAATCGTAATACCCCTTATCTAAAGAAACAGTATCCAAATAACAAGACCCCAAATAAATAGCAGCTACTTTAAACCCGCTATTATCCTCCCATTTCACCCTATAACTCTCTCCAATCACTAATTTATCTCCAGGAGTAGGAGACAATACATCCAACAAAGCCGCGTCAACAGGCAATGACCATACAAACATTAACAAACTCAATAAGGATAATAATACTTTATTCATACTTATAATAATTAATATTTATCAGCCCCACACCCCTCACTACCTCCTCCATTCACCCCATTACAACCCCAATTCCACCAATAATATTGAGCATTAGGGGGCGTAAAATCAGAAATCCAACGAGCAACGCCCTTAGAAATACGAAATTCATCTATATATCCATTAAAAAATCCAGCATATGACCCCCACTGTCTCCCGATTCTAAACCCATCACTACTAGGCTGATAAACAGTAGTTCTATTCCAATTAGTATTAACCTGCACTCCATTTTTAAATAATTTAATTACACCATTATCTCTTAACAATGCAACATGATACCA
NZ_AP038758.1_gap30	1074193	1076906	2713	TGTATGAAGTACAACATTGATCAGTTCCTTCATTACTTCCTTTACAAGTCCAAGTCCAAGTATTATTAGCTGATTCTACTACTAGAGTAGGTGTTCCAGTAGTACATAAGCAGGTTATCGGAGCAACTGTATAGGTTTGTCCATGAGCACATCCACATACTCCATTAACCACATTTAGTTTACTAGCCGAGCAAAAAGCATTACTTCCTCCATGCAATCCACTACAATTCCAATTCCATGGACCTGAACCATATACTGGTGAAGGATTGCCTGAATTACATAGTCCTGTAGTAGGAGCAATAGAGAAAGTACCTCCATTAGATAATCCACACTGTCCATTAACAGGGTCAGGGGTCTTAGTTGCAGAACATGAAGCATCAGTTCCTCCGTTAGAGCCCTCACATCCCCATACCCAGTTAGTGCCAGATAGGCTTACTGGAGTAGCTGTTCCAGTTGTGCATAGTCCCCAAGTAGGAGCAGTAGTATATGTTCCTCCATTAGCAGATCCACATCTTCCGTTGATTGGGTCAGCTGTCTTGTAAGCGAAACAGCTAGCTGGACTTCCTCCATTAAGACCACTACATGTCCAATACCAGTAAGAACCACTTAAATATGGTGAAGAAGCAGTACCTGAATTACATAGTCCAGTAGTAGGTGCATTTAAGAACGAACCTCCATTCGATGAACCACATTGTCCATTAACAGGGTCAGCGGTCTTGTAAGCGAAACATGATGCAGTAGAACCACCGTTAGATCCAGTACATGTCCATCTCCATTGTGTTCCTGATAGATATGGTGAAGAAGCAGTACCTGAATTACATAGTCCAGTAGTAGGTGCATTTAAGAACGAACCTCCATTCGATGAACCACATTGTCCATTAACAGGGTCAGCGGTCTTGTAAGCGAAACATGATGCAGTAGAACCACCGTTAGACCCAGTACATGTCCATCTCCACTGTGTTCCTGATAGATATGGTGAAGAAGCAGTTCCTGAATTACATAGTCCAATAGTAGGTGCATTTAAGAATGAACCTCCATTCGATGATCCACATTGTCCATTAACAGGGTCAGCGGTCTTGTAAGCGAAACATGATGCTGTAGAACCTCCGTTAGACCCAGTACATGTCCATCTCCACTGTGTTCCTGATAGATATGGTGAAGAAGCAGTACCTGAATTACATAGTCCTGTCGTAGGAGCAGTCAAGAATGAACCTCCATTCGATGATCCACATTGTCCATTAACAGGATCAGCGGTCTTGTAAGCGAAACATGATGCTGTAGAACCTCCGTTAGACCCAGTACAGGTCCATCTCCATTGTGTTCCTGATAGATATGGTGAAGAAGCAGTTCCAGAATTACATAGTCCTGTAGTAGGAGCATTTAAGAATGAACCTCCATTCGATGATCCACATTGTCCATTAACAGGATCAGCTGTCTTGTAAGCGAAACATGATGCAGTAGAACCTCCGTTAGAACCAGTACATGTCCATCTCCACTGTGTTCCTGATAGATATGGTGAAGAAGCAGTACCTGAATTACATAGTCCAGTAGTAGGTGCATTTAAGAACGAACCTCCATTCGATGAACCACATTGTCCATTAACAGGGTCAGCGGTCTTGTAAGCGAAACATGATGCCGTAGAACCTCCGTTAGAACCAGTACATGTCCATCTCCATTGTGTTCCTGATAGATATGGTGAAGAAGCAGTTCCAGAATTACATAGTCCTGTAGTAGGAGCATTTAAGAATGAACCTCCATTCGATGAACCACATTGTCCATTAACAGGGTCAGCGGTCTTGTAAGCGAAACATGATGCAGTAGAACCACCGTTAGATCCAGTACATGTCCATCTCCATTGTGTTCCTGATAGATATGGTGAAGAAGCAGTTCCTGAATTACATAGTCCTGTAGTAGGAGCAGTCAAGAATGAACCTCCATTCGATGAACCACATTGTCCATTAACAGGGTCAGCGGTCTTGTAAGCGAAACATGATGCTGTAGAACCTCCGTTAGACCCAGTACAGGTCCATCTCCATTGTGTTCCTGATAGATATGGTGAAGAAGCAGTTCCAGAATTACATAGTCCTGTAGTAGGAGCATTTAAGAATGAACCTCCATTCGATGAACCACATTGTCCATTAACAGGGTCAGCAGTCTTAATAGCAGAACAAGAAACTCTCTCACTACCTGTTCCATTACAATACCATAACCAACTACTACCACTCACATAAGGATTAGTAGGATTTCCTACATAACATAAATTCGATGTTGGTGCGCTAGAAAAAGATCCGCCATTAGCACTACCACACTTTAACTTATAAGCTCGACAATTAACACTTGCACCTCCTCCAGCACCCTGACAACCCCAAACAAAATCATTATTAACAGCAGTTGGAGTACCCTTATTACACAAATTCGTTGCTGGAATAGAAGCAAACATACCTCCATTAGAAGAACCACACTCAGCGTCTACTCTACAAGTTAATGTAGCAGAGCAGCTGGCAGTAGCCCCTCCATTTTGACCATAACAGTACCATACATATCTGGTCCCACTCAATGTTACAGTAGAAGCTGTGCCAGAATTACATAATCCAGAAGCTGGAGGAGTTGCATAAATGCCACCATTAGCACTACCACACTGTCCATTTATAGGGGAAGCAGTCTTGTTAGCATAACATGATGCAGTAGAACCACCATTTGACCCAGTACAAGT
NZ_AP038758.1_gap31	1127482	1129464	1982	ACCTTTCTTCCATCCGAGCATACAAGGTTCATAGCACCTGTGATAATCCTGCCCTCTACTAAATACCATTGAATTCTTAAGCCAGATTATAATCTGCGAGAACTTCCATCCAGTTATCTTGAATGACTGCTGATTTATAATCGTATTCGTATTAGCGAACCACCAATATATCGTCACATCATTCATCGAGAAGTCATACAGATTTTTCAATGTATTCGTGTAAAAATCTAAACAGTCCTTATCACTCTTATTATCATTCATTATCTGTCCGCTTCCTCCATATTTCTTTGAATCATAATCTAATCCTCCTGGAGCATGGTAATCAACATTGTATGGCGGGTCAGTAAATATCAAATGGGCTAATTTACCATCCATAAGCCTTTCGAAATCATCCCTTAACTCTGAACTCCCACACATCAATCTGTGCGCTCCTAAGGCATAGATATCACCGTATTTCGCTACTGGTTCCTTTATCTTATCGTACTCCTTCTGAGCATCGAAATCATCTTCATCAATCTCAATAGCGAATATCTTATCAATCTCTTCACTCTCAAATCCTACTTCTAATAAGAAACTACTATCAAACTCTTTCAATAAGCTGAAATCCCATTCTCCATTATTCCTATTGAGCCTTAGATTAAGCTCTTTCTCTTTTTCTATATCCGGAATCTCTATATAGATTACCGGAACCTCTTTATATCCTAGCTTCTTAGCAATGGACAATCGGAAATGTCCTCCAATAACTACATTCTTCCTTTCTTCAGCAGCATTGACTATTATCGGATCAATCAAGCCATATCTCTCTATACTATCAGTGAGATCCTTCGTAGCTTTAATGCTCCACTTTCTCGGATTATAAGGTGCTGGATTTAACTCTTCTACTTTAACTCTAACTATTTCTATATCTTCTTGGTTTTCTTGCATTGTTTATATCTTTTTCGGTTATTTATCGTTGCTCCCCGACCTATACCCCTAAGGCATAGGACGAAGAGCGACTAACTCTCGTCCAGCAATTCCATATCGACCAAGAAGTGCGGAGTTTAATTAACTCCTGCCTGACATCATCAAAATGCAAATAAAAATGATATCAGGCCAGCAATCAACTATCCTTGCAATCCTCCTCTACTATCAATCTGATTTTAACGATCTTCTTCTTTCCACTCATCTTCTCAAACTTGAATATCTTTCTTGCTATGTCCTCCGTCTCAAAAACCATAATCATCGTAAACCCATCATCGATTCCATCCTTTGCTATGATAGCGAATAAGACATACTCAAGCTTGATCTGACGCTCCATTTCTCTCTAGTTCCTCCGATAACCTAATAATACATCTTCCCATACTCCTTATCGTCTTCTTGTATGAAATAATGGTTTTGCATAGATTATGGAGATTATATCCGTTCTCTTTCATTATTCTTTGCATTTCCTCAAACTCGCTTATCATTCTCTCGTCTTCCATTTCCCTTTCGGTTAATTTCATTTTCATATGTTTAAAAAATCATAGAATTTCTTATATATCCTCAAGAAATCATAATCATTCTCAGCCAATTCGTACTGCCTATGATCAACCCGATACATCACTATCTCATAAACCCTATTAAGTAACTCCTTCTGCAATGCTTCGTTCTGCATAGGCTTACTGAGATGGCAATTTTCGTTATTGACCGGAGCCGAATTGAATACTGATTCGTTATGCTTTCCTGGAATGTATGAGTGAGCAGTCGGACTGATAATATGATGGATACAATCTGCATGATTATAGCCCTCACTACCCTCTTTGCGCCCCTTGCAATTAGGATTAAGGCATTCATACCATCCAGACCAGAATTGCTCTACTCTTGGGGGAAATCTATTCTTTAGTCCTGGCATATCTTTTAAAATGGAATATCTCGGATAGCTATCTCATCACCATTCTCGATTACCGGCATATCGTCATATGTTTCTTCTTCCTGCTTCTTTCTCGGATCTACTCTTTTAGGAA
NZ_AP038758.1_gap32	1199080	1203862	4782	TCAGCCGACTTAATAATTACTTCTGCTCTATTTTTCGCTTCTGATTCTGACCTAACAAGAATATCTTTTCTCTCTGAATCGCTCTGCTTAGCAGCAGCATCTTTCATCTTCTCAATATCAAGAAGTTTCTTGTCAGCCTCTTCTGCTTTTCTCACCCCCTCTTCAATTACCTCCCTCCTTTTCTTAAGAAGATTAAGAAAAGGCTTATGGACGAAATATGATAAAACAAAGAAAAGAATAGCAAAATTTATAATTTGTCCTATTAGGACGCCGAAATCTACTTCCATGGGTTTATTCTATATAAGATTATTTTACGAACAAGATGATCAAAGCTACAACCAAAGCAAAAATAGCGATAGCCTCAGCAAATGCGATTGCTAAAATCATCCCTGCTTGAATCTTTGCAGAAGCCTCTGGATTCCTTCCTACTGACTCAGCTCCTTTTGAACCAATCAAACCAATACCGATTCCAGGTCCGATTGCACCTAAACCGATTGCTAATGCAGCTGCTAATTGTGTTAATGTTTCCATTTGTTTATTTTCTACCACTTCTTTTCGAATATGGAGAATTATAATTATTATCTTTATTAATTACATCACTATTAATCACAAAAGAAATCCTTTTGTAATTAACAATAACCTAATTCCTTATTACTCTCTATCTACCATCTTGTCAAAACTACTTATCATTCCGACTATCTAGAAACGGTAACACCACTTTATACACATCAACCACCGTCAATACTAATCCCAACAATATAAAAGTTATCAACATCCAAGGAAACGTACCCATCTTCTGATCAAGATACACTCCAGACACAATACATACCACCATCGGTAGGGCGATTAATAATCCCAATTCACTCCCCAGGACTAACACCCTCCCCATATCAATGTTCTTCTGGGGAGGTTGTGAGGACATAAAACACAGTGATTAATGCTGAAAATACCAGAGCTTGGATAAATGCAACAAATAGCTCTAACCCTAAGAATGGTAAAGGAACAATATACGGGAAAATAAAGAAATATATTACCATCAACAATATCTCACCAGCAAACAAATTCCCAAAAAGACGGATGCCCAATGATAATGTCTTTGTCAACTCTCCAATTGCTTCCAGAATACCAACAAAGAACATAACTGGACTCTCGAACTTAATATACTTCTTTAAATATGCCCAACCACCAAGTTGGCTAATTGCCGAAAGATGGACAAATAACATTGCAAAAATAGCAAGAGCAAAAGTAAAATGCAAATCAGAGCTAGGAGCCCTTAAAAAATGAAAAATCCCCAAACCAGGGATTAACTCTATCAAATTAACAGATAAAATCAAAATAAACAATGTAGCTGACAAAGGAAAAATCTCTTCAGTCTTCTTCCTATTTCCAGTCATATCATTAAAAATATTAAAAAGGGTCTCCAGAATGAATTCGAAAAAGTTCTGTATCTTATTCGGTACAATACTCTTCTTTCCTAATCCAAAAACAAACAACAGAATTATCACTAAAACAGTAATAATACTCAACAAAAAAGTATTAGTAATATTTAATCCATAGAAATTAAACAGGGTAGAACCGAATAAAGATATTTCTTCCATTTATTTATTTGATGATATAGTAATTTAACAAACAAGTTAATTTTACAGAAAAGAGGCAATCTGTCAAGGAAAAATACCTTAAAAAGAACATTATTGATATAAAAAAAGACACTTTAAAGTGTCATATTTCGAGAATCTTCCTAGCATTTTGCATACTGAATACTATTTCGCCTGTATCTTCCCATACCACCGAATACCCAATTGCATCAGCAGGATTCTTACTACTAGTCCCGTCTTCCCATTTCGTAAATACGATTCTTACTCCAGCAGCAACTACCTTCTCCAATTGATCAGTCAGTTTTTGTGATCCATCTACCTGAAAGCATCGAAATCTTGCCTTGGAATTAAAAAAAGCTGCATCAATTCCTAGCCAAGAAGTTTTCTTGTAATGCGTTGATATAACGAATAATTTTCCATCATTCCTGATCACTAACCAATGTTGCATATTCTCGACTTTTGGCCTCATTACTACCTCATGCCCTACGAAAGAGCTTCAACAAACATGGCAGGATTATCATAACTTGTCAAAGCATCTTATCAACAATAAAAGAGGGGGTACCCCTCACCTTATATACACCGGCATCTTATTACTATTCAAATGCACATGCATCCTATAATTCGTTAACATATAAAAAAGAAAAAGTTCGCTCTTCGGATCAACTTCAAAACATGCCTCCCTTTCCGCATGTATTGCGAAATCAATTACCCAATCCTCTAGAACTACCTCCTCTTCCCAGTTATTACTATCAGGAAAATAGTCTTCTTCATAATATTCCTCACTGTCCATCAATATATCATCCATTTTTTCCTCCCCAAAAAACTACTGATATAATATTCTAATAAATTCTTTATGTAAATACTAAGCATCAAGAAAATCCACATCCTTTCGAGTGAAATCCATTCTCAACACCCTCGGAAAAAGTTTATCTCTAGGACATTTCTTAACTTTCTGAGCTACAAACCCAAGACTAGTAAATACAGCTATGCTCTTCTCGCTTTCAGGCTTCACTTCCATATAGACATTCATATCTTTATGCTTTATCCTTTCAGTCAATATCCTCAAAGCCTCCACATCACATCCTCTATACCAATAATCCTTCTCACCAATCAATATCTGTATTTTATAAGAACTACCCACCTTATCCCTTAATAACGATATCATACCAATCGGCTTCTCTTTGTCGATTATCATCAGATAGACATCCTTCTTATTATTCAATATAGTAGCAAACCCCAACAAGACTTCTTCTTTCGTTGGCACCTCCGTGCCAGGAAAAAAACTATCAAGAAGCTCCTTGTCTCTCAGCCATTTCGAAAAACATTCTAAGTCAAATTCGTTTAACCTTCTTAATGATATTTTCACTGTATAAGATAATTTAATGCTGATTATACGGTCATTTTACCCATTATTCTTCTATCTGTCAAAAATAGAGAAATCAGACTTTCATCTGGCAGATATCTTCTCGAATTCCTCAATCAAAACATCACTATCACTCCAAGCCTCCTTCCTTCCAGCCTCCCAACATATCCATGGTTCACACCCCTTTCCAGTAATAACAACAACATCTCCAGGTTTTGCTAACTCCAAAGCCTTCCTTATTCCCTCCCTTCTATCGTATATCTTGAAAAGCTTACTCAGATTTTTCACCCCTGCTGACACCTGATCAATTATCTGCTGAGGATCCTCGTCATATGGGTCTTCATTAGTCACAATGATATAGTCTCCATACTTATCAGCTATCTCCCCTAAAACAGGCCTTTTCCAGGCATCTCGCCCCCCTCCACAAGCACCCAATACACATATTAATTTACTATTTCCAGGTTTAAGAAATTTATACACTTTTTCTAAAGCAACCGGCGTAAAAGCATAATCCACAAAAACATCAAATGGATCAGTAATAACCTTCTCTATCCTTCCCGAAATCTGACCTACTTTCTTTATTGCATCACTACACTGAACCAATGTAACTCCTTGAGATAAGCCAATAGTTATAGCACATAAAGCATTATATACATTAAACTCACATAACAACCCTAACTCAAATTCTACCCCATCAATCTTAAACTTTGATCCGTTAGGAGTTACTTCAATATCTTCAGCTACTACATCTGCATTCTTATTCTCAATACCATAAGTCATCACCTTCTTAGCAGGAAAAGTAAGAAAATAATCCGCATGCTCATCGTCCAGATTTACTACGTGTAGCTCCCTTGCTTCTTTAAATAACTTCCCCTTTTCTCTCTTGTAATTATCAAATCCTTTATGAGCTTCAATATGTTCTGGATTCAGATTAGTAATAGCTGCCATATCAAAATCAATAAACCTATGCCTATGCTGCTTTATTCCTTCTGAAGTAACTTCAAGTATAGCATAATCACAATCTGCTTTAGCTGCCTTTGATAGGAAATTTTGTAATACAAACCTTCCAGGCATCGTCATTTTCATCTTATTCTCCTCCTCATTCTCCCCAATTTTAAATACTAACGAAGAAGAAGAGGCTACTTTTTTACCAGCCTCCTCTAATATCTTAGAAGTCATATTAACTACTGTCGACTTACCCCCTGTTCCCGTAACTCCTAATACCTTCATCTCTCTTGAAGGATTTCCATGTAACACACAAGCAATCAATGCTAACAAATAATGATAAACCCCAATTAGACTATCGGGAACCATTTTCCTTAATACTCTTTTCATCCTCTTATTCTTTGAAATTAATTAATCTTGACCTCCAAGTATCTTCAAAGCCTCCTTTACTCTCTGCTCAACATCCCTCATTTCAACAGGTAATTGCCCTAAAGCATCAATAGACTGCTTCTTGGAAAAACCTAAAGCCATTAACGCCTCAAAAGCTTGGTCAGTATTACTTATCTTCTTCTCCTTCTTATTCACCTCTTCTATCTTACCAGTTAACTCCAGTATAATCTTCTGCAACTTCTTCGCTCCTAATCCCTTAGCTTCAGCTGGCATCTCTCCTTGAGTTAAAACATTTTTTAAGTTCTCAGCCGATCCAAAATTAGCCAAGTTCAGCGCAGTCTTAGGCCCCACCCCTGAGATAGTCTTCAAAGACCTAAAGAAATTAGACTCCTTCTCTGTTAGGAATCCATAAAGTTCTAAAAACTTTTCTCCCACTGCAAGATAAGTATATACCTGCCTCTCTTCCCCGACTTCCACTTTTTCGAGATT
NZ_AP038758.1_gap33	1206834	1207730	896	TGATTCAATTTTGCCACGTCTTCTTCAGGATGTATTCCAGCTTCAAACAATATCTCACTTGCATATATATTTCCTATCCCCGCTATAAAAGACTGGTCCATTAAAACCTGCTTAACTTTCCCCCTCTTCCTTAAAAATAACTTTATAAAATCTCCTAAACGAAAACTTTCGTCCAACGGCTCCGGCCCCACATCTTTAAATACATCTCCCAAATCATTCTCCTTCCATAATTCAATCTTAGCAAACTTTCTCATATCACATAAAGCAAGTTGCCTCCCATCATCCAAAAAGAAGATTGCTCTCAAAAAACGATTATACGGATCATCAGCAATTGATCCAGGCACAGTCGATACCCACATAGACTCCCTTTCTAAATATTTCCAATTTCCTATCAATAAATGCCCCGTCATCTTAAGATGTATCAATATAACTATTTCATTAGACAGAAACAATAAAATATTTTTTGCCCGTCTTCCAACATTGACTATCTGCTGCCCCTTTATAACTGATAACAACTTCTTTGGATCAGAATTCTTCAAAGATTTAGGATTATCAGTCCAAAAATCAAGAAAAGTCCTTCCCAGGACCTCTTCTCTTAATCCACATACAGTTGTCTCTACTTCAGGCAGCTCTGGCATGATTCTATTTAGGTAAATAATTATCAAGCTTTGCAACTATCTCCTGAGGAGTAAAATGTGCTTTTACTAAGAAATCCTTTGCACCAAGCTTTAATCCTCTCTCAATATCTTCACCTTGTCCAAGATTAGACAATATTATAACTGGTATTGTCACAGTTTCAGGATCATTCTTAGCTCTTTCTAATACCTCGAATCCATTCATCTGAGGAAGAATCAAATCAAGAAGAACTAAATCAGGTTTTTCATCCTTAATCTTCT
NZ_AP038758.1_gap34	1212949	1214053	1104	ATCCGACGAAGAAAGAATAAAGCTAATAGAAGAAATAGAAAAGATTATTACCGAAGACTCTCCAGCCATCTTCCTCTATTCTACTGATTATCGATATCTCTTCAGTAAGGAACTATCAGGATTAACTGTCAAGAAAGCCATTGATCAGACAAAGATATTCGACAATGTCCCTAATTGGTACCTTAAAGAAAAACGTGTTTGGAAATAATACTAACAATACAAAGATATGCAAGAAATAGATTTATCAAGTCTGACTCCAGACATCAGAAAACTTGAAGACATGTCCACAGTAGTCTTAGACAAAGAATGGCTCCAAAAAGCTGGAAATCCTGACTTATACTACATGTACAGAGGAGTTAAAGAAAAAGACGGACTTAGACATGACATCACCGTCATCCCTGCCATGATGATGGGCAAAGAATTCGTCAAGACCAAAGGACACTTCCATTCTTCAGGACACCCTGAACTATATACCGTTTTAGAGGGTAAGGCTATATTCTTGATGCAAAAAGGAAACCAAGATTGCTATATCGTCGAAGCTTCAGCAGGACAATCAGTTATTATTCCTGGAGACTACGAACATATCACTATTAACCCCTCACCCAATCAACAAATGAAAATGGCTAACTGGATTAGCTTGGACTATTCTTCAGACTATTCCACAATTAATGACAAGCAAGGTGCTTGCTGGTTCTATACAACCGAAGGATGGAAAGAGAATCCAAACTACGGAACAGTTCCCTCAATAAGGAAAGAACTTCCTTTGGACAACATCCCTGACGACTTGAGCTTCCTCAAGAAGACTGTCTAAACTGGACTAAGGATAGTAGTTAATACTAATAATTCATCTCTCCTGATGAATTAGAATGTGCTAACTACTACCTTATTACAAAATAAAGATTAATAATGAGCTTGCTTCAAAAGAAGCATGGCTTACTTAAGTATTAAAACAATATGAACGAAGAAAAAAATATTACTCCCCAAGAGGGAGAAATGAAGAATGAATCTGGCAGGAAAGTTCATTCATTCAGACCACGTACTCCAAAAAGGAGGATGAACAATCACCTGCCAAGAAAAATGAATAAGAGAAACAGCTACGAAGAA
NZ_AP038758.1_gap35	1260049	1263435	3386	TGTTTCCGTAAACCTCAACGATTTCTGCTCAGTAGCTAAATCCATATCCACAATTTCCATTCCTGCTGGGATATAATCCTCAATTAGAACAAATCTTCTCTCCTTAGGAACAATAATTTCCAAATGAGCCCTAACTACACCCCCTACCACTACAGAACTAAGAGGATTCTTATTCTTAATATCATCTAACGCATAAAAACCTCTTGTAACTGTAAATCCTTCACTTCTAGCATCCACATCCCCTGCCAGATAATACTTAAAAGACATGTCATAATACAGCGAATCCTTAGCAAACGGTCTCTGCTTAGACTTAGTAAACCCTACCACATTATAATCCCCACTCTTTAACTGATTCACTGGTATAGTCGTCTTCAGCTGTTCAAATATATTCTGTGCTCCAAATGAATAACTTTCTACCTTATTCCTATTCAAACTTACATCCAAGTCATATTCCGACTCCGTTTCCTTCTTCCAATTCAAGAAATCTATGAACGCTTCTATTACTGCCAAGTTATTCTGAGTCGAACCCCAAGAACCATCCTTAGACCTAGAATTCAACAACCATCTTATCACTTTGTCGTTATTAGAAGTTTCCCTTTGTCCAGACACTAACGATCTTAAATACAAAGCCGTATTACCAATTGATGTTTCATAATTATACCAGAACCACCTTTCTTGTCTTGGTTCAATAAAAGATCCTCTTCCATCTATATTCAACCTATTATCAAGCAACATATTAATACTATCTGCCTTGGCAGGATCAAAATTACCATTATTCCCCAATATAGCTAATTTTGCCAAAGACTGATTTGTTAGTTCATCCTTCAAAATTTTATCATCATTGACAATTCTCTCAAGAGCCCCCCTAACAACACTATTATCTTTATCTGAAGGCATCTGAAGTAAATTGAAAGCAGCATTAACTATTTCATCATCATCATATTTTTTGCTATCTCTAAAATTACTACTTACATAAGAAACTAATCTCTGTAATCGAGGATCATCATCCCCTATTCTTCCCGATTTATTGAGCTCCACTAAAGCATCTAATACTTTCAAACTTACTGTATAACTTGAAGAATCATTCCCCCATAAACTGAACCCGCCATCCTGATTCTGATTCTTAAAAAGCTTCTTCATTCCTATCTCCACTAACTGATGAATATCATATTCTTCGCCGTCATACCTAACCTTATCAAGCTCTAAACTCTCCTCCACATTTGGGACATTCAAAGCCCGTTCTACCACTGCTAACCCCTTTAAAATACTAGATATCTGCTCAGAACATCCATAAGGATATTGAATGAGATAATTAATTGGATTAGATAAGAACACCGCAAGAGTAGCCGAAGATCTAATTGTCACCTCTCCCTTATCAGCATATAAGTTACTAGGAACATATATCGCCTCTGTCACCGATTCATTAGTTGTATAATTAGAAGTTGCTACTGTTTCATAGGTCGTATTAGACCTTATTACTATCTTTTGCTCCACAGCATCACTCACCCCTTCCCCCTCAGCACTAACAACAAAAGCATGAACCCCACTCGCTACATTATCCGGAGCTTTAACCGGGAAATATACTTGTTTAGACTCCCCCTTCTCCATGTCAATCACATTACTTTGATTCCCGCCTTGAAATACTAAACTACCACTAGAGAATGACACCCTAACTTTTTGTTTCTTGTCACTCTGATTGAATATCTTCGCTCCAATAGTAAAGGAATCTCCTGGTATGATAAATCGTGGCTTCAATGGCACCACCATCAATTCCTTCCTCGTAACAAAATCAGTATAAGCTACTCCTAGCTTTGTATCTGCTGTTATCCCCACTGCCTCTACCTGCCACCTTGTCAAATTATCAGGAAGCTTAAAAGATATTTCCGCTACACCGTCTTCATTAGTCAACACATCACCCTTCCAAAAAGCTGTATCTTTAAACTCACCCCTTGGAGTATTCTTTCCAGAATCTTCAGAACCTCCTCCCGAACCACCCTTAGTACTGGTTTTCTCTTTCTTAACAATTATATTCCTAACATTTGAAGCAGTAGAAACTGTCAAAGGAAAACCATCATAAAAGAAAGCCATTGGATCTTTCTTAGGATTACCCATTAAAGCTAGAACACTTGCATCTACTACAGCGAATGACACCTCAGCTTTAACTCCCCTAGAATCACTATCTTTAGTAGTTACTTTCATTTTAACCTCTTCCCCAGGAGAATAATTCTTCTTATCTAAAGAAATCTCCATATTAATCTTATTAGCTTCACTATCAATAGAAAAACTCTTAGAAGCAAATCTCACTTGCGGATCAGGCGAATGCAATAAAACACTGATATAAACATTCGGAGCGTATTTCTTATCTGCCCTAAACTTATAACTATATATCCCCCCAATAACATCAACCACTTCATATTCAAATACTCTTCCTCTTTCAATAGTAATCAATGCCTTAGCCTTAGGATAAGGAGACTCAATAATGATTTCCCCTGTTTCCCCCTCCTTAAGTTTATCCTTAACCGATCTTATCTCAAGATTTGTGTCATCATTGTGTCGTACCCTCACCACGCCACTACCATGAACATACATAAAAGAATTTGAATAGACAGTATTCCCTTTACTATCAGTTGCAGATACCTGCACCTCATATGAACCCTCTTTATCAAGCTTCAATCCTTCATTAGAATAGTTTCCATCATTATCCGTTGAACCAGTCAAAGTCTTTGCCAGTTCCAACTTTTGCTCCCAATTATAATCATAACTTCCAAAAGAATTCTGCCTCTTAGAATACTCCCATTCCACCCTATATATCCTAATATTCAAATTATCCACTTTCTTATTCTTCCCATTAACATCTACTGACTTCACTTTCAAATTAAATCCTTTGTCCTTCTGGACAAAATAAGGACTAACTGAAGAACCTAGATAAAACTCTCCTGCATGCAATATAATTGATTTTTGATATGAGACATTTTGTCCAAATGAATTCTTTACATTAATATCAAAAACAATTATCTTACTTGATTTAGAATTCTTGAATAACTTATCTAAATCCATCTTTTCAACTATAGAACCCTTTCCATTACCATCTAACGTAGTCTTACCTCTAAAGAGATACCTATCTCCGTAATAATAATCATCGCTATAATAATAATCCTGATCATAGTAATCAAAGTTATAACTCCAATCATCTACTCTATCGAAATAATAATTCTGAGAACTAACCACATACTCTACTTCTGCATTATCAACTGGAACTCCAAAATAATAATTAGCATCTATATCAATCTTTACATCCTCCTTTGATACGAAATCATCCTTACTAGTCGAAGCCTTAACTTCAAAAGCTGCTGGAACATATTCTAATATATTAAAATAACTACAAT
NZ_AP038758.1_gap36	1340382	1345048	4666	TAATCTGTCTTAGTTAATAAAGGCTTCACCCCTCTTGTTATTTCAATAATAGCATAAGGACCAATTACCTCCTCTTTCTCCAACAACCCATCATTATACTCTGACTCCATGAAATCAATTACTGGATTCCTTCCCTCACTCGTAGTCAATATATATCTCACATTATTCATCCCAAGATTTCTAATTCCTAAAGAAATAAATTCAGATAATCTCTCTGAAGAAATATCCATCACTCCATTTAAAGTCCTTCCCTCTATATAATAATTATTCTTCTTCATCTCATAATATTCCATAACCCCCTTATAAAACACATTATAGTCAAATAAATATTGCACACTGTTCTCATTTGCGAACAATGAAGACTCTACCAATAATCCACTATAATTCTCCATACCTATTAAAGGAAGACGTTCACTAAAATAGTGCTTACTCTTCATAACATCAAAAAGATTTCGATCAAACAACAACCTTCCTTTTTTATCATCCAAATAACTCAACACTTCCTCACCCCTATTATCATTATACTTAATTAAATTATACTGTTCATATAAAAAGAAAAGTCCAGATAATAAACCAAATAAAAATACCCACCAAAAAATAACTAAAATATAAAACTTCCCTTTAAAAAAACATTTCTTAATTAAAAACTCTAGCGCATAAGCACTCATAAATACTGTTATTATCATAGTGCCTGCACCAAAACGATAATAATGTATCGGAATATTAATAAACTCTCCTAAAGCTCCAGAACAAAGAAAAATAATTGATAATAAAAAAGTGACTGGGAAAAAATACCTTCTATCTTTCAATAAAAATACTATTCCCAAGAAAGAAAATGTATAAAAAATAATTCCAAATTGATCACCATAAAAGGATTTTAGAATATTAAAATCATCAGGAACACTAAAACCTGAAGTATAATATATATTCACAGCAAATGGGTACCACCAAAAAGCAGTAATAAATAGACTTAATCCAATTATAAATACTATCTTTTTAAAAAAATCAAAGTCTTTAATATTAATCAAAAGATATATGAAAATCAAATAAAAAGCGAAAATAGTCGTTAATATATGTGTTAAAATTAATAAAGATAAAAACAAAACAGACAAGAGAAAAAATATCCTTCTTTTCTCTTTTCTCAATCTCTCTAAAAACCCTAAAAAGAATATCAACAAAGGCCAGGCAAAAGCATTAGTAAACAAACCTACATGATACTGAGAAATAATACCCACCCCCTCCACAATGAGATCGGTATTAGACAATAAAAGTAAGAATGCAAATATAAAAGAATAAAAAGATATTCGGCGATTTTCAAAAAAAGCATTTGCTGTAAAGTATACTGACAAAAGAAATACTTGTGGCAATAATAGCAACAATAAATTATGAGAAAAAACTATCGGAAAATAACTAAAAGTTAATAAATGAATTACTGATACTAATATATATGGAAAAGGATTATAAAAAGTAAATAAAGGAAATCCTCCAAACCAATTCATATCATATCCGCTCAGCTTAAAGGAAGTAATATAATCAAACATCTTCTCAGAAAGATAATAATGTCCATTAGTGTCACAACCTGACAAAGAATAATTTGTTAGCAAAGGAATTAATAAAAAAAACAGAACAGAACATAAGGCTATAATAATAAGCCTATCTATACCCACTCCAACCACCCTATTAATTAATTTATTAATCCACAACATATTACAATCATAATTATTACCTATTGTACGATATCATATCTCTTTATATAATTCTATATACTGTAATAATGTACTATAACAAATTTGACACCATTTCTATTTATGATATATTAGATAAGTAATATAAAGCCGAGGTGGCGGAACTGGCAGACGCGTATGCCTTAGGAGCATATGTCGCAAGGCGTGAGGGTTCAAATCCCTCCTTCGGCACATAACTAAGACACTAAACAGTGTCTTTTTTTTACTGCAAATAAAAAAATGACCCTGTGAGAGTCATTTTTCCAATTCCTTGATTAAACACCAAGCATCAACTTTACCAACGAAGGCAAGGCTCTTGAAAAAAATGCTATACCAATACCGATACAAGCAAATAATAACAGATTCCTTCCCTTCTCAGAGTTTGCAGGATTCTGACCTGCAGTTACAAATAAATATGCACCATACATAATCATCAATGCCGATATTGCCATCAATCCAACGAATATCCAATCAGTAAGATTAAATATAGCATTCAATATACAACAAGCTCCACACTGATTATCTGCATTGCTATACTTACAATAAGCATCACACATAATATTCAACTCTGACAGCTTTGCCAAATTTGCATCGCTTATAGTACAACCATCCAATGGACTATTTGCTGCCCCAACAAACATAGGCATAGAAACAAGAACAAAAAGCCATATAGCAGAGAAAATAGTCAAAAACTTCTTTTTAATATCCATAAATTTACCCATTTATTATTGATTATTTAGCAAAATTTAAAAAGTCTAATAACATAGCTGCAACTGATATTATCATTAGCCCAAGCAATGCATATTTTATTGTAGCTAATCCCATCTTAGCCTGATTTGGATCCTCCCTTGAGGTCATATAAATACCGCCTCCTATAATAAGCATCAACACACAAAACCCTCCACCAATCTTAAGAATAGCACCCTGCATATTCCCAATGATTTCTACCATATCATCCAATCCAGAAGTATCAGCTAAAACAACAACGGGAATCAATAGTAAAGAAATTAGTAACTGAAATATGATTTTCATTTTCCTTATCGTTAAGCCATATCAGCCACAAAATCGTAGAGCATTGCTGCTGCCATAACAAGAGCTAAACCAATAAGAGCAACCTTTACCGTTAATAGGCCATTCTTAGCCTGACCAGCATCCTCTTTTGCAGTCATATACATTCCTCCTCCAATAATAATCATCAAGATACAAATCCCCCCAAGAACAGTCAAAAGTTGTCCCTGCAGCTCTCCAATCATTTCCAACAAGCTCCCTGACCAAAACCCCACTTCGTCAGTTTTAGAATCAGCTGCCAAACAAAGACCTGAAGCAAAAAGAAAAGTTAAACAAGTTGCGATTAAATATTTTTTATTCATGTATTTATTACTTATTATAATTTTATTACTTACTATTAATAACATCAAAAACAAAGTTATAGATAGCCTTACTTGCTATAAGAACAATCAGCCCAAGGGAACAATACCATATTGTATTCTTAGCTTTTTTAAGCTCTTCCGGATTACCGAATGAGGACATTAACTTTATTCCAGCCAAGATTATTAATAAGACAAAAATCCCACCAGCCACATACATCAAACCATCAAGAAGAGCATCCCCTAACTCTTTCAAAGTCTCCCAAGGTAAGGGATTGTCAATAATAGCAGCATTAGCTAATCCTATACCTAAACATGTAAGGATTAGAAATGATATGACTATTTTTTTCATATTTTCCTTATTATTAAACATCTATGATAACCTCCTGCATCAAACTCTTTCTCTATCTCAAATCCTGTTTTTAAGATACATTCCCTCAATTCACTGAAATCAACCAATTCCTCTTTTAGTCCAAAAGGATTTCCATCCTTCCAGTCCACTATCACTGCCTGTCCCCCATCTTTCAAGATTCTCTTCGCCTCCCTAAGAACCGAGAGATTATCTTCCACTTGGAACAGTAGATTAGCGATTACCAGTAAATCCACTTCCTTGTCAAATATTTTAACACCTTTTTCTAAATCTGACAACAATAATTTTACATTATGCAAACCTAACCTCTTAATATTAGCACCAAGAAAATCAAGTGACTCACTTGAAACATCAACACCATAGACCATTCCCTTTGGCACTTTTCGTGCCAAAGGTATAGTCCATCCATTTGAGCCACATCCGAAGTCACAGATTATTGCACTTTCAGATATGTCTAATGAATCAATTATGCTGTTTGGATTTAAGAACTCCGTTTGCATATATCCTATTCTTCTTCATCGTCTTCTAATACTTCCTCTTGATGCTCTAAACATGCAGCTGAAGCAACTCTATCACCTTCTTTAATCTTCATAATCCTTACACCCTGAGTATCTCTACCTAGCTTAGGAATGCTCGATATCTTTGTTCGAATAGTCTGCCCCTTCTGAGATATTACAATCAATTCTTCTTGCGTTTGAATGATTTCTATCTTGACAATATTACCTGTCTTAGAAGTAATCTTCGCGGTCTTCACCCCAGAACCTCCCCTTCCCTGCCTCTTATACTCATTCACATCTGTCAACTTTCCAAATCCATTCTCCATCAAAACTAATAAGAAAGCTTTTTCCTTTGCTTTTGCCTTCCTTATAACCTCCATACCAATCACCTGATCCCCCTTCTTCAAAGCAATACCTTTAATTCCCCCAGCAGTCCTTCCCATGGAACGAACCTCTTTCTCAGCAAACTTAATAGATTGACCTTCCTTAGTTACTAAAATAATATCATCTCCATCTCCTATCTTCTGTACTCCACAAAGAGCATCGTCTTTCTTCAATCCGATTGCTATCAATCCATTTCTTCTAACATTTTCAAAATCCTTCAAAGGAGTCTTTTTAACTATACCATTTTTAGTAGCCATGAATAAGTACTTTACTTCACCTGTCCCCTTCCTATCGTCCTTATTCAAAGGTAATACTGATAAAATC
NZ_AP038758.1_gap37	1347931	1349370	1439	CGGGAGTAATCCCCTATGCACCTCAAGCATAGATGTCTGCCGATTCCATCACTCGCCCTTAAATATTCTTATAAAAAGAATATTTTACTAAACACTTAAGCTACTTCTTTCTCGATAGCAACTGTCTTTAATCTTGCCTTTCTACCTTTTGCTTCTCTTAAGTAGTAGAGCTTTGCTCTTCTTGTCTTTGTCCTCTTAACTACCTCAATCTTACTAAGAGTAGGCGAATGAATTGGAAATATCTTCTCAACGCCAATTCCAGATACTACCTTCCTTACTGTTATAGTTCCAGAAATACCTTTACCATGCTTAAAGGCTAATACCTGCCCTTCAAAAACCTGAATTCTCTCTTTATTGTTCTTTTCCTTCAAAATCTGATGAACTTTAACAGTATCCCCTGGCTTGATTTCAGGCAAATCCTTTCTCAAATTTGCTTCAATTATTCCAGGCTCATTAACGACCTCAACCTCTTCTTTAATATCAGCTTCTTCAGTAACGCCTTCCTCGACAGTTTCAGCTTGTGCTTCCTCCGGGTTAGGATTCTCTGCTTCAGCAGTCTCGACAACCTCCTCGACTTCAGTTGTCTCTATTTGATTTTCTGTTTTATTTTCTTCTGCCATTTTTTTATTACTTAATTAATCTTCATTGGTGGGCGTATCCTGACTCGAACAGGAGGCCTTTACGATGTCAACGTAACGCTCTAACCAACTGAGCTATACGCCCTTACGCAAGATTACGATATTCCCATTAAAGCAAATTAAACTATAAAAGTCAATCCTTTTTCTTGCATAATATTATTTACCGCCGATCAGATAAACAATGTGCGCGTGAGTGGAATCGAACCACCGACCCCAGGTTTATAAGACCTGTGCTCTAACCCCTGAGCTACACGCGCTCAAAGAGTTGCGAATTACTTCGCTCCCCCCTTTATTATCTTTTCAAACTCTTCTTTTTCAATAGTTTCCTTTTCCAACAACACCTCAACAATCTTCTCAATCAGACCCTTATTCTTCTTTATAATATCATCTGCCTCCGATTCTGCCTTCCTAATTATCTTCTCTACCTCCTTATCAATTAATTCTGCGACATCCTCAGAATAATTCTTAGACTCACCATATTCCTTCCCCAAAAACAGCTCAACATCCTTCTCACCAAAAACAATTGGCCCTAATGAAGACATTCCATAATTCTTAACAATAGCTCTTGCTATCCTCGAAGCCCTATTCAAATCATCAGAAGCTCCAGTTGACATATCTCCAAACACGAACTTCTCAGCACAATACCCTCCTAAAGCAACAGCAATATCTGCCTCCAAATCAGTTTTCGTCCTAAAATACCTTTCCTCCTTAGGAACTTTTAGGGTGTATCCAGCTGCCATTCCTCTGGAAATAATAGAAATTTTCCTTACTGGTTCTGCATTAGGAGTCAAAGCTGACACT
NZ_AP038758.1_gap38	1375854	1378920	3066	CTTCTTAGGGATACCGCACTGGTCAAGATTCAAGTTAGCACCGACAACGATAACGCTTCTACCTGAGTAGTCCACCCTTTTTCCGAGTAAGTTCTGCCTGAACCTTCCCTGTTTTCCTGCAAGCATATCAGCAAGACTCTTGAGAAGCCTCCTTCCTCCAGTACTTGCCTGAGTAGTAGTACCTTTTCTCATCTTGTTATCGATCAAGGCATCTACAGCCTCCTGGAGCATCCTCTTCTCGTTCCTGACGATTACCTCAGGAGCACCTATCTCAAGCAGATACCTGAGACGATTATTCCTATTGATGACCCTTCTGTATAAGTCGTTCAAATCAGAAGAAGCATACCTTCCTCCATCAAGCTGGACCATTGGCCTCAAGTCTGGCGGCAATACTGGTAAGACTTCTATGAACATCCACTCAGGTCTTACTCCTGATTGTATCATCTCCTTGAAAAGCTTAATCCTCCTCAACAAGACCCTCTTCTCTTCTGTAGATTTCTTAGTGTCAAGCTGTTCGACGATTTTCTTAGCTTCTGCTTCTAGGTCTAGATTCTTGAAAAGTTCCCTAATGACCTCAGCGCCTGTTCCAGCATCGAATATATCACCGTACTTAAGAGATAATCTGTGATATTCCATCTCACTCAATATGAGCATCGGCTTTATCTCAGAGACCTCTTTCCTAGTCTTGTCCCTAGTGAACTTCAAGTCTCCCAAAGCTTCCCCTAGCTTCTTCTCTTTTGCCTTATCGGTAGCACCTAAGGTCTCGATAGTTTTCTTGGTCTCTTTCACCTTTGCCTTGTATTCATCTTCAATTTCTTCAAGGATATTAGCTTTCTCCTCTTCGTCTACCTTGGTGATTATGTATGAGACGAAATAGACGACTTCTTCTACCTTATATATAGGCAAACCCAAGACCATACTAATCCTAGAAGGCATACCTTTTAAGAACCATATATGAGAAACTGGAGTGGCTAATTTTATATGCCCCATCCTCTCCCTTCTTACTGAAGACTTCGTAACTTCAACCCCGCAACGATCGCAGATTATTCCTTTATACCTTATCCGACTATACTTGCCACAAAAACACTCATAATCCCTTGTCGGCCCAAAAATCTTCTCACAAAATAACCCATCTTGTTCTGGTCTCTGCGTCCTGAAATTGATAGTTTCTGGTTTTATGACTTCACCGTAAGACCAACTCAATATCTCTTCTGGAGAAGCTAATTTGATTTTTATAGATTCAAGATTAGAAACAAACATTGATTCTTTTTATTAGTTAAATATTCCTACTCTTTGCTCAGGCTTTCCTTTAATTACTATATCAAGAGAAATAACTTTTAATTCTACTTGCATTAAATTACATCAAAGCGGAACTTTTAATTTTAATTTTATTAAATAATACTATTTCAGTTCCAGTCCCTGCATTAACAATAAACCCCACAGATAAAGATATTAAAAAGTAATACACTAAACACCCTAAATACAATAAACTTAATACAAATCGACAAAAAAACACATCATTAATTTGTCGAAGTTTTTATTTTATATTTTTACAAAACACCTCAAAAAATGAGGTGTTTTATATTGACCCTTTTTACTGATTACCAAATTGTTACCTTGCTTAATCATTGCTTTTATATTATTATCTTTCAATAAAAAATTCAACGTTGATAATATAGTAAAATCAGGGGTAGGGTAAAAATTACATTAATACATTTTCTGTAAACTCTGGAATAATAACCAAAGTATCTCCCCTCTCCTCAAATCCAGTTCTAACATCCTACAAGATGGCACCCATTGCGGGATTCCTGAAGCTCAGGAGTCTCTTTTTTATTGATAAGACAAGATAATTCGTTGGTTCTAAATTTATTATTCTCATAGCTCACTCCTTGAGGGAATAAATACCATTAATAAAATTCTATTTTTTTGCTTGCCTTGTTTGGATTAATGATTTAATTAAAGACAATAATCCAACCCTATCACAACTCTTAATTGACTGAAAACTACAAGTTTCTTTACTTGACTTTAAAAACAGCTGCCCAACCAAGTGATAAGACTCCTCTCCTGATTTACTTACAGCCTTAACACACAAATAATCATTACGATTACCTGTTAATGTAAAATCAACTCCGCTTGTAAAGGAATTATTATATATATCATTGCTATCACAAATATTATCAACAGAGAACCCATAACTAGCATTTAAAACATTTTCGGTTTTTATATTATATATTTTACCATTTAATACCACCTTATTGCCTAATAACTCATTTTTATCGCCAGTTACTTTTTTAATCAATTTCCAATTTATACCATCAAAAGAAACATTTAATGTATTATTTCTACTAGGTGACATAATAAATAATCCATTTTGCTGTATCGGTAGAGACATAGATCCATCCATCTTAACCCTTTCCCAATTTATACCATCAGAAGAAACTAAATTAGATTTAGGAACGAAAAATAAACCACCAGTAAAATTAATTTTAAAATTAGGCGTTCCTGATAATGTTTTTACGGTTTTCCAATTCATACCATCCTGAGAAGTTACAAGCGAATTATTATTATATCCAACACACACCCCATTACCACATGATATACTTTCCACTGTATATGGTAATGGGTAAAACTTCCAAATAATAAAATCGGAAGAAAGCGCAATACAACTCTTTGACTTACAAGAACCAGAAGCTAAATAAATACCATCATTATATGATAATGAATAAATGGAATCTATACCGACGATATGACGCTCCTCCCAATTGACACCGTCATCAGAAAATAATATGCGATTTTCTTTATAATTAAAAGCAAAGAACCTTTCCTCTAAATACCGTATTTGACTATAAACAAAAGAATTAGATGTTCTCCAATCCATACCGTCAGAGGAAATAGAAATACCTCCTTTGTTACTTACGAATATTCCTTTTTCATAAATCAGATTATCAGAATACATTGATTCGATGCCACTAATCAGAACTTCACTCAGTGAAATATTTAATATATTACTATTCACAAAACCATTTGATGGCCCTTTATTAATTTTTAAAAAAACATTTGATGGAT
NZ_AP038758.1_gap39	1395961	1398436	2475	AATATATATTCCCCCAATAAATGCCTGGCTGATGCATTTCTTTATCTCCTATAACTATTCCATTATTTATTAACGTAAATAAAATAAATAGGATTAGAATAATGATATACCCTACGTTTTTTTTGGTATATATCAAAATCCTCTTAAATGAAAAATTAAATCCGTTTTCTAGGATATATCCATAAAAATAAAAGAACCCAGTCCATACGATATTGTTCTGTCTGACTAACACAGAAGCAAGAGAAAAAAGCTGTGCCATACATTTCCTTCGAGAAATAACCATATAAAAAGCTATTAGGACTAAAAAAAGAGAAAAAATATCAGTATAGATTAAAGCGAAATATATGAAGCTTATTGGCAAGAACACGAATTGAAGAGTTCTAAATAAGTAATTTTTAATATTTAATTTTATTGCTAATAAATAAAATATCCAAACCGAAACAAGCGAAATTAGAAAACTCACTAGTCTTAACCCAAAAGTATTAGAAGAATATCCAAACATACTTGAAACTTTTGCAATAACAAGATGATAAAAAGGAAAAGTAGTAATTTTGGGAACAATAGAATAATTCCCAGATAAGAATAAACTAATTTGACTATAATGAATATATTCATCTACATAAAAATTTGGCATGAATAGAAATAAAGACCACAGAATAAGGGCTAGTATCAAAAAACATATGAAAGGTAAGTAATTCAATTTTGTTTTATTCATCATTAGACTCATTCTATCAAACCGAACAATAGTGTCAACGCTAATATTATCTAATAATATAGTAATCTAAAAATTATTTACAGTTTTTGACTAAGGGGTGAATATTCACCCGTCAATATTTACCCCTCCTAAATTCTTAAATATTAACTAAGCTATCTCCCCTATTCTCAAATCCAGTCCTAACATCCTCCACGATGGCACCCATTACGAAGCTCCTGAAGATTAGGAGTCTTTTTTAAAAAACAATAAAATGTATCTTTATTTTACAACCTTCTAACTTTCCAAAACAAAGATTTCAAATATATACACAATTAGTCTTTTATTAACTTCTAGCAAGATTCAACAAGGTAAAGCCCTCTTTTTACTCCATCTATCTCACCAGAAATAGAGAAAAATAATTCTTTTAAAGTAATATCTTTAAGAAATGGAGGTTCAGAATCACCAATGGTTACAACTTCCCCCTGCACCCTAATCACTAATCCAAAATGTCCAACACCATCTTCTTTATTAAAAATACTATTATTAAACCTTACAACTATGTCTATGTCCTCTTCTCTTAATTTTTCCATTAGAAAAATTTCTAGATCATTAACACATTTAAAATGAAATTCATCAGATATCCAAAGAGGTATATTGAATTTTTCAAAGAATTTATTAATTGAATATTCTTCTTCCAATATCTGTGTTCCGTATTCTTTTGCTCCCAATGAAAATAATCTTATCTTCTCATTATCAAAATACTTTAAAAACCCTTCCGGAACCCTTAAGCCTAATTCTGCCCCAATTAGTATCTGGTCATATATGTCCAGCTTACGACGATATAATATCCATTGCAAAATCGCTGGAACACAACAATATGGAAGTTGAGGTATCGGCCTATATTTCTTTTGACTTCCTTTCATCTTTTAATTAGATATTTTAAAATATAAATACAACCAAGAGATTGACAAACCGAAATAATCTACACCTCTGATTCCTTAGATTTATTTTTCATCATCATATTATGTAAAACATTTCCTGCTAAATGAGCATGCTTCTCATCAAATATTATTGCTCCATGATTTCCTTTAGTAGTAATATAGTGATCAACATTTTCATCACTCACTCGATTATTTATTTCATTAACAGTAAATACTTTATCATTTGCCCCCGCCATAAAACCTATCCCCATCCCCTTTTCCTTCAATCCTTCTGTCATCGAAAAAATATCCAACTCTGTCATCTCATTTACTTCCTTATTAGCAAGAGATATATTCTCAAAAAAATTCTTAGCAACATTCTTTAAATAATTCTTAAAAAGAAGTATCTTTTCCATATCCATTCCCCTCATCTCTTCCAAACCTTCATCTACAGCAAACCTCTTTATTAGCTCCTCCTTAGAAACATCTATAGATCCTGCCGGAGAAACAAATAATAAGTTCCTAAATCTTTCTGGAAACAAAGTCGCAGCGATTGCCAAATTAAGCCCACCTTCAGAATGTCCAATACCATCAACACATTCTAATCCTCTGCTGTTAAGAATACTAATTATAGTAAGTGCTTTCTGAAATTGAGCAACTGGTATCTCTTTCCCAATAACATCACCTTCTACTATCTCCTCTCTTGAATACTCTGTCGTGATGACTTTTCTCTTACATTCATCAGATATTATTTTCAAAGAATTCTCCCATGTCTCTGGAGCAACCCCCCATCCGGGTGAAGCAAAAACAGGAACATCCTCTACCTCCTTTTCTGGAGCAACCTCCAATATCTTGTTTTCA
NZ_AP038758.1_gap40	1399524	1401401	1877	AGTTCCACAAACACCATTCACAACAGGTAGAGTTGTTTCACATCCAGTAGTAGGAACCCCTCTATATACTCCTTCTCCATCTACAGAATATAAAGCATAGCAATACTCCGTATCAGCACTTAATAATGTATCAATAAAAGCATTTCCACTGTCATTATATATCAAAACTCCATCCTCACTACTCTCTGGTATTGAACCTTGCTTCCTAATAATAGCAGTATTGGTTGCATAATCACCTCTAACCCAATTCAAGATAATTGAATTATAGGCTACGGTAGGAAAAGTCAATCCAGTCGGAGAACCCATATCCACTAAAGTTCCGCATCCTTGAAGATAGTTTGTAGATAAAGCTGACGTCACTGGATTATACGCCCAAACGCTATAACAATATGTCACCCCACTTTCAAGAGTCGAATCATTATCAGTAAATGAAGATGCTGTATTATTATAAACAGCTACCCCTTCATCGATTGAAGTCGGTGCACTTACGACCCCCCTCCTTATTACTGAGTTAGTCGAACTACCTTTAGTCCAAGATAAATCAAAAGAATCCATCGTTGAAGAAACTGATAAATTAGCCGGGTCAGAAGGAGGAACTCCTCCACAAGCTAAAACAAATCCATTTGAATAAGCATTAGTCCTTTCATCATATGCCCAAGCAGAATAACAATATATCTTATCCTCAGTCAGTCCAGTGTCAGTATGCATATGAATATCAGTAGGATCCTGGCCATCCTTATCATTCCTCTCATTATATATCAAAACTCCATCATCTAATGTCTGTGGAGCTAAAGAAGCTGGAGGTACATTATCTAATCTCCTTATAATTGTATGCGTAGACAAATATCCAGGAACCCAAGTCAATGTTATATTCCCAGTCCCATCTGGATTCCTCGTAGCAGTTACCTTAAATGACTCAGAAGTAGACCCTCCGCTCGTAGTTTTTCCACCAATAGCAGGAGGACTCGAAGCAGCAGCTGGCTCATAAGTAGAAGGAGAAGAAGACGAGTAAGACGATGAAGAATATGACTTCCCGCTACTACTAGGAGAAGACCCCACTACACCAGGAGCAGATACAACAGTATTATCATAAGAATAAGTCTTACAATAATAATAATGATCAGGATTATCTAAAGGGCTCTTCGCTATCTATAGTGGGTAGCCCCACAGACAGCAGGTAGCTCAAACTGTAACTTTGAACAGCTGAGGTATATCATGGTAATGAAGTTGTCTAAATTCTTGTATCCTCTAGCTCTACGTTTAATAGTTTGAATTACACTATTAATTCCTTCTGATGGCCCATTAGATATCCTAGAGTTGAAGAATGCCATTATGCCATCCCAATGATTCTTAATAGTCTTAGCTATTTTAATCATTTGTTCTATCTTTGAATGAGTAACCCAGAAATACCATTTTTTGAGAGCTGCTTCAGCTTTCTTTGAATCATGTATCTCATAGATATCTCTTAACGCTAATCTAATCTGATAAGCTTTAGCAGTCTTCAGGTTTAGTTTTGTCAGAGAGTTCAATCTCTCTGATTGTTTTTTAGTAGTTGTTTCAGGATTATGTAACCAAGCATACCTTGACCCTTTGAGTAGTGGATTGTTCTTTTGTTCATCCTGTCTCACTTTATCTAAAGCTTCATTAACTATCTTCATTACATGAAACCTATCAAAGACAATCTCAGCATTAGAAAGATAATCTTTAACTCCTTTCTTGAAGGCAGGAGAAAGGTCAATACAGGCCTCTTTGATGTTATTAGGATTACCATTATGTTCTCTGAGATCGATTGAGAAATCCTTGATAGTACCGCTATCTTTGCCTTCTGTGACGAATAATACCTTTGACTTTAAGGTATCTATGAAGACTGTGATATA
NZ_AP038758.1_gap41	1411379	1412788	1409	TGGACCTCTCTCATTGGTGTCGTTATGGGTAGTCTCAGTGCCGGATATTATTACGGAGGAATAATAGCTGACAAAAATCCAAATTATAAATCTTTCGGTAGAATAATGCTCATATCTGGCATTCTCATTATTGCCTCGTTTCTCTTCAAAGAAATCATTCCAGGCATATTTTCTGAAATAAAAAAACTAGAAATATCTTCCCTGCTTTCATCTCTCTTCCTCTTCGCTCCAGCCAGTTTCTTCCTTGGCATGATTTCTCCCTATGCAGCAAAACTCAAAAGCCTAGAAATCAAAGACTTAAAAAAAGACATTGGAAAAACAGTCGGAAACCTTTACGCCATTTCAACCGCAGGAAGTATCTTTGGAACATTTCTTGCTGGATATTTTTTAATCCCTTTCTTTGGCACTACAACTATACTCTTCTCCATCGGAATCATCCTTATTATTTTCTCTCTTATTATCACCCCTCTTAAAAACCAACACCTCTTCGCATTAATCACTTTCGCCTTAATTTCATACTCCACCCCTCTTATGCTTTTTAATGAGGATAATATTGTTCTAGAGGTCGACAGTCTTTATGACAGAATATTCGTCACTGAAGATATTCACTATCAGACAAAAAGACCTTTATTATACATAATGAATAACTCATCAGGAATACAATCAGGAATGTTCGCCGATAAGGACGATGACCTAGTCTTTGAATACACTCGATTCTATAGACTAGGAGACCATTTCAATCCAAACATAGAAAATGCTCTTATGATTGGAGGATGTGGATATTCATACCCCAAGGACTTTTTAAAAAGCCATCCTGGAAAAAAAATGGATGTCGTAGAAATAGACGAAGCCATGACAAAGATTGCTGAACAATACTTCCATCTCGATACAAATCATCCCGACCTTAATATATATCACGAAGATGGAAGAACATTCCTTAATCGCAACAATAAAAAATATGATGCTATATATATTGATGCCTTTAACTCTGCTACCGCTATCCCCTACCAACTAACCACCCAAGAATCAATGAAAAAAAAATACGACTCACTTAATGAAGAAGGGGTAATGATAATGAACATCATTGCTTCAATCAATGGGCCAAAATCAAAATTTCTACAAGCAGAATACAAAACAGTTTCATCAATATTTCCACAAACTTATGTCTTCCCCCTTCATATAGAAAATGAAAAAACTGTTCAAAACATAGTAATGATTGGTATTAAGTCAGACAAAAAACCTTCTTTTAATAACCCTGACCCAGAACTTAATAGATTTCTCAGTATGTTATATAAAAAAGAAATAAGCACGAATATTGCCATACTCACAGATGACTTCGCTCCCGTAGAATATTATCTTAATAACTAAGACTAGCCAGTGGCTAGTCTTTCTTTAATTCACTATCTTTT
NZ_AP038758.1_gap42	1414510	1416918	2408	TGATAAAGTTATTATAAAAGTTCTTGCGTATTGTCCAATACCGACGCCAACAGTCACACCGACTCCGACGCCGACATTTACTCCGACGCCAACAGTCACACCGACTCCGACGCCGACATTTACTCCGACGCCGACATGTACACCGACGCCGACAGTCACACCGACTCCGACGCCAACACCAACACCTAACAGACCCCCAGTCGTCCACATATATGGAACAAGATATGTAATGGCTGGACAACCAATTCAAGCAAGTGCTATGGCCTACGACCCAGATGGAGACTCAATTACTTATAGCTGGACAGCCAGCGAAGGAGTAATTAGTAATCCCACTGGATCAAAAACCACTATTAGCACAATTGGTGGTATTACTTCGCAAAAGCGAGTAACTGTTAATGTAATGGTAAGGGACAATAAAGGTGCAAGTGGCTATGCTACAATGTATGTCACGGTAATACCATTTATAACCCCTACCCCTACCCCAACTCCGACACCAGTCCCAGAAAATAGGGATCCAGTTGTCAGTGTTTCTGGTCCAACGACCATTAACTCTGGCGAACTGATCTACGCGACTGCTACGGCATCCGACCCGGACGGTGACCCGATTACCTACAGCTGGTACGCCAGCGAAGGTGCAATCAGCAACCCGAACGGTGCTACGACAACCGTGACTACCCCGACATATATTACAAGTCCGGTAGACATGGTACTGAGGATAACGGTGTCAGACAATAGAGGCGGCAGTGGAATGGCCACACTCAATGTAAGAGTGATGCCCATAAGTACCCCTACCCCAACTCCGACACCAGTCCCAGAAAATAGGGATCCAGTTGTCAGTGTTTCTGGTCCAACGACCATTAACTCTGGCGAACTGATCTACGCGACTGCTACGGCATCCGACCCGGACGGTGACCCGATTACCTACAGCTGGTACGCCAGCGAAGGTGCAATCAGCAACCCGAACGGTGCTACAACAACCGTGACTACCCCGACATATATTACAAGTCCGGTAGACATGGTACTGAGGATAACGGTGTCAGACAATAGAGGCGGCAGTGGAATGGCCACACTCAATGTAAGAGTGATGCCCATAAGTACCCCTACCCCAACTCCGACACCAGTCCCAGAAAATAGGGATCCAGTTGTCAGTGTTTCTGGTCCAACGACCATTAACTCTGGCGAACTGATCTACGCGACTGCTACGGCATCCGACCCGGACGGTGACCCGATTACCTACAGCTGGTACGCCAGCGAAGGTGCAATCAGCAACCCGAACGGTGCTACGACAACCGTGACTACCCCGACATATATTACAAGTCCGGTAGACATGGTACTGAGGATAACGGTCTCGGACAATAGAGGCGGTAGTGGAATGGCCACACTCAATGTAAGAGTAATGCCCATAAGTACCCCTACCCCGACACCAACACCAATCCCAGAAAACAGAGATCCAATTGTCAGTGTTTCTGGTCCAACGACCATTAACTCTGGTGAACTGATCACTGCAATAGCAACGGCATCCGACCCGGACGGTGACCCGATTACCTACAGCTGGTACGCCAGCGAAGGTGCAATCAGCAACCCGAACGGTGCTACAACAACCGTGACTACCCCGACATATATTACAAGTCCGGTAGACATGGTACTGAGGATAACGGTGTCAGACAATAGAGGCGGCAGTGGAATGGCCACACTCAATGTAAGAGTGATGCCCATAAGTACCCCTACCCCAACTCCGACACCAGTCCCAGAAAATAGGGATCCAGTTGTCAGTGTTTCTGGTCCAACGACCATTAACTCTGGCGAACTGATCTACGCGACTGCTACGGCATCCGACCCGGACGGTGACCCGATTACCTACAGCTGGTACGCCAGCGAAGGTGCAATCAGCAACCCGAACGGTGCTACAACAACCGTGACTACCCCGACATATATTACAAGTCCGGTAGACATGGTACTGAGGATAACGGTGTCAGACAATAGAGGCGGCAGTGGAATGGCCACACTCAATGTAAGAGTGATGCCCATAAGTACCCCTACCCCAACTCCGACACCAGTCCCAGAAAATAGGGATCCAGTTGTCAGTGTTTCTGGTCCAACGACCATTAACTCTGGCGAACTGATCTACGCGACTGCTACGGCATCCGACCCGGACGGTGACCCGATTACCTACAGCTGGTACGCCAGCGAAGGTGCAATCAGCAACCCGAACGGTGCTACGACAACCGTGACTACCCCGACATATATTACAAGTCCGGTAGACATGGTACTGAGGATAACGGTCTCGGACAATAGAGGCGGTAGTGGAATGGCCACACTCAATGTAAGAGTAATGCCCATAAGTACCCCTACCCCGACACCAACACCAATCCCAGAAAACAGAGATCCAATTGTCAGTGTTTCTGGTC
NZ_AP038758.1_gap43	1442378	1444184	1806	TAGTAGGGTTGTATGACCAGATTGAATAGCAATAAGTAGTATCCTTAGTTAGAGTGATGTCTGTATCAGTAAAACTAGAACTAGTAGAATTGTATACTAGAGTTCCTTGTTCTTGGTTTTGAGGAGGAGTATTGATACTTCTTCTAATTACTGTATTAGTAGAGCTTCCTTTAGTCCAATTTAGATTAAAGGAATTAGTAGTACTAGTCATGGTTAGATTAGTAGGATTACTAGGAGGAACACCACCACAGGCAAGGACAAAGCCATTAGAGTAGGTATTAGTCCTCTCATCATAAGCCCAGGCAGAATAGCAGTAGATATAGTCTTCAGATAACCCTGTATCAGTATGGTAATGGATACTAGTGATATCTTGGTTATCTTTATCATTCCTTTCATAGTAAATACTAGTTCCATCTGTTCTTGTTTCTGGAGGAGTATTGTAGTCTCTTCTAATTAAGGTATGAGTTGATAAGTAGCCTGGTATCCAGGATAGAGTGATTGAACCTGTACCATCAGGGTTTCTGATGGGTTCTAGGTTAAATGATGGAGAGGTAGAACCTCCGGTAGTAGTACTTCCTCCAATACTAGGAGGGTTAGAAGATGCTCCTGGGGTGTAAGTACTAGGAGAAGAAGAACTGTAACTAGAAGAAGAACTGGAAGAAAATCCACCAGTACTAGTATTAGGAGATGATCCTGGTACTCCTGGATTAGTTATTACTGTATTATCATAGCTATAGGTCTTACAGTAGTAGTAATAGTCTGGATTATCTAAGGTTATTCTGTATTCATTAACAGCATTATTGACTAGAGTGACAATAGTTCCATGAGTGAAGAGGTATTCGTCTGAAGGAAGAGAATTAGGGTCTAATTCTGTTGCTGAATCAAGACAGATAATAGCTGAAGAGACATTGCTAGTAGGAAGAGATGAGAGAGAAGTAGGAATAGACCAGATTAGGTCTAAGTAAGTGCTTCCATGAAGGAACATGAAGTTCTGGACTAGTCCTATTCCTCCTTCATTGTAAGTAGAACAGATAGTATCTGATCCAAAGAGGTTTAATCCTGTAGACTTGATGAAGCAAGAACCATCATCAAGGATGGCTGCTATACTGAAATCCTTACCATTACCCTTGTATAGATAGGCTTTAGTAGGATTAGGGTCATAAGGAGTAGTCTTGAGGAATTGATCTATGAATGACTGGAGATTACTATTAGTCTTCCCTGGTTCTATAGTAGAGACGATATCAGGATAAGAGGACTCTGATAAGGCATTCTTCCCTACTATGCTTTTGTATAGATTAGAGATATCGTTCTTTCTAACTGCGTCTTGGGCTAGAGAGCGAGAGCCTCCTAAGTTGGCAATGATGAAAGCGACCAGGATACCAACAATAGAAATTACAATCAACAACTCTATTAAAGTAAAAGCTCGCATCCTTGATTTCATAGATTAAAATTATCTCTTCTTATACCTCCATTATAACGGTACATAAGATAAGGTGTCAAACAAAAATCCAGCCCTTTTAAGGCTGGATAATACTAATCCTCTAATCCTAATTTTTCTACAATCTCCTTCCTATCAAACCCTACAATAAAATCATCATCAATAGCTAATACCGGTACAGTAGATTGCTTAGTCTTCTCAATCATCTCTTCCTGAGCCTCTAAATCTTCCGTTACATCAATCTCTTCAAACTCTATATTCTTCTCCTTTAAAAACCTCTTAAGAGTCATGCAATAAGGACAAATAGGTGTTGTAAATAATCTTATTCTTGCCATATATTTTTGATTGATTAATTATTATTCAATTCT
NZ_AP038758.1_gap44	1452203	1455552	3349	AGAATTTGACTGAGAATCAATTTGATGCGTTAATGCAGTCTTCACCCACATAGACATAGAATATGTATTAGTCATTGTCTCGGGAATACTTAAATAATATGAAACTGTTCCAGGATTAAATTGCAAGGAATAGCTTCTTACTGAATCAGAGGACTTCACGACATATGTCGTATTAGTAATTGACGCATCCGCCACTCCTGGTGCATGATTTGGAACCACCGTCCCAGAAACATCATCAAAAGTATAATACTGTCTCAATCCATTCTGACAAGTCGTACACGGATGAGTCCACCCTCCCCCATCAGTAACCATATCGCAATAAGCCTGAAAAGGAACATTGCCTCCAGTGCCATCAGGATCGATGGTATAGATACCACTAATAGTAGTTCCTGTAGCAGTCTTGATAGTCTTGCAAGTAGAACTAGAATAAGTAGGTTCTAAGACTCCTTCCCTAATCCACATCTTGAAGGCTTTCCCCCAAACAGAAGTATCATTATAAGTAGAATGACAACATCCACCAATCGAAGTATTATTACTCGCCCAAAAAGACAAATGTCTTCGCGAATCCCCTAAAACATTATTTACTGGCCAATCAAGGAGAGATCCTCCTAAATGACCGGAATAATAAGACGGAACAACAAATGGTTTAGTTAAATCATTAGTCCATTTGAAGTTATTAGTAGGAGAAGTAGTAACCATGGTAGAGAAAGATACTCCATTAGGAATGAAGTAATCCTTTACTGTTCCCATATCTATTCTCATGGCAGGATTAGTATATGTATTGAAGTCAGATACCTTATGAATCCATTCAGATAAAGGAAGATAATCAGTACTTCCTAGTCCATTAGTATAATTAGCAGAAGAAATGGCATTAGTTCCTAGTACATTAGCAACCAATGTCCATCCTCCGTTAGTCATATCACAATAAGTAATAAAGGAAGTTCCATTAGGATTGATCTTGTAATAACCATCAGTAGTTGCTCCACTGTCATACCAGGCTTTACATGAAGACTTGGCAGTCTCTATTGTTCCTGTTCTTACCCAAACGGTCCAGGCGTAGGATTCAGATGTTGTCTGAAGTATTTCATTTTTCATAGAATAACCCTTACACACCTTTAAATCGTTACAGCTTCCTGTATCTACATTAGTCGCATTAAGAGCAAAAGCCCAGGTCCCCTTACTTCCACCCAACTCATCAAACGTTAAAGTATTCCTCCATCCAGGACTAGTTGAAGTATTAAAAGAACCCTCAGGATTATGCGTTCCATAATACCCACCCATATCCCTATGCACCTGATACCCCTTCCTAGTCTTAGGACTAGTTAAAGTAGTAACAGGGATGTTACCAGTAGAATAAGTAAAGTCAGCATAGTCTACGAAGGTAGGATCAAGGTCTTTACCAAAGGCTACTTGGTTATGAGAAGGTATTTGAGATGTGTTAAGAGCAAATCCTTTTCTAGTTGCAAGAGAAGGATCATAGTCTCCTTGTATTCCTTCATTCCAATTAGTAACAGGATCATCTTCATATTGAGCTAGAACAAGAGTCCATCCTCCTCCATCAGTAATCATATCACAATAGGCATTGAATGTATTACCATTAACTTTAATAGGATATACTCCATTAGTATTAACTCCCAATGCTTTTAGTTCAGAACAAGAACTATATGCTTGAACAGTCGCCTGACACCCTGTTAAGGCTTCAGTGTACTCAGTACCATCAGTAGCATACAAGGCATAACAGTACTCTGTATTATCAGTAAGCCCTGTGTCTATGAAGGCATTACCATTGTCTTCATAGATGGTTGTTCCATCTGTTCTAGAAGTAGGAATAGAACCTTGTTTCCTTACTATCAGGGTATTAGTAGAACCAGTACCAGGAGTCCAGTTAAGAATAATAGAGTTGTAGGCTACTGTAGGGAAAGAGAGATTAGTTGGACTAGCCATATTAGACAAGGTACCGCAGGAAGAGAGGTATTCAGTTGAAAGAGAAGCAGTAGTAGGGTTATATGACCAGATTGAATAGCAATAAGTAGTATTCTTAGTTAAAGTGATGTCTGTATCAGTAAAACTAGAACTAGTAGAATTGTATACTAGAGTTCCCTGTTCTTGGTTTTGAGGAGGAGTATTGATACTTCTTCTAATTACTGTATTAGTAGAGCTTCCTTTAGTCCAATTTAGATTAAAGGAATTAGTAGTACTAGTCATGGTTAGATTAGTAGGATTACTAGGAGGAACACCACCACAGGCAAGGACAAAGCCATTAGAGTAGGTATTAGTCCTCTCATCATAAGCCCAGGCAGAATAGCAGTAGATATAGTCTTCAGATAACCCTGTATCAGTATGGTAATGGATACTAGTGATATCTTGGTTATCTTTATCATTCCTTTCATAGTAAATACTAGTTCCATCTGTTCTTGTTTCTGGAGGAGTATTGTAGTCTCTTCTAATTAAGGTATGAGTTGATAAGTAGCCTGGTATCCAGGATAGAGTGATTGAACCTGTACCATCAGGGTTTCTGATGGGTTCTAGGTTAAATGATGGAGAAGTAGAACCTCCGGTAGTAGTACTTCCTCCAATACTAGGAGGGTTAGAAGATGCTCCTGGAGTGTAAGTACTAGGAGAAGAAGAACTGTAACTGGAAGAAGAACTGGAAGAAAATCCACCAGTACTAGTATTAGGAGATGATCCTGGTACTCCTGGATTAGTTATTACTGTATTATCATAGCTATAGGTCTTACAGTAGTAGTAATAGTCTGGATTATCTAAGGTTATTCTGTATTCATTAACAGCATTATTGACTAGAGTGATAATAGTTCCATGAGTGAAGAGGTATTCGTCTGAAGGAAGAGAATTAGGGTCTAATTCAGATGCTGAATCAAGACAGATGATAGCTGAAGAGACATTGCTAGTAGGAAGAGATGAGAGAGAAGTAGGAATAGACCAGATTAGGTCTAAGTAAGTGCTTCCATGAAGGAACATGAAGTTCTGGACTAGTCCTATTCCTCCTTCATTGTAAGTAGAACAGATAGTATCTGATCCAAAGAGGTTTAATCCTGTAGACTTGATGAAGCAAGAACCATCATCAAGGATGGCTGCTATACTGAAATCCTTACCATTACCCTTGTATAGATAGGCTTTAGTAGGATTAGGGTCATAAGGAGTAGTCTTGAGGAATTGATCTATGAATGACTGGAGATTACTATTAGTCTTCCCTGGTTCTATAGTAGAGACGATATCAGGATAAGAGGACTCTGATAAGGCATTCTTCCCTACTATGCTTTTGTATAGATTAGAGATATCGTTCTTTCTAACTGCGTCCTGAGCTAAACTACGAGAACTGCCTAGATTA
NZ_AP038758.1_gap45	1456847	1457827	980	TCCACCTTTTTATAAATATCTACTAAGTTTCCACTCTTGTCTCCCGACACAGTTTCAATATTCTTATAGACATATGCCAAATTATCCCACACTCTATAGTCTCTTACATCTATTTCTGTAGCCTTTTCAGCATACGCCCTAGCCTTAGAGATATAACCTAATGCCTCTTCTTTCTTAGTAACATCTCCCACTTTTTCAGTAAATTCTTCGAAATATTCCTGATATTTATTTGCCCCTTTAGCAAGATATAAATGTGACAAAGCAATTAAATAATCATTATTTTTGAAAGTAGCATCAGCTTGCTCAATCTTCCCTATCACTACATCTAAATCCTGTTTCTTATCAGAAGCAATAGCTGCTTCCTGGTATTTCATCTCAGCTGAGTATTGAAGAGAGAAATAATAAGCATTAGCCAGTAGAGAAATCAAAATAACTGAAAAAAATACTTGGGTAAATCTTGGACTTAAAGAATCTCCTTTACGATATTCTCTACTAGATATCCACAACCCCAAGAATAAAAATAACATTGCAACTACCAAGAAAGAGAATCTATAAAAAAATAATGAATAAAAAAGAATAAACAAAGGAGAAACCAATAAAATCTCATCACAATCTCTCTCCTCCTTTCTTTGTTTCAACACAATCTTAATCGTAAACCATAGAAAGTATACCACCAATGATAAGAAAGATAATAACCCTACTACTCCAAAATCATTCAGTATTAACAATACCGTATCAGAAGGATGAGTATAAACCATATCCTTATCCTCGAAAGAACTATCTTTATACTTAGAAAAATTAAAAGGGAAAGTTGCTGGGCCAGTACCAAAAAGAGTAGTAGTCGTATCAACTGAAATAGCTTTCTGTACTATATTCAAACTCTGGGAAAAAGTAGGAACAGGCTCTGCCTTAAACAACGGCTTCACGATTGAATCCAGTGGAGCCAAGAAGTTAATCATAAAAAACACCATCAATATGAA
NZ_AP038758.1_gap46	1492347	1496309	3962	TCATTTAGGCTAATCTGGACAAGTCATTTAGATTGATAATACGTTAAGAAGCCTTGATCCAGGGCTCTTTTTGACCAGATTAGGATATAAATGTTTCACGTGAAACACTCTCATTTAGGCTAATCTGGACATAATCTGGACAGGTTTCAATGTGTAGATATCCATATGTTTCACGTGAAACACTCTCATTTAGGCTAATCTGGACAAGTCATTTAGATTGATAATACGTTAAGAAGCCTTGATCCAGGGCTCTTTTTGACCAGATTAGGATATAAATGTTTCACGTGAAACACTCTCATTTAGGCTAATCTGGACATAATCTGGACAGGTTTCAATGTGTAGATATTCATATGTTTCACGTGAAACACTCTCATTTAGGCTAATCTGGACAAGTCATTTAGATTGATAATACGTTAAGAAGCCTTGATCCAGGGCTCTTTTTGACCAGATTAGGATATAAATGTTTCACGTGAAACACTCTCATTTAGGCTAATCTGGACATAATCTGGACAGGTTTCAATGTGTAGATATTCATATGTTTCACGTGAAACACTCTCATTTAGGCTAATCTGGACAAGTCATTTAGATTGATAATACGTTAAGAAGCCTTGATCCAGGGCTCTTTTTGACCAGATTAGGATATAAATGTTTCACGTGAAACACTCTCATTTAGGCTAATCTGGACATAATCTGGACAGGTTTCAATGTGTAGATATCCATATGTTTCACGTGAAACACTCTCATTTAGGCTAATCTGGACATAATCTGGACAGGTTTCAATGTGTAGATATTCATATGTTTCACGTGAAACACTCTCATTTAGGCTAATCTGGACAAGTCATTTAGATTGATAATACGTTAAGAAGCCTTGATCCAGGGCTCTTTTTGACCAGATTAGGATATAAATGTTTCACGTGAAACACTCTCATTTAGGCTAATCTGGACATAATCTGGACAGGTTTCAATGTGTAGATATTCATATGTTTCACGTGAAACACTCTCATTTAGGCTAATCTGGACAAGTCATTTAGATTGATAATACGTTAAGAAGCCTTGATCCAGGGCTCTTTTTGACCAGATTAGGATATAAATGTTTCACGTGAAACACTCTCATTTAGGCTAATCTGGACAAGTCATTTAGATTGATAATACGTTAAGAAGCCTTGATCCAGGGCTCTTTTTGACCAGATTAGGATATAAATGTTTCACGTGAAACACTCTCATTTAGGCTAATCTGGACATAATCTGGACAGGTTTCAATGTGTAGATATTCATATGTTTCACGTGAAACACTCTCATTTAGGCTAATCTGGACAAGTCATTTAGATTGATAATACGTTAAGAAGCCTTGATCCAGGGCTCTTTTTGACCAGATTAGGATATAAATGTTTCACGTGAAACACTCTCATTTAGGCTAATCTGGACATAATCTGGACAGGTTTCAATGTGTAGATATTCATATGTTTCACGTGAAACACTCTCATTTAGGCTAATCTGGACAAGTCATTTAGATTGATAATACGTTAAGAAGCCTTGATCCAGGGCTCTTTTTGACCAGATTAGGATATAAATGTTTCACGTGAAACACTCTCATTTAGGCTAATCTGGACAAGTCATTTAGATTGATAATACGTTAAGAAGCCTTGATCCAGGGCTCTTTTTGACCAGATTAGGATATAAATGTTCCACGTGAAACACTCTCATTTAGGCTAATCTGGACATAATCTGGACAGGTTTCAATGTGTAGATATCCATATGTTTCACTAAAAACATGATAAATGCAAGGATACTAACGTAATATCAACACAAATGACTATTATCTGGACAAAATATCCATGTGGACAAAATAGGGGATAATCTGGACATTATGTGGACAAATCTGGACATAATCTGGCCAAATCTGGACATTATGTGGACAAAATAGGGGATAATCTGGACATTATGTGGACAAATCTGGACATAATCTGGCCAAACAAAAGAAAACCAAAAATATCTGGACAATATCTATTGCAATTATTTATTAAAACCGCTAATATCAAATTGCAATCATTCGGGCTAAAGTTCCTTACCTTAAATCCGGCTAACACCGGATTTAAATATTGCTTCCGGAATGTAATATAACGGTATTATGCAGGCTTCGGGAGTCTGTAATCTGGGTTCGACTCTCAGCATTCCGACATTAGTAATTCCGAATCTTATTCAAAAAGTTTCATATATCTGCTATAATAATCGTATGGAAACAATCACCACTTTATTTACTCTAGCAATCTTCGCCTATCTTTCCGGATCAATTCCTTTCGGATTTCTTTTAGCTAAAACTAAAAAAATCGACATAAGAAAAAAGGGTAGCGGTAATATCGGAGCTACTAATATATTAAGAAATTTCGGACTAGCATATTTTCTCCTTGTCGCCATTCTTGATATTGCAAAAATAGCCCTTCCAATCTTTATTGCTCAAAGGTACGGCTTCTCCGACTTCTCAATCTCTCTCGTTGCATTAACAGCAATCACAGGTAGCATGTTCAGCATATGGATGAATTTTAAAGGGGGCAAGGCAGTGTCAGCTATATTCGCAACCTTACTTTGTATTGTTGGAATAAACAACTTTCTAATCTTCCTATTTCTTTGGGCAACCCTACTATATCTCACAAAAATAATGAGCCTAACAAACTTAATAATTGTATTTACAATTCCCTTCATGCTTTACTATTCAACAAACGAATCAGTAACCTACCTAACTCTTGGAGCAATCTTTATTCCAATCATATGGTTTAGCCATAGAGAAAATATAAAAAGACTTAAGCAAGGAAAAGAAACAAAGATCATTAAATTCTAAGATTATGATCGACTATCTAACATACATATTAGCTTGTATCTTTTTCTTCTTACCCGCATATATAGCGAATGGCACTCCTCCGCTACTTGCAAATAAAACAAAAACCCTTGCTAATTTAGCTATTCCTATTGATGGGGGTAAGCTCCTTGGAAAATTACCCATACTTGGGGATCATAAAACTTGGAGAGGGCTAATTTCTGAACTAATAGTCGGAACAGGATACTTCCAAATACTATTCTTAATACATGAATACCTAGGATTAGGAATCTATGAAATAATCGGATTCGACCAATACAAGCTTAATCCGTTACTATTTGGATTCCTTCTATCACTAGGCACAGTTTTAGGTGACCTTTTATTCGCATTCCTCAAAAGAAGAGCTCAGATTAAACCAGGATCACCTTTCATCCCCTTCGACCAAACCAACTATGTAATAGGCTCTTTTATCATCCTTCAACCAATTTACGGATTAGCACTCAATGCCTGGATAACACTATTCTGCACAACGTTTTTTATTCACGTCATCTTTAACCGTATTGGGTATAATATGGGATTGCATAAAGCAAAATGGTAATATAGTATAAGATTAAGAAGATTAACATTAAACCACAAAAAAATGCAAGAAATAATCAGTGCTTTCATTACAAACCTATCAGGAACCATACTGCCACTTTTTTGGGCGTTATTAGTATTTTCTATTGGACTATTTACTGGAAATAGAATTAAAAAGATATCAAAAGAATTCCTTGATAAGTTAAGACTAAATCAGATGCTTAAATCTCTTGGATGGGAAGATTTTTTCGACAGATACGACACTAAACTTGACGCATCAGGATTCATTGGATCAATCATAGAAATATTCTTCATGCTCGTCGTACTTAGCATCTCTCTTGAAATTATCGGACTATCTCAAATCAATCGACTATTACAAGAAGTTATTAACTACTTCCCAAACATATTCATTTCAATTATTATCTTCATCTTTGCTGTATTCCTAGCCGATTTCTCCAAAAAGATTATTCTTGTAAAAATGGAAAGGCAAAAAATGAGCTATTCAAACATAGTGGGTAATATAGTATCCACTAGTACATGGATACTAGCTATTCTTGCCATTCTATACCAATTG
NZ_AP038758.1_gap47	1505257	1508191	2934	TAATCAACCCTTCCCACCAAAAAGACCAAACATCCAGTTTATTGATAGCAAAGAACAGTCCAGAACCCCTCTAATAAGAGATGACCTTGATCAGTCAGAAAGGGAGAGGATTGCCCGAGAAGCTCAAGAAAAGCTAAACTCCATCAAAGAAAAAGCTCTCAGAGAAGAACAAGAAAAAATTATTCGAGAAAGAATTGAAAGAGAAAGAGCAGAAAGAGAAAGAATTGAAAGAGAAATAACAGAAAGAGAAAGACTTGAAAAGGAGCAAGAAGAAAAGGAAAGACTAGAAAGAGAAATACTTGAAAGAGAACTAGAAAAAGAAAGATTAATCAAGGAAATGCTCGAGAGAGAGGAGACCTCTAGAAGAGAAAAAGAGGAGAGGGATCGAATAGAAAAGGAAAGACTAGAAAGAGAAAGATTAGAAAACGAACTAAAAAGAGAAAGAGCAGAAAGAGAAAGGCTCGAAAGAGAGCAAGCCGAAAGAAAAGAACAAGAAGAAAAGGAAAGGCTCGAGCAAGAGATGATGGAAAGGGAGAGAATAGAAAAGGAGATAGTAGAAAGAGAAAAGCTTGAAAGAGAGCAAGCCGAAAGAAAAGAACAAGAAGAAAGAGAAAAGATTGAAAGAGAGATAATGGAAAGGGAAAGAATAGAAAGGGAAAGAATCGAGAGAGAACTCAATGAAAAGGAAATGCTCAAACAAGAGCTAGAAAAGGAAAGGGCTGAAAAAGAAAGGCTTAGACAAGAGCAGATTGAAAGAGAAAAACTCGAAAAAGAAAAACTCGAAAGGGAAAGAATCGAGAGAGAACTCAATGAAAAAGAAATGCTCAAGCAAGAGCTAGAAAAGGAAAGGGCTGAAAAAGAAAGGCTTAGACAAGAGCAGATTGAAAGAGAAAAAGCCAAACAAGAGATGGTCATTAAAGAAAGGTTAGAAAAAGAAAGGCAAGAAATAGAAAGCCTCAAAGCTGCTATTACTAAAGAAAGGGCCGAAAAGGAAAAACTAATGACTGAACAAGAAAAGAAAGAACAAGCAGAAAAAGAAAAACTCGAAAAAGAAATAATCAAAAAAGGCCAAACCGAAATAGAAAGACTTAAACAAGAGCTCGAAAAAGAAAAAGCAGAAAAAGCATCTTTTTTAACCCGACAACAAGAATCAAACCCTGATATCTCTATTTTCCCAAAAGCTACCGCCGAAGTATTCATTCCTAAATCAGAAAAGCCCATATCCATTGAAAAAATAAAACCTAATAATCAAAGTTTTAATGATTTATCAATAGATGGGCTCCCAGAAATATCCAGCCTTTCATCCTTAATTGAACAAGAAAAGCCTGTACTTAAGGAGGAAAAGATCAAGACAGAAGTTAAGGTTCCAGAAATACCTTCTCTAGAAAAAATATCAGAAGAATCAGAAAAGATTGCTTTCGCTGAAAAGAAAAAGAAGGAAGAAGAGGAAAAGAAAAAGAAGGCTCAAGAAGAAGCAGAAAAGAAAAGAATACTTCAAGAGAAAGAAGCAGAAAGACTGCTTCAAGAAAAAGCTAAGAAAAAGGAGGAAACAGACGAGGAGAAGCTCAGAAAAATAACTGATGCTACCTTTGATACGGAAGAAGAGCTTACTGAAATTCTTGAAGAAAAAATCCCTTTCGAGCAAAGAAAGAAAGAGCTAGAAATCGAGATAGAAAGAGCTGAAAAAAAACTAGAAGTAGTCATGGGAAGAATATCTAGAATAGACGAAATCAAAAAAACAATCGAAGATCAGGAAAATAATGCCAAGACAGTAGACGAAAAAAGAGCTTTCGAAAAAGAAAGGTGGAAGATTGAAGACGAGAGAAATAATGTAGAAATGGAAAGACAAGAAAAAGAAGATGAACTTGAATCCCTTAATGCCCAACTCAATGAATGCGTATATAACTTCGAAAAAATCAGGTCAAAAGAAAGAGAACTGAACCTAGAACTAGAAATACTTAGAAGAGATAGGGAAGATATCCTCCTTGAAAAAGAAAAGAGAGAGACCCAGAAACAACTTGAAAAAATCGAAGAAGAAGCTTTTGAGATAAAAGACAAAATGTTTGAGAATACCAAATTCAAGGACGATCTCAATAGAAAACTGTCTGAAATTAAAAATAAAGAAAAGCTTTCCGAAGAAGAGATTAAGGTCCTTGAAAAAAGAGCTGACGCTGCTGGAAACAAGAATGAGCTCCGGGGACTAGAAGGACAAAGGAAAAAGATAGAATCAGACAGAAGAAATATCGAAACAGAGCGATGGAAACTAGAAGACACTCTTTCAAAAGCCGAAAAAGAAAGAGACACTCTCAAAGAAAGATATCAAGCTATTTCCGGTCAAGTAAAACAGTTCAGAGACAAAATATCAGAAATCAACGATAAAAAAGAACAAAATATCAAACTTCAGATATCTCAGATTTCTGACAAGATTAAAGAGAACGAATCAAATAAGGCAGAACCTGCCACCGAAGAAGAACCTAATAACCAAGAACAATGAACCAAGAAAAACAAGAAGAGTTAAAACAAAAACTACTCGAAAGCAAAACTAGTATCGAAAAAGAACTAAGCACTTTCGCCACTAAAGAAGAGGGGAGTGATGACTGGAATACCACATTCCCCCATGAAGATAATTGTGACGACATAGAGTGCGAAACTGATGAAGTAGAAGAATATGAAAATCTACTTCCAATAGAGCATAGTCTTGAACTAAGACTAAAAGACATAGATCATGCCCTCCAAAAACTTGAAAAAGGAGAATATGGTTTCTGCGAACAATGCCATCAGGAAATAGAAATTGAAAGACTAGAAATCCTTCCTGACGCTAAAACCTGTAATCAATGTAAGATATAAGAAGAGCCTGCTAATAGCAGGCCTTCTCTTTGGGCAAAAAATAGGCTTAAGAGGGGAGAGGGTGCTTTAATATGAGTATTTTATCAT
NZ_AP038758.1_gap48	1509920	1510583	663	TTCTACTTGAAAAAGAGAATCGTCCCAGTTCCATTGTCCTCATGATTCAAAAAGAAGTAGCCGAAAGAATTTGTAAAAAAGATGATAATTCTCTCCTTTCCATTAGCGTAAATTATTACTCCTATCCTAAAATAATTCATACAGTCTCTAGGAACTGCTTCCATCCCAAGCCAAAAGTAGACAGTGCTATTATATCAATCACTCCTAAAGAAGAAAAAGAGGGCAAATCATTTACTGAATGTTTTTTTAAAATTCTCAAAACAGGATTCTCTTCCCCTCGTAAACAATTATTAAAAAACCTCTCCCAGATAGGGGAGAGGGGAGAGATGGAGTCTCTGATTAAAGCTTCTGGACTTGACCCAAGGCAAAGAGCAGAAACATTATCTCTAGAAGATTGGAAAAAGCTAACCACCTCCTATCTTAACCTTAAAAATTAATAAAGATTATCTGTCGGCACTCGATGAAACAACTTAATAAATCCTGGTTTCATGGTATCAATCGCATCTCTATGATAGACATGGTCATATTTAACAGGAAAACAATTCTCACTATCACTCACTTTTCTAATTAACTGACAATGAAAACATTTAGGCACTTCTCCTTCTTCACTTTCTCCTTCTGGTCTATTCTCCCCACACTCTTCCATGTTTCTTGTCATAAGTA
NZ_AP038758.1_gap49	1516249	1518485	2236	CAATAGATTTCACATTATCTTTGAAGTAGAAATTTTCTAAATCAGTAAAGGCACCCTTCAAAAACAATGGGGGATATAGCTTAGGCAAATAATCAGCTTGCTCATAAAGAAAAGCTCCATCCCTCTTGCTGATTATATTTAATCCCGGATTATCATTCGCCTTTTCCGGATCCTTAGGGTCAGGCTGTCCATTTCCTCCCACAAGAGGAGTATTAACAACAACCTCTACCCCAGAAGGTAATGACATTGCTGAATCGTCATTACTAGGGTCATCATTATAATACACTATCGCTTCTCCTCCATTAAACCCAATAACACTCTGTAATCCATAGTACTTCTTAATTGTTATCTTTTGAGTATCCATTATATCCTGACTAGTAAGTGCCATATCTATCCATTTCTTAACTTTACCAGTATCATCTTCCATCTTCTCTCTTTCTATGCATACAGATAATTTATCGCATTCAGTCTCCTCTCTTTCTCCTGGATTAGGATTTATTGCCTTCATTACGAGAAAGGGAGATAGAAGAATAACTATCCCCACTATCACCCCAATAAGCTCATTTTTAAATTTAGAAAATGCTTGAGGATTTCCTTCTGACAATAAAAGTCCTAATCCAGTCATTGCTACCTTCAATGTCGCGATAGCAATCATCAATGAAACAATTACAGCATAAAAATACTTTGCATAATCCTCTATTTTACTATCCTCTGTTATTGGATCAATTCCAGGCAGGTCAGGATATTCCATGGCAAAAACTGCTTTACAATAAAGCAGCATTGCCATAACAGATATTGATAGTAAGTACCTCTTATTCATAGTTCTTCATTATTTAGTAGTTTGTTGCCTTCCTGAAGTACAATAGAAATCATCAACATAAGACTGTTTTTCTATTGCTCTCTGGCAACCAGTCTTTAAACTCATATTCCTATCACACATCTCCTTCTCTGCCTTTGTTATATACTCTGCATTAAGAGGGAAACAATTAGGACCATTCTTATTAATAGGGTAGGGGAAGTCAGGAGTTATCCTATAACCCTGAGCATTAGTAGCTGTTACCCCTTCTTGACACCCAAAAAGCCTTATCTTAGCTAAATTCTCTTTATAAGCCGCTCCGAATCCAGTATTACACCTCTCCATTCTCGTCCTTGTCGTAAAAAGCCAATCTAATAAGGCCATTCTACTCTCATCGTATCTATCGTCTAATCCATTCTTAGGCTTTATCTGGGAATCATAATACGGTCTTAATTCTTCCGAAATCATGTAAGTCTTCATTCTCTGTCGCCACAAATCCACCTTTTGGATTAGTCCAGGATTTTCTAATCCCTCACCACCAATACAATAATTTCCTTTCCCTTTAATCTTTTCAATAGATATCCAGTTCACATGTTCCATGGACTTATACAAAGCAAACTGCTCCTCTAATAACTTTGTATAAGGACAAGAGAACCATGTTTCAGTAGTCGAAATCAAAGAATCATAATCATATATCGTCCCTATGACCTCCCTTTCCCTAATAGCACTCACATCATTTACCGACATGCAACATACCAGTAAACCTAAGCATAAGATTTTAAGACTTTTAATACTCATCATGACTCTTTTGATTATTTATCTTCCGCACCTCCCCATTCTACGACCGTAAAACCTTTTCTCTCAAACTTATCAAACCTTTGTGGTTCTACTGTGACTGGATTCTCTAATGCTTTATAAACCATGAACACTCTTAATACCGAATCTGGGGTAGGGGATATGTTTAGTGTCGATATATCCGTATATTCTTCTCCTACAAAATGAATAAGATTATATTCATTATCCTTCATTCTCGGATACCAATACGCTATAAATTCATTATACTCCTTCGGAATAAGGCCAATCTCTTCTAATTTAGCTTGTAAGAACTCCCTGGTATCTACCCCCTTAACTACAAACCCCTTAGACATATCAGGCTCCATCTTCTTATCCGGGACACCTTCCCAGAAGATATAACTATACTCTTCGCCGTCTTCCTTGTTTACTATCTTTCCATCTGGATAAGCTATAATATCCCATCCTTTCAATAAGTCACTATACTTCGGATAATCAGCCACTATCTTCCCTTTATAATCCAGCCTAACTTGTACATCTTGCTTCTTTTCTGGATAGAAATAAATAACTGGCTTCTCATGACAAGGACATCCTTCGTCAGTCCTTTCTGCCTCCAAATACACCACAATATCATTCTTATAATCGAAA
NZ_AP038758.1_gap50	1536846	1537346	500	TTCAAGACCTCTTGAAAGTCTTTTTTTTTCTTTAACCTATTCTTAACAGGTAACATTGTATTAACAAAATAAGATTGTATTTAAACAATCTTAAACAGTTAGACTCTTTCTGCCTTTTTGCCTTCTCCTTTTCAAGAGTTTTCTTCCTCCGACAGTATTAATCCTCGAAAGGAATCCATGAGTCCTTTTCCTTTTCTTCTTCTTTGGTTGATAAGTAATACTCATAACGATCGCATTAATATTTATAATACATATCATTGACAATCATTCTCTGCAATTATCAAGAATATATAATGATAATATACCAAAATTACTGTAAATGTCAATCAAATTAACCTCTTTTATTATATAACTCCTAATATTAATCAAATAATAAAATAAATATGTTTTTTATCAAGAGTTATCCACCGTTATCCACAATTTTATCCACACCCTTGGAATTACTTGAAATTCACCCTCTATAAACAACCCTTCCAACAAGAATTATCCACCTTTTGAAC
