gap_id	start	end	length	sequence
NZ_AP019840.1_gap1	2066	6693	4627	TAATTTCCACTATATGTTGAAAATTTATCCACAAAAATTGTGGAAAAAAACAATTAAAAATATTGTATTAAAATCAGTTTTGTGGAAAAATAAAATTTTATTGTGTAAAACTAAAATTAGAATATCCACAATTATAAACAAAGTTTCCCACATTTGTGGATAACATAAAAAATATTAATTTATAATTAAATAAAAATTGTAATAAAATAATAGAAATAAAAATAGATAAAATTTATCCACATAAGAAAAAATGAAATCCACAATGTGATGTGGAAAAAAGTAACTAAAAGAAATTACTAAAAAAGCGAAGAAATTATAATTGTGGAAAAAATGTGGAAATAGTTGTGGGAAAAGTTTTCCACGTAAAAATTGGATTTTCCACAATGAAATTAACCATTAGTTTGGTTAATGGTTGAGTGGAGTAACAGTGGGAATTTACAAAAAATATGAAAATAAATTACGGAGGGAAATTAATGAAAAATATAGATAATGAAATTGAAGAAGTTATAATAAATACTGAATTTATTAAATTGGATCAGCTTTTGAAGTGGGCAAATTTTACAGGTTCTGGAGTGGAAGCGAAAATGTTTATTCAGAATGGTGAAGTGAAGGTAAATGACGCTGTGGAAACTAGACGTGGGAAAAAAATTTATGATGGAGATGTTGTGGAGTTTGCTGGAGAAAAAGTTGTTGTAAGGGCAAGACATTAAATAGTTTGCTGATTTACTAAAAAGACAAATAGTTGTGAAAGCAGGCTGTGAAGAATTTAAGGGGAGATTTTTATGAAAAAAGGTATAGGAATTGGAGTAGAAGATTTTAGTGAAGTAATAAAAGAGAATTGTTATTATATTGACAAAACAAAATGGATAGGAGAAATTTTAGAGGATAAATCAAAAATAAAGCTATTCACACGTCCAAGAAGATTTGGGAAAACACTTAATATGTCGATGTTAAAATATTTTTTTGATATTGAAAATAAAGAAGAAAATAAAAAGTTATTTAACGGACTTGATATTGAAAAATCTGAATATATGTCTGAACAGGGACAATATCCAGTGATTTTTATTTCACTGAAAAGCATAAAGGCAAAAACATGGGAGGAAGCAATACAGGAAATTAGACTGCTGGTTTTAGAATTGTTTTCTGAGTACAAGTATCTTTTGGAGGATTTGGATGAGTATGATTTGCCTAGATTTAAGAAGTATTTACTGGGTAATGCAGATTTTTCTGAGTTAAAAAATGTCTTGCTGTTTTTAACTAGAATATTATTTCAGAAGTATAAAAAAGAAGTTATCTTATTAATTGATGAATATGACAGTCCTTTAATTTCTGCTTATGAACATCATTACTATAGCGATGCCATCGCATTTTTTAAAGTATTTTACGGAGAAGCGTTGAAAACTAACCAATATTTAAAAATGGGAGTTATGACTGGGATTATAAGAGTTATTAAGGCTGGAATATTTTCTGACTTGAATAATTTACGAGTTTATTCTATTTTAAATAGACAGTATCCTGATTTTTTTGGATTTAATGGAGAGGAAGTTGAAAAGGCACTTAAAGATTTTGATATTGAATACAAACTTTCTGATGTCAAGTTATGGTATAATGGCTATAAATTTGGAAATTCCGAAGTATATAACCCTTGGAGTATTTTAAATTTCTTAAAAGATGGGAAATTAGCTCCTTACTGGATTGATACTTCTGGGAATTTCTTGATTAATCAGATTTTGAAAAATACAGATTCTGAAATTATGGAAACTTTGGAAGCTCTTTTTTATGGAGAAACTGTTGAAGAAAATATCAGTGGTAATTCTGATTTATCTAGTTTATTGGGACAAGAGGAAATTTGGGAACTTCTTTTATTTAGCGGATATTTAACTATTGATGAAAAAATTGGGGAAGACTATGAGGATGTGTATTCCTTGAGACTGCCTAATAGGGAGGTAAGGGAGTTTTTTAGGAAGAAATTTATTGATGTAAATTTTGGGGAAAGTATGTTTAGAAAGGCTATGGAAGGGCTTAAAAATCTTAAATTTGATATTTTTCAAAAATATTTACAAAATATTTTATTAAAATCAACAAGTTTTATGGATACTAAAAATGAAGACTTTTATCATGGATTAGTCTTAGGAATGATGTTTTATCTGGATAATCATTATTATGTAAAATCTAATGAAGAAAGTGGCCTTGGAAGATATGATGTTGTAATTGAGCCAAAGAATAAGAACAATAGAGGGTTTATTCTAGAGTTTAAAGTTGTTAAAAATGAAGATAATCTGGAGAAAGTCTCGGAAGAGGCGATAGAGCAGATAACAGAAAAGAAGTATGATATTGGGTTAAGAGATAGAGGTATTAAGGATGTTACTTTTGTTGGAGTTGCTTTTTGCGGAAAAGTGGTAAAAGTCAGTTACAGATAGTTATAGTGTGAAAGGGAAGAAATAGCGATGTATTTGGATCAGATTAGTTTTAATAACTTTCGGTGCCTTGTGGATGGGAAATTGAAGTTTGATAGGTATTTTAATTTAATATACGGAAAGAATGGACAGGGGAAGACATCGCTTATTGAGGCTGTCCATTTTTTGGCTACGGGGAAAAGTTTTAGGACTAAGAAAGTGAAGGAGATACGCAAGTATAACTTGAACAGGCTGATTGTATTTGGGAAATATAGACATAAGGATTTGTCTGAAAATACTATTGCTGTTGATGTTAATGAGGATAAGAAGGACTTTTATATTGATAGAGAAAAAGATAAATATATAAACTATGTGGGGCTGCTTAACATTATTTCGTTTATTCCTGAGGATATTGAACTGATTATTGGGAATCCTGGCATTAGGAGAAATTTTTTTAATTATGAGATTTCGCAAGCAAAAAAGGATTATTTACAGTCGATTGTGAATTTTGAGAAAATATTGAAGGTGCGGAACAAGCTTATAAAGGAAAAAAAGACTGGCGAGGAAATTTATAAGATCTATAACGAAAAATTTATAGAGGAAGGGCTAAATATTGTTTTAAATCGGCAGGAATTTATAAAAAAAATATCAATTCTATTAAACTTAAATTATCGTAAATTATTTGATGAAAATTCAGAATTAAAATTGAAATACGACTGTTTTCTTGGGGATGTGGAAAAGAAGACTAGAGAAGAACTGAAGGAAAAATTTGAAATGTTATGCAAAAGGAAAAGTGAGAGGGAAAAGTTTCTTGGATACAGCCTGCTTGGCCCTCAAAAAGATGACTTTATCTTTGAGTTGAATGGAAAAAATGCAAAGGCGTATTCTTCACAAGGGGAGAAAAAATCTATAATATTCTCGCTAAAAATTTCAGAAATTGATATTTTAATAAAGGAAAAAAACGAGTATCCGATATTTATAATGGACGACATCGCCTCGTATTTTGATGAAGCGAGAAAAAAAAGTATTTTAAGTTATTTTGTAAATAAAAAAATCCAATGTTTTATAACTTCGACAGAGGATTTGGGAATAGAGGGGAAAAAATTTATTGTGGAAAAGGGGGAGATTATTAATGAGTAAAAAGGGGTTGAAAAATGGAAGGAATTAAGGATTTAAAGAATTTGGCACTGGAAGCGGTTGAGAAAAGAAGTTCGCTTTTGAAAAACGAAAAGTATATTTTGTGGAAAATCAAGAAGAATTGGAAGCAGATTGTGAATGGGCCAATTGGCGAGAAAACCTATCCCAAAAGTCTATTTAATGGAAATCTTGTTGTGGTTATCAATGATGGCGTTATTTACCATACGACGATAATGTATGCGGAAAATATAAAGGAAAAAGTAAACACATTTTTGAATGGGAAATTTTTGGAAAGTATTGAATTTGCGAAGGTAAATTACAAAATAAAGCGTGATTTGCTGGACGAACTTATTGAAAATGAGGAAAATAGAGGGACAATTCGGGCTGGGGAAATTCCAAGAGGAAATGTTAGGGAAAAAAATAGAAATATTGATTCTGAAAGTAAAATTACGGAAAAAGTAAGGGATATTGTGCTTTTGCCTGAAGAAGTTGAGGAAATTCACGAAAATATTGATAAAATTGATAAAAAGTATGAAGATATTGCCAAAAAGCTGGAAAAAATTGCAATAAAACTGAAAAAGAGGGAAAAATATCTGAAAAATAATGGATATATTCAATGTGAAAACTGTAAAATTTTATTTTTGCAGGAAAACAAGGAGAAAATGTGTTTTGAGTGCAGAATGAATGAAAAAAATAGAAAATTTCAGAAAATGGCAGATTTAATAAGAAATAAACCGTATATTTCAGAAAAACAGGCAGTCCGAATGACAAATACCGACAAATCCACATATTATAAGGCAAGAGACATCTTGGCACAGCAGACTTACAACGATATGCTTTATTACTGCCTTGAAAAAAACAGGGAAATTTCTTTAAATGAAGATTATGAATTTGAAATTCGGAGTGAGTCAAGGGAAGATGTGGAAAGATTTATAAAAAATTATGTAGACTATAAGATTGGGAGTGACAATGAGGAGGTTTTTAAGATTGAGAGAAAGTGGGCTTTGAGAAGATTAAGAAAGGATATGAAATTTAGGCTTGAGAATAACAGGAGATATTGATTTTATACTATTTTTTATTTTGTTAAAAAATTA
NZ_AP019840.1_gap2	56713	57214	501	TATCAGTCAAAAGTTGCGGATCCAATGAAGTTGGCTCAGCTTCCATATTAAACGATACTGAATTTCCCGCAGGTTTGGCACTTTTTCCGCAAGAAACTATAAGCATTGATACAATTAAACAAAATATTAAAAAAGTTTTTTTCATAGATACTTCCTTTCCAAATCATTTATTATTTACTTTTTTGTTGCTTTTTTATTAAATAAGTCCTTTTTCCTTTAAAAAAGAAGTTTCTACAAAATGTCCGGGCTTATATTCAGTTAATTCAGGAGTTTCAGGGATAATCCCTATTTCAGAGGCATCTCCCATTGGACTTCTTAAATATGATTCATCCATATCAATTTTTGTTGTCTTCTTGTAATCAGGATCTGCTATCGGTACGGCAGAAATAAGTGATTTTGTATAGCTGTGGACAGGATCGCTGTAAACAACTTCTGGAGTTCCCAGTTCAACCACTTTTCCACGATACATAACTGCCACTCTGTCTGAAATATATTTTACCA
NZ_AP019840.1_gap3	59505	60990	1485	TCCAAAAACAACACATATTGCAGCCGTTATCAAGGATAGTTCCATTGAAATTCTTATTCCTTGCGAAAGTCTTGCAAACAAGTCACGTCCAAGGTTATCTGTTCCTAAATAATGCCCTTTTGCAAGTCCCTTTGCTGGACTTAAAAATTTAGCTGATAAATCCTGAGCTCTATAAGAATATTTTGTCAAACTTTGCCCAAAAATTGCTAAAAATAGGAAAATAAGTGTTATTCCTAAAAACGATAAAGCTAATTTATTTTTCTTGAATCTTCTCCATCCATCCTGCCAGAATGTTAAACTTGGTTTGTAGATTTCTTCACTTTGAGTGGTATCTGCACCTACGATTTTAAAATCTTCAGGTGTTGGGATATAATCATTTTCAGTTATAATTTTTTTTATATTTTCTGCCACTATATTTCATCTCCTTTTCCAAGTTTAATTTTAGGATCAACCATAACGTATACAATATCAACAAGTATCATCATTATAATAAGGAATATCGCATAAAACACAGTAACTCCAAGTACCATCGTGTAATCCCTGTCATTGATACTGTCTACAAAGTATTTTCCTAATCCTGGAATCGAAAACATCTTTTCAATTACAAATGAACCAGTCAGAACCGCAGCAATTGTCGGCCCCATTATTGTAATAATTGGTAAAATTGCATTTCTTAAAGCATGTTTAAAAACGATATTTTTGGGTTTTACCCCTTTTGCAATCGCCAATCTTATATAATCCTGTCCCATTACTTCGATCATCTTATCTCTTAATAACCGTGCAATCAATGCCACTGTGTAAAGTCCAAGTGCAACAACCGGCAATATTTTTTTCTCAGGCCTGTCCCACCCCGATAACAAAATCCTTACAAGTGGTAAATTATATTCATCGATTAAGATACCATTATGTATATCGACAAAATACTTCTGCATTAGTCCCGCTAATACAAAACTCGGTACGGATATTCCAATTATTGCCACAATCATCGCTAACCTATCCTGATATTTTCCTCTTTTCAAAGCTGCGACAATCCCAAGTGGAATTCCTAAAGCCAATGCAAAGATAATAGATCTGGCTCCCAGATCTGCTGATGTCAGAAAACTTTTCTTAATAACATCATTAACAGTTCTTCCCCGAACTTTCATGGATGCCCCCAGATCCCCTTTTGCTATGTTTTTCAGGTATTCAACATACTGTTCCCCAAGTGGACGATCCAAATGGTATTTTGCCATTAGATTTTCCTTTACTTTAGGTGGAATCGCTTTTTCACTTTGAAACGGATCACCCGGTAACATATGTATCAGAAAGAATGTAATAGTAATAACCAGCCACAACGTTACAAGCCCCATTGCGATTCTCTTAATTAAAAACTTTAAAATATTTTTCATACTCGCTTCCTTTCACTAAAATTTTATATACCTATATTATATCTTATATTCAGTAAGTTTTGCAAGCAATTTTGTTTATAATGAGTATTTTTTTACT
NZ_AP019840.1_gap4	63043	63838	795	TCCTGTGCTTCAACTTTTGAATTAAAACATACTATTAAACTTATCAATGAATACAATTACAGCATTGATAAAATTGATAAAGAGATTAACACTATTATGGATAAAATCGCTTCACCAATTACTTCCATTCCAGGTATAGGTATTACTCTTGCCTCTATCATCATTGCTGAAATTGGTAATTTTGATAACTTTGATTCTCCAGACAAAATTTTAGCTTTTGCCGGCATGTCTCCAACTATCTATCAGTCCGGTAAATATGTCGCTAGCTCTGCTAAAATGGAAAAACGTGGTTCAAAAGCGCTCAGATACGCTTTATACAATGCTGCAAGACTAACCAGTATCTACTGCCCTGTATTTAAGGAACATCTTGCCAGAAAACGTTCTCAAGGTAAACATTTTAATGTTGCCATATCTCACGTTGTTAAAAAATTAGTCAGAGTTATTTACCATTTACAAACTAAAAACGAACTTTTTAAAAATATCATTAATTAATCATTTGAATAATTTAAATTATTAAATTATCTATTTTGTTATGCAAAAATTTACATAAATTCTTCAAAAAAAATTTTTGCTTTTTTTTGAAAAAAAACTTGACATTATATAGTTAGTCTTTTTTATTAAAATTATCGTTTTAAAATATTTAGCTTTTTTAGTAAAAATACAAAAGTAATTTTATTACATTATAACAACTTTTTAACAGTTTTTCACTTTTTTTTATCTTAGATGAAATTTAATAAAAGTGATATTTACACTTGCAATTTACTTTTCTCTGTCCCTGGGGAGGTTTTATTTTGC
NZ_AP019840.1_gap5	66403	67832	1429	TTTTTTAGCCACTTCAAAATCTTTTTCTCCAGCCTGATACTCTTCCCCAATTACATATCCACCAATGCTGTTTGGAGTGTTGTAGCTGTCCTTTTTAGCATTAAATCTGGCTTGTAATGTTGCATCATCAGGTTTATAGGTATCTATCAGATAATTATAATATTTTTGTGAATAATCTCTTAACTGATCCACTCCCACTAAATCAGCATCAGCTTTTATTCCAGCAGTTTTAGCCTTATTAGCAATTTTTACAAATTTGTCCAAGTTTACCTTTAATGTAGCTTTTAAATCATTAACCAGCTTGTCTGAATATCCTTGCTGTGTTTGTGAAACTGTATTTATAATTTGTTCATTTAATGATTCGTTTGTATATTTATATTCTCCATTTTGTGCCACAACAGCTGTCATATTAGCGTACATTTTTTCAAAATCTTTATTTTTAAATACAATTTTAGCCTTTTCCTTAGCTTTTGCAAGATATGAATTTAAAATCATAATATCCTTATCTTGAGTCATATTTTCCTTAATTTGATCTTTTACATCTTCAAACTCCTGATTTGCAAAGGCTTGAGAATATTTATTTCTTTCATATGCTTTTTTTATTTCTTCATCTGTAATTTTATCATTTGAAAATAATTTTTCCCTCATTTTCTCAATTGTTTTCTGATCTCTTATCATCTTTTTAAATGAAGTGACATTATATCCGACAGATCTTAAATATTGAGCAAATTCCTGTTTCCCCAATTTTGACTGTTTTTGATAATTTTCAAATTCCTGATTAACAGTTGCCCCGCTTATTTTTATTCCTAAATTTTTTGCTGACGAAAGCAAAATTTCTTTATTTATCATAAGTTGTAAAACATATTCATTGATAATATTATCTGGAACATTTTTTAAATTTTCGGTAGGTATTCCTGCCTGTGATAATTGCTGCATTTTTTGCTGGTTCAAGTCATTTAACTGATTTTTCATTCCAAGACTTTCTCTTTCAAAATCATCACGGTAAATTTTTGTTCCATTAACTGTTGCAATTACTTCCCTGTTGCCACCTGCCGCACCAAAAACATTATTTTTCAGAAATAATATTCCAGTAACAAGCATAGATATACCAAATATCCCTATCATAATTGCAGAAGCAATCTGAATTGCCTTTTTATGCTCTCTAAATCCCATTATTTATCTTCCTTTCCATTTTCTTTAATCATTTTAACATTATAGCACATAAAATACTATTTTTCTATTATTTTTTGAAGAAAAATCGGCTAATCAAAAAATAAAAGCTGCTTTAATATCAATAAAATTTTTATTAACATTTAAGCAACTTAAATTTATTTTTTTATTCAATATTTAACTGCCATTTTTACTAATACTTTTTATTATCTTGTATTTGTTTCCCCGTCTATTTGAATTATAACACTTTGAATATTAG
NZ_AP019840.1_gap6	71635	76299	4664	TTTTGAACTTAGGTTTAAATAGTTTTAATTCATTATAATTCCAAAATCTTCTTTATTTTTATTTTATCAATTTTTGATATTTTTTTAACTGGCTCAGGATTTTCAGAATAAGGATTTATAGCCTTTTCAAACCAGGTAACACCAATCCATTTTCCAAATTTGTACCCTGTATTCTCAAAATATGCAACTTTTTTAAACCTAAAGTAATTATGTAATTTCTCACTGTTTTTATTAGGATAAGTTACAAGCCCGTAAACATTCACAACATTCTGCAATTTCAATATTTCAATCAGAATTTTATACATCTTTTTCCCGATTCCATTTCCAGCATAATCCCCATCTGTATAAACTGAAAGCTCCACATCCCATTGATAAGCAGCTCTAGCCCAAATCCTATGGGCATAGGCATACCCAATAATTTCATTTTCACATTCACAGACAATATATGGATATTCCTCTAAAACATCTCTTATTCTTCCTTTAAATTCCTCAACCGAAGGCACTTTATATTCAAATGTAATCGTAGTATTCTCAATATACGGCTTATAGATTTTTAAAATTTTTTTGGCATCGTTTTCAGTTGCAAACCTGAAAATTAGATTTTCTTTTTTTAATTTCATTTCTAACACCCCAACATTTTTAGTTTTTTTATTGAAATTTATACTTATGTAAAATATACTAACATTTTTTCAGATGAGTTTCAATAAAATAGATTTTTTATTTGCTCTTGACATTTATTAAAAATACGGTATAACTCTATTAAGAAATATTATAAGAAAAGGATGGTTCAAACATGAAAAAGACATTTTTAATTGGTGCGTTTTTATTTGCGAATTTAGTTTCATTTTCTGCGGGAAAAGGAAATGATGTAACAACAAAACCAGATGTTTACTTCTTGAAAAGCTCACAAGTTGTAAGCAGTTATGATTTATTGCCAGCTCCACCGGCAGTTGACAGTATTGCGTTTTTAAATGACAAGGCTCAATATGAAAAGGGGAAATTGCTTAGAAATACTGAAAGGGGAAAACAGGCATACAACGATGCACGTGTAGAAGGGGATGGAGTACCTCGTGCTTTTTCAGAAGCATTTGGATACACAATTTCAGCTCAGACAACACCTGAAATTTTCAAATTAGTTACAAAATTACGTGAAGATGCGGGAGATTTGGCAACAAGATCTGCAAAACAGACATATATGAGAATACGTCCATTTGCATACTTTAAGGAATCAACTTGCCGTCCAGAAGATGAAGCGAGCCTTTCAACAAACGGTTCTTATCCATCAGGGCACACTTCAATCGGTTGGGCCACTGCATTAGTTCTGGCTGAAGTAAATCCTGCAAGACAGAGTGAAATTATAAAACGTGGTTATGAAATGGGGCAAAGCCGTGTAATTTGTGGTTACCACTGGCAAAGCGATGTCGATGCAGCCCGTGTAGTAGCAAGTACAGTTGTTGCGACACTGCATTCAAACAACGAATTTAATGCCCAATTAGCCAAGGCAAAAGCAGAATTTCAAAGATTAAACAGAAGAAAATAAAAACATTTTATCATAAAAATATATTTTTAAAATGAATTTAAACTGAATAAAAAATTATAATCATTTTAGAATAAAGTAAATTTTACCTGTTAATTTTAAAATATACTTTTTATAAAAAAGGGCATCAAATACGATGTCCTTATGTTTTTTTATTTAGTTGAATAATTTTTATAAAAATGGCGTACCCGTGAGGAATCGAACCCCAAGCCTTCTGATCCGAAGTCAGACGCTCTATCCAGTTGAGCTACGGGTACACACAAAAAAGTAAGTTATAAAAACTTACTTTGCTAATGCTTTTAATATTTTAGGGCTTAATGTTTCCTTGTTTTTTAACAAGATTTTTTTAACTTGATCGTTATTTTTCCCTTTTAATGTTTTCATTGCTTTTGTACAAACTCTTACTCTAACTTCTTCATCATTGATAGTCAAAAGCATTGTTTGTAAATTAGGTCTCCAAATTCTCTTTGTAGCTTTATGAGAGTGACTTACTCTATTTCCATGGCTTACTGTTTTTCCAAAAACTTCACATCTTTGCATTTTATTCACCTCTACTAAATAATTTTAGTAGTTCTCCTTTCATCTTTATTTTTTAACAGCCATTTACTGTTTTTTATTATAATATATTAACTTAACTATTTTAGAAAAATCGTTATTCAGTTAAAATTATTTTTACATATCGAAATTTATTTTATCATATTTTGCAAATTTTTACAAGTTATTATCAGCATTTTTTCCTTTCTAATAAAAAAACTTTAAAAGTAAACTCAAAAATTATAATTATTTTACTTAAATTTTAAATTTATATAGTTATCAAGCAAGTCTAATAAAAAAATAAACAAGTATTGCAATATTTTTATTTTTCAAAAAATTGTTTTAAATTTGGCGGAAAATAATTTGGTCCTTTTATTACCTTCCCATCTTCACGATAAATTGGCTTCCCGTTTTCATCCAGTTTGCTCAAATTGCTTCTATGAATCTCCTCAAACACATCTTCAATAACATCCTGCATCCCATGCTCAATTATCGTCCCGCAAAGGATATAAAGCATGTCCCCGAGAGCATCCGCAACTTCCACAACATCTCCTTTTTTAGCCGCTTCCAGATATTCCTCGTTCTCTTCCTTCATCAAGTCAAATCTTAATTTTTCCAGCCCATTTTCCAATTTTCCGATTGGCTTGTCAGAATTTCCAAGTTTATAAATTCTATGAAATTCCTCGACACATTCTATTTTTCTTTTCATCAATTTCTTCCTTGTATAATATAGTTACATTATACAAGCTCCTTTCTTTAAATTTTTTATTCTTAAATTCTAAATTATTTTGATTAACAATTATTTTTCCTTTTATAATTTTTAGTTTTTTTAACGCAGAAGCATTAGATGCCATACCTCTACACTCCCACTTTACATATAAAAAGAGAAAAAATATAAAGCATAGAAAAATATCTATTAATAAATAATTAGTCTATTTTATTATCAATATCAATAAAAGATATAAAATCACGACTTTTACAATATCAGAATACAGCATAACTACTGAAAGGAATCTTGTTTTTTCCAGAATTTCTGTATCGTCTGATTCTACTTTTTCAAATATTTTTACCTGTATATTTCTTATGTCTTTTTTTATTAGGAAAACTGCCAATATTAGTGTCAATACAAGCATTATTCCAGCGATAACAGGTTTTTGCCTGACAAAAAATGAAAGTTTGCTGTAAAAAATTGCTAGGACTAGCCCCATTATTAGCGACAGGACTGTTAAGGCAGATTTCATATTTTTCTTTGGTTTGTTTATCAGTATTTTTGGAAGGATGAATGAGAACAGGATTTCCAATGCAAAGAGGACGATCAGGAATATTCCTTTTACATCGGGCAGTTCTAATTTTCTTATGGGCTGAACTATATTATCCAGTTCAAAAATCATGTAGTCCTTTAGTAGCGTGCACAATAAAATCGAAATTGCTATTCCTGAAAATATCCATATTCTGCCTGCTAAGATTTCGTCACTTATAAAATCTTGGATTTCTTTTGCTGTTTTATTGTCAATTTTTTTGTTAGTTTTCAAAGTTTTCCCCTTTAATAAATAGAATAAGAGTTATTTCGGGATTGTGTGAACAGTTTTAATGTCAATAATCCAAAAATAACCCTTTATATTTTTATTAAATTATAATATTTGTTATTATCTTCTTCTTCCTAAAATTCTTAAAATGTATAGGAATAAATTTATAAAGTCCAGATATAAATTTAATGCACCGACAATTTCGATTTTGTTCAAAACCTCTGAATCTTCCTGAACTGCGTAAGTGATAATGTTATTTCTTATTCTGTTTACATCAACTGCAATGAAAATTGTAAAGATAATTACACCTATTACTGATATAAACAAATCAACTCCGCTACTTTGAAGGAAAATATTTATAATACTAACTAAAATTAATGTTATTAACCCGGCAATTAAAATTGGTGTAAATTTTGTCAAATTTTCTTTAGTAAAATAACCATAAACTGCTAAAACGACAAATAATGTCAATGTTCCTAAAAATGCTGAAAATATAATTTCCGGAGCATAAATAAGCCCAATAACTGAAAGTGTCAGTCCATTTAATATCGAATATGCAACAAACATCATTCTTAATGTGCCTGAATTAGCTCTGTAAAGCAATGCTGTAAATCCGAATACCATAACTACTTCCAGAACAGCAAATACCCAATACATATTCAAAATTCCATAAGCAATCGGGCTTCCTGATTCCAGTCCGCTGTAAACGAGAAAACCTGCCCCTCCTGTCAGAAGAAGTCCGAGCACCATCCACAACATGCTTCCACGAACCTTTGAACTTACAAGTCTATTCAAATCATCATAAGTCATCGTCATTTGTCCGTTATATTCGTTGTAATCGTCATTGTTGTGATTATAAGTTTCCAATTCATCATAATCATTTCTCATAAAAATCACCTCATTAGTTTAATCTTTTTTATTTTTAAAAATTAAATTTCTAAAAACTGTTTTATTTCAAGCGACTTGAATAATTTGTTATCAATTTTTGTAATATTTCAGATTAAAATTTTATATCCAAGCTATCATAGTATTATAACAATAAAATTTTAAAAAAGACTTTTATTTAT
NZ_AP019840.1_gap7	87856	88470	614	CCTTTAATTGTTTTATTTGATCTGTATCAGCATCACTTCTACAATATGAAATAAATATTTTCTTTTTCATAAATTTATATCCTCCTATTATTTTACCTTCCCAAATATCTCATACCTTTTCCCATCACGTCCAGTCTGCACTTTTTCATAATTGACTTTCACTCCGTCATCCAAATCAATCGAAATATATTCTGAAGACAAGTGATTCATCTTCTCATCAAATTGTTTACATTCATCAAGCTGTGATTTTATCTTTTTCAGCTCCTGCTCAGCTTTTTTTCTGTTGTTATTACTTTCAATTTCATCCTTCAGAAAACTTGCCCTTCTTTCATAATGTTTCTGTAACTCATGCAAATATCCAATTCTAACCTTTGCTGTAGTCTGTTCATTATAACGGTGCATATAAATCAATGCCTTAAATCCATTTTTCTTTCCTGCATCATAAAGCCAGTAAATTGGTCTTTTCTTGTATCTTTTCAAATGATCGTCATAAAAACTTTTCAAGAAATATTCTCTTATAATATCTTTTGGAGCATCATTTTTATTAGACAAGGCCTGTGCGATAAATTTAAGATTTTCTTCAAGAGTTTCTTCTCCATAGACTGTTTTTACAA
NZ_AP019840.1_gap8	115781	120018	4237	TTTACTTTTTCCAACATATCATCATCCATTTCTTCTACACCTTTTTCGTGTAATTGCTTTTGCAATTTTTTAACTTCCTTTATATTTCCTTTTTCATAATTTATCATCATAAGGTTATAAATTACGATAGCATTTTTTGAATTTATCAGTGCTTTTCTGAACCATTTTTCAGCTTCATCTTTTTTATTTTCCAAATACAATAATCTTCCAAAATAAATTTCAGAATCAGTATCGCCATTTAAAGCACCTTTTTCATACCATTTCCTTTTCATATTTTCATCATTTATTTTTTCATAACTTTGTCCTAACCAAAATGCTGCATTTATATCCCCTTTATCATAAGCCTTTTCAAAATATTCTATCGCTTTTCCAGTATTTTCAATGTCTTCTAAATACATTCTGCCTATTTCCTGATAGCCTAGAATATTATATTTTACAGCTTCCATGTAAATATTTTCTGCTTCTGTGTAATTTTCCTTATTCTTTTCATAAGTAGCTTTATCTAAAAGTTTGAAGTATTTATCACTGTTTTGTATTTCTTCTTCAGTTGGATTTTCAGTTTTACTAAATCCAAATTCATGTAAATATTTTTTATAGCTGAATTTCTCAAGTTCATTTTCATGAATAGAATTTTCATAAAATAATATAGAAAAAGCAATTACAATACTTGTTAATAATGTTATAAACAGTTTTATTATTTTTTCTTTTTTCATTCTTAGCATCCCTTTCTTTTTTGAGTCTTTCAAAAAAATAGTTATCTGTTCCTGATAAATTATTAAAGAAAAAACACAATAAAAATAGTAAAAACTGTCATTAAATAAAATGTTTACTTCTCAAATTTTATCTTCCCATACTTCCTAAATTTCCGTGCATGCTGTCTTGAAAATACTTCCAGAATGAATTTCAGCCCCTTATTCCTAGAAGTTTTCACTCTTCTTATAATTCGCTTGAAAGTGAAAGTGTCAAGCCACAATTTATAAAATTCCTTTTGCAATGTGTCGTAACTCATATTTTTAGGCTTGAATACGACTGTTTCAGTGTCGTAGTAATACCAGTCCTCTGTAAGCAATCTGCCTTCTTCTTTTAACTGATTAAAAAAAGGTGTTCCTGGATACGGAGTAATTATGTTATATCTTGGCACATCTACCCCAATTTCCTCGATAATATCAGGAATTTGGCGAATTGACTCCACTGTGTCAGTTTCCATTCCTATCATAAGTGTGGAAAGGACTGATATTCCATAAGATTGAATCGTTTTTACGAGTTTTTTGTATTCTGCGACATTGTTAAATTTTTTATTTACTCCGTCAAGATTTTCCTGAACAAAACTTTCCAAGCCAATAACCAAGCCTATACAGCCAGATTCTTTCATTAACTGAAGAATTTTTTTATCATTACCAATATTTATTGTTGCAGAAGCAGTCCATTTTATTTTTAATTTCTTCAATTCTTCCATTAGCTGGATGGCGTAATTTCTGTTGCCTAAAAAGTTTGGATCAAGGAATATCCATTTTTTGAGCTTATTCGTTTTTATTTCATTTATCACGTACTCTATGCTTTTTATCTGATTTTTTCCAGAATACATCTTTGTGATGGAACAGTAGGAACATTTATTGGGACAGCCATTGTTTGCGACGATTGTGCCATAATTTTTAAAATATTTTTTATTTTTCAAAAGTTTTCGGTTTAATGGCTTCGGTTCATAATCATTTCCAACGAGGTTAAAATATTCTCTTTTTGGAGTTCCATTTGTAAAATCTTCAAGAAACATCGGAAATGAAATTTCAGCAGCTCCCGTAATTACTGTGTCAAAATATTGTAATGCCTCTTCTTTCAAAGCTGTCGCATAATGCCCTCCAATTAATGTATACGCTCCTTTACTTTTCCAAAACTTAGCAATCTCTTTTGCCCTTTTCGATCCTGAAATTACCGAAGAAATACAAATTAAGTCAAATTTTTCGTTTTCATATTTTTTAGAAGTAGCATCCCATTTTTCCACACCTTCATCCACAATAACAACATCAGCGTTATACTTTCTGTCAATTAGTGATTCCAGCGTTATTAACGTGATTTGCGGATAATATTTTCTTTTGTGAATCGAGTTATATTTGTAAATGTTATCCTTTGCTAAAACAAGCATTATTCTCATAATTTTATTCCTTTTTTGTTATAAACTTCTTTTCGATTGATATAATTTACAGCAAGAAATACAAGGGCATGTTTAAAATTGGCAGCACCGTCAAACAGCCTTTTCCAAATACTCGAATGTCTGTTATATTCCACCTTGCACTTCAAAATTCCCGCCTCAAATTCCTCAATCGTCATATTATATGGCTCAAAGCACGCTTTCCCATAACGAAAGTTCTCATCCAGCCACCATCTTTCATAAAGAAGTCTTCCTTCTTTTTTTAATCTTTCATAAAAAGGAGTTCCTGGTATCGGCAATGCCGGGTTAAATCCTGCAAGGAAAAATTTATGCTTTTTAGAAAATTCCAAAATTTCATCAAAGCAGTTTTTATCATCATAATCATATCCAATTACATAGCTTGCGTGTACAAGTATCCTGTTTTTTTTATAGATATTAATGATTTTTTCATAGTCAAACTTATAATTTGCAACCTTTTTCATCTTCTTAATATTTTTTATATTTATATTCTCAAATCCCAGAAGCATTTCAATACACCCTGCTTCTGACATCAATTTTATCAATTTCTCATCTCTTGCAATATCGATGCTGCCTTGACAAGCCCATTTTATTTTCAGTTTTTTCAATTCTTCAAACAGTTTTAGAGCTTTTTTCTTATTGGCAAAAATATTATCATCCACAAAATAAACAATTTTCGCCCTTTTATTCGTTCTAAAAATTTCCTTTACCTCATTTATCACATTCTCAACATCCCTATGTTGAAAATCTCCTTTGTGAACTGCCCCAATCGTACAAAATTCACATTGGTGCATACAACCTCGCCCAAACTGAACTGGCACGACAAAAGAATATTTTTTCCCCTTGTAAATGCTCCTATCATAAACAACATTATTAATATCTGGCAATTTTCTACATTCATACCTCTTTTTCGGCACCCCGTTTTCCAAATCGTTCAAAAATTCATTCCAAGTAACTTCTCCACTTCCCACACAAACCGTATCTGCATGTTCCTGCACTTCATCAGGCATAAGCGAGGCGTGATATCCTCCAATCATAACATAAACTCCACGTTCCCTATAATTTTTTGCTAGTTCATAAGCTCGTCTAGCCGTCATCGTAAACGTAGAAATTACAATTAAATCAACCTCAAGATCCATCGGAATATCCTCAATCCTATCATCAAACAGCATAAGCTCATGTCTAGTCTTATCAGTAAGTCCCGAAAGAACTGCAAAAGCAAGTGGCTCTATCGCATCATTGGAACGTTTTCCCCCCATATTAGGACGTAAAAAAGCTATTTTCATTTTTATAATCATCCCTTTCTATAACATCTTTTTTTATTTTACATTCATCTAATAATTTATTTTAACTAATGATTTTTTTCTTATTCTAATTCTATAACAAATATCTTTGTAGTTTAATAAACCGACGGAGTTTTTATTTGTTCAACTACGACTGTCTGACGACTGAAAGGAGGAGTTTCGGAGTTGGGCAATTAAAAATCGGAGTCTAGCCATAGGTATTGCGTAGCAATCTTGCCACAATTTTAATTATTAGGATAAACCTTTACTGCAAGATAAGGATTTGCGGCAATGAGCAATCCTGCGAAAAAAAAGGAAAAACATAATAATATGAAAAAATATTTATTAATCAAGATATCTAAAAAATAGTAAAAAACAATTTAATTGAATGATTATGAATTAATTATTAAACAACCCTATTATAAAAATTTATTCCTATTTTTAAACGAAGTTTAGTATTAGATTATTTTGTTTAATAACAGTTATTTGAATTATTTTTATAAATTAATTTCTTTTATAAGAAAGTTTTGTTTTAGAATTTTTTATCAAATTAATTTTTATAATTGAATTAAAAATGTCGTGATTTTTTGGAAATAAAAATTACTGTCTGAGCGAAGCGAGTTTAATTTTTGTTTTCAAAAAATGCTTAGACGAGCCGGGTTTGCAAAGGGGATGGCGACTGTTCCCCTTTGCTTTATATAAAAAAAGACATAAATATAAATGAAAAAACTATTGTTAATCAAAATTTCTTAATAAAAAAATAATTTATATGATTGTTTATTTAAAATTA
NZ_AP019840.1_gap9	121391	123763	2372	TCTAGCAGCCGATATTTTATATCGCCTATTTTCTGCTTTTTCGATTTTTCAGCCGTATAAGTCTTTAATCCATCCTTTTCTATTAAAAATACTCTTACTTTCCCCAACTGCCCCAATTTATACGCATATTCATAATGAAATGCCTTGCATAAACTGCTGTTAATTTCATTTTCAATTTGTTTCCAATTAAATTTTCTGCCTTCTTTTTTTATTTCTAAAAATAAAGTATAAAAAATTTCCCCCCTTTCATTTTTTACTGGTGCAAACAGTAAAAATTCCCCCTTTATATTATTTTCTTCCAATGTTGTTAAAATCTGCTTTTCCACAAACGAATTTTTTAATTTTTCCCCCACAATATCAGAAAAATTGTTGATTCTCCCAACAAACTTTACAATTGGAATTTTATGATAAAATCCTGTAACTTCCACAATATCATTCGTATTATATCTGTAAAGCCCTGCATTTGTCGTAACAACAACGCAATAACGCTCTCCCAGCTCCAATTCATCCAAAAGTTTTGGACTCCTGTTTTCCAGCTTATCATCAGAAACCTGAATAAATTCATAAAAAAACGAGTTATAGGCAATAGCGCTCCCATTTTTCACATTTTCCAGCGGAAAACTTACGATGCATTCCGTTGACATAAGCCCTTTTCCCTGAAATTTCAAATTTATGTTTTTTTTATTGGGATTCAATTTTTCCTTCAATTTTATAAAAATTTCATAGGAATCACTATCCGCCCAGCAGCTCACAAGCGAAAGCTTTTCCCAAATCACAGAGTAATCCACAAAGTTTTCCACAATTTTATTTCCTGATTTAGTTTCCAAATTCTTATTTTCAGCCATGATTTCATTCTCGTTATTTTTTTCCGTAATTTCCAAATTCTGAGTTTTATCATTTTTACTCAAAATATTTTTTTCATGTTCATCAAAATAATTTATCAAAAATTTACTTCTGCTTTTTTCCCACAATTTCCTATACTTTTTCTGAATAATCTGAAAATACTTTTTATTTTCCAAATTTTCATCAGAAAAAAATTCAGTTCCTAAATCCTCACTTTTTACAATTTGACAAATCACTTTATGATTTTTTTCAATAAAATCAAGCAAAACCATAAGAAACGATGGACTCCAGACAGAAATCATCGCAAGATTTTCTGACAAAAGCAGAAACACCGCTGTAATCAGCAAAAAATCCTCCATATTCTGGATATTTTTTATTTCTTTCGGAACTGTAAACAGTTTATTTAAAAAAAATGCAGAAACTTTATCAAAATACGAAGTATCATCTTCGATTCCCACACGGATTTCTCCGCTAGTTACAGCTTCTCGCTTTAAAATAGGAGAAACAGACCAGTAGGAACTTCCAAGAAAAAGTTTTTTATTATTTTGATATAAATTGTAAATCCATGCAAAAACGCCATTCATATAGCTTTTCAAAAATTTCTCTGTGTATGGAATATATTTCACATCGGATGTGCTCCCGCTCGTAAGTTCAAATAGCTTGATTTTATCACTCAAAAGAACATTGTTTTCCCCACTTTTTTCCTTTTCCACAAACTCCTTAATATCCTCATAATTCACAATCGGAATTTTATTCTGAAACTTTTCTATTAATTCTTTTTCATTTTCTGCATTTAAAATTTGGCTTCCTGTTTCAAAAGTTTTTAAATATTCTGTATTTTTATTAGTTTTCAATATTTCCAAAAGTATTTTTACTTGCGTTTCCCGAATTTTACTTTTAGTTTTTATATTGGAAACAAAATCTTTGTAGGATTTTTTACAAAAAAATATGAATAATCTGTTTAAAATCACATATTTTAAATTTTTTACTTCATAAAATTTACTTTTTTTACCGAATTTTTTCATCTAAATTATCTCCAATTGGCAAATCCTGAAATTTCTTTATAACAGCCTTCTGCCCAAAGCTCAAAAACAAATACATAATGGAAAATGGTATATTTTTTGTCCTTTTTAACACATCAAAAGTTCTTCCCAAAATATTTTTTACAGAATGATATGCATATCTTATTGCAATACAGCGGCTGCGAAACTCATTTGTAGAAATATCATAAGGCTCAAAAAATAAATACGAATATTTTTGTGGCTCCAGCCACCACTTTTTGTACAAAAGCCTTCCTTCCTTTTCCATTTTAAAATAAAGTTCGGTATTTGGGAAAGGTACGAGATAGTTAAACTGGACAAATTCCAGATGGTTTTTCTGTGCAAATTTTACAGTATCTTCAAACGTAGTGCCGATTTTTTCTTCAAACCCAAAAACGAATGTGGCATAAATTCCAATATTGTATTTATGTATAATCCGTGTTGATTCCTCAATATCTCCCAGCTTGTAGCTCCATTCCTTTTTCATAT
NZ_AP019840.1_gap10	131105	133535	2430	TTGAATTGGATGAAAAAATAACAATTTTTGCAGGCTACATTGTCCACGAAGTATTAAAAAAGTATATAAGCAGTCAAGATAAACTAACTTTCAAATGGCCAAACGATATTTATTACGAAAATAAAAAAATGTGCGGAATTTTATGCGAAAAAGCAAGAAACCACATAATAATAGGAATTGGAATAAATATTAATAACACTGACTTTGGAATGTTTCGTGAAAAAGCTGTTTCCCTTGTGGAAATCACTGGAAAAATTCATCCCATACAGCAAATTATAGAAGAAGTCGTATCAAATTTTGAGAATCAATTTCATAGCTTAAATAAAAATTGGGAAAATGTATTAAAAATTGTAAACGAAAATAGCTACTTAAAAGGAAGAAAAATAAGAATAAAACAACGAAATGGAAAGTTTTCAGAAAAGGAATACAGATTTTTACGTGTAGATAGAAGAGGTAGAATTTCGCTTATTGCCAGAGGTGATAGTGATGAAGCGAAGTTTACTTCATTGGAGTTTAAAGTTATATAAAATAAAAGGAATATTAATCCATGACTTAGAGATAAATATTCCTTTTTTAGTGCTATTTTTTTATTATTCCTATTTCTATTAAATATCTGTCAATCCCGTTTTTCCAATCTGGAATTTTTTCTCCCAACAGTTTTTCAACCTTCTCAGAAGATAACTTTGAAAAATGAGGCCTCTTGGCAGGAAGATTGAAATCTTCTGTTTTCGCAGTTTTAAGAGTCCCTTTCCAACCTATTTTTTCCAATACATATTTTGCCTGATCATATTTACTGGCAGTCCCATTATTTGTAATATGATATAATCCAAATTGTCCAGTCTGTATCAATTTCCACGAAAATTCTGCCAAATCCTTTGAATATGTGGGTGCAGAAATCTGATCATCAACTATATTTAATGTATCACGAGTTTTACTCCAGTTGATGACCTGTGTGTTAAAATTATTGTTAGCTTTTCCAAAAACCCAAGATGTTCGAATTACAAAAGATTTTTCATAAGTTTCCAAAGTCAATTTTTCACCATTTGCTTTTGAAAGTCCATAATCAGATATAGGACTAGGAATATCATTTTCTATATAATTTCCTCCTTTTTTTCCATCAAAGACAAAATCAGTTGAATAAGTTACAAAAATTGCACCTATCCTTTTAGAGAATTTTGCTAATTTTTTTGGTGCTTGTTCATTTAGTAAAAAAACTTTGTCATCAGTTTCTGCTTTATCCACATCATTATATGCAGCACAATTTATTATGTGTGTAAAATCATTGTTTTTTTCAAAAAACTTTTCTAAATTTTCTTCACTTGTTATATCTAGTTCCTGATAATCAGTTGCCATATATTTTATATTCAGATTATCAAATAGTTTTTGGAAGTCATGTCCTAGTTGGCCGTTAGAGCCAGTTAATAGTATTTTCATATTATATTTTATCCTTTCTTTAAAAATATACTCTAAAAAGGAGTAGTTTTTTTAATTAGATAAATATAATAGTGATAATAAATAATTTACTACTCCTTTTGTTATTATATAAAAAAATTTAAAATAAATCTAGTATTTTAGTTTAAATAGAAATATTTTTTATAACATTTATTTTCTAAAGTTTTTCAGCTAAATATTTTATAACAAAAAAGTTTAGTATCATAGTAATTGGAGTTATTAAAAGTTTTATAATTAGTTTTAATGAACTAAAATTAATATTATTTTTAATAGCCGATATATATAATATTTGTGCTAATGAAGATATAAAAAATATTAATATCATCTGATATAAAAAATATATTATATATTTCTGTTTTATTGAAAATCCTTTTTTATTCTCTTTGAATATTTTTTTTGTAGAAACTATGAAAACAAAAGTTATTGCTGGTATAGAGCTTAATATGTTTGAATACAGTATTTTAAGATTAAATATACCAGTTAATATTAAGTATAATCCAAAATCTATAACCCATCCAGTTCCTGATATAAATAGAAATTTTATAAATTGTATAAAAATTTTTTTTAAATTTTTCAAAGTAATCCTTTCTTATTCCTATATTTTTATTCTTTATAAATTAAATAGTTCTCGTACCTTTTTTGCCATCCCATCATTTGCATTGCTTTCAATAACTTCTGTATCTGTCAATTTCTCAAGCAATAAATAAATCGAATTTTCCATTGCAAATCCAAGTCCAGTTTCTGTTATCAAATCATAATCATTCAGTCCGTCCCCAAATGAAACAGCGTCCTTCAATGTTAATCCATCTCTTTCCAGCACTACTTCCGCCGCTTTCGCTTTGTTACAATCTGCAGGAAAAACCTCCAGACTTCCTTCATTTGCAAATAAAAGACTTATATTCTCCTCACCCACCACTCTTTTTATCTCATTTTCCAGTTCCAGTAATTCGTCGTGATCTTCTCCAAGGAAAAAGATTT
NZ_AP019840.1_gap11	135044	138345	3301	TTATATGTTTTTAAATATTCAAATTTCTCTTTACTTATAAATCCTTTTCCTAATTTATTAATACCTTCTTTCTTTCCGTCAATGTAGATAACATCATTTAATTTGTAAATTTTTTTTATATTTTTTATCTCTTCTCCTAATGTTAAAGGAGTCACTAAATTTCTAATATCTGGTCCTGTTGGAGGTCGATCTTGTAATAAAAGTACTAGAGTTATACAAAAAGATAATAATATTATTTTTATATTTTTATTTAAAATTTTGTGTCCGTATTTATATAAGAATACCAATAGTCCAAATGTTATTGCAACCATCATGGTAGCAGTTGTTCTTCCAAAAAGTCCCACACTATCAATTCTAATTGTTGTAAAAGTATAGTTTATTGGTACTGCTATAAGAAAGAATGTTAAAATAAAAAATTCAGGTTTTTTAAATTTATTTAATATTTTTCCTTTTTTCAACATATATAAGAAGAAAAAATATAAAAATGTTAAAATAATAGAAATCATTATTAGAAAAATAAAAATATACCAAAAAGTATTTCTTAAATTAGGATTTGAAATAAATACCATAAACCAAGAAGGAGGAATTGATTGCCCATAAGCAGTTATTCCATCAGCAAGTTTTGTTTGTGAAGAAAGCAATATAATCATTTTTATTAGTTTTATTCCATATTTTATCACCAAAATAATGGGATATATTAATAAAATATTTAATATCCAAAATAACTTGTTTTTCAATATTTTTAAATATAATTTTTCTTTATATATTAAATAAATTTGAATTATTGAAAAAGGTAATGCACCTAAAATACCTGCTACTCCATTTAATGGGTAATAGAATACAGATATTATAGAAATTAAAATATATAATTGCAACCATTGAATACGTTTTATTATTAAATTATGATTTGAAAGAAGTAGAACTAAAATAATAAATACATTTATTCTATTGTATTCAGGTAAAAAAGTTAATAGTGCAATTACAAAAGAAAAATTTCCACCTAAAAGAAGATAACATAAGATACCATATAGGCTAACCCAAAAAATATTAGTAACTACCAATGAAGGTAAATATGAAAAACTTACACCATGAAATATCAAATTCTGAAAAAAACCTAAAACAAGTCCATATAATCCTGAAGTTCCAGAATAGTCGCTATATAAACTTAGATGTTTATTTATTAGTTCTTGCCAAGGCATTACTTCTTCACCCCAATGCCAAAAATCTCCAGAATGATAGTACATTGGTGTTACATGATGGTGAATTATAAATATTATAATAATAGTGGAAAGCATTACTAAAGAACTTTTTTTGTTTTGTTTTATGTAATTTTGATAATGAAAAAAATTCATTATTGTTAATACAATAGTTAATAATAATATTAATACAATATATTGTTTAGGGTAAGATAGTTTGTAAATCTCAGTATTGTTTATTAGGTACTTATTAGAAAGATAAATTAATAATATTACAGGTATTGGTATTTGTAATAATAATATAATTTTATTTAGGTCTTTAAATTTTTTTCTTTTCAAAAAATAAAAGAACAAAGAAAAAAAAGCTATTATTATTAAATAAATATTTTTTTGAGAAATTATTTCATATTGAGGTATTAAAATACCTAATATTACTTTTAAAACTATAACAAAAAAATATATGCAAAACATTAGTAGTAATAATTTATATTTTTTAATTTTTTTAGGAATAAAATTATAAAAAAATAGATAAAGTATTCCTATGAATAGATAAAAGTTAAGTATTTTTTGAGTTATAAAAAAGAATAGAATAATAGGGATAAAAATAATTCTTATTTCTGGAAAGTTAAAAGTTTCAGAATCATTTATTTTCTGGTTTAGGATATTTCTCAGTTTCTCTTTTTTTAAATATACGCTTATTATTATGGTTAATATTCCTAAAAGCATGGACAACCAAAAATTGAAAATTTCTCCTGATTTATTTGTACCAGAAAGAGCTGTCATTTCCAGAATAATATCACTATAAATTTGATGTTTAGAAGCCATATATGGTCCTAAAATTGCTAAAGAAACACTTGTAGTGATTATTCCATTTATTAAAGGACTAAATATAGTAAAAAAATTTTTAATTTGTTGCATTTTATTGTGATACTCAGTCATCTAATTACTCCTTTTTTATAAAATTAGAAAAACGAGGGTGTTTCATAAGCCAAAAATAATTTCACTAACATAAATGTTATATATTTTTAAAAATCAACAGATATTATTTTTATTGATTTTATAAATATAGTAAAATATATAAAATTTATGATTTAGTAATTTTATTTACTTTATGAGACAGCCCCATTCTTCATTTTCAAACTAAACAATTATGAAATCATTTTTATTTTAATTTTAGATTATTACAATTACATAATAGGTTACTATTCTTTTCTATCAACATTAAGTTTTAAGAATTTTATGCTTTTTACTTCAATTTCTGTTCCAACTTTTACTTTTTCAAAATCAATTCGTAATCTAGATATTGTCGAAAATAACCATCCTGGATGTGAACCTATCGGAATTAACATTTTTCCATTTACATCATCTAACCACATTGTTCTATTTTCATTAAATGGTATACCATCACCATCCCAAAATAATTGAACTCTTCTTTGTTTCTTATCTGAATAGTTAGATTTTAATTCTAAGTATATAAAATCAAAATCAGTTCCTTTTATTTTTTCTGGAAATTTCAATATAATATATGGATCTGTTTTATACATTATTTTTATTTTTGAGTTTGATAATACCTGTACTTGATTACCTGTTATAGTAATATTATTTAAATTGAATTCTTTTTTATTTATAAAGAGATTATTTAATGTATGCATTGAATTTCCAAATGAGAATGCAATTTTTTGAATGTCTTGACTAGGGTGATTATCAACCATGTGTTTTTTCCCAACATTGATATTCCCAAAAATTTCTTGATATCTATCAGGTCTTATCCAAAAGTCAATTCCTTTGTATTTATACATAACATATCCATTATCTATTATCCATTTAAAAGTATAATAACTATCATAACCTCTTACTTCTGTTAAAAAAATAGGTTTTTGTTCTATAGATTCTAAATTATTTTTTGATACTTTCAAAGTTTTAGTTAAATGTGGACTGTCTATTTTAGCTGGAACCTTATTATCAAATATAAAAAGTAGTTCTCTATTCATTGTTGGCCAAAATACTTCATTAGGTTTTAAAAGTTTATCTGCCATTTCTTTATATGTTTTTAAATATTGCATATCTGATTCTCTAATAAATCCTTTACCCAACTTGTGTAATCC
NZ_AP019840.1_gap12	143044	145547	2503	TATAAATACCACTAACAAAATATTCCTCATAATTACAATTATCTAAATATTCTTCTGTGGAAGTTTTAAAAATATCTTTATTTTTAAAATAATAAGCTCCACATATCGCTTTATCACTTATAACCTTTTTTTCCATCGTCTGAATTACATTATCATTTTCGTCAAGAGCAACATAACTATATCTTGGATCATCAGATTTAAATGTTAATAAAGCTCCATCGATGTCCTTAAAATTTTTATTTTTACAAAATTCATAGAATGAGTCACACAAAAAAGCGTGATCACAATCATTAAACAGAATAGGATTATCATTATCAACTAATTTAACTCCTTCTAAACACGTTAAAACAGCTCCATTTAAAACCTCATCAATAACTTGTAACTTTGCATTTGGATAATACTTCAAAATTTCTTTATCTATATTATAATTTTCAACATGCTCTTTTAATATTACAAAAATCAAGTTATCAATATCAATAAATTTTGTAATTGATTGTGTTGCCCAAAAGAAAAAAGGACGTCCATCTAGTTCTATTAATGGTTTAGGCAACATTATTCCTTCTTTTTTAAATCTTGTTCCTCCTCCAGCCATAGGCATTATTAAATTTATTTTTGACATTTTTAAATCTCCTTATATTTTATCTAATTGACTTAATAATTCACATTCATTTTCTATCACACGTTTAAGTCCTTCAGTAATATCCACTTTTGGTTCCCAATTGTATTTAGTTTTAGCATAGGTATTATCACAAAGTGAATATTTATTAATTTCTTCTTTTAAGATGGAATCTTTTATTTTATAAAAACCTTCATAAAGCTCGGGATATTTTTCCCAATAATGAGCATCATCAGCATATTCTGCTTTAATATTTTTTCCCATTATTTTAGATGTAATTTCATACATTTCATTTACAGAATAATTTGTCAATGAAGAACAATTTACACAATCAAATCCTTCTCCTTTTTGAACAGCTATTGCTAAATCTATAAGATCATCTACATATATATAATCCCTCCGTTGAGTTCCATCTGAATGGAAAACTGGTGTTCTATTATAATACAACTCTCTAATCATATAAGCAACGAAAGGTGGCTGTTTTCTTAGACAATCTATATGAGGCCCATAAACATTTGCAAAACGAATACAAGTAACATTCATTCCATAAGTATCACAAAAAGACTGAGCAAATCTTTCTGCAACATATTTTGTATTTGGATAAATTAACGTAGGAAGTTCAAATTTATCTTCTTTAGTTGGAAAATTTTTATCATTTTCATAAATTGCATTTGTACTTGCCTGAATTACCTTTTTTACTCCAAATTTTCTACTATTTTCCAGTATATTTACAAAACCAGTTGTATTAACATCTATTGCTTCTTGTGGATTAGACTGACAATCTGGAAGTGGTGCTATTCCTGCGATATTGTAAACATAATCTACATCTCCATTTTTTAATAGTGATTCTATACCCTCTCTGTCTCTAATATCCATTCTAATTATTTCATCTCTAAAATCATGATCTGAAAAAATAAGATTATCTTCCTTTCCATAAGAAAAATTATCTATAAGTATAAGTTCATCTCCATTTTTCCATAATCTGTAAGCAAGCTGTGAACCAATAAATCCAGCTGCTCCTGTTATCAAAATTTTCATAATTATCCTCCTTTCTCATTTTTACTTAATGTTCTGTTGTTTTATCTACTAATTTCAATAGCATTATAGCTATCTATTATTTTTTTTCGATGTTCAGAATTTAAATATTTTCCACGAATAAAGAAGTATTTCGTAACCAATAACAAAGTAGTTAATGCTTGATTAATCATTTTAACATTTGAAATTTGATCTTCTTCTCTCCAAGAAACAGGAAAAAAATTAATATTTTGTTTATAATAATTAACGGCTAGTAGCATGTAACAATTAAAGGTTAAGTTATCAGCAAATTTATGAAAAAAATTACTTTTTAATAAATTTACATTATAGCAGTTTAATCCTGATCCTAAATCATAGATTCTTTTTCCTAAAAAAATTGAAAAAATTAAATTATAAACTTTATTACCAAATGTTCTAAAACTTGAATATCCCAGTATTTTTGACTCTTTCATAAATCTTGCACCTAAACAACAATCATATTTTTTATGAACTTGATTTTTCAGTAAAGGTATAAAATCAGCAATATTTCCTTGATCATCTCCATGTAATACTATAATATAATCAAAATTATTTTCAATTGCGTATTTAAAAGCAACTTTATGAGAGCCACCTAAACCATAATTTTCGTTGTTTCTTAGCAATTTTATAGATAAATCTGTATTTAAATTTTTTAATTTTTCTAATACTACCTGTTCTCCATTATCAGTACTACGATTATTTACAATTATTGCTTCACTAATATAAGGCTTAATTTCACCTACAAGTTGATCTATTACTCTTCCAATTTGCTTTTCACAATTATACATAGGTATGAAAACAAGAATCTTATCTTTCATATATTTTTACTTTTCC
NZ_AP019840.1_gap13	147852	148438	586	GAAAGTCCATCAAAATATATTTGAGGATCTTCTGTTGTAAAAATATAATTTTCTTCATCATTGTAAACTGCATTAGTTGAACAACCTAAGATTCTTTTTTCATTATTTTTATTTATAAAAGATTTATTTGTTATCTTCATATTTAATGCCATATTTTTTGGATCTATCCTTATAACTTTAACTCCTTTTGGAATGGATATATTAATACTAATTTCATTGGTATAGTCAAAATAATATTGTGTTACATCCCCATTATCAAAAAATAATTCTAAATATTCTACTTTTTCTAATGGTTTATGTTCTTTTTGATTTATATTAACTGTTTCTAAACGCTCAGAATAAAAATTTTCATTTAATTTTTTCATTTCTTCTATTAAGGATTCATCAAAGAATTCTTTTAACATCTCATCAAAAGAAAATTTATAATAAAAATAAATACCATATCGATGATAAAAAATTGATAATAATCTATAAAATAAGAAATTTTTTTCTATTTTACCTTCATATATCCATTCGTAATCAATTACAAATATTTCTCCTGTTTCTGACTGTATCATATTATCTAATGTCATATCTAAATTAACAA
NZ_AP019840.1_gap14	150005	151574	1569	CAACAAGTTCTGTACCTTTTCTATCTTTTATAGTAAAAGCAAAAATTGGTTCCTTTACATCTTTATGAAATTTTACTTTCATTTTTATGGTAACATCATCTCCTTTTTCCATATTATTAGTAATATTGCCTTTATTCACAAATGCAAAGTCAATAATTTCAGCATCCATTTCTCCATATTCAGTAAAATTTTTATTAATTTCCATATTATTTTTCAAGGTTTCTAATTTTTCAGAATTTATTTGAACTGTTTCAACTTCTTTATTTTTTTCTACATCCTCTGTTATTCCAACCATTATTTTTTTGTATTTATCAATTACTATTTTAGGAGTTGAGTCTTCGATTTTTTTCCCTTTTTCAATTAATATAGCTCTGTTACAATATTTTAATACAGATCCCATATCATGTGTTACAAATAAAATAGTTTTTCCTTTTTCAGTAAATTCAGTAAATTTTTTGTAACATTTTAATTGAAAGAATACATCACCAACACTTAGTGCTTCATCAACTATCAAAATCTCGGGATCAACATTTATTGCAACTGAAAAAGCCAACCTTGCAAACATTCCGCTTGAATAATTTTTAACAGGTTGATAAACAAATTCGCCAATATCTGCAAAATCAATAATTTCTTTTTTTTTAGATTCAATTTCTTCTTTTTGTAATCCCATCAAAGTTCCATATAATTCAATATTTTCTATTCCAGTATATTCGGGATTAAAACCTGCTCCTAATTCTATTAATGCTGATATTTTCCCGTTTATATTTATTTTACCAGAAGAAGGAGTTAAAACACCTGTTATAATTTTTAAAAGTGTCGATTTACCTGCTCCATTTGTACCAACTAATCCTAAAATTTCTCCTTTTCTTACTTCCAAGTTAATATTATCTAATGCGTAAAAGTCACTATGATACTTTTTTTTTGAAAAAAAGAACAATGATTCCTTTAATCTATCTCGTTTATTTTTATATAATTTATATACCTTTGATATATTTTTGAGCTCAATTACTTTTTCTTGCATTTAAAAATCCTCCATTTATAGCACATCATTGAAATGTGGCTTTAATTTTCTAAAAACAAAAATCCCAGCAAAAAAAATAAAAATGGTTATCAAGAAAAATTCTGTTGTCCAATAGGGTTTTTCCCAAAACCAAATTTTATATATAAAAGTATCTCTATATCCTTGTATAATGTAAAACATGGGATTTAGCTTAAATAACCAAAGAATTTTTTTTGGAAGCATTTTAGCAGACCATAGTATTGGTGTTACCCAAAATCCTAATTGAACCACTACAGTAATTATTTCTCCAATATCTGGTAAAAATGCTTTTAAAGAACTGAAAAACCAAGATAAACCTGTTAATAAAAAACATAAACAAAACATATAATATATTATTTGAAAAAAATATATATCAATCATGAATTTGTTTACTAACGAAATGATTATCACTATTATTATGAAAAAAAAATGAGTGAAAACATTTGAAATTATTTTTATTAATGGTAAGACTTCTGCTTTAAATATCATTTGTCTTAACATATAACTGTACTCAAAAAGAACATTTGCAC
NZ_AP019840.1_gap15	152836	156190	3354	TGCTGTTTTTATCATTGGTTCAGCTAATTTGTTCAATTTTTCTATACTTATCCACCCTTTTTGATAAGCTATTTCTTCAAGACAGGCAATATAAAAACCTTGTCTCTTTTGAATAGCTTCCACATAATTGGCTGCTTCTAACAAAGATTCATGAGTACCTGTATCTAACCATGCTGTACCTCTCCCGAGATTTTTAACATTTAATGTTCCTTCAGATAGATACATTTCGTTCACAGCTGTAATTTCTAATTCACCTCTTGTGGATGGTTTTACATTTTTGGCTTTTTCGATAACTGTATTATCATAGAAGTATAATCCCGGTATTGCGTAATTTGATTTAGGTTCTTTTGGTTTTTCCTCCAATGAAATAGCTTTCCCATTTTCATCAAATTCTACAACTCCATAAGCTCTAGGATCTTTTACAGGATATCCGAATATTGTAGCTCCTTCTGTTAAGTTGGCAGCCTGTTCAACTAAACCTGTAAATCCACTGCCGTAAAATATGTTATCTCCTAAAATTAAAGCTACATTGTCATTTCCAATAAATTCTTCGCCGATTAAAAAGGCTTCTGCAAGTCCATTAGGCTTTTCTTGTACTTTGTATTTTAAAGATATACCCAAATCGCTTCCATCTCCTAAAAGTTCTTGGAACAGAGGTAAATCTCTAGGTGTGGAAATAATTAAAATATCCTTTATATTTGCAAGCATAAGTACAGATAAAGGATAATAAATCATAGGTTTATCATAAATTGGTATGATTTGTTTTGAAATTGATTTTGTTAATGGATAAAGTCTAGTTCCACTACCACCAGCTAAAATAATTCCTTTCATTTAAATACCTGCTTTCATTTAATTATTTTTTTCTTTTCTTAAATCTAAAAATGGTATATGCCATGTAGAATATCTTGATGATGAAGTTACATTTGCCACTATATTTCTTATATATGATACTAAGACTGAAGCCGCATTTGTTTCTAATACACTTTGTAAATTTTTATTTTCTATCTCTTCATCCCAAATAAATTTTGAATACATTTCTACTTTTATATAAAATGGTAAATTATCACCTATTGTTTTCAAAATAACATAAACATTGGCCTCATCTTCTCTTATATCTAACTTAGTTTCTAGATCAACTTTTATTTCAATTTCATCTTTTAATTCAAATTCATTATTTTCATTATATATTAAATTTAACAAAATTGGCCTTTCAAATTGAAAACTACTTTTTTTGACTTCCATAATTTTCTCCTTTTTAAGCAATTGCTAAAATGTTACTATCAATCTCATACTTCCTTTTATCATCTTTATATATTTTTTTACCAATTTTGTAAGTTATTTCTTCCATTACTCTATTTGCATAATATTCTAATACATAATTATTTAATTCTTTACCTAATCTTTCTCTTTTTTCTATTGGCATTTCATCTATTTCTTTCATTATTTTATCAAAAAAAATCAATGTTTCTTGCTTATTCATTTATAATCATCCCTTTCTTTATTATACAGGTACTATCTTTAACATTATAAATAACTTTTACTGTAGAACTTGGTTTTATTTTGTTATTTTTTATTTCATTAAAAAAATTATTTTTTGGTTTATAATTTATACCTATAATTTTTATAATACTATATTTTGTTTTAATTTCGCTTATTTTTTCATATATAAAATCTAATTTAGCTCCAATAGGCATTTTATTTTTTAAATCTTTATTTGTTTCATCTTGAATATTTAATTTTTTCCAAACTTCTTCTATTATATTGACAATATCATCATCTGTTAAATCTAATACTTTTTCTAACGAAACAAAAGATTTTATTATTACAAATTTATTATTTGGATTTTTTCTGATTTTATCTTTTTTCCAATATTTTGCATTTCCTAAGTTATCCCAATAATACATGCCTTTTCCTAGCCAATTATCATCATATTTATGATTAGATTCTATTAATTCTAAAGTATTGTTTAAAAAATTATCACATTTTTCTTTTGTATTACAATGATATAAATAAATTTTGGGGATTTCTTTTTTCATTCTTTCCTCTCATTTAAGTTTTTCATTTCCCTTTTCCAAACAAAACAGCCTTAGCCGTTTTTGCAACAATCAGTACATCCAATATCAAGTCCTGATGTTTTAAGTAATATAAATCATATTCAAGTTTTTTCCTTGCATCATCTAAACTTTCGCCATATGGGAACATTACTTGGGCCCAACCTGTTATTCCAGGTTTTATAAGATGTCTCAGGTTGTAATAATTTATTTGTTCTGCATAATCTTTTGCTAGTATATCCCATTCCGGGCGTGGGCCAACGAAGCTCATTGTACCTTTTAGAATGTTCCAAAGTTGCGGTAATTCATCAATTCTTGTTTTTCTCATAAATTTTCCGAATTTTGTAACTCTTGTATCGTTATCTAGAGTATATTTTGAATATTTCTTAGGATCATGTAACCTCATGCTTCTGAATTTATAGACTCTGAAAGGTTTCATATTTTCACCTATTCTTGTTTGTTTAAATATAACCGGCCCTTTAGATTCAAATTTAATAATTATCGTAGTAATTAATGCAAGGGGAGAAAGAATAACCATTAAAATTAATGCCAGTATTAAATCCATTCCCCGTTTTATGTTTCTTTGCATTTCATTATTGAGAATATCAAATCCGTTTGATTCCAAAAGCCATTCTTCATTTATTTGATTTATATCAATCTTTTTTTGGATATCTTCGTTGAATTCTTCATAATTCATTATTTTTAGTCCATTAATTTTTAAATCAAATATACGTTTTAAATATTTTTTGAAATCAGGACTTTTTATATCTTTTACAATTACTAGAATATCAACATTATTTTTAGCAATGATTGTTTCCATTTCATTGTAATTTCCAATCAGATATTTTGTCGCTCTGCTTTTATTGTTAGAAATATATCCGATGTAATTGTAGTCAAGCGTATTTATAATATCTTCCTGAATGTTGTTTTCTATATGATTTGAGCCAAATATTAATACATTTTGCTTTTTCATATAAATTGAGCATACAATTTTTCTAAAAATTACTTGAAACACAAATATTAATCCAAACATATAGAATATATCAAAACGTTTCCAAAAGGCATACAATATTACGGAAAAAATTATGTCGATTCCTAAATTTATAAAAACATCCTTAAGTCTGAAACGTTCTGCGTAAAAGTCCAATTGTCCAAATACAAATTTTACAAATATGAATAAAATGAATATAAAACTTGTTAAATATTTTACTACGTAATCATATTTATCTAACAAAAGACTATAAATCATATACAAAATAAAAATATATAATATACGTATACGTATATCTTTATTTAATTTCAT
NZ_AP019840.1_gap16	168971	172118	3147	GTAGGATTAATCTTAATATCTACAATAACAAGTTGTCAAAATGATAAAAAAATTATTGAAAATGATTTAAAAAATTTAATAGAATTCACTCGAAACGGTGGTTATAAATCATCAAATCATGATAAAATGGCTGCTATAACATTTGAAGCAATTGATGAAGGATATAAAAAAATGTCCTATAAAATTAATAAAACAACAGAAGAAAATAAAAATAAAATTATCGTAAATATTACTATAAAGTATCCTGATTTATCAGGAGCAATAGAAATATTTAAAAATAAAATATTAGAAGAAAGACAAAGACTTTTGAAATCACCAAATCCTACTGTAAGGTCAGATGATGAAATGATAAAATTGACTACGCAATTTTTAAAAGAATCTGTAAATGAAAAATTGAATGATCCTAATCTAAGATATTTTGAAGAAACGTTTGATATTGTATATGTAAAACATAACGATAATTGGGAAATGCAAGACAGCCCGCAATTCAACAAAGCGATGCTCTTTAATTTGCATTTTAACTCATTTACTCAAAATTAAGGATTTTTAAGGCAAAAACTTAAAATTTTACAACAAAAATAAAAAAATAACATAGAAAAAGGAGGATAAATTGTGGGATATATAAAAATACTAGATGAAAAAGTGTCAAATATTATTGCCGCTGGGGAAGTTGTGGAAAATCCAGCTTCGATGATTAAGGAGATGATTGAGAACTCACTGGATGCGAAGGCTACGATGATAAAAATTGAGGTTTTTAAAGCTGGAACTGATGTTAAGGTGAGTGATAATGGAATTGGGATGGATAAGGACGATACGCTTTTGTCAGTGGAGCGGCATGCTACTTCTAAGATTAAGGAAAAGGAAGATGTTTTTAACTTAAACACTTATGGATTTCGAGGAGAGGCTCTGTCATCTATTGCAGCGGTGTCTAAACTTACGATTACTACACGTTCTGAAAATAGTCCTGTGGGTTATAAAATTGGCTGTTATGGTGGAGTTGTGAGAAAATTTGAGGAAGTTTCGAGAAATGTCGGGACAGAAATGGAAGTCAGGGATTTATTTTACAATACGCCTGCCAGACGGAAATTTTTGCGAAAAATGTCAACAGAATATGGTAAAATCAGGGATATTGTACTAAAGGAAGCACTTTCAAACAGTAATGTGGCATTTTCGCTTGAATTAGATGGAAAAAGTACGATAAAGACAAGTGGAAAAGGGATTGATAATACAATTCTTGAATTATTTGGAAAATCTGTTTTGAGAAATTTGAAAAAATTTGAATACGGATATTTGGGAAATGTGGAAATTTTACGAAGTTCAAAGGACTTTATGTTTACTTTTGTAAATAACCGATATGTTAAGTCAGCAACTATTGAACGTGCTGTTATAGACGGCTATTACACTAAATTGATGAAAGGGAAATACCCGTTTGCAATTATTTTTTACAACACCGATCCAAAGGAAATTGATGTAAATGTTCACCCATCCAAAAAAATAATAAAATTCTCAAATGATAAAATCGTTTATAATGAAATAAAATCGGCAATTGACGACTTTTTTTACTACAACGACAGGGAAAACTGGCAGCCAAATATTGACTTGATAAAGAAAAATATTAACATTAATGAAAATGTCACTGTGGAAAAAGATGATTTGTTTTCCGACGATGTTTTGAAGGGTGAAAATCAGAAAGTTATAAGCCTTGAAACTTTTGATGGAAAGATTTTAGAAAATACTAAAAATTCAAATGAGAAAGATAATTTTTTAGCAGATGATTTTAATAAAAATGATAGAAATTCTGAGTTTTTTGATAATTCTGAAAATATTACATATAATAATTTTTCAAATGATGAAAATTTTGTAAATAGTAAAAACGAAAACAGCTCAAAACTTGATAAAATATGGAATAAAATGAATAAAAATTCAAATAAAATTGTGGAAAACAATGTGGAAAACTTTGGAACTGAAGATAAATTTCAGACAAAAAAATGGGAACATAATAGCAATTTTGAAAATTACAAAAATTCTGGTGAACACAGAAATTTTGATACTGTAAATGAAAATACTACAGATGAATCCCATTATAAAGTTGGAACATTTGAAAAACATGTTGGAAAGCAGTTTCATTATGATATTTTGGGGCAGATTTTTGACACATATATTCTTGTTCGCAGAGATGATGAACTGGAAATTTATGATCAGCACATTATTCACGAGAGAATATTGTACGAGGAATTAAAGGACAAGTTTTATAATAAAAAAATCGAGTCACAGCATTTATTGTTGCCACTAAAGATGGAAGTTACACAAATTGAAAAAAATATTATTTTTGAGAATATCGAAATTTTTAGAGATTTTGGATTTGATATTGATGAGTTTTCGGAAGATGAGATTGTAATTCGGGCTGTGCCTGCCTTTGACTTTCGGGATAGCATTGAAAATGTATTTTTACAGCTGCTTATGGATTTGAAAAATGAAGTGGAAATAAAGGATTTACGTGAAAATATTATTATTTCAATGTCGTGCAAAGGGGCTGTGAAGGCTGGACAGAAGCTCGATATGTTTGAAATGCAGAATATGGTGCGAAGGATTCATGAAGTGGGGAAATATACGTGTCCACACGGGCGTCCAATTATTGTGAAATTGAGTAAAAATGACTTGGACAAAATGTTTGGAAGAAAAAAATAAGGAAAAAAACAGGAAAAATCAAAAAAACTTTTGACAATAAGGAAAAAATATGATAAGAATTAATGTAGTGTGTATTGGAAAAATAAAAGATAAATACATAAAAGAGGGAATAGCGGAGTTTTCAAAGAGGTTGTCAAAGTACGTAAAATTGGATGTAGTTGAACTGGCTGAAGAAGATGATAACAAGGGGATTGAAAATGCAATAAATTCCGAAACTGAGAGAATAATAAATGCTATTTCAAAAAGAAATTATTCATATAATATTTTGCTTGACTTAAATGGAAAAATGCTAACTTCTGAAGAAATGGCAGAAAAAATCGAAAAAATTTCCATGACAAACAGTGAAATTAGTTTCATAATTGGTGGTTCCAATGGTGTGAATGATAACTTGAGAAAAATGGTAGATTTTCGGCTATGTTTTTCAGCAATGACATTTCCGCATCAGCTTATGCGATTAAT
NZ_AP019840.1_gap17	308821	311955	3134	CAGCAGGTGATGAAACAACAGCAATCTCTTTAGATGAGCCAGCATTTAAACGAAAAGGATTAATAGATATGGTACAAAATTATTCTAAAATGGGTTCAAATGAAAAAAAAAGAATTAGGCAAGTAGCAGGGAAGAAATTGATAGAATATCTGTCAAATTTAGCTGCAATAAATCAAATAACAAAATGGGCTGTGCAAGATGATAAGGTGCCTGACAGAAATCCTTCAGAACCAATACGGGCATATAGGAACTTGACAAAAAGTTTGCTGATACTGTATTTCAAAGATGACAAGGTATCTAAAAAGAAAGAAATAGAAAGCGAAAAAGATGCTAAAGAAAGATATGAGTATGCCGAAATAAAAACAAGATTAGATACATTAAACGCTGAAATAAAAGATTATAATGATAAGATACTGGGATTGTTAAAAACAGGTAAAACTGATGAACTTACTTTAACAAATATTCAAAAATATAGAGAAAAGCAAAAAATTTTATTGGAGGAAAAAGAACGAATTAAAAAAGAAAAATTAAATGGGCAGGCAAATTATGAGGCATACAGAAAGCAGGAAGATATAAAGCAATGGACAGAAAGCCTGCTAGGAATAGAACTGGGAGTACCATTTAGATTTATGTACGTACCAGAAGTGGAAATTTTGAAATATTTGGAAACATATGAATTAACAGAAAAATCAGAAGGGAGATTTGAAATACTATTAAAGCAGTCCCTCGCCAGAGAGCAGTATGTAGAAGTAGGAAGTGCAATAACTTTAGCAAAAAAAGGAGCAATGAAAGTGTGGGATGGGATTAGTAGTATATTCAGTGGAAATAAAAATGAAAATCCGTAATAAATTAATAGATTGGTTATTATTTTTTATATTCTGTTCCAATTTAAGTGCTATAAAAATATCTGAAGTAGAAGGAACAAAAAGACTAAGTAATTATAATGAAATTAAAGATATTGAAGTAGAAAGAATAATTGATTATGATAATTATAAAAGGGATGAGGAAAAAAATTTAGTTTTTGTAACAGGTGAAACAACCCCATTTACTGGTATGATTATAAGAAAAAAAGGCAGTATAATAGATGCATTAGGTTTTTATGAAAATGGAAAGCGAGAAGGAACTAATTATCTTTATGATATAAATGGAAAGGTAATAGCAAGAAATACAAGCCATAATGATGTACTGATAAAGACTGAATTTAAACACAAAAATGGCTCTGGTATGTACAGTATTTATGAACAAGTAAGAGATAATTATGGAATAAAAATAAATTATTATCCTAATAATAAAATAGCTGCCAAAATGAATGTTAGAGTGGAATATAGAGGACGAATGATTCACTACATAAATGAAGGGGAGTCAATAGCCTATGAAAAAAATGGAGAAATAAAAGGAATTCTTAATTTCAAAAATGACAGTGCTTATGGATTGCCACAAAAATTGTTTAAAAATGGTAAGTTAAAGTATGAATTTATCTCAGCGGCAGAAGTTGGAGAGAAATTGGAAACTATGACTTATTTTAAAGAGTATTTTGATAAATCTGATAAATTAAAACTTGACTGTGATGAGGTATCAAGCGGAGAGTGGCATTGTAAGGAATACAAGAAGGATGGGACACTGAAAAACGAATTTACATCTCCAACTTATAAGCCGAAAAAGGATAACAGTTTTTGGATAAATGCGTTTTTGGGAATATGGAATATGCTGTTTTAGTGAAATTATTTAATTTATATTTTTGTTAAAAAGGATGAGAAATAATGGATAGAGTGCCATTTAGATTTATGTACGTACCAGAAGTGGAAATTTCGAAATATTTGGAAACATATGAATTAACAGAAAAATCAGAAGGGAGATTTGAAATACTATTAAAGCAGTCCCTCGCCAGAGAGCAGTATGTAGAAGTTGGAAGTGCAATAACTTTAGCAAAAAAAGGAGCAATGAAAGTGTGGGATGGGATTAGTAGTGTATTTAGTGGAGGTAAAGATGACAAAAAATCAAATAATAGCTAAAAACTTATTTTTAATAATTTTATTTCTTATATTTTGTTTATTTGGATATTCCGTTTCGCTATCAACAGTTGATGGCATTCAAAGACTTTCTGATTATAACGAGATAAAAGATATTAACGTTAGTAGAATATATGAAAAAATGGTTCCTAATTCAGCGTTTGATAAACGAAATGGATTAACATATATAAAAGGAGAAGAAATTCCGTTTGATGGGATTATGATTGCAAAAAAAAGAGGAGATGTTATAGTTGGAATTTACCAATATTCAAATGGTAAGGGACACGGAATTCAAAATGATTATCATGAAAATGGGAATTTATCAGTTAAATCAATTGAAGATGAAAATGGAACAGGAGATGCATTGTTTTATTACCCAAATGGTAAATTAAAGAGAAAGGCTTATTATGAAAATGATATTGCGATGAAGCATACTGAATATTATGAAAGTGGAAAAATAAAGGAAATTTTGAATTCAAAAGGTGGTTTAAATGCTGAGGTAATAGGTTATTATGAAAATGGAAATAAAAGTTATATTATGAATATCATTCAAGATTATAGTGTCAAAGGCAAAATAAATTATTTAAAAAATGGAGAATCAATAGCCTATGAAAAAAATGGAAACCTTTGGGGAATACTTAATTTTAAAAACAACAGTGCTTATGGATTGCCACAAAAATTGTTTAAAAATGGTAAATTAAAGTATGAATTTATCTCAGCAGCAGAAGTTGGAGAGAAATTGGAAACTATGACTTATTTTAAAGAGTATTTTGATAAATCTGATAAATTAAAACTTGACTGTGATGAGGTATCAAGTGGAGAGTGGCATTGTAAGGAATACAAAAAGGATGGGACACTGAAAAATGAATTTACATCTCCAACTTATAAGCCGAAAAAGGATAACAGTTTTTGGATAAATGCGTTTTTGGGAATATGGAATATTCTGTTTTAGATGAATTATTTAATTTATATTTTTGTTTAAAAGGATGAAAAATAATGAGTAGAGTGCCATTTAGATTTATGTACGTACCAGAAGTGGAAATTTTGAAATATTTGGAAACATATGAATTAACAGAAAAATCAGAAGGGAGATTTGAAATACTATTAAAGCAGTCCCTCGCCAGA
NZ_AP019840.1_gap18	472771	477312	4541	AATTAAGAGCAACTTATTTAAAACCTTTAAGAGATGCTGATAAAGAATTGATTTCAGGAAGATATTCAAGATTATCTCAAATTTTAAAAAATCATAAATTATTTTTAGGAAAAGAAAAAGAACATGAATTTATAGATATTATGAAAGAATTTAATTTACAAATAAATAAATATTTTTCTAAAAATGGAGATGGGAAAGAGGTAATTTCTACAATTGATAAACATTTAAGTAATTTTTTAGGAAAAGAAAAAAATGATGATTATAAAACGAATATAAATATTACAGAAAATAATCTATTTTCTATATTAAATAGTTTAAATTTGAAATTGAGTGAAAACAAAATAGGTTTAGGAACATTAAATCAATTATACATGGCTTTAGAATTATTATTGTTTGAAACAGAAGGAAATATTTTGAATCTTTGCTTAATTGAAGAATTAGAAGCACATTTGCATCCGCAAGCACAACTAAGAACTATAAAACATTTTCAAAATAAAAACAACGAAAATAATCAGATAATTTTGACAACGCATAGTATTACTTTGGCTTCTTCAGTAAAACTGGAAAATTTAATTTTATGTAAAAATAATAAAATATATTCAATGGGAGCGGAATATACAAAACTAGAGGAACATGACTATAAATTCTTGGAAATGTTTTTGGACGCTACAAAAGCCAATTTATTTTTTGCAAAAGGAGTTATTTTAGTAGAAGGAACTGCTGAAAATATTTTAATTCCAACCATTGCAGAAATTATAGGAAAACCACTTCATGAATACGGTGTTTCAGTTGTTAATGTAGGAAATATTGCATTTTTACGATATTCAAAAATATTTTTGAGAAAAAATAAGGAAGAAAAATTAAAGATACCAGTAGCTATAATTACTGATTTGGATATAAAAAATGATCATAATTGTGAAGGAATTGTATTGAAAAATGAAAATTTTATTCTTTTATCAGAATTTTTAAAAAATAGGTTCAACAAAGATTTATCTCCCTTACAGGATAAAGTATTTTTCACAAAAGAAGAGTTAAAATCAGAATTAAAAGAGTTTCTAGACTTGAAAAAATATCCTGTAGACCTTAAAGATTTAATAAAGAATAAAATAAAAAAAGAGAATATAGATATAAACGAATACAGGAAATTAAGAAGAGAAAAAAAAATAAATGAATATAGTATGGATAATGTGCAGGCGTTTGTAAATAAAAAACAGACTTTAGAATATGATTTATTGCTGGGAAATTTATGTGAAAAATTTTATAGGGCAATTTTATTAACAAAGAAAAAAAATGATAATGAGATAGACAAGGAAATAAAAAGAATTAAAAATCTTGATTCTGAAAATAGAGCAAAAAAAATATTTAAAGAAAATTTTTATAGTAATTATGAAAAAAATCAAAAAAGTAAATTATCAAAAGCAGAAGTAGCTCTAAATTTTTCTTATATTTTAAAAAATGAAGAATCTAAAAAAATCAGAAATGAAATAGTAAAAGATGAATATTTTAGATACATAGTAGAGGCTATAGAATATGTTACAGAAAGAGACAATAATAATGTTGGTGGATAAAAATTATAAAAATATAACAGATGAAGAAATGAAAAAAGTTTATGAATTGCTATTTAATAAAAAAGGTAGTTTTGATATAGAAAGAGAAAAGATAATTAAATCAATGGAAAGTTGTTATATAGAATCTGTACCTGGCTCTGGAAAAACAACGACTTTAGTTACAAAATTATTAATTTTAGCTGATAAATTAAGTAAAGGTAATTATGAAAAGGGAATTTGTGTTTTAACTCATACAAATGTAGGAATTAATATAATCAAGAAAAAATTAGGAAAAAAAGGAGATATTTTATTTAATTATCCTAATTTTGTTGGAACTTTACAGAGTTTTATTGATATTTATTTAGCTATTCCTTGTTATAAAAAGAAATTTAAGAAACAAGTAGTTATAATAGATGACAATTATGTAGATAAATATAATGAATCACTTATTATAAAAAATTGGCAGTTAAAAAGTTTTATAAAAGGTACAAAACAAAATCCAAAAAATATAAATATAGAAGACATATATTTTAATTTTAAAGAAGAAAAGTTTTGTTATGGAAAAAATAGAACACTTTTAAGAGAGGCAACAAATGATAAATATAAAACTCTCTATACTCGTATAGAAAAGGGAATTTTAAAATATAGTGAAGCAGTACAATTGGGGGAAATATATTTAGATAAATATTCTGTTTTAAAAGAGTATTTTTCTGAAAGATTTTCTTTAGTATTAGTTGATGAAATGCAAGATACTAAGGAAACAGCTTTTGAAATTTTGGAAACCCTTTTTGATAAGAAAAAAACTATAGTTCAGTATATTGGTGATAGTAATCAAAATATAAATGATGGAACAGAAAACTGGAACAAAGAAGAAAGTACTATAAAATACAATATGAGTTCAAGTAAAAGATTTGGAGAAAATATTGCAGAATTTTTAAATATTATAAAAAACGATGATAAGATAAAAGGAAATCAAGAAATTCAAGATTTTAAACCTATTTTATTTTTATATAATGAGAAAATTTTACTAGAAAATGAAAAAAATGGGAATAATATTATTTTTGATAAATATATTGAAGTTATAAAGTCAAGAAATTTGGATATAAAAGAAAAATCAATTTTTAAAGTAATTGGAAGGATTGGTAAAAAGAGAGATGAAGAAAATAAAGTTAGTATCTATAATTATTTTAAAAATTTTCAGAGTAAAAGTAACCCAAATAAAGATGTATTATTTGGAACTGTTAAAAATAGAAATAATTTTCAATCAAGCACAAAACAAATTATACATAGAATAAAAAATGAAATGAATTATTTTTTGAGGAAAAATAAAATAGAGTATGATTTAAATGATATTTTAAAAGATGATAAAAATAAAATAGAATTACATCTAATTATTTATAATTATTTAAAAAGAAAGAATATTGATGAATTGAATCGAAGGATAGATAATTTTTTAGAAGAAAAAATTGAGGATAAAATAGATAATAGATTTAATTTTGAAGATAAAATTTTTTGTAAAGATGAAGAAGAAAATGTTTATAGTAAAAATGGGATAAAATTGGAAATAGATACTGTAAATGGAGTAAAAGGTGAAACTCACACTGCAACTTTATATTTGGAAACTTTTTTTCAGAAAAATGATGTTGAAAATTTTTTCAAAGATTTTTTTGAAAATAAAGAAATAAAAAAACGAGCTAAAGAAAGAAATAATCATTTATATGTTGGTTGTAGTCGTCCTAAATATTTATTATGTATAGCATGTAAAAATTGTGATATAATAACTAGATATAAAGAAGAATTAAAAGAAATTTTTGAAATAATAAATTTAGGAGAAGAAGAATGTCAAAAAAGTTAGAATTAACTTGGGTTGGAAAAGATAAAAAAATATCAGTAGAACCAAGAATATTAATTGAAAATAAAAAATTGTCTAATATTGAAAATGATGAAAATACAGAAAATATGCTAATACATGGAGATAATTTATTAGCGTTGAAAGCATTGGAACAAAAATATGCAGGAAAGATAAAATGTATTTATATTGATCCACCTTATAATACAGGAAGTGCATTTGAGCATTATGATGATAATTTAGAACATAGTATTTGGTTAGGATTAATGAGAGAAAGATTAGTTATTTTGAGGAATTTGTTAAGTGAAAATGGTTTTATTGCTTGTCATATTGATGATTCAGAGGGAGCATATTTAAAAGTTCTAATGGATGAAATTTTTGGTAGAGAAAATTATCAAACTAGTTTTTATGTGCGTGTTAGATATTCTGGAAAAACTTTGAAACAAGATATGAATTATCATAAAGAAATAGAACAAATTCATATTTATAGAAAAGAATACGGAGCAATTCCTAATTTAAATATTCAAGAAACGGGATATGAAAAATTTAAATATTATATTAAAGAATTAGATAATGGAAAAGTTATTAATTTAGGAGGAAAAAAAGTTGAAATTTTTGAAAAGGATCAATATAAGTTAGAAAAAAGTGAGGGAACAGAGTACGGACTAAAAGAAATATGGGCATCAGGAACGATATTAGATGGTAATTCTTCTGGGAGATTTTTTAGAGATTACTTAAATAGACGAGTTACAGAAGATGGATTGGGAATATTGTATAAAGTTTGGGGAATAGGAAATGATAGATTTGATTATAGATATTTTACAGGACCTAAAAGAGCTAATGCTACTAAGGGAAAATATTATCAAGGGGTACCTGTGGAACAATTAGGAAAAGAAAAAGTAGAAAAAAAATTACCAATAAATAATTTTTTTGATTTAGCAGGAAATTTTGGAAATTGTCGTTTAGAAGGAGGGGTAGAATTTAGAAGTGGTAAGAAGCCTGAAATATTATTAGAATTAATTTTAAAATATTTTTCTAATCCTAATGATATAATTCTAGATTCATTCTTAGGTTCAGGAACAACAGCAGCAGTTGCACATAAAATGAACCGTAGATATATTGGGATTGAAATGGGAGAGCATGCC
NZ_AP019840.1_gap19	478419	480966	2547	AATAATGGATGAATCACATCATTATCATGGAGAAAAAGGAGCATTAGCATTAAATGAATTAAAACCACTTTTAGGATTGGAATTGACAGCAACTCCTTATTATAAAATAAAATCAAAACAAGAAAAATTTAAAAATGCTGTTTATGAATATCCGTTGTCAAAATCAATAAATGACGGATATACAAGAACACCTTATGCAGTTACAAGGCAAGATATTCATTCTTATAATTTTGGTGATGAAGAGCTTGATAAAATGATGATTTCTGACGGAATAATTTGCCATAAAAAAATAAAACTAGAGTTAGAATATTATGCTAAAAATAATGGAAAACCTAAAGTAAAGCCTTTTATGATGATTGTTTGCAAAGATACAGAACATGCTACTAGTATATTTGAATATGTTACGAGTGATGATTTTATGAATGGAGAATATAAAGCGAAAACTTTAGTAATACATTCTAATCAATCCAAAGCCAAAAGAGAAGAAAATATAGAAAAATTATTAAGTGTTGAAAGTTATGATAATCCTATTGAAATAGTAATTCATGTAGATATGCTAAAAGAAGGTTGGGATGTAAATAATCTCTATACAATAGTACCTTTGAGAACTGCAAGCTCTAAAATTTTAAGAGAACAGATGGTAGGAAGAGGCTTGAGGTTACCTTATGGAACAAGAACAGGAGTAAAAGAAATAGATTCTGTTATGTTGACTGCTCATAGTAAGTTTGATGAAATATTAAAGGAAGCACAAAAAGGGGATTCTATATTTAAAGAAGGAAATGTTATAAAGGTTGAAGAAATTGAGAAAGAAAATATATCATTAGCACAATTGGAAATTAAATTTCCTAAAGAAGAAATAAAAAAAATATGTCAAGATATAGAAATTGAAGAAACAGTAGAAAATGAATATTTTATTGAAAAAATTCAGGAAAATATAAAAAAAGAAATTTTTGAAGAAGTTGAAAACGATAATATCTCAAATAAAAATAATGTAAATATTAAAGGAATAACTCAAAAAATAGAAAAGAAAATAGATACTGACAAAGATTTATTTGAAATATATAATGGAAATAATAAAACTTTATTTAACAATTTTATAGAAAAACAAATTGAAGAAATTGTAACTAAAACTTTTGAAAAATTTATACCAGTTCCACAAATAAAAGTAAATAATAGCGGAATAACAGAATACCGAATAGTGGATTTTGACTTAGAATTAGAAGAATTTAATCATATTCCAATTGAAAATGATTTAATAATCCAAAATTTGAAAGATATGAGAGATAGAGAAATTATAAATAATGAAAATAAATACATAAATTTTTCTGATCTTAATCCTGGAAAAGAGTTAATATCGGAACTTCGTAAAAAACCTGAAATTGATTACGAAAATTATTCAGAATTATTATTTAAGTTAATAAATCAAGTTTTAAATCATTACAGGAATAAATATAATGAAAATGAGATGAAAAACATTATTTTTATGAATAAAATAGATATAGTTAATAAAATTTATAATCAAATTTTACAAGATAATCATTTTTATGTATATAAAGGAATGTTTGAAGAAGAAGTAATAGATGTAAAAAGGAAAAATATTCAACCAGTTTACAAATATTCAAATATAAAAACATTATATGAAAATCCTGAAAAACATAAACTGAAAGAAACATTATTTACAAATATAGAAAAAGGAGTATTTAGTCAGGCAAAATTTGATAGTGAACCAGAATTAAAGTTTGCAAGAATTATAGAAAGAGATAAAGAAGTAAAAAATTGGTTAAGACCTTCAACTAATGAACTTAATATTTATTATAATAGGAGTAAAAGATATGAACCAGATTTTATAGTAGAAACGGAAGACTGTATTTATTTAACTGAAATAAAGGGTGAAGATAAAATAAATGATGCAGATGTGATTTCTAAAAAAGAAAGAGGAATAGAATATTGTAAAATAGCATCTAAGTTTTCAAAAGCAAATAATTACAAAAAATGGGAATATTTATTTATACCTGCTGGAAAAATTCAAAGTAATAGTTCATTTAAAATTTTAAAGGAAAATTTTGTAGAAAAATAAAAAATTATAAAAAATGGGATTCTTAATTGTTATCTAGGAACTTTGAAAAATTATTACTTAATAAATTTTAAAAATTTATACTAAATCCCATTTGAATAACGCATATATTATAAATCTTTTTAGCAGATTAAACCTAATATTTATTCTTAAATAATTAAAATAAATATTTGCTTTTTAAACGGGGAATAGTTTTATTTTTTATGTAAAATAAAAAAGGGGAGAAATAATGAAAAAGAGAGAAATTGAAAATATAGAAATAGTGAAAATGTAATTGATTTGTTGGAAAATGCAAGGAAAAAAGTTGTAATGGCTGTTAATCAGACAATGGTTTTGACGTATTTTGAGATAGGAAGAATGATAGTTGAGGAAGAGCAGAAAGGTGAAAATAGGGCAGAATATGGAAAGAAAATTTTAAAAATATTATCTAAAAAGTTGACTGAAAAATACAAAAAAGGATTTTCATTAACAAA
NZ_AP019840.1_gap20	507724	510377	2653	GGATAAGTGCAGGAATAGGCAAAGGTTTTGATAAGAACAATCCAAGAGGATACGGAGTAAACCTGTCAAGCGTATCAGCTGGGCATACAAGAACTGACGTGGAGCAAAGAATAACAAGAAACGTTACAGAGTTTACAGCGGGAGCAGGCTTCCTTGATGTAAAAGGGACAGTAAAACAGGTAGGCTCATTAATTGACGGAAACTTCACATTAAACTCAGGCGGCTATGAACACGAGGACTTGAAGGACATTGACAAGTCAAGAACTGTAGGAATAAACGTGACAGTCTATCCGAACGTGTCGTATTCACAAAGGGACAGAAACGGCAACCAGGTGTACATGGACGGATCAAACCCTAAGAAGACAGGAACGGCAGTAAAGACAGGACTTACTTACGGAGAAACAGACAAGACGAGGGAAATACTTGCAACAGTTGGAGCAGGAGTAACAATGAACCAGGATCTGGAAGGAGTGAACAGGGATCCTAGCAGACAGACAACAGAGTTTGAGGGAAGGGAATTTAAGCCTGTGAACGTTGACCTTCTTGCCGAGTACTGGGCAACACAAGCAGGGCAAGGAAAACTTAGAGATATGCTTGAAAACGCTGAAAGAACAACTGATGGAATAAGAAGAGTCCTGACAACAAGAGATGAGAACGGAAACCTGAACATACTGAAGAGCGTGGAAGCGGAAAGTGCCGTACAGAAGTTCATGAGGATAGGATACGTTGACACGAAAGGCAAGACACAGCAACAGGTGAAGCAGGAGCTGGAATCAAGATTTGGAAGCCTTGCCAAAAAAGGTGTAAAAGTTTACTTCTATGGAGAAAAGGATGTCGACACATCAAAAATGGATGAAAATACAAGAGCAAAACTTGATGCAGATGGATTTGCTGTAACCAAAGATGGAACGGTATGGATAAACAAGGAGCATGTTGATTCAGGGAAAGTTATTGATTTCAATACATTAACTCAACATGAAATTAGTCACATTCTATTTGGAGAAGATAGTGAGTATCAGGCACAGTATGTTGAAAAGGCATATGGAGAGTTTCTGAAGGATGTACAAAATAGTGGATATGGACAGGATAGTCAAGGAATTATTGACTACAAGATGTCCATGCTAAATGATGAAGACAAAAAAACTTTCAACAGTTATGTGTTTAATATGATTCAAAGACACGGCGAACTAACAACTGATTTAATAACATTAAAAAGAAAAATGAATGAATGCAGAAGTTTCGGATGTGTAGAGGATTATAGCAGAAGAATACATAATGCGGAAGTAACATTAAAGAAATTCTCAGCTAATCAAAGATCTGCCGAGGCAAATTACAAAAGAAGAAAAATCGAGAAGAAAAAGAATAAAACTGTAAACGATAATGCTGAAATAAAAAAATTAAAAACTGAAGAAGTTAAAAATAAACTGAAAGAAAAGGAATTAGATTTAGAATTTATATCTGAAACTAAATATGTTATAAAAAATCTGGAAAGAGAATTAAAGTTATATAACTATCCTCCTGAATTAAAAAAGGCTTTGGAAAATAGATTGGAAAGATTGAAAAATATAGATAATTCAGGAACAACATTTAGTAGAGGCTTACTTTCAGGAGCATTATTTTCTAGCATAGGGAAATTTGCAGGAGAATTTGGAATGCGTGGAAATATATTGTTTATGTATCTTGCAAATCCAATTCCAATGAATCAGAGTGAAAAAACTTGGTTAGAAATGCGAGATTTTTTAAAAAGCTATACTCCGAATGAAGCAATGTATTATTTAAAACATTATCCTGAATATTACGTATATGCAGGAATTGGTAACAGGATTAGTTATGAGAGAAATGAAGGTCCGCATGATGAAAATAGAGTTGTAAACTTTTATGCAAACCCTAAAGAAGCAACTGCGGAAGTATTTGGATCTATAATGGGATCAATTTTAATGCTAGGAGTAAATCCACCTAGAAAAACGGTTAATTTTTATACTGAAGGTCCAAAAGCTATATATGTAAACGATGGAACTCCAGGTGGAACAAGTATAACAGAGCAAACACGTGTAGTAGATTTTAAAAGGGATTTACTGTGGATAAGAGATAATAACTTTTCAACAGGGAATATGTCTTTAAGGGCATTGGCTCCAGGTGGAAAAGTATTGTATGAAAATAACTTTTCAGGAACAAATGCCCTAATGCAAATAGGTAATACAGTAAAAAATGCAGGAGGGACTATACCGTTAATCGGCTATAATGGAAGTATACCTTCAAATCCATTGGTTAATGGACAAACGCAGGTATCTAATATTACAAAATCATTATTTGAAAATACTACAAGTTATACAAGTAAAACATTAATGCTCCAGAAAATTATTACAATATAAGGGCAAAATCTGGCCATCTAAATCTTGAAACACAACAGGCAGTAACAAGAACTTATGGAAGTATTATAAATCCTGAATATATTTCAACAGCAGATCCTTTAAAAGGACAATATACTTTACCTAAAAATTTGAATGAACAGATATTTTATGAAAGTGTTAAAGCTAATCCGCTTCAAGGTAAGAAATTAGATAATATGAATAATGACCCTAATTTTTTAAAAACATCAGGTTATCAAAAAATGGAAGCTATACATAAGTTACCAAATGGAGGAAAAATAATA
NZ_AP019840.1_gap21	541741	545163	3422	GGAATTATTTGATAAATTATTTAAGAAAGAAAATGAAAAAGAGAATGATGCTGAAACAGTTTCTGAAGAAATAAATACAGATGGCTGGGATGCTATTACAGAAACTTTTAATAAACTTTATCCAGACCAGAAAAATCCATTGCATTATGCGGCAATGATAAAATGGAGATTTGGTGGAAATGATCCTTTGGATGGTATTAGTATTTATGATGGAGGAAATTATTGGCACTTTGTTACTTATGGATTGTCTGAACTGCATGAAAAAGTAAGTGAAAATGTAGAATATAGCGGTTATGGAATGGAATTTACATTAAAATTAAAAAAAGATAATTATGCTGATGAGGAAGCTGAATTAAAGGGAATTTGTGGAATTTTGCAAACAATTGCAAGAGCGACATTTTCTAGTGGAGAAATATTTAGACCGTATGAATATTTATACATAGGGCAGACGGAAGGAATGGATGTAAATAAAAAGTCAAATATTACAGGATTTATTACTATTCCTGATGAAAAAGCTGGAATAATCTATACAGTTAATGGAAAAGTGGAATTTATACAATTTATCGGAGTAACTGATAATGAACTGAAAGCAATTCAAAATAAAGATATAACTGTGAAAGAATTATATGAAAAAATAAACAGCGATGTAACAAACTATAGTAGAAAATCAGTATTTTAAATAAAAAAGAGAGTATAAAGGACAAATTCCTGAATATTCTCTTTTTTCATTTATTTACAAGTTTTATTTTTTCTCCCAAATTTTTAGATAAATCAAGTTTCTTTATTTTATTTTTATATTTTGCATAATTATGTGTTGGTAACAAGCGTTATTAATTCTTCAATAGTTTTTGCACCAACTGATTTTTGCTCTCCGTTTATGAATACAACCGGTACTGCCTGAATATCTTTTTCTTTTGCTTCTTCAAAAAATACTGCACTATCTACCATTGTTGCTGTGATGTTTTTATTATTTGATGAAATTAGGTTTAAGGCTTGAACTACATCTGGACAATGTGTGCAAGATAACGAAACAAACGTTTCGATATTTACAGGCTTATTAACTGATTCAACTTTTGAAAGCTGTTCCCCTTCCAGTTTTTTTCCAAATCCCGCAAGTCCTAAAACTGCTAGAATAAAACTGTTGAATTCATGTCCTCCAGGAATGCTTGAAAAATTAATTCCAGTATTTTCTCCATCTTTTAAAATTGTAAAAGATGTTGGACGAGTAATGTTTGCTTTTTCCAAATCAGTCTTATCGTTTTCAAATGTTTTTTTCACATAGTTTACTTTTTCAGAAATAGCGTCTACTTCCTGCAAGAAACTATCCAATTCTTTTGATTTATCACTGTCATTTAAAAATGAAACTAACTCAATATTTCCATTAATTTTGTCAAAATAACCTTTTAACTGTTCTACGATATTGCTATCTAATAAAGCCATTTTCCCTCCTTCTGATTTATATAAAATTTTCAAAATCAAACGGAAAAATTAGATTAATTAGAGGTTTGATAATACAGTCAATTTTTGAGTCTGATTTTGAATAATGCTGTTATTTAAGTTATTTATAAAAGTTTAAAATTATTAGATTTTACCTACTAAATCTAATCCTGGTTTTAAAGTAGCTTCTCCTTCTTTCCATTTTGCTGGACAAACTAATCCTGGGTTGTCAGCTACGAATTTTGCAGCTTTTGCTCTTCTTACTAATTCTGAGGCATCTCTTCCGATTCCTTCGTCATTTACTTCGTAAGCAACAATTTTTCCTTCAGGATTTACAACGAAAGTCCCTCTGTAAGCTAGCCCGCTTTCTTCATTCAATACTTCAAATTCTCTTGAAATAGCTTTTGTTGGATCTCCAATCATTGTGTATTTAACTTTTCCGATTGCTTCTGAGTGATCGTGCCACGCTTTGTGGGTAAAATGAGTATCTGTACTCACTGAATAAACGTTAAATCCTAATTTTTCCAATTCTTCCCTGTGATCTTCCAGATCTTCCAATTCAGTTGGGCACACAAATGTAAAATCAGCTGGATAAAATACGAAAATATTCCATTTCCCTAACATATCCTTTTCAAAGTTCACTTCTCTGAATTCTTCGTTTTGATAAGCCTGAGCTGTAAAGTTTTCAATTTTTTTTCCTATTAAAGACATAATTTCCTCCTAATTTAATAATATTATTATTTTTAATTTGAAATGATTACAAATATTTCTTGATTACATTATACCATAAAAAATTATTTTGTCAAATAAAATTTAATGTTTGTATTTCAAAGAAATTATGATAAAATTTTATTATGTATTTCGGTATTTTTAAACTTAAGATGTGTAGAAAATTAAATGATTTGAAAAATAATAAAAATTTTTAAATTTGATTTCAGAAAAGTTGTGTAAAAGTAAAAGGGAAAGTGAGGATAAATATGTATAAAGTATTAATCGCTGATGATAATAGGCAGATTGTGTCAATACTGGCAGAATATTGCAAAAAGAATAATTTTATTGTAAGTACGGTTTTTAATGGGGAAGATGCTTTGAAGGAAATTAAGGAAAATGAGTTTGATATAGTGCTGCTGGATGTAATGATGCCAAAAAAGGACGGTTTTGATGTATGCAGGGAAGTGCGTACTTTTTCAAATGTTCCCATTATAATGATTACGGCACGGGGAGAGGACTATGAGAAAATAATGGGGCTGGAAATAGGAGCAGATGACTACATTGTGAAGCCGTTTTCACCAGGAGAGATTATAGCTAGAATAAATGCCATTTTGCGTCGTATTACACCAAAAAATGATAGTGATACAAAAAATTTCACATTTGACAATTTAGAAATAGATTTAAATAATTTTGGTGTAAAAATAAATAATAAAATAGTATCTTTGACGAAAAAGGAAATAGAAATTTTATGGACTCTTGCTACAAACCATAACAAAGTTTTTACAAGAGAAAATTTACTTGACTTAATCTGGGGATTTGATTATTTTGGTGACAGCCGTACTGTCGATACGCATATAAAGAGGCTTCGTGCAAAACTGGATAATTATGAGCATGAAAAGTGGAATATAAAGACAATTTGGGGAGTTGGTTATAAATTTGATATTTTAGAAAAGTAAAATAAATAATAATTAAGAAAAATAGTAAATAGAAGGAGTGAATTTATTAGATGGGGAAAAAAATAAAAAAAATTTTATTCAATGGGAAGGAATATCCGCCAGAAACGTTTCGGCTGGCAATGCTTTTATGTATGGTTGGAGGATTTATGGACGCATACACGTTTATTACCCGTGGAAAAGTCCTTGCTAATGCACAGACTGGGAACATTGTTTATTTAGCGATAAATTTAGGAAAAGGGGAGCTTGGAAAATCCTTCTATTATTTTATGCCAATTTTATTTTTTGCGTTGGGAATATTGTTTACTGAACTTATCAAAA
NZ_AP019840.1_gap22	706887	710199	3312	CTTCAATAATTGTGCAAAGTTTTCTGTGTCCTTTAAAAGCATGTCAATCTGATTTTCAACATATTTCTTATACTCAGCAGTTTCTTTGCTCAAATCGGTTTTTTCCTGATTAATAGTCTGCCCAGCTGTTGTTCCAGCTTTGTTATCTTCTTTTGCTCCATTGCTTTTTCCGCAACTTATCAGCACTAATGCTCCAATAAGTAATAATACTCCCATTTTTTTCATAAAAAAATTCCTCCTAGTTTATAATTTGTTATACAATTATACTTTTTATTCTTTTATTTGTAAAGTAAAAATATTTGATTTACAAATTTTTTTATTATCAATATAATAGTTTTTATTTTAAGGAGATTTCAGTGTATATTATAAAAACGTTAGAAACTTTCAAAAACACACATGAGAATAAAAGGAAAATATATTGAAAAAATGAATACGGAATGATAAAATATATCCAAATAAACTAAATTCATATACAAATTTGGTTTTAAAGTAGTTTGATATGTGTTAAAATATTTTTTATATAAAGTAAGGAGAGAGGTTATGAAGAAAAATAGTATAAAACTGTTATTTACTCTTTGTGTGTTTTTTGTTTCGTTTAATATTTTTGCTAAAAGCACTTCATTTAAAGCTGATAGTATTTTATTTACAAAAAAAATTCCATTTGAGAAATTACCGGAAAATATAGAACAGGATATGAAAAATGGAAGTATGAATTATATCAAAAATCAGCAATGTCTTATATCAACTTATAGAACCTTTTATAAAGATTCTAATCTCAGCCATATAAACATTTATGCAGCTTGCATAGAAGTGAATCCGCAGAAGAAAATCAATTGGGATCATCCTCAAATACCTGATAATGCCGAAATCAAAACAATTCATATTTTAGGAAAGGAATATTCAAAATCTCTTTTAAATGATTTGAAAAAAGGAAAAAGTACGTTTTTTGGAGAGAAACTGGGGTATTATAAATCTTCTCATAAAAATTACAATCCAAATGAATATTTCTATTTAAAATAATTGAAATAATATTTATAATTAAGTATACATTTATAGAAAAATTAGGAGTTGAGAGTAATTATAGCAATTTACACACTTAATTTTGAAATAACATAAATATTAAGTTTATTTAGAATATATAAGATTATAAATTATGAGTTTTTATTTTTTATGATATTGACTCATAATTTTTTTGATGTAAAATAAAAATATTTTTTAAAACTGATGGAAAAAAATCTTTAAAAATGATACAATAACTCACAAAGGTAAAAATTTTTAAATGTTAAAATTTAGTATTTAATTTTAGAATGTTTTAATTAAAGAAAAAGAAGGTTTATTATGGGAAATTTTGAAAAAACGGAAAATAATGATAATCTGGATAAAAAAAATAAAGTAAAAAAGGTAAGAATTATAAAAAGTGGATATGGTAATGAAGAATTATTGAAAAATTTTTATGATTATTTACAGGAAAGGGAGATTCAGGAAGTTTTTGGTGTGGAGAAGGCAGATTTGATAATTTCACTTGGTGGAGATGGAACAATGTTAGTTGCAGCAAAAGAGGCAATTACGACAAATATCCCGGTTCTTGCGATAAATATGGGCTCTCTTGGTTATCTTGCGGAAGTGAAGCCACAGGATGCGGTTAAAATGTTGCAGGATTATGAAAATGGAAATTATAAGCTGGAAGAAAGGGCTTTTCTTGAAGTAAAATACGAGGATAATACTTTTTATGCGTTAAATGAACTTGTAATAACAAAGGGCGGACATGAGGCACATCTGATACAGGTGGAGGTGTATTCAAATGATGTTTTTGTGAACAAATACAGGGCTGATGGAATAATTGTGGCAACTCCCACAGGCTCAACAGCCTATTCACTTTCAGCGGGAGGCTCAATTGTTCATCCTGGACTAAATGCTCTTTCAATAACGCCGCTGGCTCCACAAAGCTTGACAGCCCGTCCAATTATCGTAGATGGAAGCGAAGTTCTTAGTTTTAAGGCAACTTCAAGAGATGATTCAGTTCATTTGAATATTGACGGGAATCAGTGGTTTCAGATACAGCCCAATGATTTAGTATCTGCAAGATTATCAAAGAAAAAAATTAAAATAGTAAAACCGACAAATAGCGATTATTACAGTATTTTAAGACAAAAACTAAAATGGGGAGATTCTGTATTGTAATTATTTGTTAATTTTTAAAAATTTATAATATTATTTGTCTGAAATAATTAGGAAATAAAGTTAAAAAAAATAAAATAGTGAAAGGAAAGAAATGCTAAGGGAATTAAGATTAAATAATCTAGCAATAATAAAAAATCTGGATTTGGAATTTAATGAGAAATTTATTGCGTTGACTGGAGAAACAGGAGCCGGGAAATCAATTATTTTGGATGGAATTTCACTATTAATCGGTGAAAGAAGTCATGCTGATATGATTAGAAATGGGGAAGACAGCCTTTTTGCAGAAGGTGTCTTTGAGTTGAATGAGAGTCAGAAGAAAAGATTGAATGAGCTTGGGTTTGAAATTGAAGATGACGAGCTTATTATAACTAGATATTTTGACAGGAATGCAAAGTCGAAAATAACAGTGAACGGAGCAAGGCTGACTTTATCAAGATTAAAGGAACTTATGGTAAATATTATTGATTTAGTCGGGCAGCATGAACATCAGTTCTTATTAAACGATGAGTATCATCTGCATCTTCTGGACAGATTTCTGGATGATGAAGGGAGGGAACTTTCTAAAAAAATACGTGAAAATGTAAATGAAATAAAAAAATTGAATGCAAAAATAAAAAATATCGAAGATGAAAAGGCAAAAATTACTGAAAAGAAGGATATTTTGGAATTTCAGTTCAATGAAATTGAGAGTTTGGAATTAGAGGAAAATGAAGATGAGGAACTGGAAGAAGAGTATAAAATATTATTTAATGCCGGAAAAATAAATGAAAAGCTGGATGAAACTTCACAATTGTTAAAAGAAGGTGAATTTTCGATTTTAACGGCACTTGGTAGAGCAAGAAGAAATCTGGAGCAGCTTTCAGACTTGTCTGAGTCGTATAGCGAACTGTATGATAAAATTGAGTCAGTTTTGTATGAAGTGGAAGATATTTCGTATTCTGTGGATAATCTGGCTGGAGATGTTGAGTTGGATGATGACAGGCTGGAAAAAGTTGTAGAAAGAATTAATGCGATAAATAAACTGAAATTGAAATATGGTTCGACAATTACGGAGATTCTTGAATATCGGGATAAAATTGAAAAGGATTTATCACTTGTAGAATTTGAAAATGAGGAGCTGGAAGACTTAAA
NZ_AP019840.1_gap23	711772	715845	4073	CCAAACTGAAAATGATTTATGATAACATAAAGTTAGGAGATGACTAGACAAAATGAAGGAAAATCGTGAATTAAAACGACACAAGGATGAAAAATTACGAGTATTATTAATTACAATAGTAACATATTTTGTATTTCTAGTAATAAAAAAAATGGATATAATAACAGAATATTTAGGAATTATTATGTTAATTTTATTATATATGTATGCAAACTATAATTTGATAAATATGTTTTTTACAAGTAAAAGAACAACCTTTAAAATATATGCCTTTCTTTTAATGGAAGTAATTTATTTGTATACGTTTAACATTTCTATTATAGGTGCTGTTTTATATGCAATCCTCTTTTCGCTTTTATTTTTTTCTGTAAGAAAAGATGAAGGAAGAGAAGAAATACCTAAAATAACTAAATTTATTCAGATATTTCTTATATTTAAGGTAGTTTTTGTATTGACTATGTTAATTTTTTAATTTTTCTTATACAAAAATTTCTTTGAAAAAACACTAAAAAAACCATTAGAAATAGCATTTTTAAACTATTTTATTAAAAATATGTAAAAGTTAGAAAAAATAGTTGAGAAATGTAAAAAAAAGTAGTATAATGACAAAATATAATGAATTTAAAAAAAAGATTTTGAATATTTAGAATTGGAGAAATAGAATGGAAATTAGCGTTAATAGAAATTATGGAACAGATGACGTTATGAAATGTATGGAAGATGCAACTGATAGAGCTGTAAATGCACAAGCTGAAAAAAGTTTATTCCTTGGAGAATATAAAGAACGAATTATAAAGGCTCTTACTTTTGATGAGATAAAGGAAAAAGGGATTTATTATGAAATAGAAGAGGCTTTGGAAAATAAAGATGTGGCAAAAATGGTAATTTCACGTCACGCAGACTTTGATGATATAAAAAAATATATTGAAATAGCTAAAAAGAAGAAGATACCATATAAAATGATAGATAATCTAGTCTGTTCAGGGCAAATAGCACTTGTAGTGGTGGCAAAGGACGCAATTACACATGAAGCTGGAGATGAAATTGTGGTAACATCAAAATTGGAGATGTGCCATCTGAAACATTTGCCGGATGTATATTATGAGGCGATGGAAAGTGCAATTTGTGATTTTCATATGGATATTATAAATAAAGAAATGCCAGAATATGCAAAAAATTATAAAGAATTAACTTTTATGGATAAACTGTTTGGATCAAGATGTCCGATATGTCAGAAATTAGGAGGAAAAAAACGTGGTTGATGGATTTAGAATAAAAGGAAAGACACCTTTGAACGGTGTAATTAAAGTAAGTGGAGCAAAAAATGCAGCCCTTCCAATAATTATCGCAACACTTGTTGCCAAAGGAGAATATATTTTAAGAAATGTTCCAAATTTACGTGATATAAGAGTAACAATGAGATTACTTGAAGATTTGGGAATGCAAACTGAAAAACTGGATGATAACACTTACAGAATAATAAACAATGGATTTAAAAGAAATGAAGCAAGTTATGAAATTGTAAAGCAAATGAGAGCATCATTTTTAGTAATGGGGCCTATGATTGCAAACTTGGATGAAACTGTCGTTTCGTTGCCTGGAGGATGTGCGATTGGTTCACGTCCAGTTGATTTACATTTAAAAGGTTTTGAAATGTTAGGTGCTGAGATTACAAGGGTTCACGGATATATTCATGCAAAATCAGATAATTTAAGAGGTGCGGAAATTCCTTTAGGTTTCCCAAGTGTTGGAGCTACACAAAATATTATGATGGCAGCGGTAAAAACACCTGGAAAAACTGTTATTTCAAATGCGGCAAGAGAGCCTGAAATTGTTGATTTAGGAAACTTCTTGAATAAAATGGGAGCTAAAATTACAGGACTTGGTACACCAAATATTGAAATTGAAGGAGTTGAAGAACTTCACGCTGTGGAATATTCAATTATGCCAGATAGAATTGAGGCAGGAACTTATGTAATTGCTTCATTAGTAACAGAAGGGGATTTAAAAATACAGGACGCAAGACTTGAAGATTTGGGAGTTTTTAAATCAGAATTGGAAGCTATGGGAGTAAAATTTGAGCAAAATGGAGATATTTTGACTGTAATAGGAAAAGCAAAAGACTTGAAACCATCAAAAATAAAAACATTGCCACATCCTGGATTCCCAACAGATATGCAGCCTCAAATGATGCTGCTTCAAACCCTTGTAAATGGTGGAAGCTCAATGGAAGAAACTGTATTTGAAAATAGATTCATGCACGTGCCTGAATTTAACAGAATGGGAGCAGATATTACCATAAGACATGGAGTAGCCTTTATAAATGGAGGGCTTCCGTTAACAGGTGCAGAAGTGATGTCTTCAGACTTGAGAGCGGGAGCGGCACTGGTTTTAGCAGCACTTGCGGCAGATGGTGAAACAATTGTAAACAGAGTTTACCATATAGACAGAGGATATGATAAATTGGAACTAAAATTAAATACAGTTGGTGCTCAAATTGAAAGAGTTAAACTAGATATTTAATAGAATATAATATTTTAAAATCATTAAAAGTCCTTAAAGTTATGAGGACTTTTTTTGTTTCTATTTTTTAAATAGAGTTTAGTATCAACCCAGAATTTCTATTATTTAAAATAAAATACATCATTTAGACTTGAAAAGTGAAAAAAGTGTCGTATAATTAAAGTAGAAATGTTTATTAAAAAAATATAAATTTGAAAAGAGGTAGAAAAAATGGCACAAAGAATTATTTTAAATGAAATTTCATATCATGGTTTTGGAGCAATAAACCATATTGGAGATGAAGTGAAGAAAAATAAATTCAAAAAAGCGTTTATATGTACAGATAAGGGGCTTTTAAAATTTGGTGGAGTGTCAAAAATTACAGATTTGCTGGATAAGGAAAATTTAGAATATGAAGTTTTTTCTGATATTCAGCCGAATCCGACTATTGAAAATGTAAAAGATGGTGTTGAAAAATACAAATCTTCAGGTGCTGACTATATTATTGCAATTGGTGGAGGTTCACCAATGGATACTGCAAAGGCGATTGCCATTATTATAAATAATCCTGAATTTGCAGATGTACGAAGCCTTGAGGGTGTTGCTGATACTAAAAATAGATGCGTACCAATTATCGCTGTTGCGACAACAGCGGGAACTGCTGCAGAAGTTACAATTAACTATGTAATCACAGATGTTGAAAAAGACAGAAAATTTGTCTGTGTAGATCCCCACGACTTACCAATTATAGCAATTGTTGATCCAGCGATGATGATGAGCATGCCAAAAGAACTGACTGCTGCGACTGGACTGGATGCTTTAACTCATGCAATTGAAGGCTTTACGACAAAAGCGGCGTGGGAAATGACGGATATGTTCCATTTGAAAGCTATCGAACTAATTGCAAAATATTTGAGAAGTGCTGTGAATAATGAGCCTGAAGGACGTGAAAAAATGGCACTGGCTTCATATATAGCTGGAATGGGATTTTCAAATGTAGGACTTGGAATTGTACATTCTATGGCTCATCCATTGGGAGCATTTTATGGAACTCCGCATGGAATTGCAAATGCGATAATTCTTCCAACTGTAATGGAATACAATGCTGAATTTACTGGAGAAAAATTTAGAGATATTGCAAAAGCATTTGGTGTAAAACATACAAGAAAAATGTCGCCAGAAGAATATAGAAAAGCTGCGATTGATAAAGTAAGGGAACTGGCAAACGATGTTGGAATCCCAGACAACTTAAAAGGAATTATGGATATAAAGGATTTGGACTTTATTGCTGAATCTGCATTAAATGACGTTTGTACAGGTGGAAATCCACGAGATACAAATTTAGAAGATATAAAAGAATTGTATAAGAAATTATTATAATTAAATTATCAACGTCGTGATTTTTTGGAAATAAAAATTACTGTTTGAGCGAAGCGAGTTTAATTTTTGTTTTCAAAAAATGCTTAGACAAGCCGGGTTTGCAAAGGGGATGGCGACTGTTCCCCTTTGCTTAAAAAAAAGAAAAAATATATAAATTATTGGAAAAATATTCATTAATAATAATTCATTTT
NZ_AP019840.1_gap24	739917	744590	4673	GGATAGAAGGGCCGTATATTGCTCATAAGGAGTCAGCTGATATAATATCAGATGGAATAGCATTGGGAGCGATACAGGTTCCTGCACACGGAAAGCCGATTATTTTACTGGCAGATAGGCAGACAACAGGCGGGTATCCAAAAATAGCGACAGTCGCAACGGTGGATTTGCCAAAGTTAGTACAAAGAAAGGCGGATCACAAAATCCGTTTCAGGGCAATCAGTGTTGAAGAAGCACAAAATCTTTTAATTGAAGAAATGAATGAATTTACTCAGTTTAGAAAAAAAATTCATGCGCCTTGCAAGGAAGTGCTGGATGTAAGAGCTGTGTCCAAAAGGCTTGAGACGTTATTTGAGTAATTATTGCAAAGGTTAAGACTATTTAAGCTCAATCTCTTGAATTATCATTTTTATAGTTTAATTTTTAAGAAAATTTGAGCATATTTTTCAGAAAGGAAAATTAAAATGGATTTAGAACAAATTGAAAAATTAGTAGAAATTATAGAAAAATCGACGCTTAAAGAAATTACAGTAGAAGAAGGTAATTTAAAAATCAATTTAAAGCGTGAAAATAATGCAGAAATTCAGAATGTTCCCAAAAATATAGAAAGAAAGACAGAAATTGTGGAAGAATCAGATGAAGAAAGTTTTATCACTTCGCCAATCGTAGGAACTTTCTATTCAGCAGCTTCTCCAGAAACTCCTGCATTCGTACGTGTAGGCGACACGGTAAAAAAAGGGCAGCCAGTCTGTATCGTAGAAGCAATGAAACTGATGAACGAAATAAACTGCGACTTTGACTGTGAAATAGAGGCTGTATTAGTAAGTAATGAGCAAAAAGTGGAATACGGACAGCCACTGTTCAGAGTGAAAAAAATATAAAAATATTGCAACAAATTAAGAATTTTAGAGTTATCTTGAAGTTTGAGATAGCTCTTTTATTTTTAAATAAAATTAAAAAAATAATTCTAAGTCAAAAAAACATATATAATAATAGATTTTTATGTAAAATTATGATAAAATAAAAAGGATAATTTCTTTTGAGTGTAAAAATTTAAAGGAAACATAAAAAAATGGAAAATTAGGACAATGAAAATAATTATCCTTTTCAAAATAAGAGAAGAGGAGGTAAAAAGCGTGAGATGAAATACATAAAGAAATCTTTAATTGTATTTATTTTTCTTCTAATGTCTTTATTTGCGTTAAAGTTTTATATTTCTACAAAGAACTTTAAGGGTATGCTGACTTCGATTTTGAAAAGTAGTGGACTGAATGTTGAATTTAAGACAGTTAAATTGATAGGATTCAATAAACTTCAAATTGATAATCTGAAAGTCAAGGATATGGCTGGAAATGTAGTTATTGACGGAAAAAGGACTACGGCTGGATTAAGTCTGCTTATGCCGACACGGCTTAACAGGATTGATATTTACAATGGGACTGTAAATTTGGAGCGTAGAAAAAATAATGATTTTAATATTTTTCACGTAATAAAGCCACAGCCCCAAAAACCAAAGATGTATGATCCAACGAGCAGGATTGGTAAACTTCATATTCATAATGCAACTTTGAATTATACAGACATAAGTTTTGTTAAGAAAATATCGAAAAAATTGATAAAAGTGAATGGACGGCTGGAAACTGCAAAATCTCGTGGATTTTCACTTTTTGCTAAAGGTGTGGGAAATAAAAATCAAGACGGGACAGTGGAAACGTTAAAGATTGAATTGAAACAGCTTGTAAAGTCGAAGCAGTCTATTTATTCGATGTTTGATAAAATGAAGAACAGTGATGACAGGAGAAAGGAATTTCGTCTGAATTTTAGTTTTGAAAATGTCGGGATAACGGAGGAACTGGGGCAATATGTACCACTTGAAATGATTACTCCAAAAGGCGGAATATTAAACGGTGTGCTTAAATTGGAAAATGACAAAGTCAAAAAGGCAACGTATGCTCTTGGAAATCTGAAAATCCGAAATGGAAAACTTAAATACGTTGATTTGGATGGCGATATTGAAGGGGCAAATGCTTTAATTGACTTGAAAAAGGACAAAATCACAGTAAATGCCAATACAAAGCTGAGTGGAAGTCCAGTATCCCTGGTATTGAATTATCTTGTCAAAAATCAGAAACTGAATTTAAAACTTGTTACGGATAAATTGCCTTTTGAAGAAGTTGCAAGATATAAAATAATTAAAGATAGTAAATTTATGGCACAAGGTAACGTTACTGGAAATCTTGAAGTAAATGTCGATACAAAAAAGAAAAAAACTGTACTTGATGGAAAATTTTCGTCGGATAATATAAAAATTTCAAACTATAATTTTCAGAATATAAAAACTTCAATGAAAATTGCAGATGAAAAACTGACTTTGACTGATACATCGTTTGTGTTTAATGAGGAGTTTTCAGGATTTAAAGTTAATGAAGATGTTAAAGTTCCAAAATTTGTGTATGACTTGAAAAAGAAAAACGGGACAGGAGACTATGTCTTAAATAATCTAGGCTCGGATTTCAGTATCAAGACAATTACAGGAAGTGCTGAAATTTCACCTAAAAATATTGTAACAGGAACAGTAAGATCTAAAGTTGTAAATGGAAGATATACAGTAAATCCGAAAACACAGACAGTAGTGGTAAATGCCAGAAGTAATGGCTATTTTACTGTGAATTATGGTGGAAAAAGTTACACAATAAATCCTGACGTCGATAACCTGATTGTAAAATTTAATGAGAAAAATATACTTCGTTCCGGGCAAATTAACGCAAAAATAAAAGATTTGTCAGTGCCGTTTGTAAATACTGTAAATGCTAAAATAAAAATACATAACGGAAATTACAGTATAAATGGAACAGCTGGAATAAAAGGCGGTGGAGTGGTAAATATCTCGGGAACTACAACTTCAGATATGAAACATTCATATTCATTGAACTTACCTAAAAGTGTAGATATCGCAAAACTGCTAAGGGCAAATGGCTACAATTTCAAAGGTTTGGACAAGGCAAAGTTGCCTGCAACGCTTACGGCGAAAATTAGCGGAAATGGGAATAAAATTTCTGGAACATATAAACTTTACAGCCCTTATGGGGAATATATCGGAGAATACGAAAAACTGCATGCAAGTGGTAAAATTAACGATTTGACAAATATGGACATAACGGTTAATACAAATATGGATGAACTGTGGTTTGGTTATCAGAGGCTTAAAAACGTTAGTGGAAACTTTAGAATCAAAGATAATGTCGTAAATATCACAAGTATTCAAAATGAAAATCTGAATGCGAGTGGTAAATTTGATATGAAAACTGGGAAAATGGATGTAAATGCAGGATTAAGGGATTATATGCTCTACAATACTTCTGGACCAAAGGTTAATTTGAAAGTTGGAACATTGGATGCAAATTTATCGGGAACAATAGACAAACTTTCGGGATCAATAACAATGCCATCTGCAATAACGTCAATAAATTCAAATTATGTAGGTGACACAAATGCACGTCTTAGCATAAAGAACGGGGTTATAAACTTTGAAGATGTAACTTTGCGTGAAAACAGCCTGTATGGGACGTATGACTTGAAGACTGGTATTTCAGATATTGGAATTAGCTTAAATGAGCCTGACATTCCGAAACTTCTGAAAATGAAGGACTTGACTTTTGGAACAAGATCAGATCTTAGTTTAAAGGGAGATTTGAATAATTTTAGTCTGGCAGGGCAGGTAATTCTTGGAAATATGAGTTTTAAAACTTATAAAATTCCACATATTGTTGCAGAGCTTGAATATTCTAATGGAAATATAGATAAATTATTCAAATACGGAACATTTGATTTGCAGAAACTTAAATTTGTCGGAGATAATGACGAAACATTGTTTGAAACACAGACTAAATTTGACTTGGCAAATGTAGATATTGATTATCGTCTGGAAAAACAGAAGTTTTCACTTGATTCAGTTCAGGATTTGAAAAATAAGGGATACAGCGGGGATATAAACATTGGATTCATGTATCGTGGAAGTTTTGAGAATTTTACAACTGGACTTCAAATTCAGGCGGATGAAATAAAACTTAGTGGTTTTCCTGTGAATAAAGTTGATATTGATTTGCAGGCCAATGAGAAAGCCTTGAATATAGGACAGTTTTATCTGGAATATGAAAATAATCCACTTTTATTAAACGGATATGTTCAGTTTGCACCTATACAATATAATGTTTCAATGCTTGCAAAAGACTTTAATTTAGACTTTTTAGGAGTTAATAAGGATGTTCAGCAGGCAAGCGGTATTGCAAATATAGATACGATTTTTTCAAATAGTTCTACGTCAGGACATATTTTATTGGATAATTTTAACTATAAGACAAAGGATAAGTCAACACTTGTAGACAATGTAAATGCCAATATTGATTTAAAAAATAATAAACTTGTGGTAAATAGGCTGGATGGTGGATATAATGGCGGGACTTTTAAAGTTACAGGAGATTTGGATGTTCCAACGATTCCTGCTAATTTTATGCAGACAAAACGGCTGGAGTTAGGAAAATTTGAATTGAATGCGGCACTTGATAAAGTTGGACTGCATTATGGAAAAGGAATTGACTTTGCACTTACGGGAAATCTTATATTTACAGAAAACAGGCTGTTTGGAGATTTGGTTGTAAGCGATGCGGAAGTGC
NZ_AP019840.1_gap25	940427	945000	4573	GTTTTTTAGAAAAAATAATCATATAACATTAGATGATATAAATAACTTACCAAAATCCATACCTAAGAACCAGAGAGCATTGATAATAGAAGTACCTCCTGGTTCAAAGATGCCTTTTTCTGCAGGTGAATTAAAAAAAATAGCTGAAGAAAGAGGGGTAAAATATATAGAAATAGTAGAAAATAAATTTTAAAGGAGATGAAAGAAATGAATGATATCAGTATAAAGTTATATTCACAAAAAGATAATTATAAAGGGATTCAAGAATTTTTTAAATTCTTTTTAAACTATGTAAAACCTGATAGAATGAGAATAGTAGCCTCGTTTACAAATAAGGCTTATGATAAAAAATTTAATGAAAAGAAATTTTTTGAAGAAATATCAAATGAAAAATATAAAAATAAGCATGTAACAATATATCTCAGTACAGATGATTTTACAGGTTCGATAGTATATAATCCAAATAGAATGTATGTCTCACTGAGTAAGGAAATATATATGGAAAATGAAAAAGATGTTGATAACTTTATATCTGATATATTTCAGAAGACATCATCAGATATTGGATTTATTGAAGATATGAAATACAGTTTTTTAGAAAATGAAGAAGAAATAGAGGAATTTAAAGAATTAGGTGGAGTATTAATAGAAGACAGGGTTGTAAAAATAGGTAATGAGTTTAGGATAGATATAAGTAAAAATCCTGGACATACTAAAATGATTAATGGACTTCCGATAGGAGTATACTGGAAAATGTGGATAGGTCATGACTATTACAGGTATTTGTCTCAAAGGAAACTGTCTGAATATGATAACTGCTATGAAAACATAGAGCTGGAAGACGGTTCAAGGAAAATAGTGATGACTGAAACATTAGATGAATTTATAAGTGAAAAAACAGATGATATGAAATGGGACTTCAGAGAAAAGATGGAGTTGAAGAAAGTGGAGGAAATGCTGTACAACCTTCCAGAAGAGGATATACCTGATGGGGAGCTTCTTGAAGAAACTATAATTTCAAAAGATGGGAAAGCAGAATATACCTTGACATACTTTGATGATAATATGGAATGGATGGAGAAAGCCTATGCAACAAAATACTATTTGATTAAACATTTGTTGGACGAGGAAGGAAACTGGATAAGTAAGGATGGGGAAATGACAAAGACAGGATGGATAAAGAAGCTGGATTTTGGGAAACTGTATAATGGGGAAATTTAAATTAGAAGCTATCATGTGATAACTGAAAATAAAAAATGGATACAGGCAGGACATTATAATGATGGGCTTTTTCCAAGAATAGACTTTGTAGATATAACAGATCCGAAGAATCCTATTGGAATCAGTTATAAGACAATGGATTTAAATGCTCCATCTTATACGAAAAAAAGCGATGTAGAGAGAATTATAAACAGATATTCTGACGATGTGTTAAAAACTAAAAATACAGGGAGTGGAAAAAAACATATATTGAAAGATATAGAAAAAAATAGTAACTATTTCCAAAAAAACAATCATATAACAAAAAGTGAGATAGAAAGCATGAAAAGATCTATAATTCAAGGAGACAGAGCATTGATAATAGAAGTACCTCCTGGTTCAAAGATACCTTTCACTAAAGTAGAATTAGATAAAATGGCTAAGAAGAACGGATTAAAATATATCCGAATATTAGCGAGTAAATTTTAAAGGAGATGAAAGAAATGAAAGATATAAGTATAGAATTATATTCTCAAAAAGAAAATTATAAAGGAATCCAAGAATTTTTTAAATTCTTTTTAAACTACGTCAAACCAGCTAGAATGAGTATAATAGCCTCATTTACAAATAAGGATTATAATGAAAAATTTAATGAAAAGAAATTTTTTGAAGAAATATCAGATGAAAAATATAAAAATAAATATCATACGATTTTTATAAATGGAAAAAGTTTATTAGATCCGTCGATATCATATAATCCAAATAGAATGTATATTTCAATGAATAAAGAAGTATATATGGAAAATAAAGAAGAAATTGATAATTTTATATCTAATTTATTCCAAAAAATTCAAGCAGATATTGGATTTTTGGAAGACGATACGTATAGATATTTAGAAAACGAAGAGGATATAGAAGGCTTTGAGGAAGCTGGAGGGAAATTAATAGAAGACAGGGTTGTAAAAATAGGTAATGAACTTAAAATAGATACAAGTAAAAATCCTGGACATACTAAAATGATTAATGGACTTCCGATAGGAGTATACTGGAAGATGTGGATAGGTCATGACTATTACAGGTATTTGTCTCAAAGGAAACTGTCTGAATATGATAACTGCTATGAAAACATAGAGCTGGAAGACGGTTCGAGAAAAATAGTGATGACTGAAACACTAGATGAATTTATAAGCGAAAAAACAGATGATATGAAATGGGACTTCAGAGAAAAGATGGAGTTGAAGAAAGTGGAGGAAATGCTGTACAACCTTCCAGAAGAGGATATACCTGACGGGGAGCTTCTTGAAGAAACTATAATTTCAAAAGATGGGAAAGCAGAATATACCTTGACATACTTTGATGATAATATGGAATGGATGGAGAAAGCCTATGCAACAAAATACTATTTGATTAAGCATTTGTTGGACGAGGAAGGAAACTGGATGAGTGAGGATGGGGAAATGACAAAGACAGGATGGATGAAGAATTTAGATTTTGAGAAATTGTACAATGGAGAGATTTAAATTAGAAGTTGTCATGTGATAACTGAAAACAAAAAATACAGGAAGTGGGAAGAAAAAAATATTAAAAGATATAAAAACAAATGGATCAGAGTTTTTTAGAAAAAATAATCATATAACATTAGATGATATAAATAACTTACCAAAATCCATACCTAAGAACCAGAGAGCATTGATAATAGAAGTACCTCCTGGTTCAAAGATGCCTTTTTCTGCAGGTGAATTAAAAAAAATAGCTGAAGAAAGAGGGGTAAAATATATAGAAATAGTAGAAAATAAATTTTAAAGGAGATGAAAGAAATGAATGATATCAGTATAAAGTTATATTCACAAAAAGATAATTATAAAGGGATTCAAGAATTTTTTAAATTCTTTTTAAACTATGTAAAACCTGATAGAATGAGAATAGTAGCCTCGTTTACAAATAAGGCTTATGATAAAAAATTTAATGAAAAGAAATTTTTTGAAGAAATACCAAATGAAAAATATAAAAATAAGCATGTAACAATATATCTCAGTACAGATGATTTTACAGGTTCGATAGTATATAATCCAAATAGAATGTATGTCTCAATGAGTAAGGAAATATATATGGAAAATGAAAAAGATGTTGATAACTTTATATCTGATATATTTCAGAAGACATCATCAGATATTGGATTTATTGAAGATATGAAATACAGTTTTTTAGAAAATGAAGAAGAAATAGAGGAATTTAAAGAATTAGGTGGAGTATTAATAGAAGACAGGGTTGTAAAAATAGGTAATGAGTTTAGGATAGATATAAGTAAAAATCCTGGACATACTAAAATGATTAATGGACTTCCGATAGGAGTATACTGGAAGATGTGGATAGGTCATGACTATTACAGGTATTTGTCTCAAAGGAAACTGTCTGAATATGATAACTGCTATGAAAACATAGAGCTGGAAGACAGTTCAAGGAAAATAGTGATGACTGAAACATTAGATGAATTTATAAGTGAAAAAACAGATGATATGAAATGGGACTTCAGAGAAAAGATGGAGTTGAAGAAAGTGGAGGAAATGCTGTACAACCTTCCAGAAGAGGATATACCTGATGGGGAGCTTCTTGAAGAAACTATAATTTCAAAAGATGGGAAAGCAGAATATACCTTGACATACTTTGATGATAATATGGAATGGATGGAGAAAGCCTATGCAACAAAATACTATTTGATTAAACATTTGTTAGATGAAGAAGGAAACTGGATAAGTGAGGATGGGGAAATGACAAAGACAGGATGGTTGAAGAATTTAGATTTTGAGAAATTGTACAATGGAGAGATTTAAATATGAAAGATGAAATAATTATAAAAAGACTAACTATATAATGTCAAGTTTTTTTTCAAAAAAAAGCAAAAATTTTTTTTGAAGAATTTATGTAAATTTTTGCATAACAAAATAGATAATTTAATAATTTAAATTATTCAAATGATTAATTAATGATATTTTTAAAAAGTTCGTTTTTAGTTTGTAAATGGTAAATAACTCTGACTAATTTTTTAACAACGTGAGATATGGCAACATTAAAATGTTTACCTTGAGAACGTTTTCTGGCAAGATGTTCCTTAAATACAGGGCAGTAGATACTGGTTAGTCTTGCAGCATTGTATAAAGCGTATCTGAGCGCTTTTGAACCACGTTTTTCCATTTTAGCAGAGCTAGCGACATATTTACCGGACTGATAGATAGTTGGAGACATGCCGGCAAAAGCTAAAATTTTGTCTGGAGAATCAAAGTTATCAAAATTACCAATTTCAGCAATGATGATAGAGGCAAGAGTAATACCTATACCTGGAATGGAAGTAATTGGTGAAGCGATTTTATCCATA
NZ_AP019840.1_gap26	973866	975748	1882	TTAAAAATGAAAGAATGAAATTGCAAGGGGAAATAAAGGATGTATTAGCGAATGAAAGTATAGATGATAATTCTAGGGAGCTATTACAAATAATGGATTTCTATTTATATGATTAAAATTACGAATCAGGTGTACTGTCAAATCAAATGAAACAAAAAGCAAAAATTAATTTTTTAAGTTTTTATGTTTAGATTAGAATGTAAATAAAACAAAATTCAAATGAGTAGAAAACTACGAAAAAAATTCCTTATTTACTGAGTAGGGAATTTTTTTATTTGTAAAAAATATTTGATTTTTTCAGAAAATGATGTATAATAGTATTAATTAAAAATTAAATTTTGTATAAAAAATAGTTTTTTAAAAGGGGGAAAAATGAGAATAAAGGGTAATAACAATGGGTTTACACTCATTGAGGTTTTGTTATACATTTCAATTATGGCGATTTTGTTTATGGTAGTTTCTGTGAATTTACATAAACAGAGGCAGAATCAGGAGTTTGCAATTCAGAAGAGGAATATTAGCCAGTTTATCAGAAAAATTCAGCAGTATGCACAGCACAACAGGAAGGAATATGTGCTAGATTTTAAAATATCTGAAAAGAGGGCCTATTTTTTGGATGAAAAAAATGGGAAAAAGGATATTATAGATAAAATGGAGATTTCCAAAAACTTATCTTATATGACAAATAATTCTAATAAAAATGCTGATTTTAGAAGACGTACTACGAATGAAGGGAATTTTGAAAAAGGATTTTCCGTTTATTTGATGGATAAAAAGGGAGAAAAAATTTATTACAGAATTTCTACAAACACAATAAATGCGGCGAAATATCCGATTATAAGTATTTATAGAGCCAAAAAGCCGATTAATCTTTCAGATGACTATTCAAAGGCTATCTTGTGGGAGGAGGAAATTTAGATGAAAAATGGGGGAAATGTTGAGAATAATACAACAACTGGACAAAATAATAAAAAAAGAGATTTTGAGAATATAAGATTTCGTAAAATTGTGAAAAAATCAGATAGAAAAGAAAATTTTAAAAATTATGAAAATACAAAAATAAGTAAAAATAGTAGAGGCAATGAAACTCAAGAAAATGTAACTAAATTTGAAAATAAGGAATTTGATAAATATATTCTGGAAATGAAAAAATTGAGGGAGAAAGAGACTAGAAAAAAGTATATAAAATCCGAACTTTCACGCAGGAAACAAAATTTAGTAAAATTTTTTAATATGCAAGTTGGAATTGAAGAAGTGAAAAGAACTTGGCAATTTGGAATTTTAATTTTGGCAGGGATTTTTTTGTTTGCGTTTTATTTGAATTTTGTTACTTTTAAGGGGGAACTTTCTGGAGAAAAGACACTTTATGTGAAAATTGATGGAAATCGTGGAAGTGTCTTGAAGGTTAATAACAAATATTTGAAAAACCAGGCGAGCATTGAGAATAAGAAGGGGCTTGAATATGGATTTTACCTTATGCGGTACAAAATTAGGAAAATTGTAAATAAAAATGGCAATATTAAGATTGAAGGGAAAGTGTTAGGATATAAAGAATCACGATTAAATAGTGTTCGTAAATATATATTGGAGATTTTTGATAATTTGTTTATAACTGAAGAAAATTTGTATGCTTTTTCACGCGCTGCAGTTCTGGGAGAAAAAGCGGAAGTTTCTAAGGATATGAAGGATAAGTTTAAATACACGGGACTGGCTCATTTAATTGTAATTTCTGGGACTCATATAAGTCTAGTTGTTATTGGAATTGTGAAAATTTTGGATGGGTTGTCGCTAGGGTACAGGTTTAAGTATTTGATGGCACTTGTTGCACTCACTTTTTACTGTGCATTAATTGGATTCTCGCCAGGAATTTTACGTGCCTATA
NZ_AP019840.1_gap27	1136612	1137957	1345	AAATCAGTTACAATATTTATTAGGGAAGTTGAAAAAAGCAAGTCGATGAGTAAGAGTGAAATTGAGAAGAAGGTTTATTCGGAAAATATGACTGGGACTCCGAATGATGTGATTAAGAAGTATAATAAACTGGTAAATGATTATAATAATCTGATGAATTAAAAGAGGGAAAAAATGACAAAAAAATTAACAAAATTAGGAAAGTTTATAAGTCTGATTTTAAGACATAAACCTGAGATGGTTGGGATTGAACTTGATAGGAATGGATGGGCTGATGTGAGAGAGCTTATTGAAGGGATAAATCAGTCTGGAGATGAAACATGGGAGCGGATAAATTTTGAAATTCTGGAGGAGATTGTAAGGAATAATAGTAAAAAAAGATATGAGTTTAATGGGGATTTTACAAAAATTAGGGCTTGTCAGGGACATAGCATAGATGTAGATTTGGAATTGAAGGCAATTAAGCCACCTGAAGTTTTGTATCATGGGACGGCAGATAGATTTCTGGAGCAGATAAAAAAAGAAGGATTAAAGAAAAGAAGCAGGCAGTTTGTGCATTTATCAGAAACGGAAGAAACGGCGTATGATGTTGGGCAGAGGCACGGGAAACCGTTTATAATAAAGGTTTTGGCTAAGAAGATGTATGAAGATGGGAAAGAATTTTTTATTTCAAAAAATGGCGTTTGGCTGACTGATGATATTGAAGTGAAGTATTTGAGATTTTAAAGTATTTAATTTTTAATTATCTAAATAAACCATTCTTTAGACTTGTGTTTTATAAAGTTCAAATGAAAATTTTAATCTGAAAGTTTAAAGATAAACTTTTAAAATAAGTTGTCAAAAAATAAAAAAAGGAAAGAAGGGATTTTTTATGAAATTGGGAATTGTTGGTTCAGGGATGATTGTTCAAGAGTTTTTGCCTAGCCTTGTGAAGCTGGAAGGGTTAGAAATTGTGGGGATGCAGGGGACAAAAGCCAGTATTGGTAAAGTTGAGGAAATTTGTGAAAAATATGGGATTCCAAAATTTACTGATGATTTTGATGAACTTTGTGAATTTGGGATTGATACTGTTTATATTGCTGTTCCGAATTTTTTGCATTTTGAATTTTGTAAAAAGGCACTTGAAAAAGGGTTGAATGTTATTGTTGAAAAGCCAATGACGACTAATTATGAGGAAGCTAAAAAATTGTCAGATTTGGCAAAAGAGAAAAAGCTGTTTTTATTTGAAGCAATAACGACACTTTATTTTGAAAATTATAAAAAGATAAAAGAGTGGATTGGTAAAATTGGAGATGTGAAACTTGTTCAAAGCCAGTATAGCCAATATTCCAGCAGATATGACGCT
NZ_AP019840.1_gap28	1149736	1154321	4585	CAGATTTTGACAGTATAATTCAGGCAATGGAAAAAGAAAATAAAAAAGATAAATTGTTTGGTAAATTAACAGGAAATTGGATTGAATCATTAAAAATTTGGAAGTTAAAAGCAGATAACTTGGAAAATTATTATCAATCAGGAGATTATAAAAAGGACAATTTTGCAAAGGGAAAAACTTTAAATTCTGAATATTTGGAAAGTATTAAACAGCGTAAGGAAAAATACAGGGAATTAAATAAAATATTTATTTTTAAATTAAAATATTTACTAAAAAAAACGGCTGTTTTTTATGCAGATCAGCAATATGGAAATAATACACCAATAGGTGATTTGTTTAAAGAAAGTTTATTAATTGATATATTTTATTATAAATTGTACGATTGGAATGAAATTTATAATGCCGAAGAGACATTTGAAGTTCCAGTTGAAGAAAAAGATAGGGAAAAATATTTACAAGATTTGAAAAAAATTCAATTAGAAATAAAAAAAATATCAGATGCGATGGAAAATAAGGAGTATGAATTTATAAACTCCAAAACAATAATAAACAAAGGAATCTATCTTTTGGCTAAAAAAGAAAATAAATCAAATTTAGAATTAATTAATCAAATAATGTCTGATATGGAAAATAAGAAATATACAGATATAAATGCAATTGGAATACTTCTTATGAAAAGAAATCAGGAAATAGAACAAGTTATAAGAAAACAACTTGCAAGAAGCAGATAGTGATTCAAATAAAAAGAAAGCTGATTTTTATATAGATAAGTAAAAATTTACATATAAAAATGGTGCAGGAGATTAGATTTTTTATTAAAGGATAGAATATGAGAAAAATAATGTTCATAACTATGGTAATATTAATACTTGCATCTTGTCCAATAATATTTCTTTTTGTAAACTGGAAATTAGAAAAATCTAGAGATTTGGAAAAGGAGGCAAAGATTTTAAAAAATGGCATTATAAATAGTTATTCCAAAAAAACATTAGATGAATTTTGTGATACAAAGTATGAATTGACGATAAAAGATAAAAGAGATGGTAAAGAAAAAAATAAAATTTTATTTTTAAAAGGAAAATGGAAATTGGAACGGAAACTATTCTGAAGAAATAGAAAATAAAATTAAAGAAATACCAATCTTATATAAAAACGGAAAGTTTTATCATGCTGAAAATAACAAAGTTGTAAATAATTTAAAAACTTTTAATTTCTATTTTCAAATACAATTTTTTAAACTTGAGAAATTTGAAAATATAAAAATCTTGAAATCTGAAAATAATTCTATGTTAGGATTTAAAAATGAATTTGATTTAATTTTACAAGCTGAATATTCAGACAATAAAAATTTTTATAGCTATTTTTCTAAAAATTTTAATAATATCAGAAATAATGAAGAAAAGATTATATTTTATGGGAAATACATTAAAAACACAGATAGAAATATTGTAAATATTGTTATGGAAACATCAGATTTGAAAATTAATGAAAAATGTGGTTATGATATTTTAGATAGAGAATTAAAGTAAGTAAAAATAAATAAAGAAGAAATGAAGGGAGATTTATAGAATGAAAGTAGCAATATTTTTTGGAAGTCAGTCGGATACTGAAAAAATGAGAGGTGCAGCAAATTGCCTGAAGGAATTTGGAATTGGGTACGAGGCCTATGTCCTGTCGGCTCACAGAGTTCCTGAAAAATTGGAGGAAGTCCTTGCAGATGTGGAAAAGAGAGGGGTTGAAGTGATTATCGCTGGAGCTGGGCTTGCGGCACATTTACCGGGAGTTATTGCTTCAAAGACTATTCTTCCAGTTGTAGGTGTACCTTTAAATGGAGCGATTGGAGGGCTTGATGCTCTTTATTCAATTGTTCAGATGCCAAAGTCTATTCCTGTGGCGACGGTTGGAATTGATAATTCGTATAATGCGGGGATGCTGGCTGTACAGATTTTAGCGGTGAAATATCCTGAAATTAAGGAAGAACTGATTAATTTTAGAAAAGAGATGAAGGCTAAGTTTATTGCGGATAATGAGAAAAAAGTGGAACTGTAATTTTTAATATTTGTTTTATGCACTTTAGTTCTTAATTATTTATATGATTTTTTGTCAAAAAAATTTAGCAAGGAGTTTTACCCTTGTAAGATAACATATGATTGTAGATTATGGAACAGATTTATTGTTTAAAAATAAAAAAAAAAAAAAAACGGAGGAAATAAAAAATGGAAAAAAGAGAAAAAATTTATGAAGGAAAAGCAAAATCAATTTTTTCAACAGATAAAGCGGATGAAATAATTATGTACTTTAAGGATGATGCGACAGCTTTTAATGGAGTTAAAAAGGATCAATTGGAAGATAAAGGGATTTTGAATAATAAAATTTCTACGCTGCTTTATGGATATTTGATAAAAAATGGTGTAAAAACTCACTGGATTGAAACTTTGAATGAAAGGGAGCAATTATGTAAAAAGGTGGAAATTGTTCCTTTGGAAGTGATTATTAGAAATAGGGCGACTGGAAGTTTTGTGAAAAGATATGGAGCGGAAGAAGGGAAAATTTTTAAAAAGCCTACGTTTGAGTTGTCATATAAAAATGATGATTTAGGGGATCCATTATTGAATGATGATCATGCTTTGGCGTTGGAATTGGTGTCTGAAAAAGAATTGGCTGAAATTAAACAGCAAACTTTTTTAATAAATGATTTGTTATCAAAACTGTTTGATAAAATGAATTTAATTTTGGTGGATTACAAAATTGAGTTTGGAAGAGATAAAGAAGGAAATATCTTACTTGCAGATGAAATTAGTCCAGATTCAATGAGACTTTGGGATAAAGATACATTGAAAAAATTAGATAAGGATAGATTTAGACAGGATTTGGGAGATGTAATGGGAGCATATCGTGAAGTGCTTCGTCGTCTGGAAGAAGTTTTGAAATAAATTTTTTAGAGATTTTAAATATATATTAGCGAGGTTGTTTTGAATCCTTGTTGTCAGATAAGCAGAAGATAATTTTTTATAGTAAAAATATCAATAAAATTATAAATCTTAGAATAGTTTATAATAAAAATGGAGGAAAATTACAAATGATTAAGAGTTTGAATGAGGAATGTGGAGTGTTTGGAGTTTATGGACATCCTGATGCGGCAAGACTTACTTATTACGGGCTTCACAGTCTTCAGCATAGAGGGCAGGAAGCGGCAGGAATTGTGGTAAGTGATGGAAAACGTGTAAATGGACATCGTGGGCCTGGATTAGTGTCAGAAGTATTTAATGACGATAGAATATTTAACCGTCTGGAAGGAAGCAGTGCAATAGGGCATGTGCGGTATGCAACTTCTGGAAGTAGCAGTGGGCGTAATATTCAGCCATTTTTATTTCAATTTTTTGATGGAAGCATTGCTTTGGCACACAATGGAAACTTGATTAATGCAAGGACGTTAAAAAGAGAGCTAGAAGAACACGGTGCGATTTTTCATTCTTCATCTGATACGGAAGTATTGGTTCACTTGATAAGAAGAAGCAAGGAAAAAGATTTTTTGAGCCAGTTGAAAGACGCATTACGTCAAGTAAAAGGTGGATTTTCTTTCGTAATTCAAACTCAGACAGAATTGTACGGGGCAGTAGATCCATTTGAATTCCGTCCTTTAATTTTAGGAAAAACAAAAAATGGAGCCTATATTTTGGCAAGCGAAACGTGTGCATTGGAAATTGTGGGAGCAGATTTTATTAGGAATATAAGATCTGGAGAAGTAGTTATTATTGATGAAAGCGGATACAGAATAGAAAAATATACTGAAAACACTTCAACTGCCATTGCGGCAATGGAATATGTGTATTTTGCACGTCCTGATTCAGATATTTCTGGAGTAAATGTCCATAAGTCACGTAAAAGATGTGGAAGAAGACTGGCACAGGAAGCTCCAGTTCAACATGCAGATATTATAATTGGAGTTCCCAACTCATCATTATCAGCGGCAAGTGGATATGCAGAAGAAATTGGAAAGCCTTATGAAATGGGCTTAATTAAAAATCAATATGTGGCACGTACTTTTATTCAGCCAACACAGGAATTGCGAGAGCAAGGTGTCAGAATGAAATTATCAGCTGTAAAAAGCATTGTAAAAGACAAAGTTGTAGTTATGATAGACGATTCAATAGTTCGTGGTACAACTTCAAGCCGTATTGTTCAGCTGTTAAAAGAAGCAGGAGCAAAGGAGGTGCATGTCCGTATCGCCTCGCCAGAATTTAAATTCCCTATTTTTTATGGAATAGATGTTTCAAATTCATCAGAATTGATTTCGGCAAATAAAACGGTTGAAGAAATAAGAGAGTATATAGGGGCAGATTCACTTGCGTTTCTTAGCATAGACGGACTGATTGATTCAATAGGGCTTGATTTTGATGCACCGTATACGGGGCTTTGCATGGAATGTTTTAATGGAGATTATCCAGCAGGACTGGGAGATTATGAGGAAGAATTTTATGCTTCATTGACGCCAATTCAAGAAGAGGCTTTAGAGGAATTAAAGAAGTAAGGTGAAAAAATGTATATTGTAAGTTTGAATTATATAAAAGAAGTAAGTGAAGTT
NZ_AP019840.1_gap29	1212994	1214114	1120	AGTATTATTTTTGATTATGGTATTAGCTGCAATACCAGCGTTTGCAGTAAAGGTTACGACAGATGGTAAACATAATTTAGATAAGGTAGCGGGAAAATACGGAGAATATTCGGAACTTGAAATATTTGAAAAAAGTGGGAAATGGTATGCGACAAAAAAAGCTTTTAAAACAGAAACAGTTCCTCTAGTTTTAGAAAAAGATGGAAAATTTTCAGCAGAATTTGAGCATGGAAAAGAAACTTTTGCTTATGATACAAGAATGAAGGCTTTGGTAACGCTTGTTAAAGATGACACAGATCAGATACTTTCTATAGAATTGCCTACAGGAAAAACAAAAGCAGCAGTGGATAAAAACTTTAATATGAATAAAGTAAAGGGATATTGGTGTGATTTTGAAAAAATTGTTCAGAAAAATGGAAAATGGTACATGTATACTGATTTTGATGACGAATACACTCCTTTAATTGTAACAAAAAATGGATTTACTATTAAAATTGAGAATGATATTGCAAAATTTACATTTGACACAAGACTTCAGACACTTGTAAAAATTGATGAGGATGGAAATATAGTTGATACGTATATACTAAAGGATTATTGTCCAGAAGGATATGTAGAGTTATAAAAAATGATTATAATAAGCGAAATAATAGAAATAGGAGTTGAGAAAAATAAAACAATTATAAATACTAAATTTAAATCGAAAGTGTAGGTAAAAATTATGAAAAAAATATTATTTTTAATTATGGCGTTAGCTGCGATACCAGCATTTGCAGTAAAAGTTACGACAGATGGAAAACACAATTTGGAGAAAGTGGCAGGAAAATATCAAGGTATTGAAATATTTAAAAAAAATGAAAAATGGTACATAACAAAAATACATGACGGATTCGATGAAACGGAAACAGTTCCTATAGTAATGGAAAAAAATGGAAAATTTTCAGCAAATTATAAAAAACGTGAAAAAGAAACTTATGCTTATGATACGAAAATGAAAACTTTAGTAACACTTGCTAAAAATGATACAGATCAGATACTTTTTATTGAACTGCCTGAAAAAACAAAAGCAACAGTGGATACAAACTTTAATATGAATAAAGTGAAGGGATATTGGTGTGAT
NZ_AP019840.1_gap30	1240836	1243646	2810	AACTTTTACCCTGGCTTGCCAGTAGTCATGACAAAGATCACTTGTAATTATTGACATTGGAATATGGTACTGATAGTCTTGCGTAAAGTCAAACAGGGCTGTATCGCCATAATGCAGTATCACTTGAGCGACATCGTTCTTTTTTGTCCTTAATCTAATGTGAATTTCGTCTTTTGTATAAAGATAGGCATATTCTGATTCAGTCCTATGATAAAATGCCGATTTTTCCATTAAATTACCCTCCAATTTATATTATTTTTTATTTTACAAATTTGTTTTTAAAGAATTCTAAATATATATTCATTTTTTATAAAATTAAATAGTTTAAGCAAATATGTTTTACTCAGATATTAAAGTTATTTTCAAATTCTTGTTCCAGCCAGTCGGAGTTAAGTTTTGAAGAATAAAGATATGGTGATGTAATTGTTAGGCTTGAAACTAATGTTGCATATTTTAAACAGTCAGTAATTGGTTTTTGTTTTGAAAAACCATATAAAAAACCGCTTACAAAAGAATCACCGGCTCCATTGGAATCTACAAGTCTGTATTGCCTTAAAATTCCTTCAGAGTAGATTTCACCAGTATTCATCAATATTTCTGAACCTAATTTTCCGTGTGTGCAGACAACAAATTTTTTATCTTTGATAAGTTCTTTCGTTAAAGATTTCAATTCTGTCTTAGAATGGATAGAATCGGAACTCATAAATATTGCATCAGCATAGGGGATAAATTCTTTATGCCAAGGGTTTTTACCATCATAATCATGAATATCTAGCCAAATCTTATTTTTATAATCTTTTAACAAAGGAAAAAGATGTTTAACAAACTCACAAATATCAAGTAATATTATATCAGCATCATCAATAGCCTTTTTAAACGGTTTTAAGTCAATATCTTGATTAACCATTCCAACATGAGTGTAGATACTTATCCGTTTCCCATGTGAATCCATTAAATTAGTATGCATCTCAGTGCTTTCTTTATCTTCAATATAAAAAAATTTGATTTTTTCTGAACTTAAAACATTTTTTATATTTTTTCCAGCCTCATCATTTCCAAATTTTGTTGCCAATGTAACATCAAACCCTAATTTACTAAGGTTTATAGCTTTTCCGGCAGCAGTTCCTCCCAATACTTGCTTATAATCACTTGCAAATATTGTTGTTGGTTTTGAAGGAAATTCATTAACACTAATTATTGTATCCCAAGAAGTTGTTCCAATTACAAGTATTTTATTCATTTGAGTTCCTCCTAAAATATATTTAATTATCATAAAATAAATTATTGAAAAAATATTATAAATATTATCAAAAATTTTCTTTATCTTATAAAAGTATAGCATTTTATTTATTTTATTTCAATATTTTTAAAATTAAGTTTGTTCAATAATTTTATTTCAAAATTACTAATTTAAATACTTAAAGATTATAGAATTTGATAAATTATATCGCTAGACAAATTTAATAAATAAAAATACAAAAAAATTAATCAACTCATGTTAAAGTTAAATTAAATAAAAAATTTTAAAAAAATGACATAATTTTGTCAAAAAAAAATGATATTCTATGAAATAGATGTTATAATAAGTCTTGATTAAAAAAATAAGCTGTTTATTCTGAATGAAAGGAGATTGCATGGTTAGAGTATTTTTAAATTTTAAAAACAGGAAAATACAGATTTTATCAGCATTATTTATGTTTAGTCTAGTAGGATTTGGGACAAATGTGGATGATTTGATTTCACAATACGAAAAAAATTCTTATACAACCAAAATTAATGAAAAAAGTATGAGGAAATATGACATAAAAGATAAGGTTCTGAAAAATGGGGATTGGAATGAGGTTACTGTAACATCGGATAATAATTATTCATTGCACAGTGAGGCAAATGGACTTACTATGGAAAATAATGTGAAATATGGAATTTTCTATTATAGACATGGGTATAATTTTAGAAATAAGGAAGTTACTCAAAATAAAATTGGAATTTCAAAGACATTGAATGATTATTTTGGTTATAGTGATAATAAGTATAATAAAAAAACAAATCAGATTTCACGGAATATACAAAAAATTACGAATGAAACTACTAAAAATTCTGAAATACGTGATTTGATTGATTTGTACAAAAATTATAAGAATAAACAGAAGGCAATTGAACAGGAGGCACTTACGCTGGAAGATACTAAAAAGGACTATGCTATTCAGTCTAAAAAATATGAACTGGGGACGGCATCACAGTATGATTATGAGCTGGCAAGGACAGAATATGAAAATTCTCAGTTAAAATATGAAAATCTTGGGCGAGAATTACAAGTTTTGGGCGAGCAGTTTACAGTTTATAATATCACATTGCCTGAAAAAGAAAAATTGGATGACTTGAAAAAGGTTGAGCTTAAAAAGGATGATTTTTATGCACTTAGATTATCAGAAGCTGAAACAATAGAATTAAATTCACAGTTGACTAATGAGCAGCTTAGAAAAGAGAATATTGATTATAAGTATCCAAAGCTGACTGGGGATATTGGGTATTCATTGAAGGATCATTCAGTTGTTGTGGGACTTTCTGTTTCAAAATCTTTCAAGAGATATAACGATACGATAGAGGATTTGAAAAATGAAGCGGATAAATTGAGATTACAGTATGAACAGAAAAAAAATGAGCTGGTGTCAAATGCAGGGCAGCAGATGATAACTTACACGACTTACCAGACAAATGAATTAACAGCTGAAAATACAATGAAAATCAAGAAAAAAGAGTATGAAGTCTATGCCAAAAAATATGAATTGGGAGTTGACACATATTCCAAC
NZ_AP019840.1_gap31	1269657	1273163	3506	GAGATACGCTGTAATTTTGGCATAACTTTTACAAAAATGGTAGATTATGAATTGATTAAGAGCGAGCATAAGAAATTTTTCGAAATTTTGGAGGAAATACCGAAATGGTGTGTTATGAATAATATTGAATTTAAAATAGAAAATTAAAAAATCAAGGGGTTGATTGAGATGAAAGATAGAACAGTAAAAGGGCTAATTTTTGTATTTTTAATTTTTGGAATATTTTCCTGTTTTAAAAAAGGGCAGGTAAATGAGGAAATTGGTATAAATAAGAATGAAAATACAATTTTGGTGGCATCATTTAATGCATTACGGCTTGGAGAGAAACAAAAAGATTATCGGACATTTGCACAGATTTTGGCAAAGTTTGATTTAATTGGCCTGGAAGAGGTTATGAATGAGAAGGGAGTTAAAAAAACGAAAGCATACTTAGAAAAATTGACTAAGGAGAAATGGGATTATATTATTTCGGAAAATTCTGTAGGAAGTGAGAATTATCGTGAATATTTTGCATTTATTTATAGGAAAAGCAAATTTTCTGAGGCAAGAGGGCTTGGATTTTATAAGGAAAAGGATGAGAATGAGTTTATGAGGGAGCCGTACGGGGCTTATTTTAAGGCTGGGAATTTTGATTTTGTGTGTATTATAGCACACTCGGTTTTTGGGGATAAAGAAAAGCAGAGATTGCTTGAAGCAGCAAGTTATGTTAATGTTTATGAGTATTTTTCTAAATTGACAGGTGAGGATGATATAATTATTGCTGGGGATTTTAATACGTCTGCTGATAATATGGCTTTTAGGAATATGGCTGATAAATATAACGTCAAGTATGTTTTAAATCCTGAAGAAAATTTGACTACACTTTCGGATAGTAAACTTGTAAGTTCTTATGATAATTTTTTCATAAATTTTGAAAAAACAAGAGAATTTACTGGAAATTTTGGAGTTTATAACTTTATAAAAAATAATAACTATGCTATAATAAAGAAATATGTGTCGGATCATTTGTTGATATTTTCAGAATATTCAACATTGGAGGATTTAGATTAAATAGATTTATTAAAGTTAAAAATTTATTTTATTAAGGAAAAAATATTATTAAGTAAACTGAAACTGTTGAGAAAATCTAAAAAAATATCAATGAAAAAGAAAGGAAATAAATGAAAGAAAAAGCATTAAATAGAAAATTGGTTTATAAAAAGGTTATTAATATTGGATTGCCTGTGGCAATTGAGAATATGATTTATGCACTTATGAACTTTGTGGATATGTTTATGGTGGGGAAAGAGATTGTGGTACTTGGACTGGGGACAGTTGCTGTTGCAGGATTGGGGTTTGCTAATCAGATATTTATGATTTTTATGACATCGCTTTTTGGGATGAATAGTGGTGGTGGAATTTTGGCGGCACAATATTTTGGAAATAAGGATTACAAGAATTTGAAGAGATGTCTTGGGATAACTGTTATCGTTGGTTTTTTATTTTCATTGCTGTTCCTTTTTGCTGGGTTATTTGTACCAAAACTTGTAATTTCAGTATTTACAAATGACAAAAAAGTTATAGAAATAGGAGCTTCATATCTGCGAATAGTAGCTTGGACTTATCCACTTGTGGGAGTGGGATTTGCGTTTAATATACAGCTTCGTGCAATTGGAAAAACAAAGTATTCGTTTTATTCAAGTGTTGTTGGACTTTTGATAAATGTGACTATAAATTATGTGCTGATTTTTGGACATTTTGGATTTCCTGCGATGGGAGTACGTGGTGCTGCGGTTGCAACAGTTATTGCAAGAATTATAAGCACTTTTTATATCATTTATATAATTTACAAGTTAAAATTGCCAATTGCAGGTAAAATAAATGAGTTATTTGATTTGTCAATGGAATTTTTTGTAAAGGTTATGAAAATATCGCTTCCTGTATTTATTCACGAAATATTATGGGTACTTGGAGCAAGCATGTATGTGATGATTTTTGGTAGAATGGGGACAAACTTTGCGGCTGCAGTTCAGGTTGTAAAATCAATTAGCAGTCTTGTATTAACATTATTATTTGGACTTTCAAGTGCAACTTCGGCTATAATTGGTAATGAGATTGGTGCTGGAAGAGAAGAAAATGCTTATGACTATTCGATAATTTTATTAAAGGTGGCTGTTGTTTCAGGAATTATTATTGGAGCAATTGTGTTTATTTTCAGTCCATTTATCCTACAACATGTAAATGAAAAAAGTTATCCATTAGCAAGGGAGATTGTGAAGGCAGAAGTATTTGTAATTTTCGTAAAGGCAATAAGTTTGCAGCTGTTAGTTGGAATTTTACGTTCGGGAGGGGATACGCTCTGGACGATGTTTGTGGATTTGATTCCGCTTTGGTTTATTGCGATTCCAATAACATATTTTTCTGGACTATATTTAGGATTTCCAGTTGTATTCGTATATTTACTTTCATGTAGCGATGAAATTATAAAAATATTTCCGTGTATATGGAGATTAAAGAGCAAGAAGTGGATAAATAATCTAGTTAGTTAGAAATTTGAATAAAAATGAAATATTTAAAAGGGAAAGTAATAAAAAATAAAAGAGGGTGGTTAAATCGGGGAAAAAAAGAAAACAGAAAATTTTCTGAAATGGAAGTGAATGATGTGAAAGTATTAAAAACAAGTTCGGACAGTTTTAAAAACAGGATAGAGGACGATGCTTTATTTATAGACAAAACTTTATTGATTCACGAAATAATAAGAAAAAAAGAGGAAGCTCAAATATTCACTCGTCCGAGAAGATTTGGAAAAACAACGAATTTATCAATGTTGGAATGCTTTTTTGACATAACAAAAAAAGACGAAAATAGAAAATTATTTAATGGATTAAAAATTGAAAATACAGAAAGTATGGAGTATTTTGGAAAATATCCTGTTGTTAAGTTGACATTTAAGGATGTGAAGCAAACTAATGCTCAAGGAAGTTTTAGTTACGTAAGAGAATTAATTGTGAATGTTTATGATGAGCATAGATATCTGTTTGATAATTTAGATGAAAGTGGAAAAGAGTATTTTTTAGATATTTTAAATAGAAATAAAGAAGTTGATTTAGGGGTTTCATTATTAAATTTGATGAAATTTTTAAGTAATTATCATAATGAAAAAGTAGTAATTTTAATAGATGAATACGATACACCTTTAATCACAGCATATGTAAAAGGATATTATGATGAAGTGATTGATTTTTATAGAGTCTTGTATTCATCTGTGCTAAAAAATAATAAATATTTGAAATTTGGAATAATAACTGGAATAAATAGGGTATCAAAAGAAGGGCTGTTTTCAGGGCTTAATAATGTAAGAATTAATAGTGTTTTAAGTGATGAATTTACTGAATATTTTGGGTTTACAGAAGATGAAGTGAAGAAAACTCTGAAAGAATATGAACTTGAGAAAAATTTTGAAAATGTAAGATTCTGGTACAATGGTTACAGTTTTGGCGGACAGAGAATTTACAATCCTTGGTCTT
NZ_AP019840.1_gap32	1286020	1288254	2234	TGTAAGTCCCATTATTAATCCTGCTGCAATTATTCCAGGTAGTAAAGGCACAAATACATTTGCAATTTTTTGAAGAAATTGTTGAACAGGTCCGTTATGTTTTTGTCTATTGGCTTTCTTATTTTCATTTGCCACATCTTTTACATTACTATCTGAAAATCCTAGCGCAATACCACTAAGTTTTGAAAATTCATCTCCCACAGTGTTTACTTTTCCAGGCCCTAATACAATCTGTAAAGTTTCGGCATTCACTACATTTAGTATACCATCAACCTTTTTCAATTTTTCTAAATCCACTTCATTTCTAATTTTTACTCTCAGTCTTGTTATACAGACTGCATTTGAAACAATATTTTCCTTACCGCCTAAAATATCATAAATTTCCTGTGCTGTTTTTTTTGCATCCATAATGCTCATCTCCTTTGTAAGTTGAAGTTTCAAAATCTTTTAATTAAATAGTTAAAGATAAATCTATTAGATAGAGGCATTTTTATTTTTTTACAAAAGAAAATTTTTGCCAAGGTTTGATGTAATCAATTAAAAATATTTCTTCATCTGCTATTTTTCCAACAACATTTGATTTTCCAGTATTTTTCATTTCTGTTTTTGCAATTAAAAGTTCTCCTGCGTAATGTCCAAATTCGCTACTTTCAATAATTATATCTCCCTTTTTTATTATTTCAGGAGCATTGAAAATTTCAAAATTATGTTCTTTATATTTTACACGGCTATTTGTAGAACGGATTAGATTTTCAGAAATATCACCTCTATTAAAGTGAAATTCATCAAAAATTATTTTTTGTTCTATTTCAGGAACATTTTTTTTAAGTTCAATTGAGAAACTTACCATATCTTTACGTACTTTTTTAAATTCTTCTAGTTCTTCATCAGTTGGATAGCAGTTTGAAATAATTATATCGTCAATTGTTTCTAGTGCCACAAAATGTTTGAACTGAACTATCAATGGTAAATTACGATGCATTTCCAAAGTTGGTAATCCTTGCGTTACTGGCTTAGGACCAAAACTGTTTTTAGCTTGTGAAGTTATAAATGCGGCTGTTCGTAATCCATATTTTGCAAAATTTTCTGTACATTTTTTGAAAAATTCTAAGCCTAATCCTGTGTGGATATGAGGATAAAAGTTATGGCATCCTATTAGATTATTTTTATTTGGGCAGTAATCCATAATTGTGTCGATATAATGAGTATCGTTGCTCATATTTATTTCGATTTTTAAATTTTCTTTATTAAATGTCATAATGCTTTCCTGCAATCCAGTAAATCCAATATCCAGCCTAATTCCGTTAGCTCCCATTTCCTTAAAAAATGCTAAATTATCATAACTTATTCCTAAGTCATCAAAAACTTTTGGATTCACATCCAGAATAATTTCAAATCCTTTTTCTTTAGCATAATAATTTATTTTTTTAAATTTTTTTAAAATTATTTCTTTATCTTCTGTAGAAGAAAGCAGACAACTGAATATTCGGCTAAAGCCAGCTTCAAAAGATTTGTCAATATAATTTAGCAATTCTTCTTCAGTTGTCTTTCCAGGATAAATTGAAATTCCTAATTTTCTCATTTTGTGTTATTCCCCTTCTTCTATCTATTTTTATTCTTGTGCTTCAGCATGTTCTTCTGCCAATAATTTTTTCTCATAGGCATTAAAGAAAGGATAGTAAATTGCAACAGAAATTAAAATAAGAAGTATGTTTAAAATAATTGCTCTAAAATCTCCATTTGTTGCTAAAAATGCTCCTATTGGTCCAGGCAGAGTCCAAGGTGGTGTTGAAGTTACACGGTTTACCAGTCCTGCTACCATTGCGAAATAAGTGATAGAGGCATTAACTATCGGAACAATTATAAAAGGCGGTAATAATGTAGGATTTAATACTATTGGAGCTCCAAAAATAATGGGCTCGTTTATGTTGAATATTGAAGGAAGGATTGCTGCTTTTCCTAGTGTCTTACCGTAAGTTGATTTTGATTTTAGTAGCAGTAATAATGCAAATCCTATTGTTGTTCCTGAACCACCAATCCAGATAAACCATTGATATAAAGGCTCTGCCGCAATGTGAGGAATATTTTGTCCATTTGCCAAAGCTGTGGCATTTTGTTCAAGAAGCATAAGCCACAACGGACGCACAACAGATCCGACAATTGAATCGCCGTGAATTCCAAAGCTCCAGAAGAACGTAATCATAAATACAATAAGGATTACAGAAAACCAAGAG
NZ_AP019840.1_gap33	1309829	1310401	572	CAAGATTAATGAGCGGACTTAAAAAAGCTGGAATTGAACTTGACAGAAAAGTTTTAGCAGACTTAGCATTAAATAACCCTGCTGAATTTGCAAAATTAGTAGAAAAAGTTAAATAGAAATAAATAACAAATCAATACTCAAATGGTAATTTTTAATAAAATCAGCTATTTGGGTATTAATTTTTTTAATACTATTTTCCATTTAAATAGTAGAAATCAGAAAATTCATGGAATTAAAGCCTTTTTTACAAGATTGTACTGTTTACAACCTATGTAACTATAAAATATCCTTTAATTAAATTTAATCATTAAGTATCCATCTTAAAGACTTTTGTAATTTTATTTATATGTTTTTTAACGTAAGGGCATCAGACGCCATGCCCTTAAAACTCCGCTTTACGCAAAACTTTCTTATAAAGAAAAAATAGAACTCGCTTCGTAAAACTACGCTCAAACAGTTATTTTTTCTTTAACGAAATTTTGCTTATTTAATATTTTTAAAATGTAAAAGCCTAAAACTTAAATATAATAATCTTTATAATTTAATATATAATGTCGTGATTTTTTTGGAAT
NZ_AP019840.1_gap34	1313316	1316839	3523	TTTCGATGACATCGTCAAAATGATGTCCAAGTGACAGTTTATTGCATCCAAGTGAAGTTGCTTTTGTGTAAAGGCTTCCACGCCGCATTTTGGCACACATGTAGCAGGGGTAGTCCTTTGCAATCTTTTCTGCAATTTCAAAGATATTATCATTATAAATTTCACACGGAATATTCAGATGTTCCAGATTTTTTTTCAAATTATTTAGATTGGCAGGATTAAATCCAGGATTCATTGAAATGAATACCAGTTCAAAATTAGTTCTGCTGGCTCTTTTCAGCTCCTGAAACAGTTTTGAAAGCAAAAGACTGTCTTTTCCGCCAGAAATGGCAACTGCAATCCTGTCCCCATCCTTTACCATCTCGAACTCCTTCAAAGCCCTTACAAACGGTGCCCAAAGTGTTGAACGGTACTTTTTCTGGATGCTTTTTTCAATAGTCTCCAGCGGCTGAAGCGGAACAGATGGCAAAATCGTTTCACAGACTGCACTTCCAAGAGAAGTGGAAGCAATCTTGCCAGCATTTAGTTGTTCCTTATCCATTGTATTTTCATTATCGGAATAGCTTTCAATATTTTTTAAATTCATTATCTGCACCTCCTTTTAAATTTTGATTTTATTTATTTTTGTTTCAATATTTTTAATTTCTTTGAGATAATCTTTTTCAACTTTACTTAAAGTTTTTGATTGATATTTCTTATATTCATTTTCTACTTTTTTTATCATTTGAGTGTGTGAAACTTCTCCATTTCCTGAAAGCAAATTTTCTCCAGAAGCTGTAAGGATTTTATCTACATGATTTACCCAGTCCTGCATTGTCATTGGTATTTCTTTTTCTGCCTGTCTTTCTGCAAAGTCTAAATATCCCGAAACTAATTGATTCAGCCCTTTAAGTTCTTTTTCTGTCAAATAATTTTTAGCGATCTTGGCTTCATTAAGAGTAGAGTAGGGAGCTCCCCTTTAAATGTCGAAAGCCCCATAAATGATTTTTCACTATCAACACGATTATAAATTAATTCACTTGCTGTGTGGCTGTGTATGGCAAAGTGCATTTTATTTTGAACAGTAGCGAAAAAATGTTTCGCTTCTTCACTTTTAGGATTGTAGTCAATACTTGTGGAAAATAAATCTAAAATTTGGCGATAAAAAACTTTTTCACTTGAACGAATATCTCGGATTCTGTCTAACAGTTCTTTGAAATAATTTCCGCCACCTAAATTTTTAAGTTTTTCGTCATCCATAGCAAATCCTTTGACAAGATACTCTTTTAAAATTGTTGTTGCATAATTCCTGAACTGCATTCCTCTAGGTGAACGCACACGATAACCTATGGCTAATATCATATCAAGGTTATAGTAGGCAACCTGACGTTTAACCTCTCTTTTTCCTTCTTTTTGAACTGTCAACTGATAGTTGACAGTTGACATCTCTGAGAGTTCACTGTCTTCAAAAATAGCTTTTATATGTTTGCTTATATTTTGTTTAGTTGTGTCAAAGAGTTCGGCTATTTCAGACTGGCTTAGCCAAACCATGCCGTTTTCCAGGCGTAAACTTATCTGGGCTTTTCCGTCTTCTGTATTATAAATAATTATTTCGTTATTCATGTCAGCTACTCCCCCTTTTAAAATTTTTAACGTTTAATATGCGTAAATTACTTTGGATTCTGGTTCAAAATAATTTTATCATAAATAGACTGTACCAAGTTTTTGGGGGATTGTCAAGAGAAAAGGTGTGTGTGTGTGTGTTTTCAAAGTAGAATGTGGTTTTAGCTCATAGATTGTATAATATATTGCAACAAACAATTCTTCGATAGTTGTAGGGGAATCAGATTCAAAAAATAATTTATTTTCAATCGGTATGGGTGCAGGGTACGGTACAACAGATCGTGGAACTATAATAAATAAAGGTACAATTACTGTAAATGAAGTACCTCAAACAAATACAGCAGGTAAAAATCCAATAACAGTGTCAGCTTCGAGTATTGGGTTATATATAAATACTTCAGGGGTAAATATTACAAAATCAATAGATGGATTGAATAAATTAACAAACAAGGCGGATTTAATTGTTGGTACAGAAGCTACAGAAGTGACAAATAGCAAATATATTTTGGTAAATGATCCTAATATAATAAATCCATATAAACAAGCTATGTTGCAAAATAATAATATAAAATGGAATATTTACTCAGGTTCATTAACATGGATGGCTACACCAACATTAGATCGTTCAAATGGTTCGATAAACAGTCTATATATGGCTAAAATACCGTATACAGCTTGGGCAGGGCGAGAAAGTACACCAGTAAACAGTGCAGACACATACCACTTTACGGATGGGCTTGAACAAAGATACGGAGTCAAGGCTTTAGGAACAAGGGAAAGATTAATATTCAAGAAATTGAATGGAATAGGAAACAACGAGGAAGTATTGCTGTATCAGGCATTCGATGAAATGATGGGACACCAGTATGGAAACCTACAACAAAGAATCAATGCAACTGGAAACCTGCTGGACAAAGAGTTCAGATATTTAAAACACGACTGGAGAAATCCATCTAAACAAAACAACAAGATTAAAGTGTTCGGTATGAGAGATGAATACAACACTGATACTGCAGGAATCATTGATTATACAAGCAATGCCTATGGTGTGGCTTACGTTCATGAGGATGAAAAAATCAAGATGGGTAACTCAAGCGGATGGTATGCAGGAGCCGTAACAAACAGATTCAAGTTCAAGGACATCGGAAAATCAAAAGAAAATCAGACAATACTTAAAGCTGGAGTGTTCAAAACAATGTCACCGAAGAAGGATTACAACGGAGCATTGCAATGGACAATTGGTGGAGATGTGTTCGTAGGAATTAACGACATGAAACGTAGATATTTAGTAGTGGATGAAATATTCCAGGCTAAATCTGACTACCATTCTTACGGAGCGGCTCTAAAAACTGATTTAGGATATGACGTAAGATTAAGTGAGAGAACACATTTCCGTCCATATGGAGCCTTGAAGATGGAATATGGAAGATTTAACGACATCAAGGAAGACAGAGGGGAAATGAGACTGGAAGTAAAAGGGAACGACTACTTCTCAGTTAAGCCTGAAGTTGGAATGGAATTCAAATATGTTCAACCGTTAGCAGTAAGAACAAACTTGGCAGTGGAACTTAGGTTTTGCTGTCTTTTTTTGTTGGAAAAATAAAAATTAAATTTTATAATATTTACACTAAATTCTGTAAAAACTGTTATTAAACAAAATAATTTACTACTACTAAAACCCATTAGAAACTAGAAGTTTTGATTCCTTGCTAAATAGTATGTAATTCAAAATTTATTAAGTATTTGTCATATAAATGGAAAATAGTATAATATTTTATGTTCTTTATTTTTTAATAAAATAATTTTAATGTTATTACTGTTTTAGCTATTTTGTTTCATTAATTTTTTATTAAGTAAATCAAAATAATGTAGTTAAAATGGTTAAATTGAGAAATTTAATTAATTTAATTTCAAGATAATT
NZ_AP019840.1_gap35	1330726	1333611	2885	ATTTATTCAGACAATTCACCTGTATCAAATGCTGGAGTATTATCATTGACAGGTGATCAATCGTCTGCTTTATATGGGAAAAATGGTTCAGACTTGATAAATAGTGGTAAAATTACTATTGGAAAAAATGGTTCAGGAATATATGGTATAGATAGTAGAGGAATCAACTATGGTGAAATAACTATAGGTGAAAAATCTGTTGGAATGCGTGCAGAAAATAATGTAGTAACAAATAGGGCAACTGGAAAAATAATCAGTACAGGAGCTAAGGCGATAGGAATGTCCCAAAGTGGTGGAGATGGGGATATAGTAAATGAAGGTAAAATAACATTGACAGGTGATCAGTCCATTGGAATGCACTCTGAAAATGCAAAAAATACGCATGCTCCAGTTCATCAGGTTAGAAATGAAGGGGAAATCACAGTAGGAGATTCTTCTTCAGCTGCAAGTCCAAGTATAGGAATGTATTCTGCAAACAATCTGGATAGTCATATTGTTAATGAAGGTAAAGTAAAAGCGGGGGCGAAATCAATAGGAATATACGGTGGAAATGTAAGATTAGGCGGTGTTCCGAGTGGAGTAGCTTCGGAAACTTCGGCGGGAGATGGAGGAATAGGAGTTTATTCTGACAGAGGAAAAGTTGAAATAGAAGAAGATGCAAAAGTTTCTGTTGGGAAATCACTGGGAGATAAGCAAGAAGGAGTAGGTGTTTATCTGGCAGGAAATAACAGAACTCTTGAAAGTGATACTGATAAGTTGACGATTGGTGACGGTTCATTAGGATATGTTATGACAGGACAGGGAAATACCGTTAGAACAGGGAAAGCTGGAACAACAGGAAAAATCACTTTGAACAATAATTCTGTTTTCACTTATTCGTTAGATAAAACAGGAACTATAACAAACTACAATAATTTAAAATCAAACGGAAATGAAAATTATGGAATCTATGCTTCGGGTTCTGTTGAAAATAGAGGAAACATAGACTTTAGAAATGGAATAGGAAATGTTGGGGCCTACAGCTATACAAAAGGAGCCACAACTACACCTAATGCAATAAAGAATTATGGAACAATAGATGTTTCAGGTTCAGATGTAATGACAGATCCTAATAATAGAAAATATGGAATAGGAATGGCCGCAGGATACAGTGAAGAATCTCCAGCTGGTTCAGGAAATAAAGTTACAAGAGGGCTTGGAAATGTAGAAAATCACGGAATAATAAGAGTTACAAAACCTGACAGCATAGGAATGTATGCCACAGGAGCAGGTTCAGTTGCTTGGAATGCCAACAGAATAGAACTTAGCGGAAATAAACGAAATATAGGAATGTTTGTTGAAAATGGAGCAAGAGCCATCAATACAGGTACAATTACAACAGTTGGTTCAAATAATAAAAGACAAATAGGAATAGCAGTTGTAAAAGGAATACTGGATAACAGAGGAACAATAAACATCAATGCGGAAGGCGGATATGGATTACTTCTTGTGGGTGCAACCGTTATAAACCGTGGTGAAATAAACATAACAGCCACTGGAGGAGCACAAAAGGTAAAAGATGTAAAAGCGGCAGATTTATCAAAAACAATAGGTGACTTTGGAATTGATAAAGTCAAAATTGATGCACCGGCAGGAGCAAGAGATGCTACAATAACTGTAAATGGTGTAAGACAGACTCCTAAAGTAGTACATGTTGTAAATGTACCAAATAAAAAACCTAACGAAATATCAACATCAGGAATTGGAATGTATGTAGATACATCAGGTATTAACTATACTCGGCCAATAAATAATTTAGGTGCATTGACTTATTTGAAGGAAGCAGATTTGATATTTGGAGTGGAAGCTACAAAATATGTAAATGATAAGACAATTCAGCTGGGACAAGATATAATAGCTCCATACAATCATACAATCAGAACATCAGGAATAGAAAAATGGGCCATTTATTCAGCGTCATTAACTTGGATGGCGAGTGCAACTCAATTGCCTGACTACACAATAAGAAATGCCTATTTGACAAAAATCCCGTATACAGTATTTGCAGGAGATAAGAAAACAACGAGGGATACTTTTAACTTTACTGATGGATTGGAACAAAGATACGGTGTAGAGGCTATCGGTTCAAGGGAAAAACATTTGTTTGATAAATTGAATAGTATAGGAAATAATGAAAGAATTCTATTACAACAGGCATTTGATGAAATGATGGGACATCAATATGGAAATACGCAGCAAAGAATCAACGAAACAGCTTCATTACTGGATAAAGAATTTACTTATTTAAAACACGACTGGCGAAATCCATCTAAACAAAATAACAAAATTAAAGTATTTGGTATGAGAAATGAGTATAATTCAGATACAGCCGGAATTATTAACTACACAAGCAATGCTTACGGAGTGGCCTATGTTCATGAAGATGAAAAAATTAAAATGGGTAACTCAAGTGGTTGGTATGCAGGAGCTGTAACAAATAGATTCCGATTTAAAGATATTGGACACTCAAAAGAAAATCAGACTATACTTAAAGCTGGAGTATTCAAGACAATGTCGCCGAAAAAGGATCATAATGGAGCATTGCAATGGACAATCGGTGGAGATGTATTTGCGGGAATTAACGATATGAAACGTAGATATTTAGTTGTAAATGAAATCTTCCAGGCTAAATCCGATTATCATTCTTATGGAGCAGGAATTAAGACAGATTTAGGATATGATATAAGAATGGGGGAAAGAACTCATTTACGTCCATATGGAGCTTTAAGAATGGAATATGGGAAATTTAACAACATAAAAGAGGATAGAGGGGAAATAAGACTGGAAGTAAAAGGAAATGACTACTTCTCAGTTAAACCAGAAGTTGGAATGGAATTTAAATATGT
NZ_AP019840.1_gap36	1343693	1348532	4839	GTAATGGGAATTGGTGAGGATGTTACTGAGATAAATAAAAAAATTTTTGAAGATATTGATTATTTGGATATTGATGGGGATTTGATTTTTGATATTCTGAAAGAGATTGAAATTTTTGAGGATGAAATAGAGTTTACAAGGAATAAAATATATGAATATCGGTTTGTGACGCCTTATTTACCATTAAATGAGAAGAATTTTTCTAAATATTTGAAGAGGGAGTATACGTTGGAGCAGGCTATTACAAATAATATTTTAGAAGTATTAAAAGGTTTGGGAATTTGGCTTGAGAAAGAAAATAAAATTTATGTTTCCACAGATTTGCAAATAACTTCGAGAGATTTAAAAAATGTAAATATGATTGCATTTATTGGAACTTTTTATACGAATATAAAATTTCCTGATTACTTTTCGCTTGGAAAAAGAAAAAGTTTGGGTTATGGAACGTTTGTAAAAGTTGAGAAATAAATTTTTATGAAAATGAAACGAAATATACTAATGAAATTTATGGAGATTTAATCTATGAAAATTATAATATCGCCAAGCAAAACTAAAAAAATTAACAATTTGCCAATAAAAGATAGTGGCTCTTTGACTGAAAAAGAGCCTTTTTATCTAGAAATAACAAAGGAAATTATTGAAAAAATAAAAACCTTTTCTGTAGAGGAAATTGAGAAAAAGTTTAAATTAAAAAATGAAAAAGCGCAAAATTTATTAGGATTTTATCAAAATTATGAAAATGAGAAAAGTGGAAATGCTTTGGCAAGTTATACTGGTGTTGCGTATAAGGCTATAAAGATTGAAACGTTTGATAAAAGTGATTTTGAATATTTGGAATCGCATCTGGTTATTTTGTCTGCTTTGTATGGGGTTTTGACGTCTTATACAAATGTGAAGGAATATCGGCTTGATATGACAAATTCAATTTTTGAAAGTAAATCGCTTTATGAGGTTTGGAAAACTAGCGTGAATGAATATTTTGAACACGAAGACATTATTTTAAATCTTGCCTCAAAAGAATATTCTAAACTTATAAACCCTGATAAATTGATTGATTTTGAGTTTTGGGAAGACTCAAATGGGAAATTAAAGCAAGTGAGTACAAACTCGAAGAAAATGAGAGGCTTTACGTTGAATTATATTGTAAAAAATAAGATTAGTGATGTAAAAAAATTAAGGAATATTACTTTAAATGGGTATGTTTGTGATGAGGATATGTCGGATGAGAGAAAATTTGTTTATGTGAAGAAATAATAGATTTTAGAAAGAGGGAATTTTTATTTTCCTCTTTTTTTTGTTAATAGTGATAGAAATTATTGATGAAATATAGTATACTGGATTAAGAAAAATTAGAAGTTATAAAATTGTAGATTTTTAAATTTTGTAAATGGGGAAAAGATGATAAAAATAGATGTAGATAAGAGAAAGTGGGAGAAAATAAAAGAAGAACATTCGGAATGGTACAGTGATAATATTTTACCTAATATTAAAAATGCTTATGAATTTATTGAATCTCAGAAAAGTAAAAGTTATTCAATAAAAAAATATTTAGAATTATTAAAAAAAATAATAGATAAAGGAAAAGATTTTATTATACAAAAAGAATTATTTTTAGATTATGAAAATAAAGAAATTGACAAGATAATTAAAATAATGAAGAAAAAAAATAAAAAAAGTAAAAGTATTTTGGAAATACGTTTTGAAAAATTAAATATATCTGAAGAATATTTACCGAATCAACTTTTTTGTTATAAAAAATTACAAACTGGCAATAAAGATTGGAATAGACATAAATTATTGTCTTTAATAGGAATAGAAATATGTCCATATTGTCAAAGAAATTATATTAGTAGTTATGAAGAAAATAATAGTAAAAAAACAACAGCAGATTTAGATCATTTTTATCCAAAATCATTATATCCATTTTTAGCTTTATCTTTGTATAATTTTATTCCTAGTTGCCAAATTTGTAATAGCAGATTTAAAGGTAATAAAGATGTATGGGGTTCTGTTTATCCATATGAAGAAGGCTTTGATGAATTAGGAGTGAAATTTAGAACTTCAGAAGAAGTCATAGTTGAAATTTTAGGAGAAGGACATTCAGATTTTTCTGTAAAAATTGACTATGAAAATCTTAAAGACGAAAAAAGTAAAGAAAAAATAAAAAAGAGTATTAGAAATTTAGGATTAGATAAAGTATATGAAAAATCGCATAATCAGTATATTCAAAATTTACTATATAATATTGAAAAATATCCAGAGAATTATTTGGAAAATTGTGTAGAAATGTTTGAAAATGATAATGACAAGAAAAAACAGCTTGAAGAATATTTTAAAGATATTGTGAAAGAGTCATATAGAAAAAGAATAGAAAATGGAGAGCCTTTGGCGAAATTGACTAAAGATATTTTAGAGGAATTTAATATAAAAATTTAAGGAGAAAATAAAATGTTTCCGATATGTATGTAGAAGATTATAAAGGATTGAAAGATTTTGAAATTACTTTTGATAATAATTATGAAGTTAAGTATAATAGAGATAAAGACACGTTATCAATCAATAAAAAATGTGAATCTGCAAATAATAATATAGAAAATTTTTATTCTATTGATAAAACAAAGGGGAATATAGATAGTGTTAATTTGTTGATTGGGAAAAATGGGAGTGGGAAGACAAGTGTTTTAGAAATATTGATTTCAAATCTTTTTGATAATATAAAAAGAAAAACTAATTGTGTGATTTGTTATAAATCTGGCAAGGGTGATGAAACTTTTATTTGTGAAAAACATCTAGAAGTAGTAAAACCTCGATATTATAAAAACTATATAGAAAATACAGGAATGGTAAAATTTTTATTTAAAGAAGCAACTATGAATGTTATTCAAAGAGAAATATTGTCTCAAAAATATGCAAAGTTAAAAACAATTTATTACAAATTGAATATTGGATTAGGAAATGGAAGTAAAGAAAATGTATATAATTATTTAATTAAAATAAATCAAGAGAAAAATAATGACAATTTTGAAAATTCACATCTAACATTAACAATCCCTAATTTATCTGAGGAATTTATATTAGAAGCACAAAAAGTAAGAGAAATAGTAAGAGATTTGGATTTTAATGATAACATTGAAGATTTAGTTAAGTTATACGATACAAATAAAAATGATTTAAAAGATATTATTTTAAATAATTATTTTAATTTTCTTTATTTAGAGCATATATCAGGGAATTTAAATATGGGTAATGAAAAAATTTTTTCAAAGAAAGAATTAAAAGAAAAGAAAAATAAAGTATTGAAATTGTTAAATAATAAATCTTCTTCTGAAAAATTTAAACTACTACTAAAAGAAATTGGGAAACTAGAATCTTACGGATATATATTTTATAACTATGACGAAAAAGAGTATGAAATTATTGAAAAAATGTCTATTTTTTTGGAGAAAATACCAAAAGAAGAAATGGTTGTTTCAAATTCTAAAATTATTAAAAAATTTAGAATTAACTGCAAAGATAAAAATAAAGAAATTATAGAGTTACTAAAAAAATACGATTTATTTCATATTCTTGATACAGAAAAAAAAGGAAAAGATTCTATTAATTACTTGTCACTTAAGAATTTAGAGTTTATAAAAATAGAAGAGGAAGGATTAAGTGATGGAGAAAGAATAAAATTACAATATTTTTCAACCCTACATGGAGTTTTAAATGGTGAATTTAAAGATAGAGAATATATTACACTTTTATTTGATGAAGTAGAAAGTTTTTTACATCCTGAATGGAGCAGAAGATTTCTATATGAATTAATAGAAGAATTAGAAAGGTATGAAGATAAAAAGTTTAAATTGATATTTGCAACACACAGTCCTTTTTTAATAGCAGATGTTTTGGCAAAAGATTGTATTTATTTGAGTAAAGATAAAGAAGGTAAAATTAAGGCTGAGATTAAAGAGGATTTGAAAACTTTTGGGGCTAATATTATTGATTTGTTTAAGAATACTATGTTTTTAGAATCGACTTTTGGGAAATTTGCTACTGAAAAGATTAAAGGAGTGGTAGATAAAATAGAAAAAGCTGAAAAGTATTCAGATATAAAACATAAGGTTGATTTTATAATAGATGAAATTGGAGAAAAGTTAATTTCTAATAAGTTAAAATCAATGATTGAATCAAAGTTTGAAAATAAAGATGAAGAATATTACAGAAAAAAAATAGAAGAATATCAAGAAAAACTAAAGAAATTGGGGAATAAAGAGAATGACAAGAATTCTTAAGAACAAAAATAGAAATTAATAATAAATTTACACCTTCCATCGTAATAGTAATTCTCTAAAAGGAAGGTGTTTTATAGTTATTAAAATTTATTAATTCAAAAATTTCCCTTTCACAAATCCCCAAATCTTAACCAACGCCAACAAAATCGTAAGCAATACAATAATCGAAGGGCCTGACGGAATATTTAGCGTGTAGGAAAAATACAGTCCTGAGAGTATTCCGATGAATGAGAAAATTATGGATAAAATTATGATTGTTGAGTATCTTCTTGCGAGTGAAGCTGCGATTGCCTGTGGGATTGTCAGGATTGAGATTATTAGGATGATTCCTATTGTCTTTATGTTTATTATTATGACGGAGGATATTAGGATTATCATAAAGTAGTTTATGAAGGTTACTGGGACGCTGTGGATTTTGTAGAAGTTTTCATCAAAGCTGGTGTAGACGATGCTTTTGTAGAAGATGATGAAAAATGTGATTGTGATTATGTCCAGTATTAGCAGTAAAATTATGTTTAGGGTGTTGGATAAAAGGATATTTCCAAATAAATAAGTTGACATATCG
NZ_AP019840.1_gap37	1351074	1353606	2532	AGCAAATTTGCAAATCATTCGCAAAATATAATTTATTATATATAAAAAAATGTAGTTTGTCAAATGAATTTAATAATTTTTTGTTGTATTGCTTTTTATTTGTGTAAAAGAGTTTTTAAAATTAATTTATTTTGACGTAAAGAAGTGATGTTGTTGAATTGTAGCACAAATTATGGTAATATATTAAATAAATAAATGTGTGGATTAGAATTTAGGAGGAAAAATAGATGTATAGAGTATTAGTTGGGGAATATATTGATGATGAAGCGATTGCAGGGCTGCAGGAAGCTAGGGATGTGAAAGTGGATGTGAAAGTCGGGATTTCACGTGAGGAGATTTTGGATATAATTGGCGAATATGATGCTTTGATTGTGAGAAGCGTTATAAAGGTGGATAAGGAACTGCTGGATAAGGCTAAAAATCTGAAAATAGTCGGGCGTGCGGGAAATGGTACAGATAATATCAATATTCCAGAAGCGACTGCACATGGGGTGATTGTGGCAAATACTCCTGACAGCAATACAGTTTCGGCTTGTGAAATTGCAATTGGGCTGATGATTGCGTCTGCGAGAAATATTGTTGCGGCGAATAATTTTATAAAAAGTGGAAAATGGGAAAGAGAAATTTTTGTAGGAAACGAATTGTTTGAAAAAACATTAGGAATTATCGGACTTGGAAGAATTGGTGGACTGGTTGCTACGAGAATGAAGGCGTTTGGGATGAAACTTGTTGCTTATGATCCGTATATTTCAGATGAGCGTTTTAAAAGATATAGTTGTGAAAAGGCTAAAACATTGGATGAATTGATGGAAAAAGCGGATGTGATAACTATTCATACGCCTAAGACTAAAGAAACTGTGGATATGATAAATGCTGAAAATCTTCATAAGCTAAAAGATGGCGTAAGGCTTGTAAATGCTGCACGTGGTGGGCTATTTAACGAAGAGGCTGTGGCTGAAGGATTAAGAAGTGGTAAAATTACGAGTTTTGGATACGATGTTCACACGGTTGAGCCACGTTCTGAATGTATTCTTTATGAATTTGAAAATGCAATTACAACTCCGCATATTGGGGCGACAACTTATGAAGCGCAGCGAAATGTGGGAACTCAGGTTGTGAAGCAGGTATTAAATGGACTTCGTGGGGAAATAGTTGAAACGGCTGTAAATTTGCCTGCGATTGGAAGGGAAGAATTTTTAATTGTAAAACCATTTATAAATTTAGCAGAAAAATTAGGAAAAATTTATTTCCAAATTGAAAAAACTCCAATTACAAATGTTGTGCTTAATTATTATGGAGAAATTGCCGAGCAGGAAACTGCGCTTGTGGATTCTACAGCAATAAAAGGGATTCTGGAGCCAGTTTTAAAAGAGGAAGTTAATTATATTAACTCAAAGCCGCTTGCTGAAAAAAGAGGGATTAATATTTCAATAAATAAAAAGGAACATAAATATAAAAATTATTCTTCAGCAATAGAATTTGTAATAACAAATGAAGAAGGCAAGAAAATATATGTTGTCGGAACAATTGGAATGAACAACGAGGAAAGAATTATCAGCATAAAGAATCACGATGTGGATATGGCGATTTCTGACAATATGATTTATTTAGGAAACGATGATGTGCCAGGAGTTATCGGAGCTGTGGGGGCAACTCTTGGAAAAGAAAATATAAATATTGCCACAATGAATGTAGGTAGACGTGAAAACAGTGCAATTATGCTACTTACAGTAGACAGTGAAGTTGGAAGAAGATCATTGAAGGAACTTAGAGGACTGAGTCAGATAAAATGGGCTTATTATTTGGATTTGACAATATAACATTTTGTGAAAGAAAATGAAAGATTATAAATTGGTATATTTTTTATTGGTATTTTGCTGGATTTTTAGATTAAGTCTTGCGACATGGTTCTTCTTGTAGAAATTATTATGATAAAATGAAAGGAATAGATATGGGTTTAAAATTTAAAGTAAAAGTGCCGGGAACATCGGCTAATATTGGTGTGGGGTATGACTGTTTGGGAGTTGCATTGGATTATTTTTTGGAACTTGAAGTGGAGGAAAGTGATAAAATTGAATTTTTGGAAAATGGGGAGCCGTTTTCGATTCCGATTGAAGAAAATTTAATTTTTGAAGCGATAAAATATACGGAAAAGCATTTGGTAAAAAATATTCCGAGCTATAAGGTAAATATTGTGAAAAATGATATTCCAATTTCACGTGGGCTTGGAAGCAGCTCATCGGCAATCGTTGCTGGGATTCTGATTGCAAACAAATTTGCTGGAGATGTGCTGGATATTAACGAAGTTGCAAAACTTGCTGTGGAAATGGAAGGACATCCTGATAATGTGGTACCCGCAATCTTTGGTGGAATGGTGCTTACTGCACATGATAAGGAAAACCTTGTATACAGTTCATTAATAAACTCTGATGACTTATGTTTCTACGTAATGATTCCAGATTTTAAATTATCAACAGAAAAAGCAAGAAGCGTTCTGCCAAAAATGTACTTGGTTTCTGATGCAATAAACAA
NZ_AP019840.1_gap38	1358887	1362130	3243	ATCAATGTTTCTGATATAATCAAAAAATTCTTTATGGAAGGAAAACTGCTTACTGCAAACGCTATTTTATCATTCGAGGAAGCCGAAGAAGTAGCACTTGAATATGAAGTAATCGTAGAAAAGGAAGTAATAGAGGAAATCAGTTATGGTGAAAAATATCAGCTTGAACAGGAAGACACAGCCGATGAACTTGTAACTAGAGCACCAGTTATTACGATAATGGGACACGTCGATCATGGTAAAACTTCATTGCTGGATGCGCTTAGACATACAAACGTAATGAGCGACGAAGCTGGAGGAATTACACAAAAAATCGGGGCTTACCAAGTAAACTGGAAAGGACAGAGAATTACATTTATTGATACTCCAGGGCATGAGGCGTTTACTGAAATGAGGGCAAGAGGTGCGAATATTACTGATATTTCGATTCTGATTGTAGCAGCTGATGACGGGGTAAAACCTCAGACTGTGGAAGCAATTTCGCATGCTAAAGAGGCTGGTGTGCCAATAATTGTTGCAATTAACAAAATTGACAAGCCGGGTGCGGATCCTATGAAAGTTAGAACTGAATTGACTGAATATGGTCTGATGTCACCTGAATGGGGAGGAACTACTGAATTTGTTGAAATTTCTGCAAAACAGAAAATTAATCTGGAAGAGCTTCTTGAAACAATATTAATTACAGCGGAACTTCAAGAATTGAAGGCTAATCCAAACAAACGTCCAAAAGCGGTTGTTGTGGAATCAAGACTGGATCCGAAAATGGGAGCAGTTGCTGATGTGCTTGTGCAGGAAGGAACGCTTAAAATAGGAGATGTGTTTGTAGCAGGGGAATCTCATGGGAGAGTCCGTTCAATGCTTGATGACAGAGGTAAAAAGATAAGCAAGGCTATCGTTTCACAGCCAGTTGAAATTATAGGATTTAATGTCGTGCCGAATGCAGGGGATATTTTGTACGGCGTAGAAAGCGATAAACAGGCTAAGAAAATTGTTGAGGACTTTATCAGGGAAAGAAAAGTAAATGAGCAGAACAAGAAAAAACATATTTCACTGGAAAGTTTATCTCAAGAGCTGGAAGAGCAGGAATTAAAAGAATTGAAATGCATCATAAGGGCCGATTCAAGAGGTTCTGTTGAGGCGCTTAGGGAATCGCTTGAAAAACTTAATACTGAAAAAGTTGTGATTAATGTAATTCAGGGAAGTGCAGGAGCTGTAACGGAAGGGGACGTAAAACTTGCAGAAGCATCGAATGCAATTATAATCGCATTTAACGTGCGTCCAACGACACCAGCCAGAATCATTGCTGAAAAAACGGGAGTGGAAATTAGAAACTATAACGTGATCTACCACGCAACTGAGGAAATCGAAAAAGCGATGAAAGGAATGCTTGATCCAGAATACAAGGAAGTTTACTACGGAAGAATCGAAGTTAAGCAAGTATTCAAGGTATCAAACGTTGGGAATGTCGCTGGAGCTAGCGTTGTTGACGGAAAAGTTACAAAAGACTCGAAAATTCGTGTGATTCGTGATGGAATTATTATTTTTAACGGTGAATTAGGTTCATTGAAACGATTTAAGGATGATGTTAAGGAAGTTGTAACGGGACAGGAATGTGGAATTGGTATTCAGGACTTTAATGATATTAAAGCCGGGGATATCATTGAATCATACATTATGGAAGAAATCCCAAGATAACAGATAGATAGGTGATAATTGTATGAATGACAGAAGAAAAAGAGGACTGGAGAAGGAAATATCAAGAATTATCGGAATGACGCTTTTGACAGATATAAAAAATGATAAAATAAAAAATCTTGTGTCAATTCACAAGGTTGAGCTGACAAAAGATGGGCGATACCTTGATTTAACCTTCTCGGTATTGGATTTGAAAGATAATATAAACAAGGAAAAAATCGCTGAAGATTTGAATAAATTAAAAGGTTTTTTTAGAAAAAAAATTGGTTCACAGCTGTCGATAAGATTTGTTCCAGAAGTAAGGATTCATCTGGATGACAGCGTTGAATATGGTGTGAAAATTGCTTCGATATTGAATGAAATAAAAAAGGAAAACGACAATATCGAATAACAGAAATACTGGGCTGTTTTGAAAATTATAAAAGTAAATTGAATTTTGAGGCAGTCCTGCAACTATACAAAAAAGGAAGCGATTAATCTTGTAATGAAATGGGAATTAAAAAGCTATAATGAAGATTATTTGACATCAAAAAGTTCTGAATTTGGTGAAAGCAGGTTAATTTCAAGATTGCTTTTAAATCGGGAAATTAATACGAAGGAAAAAGTTTCTAAATTTTTAAATTCAGACAAGGGGGACATACATAATCCATTTTTGTTTGAAAATATGGAAAAAGTCGTAGAAAGAATAAAAAAAGCTGGAAGAAATAAGGAAAAAATTGTAATTTATGGAGATTATGACGTTGACGGTATTTCCGGAGTGGCATATCTGGTAATAATGCTTCGAAAATTGGGGCTTAATGTCGATTATTACATTCCAAATCGTGTTCACGAGGGAATAGGTATAAATAAAAATCTTTTGAATTTTCTGAAAAAACGGGATGCAAAATTGTTTATAACAGTTGATATTTCAATAAATAACCGTGAAGAGATATTAATGTTAAAAAATAGTGGCATTGACATAATTATAACGGATCATCATAGACAGATTGGGGTGCTGGAGGATAAGGAGCAGGAAAAAGAATTAGGCATTCTTACAATAAATCCAAAGACTAGTGAGACTTATCCTAATAAATCCCTGTCAGGCTCAGGAGTTGCCTTTAAACTCGCTGATGCTGTCTATGAAAGATATGGTGTAAATAAAAAAATACTGTATGATTATATGGATATTATAATGATTGGGACAGTTGCAGATGTTGTGCCAATGACGGATGAAAACAGGTTTATCATAAAGAAAGGGTTAAATAACCTAAAAAAAACCAAAATAAAAGGTTTGAAGTATATTATTAACTACTTGAAGATAAATCCTAGAAATATAACAACCAGTGATATTGGATTTTTCATTGCACCAATTTTTAATGCACTTGGAAGAATTGATAATTCAAAAATCGTCGTAAATTTCTTTATTCAGGAAGATGACTTTAAACTTTTCTCGATAATTGAAGAAATGAAACGAGCCAATAAAATCAGGCGTTATCTGGAAAATGAGATTTATAACGAACTGGAAGAAAAAATACAGCGACTAGAACGTCCAAAATATATTTTTATGAA
NZ_AP019840.1_gap39	1436648	1438105	1457	ATAGCCATAGGAAATGTACCTTTTGGAGATTTTAAAGTTATAGACAGAGATTATAATAAAAATAATTTTATGATACACGACTATTTTTTTGCTAAATCTATTGATAAAGTAAAAAGTGGCGGTATTATTGCTTTTGTAACATCTTCAGGAACATTGGATAAAAAAGATGCTTCTGTAAGAAAATATATTGGTGAAAGAACTGAATTTCTCGGAGCAATAAGACTTCCTAACAATATTTTTAAGGGGATTGCAGGAACAGAAGTAACTTCAGATATAATTTTTTTAAAAAAAAGAACTGAATTAAAACAGGAAAATCAGGATTGGTATGAGTTATCAAAAGATAAAAATGGTTTAACATACAATAAATATTTTGTAGATAATCCACAAATGGTAATAGGAAAAATGAAAGAAATCTCAGGAAGATTTGGAAAATCTGCAGTCTGTATTTCTGATAATGATAATAACCTCGAAATAAGTTTAGATAATGCTATTCAAAATATTAAAGGGAGTTATGAGAAAACTGTAGTAGAAAATGAAACAATACTTAATGAAATTGAAAATATTGAGAGAAATTTTTCCTTTGTAAAAAGAGAGAATGAAGTATTTTTTAAAGAAAATGACGAATTAATTTTAAAAAATTTTTCTGAAAAAGATAAAAATAGAGTTTTAAAATACATCGACTTATCTAAGAAATTAAGAGATGTTATTCAGGTTCAAAAAGAAAACTGTACAGATGAAGAATTAAAGCAAAGACAAGCAATTTTGGATAAGGTTTATAATGATTTTGCTGAAAAGTTTGGTTATTTGAATAGTAAACAGAATGCTAAAATTTTAGGAAAGGATTCGACTTATCCGCTATTAGCTTCAGTAGAATTGCTAGATGAAGAGAAAAATTTTGTTGGAAAAAGTGATATTTTTTCCAAAAGAACAATCAAATATTCAAAGCCAATTGAAAAAGTTGATAAACCTGAAGAAGCCTTGATTTTATCAATTTCACAAAAAGGAAAAGTGGACTTTGAATATATGAAAAAATTATCAAATATTTCTGAAAAAGAATTAAAAAAATATTTAAAAGGACAAATATTTTATGATTTAAAAAAATTTGAATATGTGCCACAAGATGAATATTTAAGTGGAAATATACGAGAAAAAATTGAATTAGTTGACAAATTTTTAAACAATAAAGAACAAAATATAGAATATTCCTTGAAATTAGACATTGGTACTGATGAATTGAAGTATCAAAAAGAAAAATTGCTGGAAGTAATGCCTAAAAAAATAGAAGCAAGTGAGATAAATATAAGAATTGGAGCAACTTGGATATCATCAAAACATATAGAAAAATTTATAGCTGAAACTTTGCAAACAAGTCTTTGGGTTATGGATATGAAAGTAGAATACTCGGATTTTACGTCAGAATGGAATATAAGTAATAAAAATAGGGATAAAAGTAATCC
NZ_AP019840.1_gap40	1494158	1495461	1303	TATTTTGGGAAGTATACCAAATGCACTTTGGATAGGAAAAGTATTTAAAGGGATAGATATTCGTGAGCATGGGAGCAGAAATACAGGCTCTACAAATGCTGCTCGTGTTTTAGGAGTAAAATTAGGTATTTTGACATTAATTCTAGATATTTCCAAAGGATTAGTTCCGACGTTGATAGCAATTTTATTAAAAGTTGATTTTTTTGAAAATTTGACAAAAATTTCAAACCTTGATTATGTATTAGTTGGAATTTGTGCAATTTTTGGACATGTGTTTTCTATTTTTATGAATTTTAAAGGTGGAAAGGCTGTTGCGACAACGCTTGGAGTATTTTTAATTTTAGTGCCAAAAGCCATATTGTTTGCTGCAATTGTGTTTTTTGTGATTTTTGCTATTTCGAAATATGTTTCGCTGTCTTCGATTTTGGCGGCTATATCACTTCCAATTTTTATATATTTTTTGTATCAGCAGATAATATATGTTATTCTAGGAATTTTAATAGCAATTTTGATTGTAGTAAAACATAAAAGCAATATTGGAAGATTAAAAAATGGAACAGAATCTAAATTTAATTTAAAGAATAAAAAATAAAAAAGAGATAAAAGTAGAAAGGAAGGGATAACGATGAAGAATGTATTGGTTATCGGTGGCGGAAGCTGGGGAACCTGTCTTTCAAAACTGTTAATAGAAAATGGACACAAAGTCTATTTGTGGGAGCATAATGAAGAAGTAAGAAAAGTTATTCGTGATACAAAGGAAAATCCGCAATTTTTGCCAAATATAAAATTACCTGACAATCTTAATGTGGTGGATGATTATGGAGAAGTGCTTGAAAATATTGAAAAATATGGGAAAATTGACATTCTGTTATTGGCAACTCCAACACAATTTTTAAGAATGATTTTAAAAAGATTGAAAAATTTCTTAAATTATAATATAATACTGGTAAATGTTGCAAAAGGTTTAGAAATTGCTACAAAGAAAAGAATCTCTGAAATAGTAGAAGAAGAGCTTGAAAACAAACAATATAGCTATGTTCTGCTGGCGGGGCCGACACATGCTGAAGAAGTGGCACAAAAGCTGCCATCTGCCATACTTTCCGTATCTGAAGTTGAACAAGCTGCAAAAACTGTACAAGCTACATTTAGCAACCTTTATTTTAGAGTTTACACAGGAACAGATCTGATGGGAGCCGAACTTGCGGGAGCATTAAAAAACTGTCTTGCAATCGCAGCGGGAATTGCTGATGGAATGGGTTATGGAGATAACACGAAGGCTGCTCTTATAACTCGTGGAATTAAC
NZ_AP019840.1_gap41	1522105	1525824	3719	CTGAATCAAGACTGGTTTGGGTCGAACTGCCTGTCTGGAGGCTAAAGGATGGGAAAAAGGTTTCTGACACAGAGAAAATTCAAGTTTTGGATGTTCTGGCTGATGAGGTAAAGGAGATTTTTCACGAGATACATAAAGGAAAGGAAAAATTTCCAATAAAAAGGTTAATTGGATATTCTTGGCGTGGGAACTTAAAAAGTTTGCACAGTACAGGCCGAGCAATAGATTTAAATCCTGAAGAAAATCCGCAGGTAAATAGTAACGGGAAGGCTATTGTCGGAAAAAGCTGGGAACCAAACAGTAATCCATATTCTATAAAACCTGACGGAGATGTAGTGAGAGCCTTTACAAAAAGAGGATGGGTTTGGGGAGCAAACTTTAGAACACGAGATTATATGCACTTTGGCTTTGATGAAATGTAAAAGTTAAAAAGAAAAATAAAAGAGGCGATAAAAATGTTGTTGGGCGGAAATGAAACTACAAGAAAAATTGACAGTTTTGCGATAAATGAATTAAAAATACCGGGCATTGTGCTTATGGAAAATGCCGCAATTTCGTTTGTGAAACATATTGATGAAAATGAGGATAATTTTCTTATTATTTGTGGTAAGGGCAATAATGGTGGAGATGGTTATGCGATTGCACGCCAATTATTTTCAAAGAGGAAAAATGTCAAAATTTTTTGTATCAGTAACGAGAATATGAGTAATGATTGTAGTATAAATTATGAAATTTGTAAAAATATGGGGATTGAGATATTTTATGAAATAGAAGAATTGAATAAGTTGCTTTTGGAATGTGAAGTTGTCATTGAAGGGATTTTTGGAACAGGATTAAATTCTGAAATAAAGGGGATTTATCGTGAAATTATTGAAAAAATTAATGCAGTGAGTAATAATAAAAAAATTTATTCAATTGACATTCCCTCTGGAATTAATGGTGATACTGGAGAAATTATGGGAATTTCAATCAAAGCCAATGTTACAATTTCATTTGTCACTTACAAAAAAGGATTTTTAAATTCGAAAATAAAAAATTACTTAGGAAAAGTCATTATTGAAAATATTGGATTGAATGAAAATAATATCAATCATTTAATTAATGAATATTATTTGACACCTAAAATGATAAAAAGTTTTCATATAGAACGAAATGAAGATTCTCATAAGGGAGATTTTGGGAAAGTACTCATTTTTGCTGGAAGCAGTGGATTTTATGGTGCAGGGAATATTGTTGCAAAATCTTGTGTGAGAAGTGGAGCGGGGCTTACAACTGTGATTACTGATAAAAATAACTTCTCATTAAATGTATTCGTGCCAGAAGCTATGAGTTTTCCAATTAATTTTAATAATATAAACGAAAACTTTGAAAAATTACAAAATGAAATCTTGAACAGCGATGTAATTGCAATTGGGCCAGGAATTGGGAAAAATCAGCAAGCATTGGAAATTTTTGAAAAACTGATTAACATTGAGAAAAATAATAAAGGAAATATGATAAAACTTGTACTGGATGCGGATGCTTTGAATTTATTAGCTGAAAATAGAGAACTTTTTGGGAATATAAAAAATAGAGCTATTTTAACACCACATTTAGTTGAATTTTCACGGCTTACAGGATTTTTACCAGACGAAATTAATAAAAATAAACTTGAAGTAACAAAAAACTTTGCAAAAAAATATGAATTAACTTTGTTGTTAAAAGGTAAAAATACGATTATTACGAATGGAGAAATACTTTTTGTAAACAGTACAGGAAATTCTCATATGGCAAATGGCGGAATGGGAGATTGCCTAACAGGAATAATTTGTTCACTTGCTGGACAGAAATACGATTTGATACAGTCTGCCAGCATTGGAGCATATCTGCATGGTAAAATTGCAGATGAATTGGTGAAAAGTCAATATATTGTAAATGCGACAGATATAATTGATAATATTTCTAAGTATATAAATAAAATTTTTTAAGTTAATCTCAAAATATTAAAAAAATATTTGAAAAAACAAAGAAAATGTAGTACAATAACATTATGAGTAATTTCACAATAAAAATTAATTTAATTTCAAGAAAGGAGTAAAAATGGCAATATTTTCTAGCAATAAACCAAAAGAAAAAAGAGAAACAACTGATCTTAGCAAGCAATTTTCTGCAAACAATGAGGAAAATGTGCATGGTGTCAGTACAATTTCAATGGAAACAACAATAACAGGAACTATCGAATCAAATTCTTTATTCAAGATGGACGGTGTCCTAAATGGAGATATTAAAGGGAACAAACTTGTTCATATTGGAAAAACAGGAATGGTAAAAGGTAATGTTACAGCTGAAAATGTAATTGTAGACGGAGAAGTATCAGGAGAAATTGCAGCCACTAAAGTTGAAATAGGAAGCACTGGAAAAGCTTACGCTACAATAACTTCGGCTTTATTTGTAATTCAGGAAGGTGGTGTATTTGAAGGAAGAAAGAAAATGAAAGTTGCTCTTATAAAGGAAGAATCTAAAAATACATCAAATTCATCGTCAGTAGAAAAAAATGAAAAAAAAGCTGCTGAAGAAGTAACAAAAGCAAAAAATGAAAAATAAAAAATTAAAAACAATTGAACAAAAAATCATAGTCATTGGCTCAAAATAGATTTACGAGTTTGTGGCTATTTTTTTATCAGTTTTTATTTTTTATTCCTGAAATTATTTAATTTTATCTGTTTAATATCAAAAAGGTTGAGTATAAATTGAAATTATGATAAAATCTAATATGTAAATTGATTAAATAAAAAAGGAACGAGATTTAATAATGAAATTTATTACAGAAAATTTATCCGAAATAGAGGATATTGTAAAATATAATAGTGATTTGGAATTTACTGATTATGATAAAAATCTTAAAGAAATAAAACAGAATAAAAATATTGTGATTTTGGGGAATTTTGACGGTATTCACATTGGACATCAGATTATTTTGCAAAAAGCTGTGAAGGAAGCTAAAGAAAAAAATTTTAAGACGATAGTTTATACTTTTAGCGAATATCCTAAAAATCAGCAGACTAAAATAACGACTTGTTCAGAAAAAGCGTATTTATTAAATGAAAATGGAATTGACTATCTCTATTTGGAACAGTTTGAGAAAGTTAGGAATTATTCGGTTGAAGAATTTGTAGAAAAAATAATTGTGAATATTTTAAATGCAAACGAAGTTTACTGCGGTTTCAATTTTACATTTGGAAAAGGCAAATCCGGAAATGCTGAAACACTTGAAAAATTGTTAAGAGAAAAAAATATAAAGTTAAATGTTCAGAAAGCTGTATTAGATGAAAATAGAGAAATTATAAGTAGCACAAGAGTTAGGAATTGTATCAGGGAAGGAAACTTTGAGAAAGTTAGGAAACTTTTAGGGCATAATTTTATTATTCTTGGGGAAGTTGTTTACGGAAAGCAGCTTGGACGTATGATAGGTTTTCCTACAGCAAATTTACGATTTGAAAATAAAATTTATCCTGAATTTGGAGTTTATGGAGTAAAAATCCGTATTCAAGGTGATGAGAAAATTTATAACGGAGTTATGAATATTGGACGAAACCCTACAGTTGATACAGGAATATTGAGTGTTGAAACTAATATTTTTGACTTTAATGAGGATATTTATGGGAAGGTTGTCTTGATTGAAGTTCTGGAAAATATTCGGCACGAAAAAAAATTTGGATCAGTGGATGAGTTGAAAGAGC
NZ_AP019840.1_gap42	1543585	1547221	3636	CACAGCCTTTGTCTTTGCCCTCCAGACACATTCGCTCCGCCACGTTCAATGCGAGTATCGTATTTTTTAGGAAATTTCTGAATAAATTCATCAGCTTGTGCCAATTTGCAGGTGTGTTCCATTTCCTCATCAGTCGCATTCTCATTTCCCCAACGTAAATTATCCTTTATACTTCCTGAAAACAGCACATTTTTTTGAAGAACCATCGCCACATTATCCCGAAGCGTCTTTATATCATAATCCTTTACATTTACTCCGCCAACTAGAAGTTCCCCATCTAGAACATCATACAATCTTGGAATTAACTGAACAAGAGCTGATTTTGCACTTCCAGTTCCCCCGATAATTCCAATAGTTTCTCCAGACTTTATTTCCAGATTTATTTTTGTCAAATTCAGCACCTCAGGATTATTGCTGTAACTGAAATTAACGTTTTTAAACACGATTGAACCATCTTTTACCTCTGTTATCCCATTTTCAGGATTTTTAATGCTTGACTCCTCATCTAGAACCATCACAATTCTATCTCCAGACGCTCTTGAAAACACAATATTTACAAGCATCATCGCAAGCATAAGAAGACTCATAAGAATATTGGTTGTATAAGCAAAAAGACTTGTAAGCTGCCCAGTTGTCAGCTCATTTACAACAATCATCTTTGCTCCAAACCATGAAAGCAGCATAATACATCCAAATACTGTTATCTGCATTACAGGAGATACGAATATTATAATATTTTCTCCTTTTAACAGCATGCTTCTCAAACTTTCAGTAGCCTTCTTGAATTTACTAGTTTCATATTTTTCACGAATATACGCTTTTACAACACGGATCCCGTTTATATTTTCCTGAAGGCTGGAATTTATGTCATCATACTTTCTTATTGCAGCTGTAAAAATTGGATGTACCTTAAAAATAATAAAGGCTAAAAAGCTTCCTAAAAATATGACTGCAATAATAAATATCATTGACAGTTTCGGACTTATCATAAACGACATAAATATCGCAACACACATCATAAGAGGAGCCCTTACAAATCCTCTAATTAAAAGCTGAAACGAATTTTGAATATTATTTACGTCTGTCGTAAATCTTGTAATCAGTCCAGCTGTAGAAAATTTGTCAATATTTGTAAATGAAAAAGACTGTATCTTAGAAAATAAATCTTTTCTCAAATTTTTAGCAAATCCAGCTGAAGCATAAGAAGCATATTTACTGGCCTGTATTCCACATAACAACGACAACATCGCCACGCCAAATGTTGCAAGCCCCATTACAACAATAAATTTCATATCTCCCTTTCCGTTATTTCCATTAAGCCCATCATCTATAATCACAGCCATAAGTGTTGGAATGAGCATTTCAAAAATAACTTCTGTTCCAATAAACAGCGGTGAAATTAATGCACTTTTTTTATACTCGCCAAGACGGGAAAATAATTTTTTTAACATATAAATAAACACCTCTTCCTTTCTTTATTTTTAATTTTATTTGGTATTAATATAAATTTAAAAGCACGAAACTTATCGGAAAAATAAAAACTCATTTTCATTAATAAATTTCAGTGCTTTTTATTTGTTATTAAATTTAAATAAATTACTTAAATAAAATTACTTAGATATCCAAATGTTCCATAAAATATCTTATCTGCAATCTCCACCAGTCCCAGTCATGAGCTACATCGTAACCCCAAAAATCTACCCATGCCGGAACTTCTTTTTCATAAAGTATATGAGCCAGTTCCCTGTTACTTGGCAACAATTCCTCTTCCCATGCACCTTGTCCGATACATACAATAATGTTTCTATTTCTGTATATATCTAAATAAGGATGATTCCACGGCATATTTCTCAAAAAATCAATAACAGAATTATTGTAAACCAAATCATCTTTGTAATCTCCAAAGAACATCGAAGCGTCAAACATTCCACTTAGTGAAATCAATGTTTCAAATAGTTCGGGCCTCCGGAAGAACAAAATCCCTGCGTGTGCTCCTCCCATACTACACCCTGTAACAATAATGTCACTTCTCCAAGAAATATCCTGTATTATAGGTACAAATTCATTTGCGATAAAATTATACCATTTTTCCTGCATTTCTATTCTGTATCTTGGATTTCCCTGAAGATCAGACCAGCTTTCCTTGTCGATACTTCCTACACAAAATAATTGCAGTTTTCCTTGCTCAATGTAGTCTGATAGCACGTCCACCATTCCAAACTCTTCATATTGGTTAAAATCTCCGTCTTGTGAAGGAAATACTAAAACTGGCTTTCCAGCGTGTCCATATCTTTTATATTCCATTTCCCGTCCAAGATGATGGCTATATTGTTTTTTATATTCTATTTGCATTCTTTCTCCTTGTGATTTTATTTATTTTTATTCTTCCACTTTTTTATGTACGAAATCTATAAATTCTTCCATTTCCTCTTTTGTTGTAAATTTTGCTGTGTACATATAATTTCCCATTGCTTCTGCAAAAATATCCGGCATTCTTTCGTCCATCACAATTGCATTTCCATATTTCTGCTTAATTTCATCATGTGAATGAATATAATTTTTGTTATCACGACGACTGGCATAAACACAGTAATTTTTTTCTATATCTTCATTTAATTCAGCCTTTTCGATTTTGTCAAAGGCAACCATATCAGCCCAGATTTGATAAACATCAGTATTATTGGCATAATTATACATATCAGGAGTATATCCACCCGCAGGACGCATATTTGCTTCCAGTCCCACATATTCCCCTTTTTTACCAAGTCCTTTTTTACTTTTATTTAATTTAAAAAATTCGAGATGTATAAATCTGCTTTTTACTCCAAAACCTTTCACAGCTCGTCTTCCTGCATCCAGTAACTTTTCAGGCATTTCCTTTTCTACATAGTAAAACACGTCTAGCCCTTTATTTACAATATCCATAACAGCAGGCTCAACTATCCCTGTTTCAAAAATAGGATTTCCATTGGAATCAATAATCGCATCATAAGACACCAACTCACCGTCAACATATTCTTCCATAATATATTTCACATTTTCATTACGAGTTTCAAAAAACTGCTTCAATTCTTTTTCATTCTTAATTTTATGAGTATCGCTTGCTCCAACTCCATTATCAGGTTTAGTAACTACTGGATACCCAACTTTATCAATAAATTTTTTTGCTTTTGCAAGTGTCGTAACTAATGAAAAATCCATAGCTGGTATTTCTCCCTTTTTATATGCCTTTTTCATTTTCGATTTTTCTTTTATATTTGCAATTTTGTCAGACTTTATCCCAGTTGTAATATTAAAATCTGAACGAAGTCTTGCATCTTGCACAAGCCAGTATTCATTATTTGACTCAAGCCAGTCAATTTTTCCATATTTATGTGTAAAAAAAGCCACCGCCTTTAAAACTTCATCATAATTTTCAAGGCTAGAAACTTTATAGTATTCTGTCAAACAATCCTTTAATTTTTGATCCAATTGATCATATTCTATATCTGCAATTCCTAATACATTTACCCCATTTTGTTTTAATCTATCGCAAAATTCACAGTTAGTTTTTGGAAATTGTGGTGAAATGTAAACAAAATTCATAATATCTCATCTCCTTCTACTGTTAAATTGGTTTAATATCACTATTGTTGT
NZ_AP019840.1_gap43	1620434	1623957	3523	TGGGTTGGGAAAATAATTTAAACAATAATGTTCAAACAGATCCGTCTTTTGTAGACACATCAGTCTTAACTCCAGAAGAACTTGCAGAATTTGAAAAAGTTACTGGAGTAAATAAGCAACTATTTTTCAATGATGTTGATGATGAACATGATATGGCCGTATTCAAACGTGCTGTTATAGACATATTAATAAAACAGAGAGAGAATAAAAAATAGGATTTTATGCATAAAACAAATTTTAAAAAGTTGGCAAAAACTTTAATAAAAAAATATGGAACTGATAATCCTTTTAAAATTGCAGAACATCAAGGAATAAAAATTATCTATTCCGATTTTTCATCTTGGCTAGGCTTATACACCTGTATTGGAAATGAAAAAACAATTTTCATAAACATCAAACTTCCCTACTTATCCAAACGAATAGTATGTAGCCACGAATTAGGACACGGACAGCAATCATTTAATGAAGCTGTATCTATATTTACGAAACTGAAAAACTTCTGTCTGGAACAAGCCAAATTGAACATGAAGCAAACGAATTTGCCGCAACTTTAATATTTAACAATAAAGATATTTATAAACTTGATTTAACAGAGTTGGATAAAAAGTTATTAAAAGAATTAGAAAAATATTTATAGAACGGAGAGTGATTTATTAAATGAAAAAATTTTTTGGTTCATCAGGAATTAGTATTTTATGGCTTATAGCAATAGGGTTAATATTCGATAAAGAGTATTCTTCAACTCCATATATTGGATTAACCTTAATAGGATTTTTATTACTTAGAGGTTATCTTGGAATTAAAGCTAGAAAATCTCAAAAAGAATTATTCGAATTAAAAAATAAATATGAAGAAATGCTAAAACCTGATTCTGATGCATTAGAAAAATTAAAAGGCGATCAAAAGGAAGTGTCAGATAGCATTCAAAATTTAGAAGATGATAAACAAAAGATTATTGATGAAATAACTGAATTAAATAATAAATTATCTCCTTTAATCGAACTAGACAATTTAGATATTGCTATTTCTAATTTGAAAACAAAAAATAATAAATTAGCTGAAACTAAAAGAGAATTAAAAATTGAAAAAAATAGATTGATTGAAGAAATAGAACGTAAAAAGAACGAATTAGGCGATTTTAAACGTGATGAACGTAATATATTAGTTCTAGAAAATGTAAAAGATTTACAAGCAGCATTGGAGAAGTTACAGAAAAAAGAAGATAATCAGAAAAAACGGCTAAAAAAAATTAAAGATTACTATGATGCCGTTAAATATGCTATTGATAACTATTTTATTTTTGTTCCTGAGCCATTTAATGTAAAACTGGATAAAGAAAAAGAGATAAATAAAATGATACCTCAAGTAACTTTACATTTACATCATATGGAAGTTAAAGAATTGAACAAAGCATTCAAGGAAAATTACAAACAAATTGATCAAACTTTGAACAAAGTAAGTGATAGATATTCAACTAAAACTAATAAAATGGTTTATGATTTAATGGTTATTGCTTTAAAATCTGAATTACAAAACATTCTATACGATTTAAAATATAATAAACTTGAAAAAGCTATTGAAAATATAAAGGCTGTTACAAATAAATATATCAATATTGCTTCTGAAGGAAACCAAACTATCGCAGGAACAATGGCTCAATTCATTGGTGTACTGGAATATCAATTTATAAATGCTGTTAAAATAGAATATAACTACTATATCAAACAAGAACAGATAAAGCAGGAGCAAATAGCTTTAAGACAAAAATTAAGGGAAGAAGCAGAAGAACGGCGACTATTAAAACTTGAAAAAGAACGTATAGAACGTGAAGAAGAAAAATTTAAACAAGAAATTGAAAGAACACAAGAAATACTTCAAAACTCACAAAACAATGAAGAGATTCAAAACCTAAAAATGAGAATTTTAGAATTACAAGGACAATTATCTAATGTAACAATCAAAAAAGATGAAATCACAAGTCTACAAAATGGAAAAGCTGGAAATATTTACATAATAAGTAACTTAGGCTCTTTTGGGGATAAAATGTTCAAAATCGGTATGACAAGAAGGTTAGATCCACAGGAAAGAGTAAACGAACTAGGAAGTGCTTCCGTTCCTTTCAAATTTGATGTTCACAGCTTTATATTCTCTGAAAATGCAGTAGAATTAGAAAAAACATTACACAAACGATTGAATGACAAAAGAGTAAATAAAGTGAATTTAAGAAAGGAATTTTTTTACAGCACAGTAGATGAATTAGAAGAATTAGTAAACGAATTAGATCCAACAGCAGTCTTCAACAAAACTATGCTTGCTGAAGAATATAACCAAACAACATCGGTTAGTGCTGATGAATATGGAATTGAGGATGAAGATGACTTTGATGATGAAAATGTTTATTAATTTCATACTTTAAGAAAGGATTGAAATAATCTATGTTTAAAATTTATTACTTTGAAAATTATGGTACAAAAGATATTGTTAGTGCTGATGGATTAGATTTTACTAAAAATATTAATGATGCTCTAAACTATATTGTTAATATAAAAAAAGAAAACTATAAAAAGTTGTGTAAAAAAACATAAAAAACCTTTAACGTTAAGTAATTTAGAAATTCTCAAAGAGTTAAATGGTAAAATTTAAAATAATACTTGACAATTTATAAATTATAAAGTACGATAAAGTATATCAATACCTTTGCAGTACTTTAAATAGTACAGGGTTCCGGCCTACGCAAAGGTTTTTTTTATAAGGAGAAAAAAAGAACGGTTAATACCTATGATGGAAAACATCTAACTTTTGAAGAACAGATAGAACTGTTTGAAAAACGAGGAATGAAATTTAGAGAAGGAAAAGAAAAGGCTAAATACAAAATTAAATTTATAAATTATTATAATTAGATATCTATAAATACAGGAGGATATTTTTATGAAACAGGAACACAAAGACTATAAAGTAATAGACATTATTAATAAATTTAATATAATTATTAATTATGGCTCAAATGATGGAGCTTTTGAGGGACAAGAAGTCAGAATTTCTACAATAGGAGATGAAATTTTTGATTTAGATGGAAAATCACTTGGGAATATTGAGATCATAAAAGATGAATTGGAAATTGATAAGGTGTATGAAAATTTCTCTATCTGTAAAAAAATAATCATTAATGAAATTAATCCTTTTCAGCCTATCTCTCTCGTAAAAAAAGAAAGAAAAGCTATAGAACTAAATGTTGAAGAGAAAGACTTTTCAAATATAAAATATTTAGATAAATCTCCTATAAAAAAAGGTGATAGTGTAAAAATTTTAGAATAATGATTGACATTTTTTAAATTTTATATTATACTTAACGCAAGAGATCACTTTGTCCTTGATGTTTCAAGATTATTCTTGATCCTCGGACTAACAAAATCTTGCTAGTATATAGCGAGATTTTTTTTTACAGGAGGATTTTATGGCTTATGACAAACCTTTTTTAACCTATGATCAACAGATAAATAAACTTTTAAATGAACACAATATC
NZ_AP019840.1_gap44	1719036	1721316	2280	TGACAGAAGTGAGAAATTCAGAAATAAGATTTTCAAATGTGATTGATAAGACTGATATTCAGGACTTTGTGAAAAAATATATAAAAAATTTGAAGTAGAAATTATTGAAATTTTAGGAATTAAACTAACTGTAATAAAAAATACTCAGGCAATGGTTATTTTATCCGACTGCTTGAGTATTTATTTTTTATATTTTATATTTTTCTTTATCTTTCAAATTTAACTTCTATTTCTTTTCCTAAAAATGCTACTCCAATTTTTAAAATATTTTCAACTCCTACATTTTTAAGTGCTGAAATATATTCTTTCTCAGTAATTTGCTTCAACGCAATTGCACATTCCTCTTGCAACTTTTCCTGAACTTCATTTTGATTTATACCATTTTTGCATTTATAACTTTAAATTCAAGTATAATTCCCTCTTTCCTCTTCTCAAGATTCTTAGGCTTTAACATTAAATCATAACGTCCTTTTCCTGAAAAATTATTAGACGTTATCTCATATTCATTTTTAAGACTCAAAACCATTCCAAGCATAAGCCCATGATAAAACTGCTCTTTATAATTTCCACTTACATCAAATACTCCAACATTTTCCAATAGTATTTTTCTCAATTCCTTTTTAAATATTTCAATTTCTCCATTTTTTAAAGCGTATGTCATATTAAAAAATATATTATGATTTTCAAAATACACATCAATGAACATTGTTGAAAACATTTTTAATATTTCTTCATTGGGAATTTTCAAATATACTTCCTCATTCTTTACTTCCTCAGCCAATGTTAAATAACCGCTATGAAAAAATAGATTCCATATATTCTCCTCATAATTTAATTCTAAATTTGAAAAAGTCATATTGTCATTTATCCTTTTGGAAATAGCCCCCTTATTCAGAAGTTTAGAAAAATCATCAAAAATTTCATTTCTTAATCTTATTAAATAGACTTTTATTAAATCATTTCCGCTTGTGTTTACCCAGTATGGTTTTAATTTTTTGTGATCCAGAAAACTATTAATTGACCAAGGATTGTAAACTTTTAAATTTCCAAACAAATATCCATTATACCATTTTTGGACATCTTTTAATTCATATTCTAAATTAAAATCTTTTACAGCATTATCAACTTCATCTTCCATAATCCCAAAATATTCTGTAAACCTGTTATCAAGTATTGTATAAACTTGTAAATTATTTAATCCAGAAAATATATTTTCCTTCGCAATACGCAAAATCCCTGTCATAATTCCCATTTCCAAATAATTGTTATCCTTTAGAACGGAACCATAAAAAGACTTGAAAAATTCAATTGCTTCCTCATAATAACCATGTACATAGGAATTAATTATTGGTTGATCATATTCATCAATTAATAAAACCACTTTCTTTCCATATTCCTGATAAAGAAACTTCGTTAATTCCAGCAATGAATTTTCAATATTTGTATTCGTTGTATCAGGCTCTTCCATCCATATTTTTTCAAAAAAACGCTTATTTTTTGGATTCAGTTTTTCACATAATTCATAAAACTCATCATATAAACTGGCAATCAAACTTCGGATGTACTCCATCCCACCTTCCCAGTTACTTTTATTATAATTCTTAAAACTGATAAAAATTACAGGATTTTTCCCCTGTAAATCAAAATATTTACTTTTGGAAATCTTTAAATTTTTAAATAATTTCCTATTTTCATCTTTATTTTTAACATCAAAAAAATATTTTATCATTGACATATTCAATGTTTTCCCGAATCGCCGAGGCCTTGTAAAAAGTTTTACCTCCCCAGCCTCTTCCATAATCTTGCTAATTAATTCCGTCTTATCAAAATAATAGTAATCCCCTTCAATCACTTTTTTAAAATCAGATATTCCGATTGGCAGCTTCTTTCTCATTCCAATTTCCTCCCTTTTTATTTTTTAACCCCTATATTTAAATTATACTGAAATGATAGATAAAATGCAAGTAATTTAAATTTTTATTCTCTAAAATATTTTAAATGCCTATTTTTTTTAATTTTTAAACTATATTTTCAATTTATCCCTATTTGAGCCCAACTTAATCTACATCATCCACATTAACTCTACCCTCAAGCGATCTCCCCAGCGTCGCCATATCCGTATATTCGATATTTCCACCCATTGGAATACCACTTGCAATTTTAGAAATTTTGATATTTTTTTCCTTCAGGAATTTTGTCAGATATAGGCTTGTAGTTTCCCCTTCCAAGTCAGGATTTAAAGCTAATATAACTTCCTTAATATCTCCATTTAACCGATTC
NZ_AP019840.1_gap45	1798978	1802264	3286	TGGTCATTGAATCAATAACATTAATAGCTACTCCTTTTCCAAGCTTTATATTGTTTTTGTTCAAGGGGGTATCCCCTGCCAAAGTAGTATCTACAGCTATTGCCAGGTCAGGAAAAACTTTATGCGCTGTTGTTCTTGCACCCCTAAGTCCCACTTCCTCCTGTACCGTTGCCGCGAGCGTAACCTTATTACCTATATTTTCTTTTTTCAGCATATTCATAAGCCATATTCCTGTCGCTACACTTACACGATTGTCAAAAGCTTTTCCTGCAAGGTATCCTTTTTCATTCAGCTCTATCATTTCTCCATACGGACATATCATATCTCCCACTTTTATTCCCAATTCTTCAATCCGTTTTTTACTGCTGACTCCCATATCAATATACAATTTATCAATTGGTAATACCTTTTCTCTTTCCTTTTCCTTTATTGAATGGACTGCAGGTCCACCAATAACACCATAATATATATTCTTTTTTTCATTTATAACTGCTACCTTCTGATTGAGCAGAACATGCGACCACATATTTCCTACATTCTGAAAATACAGGTACCCCTGTTCATCTATTTCCCTTACGACAAATCCTACTTCATCCATATGAGTGGCTATCATTATGGAAATCCCATCTCCTTCCTTTGTAAAAAGGCAGGAACCAAGGCCATCCTGAGAACATGGAAAATTTATATGCTTTTTCAATATATTGACAATATCTTCTTCAAATCCTGAAATTGCATAAGTTTCTGTCAGCTCCTTCAAAACTTCCCATTCTATATAAAAATTCATTTTTCTCACCCTTTAAATCCGAATTTTTCTATTTTTTCAGCAGTCAGTCCCTTGATAAACTCTATGATTACATCACTAAGATTATTTATGTGCTTTACTTTTAACGAATTTAAAAGAGCCTGTTTATGTTTTAAAGGCAGTACAAGTACAACTGTCGGAGTTCCCTCCAATGATTTATGGATAAAAGAACCGTCTGTTGCTTCCAGTTGAACATGCCCTTCAGGAATATATCCTTTTTTCTGTGCAGCTTCATAAAATTCCTGTTTTAACATTTGATTTGGAAGCATTGACTTATCAAAACTACGAATATATATGGCATTTTCTTTGGGTTCTTTTACATATGCTGCATCAATGACAATTGCTATATCAGGTTTTACAGCAGTCGTTGCCGTTATTGCTCCACGCTGACCTGTTACTGAATGGGATATTCCGCCTACTGCCACATCAAATGGAAGATTTTCGCTACCTTCTTCCAGTTTATCCAGAACTGCAAGACCAACCTCAAGCCCTGCCCTGTTAGAAAGATTTTTAGAAAGTATTTCTCCTTCCGGAAGGCATAAAGTTGGAACATCAAGTAAAAAAATATCTCCAATCTGAATTCCTGCCTTTAAAACTTCCTCTTTACTTCCATATCCTGTGTCAAGTAAAAGTTCATTTTCATTTTTTACTATAAACCCTGTATATTCTTCATGTCTTCTGTTAAGTACTTTTACTGTTCTCTGCTCAAAAAGATTCTTTTCATAAAGTCCTATTGTTAAAAATTCCATCAGTCCGTCTTCCCTGATGTCTGAAATCATTCCTCCACTTTCATCCATGTTGGAACTTATCATTATTTTATATGACGAATCATTTCCTTTCTTAATGCCAAAAACCGACCCTAGTCGATCTTTTATTATTGGAAGATTTCTTTTTTTATATTCATCATATAGAAAATCATGTACTTCCTTTTCATCCCCTGAAACTCCCCTTAATTGACATAATTCCTTTAGTCTCATACCTACTCCATTTCCTTTATTTATATATGTAATCATTTACTTCAGATAAATCTTCTCCATCATAAACTTTTTTAATTACTTTTGCCATATTCTGCAGTGATTCACGTAATCCTACTCCACCTTTTTTTGGCATTTTTATCATTACCAGATTATTTTTATATTTATCTATTATTTCCTTATTTTCTTCTGAACATACAACTACAGGTTTACAGTCTGTTTTCTTTTTTACGTGTTCTGCTAAAATGGAGGACATTTCTGCATAGTTGTAATAGTTAAAGCACGGCCCGCACAAAAGAATATCCACCTTAACTTTATTTAGAAGTCCTATCATTTTTTCAAGTACAAGTTCCTGATTTCCCTTAAAATAACTATCGCTGCAATATGTTGTTGCAAGCACTGTTCCACCTATATTTTTTATATATTCTGAAAACATCATGTATGAACCCATTCCACCTTTTTCCAGTGCAAGTTCTACATTAGCTCCTTCTTTTCCGCCTGTTCCAGATTGAATCTGATCAAAAAATAAAACTATTCTCATTGTCTTTCCTCTTTTCTGTCAAAATTCTGATTTCATTTTTTCTCATATTTATTAACAATAATACTTTTTTCTCTTAAATAGTTTTCAATAACGAATAAAACTGCCCCAAAATCAAATTTTATAATTAATTTTGAAACAGCCTTATTCAACATAAATTTATTTTATTAGAATGATATATCATCAAGTGAAATGTCTTCTAAATCATCTTTTTCATTTTTTTCTATAGGTTTTGTTTCTTCTTCCAGATACTGATTATCCAATACTTTGAAAAATGGATAGTAAATAAGGCATCCAATTATAACCAATATTATTTGGAAAATACCTGCAATTACACTTCCTGTAGCCAACCATCCTGAAAAGAACATTGGCGTTGTCCAAGGTAATAAAACTCCTGTTGTACGAGGTATAATATGTAATAAAGTGGCAGCTGTTGCCAAAATTGTATTAACAAGCGGTACCAATAAAAATGGTATTGCAATAATTGGATTCAACACAACTGGAAGCCCGAAGATAACCATTTCATTTATTCCGAAGATTCCTGGTACAATAGATAATTTCCCTAATTTTTTCATACGTTCTGATTTACCTTTAAATATCATCAGCAATACAAGTGATAGTGTACTTCCACCACCACCAAAGTTACTGAAGAAATCTCCAAATGGCCCTGTAAATATGTTAGGTAGCGGCTGATGTGCATTGAATGCAGTCAGATTTTCAGCAGTTAATGCCAGATGTATAGGGTTGAAAATAGTATTTGTAACTGCTGGCCCATTTATACCAAAGAACCAGAATAATGTTGACAGGAACTGGTAAATAGGCTCAAATATAAGACTTTGTCCGAATCCCATTAAAGGTGCCTGTAATATTTTATAGATAAAATCATGTGCATATCCTTCCTTAGTCAAAAACAGAAATACAAGTCTTATTATAAAAAAGGTAAACATAACAAACATACTTGGAATTAATGCT
NZ_AP019840.1_gap46	1916197	1919085	2888	AATATTAATGTAATGATAAAATATTATGAACTTAAAAAATAAATAAATTTTATAGGAGATGATTTTTTATGGCAAAAATTATTAATTCACCATCAAAATACATTCAAGGAAGAAATGAAATCACCAACTTGGCAACTTATTACAAGTTACGTGGTAACAACGGAGCATATCTGCTAGTAGACAAATTTATTTTTGATAATTTCAAGAATAAAATTGTTGAAAGTTTTGAAAAGGAAGGCATAAACTACCATATTGAAGTTTTTGGTGGGGAATGCTCTAAAAATGAAATTAACCGAAATATTGATATTTTAAAAGAAAAAAAATGTGATGCAGTATTTGGAATCGGTGGAGGAAAAACTCTTGATGCAGCAAAAGCAGTGTCTTATTACGAAAATATTCCTGTATTCATCGTTCCAACAATTGCCTCAACAGATGCACCTTGTAGTGCTTTATCAGTAATTTACACTCCAAATGGAGAATTTGAAGAATATTTATTCTTAAAGGCAAATCCTGATATGGTAATAATGGACACAGACATAATTGTAAATGCACCTGCAAGACTTCTTGTAGCTGGAATTGGAGATGCACTTGCCACTTACTATGAAGCCAAAGCCTGTGTTGATTCAAATGCAACTTCAATTGCTGGTGGAGGCATTACAAAAGCAGCCATTGCAATCGCAGAGTTATGTAAGGATACATTATTTGAAGACGGGTTAAAAGCTAAAATATCAGTGGAAAACAAAGTAGTTACAAAAGCATTGGAAAATATAATTGAAGCAAATACTTACTTGAGTGGAATTGGATTTGAAAGTGGAGGACTTGCAGCAGCTCATGCTATTCACAACGGACTTACAATTTTGGAAGAAGGACATCATATGTATCACGGAGAAAAAGTGGCATTTGGAACACTTACACAATTAGTTCTGGAAAATAGATGTCTATGTGAAATCAGAAAAGTTGTGGAGTTCTGTAAGAGTGTAGGACTTCCAACAACATTAGATGAATTGGGAATGGGGAGTGTTTCTAAAGAAAGACTGTATGAAGTGGCAAAAGCAAGTACAGCCGAAGGTGAAACAATCCACAATATGCCATTCAAAGTTACTGCTGATGACGTTTTTGCTGCAATATTAGTAGCAAATGAACTTGGTAAAAATTAATTTTTATAAATTTTTTTACTCAAATTAATTTAAAATTTTCAAATAATTTTGGGAGTGTTGTACTACACTCCTTATTTTTTTATAAAATAATAAAAAACTTGGATTTCATAAATTTACTACTTTCCAAGTTTTATAATTATTTAATTAACATTTATTCAGCTTCAGTATATTCTTTTGCTACTTCTTCAATTTTGTATTCTTCTGAAATTTTGTTTATTAATTTATTTCTTTCTTCGATTGCTCTATTGTTTAACAATGCGTTAGCAATTTGTTGGTATGCACTGTTTGGAGTTACATTTCCTAATTTTGCTTTTTCATTTTCATAAATTTCAGCAATTTCTTCCTGAGTAACTTTTACATTTTTTCTTACTTCCAAGTCTAAATAATAGTTGATATATACATTATCTTTAATAATTTCAATATCATCTTTATTATTTTCTTCAAAGTTTTCTTCTGACATTTTTTTAGCAATTACTTTACCAACAATTAAAGTTTTTAATACTTCAGAATTTCCTTTAGAGAATAATACTTCTTCCTTAGAAATTTCTACTTTATCTTCCATTCCTTCAACTAATTTGTTTAATTCTTCAGCTTCCAATGTAGCAAGTTGTTGATTTAATAAATCTCTTTGGATAATTTCCCTTGCTTCTGAAAATGGAATATTTTGTGCATCAAAGTTTGCTTTGTTGTCAGTGTATAATTTTGTAACATCATTTTCATTTACAGAAATTTTATCTTCGATTGCTTTTGCAATAAAGAATTTATTTTTTTCATTTTTAAAGAAATATTCAAATTCTTCTTTTTCTTCGTCATTGAAGTTATATTTTTTAGCTGTTTCTAAAATTGCTTTATTAATTAAAAGTCCTTTTATTTCTTCAGCGTTTAACCCTCTTGCTTTTTCTTCTTCAGTCAAAGCTAATTTAGTTTCATTTTTTTTAGCCATTTCTTCTCCTTATTTTTAATAATTCTTCTTTATTTATTTTTAACCTTTCTTATTTTACACTATTTTTAAAAAAATTTCAAGGAATTTTCTCATTTTTCTTATTTTTTAAATATAATTTATAAAATAACAACAATTACCGTATCGTTCAATCCCCTTAATTTATCGGCTTTATAGAGATTTTTTTTAATAATTTTAAATTATATTTTTTTCTAAAATTTTAATTTCTATAATCTATTTATAACCTATTTTTTTAACATTCTACCCAAAAATTCCTTAGTTCGTTCATGTTTTGGATTTTCAAAAATATTTTCAGGCTTGTCATCTTCCACAATTACACCTTGATCCATAAACACAACTCGACTTGAAACATCGTGTGCAAAATCCATTTCGTGCGTTACAACAATCATTGTAAGTCCACTTTTAGCCAAATCCTTCATTACTTTCAGAACTTCTCCAACCATTTCAGGATCCAGTGCCGATGTTGGCTCGTCAAACAGTAGAACTTCTGGCTGCATTGCCAATGCTCTTGCTATTGCCACCCGTTGCTTCTGTCCACCCGAAATTTGATTTGACTTTGCGTGAATAAAACGCTCCATTCCTACTTTTGCCAAAAATTCCTTTGCTACTTTTTCAGCTTCTTCCCGTGACTTTTTCAGAACTTTCATTTGTCCGATTACGCAGTTTTCCAGAACACTCAAGTTATTAAACAAATTAAACTGCTGAAATACCATTCCTACTTTTTCACGCAAATGTACAAGCGATACATCACCTGCCATCGCATCTTTTCC
NZ_AP019840.1_gap47	1928587	1929772	1185	TCAATATTTATTATTTAATTTTTTTTATTTCTATATATTTAATATTCATATTATGTTTACTTAAAAACATTTGTTCAAATTCAGTTTTTATATTCTCATTTGCCTTTTCTGAATTGTGCAAATCTCTTGTATGATAGACAATTTGATAATTTTCAAGTGCCTTTACTAATTCCAGAACATCCTCATAATATTGTTCGTGATCCGTTTTAAAAAATAATTTCCCATCTGTTTTTAAAATAATGTCTAATTTAGAAAACAAACTCTCACTTATAACCCTTTTTCTCTCCTCACCTTCCCAAGGATCAGGAAAATTAATATACACACCAGAAATTTCATTTTTACCAATAAAATCTAATATTGTTTCCCCTCTTTTTCTTACAAAAAGAATATTATTCAAGTTTCTTTTTTTAGATTTCTTTGCTCCAAGAACAAGCCGCTTAAATCGTAATTCCAGTGCAATATAATTTCTGTCCTTAAATTTTTCTGCATTTTGCACAGTAAAATTGCCGCTCCCACAGCCGATTTCAAGATAAATGTCATTATTATTTCCAAAAAACTTATTCCATTTTCCACAATATTTATCTACGTTCTCATTATTATACATCAAATACTCAGGAAATTCAAGCATTTCATACATGTATTTATTATAATTTCTTTTGGGTTTTTCAAAAAAATATTTCCAAAGTTCCTGTTCATTTATAATTTTACTTTTTTCTGCATTTATTTTTTTAAATTCATCATTTACTTTTTTTATATTCGCCCTTTTTTCTTTTTCGGCTTTTGTAATTTCCAGTTTTTGTCCATTTTTTCCTATAATTTGAATTTTATTTTCCATTTTTTAATTTCTTTCCTTAAATTTTTATTTTTATAATTTTTTAAATTTTTCAAAATTCAGCTAATATATTTCTTCCAGTATTTTATCAATTTGATTATTTTTCTCAAAAAAACTTTTTGTATTAACATTTTCAGATTTTTTCAAATACCTAACAATTTCATCTTCATTTTCTATAATCTCAATAAATCCCAACTCTTTAGCATCTTTCACAATTTCCTCTATATTCTGAAAATATTTCCCGATAATTGGCTTTTTCCCATAATACAGCGGTTCCAAAATTGAATGCCCTCCAATATCAACAAATGTCCCGCCAACAAAGACAAAATCAGCCAGCTGATAAAAATCAGTCA
NZ_AP019840.1_gap48	1974842	1978208	3366	CAAATTGATGATATGAAAGAATGTGAGGAAGCGGTTTACAATGCGTTAAAAGCAGGATATAGATTAATTGATACGGCTGCGTCCTACAGAAACGAAGAAGCTGTGGGAAGAGCTATAAAAAGAAGCGGTATACCTAGAGAAGAAATTTTTGTTACAACAAAATTATGGGTAAGTGATGCAAATTATGAAAAGGCAAAATTGGCATTTGAAACTTCTTTAAAAAAATTGGATTTGGAATATATTGATTTATATCTGATACATCAGCCATTTAATGATGTATATGGAGCTTGGAGAGCGATGACAGAGCTGTATAAGGAAGGGAAAATAAAAGCAATTGGTATAAGTAACTTCTATCCTGACAGACTGGTTGATTTTATTATGAATAATGAAGTAGTGCCAGCTGTAAATCAGGTGGAAACACATCCTTTCAATCAGCAGGTTAAAGCAAATAAAATAATGAAGGAATATGGGGTTCAAATAGAATCATGGGGACCTTTTGCAGAAGGAAAAAATGGAATATTTGCAAATGAAATTTTGTCTGAAATTGGTAAAAAATACAATAAATCTGTGGCTCAGGTAATTTTAAGATGGCTAATTCAGAGAGATGTAGTTGCAATACCAAAATCAGTCAGAAAAGAAAGAATTGAAGAAAATTTTAATGTATTTGACTTTGAATTGAACAGTGAGGATATGGGAAAAATATCTGAACTTGATAAAAAGGAAAGTTTATTTTTAAACCATGATGATGTAGAAATAGTAAAATGGCTTAATGGAAGGAAATAATAAAAATACGAGGGAGATTTCTTCCCTCTTATTTTTTAAGAATTTTTACTAAAACTATCAAAAAGTTTCTCAATTTCATTTTTTATATTTTTCTTACAGACACAGTAGAAAGTCATTTTTGCTTCCTTGTCAGCAATTGGGATTGAAATATTATTTTTGAAATTGTCTTCACGTTCAAGTGTGAAATTTGAACGGAAATGCAGTAAATTTTGCATTTCAGCTAATTCCTGATAAATAATCCTGTCACTTTGAATAAGGAAGTTCATATTAGGCATTTTTTCTAAAACTACATCCTTCCATATTCCGATTGGATTGAATAAGAGCATTCTGTCATCTGTAATATCTGAAAAATGTATTTCCTTTTTTTTAGCCAGCGGATGCTGCAAAGGAACTGATAAAAATAATTGTTCAGTTTTGTATTTTATGCAGAAAAATTCAGAATTATCAATAGGTTCAGAAAGAATAATCATCTGATAACTGCCATTTTTAAGTTTTTCAAATAACTGAAGATTATTTTCTATTTTATGAAAAATATATTTTTCAGGATAAAATCTTCCAAATAATGAAATCATATCCCACAATGGAGCTGGAGCACATGAACCAATTGAAAAATTATTTTGAACCTGATTATTTTTATTAACTTTTTCTTCCATTTCATCTACAAGATTCAATATTTTTTCTGCGTACTGGATAACAGTTTTTCCATTTTCATTTAATTCCATCTTATTTTTTTTCCTGTCAAAAAGTTCAACCCCTAAAGTTTTTTCCAACTTTTGTATCGAACGGGAAAGGGCAGGCTGTGAAATATACAATTCTTCAGCAGCTTTTGATAATGTTCCATATGTTGCAAATGCAATAAGCTGTTTAAGTTGTTCCAATTCTATCATATAAATCACCTCATATAATTTTTATTTCTAGTATGCATTTTAATTATAGCACATTTTCTAAACGGTATTGTACTTTTATCTTAAATTTTAGTATTATTACTATATAAAGATAAGGAAATAAAAATAAGAAAATGAAGGAGATTATATATGAAAAAAAATTTAATATTATTAATGGCAATAGGGATATTATCAGCAACTGCAAGTTTTGGATTTCAGAAGCCTGTAACAATTAAAGAACAGGGAAGTTTTATGGCAGGAGGAACAGTTGTAACATCACCAGGAGAATATAAAGATTCGGAGCCTATGAATTTTGATGGGGAAACATTACATGGAGATCATGCCTATGTATTTTATCAAAAGCCAGGAAAAGCAAAAAAGAATAGTATTGTATTTTTACATGGGTATGGACAGTCAGGAAAAGTTGGGAAAGTACACCAGATGGAAGAGATGGATTTCAAAATATATTTTTGGAAAAAGGATACAGTACATATATTGTTGACCAGCCTAGACGTGGTAGAGCTGGGCAGTCAACAGTTCCAAGAAATTTAACAGCAAGACCGGATGACCAGCTTTGGTATAATAATTTTCGTATAGGACAATGGCCAAATATATATGACAATGTTTCATTTCCTAGGGATAAGGAATCTCGAGAACAGTTTTTTAGACAAATGACTCCTGATACTGGAGATTTTGACCAAAAAGTTATAAGTGATGCGATGGTAAAAGTTTTTGAAAAATCAGGAAATGGAGTTTTGGTAACTCACTCTGCCGGTGGAGGACCAGGATGGGATACTGCGATAAAATCTGATAAAGTCAAAGGAGTAATTGCACTTGAACCAGGAACATTTCCATTTCCAAAAGGGAAATTACCTAAAGTAGAAAAAACTACAAGTCCATTTCTTGCCAGTGGATACGAAGTATCAGATGAAGAATTTAAAAAATTAACAAAAGTACCGATAGTTGTATATTTTGGAGATAATATTCCAACTGAAATAACAGATAACTGGGGGCTTGATAACTGGAGAATAAGAGTAAACTTAGCAAGAAAATGGGAAAAATTCATGAATGAAGCAGGTGGAGATGTAAAAGTTGTAATGCTACCTGATATAGGAATAAAAGGAAGTACACATTTTATGATGGCTGATTTAAATAATAAACAAGTAGCTGATGCAATGGAAAAATCGATGAGGGAAAAAGGATTAGCAAAGTAGAATAATAAATAGGAGATGGTGACAATGAATAATAAATTTATAAAACGATTTGGAAAAGTAATTTTGAATGCAGTAATATTATTAGGATTTATGGCCTGTGGAAACAATGTTTCGGCAGTAAATAACAAAAAATCCGAAAATAGTGACAATGGGAAGAAAGATAAAAGTAAAGTCCTAGTTGTATATTACTCGCAAACTGGAACAACTGAAGGAGTTGCTAAAATTATTGCAAGAGAAACGAATGCAGATTTGGTTAAATTGGAAGTAAAAAACGAGTATACAAGTGATGATTTGAATTGGACTGATAAAAATAGTAGAGTTAACAGAGAACATGATAACCCAAATAGTAGAAATGTAGAATTGAAAAATGCGGTTATTCCTGATTTTTCTTCATATGATACCGTATTTATCGGGTATCCGATTTGGTGGAGAGAGGCTTCCTGGGTTCTGGATGATTTTGTTAAGAAAAATGATTTTACTGGAAA
NZ_AP019840.1_gap49	2017201	2020695	3494	CACAAGAATCATTACAACCTGATAATTAACAATATATTTCATAATATCCTCAGGTATAAATTTAAATAAACTTAAAACAACTATTACCAGTCCCCAAAATATTTTTGAATTCATAATTTTCCTCCTATAATTTTTTATTTTTACTCATTTTTTTAAAAGTCCACAAAATCACATCAATCAATTTTTTAAATTTATTTTTTATTCTAACTTTTCTACAAAAAAACTTAATTTCTAGTTATTTTACAACTATTTTGATAATTCCACCAAAATTGATCCATAAGTCAGTCCACCACCAAATCCAGTAGCAACAAACTTATCGCCCTTCTTAAGTTTTCCTTCCTTTATCGCCTCATCAAGTGCTATCGGAATTGATCCCGCCGAAGTATTTCCGTACTTATCCAAATTTACGAAAAATTTATCTAGCGGCTGCTTAAATCTTTTTGCAATTGATTCAATAATTCTGATATTCGCCTGATGTGGAATAAATAAATCAACGTCATCAGCAGTTATTCCAACCTGCCCTAATACATCTTCCACAGTTTCAGGGAACACTCTTACTGCAAATTTAAAGATTTCTCTTCCATTCATTTTCAGATAAATATCCTTATTATCAATTTTTTCTTTAGATACAGGCTCTTTAGTACCTCCTGCAGGCACTAATAATTCACATGCCCCAGAACCGTCAGCTACAAGATGGCTCGCTAAGTATCCTCCATTTTCCACTTCTCCAAGTACAACAGCTCCTGCACCATCTCCAAATAGAATACAAGTTCCCCTGTCAGTCCAGTCAACTACTCTTGACATTGCTTCTGCTCCAATAACCAATACTTTCTTATAAATTCCAGCCTTAACAAAACTATGTCCAGCAGAGTAAGCGTAAACAAACCCAGTACAAGCTGCACTTAAGTCAAACGCTGCTGCGTTTATCCCCAATTTATCCTGAACAAGTGCCGCAGTCGATGGAGTTCCATAATCAGAAGTCATAGTCGCAACAATAACCAAGTCAATCTCATTTTTATCAATGCCAGCATCTTCAATCGCTCTTTGTGCCGCCCTAAATGCCAAATCAGATGTAGCTTCATTCTCATCTACAATTCTTCTTTCCTTGATACCAGTTCTAACTGTTATCCACTCATCATTTGTATCCACAATTTTTGCCAAATCATCATTTGTCATTATCTTTTCAGGCACATAAGATCCTGTTCCTAAAATTCCAACTTTCATATCTCACCTCAGATTTTATTTTTTATTCTCTATCTTTATTTATTTCCTTATAATTTTATACCAATTTCAGTTTAAAAATTATCTACTAAAGTCTATCATAATTCTATTAAAAATACAACTAAAAACATTTAAATTGAGAAATAATAAAAGCAAAAAAAAAGCAAGACATAAATCCTGCTTTGACAAACTATTCAGCATCAGTTGCTTCGTTACTTGCCAACACTTGTCTACCTCTGTAAACTCCTGTTTCCAAGTTTAATCTGTGTGGTCTTCTTATTGAACCGTCAGCTTCTACAACAATATTTGGAGCTTTGATAGAATCATGTGATCTTCTCATATTTCTTTTTGCTTTAGAGGTTCTTTTCTTAGGTACTGCCATTATTTATCGACTCCTTTCTAATTTTTATATCATTAATTTTTTAATTCAATGTTGTAAAATAATTATAAAAAATCATAATTTTTTCACATTTATACAAACTATTATAATAAATATAAAGCCATTTGTCAAGGCTTTAATCTATTTTTTCCATTTATTCACAAGATTTTTTATTTTTTTTCTAACTTTTATTGAATTTCTGTTACTTTAATTTTTCAAAAATTTATTTTTGATTCTCTTCAGATAATGTATTAACTTTTTCTTGCTTATTTTTTTCAATAATAATTTGATATTTTTTCTCAGTATCAAATTCGATATTTTTTATCTTTTCAGAAATTTCATCTGTCATTGTTTCATTCCCAACAACTAAAACAACAAAGTTCTCATTATTATTTGCATCTATTAATTTTCCAATTTTAACTTCACTAATATTATTTGAAAAATTTTTATATAAAATATTTTCAACAGTTTTTAAATCATTCTCCAAAATTGTTTGATTTTCATTTTTTAGCGGTAATGTAATATCTTCCGCATTTTCTTTTATTTTTTCTTCGTTCAGATATTTTGATAAGTCCTGTGCTGTTAAATACTTTTCATTGGATAACTGCTGTATTTTTAATTTATAGTTTTTCAATTTATATTTTTCCAGTTTTTTTTCTAATTTCTCAATATCCTGTTTTTTAAAGGCATCTCCTACAATTTTTAAAGTAACAGTTTTATCTTTTTTATTAATAGAATTATCAAAAACATAATGAGTTTTTAATTCTCTTGAAATAAATTTTTTTAATGAATTTTCTCTCGCTATATCTTGAACTAAAGTTGTTGCTGTATATATACTTGGAATAATTATGATTAAACTTCCTATATAAAATATTATTTGTTTTTTTATTGAAATTTTATTTCTTGCTTCAAAAATATTTCCAGAATAAACTATCAAGCCAACTAATGTTGCTATCATTATAAAAAATACATTTATTATAAACAAATATCCTGCTCCAAGAAAAATTTTCAGATTCCCATGAGCAATCCCAAATCCTACTACACATAAAGGCGGCATTAATGCTGTTGCAATAGCTACTCCAGGAACTACATTTCCACCATCTTCTTTTGTTTTTCCAATTACTCCTGCAATTCCACCAAAAATTGCGATTAAAACGTCCCATAAAGTAGGATAAGTTCTTGCTAGTATCTGTGGTGTTGCATCATTTATAGGGCTTACTAAAAAATAAAAAGTGGAACTTACTACACTTATTAATATAAAAATTCCCAATCTAAAAAGTGATACATAAACTCTTTTTAAATTTCCATTTGATAATCCCAATCCTAGCGACTGAATTGGTGACATTAGTGGCGAAATCAACATTGCTCCAATAATTACTGCAACAGAGTTTGTATTTAATCCTATTGACGCTATAATCATTGCACAAATCAGAATAAACATTGTTTCCTTCGTAAAATCAGAATCTTCCATAATATTTCTTTTTAAAATCTTGTATTTCTCATGTTTTATTTTTTCTATCATTTTACTATATCTCCTTTATATTTTTATAAATTAGTAACTTATTTAATTTCTATTTCAAAAAATTTAATCATCTTCGTAAACAGGCTCAATATGAATCAAAAGTCTTTTTATATTTTTATATTTATGCTTAATTTTTTTTGAAATTTTATTTGTAATATCGTGTGCTTCTTCAATCGTCTTATTTTTATCCATTCGTACATCCACAAACATATAAATGTCTTTTCCAGAAGTTGTCATGCGAAAATCGTGTGCATTTTCAATTTCTTCAAATTTCAATATTTCTGAACGAATTTTTTCAATTAGCTCATCATCTTGCGAATCCAGCAATATCAAAGAATTTTCCTTTATCAGTTCATAACCGCTCTTTATAAT
NZ_AP019840.1_gap50	2216369	2218098	1729	ACTGGATTTACAGTATGTGCTGTGTGAGGTTCTCCAGTTTCAGGATTTACCAATAAATCAGCATTTCCATGATCCGCAGTAATTAATACCGCACCATCAAGTTCCAGCACTTTTCTTACAATTTGCCCCGTACAATTATCCACAGCTTGACAAGCCTGAATAACAGCATCAACATTTCCTGTATGTCCAACCATATCAGGATTTGCAAAGTTTAATACAACTGTATCAACTTTTCCAGTATTTAACTCTTCAATTAATCTTTCTTTAACTTTGTAAGCACTCATTTCAGGCTGCAAGTCATAAGTTGCAACTTTTGGTGAATCAGACAATAATCTGATTTCCCCTGGATATGGTTCTTCTTTTCCACCATTGAAGAAGAATGTAACGTGTGCATATTTTTCAGTTTCTGCTGTTCTTACTTGAATCAATCCAGCTTCTGATACCACTTCCCCAAATCCGTTTACAATTGTTTCAGGCGGGAATGCCACTGGTGAACTGAATGTCGCATCATATTGAGCCATTGTAGCAAAGTTCACTTTAGGATAAACTTTTCTTGCAAATCCAGTAAACTCAGGATCAACAAATGTTCTAGTCAACTGTCTAGCTCTATCAGGCCTAAAGTTTGCAAAAATTACGCCATCCCCATCTTTAATCAATCCATTGTCTTTTGAACCAATTTTCACAGGTTTTACAAATTCGTCTGTAATTCCTTCTGCATAAGAGTTTTTAATAGCTTCATCAGCAGTAGCAGCCAAGTTTCCTTCTCCAGAAGTCAAGGCATTGTAGGCAAGTTCCACTCTGTCCCAGTTATTATCCCTATCCATTGCATAGTATCTTCCAACAACTGTAGCGATTTTTCCTACACCAAGTTCATCCAACGCTTTTTGCAACTGTGCCAAGTATTCCACTCCACTTTCAGGGGCAGTATCTCTTCCATCCATAATCGCATGAACATAAACTTCTGTAAGGCCTTTTTTCTTAGCCATATCAACTAATCCAATTATATGATTAATGTGACAATGAACCCCACCATCAGAAGTCAATCCTGTAATATGTAAAGCCTTTCCATTCGCTTTTGTAGTTTCCATAATATTTGATAACACTTCATTCTCTAAAATTGTACCTTCTTTAATAGCCTTTGAAATTTTTGGCAGCATTTGATAAACTACTCTTCCCGCACCAATATTTGTATGCCCAACTTCTGAATTTCCAAACTGTCCCTCAGGCAGTCCTACAAATTCTCCATCCGCTCTCAATTCAGTATGAGGATACTCTTTAAGATAATTGTTAAAATTAACTGGATGTGCCAATTTCACCCCATCAACTTCATTATCATGATGGTTCATTCCCCATCCATCCAAAATTATTAAAACCACTGGTTTTTTCTTCATAAGCATTCTTCCTTCCATTTTTTTAAATAACTTTCTTTTTCTATATCTATTATACAGATTTTTTATAAATTTATCAAGGAATTTGAATAAAAAATTCCAAAAAAACCTTTTTCAAATCTTATATTATAAGTTCTTCTTGTTAATAACCGTTTTTTCTTTTATATTTTCAATCCGTTTTTATGCAGAGGTATCAAACGCCATACCTCTGCACTCTCGCTTTACACAAAACTTTCTTATAAAGAAAAAATAAAACTCGATTTTGAATAAAGATTATTTTAACACAATTAACTAAATACAACACAAATTTTATTCCAAAATCTCAAACAATTATTTTTTCT
NZ_AP019840.1_gap51	2308093	2309866	1773	AATAATGATTATATACACAATAATTGCAACAAAAAATATTTTCATTATGCCAAACATCATTCCATAAAATTTGTCAAATTTTTTCATTTTTATACTTTGTAAAAATTTTCCATTAATTATTAGAATAGCAGAATAAACAATACATTGGATTACAACCATAATAATAAATATTTTTAACTGATTTCTTGGATTAATCCTGTTCGAGTTTAAAAAAAACTTATAAATATGATTTGTTATAAAAATAATAAAAATATATTTAAACATATTAAAAAATTCTAAAGAAAAACCTCTTCTATAGCCAAGAATAATAAATATTACTAACAACACTATAAATCCAATATCCAATATCATTTTTCTTACTCCTGTTTTCCCACATAAATTCTAGGCACTCTTTGACTTATTCCACACATAATTTCATATGAAATCGTGTTACACAGATCAGCAACTTCCACAACACTTATATTTTCTCCAAAAAATTCCACAACATCGCCTTTTTTAGCCATATTCTTCAATTCTTCAGGAAGCAAAACCATAAGCTGATCCATACAGATACGCCCTACAATTTCACATTTATGCCCTTTGTAAAAAACATAGCCTTTATTTGACAAATCACGTCTTACCCCGTCAGCATAACCAATTGAAACAGTTGCATAAGTTTTCCCGGCTTTTCCCAAATACGTATTTCCATAACTTATAAAACTATCTTCCTTCAATGTTTTTATATAGCTTATCTTTGCCAAAAGGGACATTACCGGCTTAAACTTATATGGAGCTGTTTCTTCGTCCGTAACTCCACCATAAAGAATAATTCCCACTCTTACAAAATCCTCTATGCTATCCTGAAATTTCAGAGTTCCAAAACTGTTGTGCAGATGTCTGTATTTTATCGCTGGTATCTCACTTGATATTTTTTCACACATTGCTTTAAATTTGCTTTCCTGCAATTTTGTATAGTCTTTGTCGCTATCTGATGATGAAAAATGCGAGAAAATTCCTATTGGATTAATATGGCTGGAATTTTTAAGAATTTTATTCAGTTTTTCAGTTTCACTTTCCTGAAAACCTACACGTCCCATTCCAGTATCTATCTTTATAAACACATCCGTAGTTTTCCCTTTTTCTTTCCCAGTTTTTTCCAAATATTCTATTTCCTCAAAATCTGTTACCATAAAATAAATATTTTTATCTGCAATTAAATCCATGTACTCATTTTCCACGGGCCCCAGTATCAGCACCATAATATCATCATGAAGTTCTTTTATTTTAAGTGCCTCATCACTTGTTGCAACTGCAAAGTTCTTAATTCCCTTTTTTATCAGGGCATCACATATTTCAAGCATCCCATGTCCATAGGCATCCGCCTTTATAACTGCTATTATCTTATCCTTTGCCACAATTTTTTCAATTTCATCAATATTGCCATATAAATTATTTATATTTATTTCTGCCCAGCATCGCATTTTTCAATTCACCTTCTAAATTCATCTTTTTATTTATTTTTTTTATATGCGTATCATCAATACACTTTTTTCAATTAAACTAAAACCTTATCTTTTTCATCATATCCATTTACTGTCTTACCGGAACTTTTTATAACATCTTTAGCTTTTGGCTCATTTTTACCTTTTTTCATTATATAAACCAAAGGACTTGCTACGAATACTGATGAATAAGTTCCGACAAGCATTCCTATAAATAGAGTCATACTAAATGTCTTTAATGTGCTTCCACCAAGAATGAGCAATACAATTACAGAAAATAATGTAGTTACTG
NZ_AP019840.1_gap52	2310927	2314672	3745	CAAGATAAATCCAGCAATTCCCGGAAGTGTCAAAGCCGCACCAATACCACTAAGTAATCCTAAAACTAGAACTCCATTTATTAATAATGCAATATCTGCAACAATTCCCGGCAGTTTATAAATCGCAATCATAAACACTGAAATTACACCCATTGCAATTAATCCAGCAATTCCAGTCTGTCTTATCGAATCCACACCAAGTGTCGCTCCAACTGTTCTATTTTCAACAATTTTAATTTCCACAGGCAATGCCCCTGATTTTAATAGATTTGCAAGGTTATTTGCTTCTTCCATTGAAAATCTTCCAGTTATAATTCCACTTCCACCGTTAATTTCACTATTGATTGTAGGTGCTGACTGTTCCTTGTTATCAAGCATTATTGCCAATTGTTTCCCAATATTTTCCCTTGTAATCTTGGCAAAAGTATTTGCCCCTTGTGAATTTAACTCAAAACTTACAGACGGCATCCCAACCTGATCTCTTGAAACTCCTGCTGATTTTAATGCGGAACCTTCCAATAGAACAGGCCCATAAGAACCATCCTTGTTTTTTATCCTAAATTCCAGTTTTGCTGTCGTACCAATCAGTTCAATAGCCTTTTGAGGATCTTTTATTCCCGCAAGCTCCACTATCAATTTATCGTTTCCACTAAGTTGAATAACAGGCTCAGCTACCCCAATACTATTTACCCGTCTTTCAATAATATTTCTAACCTTACTCATTGTATCAGGCTCAATTTTCCCTTGTGCCTGCAATACAACTGATGTTCCACCACGTAAATCAAGTCCCAGTTTTACTTTGTTAAAGTACAAAATAATAGCTGGAACAAAAATTACCAAAAGTAACCAAACATAATGTGATTTTTTATTCTGCATTTTTTCATCCTTTCTTTTTTTATTTTTTAACTCAATGTATCTAAATATTTTTGCAAAATGATTGACGCTGCAACCATATCTACTACTTTTCTACGTTCTTTTCCATTCTTTTTGGAATAGTTTTTTAAATAATGTTCAGCCTCTGTCGTAGTGTAACGCTCATCCATAAAGATAATCTGAATATTTGGAATACTTTTTTTTAATTTTTCCACAAATTCTTCCACTTTTTCCACTTGACGTTTCTTCATGCCATCTAGGCTTTTTGGCATTCCCACTACAACTTTTTTTGTGCCTTCATCATCCAATATTTCCTTTATTCTTTCAACGGGATTTGTCTTTGTCCTGTCAATCACTTCAAGAGCAGTCGCTAAAATTCCCAAAGGATCACATTTTGCAACTCCAATTCTGACATCTCCCACATCTAATCCAATAAATTTTTTCATTTTTTATTTCTCATTTCTTAAATATTCCACAACAAGTTTAATATTTTATAATTTAAAAAATTAATTTTCAAAGCAAATTATTCAAATCAATTTTTTTAAAAATTTCAACTAAATCAAAATAAGCCACTATTATAATTTTTCAGTTACAAACTCAAATGCCTTTTCAACAGCTTCTTTTACAGCACTTCCATTTTTTCCACCAGCTTGTGCAAAGTCAGGACGTCCTCCACCATTTCCACCAGCAACTTTTGCCGCAACTTTTACTATTTCTCCAGCCTTCACTTTTGAAATTAAGTCTTTTGTAACTCCAACTACGAAAATTGCCTTTCCATTGTTATTTGTTCCCAAAATGATGATTCCAGACTGCATTTTTTCTTTTCCTCTGTCTACAATCTCTTTCAATTCATCAACATTTTTATTTTCAAATGAAGATTTTAACACTTTTACGCCATTTACTGCTTCAACGTTTTCAAGCATTTCATTGATTTCGTATTTTACAAGTTTTGTCTGCATTTCTTCGTATACTTTTACTGCCGCTCTCATATCCCAAATATATTTTTCGATAATATCGACAACATTTTTTTCATCTGTTCTGAAAATATCAGATATTTCCTTTATTTTTTCTTCAAGCCTATTTACGTAATTTAAACTCTTGTGTCCTGTTGTGGCTGTAATTCTACGTGTTCCAGATGCAATTCCGCTTTCAGACTCGATATTGAATAATCCGATTTCTCCAGTCGATTTAACATGTGTTCCTCCACAAAGCTCAATAGAATACCCATCAATTTCCACAACACGGACTACATCTCCATATTTATCTGAAAATAATGCCATTGCTCCTCTTGCTTTTGCATCTTCAATATTTTCATAATTAATTTTTACCTGTAAATTTGATAAAATAATGTCATTTACACCTTTTTCAATTTTTTCAATCATTTCTGGACTGATTGCTTCGTAATGTGAAAAGTCAAATCTTAATTTTTCATCATCCACAAGCGATCCAGACTGTTCAACGTGTGTTCCTAGATTTTCTCTTAAAACTTTGTGTAAAATATGTGTAGCTGTATGATTTCTCTGAATATCTTTTCTACGGTTTACATCAATTTGCATTTTCACTTCCACGCCTACAGCTGGAGCAATTCCCCTTGTGATTTCAACCTGATGAATAAAGACATCGTGTTTTTTAACCACATTTACAACTCTTCCTTCAAATTCTCCAGAAGTAATAATTCCCGTATCAGCAACTTGTCCTCCAGATTCAGCATAAAACGGAGTTTTGTCAAAAATCATCTCATATCCTGAAATTCCTTCACTTTTAGCAATATGTAAAAGCGTGCTTTTTTCCTCAAAATTTTGTAAATATCCAGTAAAGTCAGTTTTTCCATGTTTTTCAAAAAATTCATCTATAAATTCATCTTTTATCATATCAGAAATTGTTGTTCTGCTGTCTTTTGAACGCTGCACCTGTTCTGCCAGTTTTTTCTCAAATTCTTCTTCTGATGCTTCAAATCCTTGATTTTCCAAGATTAATTTTGTAAGTTCAAACGGGAATCCAAAAGTGTCATACAGTTTAAAAGTCAGTTCAGCTGGCAATTCCTTCTGATTTTCTGCTTTTAATTTCTGAATTTCTTCTTCCAGCATTTCAGTTCCATTTTTCAAAGTTGTTGCAAATCTTTCTTCTTCCAGTCTTATAACTTTTTCAATATATTCCTGCTTTTCAGCTAATTCTGGGTATGCTTCATTCATTGTTTCAAGAACGTAAGGCACTAATTTATAAAGAAATATATCCTCTTTTTCAAAAATTTTCTGTTTTGCAGAACTTCCAGCTCCAAAAGCACGTCTTATAATTTTTCTTAAAATATATCCACGTCCTTCATTTGACGGCAATACTCCATCTCCAATTAAAAATACCGAGGCTCTAACGTGATCGGCAATAATTTTTACTGCTTCCTCATTTTCATTTCCTTGAATTTCAAGTACAGATTTTATCCCTTTTGTAATATTTGTAAACAAATCAGTATCAAAGTTGTTATCCTTGTTTTGCACAACTGAAGCAATTCTCTCAAGTCCTGCCCCTGTGTCAATATTTTTTTCTGGAAGTGGCACAAGTGAACCGTCTTCAAGCCTATTCCATTCAGTAAATACCAGATTCCAGATTTCTAAAAATCTATCTCCGTCATCTCCTGGCTTTCTATCAGCTTCTTCGTTATTTTTTCCCATATTCTGAGTATCGTAATAAATTTCGCTACAAGGCCCGCAAGATCCCACCGGTCCTGCCGCCCACCAGTTGTCCTCTTCTCCAAGCCTAACAATTCTTTCTGCTGGCACTCCAATTTCCTTGTTCCAGATTTCATAAGCCTCATCATCTGTTTTATACACAGATACCCAAAGTCTGTCCTCTTCCAGTTTCAAAACTTTCGTTATAT
NZ_AP019840.1_gap53	2499132	2501145	2013	GATAAAACAGGAATTTTTCCAGCTTTTGAAGTAACTTGTCACTTGTTACATGCTCCAGAATTTCCGCTTCTTTATGCACTTCTTCCTTATCATATCCCAACTTTTCAAATAAAAAAACTTCCCAAACCCTATGTTTACGTATAATGTCAAGTGCAAATCCATTCCCTTTTTCAGTAAGTTTTACTGTTTTTTTGTCAATAGTTAAATAATCGTCATTTACCAGCTTTTTTATCATTTCGCTGACTGAGGCTGGAGAGATATTTAAATATTCTGCAAGTTTTTTATTGGAATATTCCTTCTTTTTTTTTAAAGTATATATTCCCTTTAAATAATCTTCTATACTTCTGCTCATCTCAACTCCTTCCTATTTTAGTTTAACCTAATTCAAAAATTAGGCTTACCTAACAACAATATTATATTACCACTAAATACTTTGATTGTCAAGATACTTTTAATAATTTTTTTAATTCAAATCAGAAATTATAATTATTTTGCCCAAACCTTAAATTTTTTTAGTTTTTATCAGTTTATATTATTACATATTTACATAGTAGAAATCAGAAAATTTATGGAATTAAAGTTTTTTTTACAAAATTATGCTATTATACAATTTATTAACCATTAAAATATCCTTTAATTAAATTTTATCGTCAAATATCCATCTTAAGGACTTTTATAATTTTATACTAACCCCCTTTTGAAAATAGGAATAGATTTTTATAATAGGGTTATTTGATGGCTAATTCATAATCATTCAGTTAATTACTATGTTTTTTCTTTTTTATTTTCGTAGGATTGCTCATTGCCGCAAATCCTACAACCTATGGCTAGTCTACGACATTTTTCTGCACTGACAAAAAACTCGCTATGCTCAAACAGTTTTGCCAGCACAGAAAAATGCTCCGACGGATTAGTTTATGCTAGGCTTTGTTTAAAAAATGAAAATGATATTTTAATTATTTGAAAATATTAGGTTTATATCCTTTATTTAAAAGGGGTTTAGTATAAATAAGAAATAGAAAAAACTATTATTAATCATAATATTTATAAACTAAAATTATAAAAGTCCTTAAGATAAATACTTAAAAATTATATTTGACTTTTTTTTAATAAAGCTAACAAATTAATTGTTATAAAATTTTATTTCTATTTTTTAAATAGGATTTAGTATTAAATAATTTCAAATATAAAAATAAAAAGCATATTTAATAATATCAGGCTTTTTATCCAAATATTAAAAAAATATGCTTTAAATCGAAAGATATAAAATAGAAGCTGCTATAACAAAATATTTATATATAACTCTTCTAAATCAATTCAAGTTAATTTTTCTCCAACTGTATTGTATAATATTTTTTCAAAATAATAGTGTAACTTTGGTTACAAAAAAACTCCCGTTTAAATTTTTTTCTAAAAAACGGGAATTTACATACTTAAATATCTTTATTTACTTTTAACTTTTTAGATAACTCATAGATTAATTATTTGTTATTATCTTTTCTTGGAATAAATTTCCACAGTGTTGGAACAAGTAATGTTACAGCAGTTGATTTTAACGCATCTCCTGGAAGGAAAGGCAACACACCAACCATAAACGCATTTTTACCAGTTACAAATAACGATAACTGCAATGCACCTAATGTCAAGATAATCGCACTGGAAAGCATTAACGAAAGAATTGTTTTTACGTAAGATTTTGTAACTCCCTTATCAGCTAAATATCCTAAAAGAATTGTAGAAACAATGTATCCTAAGATATATCCTCCTGTTGCTGAAAACAAAGAACCTGCTTTAGCACCAGCGAAAATTGGAGCACCTAAACTACCTGCCGCAACATAGGAAAGTATAGTAGCAGTTCCTAATTTTCTACCATATAGTAATGCCATTAATGTAACTCCAAATGTTCCAAGTGTTATCGGTACTGGAGTATAAGGTAATGGAATCATAACTTGAGCCATTAAACTTAGAAATACTACTCCACCCAATACTAAAAGAACATTTTTCACAATTTCT
NZ_AP019840.1_gap54	2502226	2504182	1956	CTGCTCCAGCTCCCCCATTTTCAAATGCTGCGTGTCCATATTGATCATAAGCTGCCCTTTTTTGTGGATCGCTTAATACTTCATTTGCTTCCTGTACTTCCTTAAATTTGGCTTCAGCTTCAGGATTATCCTTGTTTCTGTCTGGATGATATTTTTTTGCCATACTCCTATACGCCTTTTTTATATCCTGTTCCGAAGCGTTTTTGGGTACGCCAAGCACTTCATAATAATCTTTTTTTGCCATTTCCTACTTCTATCCTTTCCACTTCTGCAAATTTTTATTTTTATAATTTTTCTTACTTTTACAAATTATAGTAAAATCACTCTAAAATAAAACTCAAAAATTATGATTATTTTACTTAAATCATAATACTGATTAATCTTAGTTAGTTAAATATAAACCATTATTATATAATACTTCCAATCAGACTTACTAAACTAAATAATAACAACATTTCATTACTTAAATTTTCAAAACCCTTAAAATACATTATAGAACCTGGAAATCTGACATATAAAATACCCACTATCGCAGCAATTAAAATATATACCCCCCCCATTACTGCTTCTTTGAACTTTCCAACTTCTTTTATTTTATTAAAAATTGAACTAATTAAAATATACACAAACACTCCATATAGAAATGATTTAAGATTTGTATCAAGTGGAAGTATATAAACTACAACCATTAACAAAGTTTCTACAACTGCACTTTCAAATCCTACTTTTAGTGCCCTCTCCTTATTAATCCCATAATAAATAAACCATGTAATTACAAAATATGGAATAAGCACATAATAAACTCCTAAAAATTCTGGAATAACAAAATTAAGATTAGAAAACAACATTCCAAGCGTTACTGAACCTACAGAAATTGCAAATTTTTTTAAATCATTTTTTAGCAAATCTAACATTTTAACTTCCTTCTATTATAATTCCATAAAAATATTTTCTAATTGCTGGAACTTATAATTTTTTAGTTTATATAATTTATATTAAACCTTAAATACCATACTAAAAATTATAATTATTTAATAATTGGTTTTAAAGCTAATTAAATATATTATAACCTAAATTTACAATAAAACCAATATAAATTTGAAATTTTTCTTTATTTTTTCCCTTCAACAACTAATTTTGCAAAAAATTCCTCTCCATCTTTCAATTTCAAAATTCCAATTTTTTCTTCTAATTTCCCGCTCGCACTTTCAAAGTCAGAAATTCCATACCAAGGCTCTATACACACATAAGGAGCTTTCGGCTTGCTCCAAAATGCAATATACGGGAATCCTTTATATTCAACGCTTAATTCTTTAGAATTTTTATTATTTTTTATTGTAACTTTTTCTGATTTTAAACCTTCAAATACTATTGCATCATCATCAAATACATTTTCAGTAATTTGAATCTTGTTAGTATTATTCAAATAATCAACTTTTTCATCAAAAACTAGCCCATTATTAGTAAGTTTATATTTTTGCGAAGTTTCATTTTTCTCAAATTCCAAATAATAATCACTCAATTTCATATCATCATTTACATCAAGTGCAAATGCAGGATGTGTTCCTAGTGAAAAATACATCTCAGAATTATTTTTATTTACAACATCATATCCAATTTCCAAGATACCGTCATTAACTGTATAAGTTAAAAACAAATCAAATTCAAACGGATATTTTTTTAAAGTTTCACTATTTGAAGAAAATCTAAATTTCAAAGAATTTTCAGTTTTTTCAACAAAATCAAAATCTTCTGTTCTTGCAAATCCATGTCGTGTAGTGATTTCATAGTCTTTCCCTTTATAATTGTATACTCCATTTTTTATGCTACCTACAAACGGAAACAACACAGGTGAGCTGGCAGCCCAGATTTCAGGATTTCTATCCCACATAAATTCTTCTCCATCTACCTTGTAACTTCTCAATTCAGCCCCTCTATCAGCAACTGCGATTTCAA
NZ_AP019840.1_gap55	2517735	2519779	2044	TCCCAAAATTTCTGAATACGTTTTTAAATAGCTGATAGATTCCCCTGTTTTAAGATTATTTATATAGTTCAATATCTCTTGCTTTATTTGTTGTGTCCAACGGTTATCTTTTTCATCAGAGTTCTTCACTTCCAGAACTTCCACTTTAATTAATAATGTACTGTATTTGATAATGTTATAGATTATTTTTCTCTCAAACACATCTCTTTTCAGTTTCTTTTCAAAAGTCTGTGCATTAGAATCCGCAAGCGTCAATATTCCGTCCGCCTTCAAATCTAATATAGTTTCAAAAATTTTATCATCAGGAGTTCCTTCGAGAAATATTTTAATAGTTCCAGCTTCCGTTGCTGGCTCTGTTTCAGGATCTAGTATCAATACATTTTTTACATTCTCCAACGCCATAAGTCCGTTATACAGTGCTGAATGTGTTGCAGTCTGTTCAATTGTTTGCTTTCTTTTTAACCTTGCTCTGTAAAGGCTATCACTTTCTTCATCTGCTCCACCAATTACATCAACATCATTTGTAATCTTAGCAACCCCACCGTATTCGGTTGTAAATGAAACATCACTTGTGATATTGCTCTCGTCTCCAATTTCAACTGCCTGAATAAACCCTACTCCGTAATATTCATTATTATCTAATTTATCCAATGTAACGTTAGATAATAATCTGTATTCTTTTTCAGCATATTTTATAATAGTTTGTGCTGGTATAACTCTATTCTTTTCTCCTGTTATTTTTACCTGTCCAGTTGCATACGCTCCTGGATTTCGTGGAGTTCTTAACAAAGTTCCGAAATAGTCCAAATATACACCTGTTGCCGTATTTAAATTCGTTTGATTATTGAGTTCCAAAAGTTCTTCCCATAATTTTGATAATTCAAACCCTATCGCCTCTGAATGAATCCCCTCAGGAGTGTTAAAATCCAAAGTATACTCATTGTCCTGCAATCTTGCTTTGTACCGTTTTTCTATATCTTTCATAATATCTAAAAAACTTTTTAATACAAACCCTGTATCTGTTACTCCAAAATCCATTATTCCTCCTTTCCTAAATTGTCAAAGTCTTTCCATTTTTCAACAATATTTCTACATCAAAATTATAATTTCCAGTTCCGTTTTTAAAATCACTTTCAAATTTTATTATTTCTGCCACATCTTCATCTGCCAAAATAGTTTCCTTTACTTGAGTTTCAATATTAAACTTTTCCAGCAAATTTCCTATCTGTCCGTTATTTTCGTTTCTTTTAATCCAGTAAATACCTTCGTTTTTATGTAAAAACCATTCGTTAAAGAATAGTCTTAATTTATTTTCAAGCCTTAGCCTTGTTTTTTCTATTTCAGAACTTAATACTATGTTTTTGCCCATTACAACATCAATTTCTTTGTTGTCATCTTTTTCAGTTTGCCAACTTTCAACACTTTTCATATCAACTGCCTTTCTAAAAAATTGTAACAAAAAAATCACAATCAAATTAATGACTGTGATTTAATGTTTCTATTTAATTTTCAATTTGGTCTAGTAAATTTTCTATTACTATTCAAAAAATATTTCATCCAGAACTTCAACAGGATAAGTATTTATTAGTCCGTATCGGCTGTCAACTGTTGTTCCTATTAATAAATCCTTTTCCCTGCATATCTTAGTCGCTTTCTTTCCTATAGAAGGTGCGTGGTATGATTTTGGCTTTATTCCTTTTATATTGGCATAGGCTATTACTGTTAAATGGTTGCTTGTTACTGTTCTTCTTTGATTGTTTTCCAATCTTTTTATGCTCTTGTCATTATCCTCAATAGTGTTTGCAAGTCCAATTACATTGTTCTCAATATTATTGATTCTGCTTTCAGCTTCTACCATCCATTGTGCCTGCTGTAAAATTAATTCAGCCTGTGTAAGAGGTTTTTTCTTCTCTTCATATTTTCCTGTTTTTCTGATTGCTGGAATAACTTCTGATGTTATCCACTTTCTAAATGGTTTCGCTTCTTTTTTGTCACTTCGTAATATCAGAGTATATAATCCACTTTCATTTGTGAAGTTAGTTAA
NZ_AP019840.1_gap56	2525091	2529978	4887	ATCGGATTCATTGCAAGAACACCATTTAAAAGCATTACAGCCGCAGATAAGGCTTTAACAATTGTTATTGCTGTTATTAAGCCTAGGAAAACTATTCCCCAAACTCTAACCTTCTCCTTATTCTTGTCAACCCATTCGCTCATTTGCTGTATTCTTTCAGTAAATTTCTCTACATTTTTCTTAAATGATTCCAATTTCTGCTTCACTTCATCAGCAGTCATTCCCCATATTTTAGTTTTATCTTTCGCATCACTTGATTTTGTACTGAAACCAAATATTGCTCCAATAACAGCCATTATTAAATCGCCGATTGCTCCTAATGCAGTGCCAAGACTTTGCAACGCCGATTCCCAGACTTTGCCTACATCAGCATTTTCCTGCAAATAATCCTGCCATTGCTTAAACAGATTAAATATCACAACTAATCCAACTGCCAATAACCCATAAAGAACTAATTTAAATAGACTTACTTTCACAATCGCTTCCTTTATTCCTGTGATAAACGGTCCGATACTTGCTTTTAATTTTTGAAAAACTAATTCTCCTACAACCAACGCTCCTAAAACAGAAACTAATTGTAATAACCAAGGAGCTTTTTCAGCAACCATTCCTATTGCCTCAGCAATTCCCATAAATAGTCCTGCAACTGGGACTAATAAAGGCTCTAATGAATCAAATACCGACGCAAACGTACTTGACATTGTTCCCATTAAAGTTTCAACTGCCCCAGCACTTCCTTGCATCATAAACTTGCTTAATTTTTCAGCCGCTCCACTACTATTTTTTATTTCGTTTTGAAGTTTTTTTAAGTCTTCGATGCTTCCATTTAATAAAGTGTTTACTGCTCTTCCACCTTGTACTCCAAAAATAGATTTTAAAACTCCAGCCTTGTCAGCGTTTCCCATTTTGTCAGTTACACCTTTTAGCCGTTCCAAAATAGAAGTCATATCCTGTAAATTTCCTTTTTCATCTGTAACTTTACCAATCAATTGTTCTAATTTATCTCGCTTTTTAAAATCTTTCATACTCTCAAACATTTGGTTTAATCCTGTACCCGCAGTAGAACCTATTAACCCATTATCATTCATTTTACCAAGCATTGCATAAACTGTTTCCATAGGAACTCCTAATGCTTTTCCAGAAGCTCCAACGTATTTGAAACCTTCAGCAAGTCTTGGCAAATCCGCCGCAGTATTTTTAGATGTAACAGCTATCATGTCAGTTACTTTCTGTGCTTCTTTTGCGGATAATTGATAAGAATTCATGTGCATTTTTACCATTTCGAGCGCTGGCGTGATGTCTGAATTAAATGCTTGTGCCAAATTTGAAGCAGCGGGGATAATCTCTTTCATTTCATCTTTTTTTATCCCTAAAGTTGCCCCTGCATTTATAGCTTGTGCAACATCCAAATTATTAAATTTGGTTGCTCCACCAACTTGCTTTGCAAGTTTCCTGTATTCTTTTAAGTCAGTTCCATACCCACCTGTTTTGGCAGAAGCTCCACGTAATTCATAATCAGTCTGTCCATATTCCTGTAACGCTTCCATTCCAGCCTGTGTAATAAAACTCCCAGCCTTATACAATGCTCCGTCACGAACTTTATTCAAAAGCCCTTTAACTCTTTTCATTGCGTTATCAGCACCTTTTGCAACATTTTTTAAAGGATCTTTGACTGATTTTCCAACAGCTTCCTTCGCCTTGTTCAATTCATCCATTTTCTTTTTAGTCGCCTGTGCATCTTTTTTGACGTTATCCAGCCCACTTTTAACAGTCTTCCCAGTTCCAAGCGACTTCATCATATCCTGAGCCATTTTAAGCTGGGATTTTAATTGATTTCCTTGAGATTGTAAGTGTTTTTTTATATGCTGAATCTGTTTGTTAAAATTATCCAAACTGGCTTTGTTTAATGCCTTGGCTAACCTTTCAGCTTCCTTTCGCATAGACTGTATCCAATACTTTGCATTCTTGTCTTTTATAACAAATTCTAATTCATAAGTAACTCCTACTCCGCTAGCCATTTTATCTTCCTTTCCTCATTTTCTTCTGTTCTCGCTCTTTTATTTTCTGTATTTCCGTATCGTAGAAACACATTTTTAAAAATGTTTCAAATTCCTTTTCAGGAATATCATTTTTGTTATATCTTTCTAAAAATTCAAATGAATTAAAACTTTTAAAGTTATCATTTAATTCAAGCTGAAATGCCAAGTTTTCGATTTCTGTTATATTTCTTAGCATTTCATCTTTGTTAATATACAACTTACCTTCGTAAAAAAAAGCTGGACTTTTATTTAAAGAAGGGATTTCTTACCACTTCCGACAGAAAAGTGGCTAATTCTGCAATTTCACTTGACGGAAAATCTTCAATTTCAAATTTTGGAAGTAATTTATCATTTTGAAAATCATTTACTACATCAGCAAATAAAAATACTCCTTTACCAGTTCCTGGATCAACTTCCATTTTAGAATATTTAATTGCCTGTTTTGTTGTCGGATATTTACAAATCACATCTTGTGCTTTACCATCCCAATTAATCAAAGTGTGATGAAATAATTGGTTTGGACGCAATCCACCTTGCTGTTTCAGTCTATTTCTTTCGTTCTCGTTTCTTCTTTCTTTTATTTCTTCTACTGTTTCCTCTGTCGCAACAGCCTCAACTACTGCTGTTTCATTCTTAACTTCCTTATTTTCAACTGCTTTTTTCTCATCATCTTGTGTTATAGGCGGCAATCCTCCCATTTCTCTTGACATATTGATTGCTTTCAATTCTTCTTCCGTGTATTTTCTTTTTTCTAAATTCATTTTACTTTCTCCTTATATTTCAATATATTAATTCAATAACTGTGATAGTTTTTACCACAGTTATTTTTTGTTTTAATTAACCCACAAATTCTCTACTTTCTGCATCGAATTCCCAAGTTCTTGCTTCTGTACCACTTTCATTAGCATACTTCAATCCAGCTTTTTTCTTAAATGAAACACTGTTGTAAATATACGTTTCATTCACGTTCAAATCAGTTAGCACTATAAACATAGGAAATAAGCCTTTGTTAGCTTTCCAAAGTTTATGCAATCTTTCCATTAGCCTATGTTCTTCGCTTCCGTACAACATATTCATTGTAATAGCTGTACTTTCATCAACTGACACATTTACCACTTTCTGTCCACAGCTTGCGATTGTAGAGCTCGAACTTTCTGAACTAGGATCATCTTCAAAACCATCCTCGTGTCTGCAATCAATCGAATATGGAATACCCGCTGCAGTTAATACGATTTTGACATTGTTCACATTATATTGTCTTGTTGTCATATCTATCTACCTCCTTTAATTGTTAAAAATAATTTCCCCGTCTGTTGTAATTGCTCCAGTAAGCGAAACGTGTCGGACTCCATTCAGATAAGTAAGTTTTAAATCAAATTTAAACTTTCCTTCTCTAATTGTTTCCTGTGTTATCTCTCCTACTGTCAAATGCCCTAATTTAATGCTTATCTCATTACCATTCTTATCTTTATCAGTAACAGTTCCGAAATAACTTCCAGCACCGTCTACCATAAACATTCCAGCACTCGCACCCTGTCTGCAACGTTCCCTTATAATCGCTTCTATCATTAATTTTCCTGTATCATTTACAGGTATTTTATCTTTTCTTACTTGAAATATAGTCAAATCTTTTTTTAGTCCATCTCTTAACCAAATTTCAATTAATTTTAATTCAATAAGCGTCTTATTATCCGAATTAAGCCCATTCACGATATGAAAATATCCTTGTGTTGGTTTAGATAAATAATTCAACCCAGCGTCCCAAAACGCCTTTTGTTCAGTTTTTGTGAAATTCTCCTGCACGAATCCATTAATTTGTGTAGAATGCACAATATAACTTCCCAAATCTTTGTATCCTATTGTTCCACCAGCTAATGCTCCAGTGAGCCAGTTTCCTTTTGCCAAGTTCTTAGCGCCTTCAATAACAAACGCTACATTATCAATATTATTATCCGTCTGTAGTGCTACAGCTTTGGCTGAATTTCCTAATTTTTCATAATTTACAGCTATAAAGAACTGTTTATCTTTATCGGTTTTTGCGTAAGCTATAATGCTGTCTATATAATTCTTCTCTGCAACTATATCCATATTAGTAATCCAGTTAGTAACCTCGAAAGCATCCTCATGATCCACGTAAGTTTTCATGAGTTCTGTAAATGTAGTTGCCGTGTTATTTCCATACACTACAACGTTTAATGGAGTGTATGATTGTGAATAGGCACTTGCGATTAACTTATAAAAAATATGATTTTCATCTAACCCACTCACATTCAGCTCCAATAAATCCTGTGGCTCTGTAATATAAGTTGGCGATATTGCGAAGTCTTTTGTAAAAAACATTAAACTTCTGACATCAGCATAAAATGCTCTGTTATTTTCTGATTTTATTTGTACATTATTCAATGTATTCAAATCATTTCTTTCTATTGCCATTATTCCTCCCTAAAATCTCTATTTATATAATGCTCTGCAAAATAGCTAAATTGCAGAACTTGCTTATAATATTTTCTGCCCATAAAATTAAAAGGTGTTTCCTGTATCTTGTATACTTTCCGTATCTTCCTTTGATGTTTTCTGTCATCAAAGTAATCATTTGTTGCGTCTGTATTAGCCAAAAACATATAAAGCATATCAAAATCGTTATGTTTCTCTCGTGATTCCAAAGTTAAAAGTATCTGTATTTCCTCATCGTAACAATATTTATCGTTTCCAAAAGGAATAGGACTTCCTGCATCTTCAATATACAGATTATAGAAAACAAGTGGAAATTTAAGTTTTTCATACTGTTCAGCCGAAATTTCATCACGTTTTTCTTCATTGATAATTTGATTTATGCCAAACTTTTTAC
NZ_AP019840.1_gap57	2558244	2559937	1693	AATACGTAAAGATGGCAAATTTTTATTCACAGGCATATTAGAGTGTACCTGTGGCGGTAAAATGTTTAAAAACGGCGTTAATTACAGATGTGATAAATGTAAAAAGGCAATCTCTATGAAAAAGGCTGAAAAATTTATAATACATAAACTACTAAATTTAAAAGAACTGGAGTTTTTGAACGAAAAGCCTGATTTAGAAAAGTATAAAAAAGATAGAGAAAATATAGACAAGCAAATCAAAAAAATAGATAGAGAAAGAACTAAGTATTTAGAATTATTTACTAAAGAATTGATAAATGAATTTGAATTAAATGACAAACTTGAGGAACTGAAAAATAGAAAACGAGTATTTGAAGATTCCTTGAATGATATTGATAGAATAATAAAAGATAAAACAATAAGCGAAGAAAAATTGGACAATATAAAAATCTTAAAAGAAGTGTTGGAAAATATGGATGAAACAGATAGATATAATTTGTTTTTGATGTTCAGAATGCTAATAAAAAGGGTGAAAATAAAAAAATATCAACCTTTAGAAGTGCTGATATTACTGAACTAATCCACCATTTTGTGTGGGCTTTTATGGTGCGAAAGGTGGGACTCGAACCCACATGTCGAAGACGCTAGATCCTAAGTCTAGTGCGTATACCAATTTCGCCACTCTCGCAAATTCATTATTAAATTTTTAAATGGTGAGCCATACTGGGATCGAACCAGTGACACCTTGATTAAAAGTCAAGTGCTCTACCGACTGAGCTAATGGCTCATTATTAATGGGGTGACTGACGGGACTTGAACCCGCGACAACCAGTGCCACAAACTGGCGCTCTACCAACTGAACTACAGTCACCATATATCTATAAAAATTTATCCTTATAAATAAAATGGAGCGGGAGACGAGGGTCGAACTCGCGACATTCAGCTTGGAAGGCTGACGCTCTACCAACTGAGCTACTCCCGCAAAATCTATAATGGTCGGTGTAGTAGGATTTGAACCTACGACCCCCTGCTCCCAAGGCAGGTGCGCTACCGAGCTGCGCTATACACCGCTCTAAAGAATAACCTTTATCTTCCAATTACTCTCAGACAAGAAATATAATATCATAAATTAAAATGAATGTCAACACTTTTTTTACGATAATTTCATTTTTTCTTGAATTTTTTGTCTAAATCCAGTCTTTTAGCTTATTTTATACATATTTTCAACTAAAATAGGGGCTATCTCATAAAGTAAATAAAATTACTAAATCATAAATTTATATATTTTACTATATTTATAAAATCAATAAAAATAATATCTGTTGATTTTTAAAAATATATAACATTTATGTTAGTGAAATTATTTTTGACTTATGAGACACCCTCACATATATCTATTATTTTTTTACTAATGTTACACTTACTTCAGAATCTTCCAATGCACTCCCATTAATAAAATTTCTTCCATCAAAATGTAAAATATCTCCTGGTGCTAAAACATGCTTTTCAGTTTCATTCAGGAACATTTCCATTTTCCCTTTCAGGACTATAAAAATAATTTCTTCGTTTTCGTGATTGTGCTTAGCTATTTTTTCATCCTTTTTCAAAATTTTCTTTACTAATTTAAAATTTTCTCCAGTAAACAATAATCCTGCCTCATTTTTTACATTTCCAAACATTTTTCTCTCCCATTTTATATTCTACTTAGTTTTTT
NZ_AP019840.1_gap58	2600296	2603435	3139	CAGCCTGAAGTCATGAACGCTCCCGTGCGAAAACGAGACGCTGAGTATCCTTAAATCCTTTTCGTCTGCCACTATCTGAGCCTTTATCGTGTGCTTTTTCTTTTTTCCTGAGTAGTATTTCCGCTGTTTTTTTTAGGACGCTCAATTTCACATTCCGTAGCATCAACCAGCACGACTTCTATCTCAGTGTCCCTGACAAGCTCCCTTTTTTTGGGCAAGGAAAACTCCCCGCTTTTTATCAAGATGTTTTCAACCCACTTAACGCACTCACAGACGGTACTTTTTGCAACACCGTATTCAAAGGCAATATTTTCCATAGTCCTGTAGTCACGATAGTATGAAAGCATAATTACAAGCCTGTCAAGGACAGACAGTTTTGGCGGATGTCCGCCTCTTAAATGTTCAATTCTGTATGCTTCATTCAAAAGTTTTAGCATTTTATCAAAGGTATTTTTTTTAATGCCAAAAATTTTCTGATAGTTTTCTTCTTTAAGTTTTTTTATTCTTTCAACATTATTTATCATTTTCATCACCAGTATTATTATACCCTGATATTGGTCTTTATACAAGGTTGTCGAACAGGTCTATTGTAGGACTGGATTTGTTCCCCAATCCTACAGATGTGAGAGCCCTAGGTGTTGCACAGCAATCTTTCCACAATTTTAATTATCAGGATAAACCTTTACTAAAAGATAAGGATTTGCAGCAATGATCAATCCTACAAAAATAAAAAAGAAAAAACTAATATAAAAAAATATTTATTAATCAAAATATCTAAAAAATAATAAAAAACAATTTAGTTGAATGATTATGAATCAGTTATTAAACAACCTTATTATAAAAATCTATTCTCATTTTTAAATGGGGTTTAGTATAAAATACCCAGTACTTCAAATTCACTCCTGCTATGGTTATCAGCTTTTTCATCAATTTACCCTTTATGAAATGAAGATATTCTCTTTCCGTCTATTCAATTTTCTCTTTCCAGTCAATTTTTTATTCTTTTGTCAGTTTAGTGAAAAAAACTACACCTCCTATCTTGTCGTATCCAAGATTCCGGGTGCAGTTCAATACCTATATAATCCATTTATCAAAAACATCAACTGATAATCAATTCATGTACCTAAAAGCGGATTCACTTTTCCTGTAAATAAAAAAATGGCGTCCCCGGTTGGACTCGAACCAACGGCCCTCTGATTAACAGTCAGATGCTCTAACCGGCTGAGCTACGGAGACACTAAAGAAAAAAAGTTTGGCAACTACCTATTTTCCCGGGACGAATCCAAGTATCTTAGGCGTGAACAGACTTAACTGCCGGGTTCGGAATGTGACCGGGTGTATCCCTGCTGCTAGCATCACCAAACTAAAATGAATATATGCTGTCGTGTAAGACAATGAGAAATAAATAGCAGAAGTAAAAGATTGACTAAAAAGCAAATGTAATATTAGTACCAGTCAGCTGAATGCATTGCTGCACTTGCACCCCTGGCCTATCAACCATGTGTTCTCCATGGGTACTGCGAATACTCATCTCAAAGCCGGTTTCTCGCTTAGATGCTTTCAGCGATTATCCGTCCCAGACGTGACTACTCAGCCATGCCACTGGCGTGACAACTGATACATCAGAGGTCTGTCCAACCCGGTCCTCTCGTACTAAGGTCAGATCTTTTCAGTATTCAAGCGCCTGCAGTGGATAGGGACCGAACTGTCTCACGACGTTCTGAACCCAGCTCGCGTGCCTCTTTAATGGGCGAACAGCCCAACCCTTGGGACCTTCTCCAGCCCCAGGATGAGACGAGCCGACATCGAGGTGCCAAACACTTCCGTCGATATGGACTCTTGGGAAGTATCAGCCTGTTATCCCCGGGGTAGCTTTTATCCGTTGAGCGACGGTCCTTCCATACGGAACCGCCGGATCACTAACTCCTACTTTCGTACCTGCTCGACCCGTCAGTCTTGCAGTCAAGCTCCCTTATGCGTTTGCACTCCCGGGCTGATTTCCATCCAGCCTGAGGGAACCTTTGAACGCCTCCGTTACTCTTTGGGAGGCGACCGCCCCAGTCAAACTGCCCATCTAGCACTGTCTCCGTTCCCGGATTAGAATTTCAACGGCATATGGTTGGTATTCCAACGACGACTCTGTTAAGACTGACGCCTTAACTTCACAGTCTCCCAACTATCCTATACACACACAGCCAAAACCCAATGCCAGACTACAGTAAAGCTCCACGGGGTCTTTCCGTCCTACTGCAGGTAGCCGGTATCTTCACCGGCATTACAACTTCACCAGGTCTCCAGCCAAGACAGCTCCCAAATCATTTCACCATTCGTGCAGGTCGGAACTTACCCGACAAGGAATTTCGCTACCTTAGGACCGTTATAGTTACGGCCGCCGTTCACCGGGGCTTCAATTTGGATCTCTCAACCCTCCTCTTAACCTTCCGGCACTGGGCAGGTGTCAGCCCATATACGTCGCCTTTCAGCTTAGCATAGACCTGTGTTTTGGTAAACAGTTGCTTGGGACTCTTCACTGCGGCCTGTTTCCCCTCGGGGCGTCTCTCCCTCCAGGTATATCAGGCACCCCTTCTCCCGAAGTTACGGGGCTATTTTGCAGAGTTCCTTAGCTAGAGTTATCCTGTCGGCCTCAAGTTTCTCACTCTGTCCACCTGTGTCGGTTTACAGTACGGGCGCTATTTCTCATCGATAGAAGTTTTTCCCGGCAGTGTAGGATCTGTGGCTTATGCATATGCACTTCCCCGTCAGGTCTCACATTTAGACACGCGGATTTTCCTGCGTGTCCATGCGCCCTTGAAAGGCTATTCCGTCAGCCTTCCCACATACCTTCCTGCGTCACTCCATCTCTCAAGCGATAATAGCGGTACAGGAATATTAACCTGTTTTCCATTCGCCATCACATTCTTGCTTATGCTTAGGTCCCGACTCCCCAGGGCGGACAAACCTTCCCCTGAAACCTTGGACTTCCGGCCGGCGGGATTCTCACCCGCCTTCTCGCTACTCATTCCTGCATTCTCACTTCTGATACCTCCAGAATGGCCTTGCGGCATTCCTTCGACGGCCTACAGAACGCTCTCCTACCAGGCGTGCAAGCACGCCTCCGCAGCTTCGGTTTATGTCTTAG
NZ_AP019840.1_gap59	2767621	2768427	806	CAAAAGCTGAGCATTATCCCCTATCAGATAAACAAAGTCAACTTTCTCCTTAACTCTTTCAATCAGAGGCATATTATCAATTTTCTTGTCATCTCCGCCTAAAATCATAATAATCGAATTATTAAACGAATCAATAGCCTTTAATGTCGATTCCACATTTGTCCCCTTAGAATCATTAATAAACGTTGTATTCCCTTTTACAAAAAAGTTTTCAAGTCTATGCTCCAACGCATTTGTTGATTTCAAAAATTCAATCAGCTTTTTATTTTCCACATTTAATATTTTCGCCGAACTTATCAAAAATAACATATTTTCCAAATTATGTCTACCCTTTAATGATAATTCTTCCGTTTTCATCAAAATTTCTGAAACTTCATCAATTTTTTCACCAAAATTCTGAATTTCGTCAATTCGTTTATTCAAATCCCTCATTATACGAATATCATTTTCATAAACAAAAACTGTTCCCTTTGTCTCTGTACTCAAATACACCTTTTGAGCCTTTATTTTCTCTTTTATCTCATTTCTTTCATACAACTTCGCAAAAACTTCATCATCCAGATTAATCAGCGCAAAATCATTTTCTTTCTGCTTATCAAAAATCGCAAACTTTGTAATATAATAATCTTCCACTGTATCATACCGTGTCAGATGATCAGGTGTCAAATTAATTATCCCGGCGATATTTGAATGAATCTGCGGATTATTTTCCAATTGGTAGCTGCTAAGCTCCAGCACAACATAATCCAGTTCTTCTTCATCAGCCACCAGTTTTGCAAATGAAAAACCTGCATTCCCGGCAAGTT
NZ_AP019840.1_gap60	2778134	2779096	962	ACCCCTCTTTCAAGTGCTGCAAGCAACGTGGATTTTCCATGATAACCTCCACCCACAATTAGCGTAATTCCTTTTGGAATACCCATTCCACTTACTTTTTTTCCACTTGGAAGTTTTAACGTAACCTCAAATTTTTCTGGACTTTTAAACTTAACTGCATTTTTCATAGGCTTATCCGAAACCCCACTTTCACGTGGAAGCACAGAACCATTAGCCACAAATGCAACAAGCCCTTTTTCCTTCAACATTTTTCTCGCATATTCCTGATCCAGCACTAGAATTACCTGCTCATTTAACGCTTTTTTATTCAAATTATCATAAATAATGGATTTTTCCACAATTTCAGGCAGCTGCTCAAAAATAATTTTCTGTGCGGCTTTTCCCATTATCCGTCTGCCTCTGGCAGGCATACCCATTTCAAACCTTACTTCAACTTTATCTCCCTTTATCAGAACCGAAGTTCTTTCCAAAATTTCCTGCCTGCATCTGTCAATAAAAATTCTTCCACTTCCCCCAGTTCCTGTACTGTCATTCCCACTTTTCTGAATTTCCCTGTAAAAATTTCTAGTAAGAAAATCCGAAACTGCAATATTCTTATCCTTCGTATCTGTCAGCTCATAAGGAATCCCACAAATTTTTCTATCCATTATAACCCTCATTTTTGAAGGCGGAGCATAAGGATCCGACTGCACGTGATCAATCGCAAGAACATACTTTTCAAACCTATATTCCCCTTTAAGCGACTTATATGCCGAATAACTTTTTCCATCCATTGAAAATAATATTTTTTCTAAATCTCTATAACTTTTCATCTTTTGCAATCTCTCCTTCTGTTTATTAATATTTTTCTTCACTTTATGTCCAATACTTATTTAGAACTGAACTCAAAGGTATATTTCTAGAGCTTCTAATTTATGTTTGAGGCTTTCATTTATCCATTTTGCTTTTCCAAGATTATTTAA
NZ_AP019840.1_gap61	2851538	2853597	2059	AATGTTAAAAAGATTAAAAGATATGGGAATGAAATTGAGTGAAATTAAGAAATATTCAGATTTACGGTATGAAGGGAACGGAACGATAAAAGAAAGAATGAAAATTTTGACAAATCATAAAAAATATGTAAATATAGAAATTGAAAAGTGGCAAAAATATTTACAAAATCTTGATGATAAACTTGAGATTTATGAGAGTTTTTTAATAAAGTAATAGAGATTAGAAGGAGAAAAAAGATGGAAATAAATGAAAATAAATTTATGTCGAAAGCAAAAAGCTTTTTAGTATTAGTTTTATTTACAGTAATTTACTTTTTCTTTCAGAAAACAATATATCCAGTATTAGCACTTTTGTTCTGGCTGGTTTTTGCGATGCCGTTAGCAGGAATTATTATTAATGCTTTGGAATTTTTACATCTTCCGCAAGTGGCTATGACTACTATTGCTGTTGTAATTTCGGGAATTGCTTTAATAATGGTTCTTATGGTTGTATTTGGCTTAGGATATTTGTGCAGTAAGTTTTTGAAAAAAATGGATAAAACAATATTAGGCTGTGTAATGACAGCGATTTTAATCTATTTTTTGTATAAAGTTTTTACAGAAACAGATGAAAGTACAGCAATGTTTGCACCGACAGCACGGGAAATACATATTTTCTGTACAGCATCACATATTTTTTACACAGTTGGAGTATTTTTTAGTGATAAAGTCAAGAAAGTATTGGACAGAATAAAATCTAAAAGAAAAAAATAAAAGAAGGAGGAAAAATAAATGGAAAAAAATACAAATCAGCTTGTGAGGAAACCGAATAATTTTTTAGGATTAATTTTATTTACGATAATTTATTTTTTAGTTCAGAATGTGATATATCCGCTATTAGGATTTTTATTCTGGTTTTCTTTCACGCTGATTTTTGGAGGAATAGCAGATGCTTTGGGAATTTTAAAAATAAAAGAAATTCAAGTTATTTTAACTTATCTATTTTATTGTGTTTGTCTGGTAATATTATCTGGATTTATGTGTTATTTAGGATATTTATGTAAAGATTTTTTAGGAAAAATGAATAAAATAGGATTAAATACCGTAATGATTGTAATATTGATTTATTTTTTGTACAAAGCTGTTGTTGGAGATCAAAATTCAATAATTGATGCTTTAATAGATGAGAAAAAGTATATATTTTGTACTATATTTCATATTTCGTATATAATGGGAGCATTTCATAGCGATAAAGTCAAAAAAGTATTAGACAGAATAAAATTTAAAAGAAAAAAATAAAAGAAGGAGAAGAAAAATGAAAAAAAATACAGATAAACTTATGACGAAACAGAATAATCCTTTAGGATTAATTTTATTTACAATAATTTATTTTTTAGTTCAGGCAGGGATATATCCAGTGTTAGCATATTTGTTTTGGTTTATTTTTACATTATTTTCTACTGGGGTTTTGTTGGAAGCTCCAGAGCAGATTTTGAAGATTTTTATAATTGTGTTTTCGTTGTTTTGCTTGATAATAATATTGGGAATTATGTATTTTTTAGGATATTTGTGCAAAGGATTTTTGAAAAAAATGAATAAAAAGGCATTAATTTGGATAATGATTGTAATATTGGTTTATTTTGTGTTTAGAGCTCTTTTTGAAAACAAAAATAGTTCGATAATGTCTTATTTGACAAATGGGAAAAAATATATATTTTGTATAATGTCGCATATTTCATATGTAATTGGAGTATTTTTTAGCGATAAAATCAAGAAAATATTAGATACAATAAAATCTAAAAGAAAATAAAAATATTTTTTGCAAATCTAATTTGTTTATGGCATTTTTATCTGTTATAATTATTTTAATAAGAATAAATGGATTATTTATAAAATAATTATAAATTTTTTAGATAAATTTAAAATAGGAGCAGTATTTATGGGAAGAAAACATAAAAATATAATGTTGCTGGGGACAGGTTCTAATGTAGGAAAAAGCATAATCAATGCAGGGTTTTGCAGAATATTTTGTCAGGACGGGTATAGTGTGGTGCCGTTCAAGTCGCAGAATATGGCTTTA
NZ_AP019840.1_gap62	2855214	2856283	1069	CGTTGAACAACTGATTAAAGTCAATCCTAGTAAGCCTATAATTAATATTTTAAATATTTTGTTCATAAAAATTTCTCCTAACTATTATTTGGGGTAATTGTTTAATAATCTTCATACGTACAGATTCTTCCAGTTCCAAGCATACCTGTATCTGATCCGCTACAACCTGTAAATCTTTTATTCTCATACGGTGTTTTACTGCACTCTTTCTTACGTCCATTTCTATCTAAAAGACAATGTGGTCTATCAATTGAGGTTTTTCCTGTTCTAGGATTATAAGATCGACCTGTCATATCGTCATCTCTCTGAACTGATGCCCAAAATTTTGGACTAAACAATTCACAACTTGTAACTGTTAATGCTAGTAAAATTAAAGCTAAAATTTTAAATACTACTTTCATAGACTTTCAACTCCTTTAATTTATTTTCTTTATTTTTATTATACTCTATGTTCTAAATATTGTGATTTAATTCTCATTTGTTTTATCTTTTTTTTTTTTGAGTATAGTTTAATTATAAATTGAGCGAATAGAGTTAGAGTCTATGATTGAACACTTTATATCTTGCATATTTAAAAAGTAAAATGACAATAAGTTTTTATATTATTCAAATTTACTGTTATACATTATAATCTATAAAATAAAAAAATAATAATAGTAAAAAATATTTAAAAATAAACAAAAAAAATTATAAATATTCAAATATATGTTTGATTTTAAAAAATTTTTAATGTAAAATAAAATGAGAGATTGCATAAAAACAATTTTCATAAAATGGAGGAAAAAATGGATTTTCATGGTGGAAATATTTATAAAATATTCAGGGAAAAAAATATAACAGAAATACTGGATTACAGCTCAAATATCAATCCTTACGGAGTGCCTGAGAGCCTAAAACGTAAGATTACAGAAAATATTGGGATTCTTGAGAGGTATCCTGATCCTGACTATGTGGAATTGCGTGAAAAATTGGCTCAACTGAATAAAGTTGAACTGGAAAATATTGTGCTGGGAAATGGTGCGACAGAAGCTATATTTTTGTTCATAAAAGTAATAAAGCCCGAAAAAGT
NZ_AP019840.1_gap63	2859063	2859956	893	AACTCCCACTTTCAGCTTTTCCATTTTTTGCAGCTAAAGCAGAGAAATTTTTGCCATTAATACTGATGTATCCTGGAACAAATCCGTATTCTCTCCTTGTTTCTCCTGCCATTACAGCATCTATAGCCTTTCTGACTTTAGGATTACTTAATGCTTTTACTTTAGTATTGAAAACATAATAATGAGAAGAACCTGTAGATAATCTCTGTGTTTCTTTCATGTCATTTTTCAGTTTGGCTCTTGAAAAGAACTGAGAATATACAACAGTTGCATCTATTCCTTTACTTTCAGCAATTCTTTTATGGTCGTCTCCGTCCCATAAACCGCCATAAACATTGATTTTATTCATTTTTATACTGTTACCGTTCCAGTAATTTTTATTTTTTTCCAATAATAATTTTCTTTTTCCTATACTTTTTATGATATAAGGTCCTGAATATAAAATATTTTCAGGTATTTTTCCGTATTTTTCTCCCAATTTCCCAAAAAATTCCTGATTTAAAGGTGAAAATTCTACTTTTGTCATTAACATATCAAAATATCCTATCGGCTTGGTTAGTTCCAGTTCAATAGTTTCATTATTATCCAATATTTTTATCCCTACATTTTCGGCTTTTACCTTTCCTTCATAAAATTCTCTGCCGTTCTTTATAAGAAAAAGGACATCCGTATTCGGAGATATTATTTCAGGATTCAGCATTCTCAACAATGCAGTTTTAAAATCTTCAGCTTTTATAGGAGTTCCGTCAGAATATTTCAATCCTTTTCTCAGATGAAAAGTCCACTTGGTTTTATCCTTGCCTGTTTCCCATTTTTCTGCCAGTCCGGGAACTATTTTCCCATTTTCATCAATTCTGACAAGTCCTTCAAATAAAAGGTCAAAAATATCGGCA
NZ_AP019840.1_gap64	2880789	2881374	585	GACGGTTAAGGACAGTCCAAAATGGCTTAAGGAAAGAGTAGAATCTATTGGAATCAGAAGTATTAATAATATTGTAGATGCTTCAAATTTTGTGATGATGGAACTTAATCAGCCTAATCATGCTTTTGACCTTGATAAAATTGAAGGTGGAAAGATTGTTGTGAGAGCAGGGCTTGAAAACGAAAAACTGGTTACGCTTGATGAGCAGGAAAGAGAGTTAAATAGTGATGATATTGTAATTTCGGATGGAGTGAAAGCCGTAGCACTTGGTGGTGTAATGGGCGGAGAAAATTCACAAATTACTGAAAATACCAAAAATATCCTTCTAGAAGTGGCAAACTTTAACTCGCAAAATGTCAGAAAAACTTCAAGAAGATTGACTTTATCAAGTGATTCTTCATATAGATTTGAAAGAAGAGTGGACGAGGAAAATGCGGTTAATGTGATAAATAGACTTGCAAACTTGATTCAGGAAGTAGCAGGTGGAGAAATATTGGCTGGAGCTGTTGATAATTATCCTGTTCCTTATGAGAAAAAGTCTGCTGAACTTAATTTTGAAAGACTGAACCGTTTCGTTGGAAAAGT
NZ_AP019840.1_gap65	2890232	2891084	852	CCTTCCCCACCTATTTCAGTATTACAGAATTTTTTAATTCTTATTTTGCTTGCTCCCTGAATAAGATCCATATTGCTCATAAGTTTAGCAACTGCCGCCACCATTTCACTTGTAAGCCCTTTGCTTATTCTTTTTATATCGTCCCCTGTCGTATGTGAATCCAAAATCCATTCTCTTAATTCACTTACAGTCCAGTTTTTTATTTCTCCAAAAATTTTTTCATTTACAGCGTCCTGTATAATTCTTGTAACTTCATCTTCTTCATAAGGTACCGCTGGATTATTTCTCAAATCCGCCAATGTCAATTCAGCTAATACGGCTTTGGCAGCTACTCTTTCTTCCGCTGTGCTTGCACTTACTCCAGCAAGTTCATCTCCTGATCTAAATTCACTTGCTTTATTCTGCACATCTTGACAGAGTAAAAAATATAGGGGTAAATAAATTTAATCAAATTTTTAATTAACAAAAAAGAGGAAACCAGTTACAATATAATCGCCAAATCCTATTGAAAGGTGGTTCCCTCTATGATTAGAATATCAGATTTTTCCTCGCTTGTAAAAACTTTTTTTAAAAATATTTTTTCCTTCAGACTTCCGTTTGAGCAGCAGTTTAAGCTGTTTGTTTCAAAGGCCTTTGAAACGCTGTTTAGAGTTTATGTCAAAAAAGTTGATGATGCCTTTTTTCATTCCGATGAAAGAAAAGATAAATTTAAAAGCAAAGGATTTGTTAAAAGAACTATTACTACTGCTTTCGGGCATGTCACTTTTGAACGTCGCAAATATGTAGACAAGAAAACAGGCATTCACTACTACATTGATGAAAAAATTGGGCTTAAGCGGTACAGACGGCTTT
NZ_AP019840.1_gap66	2892872	2897189	4317	GTGATCTCCTGCAAAGATTACAATTTCCGGCTGCTCCAAATCCATTACTTGCTGAAAATAATCAAGCCTTCCGTGACTATCGGAACAAATTAATACCTTCATTAAATCTCCTCTCTCCATATTCCTTTTTGTTTATTTCTCCATTGAAAAAACTTTTTTACATACTTAAATTCAAACTCAAACTTTAATAAATTTATCTCAAAACTAAAATTCAGATATGTTAAATTCAGGCTTCAAAATTTATTTTTAGTCCAATTTGTAGGAGTTTTTAGCAAACATTATCTTTTTTGACAAAATATCTTAAACTCCAAATATATTTTAGTAAGTAATTTATTATTTATATTATAACATACTTTTTAATTTATTCCTAACCTTCTATATTATATATAAGAAAACTACATTTTCGGTAATGTATTATATATTATAATCTAAAAGATTTTATAAAGTATATTATTTTTATTATAATTTTCTTTATTTTTAAGAATTTCTAAAAATCAAAAATTCCCATTCTTACTGAAAAATATTATCTAGATAGCTTTTTAAGCATATTTTGCTTGTGAAATATAGCACAATTACTCGTATTAATTTTATAATAATTTTAAATTACCAATTATTTTGTTCTAAAAATGAAATTATTATAGGAAAATTTTTGTCCAAAAAAAATTAACGTTTCTAAATAAGATTTTTTTTAATATCTATTTTCCAAAAATCTTTTAAATAATTTAGGTTTATATGTATAATAAATACATTTAAATAATGAAAATATAAGTTACAGTGTTTTTTATATATTTTCTTGTGGAGAAAATTTACTAAACAAATATTTTTAAAACATAACTTTTAATCTAATTTAATTCTTCAGATTATGTCTTAAAAATATACTCAAATATCATTATTAAAAAAAATAATTTTTGTTTAAAAATCAGATTTACCCAAACAGAAATTATATTTTCTATAAAAACTGTTTGAGTAAAATCTATTTATGGACAAATAATTCAGAATCAGGTTTCAACTTAAAATTCTGCATTAATAATGATTTAGATTATACGATAAATATTGGTTTTTGAAGATTTTCCAATATTCTGACTCCCAATTTACCAGTAATTCTTTCCACCATCACCGTATATCTCAAATCTCCCATCAGAACCAAGTCATAATTTTGGGCTTCATTCATAATTGTCTTGAAAGTATCCCCTTTTTTGTGAATAAGGTTGTAATTATCTCCAAATCTTTCTGTTAAACTGCTTTCGTCCTCTTCTTCAACGTTTACACGCAATACATCCATTTTTTGCTCACCAAATATATGGAAGAAGGTAAACAATGTTTTATTTGCATTATAAGCACCGTCATCAAGCAGCACCAGATTGTCTAACTTGAAATTTTCTACATTCGGCAATATAATTAAAGGTTTAAATATACTTCTTAATATTTCCTTTAATACAGGAGTTACTTTGTCATTTTTTACAAGTACAAGTAAATCGTATTTTTTTAACTCTTCCAAAACAATTTCAGATGTTTCTCCGTCTTTTGTATAAAAGTTTGAAACATCAGCAGTCATTTTTTCCTTTAATTTTTTTACAGTTTTTTCTTCCAGTTCCCTGTATTCCTTAAAAGCGTAGTTTGCTCCAATATTTAATCCCATTCCTTCAATACTTACAGGAAATACCTCATATTTCAGGACATCCTTGATGTAAATAACGTCAACGTCAGCGTTATATTTTTGCTTAAACACTTTTGCAAAACTAACCAATGGCTGTATTTCATTTTCTGCCGTAACTAAAAATAATGCTTTTTTTTGTAACATTTTAACCACTTCCTTCTATATGATAATTTTTTTGTTTATCCTTTTTATTGTTCATCTCCGCTCAATTCAGGCTCTTCTGTAATTTTTACCACTGAAGCAATTTTTTCATTATTTCTAACTTTCATTATTCGCACACCAGACGCTGAACGTCCTATTACAGATACGTTATTAACACTCGTTCTGATTAATGTACCTTCTGATGTGATAAGCATAATCTCATCATTTTCCTTGACAATTTTTACATCCACGATTTTTCCAGTTTTATCATTAAGTTTTGCATTGATAATCCCTTTTCCACCTCGAGATGTCAGTCTGTATTCTGATAACTTAGTACGTTTTCCATACCCTTCTTCAGTAATTGTAAGGATTCTCATTTCATCATTATTCATTTCAGAATTGACAACTGCCGCTCCTACAATTCTATCCTTATCCCGAAGAGTTATTCCTCTTACTCCGGTAGCTCCAGTTCCCATGCTTCTTACATCTTTTTCAGAAAATCTTATGGCGATACCGTTTCTTGTAGCGGCAAACACTTCATCTTCGCCAGTTCCGCTCGTAAGTCCGATATACATCACTTCATCATCATCATTTAACTTGATTGCACGTTTTCCAGCTTTTTTGATATTGTCAAACAAAGTCAGTTCAGATTTCTTAACAACTCCATTTCGTGTTACAAAGAATAAATTTTTATCCTTTTCAAATTCACGAACTTTTATTATTGTGCTGACTTTTTCATCATCATCCAGATTTATAATGTTTCCAATCAGTTTTCCACGTGCCTGTTTTCCAGTTTCAGGGATTTCGTACACTTTTATGCTGAATACTTTTCCTTTTGTTGTGAAAATAAGCAATGTATCAAGAGTTTTTGCTATGTACATGTCTTTTACGACATCGTCTTCTATTGTATTTGTAGCATTTACTCCGATTCCACCACGTTTTTGAGAACGGTAAGTGTCAATTGCCACACGTTTTACATAACCTTTTTCTGTAAGCGTTACAACAACTTCTTCGTCCTTAATCAAGTCTTCTATGCTGATTTCGGCTCTTGCATTTCTGATTTCAGTTCTACGTTCATCTCCGAAATCATCTTTTAATTTAAGTGCCTCCTCTTTAATTATACCATATATTTTTGAATCATCGGACAAAATTCCAGTTAATTCTTCAATTAATAGCATAAGTTCATTATATTCCTGATTAATCTTATCTCTTTCAAGTCCAGTAAGTCTCTGTAATCTCATATCCAGAATAGCTTTTGCCTGAATTTCCGAGAATCCAAATTTTGCAATTAATTCAGTTCGTGCAACATTTGCATCCTTTGAAGCACGTATAATTCTAATTACTTCCTCAATGTTATCAAGTGCAATTTTGAACCCTTCCAAAATATGAGCCCTATTTTTAGCCTTTTTCAACTCAAATTCAGTTCTTCTTGTTATTACTTCGAATCTATGTTCTAGATATTTTTGAAGAACCTGCTTTAAATTCAACACTCTTGGTGCATTATCCACAAGTGCAAGCATAATTACACCAAATGTATTTTGTAAATCAGTAAATTTATAAAGACTGTTCAGAATTAATTCACTTTCCTCGCCTTTTTTCAGCTCAATTACAATTCTGATACCGTCCCTGTCAGTTTCATCCCTCAAGTCAGATATTCCAGTAATTTTTTTCTGTCTAACCAAATCCGCAATTTTTTCAATAAGTCTGGCTTTATTTACTTGATACGGCAATTCTGTAACAATAATCGACTCTTTTCCAGTTTTGGAAGTTTCAACTTCCACACGTCCTGCAACCCGCAGTTTTCCACGTCCAGTTCTATAAGCATCATAAATCCCCTGTTTCCCGTTAATTATACCGCCAGTTGGAAAATCCGGCCCTTTTATATATGTAATCAGTTTATCAATCGAAATTTCAGGATTATCAATTAATGCAATAATTCCGTCAACTACTTCCCCTAAATTATGTGGAGGAATATTTGTAGCCATTCCAACTGCAATTCCATTTGCCCCATTTAGTAGCAAATTAGGAAGTTTTGCAGGCAATACAACCGGCTCATCCAGACTTTCATCAAAGTTCTTTCTGTAATCAATCGTATCTTTTCCAATATCCGCAAGCAATTCTTCAGTAATTTTAGCCATTCTAGCTTCCGTATACCGCATTGCCGCCGCTTCATCCCCATCAATCGAACCAAAGTTTCCATGTCCGTCGATAAGTTCATATCTCATATTAAAGTCCTGTGCCATTCTAACCATTGCACCATAAACTGATGAATCTCCATGCGGATGGTATTTCCCCAATACATCCCCGACAATCCTTGCTGATTTTTTAAACGGAGTCTTGTGGCTCATCCCCATTTCACTCATGGAAAATAAAATTCTTCTATGTACAGGCTTTAATCCATCTCGCACATCTGGTAAAGCACGGCTCACAATTACACTCATCGAATAATCCAAATAAGCCGCCTTTATCTCATCTTCAATATAAACATTAGATTCATTTGATAAATCCGTAGTCTTAGG
NZ_AP019840.1_gap67	2903146	2903646	500	ATCCTTTGTTTTTTTTATCTTGTTAATAGACATCTTTCTCTTCTTTTATTTAAAATGAGTGAGAGCTTATTATATTGAACTTTTTTAAAATTAGACAAAAAAATTAACTAAACACGAATTTGTGTAGGATAGGTTTAACTTTTGTGTCCAGTTTTAAAAAGGTTCTGCTATAAGAAAGCTCCCTTTTAATTTAGATATTAATGCTTTTAAAAACCCAGTGTTGAATTTAACACCGGGTTATGCTGATAATTTAGCTCTTCCTTTAGCTCTTCTTCTTTTCAAAACATTTCTTCCGCTTTTATTTTGCATTCTTTTTCTAAATCCATGATCTTTTTTTCTTTTTCTTTTATTTGGTTGATATGTTCTTTTAGTCATCTTTTTTCCTTTCTATTTTATTTTAAAAAAATTTCTTCGTCTTTTATCAACATTATATACAATATTCAAAAAAAAGTCAAGTTTAATGCTCTATTCAAAAAGTAAATTTTATTTAATTTTTTTTA
