gap_id	start	end	length	sequence
NZ_AP019796.1_gap1	70071	71699	1628	AACCGGCGTGGCTCGATCGGGCTGAGCCTCTCGTTCCCGATCTTCGATCGGTTCACGACGCGCCACAACGTGCAGCGGGCACGCATCGAGCTGGAAAACACCCGCCTGCAGCTTCTGCAGCTTCGCCAGGAGATCGCCACGCAGGTGCGCCAGGCGTATCTGGACTACGAGACGGCCCGTCAGCAGTACCGGGCGGCCCAGGCACAGCTGCAGGCCGCCCGCCAGGCGCTGGAGGCTGCCCAGGAGCGGTACAACGTGGGCTCGGCCACGCTCGTCGAACTCACGCAGGCACGCGCCACCTACGTGCGGGCCGAGTCGGACCTGGTGCGGGCCCGCTACACGCTGGTGTTTCGCCAGAAACTCATCGACTACTACGTGGGCACGCTGGTGCCCGAACTGGACGTGTTACGGTAAGCCAAACCTGAGATCAAGACCATGGCCCTTTCGAAAGCAACGCGGCGTCTGTTGATCATTCTGGCCGTCATGCTCGGCCTGCTGGTGGTGATCGGCGTGGGCGGCCGGGCCCTCGGCCTGTTCAAGCAGGAAGCCGGCATTGAGGTCGAAGTGGCAAAGGCCGAACGGCGCGACATCACCCAGGTGGTTACGGCCTCCGGGCGAGTGCAGCCCGAGGTGGAGGTGACGATCAGTCCGGACGTCTCGGGCGAGATCGTCGAGCTGCCGGTGCGGGAAGGCGATCGCGTGGAAAAAGGCCAGTTGCTGGCTCGTATCCGGCCGGACTTCTACGAGGCGCAGGTGCAGCAGGCCGAGGCCGGTGTGGCGCAGGCGCGGGCCACGCTCAAGCAGCGCGAGGCCGATCTGCTCCGGGCCGAAGCCGAGTTCAAGCGCCAGAAAGCCCTCTACGAAAAGCAGGCCATCTCGGCCAGCGACTTCGAGGCGGCGCGCACGCAGTACGAGGTGGCCAGGGCCGCGCTGGAGGCCGCGCGCTATGCCGTCGAGAGTGCAGAGGCGCAGCTCCGCGAAGCCCGCGAGCAACTGGCCAAAACCATCATCTACGCGCCCATGAGCGGGATCGTAAGTAAGCTGGACGTGGAGCTGGGCGAGCGCGTGGTCGGCACCAGTCAGATGGCCGGCACCGAGATGATGCGCATCGCGCGGCTGGATCAGATGGAAATGGAAGTGGAGGTCAACGAAAACGACGTGGTGAACGTCTCGGTCGGCGACACGGCCACGATCCACATCGACGCCTATCCGGAGCGCACCTTCCGCGGCGTGGTGACCGAGATCGCCAACTCGGCGCGCATCACGAGTCAGGGCACGCAGGAGCAGGTCACCAACTTTCCGGTGAAGGTGCGCATTCTGGGCACGGTCGCGCTCCCCGAGGCGACGCCATCGCCCGTTGCCCGGGCCGAAGAGGTGCCGGCCAGCGCCGAGCTGCTCCCGCCGTTGCGGCCTGGCATGAGCGGCACGGTGGACATCTACACGAAGACCGTCTTCGACGCGGTGGCCGTGCCCATCCAGGCCGTCACCGTGCGCGACTTCAACCGCGTGCGGCCCGAAGGCGAAACGGCCCCGGCCGACACCGCCAGCAACCCGCTGGCCCTCAAAGAAGATCTCCGCAAGGTGGTCTTCCTCGTGGAGAACGGGAAGGCGAAAATGGTGGAGGTGGA
NZ_AP019796.1_gap2	86682	90356	3674	ACGCTCTTCCTCGTTCCGATAGCCGTCGTCGATGGGCTGCACCGGCCGTCCGTCGTATTCCTCCACGTCGCCGCGGGCCTCGATCCAGGGACGCCGCAGCGGCGGCAGACCCTGGCGAATGTCGCCGTGAAAGTCGGGGTCGCCCCACGGTCCGCGCGTGTCGTAGAGCAGAACCGGATCGTTGGGCTCCAGGCTTCCGTCCGGCAGGCGCGTGGGCGAAAGCTGAACCTCCTTGAACGGGACGCGCAGCTCCGGATAGCGGTTGCCCTGCACGTACACGCGCCGAATCGCAGCAGGTGGCTTGGGAATCATCGTGCCCTCCCTGGGTTTTTGGGTGACGGTTTACCGACGGTCAAAACCCGGGGGCACGCAGAGAAAGGCACCAACGGCAGCATGTGCGATCGGTGACCGTTTCCCTGCGCCGGCATTACCCGGATCAGGTTCGAAGGGTATGCTCTCAGCCCTGTCCCTTGCGGGGACAGAGCACCCCCACGGTCTGCACTGGCCAACGTCGCGGAAAACAAACCGTTCCCGTCGTCGGCAGGAGATCGGGTTTGCAGGGACGCGATTTCGGACCGGGCGATAAGTGATGCGCCGTGGCCAATCCCGTTCGTCAAACGTGCGGCCTTACGCTTCGGCCGGGGCAGGGCCGGCTGACCTTCGACACGTGCCGAGATTTCTGTTGTGCCGATTATTGTTTAACCTGTTAAAAGTTACAATTTTACAGGCGCTTTTCCTCTTGACAGATTGTGTGTGTGTGTAACTTAACGGCAGCTTCTCAAAAGCAAGGACTTTTCACCAACCCGGACACTTCGGGCCATGTCGGCGGTGCAGAAAATCGGCCTGGGCCTGCTGCTCCTGGCGCTGAGCTGGGGCCTGCACGCCTGGCGACTGCACCGAAGCGTGCCCGAGGTGCCCTTCCCCTCCGAGGCCCTCGTACCGGTCTGGACCCCGGCCGAGAACTCCGAGCCGACGGACGCAGCGGGCGAGGTGCTGCTGTTTTTCAGCCCGAACGAATGCGGCCAGACCGTGGCGCGTACGGCCCGGGCCTGGGTCGAAGGGGCCCATGCACTGGGTTTTCGGGTGGTGGGGATTCTGGAGGATCGGGGCCGGGAGCTGGCGCGGCGCTATGCAGCGGTGATGGGGTTTCCGTTCGGGGTGTGGTGGGATTCGCTGGGCTGGTACGGGCGGCATTTCGGGGAGGCGGCGTTGCCGCGGGCGCTGGTGCGGCGGGAGGGTCGGGTGGTGGGCGAGCTGGGTCCGGAGGTGTTGCGCACGGTGGGGGATGCTTCGTCGGTGCGGCTGTTGTTGCTGGGCGATCACCGGTGATCGGATAGAGGGCGTATGTTTCACAAAAACAAAAGGAGGTGAGCTATGAGACGCTGGAAGGATCGGCTGGCGACGTTGTTTCTGGTGCTGGCGCTGGGCCTGAGCCTGATGCCGTGGATCAATGAAGCCCGACCGGCAAAGGCAGATCTTCAAATCTGTTACAATATCCAGTAGAAGAGATCTGTGATATCCCTCCCCTCAACTGCTTCTGTGAGATTATCATTACACCGCAGTGATGGCGTGGGGAGTTGTTAACAAGGGGCTCCGGTGGCTGTGGGTTGTGGTTGCCGGGGCCTTTTTATGCGGGTGCGGTGCAGAAAAGCCCGCCGAGGTTCGGGCCATGCTCGTGCCGGTCGATACGATCCACCTGCAGGAGCCCGATACGCTCTTTCTGGGGGAATTTCTGTGGGTTGAGGTGGAATTGCAGCCATTTCGGCTGTATGTGCCAGATCTCCGGCTACGGAGGGTGGTGGTCTACGACAGCTTGGGACGACCCGTTCAGGTGATCGGTCGGCCAGGAACCGAAGCGCCAGGGACGCTCTACCGCGCCGTTCAGGTGCTCGTACATGGTGAATTGGTTTATGTCCAACAGGAATACAGTCGGGTCAGCCGCTTCACGAAGACGGGGCGTTTTATCGATCGTCCTCAGTTGCCGGAAGGCTACGGGCTCAATGCCGGCTTTCGTTCTCTGGACGAGGGGCATCTTGTCGTGCCTTCTGTGGCGATGAGTGAGCCCTGTTCGTCGTGGCTGGAGCCGGCCTGTGAAGAGACGCGGGCGTTTTCGGTAGTCGACACGGGGCTGAATCAGGTTGTTTACCGCTTCGGAGTGTACCCCCAACTTTATCAGGAGGGAAACTACGTGCCGCGTCGCGCCGCCACGGATGTATTACCCGAAGCGCGGCTGGCCGCAGCGGTCTATGAGCTGTCCTCGGAGTTGCAGCTGTATTTTCTCGGGGAACGGGAGGGGCGTCTGGTTCGGCGCATTGTGCTCCGGCATCCTGCATGGCGTGATCCTCCGGAGGATATGCGTGCCGAACTGGCCGTGAATGACCGAGCGCGTTTCAACGAGTTGATGTTGCAAAGCTCTTTTATGAAACGTGTGTTTTTTGTAGCAGACACCCTGGTTTTAGCACACTTTTTCAACTTGAAGCCGCTTTATTTTGAGTTGCAGGGCTGGGACGATCGCAAAGTGATGCCCTATGGCGTGCTTGCTTCGATTTCCGGACGATGGCAGCAACCCCTGGATATGCCAGGATTGGTGCTGGGCCGAGACGAGGCTTTTCATCTCTACATCCGATTGTCGGACGAGCCGGACCGGCGGCTGATCGGGCGCTTTCGTGTGGAGGTGCGGCGGTGAGGAGTGTTCAGCCTTCCTCTTCGTCGAGCAATTCGTCTTCGATTTCTTCTTCGGGCGTTTCTTCGTCGGTGGCGAGCTGGTCGAGGTCGATGAGCTCTTCGTCGGCGCCGTCGGCGAGCGCGGCCGCACGGGCCAGCTCTTTGCGCAGGAAGCGGCCGGTGTGCGTGTCCTGCGCCGCCAGCTCCTCGGGCGTGCCCGCAAACAGGATGTGGCCGCCGGCATCACCGCCTTCGGGTCCCAGTTCGATCACGTGGTCGGCCACCTTGATCACGTCGAGGTTGTGCTCGATCACCAGCACCGTGTTGCCCTTGCGTACGAGTGCCCGGAGCACGGCCAGCAGGTGCCGGATGTCCTCGAAGTGCAGGCCGGTGGTCGGCTCGTCCAGGATGTAGAGCGTGTTTCCGGTGCCGGGGCGTGACAGCTCGCGGGCCAGCTTGATGCGCTGGGCCTCACCGCCCGACAGCGTGGTGGCGGGCTGGCCCAGCCGGATGTAGCCGAGCCCGACGGCCTGCAGCGTGCGCAGCTTACGGGCGATGCGCGGCATGTTCTCGAAGAACGCCAGCGCCTCGTCCACGGTCATCTCCAGCACGTCGGCGATGCTCTTGCCCCGGTAGCGAACCTCCAGCGTTTCGGCGTTGTAGCGGCGGCCCTTGCAGGTCTCGCAGGTCACGTGCACGTCCGGCAGGAAGTTCATCTCCAGCTTCACCACGCCGGCGCCCTTGCAGGTCTCGCAGCGGCCGCCCTTTACGTTGAAGGAGAACCGGCCGGGTTTGTAGCCGCGGAGCTGGGCTTCGGGAAGCCGGGCGAACAGGTCGCGGATGTGGCTGAACAGGCCCGTGTAGGTGGCGGGGTTCGAGCGGGGCGTGCGGCCGATGGGCTTCTGGTCGATGTCGATCACCTTGTCCAGATGCTCGAGCCCTTCGATGCGCTCGTAGGAAAGCGGCACCAGGCGGGCGTTGTGAAAGTGGCGGGCCAGGATCGGGTAGAG
NZ_AP019796.1_gap3	92315	97040	4725	GTCCTGCATACCGCTGCCGGGCCCGACCACTCGGTTCGACGAAAAGGTTCAAGCGTGTTCCAACAGCGGCCGCCGGGCTTCGTTCCGGCTGTTTTTTCGCAAAAGCGTTGCAGCGCGGGTGGAACGAAGCGGATCGCCGCGCTTTGATCGCTGCCGATCCATCAACCGCGCCTGAACGTGAACGCCTATTTAGAAACGTTTCTGCCGCTGTTCGTGGCGATCAATCTGCCCGGCATTCTGCCGTTTTTCATCTCGATGACCGAAGGCCTTTCGGCGGCCGATCGGCGCCGGTTGCTCGTGCGGGCTGTGGCGACGGCCTTCGTGGTGGCCGTGCTCATTCTGTTTGCCGGGCAGCTCATCTTCGAGACGCTCGGGATCACGCTGAACGATCTCCGGGTGGGCGGCGGCCTGATCCTGCTCGTGCTCAGTATCACGGACCTGGTGTTTGCCGACTACCGGCGGCGCGATCCGCGCGACGGGGCCGACGCCGCCGACGTGGGCGTGGTGCCGCTGGGCATTCCGCTGATCATCGGGCCGGCCGCCATCACGACGATCCTGGTGGCGCAGCAGACCTACGGCTACCTGCCCACGCTCGTGTCGCTGGTGGCCAACCTGCTGCTGGTGACGGTGGCCTTTGCCGCAGGGCCGTGGGTGATCCGAAAGCTGGGGCCGGTGGCCGTGCGCGCCATCGCGAAGGTCGCCAGCCTGTTTCTGGCCGCCATCGCCGTGGCGATGATCCGCGCCGGAGTGGCCGGTATGCTCGCCGGCTGAACGGAACCTTCCGTAAAGGCCGGCATTTACGACATTTTGCGTGAGCAAGGGACCGCGCGAATCTGACAACCTGTTCAGCTATGGCCCTCAAAACCCTCGACATCGACGCACTGGCCGCCAAGACGGGCAACCTGTACGAGACGGTGGCCATCCTTTCGAAGCGTGCCCGTCAGATTGCCACCCAGATGAAGCAGGAGCTCGACGAAAAGCTCTCCTACTTCGAAGGACTGGGACTGGAAGACGATCCGCGCCATCAGGAAGAGCAGCGGCGCATTTCCATCGAGTACGAACTGAAGCCCGAGCCCACGGAGATCGCCGTGGAGGAGTTCCTGCGGGACGAGATCTACTACCGCGACGCCTCGAAGGAACGTTCCGAGGAAGAGGAAGAGCTTCGTTGACGCCTTCACCGTCGGCCACAGGGCGGGCACCCTCTTACGGGTGCCCGTTTTTTGTTTTCGTGGGGGCCGCCTGCTGTTTTTCAGCCGGCCAGACGGATCTGCAGCGTGGCGGGCGTTCGGGCGGCGAGTTGCAGCGTGGCATCGGTCGCGGACGTCCGCTCCGGCGTCGGCCCTTCGGTCGCCTGCAGCTCGGCGATGCCCCGGCGCACGCGCAGCGTGAGCGTCCGGTCGGTGTCGGACACGAGCGCCAGTTCGACGTGCCGGGCGGGCAGATCCCAGCGTAGCCGCTCCACCCGCAGCCGTCCGCGAGCCCGGGCGCCGTGCAGCGTGCCGCGGGGCAGCCGCTCGTCCACGGCGGGCAGCAGCTCCAGCAGGCCCGGACGGCTGTAGAGCAGCATTTCGATGACGATGGCGGGCAGGCTGTTGATCAGGTCCGCGTTGTAAACGTTGCCCGGATAGTGCAGCGAAAACAGACTGGGCAGCAGGTAGCCGTTGCGGATCAGGTCGCGCAGGCTCCGGTAGGCCAGGTCGGGGTCTTTGAGACGGGCCCCGATCAGGGCCAGATGCACCAGGCCGTGGGCCGAGTCGTTTTCGTGCCCGCGCAGGTAGGCCGCCCTGCGGGCCGCTTCGAATAGTTCGGGCGTCGCCTCGGGCGTGATCTCGTGGCCGGGCCAGACCGGGTACAGGTGCGACAGGTGCCGGTGGTTGTAGTTGTCGGCCAGGTCGGGATGCGCCCACTCTTTGAGCGCGCCGTCTTCGTTGATCAGGTAGGGCGGCAGTCGGTCCAGCAGCGCCTTCCAGCGCGGCAGGCTGTCGGCTTCGAGTCCCCGCGCTTCGCACAGCGCGATCAGCGTCGAGAGCACCTCGCGGCAGACGGCGATGTCCATCGTTGCGTTGATACTCCCCGGCGTGTCGAGGTTACCCGGACGGTTTTCGGGCGAGTAGGAAGGGACGAAGACGACGTGCCCTTCGGCGTCGGTGACGGTCAGGAAGGTCTCGTAGAAACGGACGACTTCTTTGAGATAGGGAATCAGGTGCTCACGGACAAAGGCTTCGTCGCCGTAGACCTCCGCGTACTCGTACAGGGGCTGGGCGAGCCAGCCGGCGCCGGCCGTCCAGAAATGCAGCGGGTAGTCGGCGTTGAAATGGGTGTGCCAGCCGCAGCGGCCGTCGGTGCGGGAGCCCGAGAGCACGCCCTCGCAGCCGTAGAGGCGACGGGCGTTGTCGCGCCAGTCGTCGAGCAATCCCTCGAGGAGGCGGGTCAGGCTGGCGACGGCCTCAGGCACGGCGCCAATGCTGGCGGCCGCCATCTGCAGGTTCAGGTTGGCGTCGAGCGTGAAGTCGCCGGACCAGGGCGGCCGCCATTCGCCCGTCCAGAGCGCCACCAGGTTGGGTGGCCAGTGGCCGCAGGAGCTGATCAGCACATAGCGGCCCATGTCGAAGAGTTTTTCGAGCAGGGCCGGCAGGATGGTCTCGCGCGCACGCTGCTCGGCCAGGAGCGTTTCGCTGCTTTTCCGGCGATCGTCGCCGGCTTCGAGGTCCAGCGTCATGCGGCGAAACAGCGCGCCGTGCGCCGCGGCATGGGGCGCAAACAGCAGGTCGTAGTCGGCCGGAAGGGCGGCCAGCGCCGCCTGTTCTTCCGCCAGGCGCGAGGCGGCCACGTCGTCGAGCGGCCACACGCGGACCAGCAGTAGCACGCGCCGGGCACCCCGGACGTGCAGGCGGCCGTCGCGAACGGTCTGCGTGCCCCCTTCGGCCTCCACGCGCACGAGCCCCTCGTAGCCGCGGCGCGTGTGCACGTAGGCGCAGCGGTAGCGCAGCCAGCCGGGCGCAGCCGTGATCTCGGGCGGGTGATAGCCCTCGCGCTGCTCGGGTGGGCGCACGTCCTGCACCTCCAGGTGCAGGGTCAGGTCCGGAAGCGGTCCGGCCTCGGCCGATAGCTCCAGCACGACGACGCCATCGGTGCGCGAGACGAAGGCCCGCCGCGTGTAGGTGTCGGTCGCCGTACGCCAGAAGACGCCGATCTCGCCGGTGTCGAAGGCCGTGTGGCGCAGGTACTCGGTGGGCGTCTCCGTCGGCATTTCCAGCACGAGCGCGAAGGCCGGATGGTAGGGATCGGTCCAGAGCAATCCCGGCCAGCCCTCGCGACGGGCCATTTCGAGCGAGTAGGCCACGGCCTCGCGGTAACGGCCTTCGAGCATGAGGGCGCGAATGCGGGGCAGGTAGGGCGCCAGATTGGGCGGGGGCACACGCTCGTCGCGCAGCGGTTCGTAGAGCAGCTCGTGGTTGAAGATGATCCGCTCGTTCAACGGATCGCCGTAGACCAGGATGCCCAGCGTGCCGTTGCCGGCCACGAGCGCTTCTTCCCAGCGGGCGGCCGGTTGCAGGCTGTACATGCCTCGCTCGGGGATCCGGGCTTCGACGAAGGGCGAACTCAAGGCCGACGGCTGCACCAGCGCCCGGCGCAGCCAGTAGGGCCCGGCCACCAGCGCCAGCCCCATGCCTTTCAGAAAATCGCGGCGATCCATAGCCATCAAAGAGAAGCTGTGTTCTGTAAGACAGTCTCTGATCCTGAAGACCCTATTGAGGAGTTCAGCGCCATCGGATCTCCCAGAGTTCATGCGCACCATGGGCGAAAGGATCGTGTCATAGACGAGGTGCCAATCAGCGGTTTTGGCACGCCGTGGTTTGCCCGGTTGAACCTAAGGACGAAGTTTTCGGTCCGTTTGGGGCTTGACTTAGAAGAATTTTTTTTAGAGTTAAGGTGTAAGTTGTTCTGATTATGCCGCCTGCAAGTCCCCGCGACGACATATGAGAAAGCTGCGTTGGAACTGGTCAAGTCTCTGGATGGCGGGGCTGTTACTGGCCGCCTGCTCGCTTTTCGAGCCGGAAAAAAAGACGCGTTTTGATTACGGGGGCGATCCTCTGCCCGGTACCGAGAACCTGTACAATCTACGTTTATCTCCGGACGGCGAATGGGTGGCGCTGATCCGGGCCTATACGCCGGAACGGCTCGATCCGCCCAATCAACTCTGGCTGGTCCATCGCGATGGTCAGCAGATGCGTTTTCTGGGACCCAGCATCGGTAGTGCCGACTGGTCGCCGGATGGTAAACGGCTCGCATTGACTTACGAGCCAGGGCTTTGCTGTGATGTTCATGTGGTGACGCTGGATCTGGAAAGTGGCCAGGTGGTGGTCTGGACGGGAGCCGATACGTTGCTGCTGTCGCATCCGACCGCCTCGTTTCCGCACTGGTTCCAGGACGGCCAACGACTGCTGGTTTCTGTTATCGGAAAGGCATACGGCCAGCTTTACGAGACAGGCATCTACGTCTTAAACCTCGTACACCGACAGGTGGAAGGCCCCCTGGTTAAGTCGATGGTAGGGGCTCAATTAGGCGGGCGGGATCGTTTTGCGGTGGGGATTATGCCGCAGCCGCAGGGGAGGGTTTACCGGGAGAACGCCGTGCGATATGAATTTGCCACAGGCGCGTTGACGGTGTTGACGGATTTTGGTCCGGAGGAAGCTTTTCGGTTTGAAGCGACGCCCAGCCCGG
NZ_AP019796.1_gap4	101863	105647	3784	ATCGAGCACCGGACGCAGCCGCGCCTCGTGCGCCGCCGCCCGCGCACGGGCTTCCGCTTCGGTCAGCACGGTATGGATGGGAATTTCGGCCATCGGCGGTTGGGTCGGCTGCATACCAGCGCACGCCACGCCCTCGTTTAAAAAAACGAACCCGCTTCGGATCCCGGCGTTGCCTTTTGCAGGACGTTCCTGTTCACAAAGAAACCGTTGCGATCATGAAACGCGTGCTCCGTGCGCTGTTGCTCTCGGCGCTGGCTACCGGCGCTTTTGCGTGGGTGCTGTCGCGTCTGCACCCGCGTCCGAAGCCGGCCGCCGTCCGGCCCGGCGAGGTCGATGCCGACAAGCTCTCGCCCGAAGCTCAGGAACGGCTGCTGGAAGAACTGGACCGCTTGCTGTAGGCCCCAGACCGTCGCACTTTTGTACGAAACGATTCGTACCTTTCTCTCCGGCGGCGTAACCGCCATGCGATGCGCTTCGTAAAGGAGCTTCGATCAAACCAGACCACCAACCGCCATGAACCTGCTACGACGCCTTTCGGCTGGCCTGTTGCTTCTGCTCTGCACGATGCCGGCCTTTGCCCAGACCGAGGAGGCGACGGACCTTCCCGTCGAGATTCCCTACGAGAAATTCGTGCTCGACAACGGGCTGACGCTCATCGTCAGCCCGGACCATAAGGCGCCCATCGTGGCCGTCAACATCTGGTACCATGTCGGTTCGAAGAACGAAAAGCCGGGGCGCACGGGCTTTGCCCACCTGTTCGAGCACCTGATGTTCAACGGATCGGAGCATTTCAACGACGACTGGTTCCAGGCGCTCGAGCGCGTGGGGGCCACCGACCTGAACGGCACCACGAACCGCGACCGCACGAACTACTTCCAGACGGTGCCCGTCAACGCGCTCGATCTGGTGCTCTGGCTCGAGTCGGACCGCATGGGCCATCTGCTGGGCGCCATCGACCAGGCCAAACTCGACGAGCAGCGCGGCGTGGTCCAGAACGAAAAACGCCAGGGCGAAAACCAGCCCTACGGTAAGGTCTGGAATATCATCGCCGAACACACCTACCCCGAGGGGCACCCCTACTCGTGGCCGGTGATCGGCTACATGGAAGATCTGGACGCGGCCACGCTGGAGGACGTGCACGAGTGGTTCAAGACCTACTACGGCCCCAACAACGCCACCATCGTCATTGCGGGCGACATCGACCCGCAGACGGCCCTGGAGAAGGTGAAAAAGTACTTCGGATCGATCCCACCGGGGCCGCCGCTGGCCAAACCCAAAGCCTGGGTGGCCAAGCGCACGGGCGAGCAGCGCATGACGATGGAAGACCGCGTCCCGCAGGCGCGGCTCTATAAGGTCTGGAACGTGCCGGAGTGGGGCCATCCGGAGCGGGATTACCTGGACCTGGCCGCCGACGTGCTCGCCAGCGGCAAGACCTCGCGCCTCTACCGCCGGCTCGTCTACACGGACCAGATCGCCACGGACGTCAATGCGTTCGTCTACACCGGCGAGATCGGCAGCCAGTTCATGATCATCGCCACGGCCAGGCCCGGCGTGCCGCTGGAGAAGGTGGAGCAGGCCGTCGATGAAGAGCTGGCGCGCTTCCTGCAGGAAGGACCCACCGCCGACGAGCTGGAGCGGGTGAAGGCCGATTTCATCGCCGGCTTTATCCGGGGCGTGGAGCGCATCGGCGGCTTCGGCGGCAAGAGCGACATCCTGGCGCAGTACGAGGTCTATGGCGGCGATCCCGGTCTTTACAAGGTGACGCTCCGGCGCATGCAGCAGGCCACGCCCGCGCAGGTGCTGGAGGCCGCCCGCAAGTGGCTCAGCGACGGCGTCTTCGTGCTGGAGGTGCACCCCTATCCGAAACTCCAGGCCAGCGGCGAAGACGTAGACCGTTCGCAGCTTCCGCCGGTGGGCACGCCGCCCGAAGTGTCCTTCCCCGAGGTGCAGCAGGCCACGCTGTCGAACGGCCTGAAGGTGCTGCTCGTCGAGCGTCACGCCGTGCCGGTGGTCAACTTCCAGCTCATCCTGGACGCCGGCTATGCGGCCGACCAGTTCGCGCGACCGGGCACGGCCACGCTCGCCATGAACATGCTCGACGAAGGCACCACCAGCCGTACCGCCCTGGAGATCAGCGACGAGCTGGACCGCCTGGGCGCCCGGCTGAGCACCGGCTCGGACCTGGACGTCTCGACCGTCTACTTCTCGGCGCTTCGGGATAAGCTGGACCCGTCGCTGGAGCTGTTTGCCGACGTCGTGCTGCACCCGGCCTTCCCGGAGGCCGACTTTCAGCGGCTCAAGCAGCAGCAGCTCGTGGCCATCCAGCGCGAGCAGGTCTCGCCCGTACAGATGGCGCTCCGCGTCTTCCCGCGCCTGCTCTACGGCGAAAACCACGCCTATGGCCTTCCGCTCACGGGCTCGGGCACTCCGGAATCCGTGCAGCAGATCACCCGCGACGACCTGGTGCGCTTCCACCAGACCTGGTTCAAGCCGAACCACGCCACGCTCGTCGTCGTGGGCGACATCACGATGGACGAGCTGCTTCCGAAGCTGGAGCGCCTCCTCGCCGAATGGAATCCCGGCGACGTTCCGCAGAAAAATATCCAGGACGTGCCGCAGAAGGATCGCTCGGTGGTGTACCTGATCGACCGGCCCGGGTCGGAGCAGTCGATCATCTTCGCCGGGCACGTGGCGCCGCCCGAGGCCAATCCGCGTGAGCTGGCCATCAAGGCCATGAACACCGTGCTGGGTGGCGCTTTCACCTCGCGCATCAACATGAACCTCCGCGAGGACAAGCACTGGTCCTACGGCGCCCGGAGCATGCTGATGAGCGCACGAGGGCCGCGGCCGTTCATCGTCTACGCCCCGGTGCAGACCGACAAGACGGCCCCGGCCATGCTCGAAATCAAGAAAGAGCTGGACGGTATCGTCAACGGCCAGAAGCCCGTCACGCCCGAGGAGCTGGACAAGGTGCAGCGTAACCTGACGCTCCGCCTCCCCGGTCGCTGGGAGACGGCCAACGCGATCCTCGACGACCTGAGCTACGTGGTGCAGTTCGGCTGGCCGCTCGACTACTGGCGGACCTATCCGGACGCCGTGCGGGCGCTCACGCTCGAGGACGTCAACGCGGCCGCCCGTGAGGTGCTGCACCCGGACCGGCTCGTCTGGGTGGTGGTGGGCGACCGCAGCCGCATCGAAGACGAGATCCGCCAGCTCGAGCTCGGGCCCGTGTACCTGATCGACACCGAGGGCAACCTGCTGGCCTCGCTTTCCGAATAACACCCACCGGGTGCCCGTCCGGAAGTCGGGCGGGCACCCGGACCCCTTCGCGGGGTAAAACAAACAGAATCAAAATTTTCAACAGATTCAGGGTATCGCCATGTCGCTCTGGGCCCGATTCAAACGGTGGATTCGCTCGATCTTCGGCGGGGCCATCTCCGCGCTCGAAGATCCCCGCCTCATTCTGGAGCAGAACATCCGGGAGCTGAACGATCAGATCCCGAAGATGAACGAAAACATCGCCACGGTGAAGGCGAACGTGCTGCTGCTCCAGAAGGAGGTGCGGCGTAACGAGCAGGAGATCGAGCGACTGGTGGCCCGTATCAAGGCGGCCATTCAGGCCGGCCGCGACGACATCGCGCAGCAGTACGCCATTCAGCTCCAGAAGGCGAAAGAGACGCTGGCGCGCACGAAGGAGCAACTGCAATATGCCGAGGCCGCCTACGAGAAGGCGCTCCAGGTGAAACAGGCCTTCCTTCGCGAGAAGGAACGCAAGATTCAGGAA
NZ_AP019796.1_gap5	119346	124142	4796	GCGCCGGATGATGACCGGATCTCCGGCCATGTACTGCTTCATGGGCGTGAAGGGATGCCAGACGTAGGTCTTGTCCCAGGTGACGAGCGTTTCGGGGGCCAGCTCGTCGAGCGCGTCGATGATCGTGCGGGTTTCTTTCATCGTAGATCGACGATTTACCATTGGATCAGCACGGCGGCCGAAAGCAGTCCGGCGCCCACGGCCGTGAGCAGCAGCAGGTCGCCGGGGGCGAAGCGATGCGCTTCGAGCGCCAGCGCCAGCGGAATCGTGGCGGCCGAGCTGTTGCCGATCCGATCGACGAGGTTGACGGTGCGCGCTTCGGGCATGCCCAGTTGCCGGCGGGCTTCTTCGATCAGCCGGAGGTTGGCCTGGTGCGGAATCCACCAGGCGACGTCGTCGAGGTCGAGGCCGGCCTGCTGGAGCACGCGTCGCCCGGCTTCGGCCATGCCGGTGGCGGCCCGTCGGAAGAGCGCGCGGCCGTCTTTCATATACATGAGGTGTTCGCCGCGGGCCACGCGTTCGGGCGTGAGCGGTCGGCGGCTTCCACCGGCCGGGATGTAGAGGTCGTCCCAGCAGGAGCCGTCGGCGCCCAGCCAGCAGGCCACGATGCCGCGCGGGCCCTCCGAGGGACCGAGTACGACGGCGCCGGCCCCGTCGGCAAAAAGCGCCGAGGTTTTCGGGTCGTCGGGGTTGGTGCGGCGGCTGAGCACGTTGGCGCCGATCACGAGCACGCAGGTACGCTGCAGGCGCACATAGCCGTCGGCCAGCGCCAGCGCATACAGGAAGCCGCTGCAGGCGCCGGCCAGATCGACGGCGCCCGCCCGCTTCAGCCCCAGGCGATGGGTCACGACGGGCGCCGTCGGTGGCAGCAGGTGGTCGGGCGTGCTCGTGGCCAGCAGCAGCAGGCCGATGCGCTCGGGGGACAGCTCGGCCTGTGCCAGCGCGGCCGCCCCGGCACGGACGGCCAGATCGCTCGTGGCTTCGTCGGGGCCCACGAGCGGACGCTCCCGGATGCCCGTGCGCCGGGCGATCCAGCCCGGCGGCAGGCCCAGGCGGCGCTCGGTTTCGGTGCTCGGCTCGCGGTGGGCCGGAAGCGCCGCGCCCACGCCCAGCACGGCCGCTCGCCGCGCCGGTGCGGCGGTGGTTGTTGCAGGGAGCGGTGTGGTCAGGGACTGTTCAGGCAACATGGGGCTGGATCGCTTCGGCTTCGGGAAAGGCGGCCAGGGCCGCCTCGATGTCGTCGTCGGTGTGCGTGGCCATGGGGGCCAGTCGGATCCGGCTGGTGCCGGGCGGCACCGTCGGCGGCCGGATGGCCGGGGCGAGCACGCCGCGCGTTTCCAGCAGCGTCGACAGGCGCAGCGCCGCCTCGGGCGTCCCTACCAGCACGGCCAGCATGGGCGCCGGTGGTTCGTGCCGGACCGTGTAGCCCAGGGCTTCGAGCCCGGCCTTCAGACGGGCGACGTGCGCCTGTTGCCGGTGTCGCCGCCGCGCGCCTTCGTCGGACTGCACCAGACGGACGGCCTCCAGCGCCGCGGCGGCCAGCACGGGCGAAATCCCCGTGCTGTAGATGAAGGCGCGGGCGCGGTGCAGCAGGTAGTCGACGAGCGTCCGCGATCCCAGCGCGGCGCCGCCCTGCACGCCCAGCGCCTTCGAGAGCGTGGCCACCTGCACGGGAATCCGATCGGCCACGCCCAGATGATGGGCGGTGCCCCGGCCTTCGGGGCCCACGATCCCGGTGCCGTGCGCGTCGTCCACGACGAGCACGGCGTCGTAGCGGGCGGCCAGTTCGGCCAGCTCCGGAAGCGGCGCCACCGTGCCGTCCATGCTGAAGATGGCATCCGTCACAATGAAGCGGCGGCCGCCCGGGGCCGGTCCGGGCCCCTGCAGGAGCCGCTCGAGTTGCTCCAGGTCGCGGTGGCGGTAGTAGCGGAAGTGGGCGCGGCTGAGCCGGGCGCCGTCGTTCAGGCTGGCGTGGTTGAGCGCGTCCGCAAAGATCTGGTCGCGCGGACCCGCCAGCGCCGAGAGCACGCCCACGTTGGCCGCGTAGCCGCTCGGAAACACCAGGGCGGCTTCGGTTTCCTTGAGGGCGGCCAGGGCCGCCTCGAGCGCTTCGTGCACGGGGCGGTCGCCCACCACCAGCCGGGCGGCTCCGGCGCCGACGCCCCAGCGCTCCAGCGCTTCGCGGGCGGCCGCCGTCAGGCGCGGATCCGTGCTCAGCCCCAGGTAGTCGTTCGAGGCCAGGTTCAGCAGGCGGCGGCCGTCACGTTCCACGTACGGACCGGCCGCAAGCGGCCGGAGCGTGCGGCGCAGTCCTTTCGCCTCAAGCTGCCGGAGTTGCCGGGTGAGCCACTCCATGGGGGCGGGCCGGTTGGGGCGTTTCGGGCACGAAACCCAGGTCTTCGATCATCTGCCAGTCGGCCTCGGCCGCCTGACCTTTTTCGGTCAGGTAGTCGCCCAGAAACAGGCTGTTGGCCACCATGAGCGCCAGCGGCTGGAGGCTCCGCAGGTGCAGCTCACGCCCGGCCGAGGCCCGGATCTCCGCCTTCGGGTTGACGAACCGGAACACCGACAGGTAGCGCAGGCAGGCCCAGGGCGTCAGGTGGCGGACGGTCTGTCCGTCGCCCAGCGGGGTGCCCTTGATCGGAATCAGAAAGTTGACCGGGATCGACGTGGCGCCGGCCTCACGCAGCGCGTAGGCCATGTCGAGCACGTCTTCGTCGGTTTCTCCCATGCCCAGGATGACGCCCGTGCAGGTCTGCAGCCCCGCTTTCAGGGCGGTCTGCACGGTTCGGATGCGGTCCTCGAAGGTGTGCGTCGAGCAGATGCGCGCGTAGTGGCGCGGGCTCGTGTTCAGGTTGTGGTTGTAGGCGTCCACGCCGGCTTCTCTGAGCTGACGTGCCTGCTCTTCGTCCAGGATGCCCATGCAGGCGCAGATTTCCAGCGGTAGTTCGGCCTTGATGCGGCGCGTGGCTTCGAGTACGGCTTCCAGTTCGCGCCGGTGCGGTCCACGGCCCGAGGTCACGATGCAGAAGCGCTGGGCGCCGGCCGCATGGGCTTTGCGCGCGCGGTCGAGGATTTCTTCGACCGACAGCATGCGGTAGCGTGGAATCGGCGCCTTCGAGATGCGCGACTGGGAGCAGTAGTGACAGTCTTCCGGACAGATGCCGCTCTGGGCGTTGAGCAGTACGTTGACCTTGACGCGGTTACCGAAAAAATGCCGACGCACGCGCCAGGCCGCCTCGACAAGCCGCAGCGTGTCTTCGTCGGGCAGCTGCAACAGCGCGCGGGCCACGTCGCGTGTGGGCGGCCGGTCTTCGAGCGCGTCGGCCACCAGTCGATCCCAGGCGATTTCCATGGTGTCGTCTACGGGTTGGTCAGGGGTTGGTAGCAACGGGTTGCAGGAGGGCGACGTCGCCGGCCGAGACCGTTCGGCGGGTGCCGTCGGGCAGACGCACGCGGAGCGCTCCGGAAGGCTCGACATCTTCGGCGAGCCCTTCCACCGGTCCGGTCGGGGTCTCGATGCGTACCGGGCGGCCCAGCGTGTAGCTGAAACGACGCCAGGCGTCGAGCACGGCCCCGGCGTCGGTCAGGCGGTCGTACCAGTGCTCCAGGCGGGCCAGCAGCCGCGCCAGCAGGTCCACACGCCGCAGGCCGGGCCGGTAGGTCTCGAGGCAGGCGGCCTCGGGCGGCAGCGGGGCTTCGTGCACGTTCAGGCCGATGCCCAGCAGCAGGTAGCGCACTTCCTCGCCGCGCAGGTCGGCTTCGACCAGGACGCCCGCCAGCTTGCGGCCGTCGGGGGCCAGCAGGTCGTTGGGCCATTTCAGGCCGCCCACTTCGGCCGTTTCGGCCAGCGCCACGCCGGCCGCCAGCGACAGCCGCAGCAGATCGGTCAGCGGCAGGCGGGGGCGCAGCAGCACCGAAAAGTACAGGCCGGCGCCCGGTGGACTGACCCACCGGCGGCCGCGCCGGCCCCGGCCCCCGGTCTGCTGCTCGGCCAGCACGATGGCCCCTTCAGGCGCGCCCGCCTCGGCCCAGGCCCGCAGCTCGTCCTGGGTGCTTGTGGTGCGGCCCAGATAACGGTAGGCCCGGCCAAAGCGTCCCTGCAGGAGCGGTTGCAGCAGGTGCGGGGCGGGACTCCCCGGTCGTAGCCGATAGCCCCGGCCCTGCACGACTTCGATCGGGTAGCCGGCTTCCTGCAACCGGTGGGCCTGCTTCCAGACGGCCACGCGGCTCAGTCCCAGCCGCCGCGCCAGCAGCGCTCCGCTCGTGAACGTCTCGTCCAGACAGGCCAGCAACGCCACTTCCTTCATGTTAACCAAGATAGGACAGATCGGTTAACGAATGCAACATCGAGATGGAGCTTGCGGGCTTGACCGGAGACGTTTTGATGTGTACCATGCCTCTGATCAAATTGAAGAAAATGATGCGCCAGGTTGCATTTCTGCTGAGCGTCCTGATCGGGTGCTCGATGCTGGGAAGCGACAGATCGGACAAAGCGCCCCACTGGGAGCTGGTCTGGTCCGACGAGTTCGATTACAGCGGACTTCCGGATCCGGAAAAATGGGATTACGACGTGGGCGGTCACGGCTGGGGTAACCAGGAGTTGCAGTACTACACGCGGGCGCGGATCGAAAACGCCCGCGTGGGCGGGGGTGTGCTCATCATCGAGGCGCGGCATGAGCCCTACGAGGGGCGTGAGTATACGTCGGCCCGGCTGGTGACGCGCGGAAAGGCCTCGTGGACCTACGGGCGCTTCGAGATTCGAGCGCGGCTTCCTTCGGGACGGGGCACCTGGC
NZ_AP019796.1_gap6	128407	129859	1452	CCACCACGTAGTAGATGGACACCGTGTCGTCGAAGTTCATCCAGATGCCCGGCTTTTTCGGACGGTTGTAGGCAGGCACGAACGCAGGACCTTCCATGGCCGGCGGTGCGGTTTTTTTCTAAAGCGTTGCGGTAGGCGAACGCCGGCCCCGGTCGCGGGATTCGCCTTGCCCGGCTTTTAATCAAAAAGGCCGGATGCCCCGGCGGGACATCCGGCCGGCTGCCGGGTCAGGCGTGCGGCCCTCAGGCCGGCACGCTCAGGCGATTCAGGACCTCGACAAGCGCGCGGCCCACCCCTTCGGCCGAGGCCGGGTTCTGGCCCGTCACGATCCGATCGTCCACCTCCACGTGGGCGGCGAAGTTCTTCACCGACACGTGGATGGCCCCCAGCTCCTTCAGACGCGTCTCCAGCAGGAAGGGCACGACCTTGTCCAGCTGTACGGCCTGCTCCTCTTCGTTCGTGAACGAGTTGATCCGGCGTCCTTCGACGAGCGGCCGCCCGTTGGACAGCTTGATCGGGATCAGGCCGGACGGCCCGTGGCACACGGCCCCGATGGCGCCGCCCCGCTCGTAGATGCTGGCGGCAATACGGGCGATCGCTTCACTTTCGGGAAAATCCCACATCGTGCCGTGGCCGCCCGCGTAGAAGATTGCCACGTAACGGGACGGATCGACCTGCTCGGGCGCCAGCGTCTCATCCAGCCGCTTGCCGTGCATTTCCCAGAAGGCCTTGTTGATCGGGTCGTCCAGCTTGTAGCTCTTCGGGTCCATGGGGGCCTTGCCGCCCTTCGGGCTGACGAAGTCGATCTCATAGCCGGCCTCGTGCAGCACGTGGAACGGGTGGGCCACCTCCGACAGATAATAGCCCGTCTTCTGCCCTGTGTTACCCAGTTCGCTATGATTCGTGACGACGAACAGAACGCGTCCCATAATTGCCTCCCGTTTTATTTGTTCAACCATGCATGGTACATCAATGGGGGAGGCGGGCACAGGTTCGGACGGGTTTTTGACGAACCTGCAACAGATCGGTCTGAACAAAAAAACGCCCGGCCTGTGCAGACCGGGCGTTTATCGTCACGCGTTGATGGCGTGGTTAGAACAGTTCGGACGACCGCGAGAGACGTTCGACGTTCATCGCGCTGAGCCCTTTGGGCGTGCGCTCGACCTCGTAGGAAACCTCTTCGCCTTCGCGAAGCCCTTCGTCCCAGCCAAGGCCGGGCACGTTGTTGCGGTGGACGAATACGTCCTTGCTGCCGTCATTGGGTTCGATAAAGCCGTAGCCTTTGTCGATGTTGAACCACTTGACGCGTCCTCGTTGAGCCATGATACCTTTGGTGTTGTGTCGCCTCGCGCAGCGCAAACCGAAACCCGCAGTACCCGTGAAGAGCAACCCGGAAGCGGCCAGACCGCAGGAGGTGACGTCGTGTAAAGTAACGTTAACGATAGCCTCAAC
NZ_AP019796.1_gap7	136900	139977	3077	AGGTCCAGCACCAGACCCCGGAGCGGACCCGCCGCCCGGAGTTGTTCAATGGCCCGGCGCACCTCTTCGCCGGCGCCCAGCGCGAACCGCTCCAGCCGGATGTAGCCCAGTCCTTCCGTCGTGTCGTCGTTCAGAAAACCGACGTACGTGACGTTTTTGAGCTGGACCTCTTCGCGCGTCAGCACGAACTGGAGCGGCAGCGGCTCCCCTTCGCGCTCGACGGTCAGCGTGACCGTGGTGCCCGGCTGGCCGCGCAGCATCTGGCGCACCGTCTCCAGCGACAGGCCGTCGGTGGGCTGGCCGTCGATGTGCGTGATGATGTCGCCCGTGCGAATGCCCTGGCGATAACCCGCCGTTCCTTCGATGGGAGCCAGCACCGTGAGCCGGCCGTTGCGAATACCCACGTTCAGCCCGACGCCGCCGTAGCGACCGCGCGTCAGCAGCTCGATCTCGCCCCGGTCCGCCTCGTCGAAAAACGTAGTGTACGGGTCCAGCTCGGCCAGCATGGCGTCGATCCCTTTGCGCATGAGACGGCCGGGATCGATCGGATCGATGTAGTCGGTGACCAGTGTCTCGTAGAGTGCGCCGAAGATCCGGAAGTGCTTCTGCAGCGCAAAAAACGTGTCGCTACGAGGTGCAACAAACCCGATGCCCAGCCCCAGAAGCAGGACCAGCAGCAGGGGCGTCAGGTGGCGTCGCGGCGTCTTCATGGCGGTTCAGGGTCCGTACAGGGCACGGCGCAGTTCCTCTTCCCGTCGCCGGCTTACGATCGTCGCTATATGTATCGACAATTCATAAAGTAACAAAAGCGGAATGGCGACAAGCACCTGGGAAATGGGATCGGGCGGCGTAAACAGGGCGCCCAGCACCAGGGCGATGATCAGTGCGTAGCGACGGCCCTTGCGAAGCGCGTCACCCGTGATCAGGCCCATTTTGGCCAGGAAGTACACGATTACCGGCAACTCGAACAGCAGGCCTACCCCGAAGGCCCACATCGTGACCATGTTGAAGTATTTCGTGATGTCGAACTGGTTGACGATCTGCTCGGAGATCGTGTAGTTGGCGAAGAACTGCAGGGCCAGGGGGGTGATGACCAGGTAGCCGAACAGCACGCCCAGGATGAAAAAGCCCGTGGCGAAGGCGGCGGCGAAGCGCATGCCCTGCTTTTCGTGCGGATACAGGCCGGGCTCGATGAACTTCCAGATCTGATAGATGAGCACGGGCGAGCCGATGATGACGCCCACGAACAGAATGGTACCGATGTGGGCAAAGAACTGGCCGGTGATCGTGCGGTTGAGCAGTTCCAGCGGCTTGGCGTCCAGGTGAAACACCCGGTACATGAAAAAGTCGGGGCGAGTGGGTCCCAGCAGAATGTTGTCGATGATCCACTTGCTGAAGAAACTGCAGAGGATCGTCGAGGCCAGCACGCCCGCCAGCCCTTTGATCAGCCGCCAGCGCAGCTCCTCCAGATGATCCAGAAAGGACATCTCGGCCATGTCGGCCTCCGGTGCAGCCCCCGCGGGCGCACCGTCACCCTGAGCAGGGGGCAGGGGAGAAGTAGTGGCTGGCGATGAACTACGCGATCCGAACAGTTTCATGGCTTACTCCAGCACAGCGCGCAGCGGACCTACAGCGAGTCCGATGCGCTTCGGGGTCCGTCCCGCAGATTCAGGTCCAGCAGCGAATCGACCCAGAGCCCTTCGGCCTCCAGGCGGCTCCGGCCACTGCTCCAGGTGAAGTTGAACAGCGTCAGCACGCCGCACACCTCGAAGCCGTCGTTCCGCAGCAACGCCACGGCCCGGGCCGCACTGCGGCCGCTGTTCAGGATGTCGTCCACCAGTACGACGGGCTCCTCGCGACTCAGCGGGCCTTCGACCAGCCGGTGGCGGCCGTAGGGCTTGCGTTGCTCCCGGATGAAGCCGCCCCGCAACTCCGGCGCACCGGGCGGAGGCGGCGCCGACAGGATGGCACAGACCAGCGCGTAAGCGCCGAAGCCGAAGCCGGCAACCTGGCGGACGCCCCGTGCGCGCACCCGTTCGGCCAGCACCCGGCCGACCTCACGGAACGTGTCGCCTTCCAGCATCGGGATCCGGGTGTCCAGCAGCCACCCGATGGGCTGGCCGCGCGGGTCGGTGATGGGCTCCTGCTCACGACGCACCAGCGCCCGCGCATAAAGCCGACGCCCGAGATCGACCAGGTCGGCATAGGCCGACGGACTCAGGGTACGCTCTGCCATGGCCGTGATGGAATCGGGGCCCAAGCGGGCCCATCTCAAACCATTTGATCACGCTGAAAACCACAAACCGGCCGGCGCGTTCCGGCTCAGGCCACCACGAAGTCGTACAGCGGGAACTGGCGGCACAGCGCCTCCACGTCCTGACGAATGCGGCGACGCAGGGCCTCATCGCCGGGATGCGAGAGCACTTGATCGATCCAGTCCACCACCTGCCGGAACTCTTCCTCCTTGAACCCGCGCGTGGTCATGGCCGGCGTGCCGATCCGGATGCCGCTGGTGACGAAGGGGCTCTTGTCGTCGTAGGGCACCATGTTTTTGTTCACCGTGATGCCCGCCTCGCCCAGCAGGGCTTCGGCCTCCTTGCCGGTCAGACCCTTGTTGCGCAGGTCGATCAGCACCAGGTGGTTGTCGGTGCCACCGGAGACCAGGTTGTAGCCCCGCTCCAGAAAGGCTTCGGCCATGGCCTTGGCGTTGCGCACCACCTGCCGGGCATATTCCTTGAACTCCGGCTTGAGCGCTTCGCCGAAGGCTACGGCCTTCGCCGCAATCACGTGCATGAGCGGGCCGCCCTGCGTGCCGGGAAAGACGGCCGAGTCCAGCAGTTCGCTCATCTTCTTGAGGCGGCCGCTCTTCGGCGCCGTGATGCCGAAGGGGTTGTCAAAGTCACGGCCGATCAGGATCATGCCGCCACGTGGCCCGCGCAGCGTCTTGTGGGTAGTGGTGGTGACGATGTGCGCGTAGGGCATCGGGTCGTTCAACACCCCCGCCGCGATCAGGCCGGCCGTGTGCGCCATGTCCATCCACAGCAGGGCACCCACCTCGTCGGCGATCTCCCGGAAAG
NZ_AP019796.1_gap8	178609	181665	3056	GCTGCGGGCCATTGCCGGGCGGAAGGGCGCCACGCCGGCCCAGATTGCGCTGGCCTGGCTGCTGGCGCAGAAGCCCTGGATCGTGCCCATTCCGGGGACGACCAGGCGCCATCGTTTGCAGGAAAACATCGGAGCGGTCAACGTCGAGCTTACTCCGGAGGACCTGCAGGCCCTGGAGGAAGCGGCCGCCCGGATTCGGATCGTGGGCGAACGGTATCCCGAAGAACTGGAGCGCACGACCTACGTGGAGGCACCCCCGAAGCGTTGAACTGTCGAAAGAAGGGTTCTTATGACAACCCGAGAGCCGTTGAAGCACAGAGCTGGCCGCTGGACGAAGGAAGAGCTGACCCGCATCGCCACGGCCGACGATCTGCATGTGGCGCCGTTTCGGGAAGACGGCGTCACCTACGGCACGCCCACGTGGGTCTGGTGCGTGGTGGTGGGGGAGGCCGTCTATGCCCGGGCCTACCACGGCACCCGCTCCAGCTGGTACCGGGCGGCCGTGCGCCAGGGGGCCGGACGGGTACATGTGGCCGGAATGGTTCGCGAGGTGATCTTCGAGCCTGTGCCGGAAGATGATCCGCTTCAGGCGAAGATCGACGCCGCCTACCGGGAGAAATACCGGAGAAGTCCCTACCTTGAACCCATGGTGAGCCCCCGGGCCCGGGCGGCCACGGTGCGGATCCTTCCGCGTGATGAAGACACCAACCCGACCCTGTCGCAGCCATGAAACGGAACCTGTATGCCGCAAGCCGGCTCTTCGGATGGCCGGTGGTCCTTTTGATGCTCTGGACGAGCGTTGCGCCGGCTCAGGCGCAGCAGGTGCCCGACTACATCGAGCGGCCGGACGATGCCGCCGGGGTGTTCGCCATCTATCCGGGCGACGGCGTGCCGCCGGGCTCGGAAGACTGGACCTGGCACGAGCGCACCGTGCGCTCCGATCGGATTCCCTTTGCCGGACCGAGCGGGCTCGTGCACAACGTCGTGATCCCCACGCTCACGATGTTTCGTCCGGCGCCCGGTACGGCCAACGGCACGGCCGTGATTATCGCACCCGGCGGTGCGTTCTACTTCCTGACGATGGACAAGGAAGGATACGATGTGGCCCGTCTGCTGGCGAAGTGGGGGATCACCGCTTTCGTGTTGCGTTACCGCCTGGCCCGCACGCCGGAAAGCGACGAAGGATTTCTTGCGCACCTGGAAAACTGGATGCGTACGGCTCCGCGCCAGCCGCGCGGGGTCGAGGCGTCCCCGCAGCGCGACCCGGCGCAGGAGGCGGCCAGCAGGCTGGCCGAGGAGGACGGGCGCCAGGCCATCCGCTTCGTGCGTCAGCGCGCGGCCGAATGGGGGATCGACCCGCGGAAGATCGGCATCATCGGTTTTTCGGCGGGCGGGCATGTGGCCGTTGCGACGGCGCTGGAATATGACACCGAAAGTCGGCCCGACTTCGTCGCCGCCATCTATCCGGGCTACCGCATGGCGCCGGTGCCCTCGGATGCCCCGCCGCTCTTTCTGGCCACGGCCGACGACGACGTTCTGGTCGGACCTATCTCGGTGGCGCGTCTCTATGAGGCCTGGCATCGGGCGGGCCGACCCGTCGAGCTGCACATCTTCGCCGCCGGCAATCACGGGTTCGGAACGCTTCGTCAGAACCTGCCTCCGGATGCGTGGCCTGAACTGTTTCGCAACTGGCTCCGCTATCTGAACTTTCTGCCCGCGACCGAGACGGGCGCTACACCCGAACCTCCCATCCGAAACCAGACCGGACAGGCCATGACACCGCAGATCGAAATCCGCCGTAGCGGTACGCACCCGACGAGCACGGGCGCGCCGGAGTACTTTACCGGAACGGTCCAGGTGGAGTACCTGCAGCAGGCCCCCGCGCCGGCGCGCGTCAGCATCGGCCGCGTAACATTCGAGCCGGGTGCCCGCACGGCCTGGCACACGCATCCGCTGGGCCAGACGCTCATCGTGACCGAAGGCGTCGGGCGCGTGCAGGCGTGGGGCGGGCCCATCCAGGAGATCCGGCCGGGCGATGTGGTCTGGATTCCGCCGGGCGTCAAGCACTGGCACGGCGCGGCGCCCGATGCGCGCATGACGCACCTGGCCATTCAGGAGGCGCTGGACGGCAAGGCCGTGGAATGGATGGAGCACGTGACGGACGCCCAGTACCGGGGCGAGCAGTAGCGTCATGGCGGCCGAGCGCTTTCGCGTGCTGATCACCGGCTCCTCGGACGGCCTCGGGCGACTGGCCGCACAGCGGCTGGTGGCGCTCGGGCATCGCGTGGTGCTCCATGCGCGCAACGCGCAGCGTGCCCGCGACGCACGGGCGGCCGTCCCGGAAGCCGAAGGCGTGCTCGTGGGCGATCTGTCCCGCCTCGAAGCGGTGCAGCAACTGGCCGAGGCGGCGAATGCGACCGGGCCGTTCGATGCAGTCATTCACAATGCGGGCGTGTATCGGGCGCCCGGCGACGAAATACTGAACGTCAACACCCTGGCGCCCTACCTGCTGACCTGCCTGATCCGAAAGCTCCGGCGGCTCATCTACCTGAGTTCAGGCCTGCACCGCGGGGCATGTTCTGATCTGAAAAAGCTGGTCGCCGGGAGCATCGGCTACGCCGAGTCCAAATTCTACGTGGTGCTCCTGGCGAAGGCCGTTGCCCGTCGGTGGCCGGACGTGTATGCCAATGCCGTCGATCCCGGCTGGGTCCCGACGAAGATGGGCGGGCCCGAAGCACCGGACAGTCTTGAGGAAGGGGTGGCCACGCAGGTCTGGCTGGCCGTGAGCGACAATCCGCGGGCAAAGGTCAGCGGCCGTTACTTCTACCACATGCGCGAGGTGCCCTGTCACCCGCTGGCCGACGAGGTGGCCCTGCAGGAGGCCTTTCTGGAAACCTGCGCGCAGTGTACCGGCGTCCGCTTCCCGTCCGATCCGGCCTGAACCGGACCGGCGCGAATCTATCCGCCTCATTTTTTGGAATATCGTACAAAAACAACAGAAGATTGTCCTATCCTTTCCCGGCATGGTTTGCGTAAACTCACGGCGCGTTGTCGAA
NZ_AP019796.1_gap9	202972	207889	4917	TGACAACCGCACACAGGTGGTGGCCTACGACGATGCCGGCGGGGCGTTTGCCGCCCGGCTCTGGTGGCTGCTGGGCTGGCTCGGACACGAGGCCGTGGCCGTGCTCGACGGCGGCTGGCCCCGCTGGGTGCGGGAGGGACGGCCGGTGCGCAGCGGGATCGAGACGCGACCGGCCCGGACGTTCGTGCCGCAGATCCGGCCGGAACGGGTGGTCTCGGCCGACGAGCTGCTGCGGCACCTGCACGATCCCGCCTGGCGACTGCTCGACGCACGGGCGCCCGCGCGCTACCGAGGCGAGCAGGAGCCGATCGATCCGGTGGCCGGCCACATTCCCGGGGCTGTGAACGCGCCGTTCGCCGAAAATCTGACGCCCGAAGGCACCTTCCGTCCGCCTGAACAGCTACGGCAACGGTTCGAAGCATTGCTGGGGGACGTGCCGCCCGAGCGGGTCATCTGCTACTGCGGTTCCGGTGTGACGGCCGCCCACAACCTGCTGGCCATGGCCCATGCAGGGCTACCGGGCGCCCGACTGTACGTGGGCTCCTGGAGCGAATGGATCGCCGATCCCCGGCGGCCCGTAGCCCGTGGAGCCGCGCCGTGAAAGAGAACGTCCGTATGAAGTGGCAGGGGAATATTACCGATCAGTCGGCCGGATACTTTTCTGGCCCGGCGTTTCCGTTTCGGACGTGAGCCGGCGGTAGAGGGCTTCCACCTGCTGCCGAAGCGTCTCCAGTGAGCCGGTGTTTTCGAGCACGAAGTCGGCGCGGCGTCGGAGTTCTTCCGGGGGAAGCTGGTGCTGCATGCGGGCGCGCACCTGCTCGGGCGTGACGCCGTCGCGTGCTACTACACGCCGGATGCGCTCTGCCTCGGGCGCGTCCACCACCAGCACGTGATCGACAAGGCGGTCGGCGCCCGACTCGAACAGCAGGGCCGCCTCCAGCACCAGCAGCGGCACCTGCTCGCGGGCGGCCTGCTCTCGAACCTGCTCGAAGGCTTCGAGCACGCGCGGATGCACCAGCGCGTTGAGTCGGCGCAGCGCCTCGGGATCGTTGAATACCCGCTCGGCCAGATAGGCCCGGTTGAGCCGGCCGTCGGGCAGGTAGCTTTCAGGGCCGAACGCCTCGACGATGGCCCGGCGCAGCGCCGGATCTTCGGTCATCAGGCGTTTCGCTTCTTCGTCCGCATAGAACACCCGGGCGCCCAGTGCTTCGAGCAGGCGGCACACCGTGCTTTTGCCGCTGCCGATACCGCCGGTGACGCCCAGTGTCCGTACGTGCGGTGCGTTCATCGTTGCCATGTGAGTGAAAACGTCAGGTTGGGGATGCGGGTGCGGGGGCCGTTCCAGGCGGCCTCGCGGATGCGGTCGGCCGAGGCTTCGGGAAGCGGTCCGTAGAGGCGACGATGGAGGCGCTGGAGCATCAACCAGCCCTCCAGCGAAAAAGTCAACGAGCCGTGTTGCCAGTGCAGGCCGCAGGTGGGACCTACCTGCACGATCCAGAGCTGGCCCGGTCGGTTCACCGTAGCCGGGGTGCCCTCGGCGGTCGTGTAGGCGATCAGGAGGCCGCCCATGTAGTCGCGTCGGAGAAAGACGCGAAAGCCCACGCTGCTGCGTAGCCGAGCCGTCTGCGCCTCCAGCCGGAGCCAGCCGGTGTAGGTGCGAAGCGTGTCAAAGGGGATCTCGGCAAACCGATCCCAGAGCAACCGACCCAGCCGCAGTTCGCTGTAGGAGCCGTCGAAGCGCGCGCGAAGGCGGGGCGAAAGCACCTGCTCGGCCTGCAGGCGGTAGCCCAGCTCGCGGGCGGACTGGTCCTGACGCTGGCGGCCGGGCAGCACGAAGTCGTCCACGGTGTAAGCGGCGCGTACCTCACCCTGTAGCCACAGCCGTGTGGTCGGCGCAGGCGTCCACGTCAGCCCGGGCTGCAGCCGGAGCGTGCGCTGCACATGGTTTTCGGCCGAGCGGACGGCATTGAGGTAAACCAGATGGTAGTAGCCGCCCTCCAGACCAAGGTCGAGCTGCAGCGCTCGGGTCAGCCGGTACCGGAGGTCGAGGCGGGCCTGTTGCTGGAGTTCGTCGCGGTCGTCCGGGTTGACTTCCGGCGTGTCGTGGCGCAGGATGGTGGCGTAGGCCCGCAGGCCGACGGTCAGGCGTCCGGCTTCGAGCTGACTCCGGCCGCTCAGCGTCAGGTAGCTGCGGGCGTAGTCGGCCTGCTGGAGCAACAGGGCCTTCTGGGAAGCCTGCGCGGCCGGTAGATCGGCCCGGTTGGTCAGCGTGCGGATTTCTTCCTCGGCGCCGGTTTCCAGCTCGAGTTCCAGGTTCAGGCCGCCTCGTCCGTAGAGCAGGGCCAGGGCGCCGTCGAGCTGGCGGTGATCGAAGCGTGTGTTGAAGAACAGTGCGTCGTCGGGCGCCCGGAGGAAGCGCACCTGTCGGCGGAACCACTCACCGCCGAGCCGTCCGCGCAGGTGCAGGTGGGAATGCAGGGGCAGTTGCACGGCCAGCAGCCCCTGGAGTGTGTCGCTCCAGGTGGCCTCGACGCTCTGCGGAGGCGCGGCGGTTGTTCGGTTGAGAAACGAAACGGCCTGGTAGGTATCGCGCCGAAAGCGCGCGCCACGAAGCTGCAGGAGCACGTCAACCGCCTCCGCCCGTCGCTGAAACAGCAGATCGACGTAGGCGGTGAGGCCCCGACGCGGTGTCAGGTATTGCAGCAGGCCGCCGCCTTCCAGGCGCAGCGTGTAGCCGGTCGGCGTCTGCGGACGAAAGCCCAGTTGCAGGCTGAGCGCCGGGCCGTAGTCCGTCTGGAGCGGTGGTTGCGCAAGTCCTCCTCCGGCGCCCGGTCGCTGGTCCAGCGCGACGCCCAGGGCCGGCTCCAGCCAGAGGTCGTTTCGGGGGCGATAGCGCAGGCCGGCCAGCGCCTGCTGCATAAGCACGCGGCTCTGGTTGAACCAGGCCCACTGGCCGAACAGCCGGGGCTGCAACGTGGTATCTCCCGCCGGTGCAAGCGTCCAGGTCGTCCAGGATTCATCCCGAAAGTCCAGCCGATCGGTCCCGTACTGGAAGGCGTCGCTCACGAACTGCTGCTGCCAGTGCAGCGTCCAGGCGCCCACCGAAGGCGTGAGGTCCAGTCCGGCCGTCCACCGATAGCGACTGACATCCCGCACGAAGCCGGTCCGGACGGTCCAGCCCGACTGGGCCATTGCCGCCTGGCTCAGCAGCAACAGCCATCCGATGCCGAGCAGCCCGAAGCGCATGTGCCATTAGCCGGGCGGCCAGGTGAACTTGCGGCCGCCCAGCAGATGCAGGTGCAGGTGATAGACGGATTGCTGCGCGTCCGGACCTGTGTTGAAGACGGTCCGGTAGCCGGTGCGGGCGATGCCCTCGCGTTCGGCCATCTGGCGGGCCACTACGAACAGGTGCCCGATCAGTGGGGCGTCTTCTTCGGTCACCTCGTTCAGCGAAGGAATTGGCTTACGGGGAATAATCAGCAGATGGACGGGCGCCTGCGGGTTGATGTCGCGGAGCACCACGCACTGCTCGTCTTCATAGACGATGTCGCCCGGCAGCTCGCCGTCCATGATGCGTTGAAACAACGTCTTTTCCGCCATGGCTCAGGGGATGGTTGTCCGGCTGCAGATCGCTTCAAATATAGGGCACGGCGGGCACTTTCGCCTGTAACGGATCGGCGATTCGTTGCACCAACCGGAACGCGTTCCGGGAGCGTACGTTTGTGGCAACCGATGTGCAAACAATCCGATGGCTGGAGGATGCCCACCGTTTACGTGACCCGTCGCGTGCACTTCAACGCGGCGCATCGCCTGCACAATCCGGCCCGCTCGGAAGCGTGGAATCGGGAGACCTTCGGCCCCTGCAATCATCCGAACTGGCACGGCCACAACTACGTGCTGGAAGTCACCGTGGCCGGCGAGCCGAATCCGGAAACCGGCTTCGTGCTGAATCTTTCCCACCTGAAAGAGATTCTGGAGACGCGCATTCTGCAGAAGCTGGATCATAAGAACCTGAACTTGGACGTCGATTTCCTGCAGGGCGTGATTCCGACGACCGAAAACCTGGCCGTCGCGATCTGGCGGGAGTTGGAAGACGCGCTGCCGGCCGGACGCCTGCACCGGATCCGGCTCTACGAGACCGAACACAACTACGTGGAATACTATGGTGAAGAATAAATCGACCGGGGTGCTTGTGCGCTCGGGCGCCCACCTGGAGCTGGACAGCCACCCGATCGATCATTTCGAGCGGGTGGATCGGTACCCGGCCGAGGCGACCGAAGCCATTCAGCAGCACATGCGCGAAATCCTTCGCTGGATCGGCGAGGACCCGGATCGCGAAGGGCTCCGGCGCACTCCGGAGCGGGTTGCGCTGGCGCTCCAGTACCTGACGCAGGGATATCACCAGGATCCACGGGCCATCCTGGAGTCGGCCCTCTTCGAGGAAGACTACAGCGAGATGATCCTGGTGCGAGATATTCAGATCTATTCGCTCTGCGAGCATCACCTCTTGCCGTTTTTCGGCAAAGCGCATGTGGCTTACATCCCGAACAAAAAGATCGTCGGACTGAGCAAGATTCCCCGTGTGGTGGACGTGTTCGCCCGGCGGCTTCAGGTGCAGGAGCGGTTGACGATTCAGATTCGGGATGCGCTGGAAGAGGTGCTTCAGCCGCTGGGCGTGGCCGTGGTGATCGAGGCGCAGCACCTGTGCATGATGATGCGCGGCGTGGAAAAGCAGCATGCGATCACCACCACCAGCGCGATGAGCGGTGAATTTCTGAAAGAGGCCACGCGGGCCGAGTTCATGCGGCTGATCAACGGAGGGTGAGGCCGTGTCCGTCGTTGTCATTACCGGCGCCAGTCAGGGAATCGGAGCGGCCATTGCGCGGGCGTTTGCCGAGGAGCCGCAGGCACGCCTGG
NZ_AP019796.1_gap10	210150	212115	1965	GCAGGTGTGCGAACGGTTTCCTTCGCTGCAGGCGCTGATCACTCACTGGCATGCTCTGGAAGCAGATCCGCCCGATCTTGTGCTGGTCGATCTGAACCTGCCTGATTATCAGGGACTCGATGCGTTTGCCGAGGTCAAAGTACGCGCCATCAACATTCCGGTCGTGGCACTGATCGACCGGAGCGAAGCCATGCTGGGGCCGCACCTGCTGCAGATGGGCACGGCCGACTACCTGCTCCGGGATGCGCTGAGTGCGCCGCTGTTGGAGCACGTGGTACAACGGGCCTGGGAGCGGCAACGCGTGCAGAACAACCTTTCGGAATACCTGCAGGAGCTGTACGCCAGCGAAGCCCGCTTTCGGGCGATTCTGCAACATTATCCAGACGGGTTGCTGATTCTGGATGCCGAAGGGCGCATTCTGATGGCCAACGAGGAGGCGCAGCGACTGCTGGGTTACGCCGAGGCGCATCTGGTTGGGCAGCCGCTCGAAGCCTTTGTACAGGAAGAAACACCGGGCTTTGTCCGAGCGCTCCGAGCACCCGGGTCGAGCCGGCTTCGGCTACGCATCATTCCCTGTGAGGAGGATGATCCCTGCCAGTTGGTACTGTTGCGACCACTGACCGAGGCCGAACAACAGGAGCGGTTTGCGTCGAACGCTTCCGAGACGCTGCCGGAGGTCATTCTGGAAGCGCTCGACGAAGCCGTGCTGGTGGTCGATGAAGTCGGACGTGTGGTGTATGCCAACCGCACGGCACGGACGCTGCTGGGCGAGCCGCATCGCCAGATCACAGGCCGGCCACTCAACGGAATGCTCACGGCGCTTATGCCGGGCGAGCGGTTCGATCGGATGATGTCCTGGCTGGAGTTGCACGGAGGCATCTGGCAGGGAATCCGAAGACTGGAAAGCCGGAGCGGTAGCGTGCAGACGTTTCAGGTGCAGCTCCGGTTGCTTTCGGAACCGATATTCGGGATGGTGATCGTGCTGCGTCCAGTGGTGGGCGAGGTGCCGATTGGTTGATCGGCCGACGTCAGTTCAGGCGGGGATCGTCCGGAAAGTTGGCCAGCAGCGCATACTCGCCGCCCATGCGGCGCAGCACCGTGCGCCAGAGCTTTTCGGGCGTGTCCTCAAATACGTTGGCCGCGTGGGCCGGGGCGAGAATCCAGCCGCCCGCCTCGTATTCGGCTTCGAGCTGTCCCGGCGCCCAGCCCGAATAGCCCAGGAAGAAACGCATGTCGTCGGGCTCCGGTGGATTCGTGCGCAGCCGGTCCAGCAGGGCTTCCACCTCACCGCCCCAGTAGACGCCGTCCACCACGGGTTGCGCCTCGGGAATTTTGTCGCCCAGCCGGTGCAGGATGTGCAACGTGTCGGGTTGAACGGGGCCTCCCATGAACAGCGGATAGGAGACGGGCACGTCGAGCACCTCGCGAAGCGTCAGCGTAGTCGGCCGGTTCAGAATCAGCCCGAAACTCCCGTCTTCGCCGTGCGCGCACAGCAGCACCACCGTGCGCCAGAAGTTCGGGTCTTCCAGCATGGGGGGCGCGATGAGCAGGATTCCGGGACGCAGCGTCGGCGACTCCATGGGCACGGTTACGACCTGGTTGTGGAACGCAGCAGCGCTTTGAGCGCACCGCACCACCAGTCGGCGTTGCGGGTGATCGACGCCACCGTAATGTGTTGAAAGTGGGGCATCAGACGAAGCAGGACGGACGGGATGGCTTCCCAGCGATCCTGACGAATCAGCCGCTCCAGTTCGTCGGCGGCCGTGCGGGTCCAACGCCAGTTTTCCCGCAAGGATTCGGCCTTGCGCCAGTAGCCCCGGTTCTCCCAGCTCTGTGCGCTCTCTTCGATGGTCTGGGCAATACTGCGCAGGTTGAACACAAAAAAAGCCACCATGTCGCGCGCCTCGTCGTCGAAGTGCGCGCGCTTTGCCAGCAGATGCAGCACCTCGGCACAGGAACGCAGAT
NZ_AP019796.1_gap11	235366	240310	4944	CACCATCTCAACGGAGCCGTCCACCGAGTTGTTGTCCACCACGAAGACTTCCAGTTTCAGGTCGTCCGCGGCCCGGAAGACCGAGCGCAGCGCCTGTTCGAGCAGGTCGCGCACGTTGTAGTTGACGATGATGACCGACAGGTCGCAGGGCGCCGGTGTGGCCGGGTTGGCAGGAGCGGATATGGACGACGCGCACGACATCGATTCGGGGCGGCAGATCGCTACGGCACGGCCGGGTTCAAAGATAACACGAAAGCCTCAGGCCTTCGGCCCAAGGGTTTGCAAAAAAGAAAACGGCGGCATACTTTCTGTCCGGACCCGCCGATCGGCGAGATGTGGGCGGATTGCGGAAGCTCTGTCAACGATTCCCGAAAATCCTGCAAGGAATCTTCGGGGTGGTTGATTTTTTCGTGCTAAGTCCTGTAGTGTTAGGGCTGTTTTTGCAAAGAAATGCTTTTTATCCGAATTTCGCAGGAAAGGGCTCCCGCATTTTGCGGGAAACTGTAGATTCCTTCCTTATCCGAGAGTGTAGCCTGAGGCCTGGAACGTTATGCCGCAGATTTTTTCCAGAAAGACCAACCGGCTGCCGGCGCTTTCGCTGGCCGGTTCCGTCTTCGGGGGCGTGCTGGCCGTTTTTCTGGTCTGGTACTACTTTTCGCCCGAGTTTTACGAGGTAGGCTATGCGCCGGAGCAGCCGGTTCCCTACAGCCACCGCATTCACGTAGGCAAGCTGGGGCTGGACTGCCGCTACTGCCACAACTGGGTGGAGGTCTCCGACAAGGCGAACATTCCGCCCACGCAGACCTGCATCAACTGTCACAGCCAGATTCTGACCGACTCGCCCCGGCTGCAGGCCGTGCGCGATAGCTGGGCGACGGATCAGTCTATCGAGTGGGTGAAGGTGCATCACCTGCCCGACTACGCGCACTTCAGCCATGCCTCGCATGTGAACAACGGAGTGGGGTGTGAGACCTGCCACGGCCGGATTGATCAGATGGACGTGGTGCGCGTGGTCAAGCCGCTCTCGATGGGCTGGTGTCTGGAGTGTCATCGCCAGCCGGAGCTGTACCTGCGGCCGCAGAGCGAAATCACCACGATGGGTTATCAGCCGCCGGCCGATTACATCGAGCGCAACCTGGAGCGCATCCGGAAAGAAGGGATTCGTCCTCCCACGAACTGCTCGGCCTGCCACTATTGAGCCGGGCTTTCTTGTTTTCTGTGAAGGAATCTTGCGTTTGTCGGTGGAGAGCGTCCTATGATTGAACTGCCTGTGGTCAATCCTGACGGTGCCGAGACGCCCGGTTCGGGCAAGCGCCTCTGGCGCAGCACGGCCGACCTGCGCCGGGATCCGGAATGGGTGAAGCTGGCGCACGACGAGTTCATGCCGGGGGTGGCGGAGCCGCCGAGCGGCACCTCGCGGCGCCAGTTTTTGCAGATCATGGGGGCGTCGATGGCGCTGGCCGGACTGACGGCCTGTCGCCGTCCCGTCGAGAAGATCCTGCCCTACGTGCGCCAGCCCGAGGAGATCATTCCGGGCATTCCGCTCTACTACGCCACGGCCATGCCCTTCCGGGGCAGCGTGCGGCCGCTGCTGGTCGAAAGCCACGAGGGGCGCCCGACCAAGATCGAGGGCAACCCGGATCATCCGCTCAGCCGGGGCGCGACGGGCGTCTTCGAGCAGGCTTCGCTGCTGAATCTGTACGATCCGGACCGTTCGCAGCAGGTGCTCCGCAAGGGCGAGCCGGCTTCGTGGGGCGACTTCGTGCAGTTTGCCCGGTCGCTGGCCGCCGAGGCGGGGTCGAAGCGGCTGGCCGTGCTCTGCGAGCCGAGCAGTTCGCCCACGCTGGCCGCGCTGCGCCGAGAGCTGGAGCGGCGCTACGCACAGGTGCGCTGGGTCACCTACCGTCCGGAGGGCGACGACCACGAGGCGCTGGGATTGCAGCAGGCCTTCGGCCGTCCGGTGCGGGCCCGCTACCGCTTTTCGGAGGCCCGTGTGATCGTCAGCTTGGACGCCGACTTTCTGGGACCGACCGACCGCAACTTCGTCGAGAACACGCGTGAGTTTGCCGCCAGCCGGCGCATGGAGCGGCCCGAAGATGAGATCAGCCGCCTGTATGTGATCGAAAGCACCTACACGGTCACGGGCGGCATGGCCGACCACCGGCTGCGGCTGCGCGCCGGCGACATTCCGGCGTTCGCCGCGGCGCTGGCGGCCGAGCTGGGCGTCGGCGAACTCCGCGAAGCGGGCGCCCGTTTTGCCGGGCATCCGTACGTGGTGGAGATTGCCCGCGACCTGCGGGCGGCCGGTGCGCGCGGCGTGGTGCTGGCAGGCGAAACGCAGCCGCCGGCCGTGCACGCGCTCTGCGCCGTCATCAACGACCTGCTGGGAAGCCTGGGCCGCACGGTGATCCTGCATGCGCTGGAGGAGCCGGCCACCGCTCAGCATGCGGCACTGGCCGAGCTGGTGCAGGCCATGCAGGCCGGTGAGGTGGACGCGCTGCTGCTGCTGAACGTCAACCCGGTCTACGACGCTCCGGCGGCCCTGGGCTTTGCCGAGGCACTGGCGCAGGTGCCCGAGGTGATCCACCTGGGACTGCATGTGGACGAGACGGCCCGCCGGAGCACCTGGCACCTGCCCTCCACGCACTACCTGGAAGCCTGGGGCGACGGACGCGCCTACGACGGCACGCTCTCGGTCATCCAGCCGCTGATCGCTCCGCTCTACGAAGCTGCCCACTCGCCGCTGGAGGTGCTGGCCCTGCTGGCCACCGGCGAAGAGCAGAGCGCCTACGACCTGGTGCGTAACACCTGGCGGCGGCTGCTGGCAGGCCGGGGCGCCTTCGAGCAGGCCTGGCAGCGCGTGCTGCACGACGGCTTCCTGCCGGACTCGGGCTATCCGACCGTTTCGCTGCGCCCGAACCGTCAGGCACTGGCCGACTGGCCGCAGGCGACGGAAGGCGGTCTGGAGGTGGTCTTCCGGCTGGATCCGACCGTGCTGGACGGCAGCTTCGCCAACAACGCCTGGGCGCAGGAGCTTCCCGATCCGATCACGAAGATCGTATGGGATAACGTTGCGATCCTGAGCCCGAAGACGGCCGCGGCGCTGGGCGTCAAAGCCGAATACCACAAGGGCGTCTACATCGCGGACGTGATCGAGCTGTCGCTGGACGGCCGCGCGGTGGAGCTGCCCGTCTGGGTGCTGCCCGGCCATCCGGACGACTCGATCACCGTCTATCTGGGCTACGGTCGCGAGATCACCTCGACGCGGCCCGAGCGGAAGACTCCTTTCTTCGACCTGGACGACTACACGGACATTTACGGCCACGGCGCCATTGCCACCGGTGTGGGGGTGAACGTAGCCCCGCTACGGCGGCCCGAGAACCCCTGGGTGGCCTATGGCGCACAGGTGCGCAAGACGGGACGCACCTACAAGATCGTGACCACGCAGGACCACGGCTCCATGGTGGGGCGGCCGCTGGTGCGTATGGCCACGGTGGAGGAATTCCGGAAAAACCCGGACTTCGCAAAAGAGGCCGAGCCGCCACTCGAGGGCCTGGAACCGTGGGATCAGTATCCCACCCTCTGGGAGGAGGCCCATCCGAGCAAGCAGCCCGCCTTCCAGGACAGCGATTACTACCGCAACCAGTGGGCGATGGTCATCGACCTGAACGCCTGCACGGGCTGCAATGCGTGCATCGTGGCCTGCGATAGCGAGAATAACATTCCGATGGTGGGCAAAAACGAGGTGGGCCGCGGGCGCGAGATGCACTGGCTGCGGATCGACCGCTACTTCGTGAGCGACGAGGCGCATGCCGACGATCCGCAGATCGTCGTGCAGCCGGTGCCCTGCATGCACTGCGAGAACGCGCCCTGCGAGTCGGTCTGCCCGGTGGCCGCCACGGTGCACTCGCCGGACGGGCTCAACGAAATGGTCTACAACCGCTGCATCGGTACGCGTTACTGCTCGAACAACTGCCCCTACAAGGTACGGCGGTTCAACTGGTTCAACTGGGTCAAGACGCTGCCCATTCAGGTGCAGATGGCCCAGAACCCGGACGTGACCATGCGCTTCCGCGGGGTGATGGAAAAATGCACCTACTGCGTGCAGCGCATCCGCGAGGCGCAGCGGCAGGCCAACATCGAAAAGCGGCCGCTCAGGGACGGCGAGGTCAAGACGGCCTGCCAGCAGGCCTGCCCGGCCGAGGCGATCACGTTCGGCGACCTAAACGATCCGAATAGTGCCGTTGTCCGGCAACGCAAGAACGTGCGGCGGTACGAGATGCTGGCGGCACTCAACGTCAAGCCGCGCACTTCGTACCTGGCCCGCATTACGAATCCGAATCCCCGGCTGCTGGAGCAGGAACCAGTGGCCTGATCGATAGGCAAGCAGGATCGAGAACGCGATGGCGCACGCAACGAAAGACCTGTCGGCGCTGGCCCGCACCGATGAAGAGGTGCTGGTGCGGGGTGGACTGACCTTCCACGACATCACGGAGCTGGTTGCCCAGCATACCGAGAAGAAGACGCCGAAAGCCTGGTGGGCCGCCTTTTCGGTGGCCTTTCTGGGCATGCTGACGCTGGTGGCCATGCTGGCCTACCAGGTCTGGAACGGCGTGGGCGTCTGGGGCAACAACATCCCGGTCGGCTGGGGCTGGCCCATTGTCAACTTCGTCTTCTGGGTCGGTATCGGTCACGCCGGGACCCTGATTTCGGCCATCCTGTTTCTCTTTCGCCAGCGCTGGCGCACGTCCATCAACCGGGCGGCCGAGGCGATGACCATCTTCGCCGTGATCTGCGCCCTGATCTTCCCGACCTTCCACGTGGGCCGCGTCTGGGTCATCTACTGGACGCTGCCCATCCCGAACCAGATGGAGATGTGGCCGCAGTTCAAGAGCCCGCTGCTCTGGGATGTGTTCGCCGTTTCCAGCTATTTCATTGTGTCGC
NZ_AP019796.1_gap12	259777	263981	4204	AAGGCTTTCTGGACGAAGGCGACACGATCACGTTCGGCCAGACCACCTGGACGGTGCTGCACACGCCGGGCCATTCGCCGGGCTCCATCAGCTTCTACGATGAAAAACACAAACTGGTGATCGTGGGCGACGTGCTCTTTCAGGGATCGATCGGACGCACCGACCTGCCCGGCGGCAGCCTGCCCGTGCTCATGCAGTCGATCTTTCAGAAGCTGGTCCCGCTGGGCGACGACACGCGCGTCTATCCGGGGCACGGACCCGAGACCACCATCGGCCGGGAGCGGCGGCACAATCCGTTTCTGACCGGGGCTTTTCCTCTGTGAAAAAAGGCGGCGGCGCGTGCTTTTCGTTCAGGGGTGGCCCATAACGGCCCGGAGGTAGAAAGCCACCGAGGCCGGACGGCTTCGCTCGAGCACGATCTGCGTGGAGCACCATACCAGTTCGCCCATGGTCAGGCAGCGCTCGAAGCGGGCGTCGCCGTAGTGCTCGGCCAGTTGCACACCCAGGCGGCGGACGTTCTCCTCGGGTGCGATCAGGTCTTCCTGCATCACCTCCATGAGCGCCTGGAAGCGCCCGTGCGAGACGCGCATCCGGTTGGCGATCAGCGCCCGCTCTTCCTTCTGGTACTGGATGATCGTCTCCTCGGGCAGGTACTCGGCCACCAGTTCCACGAAAGGCGCATTCTGCGGGAAGCATTCGGGCAGATAGACCTCCTTGCGCCAGTGGTGGCTCTGCTGGTCAAAGTCGATCGGCCGGATCCGGTAGTGCCACTTTTCGAGATCGGGCGTGCCGTCGATGACGAAGTTGCCCGCGTGCATGTCGCCCAGCAGCCGCACGAAGCAGCGCTCGTTGAATTTGACGAACTCTTTGGCCAGCCGCACCTGGTCGAATCGGTTCGTCGGCATGTGGTCTTTCAGGAAGTCGTCGCCGGGAATGCCGATGATGTGCTCTTCGATGATCGTGTCGCCCCAGATGAAATAGTTGATGCGGTTGGGCGAGAGAATGTGCTCCAGCTCGAGGCCGTAGATGCGGTTGGCATCGACGCGCTTGACGTAAAAGTAGTCGAAGTTGTCGTTGAGGGCGTTGACGATACGCACGCGGAACGGCGAGGTGTTGCCGTAGAGGCACAGATCGATGCGGTCGATGTAGAGGTGGTCGGCGATAGAGAAGTCGCCGTCGGCCTTCAGGAGCGCGTAGGTGAGCCGCAGGCGGTCGTGGATTTCTTTCTGCTCCAGCTCCGGGTAGAAGACCGTGGACCAGAGCGTGTCGCGGCCCTGTTCGTCGTAGAACGGGATGGCGTTGTTGTAGCGAAGCAGGTCGTCGTAGCGGATGCCGCCGTCGTAGATGCGGCCGTAGCGCTCCAGATAGGTGCGCAGGTAGTCGCTGATCGGGTAGGCCGGCTTTTTACGGCTGATCAGATGCGCCATGATCGTCAGACCATGCGGGGTGCGGCCTGGGCCAGCACCTGCTCGTAGTAGGCTTCGTAGCGGGGAACGATGCGCTCCGTGTCGAAATGTTCCACGGCGCGGCGGCGGGCGGCCCGGCTCATGCGCGCCCAGAGTTCGTCGTCGGTGAGAATGCGACGGGTGCGTTCGGTGAAAGCGTCCAGGTCGCCCAGCGGGCACAGGAAACCGGTCTCGCCGTCGACGATCAGCTCGGGCAGGCCGCCGATGTTGCTGGCCACAACGGGCACACCGCAGGCCATCGCTTCGAGCGCGGCCAGGCCGAACGTCTCGGAGCCGCTGGGCATCAGGAAGACGTCCGCAATGGAAAGAATCTCTTCGACCGGATCTTGCTTACCCAGAAAGCGCACGTCGTCGTAGACGCCCAGCTCACGGGCCAGGTGCTCGGTCGGGACGCGGTCGGGTCCGTCGCCCACCAGCAGCAGCTTGACGGCCAGCCCTTCCTGCCGGAGCCGGTGGAAGACGCGTACCACTTCCGGCACGCGCTTGACCGGCCGGAAGTTGGACACGTGCACGATCACCTTTTCGCCGTCAGGACACAGGGCCTGTTTGAAGTGCAGCTTGTTCAGCCGGCGAAAGCGCCGCGTGTTGACGAAGTTGGGAATGACCTCGATGGGACGGGTGATCTCGAAGTGCGTGAGCGTTTCGCGCCGCAGGTAGTCGGAAACGGCCGTGACGCCGTCCGATTCGTTGATCGAATAGGTGACCACCGGGTTGAACGATGGGTCCTGCCCCACGATCGTGATGTCGGTGCCGTGCAGCGTGGTGATGACCGGCACATAGAGGCCCTGTTTTTCCAGAATCTGACGGGCCAGCACGGCGCTGGTGGCGTGCGGAATCGCATAGTGGACGTGCAGCAGGTCCAGCTTTTCGTACTTGACCACGTCCACCATCTTGCTGGTCAGCGCCAGATCGTAGGGCGGATATTCGAAAAGCGGGTAGGTGTTGACGTTGACTTCGTGAAAATAGATGCGCTCGGTGATGTGCGAGAGCCGAAACGGCATGGAGTATGCGATAAAATGGATCTCGTGGCCGCGGGCGGCCAGGGCTTTGCCCAGCTCGGTGGCCACCACGCCGCTGCCTCCGTAGACCGGGTAGCAGGAAATTCCGATGCGCATGGGGATGGCGGGTGGTATTTTCTCAAGGCGGCGTGTTAGCATGAACCCGATGCCGGAGTTCAGGTTGCACCGCAGACGTAACCATTCACCAAACCGGAACAGAAAGGCTTATGGTCAGACAGACGGTTGCTTCGCGTTTCTTTTCGTATGGGTTGCTTTTGGTGCTGCTTGCGTTACCGACCACCGCGCAGGCGCAACTGGGCGTTTCGCTGGGGCTCAACTTCAACCAGCTCAGCGACATCAAAACCGGTGATACCCGGGCCACGTTCGACAACAGCCAGGGCTGGCACGTGGCCGTCTGGTTCGATCTGCCGCTGGGACCGGTGGCCATTCGCCCCGGATTGCGTTATATGGACGCCGGGTCTCTGTACCGGGGATTCCGGGAAGATCTTTCTGATCCATCAGTTCAGGAAGGCTTCGACGTGTCCCTGCTGGAGATTCCCATCGATGTGCGTTACCGGATGACGCTGCCGTTTCTTACGCCGTACGTGATGGCCGGTCCGGTGCTGCGTTTTCCGTCTGGTGACGAGGGCATCAAGGATAATCTGAAAGAATTCAGCCTGGCCGGTAGTCTGGGCGTGGGGGTGGAGGTGAGCCTGCTGGGACTGCGGCTCTATCCTGAATTGCAATATACTTTCGGCATCACAGAGTTTACCAAAGGATTTGAAGTGGCCGGGGTCGAGATCAATCCCGACGCCCGCCAGCACCTGAACGTGGTGATGCTGCGCGTGGGGGTAGCGCTTTAAGCCCGTGAGCGATCTGCGACAAGAAGGCCGCTCCAACATCGGAGCGGCCTGCTGCTTTTCAGCGGGGGGCCAGTATGACCACTATGGGAAAATGGTCGGTGACGGTGCGCGGGTCGTAGGCCTGCACATAGTGTACCTCGCGCAGGCGGGCACGAAGCCGGGGCGAAAGCAGCACGTGGTCGATGGCGGCCAGCTCTGGCCATTCCACCTGCCAGTCCTCGTCGGCGTCGTAGAAGACGGTGAAACGATCGTGCTGGGGCACTTCGGCCATCACGTTGTAAAGGTCGTCGTCGGGTCCCGGTCCGGCCGCTTTGACCAGCGCCAGCGTGCGGGTGATCGGCCGGTGGCCGTTCAGGTCAGGGATTGCGTCGTCGTAGTCGTTGAAGTCGCCGAGCACAGCCACGGCGCGTCCGGCGGCCAGTTCGCGTTCGACCAGTCGGCGGATGACCTCGGCCTGGGCTTCGCGGCGGGGCTTGCGACGCGAGTCGTCTGGCTGCGCCAGAAAGTGCACGCCGATGATCGTAGCGGGCAGATCGCCCAGGTAGAGACGTACCCAGATGTTTTTGCTTACGCCGTAGGTGTCGTCGGTCCCTTCTACCGGCACGCGCTCCTCGGTGCGGCCGATCTTTTCGACCGGAAGGCGGGACAGCACGGCCACATCCTGGCCGGTGAACGTATCGTGTCCCTGCACGAAATGGACCTCATAGTTCAGATCGGGCAGGTCCTCGGTCACCATGCGCCGGAGCACCTCTTCGTTTTCCACCTCCTGGAGGACGACAAGGTCCGCGTCGATCATGCGCAGTACCTGTGCAATGCGTGCGCGATGGCGACGGGCCGCTTCGGGATTGCCCTTGTGCGGAAAATCGGCCTGGCCTTC
NZ_AP019796.1_gap13	272284	277245	4961	GCGGAAGAAACGTGCAGCCCGTTGAAGCCGGCGCATTTTGCATTTAACTTTCCGCGCAAATCTTTGCCGTAAAAATTCCTACCCAATCGAGAGCGTCCATGTCGCTGCAGCTCGACACGTTCAATCCCCGGGTGATGGCCGTGCAGCCGTCGGCCACGCTGGCCATGACGGCACGGGCCAAGCAGTTGCGTCGTGAAGGCAAGCCGGTGATCAGTCTGAGCGCCGGTGAGCCGGACTTCGACACACCGGCACCCATCGCCGAGGCCGCCATTCAGGCCATCCGGGAGGGCTTCACACACTACACGGAAAACGCGGGCATGCTCGAGCTCCGCGAGGCCATCTGCCGCAAGCTGGCCGAGGAGAACGGGCTGACCTACGAGCCGGACCAGATCCTCTGCACGAACGGGGCCAAGCAGGCCGTGGCGATGGCCATCGAGGTGCTCTGCCGGCCCGAGGACGAAGTGCTGATCCCGGCGCCTTACTGGGTCAGCTACCCCGAGATGGTCCGGCTGGCCGGGGCCACGCCGGTCATCCTGCCCACCTCGGTCGAAACCGGCTACCGGCTGACGCCGGAGCAGCTGGAGGCGGCCATCACCGAGCGCACGCGTCTGCTGATTCTCTGCTCGCCGTCGAACCCGACGGGGACGGTCTACGCGCCCGAAGAACTGGAGGCGCTGGCCGACGTGCTGCGCCGCCACGAGCACGTCTACGTGCTTTCGGACGAGATCTACGAATACATCCTGTTCGACGCAAGGCACGTGTCGTTTGCGAGCCTGCCCGGCATGAAGGAGCGGACGATCACGGTGAACGGCTTCTCGAAGGGATTCGCCATGACGGGCTGGCGGCTGGGCTATCTGGCGGCCGAGCGGCCCATCGTCAAAGCGGCGGCCAAGGTGCAGAGTCAGTTCACCTCGGCCCCCTGCAGCATCTCGCAGAAGGCCGGGCTGGCCGCGCTGCAGATGGACAAAGGGCCGATCCGGGAAATGGTCGCCGCCTTCCGCCAGCGGCGCGACTTCATGCTGGAGCGGCTGCAGGCCATTGACGGCATCACCTGTCCGAAGCCGGAAGGGGCGTTCTATCTCTTTCCGCAGGTGTCGGCCTTCTACGGGCGGCGCACGCCGGACGGCCGGACGATCACCGACAGCGAGTCGCTCTGCCTGTACCTGCTGGAGCAGTGCCATGTGGCGCTGGTACCCGGCCAGGCCTTCGGCGATCCGAACGGCGTGCGCATCTCGTATGCCGCCTCAATGGAAAACCTGGCCGAGGCCATGCGGCGCATCGAAGCCGGGCTGGCGGCCCTGCAATGAGCACCGGGAAGCATTCGGGCGCTCGGATCGTATGAGCGGGTCGATGTCGAACGAAGTCGGAGAGACCTTTGGAGCCGATTCCGGGCATCCGGTGGCGTGAAACGGTCGCGGCGCCCCCGCGGCGGCCGCAGCGGGTGTGGCTGCATCTGCTGCTGTTCGTGCTGACGCTGGTGACCACCACGCTGACCTGGCCCGACTGGGCCGGTCGCTGGCTGCTTTACGAACGGATGGGATACGGCGCGTTGCTGGCCGACGGGCTGCGCTTCAGCCTGCCGTTGCTGCTGATTCTGACCGTGCACGAGTTCGGGCACTACCTGGCCGCCCGCTCCCATCGGATCGACGCCACGCTGCCCTACTACATTCCGTTTCCGTTCAACGGCATCGGAACGTTCGGGGCCGTCATTCGCATCCGGGAGCCGATCCCCGACACGCGCTCGCTGTTCGACATCGGCGTGGCCGGGCCGCTGGCCGGATTCGTCGTGGCGCTCGTTGTGCTGTTCTATGCGCTGCTGACGCTCCCGCCGCCCACGTACCTGCTGGACGTGCCCGGCCACGAAGCGCTCAAGGCCTACATCCTGGCGCACGGGCGTTTTCCGTCCGCCCCGCTCCCTTCCGAGGACCCGACGAGCGTCACGCTCGTGCTGGGCCATACGCTGCTGTTCGACACGCTGGCCCGCTTTTTCCCGAACGTGCCGCCCATGTACGAGCTGTACCACTACCCCACGCTGTTTGCGGCCTGGCTGGGACTGTTCTTCACGGCCCTGAACCTGCTGCCGGTGGGCCAGCTCGACGGCGGACATGTGCTCTATGCGCTGTTCGGACGCCGCTGGCATCGGCGGCTGGCCCGTGCCTTCGTCCTGCTGCTGCTCGTGTCGGCCACGATCGGCTTTGCGCTGGAGACGCTTCCGCCCCTGCTGCAGGAGGGCATCTGGTGGCTGGAGCCGGCCGCCTGGTTCGGTCTGGCAATGGTGCTTTACCTGTACCTGCACCGGCTGTTCGACGGCGATCACCGCATTGTGGCGCCCGTGCTGCTGGGGCTGATGGCGCTGGCCGCGCTGGCGCCCCGCCTGGCCAGCCTCGTCGGCTGGATGGGACACAGCGGCTGGTTTCTCTGGAGTCTGATCATTCTGTACCTGATCCGGGTCGATCATCCGCCGGTATGGTACCGGGTGCCGCTTTCGCGTACGCGGCGGGCGCTGGGCTGGGTAGCCATCGCGATTTTCGTGCTCTGCTTCAGCATTCGCCCGCTGTACCTGATCTGATGGTGCATCGAAGCCTCCCGTTTTTTATCTTTGCAGAAAAGATCCGCCCGCGCCTATGACGCTTCGGTACCACGCAGGCTGCTGAACAGACGTACGGAGCGGTGTCGATGCGACACGTCTTCTGGTTGCTGGCACTGGCGGGCGGATTGCTCTGGGGATGCGATACACTTCCGGGCGCGCCCTCGCTGGAGGGGCGTCCTCCGGTGGTTTCAGACCTTTCCTTTGCGCCGGATTCGGTCGACTTCAACACCTTGCCTTCGGAGCAAATCCGGGGCGATACGGCACTCATCCCGCTTTCGCTGGCGGTGACGGCGCGCGATCCGGACGGCCGGATTGCCCGCGTGGCGTTCGTCGTACGGGCGCCGCTGAACACCACCGAACCCGTGGCCATGGGCACGCTGGAGGCGTCCGGCACGGATCGCTACACGGGCGAGACGACGCTCCGGCTGCATCGGGCGCAGGTGGGCCCCTACACGGTGCTGGTCTATGCCGTGGACGACGAGGAGCGCCTGAGCAATCAGGTGCGCGGTACGCTCTGGTTCTGGGCGACCGGCGGTCCGCCCGTGATCGAGGAGGTGCAGGTGCCCGACACGCTCCGGCGTCCGGCGCCTGGCGAGCCGCCCGTTGTCTTCCAGGTGGTGGCGCGGGTTTCGGACCCCGACGGTCTGGAAAACATCCTGCGCGTGGAGCTGCGCGTCAACAACGGCGCGCCGATCCTGCTGTGCGACGATGGGGGTGAAGGCCTCTGCGGCGGGATCCCCAACAGCGGCGACGCGGTGGCCGGCGACGGGCTGTTCACCATGACGCTTTCGCTGGCCAGCGACAACGTGCCGGGCACCTACACGTTCGTCTTCCAGGCCATCGATCGAACTGGACTCACCAGCGAGGAGGTCCGCCGTCATGTGGTCGTGGAGTAAGCGGCTGATCTGGGGGGGGTTGCTGCTGGGCCTTACGGCCGGCGACGGGCGGGCGCAGTCGAAAGCCGACTGGAGCCGGCGCGTGGCCGAGCTGATTCCGGTGCCGGGCATCGCCGAAAACTTTGTCAGCACCCTGGCCGCCCGCGGCGACTCGCTCTGGGTGGGGCCGCGCCTGGACCTGACCTTCGACGGGGGACAGACTTGGTACCGGGCCGACGTCGATTCGATCACGCAGGGACGCGGCCGCGTCTATGCACTGCTGGTAGTGGGCGACACGATCTGGGCCAGCCTGGGCACGCGCTACCAGGCCGACCTGAACGGCGACGGCGTGGACGACGACGTGTTCGAGGCCGTGGGGCTGGTCTATTCCACCGACGGCGGCAACACGTGGGGCTTCCGCTTTCCGCCGCTCGACGCACCCACCGACACGGTGATCACCTACGGCGTCTCGCGGCTCCCGGCCGAGCCGGTCGTCTCCCCGCAGCTTACCACGACGTTCGACCTGGCCTACGATCGGCGGCGCGGCCGGCTCTGGGCGGCGAGCTGGTACGGCGGCCTGCGCTACTCAGACGACTTCGGCCGCACCTGGCATCGGGCCGTGCTCCCGCCCGACTCGCTCGACGCGCTTCGTCCCGATCAGCCCTATTTCTTCCGCGTAGCGCCGCCCGTAAGCGCGCTGGACCGCTACGACAACTACTTCGCCTTTTCCGTGCATGTGGACGGCGAGGGGACCGTCTGGGCCGGCACGGCCGGAGGCATCAACCGCTCGGTGGACGGCGGACTGAGCTGGGATCGGTTCTTCAACGACGGCCGGCCCAATGCGCCCACCGGCAACTGGATCGTGGCCATCGGCGAGCAGCGCCGACCCAACGGTCAGCGTGTGCTGTGGTTCGCCACGCGGCCGGCCGGCGCCGCACCCGGCGAGACGTTCGGCATCACGCGGACGGCCGACGGTGGCCGCACCTTCCAGCAGGTGCTGCTGGGCGAGCGCATCAATGACTTCGCCTTCCGGGGCGATACCGTCTACGCCGCGGGCGACAACGGGCTGTTCGTCTCGACGGATCAGGGGCGCACCTGGCGCACCATTCGCGACTTTTACGATCCCGCTTCGAACCGCATCGTGCGACCCGACGTGCGCGTGCTGGCCGTGGCCGTGACGCGCTCGCATCTGTGGATCGGGACGTCCGACGGCCTCCTCCGCAGCGACGACGGCGGGCGCACCTGGCGGCTGTTCCGAGCCGATGTGCCGCTTCGCCCCGACAATCCCTCGCCGGCCGTCCCCCGCGTCGATACCTACGCCTACCCGAACCCGTTCTCGCCCGCACTCGATGCGTTCGTGCGCATTCGCTACGAGCTGGACCGAGAGGCCACGGTGCGCGTGCACGTGTTCGACTTCGGCCTGCAGCGCGTGCGCACGCTCTTCGAAGGAACGCAGCCGGCCGGCCCGCACGAGGTGATCTGGGACGGACTCGACG
NZ_AP019796.1_gap14	288255	292554	4299	CGTCAACGACGACGTGCTGCAGGACGTAAAGCTGGGCGAGGTCGAGGAAATCTGGTATGCGTCGCGCGACGGCACGCGCATTCAGGGCTGGATCGTCAAGCCGCCGGACTTCGAGCCTTCCCAGAAGTATCCGCTGATCCTGCACATCCACGGCGGCCCCCATGCCATGTACAACGTGGGCTTCAACTATTCCTTCCAGAATTTCGCCGCCAACGGCTACGTTGTGCTCTACACGAACCCGCGCGGAAGCACAGGCTACGGCACCGAATTCGGCGCGGCCATCAGCCAGGCCTATCCGGGCGTGGACCACGAAGACCTGATGGCCGGGGTCGATGCGGTGCTGGCGCGGGGCTACATCGACCCGGATCGGCTGTTCGTGACCGGATGCAGTGGCGGTGGCGTGCTTTCGAGCTGGGCGATCGGCCAGACCGATCGGTTCGCGGCGGCCGCCGTGCGCTGTCCGGTTACCGACTGGATCAGCATGGCCGGCACGACCGACGTTCCGCTGTTCACGTTCAACTGGTTTGACCGGCCGTTCTGGGAGGATCCCTCCGACTGGCTGGCGCGCTCGCCGCTGATGCTGGCCGGCAGGGTGAAAACGCCCACGCTGCTGATGACCGGCGAGCTGGACCTCCGCACGCCGATGAGTCAGACCGAGGAGTACTATGTGGCGCTGAAGATGCGGGGGGTGCCGGTCGTGCTGCTCCGCTTCCATGAAGAGTACCACGGGACAGGTTCGCGGCCGTCCAACTTCATGCGGACGCAGGCCTACATCATGGACTGGTTCGAGAAGAAAGGCCGCATTCCGGGCGTGACCGTCGAGGCGGAGGAGTAGCCGGGGTTACTCGGGCAGGCGCTCGGCTTCGAGGCGGGCTTCGAGCGCCAGCGCCGCTTCGATGAGCTGCTCGCGCAGCGGGTGCAGCTTTTCGTGCTGGTCGATGTAGCGCGAGAGCGCCTCGCGCAGCGAGCTGTCGCGCTCGACGATCGTGCGGCGCTCGCGCACCACGGGCGTGACGGTGCGCTCGACGCCGGCAATGTGGGCGGCCGTGCGCAGCGCCTCGCGGATGCGGCGCACGTCGACGCGGGCCACCTGGTCTTCGTCCACCTGGTAGCGCACGCGCACGATGGCGTCGGCCACCGGAGTGCGAGCGATGGCGCTCAGGATGCGTTCGGTGGGTTCGTCGCTGTCGCGGGCGTCTATGTGCAGGTCCACGAAGCGGCGGGCGGGCGTCTCCACGAAGCGGTAGTGCGTCTGCTTGCGCGTGCCGTTGGACTGAATTTCCACCAGCACGAAGCCTTTCGGGTCATCTGCTTCGCGGAACGTGACGCGCTCGATGCTGCTGCTGTAGACGACCGGGATGCCGTCGGGATTGAGGTTCTGATGCCGGTGAATGTGGCCCAGCGCCACGTAGTCGATAGGCGGCAGCGCCAGCTGACCCACGGTGAACTTCGGCTCGTGGGCGATCAGGCTGGTGCGCTCCGAGCCGGAAAGCTCGGCGCCCTGCACGCTGAAGTGTCCGGCCAGCACGGTGGGCAGCGACGGATCGAGCCGCTCGACCGCCTTCTGTACGTATTCGACGTAGAGCTGCTCGATCACCTCGCGCACCTCGGACGCCGATTTCCGGCGATATTCCTCGCGGGTCAGCAGCAGGCTCCGTACCGGCCAGGGCAGGGCGATGAGCTGGAGCGGCCCGCTTTTCGTCTGGATGGTGGCCACTTCGGGCCGTCGGAAGACGCGGGCCTGGCCTTCCAGATAGCGGAAGATGTCGATCGACGAGGCGCGGCCAAAGGTGACCGGGTGGTCGTGGTTGCCCACCAGCAGGACGATCGGGATGCCGCGCTCGGTCAGCGGCTGCAGGCACTCGGCAAAGATCGTCTGCTCGGTCGGGGAGGGATCGGGATTCCGGAAGGCGTCGCCGCAGAACAGAAACAGATCGACATCTTCGGCGAGCGCCTGCGCCACCATGAACTCGAAGGCGCGGCGGAAGTCCTGCAGCCGCGAGTTAAGCCCCGTCGATGGATCGACGCGGCCGTAGGTGGTGATGCCCAGGTGGATGTCAGCCGTGTGCAGGATCTTCATGGGAGAAAGACGGGCTGGCGATCAGCCAGAAGATACGGCAGCGGTCGATCGGATGCCAGCACGCTTTACCAGCCCACGCGTCGCTGGTTCAGCTCGGGCGTAATCCGACGTTCCTGGCGGAGCGAGTCGGCGCCCGGCATGTGCAGGCCGATCGGGAGCGGGAACGTGGCGTTGCTGATTTCGATGTCCGGCGCCTGCTCCATGCGTCGCCAGAAATCACCCACGATAAACAGGGCATTGTGGGCGCCCTGGCCCCACCAGTGCGTGCGGAACGTGACGCGCGGGTCGTTGAAGCCCACCCAGGCGCCGGTGACCAGCTCGGGATGCATCAGGATGAACCAGCCGTCGGCGCTGTTCTGCGTGGTGCCCGTCTTACCGGCAAAGTCGTAACGCGTCAGCCCGAACTGCCAGCGGATGCGTGTGCCGGTCCCGTAGCGAATCACATCACGCAGCATGTCGACCACCGTGTAGGCGGTCTCTTCAGAGATGGCCTCGCGCGGTACCGGCTGGGCTTCGTAGAGCACGTTGCCGCTGGCATCTTCGATGCGGGTGACCACCGTGGGTTCGTAGTAGAGGCCGCCGCTGGCCAGCGTGACATAGGCCGAGACCAGCTCCAGGAGCGTCACGTTGCTGGTGCCCAGCGCCAGCGAGGGCACTTCTTCCAGCGGACTTTTGATGCCCATGCGCCGGGCGTAGAAGGCCACGTTGCGCGCGCCCACCTGCAGTACCAGCCGGGCCGAAACCGTGTTGACCGAGCGGGCCAGCGCCTCACGCAGTGTGAGGAGCTGGCCGGTCGATTCCCCCTCGGCGTTTCTGGGCTGCCAGACGTTTCCCGCCGGGTCCACGTAGGTGACCGAGCTGTCGGGCAGCACGTCGTAAGGCGACCAGCCGTTGTCGATGGCCGCCGTGTAGAGGAAGGGCTTGAACGTCGAGCCGGGCTGCCGACGCGCGATGGCCACGTGGTCGTACCAGTCCCGTGTCAGATCGCGGCCGCCCACCCAGGCCCGGACGTAGCCGTTGCGCGGGTCGATCGCTACAAAACCGGCCTCCAGACGCGTCTTGACCGCTTTGAGCGAATCCATGAAGGCCCGGTCGGCCCGGAGCCGACGGAGCGCTTCGTCGGGGGCCACGCCGCCGGCCACCAGGCGCCGGTACCGCTCCGTCTCCCGGATGAACTGATCGACCGTGTCGCGCTTGCTGGACCAGTAGTAGGCGAACGGCTCGTAGTTCTTTTGCTGGAGGTACAGGTTGACGTCCTGGCCCAGGAAAAACCCGCTGCGGCGGCTCCATTCGTAGTCGACGACGGCCTGCAGGCCGCGCATCTGTTCGTCGACGGCCTGACGGGCCAGCTCCTGCAGTCGGCTGTCAAGCGTGGTGTAGACGCGCAGACCGTCCGTGTAGATGTTGTAGCCGTGCGCTTTCGCCCAGTTTACGAGCCAGCGTCGCACGTATTCGGCAAAGTAAGGAGCGATGCTGGCCGTAATCGCCGAGGTGCGAAAGTCCGTGACGATCGGATCGTCCTTGTGCGCTTCGAAGAAATCCCGGTCCAGGTAACCGTGCCGGACCATCTGCCAGAGCACCACGTTGCGCCGCTGGCGGGCGCGCTCCGGAAAGCGGATCGGGTTGTAAAGGGCCGGGTTGCGCAGCATGCCCACGAGCGTGGCCGCCTCCAGCACGTTCAGGTCCCGGGCCGGCTTGTTGAAGAACGTGCGGGCCGCCGACTCGATGCCGAACGCATTGTAGACGAACTCGACCGTGTTCAGGTACATTTCGATGATTTCGCGCTTGGTGTAGCGGCGCTCGAGCTCGACGGCCGTGACCATTTCCTTGAGCTTGCGCTCGATCGTCTGCGCCCGACCGATCTGCTCGTTGTACAGGTTGCGGGCGAGCTGCTGCGTGATGGTCGAGCCGCCCTGCACCTCGCGGCCCAGGCTCAGGATCGTCTGCGCCACGGCCGAGGCGGTGCGAAACAGATCGATGCCCCAGTGGTCGTAGAAGCGGTGGTCTTCGGTAGCCAGCAGGGCCTGGATGACGTAGGGCGAGATCTCGTCGTAGGAAACCCAGGTGCGGTTCTGGCGGGCGTAGCGGGCCAGCTCTTTGCCGTCGGCCGTGTAGGCGATGGTGGCCAGTTCGAAGGTGGGATTATCGAGCTGCTGGAAGGAAGGCAGTTCGTCCGAAAGTGACCACACGTACAGGCCCAGCGCCAGCGTGCCCAGCAG
NZ_AP019796.1_gap15	378841	382183	3342	TGGCGGCCCCGCGCCGTCACCACCGAACTGGATCCGCGCAGCATCGTCACCTACCCGGCCACGATCTTTGTGGACGAAAGCGGTCAGCCCTTCGACCCCAACGCGCTCTTTGTGCTGCCCGGACCCGGCCTGTACAACAACGGCGGCATCGCCACGCGCTTCCACGATCACTTTGCCGAAGAGTGGACGCTGCTGGGCACCTACACGCTGTTTTCGACGGACCGCAACCGGCGACTAAATGCCGGGCTGGAGCTGAAATTCAACGACTACCAGTGGATCGACATCATCCGTCCCTGGGTGGGGGCGCCCATCGGCTCCGAGGAGGCCGAGGCGACCGGACGCCTTGGCGAAAGCGCCGACATCTGGCGCGTCAAGCCGCGTCGCGGCGCGCTCTTCACGACGGGCCAGGTGCGCTACCGGGGGCTGATTCTGAATGCCGGACTCCGGCTGGAATGGTGGTCGCCGGGGCGGTACGTGGACCGGCTCGTGGACGATCCGCGCACGCCGATTCTGGAAACCGTCCGCCAGGCCTATAAGGACGACACGGTGCCGTTCTTCGGGCTTCGGACCAAGTTCTTCCTGCTGCCGCGCCTTCGCGTCTCGTTCCCCATTCGCGAAAATCAGGTGCTCTTTTTCAACTACGGCCGCTCGACGCGCCTGCCGCATCCGACCTTCGTCTATGCCGGGCTCGATCCGTTCTATCAGGATCGCTCGTTCTTTGCCGATCTGGGCAATCCGAACCTGAATCCGGAGGTGGACATCTCCTACGAGCTGGGCCTTCGCTATCAGGTGACGAGCAACGATGTGCTGAGCGTGACGGCCTTCTGGCGGGACAAGTTCGATTTTATCACGATCGAAAATGTGATCATCCGCGACCCGACCGGCCGCGAGACGGTGCGTGCTTTCCGTATCAACGGCGACTTTGCCCGCGTGCGCGGCGTGGAAGTCAGCTACCTGAAACGCATCGGCGACTGGTTCCTGGGGCAGATGGCCGGCTCGTTCTCACGGGCTACCGGGTTGAGTTCCACGAACAACGACGCGCTCGTGCAATTTCTGGCCCGGGGCGACATCGAAAACACCTTCGAGACGCCGCTGGCCTGGGACCGACCGATCGATCTGAAGGCCAGCGTCACACTCACCTACGACCGACCGCGACCGCTGCTGGGCCTGCCCGGATTGAACCGGCTGCAGCTGTTCCTTTCGACGACGTTCCGGAGCGGCCAGCGCTACACGCCCGCCGAATTCAAAGGCTACCAGACGAATCCCTTCACGGGCGAGGCGAACTGGCGGCCCATCTACGAGATCGTCTCAGATCCGGCCGCCCGCTACAGCCGCATTGGGGAGCCCTGGTGGTGGTTCGACCTAGCGTTGCGCCGCCGCATCCAACTGGCCGGCAACGACCTGGAGCTTTCCGTCGAGATCACAAATCTGTTCAATCAGAAAAACAGCGTGATCGTCAACCCGGTGACGGGCAAAGCCTATCCGGATGTCGATCCGGAGAAGACCGATTTCACGAAGCTTCGGGGCAACCGGGACTTCGATGTACCCATCAACGTGCGCGATCCGCGCTACGAGGATCCGACCACGACCGGGTTGCCGCCGTTCAATCCGGCGCGTTTCCTGCCGCCGCGCCACGTGATGTTCGGGATTTCCTATGCGTTCTGAGCGAATGACACGGACCTGCCTGTTGCTGGCCCTGCTGCTCGGGCTGATCGGCGAAGTGCGGGCGCAGCTCCTGCCGTCCTATGGGCGGGATCGGGCCGGTACGTCGGGCTTCCAGTTTCTCAAGATTCCGGTGGATGCCCGCTCGGCCGCGCTGGGCGAGACGGTGGTGGCCCAGGCGTTCGACGCTTCGGCGCTGTTCTGGAATCCGGCGCTGGCCGCCCAGGTCGAAAACGTGCAGGTGGGCGTCGGCCACACCGCCTACTTCGTGGACATCCGGCTCGACTACCTGTCGCTGATCTATCCGCTGGGGTGGGCCGGACTGACGCTGGGGTTGAGCCTGGAGACGCTCGACTCGGGCGAGATGCCGGTGACGACCGAATTCGAGCCCTACGGCACCGGCGAGATGTTCAGCTTCCGGGACCTGGCGCTGGGGTTGAGCGTGGCGCAGCCGCTCACGGACCTGTTCAGCTACGGCATCACGGCCCGCTACGTGCGCGAGAGTGTGGCCGAACTGGTCACGCAGACGCTGCTGTTTGACCTGGGCATTTTCTACCGGGTGGGCGATACCGGCGTGCAGATGGCCGTGGCAATCCGGCACTTCGGATTCGACGGCCGCCCTGAAGGAAAACTGGTGCGTACCGTAATCGAGAAGGTGGGGCCAGCCAAACGTGCCGCCGATCCGGAGCCGATTGCGACGACGCCGGATCCGAGCGTGCGCATCGAGACCGAGTTCGAGACCATCACGCCACCCACCACGTTTCTGATGGGCGTCAGTTACACGCTGCTCCGGGATAATCCGCAGCACCGGCTGACGCTGCTGGGCCAGCTTACCAACCCGAACGACAACGCCGAGACCTTCAACGTGGGCGCCGAATACACCTGGAATCACACGCTGATGGTGCGGATGGGCTATCGGTTCGGCGTCGAGGAATTTCGCACGCCGGCGCTGGGTGTGGGGCTCCAGCTGCCCGAGCTGGTGGCCGGGGTGCAGGCCCGCTTCGATTACGGCTTCCAGCACCTGGAACGACTGGGTACGGTGCACCGCGTGGGGCTTAACCTGGAGTTGTGACCATGAGCCGATTCCGCAGCGTGGCACGTCGGTGGACGAAGACCTGGGGCGCGTTGCTCGCGCTCGGGCTGCTGCTTGCCGGGTGCGACGCCCTGCTGGGCAGCAAGCAGGATCCGACCACCGAGGAGATCTTCCGCGTGGGCCGTACTGAACCCGGCCTGTTGCGTGAAGTGGAGTACGTGCCGCTCTTTCCGTTCTATACGCTGGGGGGCGATGGCGCCCCGCTGGAAGCCCCGAAGGACGTGTACGTGGGTTTCGACACGTTCATCTATGTGGTGGACGCCCGCGGGCTGCACGTGTTGGACCAGGCGGGCCGTCCGGCCACGTTCATCCCGATTCCCGGTGGAGCAACTTCGGTCATCCAGGACCGGCGGCTGCATGTGTACGTGACGGCCCGGCGCGACACCACGATCGGAGGTCGCACCTGGAATCTGCCCGTCGTGCTGCACTATGCAGGCATTCCTACGGGTAACCCCCGCCTGGTGGACATCATCTGGCACCCGTTCGACGACCGTTCCCGCCGTCTGAACCGACCCGATCCGATTCCCACGGACGAACAGGTCGAGTTCACCGGCGTGGCCGTGCTGGCCGACAACTCGATCTACGTG
NZ_AP019796.1_gap16	384311	386447	2136	TAGACGGCGTCCCAGAGCCGGCGCAGATTGCCGCCCGTGCGACGCTCGGCCTCGGCATAGACGTCGGCCGTCAAGTGCGGATTGACCAGGGCGTCGAAGAAGTTGATGAGTACGACGCCGCCGTTGCGGGCCAGCGCCCGGAGCATTTCGTCGCTGGCGTTGCGGACGGTGGGCACCAAGGTCCGCATCGAAGAATGCGAAAGGATGACGGGGGCTTCGGAGATGGCCAGCACGTCGAAAAAGGTCGAATCGGACGTGTGCGACAGGTCGATGAGCATACCGAGGCGGTTCATTTCGCGGACGATCCGACGGCCCTCTTCGCTGAGGCCGTTCCAGCGCGGGCGGTCCTGTGAGGCATCGGCCAGGCGGTTCGTGTTGACGTGGGTGAGTGTGACGTATCGGATGCCGGCTTCGTAAAGTGCCCGGAGCGTATCCACCGAGCCGGCCAGTGCGTGGCCGCCTTCGAGCCCGAGCAGGATGGCCTTGCGGCCGCTTCGCGTGATGCGCAGCACGTCGGCGGCCGAGTAGGCGAGCGCGACGCTGTCGGCGTGGGCGGCCACCTGACGGCGCACTTCGGCGATCAGGCGGCGGGCATGGCGGACGGCCGCCGTGCCCTCACCGTAGGCGGCAGGTACGTAAATCGAAAAGAACGCGGCGTCGAGTCCGCCTTCGAACATGCGGGGCAGGTCCACGTGGCCGTCGGCCCGGCGGTGGCGGCGGCCGAACTCGAAGCCCTCCAGCATGCGGGTGGGCGTGTCGATGTGCCCGTCGAAGACCAGCGTGCGGTAGTGCAGCGCCAGCACCCGTGCCCAGAGCGTGTCCAGACGCAGCAGGGCGTGGTAGCGATGGGGCGGCAGTGCAACGGGGCCGCCGTCCTCGGCCCGGAGCGTGTCGGCCGGGGGAGGTAGCGTCGGGGCGGGCGTCTGGGCCCGACAGGCCGGCGCCAGCAACAGCAGCAAGAATGCGAGGCGCATCAGCATACGGTCCACCATGGTGCGGCCAGTACGTCCGGCGCCAGCCATTCGATCCGGGAGCCGATCAGGTATGTGAAGCCGGGGAATAAAAATGATTCACGGCGTGAATAGCTTGCCGATCCGCAGCCTGGCTCCATACAGAAAAGCCCCTCCCGCGCGGGAGGGGCTCACGGATGGCTATGCTGTGCAAGGAGCGCTCAGGCCATGGCGGCTTCCTCGTGTTCGATGCGCAGCCCGAGCACCTTGAAGAATTCGGCCAGCCAGCGCGGATGGGCCGGCCAGGCTGGCGCCGTCACCAGGTTGCCGTCCACCACGACCTCATCGACCGGCACCTCGACGTACTCGCCACCGGCCGCCTTCACCTCGGGACCGACGGCCGGGTAGGCCGTGCAGCGGCGGCCCTTCAGCACGTCGGCCGCCGTCAGGATCTGCAGCCCGTGGCAGATGGCCGCGATCGGCTTGTTGTTCTGAGCGAAGTGGCGGACGATCTCCAGCACGCGGTTGTTCAGGCGCAGGTACTCGGGCGCCCGGCCACCCGGAATCACCAGCGCGTCGTAGTCCTCCGGACGGATCTCGTCGAAGGTGGCGTTGAGCTGGAAGTTGTGGCCGGGCTTTTCGGAGTAGGTCTGGTCGCCTTCGAAATCATGGACGGCGGTGCGGACCTTTTCGCCTTTCCGCTTGCCCGGGCAGACGGCATCGACCTGGAAACCGACGGCCTGCAGCGCCTGGAAGGGGACCATGATCTCGTAGTCCTCGCCGAAGTCCCCGACGATCATCAGAATTCGCTTGGCAGCCATGGCGCCTCCTCTGGATTGGTGGATGGGGATGGGATTAAGCGCTTCCGGAGAAAGCACGAAGAGCGGCCGGGGCTGTTCCGGTCGGGCCGGTTACGAAATCGTTACCTGTTGGCGGGCGCGGCGCGCGTCGAGGCTGTAGCGGCCGGGACCCGTGAGCATCAGAGCGATGAAGACAATGGCCAGCTCCAGTGGATACCAGGGACCGCCGGGGATCAGGCCCGTCAGGTGTCCGAGCGCGGCCACCAGGAGCGTGAGCGTCGGGAAAATCAAGGCCCAGGGGAAGAACAGGCCCAGCAGGAGCAACAGACCGCCACCGACCGCCTCCGAGAGCGCGGCTACCAGACCCCAGAAGGTCGGCGCAAAGT
NZ_AP019796.1_gap17	390493	391966	1473	TCAGGTCGGCCACAAACTCCTCGATCTCTCGGGCCTGGAAGGGCAGGCCCTGGATCTTGTTCAGCGGCACGAACGGCCGCAGGTAGGCGTCGCGCAGGACGCGTACGAGCTGGCCGTTGTTCAGCTCGGGCACCACCAGATGGTGGTAGCGCTCGAAAATGGCCGGCAGATCGGGCGGCAGCGGATTCAGGTAGCGTAGGTGGACGCTGCCGACGCGCAGGCCGCGAGCCTGCAGGCGCTCGACGGCCGCTTCGATGGCGCCGCGCGTCGAACCCCAGCCGATGAGCAGCACGTCGCCCTCGGGATCGCCAAAGACTTCCGTGGGCGGGATCTCCCGAGCCACGCGGGCCACCTTTTCGGCGCGGAGCTTCACCATGCGCTGGTGGTTGGCCGGGTCGTACGAGACGTTACCCGTCTCGTGCTCTTTTTCGAGGCCGCCGATGCGGTGCTCCAGGCCGGGCGTGCCCGGACGTGCCCACGGGCGCGCCAGCGTCTCGGGGTCGCGGCGGTAGGGCAGGAAGCGCACGTCGCCGTTCTGGCGGAAGTTGGGCTCCGTGGCAAACTGCACCGCGAAGGGCGGCAGTGAGGTGACGTCCGGCACGCGCCAGGGTTCGGCGCCGTTGGCCAGGTAGCCGTCGGCCAGCAGGATCACCGGGGTCATGTAGCGTACGGCGATGCGGCAGGCTTCGTAGGCCGCGTAGAAGCAGTCGCCGGGCGAGCTGGCCGCCAGCACGGGCAGCGGGGCCTCGCCGTGGCGGCCGTAGAGTGCAAAGAGCAGGTCGCTCTGCTCCGTCTTGGTGGGCAGACCCGTCGAGGGACCGCCGCGCTGCAGGTCGATCACCACGAGCGGCAGCTCGGTCATCACCGCCAGGCCGATCGTTTCGGCCTTGAGCGCCAGACCCGGGCCGCTGGTGGCCGTCACGCCCAGCGCCCCGCCGAAGCTGGCGCCCAGCGCCGCCCCCACGGCCGCAATCTCGTCCTCGGCCTGGAAGGTCATCACGCCGAAGTTCTTGTGCCGGCTCAGCTCGTGCAGCAGGTCCGAGGCCGGCGTGATCGGGTAAGAGCCGTAAAAGAGCGGCAGGCCGCTCTGGTGGCTGGCCGCGATCAACCCCAGCGCCAGCGCCTCGACGCCCCGGATGGCCCGGTACAGACCGGGCTCCAGGCGCGCCGGCCGCACTTCGTAACGGACGGCAAACAGCTCGTGCGTCTCGCCGTAGTGGTAGCCTTTGTGCAGGACCTTCAGGTTGGCGTCCCGGATCTCGGGCCGGTTTGCAAATTTCTGCGCCAGCCATTCCTCGACGGGTTTCAGCGGGCGCGAGTAGAGCCAGAGCACGAGCCCCAGCGCAAACATGTTCTTGCAGCGGTCGATCTCCTTTTTGTCGAGTTCGCTGTCGGCCAGCGCTTCGTGCGTCAGACGTGTCAGCTCGACGGGGATGACCTGATAGCCTTCGAGCGAGCCGTCTTCGAGCGGGT
NZ_AP019796.1_gap18	400649	405592	4943	CGGGGTGTAGACCTTGCGCTGACGGGTGTTCAGGTCGATCCGTACCAGGCCTCCGAGGAAGTTGGCCACCCAGAGCCGGTTCTGCGCATCCACCAGCGCATCGAACACATGGGGCGTGAGCAGCATGCCGTTCTGGTCATTGAAAAACTCCAGGAAGCGCCCCTGTCGGGGGCTGAAGCGGCCGATGCCGCCGGCCCAGCCGCCGACCCAGAGGTAGCCGTCCGCATCGGTGGCCATGGCGAAGACCGCATCGGTGCGGGCGTTGGTGTTGGCCATGCTGTAGCCGTAGAAGCGACCGGTGCGACGGTCGAAGCGATGGAAGCCGCCGCCGTCGGTGGCCACCCAGAGGTTGCCCTGCGGGTCTTCGTAGAAGCGGCTGACGGCGTTGGCGTTCAGGCTGTAGGGATCGCCGGGCACGCTGCGGTAATGTTCGATGGCCTGGCTGTTGCGCTTGAGCACGTTCAGGCCCCCGGCAAACGTGCCGAACCACAGGTTGCCGGTGCGGTCCTGATAGATGGCCCAGATCGATTCGTTGTTCAGGCTGTTCGGATCGGTGCGGCTGTGGCGATGGTGCCGGAACGTTTCGGTGCGGTAGTCGAACAGGTCCAGTCCGCCGTTTTCGGTGCCGACCCACAGGCGCCCTTCACGATCCACGTAGAGCACGCGCACCCGGTCGATGGCCAGGCTGCGCGGGTTGTGCGGATCGTGCCGGTAGCGTTTGAAGCCCTGCGCGATGTGGTCCAGATCGAGCCGGCCCAGGCCACCGCCGTCGGTCGATACCCAGAGATGGCCGTGCGCATCTTCCACCAGGTCGAAGAGCACGTTGTGCGGCAGGCTGCGTGGATCGCGGGGATCATGGCGGAAGTGCTCGAAGACGCCCGTGGCGGGATCGAAGCGGTCCAACCCCCCGGCCGTAGCCACCCAGAAGTTGCCCCGGCTGTCGATCAGCAACGCGCGCACGTCGGCGTGGCTCAGGCCGGTGGGACTTTCAGGATCGGCTGCGTAGTGCGCGAAGGCTTCACGCTTCGGATCGAAACGGTACAGTCCGTTCGTACTGGCTACCCAGAGGGAGCCCCGCGCATCTTCGATCAGGTCCTGTACGGCACCGCCCTGAAAGCCCGTGCCGTCGCCGGCCCGGTAGTTACGAAAAGCGTCCTGCGCTGGCAGGTAGCGGCTGAGGCCGGCGTCGGTCCCTACCCACAGGGTACCGCGGCGATCGACATACAGGCAGCGGATGTAGCTGTTGGCGATGCTGGTCGAATCGCGCGGATCGTGCTCGTAGAGTGTGAAGCGATAGCCGTCGTAGCGGTTGAGTCCGCCGGCCGTCCCGATCCAGAGAAAGCCCGGCGAATCCTGCGTGATGGCCGTTACCCACGAACGCGAAAGCCCGTCGTCGCTGGTCAGATGCGTAAACCGAAGCCGTTGCGCCAGCACCGGGGTGCTCAGGACGCCGGCCAGTAGCACGATTGCTGCAATTCTACGACCCATTGAACGCATGCATTCAGGACACTGGAAGGATTCAAGTACGCAAGCCTACGGATCTACTATCGACTAAAAAATGCAGACATTTAGCGCATTTAGCGTAATGTTCAATCATGAGAGAAAATTAAATCGATTCAATTTGTGACTTTACTTTCAAAGCAGAGCATTAACCACGGCGTCTTGCATTTGAAAAGCATACTGGTTAAATATTTGTGAAGCAAAACGCAAGACAACGAGCCATGCGACGCTACGGAATTGTCTGGGCACTGCTGCTGGCGTTGAGCGCGTCGGCGGCAGCAGGTCAGGATCTGGCCGCCTACAAGCAGGAGGCGCTGCAGGAAACGGAGCAGCTCCGAGAAACACTCCGGCACCTGGCACAGGAACTCTGGCGCTATGCCGAGACGGCGCTTCAGGAGCAGCGCTCGGCCGCCTTGCTGGCCGATGCGCTGGAGGCCGAAGGCTTTCGGGTGCAGCGGGGCGTGGCCGGCATGCCGACGGCCTTCATCGCCGAGTGGGGGAGCGGTCGGCCCATCATCGGCATTCTGGCGGAGTACGACGCACTGCCCGGGGTGGGGAATGCGCCCGTCCCGGAACGCCATCCCAGAGAGGATGAGGTCAGCAGCGGACACGGCTGCGGGCACAACCTGTTCGGGGCCGCTTCCACCGTGGGAGCGATCGTGCTGAAGCGCATGATGGAGCGTCACCGGATCCCCGGCACGGTCCGACTCTACGGGACGCCCGCCGAAGAGACGGTGGTGGGCAAGGTGTACATGGCGCGTGCGGGCGTTTTCGATGATCTGGACGCGGCCATCGAGTGGCACCCGGGCACGGAGACGGCCGTGCGCAACCAGCCGGGGCGGGCCATGAACAACTTCATCGTGCGGTTCTACGGGCAGGCGGCCCACGCCTCGGCCGACCCCTGGAACGGCCGCAGCGCCCTCGACGCCGTCGAGCTGATGAACCACGCGGCCAACATGATGCGGGAGCACGTGCACCCCACCGCCCGGATCCACTACGTGATCACCGATGGCGGCGAGGCCCCCAACGTGGTGCCGGAACGCGCCGAGGTCTGGTATTATGTGCGCGACATCAACCGGGAGCGCGTCGAGTTCATGTACGAATGGCTGAAAAAGATCGCCGAAGGGGCGGCCCTGATGACGCGTACGGAGTACGAGATCGAGTTCATTACCGGCGTGCATGAAGTGCTGCTGAACCGGCCGCTGCAGGAAGCGGTGCAGGCCAACCTGGAGCTGGTGGGGCCGCCGCAGTTCGACGCGCAGGAGCAGCAGTTCGCCCGCCGTCTGCAGGAATTCCTGAAGATCGAACCGGTCGGGCTGGATACGACGATCAAGCCCCTGCCGGAAGGGCCGGAGCCGCCCAGCGGGGGATCGACCGATGTGGCCGAAGTGAGCTGGATCACGCCGACGGTGGGCTTTACGGTGGCGACGGCGGCCAAGGATGTGCCCTGGCATAGCTGGGCCACGACGGCCTGCCACGGTACGTCCATCGGCTACAAAGGGGCTGAGGTAGCCGCCAGGGTCATTGCGACGACCGGCCTGGACATGCTGCTGCGCCCCGAGCTGCTGGAAGCCGCCCGGGAGGAGTTTCTTCGCCTGACCGGCGGCAAGCCCTATCAATCGCCGCTGCCGCTCGATCAGCCGCCGCCTCTGCCGTCCCGCACCGACCGTTAATGATTAGCGGGCGGTCGCGTAACATGCGGTCGAGGAAGTCCACGGTGGCGTGGTAGGCGCGCAGCCAGCAAAAAGCGGGCAGCACGAGCAGTCGACATGCACGCCGCGCGCGCGTAGCCACTGGGCCTGAAAGGGGCGCCGAAAGCGAAGGCGGAGGACATACCGCATGATCAATGCGTGGCCATACGATTGCTCGGGTAGCATGGGCATGTGTGCTGTAACCCCTTTCTTTTCCGGGCTGAAAGCGCGGGCGGCGCGCCTCTCCTATCGGACAAACGGCAACGTTTCTACCCCGTAGGGACAGACCGCTGCGTCCGCCCTGTCGTGTCCGCGCGTCGGTATCAGCGCATTGAAAGATCAGCTTCGCACCAGCACGGCCGCAAAGAAGCCGTCGGTGCCGTGCGTGGCGGGTTCGATGCGCAGAAAGGCGTCGGTCTGATGGGGAAGCGCGATGCCCTGACGGGCCAGCACTTCGGCAGCCGGAATCAGCGTAAACTCCGGATGCGCATTCAAAAAGGTGTGGATCTGCTGTTCATTCTCGGCCGGGAGCAGCGAGCAGGTGGCGTAGACGAGCCGCCCACCCGGCCGTACAAGTGGCGCGTAGGCTTCCAGGATCTGCCGCTGCTGCTCGACGAGGGCGGTCACCCGCTCCGGAGTGATCTTCCAGGCGGCGTCCGGGTTGCGTCGGAGCACGCCCGTGCCGCTGCAGGGCGCATCGACCAGTACGGCGTCCGCTTTGCCGTACAGGCGGCGTACGATGGAAGCCCGGTTGTGCGGCAGCACGTGCAGGCGGATGTTGTGTACGTCGGCACGACGGGCCCGGGGACGCAATTCCCGTAGCCGGGCTTCATGAATGTCGAAGGCGTACAGGCGTCCCTTCCCCTCCATGAGCGCGGCCAGATGCAGCGTCTTGCCGCCACCACCCGCACAGCCGTCCACCACCACCTGACCGGGACGCGCCTCGGTAAGCAGGCTGATGAGCTGGCTGCCTTCGTCCTGCACCTCGAACAAACCTTCCTGGAAGGCGCGGGTGCGAAAGATGAAGGCTTTTTCTTCGAGAATGAGCCCCACCGGGCTGTAGGGCGTCGGGCGGCTCGGGAAGCCTTCCTCCAGGAGCCGCTGCTGCACCGTTCCACGGTCGGCTTTGAGTGTGTTGACGCGGACGGTCAGCGGGGCCGGTGCTTTCAGCGCGGCGCAGCGTGCTTCGACGGTTTCGCGGGGCAATACTTCCAGCCAGGCCGCCACCAGCCAGTCGGGCAGACTGTACAGGATCCCGAGGGCGGCGGGATCGTCCGGTAAGTCCGGCTCCCGGAAGCGCCGGGCGGCGGCTTCAAGCGCCCCGCCCTCTCCGGGAGGCACGGGCAGGTCCAGCTTCGCCTCGCCGAAGCCGAACACTTCCAGGTAGAGCAGGGTCAGGAAACGCAGATCGTCGGCCCGGCGCCGGGCCGCATGGGCCAGTCGACGATAATGCCGGAGCATGCCGTAGACGGTCTCGGCCACAAACGCGCGGTCGCGCTTGCCCATCCTCCGGTGCTTCCGGAAGAACTGTTGCAGCACGGTGTCGGCCGGCAGGGGGGAACGGAAAATTTCCCGCAGGACGGTCGCCACCGCCTCGATCCACACCGGATAGACGCGCAGTGTGACGGTTTCGGTCGCCATAGCGTCAGCTCCTACACCCTCAGTCTTCCAGAGACGCCACGTTCGTGCAATGGTTCGCCGAGGGTCCGCGCCGGAGCGTGATCACGGTGACCTCCGGCCAGGCGCCCAGCC
NZ_AP019796.1_gap19	414198	418996	4798	TAAACGTGGGGCTCCGGTTCGATTTCTTCGATCCGCGGGCCGAAGTGCTGGAGGATTTCAGTCGGCCACGCACCTCTCCGCGCCGTCCGGCTCCGGTACGCTGGCAGCTTTCACCACGGCTGGGCCTGTCGTTCCCGATCAGCCAGAACGGCGCCGTGCGACTGGCCTACGGGCATTTCTTCCAGATGCCCGCCTTCGACTACCTGTACACGAACGCCGACTACATCTACGATCCGGAACGCGGCCTGAGTCGGGCTTTCGGCTATGCCGGCCTGGAGCCCGAGCAGACTGTCGCCTACGAAATCGGCCTGCAGCAGGCGTTTTCCGAATTGATCGGGCTGAATCTGGTGCTCTATTACAAAGACATCCGCAACCTGCTGAGCACCCGGATCGAGGTCATTGCACCGGGCTTCGACGAGCCGTTCCAGCTCGAAAAGTACGGCCGTTACGTGAACCGGGACTACGGACAGGTCAAGGGCTTTCTGGTGTCGCTGGAACGGCGCATGGCCGGCGGCTTCGGACTCGGCATCGACTACACCTTCCAGATTGCCCGGGGCAATGCGAGCGACCCGCGGGCCGTGCTCATCGACGAAATGTCGGGCATCGAGCCGGAAAAGCAACTGGTACCGCTCGACTGGGACCGGCGCCATCAGCTCAATACGAGCCTGACCGTGGGCGAGGCGGGGCGCTGGACCGTGACGCTGGTGGGGCGTCTGGGGTCCGGACTTCCCTACACGCCATCGATCGCCGACGAACGCATCGGCGTGGAAAACTCGGCCCGGCGGCCCGGCTTCGTGCAATTCGATCTGTACGCCAGCCGTCTCTGGAAGCTCGGCCCCGTCGGTGTGCAGCTTTTCGCTCGGGTTTACAACGTGTTCGACCATCGTAACGAAATCCAGGTGTACACCGATACCGGCCGCGCTTTTCCGAACCTGCGCTACTACTCCGGTGAGCCGCAGGGATTGAATTCCAAAGAAGAATTCCTCCGGCGGCCCGACTTCTACTCGGCGCCGCGGCTGGTCAACATCGGCATGAACGTAACCTTTTAGTGCGGGCATGATGCGGGTATCTGCAGGACGGTTCTGGGGGATCGGATTGCTGGCAGGCTGGCTGCTGGCCGTGCCGTCGCTGGCGCAGCGCACGCCCGATCCGAACAAAGGCGACCCCCGGCTGACGCAGTGGGGGATCATGGACGGAAACCGGGTGCGCACGCTCTATGCCAACCACGGCGAGGTGGCCCGCTGGCCCGATCAGCCTTCCGGCGAGTGGCCCAAGGGCTCCGGTCACTCCTACGTGGACGGCGTGGCGCTGATCGTCTCGGCGCGGACGCAGGACAGCCAGGGCCGCACGATCTACCCCATGAGCACGAACTACCGGGAGTTCATCGACCGCGACCCGGTCACCAAGCTTCCCTGGGGCTGGGCCCCGCTCCCCGGCTATTCGAATCCGCGCCAGTCGTCGCCGGCCCGCAGCGACGACCCGAGCACCTGGCCGGCCGAGTGGCCCGATCGCCCCATCGAATGGGCAGGCTACTGGAACGGCTACTTCGGCCGGGGCATCATGAACGCCGACCTGGAGACCTATTTCGTCTTCGACGACGCGCACGACTTCGAGTGGACGCAACCACCCCACCGGTTCTTCCCGTGTCGGAATGATACCACACGCGGTGGGCTCGGTATGGAGGTGGCCGCGCGTGGCTTCCAGTGGACGCATGTGCTGGCCCAGGATGTCATCTTCTGGCACTACGAGATCACGAACGAATGCGACGTTTTCTACCCGGACATTTTCTATGCCCAGTACATCGACTGGGGCGTGGGCGGCACCGACGATTCGGGTGATGACGAAGGGGCCTACAACACGCGGCTCGATCTGGCCTTCGCCTGGGACTTCGACGGCATCGGCACGCCGGGCCAGTGGGGACCGGTGGGCGTTGCAGGATATGCCTTCCTGGAGTCGCCCGGTAATCACACAGATGGCATCGACAACGACCAGGACGGCATCACCGACGAGCGGCGCGACAGTGGTCCCGGTCAGCTCATCGAAGGTCAGGAAAACATCCGGGCCTATCTGGAGCAGCATTACAACCTGCAGGACTTCGAACGCTTCTACGGGCCGCTGGAATTGCGTCCGGCCTACCGGGCAGGGCGCTGGTGGACGAGCGACGAGAACCTGACCTGGGTGGGTTTCACCGACCTGAACGGGAACGGCATCTGGGATCCGGGCGAGCCCACTAACGACGACTGCGGCGAGGACGGGGTCTGTCCGGGCGATCCGGGCTACAACGGCGCCGATCGAGGCGAGACCGACGGCCGCCCCACACCCGGCGAGCGCAACTTCGACGCGACAGATAAGGACGAGTCGGACCAGATCGGCCTGACCGGCTTCGAGATTTTCGATGTGCACCGCTACGAGCTGATCGACGACGAGGAGGACTACCGGGTCTTTTCGCGTGCGTTGCCGCCGCTGGAAGACATCCTGCTCGAAGGCGGGCGCAACCTGGGCATGTTCTTCTCGTCGGGTCCTTTCCCGCTGCAGCCGGGCCAGACCGAGCGCTTCTCCATGGCGCTGCTGTTTGCCGGCCACGACTTCACGGACCCGCGCAACATGGAGAATACGTCGCTGGCCCGGAAGAAAGAGACCGTGCAGCAGATCTACAACGCGAACTATCAGTTTGCGCGGCCGCCCGATAAGCCCACGCTCATTGCCATTCCGGGCGACCGTCAGGTAACGCTCATCTGGGACGACGTGGCCGAGCGCTCGTTCGATCCATTCCTGCGCGAGAACGACTTCGAGGGCTATCTGATCTACCGCTCCAGCGAACCCAATTTCAACGAGAACTTCCTGATCACCGATGCCTACGGCACGCTGACCTACCGGAAGCCGATCGCACAGTTTGACCTGAAGAACGGCATTCGCGGGCTTCATCCGGTGGCCGTCAACGGCGTGCACTTCAACCTGGGCAACGACACGGGCCTGCGGCACGTCTACGTCGATCGCGACGTGCAGAACGGCCAGACCTACTACTACGCCGTGGTGGCCTACGACCGGGGCTATGTGGCCCGCGACGAAAACGGCAACATCGTGGTAGATCCCGAGGGCTTCATCCGGGGCATTGCGCCGAGCCTGACCACGGCCACGATCAAGACCGACCTGGCCGGACAGGTGGTTTCGCTTGACATCAACACGGCCGTGGTGACGCCCCGGGCGCCGGCGGCCGGCTACGTACCCCCCGAAGTGACTGCGTTCGAGCGTCAGACGATCGGCACGGGCTCGATCGATCTGCAACTGGCCGCACCCGAGGCCGTGCAGGAAGGCGCCACCTACGAGGTGGTGTTCGAGAATCCGTTGCTCTGGCAGAATGCGCCGGAGGTCAACTACCGCGTGCAGCGTGAGACGGGCGAGGTGCTCCGGGAGGGGACGCTGCGGGCGGGACTGAACGAACTGGCCGTGCTGGAAGGCGGCTGGGTGCTGACGCTCGATGAGCCGGCCGGCGTCAGCATCGACGGTAGCTCACTGACTTTCACCGACGAGCAGACGACCTACGCGGGCATCGTGCAGCCGGCTTCGACCAGCTCGGTGGTGGGCACGGCCCGGTACGTGCCGCTCCCGGCCGATTTCGAAGTGCATTTTACCGAGACGTTCGCCGATACGTCGTTGCGGCTGGCGCTGGGTATGCGGCAGATCCCCACACCGTTCTACATCGAAAACCTGACCACGGGCGAACGGCAACCGTTCATCATCGTCGAAGACCGGCCCGAACTTCAGAACGGACAGTACGATCATGGTGACCTGATCATCCTGGTCATGGGCGAGACGCCTGATAGCGAGCCGCAGATGCAGGGAGGGCGCTGGCGGGCGTCCTGGGCCATTCGTTTCCTGCCACCTGACCCGGTGGCGGAGCCGGACAAACCCGACCGGCCGCCCCGGCCCGGTACGAGCTTCCGGTTCCGGACGATCAAGCCGTTCCAGACGGGTGACCGGATCCGGTTTACCATTCGGCCGCCGGCCTTCGACGCCAGCAAAGCGCGCCACGACCTGCGCAACATCTACGTGGTGCCGAATCCGTACGTGGCGACCAGTACGTTCGAGCCGTCGAGCGTCTACCGCATCGGCCGGGGCGAGCGGCGCATCTACTTCATGAATCTGCCGCCCGAGTGCACGATTCGCATCTACACGCTTTCGGGCCAGCATGTGCAGACGCTGGAGCATCACGGCGGCATCGACAACGGCCAGCTGGCCTGGGATCTGACCACCAAGGACGGAATGCAGCTCGCCTACGGCGTCTACATCTTCCACGTGGAAGCGCCGGGCGTGGGCGAGTACGTCGGACGCTTTGCGGTCATCAAGTAGAAAACCACCATGCAGACGGGCATACGACAGGGGCAATGGCTGGCCGCGATCGGCCTGGCGCTGGTGCTGGCGGTGCCGACTCGGGCACAGACCGTCTCGAAGGCGGGCACCGTGGCCGGCGACTTTCTGCAGATCGGCGTGGGCGCCCGTGCGATGGCCATGGGCGGCTCGTTCGTCGCGGCGGCCGACGACGCGTCGGCCCTTTACTGGAATCCGGCCGGGCTGGCCCATCTGGAGGGCGGCGAGGCCATGGCCGTACACAGCCGCTGGCTGGCCGACGTCAGCTTCGACTATCTGGGGGCCGCGTTGCGGCTCGGGACGCTGGGTACGCTCGGCGTCTCGGTCACAATGCTTTCGGTGCCGGACATGCTCGTGCGCACCGAAGACCGGCCGGAAGGTACCGGCGAATGGTTCGATGCCGCCGATCTGGCCATCGGGCTGTCCTACG
NZ_AP019796.1_gap20	435658	437001	1343	TGCAGGACAACGCCAAGAACATGCCCTTCGTCGACGAAGTGCTCTACTTCGCGCTCGACGAAAAGAACCACACCATCGAACTTACCGAAAAGGGTCTCGACGAGATCGCCCGCATCGCCGGCCAAGACCGCGACATGTTCGTCTTGCCTGACCTGGGTGAGGAGACGGCCCGGCTTGAGCAGGAATACCGGGAAAAGCTCCGCAGGCTGGAAGAAGAACTGGCGCAGCGCACCGACCTTTCCGAAGAGAAGCGCCAGAACAAGCTGGAAAACGATCGGCGCCTGCTGCACAAGGAACTGGAGGAGCAGAAGCGGGAGCTGTACAACCGGTACGCCGAGCGGGCCGAGCGCCTGCATGCCGTCGAGCAGCTGCTGCGTGCTTACACGCTTTATGAGCGTGACGTCGAGTATATCGTCCAGGACGGCAAGGTCCTGATCGTCGACGAGCACACGGGCCGTGTGCTGCCCGGTCGCCGCTATTCCGATGGACTGCACCAGGCCATCGAGGCGAAAGAGGGCGTCAAGGTGCAGGCGGCCACGCAGACCTACGCCACGATCACGCTGCAGAACTACTTCCGCATGTACCACAAGCTGGCCGGCATGACGGGTACGGCCATCACCGAGGCGGAAGAGTTCTACAAGATCTACGGCCTGGACGTCATCGTCATCCCCACGCACAAGCCCGTCATTCGCGTCGATCACGAGGACCTGGTCTTCCGCACCAAGCGCGAGAAGTACAACGCGGTCATCCAGAAGATCAAGGAGTACCACAGGAAGGGGCAGCCCGTGCTGGTGGGCACCACGTCGGTCGAAGTGTCGGAGATGCTCAGCCGCATGCTCAAGCGCGAGGGCATCCCGCACAACGTGCTGAACGCCCGCCGGGATCGGGCCAAGCAGGAAGCGCTGATCGTGGCACAGGCTGGTCAGAAGGGCGCCGTGACGATCGCCACGAACATGGCCGGTCGCGGTACCGACATCAAGCTCGGGCCGGGCGTCAAGGAACTGGGCGGACTGGCCATCATCGGCACCGAGCGCCACGAAAGCCGCCGTATCGACCTGCAGCTCCGGGGCCGCGCCGGGCGCCAGGGCGATCCGGGCGAAAGCCAGTTTTACGTCTCGCTCGAAGACGACCTGATGCGCCTGTTCGGCTCCGACCGCATCGCCCGTATTATGGACCGACTCAAGATGGAAGAGGGCGAGGTCATCACGCATCCGTGGGTGACCAAGAGCATCGAGCGGGCGCAGAAGAAGGTCGAGCAGAACAACTTCGCCATTCGCAAGCGGCAGCTCGAATTCGACGACGTGCTCGACGCGCAGCGCCGCGTCATCTACAGCCGCCGCCGG
NZ_AP019796.1_gap21	445994	448336	2342	AAGGCCGTGCCGGCCGGTTCCAGTCCTTCGGCCTTCAGCGCCGCGTGCAACCGGGGCAATAGCGTGGCCCGCAGCCCGGCCGGCAGGTAAGGAATCTTGCTGCGGCGGCCCGTGATGTAGTGACGATAGGGGTGGATGAACACGCGCACAAAGCGCCCGTCCACCGGTACGGCCTCCAGACGCACCACCACCCGATACAGCCCCCAGTGCTGCAGCGAACGCGGTGCGGTCTCCAGGTGCAAAGAGTCCGACTGCGACACCTCCCAGCCTTCCGAGGCCAGCGCCCGCGCTACCGGCTGCAGCGAGGGGCCGGTTGTGTCGGGCAGGCAGTAGTCGTAGTAGAGCGGTACCAGGCGCGGACTGCAACCCGTCCCCGCAAGGCCCAGGAGCAACACCGGGAGGAAGAAAAGAAACCCGCGCATCGCGATCGGTCGGCTGCACCAGCAGCCATACCGAAAACGCGCGCAAGAAGATCCGCATAAAAGCATCGGGCAGGTACGCTCACCCTTCGTACCTGCCCGATCGGCGGAGGCTCACCGCAATGTGGCATGCAACACCCAGGAGGCAGAGCGCGCAGCCACATTTGATTCTGTGCAAGCAACATGCCAGACGCTCAGCTTCACGAATCTGGGGTAGGAGCAGAAGGAGCTGGCGCCGAGGTGTCCGCTTTCGCAGACCGGGGGCGTCCGTTCGAAACAACAGTCGGACAGTGTTGCTGCAGAAATGCCAGTAGCAGCGCGTTGAACTGCTCCGGCCGCTCTATCATAGGCGCATGGCCGCACCGGTCGATGAAGTGCAGCGTGGCGGCCGGCAAATGTTTTCGGAAGGTTTCAGCTACCTCCGGCGGAGTGATCCGGTCGTTGCGTCCCCAGATGAGGAGCACGGGCATGGTGAGCTCGCAGAGACGATCGGTGACGGTTTCCCGCTGGGCCGAACGGGCCATGCGGATCAGCCGGATCGCCTTCTGGCGGTCGTGAATCGTGGCCTGCACGCGATCGACCAGCTCGTCGGTGGCGTGCCGGGGGTCGTAAAACGTCAGGGCTGCCCGTTCCCGGATGTACGCGCGGTCGTAGCGACGCAACGTGGACGTGCCCAGCTCGACTTCGTAAATGCCGGAGGCGCCCGTCAGCACCAGCGCCGCCACGCGCTCCGGATGGCGCAGGGCATAAAGCAGTGCCAGATGGCCGCCCAGCGAGTTGCCCGCCAGCACAACGCGCTCACATCGCATTGCATCCAGAAACTGCTCCAGAAAGGCGACCAGGCCCTGCAGGTTGCTTTCACGAACGGGTAGCTCGTAGATCGGAAGCAGGGGAATCCACACGCGGTAGCCGTTTGCGGCCAGCGCTTCGGCCGTGGCCTCCCAGTTAGACGGCTCGCCCAGCATCCCGTAGAGCAGGACCACCGGCGGCGAAGCCGACGCCGGGCCGGCCTCCAGATACGCATACGGCTCGGTATGGGAGCGAAACGGTGCGGGCATACAATTCTGCACAGGCTACTACGGCAGGCGATCCCAAAATACGGCTGCTTTTTCACAGACGCCAGTCAACTGCAGGAGAAACCGGTTCATCAGCCTCAGCGTTTACCCTGCTCAGCATAGCATTTTCACCACCAGCCCTGAACGTAGTGACCTATGCCTTGCGGACGGAAACGGAAACGGAAAAAGATCGCCACGCACAAGCGGAAAAAGCGGCTTCGTAAGAACCGCCACAAGAAGAAGAAACGCTAATAAGAAAAGCTGCGGTCGGGTTCCGACGTAGCTTTTCGTTTATTTGAACACAGGCAACGCCAGATTGGAATGAAAAAGACGTACACGACAGGCGAGGTGGTTCGCGCCGGACTACTGGGTGCGCTGCTGGGTGGGGTGGCTGGCTTTGTAGTAGGATTGCTGGTTGCTCCCGAGACGGGCGGACAGATGCGCCGCCGCCTCACCTATCAGCTGGAGCACCTGGGCGAACGGCTCCAGCGGCTGAGTGAGCAGCTCCTGCATCCGCCCAGGCCGGGTGAAGCGCGCCGCAGTGGCGAAGCCCTGGTGGCCAGTGCCCGCGCCGAGGCCGAAACCATCCGCCAGGATATCGACGCGTTGCTGGGCGATCTGCGCCGTAAACGGACCTCCGCAAACTCCTGAAGCCTGTACCGCCTGGCTTACCGGGATCCATGCCTGAATTCGCCATTCTGCTTCCTCCGGCCGAAGGCAAAAAACCCGGCGGCAATCCGCTGGCGCCCGACATGTTCGACTATCGCGCGTCGAACACGTTCAACTACTTCAGCGAGTTGAATCCGGAGCGCCGGCGGCTGATCGATGCGGTGCAGCAGGCCATTCAGGCCGGGGACGATCTGGAGAA
NZ_AP019796.1_gap22	565285	568448	3163	CGCCCACGCTGGCGGATCTCGAACAGGCTCTCCGCTTTCCGGCGCGGCCGCTGTTTATCGGCCGCAAGCCCTGTCTGCCGGCTGCGCCGCTTTTTATCGGACGCGTGGAGGCGGCCGATCTGCTGGATGCGCTGCGACGGGCGCCGCTGGACGCGCGGGCCGACCGCGCTGACTTCTATCGGGTCTGGTGGGAGACGGGCCCTGACGATCCGCCGCCCGTCGAAGGCATTCGAGAAAATCTGCGGCGGCCGGTTACCGACCGGCGTGACTGGGCCAACCAGATCCACGTGGGCAGCCGCTGGATCGCCATGGGAGAACTGTCCGTCCATCCAGCCGGAGAACGTCATGAAGGATAATGCAAGCCAGGGACGAGCCGACCCGACGCCTTTTCACATGGTGCAACTCTGGCTCGACGTCCGGCGCCTTTACGAACTGGGCCGGATGCTTGATCTTTTCCGGGCGCGCCGGCCGGTGAGCCTGTCCTACCTGGTGCACTGCGCCCTGGGCGAACTCTTCCAGGCGCAGGCCCCGCGGCCGTTTGCCGTCGAGGGGGAAAATCGGCGGGGACCCTGGGTCCGGGTACTCGGCTATGCGGATGTGCCGTGGGAGACGCTGCAGGAGCTTGCCCGGGGGTTTGCCAGCCCGGCCGTTTATGCCATCTGCGGCTGGGATCGTGGCGCTTCGAAGCCGATGCCCACGGAGATCCCGCGCGGAATGCGGCTGGCCTTCAGCGTACGGGTCTGCCCGGTGGTGCGCAAGGCCTCGGCCGGGCAATCGCCCCGGGGGCGGCGCTGGCAGAAAGGTCAGGAACTGGACGTCTTCCTCGATGCGGCCTGGAGCCAACCCGAGGCTGTGCTGGATCGCGAGGCCGTCTATGCGGAATGGCTTCGCCGTCAGATGGCCCGCCCTGAAAAAGGAGGCGCCCGGGTGGAGACCGTTCGCATGACGCGGTTTTCCATCGAACGAATGACGCGCCGGACGAACGGTTCGTCGCGTTCGGTCACGGTCATCCAGCGTCCGGACGTAACCCTCGAAGGGGTGCTGACCGTCACCGACAGTGCCGCGTTCATGCGAATGCTCCGCCGGGGCGTCGGACGCCACACCAGCTTCGGCTACGGCATGCTCAAGCTCCGCCGGGCCTGAAGAGGAGAAATGCGCTCATGGTTTTCAAAGGACGCCTCGGACTCGAATCGGCGCGGGTGCCGCAGGCCGACCGGCACGGACTGCTGTGGCTGGAGCGGGGCCGCCTGAGCGCCGAAGACGGAACGCTGGTGTTCACCACGGCCGGTACCGATCGGCTGGCCGCCGGCACCTACGACATTCCGCTGCAGCAGGTCTCCAACATCCTGCTCGGACCGGGCACCGTCGTCAGCCACGATGCGCTGCGCCTGCTGGCCCGTCAGCAGACCGGGTTGCTGGCGGTCGGCTCCGGTGGGGTACGGCTTTATGCCGTCAGCATGCCGTTTGGCCCCGACCGTTCGGAGCGAGCACGTCGGCATGCCCGTCTCTGGGCCGACGAAACGCGTCGGCTGGAGGTGGCCCGTGCCATGTACGCCATTCGGCTGGGCGGAGCGTTGCCACCGTACATTCAGGATCTGGACACGCTGCGCGGAATCGAAGGGGCACGCGTCAAAGAAAGCTATCGGCAGCTTGCGCGGCAGTTCGGCATTGACTGGCGGGGCCGTCGGTACGATCGCCAGCATCCTGAACTCAACGATCTGGTCAACAACGCGATCAACCATGCAGCCGTTGCCGTTTACGCGGCCGCCCGGATTGCCGTGGCCGTAACCGGCACCATCCCACAGCTCGGCTTCATCCATGAGGCCTCCGGCCATGCCTTTGCGCTGGACATTGCCGATCTGTTTCGAACCACGGTCACCGTACCGGTGGCCTTTCGTGCGGTGCGGCAGTTCATCACGGAGGGCGGGCGCGACATCGAATCGGTGACCCGGACGCTGGCCGGGCGCACGCTGCGGGACGAGGAGGTCATTCCACGCATGATTGACTACATCAAGGAACTGATCGATGGCCATGACGATCGCCGTGACCCGTAACACGCCTGGCCGCTTTCGGGGCTTTCTGGCTTCCTGCATGCTGGAAATAGCACCGGGCGTGTATGTGGCGCCCCGGATGCCCCGGGATGTGCGTGAGCGGGTCTGGCAGGTCCTGCTGTCCTGGGCCGAGTTGATTCCGCCAGATGGGGGTGTGGTGCTGCTCTGGCGCAATCGCAAAGCGCCTTCTGGTCTGGATATGCGGCTATTGGGCTGGCCCAAAAAGGAGCTGGTGGAGTACGAAGGATTGTGGCTGGCGTGGCGTGGGTTGACGGCGGCGCACGACGTGGAGGAGCTTGCTCGACTGGTGGAGGCCGAGGAGCCGCCGCTTGAGGCGGGAGATCCGATCCTGCGGCTGGTGGAAAGACCGGACCTGGACGAAGAGGAGGGATCGTCTCTCTAATCAATCCTTAATTGTCCTTTTTTTGCCGCGGTTATGCCATAATGGCATAGAGGTGTCCCCGCACCCGCGGGGATAGTCCTTAACAGAAAGGGTGTGGGTTTATAACCGCGGGGGTGTCCCCGCACCCGCGGGGATAGTCCTCTTATCCGCATGGGAAAGGATCTTGCTCTGAGGGTGTCCCCGCACCCGCGGGGATAGTCCCTTCATTTCTTCCCGGCTTAGCGGATCGACAGGGGTGTCCCCGCACCCGCGGGGATAGTCCCGATCTCGCGCCCGGTAAGCTTGGGCGCGAGATGGTGTCCCCGCACCCGCGGGGATAGTCCCCCCTCGCCGGCCGCCATCGTGATTCTCGTTACGGTGTCCCCGCACCCGCGGGGATAGTCCCCGGGCGATTTCGGATTTTTTCGCTTTGTACATGGTGTCCCCGCACCCGCGGGGATAGTCCCTGCTGGAGGTCTGATGCTGAGCGGCTACCGTCGGTGCCCCCGCACACGCGGGGATAGTCCTCTGCACCAGGTCGCGCATTTCATCGTCGATGCGGTGCCCCCGCACACGCGGGGATAGTCCCACGAAGTCATCAGGCACCACCGGCACCCGGTTGGTGTCCCCGCACCCGCGGGGATAGTCCTCTTCCGGAAGGTTGAACAGCAGAACGCGCGCCGGTGTCCCCGCACCCGCGGGGATAGTCCCCTTTAAAGGTTGTGGCGTT
NZ_AP019796.1_gap23	573084	575387	2303	CGGATGGGCCCAGAGCAGCTCGGGCGAAACGTCGCGCAACGCCCGGATCTCCGGATCGAAGCGGCGGAAAAAGGCCACGCCGGCCTCGCATTCGGCCCGGCGTTCGTTGTAGCGCGAGGCGGCCAGCTCGCGGGGCGCCCGGCTGTCGATGATCACGAACAGCCAGTCTTTCAGGTGCACGGGCACATGCCGGTAGGCCAGGCTCCGGCAGTCCAGAAACAGCGCATGGCCCCGGCGTCCCAGCCGTGCGGCGAACTGGTCCATGATGCCGCACTGCACGCCCGCGTAGGTATGCTCCACGTACTGGCACAGGCGGGCGGCTTCTTCGCCCGACATGGCGAAGCCGAACAGATGCTGGAGCGTCACGAGCGTGGCCACCTCCAGGGCGGCCGACGAGCTGAGGCCCGAGCCGAGCGGTACGTCGCCGTAGAGCACGCCCTCGAAGCCGGACGGCAGTAGCGCGCGGCGGTGCAGTTCGGTCACCACGCCCTGCACGTAGGCCGCCCAGCGGGGCGTATCGGCCGGCGGCGTACCCATCTCGAAGCGAATCGCTTCGTCAAAGTTGAGCGACAGCAGTCGCACCTGTCGATCCGGACGGGGGCGCACGGCCAGATAGACCGCCCGGTCGAGCGTCATGGGCAGGACGAAACCGTCGTTGTAGTCCGTGTGGTCGCCGATCAGGTTGACCCGGCCGGGCGCCCGGGCCACGACGGCCGGCGCAGGGGCGCCGAAGTGCGCCGCAAAAGCTTCGAGCAGTCGGGTCACGATGGATTCCGTTGCAGCAGAAGGCATGGTTTGACGCGCGTTACCAGAACAGCAGGTACAGCAAGGCGGTCAGTCCCACAATCCCGAGTCCCATCCGGCGCAGACGGGGAGACGTTTCCATGGGGATAGGTGGGGCGTCGGGCATTTTCGGCGGCTCGGGAAGCGGGCGAAGCTTCGTCACGATCCACATGAACGCGGCCAGCACCAGGAACGTGATCATCATGTGGTGCAGGAAGGCCACGTGCGGCAGCTTCCAGAGCAGTAGGCCATAAACCGGAATGCCCAGGAGCATGGCGCCGATGGCCGCTTCGGGCGGCGTGCGCTTCGAAAACAGCCCGAACAGGAAGGCCGCCGTGATGCCCGGTGAGATGAAGCCCCAGAACATCTGAATGTACTGGAAGACGCTTCCCGTACGTCCCACGATGGGGGCCCACAGGCAGCCGAAGAGCACGAAGGCGGCCGTGGCCACCCGGCCGATGGTGACCAGCTCGCGCGGGGTGGCCTGGCCTTTCTTCCAGTGGCGCTGGTAGAGGTCGATCGTGAAGATCGTAGCGGCCGAGTTCAGCATGGAGTCGAGGCTGCTCATCACGGCACCGAACAGCGCGGCCAGCATGATCCCGCGCAGTCCGACCGGCAGCAATTCGCGGATCAGGACCGGATAGGCCTGGTCGGCCTGCGTCACTTCCTGCGGGTAGAGGATGGCGGCCATGATGCCGGGGAAAACGATGATGAACGGGATGAGCAGCTTGAGCAGGGCGGCCAGCATGATGCCCTTCTGGCCTTCTTCGAGGCTGCGGGCACCCAGCGTGCGCTGCGTGATGAACTGGTTCAGTCCCCAGTAGAACAGGTTGGGAATCCAGAGCCCGCCGATGAACACGGCCACCCAGGGCATTTCCGGATGGTCCCAGGGCAGCACGGTGTGGAGTTTGTCGCCCGCCTGGGTGAAGAACACGTCCACGCCGCCGAGCGCCTGAAAGCCCAGCACCGTCACCAGCAGGCCGCCCAGCAGCAGAGCGGCGCCCTGCAACAGGTCGGTCCACACCACCGCCTTCAACCCGCCGTACACCGTGTAGAAGCCGGCCAGCAGGCCGATGAGCCAGATCCCCAGCACCGTGTCGAGCCCGAAGATGGCTTCGAGCGCCAGTGCGCCGGAGTAGAGCACCGTGGCCAGCGCCACGAACACGTAGGCCAGCATCATGAAGGTGGCCATGATCGTGCGCGCCGTCGTGTTGTAGCGGTATTCGAGGTATTCAGGCATCGTGTAGATGCCGGCGCGAAGGAACTTGGGCAGAAAGAAAAAGGCCACGATGACCAGCGTGACGGCCGCCATCCATTCGTAGCTGGCGATGGCCAGGCCCAGCTCGAAGCCACGTCCGGCCATGCCCACGAAGTGCTCCGTCGAAATGTTGGAGGCGATGAGCGAAAAACCGATCAGCCACCAGGTCAGGCCGCGTCCGGCCAGGAAGTAATCTTCGCCCGTCTCTTCCTTGCGGGAAGCGTAGAGCGAGACGCCGATCACGAAGGCGATGAAGCCGACG
NZ_AP019796.1_gap24	629058	630276	1218	GCCCGCGGCGGCTGCGGCACCAGCCAGCGCTTCGGCGTACCGGGCATCGGTAACCGCCTCCATCCAGGTGGTCGCCGCTCCCGTTTCGGGGCGTTCCACCAGGGCCACGTGCGTCAGACGGGTGTCGGGGAATGCCCCGTGCCAGTGCTTGACGCCGGGCGGAATCACCACAACGTCCCCCGGCCGAATTTCCCGGGCCGGTCCGTTCCATTCCTGAACGATGCCTCGACCGGCCGTAACGACAAGGATCTGGCCGAGTGTGTGGACGTGCCAGTGCGTTCGGGCCCCCGGTTCAAAAGTGACCGTGGCTCCATAGGTGCGTGCAGGCGAAGCGGCCTGAAAATTTCCCCCCACACGGGCGACCCCTGTAAAATGCTGCGCCTGCGCCGTATCCACCGGAGCAACACCGCTTATGACCCGGATCGCGCCCTGTCCGTGGGATGCGTTTGCGAGCATTGCACCGGTCAGGATCAGCAAAACGAGCAATCGCACCATGTCGCCTTGCAGGTTGGTCAGCTCATTCGGTCAACCCCTTCTGCTGGAGCCATTTGAAAAGGTGGTCCGCAATTTCCACGTTGTTCAGGTCGGACATGGGAAAGTGGGTGTTGCCGTGAATCCCGATTTTCGGTAGTTCGATCAGCGTAACATCTCCGCCGTGGCGGTTGACGGCCTCCTGCCACAGGCGGGCCATGGCCAGAAAAGCCCGCCACTGATCCTGGCCCGGGTAGGGCGACGGTTCCTCAGGGATATTGTCGCCGTAGTAAAGCAGAATGGGGATCCGGGTCAGTTGTAGAAAATCTTCCAGCGGGGCCGACGTAGCCCACGCCTGGCCTCCGGCAAACGGAATGGGTTCGGGCACCTCTCCTTCCGGAAAGACGAAATTGCTACCGGGCTCGAAGGAGACGATGGCCCGAACGTTCGGGTTGCGCATGGCCACACGCCATCCCAGACCGCCGCTTGCTGAGTGCGTGACCAGAATGGCCGGGCCGATGCGGTCGAACAGGGCCGAGACGGCCTCGACGAACACCGGAGGTTCGTACGGGCCGGTGTTCGGCGTGATCTGACGAAAGAACTGCTCCAGCGCCTCCGGATCGCGCGAAAACTGCACGTTGGGAAAGAATTCCGGCCAGATTCCCAGGCGGAAGATGCCAAACCAGAACGGTTCGTCCGGTGTGGCCTGAATCGTTGTGGGCTGGGTGCTGCGACCGGCCCTTCCCC
NZ_AP019796.1_gap25	632024	634211	2187	GGTGGATGTTTCGGAGCGGACGCTTCGGGAGGTGTATCTGCCGCCGTTCGAGGCGGCGGTGCGCGCCGGGGCGCTTTCGATCATGTCGGCCTTCAACGAGATCGGGGGCGTGCCGGCCACGGCCAACCGCTGGCTGTTGACCGACGTGCTCCGCAACGAATGGGGCTTCGAAGGGCTGGTGGTGAGCGACTGGACGGCCATCTGGGAGCTGCTTTTCCATGGAATTGCGGCCGACAGTGCCGAGGCGGGGCGCAAGGCGCTTGAGGCGGGGGTGGACATGGACATGGTCAGCGGGATTTACGTGCGGAAGCTGGCCGAGGAGGTGCGCGCCGGACGGCTTCCGGAGGCGGTGGTGGACGAGGCGGTGCGGCGCGTGCTGCGCGTGAAGTATCGGCTGGGCTTGTTCGAGGATCCCTACCGCTACTGTCGGGACGTCAGCCGCGAGCAGGTGTTGCTGTCGCCGGAGCACCGGCGGCTGGCGCGGGAGGTGGCGCGTAAGGCGATCGTGCTGTTGAAGAACGAGGGGGAGCTGTTGCCGCTGGCCGACACGTTGCAGCGGGTGGCGGTCATCGGGGCGCTGGCCAACGATTCGGCGAGTGTGCTGGGGCCGTGGGCGGCGGCGGGGCGTCCGGAGGAGGCCGTGACGATTCTGGAGGGGATCCGGGCGGCGCTCCCCGGGGCGACGGTGCGCTACGCGCCGGGTTATGCGGAGGTGCCTCCGGGGAGTTTTCAGGAGATGGTGGCGGCGGCGTTGAGTACGGACACGAGCGGTTTTGCGGAGGCGGAGGCGGTGGCGCGCTGGGCGGAGGTGGTGATTCTGGTGCTGGGTGAGCACCGGGAGTTGAGCGGGGAGGCGGCCAGTCGGGCGTCGGTGGAGCTTCCGGGGGTGCAGCTGGAGCTGGCGCGGCGCCTGCTGGCGCTGGGTCGGCCGGTCGTGGTGGTGTTGATGAACGGGCGGCCGCTGGCGATTCCGGAGCTGGCCGCTTCGGCACCGGCGATCGTGGAGGCGTGGTTTCTGGGGACGGAGATGGGGCACGCGGTGGCGGACGTGCTGTTCGGGAAGGCGAGTCCGGGGGGACGGCTTCCGGTGTCGTTTCCGCGGGCGACGGGTCAGGAGCCGCTCTACTACAACCACAAGCCGACGGGACGGCCGCCGCGGGCCGAGGAAAAATACACGTCGAAGTACGTGGACGTGCCCTGGACGCCGCTGTATCCGTTTGGGTACGGGTTGACCTACACGACGTTTGTGTACGACAGTCTGCGGTTGAGCCGGACGCGGCTGGGTTTGGACGACACGCTGGAGGTGGTGGTGTGGGTGACGAATACGGGTCGGCGTCGGGGGGAGGAGGTGGTGCAACTCTACGTGCGGGACGAGGTGGCGTCGGTGACGCGTCCGGTGAAGGAGTTGAAGGGCTTTGCGCGGGTGGAGCTGGCGCCGGGCGAGACGAAGGCGGTGCGGTTTCGGTTGCCGGTGCGTGCGCTTCGGTTCTGGGGTTTGGAGGGGGGCTGGGTGGTGGAGCCGGGCTGGTTCACGCTGTGGGTGGGTCCCTCGTCGGCCGAAGGGCTGCAGGCACGGTTCGAGGTGGTGGCCTCGGATTCGTAAACAACGTGACTTGCGGGGGGTGAAGCTCGGCGCTGGCAACACAATGCCGCCATGCGGAAGAACCGAATCGTCCGTTATGCTTCTGATCTGATTTTTGAGAGCGGTTGAGGGGGCAGGGTGACGACGGGCCGGGACGAAGCAGGTCGGCGCAGGCGCAGCAGAAACAGCACCAGCAGGATGAGACCGTAGGCCAGCGGCGGGCGCCAGTCGAACTTGACGGCCCACCAGTAGTGCAGCACGCCCAGCACGGCGATGGCATAGACCAGCCGGTGGAGACGGCGCCAGGTGCGTCCGCCCAGGCGGCGGATCCAGCCGGCCGTCGAAGTAACGGCCAGCGGTACCATCAGGCCGTAGGCCAGCAGCCCCACGGTGATGAACCGGCGCTCGAGAATGTCCCGGCCGATCTCGCCCCAGTCGAAGAACTGGTCCAGCCAGAGGTAGAGCAGCAGGTGGATCGAGGCATAGAAGAAAGCGGCCAGCCCCAGTCGGCGCCGCCAGCGGATCCAGCCGTTCCAGCCCGTCAGGCGCCGGAGCGGCGTGATGGCCAGCGTGGCGAGCAGAAAACGGAGCGTCCAGCGGCCGGT
NZ_AP019796.1_gap26	643698	644475	777	AGCGGGAAGACCGGTTCGTGATCGGTGTAGTAAGCCGAGCCGAGCAATCCCTTTTCTTCACCCGACACGTGCAGGAACAGGATGGAACGGCGGGGTGGGTAGCCGTCGCGTGCGGCCTGCATGAAGGCTTCGGCAATTTCGAGCAGGGCGACGGTGCCCGTGCCGTCGTCGTCGGCGCCGTTGTAGATGCCGTCGCCTTCGGCCGTCGGATCGACACCCACGTGGTCGTAGTGTGCCGAGAGAACCACCACTTCATTTTTGAGCAGCGAGTCGGCGCCTTCGATGTAGGCCAGGACGTTTTCGGTCTGGGCCTGGTAGGTTTCCTGCACGAGCCGGCCGTGCACGGTGACCTCGGGCACGGCGAACACGACGGGCCGGCGGCTTTCGTCGATCTGCTGCTGCAGCTCGGCGATGGTATGGCCACTCGGGGCCAGCAGCGCGTCGGCCACCTGACTGCTGACCACCCAGATCGGCGGCAGTTGAAAGCCGCCCTGTTGCGGCGGTGTAAGCGAAAGGCGTCCGACGCTGGTCCGCGCGCGCAGTGCGGCACGGGCGGCACGTTCGGCCAGCGGCTCGTCGGCCCGCGGGGAGCGGTCGCCTACCAGAAGCACGCCGGCCACGCCGGCCTCCAGCGCCCGGCGCAGCTTGAGGAACGGCTGGGCCGTCCGGCGTGAGGGGCGGCCGTCGGGCGTCAGCAGGCTGGTCGAGTCGTTGGCCAGCGGCTCGTCGGCCAGGATCAGCAGCCAGCGGCCGGTCAGGTCGATGCTGTCGGCCGCC
NZ_AP019796.1_gap27	781250	782146	896	CCGGAGCGCGTGTCGATTTTCATCGACGGGGCGTTCTGGATGGGGGTGCATCGCGACGTGCTGCGCGAGCATCCGGTGGAAGAAGGACAGATGCTGCCGCTGGCCGTGCAGCAGGCGCTCTATCGGGCCGAGCTGGTCCGGAAGGCACAATCGGTGGCGTTGCGTTATCTGGAACACCGGCCGCGCACGGTGCAGGAAGTGCGGCGACGGCTGGAACGGGCCGGTTTCCCGGTGGAGGTGATCGATCAGATGGTGGCCCGACTGGAAGCGCTGGGCTATCTGGACGATCGGGCCTACGCGCGGGCCTATGTGCAGGGGCGGCTGGCCGGGCGCGGCTACGGACCGCGGCGCCTGCAGGCCGAGTTGCGCCGACGTGGCGTGCCCCCGGACGTGGTGGAGGCGACACTGGACGCGGCGCTGGCCGAGACCGATCCGCTGGAGATCGCCCGTCCGCTGGCCCGGCGACGCTGGAAATTGCTCTGCCAGAACGAGCCCGATCGCAGAAAGCGCCGACAAAAACTGATCGCTTTTTTGCAACGACGGGGCTTTTCTTCCGAAATTGCCTACACGCTTCTGCGCGAACTGGACTGACCGATGCTGCGACTGGAACCGGAAACGCCTCTCGAACAGGCAGCGCCCGTCTCGGCCTGGCAATTCCTTACCCGGCACTGGGCGGGCCGGCTGTTGATCGGCCTGGTATTGCTGGGCGGCTTGATCTGGGTGGTCGGTTATTTTACCAACCTGGTGGTCTATCTGGTCGTCGGGTTGTTGCTGGCCTATCTGTTGCGGCCGATGGTGGATCGCGTTCAGCAACTGGGGCTGGGACGTGTCCCCGCGATTCTGCTGACGATGTCGCTGCTGGCCGGACTGATCAGCCTGGTTTTTACCTCGCTGGT
NZ_AP019796.1_gap28	864856	867398	2542	AGCGCGGTAGGGCAGCGTCAGGCCCGGACAGTCGGCCAGCAGTGCATCGTACCGGGCGGCGGCTTCCTGACGCGCCCGCGTGTAGGCGTCCAGATGGCGTAGCTTGACGCGCAGAATGGCCGCCTGCAGCGCATCGAGCCGGCTGTTGACGCCGATCAGTTCGTGGTAATACTTGCGCCGGGCGCCGTGGTTGGCCAGCATCGACAGCCGCTCGTGCAGGGCAGGATCGTCGGTGAGCACGGCCCCGCCGTCGCCGTAGGCTCCCAGATTTTTGGACGGAAAGAACGACAGGCAGCCGATATGGCCGAAGGTGCCGGTCTTGCGGTCCCGGTAGATGGCGCCGATGGCCTGGGCGTTGTCTTCGATGACGAACAGCCGGTGGCGTTCGGCCAGCTCCAGCAGCGGTGCCAGATCGGCCGCCTGGCCGAACAGATGGACGGGCACGATGGCGCGGGTGCGGGGCGAAATCCGGGCTTCGACGCTGGCCGGGTCCAGGTTGAACGTCCTGGGATCGATGTCGGCGAAGACCGGCCGGATGCCCAGCAGGGCCGCCGCCTCGGCCGTGGCCACGAACGTAAAGGCCGGCACGATCACTTCGTCGCCCGGCTTCAGGCCCAGCGCCATGTAGGCCAGTTGCAGCGCATCGGTGCCGTTGCCCACGCCCAGCGCGAAGCGGCAGCCCAGATAGGACGCCAGCTCCTCTTCGAGGCGGGCCACGACCGGCCCCCGGATGAACTGACCGCTTTCCAGCACTTCTTCGATGGCCGCAAGGATTTCTTCGCGGATGGCCCGGTACTGGCCCACCAGATCGACCATCTGCAGCCCAGGGGGTGCTTCCGCCATGTCGTTTTGACGGGTTGGTTACAACAAAAGCAAGATACGAAACGCCAGAACTCGGCGCGGGGAAGTTTCGTAGGGAAAGCAATCCGAAAACCAGGCGCGTTATGCCATGATGAACCTGTTGCAGGGGCCGGTCTCCATGCCGACCGGGCTGGAGTGGCTTCCGATTGCCAGCGTGCTGGTTCCGGCGGTGCTTCTGATCGTGCTGATCTACCTGGCCCGCCGGGCCACCTGAAAAAGCGAAAGGCCCGCCATCGTGGCGGGCCTTTCGGTCAGCATACCGGCAAGACTTATCGCGACGAGGAGAGCTGCGACAGGTAGTGCTCGGCCGGCGCCTTGTAGCTACCGTAGAGCGCGTTGCTGAAGGCCTCGCGGGCTTTTTCCTTGTCGCCCATCAGCATGTAGGCCTCGCCCATCACGAAGTAGATCTTGGCTTTGTCCGTGCGGCTACCCCGGTGCAGCTCCAGCGCCTTCTGGGCCATTTCCACGGACTTCTGATACTCTCCCAGCGTCTTCAGCGCCTCGGCATAGTAGTAGTACACATCGGCATCGGGCGAGACGTCCTCGATCTGCAGCAGTTCGTCCAGGTAGCCGATGGCCTCACGAGCGTCTGAGGGATTCGGATTGCCGCCGTTGCGGGCCAGTGTGCTGGAGGCCAGATAGAGGTAATGGTCCCGAATGGCTTTTTCGGCGGCCTGCAGCGTTTGGCGATCCTGGGCCTCCTTGCTGACGGCCAGCGCCTGCTTCAGCGTTTCGAGCCCCTCGTCAATGCGGTTGAGCTTGAGCAGCGCCAGCCCCTTGCCCAGGTAATTCTTCGGATAGGACGGGTCGTGCTCGATCCCTTTTGTGTAATGCTCCAGCGCCTTGTCGTACTGCTCGTTGCGATAGGCCCGGAGGCCGAAGTTGTAGTCGAGCTGGGCCACAATGCGCAGCGCTTTCTGAGCGACCTCTTCATCGTTGGCCTGTTTGGCCATCTCCGCCGCCTTCAGAAAGCCCTCGTACGCCTTCTGATACTGCTTGGCCTTGGCGTCTTCGAGCGCCTGATTGAAAACCTTCTTGTACTCGTCCGCCTGCTGGGCGCGGGTGGTCACAGGGGTCAACACGACGGCCAGCAGGGCCATGCCCAGCAGAAGAACCGCGCGCATGCTTCCTTTCTGCATCATCGCTCTCTGGTTGGAGTGTTTTGGAAATTCGAAACTTGCGGCCAGGTCGCCTTTGAAGACAAGGCTTAAAGATACAAGTTCCAGCGGTAAAAAGAAAGATAACCGGTTTTTCACGAAAACTACACAGCGCTAAAAGTTAGGTCCGAGCGCACGTTCCCGGTAGAAGGTTTCGATAATCTCGGCCGCCTCTTCTGGCTCATCTGTGAGCATGAACAGCTCCAGATCTTCAGGCGAGATATTGCCGGCGGCCAGCATCTCGTTGCGAAGCCAGTCGAGAAGGCCGCTCCAGTAGTCGGTGCCCATCAGGATAACCGGGAAGCGGGAGGCCTTGCCGGTCTGAATGAGCGTCAGCGCCTCGAACAGCTCGTCCATCGTGCCGAATCCGCCGGGCAGCACGATGAAGCCCTGCGCGTACTTGACGAACATCACCTTCCGCACGAAGAAAAAGTCGAAGTTGATCAGCTTGTCGCGGTCGATGTAGGGGTTGCTCTCCTGCTCGTGCGGGATGACAATGTTCAGCCCCACCGATACGCCGCCGG
NZ_AP019796.1_gap29	911090	914226	3136	CTCGGCATCGGGCAGGTTGCGTTCGGCCACCCAGAGCGCCGGCAGGCCGAAGGTGGGGTCCGTCGTGCGCAACCCCGGGGGCGTTTCTTCCAGCCCTTCGGGCAGCAGCGCCAGGTAGTAGCCGGGGAGCACCTCGCCCTCGGCCACCGGATTGCCCCGGATCTTGATGACGTATCGGTTGGCACCCAGCGCCATGTTGTCGCGGATGCGCACCGGCGGGATGACGATGCCCAGCTCCAGCGCCAGTTGCTGGCGCAACACCTTGATGCGGTCCAACAGGTCGCCGTGCTGGTTGGGATCGACCAGCGGGATCAGACCGTAGCCGATCTCCAGCTCCAGCGGATCGACCATGAGAAGTTCGCTCGGGTCTTCGCTGGGCTTTTGTTCGGGCTCCTGTGCTTCGGGCTGGGCAGGCTTTTCTTGTTCGCGGCGCTCGAACTGGCGGCGCTGGTAGCCCAGCAGCAACGTGGTACCGGCCAGCAGCCAGAACGGCACGAGCGGCAGGCCGGGCACCAGGCCCAGCAGCGCCAGAAAGCTCCCGGTGATCAACAGCGGATAGGAGCGGCCGAAGAGCTGGCCCTTGAACTCTTCGGCCAGGTTGGCCTCGCCGCTGGCGCGCGAGACGATGATGCCGGCGGCCGTGGAGATGAGCAGCGCCGGGATCTGCGAGACCAGCCCGTCGCCGATCGAAAGCAGCACAAAGTTCTGTGCGGCTTCGGCGGCCGACATGCCGTGCTGAAACACGCCGATCAGGAATCCACCGATGATGTTGACGGCCGTGATGACCAGGCCGGCGATGGCGTCGCCCCGCACGAACTTGCTGGCGCCGTCCATGGCGCCGTAGAAGTCGGCCTCGCGGGCGATTTCTTCGCGCCGTTTGCGCGCTTCGTCTTCGTCGATCAGGCCCGCGTTCAGGTCGGCGTCGATGGCCATCTGCTTGCCGGGCAGCGCGTCCAGCGTGAAGCGGGCGGCCACCTCGGCGATGCGTCCGGAACCCTTGGTGATCACCACGAAGTTGATCACCACGAGCACGATGAAGATGATGGCGCCCACCACGTAGTTGCCGGCCACGACGAACTGGCCGAAGGCGCTGATCAGCGCGCCGGCTTTGCCCTCGCTCAGGATCAGCCGCGTGGAGGCCACGTTGAGCGAAAGGCGGAACAGCGTGGTCAGCAGCAGCAGGCCCGGGAAGATGGCAAATTCGAGCGGTCGCGCCGCGTAGAAAGCGGTCAGCAGAATGGCCAGGCTGATCGTGATGTTAGTGGCCAGCAGCACATCCAGCAGAAACGGCGGCAGCGGCACCAGCATCACGAACAGGATGAGCACGATGCTGCTGGCCAGCAGCGCTTCGGTGTTGAAGCGCCGTGCCAAGCCGCCGAACAGGTTCGGGGTGAGGGTTGCCGGAACGGAGTTGGCCATCGGGGTACGTCAGCGGGTTTAGCGGCTACCGGCACCCGGAGGTTGCTGGCCGCGCTGGCGGTAGATCTCGGCCAGAATGGTGGCGACGGCCAGGTACAGCTCTTCCGGGATTTCCTGCTCTTCGGGCACGTTGTGATACAAAGCCCTTGCCAGGGGGGGATCTTCGACGACGGGAATGCCGTGCTCCAGCGCCAAGGCTCGAATGCGCAGCGCCCGCTTGCGGATGCCTTTGGCCATGACGCGCGGTGCCGGCGCTTCAGATGGATCGTAGCGCAACGCGACCGCATAGTGCGTCGGGTTGGTAACCACCACGTCGGAGCGCAGCACGGCATGATCGAGCCGGCGCCGACGGGCCAGCTCGCGGGCTTTCTTCAAGCGCCGGCTCTTGACCATCGGATCGCCTTCGGTCTCCCGGTGTTCGTCCTTCACCTCCTGCGCCGTCATCTTCAGATCCTGCCGGTACTTCCATTTCTCGTAGGCGAAGTCGGCGGCCGACAGCAGCAGAAGTGCCCCGAGCGTGTAGGCCGCAAGCTGCAGCATCCACAGACCCGTTGCCTGCAGAATCGCCTCCAGCGAATGGGTGTGCAGCTCAAGAATCTCGGGCAGATGCCGATAGATGACCAGGAAGGCGATCGGGCCGACGATGGCGATCTTCAGCAGTGCCTTGAGCACGTTGAACAGGCCGCGTGACGAAAACAGACGTTGCAGGCCGCGCAGCGGGCTGATGCGCTCGGGCTTCGGAAGCAGCGGTTTGAGCGTAGGGTGCCAGCCGGTCTGCCAGACGTTGACGCCGAAGGCGATCACCAGCAGCAGCGCAAAGAACGGCACCAGCAGGCGTCCCAGCACCATGAGCGCTTCCTGGAGGGCGCCGATGACGGAGCCGGAGGTGAGCGGATAGAATGGAGCGCTCATCAGCGTGCGCGCCGTGAACTGACGCATCAGGCCGTAGGCGTAGGGCAGGCTCAGCGCAAGTGTGAGCAGGCCACCCAGGAGCAGCAGGACGGCGCTCGTCTCCTGCGAGCGAAAGACGTTGCCTTCTTCCCGCGCCTTCTGGAGGCGTCGCGGGGTAGGATCGAACTGCTTCTGATCGCGATCCGGCATACGGCATTTCAGGGTGGCTGCCCGTGCCTGTCGAAAAAGCGTGCCGGACGGCTAAACGAAAGGCTGAGAAGCGGACAGACGGACGTTGGCGGAAATCCTTTCCGTCAGGGCGGCAGGATGGCGCCCAGCAGCCGGAGCAGCTCGTCGTCGATATTGCTGATCAATGTGGCCATCAGCGGGAAAAAGGCCCGCATGTAGAACAGGGCCAGCGCCAGCCCGACGAGCAGCTTGAGCGGCAGCGCAATGGAAAACAGGTCGGCCTGGGGGACGACGCGCGCAAAGATGCCCAGGGCCACGTCGATCAGCAGGATCGTCACCATGAACGGCGCGGCCAGACGCAGCGCCAGCACCAGAAAATCCCAGACCCATCGGACCAGCAGCGGGTGACTGGCTGCGAGGTTCGCACCCGCCAGGGGGACGACGCGGAACGACTCGACCAGGGCGCGCAGCACCACGTGATGGCCGTCCAGCAGCACGAAGATCATCAGCGCAGCCAGCGAGAGCAGCCGTCCCAGGGGGTTGGCTGCGTGTCCCTCCAGCGGATTGAAGACCTGGGCTATGTGAAGCCCGATCTGGAAGCCGATCAGGTCGCCGGCCATTTCGACGGCCCAGAAGA
NZ_AP019796.1_gap30	915240	917368	2128	CGCCAGCCCGATCAGCACCTGCGTGGGCGGGGATTGTTGCAGGCCGAGTGCCGTCCGCAGGATGCTGAAGATGACCACCAGTCGGGTAAAACTGGTGGTCAGGATGATGATGGCCGGAGCCAGCGACAGGATGGTGAGCAGCAGCAGCAGCTGCAGCGGCAGCGCGAAGTCTTCGTTCTCGCCGAGCTGAATGCGGGGGAGCGGGCCCAGCAGCGTGCTGCTGCCGGATGCAGGGGGCGTCTGCGGGGTGGTTTGCTGGGTTTGCGTCTGCTGGGCGAGGGCCGGCAGAGCAGGCCCCGGGAGCAGCAGGCACAGCGACAGTCCCAGAAGCGACAGCTTACGACGCATGGTCGGTCTGCGAGGCTCGTGCGGACAGGGTGGTGAGCATCCGGGCGAAGGTAGAGGAAGCAGTCGCTTCGGCCGAATGCTCGTGCTGCAGTTCCTGCGGAAGCGGCATACTTTTAAGCAGCGTGATCTGCTGGGAGGTGACGCCCAGAATCAGCAGTTCGTCCCCGCAGGCGACGAGGCGGATCTGCTGTCCGGGGCCCAGCGAGAGCTGGCCAATCGGGCGTAGCAGGGCGGGACCGGGGAGCGTGCGGGTGCGGCGGTGCAGATAGAGCGCCAGGACGGCTCCGGCGGCCAGAACAAGCAGCACCAGCACGTAGCGAACGCTCGGATAGGGGGAGGCCGACTCAGAGCGGACAGGCAGGGTCAGTGTGGAATCCGTGGGGACCGGCGGAGAAGAGGCGGGCGGCACAGCAGGAGCGGAGGCCCATTGCAATGCCAGCCAGAGCAAAACAAGCCCGACGCCCAGCAGAAGCAGGCGGCGAAGCGGAAAGCCGCTGGCAGAACGCACACGAAACATCATGGCACGGTGTGGATGGGGTGGCATTACGCTATCGCCACCGGCCTGCCAACACCGTGCCAGTGATCAGAGCAGGGTCTTCTCGCGCTGGCGGCTTCCGGTGACCAGGCTGGTAATGCGTACGCCGAACTGCTCGTCGATCACGACGGCTTCGCCCTCGGCGATGAGCCGGCCGTTGGCATAAATTTCCAGCGGTTCACCGACCAGTTTTTCCAGTTCGATGATGCTGCCGGTGGTCAGTCGCAGCACGTCGGCCAGCGGCAGGCGGCGTCGGCCCAGCTCGACGACGATCTCCAGCTCGACATCGGCCAGCAGCTCCAGATTGCCTTTGACGCCGCCGTCGCCGATGCGCTCGGGGCCCAGTTCGCCAAAGGAGGCCGGACGTACTTCGACGGCCGGTTGCTCGGCGGCTCCTGCAGCCGTCGCCTTGGGTGCTCTGGAAGTCAGCTGTTGCGTCACGCTCGGAGGTAGCAGAATAAAGCCTTCGTGCCGGGCGTCGCCTATCTGGAGCGTGAACGGAAGCTGCAACAGCGAGTCGGGCAGTTCCACCGGAGGCTGGGCGGCCCCGGAACCGGGCTGCTGGACGACGAAGCTTACCTCGGGCAAGCGCACGCCTTCGGCGGCCAGTGCGTTGCGCAGCGTGCCGTAGCCCTGGGCGGCCACTTCTCCCAGCAGATCATCGGTGCCTTCGTCGCCGGGGTTGAGCGCTTCGCCGAGCATGGCCTGCGACAGGAGCGGGATCCAGTCCGGCGTCAGCCCGATGGCAAACGGCTCACTGCGGGCCCAGATCAGCACCCGGTCGCCGGCCAGCTCGTTCAGCTGGTCACTCGTAACCGTGGCAGGCGTACCCAGCTCCAGAGTAAGCTCCTGATTCAGCAGCGTCTGAAGAAATTGCTGCAGGGCCTCACGGGTAGCCTCAAGCCGCGGAAGCGTTGGATTCGAGCTCATCTTCTTCAAGCGGTAGTTCCGGGGGGACGACTTCCAGAATGCGCAGGGCGCGGTGCTTGCCGGAGCGGCCGGGGATCGCTTTAAATTTCTCGCGGTCGCCGATGTACACCTGGACGGGCTGGTTCACCCGGCGCTCCAGCACGATCACGTCGCCCTCTTCGAGCGTCATCAATTCGCTGAGTTTGATCCGGGTGCGGCCCATCACGGCGCGCAGCTCCACCTCGATTTTTTCCAGCTGTTCTTCGTAGCGCTGACGAACGGCAGGAGGCACTTCGGTGGTGGAGCTGGAGCGCCACTGCTTCATGGCGCTGTGCC
NZ_AP019796.1_gap31	929977	932996	3019	GCCGTTACTTCGCGTTTGGTTTTACAGGATGCTCAGGATGAGCGCTGCAGCGTCGGTCGGTCGGCTGCAGCAACCGGCATCCCAGATGGGGCCTGCCGGTGCGTTCAGGTTCACCGGATTACACTATGAGCGCTTATCGTTTGAGCTGGACGAGTTCCTGGAGCATTTCGTCGGAAGTCGTGATGATGCGGGCCGAGGCCTGGTAGCCGCGCTGCGTGACGATCATGTCGGTAAATTCCGTGGCCAGGTCCACGTTGCTCATCTCGAGCGTACCGGCCACGATCACCGTGCGGTTGAGTTCGACGCCGGCGCGGCCCAGGGCCAGATCGCCCGAGGAGCTGGTCAGGCTCCAGAGGTTGTCGCCGACCTGTTGCAGGCCGTTGACGTTGTTAACGGACCCGAGGGCCAGTTGATAGATTTTTTGCTGGTAGCCGTTGGAGAAGTTGAGTTCGACGATGCCTTCCTGGTTGATGCTGAAGCCGATGAGGGAGCCGGGGGGTTGGCCGTCCTGGTCGCGGACGGTGGCGGTGGTGGAGCCGGCGTACTGGGTGAGGGCATCGTCGGCCCCCGCCAGGTTCAGCGTGAAGCTTTCCAGAGTGCCATCATTGTCGATGTCCCAGTCGAACGTCTGGAGCGCTTCGGTGGGATCCAGGTTGCCCTGCGTGTCGAAGGTGATCAGGTTATCGCCACTGGTAATCGTAACACCCAGGGGATTCCCGTCTTCGTCCAGCAAATTCCATTGCCATTCGTTGGGATTGGAGGTTCTTGTAAATTCAATGATGATGGTTTTGGCTTTCCCCTGCGGATCATACACGACGGTAGAGACCGTCACGCTTTCGCCGGCTGCCAATTCCGCATTGAGGTTGCCGCGGACGTAGATGTTTTCGGTTTGTTTGGGGGGAGCGGTGGCGCTGAAGGGAACGCGCACGTCTTCGAGCGCGGCCGAGCGCAGCTCACCGTTTTCATCGAAAGCCCAGCCCTGCACCTGCAAACCGCTGTTGGTCACCAGTTCACCAAAGCGGTTGATCGTGAAATTGCCGGCGCGCGTCAGGTAGATGCGATCCCCGCCACGGACGACGAAGAACCCGTCGCCGTTGATGCCCAGGTCGGTGGCCACGCCGGTGTTTTCGAGGGCGCCCTGGGCGAAGTTCACATCGATCGAACCCACCGAGACGCCCAGCCCGACGTAGGCGGGGTTGATGCCACGGCCGCCGGCGGTGCGGCCCACACCCAGCAGCGTCTGGCCGAGCAGTTCGTTGAAGGCGGCGCGGCCGCGTTTGAAGGCGGTGGTGTTGACGTTGGCGATGTTGTTGGAGATGACGTCCATGCGGACCTGATGGCTTTTGAGTCCGGAGACGCCGGTGCGCAGAGAGCGAATCATGGCCGTTACTTCGGGTTTGGTTTTGCAGGATGCTCAGGACGAGCGCTGCAGCGTCGGTCGGTCGGCTGCAGCAACCGGCATCCCAGAAGGGGCCTGCCGGTGCGTTCGTTCAGTCGTTACAGGATGTAGGCACTGTCAATCTGGGTGAAAATCCGTTGCTGCATTTCCTGGCGGTCGAGGGCCGTCACCACGGTGCGGTTCGTGACGCTGACGATGAAGGCTGCCTCAGGGTGCAGCACCAGCGCTTCGCGCGCACCTTTAGCCGACAGCTCCTGCACGGCCTCGGTGAGCTGTCGGGCCAGCAGGTCATCGAAGGCGATGCCGCGCTGGGCGATGCGCTGGCGCGCGTGGGCCGAGAGACGCACGCCTTCATCGGGCGCCTGCACCTGGCGCAGCACTTCGGCAAACGAGGAGCGCGGCGGATCGTGCGTGCGCGGCGCCTGCGTGGGCGACGTCGACGTGCCCGGCACAGGCTGCACGCGCGCGGCCAGTTCCTGTACCTTCATGGCGTTTCTTATGGTTTAATGGAAGGTCTATTCGGATTCCACGCCCCGGACGGACTGCATGGGCACCGAGCGGTCACCGATCCAGAGCAGAATGCCCTCGGGGCCGAACGTCACGCGGGTGACGCGTCCGCGCACGAAGGAGCGGGCCGCTACCGGATCGCCATCGGCATCGGTGGCAAGCACCTCGATCGTGTAAGTGCCGGCGGGAAGCGCCTCGCCCGCATCGTTTTTTCCGTCCCATTCCACGGCATGTTCACCCGCGGCCCTGGGGCCCAGGAAGATCGTCCGTACCACCTCGCCGGCCTCGTTGCGAATCTGGATGCTGACCTGTTGGGCGGCGTCGCCCAGTTCGATCCGGAAGGGGACAGGTTCTTCGCCCCCCCAGGTAAGCCGATCGCCTTCGGCTTCGATGATCTTGCCCACCAGCCCGGCCGCTACGCTGTTGTGGATGCCCTGGGCCAGCGCGGCGTAGGCGTCGGACTGGGCCGCCAGCGTCTCGTTGATGCCGATCAGCTGTTCGACGGTGGAAAACTGAGCCAGCTGTGCGGCAAATTCGCGGCTGTCCAGCGGGTTGATGGGGTCCTGATAGCGCAGCTGGGTCACCAGCAGTCGCAGGAAGGCTTCTTTGTCCAGCTCCTGCGATGGCGGTGCGGGCGCACTGGGCGTGCTCTGCAGCGCCTGCTGGCGGATTTCGTCAATGGGAGCGATCAGGGACGGCATGGCGGTACGGGTTTAACCAATCCATTCATGTCGGCTACCGGGACGCAGCACCCGTGCACGGGAAGATTCGGCCGGTGCAGGGCCGGACGCATCTGAGCCGGAAGCAAGCGGCGTACCATGAGCGGGGGCCTGCGTGAAGGCCTGTTGTTGCCGGGCGCCCTGCTCGCCGCCACCGGAGAGCGAGAACTGCACGGCGGTCTGGTACTGCGCCTGCAGCGCCTCCTGAATGCGGTCGGCGTGGGCGGCCACCAGGGCCCGGAGCTGTGGATCGCTGAGCTGGACCGACACGGCCACGTGGTCGGGATGGCGGCGCGTCTCGACGCGCAGCGTACCTTCGCCGTCGGCCAGTTCCACTTCCAGCATCTGTCCGTCGAAATGCTGACGGACGCGTTCGGCAAAAGCCATGGCCATC
NZ_AP019796.1_gap32	934816	938700	3884	GGAAAGATTACGGTTACTGGCTTCCAACCGAAGTCACTATGGACTCCTGATCGCCGGATTTCTGCATCAGGCGGCTTACCAGGCGGGCCGCCTGTTCGGGGGGGAGCGACTGGAGCAGGAGGGTGCGGCCGCGTCCCTGGGTTTCCAGGTAGAGCATATCCAGAATTTCGGGGGAGAGCTGGCTCAACAAAGCGCGGCGTTGGTCGTCTTCCAGGCGTGTGATGGTGGTGGCCAGTTCCTGAGCCTGAATGCGTCGGCGTTCTAAAACAGCCAGTTGCTGTTGTGTTTGTTGCAGATGCCTTTGCGTTTGGGTAAGCGTCTGCTGAAGCGTGTTCATCTGCTGGTACAGGATGCGAAGCGAGTCGCGCAGCTGCTGCAGGGTATCGCGCGTAGCCGCGAGCGAGTCGGCCAGCAGGGCCAGTGTATCCGGTGCCAGAGAATCGGTCCGCACAGAATCGGCCAGTGCGCTGTTAAGCTGACGTAAACTATCGAGCTGCTGTTGCACCTGCTGCACGCGCTGCGGGGCGATGTAGGGCATGGCGAAGTACATCCCCACCACGCCGATGAGGAAAAAGACGATCGCCAGCGCAATGCGAAGCACGAGCTTCATGACGCACGCTGCTGCAGCTTACGGACGTAGGCTCCGGTCGCCTGCTCGTCGATCCAGGCGCGCTCGGCGGCGGCTTCGGCTTCCAGATGGCGGGCATATTGCCGCTCGCGCAGGCGTTCAAGCGATTCCTCCGCCTGCCGGCGTTCCAGTACCAGCGCACGGGCTTCGGCTTCCTGCTGCTGGAGCCGGGCCAGTTGCTGCTCCAGCTGGCGAAGCTGGCGCCGGGCTTTCAACCAGTAGGCTTCCTGGCGGCGAAGCTGAGCCGGATCGACGGCCGATTGCCGCGCCGCAAGTTCCTGGTGCAGTTGCTCCAGCTTCTGCCGGGCTGCTTCAATTGCTTCTTCCAGTTTCTGGCGTTCCTGCTGGAGGCGGATCAGCGCCTCTACGGCCTGTTCGGTCTGATGCTGCCGCAGGCGCAGCACACTTTGCAACGAAAAGCGGAATTTCTTGCCTTGCATAGGACGCTGCGGGGTACTACACGGCGGTTGTGGAGGTATCTGTCGTTAAAGCAAAAGGTCGGCCAATTCACGAAGCGCGGGCGGGCAGGCTGCGCAGCATGTCGGCCAGTTGCGCGACCGGGTCGTCGGCAACTTCGTCGACGCCCTGGCGCAGGAAAGCCATGAGCGCTGCGTGGGCCAGGATGGCCCGGTCGATTTCGGGCCGCGTGCCCATCTCGTAGGCACCGACGCGGATCAGGTCTTCCGCTTCCTGATAGGTGGCCAGCAGACGGCGGGCTTCTTCGACCAGCGCGCGGTGCTCGGCCGTCGTGACGCGGGGCATGACGCGGCTGACGCTCTGCAGCACATCGATGGCCGGGAAATGGTTGGCGTGAGCCAGGCGCCGGGAAAGCACGATATGGCCGTCGAGAATGCCGCGTACTGCGTCGCCGATCGGGTCGTTCATGTCGTCGGCATCGACGAGCACCGTAAAAATGCCCGTGATCGTACCGCGTGCGCCGGGACCGGCCCGCTCCAGCAGCCGGGGGAGCATGGCAAAGACGCTGGGTGTGTAGCCGCGCGTGGTGGGCGGCTCGCCGACTGCCAGGCCGATCTCGCGCTGGGCCATGGCCACGCGCGTGATCGAATCCATCATCAGCAGCACGTCCAGGCCGCGATCCCGGAAATACTCCGCGATGGCCATGGCCACACTGGCGCCTTTGACGCGACTCATGGCCGCCTGATCGCCGGTGACGGCCACGACGACCGAGCGCTTGAGCCCTTCCGGACCCAGGTTGTCGGCAATGAATTCCTGCACCTCGCGGCCGCGCTCGCCGATCAGAGCGATGACGTTCACATCGGCACGGGCACGGCGGGCGATCATGCCCAGCAGCGTACTTTTGCCGACACCGGAGCCGGCGAAAATACCGATGCGCTGGCCGCGTCCGAGCGTCAGGAAGGTGTCGATGGCGCGGATGCCGGTAAACAGCGGCGTGTCGATCATGCGCCGCGACAGAGGCGGGGGCGGATCGTTGCGTACGGGCTGCTCGTCGGTGACCGTCAGCGGTCCTTTGCCGTCGATGGGGCGGGCGTTGGCATCCACCACACGCCCCAGCATGGCCTCGCCGACGCGAATTGTCAATGGCAGGGCGGAGGGTTCGACCAGATAGCCGGCACGCAGGCCGCGGGTCTCTTCGAGCGGCATCAGGATCGTGGTGTTGCCGCGCAGGCCCACCACTTCGGCCTTGATGCGCCGGGCGCCGGGCTCCTGTCCTTCGTGGATATAGCAGAGTTCGCCGACGGCCGCCGGCAGCTCGGACGCCTCGATGAGCAGCCCGACGACGCTCTGCACCTTACCGAAGTGGAGCGGGCGCAGCGGATGGCGGCGCACCTGCTCCAGACAGTGCGCGACGAACGAGTTGGAGGGGGATCCGTTAAACATCGTCGGCAGAAGACTGCTGTTCGGGCGATCCCGGTGCGTCGGAGGACGGGGTAAGGCCCAGTCGCTGGCGCAGCCGCTCCAGGATCTCCTGACGGATGCGGCGTTGCATGGCTGTGGGCGTCTGGACGATCCAGTCGCCTTCGCTCAGTTCGGAATTGAGATCCCAGTGCAGGTCAGGGTGGCGGCTTTCGAGCTGGGCGATCACCCCCTGCTCCTGCAGCCGCAGAAAGTCGACCGGATGCATGGAGACCTCCAGCGGAGCCGAGCGGGCCAGTTGCTCGACGGCTTCGGTGAGCGTGCGCGCCGAAACGCCACGGATGCTTTCAGGAAGCGGGGCGTCCAGCAGCGTCTCGGCCACTTCGAGGGCCAGTTCGACGAGCATGGGCTCCAGCTGTCGGGTGTAGTCGGCCCAGGCCTGGCGCAGCCGCTCCAGCTCGCGGGCCAGTTGTTCCTGAAGCGCCTGCAGGCGCGGGGCCCACTCGGCCTCGGCGGCAGCGCGACCGGCCGCTTCGCCTTCAGCGCGGGCCTGATTTACGGCTTCTTCCAGGCGCCCCTGCCATTCGGCCTCGATCGCAGCCCGGAGGGCCGCCTCATCGAGCGCAGGCGGCGATGCCTCCTCGGAAGATTGCTCCAGCTCGGGCTCCACGCGCCACACGTCGTCCTCGGAAGTCCAGACTTCCTGAGAGAGTTCGACGGGTTGTGCCTGGATCGCCTGCGCGCGTCGTAGCAGTCCGCGATAGCGGAATTCTGGGGACTCCTCGGCTTCATCCTGTGCTGCCGGCTGCACCTGGCTGCGATGCAGGCGGGGCGGTGGACGCCGGGCCGGCCCCTCTGGAGCGGGCGAGGAACGCCGGGGATCGGATCGATCCGACAGAAAGTCGGCCAGCGACAGGATGCGGCGCCGGGTAGCCATAGATTATCAGATGACCATTTCCTGACTGTTGCGCGAAAGCGTAATCTCCTCCTGTTCTTCGAGCCGCTGGGCGGTTTCGAGGATGCGGCGCTGCGCCTCGTCGACATCGCGCACGCGCACCGGTCCCATCAACTCCAGCTCCTCCTGGATCATCTGGGCGGCGCGTTCGCTGACGTTGCGCAGAATCTTTTCTTTCAGTTCGCCGGAGGCTGCCTTGAGTGCCAGCGCGATGTCCTTCTGATCGACCTCGGTCAGCAGCCGCTGCATGTCGCGGTCGCTGATGTGCACCAGGTCGTCGAAGGTGAACATCAGCGCCTTGACCGAAGTAGCCAGCTCCGGATCGCGCTCGCGCAGCGCCTCCAGCACGGCCCGCTCGACGGTGCGGCTGCTGCTGTTGAGAATTTCGGCCACTTTTTCCACGCCACCCGACGCGCTCAGCTCGGCACCGAAAACCGAACTGATATGCTGACGAATCACGTCCTC
NZ_AP019796.1_gap33	960959	965187	4228	CCGCATTCGCTACGACGAGGCGCTGGGGCGCTACGTCATCTCGCGCGGGCGTGATCTGAATAAGGACCAGAGCTACGTGCTCTGGGGCATTGCGCAGGAGCATCTGGCCCGGACGCTTCTGCCGCTGGGCGACTATACCAAGCCCGAAATCCGGCGCATGGCCGCCGAGATGGGCTTCGAGCGGCTGGCGCAGAAGCCGGACTCCTACGAGATCTGCTTCATTCCGGACAACGATTACCGGCGCTTTCTGCGCCAGCGTGTGCCCGATCTGGACCGGAAGGTCGGTCCGGGCAAGTTCGTGCTGAAGGATGGCACCGTGGTGGGCACGCACCAGGGCTATCCGTTCTACACGATCGGCCAGCGGCACGGCCTCGGACTGGCGCTCGGTTATCCCGTCTACGTTACCCACATCGATCCAGAGACGAACACGATCACCGTCGGGCCGCGCGAGGAGTTGCTTCGCCAGCGACTGGTGGCCCGCCAGATCAACCTGGTCAAGTACCCGGACCTGCACGAGGAGCGTCCGGCCGTCGGTAAGATCCGCTACAAGGACGAGGGCGCCCCCTGCCTGGTCTGGCAGGAGGGGGACGCGCTGCACGTGGCCTTTGCCGAGTCCCGTCCGGCCATCACACCGGGACAGGCCGTCGTGCTCTACGAAGGCGACGACGTGCTGGCCGGCGGCTGGATCCATGAGGTGCTGGACGCCGAAGCCGAAAACGCACCGGCCACGGCCGCCGCGAAAAACTTGTCGTAGGCCGCTGCTGGTTGTAGATTCCGGATAAAAAGCGGGAGCATGGGGAAAGCACGTCTGCTGATCATAGAAGACGAAGCAGAAGTACGCGAGGCGCTGGCGCTTTGCCTGGAGACGGCGGGTTACGAGGTGGACGCCGTCGCCACCGGCGAAGCGGGGCGCGAGAAGGCCATCACGGTGCCCGGCTACGATCTGATCATCCTGGACGCGAGGCTGCCGGGACGCGATGGATTCGAGGTGCTCCGCGCGTTGCGCGAGGAGGACGGGGTGATGACACCCGTGTTGATGCTTACCGGGCTGAACGATCGGGAGCACCGTCTGAAGGGTTTCGAGCTGGGCGCCGACGATTACGTGGCCAAGCCGTTTGCGCCCGAGGAGCTGCTGGCCCGCGTGGAGGCCGTTCTGCGCCGCGCCAAGCGGCAGCCCCAGCCCGAAAAGCGTCGCTTCCGGGTAGGCGGCATTGAGGTCGATCTGGTGGAAGGCACGGTGACGCGCGACGGCCAGCCGGTGGCACTGACCGACATGGAATTCCGGCTACTGCGCTACCTGATCCTGCACCGTGGCCGCACCGTCACCCGCGAGCAGTTGCTCCGGGAAGTCTGGGAGCTTCCGCCCACCGTGCAGACCCGCACCATCGATCGTCACATCAACGCCCTCCGCAAGATCATGGACGGCGAGGACGAAGCAAGCTGGCCGATTCAGAGCGTCTACGGGATCGGTTACCGGCTGGTGGGCGGGGAGTTCGTCGATTGATCCTCGGCCCGAAGGCGATAGCCTTTGCCGTAGACGGTTTCGATGTAGCGAGGCTGACGCAGGTCGGGCTCGATCTTCTTGCGAATCGAAGCAATGTGCCGGTCGATCGTCCGCGTCTCGACGTCGCCGGCGATGTGCCACACGTCGCGCAGGAGCTGTTCGCGTGTGACCACTTCGCCCCGATGGTGGATCAGATAGCGGAGGACGTTCAGCTCCATGGCCGTGAAGTTGATGCGCTCGGAGCCCCGATAGGCTTCGTGCGTGCTGAAATTGATCTCCACGTCGCCGATGCGGTAGATCTGCATGGGCGCCCGGTCGGGCGGTTGCGTTCGTTGCAGGATGGCCCGGACACGGGCGGCCACTTCGTCCGGGTCGAAAGGCTTGACGATGTAGTCGTCGGCGCCCAGCCCGAAGCCCTGCAGGACCTGTTCGCGCTCGCCGCGGCCGGTAAGGACCAGCACAGGCGTTTCCAGCCCGCGCCGGCGCATTTCCTCCAACACCTCGAAACCGCTCCGATCGGGCAGCATGACATCGAGCAAGACCACATCGAACCGATGGGCGTTCGTGAGCATTTCGAGCGCTTTATGCGCTTCCGGGGCGTGGGTGACGCGATAGCCCTGCAGCTCGAAGAAATCCTGAAGGGCCTGAGCCACGTCGGCGTCGTCTTCGACGATCAGCATGTGATAGGTCGGCGTCGACTCGGCCATGGTGCTGCCTGTGCGCTGGTTGAACGGGAACTCTTTCCGGAGATTAGCAACTGAAGGGAGCGCTGTCAACTTTCTTGACCAGCTAAAAAAGCAATGGAAGCTACGAACGAAGCTTTTCTGCTGAAACTTCTGGAAACGCCCAGCCCTTCGGGGTTCGAGCAGGCTTTGCAGCGCACCTGGGTGCAGCACGTGAAGCCGTGGGCCGACGCCGTCGAGCAGGATAGCTACGGCACGGTCTGGGCCGTAAAGCGTGGCCGATCGGACCGGCCACGGCTGATGCTGGAGGCGCACGCCGACGAGGTGGGCTTCATCGTGCAGCACATTTCGGACGAAGGGTTTCTGCACATTGCGCCCATCGGCGGAGCCGATCGAGCCCTGGCCCGCGCGCGTCGGGTGCAGGTGCTGGGCAGCAACGGGCCGGTGGACGGTGTGCTGGGCCATACGGCCATTCATCTACGCGACACGAAAGACGAGAAGATGCCCGAGTGGCACGAACTGTTCGTGGACGTGGGGGCCCGCAACCGGGAGGAGGTGGCGGCGCTGGGCATCCGGGTGGGGCACCCTGTGGTGCTGGCCGACGGTCCGTTTCGGCTGCAGGGGCGGCGGCTGGTGGGACGTGCGCTCGACAACCGGCTGGGCGGCTTCATTCTGGCGCAGGTGCTGGCCGCGCTGGCCGAAACACCTGCAGCGGCAACCGTCTATGCCGTCAACGCGGTGCAGGAGGAGACAGGCGGCTACGGCGCGCGCATGGTGGCCTACCGGCTGCATCCGGACCTGGCGCTGGTGCTGGAGGTAACGCACGCCACCGATACGCCCGGCCTCGACGCACGGCGACACGGACTCGTCCGGCTGGGCGGTGGACCTGTCCTGACGCACGGTACGGCCAACCACCCGCTATTGGTCGAGCGCCTGCTGGCCGTGGCCGAGGCCGAAGGCATTCCCGTGCAGCATGAGGCGTCGTCCCGACGCACCGGCACCGACGCCGACGACATCTTCCCGACACGTGGTGGCATTCCCTGTGCGCTGGTTTCGGTGCCGCTTCGCTACATGCACTCGCCGGTCGAGGTGGTCGATCTGGACGACGTGGCCCACACAATACGGCTGCTGGTGGCCTTCGTGCGCAGCCTGCAACCGGACGATCGCTTTCTTCCGGAACTGACGGCGTAAGCTCAGAAAAACGGTAGGAATCGGTCGATCAGGCGCTGGGCCTGCTCGCCGTAGGGCGGGTAGAGCCGGCGCAGCAGCGGAAAGTCGAACCGCCGGTAGACCACGGGCCGTTCGTTGGAGAAGGCCAGAAAGCCGTGGTAGCGGTAGGCTTTCCCGATCCCGCTGGGGCCGACGCCGCCGAAGGGCAGGTCGGGGTGATTGAAGTGCAGCAGCGTGTCGTTGACGCACCCGCCACCGGCCGAGGTGTGGTTGAGCACGTGCTGCACGCGCCGGTCATCCCGGGCGAACACATAGAGCGCCAGCGGTTTGGGCCGGCGGTTGATGGCCTCTAACGCCTCATCCAGATGGTCGAAGGCCTGAACGGGCAGGAGCGGCCCGAAGATTTCTTCCTGCATGATGGCGGCCTCGTCGGGCACGTGCGTCAGCACGGTGGGCGGCACGAAACGCTCCTCGGTAACCCAGGGGCCGCCAATGGCCTCGCGGGCGCCGTGGGCCAGCGCATCTTCGTAGAGATGGCGCAGCCGCTCGAAGTGCCGGTCATTGACGATCCGGGCGTAGCTGTCGCTCTGCCGCCAGGCTTCGGGATCCGGTCCGTAAAACGCTTCGATCTGCTCTCTGAGGGCCGCCACCAGCGCGTCGTGCAGGCTCCGATGCACCAGCACGTAGTCGGGCGCAATGCAGGTCTGGCCCGCGTTGGTAAACTTACCCCAGGCGATTTTTTCGGCGGCCTGCTCGACGTCGGCCGTTTCATCGACGACGGCAGGCGACTTGCCTCCCAGTTCGAGCGTGACAGAGGCCAGATGACGGGCAGCGGCCTCCATGACCAGACGCCCCACCCGTGGGCTTCCCG
NZ_AP019796.1_gap34	998053	1000254	2201	GACGCTAACCCAAACCTGGGACGCAGGCTATGAAGCCGAAAGAGATCCGTGCAATGAGCCTGGAAGAAATCGCCCAGCGCATTCGAAGCGAAGAGCAGGAACTGCGCCAGCTTCGGTTTCAGCATGCCGTGGCGCAGCTCGAAAATCCCATGCTGCTGCGCAACAAACGGCGGCTTATTGCACGGTTGAAGACGATTTACAACGAAAAACTCCGGGAAGCCCGGCAGGCTTCCGTGAACGAATAACCCGGTAGTTGGTGAGGTCGCGGCTCACCAAGCCCTGAAAGACAACTATGGCTAACGAACAGCAGACGCAGAAAACGCAGCGCGGACGCCGAAAGGAGCGGATCGGCGTGGTCGTCAGCAACAAAATGGACAAGACGATCACGGTCGCCGTCGAGCGACTCGTCAAACATCCGCTCTACGGCAAATACATCAAGCGTACGACGAAACTGATGGCCCACGACGAACACAACGAGGCCAACGAGGGCGACGTGGTCCGCATCATGGAAACGCGGCCGCTCTCGAAGCACAAGCGGTGGCGCCTCGTCGAAATTATCGAGCGGGCTAAGAAAATCCAGCGAGAAGAAACGCCATGATTCAGCAGGAAAGCAGACTGGTGGTCGCCGACAACAGCGGGGCGAAAGAATTGCTCTGCATTCGCGTGCTGGGCGGCAGCCACAAGCGCTACGCCCGCGTCGGCGACAAGATCGTCGCCTCGGTCAAATCGGTCATTCCTGGAGGGAGCGTGAAGAAGGGCGACGTGGTCAAAGCCGTCGTCGTCCGTACCAAGAAAGAATACCGCCGCCCGGACGGAACCTACATTCGCTTCGACGACAACGCGGCGGTATTGATCAACAACCAGGACGAACCGATCGGGACCCGTATCTTCGGGCCCGTGGCGCGTGAGCTGCGCGACAAGCAGTTCATGCGTATCGTTTCGCTGGCCCCTGAGGTGGTCTGAGCCGCCGCTAACCCCAAGAGCTGCAGAAGGCCATGCCGCGTACAAAAAATAAACAACCCAAGCTGCACGTAAAACGAGGCGATCTGGTGCGCGTGATCGCCGGCAACGATAAAGGCAAGGAAGGGCGCATCCTGCGCGTCTTTCCGAAAAAGCAGCGCGTCATCGTGGAAGGCGTGAACCTGCGCATCCGCCACGTGCGGCCCAGCCCCCAGTACCCGCAGGGCGGGCGCATCCAGCAGGAAATGCCCATCCACGTCTCGAACGTCATGCCGCTCGACAGCAACGGGCGGCCCACGCGGGTCGGCCGTAAATGGGTGGAAGACCCGGCTACGGGACGGGGCCGTTGGGTGCGTTACGCGAAAACGACGGGCGAGGAGCTGGACCGCTGAGGCCGGCTGCGCGCACAAAAGCCCAGAATGAATAGGGAGCCATGACCTACGTTCCTCGACTGAAGAAAAAGTACCGGGAAGAGGTGGTACCCGCCCTGATGAAACAGTTCGGGTACCGCAACGTGATGCAGGTGCCGCGCCTGGTCAAGATCTGCGTCAACAAAGGTGTGGGCGAGGCGGCCCAGAACAAAAAGGTGCTGGACGACGCGATCGAAGAAATCCGGCTGATCACCGGCCAGCATCCGGTCGTGCGCCGCGCCAAGAAAAGCATTTCGAACTTCAAGCTTCGCAAGGGCATGCCCGTCGGCGTATCGGTCACGCTGCGCGGCGACCGGATGTTCGAGTTCTTCGACCGCCTTGTCACGCTGGCCCTTCCCCGGATGCGCGACTTCCGGGGCGTTTCGGACCGCAGCTTCGACGGGCGCGGCAATTACACGCTGGGCATTCCCGAGCAGATTATTTTCCCGGAAATCGACGTGGATAAAGTCGAACGCATCAGCGGCTTCGACATCACGTTCGTGACCACGGCGAAGACGGACGAAGAGGCCTATGCGCTGTTGAAGCTGCTGGGCATGCCGTTCGTCCGCCGCGAAGAACCTCAAGCAAAGGCAGCATAAAGGCGCTATGGCGAAAAAAAGCTGGATGGCGCGCGAGAAAAAGCGCCGCGAACTGGTAGCCAAATACGCGGAGAAGCGGCGTCAGCTCAAAGAAGCAGGCGACTGGATCGGCCTGCAGAAGCTGCCGCGCAACTCCAGCCCGGTCCGGCTGCGGAATCGTTGTCCGCTGACGGGACGGGCTCGGGGCTACCTGCGCAAGTTCGGCATCTCGCGTATCGTCTTCCGTGAAATG
NZ_AP019796.1_gap35	1003854	1006746	2892	CGGGTGGTCGGGCGCCGCGTCTACGGCGGCGTCACGCAGTATTTGCCGCTGCGCGTCAACGCGGCCGGCGTGATGCCGATCATCTTCGCGCAGTCGATCATGTTCGTGCCGGCCACGATCGCCACGTTCTTCCCGGGCAGCGATTTCATGCAGCAGTTCGGGAGCTTTTTCTCGGACATCTCGGGCTGGGGCTATTCTTCCCTGTTTTTCCTGCTGGTCGTGTTCTTTACCTACTTCTACACGGCCATTGCCGTGAACCCGCGCGAGATGGCCGACACGCTCAAGCGGCAGGGTGGCTTCATTCCCGGGGTGCGTCCGGGCAAGCAGACCAGCGAGTTCATCGACACGATCCTGACCCGGATCACGCTGCCGGGCGCCATCTTTCTGGGCATCGTGGCGATCATTCCGGCCTTTGCCATGCGGGCGGGCGTGACGGCGGGATTTGCCCACTTTTTCGGCGGAACCAGCCTGCTCATCATCGTGGGGGTGATGCTCGACACGCTGCAGCAGATCGAAAGCCATCTGCTGATGCGTCACTACGAGGGCTTCATGAAAGGCTCGCGCGTGCGGGGACGACGGTTCTAAACGCCCGGTTATGATCCATATCAAAACCGAAAAAGAAATCGACATCCTGCGTCAGTGCGCCGAGCTGGTGGGACGCACGCTGGGGGAGGTGGCGCGCTACATCCGACCGGGTGTGGCCACGGCCGAGCTGGACGCCATCGCCGAAGATTTCATCCGGACGCAGGGTGCTGAACCGGCCTTCAAAGGCTACCGGGTGGGCCGGCTGGTCTATCCGGCCACGCTGTGCGTGTCGGTAAACGACCAGGTGGTGCACGGCATCCCGGGCGACTATAAGCTCAAAGAAGGGGATCTGGTGTCGGTGGATTGCGGGGTGCGGTATCGTGGCTTCTATGGCGACAGCGCCTACACCTTCGGGGTGGGCGAGCTGGACCCGGAGAACGTCCGTCTCTGCCGGGTTACCTACGAGGCGCTCGACAAAGGCATTGCGCAGGCGGTGGCCGGCAAACGCATCGGCGACATCAGCCACGCGATTCAGCGGCATTGCGAGGCGGCGGGCTATGGCGTGGTGCGGGCGCTGGTGGGGCACGGCATCGGCCGCCGTCTGCACGAAGAGCCGCAGGTGCCCAACGTGGGGCGGCCGGGTACAGGCCGACGGCTCCGTGTGGGGATGACGCTCTGCGTGGAACCCATGGTCAATCGCGGAACGTATGAGGTGCGCGTCGGCGACGACGGATGGACCGTCTACACGGCCGACGGGCAGCCCTCGGCCCACTACGAACACATGGTCGTGGTACGGGCCGGGCGGCCGGAAGTGCTGACGACGTTTGCCTACATCGAAGAGGTAGTCGAAGCGCCCTACAAACAGACCATCGCATCCCCACATGGCGAAACAGAAACCCATTACACAGGACGGTGAAGTGATCGAGGCGCTGCCCAATGCCCAGTTTCGCGTGCGGCTGGACAACGGCCACGAGATCCTGGGCATTCTTTCGGGCAAGATGCGCATGCACTACATCAAGATTCTGCCGGGCGACCGCGTCAAAGTCGAACTGTCGCCCTACGACCTGACCAAAGGACGCATCGTGTATCGTTATAAATAAAGGTTCACGAACCCGGCGTCGGCTGGGGCGTTTACGCACCCTTGCCTGATGACGCCGGGGTTTCAGCTAAAACGAAAAGCATCATGAAGGTACGTGCCAGTGTCAAGAAGCGGAGCGCCGACGACAAGATCGTCCGGCGCAAGGGCCGCATCTACGTGATCAACAAGAAGAACCCCCGCAACAAGCAGCGTCAGGGCTGAGCGGGTTAAACCAGAGAAGCTATGCCACGGATCGCAGGTGTCGACATTCCGCTGCACAAGCGCGGAGAAATTGCGCTGACCGCGATTTACGGAATCGGGAAGTCCCGGGCGAAAGAGATCCTCAGTCGCGTTGGCCTGGATCCCAACACGCGTCCGAAGGACTGGACCGAGGAGCAGACGCGCGAGATCCGTCGGATCATCGAACAGGAGTACGTCGTCGAGGGACAGCTCCGGGCCGAGATCCAGATGAACATCAAGCGGCTGATGGACATCGGCTGCTATCGTGGGATCCGGCATCGTCTGGGGTTGCCCGTGCGGGGTCAGCGCACGCGCACCAATGCCCGTACGCGCAAGGGGCCCCGTAAGACGGTGGCCGGGAAGAAGAAGGCTCCGAAGAAGTAATCCTGCAGCACAGCCATGGCAAAGAAGCAGCGGACGACGCGCAAGAAGAACGTCATCGTCGAGCAGAACGGGCAGGCGCACATTCAGTCCACGTTCAACAATACGATCGTCACGATCACGGACCAGTACGGCAACACGATCGCCTGGTCCAGTGGTGGCAAGGAAGGCTTCAAGGGCAGCCGGAAGGGCACGCCCTATGCGGCGCAGATGGCCGCCACGTCGGCCGCCCGCGAAGCCTACGATCTGGGGTTGCGCCGGGTGGACGTCTTCGTCAAGGGACCCGGATCGGGGCGCGAGTCGGCCATTCGTGCGCTGGCCGCGGCCGGTCTGGAGCTGCTGAGCATCCGGGACGTCACTCCGGTACCGCACAACGGCTGCCGGCCTCCGAAGCGGCGGCGCGTCTGAGCGACCGCGTTTCGGTATAAGCCCGGTCACGGTAGCCAGCAACGGGGCTGCCGTGCGTTTGTCTTTATCAGAAACATCCCTCACCGACAAACGAGACCTGAACGACCATGGCCCGATATCGAGGCCCCAAACAGAAGATTGCCCGGCGTTTTGGCGAACCGATTTTCGGTCCGAGCAAGGCGCTGGAGCGCAAGCCGTATCCGCCCGGCCAGCACGGACGTACCCGCCGGGCCAAAGAGAGCGAATATGCCGTCCAGCTC
NZ_AP019796.1_gap36	1013684	1015556	1872	TTCCCCGTCCCGGTCGCTATCGCGTCCTGTTCAGCTTTGTGGGGTATCAGCCGGAAACACGCGAGGTCGTGCTCTCCGAAGCGGCGTCAGTTCGTCTGGACGTGACGCTAACGCCTACCTCCGTTGAGGCGCCCGCCGTCACCATTACGGCCAAGGCGCAGGCTACCGATGTGCTTTCGACGCCGCAGGCGGTGGTCGTGCTTGAAGGCGATGCGTTGCGGCTGGCGCGCGGCATGACGGCCGTCGATGCGCTGGCGCAGACGCCGGGCGTGCATCTGGTGCATACGGGCACCGGCATTGCCAAGCCGATGATCCGGGGCCTGACGGCGCAGCGTGTGCTGGTAGTGCAGGATGGCGTCCGGCAGGAAGGCCAGCAGTGGGGCGACGAGCACGGCGTGGAAATCGACGCCCACGCGGCCGAGCGTATCGAGGTGGTCAAGGGCCCGGCCAGCCTGCTCTACGGCTCCGACGCGCTGGGCGGGGTCGTGCAACTGGCCACCGAAGGGCCATTCGGCTACGACCGGCCGCTCACCGGAGCGGTCACGATCGAGGGCGCCAGCAACACGCGCATGGGCGGGATGCATGTCGAAACGGGAGGCCGCCAGGGCAACTGGGCCTATGCGGGTAATCTGACGCTCCGCCAGGCCGGCGCCTACGATACCCCCCGCGGACCGGTCCCCAACACCGGGCTGGAGGAACGCAACGGAATGCTCCAGCTCGGCTACGAAAACCACGCCGCGCGCTGGGAGCTGGCCTACAAGCGGTACCGCGCCCGCATCGGATTCTTCGAGCCGGAGGAAGACGAGGCGGCCACGGAAACGCCCGATCGCTACCATATCGGTGAACCCTACCAGCGGGTGGACCATGACCTGGTGCAGCTTCGCACGCTGTGGCGCCTGGGAGCTGATCGGCTGGAGCTGAACGCAGCCTGGCAGCAGAACCGGCGGCGGGAATTCGGGCATCATCACGACGCAGACGAGGAAGAGGTGCCCCACGTTGACGAGCACGAAGCCCCTTCGCTTTATCTACGGCTCAACACCCTGACATCTGACCTGCGCTTTCATCATCGGCCGATCGGCTCGCTGTTCGGCACGATCGGCCTGAGCGGCTTTTTCCAGCGCAACGAAACCCTGGCCGAGGAGGCGCTCATTCCCGGCGCGCGCACCTGGAACGGGGCCGTGTACGTGTTCGAGGAACTGGCGCTCCCGCGCCTGACCATCAGCGGCGGGGTGCGGTGGGACGGCCGGCGGCTTTCAGTAGAGGCCAACGAGGACCTTGGCGTGGTGGCTCAGACGCGCACCTACAGCGCCTTCAGCGGGGCGGTGGGACTGGCCTGGCAGGTGCGCCCGGATCTGTCGCTGGCCTTCAACGTGGGCCGTGCCTGGCGGGCCCCCACGCTCAACGAACTCTTTTCGCGGGGCGTGCACGAAGGGACCAGCCGCTTCGAGGTGGGCACGCCGACGCTCCGGCCCGAGCAGAGCCTGAGTCTGGACGGCACGCTGCGCTGGCTGCGCCCCCGCTGGTATCTGGAACTGAACGCCTTCGTCAACCGGATCGATCGCTTCATCTTCCCGCGGCCCACAGGCCAGCGTGATCCGGACTCGGGGCTTTTCATCTATCAGTTCGATCAGGCGCAGGCGCTGCTCTGGGGGGGCGAGCTGCTGCTGAACCTGGGGGTGACCGAGTGGCTGCACCTGCATGTGGGTGGCGACGTAACCTACACGGAGAACCGGGAAACCGGCCAGCCGCTGCCGTTTTCGCCGCCTCCGCGTCTGATCACCGGGATCGAGGTGCACCGGGAGCGCTGGGGGCCGGCCAGCGAGGTCATGCTCCGACTCGGCCCCACGCTGGTGGCCGACCAGCGACGCGTGG
NZ_AP019796.1_gap37	1039485	1044307	4822	ATGGGTTGCTATCGCTATTTGGTGTGATTGTTTGTTTTGCTTTTGCCAATATCAGGTATTCTGGTTCAGCCTTAAGAATGATGGTTGCTACATATGTGATGTTCTTTTTAATTATTGTGATTGGACTGTTGCATAGTTTTTTGGGATATTCTTTGAATTTTGCTTGGCTGCAAGGTCTACGTGTGGCTGAAATAAGATATCTGTTTGAGGATCCGGATCAAATAGGGACTCTTGCTTGGAGGATTGGTATGTATCACGAAACTGTTAATGAGATATTATCATCGACTCCTTGGTATATTGTATTTGGTCACGGGACGTCGAGTGGAGCGAATGTGGCTTTAAAGACGTTTCCTCTAAGATATGACCCGAATACAATCGACGCGAACAGAGTAATACATAATGAATTTCTACGGGCATGGTATGAGTGGGGTATTTTTGGATTAGGCTTGCTTTGTGTGTTTACGTTATTTCTTATAGTCGTGGCAATCCGTAAGGCTAAGAGAGGGGACTTCTTATTGCTGAGCGTGCTTCCAGTTATTATATTAAGCCTTACGATAGAAAACATCTTGGCCGGCTCAGGGAGTAGTTGGGCGACTGGGGTTCTCTTAGTTCTGAGCAGAATATACGAATACAAAAAACGGAATGGCGCTTATCAAGCGTGCGCGTTGGGCTCTTAGAAGCTTCTTGGGGCAATACCCCTGGCTTTACTTTCCCCTACTTCATCTGATCCGTTCGCCCCGCCGACATCTGCATGTCCGGCGAGATACTGAAATCGTTATTGAAGGCTATCCACGCTCGGCCAATACGTTTGCGGTGGCTGCATTTCAGTTTGCCCAGGGAAGGCCTGTGAAGATTGCCCGGCATTTGCACGCTCCGGCACAAATCATTCAAGCTGTGCACTGGAGGATTCCGACAATCGTGCTGATTCGTAACCCAGAAGATGCAGTCCTTTCTTTGTTAGTACGCGAACCCAGAATATCTGCCTGCCAGGCTTTGCTAGACTACGTGCGATTCTACAGGAAGATTCAGCCATACTATTCACACTTCATCTTGGCTACTTTCGAAGAAGTAACCAGTGACTTTGGGACCATTATTGAAAGGGTCAATAAGAAATTCAGAACAGCTTTTAAGCCGTTTGTATACAGCGACGAAAATGTGGCACAGGTAATGCAAATCGTTGAGGAAATGGATAAAGAGGATCAGCACAAGGCGAATGTTACCGAGACGACCGTAGCGCGTCCTTCGGAGATTAGGACCCAACTCAAGGAAAGGCGCCGAAAGGAACTAGAAAATCCATATATTATGAAATTGTTAGAAAAAGCGAGGGAGGTCTATCAAGAAATGATAGAAATGGGTAGTTAGATGTGTATTACCCCACTTGTCCGTAACCCTAACTCTATGAGGAAATACAGCTTAACATTCATAAGATTTACTTTCTCTTTCAAAAGCGATTCCGCCCTAAACGAATGGAATCATTTATTCACCTTTTTAAAGTAGACTCCACCACGAAGGTGCTGGATGTGGGCGGAACATTGCTGAACTGGTCTTTTGTGAAAGTGCAGCCACGTTTAACGATCCTTAACATCCATCCCCCGGGAGAGTCGGTGCCGCCACATGTGGAGTGGATTGTGGGGGATGCACGCTCTATGCCGTTTAAAGACCAATCTTTCGATGTTGTGTTTTCAAATTCTGTTATTGAGCATGTGGGGGACTGGGAAGATCAAAAGGCTTTTGCCCGAGAAATTCGACGGGTTGGGAAACGCTATTTTGTCCAAACACCCAATTACTATTTCCCGGTAGAGCCACACTTTATAACTCCTTTCATTCACTGGTTACCACACGATATAGGCAGACGAGTCGTTAGGTTAACGATACGCAATCTTCTCACACGAGACGTGCAAAATTCGATGGAACTTTATGAGGAGGTTCGCCTGTTGAAGCCGAAGGAAATGCGGGATTTGTTTCCTGAGGCAGAGATAGTTTTTGAAAGATTTCTTGGATTGCCTAAGTCCATACTTGCTATAAAGAAATGATGCCGATTCGGGTTCTTATTGTCCATAATTACTATACTCAACCCGGCGGTGAGGACGCTGTCTTCGAGGCAGAGAAGACCCTGCTGGAGCGGATGGGCCACGAGGTCATCCCTTTTGTGGAGGACAACGCGCGGCTCAACGGGGTGAACCCACTCCGGGCTGCGGTGAATGCCGTTTGGTCTAGGGAATCGCAGGAGAGGATTCGGCAGTTCATCCGGGAGAGGAAGCCCGACGTGGCCCACTTCCACAACACTTTTTTGATGATCTCCCCGGCGGCCTACTACGCCTGCAAGGAGGAAGGGATGCCGGTGGTGCAGACCTTGCACAACTACCGCCTCATCTGCCCCGGGGCGCTCCTCATGCGGGAGGGGCGAGTCTGCGAGGAATGCGTAGGCCGGGCGGTGCCCTGGCCCGGCGTGCTGCACGGCTGCTGGCGGGGCTCACGCCTTCAGACCTCGGTAGTGGCCGCCATGCTCACCCTCCACCGGGCCATGAAGACCTGGACCGAGCAGGTGGACTGCTACATCGCCCTCACCGAGTTCGCCCGGCGGAAGTTTATTGAAGGGGGGCTGCCGGCAGAGAAGATCGTGGTCAAGCCCAACTTCGTGGATCCGGACCCGGGAATGGGCAAGCATGAGGGTAATTTCGCCCTCTTCGTGGGGCGGCTCTCGCCGGAAAAGGGAGTGCGCACGATCCTTCAGGCCTGGCGGTTGCTCGAAGGCGTGCCTCTCAAGGTGGTGGGGGATGGGCCACTGCGGGCGGAGATTGAAGCGTTCGTGAGGCGGGAGGGGCTTGAGCAGGTGGAGGTGCTGGGCCGCAGGCCGCGGGAAGAGGTCTTTCGCCTGATGCAGGAGGCGCGGGTGCTGGTCTTTCCGTCGGAGTGGTACGAGGGTTTCCCCATGACGATCGCGGAAGCCTTCGCCTGCGGGCTGCCCGTCATCGCTTCACGGCTGGGGGCGATAGCCGAGATCGTGGAGGAGGGGCGGACGGGGCTCCTCTTCAATCCCGGCAGCCCCGAGGACTTGGCGGCCAAGGTGGAGTGGGCCTGGGCGCATCCCCGGGAGCTGGCGGAGATGGGCCGGGAGGCCCGGCGGGAGTACGAGCAGAAGTATACGGCCGAGAAAAACTACGAAATGCTGATGGCCATCTATGAGAGGGCACGAAACAGCGGCTGAGCGGCTGATGCTACCTACCATTGATGTCCTGGGTATTCCCCTTTTTGCCCGGGATATCCCCGCGGCGGTTGAGCTGGTGCTCCGGTCGTGCCTGCAGGGAGAAGAGTCGGAGCCCCGGTGTATCAGTGCTACGGGGGCGCATGGACTGGTAACGGCGCAGCGCGATCCGGAATTTCGGGATGTCCTTCGGCGGTTTTTTCTGAATCTTCCGGATGGCAAACCGGCCGTATGGGTCGGCCGCTTGAAAGGAGCACGTGCCATGCGCCGCTGCTATGGGCCGGACTTTTTTGCCGCGCTGGTGAGCGCTTCGGCTACTATGCCAATTCGACATTACTTCTGTGGTGGAAAACCTGGCGTGGCTGAACGGCTCAAGGCGGTGGTCGCGGAGAAGTTCGGTAACAGACAGGTGGTGGGCACGTATGCGCCACCGTTTCGACCCCTGACAGAAGAGGAGTTCCAAGCGCTGGCGGCCGATATCGACGCGCGGGGAGCCGATATCGTCTGGATTGGCATCAGCACGCCCAAGCAGGAACGCTTTGCCGCCACCCTGGCACAATATACCCGTCGAGCAAGGTACATCATTACCGTGGGCGCTGCATTCGATTTCCACATTGGCGCTGTGCGACAGGCCCCGAAGTGGATGCAGGAAGCGGGGCTGGAGTGGCTCTTTCGATTACTCATGGAACCTCGGCGACTCTGGCGGCGCTATGTTGATATTGTGCCTGCCTTTCTGTATTATAACCTGAAGGAATACTTCTTGCACCTGTTATCACAGAAAGCTTCTCACGTAACCAACCTGAAATAACCATGGCGCAGAAAACCGCAATCGTCTGTGGTGCTGGAGGATTTATCGGTGGACATCTGGTAAACCGACTCAAAGACGAAGGCTACTGGGTTCGCGGGGTGGATCTGAAGGAGAACGAGTGGGGCAACATGAACGCCGACGATTTCGTCCTTGGGGACCTGCGGGATCCGCAGGTATGTGCCCGGCTGTTCGATCGTCCTATCGACGAGGTCTACCAGCTGGCGGCCGATATGGGCGGGGCCGGCTATATCTTCACCGGCGAGCATGATGCCGACGTCATGCACAACTCGGCGCTGATCAACCTGAACATGGCCAAATTGTGTGTGGAGCACAAGGTCAAGAAGGTTTTTTATTCTTCCTCCGCCTGCATCTATCCGGCCTATAACCAGCAGGATCCCAACAATCCCAAGTGCTCGGAAGATTCGGCCTATCCGGCTATGCCGGATAGCGAGTACGGGTGGGAAAAACTGTTCAGCGAGCGACTCTATCTGGCTTTTATGCGCAACTACGGATTGAACGTGCGCATTGCCCGTCTGCATAATATCTTCGGACCCCAGGGGACCTGGCGTGGGGGACGAGAGAAAGCTCCGGCAGCGATCTGTCGCAAAGTGGCCATGGCGAAAGACGGGGACGAAATCGAAATCTGGGGCGATGGCAATCAGACCCGCTCGTTTCTGTACATCGACGAGTGCATCGAGGGGATTCGTCGACTCATGGAGTCAGACTTTCCCGGCCCGGTCAACATTGGCTCCGAAGAAATGGTGACCATCAATCAGCTCGTCGACATGGTCTGCGAGATTGCGGGCAAG
NZ_AP019796.1_gap38	1045742	1046769	1027	ATCGCTTGCGCTTCGTGCTTGACCACAAGCGTGTTGAATTCAGAGGAGGCAGCCCGGTGTGGAACATCCTTCCGGGAAAACACGGTTGCCTGTCTGGGCAGCAAGTCTCGTTTGAAAAAGACGCAAATCCTTGGATGATCTTACGCAGGCTAACCTTTGGCCTTCTTTTTGTTTAGCAGCCAGACGGTCTGCACGTCGGGAGCCGTTCCGATGAGGTGTGCAGGTTACGTGTAGGGGGGACCGGTGTCTGATAGGGTATAAAAAGCGTCAAAACGCATGCGCTGCTTGTAACAAACGCGAGGAATGTTGTATGTTGCCTCCCGACGCATCCGGAAACGCTGACCGAGATATGAATCGGTTGCGTGCCATCGCTGCGGAAGGTGAAGCGCCTGCCCACAACCCTGTTTCTATGACGATAACGGATACGACGGCTTATCAATTCGTTCACGTTGGTCCCCGGAATCGCCTGCTCTATCATCGCCGCCGCGTGCAGGACGCGGCCGTGCTGGCGCTTGCCGAAGGCCTGGCGTTGCTGGTGGCGCTGGCGCTGGCCAATCGCCTCGACCTCTGGCTGACCGGGGCCGCCTCATGGCCGACCTGGGCCTGGGGTATGCCGCTGCTCTGGTGGATGGTGGCCGTCTTCAGTCGCCTGCTCCCCGGCTGGGGGCTCGGCGCGGCCGAAGAACTGCGCCGCATCGTGATCGGGCTGATGTCCATCTTTGTCGGGGTGGCCGCCCTGCTGTTTCTGACGAAGCGGGCCTCCGGCGATGGGCGTTTTCTGCTGGCTACCGGCTGGGTGCTGGCCACGGGAGCCGTTCCGCTGGCTCGTCTGCTGGCTAAACGCTGGCTGATCCACAAAAAACGCTGGGGAGCACCCACCGTGATCTACGGCGCCAACGGGATCGTGGAGGAGGTGATCGAGGTGCTGCGCCAGGAAGCCGGGCTGGGATACCAGCCCATCGGTGTTTTTTACGCGGACGAATCCTGCATGGGCGATCGGATTGCCGACCTTCCCGTGATAGGGGGA
NZ_AP019796.1_gap39	1157573	1160552	2979	CACGTTCAAGCCACGGGAAGAGCTGGAACGCATCTATCTGCGGGAGAAAGGGCTGAAGCCCGACGATGAGGTGATCACCTATTGCCGGATCGGGGAGCGCTCGAGCCATACCTGGTTCGTGCTGAAGTACCTGCTCGGCTTCGAGCACGTCAAGAACTACGACGGCTCGTGGACCGAGTGGGGCAACCTGGTCGGCGTGCCCATCGAGAAGGGCGACCCTGAAGCGGCACAATCCTGAGCGCTATCCCGTTGAAAAAAAAGCCCTGCTCCAGCACTCTTTGGGGCAGGGCTTTTCTGTTGGAGCAAAAACCGTTGGTGACGCGTCTCTGTTGAAAAAACAAAAAAGCTTATGCGAAAGCTGGACGCCCTGCTCGAACTGTTTCAGGAGGCCGAGCCTGCCGAGCGGCTGGAGTTGTTGCTGGACTTTGCCGAGCGGCTGCCGCCGCTTCCGCCGGAGTACGTGCCGTTACGCGATGCCGGGCTGGGTATGGTGCACGAATGCCAGTCGCCGGTCTTCTTCCTGCCGGAGGTGCAGGACGGCCGCGTGCGCATCTATGCCGACGTGCCGCGCGAGGCGCCGACGCCCCGGGCTTTTACGGCAATGCTGGTCGAAGCCTTCGACGGCGAGCCGCCCGAGGTCGTGCTGGAGGCGCCCGAGGATCTGCTCTACCGGCTGGGCATCGCACCGCTGCTGGGCATGCAACGCCTGCGGGGATTGACCGCCATCTATCAGAAGCTCCGGCGCGAGGTGGCCGAAAAGGCCGGTCTCTCGGCTAATCCACGGTGAGCAGGGCCAGCAGTTCGGCCAGCATCATGGCCGTGGCACCCCAGATGCGATAGGAGCCTATCTCGAAAAAAGGCACCATTACGTCCCGTCCGCGAATCGTCCAGCGCTCCCGGCGCCGGCTGGCCGGGTCCAGCAATGCGGCCAGCGGCACGCGCAGCACGGCTTCCACCTCTTCGGGGCAGGGGTGCAGCTCTGGCAGTGGCGCAATGGCGCCGACGAACGGATGCACGCAGAAGTTGGAGACCGGTATGTAGAGCGGCGTCAGGGCACCCAGCAGTTCGATCTGCTCGGGCGGCAGGCCCAGCTCTTCGTGGGCTTCGCGGAGGGTTGTCTCCTGAAGGGTTTCGCCCGGCTCGCGTCGTCCGCCCGGAAAGCCGATCTGACCGCCGTGTTCTTTCAGATGGGAGGGACGCGCGACCAGCAGCAGGTGCGGGCGTTCCTGCTCGGGAAACAGCAGCGCCAGCACGCCGGCCTCCCGACAGGGCTTCCCCTCGATGCGAAGCTGCTCGGGCGTCTGCCGGTACTCCGGCGCCATCTGAAGCTGGGCGGTGGTCCCGGGCAGGGGGCCGGCCAGCCGTCGGCGCAGCAGGGCAATGCACTCGGCGAACGTCGGCGTACGCATACCGCCAGCGTACGCCGGGGATGCTCAGGGGATTCCGGCGGGTTCGAACCGGTAGTCGCGATAGAAAAGCTCCTGCGTGATCAGCAGCGTGTAGCGACGCATGCGCCGGCGCACGGGATGCAGCCAGGTGAGCTGGCGGTGCACGGGCAGATCGCGGCCTTCGATGCGCGCGAAGCGGGTCTGGAGCCGGGCCGGGACGGACATCCGGGGGCCACGCAGCAGCAGCCGACTCTGCACCAGGCGGCCGTCGTCGCGGGCAAACCAGAGCGTGATGCGCTCGACGGGCGGGCGGCCGGGCGGTTGCAGGTCGAGGCGCCAGCAGGCCACCCGATCGACCGAGTCGGCAACGGCCGGCCCCCACGGACGCAGCCCGGCCAGCAGACGAAACGGTGGCCAGCGGTCCAGCAACGGCTCCAGCCAGCGCGGCTTTGGGCGCACCATCCGCGGGAAAGCTTCGGTCGGCATGGCCCGACCGTCCACCTCCAGCAACCGGACCCGGCGCTCCATGCGTTCCGGTGTAATGTGCGCTTCGACGATGAAACGCACGCGGCGCACGCCATACGGAGCGTCGATGACGTGATGCCCTTCCACCTCGACGGAAAGTTGCTCCCAGTCCCGCCAGGCCGCACGCTGCCCGCGCAACCAGGCCGCCCACAGCGTGTCGGCGGCCTGCGCCGCGACGCACGTCGTGGTCAGCAGGAAAAACGTAACGAGATGGAGCACGTAACGCATCGCGGTCCGGTCGCTTCCCACGGTATTCAATGCCGGTGAGCGCTTCGAGATATGGCAGAACTGTGACAAAAGTTCGGCTTCTTTGCAGCGGTGGGACCTTTTGCCGGGGCGATTGCGGTTTTTTAGGCAGGAAAGCAGCCGGTAAAGCAAAATGAGCGCGCGCATTCTGATCGTCGAAGACGATGCGCCGCTGCGGGCGCTGCTGCAGGAGCGACTGGCGGCCGAGGGCTATACGGTCGAGGCCGTTGCCACGGGTGAGGAGGCGCTGCAGGCGCTGGAAGCACGGCCGCCGGACCTGGTGGTACTGGACCTGATGCTGCCGGGTATGGACGGGCTGGAGGTGTGTCGCCGGTTGCGGGCGCGCCATCCGGCCGTGTACGTGCTGATGCTCACGGCGCGCTCGAGCGAGCTGGATCGCGTGGTCGGGCTGGAAGTCGGGGCCGACGATTACGTGACCAAGCCGTTCAGCCTGAACGAACTGGTGGCGCGCGTGCGGGCCGGATTGCGTCGGCTGCAACTGGATCGGGAGACGGCCGAAGAAGCGCCGCTGGAGTTCGACGGACTGCGCATCGATCCGGTGCGACGGCAGGTCTGGCGCGACGGACAGCCCGTACACCTGACCGTCCGGGAGTTCGAGCTGCTGCTGTTTCTGGCCCGGCATCCGGATCGGCCGTTCACCCGGCTGCAACTGCTCCGCGAGGTCTGGGGCATCGACTATCCCGGCTATGCGCGGACGGTCGATTCGCACATCCAGCGACTTCGGGCCAAGATCGAGCCCACCCCGGGCGCGCCGCGTTACATCCGAACGGTCTGGGGCGTCGGCTACAAGTTTCAATCG
NZ_AP019796.1_gap40	1162020	1164543	2523	CTGAACAAAAAACGGGGCTACCGGACATCCGGTAGCCCCGCCCTGCCGAAACCTCCACGCCTTAGCTGATCTCGATCCGACGCGCCTTGCTGCCTTCGGCCTTGGGCACGCGGATCGTCAGCACGCCATTCTCGTACTTGGCTTCGATGTTCTTTTCATCGACCGCCTTCGGGAGCGTGAAGCTCCGATAGAAGCGGCCGTAGCTCCGCTCGACCCGGATGTAGTTCGGCTTCTCTTCCTTGGTCTCCGACTTCCGCTCACCGCTGACCGTGAGCGTGCCGTCGTGGTAGGTCACCGACAGCTCGTCCTTGTTCATGCCGGGCACGTCGAGCTGGATCAGGTAGGCATCGTCCGTTTCGGCCAGGTCGGCCCGCGGCACCCAGGTCACCGGCGCCGCCTCTTCGGCCGCTTCCACTTCACGCCCGAAGAACGTATCGAACAGGCGGTCCATCTCACGCTGCAGCCGACGCAGCTCCGTCATCGGCGAAAAGCGAACCAGGCTCGTCATGGCTCCCTCCTCCGTTTGGTTGTCGTTTTCTTTCGAAGGCACCCTGCTATTTATCAACGGCCATGCCATGGCGGAAAATGCGTCAGATTGACACACGCGGACGTAAAAAAGACAAATTCTCGGGGCATCCGCGTCGGTCTTTCTGTCGAAAGAACCGCTTTCTCAAAAATGGGAGAATACCGACGAGCGGTTGTGCCGGAGCCATTCTGTCGTTAATTTCCTCTTTTAGATGAAAAGCCATTAAGGCGCCGAGGTGATCTTCTGTCAACTGTAAAGCCGAGGGCAACATGAACACGATGCAACCTGCCTGGAAGCGTTCGCTCGGGGGGCTGCTGGCGATCGGACTGTTTCTGGTGCTGGCCGGTCCCGGTGGTTGCTCCAGCGATCCGAACATCGAAGGGGCCAAGCTGGACCTCCGCAACAAAGACTACGCGCGGGCGCTGGAGAACGTCGAAAAGGCACTGCAGCGCAATCCACAGAATGCCGAAGCCTACGAACTGAAGGGCCGCATCATCCTGGACATTCTGGCCAACCAGCAGAACCTCGATCCTGAGACGCGTCAGGATACGGTGCGGGCCATGGTAGCGGCCTTTCAGAAAGCCGTGGAACTGGACCCCAAGCTCCAGGAGAGCGTGCTCAATCAGTTGCGCTTTGCCTACGTGCGGGAGTTCCAGAACGGCGTGAATGCCTTCAACCGGGGGCGGGAAGACTCGACCTACTACCTGCACGCCGCCTCCTACTTCGAGAACGCCACGATTATCCAGCCCGACTCGGCCGGTGCCTACGTGAACCAGGCGTTCTCGTTATTGAATGCCGGCCGTCAGGCCGAGGCGATTCCGCCGCTGGAGACGGCCATCGCCAAAGGCGAAAACTCGAAGGATACCTATCTGATTCTGGCCGACCTGTACCGGCTCCAGCAGCAGCCGGAAAAGGCACTGGAGGTGCTGGAAAAGGCCCGTGAGCTGTACCCGGACGATCCCGAGGTGCAGTCCCAGCTCCTCAACGCCTATGTGCAGGCCGGCAAGGTAGAGGAGGCGATGAACGTCTATAAAGAGGCCGTGGAGAAGGAGCCGGACAACAAGCTTTATCGCTACAATTACGGCTCGCTGCTGCTGGAGGCCGGCCGTTACGATGAGGCTATCGAGCACCTGAAGAAGGCTACCGAGCTGGATCCAGAGTATGCCAACGCCTTCTACAACCTGGGGGCGGCCTATATCAACAAGGCAGTGGACGTGAACGACCGGGCCATCGCGCTGGACGATAGTCTGCGCGCAAATCGGAGCAAGCTTTCCAGAGAGCAGCAGCAACAACTGGAGGGGGAAATTGCCCGGCTCGTTGAAGAGCGTCGGCAACTCTTTACACAGGCGATTCCGCCGCTGGAGCGGGCGCGCGCGCTGATGGAAGTGCGTGGCGAGAACGTGCAGCCGATCTGCCGGGCACTCTTCCAGGCCTACGTGCAGACCGACCAGACCGAAAAGGCCAAGGAAGTCGAAGCCTGCGCCGGGCTGAACGACAACTGACCGGTTAGATTCCGCGCAAAACAGAAAGCCCGAACCGACACGGTTCGGGCTTTTTTATTGACAGGCGGGCCGGTTGTCAGTAGGCCAGCAGCGCCCGCGCCGCCCGCAGGATGTCTTCGTCCTGTGGCAGGACCGCTCGCTCCAGCGGATCGGCAAAGGGGATGGGCGTAAAGGCGCCGGCCACGCGCTGCACCGGCGCATCCAGGTACTCGAAGGCTTTGGCCGCAATCTGCGCGGCGATCTCGGCCCCGAAGCCGGCAAACTCGTGGTCTTCGTAGACCACCAGCACGCGGTTGGTCTTGCGGACCGAATCCAGGATCGTGTCGATGTCCAGCGGGATGATCGTGCGGATGTCGATGATTTCGATCGAGACGCCGTCTTCTTTAGCCAGCCGGCGGGCGACGCTGACCGACTTGTGCACCATCATCCCGTAGGTGACGATCGTCAGGTCGGTGCCTTCCTGAACGATTCGGGCCTTGCCGAAGGGCAGCAGGT
NZ_AP019796.1_gap41	1192358	1196179	3821	GGCAGCGTGGACGTCCCGTGCGCGTCCGCTTCTCGCTGCCCATCCGGTTCAAGCTGCAACCGGCCCAATAAAACAGCAAAACGAGGCGCTATGTGGCGCAATATACTGGTTCCCACGGATTTTTCCGGAGCCGCCCGCCAGGCACTGCAACTGGCCGTGCGGCTGGCGCCACCGGGCTGTACGGTGCACGTGATGCACGTGATCACGCCGACCGAAAGCGATCCGTACAGCCCGGTGCGGCTCCGGCCCGAAGGGCAGGCCCGCCAGCGACTGCCCGAAGAGGTGACCGACGAATTGCTGCAGCAACTTGTGCAGGACGTGGCCACCGACCATGTGGCCGTTGCGCGCGCCTGGCGGCGCGCTTCGGACGTGGTCGGAGCTATTCTGGATTATGCCGACACCGTGGAGGCCGAATTGATCGTGCTGGGCACGCATGGCCGCCGCGGACTGCAACGCTTTCTGCTGGGGAGCGTAGCCGAAGCCATCGTGCGCCGCGCTTCAGTACCCGTACTGACCGTGCGCGAGCACGCCCGCGTGCCGGAAGCCATCCAGCATATCCTGGTGCCCACGGACTTTTCCGAGGACGCCCGCATGGCACTCCGTGAGGCCGCCCGCTGGGCCGCCCACTTCCGGGCCCGGCTGACCCTCCTGCATGTACTGGCCCCGGCCGTCATTCCCGTCTCGGTGACCGAGATGGCCGCCGTCTATGAGGTCATGCCGGGGCTGCAGGAGCGCATTCAGGAAGAACTCACGCGCTGGATCGAAGCCGAAGTGCCCGAGACCGTGTCCTCTGACGTTCGCATCGAAGAAGGGCCGGTCGATCTGACCATCCTGGAGCAGGCCCGACAGGAACAGGCCGATCTGATCGTGATGGCCACCCACGGTCGCTCCGGCGTGGCCCGCTGGCTGCTGGGCAGCGTGACCGAACGCGTGCTGCGCCAGGCCCCCTGTCCGGTACTTACCCTCCGCCATCGCGAACTGCCTTCGGAGCCTTCTCTTCATTGAGTGAAAGCTGTGTAAGCAAATCCCCTACGACACCACCGGGGATTCCCCTACAAGGGCGTGCGTTTTCTTCCGGTATCTTTAGCCCTCTGTAAATCGATAACTTCCTTTCAGCCTGTGCAGCACAACGCCCGCCGGCATAATTCCGGCACCGTGACGCATGGAGGTGACGATTCGCAGCGATCCCAAAAGCAGCGAGGGCATGACGACGGCCTGGAAGGAAGATCCGTGGCAGGTGGCCGAGCACGACTTTCCCCGCTACGCCACGCCTGAAGCGCAATTGCGTTTTCTGCTGAACTATGCCGTGCTGGCCCCTTCGGTCCACAACACGCAACCCTGGCGCTTTCGGGTGGTGGGCAGCGAGGTGGAACTCTACGCCGACCGCACGCGCGCGCTGGCCGTGGCCGATCCCGAAGACCGTCAGCTCATCATGAGTTGCGGCGCGGCGCTGTTTCACCTGCAGGTGGCCATGCGTCATTTCGGCTACCAGCCTCAGGTGCGGCTGCTGCCGGACCCGGACGACCCCGACCTGCTGGCCTTCGTCCGACTGGGACCACCCGAGCCCGGCACCCTGCTGGACCATCGGCTGTTTCAGGCTATCAAAAAGCGCCATACGAACCGCCTGCCCTTCGAAAATCGCCCCGTCCCCGAGGCCGAACTGAGGGCGCTGGATCGGGCCGTCGAGCAGGAAGGAGCCCATCTGGTCGTGATTCGGCAAAAAGAAAAACGCTACGAGCTGGCCGAACTGATCACCGAAGCCGACCGCATCCAGACCGCCGACCCGCGCTTCCGGCGTGAACTGGCAGCCTGGACGCACCCCGCCCGCAACGAAAGCAAAGACGGATTGCCGCTGACCGCCCGGGGCCTGCAGGAGTGGCTGGGACCGGCCGGACCGCTCGTGCTGCGCACCTTCCTCTGGGCCCGGGGACAGGTGGCCCGCGATCGGCAGCTGGCCGAAGGCTCGCCCGTGCTGCTGGTGCTCCTGACCGAACGCGACGAGCCGCTGGTCTGGCTGCAGGCCGGACAGGCCCTGGACCGGCTGCTGCTCCAGGCGGCCGACTACGGCCTGTCGGCGTCTTTTCTGAATCAGCCCATCGAAGTACCGGAAATGCGCAAAAAACTTCGCGACTGGCTTGGCACCGAGGCCTGGCCACAGACCATCCTGCGCCTGGGCTATGGGCCGGCCGTGCCACCCACACCGCGCCGACCCGTGCACGAAGTGCTGCTCCAGAGCCGTTATCTCTGAAAAATCGGCAACAAAGCCCCGATCTCCGGGTACATGCCCCGGTAACCCTTCGATCAAACGCTACCCGGAAGATCGGGGATGGCCCGCACGGCAACAGGCACTGCTTCCGAGACGATCCGCACCGACGGCCGGCCGTCGGACCGCCTTGCGTTTGCCGTGCCGCAGGCGACCCGTCCCCGGCCTGTGCCGCCGGGCCGTCCACTGGACGATCCGCGCCTGTACTTCAACCGGGAGCTGAGCTGGATCGACTTCAACTGGCGCGTGCTCTTTCAGGCGCTCGATCCGCGCGTCCCCCTGCTGGAGCGCGTTCGCTTTCTGGCCATCACCTCGACCAACCTCGACGAGTTTTTCCGCAAGCGCTACGGTGGCCTCAAGCGCCAGGAAGCCGCCGGCGTGCGCCAGCTCTCGCCCGACGGCCGCACGCCCACCGAGCAGCTCCGCCTGATCCGGGAGGCGCTCCGGCCCATGTACGACTGCATGTACCGCCTCTGGCGCGAGGAGCTGCGGCCGGCCCTGGCCCGTGAAGCCGGCGTGCATGTGCTCGACTACGAGCAGCTCGACGAAGCGCAGCGGCGCTACCTGACCCGTTACTTCGAAGAACAGATCTTTCCGGTGCTGACGCCGCTGGCCGTCGATCCCGGCCATCCGTTTCCGCTCATTTCGAACCTGAGCCTGTCGCTGGCCGTGCTGCTGCGCCATCCGAAGCAGGGCACCGAGCATTTTGCCCGGGTCAAAGTGCCCACCGACCGCGGACGCTGGGTGCCGCTCGAAAAGCCGCTGCACTTCGTACCGCTCGAAGAAGTGGTGCGACACCACCTGCCCGAGGTATTCCGGGGTATGGAAGTGCAGGGCGCCTGGGCCTTCCGCATCACGCGCAACGCGGACGTCCGACGCGCTGAAGAGGAGGCCGAGGACCTGATCGCGATGATCGCCGAGGAGCTGCGCGAGCGGCGCTTTGCGCCCGTGGTGCGCATGGAAGCCGAGCACACCATGCCGGATCGGGTGCGGCAGCTCCTGATGGAGGAACTGGAGCTGGATCCGGAAGACCTGTTCGAGGTGGACGGTCCGATCGACCTGGGCGATTGCCAGGCGCTGGCCGAACTGGACCTTCCGGCCTTTCGCTACGAACCCTGGGAGCCCATCATTCCCCCGGCGCTCGTGCACGAAGGCGAAGCGCAGGATCGGGTGACCATTTTCGACATCCTGCGGCAGCGCGACGTGCTCGTGCATCATCCCTACGAGTCGTTTGCGGCCAGCGTGCAGCGCTTTCTCGAAGAAGCCGCCGACGATCCGCACGTGCTGGCCATCAAACAGACGCTCTATCGCACTTCCAGCGATTCGCCCATCATGAAGGCGCTCATGCGGGCGGCCGAGCACGGCAAGCAGGTGGCCGTGCTCGTCGAGGTCAAGGCCCGCTTCGACGAAGCGAACAACATCGAATGGGGTCAGCAGCTTGAGCGGGCCGGCGTGCACGTCACCTACGGGCTCGTCGGGTTGAAGACGCACGCCAAGGTGACGCTGGTGGTGCGCGAGGAAAACGGCCGGCTGCGCACCTACGGCCACATCGGCACGG
NZ_AP019796.1_gap42	1198279	1199586	1307	GAGTACGAGGAGACGCTGGATCTGCCGGCCGGCCGCCGTACCTGGCTGACGCAGCTTGTGCCCGTTCCCGATCCGGACGGCCGCATTCGGCTCATCGCTGGCATCGCCCGCGACATCACCGAGCTGCGGCGGTTGCAGGCGCTGCTGGAGGAGGAGGGGCTGTTTCTGGAACAGCTCGTCTCCGGTGCCTCCCGTAAGAGGCTCTGTGAGCGGCTCTGCCGGGTGGCCGAGCGCTTCATTGAGGGTGCCCGCGCTTCGGTCTGGATGTACGACGAAGGGCGGCTCCACCTGTGCGCCGCACCGGAGCTTCCTGAATCGTTTTGGGCACTCTTCGACGGCCAGCTCATCGGCTCCAACCAGGGATCGCTGGGCGCGGCCGCCTTCAGCCGTCGGCCGGTCTGGGTTGCCGACATTGAAAACGATCCGCGCTGGGGAGCCTTTCGGGAGCAGGCGCTGGCGCAGGGCCTTCGTGCCTGCTGGGCCGTGCCCTTCTTCGGGCGCAAGGGTGAGCTGCTGGGCGTGCTGGGTCTTTGCTTCGACCGGGTGCGCAGTCCCTCGCCTGATGAGCAGGCCGTCGTGGCCCGGCTGGCCCACCTGGCCGGCGTGGGCATGGCCAAGGTAAAGCTCCAGGAAGAACGGGAGCGGCTGGCCCGCGTGGTGGCACAGATCACCGAAGGCGTGGCCCTCACCGACACGATGGGCAACGTGGTGTGGGTCAACGAGGCCTTCACGCGCCTGACCGGCTACCGACCCGACGAGGTGCTGAGGAAGAATATCGAGCACCTGCTGCACGGCCCGGAAACCGACCGCGACACGCTCCGGCGTATGCGGCTGCGCCTGCTGCGCGGACGGCCGGCACGTGCCCGGCTGTATCACTACCGCAAAGATGGCTCGGGCTTCTGGGACGAGGTGCACATCGACCTGCTCTATGATGAACACGGGCAGCACATCGGCTACATCGGCCTGATGGCCGACGTGACGGAACTGGTGGAAGCCGAGCGGCAACTGAAGGAAGCCAAAGAACGCGCTGAAGAGGCCAGCCGTCTGAAATCGGCCTTTCTGGCCAACATGAGCCACGAGATCCGCACGCCGATCACCGCCATTCTGGGCTTTGCTGAGCTGCTTGACGAAGAGCTGGAGGCCCGCCAGCAGGAAGACCTGCGCGAATTTACGAACATTATTGACCGCTCGGCGCGGCGGCTACTGATGCTGCTCAACGACATCCTGGACCTGAGCAAGATCGAAGCCAACCGACTGGAGCTCAAGCTGCACCCCACCGATGTGGTGGACGTGGCCCGTCAGGCCGT
NZ_AP019796.1_gap43	1311573	1312523	950	CGCGTGCGCGACGGCCTGCTGGGCGAGACGGTGCCGCGTGCCGGCCTCTACCGGATGCAGACGCCGCAGGGATTCCGGCGCGACTGGCTGGAAGCCGCCCACCGGCAACCCGGCGAAGCCGCCGCCACCGACGATGTCGAACTGGTGCAGCGGCTGGGCTACCCGGTCGCGTGTGTGCCCGGTAGCAGCTTCAACTTCAAGATCACCACGGCCGAGGACTGGGAGCTGGCCCAGATGCTCTGGCCGCAGTGGGAAACACGCCTGCGCCAAAAGCTGACCGAGAACGCATGACGGCTTTTCGCATCGGCTTCGGCTACGACGTACATCGACTGGTCCCGGGGCGTCCGCTCATCCTGGGCGGCGTACGCATCCCCTCGGAGCGGGGGCTGGCCGGCCACTCCGACGCCGACGTGCTGCTGCATGCCATCGCCGACGCCCTGCTGGGAGCCGCCGCATTGGGCGACATCGGCCAGCACTTCCCGGACACCGATCCGCGCTGGAAGGATGCCGACAGCCTGGAGCTGCTTCGTCAGGTGTATCATCAGGTCGTTGCGGCCGGCTACGAAGTGGCCAACGTCGATAGTACCGTCGTACTGGAGCGCCCCCGTCTTCGGCCTTATATCGATACGATGCGCGCTAATATTGCCCGCGTGCTGGCCCTTCCGGCCGAAGCCGTCTCGGTCAAGGCCACGACCAGCGAGGGTATGGGCTTTGTCGGGATCGGCGAGGGGGCCGTGGCGTTTGCTGTCTGTCTGCTTCGCCCACGCACCGTTGAATCATAAGCGCACATGGACTGGCTGGCCGATCTGACGCAGTGGGCGCTACAGGTGCCGCCGTTCTGGGTATATGTGGCGCTGCTGGTGATCGCCTACGGCGAAAACGTGGTGCCGCCCATTCCCGGCGATCTGTTCGTCGTGTTCTGTGGCTACCTGGCGGGGCGGGGCACGCTG
NZ_AP019796.1_gap44	1330667	1335144	4477	CGCTGGCCCGCGCCGCCCAGGTGTTCGACGAGGCGTCGTATGCCGAAGCGGCCCGGTCGGCCGCCGACTTCCTGCTGCGCACGATGCACACGCCCGAAGGCCGCCTGTGGCATCGCTACCGGGAGGGCGAGGCGGGCATTCCGGGCATGCTCGACGACTATGCCTTTCTGACCTGGGGACTGCTGGATCTGTACGAGACCACGTTTGAAACGTCCTACCTGGAGACAGCGCTGGCGCTGACCGAGCAGATGCTGGCCCATTTCTGGGATCAGCGCGGTGCATTTTACATGACGCCCGACGACGGCGAACCGCTGATCGTACGTCCCCGGGAGACGCTGGACAATGCGTTGCCGTCGGGCAATGCCGTGGCGCTGATGAACCTGGTGCGGCTGGGACACATGACCGGACGGACGGCCTACGAAGAGCACGCCGACGCGATGATTCGCTTTTTCTCGGGGCCGGTCAAGCAGCAACCGCCCATCTTCACGGGCATGCTGATCGCCATCGACCTGGCCTTCGGGCCCATTTACGAGTTGGTGCTGGCCGGCGAACCGGACGACCCGACGCTCCGGGAGATGCTGCGCACGATTCACCGACGCTATCTGCCCCGCAAGGTGCTGCTGCTGCGTCGGCCCGGTGCGGCCGGCGAGCGACTCGTTCGGCTGGCGCCGTTCGTGGCCGCTCAGGTGCCGCTTGACGGCCGGGCCACCGCCTATGTATGCCACGACTACCGCTGCGAGCAGCCCGTCACCGATCCGGAGGCGCTGGCTCGCCAGCTCGACGCGCTGCAGACCACCCAGCCGGCCTGAAAAATGGCGGGGGCCGGCTCCGTCCGATGCGGAACCGGCCCCCGCTTCTGGCAAAACCGATCGGTCAGGCTTCGACGGGATCGACGTGCACAAAGCGCCGATCGCCACGGCCGCGGGAGAAACGCACCACACCGTCGACTTTGGCAAACAGCGTGTCGTCGCCCCCGCGTCCTACGTTCAGACCCGGATGGAACTTGGTCCCGCGCTGGCGGACCAGAATGCTACCGGCCGTGACGAACTGTCCCCCGAAGACCTTGACACCCAGCATCTTCGGGTTGGAGTCCCGGCCGTTCCGGGTCGATCCCATTCCTTTCTTATGCGCCATAACACCCTCGCTGGTTGGCCGTTAGACGAAAACTTCAGGCAGTGGCTGCTTCGACGGCAAGCGGCTGCGCATTTTCGGGCAGCGTCAGCGCTTCGATCAGCACCTTCGTATAACGCTGGCGATGCCCGCGCTTGACCTTGTACCGCTTACGCCGCTTTTTCTTGAACACAAGGACTTTGTCGGCCTTGACGTGTTCCAGCACACGGGCTTTGACGGCGGCCCCTGCCACGACGGGGCGACCCAGATACACCTGATCGCCGTCAACCACCAGCAACACACGGTCGAAAACCAGTTCGTCGCCCGGCTGGGCCTGCTCGTGATACGGAATGTAGAGGTAACGACCTTTCTCTACGCGAAACTGCTTTCCGGCGATGTCAGCAATGGCATACATGGCTTCCCTCTGCTTTGGGGCGCCGGGTTGGGTACCGACGCGAGAGTTCACGGTTTGTTCGGGAAAAAAGTCGTAGCTTCCAAAGTTACGACGCTTCAACGTTCAATGCCAACCAGAGTTGTTAAACGCTGATGGAGATTGTACTTCCCGGTTCGGAGCTGCGCATCGTGCCCCGCAAGATCATCTGCGTGGGCCAGAACTACGCCCGGCATGCAGCTGAGATGAACAGTACGGTGCCCGAAGAACCCATTCTGTTTCTGAAACCACCGACGGCACTGATCGGTCCGGGCGAGACCGTGTTGCTACCGCCTCAGTCGCGCGAGGTGCATCACGAAGTGGAACTGGTCGCGGTAATCGGTCGCGAGGGGAAGCACATTCCGGAAAGTGAGGCGCTTGACTACGTGGCGGGCTATGCGCTGGGGCTCGACATGACGGCCCGCGACCTGCAGCAACAGGCCCGGGAGAAAGGCTATCCCTGGACGGTGGCCAAGGGGTTCGACACGTTCGCGCCGCTGGGGCCCATCGTGCCGGCGACGGCCGTGCCCGACCCGCAACGGGTGCAGCTCCGGCTCCGGGTCAACGGCACGGTGCGCCAGGATGGCAATACGGTCGATATGGTGTTTTCCGTGGCCCGGCTGATCGCCTACTGCTCGGAGATCTTCACGCTGCAGCCCGGCGATCTGCTCTTTACGGGCACGCCCGAAGGGGTCGGACCGGTGCAGGACGGCGACGTGCTGGTGGCCGAAAGCGACGTGCTCCCGGTCTTCCAGGTAAACGTGCGACGGGCTTGATTTCGCCAGACCTGCTTGCTGAAAACGGCGGCGCCGGGGTAAAAAATACAGTTCAGGAACATGGAGAACGCTCCGGGGTGACCTCTGTCATCAGTGACAACCGCTACATTCCGATGCAGCAATGGCAACCATCGCGGAAATGACTCCGGAAGAACTCCGGGCTCTGATTGAATCCATTATTGAAGAGAAGCTGCTGGAACTGCTGGGAGACCCGGATGAAGGGTATGCGCTCCGTAAAGCAGTGCGCGAGCGCCTCCTGCGTCAGCAGCGTGCGGTGGCGGCCGATGAGCGAGGCATTTCGCTGGAGCAGGTCGTGAAGCAAATGGACCTGAAGTGATGGCTGCGTTCCAGGTTCGCCTGCTTCGAGCCGCTGTCGAGGATCTGGAGCGCCTAGATCGTGCGATCGCTCGTCGCGTTGTGCGACGCCTTGAATGGCTGGCCGAGCATCTGGAACAGCTTAGACTCGAGCCGTTGCAGGGCGATTTAGCCGGGTTGTATAAACTTCGAGTGGGTGATTATCGGGTAATTTTATGAGGTGCTCTGGGAAGAGCGTACGATCGTGGTGCATCTCATTGGTCATCGCAGGGAGATTTACCGCCGGTGAATGCAGACAGGCGCTTGGGCAGAGCTCGTTTCGATTTTTTTCTCTGTAGATGTCTTTTCTCCTGCAGGGCGAAGGTGTCGTTTGGCATGCACGCCGGCGCCTGACTCAGGCGGTTGCGCGGCCGAAGAGTCGGTGCAGGATGGCCAGCGCGCGGTCGATGTCCTGCATCGACACGTCCCGGTGCGTGGTGGCGCGGATCGTCCGGGGGCCGAAAGGCACCATGAGCACCCCTTCCTCCCGGAGCTGCGTCAGGACGCTTTCGGCGGTGCCCCGGCGGACGTCGAAGCGCACGATGTTGGTCTGCACGCGCTCCAGGTCGATCTCGAAGGCCGGTAGCTCGGCAATGCCCTCGGCCAGGCGCCGGGCTTTGGCGTGATCTTCGGCCAGCAGCGGACGGTGGTGCTCCAGCGCGTAGAGTCCGGCAGCGGCCAGCACGCCCACCTGGCGCATACCGCCGCCCAGCAGCTTGCGGAACCGGCGTGCTTCGGCGATGAGGTCGGCCGAAGCGGCCAGCACGGAGCCAACCGGCGCGCCGAGTCCTTTGGAGAGGCAGACGCTCACCGTATCGAACGGCGCGGCCAGTCGGTGTTCGGGCACCCCCAGGGCCACGCTGGCGTGCCAGAGCCGGGCGCCGTCCAGGTGCAGGGCCAGGCCGTGGCGACGTGCCTCGGCGGTAACGGCTTCGACGACGTCCGGTGGAATAACCACACCACCGGCCCGGTTGTGCGTGTTTTCCAGGCACACCAGCCGGGAGCGCGGCTCCCAGTCGTGCCCGTGGCGCACGGCCAGCGCCAGCGCCTCGGGCGAAAACCAACCCGGCGTGTCGTCCAGCGGATGGAGCTGGACGCCCGAGATCAGCGCCGGGGCGCCCGACTCGTAATTGAAGATGTGGCTTTCGCGGCCGAGGAGGACCTCGTCGCCCGGGCGCGTCAGCACCTTGATGGCGAGCTGGTTGCCCATGACGCCGGAGGGGACGAACAGGGCCGCCTCTTTGCCCAGCAGCTCGGCCACGCGGGTCTCCAGGCGCCGGACGGTCGGATCCTCACCGAAGACGTCGTCGCCCACCTCCGCCTCGTACATGGCCCGGCGCATGCCGGGTGAAGGGCGGGTCACCGTGTCGCTACGCAGGTCGATCAGCATCCCAGCAGGTGCATGCGTTCCAGAATGATGCTGGTGTACCACCCCATCTGCTGGGGACGGCGCCGAAGGGGAGCCGGCAGGCAGGCCGCCAGTGCTGCCGCTTCATAGCGGGTGAGCTGGCGAGCCGGTTTACCGTAATGGTACCGGGCGGCTGCTTCTGCCCCGTAAATGCCCGGCCCCCATTCCACCACGTTCAGGTATAGCGTCAGCAAGCGTTCCTTGGACAGAAGCAGTTCCGCCAGGAGCGTCAGCGGGGCTTCCATCGCTTTGCGCAGATACGAACGGTGCGTGGTCATGAACAGGTTTTTGACCAGCTGCTGCGTGATGGTGGAACCCCCGCGACGGATGCGTTGCTGGCGGCGGTTGGCTTCCCAGGCTTCGCGCAATGCCTCCCAGTCAAAGCCCCAGTGTGTGTAA
NZ_AP019796.1_gap45	1379506	1381973	2467	GCGGCTGGCCGTGATGTTCCATGAGGACTTTGTGCCGCCTTCAAGCTGGAAGAACCGGGTGTTTCGTTTGTGGCAGATTCCGCAGTTTCGGGCGCTGGGACGAATGGCCGACGTGGTGGCGTTTTCGATCCAGCCGTGGGTGGCGCGGTACCGGAGCTGGTTTCCGCAGGCGCAGGTGGTGCACTGGCCGGTGGGGTCGAATATTCCGGACGTGGGCTGTGCGCGCGAGGAGGCACGCCAGCGGCTGGGTCTGGACCCGGAAACGCTCGTGGTGGGGGTGTTCGGAACGATCGGGTCCGGCCGGCTGACCGATTACATCCGGGCGGCCATCGAACAGCTGGACAATGCCGGGGTGTGCTTTGCGGTGTGGTACGTGGGCCCACACGGCGAGCGACTTCGCGCACAGTTGCCCCCCGGTGTTTCGTTTCGGGACGCCGGGGCGTTACCTGGCGAGGCGGTTTCGGTGCATCTTTCGGCGATGGATCTGCTGCTGGCACCGTTTGTTGACGGGGCTTCGACGCGGCGGGGTTCGATGATCGCGGGATTGCAGCACGGGCTGGCCGTGCTCAGCACCGACGGACCGCTGACCGATTCGATGCTGCGGGCCGAGCACGGGCGGTCGTTGTGGCTGACGCCAGTAGGAGACCGCGAGGCGTTTGCCGGAGCGGCGCTGGAGCTGGCGCGACGTTCGGCGTTGCAGGAGATGCTGGGGCAGAACGCCCGGCGTTTCTATGCGGCACAGCTTGACTGGCCGGTACTGGCCCGGCGGGTGATGCAGACGCTGGAAGAAGCGGCCTCGAACGTTGTCGTGCAGGTGTCATGAAGGTGGCGATTCTCATGCCCCTGGCCGAGCAGCGCGGTGGGGCCGAGCAGCTTCTGCGCCTGTTTCTCCGCCATGCCCCCGGGGCGCCGGACGCCTGGCCACTCGTGTTTTTTGAACCCGGACCGCTGGTGGAAGAAGCGCGTGCGCTGGGCTTCCCGGCGCAGGTGATCCGGGCCGGTCGGTTGCGGCAGCCCGTCCGCTATCTGCAGACGGTCCGGCGGCTTGCGCGGTGGTTCCGGCAGGAAAGCCTTACGCTGGTGCTGAGCTGGATGGGCAAAGCGCACCTGTATGGCGGCGTGGCGGCCCGGCTGGCAGGGGTCCCGGCGGTCTGGTTTCAGCACGGGATTCCGATGCGGGATTCGTGGATGGATCGATGGATTACGCGGATGCCGGCCGCCGGCGTGCTGGCCTGTTCCGAGGCGGCCGCCGCGGCCCAGCGGCGGTTGCGTCCGGTGCGTCCGGTGGTCGTCGTCCATCCGGCGGCCGAGCTGACGGCGTTTGATCCCGATCGGCTACCTGCACCTACGGAAGCCCGCCGCCAGCTCGGGTTGCCCGAAAGCGGGCCGCTGATCGGTATGGTGGGGCGTCTGCAGCGCTGGAAGGGCATGCATACGCTCGTGCAGGCCATGCCGCATATTCTGGAGAGACACCCTGAGGCCCGGGCCGTGATCGTCGGGGGACGCCACGAGCTGGAGCCGGATTACGAACCCTGGCTGCGCAGCTTGATTACCCGGCTTGGCCTGCAGGATCGGGTCTGGCTGGCGGGGTTTCAGACGGACATCCCGTTGTGGATGCAGGCGATGGATGTGGTCGTGCATGCCTCGGACCGGGAGCCGTTCGGGATCGTGGTGGTCGAAGCCCTGGCGCTGGGCAAACCCGTGGTGGCCGGGGCCGAAGGCGGTCCGCGCGAGATCATTACCGAGGGTGTGGACGGCCTGCTGACCCCCTACGAAGACGCCGAAACGCTGGCCCGACAAATCCTGCGCTATCTGGATGACCCGGATTTTGCCCGACGGGTAGGCGAGGCGGCCCGCCGCCGCGCCCGGGATTTCTCGCCGGAAGCGTTTGCGCGGCGGGTCACGGACGTCCTGCGAGATTTCGGGGAAATGGCCAATCGGATTGCGCCGGAGGCGCATGAAAAACGGCGTGACGGATGATGCGCCGGGCGGTGAATGGTTGCATTTTGCAAGATGCGATCACGTGTCGTGACATCATGGACGGGGCGCGGTATCATCGGCGATCGATTCGCCTGAAGGGATACGATTACACGCAACCCGGTGCCTATTTCGTCACCGTCGTGACGCAGGATCGGGTGTGTCTGTTCGGGGAAATTGTTGACGGACGTATGCGGTTGAACAGGCCGGGTAAAATTGTGTACGAGGAATGGTTTAGAACGGCACGATTGCGGCCCTACGTGGAATTACGCCCGGACGAATTCATCGTCATGCCCAACCATATTCACGGCATCATTCGGATTGTGGATATAATCGATGATAACAATGTAGGGGCACGGCGCCGCCCTGTAGGGGCACGGCGCCGCCGTGCCCCTACATCGGGGACGACGTTGGAACAATTCGGGCGCCCTGTGTCAGGATCGATTCCCACCATCATCCGGGCGTTCAAATCGGCCACCACGCGTCGGAT
NZ_AP019796.1_gap46	1388932	1389440	508	GGACTGGAGCGACTTATTGAGGCCATGGTCGAGGTGCGGCGGCAGGTGCCGGAGGTGCTTTTGCTGATCGCCGGGCGCGGATCGCTGGCCGACGCGTTGCAGGCACAGATCGACGCGCTGGGGCTGGCGCAGCACGTGCGGCTGCTGGGTTTTGTGCCGGACGACCAGCTGCCACTGGCCTACCGGGCGGCCGACCTGACCGTCGTGCCGACGGTGGCGCTGGAAGGCTTCGGCCTGATCACGCTCGAGTCGCTGGCGGCCGGCACGCCCGTGCTGGTAACGCCGGTGGGAGGGCTGCCCGAAGCCGTACGGGGGCTCTCGGAAGCGCTGGTGCTGGAAGACGCAACCCCGGAGGCGCTGGCGGCCGGACTGACCGAAGTGCTAACGGGTCGGCGGCCGCTGCCTTCAGATGAAACCTGCCGGGCGTACGTCTGCGCCCACTACGACTGGCCCGTCATCGCCCGCCGCGTGAAGGCCGTGTATGAGGAGGTACTGTGAATATGACGGT
NZ_AP019796.1_gap47	1398440	1400719	2279	GCGCCGCAGTCCGGGCGACGCCCTAATCTTTTTGATGCGTGCGCCGTAGTATTGCTAAGGGCGCGCATTCGGAGACCGTTCCATTTTCAGGGGGGCGCATGCAACAGATCAGCCGCCAGGAGCACGGGGGACCGGTGGTCAGCATTCTGATCCCGACGTTCAACCGGGCGGGGTATCTACAGGCGGCGCTGGCGAGCGCCTGCGCCCAGACCTATCCGAACCTGGAGATCATCGTGCTGGACGACGCCAGCTCTGATCATACCCCGGCGGTGGTCCGGGCCTTTCAGCAGCAGGATGATCGGATTGTGTACGTGCGCAACCACCGAAACCGGGGTCTGGTGGCCAACTGGCGACAGGGCGTCGAAATGGCGCGCGGCGACTTTTTTTGCTTTCTGGGCGACGACGACACGCTGGAGCCGGCTTTTGTGGAGACGCTGCTGCAACCGCTTCGTCAGGATGCCCGCCTGGTGCTGGCTTTCTGTGATCACTGGGTCATGGACGGTGAGGGGCGGCGGCTGCCGGATGACAGCGAGCGAAACACCCGGCGCTGGCGACGCGCGCGCCTGCCGGAAGGTCCGGTGGGCGATTTCCTGCGGGTTGCGCTGATCGATCGGTCCGTGTTCATCGGGGCCGTGCTGTTCCGCCGGGCGTCCGTACATCCCACGTTTCTGGCCGATGAGGCGCGGGCCATGGTGGACCTGTGGCTGTTGTACCGGTGCGCGCAGCAGGGCGGCGCCTACTACGTGCCGCAGCGGCTGGCCAGTTGCCGCTGGCAACCCGGCGGCGTCAGCCGGAGCTGGAACTGGCGTCTCTACGGGTTCGAAGGCGAACTATTCTGCTACCGGCACTTTCTGCAGGATCCGGCGCTGGCGCCGTACCGACCGGTTTTCGAAGCCCGGATGGCCTATGCGTTGACCACCTACGGCAACACGCTGCTCAGCATAGGACAGCGGGTGGCCGCACGGGAGCGTTTGCGACAGGCGTTGCGCCTGCGGTGGACGCTGCGCAGCAGCGTGGGCTACGTCCTGACCTGGCTGGGACCGCCGGGGAGCTGGATCTCGCGCGGGGTGCGCTGGCTGCGCAGCCGGTTCTGGCGCAAACCCGTTCCCAACTATCCGGAGGAATTGTTTCGGTACACGGTGCCGGATCTGTCGGTAAAATCCATGCCTCCCGCATCTGAAGAAGTTGCGCCGTTGACCCTCTCTTCCTGAGCTTGCCATGTCGCTCGCATCGTTCCTTTCGCCGGAAGCACGGGTGCTGACGCTGGCGGCGCGCACGTGCCTGGATCCGCCGGCGGCCGAGCAATTGCGGGCGCTGCTGGGGCGGCCGCTTGACCATGAGCGCCTGTACCGCCTGACGCTGCGCCATGGCGTGGTGGCGCTGGCGTACCGAAACCTGTTGCAGGCGGCACCGGATGCCGTTCCCGAACCGTGGCGCATCCGGCTGGAGGCCGAAGCGCGGGCGCTGGCCGTCCATAACCTGCATCAGACGCAGGAGCTGCTGCGGCTGGTCGATCGGCTGGAGGCCGAAGGGATTCCGGTGATTCCCTTCAAAGGGCCGGCCCTGGCCGCGCTCATCTACGGGGATCCGGCCGCGCGGGTCTATGTGGACATCGACCTGCTGGTAAAACGGAGCGACTTCTGGAAAGCCCGACGGGTCATCGAGTCGCTGGGCTACCGGGCCCATAAACAACTGGGAGAGGCCGAAACAGAAGCCTATCTGGACACGCAGCTCGGCTTTGAATTTGTTCACGAAAGCCGCGACTTTGTCGTCGAGCTGCACTGGGCCTTTTTCTACACGATCTACGACCTGCCCCTGGATCCCGAGGCGATCTGGGCACGGCACCGGCAGGTTCCCTTTGCCGGACGGACGCTGCGCACCATGGCGCCCGAGGACCTGTTGCTCTATCTGGCCATTCACGGCAACAAACATCGCTGGCTGAAGCTGACCTGGGTGGCCGACGTGGCCGAACTGCTGCGTCGCTGCGCTGACATGGACGGAGCGGCCGTGCTGCAACAGGCGCATCGCCTGGGAGCAGCGCGCGTGCTGGCCATCGGATGTACGCTGGCCGCCGAGTTGCTGGGTGCACCGGTGCCGGACGTGCTGCAACGAGGGCTTCGCCAGCGGCGGGCAGCCCGGCGCATGGCCCGCGAGGTGGTCACGCGCTGGATGTTTCGGGAAGACGCCGACGTGCGCGCCTTCTGGCCCATGTTCTGGTATCACTTCCGGGAACGCGAGCGCTGGCGCCATCGCCTCGGCTACCTGGGCCATCACCTGAA
NZ_AP019796.1_gap48	1401785	1402986	1201	GGGAGGGGCTGCTGAACTACTGCGTGGCGCTCTGGCCGACCGATCGCCTGGCATTGCCCCGCCGCAACAATCCGCTGCTCTGGGGCGGGTTTGAAGCGCTCCGCGTGTTGCGAGAAGCTATCCGGCACCGCACCTGGCCCGAAGAGCTACCCCGCCAGCTTTTGCGGCTGGTGCGCGACATGCCGCGACTTGTGCCCTGGGCTACGACGCGATTGCTGTCCCTGAAAGGAAAGGCGACGGCGGCGACGCGGGCACCGGTCGCCTTCGTGCTGCATCACATGACCGAGCAGGCGCCTGACCCGGAGAGCCGCGTGCGGCTTTCTCGACGCCGGGACGTGTTCGGCCAGCCGCGTCTGGAGCTGCACTGGCGGATCGGCCGCCAGGATGTGGAAAGTCTGCAGCGGGCACAGCACCTGGTGGCGCAGGAGCTGGCCCGGCTGGGGTGGGGCAGCGTGCAGGAAGAAGAATTCCGGCGCATTCCGCCCGATGGCATTACGGGCGGCTTCCACCACATGGGCACCACGCGCATGCATGCCAGCCCGCGTGAAGGCGTGGTGGATCCCGATGCTCGGGTGCATGGTGTAAAGAACCTGTATGTGGCCGGATCGTCCGTTTTTCCGACCGCCGGCTTTGCAAACCCGACGTTGACCATTGTGGCACTGACCTTGCGACTTGCCGATCATCTGAGAACCCGTCTGACCTGAAACGAGGAGGTGTATGGCGGATTCCTATCGCATTGGAGTTGTGGGGAGCGGCTTCATCGCTCGCGGCTTCGTGATGGCGATGCAGCATGTGAAGGATCTGCGCGTGACGCGCGTGCTGACGCGCACCGACATCCGCAATCGTCCGGACTTTCCCCGGCCGGAGCTGCTCACGAACAGCCTGGACGACCTGATCGAGCACGCCGATCTGGTGGTCGAGTGCAGCGGCGATGTGCTGCATGCCACCGAGGTAGTCAGCCGGGTGCTGGAAGCCGGGCTTCCGGTGGTGACGATGGACGCCGAGTTTCACATCACGACGGGCTCCTATTTTGTCGATCGGGGATTGCTGACCGAAGCCGAGGGCGACCAGCCGGGCTGTCTGGCCGCGCTGCGGGAAGACATTCTGCAGATGGGCTTCCGGCCGCTGGTCTATGGCAACATCAAACGCTACCTGAATCATAATCCCACGCCCGAAGAAATGCACTTCTGGGCGCGGAAGC
NZ_AP019796.1_gap49	1404147	1405519	1372	CACGGTGCGCCTGATCGGGCATCTGCGGCCGCTCGTGGAACGTCAGGGCTTCCGGTTTTCGGTGCCCGATCCGACGCGCGGGCCCATGTTTGCCGAGGTGGTGACGTTGACGCGCCTGCCGGTCGTTCGGCAGGAAATTCGCCTGCTGGAACGCGGACCGGAAGGGTTGATCTACCAGGCCGTGCGGAGCGAGCTGTGCTGGGCCGGTCGCCTTTTTGTACACTACAATGTGCGGCTGCAGTCGTATGGCCCGGTCAAACCGTGGGAAGTGCTGCGCGATGGCGGCTGGAAGCGTCCGGCAAACTGGCGCCGATGGCTGAGTGCCTACCGACGGGCCATGCTGCAACGGGCGGCTCAGGTCCGGCAACTCCGTGCCTGGATCGATCAGGAGGAGCTGCCCGTCATCCTGAGCGGCGACTTCAACAGCACGCCCGACCAGTGGTTTTATGGCTGGCTGTCCCAGGGATTGCAGGCGGCCGGACGGCTCGGTGGTATCGCGGCACCTTCGTGGCCGGCGGGGCGACCGTTGGTGCGCATCGACCACGTGCTGGTCAGTCGCGAATGGGAAGTGCTCGACGGCGCCGTACCGGCCGCCGGACTCTCGGATCACCGGCCGGTGATCGCCCGCCTGCGCTGGCGCCGGACTTCCGCCAGCCCTGGAACGTGCCCGTTTGATGCCCCGACGGCGAATCCCTGAAGCACGTTTGCCGGCCGGGTGGTCGGCGAGTTCGTTTCGTTGGAGTACAGGTCCGACTTTTCTCTGGCGCAGGTCTGTTTCAGGTAAATTATGGCGCCTTGGCACACCCCTGACCCCGTCTTCTTTGAAATGTGCGGGAGGGCGCCCGTTGTGGTACGCCTCTATCCGGCAAACGCCTCATCCCCACCACGTCGGGGCGGACCGCCGTTTCTGTCGTGCTGGATTATGTCTGGCACACGGCGTGTTGCACCATCATGCCCGGGTAAATCGGCGATCACCTATGACGTAACAACTAGCCCGGCAGCATGCCGTGCCCTATCTGCTGTACTCGGGCGCCCTGAACGAACTGGCCGTCTGGGTGGAGAAAGTTTGAGTCCCGATACGCCGTTCGGAAGCGGAAAACGCGCGCTGTTGCAGTGCATGAAACTTGAAACAGATTCAATCTTTTAAACTTCAATATGAATGATGTATGACCTTACCGGTTAAGGGCGATGAGCAAGCTATTCCAGTCCATTGGTAAGACCGAGTTGCTCAGCCATACGGTAGAGCAGGCCATCGAAGCCGCCATTCGCGAAGGGCATCTCAATGTAGGCGATCGGCTCCCCTCTGAGTTCGAACTGTGCAATCAGTTCGGTGTAAGCCGGACGGTCATCCGCGAGGCGCTGCGTATGCTTT
NZ_AP019796.1_gap50	1530456	1531627	1171	GCAGCAGCGTCAGCAGCGCAGCGCGCTGGAGGAGGAAATCCGCCACGTCTCCGAAGCGCTGCTGGCCGCGCAGAAGGAGCTCGAAGGACAATTGCGGTCGCTGCAGCGCCAGCTGGAGCAGGAGGCCGACGTGCCGGAGCAGCTTGCCGCACTGGAAGCCCGGTGCCGTGAGCTGGAGCAGCAAGAAGTCCGCTACCGGGCGCTGCAGGAAGAACTGGAACGACTGAAGGAGACGGGGCAGGGCAAGAAGGCGGCGATCGAAGCGCTGCAGGCGCGGCTGCAGGAGCTGGAGCGACAGCAGCAGGACCTGCAGCAGCGCTACGATACGTTCCGGCAGGCCGAAGCGGACGTGTGTCCGGTCTGTGGCAGCGAGCTGGGGCCCGAGCACCGGGAAGAGGTCGAGCGCCACTACGAAGAGCAACTGGGGGAGCTGGCGCGTGGACTGGATGAAGGGCGCTGGCGGCTGGCCGCGCTGGAGCAGGAGCGGGAAGCGCTCCGGCAGCAGTACATAGCCCGACTTTCGGAAGCAAAGCGGCTGGAGAAGGCGCCTGAAGAGCTGGCGCGTGCGCGCGCGCAGCTGGAAGAACTGCAGCGGCGTAATGCCCGACGGGAGGCGCTTGCGCGTCAGCTATCGGCACTTCAGGTACAACTTGAACAGCGCGCCTTTGCGCAGGAGCAACGGCGTCGGCTGGAGGAACTGCACCGGAAGCTGGAGGCCATTCCATTCGACGAGCAAAAATTTGAGGTGCTACGGCAGCAGGCGGCCGAAGCCGCTTCGCTCCGCGAACGACTTCAGGAGCTGGAGACGCTGCAGGGACGGCGGGAAAGCCTGGAGAACGAGCAGCGGCGGCTGGCGCAACTGGAGCAGCAGTACCGTCAGGAGCTGGATCAGGGGCCGGCTTTGCAACAGCTCCTGCAGCGCAAGCGCGCACTTCAGGAAAAGCTTCAGGCGATCGGCTTCGATCCGGCGCGTCTGCAACAGGTGCAGCAGGAGCTGGAGGCGCTGGGCGACGTCGGCGCCCAGGTGCATCGCCTGCTCCATGCGGAGGAAAACCTGAAGAAAGGCCGGCAGGAACGAGAGACGTTGCAGCGACGCATCCGACAGGAGGAACAGGCGCTGGAGCGGCTGCAGGCGCAGCTGCAGCAACTCCGGCAGGAGCTGGAAGATCTT
NZ_AP019796.1_gap51	1535587	1537979	2392	CCGACGGCCGCTACGCCGGGGCCGTGCTCGACCGCAACGGGCTGCGCCCGGCCCGCTACACGATCACCCGCGACGGGCTCGTCGTGCTGGCCTCCGAAGTGGGTGTGCTCGATCTGGAGCCCGAACGTGTCGTCGAAAAAGGCCGGCTGCAGCCCGGACGCATGTTCCTGGTGGACCTGGAGGAAGGCCGGGTTGTGCGGGATGAGGAGATCAAAGCCACGCTGAGTCGTCGCCGGCCCTATCGTCTCTGGCTCCGGTCGCACCTGCGCACCGAAGCGGATCTGCCCCGGGCCCAGGCTCTGCCGCGGACCTCGGATCTGGAATCGCTGCGGCGCCAGCAGCGGCTCTTTGGCTACTCGCTCGAGGAGCTGCGCATGATCCTGGCGCCCATGGCGCAGAAGAAGGATGATCCCGTCGGGTCCATGGGCGACGACACGCCGCTGGCCGTGCTGTCGGACTTTCCGCGGCTGACCTACGACTACTTCAAGCAGCTCTTCGCGCAGGTGACCAACCCGCCCATCGACGCCATCCGCGAAGAGCTGGTTACCTCGCTGCATACGTATCTGGGGGGCGAGGCCAACCTGCTGGACGAAACGCCCGAACAGGCGCACCGGCTGCGTCTGGAGCATCCGGTGCTGACCCCGGAAAAACTGGCCCGTATCAAGGCGCTGGACGAAGAGAACCTGCGGGCCACCACGCTCAGCACCACGTTCGACGTGAAGGTTGGCGGTGAAGGCCTGGTGGCCGCGCTGGACGAACTGTGTCGGCAGGCCGCCGAGGCCGTGCAGCAGGGCTTCACCATCCTGGTGCTCTCGGATCGGGAAGCAGGTCCGGGACGGGCACCCATTCCGGCCGCGCTGGCCGTAGGAGCCGTGCATCACCACTTGATCCGCACGGGGTTGCGGGCCCGCTGCAGCCTGGTGGTCGATAGCGGTGAGCCGCGCCAGGTGCACCACCTCTGCGTGCTGGTCGGCTATGGTGCCGACGCCGTGTGTCCCTATCTGGCCCTGGAAACCGTGGCCGACCTGGTGCGCATGGGCGAGATCACCGGGTTGCACGTCCAGGAAGCCCAGCAGCGCTACATCAAGGCGCTCTGCAAGGGGCTGCTCAAGGTGATGTCGAAGATGGGCATCTCGGTGTTTCAGAGCTACCGGGGCGCCCAGATCTTCGAAATCGTGGGCCTGAGCGAGGAGGTGGTCGAGCGCTGCTTTGCCCGGACCGTTTCCCGGCTGGGCGGTGTGGGCTTCGACGTGCTGGCCGAGGAGGTGCGCCTGCGCTACGAGCAGGCCTATCCGGAGGTGCCGGTTGCCGGCGCACCGAAGGACGAGCTGGAGCGCGGTGGTTTCTACCAGTGGCGGCGCGGCGGCGAGCATCACCGCTACAACCCGCTGACGGTGGCCAAACTGCAGCACGCCGTCCGCGAACGCGATCCGAAAGACTATGAGGAATTCGCCCGCCTGGTCAACGACGAGAGTCGGCGGCTGTGCAAACTGCGTGGCCTGCTGGACTTCGTCCCGGCCGAACGCCCGATCCCGCTCGAAGAGGTCGAGCCCTGGACGTCCATCGTGCGCCGCTTCAAGACGGGCGCCATGTCCTTCGGCTCGATCAGCAGGGAAGCGCACGAGGTGCTGGCCGAGGCAATGAACCGCATCGGAGGGAAGAGCAACACGGGCGAAGGCGGCGAGGAACCGGAGCGTTACGCCCGGGACAACCCGAAACGGAGCGCCATCAAGCAGGTGGCCTCCGGACGCTTCGGCGTAACGATCGGTTATCTGGCCAGCGCCGACGAAATCCAGATCAAGATGGCGCAGGGGGCCAAGCCGGGCGAGGGCGGACAGCTCCCGGGCGAGAAGGTCTATCCCTGGATCGCCCGCGTGCGGCATTCGACTCCATGGGTGGGCCTGATCTCGCCGCCACCGCATCACGACATCTACTCGATCGAAGACCTGGCCCAGCTCATCTATGACCTCAAGCAGGCCAATCCCACCGCTCGCATCAGCGTGAAGCTGGTGGCCGAGGCGGGTGTGGGCACCATTGCAGCGGGTGTGGCAAAGGGCGGGGCCGACGTCATCCTGATCAGCGGACACGACGGCGGCACCGGCGCCTCGCCGATCACCTCGATCCTGCACGCCGGTCTGCCCTGGGAGCTGGGGCTGAGCGAGACGCATCAGGCGCTGGTGGCCAACGGCCTGCGTGAGCGGGTCGTCGTGGAGGTGGACGGTCAGCTCCAGACCGGACGCGACGTGGCCATCGCGGCCCTGCTGGGCGCCCAGGAATTCGGGTTTGCCACGGCCCCCCTGGTGGCGATAGGGTGCATCCGCATGCGCAAATGCCACCTGAACACGTGCCCGGTGGGCATCGCCACGCAGGATCCGGAGCTGCGCAAGAAGTT
NZ_AP019796.1_gap52	1586092	1587922	1830	AGATCGCCCGCCCGACGCAGAATCTCGCCGCGCTGGGGCGCCGGCATGCGACGCCAGGCCGGAAAAGCCGCCCGGGCAGCCGCGACGGCCCGGTCCACGTCTTCCGCAGAAGACCGGGGAAACAGACCGATCAGATCGGACCAGCGGGCCGGGTTGCGGTCCTCGAACGTGCGACCCGAGGCCGATTCGACCCACTCACCGTTGATGTAGTTGTGAAAAATCGTCGCCATGAGGAAACCTGTCGTCTGTTTGGAAGCGTTTCCGAAGGGTTCCTGCTTAAGATAGGACATCCCGGTGCCTCTTGCCAGAGGCCGGGTGTCTGCTTTTGCCGTAAAGAAAAGCCGTATATTTCAAGTTCATTGCTGCTACGACGAACGATGAAGCCCATGACGGATCGTTCCGCCCTGCTGTCGTCGCTGGAAGCGCGGCTGGCCACGCGCGTGCGCGTCGTACCGCCCAGCGGCATTCGGCGCTTTTTCGAGATTGCCGCCACCATGGAAGACGTGATCTCGCTGGGCATCGGCGAGCCGGATTTCGTCTCGCCGCCGGCGGCCATCGAAGCGGCGATCGCCTCATTGCGAGCCGGACAGACCGGCTATACGGCCAACGCCGGCCTGATGGAGCTCCGGGAAGCCATTGCCGAAGAGCTGGCCCGACGCTACGGTGTGCACTACGATCCGGCGCGCGAGATTCTCGTCACCGTCGGCGTGGCCGAGGGCATCCAGCTGGCCATGCTGGCGCTGGTGGAGCCGGGCGACGAGGTGCTCATTCCGGAACCCTGCTTTGTTTCGTACGGACCGACCGCCGTGTTTGCCGGTGGCCGGGTGGTCTACGTGCCGACCTCGGTGGAAAACGACTTCCAGGTGACGGCCGCCGATCTGGAGCCCTACATCACGCCGCGCACGAAGGTGCTCATGATCGGCTACCCGAACAATCCGACCGGGGCCGTGCTGCGGCGCAGGACGATGGAGGAGATCGGCGAGCTGGTGATCAAGCACGACCTGTTTATCATCTCGGATGAAATCTACGATCGGCTGATCTACGGCCGCGCCTATGAGGAGGGGCACGTGTGCGTGCCGTCGATCCCGGGGCTCCGGGAGCGCACCGTGCTGCTGGGGGGCTTTTCCAAGGATTATGCGATGACGGGCTGGCGGATCGGCTATGCCTGCGCGCCCGAGCCCATTCTGAAGGCGATGTACAAGCTGCACCAGTACATCGTGATGAGTGCGCCGACGATGGGGCAGGTGGCCGCCCTGGCAGCGCTTCGGGAGGCGCAGGACGACGTGGAGCGGATGCGCCGGGCCTACGACGAGCGGCGTCGCGTGATCGTGGATGGTCTGCGCGCGGCCGGTCTGCCCACGTTTGAGCCGGAGGGCGCCTTTTATTGCTTCCCGGACATTCGGCCGACCGGACTGACCTCAGAGGAGTTCGCGCAGCGGTTGCTGCGAGAAGAGCACGTGGCGGTGGTACCCGGCGATGCTTTTGGCCCCAGCGGGGCGGGCTATGTGCGCTGCTCGTATGCCACGTCGCTGGAGAACATCCGGGAGGCGGTGCGGCGGATTCAGCGGTTTGTGGCACGTGTGAAGGAGGAGCGCCAGGTGGAAACCTGAGCGAGCGGTTGTCGTTGCCAGAGCCGCACTGTGGAGTCGATCAAAATCCGTTATTGCAATGCAGGAAAAAATTCAAAGCCTGTTAGAGCGTGTGGACACGCTCGGGAGGTTTCTTTGACATCCCCGGGCGTAAAGAGAAAATCGCGAAGCTGAACGAGGAGCGTCTGGCGCCGGGCTTCTGGGACAACCCGGAGCGGGCGCGTGAGGTCGAAAAGCAAAT
NZ_AP019796.1_gap53	1666270	1667979	1709	CTTTTACGCCCGGGCCCGGTTCCGAGAAAGTGCAGCGGGGAGGGTCGTTTCTATGTCATGCTGCTTTCTGTCATGGCTACAGGGTATCGGCCCGAAGCCACGCTACGCCAGAGTCCTCTTTCTTTCACGTAGGATTTCGCTGTGCACGTGATTCAAACTTCAGATAAACCGAGGTACAGTCATGCGCTGGTTATTGATTTTACTGTTGACCCTTACGACTTCGTGGGAGACCTTCGCGCAGTTTCGTGAGAGGCGCCCCCAGAATGTTGTGCTCATCCTGAGCGACGACCACCGTTATGATTTTATGAGCTTTATGGACCAGGCGCCGGACTTTCTCGAAACGCCCGGCATGGATCGCATGGCTCGCGAGGGGGCACACCTGCGAAATGCCTTTGTGACTACATCGCTCTGCTCGCCAAGCAGGGCTTCGATTCTTACGGGACAGTATGCACATCGGCATGGCGTGGTGGACAACACCACACCCGTGCCCCCAGACGTTCGTTTTTTTCCACAGGATCTGCAGGCGGCGGGCTATCGCACAGCGTTTATCGGTAAGTGGCACATGGGTGAGGCAGATGACCATCCGAGGCCGGGGTTTGACTACTGGGTGAGCTTTCGCGGACAGGGCGTCTATTACAATCCGACGCTTAACGTCAATGGCCTCCGGGTGAGGCGCGAGGGATATATCACGGATTTGCTGACTGACTATGCGATTGAGTGGCTGCGCGAACGTGCCGCCGATGGCGCACCGTTTTTTCTTTATCTGTCACACAAGGCCGTCCATGCAGAATTCGAACCGGCGGAGCGCTATGCTGGCCGATATGCTGGGGTGGCCATCCCTTATCCGCCCACCATGGCTAATACGGAGTCAAACTACAGAAACAAGCCACACTGGGTGCAGGCGCAACGTAAGAGTTGGCACGGGGTGGATTATGCCTATCACGGGCAGTTTGACTTCGATACGTTCTACCGACGCTACGCTGAAACGCTGCTCGCCTTGGACGAAAGCATCAGCAGGGTACTGGATTTTCTGGAGCAGTCAGGACTGGCAGAAAACACCCTGGTTATTTACATGAGTGACAACGGATTTCTTCTCGGAGAGCATGGTCTTATTGACAAGCGAAACGCCTATGAAGAATCCATCAGGATTCCGATGCTGGCCTGGGCACCCGGGTACATTGCTCCGGGCGCAAAGATTGACGCGCTGGTTCGCAACATCGATATAGCGCCCACCATTCTGGAACTGACGGGCGTCTCGACCACGATTCTAATGGATGGTCGCTCGTTTCTTGGATTGCTCACCGACCCTCAAGCGAATGAAGAAGATCGAGAATTTCTGTATGAATATTACTGGGAGTATGCTTTCCCTCATACACCCACAACCTTTGCGCTTCGGGGCGATCGTTTCAAGTACATCTTTTATCATGGTATCTGGGATATTCAGGAGCTCTATGACCTGGAGCTGGACCCTCTGGAGCAGCACAACCTGATATTTGTACCGGCCTATCAGTCACTGGTGCAGCAGATGCGCAATCGTTTGTTTGATCTGCTTGAGGAGGCCGATGCCATGCGGGTCCCCGTTCGGCGTGGAAGCTGGCAGGCCGGTGAGCGCAAACTGGATTGACTGAAGTAAAGCAACACCACGGCTCCGGGAGGGCTTGTTTTAATGCGTCGTCTAACCGAAGAGAACTCCGGGGTCGAGCGGCCTA
NZ_AP019796.1_gap54	1670991	1673277	2286	CTGATATCATCGTGCAAGAACGCAGATAGCGGCTGATTCAGGTCAAATGTTGCGCGTTTGGAAATAGCAACTCGCTTTCGTAAGGGCCGAACGCAAACGACTGATTCGGCCGGGAGAGAAAGAGGTTTTATCCGATTTCGGACGGGGAGCGAAAAGGTTCTTTTCCGGGCGACTGCTCCAGGCCAGAGAGAAAGCCATGTTCTACTGGTGGGGATGATCGGGCCGGTATGTCTTGTGTAAGGCGAAAGTGCCGTGGTGCACTGTCTTTACACAAGGGCTGGTCGCTCCGGGGGCAGTTGTACCAACGCTCAGAAGGAATCCAGAGATTTTTTTCAGGCAATTAGGCTATGACATAAGGTTGTCACCCGCGGCCATTTTATTTGCAGCAAGAGAATTTTCCATTTGAATCTTTACCCGGAAGAAGCCATGTTTGCTCTCGAAGAACTACAGGAGCAAATCGCCGGTGAGCTGCTGACGTATGCGAAAGAAATCCTTCGAAATCATGAAGAAATGACCGGCGTACCGCTGGGTGATGCTGAAGAGATGTATGAGGTGCTTGTTCAAAACGAATACCCCGGTTTGCTTGCTCGTAACGCCGTCAGGGCCAGAGACGTTGACGAATTTATTGAGTTGCTTGAAAAGGATCCGGATCTGATTCGAGCGGCTGAGGCTGCCCAGAATGCGGTTTTCTATGAGCTCGAAGATTATGACCGGGATACTATGCGGTTGGTGCTTGTTCTGGCTCTGAGTCTCGTGTGAATTAACATATTGCATTTCAGGGGTTATGCGCGTTGACCTTTACCTGTGTCCTGCGGGCGGTCGGCAGAAAGTGGCACTGCCCGTTCATTACAATGTACTGCTTCAGGGAGTGGTCTATTCCTCTCTGAACGAAGCGCTGGCACGCAGAGTCCATGATCATGGCTGGCAAGTCGGCGGACGGCGTCTGAAGCTGTTCACCTTCTCGCGCTTACGCGGAGATTTTCGTTGCAGGAGTGGTAGGCTCATTTTTTACGGTAAAATTGCCTGGACGATCGCCTCCCCGGAAGAGGAAATTCTGGAATCTCTGGTGGTGCACCTGCTGCGGGCAAAAGTACTGCAAATAGGGCAAGCAAAACTGGAGCTTCTTTCCGTTGAGGTGCCCGTGCCACCTTCATATCGGCGGCCGATCTGCCTGAGGGCGCTTTCGCCGATAACGGTCTACAGCACCTTCGAAACCTCAGATGGTCGCAAAAAGACATACTACTACACGCCCAGAGAGCCGGAGTTCGGACGCCTGGTGCTGGAGAACCTGCGGCGCAAAATCCGCGCCTGGATGGGGGAGGATATTCCTCTCGATGGTGCGACATTCAGGCCCGTGCGAGTGAGCAATCGCAATCTGGTGGTGGCGCGTTATAAAGACACCATCATCAAGGGCTGGACAGGTATCTATGAACTGGACGCACCTGAATCCTACTTCCGTATGGCGTTGGACGCGGGGCTTGGAGCCAAGAACAGTCAGGGCTTCGGGTGTGTAGAGGTATGGGCGCCGACGAAAAGCGTTTCGCTCAAGGAAGTCGAGGCCGGGAAAAGATGAATCATTGTACATTCTGAATCGGGTCAAGCATTCAGGAGGAAGGACCATGCTTTATGCTTTGCGCACCCTGGGCGAGATTTTGGGCGGGGCGCGGTTGCATGACCCCGTTGTCGCGGATCGGGTAATAACCCTGGAGTTTGATGCGGGGGGACGGTATCTGGGTACTAGCCTCCATCAATTCAGTGCCAAGGATGTTCCTCGCTACCTTTACAAAAAGGCCAAAGGCAGTAACCCACCCACGCTCACGCCCACTCTGCTGCTCAATCGTAAGGAAATCCAGAAGAGCCTGAAGAATGCGCGCAATGCGTACCGCAAGCTGCGAAAACTAAACCGCGATCTGCCCGAACTGGAGTTGTTGACGAAGGAGGGAGAAACGCTTCGTAAGATGGAAAAGGGCATCGTATGTGCTCTTAAGAACATTCCCGAGAAGGAGCGTGTCCTCTTTACCGTGCGCATTGATGGTCAATGGATGGGCGAAAGGGAAGATTTTCGTAGCACTCTACGAAGCAAGTTTCGCGAAGAAGGTCGGGAAAGCGCTGTAGATGGCGTATGTGCTGTCTGTGGTGAAAAAACCGAGATCAGTGGTGATATTTCACCCTTTAAATTCTATACGATTGACAAACCTGGCTATGTGGTTGGAGGGTTCGATAAAGCACGGGCGTACAGGGCCTTTCCTCTGTGTTACGAGTGCCGCGATCTCATTCGGCGAGGGC
NZ_AP019796.1_gap55	1709791	1711830	2039	ATGCCCTCCACAAGATCAAAGAAATTCTGCAGCGCTTTCTCAAAGCTCTGCGAGTTCAGCACGGCATTCACCACCTGCCTGAGGTCTTCGCTCATAGGACGAACCTTCTCCTGTCGCCCTCCGGCATAGGCCAGGCGCGGTTTGAGCATGACCAGATCGCGTTTTATTATTTCGGGACTGACACTCCGATTGCGACGCAGGCGCGTGCGCATGCGGTTGATGTGGGCAAAGACGTTGCGCACCTGGGCTGTCTTGATCTCCTTTTCTGCGTACTTACGACCCATATCATGGGCCAGTCTGTCGATCGCCTCCGGCTCCAGTTCGGCCAGATCCTTTGGGATGTCCATGGCAGCATCAGGGCTGGTTTATGTACAGATCAGTTGCGCTGTTTGCGGGTTTTCAGCAGGACGTAGGCGGCCGGGATGACGAACGTACGAAACCATTCGCTACGATCGGGCCCCTCCAGCAAAAAGCCCCGGGCCAGCCGCATTTTCGGGGACTCACCCTCCTGCGTGTCCGTCTCCAGCACCCTGGCATGCACTCCCCGGCGGGCAAAGGTGTAGTGCAACAGATGATTGAATCGGGCCAACGCAGCCAGATCGATGCGCCCTTCTTCGTCGAGCACCTCGCGGCTGTAGCGAAGCAGCGTATGCAGAAAGGTGCGAGGAAGGCGGTCTTCGTCGGGCAGGGTTTCGTCCGACACGGCCAGCAGCAGCGGCTCGCCCAGTTCGTCCAGGAGAACGCTCAGGCGTTCCCAGGTCACCGGGGTCTCGAAAACAGAAATCCTGTTCTTGCCGGCCGCTTTGGCCCGATCTTCTTCCTCGCCGGCCGTCTCGGCCGCCACGGTGATCGGAAAATGCTCCTTGTGAATCGACAGACCGGCCGAGATCGTCACCGACGGATTGCCTGCGCAGTATTCACGCAGCTTTTCACGGATGCTCCGGGCAAAGCGCAGCACGCGAATCCAGGAGCCAACGGCAAACAGATCGTCCCCGCCGGCATAGACCAGGTACACGTCATGGCCCCGGGCCAGGGCGTTGACCTGGCCCCCGAAGAATCGATCCAGCTCCCGGGAAAGCGCCGCCGTACGGTGCAGACCAAAGGGCTGGTTACCAAAAGCCGCATGCAATCCCACCACGAAAAGCGCTCCCAGGTTGTCCACGTCCATCCGCAGAAAGCCCAGGAGCGGGTAGTTTTCACTTTCGATCGCGGCCAGCTCCTCGAACATGAGCGGTCGCGAATCGTCCGCAAGCATCGGCACATACACGCCGGCGGGTAGAAAGCGCCGGCCGACCTGCATCGCTCCCGGTAAGTTCGGGATTCGTGGGGTGCGTATATTGAAAACGGTGCCCCGGCGCGTGCCCAGTTGCCCCACTATCGCCTCGATCCTGTCCTCTTCCACAAAGAGCCACGTTACCGCAAAGCCCCGCAGCTCCAGAGCGCACCGCACGCCATCCGGCGCCTGGTTCGCGGCAAGCCCCGGCACCTCCACCAGGTAGTGCGTATAGGGCAGCGCCTGCCCGACGCGATGGAGCTTCGGGGTCTGGTTTGCCTCCTCGATGGGCTGCCCCACAAGCGTGTCGAGCACGTTCCACCCCTTGCGCAGTTTGGCCATCTGCAGTGCTTCTTCCAGTTGCCGCAGTGCCTCATGGGGGCGGCGTTCGACCTCCTCAATGCTGACGGGTACCGAGGCCTGCACCAGCTGAATGGCGCCGCGCAGCTCCTCGAAAAGTGCCTGATTGATCTGGCGGTCTGCTTCGTCGAGCTGTTGCGGCGCCGCCTCGGTATTCGGGATCAGCAGCAGAAAATGCCCACCGCTACTGTAGAGCACGCAGCCATCGGGCAACCGGAACTGGCGCTGCAGGTGGCGCACCACGGTGCGCGTCAGCAGCGCCACAAAGAACGAGCGGCCACGCAGCAACTGGGCGGGGTTTTCGGTTGCATCACCCCGCAATTCGCGGTAGATGAACGACTGGATGCCCGAGACGTCGCCCTTGACCAGCAACACGGCGGGTTCACTTCCCGCGCGGGCCCGGCAC
NZ_AP019796.1_gap56	1880596	1881941	1345	CCGTACTTTCCGCCGGGCACCATTCACCTGGTCGTTGTCGATCCGGGCGTGGGCACCGCACGGCGTGCCGTCGCCCTTCGGCATGGTGCGCACTGGTTCGTGGGCCCCGACAATGGTCTGTTCACGCTGGTGCTGGGCACCGAGCGCCCCGACGAACTCGTCGAACTCAACCGACCCGAATTCTGGCGCACCCCCACACCCAGCCAGACTTTTCACGGACGCGACATCTTTGCGCCGGCCGCCGGACATCTGGCCGCCGGACGCTCGCTTCAGGAGATCGGCACGCCGCTGGAGCAATTGACCACGCTCCGCTGGATGGAGCCGTCGGCCAGCAACGAAAGCATTCACGGCTGGGTGGTCCATGTGGATCGCTTCGGCAACTGCATCACAAACGTTTCGCGAGAGCTGTTCGAGCGCTACCGGGCGGGTCGCCCGTTCAAATGCTACGTGGGCAGCACCCCCTTCACGCAGGTGCAGCCTACCTACGGAGCGGTCGCCCAGGGCGAAGCGCTGCTCCTGTTCGGCAGCAGCGACTTTCTGGAGATTGCCGTCAATGGCGGCAATGCCGCCGAGCTGCTCGGCATTCGCCAGGGCACACCCGTCCACATTATTTTTGAGCAGAAACCTTCGCGTTCATGAATTCCCCGAAGGCCACACCGCGGGCGTTGCTTGCCCATCTGGACGAACTCTACCGGCTGGCGCAACTGCTGACGTCAGACGCTGAGGCGGCCGCCCGGCTGGTTCGTGACGTGTACCGGGAAGCGCTGGCGTCGCCGCCACCGGCCGATCAGGCCCGGACCTGGCTGGTGGCACGCCTGCTCCACCGCGCCCGGCTCGCCGAAAGCACCGACGAGCCCGTACTGGCCGCCCGCCGGGAGCTGGCCGAAAGCATGCTAAGCCGGGTGCTCCCGGCCGCCGTAGCGCTGCTTTCGGCGCGCGACCGGCTCTGGCTCTACCTGTGCGACGTGTTGACGCTGGCGCCCGAGACGGCCGCCACGCTGCTGGAAGATACACCGGAAGGATACGAACGGGCCCACGCGGCGCTTCGCACGGCCCTCCGGCGATACCTGACGCCCGGTCAGTTCGCCCTGCTGGAGTTCGGATTGTCCGAAGAGCAGATCCGCACGCACCTGCAGCAGGCCCTGAGCCGTCTGCTGCAACCGCCGCCGGGCTCGTTGCGCACGGAGCTGCTGAACCTGGGCGGTGGCGAAGAAGTGACGGTTTCCGAAGTGCGGACCCGCTCCGTCGCGCGCCATCCGGCCACACGCATGCTCGTGGCTGTGCTGATCGTGCTGCTGGCCGGCCTGCTGGGATGGCTGGCCTGGCAGGGTACGCGTCCCGCCAG
NZ_AP019796.1_gap57	1888273	1892797	4524	TCGCGGATGATCTCGATGGCGCGGTTGACCGCCTCCTCGGCCTGCTGGCGCAGGTAGGCGGCCACCTCTTCGTTCGACGAACGCCGCGTGATGCCGGCGTCCGGATTTCGGAAGTAGCGCGACAGCCGCGCATTGGGATCGCGCCGCTCGAACTCCTCCACGAAGGCGTCGATCAGCGACACGTCGCCGGAGCGGGCACGCTCACGGGCGGCTGCCAGCACCTCCTCGAACGTTTCGTCCACGTCGGTGGCCAGCTCCCGGATCAGCGCGTCCACCCGCACCTCGAGCGTCACGTGCATACCGCCCTGCAGGTCGAGTCCCAGCTTCAGGGCACGCTCCCGCAGGCTCTGAATCGTTCCGTAATTAGCCTCGATGAAGGCCGCCCGCTCCTCTTCCGACATGCGGTTGAGCTTGCGCTGCAGCAGGGCATATCGAACCGTCGGGTACAGGTAGTACCCGCAGAGCAACAGCAGCGCCAGCGTAACACCTATTTTAAAACCGTTGCGTTTCATGTTTTTTCTCAATGGTTGTGGTCAACAGAACCCACCAGAAGTAGCACAGAGCACCCACGCGCTCCGCATGGCCTGGATAGCTCGGCCAGAAGGACCGGTGGCCCCTACGGACCCATCGGGAGAACGGCACCGAACAGAAGGGTCGTCGTCGCAGAGACCGGCACGTCGAGCGCAACCGGCAGGATCAGCGCCGGAGGGTACTCCCGGAGATCAGGATTGGCGGCAAAAACCGCCATAACGACCCGCTGCAGACCCGCCAGAAGCGCTCCACCGCTTGCCTGCAGCAGCGGCGTCAGGATCGGCTCGGCCACCAGACGAGGCACCAGCCCCAGCAGCCAGGCCACCACGGTCTCGTCCGAAACCTCGGCCGGAAGCCCCAGCGCCGCCCGGATGGCCGCTTTCCCTTCTTTCTGCACACAGGCCCGCAGGAATGCCCGCACGAACGCTTCCGGCGTGGCGGGTCGATCGGCCAGCGCTTCCTGAAGGCCCTCCTCCAGCACCGATTCGGCCAGCACGCCCCGCAGCTGCACGCGCAGCCAGGCGGCATACGAAGCGCCGGAGACCGGCCAGAGCGGACGCACCGCACCGACCAGCAGCGCCAGCGCGAGCCCCAGGCTCACGCTGCGCAATACGCCGATATGCCGCAAGCGCTTCATCGCTGCACGTTGCAACCGCCGCCTAATTTACGGTCCGGCATAGCCGGGGTCAACGGCCGGGCTTGAGCGTTCGGCGAAAACAGCGGTGACATATAGTTGTCACCTCCGGCCACCTATTATGCCGGCACAACACACCCGAACAGACCCGATGAGGCTATGAGCGACCGTCCCCGCCACATTTCCGAGATCTTACCGGAAGTGCTGGAATATCTCCGGGCCGCCGGCGAAGCAACTTCGCCACAGGTGGCCCGGACGCAGACCTCCGAGCGTCTCCGCCCGGTCACTCAACGGATGGCAAAGGTGATCTCCACGCGCGCCTGCACCTCGATCTCGCCGGCGGCGTAGGCTTCGGGCTCGGGCGCCGCTTCGGCCGTACGCAGGGCGGCCATATCGGCCCGCCAGAGCGGCCGCGGAAATTCCAGCGCCTGCTCGGTGATCCGGATCGGATCGCCCACTTCTCGATTCAATTCGGCCAGCATCTGTCGGGCTTTCTCGCGGGCATTTCGGACGGCCGCCTGCAGCGCCGCCAGCCGCACCGCCTCCTGGTTCGAGACGTCGTACTGAATGCCCTGCAGCCGATTGGCCCCCTGCTGCACCACGCGGGCTACCACCTCTGGAAGGCGATCCAGATCGTCCAGTTCTACGCGCAGTACGCGCTGCACCTCGTAGCCTTTTTCTTCCCACCGACGCAGGTCTGGATTGTATTCCCGCACCGGGTGCAGCGTCAGCGCTTCCAGGTGCAACCAGCGTTCTTCAACGCCCAGTGCCCGCACGGCGTTGAGCGCCCGGCGCGACGCCTCGGCATTGCGCCGACGGGCCTGCTCCGGATCCAGATCGCGCGTGACCACCGCAAAACGCAGCGTCGCCCGATCCGGCTGCACGCGCACCACCCCTTCGCCCTGCACGGTAATCGTCGGGACGGCGGGCGTCTCCGTTCCCATCCGTATCACCTGCGCGCGGGCCGCCAGACACCCCGTCCAGGCCATCACCAGACCGACCAGCAGCAAACGCATAATAACCCTCCGTTTGATTGACAGGCAACTCTCCTGTATGAACGAAGCACCCCGGATCATTCGCACGGACTTACACCATACCGACCGAGATCGCCTTACGCGCCCACCGTCAGGATCAAGGCACACAAACCGATTCCTCCGGGCATCTAACGCCCGAACTATACGCACCAATTGCAATGCGAACCGTCTTTGGCTGAAAATCCATCCGCCACCAGACGGAGTCTCTCATGCGACGCCTTTCGTTTCGCCTCGTGCTCGGCCTGAGCCTGCTGGCCCTGCTGGTACTGAACGGTTGCGCTGATCTCTGCGCTTTAACCGGTTCCTGTTTTCCCTGATGTCAAGCCACTTTTGAACATTCACGGTGTCAGGCGGCCGAGCAGTCGCGGGAAGGGGATCACCTCCCGCACGTGGTGCACGCCGCAGATCCAGGCCAGCGTCCGTTCGAGTCCGAGCCCGAACCCGCTGTGCGGTACCGAGCCGTAGCGGCGCAGATCCAGGTACCACTCGAACGCCTCACGGGGTAGTCCGTGCGCCTCGATCTGGGCCTCCAGAAAGGCCAGGTCGTCGGCCCGCTGGCCACCCCCGATGATCTCGCCGTAGCCTTCCGGCGCGAGCACGTCCATGCCGAGCGCCAGGCGGTCGTCTTCCGGGTCGCGCTTCATATAGAAGGCTTTGATGGCGGCCGGAAAGCGATGGACGATGATCGGCCGGTCGAAGTGCCAGGTCAGCACCGTCTCGTCGCTGTTGCCGAAGTCGTTGCCCCACTGGAAATTCCGGGCCGACTCCTTCCAGAGCGGCAGGTTTTCCAGTTCTTTTTCGATTTCGTCCAGGCGCTGGTTGATTTCGATCTCGCGGGCGTCGATGCGCCGCTTTTCGGCCTTTTTGGCCTGCCCGTAGCGTCGCCGGTTTTCGGCCCGTTCGGTTTCGAGTTGCCGTTGCTCTTCTTTCAGCGCTTCGATGCGGGCATCGATCATGCGGGCCGTCTCATCGCTTCGGAGTAGCTCGACAGCTTCCGAGTAGGTCAGGCGCGGGAACGGCGGCTGGACGCGTTCCAGCGCCGCAATGTCACGGCCGAGCACCTCCAGTTCGGTCCGGCAGTGGCGCAGCACCTCCTGCACGATGTGCACCACCAGCTCCTCGGCCAGCGCCATGTTCATTTCCAGATCGCAGAACGCCATTTCCGGCTCGATCATCCAGAATTCGGTCAGGTGCCGGCGCGTTTTGGACTTTTCGGCGCGGAACGTCGGGCCGAACGTGTACACCTTCCCGAAGGCCATGGCCATGGCCTCGGCGTAGAGCTGGCCACTCTGACTCAGGTAGGCTTTGTCGCCGAAGTAGTCGATCTCGAACAGCGTCGTGGTGCCTTCGACGGCGTTGCCCGTCAGGATCGGCGCGTCGAGCTGCAGAAAGCCGCGCTCCTGGAAAAAGTCGTGGATGGCCCGGATCACCCGGTTGCGGATGCGCATGATGGCCCACGGCCGGCGGCTGCGCAGCCACAGGTGTCGGTGATCCATCAGAAACTCGATCCCGTGCGGCTTGGGCGTGATCGGGTAGTTTTCGGAAGGGCCGATGCGCTGCAGGCGTTCGACGTGCACCTCGTGGCCGCCGATCTGGCGCTCGTCGCGCACGACGGTACCCACCACCTCCAGCGAGCACTCCTGCGTGGCCTCCTCGGCCACCTGCCAGGTGTCGGCGTCCACCCTGTCCTGCGCCACCACGCACTGCACAAGCCCCGTACCATCGCGCAACATCAGAAAATGCAGCCCCTTCGAGCTTCGCTTGTTGTACAGCCAGCCTTTGAGCGTGACGGTCTGGCCCACATAGCGAGGCAATTCCTCAATGTATTGAAACGGCAGTTCCATCGTCCTGAAGGTTGCTGGTGAGCAGATTTCCGGGCTATCGAAAGCGCCCGAGCTTATACGCGCAAGGCCCGAAGGGTTCTCTCAGCCGAGCATCCACGCCGTCACGAACGGCCAGGCTACCAGCAGATCGAGCAGGGCGAGATGGCCGTCGGTGATGCCGTGGCGGGCGACGCCGAGCACCATGCCGACAAGCAGCACGCCGAGCAGGTCAACGGCGGCCTCCGGTCGTTTCAGATGTGCCATGAAAATCAGGCCGACGGCCAGCGCCCCGAGCAGCAGGTTCAGCGCCACGCGGCGCAGCGTGCCGTAAGACCAGCGCACGGCGGGCGTGCGCACCCCCGAAGCCAGATCGCCGACGCGATCCGGCCAGTCGGCCAGCAGCGGATTGGGCAGCAACCACAGCAGCCGATAGGCTGTCAGCAGCCACAGGTCGGCGCCGGGCGTTCGTCCAGCTTCCAGAACCGGTAGCAGCGTGGTGCCC
NZ_AP019796.1_gap58	2009069	2013244	4175	TATCCGTCTTCATGGCATGACTGCGCATAGCTCGGGCTTTCGGAGAAGAAGATGGGAGCAGCTAACAGCGAACCGAGCAGAAACAAGATGCGAAGATGCCGCTTCATGGCCCTTCTCTGTTTGTTTGATTAGAAGATTTCACCTGATAAGAGTCTAAAAAAAAAAAAAAAAAAAAAAAAAAAAAAAAAAACTCTATGTCAAGGGGCCTTTCATGCTACTTGTAGAATGAAGTCGCATAATCCCCTCGTGATCTCTCCATCACGAAGCAACGAAGCCCGGCAACACTCCTGAGCCCCCATCCGAAGCCCCCGTTGCAGCAGGATCATGGCGTCTTCGTAGGCGCGGGCGACGCGCACGATGAAGTCAGTCACCCGCTCGCGATCACGGCACCAGACCTCCCGACCCGAGATCGCCTCGAACTGCAGAAACGGATGGGCCTCGTTGAGCACCACCAGATCGATGGCGTCCACGCCGGTCGCTTCCTGCAGACAGGCCCGCAACTCGGCCAGCGCATCCCAGGCATGAGGATCCTCCACCAGCACGCCGATGTCCAGGTCGCCACCCGGCCGCACCGTCCCCTCCCGGGCCGAGCCAAACACCCACCCGGCCAGCACATTCGGATCGCGGGCCAGCACCCGCCCGATTGCTTCAAAATCAACCACCGGCATGGCCTTTCGGACGCTGCAATGTCTGCTTTACCCCGTGTGTAGAAGGCTGTTTCAAAACAAAACGGGGCGAGCCCGGAAGCCCGCCCCGTCGTTTTCAAGTCCGGCTCGGTTCAGAAAATCCGGAAGCCCGGCGAGACGTAGTCGGGCGGCAGGTAGCTCAGGAAGAACGGCCCGTAAGCGATCACGATCAGGATGATCGCCACGATCACCCAGAAGCCGATCCGGTCCAGGCGGGTCGCCCAGCCGTTTCTGGCCGGCTCGATGAGCGTTTCGGACCAGGGAATGTCCTTCGGTGCCTCGCCGGCTTTGCCCTTCCAGACGGTCATGGCGATCACCACGAAGAACAGCGCGATACCCACGAACATGAGCGTGCCGCCCACGCCGGTCAGGATGCGTCCGACGAGCCAGTCGGGATCCATGTAAGGCGCCTGCACGAGGAACGTCCGACGCGGCATACCCTCCAGCCCGGCCGAGATCATCCCACGCGCAAAGATCAGCAGGCCGATCGTGTAGATCCAGTTCGAAGCCAGCGCCACCTTGCGTCCCCAGAGCTTTCGGCCCGTCAGGTAAGGCACCATCCAGTAGGCCACGCCCATGAACGTCATGGCCACGGCGCTTCCGACCGTCATGTGGAAGTGCCCCGGCACCCAGGTCGTGTTGTGGACGACCTGGTTCATCGTGAACGAGGCGTTGATCAGGCCCGTGATGCCGCCGAAGACGAACGTGATCATGGCCAGCAACTGGGCCGAGAGCGACGGATCGCCCCAGGGGAGCTTCGGGATCCAGCCCAGCAGACCCCGGCCGCCGTGCGCCCGGCCACCCATCTCCAGCGAGGCCATCACGCTGAAGGCCGTGATCAGGCTCGGGAAAAACACGCCGAAGGTCAGGATGGCGTGGACGAACTTCAGCCCCTCATGAATGCCGGGGTCCGTGTACTGGTGGTGGAAGCCCGTCGGGATCGACAGCAGCAGGAAGAGAATGAACACCAGGCGCGTGAGCGAATCGCTGACCACCTTACCGCCCGCCTGGCGCGGCACCAGTGCATACCACGACACGTAGGCCGGCAGCAGCCAGGCGTACACGATGGCGTGGCCGGTGAACCAGAAGAGCGTACGCGTCAGCAGCGGATCGGTCCGCTCCACCCAGCCAAACGACCAGGGAATCAGGAAAAACAAAAACTCGACGGCAATGGGCAGCGAGGCCAGAAACCACATCACGTAGGAGACGATCGAGATGTGGGCCAGCAGCGGCATGCGCACGCCCGGATTCTCCCGCTTCCAGCCCCGCCAGGTCAGCAACATGTTCAGCAGGGCCAGCCAGGTGCTGATCACGACGAAAACCAGCCCCACGTAATAGGTCCAGTGCGCCTGCAGCGGTGCGTACGAGGTGTAAAGCACGCTGGCCTTGTTCGTGACCACCGCGTAGATCACGAGCAGGTTGCCCAGCACCAGCGTGCCGAAGCTGGCCCAGAGCAGCCGCTCGTCCAGGCGACGCGAGAGCGCCCGCGCTACCATGAGCGGCAGAAAAGCATTCGAAAAAGAGAACGTAAAGATGATGGCATTGGCCACGCCGTGGGCTGTCAGGCCCTGGTAGTAGCTGCGCAGGGCCGGAAAGAAACTCAGAATGTTGATGCCCGCGTATGAGAGGGCCTGTGCCAGTCCATGAAAGATGCCGGCCGTCAGCGCCGCATAGCCCACGTACAGCGTCCAGCGCAGCAGGCGGCGCTGCGTTTCGGGCAGCGTAAACGGGGTCGGATCGGCCACGACCGGCGTCGAGGCTGCAATGTGCTCTGCCATGGCTTATTCCACAATGATTTTTCCGTACATGTTGTGATGCCCGGCGCCACAGTATTCGTGGCAGATGATCAGGTACTCGCCCGGCTTGCGGAACCGGTAGGTCAGGCGCGAGATCTGGCCGGGGATGAGCATCATGTTGACGCGCGTGCCCTCGATGTGAAAGCCGTGAATCACATCGAAGGTCGTCGCGATGAAGTTCAGCTCGGCCCCGACCGGCACGCGGATCTCGGTAGGATGAAAGCGCCAGGCCTGACCGATAATGACCACATCGTACTGGTTGGGTCCGGTCTGGTGAACCCCCGGATTGTCGAAGGGCGGCGTCGTGAAAACCTTGCCGGGCTCGATCTCGCCGGCGCGTCCGGGCAGGTGAATGCCCATGGCCACCGTGGCATAGACGAGCGCGGCCATACACAGCACCAGCAGCACGCCGCCCAGCGCCATAAAGGCCCGTTCGTAGGTGTGTACTTTCATAGCCTCACCGGTTTAGCAGCAGATAGTAGACGATCACCCAGAAACCCACGACCATTGCCAGAAAGATCATGGTCAGAAAGAGCGTGCCCCGCACATCAGGCTCTTCCGGCGGTGCAGTCTGACTCCCTTTGGGTTGCTGTTCGGCCATAGCTCCCGTCCCATTTTGTTGTTGATTGGATTCAGCTCCCTGCCTCCATCCAGCGCTGCGTCTGCCGTCCCAACCACCGCAGCCAGACAACGAAGACCACCAGCAACGGCAGCGAGATCAGCAGGCGCGTCGGATTCACATGGAGCGCCAGCAACTGGTTGAGCGTCTCCCACAGATAGGCCACCACGGGCACCCCCAGCAACACGACCAGCCCCATCCGCACCATCATGCCCCCTACAGAGGGTTTTGAAATCTCTGTCATAACAACTACATGGTTTGTTTTATTTCCTAATAGAAGGGCTTTAAATCCGAAAAAGCAAGCCTCCCTTTGTAAAGAAATTGCGACGCGCTGTTTATTTCGACGCGAACAATGAAAAGATTTTACACCATGTGCATAAAATGCGCACCCCTGCTGTATAAACGCCCTTAACGGCCTCCTTCTGAGGCTGGCATGGGCTTTGACGTACAACTTTCCTGTAATCACACCCCAAAACCAAACCGGTAAAAGAAGTCCTATGTGGTGGAAAAAAAGCATTGCATTGTTTTCGGCATTGTTGCTGGTGCTGGCGCTGAGCGGATGCGATGGCGATAGTGGCACGGCTACCGTACGCGTGCAGGGACGCGTCACGGACAATCAGGGGTATGGCGGTGCTCAGGAGGCGTCCAAGCAGGCCGCTCCGGCCCCACAGGCAGCTGTGGAAGGGGCCGTCGTCACGGCCGCGCGCGTTCAGGGCAACGGTAGCCTGCAGCCCCTGGATGGGCAGGTACAGACCGATGCTTCCGGGAATTTCACGCTGGACGTGGCCGCCCAGACCGGCGACGTGCTGATGCTCCGCGCTGAAAAGGACAACTTCCGTTCGGCGGTGCTCGTGACAGTCAATGTCGCCGGCGGCGGCACGGTTCGCGCCATGCCGATGACGGCCGAGTCGAAGGCGGAAGCGGAGGTGTATGTGGCCGTGCGTGAACAGGACGACAATGCGCGCGAAGACGCAGAGGATGCGACGCCGGCGCAGGTGTCGGTCTACGTGACGGCCGATCTGGCGGCTCAGCTTCAGGCCGGCGGCATCACGGCTGCCCAGGTGGCCGCTGCGA
NZ_AP019796.1_gap59	2016954	2019588	2634	CGCCGGCAACATCGGCCGTGCTTTGATCGGCGGCCTGCTGCGCGGCCACGAACTGGCTCCCGAGCAGATCCGCGCCACGCGGCGCAATCCGGCTGCCCTCGAAGCGCTGCAGGAGGAATTTCCGGGCATCCAGACCACCACGAACAACCTGCTGGCCGTGCGCGACGCAACGCTGGTGGTGCTGGCCGTCAAGCCGCAGAACGCCCGGGAAGTGATCGAGGAAATCCGGGCGCACGTGCAGCCCGAAGCGCTGATCCTCTCGGTGCTGGCGGGCCTGACGACGGCCACCATTGAGCGGCTTTTCGGGCGGCCGCTGCCGATCGTGCGGGCCATGCCCAACACGCCCGCGCTCGTCGATGAAGGCGCCACGGCGCTGGCGGCCGGCGCCCATGCCCGGCCCGAACACCTGGAGCTCTGCCGCCAGATTTTCGAGGCGGTCGGCAAGGTCGAGATCGTGCCCGAGTACCTGATGGACGCCGTCACGGGCCTTTCCGGAAGCGGTCCGGCCTACGTGTTCATGTTCATCGAAGCGCTGACCGACGCGGGCGTCAAGCAGGGCCTGCCTCGCCCGGTCGCCTTCCGGCTGGCGGCACAGACCGTCTACGGCGCGGCCAAGCTCGTGCTGGAAACCGGTCGCCACCCGGCCATCCTGCGCGACGAGGTCACCACGCCGGGCGGTACGGCCATTGCGGCCGTGGCCGAACTCGAAGCGCATGGCCTGCGCACCATGCTGATCAACGCCGTCGCCACGGCCACGCGCCGCTCCCAGGAGCTGAGCCAGCTCAACAACCACGACTGAGCGGCCGCATGGTCACAATCATCGACTACGGGATCGGCAACCTGCGCTCGCTGGAGAAAGCCTTCCAGGCGGTCGGCGCCGAGGTACTGCGCACCGATCGCCCCGACGACCTGCTGCAGGCCGAGCGCCTGGTGCTGCCAGGCGTCGGAGCCTTCGGAGCCTGCATGGCGGAATTGCGCCGCCGCGGGCTGATCGCGCCGATCCACGAAGCCGTCCGCCAGGGCATTCCGCTGCTGGGTGTCTGCGCCGGCCTGCAGTTGCTTTTCGAGGAAAGCGAAGAGCATGGCCGCCACGAAGGGCTGGGGCTGCTGCCGGGCCGCGTCGTGCGCTTTCCCGAGACCACGGCAGACGGCCGGCGGCTGAAAGTCCCCCACATGGGCTGGAATACGATCGCCCATCACCGTCCTTCTCCCCTGCTCGAAGGGATCCCCGACGGCGCCTACTTCTACTTCGTGCACTCCTACCACGCCGTGGCCGAAAACCCCGACGACGTGCTGGCCGTCACCACCTACGGCGATGTGACCTTCCCGGCCATCGTCGGGCGCGACCGCGTCTTCGGCGTGCAGTTTCACCCCGAAAAGAGCCAGCAGCACGGCCTCCGGATCCTGAAGAATTTTTTGGATCTATCTGCATGAACGGGCTTTAGACCTGATAGATCACATACCTGATTGTTTTCAGAAGCAATGCTACTGGTCATTCCGGCCATCGACATTCGCGGCGGGCGTTGCGTGCGGCTCTATCAGGGGTCGTACGAGCGGGAGACGGTCTATTTCGACGATCCGGTCAAGATGGCCTGCCTGTGGCGGGTGCAGAACGCCCGGGTGCTCCACGTCGTGGATCTCGACGCGGCGCGCGGTCAGGGCCATAACCGCGAGGTGATCGGCGCCATCTGCCGCACGGTGGACATCCCGATCCAGGTGGGCGGCGGTGTTCGGACGCTCGAAGACATCGAGGCCCTGCTGCAGGTCGGCGTCTACCGGGTGGTGCTGGGCACGGTAGCCGTCCGCGAGCCGGAGCTGGTCTCGGAGGCCATCGCCCGCTACGGCTGCAGCCGCGTCGTGGTAGGCATCGACGCACGCGACGGCGAGGTGCGCGTGCAGGGCTGGACCGAGGGCACAGGCGTCGATGCCGTCGAACTGGCGCTCGACATGGAACGGCGCGGCGTGCGCCGCTTCGTCTACACGGACATCAGCCGCGACGGTACGCTCGAAGGGCCCAACGTCGAGATGTACCGCACGCTGGGCCTGCACCTGAAAAAAGCACGCATTACGGCCTCGGGCGGCGTTAGCGGTTACCGTGACCTGATGCGGCTGCAGGAGCTGGAGCCCTACCGGGTCGACTCGGTCATAATCGGCCGGGCGCTCTACGAAAACCGATTCCCCTGCCAGCAGTTCTGGTGCTGGCACGACAAGGAGAACGTGGACCTGACCCGCTTTTCGACGGCTCCCCTGAAACGCGAAATCAAACTACCCACCGCCGAATAGCATGCCGCTGGCCCGTCGCATTATTCCCTGCCTGGATGTTGACCGCGGGCGCGTGGTCAAAGGGGTAAATTTTGTCGATCTGGTCGATGCCGGTGATCCGGTCGAGCAGGCCCGCTTCTACGATCAGGCCGGCGCCGACGAGCTGGTCTTTCTGGACATCACGGCCACGCACGAAGGTCGCGCCATCATGCACGAGGTGGTGCGACGCACGGCCGACCAGGTCTTCATCCCGTTGACGGTGGGAGGTGGCCTGCGCACGCTCGAAGACATACGGGCCATGCTGCAGGCCGGTGCCGACAAGGTATCGATCAACTCGGCCGCGATTCGCAATCCGGAGCTGATCACGGCCGG
NZ_AP019796.1_gap60	2020590	2024244	3654	TGCGGACAATGGGATCCGATGAGGGCGTCTCCTGGAGCGGATAGTCTTCGGGAATCGGGCCATCTTCGGCCCACCGTCCCTTCGGACACCAGCCGCCGATGGGAACCCCGGCCGCCCGCGCGGCGTCGAGCGCCGCACGATCGACCCCGGTCTGCCCACCGGAAACGACACGTTCGAGCTGCCAGCTTTCCATGTTGCGTCTGTTTGTTGCACTGGACCTGCCGGAAGATCATCGCCGCCGGCTCTATGCCCTGCGCGATCCCTCCTGGAAGGCACGCTGGGCCACGCCGGACCAGTTTCACCTGACGTTGCGCTTTCTGGGTCCCGTCGAGGAAGACCTGCTACCTGAGCTCACGCGGACGCTGGCCGAGATCGAAGCCCCGGCGTTCGAACTGGCGCCCCGTGGCCTGATGGTCCTGCCCTCCCTGACCCGTCCGCGCGTGCTGGCGGCGGCCGTCGATCCGGTGCCAGAACTGCACACGCTGCAGGCCGAAATCGAACGGCGCGTGGTCGATCTGGGTTTTACGCCGGAAGATCGGCCGTTCCGGCCGCACATCACGCTGGCCCGCCTGAAGCAGGTCCCGACCGCCGCCGTACGGTCGTTCCTGCAGCGACATCGCGACTTTGCGCTGACGCCGTTTCCGGTGCGAGCCTTCCATCTATACGAAAGCCATCTGCATCCCGATGGGGCACGCTATGAAATTCTCCACCGTTTTCCGCTTCAGCCTTAACCACCTGCTGCTTCTGGGGCTCTGTTGCAGCTTCTGGACGGCGGCCGCGGCACAGGATGCCGCCCGCCAGCTCATGGAGCGGCTGCGTGCGCGGTACCAGCAGATCGACGCACTGCAGGCGTCGTTCGTGCAGATCCTGCAGACGCCCTATGCCGAGCGACCCGACACGCTGCGCGGGCGGCTCTGGCTGCAGGGCGACCGCTACCGCGTCGAGACCCCGCGCCAGACGATCGTCACCGACGGCCGCACCACCTGGGTCTACCTGCCCGACACACGCCAGGTACTCATCAACGACTACGTGCCCGATGAGACCGGCTTTTCGCTCAACGAATTTCTGCTCCACTACAGCGATCGCTACGAGGTGCTTGGCGGAGAGGCCGTTACCTATCAGAACACGGCGTATCACCGATTGCGCCTGCGTCCGCTCCGACCGGAAGCGCCGTTTCAGGAGGTGGTGCTCTGGGTGCGCGACCGGGACCTGCTCGTTACCCGCGTGGACGTGCGCGACGTGAACGACTCGCGCATGACGTTCCTGCTGTCCGATCTGGTGCTGAACCCTGCGCTCTCGCCCGAACTGTTCACGTTTCGCCCGCCGGACGGGGTCGAAGTAGTGGACCTGCGCCAGTGATTCATGGCCCGAACCGAAAAGCTTCGCCCGCTGCTTTTCCGTCTCGGAAGTTTTGCGCTGGGCCTCGGTCTGCTCTATCTGGCCCTGCGCGGCGCCGATCTCCGGGTGATCTGGGAGGATCTGAAGCAGGCCGACTATCGCTGGCTGGCCCCTCTTGTGGTGCTGACGCTGCTGAGCCACCTGATCCGGGCCTGGCGCTGGCGGCTGCTGCTGGAAGCCCTGCCCGATGCAAACGGCCGGCGCCGTCTCACCATCGCCCGCGCTTTTCAGGCGCTCATGATCGGCTACATGGTCAACTATGCGGCCCCCCGGCTGGGCGAGCTGGCCCGAGCGGCCAGCCTGAGCCGTACCACCGGACTGCGCCTCAGCAGCGTGCTGGGCACGGTGGTGGCCGAGCGCCTGCTGGATCTGCTGGTGCTCGTGCTGGCCCTGCTCAGCGTGCTGGTCATGCTACTGGATCGGTGGGCGGAACTGCATCGCCTTTTCGTGGCGCCCTGGTTTCAGAGCGGATCCCTGCAGCTTCTGGCGGTAGGTGCCCTGCTTGTGCTGCTGCTTCTCGGGCTCGGTGTCTATCTGGGACGTCGGACGCCCCTGCTCCGGCGCATCGGTCGGCGACTACGTGGACCGCTTGCCGCATTCAAACACGGACTGTTCACCGTGCATCGCACGCATCGGCCGGTGGCTCTGACGCTCAGCACGCTGCTGATGTGGGCCTGTTACTGGGGCATGGCCTATCTACCGCTGGTCATGCTCCACCTGAGCCGGCCCTGCGGGCTGGGACCGGCCGAGGCCTGGATCCTGCTGGTGCTGGGCGCCGTAGGCGTGGCCCTTCCATCGCCCGGCGGACTGGGCTCCTACCACTATATCACGGTGCAGGTTATGGTTCACCTGCTGACAGTCCCTCAGGCGGCGGCCGCCACCTATGCCGTGCTGACGCACGGTGCCCAGATGGTGCTCTACACGCTGATCGGCTTTGTCTGTCTGGTGCTGCAGGGTGGTCACTGGCGGCCGCCGGACGACACCGGTTTAGAAGCGCTTCCAGCCACATTTCGAACCCCTTCCACGTCCCCCTGAACAACGGATCAGTAGCGCTTCCTTTCCATTGATTTCAAGAAATCGACCGTTCACCCAGTTGCTTCTGCGAAGCGCTACGGATTCATGTAGACTTCCTACCAGTCGCGCAGCCACACGTACCCGGGTTCTTTCACAATCAGCAGCCGGACCTATGGAAGCCCTTGTCAAACACCGCAACCCGCTGGCCGATCTGATCAGCGACGAGGTGTACCAGTTGCTGGTCGAGCACAATCTGCTGGATGCCAAGAGCGTCCGCGACTATCAGATCCGCAAACGCTTTCGGCAATTACGCGCTCAGAACGTGCCCGCCTACGACGCCATCGAGCGGATCCAGGAGGAGTACCCCTACCTGCAATTCGATACGATTCGGAAGATCGTCTATCGGGGTAACGGTACGCGCTAAGGGCGCGTGCGGGTGGCCGCAAACAGCAGAATGCCGGCGGCCACCGAGACGTTGAGCGATTCGACGGGGCCGCGCAGCGGGATCGAGACGAGCAGATCGCACGCCCGGGCCACACCGGAGCGTAGCCCGCGTCCTTCGTTGCCCAGCACAAGCACCAGCGGCCGGTGCCAGTCCATCTCCCACACAGAAACGTCGCCGGAGGGACTGGCGCCGGCCACCCAGAATCCGTGCGCTTTGAGCGTCTCCAGCGCCCGGGCCAGGTTCGTTACATGGGCGATGGGCACGCGCAGGGCTGCACCGGCGCTGGCTTTGAGGGCGGCAGCGTTCAGCGGGGCCATGTGATGCCTCGGCACCAGCACCCCGGCCACGCCGGCCGCCGCAGCCGTCCGCAAAATAGCGCCGTAATTGTGCGGGTCTTCGATCTGGTCCAGCGCCACCAGCAGCGGCTGGCGTTCCTGAACGGCTTCAGGTGAAGGGGCTACCGCTTCCAGCAACTCTTCCAGCGTTCGGTAGTGCACCGGTGCCACGAAGGCTACCACGCCCTGGTGCACGGCCCCTGCGGCCAGCCGGTCCAGTCGGGCTTTCGGAACGACCTGTACGGGAACGCCGTGCGCCCGTGCCGCCCGCCGGATGGCCTCGATCGCCGGCCCGCCGACTCCCTCCTGGAGCAGCACCTTCTCCACGCGGGTTTCCTCCTGCTCCAGCGCCTCCCGCACCGGATTGCGTCCCACCAGCCGATCGATCGCTTCACTCATACCGCTGTCGAAGTCTGAATACGACGGGCTAGATGCTCGAGTCGCTCGTGCAGATGGGGCACG
NZ_AP019796.1_gap61	2038907	2039522	615	CCCAATCGACCCGCCTTCCGCCTCCAGGCCTGGTCGGTCTGCGGCCTTTCGCCCGGTCACCATCGTGTACGACGCCTTCGGCATCGAAGAAGGACCCTTTGAACGTAGCACGCACCGCATCCGGCGGGGCGAGACGTTCGCCGACATCCTGACGCGCTACGACGTACCCTATGCCGACGTGCTGGCGCTGGCCGAAGCGGCGCGCGACGTGTTCAACGTGCGTCGCCTGCAGGCCGGCCGTCCGCTTCACGTTTACCGCGACTCCACGGGCGCCCGCGTGTTCGTCTATCAGCCCGATCCCGTGCGATACGTGGTGTTCGACCTGCGCGAGCCGGTGCGGGTCTATACGGGTCGGCGGGCCGTCGAGCGCGTACTGCGCACCGCACAGGGCGTCATCGAAAGCTCCCTGTACGAGACGCTTCAGGCTGCCGACGCCGATCCGGAACTGGCCGTTCGGCTTTCGGAGATTTTCGCCTGGCAGATCGACTTTTACCGCATTCAGCGTGGCGACCGCTTCGTGGCCCTCTACGAAGAGACGCTGATCGACGGTGAGCCGGTAGGCATCGAACGGGTGCTGGCCGCCCGCTTTCAGCACATGGGCGAGGACTTCTACGC
NZ_AP019796.1_gap62	2050755	2053859	3104	TCATTTATCGCGATCTGGAGCGTACGGCCGCACTGCTCGAAGCGCATCTTCCCGGAGAAGGGGAAGCCTACGTGCGTTTCTGTAATCACTGGCTACCGTTTGCCGAAGCGGTATGCGAAACGTTCCTGCGCCCGCCGACGCCCTGGTCGATGGTGCGTGCGTTCAGCAGGCGGCGTCTGCCGAACTGGCGCCAGACGCTTCCACGCATTCTCAAACCGTTCGCACAGATTCTGGACGAATCATTTCGTTCCAAAAAGGTAAAGGCGCTGCTGGGCTGGATGGCGGCTCAATCAGGACCACCTCCGGGAGAACCGCTCAGCGCTCCGTTTCTGCTGTGGCATCCCCTCTATCATCGAGGCGGCATTGCCCGGCCACGAGGCGGATCGGGCATGCTGTCGGTAGCTCTGGCGCGATGCATCGTGGATCACGGGGGACTGGTTTACACCGACACGCCGGTCCGCCGCCTGCTCTATGAGCAGGGCCGCGTGACCGGGGTCGAGCTGGCCGACGGCGACCGTTATACGGCCCGCGCCGTGCTCTGCGGTACGCATCTGCTGGAAGTGATCGACCGGCTGCTTCCGATTGCCGAACTGCAGACGCTTCGGTCCCTGCTCCGCGTCGGCAACGGATTCGGCATCATGCTACGGCTGGCGCTGAACGCACCCGTGCGTTATCGCGCCACGAACCATCCCGAGGCACGCATCGGTCTGCAATTGCTCTGCCGCTCGGTGGCACAGATCGAACGCGCCTACGGTGCCTACCGAATGGGGCAACCGGCCTCGGATCCACCACTGGTTGCCATGACATTCAGCGCCGTGGACGATACGCTGGCGCCTCCAGGGGGCGAGGTGCTCTGGCTATGGGGCCAGTACTTCCCCTACGAGCTGCACGGAAGCTCCTGGGATACCGAGGCGCCGCGCGTGCGCGAAATCCTGCTGCGACAATTCGAGCGCTACGCTCCCGGTACGCGTGAGCACATTGTCGGGGAACTGCTGCAGACGCCCGTCTGGCTCGAACGTGAACTGGGACTGCGCCGCGGCAACGTCATGCATCTGGAAATGAGCCCGGATCAGATGTTCGCCCTCCGTCCTGCCTTGGGATGGTCCGGTTACCGCACGCCGATTCGCGGCCTCTATCTTACCGGAGCCAGCACGCATCCCGGTGGTGGCATCATGGGCGCCTCGGGGCGCAATGCCGCACACGTACTGCTGCACGACTTGGAACGCCGCAGCCTATGAGCTACCTGTCGTTTCTAGCGCTGTTCATTGCGGTGCCGCTGCTTCTACTGCAACTTGCGCTTTACCGAAGCAACAGCCTGAAAACTTTCCGGAATCCGCACCGCGCTCTATGGCTGCTGGCTCTCATTGCGTTCGCCTACACCACCCCCTGGGATAACTATCTGGTGTATCGAGGCATCTGGAGTTATGGTCCGGACCGGGTGCTTTTTACGATCGGCTATGTACCGATCGAAGAATATCTGTTTTTCCTGTTTCAACCGCTTCTAATAGGCAGTCTCTTTCTACTCCGAATCCCGAAGCCCGCCCCACCCCATCCGCAACCACGCTGGCACCGGAGCCACCGGGCCGGCGTGCTGCTCTACGGGCTGCTGACCCTGCTCGGCTGGTTGGCCCTGAGCACGCCGCAGGGGCTGTACGCCGGCCTGATCCTGAGCTGGGCCGGACCTGTACTGATGGGCCAGTGGGCGATTGGCGGCTCGCTGGTACGTGCCTACCGCCGCCCCTTTCTTGAAGCGCTCCTTGCAGGCACCCTCTACCTCTGGGCCGCCGATGCCCTGGCCATCGCCGACGGAATCTGGACCATTCATCGGGCCACCAGCAGCGGGCTGCTTCTGGGAAACCTGCCCGTGGAAGAAGCGCTCTTTTTTCTGGTGACCAACCTGATGGTACTTCAGGGACTTCTTTTACTTCTTAAACCCGAAAATCACCATGACCGAAACACCTCATCGTCTGCGCGTGGGCATCAGTAGTTGCCTGCTGGGCGAACCCGTACGCTTCAACGGCGGTCACGCCCGCGATCGCTCCCTGATCGAATTGCTCGGCCCTTTTGTCGAGTGGGTGCCCATGTGTCCTGAAGTGGCCGTGGGGATGGGCGTTCCCCGCGAGGCGGTGCGCCTAGTGGGCGACATCGAGCGTCCCCGACTGGTGGGGTCAAACTCGGGCCGCGACTGGACCGACGCCATGCGCACCTGGAGCGAAGCCCAGGCCGAGCAGATTGCGCAAATGGATCTCGACGGCTTCATTCTGAAAAGCCGCTCCCCTACCTGTGGCCTGTTTCGCGTGAAGGTGTACGATCAAAACGGAGTGCCTCGGAATGAAGGTCGCGGACTCTTCGCCGACGCACTGGTCCGCCGGCTGCCTCTGCTTCCCATGGAAGAAGAGGGGCGCCTGCACGATCCGCTTCTCCGCGAAAACTTTGTCGATCGCCTGTTTGCCTATCACCGGCTTCGCCATCTGCTCCGATCACAGCCCAGACCCGCCGACCTGGTCCGTTTCCACACGGCCCATAAACTGACGTTGCTTTCGCACAGCCCCGCCTACCTCAAGCGGCTGGGGCAGCTTGTGGCCCGCGCCGGAAGCGACGCTTTTCCTGAGATTCTGGACCGCTACGCCCGGTTGTTTATGGAAGCCATGAACCGTCCGGCCACCCGCAAAAAACACACAAACGTGCTGCAGCATCTGGCCGGTTACCTCCACGAACACCTCTCGGCCGAAGACCGTGCCGAGCTACATTCGCTGATCGAAGACTATCGGCGAGGCATGGTGCCTTTGATTGCACCACTCATTCTGCTTCGGCACCACCTCCGGCGCGCTCCGGTTCATCCCTGGGTGAAGGTGCAGGTCTATCTGGAGCCTTATCCTAAGGAGCTCATGCTGCGCAATTTCTGATGCGATATCGGTCTTCTTCTATCGCGGGCGCAACGCGCGGAAGCGTTCCGAAGCGGGCGCGCCGGGCTGCAGCCCGACGGCCCGCTTCGGGGTTCGGACCGTGTCGAGGGTGCACACCGGTAGCGGATGCGCGTCGCGCGACCGCCTTCAGCAGGACAGCGGGCCGGAGTATCCGGGTTATTCCGTGGCCGGCGCGGC
NZ_AP019796.1_gap63	2066263	2067807	1544	CGCAGTCCTGCACAAGCACACCGTTGTGGAAGACCGTCATGCGGGCCGGCTGCAGAAGCCGCCCTTCGGCATCGAAGCGGGGCCGCCGGAACACGATGTCGTAGGTCTGCCACTGGCCGGGCGGTCGCATGGCGTTCACCAGCGGCGGATACTGGCCATAGATGGCGGCCGCCTGACCGTCGGGGTACGTATCGTTCTGATAGGAGTCGAGCACCTGCACCTCGTAGCGTCCCATCAGGAAAACGCCGCTGTTGCCGCGTCCCTGCCCTTCGCCCGTCACGTCCTCGGGCACCGACCATTCCAGATGGAGCTGTACGTCGCCGAAGGCCTGACGGGTCTGAATGTTGCCACTTCCGGGCACCACCTCCATGTAACCGTCCACCACACGCCAGCCGGCCGGTCCGCCGCCGACCCGCTCCCAGGCCGACAGGTCCGTGCCATCGAACAGCACGATGGCGTCCGAGGGCGGTGCCGTCGGCCGATCGAACGGGGCCGGCGTCACCACCGGCGGCCGCGGCCGGTTCATGTCGTGGATAGCCCACGTCGTGTCGATCTGCGCCATGGTTTTCGTGATCCCTCCGTTGATGATCCACAGCGTTGCCAGCAGGATGATCCGTCGCATGGCCCGTTGCATTTCGTTGAAGATTTTTTTCGAATGCCGACGAACCGCAGGCACTTCTGCGCTCAGGCACGCCCTCCAATCCTCCCGGTGCGCCCTCCCCTTTCGGCACAGGCTACGATACAGGGCGCTTTCGATCAAGCGTGAATCCAGAAATCGTCCGAAAAATAGTTTCAAAAAAGCTCACTTTTGAACTGTAAATGAAGCACGACCAGCGCGCCTGTAGTCAGGCACGGAGCGAAGCGAAGTGCCGTCTCGGGTGACGCCACGTCGGCTGACGCCTTCGTGGCGTACTACAAACCCGTGCTGCTGACCCGCAGCGCAAAGCACTGGCTTATATGAGATCGCTGATTTACTGGTGCATGAGGGTATCACACCCCGTGTGGCGAACGTGATCCGGCGGGTATGATCGGGCGGACACAGGGGTCCGCCCCTACGTGGTAGAAACGTTGTCGTTTGTCCGGTAGGGGCGCACCGTAGCGTGCGCCCGTGCTTTTTCACATGCACAATGATTTCCCGGAATTCTCGTGTAAAAAACAGGGCTCCCGGTTTTCCGCCGGGAGCCCTGCCAGGAGGTGCGGCTCAGGCTACGGAAACGGCTTCATCGGGGCTACGCACCGCTTCACGCTGCGCCAGTCGGAATCGCCGCACCATCTCGTTCAATTCGTCGGTGAGCCGGCTGAGGTTTTCGGCCGCGCGGGCGATCTGCTCGACACCCCGAGCCGACTCGTGCGACAGGTTGGAGATCATCTCGACACTGCGGCTGATCTGATCGCTCGTCGTGGACTGTTCTTCGCTGGCCGCGGCAATCTGCGTCACCCGGTCCAGCACACGCTGCGCCCCCTCGACGATCTGCGTGAGGGCGGCCCCGGTCTGGTCGGCCAGGGCAATCCCTTCTTCCACCTCCTGGCTACCGCGCTGGATG
NZ_AP019796.1_gap64	2083112	2086669	3557	ATTCTGGTAATCGTTCTGTTTTCTCTTAAACCCTGTTTTCAACCTCAAAGCGTCGCCAATTCTGATAATTGCTTCGCCTCACTCCCCTTTGAATGGCCCTTTCATACGACTGATCACTGTGCCGCGTCAATTCGCAAACACGGATACCTCCCTGTTCGTCTTCAAAATAGAAAAGGCGCTCGTCACGATGTCCTTTTGGAAAAACAAAGCAATCGCAATTATGTACCTGATCAGATCCGCTGCGTCGAAGTTCTTGCAGGCGTAGTTTTGCCAGCGTACGGTCAAAAAGAGCCTTCACAGCTGGTTCTGCCTGTTCATAGGTGCGCCAAGCTGAGTCAGAAAGCCATACAGGCGTCCCTTGCGCCTGCTCCAGTCGATTCTGGTAAGCTTCGTAAAAAGCTTCACCTGTAGGCGACAGGAAGGTATATCCTTCCTCTTCTGTCAGCAGCAAATGGATTTCCTGAGTTCTGGGCAGCCCACGCAATCGATTCTCAACCTCCCTGGTATCTCTGTAATCTGCATGAATCCATTCAAAAAATTCTTCATACTCGGCCAGCAAAGAATAATCCCATCCGATCGGTGTTGGAGGCATTTCAATAATGTCTCGAAAGGCTTCATGAATGTAGTACACGGGCACATCAAACAGCAGTCCTACCAGGGTAGCATAGGCAATTTCCGCCTTGAAGCCACCGGTCGCATTGATCAGCACCTCGCGATTTTGCTTTCGCTCTCTTCGGATAAGTTCGGTCAGCGTCGCTACCAGAGAGCGTAACCCTCTCATCTTGAAGCGACGCTCGGCATAGGTAAGATCCTGGATTTCAAGTGATTCTGCCTGATACCCTTCGCTATTGTAATAACGCCTCAGGGCTTCTGCACAGAACTGCCCCTCTTCTGTCTGAGAATGCAGGAAAATAAGCTTGTCTCCTTCCTGAAGCAGTCGAGAGAGGGAATTCGTCTCTGCACTGGCCTGCTCTGGCGAGGAGTGCCTGAGGTAATGGGCAATCTCCTGGTCGTTCAGCTCCTGTTTTTTGAACTCCTTCCGAGCGTTGGCCAGTAGCGAAGTTCCTACCGTAATCAATAGCGTTCGCATAGCAGAATACTCATCTGGACTTCCACAACCCGGAAAGAGACACCTGGCGAACCGTACCATCTTTTGCCCGTTGGCTCACGGTCACCCAGATAAAGGTGCCTGGTTGAAAGCTTTCAAGATTACGTGCGCCGGTACAGGGAATAATCCGGTCGGCATAACCCTCTACCAGCAAGCGCACCTTTACCGGACGCTGCCTATTGTCCACCACTTCGGCCGGAATGCGTTCTTCTTGCTTTCGAGGTAACTCTTTGAGCACCTCAGGGCGATCCGATTCCGAACCGGCGTTCGAAGACGCGGACTCGGTAGCTTCTTTATCTAAGCCACTCCGCGCTTCTCTCCGGCATTCCCTCCAGAGCCCATAGCCCGCCACCGTCTTAGCTCCGATGCCCATTTCCGTCAGGGCCTTCGTAAGCCATCCCTGGGCCCTTTCCGCCAGGCCCCTCTCCCGCGAAGCCACAGCAAATAGGAATTCGCTCCCCGGGCCGATCGTGAGGAAGAAAACAGGCACAGGATTGTGGTAATCCGCCGGTGGGGCCACCCCTTGGTAATAGGGACCATAGTGAGGATTCATCACGTCGAGTTCCAGCGTCAGATTCGACGGATTGGCCGGAATAGCATCAAAGAAGATGACTTTTCCGGCCTGAGCTTTAGGCGGACTTTTACCGAAGACCTCTGCAAAAATAGGATCGTCTTCGTCTTTACCTTCCACGAGCCTGGCATACGCTCGGGTCACGCCTTTGAGCGCGCTGCCCGGAATAATGGGAAAGCCGTAGATCCGGTGCAGGCGAATGCTGGTCTCCAAGACGCTTTCAGCACCCAGACCAACGATAACGCGACTGGCAGCACACAAGGTGAACATTTGGACGATGTAATTCTGCGCTCTTAAGGCGTCTGTCATGCGGTCCCACCGGTTTCTATAAGCTGAAAGCAACTGGCAAAGCTCCGGAAGGGTGAAAGACCTGGGAATCCGCTGGCGCTTGTCCGAGGCTTCTGTGCGCTTGAGCTCGCCACGTGGTTTCTGCCATTCGGTGAAATGGTCTAGCCACAAACCTGGATTGAGACAGGTCTGAAGGCCGCTGACCTGATCTGCCACTTCCGGCGGTAGGGGAAAACGCCAGATTCTCTCCTCAGACGATCCTCGGTAGTCTGGCCTTCGTGGCCCTCTGTGAGAATGACGAGGCTTCGGCATATCAGTCCTCCGGCAGTTCGGCTTCGGCGAAGCGCTTGAGCCAGGTCAAAAAAGCCAGTGCCTCCGTTGTCGCTCTACGGTAGGCAACGCTGTCGTTCTCAAGCACCCATTGGAGCAGGTCTCCATTACTGGCTGTCGGGCTCGGAGCCACTTGACTCACGACCCAGTTGGAGAGATGGCGGAAGAGTACCGTATGCTCATTGGCAGGGTCGTTTTTGCCTTTTGCCTTGAGAAACGCCAGCGTCTGTCCCAAGCCGTTCGTGAGGACCAGCATCGGGACTTTGCGGGCAAGAGAATTGTACTTTTTCTTGAAGCTCTCAGGATCTTCCAGATTCTGGGCCTGGCTCAATACCTCCTGCACGCACGTCCACGCCCGTTCAGCCCGCTTCTGTTCCAGGGTTTTCTGCAGGGACTTTGTGCTCATGGCTGACCTCCCGTTTGGGTCCCACTCGTTGCCTGAGCCTGGCCTTGCCCTTCTACAAAGCGCACCTTCACGATGCCCCGACCCACCGTAGCATCGCCGCCCAGTTGGAGGCGTTTGCCGTCTACGGCTTCCCTTACGAATTCCAGAATCTTCTCAACTCGATCATTTGCTTGTTTCCAATCATCGGGCAACTCATCGTCTTTCACTCGTGGCTTGCTGGCAAAGAGTGTCGCGTACAGGAGCGTCTCGGAGGGCAGATGCTCCTCGGTCCAGAGGGCGCCCCGCTCCACCGTCTTTTTAGTGTCATCAATCCGCACCCGGGCAATGACCTCTGTAGAGAGCTGGACGAAGTCCCGAAAGGCGTTTTCGGGCAGGATCACCAAGCGCTTTTCTAAGGACTCGCGCCAGTATGTGTACTCATCCCCCTGAGGCATGGCCTTGTCTTGAAACCATTTTGCGATGTCTGCTACGGTGTTGTTCTCCTGCGCCGTAAAGGCAAATTCTTCTAACACCACTCTTCCGTTTGCTACCACCCCACTTCCATTGGCTACGAATGCGGTCCCGTCGTCTGTCGGTGCGGGTCCGATCGGCTCCCAGTTCACCTGAAGCCCTGCCATTTCCGCTTCCCGCTTGAAGCGGGCCAGGACGTTCTGGCTCGTGACCCAGGCAAAGACGCCCGCAAGCGAGCGCACCGGAAAGAGCAGAACGCGGGCGTCCCCCACCGAAAGCGCTCCGGCGTGATCGGACGCGCGCTGTGTCTCCGGGCCGAAGACAATCTCCACCTTTTGCGTGTCGCCTGCTGCCACGTCCCGCAGGCATCCTTTCAGACCGGAGGCCTGGATCATGGGGTAGCC
NZ_AP019796.1_gap65	2117108	2120147	3039	AAGCGCTGCACGTGACCTCGACACGGGCCGGCCAGGTCTTCGGCCGTCACACGATCGGCATCTGCGGTCCCTTTGACGAACTGACCCTCGAACACAACGCCTACAGCCGCGACGGCTTTGCCGCGGGCGCCCTGCAGGCCGCCCGCTGGCTCGTCGGCCGCCGCGGATTCTTTTCGCTCGACGACATGCTGAGCGAATGGCTGCATGCGACAACCAACCGGAGCTGACGCCATGGCTGCGCAACCTGTATTCCGAGGAACGGCGCCCGCCCTCGTGACGCCCTTCACGCGCGACGGCAAGGTGGACGAACCGGCGCTGCGCCGGCTGATCGACCGCCAGATCGAGGGCGGCGTCGATGCGCTCGTGGTACTGGGCACCACCGGCGAAAACGCCACGATCTGGCCCGACGAGCGCCGCCGCATCGTGGAGTTGACGCTGGAGCATGTGAACGGCCGCGTGCCCGTCATCGTGGGCACCGGCAACAACTCGACGAGCGAGAGCCTGGTCTTTTCGCGCGAGGCGGCGCAGGCCGGCGCCGACGGCCTGCTGATCGTGGGCCCCTACTACAACAAGCCCCCGCAGGAAGGCTTCCGCGCCCACGTGGCGGCCATCGCCGAGGCGGTCGATACGCCGATCATCCTCTACAACGTGCCCGGCCGCACCGGCTTCAACATCACGGCCGAGACCACGCTGCGCCTGGCCGAGGAGATTCCGACGGTCGTGGGCATCAAGGAGGCTTCCGGCAACCTGGCCCAGATCACCGACATCCTGGCGCACCGGCCGCCCAAACTGGCCGTCTATGCCGGCGACGACGAAATCACGCTGCCGCTGCTGGCGCTGGGCGCCGACGGCGTGATCTCGGTCGTCTGCAACGCGCTGCCCGAACGCTTCACGGCCCTGGTGCGGGCGGGACTGGCCGGCGACTTCGAGCAGGCACGCAAGCTGCACTTCGAGCTGCTGCCGGCCATGCGGGCGTGCTTCTATGCGACGAACCCGATCCCGATCAAGGCCGTGCTGCACGCCATGGGCCTGATCGAGGACGTGGTGCGGCTGCCGCTCGTGCCGCTCGACGAGGCCACACGCCGCCGCGTGCTCGAAGCGTTCGAGGCGTTCCTGGCGACGGCCTGATCAGCCGGCCTCTTCCAGCTCGAACTGGAGCGCCCGGAGCGAATAGCGAACCTCGAACACGAACAGCACGACGGCCACGCCGACCAGCGCCACGGCCACAAACAGCAGCAGGCTCTTGACGGGTTCGAAGTGCAACGCCCACAGTCCTTCGATCACCGTCAGGAGCACGATCAGACTGCTGGCCAGAATGCTGGTCAGGATCGAGAGAATCGCGTTTTTCATCACATGACAGCGCCGGTAGATGATCTGAATGGAGTGGCTCAGGCGATCCCGTTCGTGCGGGTCTTCCGTCCGGGACCGCTCGGCCATGAGCTGGCGCACGCGGTTGAGGGCGTGGTGGTAGCGATTGATCATGCTGAGCAGGAGCAGCCCGACCCCCGAAATCAACGCAACCGGCGTCAGCGCCGCGCGCAGCACGCCTTCGAATTCTGCCGACATGGCTCGTTCTGGAAAAGGCCGTGGTTGATGGACACCGGCCTTCCTTCTACGAGACGAATCGCCATGTTCCGTCAGTTTCCGAAAATTCCTGCAGTTTACACCGAGCCATGATGTTGACCGACGTCCACGAAAAGCTTCGCCAGCGGATCGAAGTGCTGGCCGCGCAGCCGACCGAGACGCTGGACCTGCGCGCCGCCCGCGAGGCGTTCGAAGAACTGCTCGACGGCCTGAACCGGGGCACGATCCGGGCGGCCACGCCCACCGAAGACGGCCGCTGGATCACCCATGCCTGGGTCAAGCAGGGCATCCTGCTGGGCTTTCGGATCGGGCAACTGGTCGATTACTCGACGGAGCGGTTTCCCTTCTTCGACAAGGACACCTACCCGCTCAAGCCACTTACGCTGGCCGATCGGGTGCGCATCGTACCCGGCGGCTCGTCGATCCGCACGGGCGCCTACCTGGCGCCGGGCGTGGTCTGCATGCCGCCCATGTACGTGAACGTCGGCGCCTATGTGGACGAAGGGACGATGATCGACTCGCACGCGCTGGTCGGAAGCTGTGCACAGATCGGCAAGCGCGTGCACCTGTCGGCCGCCGCGCAGATCGGCGGGGTGCTCGAACCGGTGGGCGCCCGGCCCGTGATCATCGAAGACGACGTGTTCGTGGGCGGTGGCTGCGGCATCTACGAAGGCTGCCTGGTCCGGAAAGGGGCCGTGCTGGCGCCTGGCGTGATCCTGACCGGCTCGACGAAGCTCTACGACCTGGTGCACGAGCGCATCCTGGCCCCGGCACCCGGCGAGCCGCTGGAGGTGCCGCCCTACGCCGTGGTCGTACCCGGCGCCCGCGCCGTCCGCTCGGCCTTTGGCGAGGCGCACGGCCTCTCGCTCTACACCCCGGTCATCGTCAAATACCGCGACGCCCGTACCAACGCTGCCACCGCCCTGGAAGAGAGTCTGCGATGAGCGTGCTTCCTCCTTTGCAGATCGAAATCGAAGGCACCGGCATTTCCCGGCCGCTCAGCGAGCACGTGAACCTGCTCGGCGGCCTGCTGGGACAGGTCATTCAGGAAATGGCCGGTCCCGAAATGCTGGAGCTGGTCGAGACGCTGCGACGCCTGTGCAAGCAGGCGGCCCTGGACAGCCGCCCGGAACTCCGGGAGCAGGCCTACATGCGTATCCACAGCGCCACCTACGACGAACTGCTGTGGCTGCTGCGCGCCTATACGGCCTTTTTCCACCTGGTCAACCAGGCCGAGCAGCAGGAAATCATCCGGATCAACCGGGAACGAGCGCAGCAGAGCACGCCCGAACATCCGCGTCCGGAGTCGATCGATGAGGCCATCCTGGCGCTCAAGCAGCAGGGCCGGACGCTCGACGAAGTGCTGGCGTTGCTGGAGCGGCTGGACATTCAGCCCACGCTGACCGCCCATCCCACCGAAGCACGCCGCCGCAGCATCCTCTACAAGCAGCAGCA
NZ_AP019796.1_gap66	2127030	2129697	2667	CGTTTGCCGGGGTTCTGTACGCTCGGTTCTTGATGAGAGCTATTGCAGGAAGTCGTTTTCATCATCAAGAACCGATCAAGGCCTATGCAGCCACAGACGCGTCTGACGCTGGCCGGTCAGCAGACCGACTCCAGCTACAACAGCATCGTTCTTCCCATTTACCAGTGCGCCACGTTCCGCTTCGAGGATGTCGGGTTGACGAAAGGATACGACTATTCGCGCAGCGGCAACCCGACACGGCGTGCGCTGGAAGAGGTGCTGGCCGACCTGGAGGGCGGCGCCGGCGCCGTAGCCACCACCAGCGGCATGGCGGCCGTTTCGACCGTGCTGGCCATGTTCGACCATGGCATCCATGTGATCTGCGCCCACGATTGCTACGGCGGCACCGAGCGGCTGCTGAGCCTGCTCGCACGACAGAGCAAGCTGGAGGTGTCGTTCGTCGATCTGCGCGACCTGCAGGCCGTCGAGGCGGCCATCCGACCGAACACCCGGATCATCTGGGTGGAAACGCCCTCCAACCCGCTGCTGCGCATTGTCGATCTGGATGCGCTCTGTCGCTTCGCGAAAGCCCACGACCTGCTGGTGGTGGTGGATAACACCTTCCTGTCGCCGCTCCAGCAGCGACCCATGGATTTCGGCGCCGACATCGTCGTTTACTCGACCACGAAGTACCTGAACGGCCACTCCGACGTCATCGGCGGGGCGGTCATCGTCCGCACCGAGGAATTGAACGAGCAGCTGCAGTTCGTGGCGAACGCCCACGGCACCATCGCCGGACCCTTCGATTGCTGGCTCGTGCTGCGCGGGCTGAAGACGCTTCCGGTGCGCATTCGTCAGCACGAGCACAACGCGATGGCCGTGGCGCGCTTCCTGGCGCAGCATCCCAACGTCGAGCAGGTTTTTTATCCGGGCCTGCCTTCGCATGAAGGGCACGAGATCGCGGCGCGCCAGCAGAAGGGGTTCGGCGGCATGGTTTCGTTCACGGTCAAAGGGGGCCTGGAGGCCGTCCACCATATCCTGCGGTCCACGCGGGTGTTCACGCTGGCCGAATCGCTGGGCGGCGTCGAGTCGCTCATCGAGCATCCGGCCACGATGAGCCATGCGTCGATGCGCCCGGAACAACGCGAGGCCGCCGGCATTACGGACAACCTGATCCGCCTGTCGGTCGGCATCGAGGCCACCGACGACCTGATTGCCGACCTGGAACAGGCGCTGGCCTACGAACCGGCCACCGTTGCCGCCTGAAGTTGCGTTCGGCGGATTTCGGTTGTAAATTCCGGCAACCTGTTTTACAAAACGCCCGTGATTCCCATGCAGGTACCCGGCCTTTTCCCCTGTTGCGGTTGTCCGTGTTGTTGCCCGCACACGGGAGGGGCCTGCTGTACCTGTAGCCTCTGTGGTTGAACTGCAGCCGATCGTTCGATACAGCGCCCCTCCCGCCCTGCGGTGAGGGGCTTTTTCGTTGCGCATCCTGAACGTTTTCCTTTTTCCTGCAACTGCAACCATGCTGCATTCCCATAACCGTCCCGTTGAGCGCGGCAAGGTTTACCTGGTCGGCGCCGGTCCGGGCGACCCGGAGCTGATCACCGTGCGGGGGCTGACGCTGCTGCGTCAGGCCGAGGTGGTCGTCTACGACCGGCTGGTGCACCCGGCCCTGCTGGACGAGGTGCCTGCAACGGCCGAGCGCATCTACGTGGGCAAGACGCCCGGCCGCCACGTGCTGCCCCAGGAGGCGATCCAGGAGCTGCTGATCGACCGGGCCCGGCGCAATCTGATCGTCGTGCGCCTGAAGGGCGGCGATCCGTTCGTTTTCGGTCGGGGCGGCGAAGAAGCCCGTGCACTGGCACAGGCCGGCATCCCCTTCGAGGTTGTGCCGGGCGTCACCAGTGCCATCGCCGTGCCTGCCTACGCCGGCATTCCGGTCACCCAGCGCGGCGTGGCCGGCTCGTTTGCCGTCGTGACGGGCCACCGCTGCGACCTGGAGGCGCTCGCGCTGGACTGGTCGGCGCTGGCCCGCGTCGATACGCTCGTGCTGCTGATGGGGCTGCGCCGCCTGCCCGAACTGGTCCGCACGCTCCAGGCGCACGGCCGCGCGCCCGATACGCCCGTGGCCGTCATCAGCAACGGCACCACCGCCGCCCAGCAGTGCGTGCTCGGCACGCTGGCCGACATCGCCGAGCGGGCGGCGCATCTGAGCACACCCGCCACCGTCGTGGTCGGCGAGGTGGCCCGCCTGGCCGACGAGCTGGCCTGGTTCCATCCGGAGCCGACCCCCTCGCCTTTCAGCCTGCATCCCGAAACCCAGCCCTCTGAGCCCTGAGCCATGCGTGTCTATCCGATCTTTCTGAACAACCTGGAAGGACGTCGTTGCGTGGTCTTCGGCGGCACGCACGAGGCCGAGCGCAAGGTGGCCGATCTGCTGGCCTGCGGCGCCGACGTCGTCCTCGTCAGCGAAACGATCACGCCCCGACTGCGGGCATGGGCCGAGGAAGGACGCCTCACCTGGCACGCCCGCTGGTACCGCCCGGGCGACCTGCAGGGTGCCTTCCTGACCATCGTGGCCGTCACCAATCCCGAGGCGACCGAACCCATCTGGCAGGAGGCACAGCGCGAGCGCGTGCTGATCAACGCAATGGACGACGTGCCGCACTGCACTTTCGTGGCCGG
NZ_AP019796.1_gap67	2139485	2143426	3941	CTTTGAGCGCGTCGGCCTGTGCCTCGGCGGCTGCCACGCCCCGCTGGAAGATTTCTTCTTTCTCTTCCCAGAGGCTCAGCATGCCCACATGCGACACGTCCGGGGTGATCAGCACATCCGGCCGACAGGCCTGCAGCCGGTAGCCCTCCAGTTGCGTGACGACAATTTCCATGGCACGGCCGAGCACGTCGAAGCCGTTGGGCTGCCGCTCGCTGCCGTTGCGCCGGAACGTGCGCGAAAGGCGCTCGCTCCACATGCCCAGGCTGATCCGTCGCCCTTCGGCGTCGTCTTCTCCGTTGCGGCGGCGCTTGACCGGCGAGGGCTCCAGCGCCGTGCTTTCCCGATGCAGCCGGACGGCAATCGTGTAACGGGCGCCATGGTGCACGAGGGGGCTGACCGGCACATTGTTGCAGAGACCGCCGTCGACCAGCAGCCGCCCGTTGATCTCCACCGGCGCAAAGATCCCCGGAATGGCCGAAGAGGCCAGGATCGCATCCACTACCGGTCCCCGACTGAAGATTACCTCCTTGCCACTTTCCAGGTCGGTCGCCACCACGTAGAAAGGCACCGGAAGGTCTTCAAAGCGACAGTCCTGCAGGTGATAGCGGAGGTATTCCCGGAGTGGTTCGTTGGAAATCAGGCCCTGTCCATCGAATCGAATCGAAAAAAGCGCCCGTGTGCGCTGCTCCCGCATGAGCTGCTTCATCTGCTCCACCGAATAACCGAAAGCGTAGAAAGCGCCGATCAGCGCACCTGCGCTGCATCCGGCCACCACGCCCGGCCGCAATCCGTACCGCTCCAGCACGGAGAGCACGCCGATATGGGCCCAGCCCCGCATGCCGCCACCGCCCAGGGCCAGTCCCAGCTCCGGCTGTACCGCTCGTACTCGTTCTGCTGCCTTCATCGTGGCCTACCGACTCGTGTTTGTCTGCGGACGTGTACCGCCAGGGACGGACAAAGATTCATGGCCCCTTGCCAGCAACTTTCGTATCTTGGGGCCGGCATTCTTCAGAACCTGCTGCTCACTGCTTTGCCCATGGAGTCGCTCGGAGCGCTCACGGCCAGTCAGCCCATCGCCGGTGGCCTGGAACTGCAGGCCGGCCCGGCTCGCCTGCGCATCCAGGCGCTCGCGGACGGCATCTTCCGGGTGTGGGTGCATCCGGACGGACGGCCTTTCTCGACGCATCCGTTTTCCTATGCGGTGCGGCCGGAGTGCTTTGCAGCCGCCCCGCCTTCGGTGACGCTTCACCGCGGGGAAGACCGCCTGGTGCTGAGCCAGGGCGCCTGGCGGGTGGTCGTGCAGCGCGATCCGGTGCGGCTCCACTTCGAAGGTTCATCGGGCACGCCGCTGGCGGCCGACAGCTTCGGACCGGTGTGGGAAGCCGACCGCATTGCCGTCTGGAAACGTCGCGCCGAAGGCGAACGCTTCTTCGGACTGGGCGAAAAGACCGGACGGCTCGAACGCACCGGCCGCGCCTACGAAAACTGGAACACGGACGACTCGGGCTACGATACGCGGGACGATCCCCTCTACAAAACGATTCCTTGCTATCTGGCACTGTGCCCGGGGGGCGATCAGCGCTTTGAAGCATACGGGATTTTCTTCGACAACACGTTTCGCTCCTGGTTCGACTTCGGCGGGCGGGCTCCGGAGCACGTGAGCTTCGGCGCCGACGGCGGCGAGCTGGTTTACTACTTCCTGGCCGGCCCCACCCCGGCCGACGTGCTGGCCCGTTACACGTGGCTGACCGGTCGCTTCGCGCTGCCGCCCCGCTGGGCACTGGGCTATCACCAGAGCCGCTGGAGCTACTACCCGGAGGCCGTCGTGCGGGCACTGGTGGCCGAGTTCCGGGCGCGCCGTCTGCCGCTCGACGTGGTCCACCTCGACATTCACTACATGGACGGCTACCGGATCTTCACCTGGGATCCGGAACGCTTCCCCGACCCGAAGCGACTGGCGGAAGACCTGCGACGGGAAGGCGTGCGGCTGGTGACGATCGTCGATCCCGGTGTCAAGGTGGATCCAGGCTACCGGCTGCACGACGAGGGGCTGGCCGAGGACGTGTTCGTGCGCTACCCGGACGGCCGGCTGTACGCCGGGGAGGTCTGGCCGGGACGCTGTTACTTTCCGGACTTCACCGATCCGAAGGCGCGGGACTGGTTCGGGCGCTACGTAGGCGAATTCCTTCAGACGGGCGTGGCCGGCTTCTGGTGCGATATGAACGAGCCCTCCGTGTTCGGCGGCGGCACCATGCCCGATCTGGTCGTGCACCGGCTTGAAGGCCGGGGCGGCACGCACCGGGAAGCCCACAACGTCTACGGTCTGCTCATGGCCCGCGCGGTCTGGGAGGCCTGCCGGCGGCACGCGCCAGACCGGCGCCCCTTCGTGATCACCCGGGCGGCCTATGCCGGCGTGCAGCGTTACGCCTGCGTCTGGACCGGCGACAACGTGGCAGACTGGTCGCACCTGCGCCAGGCGCTCACCATGATGCTCTCGCTGGGGCTCAGCGGCGAACCCTTCTCCGGAAGCGACATCGGCGGCTTCATCGGCACACCTACGCCCGAGCTGTATGCCCGCTGGATCCAGCTCGGCGCCTGCTCACCGCTGTTTCGTACGCACACGGCCCACGGCACCCCGGCTCAGGAGCCCTGGAGTTTCGGCGAAGAGGTCGAAGCCATCGCCCACAGGTACCTGACGTGGCGCTACCGTCTCCTCCCCTACCTCTATACCTGCTTTGACGAACATCGGCACACCGGCCTTCCCGTGCTGCGCCCGCTCTGGCTGCACTACTTCGACGATCCGCGCACGCACGACATCGAAGACACCTTCCTGCTGGGACCGCACCTGCTGGTGGCGCCCGTGCTGGAGCAGGGCGCCCGGAGCCGGCGCCTCTACCTGCCGGCCGGACGCTGGTACGACTTCTGGAGCGATCGCTGCTACGAAGGCCCCGCCGACGTGCTGGTAGAAGCACCGCTGGACGTACTGCCCGTCTTTGTTCGGGCCGGTGCCGTCCTGCCCCTGGGTCCTGCGCTGCAGCACACCGACGAGCCCTGCGACACGCTGGAACTCCACGTCTACCCCGGCACGGGCGGCGGCACCCTCTACGAAGACGACGGGCATTCGTGGGCGTACGAATCCGGCGCGTTTCGGCGCACCACGTTCACACTCGCGGCCAGCACCACGACGCTTTCCCTGAAAGCCGACGCGGAAGGCGCCTACCGTTCCCCCTTGAAACACCTGACGCTCTACTGGCACGACTGCGACGGACCGGAAAAACTGGAAGTGGACGGCCGCGTCGTGGACGTCCGTTATGAGACCGCCCGGCGCCTGCTACAGGCCGAACTCCCCGTACATTTTGCGCACGTGCGCACCTGAACGGCCGACCTTGCTGCCGTTTTTGTGCCCGCCCCGTTTTGCGCGCGCCGCTTTGCTCAGCCGCACCGAAGCCTCCCGTAAATTCCAATCGTTTAAACATCTATCTTGAATATCCGTTATGATTTTCGTAAATTGTAACCGTCCGGTATTCATGTGATACCGGAGCGGACATTTTCCTCATCAATCCTACCGGGAAGCGGACATGGCTCAGCCAATGCGCATTCTGTTCGTCTCAAGCGAAATCGTCCCCTATGCTCAGGTTACGGCGGTAGCCGAGCTGGCCCGCCTGCTGCCGGAGCGGTTGCAGGAGGCCGGGCTCGTGGAGCCGCGGATCATGATGCCTCGCTACGGCATCGTCAGTGAGCGCCGGAACCGCTTGCACGAAGTCATTCGGCTGTCGGGCACGCACGTGCCCATTGGCAAAGACCGGGAGACGCTGAAGGTCAAGGTGGCCTCGATTCCCGGCATCCGGCTGCAGGTCTACTTCATGGACAACACGCGCTTTTTCAAGCGCAAAGGCGTCTACGCCGACAAGGAAGGGACGGAGTTTCCGGACAACGTGTCC
NZ_AP019796.1_gap68	2147136	2149594	2458	GCGGCGCTGGGCGACGATCCGGAACGGGCTTCGCTGATGGAATACATCACGACGGTCCGCGACAATCTCTTCCAATCGCCCGAAGAACGCATGGCCTTCCTGGAAGACCGGCTGGCCAAAGACTCGACGAATCTGGAGATCATCTCCGAGTTGTTCAACATCTACCGCCAGCTCGGCGAGCGTGAGAAGATGTACCGGCTGGCCGATCGCCTGCTGGCGCTCAAGAAGGACGCGCGCACCTATCACATGGTCGGCAAGCTCTACCTGGACGATGGCGAGCCGGCCAAAGCGCTCGAGTACTTTCGCCAGGCCATGCAGGCGCCGGGTGTTGACGAAATTGCTCGCGAGCTGTACTACAACGCCGGCGTGGCCGAGCAGCAGCTCGGACGCCTGGCCAACGCGCGCACCTATTTCCGCCGGGCGTTGCAGGTCGATCCCAACTTTGGCAAAGCCTACATCGCCATCGGCGACCTGTACGCCCAGGCCGTCACGGAATGCGGTAGTCAGCTCGAACGCGAGGACCGCGCCGTCTACTGGTTGGCCGTCGATTACTACGAGCGGGCCAAGCGCGTAGACCCCTCGGTGGCCAACGAGGCCAACCGCAAGATCAGCACCTATAGTAAGTACTTCCCGGATCAGGAAGCCCTCTTCTTCAAAGGCTGGAAGGTGGGCCAGCCCTACAAGATCGACTACGGCTGCTACGCCTGGATCAACGAGGAGACCACCGTCAAGCCACCGCCTTCTTCCTGATCGGATACGCTGAGCGACTTCAAGGTAAGGGCACGGCCTGCCGTGCCCTTACTTTTTTGCGCAAAGCGCTTTCCTTCCCGGCCATTTCTCTTGAGCTTTGCCGAAAAGATCGCGAACTTTGGGGCGTCCTGCTCAGCCAACCCAACATGCGTTAAGCCGACCATGGCGTACATCGACGAAATCATTGCCCGACAGATACTCGACAGCCGGGGCAATCCGACGCTGGAAGTGGACGTCATCACGGACGAAGGAATTGTAGGCCGCGCGGCCGTGCCCAGCGGTGCATCCACGGGCGAGCACGAGGCCGTGGAGCTGCGCGACGGCGACAAGAGCCGCTACCTGGGCAAAGGCGTACTCCAGGCCGTGGCCAACGTGAACGAAAAGATTGCGCCGGAACTGACCGGCTTCAGTGTCTTCGAGCAGGCGGCCATCGACGAAGCGCTCATCGCGCTGGACGGCACGCCCAACAAGAGTAAGCTGGGCGCCAACGCCATCCTGGGCGTCTCGCTGGCCGTGGCCAAGGCGGCCGCCGCCACGGCCGACCTGCCGCTCTACCGGTACGTCGGCGGCACGAATGCCCGGACGCTCCCCGTACCGCTCATGAACATCATCAACGGCGGGCGCCACGCCGACAACAACCTGGACCTGCAGGAATTCATGATCGCGCCGGTGGGCGGCGGTAGCTTCTCCGAGGCGCTCCGGATCGGCGTGGAGATCTTCCATCACCTGAAGCAGGTGCTCAAGTCGAAGGGCTACAGCACGGCCGTGGGCGACGAGGGCGGCTTCGCCCCGAATCTGCGGGCCAACGAAGAGGCCGTCGAAGTCATCCTCGAAGCCATCGAAAAAGCGGGCTACCGCGCCGGCGAGGATGTCTTCCTGGCGCTCGACCCGGCTACCAGCGAAATGTACCGGGACGGCTACTACGTCTTCTGGAAGAGCGACCCCGATACGAAGCGCACGTCCGAAGACATGGTAGCCTTCTGGGAGCGCTGGGTCAACCAGTATCCGATCATCTCGATCGAAGACGGCATGGCCGAAGACGACTGGGAAGGCTGGCGCCTGCTGACCGAGCGACTGGGGCATCGCGTACAGCTCGTCGGCGACGATCTGTTCGTGACGAACACCGAGCGGTTGCAGCGCGGCATCGACAGCGGCTGTGCCAACTCGATCCTGATCAAGCCCAACCAGATCGGTACGCTCACCGAGACACTGGCCGCCATCGAACTGGCCCACAAGCACGGCTACACGGCCATCCTGAGCCACCGCTCCGGCGAAACCGAGGACACCACGATCGCCGATCTGGCCGTGGCCGCCAACACCGGCCAGATCAAGACGGGATCGGCCAGCCGAAGCGACCGCATTGCCAAATACAACCAGTTGCTGCGCATCGAGGAGCAACTGGGCGACACGGCCCGTTTCCTGGGACGCAAAGCTTTCCACGTGTAACCCGTGTCCGTACCCCGCTACACCGACATGCACGCCACGAGCAGGCGGCGCCGGCGACGCCGCCTGCTCGTCGGGCTGGGGCTGTTGCTGCTTTTCATCTGGCTTGCCTTCCTCGACAGCCACAGCCTCTATCGGCGCATTCGGTGGAGCTACGAAGCGGCGCGCCTGCGTGCCCAGAACGAAGCGCTGCGCGCGCAAATCGACTCGCTTCAGCAACAACTGGAGCACGGCGTGTCCGACGAAATGGTCGAGCGCATCGCCC
NZ_AP019796.1_gap69	2322232	2324195	1963	AGCCCCACGAAGATCATCCCCACCATGACGCCGAGCGGGATCAGAAAGTCGGAGGCCCGACAGGGCGCGCCTTCGACCGGCTTCAGGCCTGCAATTTCTTCGGCCACCAGCGGTTGCGCATCGGGACGCAGAAGCTGGCCCGTCGTCGCCGCCCGCCTTTCGGCCGCCCGCATCGGACCGAAGCCCCAGCCCGTCCAGGCTACCAGCAGCGCAAACAGAATGGTCAGCCAGCTGAAGACGTTATAGAGCAGCCCTTCGGCCAGCAGACGTACGGCCCCGTCCGAAATTCCCTGCGCGGCCAGCAATCCCAGCACGTAAGCGCCCCAGCCGTTGAGCGGAATCATCATGCAGACCGGCGCGCTCGTCGCATCGCAGTAGAACGCGAGCTTTTCGCGGGGCAGCCGCAGTCGATCGAAAAACGGCCGCCCCACGGCACCAACCACCAGTGAGGTGATGCTGGATTCGACAAAGATCACCAGGCCCACCAGCCAGGCCAGCAGTTCGGCTCCCCGCCGCGACGTGCCCCAGCCGCGCCGCTGCGCCCAGGCGATGAATCCCTGCACGCCGCCCGACGCCTGCACCAGCGCAATCAGGCCGCCCACCAGCAGGCAGAACATCACCACACGCGTGTTGCCCGCGTCGGCAAAGACGGCCACCAGTTCGTCGCCCAGCCGTCGCAGTCCCAGCAGCGGATGTCCCCCTTCCAGCAGCGTGGTGCCCAGCCAGAGTCCGACCAGCAGCGACAGATAGACCTGGCGCGTCCACAGGGCCAGCCCGATGGCCACAATCGGCGGAAGCAGGACGAGCCCGTCCATGGACCCGGCGGTTCAGCGGGGCTCGTTGCCCGGCTTCCACTTGATGTTGCAGCCCATCGAGGGGTACTGCGGGCCGCTCACCTTCCCGGTATCCAGCAGCTCGTCCAACGCCCGCTTCAGATCGGCCCCGGTGGCCGGACGCCCCTGGCCGGGCCGCGTGTCGTCGAATCGACCATGATAGACCAGCCGCCGATCGGCGTCGAACACGTACAGGTCCGGCGTGCAGAGCGCCCCGTACGCTTTCGCAACCTCCTGCGTCTCGTCGAACAGGTACGGAAACGGATAGCCCTTGGCCCGGGCACGCCGCGCCATCTCTTCGGGCGCGTCTTCCGGGTACTGCGCCGGATCGTTCGCATTGATCGCCACAAAGCGCACGCCCTTCGGCTGATAGGCCCGGGCCAATTCGATCAGGGCATCTTCAATGTGCTGGGCATAAGGACAGTGATTGCAGGTGAAGACCACCACAAGCGCCCGGGCATCGGCAAAATCCTCCAGACTGCGCGTGGGCTTGTCGAGCCCATCGGCTTCGGGATTGACCACGGGCAGTTCGAACGGAGGCGCTTCGGTACCCAGCGCGATCTCCTGCGAATACGTCAGAGCCATAGGGCATCGGCAGGTCTGGTGAGCAACAGAAAACGGCCGGCAGAGAAATGGCCGGCCGCTTCCGAAGGTTCCGTCAGGCGCGGGCGCCCGCCAACTCCTGCTCCAGTTCGAGCAGGCGGCGGATACGCTCCTCGGTGGGCGGGTGCGTCGAAAACAACCGGGCGATCCCGCCGCCGCTGAACGGATGCACGATGAACATGTGCGCCGTGGCCGGGTTGGCATCCATCGGGATATGGGCTACGCCGGCTTCGAGCTTCTCCAGCGCACGAGCCAGTGCCCGCGGCTTGCCACAGATGAGCGCTCCGCCCCGGTCGGCTGCAAACTCGCGTGCCCGCGAAATGGCCATCTGGATCAGCATGGCCGCCAGCGGCGCCAGAATCAGCATGAGCAACCCGGCCAGCGCATTGCCGCGGTCCCGGTCATGTGCCGGACCGAAGAAAAAGGCAAAGCGTGCCAGCATCGTGATGGCCGCCGCCAGCGTGGCCGCAATCGACGAGATCAGGATGTCCCGGTGCTTGATGTGCGCCAGCTCGTGCGCAATGACG
NZ_AP019796.1_gap70	2325581	2328578	2997	CCCAGCGCCGCCCCAGCTCCACGGCATAGTCGGCGGCCGGAATGCCGTTGAGCGTGGGCAGCGTCACGATCACGATCTGCGTGGAGGTCGTATCGGCGTAGGTGGCCAGCTTCCGGCTCAACATCTGCTCTTCCGCCGGGGTCAGCAGGTCAGCCAGGTCGGTGACCCACTGCCCGCTGGGCGGAATCACTTCAATCTGCTGCGCCAGCGCCACCGACGTCAGCAGTAACGCCGGCAGCCAGCCGAGCCACCTTCCGCCGAATCGTCGCATGGGTCAGAGATCAAATTCTACCTGCGGCGCTTCCTGGGCGCTTTCGGCTGCCTCGAACGGTTGCTTGGGCACAAAACCCGTCAGGCTGGCCACCAGCACCGTCGGAAATCGCCGGACCAGCGTGTTGTAGCGCCGCACGGCTTCGTTGTAATCGCGTCGGGCCACGGCGATGCGGTTTTCCGTGCCTTCGAGCTGCACCAGCAGATCACGGAAGGCCTCCGTGGTCTGCAGCTGCGGATAGTTTTCGGCCACGGCCAGCAACCGGGCCAGCGCACTCGAAAGTTGCGCCTGCGCCTCCTGGAACTGCCGCACCTTCTCCGGATCGCTCAGATCTTCGACGCTCAGCGTGATCGACGTGGCACGCGCCCGCGCGTTTGTCACGGCCTCCAGCGTCTCGCGCTCGAAGTTGGCCGACGCCTGCACCGTCCGCACCAGGTTGGGAATCAGATCGGCGCGGCGTTGATACTGCGCCTGCAGGTCGGCCCAGGCACGGGCCACCATCTCATCGGCTTCAACCATCCGGTTGTAGGCGCTGCAGCCGGCGCAGCCGGCCATGCCGAGCAGCAGCACCACCACAACCAGGGCCAGCAGTCCTTTGCTTCGCATAGCGGTTTGCTTCAGGCCTGAACAGACACACGGCCCGCCTACGCAGGCGCGAAAGATCGGGTTTCAATCAAAAGCAACCGTCCCGCAACAATCTGACGGCTGAACGATTAAGATAGAACGGCGTGCGTTTTGCAACGGATTGCGTTATCTTTGTCTGATCCGATCAAGCCATCATACTCGCGATGAAGAAATCACTGCGTTACACCCTCCCGGCCGTTTTGCTGCTGGCGCTGGGCATTCTGCTGGGCTGGAATCTGCAGCAGGCCGTTTCCGACACCGACACGCTGGCCAGCCTGCGCAAGCTCGAAGAAGCTTTCCTGACGATCACGCAGCGCTACGTCGATCCGGTCGAGCCCGAACCGCTGGCCGAGGAGGCCATCCGGGCCATGCTTCAGGAGCTGGATCCCCACTCCGTGTACATCACCGCCGAAGAGATGAAGGAGCTTCGGGAAAGCTACCAGGGCTCTTTCGGCGGCATCGGTATCTGGTTCGAGGTAGTGGATGACACAGCCCGTGTGGTGGCCACCATCAGCGGCGGACCCAGCGAGGCGGTCGGGCTGCAACCCGGCGATCGGATCATCAAAATCGAAGACTCCAGTGCCGTCGGCCTGTCCTCCACCGAAATCCAGAAGCGCCTCAAAGGTCCGGAAGGCACCAAAGTGCGCGTAACCATTCGCCGGCTGGGCGTTCGCGAGCCGCTGGAGTTTACGATCACGCGTGACCGCATTCCGCTCTATACGGTCGATGCCGCCTACATGCTCGACGAGCGGACCGGCTACATCCGCATCAGTCGCTTTGCCATGACCACCTATGACGAATTCCTGGAACACCTGGATCGGCTCAAGCGGCAGGGCATGGAGCGGCTGGTGCTGGACCTGCGCGGCAATCCGGGCGGCATCATGGAGACGGCCGTCGAGCTGGTCGATGAGCTGCTGCCCGAAGGCTACACGATCGTCTACACGCGCGGGCGCATTGCCCAGGCGGAAATGACCCGCCGCTCCACCTCGGGCGGTCGCTTCGAGACGCAGCCGGTCATCGTGCTGGTCGATCGCAACTCGGCCTCGGCCAGCGAGATCGTGGCCGGCGCGCTACAGGACAACGACCGGGCGCTGATTGTGGGGCTGCGTACCTTCGGCAAAGGGCTGGTGCAGAACCAGTTCCCGCTTTCGGACGGCAGCGTCATCCAGCTGACGGTCGCCCGCTACTACACGCCCTCGGGCCGCCTGATCCAGACGCCGTACCACGGCGGCGACCTGGAAGACTACTACCGGGAAAAGTTCGCCGACTACGAAACGGCCGTCTTCCATCCGGAGGATTACATCAACGAAATTCCGGACTCGCTGAAATTCAAGACGGTGCACGGCCGCACGGTCTTTGGCGGTGGCGGCATTCTGCCCGACGTGATCGTGCCGCCCGACACGAACTCCATCCTGCTGGAAGTCAGTCGCCGCAACCTGCCCTCCACCTTCATCCGCACCTGGTTCAACCAGCACGAGCAGGAGATCCGGCAGCAGTGGAACAACCGGAAGGACGCCTTCATGGCTTCGTTCGAGGTGGACGACGCGCTGTGGCAGGCCTTCCTGGATTATGCCCGGGAGCAGGGACTCTTTGCCGCCGACTCTGCCGCGACGCATCGCTTCACGGTCGCACAGGCCGAAGCACACCGGCACGAGCTGAGCACGCTGCTGAAAGCCTATCTGGCCTGGCAGCTGTTCGGCCGCGAGGCGTCGATCCCGCTGTTCAACGAAATCGATCCGGTCCTGCACGAAGCGCTCAAGCACTGGGATCGGGCCGAGGCGCTGGCCGCCTATTTCGCCCCAAAGGCAGGCGACACAGTGCGCAAAGGGCGTTAGTCAGGTTGACAGACGGGCGCTGACACGGTGACCGATTCGACAGGCGGCATGCCCATGGGCATGCCGTTTGTCTTTTATAATGGACGGTCGGTCGGGCGCGACAGGATGTCCGATCGACCAGGTCGGTTGGCGTATTGCGTAACCCACAAACCAAACCGGAGGAGGAGCCATGGCCGAGGTGATGCGCTATACGTCGCCGACGACGCTGCTGTCGGAGCTGCAGCGGGAAGTGGACCGGCTGTTCGAGAACTTCTTCGGTGGCTGGCT
NZ_AP019796.1_gap71	2387869	2391396	3527	GTGCTGTGCGTGAGCGATCGCCCCACGGCCGGTGCTCTGGAGCGGGCCCGGCGGCACGGCATCCCCACCGCCGTGCTCGCTCCGAAGGACTACCCCTCGCCGGAGGCCTTCGGCGAGGCATTGCTCGAGGTGCTCCGCGCCCATGACGTCGAGCTGGTGGCCCTGGCCGGCTACCTGAAGAAAATTCCCGACAACGTGGTGGCCGCCTACCGCAACCGGATTCTGAACATCCATCCTTCCCTGCTGCCCGCCTTCGGTGGACCGGGCATGTACGGCCGCCGCGTGCACGAGGCCGTGCTGCATTACGGCGTGCGCTGGACCGGCGCCACCGTTCATCTGGTGGACGAGGAGTATGACCACGGGCCGATCGTGCTGCAGGAGCCCGTGCCGGTCCTGCCCGACGACACGCCCGAGACGCTGGCCGCGCGTGTACTGGAAGTGGAGCACCGGCTCTATCCCGAGGCGCTGCGGCTGTTCGCCGAAGGGCGTGTGGTGGTCGACGGTCGCCGCGTCCGCATCCTGCCCGAAGCCCCCGAAACCCACAACCCGTAGCCATGCTGCATCAACCGCGCACCCACGAGCCCCCTCCGGACCTGCAGCCCGTCCGACGGGCGCTGCTGTCGGTGTTCGACAAAACCGGTCTGGTAGACTTCGCCCGTCGCCTGGCGGAGCGGGGCATCGAGCTGATCTCCACGGGCGGCACGGCCCGCACGCTGCGCGGGGCCGGTCTGGCCGTGCGCGACGTCTCGGAGCTGACCGGCTTTCCGGAAATCCTCGACGGCCGCGTCAAGACGCTGCATCCGGCTGTTCACGGCGGCCTGCTGGCCCGCCGCAACGTGCCCGAAGACCTGGCCCAGCTCGAACGGCACGGCATCGCGCCCATCGATCTGGTGGTGGTCAACCTGTATCCCTTCGAGCAGGCCGTCGAGCAGGCACCCGACGACGAAGCGCTGGCCGTCGAAAACATCGACATTGGCGGCCCCACGCTCATTCGCGCCGCCGCCAAGAACTTTTTCTTCACGGCCGTGGTGGTCGATCCGTCCGATTACGACGCCGTCGCCGGCGAGCTGGAGCAGCACGCGGGTGCGCTGACGCTGGCCACGCGCCGCCGCCTGGCCCAGAAGGCTTTTGCCCGGACGGCCGCCTACGACCGGGCCATTGCCGCCTATCTGGAGCGCCGCCTGCAGCCCGAAGCACCGGAGCCGCTGCCGCCCCGGCTGCAGATCGACCTGCCGCGCGTTCAGATCCTGCGCTACGGCGAAAATCCCCACCAGCGGGCGGCTCTCTACGGCAACCCGGATCGGTTCTTCCGCCAGCTCCACGGCAAGGCGCTCTCCTTCAACAACCTGCTGGATCTGAGCGCGGCCCTGCGGCTAATCGACGAGTTCCGGGAGGCCGATCCCACCTGCGCCATCCTGAAGCACACGAACCCGTGTGGCGTGGCCACGGCCGACACGCTCGCCGAAGCCTACGCGCGCGCCTTCGCCACCGACCGGCGCTCGCCCTTCGGCGGGATCGTGGTGGTCAACCGTCCGCTCGACCGCGAGACGGCCGAGGCCATCGACCAGATTTTCACCGAAGTGATCATCGCGCCGGACTTCGAGGAGGGCGTGCTGGACTTTCTGAAAAAGAAGGCCAACCGACGCATCATCCAGCAGCTCCGTCCGGTGCAGGAAGAGCTGGACGTGCGCTCGGCCGTGGGTGGCCTGCTGGTGCAGGAGGCCGACGGTCCCCTGCCGCCGCTGGAGGCGCTGCGTTCGTCCTGGCGCGTGGTGACCCGCCGCGCTCCCACCGAAGCCGAGTGGCGCGACCTGGACTTCGCCTGGCGCGTGGTCAAACACGTCAAGAGCAATGCCATCGTGTACGCGCGCGACCGGGCCACGCTGGGCATCGGGGCCGGCCAGATGAGCCGGGTGGACGCCTCCGAGATCGCCGTGCTGAAAGGAAAACGCGAAGGGCACGATTTTACCGGAAGCGTGGTGGCCTCCGACGCCTTCTTCCCCTTTGCCGACGGCCTGCTGGCCGCCGTCGAAAGCGGTGCGCGCGCCGTAATCCAGCCGGGCGGCTCCATCCGGGACGAAGAGGTGATCCAGGCGGCCGACGCGCACGACGTCGCCATGGTCTTCACCGGTACCCGGCACTTCCGCCACTGAAAGGAACGATTTTCGCACTTTTCTGCCGGCGGGCGGATCTATTTGCCCGCCGGTTTACTATTTTAAGGGCGCATCCGGCCGAAAGGCCAGCGTGGAGTCCTAACGTTCCTGGCCTGCCTGCACCATGCGCCGGCGGGCCCGGACCCAAACCTTCAGTAGATCCATGGGGCTGTTCAACTTCGCCACCGACGTTGCCATTGACCTGGGGACGGCCAACACCCTGGTGTACATCAAGGGCCGCGGCATCGTGCTGAACGAACCCAGCATCGTGGCCGTGCACCGGAGCACGCGCAAGGTCATTGCCATCGGCCGCGAAGCCCTGCAGATGCACGAACGCACGCACCCCGAGATCGAAACGATCCGGCCGCTCAAAGACGGCGTCATCGCCGACTTCGAGGTGGCCGAGCAGATGATCCGGGGTTTTATCCAGAAGGTGCAGCGTAGCTGGTACACCTCGATCCGCCGCATGGTGGTCTGCATCCCCAGCGGCATCACCGAGGTGGAAAAGCGTGCCGTGCGCGACTCGGCCGAGCACGCCGGCGCCAAGCGCGTCTATCTGATCAGCGAACCCATGGCCGCCGCCATCGGCATCGGCCTGAACGTGGAGGAGCCGGTGGGCAACATGGTAGTGGACATCGGCGGCGGCACTACCGAGATCGCCGTGATCGCACTGGCCGGGATCGTCGTGAACGAGTCGATCCGCATCGGCGGCGACGAACTGGACAACGCGATCATCCAGTATTTCAAGCGTAATCACAACCTGCTCATCGGTCAGCGCACGGCCGAGCGCATCAAGTGCGAGATTGGAAGCGCCGTCGAGCTGGACCCGGAGCTGGAACTGTCGGTCAAGGGACGCGATCTGGTCAGCGGCATTCCGAAGGTGCGCACCATCTCGTCGGAGGACGTGCGCGAGGCGCTGCGCGAGCCGGTCAGCCAGATCGCGGCGGCCGTGCTGCGCTGCCTGGAGCGCACGCCGCCGGAGCTGGGCGCCGACATCCTGGAACGCGGCATCATGCTCACGGGCGGTGGTGCCCTGCTCAAAGGGCTGGATGTGCTGATCCGCAACCGCGTAGAGCTGCCGGTCTACGTGGCCGAGGATCCACTGACGGCCGTGGCCCGCGGAACCGGCAAGGTGCTGGAAGACCTCGATCGCTACGAGCGGGTGCTGCTCTAAGCCATGACGCGCACAAACTGGCTCGTTGACGCCTTGCTGCTGGTAGTGGTGCTGGGTCTGTCGCTGACCCTGCTTTTGCTGCACAACGAGCCGGTGCTCAGGGGTCTGCGCGCGCTGACGCTGGAGCTGTCGGCCCGGGCCGAGGCGCGCCTGGCCTGGGCGGGCCACTACTTCCGGGCGCTCGAGGAAAACGAACGACT
NZ_AP019796.1_gap72	2399862	2404591	4729	CAAGCTGCCGAGGACGAAGCCCTGGGCTTTCTGTGCATGGTGGCGGTGGACCGCGACCGCCCGACGCGTCCCACCCCTGAAGAAGCCGAGCAACTCCGTCGCCACCCGGTCATCGGCCCTCACGTGCGGCTGTAAGGCAATAGACGTCCGCTGCCCATCGCCAGACCCGGAGCGGACCCACGGGTCCACCCCTATGGGAATGAGACGTGGGCAACAGGGCTTGCGGTAGGGGCGCGCCTCTGTGCGCTTCCTCCAAGTCCACCGTCGGATACAGGGGCCGCCCCTGCAGCCGCAGGATAGGTTTATTGCCCCACGTTCACCCGATCCGAGGTCACAAACGCGCCCTCGAAGCGGCGGGCGGCCAGCGCCCGCAAGCGCTCGGCCTCCTCACGCGTCCGAAAGTTGCCCAGACGGATGCGATAGTACGGAGCACGGAAGACGATATAGACCGGCGGCGGGTCGGCATGAGCACCGGGAATCCCTTCCAGCAATCCCTGTGCGGCCATCCGTCGCCACCAGGCGACCGCCGCCGCGTAGATGCTGTCGGCCGTGGCCTTGTTTTCGGTGAGAAAAATCTGCACGCGGTAGCCCTCTACGGTGCGCGTGGCCGAGGCACCGGCCCGTCCTTCCATCAGCGCCTCCGGCACGTCGTGCTGCACTTCGAGCGGTGGCGGCGGTGGATCCGGATAGCGGGCCGGATCGAAGTCTTCGTAAGCGGACCAGTCGATCGGGGCTTCTTCCGGCGCCGGCCCCTGCTGTTCCTGCGCGCCGCGCGTGGCGGCACATCCCGCCAGCAGAAGCACCAGCCCGAAAAAGACAAGGCGGTTCACCACAGGTCAGCGGTTGCATTCCTGAGGACGACGCCTTCTGAAAGCGTCAGGCCGGCTCCGTGTTTCCATCCGAGAACGGCGGCACGGCCACCAGCACCGTCAGCACGCCGGGCGGCAGCGACAGCGTCTCGCCGGGCGCGCACGTGGTGGGTTCCACATTGCGTTGAAACACCGGGACCACCTCCCAGTGGTGCGGTTTGCCACAGGAGCACACCTCCGGCACCACGACCGGCACGGCTTCCTTTCCGTTGTTGAACAGAATCAGAAACGTGTCGTCTCGGAAGGGCCGCCCGTGCTCGTCGGTGCCCTGAATGGCGTCGCCATGCAGCAGCAGTCCGAAGGCCGTCAGCTCCGGGTTGGTCCAGTCCTCGTGGCGCATGGGCCGGCCTTCCGGGTGCCACCAGACCGCGTCGGGGGCCTCGCCGCCGTTGGGCAATCCGGTCAGAAAATGGCGGCGCCGGAAGCTCCGATGCTGCTTGCGGAACCAGATCACCTGGCGCACGAACTCCAGAAACTGCTGCTTGCGCGTGTCGAGTTGCCAGTTGTACCAGCTGATTTCGTTGTCCTGGCAGTAGGCGTTGTTGTTGCCGTGCTGCGTGCGCGACAGCTCATCGCCGCCCAGCAGCATGGGCACGCCCTGCGAGAGAAAGAGCGTGCTGATCAGGCTGCGCTTGAGCGCTTCCCGGCAGGCCAGCACGGACGGATCCTGCGTGGGTCCCTCCACCCCGCAATTCGTGCTGTAGTTTTCGTCCATGCCGTCCCGGTTGCCTTCCAGGTTCGCTTCGTTGTGCTTTTTCGTATAGCTGACCAGGTCTTCCAGCGTGAAGCCGTCGTGGGCCGTGACGAAGTTGATCGAAGCGAACGGACGACGGCCGCTGCGTTCGTACAGATCGCTGGAGCCGGCAAAGCGCGTGGCAAACTCGCCGTTGAGGCCCCTATCGCCCCGCCAGAAGCGGCGCACGGCATCGCGATAGCGGCCGTTCCACTCGGTCCACTGCCAGGGAAAATGTCCCACCTGATAACCCCCCGGCCCGACGTCCCAGGGTTCGGCGATGAGCTTCACCTGGCTGAGCACCGGATCCTGCTGGATGACCTGAAAGAAGGTCGAGAGCATATCCACGTCGTACAGCTCACGGGCCAGCGCGGCCGCCAGATCGAACCGAAAACCGTCGACGTGCATTTCGGTAACCCAGTAGCGGAGGCTGTCCATAATGAGCTGGATGACGTAGGGGTTGCCCACGTCCAGCGTGTTGCCGGTGCCTGTGTAGTCGACCAGAAAGCGCGGGTTGTTCGGATCGGCCTTGTAGTAGGCGCGGTTGTCGATGCCCCGGAACGAGAGCGTGGGCCCCAGCACGCCGCCTTCGCCTGTGTGGTTGTAGACCACATCGATGATCACCTCGAAGCCGGCGGCGTGCAGCGCCCGCACCATCATCTTGAACTCGCGCACGGCCGAGAGCGGTCCGTTCGTGGCGTACTCGGGCTCCGGCGCAAAGTAGCAGAGCGGATTGTAGCCCCAGTAGTTGCGCAGGCCGCGCTCGACCAGGTGCCGATCGTGCACTTTCGCGTGCACCGGAAGGAGCTGGATCGTGGTGACGCCCAGCCGCTTCAGGTGCTCCAGCACCGGCTCGCAGGTCAGCCCCAGATACGTCCCGCGCAGCGGCTCCGGCACCTCCGGGTGCAGCTTCGTGATCCCTTTGACGTGCGTTTCGTAGATGATCGTGTCTTCCCAGGGGATACGTGGCGGACGGTCGTCGCCCCACTCGAAGCAGCCTTCCACGACGGCTCCCAGCGGCGCGTACGGTGCGCTGTCTTCTTCCGAAAATGACAGATCCCCGGCCGGATCGCCGATTTTGTAACCGAAAAGGCTGTCGTGCCAGCGGAGCGGTCGCCCGATGGCCTTTGCGTAGGGGTCGAGCAGCACCTTGTTCGGATTGAAGCGGTGGCCTTCCTCCGGCCGGTAGGGTCCGTAGACGCGATAGCCGTAGAGCTGGCCGGGACGCAGACCGGGCAGGTAAACATGCCAGATCGGGCCCGTCCGTTCGGTCACTTCGATCGTGCGCGAAGGCGCAGGATCGTCCGGGTGATCGAACAGCACCAGCTCGACCGCCTCGGCGTGCTGGCTGTAGAGGGCGAAGTTGACGCCCAGCCCGTCCCAGGTGGCACCCAGCGGATAGGGTCGGCCGGGCCAGACGGCCGGTACCGAGCTGACCGGTTGTTCTTTATGCGACATAACTACAATACGCCCTGAACATCCCGGCTTACAACAAAAGACACACCGAAGCAGGCGTGTTGCCTACGCGGCCTCATTTTTACGACAACGTACGTAACTGCCTGTCGCCGCCTGCCCGCCATCCGCCTCTTCATGCTGACGCCTGTGGGTCGGGAATGCCCGTACTTCAAGCGCAGCCGCCCTGTAACTTTTTGCCCAAACTCTGAAGAAACAGGTATCCTTTTCCGCCCGCTCCGTTGTATCTTGGGGCCGATTTTCAGCAGGCGCCCTAAAATACGGCGCATTTCGCACAAACCAAAGCACAATCCGGCGAAGTTTTCCTGATGAGCTGGCTCACGGAAGAAGACATCCGGCGCTGGGAAAGCGGTACGTTCTACGACAGTTACCGAAAGCTGGGAGCCCATCCCGACGACGAAGGCACCTGGTTCTGCGTCTGGGCGCCGCATGCCGATGGCGTCTCGGTGCTCGGGGCGTTCAACGACTGGAATCCGGACGCCAACCCGCTGGAGCGCTACGGCGGCGGTCTGTGGGCCGGTTACGTACCGGGAGCGCGCCCGGGCCACACCTACAAGTATCGCATCCGGCACGGCTTCTACCAGGCCGACAAGACGGATCCCTACGCCTTCGCCATGGAGCCGCCTACCGGCAGTCCCATCGAAGGGCTGGCCTCCATCATCACGCGGCTCGACTACACCTGGCACGACGACGAATGGATGCGGCGCCGGAAGGGTCCGGCCAGCCTTTACGAGCCGGTTTCCATCTACGAGGTACATCTGGGCTCCTGGCGTCACAAACGGCCCGGCGAGTCCTTCTCTTACCGGGAGATTGCCGAGCCGCTGGCCGACTACGTGCAGGAGATGGGCTTCACGCACGTGGAGCTGCTGCCCGTCATGGAACATCCCTACTACGGCTCCTGGGGCTATCAGGTGGTGGGCTACTACGCCCCGACGTTTCGCTACGGATCGCCCCAGGACCTGATGTACCTGATCGACTACCTGCACCAGCGCGGCATCGGCGTCATCCTCGACTGGGTCCCGAGCCACTTTGCGGCCGATCCCCAGGGACTGGTTTTCTTTGACGGGACCACGCTCTTCGAATACGACGACCCCAAAATGCGTTACCACCCCGACTGGGGCACGTACGTGTTTGATTACAACAAGCCGGGCGTACGCAACTTTCTGATTTCTAATGCGCTTTTCTGGCTCGAAAAGTACCACGTCGACGGGCTGCGCGTCGATGCCGTGGCCTCCATGCTCTACCGGGACTACTCACGCAAGGAGTGGACGCCCAACATCTTTGGCGGTCGCGAAAACCTGGAGGCCATCGATTTCCTCAAGCGATTCAACGAGACGGTCTACCTGCACTTCCCCGAGGCCATGACGATCGCCGAGGAGTCGACGGCCTGGCCCGGCGTGTCGGCCCCCACCTACAACAACGGTCTGGGCTTCCTCTACAAGTGGAACATGGGCTGGATGCACGACACGCTGGACTACATCCGGCGCGATCCCATCTATCGCAAGTATCACCACGACGAGCTGACCTTCTCGCTCTGGTACGCCTTTTCGGAGCACTACGTCCTGCCGCTCTCGCACGACGAGGTGGTGCACGGCAAGGGCTCGCTCTGGGGTAAAATGCCCGGCGACGACTGGCAGAAAGCGGCCAACCTGCG
NZ_AP019796.1_gap73	2411716	2416029	4313	ACAAAACAACCCGGCTGAACTGATGGCCGCTTGCCTGCAGGCGCACGACGTACAGCCCGGAAGGATGCCCGTCGGCCACCCAGCGCACCACGTAGCGTCCGGCCGGCAGCACTTCGTCGACGAGCGTGGCCACCCGCTGGCCCAGCAGGTTGAAGACCTCCACGACGACCGGGCCGCTCCAGGCCAGCGAAAACGGCACCATGGTTTCCCGGCGGAACGGGTTGGGATAGTTGGGCTCCAGCGCAAACAGCCGGGGTGTCTCTCCCGCGATCGGCTCGACGGCCGTCGCGCGCACCATGGACCGGTCGCCCAGCAGCGACCCATCCTGCATATCGACATAGAACACGTGGCCGACCTCCATCTCTTGCTTGGCCGGCACGGCTGCTCCCAGATCCCCCAGATGCAGGTAAGCAATCACCCATACCGGCGTAGAGGGATCCTCGTACACGAACTCGGCCACTTCACTCAGCGGCGCAAACAGCCCGGCCAGCATGGTCACCAGTACCTCGTTATTGGCGGCTGCTCTAAAATCGGCCCCACCGCCGGCCTCGGCCGCCGCTACCGCCTCGTCAGAATCCGCAAAGGATGTCGGCAACATCGGAAACGGCCCGGTCAGCTCCAATTCCGAGGCCGTCCCGAGCGGAAGCGGAAGCAACGTCCCCGACGATCCCTGTACCATCAGCACAATCTGCGGGTCCTCGCCACTTCCGACAAACAGATACACCCAGAGCAGGGCTTTGCCGTCAGGTACTCCTTCGGCCAACTCGAGCAAGGGAAGCGAGGCTGAGGCAATACCTGAAAGGCTGGCCGAGCCGCCTGCCATCAACGCGGCCATCTCGCCAGCGGCTGCTACCTGCTGCGCCGCGGTGATCCGATCCAGCTGGAACCCCTGGCCCATCAACATGAGCCCGGACACGTCTTCGCCGCTTACCTGGATCGAGTCGGCCTCGCCGTCCATGTCTTCGTCCAGCATGGCAAAGCCGATGCGCAACCGCCCAAGTGTCCGGTCATAATGCACCAGAAAACCCTCGACCACGTACCAGCCGTCTATCACATTGGTAATGCGGAACGTCCCTTCGGCCGTCACCACGCCTACACCGGCCGGATTTCCGTAGCGGTCCGCAAGCGTGACGATCATTCCCGCGGGATCCATCTGCTGCATCGTCGCGGCGCCGCGTTTATGCAGGGCTGGCCGATGCACGGCCTGGACAACAGGATCCAGCAACGATGGCACAGGCTGTTCCCGACCGGCTACGCGGGGGCGCGTCAGCGTGCGGAGCAGCTCCATCCGGCCGTTCAGCGCCGTCTCTCCCGGCGCGACCCGGAATGCCTCCTCGCCGCCCGCCGACTCCAGCATCACCATGCCATCTACCGTGACGCCGCCGAGCGCCTCGCCCGTAGCATACTGCAGGACAAAGGCCCGAAGGGCCACCTCGGACTCCGAAACAACCAGTTCCGGAATGGTCCAGGTGTAGGTGGTCTGTGCCAGATGCGTGACCTGGAACGACAGGGTGCGGCCGTCTTCGCTGAGCGTTCCCCCGGCGACCTGCTCGCAGGGCGAGCTGCCGCCCACCAGAATCTGATCGCAGGGATGTATGCCGATGCCAAGATCCAGCAGCGAATCCAGACCGGCTTCCAGTAGCGAATCTGGCAGGGGTGCAGAAAACGTAAAGGACACGGTGGTTTCTGAAGCGACTCCGGTAGCGCCCGACGCCGGAGTCGAAGCGACCACCTCGAACCCGGTAAGCTGAGCACGGGCACTTCTGGCGGCCAGCACGAGGCAAAGCAGGACCAGCCCCACCCGCCCGTTGTAGCGAGCGTTCATGATTCCCTCCCTGTGGTTGATGATAGAAAAAGCGTCATACCCTACTCGGAGCGGGCGGGCATCGGCTGCGAATCCTGCATGGCCTGAGCCGCGAGCGCCTCGGCCTGCGCAATCAGTTCCTCGATCGCCTGCAGGCCTTCATGCCAGAACTGCGGGTCGGTCAGATCGACGCCCAGCCGACCTACCAGCACGTGCGGCCAGTCCGAGCCGCCGGCTTCGAGCAGTTGCAGATAGCGCTCGGCAAAGTCGGGGCCTTCCTGCCGGTAACGCGCAAAAAGCGCCAGCACCAGCAGCTCGCCGAATGCATAGGCGTACACGTAGCCCGGCGTGTGGATGAAATGCGGGATGTAGCTCCACCAGTAGCGATAGTGATCGCCGAGCACCACGCTCCCGCGAAACATGTCCTGCTGCGTCTCGATCCAGAAATCGCAGAACGCTTCCGTGGGAAGCTCGCCCTGCTGGCGCCGGGCGTTGTGCATGCGGTCTTCGAAACGATTCATGGCCACCTGGCGGAAAACCGTGGCCATCGTATCGTCGATTTTGCCCATCAGCATGGCCAGTCGGTTGGACGGGTCGGCCTCGACCGCCAGCAACCGCTCGAAGACCAGCATCTCGCCGAAGACAGAGGCCGTCTCGGCCGTGGTGAGCGGCGTGTCGGCCTGCAGCAGGCCCTGCTTGCGCGACAGGTACTGGTGCACGCCGTGGCCGAGTTCGTGCGCCAGCGTTTGCACGTCGCGGATCGTGCCGGTATAGTTGAGCAGGATATACGGATGGGCGCTCGGGACGGCCCCGTGGCTGAACGCGCCGCTGCGCTTGCCCGGGGTCATGGCCGCGTCGATCCAGCGACGCTCGAAGAACTGCGCCGCAATTTCTCCCATGCGCGGATGAAAGGCCCGGTAGGCTTCTTCGACCAGCTGGCGGGCCTCCTCCCAGCGATAGCGCGTGCCGGCCTCCTTCAGCGGCGCGTAACGGTCGTAGTCGTACAGTTCATCCAGCCCCAGCAACCGTCGCTTGAGCTCGTAGAAACGGGCCACCAGGTCATAGCGCTCGGTCACCGCCCGGATCAGCGCCTCGACCATTTCGTCGCTGACCTCGTTGGCCAGGTTGCGGCTCTCGATCCAGGTCCGGTAGCCACGCAGGCGGTCGTCCGAGGCCTTATCGGCCAGCACCGTGTTGAAGATGTAGGTCAGCTCGCGAATGCGTGGCTTGAGCCCTTCCGTAAAGGCCAGCGCCGCCTGCCGCCGCACCTCCCGGTCCGGGTCGTACAGTTTGGCCAGCACCTCCTGCTCGGTCAGCAGCTGGCCGTTCAGTTCAAAGCGCAGGCTGCCGAGCAGCTCATCGAAGAACCGGGTCCAGGCGTCCCGACCGGTAACGCGCTTTTCGGCGAGAATCTTTTCTTCCGGTTCGCTGAGCAGGTGCGGACGCAACCGCTGCTGCAGCTCCAGGTAGTGCCGATAGGGTCGCAGCGCCTCGGTCTCCATGAGCCGACGGGCACGTTCCGGCTCGACGGCCGCCCATTCCAGCTCCAGAAACAGCAGCTGCTGAGAAGCCTGCGTATAGCGCTCCCGCACATGCTGCAAGAGCGCACCACGGGCCGGATCCTCCGTATTGGTGCTCCAGTGCAGGTAGGCGTAGGTGTAGGCGCGGCCCAGCCGGTCCAGAATCACCTCGTAGCGGCGCAATGCTTCGGCCAGTTCCTCGGCCTCCAGCGAGCCAATCCGGCCGTGATAGGTTCGGGCAAATGCCTCGGCTTCGGCCAGCGCCTGCTCCAGATCCTGCTTCAACGCAGCCTCATTCGGGTACAGATCGGTCAGATCCCAGCGAACGTTTTCAGCTCCGGTCTGCATACGACTTGTCTTTTTTGAAATCCCCTGTTGCACGAAACGAATGCGCTCAGGAAACGTCTCACGCCACACCGCAACGAAGGGTTGCAAGGTCAAGATCCGAGGGGTGCAAATATCCCTCATCCTTTTTTTGCCATTAAAGCCTGCAACTTTTTGCCCGATGCGACCGGAAGTGCCGGACCTTTCGCTTACTCCGTTGACGGATGAAGCAGGGCTGGATGCAGCCCTGGCCCACTCCTACCGTGAGCCGATCCTGCTGTTCAAGCACAGCCGCTGGTGTGGCATCAGCCATCGCGTGCGCGAAGATGTGCTGCGGGTGGCTGCTGCGCGATCGGTGCCACTCTACGAGGTGGTGGTCCAGACGGCCCGACCGGTCTCCGACGCCATCGCCCGCCGCCTGGGCATTCGCCACGAGACTCCTCAGGCTTTCGTAATTTACCAGGGCCAGGTGTTTTTCCATGCCTCCCATTATGCCATTACGCCCGATGCGCTCAACAAGACGCTGGATCAACTGGACTGCGCCGGTTCTTCTGCTGAGTAGCCTGCTGCTGATCGGATGTCGGCCGAAAGCCCCCGAACAGGCAACCGCCTCGGAGCAGGTGCCGCTATCCGGAGTAGATGAAATCAAGCCGCCCCGGCCCGCA
NZ_AP019796.1_gap74	2431210	2434515	3305	CGAAGGTAATCGCAGTTGGGCCGCCAGAGCACCGTCAGCGAAAGCAGGACCCAGGGAATCAGGAGCAAAAGGAGCTGCCGGTGCAACACGTCCGCCAGACGACCACCCCGCCTGAAATGCCCCCATGCCCACCAGCCCGCCACGAAAAAGGCCACCAGCGCCACCAGCGCGGCCGACTCCACGTGCAGCAGCCCCAGCACAGGCAGTGGCCAGAGCGCTACGCCCAACCCGGCATAGACCAGGCCGCAGCCTGCAATCCCCTGCGCTTGCCCGCGCGGCATTTACATGGATGTCCGCTCAGAGCAACTTGATCGTGATTCCCAGCGAGAACACCTCCTTGAGCTGGACTTCGCTGCTCACGTCGCGATCGTAGAGCGCCACCACTTCCAGGCTGGTGCCCAGCCAGCTATTGACCTGCATCTCCAGCAGATTTTCCCAGAGCATGTCGGGCAGGTCCGGCTTGTTGAAGGCCGCAAAAAGCCCCAGGCGCGACTTCAGCCGCACGTTTTCGAACAGCTCCCGGTCCAGCTCCGTGCGCGACTCGACGCCCACCTCGAAGCGCACGGCCTGGTCCGGCTCCAGGCCATAGAGCGTGCGCAGGCGCTCGATCAGCACGATCGTTTCCTTGGCGCCCACGCCCAGCCGCTGCCGAAACCAGCCGTCCGGCTGATAGGTGAGACCCAGCGCCTGGTTGAGAATGGCCGGCGAGAGCAGATCCGACACCTTGACCGGAGGCTTCCGCCCGTCGCCGAACGGATTCTTGGTGTAATTGTAGCCCGGAGCGAACTGCGTGCGCAGATCGGCCGACATCGTTGGGTTGAACAGGCTGAAAAAGCCGTCGCCCCGGTACTGGAGCGAGGCGGCCAGCCGGATCAGGTCTTCGGCCTTGCGCAGCTCCAGCGTGTCCTGTTTGACCACGCCCAGCGTCAACCGCACGTCGTAGAGCTGCCGCCACGACGGCGAAATCCGCTCGAACGTACCGTTGACGGCGCCCGAGAGCGCCAGCGCGTTCAGACCACCCTCGGCCCAGTTGCTGAAAGCCGCCTGCGTGGCCGAAAGGCGCGTGCTCAGGCTTTTCTTCCAGACAACCTGCGCCGTATCGGCCTCCTGAGCCAGTGCATTCCCTGAGATCAGCCCGACGACAAGAAAAATTATCCACCTGTTTTTAAGAAACATATCTGAACACCTCCTGCACCTGTATCCAACAAAAAAGGCTATGCTCGAAGCATAGCCTTTTTACGAAGCAACAGTACAAAAGGAAAGGCGCATCCGTTACATGGCCTTCTTTTTCTCCTGAACTTCTACGCGGATCTCCTGCGCCAGCTTTTTCAGTTCCTGCATCGCCTTACGGATGCGCGTGCCGGCGGCCTTGTTGCCCTTTTCGTAGAACTTTTTGAAATCCTGCTCCAGGCCCAGGACAAGATCGCGGAGTTGATCGAAGCGGCTCATAGGGGACCTCCTTCGGTTTTGGTTTCAGGGAACGAGCACCCATGCGTGCATGAGTGCGGTGTTATTTGTGTCCCAACTTAACACACGGCTCGTACTGTGTCAAGAAGAAAGCGCGTTGTTTCCCTGAAAAACTCCCCGTTTCACCGCTTCCGGAAGTTCCTCCAGTTGTCCGATCCAGAAATCAATGCGCTTATTTTTAAGCACTTTACCTATAGGTTCTTCGAGTTCATTGCGCAGCAGTGCGATTACGACCTCCGACATGCAGCCTCCGGCCAGCGCGCCCAGCACCTCGGCCGCCGCTGCCTCGACGATCTGCTCGGTTTCCGTGGCCACCAGCGTGGACACGACGGGCCAGACGCCCTGCCGGAGCAGCTGCGCCAGCCACGCCGTACGTCCCACCTGCAACGCGCCGGAGGCCGTGCGCCGGAGCAGGCCGCGATCGCTTCCCTGAATGCCCACGGCCGGAATCAAGAGTTCGTTCAGGCCGGCCACCAGCCGCTGATTCGTTTCCCGGATGCCGCGTTCGACCAGCCCGCGTTCGTGCGCACTCCGGACCACCAGCACCCCCTCCCGGCGTTCAGGCATGTAGCCCTCGGCCTCCAGCAGCTGCTCGGCCCGTCCGCCGCTGCCGTGCACCAGCACCATCGGTGCGGGAAGCTGCTTCAGCACCCGCGCCAGCCGCTGCACCAGCAGTAGATCTTCCAGATGACGATCGTCCAGGTACAGAATACCGATGCGCATGATCATTACCTGATTCGGCTTCCTCCTCAACGTCTCCATTTGCCTCAAAGATTCGCCTTCCGGCTCTTGAATCCGAGCGAGCCACTTCGTTCCTTACAGCAGCCGGTGGTCCGCCAACCCGTTCACGCAAGCCCCTATGCATCGCTTCAGCCATCTGCACTGCCACACCCAGTATTCGCTCCTTGACGGCGCCGCCCGCATTCAGACACTGCTGGAACGGGCTGCCGAATACGAGATCGAAGCCGTCGCCATCACCGACCACGGCAATCTGTTCGGCGTGCCGGAGTTCTATCGCACCGCCGAAAAGATCGGCATCCAGCCGATCATCGGCTGTGAGTTTTACCTGACGCCCGCCAGTCGCCACGACCGCAACGAGCGCACCCGCTACCATCAGGTGCTGCTCGCCAAAAACGAAACCGGCTACCGCAACCTGATCAAGCTCTCCTCGCTCTCCTACCTGGAGGGTTACTATTACAAGCCCCGTATCGACCACGAGCTGCTGACGCAATACCACGAAGGGCTGATCGCCACCACCTGCTGCCTGCAGGGCGAGATTCCGCAGACGATCCTGCACAAAGGCGAAGAGGCCGCCCGCAAACTTTTCGAGTGGTATCTGGAGCTGTTCGGCGAGGACTATTACATCGAGATTCAGGATCACGGGCTGCCCGAGCAGAAGAAAGTCAATGCCATTCTGCTCCGGTGGGCGCAGGAATACGGCGTCAAGGTGATCGCGACGAACGACGTGCACTACGTCGATCGCACCGACTTCGAACCGCACGACGTGCTGCTCTGCCTGCAGACGGGCAAGGACATGTCGGATCCGAGCCGGCTGCGCTTCGACAACGACCAGTTCTACCTGAAAAGTCCGGCCGAGATGCGCCAGGCGCTGCTGTCCGACATCGAGCCGCGCCTGGTCGACGAGATGATGGCCAACACCGGCGAGGTGGCCGACAAATGCCGCTTCCAGCTTCCCACCGGCAAGCTGCTCATGCCGCATTACCCGATCCCGCCCGAGTACAACGGCGACATGGATGCCTACCTGCGGGATCTGGTCTTCGAGGGGGCCCGCCGTCGCTACGGCGATCCGCTCCCGCACGACGTGGTCGAGCGGCTGG
NZ_AP019796.1_gap75	2451721	2452794	1073	CCGGCACCTGACGCTCCGGGCGGCCGCCCGCTGCCAGCTCGTGTGGGACTTTTCGTCGAACGTGACGCCTTCGGCCATCGGCGGCGGCCCGTTCGCCGCGCTGTTCATCGCCCGGGATCAGCGCCTGCCCCTCGGCGAAGCCACTGCCATTCTGCTGTTCGCCATCCTGCTCGATCAGCTTTTCTTTGCCTTCACCATCGTGCTGATCCTCGTGGCCCTGCCTTTCATGCCCGTCCTGCCCTCGGCCATGGGCACGGTGGGCGGCGGCACGTTCGTGCTCTACCTGGGCCTCGGGCTGGGCTGGGTGGCCTTTTTCGCCTACACCACATTTTTCCGGCCGGAGCTGATCGAACGCCTGGCCCGACGTATCCTTCGCTTCCGACGGCTGCGTCGGTTCCGTGAGCGCGTCATCCAGGAGCTGCTCAGCCTGCAGGAACGCACGCAGCTCATCCGCTCCCAGCCGCCCGATTTCTTCCTAAAGGGCTTCCTGCTGACCACGGCGGCCTGGATCAGCCGTCATCTGCTGCTCGTTTTTCTGGTGTGGAGCGTCTATCCCGAGGCCGACGCCGTGCTTGTCTTCATGCGCACGCTGGCCATGACGCTGGGGTCGGTCGTGATGCCCACGCCGGGCGGCTCCGGTGGCGTCGAAGGGCTCTACGTGCTGTTCATCGGCCCGCTCATGCCCCGTCACTTCGTGGCGCCCACGCTGCTGCTCTGGCGCCTGCTCAGCTACTACGTGTTCATCGCGATCGGACTGTTCCTGACAGGCCAGCACATGCAGCGGAGCCTGCGTCGGCGTCGCCAGTTGCGTCCGGCACCGGAACCCGCCGAAGAGTCATGACGCCCGCCGAGCTCGAAGCACGCCTTGCCCGCATCGAGGCGTACGACCTGCGGGGGGTGCACCCGAACCTGCGGCTGGGCACGGCCAGCGACCGCTACGCGGGCTGGATCGGCCAGATCTATCCCGAGCACTACCGCCGCGAGATCAAAACGCGGCCGCGCCGCCTCGAAGGCCGCACCTTCGAAGAGCGCGTGCTGCCCGTGGCCTCGGTGCGCGACTACTTCGAGCACTT
NZ_AP019796.1_gap76	2459765	2460784	1019	CCATCGGTTTTCGATGGTCACATCCAGCACAACGGTGGCCGAGTCGGTCGAGACGTAGGGTGTGCGCACGAACGTGCCCCATTGCGCCACGTGCACCGGATGCGTCTTGACCAGCCAGACGTTGCGGTACAATCCACCGCCGGGATACCAGCGCGACGAGCGTGGAAGCACCTCAAGTCGGATGGCAAGCTGGTTTTCCGCGCCCCAGCGGACGTATGGCGTCAGATCCACGCGCCAGGAAGCATAGCCGTAGGGCCAGCCACCCACCAGGTAGCCGTTCAGCCAGACGACAGCGTGAGCCATCGCGCCCTCGACGTCCAGGTAGATCGCCCGCCCCGAATCGGCGGCCGGGATGAAGATTTTCTTCCGGTACCAGGCCACGCCCGGGCTGGGCAGCCAGCCCATGCCGCCGTCCACCTCGGGGTGTGGTTGCTCCACGAAGGGGCCGCGAATGGCCCAGTCGTGGGGCAGGTCTACCCGTTCCCAGCCGCTATCGTCGAAGTCCGGCTGCACGAACGAGAAGTCGCTTCCGGGATGGCCCGGCGGCCTTCTGTAACGTCGGGACGGATCCCTGATGAAGGGATTGCCGGTGGGCAGCACCCAGGGTTTGAGCACGATCACCTCCTGCGGCGCTCCGGTCGTGTCTGCGTCCACCCGGTAGGTCGGCCATACGTCGTAGACCAGCCCGTCGGCCTCCGCCCGGGAGGGATACCTGAAAAAGCGCCAGTCTTCATTGAGCAGAATCCGCGCGCGCAGCAGATCCTGCACAGGTTGTGCCTGCAACGGCAGGACCGTCAGCAGCAGGAGCAGCCCGCCTCCTAAAAACACCCGATAGCGAGAACTGGAGATGCGCATAACAGCCAGGCGTTGCCTCACCGGATATTTTTAGAAAAGCTATCATACGATAGAATCGCAAACAATAATATTAAAACGCTTCAACATTGTTCACAGAAACCGAACAAATCATTCGATGTAATTGATGTGAAATGGCTGGTTTCGGACGCAGGCGGCTGTTATCG
NZ_AP019796.1_gap77	2488553	2489403	850	AACGCCTACCTTCATCACCTGCTGACCACCCACTGAGCGCACCATGCGCCCGGCTGCTCTCCTGACATTGCTGATTGGCCTTCTGTTTCTGCTGGGCGGATGTGCCCGTGGGCCGCGCCTCGCCGAGCGTCCCGAACTACCCGAACGCTTTCCCTACCACTCGGCCGAACAGATCCGCTACCGGCTCCGCCTCCCGCTCGACACGCTTCGCGCGTTCACCGGCCGGGCCAGCCTGCAGGTGCACACACCCGAAGGCACCGACAACCTTTCGGCCACCATCGCAGCCCGCCGGGACGACACGCTGCTCATCCGCCTGAGCCCCGGCTGGGGCATCGAAGCGGCCCGGCTGCTGATCACACCCGACAGTGTACTCCTGCACGACCGCATTCATCACCGACTCTACTTCGGTGCCCGTACCGAGCTGGCCGTGCGTCAGCTTCCGCTGCTCACCGAGAGCGATCCGTTCCTGAGCCTGCTGGGCGCGCTGTATCCACCGCCCGGACGCTGGCTCGTCACCGCCGACTCCGGCCATTACTACCTGCACGATCCCGACGGGCTTTTTCGTTATGTAGTGGATCCAGCACGATGGCGGGTGATGCGCTACGAACGCTACGATCCGAGCGGCACGCTTGTTGAGTCGTACCGGTTCGAGGCGTTCGACCGGTTCGGCCAGGTGTTTCTTCCCCGAAGACTGCTGCTCGAACGCCCCGCCGTCGGCGTGACAGTGCGCCTGTACTATCGGGAGCTGGCGCTCAACCCGCCCGCCCTGCAGTTTGCCTGGAATCCGGATGCGCGCACGCGCCGCATTCCGTTTCAAGCCATGATGGAGCGACCATGAGGCGTCTGCTGC
NZ_AP019796.1_gap78	2503140	2507399	4259	CGTCATGGCGTACATCTGATTGAGCCCACAGGGTTCCACCCGCGAGGGCATTAGCAGTATGTCACCCGCTGCATAGAGCTGGTGTGCCAGCGTGTTGTTGAACTCAAACCGCAGCACCAGTCGGGGAAAACCTCCGGGCCGCACGATCCGACAGCGCAGGTCTTCCAGTGCCGCCTGGTAGGCGGGCATGCCGGTGCCCAGCACCACCACCGATACATCGATCTGGTGCGTCAGCAGCTGTTCCAGTCCGGCCGCCAGCAGATCGACCCCCTTCTCCTGCATGAGCCGACCGATGAACACCAGCAGGGGCCGATCGGGCCGGAGTCCCAGCGATTCGCACAGCGCTTTTTTGTTCTTTTCCTTACCGGAAAGATCCTCCACCGAGTAGTTCGCAAAAATGAGCGGATCGGTGGCCGGATTCCAGACGTCGGGATCGATGCCGTTGAGAATGCCCCGCATTTTGTGCGCCACGCGCTGAAAGACTTCCTGCAGCCCGGCGGCGATATCTTCACGCTCCTGCAGTTCGCGCGCGTAACCCGGACTCACCGTGGTCACGGCATCGGCCCAGAGCAGTCCGGCCTTCATGGCGTTGAGCTGGCCCCGGTGCTGCAGGTCCTCGGGCCGCGCCACCGGCACGCCAATCTCCTCCCACACCTGCCAGTCGTAACGCCCCTGATGCTCGGCATTGTGCACGGTGAACACGATCGGAAGCTCGGCCAGCTCGCGATAGGCCGGATCTTCGCGCAGCCAGACCGGCAGCAGCGCCGTATGATGATCGTGCAGATGGAGTAGATCGGGACGGAGCACGCCCTCCTTCAAAACTGCCAGCACGCCCCGCTGAAACACGAAAAAGCGATCGGCCTGATCGGGAAAATCCAGCCCGGTGGCCGGATCCTGGTACACGCCGGGTCGCCCGAAGTGGACCGGCTCCTCCAGCAGATACACGGGAAATCCGAGCACTTCGGCATCCTGCCGCCAGAGCCGGTAGGACAGGGTGCGGTCCCGATAGGTGAACGCCCCTTCGTGAATCAGGCGCAGCGCGTCTTCCTGCAGCTGCGCATCGCCAAAGCGGGGCATGAGCACCGCTGCTTCAATGCCGGCCCGGCGCAGAAACTTGGGCAACGCCCCCAGCACGTCGCCCAGACCGCCTACCTTGGCAATCGGTGCGCACTCGAACGCTACATGCAGTACGTACATACCAACCGGATTGTATTGTCACAGGGTAAAGATAAATCGCACGGGCACGTTCTCGAAGCCCCGAATACAAAAACTTTGTTACGGCGCTGAAACCGGCCATGCGCCCTCGGGTACATGCCAGGGATCCGGCACGCAATGCGCATGGACGAACGAACGCACACGGCTTCGCTCCGGCAGCGACTGGCCCGCACGCGGCGGCGCCTGGTGGCGGCCCGTCTGCTCCAGGGTGGTCTACAGGCCCTCGGCCTGCTGTCGCTACTCTGGGGGATTGCCGCCCTGCTGGAAGCGCTGCTTTGGCTCCCCACCGGATGGCGCACCGGACTGTTCTGGGCGCTGGTAGCCGGCTCGCTGGGCCTGCTGGGCTGGACCGTCGGCCGTCCGCTGCTGGCGTTGCGTCGCCTGAGCGACGAGCACCTGGCCCGCCAGATCGGCCGCTATTTCCCGGAGATCGCCGATCGTCTGATCGACCTGCTGCAGCTCGAAACGGGCCGACGGAGCCCGGCCCCGGAGACGCTGCTGGCCCGCGCCCGCGAGCAACTGGCCCGGCAGATCGCGCCGGTCCCCTTCGAGCAGATGGTCTCGCTGCGTCCTTCGCCCCGGCTGCTCTCACTGACGCTGGTCCCGCTGCTGCTGGTGGGCACGCTCTGGCTGCTGGCGCCCGGTGCCTTCCGCGGCGCTTTCGCCCGCCTGCTGGCGCCGGGCCGCACGTTCGAGCGGCCGTTGCCTTTCACGCTGAACGTCACCCCGGGCGACACCGAACTGGCCCGTGGCGATACGCTGCACCTCACGGTATCGCTCCGCGGCACAGCATGGCCCGAGCAGCTCACGCTCCGGCTCCGCTATGCCGGCGAGATGCGTCCCGAAACGTTCTTCCTGAAGCCCGATACGACCGGCCGCGCCTACTTCGCGCTGCCCGACCTGCAGCGCCCGCTGACCTATCAGGTGGAGGCTGCTCCCGCGGCAACGCCCTGGTACACGGTCACGCTACGTGAACGGCCGCTCGTGCGGCGCCTGCAACTGACGCTGCACTATCCGTCCTACGCCGGACTCCCTGCGCAGACGCTACCACCCGACGTCGGCAACGTCTCCGCCCTGCCCGGTACCCGGATTGAACTGCGGGTGCTGACCGGCGCCGCGCCCGTCGACTCCGCCCTGGTGCGCTTCGACGACGGCTCCGCCCTGGCGCTGACGGTCCGCGACAGCCTGGCGCAGGGCACCTTCACGCTGCACCGCGCCGGCCATTACTGGATCGAACTGCATGCACCGGGTGGCCTGACCAATCCCGAACCGGTGCGCTACACGCTGGAGCTGGTGCCCGACGACCCGCCCACCATCACGCTGCTGCAACCCGAAGCCACCTACACACTCGACGACGCCCTCCGGGCACCGCTGCAGGTGCGCGTGCACGACGACTTCGGCTTTACGGCGCTGCGGCTCTACTGGCGCCTGGCCGAAAGCACCTTCCGCACCCCGGAGACCGACTTTTCGAGCCGCCCCCTGCCGCTGACCACGCCGCGCCCGCTCGATCAGGAAATCCAGCAGCAATGGGATCTGCGTGCCGACGGGCTGGACCTCGTGCCCGGCGACGTGATCGAATACTACCTGCAGGTGTGGGACAACGACCGCGTCTCCGGCCCCAAGTCGGCCCGCACGCCGGTGCAGTACCTCCGGCTCCCTTCGCTGGCCGAGCGCTACGAGATGCTCGACGCCGCTCAGGACGACGTGGCCGAAGGGCTGGAGTCGGTGCGTGAGCAGGCCGAGCAGCTCCGCACCACCTTCCAGGAGCTACGCGAGACGATCCAGCGCACCCGTCAGGCCGGCTGGGAGGAGCAGCAGCAGGCCGAACAACTCCGCCGCCAGCAGGAAGCGCTCGAAGAGCAGGTCGAATCGCTCACCCGCCAGCTCGAACAGATCACCCGGGAAATGGCCACCAACCGGCTCGTAAGCGACGAGACGCTCGAGCTGTACCGGGAGCTGCAACGGGTGGTCGAGGAAATCCGGTCGCCGGAGCTGCGCGAAGCGCTGGAAAAACTCCAGGAAGCGCTACGCGCGCTCGATCTGCCCCGGCTGCTGGAAAACATGGAGGAGGTGGAATTCAACGAAGCCCAGTTCCGCGAGCGCATCGAGCGCGCGCTGGAGCTGTTCCAGCGCCTGCGTACGCAGCAACAACTGGAAGAAGCGGCCCGCCGCGCCGAGGAACTGGCCCGCCTGCAGGAACGCCTGGCCGAGCGCACCGCCGCACTCGAACGCCGGCAGCACGGCGAAACGGGCGAATCGTCCGCGTCTGACTCCACCGGCCACGTAGATCCCGAAGCGCTGGCCCGCCAGCAGGAACAGGCCAGCCAGGAAGCTCGCCGCCTCGAAGAACTGCTGGAAGAGACGCGCCGCCAGATGGAGGAGCTGCGCGGCATGCCGCGCCAGAGTATGGACTCGCTCCGGCAGGCGCTCCGCCGCCAGCAGCTTCCCGAACGCATGCAGCAGAATGCGCAGCAGCTCCGCCAGGGCAACTTCTCGGGCGCACGCCGGGAGCAGCAGCAGATGGAACAGCAACTGGAGCAACTGGCCGCCCGGCTGCAGCAGCTCGAGCAGCAGATGGAAGGCACCCAGCGACAGATCAACGCGGCCGGTCTACGTCAGGCCCTCCGGCACATCTTGTTGCTCTCGGAATCTCAAGAGACGCTCCGCAACGACATTCAGGCGCTGCGCACGGAGCAGGCCGCGGCGCCGATGGCCCGTCGCCAGGAGCAGCTGGTGCAGGGCACCCGTGTCGTTACCGACTCCCTGCGCCAGCTCGCCCGTCGCATTCCCCAGATGGACCGGGCCGTGCAGCAGACGGCCGGCGAGGCGCTCCAGGCCATGGACCAGGCGATCGGCGCACTGACCGAGGGCAGCGCCCGCATGGCGGGCAGCTACCAGACGGCCGCCATGATGCACCTGAACGAGCTGGCCCGCATGCTGGCCGACCTGCTCGATCAACTTCAGAACCAGCAGGCCATGGGCGGCCTGTCGCTGGAGCAGATGATCGAGCAACTGCAGCGCATGGCCGGCCAGCAGCAGCAGCT
NZ_AP019796.1_gap79	2568938	2573749	4811	GGCCTGCTGTCCTGTGGTGGTCGCTACCGGCACGCGTTGTACGCCTACCGTGAAGGTCTCCCCATCGATGTCGAACGTCTCTACGTGGGTGCCCGTAGGCTGCTCGGACGGTTGCAACGCTACGGCCAGCGTCTCGTTCCGGACCCAGTCGGCGTGCCGCTCCAGCGCACGCGCCAGTTGTCCTTCGGCCCGGTAGCTGACCACGATGCGGTCGGTCACCTCGAATCCGGCCTTTTTGCGCAGATTCTGGATGCGGTTGATGGCCTCGCGGGCCAGCCCTTCCAGAAGCAGTTCCTCGGTCCGGTTCGTGTCGAGCGCCACGGTCACGCCGTCTTCCTGACCCACGAGCCAGCCTTCGATCCCTTCGCTCTTGATCTCCAGATCTTCGGGACCCAGTTCCACCTGCTGGCCGTCCACCTCCAGCACCAGCTTCCCTTCCCGAAGGTACCGATCGATCTCCTCCTCCGTGAGCTGGGCCACGCGGGCGGCCACGCCTTTCATGAGCTTGCCCAGCTGCTTCCCCAGCCGGGGATAGTTCGGCTTGGCCGTGCGGCGCACCACACGACTGGTGCCCTCGACGTACTCGATGTCCTTGACGTTGACCTCTTCGAGGATGAGCGGCCGCACCGACTCGACCACCTCGCGATCGACGCCGGTGCCCGTCACCACCAGAATGCGGGGGAGCGGCTGCCGGACGTTGATCCGGGCCTGGTTGCGCAACGCAAGCACGATCGAGACGATCGTCCGCGCCAGCGCCATGCGCTGTTCCAGCACCGAATCGATCACCGACTGGTCCACCTTCGGGAAGTCGGCCAGGTGCACCGACTCAGGCCCCTTCACCTCGCTGCCTTCCTGAAGCGCCCGGTAGAGCCACTCGCTGAAGAACGGCGCGATGGGCGCCATCATCAGCGCCGTGGTCTCCAGGCATTCGTAGACGGTCTGGTAGGCGGCCTGCTTGTCGCGCTCGTTCTCCTGCTCGCCCGTACGGGCGCTCCAGAAGCGCCGCCGCGAACGCCGGATGTACCAGTTCGACAGCTCGTCCACAAAGCGTTCGATGGCCCGCGCCGCCCGTGTCGGGTGATAGTCCTCGTAGGCCGCCTCCACCTCGGCCAGCGTGCTGTTGAGCCGGCTGATGATCCAGCGGTCCAGCTCGGTGCGTTCGCCGACGGGCATGCGCTCGGCGGGATAGACGAAGCCGTCCACGTTCGCATACGTGGCGAAAAAGGCGTAGACGTTCTCCAGCGTGTTGAAGAAGCGACGCCGCGTGGCCTCCAGCTCGCGCTCCGAAAAGCGGATGTTCTCCCACGGCGGCGCGTTACTGATCATGTACCAGCGCACCGGATCGGCCCCGTAGCGCTCGACCACGTCGAAGGGATCGACCACGTTGCCCTTCGACTTGGACATCTTCTCACCTTTCTCGTCGAGCACCAGGCCGTTGACCACCACGTGCCGGAAGGCCACGCTGTCCATCACCATCGTGGCGATGGCGTGCAGCGTGTAGAACCAGCCGCGCGTCTGATCGACGCCTTCTGCAATGAAGTCGGCCGGGAAGGTGCGCCGGAAGGCTTCCTGGTTCTCGAACGGGTAGTGCCACTGGGCGAAGGGCATCGCGCCCGAGTCGAACCAGACGTCGATCAGGTCGGGCACGCGGCGCATTGTGCCACCGTCGGGCGCCGGCCAGGTGAGCCGGTCCACAAAAGGCCGGTGCAGGTCCAGCTCGCCGGTCTCCGGGTTGTAGGCCTCGGGCGGAAACGTGCCGCCCAGCTTCTGCCGGAGCTCTTCAATCGAACCGATGACCTCGATGTAGTCCGGATTGCGGTCGCTCTGCCAGATGGGGAGCGGTGTGCCCCAGTAACGCTGGCGGCTCAGCGCCCAGTCCACGTTGTTGCGCAGCCACTCGCCGAAGCGTCCCTCTCCGATCGACGGCGGGTGCCAGTGAATCGTCTGGTTCAGTTCGATCATCCGGTCTTTGACGGCCGTGGTCCGGATGAACCAGCTCTCGACCGGATAATTCATGAGCGGCGTGCCCTTGCGCCAGTCGTGCGGGTAGTTGTGCCGGTAGGTTTCCTGGCGAAAGAGCAGCCCGCGCTGTCGCAGATCACGCAGAATGACCTTGTCGGCGTCCTTGAACCACAGGCCGGCCACCAACGGCGCCTCGTCGGTGAAGGTGCCCTCGGGTGTGATCGGATTGATCATGGGCAACCCTTCCTTCTGGGCGGCCTCGTAGTCCTCGGCACCGAAGGCCGGCGCCATGTGCACGATGCCCGTCCCTTCCTCGGTCGAGACGAAGTCGGCCGCGATGACCCGCCAGGCTTCCCCTTCCTTGAAGCGATCCTTGAAGTACGGAAACAGCGGCTCGTAGCGCGTGCCGACCAGCGCCCGGCCCGGGAAGGTCTCGACCACCTCGACCGACTCGTCCCGCAGCACGTCCAGTCGATCCTGCGCCAGGATCAGGTACTCGGTGCCCCGTTCCGGGTCTTCACGGCGCACCTTGACGTAGGTGATGTCGGCCCCGACGGCCAGTGCCACGTTCGAGATGAGCGTCCAGGGCGTCGTCGTCCAGGCCAGCAGGTAGGTGCGTTCGGCCCCCAGTACCGGGAAGCGCACGTACGCGCTGGGGTCGTCCACTTCCCTGTAGCCAAGGCTCACCTCGTGCGAGGAGAGCACCGTGCCGGAGCCCGGGCTGTACCACTGGATCTTGTAGCCCTTGTAGAGCAGCCCTTTCTCGTAGATCTGCTTGATCAGCCACCAGACGGTTTCGATATAGGTGTTTTCGAACGTGATGTACGGGTGTTCGAGATCCACCCAGTAGCCGATCCGCTCCGTGAGCTGGTCCCAGAGTTCCTTGTAGCGCAGCACGCTCCGGCGGCAGGCCGCATTGTACTTTTCGATACCGAATGCCTCCACCTGCGCCCGTCCTTCCAGGCCCAGCTCCTTTTCAACCTCGATCTCCACGGGCAGCCCGTGCGTGTCCCAGCCCGCCTTCCGCTCCACGCGGAAGCCCTTCATGGTCTTGTAGCGACAGAAGATATCCTTGATCGTCCGGGCCAGGACGTGATGGATGCCGGGCTTGCCGTTGGCCGTGGGCGGCCCTTCGTAGAAAGAGAAGGTAGGTCCGTTTTCCCGCTGCGCAATGCTCCGCGGAAAGATCTGGCGCTCTTTCCACCAGCGCAGGACTTCGTGCTCGATCTCCGGATGCCGAAACTGCTCAACCTGCTTAAAGCGCTTCATGCCTATCGGTACCGACGTTGACTGCTTGGTCTGCGCGTTCAGGAATCCCTCAAAAATACGCAATTCCGTCGCCGCGCGTGCCCCCGGCCCGTTAAGAATGCAGGAGAAACACAACCCTGCGCGGCCACTCACGCTGTTTGACAGGGACCTCCCCGACAAAAAAGGGCGACCACCGGTCGCCCTTTTTTGTCGGGATTGACATGGCGCTACTGTTCCAGCACAACCAGCCGGGTGACGGCCGTGCCGCCGCCCATCTGGGCCGGAAGCTGCTGCTCGGTCAGTACGCTGAAGTGCGGCGCCTCGCGGAGTACGTGCATCGTACCGCTGCCCGGCCCACCGTCGAGCATCTCCAGACGCACCACGTACACTTCGAACGTACCGGCCGGGGTCTCGACCGTCTGCGTGCCGGTCACCTGCAGCTTCACGGGCCGCACCTCCTGCTGCTGCGGATTGAATATGCGAAGCGTCGCCTCGTAGCCTTCCGTCAGCGGAAGCCCGGCCACGTACAGATCGAACGCCCCGCCGTCTCCTACAACCGGTGCGTCCAGTTCCTTATCGATCGCCATCGCTCCCATCGGCGACTGCATCCGGCCGGTGATCCGCTCGTCCGCATAGGTCAACACCAGCGTGCCCATACCCCGCGCCGCACGTCGGATGGGCCGGAGCGTACGCCGATCCACCCACGACGTGTCGGCGGTCTCGCCCATGGGCATGCGCACGTGATCGACGATCATCCACGCCGGGCGGCCTTCCAGCTCCACCGCCTGCACCGTACGCTCCGAGCCGAGCGTGAAGGTCTGACCCTGCACCTGAATGGTGGTCTCGTAGCGTAGTTTGAGGGGGCGGATCCGGTCGCCGTCTGCTTCCGGAAGGGCCCCGCGCTGCGCCCGGGCCAGCGCCAGCGTGTCGGGAAGCGTCACCGTGGCCGGGTCCACCATGAGCGAGGCCAGGTGTGCCGCCAGCTCCGGACTCATCTCCTCCTGATAGCGCCCGCCCAGATGCCGCGCCAGGAAACGCTCGATCTCGGCGATCATGGCCAGTCGGTTCATTTCGCCCCGAAAGCCGTGCCCTTCGTCGGGCGCCACCATGTAGGCCACTTCTACGCCGTTGTCGCGGGCGGCCACCACGATCTGGTCGCTTTCGGTCTTCTTGACGCGCGGATCGTTGGCGCCCTGGATGACCAGCAGCGGCGCCCGAATGCGGTCGGCGTGGTAGAACGGCGACTGGGCTTTCAGCCGCTCCCGGTCGGCCGGATCGTCCGGATTGCCCACGCGCGTGTCGAAAATCCGCCGTGCAGCCGCCCAGTAGGGCGGAATCGTCTTGAGCAGCGTGAGCAGGTTCGAGGGGCCCACGATCGACACGCCGGCCGCATACAGCTCGGGCGTGAAGGTCAGTCCGGCCAGCGTGGCGTACCCGCCATAGGAGCCGCCCATGATGGCGATGTAGTTCGGATCGGCAATGCCGCTTTCGATCAGGTAACGCACGCCGTCCGTGACATCGTGCTGCATCACGCCCGTACCCCACTGCTTGTTACCCGCATTGAGAAAGGCCTTCCCGTAGCCGGACGATCCCCGGAAGTT
NZ_AP019796.1_gap80	2583263	2585374	2111	CGACCAGCTTGGCCGCCAGGAACGACACGTCGCCCGCGCCACAGCCCGCGTCCAGCACTCGCATGCCGGGAGCCAGGCCGGCCTTGAGCAGCATGATTTCGGTCAGTTCGCCGAAGAAGCGCCCCTGCTGGACCAGCCGCTCCAGCTCGGGCTGCGAATGGCCCAGTACGTAACCGGCTACAGGGGTTTCCGTCCTTTTCATCTTCGATCTCCCACTTCACTTTTCCGTGTCGGAAGGGTCTTCCTTTTCAGGGATTTCTCCCCGGCACGGTCTACGAAAACGCCGGATTTTGCCAAACTGCCAGACGAAAATCTGCCGAATTTTTGCTAAAGCTCAGGGGATGGACTTCTTTCGGATGGGAGACACGGGGGATTTTTCGAGAAGTGAAGAGACAAGGCAGCACAGAATGCCCGAATTCCTGGCGCGGCCAAGCTGCAGATCGATAGAACACGGATTCAGAGATCGAACTGATTCGAACGGATGTCGATCTTGGATAAAATTCGGAGATTTAAAGTCGTCCGGAGGTTCGAAACGAGTCATTTCGCCGCAGGCAAGAATTTCATAAATTCAAAATGATAGGAGAGGCCCGCAATCCCGATCATAACGAAAGCTCGCCCTTTGGGGACAGCTTAAGGACTGATCCGTTCTTATCCGTGTGATCGTATCATCTGTGTTCTGTTTATCTGTGTTTTATCACAAATAACTTTGCCCAGATAATTGTTCGGCGCTAAGCAAGGTGATTGCGCGCGGAAGGCGGCGTTTACATCATCACTCAACACCGATTTTTTTCTTCGCCGGAACGGGATACAGGCCCCCCATACACCTCCTGCTGCCACAGCCACTCGGTGACGCGTTCGATGCCCTTGCTCAGGTGATAACGGTAGGTGCTGAAGGGCAGGCCGAGCTGCTCGGCGGCTTTCTCCTGCGATGGCGCCGGCCGCAGGTATGTGCGGCGCAGGGCCTGGTAGAGTTTATCGTCTTTTGGATGGCCCTGCATCATTTTGGCGGCTTCTTCGATCAGTTCTTGCAGGTCTTCGGTATCCGCTTGCAGCCCATAACGATCCCTGATCAGCCGGGAACGCATCAGGGGGTTGGTGCTGAGCCGATCCGGGCGGGCGAAATCGCGTAGCGCCCGGCGCACCGCATCGGCAAATTCCGGCTGGGAAAGGACCATCAGGGGCGGAGGCGAGGACTGGTGGACCGGTTCCGGCTGGAATTCCAGGTCGAGCTGTCGCTCCGCCAATATCTGGTTCCAGACCGACAGCGGTTCGGCGCGCCAATCGTGGGCAAAGCCACCGTAGCGCCGGCCACCCACGTCGAAGTCTGCTTCGGCAACGCGACAGAAATTGATGTAGGTAAACACGCCCTCCCAGGCGGCCGGGTCGGCCATGCAGCAGAAGGTCCAGGCCAGGTTGGGCGTGGTCAGCCAGGTGATCACGGTGTTCAGGGTGATCATGTTGTGGGTCAGGGGCGTCTGGTAGGCCTGGCGGCCCATCCAGAAGCGGGCAATCTGAATGCGTTCGCCGGGGCGCAGGAGGCCGTAGCGGCGCACAAAGGCCCAGATGGCGCGCACGGCCGGATCGGCCAGCTCGTCCTCCGGGGTGACTGTTTCCAGCAAGAGATTGGCGGCAAAGCCCAGAAGCTGAGGCCCCGGTCCCCGGTACACCACGAATGCCTGGGGCTGTCGCTGTAGCCAGTAGGCGGCAATGCGGGCCGAGTCCGCTCCTTCGTGCTGCTCCACCATGGCCAGAATGTGAGGATGATCTTGCGGTGCGGCTGGCTCGTTATAGGCACCGCCCATCACTTTCCAGTCATAGTAGGGTTTCATCAAAGGGTGGTGGCGTTGCAGGAAGAGTAGGTCGGAGAAAGCTTGTTGGCGGGCCAGGCCGCTGCTCGCCCAGAAGCTGCGGACTATGTGGCGGCGCACCTGGCGGTAGAGCTGCTTCCTGGTCTCCGGGTTGCGCCAGCGCAGGTCGGCCTCCAGTACGTCACGCACCAGATCGTGAGGGAAGATGCCCTGCGGGCCGGTCTCGATGAAAGAGAGTCCGCGCAGCCAGGCGAAGAGGGGCAGCGCAGCTTCCTCTCCCATCACATCGACCAGCAAGGCTTC
NZ_AP019796.1_gap81	2586473	2587804	1331	CGCCATCTTCGGAAAGAACCTCCCAGAGCCTGTCAATCTGCTCCTGGGTCTCGCATGAGACATAGAGGGACATGCTCTCGTGGAACTTTCCGAAGTAAGCCCCACCCCGGAAGGCCACCACTTCCTCCCCATTGAGCGTGAAGCGAATGGTTTTCACGTCACCGGCCACGCCGGGCATGATATCTTCGGACATCTCTGGCACCTGCCGAAGCACTGCAATCTCCTGTTCGCCGAAGAAACTTCTCCTCAAAATCTTCGAGTTCCCGAACACATTGTTGAAGAGTTCGACGTATGTGGCGACAGCTTCCTCGAGGTTATTGTTGAATCCCAGGCACACAGTAATAGTTTTCATAGCTAATCCTCATTGATTGAGTTTATGGAGAGCTGAATGGTGCTCGTGCACAATCTGCCAGGCACCGTTGCGCTTCGTTAAGCCCAACATCAGAAAGAATAGCTCCCAACTCTTCCGATACTCGTCGATCCTTTCGGATTGAAGGGGCTTGGAGACGTCGAACATAAGCACGGACGCTGAATGGTTAGCAAGGATGCCATCCATATCACCACGCTGAATGGCCCGTTCCCAAGAACGGATCACGCTCTCAATTTCTGCTTTGTTTCTAGAACCTATCTCACAAATAGTGTCTCAGCAAGATGATGCAGGCAAGCTGTACGAAGCCCAGGTAGTTCTCCAGATGGCGTTCGTAACGAACCACCAGCCGTCGAAAGTTGCCCAGCCAGGCAAACAGGCGCTCGATCTTCCAGCGTCGCTTGTACCGGCGCAACTTCCGACCATCCTGGGTACGTGGCTTACGCCGGTTCCTCCGGTGGGGCGCCATCATTTCGATCCCACAGGTCGCCAGGCGGGCATCCAGCGGGTCACTGTCATAGGCCCGGTCGCCGATCAGCCGCCTGGGCAGTCCCGACGCAAAGCAGGCCGCCAGCGTCGGCCCTGGCCAGCCTCACTTCGTGCGGGCGAGCACTTGTGACGCATACGGCGATAGGAATACCAGCGCCTCTGCCACTGCCATGACCATCGCAGCTTTGCCCCGCTTGGTCTTTCCCACCTCATTGCCCCTTTTTTGGCCACCACGAAAGTGCCGTCGATGAAGCACTCCTCCAGATCCAGCTTGCCGCGTGCCTTCAGGTCTTCAGCCAGGGCACGCAGCATCGCCGCCATCACCCCCATCTTTACCCACCGCCGGAAACGGCGATGGCAGGTCTGGTAGGGGGATATCGCTCGGGCAAGTCTTTCCACGGTGCACCGGCCCGCACCACCCACAAAATGCCGTTGAGCACTTCCCGGGGATCCCGCCACGGACGCCCCCGCTTGC
NZ_AP019796.1_gap82	2590974	2592202	1228	GACGGAGATTTTCGCGGGAATGCCCACCGCGATCGTCGCATACCGGGGCTCGGCGTTCATCGCCACCACGTCGCTCACGTTGACCGCGATGGCCTTGTAGCCCAGATGCTCCATGGGTGTCATCAGGCGGTCGAAGTGCACGCCTTCGAGCAGCGCGTCGGTCGTGATGACGTGCACGGTCTCCTCGTCGGGCAGGCGATAGACGGCCGCATCGTCGCCGATGCCCATGATCAGATCGGGATCCGACAGATCCGCGACGATCGTCTGCAGCCGGTCGATCAGACCGAATTCGCCGACTTCGTTGATAGGAGTAAAGGTTTCGCTCATGGTCGTTTCGGGTCAGGCGGGAAGGCAGAGCTTGCCGAGCAGGGTCGGTCGGCGTGCTCCGGTCACGCTCGGAAGGTTCGTGGGCACGCCGTTCAGCAGCTCATGCGCCAGAACGGCAAAACAACACGCTTCCTTGGCGTCGGGATCCAGGCCGTAGTCGGACACCGAGCGTACCGGGATCGGCGAAAAGTACCGTTCGAGCAGCGCCATCAGCGTGCGATTGTGCACGCCCCCGCCCGATACGATCAGCACGTCGAAGGGGTGGGTTTCCCGCACATAGCGGGCATAGGCCTGATAGACCGAGGCGGCCGTCAGTGCCGTCAGCGTGGCGATCTGATCGTGCGGGTCGGTCACGCCCAGCGCCTCGGCCTTCTCTAAAAAAGCCGCGAGAAATACCTCGCCGAAGTATTCGCGGCCGGTGGATTTCGGCGGCGGCTTGAGAAAGTAAGGGTCGTAGAGCAGTTCGGCGAGCAGGCTTTCGTCGGGGCGTCCCTGAGCGGCGTAGCGGCCGTCCGGGTCGTAGGGCGCGCCGAAGCGCCGCTGCGCAAGCGCATCGATGAGCATGTTGCCCGGACCGGTATCGAAGGCACGCACGTCTTCCGGGCGGGCGTCGGCCGGCAGGACGGTCAGGTTGGCGATACCGCCGATGTTGAGCAGGCCGCGCGTTTCCGCCGGATGCGTGAAGTACACGTAGTCAAAATAGGGCACAAGCGGCGCGCCCTGCCCGCCCAGCGCCATGTCGGCCTGGCGGAAGTCGCCCACCACGGGCACGCCCAGCAGGTTGGCCAGCACCGAGGGATCGCCAATCTGCAACGTGGTCGTCACGGCCGCGCCGGCACACTCGGTGGGTTCCGGGATGTGATGAATGGTCTGGCCGTGCACGCCGACGAGGTCGAGCGCT
NZ_AP019796.1_gap83	2637322	2638324	1002	GTATTGAAGCACGGCCCATGCGACTCCGCTGTTTTGTTCTGACCGGTTTTCTTCTGGTAGCGCTTCCGCTTGAACTAAGCGCACAACAGCCCCCCGGGCAACAGGCCTCCACCCGAAATGACATCCCGACCATCACCCGGACCTACGCCATCACCAACGCCCGCATTGTAGTCGCGCCGGGACGGGAAATTCCCCGGGGCACGGTCGTGCTCCGCAACGGGGTGATCGAGGCGGTCGGCCCGGACGTGCCGGTGCCCACCGACGCCTGGGTGCTGGAAGGTGATTCGCTGGTGGTCTACGCCGGTTTCATTGACGGCCTCTCCCACGCAGGCGTGCCGGCACCACGCCGCGACGAAAACCAGCAGGAAGAGCGCCGTCGCGTGCAGAATCCGGGCGATCCGCCTCCCGAACTGGCCGGACTGACGCCGGAGCGCGATGTGCGCACGTTGCTGAAGCCCGATGACGCCTCCGTGGAAAAGCTGCGCCGCGTGGGCTTCACCATGGCCCACGTCGTGCCCCGCGGCCGCATGCTGCCGGGACAGGGCGCCCTGATCTTTCTGCGCGGCCAGACTCCGGCCGAAATGGTCTACCGGGGCGAGGTGTCGCTGTTTGCCCAGCTCGAACCGGCCCAGGGCGTCTATCCGGCCACCGACATGGCCGTACTGGCCCGCTTCCGTCAGCTCTACCGCGAAGCAGCCCGCCGCCGGCAACACACCACGCTCTACGCCAGCGATCCGCGCGGCCTGGAGCCTCCTCCCTACGATCCGGTCCACGCCGCCTTCTTCCCGGTGCTGGAAAAACGACAGCCGGTTTTCTTCTACACCGAAGATGCCCTGGACATTCACCGGGTGCTGGCCCTGCAACAACAGCTCGACTTTCCGCTCCGACTGGCCGGACTTGCCCAGAGCTTCGACGTGCTGGAAAAACTCAAACAGGCAAATATTCCGCTATTTCTAACGCTGGACCTGCCTGAAGCCCCGAATGACACCAGCAAACTCGGCA
NZ_AP019796.1_gap84	2741323	2743060	1737	GGGCTGCAACTCGCTGATGAAGTTTTTCTTGCGCGTGTAGTACAGGTCGATCGTTACCAGCAACTGGTTGGCGAACAACCCCTTGTAGCCCAGTTCGTAGGAGTTCGTGATCGTCTGGCGGGCGGCCGGGACGTTCTCCAGGCTCGTAAGCACCTCGCCTGACGTGTTCACCATCAATCCAGACGAAAAGCCCTTAATCTGGCTGGCCTTGGCCTTGCTCTGGAGATAGGCCACCAGCGGACCGGGCAACACGCCCTGCGCGGCCAGTCCGGCCGTCACCGCCTGGTAAGCCACGGCCAGCGGAATGCCCACGCCGGGCCAGGCGCGAATGCCGGGAATGAAGCTGGAAGTCTGCACCTGGCTCGGGAAGGTCCAGCCATCGACGGCCCCTACCCCGCGCACGCCGAACGGCCCGCGGTCTTCGATGAACAGATCCAGGAAGAGGTTCACCCCGGGCGGCGTCGTGAAGGCCCGGTTGTAGGTGGTGCGGAAGCTGTGCGTGGGTGAAGGCTTGAAGACAAGTGCCACGCGCGGCGAAAACTGCGTTTTCTGAATCACATCGTCGTAGTCCAGCCGCCCGGCCAGCACCACGTCGAGCTGCTCGGTCAGACGCGTCTCGGACTGAACGTAGCCGCCGATCTCGTTCGTCTCGTCGCGTCCCTCGAAGCGACCGTGGATCGTACCGCCCGTGCGGGGCACCGTTCGCCGGTAATCGGCTCCTACGATGAAGCTCTGGCGGTCGTCCAGCACGCTGAAGCTGTACTGCGCCTGGGCGGCCATCAGAAACGACTTTTCATAGACCTCGACGGGCGTCCGCACAAAGTGCGTGTTGCCGTCGTCATTCTGCGTGTAGAATACCTGTCCGAAGAACCCGCCGGCCTGCAGCCGGAGCTGGCCGAAGTAGTTGGCAAAGTTGTCCGTGGCGTTCTCGCCGGTATTGGCCAGAACCATCTGTTTGATCGAGGAATAGCCGCCGCTTGCCGTCAGCGTGGTCTGCGGCCCCAGCCGGTACTGCAGCGTGCCATAGACGTATCCCTGCCAGGTATCGTAATCGCGCCCCCCCCAGCGCGGGTGAATGGCCTCGAGCAATTCACGATCGTGTGGATCATTCGGGTCCAGTTTCCAGTCCTCACCCTGGCTGTAGTAGCCCACGATCTTGTAGCCCAGTCGGTCGTTGATAACGCCCGCATGGCGCAGCGCGCCCTGGATGATCGAGCGCTCGCCGCCGCCGAGCATCACCGACGTGCCCGGATAGGTCAGCGGATCTTTCGTGATGAAGTGAATCACACCCTGCTCCACGCCGGCCCCGTAGAGTGCCGAGTTGGGACCCCGCACGACTTCGATCCGGGCCAGGTCGATCGGCGCGATGGGCATCGACGAAAACTCATTGATGGCCAGGCTTGGCGTGGTGGCCTGTCGGTAATCGACCAGCGCATAGGTTTTGGCCACGAATACCGAGTTGAAGCCACGCAGCGATACCTGGAAACGATTCAGGCTGGACTGTGAAATGTCCACGCCCGGCGTGTAGCGCAGCGCGGCGGCCGTCGCATGCGTGGCCGTCTGCTCCAGATCGCGCGCGTCGAGCACCGAGATCGACGCGGGCGACTCCAGCACTTTTTCCTGACGGCGCGAGGCCGTCACCACCACGGGGTTCAGGCCGAGTTCGACCGGCGCCAGCGCCAGATCGACCGTTACCGTGGCACCGGCCGTCAGCGTGACCGTACGCCGGGCATCGGC
NZ_AP019796.1_gap85	2817159	2820867	3708	GCCGATCACGAATCGATTCCGCCGCACCTCTTCGCGCACATAGGGCGGCCGCTCCACGTCCCCGTAGGGCTGATAATAGTCGTCGAACTGCTCCTGCGTCCAGCCGATGTTCAGCCGAAACGACTCGGCCAGTTGAATGGAAGCGCCCAGCGAACCGAACACACGGCGACGGTCGGCCTCCGCCTCCCGGATTTCCGATTTATGGGGATCCGGAAAAACGGCCACACCACCGTAGAGCGTGGTACCGCCCATCTGGTAGGCCAGTCCCAGCCGGGTATTGACCACCGGCTCCATCGTGTCCCGCACCTGGCGGTTCAGGTCCTGGATGAAGCTGCGGTTGGTGGACGCATCGAAGCGCATCTGCGACCAGTCGACCAGCTCCAGGTCCAGTCCCACGTGGAGTTGCCGGGTCTGGTAGGCAACGCCCGCCCTAAGCCGCCAGGGCGTGCGGATTTCGTAGTCGAATGAGCCCGTGCCGGCATCGCCGGGCTGGCCGCCATACCGAAGCGAGCCGCCTTCGTCGAAGAAGGTCTCCAGTTCGGTACCGTAGTCTTCCTGCACGGAGAAAAAGACCGGCGTTTCCACGCCGACACCCAGCCGCCAGCTCGGCGAGAGCCGCGCCGACAGCCCTGCCCGCACGCTGAAGCCCTGCAGGTCCGACTCGAAATAATCCTGCGCAAGCAGGTAGTCAAATCCGTACAGAAATCCCCCTTCGACCGCTACGGCATACAGGTCCGGCGTGTTCTCGTTGCGGAAATCGTCCTCCTCGTACTGGCGCTCGAAGCGATAGGAGCCGGTGACGATCCCGACCGAAAGCCCCAGAAACAGGTCGGGGGCTGCTTCGATGGCTCCGCCGAAGCTCAGCTCATGCAACCCGCCCTCTTCGGTCACTTCGCCGGTCTGCCGAATGGTGGTTCCGGGCGCCACGGCCTGATAGAATGGATAGCGTCCGGCTTCATATTCCGAAGGCAGAAATTCGATCGCCCCGGCCTGATAGGCGATGAAGGGAATGTCGCTGTTGAACTGAAGCGCGCCGTCCGAAGTCACCGTGTATTCGTCCGGATACGGAAGGTAGGAGTCGGTGATCGAGTTGGCGTCGTTGTCGCCCTGGAAGTAGAGGCGGCGGGTGAAGTCGGCCACGCGGGCGTAGGCCATACCCAGTACGAGCGACCCGCGCACGGTGGGCACCTTGTAGACGGCCACCAGGTGATCCAGGTTGGTGGCGCGTAGCTCGCTTTCCCAGTCGAAGCGATTGCCGGGCACATGGTAGGTGGCCGCATCACGGGCATTCAGCCAGGTCAATCCGCCGGACACTTCCGAGGCCCGGTAGTAGCCCAGCCCGGCCGGATTGCTGAACAGCGCGCCATAGTCGGCCAGTCCGGCCGCGCTGGCGCCGCTCATGGCCGTCAGGCGTGCACCGACGCCCGGGAGTCGCTGCGAAAAACGCCAGGCGTCATCCACGGTCTGCGCATGGGCCTGCATTACCAGCAGCATCAGCAGGCAGAGTCCACTCGAAAGGGATCGAACGGCGTACTTCATGGTCCGCATTCATGCCTGGTGAAAGAGGTTACCCGATCGGCTGCGCCGCCTCCATGCGAAAGCCCGCGCCGGTCGGCCCTGACGCGGGCTCGGTTGCGAGAAGCCTTCCGCCATACGATTCAGGCGATCAGTGGCCGCCCCTGGAACTACCGCGTCCACCGCTGCTCCGGGCCGGCGCCCGGCTGCCGCTCGATGGACGGCTTCCGGAGGAACGGACGGCCGGAGCCGGACGCGGCGCCGGTGCCGACTGCACCCGCGGCGCAGGAGCACTGGAACGCGGCGGCGTGGTCTGCATCTGCGGCGCAGGCGGCGTCGCACGCACCGTCGTCCGGGAGCGTTCCGGCGCCGAGGTCCGCACCTGCGGCGGAGGGGGCGTCGGGCGAATCACCGTCGACGAACGCTCCGGTGCCGAGGTCTGGATGGCCGGCGCCCGGTAGGTGCGCCCCGCTTCCGGGCGGTACTGCAGCTCCTGTCGGTCGTCGTTGCCCCCACGCGGCCGCGTGCGCGTCGTGGAACGGGCGGGCTGGTCGCCCGAACGCGTGGCCGGGGCCCGCTCCGTCCGCGGCGTCGTGCCCTGCGTACTCGGCTGGCGCGTCACCGTGGGCCGCTGCGATTCAGGCCGCACCGCCGCACCGCGATCGCCGGAACGCGACGCTTCGCGCGTCACGGTCGAACGACTCCGCTCACCGGAGCGCGTTGCCTCGCGCGTCACAGTCGAGCGCCCGGTCGTCGTACGAGGCCGCTCGGAGCTGCGCACCTGCGTGTCGCGCGTGCGCGTTACCGTGCGGGCACGCGTCTGCGTTGCCTCCTGCGTGGTACGCCGCTCCACACCGGTCGACGAACTGCGCGGCGTCACCGCCGTGCTCCGCGTGGTGCGGACGACCGACCGCGTGCGCATGTCGTCGCGCTCGTAGCCGCTCCGCCCCACGGTGCGCGGGCTGCGACCGATCCAGGCGCTACGCCCCAGCGACGAACCCCGCGGCGCATAATTCCAGACGACGCGTCCCCGATAGGGCGCATAGAAATGGTAGTGATAGCCCGGGGCGTACGCCCACCAGTAGTAAGGGCTGTAGTAGTAATAGCCGAATCCGTAGAACCAGTAATGGCCGTGGTAAACCGGCGGCCAGTAGAAGAACGGATCGCCGAAGTAGAAGCTCAGCCGGAAGCGAAACGACGGTCCGTAGTAGAAGGGGTCACAGTAGAACGGATCGTAGTAAAACGGATCGAAGCAGTCGTAGTAGAAGAACGGATCGCCGTAGAAGCGGGCAAAATAGCGGCGGTAGTAATACGGCGAACGGTCGTAGTAGTAGTACTCCTTGATGACCGTGCTGTCGTCGTCGTAGCGTTCGACGATGACCCGATCCGGCTGCCGTTCGTAGGCTTCTTCTTCCTCGTAATAGACCCGCTCGGTGGCCGCCAGCTGCGTGTAGCAGCCCGTCAGTCCCAGCAGAAGCAGGCCGGCCAGCAGCAGGCTCCAGAAACTACCGCGGGCCGGTTCCGTTGTGTGAAGGCGTTGCAGCAGGCGGTTCATGGCTCGGGCCCGGTCTGGTTAACGGGGTGTTCACGGTGTTAACGTCGGGGCATTGCAAAAGGTTTGGCGGCTTGCCTGCAAGCACCCGCGCCCCTATATTCGCGGACGCTTTCCTGATAAAAAAAGAACCAAATTGCAGGCCGAAATCGACTTTTGCGGCGCTTGAAGCGTTAGAGAGCCGCCGACGGTTTGTCGTGTCCTGTTTTGCTTTCAACCGCTGTACAGTATGGCTGACGTCATCACACCGCGCTCGGTCGACTACGCCCAGTGGTACGTCGATGTCGTGCGGGCGGCCAAGCTGGCCGACTACTCGCCCGTGCGGGGCTGCATGATCATCCTTCCCAACGGCTATGCGCTCTGGGAGAACATGCGGGCCGTACTCGACCGCATGTTCAAAGAAACCGGCCACGAAAACGCCTATTTCCCGCTGTTCATCCCGCAATCGTTTCTGGCGAAAGAGGCCGAGCACGTCGAAGGCTTCGCCAAGGAGTGCGCCGTGGTGACGCACTCCCGGCTGAAGATCGACGAACAGGGTCAGCTCATTCCCGATCCGGAATCGAAGCTCGAAGAAAACCTGATCGTCCGTCCCACCAGCGAGACGATCATCTGGGACGCGTTCAGCCGCTGGATTCAGTCGT
NZ_AP019796.1_gap86	2892782	2897186	4404	TTCGTGTTCGGCTTCGTGATCACCTCGATTTCCTGCTACAAAGGCTATTTCACCCAGGGCGGCGCCGAGGGCGTCGGACGCAGCACCACGCAGGCGGCCGTCTTGAGCTGTGTGTACATCCTGGTGGCCGATCTGGTCCTGGCCGTTCTATTGCTGTAGCGCCATGATTCGCGTAGAACATCTCTACAAGAGTTTCGACGACCGGCCCGTGCTGGTGGACGTCTCGCTGGAGATTCGCGACGGCGAGACGCTGGCGATCATTGGCCGCTCGGGTTCGGGCAAAAGCGTCCTGATGAAGCATCTGATCGGCCTGCTCAAACCCGACCGGGGCCGCGTGCTCGTCGATGGCGTGGACATCAACGCGATCTCTTACGAGGAGCTGCGCCGGATTCGCCGCCAGTTCGGAGTGCTGTTCCAGAGCGGTGCGCTGTTCGACTCGATGAACGCCTTCGAGAACGTGGCCTTCCCGCTGCGCACGTTCACCAGTCTGTCGGAAGAAGAAATCCGGCGGCGTGTGCAGGAGTGCCTGGAGCTGGTGCAGTTGCCGGACGTCGGTCCCAAGATGCCCGATGAGCTTTCGGGCGGCATGAAGAAACGCGTGGCGCTGGCCCGCGCCATCGCCCTCCAGCCTCGCTACGTGATCTACGATGAGCCCACCACGGGACTCGACCCGGAGACGGCCAACGCGATCGACGAATTGATCCGCGACCTGAACCACCGGCTCAACGTAACGGGCATCGTCGTCACGCACGACATGCACTCGGTGCTTTCCGTGGCCGATCGTGTGGCCTTCCTCTATCAGGGACGCATGCACTGGGTGGGCACCATCGAAGAGTTGCACCGCAGCGACGACCCGACCCTGCTTGCCTTCGTGAAAGCCAGCGAGTACCAGATTGGTCAACCGATCCCCCGAAGCGCATGAACGCGACCATGACTTCTTATCGCAACGAGATCAAAGTAGGCGTGGCGCTGGTAGTGGCCGCGCTGATTCTGTTTTTCGGCACCCGTTTTCTGCTCAACCTGCCCCTGTTTGAGACAACGGCCACCTATGAGACGCTGCTACCGGACGCCAGCGGGCTGGTGGACGGCAGCGTGGTGCGCCTGAAAGGCGTGGTGGTCGGTCGGGTGACGGACGTGCGCTACGATCCGCAGAGCGGCATGGCCCGCGTGCGATTTCAGATCAACGGCAGCATTCCCCTGCCGGAAGGCTCCTATACGCGCATCGCCGGGCTGGCCATGTTCGGCAACGTGGAAATGGAGATCGTTCCCGGCCCCGCCGGCAACCCGCCGCTGCGGCCGGGCAGCCGGCTACCGGCCCATACCGATGGCGGGCTGGACGCGCTGGTCGAAGAGGCCCCCGCCGTGCTCGAACGTCTGAACACACTGCTGGGACGCTTCGACGTGGCCGCCGAGGCCGCCGCCACCCAGCTCAGTGCCCCGGGCAGCGACCTGCGCCAGACGCTGCTGGCCCTCCGCCAGAGCAGCCAGACGCTGGCCACCCTGCTCCAGCGCGAGCAGCAACACATCGAGCGCACGCTGGAAAACCTCGCGGCCACCTCCACGCAATTGCGCGACGCCACCGGCCCCACGGCCGACTCCATTCAGGCCGCCGCCGCGCAACTCCGCCACCTGCTGCGCCGCCTGGACGCCAGCACGGCCTCGCTGGAGCAGGCCACCGCTTCGCTCGACCTGATCCTGGACCACATCGCCAGCGGCCAGGGTACGCTTGGCCGTCTCATCTACGACGAAACGCTCTACCTGAAGCTCGACACGACGCTCACCGGCCTGAACCGCATCCTGCGCGACTTCGAGACGAACCCCGGCCGCTACCTGCGTGAACTCCGCCTGATCGATGTGTTCTGAGGCGATGGTGCCCGGCGCTTCGATCAATCCCAGATGGGCCAGTACACGCCGAAGCGCAGCCGTCGCGCCGGCAGCGGATAGACGGGGACCAGCAGAGTGCCCGGTTGCAGCGCGGTGCCGCTGGTGAGGTTTTCCCACACGAGGAACAGTTTCGCCGTGCGTAGCCCGGCCTCTACGTAGAGATCCAGCGTTCCGGAAGGTCCGAGGCGGCGTGCGTCCGGCTCGGGCAGCGCGAGCAGGCCCGTCGGTGCATGCAGCTGGCGACTCCGGAAGGGCGTCCAGTAGCGCCCGAGCAGATACACGTCGGTATCCAGCTCCTGAAAAAGCAATAGCCGTGCGCCCAGCCGCACCTGCACCAGCACCTCGGGCAGCGCCCCGGCCTGGCGGCGGTGCCCTGTCGAAGCACCGGGGTTGTGCGTCCGGAAGGTGGTCACATGGCCCTCGGCGTAGAGTCCACGTCGGACCGAGCGACGCCAGCCAAGCCCGAACGTCAACCCGCCCTGCACAAGCGGCTGCGGAAGCACCTGCACCAACACCGTATCGCCTGCACCGACGGCATAGAGATCCGGAACGGCCTCCAGTCGGGTCGCAAAGCCCTCGAGTCGCCAGGTGAACGGATCGGCCTCATGCTGCACGCCAAGCCGCACGCGTACGATACGACCGCCCCGACAATCCGCACAGGGCTGGAGCAAGCCGCCCCAGCCGGTACGAAACACCCGGGGCACTTCGGGATGGTGCAGGCTCAGGTGCAGCACAGGGCGCAGGCGGCCGCGGGTTCGCGTCAGCGCCAGCGCACCGTCCAGGCCGAAGCGCCCGTCCTGCCGAAACACCTGTCCCTGCAGGGCCAGACGCCAGAAGCGCCAGCGCAGCGTATCGGCGGCCAGCAGCCGGAGCTGCGTGCGTCCCGGCCCGGCAATCGACGTGTCAGGCCAGGCGTCGAGCTGGCGCAGCCGGTCCCACCGTCCTTCCAGCCGCCAGATAATGCCTCCCAGCGGTTGCTCCAGCAGGAAACCGTAGCGGTTTGTCCTCGCGGTGAGCGTGTCCAGCTCGGGATTGCGGTAGCGGAACGTCTGGGCCGTCCAGTAGATCGAGGCCGTCAGCGGAGCCGCCGATAGGCCGGTACGGGTACGCAGCGTCAGGGTCAGATCGTTGCGGATCGTCTGACGCCGCGCGGCCGGATAGCGGACCGTCGCGCCGAAGGGTTCGTAAATCGTCTCAAACGTCCCGCCCGGATGAGGCAGCACGCCGCCATGCGCTCCCACCTGTGCCCGATGGTGCAGGTTCATCAGTTCCAGCGCCCAGTCGCGCTGCTGATAGCGCAGTCGCGTCAGCACCTGACGTCCCCGGCGCAATCGGCTTCCCGGATAGGTCCCCTGCATGGCATGGCCGCCATAGCCAAAGAGCAGCTGGAGCAAGCCCGGCCGTCCCCCGAGCGCCAGCCGCCGGTTCTGCACGTGAAGCGCCATGATGCTCTGCAGTCCGTCGCCCCCTGTGCGGTAGCGCAGCTCCGTCAGCGGCCGCGGCGCTCCGTAGGGACGCAGCTCGGTATGGACCGTCTCCGGCGCCCCATCGACAGGCGTTCCTCTCCGGATCGGGTTCAGAAAAAAAAGCGGAAGCAGCTCGTAGGACGGGCGTCCCGTGACGGGATCTTCGAAGGGGCGGCCGTCCAGGCGCAGGCCGATCAGGTGTGGGGGCAGGCCGTCCGGACTCCACCCCTCGGGCCAGCCCAGCAGCCGAAAGGCATAGGTGAAGGTGCGCGGCTGTCGGCTCAGCAGGTCCGTCACGTGCAGCAGCGGCAGACGGGCCGGTAGCGTGTCGCTCACGGCCTCGCCCCACAGGATGCGTCCAAAGCCCACGGGCGGGCGCCCACCGGCCGTATCGGCCGGGACCTGCGCCGCGGCCGGCAACGCCAGTAGCAGCGCCAGCCCGATCCATACCGCTCGTTCATTCATCGGGAAACAGGCCGAACAGCCGGCTTTCCACACGACGGATCACCTCCCGCCGATCTTCCTCCCTGTTCACAAAATCCAGCTCGTCCACGTCGATGATCATCTTGGGTCCCAGATCGTAACGGGCGATCCAGTCCTCGTAGTGCCGGTTGAGCCGCTCCAGGTATTCGATCCGGATGGCCGTCTCGTAAGGCCGCCCGCGCGCCTGAATGTGCCGCACCAGCGTCGGCACCGATGCCCGCAGGTAGATCAGCAGATGCGGCGGCTTCAAAAACGAGGTCATGATTTCGAACAGCGCCACGTAGTTCTCGTAGTCGCGCTGCGACATCAACCCCATCTCGTACAGGTTGCGGGCGAAAATTTCGGCGTCCTCGTAAATCGAACGGTCCTGCACCACCGAATGCGGCGAGGCTTCGATCTGGCGCTGCTGGCGAAAGCGGCTCGAGAGAAAGAAAATCTGCAGGTTGAAGGACCAGCGCCGCATGTCGTTGTAGAAATCGGCCAGATAGGGATTGTCGTCCACGCGCTCATAGACGGCTTCCCACTTGAAGTACTCGCTCAGCACTTTCGTGAGCGAACTCTTTCCGGACCC
NZ_AP019796.1_gap87	2902217	2904442	2225	TACCCAGTCGGAGTCCGGTATCGATCCGGCGCGTTTCGAAATAGGCGGCCTCGTCGGTCTGCCACTCGCGGACGGGTCCCGTCGAAGCGCAGCCGACCAGCAAAAGCACCCAGAGCCAGCGCAGACGTTCGTGCATGTTCGTGAAGTGTTCTGATCCCGGTTGCTCGTAAGATCCGACAGCCTTTAGCTTTTTGCAATGGCCAAAAGCTTCACCGGCATGATGCCGACCGCCTACAGCCCCGCGTTTCTGGAACTGTTCGCGCGCAACCTGCACTGGGAGGCCTGGGAGCAGCTGATCCGGCAGAACGGCTGGACCATCGACCGCCCTTACCGCAGCCGACACCCGCTTTTTCCGGAAATCATCTACCCGATCGATTACGGCTACATCAACGGCACGCGCAGCAGCGACGGCGAACCGGTCGATCTGTTCGTAGGGCGCGGCCACCGCGGCCTGGTGGGTGCCATCCTGACGATCGACCGGCGCCGGGGCAAACGCGAGGTCAAATTCCTCTACAACTGCACGGCCGAAGAGGTCTACCTGGTCAACGGGTTCATCAACTTCGACCGGCGGCTGCTGGAAGGCTTTCTGGTCCTTCGCTATCCCATGTCGTCGCTGTGGAGCGACTCGGGATGAGCCGAGGGCGCTTCGGTAAAAAGTCGCCGGACGAAGCTCGGCAGGGCAAAGGCGGCCCGGTGCAACTCCACGTTGTAGTAGCGCAGCCGATCGGCAAACGGCGCCAGCCGACGCGCCGCCTGCTCCGGATCGAAATCCTCCACCGGATGCAGCCGCTTGCTGGCCAACGTGAACGACCAGAGCCCCATCGGATAGGTGGGGATATGCGCCAGGTACATGTGCACCCGCGGGAAAATCCGCCCGAGCATGGCGTGCGCCGCCTGAATGGACGCCTGGAACGTGTGGTCGAAGGGCGACTCGCTCTGCGTGACCAGCACGCCTTCGTCGGTCAGGATGCGGGCGCAGTCCCGGTAGAACGACTCGCCGAACAGCCCCTCGGCAAAGTCCACCGGATCGGTCGAATCGACGATGACCAGATCGTAGCTGGCCGGGGCCGCTTCCCGCACGAAGGCCACGCCATCGGCCACGTGCAGACGGGCCCGTGGATCGTCGAAGGCGATGCTGAGTTCCGGGAAGCAGGTGCGGGCTGCTTCGATCACCACCTCGTCGATCTCGACCAGGTCCACCTGCTCGATTTCCGAATAGCGCAGCACCTCGCGGAGCGTCCCGCCATCTCCACCGCCAACGATCAGCACGCGACGCGGCCGCGGCAGCAGACACAGCGCCGGATGGCTGATCATTTCGTGATAGACGAACTCGTCGCGCTCGGTAAGCATTACCAGGCCGTCGAGCGTCAGCATTCGGCCAAAGGCATCGGTCTGCAGCACCTGCACATGCTGATAGGCACTCTGCCGATTGAACAGAATGCGCTCCACACCGAAGGTCAGTCCGGTGCGTGCCTGCCAGAATTCGGTATACTGGAGCTGATGTTGCTTAGGCGATGCCATGACGGTTCTTCGCTTAAAGAAAAAGCGGCATGATGCGCCTCTCGCGAAGAGGTCACACCACGCCGCTGGTCCATCCTGTGGAAGGCTGAGCTACTTCAGACGGCAGCTTCTTCGAGCACGGGCTTGTGGGGCACGCGCTCCGGAAAGAGCCCCCGCTTGAGTTCCATGCTCGAAACGTTCCGTGCCCTGAACCGCTCCTCCAGGTACTTCTGGATGACCCAGGGATCGATGGTCTCGCCGCATGTAAAGATGTCGACGGCTGCATAGCCGTGCTCCGGCCAGGTGTGGATGGCTACATGCGACTCGGCAATGACCACGACGCCACTGACGCCGTGGGGACTGAAGGAGTGAAACGTGTCGGTGATGACGGTGGCACGGGACCGACGAGCGCCCTCGATTAAGATCTCCCGGATCAGGGCCTCGTTGTTGAGCACCTCTCGGTCGCAGTCGTAAAACTCGACCAAGATCTGCCTTCCGAGTGCTTGCATCGGCTACCCTCCTTTTGTTTTGCACCCCCCGTCTGCCACAAACGGGGAAACATTGTATGGTGAACAATCAATGCCTCCGTATGGAGGCACCCCATACAACCGCAGTCCTGGTGAGCGAAGGGTAGGAGGACGCCGGAAGACGCTCGGCCACGCTACAGACGCGTCCTCTTTAGCTTACGAACTCACCAGCCGCTAGCGCATCACGAGCACGTCCCG
NZ_AP019796.1_gap88	2906095	2907138	1043	GCAACCATCTGGGCATCCATCGCCAGAAGCAGGAAGGCTTCTACTACGCGGGTTTCCCGGTGCCTTCGGGACGGGTGACCGGCACGCAACTGCGCCAGATCGCCGACATCCTGGAAGACGTTGGCGGCGACATCCGCTTCACGCGCGAGCAGAACTTCATCCTGGGTAACATTCCGGAAGATCGACTCGCCCGGGTGCTCGACCAGATGCGGGCCGTGGGCTTCCCCATCGAGCGCCATCGGCTCTACGGCACCTCGACGGCCTGCACCAGCCACCAGTTCTGCAACTACTCCGTCGCCGAAACCAAGGAAAAGCTCGACGAAATCATCGCCGAGCTGGAAGCCCACTTCGGCGACGAAGTGCAGGACCTGACGATCTACATGGACGGCTGCCCGCACGCCTGCGCCCATCACTGGGTGGGCGACATCGGGCTGCAGGGCACGCGCACGGCCGGCCCCAACGGCACGAAGATCGAAGCCTACGACGTGACGCTGCGGGGCGGACTGGGCGTGCACGCCGCCATCGGTCGCCCCATCCTTCGACGCATTCCCTCCGAGGAGATCAGCCAGGCCATCGTCCGGCTGGTGGGTGCCTGGCTGCAGGAGCGCCGCCGCCTGGGCGACCACTACACGTTCCAGGCCTTCTGCGAAGCCCACACGAACGAGGAGCTGCAGGCCATCGCCCTGGGCGAAGTGACGGCCGAGGAAGTGGAGGCGGCCGACGTGGCGCTCATCCGCATCCCCGGTCCCCTGCTGGAGCTGACCGACGGCAGCGACGTCATCGAAGTGCGCGCCCCCACCGTGCGCGTCGCGCTCGAGCAGGCCGGCCGTCGCTATCCCCGACTGAAGGAGACCGTGCTCACGCCCGACGGCCAGGTCAACGAAGCCTTCAACCTCTACGTGAACGAAGAGGACATTCAGGGCCTCCAGGGGCTCGACACCCCGCTCAAGCCGGGCGACGAGCTGCTCATTCTCATGGCAATGTCCGGTGGTTAAGGAAGTCGTAGACCAAACCCGAACGAGACCATGGCACGCCAGCCACTG
NZ_AP019796.1_gap89	2932194	2935310	3116	GAGCAGCTGGCGGGCATAGTTCCACTCGTAGACGGCCGTGTGCACGTCGAGCCCCTCGTAGCACTGCAGGCGGATGAGCGGCACCCGTAGCATACGGGCCAGCACCTTGGCCACCTCCGTCTTGCCGACGCCCGGCTCGCCCTCCAGAAAGAGCGGGCGCCGCATCCGCAGCGCCAGAAAGATCGTCGTGGCCAGACTCCGCTCGGCCACGTAGTCGTGCGCGGCCAGCGCCTGCTGCACCGCCTCGATCGACTCCGGAAACATCCCGTCCGACATCGGCTCCTCCGTCTGACTTCAGCGCAAAGGACACGCGGCTGCGGCGCGAACGTTTCCCGTCAGCCCGGCACCTGCAGGTAGCGCCGACCCCAGGCCTCGATGGCCTGCACCACGCCTTCCAGCGCGCGGCCGGCTTCGGTCAGGCTGTAGCGCGTGCGGGGCGGCATGTGCGAGGTCACTTCCTTTTCGATCACTCCCAGCTCCACGAGCCGCTCCAGTCGTTGGGCCAGCGTGGCCGAGTTGCACCCGCCAATGGCCCGCGCCAGCTCGTTGAAGCCCCGGGGCGCCTCCAGCAGCGCCCGGATGATGTGCAGCGTCCATTTCTCCTGCAGCAGCTCGATCGCCGCATAGACCGGACAGAACCGCTCTTCTCCGTTCATCACAACACGTTAACACTTTGTTACACACTTTACAAGCTAAAGCACTTGACTTTTCAAAGCAACAGGCGTTTATTTGTTGAAACAAATAACTAACTGGAGGGTGCCCTATGGAAGTCGTGTTCTGGATCGGACGCATTCTGTTCGGCGGCTACTTCATCCTGAGCGGGCTCAACCACTTCATCATGCTGAACCAGATGGCGCCGTATGCGGCCGCCAAGAAGGTGCCGGCGCCCAAGCTGGCCGTCATCGTGACGGGTCTGATGCTGCTGGCCGGCGGCCTGGCCGTGCTGACCGGCCTGTACGTACGGCTCGGCCTGTGGCTGCTGGTCATCTTTCTGGTGTTCGTGACGCCCTGGATGCACAACTTCTGGACCGTGCAGGATCCCATGCAGCGCATGGGCGAGCAGGTGAACTTCTTCAAGAATCTCGGCCTGCTGGGCGCGGTCCTGCTGCTGCTGTACTTCTGGAGCTGATGCGCTTCGGAAAAGCACGATAAAAAGCCCGGGCGCGCACGCTGCGCGCCTGTTTTTCAATCTTTCCAAAAACCGGAGCATACCATGGCTGGAATCATCGGTGTAACCGGCGCAAGCGGTCATCTGGGCCGTCGCGTGGTGGAACTGTTGCTGGAAAACGTATCGGCCGAACGGATCCGGGCACTGACGCGCCACCCGGAGAAGATCGCCGACCTGGCAGCGCGGGGCGTCTCGGTCGGCGCGGGCGACTTCGCACGGTCGGACGAACTGACCCGGGCGCTGGAGGGTGTCGAGCGGCTGCTATTGATCAGCACCGACGACCTGCATCCCGGAGCGCGGGTCAGGTTGCACCGCCAGGCCATCGAAGCCGCCCGAAAAGCAGGGGTGCGCTATGTGGCCTATACCTCGGCCACGCGCGCCGACACCAACCCGGTGAGCTTCATGCGCGATCACGCGGAGACCGAGGCGGCGCTCCGTGAAAGCGGCCTGGCCTGGACGCTCCTGCGCAACAACCTCTACGCCGAGACGCTGCTCATGGTGGCGCCGGTGGCGCTCCAGACCGGCGTGTTGCAACTTCCGGCCGACGACGGGCGCGTCGGGTTCGTGGCCCGCGAGGACTGCGCCCGGATGGCGGCGGCCGTCCTGCTCGACCCGGCTCACGAAGGCAAAATCTACGAGGTGACGGGGCCGGAGGCGCTCGGTTATGCCGAGGCGGCCGCGATCCTGTCGGAACTGAGCGGGCGGCCGGTCCGCTACGAGCCGGTCTCGCCGGAAGCCTACCGTCAGGCCATGGCGGCCGCCGGCCTGCCCGACTTCGTCATCGACGCCATGACGTCGATGTATCAGGGCGTGGCGCAGGGCGCTTTCGACCTGGTCACGTCGGTCGTGCAGGAGGTGACCGGTCGGGCGCCGCTGACCGTGCGTCAGGCGCTCGAGGCGCAGCGGGCGGCCCTGCAACCGGCCGGATGAGCCGTCGCGACCATTGCCCGGAATTTTTCGAACGCCCGGGTCATCGACCCGGGCGTTCATGTCCGCATTGAGCGAAGGCGAACGCGATGGGTCGAGGTGCCCCGACGCAGGCCAGGAGCTGAAATCCAGTAGTTCTGAGCACAGGTCACCAGGCGACTCCGTTATCATGGAAATCGGACTGTACAGCTTTGGCGAACGTACGATCGATCCGGAGACCGGTCGGCTCATTTCGCCGGCCGAGCGCATGCGGCGGTTGCTGGAAGAGATCGAGCTGGCCGACCAGGTAGGGCTGGACGTGTTCGGCGTCGGGGAGCACCACCGGCCGGACTATATCGTCTCGGCGCCGGCCGTGGTGCTGGCGGCGGCCGCCGCGCGCACGCGACGCATCCGGCTCACCAGCGCGGTGAACGTGCTGAGCTCGGACGATCCGATCCGCGTCTTTCAGCAGTTTGCCACGCTGGATCTCATCTCCGACGGACGGGCCGAGATCATGGTCGGGCGAGGCTCGTTCATCGAGTCGTTCCCGCTCTTCGGTTACGATCTAAACGACTACGACGCGCTCTTCGAAGAGAAGCTGGCCCTGCTGCTCCGCCTTCGGGAATCGGAGCATGTCACCTGGCCGGGCGGCCGTTTTACGCACCCGATTCCCGGACTGGGCGTCTATCCCCGTCCCATTCAGAACCCGCTGCCGGTCTGGATCGCGGTGGGCGGCACACCGGCCTCGGCGGTGCGGGCCGGTCGGCTGGGCCTGCCCATGGCCCTGGGGATCATCGGTGGACTGCCCGAGCGCTTCGTGCCCCTGGTCGAGCTGTATCGCCAGACGGCCCGTCAGGCCGGCCATACGCCCCGGGTGAGCATCAATTCACATGGCTTTCTGGCCGACACCTCGCAGGAAGCACGCGACACGGCTTTTCCGGCCTTCAAGCTGCAGATGGACAGGATCGGCCGCGAGCGTGGCTGGCCGCCCATGACCCGGGAGCAGTTCGAGGCTTCCTGCACGCTACGCGGGGCCAACTTC
NZ_AP019796.1_gap90	2938287	2942779	4492	TGATGCCCGTCGGCACATAGTGCTTGATGAAAACCGGAATCATGTAGTCCGGATGCTCGGGCGGAACCAGCGCCGCAAATTCGGGGACCGCTTTCAGAAACCCTGCAAAGAAAAACCCGACCAGAATGTAGGAGAGCACCAGCGGAAAACGCCCGATACCGTTGATGAACAACGCACGCCGGGCCGTTTCAATCGAAGGCGTCGAGAGTACCCGTTGAATCTGGCTCTGATCACAGCCGTAGTAGGAACTGTAGAGAAAGAATCCACCCAGCACCATGGGCCAGAAGCCGAACGTAGCGCCGTCGCCCAGGCCATGCGCCCAGTTCAGGGCGTGTACCCGTTCGTCGGGAATGAGCGGAAGCAGATTTTCCCAACCGCCTCCATAGTGAATCACATAGCCCAGCACGATAAAAATGCCAATCCACAGGACAAACAACTGTACAACGTCGCTCCATACGTCGGCCGCAATGCCCCCCATGGTCGTGTAGAGCAACGAGATCCCACCCACCAGCAGAATGGCCACCGCCAGCGATGTCCCCAGAATCGTCGAGAGCAGAATGGCCGCTGCGTAAATGCTGACCCCCGTGGCCAGTCCCCGACTGATCTGAAAGATCGCGCTAAAAGCCAGGCGCGTTCCGGCTCCGAAGCGGCGCTCCAGGTATTCATAAACCGTAATCACATTGGCCCGATGGAACGTCCGAGCCAGTACGGCCATCACCAGAATCATGGCCAGTGGTACGGCAAACTCGTACTGCAACCACTGGAGTCCCCCTCCCGGCCGCAACGCCACAAAGGCCGGTGCACTGATCATGCTGATCACGCCGGCCTGTGTGGCCATCATTGAAGCCCCGATTGCCCAGGCCGGCATGCGGCGTCCACCCAGGAAATAATCGGCGCGCCCGGCATATCGGCGCCCGATCATGTAGGAGAACAGTACCAATCCCAGGAAATATCCCCCGATGATAAGGTAATCCAGGATGGTAATCATGGGGCAGGACGTTCGGTTGGTTCAGCCGAAAACAGGATCCCCGCGTCTCCTATGCAAGGATTGATGGCCGTTGCAACAGAAAACGTCCATTGCGCTGGCGCTCCAGCCGATCAAAAAACTGGGACACCTGCAGCACCAGCCCGAAATTATCCTGCACCTCACGCAGCGTCGTTTCGTAAAAATCGTGCTCCCGCGACGCCGTCGCATCGGCCAGAAGGACAACATCGTAGCCCCGATTGAAGGCATCCCGCAGGGAAGACTCCACGCAGATGGCCGTATCGATCCCGGTAAATACCAGGGTATCCACCCGCATCGCACGCAGCCAGAGTTCCAGCTCGGTATCCTGAAAGATTGAGTCCCGACGCTTTTCCACGATCAGATCATCCGGAGCCGGCTGCAGTGCTTCGATAATATCGGCATCCCAGGTATCCCGGATGGCAATGTGCGCGCGGCGAATGCGCTCCAGTCGCTTGGGAGGAAGGATGCGGTGCACGCGATCGAGCAGATCGATGCCCGAGCGTTCGCGAACGGCTTTGGAAAAAATAACCGGCATGCGAAGCGCCCGAGCCCGTCGATACGCCTCCTGCACGGCCGGAACAATCTGCTGATAATGATCCCGCCGGTATCCCAGCTTGTGGAACGAGCCCCCCTCGGCTATAAAACAGTTCTGCATATCGACAATCACCAGGGCGGGACGTAGCGAATAGGTCTGCATGGCATTTTCTTTTTCTTTGATCAATTGGCGGTCAGGGCGACAACCCTGGCCTTCCGATCGCGCGTAAGCGGCACCGAGCCAGGCCGGGCATCCTGCACGCGGGGAATCGCAATGCGATGCGTCCGCGTCACCTGATAGAGCAGACCGGCAATGGCCGGACTGCTGTCCGGATCGACGCCGTAGCGATAGTTGCTGCCATAGTCGCACAACATTTCCCGCTTGCCGGGCAACGCACTACGCAGGTTTCGCCGGGCGACCTCCTCCAGCACGTCGCCCACAGAGGCCCCATCCTGGGCTCGCACCTTGGCGCCAAAGGCAATCCATTCCGGCACACCACGGCTCGCCGCCAGCCGCCGGTGTATCCACTTCCCTTCGGCCCTGGCGTCCGGTAACTTCAGCCGCGGATCCATCCGCATGGCTACCCGCAGCAGATCGCGATCCAGGAAGGGGGCGCGCAGCTCGACACTGTGCGCCATCGAGGTACGATCCTCGCGCTCGAGCGTGTCGACATATAGCGCATCAATGTCCTCCCAGAGCCGGGCATGCAGGGCCAGTGGGCCTTCGCGCTGTAGCACCTCACGATACCAGTCGTAGCCGGCAAACAATTCGTCAGCCGCCTGTCCGGAATAAAGCACGCGATGACCATCCCGGGCGGCGGCCTTCGTAGCCAGATACATCGGAATGGCCGCTCCGACCTGGACCGGACCGTTCATTTCGATCGCCCGGATGATCTCCGGCAGTTCGGCGGCCACCAGCTCGGGCGTCAGTTCCGTCACGCGCACCGATAGTCCCAGCGTGCGCGCCAGCCGTTTCACCAACTGCACGTCCGAAGCCTCGGGCTGCCCCACGCAGTAGCCGGTCACCTCCAGGCCCCGATCCACCAGCGCCTTGGCCAGCAACGTGCTGTCCACTCCGCCGGAAAGCAATACGGCCACCCGCCGCTGGCCAATCGTGCGTTTGGCAATCGCCTGATCGAATGCATCGGCATAGGCCTCCAGGGCCTCGCTCTCCTCTCGCAGGTTGATGGGCGGGCGCTCCAGCGCTACCCCCGGCCGCACCTGCACTTCGTTCTCCTGGATGACCAGCAGATGCCCGGGCGGCAACCGCAGGACGGACGACGTGTGCGCGACCAGTGCCTTGGCTTCCGAAGCAAAACGCACCGGCCAGGTAGGCGTGAAATAGACCGGCTTCTTCCCGAAGGGATCACGGGCCACTACGACCGCCTGCCCATCCGTTACCGCAAAGGCATACATGCCATCGAGCAGTGGCAGCGCAGCCTGTACTGCCTCGGCCAGATCTCCCCTGTAATAGCATTCGATCAGGTGAACCAGTACCTCGCTATCACTCCGGGTCTGCAGACGATGCCCCTTCAGCAGCGCCCGCAGCTCCTGATAATTGTAGATTTCACCATTATGGATGAGCCGCAACCGCCCGTCACAGCTGGCCATCGGCTGGCGCGCGGCTGGCCCCCCGACAATTTCCAGCCGACAATGCCCCAGACTGACGCGGGCCTGTCGTCCCTGCACACGGGCGGCCAGTCCTTCCAACCGCACATCCTGAATCACCTCCCCATCGGCATACAGGCCCACTGCATCCGGACCACGATGACGCGTGTGTTGCAGCAAGAACAGGGTTTCTTCAATAGAGGACGACTCCGAGGCTACACAGCCAACAATCGAGCACATGGCAATCTGGCGTAACGGTTACTTCGAGAATCAGATAGGTTCTTCCTTTCCCGCGGATTAGAAGATCAGTAACGCGGGCGGAGGACGACGCGCAAGCCCGAAATAGTAACCGTCCGCAAGCATCAGTTGCCTCGTAAGGCCATTCAGATAGGATCCGAACGGATATGGTTATGAATAACGGCTATCGAATGTTTCGAATTGGACTATTTTGGCAATGAAAGATCTGACTTTCAGAAGGTTACATAAAACGTCCAGCGCAGGTACACATCGGTATCCAGCGCGTCCGCATCGTAGGTAACCAGCTCGATGTTGGGCATAAAGTGGACCCGATCGTTCATTGCCAGATCCAGCCCGGCAATCCAGAGCGTGGCTTTCGAGGTGGTGGCAAACGGAATGTAGGCGATCGACGAACCCTTCGGGTTCGGATCCAGCAGGCGATCGACCCGCCCGAACAGGTTCACCTTCTCACCGGCCCGCCCCACAACAAAACCCGACACGTAGCGCAGGGTACGATCCCGGCCCCGTTCCACGTCGACCTGCTGCGCCTCGTAGACCAGTCCGACACGGAGCGCCTCGGTCCGGTAGGCCCCGAAGCCATGCCAGGTGGTGGTCACGGCATTCGCAGCCGTACGGGCATAATCCACATATCCCTCCACCACGAAGGCTTCGTTCGGAAAGAACTGCAACGCCAGCGCCAGTTTCTTTCCACGGTAGCCCTCCGACCGGGTCCCTTCGCCATTGCCAAACGTGGCATGATAGCGTACCACGCCGTCGCCGGTCAGCTCGCCTCGAAGCGCCACGCCGAATTCGCGCGAAGAGCCCAGCCGCTGCAGGTCGGACGGCGCCTTTTCCACGGGGCGATAGCCCCAGACCGATTCGATCAGATTGAACAGGGCCGATGGCGAAATGCCCAGATAGAGCTCGTGCCGATCACTGAACCGCCAGCGCAGGTAGGCATCCTTCACGAAAGGAACGGCGTCACCCGCCGTAAAATTACCAGGCGAATTCATTTCGAGCCGCAATCGGAAGGCAAAGTCGTCGCCCAAGTCGTGATCATAGGTGAAATAAATCCGGCGAAACCAGAAACCATTCTGATCCTTCAGC
NZ_AP019796.1_gap91	2953021	2956720	3699	GATGACGCGAATGTCGCCGCGAACCGTCCGTCCATGCAGCCCGAGGTCCCGGTTGGACGACAGGTTGGGCGTGTTGAGCACGATGTGATAGTAGTCCTGTCCGCGATTGCTCGGAGCATTGCTCACGATGCCGGTGAACATCACGGTCGAGCCGTCTTCCCAGGTAGCCTGCGGGACGCTGCCCCCATCTCGCGCATGCTCGTAAACACCCCCATCGGCGAAAGTCAGTGAGCCGTCGCCGATGGTCACTTCGCCGTCTCCTTCCACTTTAAGGTATCCTGAGATCGTTACCGGCACGTCGACCGTGACGGTATGCGTCACCGTGATATGCTCGGTGCCCGTCGGTGCGCCGGTGGCCGCTCCCCAGGTGTTTCCGTCGAACACCTCCCAGGTAGCCGCTGCGCTCCAGTTGCCGTCTGCGGCCGAGCGATAGTCGCCGGCCTGCTGCGCAAGAGCCAGGATCGGCCAGCAGAGGCCCAGCAGGACGGCGCCGATCTTTATGGTCATCGCTTTCATGGCGTCCTCCATGGTTTATTTGATCAGCATCAGCTGCCGGGTGATCACGTGCTCGGCGGACTGCAGCCGGTACCAGTAGAGGCCCGGACTCAATCGGCCGGCATCGAGCGTCACCTCGTGGAAGCCCGCCGCCTGATGCCCTTCCAACACGGTCATGACCTCCCGGCCCAGTAGATCGTAGAGCTTGATCGAAACGTAGCCACTGGAGGGGAGGCCGAACCGAATCGTGGTGGTTCGATGGAACGGATTCGGATAGTTCTGCTCGAGCACGAACCGCTGCGGCACGTCATCGATCGGCTCGTTGGCCACCGGCTGCAGCAGGCTACCTCCCTCGTAGGAAATCGACCCGTTGGGACCCAGCGTGAACGGAATCGTGTTGTCGAACACCCCCGCCTTCAACCGGAGCACGCCGTTGATCGTGGTCTCCTGCGAGAGTGTCACGCCGGCCGGGTTGTCGATGATCAGGTCGCGCACGACGGTCGGCATGCGGGTGCTGGTCTCCTGGTGCTCCGTGCCGTTGAAGGCATAGCTGGACTCGTCTTCAAGCGTTACTTGACCGGTCACGTTTTCAAAAATAGCCGCCACGCCACCGGGAAGCGCCGTACCCAGCGTGGCGCCGGCATGCAGGTAGAAAATTCCCTCGCCGGCCAGTCGGCTCTGGCCCATTTCCAGGGTGGTACCCTCGGCCACCTCGATCGGCAACGCCCGAATGTCGTTACCCTCGCCGAGCGTCAATCGCTGCGTGCCCTGCCTGGCAAAGACGAACTTCGCGCCGCCGGGCGTGGCCGTGGAACTCTGCGTGGTGGCGTTCTCCATCGAAAAGTCCCCTTCGTAGAGGTACCAGGTGGTCGTACCGCCCGGCTGCGAACCACGGCTGATGGAGAAGTTGCCGCCCGTTACGACGATGTTGCCGTAATGGTGCACGATGAAGGTCGTATAGGCGTTGCTGGTGCCATGGACGGCGAAATTGCCTTTTTCTACGTAGACATCCCCCATGATGGTGATCTCCGAGGTGTCGTTGACGGCGGCCGTGGTCAGATACCAGCGGGCCGAGCCGGTGTCGAGCACCCGGATATCTCCGCCGATCGTCACCTCGTCGAGGTTCATGTTGAGATTCGACAGCAGATTGGGCGTTTCGAAAATGATGTTGTAATAGGACTGGTTGCGGTCGGCCGGGGCCTGTGCTTCCACGCCGGTCAGATGCAGCGTGGACCCTTCGGCCCAGGTGGCCAGCGGGATTTTGCCGGCGTCGCGGTCATGCTGATAGACGCCGCCGTCGCCGATGGTCAGCATGCCTTCTTCGGCATGGACCACGCCCTGGTTGATCAGGCGCCCGGTGATCGTGACGGCCACGTCCACGTACACCGAGTCGGTACTCTGCACCGTGATCGTCTCAGCTCCGGTCGGGGCACTGGTTGCCGGCGCCCAGGTGGCCCCGGTGTATCGTTCCCAGACGGAAGCCTGGCTCCAGTTTCCACTGGCGCGCGTCCGGTAGTCTCCGGCCGACTGCGCCTTCAGCGGCAGCGCCGGCAGGAGCCCCATGCCCAGCATCAACAGCGTTGTAACAAGGCGTCGCATAGTTCACCTCCTCCCCTTGGTTCAGGGTGTTTGCTTTCCGAGTCGCACGGTCAGGCTGGCCGCCAGTGCATGGCGCACCGTGCTGTTCCGGCTCAATGCACTGGCCCAGGCATCCTGGTATTTCAGGTGGGCGTATTCGTAGGCCAGATCGAAACGGAAGCGCGCCTGTACGATCCCGAGGCCGGCGCTGTAGACCTCGCAGGAGACCGCGTCGTCCGTAATAGGTGCGCCCTCGGGCACGAACACTTCGGACTCGCCCCGCAATCCGCCCCGCAGACGTAGCCAGGAGGTTGGCGCCACTTCGACGCCTACCCGAAGCAGATTGGCCGAAGTCCAGGGACGCGACGTGTTCCCCTGTGCATCGGTATAGCGGGCCGAACCGTACGGCCGCAGCTCGTAGGCGATGCCCAGCCGCAGATCCGACCGGGGTTGCAGGACCATTCCGATCCAGCCGCGCCACGGCAACCGCATCCGATCTTCTCCGCGCAACGTCTGCACCTCCTGCCGGTCGCCCGTGTCGGTCGTGACCTCCTGCGAAAACGTCCGGGTGAACGTCACCGGCGGTTTCAGCACCACCGCCACCTGCACGGAGCGGCCGTAGAGCAGGCCGCTGAGCGTGAACTCCTGGCCTTTGAAATCCGAGGTGCCGCGACGCGTGACGTGCCGGTAAACCGAATCGACCCGGAAGGCATTCGAATAAAAAGTCAGCCTCCCGCGCGCGATCTCCTGCTCCCAGTCGTCCGTGCTGCCGCGCACCACCAGACCACTCACCCCGAAGGCCACCCCGCGTTTCGGAAAGTCGAGCGCCAGCGCCCCGCCGATCCCGCGAAGCGCCCCGCTGCGTGCCCGCGCAAACTGATACCAGTCGACCTGCAGCGGGTTGTCGTCGGTCGGACGGGGCGTGGGCAACGGCCGCTGCGACAGCACGGGCGGATTCAGCACATTGTTATTCTGGTAGTAGTGGTCCAGATTGGCGTACTCGACGACCCCCAGTCCGGCCACCAGGCGGACGCGCTCAAGCGTCAGCGGAACCGCGATCATCCCCTGCAACGGCCGGCGATAGCGGCGCGTGCGCTCCCAGTTGGGGCCAATGTCGTCGAACGGCCGCTGCACGGTGTCCCGGGGCGAAAAGCCCACCAGCGACGTATCGGGATCCGGGATCTTGTAGGTCAATCCCTCCAGGAGCAGGCTCAGATTGGGGTAGTAGCGCACCGGTGCGTATTCCTGCACCTGACGAAGCCGACGGCGCTCCTGATGGGCGCCGAGCGAAAGTTGCAGACCGTCGAGCGTGTAGAGCGCGGCCGGGTTCTGGAACATAACGCCGACTTCATCTCCGAGCCCGAGCGCCACGCCGCCAAAAGCCCGCACCGACGCAGCCTGCAGGCTGAGCTGGTGCAATCCCTGCATTTCCAGCGGTCCCCCGTACCCCTGCGCTCTGCCCTGCAGCGTCAGAGCAAGCCCGCCTGCCATCCAGCAGACCGTCGCGATAATGCGCCAACGTAACATCGCAGACTTCATGGTACGACCACCCTCAGGCTTATCCGTTGCACACTCTCCAGGTAAGCCCCCATCGACCCGTAACTGTAATCCATGGCGATATGGACA
NZ_AP019796.1_gap92	2976848	2979873	3025	AGCCGCCGGCCTTCCAGCTCCGACCGCCGTAGGAGCGCGTGGGCGCGCGGGTTGGCCAGCAACCAGACGAAGTCGGCCACCTCTCCGTCCGGCTGATACACCGGCCGCAGCACCATGATGCCTTCCAGCGAGCAGGACAGTACACGTGTCAGCAGTCGCCGGGAAGCCTCCAGCGCTTCGCGCGTCCGATGCATTTCCGTTTGATCCTCGAACACCAGGATCACACCACGTTGCCGTTCCAGCGGGCAGATCTGCCCCCACCAGCGTACCCAGAAGGCGGGGCCATCGCGGCGTTTCAGGAGCATTTCTTCGCCCTCCACCACCGCCCCCTGCAGCACACGCCGGAGTGCCTGCGTCCAGTATCCTCCGTCCTCCTCAAAAAGCTCCACGTGCGCCCTTCCCACCACCTCGTTGGCCGCCAGGGCGAACGTCCGGCACCACCGGGCATTGACCGCCCGGTAGCGGAGGGTTTCATCTATCAGCGCTGCCGCCACCGGCAGATGCTGGAGCCACGACGGCCGGGCAACGGCTTGCTCCATAGGTCCGGGCCTCCCGCACAGCGATTGAACTCCCGAAACTAACGCTGCAGCGGGTCAAATCCACCCGGCCGGAATGTAATGATCCGTTAACAAGTGTTGACAGCCGGCCTACAGCTCCAGGTTCGGATCGATCGACTCGAGCCCTTCCGTCACCTTGCGCAGGAAGGAGGCCGCCATGGCCCCGTCAATGATCCGATGGTCGTAGGAAAGCGACAGATACATCATGTGGCGGATGGCGATCACGTCGCCGAGTTCGGGGTGCTCGATCACCACCGGCCGCTTCTTGATGGCCCCTGTCGCCAGGATGGCCACCTGGGGCTGATTGATGATGGGCGTGCCCATCAGGGAGCCCAGCGAGCCCACGTTCGTGATCGTGAAGGTGCCACCCTGCAATTCGTCGGGCTGCAGCTGCTTGTTGCGGGCACGCTGCACCAGATCGGCGATGGCGTGGGCCAGACCGACCAGGTTCTTCTGTCCGGCATCTCGAATGACCGGCACCACCAGGCCCGTCGTGCCCAGCGCGACGGCAATGCCGATGTGGTAATCTTTTTTGACGATAATCCGGGTGCCCTCGACCGAAGCGTTCAACAGCGGATGCTCCTTCAGCGCCTCGACGACGGCCTGCACGAAGAAGGGAAGATAGGTCAACCGGACGCCCTCGCGCTGCTCGAAGCGTTCCTTGTTGCGCTCCCGCACGCGCACCAGGTTCGTCACGTCCACCTCGGCAAACGAAGTCACGTGGGCCGAGGTGCGTTTCGAGCGGATCATGTGCTCGGCGATGAGCTGCCGCATCCGATCCATCTCGATGATCTCGACGCGGCCTTCCTGGGTGCCCGTCACTACCTGCGGGGCCGGACGCGGCGCTGCGGGACGCTCCGGTTTCGGAGGCGCCGCCGGACGGGGCTCGGCAGGACGCGCGGCCGGTTGCTGCACGCGCTGCCGCCGCTGCTCCAGGTACTGGAGCACGTCCTGTTTCGTGACGCGGCCACCGCGCCCGCTGCCCGGGATGGCGGCCAGCTCTTCGGGCGTCAGCCCTTCCTTTTCCGCAATGGAGCGCACCAGCGGCGAGTAGAAGCGGCCGTCCGGTCCCCGGCGCGGGATCGGTCCGGCGGCCGGAGCGCCGTCGCCTGCAGGCGCCGGTTGCGGCGCAGGGGTCGGTGCGGGTTCGGGCTTCGGTTCCGGTGCAGCGGTCGGCTGCGTAGCCGGCTGCTGCGGCACGGCGGCGGCCGGAGCGCCCGTCGCAATGCGGGCCAGGACGGTGCCGACGGCCACCGTCTCGCCCTCCGGCACCAGTATCTCCTTGAGCACCCCCGAAGCCGGCGACGGCACCTCCGTGTCTACCTTGTCCGTACCGATCTCCAGCAACGGCTCGTCCGCCTCCACTCGATCTCCCGGCTGCTTCAACCACGCCACCACCGTCCCCTCCGTAATGCTCTCGCCCATCTTGGGCATGACCACTTCGACGATCTCGCCGCCCGCCTCCGGTGCGGCCTCGGGCTTCGGTTCAGGCTCCGGCGCAGCGGCTTCCGTCTTCGGCGCTTCGGGAGCCGGGGCGGCTTCCGGCGCGGGCGCAGCTGGCTTCGCTTCGGCGGCCGCTTCCGCCTCCGTTTCGATGACGGCCAGGACGGTGCCGACGGCCACCGTCTCGCCCTCCGGCACCAGAATCTCCTTGAGCACCCCCGAAGCCGGCGACGGCACCTCCGTGTCCACCTTGTCCGTGCCAATCTCCAGCAACGGCTCGTCCGCCTCCACCCGATCCCCCGGCTGCTTCAACCACGCCACCACCGTCCCCTCCGTAATGCTCTCGCCCATCTTGGGCATGACCACTTCGACGCGTGCCATGGCTATCTGAAGGCTTTACTGTTCGTTTTCTGCACGTCCGGTAATATAGGCAGCCCTTTCCTCAAATGGGAAAGGCACACGCGGCTATTCCTCAACAAGAATTCGCGAAGGCGTAGCCACCACCTGCACCGAGTCGATGCCGACGGCCGCCAGCACCGGGACCAGAAGCCGCCGCAGCGCTGCGGCGGCATAGTGACGGGGCATCGGGCTGTCGGTCAGGTAAGCCTCGGCCTGACGACGCAACGCCGCATTGACCTGGCGAAGCGCTTCCTGCTCCATGCGACGACCGCTACTCCGGTAGAGGCGCGCCCAGCCCACCCGCGTCTCGATTTCCAGGGCCTCCAGCTGTGGCTCGACGGCCTGAACGGCCAGCGGCGGCAGGACCACTTCTACGACCCGATCCGTACGCAGCCGGATCATCTCCGGCCGCAGCGCCCGTACGTCGAACCCGTAGTGCACGGTGCCGGGCACGCGCACGCGCGCCGTGGTCGTACCCAGATCGATCCCCAGCCACTCTTTGTGGCTGCTGGCCTCCACGGTAACCATCACCGTGGCCGTCCCCACCACCAGAAACGAAGCGGGCGCCTCCTGCTGCACCGTGGTCACAACGCGCCGGCGCACCACTTCCTCCAGTTGCAGGCGCT
NZ_AP019796.1_gap93	2982972	2984986	2014	TCCGGAGCGTCCTCGAACTCCAGCCCCTCGAACTGGAGGTCGCCCACGTGAATTGCGTCGCCGATGTCCAGGTTCGAGACGTCGATGTCGATGTGGGCGGGGATGTCCTTGGGCAGGCAGGTCACCTCCAGCTCGTGCGTCACGATCTGCAGCACACCACCGCGCTGCACGCCGACCGCCGTGCCCACGATCTGCACCGGCACCGTCACGGTGACCTTCTCTTCCGCCCGCAGCACCTGAAAGTCGGCGTGCAGGGGCCGATCGGTCACCGGATGAAACTCCACATCTTTCAGGATGCAGTCCCAGGTCTTCCCGTTGAGCTGGAGTTTCACCAGGTGCGTTTCGGTCGTGTAGATGAGCGGCCGGAGCTTCGACTCGAGCATCTGGAAGGGTATGGGCTCCACGTGGTGGCCGTACAGGATGCAGGGAACCCATCCCTCTCGCCGGATGGCCCGGGCAGCCCGCTTTCCGGTCTCCCGCGGCTTGGCCTCGATGGTAATGGTCGCCATGGTTTCTATCCTACCGGTTTAATGTTGTTATTCCACAAACAGTGTCGAAACCGACTCGTCGGTGTAGATTCGCCGGATGGCATCGGCAAAGATCTCGGCCACGCTGACCACTTCGATCTTTTCGGAGGGTCGTTTGAGCGGGATCGTGTCGGTGACCACCAGCTTGGTGAGCACCGACGACTCGATGCGCTCGTAGGCCGGGCCGGAGAGCAGCGCATGCGTGCAGGCGGCGTAGATCTCCCGGGCGCCGGCCTCGCGAAGCGCCTTTGCGGCGTTGGTCAGCGTGCCGGCCGTATCGACGATGTCGTCGATGAGCAGGACGTTCTTGCCTTTGACTTCGCCGATGATGTTGACCACCTCCGCCTCGTTCTGGCGGGGGCGGCGCTTGTCGATCAGAGCCAGGTCCGCCTGCAGCCGCTTCGCATAGGAGCGGGCCATTTTGAGCGCGCCGACATCGGGCGCCACCACCACCAGGTTCTGGATGTTGAGCCGCTGCACGTACTCGGCAAAGACGGCCGAGCCGTAGAGGTGATCGACCGGCACGTCGAAAAAGCCCTGAATCTGGGGCGCGTGCAGGTCCATCGTCAGCAGTCGGTCGATGCCCGCCGTCGTGAGCATGTTGGCCATGAGCTTGGCGGCAATCGAGACGCGCGGCTGGTCTTTGCGCTCCTGGCGGGCATACCCGAAGTACGGAATGACGGCCGTGATGCGCGCCGCCGAGGCCCGACGCGCCGCGTCGATCATGAGCAACAGCTCGATCCAGTTTTCGGCGCCGGGATGCGTGCTCTGAATGATGAAGAGGTCGGCGCCGCGGATGGATTCTTCGTAGCGGACGTAGATCTCGCCGTCTGAAAAATTCTTGATCGTCACCTGGCCCAGTTCCTGACCGTACGCCTCCGCGATGCGGCGGGCCAGCGCCGGATTCGATCGTCCGGCAAACAGGGCTATGGGGCGCTCGTGCCGGTAGCTCGGTAGCATAGGGCAGGGACGGGCTTGTGTCCGGGTCGCTTGTTTTCAACAAAAAACCTGCACCGCCGGTGCAGGAGACAACCACGCAGCAGGCTGCGCGCTGGTGCTGCCCGGGGAGGATTCGAACCTCCACATACGGCTCCAAAGGCCGCTGTCCTACCGTTAGACGACCGGGCAGTGAAGCGCCGGCGGGCTACGCTTCGGAGAATGTACAAGTTAACCCGCCTCGGGCGGTCCAGTCAACGCCCCGGCGTCCGAAGGGATCCGCTTTTGAAGGGCTTTCACGGGAGCCGACCGTACTTTCGCAGAATCTCCTGCACCCGATCCAGCGGAAGCGCCTCGACCCGTCCCCGGTAGCCTTCCATCGTCTCGGCCCGGAACAGCGCATTGTAGATCGCCTCTTCGGTGGCCTCCACCACGGCCTGGAAAAGCGGCGACATGCGGTCGTTGGACAGCTCCCGGTAGGTGCCCACGCCGGCCCGACGTTCCGGCGTGCGCCGCACCTCGGGCGCGGTAGAGAAGGCGATGGCGTAATC
NZ_AP019796.1_gap94	3066010	3070090	4080	CGGGCGTACCCATGCTCCGGCGTGTCTACGAGGCGGCCTGCGCGCTCACGCCACACGTGCTGCTGAGCGTCCGGGCCGACGGCGACTTCTACTTCGACCTGGTGCCTCCGGAGGTCCCCCGCCTGCTCGACCCCGTCCCGGACGCCGGCCCGCTGGCGGGTCTGGTGGCCGGTCTCCGCACGGCACAGACGCCCTGGCTGCTGGCGCTGGCCTGCGACCTGCCCTTTCTGAACGAAGCAACGCTCCGCGGGCTGCTGGCCGCCCGTTCTCCCGACTTCGACGCCGTCGTGCCCGTCACCCCCGACGGCCGCCGCCAGCCGCTCTGTGCACTCTACCGCGTGGACGTGGTGCGCCCGGTAGCCGAAGCCTGGCTCGCCGCCGGTCGACATGCGCTGCAGGCACTGCTCGACCGGCTTTCCGTCACAACGCTGTCCGTCCCGGACGCCCCCCTGCGCAACGTCAACACGCCCGGCGATTTACTCGCCGAGCGCGTCGGTCCGGAACGGCACATCTCTGGTGGGCGGCCGCCCGCGCGTGATTAATCCGATCTCGGCCGGATCCAGCCGAAAGCGCCCGAACTGAATCGTGGCGATCTCACGGGCCCGAAACGGCGGCGCCCAGAAATGGAGCCACGCCAGCTCGGCGTCGTACCGGGCCACGATCCCCAGCACACGGGCAAATCCATGCCGGTCGCAGAGAGCCACCAGGCGATGCCGGATGGCCTCGAGATTGTCCAGTGCCGGCACCATGCCGTGCAACCCGCGGGCCTGCACCGAGAGTCGCCGCAGCCGCGCCCCGGCAAAGTACCTTTGGAACCGCTCGCGCCGGTAGTCGCTGCGCACCCATCGGTCGCGCTCCTGCACGGCCTCGGCCACCGGTAGTCGCACAATGCGCGGACGTCGACTCCGTCGAAAGCACCGCAACACCGGTTCCAGCTCGTCTTCGCGCTGCAGCGCCACCACGTAGTCGGGCCGGATCACGTCGAGCATCTGAAAGAAAAGCTCGCGGCCTGCGTCGTTGGCCATGTGGCCCGGCAGGTCGATCACCAGCCGCTGCGCCCGATGCCAGCGGGCCGCTTCGACCAGACGCACCAGGCCGCTGAGCATCTGCAGCAGATGGCCCTCGGGCGAGATGTGTCCGACGAACCGGAGCCGGAGCCAGCAGTCGGGGTCGATCGGCACCCGGCTCAACGCCAGCGTGGTCGGCGGCCCGATGAGCGACTGGCCGGGATCCGCGTCCAGAAAGAGCGTCCGGTAGTGTTCGCTCACCTGCGCGGCCAACCAGCGCGCCAGCGTCGTCTTGCCGGCGTTGACCGGACCGGCCACCATCAACGTACGCCACGGTGGCCCCTGCAGCAACCGCTCCCGCAGCGTTTCCCATTCGGTCAAAACCGCAACGTCCATGACTTCAGACAGGCGATTCGACGCGCACCCGGAGCGTCCGCAGACGGTTCAGCGCAGCGGCCAGCTCCTGTGCCCGGAAGCCGGCCAGATCCAGCAGGCCTTTGGGATCGAGCACGTCCAGACCTTCCCGCGCGATGTCTTCCATCACGGCCGCGATGATCTCCGGAACGGTGCGGCGACCGTCCATGTAGCGACGAAGGGCGTAGGCCAACGCCTGACCGATGGCCCGTGTCTGAGCCACATGCACCAGTTGCTCGACGGCCCTGAGATCGATCACGGCCGTGCCGAGCTGAAGCGTTTCGCGTCCGCGTGCCCGCACGTAGGTCGCACGCTTCCCCTTCTGGGGCGAAACGCTCGTCGGATCCGGCACGCGCCGCACCGGCGGATCCCGAAAGGGATCGTCCGGCGCCGGCATCCGCTCGCTCGGAAGCTGGCGGGCAATCTCCCGGGCGGCGTCCGTCACATCCTCCACCCGGTATTCGTGCAACTTGATGACGGTGTCGGCCACGTCGAAAAAGTCGCCGCTGGAGCCCACGACCAGGATGGTACTGACGCCGCGTGTTTCGTAAAGCTGACGCACGCGGTCGATGAACGGTGTGATGGGTTCCTGCGCACCGGGCACCAGGCGCTGCATACGCCGGTCGCGCACCATGAAGTTCGTAGCGGCCGTGTCTTCGTCGATGAGCAGCAGCGAGGTCCCCACCTCCAGTGCTTCCTGAATGGCGGCCGCCTGGCTGGTCGATCCGCTGGCGTTCGCCGTCGAAAACGTGCGCGTATCGATGCCCGAGGGCAGGTTGCGGATGAAGGGCGACAGGTCCACGCCGGCCACGCTACGGCCGTCTTCGGCGCGCACCTTGACGGCGTCGGGCACCGTCACGACAAACTCCCGGCCGTCGCCGGGCTCGTGGTTGTAGACGCCGCGTTCCAGCGCGCGCAGCAGCGTACTTTTGCCGTGATAGCCGCCGCCCACGATGAGCGTCACGCCGGCCGGAATGCCCATGCCGGTCAGGCGGCGACCGCTGGGCAGCACGACCTCGCGCCGCAGCGACGGCGGCGAGGCAAACAGCACCGCGCCGGTTTCCAGCGGCCGCTCATCGACGCCGGACCGTCGGGGCAGGCAGGCACCGTCGGCCACGAACGCCACCAGCCCCCAGGCGGGCAGCTGCGCCCGGAGCCAGGTGGCGTCCTCGTTCACTTCGGCGAAGGTGCGCACGGTTTCCGGATCGTAGGCGGCAAACCGAAGGCTTTCGCGCACCACGCGCGGCACGTCTTCCAGGAGCAACGCCCGGGCTTCGTCGGCCGCAATGCGGCGGCCGTGGGCGGGGAGTCCGATGGAAAAGCGGGCTTCGACACCCTCGGCCATCAGGCGTACGGCCGTGCGAGGGAGCACTTCCTGACCGGGTCGGTCCATTTCGATGCGGCCGCTGTGGCCGCTGCCACGCGGACGGCTGATGCGCCGGGCCTTTTCGGCGAAGGTGCGGGCCAGCAGATGGGCCACGCCGACGGCCCGGGCCTCCGAGCCATAGCTCCACTCCGGAAAACCCGCGTGGCGCTGTGGAATCCAGACATGCACGCGGCTGGGCGTGGCGAACGGATCGCCCTGCACGTGCACCAGATGCAGCACGAAGTCGCCCAGATCGTAGGCGCCCTGTAGCGTTTTGTAGGCTTTGTAGCCCCGACCGTCGATACGTGCCAGGCGCCGCCGCAGGTCTTCGACTGTACGCAGCGTTTCCGTAGCGATTCGTGCCGCCATGGCGTTGCCGGTCGCCTTCCGTTCCCGAACGCCCATAAAAAACCGGCCCCGCTGCAACGTTCCTGCAGCGGGGCCGGGATTGGAAATCAGCTATTATTCAGTGCTTCCTATTGCGCCCCCACCGGCTTCCACTGACGCAGGCGGTCTTTGATGTAGGCGAGGACCTGGGTTTCGGGGATGCGTTCCTGCTGCATCGTGTCGCGGTCGCGCACGGTCACGGTGCCGTCTTCGAGCGTCTGGCTGTCGATCGTGACGCAGAAGGGCGTGCCCACCTCGTCCATGCGCCGATAGCGCCGGCCGATGGCACCTTTCTCGTCGTAGAAGGTGTTCAGAAGCGGCCGCAGGTCGCGCACCAGCGCCTGCGCCCGCTCGGGCATGCCGTCTTTGCGCACCAGCGGTAACACGGCCACCTTGATGGGCGCCAGGCGCGGATGCAGCCGGAGCACCACGCGCGTTTCGCCTTCCACCTCTTCTTCGTCGTAGGCCTCGCAGAGCAGCATCAGGATCGTGCGGTCCAGTCCGGCCGAGGTCTCCACCACGTACGGAATGTAGCGCTCCTGCGTCTGCGGATCGAAGTATTCCATCTTTTTGCCGGAGAACTCCTGATGCCGCCGCAGGTCATAATCTGTGCGCGAGTGGATGCCCTCGACCTCCTGCCAGCCCATCGGGAACAGGTACTGAATATCGACGGCCGCGTCGGCGTAGTGCGCCAGCTTCTCGTGCACGTGGAAGCGCAGGTGATCCGGCCGGATGCCGTTTTCGATGTGCCACTGCAGGCGCTTTTCCTTCCAGGCTTCGAAGGCCTCCATCTGCGTGCCCGGCTTTACGAAGTACTGCATCTCCATCTGCTCGAACTCGCGCATCCGGAAGATGAACTGCCGGGCCACGATCTCATTACGAAACGCCTTGCCGATCTGCGCAATG
NZ_AP019796.1_gap95	3071312	3072610	1298	GATGCCCAGCAGGCGGCCGGCCTCGACGAGCTGGCGCGTAATCCGGAGGTCGTCGGCGCTGGGCTCCGGATTGCCCGATGGATGGTTGTGCAGACAGATGATGCCGGCCGCATTGTCGAGAATGGCCCGCTGGAAGACGGCGCGCGGCTCGACGATGCTGGCGGCCAGCCCCCCTTCGCTGATCGTGTAGTCGGCGATGATGTAGTTGGCCGTGTTGAGCAGCACGATCTTGAAAACCTCGCGCTTGAGGTCGCGCAGGAGCGGTCCGTAGCAGGCGGCCACATCGGCCGGCGTGCGCACCTGGATGCGGCGGCCGGGCCGCTGCGCTTCGACGCGGCGGCCGATCTCGAAGGCGGCCACAAGTTGCACGGCCTTGGCGGGCCCCACCCCGGCCACGCGCGTCAGTTCTTTCAGGTCGCGCTGCGCCAGCGCGTAGAGCGAGCCGTAGGCCCGGAGCAGAGCCTGCCCGAGCTGCACGGCCGAGATGGATCCCTGCTTCGTGCGTGTGCCGCTGCCGAAGATCAGCGCGATCAATTCGGCATCGGAGAGGGCCGAGGGTCCCCGGCGCATGAGCTTTTCGCGGGGACGGTCGGCTTCGTCCCACTGGTTGATGGGCACCTGGTAGCGCAGAAGCGGCTCGCCCGAGCCATGAGCTTCGCGGGACATGGATCGGCCTGTGTTCGGGCTTTTCCTTTAGAGACACCCGTGCCGACCGACTGTTACTTCACTCCACCGGCACCAGGCTGTTGAGCAGCTCTTCGTTGGACTGCGTCTGCTGCATGTGGCGCAGCAGAGCCTGCATGGCCTCGATGGGCGGCCGCGAGTTGAGCGCCCGGAACAGCCGGTGATACTGCTCGATCCGGTCGCCGATGAGCCGCTCCTCGTTGCGCGTGCCGCTCTTGCGCAGGTTGATGGCCGGGAAGATGCGCTTGTCGGCCATCTCACGGTCGAGCACGATCTCAGCGTTGCCGGTGCCCTTGAACTCCTCGAAGATCACCTCGTCCATGCGGCTGCCCGTCTCGATGAGCGCCGTGGCGATGATCGTCAGCGAACCGCCGCCTTCGATGTTACGGGCGGCGCCGAAGATGCGCCGCGGAATCTGAAGCGCCCGCGCGTCGAGTCCGCCCGAAAGCGTGCGGCCGCTGCTTTCGACGTAAAGGTTGAACGTGCGGCCCAGGCGCGTGAGCGAGTCGAGCAGCAGTACCACGTCGTGCTTCAGCTCGACGAGCCGCTTGGCAAACTCCAGCGCCAGCGTCGAAACGCGGATATGGTTGTCCTCCTCCCGATCGTTCGACGAG
NZ_AP019796.1_gap96	3085427	3086337	910	CTGGACTGCTACCGGCACGGCGCCGAGGTGACGCTCATCCACCGGGGACCGGCGCTTTCGGACAAGATCAAGTACTGGATCCGCCCGGACATCGAAAACCGCATCCGCGAGGGGAGCATCCGGGCGTTTTTTAATTCGCGGGTACTGGAAATCCGTCCGGACAGCCTGCTGATCGAAACGCCTGACGGTCGGCTCGAGCTGGAGAACAACTGGGTCCTGGCCATGACCGGCTACCGGCCCGACCTGGAGTTTCTGGAGCAGCTCGGCGTCCGGCTCGGTGACGATCCGGCCCGCACGCCCTGCTACGACCCCGAGACGTTCGAAACGAACCGGCCGGGGCTTTATCTGGCGGGCACGGTCTGCGGCGGATTGAACACGAGCCGCTGGTTCATCGAAAACGGCCGGCTGCACGCCCCGCGCATCATGGAGCACATCGCCACGGGCCGCGTGGCCGAAGCACCCGCCCTCGACGGCCAGCACTGGAAAACGGCGGAATAAGCCGAAACCTTGCGGTTTGCTCGACGTGCCTTCTGGAAAAAGCTATCGGCATTAAGGGCATACCATGCCTCGGCTGCAGCGCCGTGTTGAAATCATCCAGCAACTTCACCGCCTTCTACCCGAACTGCAGGAGAAATTCGGGGTGGAGCGGCTGGCGCTGTACGGATCGTTCGCCCGCGATCAGGCTTCTGAAGCAAGTGATGTGGACCTGATCGTGCACCTGAATCGACCGCTGGGGCTGGACTTCATCCGCCTGATCGACTTTCTCGAGGCCCATCTTGGACGGCCGGTGGATCTGGCCACTTACGAAACCCTGCAGCGCAATCTACAACAGCCTCATACAGCCCGAATCGCTCGGCGCATTCTTCGTTCGCTTCAATATGTCTCGGCGTCGCAGGGACATTGACTGCTT
NZ_AP019796.1_gap97	3093427	3097239	3812	CCCCCGCCGGTTGACGACGCGGTGGCAGGGCAGGTCCGATCCGGCCGCCGCGTTCAGCGCCCAGCCGACCGTCCGTGCGGCGCTGCGCGCGCCCAGATAGGCGGCGATATGCCCGTACGTGGTGACCCGCCCCGGCGGAATACGCGCGACCACCTCCCAGACCCTCGCAAAGAAATCGCCCTGATCTGTGCGTTTCGTCGTACGTGCGTTGCGTTGGCATTTCATGAGCGGACCACTTCGAAGCGAATGCTGCGCGACACCTCCTGACCCGAAACCAGATCCCGTACCCGTACCACCACCTCCAGCTCCTTCGCCCGCTCCCACGCCCGCAAATCCAACACCACGTACTCCCGCGCCGTCCGACTCGTCCCCTCGTATACCGTGCTCGAACGCGTCTGCACCTCCCGGTCCCGACGCAACAACCCACCGTCTTCCCGACGCCGCACCTCGTAGGCCACCTCGTAGCGCGTGCGGTCGTCCGGCCTGAAGGTCAGGTGATAGACCTCAAAATAAAGCGCCAGCGGAACATCCGGGCTCAGGCGCGTGAACGGATAGGGCCGGCCCGGCAGCGTATCGCTCGCGGAAGGATCATACCATAGTGGCAACAGATCGCTCATTTCCAGCACGGCCGGATCCGCCCGCAACGCCTGCAGCGAATCGAAGCGCGCCACACTGGTTTTCAGGTGCTCCCCGGCCTGCCATTTGCCTTCCCGCTGCGCCAGCGTGTACTGATCCCACTGCAAAGCGATATGATAGACGCCGGTATCGGCCGGAACGGTCACAGAGCGCGCCGGGATTACCGGCCCCTGTTCAGAAAGACGCGAAGGAATTTGATAAAGCTGGGAAGTGCGATATGCGACACGGTAATCTGTTCGCTGTCGGACGACCTGTAAATCGATCAGAAAATCCGCCGGCTTCGTTGAGGCTGCCAGATCCTGCAAAAGCGCTCCGACGGGTGCAGCCCAGTAGATCAGATTTTCGGTACGGCCGTCTGTTCTCAGAAAGCGGGCCACACGCGCGACTACAGGCAGGCGCGGCTTCTGATCAAGCCAGCGGCTCTGCTGGCGTGGAATTCGCACGGCCATTTCTGCCCGATTCAGCGCGTCTTCCCGTTCCGTTTCGGCCAGCAGGCTTCGAAGGAAAACGTCCGGGGTTCCCTCTGTCGTGAACGGTGTGCCTTCCTGCTGAACCAGCGCACTGTTGTCGCTGCGTTTGTCCTGCGTGTAGAGCTCACCCCCGATGTTCCGCTCCAGTTGAATCCGGATTTCCTCGAGCTGCCCCAGATAGTTGTCCACGCGAATGTACCGATCACTGAAGTCCAGATGATAGGGCGCCAGCTGCCGGTAGACGGCACGGAGCACCTCCAGCAGCACGTCGATCTTGGCACCGCCGCGCCCGGTGTCTCCGTCCAGCCCGACGCGCAGGTGCGGTGGAATCAGGTCCAGCACGCTACCCTGACGGTACAGGTTACCGTCGTAGACGAAAAGAAAGTAATAGGGGCCACCGGGCACGAAGCGATCGTAGAGCCACAGTTCGCCCGGGGCAAAGTCCGACTCGCTGACGATGAGCGCATTGCCGGAGGACCGCCGCAACCGCCGGAGAGCCTGTTGCAACTCGCGCGAATAGAAATCCAGCTTTTTAATGCGCGAGGGCGGGCCCAGCCGCACATATACGATCCCGCGTTCATCCAGGCCCGACTCGGTACGGTCCGAGGCGTAATGCTGCTCGGCGTAGGCAACGCGCTGCAGGTGTTCGACAATGCGTTCGTTCAGCGGCGTAGCCGGAAGCGGATCCTGCTGCGCCCACCACTGCATCAGACGAGCACCGGCGTCCGGAAGGAATCGCCGGTCACGTGTCCAGATCCGCTGTTGCAGGACGTCGGGTAAGAGAAAAATCATGCGAGCCACGTGGCGTCGTAATCGCTGCAGTTCGTCCGGAAGCATGGGCGTACCCGCAATCCGGAGCAGCAGCTGATAGAAAAAGGCGGCCTCGGTAAAGCGTTCACTGCGGCTCTGCTGAAAGACCGCCGCTACGTATGCATCGGCCGCCTGCACATCGACCGCGCCCAGCGTCAGAGCACTACGCACGCCCTGTTGCCAGGTATTCAGCGCCTCTTCGATAGCCCCCTGAGCCTGATAGGCCGCTCCCAGCCAGTAGGCCACCGATCCTTCGATCGGCCGAATCTGAAAAACCGGTTGCTCCTCAAAAAGGGGCTGTAGCGTCGCAGCGGCTACTTCGTAGCGCCCCGCCTGGTAGGCCTGAAAAGCCCGCACCAGCTGAAGCGAATCTTCCGACTGCCCCTTTACCCTGCCGACGGTCAGGGATAATACGACCAGTACACCCGCAAATTGCCAGCGCCCCATTTCCATCTCATCGCTGTGCTGCTTTTAGACGGCGAAAGGGGCTCCGGCGTTTCCCGAAGCCCCTTTCTTCCGCCTGTTATCGCAAGGCTTACTGCAGGCTCAGTCCCGGATAGTCGCCCGCATTCACCGTTGTGGGTTCAAAGACGCCCGGTGGCGGATTGGGTGCATTTTCGTTGGCATTTAATTCATCCAGACCATACAGAAACCGTTGCGGGAAACGGTTGCCTGCTCGAATCGGGATGCCAATGAAGTTATCCGTCCGGCGCGCATCGTTGAACGCCTCGATGTTGCCGATCAGCGAGAGGTACTTCTCCTCAAGAATCTCCCGCAACAGCGCCCGATTCGGCGACTCACCCTGTGGATTGGCGATGCCACCGGCCTCAAAATCGGAGGCTGCATAGGGCTGGTAGGCACCCGGCCCGAACTTCTGATCCAGCGCAGCGCGCGCGTTGTTCAGCGCCGCCAGCGCCGTATTAAAGTCGCCGTTGGCCAGCAAGGCCGCCTCTGCAATGATCAGCTGATTTTCCACATAGGTGACAATCGGAAAGTCGGCATCAATGGCAAAAGCTCCGCCATTGGCTGTATTCAACACATAATCGCCGTTTTCACCAGCGTAGTAGAAGGCAAAGCGGGCCGATTCGTCGGTCTTCGCATTCCCCCGATAGATGCTACTGGCCGGATCCAGCAGCGACGGAGCAAAGGCGTTGTTCGCCGTCATGTAGCCCGAACGCTCCACCTCGACAAACAAATAGAAGGGATTGGCATCGTTGTAAAGCGAGCTACCATGGGGAGCGATCAGGTCACCGCTACCGTCCGGCGCATCGATGCCCATCTGGGCATGCTGGAGGGCCTGGGCGTAATTGCCGGTATGCAGGTAGTAACGCGCCCGCAACGTATGGGCGACTTTGATCCACTTATCCGCATCCGCGCCGAAAAAGATGTCGCGACTTCCCGGGCTGATTCCGGCACCCGACTGCAGATCCGCGATGGCTTCGCCCAGCATCTGTTGAATTGCCTCATATACCTGAGGCTGCGGGTCGAAAGCCGGGTTAGGATACTGCTCGGGCTGGGCCGCCTGGCTGAACGGAATGTCGCCGAACAGGGCGGTCAGCGTACCGGATGCCAGCGCCTCGGTAATCGTGGCAACCCCTCTCAACAGACGGTTGTTCGTCTCCGTGGCCTCGGCCCGAATCAACCGCGTCTGGCCGATGATATCCTGGTAGGCCAGATTCCACATGTTCGTGAAATCGTCGGCCGAGACACGGTACTCATTGTAGGCCAGAAACTGACGGTCCGAACCGGTGAACTGATGCGTCCATACACCGGAAATTCGAGCCAGGTGACCATCCTGGAGCAGAATGCTTCCAACCTGGGCACCCGTCAGAATCTGTTCCGGTGGTGCTTCTGTGGCAAGATTCGGGGCCTTATCAAACTTCTCATCATTCACCA
NZ_AP019796.1_gap98	3101954	3102486	532	GATAGGGCCGGCCCGGCAGCGTATCGCTCGCGGAAGAATCATACCAGAGCGGCAACAGATCGCTCATCTCCAGCATGGCCGGATCCGCCTGCAACGCCCGAAGCGAATCGAAGCGGATCGACGTGATCTTCAGCAGTGGTCCGGGCCGTGGCGGCGTGACCGTACGATCCAGGGCAAACTCGGAAACCTGCAGCGTCAGGTGATAGAGTCCGGTATCGCCCCGGGTTGTCAGCAACACCGGTTGCATCACGCCTTCCGTGGTAAGGTCGGTTTGCCAGAGTTGCAGGCGCCGCACGTGAAGCGTGCGAGTTCGATAGGCTGCATCACGTTGAGCCAGCGTGGCCGTGATCAAGTAATCGGTACCGACCATCCCGCTTTCCTCCAGCACCTTTCGGGCCCGCTCGCCCGGACGCAACGCCTCGTTGGAGGCCGACCAGTAGAGTGCCGTCCGCGTGGTTCCATCCATGTCCAGAAAACGCACCAGACGCGTCGCAATGGGGAGCCGCTCAGCCTCTTCGAAGATGTTGCTGTA
NZ_AP019796.1_gap99	3105854	3106817	963	ATAGGGCGTGCCCAGATAGAAGCGCTTGGCCTCGCCGTTTTCGTCGGTGATGACCCGCGAGCCCTGATACACGCCGTTTTCGTCGAAGACCGCCTCAGAGCGGAACGTGTAGAAGGCCGAGCGCGGCAGCCCTTCCTTGATCACGTTCGTGTCAAAGCCGTCAAAGATGGGCTGCGCGCCGCCCAGATCCTTCACTTCGTTGCGGCTCCAGTTCCAGATCAGCGTGAAGTCGAGGCTGTAATTCCGCGTGCGCCAGACGTTAGCTGTCAGCGACGACTCGAAGCCCCAGCCCCAGGCCTCACCCACGTTGAAGGGCACGGCCGAGGCAATCAGGCCCGTGGACGGCGGATTCCGGAAGTCGATGATCGAGTTCGTCGCCCAGTTGCGATAGTAGGTAAATTCGATACCGATCCGGTTGTACAGCTCGGCATCGAAGCCCACTTCCAGCTCCCGCACGCGCTCCGGCTCGATTTCCGGATTGCCGATCTGCTCCGGCGTGGCGCCGGCGCCATAACCGGAGGGCTCGGCGCCGAAAAGCAGCGCAAAGCCATCCAGCGGATTCGGCAGCACGCCGGTCTCACCGTAGGCAATGCGCAGCTTCAGCAGCGTGAAGAAGTCCGGCGTGAAATCGAACTGATCCAGCCGGAGCGCCATGCTGGCCTTCGGATAGAAGATACTCGGGGCCTTGCGCCCGACCGCACTCGCATAGTCCCGCCGCAACCCCAGCGAGACGAAGAGCTTGTTGTCGTAGGCAAATTCCTGCTGGGCGTAGATGCCCGCCTCCCGGCTATGGGAGAAGCCCTCATCCCCCTGAATAAAGTCCGCACCGGCACCGATGTTGGAAATCAGCTCGGTGATAAAGTTTTGCTTTTCCATAAAGAAGGTGCGGAGGATGCGGTTGAAGGCCTGCCCACCTACGATCGTCGTAGCCTCCAGATTGGAAAGAATGTTGTAACGGTAGCG
NZ_AP019796.1_gap100	3136818	3137641	823	GCGCCGTGGTCAGCCATCCCCGCCTGGTGCTGGCCGACGAGCCGACGGCCAACCTCGACTCGGCCACCGGCGCCCGTCTGCTCGACCTGATGGAACAGCTCAACCGCACGCAGGGCGTGACGTTCGTCTTTTCGTCGCACGACCCCCAGGTGATCGAGCGGGGCCGCCGCCTGCTCCGGTTGCACGACGGACGGATCGAACGCGAAGAACGAAGGTGAAACGCCTGCTGCTCACGCTGCTGCTCGTCGCGGCCGGTTCGGTGCAGGCCCAGCCGGCCCGCCTGCGCGGCTACGTGCTGGCGCTGCACGCCTACGAACGCTTCGACCCCGTCGGAGCACTGCTTTTCGGAGGGGCGCGCACGCTGACGCTGGATCTGGTCCGTGCCCGCCTGATGCCCGAGGCCCGCCTGCCCGGCGGCCTGCGTCTCCAGCTCGCCTACGAACTGAATCTGCTCTACCTCTGGACCCCGGGCCTGCTCGAGGGCGAAGCGCCCCCGCCGCCCCGCCAGCTCGTGGATCTGAGCGCACGGCTCTATCACGACCGCTCTACCCGAATCGCCCACGGGATCGATCGGCTTTCGCTGCGAAGGTCGTTCGACTGGGGCCGCATCGAGATGGGCCGCCAGCGCATCGCCTGGGGCGTCGGTCGCCTCTGGACGCCGGTGGATTTTTTCAATCCGCTGGCGCCTTTCGAGTTCGACCAGCTCGAAAAAAGCGGCGCCGACGCGCTCGCCGTACGCTACTATCTGGGCCTGCTCAGCGACCTGGAGCTGGTGTACAACCCGGAGCGTCGCGGCCGCTGGCACAACGTGGCCTTCCGCTGG
NZ_AP019796.1_gap101	3301643	3305241	3598	GCCTCGGGCTGCGCCAGGCGGCGCCGCGCTTCGTTCAGCGCCGCGGTTGCCGAAAGCCGTGGCGTCGGATCAAAACGGGCGGCGTAGGCCTCCAGCCGGGGGTCGTAGCCGCTGAGCACCAGCGTAGGCCGGCCCTGGCGGTTCAGGTTGACCTGCACGTAGCGCCCGTAGACGGGAAGGCCGGCCAGCGTCTGGCGGAAGCGTACGTGCATGGCGTAGGGCGTGGTGCGCACGCGGTCCACGGCCAGCGTGCGGTCGGGCTGCCGCCAGCCGAAACGCACCGCCTCCATGCGGAGATAGGCGCGGGCGGTGGCATCTGCGCTTCCCTGCCAGGCCACCGGGGTGCGCACGCGGTAGCGCGCCTGCCAGCGTCCCGTAGTCGGATCGATGCGTCCTTCGGGAGTCGCCTTCGTGGCCGGAGCCTGCAACACCTCGCGCCGGGGTTGCGCCTGCAATCCGGAGACGCCCGCCTCCACCAGCAACGCGATCAGTACAATCGCCCGGAACCGGCCGTTCATCGAAAAGCCCGTGCACTTCGGTTCAGGCAAAAGGTAACAAAAAAAGGGCCGCCTCGCAGCGGCCCCTCGAAAAGCCTGTGCCGGCTTTGTCAGGCATAGCGTGAAACGGCCTGCTTGAGTTCTTCGACGCGGTCGAGCGCCTCCCACGGAAACTCCGGACGTCCGAAGTGGCCGTAGGCGGCCGTGGCCCGATAGCGCGGCTTGAGCAGATCCAGATCCCGGATGATCGCGGCCGGCCGCAGATCGAAGACCTCGCGCACGGCCTCCACCAGCACTGCATCGGGCACGACGCCCGTGCCGAACGTGTTCACGTCGATCGAGACCGGCTCGGCCAGACCGATCGCATAGGCAATCTGCACCTCCACCTCGTCGGCGAGTCCGGCGCCCACGATGTTTTTGGCCACGTAGCGGGCGGCGTAGGCACCCGAGCGGTCCACCTTGGACGGGTCCTTGCCGCTGAAGGCCCCACCGCCATGCGCCCCTTTGCCGCCGTAGGTGTCCACGATGATCTTGCGGCCGGTCAGCCCCGTGTCGCCGTGCGGCCCACCGATGACGAAGCGGCCGGTCGGGTTCACATGCAGGATAAGCCGGTCGTCCACCAGCTCGGGCGGGAGCACGCGCGGCAGCAGAATCTCCCGGATGTCTTCGCGAATGCGCTCCTGCGTGACGTCTTCGGCGTGCTGGGTCGAGACGACCACCGTGTGGATGCGCCGGGGTGTGCGTCGGTCGTCCTCGTACTCGACCGTCACCTGGCTTTTAGCATCCGGGCGCAGATACGGCATCAGGTGTGGCTCTTCCTTGCGGATGCGGGCCAGCTCACGCACGAGCCGATGCGCCAGCATGATCGGCAACGGCATCAGCTCGGGCGTCTCGCGGCAGGCGTAACCGAACATCATGCCCTGATCGCCCGCGCCCTGCTCGCCGGTGGGCGCCCCATCGACACCCTGACGGATGTCCGGGCTCTGCTCGTGGATGCTGGAGAGCACGCCGCAGCTGTCGGCATCGAAGCGAAGCCGCGGATCCGTGTAGCCGATTTCGCGGATGACGTCCCGGGCGATCTGCTGCACGTCGACGTGCGCGCGCGTGTAGACTTCCCCGGAAAGCACCACCAGTCCGGTGGTCACCAGCGTCTCCACGGCCACGCGGCTGTGCGGGTCCTGCGCCAGCATCGCGTCCAGAATGGCATCCGAGATCTGATCGGCGATCTTGTCCGGATGCCCTTCGGAGACCGACTCGGAAGTAAACAGGTAGGCCATCGAAGCTCCCTCAAAGGTTTAGCTGCAGCCAAATTCTTTTTAAAGCGAGCCGTTAACGCCCCGTTTGCTTACAGGGTTCAACGCTTTATGTGAAGAACGATTCCACGGAACCCCTTGATAAGGTTGCACGTTGGCGGGCTTCGTCTGCAGCACCACGTTGCCCCGCAAGCCGTGGTGTTGTATTTTGGGATGATTTACGAGCTACGGGCCTCGGCCCGCACACTCTCGACAGCAAAACCGCGGATCAACCAAGGAGGCGTAGCACTATGGCCACCAACGACATCGAAGCCAAGGTGAAAGCCATCATCGTGGAGAAGCTCGGCGTCGACGAGGCCGACATCACGCCGGAGGCTTCCTTCACGAACGACCTCGGGGCCGACTCGCTCGACACGGTCGAACTCATCATGGAATTTGAAAAAGAATTCGACATCACGATCCCCGACGAAGAGGCGGAGAAGATTGTGACGGTGGGCGACGCGATCAAGTACCTGAAGGAAAAGATCGGCCAGGCCTGATCGAGCCTCTGTTCCGAGCCCGGCGGCACCCGATTGCGCGATGCGCCGGGCTTTTCTGTACCTGTCCGAACCGGAAACGATCATGGCACAGCGACGACGCGTTGTGGTCACGGGCATGGGCGCCCTGACGCCCATCGGGCTGAACGTCCCGGACTTCTGGGAAGCGCTGCTGCAGGGCAAAAGCGGGGCGGCCCCCATCACCCGCTTCGATCCTACCCCGTTCGATACGCACTTCGCCTGCGAACTGAAGGGGTTCGATCCGCTGGACTACATGGACCGCAAAACGGCCCGGCGCCTGGACCCCTTCGCCCAGTACGCGCTGGTGGCCACCGACGAGGCGCTCCGGGATGCCGGACTGGATCCCGAAAAGCTCGCCGCTTCGGAAAAAGACCGGATCGGGGTGGTCTTCGGCAGCGGGATCGGCGGCATGCAGGTGTTTCAGGAGCAGACCGCCCAGTATCTGCAGCGGGGCGCGCGCTTCATCTCGCCGCTGTTCATTCCGATGCTCATTCCCGACATCTCGGCCGGTCACCTGGCCATCCGCTACGGCTTCCGCGGCCCCAACTACGCCGTCGTCTCCGCCTGCGCCACGGCCAACCACAACCTCGGCGACGCTTTTCTGCTCATTCAGCGGGGCATGGCCGACGTGGTGCTCTGCGGTGGCAGCGAGGCGCCCATCACCGAAATGGCACTGGGCGGCTTCAACGCGATGAAGGCGCTCTCCACCCGCAACGACGACCCGGCCCGGGCCAGCCGTCCCTTCGACGCCACCCGCGACGGGTTCGTCATGGGCGAAGGCGCCGGGGCGCTGGTGCTCGAAGAGCTGGAGCACGCGCGCCGACGCGGCGCCCGCATCTACGCCGAGGTGCTCGGCATCGGCATGTCGGCCGACGCCCACCACATCACCGCCCCGGATCCCGAAGGCGAAGGGGCGGTCCTGGCCATGCAGGCCCTGCTGCGCGACGCGAACCTCCGGCCCGAAGACGTTGACTACATCAATATGCACGGCACGTCCACCCCACTGGGCGACGTGGCCGAAACGAAGGCGATCAAGCGCGTCTTCGGCGAGCACGCCTACCGGATGAACGTGTCCTCAACGAAGAGCATGACGGGCCACCTGCTGGGCGCGGCCGGCGCCGTCGAGGCCATCGCCACGATCCTGGCCATCGTACACCAGACCGTACCGCCCACCATCAACTTCGAGCACCCCGATCCCGAATGCGACCTGAACTACACGTTCAACGCGCCGCAGCAGCGCCCCGTACGTGTGGCGATCAGCAACGCCTTCGGTTTCGGCGGGCACAACACG
NZ_AP019796.1_gap102	3313740	3318640	4900	GCCCACGATCACCTGGCGCACCTGGATGCCGGCCGTCCGCTCGGCCTCGTGGAGGGCCGCCTGCAGCGAGGCCACCGTCTTGTCGATGTTCACCACGACGCCCCGGTTCAGGCCGTCGGACTCGGCCACGCCGACGCCCAGAATGTTCACCCGATTCGCCTCGTCGGCCGAAGCCACCACGGCACACACTTTCGTGGTGCCGATGTCTACGCCCACAACAATGCGCTCATTCATGGCCCATCGCAGATTTTTGGGTGGACGGATGCGCCTCCTCGCGCACCACGATCTGATTCGCAAAACGCAGGTCGATCAACGAAAACGTCTTGTGTGGTTGCGTCAGCACCGCCTGTTGCCAGAAAGCCACCAGACGACGCAGCCGCCGCTCGAAGTCTTTCCGGCCCAGCCGAACCGGAACGCTGTGCTGTCCGGCTGCCGGCGTCGTGTAGAGCCAGAACTCGCCGTCCGGCGCCCGCACGATCTCCGAGATGAGCGCGCGTGCCGGGTCTTCCAGCCCGGCCAGGGCCGCCAGCAGCACCCGCACCGATTCATCCTCCAGCGGTCGCATCGGATGGGCCGGTCCCTGCACGCCGTAGAGCAGCGGCACGTCGGGGACCGGTCCGCGTCCCGGCGGCATGCCGTAGCCTTCGGCGTCCAGATAGCGCAGGGGACGGCCTCCGGCATCCATCTGAAGCACCACCGGCACCCGTTCTGCCACGGCAATGCGCAGCGTACCGGTGGGCCAGCGCGTGACCGAAGCCGCCTGCACCCACGGATGGCGCGCGACCCGATCGGCAATCAGCGCCGGATCCAGGTCGAACAGCGCCGTGCCGGAATCGACGGCGGCCAGACGCCGCAGCTCTCCGGGATCGGCCTGACGCGCCCCCACGATCTCAATGCGCGTTAGCCGCACGCTCTCCAGCCACAGCCAGGCCACGCCGCAGAGGGCCAGCACCGGCACCCCCGTCACCAGCAGCCGGAGCAGCCGGCGGCGGACACCCGACTTCTTCGTCGGAGTCCTGCGGGTCGTATGTGCCTTACGAGGCGGCATGCGGCAACGCTTCGGTCAGTTTCAGGTAGTCCAGCAGCTCGCGGGCGGCCCGCCAGATGTCGCCGGCTCCCATGAACAGCACGGCATCACCCGGCCGGAGCACGTGCTCCAGCAGGTAGCCCGGAATCTGCTGACGCTCGGGTACGTAGTGCACGTCGCGGTGACCGAAACGCCGGGCCAGCTCGGCAATGCGCTCGCCGGTAACGCCCGGGATCGGCGCCTCGCGGGCGCCGTAGACGTCGGTCACCACCAGCACGTCGGCGTCCACGAAAGACCGGGCAAAATCCTCCTGAAAGTCCCGCGTGCGACTGTACAGGTGCGGTTGAAAGACGGCCACCAGCCGACGGTCGGGCATGGCCGTGGCGGCCGCTTCCAGCGTCGCCCGGATTTCCGTCGGATGGTGGGCGTAGTCGTCGATGACCAGCACACCGTGCACCTCGCCCAGCCGCTCGAAGCGACGGCGGACGCCCGTAAAGCGGGCCAGCCCGGCCTGAATGGCCTCGAACGGAATGTCCAGCTCCAGCCCCACGGCCACGGCCGCCAGTGCGTTGCGCACGTTGTGCAGACCCGGCACCTGAAGCTGGATCGTGCCCAGCGGCTCGCCCTGCAGCAGCACGTCGAAACGGGAGCCGAAGCCCTCGAACTGTACATTTTCGGCGCGAATCTCCGCCTGTCGGGCCAGCCCGTAGGTGCGCACGCGGCGATCCAGCTGCCCCACCAGCGCCTGCACGTTCGGATCGTCCAGGCACAGGATGGCGGCCCCGAAGAAGGGGACGCTGCCGGCAAACTGGCGAAAGGCGGCCATCAGGTCGTCCAGGTCGCGGTAGATGTCCAGATGCTCCGGCTCGATGCTGGTCACCACGGCCAGCGTGGGCGTCAGCCGCAGGAACGTGCGGTCGTATTCGTCCGCCTCAATCACGATGATGTCGCCCTCGCCGGCCACCGCGTTCGACTCGAAGGCGGCCACCTTGCCGCCCACAATGATCGTCGGGTCGAACCCGCCTTCGGACACCACCAGCCCTACCATCGACGTGGTGGTCGTCTTGCCGTGCGTGCCGGCCACCCCGATGCCAAACTTCATGCGCATCAGCTCGCCGAGCATCTCGGCCCGGGGAATCAGCGGAATCCGACGGCGGAGCGCCTCCAGCGTCTCCGGATTCTCCTGCGGCCGCACGGCGGACGAATAGACCACCACGTCGGCGTCGCCCACGTGCTCGGGCCGATGGCCCTCGTAGACGACGGCACCCAGTCGCTCCAGCCGTTCCGTGATCTCGCTGCGCTTCAGATCGGACCCCGTCACGCGGAAACCGCGCAGCAGGAGCACCTCGGCGATCGAGCTCATGCCGATGCCGCCGATGCCCACCATGTGCACATGGCGAACCCGCCCGAACAGGGGCGGTCGGCGCCAGTTTCCGCGACGGATCATGCGGTTTTCCTGTTTTTTCTCCGTTCGGTTGCCAGTTGCAGCACGTCGGCGGCAATCTGCGCGGCGGCTTCCGGACGCGCCATGCGCCGCGCCGCCTCGCTCATGGCCGCACGACGCTCCGCGTCGGCCAGCAGCGTCCACACCTCCTGCACCAGCCGTTCGGTCAGCACAGCCTCCGGTACGTGCCGGGCGGCTCCGGCACGCTCCATACTTTCGGCGTTGCGCGTCTGGTGATCGGCCGCCACGCGCGTGGCCGGCACCAGGATGGCCGGCGTGCCGGTCACCATGAGTTCGCTGCAGGTCAGCGCACCGGCGCGGCACAGCACCAGGTCGGCCGCGGCATAGGCCGCCGCCATGTCTTCGATGTAGGGCAGCAGGCGAATCCGGTGGTGCAGTTGCTTTGCCATCGCGTCCAGCCGTTGCCGCACGGCCATGTAGTGCGCCCGGCCCGTCTGCCAGAGCAGGTGCAGGCGCGACTCCTCGAGCAGCGTCGGCAGCACCTGCAGCAGCGCGTCGTTGAGCACCATGCTGCCGAGCGAGCCGCCGAAGACGAACAGCACCTGTGCCTCGGCCGGCAGCCCGAAGCGGCGGCGGGCTTCCAGGCGGGACACGTCTCGGAGCGACGCCCGCACCGGATTGCCGCTGAGCACGCACCGTCCGGCCGGAAAGTAGGCCTGCGCCTCCGGGAAAGCCACATAGACGCGGGCGGCCCACCGCCCCAGCAGCCGGTTGGTCAGGCCCGGGAAGGCGTTCTGCTCCTGCAGCACAAAGGGGCGCCCCAGCAGCCGGGCCGCCACAAGCACCGGTGCCGACACGTAGCCGCCGGTGCCCACCACGACGTCCGGATCGAACGCCCGAACGAGCTGCAGGCTTTCGGCCAGCCCCTGCCCCAGCTTCCCCGGCACCCGCAGCATACGAAGCGAAGGCCGGCGCGGCAACGCTGCCGCCGCGATCGGATAGATCGGAAAGCCGGCCGCCGGCACGGCCCGCCATTCCAGTCGCTCGCGCGTGCCCGCAAAGGCGATCACCGCCTCCGGGCACTGCGCCCGGATCGCTTCGGCAATGGCAATGGCCGGGTACACGTGGCCCCCGGTGCCACCGCCTGCCAGCAGCACGCGCGGCGCCTCGCCGGCGGCCGCCAGCACGGCCACCGGCACTTCAGGTTCTCGCTGGAGCACTTCGGACATCAGGACCGCTCCGTTTCAGGTGATTGAACCCGTCGAGAAACACTCAGCAGCAGGCCCACCAGGATGCCACTGGTCATCAGCGAAGTACCGCCGTACGACACGAACGGGAACGGCAGGCCCGTCACCGGCAGCAGCCCGCAGGTAACCGCTGCATGCACGAAGCCCTGCAGCACCAGCATAGTCGTGGCGCCAAAGGCCAGGAAAAAGCCTAAAGGGTCGGGCGCGCGCCGGGCAATACGCAGGTACCCGCGAAACAGCAGCACCATCAGCGCTCCCAGCAGCAGCAGCGCCCCGATCAGGCCGTATTCCTCGGCCACGATGGCAAAGATGAAGTCGTTGTAGGGCGCCGGCAGAAAATCGCGCTGGACGCTCTTACCGGGCCCGACGCCCGTCAGCCCGCCCATGGCGAAGGCAATCCGGGCCTGGCGCGCCTGATAGCCTTCATTCTGTGGATCGAAAACCGCCTCGGCCTCCGTGTGCGGGAAGATTTTGGTGCCCAGGAAGGCCTCCACACGGGCCGCCCGCTGCGGCGAGGTCAGCAGCATCAACGTAGCCAGCAGCAGCCCGAGCAGCCCCGAGCCGGCCAGGTGCAGCACCCGCACCCGCCCCACGAAGCACAGCAACAACATGCTGGCCGTCAGCAGCGCGGCCGTCGAAAGATTTTCGATGCCGATCAGTACGGCCGTCAGCAGGATCCAGAACAGCAACGGGAGGAAACCCCGATCGAACGCATGGATATAGCTTTGCTTGCGCGTGAGCAGCACCGAAAGGTGCAACAGCAGCGCCACACCGGCCAGATCCGAGGGCTGGAAGGCCAGCGAGCCGATGCGCAGCCAGCGCGTCGCCCCGCCGAAGGCCACGCCGGCCACCTGCACCAGCAACAACAGTCCCAGCGATCCCAGCAGCAGCGGCTTGCTCCAGCGGGCCAGCCGCCGATAGTCCATGCGCGACATCACGACGATCGCGCCGGCCGCCAACAGCACCCGCACCAGGTGGCGCAGCAGCAGGCGCTCCGGCTCGCCTCCGGCCTTCGTCTCAGCCAGGAACGACACGGCGCTGTAGACGGCCACCACGCCGAAAGCCATCAGCGCCACCACCACGAGCTGCACGTAGCGGTCGGCCGAGGGCTTCGACGCCGCGGTCGTCTTCGATCGGGATGTCGCGCGCAGCCGATTCATTGCAGACTCATCACCAGGCGGCGGAAGGTGTCGCCGCGATCCTCGTAGTTTTCGAACATGT
NZ_AP019796.1_gap103	3324565	3327430	2865	CCGCACCTGCCGCCGCCCTTCGGCCCGTAGCGCCGCGCCCTCGCCCAGATAGATCCAGAGCATGCGCCCCACGATGGCCAATGGCCAGAGCGCCATCAGCACCAGCACCACATACAGGCGGGTCAGCATTTGATCGCGGGGCTCCACGGCACAGGCGCATAGGCTTCAGGGTTGCACGTGAATGACCACCGGTCCGTAGGTGAAGCCTTCCTCCAGACCCAGCGCCCGGGCGCGCTCGTAGATGACGGCCGGACTCGTGGCCCGGTCGAATTCGCCCTTCAACCGGTTGTACGTGAGCACCAGTTGCAGATGCTCGCGCCGCAGGCGCTGCACTTCCTGAAGCGCCTCCCGCGTGGCGTACACGTGCCACACGTAGGCGAGAAACAGCAATGCCGCGCCGATCACATACAGCGTGAGCCGCCGCGCCGAGAAGCGGACGCCCCGGAGCTGATCCGCCCGGGTCGTCTCCCGGCGGGCCAGCTCGCGCCACGACGGCCAGCGTGTCGTCGTACGCGCCGTCGGCCGTCTCGGACGGCCGGCACGACCACTTCGGTCTGTTTTTGTGCGTGTTCCGATCATGCGTTTTCCGTTTCCGCTACCCGTTCAGCAATGCGTAGCCGGGCGCTTCGGGCCCGCGGGTTGGCGGCCACTTCGTCGTCGGAGGGTCGGATCGCCCGGCGGGTCAGCGGCCGCCAGGGCGCGATCAGGCGCCCGTAGAAGTCACGCACGGGCTCGCCTTTCAGGTTGCCATAGCGCAGAAAGCGCTTCACGCGCCGGTCCTCCAGCGAATGGTAGCTGAGCACGGCCAGCCGTCCGCCCGGACGCACCCGGCGCGTGGCGGCTTCCAGTGCCCGTTCCAGCGCCTGCAATTCGTCGTTGACGGCAATGCGCAGCGCCTGGAAGACGCGCGCCAGTGTCTTGGTCGCCTCCTTTGGCGGCACCTCGCGCCGCACGACCTCGGCCAGTTCGGCGGTGGTGCGGATCGGCCGGGCCCGACAGATGGCGCGGGCCAGTTTGCGTGCACGTGGCTCCTCGCCATAGCGCCGCAGCACCTCGGCCAGCTCGTATTCGCTCCAGCGCTCCAGGAGCTGTGCGGCCGTCGGACCCGGACTCGTCGGGTCCATGCGCATGTCGAGCGGCCCTTCGGCCTGGAAGCTGAACCCGCGCAGCGCTTCGTCGAGCTGGTGCGAGGAGACGCCCAGGTCCAGCAGCAACCCGTCGATCTGTGCCACCCCGAGCCGGTCCAGGATCGCCTCCAGGTCGGCAAAATTGCCCTGCACGAGCTGGAGACGTCCGGCCTCGATGGCGTCGCTCAGCCGGCGGCGCACCGCCTCCAGGGCCTCCGGGTCCCGGTCGATGCCGATAACACGCCCTTCGGGCGCCAGCGCATCGAGCAGGGCGGCCGCGTGCCCGCCACCGCCGATCGTGGCGTCCACGTAGCAGCCCGCCGGATCGGTGACCAACCCTTCGACGACAGCCTTCCAAAGAACCGGTACGTGATACGGCGAGCCATAAGGCCCCGCCGCTCCGGTATCTGTATGCGCCGACCGCTCGCTCATCACGCCGCCATCACCCTTTCGGCCAGCGTCTCGTAGCTCTCCATTTCCCTGTTCACGAACTGATCGAACGTGGCCGGATCCCAGATCTCAATGTGATCGAGCGCCCCGATGATCAGCGCCCGATCCTTGATGCCCGCAAACTCCATCAGCGGCTTGGGCAGCACGATGCGCCCCTGCCGGTCCAGCGTGACCTCCTCGGCCCAGCGCAGCAGCTGGCGCACGAAGTTGCGCGCCTCGCGCTGATACAAGTTGAGCGACATCATCTGCTCTTCGATCTCCTCCCAGCGATCGAGCGGATACAGGAAGATGCACTGCTCGAAGCCGCGCGTGGCCGTGAAGGTCCCCTTGGCCTCGGGCTTCAGGACGGCCCGCATTTTGGCCGGAATGGCCACCCGGCCTTTCTCGTCCACGGAGTACTCGGCCTGTCCCTTGAAGCCCGCCATTGCGCTTCCCCGTGCAGGGTCCTCGCATTAAACCAGGGTCGTGGGAAAATTCCCCACTTTTCCCCACCACCCCCACAAGGTACATCTTTTTTTCAAAAAGTCAAGTTTTCTCATATAAAGAAAGCATTTTTCTTTGCCGCACCAGAAGCACCAAAAACAATCGTTCTGCTACAACAAAGCCATTTCGGGAAGTGAGGTGAAATTTTTTTCACCATATCATTCAGACTGGTAAAAATCTTTTCACCTGCTTATCTTTGGGCTCGACACGCTGTCAACCCATCCCGGCTTTCCCATGAAGGGCCGCCTGACCGCGCGACAGAACGAAGCCTACGAGTTCATCCGCACCTACCAGCGCCGCCACCACAAACCCCCCACCCTCCAGGAGATCGGCGAGGCGCTGGGCATCCGCTCCACCAACGGCGTCTTCAAGCTGCTCCGGGCGCTTGAAAAGAAAGGCTATCTCCGCCGGGACCCCGGCGCCGCCCGCGGCCTGCACCTGCTCGACAGCGACGATCCGTTCGCGCTGACCGACGAGGTGCCCAGCCTGCCGGTCATCAGCCGCACGGCCAGCCACGAGCCCGAACGCCTCCGCGCCCGACCGGCCGGCTTCCTCTCGGTCGATCCGTTCTTTCTGCCCCGGGGCCTCGACCCCGATGCCTGCCTGATCGGCCGCGCCGGCGACGACGGCATGAGCGGCGAAGGTATTTTCAAAGGCGATCTGCTCCTGATCGAAGAAGTGCCCTGGCGCACGCTGAACAACCGCGAGCTGGTCGCCTGTCTGGTGGGCGAATTGCTACTGGCCCGCCGCTTCGTCTTCGCCAACAACCGGATCCACCTCCAGCCGGCCAACCGGACCTACCTGG
NZ_AP019796.1_gap104	3329422	3330357	935	GAAGAACGGGATGTTCTGCTCCCGGGCAAAGCGCACCGCCTCGATCTTGCCCTCGATGCCGCGCTCGCCGAAGCCCGGCGCCACGAGAATGCCCGACACGTCACCCAGCAGCTCGGCCACGTTCTCGCGCGTGATCTCGTCGGAGAGCACCTGCTTGACCTCCACCTGCACGCCGTGCTCGGCCCCGGCCAGCACGAAGCTCTCCATGATCGACTTGTAGGCGTCCTGGTGCGTCACGTACTTGCCCACAAGGGCCACGCGCACGGTGGCTTTCGGGCTTTTCAGGCGCCGGAGAAAATCGATCCAGTCGTCCAGATCCGGCTCGTGCAGCGCCTGGCGCTCCTGCTCGTCGAACAGCCGCTCGATCACAATGGCATCGAGCCCTTCCTCCCGGAGCAGCAGCGGCACCTCGTAGATCGACTCGGCATCGAGCGCGGCGATGACGGCCCGCGGCTCGACGTTACAGAAAAGCGCGATCTTGCGCCGCAGCTCGGTATCGAGCGGATACTCGGAGCGACAGACGAGCACGTCGGGCTGCAATCCGTGCGAGAGCAGCGTCTTGACCGAGTGCTGGGTTGGCTTGGTCTTGAGCTCGCCCGCCGCCTCCAGGTAGGGGACCAGCGTCAGATGAATGATGAGCGTGTTGCGCTGGCCGAGTTCGTAGCGGAGCTGGCGGATCGCCTCCAGATAGGGCTGGCTTTCGATGTCGCCCACCGTACCGCCGATCTCCGTGATCACCACATCGTACTGGCCCGTCTCGCCGAGCTTGAGCATCCAGCGCTTGATCTCGTCGATGATGTGCGGCACTACCTGGACGGTCTTGCCAAGATAGGCCCCGGCCCGCTCCTTCGTGATGACCTCCAGGTAGATCCGGCCGGTCGTGACGTTGTTGGCCTGGCTGGTGGGCCGCCCCAGGAAGCGTTCGTAGTGTCCCA
NZ_AP019796.1_gap105	3439605	3440105	500	CGGTTTCAGTCAATCTTCTTCTCCAGGGGTCAACCCGAAAGGCGACCGGCAGGTTCAAGCGCCCTCGCCTGCTAAACACCAGGGTTCAGCATCGTGAAAATGTCCGGGACGTCTTGCAGTTCAGCCCGACATGCCGTAGCATTTGAGCGGGGTTTACGCTGGGGTAACATGCCCCCTTTCCACCACCCAGGCATTGTGGATAACCTGTGGAAAATTTACAGACCTGACCTGATTATTGGCCGCATCCTGCACCGCCGTCCTCTTCCTGTGGACGGCGTGTGCATTTTAATCAGAAAATAACGCGACAAAACTTGAAAAACAAAAGACTTGCGCAAAAACCTTGATGTGGACAACCTGTGGAAAACCTGGGAATTTTTGGAACGAACCCCACCATCCAGCCGACGTGAAATGCACAGGATGTGCATAACGTGTGCATAATTCCGGGGGTGTCCTCTGCAGACGCCCGCGCACCCGGCCACCGAAACGCCGCACAACCCGTT
