gap_id	start	end	length	sequence
NZ_AP021874.1_gap1	167490	172143	4653	TTGCCTGACCGCAGGCATGGTTTTCAAAATGGCTTCCGGGTCGGCCCGGTCGATGGCGTCGGCCAGCCGGGCCAGGAGGTCGTCAAGGGGCATGCCGGTTTCGGCGGACGCCTCGGGGAGGGCATCGCCGGGCCCGGTTTCCGTCAGCGAGGCGATCGATTCGAGCACCTGATTCAAACTGGCCGACACGCCGGCCACCAGGCCTTCGAGATGAGACGGCCGGACGTCCGTCGCCGGGATGCCGTCACAGGCGGTTTCAAGCGCACCGGCCGCCTGGTGCAGCCGGTGGGCGCCAATGTTGGCGGCGCTTCCCTTCAGGCCATGGGCCAGCTGACGCATCATCTCCAGGTCGTTGCCGGTGAGGGCGCGGTTCATTTCGCCGGCGGTATCCCGGTTGTCCGCACCAAACCCGATCAGGATGCGTCTTAGCGTGGGGCCGTCCAAATCCAGGGTTTCCCTTGCCCGGGCAATGTCGATCCCGGGCAGCCGGGACGGAAGGCGGCCACGGTGGTCAATCGGCGGCCCGGACGGCTGACGACGGGCGTCCGGGGATCCTTTTCCAGCGCCGGTCCCTGCGTCTTCCGCTGCCGTGGATGCCGACGCGTGCTCGCGGGTCCGCAACAATCGCCAGAGGGTGTGGAACAGGCGATCCTGGTTGACCGGTTTGGCGATGTAGCCATCCATTCCCGCGTCAAGGCACTTCTCCTCGTCGCCTTTCATGGCATGGGCCGTCATGGCAATAATGGGAAGGGACGCGCCCCGGGGCAGTTCACGAATCCGCCGGGTGGCTTCGTAGCCGTTCATCCGGGGCATCTGAATGTCCATCAGTACGGCATCGAACGGCGCGCGCCGGACGGCCTGCACGGCCGCTTCACCGTTGCTGACGATGGAGACGGCGATGCCGGCCCCTTCGAGTATGGCCTGGGCCACCTGCTGGTTGGTGGGGTTGTCTTCGGCCACCAGAATCCGGATTCCTTTCAATGGCGCACGATAGATGGAGGCCCTGGTCGTAAACGGTTTCTTCCAGCCGGCCGCCTTGACGCCGCTTTTGCCGAAACCGTCCATGATGGCGTCGAACAGGGTCGACGGGTAAATGGGTTTGGTCAGAAATCCGTTGATGCCCTCTTTTTCCGCCTTGATGCGCTGTTCCTGGCCGCCGAAAGCCGTCATCATGATGATGGGCATGGCCAGCTTCAACTCCCGGCGGATCATTCTGGAGGCCTCGATGCCATCCATCCCGGGCATCCGCCAGTCCATCATGATCAGTTCGATCGGATTGTTGCGCATCATGTTGTCTTTCAGCCGGCTCAGGGCCTCCGGCCCGGAAGAGAGGGCCTCCACCCTGAATCCCAGAGAGACCAGCATTTTGCGCATGATGGTCCTGCTGTCGGCCAGGTCGTCGACCACGAGCACGTTCAGGCCCTGAATGTCAGGGGGCACTTCCAGTTTGACCACCGGCCTGTCCTCGGGACGACGCAACCGCACCGTAAAGAAAAAGGTGCTGCCCCGGCCCACCTCGGATTGCACGCCGATGTCGCCACCCATCATCGTTACCAGCTGTTTGCAGATGCTCAACCCCAGGCCGGTGCCTTCGTATTGCCGCGTCGAGGAGGTATCCGCCTGGCTGAAGGGATCGAAAAGCCGATCGATGTATTCGGGGGCGATGCCGGTGCCCGTATCCTTGACCGAAAAGGCCAGCACCACCCCGTCCGCCGGCACATCGTCCATCGGTTCCGATGGTTCCCGGACATCCAGCAGGATCACGCCGCCCGGTTCGGTGAACTTTATGGCGTTGCTGATCAGGTTGGTCAGGATCTGCTGCAGGCGCAGGGGGTCGCCGCTGACGGTTTTCGGGGTGTCCGGGTCGATATCGACCAGCAGTTCGATGCCTTTTTCGGACGCCTTGCCGAGGAACACTTCCAGGACCCGGTCAAAGACTTCATTCAGCCTGAACGTGCGTTCCCTCAGTTCGTACCTGCCGGCTTCGATCTTGGAAAAATCCAGGATGTCGTTGATAATGCCCAGCAGCGAGTAGGCTGAACTCTGGATGATTTTCAGGTAGTGGGCGACACGGGGGGCCACCGCTTCGCCCAGGGCCAGATCCGTGGCGGCAATGACGCCGTTCATGGGGGTCCGGATTTCGTGGCTCATGTTGGCCAAAAACTCGCTCTTGGCCCGGGTGGCGGTTTCGGCCAGCTCCTTGGCCTGCTTCAGTTCCCGGTCCGTTTTCTGGTGCCGTTTCATTTCAACCATCAGGCGAACATGGGAGGCCTTGATCCTGCGGTTGAGTTTCAGGACCACCAGGGTAAAGGCACCCAGGAGGCAAAAGGCCGCACAGGCAAAAAAAATCAAATGCCCGTAGCTGTGCAGTACATCCGCGAAGGAGATTTCCCCCGGGTCCGCGTATGGCCCTGCGTTCAATTCCTTCAGGCAGTCGTGAACCGGCTGATAGTTCAGCGGGGTGGTCCACCCCGCACAACCGGCCGCCCGTGCCACAGGTGAATCCGGCGGCATCTGCAGCAGCGCCACGGCCACTTTTTCCGCCAGCCCGTCGGAGGTATGCCTGACCTTGGCCATGGGCCATCCGGGGTATTCGCGCGTGCTGCAGGAATAAGGCCTCGGCGTGCCCTTGTCATCCCGCAGCGGAATCACAAAATAATCGGCCAGGTCAATCCGGCCCCGGGCGCTGAGATCTTCCAGCGTATGGGTTCTCACCGTTCCGGCGTCGACCTGGCGGTCCCGGACCGCCGCCACCACCCGGTCGTGGGTTTCGTCAAAATGAAGTGCCTTGAAATCGCGGTGGGGATCGATCCCGTTCGCCTGGAATTCCCGCCAGGCCATGAGCCACCCGCCCAGTGAGAATTCGGAAACCGCCATGAAGGATTTACCCTTGAGATCGTCGAGGGTGCGAATATCTGTTCGATCGCTGCGGCAGAAAATCACGCCGCCGTAGCGGGTATACACGCCGCTGGCGTGCCGTTCTTTGAGTGTCGCGATGCGATTGGCCCCGTACCAGTGCTCCACGCCCACGTAAAATGCCGAATTGGCCAGGATGAAGTCAACCGCTCCCTTTTCCACCTGCGAATAGATCTGGTCATGGGCCAGGGGAACGATGGTGAACGGGGGGCCGGCAACCTGCCGGGTGAGGTAGTCGGCCGTGGGCGACCAGCGGGCCAGGCATTGCTGCCGCCCCCGGATGGCCAGCACGCCGATGGTCAGCGGCGTGTCTTCGGCCCCAGCGGCGCCCACGGCCAGGTTTCCGACGGCCAGGACCGAAAACAGGACGACGGCCAGCACGCCGATTCCGTATTTATGGGGGTCGCATCGCTTCATCGAACCTGGTTCCCGGCTTAATTTTTCTGTCGGCCTGCTGGTGGTGCCGTCGGGCATGACGGCCGGGGCGGACCATCCGGTTGCCGCAAGGCGGGCGCAGCAGGATGTGGCCATGGATATCCCGGCAATCACACTCTTTAAAGATACTTTCTGGCGGCTGAAAACACAACCTCCTTCCCGGGCAGGACGCTGCATCCGAATCCGGATGCCAGGACGGCAACTGTCGCGGCGTTGCGATTGCGGGGAGGCGGGCACGCGAGCCGAAAGCCATGAACGTGGCGGCTGGGATGGAGAAACAAAAAAAAGGGGAAGCGCCGGCATGCATCCGGCGTTTCCCCTCGTTGGTGCGGTCTCGGGTGGGGTGAGCGGTTACTGGTGGTCAGGAGCGGCTTCGGGGGCCTCGATGGCGTCCTCGCTGGCCGGAGCCCCGGCTTCAGCCTGACGGGCGGCCTCCGCCTCGGCTTCAGCATCGGCGGCGGCCTGCTCGGCTTCCGCTTCGGCGGCGGCAGCCTGTTCTTCCAGCATGGTGATCGTCGCCAGGTGGGCGGCAATCTTCTGTGCGTTGATTTCTTCCTGGGCCTTGTCCGTGGTCAGCTTGTCGGCATCTTTGAGAAAGCCGATGGCCGCGGTCAGGTCCTCAATCGTTCCCCTGCTGGCGGCCACGTCGGCCTTGTAGGTGAGAATCAACCGGTCGATGTTATCGAGCCGGACGTAGGCGGCGTCCCTAAGGGCGCTGGTTGATCCGTATTCAAGGGCGGTTTTCAGGGTGGCCTTGATGCCTTCGAAATCCGGAATGCCGGGTACGTCCAGAAGGGCGTCTGCCTTGTCGATGTAGTACGCGAAAACCAGCGGGTAGACATCATCCGAACGGTAAGTGCCTTTTAGGTCTTCAGGCGCCGGGACGCCGGGCAGGGCGATCAGCATCTTTTTGCCCAGGGGTGCGAATTTGCCTTTCCAGACCTCCAGGGCGCCCTGGTTTTCCGCCAGGTAATATTTGAAAGAGTTGGACGCGCTGGCGCCCACCACCAGCAGGATCAGGAACGCCAGGCCGGCGGCAAGCAGCTTGATGGAATTGTCCACCGGGTCCGACGGCTTTTGGGCCTTGGCCGGGGCCTTGGCCGTTTCGTAGGAAACCGATACATCGGACTTCTGGGCGGCGGCATTCTTGATCGCTTCCGCCTTCTCCGCGGCGGCCTTCTCCGCAGCGGCCTTCTCTGCGGCGGCCTTCTCTGCAGCAGCCTTCTCCGCGGCGGCCTTCTCTGCAGCAGCCTTCTCCGCGGCGGCTTTTTCCGCGGCGGCCTTCTCCGCGGCGGCCTTCTC
NZ_AP021874.1_gap2	173718	174966	1248	TCGCTGGGCGACAACCCTGCGGCCGAATCCCGGTGACGGTGACGGGCCGGGCAAGCGGGCGGCGGGTTGATTTGACCTTCATCGCATCCTCGTTTACAAAGACCTCCCTGGACGGAATCGGGACCCGAGCGAATAATGATTCTGATTTTTCATTGATCTTCAAGAGGAAACCATGACCGATCTTCTCGTTAAACTGTATGACCTGCCCGATGTGGGCCCCTGCCTGGCGGCCCTGGCGGACCAAGACATCGTCGTGCGCCGGGCCATGGCCAGTGAACAGCGCCTGGTGGTCGGGTGGGTGCAGAAAGTGTTCGGCGACGGGTGGGCCGCCGAGTGCAATGTGGCCTTTTCCCGCCAGCCGCTGGCCTGCATGATTTCCGTTTCCGGGGGCCGGATGACCGGCTTTGCCTGCCATGACAGCACCTGTCTCAATTTTTTCGGTCCCATCGGCATCGATCCCGCCTTTCGCCACAAGGGCATCGGGCAAGCGCTTTTGCTGGCCACCTTGAACGACATGGCCCATGCCGGCTATGCATACGCCATTATCGGCGGCGCCGGGCCGATGACCTTTTTTGAAAATTGCGTCGGGGCCTTTCCCATACCCGGATCGACCCCGGGGATATACCGGCCGCCCATAAAAAAAACCTAACCCGGCCGCAAGCGCCGTTTTCACTTTTCATAGGGAAGGTGACATGTCCTTTACCTGGTTCGTGGGCGCCCGCTATCTCAGGGCCCGGCAAAAACAGGCTTTCATTTCGCTGATTACGTTTCTGGCCACTGCCGGCATCGCCGTGGGGGTCATGGCCCTGATCGTCGTCATCGCCGTGATGACCGGCTTTGAAGCGGAACTGCAAAACCGCATCCTGGGCATCGAATCCCACGTGCTGGTGATGCGGTACGGAGAAACGGTTTCGGACATCGATGCCACCGTCGCCGCCATCGAATCCATCGACGGGGTCCGCTCGGCTTCTCCGTTCGTTTATACCCAGGTGATGCTGCGGAGCCCCCACGGGGTGACGGGGGCGGTGTTGAAAGCGCTGGATCCATCGCGACCGGGGCCGCCCATTGTCGTCCGGCACAACAGGCCCCTCGCCCGGGTGCTCAACGATGCGGCCCCCGACGAATCCGCCGGAAAGGCTCCCGGCCTGATCGTCGGGGGCGTGACCGCCGAAAAGCTGCAGGTTGCCGTCGGCGATCCCATTTTTCTCATATCGCCATTGGGAAAGGGGGCCGGGGCCAGCCAGATGC
NZ_AP021874.1_gap3	178468	179011	543	CCTGCCGGCCATCGAGGAGTTCATCGGCCGGCCGCTTCACTGCATTCCGCCGGAAGATCACTATCTGGAACTGCCTCCGGCCCCGCGACGGCGCAAACCCAGCTCCCAGGGCAAGCCCGGACACGGTCCCGGCAGGGGCGGGCAGGGGAGACGACGACGGCGACCGAGCCAGGGCGGCGGCGGTCCCAAACGGCAATATGGCAAGCGTGGCGGCCGCCCCAAGCGCTCCGGAGCCGGAAAGCCGAGAAGGACGCCGCCTGCATGACCCCACGTGACTGCATGATCAATGTCATGGCCGATCTTATCGGACTGGACGAGACCTACACGGGAGACCGGCTCAACGACCCAGCCGTCTGGGACCGGTTCATGGACGAGCTGTTCAGGCGCATGGACGCGGTCGAGGACGAGGGCATACGGCAGACGCTGAACAGCATCGACACCGATGAGTTTCAATCCTGGATCGATGAGCCCGGTTTCTGGTCAGCCATCCAGGCGGAGATCGCCCGCCGCCTGAACGTGGTGAAAACCCTCCTGCCATCCCGG
NZ_AP021874.1_gap4	190256	191227	971	ATCCAAGCATGGTTAACGTTTACAACCATCGATGAAAAGGGTAAATAGGGGCTGTTGTCCATAGAAAGCAGACGCCATGAAAATTCTCTCTGTTTCCGATATCGTCGTTCCCGAATTGTCCGATCAGATGGATGCGGAGCAGTTCCAGGGGGTCGATCTGGTCCTGAGTTGCGGTGATTTGCCACCGGAATATCTGACCTCCATTCGTGAAAACCTGGATGCCCCCCTGTTTTATGTGCGCGGCAACCATGACATCCGCTATAAAACCGCCCCCCCGGTGGGGTGCGTGAACCTTCACCAGCGGCGGGTTTTATTCAAGGGGTTTCGCATCATGGGCCTGGAAGGATCGCGATGGTACAACGGCGGGCCGATTCAGTACCGGGATTACCAGATGCAGCAGATGATCTGGCGCATGATGCCGGGGCTGTGGTTCAGGGGCGGGGTGGACATTGTGATCACCCATGCGCCGCCCCGTCACGTCCACGACATGGAAGACCGCTGCCACCGGGGTTTCAAGAGCTTTTTGAAGCTTATCAGCCGATTCAAGCCGCGTTATTTTATCCATGGCCACATTCACGCCCACTTCACCGATCCCGCCCAGCGGGTGACCCTTTTGGGGGATACCCGGGTCATCAACACCTTCGCCTTTCATCTCATGGAGGTCAGTCATGAGTAAGTTTATGGAATTTTTAAAAAGGATTGGCTTTGTCAAGCATAACAGCGAAGCCAAATGTTTCCGGGCCAATCAGGAATGCGAAGGCGCCTTCGACCATATTGACCGGGGGATCTGCAGCGTCCCCCTGTCGCAGATCGTCGGCAGTGTGGGGCGATACCATGATTTCGACAGCCAGTTCAAACTCAAGGAACACGTGCCACCGGACCGGTTCGTCAGCGTCAAGCAGGCCATGCGCCAGGGAAAATCCCTGCCGCCGGTCAAACTCTACCAGATCAAGGATGAATACTACGTCCTG
NZ_AP021874.1_gap5	220557	224798	4241	ATATGATGAGCAAGGATTTAAAAAAGCGTGGATTCAACTTTGTCGGTCCAACGATCTGCTACGCATTTATGCAGGCAGTCGGCATGGTGAACGATCACACAACGGATTGTTTTCGACACGAGGAACTCAGGACATTTGTCGGGCCATGAAAATTCAACCTGCGCGATAAACCCTGCCGCTGATTAACAGATGTTGGAAATCCGGAGAAACATCATTGACAGTATCAGATGACTTTCTTGAATATGTTCTTGATCAACTCTCGGCGTGGAGCGGCGTCACTGCACGAAGAATGTTCGGCGGTGCCGGACTCTATCGTGACGGCAGGATGTTTGGTCTGGTCGCTGACGATGTTGCCTATTTGAAGGTTGATGAAACAAACAAAGACAAATTTTTGGCGGCAGGGTCATCAGCTTTCAGACCGTACCCAGATAAGCCAACAATCATGTCATATTTTGAAATACCCCCGGATATCCTGGAGGATCCAGAGGCATTGATAAGATGGGCCGAAGAATCACTGTCCATCCAGAAGAAACGGAAATGACGTTCCCAGTACGGAAATGACAGAAACACTTTCACTGCAACAAGCCAGAAAGCTGGTGTTGCTGTCACAGCGGCTGCCGCCGGCAAAGCAGGCCGGTCGAGCCATTGCAGCCACATTGTCAGCGATTGAACACCTTGGCTACATCCAGATCGATACGATAACGGCAATTCGGCGTGCCCATCACCATACCCTGTGGAACCGCAACCCCCGCTACAAAACGTCCCACCTCAATCAGCTGGTCGCCGATAAACAGGTTTTCGAATACTGGGCCCACGCTGCCGCCTACCTGCCCATGCGCGACTACCGGTACAGCTTGCCCCGCAAACAGGCAATCGCAAACGGTGATCTGAATCACTGGTATGAACGCGATGAGCGGTTAATGAATTCGGTGCTCGATCGCATTGCTTCCGAAGGCCCTTTGATGGCCAAAGACTTTGAGCATGCCGGAAAAAAGACCGCCGAATGGACGAGCAAACCCGCAAAACGCGCCCTGGAATATCTGTTTATGCAAGGAGAACTCATGGTTCCCTGCCGGGTTAATTTCCACAAGGTTTATGACCTCACCGAACGGGTATTGCCTGAAGACACTGACACCACCGTGCCCAATCCGGAGGAATATGCCCGTTTTCTGATTGTCCGATACCTGCGGGCAAACGGACTGGGAAAGTCTGCCGAAATCGCCTATTTGCTGAAAAACACCAAACCGCTTGTTTGGGCTGCCTTGCAGGAAATGGTTTCGAGCAAAGAATTATTACCGATCAGGGCCGGCGGCAGCGGTTATTACGCGTTACCAGCATCCCTGGACCTGCTGAGCAGACCGCTGGCTCGCAGCAAGCTTAAAATACTCTCGCCATTTGATAATCTGCTTATCCAGCGCAATCGCATGCAGGTGCTGTTCGGCTTTGACTATCTGGTTGAATGCTATGTCCCCGAGGCAAAACGTCAATACGGCTATTTCTCGCTACCCGTTTTATGGGACGGGAAACTGGTTGCACGAATGGACTGCAAAACCGAGAGAAAAAAATCACTTCTGCATATTCATCATCTTGCCCTGGAACCCCGCCTCAGAAAAATTGATGCCTTTAGCCTTGCCCTGCATAAAGAGCTTGCACCGTTCCTCCAGTTTAATAACTGTAACCATCTCCGGTTACACCGAACCACCCCTGCCAATTTAAAACCCGTGCTGCAAACCGTACTCGACAGTTTAACGATTTGAAATTTTTGCCCTGGGCAGACGGCTCCAGGGGACAGATGACGAGAGCCTGCGTTAAAACAAACGCAAACGAGGGCATGCGTCGGGTTGGAGCAGGGATTTAGGCATTGACATATCGACCGCCTGCGGTAAGGATGACGGCTTACTGATGATGCCGCGCACTGTTGAGTGTGACAATCTCTGTGTTCCTTTTTTCTGACGCTGAATCTGAAACGGAGGAATTGATGAGAAGAAAAGCAATTCATGTCATGTTGGTTTTGTGGTTGGCGATGTTTTGTGCGTCTACGGCAGCCCTTGCCCAGAATGGAGGCCAAAACCGTTTAGCAGACGCCCTGAAAGAACTGAACGAAGAAGTAAAGGCTGTTTCTGCCAGGCTTTAGGCGCTTAAACACCAGCAGGCAATACTGATGGAAGACGCCGGCCTCGCAAAGCAAAACGATCCACGACACCTATCGGTGAGTAAAGACAGCGATACACCCGGAACATCCGACGGCACATCCATTCGTCTGGAAGCAAGCCTCATTAATCTCAAACCGAATATTAACGCATTGGATTACGCGATAGATGACCCGGACAGTTCCGGAGACCCGAACGGAGAACTTTTTCGGGTGGAACCGGACGAAGAAACCGGTTACAGATATGCTTTCTGGGTCAATACGCCAAAGTTGCCATTTGAGATCGGCATCCGTCACTCCGATCTGGACGGAACGTGGCATTCGGAAAGGGAGGATGATGGGGCTGGGGCGCTCTGGCATACCCGCATGCACCCTGATTCCAGCATCGACAGCGCGATCACCAGTGCCGATGCGACCTATGACCTGGATTACCAGGTAACCGACATCGAAGCCAGAAAACACTTTACACTGTTTGACAGCGTAGACGGCGCTTTTCTCGGCGGCATCCGGTTTGCCCGAATTGAGAGTAAATTCTATGTCGACTATGTCGATGGCGGCAATGAGGCGCGCTTTAATGAGGAAAGCAAGACAAGCGGATTCGGTCCATATATCGGATTTGAGAGCGGCTGGCAGTTACCATACGGATTTCGTCTGGACGGAATGATCAACTTCTGTCTTCTGCATAGTGATACAGATTTTGAAGCGAATGATGATGTAGACGAAGGGAAAATCACCTCCACGGAAAAAAACATGGTGTTTCAGGGCGTTGTCTACACACTCGGTCTTGAAAAACGGTTTTAGCCCACCGGGAGGCTGTTGAAATGCCGGCAGCGTCGTGTCTGTATAACGCCCGGCAGGGAAGGTGGGTTTATCCGTCCCTGTTCTGACCGGCCGAACCGACAGATACGGATCCGCATGTCCGGTGGTGTGCAAGGGGGGGCGTGAGGCCTCCCCCCATGCCTGTATGACGATGCGCCTGTCGGGTAGATTTGGGGAGTATTAACGATATAGGAAGCATTTGCTGTTTCTCCTTCAGTCCGGGAGAAGACAGCATGATCCAGGTACAACCTGCCGGTATGGCGAAAGTGCTTCCGCAGGTTGGTCAATGGGCAAATTCCGGATCATACCTTATTTTGTAATCAGCCATTTTTCTACGGCGAAGCCATCCCAATGCTTGGGAGTCGACAGTCATGCTGATCCTTTGAATATCCTGAGGGCAGCCCGCATGGTAAAGCCGGTCAAGGCCAGGAACAACAGGCCCAATCCAATGGGAACGATGATCTGCATGGGAAACAGGCGTAGCCCGTCCGGAGTGGTCGAGTTGAGTTCACGGGACATGATGGCCAGATCAGTTGTGGTATGGATGAGAAAGCCGATTAAGGCCAGTGAAATCAGCCCGCAAGCCAAGTCGAGCCAGGACCTGAAGGTGGCGGGCAGCCGGTCGTAAAAGAACTTGATGCGGATGTGCTTGTCTGCGGCCAGCGTGTGGCCAGCGCTCATGATAACGATGAGGAGCACGAGATAAGCGCAAACCGAGTCGCTCCAACCGGGAGTCCAACCGAAGCCGTAGCGCAGCACAGCACCAGAGGTGACCAGCACGACCATGGCGCAGAAAGCGATATTTGCGACGACACTGCCACTTTTAAGCACGATTTTTTCAAATTGCCGGCAAAAAGCAACGAATGACGAATTTTTCATGGATGGTTTTCCTTAGTTTCGTTTCCATGGCCTGACCGGCAGGCGCCTTTCCAGTGGCGATACCACCGGGGCGAAACCTGCCGGCCCCAATTTCGACCATTCGGCTGCAACGCAATGTCAGTTGGTCTCGTCCGGGAGATAAGGTGCAATGATTTCAGCCATTTTTTTCACATTCGGATTTTCAGAGCCGGCGACGAATTCCTTGTAAGCCGTCAGTGCCGCCTGCTGGGACCGTTTCATGTCCGCATCGCTGAAATACCGGATCGTCATGCCTTTTTCACGCATCTTTGCCAAATAGGCCTCCTCGGTCCTGGGGTCCGTGGCCTCGCAGGCCCCCTTGCGAGAGGCATCCAGGGCGGTTTCGCGGACGATCTGCTGCAGGTCTGCGGGGAGC
NZ_AP021874.1_gap6	230070	234985	4915	GCTGAATCCGAGGAGAATCAAGCGACGGAACGGTGCGCCTTTCCCCGAGTGGGACAACTTGAGAACATCATCGGTGAAAGCCCGGCGATGATCACCCTGAAAGAGCATATCCTTAAAACCGCCGCCTGCGATTCAATCGCGTTGGTTCAAGGGGAATCGGGGACAGGCAAAGAACTGATAGCCCAGGCCATTCACAAATGCAGTGCCCGCGCAAGAGGTCCCTTCATCGCCATCAACTGCGGCGCGATCCCCGATGCGCTCCTCGAGAGTGAATTGTTTGGCTACGAAGGGGGCGCCTTCTCCGGCGCCAACGCCCAGGGCCGCAAAGGGCTGTTGGAAATGGCCCATGGTGGAACCGTTTTTTTTGATGAAATTTCCGAGTTGCCTTACCCGCTGCAGGTCAAGCTGCTACGCGTACTGCAGGAACGCTCGTTTCGCCGGATCGGCGGTCAATGCTTGATACAATTCGACTCACGGGTGATTGCCGCCAGCAATCAAAACCTTAGCGACCTGGTGCAGACCGGTAAATTCCGAAAGGACCTTTACTACCGGCTCAACGTTGTACCAATAACGGCACCACCGCTTCGGGAACGCAGGGAGGATATCGGTCTACTCGTGGATTATTTCATAAAGGCTTTTTCTACAGAGGCCTCAGGTAAGATCACCGGCGCCACCAGACAGTTAATGAGGCGTTTTGAAGGGTATGCCTGGCCGGGAAACGTGCGCGAGTTAAGAAATTTCATCGAGTACGGTGTGAATTTCTGCCCACCAGGTTTACTTACCCTCGAGCACCTGGCGCATCGCTTTGAAAACTTACTCCCCGTTGCTGGCGGGACAGAGCCGGATAGCGGCCGCGAGATGGATGAACGGAAAGCCGACGTGGTGAGGCTTTACCATGCCCGCAAAAGCGTGGAACTGGATCAGGTCATGAGAGCCTTGGCGATTCACGGGAGCACTGTTAAGGGGAAAAAGTCTGCGGCCCGGCAACTTGGTATCAGCCTTTCAACGCTCTACCGGATTTTGCGGGCGCAGACCGAGCCGAAGCCGGGGTCGTGCTAACCAATTGACATTGCATAGATATTGGCTAAAAAGACCTTCCATGCAAGCTTGATCCACAGTTTTTATCCCTGAAAACACCTGATTAAGGAAAGCGTTGTAAAATGGCCCGTGCAAAAAGACATTGTGTTCCCGGTCATGCATGGCATCTCACCCACAGGTGTCACAAGAGAGCCTTCCTACCAAAATAAGGAAAACCAGTGCTTATTGTCCTGTCAGTCGGGCAACTCTGTCCCTTGGTTCATGATATCCAGATATCCTGTGTAACTGAAAATCCGATTTCGTTTGAGGGAGGTCAGTTCACGGACAACCCCCAACCGTTGCAGATGGTCCAGGGATTTGTTGACCGTGGCCGGCGTGATACCTGTTTGAGTTTCCGGTAATTTCCGGGGACGGGCCAAGTCAACTAATTAAAATAAAAGTTAAATTGTTATAAAAGATGGCCGAAATACCCTCTATATTGAGATTTTTAGCGTCAAAAATTGCGATATAGGATGGTTTAATGGCACGGGCTAAACGACATTATGTTCCGGATCAAATCTGGCACATTACCCAAAGATGCCATAAACGTGAATTCCTGCTGAAATTTAAACAGGACCGTCACCGTTGGATTCAGTGGCTCTTCGAAGCGAAAAGGCGTTTCGGGCTGGTGGTATTAAACTATGCGGTGACATCAAATCATATCCACTTGATCGTGAAAGACGACAGCGATCACAGGACTATCCCACAAGCAGTTGGGCTGATCGCCGGAAGAACCGCCCAGGAATATAACCGTCGGAAACACCGGAAAGGGGCCTTTTGGGAAGATCGATACCATTCAACCGCAGTTGAAACCGGTGAACATCTGCTGCGGTGTCTGGTATACATCGATTTGAATATGGTTCGTGCCGGGGTTGTCGACCATCCATCGAAATGGCCTTATGGTGGGTATAATGAAATCCAGAAGCCACGGCGAAAAAATATCATCATTGCTTACCAAAGGCTGCGGGAGTTGGCTGGATTCAAGGATTATGGAACTTTCGCCTCAGCCCACTTGAAATGGGTTCAATCCGCCCTAAAAGACATTGACGCCAAACGGGCAAGCCGATGGACGGAAAGTATTGCCGTGGGGAGCAGACCGTTTATCGAACGCATTAAAAACGCCATGGGGGCGATGGCAAAGGGCCGCTCCATCCAGCCCACCGAAGGGGCATTTGAATTGCGGGAAGAACAATCCGCCTATAATTCGATTTTTGACCCCAAAAATCGCGATATAGACCCCAATTAAGCCCTCTATTACAATTATTATTTTTTAATTCCTGGTGTTTAGCTTGGCCCGTCCCTGATCCCGTTCTGGTGTTTAGCTTGGCCCGTCCCTGATCCTCTAATGTTCCGGATCAAATCTGGCACATTACCCAAAGATGCCATAAACGTGAATTCCTGCTGAAATTTAAACAGGACCGTCACCGTTGGATTCAGTGGCTCTTCGAAGCGAAAAGGCGTTTCGGGCTGGTGGTATTAAACTATGCGGTGACATCAAATCATATCCACTTGATCGTGAAAGACGACAGCGATCACAGGACTATCCCACAAGCAGTTGGGCTGATCGCCGGAAGAACCGCCCAGGAATATAACCGTCGGAAACACCGGAAAGGGTCCTTTTGGGAAGATCGATACCATTCAACCGCAGTTGAAACCGGTGAACATCTGCTGCGGTGTCTGGTATACATCGATTTGAATATGGTTCGTGCCGGGGTTGTCGACCATCCATCGAAATGGCCTTATGGTGGGTATAATGAAATCCAGAAGCCACGGCGAAAAAATATCATCATTGCTTACCAAAGGCTGCGGGAGTTGGCTGGATTCAAGGATTATGGAACTTTCGCCTCAGCCCACTTGAAATGGGTTCAATCCGCCCTAAAAGACATTGACGCCAAACGGGCAAGCCGATGGACGGAAAGTATTGCCGTGGGGAGCAGACCGTTTATCGAACGCATTAAAAACGCCATGGGGGCGATGGCAAAGGGCCGCTCCATCCAGCCCACCGAAGGGGCATTTGAATTGCGGGAAGCACAATCCGCCTATAATTCGATTTTTGACCCCAAAAATCGCGATATAGACCCCAATTAAGCCCTCTATTACAATTATTATTTTTTAATTCCTGGTGTTTAGCTTGGCCCGTCCCTGATCCTCTACCGAACAGTGCGCTCCCCGTACCGTGAGAAATGGTTTAAAGCCAGGGGAAACACAAAAAAGGAGGTTTGTATGACACAAGAAAAGGATGAGACCGTCGCTGTTTTCCGGTTCGGGGTCATTCACGAGTTTGTCGGCACGACGAACCTGACCAGAAGCGAGAAACGGCGACTGTTGAGGGAGAAGTGCGAGCGCAAATGGGTCATTCCCTATTCCAGCCGAACACGGATCAGCGAAAATACGATCTATCGCTGGATTCGACGTTACCAAAAAAGCAACGGCCGTATCGAATCGCTGTATCCCGGGAAAAGAGGCGATCAGGGTAGATCCCGAAACTTGGACGAAGAAACAGTCAACATCGTCCTTGCCACTAGACAAAGCCAGATGGCAACGCCAGTCCCGATGCTTTTGGAAAGTCTCAAACGCCAGACAATTGTTCCTGCAAGCTTTGGTCTTTCCACCCTCTATCGGCTGTTTCACCGACACGGGTTGATGGATCAATCCCCCAAACCGGAGGATCGAAGAAAGTACGAAGCCGAGCTGGTCAACGACATCTGGCAAAGCGATGTGATGCACGGACCCAAGGTGGTGGTCGATCAGAAAATGCGAAAAAGCTATTTGATCGCTTTTATCGACGATCATTCCCGATTGATCGTTTACGGCGGGTTCTACCTGTCGGAGAACCTGGCCAGTTTCATGGATGCTTTTGAAAAAGCACTTTCCAAACGAGGATTGCCGCGAAAACTGTACGTGGACAACGGCGCTGCCTATCGCAGCCGCAAACTCGAATTTACCTGTGCCTCACTGGCCATCGCCCTCATTCATGCAAGGCCGTACAAGCCCCAGGGCAAGGGCAAAATTGAGAGATTCTTCAAAACCGTTCGCGGTGGATTTTTACCTGCAGCCGATCTTTCCTCCCTGGAACGATTGAATCAGTCGTTTGCCCATTGGCTCGATACAGCCTATCACCAACGCATTCACAGCGCCACCGGCATGACGCCCTTTAACCGGTTCAGCAAAAACCTTGCCTGCATCCGAACGGCACCGAAGAACCTGAACGATCACTTTCGCACCGCCGTATACCGAACCGTCGCAAAGGATCGAACCGTCACACTCAACGGCAACCTGTTCGAAGCCCCGGTGGTATTGATCGGCAAGCGGGTGCTGATTTTGTATCACGAAAGCGAACCGAAAACGGCTGAGGTGTTTTTCAATCGGAAGTCCCACGGATTGTTGGTTCCCGTGGATCTGCATGTTAACTGCCGGGTAAAGCGGGACAAGAACATCAATACCCAACTCGAACCGGCCCACAAGACGGATTATCAGGGAGGCGGTCTATGGAAATGAATACGCCGTATCTGCCGTTCTTCGGTTTTGAGAAAGAGCCCTTCACGGCGGATATCGCGGTGACGGATATACTTGAAACGGATCAACTGGCGGCAGCGAAGAACCGTTTCGATTACAGTTTGGGGTTAGGGGCGATTTATCTGATCACCGGTGAGATCGGCTCCGGTAAATCCACAGCCATCCGTTATCTGGTAAACGGTCTGCATCCTTCCGAGTACAAGCTGGTCTACGTCACAGCCACGTCCGGTTCCATCCTGGAACTGTACCGCCTGATCATGGGAGAACTGGGAATGAAACCTGCCGGGACCTCCCGTGCGGCCATGACCGATGGAATCAAACG
NZ_AP021874.1_gap7	242046	242965	919	CTTTTCATCTGTAACCCCTTGTGATTATTGGTACGCCCGGCCCGATTCGAACGGGCGGCCTACGGATTCGAAGTCCGGCGATACAACTTTCAAAATAAACTCACAAGTTGTTTCTACGATAAAACTCAAAATCTGTTTTTTGGAAAATTAAATTGGGTTGGCAGTAAGACTACCGTGCAAAAAGTTGATTCAAATCGATTCCAATTATGCCGAACAACCCGAACAACATCCGAACAACAAAAAAAGGATGTTAAAATTAATTAACATCCCTATTTTATTACCAAATTTTGGTGGAGGGCTCGCCGCCTTCCAAAAACTTAGTCTCCCCAGCGCCGATACATTAAAAGTCCTTTATTTACAATGCCTTGAGAACCTCTGAGTCACGTTCTCCGCATCCCTACGGGGGAAATCCTTTTCTCCACATTTTCCCCAAACAGAGAACGGACGTGGGTTCGATTCCCGTTTGCATATCAAACGCGGTGATATCGCAACTCAAGTCTCCATTATTTCGTTCTCTTTGTTTATGCATGACCCTCCCCGTGAGCAACCCTTTTTATAACCGTTCTCGTTCTCCCGCAGTTAACTGAGAACCTCTCGATATCAATGGGTTATTAAAAATCCAGTCGTTTAGTGTCAGACGGAAGCGTTTTTAACGTGGACTTCCTTGAGGGAAGGATATCCACGAAACGCACGCGTCGCGTTGAGCAGTGCTAGCAGGGCGGTACCCATATCAGCGAAAACAGCCTCCCACATGGTAGCCAAACCAAAGGACCCGAACAATATGAATATCCCCTTAATGGTCAGTGCCAGCACGATATTCTGCAAAACAATTTTTCGGGTGTTCTTAGCGATGCTGACGGCATCGGCCATTTTTGTCGGAGCGTCGGTCATCAGCACCACATCGGCGGTTTCGATGGCG
NZ_AP021874.1_gap8	270750	272940	2190	CGGTAACCAGGTTGCCTGTGCAAGCCGCATCCTCGGTGAACACAGAGGCGTCTGCCTGCGGATTGCAGACAGCGATACGCAGACCGGCCATAGCATAGGGCTGGTTCAGAACGTCCGGGTCCCAGTAGAGAATCCTCAGGCGGTCAGAGGCTTCCAGGGCGCAGACGACATGGTAGCCGTTGGTCGCGATACCGGTGATCTCTTTCTCGTTATCCCATGTGATCCCGTCATCGGAAAAGGCGCAGCTCATGCCAGCACCGTCAGCGTAGTAGGCGACGAAATCCCGAAGCCCGGTCCCGTCGTGAAATCCACTGGGAGAACGAAGGACACGGACGTAATAGGCCCTGTCCGCCGTAATGGGCAGTGCATGGGGATAGTGATGATCGAACACGACCGGTGGCATGCCCTCTGGGGCTTCCGCACCTGAAGGGACGAGCAGGAGTCCGAGATCGAGGGCCCGGACAAGGTCCTCGGTCATGGCTGGTAGGCTTGTTGTTTTTCCCGGTCCGAGCGTGCCCGGCAGGCCGGGGAGTTCCAAAATGGTGTCGGTGTTGCTTTGAATTGTAATGGTCATGGTCATATCCTCTCAGAGTGGCTGACGCCGGAATCCAACAGCTTCCGGTTAATCCGCTTGGTTTCGGTTTCTTCCTGCTGAATGCGCTTCATGATCTCGGTAAAGGCCTCAGCCTCTTTGCTGGGAAGATCGAGCTCCGTTTCTATCCGCTGAAGCCTTGCATTCAGGTTCGCAATCAATTCAAGTGCGTTGTCGCGGATGACGCCGTCGCGTTTCTCACGCGGGGAAGGGATAAACTCGGTCAGTCCGCCTTGTTGTCTTACGATCATGGGCATTTCTCCATCAGCTCAACGTTGCCCCGAGGGTGTGAATCCGGGGATAGACCAGGTTGTTACCGGTCATTTCCGCCTTGTAGCGGACCTCGGTTCCGCTCGGATCGGAGAATGTCCGGGTGAGCGTGTACTCGGTCCACTCCTGATCGATTTCGCGTGTTGTCTCGATTGACATGGGCTCCCAGGTCGCGCCGTCGTCGTTGGAGGTGAACCAGTTGAGGCTGGTACCGCTGGGGATGTTCATCTGCGTGTAGACCTTGGTGGATTCCACTCCCTGGGTCAGTTCGTTCTCTCTGGAGATGTAAGCCCCGGTCGTGTTGTTCAAATGCCCGATCAGGTTCACGTCCTTGTAGTTCAACGCAGGCGAATCATTGACCGCGGTACTTTCAAAAAGCGCCCGCAGCAACACATCGTTTGCGATGTTCGGCAGGTTTTCCTCCTCGGCGGGTACGATAGCGTCCCAGGTGGTTCCACCATCCGTGGAATATTCCCAGACGATGCCGGTGCCTTCCGGGATGGCCGAGTATTCATCAAGATTGAGCTCGCTGAACTGCGCACCGGTGACAGGCTGGAATCGAACCTCGCCGGACGGCTGGAAATCGTATCCGTAAATCTTTACTGTAAGATCGGAACCGTTGAGCGGGGTCCAGGTCTCGGCATTGGAGCTTTCCAAAAGCACACCCTGGGCATAGGTCTGCTGGGTGATGACGCCGTTTTGCCCCATCTGTCCCAGCGTGGCGATGCGCACGCGATAGTTGGTACTGTTGGTGAGCAGCACCACCGCGTAGCTGGTGTTCGCCTCGGCGTAGAATGGGTCGTCGAAGGTGATCTTGGTTTCGCCACTCAGGCTGATCTCATCGGAAGAGACCACCTTCTCGGCCATAACCACTTCGTTGGGCAGGCCGGTGGTGACACCGCGAATCTGAACCGTCACCGGGATGGACGCGTCCTTTTGAGTGAAATGAACGCCCACAGCCGAGACGACACGGTTCTGGGTAAAACTGAAGGTCTGGGCCAGCGGGTCGCGCCTGCGCCATCGCCATCTCCAACGCCACACCGTCCGAACGACCGGCACCCGGACGATACGCGGCGGAACCCGTTGCACGATGGTTTGTCTGCGCACAATGGTGCGGTTGACCACAATGCGCTGGATTCGTGTGATGACCAGCGGATCGTTGACCTGCAGGTTGGTCTGGGCCGAATAGGTGCCGTCGGTTACTTCGACAATCCGGTCGCCATTACGGACATTGGTTGGGATAACAAAGGATGCGTTCACCCGTCCGGCAGCGTCAGCCGTGAGGTTGGAAGCGACCACTTGTCCGTCGCAGCGTACGGTGACATCTG
NZ_AP021874.1_gap9	324087	325234	1147	GAATTAGAGGAGGGAAATTTTTCTTAATTTTTTTTACCGCCCCCGGTGAAATTTCGTTGGCTTCGGTGATTTCACCGGAAACGGGCACAAAAAAAGCCGCCCGCTAAGGTCGGCCCATGTGTCGGTTTAATATGTGGTTTATGGTCAGGCTGAAGTGAAACCGAACATGGCCCGTTGCTCATCCCAGTCCGTGGGGAAGGTTTTGGTCAGTTTGGCCAACGACAGACCGGTCGGCTCCTCACCGTTCAGGATTGCCTCGACGATGTCGGGGGCGAGCGTGGACAGCTTCAAGATGCGGGCGACATAGGAGTTATCCACATCCAGGTTCATCGCGAGATCACTGATGGACTTGACCTCGCCGCTCTCAAGGATATCCGCCCAGGAGGACGCTCGGGCCAGTGCCTGCACGATGGCGGTCTGCACCATTTCTGGGCTGTCAGGAACATCGCCGTCAAGGGCTTTGGGAGCGATGATGACCTTCCGTCCGCGCATCCGGCGGATCAACATCGGAATGTGGATATGCAGATTGCCGGTCTCGGTAACAGTGATGGTCGGTTGTATGTTCATTTGCCGTTCCTCCGTTCCTTGACTTCACACGCCAGTCCGGTCAGCTCGGTGATGAGGCTCGTCAAGCCGTTGGTTTTCAATTCCATATCGATGCCGGTTTCCCTGATTTTCACGCTCTCTACCAGCATTTTCACAAGCCGATTACGCTCCAGGGGAAACAGGTCTTCCCAGAAGGTCTCGATGCTCTCAAAGGCTTCCGACACATCCCGCTCCGTTACCTGGCCGCTCTCAAACACCCGCAATCCGGCTGACACGTTTGTCAGATGCCGGGTCAGGGTTACCGCTCGCCGGTTGATCGTGGCCAGTTTTTCCTCCCGGTCGGGTTCGTTCTCGTCGGGCGACATTAATTCAAGGGCCTGTTTACGAACCAGCGTAAGGTCTTCTTCAAGCTGCTCTTTCTGTTTCGTCAGCCTGTCCCGTTCGGCTTCTTCCATCTCCTTGGCCGCGAAGTAGGTTTTGGCCACCAGCGTCGGGGTTCGGAATACAGCGCCCAGTTGTTCGAGCACAGCCTTCTCGATATCCCCTGCGGGTACCCGTTTCAACGGGCAGCGACTGACAGCCCGCTTGGCGTCCTTTTCAC
NZ_AP021874.1_gap10	327899	330687	2788	GTCACGATCCGGCCGGAGGATGACCTACGGATACTGGGCAAGGTTGTGGGTAGGAAAAATAAATGAGAGCGCCAAATAAAGGAAGGCTGACAAACTAAAGCAGGAGACGACAATGGCAACTTTCAATCTGCGCCGCTTTTCGAAGCCTGGGATGCTCAGGAGGATCGATCCAGAGCACTTGATCGCATTTCTTGAACCGTATGCGGACTATTTTTCAAATCGCGGCGTGGAGTTGCCAACGACTGGAAGCGGGGATGAACTGGATTACAAAGCGCTGAGCCAGGCTCTACTCAATCCGAATGCGTCCACCCCGGATGACTTGGCCGAGGCTTTATATTACGTGAACGAGATGTCCACTCAGGAAGGATTCGACTCCCTCCAGGAGGCCATTGCTGATACTGATTTAGATGTGGTAATCGGCGAGAACGCCGCTCACGCGGACCTGGCAATTCAGGTATGGATGCAGGACCGAGAACTCGTCGAACGGCTTCACGCCGAACAGTTCCTCTTTCGACCTCGCTCATTCGAATACTTCAAAACCAACAACGGTTCCGTCCCGGAATTTAAAGTACCTCCAGCTGAGACGATTCGAGCGCTGGAGGCCGAGTTGGACGAATGGTTCGCCAAAAAACGCCGGGGGAAACATTCAAAGGTCTATGTGTTTCCCAAAGAGGATTACACCTGGTTTCTGGTGCGCCACGGCAAACCTTATGCCCGTGAATCCGTGATAGAGGCAGGTGAGTCTGCGGCCCAGTATTTCCGTCCTGAAAAGTTCGATGTCATCGTGTACAACCCGGTTCATGGTGAAATTCGGATGAACGCCGAAACCAAGGGCGAGAAGGATCTCTATCGCACCAAGTTCGGCAAGTATTTCTTTGGTGATAGTGAATTTTTCAACGGCAAGAGCAAATTCACCCTCGAACCGTTAAGGGAGATCGGCGAAGATTCCATCCTTTGCGATGACATCGACGGTATGGAATGGGTGCGTCTCAAGGAGTATCAGATATACCACGGTGGTTCACAGAAAGATGTGGAGATCAGAAAGGCCGAGGATATCTTCGCCTCTTTACGTGAGCGAGAACGGTCGATTCCTCAAGGCGGCCCCCTTATAAGAGCCAGCTTTCTCATCAAGTTCAAAGACTCCAAGAACGCCAGGACATTGACCATCAGCTCCGGAAACCGGGCGCAGTTCAAGCGGGACGATGACGCTGAAATCATCGAGCAGTGGATGACCAACCGGGGTTTTATTGTCATGGATTCGGAGGATGGCGGTGAGTGATTGTCTGCTCTGGCAATACCTGGAAGATCTGCCCGGGCAAGCCGCCCCCCTGGTCGAGTGGCATCAGCATCTTGACGGGTGGTCTGGGTTCCAGAATTTCCAAAACCGCTACCTCAAATTGACCAGAAATCATGCAACGGCCGTGGATTGCGCGACGCAATGTGGTCTGGGGTGCCCGCGGAAGGTTGTAACGCACGCCCCCAACGATATCGTGGCCGTCTGTCCGGAGCGGGAGGAGCAGCCGTACCCGCTCAAGCGGCAGGACACTCTCATCTATTCAGTGAATCGACCTTCCCTGCACAAGGATATCTGTTCGGCGTTGGGGATCGATCACCGCGAAAGCAGGGTTGACGGCTGCCGGCACACATGGCGACTGGGTGATTTTGTACCCACGGCCGGACTGGTCTTTCCCGTATTCCTGACTCAGCAGGAAGGTCAGGACGAACTGCTTGAAATCGTGAAGAATCTTTGCCTGCTCCATGCCGATCCCTTTGTGCTCCTGACACCGACCCGGCGACGGTTGTCCCCTCCAGCCGAACAGATGCTGGCTCAACGCAAAGCCGTCTTCCTGGCGCTGGAAAATGAGATGCCGTTCGACGTGCAAGGCTGCCTTCAGGTACGCCGGACTCCCGACGATTTGTTCGCTCCGTTTCACGAGGAAATCCCCGAGCCTGGCTCCGGTGGCATGGTTCATTTCGATACACCGGCTGGAATCAGTTGGGGCAGAATCACAATCAAGTTCGTCGATGGGCATACGGTCTCAATCCACACCACGAAATCACACGGCCGATACAATTACACACAGATGGGGATGGCCAATACCCGAAACGGGAATCCCACTGTCCATTGGACACTGTTGCTGGACTTTGCAGAAAATCGTGGTGTCATAGATAATACCAGCCCCAAGGATACCCCGTTCCATAACATGCCAAAACGCAAGCAGGACCTATCTAAAAAGCTGAGGCAATTTTTCCGGCTTGAAGATGAACCCATCGAATATCTGAAGGAAGAAGGTTGTTACCGCTGCCATTTCACGATCAAACCAGAGGGAGATGATGAATTTGCATAACGACCATCTCTGCCACTTTGATTTTGAAAAATCTATGCCTTCCTCAATTAAAAGGGCTGCGGACTGGGCATGGACCTGTCTTGAACGCCTTTCCTCATCTTTCTGTTCTTCTTTTTGCCAGCCAGAAACTAAATGCGAACTGCAGCATCATCTAAAAGCAAGTCATAATATCGAGTTCGAGGAGGCTCAAAAGACTTTCCATCAGGCACTGGCATATCTACCTGTAATTGATGTTGCCAATGATGAATGCCCCGCCTGCTTGGTTACGAATGCCCTCAAAACATTTCCCTTAATTGCTTCCAAATCAGAAATCGCTCCGGTTTCTGAACTCAAAATGAACGGAGTGGACTGCTATCCCGAAGTTGTCCCAATGGGATTAGATACAAAGAGGTCTTTCCCTTGCTGTGTAATAAATACATGGATTGGAGACTCAGAGCACG
NZ_AP021874.1_gap11	410584	415130	4546	CGACGATGGAGGCGACCGTTCCGATCAGCGCGTGCGGGTGGGCATCGCTGCGGTAGCGGCCATCGACCAGATCGCGAAAGTTGCATTCGACAACCACACAGGCGGATTCGTAGGCGGAGAGCTTTTCCAGTTCGCGGTGGAACCGCTTTCGCCCCCGGATGACGGTGGAGACGAAATCCGTCAGGGATTTACGCTCCACCGCCACCCGTTCCTCGAGGCCAACCAGCGAGTAATCACCGGCGGGCAGCGCCTTGCGAACCGCCGAAACCTTGTCGCTATCGAAGCTGTAGGGCTCCTGTTCGCGGGTGTCGACGACAACGGTGATCCGGTCCATCATCAGAACGGGATCATGTCGTCCATCGCCGCGCCGGGAGCCCCGGCATCGTCGGCCATGACAATGCGACGGTTGAAGTAGATGTTCTCGTTTTCACCGCGAGTGCGTTTGGTCACCTCCAGCTTGATATTGAGAAGCTGCTCGAGGTGGCCCGGCAGGTCGGAGAGCTTCTGAAGCTGCAGCCCGCAGGTGTAGAGGTCCTGCTTGAGCCACTTGATGTTCTCGTTGCTGGCCATGACGTTGTTGCGCCAGAGCAGACGGCCCTTGTAGGTCGGAGCGAGAATGCGCAGGGTCCACTTGAGCATGGGGTTGCCCGAGGTCTGGGCGCGGGTCAGTTCGACCCGGTCGACATTGACCTGGTACTTGCCGTCGGGGACGGCCTCGAACTCGCGTTCCTCGACTTCGGCGGTTTCAAAGGCGTCGTCGAACTGCGCCAGGTCGAGGTTGCTGCTGGATTGGTTTTCGTAGTGTTCCATGGTCGGCTCTCCTTACTGTTGAGGTTTCGCCGCCGCACTCGCGGTCGGCTCCGGCTTCGGCCGGGCGGCACTCGCCGCAGCTCCGGTTGCCGTGTTGTTGAACGCTTTCACGAAGCTCGAAAAATCGAGGGGGATGACTTCGGGGAGTCGGCCGGTGCGGTCACCGGCGTCGTAGTTGGGACTGGGCTTGGTGCGCATCACGCGCTGCCATACCGGCTTGCCGTCCTCGCCGGTTTTCATGTCCAGGTCGCAGAACAGGATCAGGTCCACCAGACCGGTGACCAGCTTCCGCGCCTTTTCCGGCAGCGTCGGCACGATGCGGGTGTGTTTGCCGGTCCGGGTCTCAATGTCCCGCTCCTGGGAGTGGGAGATCAGGATTAGCCCGTAGGGCAGGAAGGCGAGCTTGTTGATGACGCGCTGGAACTCGTTGTTGATCAGCGCGTAGCCCTTGCCGTAGCCCAGGTCGGATTCGTGCTCGATCTTGAATTTCTTGCAGACGTAGTCCGAGCACATCTTGTAGGCGTTATCCACCGTGTCGACGACGATGGTCTTGAACTCGTGCTTGCCCTCGGCGATTTCGGCGCAAGCCTGCAAGAGGTCGTCCCAGCAGGTGATCGGGGTCTGGAACACCTCCAGGGCGTTCAGACCCGGCTCGGTCGCCAGGAACAGTGCGTCATCGGCCTTGGAGCACCAGGTGCTCTTGCCGATCTTGCTCGGGCCGTACACCAGGGCGGTGAGATCCGAGAGCGTGTGTTTGGGTTTGCTTTTGGTCTTGGGAAGCATGGCTTCGTCTCCTTATGGTTGGGATTTCAGAACACCGGAGCGGCGTCTTCACCGGCTCCGTCCCGCAGCTCTTCGTGCGGGGCGATCCGTTGGAAATGGTTTTCGATGACGTTGGGGTTGCCGCCCGAGCGGCAGAGCTGGAAGTAGGCGCAGGGCCTTCCGTACTGGAAGCAGTAGCTGGTGTTGCGGTAGAAGATGTCGCGCCGACGGGCGTCGAGCATGGCCTTGGAGAGTTCCCACAGCTCCGCCCGCAGTTCCTCGAACTGGTCGTGGGAGATGTAGAGCACCTCGCGATGAAACATGCCCGGCTCGAGGTACTTCTCCTGGAGCCGTTGCTGGAAGGTTTCGTCGTCCTCCGGCAGCTTGCGCTTGGCGCTGCTCTTGCCGGTTTTCGACTTGGCGATCAGCTCCGCCCGGCGGGTCTCGAATTCGGCTTCGGTCTCACCCTTGCCCTGACGCAACTTGGCCTTGACCAGGACGTTGTAGATGATGCCGCTGACCGTGATGCCGAGGGTCTGCTCCAGGTACCAGGCGTAGAGGATGATCTGGAAATCGGTCCACAGCCGCTCCAGGTAGCTGGCGTCGATCTGCGAGGCGGTTTTGTGTTCCAGTAGGAAATACTGGCCATCCTGACGGACGATGCCGTCCACCTTCCCGGCGAGAATGAAACTGCGCGAGGTCGCCCCGGTCGCCGGGTTGACGATGGGACCTTCGAAGGTTTTCTCGAGCGCGACGACCTCGAACTCTTCGGCCGGGTAGTGTTCCGCATAGGCGCTCATCATGGCCCGGGCGAGATGCCAGTCGGCCTGTTGATGGTCGTCCTGCGCCCGGTTCGGATAGGTCCGGTCGATGTGGTCGAGGACCTTGGCCAGATTCCGCTCGCCGTGCCAGCACTCCAGGCAGTCGTGGATGACCGAGCCGAAGGCCAGATTGGGGTCGCGCTCGAGCGGCACCAGCTCGTCGATGTAGCGCCACTTGCAGGCCATGCGGCAGTTGCGGAACAGCCGCCACATGGAATAGGTGGTGGTCATCAGCTCGCTCATACCGCCACCCCCGCTTCGGCGGCGGGCGCTGCGCGATGCTTGGAGGCACAGGCGCAACCCGACGGCTGGGTACGTTCGATCAGGACCGAGCGTTCGCCGTATTCCTTGGTGGCGAAGCCGGTGAAAATGCGGGCGAGGTCGCTGCCGACATCGGTGGAGGCGTCGATCACGCAGGTGCGTCGGGCCTTGTCCAGATTGAACCGGCTCTCCATCCGCACACGGGAACGGCCATGCAGGCTTTCGACGGCCAGCATCGCCAGCATGAAAGTGTCTTCCAGTTCCTGGGCCGGGACCGACTCGTCAAAACGGTACTTGTAGGTGTCGTGAGTCATGGTTGAACTCCTCTTTTGTTCAGGTTCTGATTTCCGAGGCCCCGGATAGCCGCACCATGCGGCACGGTGCTTACTTACCGGAGGCGGAGCCGATGCGTCGGAGATCACAGGTAGTCCGTCAGGCCAGCCTCGATGAACGCCTCCCGCAGCTTGCTCAGCCGGTCGTAGAGGGTGGTTCTAGGAATGCCCATTTCCCGGGCGATTTCGGCCATGGTGCTGTCGTGTAGGCGCACGCACAGATCCCGGAGATCCTCCGGTAGCGAGGCGATGGCCCGGTCGAGATCCATGCGGATCTCATGGGTGAGACGCTCCCTTGTCTCGCGGGGGCCGCTTCCCAGAGAGCCTTCGCTGTCCAGGAAGTCGATCCGCTCGGTGGTGTCGCCTTCGCCGTTGTCGAGGGGTTCGTTGAGTGAGGTTTGGCAGAGCCGCCAGTCCCGGCATTGGGCGAACCGGGCCTCCAAAATAGTGGAGATGTGACGTTCGACGATCCGGGCCATGAAGGTGGTCTTCTTGGCCTTGGCGGGATTGAAATGCCGCATCCGCTGCAGCAGATCGATCATCAGTTCCTGTTCGAGGTCGGGTCTGTCGTCCTCGGTGAATCCGGCCTTGCCTACGAGTTGACGTGCTTTGTGCCGAATGAGGTCGGCGGCATACTTGTCGATGCCGTCGTAAGAATTTTGTGAAACCATCGGGGCCTCCTCGGAGCGAGGAGGAGGTCCGCGTGGGTGTCGGCACGGGCCAGATCACAGGACAAAGCTGTCGCGTGGGCGAAGGGGTCGCAGGTACGCCGCCAATTGCCGTATTCGGCTCGGCGACACCCACAACAGCCTCCGCCATGCGTCCAGCTTGTTGTCCAGTGTCTAAGGGTTCAGGTCGTTACATGTTCAGGCTGCCCGTTCCTCGATGCGCATCAGAAACGGGAGACCGTGCTTGATCTCGAGCAGGCAGACTTTTCCGCTGCCCATCTGCGCGAGGTGCTCCAGTAGCGCCACGACCTCTTGCTTGAGGATGAAGTCATCTTGGTCGCGCTCGGGCCGGGGACCGCTCTGTCCAGCCAGCTTGATCTCGCGCTCGATGACCGTGTCAGGGGTGAGTTCCGGCTCGCCGTCGCGGACCGGAATGTTGGTGATGCGGCCGAAGTTGATGTCCTGCATCAACTCGATGAGTCGCCGCTTCGGTGGGGTGAGGTGTGCTTTGTTGACTTGTGCCACTGCCAGTCTCCTTGTTCGGAAGTTCTGGCACGCCCGGTGGCCAACCCTGTGCTGACCAATAAAAAACGCCGGATCGCGCCTTCATTGGGGAAGGCGCTACATCCGGCGTCGCAATGGCTACATTTGGCGTAGCGGAAATATTTTTTAGTTTTTTCTTCCTGGGTGGCCCCGGGTCACTCGTTGACTATCGGGCGGACCTCCCAAACGATCTCCTCTTCGGTCCGGTAGACCGGTTCGTTGCCGCACTTGATGGACTCCTTCAGGTGGGCGGCCAGCGGCTTGTCATACTTTTCCAGATACGTGATGGCCCGGTTCACGGCACTCCGGAAGGCGTCGCGGATGTTCTTCCGCTTGTCGTTGGATTTCC
NZ_AP021874.1_gap12	418927	420172	1245	ACTGTCAATCGACGCATCCCAGAAGAGCGGAAATCGAACGAGGCGATCCTGCCCGGGACCAGACTGGTGCGGGTCTGGAACGACCGTCGCTATGAGGTGATCGTCCTTGCCGATTGCTACGAATTCGAAGGTCGCACCTTCCGGTCGCTCAGCGCGGTGGCCAGGGAGATCACTGGAACGCGCTGGAACGGCAAAGTCTTTTTCGGACTGAAGAAGGTTTACGGCAGAAAAGCCGAGGGAGGTTCGGATGCTTGATAACAGCAATGTCGCGCCGGGCAAAGACAAGACCCTGCGCTGTGCCATCTACACCCGCAAGAGCCACGAGGAAGGGCTCGAACAGGAGTTCAACTCGTTGGATGCGCAACGGGAATCGGCGGAACACTATATCGAAGCCCAGAGGATGCGTGGCTGGACGGCTCTGCCGGATCGCTATGACGATGGTGGTTTCTCGGGCGGGAACATGGAGCGTCCGGGGCTACGCCGCCTGCTGGCGGATATCGACGCCGGGAAGATTGACGTGATCGTGGTCTACAAGGTCGACCGCCTGTCCCGCTCGCTGCTGGACTTCATGAAGATGATTGACCTCTTCAACGAGAAGGGTGTCAGCTTCGTCTCGGTCACCCAGCACTTCAGCACCACCGACCCCACCGGCCGGATGTTTCTCGGCATCCTGATTACCTTCGCCCAGTACGAGCGGGAGGTCATCGCCGAACGTATCCGGGACAAGGTGGCGGCAGCCAAGCGCCGGGGGAAATACTGCGGCGGCGTGCCCATCATCGGATACGACGTCGACCGGGAAAATAAGAAGCTGCTGATCAACCCCGATGAAGCCAGAACGGTGCAGTACATCTTCCGCCGATTCATCCAGATCGGCTCGGCCAAGAAGCTGGGCCAAGAGCTGAACGAACAGGGTTACCGCACCAAGGCCTGGACCACCAAGAAAGGCAAAGTGCGCGAGGGCTCCGAATGGAACACCGCCCATATCTACCGGCTGCTGAACAACCGGATCTATATCGGCGAGATCGCCCACAAGGATCGCAGCTACCCTGGTGAGCACGAAGGGATCATCGACCGGGCGACATGGGACAAGGTTAAGGCCATTCTGGAGGACAACAAACCGGTCAAGGTTTCCATGGCCAGAACCAAAATGGTCGCCCCGCTGAAAGGCGTCATCCGCTGCGGCCACTGCGGCTGCTCGATGGGACCGACCTACGCCCGCAAGAACGGCCGCCACTACACCTATTA
NZ_AP021874.1_gap13	451457	452523	1066	AGTTCCCTGATATTGTCCGAGGCGTCTTCCGTGATCTCGGAAATGTCCGTGTTGTCATATCGGTAGGAGATGGATGCGCGGGTATAATCAAATATGGGGTAACTGATTCCAACGGCCCCCCCCATGCTGGTTTTGTCGTAGGTGTCATAATCCCTTTGGGTCCGATAGATGTTGATGGTGCCGGACAGCGGAATGTCGAACATCCAGGGCTCGGTGAAGCTCAGGTTGTATAAATCCGATGACCCGCCCACCTGGCCACTGAGCTTGAGAATCTGCCCGCGCCCGAAAAGGTTGCGCTGGGATATGGAACCGGTCATAAAAACGTCGTCCACCGTACTGTAACCGGCGCCGAATGTGAATGTCCCGGTGGGTTTTTCCACGACTTCGACGTTCACATTCATCTTGTCGTCGGCACTGCCTTTGGGCGTATCCACCTTGACATCCTCAAAAAAATCCAGGCGATGGAGATTCCGTACGCTTCGTTTGAGCCGGCTGCCGCTGTAAACGCCCTGCTCATGGATGCGCAGTTCTCTGCGTATGACTTTGTCACGGGTACGGGTGTTGCCGGAGATGTCGATGTTCCCAAAATAGACCTTGTCGCGCTTGGTTATGGTGTAGGTGATGTCCACCAGGTGTGTTTCCGGATGCTCACGGGTCAACGGGGATATGTCCGCATAGGCGAAGCCTGCATCGGCGTAGAGGTCGGTCAGGGCGACGATATCTTTCCTGACCGTTTCCCGGTTGAAGAAGGGCTCTTTCGCAATCTTAAGCCTCGGCATCAGGCTCGTTTTTGGCAGGATCAGTTCTCCATCCATATCGATGGTGCCCACTTTGAACCGTTCGCCCTCTTCAATCTTGAATGTGATATAGATCCACTGGTCCTCGAATTCCACCACCGGGTCGGCAACTTTGGCGTGGATAAAGCCATTGATCTGGTAGTAAGCCATGAGGCGGGCGGCGTCCTGGTTCAGATCTTCCCGGTTCAACTCCCCGGAAGACGTGATCCAGGAGAAAAACCCCTTTTCCGATGTACTGATGGTCTTCTTCAGCTTCTTGTCGGTAAAGG
NZ_AP021874.1_gap14	515330	517670	2340	AGGTTCCGCGTGACCGTGCAGTAGCGGTAGCCGCGAATGAAAGGGTCCGGGTCGCATTTCAATCGCCTGGCCGCCCGACCGGCGGCATAGTTCAGCAGCCGCTGCTGGAGTTCGGGATCCAGACCCGCATAGGGATCGATCAGCAGGGAGGCCAGGTCATACTGGACGGGACCGGTCCGCGCGCCCTGAAAGTCGATCAGATAGCAGCGGTCATCCCGGACCATGATGTTGCGGGATTGAAAATCCCGATGAATCAGTCCGGCGACGCCGTGGTTGACGGTGCATCGGGCCAGGCGTGCAAATTCCGCCGCCAGATCATCATAATCGACCCCCATCCCCAGGTAGCCGTTTAAGAATGCCTCCACAAAATAGCGGCACTCCTTGTCCAGGATCAGTTCGCTATCGTAGGACTCGCTCTGGCAGGTCCAGGCCGGGTCAAAGCCCCGGGCCCCTTTTTCAGTCAGGTCGAGCAGGATGTCGATGACCTTGCGGTAAACCGTCTCGATGCAACCCGTGTCCGATGCCTGCCGCACCACCTGCTGAAGGTGAACGTCGCCCAGATCTTCCAGGAAGACCAGTCCGCTGAATCCGTCGTGGACATGTATACGGGGGACGGGCAGGCCGCAGTCCCGGAGGTGCCGGCCAATTCTGACAAAGGCGTTCACCTCGCTGCCCGGCAGCGTGGGGGTGATGCCGTGGTCTGCCAGGATCATCCGGCGTCTGCCGCGGGTCAGGCGAAACCAGACCCGGTCGGACCCGTCGCCGGTCAGTCGCCGGCATTTCACGTCTGCAGACGGATCCGGATCGTCGGGGAAGGCCGATTGAAAGGCGCCGGGCGCCATGGCATCGACCACGGCCTCCCGGTAGCGCTCCGGGTTTCCCATGTCCTGCCAGTAATGACCGCAGACCACATGGGCCCGGATAGGAACGCCTTCGTCGAGCATCTGCCGGTAAACGGAAATGATATCACAGAACGTGCCATCGGGTATTTGTTCAACGACTGCGGGGTTCAGGACGTGAATACCGGTAAACGCCAGTTTGCGCTGCCCGGTATGGTCGGCCGGCGCGGCGTAGCGTTCAAACCCGGCTATACGGCTTCGGCCGTCCACCCACACCTGGTTGAAGGGCGCACGGTCATGCATGACCAGGGTCACCGGTGCACCGTGCATGCAATGGCTGCGATAAATCTTGGCCATATCGATGTCAGTGACGATATCCGCGTTGACCACCATGAACGCCTCGTCGTCCCAATAGTCGGCCAGGTGACGAATGGCACCCCCGGTACCTAAAATTTCCGGTTCCCGGCTCAAGGTCACCGGCACGCCGAAGTCGTTTTCCGCCAGATAGGATTGGATCCGATGGGCCAGGTGGTGGGCGTTGACCGCGATGCCCCGACAACCGGCCCGCTTCAGGCGGGCGATCATTCGTCCCAGCACCGGGATGCCGCCAACCGGAAACAGGGCTTTGGGTGTCGCAAGGGTGTGGGGCGCCAGCCGGGTGCCGAATCCGGCGGCCAGGATCAGCGCTTTCATGCGTTCAACAGGTTCAGGTAGGTTTGAATCACCGATTCAAAATGGGTGATGCGTTCCTCGTTTTCATGATTTTTGATGCCATTGGTGGAAAAATAGCTGATGCCGTTGGCATAGTTGACCTTGGACACCGATTCGACAAGGTCGATTTCCTTGTTTTTTACCATCTGGAGGCCCAGGTTTTGTATTTTTTTAAGTTTGTCCTTGGTGTCCAGTTTCTCCTTGCGGTTGGTCCGCAAAAAATGGAGTACCACCGCATAGGACTGGAAATAGGGCTTCAAGAAGGCAGCGAACAGCTTCAGTTTACGGTAGCCCGAGGAGGTGATCTGGTAACTGTCCGGGATGGTCGGGTGGGGCATGAGTATGGCGTCATCGATAAAGGATTTGATGGTTTTTCTCACATAATGGACCGCTGGCCGGTCCAGGTCAAAGGCGAACTCATATTTGAAGAAATCCTGAAAAAATTGATATTCATGGTGCAGATCGGCGGCGTTGAACTGGAACGCGTCTTTTTTCAGGATGGCCAGTGCGGTAAAGGCCGCGGGTACAAAATAGGATATGCAGTTGTTCTTGTAATACTCCAGGAGGGTCCTTTTGGCCGGGTTGACGGCGAAGTCGGCCTGATCGTCCGGCAGATCCTTGTCCCCCGGCGCTTTTTCCAGCAGTTTGCGAGACAGGTAGCGGTCGATGGCATATTCTATGGCCCCGTCCGGGTTGAGAATAATCGTATCCGCCAACTTGGCGTCCTGTGACGAGGCGAAGGTCAGGTAGGTGTTGACCGCCTCTATCAGTTCCTTCTGGGTGAAGCGGG
NZ_AP021874.1_gap15	544842	549039	4197	TGCTTTCGGGGGACGTGGCCGCGGCCGCCGTGCCGGTCGGCGGACTGAACGCCCTGGACGGCGTGGTGGAAACGGTGGGACGCTTCGGCATTGCCGCCGATGGCGACGTCATGAGCGTGCTCCTTTTCTCACGCCTTCCCTTTGACGCGATGCATCGTCCACAGACCATCCGTATCACCGGAGAGACGGCCTCCAGCGTCCGGCTGCTGTATCTGCTGCTGGGGCAATGCCACGGGTTCGACAGGCTCCCTTACCTGGCCGCCGACGGCCAGGTGCCGGACGGTGAACTTCTGATCGGTGACCGGGCGCTGGTCAGGGGCCAGGCGGCCGGCGGCGCAGGATCGATTTACATCACTGATCTTTCCCGCCGGTGGCGAGACATCCACGGGCTTCCCTTTGTCTTTGCCCGCTGGGTGGTGAGAAAAGATGCCCCCGGGCCGGTCAAATCGGCCATCGCCCGCTGGCTTGACGAATTCATGGATCGCGAGGCATCCCTCGTGGAACAGGCCGTACCGGCGGCCGCCGCCGCACTCGACCTCGCTCCCGACATCGTCCGGCGCTACTTTTCCGTCATCCGCCGGTGCCTCGGCGACCGGGACATCCAAGGGCAGGAACTGTTTTTCAGGACCATCGGGCGGCTTGGCCGGTCACCCCTTTTCCGAACCGCTCCATGAGATGAACGATGCGAGAATACGACCATGACAACAGCCATGACATTGCCGGAGACATCTGAACGATACGATCGCAGGCAGGCACTGGAACTGCTTGCCGATCTGCCCATGGGAGAGTTGATGGCCCTGGCGCACCGGGAGCGGGTTCGCCGTTTTCCAGGGAAAACGGTGACCTTTGTTGTGGACACCAATCCCAATTACACCAACGTCTGTGCCACCGGATGTGCCTTTTGTGCGTTTTTCCGGCAGCCCGGGGATGCGGACGCCTATCTGCTCGACCCCCGTGAGGTGGCCCAAAGGGTGAAAATCGCCGCCGATAAAGGGGCCACCACCGTACTGCTGCAAGGCGGCCATCATCCCCGGGTCGGCCTGAAAGACTGGCAGGCCTACATCGAAGCCATTCACAGCGCCTGTCCGCAGGTGCATATCCATCCGTTCAGCCCGGCGGAAATCGCCTTCATGGCAGAGAAGACGCACTGCCCGGTTTCCGAGGTGCTTCAGGCACTCTGGGACGCCGGCATTCGCACCATCCCCGGCGGAGGGGCAGAAATTCTCACCGAATCGGTCCGCAGGGTCATCGCTCCCCGGAAAGCCGGCACGGAGCAATGGCTCGACGTTTGTGAACAGGCCCATCGTATCGGATTCAAAACCACCGCCACCATGATGTACGGTCATGTGGAGACCGACGGCGACATCATCGCGCATCTCCTCCGGTTGCGGGAACTCCAGGACCGTACCCAAGGATTCACCAGTTTTATCCCCTGGTCCTTCAAGCCGGGCCAAAGCCCCCTGGCCAGGCGGGTGAAACACCCCGTGCACCCGGCCAGATACGTGCGGATCATCGCCGTGGCCCGCCTGGTGCTGGACAATTTCCCCCACATCCAGAGTTCCTGGTTTTCAGAGAATATTCCGGCCGGGCAACTCGGGCTTCTGGCAGGCGCCGATGACTTCGGGGGCGTGCTGGTGGAAGAGCATGTGCACAGGGAGGCCGGGCACGACCGCCAGGCCACGGTGGCGAATGTGGTGACCATCATTCGCCGGGCCGGTTTCATCCCTGCAAGAAGGGACTCCCATTATCGGATTCGGGAAACCTTCGACCCGCCGGTGACGGTCGGCACCGGCGGCGGGGCCTGATTGCAGCAAATCAAACCTCGGGTTATGTGCGAGCGGCACGAAGCGGTCCGGACCGATCCGGCGAGACATTCAATCCGCGAACGATTTTTCGAACAGCGAACATCGAACGTCCAATGCCGAAGGATGTGATCGCTTCGCTCCGTCGTTTGATAAAAAACGAGTTCATTGGCTGCCGCTAGTGAAGGGTGGTTTGAACACAGATTTTTGGGCCGGCGAGAAATTTTTCCCGAGCCGCCATCTATACTGGTGGAAGGGTTCCCGGCCGGTTGCGCCTATCCGCGGAATGCTTCTTCCGCTTCCATTTCCAACATCTCCGGACAGTCCGAATAGCGCGGGGAATAGTGAAACAGGCTGTATTGCTTCACCCGGCAGGCCCGGGCCAGTCGGCCGGCCTGGCGGGCCGTGAGGTGATTTTTCCGGCGGGCGATATCCCGGTCGTTGTCGGAAAAGGCCGCCTCCACGAACAGATGGTCCGCGCCTTGGGCCAGCGCGACCATTTTTTTCATGTTTTCGGGGGTTCCTGCCGCATCGGCAATGTACGCCAGGCGCTGCCCCGGTGAAACGCGGGCGATGGCCGCTTTCAGCGCTCCCAGGGACATGCCTTCCAGAGACGGCCCGGCCGTTGCCGGTATCCTGACGATCGTGTCCGGATTGGCGCCTTCGTACAGCAGGGCCTTGAATCGGTTCAGCCAGGGGCCCGGTGGCACCCGCAGGCGATCCAGCGCCGACTTGATGATATTGATGCGAAAACGTTCGTCCAGACGGAACGCGAGGACGGGCGTTCCGTGGTCAAGGTGAACGGCCCGCACGGTCAGGGCCGGTTCCCTTAACGCAATGCCGTCAAAGGGGGACTCCCGGATGCCGCCATCGGCCAGAAAACCGGTCTGGCAGGGGTATTGGCACGAGAGGGCGCGGTCCGGATGAATTTCGGTGGCATGCAGGGTGAATCGGTTGGCGTAGCCTTCAACAAGGTTCCAGCAGTAACCGGCCAGTTTGCCCGACAGGTTGGCCAGAAATCCCCGGGGCCCGTAAAGGAAGAGATCCTTGTCCCGGCCCAGCAGTATGCGCAGCACGCGGTCAAAGCCTGCAAAATGGTCCATATGCGTGTGGGTAATGAAAATATGGCTGATTTTGAGGATGTCGCGGGGGGCCAGGGCAGTGATATCTCCCAGATCGAACAGCAGGGCCCGATGCTGGTGGCGGAAGGGGACAAACAGGGCCGGATCGTCAAAGGGGCCGTTGACCAGACGCGGAAGGAAACTCGGGCCCATGCAGCGGCTCAGGGCAGGATCTGGGCCACCTGCTTATGAATACACAGGTAGATATCCGCATCCGAGCCGAAAATGTCCACAACGGATTTATGGTTGATGAGCTTTTCTATAACGAATGCGGTGAGGTACAGGCTGACCACATTGGGTTGCTGGACCAGGTTCCGGAAAGGCGCAATCTGATAGTCCACGTCGAACTCGTCAGCATGGGAGAGGGTTTCCAGACACTGGACGAGCTGCTCTTCCAGCGCATTTTTATTGTTGGTCTCCACAAGGTGTTCTTCCACCAGCTTCATGGCAATGGGACTGGCAAACCGGGCCGGGTCCTCCCTGACCATATTGATGGCAAGCCGCCGAGCATGTTCTTTGGAAGACTCGATTCTGGACAGAATGCTGGATTCGCGGTTGCTGGGTCTAAACACTTTTGCCATGGCTGGTCACCTGTTGTTAATGGATTGGTTACGCGCTTTCTCAGTAATCTTTATAAATAAGATATTCAGGGCAATGCAAGTAAAAAAGGGGCATGTCGATTTAAAAAATCGACGCCCGCGGGGGACGGGCAGCACCGGCTGCACGCCACCGAACCGGCGTCAGGATTCCGGGGCGAGATCTTCGACCATCAGCTGGAGGCGTTTTCTCCCCTTCCAGTAATTCCACTGTGGGCGATAGGCAATTTTTTCCAACCGGTTGGATGGCATCGGGCCGCCGGTAATATTGAACTGGATGGCCGGAAGCGTGTCTCCGGTGCCGGTTCCGCACTCCAGGACCATACGGCGATGGCGGTCACCGACCGGTTTGCAGGCGTGAACCCGAACCCCGGTATCCATAAACAGGGGGTAGGGGTTGCCCTGGCCGAATGGACCGAGCCGCTCCAGGCTGGCCATCAGCGCCGGGGTGACCTGCCCGAGGGGGACCCGGGCGTCTATCGACAGCTTCGGTTCGACATCCTGATCGGTCATCATCCGGCCTACAATCGTTTCCAGCCGGTCCTTGAATGCCTTCGTGTTGGCGGATTTGAGGGACAGCCCGGCGGCCAGGGGATGCCCGCCGAAACGATCCAGGAGATCCCTGCACTGCTCGAGCGCCGCGGACAGATCGATACCGTCAATGCTGCGGCCCGATCC
NZ_AP021874.1_gap16	635126	639580	4454	CGCTTTGTTCTGTCATTTTTTAAGATCAATCGCCGAGACTTCGACATAGATGGTTTCATTTTTTTTCAATCCCCAGTGGCTTTTATACAGGTCGGCAAACCAGGTGAAAAACTCGGCCGAATAGGCGCCTTCGACGCCGATAACCCACCACCATCCTTCTTTTAACGCCGATGAGCTTTTCCCTACCGCCGGATGACGCCGGAATCCGGAAATGTTTCGACGCTCCATGATAAGCTCTCCAAATAATTTATTTTTTTCTGAAATGTTATTCTCTTTTTCATTATGGATCTGCCACGCATATTTCTCTTTTTTATTGGGAAACCGCTGAAGGTAGGGCGCCATACCCGCTTTGGTGCTGACCGAGGGGGTCCAGAATCCAAAACAAAATTTATTCCGTTTTACGATGGAATCCGTTCCGATCTGGATATTTCCCGTGAAAAGCCCCAGCGTCTTCAGGTTTTCCGGACGCGATTCCACAAGCACAATGTATGAAATCACAATAAACGCCGCACTCAGGATCAGAACCACGAACACCCCCTGCCACCGCCGGGGATAACTTAACTTTTGTCCAAGCAGTTCAATATCCGGGTTTCGGCGTATGATTTTTTCATTTTCATTCATGCCGACTCCTGCGCCGGGCGTTTCGACGGATGGCTGCCGGGATTATGGAACTCATAATGGAAACAGCATCCGAGACCTCAGTACTCGCATGAAAGGCCACTTTCATTGGGTTTTCCATTTTCTTCAGTTGGTCTCTATGGTTTTTTCTATCTGGGCCCATAGTCGATCGCTGAGTGACATCCCTTCCCGGGCAATAAAATCCTTGAGAAATACTACAGAATTGTTTTTTGCTCTCTTTTTAAACCCTTTTTTGCCGATACGTTCTTTTTGATGGTTTTTTTGCGTATAGCCTTCCTCGGATGGTGTTCTCATGGCCCTGTCCTCCGTGGCGTTGTCGGGCGGGTGGTATCGACTGCTGAAAAAACGGTGCTTTTCAGGGTTGAAGGCAGAAGAATTTGCGTGTCGCATCCGACACGGGCAGGAAAGCGCGTGTCACTATAGAATAAGGGACAATCGGTCAGGATCAGACTAAAGCACTGAAAAATAACAACGCAGGAATTGCGCCAAACGATCAATTCAGGTCCAACGTCTTAACATTTATGTGAATGCACGAATTTGATCTCTGTCGCTGAAGGGGAACTTTTCAGGCGGGAATGATATGTTGTAATAATGATGAAATACAATGAATCGGGTGTCGATAATTCGTAACGTCCGGATTGCCGGACATCTCAGGTTTTTCCTTAAATCACCGTCCGCCTGCAGCGGGCAGTTGGTTCAAGCCCCCTTTACAGGGGGCCGAACCACATCACCATGACTGTCGAACGATGAGCGTCCGGCATCGCATGCCGATGACGCCGGCTGCGTCCTTCAATCCATATTGAGCATCTTTTTCCCCATCCGGACTCGGTTTTCCAGGTCCGCATCCTCCAGTTCGTCGGCCACCTTTTCCAGGAAGTCCGGGATTTCAATCTCTTGCGGACATTTTTCCAGGCATTCGCCGCATTGAACGCATTGGGAGGCATATCCGGGCGTTTGGCCGATGATGCCGCTCATGCGTATGGCGTACATGAATTTGGCTTCTTCCGCATTGCCGAACATATGCATCTTGTTGTACACCTCGAAACAGGATGGAATGGAGACATCCGAAGGGCAGGGCATGCAATAACCGCATCCGGTGCAGCCCACTTTCATCAGTGTTTTGTACTTCCGGCTGGCCTCGTCAACCCGTTTTATTTCATCTTCCGTCAGAGAATTCGGCAGGGCCCGGGCTGCAATGGCCATATTTTCTTCGATGTGGGCTTCCTCGTTCATTCCGGAAAGCACGACGGTGACCTCGGGGTGGTTCCACACCCAGCGAAGCGCCCATTCCACCGGTGTCCGCGTTACCGGTGCCTGTTTCCAGACGGCGTCCACATCGGGAGGCGGTGCGGGCAGCCCCAGATTGCCGCCGCGCAGCGGCTCCATGATCACCACCCCCAGATCCCTGGCCGCGGCGTATTGCAGCCCTTGCCTGCCGGCCTGGTTTTCCTCATCGAGATAATTATACTGGATCTGGCAGAATTCCCAGGGGTAGCCATCCACGATCCTTTTGAAATCGTCAAGCCTGCCGTGAAAGGAAAATCCGGCATTGACAATCCGGCCGTCGGCCTTGGCCCGGTCAAGGAAATCAGCCACGCCGAGGGTGTTCAGCCGATCCCAGGGGGCACCGGCCAGCGCGTGAAGCAGGTAATAATCGATGCGATCGGTCTGGAGTTTTTCCAGCTGGGCGTTGAGGAATGTGTCCATATCCTCCCGGCTGTGGATCATCCAGGACGGCAGTTTGGTGGCAACCCTGACCCGGTCGCGGTAGCCGTCGGCCAGGGCGCGTCCGAGGACGGTCTCGCTCTCTCCGGCATGATAGGGCCAGGCCGTGTCCAGGTAATTGACCCCCCGATCGATGGCGCTGCGGATCTGGCGAATTGCCCGGGGTTCATCAATCTGTCCTGCCTTCGTCACGGGAAGGCGCATGCAGCCGAACCCCAGAATGGAGAGTTCGTCTCCGTTTTTGGGCATTTTTCGATAAAGCATGTGACTCTCCTTTTTAATCCATTTGGGTAAAACCGTAAGTCCCGGACGTTTCCATTTCCCGGCCCCGGGCCTGGATGTCTTTACGTCCGGACCGCGCCCGGTAGACAACCATCCACCATGGCCCGGATGTCTCTGTTTTCTAAAATGGGCGTGTCATGCACAGCGGTTCCGTGCAGTCCGGCATGCACAATGGCGGCTGCCAGATCCTCGGAGGGGATGCCGATATTGGGATAGATGTGCCGCAGCACCGGGTAAAGCATACGGCTGGCGGCATACATGAGATTGGGTTCCCGGCGCGGGGTGACGGGGTAGATGTATCCGGGCCGGAAGATGTGTACGCGTGGAAATCCGACGGCCAGCAGCCCGTTTTCGGCCATTCCCTTGTAGCGTGCAAAGGCCACCCGGCTTCGCTCGGCCGGGTCGGCCCCCTGCCCGCTGAGAAAACAGAAGGCGGCCCGGGGGCTTTGTCGATACAGTTCCGAGGCAAACGCCAGCGTATAGTCGACCGTGATCCGACGGAACGTTTCGTCGGGGACCGCACCGGTGTAAGCACCCAGACAATAGAAGGCCGCATCCTGACCGATGAACGCAGCGGCAATGGCGGCAAAATCCATGAAGTCTTCATGGAACAGTTCGTGAAGCCTGGGGTGCTGGATACCGACAGTCCGGCGTCCGATGACCGTCACCCTTGCAACCACCGAATTTTCCAGACACATACGAAGGGCGCATCCACCGACCATTCCGGTGGCGCCGGTGATGATGACACGTTTTGAACGCATTGCGTTTCTCCTGTAAAGCGACTGATGCCGGGCCCGGCTCCATTGCACGTTCATCTGTATCGCGGGATTCGTACAGGGTCGAATCGGCCGCCGAATGCCCTTTTTCAGATTGCGATTCTGACCTGCTGGCCGGCGATATTGTTGATGTCCCACAAATGCCCTGGCATGTAAAATACTCCTTAATTCTCTGAAATCCAGTCCATCTGCGCCGCCATTGCCTGCCGCCACCATCTGGCGGCGGGAATGGCGCTGTTGTAAATGGTGGTTTCACCGACTACCGGCGTCGCGATGCTGACATTCATGGCGTCTGCGGCGGCGGTTACGCGTTCCATGGGTTCGTACCAGGGGTGCAGGGCCAGGTTGAAGGTGCCCCAGTGGATGGGGTGCAGGATGCTGCCGCCCAGGTCCAGATGGGCCAGGACGGTCTGCTCGGGAAACATGTGCACCTGCGACCACGACCGGTTGTACGCCCCGCATTCGATGAAGGTCATGTCAAAGGGAGCGTATTTTCTGCCGATTTGTTTGAAACCGTCGAAATAGCCGGAGTCGCCGCTGTAAAAGAGGTTGTGATAAGGCGTTCTCACCACCCAGGAGACCCAGAGCGTCCGGTTGCGGTCGGTCAGCCCGCGCCCTGAAAAATGCTGGGCCGGCGTTGCCGTAATCGTGAGGGCCTCATCGATGGAGTATGTTTTCCACCAGTCGAGTTCGACGATTTTTTCTTCCGGTACGCCCCATTTGACCAGCCGGGCGCCCACTCGCAACGGAACGATGAATCGATTCGTCCTGCCCGTTAATTGCTGCACGGAATATTTGTTGAGATGGTCGTAGTGGTCATGGGATATAATGACCGCATCCACGGTTGACACCCGGTGGATGTCCAGCGGGACGGCGCCATTGAATCGCGACGGACCGATCACCGAGACCCGTTTTTCAAACACCGGATCGGTCAGCACCCGGTACCCGTCGATATTGACCATCAGGGATGAGTGACCCAGCCAGGTGACATTCAGATGTCCGCTGCCCGGACGGGCAAAGTGGGACAGGTCC
NZ_AP021874.1_gap17	671115	672998	1883	GGTACTTTCTTCCCGGTCCGATGCTGCCGGGGGCTTCACCCTTTCACGATTGTCAGTTTTCTCATCCGTGATTGCCGGTGCCCCAATCGGGAAATGGTTTAAACGATCCCGTATCAGGCACGGCAAAACTTATACCATGTCCAAAAAAATGGGTGTATGTTAGGTAATGTATCGATTTGGTGAGGTATTTTCCGGTTTGAAAAGGTCCAGAAACCAGGGGGCGGGGCCACAGGGTGTCAGGCAAGTTTACAGTCTGTAAACACAGAACGTGATGAAGGCAAGGGAGAATTGATGGCTGAGGGAAGGGAAGCCGTTACGGGGGCGGATGCCGGCCGCGAGAAAAAAAGCGTGGATGACGGATCCTCATCCACGCTTTCAAGATGTCGTCCCGCCGGGGTGAACCGCCGATGGCAGGTGGTGTCAGTCGTCGATATTACAGCGCAGCAGAGCTGTTCTGACCACTTCGAAGATATCGCCGAACCGCAGGACGCCGGTAACGGCTTCACCGCGTTTGACAATCAGTGGCTGGTGGACGCCCATGACGTAGAGATTCAGCGCCTTTTCCAGCGTGTCGTCCTCGTGGAGGAATTCCACGCTTTGGGGGGCATGCATGACCTCGGCGACGGTTTTTTTGCTGCCGCGCTGGCAGATGGTCTGCTCCGGTTCCATCCACAGGTTGAACTCCTTGACCGCTTTCATGACGAATGCGTTGGTCAGGGTGCCGGCACCACTGCCGCCAGTCATTTTCTTGTAGTTGGGTTCCAGGGCTCTGAAAATGTCGATCATGGTGACTTTGCCCAAAAATGTACCGTCCTCATCTACGACGATGGCATCCCGATGGGCATGCTGGTCGGCCTGCCGGGACGATTCCAGGGCTTGGAGGACATCGACCAGCGTGTCGGTTTTTTTTACGGCCACATAATTGGAGATGGGAATCATCAAGTCCTTTACAAAAATTTTTTTCATTGGCTTACCTCCCTCTTATCGGTAACGCGCCAGACCGGGCCGCGGGCGTCAATGGAACGCAGCCCTGCCGGCAATGGCGGCAGGGCTGGTCGGATTGATTCTTGGTGACGGTCATTCCTGTCAGCCGCCGGTCGAAATAGGCATGCCCATGATGGGCCAGAGCACTTTGACGGCAAATGCGGTGACCACCATCAGAATAATACTGGCCGGTATTCCCCAAAGGAAAAATTCTCCGGTGGTGAACTGCTTGGAGTCGTAGGCGATGGCATTGGGGGCGGCGCCCACCAGCAGGAGGAAGGGCATGCCGGCCACCACCAGGGAGGCAAACAGAATGACCTCGCCGGATACGCCCAAGTAGGGGGCAATCACCAGGGCCACCGGCAGCGAGATGGCGATGGCTGCCACGTTCATGATGAAGTTGGTCATCATCATGACGAAAAAGGCGATGCTCATCACGAAGACGAATCCGGTGGATTCCTTGAACATGGTCAGCCAGTTCACGGCCATCCATTCGGCCGCGCCGGTCTGCCAGAGACAGAAACCGATGCTCATGGCGCCGGCAAACAACAGGATGATGTTCCAGGGAATCTCTTCCAGGTCATTGATATCCAAAAGACCGGTGGCAAAGAAGAGAACGGTTGATGTGAGCAATACGGCGGTCTTATGGGGCGGTGTGAAATCGGGCATGGTGGATTTCATCACGGCCGATACGCCCAGTACCAGAATGGCGGTCCCCACGATGACCGCGGCAATTACTTCACTTCTGGAGATGCGTCCCATCTCCTCGCTCAGCCGTTTGGCCTTTTCTCTCAGCCCGGGGATGGTCTTTTTTTCCGGTTTCATGACCACCATGAAAAAGCCCCACAGGAGGAAGGTCATCAGCCAGCCGATGGGCGCCATGTAGTAGGACAGTTCGA
NZ_AP021874.1_gap18	675172	677525	2353	ATCCGTTGACATGGCGCTGCATCAGCTGACTGCTGGCTCAAACCTGTCGTTGCTGGTGACCCGGGGCGAGGATATCGTGGGTGTATTGCGGCTGGCGGATGTGTTTGCCGCGGTCTTCCATGCCATGAAGGATTCAGAAAATAAACTATCAGACGGGGCAACAGCATGAAAGAACTTGAAAAACTTTTCGATCGGATAATCCAGCGGGTGAACATCAACCTCCGGGAGCTTGAATTTGATGTCAATCCCGTGGTGAGCCAATTGGTTCCAACCGGACAGATGACCAAGTTTTATGCCTTTTACGGGATCACCCCGCACCATCCCCTGAACCTGATCTTCAAACATTCCAACCTCTCCGGCAGTTATTTTCTGGGGCGATGCCGGGTGACCAACTCCCTGCTTTACAAAAGCGACATCCGCGGCGACGAGTTGAAAAAAAAGGGCGACCTGTTTCAATACCAGGAGTTCAATATCCCGGTGGACCAGGATGAAGAGATCCGGATCGATGACAGTTTTCTGATCAAGACCCTGGTCCACAACTTTTCCCATGATCCGGAGACCCTGGAACGATTTTTTATCCGCGATACCGTTTCCACGCACTATGCCAACATCCACGGATCGCCTTCCGACGGCTGTTACCTGGGACCGTTTTCGACGGTGGACCTGACCACCATGAGAGACTGTGTCATCGGTGCTTACGCCTATGTGCAGGCCGGTGAAATCAGCCATCTGAATGTCGATCCGGGTACCGTATGGGTGCGTAAGCCGGGCGATTTCAACTTCATGTACCGCTATCCCCTGAGCCAGCTGAACAATTACATCTACTTTGCGGCCGGCAGTCCGCCCCAGGGCATTTTCATGGATTTTGTCGAAGATCGCAAGGAAGCCTTTCAACGGGTGTTCAATGTCGTCAATATCGAAAGCCCGGTGTCGGTTCCGGCCACGGCATCACTGGACCGCTTCGCCGTGATCAAACCCAAAACGAATATAGGGGATAACGTGCTGGTGGCCCAGCGTGCTTTTCTTCAGAACTCCACCCTCGGTAAAGGGGCCAACGCCCAGGAGAACTGCTACATTATCAATTCCACGCTGGAGGGAGAAAATGTGACGGCCCACGGGGCCAAGATTATCGACGCGGATATGGGCAACCATGTTTTTGTGGGATTCAACAGCTTTTTGCGGGGACGCCCGGATGCAAGGCTGACCATTGGAAAAGAGAGCGTTGTGATGCCCCACACCATCGTCGATATCAGAAAACCGTTGACGGTGCCGCCCGGCAGCCTGGTGTGGGGGTTGGTGAGAAACCAGGACGAACTCGAAGCCAACAGCATGTCACTGAAGGACTTTTCCAAAATAAAAACCCGTTTGAGCAAAGGCAACATGCTCTTCGAGGGCAGCGGGACCAGTTTCGTCACTGCCTTCCAGGAGCGGATTCACCACATTCTGGAAGCCAACGGCGCTTTTTACGATGGCAATCTGAATCGCGGGCACGCCCAGCGAAACCAGAATATTTCCTTCAATACCATCCAGCCCTACCCGGAAGGGGACAAGGAAGGGATGTACCCGACCATCATTATCCAGCCATAAAACAGCAGGGTCCTGTCTTTCAGGACAGGACCCTGCTGTTTTTATCCGTTTTCTTCTTGATGAAATCGTTAAAAGCGTTTCCAGGCCACACCTGGCCATATATCCGAAAGGAACCGAAAAGGCGTTGGAGCGGCTTCCAGCCGCGATGCAAAGGGATGATCGCGGCTGGAAGCCGCTCCAAGTGCGCCCGTGAGCGCACGATGTCAAAGAGGTGCAAGTTCTCTTCAGGCCTATCGCTCTCCGGGCCTGTAACCGAAGGTAACTGCGTCGCCGTGAGGCGGGGTGGGAAGCAACCGGAGGTGAACGACCAGTCCGTAGGATGACGAACTCGATTCGGCCGGGCGTTGCCGGCGAGCCTGCTTGGAGAATGGCGAAGCCTCTACCCGAAGAAAGGGGACCTGCCGAGCTAAGGGGTAGCGTGTTAAAGCTGGGACAGGGGGACGTCAGGTGGTTGGAGATGGAATGGTCGGAAGGCGTCGTGGGTAAAGCGGGGAGACCTGTCTGTGGGGTGATGTGGACAGGAGTCAGAGCCTTCATAGTACTGCAGCGGCGACTGTCGTGAGAAGCGCGGAGAGCAAACCCGTGCCGAGGGAAGGGAGGCAGGAAGGTGGATGTGTGAAATCCAGTAACAGGCAATGCACAAGCTACGTGTCGCCAGTGTCCCGTCGCGGCGGGACTAAACAAGGCACAGAAACCCGAAGTTGGGTGGAAGCCTCGATCTGGACAGAGCGCATGTTGGCGGCGCTGGAAAACGGCGTCAAAGGAG
NZ_AP021874.1_gap19	760526	762735	2209	CCCGCGCTGGTTGAAAGTGTGGCCAAGGAATTCCTCGAAAAAGCGGCGCCGCCCAAACAGATCGAGAACAAGGACAAGGATCAAGGGGACGAATCCGCTGGCGACGACATCGATAACCGGCGGGAAAACAACCTCAAGGCCATACAGGCCATTCCTCCGGATTTGCTGATCCAGCTGATTCAAAATGAACATCCCCAAACCATATCCCTGATCATCGCCCATCTGCAGCCCCACATTGCCAGTGAAGTGATGGGACTTTTGCCTGATGAGTTGAAACCCGATGTGGCCTATCGTATTGCCAATCTGGATAAGGTGGCCTCCGGCATGCTGGAAGAGATTGACCACGCGTTTGAAGAAATTCTTTCCAACAAAGAGACGTCCACGACTCAAAAAGCCGGTGGCGTGCCGCGTCTGGCTGAAATCCTGAATATGATCGATGGCACTTCTGCGGAACAGATTATCGAGGACATCGAGGAAAACGATCCCGATATGGCTGAAGAGATCCGGCAGAACATGTTCATTTTCGACGACATCATTCTCGTGGATGACCGGGGGCTGCAAAAGGTGCTTCGTTCTGTAGAATCCCAGGAACTGGCGGTTGCACTTAAAGCGGCGGCAGACGAAGTCAAAGAGAAAATCTTTCGCAATATGTCCGAACGGGCGGCCGAAATACTCAAAGAGGAAATGGAAGTGTCCGGCGCTGTAAGGATCAAGGAAGTCACCGATGCGCAGCAGAAAATAACCAAAATCGTCCAGGACATGGAACGAAAGGGCGAGCTGGTCATCAGCGGACGGGGAGGGGAGGAGTTTGTTGGCTAACGCACCCAAGGACACGCAAGTCTCATCGGTTGATACGTGCGGATTATACTATTTTCCTGAAATTCCATGCGACTCGGAAAAAGGGGCTGCAGCCCCACCGGCCACCGGGCATTTCGTAAGCGGGACGCACGGCCCCGACAATGACCGCCCATCGCCGCATGAGGAGGTTCAGGATCCGGAGCAGATTCAGCATCTGGTCGAAGAAGCGTTCAACAACGGTCTCGATCAGGGCAAGGCGGCGGCGATTGCCGCCAACCGGGAAAACGTCGATCGTGCAACGGCTGCGCTCAAAGAAGCGGTGGCTGCTCTGGTGCGGGCACGGCAGCAGGACGTGGAACGCATGGAAACGGAAACGGTCCGGCTTGCCCTTGCGATTGCCAGGAGAATCATCGGTCACGAAAGCGACCAGGGTGCGGTGATCGCCCATGTGGTGAAAACGGCAATGGAGAAGGTGTCCGATCCACGTTATTTAACCTTGAAACTGAACCCTGAAGATATCGATGCCGTCAAGGCCTTTCAGCACGAATTACTGCCGGATGACGACGTCAGCGCCGATCTCCGCCTCGACGCCGATGAAAACATTCGCCGGGGAGGCTGCATTATTGAAACCAAGCTCGGCGATGTGGATGCCAGAATCGATCAACAGATAAAGATCATTGACGCATTGCTGACCGAAAACCTTCCCAAACGCCCTGCAGAAGGCTGAGACAGACACCATGTTCCTTCCATTTTCCACCGCCAAATATCATGACCTGGTCAATGGGGTGATGCCCATAAAAGCCAACGGACGCGTACAGAAGATCGTCGGGCTGGTCATCGAAGCCAGCGGTCCGGCCTCCCAGATCGGATGTGTGTGCGATATTACCACCGAAGGCGGCGTCGGCACGGTGAGTGCCGAGGTGCTGGGCTTCAAAGAAGACTCGGTGCTGCTGATGCCCCTGGAAGATATCCGCAGCCTTGGCCCCGGATGCAAGGTTACGGCGCGCAAAGAAACGGCGCATGTGGGGGTGGGAAAGGCCCTGCTTGGGCGGGTGATCGACGGATTGGGCAATCCAATCGACGGCAAAGGCCCGATCGAGGTCGATGATGCGTATCCGATATATGCCAATCCGGTGAACCCCCTGCTGAGAAACCGTATTCAGCAACCGCTGGACCTGGGGATCCGTGCCATTAACGGCCTGCTGACGGTGGGTTGCGGCCAGCGGATGGGTATTTTTGCCGGTTCCGGTGTCGGTAAAAGCGTATTGCTGGGAATGATCGCCCGCCGCACTTCCGCCGAGGTGAATGTCATCGCCCTGATCGGTGAGCGGGGCAGGGAACTCAATGAATTTATCCAGAAGGACCTTGGAGAGGAAGGGCTGAAAAAATCCGTTGTCGTTGTCGCCACCTC
NZ_AP021874.1_gap20	827045	828283	1238	CCTTTGTCATCGATGCCGACAGCAAGATCACCCACTGGAACCGGGCCTGCGAAATGCTGACCGGCATCCCGGCAGCCGATATGATCGGCACCGGCAACCATCGTGAAGCCTTTTATGTCCGACGGCGCGAATTGATGGCCGACCTGATTGTCAGGAGGGCGGGCACCTATGATTTTTCCATGCTTTACGGAGGGAAATTTAAAGGTTCCCAATTGATAAAAAATGGTTACGAAGGTGAGGAATTCTTTCCCAAACTTGGAGAGAACGGGAAATGGCTGTTTTTTACCGCGGCCCCACTTAAAGATGACCACGGCAATGTCATCGGTGCCATCGAAACGATTCAGGACATTACCGACCGAAGACTGGCAGATCAGGCGTTGCGCACCAGCGAGGCGCGCTACCACCAGCTTTTTGAATTTGCCAATGATGCCATTTTTATTCTCAAGAACGAGTCGATTGTCGATTGCAACCGCAAAGCCCTGGACCTGTTCAAGAGTTCCCGACAGGAAATGCTTGGCTTGTCACCCCTCGATCTTTCGACCAGGACCCAGACCGACGGCGTGTTGTCAAAAGATGAAGCCAGTCGAAAATTGGAATTGCTGCTTCACGATGTTCCCCAATTTTTCGAATGGCGATTAAAGAGAAAGGATGGGTCGCAATTTGATGCGGAGGTCAGCCTGACTCGATTTTACATCACCGGCACCCCCCATGGACTGGCCATCATTCGTGATATCACCGGTCGCAAAAAAATGATCCAAGCGCTGGAGGACCGCCAACGCGCATTGGATGATAAGACAAGCTATCTTGAAAAGGTCAACCAGGCCCTGAAAGCCTCGCTTGATCATCGAGAGGTTGAAAAACGAGCGGTGGAAGAAAGTATGCTGGTTATTTTGAAACGTTTCGTCTTTCCGTATATCGAAGAACTGGGTGGATGCCAACTCAGCACGGATGCCAAAGCCTACGTGAATATCATCGAGACGAACCTGAAAGACATTGTTTCTCGATTTTCCCAAACCGTTTTTTCCAAATACCTCAATTTTACCCCCACTGAAGTTCGCATTGCCGATTTTATCCGTGGTGGCAAGAACTCCAAAGAAATTGCCCAACTGCTGGGACTGTCCCCCAGTTCAGTTCAATGGCATCGTAAAAACATCAGGGAAAAACTGGGTTTGACCAACAAAAAGGTGAACCTGTATACCTATCTGATTTCATTGGCTGAATAATTTTTCGAACCCGTC
NZ_AP021874.1_gap21	849637	852621	2984	GCCACATGGCGCCTGCATGGCCATTTTGCTGCCCTATGGTCTGGAGTACAACATGCATAAAAACAGCCATCTGGCCGCTCAGCTGTTGCTTCCCCTGGCCGGGGTGCAGACTTATGCGCGCACCCCGGCCCATCTTCGTGCGCAGCAGCTCGTTGCTGTCATACGGCAGTTGAACCAGCGCCTTCATCAGCAGACCGGCGGGCGGCACGCCCGTTTTTTCAAGGAAATTACGGGGCCGGACGGCAACGCCAGCGTGCCGGTGGAAAAGTTGAACGACATTGCGGATAAAGCCATGGGGGACGGCTCCATTTTTTACAATCCCGAGGAAATAGACCGTGACGATCTGATCATGGTCATGTCACACGCGTGGGAGGGAACCCCGCTCGATCGAAATCTCGTCAGAAGAGGCAGCCTTCAGATCCGATGACCACCACCAACAAAGACACGTATAATCGAACCTATCCCATTTCGTGGGAACAACTGCAACGGGACGCAAGGGCGCTCTCATGGCGCCTGATTGAACTGGGTCCCTGGCAGGGCATCATTGCCATTACCCGTGGCGGGCTGGTTCCGGCCGCCATCATTGCCAGGGAACTGGATATCCGCCTGGTTGACACCGTCTGCATTGCCAGTTACGCTGGGCGGCGTCGGGGACAGATCCAGGTGCTCAAAGCCACCTCCGGGGACGGGGACGGCTGGCTGCTGATCGATGATCTGGTGGATACCGGCAAGACGGCCAGGCTGGTCCGCGAAATGATTCCCAAGGCTCATTTTGCCACCGTATACGCCAAGCCGGCCGGACGCCCCCTGGTGGACACCTTTATGACCGAGGTCAGCCAGGATACCTGGATCCTGTTCCCCTGGGATTCCGAAATTCAGTTTGCAAAACCCATTGCAGGACGAAAACAGCAGGACGTGTAGCCATGATGCCCGCTTTATGGACCAAGGAGACCGTTGCAATGCGAATCAGGGTGATCGTTTTCATCGCAGCCGTTGTGATGACGGGCTGTGTCCATCTGGACATTCAAAAAAATATCGACGCGCTGGGTCGGATAGAGCCGGGCGACACCCAGGCGGCCGTTTTTGAAACCATGGGCCCCCCCGATCTCAGAAACGATATCAACGACCGCCGCTTCGTGGTCTTTTACCAGACCAAAACCGGCAAGGCCGACGGGACAACGCCCTTGACCGCGCTGTGCACACCGATCGCTTTCGAGAACGGGAAGGTGGTCGAGGTCGGAAATGATTTGACCGATCAGTGGACCCGGGAGGAAGAAGAACGCCAACGACAGGCAGAGATTGCAGAAAAAGCCCGGCGGGAAGCGAAAATGGCCGAATTGGCCCGGCAACGGGCGGAAACCGAACGCCGGGATAAAATCGCCGCCCTCGAAAAAAAAGTGAAACCCGTACCCGTCTCCAATGCCGCGTTGAACCTGAAGTTATATCGCCAGTTAAGGGATCTGGATCCGGATAATTCCCGATACCAGAAAAAAGTGGCCTTTTACGAAGAACGGCTGGTCCGGCAAAAAAAAGCGCGGCAGGATCGCGCCGCCCGCAAGGCCAAAGAAAGGCAGCGGCGTGAATGGGAACAGGCCCGGGATACACGCAATAAGCAGCTGCGGCATTATACCGGCAACGGCACTGCCGAGATGGCCGTGCACGACATGGGCAGCGGATCCCTCTACGTATGGGTGAAAAACGTGAGCCAGCAGATTATCACCACCCACCCCGACTATTTCACCCTTTTGGACAGTGACCGCAACCCGGCCAGGTGTGAGATCAGCGACAGCCTGGACAGCGTCCTGGAGCCCGGCGGCATTTCCCACGGCAAGATTGATTTCAGCAGGGAGGTCCAGCCCGGCGAGTTGATCTTCCAGAACCGGGAATCGGGACGGATCAGCAAACTGTTTCAATAAACAGTTCCAGTCAACAGACCCTTTCCGAAAAGAAAACCGCACGGCCCCTCCACGGGATGTGCGGTTTTTACGTTTCAACGGGGCTTTATCTGTAAGCGTTTGCGGGGTTGAAGCGATCAACGTGTTGAAAACACCAAACGGCAGGCGTTTACACGGTGCCGCAGATGCAAGGCGGCGGGCATGCAGGCGCGCTGCTTGTACTTCAAAAGCCCGGCAACGGAGCAGATGCGGTACCCTGTGAACGCTTGCCGTTATTTCATCAACCCGGGCAGGAACAGGGCGATCTGGGGAAAGGGGATCATCAGCGCCACCCCCGCAACCAGAGCGACCAGCAAGGGTATGACCCCTTTGAAAATGACCTCCAGGGGGACGGTCCGCGCCACGCCGGAGACCACATAGACATTGACGCCCACCGGCGGGGTGATGACCCCGATCTGGGTGACCAGAACGATAATGACGCCGAACCACATGGGGTCGTAACCCATTGAGATGATGACCGGATAAAAGATGGGCACGGTCAGCATGATAAAGGCCAGGGCATCGATAAAACAGCCTCCCACCAGGTAGACGCCGATAATCAGGGCCATGATGAGATAAGGCGGCAGGTTGAAGCCGGTCACCCAGCTGGCCACATCGAAAGGGATCCGGGTGATGGCCAGAAAATGGCCGAAAATGGTGGCGCCGGCCACGATCACCAGGACCATGCAGGATATACGGGTGGTTTCAAAAAGTGCCTGGATGAAGCCTTTTACGGTGATGTTTCTACGCGCAGTGGCGATGATCAGGGTCCCCATGGCACCAATGGCGCCGGCTTCCGTCGGCGTGAAGATGCCGAAGAAGAGACCGCCCATGACAAGGGCAAACAGGATCAGGGTTTCCACCAGACCGGCCAGGGATGCCAGCTTCTCCTTCAAGGTGGTACGGGGTCCCCGGGGGGCTACTTCCGGCCGCAGGGTGGCCCAGACGACCACGGCCAGGATAAACAGCCCGGTGAGCATGACGCCGGGCACGATGCCGGCCATGAACAGCTTGCCGATGGACTGCTCGGTCATGATGCCGTAAATGATG
NZ_AP021874.1_gap22	892123	892972	849	GATTATGAACATGTTGTATCAAAAAAATTCAGAGAGCTGAGTGACAATGAAGAGGGTATTTTTGAAAAGCGTCCTATTGACATTCAAATAGTATTTTCCAATTCCTATAGTATCCCCGAGGGAGAGGCTGCAATAATTAGAGGAAGAGGTTGTGATATTTTTGGAAGAGAGTGGCTGTTGCTTAACAAAGACAACCCTCTTCTTTCTCCACTTTCGGTTATCGTTGTCCACGAATTTCCTAATATCTATCCAGGCGAACAGCCTTGTATTATTATAAATACAAGTGACGCTAAAACTTTTTTAGGTGAGAATGCCGTTTGTGAAAAAAGATACAATGCCAAATTATTTCCGGTTAAAAAGGGTTACGTGGTTTCTCCAGTCAGACCACAGGCGGTTGTCAATGCTTCCGGTAAAAAGGCTTCTAAGAAAATGGTCAGTATAAAACAACATTCAATTTATTGACTGACTACATGCATGGGGCAAAAAGTGTTCGACGCTTTTTATGAAAGGAGAAAAAAATGAAATATTTTATAGTGGCATTATTTGTATTTCTCGTTTCTTCAACCGCATACGGAAATTGTACATACAACGGTGTTTCTTATCCTACAGGAACTGTTCTTGGACCGTTGGTGTGTTCGCCTGACGGCACGTGGCGGCAACGTTAAATGCCATCTCTGACTATAAACAGACAGCAAGCAGTATCAACTGCTTACTGTTGATGCGGTCCTGTGATTTCTGAAAGACGCCTACCTCATTTTTATTCAAGCAGGTTTGCCGGGGACGCCATCGCTGGTCCCAGCCTGCTGCGCAGCCACGCAATAACTGGATACGGACATGAATCGCAAGTGT
NZ_AP021874.1_gap23	896997	899197	2200	GCCAGTTGACGGACCATTGGGGGATCCGGCTGGGATATGCCTACCAGCGGTACTGCGAGACGACGGGCGACACCCGGGTCGTTTATGGTGATGGAACCACGGAGAGATATCTCAATGAGGCGGGGGCCGAACTCGAATACCACAATGTCTCGGTGTCTTTCCTCTATTCGTTTTAATCCGCAGGGTCGTTGAACACCAGGGACGCCTCCGGGACGCGACCCTGACCGCCGTCATGCCGGGGATGTGCGGTTGACCCTTCATACCGGCCGGTTATCCATCGTTGTGCGAACCCGTTTTCATTTCCAGAATGCGGTGGAAATCTTTGTACTCGCCGACCGCCTGCTGCTGGGCCGATTCCCGAATGGTGTTGAACCGGTCGAAATGTCTGAAAACCCTGGCGACCAGGGTTGCGTCCAGCTCGTCCCTGTCGCTCATGGACTGCAGGACCGCCATGGTGCCTTTCGTGTCCATCCCCTTGCGATAGGGCCTGTCTTCCGTCAGTGCCGTGAACACGTCGGCAACGGCCATGATCCTGGCGCCGAGGGGCAGATCGTCGCCGCCGAGTCCGAAAGGATATCCGGTGCCGTTGAGCCGTTCCTGGTGCAGCGAGCCCCATTGGTTGACCGGGCGCAGCGCTTCGAAGGGTTCCAGGGCCTGGTAGGTATGATACACGTGGGCGCGCATGATGAATTGTTCATTCTCGGTCAGCCGGCCGCGTTTTTCGATGATTTCCGACGGAATGGCCAGTTTGCCGAGGTCATGAAGATAACCGGCGATTTCGATCAGCCTGCGTTCACTTCTTGAAAATCCGGTCACCCTGGCCAGTTCGACGGCCACGGCGGCGACGCCACTGGAGTGCGTGGCCGTAAACTCACTTTTGAAATCGATCAGGCGGCACAGTAGTTTTGAAAATTCTACCAGATCCTGTGCTGACAATTCCCTTGCCGGGAAGGGGACCGTTCTCTTGAGGACGGTCTCCATGGGGTCGGATGCCGCATCCAGCCAGACGTACGCCCGGTGTTTCATGGCCATCAGGGCGTCGACATGCTCGGGGACGAAGACCTCGCCGCTTCGTCTGGAAATGGACGCGCAGATGTCGCCAACCTGGGCCAGGACCGGTTCACGCCCGGAAATCAGGACCGCCACGCGATCCGCCAGGTGGAGAAGGTGGCTGCCGGCGGGCACCTGCACACCATCCTGGAAGGCGCCGCCGCCGTTTTTCCACGGGAGGTGATGAAATTTGATCAGCCCGGCGATGGATGCAAACGGCTCGAACGGCTCGAGGATAAGACAGCCGGCCATGGCGTGCTCTCCGGGCCGGGCATCCTCGAACGCCAGCAGGTCCAGCCGTTCCTGTAACGAAAAGGCGCCGATATCATGAAGCAATCCGGCAATACAGATATCGAATTTGTCTTCATCCGGCAATGCCAGCGCATCCGCCAGCCGATAGGCCCAATAGGCAACCTGCATATGGTGCTGGCCAACGGCTGCATTCATCAAATCAACGACCTTGGCGATGGACATCGCCAGATCGGCAAGGTTCACGCGAAGTCTCTGGTTAAACATGGGCCCTCAATCCGGAATCATCCGTTTCCCAAAAAGTATAGAAATGTTCCCCGGTTCCGTCAACACAAGAACCGGTGATGCCCTTCGGCGACGAGAATCTTTGCCGGAATTTTCAGTCACTATCCTGGCGACACCCTCGACCCGGCGATCCGGCATCCCGGGCGCCGGCATCAGTCAGGATGGGCAGTCCGGATATTCCATCCACTGGTAGCTTCTGCCTGCCATCAGCCGATCAACCGCCTCTCATTGCACCCATCCGCAGATGCTGTATGTTCCGTACAGATAAACGAAACAATCAATCAGCATCAAACCGGCCCGGAGGCGATGCCATGGCCGAAAATAAAACCCAGGATTACTTTGACGGCAACAGTGATGGGCACGTTGACACCCGCGAAGCCAATTTTCAGTGCGAGAACCCGGACAGGCATCTGGGCTGCGACCCGGGCATCGATGTGATGGGTTAATCGAAAGAAAGGTGCCCCCATGACAGAAGTTCTGCTGACCCTTTTCATACTTGGCTGTTACATCAACAGTTGCACCGCTGGACGGCCATCACCGGCTGCCTGTAAAAATCCAGGGCATGATCGACGGCAGCGCTTCGAATAAATGGCCAGTCGATTGATCTAAAGAGCAG
NZ_AP021874.1_gap24	906947	907472	525	GGATGCGTTTGAGGACCCGGGTTGCAAAACGGCGTCGCAACTCATCCAGATGCTGATCCCGTTTGTCATCATAGCCATGGACACCGCCACCCTGGGGAGCCGCGCCACGCCCGGTTTTGGAATCCGCGAAATTATCCCTGGCCGATTGGATATCGGCGTTTACGAGTTCTGCATGTGGTTTTAATCGGGGTCCGGACTCGATTTTGGGAAACTTCGCCGGCTCGAGTGTAAAAAAACGTGCCGACGCACGGTTCACCACTACAATCAGATTGTCGCTCATCGGGTCCCTCCTTTTTTAAGGGTACATGGGCAGGCAAATGATCGAATAACGGATCAGTGCATCCCAAACTGAGCGTTTCAAATTTTTACAGATTGAATAACCGGTTTTTACAGTTTGCCATTGTGGCTTGCTGCACTTGAAAAAATTGAAACCCGTTGGGATTGCCGATCTCACCGCATAACCGGTGTCAGCTGGCATCCCGCACAGGCGACTGCAGATAAATGCCGGCTTCCCCGGTTTTGCGG
NZ_AP021874.1_gap25	909980	914604	4624	AGGTGGTTGGAGATGGAATGGTCGGAAGGCGTCGTGGGTAAAGCGGGGAGACCTGTCTGTGGGGTGATGTGGACAGGAGTCAGAGCCTTCATAGTACTGCAGCGGCGACTGTCGTGAGAAGCGCGGAGAGCAAACCCGTGCCGAGGGAAGGGAGGCAGGAAGGTGGATGTGTGAAATCCAGTAACAGGCAATGCACAAGCTACGTGTCGCCAGTGTCCCGTCGCGGCGGGAGTAAAGATCCACACCCAGAGGGTGTGGCTTTGAAAAATCCCCCCATAGGGGGGACAAAGCCCTGCCCCCCAATAGGGGGCGGGCCGTGGGAGTTGCGCCGCCGTTATGATCCCTAATCGATCAGCTGCAACTGTTCCATTAACTGCTCTTTCTTTTCCTGGTAGCGGACATACTTGCGTATCATGTCCGCATCCAAGCCCACTGTGTCAACACAGTAACCCTTGGACCAGAAATGATTGCCCCAGTATACCTGCTTGCGTAGATGCCGGAACTGCCGGAATATCCGCATCGAGCTTTGCCCTTTCAACCGCCCCATCAATGTGGATATCGCAAGCTTGGGCGGAACCATCACAATCAAATGAACATGGTCTGGCTGCACGTTCAGTTCCACAACTTCGCAACTGGAAAACCCGCATATTGCATGAATACTGGCTTCACAGGATTCCTTTATTGCGCCGGTCAATACCCGATAGCGGTACTTCGGAACCCATACAATATGATACTGGCAATGCCATATCGTGTGTGATAACTTACGGAATCTGCTCACTGCTCCCTCCTTACGTGTCGATGTTGCGGCAACAACTCGATGTAAGGATAGCAGTGAGCGGCCTTTTCGGCCATTCCCATCCGGGACCGGCATAGCCAGTCCCCTATACCCCACCCAAAGGGCGGGGGTTTCTACAGCGATCTAATGTTGATTCCCGCAATCAACGGAAGACAATTTTCGGATTAAATTGAAGAGTTTTCGAAGTTTTCAAATTTACTGGAACTTTGTTTATATCCACCGGTTTTCAACGACTTTCCACCGTTGGTCGGACCTCTATTAGGGTGCGCTACGCGCTCCAATCTTATGGGTTTTTCAAGGCATGGGCAGGAAGGCTTGAATAAAATGAGGGGAGCAGCATTTCTGATTTGCTACTCCCCTCTGGGCATTTTATTCAATGCCTCCTGCACCCGGCTATCCCTTGACAGGTTGCTCCCCAGCAGAGCCTGTCTCCGTTTCACCGGGCAAACCGTATCGAATCGGATTAAAATTTCATCTTTTTCTGCTGGCTTACCACAGACAACTCATCCGTTAATCGGTTGAGCACATTTAAGATGGCGGCCAATACAAGCGCCTCCAGTTTTTGGCGGATATCTTCGGCGGTCGGATGGGATGGCATATCGACTCCTTTCCTAAAATATTTCGGATGCGGCAAGCCGCACATGTTCCGCGTTGACAGTTTTTTCATGACCCATTGCCGCGGCAACCAGGGCACCGCGAGCCAGGTGGTTGGCTTTCCTGAAGATGCCGCCCGATCCTTGGTGGATGGCCGTGATAGCATCACCTTCGAACAGCATCCGGTCGATTCCGGCAATGGTCAGATGATGCTGAAGATAGGTTTGCATCTGTTCTTTTTTGGAACCGATGAAATGGCTTTTGGCCACCACCCGCGATGCCAGGGGAAGACAACCCGGATATCGCAGGTTGTCGATCAAATGAGTTTGTCCGGCCAGTACCATGGGCAGGTAGGGTTTTGAGTCCATCTCGAACTGACACAGCGTATGCAGCTCCACGAAGACTTCCAGACGGAGCAAAGAGGCTTCATCGATGACCAGAACGACATTTTGTTTTTTCCCGTGGATCAATTCCAATACTTCTCGTTTGATTCCATCGGTCATGGCCGCACGGGAGGTCCCGGCAGGTTTCATTCCCAGTTCTCCCATGATCAGGCGGTACAGTTCCAGGATGGAACCGGACGTGGCTGTGACGTAGACCAGCTTGTACTCGGAAGGATGCAGACCGTTTACCAGATAACGGATGGCTGTGGATTTACCGGAGCCGATCTCACCGGTGATCAGATAAATCGCCCCTAACCCCAAACTGTAATCGAAACGGTTCTTCGCTGCCGCCAGTTGATCCGTTTCAAGTATATCCGTCACCGCGATATCCGCCGTGAAGGGCTCTTTCTCAAAACCGAAGAACGGCAGATACGGCGTATTCATTTCCATAGACCGCCTCCCTGATAATCCGTCTTGTGGGCCGGTTCGAGTTGGGTATTGATGTTCTTGTCCCGCTTTACCCGGCAGTTAACATGCAGATCCACGGGAACCAACAATCCGTGGGACTTCCGATTGAAAAACACCTCAGCCGTTTTCGGTTCGCTTTCGTGATACAAAATCAGCACCCGCTTGCCGATCAATACCACCGGGGCTTCGAACAGGTTGCCGTTGAGTGTGACGGTTCGATCCTTTGCGACGGTTCGGTATACGGCGGTGCGAAAGTGATCGTTCAGGTTCTTCGGTGCCGTTCGGATGCAGGCAAGGTTTTTGCTGAACCGGTTAAAGGGCGTCATGCCGGTGGCGCTGTGAATGCGTTGGTGATAGGCTGTATCGAGCCAATGGGCAAACGACTGATTCAATCGTTCCAGGGAGGAAAGATCGGCTGCAGGTAAAAATCCACCGCGAACGGTTTTGAAGAATCTCTCAATTTTGCCCTTGCCCTGGGGCTTGTACGGCCTTGCATGAATGAGGGCGATGGCCAGTGAGGCACAGGTAAATTCGAGTTTGCGGCTGCGATAGGCAGCGCCGTTGTCCACGTACAGTTTTCGCGGCAATCCTCGTTTGGAAAGTGCTTTTTCAAAAGCATCCATGAAACTGGCCAGGTTCTCCGACAGGTAGAACCCGCCGTAAACGATCAATCGGGAATGATCGTCGATAAAAGCGATCAAATAGCTTTTTCGCATTTTCTGATCGACCACCACCTTGGGTCCGTGCATCACATCGCTTTGCCAGATGTCGTTGACCAGCTCGGCTTCGTACTTTCTTCGATCCTCCGGTTTGGGGGATTGATCCATCAACCCGTGTCGGTGAAACAGCCGATAGAGGGTGGAAAGACCAAAGCTTGCAGGAACAATTGTCTGGCGTTTGAGACTTTCCAAAAGCATCGGGACTGGCGTTGCCATCTGGCTTTGTCTAGTGGCAAGGACGATGTTGACTGTTTCTTCGTCCAAGTTTCGGGATCTACCCTGATCGCCTCTTTTCCCGGGATACAGCGATTCGATACGGCCGTTGCTTTTTTGGTAACGTCGAATCCAGCGATAGATCGTATTTTCGCTGATCCGTGTTCGGCTGGAATAGGGAATGACCCATTTGCGCTCGCACTTCTCCCTCAACAGTCGCCGTTTCTCGCTTCTGGTCAGGTTCGTCGTGCCGACAAACTCGTGAATGACCCCGAACCGGAAAACAGCGACGGTCTCATCCTTTTCTTGTGTCATACAAACCTCCTTTTTTGTGTTTCCCCTAGCTTTAAACCATTTCTCACGGTACGGGGAGCGCACTGTTCGGTAGGTTTGTCGATGACGGAAAGAACTCCGGATTAGATGGTCCGACTGACAGGTGTCCGGCCCATATTCAGGAATAGGGAAAAGGCGGCAAGCAAATCGGTTCCGATCCCGAAACAGGCCAGGGCTTTTCGTTTCAGTGCGGCCAGCCAATGGCGCTGCCGGGATGTAGACAACTTCGAGTTCCATCTGCCGCTGGATAGGCGTTGCTTCAAACAATCGGAAATTGTTAAAATCGGCACCTGGAAACGATTAAAATAACCTTCGGGCTTCATTTTGATAATGCAATTACAGTCCGGGCAACGGTATCTTCGAAGCCATACGCCAAAAGCAAATCCATCAAAATAGGCGAGTACGAAACCGTGTCCCCATATTCGGGTTGAACCACACCTGGGGCATCCGCGAGGTGTTGGCCAACAAAAATTGCGTCCCTGTTCATCAATATCCTTGAGTTTTACACAAACGGAAAGTATCATCGGACCATTCTTTGTTGGGGTCGATAATACGACCCGGTTTTCTGGGGTGCTCCGGTCTGCCAACCGTCACCCCTTTTCTTTATCCATAAAAAAAGCCCCCTTGCCGGAGGCTCATCTAATTCGAAAATTCTTTTCCGTTTGTCAACGATTGTGATTATCTTGCCGGTTACTCCACCCTCGATCCCGCTAACCTACACTAAACAAGGCACAGAAACCCGAAGTTGGGTGGAAGCCTCGATCTGGACAGAGCGCATGTTGGCGGCGCTGGAAAACGGCGTCAAAGGAGGCACATGGTTCAGCCTGATCGACAAGGTTGCCCGTCAGCGAACCCTTGAAATCGCGTGGCAGAAGGTCGCCGCAAACAAGGGGTCGGCAGGTGTGGACGGCCAGAGTATCGAACGGTTTGGGTACAAGGCGTCGGCTTACCTTGAGGAATTGTCGGAGTCGTTGAAATCGGGAACCTATCGCCCCCAGCCGGTCAAGCGCGTGGAGATCCCCAAGGGACCGGGTAAGACCCGCCCACTGGGAATTCCGGTGGTCAAGGACCGCATCGTGCAGACGGCGTTGAAGTTGGTGATAGAACCGATTTTCGAA
NZ_AP021874.1_gap26	926302	927933	1631	CGTCGGGACTCCCGACAGAAATCGGGTCGGGCCGCGCTATGTAATTGATAATTAGCAAATTTCAGCAAAAATCAGGCCTTTTTTAGGTCTTAAACGAACACTTTTGGTGGTAAAAAAGGCGCTTTAACAAATTCCAATTGAAGAATGGATTCCTATGGCAAACGGTTCAGACGCTAACTCATCCCTTGCAGTTCTGATCGATGCAGACAATGCAAACCCCTCAATCATTGAGGGGCTGCTGGCCGAGGTCGCTAAGCTTGGACTGGCAAGTGTGAAACGAATATATGGAGATTGGACAACCCCGGATTTAGGGTCCTGGAAAGCCTCACTTTTAGAATTTTCGATTCAGCCGATACAACAATTCAGATACACAACGGGAAAGAATGCGACCGATAGTGCAATGATCATCGATGCGATGGATCTGCTGTACACAGGCAATTTTTCAGGATTCTGTCTGGTTTCCAGTGATAGCGATTTTACCCGGTTGGCATCTCGAATCCGCGAGACTGGCAGGTGGGTATACGGCTTTGGGGAGCGAAAAACGCCGCGTGCGTTTGTGACTGCCTGTGATCGATTCATATATACCGAAGTATTTGTTAACTCTAAAGATGATGTCACCGCCAAGGTTTTGAAACCACATTCAGACAAAGAACTCCGCAGCGACACCAAGCTTGTAAATCTGGTGCGCTCGGCAATCGAAGCGGCATCGGATGAGGCGGGATGGGCACAGTTGTCTCCGGTCGGGAGCTATATCAACAAAACTGCCAACGATTTCGACCCGCGAAATTACGGCTTTTCCAAGCTCAGTGAAATGATCACCGCAATAGGACTGTTTGATATTGAGCGAAGAGAGAATTGCGTCTATGTGAAGGATGCCCGCAGGAAAGCCAAGTCATGCGCCTAGTTTTTTCTTCAACTGAGACCCTTTCACCATCGAATCAAATGCAACCGAGCGATACCCGCACCTGGCATGAGGTTGTCGGCCAGATGCTCGAATGGAAATAGTTCATTTCAGGAGTTCAGAATTAGCGACTCTATGGAGATACGAATAAAAGCGGGGTCGGGCCAAGCTGAATTAGCGATTATTAATGATTCAGGACAAAAAAGAGGGTCCTGTTTTGGGATTAAACCGATTTTTTTAGGAAAAAAAAGGCCGATTTAAAAGGTACTTGACAATTCGGTTGTCAGCGATTGAAGATCGCGCCGGGGATGTCGACCAGCGGCGGGTATCGGCGCTGCGAGTTATTAGCGTCCAGATATACCCATCCGCATTACGGCGCCAGAACACTGGCCGCCGTCGGCGTTAGAAATGCGTCTGAAATCGGTGGTAAATCGTAAAAACTGAGGGCATCTGCGAGGCTTAACCCTCCAGGAGAAAGGAATCAGTAAAGGAAAGCGGGTTTTTGGTGAATATGCGAGGACAGGCGCGTGCGTTGCTCAAACAGACACTGGACGATCCAAATGCGGATTTCAGAGATGGTCAGTGGGAATGCATCGCAGCTTTGCTGGAGCGACGACGCTTGTTGGTGGTCCAGCGCACCGGCTGGGGAAAGAGCATGGTCTACTTCCTGGCCGCCCATATGCTTCGTGATCAAGGTGCCGGTGCGGCCCTGCTGATTTCCCCGCTGCTT
NZ_AP021874.1_gap27	1045347	1050026	4679	GGCCAATATATTCGAAGACGGCATCCGCAGGAATATTTTTGTCGACAAGCATCCGACGGCCATTGCCGACATCCTCTGGTCACTTTTTTCAGGCATCGTGCTTTGGGAAACCAGCAAAAAAATCATCAATGGCCAGAAGGATTACTTAAAGGAAACCTTCGACACGGCCTTTGAAATTTTTTCCCGTGGAATTCTGCGTAATTAAACGGCGCACCAGCCTTTTGCTCAATCGATGACAACATTTAACGGAATCGTGAAAGGGGGGATCAAACCGGGGGAGGGAACTTCTTTCGAATGCCTTCAGCCGCACCAATCGATCACCACGCCTGGGGCGCAGGGGAAACTAGGTACCAGAAAGGCATTGAAAAGAAGCCGAGCAAAAAGCAATCCGACTGAAACTTCAACTTTAATTGGAGGAAAGTGACCCATGGCAGAAAAAGAAGTTGTCGAAACATCAGAGGCTCAAATTGCCGTACACTGGCAGGAAGAAGGATACTATTATCCGTCGACGGATTTTATCGCCCAGGCTAACATGTCGGACAAAGGCATCTACGATCGGTTCAGCCTGGACAATTTCCCCAACTGTTTCAAGGAATACGCCGATCTGCTGGATTGGTACGAATACTGGGATGAGATCCTGGATACCAGCGACGCGCCCTGCTTCAAATGGTTCAAGGGCGGCAAGATCAACGCCAGCTACAACTGTGTTGACCGTCACCTGAAAGATAACAAAAACAAGACCGCCATTCACTTCGTTCCCGAACCGCTTGAAGAAAAATACGAACACATCACCTACCAGGAACTCTATGTCCGCGTGAACGAATTCGCCGCCCTGCTCAGGGATTTTGCCGGATTGAAGCGCGGCGACCGCGTCACCCTGCATATGCCCATGGTCCCTGAACTGCCCATCACCATGCTGGCCTGCGCCCGGCTGGGCGTGATCCACTCCCAGGTGTTCGGCGGATTCAGCGGCACCGCCTGCGCCGACCGGATCGTCGACTCGGGCAGCAACGTCCTCATCACAATGGATGCCTACTACCGCAGCGGTACGCTCCTCGACCACAAGCAGAATGCCGATGTGGCAGTCGAACATGCCGCCAAGGACGGCCAGAAAGTGGACAAGGTGCTGGTCTGGCAGCGGTACGCCGGCAAGTACTCCGCTGATACACCGATGGTTGACGGGCGCGATTTCTTCGTCAATGACCTGCTCAAAAACTACTACGGCGCGCGGGTCGAACCGGAGCGCATGAACTCCGAGGATCCGCTCTTCCTCATGTACACCAGCGGGACCACCGGCAAACCCAAGGGCTGCCAGCACGGCACCGGCGGCTATCTCTCCTACGTCACCGGAACGTCCAAATACGTTCAGGATATCCATCCCGAAGACGTTTACTGGTGCATGGCCGACATCGGCTGGATCACCGGCCACTCCTATATCGTCTACGGTCCCCTGGCCAACTGCGCCTCGACGGTCATGTACGAAGGGGTGCCCACCTATCCGGATGCCGGACGCTCCTGGCGCATCGCCCAGGACCTGGATGTGAACATCTTCCACACGGCCCCCACGGCCATCCGCGCCCTGAGGAAAATCGGCCCGGACGAACCGGCCAAATACAACTACCATTTCAAGCACATGACCACCGTGGGCGAACCCATCGAGCCGGAAGTGTGGAAGTGGTACCACAAGGAAGTGGGCAAAGGTGAAGCCATCATCGTGGACACCTGGTGGCAGACGGAAACCGGCGGATTCCTGTGCAGCACCCTGCCGGCCATCACCCCCATGAAACCGGGCAGCGCCGGACCGGGCATGCCGGGAATCCATCCCATCATCTACGATGATGACGGCAATGTCGTTGCCCGGGGTGCCGGAAAAGCCGGCAACATCTGCATCCAGAACCCCTGGCCGGGCATGTTCATGACCATCTGGGGCGACCGGGAACGCTTCGTCGACACTTATTTCGCCCGCTACTGCAAGGATCCCAAAAGCACCGACTGGCGGGACTGGCCCTACCTGACCGGCGATGCCGCCGTTGAGGCCGAAGACGGCTACTTCCGGATCCTGGGCCGCATCGACGACGTCATCAACGTGTCCGGGCACCGCCTGGGAACCAAGGAGATCGAGTCGGCGGCCCTGGTCGTCCAGGAAGTCGCCGAAGCTGCCGTGGTGCCGGTCAATCACGAGATCAAGGGGAAAGAACCGGATCTGTACATAGCCCTCAAACCGGGCTTCGATGCCAGCGACGAAATGGCCAAGAAAATCTCCGACGCGATTTGCAACGAGATCGGAAAAATCGCCAAGCCGCGCAAGGTCTGGATCGTCAAGGACATGCCCAAAACCCGTTCCGGCAAAATCATGCGGCGCGTGCTGGGGGCCCTGTCCAACAACCGCGACGTGGGTGACGTCATGACCCTGGCCAACCCCGAAATCGTCGAAGAGATCAAGGAAATGGTCAAAAAATAACTTTCAAACCAAACGGTCCGGGTCGGAGGTCTCCTTCGCCCCGGACCGAAGGGGCCATGAAAGGAGGTGATGGGAGACCCTGAACGATCGGGGGAATCGATAACCTTTTTGGCGGCCGGTCAACTTCATTGACGAAAAGGCACAGGAGGAACTATTATGGGTGGAACCACGTGGGTTTATATCATGTTGGGTCTTTACATCATCTACTGTTTTTATTGGGGGCTTAAAGGGTATTTTACGGAAAAGACATCTTCCGGCTACGCCATCGCCGGACGGTCCATTCCCTTTTTCGCCTTCCTGCTGGCGGCAACGGCGGCGTCGTTTTCGGGATGGACCTTCATCGGCCATCCGGGCCTGATCTGGCGGGACGGCCTGGCCTATGCGTTTGCATCGTTTTACGTACTCACCATTCCCATCACCGGCACCTTCTTCTCCAAACGGACCTGGCTGATGGGCAAGCGCTACGGCTTCATCACGCCGGGCGACATGTACGCCTATTACTACAACTCTGAACCGCTGCGGTTCCTGGTCGTACTCACCGCGGTTCTCTACTCCATTTTTTACTCGGCCGTCCAGTTGATGGCCTCTGCGGCCCTGTTCAACGTCATCGCCGGGGTACCGGTGACCTTCGGTGCCATCTTCATGGCATTCATCGTCTGGTTCTATGTATGCACCGGCGGGTTGAAGGCCTCCACCTGGGTCGGCGTTATTCAGTTTGTACTGCTGGTGGGTGGTATCATCATCCTCGGCTTTTTCGTCATCACCGCACCGGAATTCGGCGGCTGGACCGGTTTCTCGAAAGCGGTGCATGCACTGGATGCCAAGCTTCTGGAAGTGCCCCGCGTGATCAACACGGTGGACTACCTGGGCGGCGCACCGGGTGAATCCGCATGGACGGCGGTCATGGTCCTGACGTACATGTTCGCACTGATGGGCATTCAAAGTTCGCCCGCTTTCACCATGTGGACCTTCGGCATCAAATCCCCCAAACCGCTGGCCTGGCAGCAAGCCTTCATGTCCACTTTCGTGGTCGGCTTTGCCCTGTTCTTTTTCACCGCATTCCAGGGAATGGGCGCCAAGGTGCTCGAACTGGCCGGAAACCCGGCCTTTGCCGACATCAACCAGGCGACGGTTGTACCCACACTGATGAAAAACTTTTTGCCCCCCTTCATGCTGGGCGTTGTTTTCATGGGTGCCATCGCGGCCATTCACTCCACGGCGGCCCCGTACATCGGCACCGGTGGATCCATCCTGCTGCGCGACGTTTACTGGCGCTACATCCGCAACCAGCAGGCCAGCCATGCGGAACAGATCTGGATGAACCGCGTGTTCGCCACCGTCCTCACCATCCTGGCACTGACCGTGGGCATGACATCCAAGGCGGCGCTGGTTATTCTCGGGGCGCTGGCCACGGCCTTCGGATTCGTCATGTACGTCCTGTTGCTGGGCGTGATCTGGGGCTTCAAGTTCCCGAGGGTTGGTGCCGTCCTGGGGGTACTGACCGGCATGATCGCCGTGTTCCTCACCTACAAAATCTGGCCCAACCCCCTTTCCATGCACTGCGCCTTCTGGGGTACCGCCAGTGGGCTCGTGGTTGCGTATCTCTGCAAAGGCTTCGGTATCAAGGATGACGAAGAAACGGCCAAGCGCCAGGCAGAAGTGCGCACCTTCCTCGACGATATCGATGAGCCCAGTGCATCGGGCAAGCAGTGGCGCAGCGTCATGAAGATTGCCACGCCCATCTGGTATTTCTTCGCCATCGGCCCCGCCTGCATCCTGGGCAACAAAGCCTTCTCCTTTGCCGGTTTTACACCATTGTGGTCCTGGCAGATCGCCTGGTGGATCCTGGGTATCGTGATGATGTGGGCCCTTTGCTTCAAGGCGGAAATGGCCACCACCAACGAGGTCCAGATCGAACGGGCTGAAAAGGAAACCAACATCGTCGTTAAAGAAGCCTGATGAGATCTTAATTCGAAAAGGAGGCATCAACCATGAAAAGAGAAGATCTGTGGATGATTATACTGGTCGCATTCTCCATCCTGTGGACGGCATCCTTCGGATGGGGACTGTTCGGATAGGCACAGGCAGCGGGTGACAGGTCCGGGCACCGGATGACGGTGCCCGGACACCCGGAATTGACCGGCGGCACAAGGGGGTCCGCCTCCTTGCGCCGCCATTGAAAAGCCGAAGCTTCACCTCAAAAGGACAAAGGACGGCA
NZ_AP021874.1_gap28	1207562	1208872	1310	CCTGGCCTGGTACTGGGCTTCAGAAATGGGGGCACTGTCCGTATCATCGAGGGTCAGGGAAATTTCTGCATTGGCCATAAATCATTACCTGCGGTTGGGTGGTTTCGTTGTCCGCAAACAGGCGGAACAACCGGTGGCGCCCTGGCGATCCATCACGGACGGCCTTTCCGGCGATACTGGTGGAACAATTTTTTGCATCCGCCCCCGATGAGAAAAATTCCGATAAAATAGAAACAGAACCGGATAAAGCCGGAGGCGGCTTCGAATCTGGGAATCTGCTCGATCGTGGGCATCACCTGGGGGATGCGATAGAAAACCCCCAGCCCGGCCAGTATCAACGCAACTGCCCAGATGATTTGGGCCTGATTCACCTGTTTATCGGCCATCGATCAACCTGATAGGAGCTGAAGCGAAGTTCTCCAAAAAGACGGGCTGTTTTTGTGAACAACGCCTAAGTGGTCGTGAATAGATGATTATATACCACATCATCCAGAAAAAAAGCACCCTATTTTTAACGTAACCCCCTATGATGGCAGCGAGTTCGACCGGCACCCGCCGCCCGCCACGGGCATGTCGGAATCAGAGGGAGTAAAGGCGCTGGCCGTCGATGACGTTGACCCCCTTGGATGCCAACAGCCGGATGGCCTCCTTTTCCTGCTCGATGCGGAAAATCATCACCGCATTATCGCCGGAAGAGCGCACGAAGGCGTACATGTACTCGACATTGAGCCCCGCATCGTGAAGCATGGTCAGAATGTCGTGAAGCCCACCGGGCCGGTCCGATACCTCCACGGCGACCACGTTGGTCTTCCCCACGGTAAACCCATGGTTCTTGAGGGTATGGCGAGCCTTTTCCGTGTCGTCCACGATCAGCCGCAATACGCCGAAATCCGACGTGTCGGCAAGGGCCAGTGCACGAATGTTGACTTCTGCTTCTGTCAAAATAGCGGTCACTTCCGAAAGCCGGCCGGATTTGTTTTCCAGAAAAACGGAAATCTGTTCAACCTGCATGCGTTCCTCCACTGTATTGTCGGTCATGGGATGGGTCTACTTGAGCCTTTAGCCTAGTTTTAAACTATCAAATCCTGCGATTGTCCACAACCCGAACCGCTTTGCCCTGACTTCTTTCAATCGCTTTGGGCTCGACCAGTTTAACCCGGGCGGACACGCCCAGCATTTCCTTGATGTTCTTTGTGATGCGCCGCTCCAGTTGCTGCAGCCCCTTCACCTCGTCGGTAAAGCTTCTTTCACCGACCTCGACCATGACGGTGAGCACATCCAGGTTGTCTTCACGGTCGACCACCAGCTGG
NZ_AP021874.1_gap29	1216029	1217705	1676	GCGGCGGCGGGTGACGGAGGCGACCACCCGGGAAGGCAGGCGGATGACGGGACACGTTTTCATATTCGCCGTGGCCGACGGCACGATCCGGATCATTTCACTTCAGCAGCCACTTCCACGGGTTGACCTTCGACGGGTGTGGCCGACAGGGACTCAGCTTCACTTTGTTGAACGGACAGCTGTTTCTCCAGGGCGGTTACGGTTTCCACAAGGCTGGATTCTTTTGCCTTGAGGGTCTTGATAATTTTTGCGTCCGTAAAATGTTTGAACAGGTTGATGAAATAGGAGATCAAAATGCCTATCAGGAAAAAAGCCACAAAGAAAACGGCATTGGCCAGAAACGGTGTCTCATAATAAAAAAAGCCAAGGTTGAACATCAGCTGGCTTTCGGACATGAAAAAACCTTTGTTTTGAAAAATGACCAGCCCGACAAAGCCGAAGACGATGATCCAGAAGGCGATTTTCACCTTTTTCATTGCGTATTTCTCCTCCACTTGGTTTCCGTTGTGGGTTTGGCTGAATGTCTCGCCGGGTCTTGCGGTCCTTGTGGCCAAGGCAATGTTCCCGTCCATGAAACCCTTTGATTATCAAGCATCTCTATACTTTTCCACCCTAAAACTCAACCTTTTTTTCCTTCCAGAGGAACCAGCTCAATCTGCCCCCATGCCCCCATTTCAGGGCCTGTTACCACCACGATTCCCGACAGATCGGCAATCCGCCTGCCAAAGGCAATGGCCGGTTTGATATCCCCGGGCGAATGTATCCGGTTGCCGATGGCCGTGGCCGCGGCGTCTGCCAGGGCACAGGAACGGGCGACCACGCAGACGGCATCGGCGCTTCCGGCGGACAGGGAATGCCCCACCGTTGCCGAGGAGGTGCACAGACCGATGCCGCGGCCTGCATCCGGCAGCCGGATGCCCACTTTCATGCTCAAGGGGGAACGCCCCGCGAACAGACCGGCCACGACCGGCAAATCGGTTTTCAGGAAGACATCCCCCCCGTTTTCCACCACCACCCGCCTGCTGAAATCGAGCAGTCTACGCCCCACGTTTTCCGCCACGGCACCGGCAACGGCCGCCATGGGCCCCACCCCGGCGGCACGACCGGCACGGATCATGTCCCGAACCACGTCAGGCGCGGCCACCGGTTCATACCAGGGCGCCAGCGTGGTCGCAAAACGCGGATATTGTTTGATGTACCCTTCAATGTGCCCCCGGCATGCCAGCGTCTGTTCACGGGCGCGTGCTTCAAGCAGCCGGTCGGCCTGGATCATCAGGTCCGTCTCCTGGCAGATCACCTGAAAGGATTGCAACCCTTCCGTACCCACGAGACGGCGATAGGTCCGCTCACGATAGCTGGCCGGTGAAGGCGGTTGGTGGCCGGTTTGCTTTTTCATCAACCCGATGCGTCCTTTTTTCAGAGCTGGGTCCTGGGTCGCAGGCGTTCCGGAAACTGGTGCAAAAAATAACGATCGGTCATTCCGGCGATATAGTCACGGACGATTTCAGGGGGACTGTGATCGGCCATGTAGGACTCAGACATGTCCGCCAGAAACCGGGTAAAGATATCTGACCCGCGGTCGCCGGTTTCCAGTTCCTCCAGACGCATCTCGAAAAGCATGGTAAAAAGCCGCCGGATGGTTGCCGAATGGATCTTGCTCCTGGGGTTCATGTAGA
NZ_AP021874.1_gap30	1260520	1263087	2567	CACCCAGGGCGTAAGCCGCATTGCCCCACAGGTATTTGCCGTGGTCGGTGCCGTCGACCTTTTCTTCGAAATCAAAGGCCTCGACCGGGATGTTGGCTTTTCCGTACGGTTGGCGCATCAGGATGTGCGGGACGCACATGGCCACGTACCTGGAATCTTCCGATTCCCGGAAAGAACGCCATTTGGCGTATTCCACGCTTTGAAAAATTTTGGACAGGTCCCGGGGGTTGCCCAGTTCGGTAAAAGAGTCCAGGTTGAACAGGCTGGATCCGGCAGCGGTACAGAACGGGGCGTGAGCCGCCGCGGCCACCTGGGACATTTTCTCCAGCAGGGCCATGTCCTGGGGGTGGTTGCCGAATTCGTAATCGCCGATCAGCGCCCCGTAGGATGCGCCGCCGAACATACCGAACTCTTCCTCGTAAATCTTTTTGAACATGGCTGACTGGTCGAACTCGCTGGCCTTTTCCATGTCCTTCAGCAGGTCTTTTTTATTGACGTTCATCACCCGGATTTTCATGCGTTCTCCGGTCTCGCTCCTGCTCACCAGATAGTGAAGCCCTCGCCAGGACCCCTCCAGCTTCTGGAATTCCTCGGCGTGCATCACTTCGTTGAGCTGATCGGATATCAGCTTGTCGATCTGGGCGATGCGGGCATTGATCATTGCTTCGGTATCTTTGGAGATGGTCATGGTCCCTTCCATGACCTGGCCCACGAATTCGCTGATCAAATCTTTGGCATAGGCTTTCTGGTTCTCCTCACGGGCCAATCGCCCTTCGTCAATGATCTGATCGAGCAGGCCCTTCTCTTCCTGGACGTCCTGGGCCCCTTCTGGCTGGGCCTGTTGTTCCTGATCTGCCATAGTATCCTCCGTCAAATCCTGGTCGCTGTGTCAAGCAGCCATTCTATAAAACGAAATCAAGTGCCGGACGGCTTGTGATGCGCCGTCGCTATTCCGATTTCTTCTCGACCCCGGCTTCTTCACCCAATTTTTCCAGGGAATCGGTGTTGGCAAGCACGTCCTGGAGCAATTCGTCCAGCTGGTCGTTGCCATCCAGTTTGGCCAGCAGGTCCGACAGCCGTTTTCGGGCCTCCACCAGCTTTCTGACCGGCGTCACCTGTTCGGCCACCCGTTCCGGATGAAAATCGTCCAGGGACTTGAAACGCAACTCCACTGCCATTTTCGAATCATCGTCGGTCAGCTTGTTATCCACGCGATAGGCCAGCCTCGGTTTCATACCGGCCAGCACCTGGTTGAAATTGTCGCGGTCGATCTCGACAAATTTGCGGTCTTTCACTTTCGGCAGCGGCTCATCGGGTTTTCCGGACAGATCGGCCAGAACCCCCACCACAAATGGAATTTCCTTCATTTCAATGGCGTCACCGATCTCTACGTCATAGGTGATCTGGACACGCGGTGATCGGACCCTGTCCAATGTGTGTTGCAAACTTTCCGGCATGGTGTTCCTCCTTTTGAATGTGGGGGCTATACGCCGACTTAAGGGTATTTCTTTTTAATAAGGATTGGCGCCGGCCCACCGATCAACGTCGGTGCTGCAGCGCCTTGGTCAAATCGATAGTGCACATTTTCTTGAAAATCTCTTCGGCCCGGTAATGGTCGTCGCTGCCCTCTTCTTCCTGGATGAGACAGCGGTACAAGGCGCCCAGTACATCGGCCACCCACACCGGTGATTCCCAGCGCTCCAGCCCCAACTCCTCCAACAGCGTGTTCAACTCTTCGGCAATGGGGCGGGCCAGGTCGGTCCGGTTGGCCTGGAGGCAGAGCTTGGCCATGAGCAGGCGGTAGCGGTTTCGTGAGCGGACACTGGAGACGCTGCACGAGGCGGCAAAGAGTATTTCCAGGGCCTTTTTTATTCCCTCGTTCTGGAGGGACGTCAGGGCGCTGTTCCATATGGCGTCCTCGTGAGGTTCGATATCGGATATCATTCCGACGACGATCTGGCCCTGCACCGATGCAGCCTTGACGACATTCGCGGATGAACCCGAGACGGGTGCCTCCGCCGCCGTTTCGGCCGTGCCGGCATCCCCTTCGTGTGCATCCGCCTCGTCCTGCGGTTCGGGATCGGGGTCAAGCTCAATTTTCTGCTTCAGCTGCTTGGCAATGAACCGCTGACAATCCTCAAGCGCCTGTTTGAATTCAGCCGTACGCGGTGCCTCGCTGCCAAACTTCTCGTCAAGCATGTTGTCAAAACGGGTGAAGGCGACGATGCACTGCTCGATCTGGCTGTTGAGGTCCGCATAAAAGGCTTTCGATGACCGGCTGGCTGCTTTTTCAAAATCTTCGATCCCCAGTTTTCCCTCGGCCATGGCCGATTCATCGGTGCCGACCTCGACGGCCTCCTGCCACTGGATCCATGCGTATCCGGCCACGGCTTCCGGATCGGTCAACGGCACCTGCTTCACGGCGAGCCACAATTTGTCGTTCATGAACTCCAGCGGACCGATCCGGTAGTCCAGGTCGTCGTCCTCGATCTCCGGATAGACGTTGTCCCAAAAGGTCTCCATCAGACCGGAAAGCAGCTCCAGCCCCGATTCCAGCCCGGGAAACC
NZ_AP021874.1_gap31	1269609	1273663	4054	CCTGAGGATCGGACGCGGTCTCCAGTGCCAGATAGAACCGGTTGCGGCCTTCAAATATGGCCGGCGGCAGTTCGGTGGCATAGTAGGTGCCGTCAAACAAAAGAGGCATCATGTATTCGGGGCCGGCGGTGATCTCATCCAGCAGCTGGGTGATCAGGCGCTGGGCCGAGGAGAAGCAATTCCACAGATCCTGGTGCCGGTATGCGGGGACCAGTTCGGTGCCGTCGTCCAGCGCACCGGTAACGGAAATTCTTTCGGAAAACGTGGTCATTTCCCCGATCAGCTGGCGCAGCACGCCGTAGGCCGTCCAGGGATGGACCTGTCCGGCTTCGGTCAGATGGACCAGCATGGACACATAGCGATTCAAGCTTCGAAGGGCCAGCAGAAAGACCATGTCCCGGCTGCCGAATTCGGCCGTGTGGATGCCCCGGTCGCGCTTGTAGGCCTCCAGTTGCCGGCCGCGTGCGGAAATCTGATCGCGGACCTCCTTGATCAGGCGCTCCAGCGCCGGAACGGCTGCCAGATTCAGACACGGGGGGATATACTGTTCGCTCAGCACAATCGTATCGCCCTGCCGCTCCAGTCTGGCCAGGGGAATCAGCTCGTAATCCCCCAGCTGATCCGTTTCGGTTTCCCAGAAAAACTTCAACACCAGATGCAGATGCCGTATCTCGGCATTGGGACCGCTGCCGTGCTGATCCCGGACATCCTCCACCGCTTCGGTCGCCGCGAACCGGGTGGTCACGTCTTCAATCCGGCTCAAGTCCTCGACCACGGTAACGTTTTCTCCGCCAGGGCTCAATTTCTTCAATCCCAGATACACCATAAATGGCTTGCCACCGTCCTCCCAGGCACTTTCGAAGGAACGGGACTGAACCACGGCATTGTCCGGAATCACGGCATAGGTCGTGTCCTGAAAAAGGAAGGCGCCACCCGTCAGGCCGATGGACCGGTTCCCCAGGGCGGCCGACTTCACCGCCATACCGCTGACGCCCCAGAAATGGGGCGTCATTTTCTGGTGCAGCGGTTCGATCAATGCCTGGGTGTATCGATCCTGGAGCTGGAAATGCTGGGGCTGCAGAAACAGCCCCTGGTGCCAGTAAAGGGGTTTTTCCATCGGGCTATTTTCCTTCCGGCGTGGAGGTGGAAATGGTGGTGATCTGCTGCGGCCCGAGCACCAGCTCGACGCTCAAAGGAGCCGGCTTGCGCGTCTTTGTTTTCTTTATGAATCCTTTTTTCTCCGTATATTCGGGAATTTCCACCATCTTGACCATGCGGTCTTTTTCCAGGATATAGTATCCGGCCACGATGGCGACGTAGCGGGCACCATCGGCCCGGTCCAGGGTCATGTTGATGTCCTGCCCGGGCTGGATGATCATCCGCTTGGATGCGGCCGCACCGTCTCCGAAAAGGCTGCATTCGAGCAGTTTATACAACCCGTCCTGATCATTGGACAACTGGTTGAAGGTATTGGGATCGGACAACTGGTAGGCGCACAACAACAGCGTGTGCGCTTCGCCCTCGTCGAGGTTGAGTTGATCATCCGCCTTGATGTGCATGCGGATGGCCTCTTTTTCGTATGTCCACTCGGGAGGGGGGAGCTGTTTGGCGGCACATGCGGTTAGCATCAACAGCGACCCGGCAATCAATATGGAAATAAATCGTTTCACATCAGCCTCCTTATTTTCCGAATTTAGTCTGGCAGTTCTTTTCGAATTCTCTCAAAAAATCTTCCATGAAACGACCGGAACTGAACCATTTCTGGATTTTTTCGTAACGTTGTACGTATATTTCATACATTTCGGCCTTTTTCATCGGGCCGAATTTCAGCCCCCGCCCCACCTCGGCAGCCATTTTTTCCGGGTCCAGCACACCCAGCACCTGTTTGACCTTGGCATAGGCGGCCTCTTTGAAGGACTGCTGCGAAGTTAAAAAGGCGTTGCTGATCTGCCCCAGATAGGTTTCCAGGGAACTTCCCTCCCCTTCGCCTTCCAGGCGGAATCCGATCACCTGGCGGATCGTCTGCTCCGGCGAGCCCTCTCCGGTAAAGGTCATGTTGATCACGCTGATCAACTGATTGAGTGTATTGAAAATCGTGTTGAGCGATTCGGCGAGTTTTTCCAGCAGTTCACTGGAGGAGAGGTCGTCCATGGAGACCTTGCGCCCGAGCAGCAGCGAACAGACCCGGGTCAGGACGTCCTCATCGGTCTCATCGGTCATCAACGGCCGGCAGGTGTCTTGCGATCGGTCAATCAGCGCCTGCAGGGTTTCGATGCGCCTCTGGCGGTCAAACCCGGCCATCTGTCCGTCGAGATAGGCTTCCACCGAATCCGCCGAAGCATCGCCATCGGTTTCAAACCGGCTGGCAAGCGCTGAGGACATGCGGTTTATCAGATTCACATCGGTCATAGGTCGGCCTTTAGGGGTTCAGGGTTTGCGCGGCCCCATGGCTTCCAGGGACGCGCTAATCAAAACAGGGCCGTGTTTCGCAGGACCGGCTTCCGGCCGCGATGCGATGGGATGATCGGACGATCGCGGCTGGAAGCCGCTCCTGAAACCTTTCGGCTCCTTTCGAACATACGCTGAAAAAGCTTTTTACGGGCCCATCAAGCTGTCGCAATTACTCTTTTTTTACGTCCGATCGGATAATGATCGTCTGCTCCATGATCTCATCATCGTCATTTTCACGATCCGATGACCCGCCTCCGGGAACCTCGTGGGAGCGGGACTCCGGCACCCCATGGGGTGATGGCGGCAAGCCCGGCGGCGCGGCCTCCGGCGGCGGTCCCTGGTTTCCGACAGGTGCGGCTGGGCGCGGCGTTTCGATCAGGGTTGCCGCCAGATCATCATCCGCCGGAATCTCCGGGGGCGGTTCCATGGGATTCAATGCCGCCCTCCGGTCGGCCGGATTGATGATCAGGGTCGCGTCCAGGTCGTCATCCTCCCCCGCCTGCCCGAAAGCCGGCGGTTCCGGCGCACTGGACGGCGGGGATGATGCCGGTTGTTGGCCCCCCTCCCCCTGGATCAGGGTGGCCGGTGGAGGCCCGGTATTGAGAATCAGCGTTGATTCCAGATCCCCGTCAGCACCATCGAAGGATACGGGCGGTGAACCGGCAGCCTGCTGCTGAATCATCGTGGCCGCCAGGTCCTCATCTTCCCCAGCAGGCGGAGCTCCGGACGACGGCGATGGGGGAATGGACATCACCACCGTCTGCTCCATGTCATCGATGTCCGGCGGGACCGCAGGCGGTTCGGTGGCCGGCCCGGGCCGCAGTACAACCGTCTCTTCGATGTCATCCTCCCACTGAGCTTCCTGCGGCTGACCCTCAGGCGCATTGCCGCGGTTTACGACGTCAGCCGGCGGCGCTGCAGTGGATGCTGAAAAGACCACGGTCTCTTCCATATCCGCGTCCCAGTCAGCCGCTTCCGGCACCGGCACATCGGGATGCGTCATGGCAGGCGCGGCAGCCGGGGGCGGTTCACCCGATGAAGATGCATACACCACCGTTTCGTCCGCCTCCGGAAGGTCCGGCTGACCGGCCGTTACCCGGTCCGCAGCGGGTTCACCGGCAGCGGCGGCGGCTTCGGTCTTCCATTTTTCAAGGATGAGGCGCAGCACCGCGTCGATCCTGCCGGACGGTGCCGCCTTGATTTCGGCAGCGGACGCATCCTCGGCGCCGGAGAACATCTCATTCTTGATTCGCTCGCGCAACCCGTCACACGCAGCCATGAACGACGACGCCTCCCAGGCGACGCCGGTCTTCAAACCTGCGTGAACCAGCTGGAATCCGAGTCGCACCGCATCGGCCCAATACCCCTGCCAGCTCAAAGGGAGGCTGCGTTGCTCAGGCACCCAGAAGACCTGCCCGCTGCCGAATGTTCCGGCCGTATCCAGGCCGTCTATTTCCAACGATTCCACAGGGTGATCAGAGGTCAGGCCGTCGACCAGGCGGCCCACTTGAGTGAAAACGGCATCGGCCCCCTGACGGGAATTGACCAGCAGGGTCCGGAACCAGAGGGCCCCCAAAAAATGAAGACGGGGCGCCCGGGGCAT
NZ_AP021874.1_gap32	1422979	1424771	1792	GGCGATGCAGCCCAAACGGCTGAATTGCCGTAAATCCGTTCATCGCTGACAGCGACGGCAACCACGTGTTGACGAACAAGGTAAAACCTGTCTATGGATAGTCTGTGTCTTATATAAGTTAAAAAGAACCGCAGAGTTTTCAATACCCATCAAAAACAATGTCAACAGTCTCGGTATGGACAAATTAGCGGCGGAAAACAAGGCCCTACGGGAAAAGCTGCGGCTTTTGGAGAAGGAAAAGGAATCCTGGCGAAAAACCCAGTTCATCGCCAATGCGGCCGATCAACTGCTCACCATGATCGATCGGAACTACCGGTACGAGAACGTCAACCGGGCCTATTGCCGGGCCCGGGGTCAGCGGCATGAAGATGTCGTCGGCAAATGCGTTGCCGACGTCTGGGGAAAGACGCAGTTCGAATCGATCATCAAACCCAAACTCGACAATTGTTTTTCAGGCAATGTGACCAGTTCCGAGGATTGGTTCAAATTCGACGGCAGGGAGCTGCGCTGTTTTCAGGTCACCTACAATCCTTACCGGAACGACAGCGGCAAAATTACCCACGCCGTCGTGGTTACCCACGACATCACGGCCCGGAAGCATGCCGAAGCCGGGATGAAAAGGGCCAACGACCGCCTCGAAAGGCGGGTTCAAATGCGCACGGAAGCGCTGGAGTCGGCCAACAATCAGCTGCGCAATGAGATAGAAGAACGCAATCGGGTGGAAAAAGCCCTTCGGGAAAGTGAGGATCGATACCGATCCGTTTCCCGGGACATGCCGGCGATGGTGTGCCGTTACCTGCCCGACGGCAACCTCACATTTGCCAACATCAGGTTCAAGAAACACTTCCAGGTTTCCGACGAGGCCCTGCTGGCCACCAATATCCTCACGTTTTTTTCCGATGCCGAAGGTCAGCGGATGAAAAAAAGACTGCAGCTGCTGCACCCGCAAAGGCCCATGGTCACATACGAACAGTGCACCCGGACAAAAACCGGAGAGACGCTGTGGCGGCAGTGGACGGACCGCGCCCTGTTCGACGAAATGGGCAACCCCATGGAGTACCAGAGCGTCAGCATCGATATCACCGAAAAAAAAAATGTGGAGAGCAAGCTCCAGCAGGCGCAGAAAATGGAGGCCATCGGCACCCTGGCCGGCGGCATTGCCCACGACTTCAACAACCTGCTCATGGGAATCCAGGGGAACATCTCCCTGATGTATCTGGATGTCAACAGCTGGCATCCGCTGTACGACAACATCCGCAGCATCGAGCAACTGGTGGACAGCGGCGCCAATCTGACCCGCCAGCTGCTGGGATTTGCCCGCGGCGGCAAATACGTGGTCAAGCCGGTGAACCTGAATACTGTGGTCGCCAAAACCGCATCCCTTTTCGGCAGGACCCGCAAATCCATTCGCATCCATGAGAACTATGAAACCGATGTCCGGATGGTTTCCGCCGACCGGGGTCAGATCGAACAGGTGCTGATCAACCTTTACCTCAACGCCTGGCAGGCCATGTCCGAAAAAGGGGACCTGTATCTCGAGACCCAGAATGTCACCATCGACGAAAAATTCGTCAAACCCTTTGAAATCAATTACGGCGATTATGTAAGGGTATCGGTGACCGACACGGGAAAAGGAATTGACCCGGCCATTTCCCATCGGATATTCGAACCCTTTTTCACCACCAAGGAGTTTGGCTGTGGCTCGGGCCTTGGCCTCGCCTCGGTGTTCGGCATCGTCAAGAATCATGACGGGATTGTCGATTTTGAAAGCCATCCCGGCCGCGGCACCACC
NZ_AP021874.1_gap33	1450763	1455724	4961	CGGCTGATGGCCAGCAAACGCCTGGCCTTGGTCGGATAAAACCCCACCGGATAGATCAGCCGTTCGATTTCCTGCGGCGTCAGCGCAACCATCGTTTCCGGGGTTCGGGCCGCACGCAGCAATCGTCGGGCCGCGACGCCGGTCACTTCGTCCTTGGTGCGCAGGGAAAGCAGGGTGGAAACCAGCACCTCAAAGGGGGTGGCGCCCCGGTTGGCGATGAAGGTGATGATGGGGGGGTCCCACTGGCGATAATTGGATTCGATGGTGGCCACAAAACGGTCGATATCGAGGATGCGCTTTCGGGTCATGGCAATCGGTTCTTTCCGGATTCATGGGAGAGACGGTGCATCAGGCAAGAACGGCAACGCAGTGGCATCATACACTCCCGGCCCCGCCAGGTAAAGGCCCAAGGATCGGCGTTTTTGTAAAGCAAAAAACGCATATAAAACTTTACATTGACATTTACATATTGCCTTTTATAATAAAAACCACGCAACCATCGAGACATGGAGGGGCAAAATGACACCCGAACTGACACCGGGACAGAAACGGCTTTTCGACTATCTGAAAACCGCCATTGAAGGCACCGGGACCGCTCCCAGTCTGCGCCAGGCGGCCGGAGACCTGGGGGTCAGCCATGCCGCCGTCTCCCAGGGGTTGAAGCTGCTGGAACAAAAAGGGGTGGTCAAACGCCAGGGCCGCTACAGCCGCACCCTTCACCTGATCGGCCCCACCGGTGAAACGGCGGCGGCCCAGCGATGGATCGAGGTGCCGGTGGTCGGCCGGGTGACCGCGGGCCTGCCCCTGTACGCCCAGCAGGAGTGGGAAGGCAGCCTGGTGCTGGACAGTGCCCTGTACCGGGGCCGGCACCTTTTCGCCCTTCGGGTCCAGGGGGATTCCATGCAGGGGGCAGGCATCCTGGACGGGGATATGGCCGTATGCACGCCGCGCCAGTACGCCGAAAACAACGAAATCGTGGTGGCCCTGATCCACGGGGAGGACGCCACGGTAAAACGGTTTTTTCTCCACCGGGACCACGTGGAACTGCGGCCGGAAAACCCCGATTTTCCGGTCATGCGCTACCGTTTCGACGAGGTGCTGGTTCAGGGACGGGTGATCGGGATCCAACGGGGATTAACGGGTATCCGATGACGCCTCACAAAAAGTCGAAAAATATTTTTTTAATAGGGTGTTAAGTTTTACATGTTAAGTGGTCAAGTTAAGGATTTGTATCGATCCCCATCCTTTGCTTAACACTTGATCCTAATACCAATAATTATTGACCGATCGAGAAATAGTGCCCATACATAACAGAAATAACACGTCCCCTTCCATTCTGGTCGGAACCAGCGGGTACGCCTACAGCGAGTGGGTGGATGCCGGCTTCTACCCGCCGGGCACCGGCACGGCCCGGATGCTGGCCCATTACGCCGGTGTCTTCCCGGTCAGCGAGATCAACTACACCTGGTACCAGATGCCCAAGGCACCGGCCATGGACCGCATGCGCCGCAGGGCACCGGAAGGGTTTCGCTTTGCCGCCAAGCTGACCCGCACCCTGACCCATGAGGTCGACGCCAACGGATGGCCGGCCCAGGCCGCCCGCTACCGGGAGGGCATCGCGCCGTTGGTGCAGTCGGGCCAGCTGCTGGCCGTGCTGGTTCAGCTGCCGCCTTTTTTCCGGCGCACCCCCCCAAACCGCACCTACCTGGCCCGGCTCCTGGACGCCCTTGCCGGCCTGCCCCTGGCCGTGGAGTTCCGGCATGCCTCCTGGGCCACGGACCGGGTGTTCGCCGGTCTCCACGCACGCCGGGTGGCCCTGGCCTGCGTGGACGCCCCGGAGCTAAATGACCTGTTCCCGCCGCTGGCCGTGGTCACCAGCCCGGACCTGTTCTACATCCGCTTTCACGGCCGCAATATCAACGGCTGGCGGTCGGCCAGCATGCAAAAACAGTTCGATTACGACTACAGCGACGACGAACTGGCCCAGTGGTCCCGGACCCGCATCCCCGAAATGGCCCGACAGGCGAAAACCGGCATCATTTTTTTCAACAACCACGTCCGCGGTCAGGCGCCGAAGAATGCGCGTGCGCTGATGGCGCAGCTGGCGGAAGAAGATGGATGAGGGATGACGCGTAACGCAGATATCGAATTTTTCACGAAACCGTCAGCTATGGAACGATCCATCATTCACATCAACGTCGCCGACTTCGCCGTGGCCGTGGAGCAGGTACTGGACCGCCGGCTCGTCGGCCGGCCGGTGATCATCGCCCCGCAAGGGGCCGCCCGGGCCGCGGTGGTCGACATGAGCGAAACGGCCTTCCAGGCCGGGGTGCGAAAGCACATGCCCCTGAACCGGGCCCTTCGCCGCTGCCGGGACGCCCGGGTGCTGCCGCCGCGCCCGGATCGTTACGGCCAGGCCATGGCCCGGATGCTCGATGCCGCCCTCCCCTGCTCTCCCCTGATCGAACCGGGCGACGGGGACGGGCACCTGTTCGTGGACGTCACCGGCAGCAGCCGCCTGCTGGGGCCGCCGGTGGACGTGGCCTGGCGGCTGGGCCGCCGGATCCGGCGGGACCTGGGGCTGGCGCCCATCTGGTCGCTGGCCACCAGCAAGCTGATCGCCAAAACCGCCACCCGGCTGGTCAAACCCCTGGGCGAATACATCGTGGAGCCGGGCGACGAAGCGGCATTTCTGGCGCCCCTGCCCCTCTTTCTGGTGCCCGGCATCGAACGTGCCGACCTGGATCGATTTAACGACTTCAACATCACCCGGGTCTTTCAGGCCAACGGGCTCACCGCCGATCAGATGCAGATCCTTTTGGGCCACGGGGGAGACGTTGTCCGCGACCGGCTTCACGGCATCGACCCGTCGCCTGTTCGCCCCGTGGACCAGCCGACGCCGCGGGTCGTCGGCTGCCGGGAATTCGGCGACGACACCAACCATCGCCCCCAGGTGGAAGGCAGCCTGTACCGTCTGGTGGAACAGGCCGGCCGGCAGCTGCGATGCCAGTCCCTGGCCGCCCGTCGGATCGGTCTGGTTCTGGAATACACCGACGGCGTCCGCCGGGTCCGCCAGACCCGTGCCAAACCGGCCACGGCCAATGATTTTTCGCTGTTCACCCATGCCCGGCGGTTGCTGATCCTGGCATGGACCCGCCGGGTCCGGCTGCGGTGCATGACCCTGGTCTGCGACCGCCTGACTTACCCGCCGGCCCAGCGCCTGCTGTTCGCGTCGGAGCGCGACATCGCCGAAAAGCAGGACCGGCTGGTGGCGGCCATGGATCGGATCCGCCGCCGCTTCGGCACCGGTGCACTGGCCATGGGACGGACACTGGCGGCGTAGGCCGGAGGCGGGACGGCAGACGAGGGACGATAACGCGAACGTGTGAGAACGAAAGGTGCAAGAACAATAACGGGCGTGGGACGCATTCGATCCTCCCCCGTCGGAGCGAAGCGGTCTTCCATCGTCCATCGGTTCACGGCATCCCTAGCGATCTTAACAATCTAAACGATAACAACGGATAAAACCATGGCCCAAAAACACCCCTATCGCCTGGGCATCGACCTGGGCGGCACCAAGATCGAAACCATCCTGCTGGATCCGGCGGGCCGCAGCCTGCTGCGGAAACGCGTGGCCACCCCGCGTGATCCGGAGGGAGCCGCCGAATACGAAAAAATCCGGCGTGCCGTGCACACCCTGATCCGGCAAACCCTGGAAAAGGTGCCCCGGGATCGGGCCTGCACCATTGGCGTGGGCATTCCCGGCACGATCAACAATCGAACCGGCCGGGTCCAGAACGCCAACACCACCGGGCTCATCGGGCACGCCTTCCAGCAGAACCTGGAGCGGCTGCTGGATCGTCCCATCGCCATGGAAAACGACGCCAACTGCTTCACCCTGGCCGAAGCCCGGCAGGGCGCCGCCAAAGGATATGGTCTGGTATTCGGCATCATCCTGGGCACCGGCTGCGGTGGCGGCATCAGCGTGGACGGCCGCATCCACACCGGCCGGCACCGCATCGGCGGCGAGTGGGGTCATTTCTCCGTGGACCCGGCGGGGACCCGCTGCTACTGCGGCAACCGGGGCTGCGTGGAAACCAAAATCAGCGGGGGCGGGGTGGCCCGATCCTTTTTCGTGCACACCGGCCGGCGGCTCACCCTGGAGCAGATCACCGACGGTTACCGGCAGGGCGATACCCAGTGTACGGCCGCTTTCAAACAGTTCCTGGACGATTTCGGCCGCTGCCTGGGAGGCCTGATCTCGGTCCTGGATCCCGATGCGGTCGTGCTGGGCGGCGGGGTCTCCAACATCGACGAACTCTACACCCTGGGAGTGGAACAGGTGCGCCGCTACGCCTTCCACGAACGGGTGGAGACGCCGATCCTGAAACATCAACTGGGCGATTCGGCCGGCGTGATCGGCGCCGCCTGGATCGGGAAATGAATTAGCTGGCAGCTCGTAGCTGATAGCTCATAGAAAAGGTATTCCATCGATTTTACAGAAGAATAAGCCGTACTCCGTCATTTGGCATTTTTATCGCTGCCAGACACCAATGACGGTTCCAACACCTGTCAGCCATCAGCTATGAGCGATCAGCTAATTCCCCTCACCGTCCGCTCCCATTACTCCCTCATGCAGGGCACCGATTCGCCGGCAGCCATCTGCCGGGCGGCCCGGCGCATGGGATACGACCGCCTGGCCCTCACGGACACGGACAACCTCTACGGCCTGTGGCCGTTTCTGCATGCCTGCCGCGAGGAGGGGATCACCCCCATCGTGGGCGCCGAAATCACCGACCCGAACCACAACCACCGCGCCGTCTGCCTGGCCAGGGATGCGGCCGGCTACGCCAACCTGTGCCGACTGATCACCCGGCGACACCGGGACCCGGCATTCGAACTGGCCGTCGCCCTGCCCGGCCTGGCTGACGGCCTGCTGGTGCTGGTCAACCAGGCCGGCC
NZ_AP021874.1_gap34	1457270	1459473	2203	GGCCGGGTTCTCCGATGCCGAGGCCGACGGCCTGCGCAAAATCATCGCCAAAAAGGACCGGCGGCGGCAATTGGCCGATTTCCGCGAGCGTTTCATGGCCGGGGCCGCTGGCCGGGGCGTATCGACGGACCAGGCCGACGCCGTCTGGCAGATGATGATGAGTTTTTCCGGGTACTCTTTCTGCAAGCCCCACAGCGCCTCCTACGCCCGGGTGTCCTTCCAGGCGGCGTTTCTCAAAACCCACCACCCGGCCGAGTTCATGGCCGCTGTCATCAGCAACCGGGGGGGGTTCTACAGCACCTTTGCCTACGTGTCCGAAGCCCGGCGCATGGGGCTGGCCGTCGACCCGCCGGACGTCGCCACCAGCCGGATCCGATGGACGGGCGACGGCCGGCGCCTGCGGGTGGGCCTGATGGCCGTCGGCGGACTGAGCGAGGCCACCATGGCGACCATTATGGCATGCCGGCAGCGGTCGGAATTCAGGGACCTGACCGATTTTCTGGACCGTGTGCATCCGGATGAAGATGAAGCCCGGGCATTGATTCACTGCGGCGCCCTGGACGCGCTGGACACCCATCGTTCACGGACCCGCCTGCTGTGGACCCTGGCCGGATGGCAGGCAAACCGGCGGCGGTCAAGGGGACAGGTGGACCTGTTCTCATCGCGACCTCTCGCGGGGCCTGAAACACCCCCCGCATTTCCACCGGAGGATGCCGCCACGCGCCTGCGCCGGGAATTCGCCGTCCTGGGATTCCTGTGCCGCCGGCATCCCATCACCCGGTTTGCCCATGTCATCAAGGCCCTGGACACGGTGAAGGCCGACCGGCTTCCGGGCCTGGTGGGCCGGCGGGTGCGCCTGGCCGCCTGGCTGATCACCGGCAAGGTGGTCCACACCCGCCACGGGGACCCCATGGAATTTCTGACGTTCGAGGATGAAACCGGCATCGTGGAAACCACCTTCTTCCCTGAGGCCTACCGGCGCTTCTGCCACACCATCGACCGGAACCGGCCTTACCTGCTGGCGGGAAAGGTGGAGGCGAACTGGGGTGCCGTGACCCTTACCGTGGATCATGCCCAGATGATACGGCGAAGGGGAAAACCGCCCTGAGCCACGGTCGTCGATGGAAAGGGTCGGCGCATGCAGCCCGTTTCGACAAGGCGCATCCCGGTGAAAAGCCATCGTGGACGCCAATTTGACATGCACTTTTTTATGCCTACCCTAAGATTACATCAAGTGTGGATGCCTATCAGTAAAGACGTGGTGCGAACGGCTCTGAGACAAACCATGCTGCCAATAGCAGGAACGCCGAAAATGATTTTTTGGGCCTGATAAGCCCGGAAGCGGTTCGGATGCGGTCGTTTATGGTTCATTGCCTGTTCGTACATACGGAACACGTCTTCCCCGTCGCGTTAACGGCCACCACCGCTTCACTCCGGTAAACCCCTGAAAATCCACATGCAGCCCATTCAAAAAGGGTTAGTATGCCCGGTTTACGGGCGCCCATGATCTATGACACCATGTCAGCGGCGGGGGCCCGGACGGATACCTTTCAATGAATATCATCGTCTGCGTGTGGCGGAGCGGAAATGAAAAACAATCCAAATAAAAAAAGAGGGCCAAAGCCTCGCGTGGAATTGACGGCCAGGGATCTTGAGCGTCTATTCGAAATTCATGGCACGGATTCAGCGGCGGCACTGGCAAAGCATACGGGCCTGACCTACATGCTGGTCTACAATATTGTCCATGGACGGGTGAACTCCGTCAGCAGCCGGAATTACCAGACACTTTTCGACTGTCCGGCCCCACCGCGTGAACCGTTGAAGGTGGACGGTGCGGCCTTCAGGGCCATGGCTGACATGTGGCTGGTCCTCAATGACGGAATCAGCAGGGCCGACCTTTACAGGGATCTGTTTGGATTGCCCCCCGGCCGGAGGGTCGACCACCGGATTTTCAATGGCCGGATCAATACCATCGACGCCCGGCTTGAGCATGCCATGCGCCGGAAATTTGCGGATGCGGGCGTGGACCGGCAGTTGCTCGACCGGTGGCTGGACGAGTTCGAAGAGGTGCCCCGCGACGAACGGGTCCCTTACGAGCGCATACGGCCGGTGCTGCGCTATCTGGAAGAACGCCTGGGCATACGCCCCACGTCGTTGTTGAATCAATCCGTCGCCAGATATGAGACCGGTATGCTCAAACGGG
NZ_AP021874.1_gap35	1477842	1482623	4781	ACCAGCTTTGCATCAGCATAAAAACCGTCGAGAACCACCGGTCCAACATCATGAAAAAACTTGATCTGCACTCCGCCATGGACCTGGTGCGATATGCCGCCAAATTGGGGCTCATCGATATCGACCTTTGGAAAGAGTGACTCGTATCATCATCGACGCCGGGTCAGCCGCCCGCCGCCTCAAAGGACAACAAGGATTGAGCCCCCGGCAAGTCCTCAACCCGACGTCAATGCGAATCGTGCGTTCCCCCGCCCGAAGCACTCATCCCGGCGTCGCCAATAGGGTTCCCCTTCTCACCCCCCCCGCCTTTCCCGCACCCGGGATTTTCTCCCGGGATATGGTAAAAAATCCTAAAAAAATGAAGAAGCTGCCCTATAGACTTTTTGTTTTAAGCCGATATTATGGGTAACCAGAGAAGAGCCGGTGGCTAACGGGGTGGCATACCGGTTCATTTTGTGAGGATATCCGAAAAATATCCAGTGGACAGTCGACAGGTAGGTTACAACGGGTACCATCTTCTTTTAAATTCAAAAAATGGCAGGAAGATTGCCATGAAAGGAGAATAAGATGATATCTTCTCCATGCAAAACCTGTGAAAGAAGGAACGACCCGAAGGATGAATGTCTGAAAAACTGCAAAATCCTGCACGACGTTCAGGAATTTCATCTGATGACCGCAAAAAATATCTGTTACAGTGCCATCGATTGCACCGAGGAAAGCCGTTATCAAATCAAATCGCCCTCTTCTGCCGCCATGAGCCCGTATTAGCGCATCCGCCGGCCGCCGGTCAACGACGGTTCTCTGCACGTTGCGTCGGTCGCAGCCGGGAATTTGGCGAACGGTCCGTGCAGCAGGGATTGCCGGCAGTCTACCCGCAGCCATGCCGGTCATGGCGTCGACGCGTTTCAATCGTATCCGCCCGGCGGACAAACCCGGGTCATTGAAACGGCTCCTGTCCATGGCCGGTGCCGATCAGCGATTAAACATGTTAACACCAACCCCAAAAGAGCCACCGAAGATGGATCAGCATCGATCTTCCGTTCCAGAGAACCAGGTGCCTTATCGTTCCAGTGACCGATCCGGCGAGATGCCCCGGGCCAACTCCCCCGGAAAAAAGACCCCACGTGGCGGGCAGGTCGATGTTATCGCCATGGTCCGGAGTCTGCAGAGAACGGCGGGCATGACGGATTGTTTCCGAAGGGGCAATGCCGACTGTGACATGATCGACTGCGACTGGCGGGCGCATTGCCTGGGAACGCCGTCCGATCAGCCCCCCAACGGAACGCGGCCAAAAAAATAACAGCAAAGCGGCCAAGGTTGGATCCGGTGCCCGGCGGCGCATGATTGCACCGGCATCGCCCCTGTCAGACGGCGGATGACCAGAACCGGTGGAGGCGTGCGGCCAGTTGCCGTTCTGATCGAACGACTGCGGCGGACCAGTGAACGGGCAGCAGCTGCTGGTAGCCGGGGCTGAAAAATCGCCGGTCCACCAGCAAAATGGCACCACGATCCGTATGGGTCCGGATCACCCGACCGGCGGCCTGAAGCACCCGGTTGATGCCCGGATACCGGTATGCAAAGTCGAATCCAGCCCCCTGTCCATCGAAATACCGGCGAATCAGGTCCCTTTCCGGGCAGATGGCCGGCAATCCCACCCCCACAATGACGGCCCCGCTGAGCCGGTCGCCCACCAGATCGATCCCCTCTCCGAAAATCCCCCCCATGACGGCAAAACCGACCAGGGTCCGGTCGTTTTCTGCCGAAAAGCGCTCGAGAAACCGCGCCCGGCCGGCGTCATCCATTTCGCGGTCCTGCACCAGAACCTGGACGCCGTCCTCGGTTCCCTCAAATTGGCCGGCAACCATGTTCATGTATTCATAGGAGGGAAAAAAACACAGGTAGTTGCCTTTTCTGGAGCGGATAAACGTCCGCACCAATGCCCTGATGCGGTCCACACTCTGTTCCCGCTGGGCATAGTAGGTCGATATGCCCGTGGCGATGAGGACCTCCAGGTGCCGACGCGGGAAGGGAGACGGAACGGCCAGTCTGACAGCGGTCGGCTCGCATCCGAACAGGTCCTGAAAATAGGTTGCCGGCATCAGGGTGGCGGAAAAGAAAATGGTCGCCCGGGAGCGTTTCAATGCCCGTTTCAAGTGCCCGGAAGGGTCCAGGCAGAACAACTTGACCTGCAGGTCCCTGCCCGCCACCTGTCGGCAGGTGACGTAGCTGTCATCATACTGATCCCATACCCGCAAAAATCCACTGGTCCCGAAATAACGGTCCATGACGATGTCCCGATACGAGGCCGGCTGATTCCTGGCCAGCCAGCGTTCCGATACGCGTAAAAAGGCTCGCAGCAGGGGTTCCAGGCCATCGGGAAGCCGGGCCTCGGATTGAAAGCCACCGGCTTCCCGCGCGCCTTTTCCGGCATGGCGCATCCAGGTGTTGATCTTTCCCGCCGCCCGATACACCGCCGGCAGGTGAGATTTCACCGCCCGCCGGAGCTCGAGGAATTCGGATTTTCTCAATCGGGCGGAAAACATCTCACGGGAGCGATCCACCAGGTTGTGCGCCTCGTCCACCAGAAAGGCATACGCGCCGTGTTCCTCATCGAAGAACCGCTTCAGGTAAACACGGGGGTCGAAGGCGTAGTTATAGTCGCAGACAATGCAATCCGCCCACCGGGAAAGCTCCAGGGAGAATTCGAAAGGACAGACCCAATGGGACCGGGCCACGGTCTCGATGGCATCGCGGTCCAGATTGTCCAGGACAAAGGCGTCATCCATGGCGGCCTGCAGCCGATCGAAATGCCCGCGCGCATAGGCGCACACATCCGGGTTGCAGGTGGCATCGGGACAAAAACAGATTCGGTCCTTGGCGGTCAGGGAGACCCTTTTCAATCGAAGCCCCCTTTCCTGGAGAATAGACAGGGCCTTGAGGGCGGAAGCCTTGCCGGTGTTGCGGGCGGTGAGAAAAAAAATCCGATCGATGTGGCCCTCCCCCATGGTCTTGATCGCCGGAAACAGCGCGGCCATGGTCTTGCCGATTCCGGTGGAAGCCTGGATGAGCGCCTGGCCGCCGTCGCGGATGGCCCGGTAAACGGCCACCGCCATGGGCCGCTGGCCGGTTCGATAAGCGGGAAAGGGAAAATCCAGGGCAAGGATGCCGGCATCCCTGAGTTGACGCCACCGGGCGAGGGTCACGGCCCACTTCAGATAGCGGTCGACCAGCTGTTGAAAAAAAGATTCCAGCCGGTCAGCGGTCATCCGCTCGACCAGTTCCAGGGTGTCGCCGCTGTCCAGGTGATAATAAGTCAGTCGCGTGGTCACGGCCGGTATCCCCTGCTCCTTTGCCAGCAGGTAGGCGTAGACCTTGACCTGGCCCCAATGGCAGGGATCGGTGGCCTTTTCGATGGATTCCAGGTCCCGGGTGGTGGATTTGATCTCCTCGACGATGGTGCCGCCCTCATTGTCGAGAACACCATCGATGCGGCCGCCGACCTCCAGGATCAGATCCGCCGTTTCAACATCCAATGAAACCGGCACCTCGGCACGATACCCCTCGGGCCGCTGGCGCTGAATTTTCTGGTGGGCGCGAATGCCCTCGAGGGGGCGCCCGGGAGCGGCAAAACGCATATCCAGGTCGCCGGCTCGCAGTACAACGTCCACCAGGGTTCTGACAGCGATTTTATGCCGCTCTTTCAACAGGGCCGCCTCTTGTTTACGGTTCTCCTTGCCAATGACGCAAAGGCGCACTAGTGTAGAGGTCGAAACGGTTTTGGTCAAGCCGGAAGACCAGGAGCGTCCTGCGGCCGGCCATCGGTTAAAAAAGGGAGGTAAAATGGAATCACGCGTATTGGGAAGAACCACGATCCGCCTTTCCCCGATCATCATGGGCACCTGGCAGACCGGCAAAGCCATGTGGGCCGGGATCGATGACAAGGAGAGCGAGAAAGCCGTCCGGGCGGCCATGGATGCCGGCATCACCACCTTCGACACCGCAGAGGTCTATGGAAACGGACACTCGGAAAAAGTGCTGGGCAAGGCCATCGGCACCCGGCGGGGCGAGGCCGTGATCATGTCCAAGGTGTTTTCCAATCATCTGAAATACGACCAGGTCGTCGGTGCCTGCAACCGCTCCCTGAAAAACCTGGGAACCGACTACCTGGACCATTATCAGATTCACTGGCCCCCGGGCTCATTTGGCGGCAAGAAGGTTCCCCTGGAAGAGACCATGCGGGCACTGACGGACCTCAAAGACCAGGGGAAAATACGCGCCATCGGCGTATCCAACTTCTCTCTCGACCAGCTTAAAACCATCTGCGAAATAGGTCCCGTCGAAAGTCTCCAGCCGCCCTATTCGCTGCTGTGGCGACATGTGGAAACCGGGACCCTGGCCTGGTGCCAGCAAAATCACGTGACCATCCTGGCCTACTCGCCCATGGCACAGGGACTGCTAACCGGCAAGTTCGGTCCGGCCCACCAGTTTGAAAAAGGGGACCACCGCAGCAGCAATCGTCTGTTCCACGACGACGTCTATCCGCACGTCCAGCAGGCATTGGACGCCCTTCGCCCCATCGCCGAGGCTAAAGGCATCAGCATGGCCCAGCTGGCCCTGGCCTGGGTGATCGCCAAGCCCGGCGTCTGCGCCATCGCCGGAGCCCGCAACGCCAGACAGGCGGTCGACAACGCCCAGGCGGCAGAGGTCCTGCTCACGGATGCGGAACTGGCGGAGATGGATCGCATCAGTCGCCCGGTCACCGGTCTGATCGATGAGAATCC
NZ_AP021874.1_gap36	1493131	1497689	4558	CAGCTGGAAACCATCCTGCCCCCGTTGCGGGACCGCATGGAGACCATTGCCCTGGACGGCTATACGGAACACGAGAAACTGCATATTGCCGACAGGCACCTGCTGCCCCGGCAGATCAAAGCCAACGGGCTGCTCCCGGAAGAGATCACCTTCAGCACACCGGCCCTGACCAGCATCATTCGGGACTACACCCGGGAGGCTGGCGTTCGCAATCTGGAACGCCAGATCGGCGCTGTTTGCCGCAAAACGGCTGTGAACATCTCCACCGGGCAGCGGGGGCCGGTTGAAATCACGCCGGACAGGGTCCGGCAGCTGCTTAAAAAACCATTGTTCGAATCGGAACTGTCCGAAGCCATTGATATCCCGGGTATTGTCACGGGGCTGTCCGTCACCGCCTATGGAGGAGAAATCCTGTTTATCGAAGCCACACGCATGCCCGGCAAGGGGGAACTGACCATCACCGGACACCTGGGTGACGTGATGATGGAGAGCGCACGGATCGCCCACAGCTATGTGCGTTCCAAAGCGGTTGACCTGGGAATCGAAACCAGGCGTTTCAAAGACACGGATATCCACCTGCACGTCCCGGCGGGCGCCATCCCCAAAGACGGCCCGTCCGCCGGTCTGGCCATGGTGCTGGCCATGACCAGTATTTACACGGGGAAGCCGGTGAGAAGCGATGCGGGGGTGACCGGTGAAGTGACCCTGCGGGGACGCGTACTGCCTGTGGGCGGCATCAAAATCAAGGTGCTGGCCGCTCACCGGGCCGGCCTGCGCACGGTCATTCTGCCCCGGCGAAACGATCGCGACCTGGATGAACTACCGCAGGAGGTGCGTCGGGAAATGACGGTGCGGCTGGTGGAGCGGGTCGAAGATGCTTTTGCCCTGTCCCTTCTCTCCGAGGGAAAACATACGGCAGGCACCCGGGAAAGGATGCCCGCCCTGGGATGATTCCACATGGAGAAAAGCCATCAGCAAAGGATTGTCGAGGCCATGATGAATCCAGGCTTCTACCCCCATCCGGTGGCGTCTGTCGGGCGGCGGGAAACCCATATCTCCACGGTGTTTTTGACCGGCGCGTTCGTTTACAAAATTAAAAAACCGGTGGATCTGGGGTTTCTCGATTTTACGACTCTTGAAAAGCGGATGCACTACTGCCGACAGGAAATTACCCTGAATCGCCGCCTGTCCGACATGGTCTATATCGACATGATTCCCATCACCCTCCAAGGCGACAGGTATGGGCTGGACGGGCCTGGAGAAACAGTGGAGTACACGGTAAAAATGCACCAGCTCTCCGAAACCGATTCAATACGGCAGCGCCTGCAAAGCGGGACCCTGAACGACGGCCATGTCGAGGAGCTGGTTCGGCTGCTGACCGGCTTTTACGCCCTGGCCCCGAAAAGACGCGAAACGGACCCACCCGCGTCCCTGGCCTGGGAGGAGAATCTGCAGCTGGCCGAGAGATTTGCCGGCAGGTGGATCGATCGGCGGCAATTCGAGTTCGTCCGAACCGCCTCGCGGTCCTTTTTCCGCAGACATCAACGCCTGTTTCACCGCCGCCGAATGGAAGGGAAGATCAAGGATGGCCACGGTGATCTGAGAACCGATCATATTTACTTCACCAAGAAGGGCATCCAAATCATCGACTGCATCGAATTCAACGACCGGTTGCGCGTTCTGGATATTATCAGCGACCTTGCGTTTCTGGTCATGGACCTGGAATACAACCGTTTCCCGCAGACGGCAAGGTCGCTGATCCGGTGGTATCTGAAACAGACCGGCGATATGGGCGCCCTTTCCCTGCTGGCCTTCTACTGCTGCTACCGGGCCATGGTGCGCTGCAAAGTGAGCTGCTTCAGTATCCGGAAGTACGGCAGTCGCCGTGCGGATCCCGGCATGATTGCGGCTGCCGGTCGCTATCTGACCATGGCCCATGAATATGCCGCTGCCTTCAACCGGCCGTTTCTGTGGATCTGTTGCGGCCTGCCCGGCTCGGGAAAAAGCACTATCGCCCGTACGCTGGCATCGGTCCTTGACGCCGATGTGATAGGCTCGGATGTGATCCGCAAGCAATTGTTCGCCGGTTCTTTCGGGCCTGCCGCCGGCGGCGCCTATCAAGATGGCATGTACTCGGCCTATGCCACCGGCATTACCTACGAACGGCTGTTCGCGCTGGCCCGAGAAGACCTCAAGAAAGGAAACAGCATAATCATCGATGCCACCTTCAGCCGGGCATCCCGCCGGACCCAGGCGGTTCGCATGGCCGCGAGCCTTGAGGCCATGCCGGTTTTTGTGGAGTGCGGAGCCAAAGAACCGACCCTTGCAGCCCGGCTGCTGAAACGCGAGACCAGGCCGTCGGTGTCGGATGCCCGGCTGATTCACCTGGAAGCCTTTAAAAAACGCTTCGAACCGCTTTCCCGAATCGCCGACGCAATCTATATTCCTGTGGACACCGAAAATTCCCCGGCGGTTTGTCTTGGCCATATACTGATGACCGATTCCCTGATGGACGGTTTCACCCGCAAAGGAGGCGAGCATGTTTAATCGCATTGTAGCCGCAACGGACATTGTCACCACCGGTGATGCGCCGGTGATATCGGCCTCCCGGTTGGCCCGGCTGCAGGGTACCCGCCTGTATCTGCTTCACGTGATGGAGTCCGCCTCGACGAATGATCGCCGGCTGGTCCGTCATTTCAGAACCGGAACGGAAATGCTTGCCGACCCGGACTATGAACGGACCATCGCCCAGACGCTGGAAAAAACCTATATGGCCGACCTGTCGGATATTCCCCATGAAGTCAGGGTCACCGCCGGCTACCCGTGGGAAGAGATCCTTCGGTGGTCGGGGGAGGTCGATACCGATCTCATCGTGCTGGGGCCCCACTCGACCCGCGCGGAAGAAAGGGGGGTGGTAAGAATCGCCGGTCGGGTCGGGTCGACGGTTGAAAACGTCATCACCCGTGAAACCGCTCCGGTAATGGTGGTCAACAGACCCGCGACCAGGGATCAATTGGTGTTCCAGCGGGTCCTGGTTGCAGTCGATTTCTCCCGGTCCTGCGAATGCGCGGTTGTTTTTGCTGCCAGGCTGGCCTCGCATTTCCACAGCCAGTTGGAAGTGTTTCATATGATCCCGGTGCCCCCCGCCCCGAAATACAGTAGAAGCGACTACGCGGCCGATGCGGCGTATGCGAAAAATCGGCTCGGGTCCTTTTATGAAACCTACCTGGAGGGAACCGATCACCGGTACCTGATCCGGGCCGGGGCCATGCCCCACCTGGAAATACTCGACGGCGCAAGAGAAAAAAAGGCCGATTTGATCATCATGGGATCCCACACGAAGGAAAAGTCCGGCAAATGGTATCCGGGCAGCGCGGTGGAACGGGTTGGTTACCGGGCCGCCTGTCCCGTGGTGGTGGTCACCGATTCCGGTGCATTGACCCATTGGGACCAAACCATGGTCGACGACGAGCCGGATGGCAAGGACCGTTCAATCCACGTATTTACCGGAGCCGGGTCCGAAAAACGATCTGGGGGCCGGAACGACGACCCCTGATGCGGATGGCCGCATTGAAATAGGCAGAATAAAGGTCTCATCGATACAAAAGGAGGAACGAAATGACAACCACATCCGAGGTATTCAAATGCAGGGAATGCGGGGCTATCGTCGCAGTCCTCACCGGAGGTAAGGGGGAATTGGTGTGTTGCGATCAAAAAATGGTTGAGGTGACGCCCGACAAGGCTAAAAAACTGATCCACGACATGGCCCGCCCCGGTACACCCTGAAAGGGGCCTGCAGGGGTATTGGATATCGGCTCGCGAAACATGACCGCCCAATAAAATGAGTACGGATATCGAGTGCATGGATTTCGCTCGTTTTCGCAGCACCTTTAAGGAGTGACACCGAACCGAAGCCACTTGAAATCCTTGCGGACCTGATCGGAAACCTCGCGGCCAACGCGGCCCATAAAAAGGTTTTCCGGTTTCAGGCAGATATTGGGTTCGTTGGTCTGCAGCTCGACAAATCCATGGGGGCTGAACAACCGGATGAGCAGGTTGCGATACTGCTGGGCGTTGAGGCCGGACCCATCCAGATCCCAGGTCCACGAGTAACCGACCATGTAGGCAATCATCTGCTCGATCCGCGGATGATCCAACATCAGGCGCACCAGATCACCGGCCAGTTTGAAAGCGCGCAACCTGCGGCTCACTTCCACCGCCCTGATCTCCATCATCATGCCCGGGCCCAGTTCGGTCCACCGCTCATCGGCCGCCGGATGGCTGAACACACCGAAACCAACGATCTGATCACGGGCCCTCAATGCGACCACCACATTGGCGTCCGCTTTTCCGGCATGCTTTTCGAGGGTGTCCCGTCTGGTGTAAATGGATTTATACTGGGCGTGGGTGCCAAACTGACTGTCAAAGCGGTAGGACCGGATCTCTTCGGGGGTGCAGAAGGACCGGAGGGTAATGGTTCCGGCGGGGGTCGACCGGACAATCTCCTTTTGAATGGGATCGCTCAAAGCCGTCTGTCTTCTCCAGGGTGATTGGCCGA
NZ_AP021874.1_gap37	1498982	1500790	1808	CGGCCATGGGCGACAAGGCATTCTGCACGGGCGGCAACACCAAGGAATACGCCGAGTACTACGCCGGTCGCCCCAACGAATACGGCCTCTACATGGACCTGTTCAACGCCATGGTCGATGCCATCCTGGGATGTAAGAAACCCACGATCTGCCGGGTCAACGGCATGCGCGTCGCCGGCGGCCAGGAGATCGGCATGGCCTGTGACATCACCCTGTCCAGTGACCTGGCCATCTTCGGCCAGGCCGGCCCCAAGCACGGCAGCGCACCGGACGGGGGCAGCACCGATTTCCTGCCCTGGATGCTGCCCCTGGAACTGGCCATGTGGAACTGCGTATCCTGCGAGATGTGGAGTGCCTACAAGATGAAACGACTCGGCCTGATTTCCAAATGCGTGCCGGTAATCAAGGACCCTGACGGCTGGGTCCGCAACCCGGCCATCGAGACGGACCGCTATGTGGCCGATGGCGAAATCGTCTACGGTGAATACAAAACCGGTGATGCGGCCAAAAAAGCCAGGGGGTATGTCAAATCGGCCGCCACCGATTTTGAACTGCTGGACAAGGAGGTCGACAAGATTCTGTGGACCTACACCAACCTCTTTCCCGGCTGCCTGATCAAAAGCGTTGAAGGCGTGCGCATGAAGAAAAAATTCTTCTGGGATCAGGCCAAGGTCGTCAACCGCCACTGGCTGGCGGCCAACATGAACAGCGAAGCCTACCTGGGATTTAACGCCTTCAATACCAAAAAAATCACCGGCCGGGACACCATCGATTTCATCGAGTACCGCCGCCGCCAGGCCGCCGGCGATGCGTTTGACCTGGAATTCATGGCCGCCGTGCTGGGCAGGCCCAGTGCTTAGCTGTTGTAACCTGTCGGTGGTCTACAAACAGCGTCAATAGGCATCTTTATTGCCGACAAGGGTTCAAGGGGCCCGGGGTTCAAGGGTTCGAGTGAAAGGAAGTCAAGCATCAGTTTCAGGATCAAGGAATCTTGGCAACCGATACAACACTCACCCCCTTGAATCCTCGAATCCTGTCATACAAAACCAGACGTTTCAATCGAAGGAGGCACTCACATGCTGCTCGAGGGTAAAAATGCCATCGTCACCGGCGGATCACAGGGTATCGGCACCGCCGCCAGCCTGGAACTGGCCAAAGAGGGCGCCAACGTCTGCCTCACCTACCGCCGCCATGCGGACGAGGCCCAAGACGTGGTCCAACAGATCGAACGCATGGGCCGCAAGGCCATCTGCATGGCCTGCGACATCGCCGTCTTCACCGAAGTTGAATCCGTGGTCCAGGCGACCCTGGAGGCCTTCGGCCGCGTGGACATCCTGGTGAACAACGCCGGCATGAATTGGGACGGCGTATGCTGGAAGATGTCCGAGGAGCAGTGGGACCGGGTGATGGATGTCAACCTGAAAGGCTACTTCAACTTCACCCGGCACACAGCCCCCCTGTTCAAGGGCCAGAAGTACGGAAAAATTGTCAATGTCACGTCCATCAACGGCATGCGGGGCAAGTTCGGGCAGACCAACTACTCTGCTTCCAAGGCAGGCATCATCGGTTACACCAAGGCCGTGGCCAAGGAACTGGGCGCATTCGGCGTCAACGTCAATGCCGTGGCGCCGGGCCTGATCGAAACCGCCATGCTGAAAGAATCCGAGGCCCGGGACAAGATCATCGACCTGGCCATGGCCGAAATCGTTCTTAAACGCGTGGGCCAGCCCGAGGACCTGGCATCCGTCATCGCCTTTCTGGCCTCTGACAAGGCCCGTCACATCACCGGGGAAGTCATCAAAGTGGAC
NZ_AP021874.1_gap38	1506571	1510677	4106	TCACGGACAAGTGCAAGAACCACCGGGACTGTATCGACCAGATCGGCTGCCCGGCTTTTTACCTGGAGGGAGAACGGGTTCAGATCAATGCCAACACCTGCGTCGGCTGTGCGGTCTGTGCCCAGATATGCCCGGGAAATGCCATTACCCCGGTCAAGGGGAAACAGGCAGGCTGAGCACCGGAGCTGAAAGACGCGAACCATGGGCTGCGCCGGGGGATCGTCCGGCGGACGCAATCAACCGGACGATAGTACCGTCAGCCCTTATGAATAGGAAGACGACCATGGAGAAAACAAGACTGATTATTGTTGCGGTGGGCGGACAGGGAAACCTGCTGGCCTCCAAAGTGCTTGGCGAAGCGGCGCTGCTTTCAGGCGTGCCGGTGCGCATGAGTGAAATTCACGGCATGGCCCAGCGTGGCGGTGTCGTCGAATCGGCCATCGTGTTCGGCGATGCGAAAAGCACCATCATTTCCGACGGGGAAGCCAATGTCCTGGTGGGCTTCGAACCCTCCGAAACCCTGCGGGCCCTGAACAAGTGCAATGCAGAAACCACCGTCATTACCAATATGGCACCGCTGCCGCCCTTTACCGTAGCCATCGGCCGGGGCACCTACCCGGATCTGGATCAGGCCCAGCGGCTGATCAGGGCCAAGACCAAACGGCTGATTGCATTCGATGCCGTTGAACTGGCCACGACTGCCGGCAGCGTCATGTCGGTGAACATCGTCCTGCTGGGCGCACTGATTCAGACGGGCATCGTGCCCATTCCGAAGGAGAACCTGGAGGAAGCCATTCGAACCAAGACCAAAAAGGCCTTTGTTGAAGCCAATCTCAGGGCTTTTGACCTGGGGTTCAGTGCCGCCAAAAATGCCTGAATTCAGGACCGGGTTCATCTTTTTTAGAGGCCAAGCCGGCATGAAAGGCCGGTGAAGCAGAGAACACGGTTACAGGAGATTTTTTTAAAACGCCTGAAAATGGGCGATGCATGCAGAAAAAACAGCACCGGAAACGGTTTTTCATATCGGGTCTTATCGTACCATCCATGACCACCAGACCTTTTTAGGATTGTATTCAAGATCACACCGGAGTGGCAACACGAGGCGAGGCAGCCGACACCGGCAGGCGTGAATGCAACCAAAAGTGACCAGCGGGAGTTCGCTTCCGTTAAAGCCTGAGAATAATGGAATGTGCCCCCCCGGGCGGGCCTTGAGTCCCGCCCGGGGGAAATCGACCACTGAGAAGGAGGTAAACGATGCCCTGGAATGAAACGTACGAATGCATGCCGGTGGAAAAAATCCAGCAGTTTCAGCTTGAGAAATTGCTGGAAACCTTTAACTGGGTGGCCAAGCGAGTCCCCTTCTATAAAAAAAAGTTCAAGGAAGCCGGCGTCAAGGCCGCCGACATCAAGGGCATCGAGGACGTGGCCAAGCTTCCCTTCACCGTTAAAAACGATCTGAGAGACAACTATCCCTTCGGCCTGTGTGCCGTTCCCTTAAAAGATGTGGTTCGCGTGCACGCCTCCTCCGGGACCACCGGCAAGCCCATCACCGGCCCCTATACCGCCGAGGACCTGGACCAGTGGGGCGAGTGCATGGCCAGAAATTTTTATGCAGCGGGTGTCCGTCCCGACCATGTGGTCCAGAATGCCTACGGCCACGGGCTGTTCACGGGCGGTCTGGGATTTCATCAGGGTGCCACCGTCATGGGATGCACCGTCGTGCCCACCAGCGCCGGCCTGACGGAACGCCAGATCACCCTGATGAAAGACTTCGGCGCCCATGTGCTGTGCTGCACCCCCTCCTACGCCCTGACCATTGCCGAGCGGGCCGAGGAACTCAAGGTGGACCTGAAAAGCCTGCCCCTGTCCATCGGCATTTTCGGTGCCGAACCGTGGACGACCGGAATGCGTGAGGAGATCGAGGCGCGCATGGGTATCAAGGCCATGGAGGCCTACGGGCTCACCGAACTGGGCGGTCCCGGCGTGGGCTTTGACTGCGACGCCCAAAGCGGCATCCATATCAATGAAGACTACTACCTTGCCGAGGTGGTCGACCCCATCACCCTTGACCCGGTCCCCCTGGGTGAAAAAGGGGAACTGGTCTTTACGTCCCTGCAGCGGCGGGCCATGCCCATGATCCGCTACCGCACCAAAGACATCACCCGCCTGTACCGCGAACGCTGCGTTTGCGGCCGGACGTTCGTCAAGATGGATAAAATATTCGGTCGGACCGACGACATGCTGATCATCAGCGGCGTCAATGTCTTCCCGTCACAAATCGAATCTCTGCTGCTGGATATCGAAGAGGTCGAACCTCAGTACCGCCTGCTGGTCCGCAAAAAGGGATACCTGGATCAACTCGTGGTGCAGGTGGAGGGCAAGCAGGAAATTTATGCCGCCGGCGACCGCAAGAAATTTGAAGTGGAAGCCAAAATCATGGCGCACATCCGCGGCAACATGGGCATCAGCGTGGAAGTCAATCTCGTGGAGCCCAAATTCATCGCCCGAAGCGAGGGCAAGGCCCTTCGCGTGGTTGACGAACGTCCCAAACAGTTCCGTTGATCCGGCACCCGGGATCCTGAACAGACGAGACATGAGGCGGCCCGGCCCCGAGTCTGCAGCGGCCGGGTTGCCCCGTTAAGCTGAAAAGCGTTCAACTGGTAAAACCATTTCATTTTTTGGCCTTCTGTCACGAACGCATGTTCAAAGGCAGGTCATCCGCAACCCGACGGCCCATTGCGCGGACAACGACGCCGAAACAACCACCAGAACGATGGGAGGTGTAACCATGACAGACAAACAATCCTTTGTCCCCAAAACCTTTGCCGTCATCGGTGCCGGTCCCGTGGGCTGTATCGTTTCCGCATTCCTTGCCAAAGGAGGCCATGAGGTGGTCCTGTGCGATGTCGTCCCCGACCTTCTCGAACCGGCCACCAAGCGGGGGATCATCATTGAAGGCGCGGAGAACATGACCCAGACCGTCAGCCACACCTGCACCAGCATCGATGCCCTGCCCGGCTACAACCCCGACGTCATTTTCGTCACGGTCAAGGCCAATGCCCTGCCGCTGATCGCATCGGCCATCGAGGGGTTCCACAACAAGGGCCTCTATGTGGTCAGCTGGCAAAACGGCATCGACACCGAACTGGTCCTGGCCAACAGCCTGGGCAGGGAGGCGGTGATGCGGGCGGTGGTCAACTATGGCTGCGGCCTGGCCGGCCCCGCCCACGTCAAAATCCCCTTTCACCATCCCCCCCACTACATCCAGGAACTCAACCCGGAATCCGCAGGGGCTGCCAGAGGGATTGCCCAGGCACTCACCGATTGCGGTCTGACGACCCGGCACACGGACAACATCATCGCCATGGTATGGCGCAAAGGGGTGCTCAATGCCTGCATGAACCCGGTATGTGCCGTCACGGGGTTGACCATGTCCCAGGCCATGAACGACCCGATCATTTTCAACATCGTGGATGCCCTGGTCAAAGAGTGTGTCAAGGTGGCCCGGGCCAATGAAATCCTGCTGGGCTGGGAATACTACCCCAACGCCATCGAATATATGCGCAACGCCGGCAACCATAAACCGTCCATGCTCATGGACATCGAAAACGGACGGCGGACCGAAATCGACTACATCAACGGCAAATTCGTTGAATACGGCCGGCGATCGGGCATTGAGACGCCCTATAACATCACCCTGCAGAGCCTGGTAAAGGGATTGGAGTCCCGGCTGTAAACGGCAAGGGATTAAGGAATTGAGGAATTAATGGCGCAACGGACTTTTCAAAATGACAGGGCACCTTTTTTTGCCGGGGCCGACGTGGGGGCATCCCGGACCAAGGTGGTGGTGATCGATACCGACGGCCATATCGCCGGTTACGGGGTCGCCCGGTCGGGAACGGATTTTAGGGCCACCGCCGACGGCTGCCTGACCGACGCGCTGGCCATGGCAGAAATTGGAAAGGAACGGATTACCCGTACCGTCTCCACGGGATACGGCCGCAAGAATGTTTCTTATGCCCAGGATCAACGCACTGAAATCAGCTGCCACGGAAAGGGATGCTTCCACTATTTCCCCTTTGCCATCACCATTATCGATATCGGCG
NZ_AP021874.1_gap39	1519700	1522317	2617	AGCGACAGGTACTGGTGGACCGGCTGGTTTACGATCCCATCGTGATTGAAGCGGTGAGAAGTTACGCCCGCGAACATGACATGCCCCTCGAAGTCGTCCAGGACAAGGTGGCGGTCTACGCCCGCGAAATCGTGCCCTCCTTCAATGCCTATTTTTACTTCCGGATCGGCTACTGGATCGCCAAGAAAATCGCCCGCATGCTCTACCGGGTTCGGGTGGGGCTGCTGGAAGACGAGCAGTACCGGTCCATCGATCCGGCCTCTACGGTAGTGTTCGTCATGAACCACCGCTCCAATATGGATTATGTATTGGTAGCCTTTCTGGCCGCCGAACGGACCACCCTCTCCTACGCCGTGGGCGAATGGGCCAAAATCTGGCCCCTTCATATGCTGTTCCGGTTCATGGGGGCGTTCTTTGTCCGCCGGAATTCCGGGAACCCGCTCTACCGCCGGATTCTGGAACGGTACATCCACATGGCCACCCGGGAAGGGGTATGCCAGGCCGTATTTCTGGAAGGCGCCCTGAGCCGTGACGGCCGCCTGGGAAGGCCCAAACTCGGATTGATGGACTACATGCTTCGCCAGTTCGACCCGCAACAGGACCGTGATATCGTCTTCATACCGGTGGGAATCAACTACGACCGCACCATCGAGGACCGCAGCCTGTTGCGCCGGCTGAATCCCGGCATCCGGCGACGCAGCCTGTGGTTCGTCTTCCGAACGACCACCGGCTTCATCCTGCGCAATCTCGTACTGATGGTTCTCAGCCGCTGGCGGCGCTACGGTTACGCGTGCGTCAATTTCGGCGCCCCGTTGTCGATCAAGGATTACTGCCGGGAAACAGGAACGGTTTTCAGCCGGTTGCAGCGCAAGGACCGTTTCCCTGAAATTGAAGCCCTCTGCCGGCGGCTCATGGGGGCCATTGCCGACGTGGTACCCGTATTGCCGGTCTCACTGGTTTCGGCCGTCTTCCTCGAGGCGCCGGCCCCAGGCCTGGACCTTCTTGCGGTCGAGCATCGGGCCAGTCTTCTGGTGGACGAACTTCAGAAAAACCAGGCTCCGGTTCTCGAATCACCGCGCAGTACCCGTATGGCCGCCATTGCCGATGCCATCGACCTGATGCGGTTGCGCGGATTGATCACCCACACCGGCGGCAGATACATGGCCGTCGCTGCAGAAGCCCCGGTCCTGCGTTACTACGCCAATGCCATCGTCCACTGGCTGCCGGGTCGCCAGTGGGATGCATCAGACTCCTGATCCAACCAGGCATCCCACCCCGCACAAGCCCCGCCGCTGTGCGGCGTGAAGTGAAACCATGGACAACTTCATGAATGAAGGTTGACCCCTCACGCAATAACACCCGAAGGAGGGGAGGAAACGAGAAAACACAGGGGAATGGGATGTCCACGAAACCCTTTCCGTAAGCTTTCTGAGGCGCCGATCGATCTGCACGTCACCGGAGCGCATCGCGTATTTTCCGGGCCAGGTCGTTGAAACTGAAGGGCTTCTGGATGAAATGAACCCCTTCATCGAGCACGCCGTGGTGAACGATCACGTTGGCCGTGTATCCGGACATGAACAGGGTCTTGAGTTCGGGGCGGGCCGCGGCTGCCCGGTCGCGCAATTCCTTCCCGTTCATTCCCGGCATGATCACATCGGTCATCAGGAGATCCACGGACGCCTCGCCACCTTCCATAATTGCCAGCGCTTCCTCCGGGGTCCCCACAACCCGGACGGTGTAGCCGATCCGCTCGAGCATCGCCCGGGTCATGTTTCGCACCATTTCGTCATCCTCCACCAACAGCATCGTTTCTGTACCGGTGGCCAGCGACGATTCCTCGGCAGGGGCATCCACCTCTCCCCGGTCTTCCAGCCTGGGCAGGTATATTTTGAAAGTGGTCCCCTGCCCCGGTTCACTGTAGGCATTGATGAATCCGCCCCCCTGCTTGACGATGCCGAAGATGGTCGCCAGTCCGAGACCGGTTCCCTTACCCACCTCCTTGGTGGTGAAAAAAGGCTCGAAGACATGGGAAAGCGTTTCGGAATCCATTCCGAAACCGTTGTCGCTTACCGACAATTGTACATAATCGCCCGGAATGAATCCCAAAAGGTCACGGCAATAGGCGTCGTCCATGTGCGTATTGACTGTTTCGACGATCAACTGGCCGCCGTCCGGCATGGCATCACGGGCATTGACCGCCAGGTTGATGAGGATCTGCTCAAACTGCGTTGGATCGAATTTGACGGCCCAGAGTCCGTCTCCCGGGAAAAACTGAAGATCCACGTCCTCGCCGATCATCCGGGCCAGGGTGCTTTTGACCTCGCGGATCCGGTCGTTCAGGTCCAGCCGTCTGGGTGCAACCACCTGTTTTCGGGAAAAGGCCAGCAGTTGCGTCGTGATGTCCCTGGAGTGCACGGCCGCTTTTTCGATTTCGATGAGATTATTAAGAAGTGGATCACCGGGAGTCATGTCGGCTTTCATCAGGTCCGCATATCCCAGAATGACACCCAGCATATTGTTGAAGTCGTGGGCCACGCCGCCGGCCAGCCGGCCGATGGATTCCATTTTCTGGGACTGGAAGAGCTGGGATTCGAGTTTTGATTTCTCCGCTTCGGCC
NZ_AP021874.1_gap40	1654083	1657258	3175	TCGATTCTTGGATCGTCGCGCGGGGCGCAGGACATTGAGCGGGTGGCGGACTGCCTGGAGGTGAACAATATCGGCATCCTGTTTATGGTGGGCGGTGACGGCACCCTCATGGCCGCTTCGAAGATTGCGGATGCCATTGCCCAGCGAGGACTTAAAATCAGTGTGGTTGGCATCCCCAAAACCATCGACAACGACATTCACCTGATCTCCCGCTCTTTTGGATTCGACACCGCCGTGGATGTCGCCCGGCTGGCCATCCAGAGCGCTCACAACGAGGCCATCGCCTACCCCAACGGCATCGGGCTGATCAAACTCATGGGCAGGCACTCGGGCTTCATTGCCGCAACGGCAGCCCTCGCCCAGCAGGATGCCAACTTCGTACTGATTCCGGAAGTGGACTTTGACCTCGACGGACCGAAAGGTTTGATGGCCGCAATAGAAAACCGGGTGACCAGCCGGGGTCATGCGGTGGTCGTGGTGGCCGAAGGGGCCGGGCAGAAATTCTTCGAGCATGTGGACGAACGTCGGGATCCGTCGGGCAACATCCGCCTCAATGACATCGGCCCCTTTCTAAAGGAGGCCATCAAGGCCCACTTCGCTGAAAAGGCCATCCCCTTGAACATCAAGTATATTGACCCCAGCTACATGATCCGCAGCCTGCCGGCCAATGCCAATGACAGCGTGTTCTGTGGATTTCTGGGCAGGGACGCGGTTCATGCGGGAATGGCGGGAAAAACCAAACTGGTGATCGGCCACTGGAACAACCATTTCGTGCATTTGCCCATGGTGGCCACGGCCGGGAGAAGAAAACAAGTCAGGCCGAGTGGCAAACTCTGGACAACCGTGCTGGAATCAACGGGGCAGCCGTCGCTGAAAAATGATCCGGCTTAGCCGTGCGGTGCAGGCAGAAAGTCGAGGAGCACACGGGCGTGGCGGCGTGACGCCCCCCTGTTGGAAAACGCCGCCTGTCTGGCCAGACGGCCCAGCCGACGGGCCTCGGCCGGGTGTGTCAACAGGTAAAGGGCGCGTTCCGCCAAGTCTTGAGGGTCTTTCACGCAGATCCCGCCGCCGAAGGTCTCGAGCAGGTTTCTGGCCTCTTCGAAATCTTCCATGGAAGGCCCGAAGAGCACCGGTTTGGCCCACACGGCGGGTTCCAGGACATTCTGTCCGCCCAGGGGCACGAGGCTTGCCCCGCAAAACACCACCGAGGCCAGGGCGTAAAGGTCGCGCAATTCACCGATGGTGTCCAGGATCACCACCGGTGCCCGCCGTCCGTCCGGCCCATATCCCAGTTCGGTCCGCATTTGACAATCGATCTCCTTTTTGCGCGCCAGCGCTGCGATCCGGGCGGACCGTTCGATATGCCGCGGTGCAATAATAAACACCAGGTCGGGAACCCGCACTGCCAGACGGGTATAAATATCGATGAGGATATCCGTTTCCGACCCGCGAACACTGCCGGCGATAAATACCGGTGTGTGGCCGTCAACGGCGTAAATCCGCTTCAAACCGTCGATGGAAAGCGCATCCGGATCATAATCCCGGGCGTCCATTTTTACATTGCCGTTGATTTGAACGCGATGGGCCGGTGCGCCCAGGCGCATGATCCGCCGGGCGTCCGCTTCGGATATCATGCTGAAGGCATCCACCTTCTCAAGAACAGGCCGTATCAGGGGCCGGATGGTCGTATAGGAACGGATCGACCGCTCGGAGATGCGTCCATTGAGAAACACGATTTTAACGCCCTTTCGATGGGCTCTCAAAATCCAATTGGGCCATATCTCCGTCTCCATGCAGACCAGCAGATCCGGGCGATACGCAGACAGAAACCGCCCGACGGCCCCCCACAGATCCACGGGTGCATAACGGACGACAGCCCGGTCGGCAAGAAGACTGCGGGCGTAACGCTGGCCGGTCCCGGTTGTGGTGGTCAACAGGATGAACAGTTCCGTGGGAGAGGCATCAAGGGCGTGAACAATGGTTTCGGCTGCCTTCACTTCGCCCACGGAAACAGCATGAATCCATATTCTTGGAGGTGCGGGCGGGATGGAGCGGCAGCCCTGCAGATCGTACCCCAGCCGCTGGGCCAGAGACCGCCTTCGTTCCGGGTCTTTCCTCCCGAGGCACCAGACGGCTGGCAGGACGATCAGGCCAAGCCCGGCCCCCAGAAGAATATAAAGGAAATGGAAAAAATTCATGGTTACCGACCAGACACGGTCTACTGCATTTCCACGACCGGTTCGGCCTCCGGGGTTCGCTGGACCTGGACGAATCGCCCCCGCTTGATCCGGAGCATCTGCAGGGTCTTATCGGCCTCTCCGTTGGGTGCGAACCTGGTACGACCGGACACCCCTTCGTAATCCGAAAGACGAAGAAGGGCCTCTTTCAGCGCCCGCCTTGAGTCGGTGGCCGTCTGCCGCATGGTCTGAAACACCATCATGGCGCTATCGTAGGCCATCGCCTCGATGATTCCCGGCCCTCGGCCAAAGGCGCTCCGAAAGGCCGCTACAAAATTCTTGACCCGCGGGGCCTGGCTTTCGGCAAAAAAACCGTCGACGATCAGTGTGCCTTTCATGTAATCGCCGGACATATCCAAAAGCGTTCGGGAATTCCATAAGTTGGTACCAAGCAGAAAAACATCACGGATATCGTAATAGGCCAGCTGCGGAATGACCAGCCCGGCTTTCTTCGGCGCATCGGGAATGAAAACGGCGTCGAAATCCAGGATGGGATGCCATTGGTCATCCCTGTCCGGAGATCGCCGTCCAAGCCCGTCAATGACGTCACGCGCCAAAGGAATACCGCTGATCCGCTCGACGGGGTCATCGATCAGCCCGGGGGCAAAGGGTTCCAGCCCGGCCATGAGGCTCAGCAGCGGCGGGCGAAGCCTTGGAACACCGTCCTCGGCCAGATCACCGGGTACGTCGTAGAAGATGCCAGCCAGTTTTTTTATGGGTTTGGCAAAATCGGTCCCGGCGGGATCATACGCCTCGACACCGTTCACCACGCCCCCGTGTTCGATCACCTGATCCCAAAACAGGTTCATGTATCGCCGGCCGTAGTTTTCCTCGGGGTAAAGGATGGCGAACCGCCTGGCCCCCAGTTCTTCCACGGCAAAGGACACCAGGGCGCGAACCTGCAGGTCCGGGGTGATAAAATGCCTCAGCACATATGT
NZ_AP021874.1_gap41	1698606	1701799	3193	GCACTATGGCACCACCCTGGCCGCCGGAAGACAGCAGGATCCGGATGCTTTGGCCGAGCTGGTCCGTTTGGCCGGGGATCGGCTCTACCCGGACATCGTCCGCGCAACGGCCCTGTCCCTGGTCTCCGTCTATCCCGATGAGGCCGCCTCAAAAGCACTCGAACGGGCCATTTCCGACGAGTCGGCCCTCCTGCGTCACACCGCTGTCAATCGACTCGCCATCCCGGGTCTGCAGCAACGCATCGCACTTGTCGGACCGCTGCTCTACGACCCGGTGCGTGCCGTTCGCATCGAGACGGCCCGGAGCCTGGTCGCTGCAGTACAAGGTGGATACGGAACACCCCTACGCGAACCTTACGAAAAGGCCCTGGCCGAATACATCAAGGCCATGGAACGAACCGGCGATTTTGCCGCTTCCCGCCACAATCTGGGCAATCTATATGCGGACCTGGGGCAGCCGGATCAGGCCATCGGCCATTACCAGAGGGCCATCGACATCGACAGGCTCTTTTACCCGGCCAAGGTGAACCTGGCCATGCTCTACAACACGATGGGAAAAACGGATCCGGCCGAGGCCTTATTGCGTGAAGTGGTCGACGCGCACCCGGACCTCCATGACATCCAGTACTCCCTGGGCCTGCTCCTTGCTGAGAAAAAAGACTTTGACCAGGCGGTTATTTACCTGGGAGATGCCGCCGCCGGCCTGCCCCAGCGATCCCGGATCCAATATAATCTCTCGCTCCTGCTTAAACAGCTCAACCGCCATGCGGAGGCGGAGAACGCCCTCAACCGGGCCATTCTGATAGACCCGGAAAATGCGGATTACCTCTACGCCTTGGCCGTGCTGTATATGGAATCGGGCCGACTGGACGACGCCTTGAAGGTGGCGGTGACGCTTCGTAAAAACCATCCCGACCTTGCCATAAGCGTCAACTTGGTCGATCATATTAAAAAGTTGCTGGCCAAAACGAATTGAAGGTTTGATTTAAAGGGATGGTTTACTTCTCCTGGAGGAGGTATCCATGAAAAGCATCGTCATCGCCTTTTTGTGTCTCTTCGTATCGGGTGGTTTCAGTTCGTCGATGGCCGTGGACAAGCAGCGCCAGGCCTACGACAAGATGGTGGAAGAGGCCACCCGGGAGGCAGATGGATACGTACAGGAAAAGCAAAAAGTCAGTGGTTCCTCTTTTAGGAAATGTTGAGCAAAATTATTCTCCTTGGAACGCGAAGACCATCAAACAAGCCCACCGCATTCTTGGAATATTCGTCCTAATGGTGTATATAATGGCCAGGTTCGGCGACTAAGTATTCCATTCTCACCATCCCCATTCTCCTGTAACAGAATCAGCGCACGAGCCGCAGCATATCGACAAATCGTATACGGTGATAGCGCTCCTGGCTCATCCGCAGGAAATTTCACACCCTTTCAACCATCAACCCTGCAGAGAAGGCACCATGAGATTAAATACCGTTGGTCTGATTGCCAGCTTGTCGTTCTTGTTGTTCGCATGTGGAGAAAAACAGGCAACCGAAGCGCCCGCCCCACCGGCGCCAGAGGTATCCGTTGTCGAAACCAAGGCTCAGGATGTTCCCTTGTTCCTTGAATTCGTGGGGCAGACCGCCGGTTTAAGGGACATCGCCATCCGTGCCCGCGTGGAAGGGTTTCTGGAGGGGCTCCATTTTCAGGAGGGTGGCGCGGTCAAGAAAGGCGACCTGCTATACACCCTGGAGAGCCAGCCCTTCGAAGAGAAGGTCGCCACCAGAATGAGCGGGGTTGCCGAAGAGAAAACCATGCTGGCCAAAGCCAAAGGGGACCTGGATCGCATCAAACCCCTGGCCGAGATCAATGCGGTCAGCAAGAGTGACCTGGACGAGGCCGTGGCCGCCTATGAGGCGAGGACCTCTTCTCTTGAGGCGGCCAAGGCAACCCTCCGCGCAGCGAAGATCGAGTTGGGCTACACCAAAATTCACTCCCCTATCGACGGCATCATCGGCAAGTCCCAGGCCAAAGTGGGTGATTTCGTCGGCCGGGACCCCAACCCAATCATCCTGAATACGGTCTCCCAGGTGGACACCATCCTGGTAACCTTTTTCATTACCGAAACCCAGTATCTGGAGTTCGCCCGGTATCTGGCCAAGCCCGATCCGGAACGGGTGGACAACGATGACGCCAATCTGGAACTGATCCTGATCGACGGGTCGGTTTACGAGCACAAGGGAAGACCTGATTTCGTCGACCGCGAGGTGGACACCACCACCGGGGCCATGCTGGTCCAGGCATCCTTTACCAATCCTGAAAAACTGCTGCGCCCGGGCCAGTTCGTCAGGGTGCGGGCCAGGTCACGTGCCGTCAAGGACGGCATCCTGATCCCCCAACGCTGCGTCATGGAACTTCAGGGGCTGCATAACGTGTATGTCGTGAATGCAGACAATACAGCCGAGATCCGCGAAATCACGGTCGGGCCCAAAGTCGGTTCCAACTGGCTGATCACCGACGGGCTCAAGCCGGGTGAACGCGTGATTTACGAAGGTCTTCAGAAGGTCAGGGACGGAGCCGCCGTCAAACCAACCGTTGCAACCCCAACCGCAACCGACAAGCAGAAAAAGTGATTGAATATGGGTGATTTTTTTGTCAGACGGCCCATCGTGGCCATGGTGATTGCCATTTTTATGGTCATTGTCGGCGTGGTCTCCCTCGGCGGCCTGCCCACCGAGCAGTATCCCAACATCACGCCGCCCATCGTCGAGGTTCGAGCCACCTACACCGGGGCCAATGCGGTCAGCGTGGAACAGTCTGTGGCCACGCCGCTGGAGCAGCAGATCAACGGCGTGGACAACATGATCTACATGAAGTCCATCAACGCCAACGACGGCACCATGACGATCCAGGTTTCCTTCGATGTGGGCACCGATCCGGACATGAACACGGTGTTCACCCAGAACCGTGTGGCCGCGGCCACGGCCAAGCTGCCCGAAGAGGTCAAACGACTGGGCGTGACCACCGAAAAATCCATGCCCAACACTCTCATGCTGATCTCCCTGACCGCGGACGACCCCCGTTTCGATCAGCAGTTTCTGGGCAACTATTCGCTGATTAACATCAAGGACATCCTGGCCCGCATCAAGGGCATCGGCCGGGTGAACGTTCTGGGTGCCAGCGATTACTCCATGCGCATCTGGATCAAGCCCGACC
NZ_AP021874.1_gap42	1704825	1706883	2058	GAACTGATGGCCAGCGAATACGGCTTCAAGGCCATTCAACTGGCCCTGATCGCCGATGTGGTCGGCAGCTATTACCAGCTGCTTGATTTTCATCAACGCCTGGCCATATCCGAGTCCACCCTCCAGTCACGGACGAAAAGCCTCGAAATCATCCAGCAGCGATTCGACAAAGGCATAATTTCCGAGCTCGATGTCAACCAGGCCCAGATCCAGAAAGAAATTGCCGCCGCGTCGGTTCCCCTTTACCAGCGAGCCATCGCCAAATCCGAAAACGGCCTCGCTATTCTTCTCGGCCGGTTGCCCGTCGAGATCAATATACGGAAAGACCTGGGCATGCAGGCGGTGCCGCCGGACATTCCGGTCGGCCTGCCATCGGACATTCTTGAAAGGCGACCGGACATTGCAAGGGCCAGGTATCTGTTGAAGGCCAGCACGGAAAAAATAGGCGTTGCCGAAGCCCTGCGGTTCCCGTCCATATCGCTCACGGGTACCCTGGGGGTGGCCAGCACCGATCTGGGTACGTTCAGCACCGACGGCAGCGTCTGGTCCGCGGGCGGCAGGCTGCTGGGGCCGGTCATCGATTTTGACAAAAACAGAAGGCGGGTTGAAATCGAAGAACAAAAAACGCAGCAGGCCCTTTTCCAATACGAGAGCACGGTGCTGACTGCGTTTCGCGAAGTGGAGGACGCCCTGGTGGAAATCGCCACCTTTCGCCGGGAACTGGCCGCCATCAATCGCCAGCAGACAGCGGCCAGGAATGCCAACGTACTGTCCAGGGAGCGCTACGACAAAGGGGTCAGCAGCTACCTCGAAGTGCTGGATACAGAGCGCACCCTGTTTAACGCCGAATTGCAGTTGTCCGACTTGCAGCAGCGGTACCGCAACGCCTATGTCAATCTTTACAAAGCTTTAGGCGGCGGCTGGATTACCAAGGCTGAGGGAGAGTAGACGTCATGACAGAGTATCAATGTGCTGGCCACCGAAAGCTATCCCCGGTTGCAGATGGGTAAGGCAATTTCAGACGCGCATCAGCCTGTCGGCATTTGAACGACCTGTTTGAAGAAAGCGGGTCCATTTGACGTGTCACCGATTGTAAGTCTCCACGGAAAATCTCAGAAGGTGTCCTCTTCCCCTTCCCGGGTTATCGGCCCTCCGGGTTTATTCACCGGGAATATAGGGCACTTCAAATCCCCACCACTGCTGTTCCGCTGAGTTCTGCTGATCCTCAGCGGTCGGGTTTCTATGGCCGTACCAGCTGAATTTCATGTGATCCCAATTCTTGTAGAGGGTGTCATGCTCCATGAATTCGGACTGCACGAGGGTACCGCTGCAACTGGCCATGAAAAACGCCAAAAAAATCAAAACGATTGCTTTTTTCATCTCTCTCCCTCCTGTTGATTTGTGTTGGATCAGACCTGCAGGTGTGAACTACAATTAAGTATTAAGCAATTGCACCCAATAGTCAAGATTGCCATTTTTTTGTCACCCCATGTGACCTAAACTGGCAATTTCATATCCCCAGCGCCGTCCATTCCACCTAACAGCCTGCAACCATTGTATTTTTTATTTTTTCCGGCATTGGCCTCAAATTTGCTGCAATCAACCATATGAGACCAGCACCCTGTCCGGGGTGAAAAGAAGTCGTATGGAGAGTGGTGATGCAGAAAAATACAAGGGTGCGAAATGTCTACCGATTCATGCTGATGGCCATGGTAATCGGTCTGTGGCTGTCCGGCTGCTCCGCCGCCACCGAACGGATGCACCCCCGGTTTCCCGATTATCGGCAAACCATGGGAACGATGCTGGTGCCGGTTCCGGAAATCGGAATAGTTGAAAAAATGCCCGACGGCAGCCGCATCTACGAAGAGGCGTCCAGCCACGAGGCCCGGCGGATAGCGCAACAGGCCATTGTGAAGCAATTGCGAAACCGTCGGTTTCGGGCGCTACCGGTTGACGCCGATTCCCTGCCGGAAGACGAAATGGCAAGCATTCGTTCCCTTTTCAGATCCGTTAATCGCTCCATTCAGTTGCACACCATCGGCCCCCAGGTCTTTCCAT
NZ_AP021874.1_gap43	1726919	1730667	3748	AAAACAGTATTGAGTTGAAATCCGTGAACTCAGCAAGGACGCTATTGGCAATATTCTTTCAGACAGTTACGCAAGATCCTATACGTAAAACCAAAATCCCCATATAAGCTTCTAATTTGCCTGGTCGTTTTTTGCTTTCCTGCCAAAATATATCCCTACCCTTTTCATCCGGTTCCTAAAATTGCACGGGGTGAATCCCGGACGAACTGTGGTTTGCCAATGCCCGCGACCATTCAGCTCATTTACGCGACGGCAACGGATCCAGCCTTATCGACGTGTTCGCCGGTATATGACCCCTTGTCGGCCTGAAGCATGTTGACAGGCTCCAAAAAAATAGCCGCTTCAAATTTGGGGTTGACAAATGACCATGCGAACATCAATATGACTTATAGTCATTTCATAGAATATAGGTCATCCGCCTGTATATGGGGTTGTAAAAATGAAAAACAGCAAAATGGAACGAAAGAAACGAATGGAAGCGTTTATTCGCAATGATATCCTCGAAAGCGCCATTGCCCTTTTAATGGAACAGGGCATTGAAAAATTCACAATGGACCGGGTTTCAAAAAGTGCCGGTATCGCCAAAGGTACTGTGTATCTTTACTATACGAATAAACAGGCGCTGCTGGATGCAGTGCTTGATTACGCCTACCTGCCGTTGCAGGAGCAGCTAAAGAAGATCATCCCGGCAGGAGGTGAACCATTACGGAAACTGGAGCAATGCATCCATGTCTGCCTTGCGCATACCGAAGAAAACAAGTTCCTTCTCAGGCAGTTGAGAACCGTACTTTTTGCCACCATGGACCTGCGCATCAGCGATAAAAAGTCTTGGTACTGGACCATTGCCGGCATGCTCGGGAAGGTGCTGGAGGAGGCGTCCGCATCCGGAATGATTCGCCCCGTGAACTATATAAAAGTGTCTGCATTGTTCATCGATTCCATTAATTCCCTGATGGCCCACAGGATTCTTTCTGAGGTGGAAGAAACCATTGAACAAGATGTTGATGAGTTGATGGACCTATATCTCAACGGGTTAAAGCCTAAAAAAATGCCTGGCTAAAGAGATGTAAATATGGATTCCCAGGAATTCGATGTAGAGGCGTACCTGCAGCGCATCCGTTTCAGCGGTTCGACCGATGTGTCCTTGGATACATTGGCCCGGCTGCACAGTGCCCATTTCCACACCATCCCCTTTGAAAATTTTGATATTCTCTTAGCAAGGGGCATCGATCTGGACCCACAGGCCGTTTTCAACAAACTGGTCCGTAAGAAAAGAGGTGGATACTGTTTTGAATTGAACGGTTTGTTTTTACAGGCCCTTCTGGCTTTGGGGTTCAAAGCACGGGCCCTTCTGGCACGCGTTCATTTGACAGGAACACCATCGGGTCGTGGCCACCAACTGGAGCTGGTTTCCATCGACGACAGGGATTGGCTGGTAGATGTCGGGTTCGGCATGAATTCTCCCCGTGGACCGATTCCCTTAGAATGGGGCTGGTCGGCCACAATGGGAGGACGGACCATACGGCTGACGGACGGAGGACATTTTGGCACCATGCTCCAGACCCTTGAAAAAGGTGAATGGAAAGACCTCTACAGTTTTGATTTAGGGTATGTGTTTCCTGCGGATATTGCCTATGGAAACCATTATACGTCCACCCATCCGGATACATTTTTTACATATTCCCGTGTTGCCGGGCTTCCTTGTCCCGAAGGAGGCATCACATTGCTGGATCAGACATTGAAAATCACCACCAAAGGCAGGGAAGAGGTGCAAACGTTGCCGGACAGCCCGGCCTACCTGGATGCATTAAAGAAACATTTTAGCATAGAAATAGATGCATCCTACGATGATCTGAAACCGCTGATCCCAAAGGATTGATGCAAACCGACAGAAATGCGAAAGGCACCGGTATTGAAAGGGGTTGCGCATATAATGAGCGTTTATCACCAGGGAAATATGGACGCATTTAATGAGGTGATTGCCGAAGACGGTGTCATACATATCAACGAAAAGACCGCCGAATCATTGGAAACGGCCAAGCGGTATGTACCGGGACATTCAGGCCACCATCGATGACATCATTGCCGAAGACGATCTGGTGGCGTTGCGGACAACGATTAAGGAGATTTTCAGGCGCAACGGCAATGAAATGACATTGCCAGGTATTACCATTTGCCGGTTTAAGGACGGAAGGATGATCGAAATCAGGCGAGCGTTCGATAATGCAAATATCTTCAGACAGCCAGCAATTAAGCCACCCGCAACGAATTAGTGCGGGGATACAACGGATTGTCTTAATATTTTTTGGGTCCTGACAACCTGGCTCTGAGAGATAGGGCAAAGAAGTGAAACCAGGCCATGGATAGGACTCGGGGAACTCAGGATTCTGAGGCTGAAAAGATCATTGTAAACGCGGAAGCGACGAAGATGGTTCCCCAGCTGAAGGCCGAGGATTAAGCATGAGCACTGGTGAAACATGCAAGATCGTTAAGAGGTTGATTTATGGCATTCAGGCAAATGATAGCACCCTGCGGGGTGGATTGTGCCAGTTGCGTCCATTATCTGGCGAACGAAAATCCAGCAGCGCTTGTACAGGTAGAAAAGTGGTCTGCACTTCTCAATATTCCCATTGAGATCATCACGTGTAAAGGCTGCTGGACTCATACAGGGCAAATACCGCTTCAAAAGCATTTGTTTGGAGACAATCATCGCTGCTCTATATATGGCTGCGCACAAGAAAAGAAAACCAAATATTGCGGACTCTGCGAACAATTCCCCTGCGACAAGCGTCATCCGTACTTAGAAAAAAACGAACTGCTGAACAAGAACGCCAGGGCTCTTCTCTGCCCTTGATGGAACAGGAAGCCATAACGTTTGCGGCAATGGTGTTCTGCATGGCCGATACAGTTATCTGATTTCATTTATCCGTATTATTTAATATGGTTTTCCAAGCATGTGCGTGCTTTTTAGAGGAGGTGATTATGGAATGCGCAATTGTTAAGAATTTACAACCAGAGTTTGAACCGGTGTCAGTCGTCTGGAGCAATACAATTCCTGATGATGCACTTCAGTTCAAGAAAGGCAAGTTCGGATGCATTCTTTATCTCTTTGCGGAAGCCGCCCTGCGCGGAAAGGTGGCCGGTGGCAATAGAGATACGATTTCATGTAAGGGCGGTCGCGCCGCTTTGGGATTCGGTATCGACTTTGATACCTCGGGTGAACGACTTGATCGCTATGCTGCTGTATTCAGCAAAGGACTCAAATCCGCTGGCAATCAAAGGGCGTATCAAGCAAGGATGGAAGCTGCCCCAAAAAACTGGAGGGATTTGTTTAAATATGGCGAGCGGAGACACTGCAATGCTGAACTGGCCAGGGATTGGATACTTCATGGCTTACCCCGCTATGATATTCCTTACGAGTATGTTCTATTCAAGCCTCTGAGCCGCACCGATTCTGACGAAAACATCCGCGCCGTCATTTTCTCGGTGAGTCCGATTGAGCTTGCTGGTTTGGTCACGCTTGCAGGGTCAGTTTTACCAGGGACCGATCCTGTTCAAGTCCCCCAAGGTGCAGACTGCAATAGCATCACAGCTTTCGCCTATGCACAGGCGAAACGGGATGCTCCCAGGGCTGTTATGGGCATGTTGGGCGTGGACGGCAGGGAGGTCATGCAAAAACGGTTTCGCGATGACACCCTGACCCTTGCTTTACCGATACCGCTTTTCCAGCGCATGGAGACGGAGGCTG
NZ_AP021874.1_gap44	1778441	1782867	4426	TGGGGGGCTGCCCCGTATTGTCCGGCTGCAGGCTCAGGGGATCGTCCACCCGGACCAGCAGCTGCGCCATGCGACCCTGCGCCTCCAGTTCTGCTTCCAAACGAATCACCCGGCCTTGCCGGCAGACCCCGTCGCCCCAGGCGGCCGTGTCGTATATCCGGACCGGGGCCCCCTGGTCGCCCCCGGTTTGCGGTATCTGGATCCACCGCAGTTGACTCACCGGCACCGATACTTTCACCCAGTAGGCATCGGTGCCCACCAGGGAGGCCAGTACGGTGGATTCACCGGCCCGGGCACCGAGGTCTGCCGAACGCGCCTGTACGACCGCATTGAACGGCGCCTTGATCCGGGTGCGCGCCAGATCCACCCGGGCCTGTTCGAGCTTGGCCTGCGCCGCTTCGAGTGTGGCGCGCAGGTTTTCCAGCTGGGGCCGGCGCAGCATCAACGCTTTCTCGACATCGCTGACCGTTTCCCCCAACAAATGGTACTCTTTTTGAGCGACGAGCTGGTTTCCCTGCTCCAGCTGCAGGTCCGACTCGGCTTTGGCCACATCGGTGGTCAATTGCCTCACGGTCAGACGGTAGTCGGTGGGGTCGATTTTCAGCAGCGTCTCGCCCCGGCGGAAATGGCCGCCGGGTACCAGGTTGCGGTTCAATTCGATGATTTCGCCGCTGACCTGTGGCTTCAAGTCCACATGGTGTGCCGCGGTAACCGTCCCCATGCCGGAGATCACCGTCTGCCGGGGGCCGTAATCGACCGGCTTTACGCCCACCAGGGTTGCGTTGTTTACCTGGGGGCGCGGCTTGGCTTGAGGGCTGGTCTCCATCAGCCAGAAACCGATGGCCGCGCCGACGGCAAGAATGCCCAGCGGCACCAGGGTTCGAATCATTGTCTTTGCCGGGTGTCGCCCATCGCCGCCCTCGGCTCCCGCCAGGAGGCCTTCCTGGTTATGGTCTGTTGAGATTTCCTGTTCAGACGGCATCGGAATTTCCTTTACCTGTGGTTGTTGACGCATCGGCGTTTCTTTCTTCCGGACGATCCAGCGGCCACCCCGTGCCCAGGGCCCGGCACAGATCGATACGGTACTGCACCAGATCCCGCTCGGCGGTCAGCAGGCTGCGCTGGAGATCCTGATGGGAGAGCAGCGCATCGAGCACCCGCTGGTAATCCACGGTCCCCTGGATATACCGGTCCCGCAAACTGTCGACCACTTGCCCGGCCAGCCCCAGCTGCCTGTTAATGCTGGCGATGAAGTCACGCTGGCGCTGTTCCTGGACCAGGGCGTCCTCGACCTCGCCCAAAGCATCGAGAATCGTCTGGCCGTAAGTGTGCAGCGCTTCGGACGCAACGGCACGGGTCCGGTCGACTTCGGCCTCGCGCAGGCCCCCATCGATGACCGGCGCCAGGAGGTTGGCGGCAAGCGCGGCCAGCCAGTTGTCGAACAGGTCGCGGGTGTGCCCGCCCGAGGTGTCCACCCCGGCGGTGAGGCTCAACCGGGGAAAGCGGTCGGCAATGGCGGCAGCCAGGTCGCTGTCTGCCGATTGAACACTGTACAGGGCGCTGCGGACATCCGGACGGCGCTGGATCAATTCGGCCGGCAGTCCCGATTGCGGCATCGCCGGCAGCTTTGTCAGGGCCGCAACCCGGGGTGCCACGGTCTGCCGGGGGGGAACGCCGAGCAGGATTGCCAACTGGTGCTCGAGCACCTTGGCCCGGGCCAACGCCTGGGATTTTTCGCCCTGGTTGGATTCCACCAGTTGCCGCTGCTGCAGCATATCGGCGATGCCGACCTGACCGGTGCGAAACTGCAGGGTCACCAGTTCTAAAACCGTCCCGTTGGTAACGATCTGCGCTTCCAGCACATTCAGTTGTCCGTATTGCTCGACCAACTGGTACCAGGTGCCGGCGACCGTCGCTGACAGTGTCAGCGCCGCCGCCTGGAGGTCCTGTTCGCTGGCGTGCACATCGAACACGGCGGCATCGCGACCGGAACGTATGCGGCCCCACAGGTCCAGTTCGTAGCTGGCCGTCAGTCCCAGGGCATAACTGCTGCTGTCGCCGGTCTGGCCGGATTCGCGAAAACGGTTCCCGGAGGTGTCGGCCCCGGCGTCGAGGGCCGGGAAGAGATCCGCCCCTGCACGCCGCGCCGCCGCTTCGGCCTGGTTCAGCCGATCCCAGGCCGTATGCAGGTCGAAGTTATTCGCCAGGGCCTTATCGATGAGCCCGCTCAGCACCGGGTCCTCAAAGGATTCCCACCACTTGTCAGGCAGCGGCGAGGTGCCGGACTCGGAAAACCGGGCCGGAACCACGAGCGGCGTCTTGAGGTTCTGAGTCGCCATGCTGCAACCCGAGAGCAGTATCGCCGCGGCCGCAAGCAAAAGAGCCCGGGCCCGCCGGGATCCGGCCGACGGGTGAAAACGATTATCCCGATTTTTGCATTGAATCGCCATTTCGCTTCCTCGGCAAAAAGGTTTCCATTGGCAGCTGAATTTCCGTCTTGGTCAATCCTGGCCGAATCTTAGCCCGGGACAGGTGAACAGCCCGTGAAAAGAATGTGAAAAAGATGTGAAATCTGCAACTTCTTCGGAAACGAAACCGGAGGGGTCCACCGTTTAACCGGGGACGGGGGGACGCATCGGTCTGACCATACTCAGCAGGATGTTGAGGCAACAACGAGGGACCTGTCCGGCATGACTGCCCCGCGCTCAGGCATCCTGCCACAGAATCCGGGTCCGGGTCCCTTTTCCAGGCTCACTTTCAATGATCAGTTGCCAGCCGAAGCGTTTACATAAACGCGAAACAATGCTCAGCCCCAGACCGAACCCCCGGCTCTTCTGCCCTTTGACATGGGATCGGGTGACCGAATCAAGTTTGTCCGCCTCGATCCCCATGCCTGTATCGGCAATCCCGATATGCATGTCGTCGATGGTAACGGTTACCGCCCCCCGGGAGGTAAAATGAAAGGCATTGCGGATCAGGTTGGTGACGGCGATATAAAGGACCTCCTCCCTGACCCTGACGGCTTTGTCCGTGCGCACGTCCATGTGGAGTTCGATATCCTTGTTTTCGATCAGGTACCGGTTGTCTTTGATCGCTTTTCTGGCCACCGGTTCCACCCGGCAGGACGATTCGGTTCCGCCCTCCTCCCTGGCCAGCCAGAGAAAGGTCTCAATCGTGGTTTCCATGTCCCTGACCGATCGGGATATTCGCTTCAGGGGGTTTTTCAATAAGGGGTTGCCCTCCAGTTCCGGCTGCGCCTCCATGATTTCCACGGCCCCTTTGACAATGGTCAGCGGGGTTCGAAGCTCGTGGCTGGCATCCCGGGTGAACTGTTTTTCGCGCTGGATAAAGGCGTTGATCCGGTTCATGGTCGTCTCGATGGTACGGGTGAGCATTCCGAGTTCATTGCTGGCGTGTTTCTGGGAAAACCGGGACGGTATATTGTCAGGGTTCAGGCCCTTGATTTGGTCCATGAGCGTCACCACGGGGGCAAACAGCATGCGGGAGGTGATATAGCCGATGATAACGCCGGGTATGAGCAGCAGGGCCAGAGAGATCATCAGGATCTGCCTGGGGTGCAGCCGGGCATTCTCCTCGAAAAACGCCCTGCCGTGGAAGAACATGAAAGAGGGCACGTCTTTACCCTCAAGTTCCATGACCCCGACATATTTAGGGTGTTTTTTGTCATCCCGATTGATGGCATGGACACCCGGGGGAAGGTCTTTTACCTGTTCTCTGAATCTCTCCGGCACCGCTTCAACGCCCTCGAACACATCGATGTACTTGGAATGGGGCAGTGGCGTTGTCCGGTCCTTTTTATATTTATAGAGAAAGGTATCCACCTCCGTATCGATGAGATTGGCAACCATTTTGGAAATGTTATTGCCCATCACGAAAAAGGTGATGCCGGCGTTGAAAATGACCAGCAGGCTGCCGTACAAGAGGATGCAGGCCACGATCCTGAACCGGATGCTCTGGTAGAATTTCATGTCAATGTTTCCTTTTTTTACCCAACCACGGGGTTGAGCCGGAAACCGATACCGTGGACGGTTTCGATCATGGCATGGTCAAAGGGCTTGTCGATCTTTTTACGCAGCGTGTACATATGGCTGCGCAGCACATCGCTGCCCGGCGGCATGTCCCCCCAGAGGTAGTTCTCCAGGTCTTTGCGGGGCACCACATTGGGAGCGGATTCCATGAGCAGTTTTAAAATGGAAGTACAGGTATTGTTGAGGTCGATTTTTTTTCCCTGGCGGGAAACCTCAAAAGTCCCCAGATCCATTCGAAGATCCGCGATCGACAGGACCTTGTTTTCGGCCACGCGCCTTTTGGCCAGCACCTTTATCCGCGCCTCCAGCTCTTTTAAGGCAAAGGGCTTGACCAGGTAATCGTCGGCACCGGATTCAAAGCCGAGAAGTTTGTCGTC
NZ_AP021874.1_gap45	1924731	1925328	597	TCAATGCGCGAGAAAACGCTTCCACGGCCATTGTGTATTTTTTTACAGCATTTCTATGGATGGCGTTGTTCTGGGACCTCGGTTTTGGTCGCTGGCCCTGGCATAAGAGCACTTATGGCGTACAGGCATGGTCCAGGTTGTTTGCCATAGCCTTTTTTGTGGTGCTTTTCTATATTCTCCTGTTCCATTCTCATGTCTGCTATCTTTTTTATCCCGCGCAGGATAAGGCTGCCGTGACTCCCTGGTGGGAGGAATTGGCCGGCACTGGCAGCGCTTTTTTCAGCCTGGGGCTCATTCTGTGTATCCTTGTCTGGGTCGTTTTTTCCGGTCTCCTATGGGAAGGCAAACCCTGGGACCGGTATGAACTTGACGGTGAAAGCACATTCGGCAAGGGATTTGTGGTATTTATCAGCACCCTGGCCTTCGGCATTATCCTGATGTTTATTCTATTGAAGGTTTTTGATTATGTGTGGGACGAGCCGTTTGTGGGCGGTCAATATACGGACGGCCCGGACTGGCGATATATCCATGCCGGTGAAATTGCCGGTTTTTTTATTATAGCGGCATTTATCTGGAAAAACTATTTTAACAATTTCC
NZ_AP021874.1_gap46	1935131	1939882	4751	CCGTATATTCTACGGGGTAGGCTGAAGTGAGGCGGGTATTAAAGGCCGATAAGCAATGAAAATTGTAAAATAATTGTCGCAAAATCATAATTTTATGAGAGGTGTCGACAATTTACTTGCTATTAGTTGATCATGTGTTACTGTTCCGCCATCGAAAAGGGTTGTCATGGTTGGCGACCCTGTTTCTTATTCAAGGGTTGCTCAACAAAAAAGGCAACTTGAGTTTGAAACAATATTTTTATTTTTTTAGGAGATAGTTAGCATGGCAAGTGGTATCGTGAAGTGGTTTAATGACAGCAAGGGTTTTGGTTTTATCGAGCAGGAAGATGGAGCTGACGTATTCGTACATCATTCGGCAATCAATGCCACCGGATTCAGATCTCTCCAAGAAGGCGACCGGGTCACATTTGACATTGAGCAGGGGCCCAAGGGACCTTCCGCAGCGAATGTAACAGCGGCCTAACGCATCGATATTCAATTTAAAAGGGATTCTTTCAGAAGTTTGAGAGAGTCCCTTTTTTTTCCGCGAAGATGGGTTGGTAACACAATTTCCCGCCCTCAGGTAAAACCTGCATATACACACCAGCTTATTCATTTCCAACACTTCAACCGGTAATGCTGGTAGACCAGATGCTCGTGGCACGGTTCCTGGGTATCGGTAATTTCGGCGCTCCATCCACGTTCCTGCATGATTTCCCTGGCCCGGAAAATGGCATCCTCAAAGCGACCGTAACCGTTGACGTGGGTGGGATTTTCGACCAAGTAAGCGTTATTGATATTCTGCCACCTGTCGACGGCAAGTGGGTGCTCGAAACCAATGACGATACGATCAGCCTGGAAGATGCCGCCATGGGTTACAAGGGGCTGATGGTCATTGAGCGCTGCTTCCGTTCTCTCAAGCGCACCCAGATCAAAATGACGCCGATGTACCACTGGCTCTCCCGGCGCATCGAAGCCCATGTCAAAATCTGTGTGCTGTCCCTGATGATCGAACGCATCGCCGAGCGCAACTGCGGGCAACCCTGGAGTAAAATTGCCCGCTCCTTGCAGAAGCTCCAGGTCACAAATCTTTTTTATTTAAATCACCGTGTGTGTTTGCGCAACGAGGTCCCGGCCGACACACGTAAGATATTAAATAAGTTGAAGATCAACCCTCCCAATCAGCTCGTTCACCCCAAAAAATACCCCCAAAAATAGCCGAAAAGTGTAGACACACGATGAATATCATTCAGTAAGCCGGATACCCGTGTGCCATGGGTTTGCGGGATTTTGTGTGTTTTCGTTATAAAAATAAAATCTTGGCCCGTCCCCGCTGTGCCCCTATCATGTCCGGCGTGATCTCGCCTTTATTCAGAAGCATCCTGAGCACTTTGTGCCTGAATAGCCGCTCAATCGTCCTGTGATCAACTTCCGGCGAAACGGTAAACATTTCGTTTTCATGGAAAGAGCCGTCGGATATCAGGATGTGCAAGTGGGGATGATACCCAGGAGGTCTCCGAAGGTCTGGATGGCCAGAACAGCGCCGGGCACGGCCTTTTCATCTTGAATGGCGGTTTTATAGACGGCTTTAAGCGCCGCCCACCTGCACCGGCTGAGTTCGGAAAGCAACTTGCGGTCATACAGGAAATACCGCCGCAGGATCTTTTGAATGCTGAGCACAACATGCCGGTTAGAAACCGCTTTTACAACGTCCCGGCACAACCATTCGCCGAACTCAACCACAGGCTTCTGGTGACACGACGGGCAGAAATGCTTGCGTTTACACGAAAAATCGAGCAGGTATTCGTGGCCGTATTCCCCGCAGCGCACCCGGGCAAAGCCGTTTTGCAAAATGCCGCAATCCAGGTAGCGGTAGATGACCTGCTTGACGTAGGGACGAAAGAAACCGTACTGCCGTGGAAACCGGTCGTCATAGACCTGTTCGAAAGTTTCAAAATTATCCTCTACGCATTGGTAGTAGGGCGATTCTTGCGGCTTACGCTGAAGATATACGGCTTTTGTCATGTGGCACGGTACCTTTTGCATCTGAGGGCAAAACCTGATTACAGCGCAAAGGCTGTGCCTGCTTTATGCTCTCAGATAAAGTGCCACATCTTGAAAGGGTATTGAATAGGACCACAAAATATGTACCTTGTCATTTATTTGGGAAGGTTGGAAAGACCGCGATAATGTGCAGGCATGCACATTAAAAAATGGCTGTTTCAGTGGGTAATAAAATTTCTGAAAAACTGTCTTGACGGTTGGGTGCACCTTCGTCTCACTAATCAAACTAGTGGCATACTTATCATTGAGTTATGGAAATATCTTGACTTAGAAAAAGCAATTACTTATCATTTTACGTAAACGTGTCCACATTTTTTATTCTCAAATTCCAATGAGAGTGAAGCATTATGAAAACAATTGGTCTGGTTGCTGCCATTCTGTTGCTCACTCCTAATTCCGCTTTTGCAGACGAGCCGTTGCGTATCGGTGATTTTTATAAAATGGTTCTATCCACTCCTCAACGGACAGGACTACTCAACTTAGTCATTCAAGAAGCATTTTCCAGAGTGGGTAAAAAGGTCGATTTTGTGCAGTTGCCCCCGGGGCGTTCAATAATTCTGGCCAATGATGGCCTTATTGACGGGGATATCAGTCGTGTTTCTGATATACACAAGATCACAAATTACAAGTTTCCCAACATAGTAAAAGTGCCGGAAAAGCTGTTCGATGCTTACTACGTTGGCTTTTCCAAAAACTCGGATATTAAATTGAACGGATGGAAAAGTTTGAACCCTTATAGCATCGGGATTGTTACCGGATTTAAAATCATGGAAATGAATACCAAGGGAGTTAAAAACCTAACAAAAGTCGAAAACCCGATACTTTTGTTTACCCTTTTGCAAAAGGACAGGGTGGAAATAATTGTATATGATCGATTTATCGGTTATGGAGTGCTCAAACAGATGAAGATGAAGGGTGTGAAAGCATTGCTGCCTCCCTTGGCAACCAGAGCTTTCTTCTTGTATCTCCATAAGAAGCATTCCAGATTGATACCTCAACTAGCTGCAGTTATGGCTGAAATGAAAGCGGATGGAACATACGAAGGAATATATAACAAAACGATACGTCCCCTCATCGAAGAGGTTGAAGGATGGTCAAAGTAGGGGAACTCATTGCAAACCTGAATTTTAAAGTAGCCCGTAAGTTTATCCTCCATATACTTCTTATCAGCTCCAGCATCACGCTCATCGGAACCTCAGTGCAGCTATCCATGGATTACTCCAAAGATTTGGAGACCATTCACAGTACTTTTCACCAGATCGATGTAAGCTATAGGCAGAGCATTACCAACACCTTATGGGTTTCGAATATTGAAGTGCTGAAAATACAACTTAAAGGCATCTTAAAACTAAGGGATATGCAGCATTTGGAAGTGGTATTGGAAGATAAGAGCCGCATACAAGTGGGAAAGCCTGAGACGAAGTATGTCATCAAACATGAATACATCATGTCAAAAAACTTCGGAAACCGAGAAATTCATCTGGGCGTTCTTCGAGTTACTGCAAGCTTGCGTGGCGTCTACAGAAGGCTGTTGGAGAAGGTAGTTGTCATACTCCTCATTCAGGCAATCAAAACCTTCATTGTTTCAGTCGCTATTTTTGTTCTTTTTTATATTATTGTGGGAAGGCATCTGCAAACAATAGTAAGATATGCAAAATCCTTCAGTTTGAACAGCATGGACAAACCCCTGCGGTTAAGAGGATATGAGGAAAAACTGGATGAAAGGAATGAACTGTCCATTCTGGTTCATTCGGTCAATAGCATGCGCAATAATCTGATTCGAGAAATCGAAAAACGTGATCAGGCCGAGAAACAGTTGCAAGAAAGTGAAAGGCAGCTTCGTTTAATGTTCATGGAAATGTCTGCCGGTTTTGCTTTGCATGAAGTCATCCGCAAAATGGACGGCACTCCTCACGATTATCGTTTTCTTGACGTAAACTCTGCATTTGAACAGTTAACTGGACTGGGAAGAGCAAAAATCATTGGTAAATCCGTGCAAGATATCTTCCCATACGTAGAAAAGCAATTGATCGATACATTTTTAGAGGTAGCTATTTCCAGAGTTCCGGTTTCGTTTGAGCGTCATGTCAAAGCAGTGGGTAAACATTTGCAGGTAGTTGCTTATAGCCCGCAAAAAGATCGGTTTGCCGTAATACTCTTGGACATTTCAAAACGCAAGAAAGCTGAAGAGGAACTGGCAAAATACAGAAATCACCTTGAGGAGATAGTCTTCGAAAGAACAATGGAATTAAGAAATGCTCATGAGAAACTGCTTGCTGCGGAGCGCCTCGCCACCTTGGGTAAGGTTGCCGGAAGTATTTCCCATGAGTTGCGAAATCCATTGGCTGTAATCGACAGCTCCGCCTATTACCTGAAAAGCAGCATCAAAAGTCCGAATCAAAGAACCATAAAACACATAGAGCGAATAATTATGCAGGTTAAGCATTCAACTGCCATTATTGAAAGCCTGCTGGATCTGACAGGCATTAGTGCACCGAATAAAGAGAAGCTTGACCTGGTAGACCTCCTTGAAACAATAGTATCCCGTGTAATGATTCCAAAAACGATTGATATTTGCAAGAAAATGGAAGAAAGAATATTTGTCCCCGGCGATTTTCGCCAACTTGAAATGGTCATCGGGAATCTTATTAAGAATGCTGTCGATGCAATGGATAATCAGGGAGTTCTCACACTAAGTGCGCAAACCT
NZ_AP021874.1_gap47	1974769	1975673	904	GTAGCTTCCGAACACATTGGTTGTCAGGTAAAAAAACAGATCACACGATCTTTTTTTTCACGTTTCTGCCTCTTTCCGTGCTTTAATGAATCACCTTTATCACCCGATTAAATACTTTCGACACCATCGTTATTTTAATGCCAAGAAGTCTATTAAAAATCATTGCAATGCCGAAAAAAGATTCGTTATAAATATCATTCCTGTAATTTTTTTTAATGAATAGTTATATTATACTTGATTTTATTTTCATCATGTTAATAATAGAAAGCAACTATTTAATATTCACCGGTTTTCATTAAAAAAGGAGATTAAAATGCCAGCAAAAAAGAAGATTGACGGTGCCAAACTGATTAAAATGGTCGCGGATGGCAGCCATCAAAAAGAGATCATGAAAGCGTTCAAATTCAATACCGCTGCACAATTCAAGACGCACTATCTCGATGCATTGATGAAAGCCGGTAAAGCTCCGGAAATCAAATCCGGCCGGGGCATCGCAAAAGCCAGATCGAGCAAGGAAGTACTGGTGAGCAAACGCGGCAGCGTGGTTGTTCCCAAGGCAATGATTGAAGAAATGGGATTTGCTGAAGGTGAAAAATTTATCGTCCGCAAAACGAAATCAGGAATTTCCTTGAAAGCGATCGGGAAATAACTTCACCTCATTTCGTCGTTGTCGGAGAGAAAAAAGCAGGCCATATCCGGTCTGCTTTTTTCTTTTCAGGATGCTGTCAGCCAAAAGACGTGCGCAACCTGCATGGCAGGTGGTATCATTTCGCCCTTCAAAGAGGACTAAATAACAGACCCATGACCATCGAACACTGAACGTCCAACATCGAACGTCAAATAAGGAATTCTATCATTTGATAGGATCAGAAACATGGTTTCCTTCTTCTTTATTACACCTGAA
NZ_AP021874.1_gap48	1978380	1978987	607	CATAGCGGACTCCGGGTAAAAACATGGGTTTCCCGTTCGCGGGCTTCCCGTTTCGGGGTTATCGGTCCCGGATGGCTGTGGGAAAGCACATCCTTCAGGTATAGCTGTTTTCCACGATCTTTTCCGCAATGGGATCATAGCCGTGAATCAGCCCGGGCTTGACCTGGGCCATGACGCGGATGTTTTTGCCGGTGGTGTAGAAACCGCGAACCATGTTGAAGGACATGGCATCGACGATTTCCAGTTCCAGGTGTTCAGGGTTGGCACCCCGGCCAATGGCTTTGCGGCGCAGCAGGTCCAGGGCGGTGGTGATGGCGTCCTGTTCGGTGTAGCTTGACGAAATCACCGCGGTAAACCCTTCTTCCGGGGCGGCGGCGATTTCCCGCTCCGTATCGGCAAACAGGGTCACCTCACAGGTCGTACGGGCCAGGCCGGCGCCGATGGCATTGGCGACATTCCAGCGGGGGACCACATCGACCCGGTTGTCGCTCAACCGCTCCAGGCCCCTGGCGAACCAGGGCGCCGGCCCTCCCAGGACCAGAATGTGCCGGGGCTGAAGGCGGTGGCCCTCCCACAACTCGTGGACCGTATAGACCGGTTTGGCGTT
NZ_AP021874.1_gap49	1984083	1987797	3714	TGAAAAGCGCCGGCTACCACATCTTTGTCACCGGTCCGGAAGGCACCGGCAAAACCACCATCGTCCAGGACATCATCCGCAAAGCCGCCAGGGACCTGCCCACCCCTCCGGACTGGTGCATGGTCAACAATTTCAAGGATGAATACCGCCCCATTGCCCTGCCGGTAAAACCCGGCCATGGCTCCCGTTTCGCCAAAAGCCTCAACCGGCTGGTAGCCGACCTGAAAATCCGCCTGCCCAAAGAGTTCCAGACGGACCCGTTCCGTGAAAAGGTCGTCGAAATACAGAAACGACACGGTGAGCAGAAAAAGGACCACTTCGCCGCGCTGGACCGCTCGGCCCTGGAAAAACACCTGAAAGTGGAAAAAACACCCTCGGGCTATCAGACCCTCCCCATCAAGGAGGGCGAACCGTACACCCAGGAAGAATTCGAGGGGCTTCCCGAGCAGGAGCAAAAGGAGATCGAAAAGCGGGTACAGGGTTTTCAGGAGGAGATCCAGACGGTGATGCGCGAGGTCAGCCGGATCAACCATGCCCAGCAAAAAGAGATTCAACAGCTGGCAGACGAATCGGCCCGTTTTGTTTTACAGAGCCGCCTGGATCTGCTTCGTGAGAACTATGCCGACCATCCGCCGATCCTCCAATTTCTGGAGGAGATGCAGGAGGACATGGTGGAAAACGTCGCCCTGTTCCTGCCCCGGCAGCAGTCGCCGGAGGAAAATGGCGATGGCGCCCCACCTGCCCAGGTTGTGGAACACTCCCTCAACCGTTACAAGGTCAACGTCCTGGAAGACCGCTCCGGTCTGGACGGCGCGCCGGTGGTCTTCGAGCCCAACCCCACCTACCAGAACATCTTTGGACGAATCGAGAAAAAAGCCTTCATGGGCACACTGGTCACCGACTTCACCATGGTGCAGTCCGGCTCTCTGCTTCAGGCCAACGGCGGTTTTCTCATCATGGAGGTCGCATCGATACTGACCCACCCTCAGGTTTGGGAATCCCTCAAGCGCGCCCTGCAGAACAAGATGCTCTGCATCGAGGACATGGCCCACGACATGGGACTGGGCACCGCGTCCCTGCGCCCGGCCCCGGTGGCCCTGGATGTGAAAGTGATCCTTCTGGGCGGGTACGAACCCTTCCAGATTCTGCAGAACTATGACCCCAAGTTCAACAAGATCTTCCGGGTGCGGGCGGATTTCGACTATGAAGTCACCCGCACCGACGAGACCGTCAGGCTCTATGCCCAGTTCATCGCCCGGGTATGCCGGGATGAACGCCTGCTGCCCTTCACCGCAGACGGGGTCGCATCCGTGGTGGAATACGGTGAGAAGGCCATCGACAGCAAAAACAAGCTTTCCCTGCGGTTCGGCAGCGTCACCGGGGTAATCAAGGAAGCCGATTACTGGGCCAGGAAGGAGGATGCCGACCGGGTGACCGCCGCCCATGTGGTCAAGGCGTTCACGGAATACCGGTTCCGCTACAACCTCTACGAAGAGAAAATCCACGAAAATTACGTGGAAGACACCATCATGATCGATGTCGCCGGTGAAGCGGTGGGGCAGGTCAATGCCCTGGCCGTCTACCAGATGGGCGAAATCGCATTCGGACGGCCGTCGCGCATCACCGCCGAAACCTTCATGGGCAAAGCCGGGGTCATCAACATCGAACGCGAATCCAAGCTGTCCGGAAAGACCCACGACAAGGGGGTATTGATCCTCTCCGGATACCTGGGCCGCACCTTTGCCCAGCGCTACCCCCTGAGCCTGTCCATCAGCGTGACGTTCGAGCAGAGCTACAGCGGCATCGACGGCGACAGCGCCTCGTCCACGGAACTGTATGCCATCCTCTCCAGCCTGTCGAAAGTCCCCATCCGCCAGGGCATCGCCGTCACCGGATCGGTGAACCAGAAGGGCCAGGTCCAGGCCATCGGCGGCGTGAACCAGAAAATCGAGGGATTCTTCGATGTCTGCCGCAGCAAGGGACTGACCGGCAGGCAGGGGGTCATGATCCCTGCCGCCAATGTAAAAAACCTGATGTTGAAAAAAAGCGTCGTTGACGCCGTCAAGGAGGGGCAGTTCACCGTCTGGCAGGTGGCCACCATCGAGGAGGGCATCGAAATTCTCACCGGTAAAACTGCCGGCAGGCCTGACAAAGAAGGAAATTACCCCTCCGAGACCCTGTATGGACGGGTGCAGCAGAAACTGAAAACGTATCTGGAACAGAGCCTGAAACTCAAAAAACCGTATGTGTCGGAAAAATAGATGCTTTTCAGTTAGGCTCCTGCCCCGGCTGTCATCCCCTTTTCTCGAGGGGCAAGCCCATTGATGACATCCTGACGGGAGCGTTGCGGTCTTTGATACCCGGAAATATCGACAGGCATTCATGGTGGCGCAAAATGTGGTTGCCCGAAAACCCTGACGCTTCAGTTTCCTTGGGTGCCATAATGGCTCAAATTCCGTTTCGGTTTCCCTCAGAGGCCGTCTCCTGATTTTCCGGAGTCCTTCTTCCCATGATTTTCTTGTACTGGTACCTGAAGGCATGGTGTTTCAGATTCAGAAGTCTGGCGGCACGGGTTTCATTGCCCTTTGCCAGGGCCATGGCCTGGGAAAAGTAAAATTCATCCATATATGTTCTCATGGCATTCAGGTCCACTCCTTTTGGAGATAACGGTGCCAAATCAAAATGCGGAATGTCACCTGCATCTTCTCCGGCGCTAAAATCGCCCAACCCCAGGTCCTCGGACGTTAGTTCCGGCCCCGCAGCCGTGAGAACGGCGCGCTCCATCATGTTTTTCAACTCCCGGACATTTCCCTCCCAGGTATGGGTTTTTAACAGTTCCAGGGCCGTCTGGCTGATCCCGGTCAACGATCTGTCGAACTTTTCGTTGAACATCTGCAGGAAATACCTGGTAAAAATCAGGATATCATCATCCCTTTCTTTCAGAGAAGGCTCCTGGATCTTGATGACGCCGATTCTGTAGAAAAGATCCCTGCGGTAGGTATCCTTTCCGATCATCTCTTCCAGGTTTTTGTTGGTAGCGGAGACAATTCGGGTTGCGACTCTCTTTTTCTCGGTACCGCCCACCTTGTAGAACTCACCGTCTTCCATGAACCGGAGCAATTTGGCCTGTGCATCAAGGTTCAAATCTCCCACCTCATCCAGAAACAGGGTGCCCTTGTCTGCCATTTCGATCAGTCCTTTTTTCCCGCCGGCATTGGCCCCACTGAAGGCCCCTTTTTCATAGCCGAAAAGTTCGCTTTCAATAAGATTAGGGGGAATGGCCGCACAGTTGACCGTGATAAAGGGTCCTGAAAAATTCGGGCTTCTGTGGTGGATGGTATTGGCAATCAACTCCTTGCCGGTGCCGGTTTCCCCGATGATAAGGACCGGGGTGTCCGGGCTTTTGGCCACTTTTTCGACATAATCCAGAATGTCGCGGAACACCTGGCTTTCGCCGATGAAAAATGGCATGTTTTTTCGGATCAGCTTTTCCTGGAGACTTTTGATTTCCTTTTTCAGACGAATCGTTTCTAAGGCGTTGGCAATGGCAACTTCCAGCCCTTCCATTTGAAGGGGCTTGACAATGTAGTCATAGGCGCCTTGCTTCATGCACTGGATCACGGAATGGATATCCTCATAGGCGGTGATCATGATCACCGGAAGATCGGGGTTGACCGCTTTGAGTTCCTGCAAAGCCTGGATCCCGTTCATACC
NZ_AP021874.1_gap50	1990624	1995542	4918	CGAGGTCGTTTGTCGGGCTGGACACGATTGGCAATCGGAACGCCGTCGTCGTCCTCGAAGGCAAACGAAAAATCAGTCAGCTCGTTATTGAGCAGAAATCCTCGCACCATCACCCCATTGCCGAATGAACTCTCTATCGTCGTGGTCATGGAAAGCGCGTTGCCGTAGCGATCAACAATCGAAACATGACTGGTGCCACTCAGTTTGGCAGCAGGGTCGGGTGCGTATGGATCGAAGTCGTCTGGTGGGGTCCCCGGTTCGGCTGTCCCCATGTCCGTGCCGGTGATCAGGGCAGCACGATCCGCCAGATAGTCCTTGTCCAGCATACCGACCACCGGGACGGTGATGAAATCGCTGTCTGCAACGTATTTATTCCGGTCGGCGAAAGCCAGCCGGCCGGCCTGGGTGAAAAAATGCACCACCTCAACATCGAGGGGTGGGTAGCCCGTCAGATCGAAATTTTCGAGAATGCCGAGAATCTGCCCCACTGCCAGTGCGCCGGAGGATGGGGGCCCCATGCCGCACACGCGATAACCCCGGTAGTCAATGCATACCGGCTCACGCACGACCACCCTGTAATTGGCCAGATCCTCGACCGTCATGTCACCGCCGATATTCAGATCACCCTGCACCGCATCGGCAATATCCCTGGCGATCGCTCCGTAGTAAAAAGCATCTGCGCCTTTGCGTGCAAGCGCCTTGAGCGTCCTGGCATATGCCGGGTTCCGCATCCGCGTTCCGGCCGGTTTGGCGGTGCAGTCATCGGTATCGACAAAATATTCAAACGCCGCGGGATCCCTGAAGTACAGTCGTACGCCATCCTCACAGGAGGAATTCCTCTCGAGCAGCCCCGCCACTTGCGAACTGGTGCGTTCGGTGAGCTTGAATCCCTTCAGTGCCAGCGACCTGGCCTGATTGAAAAGAAGCCGCCAAGGCAGGCGGCCATACTTGTCGTGCATGAACTCCATCATTCTCGGCGTACCCGGCACGCCGACCGACAGGCCGCTCTGCCAGGCATTGCGGAAGCCAAGGGGGTTGCCGGTATCATCCAAAAAGCGTTTTTCGGTCGCGGCTGAGGGCGCCTTTTCTCTGGCGTCAATGGTTGTCGTTTTACCGGTTTTCGCATCATGGTAAACAATGAACGCCCCCCCACCGAGGCCGCTGGACTGGGGTTCGACCAGGCCGAGTACCGTTTGCACGGCGACCATTGCGTCGGCTGCAGTGCCGCCCATCTTGAGAATCCGTGCCCCGGCCCCGGTTGCCAGCGGATTAGCGGTGACGACCATCTCCCGCTTGGTGATGACCGCAGTCGGCAGGCCTGAATCGTCCTGCGCCCAGCCTGCTGATGCCAGCAGGCAACCAATCATGACAGTAAATATGAATGCTCTGAAATGCATGATCTCTACTCCTCTCGCGGATAAGGGGTGGAAGAATTATTCCAGGCCTTCTTGGCGAAGCAGCGATTCCAGTTTTATCCGGTGAAGGCGGATTAAATGGATTTTACGATCTGAAAAAAGGAAGGATCAAAAAAAGTTTAGGTTCTTTTAGATAGAATGATTGGTTTGTGCGGGTCAAGTGATAATTCAATTCGGACAGGCTCCATAATGATAATGGGGTTTCGTAAAATGCCGCAATGCAGGTCGCTGCCCATTGCCGTTATATCATTGTGTATCGGTGATCAGTTCAGGCCATTAAGAATAATCTGCGACGACACGCCATGCCGAATCGTCGGATAGACAGGCCTCGGGGTCAACGGCCGAATCCCAGGCGGCCGGGCAGGCACATAATGGCTTTCCGGCAAAACAGTGCGCCGCCGTTTCGTGTGGTGACGTGCCGGCATCGAATGGGGCAAAATGATCTCTACGGCCAATGAGCGCTTTCGGGAACGATTGAGCGAAGCCGTCCGCTCCTTCGGTGCTCAGGGTTCGACGTCGGATTCGACCCCATGCGCTGCAGGTCTGTGTCGCGTATCAATCTTTTTTCCCGCCTTGGCGAAAACGCCTACGACAAGGCAAAATCGGTGGTTTTCAGCAGGCCGGATACCGGCACGACCGGTTTTCCGTCGGGGTCTTCCACAACGGCCGCCGGCCAGGCGAAATCCGGTTGCATGGACCTGTAGTAGGACCGGTCGTAGGGCAGCAGTTTGACGGAAAGGCGGTCGCCCCGGCCGACAAAGGCGGATGACAGGCCGAAATCCACCTCTCCCAGTTCGGTGCGGATGATGTATCGGGGCACCTCCCGCCCGCTGCCCTCCCGCCGCACCATGGTGGCGATGTCGACCACGTCGTAAAGGGCCACCGGATGTTCCCGGTTCCAGCGATCCTGAACCGCCAGCCCGGCCACATAGAGGTGGTGGAATTCGATGCCGGCCTCCCGGCAGCCGTATGCCAGCCCATGGATGGCCTCGGGCGTGTCGTTGATTCTGCCCAGCAGCGGGGTGTTGGCGTAGACCGTAATGCCCTGGTTGCTCAGCAGCCGGGCCAGCCGGGCGTGTGCCGGCCGCAATTCGCCGGCGGTCAGGAACTGGGTCTCGATTTCCAGCCGCAGGGGAGACACCATGGTCAGCCGGTTCAGACCGGCCAGGGTGTCGATCACCACCGGGGTGTAGCTGTCGGGTTCATAGTTGAACTTCAGGCTGCGCAACCGCACCGCATTCACATGGGGAATCGTTTCAAGCGCACGGACGATGCGGCGGATGGGAAACAGGGCGTCCACGGCATCGGTAAGGGCGACGACCACCACGTCGGTAATCCGGTCGTCCCCCCGGATATAGTCCAGATCCGCATCGGCACATCCGGCAGCGATCTCCACCCGGGTCTCGTGGACACGGGAAATCGTGGACGACCCCGTAGCGACGATCGACGGGGCAATCGTTTCACCTTTCCGGACCATGGGCCGGACCGCATCGACGGACTCCGGCCGGGCCGCCGCCCCGCCGGCAGGTCTTTGGGGCCGCGCCCCCAGGAAAAGGGATCGATCCCCGATCTGAGCCATGTACTGGATATCGATGGTGCCCTCGTCGTTGACCCGGATGTTTTCCAGATCGTTGGCAATGGGGGCGAACCGTTTGAAGTAGGCGGGGGTATACGGCGTTCGAATCCACATGAAGTTCTCGTTTTCGGCCACGGGTTCCACGGCCCAGCCGCTGGAATGCCAGTCCATCTTGCCGATGGGGGTGGCCGTGCAGATCCGTGGAATCACGCGGTCGGACAGGTGCGCCCGCAGGTAGTTGCCGGCGGCCAGCCCCTTGGCGATCGGCGACCAGTAGACCGAGTTGCCATGGATGGGGCTGCAGGGAATGTAGATGTAATGCAGCTCGGCCCCTGCCCCGCGCAGCAGGCTGAACAGGCGGACCAGTTCGGGCCCCTCATCGTTGCAGCCGTTCAAAAACGGCGTCTGAACGTACACGGCGATGCCGCTTTTCACCAGTTCGGTAATGATATTCAGGCTCTGGGGGGATATTTCATCGGGATGGATGAAATGGGTGGCCACCTCCATGCGCTTGCCGCAAGCCTGCAGTTCAAGGTTCTTGCGTTTCAGGTAACCCAGCAGTTCGGCATTGTCGGACAGGAACAGGTGGGGATAGTAGGCGATGGACCGGGTGGCCAGGCGAAGGGTCTGGACATGCTCGACCGCCATGAGGCCGTCGATGGCGCAGGCCATGTTGGCCCGGTTCATAAAGGGATCCCCGCCGGTAATTACGATTTCCTTGATGGATGGTGAATTGCGGACATGGGCCACCGCACGCTTGACATCCGCCGGGGTGGGGTTGGTTTCGTTGCGGGATTCCTTGTGCTTGCGAAAGCAGAAGCGGCAGTATACCGGGCAGCTCATGTTGAGCAGAAAAATGACCCGGTTCTGGTACATCTGCTCGAGCAGGCCCTGGTGGAACTGGCCGATCCAGGTGTTGGTGTGGCCCGTGTCGTCCAGTTCCTGGATGAAGGGCAGGTACTGATAGGCGACGTCGGCGGACACCCGCATCTGGCGGATGGTGTGCATGGAGAGCCTGACCGGATAGGTGTCGATGACCGTCTGCATGTCCGGCCGGTCCGCCTCCGGCAAGCGCAGATTGGCCATTTTCTCCAACTGCCGGGTGGTTTTGATGGAGACGAATTTATTGCCGGGCAGGACGACCTCAAGGATGGCCATGAGCAGGAGGTGGGGAAGCGCGATACCGTTGACGACGATCGGCTGCGTGCCGTCGGCTTTCCCCAGCAGGGCGAGCAGTTCCGAGAAGAACCCTTCCGGATTCCGGCTGTATCCGCAGGCGTCGAGAAGCCGGGCCAGTTTGGCCGGACCGTCGCCGGTGCCGATGATCTCGACAAACGCCCGGCCGACAAGCGTTTTCACACCAAAATGATCCAGGAAGGCCGTGGCGGCGGAAACCAGGTCCGACAGGGCGGCCTGGCCCTCTTCACCGGAATTTTCAAAACCAACCCCCAATAAAGCGTCATCTTTAAGCATTGCTCCTCCTTACGGCCCTCTGAATCCAATTTAGCCGTTGACATTTGTTTTCTGATCTGGCATTTTAACTATAATAGTAATTATGTTTCTATTATAGTACTCATCCTAAATCATCCCCAAAACGAATGTCAAAAGGAAAATACTATTTTTCAAAGTCGCTTGAAAAAGGGCTGAAAATCCTGTCCCTTTTTAACCGGGAGACCCCGGTCCTGACCCAGAGTGAGATCGCCAAAACCCTGGCTCTGAATATGACCTCGACCTACCGCTACATCAATACACTGGTGGAACTGGGGTACCTGGAAAAAGATGCCAAGACCAAGGAGATCCGGCCGTCGATCCTGTGCCTGCTGTTTTGTGCCAACCTGATGCGGGCCACCGATCATCTGAGGATGATCAAGGAGGTCGTGAACCGGATTCACAAGGAAAAGAACATCAGCATCGACGTGGCCTTCGC
NZ_AP021874.1_gap51	2062830	2064032	1202	CGGCCGGCATGTATGCCACGGGGGCCATTACCATGATCATGGACCGGCTCATCGGGCTTCCCAAATCCGTCGCCGGTGCCCAGATCAAGATTCTGCCGCCCATTGCCCTCGGCAGCGCATTTTTAAACAACACCCCGCTGGTGGCCATGATGATCCCGGTGATCCGGGATCTGTCACGGGCCAGCCGGCTGCCGGTGCAGCAGCTTTATATGCCGCTGAGTTTCGCCTCCATCATGGGTGGCATGTGCACGGTCATCGGCACCTCCACCAATCTGGTCATCGCCGGCCTGGTGATGGATGCCATCGCCGAAGGCGCTGCCGGCCGAGTCGATATCCGCGCCCTGAAGATGTTCGATCCGGCCATGGTGGGGCTGCCCATTGCCGTGGTCGGCATTGGCTTCATGATCCTGGCGGGCCGCTTTTTCCTGCCCGGTAAAAAAGAAGACCGGGCGGCCGACGTGGCCATGCGGCACTACACGGCGGAATTCGAGGTCCGCGACGGGTCACGAATCGTCGGCCGCACCCTGGAAGACACGGGCATTGCCAGCGGTGACAACGTGGAAGTGCTCTATATTCAGCGTGCTGAAAAGATCCTGACCAACGACCTGATGCATGAGAAGTTGGAGGCCGGGGACCTGCTCTCCTTTTCCGCAGACGTCAATGCCATGGTGGAGCTGTGGCGCACCAACACGCTGGTCCCCCATCTCACCCTGAACCCCATGGAAACCGAGCGCCACACCCACCACCTGGTCAAGGCCGTCGTGTCCCGGCAAAGCATGGCCGTGGGCAAGAAAATCCCCGACCTCCCCCGCGATGTGAACGCCTGCCAGTATAAATTCGTGGCCCTGTCGAGGGATGGACAGCCCCTGGCCGGCCCGCTGGAAGCGGTGACCATCGAGGCTGGCGACAATGCGGTCCTGGAAGTCAACGACGACTTTTTCTATGCCTGTCAGATCGACCACGACTTTGCCCTGACCAAGGCCCTGGACGGCTTTCACCTCCAGCGTACGGACCGGGCCGTGGAAGCCAGCCTGATCACCCTGGCGATGATCGGGGTGGTCGCCATGGGGTGGATGAGTATGCTCAACGCCAGCCTGCTGGCCAGCGGGGCAATGATCTTCACCGGCTGCCTGACCCTGCGCACGGCGGCCAGGAGCATCGACTGGGGGACCCTGGTGGTGATTGCCTGCGCCATCGGCCTG
NZ_AP021874.1_gap52	2256030	2259657	3627	TTGTAACGGTAATTCATGTTTTTAATATTAATGGACCTTATAAATTCCTCAAATTCTAACGACCATCCTAATTCACAAAAATCGCATACCTGTTTTAATGTTGATATGGGATCAGATGTAAAATCTTCATATTTTAAATCAATATATTGGTTAGAAGCCAGACAATCCGCATCATGAATCACTTTCCCAACTTCCCTTTCCCATAATTGCGCAGCGAGTTCGACTGGATCGAATTCGATCCCTGGCCTTGATTTGTTATTCTTAGGGTCAATGAACCAAGGCGTTAAATTTTTATACCAATCAACATTCAGAAAAGAGGCGACAACAGCCCTGACATCCCTTACCACATGAATGAATTTAGCATCCGGAAATATTTGATTGAGAAACGCTATTCTTCTGGAATTTCGTGTATTTTTATTGATAAACCTTCTTTTTCCCGAATATCGAATATGGTCATGGACCATTTTGTGGCATCGCAAGGCATCGGCTTTTTTGACATCACCCTCTGCAAGTGGCGGATCATTCGGGGAATTGAGAACCGGCTTACACCAGTTCCATAAGCGATATCCCTCATCAGGCGTAGGAATCCGTCTTTTCATTATTTTATTAACCAGCGTCGAACGATATAAATTGCTTAACCAAGCTATGATCGGCATTCTGGTGTAGAATTGATTCGAATAATAACTGATCCAAGCCAAATCAGAATGCCATGCCAGCGTATTATAGAATATTGTCGTTCCGGACCGGCCGCACCCGACAATGAATATCGGCTTATAAATTTTATTTTTCATGGCCTTGGTGAAAGCTGTTGTCCATCAGGGAATCGGGAAACGGGCCATCTATGCATGGGCAACAGTGGGTGAAACGGTGCTGAACCAGATATATCGCCTTTACAGCCGGGGCCCGCAAAAAAGCCTGGCCTGATGATTCAATCGTGAACGCATGGGGCTTCATTCAGGTAAAAAATGAAGAAGGCACATAACCCTTGAAGTTGATACACACACCGCAAAAAAAAGCAATGCGAAAATCGCCGTGCTTCGAGGATGGTGATGTGAATGAGCCGTGCACCGCTCGTTTGGATAACGCGGGGCCGCCTTTCAGCGACCCCGGTGTATTTTATTTAGGATGAATCAATTACTGCCCGTCGGGTGCAGGTCCCTCTGTTTCATCTGCAGTTGCCTGACTGCTGCCGCAATAGTTCACCACAACCGTGCCGGTTCCGCCATACGCACTGACCCACTGGCTCTGGTTACCCAATCCGCCATTGTACATAAAGGCGAAGCTGCCATCAATTTGATATGCGACCAGGTCGAGGGCACTGTTGCCCCAGCGGTAGAGCGCTTCGGCGCCCCGCGTTGCGACATCGGTTTCACATGTCCCCTTCATATAGATCCCCACGCTGTCCCGCTTGATCTCGTTCAGGCACCACTCGTAACCAAACGAATCCTGCAGGCAGTAATCGCACTCCTGCACAAAGGCAAGGTCATCAACGACAAGCACCCCACCGAATTCATTTCCGGTAAAAGTGATCTCCACCCTGTCGATGCCGGCCCCGGACACCGACAAGGTCTGCAAGGCGCTGAGCCCCACAACGAAATCAAAATCGACCTGCGTTGCGCCGCGAAAGGCAAACAGACGAATAGTACCTGCATAAGGTGACCCGACATTGACCTGCAGGTGGCTGATGGTGGGTGAAAAACTCATGGTTTGAGGCCCGCGGGCCACGCCGCCGTCTGAAAAAGAGGCAGCCACATTGAATGCGAGGAAATTGGGTGAGCTGTGCCCGCTCACAAAAAAATTGCCGCATTCGTCCAGAATGCCCCCGCCATCCAAGGCGGCAGGTCCGGAAAAAATAACGCCCAGGCTGCTGTATTTGTTCCTGAGAGCTGTAGTCTGGTAAAAATTACACGGTTCCTCGTCTTCGTCAAAGCCGATAGCCACGGCGCCCGCCGGGGCTTCAAGGATATCCCGCCCCGCAGGCTGACCGGCGATTGGTTCCGGCGGGGAGTCACTGTCAACGCCACAGACGACGAAGGCGAATGCGTAACCGGCGCCAAACACCATTATCAAGGCGGCCAGCAACAGTACGACTCGGATGAGTTTTCTCATTTTATAACCTCCCGTAATTATATTTACACTCAAACTGTATTGAGAACCAAATCCATTTTGTTACCGGGCTTGCGCAGGTAGCGTCCTGCCTACTCCGCATCGTTTGGCGCGGCCCCATCTGACGGACTGTCTGCCGCCTGGACGCTGTCGCAGTAGTCAACCACAACCGTGCCGGTGCCTCCCCATGAATTGACCCACATGCTTGTGTTGCCCAGTCCACCATTGTATGTGAAAACAACGCCATTGCCGCCATAAGCCGTCATGGTCAATGCGCCGTTGGCCCAACGATAGAGCGCGAGGGCGTCCTTATCGTCACCGGACGCGTCACAGTCGCCATTCAGATAGATCCCCAGGCCGTCCCTCTTGATCTCGTTCAGGCACCAGACGTATCCAAAGGCATCCTCCAGGCAGTAATCGCATTCCTCCTCGTCGCCACCGGAAACCGTCAGGGGCATCACGCTAAGATGCTGCCGTCCATCATAGTTCCCGCCCCAGGTAAAGGTGTGGTCGTCCCCGGGGTTCCACGTGTCATGCACGTACACGGTGGTCATCTGCTCGATCGAATCGTAATCGTAGCCGTAGCCGAACATGCTATGCCCCTCGATATTGATGAGCACCGGCCGCCCGGCGTCTATTTCCGCCCGGTACTGGGCCGCCGTGAACCCGGCCCCACTCGCATGAACGGGGTAAACGGGTTGATGATAGATGGTGTCGACATTGTAGCCGGCATACTGGACATATTCCCTGACGCCGTACATGCCGCTTTCGTCTTCAAGGCCATTGGCTTCCGCATCGGCCGGTGTAAATGGGCTGCCATCATTAAAAGTGTAAAACCAGGTGTTTCCATCCGTACTGCCCAACTGCGCCTGGCTGGTTCCCATGAAATCGGCGAGGCAGTCAAAATCATGGCACGTGGTGGGATCGGCATTGTTGCACGCGTCAGGCCCCGGATGTCCGAAGGTAACATAAAAATCGTCAATATGCGCCTGGCTTGCGATGGTGTCGTTAGCAATTGCGCCTGGATTCCCAAAGGTGCTCAGTTCTGCTTCGCCTCCCGGTACGAGGTTGGGATAAGCCAGGCCGCCGTAACCGTTAATATCGTAGTAGCCCATCATCATGCCCGCCGAGGTCGGCGAACAACCGTACCACCAGTCGTAATCCGGGGAACTGGTGAGCAGTTTCGGCACACCGAATTGGCGGCCAATAATGATTCGGCCATCGTGCCCCTCGTAATACCTCATTCCATTCTGCTCGTAGAGAAATGTTGCACCCCCATAGGCTCCCGAGCTCAACACAAAAATGGAAAGAAGCAGTACTAAAATTGAAAATGCACAGATTTTCTTCATAGGGTACTCTCCTTGTTAAACCTCTCTTCATGTTGAATAAAATGTAGCCCCAACATCTTTTTTACCATTACTTCGGTTGACGATTGATGCCCTCACCTCCTTTTTGCAAACGCCAATGGGTTCAGGTTACACTTGCGCATGCACATACGCCGTTGCCAAAAGGTCCTCGACT
NZ_AP021874.1_gap53	2261226	2262171	945	CAGAATCAGGTTGGCTTCAAGATTTTTCTTTTCTATCTCTTCCGGCGGTGGCGAGGCAAAAAGCGTTCCCGTAAAAAAACAAACAAGGCATATAATTGAGAAAAAACGGAAGGATGGCATTTTTGCCCCTCAACCGGTGCTGTTTATCAGGTTTTTATACAGGATTAATCTTGAATTAAATTCTGAATCACTAAAATTGTCAATAAAGAATTTGGCGTCTCGAGTATCCGGCAGGAGTTTGCAGAATCACAGGCCCTAACGTCTGGCTGGAGCCCGTCCAGAAATGGCCAATTTGCCCGATATCTGTGTTGCGCGCCTCAATCTCAACCCAACTCAACTATTTCCGGATGACCACTAATTGGAAAACAGTCGAGCATACAGGGCGGCAACATGGTTCCGCATAGGCCCCTTTGGCAAAACCTGCAGAAGTTCAACAAGGATTGCCTTCGCTTCCCGGGCATTGCCGGCCATGTGATGGGCTCTTGCAAGCTGAAATCGCAGGCCGGTTTTTTGCGGTGCAAGTTCTGAAGCACGGGCGAGGGGGGCGAGGGCCTGATGGACCTGACGGGTTTCAATCAGTGCCATGCCGTAGTTTGCTTGAGCATACCAGTCCCAGGGCTTGCTCTCGGATTCTGTTTGAAAGGTCTGCAGGACGCGTGACATGTCTTTGCGGGCCAGGAAGGACGCCTCTGCGGCTGTAACCGGATCGACAAGCCATGCCTGCTTCCAGTGTGAACCGGCTTCGGACGGCTCCAGATTCGCGAGCATGATGTGTGCCGTCGCCCATTGCGCACGTTTGGGCCAGAGATTGCTGTCCTGGGAAAGTTCGATCAGACGCCTCAAGAACGCTCCAGCTTTTTGTTGATTATGATTTACCAGGGAAATCTGGGCTGCCAGCATCAATATATCAGGCGATTCCGGCATTCGCGCAAGTGCAGCCTGAAT
NZ_AP021874.1_gap54	2290690	2293357	2667	GTCCAGCGCCCATGCATGGAAATCGGTCTCCCCGGGAAGGAGGTCGGACAGATGGATGCCGTCTGAAATCGACTGGGGGTCAAGACCCATCATATCGAATCCGGAGCGGTTCAGAAAGGAGAGCCGACCGCTGCTGTCCGTCTCGAAGACGGTCTGGGGCAGCAGATCGCAGAGTTCATGGAAGCGCCGTTCGCTTTGCATCAGGGCGGCGGTTCTCCGCCGCACCGTTTTCTTCAGCAAGAGGTTCCAGACAAAGATGGCGGCAGCCACGCCGGCCATGGCGGCCAGCACGAATAGGCCGGAGCGAACCATGGCCATGCGCCGGGCATGGGCGTCGGCAACGGAAAACCATTTGCGGTACAGATCTTCATACACCCCGCTCTGGTGCATCAGGTGGATGCCCTCGTTCAGCTTCGCCAGCAGCCGGTCATCACCTTTTCGGACGGCAAAGGCGTAAGGAGCGCACACCAGCGGCGGACCGGCCATAACGATCGTATCGATGCCCAGCTCGCGCATCAGGTCCAGGGCGCTGAGGCGTTCGATGATCGCGGCGTCATGCCGGCCCTCGGCCAGCAGCTGCAGGGCCTTTCGGGGGGATGAAACCGGCATGATGCGATCGGTGATCCTGCGCGCCTGCAGCCAGTCATGGGAGTATGCCCGGGCATGAACCAGAATCGCCTTTCCGCCGGCATCCTCGATACTTTTGATGGGCGACCCGCGACGAACGAAGAGGCAGTAAAAAACGCCGGCGTGGCTGATGGAGAATTCGAAGGTGTTCTCTCTTTGGGCCGATCGGATCATCCCGGTGGCCAGCTGGATGTCGCCGCTGGCCAGGTCTTCGAGGACGGTCTCCCAGGCGTCCAGCCCGATATCCACATTCATCTCCAGCCTGGCGGAAATCGCTTTGAGAAGATCGACGTTGAACCCGTCAGGCTGACCGTCCGCGTTGAGGAACTCGTATGGGGGAAAGTGACGATCGCCCCGGGCGATCACCGGCGCAGCAGAGGTGTCGGCCGCCGGGAGACCCATTGGATGAACAACGAGGCATGCCAGCAGGCAGGTGCTTAACCACATCCGCATGGGGACGGGCACCTATTGAGCCTGTTCTTTCCTGGGTTTGAACCACTCGGTCCGCTCCCACTGCCAGCCCTTGTCCTTCATGCATTTGCGAATCAGGCGCATCTCATCGAAGGTATCGTAGGTGTCGGGTTCATCACGGATGCCTTCCCGGACCCACACTTCACAGGCCTCGTGGTCGATGGTCCACTCCCTGTCGCTTTTGGTCGGATGATAGGGCTTGTGGGTACACGACACCGAGACCAGTGACGCGACCCATAACAGGAACATGAAACCAACCATTTTACGATTCATCTTTTTATTCCTAAATGAGAAAGCCGGCAGACGGAAGCCGGACCACCCCGACCCGTTCCCAGGGGCCGGGGGCCGTGTGGATCAGGCCACCGTTGCGCGGGCAGCGGCATGCAGGCCGCGGGCGCGCTGTGCCGGTTCGGGGTTATGCCGAGAGGTGAGTCGGTGTATCGGGCCACTGAGAACTGACATAATATAGTTCATCCGCCCGCATACCGCAACGGGATGTCCTGCTTTTCACCGGGCCAGCTCCCGCCGGATCAATTCGGGGAGGGCACCCGGATTTTTTATTCGCTTCCCGTTCATGAACAATGACGGGGTGCCGCGAACGCCGATTCTTTTACCGTTTTCAACATCCGCCGCGATCAATGCCCGGCTGGATGGCAGGTTGCGATCCTGGTTGAATTGCTCCATGTTCAACCCCAGGCCCCCGGCGATTTCCACGATTTTCTCTTCGTTGACCTGCTTGTGGTTGTCGAGGAGCTGGCTGTGAAACGCCCAGAACCGGCCCTGCCTGCCCGCCGCCAGGGAGGCCATGGCGGCCCGATGGGCAAACGGGTGACTGGAAAGGGGAAAGTGCTTGATCACATAGTTGACGTCATCGGGAAACTGGTCCAGCACCTGCTGGATGAAGCGCTCCAAACGCGCACAATACGGTCACTGATAGTCATCGAACACCACCAGGGTGACCCTGGCGTCCGGTGGGCCCTTGACCGCCCTTCCGGACAGGTCGATGTCGAAAATGCGGCTGAACCGGATGACGTTGATCCGGGAAGGTTTGGCGGCGGTCAGGACCAGGCGGTCTTCGTCCTGATAGGCGATGCGGTCGAAGGGCCCCGCCACCGGGATGCGGTCCAGGACGGTCTGGTCGTCGGTCGAGTAGATCAGCACCTCCCCCGGCGTGAGCACGAAGACCAGGTCTCCGGCCGGATTGGCGGTCACGTCCAGGATGGGCGCGCCAATATCTGCGTTGAGGATGCGTTCGTGCTCGAATGCAGCGTGCACCGTGACGGGAATCAGGAGGACCGCCAGGATGACGGCCAGTTTGGTCTGTCTCAACATCGGATTCCTTTGGTTGAAGGTGGGCAACGGGTGTCGGAACGGTTGCCGGACCGGCCACCGTTTCCGGACCGGCACCGGTGTTATAGCACGCAGGATACAACGAAAAAGCGGGCCGGTGCAAGGTGCACGGCCCGCTTTTTTCGGTTTTCCGTTTTCAGGCGCTGAAGGTCAGGTGGGTCCCGGACATGTTCAGGATGAATTGGTCCGGCATCTCTTTTTCGATGCGCTGAATCGCCA
NZ_AP021874.1_gap55	2462219	2466307	4088	GGTCGGCCAGGACCATGGTGCAATAGGGCCCCGGGAGCAGGCGGGACAGGTCGATGACGGTAATGCCGGACAAGGCGCCGTTTGGTTTCATAGCTGGCTTTCCTGTTATTTTGCATCCTTGAATCGGAAGATTCAAAACTCAGTGAAACAAGCTCAACGTACATAGCTGAATGCGCGAATCTTAACCGCATCGCCTAAAGTTGAACGAAACAGACAAAGAGAACGAACCCTGTCCGTTCAGAAATAAGGAATTTTGGTCGAGATCGAGGCCCCCCAGAAATTTTATCACAGGCATGTAGTTATATTCCGAGGATAAAATTTGGAGGATAACGAAGATATCGGTCAAAATAGCCATTTCTGGATTATAATCCCATGAATTTTGCTGCAATACCCTTCATGATCTCGTTGGTGCCGGCAAAGATGGACATGACGCGCACATCCCACCAGGCGCGCACCAGCGGGCACGACTCGACAGTGCCCAAATCGCCCAGAATGCTCAGGGCGCCGTCCGGTTGGCCAGGTCCGTGGTCCAGAATTTGGCCATGGCGGTCTCCACCACGATGTCCTTCTCCTCGATGTGGTCGGCCACCAGTTTGTCCATGAACGTACGCCCGACCTTCACGTCGGCGGCCATCTCCACCAGTTCGAACTGGACGGCCCGGGATTTGGACAGGGGGCGTCCACCGCGGTTCGTCCGGCGACAGTGGTCCAGGCCCCACGATAGAATCTGCTCGGCACCGTACACCGCACCCGCGGTCTTGCAGACATGGACCTCTTCCATGCACGACCCGAACCAGGCGGCATCGATCTGTTTTTTCTCGATGCCCGCATCGGCCAGGCACTCCTCGAACGCCTCCACCATCAGTTCTTCGGCCCCCATGTCCCAGCGTTCGCCGAACCGGGTGCATCCCATGCCGATGATGGTCACTTTGTCCTTGATTCCCGTTGCCATATGGATTCCTCTCCGCCAAATGACTTTTTATGAAGCAAGTCGGATTGTTGTCGCTTTGAATCACCCCTCACCCCGGCCCTTTTCCCTCGAGGGGCGAGGGAGACACTACCGGAATTTTCTTCATCTCAAATGGTCCTTCAGGCAAGTATGGATCGATTGGTTGTGAATACGATAAACCTCAATTTTCCCAAACGTCGTTCATGCCGGCATTTCCTCACCCCCTTGGGGAAGAGGGACAGGGTGAGGGGCTGTCAACGCTGATCACCCGCAGCCAATTTATCCCTTCAACTGGAAAAGTTTTTCGATCAGCTGGGATTTCATGATGCCGCCCTTGATTTTCAGTTTACCCGACGTATAGGCCTGCATGGCCGTCAGTTCGCCTGAGATAAGCCGGATGAAGTCCGCGTCGCCGATCTTGAGGGTGCAGGTGGCCTCTGCCGCGCGCCACCGGGAGACCGTGCAGGTCCGGTTCCTGACGGCCACCGACCAGTCGCCGCCGCCCGGTTAACAAAGCCCATCCCGGTATTGAAAATGGCCCCGGTCCGGTTGCAGCTGTCGCTGCACAGGAACAGCACCAGCGGCGCCACGAATTCGGGTTTGGAGCGATCGAACGGATCGGGCGGCATCACGTCTTCGGTAAGCCTGGAGGCGGCAAGAGGCGCCACCGTGTTGACCATGATGCCGTATTTCTGCCCTTCCAGCTTCAACGTGTTCATCAGCCCCACCAGGCCCATCTTGGCCGCGGCATAGTTGGCCTGGCCGAAGTTGCCGTATAACCCGGCCGCCGAAGTGGTCATGATGATGCGCCCGTATCCTCTTTCCTTCATGGCGGCAAAGGCCGGCCGGGTCACGTGGTAGGCGCCGTTCAGATGCACGTCCAGCACCGCCTGCCAGGCCTCCGGCGGCATTTTCGCAAAGCTTTTGTCCCGCAGGATGCCGGCGTTGTTGATCAGGATATCCACCCTGCCGAAGGCGTCCAGAGCGGTCCGGATGATGTTCCCGCCACCGTCTGCGCTGGCCACGCTGTCATAATTGGCCACGGCCTGCCCGCCCGCAGCCCGGATTTCGGCAACCACCCGGTCCGCCGGAGAGGAGGACCCACCGCCGGGCCAGTTCCAGGGCATAGACCCGGCCCAGGCCCGCACCGGCACCGGTGACCACGGCCACCCGGTCGTCGAAGCGGATTTCTTCACCGGGAATGTCACCGTATTCGAATTCACCGTTGTCGATGACGGTCTGGCCGTTTTCGGCGTTGACGGTACGCCAGACGGCCTTTCCGTCGGCGGTTTTCCAGATCAGGGTCCGGATGGGAACCCCCGGATACAACGTTTTCGAAAAACGGCAGGCCAGGCGGCGGACCTGATCGGGCCGGCCCGGCACCAGAGATGTGATCAGGGCCCGACAGGCGAATCCGTGGGTGCACAGCCCGTGCATGATGGGCCGGTCGAACCCGGCCATCCGTGCGAATTCCGGGTCTACGTGAAGATGAAAAATGTCCCCCGACAGCCGGTAAATCAAAGGCTGGTCCGGGGATGGCGACGCCTCGACCACCATATCGGGTTCCCGGTCCGGAAATTCCACGGGAGGCTTTTCCCGGTCCTGGCCGCCAAACCCGCCGTCCAGACGGCCGAATATGGTGGTCTCACTGGTGAACAGCTTTCGCCCGTCAGCGTTGACGGTATCGCTTTGCGCCACGATCAGGGCGCCCTTCTCTTTTCCCTTGTCGAAGTAATCCACAATCCGTCCGGTGGTGAACAGCGTGCCGTCGGTCGGGATGGGGCGGTGGAAGATCAGCTCCTGCTCCCCGTGCAGGATGCCGGCCAGGTTCACCCCTGAAGCGATGGCCGCCTGTGACAGAAAATCGAAAATCATCGCGATGGAAAAGCTGGGGATGACCTGCTGGTCTTTTTCAAAACAATAGTCGAGTTCGGAAAACCCGGCGCCGACCCCCAGCGCATACAGGGCGGCATCCTTCCAGGTGTAGTCCCGTTTCATGGGGCCGATGGGTTTACCGATGGCATCCATGTTGAGCGCCATGACGGTCCCTCCTTACCGTATATGGGTGAGCGCATCGGGGCGGCCTGATCTAACCACCCGTCTTTTTTCATTCAATCGGCTTCGGATCCACCGTCGGCAGAACCGCCGGTAAAGGCCGGAATCAAGAAGAACTTGAGGGTTTCTTTGACCACATCAAGGTATGCGGCCGGGTCGACCACCAGGATCGGCCGGAAGAAACTTTCGCCCGATATTAAATTGAGCATGGCATTCCACAACGTCATGATGCGGGCCTTGGCCTGGGGCGTGATGTGCTGCTTGTCGGTGGCCAGGCCCATGGCAATGGCAATTTTGGCAATGTGGCCGGCCAGTTTTTCGTCCAGGCTCACTTCTGTTTTGGATTTACTGAAATAGCCCAGCAGGAGCAGGTTCGACGCCTCGGGGGTGTCGAGAAGATAATCGCACATGATGTCAATGGCGATTTCCAGACGATCCGCCAGCCCCCTGCCGCTGGCCTGTCGCTCGATGATCTTGAATTGCGCCTCGATGCCTTCGTTGAGGTCGGTAATCACCGCCTCGTAAAGGTCGGCCTTTTTTCCCCAGTGATAATACAAGGTGGAAATGTCGATCCCCACCGCTTTGGCGATCATGCGGGTGGTGGTCCCCTGGAATCCGTATTCACCGAACAACCGCCGGGCGGCTGCCAAGATCCTGGCTTTGTTGGAGGTTGGATTTTTTCTTGCTTTTTCGAGGGGGGAAGGCATGGGCCGTCAGGCTCCCGGGTGATCGAAAAATTTCCATCAAATTAATCCATATCATGCTTCCATCATTTGATGGAAGCTTTAACGCGGGACTTGAAAGGATGTCAACGCTTATTATGCTGAAAACCGGAACATCATCGGTGGCATGATCCCGGAAGGATGGGCCACCGGCACCTGGGCGGGTCGCCGGGGAAAGCGCCGGCCAGCGGAATCCTAAAAAATGAAACTTGTGGGCGAAGTGCTTTACTTTTTTATCAATGGACTTATAATGCAGCCACTGTTGATCGAAGCAAGGAGAAATGGATGATCGCTAAAATTGAAGTTCCCAAAAACCTGGCGGGCTCTTTCAAGCGGGTCTCACGCCGGATTCCTGTTGGCCT
NZ_AP021874.1_gap56	2480852	2485275	4423	ACCCCCTGGCGGACGCCGGTCCGGACCGTTCTGGCAAGCTGTTTCAAGCCCCTGGGATTCGCCACGGCCGGGTTCACCGCCGCCGTGCTGATGCTGTTCACCGTTTTTCAGACGCCGCCGCCCGCCGTCTGCAACAACCGCTTTGTCCTTTTCGAGCCGGCCGCCGGCCAGGTGGAGCTGGCCGGCTCCTTCACCGGGTGGCAGCGGGTGTCGATGACCCGGGCCGGTACCAGCGGGTACTGGGAAATCAACCTGCAGGTGCCCTCCGGGGAACACCGCTTCGCCTACATCCTGGATGGGAATCGGCAGATGGCGGACCCCACCCTGCCCGCCAGCGAGAAAGATGATTTCGGCGGGAAGAACTCCATTCTGAAGGTGGAGAAACGCCTGTGAACCGGCTGCTGGCGATTGCCGGACTGATGCTGCTGACCATGGGCTGCGCCACCCATTACTACCGGGTCCGGGGCGAGACCCTGACCATCTATCTGGACAGGCCCGATGCCAAAAAGGTGACCTTTGCCTGCAGCCTGGACGACTTCCAACCCCACGAGGCCCGCAAGGTCGACGGCCGCTGGACGGTTTCCGTTCCAGGCAGAGACCCGTTCCGCTATTTTTACGTGCTGGACGGGGAACTGTTCCTGCCCCCCTGCGAACTGAAGGAAAACGACGATTTCGGCTCCCAGAACTGCATTTTCAACCCGCACCTGTAACCTTTCTTCATCTCAACCGTTAAACTGACAGCCAATCATCGTTTTTCAAAGGAGAGGTTATGAAACGCACCTGGCTGATTGTCTTCATCGCATGGTCCTTCACCGCAACGGCGATTGCCGCCGAATCGGAAGGCCTGTCCCAGCAGGCCATGGAAAGTGTTCAGCAGCAGACCCGGGAAATGAGCGCACTGGGCGTACCCCAGGCCCAGGCCCAGGAGATGCTGACCCAGATGGTTAAAAATCAATTCCAGAAACAAAACCGGATTCGCGCCCAGCAGGTGGTTGCGGCGACCGCCAAGGCGGGGCTGCCCACCGAACCCGTAATGAGCAAGGCCATGGAAGGCATGGCCAAGCAGGCCGGCGAGCAGCAGATCCTTGCGGCCATGGAGACCGTGCGCAGCCGATACGCCCATGCCAAACGGGTGGCGCGGTCCCTGTCCGACGACGACGAAAGCGTCGACACCATGACCCGGGCCATTGCGGACAGCATGGCCGCGGGAATGAAAGCCAGGGACATGGAACCGGTGATGGCCTGGTTGCAGACCCGGACCCGCCAGCAGACGCAAAACAAGGCGGAGACCGACGCGTTGGCCGTACAGACCATGCAGACCGTTCGCACCATGGCCAGGCTGGGCGTCCCCTCGTCCGATGTGTCCGACACCCTGTGCCAGGCACTGCAAAACCAGTACACCAGCCAGGAAATGAAGCAGCTGCGTCACCAGATCGCCAGCCGGGCCAGCCAGGCCTCGCCCCAGCAGACGGCCAGCCGGCATGCCGGTGCCATCGGCAAGGGCGGCAGCGATTCCAACGGCGGCTCGGGAAGCGGTGCCGGCGGCTCGGGTGGTGGTGCCGGCGGCTCGGGCGGTGGGGCCGGCGGCTCGGGCGGTGGGGCCGGCGGCTCGGGCGGTGGGGCCGGCGGCTCGGGCGGTGGGGCCGGCGGCTCGGGCGGTGGGGCCGGCGGCTCGGGCGGTGGGGCCGGCGGCTCGGGCGGTGGGGCCAATTAGGAAACGCTTATACCCCTCTACCATTAACGTCTTATCAATGAACCTTCATTAAGGAAAGGATGTTACTCATGCACCTGAAAAATGCAGATTCAACCATCACGCGTCTCTTCATCACCCTGGCAGCGGTTTTGTTGATCACCCCAATATGGATGCCAACCGCTCACGCGGACATGGTCATCGCCCCGTCGACAATCGTTTCCAATGCCAACACCCATATCAACGATGATAATTACAGGAACGGCAGGGACAAAGACACCACGGTAAAGGCGATCATCGCCTATCCGTTGGACAGTACTTGTCTGTTGATTCAGGATGCCAGCGATGTCCGGTTCTGGGAATCGGCACAACTGGAAGCCGAAACGGGTCGTTTTGTCGAAGCCCTGTCCATAAGATACTGCTACATCGATGACAATTTGATCGTTGAATTCGATCGCGCTGAAATAACCGCCTACCTTGAGGAATTGGAGATCAAGGGAGATATTGGGGTCGTTGTCGAAGGCACGTTCCGCGTTACCTGCAGTGAAGTTCCGCTTGGCATTGACAACGAGCGTTCAGAGATCGTCCTTGACATCAAGAGTTCACGGAATTAACCAGTGCCCATCCATAAATGGCCAGATTGTCCGATATCTGAATGAACACTAACGGTTCACCAAAAGGGTTTCAACCCTATGCGTCTCCTGTCTCTTGAGGACGTCTATCGCGGCAGGCGGCAATGCATGGCGGACCGCCGGCAGTTCAATTATTCCCTGCACCTGCCGGAAAGACGGTCCGGTGCCGAACGCCGTTCCGGGCTTGAAAGAAGACATCCCGGCCGGAAGATGGCAGGAAGTGAGCCGGCAGCCACAGGCCGAACATCCCCGGAACAGGCACTTGCTTCAGTTTGAAGCCGTTTTCATGCCGCCGTCAGGGACACCACGGGCGCATCATCCGCACAGCCACCCGGAGGCGTTGGAGGACCGCCGTGCCCCCTGTTACCATCGACTTGCGGGTTTATGGATAGGCCCTCCATGCGGAAACGCTGCGCATCGCCCGTGGCCTGCCGGCCACCGCCAGCAGGGCGATGTCCCGCTGCCACAGGGTCCGGATCTCAGGGGCGACATGATGCCATAGTGAGGAAACACCGGTTGAGAAATTTTCCAGGTGGCGGAAGAGTCCGTCCACGGCGATGTGAATGTATGGTGCCGACAGGTCCTGCTGCGCCAGACCGCTTGCCAATGCGATAAGGGCGAGAACTTCCGCCGACACCTTTTCAGTCCAGCCGAAGCGCCGTCCGACGCCCAAAAGATAGCCCAGAAGCGCGCCGGCGACGTGCAGGTCCTCGATGGTCCGGAAGGGTTTGATGTATCCGGCGTATCCGTCTCCGGGAAGCAGCCGGTCCGCCGGGATGAACACGTCGTCCAGGCTGACCACGCTGTGCCGGATTTCGGGAACGAAGGGCAGTGGGGGCATGGCCGAAAACGCCAGTCCGGCGACATCGCGGTCCACCCTGGCCATGCGGATCCGGTTTCTGCCATCCACGACTCCGGTGCATGCCGCCACCACCAGCAGGTCGGCGTCCTCTCCGCCGGTGACGAACTGTTTCCGGCCCTTGAGCCGAAACCCCCGGCCGGAAGGGATCAGCCGGGTATGGATGTCACGCGGGCGGTTTCCACCCGACTCGGTGATGCACAGGGCGGCAAGATGCCCCTGCGGCAACGCGGGAATCAGTTGCCGGATGGCCCCCTGATAACCCGAAGCAAAGGCCCAGGCCAGCCGGTCAGACAGGAACCCGCCGAATATGGACCGCTCGATCGGTGATCGCCGGCTGATCGCGTCCGACGCCCACAGTTTCCGCCAGGACGCATGGCTGTCCACAGGCCGGCGGAGCCGTTCTTTCGGACAGGCAAGCAGGTCGTGCAGCAGGTCACCGGGGAGGCCGTCGTTCACAGCACCAGATCCTTGATAAACGCGGCAAGCTGATTCAGGTTGCGGCATGGACGCACCTCGTTGCAGATGCCCTGGTAGGTTCTCATCTCGCTGTCCCCCGTGTACCAGAACTGTTCCGTCTCCGGATTCAACCACACCAGCCGCCGGCAGCGGTCACGAATGTCCTCCAGCAGCTGGCCTTCGGGGTTGGCATAATTGGATCGGCCGTCGCCGATGACGATCACCGTGGTCTTTTTGTTGACGGCGTCCAGGTACCGCCGGCAAAACTGTCGCAGGGTCAGCCCGTAATCCGTTGAGGCCCCATAGTTGATGCCGGCCTCGGTGAGTATGTTTTCGATGGCCCGGGCCACCTCATGGTCGTCGAAGAACCGGGTCACCTCGGCCACCTCGGCCACGAAAACAAAACTTCTCACCCGATCGAAGCACTCCTGCAGCGAATAGAGCATATTGAGCATGAACCGGGCCGAGGACCAGACCGAACCGGAGATGTCGCACAGCACGGCGATACGTGCCTTGCGCGGCGGTTTTTTCCTGAAGACGATCTGAACCGGCACCCCTTGGTAGCGGGCGGACTGGCGCAGGGTCCTTTTTACATCCAGCACCCCCCGGCTGCGGACCGCATACCGCAGGCCCACCGTGTCTTTCAGTTTTCTCACCAGCTGGGCAATGGTCTCACGCATGCGGGTCGTCTCGGACGGGGTAAGGGCATTGAATGCAAGGTTTCCCAGTTCCCCCTGGCGGTCACCGGCGGTATCCTCCCGGCGGATAACGCCGGTATCGCCT
NZ_AP021874.1_gap57	2521034	2522945	1911	TAGGTGCCGATGGGAGTAAAATGGGCGACGCCCTTCTCCGACGGCCGGTTCCGGTCGTCACAGGTGATCAGCGTATAGCGGCGGTCGGCTGCCGCGGCAGACTGAACCTGCTGCCGGAGGGTCAGGGCGACACCGTTGACTTCATAAAAGGTGTCGGTGAAATGGGCCACATGGGTATCCCCGGCAGGCGCCGGGGTCTGGTCGCCCGGGGGCCGGCCGAAGCGCCCGGCGATCTGGTTTCCCAGGTCCCGTCCCATGGTAAACTGGGAATAGGCGACAAAATAGGGGGCCAGCAGGGTGGTCATCCCGCCGGCGGAACCGATGGTGTGGAAAATGTTGAAGACATTGGCGCCGGAAAGATGATCCAGCAGGTGGTTGCCGAAATGGACCATCACCCGGTTCGAGAGGCGGTTGACGAACTCGAACCACTGCCCTTCACGCGCCTCGTCCTGCCCGCCGTCCTTTCTGTCCGCTGCCAGCAGATCCGGGTTTTCATCGATGAGCTTCTGGGTTTCATGGCGGAGGAGGGAGGCCAGGGAGTCCGACAGGGGATGTTTCACCCGCTTGTTTTTTTTGGCGCTGAAGAAAAAATAAACCCGGGAGAGCATCCCGGGTTCCGGTGCCGGATCGAGCCCCAGTGAACCGTCCAGGAATCGGACCAGCGGATCTTTTCCCGCGTATTGCCCCAGATTGAATTTGCGGCGGAAAAACTGCCAGGCGATGCCGTAGAGGTTGTGGGCCATGGTCTGGGGCGAAGGCGCGGTGGCATGCACCACCACCCGGCTGTTTTCAATGGCCGAAAGCGATGTCCCGGTATCCGGATCGCCCGTGAACTCGGTGTAGGTTCGGGCGACGTTCAGGCCGCTGTGGTCATCCGACCCGCCGAAAAGCCGTTTCTGATGAGGATGGGGAAATGACGGTGTGATGCCGTGCCGGTCGACCAGCCGCTGGATATCATCGGGGGTCAGCTGGTTCAAAAGGCGCCTGAGCGTCTGGTTTTCCCGGCTGTTGCGCGCACCGTTCAATTCGAAATTCCTGAACAGCAGCAACAGGCGTTCGAAGTGGTCCACCGTCAGCCTATCGTTGACCGCATAGAGTGGATGGGCGATTATATTGAAGATCTTCTCCTGCTCAAAATAAGCGACCAGGTCAAAAATATTCTTGCGCAGCCGCTGGATGTCGACGTGCTGGGATTCGGTGATATCAAGGGCCAGCACGTGAAGTTTGCAGCCGTCTTCGGGGAAGTAGCTGGTCACCTCCTCGCTGACGAAGGCACCCGGCAGATGGGCGATTTCCAGGGCACCGCCGATACTGTTGTGGTCGGTGATGGTCACATGGGTCATGCCCCGCCGCCTGGCGATATCATAGAGCTGGAGCGGCTCGGTGAAGCTTTCGGGGCAGTCGAGTTTTTTCAGGATCCATTGGGATGGCCGTTCGGAGAACTTGGAGTGGACGTGCAGGTCGATCCGCATCGCTTTTCCTTTCTGTTTAAAAACGCCTCAATTTTCGATAATCCGGCGATTGCCGGCCGTTGAAAAAGCCGCAGGCCCGATAGTAGGACAGATCACCGGCCCATGCGGCCAGCGCACCCGGCGTGGCCGCCATGCGCCGAATCAGGCCCAGCGGGTTGGCGGCCGCCTCGAGCAGGGGGCCGAACAACGCCGACGGGTCGCGGAAGCACTCCCAGTCGCACTGGCGGCAGGCATCGGCCTCGGCCGGCGGCGTCAGCCGTCCCGGATCAACGTCCCACAGGGCGCCGAAGTCCTCATTCCCGCGGTAACCGCAGGGGTAGGTGTGCCCGTCGGCGGCATTGATGAAGAAGAAATCCACACCGCCGCGGCAGCCGTATGCCGGGATCGGAGACGTCCCGTCGCTGTACTGCCGCACCAGGGATTCCAGGGCGCACAGGGG
NZ_AP021874.1_gap58	2663438	2668277	4839	CTTTACCTATTATGCCGGTTTTTTCACAAGCGGATAGCGGCCATTGCCGATCCGGACCAGGCCCCTGCTCCGCGACCAGTAACCGATGGGACCCATTGAACCGATGAAACCCGATGCCCATGCCAACCTGAAGGTGCTTTTTGCCCTGACCCTGGTCCACTTCACCGGGGACTTTTACAGCGCCTTCACCACGCCCCTCTTCCCCGCCTTCATGGACAAGCTCAACCTGAGCCTGGCCCAGGTGGGGATGATTGCCGGCATCAACCGGTTCCTCTCTTTTATCGTCCAGCCGATCGCCGGCTACCTGGCGGACCGCTACCAGGGCCGCGCCATCATTTTGGGCGGACTGCTCATGGCCGTGGTCTTCATCCCCCTTTCCGGCGTTGCCGGAAGCTATTGGATGCTGGTGCTGTTCATCGCCCTGGGGTCCGTGGGATCATCCCTGTTTCACCCCTCCGTGGCCGGCATGATCCCCCTCTACGCCGGCAACCGCAAAGGCTTTTCCATGTCCGTGTTCAATACCGGCGGCACACTGGCCTTTGCCGCAGGACCGTTTTTCATCACCGCCGTCGTGGCCGCCTGGGGCCTGGAGGCCATGCCGGCCACCATGGTCATCGGGCTGATGGTAATGGTCTACCTGTGGGTGGTGGTGCCGTCACCACAAAGCGAAGGCATGGCCGCGCTGGGATTGATGGGCACCCTGAAGCGCCAGTTCGGCACCGTGTGGAAATCCATTTTCCTGATCTGGCTGGTCATGGTCCTGCGGGCGGTGGTCGGCCAGTCGTTCATGACCTTCATGCCCGTCCTTCTGGTGAGCCGGGGATACTCGCTGGTTTCCGGCGGCGTCATGATCACCCTGTTCACCCTGTCCGGCACGGTCAGCGGCCTGATGGCCGGATATCTCGCCGACCGGGCCGGATCCCGGCCGATCTTCCTGGTTGCCCACCTGCTGATGACGCCGGCCCTGCTCGTCATGCTGTGGCTGCCCGGGCCCTGGATCTATGCGGGTGTGTTCGTGGCCGGTTTTTTCGTGCTGGCCACCATGCCCCTGGGGGTGACCCTGGCCCAGGAACTGGCGCCGGGCGGGCGCTCCATGGTATCCAGCCTGATGATGGGCCTGGCCTACGGCCTGGGAGGCGCGATGGCGCCGGTGGTCGGTCGGCTGGCCGATCTGTATTCCATCGCCAGCGTGTTGTGGGCGGTCGCCTTCATCCCCCTGGTGACGATACCGCTGATCCTTCTGTTTCCACGAGGAAGGACCGAGGCGGCCGCCGGATAAGGGTTCGAAATTGCGCACCGCGATCGAAGCGGATGCCGTGGAGGCCCTAAAACAGCTTGCTTCCCACTTTTGCATCCACCGCCGGTGATACGAACGTGGCCTCCCCGCTGTCTGCTTTGGGGTATTGGACCCCGAGCACCAGCACCTCGGAAACGACGGGCCCCATTTGCCGGGGTGCAAAATTGAGCACACCGAGCACCAACCGGTCCTTCACCGCTTCGATGGGGTGCCGGGTAAAACGCCCGTAACTGACCCGGACGCCGAATTTTCCGAAGTCGATGGTCATCCGGTAGGTCGGCCGATGGGTACGGGTTTCAAGTTCTACCGTCGTGACCCTGCCCACCCGTATATCGAGCTTGTCGAATGAGTCCTCGAAAGCGACGATTGGCTTGGTATCCCTGGCCATTTTCATATCCTTTCCATCAGAGAAATTCCGCAGCCGCTGAGGGCGCCAAATATGGGGAACCGGCACGGCATAAAAACCGGGAGGCCCGCTCCTGTTCGCAAGGGAGGCCTTGAACAGGGACCGCAGGGCAACAGCTTACCGAAAAAGTCCTGAAAGCTCAACTGCCGTGGCCATGAGCAGCAGTGACAAGGGGAAACTACAGCGACTGCATCTGTGTGGTCACGAATACCGAGGCCCCCTTGGTGCTTTTGAATTGGAAATGGCCGCCTTCCACCAGTTCCTGGCAAGCGGCGACCACATCGGCATCATAGAGCGTGCCGCTGTTGACGGTGAGTTCCCCCATGGCTTTTTTCAATCCCAGCGAAGGGCGGTAGGGGCGGTGGGAGCCGATGGTTTCGAATACGTCGGAGACGCTCAGGATTCTGGCCTCCATCATGATGGCCTCCCCGGCGAGGCCCTTGGGGTAGCCGGACCCGTCCATGCGTTCGTGGTGCTGGAGGACAATTTCCGCCAGTGGCCAGGGAAAATCGATTTTCTTCAGAATATCATACCCTGACTGCACGTGGGTCTGGATCATTGCGTATTCCGGGCCGCTGAGACGTCCCGGCTTGCACAGGATCTCTCCGGGGATGGTCAGTTTGCCCAGGTCGTGGATCACACTGGCCATCTGCAGGCCATAAATCCGATCCTTTGAAAGTCCGACCTTCCGGGCAATGGCGCAGGCCAGCTCCGCCACCCGGTTCTGGTGGCCCGAGGTATAAGGGTCCCGCATTTCAACGGCCAGGGCGATGGCCTGGACCGACCCCTCCATGGCTTTCTGGAAACGGTCCACGTTGCGGCGCAGTTCCCGGGCGGTCTGCCTGAGCTGGCCGCGGGTCTCCCTTTCATGCAGCACCCGCTTCAGCCGCGCCACGATCTCCGCCAGCCGGATGGGTTTTTCGATAAAATCGCTGGCCCCCTGGGCGAGGATCTCCTCGTAGGCGAAATTATTCACCAGGCCGGTGATGATGATCACATCGGCATCGAAATGGTCCTTGATCCGACGGCACAGGTCGAGGCCGCTCATCCCCGTCATCTGGACATCGGAGATGACCACCTCCACCGGCTCCGAAGGCAGGATCCGTAACGCCGATTCTGCACTGTCGGCCGTCAGGCAGCGGCACCCGGAGGCCTCGATGCCATAAGCAAGAATATCACGGATATCGTCGTCGTCATCCACCACCAGAACGAGGGGGGTGGATGCGTCTTCTGGTATTGCGGGTTTCATATATAATCTCCTCAATAACCGAAAATGCCGGGTCTTGGAGGCGTTGACACAGCGCCGCAGGTTGTCCCTGGTTTCAGAAAGCCGGGTACCGCACCAAAAGGGGAGCGTGGATATGGTCGGCAGGGTGTTGGAATCGGTCCTGAAATCAGCGCCGCCGATGGCCGGCTCAGGATTTGAAAATGAGGAATATCACATAGGCCACATAGCACCCGATGAGAATCAGACCTTTTCTTCGCGAAATTGTCAAGTCCCCTCTCATCATCACCCAGGGCAGTGCACTGATGGTCATCATCACCAGGTAATCCACCACCAGGCCGCTGCCGACAAAGCCCCCGGCAATAGCGATCGGCCTGACCATGGCCGTCGCGCCGACGACACTGAGAAGATTGAACACATTGCTGCCCACCAGGTTCCCCAGGGAGATATCCATCTCCTTTTTCATGGCGGCGACCACCGATGTCGCCAGTTCGGGCACCGAGGTGCCGAAGGCCACGACGGTGAGGCCCACGAATTTTTCGTTGACCCCCAAAACGGACATCACGCTCACCGCGGCATCCACAAGCAGATCCGCACCGACGACCACCCCCGCCGTGCCACCCACGATCATCAGGCACTGCATCCACGTTTTTTGCATCAGCCCGGCATTCGTCGGTGGAACGATCGCCGCTTCGCCAACCAAGCCCGGCATGGCTCGACTGACACGCACGGCGACCTTGTAATTGAACCAGGTATAGGCAAGGATGCCGCCAAAAAGGGTGACCCCCTCGATCCTGCCGATCACCGAGTTGAAGGAGAGCAGCAGCAGGTAGGCGGAAATGGCCAGCATGAGGGGGATGTCCCGGGTGATGACGATGCGGCTGGTCTTTACGGGCTGAAACACGGCGGTCAGCCCCAGCACCAGGGCGATGTTGCAGATGTTGCTGCCCACCACGTTGCCCAGGGCGATCATGCTCTTTCCCTTGACGGCGGAAACGAGGCTGACCACCAGTTCGGGGGCCGAGGTGCCAAAGGCCACCACGGTGAGGCCGATGACCATGGGGGACAGCCCCAGGCTGCGGGCCAGGGTGGAGGCGCCGCGGACCAGCCAGCCGGCACCGTAGTATAACAGCAGGAGGCCTGCCGTGAATGCGATCAGGTGGGAAATGGTCAAAAAACACGCCTTCCTCGGGCCGGTTTTCGAAACGGCCGGTTTTCAGTCAATGCCGGCATCGGAATTTCCTTTTTCACGTCGAAATCGACCGCAATATGACATTGTCGGGGGTTGAACACAATGCGATTTTATTCAATTCGTACCTAATTTTTCAGCCGTCAGGAAGCATTTCCCGAAGGTGCGTAGCGGATCAGGGCCGCTTTTCTGCCGGCCACCCGCTGATAGGTCTCGTCGGGCCACCCCAGGGCGATCACGGCATAGGGGGTTTCGTGGTCGGGAATGCCCAGCATGCGAACGATCGACCGCTGCCGCCGCATGGCTTCGATGACAAAACCGATCAGACAGGACCCCAGGCCCATGGCATGGGCGGCCAGCAGCATGTTGCCGGTGGCCAGCATCGCATCTTCGGACGGGCAGGACGCGTCATCGTCGGCGGACACCACGATCACGGCCGTGGCCCCGTGAAACAGCAGATCCCGCTCCCCCCTGTCCCACGCCGCCAGCCCCATCTTTACCGTGGGGTAGTGAAGGCGGTAATAGGCGTCCAGTTCCGGTCTGCCGACCAGCTTCAACCCGGTGCGCAGCCATCGGTTCTCCGCCATGCGGTTGGTCTGCCTGAAAAAGTCGCCCACCCGCCGCCCCAGACGGTCGACGGCGTCCCGGTCCGGCAGGATGGTGAAGGTCCACGGCTGGCAGTTGGTCCCCGACGGCGCGGTGACGCCGACGTGCACCAGATC
NZ_AP021874.1_gap59	2672456	2672960	504	GGCCTCCAGGATCCGTTCCAGGATCACTTCTCCCCAGCCGCCCAGGGTCTTCACGTCCCCCTTGAGGGCGTTGGTCAGGTTGAGGGCGTCCTTTCCGATCCGCTCGTTCAGGTTTTTCAGGTGGCCGATTTCATTCAGCAGGGTCGCCCGATCACGGGATTCCTTGTCGTAAACGTCCTCCACCCGCTTTTTGAAATCACCCAGTTGCTCGCGCAGCGGACTGATCAGCCCATCCATCCGGGCCTGGCTGTCGTCGGCGAAAATCCTGCCCTTCTCTTCCAGAATCCGTTCCGCCAGTACCTTGAACTCGACGGTCAGTCGCTCCCGGGCATCGTTGAGCAGAGCAATCTTCTCACTGGCCTGCCGGCGTTCGGCGTCCAGCCGGGTGGTGGTCTCGGACAACTTTTTTTCCAGGGACAGGTTCGCGGCGTTGAGCTGTTCCTGCCCGTGCCGGTTCTTCTCCAGCGTTTCCTCCAGCACGGGAATCCGGGCAGCGGTCTGTTC
NZ_AP021874.1_gap60	2673961	2677042	3081	CAAGCATGGGTTGATGGAACTCTGGGAATCCATCTCCGCAGCCCTGGAATCCGTGGACAAACCCCTGTTCTACACCGGCCACAGCCTGGGCGGCGCCATGGCCACACTGGCGGCATCGCTTAAATCACCACACGCCGTTTATACGTTTGGCGCCCCTCGGATCGGAGATGTCGCCTTTGCCGCAACCCTGTCCGATGTGAAGATTTACAATGTATGCAATCCCCGGGATATCGTTACCGAGCTGCCCCCTTCCGGATGGTGGTCCCGTTTTATCCATGCCGGGACCATGATCCACAATATCGAAGTGATGCGGCCCCATCGCAGCCTTGTTCAGGCGCCTTCATTTCTGGCCGGCCACGCCCCCCTGAATTATACCAACCAGCTTCCGGTCGCCTTCGACAATTAGGATCCTCCAAATACGGATATCCGATAAAGGCTTTAGATCCAGCCCTGTGCCGGATGGACGAATCGTTGACCCCGGCCACCGGTCTCTGGTAAATACTTCTCTCGCACGCCATCACCCCAAAGGGAGAAAAGCACGGCCGTGGCCCTTAACCGTGGCACAACCATACCGGATCGACTGAAGCGCCTCGACGGCTATCTTGCCGATGCGGAATCCCGAATTCAAGGAATCAGGGAGGACTGCGAAAAAACAATCGTCTGGCATGACAGCCAGCGGAAGCGGCGGGACCTTGCCATCGTATACATCCACGGTTTTTCGGCCAGCCGCATGGAAACCTGGCCCCTGTGCGACCGCCTGGCCGAGGCCAATGGCGCCAACCTGTTCTATACCCGCCTCACCGGCCACGGACAGGATGGCCCCGCCATGGCCGCGGCAACGGTCGCGGACTGGCTGAACGACGGCCTGGAAGCCGTGGCCATCGGCCGGCGTCTGGGGAAAAAGATCATCCTGGTGGGCATGTCCACCGGCGCCACCCTGGCCACCTGGCTGGCGGCCCAGCCGTCGGTGGCCCCGCTGATCGACCGCCTTGTTCTTCTATCCCCCAACTACTTTCCCAAAAACCCCATGGCCGCGGCAGCCCTGTGGCCGCCCTCATTTCGGATCATGGAGCAGTTTTACGGCGGATGGCGAAGTTTCAGCATCGCCAATGACAGGCATGCCCGCTACTGGACCGTGCGATACCCGCTGAAGGCCATTGCCGTCATGATGCAGCTGGTTCGCCGCTCCTGGCAGGTTGACCTGAAAAACGCCGCCATGCCCGTGCTGATGATGGTCAACCCCTGGGACCGGGTGGTCAACGTCACCCTGGCCGTCGTACGCTACCGGGCCTTTCCGTCCGCGCAGAAAAAGCTGGTGCTGTTCAGGAAAAACAGGGATCTGGGCCGCCACGTGCTGGCCGGCGACATCCTGGCCACGCAGGCCACCGCAAAGGCGTTCGCCATCATAAACACCTTCCTTAACGAACACAGGCCGCAGGAATGAAACACCCCCGAGGAGGAAACCATCGACCGGTTGCATAAATCCAGCCTGCACTTATTGTTGTGGAATAAGTGTTGAGAACCCGTCATCCGTGAAAGGAATACCATGGCCGACACCAACGACACCCACCTCAAATCGGTGGGCTACATTCTCTGGATCTTCGGATTCACCGGGGCCCACCGGTTTTATTTCGGCAAGCCCATTTCCGGCACCATCTACTTTTTCACCCTCGGCCTGCTGGGCATCGGCTGGCTCATCGACCTGTTTCTGATTCCCTCGCTGGACCGGCAGGCGAGCATCCGGTTCCGCAGCGGCCGCGTCGACTACACGCTCGTATGGGTGCTGCTCACCTTCCTGGGATTGCTGGGCATCCACCGCATGGCCATGGGCAAATGGCCGACCGGCATCCTTTACCTGCTGACCGGCGGCATCTTCGGGCTGGGCTACCTTTATGATTTCTGGACGCTCAACGACCAGATCACGGTGATCAACGGATCTTAGGGACCGGGCGTCCCCAGCGACCGGCCGCCCCTGAAAAAAGCGCTGCCGCCCAGCGCGTTCATCTGCTGGCGAATCTGCCAGGTCCGCCGTTTCACATAGTCGGAGGGCCGGTCGGCACGCATGCGTCTGGGGCTGGGCAGCACCGCCGCCAGGGTGGCGGCTTCGCGGCGATTCAACCGGGACGCCGGTTTGTGGAAAAACCGCCGCCCGGCGGCTTCAACGCCGAACACACCGGTGCCCATTTCGGCAATGTTGAGATAGACTTCCAGGATTCGCCGCTTGGACCATGATATTTCCATGAGCAGGGTAAAATAAACCTCCACGCCTTTCCTGACATAGCTGCGTCCCGGCCACAAAAACAGATTCTTGGCCACCTGCTGGCTGATGGTGCTGGCCCCGCGGGGACGGCTGCGGGCACGGTTGTCCCGGATGGCATCGGCAATGGCCTTGACGTCCAGCCCCCAGTGATCGAAAAAATTCTGATCTTCGGAAGCAATCACGGCCAGGGCCGCGTGGGGAGAGATCCGGTCCAGGGGTACCCACCGGTAGTCCACCCGGGTGCCCGACAGGCGCTGCTGAAGCATGAACGCGCTGGTGGGCGGGGCCACCCACCGGAAAAGAAGGGTCATTGCGATGGTGCCCGCCAGCACGAGGGCCGCTGTTTTCCGCAGCAGCCCCATGAGCCTGCGACCCCAGCTTTTTTTGGGTCTTTTTCGCCTGGCCATGGGTGGTTCACACCGTTTCCGTCATTCCGGACCAATGCATGGGCCGTCTGCCGGTTGATTCAGTTCAGGTTGAAGAAAGTCGAGGCATTCAGGTAAAAAAGTTTCTCGCGCAGGGCCTCCGGCAGGTCATCACGGTGTCGACAGCGCACGGCGTCTTCAAAAAACATGCTGCCCGAGTCCGTGTTGCACATGATGCGGTCGACCTGATCGGCATGGATCGAAACGATACGCGTCATCTCCGGCCACGCGGTTTTGGCCGGGCTCAGGGTGACCCCCGCCCAGAAACCGGCCTCGAGTACCGCCCCGATGGTTTCGACCGTGCAGTGATCGACGACCAGCCCCGGACGCAGCTCCGGAAATCGATCCAGGATCTCCAGGATGACTGCGGTAATCCGGCGTTTATCGGACCGGGGG
NZ_AP021874.1_gap61	2682053	2686258	4205	CCAGATCGAGCAAGTGATTATGAACCTGGCGCTGAACGCCGCAGACGCCATGCCTGAAGGGGGAAAATTGACCATTGAAACGGCGCTGGCGGAATTGGATGAGACCTATACGTCGACGCATCCTGTCGTCAATCAGGGCGAATATGTCATCCTGAGTTTCAGTGATACCGGACACGGAATGGATGAAGGCACCCGTCTAAAAATTTTCGAGCCATTTTTTTCAACCAAGGGAAAACAGGGAACGGGTCTGGGGCTCGCAACGGTTTACGGAATCGTCAAGCAGCACCACGGCAACATCTGGGTCTACAGCGAACCCGGCAACGGCTCGATCTTTAAGATTTACCTGCCAACGACCCAAAAACAGCCGATGGTGACACCCACGGACAAAAAACCGAGTTCCGGGTTAACGGGCTCGGAAACGATTTTGCTGGTGGAAGACGATACACAGGTGCGTGACCTTGCCCATGAAATCCTTACCAATCATGGATATACGATTTTACAGGCTCAAAATGGAAAAGAGGCATTGAACGTCTGCAGGTCACATGAAGGCCCGATAGATTTGTTGATCACGGATGTGGTGATGCCGGGAATGAACGGAAAAGAGCTTTTTTCCATTTTGACAAAAAAGCATCCGGACGTCCAGGTGATCTACATGTCCGGCTATACGGAAAACATTGTCTCCCATAATGGCGTGCTCGATGAAGGTTTGCAATTCATCCAAAAGCCGTTCACCGTTTTCAATTTAACGGCCAAAGTACGTCAGGCCCTTGCCGGGTAGGCCGTGATGGTCATTTAGGACAACTGAACACGCCCAATACCAGGATACCAGAATCCTCCCAATCCCCTCTCCCTTGAAAATCTTTACCCAATCTTTACCTTAACGTTACACATCCCTTGGCGGGATGTCTTATTGTCTGTTCGTCACCCAATGGATACAGACAGACGGGCAGGAGGTGTGAAATGAAAAAAATGATTATTGCATCACTGGTACTGGCAGCGGTGCTTATCGGTTATCAGCAGGTCAGAAGCATGGATGACAAGATGGAGAAACCCATGGATAAAATGGCTGAACACACGCTATCGGCCGTCTTTGCCGGCGGCTGTTTCTGGTGCACCGAATCGGATTTCGAACAGGTGGACGGCGTTCTCCAGGTGGTGTCGGGCTACACCGGCGGACGAATGGAAAACCCGACCTATAAGCAGGTATCGGCCGGCGGGACCGGCCATGTCGAGGCCGTTAAAGTAATTTACGACCCGACCCGGATATCCTACGACCAACTGCTGGCGGTCTTCTGGCGCCACGTGGACCCCACCGATGCCGGCGGCCAGTTTGTGGATCGGGGCGATCAGTACCGCAGTGTCATTTTCTACGCTACCGATGAAGAGCGCCAGATGGCAGAAGCGTCCAAGCGAGCCCTGGATGCATCCGGCCGCTTCGATCGGCCGGTGGTGACCGACATTCTCCCGCTGGGCACGTTCTACGAGGCCGAAGCGTACCACCAGGATTATTACAAGAAAAATGCGCTGCGCTACAAATGGTACCGATCCGGCTCGGGAAGGGACCGGTTTCTTGAGATGACCTGGGCCAGGGAGGAAATGAACATGGAGAAAAAGATGTCTTCCCCGGGGGCGGCGGTGCAAAAATCCGAGCCCCCCTATGACATCCCCCCGGATGAAACGCTCAAAAAAACCCTGACCCCGGAGCAGTACCGGGTGGCCAGGGAAGACGGCACCGAGCCGCCCTTCAATAACGAATTCTGGGACAACCACGAACCGGGCATTTATGTGGATGTCGTATCCGGGGAACCGTTGTTCAGCTCCACCGACAAATTCGATTCGGGAACCGGCTGGCCCAGCTTCACGCGTCCGCTGAATCCGAAGAACGTGGTGGAGAAAAAAGATTCCAGCTTTTTCATGGTACGCACCGAGGTGCGCAGCAAGCACGCCGACTCCCATCTGGGACATGTCTTTGAAGACGGCCCCGACCCCACCGGACTTCGCTACTGCATCAACTCGGCGTCCCTGAAGTTCATTCCCGCCGATGAGCTGGATCAATCCGGTTATGGCCGCTACCGGAAGCTGTTCGACGAATAGAGGGATTGGGACCTGGTTTGTGGTTGGTTGTTTGTGGTTGGTGTTGGTGGTTTCAGTGCTCGGGGATGTGGGATATGGGTTCGGGGTTCGACATCGGCCCTCAATCCCTCAATCCCCAAATTCCTTAATTCATCCTTCGTCCCTCGCCTCTCGTCTCTGGTTGCTGGTCGCCACTCAAAGCCACAGACCAGAAACCACAAACGACAAGCCGGGCTTTAACCGGCGTTCCGGCCCAGTTCCAGCCCCAGTTCCAGGGCCTGGTGGTTCATCTCCAGAAAACCCGACGGGATGCGCTGCTCCAGAACCTTCATGATCGACGCCGGCTGCACCAGGCCGGTCATCCCCACCACCGCCCCCAGCATGCAGATGTTGAACACGATCGGCTTGCCGATCCGGTCCATGACCGTCTCGTACATGGGCAGCTGACGCTGGCGGGCGTCCACCTTCAGCTGCGGCCGGACGAAACGCGTGTCCATGATCAAAAGACCTCCGGGGCGGATGATGTCGTAAAACGTGTTGTACGACTCCTGGGTCAGGCACACCAGCACGTTGGGCTGGATCACCTTGGGAAAGTTGATCTGGGTGTCAGAGATGATCACGTCGGAGCGCGTCGCGCCCCCGCGCGCCGCGGCACCGTAAGCCTGCGTCTGAACCGCCGTCAGATCTTCGTGAAGCACCGCCGACTCGGCAAGGATGATCGCCGCCGTGATCACCCCCTGGCCGCCAGACCCCGAAAATACCATTCTGCATCGTTCCATCTATCGTCCCCCCATGGCCCGCTCGATGATCCGGTTGTACTCGCTGCAGTACTCGGGCTTGTCCGTCTGTACGAATATACCCCGCTCGATCAGATCCGGGTTCTCCGCCTTTTTCTTCGAGCCGATGGGCACCGTCATCTCCTTCATGCGCGTCATCATGTCCACGGCGCTGCCCAGCCGGTTCTTGCGTCCGAAGTAGGTCGGGCACTGGCTCATCACCTCCACCACCGAAAACCCCTCGTGCAGCACCGCGCTGCGGATGATGTCCGCCATCTGCTGCACGTGGTAGGTCGTGGTGCGCGCAACGAACGTCGCACCGGCCGCCCGGGCCATCTCCACCACGTCGAAACCCTGGTCGATGTTGCTGTACGGCGCCGTCGTCGCCATCATCCCCGGGCCCGTCAGCGGACTGTACTGGCCCCCGGTCATCCCGTAGATGCGGTTGTTCATCACGATGGCCGTGATGTCGATGTTGCGCCGCGCCGCGTGGATGAAGTGGTTGCCACCGATGGACAGCGCGTCCCCGTCGCCCATGGGAACGATCACGTTCAGCTCCGGCTTGCTCAGCTTCACACCCGTGGCGAACGCCAGGGCCCGACCGTGGATCGTGTGCAGGGTGTGAAAATCCATGTACCCCGAAATGCGCGACGAGCAACCGATGCCCGACACCATCACGATCTCGTTGCGGCTCATCCCCAGCCGCTCCACCGCGCGGATCAGGCCGTTGAGGACGATCCCGTGACCGCAGCCCGGACACCACAGGTGGGGAAAAAACCGCTCCCGGATATAGTCGTTGACTGCCATCTTAGACCCCCTTGCCCTTGATCAGGCGAAGTATGTTCTTGATGTCCGTGGGCGTGATGAACGCGCCGTCGATTCGGTTGGCCAGAAACACCCGCTCCGGGTGGTCCACCGTGGTCTTGACCATCTGGCACACCTGCCCCATGTTCATCTCCACCACCACCGTGGTCCTGGCCGCGTTGCAGTACTGGCGGATGACCTCCGCCGGAAACGGCCACAGCGTCTGCAGTTCCAGAAGGCCGATCTTCTCTCCGCGCGGCCGCAGGCTCTCCACGATGTGCAGCGCACTGCGCGCTGACGAACCGAACGACACCAGCACCGTCTCCGCGTCCTCCAGGTAAAACGTCTTGTAGCGCGCCATCTGGGCCGCGTTGTTCTCGATCTTGTCCACCAGGTGACGCAGCAGCCCGTGAACGATCTTGGGGTTGTCCGACGGAAACCCCCACATGTCGTGCACCAGACCGGTCACGTTGTAGCGGTGAACCCCGCCGAAGTCGCTCATGGGCAGCCGCCCGTCTTCGCGCGGCAGGTAGGGATGGTAGTCCACCCCCC
NZ_AP021874.1_gap62	2851316	2852897	1581	CCGTGGACTTCGCTCATCACGAAATCGAAATAGCCCATCCCTTCGGGGCGATCTTTCTGTGCCAGATAAATGTCCTGATACGCTTGCCCCAGAACACCTAAAAGCGCGTCGTGAGCCTCAAGGTCGAGGCCCAATTCGGTCCACATCGAACGATAGTCTTCACTCATGAGTTACTCCTCATTGTCTTTAAAAACCGATTCAGGTTGAAAACAGGCGCGCCAGGCGCAACAGCGCGCCACTGAAGACAGATTGCCGTCGGCCGAGAAACGCGTTGTCCGCCCGGTCCACCAGTTCTGGCCGTTCTTGCAGGACCAGCCTGGCCGCCATCTCGGCTGCCTGGGCCGTCAAATCGGCACACTGCCGGAAATGGGCCTTGTTGTCATGCCTGACCGTTCTGGACAACACCCGGCAGCAGGTGGCGCCGTTGGCGCTTTTAAACGCATCGTGCAACTGGCGGGCGCTGTCACGCATATCCCGGCGCCGCCGATAGGGATGCGCGTTTCCCAGGAGCAGCCCGGCCGCCATCACGGCTCCGCTGAGCGCCCCGCACAGGCAGCCGCTCTCCCCCAGGGCCACTGAAAACGGGGCGGCCATCGCCATGGCCTGCGCATCGGTCAATCCGCCGTGCAGGCCGTGGTTCATCGCCGCAACCACCGACTCCGTGCACAGCATCTGCCGGGTCTCATATAAATTGCGGGCGCGCTCCCGGATACTTGCAATCAGGGCGTCGGCATCGGGCTCTGATTTTTCTCTCTGATCATTCATGCAAATTTTCACTCATTTATGAAGTGCGTGTCAGCCCGGAAATGGTAGCTTGGGGTTCAGATCAAGGCCGCAGCTTTTTGGAAACCACAGGCGTAGCTGCGCTACGTCGAGGATTTCCAAAAAGCGAGAACGCAGATCTGGACCCCGAGATGCCGTTTCCAGTTGTCTATTCGACTTTTTCCAGCGGGTACTTAGCCCCCTTCCAGGCAAAAACGCCACCCGAATAGCGGTAGACGTTCCTGTAGCCCAGCTTGACTGCCCATGCTGCACCGTTGTGGCTTCGGGTACACTTGACGAAACCGCAGTAAATAACGACGGTCTTGTCTTTATCGCTTCCCAGCATGCGGATGAAATCCTCCCGGGTCTTGCCGTCGGTCTCCTTCGTGTCCCAGGCATTCATGTCCGGGATGGGAAACAGAAACTGAAGGGCACCGGGCACGTGATTCTTTTTGTAACTGGCTTCGTAGGGCATGGTGTCGACGATCACCATATCTTTTCCGCTGTCCATCCATTGCCTGAGCTCTTCGGTGGTCACCAGATCATAGTCGCCGCGCTGTACTTCTCTGACGAGCTTGACCGCCCCGATCTCCTTTTCGACTTCTTTTTCGAATTTGTTGCCGAGCAACGCCATCGCAGGATCGGTCAGGCCAAAAACAAGGACCCCGACCATTGTCAGTTTCAGCACCCATTTTCCCATACGCATTCTCAACTCTCCTCATTTTTTAACGTTGGCATGATGTTTATTTTCGCGAATCGGCCATTGACCAACCGCCTGATCGTCCGGGGCCTGACATCACAATATCGGCGCCATCCATA
NZ_AP021874.1_gap63	2915222	2915984	762	CGTCCAGTTCGAAGGCACTGGATGCAAATACGCCATCGCCGCTGGCAGTGCCAGCGGGGAGCTCCGTCAAAGACAGCCGCTGCCCCCAGCGCAGCCGCTGTGAATCCGCCACGATGCGGCCCTGCCGGTCCAGAACCATGGTGAACAGGCCGGCTTCCAGCGGCAGGTGGCTGATGAATTCGGAAAACCGGTCCAGTGTGATTTCGCCGATGACCGCGCTGCCTGACAATGGGATGGTCAGCGCCACCGCCAACCGGCTGCTGGCAGTGGAAAGAAATGTTTCCGACCAGGCGGGCTTTCCCTGATGATGGGCCGGGTTCAGAAAGCCTCGACCGGAAAGATCCATGCCCAGCAGGTCATCGCGCTTTGACCGGCGCAGGAGGGCAAGACCGACGCTGTAAATGGTTTCATCCCGGTGGGAGGCAAGGTAGATGGTCTCGAAGATTTCACCGTTGCCGCATTGGGCATCCAGCAGGGCCGTCAACTGGGATGGCCGCTGGGGCCCCCGGGACTCCACGAAGTCGGCCAGGGCAGCCAGCTGACGCTCGCCGCCTTTCAGGTGGTCCGATACCTGGCCGGCTATGGCCCGGGCCAGGCCTTGATGCTGAACACCGATATTGGCGCGCATCTGGGGCATCAGGAACTGCCACACGAGAGCGGCGATAATCACCACCGGCAGGGCGGCCACCAATGCAAACTGCAGAGACAGATAGCGGCGAAGCGACATCGGTGATTTCATGATATTACTCCAGGACAACAAAC
NZ_AP021874.1_gap64	2917170	2921265	4095	CGATAAGTGTGACGGATCGTGTAAAGAACGTAACGGCTTCCGTTGCAGACGCATTTGTGTTATGCGGCAACGATTGACCCAAGATCCTAAAAGTCTGTATTAAACCATTCCGGCATCATATCGCATACTGATGGCGACCGCGGTCGTCACGTGCGGGTTAAACGTCCCGATTGGAAATATCCCATAGACGTCATCTATTGTGGCGTGGTAGCCATCAGTCTAATGTATATTTTACCCGAGCGCAAGTCGTTTGCGGACGGTACCGGAGCCGTATCTCAACACCTCTCAGGATAGGAAATCCAATGACTGAAACGGAAGATGTGTCCATAGCTGCAGCGACAGAAAAAGATATCGACGGTCTGGCCCGGCTGATCCGAACCAGCTTTGCCGATGTGTCCCGGCGGTTCGGGTTGACACCGGAAAACTGCCCCAGACACCCGTCCAATTGCACCCATGAATGGATTCAGGGCGACCTGGAGCGGGGGGTGCATTACTTTATCCTGTCGGTCGCGGGTGAGGCCGTCGGCTGCGTCGGCGTGGAACAGGCATCGCCAGCCACCTGTTACATGGAACGGCTGGCGGTATCTCCAGAACATCGAGGCTGCGGGTACGGGACCCGCCTGGCCCGCCACGCCGTGAGCCGGGCGAAAAAAATGGGCGCCGCCTATGTCGGCATCGGGATCATCGCCGCCGATACCGGTTTGAAAAATTTCTACGAGGCACTGGGCTTTGAAGCGGGGGAAACCAAAACCTTTGCGCACCTGCCCTTTGAGGTGGCTTTCATGACTATTTTGGTGTAAATCAGGCCGGGAGTGACAAGAGCACCTGTATGGAAAAGGAATGGGGGCTATCCGACACGCTGGCCTTGACTCGCATCCATGATGCCGGGGGACATCGTTCGAATGGAAAACAGCCCCGACCCGATTGAACACACGCCAAAGGACGGACATGTCATCTTCAGCAATCCCCCCGGTGGTCATCAGCGGCAGCGGCCTGTGGACCCCGGAGCATATCATTACCAACCATGAACTGGTCGCATCTTACAATGAATGGGCCAACAGGTACAATGAGCACCATGCCCGGGCCATCGCGGCAGGTGAACGGGAAGCAAAGCCGCTGGGCTCGGTTGAATTTATCGAAAAGGCCTCCGGCATCAAGCAGCGCTATGCCTACATCAAAGACGGGATCCTGGACGTGGACCGCATGCGGCCGGCCATCCCGGAGCGGCCGGAGGACGCCCTTTCCGACCAGGCCGAAATAGCCTTACACGCCGCCCGCCGGGCCATGGACGCCGCCGGCAAGACAGCTGCCGACGTCGATGCGGTCATCGTCTCCTGTGCCTACACCCAGCGCGCCTACCCCGCCATCGCCATCGAGGTGCAGAATGCCCTGGGCATCGAGGGATTCGGCTTTGACATGCTGGTGGCCTGTTCGGCTGCGACGTTTGCGCTGCACCGCGCCCATGAGATGGTGGCGGCGGGAACGGCACGCTGCGTGCTGACCATCAACCCGGAACTGACCTCGCCCCAGGTCAACTACCGCGACCGGGACAGCCATTTCATTTTCGGGGACGTGGCCACGGCAACCATTGTGGAAAGGACCGATACCTGCACGGCGCAGCAGCGCTATGCCATCCTCGGCACCCGTGCCCAAACCCGGTTTTCCAGCCACGTACGCTCCAACTTCGGCTATGTCAGCCGGGCCAACGATGCAGACCCCTTCGGCGTCGATAAGCTCTTTCACCAGAACGGTCGCCGGGTGTTCAAGGAAGTCTGCCCCCTGGCCATCCGGCACATGGCCGCCCATGTCGCCGACCACGGGCTGGAGATATCCGACATCAGACGCTGGTGGCTTCACCAGGCCAATATCAACATGAACCTGCTGATCTCCGGCAAACTGCTGGGGCGCGAGGCCACCTTCGATGAAGCGCCCATCGTGCTGGACCGCTATGCCAACACCGCATCGGCCGGTTCATTGATCGCCTTTCACCTCTACCACCAGGATCTTGAACCCGGTGATATCGGCGTGATCTGCTCCTTCGGTGCGGGCTATTCCATCGGCAGCCTGGTGGTTCGGAAAACCGAACGGTAGCACGCCGAAGCAATGGCGGTCCGTTTTTTTAAATCGTCATGGTTGATCCGGGGAAAAAAAGGCCGTTACGAATCCTTGGCATGGCCCTTATGGCCGTGTCCGTGCTCCTCCTGTCCGCCTGCGGTGTGGTGAAAACCACTTACCGGCTGACCAGGGGAACGCTCGTCATGGCCTATAAGGTCACCCGATTCGCCGGCAGCACGGTCTATACCGTGGGCGAGTTCACCTTCGACGTGGTCACGGCACCGTTTTCCTGGCCCCTGACCCATGAGGACATCGACACCATCGACGGCCTGTCCCCCAAGGAGGCCATTGCCCAGGGCCGCGTCAAGGCGTCACCCTACGTCGTCCGGGGCAGGCGCTATGTCCCCATGACGACGGCCCAGGCGGCAACCTACCGTGAAGAAGGCATCGCATCCTGGTACGGGGATGAAACCTACCGCCAGCGGGGCGGGCACATGACCGCCAACGGAGAGGCCTTCGATCCCGACGGCATGAGCGCTGCCCACAAGTACCTGCCCCTGCCGATCTTCGTTCGGGTGACCAACCTGTCCAACCGCCGCCGCATTATCGTGCGCGTCAACGACCGCGGCCCTTTTATCGAAGGGCGGATGATCGATCTGAGCGCGGGGGCGGCCAGACGGCTGGGGTTTTACAAGCATGGCACGGCCCGGGTCCTCGTGGAGACGGTCCATCTGGAGGGCTGACGGCCTCGGGGCCTCGCACCATTCGATTGCCTTGAAATCACCGGGCATTGTTGTTAAAAAGAATCAGCGCCCAGCCTTTCCCAACCATTGCACATGCCATGGCGTTCAATGTCTCTCCTTTTCTCCGGGCCCTCAAGAAGGCATTGCCCATGGGGCCCGCCAGGAAAATGGATGGGATTGGATCCACTTCCCCATTGCGCGATGGGCCTCCTTCGGGTGCGTGCCGCCAACCCCCTTGAGGAAAAGACATGGACATCGAAACCTACATGACCGACCGGGTCGACGATCAGCTCAAGTACTATGAAAATGCCGCCACCAGGGCCAAAAACACCCACGTGAGAACCCAGGCCGCCATCATCATCCTGGGCCTGCTGGTGCCGGTGGTGACCAACCTGCCATCGAGTTGGGGACCGTCGATCGACATTGGCCCGCAGATAAAAATCGCCGTCACGATCCTCTCCCTGACCCTGGCCATCCTCACCGGCCTGGCCAATTTCCGCAAACCCGGCGACCTGTGGCTCACCTACCGCATGACCGAAGAACTCCTCAAGCACGAAAAGTTCCTCTTCATCACCGGCAGCGGCCCCTACTTCAACAGTGAAAAAGCCGGCCACGACTTCGTGGAGAGCATCGAATCGATCATTTCGGCGGAGCACAACAAGTTTCGAACCATCGTCGACACCACCCGGCGCGCCACCGACGGCCGGGTGGAAGCCGGCCAGAAAACGGAAGGGGAATCGCCCGATCGCTGATCGCGGAAGAACAGGGCCGGCGGGGAAGGTCGACCGCAGGAAAGGAATTCGATCAAACCGGCGGGTTGCGGCGGGCAATGGCTTGACACACCGAGGCGATGAGCCGGATCTGGGGTACAATGCTGCTCAATTCCACATACTCGTCACGGCGGTGCGCATTGGCGCCGACCAGGCCCATGCCGTCGACGGTGGGAACGCCCTGGGCGGAAGTAAAATTGCCGTCCGAACATCCGCCGGTGGAGATGCACGCGATATCCAGCCCCATGGTTGCCGCCTCGGCCTCAAACTGACGCCACAACTGCAGGGCCCGGTGGTCCGACTCCATGGGCGGCCGGCCGACGCCACCGCTCACGGACAGCGTGACGCCCGGCACATGGGTGTGCGCCGGCAGGGAGTTGAAAAACGCCTCGACCGGCGCCACGTCGATTTTGCGGGCCACGCGCACGTCGACGGATGCCTGCGCCTCGTCCGGAATGATGTTGGTCTTCTCACCGCCGCGAATGACGGTCACGTGGGCCGACGTGCCCTCGGGGGCCTGATCGTTG
NZ_AP021874.1_gap65	2995653	2996792	1139	CGGGTGCACACCAGCCCGCAGACCCAGGGGAAGGGATTGTCCTGGCGGATCACTTCGATGGCTTCGGCGTCCCGGCCCTCGCCGATAAGCGTTACATAGGTGGGTACGTCGATACCCGCCGGACAGGCCATCTGGCATGGCGCCGGCGTCAGCCATTCACAGGTCTCCGTGGGGCAGTTGTGGGTCTTCACATGGCTTTCGAAGACTTCTCCGTGGGTTTCCATGATCCCGTGAAGATGCTGCCCCAGCCGTTGCCCCTCGGGCGCATGTTCATCGTCCAGCAGGTCCCGGATCAACGCCCGGACGGCCGGCAGATGATCATCACCGGCACGGCCCCAGGCCACGTCATCCAGAAGGCTGTGAATTTCTTCGGCGATACGGCGGCTTTTCGGGTGCGACAAACCACCCTTGCCGATGACACCATCGATATGGTGAATGCTTTCCGTGACCGGACATTGGCTTAGCGACATGAATGACCTCTTGCCCACCCGCATGCTCCCTGCCGCCGTCGCTCCCCCTGGCCGGCATTCAACAATCGGTATCAACGTGCCCTGGCCACGGTAGGAGTGATCCCCCCGGGAAAAGCCCGGAGGGATCTGGAGGAAGGGGTATGGGTGTTGGAAACATCTTTATGGTAAATAAAAGTATACCCGAAATACGAATTTCCATAGCCCGCCCGCATCACAGGTTTCACCCGTGGGGGTGTGAAAGCGGGGCCGGGCCGCTGCCTCAGAAGGCGCTGTGCTCGAGCGAGGCCACGGTCTGGGCATGTCGCTCCCGGCGAATCTGAGTCATATCTTCCACCGTGCCGAATTTCAGGCAGTGGGTGGTACAGGTGGTCACGCACGCGGGATCCAGTCCCTGATCCACGCGGTCTTTGCAGTAATCGCACTTGACCACCTTGCCCGTTTCCGGATTCCACTGGGGGGCCCCCCAGGGGCATGCGGAAATACAGGTTTTACAGCCCACGCAAAGGCTGTGATCTACAAAAACAATGCCGTCACTGCTGCGCTGCTGCATGGCGCCGGTGGGGCAGGCAGCCACGCACCAGGGATTTTCACAGTGAAAGCAGGGCATGAAAATATAGGCGGCCCGGGGAAGTCCGCCGATCATTTTGGGTCCCACCTGGATAATCTGGC
NZ_AP021874.1_gap66	3145215	3148380	3165	TCTCGTTGTGGCTGTAGACGGAAAATCCGGCCACGGTCTCGCCGTCGTTTTCGATGGCCATGTATCCGCGAATGGTGCCCCACAGGCCGCGGGAATCGACCGGAAGGATGTAGGCGGCCGGCTCGCTGTCCTTGACGTAGAAACAGACCGGCAGCGCATCAGCATCCGCCTGGCCCGCGACGATCCGTCCGGTGCCGTCCACGGCGTAGCAGCGGATATTGTTCCGGTAGGACTGTTCGATCTGCGCCGCGGTCGAGGGGCCAACGGGATCGACCAGCCCTACGGACATCAGAATATTTTTCTGCCGGTCCAGGGCCACGTTGCGCATTTTGCGCTCCTTGAGGCCGGTGGCGGCGCCGGTGAGCAGCAGGCTGCAGACCAGGGCAACCAGGGCGGAGAAACCGATGGATTTCAACTGATCAGACATTGGGCACCCTTTTTCTCAGCCGCGCCTTGATGACGAAATGATCCATCAGCGGTGCAAAAAGATTCATGAACAAGATGGCCAGCATCACCCCTTCCGGATAGGCCGGGTTGAACACCCGGATGGCCACGGTCAGCGCACCGATGGCAAATCCATACAGCCACCGGGAGAGGTTCATGCCCGGGCCCGAGACCGGATCAGTGGCCATATAGACAATGCCGAAAGCAAAGCTGCCCATGACCAGGTGCCAGGCCGGATGCACGGAAAACATGCGGGCCGCCTCACCACCGGAGGAAAGGTTGATCAGATATCCCGGATAGGCCACCGCCAGCACCCCGAGGATGCCGCCGACCATGATGCGGTAATTGCCCACCCCGGTCACCACCAGGAATCCGGCGCCGAGCAGGCACATGAGGGCCGAGGTCTCGCAGGCACTGCCGGGAAGGTTGCCGATAAAAAGCCGCCCGAAGGTGTATCCGGCGTCATTCAGGATGCGGGAGGCCGCCTCTCCGGAAGCGGCCAGGGGCAAAAGGGCCAGCGGGGTGGCCGCCGTTACGGCATCCACCGCCTGCCGGCCGGTCTGTTCAACCAGGGTCCAGACCCGGTCGCCGGACATGTTGGCCGGATAGGCGAAAAAGAGAAAGGCCCGCGCGGTCAGCGCCGGATTGAGAATATTCCTGCCCGTGCCCCCAAAAATTTCCTTGCCGATCACCACGCCGAAGGAGATCCCCACGGCCACCTGCCACAAGGGGGTGGTGGGCGGCAGGGTCATGGGAAACAGCAGGCCGGTGACCAGGAAGCCCTCGCTGATAGTGTGCCCCCGAACCGAAGCGAACAGAAGTTCCCAGAACAGGCCCACGGCGTAGGAGACCATGAGCATGGGCAGCACCACCCACGCCCCCCGCACCATCGCCGGCACCAGGCCCACATCCAGCCCCGAAGCCAGCCCGGTCTGGTAGCCGGTGTTGTACATGCCATAAAAAAAGGGCGGCATCAGCGAAATGATAACAAAGGTCATGAACCGCTTCAGGTCCAGGCTGTCCCGCACATGGGCGTCGGCCGTGGTGGTCAGTGCAGGGGCGAAGGCGACCGTTTCGATGGCATCGAACAGGGGGTGCAGCTTTTCCAGTCGCCCGCCGGATTCAAAGTGCGGCCGGGTGGTGTTGAACAGGCGTTTAAGGGCTTTCATGTTTTAGTGTCTACCTATAAAGACAAGTTGGATTCTTGTAAAAACAACAGGGCATGGATTCAATACGAAGGCCAAATGTCAAAGCGCAAATGCCAATAGAAGGATATGCGGGCCGATTTCATTGAAAACAGGCAGTATTCCTTCATTTGACATTTAGCATTTGGCCTTTGACATTCATGTGCAGATGTATTGTTTTCCCTCAACCCGCAGTCTCGGCAATCAGGCGATCTCCTTATAGTATTGGGCTTTTGCCTTCCGGAACACCTCGCGCAGCTCAATCTTGGACGGGCAGGCATAGGTACACAAACCGCATTCGGCACAATCCAGCAGGCCATGGGCGAGGGCCTCTTCCACCTCGTCGGCCACCAGGCACTTCATGGTGAACTGGGGCAGAATGTCCACCGGGCAGATCCGGGCACAGGTGCCGCAGTTGACGCAGGCCCGCACCTCCCCGTGCTGGCCGCAGTCCATGGGAAAAGGCCTGCGGCGGAAGGCGGACAGGAAGGCCGTGGAGTAACTGGGTTTGCTGAAGCCCGGACGGATGAAACCGAAAGGCTCTTCCCGGTCTCCGTCATCGACCAGATTCAGGGCATTCTGGTAAAACCCCATGAAACTGTCGACACCGCCGGTAAGGCCGGTAAACACCCCGCCCACGATATACCGGGCATCCGGCACCCCGAGAGCACCCCCACCGCCCAGCAGCCGCAGCGGCACACCGGCACGGGTCGAGACATGTCCACCGGCGGGCGCCAGGCTCCCGCCCACCGACATGATCCGCTGAACGGGATAGCGGCCGGTCCTCAAAAATTCACCGAGCAGGATCACGTCCTGGCCGTCGATAAACCAGGAGCGATTCTGCTGCGCACCGGTTTTGGTCCGGTACAGTTGAACACCGGGGTTCCCGGACGGATAGCAACCGGAAAAACGCCGGACAGCCGTCTGGTCGGGCAGGACCGCCAGGACCGCCTCGTCACCGGTATGGTTGACGATCACCTGGTCGCACAATCGGGTGAGCAGTTCGAGTCCCGAGCCGAAGCATTCTTCCCTGCCCTGGAGGTAAACGGCCGGGTCGGGTGCAAACGGCTCGTCGTCGCCCAGGCGAACCAGGATAGCCGGCGGCGGCGTGTCCTGGTCGGCCAGATCCATGAAGGGCAGGACTCTGAAAAACGGCCACATCCCGCCGGCAAGCAGGATGCCCACCAGTGCCTCCCGCGAAACGGCGCTCAACTTATCGGCTCCGGGCACTTCGAAAGAGGCCATGGGTTCATCGCTGTCCAGGGCGATAATGATCTGCCGGATGACCCGCCGGGGGCCGAATACGATGCGGGTCACCTGGCCGCCGCCGGGCGAGAGAAACCGGACGCGGGTATTGCGCTTGTCCTCGAAAAGAGGGGAGCCAATGGCTACCGAATCCCCCTCCTGGACCAGAAGCCGGGGCTTGATGAAGGGGATCTGTTCGGGGACCATGCCCACATGTCGCGGGGCATCCAGCAGGCGAAGCTGTCGGCTGGGAGCACCGGCAATCGATGGTGAAAATCCCTTTTTCAGGTGT
NZ_AP021874.1_gap67	3260170	3262242	2072	CGATGGACGCAGGCCGCAACTGGCAGTCACCTGGATTTGCGCAGGCGGACACCCATCCCGCCACCTGCATATCGTGGAATGACGCCCAGTCCTATGTCAATTGGCTCGCTGAAACCACCGGCCGGGCCTATCGGCTGCTCAGTGCCTCGGAATGGGAATATGCCGCACTGGCCGGCATGGCGCCCGTGGGTGCTTCAGCGACAGAACCGGATCGGGCCTGTGAAACAGCCAATGTGGCCGACCGGTCGACCGCTGCCACCTACCCGGGATGGGATACCATCGACTGCGGGGACAACTATGTGCATACGGCGCCTGTGGGTTCTTTTCAGGCCAACGCCTTTGGCATTCATGACATGATCGGCAATGTATTTGAATGGGTGGCGGATTGCTGGAACGACACCTACACGAATGCACCCTCGGACGGGTCTGCCTGGAGGGACGGAGACTGCGGCTATCGTGTGCTGCGGGGCGGGTCGTGGTTCACGCCTCCCGGATACGTACGCGCCTCCTTTCGCAACCGGTTCGCCCCGGACTACCGAAGCAGCAGCTTCGGTTTTCGCGTGGCCCGGATGCCATGAGCCTGCACGCATACCTGCCGATCCAAGGGAGATAAAATGAAACACGTACATATGTGGATGGTCGTTGTTGTTGCCATGCTTGCCATGACCGGGTGCTCCCACCGCGCCCCGACCATCGCGCATGTCCATATCGGCCACGCCATGACGGGATGGCATGACACGCCCGACAAGCAAGGCCTTTTCATTGTTGCCGAGAATAAAGCCGGAGAAGCCTTTAAATACTCACAGGCCGCGGCAAACGGCAGCCGGGATCTGAATCGAATCAGGAAGAATATCGCCCGTGTCGGCATGTTGACCGATGGCCGGGCTGAGCAGGATGGCGGGGAGGATCAATATGGGGTCAAGCAGGCCCTGGCCGGTGCGGTCAGCCACATCGCCTATGCCGCCACCTCACCCGACGCTACGGCCAATACCAGGGTGTTCGCCGATGGGTTTGCCGCCAACGCCGCCGGCGTATTAGACCGATGCGACCTGATCGCAGCATTGAGCAGTGACATCAGCGCGTCCGGATCGGTTGAAGAAGCCGACCTGCTGGCACCGGAGATCGAAAAGCTGGCCCGTGCCAATCTCCACGGAGAAGATCTGGACGGTGACGGCCACATCGGCTCATATCCTGATGAATATGGATTGCTTCAGCTCCGCCGGGATATTGAAAGCATGATTGCCAGGGAAGATCCGCCTTATGCCACCGTTGGCCGGTGGTACCTGTTCAACCTGATCCGCCTGCCCGACGGCAGTTGGATGTTCCGCAATCGACACAGCAACGATGCTGTCAACCCATATGGCGGCGGGGGTGGCGGGGGTGGCGGCGGCGGGGGATATTAGAAACAGCTTAAGAACCACTCGACCGCTTTCAAAATTCGCTGGCCCGGGTCGTCCATCCGCCTTGAAGCGCCCGTGAGACCCCATTAGGAGCGACGCTTATTTCATGATTCCGTCAGGACACAGATTTCTTGGCACCACCGGCAGGACGGCGGCATTGGTGATCCTGGCCGTATTCTTATGGATCGTCCCGACCAAGGCGGCATGGTCAGCCCAGCAGTGCCTGTCCGCCACCGGTGAGTCAGCCGTTGCCGCCTGCCGCCAGGAATTGCTTGACGATCCTGGAAACGTGGCTGTTCGCATGGCGCTCGCGGAGGCGTTCACCTCCCTGAGGCGCTATGCGGACGCCGTTGCCGTTCTTCGTGAGGGGCTGGAACGCTATCCGGGTGACAACCGGATCAAAAGCCAACTGATCCTTGCAGAAAGCTATTTGAAAGAGCAGCAGTATATCGAAAAACAGCGAAAAAAAACGGCCGCCGCGTCAGGCGACAGGAAACAGGACACCCAGGTCCGGTTGAGCATTATCCGCTGCAAAAAGCTCACGGGGGATTCGGCCATGGCTGCATGCAACCAAGGCCTCACGGTGGCGCCCGGCAATCCCGAATTGTTGACGGGAAGGGGCAATGTCTGGCTGGAAATGGGCCGTTTGGGCAATGCCATTCTCGATTTCGA
NZ_AP021874.1_gap68	3276153	3279697	3544	AGCCACACATCCCCTAATCCAACGGCAATGCCCCGGAATTCCTCGGTCAACCGGGCGGTGCGGTCGATCAGCCGGGCGTGGACCGGACATTTGCCGGTCAGGACCAGCCGCAGGGCCAGCGGCTTGCCGCCGGCCCGGTCCAGCTCACGTTCCATCCCCTGGCGAACCCTGTCGTGAACGCTGTCGAGGGTCTCGCATGGGGTCAGATCCACCTGGCAGAGGGTCCAGCGCAAGACATCGAGTTCGCAGGGTTCAACGGCCGTGATGCGTCCCGCCGCCACCGTCACCAGGGTCGCCCCTTTGGCCCCGGTCTCCCTGATGTGGCGGCCCTGGAGGTTGCCGGGAAAAACAATCCAGGGGTCCCTGGATACGGTTTCACGCTGGTGGACGTGACCCAGGGCCCAGTAATCATAGCCTTTTGCGGTCAGCTCATCCAGGGTACAGGGCGCATAGTCCTCGTGGCCGTCACGCCCCGTCAGGGAGGTGTGCAGCAGGCCGATATTAAAATAACTGGAATCCCTGCGGGGATAATTGAGGGCCAGGTTCTCGGTCACGACCCGCCTGGCATAGCTCTGCCCGTGGATGATGATGCCGAGGTCATCCAGAGGGACCGACTGGGGTTTCCCGGGGGTAAATAAGGTCACATTGTCCGGCAGGGGCATGGCCCGGGTAATCTGGCTGGCTGCATCATGATTGCCGGACACGATGAAGACCTTGATGCCGGCCCTGGCCAGTCGGCCCATGCGGGCGGCAAAAAAGAGGCCGGTGTTGTAATCCTTCCAGTCGCCATCGTACAGGTCGCCGGCAATCAGGATAAAATCGACCGCCTCCTCGATGGCCAGGTCGACCAGGTTGTCGAACGCCCGCCGGGTGGCCCCGCGGATCTCCTCCACAGGCGCATCCTCGTGGACTTCGAGGCCTTTCAGCGGGCTGTCGAGATGGATGTCTGCGGTGTGGATAAATTTAATCATGACGGATCCGTAAAAAGTCCGGGTTCTGCGTTGCGCACCATCCCTCGTCACAGCGGGATGTCATCAATACACCGCATTCCCCGGGGTCCGCAAGCCTTGATCCCCGAATTTTTACGAACCCGTCTGAAGTGAGACGTTTCAATCGTTCATCGATGCTCTATTCAGCTTTTTTACCACCTGCCTGGCCTGCCGGAGGTGCAGCGACAGGTGAAATCCGAACATGCAATTCCATCCATGGGCGTCAAGATCTCCGAAAACCGGGTGTTTTTTACGCGGGGTGCCGCGCAGCCGGGACAGCTGCGAGATCGATTCCAGGTGATCCTCTACGGAATCCCGGAACATCCCGACCTGTTCGATGCCGGGGCGGGCCGACGGCATCACATCATGCGCCGGGTCGATGGGGTCGACAAGGGCCAGGCAGTCCTCCAGCCGGCGACGGATGGTGTTCCCGGCCCGCTGCCTGCTGGTAAACATGAACATTATCCGAACGATCGACTTTATCATGCCCCGCCCTTGGCATACTCCCTTTTTCCTGCGAGACAGCTGGTCCCGACAACAGGCGGTTCCAGCATTGCCCCGCCTCGAGTCCACCGCAATGCCAACCCAAAGAATAGGAATGTTCGGGTTCTTCCGAGGGTTCAGCGCTATAGCCGCGTAAACGATAAACATCTGGATTGGCGTGCGGCCAGATCCCGGCCCGGGTTCCGCCTGCCCAGGCTATGATAATTGATCAATTCATTCAACACGATTCACCAGGCTCCTCGCGGCTTCGAGCCCCCGATAGCATACCGCAACGACTTCTGGCCAAAACGATGCAATATATTGGCACAACGATAATTAAATTCAGCCCCCCCGGACGATCTTACTTCGATGAAATGCCGGGAACCTGACCACTATATCTTAAAGTTGGCGGCAATCATGCCGATAAGAGACTCTGGCATTGTTGATTATAGCGCCCGCCATCGCAAACCCGTAAAAGGAGAAAGACCGATGAAAAAAGGCATTTTGAGCCTGGCAGTGACCATTCTGTTTTTCACTCAAGTCTCCCCATCCTTCGCTGTGGAATCGTTGACATGCTGGTTCCCCCCGGGCTGGAAATCCAAGCCGGGCCAGGCGCAGAATATCGTCAAGGCCTTGTCGGAAAAATCGGAAACGACGATCAATCCGAGAATTGCCAAAAGCTATCCGGAAATTCTGCGGGCGTTTGCATCGGGCAAGCCCAGCCTGGTCTATGTGGGATCTTTCGTACAAACCATCATCCATGCCAGGGACATCGGCGCGCCGCTGGTTCAGAACATCAACGGCAAGGAATTTTATTCAGGGGTGCTGATCTATCCCAAGGGGCAGGATCCGGCTGCGATCTTAAATAATTTTCCCGAAAAAATTGCTTTCGCCGCAGGTGCCAGTTCCGGTGAATCCACAGCCAAGGCCGCTACGAACGGAAAAGCATCCATCAAGACGCCGAATCACGTCGCATCGGTCGGTGCCGTCAAATCCGGCAGGGCCAAGGCCGGTGTGGTCAAAAACTGGTGGTGGGAAGCCAACAACGGCAGATATCCCGGCCTGGAAATGTATGCGATCCCCGGGATTTCAGAACAGAAGAACCCGGACAACGTGCTGACAGCCTCCAAATCGGTCCCGGCCGACGTCCAAAAGAAAATTACCGATGCCGCCCTCCAGAGCAAGGCGTTGTTCGGCGCGACCGAGATGGTCCCCTTCGACACGCACAATATCGAGTTCTCTCTCGATCTGATGGAAAAAGGTAAAATCGACCCCATGACCTACAATTGGAATTAAATTCCAGCTCGTTGCCTGGTTACCGATAAAATGAAAAAAGGTGTTACCATGAAATGGAACACGAGCAGGCTCAACCTAAAAATCATGCTGCGCATCATTGTGCCGCTGGTTTGTATTTTTGCGGGTTTCATATTCCTGATCAACTTCATGCTCCAGCGCCAAATCAATCACCTCTTCACGGCGCAGGTCATCCCTTTGTTTACCACCGAGCTGGAGATGATGAAGACCGGCGTCGATAAAACCCTGGCCGCCCAACTGGAAGCCAGCCGGAACAACCTGCAGGAATCCTATACCAGGCAGATGCTCAATTATGCCATCGCCCTGGGGGAGGCGTCCCTGCCGTTGGTGGAAGCTTTTGATTTTGACGCGATCCATACCCTTGTAGAAAAAGGCCTTTCCCAAAACGCCGACATCGGCTTGATCCGAGTCACCACCGAAAAAGGTTCTGACGACAGCATCCAGGCCGGCGAAATGCCCGAAGCCCCCATTACCGTTTCAAAAGAGATGTCATCGAGTTACGGGTATGTAAAGGTAGAACTTTTCGTGCGCAAGGAGCCCCTGCTGGAGATGATCGAGCAGGCAGAGACCCGCATGGCGGCCATCGGTCAACAGGTGCAGGCTGCCGAGAAAAGCATTGCCGCCAGCATCGCCGACCGGAGCCAGGGCCTGATTGACGCGCTCTTGAAATCCCTCAACACCCGGCTGGCGGTTTCCTTTGCCGGCATCCTCTTTGTTCTGGTGGCGGGGCTGCTGATGTTTCTCAATCGGGCGGTGGT
NZ_AP021874.1_gap69	3307810	3312296	4486	GGTGAATGGCCTGGGCGGCAAGGTCTTTGCCCGTGCCGGTATCCCCGCGGACGAGCACCGTGACATCGGATTGGGCCAGCATGTGGATTTTCTCGAATACCGCCCGCATGGGCCGGCTACGGCCGACCATGCTGCCGGCAGTTTCGGTTCGGCTCACGGCTTCGCTCAGGCGGGCGTTCTCCCTCACCAGCCGGTTTAGCTCCAGCCCCTTTCTGAGCAGGTGGATCAGCCGGTCTTCGTCCACCGGTTTCTGGATCAGATCGTAAGCGCCTTTTTTTATGGCCTCCACGGCTTTTTCAATCGTGCCGTAAGCGGTCATGATGATAACGGTGACGGCCGGATCCAGGGATTTGATCCGTTCGAGCAGCGTGAGGCCGTCCATGTTGGGCATGAGAACATCGGCCAGGACGACATCGACGGCCTCTTTCGACAGGATGTCCAGCGCCTGGAAACCGTTTTCCGCGGTCAGGACGCGGCAGTCGATATCCATGCGGATGGTTCGCCGGAGTCCGTGAACCAGATCGGATTCATCATCGACGACCAGGATGGTGTCGCCTGCCATCACAAAAACCTCCCAGGCGGATGCGTCTGTCGGAGCAGTTCGCAACAATCTGCTCCGGGGGTGTGGATGAGTGCCCGCTTCATCCATCGGTGAAGCGGCCGTTCGACCGGGGTTGCCCCGGACAAAGCAACGGGCGTGCTGTGCGTCAGCTGCCGGTAATCCGCTCGAGCGTCTCCTGCTCGGTCTTACAATCGATACAATAGCTGGTGACGGACCTGGCCTTCAGGCGGGCGAGGCCAATCGGTTCTTCGCAGTTTTCGCAAATGCCGTAGGTTCCGTCGTCGATAGCCTGAAGTCGTTTTTGGATTTTGCCGATCAGTCGCCGTTCTCGATCCCGAAACCGCCACTTGTTGTTGCGGGCCTGCGCTTCCGTCGCCCGGTCCAGCGGATCGGCCTCGGTGTCCATCGCCTCGCCGAGAATCTCTTCAACGGCAAGATCTGCCTTGGCCAGCAATTCTTCCAGTTCTCGCTGCAATATATTCTGAAAATAGTCGAGATCTTTTTTTTTCATGGGCATCTCCCGTTTGATAATGGTTGCATCAATTTAACATCAAACTTCGATGAATCAAGAGGGTAACGAGAAACTAACCCAAACCGGTCAGGGGGACGACGGCGCCGTCAGCCGGTTCCGGATGGTCCTCACGAAAGGGGGCATTTACCGGTTGCCCAAAGTGACCGCCGGACGTTATGATAAAGAATCAGCCTTCGACAACCTCAGCGGCGCGCTGCTTCGCTTCCCGGCAACCGCCAGGTGTCCGTTCATGATGAAAGGCGCTCCCGGAAAAATAACCTCACCCACCGGGGCCGGAGCGGGTGCACGCTCCCGGGCCCGGAAATGGCATGCGTCCAACTGCGCCCTGGCCCGCCTGTTGAACGGCCATCGCCGGGAACTTCAACACGCCGTGGCGATGGCGGCGGATATCCGCCGGGGAATAGACAGGCTGGCGTCATCGATGACCGCTTTGTGCCGCCGGACCTGCCGTTTTTGCCCGGAACCGTGCTGCATCACCAACACGGTATGGATCGATTTTCGGGATCTGCTGTACCTCCATCTGCTCGACGAACCCATCCCCCCTTGCCAGGCGGCATCCGATCCCGGAGAGGCCTGCCCGTTTTTAAGCCATCGCGGATGCCTCCTGCCGCTCCGCATCCGGCCGTGGATGTGCATCCGGTATCTCTGCCCGACGCAACGGGCCGTTCTCCATAGCAAAGGACGGCCCGCAACGGCCGTCCTGCTCGATCAGATTGAACGCATCGACAACAACCGCCTCCGCCTGGAAACGGAGGTCATCCGCTGTATCAGGCGATGGCGTCAACCATCACCATCATCTTCTCCTGCATGTTCCCGGCAACGGCCATGCGGTCGTGACCAGCCTTGAGCCGCCGGCCCAGCCGGCTGCCGGCTTCTACGGCGGCAGCCGTCACCGCGGGATGCCGGTTCACCTCCGGGATGATGTCCGCGGAAATCTCGACGCCCGCGTCATGAATCATACTGGGAATACCCAGATGGCAGGTCTCTCCGTATCCGTTGCTGTTCTGCAGACAAGGTCTGCTCATAAAGGGTAGATTTTGGTCCAGGCCAAGGCCGCAGCAATATCGGAACCGGAGGCGCAGCAGCGCTACGTCGAGGATTTCAATATTGTGAGAACGCCGGCCGGGGCCGAAAGATGCCCTTTAGGGGCGGACATCAAGACGTGTAGATGGAGCATTTTCTTACATTCATGGCCGCCTCCTGAAGCGCTTCGGCGAAGGTGGGGTGGCCATGGATGGTGCGCGAGATGTCCTCGCTGCTGGCACCGAACTCAAGGGCCAGCACGCACTCGGCAATCATGTCCGCCGCCCGGGGGCCGATGATGTGGACGCCCAGGATCCGGTCGGTCTTGCCGTGAGCGATGAGCTTGACGAAGCCGTCGGTTTCCCCCATGCAGCGGGCCCGCCCGGCACCGGAAAACGGAAAGCTGCCCACGCAATAGGGAATTTCGCGTTCACGCATCTGCTCCTCCGTAAGGCCTACGCTGGCGACCTCGGGCCAGGTATAGACCACCGCCGGGATGGTGTCGTAGTTGACTTCACCGGCCCGCCCGGCCATGCACTCCACGGCCGCGGTGCCTTCGGCGGAGGCCTTGTGGGCCAGCATGGGCCCGGGAATCAGGTCGCCGATGGCGTAGATGCCGTCGACACTGGTGCGGTAGGTTTCGTCCACCAGGATCTGGCCCGTCCCGGGATCGGTTTCGATGCCCAATTCCTCGATGCCCAGCCCCCGGACCAGGGGACGCCGGCCGACAGACACCAGCAGCCGGTCGAAGGTCATCGTTTCGGTGCTTCCCCCGCTTTCCAGAAGGGCTTTGACCTTGTTGCGCACCACCCTGGCCTCGACCACCCGGGTATTGAGCTTGAACGCCAGACCCTGCTTTTTTAGGATTCGGTCCAGGGTCCGCCCCACCTGGCCGTCCAGGGTGGTGGCGATCTTGGGAAGCATCTCGACCACGGTCACCGTTGATCCCAGCCGGTTCCAGACCGAGCCCAGCTCCAGGCCGATGTAGCCGCCGCCCACGATACCCAGATGCCCGGGCACGGCGTCGAAATCAAGGGCCTCGGTGGAGCTGACGATATGCCTGCCGTCGAATTCCAGTCCCTTCACCTCGATGGGCTCGGAACCGGTGGCCAGCAGGATATTTTGGGTCGACAGGGTGGTTGTCTTCTTTTTGCCCGTGTCCACCTCGACGGTGCCTGCCGCCGGCACGGACGCCGTTCCATGAACGACCTCGATCCCGTTGCCCTCGAGCAGCTTGCGCACGTTTTCGGTCAGGTCCGCCACGACCTTGTCCTTGCGGGACAGCATGGCCTTGAGGTCCAGGGAGACCTTGCCGGTCTTGATGCCGTATTCGGCAAAGCGTTCCCGGGCCAGGTGGTAGTACTCGGAGGCGTCCAGCAGGGCCTTGCTGGGAATGCAGCCCACGTTCAGGCAGACGCCGCCCAGCCGGGAGGCCTTTTCCACCACGGCGGTCTTCAGGCCGAGCTGGGTGGCGCGAACGGCCGCCACGTATCCGCCGGGTCCGGAACCGATGATCACCAGGTCGAACTGCGCTTGCTCTGCCATTTTTACACCTCCAATGCCATGCGTTCCGGGTTTTCGACGAACTCTTTGACCCGCTTGAGAAAGGTGACCGCCCCCTTGCCGTCCACGATGCGGTGATCGTAGCTCAGCGCCACATACATCATGGGCCGGATGACGATCTGGTCGTCGACGACCACCGGCCGTTTTTCGATCTTGTGCATGCCCAGGATGCCGCTCTGGGGGATGTTGAGGATGGGGGTGGACAGCAGGCTGCCATAAACGCCGCCGTTGCTGACCGTAAAAGTGCCGCCTTCCAGGTCGGCCAGTTCCAGCCGGTTCTCCCTGATCTTGGCCACGTAATCCACGATGGCCTGTTCCACGCCGGCGAAGCTCAGGTGCTCGGCATGGCGGATCACCGGCACCACCAGCCCCCGGGGGGTGCCCACGGCCACGCCGATATGCTGGTAGTTGTGGTAGACGATGTCATGGCCGTCGATGAAGGCGTTGATCTCGGGCACCTCCTTGAGGGCCGCCACACAGGCCTTGACAAAAAAAGACATGAATCCGAGGGAGACGTCGTGGCGTTTCTGGAAGGCCTCCTTGTACAGGGAGCGGATCTCCATGGCCCGGGACATGTCGATCTCGTTGAAAGTCGTGAGCATGGCCGTGCTCTGCCGGGACTCCAGCAGCCGTTCGGCGATGCGTTTGCGAATGGGCGTCATGGGTTTGCGTTCTTCCATGGCGGCCGCTGACGTCGGGTCGGTCGCCGCAACGGGTGATGAGGGCGCCTCGGGGATGCCTGCCGGCGCATGCTCCAGGTAAAGCAGCACGTCTCCCTTGCTGATGCGACCGCCGGGGCCGGAGCC
NZ_AP021874.1_gap70	3334194	3337630	3436	ACCTCGATCTGGCCGGCGGCCGTTGCCCCGCCGTGCGAGCCCATGGCCGGCGTGACAAACGGCCGGCAGCCGCATGCCTTCAGCCGCGCCACCACCTCGCGGACAACGGGGACCAGGTTCGTAATCCCCCGACTGCCCACGCCCACCGCAATGCGCATACCCGGCAATAGCAGCGCCGACCCGTCCAGCCGGTCCCATTCCCGGGCCATACGGTCGCCAATATCCACCGCCGGGGGGATGCGGTAACGCTGCCGCACCATTCTCATTTTAGGCAGATTCAATCGGGCGCCTCGATATCGACCAGATTGGCATAATTTTGATGGACATTAGATAAAGCCGAGCATCCGGGGGATGGCCAGCGACAGTTCGGGGATGAAAACAAGAAGCAGCAGCACCGCCATATCCAGGATCAGAAAGGGCCACAATTCGCTGACCACCGCCTCGAAACTGACCTTTCCCACACCGACGGCGGCAAACAGCGCCACGCCGAGCGGCGGCGTAATGAGTCCGATGTTCAGGGCCACGACCATGACCACGGCAAAATGCACCGGATGAATTCCGATCTGAACCATCACCGGTGCCAGGATCGGCGCCAGAATGATGCAGCTCGCCGACGTCTCCAGCCACGTGCCGACAAAAATCAGCAGCACCACGACCAGCAGCATCAGCAATTTGGGATCGTTGCTCAGCGACAGCATGAACGCGGCGATCTGCTCGGGCAGGTGCACCCGCGAAATGATCCACCCGAGAATGTTGGCAAATCCGATGATAAAGAAAAGCATGGCCGATGTTCGCATGGCGCTGTATACCGACTCGTAGATGCTCCGCAGGGAAACGGTCCGGTAGAAGACGGTTCCGATCACAAGGGCATAGAAAACCGCGACGGCAGCGGCTTCCGTCGGTGTAAAGACCCCTGAGAAAATCCCGCCGACGATGATCAGCGGCATGATCAGCGCCAGCACGGAGTCTTTCAGGCACAGGCAAAAGGCCCTGAGCTCGAATTTTTCCTCGAACTTGGGAAAATTCTTCTTTTTGGCCAGGATGGCCACAAAACCGCTCATACTCAACCCGACAATGATTCCCGGAATCATGGTGGCCGCAAAAATGGCCCCCACGGACACCCCGGTAACGGCGCCATAGACCACGACGATGATGCTGGGCGGAATGATGGGGCCGATAATGGACGAGGCCGCGGTGATCATGGCCGCAAATTTACGCGTGTATCCCTGTTTTTCCATGGCCGGGATGAAGACGGACCCCAGCGCGGAAACATCGGCGACAGCGGCACCGGTAATCCCGGCGAACAGGAGGCTGCTGTAAATGTTCGCCTGGGCCAGACCGCCGCGAACCCGACCGATAAGGTAATTGACAAATTGAATCAACCGATCCGTAATCCCGCACCGGTTCATGATTTCGCCGGCCAGGCAGAAGAAGGGGATGGCCATGAGAACGAAGGTGTCGATTCCGGCATACATCCGTGAAGCGACCATCTGGAGCGAACTGCCGGCCCATAGAATCCAGCCGGTTGAAACCAGCCCCAGGACCATGGCAACCGGCAACCCGATCAGAAGCAGCCCGACCAGTATGCTGAACATGGTGACGGATATCATTGTTGGGTCCCCCTTCTCTCCGTCGACGGGGAATCCCCGGCAGGCGCCTCAGGATCATTGTCCCCCGCGGCGGTGAACAGATCGATAAAACGCATACCGCTTTGAAAAAGCAGGAAGACGCCGCCGGCCGGAATGGCCAGATAGGGCCAGAATTTCCGGATCCCGCTTGCCGGAGAAATGAGACGCTGTCCCAGCTGGGCGTATTTAATCCCGCATACGATCAGGACAATAAACAGAACCGTTGCCAACAGGGTGTGAACCATCTTGATCCAGCGGACCCTGCCGCTATTGGCAATGAAGAAATCGATGGAGATGTGACCCTGCTCGGCGTAGACGACCGAGGCGCCCAGCAGGGCCATCCAGACCATCATGTATTTGGCGATTTCCTCGGCCCACACGATTCCGTCGCCCAGAATGAATCGAAAGAAGATCTGTGCCCATACGATGAGGGTCATCACGACAAACAACACGACCGTTGCGTTGCCGACAATGGTGTTGACGCTGTGACCAAGCCGTCTGAGTTTCCCGAGGATCTTCAATCTTCCCTCCACTTGCGGTTTCCAGGGCATTAGAAAAAACGCCGCCCGGGCCGACGCTGACCCGGGCGGAAGGCAATTATTTTTTGGCGTATCCCAAACCGACCAGCGCCTCGTCTGCCGCCGTCAGGATGCCATCGACCCATTTGGGGTCGCTGACCCCTTTTTCCCTGATGAATTTCAGGACCGGCGCCTGGGCAGCCGCTTTGAACTGCGCGAGTTCATCCTGGGTCGGCGTATAGATTTCCATCTTCTTTCCGATGATGCTTTTGCCGATTTCCCGGTATACCCGGGCGGCCCGTTCACCGGCCAGGCCGGCCTTTTCTCCCCCTCGCAGGATGATCTGCTGATGGGCCGGGGAAAGGGTTTGGAACCATGCATCGTTGACCATGAGATGTTGCTGGGTATACACATGGTGATCGAGAATCATGTACTTCTGGACCTCCTGAAGCGAACCGAGAATGACAATCGGTATCGAGTTTTCCTGACCGTCGACAACCCCGGTCTGAAGCGAGGTGTAGACCTCGGCCCATGAAATCGGCGTGGGTTTGGCACCCAGGGAACGAACCAGTTCCATGTGTGCGGGAATGTCCATGGTACGGATGCTCAGGCCGGCCATATCCGCCGGGCTGTGAACGGGTCTTTTGTTGTTCGTGAAATTCCTGAACCCGCCGTTATCCCAAAGGCCGATGACCCGCAGGCCGGTTTGCCGGCGCATGTCTTCGAACAATCCCTGACCATAGGCGCCCCGAAACACATCCAGCGCCTGATCGACCGACTGAAACAGGTACGGAACGGTCATGGCCTGAATGTTCGGATAAACGATGGCGATGGTCCCTTCGGTCTGGGACGTGGCCGCTTCGATTTCGCCGGACATGGTCATTTCCTGAAGCGAGGCCGTATTGCCAAGCGCTGCGCCGGGCGAAACCGCCACCTGGATCTTGCCCTGGGATTCTTTTTCGACATAGTTCTTGAATGCCACCGCCGCCGCGTGCACATTCTGGGTGGCGTCCGCCACATCCGCATGGGCCAATGTCATTTTGATGACTTTTTCCTTGGCAAAAGCCGCCTGACTTCCAAAAATCAAGAAAGCTGCCGCAATGAAAACAACAAAGACCGCTGACCCAAAAATCCTGTTCCGATTCATTCCATCTCTCCTTCAGTTGGTTGGAAAAAAGCCAATTCTCACCAGGCCTGTGATCGTTTGAAAGCTCCCCTGTGGGTTTATCGCCCCCTTTCCGCACGCCCTTTTAAAACGCCGCAAAAAAACAATTTTCTCATCTTTTTTTC
NZ_AP021874.1_gap71	3340438	3343106	2668	CGCATCGTCCGTGCGATAGGGACGGACCACCGGATGGCGCCGACCGAATTCGTCCGCGAAGCGGCCGGCCGCTTCATTCCAATGCCGTGACACGCCAAGGGTGTCCTTATGGCGGCTGAATTTGAACGAGGTGTAGAGGTCGGCGCCACATACGTTTCCAAAGGTTTTCGGGTCGTCGACATCCAGTTTGCTTTCCGGTCGGTAGGCGGGCAGATACCGATCGACGGATGCCTGTTCCGGCACGTCGAGCAGTTCCGAGGTATGGGTCAGATAAAACGCATCGAGGTTGACCATCACCGGCAAAAGCACCTTTTCGGCCACGCGGTAGGCGATCAGAATGGCATCCATCACGTCCTGAACGTCGGCGCAATAGTATTGGATCCAGCCGGTATCCCGCTGGGAGAGAGCGTCGGTATGATCGCAGTACAAATTCCACGGCGGTGCAAGCGCCCGGTTGGCGTTGGCCATGACAATGGGCACCCGTGCCCCTGAAGCGTAGTGCAGCACCTCGTGCATGAGGGCCAGGCCCTGGGAAGAGGTCGCCGTAAACGTCCGGGCGCCGGTGGCCGCGGCCCCGATGCAGCTGGCCATGGCGGAATGCTCCGACTCAACGTTGATGTATTTGGCATCGAGATCCCCGCGGCCGATAATATCCGCCAGTTCTTCGACGATGACGGTCTGCGGTGTAATCGGGTAGGCCGACACCACCTGGACCCTGGCCAGCGCTGCAGCCAGTGCCGCGGCTTCGGTTCCCATCATTACTTTTTTCATGAATTTCCACCTTCCATCGTGATCACGCCGCGCGGACATTCGTAGGCGCAGACACCACAGCCTTTGCAGTGAAACAAATCAACCGCGACACCCGTTTCATTTCTGCGGATACTCGCGTCCGGACAATACCGCACACACTGCCCGCAGCCGTTGCAGGTGCCGCAGGAGAGGCATCGGTCCGCCTCCTCCAGAATCGACTCGCGGGTACACGCGGTTTGCCGCTTGCGATCGCGGCATGCCGCCGGGGCCGAATTCTGAAAGCGTTCCAGTTTGATGTCATCGCCAGAGACCTGGCCGTCCATCTCGACGAGACGTGCCGCTTTGGCGGGATTTCCGCTCAGCTGGCCGGCGATTCGTTTGGCCGCCATGTGCCCGGCACCGATATAGTGGGCGATCATGGCGGGCTTGAAGGGAAGCCACTTCTCCGGCAATTCGACGGCCTGGGCCGTATCGGCCGGGAAACGGTCATCATAAGGATTGAAGGCCGAAGAAAATCCCGACCGGATGGCAGCGGCGCCCCTTGATGTGGGATCCAGAATGACGGCATCGAACTGGTCCGCCAGCCGGGGAATGTCATCGCCCGAAACGGCCTGCCCCAGCTGAAGGTCCAGATGCACCCGCCGGACCAATCGATCGATTTCCCTGTCCAGCACCCCGGGGTCGAGCTTGCCGGGCGGGGTTTCAAGCAGATAGCCGCCCGCCCGGGCATCGTCATCCATCACGGCCACGTCAACCCCCTTCAGCCGCAGGAAATAGGCGCATGCCAGTCCAAACGGGCCTGCGCCGAGGACGGCGACGCGGCCGACATCCGTCGGTTCTATGGGCTGCGGCCCGGTCGCGTTCCGGTCCGCCAGATAGCGTTCGATCTGCTGGATGGCCACCGGCTGATCCAGTTCCCGGCGAACACACCTGGACTGGCACGGATGGTAGCAGAGGCGGCCGGTCAAACCCGGCAGCGGATTCTGGGCCAATATTTCGGCCAGCGCGCCATCGGCGCCCCTTGCCTTCAGGGCGTTGATCATGTTCGGTATGGGCATTCCGGCCGGGCATTGCGCTCGACAGGGCGGTGTTTTGTCCATCGGCACCGCCGTAAAATACCGCCACGTCCCTGTTTGGTTCCAGGCCATACTGCCGATGGTGGCCGGCATGGCCGGCAATTCCGCCATACATCCAATCGTTTTTTTAGGCTGCATTGCACTCTCCCGACACCCAGCGCACGGCATCGCTGGCCGCCAGCGCTGCGTTCGCATTTGCTGCCGGCTTTACAGGGACGCCCAGCTTCACCGCGTCAACCAGATGTTCAATTTCCAAATTTTCGGCAACCTTGGCAAATGCACCCAGGATCACCGTATTGACAATGGGCGACATCCTTGATCCCAAGCCGTATTGAACGGCGATGCGCCCGGCATCGACACAGGCCACCCGGAACGTGGCGTCAACGGGAGGCGGATCGTTCCTGTCCGGGTAATTGAGAACAATCAGTCCGCCCGGAGCCAACCCGCGGGTGACATCCACCATTTGAAGCAGGGTCGGATCCAGTACGATCACGGCAGAAGGATTGCGGATCTCTCCCCGCTCCCGGATGGGATCAACGTCAAGCCTTACAAATGCGGCAACGGCGGCGCCTTTTCGCTCCATTCCGAAAGAGGGGAACGCCTGCACGTATAGCCCCTCCGAGAAATAGGCTTTTGCCAGTATTTTTGAAGCCACGACGGCGCCCTGGCCGCCCCGTCCGTGAAACCGTATTCCTGTCATCTCTCACCTCTGTGCAAACCAGTGGTTAATGTCCCGTCATGAAGCGTCCAGCGAATCTGAAATCTGCCTGGCGGTTGCCATGACCATTTTCGCGAACTGGTCGCTTTTCTCTTCCGTGATCCTGTTTTTGGGGGTCGAAATA
NZ_AP021874.1_gap72	3345872	3349560	3688	TTGACCCCGAAAACGGTGTTCTCCGGGTTGGTCACCGCCTGGCGTTTGGCGATCTGGCCCACAAGTCGCTCACCGCCGCTGGAAACGGCCACCATCGAGGGTGTGGTGCGGCCGCCGTCGGCATTGGTAATCACCTTGGCGTCGCCGCCATCCATGATGGCTACGCAGGAATTGGTTGTTCCAAGATCGATTCCGATTGTTTTGCTCATTTTCTGTTCCTCCTGGATGACGGGGATGGGAACCCCGCGTTGGTTTCTGATGAGCAAACCATAAATCGGATTAATTATATGTCAAATTTTTTTCATTACTTTTTATAATTTTTATTTTTAATAATTTCGACTCTGGGGCAAGGATCGACAGGAGGCGTTCCGGCCAGGCCATCAGGCGCAGGAACGCCCGCCCCGATGAACGGACCCGGTATCTTCTGCGTGCAGCCATCCAAGTGTTGCCGGTTGCCGGATTATTGGCTATAATTCGATAAGTCGAGTGATTGCGGCCCTCGTTCGATCCTGAACGGATCGACCCCGCTGGCAGCGCCACCTGCTGTCTTCCCTGCCGGCTTTCCGTGATGATGCTGCCTCATAATGTTCTGCTGCCGGCCCGGTTCCGGCTCAACGCGCTGAAAACAACCGCCGCCCCTTCACCAGACTGACGGCAGTAGCTGTGTTTACCCATCTTCGCCATTTGCGAACCTTCTACCGAGGAGGATAAAAAATGCCGATATTCATGATGTTCGGAAAGTACACGACGGAGGCGATGCAGGGCATCAGCCCGGGCAGGACGGAAAAGGCCGTTCGACTGATCAAGGCCAACGGGGGAAAGGTCGTATCGATGTATGCGGTTATGGGAAAGCACGACCTGGTTTTTACGCTTGATTTCCCCGATTCGGAAAGCGCCTTTGCCACATCCGTCGCACTGAACCAATTAACCGGGATTACATTTACCACGTCACCGGTGGTCGAGGTCGAAATGTTTGACCGTCTGATCGCCAAAGCCAAAGAGATTTAGGTCGAAGAAAACCGGCACGTCCATTTTCATGCATCGGGCCGCCGGCATCGGCCGTGAGACAGCCTTCCGTTACTCATAATCGTAGACCTCGTATTGCGTCTTCACCGCCAGCTGGTCGTCGATCCTGTCCTGAATCTCTTTTCGCTCCGGGCTCTCATACCACTGTTTCCAGTAGAAATCGGACTGCCATTTGGAAACCACCAGAACCTCTCCCGGCCTGTCTACCCGCCTCAACGTCTCGCTGGACAGATACCCGGGGTGGCCCACGATGGTCGCCCGCAACTGGTTTATCAGCGGCATCAGCGCCGGACGGTTCTCTTCGGATACCTGTCGCCGAATATGGATTCTGATCATTTCAATAGCTCCTTCAGACGGATAGGAAGCGGTGATAAATACTGGACAGCCGTTTGTTGAAAACAGCTGAAAGCCGCCGGTAAACGGTGAGCCCGAATGCAGGGTGGCCGTTGAACACGCGGTTCATTTTGCGGGCATCGATTTTAATTGCCTGGATATCCGATGCGGCGACTGCAGTGGCAGTGTACGTCCCATTTTCTACCAGGCTCGACCAGCCGAAGATATCGCTCTGCCCGTTCAGGCGATAGACGGTTTTTTCCCCGCCGATCTTCAGTTCAACGGTGCCGTGGACCAGTATAAAAAGGGCTGTCGCCGTGTCCCCTTCATTGAATATCAACGTTCCCCCGGGATAGGAGGCTTCCTCGCATGCGTTATCCGCGATCTCTCCCATCACGTTCAGGTCCAGACCGGTGAACAGGTCCATCTCCGTGATATGAATTTCCCAACCCTCCGCTTTTTCTTTCATGATTGATGCCCTCCCTGTTAAACGTGTGCCTCGTGACCAGGAAAAACGAGACGCTTTTCCCAAGGCAGCGTGGCACGAATCGGTGTCGCGCCGCCGCACGGCTGGGTCCCAGGCAATTGTCGATTTCCGGTTCGGACGTTTTCCGGCTCAACAGTCGTCGGGGTCAGGCAGGGTTCTGAGAAAGGGTCGGACAGGCATAATGACGCCGGGACTCGGCTGAATGGATCAGCCCGCCGTACATAAATTCAAATTATATTCAACCGGTTCGGGCGTCAAGAGTTTAATTGCCGCCGGCGAGGGGGCCCGGCATACAGAAAGCGGCGCGGCGATGAGGGCCAACCGCCACAAGGGTGATTGGCCGATCAACGCACACGGCGGGTGCCGGTTTTCCATCGGACGGGGGTTACTTTTCCCGCCACGTCGGCTGGCGCTTTTCGAGGAATGCCGACACCCCCTCCTTGGCGTCTTCGGAGGAGCAGAGCCGGGCAAAGGCCTCGTTCATGTAATCAAAGGCCTTGTCATAGCTCAGGTCGGCGGCGGAATAAAAGGCTGACTTGGCGATCTGTACGGCGACGGGGCTCTTGGCGGCCAGCACCGCCGCCCAGCGCCGGGCTTCCACGGCCAGGTCATCCGCCGGGACCACCTTGTTGATCAAGCCCATATCCAGGGCGGCCGGGGCCTTGATCAATTCGCCGTAGAGCAGCAGTTCCATGGCCCGTTTCCGACCCACTGACCGGGTCACGGGAATGACGGGCCCCACGCAGTTGAGGCCCACGTTGATGGCGGTCAGCCCCATTCTGGCGTTGTCGGCAACGATGGCCAGATCCGCGGCAGCCACCAGGCCGGCACCGTTGGCCGCCGCAACGCCGTGCACCTGGGCAATCACCGGTTTCTTCATCCGGCTGATGGTCACCAGGGGGGTTTCCATGCTGGCGATCCACTCCCGGTACGCCATGGTGGACTTTCCAAAAAAATCACCCACATCGATTCCCGCGCAGAAGGCTTTTCCCGCGCCCTTGAGGATAACCACACGCACCGACGGGTCGGCATCCAATTGCAGAAAGGCCGCATCCAGTTCGGAAGCCAGGTCCAGCGTGAACGTATTGAGGCTGTCCGCACGGTTCAGGGTGATTTCACCGATAAAATCTTCTCCAACATCAACAATTACATTTTCAGCCATGAGAAATCCTCCTCTATTAAGTGGATGTTACTAATCAGATGAAGGCCAGAAACACGATCATGGCGCCAAGCGCCTTTCCAGGCCAAACATGGCCACCTATCCGAAAGGAAAAAATGGCACAGGAGCGGCTTCCAGCCGCGTTCATCCCCTTGCATCGCGGCTGGAAGCCGCTCCTGCGAAAAACGACCCCGTTACTCTAAACGATTCCTCAGAAACTCACCGTGCACCACGGGGCGTTGCGGTCCATCTCGCGATGGTCCCGGAACAGCATTTCAAATCGTTTCAGGTCGGCGTCGGACCCCATGGGGGTGTCCAGAACGGACGGGTTCTCCCGAACCGCAGCCACCAGGGCCGAGGCCGCCTGGGGGTCAAACCGGGTGCCGGCCCCGATGTTGAGCTGGACGGCGGCATCTTCCAGACTGATGGGACGGATGCCCGCCCTCCCGGCGATCATGGTTTCGAAGGCATCGCAGACCGCAAGAATACGTGCCCCGACGGGAATGGCCGTTCCTGCCAGGCCGTCGGGATAGCCGCTGCCGTCCATGCGTTCGTGGTGATGACGGACCATGGGGACCAGGTGCGACAGAAACACCAGGGGCCGCAGGATGTTGGCGCCCACCACCGGGTGCATACGGACCAGATCCATCTCCCGGCTGGAAAGACGGCCCAGGCGGCCCAGG
NZ_AP021874.1_gap73	3470501	3474807	4306	CGCGAAATCACTATCACCGACGATCAGAGCCTAACATCGCATTCCGGCAATACCGATTATGGCGCAAATGATAATCATCAAGGAAATACAAAAGGAGGAAACGTTACCGGAGCAGGATCAGGGTGATAATGACAACCAGCAGGATCAGGCCCGCGGCCATCAATCGCTTTCTGGTTACCATCGGCGTGCCGGACGCAGAGGGTTTCTGCCTGTCTTTCGCTTTGAAGGCACGGATTCTTTCTATTTTTTCCTTTTCCTTCATCCTTTCCCGCCGCCTGGCCGCATCGCCCCGTCTGTCGTAGGGCCCTCCTCTGCGGTCATCCGCAACGAACAGGTGGTCCTGGCGGCGGGTTTCGGTTTTTCTTCTTTCCATAGGCCTTCCTCCGTGTTTTTTTGGCTATGGCAAAAGAGTTATTTTTCAATGACCCCGTAGCCATTATTTTCCGGCGGAGTGCCCCGGCGCTCCGTTGACAAAACACACCGGCTGTAATGGGGTCGTGAGCGCCGGTTCAGGGCAACGAGCACCCGGGCGACGGTTTCGCTGATGATGCCCGCCCCGGCCTGGCGGGTAATCTCCTCCAGAGCGGACCGGTTGTCGTAGGAAACCGGCCGGTAAGGCCGGGGTGAAATCAGGGCGTCGTAGACATCGCTGACCATGATGATGTCGGTCATCAGATGGTCGATGGGCCTTCCCAGCGGGTATCCGCTGCCGTCCCTGCGCTCGTGATGGTCACGGGCCACCCTGGCGGCCAGGATGGTGGAATCCCGGAAATAATAGCTCAGAAGCACATACCCGGCCAGCACATGGTGCCGAAGGTGGTCAAACTCCGTTTCCGTCAGGGGAGACACCTTGGTGAGAATTTCAAGGGGAACGCACAGCTTGCCGATGTCATGGGTCGGGCCGGCGATAATTTCCTGCATCAGGGCATCCGCATCGTTGATCAGTTCCCGGGCGATCAGGATCGAGAGTGCGAAAACAAGCAGGGTGTGGCGATAGGTATAAAAATCAACCCGGCGAAAATAGTAAAGCGATTCCAGAACCGCTTCGGGCATGACCACGTCCCCGGCAATGGCAAGCAACGCCCTTTGGCGGGCGGGGTCGTGGAAGATCACATCGTAGGGGGCGGCGGCAAAAAAACCCAGCAGGTCCGGCCGGACCTGCCGGTAGTCCAGCAAACGGCGGGTGGCGACGGCAGTCGGCTGACTGCAGGTGAGCGTTTCCATGACCGGTCCGGAAAGGCGGGTCCCTGCCGCCAGCAACTGGTTACCCTCAAGATCGGTTACCGCGTGGTTGAGCTGGTAATCCGGCATGGATTGCGCCTCCTGAACGCCGTAGGATGCTTTACATGCAATGCCAACGCATGTTGCAGGTTTCAACTTTTGACCCGGGTCATATACTGGCCGGTCTCCGTGTTCACCCGGATCACTTCACCGGCGGTCATATACTCGGGCACCTGGACGGTGACCCCGTTGGACAGTTCGGCAGGCTTGTTCCGGTTGGTGGCCGTGGCCCCCTTGATCGCCGGCGCGGTGTCCACGATCTCAAGATCGATGGTCTGTGGCAGTTCAATGCACAGGGGGTGGCCGTCCCTGAGCAGCGCGGTGATCCCTTCCAGCCCGTCGATCAGCCACGGGATCTGTCCTTCCAGACTTTCTTCGGATAAGGTGTACTGCTCGTAGTTTTCACTGTCCATGAAGGTGTAGAGGTTCTGGTCGCGGTAAAGAAAACTCACCCGTCGCTTGTCCACTACCATCTCTTCCAGCGTATCGTTCCCCTTGTAGGTCTGGTCCAGTTTCTGGCCCGATATCAGCGATGCGTACCGGACCTTGTAAAGGGTGTTGGCCCCCCGTGCCGAAGGGGTGTGAACGTCGATGTGCTTGATCTGGTAGGGGTGGTTGTCGATATCGATGATATTTCCTTTTTGAAGACTGCTGGCTTTTGGCACGGATGTTCTCCTGTATGGTCGTCATTGTTGACAGCCGGGGCAACGGGTCCGGACCGACCATCGTTGACGCCCGCTCGACAAAGTATGTCTTTCCCTGACCTTTAAGAAAAAGGGCTGGGCAAGGCCAGAGGGAGAAGGCGGCATGAAATTACGCCGACGACCGATAACGCTGTCCCCAACTTTTTTCTTAACGGCTATACTACCGCGTATCCGGGCTCAGGGCAATACAGTTGACGACGGAATGCGGCGACACCATTTTAAGACGTCGGCTTAAGATTCAAACCATCATGATCACGGCCTGTTGAGGAAACAAGTGAACGAAGACATCTGGCTGGAAAAAATGCGGCGGACGACGATGACCGGTGAACAGCAGCAGCAGCTGTTTGAAAAAATCGGCGCCATCCTTAAACGCGCCATCGATGACCGGTCACCCCAAAAACGACCGGCGGGCAAAGCGGGCCTCAGGGCCGAAAAAGGCTACTACCGCCTCCTGTACCTGGAGGGAGACGTCCATGAACAAGCGGATCGTGAGGCCCTGGCCGATGGATGGGAACACCTGAACGGGATATTGCGCCAACTGACGGATCTCCCCGAAATCCGGGCGGAGATCCTGGCGGGGGTTATGGCCACCGTGGATGAGATCACCGGTCAGCTGCCCGGCGCTGATTGACGACCGGTTGAGCATAACAGGCAAATGATGCGCCGCCACTTTCGCCGCTCCATTCTGTGCCTTCGCGCCGAGCCCCGATAAAAGCGGAGGCCCCCCGCAAGCCGCATCAAGGAAGTGTAGATGGTTTTATAGGGTTTACAGGCCATCCGGGCCAAACGTACAATTAACATCGTCATTCCGCTGTTGTACAATGGCACCCATCGATTATCCCGACCGGCCCACACCGCTCTCCTAAGGCAAGCCATGCACACCGCAGGGAATGCAGTCCGATTCCATTGGCAACGACTGGATGTTCACAAACTGACACTGAAGCCCTGTGGCCACCGTTTCCTGTGGTGGGCCTTGACCGCTGGCCGAAGTTCGTTGCCGGTTGCAGTCAGAATGACCGGAGACAGGGACAAAACCATACCAGGAGGGCGAATGCAAAAAACCGGGTCCATGAAATTGCTCCTGTCCGGCCTTCAGGTGGAAGGGTCCGCCTGAAGGCCGGCAATCGACCTTTCCCAACCCACCGATACCGGCGGTAAAAAGCCATCGCTGCCGGACAGCAAGGAGGTGAAAAATGGTCATCATCAGTGCGCTTTGTTTTCCCCAGGAAAGCGCCAATAAAGTGGGAAAGCGCTTTCTGGAAATCGCTCCGCCACCGGACTATATGAGCATGAAAGGCCCCTATATCAAGGGAACCGAGCAGGGAATCCGGGCCATCGAGATATTTGAGCTGGATGAAACCAAGCTGGCCGTGGGCCTGGATTATGTCACCCAACGGTCCGTTTCCTATTTCGGCATTCCCGGCTTCACCTACGAGACCAATGTCTATTTCGAGGCCCAGGAGTCGCTGAAGCTGATCGGCCTGGCCTGACACCATGGTATTCTGGTCCGGCAACAGGGGAAAACCTCCCGGTGCTGCCGGGCCAGCATCCCTGTTCAGCCCGCCGGATCATCGATCAGGCAGAACATGGTCACATCCGGGCTCATTGCCTGCCGCTGCCGGTACTCCGCACGACTCTCCCGGACAAACCCCAGTTGGGCATAAAGCGCTTCCAGACGCGGGTTGTTGGTCAGGGAAATAAAACGCGTGTATCCCTGCGAACGCATCAGGGCCATGAATGATTTTACCGTGTGCACGCCCACCCGCTGGTTGCGGAAACGGGTGGAAATGGCCAGTGCGCCCAGTTCCACGGTCTTCTCGTCGATGATCTTCTGCTCCACGCACCCCACCACGATGCCGTCGATGGCGGTCACATAAAACCGGTGCCGATGGTCATTCAGGTATGCCTTGCTGCGGGGCTTTAAAAAACCCGACCGCTTGTACATCTCAAGAATCCGGTGAACGATGGCCACCTCCGCGTCGGTGCGCACCTGGCGGAAATCTTCCCGGAAGTTGTTGGCGATGAGGGTCCCCGCCCCTTCCACGGTGAACAGTTCATGTTTGATGATGTTTTTGCCTGCCGGCAGAATGTGAACACGATCACACTGCCCGGCCTCGATCTTGCGGCAGATGCAGGCCATGGCCCCCTTGAAATTGACATTGGCGATGGGCCCGCCGAATTCGTCCAGCGATTGGCGGACCCGCCCGGTGGTAATGGCGTTGATTTTATCGCCCTGACGGTCAATGAGGAACCGGCGCTCCAGAAAAATCACCTTGAACATGGCGGGTCGATGGTTGAGTACCGCGTCGTAAAAATCGATT
NZ_AP021874.1_gap74	3484459	3485782	1323	TCCGGATCAAACCCCGGGCAAAGGTGCCGGCCGGCGCGATCAACAGCGAGATCCTCATGGAGGCCGTACTGGCCCTTTTGTCCCAGACGTTTCGCGAGGTGGACATCGTCGGCCAGCTGGGCAAAAACACCATCGTTGCGATGCTGCCGCTGATCGACCGCGAAGCGTCCAAAAAAGCCCTCAACCGGGTAATGAAAGTCCTCCAGGATGCGCCCATCGATGTGAAGGGCGTGCCGGTGGATTTCAAATTTGCAGGTATTGCCATTACCTTCGACGGTGAGCACACGCCGGACGGCAAAAGCTTTATCCGGGTGATGTCCGGCCGTCTCCAGGACATGGCCAACCGCCTGAAGAATATTCAATCGTTCATGTAACCGTTAAGAGGGCGTACAGATGCCTTCAAATGAAAAAAGGAGTGTTGACGATGCCGACTGACTTGACCCGGCGGTCATTTATCAAGGCCGGTTTGCTTACCGCCGGAGCCGCCGCCATTGCCGGCGTGCCCCACGCCCGCTCCGCCGGCGCCGCGGGGAAGGAACTGTGCACGCTTCTGGATCTTCAACGATGCATCGCCTGCGGGGCCTGTGTGGAGGCCTGCCGGGAGACCAACGAAGAAAAATTTCCTGAGCCTGCAGGCCCCATGCCCGATATGGTTCCGCGCAGCAAAGTGAAAATCGCCGACTGGTCGTCACCGGAAAAGCGTGCGGTGGAGGACCGCCTGACGCCCTATAACTGGCTTTTCATCCAGGAGGCCGCCGGCGAGTACAACGGCCGGGACTTCGAAATCAATATTCCCCGGCGCTGCATGCACTGCCGCAATGCCCCCTGTTCAAATCTGTGTCCCTTCGGGGCCGCGTTCACCCAGGACAACGGCATCGTGCGCATTCACCCGGATGTGTGCATGGGGGGTGCCAAGTGCAAGGCGGTGTGCCCCTGGCACATTCCCGAGCGCCAGTCCGGTGTGGGGCTGCACCTGGACCTGCTGCCCCAGTATGCCGGCAACGGCGTCATGTACAAGTGCGACCGCTGCTACCAGCGTCTGGAAGAAGGCGAACTGCCCGCCTGCATCGAGGTCTGTCCGGAAGATGTCCAGCAGATCGGCCCCCGGGATGAGATCGTCGAAAAGGCCCACCAGCTGGCCGGAGAAATGGATGGTTTCATCTATGGCGAGACGGAAAACGGGGGGACCAACACCATCTATGTGTCGCCGGTGCCCTTCGACGTGCTCGACCGGAGCATCCACAAGGGGCCGGGAGAACCCCACCTGGCGCCGACTCCCGACAGCATGGCCTCGGCCAACCGGATGGCGCTGGCGCTGGCCAT
NZ_AP021874.1_gap75	3487173	3489867	2694	CAAGAAATTCAAGTACGCCACCTTGGGCCTTCTCTTCGTCAACATTTCCGTGGGCGGAACGCTGACCAGTTATGCGGCCCCTCCGGTTCTGATGGTGGCGGCGCCCTGGAAATGGGACACGCTGTTCATGATGACCCATTTTGGCTGGAAAGCCGTGCTGGGCATCCTCGGGGCCAATCTATGCTATTTCTTCCTGTTTCGCGGAGAATTGCAGGCCCTGCAAAAAACCTTTGCCATGAATAGCCTCAAAGACGAAATCCAGCAGCGTTACCTCAAGCGGGCCGATGTGGAAGACATGATGGACGATTGCCTGGAAAGGCTCGAAGGCCGCTTCCATTTTGTGGATACGTTCTCCGAGCAGTTGAAGGAAGCGGGCCGGGAAATCACCCAGCGACTGGAGGATAGGGCACTGGCGGACCTGAAGAACAAGGGCATCGATCCGGATATGGCCAAGCGGGCGTTTAAAGAGCGAAACAAAGAGATTCAGCTTCGCCGCATGCGACGAGCCTTCCCGCTTCTCCTGCCGCCGGAGGAGCGACCACCGTTCCTTGATCCGGACTGGGACCACCGGGACGATCCGGTGCCCCTGTGGGTAACCCTGGTGCACATCGCCTTCATGGGATGGACCATCATCAATGCTCACTATCCCCCCTTCTTCATCCCCGGGCTGCTTTTTTTCCTGGGATTCGCCCAGGTGAGTTCACCCTATCAGAACCGACTCAACCTGAAACCGGCCCTGCTGGTGGGTTTTTTCCTCGGCGGTCTGGTGATCCACGGCGGCCTTCAGGGCTGGTGGATCGAGCCGGTCCTGGGCAACCTGACCGAAATTCCCCTGATGCTGGGGGCCACCGTTCTGACGGCATTCAACGACAATGCGGCCATCACCTTCCTGAGCACCCTGGTCCCCGATTTCTCGGAAGGGATGAAATACTCGGTCGTCGCCGGCGCCGTAGCCGGCGGCGGGTTGACCATCATCGCCAATGCCCCCAACCCCGCCGGGTTGAGCATCCTCAAATCCTTTTTCGATGAGGAAGTGTCACCCGTAAACATCTTGCTGGGGGCGGCGATTCCAACAGCCATCTTATGGCTGGCGTTTCTCGTCCTTTAACAGGAGGAAAGCCCGATGACGGTATCCCGGGCAGGACAGTGGATGGTGGTGGCTGGCAGCATTCTCTTTTTATGCGCCTGCGGTCCCAAACGCCCGGTGTTTTATCCTAACGACCACCTCAAAGCCGTGGGGAACGAACAGGCCCGGGCGGATGCGGATCAATGCATGGCCGAAGCCAGGCAATACGGTGTCAAAAACGATGCCGGCAAAGCGGTGGGGGGAAAAGCCGTCAAGGGGGCGGCCGTTGGCGCGGCCACCAGTGCCGCTGTTTCCGCTGTTCTTGGCGGCAATGTGGGTCGGGCCGCCGGTGCCGGAGCCGCCGGAGGGGCCACCGCCGGTGCCGTCAGTGGTGCATTCGATGCCGATGAACCGGACCCGACATTCAGAAACTTCGTCAACCGGTGTCTCCGGGAAAAGGGATATGAAGTAATCGGCTGGCAGTAGCTGGCGGAAGGAAAAGAAAGCCCACGACAGGACTCGAATCGTTTTGCATCTCAGGCGAATGCTGAGTAATTATTGGTATTTACAAGGCTCCGCAGTGACGAAAAATGAAGTGTAACCCAGATACCGGACTTTTTACGAATCCGTCAATTCTCATCGCAGCGGTCATCGCAATGATGCTGGCGGCAATCGGGTGCAGCCCCACACCGAAGTACCAGCGAATCCCCGCCGAAACGGTTTCGTCGACCGTCGAACCGCCACCGGACCGGCTGCTGCGATTCGAAACACCGGTTACGCTCAACGAGGCCTTGTGGAAGGACGGTTCGTTGTTTCTTACCTATAGCGACGGCCGCCACGACTACTTTGGCCGGGCATCCGCCGACGACCAGGTCAACCTCTCCATCCACCAGGAATGGTTTCCCGTCTATCAGGTCAATAGCCTGAGCGCTGACGCCCACGGTCAAGCGGTCATCGGAGCGGAACCGGTCCGGCACCTGCCCCGGAAGGACTGGGCCGCCTTCATCCGAGGTATTGAAAAATCCCTGACCGATCGCGTTCAACCGGGAACCGGTATCCTCGTCAATGTCAGGGACGAGGAAACGTTTCTCTACCGGCGGCACGACGGGTCGCTGGACGAATGTACCCTGATGGAAAAACCGGCGGGCATCCGGCTGGCGGAAAACCATCGTCTGGAAGCCATGACAGGCGGGCTGTTCCTCTTTCTGACCGCCTATCTCGAAACCATCGGCGTCCCCGATCGATATCTGGTTATGGAAACGGGTGAAACCGGCCCCTATGCGCGTCCCTTCGTCTTTGTTGACCGCAATCGGCAACGGTTTCACTTGCTCTCCCTGGAGCCCTACACCTTCGGATCCATGCCCAGCATGCCGGTGGCCAACACGGGCAAAGCGGGCTGGCATCTGTTTGTGCGCAGCTACCTTTTCGAGCTGTTCAATCGCCCGGTCTCTTCCCTGTCCCGTCTCGGCCTGTTTCTCTATGACACTGCATGGGACGCCACGCGGGGGATATGGACCAGCACCTTCCGCTTCCCCGACCTTACGGAAGCGGATATTCCGGACCTTCACCAGGACGGGAACATGGACCGGGGCGAGTGGGAAGACCGGCTCGACCGGATTGTTGGGGCA
NZ_AP021874.1_gap76	3491725	3496654	4929	AAGGCGTACTGCTCTCCCACGGCAACTTCACCACCAACTTCCAGGCCGGAGGCGCCCTTTATCCCGAACTGGGGCCCGACAGCCGCAGCCTGTGCATCCTCCCCTGGGCCCACTCCTTCGGCCAGACGGCAGAGCTGTATAATTTAATTCACTTCGGCGGCTCCATGGGTTTCATGGGAGACGTCACCACCCTTGCCGAAGACATGGGCAAGGTTCGGCCAAAGCTATTGGTCGCGGTTCCCCGGGTCTTCAACAAAATTTACGATGGCCTGTGGGCCAAAATGAACGAGACCGGCGGCCTTGCCAGGAAACTGTTTGTCATGGGTGTCGAGAGCGCCCGCCAGCGACGCGAATTGGCGGAAATGGGGCAATCCAGCTTTATGGTCAACCTGAAGTTCAGACTGGCCGACCGGATTGTCTTCCAAAAAATCCGGAACCGCTTCGGCGGCCGTCTGACGACCGCCATCACCGGCAGCGCCACCATGAACGTGGAGATCGGCCACTTTTTCAACGACATCGGCATACCGGTGTACGACTGCTACGGCCTTACCGAAACCACACCGGCCGTGACCATGAACTGCCCCGCAGCCCACCGTCCGGGGAGTGTGGGCCGCCCCATCGATCAGGTCCGCGTGGAGATTGACCGTCTGTTTCTCGAAGAGGACGCCGACGACGGCGAGATTATCGTCTATGGCCCCAACGTGATGAAAGGGTACAACAACAAGCCCGATGCCACCCGGGAAGTAATGACCACCGACGGCGGATTTCGCACCGGCGACCGGGGCCGCCTGGACGCGGACGGGTATCTGTACATCACCGGCCGCATCAAGGAGCAGTACAAACTGGAAAACGGTAAATACGTATTTCCGACGGCCCTCGAAGAGGAGATCCGGCTGCTCCCCTGGGTGGAAAATGCCATGATTTACGGCGAAGGAAAACCCTACAACGTCTGCATGATCGTACCCGATTTCGTGGTGCTCCAAAAACACGCCCGCGATAACCAGCGACCCGAAGACCCGGACCAGCTGGTCGCTGACAGCGCTATCCAGGAAATGATCGAAAGCGAAATCACCGCCTTCCTGAAGGGTAAGTTCGGCGGATACGAAATCCCAAAAAAGTTTTTGTGGGTCCGGGAGGACTTCTCTCTGGAAAACGGCACCCTCACCCAGACCATGAAATTGAAACGCCGCAGCGTGCTGGAGCAGTACCAGGACCAATTGGATGCCCTCTACGCTTGAGAGGATGGGGATGCAATCATCCGGAGTCTGTTTTTGACATGACATCCCCTTGACACCCTGCCCGCCTATACTCTAAATTTGGCGGAACGCATGACGATTACCTGTCTGCCGGCGGCATTGGAGCGTCGTTTTCTATGGCAGACACGCAGTCGCCCGAAGGCTCAAACTTTCCGAAAAATCCGCGGGTGACCCATCGAATCATCGGTTCCACCCGGCAGCACCCCGACCCATTGCCACGACATCTGCCATCGCTGGCCGCGATCCATCACTTTTGAACTGCAGGGTGCTTGATGGCTGGAATTCAACCGTTCATGGAGAAAGCAATGACCAAATGGCTGCGAACGTTCGAACACATGATCATCCGGTCTCTCATCTACATGATGGCCCTCATTATTCTGATTTCAACGGTCGAACTCAGTAATTTCCGGTTAAGAAATTGCATGAAAATAATTTAAATTCAGCAGGTTAAAGGTATTTTTTACTTGACATAGGGTCGCTAATGTGGGCGGCGTTTTTGTATATCCTACTATTACAGGAGGTTATGCATGCCGCGCACATTCAAGCCCTTCCAAAAAGGTTGCAAGTTCGAATTTCATTCTCTTTTTCGACCAGCGATAAAGGCAACATCACAGATGCCAGCTCTCAATTCAAAAGGTAACCGACCCTTGCAGATGACTTTTGAAGAACATCTGCGGGCGCTTGTTTACTTTCACCTTGAAGAACATCACTCCGCTCAACATCTGCTGCAAGTTCTCGAAGAAGATGATTTTGCCAAAAGTGAAATCGCACCGGAAAACGGAATCAAAAAAAGCAGCTTTTCAGAGGCCACCAACAGCCGGGGGCTTGAACAGTTCATGCATGTCTTTCAAAACCTGCAAGCCCAGGCCGCTGAAATTTTACCCAAACAACATCCCGAACTTGGCAATCTGATGGGCATTGATGGTTCCCTGATCAATGCCTCCTTATCCATGCACTGGGCCGACTATCGTAAAAAATCAAAAAAGGCCAAGGTCCATGTCGGTTTTGACCTGAATCAGGCGATTCCAAGAAGGATTTATCTTACCGATGGTAAAGGTGCCGAAAGACCTTTCGTCAACTTAATCCTTTCCGAAGGACAAACCGGCGTTATGGACCGCGGTTACCAAAGCCACAAACACTTTGACCAATGGCAGCGCGACAGAAAATCGTTTATGTGCCGGATCAAGGCCAGTACTAAAAAAACGATCATTAGGGAAAGCCCGACTGCCCCTGGTAGCATCGTCTTTTTTGATGCCATCGTTATTCTGGGAACTACTGAAATCAATCGAACCAAAGAACCGTTGCGCCTGGTAGGATACGAAGTCGATCGTGTCAAATACTGGATCGCCACCAATCGTGTCGACTTAACCGCCGAACAAATCGCTGCTGCGTATAAGCTTCGCTGGGACATCGAAAACTTTTTCGCTTGGTGGAAACGGCACCTGAAAGTCTATCATCTCATCGCCAGAAGCGAGCATGGACTGATGGTGCAAATTCTGGCCGGCCTGATCACCTATTTGTTGTTGGCGATCTATTGCCATCGCGAATTTAACGAGCGGGTTTCAATCAAACGCGTTCGCCAACTACGCATAAAAATACAAAATGAATTACGCGCGAGCATGTATGATAAGCCGCCTGATTCAAATTCCAAAGAACAACAATTACGAGAAGTTAATGCAAAAACTTAACCGGAAATTACTGGATCGAACTGGGCTATCTGCTTGTCAAGGACATTGTCAGCCCGCCGGCGTTTTTCCTTGAAATCGAACAATTGCTGGAACTCTTCGGTTTTTTTCTCCTTATCATCATCGGAATCGAATTGCTGGAAACGATCAAGGCCTACCTGAAAGACAAAGTCGTTCACTCGGAGATCGTATTGGAGGTGGCGCTCATTGCCATCGCTCGCAAAGTGATAATATTGGACCTTAAGGAATATGACAGCATCGTCATCCTCGGCATTGCCGCCTTGATCATCACGATTTCCCTGTCCTACTACATCGTGAGGGGCAAGCTGAGAATTGATCTGTCCAATACACCCGATCAGAAACCGTGAGCACCCCATGATTTGGCAGGCTTGTCCCCTGGCGGGTCTGGGAGAAAGGCGCCGCGTTGAAAACCCCCTGGAAAAAAAGAATCCTCATCACCGCGGCAGCCCTTGTTGCGATGGGGCTGGTGATTATCCTGCTCAACCTTTTTTTTGTCGACTTCGTGGTCGATTTCTGGTGGTTCCAGTCCCAGGGGATGACGGTTTATCTTCTCATGCGGCTGATCTACCGCTACCTCGTGTTTGCTTTTTTTACCGCGATTTTCTTCGGGTTCTTTACCGTTAATTTCTGGTTTGCATCCCGGGTCATCGGTGTCGCCGAAACGTCCCGGGACAAAAACGACAGGAACCTGGTCAAGACCCTGCACAACGGGTTGCGGCGGATGTACCTGCCCCTCTCCGTTCTGATGGCCCTGCCGATCGCCGCGCCCATGTACACCCACTGGGAAAAGGCCCTGCTGTTCCTCTTCGGCGGCGCCAGCGGCACGGCCGACCCGCTGCTGGGAAAGGATATCAGTTTCTACCTGCTGTCCCTGCCCGTTTACACCCTGATCCAGAAGGAGGTCCTGGTGGCCTTCATCATTCTGCTGGTGGGTGTGATGTTTCTCTACTGGTACGAAAGCCGCCTGCTGGCGATTGAGGATCAGGCGCTGCCGCGCATTGCCCGCGTGCACGTCAGCGCACTGACCCTGGCGACAGTCGCCATCGTCTGCTGGGGAATCCTGTTCGAACGATACCGCCTGCTCTACGAGACGGTCAATCTGCCCATTTTTTTCGGCCCGGGCTATGTGGAAATGAAGATCATCCTCCCGATGATCTGGCTCTCGGTGATTTTCCTGGCAGCGACCGGCATATCACTGGTGGTGAGCGTCAACCGGAAGGCGGGATGGAAACTGCCGGTGGTTTTCGTCGGGTTGTTTGCACTCAGCGTGATGGGAAAAAACGCCGACTTTTTCAACGACCTGGTGCGCAAATATATCGTCGCACCCAACCAGATTGCCCGTGAACGGCCCTATATCGATGCCAACATCCGATCGACGCTGGCCGCCTATGGACTCGATGCCATCCAGACCCAGGATTTCAGGACCCAGTCGACGCCCGCCTTTGACGCCGACGACCCGGCACTGGTGCGGCGCCTGCAGAACATTCCCGTCTGGGACCGCGAGATGCTGGGCAGCGTTTACGAGGAACTCCAGGGGATTCGGACCTATTATTCGTTTCCGACCATCGACGTGGATCGCTATACCGTCGAGGACAGCTACCGCCAGGTATACCTGGGCGCCCGGGAAATCCAGTTTTCCAAGTTACCCGAATCCGCACAGAACTGGATCAACCTTCACCTGCAATACACCCACGGTCAGGGGGTGGTGATGATTCCGGCCGCCCAGGCCGGTGACGAATTCATGACCTGGTTGATCAAGGATATCCCGCCCCGCTCGGACTTCGGGCTGTCCGTCAACCGGACGTCCATCTACTACGGGCTCGAGGACAAACCGTACGCGATCGTCCCCAATGATGCCGGAGAAATCGGCTCGCCGGTGGGCGACGATGAAGCCATCGTTCACTACGACGGCAACGGCGGGGTCCCTGTCAATTCGCTGTGGCGCAAGCTGCTCTTCTCCATGTACT
NZ_AP021874.1_gap77	3530893	3533547	2654	CCGGACGTCCGGATATCCCAGACGGTCCGGATGCGCTGGAACCGGGGTCCCTGGAAAAGCAGGCTGGGCCGGTACAGGTCGGTCTGCGGCACCAGTGCCATGGACGCGGCCGGAAGGGCGACAGTTTCCACGGATGCACTGCCTGCGGCGTCAAAAACCAGGGTGGCTGCAAAAAAGTCCGACTGGACACCGGTGCCCTGCTTGACGATACCGGCATGGACCACGGTTTCCCCGCCGGCCGCCGCCTCGGCCAGTCGTGCATGGACCGTGATGTCGGCGCCTGTTTCGGCATCGACGGTGATGGGCCGCAGGAGTCGGACATCCCGGAACTGAACCCGCGATAACTTCGTGCGGCCACACAGGTAAAGCGCGGCCTGGGCCATGGCTTCCAGACCGAAAACCGTCGGGAACAGATAGGAGCCCTGGAAATGATGGTCTTTCAGGTAGGGATCGGTCTCCAGGGAAAGTCGGGTTGAAAAAACTGCTTCCACCCCGGGAGACAGATAGCTTCGATTCTCCAGAAATCGCCACTCACGGGGCAGGCCGGGCAACACCTGTTGCCAGGTGTCGAGCCCTGCCATGCGGGCGGTCACCACGGTCTGGCGACGGCCCGGATCATGGGTAAAAATCCTGAGGAACCGGGCAACCCCCTCGTCGGTGGGAATCGCATCGATGCCCTTGTCCCGCAGCAGGTCGACGCTGCCCATGCGGGCCCCCATCCCTTCGTCCCGCCAGATGCTGTAGGCCACCGTGGCCGCCTGTGTCCGGGGGTGGTCGGCGCAAAACCCGCGCAGGGCAATGTCCATGGTCTCATTGGAGAAACCGTACCAACCGTTGCCGGGCATGCCGGTGATGCCGATGATGGACCCCATCCCCAGGATCAGTTTGGGCGGCTTGGCCTGCAGGGCGTCCAGCAGGTGCAGCAGGCCCAGCACCTTGGGGGCGGTTTCGGCGTAGGCCTGCTCCGGATTGACCCGGCCGGTAAGCCGCGGCCGGTTGAGGCCGGCGCCGTGGATGATCCCTGTCACCGGGCCGAAGCGGCCGGCAACGTCGGCCAGCATCTGCGCCACCGCATCCCGACTGGCCATGTCACAGGAAAAATAGTCGACGGGCAGCCCGAGGGCGGCATACTTATCTAAAAGGGTGCGGATCTCCCGGGCCCCGGATGCGCCAGGGGCCTGATCCGGATGGGGGGTACGGCCCACCAGCGCCATGGGCACACCGGTCTCCCTGGCCACCGCCAGGGCGCAGAGGGCCGTAATGCCCCGTGCCCCGCCGGTGACGAGAATGACATCGTCGCCTGACCACCGCAGGTCCCTTTTCCTGTAGGCCGCCGGTTGGGCGAGGCGTGGCATGAACGTCCTGCGGGTTTGGTCCAGATCGTACCCGACAGCGGCAAAGCTGTCCTGGGTGATGGTCTCGGCCAGGGTTTCCAGGGCGATGGTCTCCGCTGGCAGGGCCGGGCAGAAATCCACCACGCGGACGCGAAGGTCTGCCCGTTCAAGGTGAAGGCTGGCCGCCAGGGCCAGGGCGCCACAGCGATCCAACCGGGCAAAACGGGGCTTTCTGCCGAAAAAGCCACCGCCGAACTGAACCCATGCCACGGTGGTCCGGCGCCGGGGAGCACTGGCCGCCGGCGGCAGGGAGGCCACGCTGGCCCGCATGCGGATCATCCGCCTCAGCAGGGCCGATCGATCTTTTTCCCGATGATCGTTTTTGGGCAGGATCGCCACCAGGTGGGAAAAGGCCGGATCCCGGACGTCTTTTTCAACCGCGTCGGCGTCAAAGGCACGCACCCGGGTGGCGGCCCCGCGCTGGAAAAAATGCCTGCCGAGCGCTGAGGCCACGTCAGCCGAGTCCTCGCTGTGGAGAATCAGCACCCGGGCCTTCTGCCAGTCGTTTTCCGACCGCATGCGCCAATTGTCGGGAAACGATGGATAAGGGGTTTTGACCAGGTCCATGCTGAAATTGCGCACCCAGGAGGGCCGGCCGGCAGCCGCTTTGGGTCCGGCAACGGTGCCCCCGTCGCCGGCACCGTGCTGTTCGGCGGCCATGCGGCTCAAAATTGCGCTGATCTGCCTCAGGCTTCGCGTCAGCATCGGTTCGATATCCACATGGGCCTGTATGCCCATGGCCCTCGCGGTTTGCCGGACCAGCGTTTCAAGCTTGTCCGGCCCCATGTGAAGGCCCTGCTCGACCGGCAGGTCCGGGTCCAGGGCATCATCTGAAAAACCGGTGATCCGGGTGGCCTGTTCGAGCAGTTCGGTCAGTGCATCCGGCGGCGCCGCCGCCGGGGCCGGCAGGGATTCCAGGCCGGCAGCGATCCGATCCACCACCCGGGCCAGGCTGGCGTTGGCCAGAGACGTTGCATCCACAGGGTCGGACAACCCGGCATCGCCGGCCAGGCGGACAATCAGATCCCCGGCCTTGATCGAGTCCAGGTTCAGATCGTCCAGGAGCCGCATGGACAATTCAATGCTCTCCGCCGGGAACCCGGTGGTATCCGATACCAGGGCCACCAGCCGTTTGCCCAGGTCGGCGCGGTCAACCACCGGTTGGCCGCCGGCCCCCGGCAGATCATCCTGCAGCCGCTGTGCCGCATCGGCCAGTTCGCCTAACGCCGCATTGGCCAGCAGCGCCGGATCGGGGAAAGA
NZ_AP021874.1_gap78	3534618	3537129	2511	CGCGGACATCGCCTGCCCGCGGCGGGCGGCAAATTCCAAAAGCGTGTCAGCATCAAACACACCGGCGCAATAACAGGCGGTCAGCTCGCCCAGGCTGTGTCCGCCGACAGCTGCCGGCCGGACGCCCAGCCGGGTTAAAAAGCCGAGCCACAGCATCGAGGCCAGGCAGATGGCCGGCTGGGCATGTTCGGTACGGGCGAGTGCGCGAAACCAGCGGTCCAGCTCTTCCGGGCCGGAGGCCCGATCCGTGTCCCTGAAAACCAGGCGGCCAATCGGAATTCCGCCGATTTCACGGGTGATCCCATCCGCCTGCCGGACCAGCGATCGGGCCCAGGGGAATCGATCGGCCAGTGTCCGCGCCATGTTGAGCTGCTGGGACCCCTGGCCTGGAAACAGGAACCCGATCCGGGGGCTGGCGGTGCCCGTTCCCAGCCATATGTCGGCACCCAGAGCCATGGTCCGCCGGTCATCCGCTCTTTTTTCATCGCGCAAGAAGGCTGCCAACCGGTCCAGCCGGTCGATCAGGTCATCGGGATGACCGGCGACAATCGCCGCCCGGATGGACGCATCCGGCGGCACCCGCCGGCTCGTTTCAGCGGAAAGGTCGGCCAGCTCGGCGATGCTGATGCCGTCGGCGGCCGTGACCAGGTCCGCGATGGTTTTCAGCATCCCCGCCTGACCGGCGGCACCCAGCACCATCAGTTCACTTTCCTGGGCGTGGGCCAGCAGCATCCTTTCCTCCAGGGCGGGTTCCAGCCGGTCGTCGGGGGCGTCTCCGGACACCAGGGTAAGGTGGCAGTTGATGCCGCCAAAGCCCATGGCGGAAACGCCGGCCGTCAGTTGCTTGTGGGCAGGCACCCGCCGACCGTGGCGGACGGGATAAAGCCGTCGGGCCGCGCTGTCGAATGCCTGATGGGGGTCGCTGCACGCAGCGGTCGGGGGGACCACCCGACGGTTGACGGCCATCACCGCCTTGATCAGCCCGCCGATGCCCGACGCCGCCTTGGTGTGGCCGATGATGGATTTCAGGGAGGTGATGCCGCAGGGCCGCAGCTGGCCGCGGGGCACCGGTGTGCCTCCCAGGACCCGGGCAATGGCTTCCAGCTCGGTGCGGTCCCCCACGGTGGTACCGGTGCCGTGGCCTTCGATGAAATCCAACGCCTCGATGTCGTGGGGAGCCTGCCGGTATGCCCGCTCGAGGGCCAGGGCCTGACCGGCGGCGCTGGGGGCGGTAATTCCCGAACCGCCGCCATCCGAAGAGATGCCCCAGCCGTTAATCACCGCGTAGACCCGGTTGCCGTCCCGCCGGGCAGCCGCCAGGGGTTTGAGCACCAGGAAACCGCAGCCTTCACCGGGGATGAAACCTTTGCCGCCACGGTCATAAACGGTCATATCGCCGTCGGTGAGCGCGCCGGTTTTGGCAAAACCGACCAGTTCGAACGGGTCCAGGCTGATGTCCACGCCGCCCACGATAGCCAGGTCCAGGTCCCTATCCACCATGCGGGCAGCGGCGTGTGCCACGGCCAGCAGGGATGAAGAGCAGGCCCCGTCGACGGTGAAACCGCCGCCCATCAGGTTCAAATGGTTGCAGATCCGGCCGGCAATGGTATTGGACAGGCCGCCGGCCAGCGTGTCTTCATCGACCGGCGGGAAAACGCCGGTATAATGCGCCTTCAATGTCCGGATGAGCCGGTGAATCTGCCGGGCATCCATGCCCTGTGCCCGGGCGGCAGCCTCCAGCGCCCGACGGACAAACGGCCAGCGCAGCCGCATGGTGTTGGACCGGGTCTGCTCACCGGTCAGGGTGTTGCCGACAATGACGCCGGTTCGCCTGCCGGGAAGGGTCTCGCGGGTGTACCCGGCATCGGCCACGGCCGCCAGGCTGGTGTCCAGGGCCAGCCAGTGAACAATGTCCGTGGTGCGTATGGTTGAAAAAGGAATGCGCCGCCCGGCCCAGTCGAAATCGAACCCGTCAATGACCGCAACCTGTCGGCCGTAGGTTTTGTCGGGCGCTTTTTTATCCGCATCGTAATAGTCGGCCAGGGGCAGCCGACAGTCCGGAATACGGCGAAACTGCCGGCGTCGGGCCAGGACATTTTCCCAGAGTTCGCGGGGCGTGGAAGCGTCAGGATATCGACATGCCAGTCCAATCACAGCAATGGCCGGGGGTGAAGACCGGTGAGTCATAATCGGCAGCCTTTCTCGTTTAAATGTATTTTCGGGAGCTTATCGGAAAGCCTGATAATTGCCGGCCCAAGAGATGGATCCGGCCACAGGAATCTATGAAAATTTTATGCCAATGTTAGTGAACCAGCAGATATCGTTATAAAATGACGGATTTTCTGAAGCCCGGCAGCGTTGCCGCCCCACGGCCGGTATCGATGCCCGCAAAAACTTGACGGTTGTGGGATAAATCGGGCATGCTGTGGCTCACCGTCAGCACATGTGTTGACAACGGGTGTATCTTTTTCCGAACAGGCTTTTCATTTCCGAGAAAGGGAATCGACCATG
NZ_AP021874.1_gap79	3540943	3544653	3710	TCCAGTCCGGACAGGGTGCAGGTGGCCGCCGCCCCCTCCCAGACCGGCTGGGCGTAATGGTACACATCACTTCCCTGCCGGCAAAACACCCGGTATCCCATCAATGTGGCTTCTTGATTGGCATCCCAGGCCAGTGTCACTTGCCGGGAAGCCTGGCATAGACAGGCAGGCACGACCAGAAACCATACCAGCAGGACCAGGCCGAGCCGCAGCCGGGTGGCGGGTGTCAGGTTGTCAGGCAACACAAACAACTTCATGCGCGTCCACATCACTCCATATGCTGTCCAGCATCAATTTCGGTCAAGAAACGCAACAGGGAGGGTCGCCTCCCCCACCGCAATGGTCCGGCGGGCGGGCATCGGAATCAACCTAACAAGATACCGGGTAGCCCGGCATTATACCCATTCGTCATTGAGCGATCGAACCGGAAAAGGCTCACTGGGGTGGAGCAGTGAAACAGCGCCCCTCCGGTCCCTGCCGGATCTTCGTTCTGGGATGAAGTCGGCGTAGGAAAACCGGCGCCGTTGAAAGTCCAGCCGCCGATCTCCGCGTAGGGTCTCGTTCAGGCTATAGCATCTTTTCATTGTCATCTTCAATCTTTTTTACTTTCGCTTGGGAGTGGCAAACGATGGGACAACAAAATTACTTTTACGCAATATTCATGCTATATTAGACGCCCCCGTCCGGGGGCCCTGTCCGGTGGACATCGAAACCGGTGGCGGGTCCGGTTACGCTTTTTGCACGCCCGGTTACGGTTTTTGCGCTCGGCTGCCGAGGTTTGATTTGCCCCGTGGAGTTGTGTTAATTGATATCAACGGCCTGAAAAGACGTGAGCCCACCTTTTTCGGAAAGCACCGCACCCATGAATCTCAGACTTGGCATCACCGGGAAGCTGCTGGTTTGGTTTCTTGTCATCATCGCTATTTTTTATGGCACGATCCTGGTCCTGTATATCAATGTGCAACAGGTGGTGAGGTTGTCCGGAACCATCGTGGCCAAAAATTATGCCATTGCCTCCGGGACCAAAAAAATGATGGAAGCGCTGCTCAGCACGGAGGAAAACAAGCAGAAATACCTGCTGCTCAAAAAAGCCGACTACCTGGTCTTTTTCAATGAGGCACAGCGGGCCTTCGAGGAAAACCTGGCCCAGGTGACCCGGCTGACCACCATGGGGCATGAGATTTCCGACGTGTGGCGGGAAATCAACGATGCCTACGCGACCTATCCCGACGCGGCACAGGTCTCCGATTATCTGGCCGGCGAGGTGAAAAACCCGGCCGCGGTAGACACGTTCTGGGTGCCGGAATCGATTATCAACGAATGGATCACGAAAATTTCCGTCGAGCGGCTGAAGAACGAGGAGGAAATCGAATACGCCACCCGTGAACTGAACCGCAAGGGTCGGCTCTCCGCCAAAAACGGACTCGTCGGTTTGGCCGTTTCCAGCCTGGTCGGCCTGCTGGGCATCTTCTACCTGGCCTATTCCATGATCAGGCCCCTGAGGGAACTGATGGACGGCATCCGTGAAATTTCATCGGATCGGCTCAGCAGCCCCCTCAAAGTCCGCAGCCAGGACGAATTTGGCGAACTGGCCCATGCCTTCAATGAAATGTCCAACCGCCTGCGAAAAGAAGAACGGATGCGATCGGATTTCATATCCATGCTCAGCCATGAGATCCGAACCCCGCTGACCTCCATCCGCGAATCGGTCAACATGATCCGGGAAGAGGTGATGGGGCCCATCAACAACCGCCAGGAAAAATTCCTGAAGATTGCCGGCTCGGAAATCAGCCGCATCAGCGATCTGCTGAGCCATCTGATGCAGGCATCCCGTTTGGAGCCCGGCCTGTTGAACATGCAGCTGGAACCCATCGATCCCCACACGTTTGTTGCCGAGTGCACCAACAGCATCAAACTGGCCGCCGAGGCAAAAACCATCGACATGCGTGTCCAGATCCCCCCCCAGCTGCCGCCGATCGTCGGTGACCGGAAACAGCTTCAGCAGGCCATGTTGAACTATCTTTCCAACGCCATCAAATTTTCCGAGCCCGACACCTGCATCACCATCGGCGTCCGTCAGCACCAGTCCAAAAACCGGCTTTCCTTTTTCGTTAAAGACAACGGTCCGGGCATCCTCGAGGCAGACCAGGCATTTTTGTTCAACAAATATTTTCGCGGCCAACGCGAACGCGAGCGGCTGGAAGGCGTCGGTCTTGGATTGAGCATCGTCAAAAACATTGTCGAATCCCACCATGGCACGGTGTGGGTCAACAGCCAGGTGGGTAAAGGAAGCACCTTTGGGTTCACCCTGCCCAGCGCACCCGAGTGACCGGAGCCGATCGCCGACCGGGACGGCAGCCGCTGAATTTTCTTGAATTGTCAGTCGATGGCGATTAAAAAGAAGGATAAATGATCACCAATGGAGATTCAATGAACAAGGGTATCCGATGACAACCCCCTGGCGAAAACCATACCGCCTGATGATCGTCCTGATGGTCCTTGTCGGCGTGCTGACCGGCTGTGCATCCGTTTTTCAGCGTCTCGACGACCGCATGCACCGCAAACGCTTCAGGTCGGACGATGAGGCCTTCGAAGTGGCTCTGGCGCTATATGGCCAGGGCAATTTTGCCGATGCAGGTGAACGGTTCAAGGCTCTGGCAGCGGCCAGCACCAGTGACAAGATATCCCGTATGGCGTGGCTGGGAGAAATCTGTTGCCACCTGATGCTGGCAGAGACCCAGGCGGAATATGATGCGGCCATTGACCAGTGGCGTGCTTTCGGGACCTCTTCGCCCGGAGGCGGTGCGATGTGGGACCTGACCCTGTTCGACCCCCTGGTGAGTCGCATGGCACCGACCCAGATCACTCGGGTCATCAAAATCCAGCCGGCGGCGACGCAGATATCCACCGAAACCAAAGTGTCTGCGGAACCCAAACGCCAGCCGGAAGACCGTAAACGTCAACCTGCAGACCGGCAACTTCAGGCCGAAGTTGTCAAATTGAAAAAGAAATTAGAGCAGGCGGCCGAATGGCAGCGAAAGGCCGAACAAATCGAAGCCGAGAACCGCTCGCTCAAAGAAAAAATCAAGGCGCTGGAAGCCATTGACCAGAACATTCAAAAGAAAAAAACGGAAATAGCGGCTCCCGGCGAATGATACCATGAAAAATACCAGCCAACCACAATCGGTCCTCGTTGTCGACGATGACCGAAATGTACTGGAAGTTCTGGACGCCCGGCTGTCCAGTTGCGGACTCACCGTCCATAAGGCGGATGGCGGCCGCAAAGCCCTCGGGATCCTCAAAACCCATCGAATCGACCTGGTCGTCTCCGATGTCAAAATGCCCGAAATGGACGGCCCGGCGCTGCTGGCGGAAATCATCCGCACCAAGCCGGGCCTCCCGGTCATCTTTTTAACGGCCTATGCCAACGTTCCCGATGCGGTCAAAGCGGTCAAATCCGGCGCCGTTGACTATGTCGAAAAGCCTTTTGACGGCAAAGCCCTTACCGAAAAAATCCAGTCGATTCTCAGGGACTCCGAGGACGAGCAGCCGGGCCGGACAGCCGAACCGGAGCCAGCCCCGGACAGCGACGACGATACCATCAGTCCGGCCATGAAAAACCTGCATGGTCTGGTAAAAAAAGTGGCCCGCAGCAACGTCAACGTCCTGGTTCTCGGCGAGAGCGGCGTGGGCAAAGAACGAATCGCCAA
NZ_AP021874.1_gap80	3552768	3555812	3044	CCCGGAGATCGAGAGGGCCAGCGGGAACTGGAATCCGCAGCAAAAGGAAACCGCCAGGCCGAAGCCGTATAACACCACCGCCGGTATGGCCTGCCGGGCAACGGCCAGGAGCAGGGCAAACAGGAGCAGCAGCAGGCCAAGCAGCAGATCTGCACCGATCAGCGCCCGGCGCCGGTCGCCGGTATACCGTCCCCCGGTCCAGGCACCGGGCAGCAGGCCGGCCAGGAACACGGTCACCAGCACCCCGATCTGCAGATAAATATAACCATAAAGCGTCTGGAAGGTAAAGATGGCCACCATTTCAGCTCCGATGTTGACGCAGCCGGTGGTCAGCAGCACCCACTGGGGCCGTGTTATCCGGTACAGGTAGGCCAGCGCCGCCGCCGCCAGCACCAGGGCGAACCAGCGTGGCGAGGTGCCGTGCCGCGCAAACCAGTCAACGAAGGCCTGCCGCATCAGCTGTGGGGACAGGTCCAGATTTTGTCCCGCGCCGGTGTCCACGGCGTCGTTGAGCTGCCGGATGCGCCGGTCGGTCAGGTCGCCGGCAAAATAGCGGCGGATGTGGCCGGTTTCGATCCCCTTTTCTTCCAGAAGCGCCGGGATATCGGTTCGGATCGGCCGGTCCCGGCAGAGGAACAGCAGCCGCTGACCCGGCATGAGGGTGACATGCTCAAAAAAAGGGGCGACCGTGTTGGCCAGCGTCGACAGCTGCTGTTGCCGGATGGCGGAGATATAATCGGCCACGCCGTCGATGCCGAAACTGAATACCCCGCCCGGCGCAAGGCGGCTGCTGACCAGTTCGAAGAAGCCGGCCGTGAAGAAGCGATTCACCTGGTAGGTTTCCGGTTCCGGAAGGTTGACCAGGATGGCGTCGTAACGTGTCGGTGTGCGGGCCAGGTAGGTCCGGGCATCCCGGGTAATGACCCTGAGTCCGTCGATGGGCGCCACCAGGCCAAAACGGATCTGAAGCCGGGCGGCCTGCGGATCCAGTTCCACGTAATCCACCCGGCCGGGATGGTATTTGGCCACTTCGGCCATCATGCCCCCGACGGCGGAAATCAGCAGCAGCCGGCGCTGGCGGTCTGTCTGGGAAAGGGGAAAATGGACCATCTCCTCCGCCAGCGCCGCGTCCTGGGAAGAGAGGCCGGGCACGCCGTCCGTGAAAAGGGAGATCTGCCCCGCCGATTCGACCACTTCGATACGGCCGTATCGGCTTTCCGCATAATGAAGCCGCCGGCCTTCCCGGGCGGGCAGCAGCCGGTCTTCCCAGGCGGCGCCCGCCAGCAGGACAGCGATGGCCGCGGTGCCGGCCAGCAGGGTCCGGCGGGAAAGGGCCGATTCCAGCTGACACAGGGATGCCAGCAGCGGCAGGTGGACCACCAGCAGGATCTGAAACGGAGCCAGCCAGTATACCAGGACAAAGGAGAAAACCGCACCGCCGGCCACGTCGCCGATGTTGTCGGCCAGGTACATCCAACTGCCGGGAAATCCGGCCCAGCGCCGCCTGACGACCAGCAGGCTGTAAGGCAGCACAAACCCCACCACCAGGGCGTAGGGGAGCAGGGTGGCGGCAACGAAAGCCAGCGTGGGATAAAAACCCACCGAGGCGCCATGGATGAAGACCAGGTCCCGCATCCGGCGAATGGCAACGACCTGCCCCACGGCGAGAATGGCCAGCAGGCAGGAGAGCAGGGCCAGAATCTCCGGTGATGGGGGCAGCCCCCGCCCGCGCCATCCCCTGGCGGTGGCGGTGCCCATGCCGCCGAAAACCAGCCAGCAGAAAAAAATCAGGGCAATGACGATCTCATTGCCCCGGAATTGCGCCAGGTATTCACGTACAAACACCAGTTGCACGGCCACGGAGGCTACCCCCGTGGCCACCACCACCGCACGGACGCCGCCGTCAGCGGTCCTCTTCAAAATATTGAACCTGGTAGACGAGAACCGTCAGATCCCCTTCCCGCCACCCATCGGCCGGCAGGCCGGCTTTCATGCACAGGTGCGAGAGAAATGATTCCGGCTGGGGAAGCTGCTCCCACACCTGGGGCAAAAAAGTGGCGCTGGCAAGGCCCTTTTTTAGGATCACCCCGTCGATGCCGGGTCTCAGCCGGGACAACAGGTCGGCGGCATCGGTGTAGGCCAGCGGGGCCGGTTCGGAAAGCACGCTGACCTCGATATGTACCCGGTCCAGCTCCTTTTTTCCAAGGGGCGGAAACCGCGGATCGTGAAGGGCGGCGTTCAGCGCATTGTCCCGAACCCCGGACACGATGGGTGCCGTGGCCGACAGGCTGCCGATGCAGCCACGAAGCTGGTCGTCCATTTTAAGGGTAACGAAGGTGCCGCAACGGGCCTGGAGGGCCCCATCCGCAAGCTGCATCGCCAGCTGCCGGTCATCGGCCGGACCGGCGGTTTCCCCAAAATGGGCCGCCAGGGTCTGCCGCGCGAGGGTCACCAGGGCCGCCCCCTGTTCGGGGGTCAGCATGCGGCGGTCATCGGATTGGTTTGGCATCGGTTCATCTCCATAAAAAGCAACGGCACCATATCCCACCACGGCGGCCTTGTCGCCGGATGTGTCGCCGCTGTTGCTGTAATGCAAAAGCAGCGGCCGCCAGTGGCCTTTCCGGGCCAGTTCCAGAAGCACCCCCACCGGGTAGCGGCCGCAGGACCGGTTGGCCTGATCCGCCTGCCAGTTGGGGTCCAGCGATATAATTCGGTCCAGCGTCTCGCGATCCCGTTCGACGGCGTCGTCGTAAGGCAGGCCATGGGACAGGTCGGCGCTGACCACCAGCAGGGTCCGCGGATTCCTGAGCATGGGCGCCACCGCCTGCGCCATCGCCGCCGCATCGCAGGGCCCCACCACCACCGGAATCAATTCGAATGCGGGCAGTCGGGTCTGCAAAAAAGGCAGGATCACTTCCAGGCTGTGCTCCTGCCGATCCGAAGCATCCACCCGTGCGAACAGGTCCGGCCGGTCTTTCAGCAAGGGGGTGAGATCACCGACGGGAACCAGCCCCAGCGGCGTCCGCCAGTGGGACGCCCCGGTG
NZ_AP021874.1_gap81	3562933	3566978	4045	TCGGCAAGGCGCCGGCCGCCGTGTCCACCACCTTTCCGTCCCTGAAAAACAGGAGCGTGGGCAGGCTCAGGACACTGTATCGGCTGGCGGTCACCGGATTCTGGTCCACGTTGAGCTTGGCGACCTTCAACCGGCCCGCATATCCCCTGGCCAGGTCATCCAGCACCGGGGCCATGGCCCCGCAAGGCGCACACCAGGCGGCCCAGCAGTCCAGCATCACCGGCAGGAGGCTGGCGAGCACCTCATCGGCAAAGGTTCGATCCGTCACCACCACCGGCCGGCTCGGCGCTGCAATGGGTGGAAAGGAATTTTTACAGCGGCCACAGCGGGGGCCATCCTTCAGTCTGGCTACGGGAATCCGGTTTCGGGTACCGCAGGTGCGGCACCGCACGAGCACAGTCTCATCTGCCATTTTCTCTCCTTACCGCAATCTACAGGTTGTGGCATCACGCCGTCGGGTCGTCGTTGTCGACAAAGACCATGCCTTCGCCGGGAAAGACCATCCGCTCCTCTTCGGGGGTCGTTCGCACCACCGCCGGCCATTTTCCCGGACGGGGTTCAGGGCCTTCCCGGGCAACGATCCCCGGATGCCGATCCAGCATTTTCGGTTGCGCACGCAAATCCACACCGTTCACCGGGGAACTGAATTCGATGGGGATGTTGTTGGGGTCAAAGGTATAAATGGAGTGGATGAAGCCATGGTCGATCACTTCGGACACCCAGAACCCGGCCGCCTCCAGCCGGTCTTTCAAGTCCCACAGGTCGTCCTCACCCTCGACGCCGAAAGCGATGTGGTCGAAGGCGGCAGGACCATTCACCGGCACCCCGTGGTCCTTTTCCGCTATTTTTTTCGCGCCGGGCCATTCAAAAAAAGCGATCATGTCACGGTCGCAGATCTGGAAAAAATAGTGCCGGTAGCCCTTGCCGCCCAGACCGGCCACCAGACGCATCCCCAGCAGGTCCCGCCAGAAGCGGATGGTGCGGTCCATGTCGCCGGTCACCATGGCCAGGTGATTGATTCCGGTAAATGATGGCATGATCCCTCCCGCGCCGACAGGGCGTGGCAAAACTGAATTCAAGTGGCGCCGGTCCGGAAAAGGTCCTTCCGGCCCCAGATCTGCGTGGTGCTCGCCGGGCGGCCGAAAGCGGATGCCCGGGACCCGGCTCACCCCCCGGCGCGGCCGTCGTCGCAGGGGCCGTCATCGTCCATTCCCCGGGAATGCTCCGCCGTGAAACTGGCCGTGCAGGCCTGCAGGACCTCTTCATTGGACAGGCAGGCCAGGGCCTTGTCGTAATCCGGTTCCCGGGAGATCTCATCCACCAGTTGCGTATAGACCACTTTCCCCTGGCCGTCGACGACCACCACTGCCCGGGCCATCAGTCCGGCCAGCGGTCCATCGGTGATGCGCATGCCGTAGGCATCGCCGAATTCGGGATTGCGGAAGGTGGAGGCCGAGACCACGTGATCCAGCCCTTCGGCGCCGCAGAAGCGGGCATGGGCAAAGGGAAGGTCGGCCGAGATACACAGGACCACGGCATTGTCATGGTTGCCGATTTCGGCGTTGAATTTTCGCACCGACATGGCGCACACCGGTGTATCGATACTGGGGAAGATGTTGAGCACGACGGTTTTGCCGGCGTACTCCTTCAGGGACACATCGGACAGGTCGCCGCGGGCCAGGGTGAAATCAGGGGCTTGCGTACCCGGCTGGGGAAGATCGCCGGACAATGGAACAGGTGATCCTTTAAATGCGGTTTGAGCCATGGGGTCCTCCTGTGATATGATGGGTGAGTATCGAATATAAGATTACCACAATCAATAAACATGCCAATATAAAAATGTTTGCGGGAAAATGGCATCGTTATTGCTAAATCTGTTCCTGCTTGCTCACTTTTCTAAATCTTCAAACTATCGGGAGGCCAACCATGGGTCACAAACGTTACCACATCAAATCTGCCTGCCCCCAGTGCGGGTGCAGTTTTGCCCAGGTGCTGTCCAAAGAGGAGATCAAAGAACGCTATGGGGACACACCGAACATCGAACTGGAGTGCGGCGAATGCATGCTGAAATTTGAAACCGACCGCAAAAGCGCCTGTCCCGAGTGGGACGACGAGTGCCGCCTGAAAGAAGGAGAGGCCTGATTCGAGCAGCGCCGGTTTTATTTTTTTAGGTTGACAGCCGATCGGTGAAACGGGCATGGTTCGGGCATCATTGAATCTGGCAAATACCCATTTTAATCCATCCTCCAGTCGGAAAAGAAAGGCAGATCCAACCATGAGCTACGATTTTAGTGCAGACGATGTGTTCGACATGGCTGAGCAGATCGAAAAAAACGGCGCCGCGTTCTACAGGAAGGCCGCCGATAATGTCACAGACGCGGACGCCAAAACGTTTTTATCGGACCTGGCTGCCATGGAAGAGGACCACGAGAAGACCTTTTCCATCATGAGAAACCAGCTGTCAGGGGAGGAAAAAGCCCAGACCGTATTTGACCCCGATGGCGAAGCGGCATCGTATCTCAAGGCCCTGGCGGATACGCGCATCTTTTTCGAAAAGGAGATTGACACCACTTCCATGCAGGCGATACTGAAGGCCGCCATCCTGGCCGAAAAAGACTCCATTGTATTTTACCTGGGGATGAAAGATCTGGTTCCCGAAGGCCTGGGCCAGTCGCGATTGGACGACATCATCAAGGAAGAGATGTCTCACATCAAACTGCTCAGCCGCCGCCTCATCGCCACCAGGTAGCGGGCTGCCAACGATGTTCGGTCTCAAAATGGGAAGTGACGGATTCACTCCCGCAACTTCCCGCCGCCTCCCCGGTTAGACGTGTTTCGGTGCCGGTATGAGACATCAGTGTGCCACGTTGGCACCTGATACGCACCTTACCTTCTCGAATACCGGCGCACAACAACTCATAGCAGCCAGCGAGGTAACGCCATGAAAAATGTCCGCCTGTGGTGGATCGTGGCCCTGATCGTGTTTGCCCTTTCCGGGATGGCATCGGGCGGCAGCGTCCCGGCCGCCGGAGACCGGCTGGCAGTCATGCGACTGGAGGGCCCCGACCGAACCGACGTACAGGCCTATCTGGGCCTTTCCGGCAGCGGCCCCTTCGACCCCGCAACCATCAGCGGCCGACTGCTCATCATTGAAATCTTCAGCATGTACTGCCCCCATTGCCAGCGGGAGGCGCCGGCCGTCAACCGGCTGTACCAGGCCATCGAAGCATCTGATACGCTGCGCGGCCGGGTAAAGATGATCGGGATCGGGGTGGGCAACTCCACCTTCGAAGTCGACCATTTCAGAAAACATTACCAGATCGAATTTCCCTTGTTTCCGGACGAAGACTTTGTGGTACACAAGGCAATGGGCGAGGTCCGCACCCCCTTTTTCCTGATTGTCGCCCTCGAACCGGATGACGGAGGCAGGATTCTGTGGAGCGGTATCGGTAAAATGGATCCGCTGGACACTTTTCTGGACCGCCTGAGCGGTTTCCTGAAATAGGTGACCCCCATGATCGATCCAACGCGACCGAGGTACATTTCAGTGGTAGCCGCCATCCTGTGGCTGGCGGTTACTCATGGCCACGGCCTGGCCGGCGATGCGGGCATGAAAAACATGATCTTCGACCCCGGCCGACTGAAGCCGGTGGACAGCGTCCTGGCGGTCGAGGTCGGCGACCCGGCCCCGCCCTTTTCCCTGCCCTCCCTGACGCAGGGGACCGTTTCCCTGGCGCAATACAGGGGAACGCGCAACGTGGTCATCTCGTTTGTGCCGGCAGCATGGACGCCGGTGTGTTCCGATCAATGGCCCGGCTACAACATCACCAGGGACATCTTTGCGCAGTATGATGCGACCCTGCTGGGTATCACCGTCGACAACCTGCCCACCCTTTTCGCCTGGACCCGCCAGATGGGCGACCTCTGGTTTCCCGTGCTGTCGGACTTCTGGCCCCATGGTGAGGTGGCACGGCGATTCGGCGTGCTGCGCGGGGACGGTACGGCCGAACGGGCCGTGTTCATCATCGACAAAGCGGGCATCATT
NZ_AP021874.1_gap82	3593347	3595501	2154	GGGGGCGAGGGAACCCTGCCAGCACCGACGTTCATCCAAGGGGACGGATTCCAGACCGCGACGCCCTCGCCCCTGGAGGGGTGAGGGCCATGATTAAAAAGAGATCTGCAGACACTTTCTCCAAATGCGATTCCCCTGTTGCGAAAACAATTCAGACTTGCATCCACACGGCAGCGGCGTTACCATGAGTCTGTCGTATCGTGCTGAACGCCCCGGGAATGGCGAACCATGCCGATTCACACCGGCCAACCATCGTGGGGATGGCGCCGGGCCGTGGGTTCTTTTGACGATCAAAGAATAATCTTCGCGCCTGTAACCGGAAGGTGGTATCGGGCTCTAACAGGGTAGTGAAAAGCCTTTGCGTCTGCCCATAGGGCGCTGGAATTCGGTTCAAAATACTCATTTAGCAACGATGAAAGATTCGTGAACGATTTGAAATCGTTCCTGTTTTTGTCGTCCCCGCGAAGGCGAGGATCCAGTATTTACAGTCACTTATAGATTACCGCCGCCGCGGGAATGACATGTCTGGTAACTTTTTGGGAAACTGTCATTATTGGATGCTCTGCGGTTCGCTTTTACATCTGCATTTCAGGTCAGGTTCGCTGCAGCGCGTTACCTGACAACTTGAAAGTGAGGAATCAGGAAATGCCAAGATCCCCGGTGTTGATCGTGCTGGCCTGCGCCCTGCTGTGGCCCGTATCGTTCGTCGGTTGTACCTCCCAGAACACCTACCGCTACGACACGATCAAGACGGAATATGCCGACCTGGCCTGCAACCTGGGCGAAAGCCGGGCGGCGGATGCGCCTGCGGCCACGTGCGCGGTCAACAGCAGCCTGACCCTGCAGGACGTGCTCGACATCGCCCGGGACAACAACCCGGACCTGCTCATGGCCGTGGCGCGCATCGAACGGGCCCGGGCCCTGCTGGAGAAATCGGCGGCACCTTTTTATCCCCAGGTGAACGTCTACACCGAGTACATCCAGGGCGACGCCCCCTCGGCCTACCTGTTTCGGACCATCGACCAGCGCAAACTTCCCCCCGGGACCGACTTCAACGATCCGGGATGGTTCGAGAACTATGAAAGCGGCGTCAGCGCCGGCATCAACCTGTTCAACGGCGGCCGGGACAGGCTTAACCGGGAAATGGCCAGAACCGGGCTGACCATTTCTCAACTGGACCGCGACGCCATCGAAAACCAGGTCATGGCCACGGCCATCGGCGCCTATTACGATGTCCTCGCCGCCGCAAACTTCACCTCGGTGGCCAAGGCCTCCGCGGAAACCACCCGATCCCAGCTGCGCATCATGGACATCCGGTTCCAGTCGGGCGGCGCCCTCAAAACCGATCTGCTCTCCCTTCAGGTGAGGGTAGCCGAGACCGAAGAAATTCTCGTCCAGAGCCGCAACCGGCAGCGCCTGGCCAAGGCGGCGCTGGCCGAAATTCTCGGGGTAGAGCCCGAGGTGCCTTTCGGCCTGGCCGAAGCCGCGCCCAGCGCCATCGAAGTGCCCGGGGACCCCTTTTCAGCCCTGGACTACGCCCTGGTTCACCGGCCCGAACTGGCCGGCGTCCGTGAAAAACTGCGCCGGTCAAAAATGGCCGTGGATGCGGCCCGGGCCGGCTACCTGCCCCAGGTGGATTTCACGACCCGCTACTATGCCGACGATCCCGAGATGAAATACAGCAGCGACCGGGACAACTGGACCGCCGGCCTCTACCTGAACTGGAAGCTCTTCGACGGGTTCGCCACCCGCAGCGACCGGGCCGAGGCGCTTTCCCAGCTGCAGGAGACCATGGCAGCCGACCGCAAGACCCTGCTGGCCGTCAAGTTCGATGTCAAGAAGGCCTACCTCAACCTGGACGAATCACAGCAGCGGCTGAAAGTGGCCACCTCCAGTGTCCAAACGGCCCGGGAGACATACCAGCTGGTCAAACGCCAGTACGAGGGCGGGTCGGCAAACATCACCCGCTACCTGGAATCCGAACTGGCCTACAACCGGGCCAGAATGCGTGAAACCACCGCCTATTTCGACCGGGAAAAAGCCCGCGCCCAGATCGCCCGGGCCATCGGCTACTGGACCGGTAATCGTCACCAAGGAGGAACCACCCGATGAAAAAGAATCCCCGGTTCACCGGCTGGCCGACCGGCCTGTGCA
NZ_AP021874.1_gap83	3609295	3613340	4045	CCCGGCAGAGGAACTGATCTGGCAGGATCCGGTGCCCGCAGTCGATCACGAGCCGATCGACGCGCAGGATATCGCCGACCTCAAAGGCAGCCTCCTCGCATCCGGGCTGTCGGTTTCCCAGCTGGTCTCGACCGCCTGGGCGTCGGCATCCACTTTTCGCGGCTCCGACAAGCGCGGCGGGGCCAACGGGGCACGCATCCGCCTTGCGCCGCAGAAGGATTGGGCGGTCAACCAGCCCGAACAGCTCAAGACGGTGCTGGGAACCCTCGAGGGAATCCAGAAGACGTTCAACGACGCGCAGTCCGGCGGGAAGCGGGTGTCGCTGGCCGATGTGATCGTTCTGGGCGGTTGTGCCGGTGTCGAACAGGCGGCCAAGGCTGCCGGTCACGAGGTGGCGGTTCCCTTCACGCCCGGACGCACCGATGCGTCCGAGGGGCAGACCGACGCGGCGTCATTCGCCGTTCTCGAACCGTCCGCGGACGGATTCCGCAACTTCCAAAAGAAAAAATATGCCGTCTCGGCAGAGGAGATGCTGATCGATCGGGCGCAGCTGCTGACCCTGACCGCCCCTGAGATGACGGTTCTCGTCGGCGGGTTGCGTGTCCTGAATGCCAACGTCGGAGGGTCCCCGCACGGCGTTTTCACCAGGCGACCCGAGACGCTCACCAATGACTTTTTCGTGAACCTGCTTGATATGAATACGGCGTGGAAGGCCGCCTCGGCGGACGAAGACGTGTTCGAGGGACGTGACCGCGCGAGCGGTGAACTCAAGTGGACCGGCACCCGTGTGGACCTTATCTTCGGTTCGAACTCCCAGCTCCGGGCCCTGGCGGAAGTCTACGGATGTGAGGACGCCCAGGAAAAGTTCCTGCACGACTTTGTAGCCGCGTGGAGCAAGGTCATGAACCTTGACCGCTTCGACCTGGCCTGATCGATTAGACGTCAACACACTGGCATAAAAACGGATTCAACCGGGGACCCCGGGGGCCTCGACGCCCCCGGTCCCTTAACCTTTCAGGAGACACAGCAATGGCGGAGAAAAAATTCAAACAGGTGTGTGAGTGCAAAAACTGCGGGAACGAGGCTGAAATGGTCATTACCTGTTCCCTGGAAGAAGAGAAGGCGGCGGCAACGCCTCGTGTCGTCCCCAAGGGCGAGGGCAAAACCGAAGGGCATGCCGTGTGCAGCCATTGCGGCGGAGAAGCGGATATCTGGCTGGACGTCTGAACCCTTTTTAGGCCGACCGTCCGAAATGGCCCTCGAAACACGGACGCGCCTGACAGTTCAAGATTCGTGGTTCAAGCGGTCCAACTGATCCACGGTTGACGGTTCGACATCGACCGTGCCGCGCTGGCGGCTCATTTTCTCCTTTCGATGGCTCCGATCCCCGGGAACGGCAACCCGGTCCGCCCAATCGGCGGGCGTCTCCCTGCGCAGTTGCCGGCACATATCGGAAACCGCCGTTTTGAAAGCATTCCTGTCCCCAAAGCCGGCAATGTCCAGGGCCAGGACCAGGCAGCCATATTCGTGGGGATGCCATCCCGGGGTCTGCAGTGTGCTGAGCCGGCTTTGCACCAGGGCACCGGTGAGCACTTCGATCAACAGGCTGATGCCGAACCCCTTGAAGCCGCCGCCGATGGGCAGCAGATTGGCCACCCCGTCGTCGGAAAGCGCCTCCCGGGCAACGGTGGTGGGCCTGCCGCGGCGGTCCACGGCCACATGGTCCCGCAAGGGGTTTCCTTTTTCCCTGGCGTTCTTGATCTCGAAAAAGGGAATTTCGGTGGTGGCCATGTCCAGGCAAACGGGATCGTCGGCCGTGGGGATGGCGTAGGCCATGGGATTGGTGCCCAGCACCCCGCGGGTGCCGCCGAAAGGAACGGTGCACCCGGTGCCGCCGTTGAACAGGGCAATGCCGATCAGGTCCCGTCGGGCCAGACCGTCGGCCCACATGTTCAGGGTAATCACCCCGGCGGAATTGTGAAAACCGACGGCCGCCAAACCCAGCCGCCCGGCCCGCTCCGCCAGCGTATCGTGAATGGATTTTATTTTCAGGGATGGCGCCAGGCCATTGAAATCCAGTACCGTGACGGCCCCCCTGTCCACCAGGGGGGTCACCTCATGGCCCGTATGGTCGCGCCAGACCGCCAGATCGGCCACGGCTTCGGCCAGCGGATTCATGCGGGGCGATTTCTTCAGATGGGCCTGCATGCAGAGCGCGGCGAAATAGTCCGCTTCCCCGGGCGAAACAAACCGCCGCGCGGTTGCCGCCAGCCGGCCTTCAAGCTCATTGATGTCTATCTGCATCGGCAGCCTCCATCCCCTGATCCCCCGATCAGCGTAATTTCACCCCGATCCCCATCGACCCGCACCCGGTCGCCCACGCTGATGATGTCGAACGGGTCGTCCTCGAGGTCCGTGACCATGGGTACGTTGAGTACGGCCGCCGTCACCGCGGTGCGGGAATCGAGATGGGGAAAGACCAGCGCCGCCGGGCCGAATCCGGCCACCTGGGCCGCGTGAAAAAAAATGGACCAGCCGTTGGAACCGCGGCTGCCCTCCAGAATCAGGACGCTGCCTTTGAGGCGCATGCCTTCCAGGGGGTGGCCGGGCTCCTTCACCCTGCCCGTATGAACGTCAATTCCCCCCCAACCGGTAATGGTCCGTCGGCTGATCAGTGCCGGCCCCTCGGCGACGCCGCCCAGGGCCCCCCTGCCGCGAATGACGATCGATGCCATCAGTGTCCCTCCCAGGTTCCGCTGATTGCCGTTTGCAGGCACTGGTCCAGTGAGCCGTAATAAAGCTGTGCATCCGTCTCCTGGGCTGCCGACAGGCGCTGTTTGGCCGAATCGTAGGCCGCCGTGCGCACACCGGACGGGTACCCGCGGGTCGACGGGCAACTGCCGGTGAGCACCCGGGCCCCGGCGTTTTCGATCGTTTCCGTGTAGCCGCAACGATCGGCCATATACTTGAACGGGCCGGCGGTCCACACGTGAACCACGGTATCGGGATGAATGCGCCGGCCATCCAGGAACGCGGCGATGCGACGAAGTTCATCGATATGATAGTGGGGGCAGCCCAGGGAGATATAGTCGATCGGCCCCCGCGGGTTGCCGTTGAGCCCATCGACGGATTCGGCCGTATCACGGTCGGAAACGATGATGCGGCCCTGTTCCGGGTTGCCGCCCAGCGCCTGATCGATGCTGCCCGCCTCCGGGGTGATCCCTTCCAGGTGGCAGATCTCCGTACCGGCCGTGCAGGCCAGCGAGGCAAAAAAGGCTTTGAGCCGGATGGCATCGGGGCGTGCAAAGTCGCCGGTCAGAACAGGCACGGCCATGGGCGGCAGCTGCCTGCCCAGGGCATGGCCCAGCACATCCCAGTCGTGCACCGATTCAGGACGGGACCGGACCGCCACCAGGTGGGTGGCCCTGCGGTTCTCCGGCAGGTGCAGGCCCCACAGCGGGGTGTAGCCGCACACGGCGGCGCAGAAGCTGGCTTCGATGCCGTCCCCGTTTCCGCAGGCGCCCCAGAGACTGTTCAGAAAGAGAACGGCACTGGATTCACAGCTGACGAAATGCTCCCCGGCAACTGGAATGAAACCGAGCAGGTAGGGCACGCAGGTGCCGCTGAGGACGACCCCCGCATCCACGAAGCGACGGAGCATGGCCAGGTTCTGCACCTGCCGGTTCGGCCCGGCCAGCATGTGTCCCGGTAATTCGGTGCAGTCCACCTCCACGCCGCTGTAACAGATGCAGCCCCGATTCATTTTCTCAAGGCGGGCCGCCTGCGTGGTGCAAAGGGCCATGGTCGAGAATATCCGGTCGAAATCATCGGACACGGCCACATCCAGATAGTGGTGGGCGCCGCAGAACAGATCCGCCCAGGTGACCCGGCACAGCCGCTCTGCCCCCAGTACCCCGGCGTAGCGTACGATCAGCGCCATGGCCTTTTGGGGCGCCCGGCCACCTTCGCCATCCAGGATGGCCTTTTGGGTATCGGTGAGTTCCATCGGTGTCCTTCACCTTTCTGGCAGGTTTATGGACGCATA
NZ_AP021874.1_gap84	3619922	3623356	3434	CGATGTCACTGACGATAACCACCTGGCTGCCGGCAAGCCCCATGCGTCCGAAGGCCTTGTCCAGGCTGGTGGTGATGCGTTCATGGCTGCATCCCGGGCAGAACACCGGAGGCCGGCTGGTATTGATCAGACTGCTCATTTATATCACCTCCCCGATCTGTTCCGGTTTGATCAGATTGCCGTTCATCTGTCCGAAAAAATCGATGCTTTTGCCGGGCAGCAGCCGGCGGATCTCACGCACGTACTGCCCCGTGTTCATTTCCACCACCACGACCCGCTCATAGGCGGCGGCCGTATCGACAATCAGCCGTTCCGGCACCGGCCACAAGGTTTTGGGAACCAGCAGGGAAACCGGCTTGCCGGCCGCTCTGGATGCGGCCACCGCCACCCGGGCGGCCCGGGCGGTCACGCCGTAGGCCACCACCAGGGTGTCGGCCCGGGGGTCCAGGTCCTGGTCGAAAAAGGTGAACCGGTCCACGTGGGCGGTCAGTTTTTTCTCCAGGCGGTGCTGAAAGGCGTTGATCTCATCGGGATCGACGGTAATGTATCCGTTGGCGCCGTGGGTGGAGGAGGTCTGCCGTACCAGGGTTTGATCGCCGATGGGCAGAAAATCCGGGGCCGTGTCATCACCGGCGCTGGCAAAGGGCAAAAAGGGGGTCTGCCGGTCGGCCGGCCGGCGGGTGACAATATCCGGCAGGTCGATGGCGTCCAGATCGACGCTTTCCCGGGTCATGGCAATCTCCTTGTTGGAGGCCAGAAAGACCGGGCAGCGAAACTGTTCGGCCAGGTTGAAGGCGTGGACGGTGAGCCGATAGCAGTCGGCCGCATCCACCGGCGCCAGAACGATTACCGGCAGACCGGAGCTGGAGCCCCAGCGCATGAACTGGATGTCCCCGTCCGCCCCTTTGGTGGCGGATCCGGTGGAAGGCCCCAGCCGCTGAACGTTGACGATGACCAGGGGGATCTCGCTGCCGATGGCAAAGGAAATCTGTTCGCTGTAAAGGCTGATGCCCGGTCCCGACGTGGCCGTGAGGACCTTGTTGCCCGCCATGGAGGCGCCCAGGCAATAGCCGATTGACGCGATCTCGTCCTCACCCTGGAGGCAGACCCCGCCCTCCGGGGGCAGGTACCTGAGCATGGCGTTGTATATGGTGGTGGCCGGCGTGATGGGATACCCGGCAAAAAACCGGCAGCCGGCGGCCATGGCCCCCAGCGCCGCCGCCTCGTTGCCCTCGATGAAACTCAGAGCCATTTCAATCCTCCCTTAAAATTTTATCACATATTTGATCAAATTCAGGATCAAACCAAAGCACCCATAACGAAACCCCTTTGGGGTGTCAATGCTTTTTAAGGCAGGACGCGGTTAAAGCGTTGGAAAAGCGTGAGTTCGCGGACGGGCACCGGCATGGGCGATGCTTCTTTGGGTTCGGGCGCACCCGGCATCACCCACGCCGGCCGACCGGGCGTAAAGGGGGCGGCCCGGCAACGGGACCGCTGTATCCGTATGGCATTCCGGTCAGAACGAAAACCCGGCTTCCACGAACGGACCGCTGAATTCCACATCCGCCAGGATATCCTCTTCGTCCAGTTCGGCCTTTTCGTACCGGTATCCCCCGGCGGCAAACAGCGGGCCGGCGACCCTGACCTTGACCCGGCCGATCAGGCTGTATACGTCGTTGCCGCTGTATGAAATGCCGCGCCCTTCCGCTTCGAGGGACAGGCGCTCGAAGGGACGGAACTGGACCGCCAGAAAGGCCATGGGGATGGGAAAGGTGCCGGTCTCGGACTCACGGAGTCCGCTTGAATCCTGGCGAATCTTCAGTTCGTAATCATATATGCGCACATTCACGCCGACATCGATATTGAACGTGTCGAAGGTGGCGGTTTTGAGCAAGGGAATGCCATAATACAGGCCCACGTCCAGGCTGTCCAAGACCGTTTCCGAATAAAACGGCCCCGGATTGAAGGTGACGTCGCCGAAATTGAATCCGTCTGCTTTTTCTCCGGTTGCACTGAATTCCATGGGCGTGGCCATAAGGTAGATATTGGGCAAAAACAGCGGCATGTCGATGGACAGGCGGGCCGAGACCCGGGTTTCATCGTCATATTTCAGGTCTCCTTCGACATCGAGGATATCGTCCGCCCCCAGGACCTTATACCCCAGCGACCCGCTGGGTTCCTGGAGCCACCCGCCCACGGCAAACTCCACGCCAAAGGCACCGGCAGGTACCGCCGCTGCAATTAAAATCAAACCTGTCACGGCCGCCAGCAGATACGTCCTGTTGATCATGATTGCTCCTTTAAAGCAAAGCCCCCGGTTGATCGAGCGCCTTTCCGGACATGGGGGATTCGGGTCCGGAACAGGGCCAGTGAAGCATCTTTCCGCGGGCATATCGCTCGGCGTCCGAGGACGAAATACCCTTTTCCGGATAGTCATGGATGCATGGATCGGTTATCGTCAGCAGGGGCAAAAACTTGAGCGCAAGAATCGATGGGGGCATCGGGGCACCGGCATGACGGGCCGCCAGGTGCCCCGGGTTTTCTCAGGCCTGTCTTAATTTCTGCAGGGCCTGTTCAGCCGCGATGGTGATCGGCTCGGCGCTGGGCTCCGATGAGATATCCGGGTTGCAGGCCGAGGTAAAGGTGGTCAGTTCGCCGATGGTCCGCCGGCCGAGGATGAAGGCACTGACCGCATCGATCTCCCTGGACGGTCCGATCGTGTGGCTGACGATCTGGCCGCCGATCAACCGCTGGCTGGCCTTGTCGAACACCAGCTTGATCTTCCAGGGCAGCATGCCCGGAATCATGGCGTGCTTGCTGCGCGAATCGACCACCGCGCAGACGGTGTCGAACCCGTGGCGTTTGGCATCCGCGTCCGTGAGGCCCGTGGCCGTCACGACCAGGTCGAACATCTGGCATCCGCCCGCATTGAGCACGCCGGGAAACTGGATATCATAGCCGGCCAGCCGTTTGGCGGCCAGACGGCCCTGCATCACCGCCGGGCCCCGAAGCCGGCCGCCTTCGGGCTTGCCGGTGATGAAATTGATTTTTTCGACACAGTCGCCGCCGGCAAGAATATCCGGGTCGGAGGTTTCCTGATAGGCGTTGACCTTGATGCCGAACTGGCCCATCTCCAGGCCCATGGCCTCGGCCAGTTCGGTGTTCGGCCGAACCCCCACGTTGATGAAAACCATATCCGCGTCGATGACCGTTCCCGAGTCCAGTTCCACGCCGGTCACCCGGCCATTGCTTCCGAGAATGGTTTTGACTTTCTCGCCGGTGAGCAGCCGGATGTTTTTTTCCGCCAGATAGTCCGCGACGGGTGCCGCCATATCCGCGTCCAGCATCAGGGGCAGCGGACGGTCCATCAACTCGACGACGGTAATCGTTCTCGGGGAACCGCCATCGGCTGCCAGCAGGGACGCCACTTCCAG
NZ_AP021874.1_gap85	3671072	3675092	4020	GCGTTCCTCGAACACGCCGTAGTTGGGCAGGTTGAGCTTGCGGCAGGCGAACAGGATGTCGCCGTCCACGGCCACCAGTGCCGAATTGTAGAAATTCATGGCTGGAGACTCTTCGATAAACCCGACGACCGCGGCCGTCCCCCTGGTCGCCCTGGCCAGCTGCCGGATTTCGGGTGCATCCATGCGCAGGGCCGCCTGGTGATATCGCTCACGGACAAAGTAACCGGTCAGCGAGAGTTCGGGAAAGACCACCAGGTCGGCGCCGTTGACCTTGGCCGCTTCAATCTTATCGATGGTGCCTTCCAGGTTGGTCTTGACGTCCAGCAGGACCGGGTCGGTCTGGTAAATACACACTTTCATCGATGCGCCCTTTCCATGGGTTGCCGGCATCCGCCGGGACGGTTTCAGCGGCCGGCGGCGGTGCCGGCACCTGCCTTTTTTAGCGGCACGTCAGCAGTGATCGTGTTAAATCCGAGCGTCGTCCATCTTATGATCGGCATCCGTCGATGATGGGGTCGATGGTCGCCCACTGGTCGGCCGACCAGAGCCGGCCCTTCAAATCCATGGCCTTCATTTTACCAATCACCGGAACGGTCAGCCAGAGAAATTTTTCTTCCAGTTCGTGATCCGACGGCAGGGTATCCGGCGGCTCCCAGCGTGCTTCGATACGCCCGGAGCGAAATACGTCGCCGGTGGTCGTCTCGACGATAACTTCGGCCGGGGCCTTGGCCGGGAACTCGGCCTCGAATTCGGGGGCCACTTCGGTGGAGACCCGATCCAGCAGGGCCAGCAGCCTCGGATCGTGCAGGCGCGGCGGGAGCACCTGCCCGGGCCCCACCTCCCCGTCCAGCAGGGCCGCGGCCACCGGGAATGCCAGGCTGTACTGGGCCGCCTCCGTGTCGCGGGGATGCACGCCGGGCAGGCGGGTGGCCGCCTCGAAGGTGCGCACGCGGATGTGTCCGATCTGATCCGGATCCAGGCGATGGTCCCGGACGATTTGAAGCGCACCGGCCACGGCCGGCTGACCCCATCGGCAGGCGGCATAGGGTTTGAAATAGAGGTTGAGGATCTCCCATTGTTGGCCCAGGTTTAGCACCAAGGATGGTTCCGGGGCGTCGTCGAACAGGGGACGGATGCCGGTGAACCCGTCACGGGCCATGAGGGCCGACAGCACCGCTGTCATGCAGCCCCAGCCGATGCTGTCCTTGCCCATGGAGGGCGTGTCGATGCCCTTCATCATGGGGGCGATGGGGGCGTGGTATTCGGCGGCGCCCATGGCGTGAAAGAGCTGGCTCCCGGTCAGTCCCAGCAGCCTGCCGGCGGCAGCGGCACCGGCGATGGCCCCCCAGCTTCCCGAGGAGTGGTAGACGTCGTAGGTGGCGTGGCGGATCAACCCGGCGCGGGTGCCCAGTTCGTAGGCCACCACCAGGGCGGTCAGAAATTCCCGGCCGCTGCAGCCGCCGGCCAGTTCGGCGGCAGCCAGCACCGGCGGCAGGGCACAGGCCCCGGGATGCCCTTTGGTGGGTCGATAACCGTCGTCGATGTCCAGGGCATTGCCGGAAAAGCCGTTGGCCAGGGCGGCACCGGCGGCCGATACGCGTTCACCGGAAACCATGATGGTGGCCTGGTCGCCGCCAAACTGCTCCAGGGCGGTCTTGCGAATGATGCCGGCGACCGGCGTCTGTGACCCGGCGACCAGCGCACCCATGCTATCCATGAGGCAGCGTTTGACCTGGTGCTTAACTTCGGCTGGCAGGTCTTCCCAGCGGGTATTCAGGGTGAAACCGATGGCATGCGAAGTCAGTTGACCCATGGCCGTTCTTAATTGCCTTCCGGACAGTTCGGCGATACCGTCCACTTTATGAGTGGGAGATAAACAGCGTCAATCGGTGACGTCGATTTAAAAGCGCACACGGGTCATCGGCATCAGGCAAAGCGCATGCATGGGCCCGTTTCATGAACCTTTCAATAAAAACCATCGCTCGTCAACCATCCCCCGGCACAAATGGCCAGAACCTTTCGTGCCGGGGTATATTCTACAACAAGCCGTTGGCCTTCAGGAAGCCTCTCGCGACATCAGTAACCGATTTCTTGTCGACATCCACCTGCGCATTCAATGCGGACATGGTCGCGTCGTCGATCAACCCGGACAGCATGTTCAGTTGTCCGGCGAGATCCGGATTCGCATCCAGCGTCTCTTTGCGAACGGTCGGCGTAATCGCATAGGCGGGGAAGTAATTTTTGGTATCCTTGAGCACCCTGAAATTGAAGGCCGGAATACGCCCATCGGTAGCAAAAACAAGCCCCACGTCGACATCGCCATCCTTCAGTGCCTTGTACACCAATCCGGTCTCCATGCGTTTGACGGCTGAACGGGGGAACTTGAACCCATAGGCTTTCTGGAGCGGTTTCAGGCCGTCGTCCCGTTTATAGAACTCGATGTTGCACCCCAGTTTCAATTTATCGCCGGCATTGAGTTTGGCGGCCAGATCTTCCAGGGACTGGAGGCCCTTTGACTCGGCATCGGCCTGGCGCACCGCCAGGGCATAGGTGTTGTTCGCAGCCGATGCATTCAGCCAGACAATACCCGTTTGCGCATCTTTGGCTTTGACCGCCTCATAGATCTGCTCGGCAGGCTGATTGGCAAACTTGTTTTTGTGGAAATTCAGAAACGCCGTGCCCGTATATGCCCAATACATGTCCACTTGTTTATTTTCCAGTGCGCCGCGCACCAGCGAGGTGCCCATACCGGTTTTGAGTTCGACATCGTACCCTTGCGCCGTCAGATATTGACCGGTAATTTCGGCCAGCAGCAGCTGTTCGGTAAAGCCCTTGCCGCCGACAACGATCGTAGCGGCCAATGCCGTTTGAACGGTAAACGCCGTAATCAACATCATCGTTACGAAACTGATTTTTTTAAAAACGTCTTTCAAGGTTATATCCTCCTTCATAAGAGTTATTCGTTTGCAAACCGTTGCGGGTTTACGCCTCTGGGCAACAGCCAGAACTGAATTTTCGACAAAATAAAATCCGTCAGAATCGCCAGCACGGCGACCGATAAGGACCCGATCAGCAAGGAATTGAATTCATTGAGTTGAATCCCGGTAAAGATATACTCCCCCAGGCTGTCGGCAGCGATCAGGGTGATCAGGGGGCTGGTGCCGACATTCAAGGCAAAACCGGTTCGAATACCGGCGGAAATGACATAAAGGGCGTTCGGAATTTGTACTTTCCACAGGATTTGCTGATCGGTCATGCCCTGACCCCGTGCGGCCTCGATCATATGTTCCGGAACTTCGCTGATCCCCTGGTAGGTGTTCCTGACCACTGGCAGAATGGTGACGGTGGCCAGACCGATAAACGCCGATTTGAAGCCAAGTCCGGTCAGGGTCATGATAATGGCCAGGATGGCCAGCGTGGGCACGGCAGAGAGAATATTGAACCCCTGGGCGAATAGTTCCGCATACCGCTTGAACCACGGTCTCGTCATCAGGATACCGGAACCGATGCCCAGCAGGGACGCCGTGATGCCTGAAGAAAAGACGATGGCAATATTCTGTCTGAGCAGATAGATCCAGTCCTCATAGGTGTCCCGAAACTCCTGAATCAATCCGGTCGATTCCGAAAAGACACCGGCCAGATACACCACGCCGATCAGGATATACAGAAACAGCGTCTTGCTTCTCCTTATGAGTTGTATGGCGGTGTTCATGAATCCATCCTATGTGATTGTGTCGCCTCGTTTGCGGGGGACCTCACCCAGCAGGCTGGCAATGGTGTGCTGGGTGAGGTAACCCTTGTAGGCACCGTCATCGTCCACCACCGGCAGCCAATCGCTTGCATGGGAGTACATTTGTGATACGGCATCGTGCAGGCTGTCGTTTTCATGGATCGTGCCGGGTATCGGATCGATGTACTCATTGACAATACCGCTTTGGTCTCCACGTATCTCTTCTTTGGTGATGTATCCCTGTGCACGGCCCCGCGGCCCGACCATGACCGCGATATGGGCATTGTGGC
NZ_AP021874.1_gap86	3690907	3692246	1339	AGAAAATGTAGAGCTGCAGCAAGGAGCTGGAAACCGTCAGGCTCAGCATGGCCCAGGCGAACAGGGACATGCAGCCGTAATAGCGCCCGAAACCCGGGTCCCCGGCCATGTATCCCAGCGAATAGACCTGGACGAGGAAACTGATCGCGGCCACCACGGTGAACATCAGCAGGCTGGTCGGGTCCAGCAGGATGCCGAGGGGGATCGCCGTCTGTCCGGAAACCACCCAGACGGTCTGGAATACCAGCGGTGCCGGCATCTGCCAGTGCTGGACCAGCAGGGTGACCGCCGCCATCAGGGACAGGCCGGCGGCGCCGATGGAGATAACCGCACTCAGCCGATGGCGCGACCGGGTGGCCACCATGATCACGCCGAAGGCCAGCAGCGGCAGGATCAGGGCCGAAGCCGCAACGATCAGACTGAAGTGAAAAGGGGTCGCGGTGCCCATACTCAAGGGGTTCCTCCCGTTTCGACTGCCGCGTCACCGAGCCCAGGGTCCACCGACCCGGTGCGCCGGTAGACCACCAGAATGGCGGCCAGCCCGACGGACACTTCCGTAGCGGCAATCGCCAGGATAAAAATGACAAACGCCTGCCCTTCCATCTGCTGCCAGTGCAGTGCCGCCCCCACAAAGGCCACCGCCGCCGCATTGAGCATGATTTCGATGGCCAGCAGCATCATGATCAGGTTGCGCCGGGCCAGGATGCCAAACATGCCCAGGGTAAACAGCAGGGCCGACAACAAAAGGATGTGGTTGAGCGGAACGATCACGGCGCCTCCTTTTGCCGGTCAGCGGACGGCGGACGGACCCGGATGCCCAGCACATAAGCGCCCACCAGGGCCACCAGCAGCAGCATGGATGCAATTTCCACGGCCAGCCAGTGGGCCTGGAAGAGGAAGACGCCGAACGTCATCGGCGATGCCTGGGCCGCCGATAGGGGAGCCCATCCCGAGGTGTCCCGGCCCACCAGCACCGTATTGACCAATAAGAAGCCGACACTGATGAAAATAGCCGGCAGCAGCTGCCCGGCCGGAAAGAACATGCCGGGCCTCTTTTTCAGCCGGATCATCATGATCAGGAAGAGAAAAAGCACCATGATCGCGCCGGCATAGATGATAATCTCAAGGGCCGCCAGGAAGGGCGCCCCCAGCAGGTAAAAGAGCATGGCCGTTCCAAAAAAGGACAGCACCAGGTAGAGCACCGCATGGACCATGTTGCGCCGGGTGACGGCCAGCACGGTGGACGCGAGGATCAGCAGGGCGATGGCGTAAAACAAAAGGGTGAGTAGGGACATGGCTCAATCACGATGTCAGGGTAAATTACTTTTCACATTCACCG
NZ_AP021874.1_gap87	3820616	3825137	4521	TCTCCCGGTTCGAAGCGGCCCTGCAAAAGGGCTCCCCGTCTCCCCGCAAACGGATCATTGAGGCGTACAGGGCCATGGCAAAAGCCTATGATGAGGCCCGAAGCTACACCACCGGGTGTTTTGTCGGAAACCTGTGCCAGGAGCTGGCCGACACCAACGCAGCCGTTGCCGAAAAGGCGGAATTCCTGTTTCGGATATACACCACGGCGCTGGCGCGGTGCATCCGCAGCGCCCAGGCCGCCGGGGAGGTCGCTGCGGAAGCGGACCCCGACCGATTGGCGGAAGCCATTTTCAACAGCTGGGAGGGGGCCATCCTGCGCATGAAGTCCAGCCGGAGCATCGGGCCCCTGAATGCGTTTCTGGGCATGCTGGAGATGCTGCTGCAATAGTGCCGGACAGGAACTGGAAATGGCAGGTCATGGTCCAGACAACAAGGCAACTGGGTTTGAACCCAACCAATGAAATAGACGACCGGTCATTGGAATCAATGACCGCATTGAAAGGAACACCATCATGACAGACACGTTATTTACCCCCTATACCCTCGGATCGTTAACCCTGCCCAACCGCCTGGTCATGGCGCCCATGACCCGCAACCGCGCCGATGAAAACGGAGTGCCCCGGCCCATGACCGCCACCCACTATGCCCAGCGGGCCACGGCAGGGCTGCTGATCACCGAAGCCACCCAGGTTTCTGACAAGGCCAACGGCTACATGTTCACCCCCGGCCTCTACACCGACGACCAGGCCCGGGGATGGCGGGCCGTCACCGATGCGGTTCACGCCAAAGGCGGCCGCATTTTCAGTCAGCTGTGGCATACCGGCCGGGTGTCCCACACCCTGCTGCAGCCGGATGGCGGGGACCCGGTGGCCCCCTCTGCCGTCCCGGCGGACACCCAGGTGTTCACCCCCAACGGGTTCGAACCGCCAAGCATGCCCCGGGCCCTGGCTGTCGGCGAAATCCCGACCATCGTTGAACAGTTCGCTCATGCGGCCCGGCTGGCCAAAAGCGCCGGTTTCGACGGCGTGGAGGTCCACGGCGCCAACGGCTACCTGATCGAACAGTTCCTGAAAGACGGTTCCAACCGGCGCACGGACGCCTATGGCGGGGACATTCCCTCGCGCATGCGCTTTGCCCTCGACGTGGTCACGGCCGTGGTGGCGGTCTGGGGGCCCGGACGGGTGGGATTCCGCATCTCTCCGAGGGGCGTCTTCAACGGCATGGTCGACTCGGACCCGCTTGCCCTGTACAGCCGGCTGACTGAAGCGCTCAACGACATTCCCCTGGCCTACCTGCACCTGATCGAGCCGCTTCCCGGCCACCCCGCTTTTACCAGCCAGGAAGAGGTGCCGCCGGTCGGCAAGGAGCTGCGCAGGATCTACCAGGGGTCCCTGATGATCAATGGGGGCTACGGCAAGGAGAGCGGCGAAAAGGCAATTGCCGAAGATGCGGCGGACCTGGTGGCCTTCGGGGTTCCCTACCTGGCCAATCCGGACCTGGTGGAACGCTATCGTCGCAACGCACCGCTCAACGTACCGGATCAGGACACTTTCTACGGCGGTGATGAAAAGGGGTACAACGACTATCCGTTTCTGGACGAATAACCGACTGAAGTGCCTGTGGCACACGATCCCAAAAAAAACGCCGGCCCCCGGGGTCGGTGTTTTTCATGACCACTGCGGTTGCAGGGAGCGGATAAAGGACACCTCGTTCCGGTATTGTTCGACGGTACTGCGATGGGCGGGAATGGGGTTGGGCGTGACTGCTGGAACGGGCAGCCGCAGGCGGCGGTCAAAGGGCGTCTGGCCGAGTTTCATGTTGAAGGCGGTGACCATCAGGGCTTCCAGATTGATGGCATCCTGCAGGTTGTAGGCCAGCAGGGTCTCTAAGGCCTGTTCGTCACGATTGCGAAGGTAGGCCTTCCACAGCACGACCGCGAACAGCCCGTCAATGTCTTCAAGATCACCGCGGTGCATACCCAGCTGCGCCTCGCAACGTTTGAGTCCCCCTTTGAGCCCCAGGCTGGAGAGCACGTAACGCAGGTCGATGTGGGCATGGTCCAGAGGCCGGCCAAAATGCCGTTCGATCACCGGCACGTCGAAACATTTCCCGTTGTAGGTCACCAGCACGCGATAGCGGCCAATGTCGTCGATGAAGTCCTCCAGGTTTCGTCCATTCACGTAGGTGGCCATCGTCGACCCGTCGTAAACGGCAATGGTCGAGATGGTACAGTCCGTTTCCAGCCCGGTGGTTTCGATATCCAGGTATGCGGTCCGGTTGCGGAACTCACCGAACAGACGCCACTGCTGGCTGGCCGGAATGCGCCGGGCGAAAAAATCGGGGTTGCAGCCGTCCAGTTGGCGCCGGGATTCGATCAGGGTCTCGGAAATGGCTGCCCGTCTGGAGGCCGACAGCTTCAGCGACGCATCGTCGAAAAAAGCGTCCCAGTCATGGACGCCGGCGGCCCAGAAGCCCTGTTCGGTTTTCGGTCCGATGCCCGGGATATGGATAAACGTGTGTCGAAGCATAAGGTGACGTTTACCCGATTTTGCCAGGAATTGAAATGGGAATCGATGCAGGCCCGGAAAGGATGTGCGGGCGTGGAAAAGATCGGGTTGACGCTATGGGCGCTCTTCTTCAGGCGGTGCTTCATTCTGGGACGGTTCTTGATCCCCTTGGGAAATGACGCTGTTTTTTTCCAATTTGTTTTTTCGTTTTTCTTCTTTCTTTTTCTTTCTGGCCAATTCTTTCTGGCGCTTTTGAAAGGAATAATTCGATCTTGCCAATGGCCGACCTCCTTCGTTTTAACCGCTTAAATTCATAATAGGATCGATGCAAAAAAACCTCGATACGGCTGCCGGACGGCAGGGGGTGGCGAAGGGTCCGCACCGTGGTCCAAACAAAAAAGGCACCCCCGCGTATCGCAGGGGATGCCTTTTATTTCTCAACAGAAGGTTAAACTACGGTGACATTCGTGGCGGAAGGACCTTTGGGTCCCTGCTCGATGTCAAAGGAAACGCGGTCACCGTCATTCAAAGATTTGAAACCGGTAGCGTTGATGGCAGAATGATGAACAAACACATCTGCTCCGTCTTCCTGCTCAATGAATCCGAATCCTTTTTGGTCGTTAAACCACTTTACTATTCCATTAGCCATGATAACATCCTCCTTTCTTAAGATTTTCAACGTCGCAGACTGGAGGGTGCCACTCGGACAAATGGGGTTTACCTCTAGAAAGAAACTGCCCTGCACAAGGGTCAGGACTTGATTGATTACAGCCAATCTAATCCTTATTGGAGAGAAAGCAAGCGAATCATTCGTTATTTTCAATAAAAATGACGGGCGCAGATATTTTAACAGGCGAAAATATGGGCTTATGCTGAAATGGTTGAAATGGTTGCAGCGTTGATGATAATTTATCCGTTCCTGTGACCGAGGAGATCTGGAAATGAAAAACGTTCACGCTGAATCGGATGCCCGCGCCCAAAACCAGTCGAAACCAACAATCGAGAAAGAAAAAAGCTATCGTGAGCTCATCGAGAATCTGAACGATATTGTCTACACCACTGATGACAAAGCCATCGTGACCTGGGTCAGCCCTAACATCAGCCGGCTGTCCGGATATACGCCCGACGAAGTGATCGGAAAAAATTTCATCGATTTCGTTGCCCCCGATGATCTGACGGGACGGATCGATCAGTTTTTAAAAATTCTTGGCGGTACCACCCAAGCCACGGAATACCGGCTGGTCACCAAAACAGGTGAAATAAAATGGGCCCGGACCAATGGGCGGCCGATCAGGCGCGAAGGCCGTGTCGTGGGCGTCCAGGGGATTCTCGTTGATATTACCGATCAAAAAAAAACCGAAGAAGCGCTCCGACAATCCGAAGAAAAGTACCGAATCCTGGTCCAGCATGCCAAAGATGCAATCTTTGTTATCCAGGAGGAGCGCATCCGGTTCATGAATCCCAAGGCATCGGAAATACTGGGGTACACCTGTGAGGGCATCGCCGACCGATCCTTTATCGACTTCGTGCATCCGGACGACCGTGCTGCCATCGTGGACCGTTATATCCGGCGCCTGCGCGGTGAGCCCCTGTCCGACCAGATCTCCTTCAGGATATTGAACAAGGATGGCGATGTCAGGGATGTGGACCTCAATGCCGTGCTGATTTCCTGGGAAAAAAAGCCGGCCATCCTGAATTTTTTAAGGGATATCACCCGCCACAACCAGATGGAGGCCCAATTGCGCTATGCGCAGAAAATGGAGGCCCTGGGGACCCTGGCCGGAGGTATCGCACACAATTTCAACAACCTGCTCATGGGCATTCATGGTAATGTATCGCTGTCCCTGATGCGCTTGGACCCGTCTGCATCTTCCATAAAATATCTGGAAAATATCAACAAGCTGGTCGAAAGCGGCTCCCGGCTGACCCACCAGCTATTGGATTCCGCCCGGGGCGGGAGTTGCGAATTCGGCACCGTGGACGTCAACCAGCTGGTCAGGGAGGTTTCCGAAA
NZ_AP021874.1_gap88	3886552	3887229	677	CTGCATTGCCGCGCAACTCTCCACCCATTTCCTCAAGGGATTTTTCGTCGTTTTTCTATATTACGTGGCCGTCCAGATGCTGTCCAACAAGAAGCCCAAACCCTCGCGTCAGATTCCCGGTCCCGGACCCATGTTCGGCGTCGGCAACATCATCGGCGTCGTCTCCAGCCTGGTGGGCATCGGCGGCGGGACCCTTTCCGTGCCGTTCATGATCTGGTGCAACATGTCCGTCCACCATGCCATCGGCACATCGGCAGCCATCGGCTTTCCCATCGCCATTGCCGGGACCATCGGCTATATTGTTAACGGGCTGCCAGTCCCGGATCTGCCGGAGTTTTCCCTGGGGTACGTTTATCTGCCCGCTCTTTTCGGCATCGTGGTGACCAGTGTCCTCACCGCGCCCCTGGGCGTCCGCCTGGCCCACAGCCTGCCCGTGGATCAACTCAAGCGCGTGTTTGCGGTGCTGCTGCTGGTGGTAGGCACCCGGATGCTGATCGGGATCCTGTGATCGTTTTGATCAAATGCGCGAGCCACCGGCGGAAACGTGGTTTATCTGCATGGATCAGCCCTCAAGTCCCGAAATTTTCTTGACAAAAAAACTGTTCCCGAATAGTTAGCTTATCTTGGTGTTTTAATTCCCTCCCGGCTATCGATCTGTGCATACAGATTATGAAATC
NZ_AP021874.1_gap89	3890383	3894848	4465	TTTTCCGCCTGTTTTCTCTCAAGGACCTCTCCCTTCAACCGGGTGTAGGAGTCATTGAGATTGGTCCGCATCAGATTGATGGTTTTTGCCAGTTCATCCAGTTCATCTTCCCCCCATTGGATCTGGCCCCGTTTCATCGTAAAAGGGGTTTTCAACGTATCGACCCTTAGAGACCTGGCATAATTCACCAGTTCATAAAGATGACGGGCTACTAACAGGTAAAAAATGAAAAAGATAAAACATGAGACCAGTACTACGACAATACCCTGGGAAAGAAGTAATACAACTGCATTTCTGATCAGACGACTGTATACATTTTCCAGGGTGTAAACAATCCGAAGCGTTCCCAGAGAAATGGTTTTACCGTGGTAGGTATAGGGTAAGGGAAATTCTTCGGCAATGACATTCTTATCTTGAAAAATACCTGCTTCTGCAATGACCTTTTTATCATGCATCACCCCGACGTACTGCATATCGGGCAATTTCATCATTCCATCGATCTGTGTCTGCAAAAGTTCGTTGTCGGATATCCAAAGGCTTTTTTTTATGCCGCCAAGATAACTTTTTTCCACCTGCCGGATACTTTTCCTGATTAAATTAAACCCGCTTTTATAGCCGATATACAATTGCACGGCCGTGATAATAATGGTGAGCAGCGAGCTGAATATGAAAAGCCAGAATATGAATTTCTGGGCGATCCCCCATCGAAAAATTCTTTTCCTTTTTAAATGTCCTTCATGCATTATTGTATATCTCAGTTTTCAGGCCTGTCCGTATGATACTGATTGACGATATTCCGATAGGTTCCGTCCTGCTTAATTGATTGAAGTGTTTTTACGATCTTCGGGATTAACGCAGCGTGTTTTTTATTAACATACAAAAATAAATCGTTGGTCACAATGGGAGGTTCTATGGCCTTAATGCGGTTATACCCCAGTTTGTTCAGCACCTCTGTACCAGTACTCAAACCGAAGATACCGACATCTGCGCGATTTTTTTCAAGGAGGGTGAAAAGCAGGTATTCATTTTTTACCGCAGTTTTGGCGTTATGATCTTTTAGCTCACGTTCGCAATTTTTCCATCCATTCACATAAGCCACATGGTACTGAAAAAGGCTCTTCCAGTCGTTGATCTCGATTTTTTCATTTTTTGAAAATGCGACTACGCGGTTTACAGATAGCCGTTCGGGTACGATGACCAGGTTTGGAAATGCATAAGAAAGTGTGTCTGTGCGTAAAAAATTACCGTCTTCTATGCCACGGTCGGCATTTATTAAAGAGCGTTTTGAAGGCATTGGCGTAATGTTAAGTCTTATCCCGATTCGGTTGAAACATTCCGTCAGCACAGCATTCATTGCTTTTGCCCTGCCATGACGCTGATCGTCCCCAGTTGTAAATGTGAGTATGGTCTGGGCGGATGAACCGGAAGAGAAAAACAAAAATAGAAACAGAATCAATCCCAAGCAGATTTTTTTCATTGTTCCAGCTCATTCTCCCCGATTAAAGGGGAATTAAGTTTTTTGCGAAAGGACTGGCATATATCCTTTTTCAGGTTCTATGTTTTTATACACTATAATTTTCACCGTCTGCAATAATATCCATGACTGACCGATTCCCTCGTCTTGAATTCAAGTGCAAGCAAACCGTTAAGCGTGATCGTTTCCAGGTAACTTGTGCTGTTCATACGCTTCAATCTGCCATTCATCATCATATCTCATGGGATCGTAAATTTTGGGTATCGCACTTGAACGAGACGCCTATAACGGCACCAAGAAAGCGATGCGTCGTCATCCATTCCGAGACCGGAAATCCGGTCCATGGTGTTCCGGTGCATCGCCGATGTCACATGTTGGCAGTGCTTTCGCAATGCCTCTGGACCGCTCACACCTCATTCAACGGCAAGATAACCGAATCCAGCCTATATTGCTTGGGAACATGGGCAGGCCGCCGAAGGACCCGTTGGGCAAAATCGTTGGCTTTTCTGGCCGGCATCGACCTGTGGATGGGACATCCACGATCCTCCAATAAAAAAATACCGCCATGCAGAAAGCAGCGATGGCGGTATAAAATGCGATTTGAAGGAAATATCCTGAATGGCCTGGCAGGCCGCCTGGAATCGTCGGGCATCGGTTCGGGGCAGGGAGGCCCGTGTATTCTGCTATTTCACGTTTGCGGTCCGGGATATCGCGATCTGGCTCCATATGCACCTCCGGAAGCGGACAGGATTCATCGACCCGTTTCAGATCGTTTTCGACGTCTCTCCGATCTGTTTTCTCACCCGTATAATCAGGACTGCCGTTAGATGGATGGGTTAATTCTCAAATGTCCAAGAGGGAACGTAACAAAGCCTGAATGAATTAGCAAATGAACAAAACTAAAAAGCCTGGCCATACATCCGTGTGTATGGCCAGGCTTTTTCATTTAAAAATGGTAGGCGCGATTGGATTTGAACCAACGACCTCTTCCGTGTCAGGGAAGCGCTCTCCCCCTGAGCTACGCGCCTACATGAAGTGATGCAGATACCACTTGCGTCTGCCGCTGTCAAGAAAAATGAGGTGCCGGCAGGATCCTCTTTTCCGCCTCCCGGAGAGACGATTCATGCCGGTGCGGAGGCGCTGGCCCCGATATCGAATTCAGAGCAGCGGCCATGAACCCTCCTCCGGCAACCCATTTCAGGGTTACTGGTGGACCAGACGAATTCGAATGGCCTCTGGGGTCACCTCGAAGATGTCGATGCCGAAGCCGCTGAAGGTCTTCAACAGCAGCGCGTCGGCCAGGGACCGGGTACTGCCCTGGTAATTAACGGCCATGGCGGCCCGGTCTGCAGACATTTCTTTCATTTTCAATTCCTTGACGCCGGACAGCGAAGAGATGGCCGTCCGCAGGCGGACGAAGCTGGCAATGTGGCCGCCGGTGCCCTCCACCGCCACCTCGATGACGGCGCTGCGATCCTGATCCTGCTGCCAGGCAGCCATCACCTGCCGGGCCAGCGCATCACCGGCCAGGGAACCGCCACCGGCCAGGGCATCGCGCCCTCCCGTGACCGCATCTTGGCCGGAAACCACGTCTTTCTGACGCGCACGGCCGATGGACTGCCCGGTCTTGACATTGAAGGCCCGTGCCTCGACAATCGCTTCGAAGGCGGCGATGGCCCCCCCCATGGTATTGGTTGCGGCCGAGGCGGCGCCGGAAGCGACAATCAGCACATCCGCGCCCAGGCGCCCGGCCAAATTGACCAGGTCCGTCTCCGGCGCATCGCGTGGAAGACCCAGCGGGGCACTTAGATTTGGCGGGTCGAGGATATCGAATCCGGCGGATTGGAACGCTGCGGCCATTGCCCCTTCACAGATGGTGCGGCCCGCAAGAAGCCGGTCCCCCCACCAATAGGTAAACGCGGCATCCAGCACATTTTTTTCGGCCACCATGAAAAGGATCCGCGGGGTCACGGCGCCGGCCAGGGCCAGCCCCAGGCGTGACAAATCACGGCTGATCCGGTCCGCAGCAACCTCCACACGTACCAGCGTTCGAACGGTCGATCCTGCCACGGACTCGGTGAGGACTCGATAATTTTCTACGTAATTGTCCCGCTCGGCCAGGATGCTGTCGTTGATCAGCTGGAACCGCCGGACCACCGTCTCGTCGGTGAGCATCTCCATCACCACCTGGCCCACCGCGGCGGCCAGGGCATCGTTGACGGCGTTCTGCCTGCCGCTGGCCAGATTCTTATCATGGATAACGGCGGATCCCAGCACGTTCATCTGCTTCACCACCCGATTGTCCTGTCCGTAACTGCTCGTGGCGACAAGCGCCAGCAGGAGAAACAGGCAGATCCGTTTCATCCAGGTTTTTATTGTCAGACCATCGGACATGGTTTCCTCCCACCCGGACCACTCGGTTGCCGGGGCAACACCGCCGGGTCCATCCGGGCGGCATTGGTAGCTAAATCTTGGTTATTCGATATCAAGCGTTCCGGACCAATGCATAGTCGGCGATGTCCGTCAGAATTTCCCGCACCGGGCCATGGTCAAAAGCGTCAAGCGCTGCCGTCGCCGTTTGGATGTGCTCCGCGGCCAGCGACCGGGTATAGGCAATACCGCCATAGCGGTGCAACATGTCGACGAACTCGGCAAACTCGGCAGGGGTGAAATCAGGGTTTTTAAGAATGGAAACCATGTGTTCCCGTTGCCCGTCCGGCGCATGGGAAAAAGCATGAATCAGCGGCAGGGTCATCTTTCCCTCCCTCAGGTCGGCACCGGCACGCTTGCCCAGGGAACGGGAATCCTGGGTATAGTCCAGCAGGTCATCGGCCATCTGAAATGCCAGCCCCAGGTGGTATCCGAAATCGGTCAGCGCCTGCACGATATCGGTTCCGGCACCGGCCACCAGGGCGCCGGTGCGGCAGGCCCCCTGGAACAGAACCGCCGTCTTGCAGCGAATCACCTCGACGTACGCGTCCTCGGAAAGGG
NZ_AP021874.1_gap90	3901865	3903791	1926	GGAACCCGTCGATGTTGATGACACCGCCGGCCAGGGCCTCCAGGGCCGGAGGCACGATCTTGTGGGCCGACACCACGAAAAAATTGTCGAGCCCCTGCTGGTGGGCAGTCACAATGGCGGCGGCCACCGTCGGGGCGGTGGTTTCAAACCCCACCCCCAGAAAGACCACCCGTTGGCCCGGATTCTCCCGCGCCAGGGTCACGGCATCGAAGGTGGAATAGACAATGCGAACGTCGGCGCCGTCAGCCTTTTCCCGCTGCAGGGAGGATCCGCTTCCCGGCACCCGGATCAGATCGCCGAAGGTGGCCACGATGGTGTCCGGCTCACGGGCCAGACTGATGAAGGCGTCGATCTCTTTTTGCGCGGTGACGCAAACCGGGCATCCCGGCCCCGAGAGCAGGGAGATGGTCTCCGGCAGCAGGGAGCGGATGCCGCTTCTGAAAATGGAAACCGTGTGGGTGCCGCACACTTCCATAAAACGGACGGGCCGGCGGCTGGCCCCGGCGATACGATCGGCCAGGTGCCGGGCAATTTTCGGGTCGTGAAAGGCGTCACTGTGTGTCAGGGGCATATAGGGTTGTCTCCCGTGGCTTATTTACCTCTAAGCAACTAATCAGAACAGGGTCGTTTTTCGATAGGGGTCGGGAAGGGCCGTCGCCCTCCCCGCCCTCCGAACCGTGCGTGCGGTTCTCCCGCACACGGCTCTCCAGTCGGTGGTTTCAACATCGTGATTGGCTTGCCAGTGCATGGGCTTCGGTCATGGTGAAAAGCCCACGCTCAGCAAAGAAAGCATTCGGCCAGCGGGTATGGTCTTTACGGCATTGACCCATTCCAGGACGCTTCTGCTGTTTCCGTAGCACCGATCGAAGCCGACGACGGATAAATCCATCGACCGATTTGAACTCATTGGAATTCGCATGTTTGAAATAACCAAACCACCCACGCAGCATCGGGTTCAGGTCCTCAATAATGTGTTTGAGGCTGTTTCCTCGCGTGCGCCGGGTCTTGGTCCGAATGCGATCCCGCAAGGCGTTCAAACTTTTGCGGCGGACCCATCGTCTTCCAGCCTCGAACCGATATCCCAGAAACTCGAAGCCTTGCCCCGGTACCGTGCAATCCCCCACGTGGGTTTTGTCCGGATGCAAGGTCAGACCGTTTGCCGCTACCCAGGCGTTTATAACGGCCAGCGCCGATTGAGCCGTCTCCGGGCTCGGGCACATCACGACAAAGTCATCGGCATAACGCACCATGCGGTACCCTTTGGACCGCATCAGACGGTCCAGCGGATGCAGGTACAGGTTCGCCAACAGCGGGCTGATAACCGCACCTTGCGGCGTGCCACCAATCGGCGTCCATCGCTTGAGCTCGCTGATGATATCCTGTTTGAGATACCCGTGAATCAGGTCGAGAACCCGCCCGTCGCTGATGCGCGTTTCCACCAGCGCCATCAACCGGTCATGGGCAATGGTGTCGAAGTAGCTCGCCAGGTCCGCATCCACGACATGGGTGCAGCCATTCTTAATCAGGCGGTCCACCTCTCGAAGGGCGCTCTTGCAACCGCGCCCCGGTCGGAAGCCAAAGCTCGTCTCCTCGAATTCCTTTTCGAAAATCGGTTCTATCACCAACTTCAACGCCGTCTGCACGATGCGGTCCTTGACCACCGGAATTCCCAGTGGGCGGGTCTTACCCGGTCCCTTGGGAATCTCCACGCGCTTGACCGGCTGGGGGCGATAGGTTCCCGATTTCAACGACTCCGACAATTCCTCAAGGTAAGCCGACGCCTTGTACCCAAACCGTTCGATACTCTGGCCGTCCACACCTGCCGACCCCTTGTTTGCGGCGACCTTCTGCCACGCGATTTCAAGGGTTCGCTGACGGGCAACCTTGTCGATCAGGCTGAACCATGTGCCTCCTTTGACGCCGTTT
NZ_AP021874.1_gap91	3906173	3909624	3451	CGCGGTGCTTTCGGCGGCGAAGGCGCGCCACGGCATCGGCATGGGTGGCATCGACGGCCAGGTGAAAACCGCCCAGGCCCTTGATGGCCACGATTTGCCCCTGCCTGAGCCGGACGGCCGTGTCGGCGATGGGATCGTCGGCGGCGATCATCTTTCCGTGGGCATCACACAGGGTCACCCGGGGACCGCAGACCGGGCAGGCATTGGGCTGGGCGTGAAAGCGCCGGTTGTCGGGGTCGTCATATTCGGCCTGGCACTGCGGGCACATGGTAAAGTGCCGCATGCTGGTCTTGGGGCGATCGTAGGGGACATCGTCGATGATGGTGTAGCGCGGGCCGCAGTTCGTGCAGTTGATAAACGGATAGCCGAATCGGCGGTCGGTCGCATCGCGCATCTCGGCCAGACAGTCGTCGCAGACCCTCACATCGGGAGATATCAGGGTGGACCGGCTGACACCGGCCCGGCTTTTGACGATGGAAAAAGCTGAAAAGCCCGTCACCGGCGCCGGCGATACCGACACGTCCACGATGTGGGCCAGGGGGGGCTTCCGGTTGGGCAGGTCGTCGATAAACTGACGGATGCGGTCCTCCGGCCCCTCGATCATCAGGGACACACCCGTCGCGGTATTGGCCACCTCTCCGTTCAGGCCGTGGTGGTTGGCCAGCTGGTAGATGAACGGGCGAAAACCCACGCCTTGCACGATACCGTTGATCTCCAGGCGTTTTGACGTAAGAGCCTCTGTCATGACCCGCGTTGGACGCTATCCTTTATCGGCTTCCAGACTGTCCACGTAAGCCGCCGCTTCACGCAGCAGTTTCAGGGATTCCGCCGCCGCGGCGGCGTCCAGCTTCTGGATGGCAAATCCGGCATGAACGATGACATAATCACCCACGGCCACATCTTCGAGCAGCATCATGCTGGCCGACCGCTGGACGCCGTCCACGTCGATGGTGGCCATGTTGTTTTCGATGTTGATGACTTTTGATGGAATGGCAAGGCACATAGGTATTCAAGTCCCTTCTTTTTCTGCGTAGGCGACGCCCAACCGATCCAGCTCGGCCAATACCATCTGGATCACATCGTCCATGCGGTCTGCGGTCGTGGCCGTCAAGTCTACACACAAGGTCTCGGTATCCCGGGGCTCGATGCCGACGATAACCGTTTCCGGAACCTTGTCCAAGGCCTGGCAAAGGGTCAGGGATTCAAGAAAATCAATCTGGTGCAGTGAATTTTTGGCCCGAATCCGCTCGGGAATCGCGTCCCCGTCAATGCGGTACAAGTCACCGGGTTCGCCGTGGTTGCGGATGACATCCACAACGATCAGCTGGTCGGCTTCGGCGATGACGCCCATCAGGTTGATACCCAACACACCGCCATCAATCACCGATACATGCTCCGGAAAATCGTAGCGCGCCTCCAGCGCCTCAACCACCCGGACGCCAAAGCCTTCATCGCTTAAAAGGATATTGCCGACCCCCATGATCATGACGTGCTCAGCATTCATATTTTCGGTCTTCCGCTGTCTGTGAGGAGTTCATAAAAGCCTTCGCCCTGAAGCAGACTGCATTGGTAGCACTAAATCACCCTCGGTTCAAGGCATCATCGCCGAAGTCGATTCGCATCCTTAATCCCTTCTGTCCGTGGGAAGCGCCAGGTTGCGGCTGCAGAGCGTGATGTGGCCGGGCCGGCCTGCCCTGACGGAAACCGGTTCCTGCCAGGCCACTTTGTAGCCGCCGATCATGGCCGGGAAGGTAACGACAACATAGTAGTCGCCGGGTGGCACATTCAGGAAGGCAAAATTGCCCGTGTCCGACGATTCGGTGTGGGCGACCAGATAACCGGGCTGATTTCGGTGTTCGGCAAACTGTTTGTAGAAATTCAGATGCATCTGGTTGATCCGGTCCAGGCGTCGATGCCGCTCCAAGGCATCAAGGCCTGCGAACCGGGGGACGGAAATCTTCTTGCTGGTCAGAAAAACGGAGAGGTATTCACCATATATCCGCCGGCCCCGGTCATCGCTGATACCAAGGCTGCCCAGCAGCCATTGCTCCGCCGCAGCCGGCTCGCCGGAAGCCCCAAACAGCACCGACAGGACTAAAAAGATCACCACGAATCGACTGACAGTCATGGCAACGCTCCGCTGTTTATTTTTTCATCGGTCCCGCCCGCCGTTTCCATGGCCGGCGGGCGGGATTTTTTAAGCCACGATATTGAAAATATACTCAAAACATGAAATAGTAAAGGTTAACCTTTTCTGATGGTTCTGCCAATGGCAGAAATGGTTCCCATTCCCCCGGAGGCATCCATGGATCGTTCATACATGGGAAAGGTGTTGTGGGTCGACCTGAGCACCGGCACCATCACCACCGAAGCCATTCCCGACCATCTTTACAGCCGCTTTCTGTCCGGAACGGGGCTGGCGTCCTGGCTCTTGTACCGGCGGATCCCGGCCGGTGCGGATCCCCTGGGGCCGGAAAACATTCTGGGATTCGCGTCCGGCCTGCTGACCGCCAGCGGATCCCTTTTTACCGGCCGCTGGATGGTGGTCGGCAAAAGCCCGCTTACCGGCACCTGGGGAGACGCCAACTGCGGCGGCAACCTGGCTCCCGGCATCAAGGCATGCGGCGTGGACGCTATTTTTTTTAGCGGCAAAAGCGACCATCCGGTCTATTTTTACGCCGACACCAAAGGGGCCGAACTTCGTGATGCGGCCCACCTGTGGGGCAAGGACGCCGTCGAGACCGAACAATTGCTGATAGCTGAAAATGGCGCCCGGCGGCGGGTTCGGGTGGCATGCATCGGCATGGCCGGCGAACGCCGTTCCCTCATCGCCGGCATCGTCAACCACGGCGGCCGCCTGGCGGCCCGCAGCGGCCTGGGAGCGGTCATGGGGGCCAAAGGGCTCAAGGCCCTTGCCCTTTGCGGCGCCCGGCGGGTTCATGCCTATGACCGCCGGCGAATGAAGGCCCTGAGCCTGTCGTGCAACGACCATGTGGCCTTTCAGCCCCCCTTTTTGAACGGCACCATGACGGCCTATCTCGGCGCCCTGATGCGCATGCTGCCCGCCCAGATGAAACTGGACGGCATGCTCTACAAGGTGATGCTGAAAAAGTGGGGCACCGTCAATCAGAACCAGATGGCCATCGAAGTCGGCGATGCACCGGTGATGAACTGGAAGGGGTCCAACCGGGATTTCGGGCCGGACAAATCCAAGCTCATCGACCCCGACGAATTTACCCGGCCGGTGGTGGCCAAATACTACTGCTACTCCTGCCCCCTGGGATGCGGCGGAATCAGCCTGGCACCGGACGGCGCCACCGAGGTGCATCGGCCCGAATACGAATCCACCATTGCCCTGGGGGGACTGTGCCTGAATGAAGATGCCGACAGCATTTACTACCTCAACGAACTGCTCAACCGGGCCGGCATGGACACCATATCCGTGGGCGGC
NZ_AP021874.1_gap92	3924631	3929187	4556	TCAAGAACGTTCACCCCGGCAACCGAATGGGCGGACATGGCCCTTAAAACAGACCCAAAACCGCTGAAAGGGCCGAACCGGTGCCCAATGCCGTCGGCGCCGCCCCATGCGTCGACGCCGCTTTTTCCATACCGGCCGATTCCCCATCCGGTCATGGGGTGCTTCTCGTGTTGCCTTTTTACTTGCATATCCTTACATTCCAACGTATTTTGCTTTTTTGCCCGACACTGCAAAGCAATCGCTTGGATCCTGGATCGATCAAAAGGTTTAAATTTTATGAATGTGAGTATCTGCAAACAGCGGCAGAGACTTGCCGTTGATGTTGATGCGGTTTGCCGTCTGGTCATCGCCACCCAGCTGCCCTCCGGGGAAATCCCGTGGTCCACGGGAGAAAAAACCGACCCGTGGGATCATGTCGAAGCCGCCATGGGGTTGGTGGTGGGCGGCTACCTGGAGCAGGCCCGGCGGGCATTTTACTGGCTGCAGTCTATGCAACTGGCGGACGGCAGCTGGTTTGCGGCCTATCGCAGGGGCATCCCCGAAGACCGGACCCGCGAAACCAACATGAGCGCCTACATCGCCGTGGGCGTTTTTCACTACTGGCTGGTTACCGGCGATCGCCGCTTTTTGGGATCCATGTGGGATACCGTGCGCCGGGCCATTGACTTTGCGGTGGCTCATCAGGGCCCCAAGGGAGAAATCAGCTGGGCCGTCAGTCCCCAGGGCAAGATCGATCCCATGGCTCTGCTCACCGGCTCCAGTTCCATCTATATGAGCCTTAAATGCGCGCTCGCCATTGCCGCCGAACTGGGGATGCCGGCGGCGCCGTGGGGCGATGCCCTGCATCGGCTGGGTGACGCCATCCGCAACCGGCCCTACCTGTTCAACATGACCAAATCCCGATTTTCCATGGACTGGTTCTATCCGGTGCTCTGCGGCGCCGTCACCGGGGACGCCGCCGGCCGCCGCATCGAGCGGCAATGGAAAAAATATGTGGTCGAAGGGCTGGGGGTTCGCTGCGTCTCCGATCAGCCCTGGGTGACCGTGGCGGAGAGTTCCGAACTGGTGCTTGCCCTTGCCGCCATGGGAGATACGGAAAAGGCTCACATCGTCTTCAACTGGCTGTCGGAACATGTCTTCGATGACGGTTCGTTCTGGTGCGGATTCACTTTTCCGGACATGACCCGGTGGCCCGAAGAGAAAATCACCTGGACCAATGCCGTGGTGCTCATGGCCGCCGATGCGCTGTTCAGCCTTACCCCCGGTGGGCGGTTGTTCAGTCATGACTGGTGGGCGGAATCCGGATATATGGTATGATCAAGGATCATCGCCCCTACATCGTCAAGAAAGCATACCTGAAGCTTCAAAAATTTTATGCCAGCCACTTTCTTCGCCCTCAGCTGGAGCATCTGGGAGGCGGATTCACCTTCATGCGGCCCTGGCATGTGGAGCTGTTCGGCGCCCCCATATCCATCGGACAATTTGCCACGGTCATCGCCACACCGGACAAGAAAATCAGGCTGTCGGTCTGGCCGGACCAGGCGGGCAAGGGACATATCACCATCGGCAACTACTGCCTGGTCTGCCCGGGTGTGCGCGTCAGCAGCGCTGTCGGCATCACCATCGGCGACAACTGCATGATCGCCAACGGTGCCTATGTAACCGATTCGGACTGGCACGGCATCTACAACCGCATTTCCTTTGGCAAGGCCAGCCCGGTGACCATCGAAAAAAACGCCTGGATCGGTGACAGTGCCATCATCTGCAAGGGGGTCACCATCGGCGAAAACAGTATCGTGGGAGCCGGGGCCATCGTGGTGGACCCGGTTCCCCCCAACTGTGTCGCCGCAGGCAACCCGGCCCGCGTGGTCAAACAGCTCGACCCGCAGGAAACCTTCACCACCCGCGCCCAGTTCTTTTCCGATCCGGTCAAGCTTTCCCGGGACTTCATGGCATGGGAACAGGCCGTGCTTCAGGGAAACACCCTGTTCGGCTGGCTCCGCCACCTGCTGTTTCCCGCCAAAGGGGATTGATGACGAGCCGGACATCAGACCGGAACCTGATCGCCGTCCTCCTGCCGGACGGCGGCCTGCAACTGGAATGGGAGGCGGCGGATGCAGCCATCGGCAAAAGCCGCACACTTCTCCAGGATGAGCTGTATCGATGTTCTGTATCGGACCGGGAAGGCTGGCTGCTACGCCTCGGTCTGGCCGATATGAAGGTGCCGCTCTCCGCTTCGATGTCCTATTGGCGGGAGTTTGCAGGAGAGTTTACCCGGCAGCTGATTCGCACGCCGGATCTCGAAGCCCTGCGGGAATCGGTCCGGCTGGAACTCGCGGCGGATAACATGGCGGCCTGGCTGGGCCGCGCGCCCATGATGACGGGACTGGATTATCTGGATGACCTCCTGCTGGCCAACGTCTGGGAACGATTGCACGCGGCCTGGCGCTCGGCCATGCGGGCCCACGACGGAACGGTGGCCGACTTTATCAGGGCATACCGTCCCAGCGCCCACCTGGTGGGCCGCATCTTTTTCCATCTGGTGGAAAACAAGGATGCGGCGCATCCCTTTGCCTTTCTGGCCACCTATTCCACCCGCCTGAACCAGGCCGGCGACTCCAGGCATGTGCCGCTGAAATTCGCCCTGCAGGAATTTGCCGGGAACCAGGCCAGGTTGCTGGAACTGCTGGCCACGGTCCACGAGGCCGCCAAGACGTCGGCGGTTCTTCAGGAGATGCTCTCTTCCGGCACTATCTTTCAGCCCCTGGCCTGGTCGTCCCGGCAGGCCTTCCTGTTTTTAAAGGACATTCCCGTTTTCGAAACTGCCGGCATCCTCTGCCGGATTCCCGACTGGTGGAAAGCCGGCGGCCCCCGGATCTCCCTCGACCTGAAGTTCGGCACCCGAAAGCCGTCCCTGGTGGGCATGGATGCGATCCTGTCCTTCAAGGCCGGATTACTGATAGACGGCGAGCCGCTGTCCCGGGAAGAGATCCAGCGGCTGCTGGCCCAGTCCGAGGGACTGGCCTTCATTAAAAACAAATGGGTGGCGGTGGACCCGGTCAAACTGCAGAAAATCCTGGCGGCCCACGAAGCGGCCGCAAAGATGGCTGACGCCGGGCTTTCATGGCTGGATGCCATGCGGTTGCAGATGAATCCACGGCAGTTGCCGGGCAATGCCGCAGCGGCGATTGACCAGGTCAGCGTGTCCCATGGACAATGGCTCGCCGATGTCCTGCAGAAATTGCGCGATCCGCATACCCTTCGGGCCATCCGTCCCGGCCGGACCTTCAAGGCCAGATTGCGAAAATACCAGCAGGCCGGATTGAACTGGCTCTGTCTGTTGCACGCCCTTCGACTGGGCGCCTGCCTGGCCGACGACATGGGGCTGGGCAAAACCGTTCAGGTACTGGCCTTTTTAAACTGGCTGTATGCAGCCCAAAAAGGCCGCAGGACCCGTCGACCGGCCAGCCTGCTGGTGATCCCCGCCTCCCTGCTGGCCAACTGGGCCGCCGAGATCAGGCGATTTTACCCGGACCTGTCTTTTTTCATCGCCCACCCCGGCATGCATCCGCAGGAGGAACTGGCCAATGGCGGCAAAGGGCTGATCGAGGCCCATGACCTGGTGATCACGACCTATGCCCTGGCCGGGCGCTATCGTTTTTTGCAGGACCATGCATGGTATTACCTGATACTGGATGAGGCCCAGGCCATCAAAAATCCGGGAACCCGGCAGACCCGCACCCTGAAAACCTACACGGCCGAAAACCGGCTGATTCTGACGGGAACGCCCATTGAAAACCGCCTGTCCGATCTATGGTCCCTGTTTGACTTCATCAACCCCGGACTGCTGGGCTCCGCCACCGAATTCAAACGCTTCGCCAAAACCCTGGACCGGGATCGCTCCCGGTATGGCACGCTGCGCCAACTGATCCGCCCCTATATGCTCAGACGCCTGAAGACCGACAAAACCGTCATCCGGGACCTGCCGGACAAGGTCGAAATGAAGGTCTACACCGACCTGTCGGCCAAACAGATCGTGTTGTACCGGCAGCTGGTGGGCAGCCTCGAAAAGGCCCTTTCCGACACGGACGGCATGCAGCGCAGGGGCCTGATCCTCTCGTCCCTGATGAAACTGAAGCAGCTGTGCAACCATCCGGATCAATACCTGGGCGGTGGCGGCTATCCGGAAACGGAATCGGGCAAGTTCGGCCGCCTGCGGGACATCTGCCGGACCATCCACGAAAAGAGAGAACGGGTGCTGGTGTTTACCCAGTTCAAGGAAATCATTGACCCGCTGTGCCGTTTCCTGGCAGACGTTTTTCACCACCCGGGGCTGATGATCCACGGAAGCGTATCGGTGAAAAAAAGAAAGGCTGCGGTAGACGAATTTCAGGCGGCGCCCTATGTCCCTTTTATGGTGCTCTCCCTCAAGGCCGGCGGCGTGGGGTTGAACCTGACCCGGGCCAGTCATGTGATTCACTTTGACCGCTGGTGGAATCCGGCGGTGGAAACCCAGGCCACCGACCGGGCCTTTCGCATCGGCCAGAAAAAAAACG
NZ_AP021874.1_gap93	4053646	4057064	3418	GAGGGTTCATCCTGACCAAGAACAAGCCCCAGCTGACCAGCCTGGTCTTCGACGCCCGCCTGGGGGCACGCAAGGAATTGGTCCGCTACGTCTTCATCAAGGACAAACAGGGCCGGATCCTGGCCCACACCTTCACCAGCGCGTTCCCCGGCCAAATCACCGATGCCAACCGCATCGAACCGGAAAAAGACCACCGCATCAGGTTGATGGATATGGGCGGGGACAGGGTCTACGACGTGGCCGTTGCCGTCAAGGAGGGTATTTACCGCATCGGGTCAGTGCATGTGGGCGTGTACAAAAAGCACATCGATCAGCTGATCAACAAGTTGCGGACCACGTTTCTGGGCTTCGTTTCGGTGGTGATCATTTTCTTTTTCATCATCAGCCACCATCTTTCCAAGACCATTACCCAACCCATCACCCGGCTGACCGATGTCTCCGATGAAATCAGCCGTGGCAATTTCGATGTTCAGCTGGATCTGGAAAAAGGGCTCCAACAGGGCGGGGTCAAGGATGAAGTTCGGCAACTGTCCAGATCCTTTATCAATATGACCAATCGCATCCAGGAATCCCAGGCCAAGCTGAAAGAGTCGGACAACAAATACCGGTCCCTGTTTGCCAGCGGCCCCAACCCTATCTTTGTGCTGGATCGCAAAACGCTGACGATTCTCAGTGCCAACCCCAGCGCCGAAGAGACATACGGCTATACCCGGGAAGAACTGGTGGGCCGGCCGTTTACGGACCTGGGCCCATTTGATCTGGACGAAAACAAGTGGGCCGAACTCAACGCCCAGCATGCCGGCAGCGTCACCACCATCAGCTCCAAGGTCCAATATTTCAAAAAGGGGAACCAGGCATTTTTTGTGAACCTGCACGCCTGCCCGGCCCCCTATGAAGACAAGAACGCACTGATCGTGGCCACCACCGACATCTCCGAAATGGTGGAAAAGGACAGCCAGCTGATTCAGGCCAGCAAGATGACGACCCTGGGGGAGATGTCCGCCGGAATTGCCCACGAACTCAACCAGCCCCTCAACGCCATCAAGATGGGCAGCGAATTCCTGGAAATGATGCTTGAAAAAGAAAAAGGCATCCCCGAACGGGAGCTGTTTCACATCGTACGTGAAGTCAGCAGCCAGGTGGACCGGGCAGTGGATATCATCCGCCGGCTGAGAGATTTCGGGCGCAAATCGGACTTTACCCGGGAAAAGATCCTGATCAACGACCCCGTCAACTCGGTGCTGGACATCATCGGCCGCCAGCTGCGGTTGCAGAATATCCATGTACGGCTCCGGCTGACGGCCGACCTGCCGCCCATTATGGCCCACCACAACCGCATCGAACAGGTCATCTTCAACCTGTTGACCAACGCCCGGGATGCGATCAACCTCAGGGAAGAGTCGGGACGGGGAGATCCTCGGCGGGAAATCATCATCAGGAGCTACGCCCGGGACAGCCAGGTGGTGGTGGCGGTTTCAGACACGGGCATCGGCATCGATCCGGCGGTCAAGGACCAGATCTTCGAAGCGTTTTTCACCACCAAGAAAATGGGCGAGGGCATGGGGCTGGGCCTTTCCATCACCAACGGCATCGTAGAAGATTACGGTGGCCGGATCGATATCGACAGCAGGGAAGGCCAAGGCACCACCTTCAACCTGAGCTTTCCGGCGGTGCCGCAGGGGCGGTGACAAACCCGGCCGCATAGACCGTCGCCTGGTCGAAAAACCTGAACCGCAGGGTGCCGCTGTCCAGTACCGTCACCCCGGCCTGGATAAGGTGGACATCACGGCCGATCTCCCTGGTGTACTGAATCCCCACCTGGCCCACCCGGCCCCCACCGACTCCCGTGCGTTTGACGAGCGTCTCCAGGTACTCCAGGTAAATCGCATTGTTCACATGGCCATTGGGGTCGAAATCCCCTTCCCGGATGGTGATCGGCACCGTCTGCTGCGGGGCGAAGGCGTTGTCCACCTCGAATTCGATGGCGCCGGGGTCGAGGACATCCCGGGCTTCGGCCGTGTAGGGCGCGGACACCGTCGTGGGGATTTTGGCGACCCGTTGGCGGTTCAGGTCATAATAGAGCCATCGGCTGGTGGCTGCCGCCACCGTCTCATGGCCGCAGCAGACCAGAAAATCCCTGCCGGCCCGAAACCCCGCCGAGCCCCTGTGCCATGTCCGCAGGGTGACCGTCTCCCGGTAGCGGGGCAGTCGGCAGATGTGCACCCGCATGCGGTTCAGAATCCACACGGCACCGGCGGCCAGCATGTCCGCCGCCCCCAGCCCCACCGATTCCGAATGGTGAAGCGCACCCCGCTGGAGGCGCTGAAACAGCACCGGCAGCTTCATGCGAAACGCCGTGTCCACCTCGTCGTACTCCACAATTGACGTCTGTTCAAATTCCATGGCGGTCCACTTTCCCGGCACGCTTGGCTGCGCCCGGGTTTCATCGAACGACGGCCCGGGTCAACAGATACCGTTCACCCCCCTAAAAGCTTATGACGGCAGCCCTTTTCCGCCAGCCCCGGCTCCCGTCCAGCCAATCCCCGCCGTCCATGCAAATGGCCAGCGCCTCGGCCAGGTGCCTGGCCTTGAATCCCATCGATTCACTGCGTCCCAGGCCGGACAGGCACGAGGGGCAGTTGGTGAGCACGATCTTCTCATCGGTGGCCCCGCCAAAAGCCGTCGCGAGGGCGTCCCGTTTGCGCGCCCGCATGGCTGCGGCCACGTCCGGCCGGCTCAGGGCCAGGGTGCCGGCCTCCCCGCAGCAGTGGGGCACCACCGCCGCAGGGCTGCCCAGGCGGGCCAGCAGCGCCTCCCCCCGACCCTCCAGGGAGTCGTGGCAGGGGACATGATAGTACTGCCCAAGGCCGCTGCCGGCAGCCAGCCCGCTGTCAATGGCCAGCCGGCTGACATCCGCCAGCTGACAGCCGAAAATGGCCGGCACGCCCATGTCGTCCAGGGATTCCCGGCAGGTGCCGCAACTGACCGCCACGGCATCGAAGTGCCAGTGCCCGAAGCGCTCGCGAATCTGGTTCAGGATGACCGCCGTGCGCATGGTCTGGCGGCGGTGCATGTCGGCTTTGGCATTGACCCGTGCCGGAAACCCGCAGCACAGAAAGGGTGGCGGCAGGAGCACCCGCATGCCCATCCGGATTAAAATGTGGATGGCCGCCAGGGCGACCCGCGAATAGAGCCGTTCGGAGCCGCAGCCGGGAAAATAAAAGATCGTGTGCCGCACCTCGCCGTCCGGTTCGAGCACCACGGCCTGGCCGGGCCCGCAGGCGGGCAGCCGGCTGAAAAGGGTGCCCCCCGGAACCGGTGGCATGGGGGCTCGCAGCAGGCCCAGCCCCCTGGCGCCGGCCAGCCGCCGGGCTCCGGGCAGCCGGTTGAGCATCCAGGCACCGGCCCGCTGAAGGCG
NZ_AP021874.1_gap94	4058451	4061114	2663	AGGGCCATGAGCGTTTCTTGACCGCGGTTGGCAAAGACCTCGCAGATGGCGGCGATCGCCCGGCTGGCTTCGTCCATGTCCGTACCGAAAAACTCCAGGCAGCAGGTGGCTTTCTCGGGATAGGCCCGGTGAAGGATGAAACGGGCCGAGGTGATGATGCCATCGGTGCCCTCCTTCTGGATGCCGGGCAATCCGGACAGCGCCTTGTTGGTGATGTCCTTGCCCAGCCCGGCCTGGCGGATCTGGAGGCCGTCCAGGGTCACCGTACGAACCAGCTGCCCCGTGTCATCGGCAATGTCGAAGTCGATCCGGTCGTCGGGCAGGATGCGCCGCAGGGTGTGGCCCCGCCGCCGGACCGTGTAAAAGCGGCCATCGGGCATGGCGATGACGAATGACAGCAGGTTGTCGATGGCCGTGCCCCACAACACGGCGGTCTTGCCGCCTGCGTTTTCGGCGATGTTGCCGCCGATGGTACAGGCCCATGCGCTGGTCGGATCCGTGGCAAACACCAGCCCCTGCCTGGCGGCATAGGCCATGGCCGCATCCGTGATCACGCCGGATTCCAGGTGGATGACGGCCGCCTGCCGGCGGCCCGGGTCCGGAGCCGGCATCTCACACGTTTCGATGCCATGAATGCGATTGAGCCGTTCGGTGTTGACGATCACGCAGCCGTCTTCAAGGGGCACGCTCCCGCCGGTGAGTCCGGTGCCCCCGCCCCGGGGGACCACCTTGAAGCCGGCCTCGGCAATGGCCCGGATCACCAGCGGCACCTGCGCCTCACGGGTGGGGCGCACCACGGCCAGCGGCAGACAGAGGCGCCAGTTGGTGGCGTCGGTCACGTGGGCGTTCAGGGTAAACGGATCGGTGAAGACATGTTCCCGGCCGACCACGGGAGCCAGGCGCCGATGGATCAGCCGCTGACCGTCACGGATTTGACGGATGCCGGCATGGCTTTCATCCAGCAGGCGCCGGCAATCATCGATCACGGCCGTCCGTTCAGCAGCCTCGCCCGCCTCCCGTGACACCATCTCCAGATCCATGCGAACGGCCTTGAAGAACCGTTGCTGCCGCCGCGGTGAAGCGAGCAATTCATTGCGGATAAAGGGATTTCGACGCAGCATGAACATATCGCCGAAAAATCGCATCAGGGGCCGGAACACCGGTCCCGCAGCCTTCAGGAAACTGCTTTTCTGCAGCCGGCCGAACCCGGCATCCCCGAGGAGCAGGCGAAGCACCTGGCTGTCATCGGCAGAGGTATAGTTAAAGGGTATTTTTCGGGTTTCGCTGTCTGGCATATGGCCGGCCTTGGTATCCGTTATTTCTGTGTACTGGAAACGGGTTCCAAATCACAATTCCCGTCAATTGGCAACCGTTTCAGCGGCAGGGGCCGGTTGCCGTCGTACCGGCCCGCCCCGTGGCTTTTCGGGTCCACGGGTCGGGCGATCGAAAGGGCCTACAGGGGGCGATTATTTTTCCCATTGATTCGGGGGGTAACGATCTGCCCGGGCTGAATGGACGGGTGAATCTGATCCAGTTGTGTGATATGGACCTTTCCGGGCCGCCGATCGGGCCATGTATGGGGTCAGGCACAGTTGTATACAAAATGTAACATGTTTCACAGATAAAACGCCGGCTGCCGCCCCCCGGCGTTGCCCCCATGGCAGCGGACAACAACATAACACTTTGGAATGTTTGTTGCATATTTAACGCTGACCATGCAACATGATACTTGATTGCAGCGACGACAGGAGGGGAAAAGGGATGCCAGAGGCCGACAAGGAAAAAAGGACTGCTGTGTTCGACCGCGAAACCTACGTAAAAATGCTGATCACCATTGCCCGGGCCGACAAGGAAAACGGCCTGCAGGAGTATCGCTACATCCGCAAGCAGGCCATCCAGCTGGGCGTCGACTACGCAGCGGTGCTGAAAGACACCCAAAAGAATTTTGAAATCGGCACCCAGCAGGTGTCCCGCCTGACGGCGCTGCGCGTCCTCAAAGATGCCATCATGATCGCATCCATGGACAGCAATTTTACCCTGCCCGAAAAGCAGAAAATTTATACCTACGCCGAAAAGCTGGACATCCCCCGAACCGATGTGGATCAGCTTGAAGTTCTCGTCGGCGCGCTCAAAGAACTGGACGACCGCTGGAAGGAACTGGTAGCCGGCCATCCCGATGAATAGGCCCGCATTGATCACCCCCATTTTCGACTACACTGACCGGGCCATCGCCTGTTGCAGGGCGGGTCTTTTGCAGCTGGACGGGTGGTGGCGGTTCTTATCCGCGCTGGACCCCTGGTTTTCCCTGGGCCTGTTTCTCGTCTGCTCCGTGCTCATGGTCTACCGTCTTAACGTACTGGAACGCAAAGGCCTCGAAGGCACCGTCCTGGGCACGCTGGTCATGCCATATGCCTCGGGGTTTCCCAACCTGATGTTTGCCTTTTCCCTCGGCCGCCAGGGCGGCAGCGGGTCGGTCATCCTTGAAAACTGCATCGTCAACAACGTCACCAACCTGACCCTGCTCATCGGCCTGCCGGCGCTCGTCTGGACCCTGAACATCATCCCGTCCCGGACGGCGCGGACGGCCCACCGCCCCGTGTCCAAGCTTCATCGCCTCAACACCCTTTCCCTGATCCTGACCCTCGTGGCCCTCTTTTTTTTCA
NZ_AP021874.1_gap95	4062607	4066540	3933	GTGGCCGATGTAACCATGCCTACATTGGCCGCAGCCCGATCCATCGAATCGGCCACTGAGTCTGAATTTGTGCTCAATTCTATGGCTCCGGCTGAAACGGTTTCCGCCTGGGATGCAGTCTGTTTCGCGCTGTCCACCATTCTGCTGGCAAGCTCAGACAACTCGCTCGAAGAAGAGTCCAGGCTTTGAGCGTTGCTGGCAACATTGTTAATAATCCCTTGTAATTTCTCCATGAAAGAATTAAACCATTTGGCCAATTCGCCGACTTCATCCCGACTGTTGTTTTCAAGCCTGGTGGTTAAATTGCCTTCGCCCTCTGCAAGATCTTTGAGCATAGCGATGGTATTTCTCAAAGGCCTGCTGATCGAGCGAGAGATAATAAGATAAACTAAAATTACGGAACTGAATAGGACACAAATAAAAATTACGGAATTTCTTTTTTGCTGCTTTTTTGCAGAATGTTTAATTAGAGTAAGCGCTTTTTTAATATCTTCAGAAAATGAGTTCATCACTGAAGATAGATCCTTGCGTAGAATATCGGTCAGTTCTGCGAGGTAGGCAATATCATTTTCCATTTCATCCGTAGTTTCCGAACTCAAACTCATTGCTGTATAAACGGTATCTGCTAGTTGTGTGAACTTTTTAAGCTTTTCCACATATGCCATAAGCTCTTCTTTTTGTTCGTTGCTGCCCCCGTCCAAACTAATGATGGTGTTAATGGCCTTTTGAACTTTCAATGATTTTTCTCTGGCATCGCCGATGATTGAATCATCACCAATCATGACGGCATCTTTATAGAGTTTAACTTGCTCGTTGAATGCTGCTAACGCCTCCTGACTAAGTTTACTAGAAGGGAAAATATATTCTGAAATTATGTTAAGTTGTTTTTCAGACGCCTTGTCATCAATAAAGCCGAAGATCATTGTCCCAAAATACCCTAAAACGAGCAGGCTCAAACCGAGCCATATTTTTTTTCCTAAGGTTAGAGAATTCCACATATAAAACCTTTTTTATTTTCAATGGTTGATAAAGAGGCGACTGCTCAGGCGACGATAATTTCTTTTGTAACCTGAGCAATTGTCTTCTCAAACAATTAAAAGCTAAATGTAATTTTAGCTGCATACATAAACCAGTCTTCGTCAGTACCCTTGGGGTTGTCAATGGAGACAACCTGAGCAGTACCATCCAGCATGTGCCCCTCTAATTTGATGGTCCAATATTCATTGAGGTCGAAACGGGTGGTAAGTGCCCAATCTTTCTGCCAGGCACCGTGATCCGGTAGTCCCTGGGCTTCTAAAGTATCGCCATCTTTGTCCTCGATATTAGCGTAGTACACAGAATAGTATGTTCCAACCTGAAGCCAATCTGTAAAACGATATGATGCGCTCAAATAATATCCTTCAGATTTGGTCGTATCTTCCGGTAGGACGTTGTCAATCCCAAAAGTTAATTCTTGCCTTGTATATTCGGCTGCAAGCACCAAATCATTCCAAGTGTATTCTGCGGAGGCCACATAATTCGTGATATCATTAAAATCGGCGACCAATGAAGAGCCAGCCGGTAGAGGCCCGAAAGGATAGTTGGTCCGAATATCAGAATCAAGACTCAATGTTAGATAGCTGCCTCCGACCCGCAACCCATCCAGCGGAGTCGACCATTGCAAGCTACCAACATAAGCAGTATCGATGTTAAATTTTTCAACTTCAAATACCCCACGACCAAGAGCTTCTGTTACTTTTGCGATGCCACTGTCGCTATCCACGTCAAAAGTTCCAATTTGAAGTTGATAAGAGAGATCACCAAAAACACCGACAGGTATCTCACCGTAAATACCGGCTCCTTGGATGGCCACGAGAGTATCTCGTTGCAAGTCATTGTAAACACTTTGCGGAAGCAAAATATTGGTTCGCAAAGCGTCAATATCTCTTGTTTCATTATAAAATCCGTAGGGTAATTTTATTTTACCTGCTCGAAATCCGAGCCAATCTTTCCACCGATAATCCCCATAAGCCCAATCTAAGGTGACCTCCCCATTTCCTATGTCACCAAGATCCCTGGCAAACAATTGAAGTCCTAAGCGCAGTTTTTCAGTCAATTCTTTTCCGAAATTAATGCCAAACTCATTAAATTCAAAGGAGCCTTTCTCTGTATTGCCTGCCAAGTAATTGTTGTTGTCCGTTTGCATGTATCCTTGAGATATAAAACCGTGAATATCGATATCCGCAACTTCTATGGCATGACAATTCAAAATATTCAGAAAAGTAATCGCAAAGCTGAGACAAGTCACAATTAGTTTTTTCATCTTTTCCTCTCATTTTTAAATTATTAAAACATTTAATTCAATAGTATTTTATCAAAAGTATCAATTTACAGATAATACCCTTGCTATATCGAGAACAGTATTATTTCCAACATATCCAATAGCGTTAGGTGTCTCATCAATAAAAGTGAGAAGTTCATTTTCATTATTAAATTTTCTAGGAAACTTTCCTTTGCCTGTAAACACTATTCTTTTCCAATAATTATTAAATTGAGAGACACTTTTACCTATGTACATTTTCAGGAATTTTTCATGTACATCACCTGACTCATAAATGACAAAAATAATTCTATTTCCGTCGTTCCATTTCGTTTTTTTTCCAAGATATATATTTTTCAATTCATGTTTACTCAACGAATCAATGCTTAAATTTGGATTAGCTATTATGTTGATATCATCTGCAAAAGCGATAGGTGTTAGTATAAAAGTATTCATAATGCAAAAAAAACCGAATCCGACCATGATTATCGCTGTATTCAATAGATTTTTTCTCACATGACCCTCCTGTTAAGGTTTTTGATTTAAATATAATTATATTTAAACTTTTCAGATGATAGTGTTTTAGAAATTGCAAGTATTAAATTAAGTTATAAACCGGCAATTGAATTGTGAACAATGTCCCCTTACCTATTGTACTAGTGACGTTTATACTTCCATAGCAGTTGTCCACAACACGCTTGACCACCGATAGCCCGAGACCAGTTCCATGACTTTTTGTAGTAAAATATTTATTAAAACATTTATCGATATTATCTGCGGTGATTCCAGAACCAGAATCCTGTATATGTATCAATATTTTTGTCCCTTCTCTATCTAGTTCCAATTTAATTTTTATCCATTTTTCTACGCTTTCTTCCATGGATTCGATTGAGTTTAGAATAAGGTTTTTAAATATTTGCTCAATATCAAATTTATTTCCTAAAACAAATTTTTCGTCCTCATCATATTGGTTTAAATCTATTTTCAGTGACACCTTTTTAATTGTCATCAAATCTTCAAACATTTTTATAGAACTAATCAACAAAGTTTTAATATCAACAACTTCTTTAGGGCGTTCTTCGTATTTATTAAGGCTCAATAGTTCTCTATTAATATGGTTAATTTTTTTTGCAGCCGTTAAAATATCCTTAAAAAATTTGATAATAGCATCCTTGTCATCAAGATTAAGCATTCCCAACTCTGCACTACCGTTAATACAACAAAGCGGGTTGTTAATTTGATGGACTAACATGGAAACATCTTCATTTGAATTTCTTTTAGTCAACTTGTTTTCCATACTTTTATTTGAATTTTTATTATAACTTTCTACAATTTCAATTATTTTTCTCCTTTGTTTATTGCGTTTATAGTCGCGTTGCTTTAGAGCCTTTTGCAGCGAATCATGAACCTTATTAATTGATAACGGTTTTTCAAGATAATCATTAACTTCTAATCGAATAGCTGATTTTGTACTTTCAATATTCCCATTTCCCGTTATCACGATAGATATAATATCAGGCGAACAGGCCTTTATGGTTTTAATAACCTCAAGGCCATTTATATCAGGAAGACACAAGTCGGAAAGTATTACATCATATTTTTTATTAGTAGCTTTTTGAATACCATCTTTACCA
NZ_AP021874.1_gap96	4153647	4157386	3739	TCGCTGACATAGGTATCAATTCCAACGATCGGCTGTTTCCCCTCGAACTTATAGAGCATCGTGGTTATTTTCCTTTGAATACCGGTGAGCGTTCTTCCAAGAAGGCGCTGATTCCTTCCCGATGTTTATTTCAGGGTAAAAACAAACGCGACTCCTCCCGTCGACGCAGTCCCACTCCCCTGTCTTTCAAGCCTCTGTCTGCGTCTCTTCGACAGTCGAGGGATCGATGTCCACCAATATCTGTTTGGGACTGACTTTTTCTCCCTCGGCCACATTGATTCGAGCAACGACGCCATCGAAGGGCGCCGACAGCGTGGTGTCCATTTTCATGGCGGACACCACGATCACACCCTGCCCCTTTCCGACGGCGTCTCCTTCGGCAACCAAAATTTTCGTCACCACCGCCGGCATCGGCGGCGTTATTGCCTGGTCGCCGTTCTTTGGACCGCCTCTGGTCCGGTGGGCAAGCGGTGTGTTGTTTTCTATAAACAGCCACGTGTGGCCATCCACCATCACCGCTTTTCCCTCTTCCGTATTGGCCACAAAGGCCATTTTCTGCCGCCCATCGATGGTCATGGGGATCATGTGATCCGAAATCCGACCGTAAGCCACGTCTGCCCTGTTGCCGTCGATGGTGGCCGTAAATCGGCCGTCCTCACCGGCATCCACCTGTAGGGGAATGGTTTCTTCTTGGCATTTCAGTTTGTATTCCAATGGTCTATTCTCCTGCCGGCTGTGATGCAGCCGACCGCACATATAGGTACAAGTGCGTTAATGCGGCCCTAAAACAACGATGTTATCCGCCCTCAGAGGCGCCAGGCCCTCAACGTTTGCCAGGGCCCGGGATGGTCGACCGCCGCCGTGCCCGCGGCCAATTTCCGCTTTTGCGTCATTGCGTCCGCCGCGTAAGCGATGGCGGCAAGATGCAGCGTGTCACGATCCGGTGACCACTCTGGAAAATGGGTGTCGATAAAATCGGTATAGGTCTCCCCCTCCCTGAAATGGTTGGAGGAAAGGATATCGATCAAAAAAGCGATAGGTGTTTTGACGCCCAACACCGCATAGGACCGAAGCGCACAGATCATCCGTCGAATGGCCGCATCGCGGGTTTCGGCATGGACCACCAGTTTGGATAAGATGGGATCGTACTCAACGGGAACCTCGAAACCGGAATATACACCGCAATCATTTCGGATGCCCGGTCCAGTGGGCTCTCTTAAAAAAACGATCCGTCCCGGGGACGGCATGAAATTTCGTTGCGGATCTTCGGCATAAATACGGCACTCGATGGCATGTCCCGTGCCGGAAAGATCCTCCTGGGTCAGGGAAAGTCCCTTGCCTGATGCGATATCGATCTGGTGACGCACCAGATCCATGCCGGTGATCATCTCCGTGATGGGATGTTCCACCTGCAGGCGCGTATTCACCTCCAGAAAGTAAAAATTGCCTTCCCGGTCGACGATAAATTCCACCGTACCCGCATTCACATAGCCCGCAGCCCGGGCCGCCGCCACTGCCGCTTGGCCCATCTCCGACCGCAACCGGGCATCCACTGCCGGACTGGGGGTCTCCTCGATGATCTTTTGGTGCCGCCGCTGAATGGAACACTCTCGCTCGAAAAGGTGGACCACATTGCCATGGCTGTCGGCCAGGATCTGAATCTCAACATGGCGGGATTTTGCCAGATATTTCTCCATATAGATGGCACCGTTTCCGAAAGCGGCCTCCGCTTCACGCGATGCCGATAGGCACGCTTCGGCAAGATCGTTCGGATCTTCCACAATGCGCATGCCCTTGCCGCCGCCGCCAGCCGAGGCCTTGATCAGCACAGGATAGCCGATCTGTTCGGCGTGCGCGGCCAATTTCACCATGTCTCCCGCTTCTTCGGTCGTGCCGGGTATTAAGGGCACGCCACCGTTGATCATGATTTGCCGCGCCGTGATTTTATCCCCCAGGTCACGGATCACCTGGGCCGGAGGACCGATGAAAACGATGCCCTCCTTTTCGCAGCGCTCTGCAAACATGGCATTTTCAGCTAAAAACCCGTAGCCGGGGTGAACGGCTTCCGCTCCTGTTTGTTTAATGACGGCGATCATACGATCGATGTTCAGGTAGCTCTCCGACGGTTCGGATGCGCCGATCCAAACCGCCTCGTCCGCTTCAAATACGTGCTGTGCCCGAGTGTCGACGTCCGAATAAACGGCCACGGTGCCGATTCCCATCTCCCGGCAGGTGCGCATGATCCGAACTGCGATTTCTCCACGATTGGCAATCAGAATCTTCTTAAACATTGCGTTTCCTGATGTTAGTTCTTGTCTGGACAATCCTGTTTCCATCCGGCTACATTCTGAAATTCCCATAGCCAAACACATCGTGCCGGATGGGAGCATTCAGCGCCGCGGAGATCCCCAGACCCAGCACGTCGCGGGTCTTGGCCGGATCGATGATGCCGTCATCCCACAAGTTGGTTGTGCTGTGATATGCATCGCCTTCCCTGATGGTCGCTTCGATGACCGGTTTCTGGATGGCGGCCACCTCGTCATCGGTCAACAGCGGCATGCCGGTCCGAACCCGCTGATCGTTTTGCAGCGTGACCAGCACATCGGCCGCTTGTTGCCCACCCATGACGCCGATCTGGTGGTTGGGCCAGCTCCAAAGAAATCGCGGGCCATAGGCCCTTCCGCACATCGCATAATTACCGGCGCCGAAGGACGCCCCCACCATCACCGTGAACTTGGGCACCGTGGCCGTGGCCACGGCATTGACCATTTTGTGGCCGTTTTTGGTGATGCCGCCGCGCTCGTAATCCTTTCCGATGATGAAACCGGTAATGTTCTGTAAAAACACAAGCGGTATTTTGCGGCGGTCGCACAGTTGGATGAACTGGGTGCCCTTGAGTGCACATTCGGAGAACAAAATGCCGTTATTGCCCAGAATGCCCACGGGGTAGCCGTGAATATGTGCGAAACCACAAATAAGGGTCGGCCCATACATTTCCTTGAATTCGATAAATTCGCTACCGTCGACGATTCGAATGATGACTTCCCGGATATCATACGGTGCGGCGATGTCCCGCGGAACGATTCCGTATATCTCTTTGGGATCGAACAAAGGCGGCTTGGGCGCTTTGGTGGTCAGCCGGGATTTGCGGGAGTCCGGCAGATTGGACACAAGTTGGCGAACGATCTCGATGGCATGGGCATCATCTTCGGCATAGTAATCGGAAACACCCGATTCGGCGCAGTGCAACTCCGCCCCGCCCAATTCGTCGGCCGTAACCTCCTCTCCGGTGGCCGCCTTGACCAGCGGTGGCCCGCCCAGGAAAATAGCCCCATGACCCTTGACGTGAACCACCTCATCACTCATGGCCGGGATATAGGCTCCCCCGGCCGTGCAAAGACCCATGACGGCAGTGATCTGAGGAATGCCCATTTTGCTGATAACTGCCTGATTATAAAAAACCCGCCCCCCATCGTCGAAATCAGGAAACACCTCGGCTTGAAGCGGTAAAAATGCACCAGCGGAATCCAGCAGGTTTACGATCGGCAGGCGGTTTTCCATAGCGATCGTCTGGCCGCGCAGGGTTTTCTTAACTCCCATCGGATAAAGGGCACCGCCTTTGATGCTGGGATCGCTGATCGAGACAAACACCTCCTTGCCCCCGACGATGCCGATCCCTGTGATCATTCCGGCTTTGTGAACCTTGCCGTCATAAAGGCCTCTTGCGGCCAGAGGCGCG
NZ_AP021874.1_gap97	4232694	4237599	4905	ATTTCATAAATCAATAGCGGAGGTGGAGCTATGTTTCGGGGAATGCCACTTGTTTTTGGGTAGGAATGCTGATCATGTACGGTTGGGCCTTTATGCTCATTTTTCTTGAGATGCGTATTCCGGGGTTGCCGTTGGCAAACGTGGACGGTCTCTACCAGCCGCCTATCTTTACAATTGGATTCTGGGCCTATGGCTGGTCAACCTGTTCGCCGCTTTTCTGTTTTATCGTTTAGAAGAGAAAAGGGAAGAAAAACTTGCGGGAAAGGAGGTAACCTAATGGGATCCCACTGATCGTGATTGTTGCAGCGCCATTATACTTTGGTATCATTATCTTCATCTTGGGGTATCCGTTCTGATGGACGCTCGTGGGCTTGATCGGCGGAATGCCCATCGCAACATTGATTACCGCGGCGCCGATACGTAAATATGCGCCACCTCCTTTACGGACTACTATGCGGACCGTTACGCTACAAAATGGACTCGGCTGATCGCCGGCATTCCCACCACCATCTGGGGGATAGCGTATATCGTGTTGTCCATCATCGGCACCGCGCTGTTCCTGGTGGCCATCTTAAAGCTCAATTTCACGATTGCCATCGTGTTGTCAGCGCTGATCATTTATGTCTATATTTATTACGGTGGGATGGTGGCCACAACCTATTCCACCGCCTTTCAGGGGATCGCCATGACCGTGGCCTCTCTAATGGCCGCAGCCTACATAATTGCCCACTTCGGCGGGATCAACGTTTTGACGGAAGCAGTCTCCTCCGCCAACCCCGCTTCTTTTAACATGCCTTATACGTCCGCCAAAACGGCTCATGCGCTCATGGCTTCCTGGACCGGGGTGATCGGTTTCTTTTTTGTCTGGCACTTCGGTTTTTCGGTGATGCCTTATACCGTCGTGCGCTTTTTCACCACTCAGGATATCAAATCCGCGCGCCGAAGCGTTTTCTGGGCCGTAGCCATCGGCGGCCTGATGTACTGTGGCCTGATTATCATCGGTACGGGGGCCAGGGTATTGATTGAAGGAACGCACCCGCTCATGCAAACCAAGGGGAGCAATAACGCCATGGTGGTGCTGAAGGCGTTGCGGGAATCTTACGGCATCGGATCGATAACTGTCCTGGACTATTCCATGATCACAGCTGTTGAGTCGCAGCATAGCTCATTCTTGCTCGCCGTGGTCGCAGCCGGTGGAATCGCCATCGCCATGGCCACCGCCTCCGGATGGACCATGGTGCTCAACGTGATCTTGGGGCGGGACATCATGGGAAAAGTGTTCGGTAGCAAATGGGCTGAGGATAAACCCGCACAGGTGACGCGCCTGATGACGACTATCGTATTGCTGGTTTGCATGTTTGTGGCCTTTAAGCCCCCTGCGTTGATCATCGATATCTCCGGGTTCGCCTTCGTCCTTCTGCTGAGCGCCATCGGCCCTCCGCTCGTTCTGGGTATTTGGTGGGATCGGGCAACCACCGCCGCCGCCGCCATGGCCACCATAATCTCAATGTCCGTAAGTACCACTTTTTCCGGGCTATACGCGAAATATAGCCTGGGAAGTTATCATTACTTCTTTTTAAGTGGAACGGAAAAGATTGTGACCCCACACCAGGTGTACTGGGTGTGCATCAGTTTCATTCTGTTCATCGTTGTGAGCCTGCTAACTTCTCACAAAGAGGATGAGGTTGTTCAGGAATACGCCGTCGAACTGCGGCCTGAGCAATAACCTCTTCGAGAAAGAGAAAAAAATTCATGAAAGACCATTAAGGACTGCATCATTATAAACAGACCGAAAATATAGGAGGAAAACCAATGTATGACAACAAGGTTAGCTTTAGCCAACTATCTGCCGATTTCAACTGGGAAAAAGAGCTTTCGGTGTTCAGCAAGGATATTTCCAAAGGTTTCAACTATGCCTATGAAGCGTGCGATCGCTTTGCCGGTACGGACAAGGTGGCGATTAACTGGGAAGGCGTCAGCGGCGAAGCTCGAAGGATCACCCACCAGGAACTGAGCCAGCTTTCCGATCAGGTGGCCAACATGCTTTATGAGCAGGGTGTGCGCCGGGGCGATCGAGTCGCCACTTTGATGCCACGCGTTCCCGAGCTATATGCTTCGCTTTTAGGGATATGGAAAATTGGGGCTGTTTATGTGCCTTTGTTTACGGCATTCGGGCCTGAAGCCGTTGCCCACCGCATCGAACACAGCCAGACACGATTTTTGATTGCCCACAGCAATTTTCGGGATAATGTCGATGATAAAATAAAAGGGTTAGAACACATTTTTGTAGTTCAGCCGAAAAAAGAGACGCTGCGGCAGGGCGATATCGATTTTCATGAAGCCTTAAAGGGTACAACCGCAAAGGCGGAAAAGGCAACGGTTTTACCTGACGACCTGGCCATTATTTTGTTTACCTCAGGCTCAACCGGCATGCCCAAGGGGGCGATGTTGTCTTATAAATTTTTTATCTTCCACGTACCCTACCTACGATATGCCATCTGGCTGCGGCCGGAAGATTCTTTCTGGTGTGCTGCCGATCCCGCATGGGCCTACGGACTGCTGAATTCCTTTGCTCCGCTGACGATAGGAAACTCGATTCTCGTGCAAGAGGGCCTCTTCACTCCAGAACGTTGCTACCAATTAATGGAAAAACACAAGATCTCCAATCTTGCGTATGCGCCGACCGCATTTAGAGCCCTGGCAGCCGCCGGTAAAGAGCTACGCCAGCAGTACAACCTCAATATAAGGGTGCTTAGCAGCGCGGGAGAGCCCCTTAACGCCGATACGGTAAAATGGGCTATCAATAATCTCGGCGTTCCCATCAGTGACCATTACGGTTATACCGAATCGGGTATGGTTGTGTGCAATTACAACTGCTGCGATATGGAAATCAAGCCCGGTTCCATGGGATTTCCGGTGCCATGGCATCGTATAGCGCTTCTCGATTCTGAAGGAAACGAGTGTGATGGCAAAGAGCCGTCCAGGATGTCGGTGAACAAAAATGAATACGGAACCTATTTTAAGGGCTATTGGCAAGATGAGGAGAAGACCCAACTCGCTTTTGCGGGGGATTGGTTCGTGCCTGGCGACCTTGCTTGGCAGGATGAGGACGCGTATTTTTGGTTCGAAGGGCGCGATGATGACGTCATATCCAGCGCCGGGTTCAGAATTGGGCCCTTTGAGGTAGAAAGCTCTCTCATAGAACATGAGGCCGTTTTGGAAGCCGCTGTTGTGGGGCAGCCCGATCCGTCCAAGGGAGAAATTGTAAAGGCGTACGTTGTGTTGAAAAACGGCTATGAACCAACATCGGAGCTTAACGAAGAACTTAAGCTTTTTGTAAAAAAAATATTAAGTAAACACCAGTATCCCCGTGAAATTGAATTTGTTGCTGAGTTGCCCAAAACACCCAGCGGGAAAATCCAGCGCTTTAAGCTGCGTGCGCTGGCGACCTAAGATTATTGAGAAATACTCAATAGCGGAGCCTTCGTGTTTATTTGCTTTTGCAATGTTTCGATTCTGTTTCTTGTTGATGTTTGTAAAAGAGACATCCAACCGCAAATTTTTTTCGGTACTACAAACGGACCCATTGCGGTAGGACACGATTGACTTCCAACATAGCGAGACTTTATTATTATGCAGGGAACACTTAACGGCATCACGGTTCTGGACCTGTCCCGCCTGTTGCCTGGCCCGTATTGTTCCATGATTCTATCGGACCACGGTGCCAGGGTGATTTCAATCGAAGACCGACGTTACAAAAATGACGGACTTTACATAAAGCCGCTTTATCGCAACAAGCAACATATCACCTTGAGCCTGAAGACAGGAATGGGTAAAGAGATTTTCTTCAAATTGGCCGAAAAAGCTGATGTAATTATAGAAACCTTTAGGCCCGGTGTGGCCAGGCCAGAAAACTGGGAGTCGGCGACGATGCCGTGCGCCGACTCAATCCGGAAATTATCTACTGCTCCATTACCGGATACGGCCAGACCGGTGGCCAAAAGGATTTTGCCGGTCATGATGTGAACTTTTTCAGCTATTCCGGGGTATTGGACCTCATGGGCGAAGGGGATCGATGCCCGAGTATTCCCGGTGTTCAAATCGCTGATCTCGCCGCAGGAGGCATGAATGCGGCCATCGGTATTCTTCTGGCACTGTTATACGGCGCTAAAAGCGGCAGGGGCCAGTTTATTGATATATCCATGACAGATGGGATGGCATCCTTTTTACCGATTGCCCTCCACTTCTTTCAGGAAGACGGTGTTCTCCCCCAACGGGGAGCGTCGCTGCTCTCGCATAAGTATGCCTGCTAAAATACCTACGAGACGGCTGACAACAAATATATCTCCGTCGGTGCACTCGAAAGCAAATTTTGGAAAAAGCTCTGCAATTATTTGGGGTTTCCTGAATATGCTTGCGAACAGTTAAATGAAAGGATGAGACCTCAAATCATTGGGCGCTTTAGAGAGGTTTTCAAACAGAAAACTCAAGCCCAATGGAATGAGACGCTGAAGAAATTGGACGTGTGCTACAGTCCTGTACATGGATTGAAAGAAGTATTAAAGTATAGTTTTTTGCGTGAAAGGGAGATGATCGTGGATTTTTCTGATGGAGATGGAAAAAAGACTACGGCCTTCGGCGTTCCCGTCAAACTCAGCAAAACTCCAGGCGCTTTGCGTTTGCCACCCGTGGGCTTCGGCGAAAGTACAACGGATGTATTAAGGGAGCTTGGTTATAATGAAAACGAAATACACAAATTTCACAGCTCTGATGTGATTTGAATTCATTGACGGCTATAACCCCTGAGCAACATAGTCCGAAAGCTCGGGCAGCAGCCGCATGGGGCGGTTGTGAACCCATCTTAAACCAAGAAAGGGGGCGAAACGATCAGTAAAAGCAAAATCG
NZ_AP021874.1_gap98	4238828	4243377	4549	TCATTTAGAAAAACACCCCCAAAAATAGCCGAAAAGTGTAGACACACGATGAATATCATTCAGTGTACCGGATGCCCGTGCGCCAAAGGTTCCCTGAATTTTGTGTGCTTACGTTATAAAAACCCAAGCCTATGACCTTGGGCAAATACCGAAAATCGCACAAAACTAATGTGATAGTTAAAGTGCCTGCAAAGCTAACGGGTTCCGTTTAATTCCGACACCGTCATGGTATCGTTGTAGATGCCAGCGGTCACCTGATAAGGCTGGTTGGGCACCTGCACCATAAAACTGATCTTCCTGGCCGGTTCGCTTTGTCCCAGTTTTTCCCACCAGTATTCCACCCAGACGCCGTTGGCATTGTCCTTTTCGGCGCACATCTCCACAACGAAAGGCCTACGCTTGGATTCGTCCCTGTGCTTGTCTTTGACCTTGGTGAGGTCAAGACCAATGTAGTTGTTGTTCGGATGGGCAATAACGCGCTTTTCGTCACAGTTGACCACCCACACATAGGTGTCCTTCAAGGAAAATTCGCCATCGGTGTTGAACGCCGTCAATCCCTCCTCACCTAGCTCTTCGAGCATGTTCGAAGCGTTGAGAACCAGATTGTAGACGTCCTCTGCAGTTGTTTCATCGGCGCCGACAATGCTTGCCTGCGCGAAGATGACCAAAACCAGGAAAAATCTTGTCATGGATTTCATCATTTTGAGGCTCCTTTATAATGTAGTGTATGGTTTCCGGCACGTAACATTGCGTGCCGCACTTATAACCTAAAGATCGGTGAATAGGGAAAAACGTAAGCGATGTGAGAGTTTTTGTACCTATCTTGGAACAAAGCCAATTATTCATGATTCAGTTCAATGAATTCTTCCGCTACACCTTAAACCTGCCGACCTTTGCATTGATCTCCTCAGCCAGGTTCAACAGGTCTTCGGAACTGGTTTTGACCTGGGAACTGCTATTTGTGATTTCATTGGAAAACTGATTGACTTCGGATATATCGCTGGTAATGGACGCGGTTGCTTCTGAACTCTGGGCAACGGTTGCATTGACTTCCTGAATGCCGGAGGAGGCCTGGGCGATGTTCCCGGCGATTTCCCGGGTGGTAACAGACTGCTCTTCCACGGCAGTGGCGATGGTACTGACGATTTCGTCCACATTGCCTATCACATCCGAAATCTCACTGATATCGGTCACCGTCTCCTGAGTGGAGCTTTGAACCTCTTCAATCTGCTTCTTAATTTCCTGAGTCGCCTCGGATGTCTGCTTGGCTAGTTCCTTGATTTCGTTGGCCACCACGGCAAAACCCTTGCCTGCTTCACCGGCCCGGGCTGCCTCGATGGTAGCGTTCAAGGCCAGCAAATTGGTCTGTTCGGATATTTCCGTTATCACTTCGGTTACTTTGCTGATCGCCTGGGCAGCGTTCCCCAGGGCATCCACCTTCTGTGACGTCCCCTGGGCCTTGGCCACAGCCTCACCGGTTATTTCACGGGCTTTTTCCGAATTCTGGGCGATTTCGCTAACACTGGCCGTCATCTGCTCGGTCGCCGTAGCCACCATGTTCAGGTTGGTGGCGGCCTGCTCCATGGCCGCGGCCACCGAATTAACATTGGCACTCATCTCTTCGGCGGCCACGGCCACCGTATTCGATTTTCCAGAGGCTTCATCTGCGTCCGAAGACATTTGCTGGGAAATGGCCGCCAGTTCGGATGATGATCGGGTCAAAGAAGCAGCATTGTCGACAATCTCCTTGATCATGATCTTTTGATTTTCCAGGAATGTGTTGAACCAGGTCGCCATATCCCCCATCTCATCACTGGTGGTCACTTCCAGCCGTTGCGTTAAGTCGCCTTCTCCCTGGGCAATGTCCTTCAAACGGTCTACGGCGTTGTTGAGCGGTCTGGTCGTTTTACGAACCAGAAAGAGAAGCAGTAAGACGGAAGCGACCACGACGACCAGGGAAACACTGAGGTTAAGGATGCCCAGACTTTTAACCGGACTCAGAAGGTCTGCATTGTCAGTCCCAGCTCCCACGGTCCAGCCGACCAAATCGTCCTTTTTAAAAGCCACGGTCTTAACGCTCCCATTCCACTCGTACTCTATGACCCCGGATCCCATGGCAACCATCTCCTTGCCAAAGGGGAGGTCGTTCATGTTTAGCTTCAGGATCACTTCCCTTTTTTTGGGATGGGAGATGACGAACCCACGCTGGTCGTATATGTAGGCATAGCCTCGCTCTCCGATTTTTACGGTGTCCACGAATTTATCGCTGAAAGAAGATATGTCGATGACGCCGATGAAAACACCGGCAACACTTTGATTTACCGTAATGGGGTTGGCAATGACAAAAATGGGGGTTCCGGTAGCCTTGCTCAGGACAATTTCCGAAATAACGTGCTGCCCCTGCATGGCCTCCTGGAAATAACCGCTATCCTTGAGGTTAATCTTGTCGATGCTGTTCCGGGCGGAACTTGCTATCACCATTCCGTCGCTTCCGATAACATTCAGGCTTTCATAGTATTTATATTCCTCAACCAGTTCGGCAAACCACTTGTTCGCCGACTTCCGGGCTGCCTTCCCCACAAAATTATCTCTGGTCGCCTTTTGCAGGATATCCTGTTTGCTCCAGTTTTTAATGTCCAGTTTGCGGTCATGAATCCAGGCAACCATCATTTCCGAGGTAGAGTTGGCAACGTTATGCACATTTTCGAGAATGGTGTTTTTCAGAGAATTACGGGATTTGACATAGGAGATCGCAGTAGACAAACCCATTCCCACCACGATCAGGGTAATCATCGGAACGAGAAACTTGTTTTTCAGATTCCATTTCATGGTTGATACGCTCCTTTCCGCTTATGCTTAGATTGGTGTAAGGGATATCGACCAAAGTGGGAAAAAGTTTAGTATAAACTTATATTCTGAGTTTGCCTCACCTGATTATTAACATTCAATTAAAGTTAAATTTTTAGTATTTAGGGCTTGCTGAATAATCAATAAACCCTCGATAAATTTACTTAAATTTGCTATATTCGGGTGCCGTAAGCGCATGGGAATTCATCAATTCTTCCCAAAAACCTTGCACCTTCCGACACTAAAATCATGTACAAACACAATTTGAAGCAGCTCGAATTCGTTTAGTTTTCCCTGCCGTTTCAAGGGCAATTGTCACGCGACAACAAATGGGTGAAATTAGCCGCGTTGATCCCCTGGGAGCAGTTCGAAGAACGCTATCAGAAGAACTTCTCAGAACGCGGCACGGGTCATCCGGCGCTATCGGTAAGATAGGCACTGGCGGCATTGATCATCAAGGAAGAACTGGGGGCCAGTGACAGGGCATGCGTTGAACAGATCACTGAAAACCCTTATCTCCAGTACCTTAACGATGTGGACCGTGGCCAACAACCTCCAACCAATCAAGGCCAGTTGCTACTGGATGCCACCTGTGCACCAGCAGATATCACCTATCCAACTGATCTCAAACTGCACAACAAAGCCCGTGAGAAGAGCGAGCAAATCATTGATGAACGTCACAAAGCCCGTGGGAAAGGGCATAAAAAGCCGCGCACCTATCGGCAACGGGCCCGAAAACAGTTTCTGTCGGTAGCCAAGGACAAGCGGGTGAGCCGTAAAAAGATGCGGCGTTGCCGTCGACAGCAGTTGGGCTATTTGCACCGCAATCTCAAATCCATTGATCGACTGGCCCAACACACCGGATTAAGCCTCCTTGGCCGGGGCCGATACAAGGATCTGCTGGTTATCACCGAGGTCCAGCGCCAGCAGCAGTGGATCTAAGACCACAACAGCCTGCGCATTGACAATCGCATCGTGAGCATCAGCCAACCGCATGTATGTCCCATCAAACGCGGCAAGGCCGGATCGGACAGAGAATTTGGGGCCAAGATCAGCATCAGCCTTGTCGATGGCATTAGCTTCGTAGACCGGATCAGTTGGGACAACTTCAACGAGGGGATCGATCTGATCGCTCAGACCAAAGGCTACCGGAAACGATTTGGCTGCTATCCTGAGTCGGTACACGCGGACAAGATCTATCGCAATCGGGAGAACCGACGGTATTGCAAAAATCACAAGATCCGCCTATCCGGTCCCAAGTTAGGGCGACCGCCGAAAGTGACTGAGGCCAATGCCCAGAAACTCAAAGCGGAGAGACAGCAGGCCCGACAAGATGAGATCGATCGCAATGCGGTTGAAGGCAAGTTCGGACAGGGCAAACGCCGCTACAGCCTCAATCGGATCATGACCAAACTTTCGCATACCAGTGAAACCGCGATCATGCTGAGCTTTCTGGTGATGAACCTGAAACGGTGGCTGGCCACCCTTCTTTTTTTCGTTTTTCACAGAGCGAGAATGCGAATGGTAAAACGAGATTTTTGCATCACACTGGGTTGTCAGGCATTCTGACCCCACATGGGGCGTGGTTAAAAGCGTTGTTCAGCAAATCCTAAATATAAAAGTGTAAAGGATTATAATGATGGGATAACTTTCCTTAATTGGATGGTTAAAGTAATCCCTGAAATAAAAAAAGCAGAAGGTG
NZ_AP021874.1_gap99	4293605	4298171	4566	CTGGAAAAATTGGCGGAACTCTTTTTCGTAAATATCGGCCCAGATCCGGTTGATGTTTTCATCAATATCCTGAAATTGATATGCTTTAACCGATTCCCCCATCCGGCCAAGACGCTCGAACATATTCTTTTGCAGCTCGACCAGACTGCTCATGGTACTCTGGGCAAGGCCAAGCAGCACCTCCGGGACGGCACCGCTGCCTTTGAACAGTGCGGTCATGGACTCCGGTGTCGCCATGGCATCGGCCGACTTCTGCCAATTTTTAAACGCCGCCGCCATGGCTTCCTGGGTTTTCGATGGCGCCGGCTGCGGTTCCGTCTGAGCCGCAGCCGGTTTTCCGTCCAAGGAACCCCAAAAAGTGTTCATGGATTTCATCCAGGAGGAAAACATCGATGTCATTCCAAAAGGGTCTTCTGTTTTTTCTGACATGAACGGTATTCTTATTTTTGGGTGAACATTTACTCAATCGCTTGTTTAGACGTCCTGCGACCGCTTGAATCGGCCGGCTTGACGCGCGCCGCCTTGGGCTTGGATTTCCTGGCAGGCGCCGCCGCGGCTGTTGGTTTGGGCTTCCCCTTTCTTGACGGTGCCGGTCTGGATGGTGTCCGACCGGCAGGCTCGCCTGCTTTCGGGGATGGTTTGCGAATCCGTGTTGGCTTGCCAGCCGCTTTTTTTGCCGACGGTGAGGCGGCTTGCATGGATGCTGCCGGAAGCGGCTTGGAGGCCCGGGCAGATCGCTGCCGGGCATCATCCAGAGCGGCGTCCAGATCCATATGATAACGCACCGGACCGCGATAGTCGCCATCGCCGAAGCGCGTATGCAGGGCGCATGCAGATTGCGGAGAAGACCAGGAGGTGGCGATGGCCACATGCCCCTTGGGAAAAGGGGCGACCTCGGCATCGATAAAGTCCAGCGGGGCCAGGGCGGTTTCTTTTTCCACCAGATCGTCATGAATGCCGTAGCAGATCAGCCAGGGAATCTTTTTTTCCTTGAGCCGTTTCAGATTCAACTTTCTGCCGAACAGACGCACCGGCAGGATGCCGTCTGCATCGATGGGCGTGTTGTAGGAAGCAAAGCTGATGCGCGTCATTTCCAATGGCAGATCGTATCGTTCGTTCTGCAGCCAATAGTTCAGTGCGGCCGCGGTTTTGCTGATCTGGCGATCCCCGTTTTTCTCGCGGGCAAACATCATCAAATCCCGATAAAAAGCCGCCGCGGGGATCTCCTGCTCGATGCTTTTGAGTTTATACACCCACCCCATGAGTTGGCCGTCGGCCACCTGGTTGCCGTTGGGCAGGGTTTTGGTGCCATAGGCCAGATCGTTGAAGCGTTGGGGCAGCCGCGCCAGAAAGCGGGCCAACCCTTTGCTGCGGGTGCCGTCCATGGGGGACACGCAGGTAATGAAAGCGTCCACCAAGCCGTCCAGTTCCCCGCTGAGAAGGTTGCACAGGGCATTATACCCACCCTGGCAATACCCGTTCAGCGTCACCAACTTGCCATGGGTATTTTTGATGGTCTCGCAAAAGCGGCGGGTATCGTTGGCATCGTCATCCCCATCCATGGTTTGCAGGGCCGGATGTGCATCGATCACCTTGAGGATACGGATATAGGTGGGAAAACCCTGGTTGGCAAAACAGTGGGCATAACTGCGCTGTTCACCGGGCAGAAACCCCAGAATATTTGCTCCGAGCACATAAGGCGGTATGATGAGAATCGGTTTGGCGCCTGCACGCGTTTCTGCATTGGGGATCGAGGGAGCCACCCGATAGAGGTAAAAACGGTCGGTTTCATCCGCCAAAACATGCTCACCACGCTCGAAATGGAAACCGTATTCGGGGGCGATGGCATCAATGGCCTTCGGGTAGACGTTGGCCACCAGGTCCAGCAATTCGGCCTGCCGGGAAGTGAATTGAGCCAGTTTGGCCGGATTGCCTTTCAAAATTGCCTCTTGCAGGGCTTCGACCAGACCATCGGCTTCGTTGCGGGAGAATGTCTCCATCAAAGCGGCGCTGCCTTCGAGACTGCGCGTCATCAATTCGATGTTGTTCTCCAGCAGACCGAGGTAGGCGTCCAAACTTTCCGCCGGTGGCCGTTCCAGCAAACGCAGGGATTCGACCCGCTGGAAATACTGGGTCGCAAGCAGATAGGGGACATAGAAACTGGCGGTATACCGCGAGATTCCGTTTAGGCCGGATTGAATGGCGCCAAACAGGTTTTGCAAAACAGAAAGCCCATCATAAAACGGATCATCCTTGGCGGTGGCGTGATTACGGGCGGGGTCTGATTCCGGCATATTGTTCTCCTTCTGGCCGCCCTATGGGGAGGCCGGTTCGGATGACCAACTGGCGTCTTTGCCGATGCCAACTGCTGGTGTTGTCGGCATGGGGTTCCCCCCATGCATGCGATCATCTCTTCCGTATCGAACACATATCGAAGCGATTCCAGGCTCCCGATTGCGGGGCGGGAGTACAGTAACATAATCACTCCATCGCGATTGTCATAATGCGATGCAACATTAAATCGAACCGGGATACGCCGATGCCGGCCATCGGCCGGCAGCTCGGTTTCGAGCGTTATGGATCAGCAGGCGATCGTACGCGTTCCCTTGCCAAGTATCCCAGGGGGATCCCTTTAGGAAGGCCATTGGGCACGGGAAGGCGACAACGGTGAGCATGGAAAACGGATACGATCGGGGGGTCGCCCTGTCAATAGAAAAATTTTGCGGCGCACAAAAAAAAGCCGGCCCAAGTGTGATGCGCCGTACCCGCGATGACGGATCGCGGGTACGGGTAACCAGGGGGCACCTGTCAACTGATGCTGGTGTCTCTCCGTCGCAGGCTTTCACGGCGATCCATCCATCCGACCATCTCGATATAGCAATACCCCTCGCATGACTTTTTGCGTCGATCTTCCTGGCGCCGCTCGCTTTCCAAGGCGGCCCGGGCACCATTTGTGCGCACGTGTTGTTCCTCCCGCTGATCGTCCATTTCACACCCCTTGCGCAGAAAGGCTTCCGGTGATCCAGCTCGTTGCCGGCAACCCTTTGTTAATGCCGATCGACGGCCATCTATCCTCCCGGAGAACACTGCCTATCTGCAGCCGAATTGGCCGCCTAAAGCGACCTTGATAACAACTGCGCCACCGGCCGAAAGACGGTTAAACCGCAGGTTCAGATGGAGTTCGCTCATTGCAGGAGCGGGGCGACAGGGCGGATTCACAGGAAAGACAGAAAACGGATTGTACCGCAAATCGGTCAGCGCAGAACGATATTCTTTTATTTTAGCGCTGCGGGGTTTGCCACGCAAGCACAAATTTCCGGATCTGTATGGATTCGATCGTCGGGCGCCGAGGCCTCCCGATCGCCCCGTCTTTTATGTTGCAATGCAAAATTTTTGCTTGACATCTTTTCCTGCGCGTATAGATTACTATATTATAGCATGTGTTCGAATATAATGCGCAGCACAAACTAACCAACTTATTGTCAGGGTCAGGAGGGAAGTCAGATGGATGCCATGAAGGTCAACCAACAGATGCTTGCTTTTCAAAAAGAGTCTTTTGCCGCTTTTCAGAACCTCTGGGAACTCACCCAAAACCAAGCCTCGGACTCGGTCAGCCAGATGATGGATCAGTCTCCATGGATGCCCGAGAAAGGCCGCCAGGCCATGGAAAAATGGCTCACGTTAATGAACCGGGAGCGCAAACGTTACACGGCTTATGTCGAACGGGGTTTTGCCATTTACGACCAAATGTTCTCCCCACCCAAGGCCGCGACAGCACCCAAGACAAAAACCAAAAGAACCGCCACCGCCGAATAAGGAGGGCCGCATGGAAATGAACAATTTCGTCAACCAAATGATCAAATTCAATCAGTCGCTTTTCGACAGCACCTTTGAAACCAGCGTACAATTTCAGGATCAGGTCGAGAAGGCTGCCAACACCATGATGGACCAGGCCGAATGGCTGCCCGGCGAAGGGCGTAAAATTTACGACACCGCCGTGGAGGCCTACAAGGCGGGTCGCAGCAATTTCAAAACCTACATCGATGATGGCTTTCAACAGGCCGGTAATCTTTTCAAATAGATCAATCGCATAGTCCCTGTTCGCTCTGTGCCCGATCCCGCCGATGATCGCGACGAATCCGCTGCAGCCAATTCTTGATCCGCATTGTCGCCCGGGGGACGGCTTCGTTCCCCGGGACGATTCTTGTTTTATCTTTATCTAACCGCGCATCTTTGGGTGTTAATCGGGCTTACACCCCAAAAGGTCGGCAATAGCAGCATGCGCCTTCATCATCTTGACATCGGCGGATGTTGTTCCGATCAACAAATCCGCGGCAATGGCCAGGGCTTTTTTGCGATCGGCCTTATCGGGAAGCATGCGGGTCAAGGACGAGCGTGCACCTCCCCGGTCACAAGTCACGATACAGGACTGCCGCCAGATCATCTCGCGCAAGGCGCCCCCCTCAAGCGCCTTCAGCCGGTCGTCCTGATCGGCAAGGCTCTTATACGCCGTCAGGTTTTGCCGGCAGGTGACGCAATCGTCACCCGCTAAAAGAACCATGATAC
NZ_AP021874.1_gap100	4345640	4349362	3722	ATGGCTTTATTCGTCCTAAGTCCCAATAGGTCATCAATCTCATCAAGGGAGAAGCCAACGGATTCACATCGTATTATAAATAATATCCGTCTGATCGCTTCGGTTGAAGACCGTTTCGGCACGATCAATCACAAGGCCGGGATGTTGCTGCCGAATGCGTTACCGAGATGACACCACGGTCCTTGGAAGTATATCCAACCAGGCCGTCGACCTATCTGATTGACTGTGTGCTGATCATCTGATTGAGACCGTCCTTCCCTGAATTTGCGTGGTCATGCCTTGTACCGATATGGGGCCAGGCATGATGTCCGCATTTCAACAGCCACCTTTACGGCGATTCAATAAAGATTGCCCATACACTTGGAGGCCGATCTCAATGAAACATCGATTTAACCAACCTTTGGTAATTATGATTGCCGTCGTCCTGATGGCGAGCGCCCTTTTCGCCACCGCAGCCCTTTCAACCAAACCTTCAGCCGGTGATGCGGTGCGCGGACGCGCAAAGGCCGTTTTGCGCGTGGATGGCATGACCTGCGGAGGCTGCATCGCGACAATCGAAAAGAGCCTGGCCGGATTCGAAGGCGTCGACGACGTTCAGGTCGAGAATGCCTCCGGAACCACCGAAATCTTATACGACAGTGCCCTCGCCCCGGATGTGGAGCGCATGGCGGCCGCCATTACGGCCAACGGCTACCCTGGGACGGTGATGCGCACCCTTTCGCCCGACCCGATACGCGAGCAGGATCGCGCGAACACTGCCCGGTCGGAAAAGGCGATCGCATCCGTGGGCGGCGTGGAGATCCCCCGCAGCGACCTTGAAATCGAGATGGCCCATGTCCACAGCCGATACCAGATGGCCTACGGGGAAAACGCCATGGCCAGCGATCAGGACCAACGGCTGCTGAACAACCTGAAGGTTCAGATCGCGCGCCGCCTCGTCGACGAAAGCATCAAGTTGCAGGAGATCCGAAGCGCAGGATTCACCGTTGATCCATCTATGTTGGCGCAGCAGTATGAGACCTTCTGGAAGGAAAGAGGGTTTGCCGATCAGGCCGTCGACAAATTGAGGAAGCGTACCGAAGTGGCGAACCTTTGCTTGATCGAACAGACGGGTATCGGTGGCGCGCGCATTCACGCTCAACCGCTTCAGATCAATGATGAACTGGATGGAGAGAAAAGGTGCGTCGCGCTTTCCTTGTCTGTCGAATCGTGTAGCGTCGTATTATTCTCGACGAATCTTAAAAGGGATATTTCATGCTTATGATGGGCAGATCGTACACAACGATTTCCTGAACGGCAGGTAGCTATAAAGAGCCATACGAGAAAAAAGATGGCCGATCACAACCCATAGTGCTGGGTCCGTTCCGATGATCAGTTGGCTTTCAAATTGCTGTCAAAGGAGAAAAACGAGCGCGGATTCCGTTGCTCCCTCCAACAGATGCAACTTTTGGAAGACTCCAGAAAAGCCATGATAGGGTCACTCGAACGAAGCACGTTCTTTCCAGTTCCGCCAGTCCACGCATAAGCGACTGCACGTTAACGTCCCAGCCGCTTCACCGCCTTTACCACCACGATAACCGCACGATCGATCTGATCGACCGTGGTCATTCGCCCCGTGGAAAACCGCACGGTTCCCCTGGCCCATTCCACCGGCACCCGCATGGCTTCAAGGACGTGAGAAAGGGTTACCGTATCCGAATGGCAGGCGGCGCCGGCAGACGCGGCCACCTCCAGGCCGATCTCCTCCAGAATGCGGTTGGCCTCAAGCCCCCTGAAAGAAAGGCTCACGGTGTTGGGCAGCCGACGCTCCGGGTGGCCATTGAGTAGCAGGTCGGGGATCTGATCCGCCAGCCCCCGGTGCAACCGGTCGCGCATGGCCTGCAGATGACGCCGGCTATGATCGAGGCTGCGGTCGGCCATTTCGCAGGCCTTGCCCAGCCCCACGATCGCCGCTACGTTTTCGGTGCCGGCCCGCCAGCCCATCTCCTGCCCGGCCCCATGGCAGAACGTCTCCGGCAGCAAACCGCTTCTCACATAAAGGGCACCGATTCCCTTGGGGGCGTAAACCTTGTGTCCGGCCACGGAGAGCAGATCCACGTTCAGGGCTTCAACATCCGTGGCAATCTTGCCCACGCTCTGAGCCGCATCGGTGTGGATACAGATGCCTTTCTTTCTGGCAAGGGCGGCGATATCGGCAACCGGCTGAATCGTTCCGACCTCGTTGTTGGCGTGCATAATGGTAATCAGGATCGTGTCCGGCCGAATGGCGGCCGCCACATCCTCCACGCGGACCATGCCGGCATCGTCGACATCCACATAACTGGTTTCAAAACCCTCTTTTTTCAGGGACCGGCATACCTCCAGCACCGCCGGGTGTTCGATGGTGCTGGTAACGAGGTGGCGGCCTTTTTCCTTTAATGCCCGGGCCATGCCCTTGATGGCATGGTTGTTTGATTCGGTGCCGCCGGAGGTGAAAACCACCTCCTGCGGTTGACAGCCCAGCAGGCCGGCCACCTGCCGGCGGGCCGCCGCCACCGCCTTTTTGGGTCGGATGCCATACCAGTGGGAGCTGGACGGATTGCCGAATTCGGTTTCCAGGAAAGGCCGCATGGCCGTGATCACTTCCGGGTCGAGGGGAGTGGTACCGTTGAAGTCCAAATAGAGTGGTTGAATCATGGGAATATTCCGATTTATTTTTGATACTTTCGTAAAAAGTCCTTTTTCCGGCGGGTTCGTAAAACACCGAGCTCAAGGATTGCGAATTCCCAGAAATGAGAAGTGCTTACGGCACTCCGCAGGACGAGGGGTGAAGCGTAACGCAGATATCGGTTTTTTCGAACCCCTCATTTTTTATTCGCAGCCAGATAGGCGTCCACCGACTGCAGGCGCCAGTTCTCTTCTCCCTGCAGGTCGAGAACCCGGTTGTGAAACGGCAGAATCGTGGGGCGGTGCCCCACACTGTTATAGCGGATGCCCAAACTGCATTGCTGCTCGCCGGCGGCAAAGCCGTTAATCTCTTCAATCTGGGAGACGATCAGGCTCATGGCCGCATACACCTGGGTGAAGGCGAAGTCGGTATGGATTCGGTGTGGTCACGCACACGTACCAGGCTGTATCGGAAACCGGCCTCGTAGCCCAATTGATCGAAATTGAGCCGCACCAGGCGGCGTCCGATCAGCGCCGTGATCAGGGTGCCCGATAGGGAATACCCCAGCACCACCGCCAGCAGAAGCATGATCATGAGCAGCAGGGTCATTCATGTTCCCAGTCGAGCCGCCGCCAGTCCCAGGGCGGGCGGTCACCGTCCGCCGTTTCTACCTCCGGCCAGGGCCATGACCGGGGAATCGGGCAGGTCAGATGCAGCCGCATGCCCCGGGTAGGGTGATCCACGGACAAATGGCGGGCCAGCAGGGCGATCTGCTTGCCCGGGAGCGGACCGGGGGCCCCATAACGCAGGTCGCCAAGGATGGGATGCCCCATATCTGCCAACTGGATACGGATCTGGTGGCGCCGCCCGGTCTCCAGGGCTACATCCAGCAGACTGCTGCCCCCATCATGCCCGAGGACCTGATAGCTCAGCCGCGCCTCCTGGCTCTCCGCGGTGGGCGTTGCCACCACCCGGCTCAGACGGCCGCGGCGCTCGATATGGTTGATCCGCCTGCCGGATTTTTTTCCTAAGATGCCCTGAACAACGGCCAGGTATCGCTTTTCAACGGTCCGTT
NZ_AP021874.1_gap101	4368671	4369183	512	CCGGCCTGACCAAGGGCGGGCTGTACTGCCACTTCAAGAGCAAGGAGGATGTCTGGCGGGCCGTTTACGATGATGCCGTGGCGGTCTGGAAATCCGTCGTCTTTAAAGACACGCGGTCGGTTGCCGATCCGATGCAGCGAATCGAGCGGACCATCGAGAACGTCCTGATAGACTATTTGGGCCGAGAGGTGTTTGACGGCGGGTGTTTTTTCGTCAACATGCTCGTGGAATTGTCCGGGCAGTCCGACACCATGGGGCGCCGCATCCTCAAAGGCTTCGTCGGGTTTTCCAAATTGTTTCAATCCTGGCTGACCGAAGCGGAAAGCGCCGGCCTGCTGAAGCCGGGTCTGGACTACCGGGAAATTTCCAACTTCCTCGTGATCACACTGAACGGTGCGGCCACGCTGTACATGTCCACCCGCGACGGAGCCATCCTCCAGCAAACCAACGATCAGCTGCGCTTTTTCATCCGGCAGCTGCGTAAAGAATAAAACGGAAAGAAAAGAGCCAAT
NZ_AP021874.1_gap102	4441561	4444237	2676	TGCCGGCAAGGGTGGGCCGGGTATCGCATCGTTCATTTCAGCCAGTCGCCTCTTCGATGGGGTTGATGAATGCAATCGACCCCGGACGGGGTGATCGATCCTGAAAGATTTATCGCCCGAAACCGGAAAAAGTTAAGCGATTACAGGCGGGTAAATCAGAAATGGCATGCACCTGTCGTGGCAACAAGCTGCCGGCACACCCGGCCAGAGAGCTATATATTATTTATAATCAAGTGGTTAAACCATTTTTCGCCCCGGATCGTGGCCGGACGGCAACCCCACCGCATGCCGGCCAGCCCGTGTGGATCATGGGCCGCCCCAGTCGTCCGGCCGCACGCCAGCCCTCCTTTGCACTCTCGCAGGGTCGCCACTGAATTCGCATGGAATTCCCGTCAGTTAAAAATTGTATGTGCCAAATTAAAAATGGAATTATTTATAAAGATAGGGAATTGATTTTTCAAAAGGAGGTTTTAACAATGAGAAAGAAAACAATTTCTTAGTTGAACAATCAGGCCGGTACGGTTTTTTTGCTGCCGACCGTTCGGACAGGGTGCCGGATATTATAAATCATACCGCCGTTAAACGGTCCTCTCCCTGACCTGTTGTTATCAACCACCCGCGACAACGATGCCTTTTCCGGACCACCGAGCTTTACTACGACGTCGTAGTCTTTGAAAAGTCCCTCGTACGGTGGTTGTGCCAAAACAAAAAGGCGCAACCACCATGCCCGGAAAGCAGGTCAGGTGCGCCATTTTTTCTGGCCGGTTGTTGCCTCAGCCCCCTTAAAACGCTATGGCTAATTGCGCTGTGAAACCATCCTCTTCGTCATCGTTTTCGTACTCGTCATGGAAGTATTCAAAGGCAAGCGTCGTATTATCAACAATCCCCAGGACGAAAGTTCCCAGATAACGGGTTTCGGGAAGGCGGTTATGGGCTTCATCCGTGCCTTGAAGGGCCACGGCGACGGCAGCCTCTTTTTCACCGATGGCAAAGTCGTATCCAGCCTCCAGATTCCATGCGGAAACTTCGCCCTCAACGATCAAGTTGTCACCCTCATCAATCCATTCGATATCATCCATGGCAGTCACATATTCGGCAATAAAAGTGACCGGTCCGACATTAACGATGGCATGCGCCCCCATGCCGGCCGCATAAGCTTTCAAGGCCAGTTCTTCTTCATCCATCACGTCTTCCCAGCCATCGGCATCGATCAAATTGTTGATGAAGCTGAACCCGAAATCCAGATTGAAGGCATCGCTCTCCATGGAATAGCCGGCATTGGCGCCGAAATTATCGATGTGGCTGTCGTCCTCGTCCACCTCATCCGCATCGCCGTTAAAAATGAAGGCCGAGCCATAAAACCCACCCCTCTCAAACCCCATTTGAATAGCGGCTTCGCGTGTTTCGGCAATTTCAAGCGTGAGCGGATCGGAAATCATATGGGACTCAAAATTGCCGAAGGGGACATACATTTCACCCGCTGTCAGGTAGAGCGGGACAATGTCTTCACCGCTGATGGTAATCGTGGCCTCATCAACGGCAATGTCCTCTCCATCTTCATACAGGAAAAGGATGTTGCCGGAGACATGATCGATGATTTTCGCTTCGATGCCCAACTCCACAGTGGAAACGGCGATATCGCTTTCGTCGTCACCGTCACCGTCGGCCGGGTCGGTGCTCGTGTGTCCGGCTTCCACTTCGATGAGGCCGCTCACGGAAATGCGTTCGGCCCACTTCGCCGGCATGATGCCTTTTTCAATTTTCGCTTCGATAAGCGATACGCGCTTGGACAATTCATCGTGGGACGTTCCCTCGGCATATGCAGTTACTACAAAAAACGCACTGCAAATCGTTAGACACAATAGATTTATTACCATTTTTCTCATCAATTTTTCCTCCTGAAGTTAAATTATCCTTCTTTATCGGATTCGTTAGTGTTGCCCCGGCGTTCATATACCGGGCCTGGACCGCAGCTGAATCCTTCTCCTTTCTGATTCAATAAAAAAGGCGCAAGAGGGCTTCCCTGCAGGGAAAACCTGACCCTCTTGCGCCTTCACTTCCTGCGCGTCAATCAGCAACCGCAGGCCGTAAGGTTCTATTTGATACTATCCTCTATCCTATCACCATTATTCTCATTGTTTTACCAATCATAATGAGCCCCCCTGACATAACCGAAGACAATTACGGCGACGATTAAAAGAGAGGCATGAGCGGTTTGTTTGGATAGTCAATTATGCATACTAGTTCACGCGACCGATTTCGAGTTGCCAATCAATGGTATCATCACCGTAAGCCGGACATCCCAGCAAGAGCAGTTCATGGTTGGCCATCAGGTCCGCCACAGCGGCATCTGTCACCTCCTTGACTTCCGTTTCGAGACCGGATTCCTCCAGCGCCGTCTTGATGATACCGGTCATATCTTCAGTATTGCCGGTTGTGCTGCCAAAAATAATCAAAGCCTTTTTCATTTCTTCTCCTATTATTGGTATGGGCCATGTATGGGGTTACAGATTGCCTTGATTACGAAATCAAGGCCTTCAAAATGGGCTCTGGCGGACTTCCATTTTTTTTGCTTATTATCACCCGGCTACCGTCAGGGGCGATCTTAAATCCTTTCTCACCCTTGAAATAAAGCCAGTCCGACGGCAACTGCTTTCGGGTCATGTGAGATTTGAA
NZ_AP021874.1_gap103	4460941	4464485	3544	GATGACCGATGTCTATGAAAAACTGGCCCAGCACCTGGACAACCTGCCCGCAGGCTACCCGCGCACCGAATCAGGCGTTGAGATGCGCATCCTCAAACGCCTGTTCTCCCCCGAAGAGGCCCTCATCGCAACCACCCTGACCATGATGCCCGAGCCGGTGGCCGGTATCGCCGCCCGAGTGGACACCGATGAAGCGCAGTTGGCGGCCTCCCTGGAGGCGATGGCCCAAAAAGGGCTGATTTTTCGCATCTCAAAAAAAGACAATACCCTTTACAGCGCCGCCCAGTTTGTCATCGGCATCTGGGAATATCATGTCAACAGCCTGGATGAAGATCTGATCCGGGATGTCAACGAGTACATGCCCGCCCTGATGAAAAAGGCCTGGCTGGGCACCAAGACCAAGCAATTGCGCGTGGTGCCGGTGGCCAGAAGCGTATCGGCCGAAATGGCGGTCATGCCCTTCGAGGCGGCAGAAGAGATCATCAACAGACAATCCAAAATCGTGGTGACGAACTGCATCTGCCGCAAGGAGCAGAAGATGATCGGCAAGGGCTGTGATAAACCCATGGAAGTGTGCCTGTCCTTTGGTGCCGGCGCCTACTACTACGAAAAGAACGGGCTCGGACGCGAAATCGACAAACAGGAGGCCCTGGAAATCGTTAAAAAAGGCGTCGATGCCGGCCTGGTGCTGCAGCCGGGCAATCAGCAGAAAGCCATGAACATCTGCATGTGCTGTGGATGCTGCTGCGGGGTGCTGAAGAACCTGAAAACCCTGGACAAACCGGCCCGGCTGGTCCACACCAACTACTACGCACAGGTGGATGAAGCGGCCTGCACCGCCTGCGAAGCCTGCGTGGAGCGCTGCCAGATGGATGCCATCGCCGTCGACGACACGGCCCGGGTGGACCTGGATCGCTGCATCGGATGCGGCCTGTGTGTCACCGACTGCCCCACCGAGGCCATGCAGCTGAAGCAGAAAGAGGCGGACAGCCACTACGTGCCCCCGAAAAATGTATTCGAAACCTATATGAACATCGCCCAGGAACGGGGCTTGATGTAGATCCATCTGCAGGGGCGCGGCGCACCGTGCCCCTGTTTCGTGTCCGTCCGGATCATGCGTGCAAGGCCATATCGTGCGACCGGCCGGTCCATCGCATTTTTAACCCAGCAGATCCTCCAGGCGCTTCCTGATGATGCCCTCGGCATCAGCCATGATGCTGTCGAGCAGCGCCTGACAGGTGGGGATGTCGTGGATCAGGCCGGCCACCATGCCGCAGGACCAGACGCCGGCATCGACCTGGCCTTCCGTCATCACCCTGGGATAGACGCCCACCACCTCTTCGATGATATCCTCGAACTGAAGCTCGCTGCCCATGGAGACCTCTTTCTCCAGCAGGCGCTCGACGGCCGCGTTGTTGAGTACCCGCTCCGTGTTGCGCAGCGGCCGCATCACCAGGCGCGTGTCCAGCTCGGTGGCCGCCACGATGGCCTGCTTCACGTTGTCGTGCACCGGCGCCTCAACGGTGGCGATGAAGCGGGTGCCCATGTTGATGCCGTCGGCGCCCAACGCCAGGGACGCCACCAGGCTGCGGGCGTCGGCCATGCCGCCGGAAGCCACAAAGGGAATCTTCAATTCTTCGGCCGCCCGGGGCAGCAGGATCATGTTGGGGATGTCGTCCTCGCCCGGGTGGCCGCCGCACTCGAACCCATCCACGGAGGCCGCGTCGCAGCCGATGGCTTCGGCTTTCAACGCATGCCGGACCGAGGTGCATTTGTGGATCACCCTGACCCCGGCATCCTTCAGCGCCGGCATGACCGGTTCGGGGCTGCGGCCGGCGGTCTCCACGATCCTGACCCCGCCTTCAATGATCGCAGCCACGTAGCCCGGATAGTCGACGGCATGGACCGTGGGCAGAAAGGTCAGGTTGACCCCGAAGGGTCTGTCGGTCATTTCCCGGCAGCGGGCGATCTCCCTGGCCAGGTCCGCGGGCGTCTTCTGGGTCAGGGCCGTGATGATGCCCAGCCCCCCGGCATTGGAAACGGCCGCGGCCAGTTCGGCGAAAGACACATAATGCATGCCGCCCTGGATGATGGGGTGCCGGATGCCGAACAACTCGGTGATGCGGGTTTTCATATTCTTCTCCTTCGCAATGATGATGACTGCATATCAGTGTTCGTTCAGAAGTCTGCATATTGGGTCGAGATCAAGGCCCACGATAAATTTACCCGCAGGCATCTCGTTGATCGTCCGAGGAGTAAATATCAGGCGCAACGCAGATATAGGGCAAACTGGCCATTTATGAATGGACACGGACCGGCTCAACCCGGCACGGCACGAACCGGTGCAGGGGCGTACCGATGGGGTCCCGGTGGGTGTTCCGGGTCAGGTGGTTGGCGTTGATCCCGTATACGCTGCCCGCGTAATTCAATCCGAACCCATGGGGCACCAGCACCATACCGTCGCGGACCTGGTCGCTGACCTCCAGTTCGCCGACGGCGCTGCCCGCGGCGGTGGTGACGTTCACGTCCTGACCGTCGGTGAGGTCCATGGCGGCGGCATCGGCCGGGCTCATGGCGACCGTGCAGGCCCGCTTGCCTTCGTTCCACGCCGGATTGCGCATCAAGGTGTTGATATTGTACTTCATGTGCCGCCCGGCGTTGAGTATCAGGGGAAATTCGGCCGGCATGGCCAGGTCGGCGGCTTCCTTCTCCGGAGTCAGTCCCAGAACGCCTTCCTCCAGCTCCTCGATGAACACCTCGATCCTGCCCGAGGGCGTCTTGATGCCGTCCATGGGGTTGTCCGCATCGGCTTTGCCCACCCAGAGTCCCTGGGGGGTGTCCAGCAGGGCCTGGAAGATGCGGTCGCCCTGGTCGATGCCCGGCGCGAAGCCGGCCCGGGCCGCGTTCTTGCGAAAGGCCTTGGGCGCCGTCATGAGCAGTCCCCACAGCCCGGCCTTGGCGGCGCTGTCCCAGGCCCGGCCCAGGGTCTGGGCCAGCACGAAAGGCATGCGCGGCAGGGCCTCGGGAACCTGGCCCGCATATTCCATCAGCCGGGCGCCGAAGGTCAGGCGGTCGCCCCGGGCGGCCGCATGCAGGTCCTCGGCAATCTCGGGAATCAATCCCAGACGGTCGGCCAGGCGGGTGAAGATCTGGGAGGCTTCCAGGCACTCGCCCGGCGGATCCACCACCGGCCGGCGCAGCTGGAAGAAGACCTCCGGGTAGGTCCACGGAAAAAAGGTCGCGTCCCAGGATTCGTAGAAGGTGCGGCAGGGCAGCACATAGTGGGCCCGCCGGGCCGTCTCGCTCATGGCGATGTCGTTGACCACCAAAAGATCCAGTTCGCCGAAGGCCTTTTCCAACGCCTGGGAATCGGGCCAGGAGCGCAGGGGGTTGCAGGCGCTGACCATCACCGCCCGCAGCCGTTCGGGGCGGTCGTTCAGGATTTCTTCCGGAATCACGGCCGGCGGGAAGGAGCCGGCCGCCGCCGGGGGCATATGGGTGGCCACGGTTCGCCAGGTCTTCTCGCTGCGCTCATCGGCGTGAA
NZ_AP021874.1_gap104	4473287	4477588	4301	CCGTTTTCCCCCAGCAGCCCGACGATCTCTCCGGCGGACAGGGTCAGGTCGATGCCGTCGTTGGCCGTGACGGAACCGAAGCGCTTGGTGATGCCGCGCATTTCCAGCAGCGGCGGTTGATCGTGCATGGGGCTTCCCATTTCGTTTCCATACTTGTACTCACCGCAGAGGTGCTGAGGACGCAGAGGCAAGACACAGAGGATTGTTTTTCTCTGCGAACGCTGCGCCTCTGCGGTTAATAGTCGAAAGATGCCGTTTCTGGGTGGATATTTACCAGAAGCTGATCTTAAAAATTGGATTCCGGCTCAAGATCAAGGCGGATCCACGCTTCGAACCGCAGGCATACGTGAAGTATGTCGAGGATTCGAAGCGTGGATCCAACGCCGATATTGGGCTGGAAGATTTTTTTAAGGCAGCTTCTAATTGGATTTGGGTATGGATTCATCAATATCCACCCGAAACGTCCCGTCCAGAATCTCCTGGGTGCGCTTTTCAATCAGCGTTTTAACCTCCGCCGGCAGCTTCGTTTCGAATTTATGATACGGCGCCAGATAGGAGCCGCCCTTGGACATGTAGGAAAACCCGCCGAAGTCCTGGGCGGTGTAAACGCCGGCCTTGACCAGGCTGATGGCCTGCTTCACCGTGGGCCACATGTCCCACACCGGGCCGGTGATCACCGTATCCGGACCCAGGCTGGACTGGTCGGACATGTTGGAAATGGCCAGAACGCCCTTTTCGACGGCCGCCTCGACCACCCCGAAGCGCTCGGCATAGATCACGTCCACACCGGCTTCGATCTGTGCCAGGGCGGCTTCCTTGGCCTTGGGCGGATCGAAGAAGGAACCGATGAAGGAGAATTTGCACGTCACGTCCTTGTTGACCTCCTTGGCCCCGGCGTAAAACGCGTTGGAGAGCCGGTTGACCTCGGGGATGGGCATGGCCGCCACCACGCCGATGGTATTGGTCCTGGTCATCTTTCCGGCGATCATGCCGCACAGGTAGGCCGGTTCATGGATCCAGTTGTCGAACACACCGAAGTTGGGTTCCGCCGGGCCGATGCCCGACCCGAACACGAAGGCCACGTCCGGATAGTCGCGGGCCACCCGGCGGGCGATCCGTTCGGCGCCGAAGGCGTCACCGGTGACCAGCTGGTAGCCCTTTTCGGCGTATTCACGCATGACGCGGGCGAAATCGGCCGACTTGACGCTTTCGGAATAGTCGTAGACGATGCCCAGCTCTTTTTTGGCCTTGACCAGGGCCACGTGGATCTGGTTGACCCAGGGCTCCTCGATGGGGGTCTCGAACACCGCCGCCACTTTCAGCGGTTCGGCAGCCACGGCCACCGGCGCAACGCCGATGGTCATCGCCACGACCAGAAACAACACGGACAACCCGAAACCGCTTACCCCCCCGTTGAATCGCTTCATTCCATTTCCTTTCATGTTCAATGTGTATGTAAGCCATTATGGACATGCATTGGCTGCGTCTCTCAGACCGCAGTAAACCTCTGCAAGCGCGTTGCCAGTGTATCGGACGATTGTTAAGTGCCGGGTATCAGGAGCGTTTTGAATAGTTCGGACCGGTCACGGCGATAAAAACGCAGAAACGTCGGAACAGAACTTTCGGTTTTGTCGATCTATACAACAATTTTGTCTGGAATTGGAGAGGAAAAAGATTAAAGTGAGGGCTTGCGATACCTGAGGAAGGTGACGTAAATATCGGACACGACTGCGACGGGGGATGGATGGACTGCCCCTGGCCGTCAACGCTACCCGCGCGGCCCCACTTCGCGCCGCCAGCTACCATGTGCTCACCCGGATGCTCCCCGTAACCATCACGCAGAAAAACCGTCTCCCTATGGGGTCAGCCGACAAGCGGATAGCCACGTTACCGCCTTTTCTCGTTGTCCTCATGCTGTAAATCCCACCTTTTCGGTCATTTATCTGAATAATTCTTTGATTCGCAGTATCAAGGAAGGTTCAGCCGAGAGACCGGCGTGTTTCCATTCAAAGTCGGAATGGTAAGGAGAGGAGTTGTAGTGCGATTTGAGGGTGTTTTCTCTGAGAATGGTGAACCGGATGAGGCCGAAAGTCAAGGGTAGATGCTCGTCAGGATTGGAGCGACCAGCAGCAGTGATATATTATTGATAGAACGACGACCGCCGGTCGTACTTAAGATAGTACGTGCGCGTGTTCCATTAGATGCACTGGCGAGGGCCTACGGGGGAAACGGCTACGTCACGTAAAAAGGATACCGGTTCACATTTTTGGGTCTGAAATGAAAGCCTTTAAGCGTGTATGGTGAGAATAATAACGGTTTTATATTATTGACATTACGTGGCTTTTAGTGTAGTAAGCTTAACCGAAAAGTCGGTTGTACTCGATTCCCGATGCTCACGTAAGTGAGTGCTTGGTGGCTCCTGAGGAAGACTGTAGGCAATGTAACTTTTCTGAAACTGAAAAGGAGGTAAAGCCTATGGTCAAAATAATGAATGGTCTCAAAAAGGGCATCATCAAATCGTCGTTCGTTATTATCGTTATAATGTCAATTTTTCACATTGGCATTGCCTACATTCATTCTCGGGATTCGGGTAGAGCCGACCTTTCTACTTATATTCTAGATTCCCACCCACCCACTTCTTTCCTTAACTCAAAAGGTGGCAAAGGGTCCCAAGCAAGAGAGCCAGTATCCCTTGATGGTTCAGTGTTCGTGGGCTTCCTGACTCTCAGTACTACTGAGATGCGGTAGCTATACTTCACGGAAGGCTCTGAAGGACCGTCTAAAAATGGATACCTTCAGTTCTAAGCATCTCAAGAAATGTAGTGTGCCTTATATTCAAATCTCGGCACACATTCGGAATCTTGGGGCGTTTCGCGTTGTTTCCTACTGGAACCTCACCAGTAACAACAATAGCACCACGAGCCTTAGCTAATGCTATGGCATATGGATCAGCCCATATTCCGTCATGGCTTTGGTCTGGGAGAAAGGAGGGCCAACGATTCACAATGTCTGCTACCACCAACTCCATATCAGCGTCGAAGGGTTGAAATATTGTTTCATTGTTCTTAGCCCAATCGTATAGCCTGTCACCACCTCTCTCAAGCTCAAGCAGCACTTCCTCAGGAGAAATTATTTGGCCTAAGAATGCCAGTTCATCCATTTTTGACCACACACTTGGAAAAACATCAGGAGGGTAGTCCCTTCTCCAAGCGTGTATGAAGGCACTGGTATCTATTGAATAGGTGCTCGACATCAATAACCGATCCCCAACTCATGACCTATTGTCCTGATGTGCTTTTGTTTCACATTCCCAAGGTGCTTTGAGAAATCCCTTGCAGATAGTACGTTGTTGTAATAGGCGTTGAACAATAGATGGGTAAAGGCTTTCCCGCTATCCCTTAGCGCTTTTCTATGAGGTGCAAGGAATCCTTTTGCTTTCTTCATTCGCTTATACTGGTCTAAGTATTGCCCCCTTTTCATCCTGTAGAATCGTTCAGTAGTGAGACCCAGCGACAACAATCGCCTAAGTATAACTTCGCGGCCCACAGTGAATCGTTTGGCAAGCAAACTGAGGTCTCTATCTTCCCATTCCTCAGTGTTGTTGACGCGCACTTGTTCTTGCGCCTGTAGTGAAAAGGACGGGACCAAAATTTCACCAGCAATCTGATTAAAAAATGGTTCAATGTAGTTATAGCCTTCATGGTTGTTGTGAAGGTCGCAGAGTCCACCCTCGTTTGCAGCAATATGGGCAAACTCATGAAGGACGGTGAATATCCTTCCAAGCGGACTGTCAGAACCATTGATAGCGATTACAGGGACAGGCCGTTCGCTAAGTGCAAACCCACGGACTTCAGTTGTTGATACACCGCTGAACTGGAAAACCATGACACCCTTAGCCTCAAGCGCCTCAATCCATCCGCGAAGACCTTCATATTTGTCAGACCAACCCATTTGCGTTTCAAGAGAAACGGACAGGTAGTCCCTCAGCTTATTCGCGATGATTGTTGTTCCTTCAGTTTTCTGGATAGATAGGTCAACGTCGGGAGGCGTGTGCCCCAACTGTTCGTATAGCTGGATAGCTGTTTCTTTTTTGGATCGAGCAATTTGGATTTGAGACAGCAACTCAGGCGATTTCTCTATGAATGCATCTGGTAGCCTTCGAAAGTCAGGAATCTCAGGAGGAAGGGGGGGTGGAGTCTCTAAATAAAAAAATGCCGCGGGCTTATGATATACCTTACCAATCTTACGTAGTTGTATCACTGTTGGTAAGGCGTCACCGTTCTCCCAAGCATCCAGCCTTT
NZ_AP021874.1_gap105	4496841	4498950	2109	GGAACCGGCGATCGGCATGGTCGAGCAGACGCGGCCGGTATCGCCGAACCAGTGCAAACATGAAGGCGAAAACGACCCCCTGAAGGGCAATGACCCACCAATTTTGCTCAAAAAACACCGGATCCGGCTGAATCAGTGGCTTGATCAGCCGCGCGGGTTCATGGGTCAGTTCAATCAGCTCCTGCAGATAGGCAATGGAAAACATCGCAGGCATGCCGCCGCGCAGGGTTTCGCCACGCTGTTGCGCCATCATGGCGTCGATCTGATCGGTAAGGCTGCCGAATTTCGCCCCGATATCTCCGGCCTGCTGCTGAACGGCCAGCAGCGGCTCCAGTTTTCGGGAAATAATATCCAGCGCCTCGCCAATATCCGTGCCGGCCCGGGTAAAGGCATCGGCAACGCTCTTTAATGCCAGATCCGCCCCCAGCTGAGAGCGCCACCCATCCCAGCGGTTCTTTTCCGCCAGCCAGGCGTGGCGGCGCGCCTCCACCTCCCGGATCGCCTCGGTGAGGGCTTCCGAAACGCGCTGGACGGCGTCGGCTTCGCTGCGGACCTCCCCCTTCAGTGCGGCCAGCTGCTGATAACTCTGCAGGTCTTCATCCTTGAGGAGGCTCAGCCGGAGGTTGAACCGGTCTGCCTCTGTGCTGGCGGCTTTGAGCCGCAATTCCAGTTTCTGCAGATTGTCGACGGCTGCAGGCCTGTTCTTAAGTACGGAGAGGCGCTGCGACAGGGCGCCGGCCTGGTAGACGACATCGGCCAGGCTGGGGATCACGGGCGGGGTTGCAGCATTGCTGACCGCTGGCGCCGGCTCTTGACCCGACACCGGGGTGACGGTACCGAAAGCGAACCAACCCATGACCATAAACGCACATAGAACACGGACGGAAACAACGGTGGACGATCTCATAGTCAGGAGTTCCTGGTCAGGTTAAACGAAAAGGGGTGGATCATTAAGGTGACGGTCCAACGCCTGCAACCGGTATGGATTCTATACCAACCGGTATGCGGAATCAATGCCGGAAAAAGCGCCCGGTGGTCTGACCCTTTCAGAATCCGGCCAGGCATTTTTGAACCCCGGCGATGCTTCCCGCAGCCATCATCTCCAAGGCGTGGTTCCGGCATCGGTTGATTTCCAGGCCGGCGATGCACTGGTTCACGCCGGGCATGAACTGGGGGTCGAGACTCAGCCGTCGGATGCCGATTCCCAGCAGGAAAGGAATCATGGCCGTGTCGTGGCCCATTTCCCCGCAGATGCTGATCGGTTTGTCATGCGCCCCGGCAATCCTCACCACCCGCTCAAGCGCCCGCAGCACCGCCGGGTGCTCGGGTCGATAATAGTCGGCCACCCGCTTGTTGCCGCGGTCGACACCGAGCATGTACTGGACGAAATCGTTGGTGCCGATGGCGAAAAAATCGGCCAGGGCGGCAAACTCGGCCATGGTCTCCACCACCGCGGGCAACTCCACCATCATGCCGATGGCCGGGTGGTCGTGGTGGTCCAGCCCCTCCGCCTCGAGGCGATCCATGCAGTCGTTCAGCACCTGTCTGGCACGCAGAAAATCGTCCGGCGAAGAGATCAGGGGAAACATGATGCCCAGTGACTCGCGGCCGGCGGCGGCACGCAGGATGGCACGGAGCTGCTGCTCGAAAATATCCCGGTAGGCCAGGGTGAACCGGATGGACCGCAAGCCCAGCTCCGGGTTGGCTTCTTTGGCGGCATCCGAATAGGCCAGCGTCTTTTCACCGCCGAGGTCCAGAGTGCGAAACACCACCGGCCGGTCGCCCATGGCCGACACCACCTTACGGTAGACCAGGTACTGCTCGGTCTCCGATGGAAACGAGGGCCGGATGAGAAAGGGAAATTCGGTCCGGTAAAGGCCGATGCCCGCCGCACCCATCCGCCGGGCCAGGGGCAGTTCCCCCAGCAGGTTGATGTTGGCCAGCAGGTCGACCGCCGTGCCGTCCGTTGTCCGCGCGGTGCCGGCCGGCATCGACGTTGGGCGGGCGGCCACCTGCTGCCGGGCCCGGTTGCGGGCATCGAACCGGTCAACGATGTCCGCGGAAGGATCCACGTAGACATTGCCCACCTCCCCGTCCACCAGCACCAGG
NZ_AP021874.1_gap106	4502840	4505861	3021	GTGATTGCCCGGGAAATCGAGGCGCGCTGCCGGATGATCGACGCGCCGGCCGCAGCTGACCCGCTATTGACCCCGGGCGGCCGCTACCGGTGGCGCCGGGACGGCGAGGCCCACCAGTACAACCCGGAAACCATCCCGTTGATCCAGCAGGCCGTGCGCCAGGATGACCAGGCCGCCTGGCAGCGCTATTGCCGGGCCGTGCAGGGCCTCAACCGGCAGGAGGGACTGATCCGCGGGCGGTTCGATTTCATTCCGGCCGGCACGCCGGTGCCCCTGGACGAGGTGGCGCCCTGGACCGACATCGTCCGGCATTTCAAGACCGGCGCCATGTCCTATGGTTCCATCAGCCGGGAGGCCCACGAAACCCAGGCCATCGCCATGAACCGCATCGGCGGCAGGAGCAACAGCGGCGAAGGGGGCGAGGACGCGGACCGTTTCGATCCCGATCCCAACGGCGACTGGCGCAACAGCGCCATCAAACAGATCGCTTCGGGGCGGTTCGGTGTCACCATCGGCTACCTGGCCAGCGCCGTGGAGCTGCAGATCAAAATGGCCCAGGGGGCCAAGCCCGGCGAGGGCGGACAGCTGCCCGGGGAGAAGGTCTACCCCTGGATCGCCCGCACCCGCCACAGCACACCCGGGGTCGGGCTCATCTCGCCGCCGCCCCACCACGACATCTACTCCATCGAGGACCTGGCCCAGCTGATCTATGATCTCAAGTGTGCCAATCCGCGGGCCCGCATCAACGTCAAACTGGTTTCCGAGGTCGGGGTGGGCACGGTGGCCGCCGGTGTGGCCAAGGCCGGCGCCGACGTCATCCTGATCAGCGGCGAAACCGGCGGCACCGGCGCATCCCCGCTCACGTCCATCCGCTACGGCGGCCTGCCCTGGGAGCTGGGGCTGAGCGAAAGCCAGCAGACCCTGGTGCAAAACGGCCTGCGCGACCGGGTGGTGCTGGAGTGCGACGGCCAGCTCAAAACGGCCCATGACGTGGCCGTGGCCTGCCTGCTCGGTGCCCAGGAATTCGGTTTCGGCACCATCTCCCTGGTGGCCCTGGGCTGCGTCATGATGCGCGTGTGCCACCTGAACACCTGCCCGGTGGGCATCGCCACCCAGGACCCCGAGCTGAGAAAAAAATTCACCGGCCGGCCCGAACACCTGATCCGGCTGATGCGATTCATTGCCGAGGACCTGCGCACGATCATGGCCCGCCTGGGCTTTCGCACCATCGCGGAAATGGCCGGCCGGGTGGACCGGCTGAACATCAGCCCGGCAGTGGCGCACTGGAAGGCGCAGGGCCTGGACCTGAGTCCCATCCTTCACCACCCCGAGCCGCCGCCGCACATCGAGCGGCTGTGCATTCCCGGGGGGCTGATGAACGACGCGGACGGCCCGCCGGACAGCGACCTGATCCGGCAGGCCCTGCCGGCCCTCGAAGGCGGACCGCCCGTAACCATAGATCTGGCCATCACCAATGTCCGGCGCACCCTGGGCACCCGCCTCAGCTACGAGATCGCCAGGCGCCATGGCGGCCTCGGGCTGCCCGACGACAGCATCGTGATCCGGGCGACCGGCAGTGCCGGCCAGAGCTTTTTCGCCTTCGGCGCCCGGGGCGTCACCGTGCGGGTCAAGGGGGATGCCAATGACTATTTCGGCAAGGGCCTTTCCGGTGCCGTCCTGGCCATCCGGCCGCCGGACCATGCCGCCTTTGCCGCCGAGGAGAACATCATCGTCGGCAACGTGGCCCTGTATGGCGCCACCGCCGGTCGGGCCTATATCCGCGGCCGGGCCGGGGAGCGCTTCTGCGTGCGCAACAGCGGCGCGAAGGCCGTGGTGGAAGGCGTGGGCGACCACGGCTGCGAATACATGACCGGCGGCCGCGTGGTGGTGCTGGGACCCACGGGGCGCAATTTCGCCGCCGGCATGAGCGGCGGCATCGCCTATGTGCTGGAAGACGAAAACGGGTGGTTCCGCCAGTTCGGCTGCAACCGGGAATCGGTGGACCTGGACCCCCTGACCGACGACGACGCCACGGAACTGTCAGGCCTCATACAAGCGCATGCCGCCGCGACCGGCAGTTCGGTTGCCGAACGGCTCCCGGCGCACCCCGCTTCGCTGAAAGGGCAATTCGTCAAGGTGATGCCCAGGGAATACAAACGGGCCCTGGCCCGCCTGAGCCCGGAGGAAAGGTCGATGGAGGGATAACGATCATGGGAAAACCCACGGGATTCATGGAGCACGACCGCCAGCTGCCCGACCGGCGGCCGGTTGAAGAGCGGGTCGGGGATTTCAGGGAGATCTACCGGCCCTTTCCTGAACAGACGCTGCGCGACCAGGCCGCCCGCTGCATGGACTGCGGGGTGCCGACCTGCCACGCCGGCTGCCCGCTGGGCAACCGCATCCCCGACTGGAACGACGAGGTGTACCACGGCCGGTGGGAAGCGGCCTTCCGGCAGCTCATGGCCACCAATAACTTTCCAGAATTTACCGGCCGCCTCTGCCCGGCCCCCTGCGAGGAAGCCTGCGTACTGGCCATCAATGCCCCGGCGGTGACCATCGAGCAGATCGAAAAAACGATCATCGAAAAAGCATTCGAGAAAGGCTGGGTGCGTCCGCAGCCGCCGTTGCGGCGCACGGGAAAAACGGTGGCCGTGGTCGGTTCCGGCCCGGCCGGCCTGGCCTGTGCCGTGCAGCTCAACAGCGCCGGCCACACGGTGGTGGTGTTCGAACGCGACGCCATGCCCGGCGGACTCCTGCGCTACGGCATCCCCGACTTCAAGCTGGAAAAACAGGTGGTGGACCGGCGGCTGAACCTGATGGCGCAAGAGGGCATCGCCTTCAAAACCGGGGTTCATGCCGGCGTGGACCTGAGCGCAGAACGCCTTTGCGCCGACTTCGATGCACTGGTCCTGTGCTGCGGCGCCACCCGGCCGCGGGACCTGCCCATACCCGGCCGCGAACTGGACGGCGTCCACTTTGCCATGGCGTTTCTCACCGGCCAGAACCGCGTGATCGCCGGCG
NZ_AP021874.1_gap107	4517350	4522159	4809	TTTTCTGGCCCAGGACCGGATGCTCCCGGCGATGGAACCCGGTGAGGGTCTGGCCGTCTTTTCCGCCGGCGCTTACGGCTTCACCATGTCCTCCCAGTACAACTCCCGGCCACGGGCCGCCGAAGTCATCGTGGACGGCGAGCGGGTCACCCTGGCGCGCAGGCGGGAGACCTACCAGGATCTGGTCGCATTGGAAATGTAACCCGAACGGGAATCCGGAATAACAAGGTTTCATCCCGCGGATGACCGTCGTGCCGGAGGCAACAGACCCATGAAGGACATCCGTGAATTAAAAGCCCGTCTCGCCACCCTGTTTGCCGAGCAGTACTTTGCCGTCCTGGCCACCCGCAGCACGGACCGGATCCACACCACCCTGGTGGCGTTTGCCGCCGCGGATGACCTCAAGACCCTTTTTGTGTGCACCCCCCGGGCCACCCGTAAATACAGCAACCTCAAACTAAATCCCTCGGTTTCCCTGCTGGTGCACAACAGCGCCAACATGGCCACGGACATCCGCCAGGCCATGGCCGTGACCATCTCGGGCGATGCCGCCGAGGTTCCCGAGAACCGGCTGGAGGGGGCCCGGCGCGTGTACCTGGGCAAGCAGCCCCACATGTCCGACTTCGTCAGATCGCCCAACACGGCCATCATCGAGGTGGCCGTCCGGCGCTACGATGTGGTGGCCCACTTCCAGGACGTCACCATCCTGGAAATCCGGGAAGACCGGATCGTGGCCCCATGACGGGCATCCTCCCCTTCGAGGGCATCGAACCGCGCCACCGGGGACTGGTGGGGGGCAAGGCCCTGGCCCTGGCCGCCCTGCAGCGCAGGGGGATCACCGTCCCCGGCGGTCTGTGCGTCACCACGGCCGTTTACCGGGAGGTCCTGCGCACCACCGGCCTGGGCACCCGCATCGCCATGGAGCTGGGCCGGCTTCCCCTGACGGCGATGCGCTGGGAGGAAATCTGGGACATGGCCCTGCGCATCCGCAGTCTTTTTCTCCGTACGCCCATCCCCGGCCGCCTGAAAGACGCTCTCACACCTGAACTTGAAGCCCGTTTCGGCGGTCATGCCGTGGCCGTGCGTTCATCGTCTCCCCAGGAAGACCGGTCCGGCGCCTCGTTTGCCGGCCTGCATGACAGTTACGTCAATGTGCGGGGCACCGATGCCATCCTCGAGCACATCCGCCTGGTGTGGGCCTCCCTGTGGTCCGACGGTGCATTGCTCTACCGCCGGGAGCTGGGCATGGACATGCAGAAAAGCGCCATGGCGGTGATCGTCCAGAGGCTGGTGGACGGCGACTGCTCCGGGGTGGCCTTTTCCATGAGCCCCGATGGCGCCGGCCATGCGGTGGTCGAGTCGGTCTACGGACTCAACCAGGGGCTGGTGGACGGCACCATCGCCCCGGATCGGTGGAACCTGGACCGGCGAAGCGGTCGGGTTCTGGAACACACCCCGGCCGTGCGCCGGCAGGCCCTCCGTCCCGTGGACGACGGCGTCGCCGCGATGCCGCTGACGGATGCCGAAAAGAACCAACCGCCGCTGGCGGCCGGGGCGCTCGACCGGGTGTTCCGCCTGTCCATGGACCTGGAGGAAACGTTTGGCCGGCCCCAGGACGTGGAGTGGACGGTCAGGGGCGACAGGCTGTTTCTGCTCCAGAGCCGGCCGGTGACCACGGTCGGGGATGCGTCGGCAGACGGCAACGCCTGGTCGGCGGCGGACAAGCGCCCCTGGTACCTGAGCCTCAAGCGCAGTTTCGACAACCTGAAAACCCTGCACCGCCGCATCGAAGATGAACTCCTGCCGCAAATGGCGGCCGAGGCCGAGCGGCTCTCCCGAACCGACCCGGCCGGGCTTTCCGATGAAGGGCTGATCGACGCCATCCGGACGCGCATGCGCATCCACCGGCACTGGGTGGATGTCTACTGGCGCGATTTCATCCCCTTTGCCCACGGGGCCAGGCTGTTCGGCCAGGTCTACAATGACCTGGTCAGACCCGACGACCCCTACGCCTTCACCGCCCTGCTGGGCGAGACCCGCATGACCGGGCTTGATCGCAACCGCGACCTGCAGCGGCTGGCCGGAATGATCCGGGAGAGCGATCGGCTGCGCGAACAGCTGACCGCCGGTGCACCGGACGATGCCCCCCCTGACTTTACCGAACACCTGAATGCATTCCTGGCCCGATATGAAGACCTGACCTTCAAATCGGTTCGTTTTTTCAAGGACCGGTCCGGATTGGTCCGCCTGCTGCTGGAGATGGCCGCCCAACGCACACCCGGGCCCGTGGCCGGGAAACCGGACATGGCCGCATTGACCGCCGACTTCATCAACCGGTTTCCCCCGGATCGGCAGGGGTTTGCCCGGCAGATCCTGGAAATCGGCCGGTCCAGCTACCGGCTGCGCGACAACGACAACATCGTCCTGGCCCGCATCGAGGCCCAGCTGCTCAAGGCCGTCGACGAGGGAAAACGACGCATCGGCGTCCTCGACCGGGTGGACGTGGGCGTCCTCACCCCGACACAGGTGGCCACCCTGCTGTCGGATCCGGATGCGCGGCCCGACATCGCCGGCGAACAGGAGGCCATCGACGAACCCGTCCAGCATCAGGGCCGGCCGGGTCTGGGCCCGGCGGCAGGGGTCACCGCCGACGGGGACTTCGTCATGCGGGCCCGCCAGGCGATCGGCCAGCCCGCCGGTCAGGGTCTGGCCGTGGGTCCGGCGCGGGTGATCTCGGCGGTGGACGATCTGTTCCGGTTCAAAGCCGGCGAAATCCTGGTCTGCGATGCCATCGACCCCAACATGACCTTTGTGGTGCCCCTGGCAGCGGCCATCGTGGAGCGCCGGGGCGGCATGCTGGTTCACGGGGCCATTATCGCCCGCGAATACGGCCTGCCCTGCGTCACCGGCGTGGCCGACGCCACCACCCTGATCCACACCGGCGACCGGATTACCGTGGACGGTTACCTGGGCATCGTCACCCTGGACACGTGACGGCACCCCGATGAGGGCCCCGCCCGACGGTTCCGCCGGTTGCGCCAGGGCCCATGGCGTGATAGAAAGCACATGAGAATTTGCGGCTTTCGCATCCTGGCGTCGCACCGCCATCCCACAACGCCTGAAACACCCTACCAACCATGACCCCGCGGGGTTTGCCCATGGTGCTCGCGGGGTGAGACGCAATCGGTGTCAACAAGGGGGCTGCACATGAAACGAACCGGTCTGAAGCTGTCGATCATCATCGCGCTGGCAATCGTCTTCAGCGCACCATCCTGCTGGGCAAAGGAAAAAGGCTATTGCTACATCGTGAGTTACGGCCTGCGTGAGAAAACCGCTTACATCACCCCGGTGTTTGTCGCCAAGGTATCGGGGGCGACATACAGCGAAGAAGAATTTGTGGCCGACATTGAACTGATCCGCAAAATGGAAGGGCAATTTCAAAACTATCTTTCCGGAAAGGGCCTGAATACAGCCGACTATGTCACCAGCGCCCGGGTGGCCTACCGTTCACAGGCCATTGCCGAAAAATACCGGGCCGATGAAAAAAACGGTTTAGCCGGCAGGGGCTATGCCATCAAGGACACGGGCGGCTTTAAATTCAGGAACTGACGGCTTCGTTTCGCGGGTTCTCTGTCTGGTAAAAATTCAGGGGTGGTTCAGGTATGGCCTTGCAGGCGTCAGATTACATAATTGGGGGGGTCATGGCGGTGGCGGCAGTTATCGCTGCCGGATCCTTTTCGGTCATCGCAAGCTACCTGTTCGACCGTGGCCTTGCCGATCGCAACGCGAAGGCGCCGAACATCATGGTGTGGTATAAAACCTATATGGCGCAGACCCGGCGACAAACCGGCCGGATCGGCACGCCATTCTGGCTCCATAGTGTATCCACCGGTATATTTATCCTCACCGGCGTGGTGTATACGATTGTACGGTTTATGATGCCCCGCTTCTTTTAACCCTGTTCCACCGGCACACGCTGTCACGCCTGACACCGGAGGTCTGCATGACTGTTCCCATCACACCCCAACACTACCGGCTCGCCATCGAGCCCGATCTTGAGCGCTTTACCTTTGACGGCCGGATGACCCTGCGGGCCACTGCCGACCAGCCCACCGGCACCGTCGATCTCGACTGTGCCGAGCTGGCCGTCTGGGGGTGCCGGATTGAACCGGACGAATCCGATGGGGCCCCGGTGGAATGCCCGTTTTCCGTAGACCCGGCCAACCAGCGGTTGACCCTCCATCTGCCCCGGCGAATGTCCGGCCCCATTCGGTTGACCATCGACTATACCGGTAAAATCAACGACCGCATGGCCGGCTTCTACCGCAGCCGCATCAAAGCGGGCACGCCCCCGGACCATATCGCCGTCACCCAGTTTCAGGAAAGCGACGCCCGGCGGGCCTTTCCCTGTCTGGACCACCCTGCGAAAAAGGCGGTCTTTGCCGTAGAAATGGTAATCGACCCTGCCCTGACGGCCATTTCCAATACCGACGTCCGCACGATCACCGAACTCGACGACGGGAGGCGTCGGGTCACCTTCGACCCGACGCCCGAAATGTCCACCTACCTGCTGTTTTTCGGCGTGGGCCCGTTCGAAATTCACGAGGATGGCGTCGATCCCCGGGTAAGGGCCGTCTGTCTGCCGGGGATGGGGGACCAGACCGCCTTCGGCCGCGAATTCGGCCGCCAGGCCCTGGCCTACGGCGAAGCCTACTATGCCATCGACTATCCGCTGTCCAAGATGGATCTGATCGCCGTTCCCGATTTTGCCTTCGGGGCCATGGAAAACTGGGGGGCGATCACCTTTCG
NZ_AP021874.1_gap108	4561328	4564472	3144	TGATTGCAACAAATACAAACAGAAGATATGCTAAATGGGCAATGATCATGGGCCGCTGCAAATCTTTAGAGATAAATAGATTCCTGAGTTTTCTACGATTGGCTTTTGACTCCATTTTCAATACTCCAGTGACATTCAGACAAGCAGCAAAGTTATGGTGCCGGATTTGTTTATAGAAATATTCGCTGCAAAATATTTCTGTATCCGAAATCATATCGATCAGGAAAAAACGAAAGAAACCTTCATGCGAACTGACTGGTGAACACAGCGTCATTCATTTTAATACGACGATAATCTTAATAGTTGCATACCAATCCCATAAAACCGCCGTTGTTGGCGCGTATAATATCGTCCTGGCTTATTTTTGCCTTCAGAGGGGCCGTACTCTTTCCATCTCTCCCCGCACTGTATAGATCGAAGTCCGTATTTATCGGATGCTGTGATTGATCTTTTCTGAGTTGGCCTTTACCGTCTTTGACATCATCACTGTTAAATATTTTCTGGTATTTATAGGGCCTGCCCCAAGGATCTGTAATCTTGCCCAATCCAATGGCGCTGAGGTCCTCAGGCAATTCACCGTTCTTTGCGACAAGGCTTACAATTTTGTTTTCGATGATTTTCATCTCTGTTATCGCCACTTCAATTCGGGCTTCTTTTTTGTATTTTATAAAAATAAGTATTGCAAAGGAGACCAAAACACCAATGATAACGATTGCAATCATCACATTGATCAAAGTTATTTCAGAATTTATGGCCTTCAGGTCTGTATTCAATTTAACAACATCCGGTCGCACATGATTATAGGTCCGTCGTAATGATTTGAATGCATAAAGAATGCATCAATTTATTTATTGGCGCATGGGAATAATACTTTAGGTCTGGCAGGGGGTTTCACGGAAAATTTATCATCCGGAAGTCACCAGCAATCCGAATCATGGTGATATTTCTTTTAATTCAGCGGACATTGCGTACTGATGGATAAAAAGCGCATTTGGTGGCAGGCTTCCAGGTATGTGCTGGCGCTGTTCGGGAGAAGCGTAACCGGCGAAGCGGTGTCCAGACGGTTGAACATCGATTGATCTCAGATCAGCTTGCCCCCCCAATAACCGTTCCGAACGAGCTTTGCGTTTTGGTGTACTGTGCCGAAAACGCATTCTGGGCACGCAACGTAAAATGGGAAATCAGTGGGTTGAACGGATCTTGTCGTTAACAGAAACCTGCCGTTTAAATGCCAAACCGACGTGCCCGTTTCCTGAAGAAGGTATTGCTGCTGATTTTCGAAATTCGACGCCCGACCTGTCCTGGATTCGATTCATACGGGAATATCCCGTGAACGCTGAAAAAATATTCCAAATTTGGCAGCATCGTCTAGACAGGCTGTTAAAATTTCCTTATAGATGATATATATGAGAGAATTTACACAATGACGAACACTTGAGTCGCCGAGCTGAAAAACTCTGTAATTGGGGCTGATGTTAATCTCAATTCAGAAAGAACCTCCTTGACGGCTGAACAGCAATTTTTTTGAATTGGCATGAACTTGGGTCCATTGACACTAATTTTTGTAAAAGACAAAAGGAAGGTTACTTATGGCGGGTGGCATCAATAAAGTGATTCTGGTGGGCAATCTGGGACGGGACCCGGAGATCCGGTATACCGCCGATGGCAGGCCCATCGCCAATTTTTCCATTGCAACCTCGGAAACCTGGACCGATAAAACCAGCGGCGAGCGCCGGGAAAAGACCGAGTGGCACCGGATCGTCGTTTTCGGCAAGCTGGCGGAAATCTGCGGTCAATATCTGTCCAAGGGGCGGCAGGTCTACATCGAAGGCAAACTGCAGACCCGCAAGTGGCAGGGTCAGGATGGGCAGGACAAATATACCACGGAGGTCGTGATTGATGGCTTCAGCGGTACCATGCAGATGCTCGGCTCCCGGGAGGGCGGCGGCGGTGGCGGCGGCTATCAGGGCCAGGGCGCTTCCCAACCCGCTTCCGGCGGGGGCAGTTATGGCGGTGGGCAGGACCAGGGCTACCCCCAGCAGCCCTACCAGAATGACAAGGAGGATGATATTCCGTTTTAGCGACGATGCTGACCGTTTGAAAACCGGAAAAGGGGGTTACCGCCACGATGGCGGCGCCCCCCTTTTCAATTGGCCGATCCGGCGTCGATCATCCCAGGATCGCCTTCAGATCCTCATCGCCCTTCCGATGGGCGTGATGTCGAAAGTCTTCACCAGGGTGTCCGGCACATTGGGCGTGATGAAGGCCGGCGGGGTCGGCCCCAGGCGGAGACCCTTGATATCGAGGTGCAGCAGTGCCCGCGGCACGCATCCGCCTTTTGCTCATACCAGGAAATGATCAGCGACAGGGGCCGTTCGTTGACGCCAATGCTGATTACTCCGCCGCACAATGGATTGGCGGCGGTTTTACCGGCGGGACCCCGATACGGCCCGCACATGCCGTGGTAATGCCCCGCACGGTCACTGCGGTGAGTACGACGATGCCGCCAATGAAGGCCCACATCCCCGGCGCTTCGCCGGTGGCCAGAAAAACCCAAACGGGATTGATCAGCGGCTCGATGGCGGGGATCAGGACCGCCTCGAGCGCCCGGACCCGCTTGACGGCATAGGCAAAAACGGCATACCCGGCCCCTAAGGAGAGGACCCCCAGACCGGCGAGCCCCAGCCACTCCACCGATGTCGGCGCCTGCCGGAACATGAACGGCAGACACACCCCCGCAGCCATGAAATTGCCTAAAGCGATGGGCCAGGCGGTGGAACGGTGGCGCGATTTGCGCAGAAAAATCATGGCGCCGGCCCAGAAGATTGATCCCGCCACACCAACCAGGATGCCCAGCCGGCCGTCGGTGGAAAGATCGTCCATGAAAAACAGGCAGACACCGGCAACGACCAACGATAAAAAATACCAGTCCTGTCGCCGGGTGGGCTCACCGAGCATTCGGGGCGCCAGGATGGCCACGTATGCCGATGCCGAATACTGGAGAACGATGGCATTGGCAGCCGTGGAGAGTTTGGTGGCAACCACGAAGCAAATACAGAAAAGGCCCATGCAGGCAGCGGCGATCAGTGGCTTGATGCCCCAGGAGATCTTGACCTCTTTTCGGCAAAGCAGCATGATGACGCC
NZ_AP021874.1_gap109	4635778	4636707	929	CCCCATTGCCATTGCCGCATATTCTTACATGGCCTTGATCCCCATCATTCAACCTCCAATCATGAAATTGCTCACGACCAAGCAGGAGCGATTGATCCACATGCCTGACCCGAGGCCGGTTTCCCGAAAAGAACTTTTGGTTTTTCCCGTGATCGGACTATTCCTTTGCTGCTTTCTCGCACCGGCCTCCATCCCCTTGTTAGGAACTTTCTTTTTCGGCAACCTGATGAAGGTAAGTGGCGTTGTCGACCGGCTTGCCCAGACAGCCCGGACCGCAATTATCGACACTGCCACCATCTTTTTGGGATTCACCGTCGGAGCCAGTACCCAGGCAGATGTTTTTCTCACCACGAAATCCGTTGGTATTTTTGTTCTCGGAGCCGTGGCCTTCAGCATTGCGACAGCCTCGGGCCTTCTTTTCGCCAAAGTCATGAACCTGTTCTCCAAAGAGAAAATAAACCCCCTGCTCGGGGCTTCCGGCGTTTCCGCCGTTCCTGGTTCCGCAAGAGAAGTTCATTTAATGGGCCAAAAAGAAGATCCATCAAACTACCTGTTGATGCATGCGATGGCCTGCAACTCTTCCGGGGTGATCGGGTCAGCTATCTGTGCCGGCATTCTCTGGAGTTTTAATGTGGGATAGCCTCTCTTTCGAGGCCTGACCCAATACAAATGCCGGTGTATGAATGACATACACCGGCATTTGTATGTGCGGATTTTCAGGACACGCTTTTTTCTTGACCGCCCGGTTTTACCTGTGCCATGCTTCTTTCATCATTGAAATGGACCGGCAGACTCAACGCGCCTTTTCCAAACGCTTTTCCTCCTGCATAGACCACCGTCAGCCTCCCGCCGCTTTCATTTCTGACCAAATATCATAAATGGAGGTCGCCATGATCGCAAAAATTATTATCAAAAGACGTTTCGTCAAA
NZ_AP021874.1_gap110	4638965	4640090	1125	CCTCTTTCAAAAAATGCCGGTTAATGTAAAGCGCTTCGACCAGGGACAGGTCAAAAAGAGCATGGCAGCAATCCGCGCACTCCAGTTTACATGCGACACAATCCGGATATTGTTGGCGGACTTTTTCAAAAACGCTATCCACTTGTTCGACAAGGCGTTCATACTTATTAAAAACAAGATCCAATTCGGGTATCATCTGTGAATCTCCTGGTACAATGTTTCACGTGAAACATTATTTTCCCACACAAAATTGGTTAAAAATATGATCGTACAGATCCTCTCTGCCATCGACCCCTGATATCTCCCCTATAAGCTGCAATGAATGTTTTAATCGTTCGGACACGAGTTCAATCGGTTGACCGGAGACGCCTTGACCAGTCAACGGCGCCAGGGCCGCTGATGTTTTTTCCAATATTTTTCGCTGCCTGAGGTTTGGCGCCGCCCACGTGTCGCCCGCCCCTTGTTGTCCGTGGACAATATCTTTGAAAATTAAAGATTTCAGTTGATCAATGCGTGTCCCCGTTTTGGCCGAAACGCGGATCCATGAATATTTGGCGACGCGCTTTTCAATACCACGAATCACCCCCTCATCGACAACATCATCCTTGTTAACGACAACGATGGTTTTATCTTCCTTTATTTCCGTAAGTAATTTTTCTTCGAAGGCATTCACGTCTCGGGTCCCATCGAGAACCATTAAGACGATGTCCGCATGGTGAATTTGATTCCGTGATTTTTCAATACCCATGCATTCAACAGGATCGCTGGTCTCATGAATACCGGCGGTGTCACACACCACAACCGGAATTCCGTTGATGGAAATGTATTCCCTGACCACATCCCTGGTGGTGCCCGGAAAATCCGATACAATGGCCGCTTCCCTTTCAACCAACCGGTTTAGCAAACTTGATTTCCCGACGTTAGGAGAACCCGCGATGGCGAGATGCAACCCCTTTCGGAAAATGGCGGTCTCTTTTTGTCTCTGGATCAATTTTGAAATACCGGGCAGAATTTCATTGCGAACCTCCCGGGAAACATCGGAAATAAGTGTGCGATCTTCACCCGTTTCCAAAAATTCAATGGCTGCTTCGCACTTGGCTTGTAAATTGTTCAGCTTGAATGTCA
NZ_AP021874.1_gap111	4668585	4672835	4250	ACGATCGCCTCCCTGTATCAATCCGACTGGTTTTCAGTGGAAACCGTGGTCGGCACCGATGTGGTTCGGGACCTGATTCCCTGCCTGATGAAAAACGGTGCCGAAGGCATTATTGAATATCCGCTCAACAAGGTAATTTAAACCGTTGGTCGATTACGGTCGACGCTGCTGTTAAGGGGACCACCATGGCATCGAAACGCACCGAGGAAATGACATCCTTTATCGTCATGGATGTGCTGGAACGGGCCTGCGCCCTGGAATGCGAGGGAAAGCACATTATCCATCTGGAGGTGGGCGAGCCCGATTTCGACACGCCGGCGTGCGTCAAAGCCGCCGCCTGCAAGGCTCTGGAAGACGGGTTCACCCACTATACCCACAGCCTGGGCATTCCTGAACTGCGCGAAGCCATCTGTGCCTACTATCGCGATACCTACGGGGTTGGCGTGGACCCGGATCAGGTGGTGGTCACCTCCGGAAGCTCTCCGGCTATTTTCATGACCTTTGCCGCCCTTCTGGAGCCCGGTGATCAGGTGATCCTTTCCGACCCCCACTATGCCTGCTACCCCAACTTCATCAAATTTGTCGGCGGAGAACCGGTGCGGGTGCCGGTCTTTGAGGAGGACGGATTTCAATACCGGCCCGAGGCCATCGAAGCCAAACTGTCGGAGCGCACCCGGGCCATATTTATCAATTCCCCTTCCAACCCGACGGGCAATCTGTTATCCAAAGCACGTATGCAGGCCATCGCCGACATGCCTCCCTGGATCGTTTCCGACGAAATTTATCATGGGCTGGTATACGAGGGAAAAGAGCACTCGATTCTCGAATTCACCGACCGGGCTTTCGTTCTCAACGGGTTTTCCAAACTCTTCGCCATGACCGGCCTGCGCCTGGGTTACCTGATCGCGCCCAAGGAGTTCGTGCGCCCCATTCAAAAGGTACATCAGAACTTTTTCATTTCGGCCAATGCCATGATCCAGAAGGCCGGGATTGCCGCATTAAAGGAATCCTGGAAAGATGTGGCGCGAATGAAACGCATCTACAATGAGCGGCGCATCTTCATGATTCGTCGGCTAAGAGAAATGGGACTGGGGATCACCGTGGAACCCACCGGGGCGTTTTATGTGTTTGCCAACGCCCGGCACATTTCCAAGGATTCCTATGCCCTGGCATTCGATATCCTGGAAAAGGCCTGCGTGGGGGTAACGCCGGGAATCGATTTCGGTCAACACGGAGAGGGATACCTGCGTTTCTCCTACGCCAACTCCATGGAGAACATCGCCGAAGGCATGGACCGCCTGGAAGCGTATTTCAAGGCCCGAAAATGACCGGTACCCATCGACATGATCGTTAAATCGGCAGAATTCGTCACCAGCGCGGTCAAGGCTGCCCAATACCCCGAGGCCCGGCACCCGGAGGCGGCCTTCGCCGGACGTTCCAATGTGGGAAAATCGTCGCTGATCAACACCCTGGTCAACCGGAAACGACTGGTTAAAACCAGCTCCACCCCCGGCCGGACGCAGTTGATCAATTTTTTTTCGGTCAACGACGCGCTTTCCCTGGTGGACTTGCCCGGATATGGCTATGCCAAGGTTCCCGCATCGGTGCGTCGCAAATGGGGACCCATGATCGAAACGTATCTGAAGGGGCGGGAAACCCTGAAAGCGGTTGTCCTGATTCTGGACATCCGCAGGACGCCCGGCCTCGAAGAACAAAATTTTATCGACTGGCTGGAACTCTATCACCGAACCGCCATCCTGGTGCTGACCAAGGCGGACAAGCTGTCCAAAACCGACCGGAAAAAGCGGCGGCAGGCCATCGGTGCCGCCTTGGGCGTGGACGAATCGACCCTGATCCTTTTTTCCGCCAAAACGCGGTTGGGCAAGTCGGAGGTCTGGTCCGCCTTAGAAAGGGCCGTTCTTGGTGAACCCTGTGAACGAGACTGACCCAAGCCAATCTTTCAGATCCGGCTTTGTCGCCATTTTAGGCGCGCCCAATGCGGGAAAGTCCACCCTGCTCAACCGCATGCTGGGCCAGAAGATCTCCATTACCTCGAAAAAGCCCCAGACGACACGCAACCGGATCCTGGGCGTGGTTCACCGGGCCGCCTCCCAGATGGTTTTCCTGGATACGCCCGGAATTCATCGGGCCCGGCATCCGCTCAATACGCGAATTGTTGATGCCGCCTTGGCGACCCTGTCGGAAGCGGATGTGGTCCTTCTGGTGGCGGACGCCCAGACGCCGGACGGCCCCTCTGAACGATTGTTGCTCGAAAAGCTCTCCCAGCAACGGCTCCCGGTGCTCCTGGCACTCAACAAGATCGACCTGGTCCAGCGGCCGGCCCTGTTGTCCCAGATCGAAGGCTGGTCCGGCGCCTTCGCCTTCAGAGCCATCGTTCCCATCAGCGCAAAAAGCGGCGAGCAGGTGAACCCGCTGATGGATGCCATGGAAGCCACCCTTCCTCCCGGGCCGCCCTTTTTCCCGCCCGACAGCCTGACCGACCTGCCGACGCGGTTCATTGCCGCCGAAATCGTCCGAGAAAAGGCCTTCCGGCTGACCGGCCAGGAAATCCCGTACGCCCTGGCCGTTACCATCGATTCTTTCAAAGAGGAGAAAAAAGGGGCGCTCGTCCGGATTCATGCCACCATTCACGTGGAGCGGGACTCCCAGAAAGGCATTGTGATCGGTCGACAGGGCGCCAAGCTCAGGCAGATCGGTGAGGCGGCCAGAAAGGAAATCGAGGCCCTTTTGGGCACCGGGGTTTTTCTCAAACTCTTTGTCCGGGTGCAGAAAAACTGGACCCGGGATACCCGGGCGCTGCGGAAGTTCGGTTATTGATGATTCTTTCTTTTCACCCGTGTTATGAGGCCGACACCAACATCCTTTGCGCCGGCCGGCTGCCGGATGAGAAGGATCTGTCGGCCATCCAGGCGGCCGATGCCGTTATTTTGCCCCAGGGTTGCCGGGAAGTGCTCTACCGGATGGCCCGAAAAAACTGCCCGCATGTCTTTCCCGACTATGATGCCCGCTTCCAGTACCCGGGAAAAACCGGTCAGGCCAAGCTGTTTAAGACCCTGGAGGCGCCCCATCCCCGAACCTGGGTGTTTGAAGACACGGCTCACTTCCGGCGCCGGTACGGGGCGGTTGGCGATGCCGGATTTCCCCTCGTATTGAAACTGGATTGGGGAGGAGAGGGCGACACGGTCTTTCTGCTCCAATCAGGTTCCGATCTGGCGAAAGCCCTGTCCAAAGCAGAGGCATACGAACGTTCCGGCCAGCGGGGATTCGTCCTCCAGACCGTTGTCCCCGGATCCCAACGCACGTTGCGGGTCGCCGTGGTCGGACAGACCCAGCGGACCTACTGGAGAGTTCAGGACCACCCGTTCCGTTTTGGAACCAGTGTGGCCAAAGGTGCCCGTGTTGACCCAGACTCGGATCCGGACCTGCGCCGGAAAGGGTCGACTCTGGTCCGCCGGTTTTGCCGGCAAACACGAATCAATCTGGCCGGATTTGATCTGATTTTCGATGAATCCAAAGAACCGGGGATGGATGCACGGCCGTTTTTTCTTGAGATCAATTACTTTTTCGGCCGGTCGGGCCTGGGGGGATCCGAACGGTTTTATGTACTGCTTCAGACAGAAATCGACAACTGGCTGGCCAGCCTGGGATTGGGGACGGCCTTGCCCCCCGCTGACGCCGCCGCAAGGGAGACACCATGAAACCGTATGCTTATGATCCCGATGATCGGGGTCTTAAGCGGGAGCGTCAGAAGGCCCGGGAACTGAGACAGTCCCAGTGGTGGAAGCGGCGCTGCGCCAAAGGCCGCTGCCATTACTGCGGCCGCCGGACGCCGGCTGCCGAGCTGACCATGGACCATGTCGTCCCTGTGGCCAGGGGTGGGAAAAGCACCAAGGGAAATGTGGTGCCGGCCTGCAAGTCCTGCAACACCAGGAAAAAACAACTGCTTCCCATGGAATGGGATGACTATCTCCGCTCGCTTCAATCCTCACCCTGACCTGATGCCATCGCGCCCGGAAAAACGCCCTGGAACTGGTTTCAGTTGCGGGGACCCGTCATTTCAGGGACCACACCCCCTTCTTTTCACCGCATAGCTGTTGACATCGTCACGAATCTGTCTTTTAATCGCCCGACCACAGGTGTGTCCGGACACAAAACCCCCCGGAGGTCTGATGCGCACGGAAAAAGAGCAGAATCTGCTGCTCAGGGCGCTGGATGCGTTCAAACGAAAA
NZ_AP021874.1_gap112	4718407	4721553	3146	GACACCAGCGTTTTGTGCCAGATTCCCGTTTCCTTCGTCCAGGCGGCACTGGGAGACACCATTTCCATTCCCACCCTTAACGGCGAGACCGATCTGGAGATCCCCAAAGGCACCCAGCCCGGTGATGTTTTCCGACTGCGGGGCGAGGGGATTCCCTCTCTCAGAAACGGTCACCGCGGCGACCAGATCGTTCAGGTCAACGTGAAAACACCCACCAACCTCAACAAAAAACAGGTGGCCCTGCTCAAGGAATTCGCTTCACTTGAAGAGAGCAAGTTTACCAGCAAGCTGAAAAACATCCTGAAAAGCGGCCCGACCCGGGCGGCCAACTAGGCGTATCCGATCACCAAACCGGAAGCGGTTTGCAAGAACGGCCGCGATACAGACAGGTGCACAGGAGTCCTTCGATCATGTTCGAGCTAAAAATTCTCAGTCATTTTGCCGCTGCCCACCAGTTGACCATGGTGGCCAAAAAATGCGAAAATCTTCACGGCCACAACTGGAAGGTCGAGGTGTGTGTCAAGGGTGAGCGCCTCAACGATGCCGGCGTCGTGGTCGATTTCGGCATCCTCAAGGGATATGTCAAAGAGATCATGGGCCGCCTGGACCACAAATTCTTGAATGAACTGCCCTATTTTGAAAAAGACGCCCCGTCTTCGGAAAACCTGGCCGTATACATCGCCAAGAGCCTTCAGGAGATGATCAAAGAGCCCGGGCTGGCCGTCAGCCGGGTCACCACCTGGGAATCGGAAGACGCCTGTGCTACTTATTTCCCGTAATGGCACGTATCCCTCCGGAAACGGCATCTTTCAGCCCGGGCCTTCGTTCCCGCTCCGTTGAAATTCTCGACCTTGTGCTGCTGCGACTCCGGTTTCAACCTCGCAGCAGCCTCGCCCTGAACCCAAAGCGACCCTTTCTGGATGGCCACGAGTTCGCGACAGCAGGAAGATCAATAATGCCCGACGCTTGAGCGATGGGCCCGCCGGTTTCTATTTTTCCATCTGTTTCCAGCAATCCACCAGTTCGTCCCGGGTGATGATGGCCGTTGTATCGGACACATGGGCGCGGATGTTGTCCACCCCCCCCTCCTGCCGGTCTACCAGCACCACCGCGCGAACCACCTCCAGCCCTTCGGACCGGGCCCGCTCGATGGCTTTGATCGTAGAGCCGCCGGTGGTGGCCACATCGTCAATGACCACCACCTTTTCACCATGATGGATATCCCCCTCGACCCATTTGACAATACCGTGGTCTTTCTGGTCTTTGCGGATGGAGAAGGCCTTTACCGGATGGCCTTTGAGCTCAGACGCAAAGGCAGTGGCCATGGCAATGGGGTCTGCGCCGAAGGTGAGCCCGCCAACAGCCGAGGCCCCGCTGTCCTGTATGGCCGCGAACATCAGGTGCCCGGTCAGAAACATGCCGCGGGGGCTTAATGTGGTGGGCTTGCAGTTCACATAGAATCGGCTCATTCGGCCCGATACCAGTTTAAATGCGGGCGTTTCGCTGAACCTGAAGGATTTTCGGCACAGCAGCGCGATCAGTTCTTTTTTCATGGGGGCCTCCCAGGCGGCCGGATTTATAAGAAATACTTGATTTTAAGGGAGTTTTCGTATAGAAAAGCCTCCACCGAACTGGAAGAAGCCCGTCATTGGGATTCAGTGGAGGCTTCGGCAAGGAAAACTGGGAACAGCACTCCTTGAGCTTAAGAGGGTTCCATAACAGCTGCGAGGTTGCCGGTCAATGCCAAACCCCGGGAAGACATCAGCCAGATGGTCGAAGGCGTCTAAGGTCTCGCCCAATAATACGTTCACATTGTCGACCTCGATTCATCCCGCCCGGTGGCGATGCGAAAACCTTGGAATCGTCCAACTGTGCCTCCGGTTTTCGCGCCTTGCCGGACGGGCGCCTCGACGCCCAATTCTGCGAACTTATTTTTGTGCGAACCCTAAGCGTTATCGATGCTTTTTCACATTTCTGGTCATGCCCTTTTTCTGGCTGGGTGTCGTGGTGCCGACTTACGGTGATGAAAACACGGCGCCACCTGATATGGACCTTGAAAAGACGGTGGCGCAGGCGCTTGAGGCGAACATTTCCGCCCAGATCTCCAAACAGCGGACCCGTGCGGCCGATGCCGTGGTCAAAGCGCGGAAGGCCGAGCTTCTGCCCACCTTCAGTACCCAGTACAACTATACGCGCAACGACGAACCGCGGTTCAGTGTGATTCCCACCGTGGGCGTGGTGCAGCCCGAAGACGAGTATGCCTGGGTAACCAGCGTCACCCAGCCCCTGTTCACCGGCTTTGCCCTGACCAATCAATACCGTCTGGCCCGGATGGGGTTGGATGCCGCCCGCCTCAACGAGGCCCTGGTCCACCAGGATATCGTTTTCGACGCCAAGCGGGTCTATTTTCTTCTGCTCCAGGCCCAGAAGCTGGAGGCCGTGGCCCAGGAGGCCGTCACCATGCTGGAGGCCCAGACGGAAGTGGCCGTCAACTATCACGAGGTGGGGATGACGCCGCTCAATGATCTGCTCAAGACCAAGGTCGAGCTGGCCAATGCCCGGCAGGACCTGGTTGCGGCGCAAAACACCCTGGAGATCGCCCGGGCCGATTTTAACCTGCTGCTGCGACGACCCATCGGCACACCGGTGACGCCGGTGGATGTCCTGGACTATGCGCCACTGTCCCGTACCCTTGCAGAGTGCCTGAAAACGGCGGAAAGGGGCCGCCTGGAAGTTGCCGTGGCCGACGTGGAAATCCGGATCCGCGAAAAGGAGGTGACCCTGGCGAAAAAGGATTACTATCCGACGGTTCAGGTTCAAGGCAATTATTACAGGCTGGGCACGGACTGGCAGGTGGACGGTGGTGAGGGGATAGACGACAGCAGTTTCTGGGATATTCAGGCCCAGGCCCGCTGGGATTTCTGGCAGTGGGGAAAAACCGGACACGGCGTTGCGGAAAAGAAAAGCAATCTGGCCGAAGCCAGGCTCAGCCGCATCCGACTGCTGGACAATATCCAGAGACAGGTTAAACAGGCCTGGCTCAAGGCCGATGAGTTCGAAAAGAATATCGCCACGGTGCAGTCCGCCATCGCCCAGGCCAGGGAAGGCTTTCGTATCAGCGAAGCGCTGTTCAAAGAGCAGATGGC
NZ_AP021874.1_gap113	4725706	4729523	3817	CACCTCCTTTGGCAAGGGGTCGGTGCAGACCGTGGAAACCCTCCGGGACGGGTATGGCCTTAAGTTTACCATTGCGCGCTACTATACCCCTTCCGGCCGCTCCATCCAGGCCAAGGGTGTCGAGCCCGATGTGGAGGTCAAGCACCGGCTCCTCTCCGAAGCCGAACCCGCCGGTGAACGCATGCTCAAGGAAAAAGATTTGAAAAACCATCTGAATGCCGAACCGGGCGACGCGTTCGAGGAACCGGCTCCCGAACCGGAAGCGCAACAGACGGAGGTGCCCGAAGATCCCCCGGCGCTTAAACGCTTCAAATCCAAAAACAGCCCCCTGGACCGGGAGACCCTCCTTTCCGACAACCAGGTCTTGCGCGCGCTGGACATTTTGATCAGCTACGATATCTTCAAAGATCTGAAAAATGGCTAGGAAAGGTGCGGTAACGTCCAGGGCCCGGAAAAAAAAGAAGAAAACAGGTTTAAACCCCAAACGCCAGTTCATGAAGATCCTTGCGGGGTTGACCCTGCTGGTGTGTCTCGTGGTTACGGCCGGACTTCTGGCCAACCGGTTTCTCATGCGGCCGGCACGGATGGGGGTGCCCGCACCCAAAACCATTCCCATTGCCCGGCCTGAAAGCGGTCCGGTGCATCACAGCGTTCCGGATTACGAGGCCTTTCACCGGGAGACCGTGCCGCCGCCGTCGCCCATCACCCGGGTCAAACCGGTGACCAACGGGATTCCCGTGGCCATTATCATTGATGATATCGGCTACGACCGGAAAATGGCCGAGGGCTTCCTGGCCCTGGATGTGCCGCTCACGTTTTCGGTACTGCCCAAGGGCACGTTCAACCACAGCATCATCGACAGCGCGTTGAAAAAGGATGTGGAGATCATGCTCCACCTGCCCATGGAGCCGGGTAATTACCCCAGTGTCAACCCCGGCCCCGGTGCACTGCTGGCCTCCATGGGTCCCGATGAACTCATCGCCCAGCTCAACCGCAACCTCGACAGTGTACCCAGTGCCCGCGGGGTGAACAACCACATGGGATCCAGGCTGACGGCCTCGTCAGAGCGGATGCGCCAGATCTTCACGATTCTGAAAAAACGGAACCTTTTTTTCGTGGACAGCCGGACGACCAAAGAGACCCTGTGCCGACCGTCGGCGGAGTTGCTTCACCTGCCTTTTGCCGAGCGGGATGTGTTCATCGACCACGAGCAGACCCACGCGTTTGTGAAAAAACAGCTCAAACTTCTGGTCAAGCGGGCCCGCCGCCAGGGATATGCCATCGGTATCGCCCATCCCCACCCGGTGACCCTCGAGGTGTTGAGGGAGATGCTGCCGGAACTGAAGGGTGCTGTTTCTCTGACCCATGCGTCGGAGGTCGTGGCCTTTCAGCAGGGATGACGGATTGTCAGCGGGATCAAGCTCTGCCTTACGCAGCGCTCCTCGTTTCCGCGGTGTACCATCAGTCCGCCGCATTCCTCTGATTCCGAACACCTAACCCATCCGTAAAACGCCGATCCACGATTGCATGCACGAGGGCATAAAATGAATCTTCTTTCCGGGATCATGTACAACTTGAAGGGGCTGTGGCTGGGCATCCGGACCCCCCGGCTGCTGGTGCTGGGATTCCTGCGCTTTGCCGTGGTGGCCATCTTTACCGTGGCGCTTTCCGGACTGGTCCTGGCCCGGCATGCCGAGATCCTGGCCCTGTTGTGGCAGCAGCCCGACAGTGCCTGGGTCGTCTGGGCCTGGCATTTGGCTTCCTGGCTGCTTTCCCTGCTGCTGATGGGCATATCGGCGGTGGCCGCCTATCTGCTGGCCCAGGTGCTGTTTGCCGTTTTTATCATGGACCTCATGTCCCGTATCACCCAGCGCCTGGTCACCGGGACGGCGCCGGCTTCGCCGAAAGTATCGCTTGCGGCGCAGATGGGATTTCTGATCCGCCAGGAACTGCCCCGCAACATCATTCCGGTCCTGCTGACCCTGATCATCATGGTGCTGGGCTGGCTGACGCCTCTGGGGCCGGTGCTCACCATCGTGGGGCCCATGGTGGCGGCCATCTTCCTGGCATGGGACAACACCGACCTGGTCCCCGCCCGCAACCTGCAGCCGTTCGGACAGCGGTTCAAGGCCCTGGTCAAGGCGCCGCTTTTCCATCTGGGCTTCGGCCTTCCCTTTCTGGTTCCCGTGCTGAATCTGATGTTTCTGAGTTTTGCCCCGGTGGGCGCCACCTTGTATCATCTGGACCGGGAGAAGAAAGCATCGCTGCCATCAGCACAGCAACGCTTATAAGACTTGTCGGTATTGATTGCTTTGGCTGCATGAATACATTAAACCCCTCCCATGACCCAAATGAAGAAACAAATGTGGATGGGCACCCTGATTGGACTCGTGTACCGGTTATACAGTGCGACATGGTCGTATCAGGTCCGTTTTACCAGCGGATCGCGGGCCGTTAATTTGAAAACCAAGCACCCCGAACGCGCTGTGGTTGTCGGACACTGGCACGGGGACGAGCTGGCCCTGATCGGATATGGGCGCCAATCCAAGCTCCTGACCCTTTCGAGCCAGTCGAAGGATGGCGCGATCATGGCCGCCGCCCTGAACGTGCTCGGTGTTACGGTGGTTCGCGGATCGAGCAGCCGTGGGGGAATGCGCGGCCTCGTCTCCATGATCCGGATGCTGCGGAAAGAGACTTTCATCATCAGCTTTGCCGTTGACGGCCCCACCGGACCGCGTCATCGGGCCAAGACGGGCGTCTACCTGTTTGCGTTTAAAACCGGCCTGCCGCTCTACCAATGCATGGTCAGGTGCGACCGGAAGTGGACGTTGCACAAAATCTGGAATAAAACCTACCTGCCCAAGCCTTTTGCCCAAACCGACCGAAGACAACAGAGACGAAATCTCCGCCATTTTCAACTCGCGGTCATCCTTTGCGGAATGACCCCTTTGCCGACCACGGGCGCTGCGTGCATTAATGCAGGGCGGCGCGTTTGCCAATGGGATATGGGGCACCGCAGGGCGATCAATAGCCATCCGGAATTACTCCTCAAATGACATACCCGTAAATCGTTCAAGGAACGCCCGATTCACCAGCCAGTCACCGTCCTCCCGGACCATTTCCAGTCGGAATCGATACAGATCCGCCGTTTCGCCAACGGTTTCCAGCCACGCCGCAGGGTCGTCCCGGAGCCTTTCAAGTCCCGGAATGGTGTGTTCTTTTTTAACGATCAGGAAGGGGAACCGGGCCGATGCCTGGTGGCCATCGGCCCTGATTTCAAGAGCGGGGCGGGGATACAGGATGGTAAGCGGTCCGTAGTGCCTGAACGTCCGCCACAGGACCCCTTTTATACCCCTTCTGTCCAGGTCCATGGGCATTGCCCTTACATCTGCCGATGCCAGTTCCATGATGCCGGAAATGTCGTGTGCTTCGGCCAGGGCGGCGCCGTTGTCGATCAGCGCCCGGATCGTTACGGCATCCTCCTCGGCGGAACAGGCCATACAGAGGAGCGCGGCCAGGAAAACAGGCAGCAATGTGGCGAAACGTCCTTGGAGCAATTGAATGCCTTTTTTAACCTGGCCTGCAAGGGGCAACGGTGAATCGGCTGATCGCCGATTATTCAAAGCTGGCCGGGATCGTTATCCAGGCGCCCACCATCAGACCGGCGATGGCAAAGGAAAAAAGAAAAAAGCTGGTCACCAGGGTGGCCAGATAGACCAGGGCGGCATTGACCAGAAAGACCGTGCCGCCGATGACCCCTTCTACTGCGGCGATGCCATTGGCACTGATGGTCTTTTCCTTGAGGCGGCAGATGAAC
NZ_AP021874.1_gap114	4731835	4733735	1900	GCTCCCGGGGCGCATACGGGTTCCGGTCGAGGGCCTGCACCTGCCCGGTCTCCAGGTCCATGACCACCGGCCTGCGGTCCGGCAGGAACATCAGTTCGCTGCCATGGGGCATTTCGATGGTGTCCCCGGCGGCCATGACGGACCGTTCCGGACCGTCGGCCCCCACAGCGGCAAAGCCTTCCAGGTCAAAAATGTCTCCATTTTCATTGGCCACCACGGCGGTGAGCCACCGGGGCGGCTGACGGGAGGGCCGTTTTCTTTTATTCTTGAGGGGGTTGTGTCTTTTCATGGTTTGATGCTCTGTGCCGGCAGCCGATAAAGCGGCGCCAGTCGCTCCGGCGGCACCCCGGCCAGGCAGCCGACGGCGATAATGGTGTTGACCAGCGTGGTCCGCACCGGCCCCAGGCGCTGCCAGCGTCTGCCGGAGGTGACCGCTGCTGCCGGTGCCAGGGCGATGCGTCCGTTGCGGGCCATTTTACGGACCAGGTAGAGATCTTCGGCAATCGCAGTTTCCGGGAACCCGCCGAAGCGGTTAAAATCGGCCCGGCGCATGAACAGCCCCTGGTCGCCGTAGGGCAGCTTGAGTCGGCCGGCGCGCAGGTTGGTGAAAAAGGCAATCGTTCGCATGGCCGGTGTATGGAGATCCGTGGCAAAGCGAAATGCGCCCAGTACGGTGCGCCGGTCCATCAGGGTGTCGAAAATATGATCTTCATAGTGGAGCGGCATCCGGGTGTCCGCGTGGAGAAAAAGCAGCACCTCTCCTCCTGCGGCGGCGGCCCCCCGGTTCTGCTGGCCGGCCCGCCCCCGTTGCCCGGTGACGATCCGGGCGCCGTGGGCCCGGGCAATCGCCACGGTGCGGTCCGTACTGCCCCCATCGGAAACGATGATTTGTGCATCGGGCGATGCGGCGGCACGGATGGTCCGGGCGATGTGGCGGTCCTCGTTCAACGTCGGTATGATCACCGACAGATAGGGAGAGGGGGGGCTTTGCCGGCCCACCTCCCGGTCAAGATCGTCGGGGGTGTCCAGATCCCTGAGCGGGGCCAGCAGACAGGGCTTCATCCGCTTACGACCGGCCAGGGCCAGGGTGTCTGCCAGCACATCCGGTCCGCTCCACACGATGCCGTCGAAGAGGTTGACCGGCGACGACATTCCGATCAGCCAGTAGCCGCCGTCAGTGCTGGGGCCCAGCACCAGATCGTGTTCCTTCAGTCGATCAAGTGCCTCGCACATGATTTCGGACGTGAGGCCGGGGATGTCCGTGCCGACGAGCACCACCCGGCTGGCCCCCTGATCAAAGGCGCTGTTGATGGCTGTCAACATGCGGTGCCCCAGGCCGCCGGTCACCTGTGGCACCGGGGCGATATTCCCGTCATCCAGCCATCTCTGGATTTTTTGCCGGTCCCCGCCGTCGTGGCAGAAAATGATTTGGGCGCCGGTAAGGCCGGCACAGCGGCGCGCGTCGTCGATGATGCCTTCGGTCAGCCGGCGCTGAAGCGAGGCGGCACCCGCAGGTCCCAGTGCGGGGATCAGGCGGGTTTTGGTTTTTCCGGGCCGGGGGTAGCGACCAAATACGATCAGACGGGGTCGATTCATGGGGTCTGTGGCTGTCCTGAGCTATCGGTATGGCGACGGTTGCCGCAGTTCACCGAGGCGTCTCCTTTACCACATCGCGCCGTTAAAGTACATTTGGAAAAAATCGCGGTGGTTCTCCAGTGTAATCATAGACTCAAAAAAGCGTTGACGCCGCTGATGCCCTTGGGATAAAGAACGTTACACAACCGACAGACCGAAGTCTGCCGTTTGATCCTGCGACCAAAAAAAGACGTTTCCATATACAGCCACGAAGGTGCTGTCCCCGAAGGACAGATGCGCTCGTGGTTTTTATTTTTTTTACCCG
NZ_AP021874.1_gap115	4787404	4789929	2525	CCCTGGGCGGTCCGTTCAACGGCGCGTTCGACGGTTTCTCCGACAGGAAGAATGCCGATGGTGATGCTGGTGCGCATGCGATCCCGGAATCCGCCGAGAAGTTTGTACAGCGGTAAACCGGCCGCCTTGCCCAGAATATCGAACAGGGCCATGTCGGCCATGGCCATGGCCGATGGTTGCGCCTTCAGGTCCGGGCGGATGCGTTCCATGAGCATGACCGGCCGCAGGGGATCCGACCCCTTGAAGGCGGGAACGATGATAGTGGTCAGGGCGTCCATAACACCCGCTGCGGTTTCGCCGGTCACTTCCCGGTCCGGTGCCGCGCAGCCATAGCCGATGATGCCCGTCGAGGTTTCCATGCGCAGGAAGACATTGGTGACCCTGCTGACGGATTCGTAGGCAATGGTATACGGCTCGGTCAGCCGCATGGTGACCGGCCAGGCGTCCATGTGTGTAATTTTCATCGGCTGCTAATACTTTCTCTGATAGATTTCCTTGAGGGTCATGGTTTTCAGCTGGTCCACGAAGCCCACCAGATTGGCGATCATGACCGCCCACATCTTCTCACCTTTTTGGGCGCTGGCCTTGGTCGGATCTCCCATGACTCCGCTGGCCGATATCTTGTGGGTGTGGGCATACCAGGAAACCCCCCGTTTGGACGTAAAATCAAGATAGCGGCTGGTGAATGCCGGCACCTCCATCTGCAGGCGGTCCAGGCGCACCAGATGGGGCCGAATGGCCAGGCTGGTGCTCGTCTCGATCTCGCCGGCATGGACATCGTTGGGGGTTTCGATGAGGCGGTCCACGTCCACGTCGCTGGTCTCCCCGGTATCCACGCAGACGAAAATGCGGGCATCCTGGTTGATGCGCTGGGCGGCAAAATTCAATGACGGCGCATTGCCGCCGTGCCCGTTGATGATCACCAGTTTTTTGATGCCGTTTTTGGCCACGCTGATACCCACGTCGTAGACCAGGTTGGCCAGGGTGTCATTGTTGATGCTGATGGTGCCCTTGAAGGCTTCATGGTGGTAGGAGACCCCGTAGGCGATCAGCGGCAGCACCAGCGGCTTGGGGGCGCTGCAGCCGTCGGCGACGCGCCGGGCCAGGTAATCGGCATCGAAGGCATCCGTGTCCAGGGGCAGGTGGGGGCCGTGCTGCTCGATGGCGCCCACCGGCAGCAGGGCAGTATCCACGATGCCGAGCCGGTCCATGGCATCCGGCCAGCAGAGGTCTCCCCAGAAGAAGGTCGCCGGCGGCGTATCGGCGGCCATCGTTTCCACGGCTGCCGATTGTCCCGGTTCGAAGGCCCGGGGCCTGTTCAAGTCCGGGTGGGAAAACGGATCCACCGGCTGCCATCCCGATCGATCAGGCGCAACCGCGCCGGCCGCGTATTCCATGCAGATGCGGTAAAGGTCCACCCGCAAGTCTTCCGGGATGCCATCGATGGGCGATACCATGGGGTCGAACCGCAGCCGCATAACCTCCGGATAAGGACGGACCGCCCGGGCCTCTGCAGGGGGCACCGTGATGGCACCCCGTTGGGAAAGCATATGGAGCAGGTGCGCCGCTTCGGCTGTTGGCTGGGAGTAAAGCCCCTTGTCCAGCAGGGCTGTCAGACAGGTTTTGATCTGAGCCCTCGTGTAGCCGCAGCGGGTGGGGTCTGCTTCCAGGGCGGTGAGCATGGCCACGATGCGGCGGCACTTCTCGCACTTGCCGCAGGGCTTGACCCGGTCGCCTGCCTTGTGGGTGGCGTGGCAGGACATCTGATGCTCCTGGAGATGGGGATAGCGCTCGACCAGTATTTTTTCGATCAACAGTTCGGACAGGGGGCGCAGCATCGAAAACTGGTTCACCGCCCACCCCTTGCCGTTGAAATAGGCTGACAGGGCGCGGTCGAACCAGATGCTCTGGTCGTAAAGGCCGTCGTAGTGGCGGATCCCCCGGGTGGTGACGCGCCGGGAGGTATCGAACTCGTCCCCGATGATCAGCCGGCCCATGCCCCGTTTCTGCATCAGCGGCAGGGCGCCGAAGAGAAATACCGCCACCGTCCACAGGCGGATGGGGTACTGGTCCGAGCGCACGCCGGCAAAATCTTTTCGGATGAAGGGCATCCGGCGAAGCATCCAGGAGAAAAAGCGGTCCGCGTTGACCCATACCCGTGCCGTGTTGGGGATGCTGTCCCTGAAGTGGCGATAGGCGTTCAAGGCCGTAAACCAGTGCCGGCCCGACTCGTTGACGAAAATGGGGTGCACCTCCCTGCCCATATCTTCGAGCAGACCGAAACCCAGCAGGCTGTCCTTGCCGCCGCTGGAGAGAATGCAGTGGCGGTTCGGGTCGGTCTTCCAGGGACGCAGGCCCTCAACCCGAACCCCGCGGGGGAAGATCAGCCGCGCCTGCAGGTAGGTTTCGGCTTTCACTGCCGGCAGGCTGGCCGCATCACCCACCAGGAAGGGATTGGGAACCAGGAACTTGTTGACGAAAATTTCCCGGGCGGTGTTTTTCGCCATCTCCCTGAGAAAACGGCG
NZ_AP021874.1_gap116	4804365	4806865	2500	CACCGGCTTGATGGTGGACCGGCTTACCCCGAGGATGGCCACCTGGGGCCACAGGACAATGGGGGTGAACCCCACTCCGCCGATGCCACCCTGGTTGGAGATGGTAAAGGTGCCGCCTTCCATTTCATCGGATTTGATTTTTTTACTGCGGGCCCGTGACGACAGATCCCCGATGACCAGGGCCAGGTCGACCAGGCTGCTTTTGTCGGCATCGCGAATCACCGGCACCAGCAGGCCCCGGGAGGTGTCGGCGGCGATGCCGATATGAACGTATCGTTTGAGGATGACCCGCTGGTTGGCCATGTCGATACTGGCGTTGAATCGTGGGAACCGTTTCAGCGCTTCTGCGCACACCCGGGTGATGACAGCCGTTATGGTGAGTTTGGCTCCGGCCTTTTCCACTTTGGCCGCATTTTTCTGGATGAATGCGTTCACCGTGCTGATGTCGGCTTCATCGAACTGGGTGACGTGGGGTATGGCCGTCCAGGAGCCTGCCGTACTCTGAGCCGTCAACCGCCGGACCGTGTCCATCGCTTCGACGTCGATCGGGCCCCATCGGCTGAAATCGGGCAGCGCCGGCGCTTCGCCGGTGCTTCCCGGAGCGGCAGTCTGCCGGTGCCGCACATGGGTTTTGATGTCCGCTTCGGTTATCCGGCCGCCGGGGCCACTTCCTCTGACCGCGGCAATGTCGACCCCCAACTCCCGGGCCAGGCGCCGGATCGAGGGCGATGCCGGCACCAGCGGACGGCCGCGCCCCGCCTGGCGCTGCTCCGGGGGCGGTTCAGCCTCCTCCGCCGCTGGCGCCGGCGGCAAGGGGATCGCAACGGCTTCTTCGACCCTGCCTGCGGTTTCGGTTGCCGGGACGGCCGTCTCCGTGGGCTTTTCCGCCTCTTTGGCCGGCGATGCATCGGTTTCCACCCGGGCGATCACATCGCCAACGTTCATCTGGGCCCCCTCCCTGGCCAGCACTTCGGTCACCCGGCCGCTGAAGGGGGACGGAATTTCCACCAGGGCCTTGTCCGTTTCCAGTTCGATCACGGTGTCGTCCACCGCCAGCGTATCCCCGGCCTTGACGTGGACGGCCACGACAACGCCCGATTCGACATTCTCACCAATTTCCGGTACCTTGACTTCCTGTAGCATGGGGGGCTCCTTCTTCTATGCGAATAAAGGATTGACACGTTCGGGGTCTATTTGGAACGATTTGCGGGCCTTTTTCACCGCGGTCATGGGAACGGCCTTTTCCCGGGCCAGGGCGGCCAGGGCCGAAAAGGCGATGTGACGGGCATCCACTTCGAAAAAGTCCCTCAGGGCGTCGCGGGTTTCGCTGCGGCCGTACCCGTCGGTCCCCAGGACCACCACCGGCCCGGGCAACTGGCGGGCAATGCTTTCCGGCAGGGCCTTGAGGTAGTCGCAGGCAGCCACGAAAACCCCGGATTCACCGTCGGTCTGCTGTTGCAGAAAGGAACGGCGGGGCTTTTTCTCCGGGTTGAGCCGGTTGGTGCGTTCGGTATCCTGGGCATCCCAGTAGAGATTTTTGTAGCTGGTGACGCTCCAGACATCGGTTGCAACGCCGAAGTCCGCCTCCAGCAGGTCCCGGGCCTTGAGGCACTCGTTGAGAATGGCACCGCTGCCCAGCAGGTGTGCCCTGGCTTTGGATTTTTTAAGAGACGACTGCGAGAATTTGTAGATGCCCTTGAGGATTCCCGTTTCCGCACCGGCGGGCATGGCGGGCATGGGGTAGAATTCGTTGGTGATGGTCAGGTAGTAAACCAGGTTCTCGCCTTCTTCGAGCATCCGTCGAAGCCCCTCGCGCACGATGACGGCGATTTCGAAGGCGAAGGCCGGGTCGTAGGCCAGCAGCGACGGGTTGGGAAGCGCCAGGATATGGCTGTTGCCGTCCTGGTGCTGAAGGCCCTCGCCGGCCAGGGTGGTGCGCCCGGCCGTGGCCCCCAGTAAAAATCCCCGGGCCTGGACGTCGCCGGCGGCCCAGATCATGTCGCCGATGCGCTGGAAGCCGAACATGGAGTAAAAGAAAAAGAAGGGCACCATGTTGATGTCGAAGGTGGAATAAGCCGTTCCGGCGGCGATGAACGAGGCCATGGACCCGGCCTCGGTGATGCCTTCCTCCAGAATCTGGCCGTCGGTGGCCTCTTTGTAGTAAAGCAGGCTGCTGCGATCCACCGGCTCATAGTTCTGTCCCACGTGGGAGTAAATGCCGATCTTGCGAAACAGGCTCTCCATGCCGAATGTTCGGGCTTCGTCGGGCACGATGGGCACGATATAGCGCCCGATTTTTTCATCCGCCAGCAGTTTGGCCAGCAGGGTCACCATGGCCATGGTGGTGGCCACCTCGCGGCCGCCTGATCCTTTCAGAAAATCGGTGTACAGGGTTTTTGCCGGCGGCCGGAAGATGGGTACCGAGACGCTGCGTGCCGGCAGGTAGCCGCCCAGCGCACGCCGCCTTTCCTTCAGGTAGCGGATTTCCTCGCTGTTTTCC
NZ_AP021874.1_gap117	4862185	4862800	615	TACCGTCATGATCTCGATGACCTGACCGCCGTCCACCTCGGCAACCGCGCCGGTGACTTTGACCGTTTGGCCGATCATATCCGACAGGTCCCGACCGGTCACCACATAGGCCTGCGTGTCGGTGACGACCGCCAGGCCTTTTTGGGTCTGCATCAAGGTGCCGTCGATTTCGGCGGTTTCCGTCGAAGACGACGCCGCTTCCTGAGACAGCCCCTGCGTTTCCGATTTTTCGACCTGGGCTGCCGGGGCCGGCCGGTCTCCCGAATCGCCGGGTTTCGCCATGGCCACGGGGGTTGGGTTCTGGCCCGCATCGGTCTGATCGGCCTGTCCGATGGTGGCGGGTTGCTTCTCTGTGCAGGCCATGACGAGCAGGCATGCGAGGCCCAGAGCCGTCAACATCTTAAAAATTTTCATTGTTTCCTCCTTTTTTGGCAGAGATGGTGAACCCCTCCTGAGAATAAGAACCGGGGGCAGGGCATGGGAGGCCGCCATGGACCCCTGGCCTGTTATTGAAGGGGTTCCGGTTTATGCCGCGACGCCCAGGGCCTTTCGAGAACAGGACGCTGAATGATGGGAGGACCTGCCAAGAGCCGGGCAACAGGATGTGCCGATAGG
NZ_AP021874.1_gap118	4874538	4877734	3196	CCACCGCCCGGATGTGGTGGATCATCATTTCCAGGGTTACCGGCACCGTACTGTCCAGCCCCAGGACCACCATCCCCAGCGAGTCCCCCACCAGGGCCATGTCCACGCCGGCCTCATCGGCCATCAGTCCGAAAGGGTAGTCGTAGGCCGTCACCATGACCAGTCGACGGCCCTCTTTTTTGGCCTGAATGATGTCAGCCACGCTCACCTTGCCTTCACTCATGAATCGCCTCCTTTGCATATTGTTGAAGCGGCCGCCTTGCGCGAAGCCGGCCCCTGCCAATGTTGCACATCCCGGATTACCGGCACCATGCGAGACCATCAATAGTGGGCCTGCAGGGTTTCCACCAGCGCCGCCAGCGTCCGGTTCACCGGCACCGGCACCCCGGCCGTCTCCGCCATCCTTACGATAAATCCGTTGATGGCTGAAATTTCCGTGGGCCGGCCGTTGTCCACGTCCTGGCCCATGGAAGACCGGTTGCGGCCGGTTGCCGCCGCCACCTGGAAAACCTTTTCCACCGGGTCGCCATCGATGGTGATGCCCTGGGTGCGGGCCACGGCCATGGCTTCCGCGACTGCTTCGCGGGAAATCTGCCGGGTTTGTTCAAGCTCCAGCAACTGGCCGTTGCTGATGCCCGTCAGGGCGGTGACGGCATTGATGCCCACGTTGATCAGCAGTTTGGCCCACAGCAGGCGGCGGACATCGGGTGCCACCCGGGTCGTGATGCCGGCCCGGCATAACACCTCGGCAACCCGCTCTGCGCCAGGCATTCCAGCCGTTGACCAGGGCCCGATGATCGTCTCCCCTTCCCCGGCATGGCGGATGGCACCCGGCTTTAGAAAGGTGGCGCCGTGGGAGGTGGTCCCGGCAATAACCCGATCCGCGGTCAGGGCATGGGCCAGCGCCTCTGCATTGCCCATGCCGTTTTGCAGGGTCAGCACGAGGCCCGTTGCTCCGGCCAGCCGTGCTGCGGTCTGCGCTGCCGCAGCGGTGTGGGTGGATTTAACAAATACGATGGACAGGTCCGCCGGTCCGACCGTGTCAACGCCGGTGGTCGCCTGAACATGAACGGTGCGCCGGACGCCCTCTTTTTCGATGGTCAGTCCCCCGGCGTTGACCGCATCCACATGATCCCTGCGAATGTCAAGCAGGGTCACCGTTTCTCCGGCTTCGGCCAACCGGCAGCCAAAAAGGCTGCCCATGGCACCGGCGCCGATTACGCTGATATTCATGATACACCTCCATTGAGTCCGTTACCATCATTGAGCCAGCAGGCAACCCGGTGGTCTCCGTCCACCCCGATCAGCGTCGGCCGCCGGTTGGTGCAGATGTCCAGCCGGTGGGGACACCGGGGGTGGTAGGGGCAGCCGGGCGGCAGGGCGGCCGGGTCCGGGGGTTCGCCTTCCACCGGCACCGGCGGCAGGGTCACCAGCGGGTCCGGGCGCGGTACGGCGGCCACCAGGGCACGGGTGTAGGGATGGCGGCAACGGTCATGAAACCCGTTGGCGACGGCGACTTCCACCAGCTGGCCGGCATACATCACGGCGACCCGGTCGCAGAAATGCGTCACTACGCCGATGTCGTGGGAAATGAACAGATAGGCCAGGCCAAACTGCTGCTGCAGATCCTTCATCAGGTTGAGGATCTGGGCCTGGATGGAAACATCCAGGGCGCTGACCGGTTCGTCGGCCACCACCAGTTCCGGTCGCACGCAAAGTGCCCGGGCGATGCCGATGCGCTGGCGTTGCCCCCCGGAGAATTCGTGGGGGTAGCGGTCCAGGTCAGCGCGTCGCAGGCCCACGGTCGCCAGCATCTCGGCCGCCAGCCGCCGGCGTTCACCCCTGAAGCGTCTGGCCCTGTTGAGCAGCGGTTCGGTGACACTGGTCCCCACGGTCATGCGGGGATCCAGGCTGGCATAGGGGTCCTGGAAGATGATCTGCATCCGTTTGCGCAATGGTCGCATTGCCTGGCGTCCCAGGCTGCCGATCTCCCGGTCGTCGAAGCGGATGCTACCGCTGGTGGGCCTGAGCAGCCGGACCACCAGTCGCGCCAGTGTGCTTTTTCCGCAGCCCGATTCTCCCACCAGCCCCAGGCTTTCTCCCCGGTCCACGGAGAAACTGACGTCATTGACCGCCTTGACCCTTCCCCCGGACGGGGAAAAAAAACCGCTGCCCGCGGGAAAGTGTTTGCTCAGGTTCGTGACTTCAAGCAGGGGAGGGACGGTCATGACGGCGTCTGTGTTCCTTTCGGGACGGTCTGCAATAAAATCGCGTTTGACGGCGGACGCGTATGGATTCCAACGGCCATTTTCTTAACGCTCCTGAACTTAACACGCAACACTGATCCGTCGACCCCTTTTAAATGGTGCCACCCTGTCAATCAGAGGCCTTCTGGGGCTTTCGGAGAAGCGCCCAGTCTATTTCCGGTAAAGCCAGCAACTGACCCGCCGCCCGGGCCGGACGGTTTCCAGCGCCGGCGCGTCCTGCCGGCACCGGTCGAAAGCCGACGGGCAGCGCCCGGCAAAGGGGCAGCCGCGGATCGATCGGGTGGCGGCGGGCACGGTGCCGGGGATTTCATGCAGTCGTCCACGGCCTGCACCCAGCTGCGGCATGGATTCGAGCAGGCCCCGGGTGTAGGGGTGCAGGGGGGCGGCAAACAGGGGCCGCACCTCGGCGGTCTCCACCACCCGGCCGGCATACATCACCACCACCCGGCCGGCGGTCTGGGCCACCACCCCCAGGTCGTGGGTGATCAGCAGCATGGCCGTGTCCAGCTCGGCCTTCAACCCGGCCATCAGCGACAGGATCTGGCGCTGGAGGGTGACGTCCAGGGCCGTCGTGGGTTCGTCGGCCACCAGCAGCCGGGGCCGGCAGATCATGGCCATGGCGATCATCACCCGCTGGCGCATCCCCCCGGACAACTCGTGGGGGTACGCCCGCAGCTGCTGTACCGCCGCCGGAATACGCACCCGGTCCAGCCAACGGCCCGCTTTTTTCAACGCCTCGGTCCGCGACAGGCCCAGGTGGGCGACCAGGGGCTCGGCCACCTGCCGGCCGATGGTCAGCACGGGGTTCAGGGCCGTCATCGGTTCCTGGAAAATCATGCCGATCTTCCGGCCCCGGATGCGACGCAGGCTCTCGGGGTCGATCCGCAGCAGGTCCTTGCCATCGAAGTGGATTTCACCTGCCGCAATGC
NZ_AP021874.1_gap119	4885939	4890822	4883	GCAGGAAGTCGACGATCTCGCAGGCCGCATCGATTTCCGCCTGGTAGACGTTTTTTCCCTGGCCGAGCATGGTGGCCGCAGCCAGGGTCATGCGCCGCGGGCCGGCGATCAGATCGGCCGCCCGGTTAAAAATCGCCAGCCGATCGCCCCAGTCCATGGCCGCCCATTTTCCGGCCGCAGACGCGGCGGCCTCGATGGCCATGGCCACCTCTTTCTCGCCGGCCTGGTGAAATACGGCCAGCTGGTGGCCATGGTCATGGGGAACGACGCATCGACCCAGGTTGCCGGTTTTTACCGGCCGTCCGCCGATGATCAGCGGAATCTCGAGGGGCGTGTTCCTGAGCCGCTGCAGTTCGTCTTGGATGCGTGCGCGCTCGTCGCTGCCGGGCCGGTATTCAAGAACCGGCTCATTGACCGGCGGGTCTATGGAAAAAATGGCATTGGCCATGGCCAACCTCCTTGTTGGATTCAATCTGAAATATTCCGCCGCCAGGCACGGGATACATTTTTCCGGGGGGTCGCGACGAGGGGCAACGTGTCCGCCTCGATACGCACTGCCTGTGTGTCAGATTTTTCTGAAAACAGCGGGCAACGGCTATCACAGGACAATTAATGTGTCAATGAAGGCATAACGTAACCTGCCGCCTTGTATCCCAATACGTCTGTTCAACGCTAAGGTAAGGCAAAAGATATAGACTGCAAGGAGGGGATGCCAGCCGTTCAAAAAAAAGGCAGGGAAAATCGCTTTCCAGCAATTTTCCCTGCCACGCTTCTTGACTCGGCCTGAACCCGCATCCGGTCGGGGTCCTTCCCGGATGCAGGCAACTGAAACTGGCGACCCAGGCGGAAAACCCGCCGAAGCTGCCGGTCATAAAAAATATTATTGGTCCTGGAGTTCTTTCATGGAAAGCACATTGATTACCTTGGCGTCTTCTTTTTCAGCAACGGTGCCGGTAACGGTTACCTTTTTGCCCACCATATCGGCGGTTACATCGCTGCCCTCCAAAACATAGCTGCCGTCGGCGGCATCGAGAACGAGAACTTCGCCCTTTTCCGTGATGGTTCCGGTTATACTGTCTTCCGCCATTGCCATCCCGGAGCCGGCAACAACCACGAGAAATGCGGTCACCATGGTGACAATGATGTTTTTCTTAAATGCGTTCATCGTTATTTCCTCCCTCTTCGTGTTTTAGGTTGACCCCTCTTTTGCCCGGAGAGACCTGCTGGCCTCCCTTTTTCAACACACCCATGCTGACCCTTCAGCATTTCGGAACCGACCGACGGTGCGTTGTTCTCATTTCTCAGCAATGGACATGCCAACAAGGCAACTGTTTGTTTTAATTCCGATTTTAAAAATTGCCGTCGGATTGGTGAGTAGACGAAGCGTTTCGCTAATTGCACCGGGATGACGAAAATTGCGCACGGGCAGGATTTCTCCGGTCCCTGAATCCGTCGCCTGCGAACAGGGGTGCTAAGGATCGGTGGAAAAATGCCGATAGCACGGGTATGAATTCATTGCGAAGGGAAAGGATCGAAACCCGGGGCCTGACCCGGCGCCGGTTGTTGTGCCTGGGGGTGCTGGGGCTGGCCGGTTGGATGGCGTCGCCCATCCGTAACGTTGCCGCGGCGGTTCAAAATGACCTGGCCCTCGTGGCGGCCATCCCCCGGAAGACCCCGCGGGAAGCGCCCCTGCTGGTATTCAGGGATTTTGCGACCGATCCGGATGTCGAGGTGATACGGCACATCCGGCACGAACTGGGTCAGCAAAAGGACATGCTGGCACGGATCAGGCAGACCATCGGGTTTGAAAAGCGGGTAAAATTCTCCATGGAGGAAATCCAGGTCCGCCTGATGTACGTGCCCCAGTTGCAGGACCGCCATGCAGACGCCTATTACCGATATTGTCTGGACGTTACCGAGGCGCTCTTTCAAATGACCGGGATGGACAATTTTTATGATGTCATCACCTGTCCGAGAACACGCTTTCCGGCGGTATCGACAACCGGTAAATCGGCCTTTCTGGTCCATCGTCTGGCCAAGGCGTATCGGGCGGTATGCCGCTTCACCGCAGAATCCGGACGAAGCGTGAAAACCACCCTCAGCGGTGCGATCTTTTCCAATCACCTGGGCGCGGTCGACCTGGAGATCCAACTGATGGCGCCGGGGGAATACAGATTGACGCGCAGGCCCTTTACCATCTGGCAGAACGATACCCGCAACCTTTCCACGCTGATGTCCATCCCGGTGGAAGAAACGCTCCATTTTTACATCGGGCAGGCAACGGATCGTGAGATTGCGAACGCCATGGCGCATCATCCGCCGACAGACCTGGCTGCCGCGCAGCGCCTGGCCCAATCGTGGATGGCCGTGGAAGAGGCGGTGGTGGGCGGACTGGTGAATTCCATGCTGGCTGGTTACTGCACCCGGCGCCACGTCACGCTGCCGGGCTTTTACACCGGTGAAACCCACCCGGCCGTGCCATCACTGCATCGGTACCGGTATCGGGATCAGGGCATCCGGCTGGTGCGGGACCTTGGCTTTAAGGACGCCGTGTCCCGTTACATGGACAACCCGTCGGCATTCAGGGCGCAATTGCTGCGCCGCCCGGATGCCTGAGGTGCGTGGTCGGCGGTTTTCTGATTCTGATCAGAAACCGACTAAAAAAAGGAAGATCGCCCAGGCCGGCCGGTTGCCGGAGCGATCTTCCTTCATGCTTATCTCGAAGGGGCATCTTTATCAGCGGTTTTGGATTTTCTTCATGTAACTTTGCGCTGCAGGGTTGGTGCTTTAGGGGGTAGGCGCGAAGCATATCACGTTAAAGCGTTGCGCTCGTATCCGATTCCAATTCCCGTCCTTCGATCAGGCGGACGAGCCGCTCGGTCTCATCCCGGAGGATGGCGGTGAAGCGGCACCGATCACCGGCGTCCAGGCCCGGGTATTCCACCAGCAGGTCGGCCAGGGACCTTACGGATGTCAGTGAATTGACAAATTCGTGGGTAAACCATTGGTTCGTGGGAAGCCGGACGGTCACTTCGGGCGCCATTGAATTCATCCTCACAGGCTGAAAGCTGTTGTAAATGACAGCTAAAATTTAAATAAAAAATATCGATTGAATATGATTTATTGACATATGTAATCCAAAACATGTGCCATGTGGTAGTATGCTTAATAACTATTTGATTTTATACATAAAAAATAAGTGAGGCAGGTTCGATTATGATTGCGATGTACAATAAAAGTTGTATCGGAGCGGGTCGAAAATCGGCTTTTTGTCCGACCTGGCAGGCTGTTGGGCCTGGTTGAAGGGAGCTACAATAAAAGTTGTAACTACAAAAAAAATTGTTGCCCGTCAGGCCTCATCCGGCTTTTTTTTTCAGTCGTTTACTCAACGCCTGCTGGGAGATACCCAGAATTTTGGCAGCCCTGGACTGGTTGCCGCCGGCGCGTTGCATGGCCTCTTCGACCAGCAGATCCGTGGCTTGCCTGATGGTCGGAAGCCGGTGGGAAAAGGTGATCGGCGGGCCGGCATCGGCATTGGGCAAGGCCGGTACCGTTCCATCGGCCGACTGTTCACGGGCGATGTGGGCTTGGATGGAGTGCAGGGAGAGGGTTCCGGACCGGTGACGGCTGACGGCGTCAAAAATCATGGATTCCAGCTCACGGATGTTTCCCGGGTAGGCATAGCCGGCCATCATCGGCAGCAGTTCGCGGGGGACGGGCGGTATCGGCTTGTTCAGCCGGGAAGCGGCGTCGGCCAGAAAGTGGTCGAGCAGTTGAGGAATGTCGTCCCGTCGATCCCTCAGGGGCGGAATATAGATCCGATGGGTCTGCAGGCGGTAGTTGAGATCCTTGCGAAAACGCCCCTCGTCCAGCATCACGGACAGACGCTGGTTGGTGGCGGCGATGATTCGGGCGTTTGCCCGGCAGGCGACATCGGCTCCCAGTGGAAAATACTCACCTTCCTGCAGCAGTCGCAGCAGTTTGACCTGGGACGCCTGGGGCAGGTCTCCGATTTCATCGAGGAACAGGGTCCCGCCGTCAGCCTGTTCGATCAATCCGCCGCGGGGGGTATCAGCACCGGTGAAGGCGCCCTTGACGTGACCGAACAGGGTGTCTGAAAAAACGGTGTCGTCCAGACCGGCGGCGTTAACGGCCACGAATGCGCCCTTCAGCCCGCTCAACCGGTGGATGGTCCGGGCAATCAGCTCTTTGCCGACACCGGTTTCCCCGCGGATGAGAACCGGTTGCGACGTGGTGGCGATGGATTCCACGTACTGAAAAATCGTCAGCATTTTCCGGTTCCCGGTGATGATCTGGCGAAAGGCCTCCGGGTGTTCCAGGTCGTCGCGCAGCATGTGGCGGCGAAGCGACCGGTTTTCCCGCTGGAGTTCCTGAAAAGAGACCGCCCGGTTGACGGCCGTGATCAGCCGGTCCGCTTCCACCGGTTTGACGATGTAGTCGAAGGCCCCGGCCTTGATGCAGCGGACGGCGGTTTCCACGTCCACGGCGCCGGTGACGATGATCACCGGTACATCCGGGTAGTCACGGCGCACGTCGTCCAGCAGGCGGTGGCCGTCCACGTTGGGCATGTTCAGGTCCAGCAGCATTGCTTCGACCGGGCTGTCCTCCAGCAGGTCCATCACCCGGCGGCTGTCCTGGCAGGTGATCGTGTTGTTGAGCCCGGCCATCTGAAGGGTCGTGTCGATGGCCAGCAGGATGGATGCTTCGTCATCCACGATCAGGATCGGTTTGGGTGGGTTCAGGGAAGTACTCATGCTCGGCTGTCCGTATCTCCTGTCGATGAGGTTGGGGGCGCCAGCGGCAAGGTCACGCGAACCGTGGTGCCTTTGCCGGGGGTCGACGCAAAGCGCATGCTGCCGCCA
NZ_AP021874.1_gap120	4892108	4895208	3100	GAGGCGTTCTTTCATCTCGGGCAGGATAATCAGAAAGATGGTCATGATGAACAGCAGCACCGTCAGCATCACCGGCAGGAAAATGCGTATGGGAATGCGCCTGAGCATATTGTTGATATGCATCGTCACCATGTGAGCCCATCAGGATCAAGCCGACATCGAACGGAGAGCCAATGAAAAAAGCGTGTAGAACCGGTCGTACCAAGTTGCACCATACTCGATTGAGGACGAAAATCAATCGCAAACTTCAGGTTGCGGCGGCCGGCGTCCATGGGCGCGTCCGGAAGGATGGGCTTGTCCCCCATGACCGCTGATGGTATGATTCCGGGACAGCAGGCACCTGAACAGGAAACCCGCCGGTTTCAAGAATGTCCCTCCCGGCCTTTAAGCAGGAGACCCGGATGACGAACCACCCCTATCCCCATTTGTTTGAACCCCTGGACCTCGGTTTCACGACCCTTAAAAACAGGTCGGTCATGGGCTCCATGCATACCGGGCTGGAGGAGGCCCCCGACGGTTTCGCGCGGTTGGCCGCTTATTTTGCCGAGCGGGCCGCAGGAGAGGCGGGGCTGATCGTGACCGGCGGCTTTTCTCCCAATCCCGAGGGCCGCGTGGCCGACCACGCGGCCCAGCTGCACACCGCGGACGAGGCGGCCCGCCACCGGGCCGTCACTGCGGCCGTCCATGACCAGGGTGGCAAGATCGCCCTGCAGATCCTGCACACGGGCCGGTACGGGTTTCACAAAAAGCTGGTGAGCGCCTCGGCCCTGCAGGCGCCCATCAATATCTTCAAGCCCCGGGCGCTGTCCGAAGCGGACATCCTGGGCCAGATCGACGATTTTGTCCGATGCGCCCACCTGGCCCTGCAGGCCGGCTACGACGGGGTGGAGATCATGGGCTCCGAAGGCTACCTGATCAACCAGTTCATCGCCCCGGGAACCAACCGGCGCACCGACCGCTGGGGCGGCTGTTTCGAGAACCGGATCCGCCTGCCCCTGGAGATCGTCCGCAGGGTCCGGCAGCGGGTGGGACGGGAATTTATCATCATATACCGGCTTTCCATGCTGGATCTGGTTTCAGGAGGCAGTTCCTGGGAACAGGTGGTGGCATTGGCCCGACAGGTGGAAATCGCCGGGGCCACCATGATCAACACGGGCATCGGCTGGCACGAGGCCCGCATTCCCACCATCGCGAGCATGGTGCCCCGGGCCGCCTTCACCTGGGTTACCGGCCGGCTCAGGGGCGCGGTATCCATCCCCCTGATCACCAGCAACCGGATCAACACCCCCGAGGTGGCAGAGCAGACCCTGGCCGCCGGCCGGGCGGATCTGATTTCCATGGCGCGCCCGTTTCTGGCGGACCCGGACTTCATGCTCAAGGCGCGGCAGGGCCGGGCCGACGAGATCAACACCTGCATCGGCTGCAACCAGGCCTGCCTGGACCACATTTTCCAGGGCAGGGTGGCCAGCTGCCTGGTCAATCCCCGGGCCTGCCGGGAGACGGAATGGGCCATCACCCAGAGCGACCGGCCCAAACGCATCGCCGTGGTGGGTGCCGGCCCGGCCGGCCTTTCCTTTGCCGTCAATGCGGCCTCGCGGGGTCATCGGGTGACCCTTTTCGACCGGCAGAACCGCATCGGCGGGCAGCTGAACCTGTCGGTCCGCATTCCCGGCAAAGAGGAATTTGCCGAAACCCTGAGGTACTACCGCAGGCAACTGGCGCTGATGAAGGTGGTCGTGAGATTGAACACCCCCGTGGAAGCCGGCACCCTGAAAGCGGGGGCCTTCGATGCCGTCGTGGTCGCCACCGGAGTCGTGCCCCGCCGTCTGGATATTCCCGGCATCCATCACGCCAAGGTGATCTCCTACGTCGATGCCATTTCCGGGACGGCTCCCATCGGCGAGTCCGTGGCCATCATCGGCGCCGGCGGCATCGGCTTCGACACGGCCATCCTCGTTTCCGATGAGCGACCCTCCACCAGCCTGGACCGCGAGCGGTTTCTCGAGGAGTGGGGGGTGGACCGCGACTACCGCCAGCCGGGCGGCCTGCTGGCGGATTTTTCGGCATCGGATCGGTCATTCCGTCGTGTCACCCTGTTGCAGCGCAAGGCCGCCAAAATGGGTGCCTCGCTGGGCAAAACCACCGGCTGGATCCACCGGGCCACGCTGAAAAAACGCGGCGTGGCCATGCTCAACGGCGTGGTTTATGAAAAAATCGATGACGCCGGGCTTCATATCGTCAAAAACGGCACCCGCCGGACCATTGCCGCCGACACCATCATCGTCTGTGCCGGTCAGGAGCCGCTGCGCACGCTGGCCGAGGATCTTCAATCCGGGGATATGGCCGTTCACGTCATCGGCGGTGCGGACAAGGCCACCGAACTGGATGCCAAACGGGCCATCGACCAGGGGACCCGGCTGGCCCTGGAGATATAAGGTGACCCCACCCGCTGCCATGCTGGACCATCTCGTGGTCGCCGCCGACACGCTTGATCAGGGCTCGGCCTTTCTTCAGGCGCGTCTGGGCGTTGCCCCATCCGGCGGCGGCCGGCACGCCGCCATGGGCACCCACAACCGGGTATTGAAGCTGGGCCGGGACCGGTACATCGAGGTGATCGCCATCGACCCCGACGGGCGGCGACCCGATTCGCCACGGTGGTTCGACCTGGATGATGCGGACCGCCGGGCCCGGCTGAAAGACCGGCCCCGCCTGATCACCTGGGTGGCACGAACGGATGCCCTCGATGCGCTCGCAGAAGCGGTGTATGGACAGCGGGCTGACGTGCGGGCCATGCAGCGGGGTGACCTGAGATGGCGATTTGCGTTCACCATGGACGGGTCGCTGCCGGGCGATGGGCTGATTCCCCATCTGATCCAGTGGGCGGGTGATCGCCATCCCGCCGAATCCATGGTTGAATCGGGATGTACGCTGGTGGGCCTCGACGGAACGCATACCGACCCTGAAGCCTTTCGCAAAACAATCGCGTCCCTGGGTCTGGAAGGCACCCTCACCATTCACCCGGTTTCGGGACCACAGCCGCCGGGCCTGTCCGTACGGATAGAAACCCCTGCGGGTACAGTCATATTGGATTGAAGAAAAA
NZ_AP021874.1_gap121	5082436	5086865	4429	GAGGCGCTGTGCCGGGATGCCGGTTTGTTTCCCCATCTCCACAGCCGGCCATCCGAGTTGAGTGACAGTGAGCTGTTAAGGGCCATCACGATTCGGGAGATGGGTAAAGAACCTGCGGTGATGCTGATTGACCGGCCTGAAAATTTTTTGGAAATGGTGGACGCCGATGGAATTTTTAACCATCTCAAAAATATGATACAGTCCGGAATGCCGGTGGTTTTTTCTTCTCATAACAGCAAGATGAACGACCTGGCCAACCGCCGCTTGACGCTGGCTGGCGGTGAGATTCGGAAATGGCCCCTCTGATGGTGCGATATCAGCCCACAGCAGACAGGTGACGATCGGATGGAAACCAGCTATTCGCGCGCGGAAAAAAGTGTCGGTCTATTTGTCATCGGCATCGCGGTTTTGATGCTGACCACCGTGGTGATTCTCGGCCGGGGAAAGGACTGGTTTGCCGAGGAAGTGACTTTTTACACCAGCTTCAAGGAGAGCTACAACCTGCAGGTCAATGCGGCAGTCAAGCTTTTCAAGGCCGACATCGGCAAGGTCAAGCGAATCTCGCTGGGTGAGGACAACGTCAATGTTCAGTTGGCCATCCTGGCCAAATACGCTTCCCGCATCCGCCAGGACTCGGTGGCCGTGGTGGACAGTCCCACGCTCATCGGGTCGGAATATATCTCCATCGTCCCCGGCGCGTCCAACTCCCAGAAAATTCCCGTTGGTGGCATGATTCCGTCCATAGAAAAAAAATCCATACCGGATATACTCAAGGAATTCGAAGTTGAAAAAACAGCCATGCTGACCGTTCGGACGATCCAGGACCTCGCTGGGCTGGTGACCCTCATGAAAGACCCGAAGGGTCCGTTGCTGACCACGTTGGCCAATATCAAAAAAACCACCGCCCATCTTGAGCAGATTACCCGTGGCATCGGACAGGGGCAGGGCTCGCTGGGCTCGCTGGTGGCCTCGCGGGAACTGGTTGACGGCGTTTTGTCAAACCTGGAACGGGTCGACGGCCTGCTGGATGATCTGCGGCTCACCGCCGGCAGGGGACCGGTGCTCATGGATCAGGTCAGTGACAATCTGGCCACGATCCGAACCGCCGGCGACGGAGTGGTGGAGAATGTGCGAACCCTGAAGGATATTCTGGAGGACGTCCGGGGCTCCCTTATAACCACCCGGGCCATTTTGGCAAACCTGAAGCAGGGCAGCCAGGACATCCCCCGCGTCACCCTGACCGCCAGGGAGGGAATCCGCGAAATCCGGGAGGGGGTGGAGAATATCGACCGGGTGGTGCAGAGCCTTCAGCGCAATGTGATCATCCGCTCCAATCTGCCCGACGAGCCCTTGTCGATGGACACCGACGCCGGCGTGCGTCCCTGAGACCGCCCCCGGTCTTTCATTCCAAGCTGTCCAGCAGTCCCTTGATGCGCTCACCGGCGGTCATGCCGGATATCCAGGGGTCGGGGATGGCCGCCATGCCGTGGGCGGCCCCAAGCATCATTCCCGCGATCATTCCCCGTGCCGACGAATCCCCGCCGGCCATCACGTTTTCCACCATGGCCGTCTTGAAATCGTCGGCATGGCGCGCGATAAGGTGAATGGCGCCGGGCAGACCCGCTTCAACGCTGCACATCTGACCAAAATCGGCAATGGTGTTCCGGGTGTTCCGGTCACGGCTTTCCAGTCCCATGGCGACCATGGATGCGATGGCACTGTCTGAAAAATGCGTTTCCAGGGTCGCTTCCATGGCCGTGATGGGCGGTGTTCCCCCGAGCACGGCAAATACGGACCGGGCAAAAAATTCGGCGCTCTGGATCACCCGCTCATCCCTGTGGGTGATGGCGGTCTGCCTGCACGCCGATTGGACCAGCTGGTCAAGGTTGTCGGCAAAGATGGATACCAGTGGCGCCATGCGTGCGGCACCGGCCAGGTCATCGGAATCCGAGCCGCTCTCCGTCAGGCTTTTTCCGGCATCCATGTTTTCCAGCGTCGCTTTGGTGGCCTGGTCGAAATAGCCGCCGTAGCCGGAGAAGAAATCCCGCCACTGTCCGGCGAAACGCAGGCCGTCGAATGGGCTGCCGCTATCCAGTGATTTCAGCAACACCAGCATCTGGTCCCCGTAATGGGTGAAATCCCCGGCTTGCTTGCCCTTGTGGTAGGACGTCAGGGGGTCGTGATACCCCTCCACCCGCCCGAATTTTTTATCGATCACCCCGGTGTTATAAACCCAGTGAACGCCAAGGGATAGGGCATCGGCAACAAATGCACCCACCACAGCCGCCTTTTTGTGCGTCGTCATCGGTGTCTCCTTTTTTCGATTGGGATCAGTCAATCCTGAACGATACCATAAACCACCTCAGCGGCATTTTCAAACCATAGCCACGAAAAGCGTCCGGGTCCGCTTTACGTCGAATCCTTTCCGTTTGGCCGCTTGCGCTAAAGTTCTCCGGGGCGCGCGCGATATAAAGGAAGTGGGCGATAGCCCGGGACCGACGTATTAATTTTCAATCCGAACCGGAATGACGATGCCTTTTTTATCCATTGACCAGCTTGAGCAGGGAATGATCCTGGCGGCCGACGTGACGGATACCAACGGTCGCCTTTTACTGTCCAGAGGGCAGCCCATCGCCTCCAAGCACCTGAATATTTTTAAAATGTGGGGTGTTCCCGAAGTGCAGATACAGCATGCCGAAGGGGGCGATCCGGAGGCGGGGCCGACGGTGGATCCGGAGGCGCTGCGGCGGGTGGCCCAGGCACTTCAACCTGTATTTGCCGACAACGACCTCGCCCATCCGGCCGTTGCCGAGATTTTTCGTCAGGCGGTGATACACCGGAGTCGGCGACCCGTCGACCCCAAGCCGGACAGGTGGGCTGCACCGGCCGGCGAGGCCCCTTCACCCGCCGCCGGCCGGGACCTGCGTAAAAAAATCCGCAACCGGGACATCAAACTGCCCGAAGTGCCATCCCTTATTTTCACCCTCAACGATACCATTGCCGATCCCTTTTCATCGGCCGATGATATCGCCCAGGTGATCAGCAAGAGCCCCGGCCTGTCCGCTCTGCTGCTGAGGATCGTCAACAGTGCGTTCTATGGCTTTCCTTCACGGATCGACAGCGTTACCCGTGCCGTTACCATCATCGGGTCCAAAGAGGTCTCGGCCCTGGCCGTGGGCATTACCACCATGGAGATTTTCAAGGACATCCCCAAAGCGGTGTTCGACATGCAGGCCTTCACCCACCACAGCCTGGCCTGCGGGGTGCTGGCCCGCATCCTGGCGGCCGGGGGAAACATCCGAAATACCGAGCAGCTGTTCGTATCGGGATTGCTCCACGACATCGGCAGGATGGTGATTTTCAAATATTTTCCCGGGCAGGCCGGTCTGATGATGTCAGGTGCGTCCCCTGGCAAGTCCTCTCTTTACGATATGGAAAAGGCCGTCCTGGGATTTCGGCACACCGACCTCGCTGCAGATCTTTTTGAAAAATGGAAATTTCCCGTGGCCCTGAGTCAGAACGTGGTTTGTCATCATCGGCCGCTGGCGGCTCAGGACCCGGCAAAAGCGGCCATCATCCACCTTTCGGATATCATTGCCCACAGTCTGGGTGAAGGCAAAAGCGGCGAGTGGCGGGTGCCCGCGCTGGATACGACGGCCTGGGACAAACTGCGGATTTCACCGCAAACCCTTTCCACGATCATTCCCCAGGCGCTTCATCACCTGGGTTTTCTGATGACCATCTTCAACGGCGGTGATTGACATGCCGACAGCAAGCAGCGTCGAAGCACTGAATGCCCGTATCGACCACCTGGAAAAGAACCGGCGCTACATTCAAAATGGGCTTGAGATGGTGCTCTCCCTGGAAGATTTCTATGCGGAAGTCGGTGGGGACAACTACAGCCTCGAGACGCTGCTGCCCGAAGCCAAGCGCCGCATCGACGCGATCTTTCCTTTTGAGGTGCTGGCGTTTTACATGGTGGAGGAATCGGATTTTTCATTCCAGCCGGCCTTCTGTCATCCGCAGGAACTGGCCGATATCGTCCAGCAGGAAGTCGATTTCATGATCGATGAGGGCTATTTTGCCTGGGCGATCCGCGAGCGCCGCGGTGTGGTGCTCTCATCCAAAGACCACTCCCGCCAGTATCTGCTGCACGTGATCGCCAATCACAACCAGGTCAGGGGGATGTTCGGCGGGCTGCTGCCGGCCGGCCGGACCGCGTTGCCCGACACGGCCATGACCCTGCTTTCCATTATCCTGCTGCATGTGGCCAATGCCTCAGAGAGCATGGCTTATACCAGCCTGCTGAAAAACCAGAGCCGGATCCTGGAGCGTCAGGTGGCCGAACGGACCCGGGCGCTGACCTTGTCCCAGCAGGAGCTGCAGCAGGCCATGGAGCGGTCCAACGCCCTGGCCGAAGCCGCACAGG
NZ_AP021874.1_gap122	5091222	5094729	3507	CGGGAAGTTCGTCCGCATCGTTGTCCGACACGGCCAGGGTCCGGCGCTTTCCGCGGGAATATTCGCTCAGGGAATGCGCCAGCGTCTCTTTTCCCCGGAAGCATCGGGACTGATGGTCCGGGGAGATGTCCACCAGTTCGGGGTGTGACCGGCTGCACTGCTCGTCGGCCCAGTCACAGCGGGGCTGGAAAATGCAGCGGTCGGCGGCACGCTCGGCCGGCGGCGGCACGCGGCCGCGAATGGACCATAACTGGGTATAGGCCAGGTCGTCCGTCAGCCGGGGAATACAGCAGAGCAGGCCTCGGGTGTAGGGGTGGGCCGGTTGGGCGAACATATCGCCGATGGGGCCCTTTTCAACCATCTCACCGGCATACATCACGCACAGCCGGTCGCTGACACGGGCCACCACGCCAAGGTTGTGGGTGATGAAGATGATCCCGGTGTTGAAATCCTTTTTCAGGTCTTCGATGAGATCCAGCACGGCCGCTTCCACGGTGACGTCCAGGGCGGTGGTCGGTTCGTCCATGATCAGCAGGGCCGGGTTGTTGAGCATGGCCATGGCAATCACCACCCGCTGCTGCTGCCCGCCCGAAATCATGTGCGGGTAGCGGTTCATGACGTTGGCCGCATCGGGCATGTATACCCGGTCGAGCATCTGAATGCTGCGCTGCCAGGCCTCATCCAGGGTCATCTCCTGGTGGGTGGTGAGCACTTCGGCAAGCTGCCGGCCGATTTTCAGGGAGGGGTTCAAGGCCTGCATGGGGTCCTGGTAGACCATGGAAATCTGGTTGCCCCGGATGCGGCGGAGTTCCGCTTTGGGGCGCCCCACCAGTTCTTCTCCATTGAAGCGGATGCTCCCGCCCACCACCTTGCCGTTGGTTCCCAGAAAATCGAGGATGCCGAAGGCGATGGTGCTCTTGCCGCAGCCCGATTCGCCCACCAGGCCTACCGTCTCCTGCCGGCCAACGGTAAAGCTCACCCCGCGAACCGCGGGGACGTCACGCTTTCGTGTCTGGTAGGAGATGGCCAGGTCTTTGACTTCCAGGATCGGCGGTGTCGTGGACGGTCCGCTTGGGGTCATGGATCACCTTTCCTTGTAAGAGGGGTTCCACATCTTTCGTGCATATGCCGGAAGAGGCGTTATGGCTTAAACATACAGGTCCCTTGGTCGGCCTACTGGTAGCGCATGGCCTCTTCGCGCAGGCCGTCGGCCAGCAGGTTCAACCCCACGACGAGGGAGGCGATCGCCAGAGACGGCCACAGGGCGGCCCAGGGGCTCCCGATGAGAATGAACTCACGGCCCTTGGCCACCATGGAACCCCAGTCCGGCGATGGCGGCGGCAGGCCGAGACCAAGAAAACCGAGGGTGCCCATGGCAAAGATGGCGTAACCCACCCGCAGCATGGCATCGATGATGATAGGTCCTTTGGCGTTGGGCAGAATTTCCGTGAACATGATGTACACATCGCTCTCGCCCCGGGTCTCCGCCGCCCGGACATAGTCCCGGGTGCGGATGTCCAGCGCCAGGCTTCGCACCAGCCGGGCCACGCCGGGCGTTCCCACAATGGCAATCGCCAGCACCACGTTCACGGCCGAAGCACCGATGGCCGCCACGATGATCAGGTAGAGCAGGATGATGGGCACCGACATCATGGCGTCCAGAAAACGCATGATAATTTCGTCGATCCAGCCCCCCCGGTAGCCGCCCAGAAGTCCCAGCGTGGCGCCGAAGAGCAGAGAGGCAAACACCCCCCACAGGGCGGTTCCACCGGGGAGCCAGAAGCTGTCGGTTACCGGCAGGATGACCAGCACGATGCGGGCGCCGTAGGCCAGGCGCGACCACAGGTCGCGCCCCAATTCATCCGTGCCCAGCGGGTGGCTCCAGGAGGGGCCCTGGTTGGGCGCCTTCCAATCCTGGTCGGTGGGCCCGTAGCTGGTGACATAAGGGGCAAACAAGGCGGTCCCCACCCAGAACATCACCAGAACCAGTCCCACCAGGGCGGTTTTCGAGGCAAAGAGAACGGCCATCCCGTTTCTCAGTTTTTCAAACCGGACCCCGTCTGACGGAGGAGGGGCGTCGCCGTCCGGTTCATCCGTCTTTTGCACGTTTGAATCACTATGCATATCGAATCCTTGGATTGAGGAAGGTGTAGATGATATCGGCCACCAGCTGGGTGGACACCGCCATGAGCACCATGATCATGGTGCCGGCCTCCAGGGCGTTGATGTCCTTGTAAAGCGCTGAATCCAGAAGGTACTGGCCCAGACCCGGGTAGCCGAAGACCACCTCGACGATCACGATGCCGCCCAGCAGCCAGTTGACATGGAGCATGATGACGGTGATGGGGGCGATCAGGGCATTGCGGACGGCGTGGCCGGCCACCACCTTCCAGTAGGGCAGACCCTTGAGGAAGGCGGTGCGGATATACGGCGAGCGCATGACTTCAGACATGCTGGCCCGGGTGATGCGCAGTACATAGCCCAGTTCGATGAGCGTGAGGGTGAGCACGGGCAGCACCAGCATATCCGGTCGCTCCCAGGGCGCCTTTTCACCGAAGACGGTGGCGCCGGGGACCAGCTGGAGCCAGTGGGACACGATGAGGATGAGGAATATACCGGTGGCGAATTCGGGGATTACCGAGAACATCATGCCGCTGATGGATAGAAACCGGTCCTTGATGGATCCTTCCTTGAGGCCGGCAATGATACCCAGGACCAGGGCCAGGGGCATGACGATGACAAAAGCGATGCCGGCCAGCACCAGAGAATTCCTCAGCCGGACGAACATGCTTTTGCCCACCGGCCTTCCGGTTCGCAGGCTGACGCCGGGATCGCCGCGAATGAACCCCTTTTTCAGCGGGATGTACTGGGCGGGGCCGCCGGAGGACTTCATCCACCCCTTGCCCACCACGAAACTCCATACTTCGCGGTCGGCCCCTTTTTCCCAGAGCACGGCGTGGTTCTGCTTGTCTATGCCCCAGAAAATGTGCTTGCCGTTTTTCTGGTCGGTCCAGCGCCCGTTGTCGACCGATTCGGTGACGCTGCCATCCGGTCCGCGAACCAGGGCCACCAGGTCCTCTCCTTTCATGACCCAGCGGACCAGACGGCCGGATTCATCTTCCGCCCACCACTCTTCGTACCCCTTGTCGGTGATGATTTTTTTAAGGGGGAGCCCTACCTTTCTCGATGCGTGCCAGTCGCTTCCCACCAGCCAGTAGAGGTAGCGCTGCCAGGCGGGCTTGTCCAGCCCGATCTGGGCGAGGAAAGAGGCTTCCTGCTCCGGGGTGATGAACGCGCCCAGGATATTTTTGGCCACATTGCCCGGCGATGCTTCGGCAATCAGAAACACCGCCATGGAAACAAGGAACATGGTCAGCAGGAGTAGAAAAAAACGCCTTAGAATAAATTTGGCCATTGAATGAGGTCCCTGTCGTGTTGGTGAAAATGCGATGTCCACGGTGTCGCTGGCGGGGTCGGGGTGGACGGATGACGGGCAGGTGATGGCTG
NZ_AP021874.1_gap123	5142415	5147355	4940	TGCCGGTCTCAAACATCGTTCTTCATAAAACCAAAAAGGTGGCATCGGAAATTATAGAATGCTTTTCCGAGCACATTATCCAGTCCTTCGGAGAAAAAGCCCAAGCCTTGCCGTAAGCGTCAACAGGGGGCCGCATCGGCTTGGCTCTGAACGGCCCCCGGTTGTGTTTGCCGCCGCAATCGTCTAATTAGAAGGCATGGACAGTTCCCAGATCAAGCGGTTGTTCCCCGACGTCGATCCGGCCTCGGTCTCCCTGGTCGATGTGCTGGCCGATTTTCACGAGGGAATCATGATCACCGATGCCGAAGGCGTCGTCCTTTACATGAACGCCGCCCAGGCCCGCATCGATGACCTGGAGATCGATGCCGCCGTCGGCAAAAAGGTGACGGACCTGTATCGCGTGGACGAAGGCTTCAGCCCCACCATGGCCTGCCTGAAGGCCGGGGCGGCCGTAAAGAACCTGGCCTGCTACTACCGCACCCACCTGGGGCGGGTGGTCAATTCCATCCACAACATTTACCCGATTACCTCGGGGAAACGGGTGGTCGGCACCATCTGCTACATTACCGATTACCGCAATATCGAGAACACCTTCGATACGGTGATGCAGTCGACCCCGCCCCGCTCCGTGCCCACTTACGGGATCGCCCAGCCCGTGGATGCGGCCAAACCGAAAAAAAACGGGACCCGCTACACTTTCAGGGATATCGTCGGCCGGTCGCCGGATTTGCTCACGGCTGTCAAAGCGGCCAAACTTTCCGCAGAATCGCCGTCCCCCATTCTCATTTATGGAGAGACCGGCACCGGCAAGGAGCTTTTCGCCCAGGCCGTCCACAACCGCAGTCCCAGGAAAACACATCCCTACATGGCCATCAACTGCGCCGCCATCCCCGAGAACCTGCTTGAGGGGATCCTGTTCGGCACCTCCGCCGGCGCCTTTACCGGTGCCATCGACAAGCCCGGCCTGTTCGAGAAGGCTGCCGGCGGCACCCTGCTGCTGGACGAAATCAACTCCATGCCGCTGACCCTGCAGGCCAAACTGCTGCGTTTTCTCCAGGAACGCAAAATCCGGCGCATCGGTGCCATGGGGGAGATCGATGTGGATCTGAAGATCATCAGCTCGATCAATGTCCCGCCCCACCGGGCCATCGAATCGGGAGGGCTGCGGTCCGACCTGTTCTACCGCCTGGCCGTGGTGTTCATCCAGATACCGCCGCTGAGGCAGCGCATGGGCGACCTGAACCGGCTCGTCCTGCATTTCCTGGCCCGCAAGAACCGGAAACTGGGCAAACAGGTCTCCGGCATCGACATGAAAGTGATGGAGGCTTTCGAACAATACGCCTGGCCGGGCAATGTCCGGGAACTGGAGCATGTCATCGAGGGTGCCATGAACCTGGCCGGGGCGGCAAAGGTGATCGAACTGAGCCACCTTTCCGTACCATTGGATAAAAAAGGCGGCGGTCATGCCCTGCCGCAGCAGGCGCCCGGGGGATCGCGCGGCCGGATCCGACTGCGATTGCCGGCGGCCCGTGAAGGAGAAACCCCAGGGGGGAAAACCCTTGCGGAGATGAAGACCGACCAGGAGATGGTTTCGATCGTCAGCGCCTTGCAGGAAACCCGGGGCAACGCCGCCCGGGCAGCCCGTAAACTGGGAATCTCCCCCCAGTTGATGAATTACAAGCTCAAGCGGTTCAACATCGACCGCAAAGACTATCGATGACCGGAACGGCCCTCCTTCTTCGGCAAAAATAAAATTTTTTTTATAAAAACCCGCAATATTTTTTTCTTTACATACAAAATATTTTATTTTTGCCTGTCCCTATTTCTCGCCGTTAAACACTAATAGTACCTTAAAACAATATATTGTGTCGATTTGCATTCATGCCAAAAAGCGATGGCATATCATTTGCTGAATGTAGTTAATTGTTTGGCGAGACACCTTTTTCCCATGTACGCTTTACAGCTGAGTAATCCACAGGAGGACGCGTGAAAACCAATCAATTGCTTTATCTGAGTCAGGACGATGTGGCCAACGTCGGCCTCACCATGGCGGAGATCGTCGATGCCGTCGAAAGGGGATTTGCCGAAATGGGGCACGGCCGCGTGGAGATGCCGCCCAAGCCGGGAATTCACCCGGGCGAAGGAGGAGACAACTTCATCCACGCCATGCCGGCCTATATTCCGGCCATGCAGTCGGCCGGCGTCAAATGGGTCAGCGGCTATCCCGGCAACCATGCCAAGGGGCTGCCCTATATCACCGGTCTGCTGATCCTCAACGATCCGGATACGGGCATTCCCAAGGCGGTGATGGATTGCGCCTGGATCACCGCCATGCGCACCGGCGCGGCCTCGGCCGTTTCAGCCAGGTATCTGGCCCGGCCCGCCTCCTCGACTATCGGCATCCTGGCCTGCGGTGTCCAGGGGCATACCAACCTTGAAGCCATGAATGTCCTTTTTCCGCTGGAGAAGGTATTCGCCTTCGATCCCAACAAAGATAACGCCAGTGACCTTGCGGATTTTGCCCGCCAGCTGGGACTGAACGTCGAAATCGTCGACGATCCCAAAAAGGCGGTCGCCGGCTGCGACATCGTGGTCACTTCGGGGCCGATTCTGAAAGTGCCCCATGCCACCATCCAGGCCGGATGGGTGGATCCGGGCACCTTTGTCTCCCTGGTGGATTTCGATTCCTTTTTCTCCCGGGAGGCGTTGGGCGAGGCGGCCAAGTGGACCACGGACCACATCGGTCAGTACAACTACTACAAAGATGCGGGCGGCTATTTTCAGGACTGCCCCGAGATTTATGCCGAACTGGGCGAATTGGTGACCGGAGGAAAAACCGGGCGCGAAAATGCGGACGAAATCACCATGGCCGCCAATCTGGGGCTGGCCATGGACGACATGGCCGTGGCGCCCCTGATTTTCCAGCGGGCCGTCGAGAAAAGCATCGGCACCTGGCTGCCCCTGTGATTCGGCTGGCAGCGATACACGCTTAAAAAATCTTCCAAAGGAGGAGAACCATAATGGGAATGACAACCGATGAATTATACTTCAAACCGCGCCTTCAGGTCGTCAGCGAAGACCAGATCGCCCAGATCCATATGGCCACCCTGGACGTGCTGGAGCGCACCGGCGTCAAGATCACCCACCCCAAGGCCCTGGAAATCCTTGCAGGTGCCGGTGCCGCCGTCAACGGCGACCGGGTCAGGATTCCCGCCTGGCTGGTGGAAGACGCCATTCGCAAGGCGCCGTCGCGCATCGTGTTGGGCACGCGTACCGGCGAACGCAACGTGTTCCTGGAACGGGACAAAAGCTATTTCGGTCCCAGCCTGGACTGCGTCGACTACCAGGATCCCAGGACCCACAAACGTTCACGGTTCATCAGCGAGCACGTCAAAACCACGGCGGCCCTGTGCGACGCCCTTCCCCACTTCCAGTGGTGCATGACCATCGGCATGGCCGATGATGTGCCCGCCGACATCGCCGACCGGATCATTGCCCGCAACGTGTTCGAAAACTGCGTCAAACCGCTGGTGTTCTGCTGCAAGGACACCAACAGCATTAAAGACACCTACGAGATGGCCCTGCTGCTGTGCGGCGGCAGGGAGGCGTTCGACGCGGCCCCCACCATCGTGCATTATTCGGAACCCATTTCACCCCTGGTCTATTTTGACCCGGCCATCGAGAAGGTCATGTACTGCGCCGAGAAGGGCATCCCGCTGATCAACTTCCCGGCGCCCCAGTGCTGCGGCAGTTCTCCGGCCACCTTCGCCGGCGCCCTGGTCCAGGCCAGCGCCGAGTCCCTCAGCGGCCTGGTGGTGCATCAACTGGTCAACCCCGGTGCGCCTTTCATCTACGGGGCGTTCACCACCATCATGGACATGCGTTCCACTATTTTCTCATACGGTGCCGTGGAGATGAGCCTGATGACCGCGGCCATGGCCCAGATGGCCCAGAGTTATGGCCTGCCCTTTTTCGGCACGGCCGGCGCCACCGACGCCAAGTTCTGCGACGCCCAGGCCGGTGCCGAGGCGGCCCTGCAGATCCTTTCCGCCGCCGCCGCCGGTTCGGGCCTGGTCCACGACTGCAGCAGCTGGATGGATCACGGCTCCGTGGCCTCGCCGGAATTCATGGTGCTGGTGCACGACATCGTCGATTCGGTCGATCACTACATGCAGGGCATCCCGGTTACCGAAGAGACCCTGGCCCTGGACGTCATCCACCGGGTGGGGCCGGGTGGGCACTACCTCCAGGACCCCCACACCCTCAAGCATTTCAAGACGATCAAATATTCCGACATCTTCGAACGCATGGTCTACGATCAATGGAAGACAGCCGGTGCCAAAACGTTTGAACAGCGGCTCCAGGCGGAAACCTTGAAGAAGATGGAACACCGGCCGGAACCGCTGCCTGCTGATACCATCAAGCTGCTGGACGAGATGCAGGCCGGCTGGGAATAAGAGGTCTTTTTAAAATCAGAACCGCCAATTCACACAGGAGAAAACATCATGACCACCCAGGACATTTTCAACGCCGTGCTGGCCTTTGACGAGGCCACGGTAACGGCCAGAACCCAGGCGGAAATCGACGCCGGCACGGCCATCGACACCATATTGAACGACGGCCTGATCAGCGCCATGGACGAGGTGGGCGAGCGCTTCAGTGCCGGCGAACTCTTCGTGCCCGAGATGCTCATGGCGGCCCAGGCCATGAAGGCCGGCCTGGGGCTGCTCAAGCCCCACCTGGCCGAGGGCCAGGGCCAGAGCAAGGGGGTCGTGGTCATCGGCACGGTCAAGGGCGACCTGCACGACATCGGCAAGAACCTGGTGGCCATGATGATGGAAGGCGCCGGGTTCGAGGTGGTGGACCTGGGGGTGGACGTGGACAGCGAGGCCTTTGTCCGGACGGCGGCGGAAAAGAAGGCCGACGTGATCGCCCTGTCG
NZ_AP021874.1_gap124	5249229	5251460	2231	TTGCCGGAAAAAGAGACGAAGGGCAGACAGTCGCCGCTGTCGTCAAACCGGGTGCGGGCGTTGGCGGAAAATCCAACGCCGCCGGTATACAGGTCCATGCGTCGGGCGATCCGGGTGTAGTCGCAGTCCCTGGTGCCGACTTTAGAGACGGTGTAGCAGAAAAAGGGCACCAGGGGCATCAATCGGCTGTCAATGTCGCCGGCGCCCAGTCCCCCCGAAAAATAAAAAATGCCCGATGTGGGTTGGTCGTAGGTCCATACCGGCGGCTGAAATGGCCCCGGCGATGGCTGGATGCGCTCCACGGCCGGGGGGATGTCCTCGCGCTGCAGGGTGGGCAGGCAGTCGAGGCTTTCCTGGGTTTCCTGAAGCTTTTCCAGGGCCGCCGCATCGTTCCGGATTCGAGCCAGGTCGGCTTCGTCCATGTCGGCCAGCATGCGGGTCAGTTCAGCCGCCACCCGCTGGTTTTCCCGTTCCGTCATGGACTGGTCCGGCGCCAGGGTGAAGCGGATCCGGTGGGGGTTGTCCAGAAAACTGCGCCGGATGCGATCCTCCAGAAACCGGCCGCCGGCCAGCGCCTGCCGGAGGCGCTTAAAATCCGTATCCAGCTGGAGCATCCGCTCCGGATCACCCCCGTGCATCCAGCCGGCCGATACACCGATCAGCAGTTTAATGCCGTACGGGTACGGGGTGTTGGTGATTTCTTTGCGGTGAAATTCGATCTGGTGGATGGCTGATTCCACCAGTTCCGGGTCGATCCCCTCCTCGGCCAGGGTGGTCAGGACATCCAAGACAATCGCCTCGACTTTTTCGGCGTCCGTTTCGGATACGTCTTTCAGGCCCACCGAAAACATGGTGTCCCGGTTCTCGGCGTCATAACCGGTGCCGTCGGACAGGGCGGTGCCCAGCTGGCTGTCCATCAGGGCCTTGCGCAGCGGCGATGCGGCGTTGCCGATGAGGACCTGCTCCAGCACCGCCGTCACCAGCACCTCGTAGGTGTCCTTGATATCGGCCAGCAGCCATGCCATGCAGGCCTGGTATTTTTTTGCGGGGTCTTCGCTGCGATCCAGCGGATAGGGATAGGTAACGGTCTTCGGTGCCGTCCACCGCGGTTGTGCGGGTACATCCGTTCTCGGATCGATTCGTGAAAACCGGGTCAACACCCGTTTTTCGATGACGGCCAGGTGCGCTTCGAGGGGCAGATTGCCGTAGGTATAGAAAAAGGCGTTGCTCGGGTGGTAGTGGCGCGCATGAAAATCCTTGAGCTGCCGGTAGGTGAGCGTCGGAATGACAGCCGGGTCACCGCCGGAGTTGTTGCTGTAGGTGGTATCCGGATAAAGGGCGTTGAGCATGGCGCGGACCATGACCTGGTCCGGCGACGACATGGCGCCTTTCATTTCGTTGTACACCACACCCTTGTAAACCAGCCGGGCGTCCGCCCCTTCGCCTTCCAGGTCCAGCCGATGCCCCTCCTGCTTGAAACTCAGCTCCTCGATGCTGGGGAAAAATGCCGCGTCCAGGTAGACGTCCATGAGGTTGTAGTAGTCCTTGCGGTTCTGGGTGGCGAACGGATACATGGTCCAGTCCGAGGCGGTGAAGGCATTCATGAACGTCGACAGACTGCGTTTGAGCATGGAAAAGAAGGGATCGCGTACCGGAAACCGTTCGGATCCGCAAAGGACCGTATGCTCCAGAATGTGGGCGACGCCCGTGGCGTCCGACGGAACGGTTTTGAAGGCGACGCCAAAGGTGTTTTCCTGGTCCGTATTGCTGATATGGAGATGCCGGGCGCCGGTAGCTTCGTGCTCCAGCTGGTAGAGCCAGGATTGGATGTCCGTGAGGTAGGCTGCTTTTTTTATCGTATACCCGCCCAGCCGGTCTCCGGCGTCGATGCCGGGGTTGTTCGCGTCCGTTTTGTGGTCCATAGAGATCTCCAGTGCCTGTGTTTGGGTTTTGGCTCGTCGGGGCGGGAACGCCTATTCCACGGCTTTGTAACTGCCGCGGCTGACCCGCGTGATTTTTCCCATTTTGTTCAGTCGGAAAATAATATTGCGCAGCTTTTTGTCATCGTAGCCGGTCTGCTCCCGGATCGCGGCAATGCCGATGCCGTTCTTGCTGCGCCGGATAAGCTCCAGAACGGTTTCGGTGGCGCTTTGGGGTGCTGCGCCGTTGCCTTTTCCCACCGTGCGCCGGTTTCTTGGAGGCAATGCTTTAATGAGCTTTTCCAGCCGGTC
NZ_AP021874.1_gap125	5252604	5255470	2866	CGCCGGCAGCGGGACGCCGGTGAGAATCCGGATCCCCGTGATTCCCGGCATGACCGACGGAGACGGTAACCTGACGGCCATCGTGCGATTTGCAAGCACGCTGAAGGCCCTCGACGGCATCGATCTGCTTCCCTTTCATCGGATCGGTGAGGGTAAATACCGGCGCCTGGGGCTGGTGGACCCCATGGCCGGGGCGGCGCCCCCGTCACCGGCCCGGATGGCGGAAATCAAAGATTTTTTTGACCGTGCAGGTGTGGCGGCAACCATCGGAGGATGACCATGAACGAGCGAATCAACCGCCTGAGAACCCGGAGCATCGAGGCCCGACCCAGCCTGTCGGCCGAGCGGGCCCGGCTGCTGACCCGTTTTTACAAAAGCGGCGTTGCCCGGACCGCACCCGTTGCCGTGCAGCGGGCCATGGCCTTTGCCGCGATCATGGACAGCAAGCGGATCTATATCGGACCCGACGAACTGATCGTGGGAGAACGCGGACCGGTGCCCAAGGCCACGCCCACCTATCCGGAGGTGTGCATTCACAGCCAGCAGGATCTGGATATCATCGACGGGCGCCGGAAGGTGGCCTTCGCGGTTGACGATTCCGTTCGCCAAAGCTACCGCGAGGAGATCATCCCCTTCTGGAAGGGCCACTCCATCCGGGAGACGCTTTTCACCCACCTGCCGGAGGACTGGCAGTCCGCCTATGCCGCCGGCATTTTTACCGAGTTCCAGGAACAGCGCTCCCCGGGGCACACGGCCTGCGGGAACAAGATCTACCACAAAGGGATGCTGGACTTGAAGGCCGAGATTCGCGAATCGCTGGGCCGGCTTGATTTTTTCAACGACCCTGACGCGATGGACCGCAAAAACCAGCTGACGGCCATGGCCATGGCCGCCGACGGGCTGATCGGCTTTGCCCGCCGCCATGCCGAAACGCTCGATCAGATGGCCGATTCGGAACCGGACCCGGCGCGTAAAACCGAACTGATGCAGATGGCCGCCATTTGCCGCCGGGTGCCGGCCCATGCCCCGCAGACGTTCTGGGAAGCGCTCCAGGCGTACTGGTTCGTCCATGTGGGGGTCATTACCGAACTCAACCCCTGGGATGCCTTCAACCCCGGACGGCTGGACCAGCATCTCTTTCCGTTTTACGAGAAGGATCTCGCAGAGGGACGGTTGACCCGTGAGCAGGCCAAGGAGCTGCTGTGCGCCTTCTGGATCAAGTTCAACAACCATCCGGCCCCCCCCAAGACCGGTGTCACCGCCAAGGAGAGCAATACCTATGTGGATTTTGCCCTGATCAACATCGGCGGGGTGACGGCCGGCGGCCGTGACGCCGTGAACGAGCTGAGCTACCTGATCCTGGACGTGATCGAGGAAATGCGTCTGCTGCAGCCCTCGTCCATGGTGCAGCTCAGCAAGAAAAACCCGGACCGGTTCATCAAGCGTGCGCTCAGAATTGTGAGAACCGGGTTCGGGCAGCCCTCGATTTTCAACACCGATGCCATTGTCCAGGAACTGGTACGCCAGGGCAAAACCGTGGAGGACGCCAGGGAGGGCGGTGCCAGCGGCTGTGTCGAGGCCGGCGCCTTCGGCCGCGAGGCGTATTTTCTCACCGGTTACTTCAACCTGCCCAAGGTGCTGGAGATTACCCTGAACAACGGGACCGACCCGCGAACCGGCAACCGGATCGGTCCGCTTACCGGGGACCCGCGTGAATTTGAGACTTTCGAGGCGCTGTTCGACGCCTGGACCCGTCAGCTCCGGTATTTCATCGACATCAAGATCCGCGGCAACAACATCATCGAGCAGATCAACGCCCGCCAGATGCCGGTGCCGTTTCTCTCCCTGGCCATCGATGACTGCATCGCGACGGGGCGGGACTACAACGCCGGCGGTGCCCGCTACAACACGTCCTACATTCAGGGGGTCGGCCTGGGATCCGTGACCGATGCCCTCACGGCCCTCAAGGTGCACGTGTTCGACCGGCAGACCATCGGCATGGGTGAATTCCTCAAGATACTCGACGAGAATTTCGACGGCCATGACGATTTCCGTCGTCGGCTGCTTGACGAGACACCCCGTTACGGCAACGATGACGACAGGGCCGACGGCATCATGCAGATGGTCTTCGAGGCCTACTACACGGCGGTCAACGGCCGGCCCAATACCCGGGGCGGGGTGCACCGGGTCAATCTGCTGCCCACCACCTGCCACGTCTATTTCGGCAGCGTCATCGGTGCCCTGCCCGACGGCCGCAAAGCCGGGGCGGCCCTGTCCGAGGGCATATCGCCGGTGCAGGGGGCGGACCGCAACGGTCCCACGGCCGTGACCCGTTCGGCCGCCAAGATAGATCACATCCGCACCGGCGGCACCCTGCTCAACCAGAAGTTTCTGCCCCAGGTGCTGGCCGGCGACACCGGCATCACCAAGCTGGCCCACCTGGTGCGCACCTATTTTCGAATGGACGGCCACCACATCCAGTTCAACGTGGTGGACGGCGAGACCCTCAATCAAGCCAAATTGCATCCGGATGACTACCGGGACCTGATCGTCCGGGTGGCCGGGTACAGCGACTACTTCGTGGATTTGACAGAAGACCTCCAGGATGAGATTATCCGGCGCACCGGACATGAGGTGTTCTGAGAACATTTTTTGTTTGGTTATTGTTTTCTTCCATAAAAACAAACAGTTCAGAGATGAGAAAATAAATTGGCGTTCGAGACTATTCGCAAAAGCAGTGCACCGGAAATGGTGGCCGAACAGATTATCGAAAAAATTACCGCCGGAGAACTGGCGCCCAGCACCCAGCTTCCCTCCCAGCGGGACCTGGCCCGGATGCTGGGGGTGGGTCGGTCGTCGGTTCGCG
NZ_AP021874.1_gap126	5307388	5308348	960	TCCGCCAAGTCTGATTCGTCAACGAAGATCGAGGAAAAAAAGAAGGCTGTCCTTCTGATTTTTTCGTCTTCACTGTACCAGAGCTCCTTGAGGGGTTTGTAGGTGTCCGGTGTGGCGTACTGGGCAAACGCATACAGCGCCGCCTCCTGGACCAGGATGTCGCTGGAGTGCAGTTTGGGCTCCAGCGCTTCGGCCAGGTTCTCTTTGGCGCCGACGTCTTTCAGGGTGTCGATGGCCGCTTTCTGGATTTCGGGGTCGCTGCTGTCCAGCAGGGGCAGGACACTGGCGGCCACGCTGCTGCGGACGCTGCCGCTTGCATTCACGGTGTTGGTCGCCAGGATGCTCAACATGTTGATCTTATCTTCTTTGGGAATGGCTTCGTTTTGCAGTGTGCTGCCATAGATCTCGCTGGCCGCGGGGCTCTGGGCCAGGACGGCCAGGGCGGCGCCGGACAGCTTTCCTTCCAGCAGTGCATTGGCCAGCAGTTCATTCTGGCGGGGATCATTCTGGCGGGACAATGCCCACACCCCTGCGGCCTGGGTTTCCTCTGCCGGCGCGTCCAGGCTCTGGGCCAGGATCTGGAACGCTTCAGGGGTATCAATGGTGGAAAGAATGGCCAGCGCGTTTTTCTGGGTTTTGGGGTCCTGGGACGTTTTAACGATGTCGTCCAGCAGCGAAACACTTTCGGGTGTGGCGGCAAAAGACAGGGCCCGGGCCGCCATGGCCTTGCTTTCCTCGTAGGGTTCCGCGATGAACTCGGCGATGAGGGGCAGCAGCTTCTCTTCGTCGCCGATCATGGCGGCGGTCACCAGGGCACTTCCTTTCTGGTTAAAATCGGGATCCCGGGCTTTTTCGGCCAGAATCCGGAAAATCTCTTCTTTCAGTTCATCATCGCCGAGCGCGATGGTCCCCAAGGCATCGATGGCCTCGGACAGGAGGGCCGGGTCGTCACCGTCCAGG
NZ_AP021874.1_gap127	5309830	5310671	841	CTCTTACCGTTTGGTTTACCACCTCCCTTCTCCACTTAAACCGTGGCCAACCACTTGGGTTTACAACAACCGGTTGAATTTCCTGCCCATTGCCTCGTTGTTGAGCAGGAATTCATCCATTCTTCGTGAAACAAAACATATGTCGGCGTTCTCTTTTCAATTTTTCATGTATCCCTGAATATGACGGGGAAACATCTTTGACGCCTTATATGCATTCTTAACAGACCGGGTATTACAAATAGATTACAAAACCTGTTTTTTCTCAACATTGTCCCTGCAAGTACTCTCCACTGGCTGCGAAGGCATGGCCCGTTGCCATTTCGCCCAGGCCCCCGAAGTAACTGACGCTACAGGGGTGCTTCCATGATGCAATTTTTCAAGACCTCGGTTTCTTTCGAAGGCCGCAGTCCATATCCATATGACAGAACCGTTTTGCACCGCCTGTAGGTGGAAAGCGCTTCGGATTTAAGGCCCAGCCTGAAGTAGCAGGCCATCAGCCGCCTGTAGGCTTCTTCATCCATCCCGTCTATTTCCAGGCTTCTCTGATAGCATTCCACGGCCATTTTAAGATCATCCGCTTCTTCAAGATAATGGCCGAGCTTGCCGACACATCGCATGTACTTGCTTCTTATCCTTTCGCGCAGCACCACGGTCCATGGTTCCTGACTGTCTTCTTCCAGAAAATTTCCTTTGAAGAGGTCAATGGCTCTTCGCGACGTCTCGATGGCGTGTTCCCTCTTTCCCAGCTCCCAAAACCGGTCGGCATTTCCACACAGTCGTTCAAACTGCCAGACATCGACGGCGCAAAGATCCTGGTTCAGGGCCAGACAGCCACGCTCAA
NZ_AP021874.1_gap128	5316698	5321390	4692	TTTTCTGGTCCAGACCTTCGTGGAACCGGGTGAACGGGTGCTGCTCCAGCGGCCCGTCTACTATCCTTTTTTCAATGCCATCGAAAACAACGGTGCTGAAATTGTTTCCAGCAGCCTGATCCTCAAGGATGGGCGCTACGAGATGGATTTTGACGATTTCGAGAAAAAGGCCTCGGATCCGGCCGTCACCTTCTTCATCCTCTGCAGCCCCCACAATCCGGTGGGCCGGGTGTGGACCCGTGAAGAACTGACCCGCGTCGGGGAGATCTGTCTGAAGCACCGGGTGCTGGTGGTGGCCGACGAAATTCATGCCGATCTGATTTACCGGGGGGTCACCTTCACGCCCTTTGCCGGCATCAGCGAGGCCATGGCCCAGAATACGGTGGTTTGCACGGCTCCCAGCAAAACCTTCAACCTGGCCGGCCTGCACACCTCCAATATCATCATCCCCAACACCACCCTCAGGCGACGTTTCCAGCGGACCCTGGACCGTTGCGGTATGGGCAAATGGGCCAATCCTTTCGGTGTGCTGGCCTGCGAGACCGCTTATCGGGAAGGGGAGCCGTGGCTGGAACAGGTCATGGCCTATATCGAGGGAAACCTGGATTTCCTGCAGGCGTTCATCGACACCCAACTTCCGGGCGTCCGGGTCATCCGGCCCGAGGGCACCTACCTGGTGTGGCTGGACTGCCGGGAACTGGGGCTTGACAACCGTGCACTCAAGCGCCTGATGCTGGAAAAATCGCGGATCTTTCCGGATGAGGGCTTCATCTTCGGTCCCGAAGGGGACGGGTTCGAGCGGATCAACATCGCCTGTCCGCGGTCGATTCTCAAAGATGCGCTGACGCGGGTCCGGAAGGCGGTTACCGGTTGAACATCACAAACCCCGCCACAATCAGGGCCATGCCCGCCAGGTGGAAGGCCTTCAGGGATTCCCCCAGAAAAATGACTGCCAGGGCGGCCGCGAAGACGGGAATCAGGTTGATGAACAGGCCGGTTCGGTTGGCCCCGATGACCGCCACCCCCCGGTTCCAGCAAAAATAGGCCACGATGGACGGGAAAATGGCCACGTAGCCGATGCTGCCGGCAACGCCGGGCGTCAGCACGAAGGTTCCCACGGCCGACATCTCCCACAGGTAGAACGGCAGCAGGCCCAGGCACCCGAGACCAAAGGTGTAAGTCAGAAAACTCATGGGATGCATGTTCGGCCGTTTGGGCAAAAGGGCCGAATAGAGGGCATACAGGACTACCGCCACGACCATGATCAGGTCTCCCTGCACCAGCGCCATGTCGACCAGCGCCTGCCAGCGGCCCTTGAGGACCACCACGCCGGCGCCCACCACGCACAGGGTTACGCCGGCGGCCTGAATCCAGGAAACCCGCTCGCCGTATAGGATCATGGAAATGACGATAATGACCGCCGGCATGCTGGTCTGGATCAGGGCGCCGTTGATGGCCGTGGTGGTGTGCATGGCCATGTAGAGCAGGGTGTTGAAGCTGGTGACGCCGAAAAGGGCGAGCAGGGCCAGGATTCGCCACCCGGCCTTGGCCGTTTTCCAATCCCGTCTGACGTAGGGCCAGGTCAGCGGCAGGAGAATCAAAAAGGCCACGGCCCACCGCCAGAAGGCCAGTGCTGCCGGGGGAATCAACGTGGCCACCCCCTTGGCCAGGACGATGTTGCCCGCCCAGCACATCGGTGCCACGGCCACCATGAGAAAAGCGGGCAGGGTCGATTTGGACGTTGCATTCATGGTGGCTGCCGATCTCCGTAGAAACGGGGTATGGGGAATCGCCAGTCGATACCCGGTAACGGTCACGCCGTTGTACCCGAAGCCCCCCCGTTTTGCAAGGTGGCGGAGCGCCGTACCCTGTCCTGGCCGCGGGTCTTCCTGTCCAATCCAGTTTGCCGGTCATCCGGTGATGGACGGCCGGAAATACCGGTGCCCGCCTGATAGACGGAATGCCCCTGCCTGTCAGTCGAAGCCAGTTGCTGCGCGTACGGCTGGACCGCCGGACGTGATCCATTCGACCGACTCTGGACCAAATAGAGGATAAGAATTATTTTTTAGTTTAGACTCTTTGATAAAAAAAAGTTGCACAACCACCATTTATCATTTTATTTTTTGGTCTTATGCGCTTTAACCTGGGTCGGCCACCGCCGGTTTGTGCCTGTGTCAACGCTTGACAGGGGGTGGGTCCTTTCCTAAATTTATAGACAATCTCTATCTGCCACCATCCGTTGATTGACAATCACGATGATTCCCAGACCCATGCCACCATTATAACAAAGGAGGATCTTATGACTGAAGAGATGGCGGTCGGCTGTTCAAGGCCGACCGGTGGACCCGTTGGCGAAGAACCCGATCAGGAACCTGAAACCGCCGCGCCGCAGGCGCCCAAGGAGGTGAACTCAATGATTCATGTCGGCCAGAAAGCACCGGATTTCGTAGCCTCCGGCTATCAGCAGGGAAAATTCATCAACACCAAACTTTCCGATCACCTGGGCAAATGGGTGCTGGTCTGCTTCTACCCCGGTGATTTCACCTTTGTCTGAGCGACGGAAATTTCGGCAGTTGCCGAAAAATACGCTGATTTCAAGAAACTGGGAGTCGAGGTCATGTCCATGAGCATCGACAGTGTGTTTGTCCACAAGATGTGGGACGACCACGAACTCTCCAAAATGGTTGAAGGCGGCGTGCCCTTTCCCATGCTCTCCGATACGGGCGGCAAGGTGGGCAAGCTTTACGGTGTGTTCAACGAAGAGGCCGGTGTGGAAAACCGCGGCCGGTTCATCATCGACCCCGACGGTGTGATCCAGGGCTACGAAGTCCTCACCCCACCGGTCGGGCGCAACGTCGAGGAGACCTTCCGCCAGGTCCAGGCCTTCCAACTGGTCCGGGAGACCAAGGGCGCCGAGGCCACACCGTCCGGCTGGCGGCCCGGAAAAGAGACGCTCAAGCCCGGTCCCGACCTGGTGGGGAAGGTGTGGGAAGTGTGGAAGACGAGTATGGCCTTTGATTGAATCCGGTAACTGAATCGATTCTTTTGCCGTGGTGGGTGATACTCCGCTGTCCGCCGTGGGGTATCGCCCATCCGGTCAGAGGATGCTCCCTTTGTCGTTTTTCCTCACATCCGCCCATTTTTAACCCGTTACCATCCAAAATACCGGATCCTGGAGAAAAGAGAACCCGCGTAATTTCGAAAAAGGAATGCCGCCGGTGGAAAGTCAGCATCGCTGTTCCGGTATCCTATTGTTGCCCGGCGATGTGCGTTGACACCGAACCGGGATTACGGCATAACACCGTGAGTGCCATCCTTTTTGCAACCAGCCACCAATCAAGGGAGGAAATATCATGAAGCAGGGCAAATGCCCCAAGTGCGGGTCCGCGAATATTTACGCTTCCGAGGACCTGCCCCTGAAAAGCGGTCCCTTCGGCAGCAATTCCATTCCCGTCAGCCTGACGGCCATGGCTGCGCTGGACAATTTTGTCTGTGTGGACTGCGGACTGGTGGAAAGTTATGTGGCCGACAGGTACATGTTAGAGAAAATTGCCAAGAAATGGAAGCCGGTCAACGAAAAGGCGGATGACGAAGAGTAGCGTCTTTCAAGAGAATACATAATACAGGCGTCGGGATATAGAAGCAGGAGTCGCCTCGGGCTCAGTCATTCTTAAAAAACAGCCGGCGCGAAGCGACATCAATTCTTCCTTGCTTCTGGCTTCTGTTTACTGAATTACTGGACACACCACATACAATTGCCCATTGTCCTTTGGGCCAGGCGTCTTTATTAAAAAAGGTAATCCCATGTCGTTTCCCTTTTCCAGCAATCGCATCCGCGGTATTCGCCATTTCGGCCTGATCTCGCGTGTGCTCATCAAACACGGCATGGGTGAGATCGCCGATCGGCTGAAAGGACGAACCGGCACCAAGATCAAGTCCGGACTCCCCGATCCGGTCCGTATCCGGAAAACCCTGGAGGAGCTGGGCCCCAGTTTTATCAAACTGGGCCAACTGATGAGCACCCGCGCCGACCTGTTTCCCCCGGAGTATATCGACGAATTCACCAAGCTGCAGGACCAGGTGCCGCCGGTTCCCTTCGACGGGATTCGGCGCCTGATCGAGGCCGAACTGGGCCAGTCTCCTGACCAGCTTTTTGACAGCATCGACGAGACAGCCATGGCGGCCGCTTCGGTGGCCCAGGTGCACACCGCCCGCTTGAACACCGGGGAGAAGGTGGCGGTGAAGGTGATCCGTCCGGGGATCGAAAAGCGCATCCGCAAAGACATCCAGCTCATGTACTACTTTGCCGCCCGGTTCGAACGGGCCTTCGACCTGGGCCGCATCGTGGGGGCCGTCAACCTGGTCAAGGAGTTCGAACGCACAATTTTCCGCGAACTGGACATGCTGATCGAGGCCGGCAACATCGAGCGCTTCACCCGCAGCTTCAAGGATATCGACGAGATCTATATTCCCAAGGTGTATTGGGATTACACGGCCAAATCGGTGCTGGTGATGGAGCATATCGAGGGGGTCAAGATGGACCGCGTGGACGACATCCGGCGCCAGGGCATCGACCCCCAGGACGTGGCCATGATCGGCCTGCGCTCATTTTCCCGCCAGCTCATGGCCGCCGGCATCTTCCATGCCGACCCCCATCCGGGCAATACCCTTGTCATGCCCGACGGCCGGGTG
NZ_AP021874.1_gap129	5500712	5503712	3000	GGTGATCTTCAGGGTCCTGCCCATCCCGGTACCCAAGGTGCTGCAGGTATGGTTGTCCTTTGTTGACGTGGCGGTCTGGCAGGGAACGTTCTTGCCCACCGTGATGCCGGCCGCCTGGTTGTCGGTGGCGGGCAACCGGGGTGTGGAGCGGATGCGGGCCGCCTTGGCCGATGGGTATGCCTGAGACCGGGCCGGCACCTTCTGATCCCAGAACCGATGCCACCGGCGCACGGTCTTCTCAAGGCCACTGACGACATCTCTTCGACGGACAAGAAGTGTTCAAACGGTGAACTATGCATCGGCAGACGCGCTCGCTTTTCAGGTCAGATGCACGTTCAGCCAGATTTCGTAGGGATCGGCCCGCTTTCCGGAACCGGGTTTTCCGCCGCCGCCACCACCGCCGAAGCCGCCGCCCATACCCGATCCCTTTCCGCCTCCGCCGCCTCTTCCGCCGCCGCCCCCACGCCCCCCCCGGAGCCCATGGACGGCTGTCGCCTGGATTTTTCGGATTCCCCGTTGCCGGGCAGGATGCCGACCCCGATCTCCTTTCCGGACCCCATGTCCGCAAGGATTTCATCGACGGCAAACGGGACAATGAATTCATATACATAGCGGGAGCCATCCGGCTGGCCGACCCCGATCCCAATGCCGGTGCGCCGAACCGCTTCGACATCCATCTTCAGCGGTCCGGTCGTATCCGAATAGGTCATCTCGATCGTCGCCGGCATACGCAATTCCTGCGGTTTGGGCTCATGGTTCCCGTCGGCGCCCTTGTCTGCCGGACGGAAGTGGCTTCTTTTGCCCGGAACATAAATTCCGACGACTTTATTCTTGCCGCCATCGGGATCGAGCCAAAGGGAAAGCCCTTCGGTCGCCAGACGCATTTTCAAGTCGCGATCACCGGTGGCGAAACAGATCTGAATCGATTCGGCATCATTGGACAGACGAATGCTGGCTTTTTTGCTTTTATCGTAAAACTGGGGGCTCCCGGACCACTCGGCATCGGACCCGTCGGCGACGATCACCTGGGTATGCCATTGGCTGGTGACGTTTCGGGCGGCACACCCTCCAAACAGCAATGGCAGGAGAATCCCGATGGCGGCAATGGGTTTGCCGGGCCGGCTTTTTGTCATGATTCCTCCGATCGGTTGAACTGGTCAGCGTTCACAGGGTACCGCATCTGGGACTCCCACTGGATAGTGGTCGTCCGGACGGATCAATCGGTTACAAATTTTTTCTGTAACCGAAGCGCGCCGGGGCACGACTGAACGTCAGACAGGCAACCTACGCAAGGGAAAGGAAACGGAAGATGCAGATGATGCTGACCCGCCGGCCGTTCAGGTGGCTGGCCGTGATGGTGGCCACCTGGACGCTGGGTTTCACAACCGTCACCACGCCGGTCTGCGCGCAACCCCAAATTGCGGCCCGTCACGGGCCTGTCAGGCTCCTTCACAGGATGCCGCCCGGCCACCGGACCGTTCACGTGGGAAAATCCAGATACTACGTCCACGGCGGTGCCTTTTACGTCAGGAAACCGGCCGGTTTCATCGCCGTGCGGGCCCCGTTGGGGGCTGTGGTGGTCGTCCTGCCCATCGGGGCCATGGCATTGCTGATCGGGGGCGTCACCTTTTATGTATACCAGGATGTCTACTACCGCAGGGTGCCGGAAGGGTATGTGGTTGTTGAACGGCCGTCGGATGGGGCGGTGGCCAGACAAGCCTCTCCCGTGGTGCCGTCCCGGCAGACCGCCGGGGAAACGGTAGCCGTCATCGCCACGCTTCTCAATGTCCGCTCCGGACCCGGACGCAACTTTCCGGTGGTTCACCAGATCCGCAGGCACGACGCCCTGGTCGTTCACGGCTACGCCCCCGACTGGCTGTATGTGAAGCTGCCTGACGGCAGTTTCGGGTGGGTGATGCTCAAATTCACAACGGCGCATGAATCCAATGCCGCCGGATAGGGAGGTTTTACATGCAGATGAACGAGACACTGGAGCAGATCAGGCATGCATTGCGGGTTCTGTCGCCGGTTCTGCTTTTTGCCGCTGCCGTGGTCACGATCACCATCCTGATGGTGACCGATGCCATCTCTTTCGACGGCCGTCGCGGTCCCGATCCGGAACGGATGCTCAGCCGGCTGCAAGATGAACTGGCCCTTTCCGACGAGCAGGTACAGCAGATGCGTCCCATCCTGGAAGAACAGATGGCAACGCGCCGCAGCCTTTTCCAGGAGGTTGAAGGCCGCGGCGACCGCAGCGCCATGCGAGAAAAAATGATCAGGCTCCGCCAGGAGGCCGACCGGCAGCTGGAGTCGATTCTGACGCCGGAGCAGCTGGAGGCGTTCAGGGAAATGCGCCGTCAGAAAATGCGCGGCAGGAGAAATGCCATGGGCGGTTGAATGATTTCCGATACCCTCCTTCAGCGCCGGGGCAGACCGGAAAAAACCGTTGGGGACGACCTTGGGGTGTGCCCCGAAACAATGGGTCTGGAAATGTAACCTTTCCGGGCAGTCGACCGACTCAATAGAAAGTATCCGGTAATTCAAGACGCACAGGAGGGGACTATGGCGGTCGGCGAAACCATCTGGATGATCAGCTGCGACCCGGTTCTGATCGAACAGGTACAACTCCTCATGCCTTCCCCTGCTCTGGCATCTGGTGGGCCACGCGGGAACCGTGGTCAGCCGGGACGACCTGAGCCAGGTGTTGTACAATACCGAATACAACGGCATCGACCGTTCCATCGATGTCTACATTTCAAGGATCCGCCAGAAACTCGGCGACGATCCCTGTGATCCGGTCTACCTGAAAACGGTACGGGGTGCGGGATATCTTTTTACCGGGCCGGATAGTGCCTGAATCCAAAGGGTGCCGCCCCGGCGACCTCTTCAGGGCCTTCTTCTCCGACGCAGCTTCTTGAACGATGCCGCCTGTTCCGGGTTCAATATCGTTTCCAGCCGTCGATCCGTCTCTTCACCGATGGCCATTAGCTTTTCCCGCAA
NZ_AP021874.1_gap130	5653796	5656127	2331	TTCCGGCGATCACCAGGTTCGGGTTGGTGGAGAGCCGCTGGCGCTCGGCGCTGGGAATGGCCACGAGGTCGAGGTCTCCGGCCTCCAGGGCAGACACGCGCACGGCCCGTTCGGTCATGGGGCGGAAGATCACCTCGTCCGCATAGGCGGTCTTTTTGCCGCCGGTACCCGTGGCTTCACCCTCGCCGCCCCAGTAGTCTGCAAAGCGCTTCAGTTTGACGTGCCGGTCCGGAATCCATTCCACAAAGGCGAAGGGACCGGTGCCCACCGGGTGCTGAATATTGTCGCCCTGCCGCTCGATCTCCTCTTTGGGCATCACGCCGACGGTGTAGGGGCTGGCCAGGTTGATCAGGAACGTGGCCGTCGGTTTGGAAAGGGTCACGGTGACCCGATAGGGACCGGTGACCTCTGTTCTGGCGATGGTTTCGAACTTGCTTTTGATGCTTGAAACCGTCAGCCGGTCCAGGGTCGCCTTGACATCGTCGGCGGTCATCTCCTTGCCGTTGTGGAACTTGACCCCTTTTCTCATATGGAAGGTGTAGGCCAGGCCGTCGTCCGATACCTCCCATTTGTGGGCCAGGCCGGGAATGATGCCGAAGCCGTCGTCCACGGCCAGGATGCCTTCGAACACCTGGCGCAGCACTTCATGATTCTGCCAGCCGATCTGATGCGGGTCGAGGCTCTTGATGTCCACATTCATGCTCAGCCGAAGGGTGCCGCCCGATTGGGGCGTCATGGCGAAAAGGGAAGAGGTGTTGACAAGTAAAACCGCCAGTAGGACAATGCATAAACGCAACAGACACAATGGCACTTTTTTTTTCATGAAACCCCCTTGTTTTGCTAAGCAGTGTTAAAAGTTGTGACCTTCTTTTGATTGGGCATCGACTTCTTTTTTGGAAAATCCGAATTGTCAGGATCTTCTCAAACCTGCCGTATGTTCGAAAAGCCAGTGCGAAATTCGTCGCCGATTGAATGCAACCGGTGTGACAACCGCGTGTGATGCCAGACGCTACAAAATTGTAATGCGCAGCGACGGCTTTGGGCCATACGCTAATTAATGGTTAACTGTTTGTTTGAATAGTATTTTGTCATCTTATTGCCAATACATAAAAATCGACGGCGACAAACTGGTTATACAAAAATGTAGATAGATTCTTGTCGAAACACGTTAAAATTGACCCAATTTTTAGTGGAAAACATTAAAAATGTCAATAATTTTGTTGAAATAGAAACTATTATGGGCTATGAAAGAAACTGGTTGCACTGTTTGATTCCGGTCGGCAGTTGGGTATCGGCGCCCGGAGCGCAAAGCCATCCGACGGCAATCGCGGGCATCCTGCCGGACACGCTGTCCCCGGACCCGGAGACCGCATGCCGGATTCTGTAGACCGTTTAATTCAGTCCCATAAGGAGAAAGCATGAAACGCATTATTGTGATCGGGGTCGGCGCCCAGGGAAGTACGGTTGCCAAACGGATGAACGAGCATCCGGGGGTGTCTGAAATTATCTGTGCGGATTATGACCGCAAGGCCGCAGAGGCCCTGAGCGGATCGCTCAGCAAGGCCAAAGCCCTTCAACTGGACGCCAGTGACGTCAACAATGTCATTGACGCGGCCAGGGGATGCGACCTGATCGTCAACGGCCTGCCGCTGGATTTCAACCTCCGTGTCATGGAGGCGGCGCTGGCGGTCAACGCGTCTTACTTTGACATGGCGGGCCCCATGGAAGATATCGGTTTCGTTGAAAGTTACAAGCTGCTCTTTTCCGAATGGCATGACCGCTTCAAAGCCAAAGGGCTGACCGCCCTCGTCGGGGGCGGGTCGTCGCCCGGCCTGGCCAATGTCATGGCCAGGGAATCCGTGGAAAAGATGGACAGCTGCGAAACCATCAGTATCTTCGTTTATGAGAATGTGCTGACCAAGCGATTCACCCCCTTCTGGTGGTCGCCTGAGGTGGCTTTCTGGGATATGGCCTACAAGACCTTCCGCTATGAAAACGGCAGGCATGTCATCGATATTCCTTTCAGCCGCCCCATCCGGATGAAGCTGATGGGAATCGATCGTGAAGTGCGCATGGTGGACCATGAGCACGATGAGCCGGTCACCATGGGGCTGCTGGCCGACACGGTTCTCAAGGGAGTCAAAAATGTGGAATTCAAGTATGGCGGCTTCGGCGTGAAACTCTCCGAACTGTTTTACAAAATGGGACTGCTGTCCGACGAACCGGTGGATGTCGACGGCACGAAAATCGTTCCCATGGACCTCATTCTCAAGCTGTGCCCCCCGGCCCCGAAATATCCGGATGAACTCAAAGCCATCATCAATGACGGGG
NZ_AP021874.1_gap131	5658087	5660535	2448	TTCGGTGGGCATCTGCGACTTTGCCCAGAGCGGCCTGGCCTCCCCGGAAGGGATCGCCAATGTCTACCGCATGGTCGCGGCCAAATCCGGGAATCCATTCACCGAACAATCCTGGCGGGAACTGGGGCTGCGCGTTCTCCGGGCCGAGCGGGACTTCAACCGCCGGGCCGGCTTCACCCCCGCGGACGATCATCTGCCGCGCATGTTCTACGAGGAGCCGCTGCCGCCCCACAACAAGGTGGTGGTGATCAGTGATGCCGCCATGGAAAAGACCTTCGACTTTTGACCGCCATGGCCCTGCAGCTGACCGTCAAGCTTTACGGGACCCTGGACAAGTGGGTTCCGGGATACCAACATGAATCGGGTTGTGTGGTTCACCTGCAGGCATCGTCGACGGTGGCCGACCTGATCGGCCAGCTGGGCATCCCCCCCCGGTCGGTCGGCATTGTGTCGGTCAACGGCCGGATGGCCAGAAAAGCCGACCTGCTGCCGGACAGGGCCGTGGTGAAGGTGTTTCACCCGATTTTTGGCGGTTAAGCTCCCGCTTGACGGTTGCCCGGATCGGTTGTGCAGGATGTGCGGGTGCTGCTATAGCCCGTTGCGGCCCGCCATCGACGCCGGAACCGAATGATCGTTGCGGACCTGTCGTTATGATTCCGTTATCACCGTTTCGTATGAATCGCGCACCCGGATCTCAGAGGATATGAACCCAAACCAGAATCTCACCACCGACCAGGGCCTGATTGCAAAACATGTCTGCAAAACCTTCGGGGATGTCAAAGCCCTCGATGACGTGACGCTCGATGTGTCACCGGGGGAGTTTTTTACCCTGCTGGGCCCGTCGGGATGCGGCAAGACCACCCTTTTGCGGATCATTGCCGGGCTCGAACTGGCCGATTCGGGCCGGATTTACAGCGGTGGCAAGGACATCACCGGCCTGCCGGCCATCAAACGCCAGGTGAACACGGTGTTCCAGAGCTATGCCCTGTTTCCCCACCTGACCATCTACGAGAATATCGCCTTTGGCCTGCGTTCCCGCAAGTTTCCCGAGGCCGAAATCAAAAAACGGGTGGAGCGTCGGCTGGAGATGCTGGATTTAAGCGCCATGGCCCGGCGTCATCCCCACCAGTTGTCCGGCGGCCAGAAGCAGCGGGTGGCCCTGGCGCGGGCGTTGGTCAACGAACCCGACGTGCTGCTGCTCGACGAACCCATGAGCGCCCTGGATGCACGCCTGCGCGCCCAGGTGCAGGAAGACCTGCGGCGCCTGCAGCGCAAGCTGGGGCGGACCTTCATCCTGGTGACCCACGATCAGGCCGAAGCCCTGGTGTGCAGCGACCGGCTGGCCGTGATGCGCCAGGGGCGCGTGGTCCAGTGCGGGACGCCCGAAGACGTCTACGATAACCCCAGGGACAGCTTCGTGGCCAAATTTCTCGGCGCCGCCAACCTGATTCCCTGCACCAAGGCGCCGGGCGGCGTTCAGACCGCCTTCGGATTTCTGGCCCTGGAAAAAGAGCCCGCCTGGCAGGAGGGCACCGTGGCCATCCGGCCGGAGTGGATCGGTATCGGAGACACGGAACCCGAGCGCAACGGAATTCGCGCCCGCGTGACTGAAATCGTATACAGGGGAACCAATTTCGACCTGTGGCTGGAACCGGGGCCGCTGCGCGTGCGCACCAGTTCCTACCGGCGAATCGATCCCGGCCGGGAGGTCTGGCTGGAACTGGCTCCCAAGGAACTGGTGATTCTTGAAGACGAAACGCGCTGATTCGCTGATAACCTGGTTCGGGGAACTGACCACCCGGCAGCGGCTGCTCAAACGCGGGTCGCTGCTGTTGATGCCCGGCATGCTCTGGCTGATGCTCTTTCTGGTACTGCCCGGCCTGGTCCTGGTGGTCGTGAGCGTGGTCACCCGGGGGGCTTACGGCCAGCTGGAGTGGACGTTCACCCTGGAAAACTACAAGCGCCTGGCCGGCTTCACCCTCTTCGGCTGGACACCGGATTACCTGATGATCCTCTGGCGATCGGTGGTGGTGGCCTTTTTTACCACGCTGGTATCCGTGATCCTCTCCTATCCGCTCTGTTTTTTCATTGCCGGCCGTCCCGAACGAAGCCGCTACATGTGGCTGACCCTGGTCATCATTCCTTTCTGGACCAACATGGTCATCCGGGCTTATGCCTGGTTTCTGATCCTGTCACCGGAGATGCCCTTTGCCCGGCTGGCGGCGGTTTTCGGCTTTATCCCGGACGGCACCCCGCTTTACCCGAACGCCTTTGCCGTCTATCTGGGCATGGTGTCCATGTTTCTGCCCTTCGTCACCCTGCCGCTCTACGCCAGTGTTGAGCGGCTGGACTGGTCGCTGGTTGAAGCGGCCCAGGACCTGTACGCATCGCGATTGCGAACCTTTACCCAGGCGATCCTGCCGCAGACCATGCCGGGCCTGTCGGTGG
NZ_AP021874.1_gap132	5669775	5672939	3164	CAGACATCAATCCGGCCCATAGCTTTCGCCATGCATGTGCGGTAAGAATGCTTTGCGCCAAAGAGCCAGTCTCCGATATCAAAAACCGATTAGGTCACGAAAATATCCAATCCACAATGACCTATCTGCAAATGGATCTGACGCACAAACGAAGCATCCAGGAGCAGTTTATCCGATACAGCCAGTCGCTGCTCAATCCGGACCCCCGCCTGGAAGAATTAATCGACTGGGAAAACAAACAGGACACGTTGGCTTGGTTGGACACACTGTGACGGGGTGCGACCCGGTTCCCGACCATCTAACGGTATGTCGATGGAAGCTACATTATGTTGACTGTTTTTTGAAAAAATCACAAAATGATCCGCAATTCATTGATATCATGCAGAAATCGCATTTGGATAGACCTTGTTGAAATACATCGAAAGTTCAATGGGTTACGTGTACTCGCAACATAAGGCAAGGTATTGCAAAACCTGGTGGCTTGCGCCCTGAAAGTGGCCCTGTATTTAAATGGAGCTGCAGCAGTTGTGGCTATGTTTGGGGCAAAGCCTGAGGGAAAAAAGAACTGCTGTCGTGTCAGGCTCACTGTTTTTACTTTCAGAATTCGTAATTGCAGACTACTGATACGTTTGCGAGTGACAGGCCGAGGGTGGGAGATCGAACCCGCCTGCGATAGCTCGTGGAAGCTGCGCTATTCTGTAACTTGGAAACTTGCCAGTCATCTATTTATTTACTCCTTTTTTTAAATCGAGACATTGGTCCCCTTCCCATATTTGATTGGAAACTGATTCCAATGAAAGCCGGAAGGGTGTTCTTGATAGCGAATTATAGTGAGATGTTTAAAGGACTTGACATGCGTGCAAACAGCCATCGTGGTCAGTCCACCGGCGAAGAAATCGCCAACAGCATCAGTCACGGCGCAGGGCTAATCGGCGCGCTGGTCGGAACGCCATTTCTGGTCATGCATGCAGCAAGGCACGGAGATACCGGATTCATAGTCGGTACGAGTATTTTCGCCGCGTCCATGATTCTTCTTTATCTGGCCTCAGCGCTCTACCATGCGTGGCCAATAGGCAAAGCCAAACGCTGTTTTCGGATCATCGAGCATTCCGCGATCTTTATCCTTATCGCCGGCACGTACACGCCTTTAACCCTTGGCATACTCCGCGGTCCATTGGGCTGGACGCTCTTCGGTGTCATTTGGGGTCTGGCCATAGCCGGGGTCGTGCTGAAGGCATTCTATAAAACCGACCATCCCATAATCTCCACCTGCCTTTATCTGTTGATGGGGTGGCTTGTGGTGATTGCTGTCAAACCGTTACTTGACCGCATGCCAACTGCGGGTTTGTATTTGTTGATTGCGGGAGGACTGTCCTACACCGCTGGGGTCGCCTTTTTCGCAACCGACTCGCGGATACCCTACGGCCACCTGATCTGGCATCTATTCGTAATTGCGGGCACCACATGTCATTACTTTGTAGTCCTAAATTATGCTGCATAGACTTCAATTCCGCCTAATATATGGTCAAATATGACCAATGGTTATATGTGACCTGAAACGCTAAGCATGTTCTTCCCTCACAGCTGAAGCCTTCCAATCATATTTCTTCATTAAATCAACTTGATGCGAAAAAGAAACGAGCAGGAATGATTCGGCATGAACTTTGAGATAGCCAATCCATTAATGGATGCTTCCGGTGGTTGGAAGCAATAATCCACATATACTAAATGGTGTGATGCCCTAAACAAACAAGCATCGATGAAGCTGATCGGCTCTTTTACTAGGAGGTAAGTTATGACTGAATGGAATCAACCCCAAGGGGGATCCAAACCGACGTTGGATGACGTGCTGGAAAAAATCCTACAGCAGTTTAAAAGATTCAAAGGCGGTCCGGTCTTCATTCTTGTCGCCGGTCTGGTGGTGGTGGTCTTATGGACTGCATGGTTCACCGTTCAGCCGGAGGAGACGGGGATTGTACAGCGCTTTGGCAAGGTCATGCGCACGGCCGGCCCAGGACTGCACTTCAAATTGCCCTATGGCATCGAAAAGGTCCGTCTGCTGCCTACGGCTCGGGTGCTTAAAGAAGAGTTTGGGTTTCGGACGGTATCGGTTTCCACCGTTCCCGGTGAAAAGACCCGTTATGATACGCGAGGTGAATATAAGGACGAGTCGTTGATGCTTACCGGCGACTTAAATGTCATCGATGTTCAATGGATCATCCAATACCGCATCGAAGATCCGATCCGCTATCTGTTCCAGGTCCGCGACACATCGAAAACCATCCGCGATACCACTGAGGCGGTTATGCGCCGCGCGGTCGGCAACCGTCTGGGCAGCGATGTACTGACCACCGGACGGGTGGCCGTGGCCAGTGAAGCCAAAAACGAAATCCAGAAAATCCTGACAACCTATGAGTCCGGCGTGCGACTGGTTACCGTGGAACTTCAGGATGTGACTCCGCCGGATACGGTTAAACCGGCTTTCAATGAAGTCAACGAATCGCGCCAGGACAAAGAGCGAACGATCAATAAAGCCCAGGAACAGGCCAACCGGGAAATCCCCAAAGCTCGAGGGGTGGCTACGCAAAGCATCAGCGAGGCCGAAGGTTACGCACTGGAACGCGTGAACCGGGCCCAAGGAGAGGCCACCCGTTTTGAGGCCATATTAGGACAATATCAGCAGGCGCCGCAGGTCACGCGCCGGCGGCTGTATCTGGAGGCCATGACCGGTTTCCTGTCAGACATGAAAGGGCTCTATATCGTGGATAAGGACCAGAAGGCCATGGTGCCCTGGCTCCCATTGGAATCCAGTGGGCAACTATCAGCACAAGGGAGGCAGCCATGAAGTTTACCTTGAAAGCAGTAATCATTGCGATAGCGGTGGTGATCGTTATCGCACTCTATGGCGGTCTATATACATTGGAAGAGGGTCTGCAGGCCATTGTCGTGCAGTTTGGCCGACCTGTTGGGGAACCGGTAACCCAGGCGGGGCTGCATATGAAACTGCCTTTTGTGCAGGAGGTCCGGCGATTCGAAAAGCGTCTACTGGTCTGGGATGGCGATCCGAACCAGGTTCCCACCAAGGGGCGCGAGTTCATCTGGGTGGACACCACCGCCCGATGGCGGATTGCCGACGCGAAAAAATTTCTGGAGAATGTGGCCAG
NZ_AP021874.1_gap133	5674150	5676369	2219	TATCGAACAATTAATGGCCGAGGCCGATGAACTGGTCAAGCGGATTGATGCCGATGCCATTAAAAGCATGGAAGAGGAGCATCGCCTGCAGGTTGAAATACACGCGCAACACTTGAAAATGATCAAATCCGCGGTTCAGGACAAAATCGAAAAGAAAGGTTCATCCAAAAAAGACCACGGCGCCGAAGGCATGCACGAGGCGATCCAGGAAATTACCAAGGCCATGGGAGCGTTGAAAAAATACATCTCCGGTGATTGAGCATGCGCCGTTAAATTACAGACGAGAAAATGGAAATGGCATCCAATTCAAACAAAGATCCCATCGCTAATCTTACGGATAAGCTAAGAGACCTCTTTGGTTTCGGCGATCATCCGAAAAATAAGGACACGTTGCCGCCCAAGAGGCGTTTCAACATCTGGTATTTCCTGTTGGCCGTACTCTTTTTTTCTTATCTGCAGCCTTTCTTGTTTTCTGAAAAAGTGGAAACGATCCCGTACAGTAGGTTCAAACAAGCCATCGCCGACGGAACCGTGGGCAAATTGATCATCGGGCCTGAAACTATTACCGGAACGCTAAAGGGTTCCACCGGTCAAGCGTTCAAGACCATTCGGGTCGACGATCCAGGTCTGGCGAAGGAACTGGACGAACGCAAAATCAGTTATTCCGGACGATACGAAAACAAATTTCTGAGCAGCCTTCTCTCCTGGGTTCTCCCTTTGGGCTTTTTTTTCCTGATCTGGCGCTTTGCCATGAAGAAGATGGGGACGGGGATGGGTGTGATGTCTTTCAGCAAGAGCAAAGCCAAGATTTTCGCCGAGAGCGAGACCAAGGTCACGTTCGCCGATGCCGCCGGCATCGATGAGGCCAAAGAAGAGCTCCAGGAGGTGGTCGAATTTTTAAGCACCCCGGAAAAGTCCCAGAAACTGGGGGGCCGGATACCCAAAGGAGTGCTGCTGGTTGGCCCGCCGGGAACCGGTAAGACCCTTTTGGCTCGAGCGGTGGCCGGGGAGGCCAAAGTGCCTTTCTTTTCCATCAGCGGGTCCGAGTTTGTGGAGATGTTTGTCGGTGTAGGGGCGGCCCGCGTCCGTGATCTCTTCTCTCAGGCCGCGGCTCAGGCACCCTGTATCATCTTCATCGATGAACTGGATGGCTTAGGCAAAGCGCGGGGGATGAACGTGATGGGCGGCCATGACGAACGCGAGCAGACACTTAACCAGCTTCTGGTGGAGATGGATGGGTTCGAAACAAATAAAGGGGTCATCATCATGGCCGCCACCAACCGGCCGGAAATTCTCGATCCGGCGTTGCTGCGGCCAGGCCGGTTTGACCGGCAGGTGCTGGTGGACCGGCCGGACATCAATGGACGCGAAGCCATCTTGAAAATCCACTCCAAGAATGTGGTCTTGGGTCCCGAAGTCGACCTGCGACTGATCGCCGGCAGAACCCCTGGATTTGTGGGTGCGGACTTGGCCAACATCATCAATGAAGCTGCGCTTCTAGCGGCCAGGAACAATAAAGAAATCGTCGAACTGACAGATTTCGACGAGGCCATTGACCGGGTGGTGGCAGGTCTTCAGAAGAAAAATCGGGTGATGAACCCCAAGGAGAAGGAAATTGTCGCCTTCCATGAGTCCGGACATGCAATTGTGGCCGAGTCTGTCGAGCATGCCGATCCGGTGCATAAAATTTCGATCATCCCCCGCGGGATCGCGGCGCTTGGGTACACCCAGCAGCAGCCCACCGAGGACCGTTATCTGATGACCCGCGCGGAACTGCTGGACCGGTTGGCCGTCCTCCTCGGCGGTCGCGTGGCCGAGGAACTTGTTTTTGACGAAATTTCCACCGGGGCCCAGAACGATCTGCAGCGGGCGACGGACATTGCCCGCTCCATGGTTGCGGAATATGGCATGAGCGATCGCTTAGGACTGGTGAGCTATGAGCGCCCGCGCCAGGCGATGTTTCTCCCGGAAAGCATTTCTTCCGCTAAACAATACAGTGAAGCCAAAGGCGCCCAGATCGATGACGAGGTCTTTCGGTTTGTCGATGAAGCCCATCAGCGCGTGCGCAAAATCCTATCGGAACGGCGAATCATTCTCGATGATCTAGCCCGTCTCCTCTCGCAGAACGAAAGTGTGCAGGGAGATGAACTCAGGCAGATGTTGTCGGTCGCCACACCCGGAACGGTAACAGTACCGCCCATTGATCTGCCCGAAGACAT
NZ_AP021874.1_gap134	5729357	5733320	3963	AGGCACCCGATTTCAATCGTCGCCACAGGGTGACCTCGCTGACGCCGAGGATGCGGGCCGTTTCGCTGCGCTTGCCGCCGGTGGTCGCCATCACATGCCTGGCATAACGGGCTTCCACCTCCTTGAGCGACGGCAGGTCGGACGTGATGGTATCCACCGTCGATTCGGCATCGTTTGCCCACGCCGGCGGCAGGTGGTCGGGCCGGATCCGTTCATCACCGGCCAGGATCAGCGCAAACTCCATCCAGTTTTTCAATTCCCGCACATTGCCGTGCCAGGCATACCCATAGAGACATCGAACCGCCTCCTGAGACAGGCCCGGATGGCCGGGGTGGAATCGTCCAATGAAATGCTGCGCCAGCATGAGAATGTCCTGGCGCCGTTTGCGCAGGGGGGGGATTTCTATGGGAAAAACAGGTCGCGCCTGAACCCGCCGCTTTCTATCCGCTGCTGCAACTTCTGATTGGTGGCGGCGACAATCCGGGCGGCGACCGGAATGTGCGTGAGCCCGCCAACCGGCCTGACCTCTCTTTCGTTCAGTACCCGCAACAATTTGGCCTGCAGGTCCGGGCTGCGTTCACCGATCTCATCCAGAAAAAGCGTTCCCTCACCCGCTTCGACAAACAATCCGTCGTGATGGGTATGGGCGCCGGTAAAGGCTCCCTTGACGTGTCCGAACAGTTCGCTTTCCAGCAGCGGCTGGGGCAGGGCCGCGCAGTTGACTGCCAGGAACCGGGCGTTGCGTGCCGACGAATTGCGATGGATAAATTGGGCGATCATCTCCTTGCCGACGCCGCTTTCCCCTAGTATCAGAACCGACGAGCGGGTGGGGGCCACTTTCCCGGCGAGGGTCATGACATGGTGCATTTCACGACTGCGATAGACGATTCCATCTTCGGCACCCGGCAGCGGCCGGTCCGGAATCGGTTCAAGGCCCGACCCACTCGCTCGGGTGGGGGGCGACCCATGATCGCGCCGGGCCCGCAGCGAGATATCGGCCAGGTCGATGTTGTCCAGGGCATCCCGGGGGTAGGGCCGCAGCTGCCAGGCAAGATCCCCCCAATCGACTGCCCTGCGTCCTTCAAAAATGCAGTTCGGGTGCCCCATGGCCTGGCAATGGGTTTCGCGGACAATGACTTCCTCTCCCAGGGCGGCACTGGCGATGCCGCTGTGATCAGAGCCCGATTCCCGATGGTACCTTCGACGTCCAGTGGCCGGATGCGGATAAGAAGACCTACTCGTTGGGCTTCGGCCTCAATTTGGGGCGGTTCATTGTGGATGGGGTGGTGCAGTACATCCGGACCGAGGTCGACCGGCAGATCGGAGGGGAGAGTGAAAATCTCAATCACACCTACGGGGGTTATCCGGTTTCGGTTGATGCGAAGGGTGAGTTGTGGGGGTACGGGTTAACCGTCAGCTATAATTTTTAGGCGAAAAGTCACATGTCGTTCCGGATGCATAAGGCCTGGCACCAGTAAAACCGGCAGCGCCCCGCTTCAAAGAAAAATCATGGAGCTGGCTCCTCCACTTTGAAATGGGGCGCTGCCATTTTCAGATTCAGTCCCTGGGGTGTTTCAGATCGATCACCGGGTTTTCCAGAGGCGCAAAGCCCGATATCCGGCAGGCCACCGTGTCCCCATGGTGAATATGCACGGCGCCCGGCGTTCCCGTCGAAATGATATCGCCGGGCAACAGCGTCATCACCTGTGAATGATAGGAGACGAGCACATCGGGGGTGAATGTCATCTGATCGACGGTGTTCCGGGCATGCACGACGCCATTGATGACCGTCGCGACCTCGAGGCGGTGAACATCGCCGACCTCGTCCGGGGTCACCAGTTGCGGCCCGAATGAGAAAAAGGTGTCAAAGCTTTTGCTCATGGTCAGGTATCGCGGGTTCTGCCTGAGGATGTCCTCGGCGGTCATGTCCAGGATCGTCGTGAAGCCGGCCACGACATCGAGCCACTCATCCGGGGAGACCTCCCTGCAGCGTTTGCCGATGACGATGCCCAGCTCGGCCTCGGCGGTCGTCTTATGGGAAAGTTTGGGGATCTTGATCGTGTCGCCGGGTCCGATGATGGTGGTGCCGGGCTTCATGAAGCTGGCCGGCGCCGATGTCGGTGACTGCTCGGAAAGGTCGCTCGCATGATCGCGGTAGTTGAGACCGATTCCCCAGATTTTGGGTGGATGTCGATAGAGGGGCGCCTCGGTGCAGTGCCGGACCCTCAGGGGCAGATGGACCCCCTGGTCGAGTTCTCGCCGGCCCGTTTGTCTGTACCACTCGGTCAACGGGACGAGTTGGCCGGTTTGGAGGAGCCGGGCCATGGTTGTGGGCCATGGGGTGTCGAATGCCTCGTTCAGGCGCTGGATGGGAATCCATCCCGATTGTCTGCAGATGGCCAGCTGCATCCGGCCGTCGACAATGATGGTTGCCAATCGCATAAGTCGCTCCTCGTGACAAGCGGATCAGGGGGGGATGTCTTGCCGCCGGCAGAAAACGCCCGGTGGTCAAGGCCGATCGGTGAAACCGTCGATAACGGCACCAACGTTACAACGCCGGGGGCAATTATACAAGCGTGCCTGCTACAGGCGCTTCCGGCCGATGCCGTTGGCGCCCGGGACGCACGCGAAGCGATTCATACCCCCAGATAACGGGCTCTCAGTGCGTCATCGCCGGCCAGTTCGACAGAGTTGCCCCGCCATACGACCCGGCCGTTTTCCATGATGCAGTGGCGCTCGGCCAGTTTCATCAGCGCGTCCAGGTTCTTGTCGATTACCAGGATGGCATGGCCGTTGGCTTTCAGCATGGCCAGCGCCTGCCAGATCTCTTTTCGAACCAGGGGGGCGAGCCCTTCGGTGGCCTCGTCAAGAATGAGCAGTCTGGGGTTGGTCATCAGGGCGCGGACCACGGCGAGCATCTGCTGTTCACCGCCGGACAGCTGGTTGCCGTAGTGATTCAGGCGGTCGGCCAGACGGGGGAAGATGGACAGCACATCGTCAAGGGTATAGGGCGATTTCGCGTTTTGACGGTTGGCTGCGGTGGCCACCATGTTTTCACGGACCGTCAGGTTGGGGAAAATCTGGCGCCCCTCCGGCACCAGCCCGATGCCCAGCCGGGCGATGGCATAGGCGGGCAGCCGGTCGATGGCCCTGCCGTCAAAGACAATCCGTCCCCTGCGGATCGGTGTCAGCCCCATGATGGACCGGACCGTCGTGCTTTTGCCCATGCCGTTTCTGCCCAGGAGGGTGACCACTTCGCCTTCACGGACCGTCATGCTGACGCCGAACAGGACCTGGCTCTTTCCGTAAACGGTTTCGATCTGGTCTACTTCGAGCATCCTTTTTTCCCTTGTCCGTTCATAAATGGTAGCTTGTGGTTCAGGCCACGGCCGCAGCGATCTTGAAACCGCAGGCGTAGCAGCGCTACGTCGAGGATTTCAAGTGAGTGAGAACACCGGTCCTGGGCCGCAAGATGCTGTTTATGGACGGACAGGCGTCTCGTCGCCCAGGTAGGCCTTCCTGACCTGCGCGTCCTCGCGGATTTCACCGGGCGTCCCGCTGGCAATGGCCTGCCCGTAAACCAGCACCGTAATGCGGTCGGCCAGCCGGAAGACCGCCCCCATGTCGTGCTCCACCAGCAGGATGGTGACTTCGGTTTTCAACCGCTGGATCAACCGGGTCAGTTCCACGGCCCCCCCGGGCCCCATGCCGGCATAGGGCTCGTCGAGAAGCAGTATTTTCGGACGGCCGGCCAGGGCCATGCCCACCTCCAGCTGCCGTTTTTCGCCGTGGGACAGACTGGCTGCCGGCACGTCTGCACGGGATTCCAGGTCGACGCGCGCCATGGCCGGGAGAACCGCCTGCCGAACGGCCGGATCGCTGCCGGCCTTCCGCCAGAAGCGGAAGCTGTGTCCATGATGGGCCTGGACGGCCAGAGAGAGGTTTTCCCTGACGGTGAGCTGG
NZ_AP021874.1_gap135	5817852	5821989	4137	GGATACGGCCAGTCGGATCTGGCAGAGGGCTTGACATTTATCCGGCAAAAGACCTCTGCGGAGACCTGGAAAGAAATCAAACACCGGTTCAACCAGCATGTGGCCGGCCGTTCACCGCTGTTTGACTATGAATTCAGTCTTCAGTGCATGCAGGGCCTGTGGAAATGGTTTCACACCAAAGCCAAAGTGGTCCGGTTCGACAAAGACGGCCATCCGGAAACCATGGCGGGGATCATCATCGACACCAGTGCCAAAAAAGAATCCGATGCTGAACGGGAACGCCTGGAATTAAAGCTGCAGCGGGCCCAGAAAATGGAGGCCATCGGTACCCTGGCAGGCGGTATTGCCCATGATTTCAATAATATCCTAGGCGCGATACTGGGGTATGCCCAACTCACCCAGATGCACACGGCCGGGGATTCCCGGGTGCAGGGGTATGTGGGAAACATTTTCAAGGCCAGCGAGCGGGCAAAAGGCCTGGTGGAGCAGATTCTCACCTTTACCCGGCAGGGCAAATCCCAGAAGGTGCCCTGCGATATTGCCATCGTGCTCAAGGAAGTGGTGAAACTGCTGCGCGCCTCCATTCCCTCCACGATCGACATCATACAGAAGATTCCCTCCAGCCTGGGAACCGTCATGGCTGACCAGACCCAGATTCACCAGGTGTTGATGAACCTTTGCACCAACGCGGCCCATGCCATGGAGGCACGGGGGGGGAAGTTGACCGTGACCCTGGAGGTCCATAACGTGGATGCGCTTGAAGTGACCGCCGAGGAAGATCTGGCGCCCGGTCTCTATCTTCAGCTTTCAGTGGGGGATACGGGCACCGGCATGGACAAGGAGGTATCGGACCGGATTTTCGAACCGTACTACACCACCAAGGCAGTGGGTGAGGGAACCGGTATGGGGCTGGCCACGGTGCACGGCATCGTCAACGATCATGGCGGTCGGATTTTTGTCGAGAGCGTGAAGGGCGAGGGGTCTGTTTTCAGGGTTCTTTTCCCGGTGCTGGACAATCCGGCCGAGGCGGAGACCCGGCAATCCGTCGCCTACGCGAAAGGGTCCGAGCGCATCCTTTTTGTCGACGACGAGGACCTTCTGGTGGAGGTCGGCGTGGAGATGCTTGGCGATCTCGGGTATGATGCCGTCGGCACGACACGCGCCGCCCAGGCGTTGGAAACGTTCAAGGCCCGGCCGGATGAATTCGACCTGGTGATCACGGACATGACCATGCCCGGTATGACCGGTGATCAACTGGCAGCACAGATTCTGGACCAGCGGCCCGACATTCCCGTGATCATCTGCACGGGGTTCAGCAAGCGCATGTCCTCGGAACTGGCCTCGACCTCGGGCATCCGCGCCCTGCTCATGAAGCCGGTTACCGTCCAGGAACTCTCCCGAACCATTCGTGAGGTGCTGGATGCCGACCCCGCTTCGGCATGACGGCGTCAAGGGCCTGCAATCCGGGCCACGGTCTGTCCCGATTGGGATGGTATTATTACGTCGACCCCAAGGCGGCCGCCAGGGCGTCCAGGAACTTGTGGTTGGCCTTGTGCAGGGGCAGGCGTGCCAGCGACCGAAGGGTCACCCACCGATGGCCCCGGGCGCTTCGCAAACGCACCCGGCCGGCCGCGTGCCGGCACAGGTAGACATCCCCGGTGAGCCTGAAATGGGTATAGGCATGCCGGACCCGGGTCAATTGGCGGTCCACCTTTATGGTCAGGCCGGTTTCCGCGGTGATCAGGGATTCAAAGCCAGCCGTATCGGTTTGCCTGCGATCGGCCGGAACCGCCGGGAATTCCCACAACCCGCCCAGAAATCCCTCCATCTGCCGCTGAACCACCAGCATCTTGCCCTTTTTTACGATGACACCAATGGCCAGGTATCGATGGGGGATTTTTCGGGAAGCCTCCCGTTTGGGGTAGTCCGCCGTCGTCCGGTGCCGGTTGGCCATGCACAGGTCTGAAAGCGGGCAGTTTCCGCAATCGGGGTTTTTCGGGCGGCAGACGATGGCACCCAGTTCCATGAGGGCCTGGTTGAAGTCAGCCGGTCGCTTCGGGCAGATGAGGCGACCCGCCGGCACCTTAAAAATCTTGTGGGCATTGCTGCGGTTCACCGGGGTGTCTATCTCCAACAGGCGCGCGAGCACCCGTTTGACATTGCCGTCGACCACCGGGAGCACCCGGCCGAAGGCGATGCTCTGTACGGCGGCGGCGATGTAGTCACCCACACCCGGAAGGGCTTGGAATGCCTCCGGATCATCGGGTACCCGCCCGTTGAAACGGGACACCACCTCCCCGGCTGCCCGGTGCAGGTTGCGGGCCCGTGAATAATACCCCAGCCCCTCCCACAGCTTGAGCACCTCCTGGATGTCGGCTTCGGCCAGATGACCCGGTGTGGGAAAGCGATCCAAAAAACGGAGGTAGTAGGGGATGGCGGTGGCCACCTGGGTTTGTTGAAGCATGACTTCCGAGACCCATATGGCATAGGGATCCGATGTCTCCCGCCAGGGCAGTCGCCGTCGATGGATGGCGTACCAGGCCAGCAGCTTTTTTCGAAGGGGTTTCGCTTCCATGGATTCAACGCTCCTTTTGATCAGGTATCCGGTCAGAAACCGCAGCCTGTGTTCCGCCGGTGCTGCCTTGAGAGGGTCACCGTCCTCCATTGGGAGGGGCACGCGCAGCCGCCAGCCTGGGCATGTAACATTATTTTATCGCTTCAGCCAGATGCAGGATAAAGTATGGGCGCAATGGGGCGATAATACCTCTATACGTGCCACCTTCAGCGAAACCGAAACACCAATACCGATGATCGCAACGATGACGGCTCAGAAAGACGGCCGTTTCACCAAAAGGACGGTTGGACCATGCCGGGAATAAATGCCAGGGATTTCATAGAAGAACTGCGATTCGATATCCGTGAAAAGGATATGATCAAAGCCAAGCTGGTGCTGGCCAAAATCGGTGCCGTCGACGACGGCGTCCGTAAAATGGCCCTGTTCGAGTTGAACCGGGCGGATGACATGTTTGCGATTCCGCTGATCGTCAACCTGGTGGCTGAGCACCGGGACCTGGCACAGACCTATCCCCAAATCAAGGAAATCCTGTACGCCAAATCCCTTTATCATCCGGAGATGCTGCTTTCGCTGCTCACCCGTGAGTCCAAGCGGGAGAACCGTGTGGTGCTCGTGGAGGTGGCCGGAGAAACCCGTCTGGAAGGGGCCGCCTCCCAACTCATGGGAATCCTCAACGAAGACGACGACGAGATGGTGATCAAGGCGGTGATCGCGGCCCTGGGGTTGATTGGTGAGACGGCGGCCACCACCCCCGTATCAGAATATTTATACTCGGGGAGCCTGGAACTGACCATTGCCGCCATTTATGCCCTGGGGCAGTTGGCCAGCCCCACGGCCTTCCAGCGGCTGGCGGAAAAACTGGGAGCCGATCCGGATCTGGACATCATGATAATGGATGTGTTTGCCGCCGCCCAGAGTCCCGAGGCGATCGAACGGCTCAACGAAGCCCTTTCCTCTCATTATGCCCACCTGCGCAACGCAGCCAAACAGCGTTTGCGGGACATGGGGGGCAAAGCCGTGCCCATCCTGATCAGCAACCTGGTTCACGATGACCCGGACCTGCTCATCCACACCCTCAATGCGCTCGGAGAGATCGGGGACGAAAGCGCCATCGTTCCCATCCGCAAACTGCTGCACAACGAACCCAAGGATGCCAACGTACGCTTTGCCGCCTACGAAGCCCTGGGGCTTCTCCCGGTGGAAAGGGGCGCCTTCGCCCTTGCCCAGGGGCTGAGCGATCCGGTGGGAAATGTACGGGCGGCCGCCGCCGGGGCAATCGACCGAAACTATAACACCATGCTGGCCGCCGGACTGAAAAACCTGATCCGGGCAGGTGACAGGGAGACCCGGCTGGTCGCCGAAACGGTACTGAATGCCGGCTGTGAAACCATTTTTCTGGACCTTTTGGGCGAAGCGGGATTTGAGTCCTGCGCCATGGATTTTTTGTGCCGGGAGGCCCATCCGGATATTCGCACCCATTTTGTCGGATTGATGGCCAAAAACGGGTACGACCACCTTGCGGCCGTCGTTACCGAGCAGGCAAGCAGCACAGCGGCAGCGGC
NZ_AP021874.1_gap136	5826623	5829972	3349	GGGGCCAGTTCATCGATGCCCCGGCGGACCGGGCGCTGGTGGTGGTAAAAACCGGCGCCGCCAACCCCGGAGAAATCGATGCGGTGACCGGTGCCACCATTTCATCCAAAAGTGTGACCGCCTTGATCAACACGGCCATCGGGGACCTGCGACACCCCCTGACCGCCGATCCGGACATCGTCGGGAAAGAGAGTAAAGACAATGGCTGACCAACCGACCGCCACCGAGCGTTTTATCCAGGGCATTCTGCCGGAAAACCCGGTGTATCGCCAGCTGCTGGGATTGTGTCCCACCCTGGCGGTGACCAACAGCCTCATGGCGGCCGTCACCATGGCCGGGGCCGTCGGCTTTGTGCTGCTGTGCGCCAATGTGATCATCAGCCTGATCCGCAACCTGCTCAAGCCGCATCTGCGTATCGTGGTGTTTACCCTGACCATTGCCACCTTCGTCACGATTGCCGACCGGCTGCTGGCGGCCTATCTCTACCAGATGAGCAAAACCCTGGGGCCCTATATCCCGCTGATTATCGTCAACTGTATCATCATCTGCCGCTGTGAGGTGGTGGCCTCCAAGCAGAACCCGCTGGTTGCCGCGGCGGATGCCATCGGCCAGAGTATGGGCTTCGGACTGGCGCTGGCCAGCATTGCCGCCATCCGCGAGATACTCGGGACCGGATGCCTGTTCGGGCTTCGGCTCCTGCCGGCGGTCTGGCCGGACTGGGTGATCATGGTGCTGCCTCCCGGTGCCTTTCTCACCTTCGGCCTGCTGCTGGGAACCGTCAACTGGATCACCGCCCGCAAGGACGGCAAAAAGCTCGCTTAGGAAGAAAATGACCCCATGAACTATCTCATCGACATACTGCTTATCGCCTTGGGGGCGGCCCTGATCAACAATTTCGTCCTCTATTACTTTGTCGGCATCTGTCCTTTTATCGGCGTCTCCCGGCACGTGGGCATGGCCGTCGGCATGGGCGCGGCGGTTACCTTTGTCATCACCATCGCCGCCTTCATCTCATGGACCATCACCACCTTCGTGCTGATGCCCGGCGCTCCGCTCACCCGGCTGGCGGCGAGCCTGTTCATGCCGGCCGAGGCAGCCGCCCGGGTGGACCTGACCATATTGAGCTACATCGTCTATATTTTTGCCATCAGTTCGTCGGTCCAGTTTGTGGAGATGTACGTTCGCCGGTTTTTCCCACTGCTTTACAAGGCATTCGGCGTGTTTTTGCCCCTGATCACCACCAACTGCGCGATCCTCTTTGCCTGCCTGACCATCATGAGCCACGTGGTGGGTGCGGAAAACCCGGCGGACCGATGGGACCTGGGCCGGGCCCTGACCCTGGCTTTTTTCGGCGGCGTGGGGTTTACCATCGCCATCGTCATCATGGCCGGCATCCGGGAGGAACTGGAGTTGTGCGATGTCCCCAAACCGTTTCGCGGTGCCGCCATCACGCTGATTGTGGGGGGCATCCTGGCCATGGCGTTCATGGGATTCACCGGGGTCGATTCGGGACTCCGGAAGGCCATGACCGCCCAGCCTGCGGTGGCGGAAACGACCACGACCGTGCCGGTAGAGACCTCCCCGCAATTAAAGTCACGCATGCAACCATTGGACGCTCAACCGTCCTCAACACCGGCTGAAGACGCTGCCTCTATACGAATGGAGGGATCATGGGTTGGGTAACTATCGGACTGGCCGCCGCCACCATGCTCGGCATGGCGCTGGTGCTGTCATTCGTATTGGGATGGGCCAACCGGGCCTTTCATGTGGAAGTGGACCCGCGGGTAGATGCCGCCATCGACGTTCTTCCCGGTGCCAACTGTGGTGGCTGCGGCTACGTGGGCTGCGGTGAATATGCCGAATCGATCGTACTGGAAGGCGCACCGGTGAACCTGTGCACCGTGGGCGGCAAAAGCTGCGCGGAGGCCCTGGCCGGGGTCATGGGAGTGGAGGTCGCCGCCAGTTATCCCTGGCGGCCGGTGGTGCACTGCGGTGCCCATACGAGCGACCGGCTGGGAAGAAGCCCATACAAAGGTGAACAACGCTGCGGACCGGCCAACCTGGTGACCGATATCCAGGGGTGCACTTACGGCTGCCTCGGCTTCGGCGACTGCACCCGGGCCTGTAATTTCGATGCCATCCATATTGAAGACGGACTGGCCCGTGTGGATTACGAGCGCTGTGTGGGCTGCGGGGCCTGTGCCAAGGCCTGCCCCCGCAACATCATCACCATGGCGCCTTTCAAGAGCGACCGCATGCTGGTGGTGGAGTGCTCCAACCATGATGCCGGCAAGGATGTCAAGTCGGTGTGCAAGGTGGGCTGTGTCGGGTGCGGGGCCTGTGGACGGGCATGTGAGATGTTTACCCTGCAGGACAACCTGTCGTGTCTCGATTACGACAACTATTCCCTGGAAAATCTGGAGGCCGGCCTGATCGCCGCCAAGAAGTGTCCCCGGAACCGGCTGGTTTTCGTCGGTACGCCGTCGGATAAGGATATCCTGGCCGCTGCCAAGGAAGACCTGCCCGACATCGTCAAACCGGATTTCAAGACCACGGTCGATGATACGGAGTGGCGAGGGTAGTTTTCTATCGATTCATGAAATTCAAAAAATGCAGCATGAAGAGAGGCCTTCCTGATTTAACCGGAAGGCCTCTTCCATTTGAACCCGCTTTCCCCTTTTACACGAGTCCCTGATCGAGCATGGCATTGACGACTTTAACGAATCCGGCAATGTTGGCGCCGATAAAATAGTTGCCCGGATCCCCATATTCCGCGGATGCATCCAGACAGGTCTGGTGGATGCTTCGCATAATGATTTGGAGACGTTCGTCCACCTCTTCCCGGGGCCAGTTGAGCCGCATGCTGTTCTGGGCCATTTCGAGGCCGGAAACGGCTACGCCGCCGGCGTTGGCGGCTTTTCCCGGGGCATAGAGTATTTTTTTGTCCAGGAACCGGTCGATGGCCCCCGGGGTGCAAGGCATATTGGCCCCCTCACAAACCAGTGACACGCCGTTTCGGATCAGGTTATCGGCATCTTTCCCGTTGATTTCGTTTTGGGTGGCGCTGGGGAAGGCGCAGTCGGCCGCATGGTCCCATAAGGGATTGTTTTCCAGGGTCGAATCCGCCTCGGTATAGACCGCTGCCGAGTATTTATCGATGTATTCGCTGATTCGACCCCGCCTCAGGTTCTTGAGGCGTTTGACGTAATCCAGTTTGCCCCTGTCGATGCCGCTCTCATCGAAAATATAACCGGAAGAGTCCGAAAGGGTGACCACCTTGCCGCCCAGATCGATTATTTTTTCAACGGTATATTGGGCCACGTTGCCGGAACCCGAAACCAGGCAGGTC
NZ_AP021874.1_gap137	5913773	5917836	4063	TCGCCGGTGCGCGCCGTGGCGATCATGTCATGACATGAATTAGGCTCGCAAATTACAACCCGTGATCCGATCCAGAAAATGCCTAAACGTCAATTTATCCATACATTTTCAGGGCCTGCGAAAGAGTGAGTGACCCCAGCCTTCATTATGGGGCCGCTGATAGCCGATCTTGGCTTTCGTTCCTCAACCCGACCTACGAAACCTACGGTTCAGATAACGCGTCTGGAATTTGAAAGAGGAATAGAACGTGAATGTGAAATATTTATTTAATGCAGAAGGACCGTCGAAAAAATAAATTGCACCATTTGGCTCGCCTATTGGCCCGGCGTCCGTGATTTACCAAAGTGGCATCAACAGCAAGGCAAAGGATAGCCAATGAGCCGTTATAATAATCGATTTATTCACCCCCGTTATACTCTTTTCATTGGGCTTATCTTATTCATCTTAATGGCCGTCTCGGCTTATTTTGAATTTCGGCAGCGCCGCCTCGAATTGATGCAAATGCACAAATACGAGGGGTTGGCACTGCTGGAAACGATCAAACAAAGCATCGCCAACTCCATTGCAAGCCAATCAGAATCAAAAGAACAGATCGCCGAACGGCTGTTTAACAATGCCCGTTTGCTGCGTGAAATTGAAATTCATCAGCCGCTAACCCACTCCCGGCTGAAAGACATAGCCGCACGAAACAATCTATACCGGATCAACGTTTTTAATTCCAAGGGCGATAAAGTAGCGTCCAATGTCAAGCATGATACACACAACGCCAGGGAAAGACACCGTCCGAGTGCCTTTTTCCAGCCCATCCTCGATGGCAAGGTGCAAGAAATCGACATCGGCCTGAAACAAGCGCGCCATTATAAGGGAAAACGATATGCCGTGGCGGTAAAACGACACCATGGCGGTGTTATTGTCGTCAATATCAACGCGGCGGAGATGCTGTCGTTTAATAAACGCATCGGTATCGCCAAACTGTTTGCAGACATCGGTGGCAGAGGAGAGTTGAAGTATATCGTTTTACAGGATGAGGACGGCATCATTGCCGCCACACCCGGTGTTGGAGAAATGGCCTCAATGGAAGCGGACGATTTCTTCAGTGCCGATTCCGTCCAAAGCCGCATCGCGCGTTTCAATGACCAAGAGGCACTCGAAGTTATCAGCCCCTTTGGAATACAAGGCAGTCCCACGGGGATACTTCGAATCGGCTTGCATTTGGATGAGATTCGCGCCTTGGAAAAACGAATGCTTCAGCGGGCGGTAATCATTTCAATCGGGATTATTCTCATAGGGTTTATATCAATCAGCGCAGTTGTCATCAGTCAAAATTATGCTTTTTTGAAGCAGGAACACGCGCTGATCCAAACATATACCGGCAACATTTTGCATGCCATGAGCGACGCCGTGTTCGGGGTCGATGCACAGCAGTCGATAAAATTTGCCAACCGGGCGGCTTTGCACATGCTTCACCTCGATCAAAACCAAGTCACCGGTCACCGGTACGCTGATTTCTTTGGGGATTGTCAGTCTATCGTGACCGCCTTGGAACAGAAGCAAAAAATAGAAAATGCAGAACAGAAGATGCAGATCAAAGCCTTGAACCGTCTAATTTTTGTTTCGGCCAGTGTCTCTTTTGTCATGGGTGAAACCGGTGAAATAGATACTGGCGTTATATTGTTGCGTGACCAAACCAAACAAAAGCAGTTGGAAGAACAGATTCACCGTCAGGAGAAATTAACGGCCATGGGCGAGTTCGCATCGGGCGTTGCCCATGAAATTCGAAACCCGCTCAACGCCATCAGCATGATTGTGCAGCGCTTCCAAAAAGAATTTGAACCCAAAACAGACGCGGATGAATACTTTGACCTGACCCGAACCGTTCGTTCTGAAATCGACCGCATTGGGAATATTATCCGGCAGTTTTTGGAATTTGCCCGTCCGGCGAAGCTAAACAAGAGGCCCATTGCGGTTGATGAGATGATCATGCAAAGTATCAACGTCGTCAGGGCTCAGGCCGAAGCCCAGCATATCCGGATAGCAGCGGGTGTCGATGCGCAAGCCGTTATTAACGTTGACAAGAACCAATTTCACCAAGCCCTGCTGAACCTTCTGCAAAACGCCATCGAGGCGGTGGGTATGGGCGGGACGATTTCGATCAGCGCCATGCACATCGACCAACACATTCGTATCCGTGTCCAGGATGACGGCGCAGGGATTCCACAGGAGCAACAGAAACGAATTTTTGATCTAAATTTCACGAGCAAACCAACCGGAATGGGCTTGGGCTTGGCGCTGGTCCATCGCATGGTAACCGAGCATGGCGGCGACATAGCGGTGCAAAGCAAGCCGGGGGAAGGGACAACCTTCACGCTCATCCTCCCAATCGAAGACCCACAATCAAGCAGGAGAAGAGATGAACCTTCTGATCATCGATAATGAAAAATCCCAGCGCGATTCGTTGGCCGGTTTTCTGAAAAAGAGAGGCCACGCATTGGCTACCGTGTCGGCGGGGGAGGCCGGCATTGCCTATGTCGAAAAGCACCAGGTCGATGTGGTACTGACCGATTTTCGGATGCCGGACAAAAGCGGAATGGAAGTCCTGGAAGCGATCAAAGCGCTTAACCCCGTCGTTGATGTGGTGCTGATAACCGCTTACGGCACTATCGAAACCGCCGTAGAGGCAATGAAAAAAGGTGCCTTCGACTATTTGACCAAGCCCATTGATCTGGATGAACTGGAACTCCTGCTGGCAAAAATAGAGAATCATCGCAATTTAGTATCCGAAAATGAACGGCTGCGCGAACAACTCGCCGAACGCTACCAGCTGCATAACTTGATCTTCCAGAGCCGGGAGATGGCTAAGGTGGCCAGCACGGTGGCACGTATTGCGCCTACGCGGACGACCGTATTGATCAGTGGGGAGAGTGGAACCGGCAAGGAAGTTCTGGCCAAAGCAATTCATTTTGCAAGCCCCCGCAAAGATCGATCCATGGTGACGGTCAATTGTGCCGCGCTTTCCGATACCCTGCTTGAAAGCGAACTCTTCGGACATGAGAAAGGCAGTTTCACGGGTGCGGACCGACAGCGTATCGGCCGTTTTGAGCAGGCGCACAACAGCACTCTGTTTTTAGATGAGGTGGGCGATATTCCTCCAGCCACCCAAGTCAAATTATTGCGCGTGCTGCAGGAGCGAACGATCGAACGGGTTGGCAGCAACCAGCCCCTTGAGGTCGATGTGCGAGTAATTGCGGCGACCCACCGATCTCTGGATCAGATGATGAAGGAGGGGACCTTTCGGGAAGATTTGTACTTTCGTTTGAATGTCGTCGCGATCGATATCCCCCCCCTAAGCGGCCGGCGCGATGATATTCCGCTCCTCATGGATCGTTTTTTGATCCGGTTTGGCGAGGAGAACGCACGCGGCAACATGCAGTTTTCCAAAGAAGCTTTTGACCTATTGATGAAATACGATTATCCCGGCAATATCCGTGAGCTTGAAAATATAGTCGAACAAGCGGTTGTTTTAGCGCGCGGTAATGTTGTCACCTCGGCCGAATTACCCTCCACCGTCCGTCAACTGCCGCTGGAAAATAAACCGGTGTTTTCCTCGTTGAGCGGTTCATTTGCCGAACAGGTGGCCGCCTTCGAGCAGGGATTGATCCGACAAGCGCTGGCCGGAACCAAGGGGGTTCAACGCCGCGCCGCCGATGTGCTGGGTATGACCGAGCGGCATCTGCGATATAAATTACAGAAGTATGGGATGAAAGACTGAAATATGGATGCTATCACAGTTTCCTCCTTTCTTCTCAAAATAGGTTCAATTCCGGAATGAGGAAGTGCCTGCGACCATATCGTCGCACCGGCTGCGCCCATTTCGTCGATTTCAAATCCCGAATTTTCTTCTATCTTGTCCCTCCCCCAACGGTAACCGGCACATATTTATAAAGATAGTTCGCTTCAAGCCAGTGCGCTATTTTGTTGGAACACTTCATGCTCCTCCATAACTTGACCGATGATGGCGTTTTCCCTCGGCCGATTTTGCTCCGTCCTATCCAGAGTCGGATTT
NZ_AP021874.1_gap138	5923376	5928084	4708	CGCCGATGCGGTGCGCATCTCCATGTCCATTCCGCTCTTTTTCGCCGCCTTTCGAAACGCCCGAAACGATGTATATGTGGACGGCGGCCTGCTGAATAATTTTCCGGTCAAGCTTTTCGATCGCGACAAGTACATCGACCCCGCCCAACGCGCCAAAATGGGGGTAGAGACCGAGTATTACCAAGAGGAAAACAAGCGTTTCCTGAAGTCCCACCCCTCCTCGAGCCGGTATGTCTACAACAAGCAGACCCTGGGCTTCCGCCTGGATTCGAAGCAGGAGATCGGCGTTTTCCGGGACGGCGCCGAACCCCAGCACGCCAGCATTGCCGACTTTTTCGATTACATCAAGGCGCTGATCGGCACCGTCCTGGAAAGCCAGCTGAACAGCCACCTGCACAGCGACGACTGGCAGCGGACGATATACATCGATACTCTCGGCGTGGGGACCACCGACTTCGACCTTTCCGAAACCATGAAGACCAAACTGGAACAGTCCGGGCGGAAAGGCGCCAATCATTATTTCGACTGGTATGACAAGAAGAGCAGCAAGCCAGCCAACCGGCCCTGACCGCTTGCCTGGCCTGCCGTCAAAATTTCGCATGCCCGGATCGGTCCCGGGATTTGAGAACTCACCAAGAGCGCCCGGCGGTTCCCCGCCGCCGGCGATGGCCGGCCATTGCTCATCCCTGCCCGCAAAATGACCCTGGTCATTTATTGTAAAACTTTTGTCAACCGGCCACACCCACCTTGTCACCACTTCTCCTATACCATAGAAATACGCTTCAGGAAGGTCTTTACCCGTCAAAGATGAAGGATTGCGGAGTGATTCATATGTCTAAATCATTGATCCATGGGGTTCGCGGCGTATTATCGATCCTGTTTTATACCGTCAACACAGTGGTCTGCTGCACCGCGCTTTTTATCGTCGCCCTGTTCAAGCTGCTGCTGCCGGTCAAACCGATCCAGACCGGCTGCCGGCGGCTCCTGACCGCCATTGCCAACTGCTGGATCGGCGTGAACAACCTGAACCAGCGCCTGTTCAACGGCATTCACTGGGATGTGCAGGGCCTGGACGATCTCGATCCCAAAGGGTGGTACATGGTGGTGGCCAACCACCAGTCATGGGTGGACATCCTGGTTCTGCAGAATGTGTTTTACCGCAAAATTCCCTTCTTGAAGTTTTTCCTCAAAAAGGAACTGTTCTGGTTCCCCTTGCTGGGTCAGGCGTGGTGGGCGCTGGATTTCCCTTTCATGAAACGCTACTCGAGGCAGTTTTTGAAAAAGCACCCTCACCTGATCGGCAAAGACCTGGAAATCACCCGACGGGCCTGCGACAAATTCAGGCATATCCCCGTGTCGGTGATGAACTTCGTCGAAGGCACCCGCTTTACCCGTGAAAAACACGCCCGCCAGCGGTCGCCGTACACCCATCTGCTGCGTACCAAGGCCGGCGGCATGGCCTTCGTGCTGGCGGCCATGGGCGACAAACTGCAGCAGATCGTGGATGTGACCATTGCCTATCCCCAGGGTGCGGCCAGTTTCTGGGATTTTGTCTGCGGGCGGGTCAAAGAGGTCAAAGTGCGCGTGAACACCCTGCCCATCAACAGCGAACTGATGGGAGACTACCTTCAGGACCCGGAGTTCAAAAGGGATTTCCAGAACTGGCTCAACTCCCTGTGGCACGAAAAGGACCGGCACATGGCAACGATGCTGGCCTCCTGAACCGCATTTTCAAATATGGTGCCGGCCAGAAAATGCCGTTGCCGGCAGACACCCCGCTTCACATCGCCCTGCCGGGTTCCGATTGGCCACCCACTGCCGCGCTGCGCCCGGGTGCACCCGCCGTCAGGGGGCGGAACCCGTTCGCTGACCCCCGGATCCGCCGGTTTTCATGAAACGCCTTGACATTGTCCAAGCCCACCCATTAAGTTAACCCCCTTCATCCTTTTTTTGTGCGGCAAGGATGCCGTTGCCCGTTGTTGAACGGCACTCCCTTTTCCCCCCAATCAGTCAAGGAGATGAACCATGGTCGAATTCAAGTATGACGAATTACTCCCCCTGGGCGAAGATGATACCGCCTACCGGCTGCTCACCACCGAGCATGTTTCCACCGCCCGGTTCGAGGGGCAGACCGTTCTCAAGGTTGCGCCCGAAGCCCTGGAACTGCTTGCTGAGGCTGCCTTCAAGGATGTCTCCCACCTGTTGCGGCCGGCCCACCTGGCCCAGTTGGAGAAGATTTTCGACGATCCGGAAAGTTCGGACAACGACCGTTATGTGGCTCTGGAGATGCTCAAAAACGCCGTGATTTCCGCCGAAAGGGAATTTCCCATGTGCCAGGACACCGGCACCGCCATCGTCATGGGAAAGAAGGGGCAACAGGTCTGGACCGGTTTCAGCGATGAAGAAGCGCTTTCCAAAGGGGTCTTCAACGCCTATACCACGGCCAACCTGCGCTATTCCCAGAATGCGCCCCTGACCATGTATGAAGAGAAGAACACCGGCTGCAACCTGCCGGCCCAGGTGGAGGTTTATGCCACCGGCGGGGATGCCTACAAATTTCTCTTTATCGCCAAGGGCGGCGGATCGGCCAACAAAACCTATCTTTATCAGGAAACCAAGGCCGTGCTCAATCCCGGGACCCTGGTTGATTTTCTTACCGCCAAGATGAAGACCCTGGGCACGGCGGCCTGTCCGCCCTACCACCTGGCCTTCGTGGTGGGAGGGACGTCGGCAGAGTTCAACCTGAAGACGGTCAAGCTGGCGTCGGCCGGCTACCTGGACGGGCTGCCCACCGCCGGCAGCGAGACCGGCCATGGCTTCCGGGACCGGGGACTGGAAAAAGAGCTGCTGGCGCGGGCGCGTGACCTGGACATCGGCGCCCAGTTCGGCGGCAAGTATTTCTGTCTGGACGTCAGGGTCGTGCGCCTTCCGCGCCACGGCGCCTCCTGCCCCATCGGCATCGGCGTCAGCTGCAGCGCCGACCGCAACGTCAAGGCCAAGATCACCGCCGAAGGAATTTTCCTGGAGCAGCTGGAAACCGATCCCGCCCGTTTTCTCCCCGAACCCGCAGGGGCCGAAGATGACGCCGTGGCCATCGACCTGAACCAGCCCATGGACGACATCCGGGCCATCCTGACCCGATACCCGGTGGCCACCCGGCTGAAACTGTCCGGCAAGATCATCGTGGGCCGGGACATCGCCCATGCCAGGCTCAAGGAACGGATGGACAGCGGCGAGGGGCTGCCCCGGTATCTGAAAGATCACATCATCTACTACGCCGGCCCGGCCAAAACACCGGACGGATATGCGTCGGGCTCCTTCGGTCCCACCACGGCCGGCCGCATGGATCCCTACGTGCCCATCTTCCAGGCCCAAGGCGCATCCATGGTCATGCTGGCCAAGGGCAATCGCTCCCGGGAGGTGACCGACGCCTGCAAGAAATACGGCGGGTTCTATCTCGGTTCCATCGGCGGGCCGGCCGCCCGGCTGGGCAAGGATTGCATCACCTCGGTAGAGGTGCTGGAGTATCCTGAACTGGGTATGGAGGCGATCTATATGATCACCGTCAAGGATTTTCCGGCATTTATCCTGGTGGACGACAAGGGCAATGACTTCTTCGAAGGTTTGCTATAGAATGTTGAACTTAGAGATTGGAAATTAGAAATTTAGGGGAGATGAAACAAGATTGTGGATTAGGATGCCTGCAAATTGGCACCAACGCTATCAAATAGAAAATAAAGCATGAACAACCCAATTTCTAATTTCCAATCTCAACCTTACGTGAGCGGGGTACGAATGATCTAACCGTCTCCAACCTCCAACACCAAACCTCCCATCTCATTTCCCCTGGCCTTCGAAGAAATGGTAGACGAAGTCGATGTGCCGTTTCATGGCGCGGTAGGCGGTCTCCGGGTTGTGTTCACGGATGGCCCGGTAGATGGCATTGTGCTGGTCCAGAATGATGTCGATGTTGCCCGGTATTTTGTAAAGGCCCTCCAGGTTGACCTTGATGCCGGTAAACAGAAAATCGTAAAAGTTTTTCATGATGAAAACCTGGAGCGGGTTGTTCGTCGCATAGGCGATGGCCATGTGGAACGAGGCGTCGGCCTCGGTGCCCAGCCTTCCGGATCGGACTTCCTTTTGCATCTCCTCGATGCTTTTCTCCATGAACTGGAAATCCTTTTCCACGGCCCGGGTAGCCGCCATGGCGGCGGCATTGCATTCCAGCCCCATGCGGACTTCCAGCAGGTCGGTAATGGAAGCGTCCTGACTCTCCACCATGTTGGCCACGATGCTCTTCTCTCTGGATTCAGGCGACCGGACGAAGGTGCCCTGGCCCTGGCGCTGTTCCAGCAGCCCCATGACCACCAGTTTGTTGATGGCATCTCTCACCGAGGTGCGGCTGACACCAAAGGCTTCAGCCAGTTCCCGCTCGGTGAGTATTTTTTCGCCGGGTTTGAATTCACCGCGGAAGATCAGTTCCCTCAGCTGGTCGAACACCTGGTCGGAAATTCGTTTGGGTTTGATGGGTTTGAGTTTGTGTGGCATGGTCTGCTTACCGTTCCGTTTGATATTGTCGATGGCTCCCGTGAAGGACAGGTGTCTTCGATGGTTGGCGTGGCCGTCATCGTGGTGCCGGGCCGGGGCGGCTACGGGTGATGCGGTTCATGGTTCGTCCGTGCCCGAGGACGCTGGCGATACTAACGGA
NZ_AP021874.1_gap139	5938817	5942762	3945	GGCGGCCCTGTTGACCATGCTCAACTCCTGCGCCAACGGCGTCACCGTGGTCAATATCGACAACGGTTACGGGGCCGGATACGCCGCATCCATGATCAACCGGCTCGCCGACCGGGGGGGCGGGGACCAATCGCCGGAAGGCTTGCCAACCCTGCGGGAGGACTGCTGATGACCTACAACTTCGACCCGGACCGCTGGTATGACAACGAACTGGCCGTTCTGGACGACCAGCTGAAAACCGGACGGATTTCACCGGCGGCATACGAGGCGGCCAAAGACGAGCTGGAAGGCCGCTATGACGCAATGGTGGCACGGCTTGACGGCACCTATCGCATCGGTGCCGCAGATGGGGAGGCCCTTCACGGCCGTCGAGAGTGACGCCGCCGGGGGACCTCGGCCCGAGCCTTCAAGCTGCATTCAGAAAAGCTGAAACGCCCGGCAGACGCGCTGCCGATCCTTTCGTTCACGACCCGTCAGGGACGCATGCCCCCGTCCGTCTCCCCCGCCGCCAATCAGGTCTTGAAGCGGCCCACCATGGTGTTGAGCTGCCCGGCCAGTTTCAGCAGGTTGCCGGCGCTCTCTTTCACCCGAACGCTGCTGCCTGCCATTTCTTCAGCCGTTTGATCCACTTCGGATATGGATTCGGCGATGTCCCCGGCGACTGCTGAATTCCCGACGACTTTATCATTCATCTCGCTGATGCCCGCAGCCGCCTGGCTGATGTTGCCGGCGATCTCACGCGTGGTCGCACTCTGTTCCTCCACAGCCGTGGCGATGGTGGCGACCAAATCGTTGACATCATGGATGGTCCGGGTGACATTTTCAATTTCGCGAATCGTGGTGGATGTGGACGTCTGGATGCCGTCAATTTTTTCTTCGATATTCCCGGTGGCATCGGCGGTCTGTCGAGCCAGCGCCTTGATTTCGTTGGCAACCACCGCGAACCCCTTGCCGGCTTCTCCGGCGCGGGCCGCTTCGATCGTGGCGTTGAGGGCCAGCAGGTTGGTCTGCTCGGATATCTCGGTGATGACTTCGGTTACCTTGCTGATCTCCGCAGCCGCACCTCCCAGCCGATTGACCCGGGAAGCGGCAAGGCCGGCATTTTGAACCGCCTCCCCGGTGACCAGCCGGGCTTTCTCCGTGGTTTGTGCGATTTCCTCCACCGTAGCATTCATCTCTTCAACTGCCGTGGCCACCATGTTGACGTTGGTTGACGTCTCTCGACTGGCGGCCGCCACGGTGTTCATGTCGGTACTCATCCCCCTGGTGGCGGCAGCGACCTGGCTGGACCGTGAACGCATTCCGCTGGCACCGGCGGAAAGGGTGTCGGCAATGCGGGACATGTCCGAGGAGGATTGGTTCAGGGTCATGGCATTGACCATGATTTCGCCAATGAGATTCTGCATCCGTTCGATAAAGCGGTTGAACCAGCCGGTCAGCAATCCGATCTCATCCCGTGTCGACAGTTGCAGCCGCTTGGTCAGATCACCCTCGCCTTCGACAAGATCAGCGACCCTGTCGGTCAGATTCCTGATGGGTTTCACGGCAATGAAGCCGATGCAGATCACGATGGCCGCCACCAGTACGAAAAGGGTCACCCCCATGGTCAGGTACTGGATCAGGGTCACCCGGTCGACTCTGCCGTCTACCGTGTTTCGAAAGGCGGATATCTTTTCGGCGGCGGTTTTTTTATCAGCGTCCATCCGGGCCTGCAGGAGCGACTCCGTATAGTAGACGCGCAGGGATCCGACCTTTTCTCCATTGAGCAGGCCGTCGCTGCTGAATGACAGGCCCTGGGCCAGCTCGAGATCCGCGGGCAGCGCTTCACCGTTGTTGATGTCCGGATTTTTCCAGACGGCATAAAACGGTTCGTCGGCCTCATCCCACACCTGCACGGCCAGGAGATTCGGATCTTCGATCATTGATTCCAGCAGGCGTTGAAGTGAGGACATATCAAAATTGGCAAGAAATGAGGCGGATGCGTTGCCCAGTACCCGCGTGCTGATCTCCACGCGCTGTTGCAGTGCCGACTTCTGCTTGAGGCCCTGGTCGTCGATGGCCTGTTCGACGTTGGCCACATACTGACTGAAAATAAGCGAGACCAGATTGGATTCGAGGCGTTGGAAAACCAATGAATTAACGACCAGAACGACCAGTACTGCCGCACCCGAAAGCCCGGCGGTTTTGGTGGCCATTCCAAGGGTTCTGTTTTTAAACGGTGAAAATGACACGTCTGCTTCCTTTTTGCGAACGGTGGAACGGATCGTAAACGGCTCCCGGGCCTCGTGGACGCCCTTCTTCGGAGCCTTGTCCGGGGCCGGTGCATCCCGGCCCTTTGCTGTTTTCCCGAGCGTGGATTATCGGCCGTTTCAGGTGCCGCCTTGAGTGAAAAACGACATCCCGGCACTGGCTTTTGGATCGCTTAACTGCTATGGACAAAATAGCCGGACCTACCGACCAGCCATGGAGGGCCTCATGCCAAAAGCGTATCCGTTCGTCATCCTGTATATCATTCTGAACGCCGGGGCCGCCTTTGCCGGCGACGCCCCCGTCAGCGATGCCACCCAGGAGTGCCTGGATTGCCATGCCGTCTATCACCCGGGTATCGTTGCCGACTGGAAGAAGAGCCGCCACGCGGCAGTCACCCCCAAAGCGGCCATGGCCGTCGGCGACCTGCAGCGGCGCATGTCCGGCGGCAAGGTCCCCGAAGCACTCCAGGCGACCGGCGTGGGATGCGCCGAATGTCATACCCTGAGGGGCGACGCCCATGCAGACACCTTCGAGCACAACGGCTACGACATTCACGTGGTGGTCAGCCCGGACGACTGCGCCACCTGCCACGCCACCGAACGCCGGCAGTATTCCAAAAACATCATGGCCATGGCGGAGAAGAACCTGTCCGAAAACACCCTGTACGCCGACCTGCAGCGCAACATTCTGGGGGCGGCTGAAGTGACGCCGGATCGGGTCCATTTTACGCCGGCCGATGACATGACCCGGGCCGATGCCTGCTACTACTGCCACGGCACCCGGCTGCGGGTGACCGCAACCGAGATCCGCGACACCGATGCCGGGGAACTGGCGTTTCCCGTGATCGCCGGCTGGCCCAACCAGGGGGTGGGACGGGTCAACCTGGACGGCAGCCGGGGCGCCTGCTCGGCCTGCCATACCCGCCACCGCTTTTCCATCGAAATGGCCCGCAAACCCTATACCTGCAAGGAGTGCCATGTGGGGCCGGATGTGCCCGCGTTCAAGGTCTATTCCGCCAGCAAGCACGGCAATATCTTTTCTTCCATGAATGCCGGGTGGGATTTTGACACGGTCCCGTGGACCCTCGGCGAGGATATTCAGGCGCCCACCTGCGCGACCTGCCACATCAGCCTGACGGTGAATGCAGACGGGGATGTGATCAACCCGCGCACCCACCAGATGAGCGACCGGCTGGGGTGGCGCATCTTCGGCCTGATCTATGCCCACCCCCAGCCCCAGTCACCGGACACCACCATCATCCGAAACGCTGCCGGCCTGCAGCTGCCCACCGACCTGGACGGGAGCCTGGCCGCCGACTTTCTGATATCCGCCGACGAGATCGAAACGCGACGCACCGCCATGCGGCGAACCTGCCTGGCGTGCCACGACACCTCCTGGGTGAAAGGGTTCTTTGCACGCCTGGACAACACCATCGCCACCTCCAACCGATCGGTGAAGGCGGCCACGCAGCTGATGCGTTCCATATGGGACCAAGGCTATGCCCGGGGACTGGCCGGCGGCGGCAGTATGTTCGACCAGTACATCGAACGCCGCTGGAGCGACGTCTGGCTGCTGTACGCCAACAACATCCGGTTCGTGTCGGCCATGGCCGGCGGCGGCGACTACGGTGTGTTTGAAGACGGCCGCTACCACCTGACCAGAGCCATCATGGATATGCACGACTGGCAGCAGACC
NZ_AP021874.1_gap140	5944315	5946281	1966	GGAGTTTGATATTCAATAAAATCCTGGCCAAAACGGAAATGGTGAACGCCGCCGACGACTGCCCCCACATCCGGGACGAATGGCGGGCCCTGAAGACGGTAAACCGGCTGCAGCGGACGGATTGCGAAACCCTTTTCGAACGCATCCGCGGGGTCGGCACCCTGCCGGCCAATGCGCTTGTGGCGGCCTACCTGGTAAAATGAGGCCGGTGATGCCAGGCCGTATGTGCTTCCCGCCGATGGATGGCGCTGCGGGAACAGCAGGAAAAATCCCCGGAGATGTATCGATGCGTTAACCGTCCGCCGTCGCTCTCAACATCGATCCCCATCAACCCGCCGGATGCCTTGTGTGTCCGATGCACCGCCCTGACCTCCGAACGGATTTCCACCGAGCGCGGGGGTGCAGACCGCCCGTTATCTTTTGATAATTCCTGAACCAAAAAATCGTTTAAGCGTTTTTCATCCCGACGCCCAACGCTTTTTCACCCGGGTCGCGGCGAATGGCGGTTAACTGGTGTTCGTCCGGAAGCATGGAATTTTGGTGGAGATCGAGGCGCCCGAAAAATTTTACCGCAGGCATAGGGCTGATATGGCGGGAGGGGCTTATTGCCCGACGAACGACTCCCCTGACATCCCTGATGGTTAACCTGTCAGTAAATTTTCCAGCGTGGAAAAAACAGCCCCCGGGGGAATGGTTCCGGTACGACAGAAATCGTTATGCCGGGCAGGGCATGTATTGCGTTGCAGGAAACTGACGGCTCGGATTGCAGTCAGGGCTGGCGCATACCTGGAACGCAGGCCGTATGATCGGGATGCCCTGCCGGAAAAGGGTAATTCAACACCCCCAACGCAAGGACCGGGCATTCGGCTTTTGGGTGTGGCATGCAATATGCTGTTTCCTAAGACAGGGCGTCCCATTAAAGAAGAATTCCGGAAGCGGTTTCAAAAGAATGAGTGAATTCAATCCCGGACAGGGTCCTTCCGGTTGGAGAAGGGAAACGAAGGGATACGAAAGGGTATACTTGCCAGACAGGAGGATATGATGACACAGGAAATCAAGCGGGTTCTTTATGCTACTGATCTGTCCGATAATTCTGCTTATGCTTTCGGTTATGCCATCAACCTGGCCGCTAAATTTGATGCGGAGGTCGTCGTGCTGCATGTTATCGACAAGACCATGGAAAGTACGCAGATCATGTTTGCCGGCTATATAAACTATACCCCGATAGAAGGTGACCTGGAAAAAAGAATCGCTCTGATTCACGAAGACATCAGAAAACGACTGAAGGGGTTCATCGATAAGAACGTGGCCGCTGATCCCGAATCCGCCGGTAAAGTCGTTCAAATAGAGATCAGCAAGGGGTACCCGGCGGATGAGATCCTGAAAAAAGCGGATGAACTGCACTGCGATGCCATCGTCATGGGAACCCATGGCAAGGGCATTGTCAGCCGGTCCTTTTTCGGAAGTGTGGCCAAACGGGTTCTGCGCCGGGTCAGGAAACCGGTGTTTGTCATCCCCCTGCCCGAAGAATAGGCAGGCAGTCCGCTCCATTGCCGTCACACCGATTTACCCCCACTTCGGATTCGTTCAGGCCCGGTTGGCATGTAAAAACAGGCGGGGTTGAATCGATGGTTTCTTCCAATGAGAAATTTTGCACCGCCTCTCTGAAAAGGAGGAACTGCCATGAGGGATCAAAAACTGCCCCTGAACATGGACGCTTTCCCTCCGCCCAAGATCGCCGAACGGTGTGAAGCGGCGGGAATTCTCAAAGCGAAGCTGGATTTTTGGACCCTGATGGTGCTTTCCATTCTTTTCCCGATCACGGCTTTTGTGGCCGCTGGTTTCGAGCACTGTGTCGCCAACATGTACTTCATCCCCGTTGCCCTTCTGGTGAAAAAATGGGCGCCCCAAGGGTTTTGGTCCATGGTTGGCAAGACCGCAGCGGACTACCCTGATCTCAGCTGGC
NZ_AP021874.1_gap141	6068415	6071095	2680	GCACTACCAAATCCAGGCATGAAGATAGACATCAAACGTACGGCATTGGTCATTATCGATCCCCAAAATGATTTTCTTAGCCCTGATGGCGTCACATGGGGCGTTGTTGGCGAAAGCGTAACGGAGAACAACACGGTAGACAACATTGAAACGCTCTTTAAGACAGCCAAGGAGATCGGGCTACCGGTCTTCATCTCACCACACTATTACTACCCTGCGGACCACGGCTGGAAGTTCGAAGGAACATTGGAAGCGTTGATGCATAACATCGGCATGTTCGACCGTAAAGGTCCGTTGAACCTTGACGGTTTTGAAGGCTCGGGAGCCGACTGGCTGGAACGTTATAAGCCTTTCATCAACGATGGCGCCACTGTGGTCGTGAGCCCGCACAAGATATACGGGCCCGAATCCAACGATCTGGCTCTGCAGCTGCGCAAGCGAGATATCGGCAAGGTGATCCTGGCGGGCATGTCGGCGAATCTGTGCGTAGAGTCCCATATGCGTGAGCTTCTGGAGCAAGGATTCAAGGTGGCCGTCGTTAAAGATGCCACTGCGGCCGCAAAATTGCCCGAAGGTGACGGTTTTCTGGCCGCGATGATCAACTTTCGCTATATGGCAAATACCGTATGGACCACGGCTGAAGCCGTCAACGCGATAAATGAAAGTGGGCGTTGAAGACGGCCGCTTGAGCAAATGGCGGGCTCCGGGTCGGAGGCGTAAGCATTCGGCTCGGAGTTTGCCGAATAGTTAAATTAGTCGACATACAATATAATTGAGAAAAGAGGTACAAGATGAACAGATACCACACCATTTTTGGCGCCATTTTTGTTGCATGGTTGTTTTTAACCGGTTTTACTGTTGTTGGAACAAATGATCCAGCGGCGGTATTTAAATCGGACAATTACCAAACACGGTACCGCACGATAACTGTCCAAAACTTATATAATTTCTACCGTGATGCTGGTTCCGGTAGTTCACCTGCAATCATTTTTTTGCACGGATTCCCAACGTCGTCCCATATGTTCCGCAACCTTATTCCGGCCTTGGCCGACGACTTTCGTCTCGTGGTTCCGGATTATCCAGGATTCGGAAATAGTGCAATGCCGGATATCAAAGCATTTGATTACACCTTCGATCGTCTGGCCGATGTGATAGAAGACTTTCTGGAGAAGTTGGATTTAAAGTGCTACAGTTTGTATGTGATGGACTACGGTGCCCCATCGGTTTCCGATTGGCTGTTCGACATCCGGAGCGTTTAGAATCACTTATCATCCAGAACGGCAATGCATATGAAGAAGGGCTGCGCGAATTCTGGGATCCTATCCGAAAATACTGGAATGATCGCACTCCTGAGGATGCAAAACCACTGGCTGAGTTCATCACGCCGGAGGGAGTCAATTGGCATTACACGCACGGCGTGAGAAATGAGGCGTCTATCAGCCCGGATAATTGGGAGGCAGACCTGTATCATCTGACCAAGGAGGGCAATCCTGCAATTCAGCTTGCCCTGTTTTACGACTACAAAAACAATATCCCTCACTACCCGGCATGGCAGGCATATTTTCGCAAGCATCAGCCACCCCCACTGATTGTTTGGGGAATAAACGATTATATTTTTCCAGCAGATGGAGCCTATCCATACAAAAGGGACCTTAAGAATATTAAGTTTCATTTACTGGAAACAGGGTATTTTGTGCTCGAGGAAGATGGTGTCCGGATCGCCAGTTTGATGCGCAAGTTCCTGAGTACAAAACTCACCTTAAAATAGGAGCGGTAATTTGATGGTGGTCAAATGAGAGATCAAGCTTTCCACCATCACTTAACCTCCCAAAAAGAGGAAATTGGACACTGAAACAATCCATCAAAATAATAACTTCTTCCTAATAGCAGCAACAAAGACCCGTACTTGTTCTTGTTGCGTCGTTCGTTGTATGAATCCAAACTGAAGCATCCGTCGATAGAGATACAAAAAAAAGGCTTCCCGTAAGGTAGCCCTTTCTTGTGATATCGATATCGACCATTCCATAATGTTACCAGGTCCCAAACCGTTGGGGTATCTGGCTTCTTGGTATGCGTCATGCGATGTTGAAACGGACATGGTAGGGTATCGTGTGAATTGCCCTGTCTGCGAACATACGAAAGTGACCGATCTGTACGAGCCGCATAGACAGCCTGAATAAAAAACGGTAATAAAACTCCGGCAATACGGTAACATCCCTAAGATCGAAAAGTCTTAATTCCGCCCAATAGTACATCCTTGTTCGATTGTAGCGTAATGACAATGATCTTATCTGCAACAATACGAGCTTCTTGATTCGTTTCATTTTAGTTCTCCTTCTATTTCAGGCCCAATATCATCGGGCCTGTGTCTGAGTTTATTTCTCATTTGGTATATACACCCCCACCAGCACCGAGCCCCCACTAAAACCGACCCCATATACACCAACTAAAAGCGAATATTTACAAAAGTGAGTCATGGGGCGAGCTCTCGGTCCGCCTCTGATAGAGAAGTCCAGATGGACGTCCCATCCCAGTTCGTGCTTTGAAGCCTCTCTTCTGCACTGGAACATGCGAAGTCTCGTTGTTTAACCACGAAAAATTGTTTTTCTACGAAGTTTCGTCTGTAGACGATCGAGTTTTGTGCATAAAAAAAGCTTTGAAAACGAAAAGTTAATGGATT
NZ_AP021874.1_gap142	6138571	6142632	4061	GCGGACTGAAATCCCTGGTGGGCGATGGGAGCCGTGGGGATCGCCCCGGGCAGGAAGCGGCCATTCTGGAGATTCTGCGTTATGATGCCCATGTCCGCCAGCTGACCGTTGAAAAGGGGGGAATGGATGAACGGATGCTTGATTTTCTATTTGGCCGCCCACTGGCCGAAAGCATCAAGATGTTCGGAATTGCGTTGAAAAAAGAGAGCGGAACATACCGGCTGGTGTTTGGGTCATCAATGTCCGGAAGGTGAGCCGGCGGTGAACGGCAACCCTGTCGCGACCCGTCGCTTCAACTTCTGCCGGCGACCGGATGCCTGTGTACATCGATGACCCGGAACGACCGTTTTCAGATACCATGATGGAACAGGAGGAACAGATGAACAACCGTTGTTTGGTTAGCGTGATCGTTGGTTTGGTGGTATGGGGCGGCCTTTCCCTGGCTACGGTGATGGCCCGGGAGATTACCGTTGCCCAGGCCGTGGTCTGCCAGGAGGTGGTGGACCGGGTGCCCGTGGGGGCCGGCGACGTGATCCCTGCAGGGACGGAGCGGGTGTTCTGCTTTACCCGGATCGAGGGGGCCGGGGGAGACGCCGAGATTACCCACAACTGGTATTACCAGGGCAGCTTGAAGGCCTCGGTGGTCCTGCCGGTGCGCGCCGGCAGCTGGCGCACCTGGAGTTCAAAGAAGATGCTTCCGGAATGGACCGGTGAGTGGATGATAGAAGTGCTTTCCAAGGACGGCACCCCCCTGGAGAGCGTCATTTTTTTCGTTCAGTAGTACCTGCCGATGGTTTCTGCAGGCCTTCCCGTGCGGGGTCCATGCGGTCCATGCGGCATGGTTGGTTCCGGATGGGCCCTGTGCAGACTCCCCGGGACTGGATGGGGCCTCTTATTCGTCCAGGTTGCTCAGGACCGGCATGCGGTCGTATAGCCCGGGCCGGCGATTGGGAAAGAAATACCGCATGCGGTGGCTGCGGACATGCTGAATCCGTTCGGCCGTCAGGTCGACCACGATCATTCCCGGTTCTCCCGTCAGGCGTGTCTCCATGATCTCTCCGGACGGTGAGAAGACCACGGCATTTCCGGGGAAGACCAGGCCGTTTCCGTTGTCGCCGGTTTGATTGCAGGCCACCACGAAGAGGCCGTTGTCAAAGGCCCGGGCGGGAAGGTGGCGCATCCACGACTGGTGTTTGTCCGCCGCCTGACCCCGCGGTGAGGCATGGGGCATGAAGATGATGTCGGCATCGGTTTCTGCCATTCGCGTGGACAGCTCGGGGAAATGAGCATCGTAACAGAGCTGGATGCCGAATCGGATCCCTGACCAGTGGAACACCGGCAGGGCGCTGCCTGGCCGGAACTGGTCTGTTTCCGGCGGCGCCAGGTGAAGTTTCCGATAGACACCGGTCCGGCCCTCCGGCGTGATCACCATATGGCTGGCATAAACTGTTCCGGCGGCGTTTTTTTCGGCAAAACCGATCAGCAGTGCGACGCTCAGCTCAGCTGCCAGGCGCACCATCAGCTCAATTTCAGGTCCGTGGACAGAGATGGCATGCCCGGCGATCTTCCGGTGGTTGCTGTAGCCGGTAAGATTGAGTTCCGGGAAGCAGACGAGGGTGGCCCCCTTGTCTCTGGCCAGCAGGGCCCAGCATCGGATTTGTTCCAGATTTTGTTTTACCTGGCCCACGGGACAGCGGCAGACCACCGCCGCGATGCGGATGTCTTTCATCATGAGCGGGTCAGGCGAACGTCCAGCTTGCGGGTTCTTGGCCCGTCAAACTCACAGAAGAAGATCCCCTGCCAGGTCCCCAATACCAGCTGCCCGTTTTCAACGGCAACGGTTTCCGATGATCCGATGATTGACGTTTTCAGGTGTGCGGGGGAGTTGCCTTCCATGTGGCGGTAGTCGTCCTTCCACGGTACCATTTTGTTGAGCACCATGAGGATGTCCCGACTGACTGCCGGATCGGCACTTTCGTTGATGGTGACGGCTGCGGTGGTATGGGGCACGAAGACCATGCAAAGGCCGTTTTTCATATCGCTGTCGGTGACCTGTTGCTGAACCAGGCGGGTGACGTCGATCATTTCCGTCTGTGAATGGGTTTTCACGGTAAGGCGCATGGGAGACCTCATAGGAAAGGCGTTCAGACTGAAGGGGGTCAGGCGAAAGGTTGAACTTCGTTTTTAATGTCGATGGAGACCCAATGCATTCAACCCATCACCCGGATAAAAAAAAGCTCCGCCTTTTCAAGCGGAGCCTTTTTTTAAAAATCAAAACTTCGGAGTGTTTAGACACATCCGGTGGGCTTCGGAAGACCCGCCATCTTACATGCTCCCTTTCCGGGGCCTGAGGGGAACAGTTCATAGATGTGTTTCAGTTTGAAGCCGGTCACCTTGGACAGCACGCGAACCATGGGGGCGATGCCGTTCTTTTCGTAGTACTCGCGAAGCACTTCAACGACCTTCTTGTGTTCGTCGTTCAATTCATCGATGCCTTCTTCTTTTTTTACATACTGCACCCACTCTTCTGACCAGTTGGTGTAGTCATCGATAAAACCGTCTTCATCTACCGTGAAGCTTTTTCCACCAAATTCGACTGTCGGCATGTTGCTCATTCCTCCTTTACAAATTTGTTAGTATTTCCGGCACACTGCCGTTTAAGTTCTTTTGTAGAAATTACGCTTATTAGCGGATTGCGTCTTATATGTCAATATGAAAACCAAAAATTACCCGGGCAGAAAATAATCCCGAAATGCCCTCACCGGAGGCGTCCCGTCAATACTCCCTCGGCGTCCGGTTGATCTGGTCCAGGGTGAACACGGGGCCGTCCTTGCACACCAGTTCCTTGCCGATGCCGCATCGTCCGCACATGCCGAATCCGCATTTCATGCGGTTTTCCAGGCTCATTATAATGTGGTCGTGGGCATAGCCCAGCTTTTCCAGCACCGGCTGGGTGAATTTGATCATGATGGGCGGGCCGCAGACAATGGCATAGGTGTCCTCACCGCCCTGGGGAGCCTTTTGTTCGGTGATGGGGGGGACGAACCCCACGTTGTACTTCCAGTCGGGATCGTCGGTGGCGTCCACGGTGATATGCATGTTGATGTCATCGCGCTTTTCCCATTCCACCAGCTCATCCTTGTACAGCAGCATGCCCGGCGATCGGGCGCCATACACCACGTCGATGTTGCCGAACTTCGGCCGGTTGGCCGGATCCAGCATGTAGACGATGGACGAGCGCAGGGTCGTGAAGGCGAATCCGCCGCCGACGATGAGAATGTTTTTCCCCTCCAGTTTTTCCCAGGGGTACCAGTTTCCCAGGGGACCGCGCAGGCCCATGACATCTCCGACCTTCATGTTGTGCAGGTGGGTGGTGACCACACCGGCACGATTGACGGTGAATTTGACAAACCCTTTTTCAACGGGCGATGAGGCGATGCCGATGGGGATCTCCCCTTTGCCGGGGATGGACAGCTCGCCAAACTGGCCGGCCTGATAGGCGTATTTTTCTTCATCGCCTTCGTTGAGGAAGACGAATTTGAACGTCTTCAGGCTCTTGTCTTCGGCCTCGACGACGATGTCGTCAATGCGGACCGGATAGGGTAAATATGGATTTTCCAATTGTTCTTCCCTCCATAGGGTTTAAGCCGGCGTTTTCAGCAAGGCTTGCGGCAGGAAGCGGTATCCTTGACTTGAATACCGTGACGCCCCATGACGCAGCCCAAACACGCCGTCTTAACATCTATCAACCCTGCGCAGCGCAGGCGTCTGCAGGTTTGAAGCGATTCATCAGCTCGCACACCCGGCGGATATCGATGTTGACCGGGCACTGGCGAACGCAGCGGCCGCAGCCGACACACATGATGCCCGCATCATATTTGTCCACAAAATATTTGAGCTTGTGCATGAAGCGCTGGCGGACCCGCTGGGTCTTGGTATCCCGGGGGTTGTGCCCGGTGGTGTGGACGGTGAAGATGGGGAACATGCAGCTGTCCCAGTTTTTCATGCGCACACCGGATGTTCCGTGCGTCTCGTCCTGAATGTCGAAACACCAGCAGGTG
NZ_AP021874.1_gap143	6244883	6249499	4616	TGTTTGGCCTCATCATATTTGGCCTGGATCAATTGATTGGCATATGCCAGATCCTCAATGGCCTGGCGATGGGTGCTCCAACCGGCGAAAATCCGCTTCAGGAAGGATGTTTTTCCGGGCAACCAGGACACCCGATAGAAGCAGCCTGTGCACCCCTGGGCCGGGGTGTCCGGCCATATTCGCCGGCCGTAGCGTTCGTGGGCCACCTGGCACTTGACTTCTTCGACCGTGGCCGGCGGCAGGCCGAACATCGTCGGTATCCCAGCAAGAATGCCACGGGTGTAATCGCAGTCGAAACGGGTCTTCTGGCAGCTGTCATGATAGCGGTCCTCCAGCACGACCCATGAATCCCCGATGTCGTGGATGAACACACTGCCGTTCAGTTTAAGGAAGTTGTTGTATTTCGGGGCCTGGGAATAGATCAGCTTCGGACTGCCCATCAGCCGGACAATACGGTCCAGGATCCCTAATGATTGTAATTGTCCCGATGCCAGGGTCATATGATAGACCGCTTTTTGATCCCCCAGCATTTCAATCATGCGCGCATAGAGCGTCTGCAGGAACGCATGCGAAACCCAATTGTTGGTGTCGGACAGATAGCCTTCATCCAGGGGCATACCGTCGAGAAGATTACCCAGTGTGCCACGGTTGTTTTTGCGCACATAAAGCAGGAGCGTATGCGTGACCCGGCAGCTGATTTCTTTGGCGGCTGCTGAGCTGGCGTTTTTGTTCATTGGATCTTTCTATTTGGTGTTCAATGGGTACTGAAAATAGACAGCACCACGGGTGTCGTTTTTTTTCACATGGCCTCCAACCTCTTGTCGGGCTTGTCCCGGCAGTTCTATATCGGCACATCCGTCAAATTATCAAGCAACGACGCTCCCAGCGGCTGGCCGGGAAGAACGGTCACGCACATGTGGTCAAACGGTAGGGCAAGGCCTCAGCAACGGCGACCGCTTCGAAAAGGGATAAAAAAGACCACGCGATGTCGACACAACCCCGTCGGCCCGACAATTTGTTACAAACTGATACGCCTTTGAAAAGCACTGGTTCATCAAATACCTCATAGTCGACCCGGAAGATGACATTGCCGTCATCCAACGTAAACGGATTTAAACCCAAAGGAGGAAGCAATGAAGAAAAAAAACGGCATGATCGTTATCACCCTGTGCACCCTGTTTCTGGTTGGCGGTGTCGCGGCCTGCAAACACGGGCACCACCCCGGCGGCTTCGATGAGTTCGACCTGGCCGCGGCTACGGACCGCATCGCATCCCGGCTGGATCTGACGGCATCCCAGAAGGCGGACCTCGACCAGATTGCCGCTGAAATCGCCGAAAAAGCCGACGCCATGCACGCGGACCGCGAAAACCGGCTTCAGGCGCTGGCGGACCTGGTTCGTCAGGATGCCATCGGCAGGGATGTGGTCGATGGCATGATGGCGGACAAAATAGAGATGCTGAGGGAGATGGCCGATTTTACGGCACAGCGGCTGATTGCCTTCCACGCCACGTTGACCCCGGAGCAGCGCGAAAGGGTCGCGACGCACATCGAGAACCATTCGTCCGATGGTTGTCGATTCGGTTTCCGGTAAACGGCCCGACGGCCTGCGGCCTGGCGGTGCGACGGCTCCTTGCTCCGGCGGGTCGAAGGCCGTTCGTTCGCAGCGAACCAACCATCGCCGCGACAGACGGTGAAAGGGGGACGACATGAAACGAACCTTACCGAAATTTAAAATTATGGCCGTTCTGGCATGCCTGGCGTATCCGGGGTTCGCAGTCCCGGTCCTCGCCTCGGATTTTTTCCCGCTTGACCTTTGGGAAGAGATGACCGACTGGCAGTTACACACCCGCGTTACGCATGAGGCGGATATTGAGGCCTATCGTCAAGCCATGACGTTAATTAGGGGGGCGGATGTTGGCCATACCACCTTCCCCTTTGACGTCGCTGCAGAATTAATTGCGATGGGCGACAGTCACCGGCATGAATCCCGTGAGTACCCGGCAAGCGATGGCAGCACCCACCGGAACAGAACCAGCCCGTATTGGCTGCCTGAGGAATTCAGCACGGATGGGGTGTTCGGATTGACGGCATGCGCCAAACGAAATCCATCGGATTAAAACCGCCGCCAGGGACCCTGCCGGTGCGTTTCGGGTGGTCCGGGCGCCTTTGAAAATCCGGCAGGCACTTTCCTTTAGACCCGGAAGCTGATAACTGCAAGAGGACCACCGATTCTGACAGGATGGTGAACACGATCTTCCTTCTTCCCAGAATCAGACCTCCGGTGGAACCGTAAAAAACCGACATTAAAGCTGCTATTTGCAGAAGATCCGTTGTTGCGGGGAATTTTCCATGCCACGGACCATCCTTGTCGTCGATGACGACGAAAAACTCAACCGTCTGCTCAAGCGGTTTTTAAAGGACTTCGGCTATGACATCTATTCGGCTGTGGACGCCGACGACGGTCTCAAGAAAGTGCGGACCGTCATGCCGGATCTGATCATCCTGGATGTCATGCTGCCCGGCATGTCCGGTTTCGATGTCTGCAAGCGCATCCGCGAGTCCAGTGGCGTGCCGATCATCATGCTCACTGCCAGGGGGGATGTGATGGACAAGGTGGTCGGGCTGGAACTGGGGGCCGACGATTACCTGCCCAAACCGTTCGAACCCCGCGAACTGGTGGCGCGGATACAGGCGGTGCTGCGTCGCGCCCAGGGTTCCGGTTCGGATCGCCGCCGGCGCTTCGGGCGGTTGACCGTCGATTCCCGGCGCCGGCAGGTCCGTCTGGACGACCGGGAGGTCGATCTGACCACCAGCGAATTCGCCGCCCTGGATCTGCTGGTCCGGCATTCCGGCAAGGTTCTGGACAGGGATGAGATCATGCAGGCCCTTCGCGGGATAGACAGCGAGTGCTTCAACCGGGTGGTGGACATCACCATGAGCCGGTTGCGCCAGAAACTGGGCGACGATCCCAGGCACCCCCGGTTTATCAAGACGGTATGGGGGACCGGATATACCTTCGTGGCCCGGGAGACCGTCGATGAAACCCCGTCCCGTTAAACGGCTGTTCGGCTCCGTGTTCACCCGGCTGCTGGCGGCCACCCTGGCCGCCGGCCTGGCCATTACCGTCACGGTGATCGCCGGCTTTCTGATCATCCGGATCCACAGCGAAACGGCCTTCGAGCGGAATCTGCTTCTCTACACCGAATACCTGGCCACCGATCTGGGAGACCCGCCGGACGAGGACCGGGCGCGGGAGATCGCCCGACGAACCGGCCTGGCGATCGGTTTCGTCCATCCCGGCATTTCCTGGCAGGCCGGCCGCCTGCCGCGGTTTTTCAATCCTGGGCGGGCTTGGATCCACCATCACGAAAGCGGCCTGCAGGTGGGCAGCTCCAAAGGCCACCATTTTGTCCGTCTGGCGCACGGCGGCGGTGAGTTGACCTTTGTCGCCACCCGGGACGCCCATCATGGCGAGCAGGCGTTATGGGTTCTGGTCGCCATGGCAGCCGCCATGGGACTGATTCTCGGGGCGAGCTATTTCTACATCCGCAAAACCCTCAAGCCCCTGCACACGCTCAAGGCCGGCGTGGATGATCTGGGCGCCGGGCGGCTGGACCAGCGCATCCCCGAAACCGGGTGCTGCGAACTCCACGATCTGGCAAAGGCATTCAACGACATGGCCCGGCGGCTTGACCGGCTTCTCAAGAGCAAGGAACAGCTGCTGCTGGATGTGAGCCACGAGCTGCGTTCCCCCATAACGCGGCTGAAGGTCCAGCTGGAATTTCTACAGGATGCCGACATGCGGGATTCCCTGGGCGGTGATGTGGCCGAGATGGAGGCCATGGTGACAACCCTGCTCGAATCGGCCCGTTTGAGGCACACGGCCGCCGCCCTGAATCTGAAATCCGTCCCTATGGGCGACCTGGTCCGGTCCCTGGTGTCGGAATTCAAGGCGCGCCCGCCGGGTGTGGTCACGGGGCCGCTGATGGACGAGACGGTCACCGTGGATCCCGGGAAGATGAAAATCGTTTTTCGTAATCTTCTGGACAACGGGTTGAAGCATACGCCTGAAGACGGGCCTGCGGTGTCGATTTCAATGATTCTGCAGCCGGAGTGCCTCGAGGTCGTGGTGCAGGACCGGGGGGAGGGAATTCCGGCATCGGCGCTGCCCCACCTGTTCGAACCTTTCTACCGGCCGGACGTTTCCCGCTCCAGGAAGACCGGCGGTTACGGGCTGGGGCTGAGCCTGTGCAAGGCCATCATGGATGCCCACGGCGGCACCATCGACCTGGCCAGCACACCGGGTGACGGGACCCGGGTGACGGTGACGATTCCCCGATCAGCCTGATTTTCGGCTTTCAGCCGATGCCCAGAAACCGGAGAATGATCTGGATGGGGTAGAAGACGAACCGGTCGAGAATATTGAAATACATCAGGGCGATCACGATGATGAACCCGTAGGGTTCGATCCGGCTGTAGGCCATGGCCTGCCTGGGCGGCAGGAGTCCCACCAGCACCCGGCCGCCGTCCAGCGGCGGGATGGGGATCAGGTTGAACACGGCCAGAAAGACGTTGAGCTGGATGGCGATGATGAGAAACAGCAGGACTCCCTTCA
NZ_AP021874.1_gap144	6250658	6255237	4579	GCCGCCAGATTGTCCTTAACCTGAATATCTTCGGACAATATGATGGCGGCAGACGTTGCCCCAAGCCTTTTTGCTTCCCGGGTCAAGCGGGCAAGCTGTTGTCTATACGTCATCCTGCTTTCCGTATCGCTTCCCAATTTTAAACCCTTCTCCGATGGCTTCGCCCAGTGACCAGTATTCACGCAAGCCGTTGCCGTAAACAAATGGGGCCACTTTTTCCATAAGCGGGATGTTCTGTTTGTTGAGGATTTCCTCATCCGCCTTGATATCCGCTTCACCTTTTAATTCAGGTTTGACGGGTCAGGTCGGACGGCTATGACATTGAAACTGACCATTACCCCGCTGTTCGTGCAGGCGCTCACCGGTCAGACGACCGATTCGTTTTGCTTCCTCCCATACTTCTTTGTCATCCTCGACCCTTACGTAGGCGTAATCGGATGTCCTGGCCTCCGGACCGTACATTTGCCGGAAGCCACTTAGTACACAGGTCTCCCCCTCGCCGCAGTAGATATTTCCCGACCCCCTGAATCGAGCGACTCTATGTTTTTCCCATTTTTCTATCCGGATTACCGGCTATTTCAGAACGTCCGGCAGCGCCATAAGGTTTCGGATTTCAACATCCGGTTTTCCCGGAAGCCGTTCCTCACTCTGGCCAAACCGGTTCACCCAGGCCACCTTGAACCCGAACGCGGATGCACCCGAGGCATCCCAGGCGTTGGATGACTGAAATACGATTTCTTCGGACCTGACCTTCAAGCCGTCGACGGCAAGCCGGTATACGCGACAATCGGGCTTGAATATGCCCGCATCCTCAACAGAAAAGTTCTTTTCGATCAAATCGTCAAGCCCTGAATTTTTCACGGCCGCGTCAAGCATGGCCGGCGTGCCGTTGGACAGGATGGCAAGATTGAAACCCCGGCTTTTCAGGATTGAAAGCGCCTCGGGCACTTCCGGATAGCAATCCAGTTTCAGGTAAGCGTCCATGAGGTCCCTGCGCAGATCGGGGTTGTTGATGCTGTGCATATCAAAGGCAAAATCCAGTGCATCCTGTGTGACTTGCCAGAAATCCGCATGATGCCCCATCAGGCTGCGAAGCCAGGTGTACTCCAGTTGCTTGGTACGCCAGATATTAGACACCTGATCGGCGAGATCACCCAGTCGATGGCGATGTTTGCCGACGGCTGAATGGACATCAAAGAGCGTCCCGTAGGCATCGAACACACACGCCTTAATTCCTTCGATGGATTTGTTTTCAGGCATAAGGTTCTCCTTAACCGCTCGTTTTAAGATTGCGTGGCACGCATCTGTTTCATCATTTCCTGTAAGCCCTCGACAGGCGCGCCCAGTGCGTCGGCCATGCGATCCATGAAATTGAAAAGCGAGGCAACGGCAATGACTTCGAAAAGCTCCTCGTCGGTGCAGCCCTGGTCACGGAGTTCCTGCAGGGTCCCTTCGTGAATCTGGTAAGCGTTGCGGGTTATGGTTTCTGAAAAATGGAGAATCAGTTTGGTTTTCTCATCGATCAGAGATGAGGCGTCAATGTCTTCCAGAATGCTCTCGACCTGTTCCTGCGTGAATCCCTGCGCCATGACCATGGCGCTGTGCGCATCCACTCAGTACGCGCAGGCATTCAGCTTGGAAACGTAGGCGGCAATGAGCTCTTTGGTGCGCCTTGGCAGCGCATGTGTTTCGACCATCAGCCGGTTGACATATTGGACAATGGGCGCCAGCAGGTCCGGGCGAATACTTTGTGCCACAAATACCTTCGGGATAAGTTGAAACATCGTTTGCAGCATCTCATAGGACTTCTGCAGCTGGCCGCTGCCGTGTTCAGGTTCCGTGACCTTCAAGAAATAACTCATGGGTTCAATCTCCTGTTTTGGTTCTGTGCGTCTTTTTTTGGACCGTGTTTCATCATCATTTGTAAACGTATCTGAACTATACGACCTTGGTGCCAGACATTCTGTAGCAATTGTTACAACACAAAAATAATTTTCAGGATAACCTATCATTGGGAGATCATTGACTCTGGAAATGAAACCTGGCCAATGAAGGGCGGGCAGAATAAAATCTGCCTGGACCGCCACCTGCCCAGTCGTTTAAAAAAAGGTGGTGACGGTAAAATAAATCCCCATCGAGGGCGGGTCAAATTTGTACCCCGAATACTGACAGGCACCAACAGGGAAGGCTTGCCTGCCGGCGATGGATTCTAAAATCGAACGAAAACCCATCGGCCGGAAGCGGAAGATTGCCGGTTACAGTTTTAAGTATCAGGAAATACGGAAAATTTGAATTTTCTACCGGGTGGATTAGGCTTGCCCTGCGTGGTACCCGAATTTTTCATCCCTGATCCCATAATTTTATGGAAACCGGTGACTGCATCACCCTGACGACGATCCGTAAACGCCTGGTGTGAGAAACAATGAAAAACAGACTGTTCGGCAAGGCTGGCCACCATCCATGGCGATCGAATCCTTCAACTGCGTACCGAAGCGGATGCCGGCCACGGACGTGTGGAAAAACAAGCAACCGAACTGCCGATCAGCAGGCTTTTCGAAAAAGGATTTCATCGGATTACCGCTCTGATCGTATCCTGGTCATACCGGACCTGCTGGCAGAGGCGCATCGCTCCTGGGTGGATGAGAAAAGAATTGAATCCGGAATCAGATCCCTTCTGGTTTTACCATTGTCCTATCAAGGCGGCATCATCGGCGCAATGGACATGGGTTCCCCCACACCCGATGATATCGGGCCTGCGGATGCGTGGCTGGCTGAGAACATCATGCCTTTGTTGAAATTCATTTCTATGTTAAATGCGGACTAATGTGTTCGAATCGCAATTTGTAATAGCCCAGATTGAATTTGATATTCTGAGGAAAGCCACTCTCTAATCTTCTTAATTCAGCATTAACCATGTGACGGATATTATCCACATCTATATCTAAATAACTACAAATATTTATAAAGCTCGTGAAGGAATCAAAATCGTTTACTGTCAACCAATACAAGGCCTGGCTTTTGTAAATTTCCTGGTCACTATAGGTAGGCTTAAAAATATCTTTTAGGGCACGAGTTAAAATCGCAGCAAACAGTGCCCGGATGGATTTTGCTAATTCTCCTATGTCTGGATTGGTAGAATTATCCATTTTGAATCGACTATCCCTTTAACAGTTTTTAAAGAAATCATAAAACCGGCCAAATTGAGGCCCGCAAGTGAAATTCTCGTATCGCGTTGTTATTAGAAAGTGGCAAGGCCAATGTTAACGCTGCCATAATAATGCGTGCTCAGTACTTGCCAAAATTCATTTCCCAGCCTTTTTGGACTTTTATAGGGGGCACTTCCATGGATTGGATGCTCTCGGCAGCGATGACGGCTTCTTCTTTTCATTGAAGGAAACAGCGTGCATTCGCTCACACAAATTGGAACACTGCACCAAGCAAGTCGACATTTTTAGTCAAGTAATAGTTACTTTTTTAATTTGCTAAACAAGTAGAAATTCCCCGGTCCGCTTTACGGCGGGGATATTCAGCCGGCAGGTGGTCATTTCTACTTGGTGCCCATCCATAAATGGCCAATTTGTCCGATATCTGCGTTGCGCTCAAAATTTTATCCTCGGAATATCATCCATATGCCTGCGGTAAAATTTTTCGCGCGCCTTGATCTCGACCAAATTTTCCTATTTCTGGATGAACACTACTTATAAAATGCTTTTTTATGAAAGGGGATGTCATTGCTGCGAGAAGACCGCCGTAATCCAGACTAAAGTTGACCTCATCCCCGACCTTTAGGTTGTTGTTTTTGCTGTTAAGAATAATGTGATCACTGCTGGAACCCAATATCTCTAAACTGTTATTCGATTTTAAGCTGGATACCAAGATGTCCTGTTTTCCCAGCGCAATGATCACCCGCTGGTGAATTCCCTTATCTTGGAAAACGGGGACATTTCCAAAAGCATCTTGACCGATATCTCCAAATGGAAAAGATGGCTTTTTCTTGGACTCGATAACTTCGGCAACGAGCTTGAAAGCGTCTGTGTGCAATCCTGGGATTGTTTTTCGGTTCACCGTTTCAAGGCCTAAAAGGATTGATTCACCCAGTCGAAAATTGTTTATTTTTCCTACATCTTGGGTAGATCTATACCACTCATAATTTGCCGAGTTGCCACCCGAAATAATTGTTAAACCAAGATGGAATTCATTTTCTATGATATCAAAAAGTTCAGATAGCTCATGCATGTTTTTATCAGCAGGTTTCACACCACCGTAACAAGCCAAATTGCATCCAATACCAACGATTTTTATATGGGATAAAGAAATAGCCTGCCGGATAAACTCAGACAAATCGAGAGGAAGTACGCCTTCACGCAAATCGCCCAACTCGACCATCACAATTACCTGATGGTTTTTGTTACCTGCTTTTGCATAATAGGATAGCTTTTTAAGTGTCTCAATCTCAGTATTTAAGCTAATGTCTGCACTTCGAACCACGGATTCGGCCTGACTTAACGGTGTTCGCAATAGAACAAATTGAGTTGTAATCCCTGCCGCTTTCATCTTTTCTATGTTTTCAATGCGTGAG
NZ_AP021874.1_gap145	6357520	6359162	1642	GATGGCGCTTCAGCGGCTCAAAGAGGCGGCGGAAAAGGCCAAGATGGAACTGTCCTCCTCCATGGAAACCGATGTGAATCTGCCGTTCATTACCGCTGACGCAAGTGGTCCCAAGCATTTGAACGTCAAGATTACCCGGGCCAAACTGGAAGGCCTGGTTGCCGACCTGCTGGACAAGCTGGAACTGCCCTGCCGGACCGCTCTGAAAGATGCGGCCCTGTCTACCGGGGAGATCAATGAAGTTATCCTGGTCGGTGGCATGACCCGGATGCCGGCCGTTCAGGAACGCGTGAAAAAGATTTTCGGAAAAGAGCCCCACAAGGGGGTGAATCCCGATGAGGTGGTGGCGCTGGGCGCAGGCATTCAGGGAGGCGTGCTCAAGGGCGACGTGAAGGATGTTCTCCTGCTGGATGTCACGCCGCTCTCACTGGGGATTGAAACCCTGGGCGGCATCATGACCCGGCTCATCGAAAAAAATACCACCATCCCCACCCGCAAGAGCCAGGTGTTCTCAACGGCGGCCGACAATCAGCCGGCGGTTTCCATCCACGTGCTTCAGGGGGAGCGGGAGATGGCCAACAGCAACAAGACCCTGGGACGGTTTGAACTGGTTGGTATTCCGCCCGCCCCCCGTGGAATTCCCCAGATCGAAGTGACCTTTGACATCGATGCCAACGGCATCGTCAATGTCTCCGCCAAGGATACGGCTACCGGCAAAGAGCAGTCCATTCAGATTACGGCATCCAGCGGTCTTTCCAAAGAGGAGATCGACAATCTGGTCAAGGATGCAGAAATGCATGCGGACGAGGACAAGAAGAAAAAGGAGTTGGTTGAGGCGCGAAACCACGCCGATACGCTTATCTATACGACTGAAAAGTCATTGAAGGATCTTGGCGAGAAGGTGGATGCCGAAACGCGCGGCAACATCGAAACGGCTTCAGCGGCTCTGAAGAAGGCCATGGAGGGCGATGATGTCCAGGAAATTCAACGCCTGAGCGAAGAACTCACCCAGGCCTCCCACAAGGTGGCCGAAGCCATGTACAAACAGGCTTCCGAGGCGGGGGCCGGCGAGGCGGCCGGTCCGGGGCCTGACGCCGGTGCGGATGCGGGCGGTGCCAATGCCGACGACGATGTGGTGGATGCTGATTTCGAAGAGGTCAAAGACAAAAAATAAACCAACGTGAACCGTTGGCGGTAAATATGGGGTCGCGGGTTGCTGATAACCCGCGGCCTTTCTTTATCCGCTTTGCCTGGCCCCGGACCCGACTGCCCGTGCCCAGAAATATCGCCACCGGATGATGTTATCCGAATGGCCGGGCCGGGCACCGTGGTATCGGTCAGATTTTAAAGCTCTCCGCCTGCCCCGTGTATTGTTTGCGCAGTACCGGTTTTTCAATTTTTCCGGTGGGGTTGCGGGGAACGTCGCCGAAAATGATTTTCCGGGGGCGCTTATAGCGCGCAAGCGCACTGCAGAATTCTTCCACCTCCGCTTTGGTCAGGTGGTGGCCGTGCTTTACCTTGATGATGGCCGTGGCGATTTCTCCGAGCCGCATGCTGGGCAAGCCTATCACGGCCGCATCCTGAACCTTGGGGTGGCCCATGAGAAAATCCTCTATTTCTACCGGGTAGATGTTTTCGCCCC
NZ_AP021874.1_gap146	6522669	6525364	2695	AAATGCAAGCAGGCCGGAAGGCGAACCAAACGGATGGTTAGGCTCACAAAAACAGGCCGCGGCCCAGATTTGGCGGATCATGTTTTTTCAACTCACACCGGTGGAGGGTGCCATGGAAACGGACAATACGATTAAACTTCTTTTGGTCGATGACGAGGTCAAATTTTTGAGGGCGGTTTCGGAACGGCTGTCCATCAAGGGCTTCGACGTAACGACGGCAACCAGCGGGGATGAGGCCGTCGAGGCGGCCGGTAAAGGGGGCTTCGATGTCGCGGTGCTGGACCTGCAGATGCCGGGAACGGATGGCGCCCAGGTGCTTAAGATCCTCAAGATGAATCACAAATATATCGAAATCATCATGCTCACCGGGCACGCCACAGTGGATTCAGCCGTGGCATGCACCCGGCTCGGTGCGTTCAAATACCTGGAAAAGCCTTACGATTTCGACAAGCTGGTAGCGGCGCTCAAAGAGGCCTATCATGCCAGGCTGGAGAAAAAATTCGAAAGCAACCAGAAGCGCATGGCGGCCATTCAGAAGCTGTCCATGCAGCAGTCTCCGCTGGGTCTGCTCAAGGCTTTGGCCCGGCTTGATGATGATGAAAAATGAAATCCGTTGACGCAGGTGCATGCGGCAATTTATTGCATGTATTCAGAAACACGCCATTGGGGCGGGAAACCCTGATGCAGTTCCTGTACTTTTGCCGCACCCTGGCGGTGGGCTTGACGATATACGTCCCGGATGCGGTGCGTTTTTTGATGTACTTCGACCTCGACGCCGTTCAGGTCGACCTGGACCGGTCTTATCTCAATGAACCGGAAACGGCCGTCGACCGCGTACTTGCCCTTGCCTCCGAGGCCGGACTGAAGCCACGGTTACTGCGTCCCAAGAATCGTACAGCCAGCGATCTGCCGGACATCCCCACGCATTTTGCGTTCATGTGCTGCCCACGCAGCGTCAGTGATCTGTCCTCAAAAATCGGTTTGGGCTGCATCGGCCCGAAAGTCAGGCGCATCATCCGTTCGGCGGATTTTCCCGTGTTGCTGTCATCACCGGTTTTCAAACCCTGGAAAAGCGTCCCCGTTTTATTCGGTGGATCGGACAGTGCGTTGAATGCGTTTCGATCGGGTATCGAGATCTCCAGGCGCTCCGGATACCCCCTGGACTTTTTTATCCAACTGGAGCAGGACCCCGGTTATTATGAGGGGAGACTCCGGGAGGCATGTCTCGAGAAAGCGGTGGCGCTGTATTGCCGCGATCGATATCAGTTCGCCGGTGGCGAGTTTGTCCACAATCTATATGATCTGCCCCATGACGCGTTGGTCCTGTCGGGAGCCTATGGCCACGGCTTGATCAAAAACATGCTCTTCGGCAGCAAGGTGGAGCGTGCCCAGGCGACGCTGACCAACAGTATGCTGGTCAGCGGCCCGCATTCAGCGGTGAGTTTGAACTGAAGTGAACGCGGGAAGAAAAACTTTTTGACCCCAAGATACCTCAACGCGGCCTTTCCGGATGGTTCGACGCCATGCGGCGGGGGAACCGCCGCCAGGGGGTTTAAAAATGAAAATGAAGACGGCAGCTGAAATCTTATTGCTGGCCGCGGTGCTGATGTACGCGTTCCCGGGAAAGTCGACTGCCGGGACGGATTCGGGCGTCCCTGAAATGCAGACGGTTACGGTGTTTTCGTACCATGCCGGTCCGGGGGATTCCCGCCAGACCGCATGTGCCCTGGCCCTTTTCGGTGCAACATATAAGGCGGTTGTATTGTCGGCCGATCATTTGGCCGGCAAGGGATGGTTAAAAGACTACGGGGACAGGCAAATGGAAGTCTTTTGTCTCGTCGCCGATTCACTGAAAACCGGCATCATCCAGCAATCGTTTTCAGAAAAAGAAGGTGTCGCCACGATTAAGTTCCGACGTCGAATTTCGCTGAACGACTTTGTCCGGGCCGAAATCAGGAACGCTGCTCTGGAGCGGGAAGAACGCCATTTCTCATTGCAGGAAGAGATGGAACCGGTTGTGTCGCCGACCATTGCACCAGGCCAGGAATTGTCCAGAGCGTATCGCTACATCAGAAAATGCCATTGGCGGATGGCAATTATCTACCTGGATCATCTTGAGAATAAATATCCGTGCTGGGGCACGCTTTTTCATGCCAAGGCGATGGCCTATCTGGGGATGCATGAGACCGGGAGGGCACTCAGCGCCTTGTCGTCGGCCTGCCATCTGGGCGACCAGGCAGCCTGCCTGAAAATAAAAGCACCGGGGCCGCCGGATTGAAGCTCGATTGATGCGAAGACCCATGTGGACTTGGTCATGAGCGGACGATACGAACGATCAGCGTGTTGGAAAGGACGTTAAGATGGATGGGGTTGGGTTCCGATTGCCGTTTCTGTAATGGTATACGTGGCCTTGACCTTTGAACTGGTAACCAGGCCGTGGCCGCGCTGCCGGGCGTCTTGATCCTGATTGTGTTGCCGGTGGTGGGTGAACTCACTGCCGGCATGGGGCCGGACCCGATTGTACGTGATCAGCCAGAGGGATGTCTGTGCCTCTGCAGGGTTCGGTGCATTGGGGCGTGTGATGCCAACACCATTACGGGTGACTATCGGGACGGGGTGCGGATGGCCCCGCCGACTTCCACCGCCGGCAATCCAGACCGCTTGCGTAAGGGCTTAAACCGGGTTCCTGGTCCCG
NZ_AP021874.1_gap147	6539429	6540202	773	GGGGACCGGAGGCAAAAGGTCGCGAAACCGACGGCTTCGTTCTGGCTGCGGTTCTCATCTGCGGGCAGCCCATCTTAAACGTGAGGATTTATCATGAACCGAAGACAATCCATCGATGCCATCGACGCCAATGACGGATACTGGGACATGCTGGTGATCGGCGGCGGTGCCACCGGTCTTGGATGTGCGCTGGACGCCGCCTCGCGGGGGTACCAGACCTTGCTGGTGGAGCAGGATGATTTTGCCAAGGGGACGTCCAGCCGCAGTACCAAACTGGTGCATGGCGGGGTGCGCTACCTTCAGCAGGGCAATGTCTCGCTGGTTCTCGAGGCCCTTCACGAACGTGGCCTGCTGATGCAGAACGCGCCCCACCTCGTTCGGAACCAGGCGTTCATCGTGCCCAACTATGAATGGTGGGACGGCCCTTTTTACGGGGTCGGGCTCAAAGTCTACGATCTTCTGGCCGGCCGGCTGGGGTTGGGGACTTCCAAGTGGCTGTCCAAAGCGGAGACCCTTCAACGGATTCCGACCCTGGAGCCGGACCGGCTGCGCGGCGGCGTGGTCTACCATGACGGACAGTTCGACGACGCCCGTCTGGCGGTCAACCTGGCCCAGTCGATTGCGGATGCCGGCGGTGTGCCCGTCAACTACATGCAGGTGACGGACCTGACCTATTCGGGGGAGATGATCAACGGGGTTACCATAAAGGATTCCCTGACCGGGGAAGAACGGACCGTTCGCGCCCGGGTGGTGATCAACGCCACGGGCATTTT
NZ_AP021874.1_gap148	6615228	6619435	4207	CGAGCACCCGGCCGTGCGGACCGCATCACCGGTGTTGTCCACTTACGTGCGGCCTGCCGACCGGGAGACCCCTTTTCTGCTGATCGGCATCGATCCGGTCCTGGACCGTGACCTGCGAACGTGGACCGTCCAGTCATCCGGGCAGGGGGCCGACGTCCAATGGGGGGCGATAATCGCCCGACCGGGTTCGGTGGTCATCGGCGCCCGGCTTGGCGAGGCGTTCGGCTGGCGGTCCGGCGAGCAGGTGAGGCTGGTTCATTCCAACCGGACCGCGACCTTCAGCATCCTGGCCATGCTGGATCGCGACGGACTGGCCCTGGTGGAAGGGGGGCGCATCGCCCTGTGCGACATCGCCACTTTCCAGGAGTTCACCGGACTTTTCGGCCAGGCCGACCGCATCGATCTGAAGATCGAGCCCGGTATGGCCGCGGATGCAAAGGCATCCCTGGCCGCCCTGCTGCCCGCCGGGGTGGTGGCCCGGTCACCCTCGGCCCGCAGCCGGAGCGGTCGCGGTATGATCCGGGCCTACGAGCTCAGCCTGACCTTCCTGAGCTTCATCTCGCTCTTCGTGGGCATGTTTCTGGTCTACAGCCTGGTGGCCCTCAACGCGGCCGCCCGCCGGCGCGAGCTGGCCGTGATGCGCGCCACCGGTGCTTCGGGGCGACTGCTTTTCTGCCTGTTCGTGGGGGAAGGGGCCTTTGTCGGCCTTGTGGGATGGCTCCTGGCCCTGCCGATCAGCACCGTGCTGGTACGATACCTGCTGGACGCCGTGAGCCGAACGGTTTCGATGCTCTTTGTTCGCGTGCAGGTGGATGGGCTGTCCCTGAGCCCCTGGGAAGTACTGCTCTCCTTCGGTGTCACCCTGACGGTCGCCGTGCTGGCCGCCCTGCAGCCGGCCCGGGAGGCCATGGGGGTGCCCCCCCGCGAAGCGTTGGACATCGACCCCGGCACAAGCCTCCGCCCGCGGCTGATCCGCAACATGGCCCTGGGCGGCGTCGGCCTGCTGGCCCTGGTCTATCCCGTCTCGCGGCTTCCCAGTCCGCCGTCGGTTTCCCTGCCCGGGTACCTGGCGGCCTTCCTGCTGTTCGTGGGCTTTGCCCTCCTGGCGCCCCTGCTGCTGCGGCAGTTCGGCCGCCTGGCCGCCCCGCGGCTGCTGCGCCTGGGGGGCCAGCCGGCCTTTCTGGCCGCCGGTTACCTCAAGGAAAGCGGCGTTCAGACGGCCATTTCCGTGGGGGCGCTGATTACGGCGGTGGCCCTGTTCACCGCCCTGGTGGTCATGATTCACAGTTTTCGCAGCACGGTGGCCCTGTGGGTCCAGCAGAGCATCGCCGGCGATATCTACATCCGGCCCAAACTGGCCGAACTCAATCGCTTCCGGGACCCACTGCCGTCCCGTGTGGTAGCGGCAATCCAGTCCCTGCCGGTGCCGGTGGAACTGGTGCCCATGCAGCGCCTGGAGCTGGACCTCGAGGGCCACCGGCATCTTTTCGAGGCCATGGATTACGAGGCCTATGCGCGGCGCAGCCGCTTCATCTGGATGGGCGGCGACGCGGGGCGGATCGAAGCGGACCTGATCGCCGGGAAGGGCGCGGTGGTTTCGGAGGTATTCGCCAACAGCACCGGCCTGAACGCCGGTGACCGCTACCGGGTGCAGGTCGGCGAGCAGGTGCTGGACGTGCCGATTCTGGGCGTTTTTCGGGATTACCGCACCCGCGGCGGCGCGGTCTACTACTCGCTGACCCACTACCGGCAGCGCTTTGGCGATGACGCCTGGAGCGGGGTGCAGATCAATTTCTCCCAGCGCGGGGCCGAATTACGGGAGGCCATGGAGCGGGTGTGGTCATCCCTGCTGACCTGCTGCGGGGAAACCATCGAGATGATCGACGGGCGGCACCTGCGCCGGGCGGTGCTGCGCATATTCGACGAAACCTTTGCCATCACCACCGTATTGCTCCTGATCGCCCTGGTGGTGGCGGCCCTGGGCATCGCCACCACCCTCGCGGTGCTGGTGCTTCAACGGCGGGTGCAGATCAACACCATCCGGGCCCTGGGCGGCAGCGCTGCGCAGCTGCGCCGCATGATCATCTGGGAGGCCAGCCTGATCGTTCTCGCCGGCCAGGCGGCCGGGCTGATCTGCGGGTTTATTTTGTCCACCCTGCTGATTTTCGTGGTCAACCGGCAGTCCTTCGGCTGGACCTTTCTCTACCGCGTCGACTGGTCGTCGCTGCTGACGGCCCTGCCGCTGATATCTGCCGCCGCCCTGCTGGCCGCCCTGCCGGCGGTCCGGCTGGCCCTGAGCACTTCTCCGGCCACGCTGCTGAGGGGAGGCACACGCTAACCCCATGGTCGCATTGAAAAGAGAACAACCCATGACACCATGCAAGAAAGTCAGTGTGCTGGTCCAGATTCTTTTTCTGATGGCAACGGGCGGCTTCCCGGCGGTTGCCGCGGACGACGGGTTCATGAAGGTTACCGGTCCCTGCGGCCTCTCCTTTCCCGCCGATCATGGCCCCCATCCGGACTACCGCACCGAGTGGTGGTACTACACCGGCAACCTGACCGGCCGGGACGGCCATCGCTTCGGCTTCCAACTCACCTTTTTTCGCCGCGGGATCCAGCCGCCGGCGGATCGCAAGGGGTGGCCCGACCCCTCCTCGGCCTGGCGCACCGACCAGATCTACCTGGCCCACGCCGCGATCAGCGACATCACCGGCGGCCGGCACCCGCAGGCCGACCGGATGGCCCGTCCGGTGCTTTCCATGGCCGGGGCCGAGCTGGCGGATGGAGACGTGACCATCCACCTCCACGGCTGGCAGGCAACGATCACCCCGCAAGGTCACCGGCTGCAGGCCGATGCCGGTGACTTTGCCCTGGCCCTGGACCTGACCGCGCTCAAACCGCCGGTGCCGCACGGGGAAGGCGGCTACAGCCGCAAGGGGCAGTCTCCCGATCGGGCCAGCTGCTATTACTCCTTTACCCGGCTGCATGCCACGGGCAGCCTGACCGTGGCCGGCACCCGCCACACGGTGCAGGGGACGGCCTGGATGGACCACGAATTCAGCACGGCCCCCCTGCAGCCGGGCATTGTCGGCTGGGACTGGTTCAGCCTGCAGCTGGCCGACCACTCGGAGGTGATGCTTTTCCTGCTGCGCCAGCCGGACGGGACATTGAACCCGGCTTCCAGCGGTACCGTCGTGCTACCCGGAGGGGACACCCGGCACCTGACGCTCGGCGACGTGCGGGTCACCCCGCTGTCGTTCTGGACCAGCCCGCATTCCGGTGCACGGTACCCGGTCGGATGGCGGCTGCGCGTCCTGCCGCTGCAACTGGATTTCACCCTGACGGCCAGTCTGAAGGACCAGGAAATGCGCACCCCGCACAGCACCGGGGTGGTCTACTGGGAAGGCAGCGTGCAGGCCAGGGGCACCGGCCATGAAAAGACGATCGACGGAGTCGGCTACGTGGAGTTGACCGGCTATGCCGCGCCCTTCGACGCACCCATGTAAACCGCCGGGGCATACCGTATTATAATGTTTTGGGAGGTTCATGGCAGGTGCTCACCCCGCCGCTCGTACGGCGGGCAGTGCATCGACCGGCGGATGACCGTCGGCCGGTCGACACCGACGCTGGCGCACAGGCGATAAAAACCATTATGACTCCGAAGACATCCCCCTTCAGGACGTGCCGGGCGACGGCCTTTCTGCGGATCAGGGATCAACCGAACATGAAGGCCACGGAGGCGGCCCCCAATCCGGCACTGGCGCCGATGACCGGTGAGATGTTGACCCGGGCCACCGGGGAGGCGGCGGTGAGGGCCGTCATCTGGCGTGTATACCAGTCGGCCGCCGGCCGGTTGTTGGCATGCAGAACGATACAGTTCCAGATGGCCCGGTCCCGACTGGTCCGGTGGATGTGGGCCATGACCTTTTTCATGTTGGCCTTCTGGCTGAAGGGTTTGCCAAACACCATCGAATTCCCGTCGGTATCGATCGACACGATCGGCTTGAGGTTGAGCAGATTGGCCAGCAGGCCTTTCAGCGGCGAGACGCGTCCCCCCCGGACCATGTATTTCAAGGTGCTGACGCTTACCAGGATGCGCGTGTCGTCCACGACCACGTTGGCCCCGGCCAGAACGTCCAGTTGGAGCGGGGTCTCGGCCAGCACCTTTTCGAGGATGGCCTTCGATTCGACAAACAGCTGGCCAAAA
NZ_AP021874.1_gap149	6620992	6623277	2285	AGCGGTTCCAAAAGAAAAAACCTGCTGCTACGGCCAGGGCAATGATGGTGAAGACGGTGGTGCGGTTCACTCGTTGCATGGTTGATGGCTCCGATTTCCCGGGTTGTTGCAGGGCAGAAAACCAGGCGTTTCGCATAAGCCTGAACGCTTGATACCGGTCAAACGGGCGTCCTGTCAATGTCAGGCCGCCTTTTCCGCTTGCGTGGCCTCAGGTCCGGGGCGATCCTCCGGGATTGCGGCGGGGGTCACCGCCCCGGCCAACCGGGTCAGCGCATCTCCTTCGATGACTTCATCGGCAAGCAGCCGGCCGACCGTTTCAACCAGAAGCGCCCGGTTGGCCGTCAGAATGTGGAAGGCCACATCATATTGTTCGTCGACGATGCGCCTGACTTCCTCATCGATGGTTTTGGCGGTTTCATCGCTGTATTGACCGCCGGCATCACCCATTCCGCCCAGGAAATTCGGTTGCTGATTGTGGGCAAAGTAAACCTGCCCCATGCGTTCGCTCATGCCATACTCTTTGACCATGGAGCGTGCAATGCCGGTGGCGCGGGAGAGATCGTCCTGGGCACCGGTTGAGATGTCGTTAAAGATGAGCGCCTCTGCCGCTCTTCCGCCCAACAGGGTCGCGATGCGGTTGTTCAGTTCGGTCTTGCGCATCAGGAATCGGTCTTCGGTCGGCACCTGCATGGTGTAACCCAGAGCGGCAATGCCCCGGGGAATAATCGATATCTTCCGGACCGGGTCGGTTCCGGGCAATGCCATGGCGACCAGCGCATGCCCCAGTTCATGGTAGGCGACGATCTCTTTCTCCGCCGGATTGATCAGCCGGTTTTTCTTTTCCAGCCCGGCCACCACGCGCTCAACCGCCTCTTCCACTTCGGCCATGCCGACACATGCCCTGTCGCGCCTGACGGCCAGCAGGGCCGCTTCATTGACCAGGTTGGCCAGATCTGCGCCGACCATACCCGCGGTCATCGCCGCGATTTTCTCCGGATCGATATCCGTCCCGGTTTCGATCTTCTCCAGATAGATCCTGAGGATGTCCACCCGTCCGGTTTTGTCCGGGCGGTCGACGAGCACCTGGCGATCGAACCGGCCGGGCCGCATCAGCGCCGGGTCCAATATCTCAGGGCGGTTGGTGGCCGCCATCAGAATGACGCCAACATTGGCATCGAATCCGTCCAGTTCCACGAGCAGCTGGTTCAGGGTCTGCTCCCGCTCATCGTGACCCCCGGCCATACCGACGCCACGGGCCTTTCCCAGCGCATCCAACTCGTCGATGAAGATGATACACGGTGCTTTCTCTTTGGCCTGCTTGAAGAGGTCGCGGACCCTGGCCGCTCCCAGGCCCACAAACATTTCGACGAACTCGGAGCCGCTGAGGCTGAAAAACGGCACACCGCTTTCTCCGGCCACCGCCTTTGCCAGCAGCGTTTTACCGGTACCCGGCGGGCCGACAAGCAGTGTGCCCCGCGGGATCTGCCCGCCCAGACGCGTGTAGCGTTGCGGCTCTTTCAGGAAATTGATGATTTCCTCCAATTCCTGTTTGGCTTCGTCAACACCGGCCGCGTCATCGAACCGGACCGAGACGTCGTCATCGACGTATATCTTGGCCTTGCTCTTCCCGACGGTCATAAATCCGGCCTGCTGCCGGAAACGGCGCATCATCAGGACCCAGATACCGAAAAAGATGCCAACCGGTATCAGCCAGGAGAAGAGTGTTCCCCAAAAGTGGGTCTCGCGTCTTCCGGAGTACTTGACATCGTTCTCATCCATCAGCTGGGAAATTTCGGGATCCACCCGGACCGTCCTGAAAAGCGTGTTTGACTCCGCCCCGTCCTTCGAGATCAGCATGCGGCCTTGAATTTCATTTTCGGAAATGGCGATTTCAGAGACCTTGCCCTCCTTGACCGCTTTGACGAAGTCGCTGTAAGGGATGTTCTTCACGGCCAGAGTTGAAGCAATCAGGTTGTGCAGAAGCAAAACAGCCCACATGCCGATAATCGCGTACCAGATGGAGAATCGATGTTGTTTTTTCATATTGCCCCCTTCGGGCCATGCGTCGTGGCCTGTCCGTAAGCATGTCAAAAAAATCATTCCGTCGGCAAACCGATGGTGTCGCGGCGCAGCTCGTTGGAAAAGGCGTCGCGGCATGGTGATACCCTGCATCGGTCGACAGCCGGTCACCCTTTTCCGAGTAACCGGCACAAGCACGCCGCCTGCAGCAATTGGCTCAGCAGGCCATGGGCGTCAGGTCCGTATCACATTCATTGCCGCCACCG
NZ_AP021874.1_gap150	6627555	6631740	4185	GTCGATGGCGGTGGATAAACGCCCAATAGAGGCTGTTGAATGGGCAGGATCTGTCACCCGTCGGTTTGCGCCACAGGTAATGGCAGTCCTCACAGTAGTCGCTCATCTTGTGGATATCGTTGGCCGAAGAGACGTAGGGTTTGGTCGCCACGATACAGCCGTCCGCGAACTGGCTCATTCCGCGGGTGTTGACGATCTCCACCCACTGAACGGCATCGATATAGACGCCCAGATACCAGTTGTCGACGCGATCGGGATGGACACCCGCCAGGAGGGCGAAATTGCCGGTGATCATCAATCGCTGAATGTGGTGGGCATAGGCATGCGTGAGCGATTGGGATATGGCTTTTCGCATGCAGTTCATGCGCGTGTCCGCAGTCCAGTAAAAATCCGGCAGGCCGGCCGTGTGGCCGAAATGGTTCATCGCTGCGTAGGCGGGCATGTGAGACCAGTAGATACCGCGCATGTACTCGCGCCAGCCGAGTATCTGGCGAACGAAGCCCTCCAGCTGTTCGATGCTCACGGTCACGCCCGAAGTCGCCTGTGAACGGGCGATTGCCGCCTGGATCACCTCCATGGGATGAAGCATTTTGGTGTTCAGCCCAAAAGAGAGCAGCGAATGAAACAGGCACCAGCTGCCGGCAGTCATGGCATCCTGATACGTGCCGAAGTGGGGCAGCCGATGGTCGATGAAGGTTGACAGCTGATGCAGGGCCTGGTCGCGGGTCACGGGCCAGATGAACCCCCTGGCGTCAATGTCGCCGAAGGTGGGCACCCCGCAACGATCGATCATGGCGACAATATCGGACACATCGTTGTCGAAAACGGCTGGCTCGGGAAGCGGCACAGCGCTATCGTAGCGCCTGCGATTGCTGTGGTCGTAATTCCACTTGCCCCCCGCGGGTCTGCCATCCTCCATGAGGATATCGTAACGTTTACGCATCAACCGATAGATGGTATCTTTTCGAACCTTCCGGAACCACCTGTGCTGTGCGTTGAGCTGGTCGCCGAGGATCAATCGAAGGGTTGTGCCTTTTTTCATGGGTGTTCTGCCTGAAATGCCCGGCGGCAATGGGAGTTCAACTGCCGGCCAGGGGAACCGGTTTGATGCCTGGCGTGTCAATCTTTGGCGGCCTGGAGGGCGCGAACGGAGTGCATCGATCGGGTTGGCAGGTCGACGGCCCAGGCGACCGCAGCCCCCCTCTATCCGCCATACCGGTTGCCGGCCTGCGCCAGCCACCGGTCAATGCGGTTCAGCGCCAGGCGGCAGACGAGACCGTATCCGAAAGCCCAGGCCGGCACGGTGAAGGTCAGCCGGCATCGATTCGGTCCAATAGGGGCCACACGGTGGCCGGTGGCAGCCAGACCGCCTACCCGCCAGTCCCAGTAACGCCCGGGGTCGAATGTCTCCGCCGAGAAGGGTACCCATATGCCGATCGGGGTGAGGATGCGCCCCGAAGATCCGGCATGGATGAAACGATCACCGCAATCGACCGCCCTTACAGACGGCCCCCAGTGTGGCCAGCTTCTTGTGTCCGTGATCAGCCGCCACACGTGCCCGCCGGCTGCGTCGAGTCGTTTGGAAAACCCACGTGGAGGGCTCATGGTCAACCGTTCTGGGGGTGAGGCGAATCGGCACGCCGGTGTCGGCTGCGGTGGGAACCACTTCGGGTGAGGCGCTGAACGTAAAGCGTGATGTCCTTTTCGCCGCGTGTCAATAAAAAAATGCTTGTCTGAACCCTTCCCGGTTGGTTTAATACCGGGGAGCATGTCGCGGTCTGAAGGGGGCCGGCACCACCGTGCGGGGCACCCCCCTCCAATCGCCGCGTCCATGCGTTTTTCCTCCATGGCGCGACCCATTCCTGCCGATTGCGTGGTCCAAAAGGTTCTTCACACAAAAATCTCCGGGTGGGGCCGTATGGACCGGGTGCTCCTGCCCGGCCGATACAACCGTTCAATGAATCGGGCGCCCGGCCGTTTTCGGTTGCCCGATATGAATAAACCAGCGTTTCCAACCACAGGGACAGGGAGGTGCTCGTGATCCATCAATTCGACACGGTGATCGTCGGGTCCGGCGGCGCCGGGCTATACGCCGCACTGGAAGCCAGTCAGCGATCGAAAACGGCGGTTCTCTCCAAGCTGTACCCCATCCGCAGCCATACCGGTGCGGCCCAGGGCGGGATCAGTGCCGCGCTGGGCAACGTGGAGGAGGACAAACCCGAATGGCACGCCTTCGACACGGTCAAGGGCGGCGATTATCTCGTCGATCAGCAGGCCGCCGCCATTCTGGCCGAGGAGGCGGTCCAGGCGGTCTATGATCTGGAAAACCGGGGCCTGCCCTTCAACCGCACCCCGGAAGGGCGCATCGACCAGCGCCGGTTCGGCGGGCACACCCGCAACTTCGGCGAGGGGCCGGTGCGGCGGGCCTGCTACGCGGCGGACCGCACCGGACACATGATTCTGCAGACCCTTTATCAGCAGTGCATCAAGAACGCGGTGACCTTTTTCGACGAATTCCAGGTCGTGGACCTGATCCTGGACGGCTCCACCGCCCAGGGGGTCGTGGCCGTGGAACTGGCCACCGGCGACCTGCATGTCTTTGCCGCCAAGGCCGTCCTGTTTGCCACCGGCGGGTTCGGGCGCATCTTCAGGATCACCTCCAACGCCTACGCCAATACGGGTGACGGTCCGGCGGTGTGCGCCCGGCGCGGGATCCCCCTGGAAGACATGGAGTTCTTCCAGTTCCACCCCACCGGGATCATGGGGCTGGGCATCCTGATATCCGAGGCGGTGCGCGGCGAAGGCGGCATCCTGCGCAACCGGGACGGGGAGCGCTTCATGCAGCGCTACTCGCCAACATTGCTGGACCTGGCCCCCCGGGATATCGTCGCCCGCTCCATCCTGACCGAAGTGCGGGCCGGGCAGGGGATCCGCGGCGACCGCCGCATCGACGACTACGTCCATCTGGACGCGACGCATCTGGGAAAAGAGACCCTGGGCAGCAAACTGCCCGACATCACCGGTTTCTGCAAGACCTACCTGGGCATCGATCCGGCCGATGCACCCATCCCGGTGCTGCCCACGGCCCATTACGCCATGGGCGGCATCCCCACGGATGTGCAGGGGCGGGTGATCATGGACGGTGCCGGCACCATCGTCAACGGCCTGTATGCCGCCGGGGAATGCGCCTGCGTCTCGGTGCACGGTGCCAACCGCCTGGGCACCAACAGCCTGCTCGACCTGGTGGTGTTCGGCCGCCGGGCGGGGCGGCACATCGGCGATTATGTGCGCCAGGCCGACATGCCCCGGCCCGGCACCGCCGCCGCCGACGAGGCCCGGGCCTTCATCGGTCGGCTGACCGACGGCGCATCCGGTCCCCACGGCGGCCACATCACGGACGACATGCAGACCACCATGATGGAGAACGTGGGCATTTACCGCAACGCGACTGACATGCAGGCCGCCGTGGACCGGATTCAGGAACTGCGGCAGCGCTACCGGTCCGTGCGCGTTCAGGACACCGGCAGGCCCTTCAACACCGATCTGCTGGAAATCATCGAACTGGGCAACCTGCTGGACCTGTCACTGGTCACCGCCGCCTCGGCACTCAACCGCCGGGAGAGCCGCGGGGCCCACAGCCGGGAGGATTTCCCCGAACGGGACGACGACAACTGGCTCACCCACACCCTGGCCTATCTGAAAGACGATTCGGTGCGTCTGGACGACAAAGCGGTGGACACCTCCGTCTGGGAACCCAAACCGCGCACCTATTGAAACCAAGGAGCCATACATGGAAATCACCCTCAAGGTACAACGCTTCAACCCCGACATCGACAAGGCCCCCTATTACCAGACCTACACGGTGGCGGCCGACCCCAACGAGCGGCTGCTGGACGCACTGATGCAGGTCAAGCGCTTTCAGGACGGCAGCCTGGGATTCCGCAAAAGCTGCGCCCACGGCGTCTGCGGGTCGGACGCCATGCGCATCAACGGAAAGGACGGCCTGGCCTGCAAGACCCTGATCAGGGAGGTGGCCGAAAAAGACGGCGACACCGTTACCGTGGAACCGCTTCGCTACCTGCCCGTGCAGCGGGACCTGATCGTCGATCAGAGCGCCTTTTTCAAAAAATACAGGTCGGTCAGGCCCTTTTTGATCAACGACGAACCGGTGGACGCCAAAGAGCG
NZ_AP021874.1_gap151	6633803	6635542	1739	CCTCAGCCCACCTTCTTGAAGGCCGATTGCGGGAAAAAGCAATAGGGGCACTCATCGGGAGCCTCATCCCCGTAGTGCACATAGCCGCACATCCGGCAACGCCACACGGGCCCCGTTTGCGGATCGGCATGGGGATCGGCGTCCCGGTGCAGGGGCAGGTCTTCCAGGGCCGGCATGACCGGCTGGTATTCACTCATCACGTAACCGGAAACGATCACCCGCTGGACTTCACTGGTCCCTTCGTAGATGCGCAGAAGGCGGACATCGCGCAGCAGCTTCTCGACAGGGAACATCTTGGTATAGCCATAGCCGCCGAAAATCTGCAGGGCCTCGTTGACCACTTCCAGGGCCACTTCCGTGCCATAAAATTTGGCCAGGGAGGCATTCAGGGTAGGATCCTGGCCCTGGTCGGCCTCCCAGGCCGCCTTGAGGGTCATCAGGCGCGCCGTTTCGACTTTCTGGTACATGTCCGCGATCTTGAACTGGATGGCCTGGAAAGCGCTGACGGGCATGCCAAACGCCCGGCGTTTTTTGGCGTAGTCCATGGCGAATTCCATGGCTGAACGGGCCGCACCTACGCCGAAAGCGCCGATGATGGGTCGCGTCCGGCCGAAGGTTTTCATGGCCAGGACGAATCCCTTGCCCGGCGGCGCCAGCACGTTGGCCTTGGGAACCCGGACATCGTCAAATTTCAGGCCCACCGTGTTGGAGCATCGCTGCCCCATTTTGGGGATCGGGCGGCCGACCCGTACGCCGGGCCAGTCCTTTTCCACCACAAAGGCGCAGATGCCGTCGTGCTGCGTTTCGGTATCGACCGTGGCAAAGACCGATATGTAGTCGGCAAGGCCACCATTGGTGATCCAGTATTTGGTGCCGCTGAGGATGAAGTCGTCGCCATCGGCCCGGGCCCGGCAGCGAATACCGGCCACGTCCGACCCCATGGTCGGCTCCGAGGTGGCAAAACAGATATTCTTGAAATCGTTGAGGATGCGGGGCAGGTACCGTTTGCGGGCGTCCTCGTTGTCAGACAGCAGGAGCGGCTCCATGCCCAGTGAATTGTCAAAAATCGACGTAGCCAGACCGGGGCAGGCTGCGGCCAGTTCTTCGGTCAGGATGGCGCCCTCGACCAGCCCCAAGCCCTGACCGCCGTATGCCTCAGGGATGTCCGTGTTCATAATCCCGGCATCGTAGGCCTTGCGCAGCACCGAGATCGGCATCTCGTCTTTCTCATCATAGTACCAGGCGATTGGAAGGACTTCTTTCAGCGCAAACTCGCGGGCTTTTGACTGAAGGGCGATCTGCTTTTTGGTCAGCGTAAAATCAAGCATTGGTTCCCCCTTTTTAAAAGTTTAGGGCCTGCCGCGATACCACTGATCGGTGCCTGTCGGTGCGTTGCCTGCACCCGATGGCACCGCATGCAGGCGGTGTGTCATGGTGATGGGATCGCTTCCACCATGGCACGGCGGCGGCCGCGATGCAAGTGGCGGAACTTCAGGCGGCTCGGGGCAACCCGACGTTTTTAGACGACCGGATCTTGCAGTCCCCGCCGGGTTTATAAAACCCCATAACCGCAAAAGGAAGCAATGTGCTTAAACCGCAAATGTGTACGCGTTGGTTTATGGCGGTTGCAATGGTATCCGGGATGCTTGTATTTGCCGGCAATGCCATGGGTTCCGGGTTTGCCCTTATCGCGCAGAGTGCATCCGGTGCCGGTTGTGCATATGCCGGCATCGGCGTCA
NZ_AP021874.1_gap152	6640381	6644088	3707	CTTGCTTAAAATGACAGTTGAAAACCATGGCTGCACCATCGTAGACTTGGATCTTGAAAATCACATCGTGAATCTGGACGGACCGGATGACGCTGTTGATGCATGCGCGCGGGCTATCGCCGAACTCGTCGGAGACTAGACGATGCGCCCGCCATCAGCCGGCATCGGGTGATCCGTTAAGGGCGATGATGCCGGTCGATGAGAGGTTTCCGACCCATGCGCGAAAGGGCGCTGCTCAGCGGCGCAGGCGTCACGCTGGATGGCAATCAACATACACGCCTGACCGTTTTCGCGGCCATCATGCCGGATCCGGGCGAGGAGGATTTTCGGATGAAGGAACCGGTTGGTTTCCCGATTGGGTTTGTCAGTTTGCGTACGGGGCTCTCCGTTCATGTGCTCAGAGCATGGGAACGGCGGTACCGCGCGGTGACACCGAAACGCTCAGCCGGCGGTCGTCGCCTGTACACCCAATCGGACATCGATCGCCTCGTTCTGCTCAAACGGGTCATCCAGAAGGGCCAGAGCATATCCCACATTGCCGGACTGGGGCAGGCCGAACTCCACCGGATGGCCGTCGCCGATTCCGGGGCGCCTGCTTCTGCCGGCACCCGCCCCCAACCGGTTTCCGGCATCCCCGCCCGTGGATGCACGGAAATGGTCGATGCCTGCCTGGAAGCGGTTGTGCGGCTCAACGGCGGTGCGTTGCGCCGGATACTGCAACAGGCCGCCATCGGCTTCAGCAGGCAAGCGATGCTTGAAACGGTCGTGAGGCCGCTGGCGGAAGCGGTTGGCCGTGGCTGGTCCGAGGGCTCGATGCGGATCGTGCACGGGCATCTGGTTGCCACCGTGATTCATGAACAGCTGGTCGCCATGCTGAATCATTCCAACGGAGACACAACCGGTCAACCCTGTGTCCTGATCACCACACCGACGGGGCAGCACTGCTATCTGGGCGCACTGGCGGCGGCCGTCACGGTTCAGGATCACGGCTGGGCACCGGTCTTTCTGGGGGCCAACCTGCCTGTGGAAGAAATTGCCGCCGCCCGCTCGATCCTCGATCCCCAGCTGCTGGCCCTGAGCATCACCTGCCGCGTCGACGACACCTTCATGCATGACCAGCTCGACCAGCTGTCGACCCTGCTGAATGGTCACTGTCCCCTCGTGATCGGCGGCCGGGCCAGCAATTATTATCGTCGAAGCATCGAAACGGCGGGCGCTGAAGTCTGTTTAACCGCCGCGGAGCTGGTCACTTTTCTCGAATAAACCGACCTGATTGCCTCCGGGCGAAAACCGTGCGCGATCGTCTCAACAGCCCTGAAAATCCCTTTCTTTTGGCACCCTCAGGCCGAAATCCCTTTGAGAACCCGTTCGATATAGTTTTGCGTCTCCCGGTATGGAACGTTTCCGTTGTACTTTTCTACGGTTCCCGGCCCGGCATTGTAGGCGGCCAGGGCCAGTTTGACATCCCCGCCGAAGCGATCCATCATCCGCCGCAGATAGCCGGCGCCGCCGTCGATATTCTGCCGGACATCAAAGGGGTCGTCCACCCCGAGTTCTTTCGCCGTCCCCGGCATGAGCTGCATCAGCCCCTGGGCGCCGGCCGGTGACACGGCATCCACCCGGAAGCTGGATTCGGCCTGTATTACGCTTTCAATCAGTTTGGCCGGAAGGTTGTATTTTCTGGCCGCGTCTTTGATGCTGTCGGCGATCAGTGCCCGGCTGTCCGTTTGGGGAGGGCCGCCGGCGTCGGCCTCAACCCCGCCGCCGTCGGATGCCGAATCTGAAATGACGTGCTTTCCTCTTGACGCCGCAACCGCATCGCCGAACCCCTTCGGGCCGCCGGGGCGGGGGGAACCGTTCATAAGGGTCGATTTCTGGAAGAATCGGGCTGTGGCAGGCGGGACGGCCTGGCGTCGATAGTCCGAGAGGGTCAGCCCGGCTGGTTTTCCCGTCGAGCCCACGGCGTTCTCTGGAACAGGCGATATCGCCGCTGCAAGATTCTCTGAAAAAACCGGATCGGGGCCGGTTTTTGCCGGGATGGATGATCTGCGGGCCGCCGTGGTGGCCGGCTTGATTCCCGCATTTCGCAGATACGCATCGATGGTCATATGGGTTTTCATGATCGTTCCGTTCCTGTTGACATTGCCTGCAGTCAGATTCAATTTTCATACCAGCACCGGGAAGGCCCAATGGGTAGAAAAAACAGGGGGCTTGGCAATGATCGCGCCGGCGGCATCGCTGCATCCGTCAATTCCACCGGGTCAGGAGACAAAACCATGACACCCGACGCCTGCGACTATGAATCCGGACCCATTTTGCGGGGGCAATGAAGCTGACGCCAGTTCTGGAAGCGTGTGGTAAATTATCGCTGCTCAGTTCTTCCGGATGTCAGCGACGCTTACCTCTTTCGTGGTAAGGTGATGGGGCCGTTGACGCCGCTTTTCGTTTTCCGCAGGGTTGATTTCCATGAATTGACATCGAACGCTGTTGCTCTCTGGAAAAAGGTGTGCCGGGCAGGATCGGGGCGTTCCTGCCCGGCACCGCTTACCCCAAATTGAAAGGGCTAATCGGAAAAGTTGAAGTTCAACGTATACGCCGCTTCCGTGTCGCCGGCATCAAAACCGACCACTGTTTGAGGGGCCAGTCCATCGCTGGTGGCCGTGACATCATAGCTGCCTGAAGGAAGCTCGATTCCGTATGTATACCGGAATGCGCCATCTGCAGGGGTGTAGACGGTCTCTGATGAGTCCTCATCGTCGGTGGTCCGGACATAGGCGGTTTCGACCGGGACCGGAAAACAGTCGCCGATCTGACGGCTGAAGCTGACGGTCACCACAGGCGCTTCTTCCGGGAAGGATTCCTCATCATCGTCAACAGGCGCCGTCCCGGTAACGGTCCCCGTTACTGTCACCACTCCAGTGGGTGAAAGGATAAAATCCGTATCGGGGTAGGTCTGGTCGGCCTCCACCGTCAGGGTGGTGCAGCCGGGGGCAAACCCATCTGCCGTGGCCACGATCCGGTACTCCCTGGCATCCAGCGCAACATCACCGCCCAGGTCCAGGTAGAGCATATAGTTGCCGTCTTCACCGGTCGGCGAACTCATGGCCTCGTTCCAGTTGCCCTCCGCATCTTCATACCAGGCGGTGACCGTTGCACCGGGCAGGGGGGCCGCTGTCAGACCATCCGTGGCCACCATCCCGGACACAACGGCCCGGTTGCGGGTGCCGATGACCTTGATGGTCGGTTTCAACAGGTATTTGCCACTGTTTCCGGCCTTGACCACACTGCGCGCCACATCGAAATCCAGGATCAGTTCGGTGGTCAGACGCGCCACGATGTCGAAGGGATGAACCAGCTTGATGCCGGTCTGGTACCCACTGGGGACCTTCATCTCGTGCGCTGCGCCTTCCTCGTCGATCAGGTATTGGGGGTATGGGTGCTCCGCCAAATCGTCCGGCTGATCGTCAAGCAGCAGTCGCATCTGGTTGTATGTCCCGGCTTCAAGATCCTTTTGCCCCAACGTTGCCATGACGCCGTTGACCAGTTCAAGGAGGTTGTAGGTCTGTCCGGGCGCGGCGATGGTATTCCATTGACACGCACAATCATCCTCCTCCTCGTCCTGGTCGCACAGGCCCGTTTGCATGCAGACCTGAACTTCCTTGATGGTCACATATACCGCCTGATAGGACCCTCCGGGCGCATCCACC
NZ_AP021874.1_gap153	6838774	6842941	4167	GTATACCGAACCGTCGCAAAGGATCGAACCGTCACACTCAACGGCAACCTGTTCGAAGCCCCGGTGGTATTGATCGGCAAGCGGGTGCTGATTTTGTATCACGAAAGCGAACCGAAAACGGCTGAGGTGTTTTTCAATCGGAAGTCCCACGGATTGTTGGTTCCCGTGGATCTGCATGTTAACTGCCGGGTAAAGCGGGACAAGAACATCAATACCCAACTCGAACCGGCCCACAAGACGGATTATCAGGGAGGCGGTCTATGGAAATGAATACGCCGTATCTGCCGTTCTTCGGTTTTGAGAAAGAGCCCTTCACGGCGGATATCGCGGTGACGGATATACTTGAAACGGATCAACTGGCGGCAGCGAAGAACCGTTTCGATTACAGTTTGGGGTTAGGGGCGATTTATCTGATCACCGGTGAGATCGGCTCCGGTAAATCCACAGCCATCCGTTATCTGGTAAACGGTCTGCATCCTTCCGAGTACAAGCTGGTCTACGTCACAGCCACGTCCGGTTCCATCCTGGAACTGTACCGCCTGATCATGGGAGAACTGGGAATGAAACCTGCCGGGACCTCCCGTGCGGCCATGACCGATGGAATCAAACGAGAAGTATTGGAATTGATCCACGGGAAAAAACAAAATGTCGTTCTGGTCATCGATGAAGCCTCTTTGCTCCGTCTGGAAGTCTTCGTGGAGCTGCATACGCTGTGTCAGTTCGAGATGGACTCAAAACCCTACCTGCCCATGGTACTGGCCGGACAAACTCATTTGATCGACAACCTGCGATATCCGGGTTGTCTTCCCCTGGCATCGCGGGTGGTGGCCAAAAGCCATTTCATCGGTTCCAAAAAAGAACAGATGCAAACCTATCTTCAGCATCATCTGACCATTGCCGGAATCGACCGGATGCTGTTCGAAGGTGATGCTATCACGGCCATCCACCAAGGATCGGGCGGCATCTTCAGGAAAGCCAACCACCTGGCTCGCGGTGCCCTGGTTGCCGCGGCAATGGGTCATGAAAAAACTGTCAACGCGGAACATGTGCGGCTTGCCGCATCCGAAATATTTTAGGAAAGGAGTCGATATGCCATCCCATCCGACCGCCGAAGATATCCGCCAAAAACTGGAGGCGCTTGTATTGGCCGCCATCTTAAATGTGCTCAACCGATTAACGGATGAGTTGTCTGTGGTAAGCCAGCAGAAAAAGATGAAATTTTAATCCGATTCGATACGGTTTGCCCGGTGAAACGGAGACAGGCTCTGCTGGGGAGCAACCTGTCAAGGGATAGCCGGGTGCAGGAGGCATTGAATAAAATGCCCAGAGGGGAGTAGCAAATCAGAAATGCTGCTCCCCTCATTTTATTCAAGCCTTCCTGCCCATGCCTTGAAAAACCCATAAGATTGGAGCGCGTAGCGCACCCTAATAGAGGTCCGACCAACGGTGGAAAGTCGTTGAAAACCGGTGGATATAAACAAAGTTCCAGTAAATTTGAAAACTTCGAAAACTCTTCAATTTAATCCGAAAATTGTCTTCCGTTGATTGCGGGAATCAACAATATCATCGTATGGGACTTTAAATCGTATGTAAACGAGCTGATATACCATCTCCTCGAATGCATATTCTCCTTCAAAATGTTTTTTAAATGAAATCTTTTTATGTGAATTTGGTGGTATTTTTTCACTATAATCTAAATTGCTTGATCTATTTTTTCCCTCATACATGCCGCTACTATCTACAATAAACATCCATCTTTTCTTTCGGTCTTTAAAAACTTGAACAAATAAGCATGTCACATCATGGGCGGCAAGCTCTCCCATGTTATGAATTTGGTAACTATGATTGAATATCCCATCTATATACTCGGTTTTTTCTGTAACTACCAAGAATACAGGATAAGACTTAATCATGAATTGCTTGATACTTGAATCGGCCAGTTTTTTGGTTTCTTTTCTCATCTCGCGGGCTTCATCAATGTGGCTGTAAGTTAAAAAAGCCAATGCAAAAGTTGCCAATGCAACCATGAGGTTGCTGTATTGATTCAGCCAGTTTAAAAAGTGTCCCACCAAACCAAAAAAAATAGAGATTAAAGGCTTCTTTTTTCCTTCTTTATTTTGAGCAACTTTCTGATAGACAGCCTCCTTTTCGTTAGCCTTACTCTCTTCAGTTGAATCCTGATCTTTTTCGTTAACCTTACTCTCTTCAGCTGGACCTTGATCCTTTTCGTTAGCCTTTCTCTCGTCGGTTAGATCATGATCCAGTAAGTCAACATTGTTGCCCCCTGATTCTGCTGAGAGTTCGTGTGGCTCATCCTCCCTCTTTCGGTAACCTAAAACCTGAACATCAGTTTTATCTACTTCGGAATCATCCATCTTTACCCACTCCACTTCTAATGGACCGATTTTGTCCCTGAATCTTTTCCCGCCAAAAAACAGCCTTCAACTGATCTCATGCGATTTATCACCAGAATCAAAATGTCAGCCAACTGAAAAGTATTCATGTAGCGCACATCCATAGAGCTACAATGCCAGCTCCGGACCTCCTCTATAGGAGCCCTTTCACGGAGATGGGACAGGAGCCATCCCAGAGTAGGGGAGTTGGCTGAAGATCGCTGGAGTGCGCGCATCAATTCTTTCTATCCTTTTGCCACCCCCGAGCCTTCATACATTTTTCAAATAACCGTTTTCGCACCCTTTCGTTATAGTCAGGGGTTTGCAGAGGGGATAGGAATACGGCAGCATCCCGTTCGCATTCGTAGGAGTCTCGATCAAAAGCAGAGGGGTTGCCACCGGTCCATACATCCTGATCTTTGACACAACCAACGACAAAAAAAAGAATGCTCAAAATCGAAACTGAAATCTTGGACATCATGTTACCCTCCTTTTGACTTTCGCTTCTTGGCGGGTGTGGCAGGATCATTGTTACTGCGCCCATCCTCGCGCCAGAATTCTTTAGGTAACAAAATTTTCATCTATATATTGTCAATTTTAAACCAGCCAAATGAATACACGGCTGCACATACCCCACCCCAAGTTGCTACTTTTGCAAGAAAACTTAGCGCCGATACTGAAAGTGGAACTGAAATCGACTTTTTAAGCTCTTTAAGGTTTTTAGCGCCAAATGCTAAGACAGGATCAGTTCCTCCTAAAAGGGCGTTCAGTCGATGGGTATAAGATATTTGTAACGATAACGCGCAGGCCAATAAAACAATGATTAGAACCCAAGTTAAACCGAATGTTAAATGTAGGAAAGTGGCAATTGCAAATCCTCCGACAAAAGCAAGCATTTAAGCCTCCTGATTGTTATCTAACGAGAATATCACAGGTTTTTAAATCACCAAGTTCACACATAGCTCACATTCTGTGCCTTCCAATGCCAGCTTTCCGATAGCTCCGAGAAAGCTCCTTGCCTGTGGTATGTGGATCTTTTAAGATTTTGGTTATCCTATAGAGACAGCTTTTCCGCATCCCTCGATTATATTTCCTGACATTGTGATCCCATCAAGCTTCCAATACTTAGAGGAAATTTCCAAAATGTTTCCTTTGCTTGTGTAAAAAACACCTTTTGGTATAACAATTTTATTGTTACCTGTAACCTTCGCTTCAACGACAACTTTGAATGATTTCCTATGGATTAACTGCAGAGAGTTGGGATTGGTTCTAATTTCATAATCAGCGTCCTTATTGAAAACCCAAGCATTCCTCTTGAGCTTAGCAACCTTGACTGAAGAAGCATCATAGATATCGGCGCTGGTCCCAAAAAACTGGACAGTATGATAAGCTCTGAGTCAGCCAAAACAAAAGGAGCTGAACATGAGCACGAAGCGCAGAAGCTACTCACCCCAGTTTAAGGCCAAGGTGGCCTTAGCGGCACTGAAGAACGATGAGCCTATTGCTGAACTGGCTGCCCGGTTTAAGATCCATCCAACCATGATCAACAATTGGAAGCGGGCCCTGGCTGACAGTGCCGCTGACATTTTCGATAAAGGCCATAAGTCACAAAAGCAAAACGAGGCCCAGGTTGATAATTTGTACAGACAGATCGGCAAGCTGAAAGTTGAAAACGATTTTTTGGCAAAAAAGCTCAGTCTTTAAGCATCAAGCAGCGGAAGCAGATGGTGGACCCAAAGGATCCGAATCTGAGCGTTGCCAGGCAGTGTCGGAT
NZ_AP021874.1_gap154	6969482	6972663	3181	GCCGGGTTGAATGATCTGAGGCGCAAAAGCGTCGAAGAACTCAAGGAACTGAAGCGGGCCGGGTTGACGCTGGCCTACACCGGATTGGAGTCCGGCGATCCGGTTACACTCGAGCGGATAAAGAAAGGCCTGACACCGGAACAGGCCGAAAAGGGAATGGCCCGGGCCAAAGCCGCGGGCATTGACCTCCTCGCGTCCATTATTTTCGGCATCGGTGGCAGGGACCGTTCCCGGGAACACATTGTTGAAACCACAAGGCTGCTCAACGTTATGAAGCCGGAACAGATCGCTCCCATGGCGCTGACGATCCAGCCGGGCACCGAACTTGCCAAACAGGTTGAATCCGGAGAATTCATCCAGGCAACCCCGTTGCAGATCCTTGAAGAGGAAAAATACCTCCTGGAAAACCTGTCGGGTTTCGAGACCATTTATCGGGGAGATCACGCCAATAACATTGTCTCTTCCAAGGGCATCCTGCCCGAATCCCGTGAGCTGTTCATAGGAAAGATTGACCATGCAATAGCCAATCATCCGGTTACGGAACACGACGTGCTCATGACATCACCCTGGTAGAAACAAGCTGTCATATATTCTCATTGAAAGGAAAGGCAATGGATATTTCTATCACGTATTGTTCACTGTCCAGATTGGCGGCCATGCTATCCCGGATTCTGACAGGTTTTCCGTTGTAGGATAACTACCTGTAATACAGGGTTATATCAAGTCGTTAAGTTGATGATGGGATGGGCCATCGTTTGTCTGCAGATTCAATGCCCCTTGTCAGTGCATCCGCCCCCTTCAGCGATTTATATTGATAATCGTTTGGTATGTTGCTTAAAAATCCGTGTAACGATATAGATGAAGCCAGAATTGAATGATTTCTTCCTTCTAACCGGACCCTTTTCCATTGAAAGCGCACGACCCTTTTAAATTGTTGGCTGTTGACAGCGACGCAAGGGCGCTGGACGACATCCGGGACTGCCTGGCCGAGGGCAAGCTTGACGTTACCACTGCCCCCTCGGGGGCTGAGGCGCTTCGGGTACTTGAATTCAGCAAAGTGGACCTGGTGGTCCTTGATCTTCAGATACCTGACGTCGACGGACTGTCTCTCCTCCAGTATATCCGGGAACATTTTAAAGACATCGAAGTCATTATGACCGCCGAGTTCCCCACTGTTCCCGATGCCGTTCTGGCGATCAAACGGGGAGCTGAAAACCTCCTTGTCAAGCCATTGCAGCCCGATGAATTGCGCTCAACCGTCAATCGCCTGATTGGAAAATTAAGCCATCGCCGGGCGCTGGTGTTTGAGTGTACACCGCCGGAAACCTATGGCCTGATCGGCATATCCGATGGCATTTGCAACGTTATCGAACGCATAGAACGTGCCGCCGCCATCAACGCCAACGTTCTCATCCATGGTGAAAGCGGCACCGGCAAAGAGCTTGTCGCTCGGGCGATTCACTACGGCGGCGACAGGGCAGCGGCCCGCTTTGTGCCGGTCAACTGCACGGCAATTCCTGATACTTTAATCGAGAGCGAACTGTTCGGCCACGTCAAAGGGGCCTTCACCGGAGCCAAGGATTCCAGGGCGGGATTTTTTCAAATCGCCGACGGCGGGACCATCTTCCTTGATGAGATTGGTGATGCCAGCCTTAATCTGCAGGGGAAACTGCTGCGCGTCCTCCAGAACAAGGAAATCCATATTGTCGGCTCCAGCCACGTTCGCAAGGTTGATACCCGCATCATCGCGGCGACGCACAAAGATCTTCTGGCCATGGTCGATAAAAACCTTTTCCGGGAAGATTTATATTACAGGCTGGATGTCGTTGATATTTATGTGCCGCCCTTGCGTGAGCGGCCGGCGGATATCCTGCCCCTGGTCAATCATTTCCTGAACCAGTATGCGAAAGAGATGGGCATTGAACCGCCGATCTTTACAGACCGGGCGATAGAAAACCTGAAAAATCACAGCTGGCCGGGCAATGTCCGTGAACTCGAGAACCTGGCGCAACGTCTCCTTGTAAATGCAGACAGCGACACCCTCGACGTGGCGGATTTGCCGAAAACAATGCGCCAGGGCGTGCGGCCCAGAGCCGAAGGGCTTCAAACCCTGAGTGCGTTGGAGGCCGAGCACATATTGCGCGTGCTGGAGTCCACCGGTGGCAATAAAACCCGGGCCGCCGCTATTCTCGGGATCGACCGCAAAACCCTGCGTGAAAAACTAAAACGCATTGTTGAGATCCACCAACCGGGGTAAAACGCCCCGCCGGGGTAAAACGCCCCGCCCGTTTGGCCCCCTTTCTGCCAATTTTGATCCTGCTTTCGCCGTACACGACCCTGCCGCTCATTCCTCCTTGTCGGGCAAAACAGCAAAATAATAATTAATATCAGGCTGTTAAAAAATTTAATGTGGTTGGATATGTGCTTGTTCACGTATTCTGGCCTGTCTTTTGCTCAGTTGGGACCCGACCGGAACTGCATCCAACCCTGAAAGGACCGGCACATGAACCCAAGGGATATCGAGCGAAAAAACTACTACCGACCGCTCCGGCGCAATATCCTGCTCGTCGTGATCTTCGTATCGTTTATTCCTTTGATTGTCGTCAGCAGCGGTATCCTGTTGCATATGTACACCAATTACCAGGAAAAAGTCCGGGTTCATCTCGAAACGCTGGTTAAAAAGCATAAACAGAATATTGATCACTTCCTGCGGGAGCGTCAAAACAACATCTCCTTTTTGGCCGACGTATACTCCTACGAATATCTGAGCGACAGTACCAACCTTTCCGCACTGCTGCAAAAGCTTCAAAGCACGTATGGTTATGTCTTTTCGGATATCGGCGTTGTGCGGGCCGATGGCGGTCAGGTTTCCTATGCCGGCCCCTTTCAACTGGAAAGAGCCCAATACGACGATGCGGACTGGTTCCAGGCCGCCATTCGGACCGATGCCTATACCAGCGATGTCTTTAAAGGGCTGCGGGGATTTACCCATTTCATCGTCACCGCACGCAAAGAAGTGGACGGGCAGCCCTGGATTCTGCGGGCCACCGTGGATTTTCTGGCCTTTAACGACGTGGTCGAAAATATCCTTATCGGTCAGACCGGTTTCGCCCGCATCATCAATCGCGTCGGTGCGTTGCAGACCCGGACCGCCGGACGTCCAGTGCCCGAAAATCATGCA
NZ_AP021874.1_gap155	7152769	7154506	1737	TCTGTCCAGGTTGGTTTTGACCACATCCATGCCCACCCCGCGACCGGACACGTCGGTGATTTTTTCGGCGGTGGAAAAGCCGGGCAGAAAGATGAGATTGGTCCTTTCCTTGTCGGACATGACTTTGGCCTGGTCCTCGCTGATCAGCCCTTTTTCCATGGCCTTCCGGGCCAGCACCTGGCCGTCCAGCCCTTTGCCGTCATCGGAAATCTCGATATTCACCTGGCCGGCTTCGTGGTAGGCCTTAAGGATGATCTGTCCCACCGGGTTCTTCCCGGCGCCCTTGCGTGCTTCAGGCAGTTCGATGCCGTGATCGACCGCATTGCGCACCAAGTGGGTCAGCGGGTCGCCGATGGCCTCGATGATGGTCTTGTCCAGCTCGACGTCCTTGCCCTCCAGGTGCAGTTCCACTTGCTTGCCCAGGGTCTGGGAGAGGTCGCGGACCACCCTCGGGAATTTATTGAACACATTGCCGATGGACTGCATCCGGGTCAGCATGATCGCTTCCTGCAACTCGGATGTGATCAGGTCAATGCGCTGGCCGGCGATCTCTGATCCGCGGTGATCTTCCGAACTCATGGATTGAAGCAGTTGGTTGCGGCTGAGCACCAACTCTCCCGCCAATGTCATCAACTGGTCCAGCAGGCTCACGTGAACGCGCAGACTGGTTTCCGTTTCTGTTTTTTTGCCGGTCGTTTTCTGCTGCGTGCGCGGGGGGGTTTCCCCAGAGGGCTTCGGGGGGGCAGGGTCGATCGGTTCCGTTTCGAGGACGGGTGCCGGACCCGGCTGGCCGGCGACCGCCTCTTCAGGAGACCCTGCCGACGGGACCGGTTCCGTTGGTTTCGCCCCGAGACAGTTAACCGTCATATCGGCCAATACCTGATGGATCTGTTGATCCGGGATTTCAAACAGGACGTTGATATCCTCGGGTTTTAAGATGGTGGCAAACAATACGATGAACGGATCCGGGGCCTGCCCCTTTTTCAGTTTCATGGACCGGACCTTGTCGGGGTCCATGCTGCAGGAGATCAGGGTTCCCGTCTGTTCCATCTCCTCGATGGTGGTGTTGATCTTTTTCCCTTTTTCGACCACATCGGCCGACAGGTCGATCTGCACCAGGTATATAAATTTGCCCTCACCGATCAAGCCTTCCACCACGGCATGGTCCGCTTCGATGGCCATGCTGCCATCGGCGGCGGCGATGGCGATCATGGTGCCGGCGCTGTCCGGTTTATCTTCGAAAATCGGCGTTGCCTGCTCATTTTCCTGGGGCTGCGGGGGCGCCGGCGCGTCCGGTAATGGCCTGCCCTCGGCGATCGCCTGAAGATCGCTGATATGCTTGGAAATGTCCACATCGTTGCTCGTAAACACGTCATTCATCAATGCTTTGAGGGTGTCGGAGGCCATAAGCAGCACATTGACGATTTCAGGCGTTGGAACCATTTCCCGGCTTCTGATTTTTCCGAGGATGTTTTCCATTTCGTGGGTGAGATCCTTGATGGTGCTCAACCCCATGAATCCGGCGCCTCCCTTGATCGAGTGGGCGGCCCGGTAAACTTTGTTGACGAGATCTTCATCGATGTCCGCTCCGGCTTCCTCGATGGCCAGCAGATCGGCTTCAATATCCGCCAGGTGCTCGATAGATTCTTCCAGATACATCTGTAAAGTTTCGTCGTCCTGAATCGTCATGGTGTGCTCCTTTTACTGAAAAATGATCGCGACCTATCCGATCGGTCA
NZ_AP021874.1_gap156	7156635	7161102	4467	GGAATCTGGTCAGGTCGACGGGTGTCACCCGGTTTTTTCGGTACCCACACCCGACCGTCGTTGCGCAGGCTTTCACTCATCAGGGTCAGCTTGCTCTGGAACGTGCCGTGCACCGGAATGCAGGTGGGGTGGATCTGGGTGAAGCAGGGATTGGCGAAAAAGGCACCTTTCTTATAGGCCCGGTATGCCGCGGTCACATTGGAGGCCATGGCGTTGGTGGAAAGGAAAAACACATTGCCATACCCGCCGGTGCACAAGACGACGGCGTCGGCGGCATGGCGCTCCACCTGTCCGTTGATCATGTTGCGAACGACGATGCCCTTGGCGTGGCCGTCAACCAGGACCACATCCAGCATTTCGCGCCGGGGAAACATTTCCACCTTTCCGGCACTCACCTGGCGCATCAGGGCGCTGTAAGCACCCAGCAGGAGCTGCTGGCCGGTCTGGCCCCTGGCATAGAAGGTCCGGGAGACCTGGGCCCCGCCAAAGGAGCGGTTGTCCAGAAGGCCGCCGTAATCCCGGGCAAAGGGGATGCCCTGCGCCACGCACTGGTCGATGATGTCGTTGCTGACCTGCGCCAGTCGATAGACGTTGGCTTCCCTGGCCCGGAAGTCACCGCCTTTGACCGTGTCGTAGAACAGCCGCCAGATACTGTCGCCGTCATTGGGATAGTTCTTGGCCGCGTTGATGCCGCCCTGGGCCGCGATGCTGTGGGCTCTTCGCGGACTGTCCTGGATGCAGAAGGTCTTGACGTTGTAGCCCAGCTCGGCCAGGGTGGCCGAGGCCGAACCGCCGGCCAGGCCCGTGCCGACGACGATGACATTGAATTTCCGTTTGTTGGCCGGATTGACCAGTTTGAGTTCAAAACGGTGGCGATCCCATTTTTCGGAGATCGGTCCTCCGGGTATCTTCGCATCAAGTGCCATGGTATTTCCTTTCTGGACAGGTGGGGTTGGTCAACCCCGTTGTGTTTTTTAAATGAAGCCGAAGCCAGGGCGTTGAATGAGTCGGCCCATCAGGCCAGCAGGAAAATATATATGGGCAGAAACCCGAATCCGACACCCACCACCACCGCAAAGGCGGTACCGGCCGTATGGATCAGGGGCATGTACTTGGGATGATTGGCACCAAGGGTTTGAAAGGCGCTCCAGAACCCGTGGCTGACATGGATGGCGGCGACGACCATGGCCAGGATGTAAACCACCACATAACCGGTATTGGAAAAGGCGTCGGAGACGATGTTGAAAATCGTTGTGTTGGTTTTGTCCACAAAATGGAAATTAATCAGGTGGAAAATGATGAAGGCCAGCAAAAGTGCCCCTGTGTAAGGCATGGTGGCGGATCCCAGCGTTCGGCCGCCGGCGGTTTTATTTACCGCATAGCGCACCGGGCGGGCTTTCAGGTTGGCCAGGAAAAGGATCAGGCCGGTAATCACGTGAACCAGGAAGAAGGTCAGCAGCACCAGTTCGGCCACCGTCAGCAGGGGGCCCAGGGCATGAAGGTGCTCGGCATAGCCGTTGAACGCATCCTTGCCCGCGTAAATGGTCAGGTTGCCTGCCAGGTGGGCTGCCAGGAACCCGCAAAAGCTAAACCCCGTGATGGCCATCATCAATTTTTTACCGATAGATGACCCCAGCATGCCGGAAATCCAGTTCATCATCGCCTCCCGTTTGTAGTGGTTGCCAAAATTTTAGATTAAGGGATTCAAACTATTGTAGGCCTCCACTGCTGTCAATAAATATTTTCAACCACCATGAATCCCATTCAGTCTCTTCTATGCTTTGCGCAAGTGAAATGCCGGCGTCGGTTTTAAGGCGGGCCTTGACATGTCCGGCCCATTTTTCGGGGGCGGCATAGCCCATGTCCGAGAGGGATTTGAGATCCAGCAGAAAGGCCAGTTGATCGGCATCGTTGGCCAGTCGTGCTTCGAGGGTTTCACGGGCATTGAACTCGTCGATCAGTTCCTGAATGTCCGATCCAAATGGCAGCCCGCGGGCCATGTGTTCCACCGCCAATTTTTCATTGGCCGCGACATATTGTTTCTGGACCGCGTTCAGGTCGCCCATTCGTGCTTCAGGCAGGTCGTGGAAGAGGCACATGGCCAGCAGTCGGCCTTTCTTGGCGTGCGGAGACAGTTCCGCCAGGGTCCAGGCGATGCACAAGACGCCAAAAGTGTGTTCGGCGACGGACTCTTTTCCCGGCCCGAGAAACTGATACCCGGTGCGGTGGATCCGCTTTAACAGCATGGCTTCAAATAAGAATTCGGCGATTCGATCCATCTTCTCTCCCCTGTGTCGGTTAAACCTGTTTTTCAGGCGAATGCCCGTTCAATCACGTGGGCCCACTGGCACCGCACCGCCGGAAACGGTCGGGCCATTTGCGCGCAAAGCCTTGAACCGCGGACCTTCAAACGTCAAACTGCTTGACACCATCAGGTGGCTTGTATAGGTATACAAAACCTTTTTCAAGGGGTTGCGGCCCGCTGGTCATCTTGAACCGCTTTGGCGTTGATGGACCGGCAGCGCAAAACCGACGACACGGTTCAATCCTTATTATATGGAGAGACGGACATGGTGCCTACCGAAATGGATTATATCAACATTATCAGCAACGCCAGCATGATGGTGAAATTCGTCCTGCTCCTGCTGTTGTTTTTTTCAGTGATGTCCTGGGCGATCATCATCATCAAGATCCGTTATATCCGCAAGGCGTTCAGGGAGTCGGATATCTTTATCGACTATTTCTGGAAAAGCCGGGACCTTGCGGGAGCCTTCACCAAGGCCAAACAGTTGGGCGGCAGTCCGGTCGCCCGCATCTTCAGGATCGGATACGCAGAACTGCGCAAACTCAACCCCAGCGGCAAACCGGGTGAAGAACCGGCTGCCGAAAAGGGCGCCCCGTCCCTGCGGCAGGGGTTTTCGGGCAGCGACAATGTGAAACGCGCCCTTCGTCGCGCCATCAATACGGAAATGACCCGTATTACGCAGATGGTCCCCTTTCTGGCCACCACCGGCAACACCACGCCGTTTATCGGTCTGTTCGGCACGGTTTGGGGCATCATGAACTCTTTTCATGGCATCGGACAGCGGGGGTCTGCCAGTCTTGCCGTGGTGGCGCCGGGCATCTCGGAAGCCCTGGTGGCCACTGCTGCCGGCCTGGCCGTGGCCATTCCCGCCGTGATCGCATTTAACCATTTCATGCAGAAGATTCGTGTCATCGAGACGGAATTGCATAGTTTTTCGGCCGATTTTCTCAATATCCTCGATCGGGATATTCTGCGATAAAAAGGAGGCGTCATGGCAATCGGCGGCGGTAGTGACCGGCTCATGTCGGACATCAATGTGACCCCCTTTGTGGACGTCATGCTGGTACTGCTTATTATATTCATGGTAACGGCACCCATGATGGTACAGGGTGTCGATGTGGCCCTGCCCGAGGTGACGGCCAAACCCATGGTGACTGAAAAGGAAAACCTCACCGTGACCATTGATCGGGAGGCTAACGTATATATCAACGATTTCCAGGTGCGGATGGATTTTCTCAAAGAGAAACTGGAGAAAATCCTTGCGGGGAAAACGGACCGGGAGGTTTTTTTTCGGGCGGATAAGGACGTGGCATACGGCGTTGTCGTCAGCGTAATGGCGGAAATCAAGGCCGCCGGTGTCGACCGGCTGGGCATGGTGACCGACCCCTTCGACGACCCCACATCCGGAAAACGCTCCGGAAAAAAAGGATGATGAAAAAGAATATCCGCGTTCCGGTGTCTTTCAGCCAGGACCAGCGGGGCAATGGGCAGCCGTCGCTGTATTTTGCGATGGGTATCTCCCTTTTGTGCCACATGGCCTTTCTGGTGATCTTTGTGGTTACGCCCGGCCTGCATCTGGAAAAACCCCCGGCGCGTTCGGTGATCAATGTCAGTATGGTCTCATTGAAGAACCCCGCCGCGCGGGATACCAAATCGCCTGCCGTGGGAAACAGGCCCTCCCCGGACAAAAAGACCGAGGTGGTGAAACAGCCGAAACCGGCGACGCCTGTCAAGAAAACGGCTGCGGTTGTGCCCAAGTCTCTGCCGAAACGCAAAACCTCATTGAAAAAGAAGACCTTTAAATCCACGCAGGTGGTCAAACAAGCCATCCAGCAACTGGAGGAGAAGGTAGCGGTCAAAGCGGACCAGCAAGAAACGGCGGATCAGCCGGAACCGCTGAAATCCGCATTGGACCGATTGAAGCAAGAGGTGAGCAAAGCGGAGGCCAGCCGGTCGACGGCAGCCGGAAAAAGCACCGGCCCTTCAGCCGGAAAGCCGGGCGGAAAGCCCGGAACCTTCAATGAGGACGGGAAGAAGACCGCCGACCTCATCGATCTGTACCGCCTTGAGATTGCCTTCCAGGTCCAGAAAAACTGGGCGTTCAACGAGCAGCTGGCCGGCGGCGATCATTCGCTGATGGCCGCCATCGTGTTCAAGGTGAT
NZ_AP021874.1_gap157	7162418	7163955	1537	GCACAATGGCGTCATCGATATCTTTACCATCAACCCCGAAGGCGGCGAGCCGACTCAGCTCACGGAAAACCAGGGAAATAACGAGGCACCGTCATGGGCTCCCGACGGCAGCCTTATTGCGTTCAGTTCGACGAGGGAGGGAAAAAGCAGGATTTATGCGATGACCGCTTACGGAACCGACCAGAGGCGCCTGCTCACTTTGCCCGGTGAGCAAAGCAACCCCAAGTGGTCCCCGAATATCTTAAACCCATGATTTTATCTGGACACGAAAAAGGAGGAGAAGATGATGAAAAGAAAGTGGATCATTCTGGCCATGCTGTTTGTTATTCCAGCCATGTTGTTTAGTGTTTCCTGTGCCAAGAAAACCGTTGTCGCAGAGCCGTCAACGACGGATACGTCGGCTGCCGACGAGGCCGCCCGTCAGGCAGAGCTGGAAAAACAGAAAGAATTGGAACGCCAGAAGCAGCTGGAAGAGGAACGGCTGGCCGCCGAACGTGCCGAACAGCTCAAGGCAGATGCAATGGCACGGGATATGATGATGGCCAAGAACCGTTTCCTCAACGAAAATGTCTATTTTGACTTTGACAACGCCAGTCTGGATTATCAGGCTCAGGAACTGCTGAAACAAAAAGCCATGTGGCTGCGGGATAACCCCGATGCCAACGTCGTCATCGAAGGGCATTGCGATGAGCGGGGCACCAACGCCTACAACCTGGCCCTGGGCGAACGCCGTGCAGAAAGTGCGAAAACATTTCTCGTTAACCTGGGAATCTCCGGTACGCGCCTGACCACCATCAGTTATGGTGAGGAAAAGCCTGTTGATATGGGCCAGAACGAAGAGGCGTGGGCCAAAAACCGCCGCGCCAGTTTCGTTCTGGAGTAGCTTTTTCATCGTTTTTTTTGTTGACCCGCGGTGTCCGGCTGATCCGTTCGTCGTAAGGGTCAGCCGGTGCAACGCCGTCCCGAGGATGGTTTCCGGGGCGGTGCAGCGCAGCCGTTCTTGTTTGACACCCACCGAATATGCAGCAACCGGCCTGACCCTGAGCCGTTGCTGCATATTCTATTGGGGCGGTGCCGTGCGGATCCCCTGCGGACCGTTCAGGCCCGACAGCTTGACGGGAAGGTGATCATGCCAGACAAAACGTTATGGATAGGTTTCGTGGCGGCCGTTTTGCTTTGCGGTTGTGCGCTTCAGGATGATGTTTATACACTTGACCACCGCCTTTCCACTCTGGAGCGGAGAAATATGGAGTTGGAAAAGCAGAATCGCGAACTGCTGAAAGTCAATCAGGATATGCTCCGTGCCAAAGAGAACATCTCCAGCCGGGTCGATGGGCTGGATCAGACCCGCCGGGACGACGAGCTTGCATTGAGAGGACAATATGCCGGGCTGGCTGCCCAGATGCAGCGCCAGCAGGAAGCCTCCCAGATGCTTTCCGGCCGCCTCGAAGAGGTGGAATACCTGCTCAAACAAAAGCTTGGACGCTTTGAAGAAAACCAGGTCAAGAACCGCCAGCGGATGGACCGGATGGCCACG
NZ_AP021874.1_gap158	7186499	7187297	798	GGTGTTTACCGCCAGCGCCGCCGGATCCCAATGCGGCCAGCGTCTTGACTACCGGCGCGGCCGGCTGACCACGGCCAAGATTTATCCGCCGGAAAAGGATGTCTCGGCAGAGGAACCCCGTATCGGCGTCTTTGTGTGCCATTGCGGGACCAATATCGGCAGGGTGGTGGACGTTCCCGCCACGGTCGACTATGCCCTGACCCTGCCCCATGTGGTGCACGCCCAGGAGCAGCTTTTTTCCTGTGCGACCAATTCCATCAAAGAGATCACCGACACCATCGTGGAGAAAGGGCTCAACCGGGTGGTCGTGGCGGCCTGCAGCCCACGGACCCTTGAACCGCTGTTCCGGGACACCCTTCGCGAGGCGGGCATCAATCAGTATTTTTACGACATGGCCAATATCCGCGAGCATTGCTCCTGGTGCCATTCCAAGGAAAAAGAGGCCGCCACCGAAAAGGCCAGGGACATCACCCGCATGTCGGTGGCCCGGTCGGCCGCCCTGGAACCCCTGCAGGAATTTGACCTGCCCGTCAACAAGGCGGCGCTGGTGGTCGGCGGAGGGGTGGCCGGCATGACCTGTGCGCTTTCCATCGCCGAACAGGGGCATGAGGTCTACCTGCTGGAAAAGGAGGCCGAACTGGGGGGCACGGCACGCAGGATCCACACCACCCTGGACGGGCAGGATGTCCAGGCCTTCCTGCGTGACCTGATGCACCGGGTCTACCGGAACCCGCTGATCCATGTTTATACGGACGCCGTCATCACCGAGGCCACCGGTTATGTTGGTAATTTCGTAAC
NZ_AP021874.1_gap159	7188779	7191865	3086	CGACGCCGAACTGGCGACAAGGCTCGACGACGTCACCCGGCTGGTGCCTTACATCAAAATGGTGAAACACGAGAAGCTGGCTGCCCGTCTTGACGATAAAGCCGACCATGAAGGCCATTTTACCGCCGAAGAGGTCGAACGGCTATTCAGCGAGGTGGTCTCCTACCATATCGATCCGGATAAGTGCCAGGCCTGCATGATCTGCCTTCGAAAATGCCCGGTTGACGCGATTGCAGGTGCCAAGCGCAAGGTCCATGTGATCGACCAGGAGCAATGCATCAAATGCGGCACCTGTTTCGACGTCTGTCCATCCCGTTTTGATGCGGTGAGAAAAATTGTCGGCGGGCCGGTTCCCCCGCCGATACCCGAGGAAGCAAGAACGCTGGCACGTAAACCTAAAAAAGCGGTGCCCGCCCCTTGACGCGACTGTCCGGACAGGTCGTTCTACAGCTCTTTTTTCAGGTTGATGAACTTGCTGCGGTCAAACCCCTGGGTCTTAAAAAAGGAGAGCAGATCGGTGGAATCCCAGCGCACCGAGGTATAGACGCGGCTGATTCCCATGCGCTTATAGAGCTTGAAAATCTCACCGGCCAGCTGATCGCCGAGACCCTGGCCCATATATTCCGGATCGACGCCAAGGGTCGCAATCCATGCACTTTTTTCAATGCCGAAGCCAAAGGTGAGAATATAGCTGATCATGAAACCGATGACCCGGCCGTCCAGTTCGGCCACGAAGCAGATGTCATTTTCACTTCGGGCGTGCTTTTCGATCAGGGCTTTAAAGTCCACATCCACGGGTTGGCGGACAATGGATGAGTAGATGCCGACGATGTCGTCTGCATCTGCTGCCTGGAGTTCTCTGATCCGGATATTTTCCACGTCAACGGGTCCTTTGTAATCTGCGTGATTGATTTAATCCACTCGGATGATTTTCACATGACGCCCCACCCAGTCCGGCGGCAAATAGACGCGACCGCTGTTCCCGCTGGACTTGACCAGTTTTTCGATCATCTCTTCCCCGTATATCTCGAATTTCACTTTGGTAGGAGTAAGGCCCGGGGGTGATTCGCCCGCCTGGTTCATTTTGTCTTCCGCCACAATGACTACCCGTCCCTTTCGAGTGATTGGATGGTGGATTCTTTCGAAGTTGCCCAGATGATTTCTTTTAACATCAGTGCCCGGATCGGTCAAGGCGGTTTAGCTGGATTGTCGCTGTTTTCCAGCTGTTTTGTAAATCCTCATCAAGGGCCGGATTCCGGTCGACCTGATCGGTACTCCGTCCGGGCGTCCTCCCGGCACTGGCCGTCAGGCCGGTTCGCCGATTTTCCGGAGCCTTTCCTCAACCCCTGTCATTCAACACTTTATTCAGATGTCGGTCTAAAGAAATTCTATTTAGGGGCGATTTAAAAAGGCAAAGCGGCCTTATTCGGCCATCGGCGCTTGAAAAGATGCCCGGTTATGGGCCGAGGACCAATACAAGGAGATCATTTTGCTTAGGACACTCAGCCTGTTGAACAAGTTTATCATTGGATTCGCCTTGATCCTGATTCTCCTGGTGGCGCTGGCGGTGGTCGGCTACCGCGGGCTCTCGGACGTTGTGAAACATACGCGGATGTCGGATTCCATCAGCGCCATCGGCGCCCACCTGACGCGCGCGCGCCTTCACGAACAGGGATTCATCGTCAATCGCCAGGCCGACGGCGTCACCAACGTTCGTCAGGCGCTGGATGAAATGGAGGCTGAAATCACCGCGGCCGGAAATACTTCTGCGGACGATGGCCTGCAGCGGCAGCTGGCGGGGATCCGATCGCGGATGTCCGACTATAAACAGGCCTTCAACGTTTTTGTCGCCCTGGCGGACGCTCAGTCTGAAAAGGCGGGGCAGATGAGCGAAAAGGCCCGCCTGGCCCTTGAACTGACCTCCCGGATTCGCGATCGGGAGCAAACCCTTCTGGAAGAAATCCGCGAGAACAGCACGGCCGTCCTGGCTGAGAAGACCGCGTGGGTCGATGCCGCGGCGCAGGTTTACAACACGGCTCTGGAAGCCAGAGTCCACCGGGTCTCGCTTATGGTCAACAACGAACTGAGCACCATGGCCCAGTGGAAGGGGGCCAACCAAAAACTGGAAGATGAGGTGCGTCGATTAAGGTCACAGCTGCAATCTGCGGACGATAAAAAACTGGCAGACCGCATTCTGGCGCTTCAGCAGACCTACATCAACGATGTGCTGGTATACCTGCGGACACTGGAATATGAAGATCTCAACCGGATGATCAAGTCGGTCAGGGACTACACCCGGGCCATCACCTCCCTTCATTTTGAACTGCGGCAGGAGCTGGATTTTTTCCAGGAGGATACCCAGGTTCAGATCGATGAAAAACTGGCCGTGAACCGGGCCGTCACCACCATGGCCAACCTCCTGATGAATGCACGGCTGCGTGAAAAAGAGATCATCGCCGACCGCGATACATCCCTTGCCGGCGACGTGGCAAAAAAGATGGAAGGCATCCATGCCGCCGAAAAGGCGCTCAACGAACAGGTCGACAACCCGGCGATTCTTCAACAGGTCGCACCGATCGTCACCGCCGCGACGGAATACGAGGCGGTATTCAACGAGACGGTGGACCTGATGGACCGTCAACGCCAGGCCCAGGCGCGGATGATGGCAGCCGCGCGGGACGTGGGGCAGGTGTGTACGACCGCCCGGGCGAACCAGCAGGCGAAGGTGGCGCGCCAGATCTCCTGGTCCCACATGATTCTGCTGATCGGCACGCTGGCGGCCATCGCAGTGGGAATTCTATGTGCCATTGGCAGCGCCCTCATTGTCGTAAGGCCGGTGCGGCGGACCAATGACATGATCAAAGACATCGCCCAGGGTGAAGGCGACCTGACCCAGCGACTGGCCGTGGAAAGCAGCGATGAGATCGGACAGATGGCCGGCTGGTTCAACACCTTCGTCGCCAAGCTGCATGATATCGTCAGGAATATTTCGGAGTATTTTGAAACGGTGAGCGCATCGGCCAACCAGTTGCTCATCATTTCCAGGCAGATGGATGATGGCGTGCGCGACATGGGCGACAAATCGG
NZ_AP021874.1_gap160	7198304	7201943	3639	CGGACCCACCATCAGGCATAGGCAGACGGGACCAGTCCATATTTTTTCAGGCGATACTGCAGGGTGGAACGCGGAATGCCCAGAAGCTTGGCGGCGCCGGTCGGCCCCCCGACGGCCCCTTTGCAGGACGCCAGTGCCCGTTCGATGTGGCATCGTTCGGCCTCTGCCAGATTCTGGAATTCGCATGACGGTGTTTCCGCGGCTGCCTGAACCGGCAGTTCCTTCCGAATGATGCCGGCGCTGATGGCTTCGCCCGGCCTCATGATGATCATGCGTTTGACGAAGTTTTTCAGTTCCCGGATGTTGCCCGGCCATTGGTAGGCGCTCAGCACCTCGATGGCCCCTCCGGTAAACCTGGGGGCAGAGCGGTTGACCCGCTGGGCTTCATCGATTGTCAGTTTGTTGAGCAGGATCGGAATGTCTTCAATCCGCTCCCTCAGGGGCGGGACGCGGATGCTGATGGTATTGAGCCGATAATAGAGGTCCTTACGGAACCGGCCCTCATCGATTTTTTCTGCCAGATCACAGTTGGTGGCCGAAATAATCCGAAAGTCGATGTCGCGTGGGCGGCTGTCACCGACGCGTTCGAATCGGCGATCTTCAAGGACATGCAGCAGCTTGGCCTGCAGGCTGACCGGCAGTTCGCCGATTTCGTCCAGAAAAACGGTTCCGGCCTGGGCCAGTTCAAATCGCCCGGCCCGGTCGCTGAGTGCTCCGGTAAATGCCCCTTTGGCGTGTCCGAACAATTCACTTTCGAAAAGTGACGGGGTCAGGGCGTGGCAGTTGGTTTTAACGAACAGGTTTTCCTTTCGCGGACTCAGGTTGTGAATGAAGCGGGCCAGATAATCCTTTCCGGTGCCGGTCTCGCCGGTGAGCAGCACAGTGGCATCCGTGTCGGCAACACGCTCGACAATACCTATGATTTCCACCATGCAGGCGGACTCGTATATGAAGCTGTCCTGCTGGTAGGGCTGGTTGGAATGGGATAACAGGTATCTTTTTTCGCGTATCAGATCGGCATTGATCCGTTTGAGTTGCGTGTACTGGCGCATGTTGTCCACGGCGATGGCAATCTGGTTGGAAACCTCAGCGAGGACCGCGGTTAACTCGGAGATGTGCCGGGGTTTCTTTTTAAAGGAAAAATGAATGGTTCCGAGGATTTTCCCCCTGAGGGTCAGCGGAAAGGCCATGGTCGATGTCAGTTTGGCCTCGACCATGGCGCCGATGGATGAATGATCGGTATACCGGGTCAGGTCATCGATGATCACGGGTTGACCGGACTGAACGACCATCTGCACGATGGCCCCTTTGGCGATGGGGCGGCGCTCCTGACCGGGGCCCCCATTCAGCAGAATGCCGTCCGCGGCGGCAAAATAACGGATGGACTGGGTTTTGGCATTGTAAAGGTTGATGCTGAGACGATCATAATCGAAATGTTTGCTCAATTCGGTGGCGACCGCCTTGAACAGGGTTTCCCTTGTCGTGTGTTCGATTGCCGCGTTGTTGATCTTCAGCAACAGTTTATAACGGGTTTCCGGATTCCAGTGCATCTGCCTGCCTTTTCAAAAAGATGTGGCCTGCCTCGTAAATGACCTGCCAGCGTAGACTAAGGAAAAGATAACAGGGTTTTTAACCCTGGACAAGCCCAATATTGGTCAATGGGATGAATATTGGGCTCAGTCTTGAAGGCCGCAAAAACCGGATAATGTTAGAAAATCATTAAATACAGCGAGTTGAATTGAAAATTAATTCCTGGCACCTGCTTTGCTAAGTCAGGAGTTGTCAGCATTGATCAGTTTCAACCGGGGAAATGAATGTACTCACTTCAGTCCGGCAACAGACAGCACATCATCGACTTCCCGGAACATGCGGAAGTTGAAATCCTCAAGGCGGAGGGGTTGCCGGCATTGGCAGATCTGAAGGCCGCACTGGCGGCTGCATTCAACAACCCGGTTTTCGACAGCGGGTTCCGGGGAACCTTCCCGTCCAGAGCCGTAAGTGGCCGTGTGGCGTTTGTGGTCACGGAAACGGTTACGCCTGAAGTACTGGAGGTGGCGCTGCCGATCATCCTTGAGCGTTTGTTTCAGGCGAATGCGGACCTGAAACCCAGTGCCGTGACGATCATCGTCGGGGACTGGCTCAAGCGTTCCAACCGGGCCGATCGGTTCAAAAAGCTTTTCCAGACGGTAAATGCCTCTGGCTGCCGGGTCATCGTTCATGATCCGATCCTGCAAACGATGGTAGAAATGGGTGTCACCAACCGCGGTACGCCCGTCCGGGTCAACTCCGAACTGGCCAACGCCGATCTGAAGATTGTGCTCGACCGGATCAAGCCCTGCCCGCTGTTCGGCTTTGTGGAAAGCCCGCTTCGGCTGGCGCGCTGCTGCATGTCCATCGACAGCATTGAAAGCCTGGAAGCGATGGTCCTGCCGTCGGCGGGCGAAAACTGCCGACTGGACCGCCACCCGGTGTTTGATGAAATCCGCGAAATTATCCACATGGTCGGCATCGATGGCGGGGTGGCCGGCATCAGCAGTCCCACCGGTGAAACGATTCGGATCGTGGCCGGCGAGCCGTCCATGATCATCCGCCAGGCGGCATCGCTGTATCGTCGGCATTATCGCATTTCGGTCTCAACCCCTTTCGACATCGCCGTGGTCGGCTTCGGCCCGCAACGGACCGATCCGTTTCTGGAGTTGGTGCAGAGCGGCCTGCTGGCTGCGGCCCAGGTACTCGTGGACGGGGGGCACGTACTGATCGTCGGTGACGACACCCGGGGGGTCGGGACCGATATCTTTTTTGACTATATCTGTCATTCCCTGTCCCCGGCCGCCCTGATCGATGGATTTATCAAGCTCCGAAACCAGGCGGGTGCCGGCGGGCTAAAACAGTCGAACCAGCAGGCCGCCGCAGCGGACCGGAGTCTGGAAAAAATATTCGGCATGGAGGTCATTCGCCGTTGCCAGTTCAGGGCGGCGGATCCGTCGGCCGTCCTTGCCGAATGGGCGGACGAATACGAAGATCGGATTAGAATTGCGGTTATTCCGGAGGGACATGGAAGCTTCTTTTATCCGGATTAGCCGTCGGTTGTCTCAATAACCTGCCGATGAACCACGGGGTTCGTCGGCAAATTGTCACATTATTAAAAATTTGGAGGAAAGACATGATTCAGTTTTTGGTTCACGAAAAGGCGGATAACGTCGGTGTCGCCACCGTCGATATCAAATCCGGTGAAACTGCCCAGGGGCTATACATGGACAGCCAGGAGCCGGTTGAAATGAAGGCACTGCACGATATCCCGCTGGGGCACAAGATTGCCATGGGAGACATCAGTACAGACGCTTCGGTCATCAAATACGGGGCCGACATTGGACGGGTTGTCGCTGATATCAAGACCGGTGAGCATGTTCACACGCACAATTTAAAAACAAGGAGATGGTAACCATGAGCAACCCCAAAGTAATGGCATATCGCCGGGAAAATGGCCGTGTCGGCATTCGTAACCACGTCGTCATCCTGCCGCTTGACGACCTGAGCAACTCCGCTTGTGAAAAAGTGGCGCACAACACCAAAGGCTGCAAGGCGCTGCCCCACGCCTACGGACGGCTTCAGTTCGGCGAGGATCTGGAACTGTTTTTC
NZ_AP021874.1_gap161	7203712	7208289	4577	AGGTTCAGGCCGGAACGATCCAGGCGGCCCAGCATTCGATTTCCAACTTCGCCCCCTTTGCCCCGGCGGCCGACGTGATCAACGTTCCCTACTGGTGCGGTGAAAACCAGAAGTTCATCAACCTGGTCACCTCCGACGCCTGGAAGAACGAGATCAACCCGAAGATCGAGGCCAAGGGGTTCAAGGCCCTCTGGTATGTGTGCATCGATCCCCGGACGGTTGCCATCCGCAAGGGCGTCGAAGGGCCGATTAAAACTCCGGAACAGTTGAGAGGGATCAAGTTTCGCGTTCCCGGCTCCAAGATTCTGCAGAAGTTCTATCAGCTGGTCGGCGCCAACCCCACCCCCGTGGCCTGGGGCGAAACCTCCTCGGCCATCAAACAGGGCGTGGCCGACGCGCTCGATCCCAGTGTGGAGGCCCTCCTGGTGTTCGGCTTCAAGGAGATTCTCTCCAGCGTGACCTTCAATGCCGCCGTACCCGATTCCCAGGTCTATTCCTGCAACCTGAAGTGGTTCAAGAGCCTGCCCAAAGATGTCCAGGACGGGATCGAGTTTGCCAGTGAATTGACCAGCCGCCAGAACCTGGCCAAGGTTCCGGCAGCCCGTGCGTATGCCATGGCGGAATTGGGCCGGGCAGGGGTCAAGTTCTACGTGCCGACCGCCGCGGAAAAGGAAATGTGGGTGGCCAAGGCCGGCGCGCAGCTTCCCGCATGGGATGACATCAAGAAGGAACTGGTCGGCTCCCAGGCCAATTTTGCCAAGCTGGAAGAAGCGGCCAATACCTTCAATAATTTTTATGTGCACGATATATAGCCGCCCGTAACCTGTCGGCGGGACGTCTCCGGTGACGTCCCGCCGACGATGACGTGACCCGAGGATGGTATATGCAATTCAATAAAGTGGTAAAACAAATAGACGAAAATGGCGAACGCTACCTGTTGCTGCCGCTCTACGCCATGATTGTGATCACCGTTTTCCTGGAAGTTCTGCGGCGCAGCCTGCTTTCCTATTCATCGATCTGGGCGGAAGAAGTTGCCCGGTACGCGTTTATCTATGTGGCCTGGATCGGTGCCTCGTCCGCCATCAAAGAACGCGCGCATATTCGCATCGATGTCATCCTTCCACTTTTTTCCCAGCGGATGCGCGGCGTTCTTTTCCTTTTCGGCGATATCATCACGCTGATCCTCGCGGTGCTGTCCATCTACTGGTCCATGGAATCGGTGCTGACATCCATCCATTTCGGTTCGGTCACCCATGGGCTGAGAATCAGCCAGGCCTGGTTTCTCGCAGCTGTCCCCCTCGGTTTTTCCATGATGGTCATCCGTCTGCTGCAGTCAATGCGGCGCGACTGGAAGGATCTGAGGGCGGGGCGACCGGTGTTTGAGGGCAACAAACTTTTTGATTAGGAGCTGACAAAACAATGTACCAATACATGATGCAGCAACAGACGCTGAGCCTCGGCTGGGATTTCTACCTGCCGTTGATCGGCATGGTGATCATGATTCTGCTGGCCGTCCGCATCTGGGTGGTCGTCGGACTCGGTTCACTTATAATGCTACTGACAACCGGGGTCCTTCCACCGACGCTGATGGGAGAAGCGTTGTTCGACGGCGTGGATTCCTTTGCCCTCATCGCCGTGCCGCTTTTTATTCTCACCGGTGATGTGCTGGTACGAACGGGACTGTCCAACAAACTTCTCGATGTGGCCGAAGCCACCATGGGGTGGCAGCGCGCGGGCCTGGGGACATCCACCGTGCTCGGCTGCGGATTTTTTGCCTGCATCTCCGGTTCCGATGCTGCGGATGCCGCAGCCATCAGCCGTATTACCATCCACCGCCTTGTCGAGAGGGGGTATCCCAAAGGATACGCCTGCGCACTGGTGGCTGCCGGCGCCTGCACCGGTGTGCTTATCCCTCCGTCGATTTCATATATCATCATCGGTCTCATCCTCGGGATTTCGGCCTCGACCCTCTTCCTGGCCGCTGCAGTACCGGGCGTCATGATCCTGTCCTCGGTGATGATTACCAATACCCTGGTGAACCGGGTCAAGGGGTACGAAGCCTCGGACATCGGTTTCAATTTCCAGTATTGGCTCAAGACCGTTTATTCGGCGCGTTTCGCCCTGTTGATTCCGTTTATCATCCTGGGTGGAATCTATTCCGGATTGTTTACCCCGACCGAATCGGCCGCGGTGGCTGTGGTCACCACCATTATCATCGGGTTTTTTCAGGGCACGCTGAAACTGGCCGATTTTCCGGAGATGCTGGAATCGTCCGCCAGGGTCAACGGCGTCATTGTTCCGATAATCGCCATGTCCCTGCCGCTGGCCCAGACCCTGGCATCGTTGCAGGTGCCGCAGTTCTTCGTTTACTCCATGACGGCCCTGACCACCAACAAAGTCCTGATCGTTCTGATCATGGTGGTTATTCTGATGATTGCCGGCTGCGTGATGGAAACCACGCCGAACATCGTGATCCTTTCACCGCTGCTGCTGCCCCTGGCCCAGGAGATCGGGATGAATGAAGTCCATTTCTGCATCTTCATGATCACGGCGCTGGGTATCGGATTTATTACGCCGCCACTCGGCCTCAACCTGTTTGTGGTATCCGGGGTCACCGGGACATCCGTTCTGGCGATATCCCGGCACGCCATTGTCTTTGTGGTGACGATGCTGGTTGTCCTGATGCTGCTGGCCTTTATCCCGTCGCTGTCGCTGTGGTTGCTATGATGCCAGGTGCCGGTTGGCAGACGCGAGAACATATATGTGCGGGGGGGCGGTCGTTCCAGACGCCGCACGCCCGGGCAAGACCGTGCCGGCTGCCGTCTTTCGATGTGTTGGCCGCCACCAGAACTAACGAGATTCAATGATGAGGTGATACCATGCCTTTTGGATATAACGGGAAAATACTGCACGTCAATCTGACGGAGAGCACCTGGGAGATAGAAGAACCGGGCGAAAGCTGGTACCGGACCTATGTCGGGGGGTCGGCGCTGGCCGCCTACTACCTGCTGAAAAAACTGAAACCGGGGGTCGACCCGCTCTCCGCGGAAAATGTCCTGGTCTTTGCCTGCTCGGTGGTAACCGGTGCCCCCCTGTCCGGCTACAGCCGATACTCGGTGGCCGCCAAATCGCCGCTGACCGGGGCCTTCGGGCGTACCGAAGCCGGCGGGTACTTCGGACCCGAACTGAAGTTTGCGGGGTTCGACGCCATCGTGGTGCAGGGGCGCGCCCCCAAACCGGTTTATCTCTACGTGCATGACGGTGAGGTGGAGATCCGGGATGCCGCCACCATCTGGGGTCAGGACAACTGGAAGACCCTGGAGGGCATTCGCGAAGAGACCGGGGAGAAAATGGTCCGGGTGGCCTCCATCGGGCCGGCCGGTGAGCGTATGGTCCCCTATGCCTGTGTCCAGAACGACATGGAGCACTACAACGGCCGCTGCGGAATGGGAGCGGTGATGGGATCGAAGAACCTCAAGGCCGTTGCGGCCCGCGGACGGAAGAAGACCGAAATGGCCGATCCGGAAAGGGTCAAGGCGGTGCGCAAGTGGCACAATGACCGGATCAAGGTGCACCCGCCCAACGTCGGCCTGTCCAAGGTTGGCACCACGGTGCTGGTCAAGGCCCTTAACGATACCGGTATTCTGACCACCCACAATTTTCGGGAAGGGGTTTTCGAGGGCGCCGACAAGATCGGTCACGAAGTCTACCACGACACCATCTTCGATTCGGCCAGTACCTGTTACTCCTGTGCGGTCCGATGCAAGCGGCGGGTCGCCCTGGACGACGACAAATACCCCCTGGATAAACGCTTTGGCGGCGCGGAATACGAGACCCTGGCGGCGCTGGGTTCCCTGTGCGACATCGACAACCTGCCGGCCGTGGCCCGGGGCAACCAGCTGTGCAACCTGTACGGGCTGGATACCATCTCCACCGGCTGCGTCATCGCCTTTGCCTTCGAGTGTTTCGAACACGGGATCATCACCGGGGCTGACACGGGCGGGCGGCCGCTGAACTGGGGGGATGCCGACGCCATGATCTGGCTGATCGGGGAGATCGCCCATCGCCGAGGGATCGGGGACGTCCTTTCCAAGGGGGTGAAAAAAGCTGCCGAGATCATCGGCAAGGGGGCCGAGAAGTACGCCTTCCACATCAAGGGCCAGGAATTGCCCCTGCACGACGGCCGCGGAAAGACCGGCATGGGCATGGGGTTTGCGCTGTGCCCCACCGGGGCCGACCACATCGAAACGCCCCACGACGTCGCCTTTCAGGGCGAGGGGGTGAGTAAACTGCATCCCCTCGGGGTTTTCGATCCGGTCAAACCCCTGGAGACCAACGCGGAAAAGGTGCGCTTTTTCGTCAACGGCCAGAAGGCCTGGCAGATCAACAACTGTTATGGGATCTGTAATTTCTGCTCGGTCCCCATCCACGCCATGACCTTCGAGAAACTGGTGGATTCGGTCCGGGCGATCACCGGTTGGGACACCAGCCTGCACGATATGATCAAGGTGTCGGAACGGGGGACGGTTATGGCCCGGGTGTTCAATAACCGGGAAGGACTTTCGCCAGAGGACGAC
NZ_AP021874.1_gap162	7228677	7232260	3583	TGCCTTTGAGTGCCGTGCAGGAAACCCTTCGCATTGATCCGGGTGAGATTTTCACCGTTGACGGCAGCGAAGTGATGCATCTGCATGAAGAACCCCTGCCGCTGGTCCGGTTGACCGACCTGCTGAATATGCAGGTGCCGCGGTCCCCTGCGATTGATGAACGGCTTTTCGTGGTGGTGGTCAAATCCGCCGCTGGCCGGACGGGCTTTGTTGTTGATACGTTGCTGGGTCGCCAGGAAGTGGTGATCAAACCCCTGGAAGACTACCTCCAGGAAAACAGCGGATTTTCGGGGGCGACGATTTTAGGTGACGGTGGAATTTCTCTGATTCTCAATGTTGACGAACTCGTGGTCATGGCCAGGCAACGGGAGGCCGAAAGGAAACTGGCCGCCGTCGTGCTGTGACCGGTCAACGACAAGTTGTTTCATGCTGCATTCAAGATGATACCGGTACGGGGGGCACCTTAAGGAAACTGCCAGCAGCGGGTGCACCTGCCTGCGGGGTGTTATCAGGAATGGATTGACACGCGGAACATGGAAACCAAAGACGACACTTCTTACAATCATCTTCCTGACGCGGATTGCGGGTTTGCCGGGACGTTAAAGAACATTCAACTCAACGACCTGATACAGATGTGCTGCCTGTCGGGTTCAAGCCTCTGCATGCGGGTAACCAAGGGTGAGCGGCAGGGAACGATTTTTATTGTCGACGGTGAGATCGTTCATGCCGCCTGCGTGGACATGGTGGGAGAGGAAGCCTTTTACCGGATATTGGGGTGGGAAACCGGAAGCTTCGAATCCATCGAAGTTTCAACCACACCACCGCGGACAATCGATAGCAATTATCATTTTTTGATTATGGAAGCGGCCCGGCGTGTCGACGAAAAAGCCGTGCTCGGCCAGGATTCGGCTACCGCCGTGCCATGTCCATCAGAAACGGCTGCCGATGAGCGGCTTCGGGTGCTTATCGTCGACGACTCACCCATGATGCGCAAAATTCTGTCCAGCATGTTGACAACCAGTAAACATGTCAAGGTGGTGGGCATGGCCGGCAACGGCAAGGAGGCGATTTCACTGATCGATGAGCTGTCCCCGGATCTGGTGACGCTGGATGTGAATATGCCGGTGATGGACGGCACCAGCACAATCAAACATATCATGATCAAAAAACCATGTCCGGTGGTGATCACATCCAACCCCGGGGATGGATCTTCGAAAACGATTTTCAATTTTCTTGAACTGGGTGCTGTGGATTTCATGAGCAAGCCCACCAAGAACCAGGATATTCTCGTACAACAGAAAAAAATAATTGAGCGGGTAAGGGTTGCCGCCACGGCCAAAGTGGCCAATTTCAGGATTTCGCGGATTCCCAGGCCACAGACTGACAATCTTACCCTGAAAGCGGCCGGCATGGCATGCCGGCGTCTGGTGATCGTGATTTCCGGGCCCGGGGGACACCCGGAGCAGATGGGCCTGTTGCCCGGGCTGGTTTCGGCGATGGCCAGCCTTGACGGCGCCGTCGTGGCCCTTCAGAGTCTTCCGCCATCCTTTCGGGAGACCTTCGCCCGATATTTATTCGAACGATGTGGATGCCCGGCATCACCGATCGAGCAGAAAACCCCGCTTTCTGCAGGGCATTGTTATGTCGGTATTCACGGCTGCCCCCTGGTCATCTCCATGGATGGCAGCCGGCCGGTCATCGCGCCAGCTGCAACTGAAAACGAAGTGATTCATGTGGATCGGGTCCTGTCGACTGCCGCATCGGTGTTCGGAGACCGCGTGACGATTGTGTTGTTGTCCGGGGCGGACACGGGCAGCCACTCAGGTCTGCAGGCGGTGCACGACCATGGCGGGCGGATCATTTTGCGCAAACGGGATTCGGGCATGGTTGCCGCGCCCCTCGATAAGGTTGTTGCGGCCGGCCTTGCCGATACGGAAGTGGCCCTCTCCCGCCTGTCGGAAACGATTTTAAACGGGTTTGAGCTTGGAAACGAACTCAATCCCCGGCCTGTCACCCGAGGAAAATAATCCATGATTATCGTATGCCAGAAATGCAAAACCCGGTTTCATCTTGATGACGAGGCAACTGATAAGCCCTCCTTCGTGGCGCGATGCACGGTCTGTGGCCATCTTTTTTCCGCTTACAAACCGAAACGGGTTCAGGAAATTGCGTTCATCGATCTCGAACGCGCTCGTCGGGATGAGGCCAACGACCATGTGATCACCATAGGCAACCGAAAAGGCGGGGTTGCAAAAACCACGACCTGTTTCAACCTCGGTGTTTCACTTGCCCTGAACAATAAAAAAGTGCTGCTGGTGGATTTCGATGCCCAGGCCAACCTGACCCTTTCACTGGGTCTCAAGCAACAGCCTACGTTTTACGATGCCCAGAAAGCATTCGGCAGGCCCCTGGACGATTTCATCACTGCAACGCCATATCCCAACCTCTGGCTGCTGCCGTCCGGGCGGAACATGGTGATGCTCAATAAATTGTATTTCGGAGCGCAGCATTTTGAATATATGCTGAAAGACCGGCTCAATGGCATCAAGGATCAATTTGATTTCATTCTGATCGACACCCCCCCCGCCATTGAATTCTATACGTTAAATGCCCTTACGGCATCCAACCGGGTGGTGATACCCTGCCAGTGTGATTATCTTTCAACCCACGGGGTGGACCAGGTGCTGCGCCTGATCGCCCTGATCCGAAAACGATCCAACCCTCAGATTCGTTCCCGCATCCTGTTTACCATGCTGGATCGGAACAGCCACTCGTCGCGGCTGATTTTTTCCAAAATCAAGGACCTTTATGCGGGAGAGACCTTCGATACGGTTGTAGAAATGGATGGCGCCCTCAAAGAAGCTCAGATACTGAGCATGCCCGCCATTCACTACAACCAGCAAAGTGTTGCCGGCGCCCAGTATCTCGGACTGGCCAAGGAGATTATCGCCAACCCGCATGATCCGATCCCATCCTCGTCATGAGTAATCCCAATGGCTATTCGATCCAGCGGACCATGATTATCTACATTCTGTTAATCGGGTTCGCTGCGCTGCTGGTTTCTTCTGAATTTGTTATGGATACCCATTCGACCGCACTCAAGCGGGAGCTGACCCACAATTTCGAACGCTATACCAGCGGGGAACTGGCACAGGATCAGGTTTACGAGCCCCTGGTGAGGATCCGCAACAAGGCCATGATGATGGTGGGCGTGATTCTGGCAGTGGTGGTTATCGTGTTGACCATGTTCATCAAAACCATTACCGAACCCCTGCAGCATATGGTGGAGGTGTCCAAGGCCATTTCCGCCGGAGACCTGAGCCGCGCAACGGGGGTCGAAACCAGAAACGAGCTCTCCCAACTGTCCGCCGGAATCGACGACATGTCCACCAATCTGCAGGAGATTATCATGCTATCCCGGTCGGTATGCGATTCCGCCGGGCGGGTCACGGCCAGCACCATGGGGATGATGAGAAAAGAACAGTTGACCGACGGTGGTTCGGAGGCGATGAGGCATCAGCTTTCGCGGCTGGAATCCGAACTGGACATGCTCAAGCAGGTCATCGAGTTTTTTAAACTTTAT
NZ_AP021874.1_gap163	7234290	7235427	1137	GCGGCATGCAGCGCCGTGCTGAATTGGCCCGGGCGCTTGCCGTGAACCCGGATATTATGATTATGGATGAGCCCTTCAGCGGGCTTGATTTTCTCACGCATATGAAGATGAGAGAAGAAGTGGTCAACATGCATGCGTTCATCCGAAAGACGATTCTACTGGTGACCCATAATATCGATGACGCATTGATCATGGGCGACCGGATCGTCATATTGGGGAATTGCCCCACCCGGGTGGTCATGGATCGGACCTTGGATTTTCCTCGCCCCCGCGATTTTGAGAAGTCACCTGATTTAAGCAGGTTGAGAAGCGAACTGTTCCTTTTGCTGGGAGTCAACTATGCCGTTTAAAAAGAACCCATTGACCGGAACCGTTCCGTTTTCGCGGCCGGCTAAACTGGTTCTTTTTTTTCTCCTGTGGCTGGTTTTGATTTCATGGCTTCACTTTCGACTGAACCGCCATCAGGCAGACCGGCAGGTTATCCGCATGGGATATATGCCGGTACTGACCAATCTGGCGGCACCACTGCTGGACCATGCCACCCGAAAAGGCAACGGCGTTTTTTTTGAAGCCGTGAAATTTTCTTCTTTTGCCGAGATGGCCGAAGCATTGAGAAACGACAGTCTCCAGGCGGCTTTCATCATCGCACCGCTGGCGGTGGTGTTGCGTCAGCAAGGGGTTGATGTGAAGGTCGTTCTGGTCGGCAACCGGCACGAGAGCACCCTGGTGGCAAGGAAAAGCTTGAATGCGAAGCGGTTGGAAGATCTGGTCGGGCGCACCATTGCCGTGCCGATGCGGTACTCGGGCCACAACCTGTGCCTGTTAAAAGCGATGGAGGAAAAAGGGCTCACTGGAAAAATCCGCCTGGTGGAAATGAATCCGCCGGACATGGCCTCGGCCCTGGCTTCGGGTTCGCTGGATGCCTATTTTGTCGGTGAACCCTTTGCCGCCCAAACCGTACTCAGCGACGACGCCGACGTCGTTGCATACGTGGAGTCCATGTGGCCGGATTTTATCTGCAACCTCATGCTGGTGAAAAATGAATGGATGACGGCCTATCCGTCGGCCGCACGAAAACTGGTGGAAACGGCGGTCCGGTCCGGTCTGTGGGCAAGCCGCCATCCCCATGAGGCCGCC
NZ_AP021874.1_gap164	7248359	7249794	1435	AAATAATTGTTGACATGGGACGTGGGTAGATTAAATTTGGTCCTTGAATCGTTTTCACCGAAAGACTCTGATGGTCAAGCGGGATCCATGAACAATTTCAATAGAATTCAGTTTGAAGCGCCTCGCCTGGATGAACTTGCCCGCCACTCGACAGTGGTTGACCTCCATTTCCATTCCCGTTTTTCAGACGGCGCCGATACGGTGGATGTCATTGCCGAACGGGCCCGCGAACTGGGGATCGGGGTGGCCATTACCGATCACAATGCCATTGATGGGGCGGTTGAACTCGACCGCCATGACGATGTGTTCAGTATTCCCGGTATCGAAGTCACCTCCCGGGAGGGAACCCATGTCCTGGTCTACTTCTACCGGATCGATGATCTCAAGGCATTTTACGGGGACCACGTGGAGCCCAATAGGGGACCGACGGTGATGTCATCAATCGGGATGGATGTGGAAACCATTGTCCGGTCTGCAAGGCAATACAACAGCGTCGTCATTTTTCCCCATCCCTACTCGGCGGCCTTCACCGGCATCTGCAATCACAGCTTTTCCGAAAACCAGCTGGACCGTCTGCTCAGGATGGCCGACGGTGTGGAGGTGATCAATTCCGAGAATCTGAAGCGGTGGAACCTGAGAAGCGCCCTGCTGGGGTTTAATCTGGATCGCGCCATCACAGGCGGCAGCGACGGCCACAGCGTCCAGCAAATGGGCTCGGCAGTGACCTATGCCGCTTGCGGCCGCAGCCGGAAGGCCTTCCTGGATGCCGTCAGCCGTGGCGAGTCCAAGGTGGTGGGGACCGAGTCTAAATTGTTGGAGAAGTTACAGTCCAACAGCGCTAAACTGAAAATCAGCATGAACAATTATCCGGATATGGTCGAAAAAAACATTCGCTTCGGAAAAAGCGTGATTCGCTTCCGGGCCCGAAAGGCGGGCGAGAAAATCTGGGAGCGGGTCAACGACAGGCATCTGAAAAAAGCCTTTTATTTTGTCGCCGGTCTGACCTTCCTGAAAATCAACTACAATGCCTTGCCATTAATATTTTTCTCCATTATTACATAATATTACGTTCGTTTAACCTTCAGATATGAGGCCATTGGCGTCCAACGCCCTGGCCGTTGATGATATCATCAGCCAATCGCATTGATCCGCGCTTGACATTCCTCCTGACTATACTAAGCTGGAAACAGGCATCAACCTGATCATTTCGTTTTATCGCCTGTGGCACAGTCCGCCGTTGGTCCGCAGTATCGATGAATGAATGGTAAGTCGGCTCCACCTCCCAGCGATCCCGCAGTCCAGAGACACCCCTTTTTGGTGATTCCACGCCTTCTTCTGACGGATGCATGACCCGCTGTCGGGTCAAGAGAGTATCAACATCGGACATTTATCCGCATTCCCGCTTTTCCGGAAAGCGCCCTTCCATTTCGGCTGA
NZ_AP021874.1_gap165	7255173	7259964	4791	ATATCGGTCCGGCGTTCCAGCGGTTGGCCGCACGAACACGCTCCGGGTACAACCAGGATGCAGACGACCCCCGCAATTTCCTCCTCAACGATCTTGAATTCTCCAAGCCCGAGTTCTTGCCACTCGTCCAGCAATCCGGTGTAAAACGACCGCGTCCTGATCCTTCGCGCCCGGGCGAGGGTTCTGCCGGTGGCCGTCTTCAGGCTGCCCGGCGCGTGATGGGCATAGGTCAATTCAATACTGGTGCGAACCATAACCTCATCATCCAGAAACTGCCGCCGAAGCGCCTTCTTTGTAAAAAACTGGACCACGCCGAGGTTGCCCAATTTGTCCAGGCAATCCGCATCGTAAACGGCGCGGCCGATATCACTGGTCGCCCTGCCTTCGAGAAAGGTGGAAAGGATGGCCTCGCTGACCATCGGCAGCCACCGCTCGTAGATGGTGCCCGTAAGGATTCGGCGGGCCAGGCGAACGGCGTTCCGCTCTTCCGGAACGTCGTCTTCGTGGTAGCTTCCATCGGCGAACTTGCCGGCGTCATGAAGCAGGCCTGCGAGCAGGGCCGGTTCCGGATCCCATCCTTCCGACCTGGCAATGTGGTGGGCAATGCGGGCGACCCTGGAACTGTGGGACCAAATGCTGGAACAGGTCTCCCGGGCGGATCTGTCCTGAAAGGCGGTTTCCTGTTCGACCAGGGTCCGTCGGATTTTCCGGAGCACTTCCGGCACCACGCAGCCGAGGGGGGGGCGCCCGGATAGTCCGCCCTGATGCTTGGCCCCCTGCTGGAGCCAGCGACGATAGCCGCGAATGGTGTTGATGTTCGTAAACGTGCGGTCTGTCAGTTTCGAAAACCCGTTTAACGCGAACCAGTTTTTATCAAGCCGACGGGTCTGGCACAGCGGGACCAGCATTTCGATTTTGAAGATACCGGCTTCCAGGTTCCTGCGGATGGCCGGCAGACATCGTTTGCGGAAGACGGCGTGCAGGAATTCCGGCCGGTTTTTCGGGCAGGGGACCACGATATCGAATGCGCCCAGCTCTTGGAACTGGGCCCGGATGATTTTTTCTTCAACGAAGGGCATGTCCGCGGCACATACAAAGGCCGCGTCGTGTTTTATTTTTTGCAGACCGCTGTATATTCCCATGAGGGGGCCACAGCCCTGCTTTTCGTCGCGAACGACGGGCAGGTGGAGGAATTCATACTTTTCCGGCGTATTGGTGACGAGAAATACTTTTTCAAACAGGGGAACCACCACACGGGTCGCCCGTTCGATGATCGCCTGGTTGTTGATTTTTAGAAGCGGTTTGTCCGGCGTCAGTCTTTTGCCTTGTCCGCCTGCCAGGATCAGGCAGGCGGCGGCGATTTTTTTCGAACCGGGTTCGTTCATCGCTGTTGCCATGGGGGTTTCGTCAGAATCAACGGGAATTAATGATCCGTCTCCAGGATGCTTTTTGGCGGATCGTCTGCTGAAAGGGTCTGGATACAGCGATCCGTTGGCATTTAAAACAATTCCTTATAGGCACATTGCTGCCCGGCATGCAATCGGTTCGATAATTGTCAAGAAAAACTGTATGGTTGCATGAACCATCTGAAAGAGATAAAAAAATATGAAAATTTCATCCAGGGCATGGGCTGGTGTCCGTCCAGAAATGGGCGAATTGGCCATTTCTGGGTGGGCATGATACCATCTCTTGCGATTCACGATCTCATCGAAGGGTGCGCACGGCCATGTTGAAGCCCCATCTGCCTACACTCAAGGACATTGAGAACCATACCATTCCATCCGGGTTCCCAACGGTGGTTGACGCCCATGTCCACATTTTTCCTGACAACATGTTCAAGGCGGTGAGGCGCTGGTTCGATGAACATGCATGGCACATCAGGTACCAGCTGCCCACTACCGGGGTGTTCGATTTTCTACTCTCACATGGCGTCGGTCACATCATCGCCCTTCAGTATTCCCATGCCCCAGGGCTTGCCGGGCATCTCAATCAATACATGGCCAGGCAGTGCCGGCCCTATGCCGGCCGGGTCACCGGTCTGGCGACCATCTTTCCCGGTGAGAAAAATGCGGAAACGATTTTGCAGGACGCATTCGATGCCGGCCTCGGCGGTTTGAAACTGCATGCCCATGTTCAATGCTTTGACATCAATGCCGACGATACCGAACGCATATTCGATGTCTGCCGGTCCAATCACAAACCCGTGGTGATTCACATCGGAAAAGAGCCCAAAAGCCCTGCCTACCGCTGTGATCCCGACACGATCTGCGCTGCCGGCAAATTGGAGCGCACCCTGAAAAATTTTCCGGATCTCAATATCTGCGTTCCTCATCTGGGATTCAGCGAAACGGTCGAATACAAAACGCTGATCGAGCAATACGACAACCTCTGGCTCGACACAACCATGGCGCTTACGGATTATTTTCACATCGAAAACCGCATCGATCTCGCAGCGTACCGAATGGACCGGATCATGTACGGATCGGATTTTCCCAACATTCCCTATGCCTGGGACAGGGAACTGAAGTGGCTCGGTGATTCCAATCTTTCCGAGCCCGATCTGAAAATGGTGTTGCGTCACAATGCGATTCAATTCTTTGATTTGTCAGATTCAATGAAAAATTCCCGTGAAATGCCTGCTGCTGATGATGATGCATGAGCTTTTTTGGACAATTCGCTTAACGGGCGGTGACGCTATTTCGCGCATTTTTAACGAAGTACGCCGATATTCGGAAACCACGCCGCTGAGCGATCCCCTGGTGTGGATGGTGGTGACCGTATTGTTCGCGGGCGCTTTGGCGCTTGCGGTGGTGTGGCCGATGCTCTGGACCCGCATCCGACTGGACCCGGCTGCTTTTCGCAAAAAAAAGACTGTTTCCCCCGGTCTTGCCGTTTCCGTCCGGCAGGCGGTCACGGGATATGTCCGAACCCTGGCAGAAACGCTCCTGCAAGGGGTGGTCCTGCTGTGTGCGGTCGTGGTTCTGGCAATGGCGGGATACCTCTTTTGCAAAATGATCTGGTACCTTTTCCTGTCAACCCCGGTGGGGCAGCAATACGTCGCCTTTTTCCCGCATCGTGTCCGGCTCATTGAAAGCGTGCTGGGGCAGGACCTGTTACGCTTCCCCGTCATGATCACGGGGATTTCCTTCGGGGCGGGCATGTTTTTTTCCGCATGCTGCCGGTTGCTCCACCTTACACGTTATGCCTACCTGCCCCGGGGGCCGGTGGGAAGGATCGTCCTGTTCGCGATTCCGCAGAACCTGGTGGCCGCCGCTGCCGTGCGGACGGTGTACACCATCCCCCACTGGGGGGCGGCCTATGCCGGCACGCTGATCCCCACGCTTCTGGTTTTTGTTTACTGTTTTCGATTCACGAACCGACTCCTTCCGGAACTTGGCCTGTTTTTCATGTTGTGGAAGCCGAAGAAAGAAACCCCGCTGCATGTCATTTTTCTCAAGTGCATGAAAACGGAGAAAAAAACGCTGGAATTCGACCCGCTGAACTGGACGCTGACCGGTAAACAATTTTTGGCCAGCGATGGTATCCGGACCCAGGGGCTGTTCCTGGAAAGAAGTGGACATGAATTTATTCTCTACCGCTATGGTCACGACCTTTTTTTTCAGGTGGATGACCGGGAACTTGCTCTGCAGACGGATCTGTCGGTGCTATGGTTGAAGACGGGACGGTACCGGCGCCGTTTCGAGCTATACCGGGGGGGGGATCGCTTGTTCCGCATGGCCTGGTCGGCCCTGCCCCTGTTGGGTAACCCGGCGCCGACGGCGGCCTTTTTCGATACCTTCGAAGCGACTCTGCAAAACCGCGCTGCCTACGAAAATGCTTTCATGCCGGAGGATGGCTCTGAAACAATGATCTGATCCTATCAGGGTAACCCTCCGTAAGATTTTCGATCAACATCGGTACGGTGCCCGAAAAGGCTTTTTCGGGTATATTTATGGTGTTGATATACGGTGGCGATTCGCCTAAAAAGGACTCGACCAATTCGATCGGTCGGATGGCTGCCCGTAAACGTCTTGGCCATAATCAACATGCATTTGTCAGTTCCGCCAATTGAAAGGTAAGGGCGCATCATTGAAAAATATACCTGGTAAAAATAAATGGGCGATGATTGTCTTGGCTGTATTTTTTTTCTTTGGATTTAATGGCTGCAGTGACGGTGGAGAATCAAAAACGAGGATTGGAACAGAAAGCAGCCAGCCGGCCAGCATAAGGGTCAGCAGCCCTGCCAATGAAGCGACCTATTTTACCGGAAAGGAAATCCTCTTTGAAGCGACCACCGATGACGGAGAGACGATAACCGCCCCCGTTATCTGGACATCGGATCTGGATGGTCCGATTGGAATGGAAAGTCGTTTTAAATACAAGCAATTATCGGCAGGCACCCATACCATTGCCGCCAGGATGAAGGGTGGCGTCGGTAACGATGTGTCGGATAGGATTTTTTTGACCATCGAAACGTTTACATGGGCTGCCTTCTATAGAAAAAACAACCAGCTGAGTCCAAGGATAAGCGATGAGGCGATGGCTGTTAAAGATGTCGATATAATCCTAAAAACCACTAAAAATTTTGACAGGAAAAATTTGAGCGGGCTTGATATGTCCGCCAGAAATTTCAGTGGCGCTTCGTTTGAATATGCGTTTATGGTTCACAGCGATTTTTCCAATTCAGATTTCAGACATTCAAATCTGAAGAATGCAGCCATTGAGTATTCCAATCTGACGAATGTAAAACTTGCCGATGCTGAATTGTCAGGCGTTGATTTCAGTAATGCC
NZ_AP021874.1_gap166	7324208	7324708	500	TTCCCCGCATTCGAGGCCCGTCGTTTTTCCGGTCCGTCGGTTCAGTATAAATGAAGGCTGTGAGGAGGGCGCCGGGTGGCCCCGTTCCACTGGGGGGGCGTCCGGTTCGCGGGCGTTGCCCTGATTCCGATGCTGGCGATGAGTGGAACCGAAACAAAACCCGGAAAAAACGGAAATCAAAGAAAAAAGAAAAAAATTGAAGAAAAACCGAGTTCACTCGTTCGTTTTGGCATTGTTGATAACTCCCGATCTGCTTAAAATGCTTATGGAAAAAGAACAGGTTTGAAAAACCTTGTATTTCGAAGCAGTTGCTCGGTCGATACGTGTTAACCGACAGTTATCTATATTAATATAAATCTTTGTGAGGATTGTGTTAGTATTTTCTTTAACCGCCAATCTTTCGCATTGACTTGCAACATCCAATTCAGTAAATAGTTTGCCAGTCGCGCTGACTTGCGGCTACCTTTCTGAAAACCTCAGATAATTAACCAAAAACTTCA
