gap_id	start	end	length	sequence
NZ_CP046444.1_gap1	3285	6749	3464	AGTGCATCGCCTCGCGGTCGCGCGGGATACGCGCCCAGCAGCTCAGAGCTTTATGGAAGGTTCGGTCGTACCAGCTCTGCTCTTCGTTGATGAACGCAACCCCGTCCGGCAGATGCACGCGCAGCCCTTTCGAGCGCCCCAGCTTGGTGTTGAACTCCGCCGTCGTCGCCAGCTCCGGGCCGCGCAACCTGCGCCCATGTTTCCAGATCATCCGCCGCGCCCGGTCCTTCGGCACGGCCACGAACAAGGCCAGCAGGAAGAACGCCAGCGAGTAGCCGAACGGCCTCGCCACGTAGCCCCAGATGTCATCGTGGCGGAACACCCAGCGGCCCATCAGAGCGTGCAGCGCACGCTCGTTGTACATGCCCGTCGTCGATTGCAACCGCACCAGCCCGTCCTTGATGCCGTCGTCCGTCAGCCGGTACGCCAGCTTGCCGTCCGGCCCGGTCGTCGGCTCGATCTCGTCGCCGAGGATGAGCTGTGCCTGGCCCTTCGCGTCCACGCCCTCCAGCAGCGTGTACTTGCCCGTCATCGTCGCCGATGCTTTGCCCCGCACACCGCTCCTGAGATAGTCCAGCAGGTACAGCCGCTCGGCGGCTGTCCACCCATGCCAGTAGTCCAGGCAGAACACCCCGAAGAAGAACACGCCGCTAAGGAAAAACGCCGCCCACGTCCACACATGCCACCGGCTCGGCCACGGCTTCTTGTACTCTTTCCGTCCCCACTCCGCCATCGCTAGACCTCCTCCGCCTGGGCTTCGCTCACCGGCTCCGCCGCCGCTCGATCCGCCGCACGCACGGCCTCCAGCCGCTCCCGCGCCCGCTGCATCTTCACCCCGTCGGCCCGCTCGATCAACCCGCGCATCTCGGCCTCGGTCATCGGCTCCTTGCCCGCCCGGAAGCTCAGATTCAGGAACAGCGACCGCAACGCCAGCACCTCGGCCAGCACCACCTCACCCGTCTCCAGCTCCACCGGCCCCGCCAGCAACGCCTCCCGCACCCACTCCGAGAGCGTCAGCCCCGCCGCCCGCGCACGCTCCTCCAGCAACGCGAACTCCGCCTCGCTGACTTTGGTGCCCACCGATTTTGTGCGTAAGGGCGGTTTCAGAGAGCACCGCCTGAGCTGGATTCTGGATCGGGGCCGCACGATGCCTGTGCCGTGCGTCGGACAGGGCAAGGGGGCCGGAGGCGGGCTAAGGGGTTGAGACTCATGTGGTTCCCCATCAGCAACGTGCGCTCGCCTCCAGAGTAACGCTTTTACTGGCGTTTTTCTATTAGCCGCCTGTTTTCAGCAAGTTCCCGAAGAGGAACTTGCGGTTACTCCGCAGCTCCCATTCTGGGGTGACGTGTCGGCCCTCAACCCGATGCCGTAGGCATCGCGCCTTTTGTTCGGGCGGCACGGAGGCCAGAGAGAGGGCCACGGAGGACGCTCTGACGCAGCAGGCCGCCCAGAGGCAGCCTGCACGCATTGCTACTTCGCAGTTGGTTTGGGCTGCGGGTCGGTATACGCCTCACAACTGACTGAGGAATCCACCGCAAGCATGTTTTTCATCGAAAGCGTGACCTTCGGCTGCTTCTCGATCTGTTTGATGGCAGACACGAGATGCTCCCGAGTCCATGTGCCGCCAAGCGGAGGAGTCGCAAAAGACACCCCTTCATCTGCATCCTTGGACAGTGCGAAGCGAGCGTTGTTTTGGATGTTGAAGTCCTGACGTCCATCATGGTCAGTCAGGAAGAGCGTGAACACGAAGCCATCCGCTCGTGAGGGATTTGGATAATCGACAACGTAGAGCATTTTCTTCCCGGGATAAGACTTCTCATCCAGAAGGGAGCCGAACGTCCTCTTCGCCGCTTTGGACGGCGGAAGAAAATCCTTCGCGGCTAAGCAATGGGCAGCCCGATGCAAGAGCTCCTGACCTTGATCCTGGGCATGGGCAGCACAACTCAAGCAGATTACCATTCCTATCAAAACGCATTTCATGGCAGATGTCCTCATGCTCCCTATCCTCAGTGCCCCGGATCGTTGTAGATGTAAATGTACGTTGGCAGCCGACTCGTGCTGTCCCTGAATGGTCCAAAATGCTGAAATACGGTTTGGCGACCGTTGCCGATCGGACGACTATGGAGTCTGTCTGGCGGAATGTGACTTGTTCCGTAGAAGGTTCGGCCCTGAACCGGGTCTGCTCCTCCGTTAGCCCGATTCGTATAAGCATCTTTCATCGCCGTTGCAAGCGACGGTGAGGCCGTTCCTGTGTCTGGAGCCACCCCGTTTGGCCTCTTTTTGTTTGCGTTATCGATGAGGGCATTGGCGAGAGCGGTCGAACCATTTGCGAGTTCTTTAGAATCGCCACCTTTTGGAGTGCTCAAACTCCCGATCTCGTTGGTCAGGACCTTCGAGAGATCACCTACCGTTGTATTCCCGACAGCCGGATTGCTCTGTTGTTGGGCCAACAGTTCTTATTTCGGAGCATTATCGGGCTCATGCTCGTGCTCCCAATAAGAGAATCCGGTGCGGGCTTTCTGACGTTTGGAAGCGGCCTCAATAATCGCTGGAGTTGCAGCAGTATCTATATTGAAGAAGCTCTTCGTCCACGTCCGCTCATCACGACATACCTCATCTTCGTCCATGTAAACAGTTAGGCGACTGGGCTGTGTAATTGGAAACTTATTCTGCGGATCACCGTCAAGCTGGACACCATTCTTAGAGCCAAGGAAAAATAATCGATAGACCTGGCCATATGGCATGAGTTTGTAAATGACCACTCCATGACCATCTGCAGCATCGTATGCCGGATTGATGTAGACGTGGAGACGGCTTATCCAGTGTTCCGGCGTACCGATATTTTCACCTATTTGGTAGAAGCTTCTGAAGTAATCGTAGTCGTATATCTCGTCTTGGATTGCACGTTCAACCGACTGGATTTCAGCCGACGTTAGGGGGCGCGACTTCGCTTTAGTTTGAGCTGACGCCCCAGACAAGGGCATCGCTAAAACACAAATTACCAGAAAACAAATCCGTTTCATGAACTCCACTCCTATGGTGCCACCACAATCACGACAGAATGTTTCCCCTCAATAAAGGGCCCATAATGCTGGGAAATTGGCGTTCCTCGGCTTGTAGATGATCTCCCGAGCGACGTAGTGACGTTGTCCCCAACCCTTGTACGGTACTGCATGGCTCCATTGCTTATGTTTGATCCTCCAAGAGCAGCGTCAGCCGCTGTTCGGGATCTTCCATATGCGTCAATAGCATTTGGATCGGTCTTGACCGCAGCGGCCCCTTTCGCAGTCAATGAATCGGGAGCAACTCGATCAGGGTGCCCGGCGTTCATCACGCGATTTGCAATTTCCGCTACAGCCTGCTGACCGTTAGCCAAATCTTGAGCGCTTCCAGGCGCACCTGGCTTGGCATTCGGATCAGCCCGCAAGCTTCCGGTCTCGTTGTAAACAACATTCGTAAGAGGC
NZ_CP046444.1_gap2	68516	69629	1113	TGGTCTGGCACTCCCTGCGCCAACTCATCAGGCTTGTAGGAATATTCCAGCGCAGCGTCAATGCCGGTGGAAACGGCTCCGGTCCCAGGTCTCTTTGGATCGGGCGCAACAAAGGATGGAGAGTGATCGAAATAGCCGTCGTTCTCGTCGTAGGTGAGGATGAAGATGGTCTTCTTCCAGACCTCAGGATTCTTTGTGAGGATGTCCACGATCTCAGATACCCACCATGCGCCGTACCAGGGTGAGGATGGATGGTCGGAGAAGTGCTGTGGACCAGCAAGCCAGGAGACAGTAGGCAGCTTGCCCGATTCAACATCGGTGCGGAACTGGTGGAGGATGTCTCCCTTGGGAACGTTGATGATATCTTCGCGGCCGTCCGCTGTGAAGCGGAGCGCCTCAAGCGAGCGATAGTTCGGATCGTTGCGGTTCGTGACAAATGCAGCATTGTGTAAAGCACGTTCCTTCGGAGTGAGCTGCTTGTAGCCGCTGTCTCCGGAGTTGGCTAGCGAGGTTTTGATGGTAGCGACGTGGGCCTGTGCAAGCTCAAGCTGGATGTGCAACTCGTCGGTGTCGCTGGGATTGGAGAGTTCGGAAAGCCGCTCCTCGATGTTGGCGACCTGCTTTTGCGCGGAAGCGAGATTCTTTCTCAGCAATGCGGGTGCAGTGGAGACAGCCTCGACGTTGTAGGCTCCGAAACACTCAAGGACGTTGCAACCGTAGTTCGAAAGCCAGGACTCTTCTTCATTGGTGAGTCCACTGGTGGTGGAAAGTTCATTTTGATAAAAGCGCCAGGAGATATCGGCTTTTGAAAGCCGTTCGGGGAAGGTCTTCCACCCGAGCCTATCGCGAAAAAGCTCGTCGTTGCGCATATAAACGCGTGAGTCCGGCGATTGCTTGTCACGGATGGTACCGCTCCAGAACATGGACCGGTTGGGGGTTGTCGAGCTCATAACCGCGCAGTAGCTTTGATCGCAGACTGTAAACGCATCGGCGAGCGCATAGTAGAACGGCAGGTCTTCGCGCGTGTAGTGGCCCATCGTGATGGGCATGTGCTGATAATCCTGATTGGAGGATTTCTTGGCATCGAGCCAGTTATTGTAGAGGCCATCGTTC
NZ_CP046444.1_gap3	74022	74696	674	GAGATAGGCAATTAGCAGTATGTGATCTGGAATGTGGAGCAATGTGCGTAACCGAACCGGGTCGAGGATACTCACCCACCCGACACCGATACCTTCAGTTCTAGCTGCAAGCCATAGATTCTGGATTGCACAGACCGTAGAATATGCGGCCGTCTCGGGCATAGTGTGCCTTCCTAGCTTGTGACCGCGTTTGTTCTGTGTGTCGCAGACGACGCAGAGACTCTGTGGTGCTTCAAGAATGCCTTCCAGTTTGAGGGTGTCATACTGTTCTCGCTGTTCTCCCTGATAGGTTTCGGCAGCCTTTTGGTTCGCCTCTGTGAATATCTGATGGACGGCTGTGCGTATAGCGAGATCGCGAATCACAATGAAGCGTGAAGGCTGCATGAGGCCGACTGAGGGGGCGGAGTGTGCTGCGGCAAGCAGTCGCTGGAGCACGTCGTCTGGCAACGGACGATCAATAAAGCCTCGACGAACATCCCGCCGCGCACCCATGACACGATAAACCGCAGCTCGGTCGGCCTCATTGAAGGCCAGATATTCTGGCATCACCAGGCCCTCGACCATTTAGGGCCGCCTTTGGTTTCGGGCCGGAGACGAGATTCAACTCCGGCGTTGAACTCAATGAGGCGACCAAAAAGCCAGATGACATCGGAGAGACGGTTGAGATAGGGAAG
NZ_CP046444.1_gap4	270954	274934	3980	GGAAAAATTCCGCCGCCTCGGTCTGGTTCCAGTTGCACCGCTCCAGCCGGTCCGCGATGATCCGCCGTTCGATGTCTTCGATCACATCGAACAGGCTCGCATCCGGCCGCTGCTCCAGCAGGTTCGTCGAGTAGGTGTTCCCGCGAATCTGCGCCGGCAGCAGCTCCGGCGTAATCGCCGGTCCGTTTGCCAGCACCACACCGCGCTCCATGGCGTTCTCCAGCTCGCGCACGTTGCCCGGCCAGTCGTAGTCCATCATCACCCGCAGCGCCTCGGACGACAGCTCCAACGGCGTAAACCCATTCTCCTCGGCGTAGTACTTCAGGTAGTGGTGCGCTAGCAGAGGAATATCGCCCTTGCGATTGCGCAGCGGCGGCAGCTGCAGGCTGATCACGTTCAACCGGTAGAAGAGATCCTCACGGAACCGGCCCTCCTTCACCGCCTGCTCCAGGTTCACGTTCGTCGCGGCCACAATCCGCACATCCACCTGGATCTCCTGCGTCCCGCCCACGTGCATGAACCGCTTGTCCTGCAGCACACGCAGGATCTTCGCCTGCATGTCCATCTGCATGGTGCCGATCTCATCCAGGAACAGCGTGCCGCCATCAGCGACCTCGAAGAGTCCCTTCTTCGCCGCGACCGCCGAAGTGAACGCCCCGCGCTCATGCCCAAACAGCGTCGACTCCAGCAGCTCGCTCGGTACGGCTCCGGTGTTCACCGGGATAAACGGCTTGTCCCGCCGCGGCGAGTGCGCATGAATGGCCTTGGCGATCAGCTCCTTGCCCGTACCGCTCTCGCCCTGGATCAGCACCGTCGACCGGCTCGGCGCCACCTGTGCCACCAGGTCGAACAGCTGCAGCATCGGCTCGCTCTTGCCCACGATGTTCTCGAACGAAACGCGCTGCTTCAGCGTTCGCTTGAGCTGCACGACCTCCTGCTCGGCCTGGTTCTTCCCAATCGCCGATCGGATATCCACCAGCAGCTTCTCGTTGTCCCACGGCTTCTGTACAAAGTTCGACGCACCCGCACGAATCGCATCGACAACGTTGCCCACCGTGCCGTATGCCGTAATCAGGATCACCGGCATCTCCGGCACCAGCGCCTTGATCCTCGGCAGCAGATCGATCCCGCTCTCGCCCGGCAGCGCAAGGTCCAGCAGCATCAGGTCATACGCCGTGCGAGTCAGTTGGTCCAGCCCCTGGTTCCCGTCCACAGCCATGTCCACCTGGAACCCTTCCAGGGTCAGCAGGGTCTCCAGCGAGTCGCGTATCCCCGCCTCATCATCCACGATGAGGATGCGTTGGCCTCGCGAACCGCTTTGTGTACCGGTATCCAGAACCGTAGGCTCACTCATAACAGCATTAGACATGGACTATCTTTCCTTCTTCGCTAAGGTCGTTCTTCTCGGTTGGACGCGCTGCACTCGTTGACGTCCCGTTCACGCCATCTGCCACAGGCAATTCCAACCGAAAGGTCGTACCTTCCCCTACGTTGCTGGATACCTCAATGGTTCCCGAATGTTCCTGAATAATTCCGTACGTCACCGAAAGGCCAAGTCCCGTCCCCTTGCGCTGTCCTTCACGCGGATTGCTCTTCGTCGTAAAAAACGGGTCATAGATCTTCCGCATCGTCTCCGGACTCATGCCCGCGCCATCGTCCTGCACCTCAAGCAACACACGCCCGTCGTTACTTGCCGTGCGTATCCAGATGTGGCCATCACTCCGTTCCTGCAGCGCGTCCTTCGCATTCAATACCAGGTTCACCAGCACCTGTTGCAGCTTGCCGCGATTGCCCAACACCGCCGGCAACCGGTCGCTCAACTCCACTGCGACAGTTACCCCCGCACCGCGCATCTGGTGCTCCAGCAGCAGCACTGTATCGCGCACCATCGCGTTCACATCCACATGGTTGAACTCCACGCTTCCCATACGCGAAAAGTTCAGCAGACCATTCACAATCTCCGATGCCCGGAACGTCTGCTGTGTGATCTTCTCGATCACTGGCTGCAGCCGTGCATGGGTTGCCTCATCGGCGCGAAGCTGCTTGCCCAGCATCTGTGCATAGCTCGACACCACCGCCAGCGGAGTATTCACCTCATGCGCCACACCCGCGGCAAGCAGGCCAATCGAAGACAGCTTCTCCGCCTGCGTCAGTTGCGTCTCCATGCTCACGCGCTCGGAGATGTCATCCACAATCACAATCCGCCCCACCGCCTTGAATTCACGATTCAGCAGCGGAGCAACCGTGATGTTCGCCGTCCGCGCTTCACCCGCCGGCGTCTGTAGCCTGAACTTGTACAGCGTGCTCACACCCTGCTCACTGCGCAGTCGGTCGAACTCCTGCACAAACTCCATCGGCAGCACCTCGCGCATCGGCCGCCGCAGCGCCTCCTCACGAGGCGTCGCATACATCACTTCCATCTGCGCGTTCCAGCTCTCGATCCGGTCCTCCAGATCCACAGCGAACACACCGATGTTGATCGACTCCACGATGTTCTCGCTGAACTCACGCAGCCGCTCGAACTCCGTGATCTTCTGCTCCAACCGCCGGTATAGCTGTGCGTTCTGGATCGCGATCCCGATATACCCTGCCAGCGACTCCAGCAGTTGCATGTCCTCGCTCGAAAGGAAGTCTCCATCGCCCGTGCGCCCCAGCCCCAGCACTGCAAGCGTACTCCGGCCGCCGCCCTCATGCCTCGCCGCGCGGCACGGCACGTAGTAGTTCAAATCCAGCGCCGCCGACGTCTCACGCTGCGCATCCGGCAGCCGCAGCACCATCTGTGGAGTCTCAAAAAACAGGTGGCTATTGCTGTCTCTTCGATCGAAATCCAGGAACCCAAGATCGAGCGTGCCCGCTGCAGACAGCACCTGTGGGCTCAGTCCATGCGACGCCGCCAGCGAAAACCGTGTCCGCCTTCCCGCAACATCGTCCTCGGCAAGAAACACCGCCACGCGCGTAACGAGCAAAGTCTCCGGCAGTCGTTCCACAATCGAATGCACCAGCGCCTGCAGGTTCGTCTGCGCATTCAGCTCGCTGCCGAACTCCACTAGCGTCTCGCGGTAGTCGATCTCCTTGTGGTCGAAGAAGCGGTCTACCCAGCCCTGAATCATCCGTTTCAACGGATCGAACAGCAGCCCAGTCACAATCACCGCGGCCACCAGCCCCCACGTCCCAAGGCTCTTCATCCGCGTATGCACCAGCTCCGCAAACAACGCGATCACGCCGAAGTACAGCCCCACCAGCGCCCCTGTCGCCAGCGTATACGTCACACCGCGCTTGAAGATCAGGTCAACATCCATCAGGCGATAGCGCACGATCGCCCAGCTGAACGTAAGCGGCAGCAGGATCAGGCTCAGCACCGCGACCTTCGCCAGCGACTCCGGCGCGTTCATATTGAACACGAACGGCACGACGTACAGCGCGGTGAAGGGAAGCACCGTCAGCAGCGTCCCACGCGAGAGCCACTTCAGCTGCTGTCTCTGCAGTGGCTGCTCTTCGCTGTGATACCGCACCCAGAAGATCACAGCCGCCAGAACGTAATAACTCGCCAGGTACACATAGTCGATCTGATCCAGCCGGTGCTTCAACAGCTCGGTCGAAGACCAGTGCGTCATCCACAGCACCCGCAACCCCACCAGCACCGCGCCCGGCAGATACAGCAGCCCATACAGCGCTCTGCGCGCCCGCCCCGCGCGTTCAACCGTAAAGCTCAGCGCAAAATGCAAAAACAGCGCCGGTTGCAACGCCATCGCCAGCACATTCCCCGCGAGAATAGTGTCGTCCAGCCCATCCAGCATACCCGTGTACTGGAACGCATACAGGATGAACGACACCAGACAGAAAACATAAAAGTGCGTCGACTTCGGCGCCGTCCACCGCCGCAACAGCACATACAGCCCGATACACAGATACACCAGCGCAATCAGCCGCAGCACCTGATAATCGGTCCGGTCCGTCGGCACCAGGTAGACCGCCGCCGT
NZ_CP046444.1_gap5	290464	293713	3249	GGTTCCGTATCTCGCCCCCAAACACCTCCGCCAGCAATGCAGCCGTGGCGAAACTTAGCTTCCTTCGCGCCCTTCGCGGGAGCCTTTGACGGCAGCAAATCACACCGTCCGCAGCCAAATCGTGTAAACTGACAGACGAGCGTTTACCACGGTCTTCGCCTCGCCATTCCTCTCCTCGGCACAGCCCACCAGCCAGCCAGACTCCAGGAACCAGCAAGGTCGGCGCGCGTTCAGCCGCACGAAGCCGGGCAAGCCACATATCTGTTTCTCAAGGGAGATTCACCAATGGCAAAGATTGCCAAGACCGGCGACCGTAAGAAGGTCATGGATACACAGAAGAGCACCGATTGTCCCAAGTGCTCCAAGCCCACGCGCATCGTCAAGCGCGTCAAGGACCGCGAGCGCGGCGTCCCCGGCGGCGTCTATATCTCCTGCTCCGCCTGTGAGTTCTTCGAAAAGCTCTAAACCATTCCTTTAGTACACCGCAAGGGCGCGACTCCGGTCGCGCCCTTCGCTTTTGCGGTTCAGATTCCATTCGGCCACGACTGGGGTACCCCGAGGCTTCAGCCTCGGGTCTCATAGCTGGGCAAAGAGAGGGCAGGGCTTTAGCCCTGAGGTTTGCTTTCTTCTGCCATCTCTACTGCAGTCATTTCGACCGACCTCTAAGCGCAGTTGAATAAGGAGTGGAAAGCCTAGCAGTTTGAGTGCCACAACCACTCGGAAATCCCCACCGTTCTCCACATGAAATCTCTGCAACATGACCTTCGTTTTGCCTCTTTCAGGCGTCTCATCACTGTGCCGTCCGGGTCGATGTACCAATGGGGGTCCATCCACTTGACGATCCTCTCTCCAGAAGAGGAAACTCCCTGACGGTACGAACAGGAATCACTTCATCATGGCTACGAGCACCATCGTTTCATCCACCTCCCCTGAACTCTTCGCCTCCACGCCTCTCTTCACCCGCCCCACATTCCTCATGTGTCCGCCCGAGTGGTACGGTGCCGACTACGTCCTCAATCCATGGATGAGCGCTGGCCGCTCCGGCAAGCCCCATACCTTCTCCCGCGATCTCGCCTTCGCTCAATGGAAGGGCCTCCACAACGTCCTCCGGTCCGTCGCCGACGTCCGCCTCATCCACCCCGAGCCTGGCTGTCCGGACATGGTCTTCATCGGCCATGCCGGCCTCGTCCACCACGGCGTCGCCGCCGTCTCCAGCTTCACCTGCACCGAGCGACAGCCCGAGGCCACCTACCTCCGCCGCTGGCTCGCCGGCCACGGCTTCCTCCTCTGGGAGACGCCCCGCGAGACCGCCTTCGAGGGCGAGGGCGACCTCTCCTTCGACGCCGACGGCAAGCGCCTCTGGGCCGCCCACGGCGTCCGCACCTGCAAGTCCTCGCACCGCCACGTCGCGGATGCCTGGCACCTGCCCGTGCACTCTCTGCACCTCACCGACCCCCGCTTCTACCACCTCGACACCTGCTTCACCCCGCTCCACGACCCCGCCGGAGACGGCGGCTTCCTGCTCTACTACCCCGGTGCCTTCGACGCCGCCTCCTTGGCGCTCATCGAAGCCGCCTATCCGGCAGGGAAGCGTATCGCCGTCAGCGAAGCCGACGCCACCCGTATGGCCTGCTGCGCCCTCAACCTCGGCCACACCGTCTTCACCGGCGACATCGGCCGCGAGCTAGCCGCCCGTCTCTTCGATGCCGGCTTCGACGTCGTCCAGCTTGAGCTCTCCGAGTTCATCAAGGGCGGCGGCGGCGCCAAGTCCCTCACCCTGCGCCTCAGCGACCTCCCAGTCACCCACGGCGCCATCCACCCCTAACCCCCAAAACTCTCGGGTGCCCCATTCATGACGACAGTCTCATCGTCGGCATGAGTGGGGTATCGAACTTTAGAACGAAGTTCGGTCACTCTCCCCAAGAAGCCGTCATTTCGACCGAAGCATCGCGGCCTCATCGCGATGCGTAGGGGAGAAACTCCTGTATTTGTCTTTGCTGTTGCTTGTTTTCCTCTGCGACCTCTGCGGTCTTTTCCTTTGCGCCCTCTGCGTGAACGCCTTTGCCGCAGCGAGAGCCGAAGGCGCGAGCGTACAAAAGGCCCTGCACCCCGTCCGCTCGCGCACAGGATCGCAGGGCCTTCCGGCCTTGTTCTTGCCGTCATGGATTGTCGGCCTTGTAAAGGAAAACCGCTGTTTAGCGGTCTCCGACCATCGCTACCAGGCCCAGGTTCGGCTCAGGGCTCGGAACCGGGCTAAATACCGCAGGATCGTTGATCATGGGAAGTTCTGCTACCAGCTTCTTGGCCATGTGCGTATCCGACGGGGAGACGACTTCGATCTTCACCTTCGTAATCCCACTGAACTCCAGCCGCTTGCTGGCCGCGTAGGACAGGTCAGCTATCAGACTAGGAGCCACTGGCCCCCGATCATTGACCCGGAGAAAGACCGACTTCTTGTTGAACAGGTTCGTCACTCGAACCCACGTACCCAGGGGCAACGTCCGATGCGCACACGTCATAGCGTACATATCGTAAATTTCCCCATCTGCTGTGGGATGGCCATGGAATCCTGGACCATACCAGGAGGCCTTCCCAATCTGAAACCAGTGATGCTTCGCAACGACGGTGGAATGTCCCCCACCTCTCATTGCCGTTACTCGTTTCACCGTAGGACTTGCGACGCCGATGGCTGACAAACCCAGGGACAGCGCCAGAAAACTACCGCTCTTCAAAAACCTTCTGGTCTTGCCCTGCAGCTCACCCGCGACTTTCATCGTAGGATCACTCATAAGGACTATTGTCCTGTCCCTATATACCTAAGTCAAACAAAGCAAAGACAATCGCATCTCCATTTTTCTTGCATTTTCCCGCTCACTATGCTAGGTTTTTCTCAAGATCACAAGCGTCCCGTGACCCCAACCAGCAGCCCATCTCCGGCCGCAAAGCCCTTTGTCGCCCTCGCCATCGCCGGCTACGATCCCTCCTCGGGCGCTGGAATCACCGCGGATTTACAGGCGTTTCACGCCCATGGCCTCTTCGCCACCACGGCGATTACCGCGCTCACCGTTCAGTCCACACTCGGCGTCGCAGCCGTCGAACCCGTCTCCGGAGACCTCCTCCGCCGCACCCTCGAACACCTCCAAAACGACCTTCCGCCAGACGGAATTAAGATCGGCATGCTGGGCAGCGCTGAGATCGTCTCCACCGTCGCCGAATTTCTCCGCTCAATCGCCCCGCGAACAACCTCTA
NZ_CP046444.1_gap6	295204	300202	4998	GCCAGCCGCAACCGCTTGCCCGCAGCCTTCACCCGCGCAAACGCCTCCAGCAGGTAGGGAACACCCTTCCGCAACCCAACCTCTCCTGCAAACAGCACCTCAAACCCGCCAGGCTCCGCCAACTCGCCACGCACCCCACTCAACTCCGCGCCATAGGGAATCACCCGCACCTTCTCCCGAGGCACCCCCATCTCCACATACGACCGCAGCGCAAAGCTCGACGGCACCGTAATCGCATCCGCCTGCGCGTAGATCTCCTCCTCGCGAACCGTGTCCCGAATATCCGACACCGGCAGATCGACACTCCACCGTCGGTACTCCTCGCTCACCAACCGCTCCTGATACCGCTGGTGGGTGGACCCCCGGTCGCAAACAAACTTGCCACCGCGCTGCTGCACCAGCCGACCCGTCTTCAACCCGGCCCCGGCAATCGCCACCAACGCATCCGTATCCTCGGCGATCCGCTTCGCCGTCCAGTCATCGAACCGCAGCGCATTCTGCACACCCAGGTCGTCCGACAGCCATCGCGGCAGCAGCCCATGCCGGTTCAACACCGTCTCCGGTGTATGAATCCAAGGCCAAGTCTCCACCTTCGCACGCGGAACCCCCTCACGCTTCAGCCGCGCCCAGGGCCACGTCGAGTACACCTTCTCTAGCTGTCCGCGCCGTTCCAGCTCCCGCGCCAGCGCAAAGTGGTGGAAGACCCCGAACACGGCCTGCGTTATCTTCATCACGCTAGAATAGCCTCATGCTCCTGGACTTCGAGCGACTCGACGACCCTGTCCCGGGACTCGCCGGCCAGGACCCCGCCAACGTCTGCATCGTCGGCGCCGGCGCCGCAGGTATCCTGCTCGCCACCGAGCTCGCCGCGCAGGGCCTCAGCGTCCTGCTGCTCGAAGCCGGTGGCCTCGACCTCGAAGCCCGCTCTCAGAATCTCTACCGTACCGACCAGCCGGGCCTGCCATACTCCGGCGACACCCGCGGCCGCTTCCGCACCTTCGGCGGCACCACCACTCAGTGGGGAGGCCAGATCCTCGAACTCGACTCCTTCGACTTCGAGCCCCGCAAACACGTCAAAGGCAGCGGCTGGCCCATCGCCAAGTCGGTGCTTGCGCCGTTCTACGAGCGCGCCCTGAACTTCGAAGGTCTCCGCCTCGTCGAACGCGAAGACCACCGCGTCTGGTCCGGCCTCGGCCTTGGTCTCTGCGATCTCGGCCCCGAGTTCCGCATGGCCTACTCCCGCTGGTGCCCCGAACGCGACTTCGCCGTTCTCAACCGCCACATGCTCCGGGACTCCCGCTGGCTCCGAGTCCTCTACCACGCCAACGTCACCGGACTCGTCCTCAATGACACGCGCAGCTCCATTACCGGCCTCCGCATCCGCAACTACTCCGGCCGCGAAGAGCAGGTCTCCGCCGGCCGCTACATCTTCGCCCTTGGCGGCATCGAGGCCAACCGCCTGCTTCTGCAGCCGCTTGAAGAGGGAACTGCGCCCTGGCAGCGCAACGGCTTGCTCGGCCGCAACTATCAGGACCACATCTCTCTCAACGGCATCGTCATCCGAAACATCAGCACCCAACCCGTCGCCCGCTACTTCGGCTATGCCACGTTCGACACCTTCCGCTACCACAACAAGATCCAGCTCTCGCTCGCTGAACAGGCCAAGGCGCGCACCCTCAACGTGGCCGGAACCATCGGCCCCTGGCGTAAGGACGACCCCGCCCGCGACGACGCCACCGTCCTCCTCCGCGAAGCCCTCCGGAAGGGAAGACGACCCACCGCCGCAGAGTGGAAGCAGGCTGCTCGCTACGTCCCCTCCATCGCTTTGGAAGCCACCACCAGCCGTCTCCTCGGCGACCTGCCAGACGGTGGCCCCGAGTGGAACCGCACCATGCTCACAGTCCACTGCGAGCAATCGCCGCGCTCACCCAGCTCCGTCACCCTCACTAGTGACCGCGACGCCCTCGGCCTCCTCCGTGCCCGCGTCGACTGGCAGATCACCGGCCACGAGCTCCTCACCCTGCGCACCTACGTCAAACGCGCCACCGAGATCTTCGCCGCCCGCCGCTTCGCTAAAGTCGCCCCGCCCAAAGGCTTCTTTGAGGATGACGCCCTCGTCCGCTCCATGTGCACCGACAGCTTCCACCACATGGGCGGCACCCGCATCTCCGACTCCGCCGTCGAAGGTATCGTCGATCCAAACCTCAAGCTCCACGGCATCGACAACGCCTACATCTGCTCCAGCTCCGTCTTTCCGAGCTGCGGATACTCCAACCCAACCCACACGGTCCTGGCGCTCGCCCTTCGGCTCACCGACCACCTGCGCGACAAAGCAGTCGCCGAAGGTATCTGGCTGCCCGAACCCGTCGTCGCCAACGATTCCATGCGCGCGGTCACGCTCCCGGCCATCGCTACCGAAACCATACCACCGAAGACCACACCCCAGCTAGGCTTCGGTTGCTCCTACCTCCTCGGCCCCGGCCTAGACCGAGCCACCTCGCTCCGGTTACTAGCCGCAGCCTACGACGCCGACATCCGCCACTTCGACACCGCCCGGCTCTACGGACAGGGTGAGTCCGAAGCCCTCCTCGGCAGCTTCCTCAAGGGCCGCCCTGATGCCACCGTCACCACCAAGTTCGGCATCGAGCCGCCCAATCTCGTCCAGCGAGCCGTAACCGCCGCTGGACGTCGCATCAAGCCGCTCGCCGCTCCAGCCCGCCTCCTGCGCGGCTCCGGCAAGCTCCGCTTCAACGCTGTCAACGCAAGGAAGTCTCTCGAACGAAGCCTCAAAGCCTTGGGCAGGGAACACATCGACATCTTTCTCCTCCACGAACCGGAACGAACAGAACTTGTCCACGACGACCTCCTGAGCTTCCTGGAGGACGCCCGCACAGCCGGCAAGATTGGTAGCTTCGGCATCGGTGGCGACTACGCCCGTGTCGCCGAGCTTTACGCCACCCGCCGGGCCTACACCCCGGTCCTGCAGTTCGAGCACTCCATCTTCGGCCCACGACTCGACTTGCCCGAAGCCTGCCGCATCCACTACCGAACGTTCCAACGTCCCACGTCCGCGCTGACCGCCGCCTTCCAGCAGGAACCCGGCCTAGGCTGGTGGTGGTCGGAGAAGATCGGAGCAGATCTGCAGGAACCCGCCGTCCTCTCCCGTCTCCTGCTCAGGGCTTCACTCGACCAGTATCCCAACGCTCTCACGCTCTTTTCTACCTCTACCGAGCGCCACATCTACGACAACGTCACCGCCGCCACCGACGATCGTCTTGGCGAGATAGCCACGCGCCTCACGCGTCTCGTTCACGAAAATGACCTTGGTGTCACAGACTCACTCTACCCATGACAGGGAGCTGCTCACGCCAACATTCAAAGGCCCCATAGAGTGCGTGAGATAGAGGTGAAACCTAAACTTTCAAGGCGTATCATACAGAATATGTGTTATCGGACATAAATACACGATTGGCTACCCCCCTTGAATTACCGACGACTATCGCCGCTGTGACTCCTCCAATTAAAGTCGATCTCCGCAGTTGGGTATCCACCACTAAGTCCAAACGGCTGCGGATCTTAGCCCCAAAACCCGTAGGGGCCTTCACTGTGGTATCTTAGAAAAGTTGCCCGCTCAACCCGAGCGGAGAGATGGCCGAGTGGCTGAAGGCGCACGCTTGGAAAGCGTGTATACCGCAAGGTATCCAGGGTTCGAATCCCTGTCTCTCCGCCATCTACTCCCGGCCACGGATCCCCTGACAATAAAACCGCCCGAAAAATCTGAGGGATTCCCTGCTCTCTCCAGATCACACCGATACTTATATCTCCCTATAATGATGCAGACCACGATGATTGCCGCCGAATTGGACACAACCAATAGATATCCTCCCAGACAAACGCTTCTCATTGACGCCGATGACACGCTTTGGGAAAACAACATCTACTTCGAACGTGCAATCGCGGCTTTCATCTCCTACCTCGATCATCGGGTTCACTCTCCAGAACAGGTCCGTGAACACCTGAATCGCTGTGAGCGGTCGACCATCGCCCAGCACGGGTACGGTCTGCAAAGCTTCCGGCGATCGTTGATTGACTGTTTCGAGCAACTCAGCGACGAGCCGGTCACACCTGAGAAGCACACCCGTATCGTCGCATTTACCGAGGCGATCTCCAGCCAGGAGATCGAATTGCTCGCTGGTGTAGAAGATACCCTGTACGACCTCGGCCAGCGTCACACCCTAATCCTCGTCACGAAGGGCAACCACGACGAGCAGAACGACAAGCTGACACGGTCCGGCCTCCGGCCATTTTTCTCTTCAGTTGAGGTACTATCCGAGAAAAACACAGCAGCTTATATCCATATTCTCAGCAGTTATGCTTTGAATCCTCGGAACACCTGGATGATCGGCAATTCGCCGCGATCAGACATCAATCCAGCGCTCTCCGTTGGGATGAATGCCGTTTTTATACCTCATGACTTTACATGGGTTCTAGAGCATGAGGTTGTAGATCAACCGAATCCAACGAGCCAGCTACTCAAGTTAGCGGCATTTCCTGACCTTCAGCTCTATTTCTGAGGCGCTCTCCAGTCATTTGCACAGCCCCAGCATCCACGCTTCTGCTGAAGGGCGTAGCGATGCTATACTACTCAACGGATTGGTCGTCGCAACTGTCGCACTGTGAGTGCGTCAGGCTCCATGCGGAGGTGGCGAAATTGGCAGACGCACTACCTTGAGGTGGTAGCGCCGCAAGGCATAGGGGTTCAAGTCCCCTCCTCCGCACCACATCTAAATCTAACCGGTGCATCGGTTGAAGATTTAGACACGGCTCACGATCCAAAGACTGGCCGCGAGGCGGCGTAGAGGCTTTTACCCCGAATGATCGTTCTTCTCGTCATTATTCACGTTGTGGTCTGCCTATTCCTTACGGGCGTGGTACTTCTGCAGCAAGGCAAGTCGGCCGACATGGCCGCAGCCTTTGGCGGTCAAGGTTCCCAGACTG
NZ_CP046444.1_gap7	311695	315515	3820	TGGCTGGAGCGGATTTCAGAGTAGATTTCCACAGAAGGTTGGACTTTTCTTCTGATTCTGGTATAACTGTTCTAGCGATGCTCCAGTTTGTGGAATGGAGCTGCGAAGGATCTCTCGGAGCATCAACCCGAGAAGCAAGTTGCGTCACTGGCCTCCCGGCATGGACTGAAGACCGTTCATGCCGTCCTTTTTTGTAGTTGAGGCATGATAGTGATGTGACGGATACTCCAACGACAACAGAGACTGCGAACCTTATACCGAAGATGGACACTAAGGTGCCGAAAGAGCGCACAGCTACGCAGACCATCGCGGCTGTGCTGCTTGTGGTGTTTCTGGCGGGCGCGGTTTTGGGGCGCGTGGGTTATGTGGAGTACTACCGGCAGAAAAATGCGCTACGCGTGATGCGGCTGGCCGTGGAGCAGTCGCTGGCGCCCGGCGAGGTGGTTGTCGTGGACGATCATCTTCTGGGATGGGCGCTGCGTCGTGGGAGCGATGGCGTGTTGCGGCAGAGCGTGTGGAGCGTCGGGCAGAATGAGCCGGTCAGTTCCCTGCTGGCGAGGCTGCGGCAGGCGAAGACGAATGAGGTTGTTGTCGTGGCGACTCCGGGCGGACGCTTGATCCGGAATCTGGATGCAGCGGGTTTCAGCGTGGCGCAGGAGGTGGGCTGGGTGCCCTGGGACCTTCAAGGCAACGGCACGGCGCTGCTGGGATGCGGAAAGAAGCGGATATTCTTTGCCGTGCCACCCAAGGAGACCGGACGCCGGTAGAGGTTTCGGCGCGGTATCATCGAAGGCGAAGTGAGGGTTTCGATGCGACGTATTTTGGGATGCCTGGTGTTAGCTCTCGTGGCAGTGGCGGCTTCGGCGCAGTTCTCCGATCCAGCCAGCGATGTGCCTGCGTATAACGTGGGCTCGCCGAAGGGGCCGATGACGCCGATTTTGCATGGCCAACAACTGACCGGGCCGAACTTTACGCATAGCTATCAAGTGGCAGCCTACAAAATGGCGGCGAAGATCCCTGCGGTGCTGCATCAGGAGCCTTGCTACTGCCGCTGCGACCGCGCACTGGGGCACGACAGCCTTCATGCCTGTTTTGCAGGGTTGCATGGAGCGGAGTGCTCGACCTGCATGCAGGAGGGCGTATATACCTACCGTGAGACGATGCAGGGTGAATCGCCGGCGCAGATCCGCGCGGGGATTGAGCGCGGAGAGTTTCTGAAGGTAGACCTGAATACGATCACGATGCCGCACAAGTAATGTAGCTGGCCGGGAGGCTGAGAATGGGCTGGGTCTTCTGGGCGATGCTGTCGGCGGTGTTTGCAGCGGGGACGGCGCTGCTGGCGAAGGTGGGCGTCGAGAAGATTGATTCCAATCTGGCGACGGCGATCCGCACTACCGTCGTGCTGATCTTTACGTGGGTGATTGTGCTAGGCAGCGACGTTGCACGGCTGCATGAAGGGCTGGGACTGCCGGCGATCTCGCGACGAAGCTGGCTGTTTTTGGTGCTGTCGGGTGTGTGTACGGGCGCGAGTTGGCTGTGCTACTTTCGTGCGCTGCAGATGGGACCGGTGAGCGGCGTGGCACCGATCGACAAGCTGAGTGTGGCTCTGGTGATTGTGGCCGGGTGGGTGTTCTTTGGCGAGAGCATGACGCCAGCGAAGGTGATCGGCGGAGTCCTGGTGACGACGGGTGCGCTGGTGATTGCGTTCGGGTGATGTACTGGAATGCTTCGGAATTCATCCGCGTATAATGGAGATAGTTCTTTGAGTGCCCCAATGCAATGTTGGGCCAGTTCCCTCAGTGGGGGCGTCACGGCTTCGACGGGATTGCTTGCGGCAGAGAGGCATGCCGGGGTGTGAACACCCGTAATCGCTCACAAAACTATAAGTGCCGAACCTCAATTCGCGCTTGCTGCTTAATTAATTAGGTAGCCGATGGCTTCCGCTTCGCCTACGGGCGGATACCCATCGTCGCACAGTAGGCTGGTCTGCGCTGTTCCGCCTGGACGGCAATGACGAGATCGATCAGGCTGGTGGCTGGCTCATCTTCGCCCGTTCTCAGGGCTGGCTACGAGACAAAGAGGAACGCGGAAAAGCATGAATGCTCTCTGTTGTTGGTTTTTTCGGACGTGGGTTCGACTCCCACCGCCTCCACCAATTTCTCCTTGTATCACCCTCACAACTTACGCGTCTAACTCACCATGGAACGGAAGCTCCTGGACAGGCGGGCGTTCGTCAGCGGCAGTGTCGCGCTGGCGCTAAGTCAGAACCTGCGCGCGCGGGGACAGTTTGGACGACATACACCGGTTGAGTTTTCGCAAACCGTGCAGGCTGGTAGCTCGCGGCTCCAGATCGATTTTGCGCATGGAGAGTTTGCGCTCGGACGCGTGGCGGTGATCGACCGCATTGAAGCGGCGGCGAAGGCTGTTACGACCTACTACGGGAGGTTTCCTGTGTCGCTGGCTCGCGTGCTGGTGATACCGGAGGCGGGTGAGTCTGGCGTGTTGCAGGGCACGACATGGGGAGACATCGGTGGCTTCCCTGCCTTTCTACGGCTGCGCATCGGCGAAGATGTCACCGCGCAAGAGTTGGCGAGCGACTGGATCATTACGCATGAATTGGTGCATACGGCGCTGGCCGATCTGTCGGACGATCAGCACTGGCTGGAGGAAGGCATCGCCAGTTATGTGGAGCCGATTGCTCGCGTGCAGACAGGCCAACTCGATGCGGCGGCGATGTGGGCAGGAATGATGGACGGCATGGTGAATGGCGAGCCGGAGGCCGGAGACCGCGGGCTCGACCGGACACATACGTGGGGGCGAACGTACTGGGGCGGAGCTATGTTTTGCCTGGTAGCCGATGTGGGGATTCGGAGAGCGACCGCAAACCGCAAGGGGCTGCAGGACGCGTTGCGGGCCATTGTGGATGCCGGTGGAACCATCAACACAGACTGGCCGCTTGCGAAGCTGCTTGAAATTGCAGACCGGGCGACGAAGACTGATGTGCTCTCGACGATGTATGCGAAGTGGAGCGGTACTCCCGTCGAGGTTGATCTGCCGCAGCTATGACGCGAGCTTGGCGTGGCTGGGACAAAGAGACATGCGGTCTTCAATGACCATGCGCCGCTGGCGGCAACACGAACTGCCATCACCCAGGTTCACACATGAGAGCGTTAGGTGGCGATGCTACCCGCGGCTTTGACGATGGTGGTCTCCTGCACTTCGATCATGCCGGTGCCGCACATCTTTGACAACTGCGGGAGCAGTTCCTGAACCTTCTGCGACGACTCGATGAACTCCAATTTGACGGGAAGGTGATCGGAGATGGAGACGATGGACTCGGCATGCAGACGGTGTTCCGCGCCGAAGCCTGCGACACCCTTGAGGACGGTCGCACCGGAGACGCCGTTGCGGAATAGGAAGTCGAGGATCGCCGTGGCCGCATCGGTGTGATGGTGGCGGGCGCCTTCCGCAATGTAGATCGATACCTTTTGAGCTGGGCCAATGGATTGCATAGAGGGGTCCTTACGCGTTGCAACTGCTATTGAATGGCGCGGGCGGTAGCTGCACCTAGTGCGACGGCGATGAAGCCTCCGACGAGGCTGAGCGTAACGTAGAGCAGACTGTTCCAGTAGGCGCCTCGGGTAATGTCCTGCCAGGCTTCGTACTCGAAGGTGGAGAACGTTGAGTAGGCGCCTATGAAGCCGATGGGGATGAGATAACGCCAGGCATCGCTGAGCCCGGCGTGGCGGTTGAAGTACTCCAGCACGAGCCCGATGATGAAGCATGCACTGATATTGATGGTCAGCGTGCCAAAGGCGAA
NZ_CP046444.1_gap8	322105	326515	4410	CTCATTGTTGAGCGCCGCTGCCTGGCTGTTCGTACCGGTAGTGAGGCCGCTGGATGACGCCTCCGTAGCGAGCGTGACGGCGCGGTTCAGTAGCGTGGTTACCTGTGAAAGTGCTCCATCGGCCGTCTGCAATAGCCCAACACCATTGTTGGCGTTCTGCTGCGACTGCGTGAGCGCAGCCATGTTCGCCGTCATGCCGTTGGCGATCGAAAGGCCCGCCGCGTCGTCGGAACCGGAGTTGATCTTCATGCCAGTAGAGAGCTGCGTGAGTGTCTTCTGAAGATTCATCTGTGTCATGGACAGAGAATTCTCTGCAGTCAGGTCGGAGATGTTATTGAGGATTGTGAGTGACATTACGTGATGCTCCTTTGTTGTTTAGGCCAATGTGCACCTGGGGAGTTCTTGCCGGGCTTCGGTCAGGCTGCAGAACATCAGGCAACCATCTGTACTGTCTTCTATCGACCAGTTACCCGATTCTGTTCAGTGTGGATCGCTGTTGCAACTCCGCTATCGGCATCACGCCATGACGGTTCTGTACCGCCGAGGGGATATAAACTTCACTACTTCAGGTAACTCAGCAGAGTTGTGGGAAGTGCCTGGGCAGCCGCCGCAAGGATGGCGGTATGCGCGGTGTCAGCCTGGGATAAATTTGTTGCGGCCTCTGCAAGATCAATGCCCGTCAGCGAGGTCTGTTGAGAGCTGAGCGTGATCTTCTCCTGGCTGAGATAGGTCTCCTGCGAGTTGAGTTCGCTGATGCTGTTGCTCAATGGCGCCCGCTGCACATCGAGCGCGTCAATTGCGGAGCTAACAGCTGTCGTCGCTGCTCCTATCTGCGCGGATGTTCCAGTCTGCAATGCAGTAACGAGGCCACTGAGGGCACCCAGAACGTTCGTCCCGGTAGTAAAGAGCTGGTCACCCGGGATGTTGCTGTCTACTGTGGTCGTGTCGCCTACCTCGGCCTGATTGACGGTGCTGTTGCCGTTGTAGATATAGCTATTGGCGTTCGCTGGATCTACAGTGAACGGCACCGAGCTTGAGGCCGATCCACCAAACAAATAGGAACCTTGATAGGAGGTATTAGCCAGCGAGACCACCGTCGAGAGGATGCCCTGCACCTGCGTCGCAATGGCTGAACGATCGCTGGCATTGACTGTAGAGTTTGCACCTTCCGTGCCAAGCGTGATCGCCTGATTCAACGAAGTGACAACCGAGCTGATTGCAGAGTCGGCCGACTGCAGGCGCGATTGCAACGAAGTCACATTGGAAGTGTACTGGTCCACATTGGCCGAGGCCGCGAGCGACCGCACCATATTCGCCGACGCAGCGGGATCATCCGAAAGCTGGCTTACCCGCTGGCCCGTGGATACCTGCTGAAGTGCTGTAGAGAGCGCTTGATTGCTCTGCTGGATCGCATATTGAACGTCAGGCATCATGCTGGTCACACGCATGCTGGTCTCCTTCTTCGCAGGGTATTGTCTTACGCGGTCGTCGGGTTCATCATGTTCATCGTCGCGGTAAAGAGACCGTTCACGACGTTCACAACCTGCGCCGCCGCCTGATAGGACTGCTGGTACTTGATGAGATTGGTCGTCTCCTGGTCGATGGACACACCAGACTCAGAGCTGATCTGATTGTTGATTTGAAGGATGCTGGCTGCAGTTGCACTGCTCTCTGCCGTCGCTGTCGCGGAGAGGTTCCCCACCTGATAGACCAGATTGGCGTATGTATTCGTAGGTGTTGAGCCGCCAGGCAACGCTGTTGTCTGGATAGCGGCGAAGTCTGCGAGATTTCCAGAGCTCCCCGGGGTACCGTCCGAACTTGCCGCTACCTGTGTCGGATCTGTAAGCGCCAAGCTGATAGAAGCAGCCGAACCTGACACGTTTGCGGGTAGATTGAAGAAGTCTGTGCCGGCGTTGCCGCTCTGGCCAAAGCCACTCGTCTGCGCACTATTGAAGGCCGTTCCAACCTGGTTCGCCAACGTATCGAGTTGTCCAAGGATGTTGGGAATTGTCTGATCGCGCACCTGAATCGTGCCACCAAGGTCTCCCCCCTGCAAGGAAGACGTGATGTTGTCGCCGCTCTGGTCCAACACCTGCGTGCTTCCGTCGGCGCTCGTAGATGTCTGCAATGAATAACTCTGCGAACCGACGACGAGCGGCGTACCATTGCCAGTAGCGAGCGTGACGCCGTTGTTTGTCTGCGTCACCTGCACATTGGTAAGTGCAGACAGCTGCTGAATAAGCTGATCCTGCTGGTCCTGCAACGTACCGCCATTCTCCGCGGGGTCAGTCTGGTGCGAGGCGACGATCTGCGGGTTCAGCGCAGCAATCTGTTGCGTCAGTCGATTGACCTGACCAACGTCTTGCGTGACCTGTGTGTTTAGCCCCACTTGCTGAGAGGTCAATGTATTCGACGCTGTATTGAATGCGCTCGCAAGGCCCTGACCGGCAGAAAGGACTGCCTGCCGCGATGCCGTATCCGTGGGATCTGTAGCCAAAGCGGACAGGCTCGAGAAGAGCGTGGACATCTCTGTGCCAATATCATCGCTGGATGTCGTAAACAGAGGCTCGATCTGTTGCATCGCGTTCGTCTGAGCGTCTGCTGAACCTTGACTTGAGGTCTGCTGCTGCAACTGCATCTGCAGCAGCTCATCGCGTACGCTCGTGTACCCCTGCAGGGCAACCCCGCCGCCCAGCTGTACAGTGCCGTCTTGAACCGGTGCGGCCGTCTGCAGATCGACAACTTCCTCTGTATATCCGGCGGTATTCGCATTTGCAATATTGTTGTTGGTGACTTGAATTCCGCCCTGGGAGGCATTCAAAGCACCGAGCGCGGTAGTAAGTGATGAGGTAAGTGACATATTTACATCTCGCAGAACCAGGTTTGCCGCTTGGCCCTGGAGCCGCAATCCTCCTTGAACTGACCACTGTGACTCCTGCAAAGCGATGCGAGTAACTCGACCGATCGACTGGAGTGCTTCAACAAAGAGTGATACTTGATACTCGCTATGCGCAGTCTCTTCGCTGCAGCGACTACGCTGTCCCGATTGTCGCCGCCAAACAGAGCAGCCCCTGAGTTCACGTCTGCCATCGAGCGAAGCTTGACCATGAGACCGGCGGCCATGAACTCCTGGCGGATGATACTGCGATTCAGCAACGAGATGTCGTTAAGCGCGATAGCATCGAATGCAGTCTCAATCTCTGAAGTTAACGATTCGATCTGTTGCAGATATGACTCTGCCGGAGAGAGCGCGTCCATCAGTGAGGCGGTATCCATTAGAACTCGGTCTGGTGAATGCTGCGGATAGCAGCCATAGGCTGAGGGTTAGATGTCGCTGACCATGGCCGATGCCAGTTTCTGCGGGTCAACCTGATAGGTGCCACTGCTGACAGCCTGGCGCAGGGACTGCACTTTGTCCTGACGCACATCAGGAGTTGCAAGCGCCTGTATAACGAGTGCCTTTACCGTTGAACTGTCAGAACTCAATGTGGTCCGGTCGCCCTCCACGCCCTGGATGGTGGCCGGTCCTGCGTTGTTCGTCTGTGACGTATTCCACTCGGTCTGAACCTGACTCGCAGCGATTCCACCTGCGTCGATCTTCATGCTTTAACCCTCCCAAGGGCACCAACTCCTATATCGGCACGATTTAGGGAATGTTGAGCCCCGGTCTCAACTCTTCTTTTGCAGTGTCAACCTGTTGCTGGGCATTGGCAGGCATTGTCTTGCCATTACGTCGTAACTGGGTCGCGATCATTGTGGCGATACCGATACCGCCGGAGTTCGTAAGTGCTTCAGCCAGTGGCTGGATCGCGAGCCCTTGCTGCATTGAGGCCGTACCATCGTCGTCGTCGCCTTCCCCGGCCCCAGGTGCACGGGCGAATGTATCTTCCGCATGCTGGAGCCAATTACCAATAAGGATGGACTCGAAGTCCTTCGCTGCTTTCGTGATCTTGCGGTCGGTCGCAGGTGACACAGCGTCTGATTGAAGAGGAGCTTCCTGGGGTGGCGTCCCAGAAGTAGTCATTGTTGGCGACATAGTCATGGATGTACCGATAGTCACTAAATCACCTCGAGGTCAGCCTGGAGTCCCCCGGCTGCTTTAATGGCCTGCAAAATCGCAAGGATGTCCTGTGATGAGGCACCTATAACGCGCAACCCCTTCAGGAGCTCATCGACACTGGCCCCTGCCTGCATCTGAACGGTCTGCCCAGAGGGCACGTTTGTAGAAGAGGGCGCTTGCGGTGCTGTCCCAGCTAACGATGGAAGAATCTGGATGGTAAGCCCCGCCTGCATAACAACAACCGGTGACAACGTCACATCTCCTCCCAGCACGATCGTGCCCGTACGTTCGTTCACCACTACCTTAGCGGCAGGCTGTACCTCCACAGCAAGCCCTTGTATTCGCGAGAG
NZ_CP046444.1_gap9	333580	338024	4444	TCGATTGCAGGATCGAGCATGACCACCTTCAACTCTCCGCACTCATCCAGGAGTGGCTGGACGAGAGCTCGCCCTAACGCATGACGGGCAGCCTCAACAAGAGCGATTGGATTTTTGTTGTAGAGCGCAGTATCCAGAAGCGACTCGAGGATTGTGCCCAGGTCGCGTATCGACACCTGCTCCCGTAGGAGTTGCTGAAGCACTTTCTGAACTTCCCCTAACGAGAGATGCTTTGGAATCAGTTCGTCTGCCAGCTTTGGATGCGTCTCCGTGAGGCGATCAATAAGCCGCTTCGTCTCATTCCGTGAAAGTATCTCGTGAGCATTTTGTCGAATCACTTCGGTAAGGTGTGCAGCAAGAACCGAAGTTGGATCAACGACTGCATATCCTGCTGCAATCGCCTGGCCCTGTATGTTTGGAGCAATCCAGATGGCTGGCGCCCCAAACGCAGGCTCTCGAGTTGGCTGACCTGGCAGTTGAGAGGCATTCAAACTGGAGTTGATGGCAAGCAGGGAGTCCTTCCGAAGTTCCCAACGGGCTAGCTCAATACCTCGCATATAAATGACATACTCACGATCGCGCAGCGAGAGGTTGTCGGTGATGTGGATCGATGGGATAAGGATGCCAAGCTGTTGCGCCAGGTTCTTACGCATGGATTTCACGCGGGTCAATAACTGGCCACCCCGTTGAACATCGACCAACGGCACAAGCCCAGGCCCCACCTCCAGCATGAGTTCATCAAGCCGCAGAGTCGCTTCGATGGGGTCTGAAGGCGTTGCTGACTGCGACGCATTTGACGTCTTCAACGTCACTTCTTCTTCACCGAGGTCGCCTGCAGAAGAGCCCGGCTTCATCTTGCTTCCCGCATACATCAATATCCCGGACACACAGAAGAACGGCAGCTTCGGAAGCCCTGGAATCAACCCCAGCAGCAGCAAGGCGCCGCCGGCAATCCATAGCAGCCTGGGACTCATCAATAGCTGCTTCCCGACATTAATCCCCAGCGACTCGCGTGACGCTGATCGCGTAACCACAATGCCACCAGCTACCGACACAAGAAGCGATGGGAGGATTGACACAAGCCCATCACCAACCGTCAGTATGGTGTACGTCTTAAGTGCCTCCTGTAGTGGAACGCCCTGCTGAAAGACGCCAATCAGGAAACCGGCAATGATATTGATCGCCATGATCAAAATAGTTGCCATGGCGTCACGCTGACTGAAGCGTGCGGCTCCGTCCATGGCCCCACAAAATTCGGCCTCTTGTGCAATCCTCTCCCGGCGGGCGCGAGCTTGTTGCTCGTTGATCAGGCCCGCGTTAAGGTCGGCGTCGATTGCCATCTGCTTGCCCGGCATCGCATCCAGAGTGAACCGCGCCGTCACCTCGGCGGTGCGAACCGCACCATGGCTGATGACGAGAAATTGAATCGCAATGAGTGCCAAGAAGAGGACAAATCCGACGATGTAGTTGCCTCCAACGACAAACTGCCCAAAGGCTTCAATAACGTTGCCTGCCGCTGCTGTTCCCTCGTTGCCATGCAACAGGATGCGTCGCGTGGCAGCAAGATCCAGTGCAAGCCGCATCAGCGTCAGTAGTAGCAACAGACTCGGAAAAACTGAGAACTGCGTAGGACGCAGCACCTGGATTGCCGTCAGCAATACCAGCACCGATGCGGTAATACTGACAGTAAGGAGTAGATCCAGAAGAAAGCTTGGCAACGGTACAAGCATTACAAAAACCAAAGCCACCGCCGAGATCGGAGCAATCCATTCCCCGGACTTACGCAAAGCAGCAACTGCGCGCTCTATCATCGCTGTCCTCCAATCTCCGCCGCTGTCGACGGCGGCGGTCCAGCGGCCGCTGGTGCTCGCTCAGCAGCGCTTCGTGATCGACGTTCCGCATCCGCCCGGCGCACCTCAGCCTGCGCTCGGTAGACAAATGCGAGAATCTCGGCGACGGCCTGATACAGGGCTGCGGGAATCGAGTCTCCCACTTCCACGGTCTTATATAACGCCTGCGCGAGCGGGCGGTTTTCGACGAGCATAATATTGTTGCTCTGCGCGAGCCGCTTGATCTTTTCAGCGAGCAGGTCCAAGCCTTTCGCGACGACCACGGGCGCATCCATATCCGGTTCGTAGCGCAGCGCCACAGCGTAGTGCGTAGGGTTTGTTACCACAACGGTTGCCGTCGCAGCGGCCTTAAGCGATTGAGCTCGACGAAGACGCCTACGGAGTTGACGAATCCGCCCTTTGATCTGCGGGTTGCCATCCGTCTCTTTATGTTCTTCGCGGACCTCTTGCTTCGACATTCGCAAGTCGCTCTCCATTTTTTTCAGGGTCAGCAGATAATCGACAGCAGCCCATACGAGCAGCACCAGGCCCGATTTATAGACGAATTCCAAGATCATTGATCCCACTAGCCCCGCGAAGCTACGCAGCCCCACGTTCGACGCGTCTACGATCGCGGCCCATTGAGATTGCATAATGTTCACTGCAATCCAGGCAATCGCCGAGAACGGCAATAGTGACTTCAAAAGGTTCGCAAGCCCTAACGGCGAAAACATCTGCCCTAACCGGGTGACGGGATTGAAGCGTTCAAACCGGAGTGTGAGTGCCTCCGGAGCAAGATTGAAACCTCCCTGCATTAAACCTGCACATAGAGATGCCAGCAGCGCTACAAACATTGTAGGAACTACCCAATGCAAGACTTCGACCGCTGGCCAAAAGAGGACGGGGCCATTTGGATCTAGATCGCCACTTGCTGCGGCATCCATGAGCCCTCGATATAACAGGCCCCAGCGCATCACTGCTGTTGGAGCAACGCATATCAACAGAAGTGTCACTGCTGCAGCCGCAGCAATCCCAGGCAGGTCGCGTGAGCGCACGACCTGCCCCTTTTTGCGTGCCTGCTTCCGACGCTGCTCGGTAGCTTTTTCCGTCTTGTTGCCGTCTGCCATCGTTCGTCACAAACCTCTATTAACGCGAAAGCTGTAAAAGTACTTCCGATGTATGAACGGAAGTGCGGAAAAGATGTTCAAAGAGCGAAGGCCAGTAGCGCATGGCTGCCATAAGGATCAGCAGCCCTGGTACTACTTTGACCGCTGGGCCAAGCAACATAAGCGGTAGCTGCGGCGCGGCCTTGCCAAGCATAGCCAGAGCGAAGTCCGACAACAGCGTTGCGCCGAGGACTGGCGCCGCGATCTGGACACCGATTGAAAAGACCGCGCCGCACGCGGAGATAGCGGCAGCCATAAAGCTTGAACTTATATGCCCCGATGACACCGGCAGATAGTCGAAGCTGTTGGCCACGGCACGGAGTATCCATAGGTGGACCCCGGCACGCAGAAAGATCAACATTGCAATCGTCTGATGAAAGGTCGCAACGACAGTTGATTCCACCTGTGTCTGCGGATCGAGAATGTTCACTAGGGAGTAGCCCAGTTGCACACTCAGGATTTGGCCGGCCATCTGTATTCCATCGAACACAACGTTCGTAGCGACGCCGACGGCCGATCCAATCATCAGTTCACTGAGTATCGCCATCGGCCACTCGCTGATTGCCAGGGCGGGCACCCGAGGTGAAAGCATTGGATAAAGCAGCGCCGTCAGCGTAATGACAAGCAATGGCTTTACACGGGCAGGAATCGCAACGCTTCCAAAGAACGGTGCAAAGATTACGATCCCGGAGATACGCACACCGATGATAAGGAAAGCTCCCAACATCGTCGTCAAAGGGATCGTCATCATTGCAGCACCCAATGGAAGTCGGAGAGCAAACCGATAGTGTAGTGTGCGAGGCTCCGCCACATCCAGGGCATCAGAAAAAAGATCGTCGCACCTACGGCGAGCAGTCGTGGCACGGCAGATAGTGTCTGGTCTTGCAGGGATGTCAGTACCTGCGCAATGTTGAGCAGCAGGCTAATAATGATTGCTGCAAGCAGGATTGGAGCGGTCAAAAGCACAACCTCCCGCAGCATAATGCGACCCATCACAACCACTTGATCGACGCCCATTAGTTGAAACTCCTCATGAGAGAACCGATCAACAAATGCCAACCATCCACCATCAGGAAAAGAAGAAGCTTCAGCGGTGTTGAAATGACAACTGGCGGCAACTGCATCATTCCTACTGAAGAGATGATCGAGGCAACGACCATATCTACGACGAGGAACGGCAGGAACAGCACAGCTCCAATTTGGAAGCCTGACTTGAGCTCAGACAGGATGTAGGCCGGAAGCAGCACACGAAAAGACAAATCATCTATGTTTCTGGGGCGCGGCTCATGGGCCATTTCAAGAAACAGCTCTGCATCTTTCTCGCGAATGTAAGGCGCCATGAAATGACGCATCGGAACCAATCCCAGTTCGAGTGCTTTTATCGCATTGACCTTCCCCTGCTGCAAAGGCACGATCGAGTCGTGATAAATCGCATCTCCTACAGGCTGC
NZ_CP046444.1_gap10	343804	346924	3120	AATAATGTGACCATCAAGCAGCGATCGCACCGTATCTACCACTGGGTCCTGTTGGTCATCACCTTCCATGAGCACCGTATAGAACGCCGTGATGCTGCCCGTTGAGAAATTGCCCGCGCGTTCGACCAGGCGCGCCAGCAAATTCAGTACAGATGGTGTATACCCCTTGGCAGTCGGTGGTTCCCCGCTAGCCAGGCCGATCTCGCGCTGCGCCATCGCGAACCTTGTGAGCGAGTCCACCACCAGCAACACATTCTTCCCCTGGCTTGCAAAGTACTCTGCCACTGCCGTTGCACAAAGAGGAGCACGTAGACGCAACAGAGGCGATTGATCGGAGGTTGACACCACCACGACGCAACGTCGCAACCCCTCCTCGCCAATGATCTCTAGAAACTCACCAACCTCTCTGCCTCGCTCACCCACCAGCGACAGCACAGTGACATCGGCACTCGTACCACGCAGCATCATGCCAAGCAGTGTGCTCTTCCCGACGCCACTCCCCCCAAAGATTCCGAGCCTTTGGCCTCTGCCGCACGTTACAAACCCATCCAACGCTCGAACGCCGCACCCCAATGGCTCCCGAATCGCACGCCGTTCGAGAGGCTGCGGTGCCGTCCCGTCAATCCGCATCCATTGTTGGGCCTGATAGTTGCCCTTGCCATCGAGAGGATCTCCATTCGCATCGATCACGCGGCCAAGCAACTCCTCGCCGACACGGATCGACGGTCGTGTCCCTTTCGATAGAACACTGTCATTCAATCGAATCCCGGTTGGCGGCTCGATCACCATCGAAAGAATCGTAGAGCCCCGAAACCCCACAACCTCTCCGCTATAACACCTGCCTGTAGCGCCCCTGATCTGACAGGCGTCGCCGACAGAGCACAACGGCCCCTCCGATTCAATCAGGTTTCCGACAACCTGCGACACCTTGCCTCGCCAATAGATCGCGCCGGTTTCATCCAGGCGATCGAAGAAAGCCTTGAGCATACGGGGTTCATCGATCACTTGGCTGGCCTCTTCGACAGCAGCTCAAGAAAACTCTGCTCGACGTTCATAAGTTGCGCATCGATGCCAAGGTCAACAGAACCGACCTCGGCCTGCAACACGCAATCACCTGCCTTGAGATGAGCGTCACCCACAACCTCGGCCTGAATGTTGCGAGGTAGTTGCGACATCGCAAGAACCCAGTCGCTCTGATTCTCCGCTGGAACATGCAGCACAACCTTCGAACCCGCTTGCAGCTTGTCGAGTTCGATTCGAACCATCGCTGCAACCAGCATCGGGTCCGCAGATGACTCGCGATGAAGGATCTTCGCAGCGATTGCCAGCGCAAGCCGGATCACCTCAGTCTCTACAGTGGCGAAGTAATCCTTGCGCGACTCAGCGAAAGCCTCCAGGCTCCGAAGGAAAGCCTCGCGCGCCTGCAACAAAGCTCGATCCGATTCCATTCGCATCTTCTCTTCGGTCTCATGGATCGCGTCTGATCGGCTCTTCGCCAGCAGTGTATCGACCTCTTCCGGCGTCGGACCACTTGAGATCGGAGCATCGACTTTTTCTTCAGCCACACTGCCATCATCAATCTGCGCCTCGTCTGGAGGCATCTGTTCGGAGACATCCCGATAATTAAGCGGGCTCGCAATGAACGGATACTCGGCTTCGTCCGAGGCATTAGAGGAGATATTCATCATTGCCCTCTCCCTTCAGCTGCATCTTGCCTTCCGCTTCCAGTTTTCTGGCCAGTGCTACTATCTCTTGCTGCGCCTTGATGACTTCTTTGCTGCGCACTGGACCGAGCGATTCGACATCCTCCTTCAGCATCTCAACAGCACGAGATGACATCGTTCGAAAAAAATGGTTCTTCAAGTCTTCGCTCGTTCCTTTGAGCGCAACGGCAAGAATCTTCTTGTCCAACGCGCTCATCAACTCTCGTATCTGCGCCTCAGAGACACCAAGCAGGTCGCTGAACGTAAACATCAGGTCACGGATGTTCACCGCGAGCGTGGGTTGCTCTTGACTGATCTCATCCAATATCTCCACAGCCACATTGGAATCGACGGCGTTCATAATGTTGGCCACCGTCTGAAAGCCCGAATAAGTCCGCTTGCCCTGCTCTCCATAAGCCTTCAGCCTCTGGCTCAGTGTGATGGAAACCTTCTCTGCCATCTCCGGGGAGAACCGTCTCAGCGCTGCAAGCCGGCGGATCGCGTCTGCACGCTTTTCCGGTGGCAAGCTGATCAGAAGCGCCGAGGCCTGCCGCTCGCCCAGTTGCCCCAGTACCAATGCAACCGTCTGTGGATGTTCGGCTTCCAGGAACCGCGCCAGCTTCGCTGCATCGGTTCGCTGCAAGCGCTCAATGGGTGTGCTCTCGCGGGACTTCGACAAACGCTGCACGATGGCGTTGGCTTCCTCTTCTCCCAGAGACCTCACCAGAAGACGTTTCACCATCTCCAATCCACCTTGCGACTCATAGTCCTGATCCTTATTGCGTTGCAGATACTCCTCCACAATGCGCAGGGAGACATCAACAGAAACGGGCCCAAGATTGGATAGCGCATCTGCAACACGTTGCAGCTCCGCACCCTTCAGATTTCGAAAGACCTCAGCAGCAATGTCTTCGCCAAGCACGCTTAGCAAGATGGCTGCCTTCCGAGCACCGTTCAGTTCCTTGTCGCCGGTGTTATCGGTCATACGTTGTCCTCCTGCAACCATGACCGTATCGCTGAGGTGCCGCTCTCAGGGTTCGCCCTTACAGCCTCCGTGAGTTGCTTCTTTAGCAGCGCTGCCCGATGCGCAAGCATCTCTTGCGAACTCTCACCTTCCAACGCAGGCAGTTCCAGCGGCGCGGCTAGCTCATTCATGATGGGTTCTGTAATAGACAATGCTTGCTTCTGGATCGGCCTGAACATCAGAAAATAGATCAGGCCGAACAACGCAAACAACGATCCATACCGAAACAGCGGAGCATAGTCTTCTACGAACTCATGGGTGCGTTCCATAAAGCTCCCTGAAGGATTGAGGTCCTGCGCCCCTTCTGCGAATGCTAGGTTTTCCACGTTCACAACATCGCCACGTCCGCTGTCGTAGCCAACGGCCGCCTGCGTCAATTCGGATATCAGTTTG
NZ_CP046444.1_gap11	365429	366298	869	CATTGCATTTGTCACACCTGCAAATGGCACGGTGGAGCGCCGCAGAATCCCCTCACGATGTACATTTTCGATCAACGGATAAAAGACAATCTCGCCTGTTCGGCTTCGAGCGGCAATCAGAGAAACTTCCGCATCAAAACGGACAACCCCTTCAAGAACACAGGGAACTTTACCGAGATCTTCAAAGGCTCCATCCAGATCGCCGTCGCTATAAATGCGCTTTTGACCTTTGCCGTCGTACCCCATACGACGGGTCTTTAGAATCGCCGGGAACCCCAACTCCTGGACCGCGGAACGCAAATCCTGTACCGAGTCGACCGACCGGAACGGAGCACAGCTAATCCCACATGATTGAAGAAAGAGCTTTTCGGCGAGCCTGTCTTGCGCAATGCCAATTGCCCGCGCATTTGGCGCCAGCGGCAAGCCTTCTACAATCGAGATGTCAATATTTTCGGTTTCAATCGTAACGACATCGGAAGATTTAGCAAAATTAGCGACCTCGGAGGCATCCTCGAGGTCGACTGTTATTACCTTAGCAACACGGCTGGCGCAGTCACTCTCTTGACCGGCGCAAGACACCTCAACTAGTAGAGTTTTGGCCGCTTCAGCAAGCATCAGCGCAAGCTGTCCTGCACCAAGTATGGCGATACGACTTGGTTGAGTTTCACTCATTAGATTACGTCCGTGGATCTGAGTTCTTTAATACTGCCCTCGTCTGAGCGGATCGATATTTATCGAGAGCTTTCGAAAGACGTTGATTTTGAAACGCCAGCGTAGCAATAGCAAACAACCCTGCATTTTTGGCACCAGCCTCTCCAATAGCAAACGTCGCCACTGGTATTCCCGCCGGCATCTGAACAATCGAGAGT
NZ_CP046444.1_gap12	367532	368896	1364	AGGTACCGCCCACCAATCGCACGACATATCTCAACAAAATCTGAACGTAGAAGCGTAAGGAGGTTCAGAGACTCTGGGTCCCCAAATCGGGCGTTATATTCGATCAGACGTACACCGTCTTTGGTCGCAATAAAACCACCATATAAGATCCCTTGATAAGGCGCACCACACTCACGAAAGAGCGCTTCGGCGACGCTCTCTGTAACATGTTGAGCATCGTTGATATCTTGATCGGTCAAAAATGGGAGCTTTAAATCGACGTCGCTATAGGACCCCATCCCCCCTGTATTAGGTCCTTTATCTCCATTGAAAGCACGCTTGTGATCTTGAACTGCAGGCATATGACATATGGTTTTTCCATCACAAAAGCTCATCAAAGAAAATTCTTCACCTTCCAATTTTTCTTCGATAACAAATGGACGGTTGTGCGCGACGAGATCTTGGCAAAACTTTATGCTGTCGCCGTATGACTGCAAGTGATCGCCACAGACTTTTACACCTTTTCCTCCAGCCAGTCCGTCATCTTTAATCACGTGCCGCATTGGCAAACGAGCCACTACATCCTCAACACCATCCATCGACTCGAATCGCTGGAAAAATGGATTACCCGGAATTGCATATTTTTTGAGCAAGAGCCTGGCAAATGACTTACTCGATTCGATACGCGCGAGATCACGTGTAGGCCCTACTACAGGTATTTGCGATGATTGAAGTGCATCAGCTACTCCGGCGGCCAACGGCGCTTCAGGGCCTATGATCGCTAGCGTCGCCGCAGCCTCTGTCGCAAATGTTGCTACATTATTAGGATCAGTGATGTCTCCCATTCTGTAGCTGGACGTCAATGTTTCGATACCAGGGTTACGAGCGCCACCGATACAAATCAACTCGGGCTTCTGAGGAGAGCAGGCTAGGGCTTCTGCAATGGCATGCTCCCTAGCCCCGGATCCGACAATTAAAATCCGTTCGCTCATCGCAGCTTACTTACCTCTTGCAATACGATTGACTCTAAAGGGCGAGGGTCTGGAACGAATGTGGCTCCCGTTATCATTTCAAACAGACGAATATACCGAGATGAAAGGTCAGCGATTAGCTCGTCAGATGGTTTGGGTAATTCCGCGTCGTTATAGGGATCACAACGCTCTCTAAACCATAATCTAAAAAATTCCTTATCAATCATCTCGGGCTCTTTGCCCAGCAACATTCTCTCCTCGTAGCTATCATATAACCAATAACGACTCGAGTCAGGGGTGTGGACCTCATCGATGAGTGTCACTTCCCCCGCCTCGTCAATACCAAATTCATATTTGGTATCGGCGAGAATCAATCCTCGTGTAGCTGCAAACCACTGCCCGTAGGAGAATAGC
NZ_CP046444.1_gap13	369947	372656	2709	CAAGAGAGAATCCGTTCGTGTGCAACCCGCTTGAGTTAATCGCATACAGCACATCGCCTGCGCAAATATCTGCGCCGTCAATCAGTTTTTTACGGTCGACAATGCCAGTTACAAATCCTACGACATCTAACTCATCGGGAGCGTAAACTGAAGGCATCTCCGCCGTCTCGCCTCCCACCAAAGCAATACCAGCATCTGCACACGCGTCGCTCATACCTCGTATGAGGGACTCTACAATCTCTGGTTCTACCTTATGTAATCCCAAATAATCTAAAAATGTAAGTGGCCGTGCACCCATAACAGCGATATCGCCTGCAACAGCTGCAACTAAATCTTGCCCCAATGCTTCATAGCGCCCGGCCATCACCGTCACCTTGGTTTTCGTTCCGACCCCATCAGTACTTTGAACCATTACTGGTTCCTCAATATCGGCAAGAGCGTCACGCAGGCTGAACAGCGCACCAAACGAGCCAAGCCCTGTTAATACCGCTTGTGAGTGCGTTTTTTTTACGTGTGATTTCATTCGCCGCACTGCTTCGTTGCCAGCTTCAATATCTACGCCTGCCGACCTATAATCGACCTTTAGTGTCAATTGCTCACCTCTTACCCAATCCATTTTCGAGCGTTATCAAAAATACGTTGCCAGGGGCTGTGTTTCACTTTCCGTGTCCACGTGTGCTGAACACCAAGTGCTATTCGCTCCGGATGTGGCATCAAAATAAGGGCGCGACCGTCGGCACTAGTTACGCCTGCCACACCTGCAACAGAGCCATTTGGATTTAGCGGATAACGTTCCGTTACAACTCCCGAGTTGTCGATATAGCGAATGCCAACCTGGGCGTTCTCGCTAATGGCATCCACATAACCCTCACCGTGTGCAACGATGATAGGAACCCTTGCACCTTTCATGCCGTCTAGAAATAGTGAGGTTGACTGCTGAACTTCTACCATGCAGAGTCTCGCTTCAAAACGAGAGGATACGTTACGTCCAAATCTGGGCCATGATTCCGCCCCTGGGATGATAGAACTCAGTTGGGACATCATTTGGCAGCCGTTACACACACCTAAAGAGAACGTATTGCCTCGCATAAAAAAATCAGCGAACATCGTCTTTAGCCGTTCATTGAAGAGTATGGTCTTCGCCCAACCACTACCTGCACCAAGTACATCACCATAGGAGAACCCCCCACAGGCGGCCAATCCAACAAAATCATTCAGTCGATAGCGACCCTCGATGAGGTCGCTCATATGAACATCAATCGCTGTGAATCCGGCGCGATCAAAAGCCGCCGCCATCTCGACCTGCCCATTGACTCCTTGCTCTCGAAGGATTGCCACATGCGGACGTCCAAAGTGAATGAAGGGTGCGCAAACGCGCTCCGAAAGATCGAAGGGAGCTGTCAACGAAAGCCCCGGCCGGTTTGCGTCACCCAATAGAGCAAACTCCTGAGCGGCACACTTAGGATTGTCACGTAAATTAGCGATATGAAAACTCGTCTCAGACCATAACTTCTGTAATTTCGAAAGGGCTTCAGTGTAGAGCTTCTGATCCTTTCCTTCTTTCTCTCGATCTATCGAAATAGAAATATTATCAGTGCTAACAACACGCGCAACACAGGAAACTCTCAGACCCGCTTCCCTGAGCTCGTTCTCGATGTCATCCCGATCTGAGTTGCGGACTTGCACAACCGCCCCCAACTCTTCGCTAAATAAGTTTGGAACCACATCATCTGGTACAAAGATCTCCAGCCCCATTTGCCCAGCAAATGCCATCTCCAGCAAAGTCACTAACAGGCCCCCATCACTACGATCATGATAGGCAAGGAGCCTTCCTTCTCGATTTAGCCGCTGCAAACGATCAAAGAAGCTCTTCAACATGGAAGGGTTTGGGGCATCAGGGCATTCACCGCCAACCTGCCCATAGACCTGGGCGAGGCACGACCCACCTAATCTGTTTCGACCTTCTCCAAGGTCAATCAGGAGCAATGCGCTCTCAATAGGCTCTAACACAGGTGTCAGCGTTTTAGTTACGTCGCTTACTGGCGCAAAACCGCTAACTACAAGGGACAAGGGCGATATCACTTGCTTATGCGCGCCGCCCTCTTGCCAACGCATCCGCATCGACATCGAGTCCTTCCCAACTGGAATAGCAATTCCCAGTGAAGGGCAGAACTCCATACCGACAGCTTTCACAGCATCGAATAGATCCTGATCTTCTCTACCCTCGCCGGCTGCCGCCATCCAATTAGCCGAGAGTTTTATGTCGCTCAATGATTCAATCGATGTGCCTGCTAAATTCGTAATAGCCTCACCAATCGCCATTCGCGCCGATGCTGAGGCGCTAATAATCGCCAAAGGCGTTCGCTCTCCAATGGCCATCGCTTCTCCGCGCAGTTGATCGAAGGAACTTAATGTCACCGCGCAATCGGCAACAGGTACTTGCCATGGGCCGACCATCTGGTCTTGCACCACCATGCCACCGACACTACGATCTCCAATGGTTATCAAGAAATTCTTCGAGGCAACCGTTGGAAGACGAAGTAATCGCTCCAATGCATCTTTGAGGTCGATACCTGAGGTATCAAAATCGGCAGTCTTACCTTCGACGCGTACAAATGAACGTTCCATCCGCGGAGGCTTCCCGAACAGCAACTGCATCGGTAAATCAATCGCTTTCTCATTACTGTCTTCGAGCTCTAAGTATTCCTC
NZ_CP046444.1_gap14	451373	452602	1229	GCGGTCTCAAGCGAGAGGTGGTGGCGGAGCATCAGCAGGTAATAGATGGCCCCGGAAAGGAAGAAGCCAACGAACCATGCGTAGTCGTAAAGCGTGGCGAGCAGAGGCACCAACGGGTGTCCCCATATGAGGAGCCCCTGCCCGATATGCGCGGCCGTCATCAGCTTCCCCGTCAACGCGAGGAGCACACCGCAGACGAGGGCGATGACGGCGGCAGGATTGACGCCTCGTGTGTACTCATAGATGCCGCCTCGGCGGTACAGCGAGTAGATGTCGAGCCGCGTGTTGCGAATGAGAAAGTAGTCGCAGACCATGATGCCCGCCACAGGACCGAGCAGACCGGAGTAGCCGACGAGCCAGCCGGAGACGTAGTTACCGAACGTGGACATCCAGTACCACGGGCACATCAGCAGGCCGAGAAAACCGGTGATGAGGCCTGCACTGCGGAAACTGATGAGATGCGGTGCGAGGTTCGAGATGTCATTGGACGGCGAGACTACGTTGGCCGCGATGTTCACGTTGAGCGTGGATACCAGCAGTGCGACAAGCCCAAGGAAGGCCACGACAGGGTTATGAAACTGGCCGAGCAGTTCAACGGGGTTCCAGATGGCGTGACCGAAGACAACGGCCGAGGCCGAGGTCACGGCGATGCCGAGCGACGCGTAGAAGACCATTCCGATTGGAAGGCCGAGGGCCTGGCCAACAAGTTGCGACTCCTGGTTCTTCGCATAGCGCGTGAAGTCCGGAATGTTAAGCGAGAGCGTGGCCCAGTAGCCGACCATCGCTGTAAGCGACGGCACGAAGAACTTGAGGAAACTTCCAGTGGAGTGGAACTGGCTGGGTGCGGAGAAGACAGGGCCGAGGCCTCCAGCACGATGGAGCATGTAGACCAGCAGGGCGAGGCTCATGATAAGCATGAACGGCGCGGCGAAGCTCTGCAGAAAGCGGATGGACTCTACCCCGCGCCACACAACTGCCATGTTCAACAACCAAAAGCTGAGGAAGCAGAGCCATGTAACGACAGGCATATGCGCCGTGTGGGGCCACAGCACAGCAATCATCGCCGCGATGGCCTGGCCGCCGATCCAGCTTTGAATCCCGAACCAGCCACATGCAACAATCGCACGCAGGATGGCGGGAATGTTTGCGCCGACCGGCCCGAACGACGCACGCACGAAGACCGGGAACGGAATGCCATACTTCGCGCCGGCATGCGCATTCAACAGCAT
NZ_CP046444.1_gap15	462455	463492	1037	GGACTGGACGAAAGTCGTCGGCCCCATCATGATCTACGTCCCCACCGGCCCTACGCCCGACGCGATGTTCAGTGAGGCGAAGAAGCAAGCCATCATCGAAGCGAAAAAGTGGCCCTACACCTGGGTAAAAGGCGTCGACTACACGCCCGCTGCCGAGCGTTCCACCGTCACCGGCCAGCTACTGCTGCGCGACCCCGAGCTACACCACGCCAACCTCCCCAACCTCGAAGTCGGCCTCGCCTACCCCGACCAGCAGCCCTCTGACGCGCCGCCGGCAGAAGGCCGCCGCGCGCCCGAGGTAATGACCTGGCAGAACGACGCCAAGCACTACGAGTTCTGGGTGCGCGGCACAACCGACGGCCACTTCTCCATCCCCAACGTCCGCCCCGGCACCTATGAGCTACACGCCATCGCCGACGGCGTGCTCGGCGAGTACGCCAAGGCCGACGTCACCGTCACCGCGGGCCAGAAGCTCGACCTCGGCAAGCTCACCTGGACGCCCGTACGCTACGGCCGCCAGCTCTGGCAGATCGGCATTCCCAACCGCTCCGCCTCCGAGTTCCTGCAGGGCAACGACCACTGGCACTGGGGCGAGTACATCCGCTATGCCAAGCTCTTCCCCAACGACGTGAACTACACCATCGGCAAGAGCAACTTCCGCAAGGATTGGTTCATCTACCAGGTGCCGCACGACGAGGACCCCAACGACACTACCGGCCGTGGCCATGGCCGCGCCACCCCATGGACGGTCCACTTCACGCTGCCCTCCGCGCCAAAGCCCGGTGAACACGGCGTGCTGCGACTCGCGCTCGCCGGTGTCAGCACGCGCACCATCGCGGTCAGCGTCAACGGCAAGGACGCGGGCGAGGTCACCGGCCTGATCTACAACGCCGTCATCAACCGCGACGGCGTGCAGGGCTCATGGGTGGAAAAAGACCTCGACTTCGACGCCTCCATGCTGCACACTGGCGCGAACACGCTCACGCTCACCGTCCCCGCAGGAGGCATCATGAACGGCATCGCCTACGACGTCGTAA
NZ_CP046444.1_gap16	468585	469975	1390	CAGGCACAGCACTAGCTGGTAGTGGTGCAGTTCCGGGATCGCGCTCACCAAAGCCGTGACGCCTGCCGAAAGCCCCACCGCCGCGGTCAGGATATAGTCGATCATCAGCGCCGCGGCTGCCAGCAGGCCCGCACCATCGCCCAGGTTCTCGCTTGCCACCGTGAACGACCCGCCACCGTTCGGGTACGCTTCGATCGTCTGCCTGTAGCTCAGGTACAGGATCGTCAGCAGTGTCAGGATGAACCCAAAGATCGGCAGCAGGTAGTGCTGCACCCCCCACAGCCCCAGCGGAATCAACAACACCATCGCAGCTTCCGGGCCGTATGCCGCGCTCGTCAACCCATCCAGACCGAAGATGGGGATACCGGCGGCTACGCCGATATGCTCGGCATGTGCCTCGTGCGACGCCAGGGGCCTTCCAAACAGCACATCAAAAAACTTCATATCCCTACTGAATCCTTACTGGCGTGGGGAGTGCGCCGATAGGTATCCTACGACAAAACTGTCAAATCCCCGCATTGAAAACTCATGTTTTCCTAACAGCGGCTTTACAACTTTTTAACGTCTAAATACTCGTAACCCGCTCCCAATCATCGACTTCCACCAGACTCCTCACCCCACAAACGCAGCAATCCGTGCCCGCATTGTGGATATTGCCAGCCCTAGCCCTATGCAGCCTGTCCTTTTCTCGGTCGCGCCCTCGCCGCCGCCGGCATCGTTCCCGCAAAATCCACCTTTCTCGACGCCTTCTCCGGCAGCACCGTCGTCTCTCGCTACGCCAAGCAGTTGGGCTTCGCCGTCACCGCCAACGACTGGGAGCCCTATGCCGAGGCCCTCGCGCAGTGCTTCCTTGAGTTGAGACAACGACCTTTTCGGAACGTTTTCCTATTGGCCTCTGCGCTACCATCTATCCAGAAGTCGGTGTGAACTAAAGCATGCGATATACCTCAAGCAGCCATTCTGCGAAATACACCGGAGATTTCGTCTTCAGTCAATTGATCCCATACATTGGGAACAAGCGGAAGCTTCTGAGCCTCATTGGCCTGGCCCTGGAGTCTTCAGGCTTAGATCCGGTCAATAGCACATTTCTCGACGCGTTTTCAGGTAGCACTGTCGTTTCTCGCTATGCAAAGCAACTTGGCTTTGCCGTCACAGCCAACGACTGGGAACCTTATGCTGAAGCTCTGGCAAAATGCTTCGTAGAGTTGAATGAAGCCCCTACCTATTTCAACTCTCGTTCCTATAGAGACGTCCTTGCCGAACTTAATTCGTTAGCGGGAATTGAGGGATGGATAACTACACATCTGTGTCCTTCCGACGATGAAAAATACGATATACAGCGGGACCGCATGTTTTACATGCGTAAGAATGGCATGAGGCTCGACGCCAT
NZ_CP046444.1_gap17	471227	476012	4785	TCCCATTTGTTTGTTTTGGTGATGGGTGCGATTTCGCCGATGCTTCATCCATCCTGGACAGGGTAGTCACCATTGCGATGTTTGGAAATCTTCGTAAAGTTTACATGATGCCGCAGGGTGGAAATGGGGAGTTCTTACGCGGTAGCTTCTACTTCCGCGAGGATCAGTGGACTGAAGATGAGATGTATCCGGTCATGCTGGAAGTAGCTACGCGCTCAGTTCATCACTACATAGCAAAGTTCGGTGAAGACGCATTTCTGATCTCGTAACGGCTTCCCGCCTTCGCTACACTGTCTTCATGGCCACTCTCTACGACATCCCCCTGACCACCCTCTCCGGCACCTCCACAACTCTGGCCGACTACACCGGCAAGGCGCTGCTCATCGTCAACGTCGCCAGCAAGTGCGGGCTCACCCCGCAGTACACCGCGCTCGAAGAGCTCTACCAGCAGTACAAGGACAAGGGCCTCGTCGTCCTCGGCTTCCCCGCCAACGACTTCGCCGGTCAGGAGCCCGGCTCCGACCAGGAGATCGCTAAGTTCTGCTCCACCGAGTACCCCGTCACCTTCCCACTCTTCAGCAAGATCTCCGTCGTCGGCCCGCAGCAGCACCCGCTTTACCACCTGCTCACCACCCAAAGCCCCGAGGTCATCGTTCACGGCCCCTGGCGTGAAGGCCTCGAGAAGTACGCGGCAGCCAATGGCTTCCCGCCGCCGAACCCCTCGCCCGAGATCCTCTGGAACTTCGAAAAGTTTCTCATCGGCCGCGACGGCTCCATCCTCGCCCGCTTCGCGCCGGACATGCCCCCCAACGATCCCCGCATCACCTCTGCCGTCGAGCTCGCGATCGCACCCTAGCCGTAAATCAATCGGATGCCCGTAACCCCAGCCGCTGCAATACCCATTTAAGTTGATTCATTCCATCCGCAACTCCCAACGAGCGCCCAGGGTTAATCACACTGTTAACCCTGCGGATGCGCTCGCCCTGTGAGACAACCAATCGCTCCCCGTGGAGTCCTATTCTTAGGCTAGAAGAGTTCCGCCTGCTCAAACCAAGGGCCCGAACGCTCACTTTGGGAGATCGATCGCCATGAAGACCAAGACCCTGCTTCCTCTGCTGGCCGCCACGGCGCTGCTGCTGCCTGCCACGCACCTCTTCGCGCAGGACACCACCACCCAGCCCGCCGACCAGACGACCGGCGTCTCGCATCCCGAAAAGCTCGACGACTCCATCGTCTCCACCGACGATCCGGCAACGCAGCAGCATTACCAGAAGCCCTCGCCCGCCGTGCCCGTCACGCCGCCCGCTGCAACCGCCGACGACCACTACGTCCCGCCCAGCGCCGACGCCAGCTACAACAACACAGCGGCAGCTCCCATCCAGACGCAGACACCCACCCTGCACCCCCGCAGCTATGCGACGACAGCCACCAACGCCGCCTTCGACCCCAACAATCCTGACAGCGGCGTCGTCACCAGCGTGCCTCTCGGCCCCAACGATCTCCCCGTCGGCACCCGCATGGTTGCGCAGCTCAATAACACCATCTCGACCAGGCTCACCTCCGCCGGCACTCCCTTTGCCGCCGAGCTCACCCAGCCCGTCATGCGCGACGGCCGCGTCATGCTGCCCGTCGGCACGGTCATCAACGGCCGCGTCAGCCAGATCCACGGTGGCCGCAGGATCACCGGCGCCTCCGCCATCCGCCTCACGCCAGACTCGATCATTCTGCCCAACCGCGCCGCCTACCCCCTCAATGCCGAAGTCGTCGACCTCGACCACTTCAACAACTCGCGTGTCAACGATGAAGGCGTCATCACCAACAACAAGGACAACCGCGTCGCCGCCGGGGCCACAGCACTCACCACCACCAGCGGCCTCGTCGCGGGAGCCATGATCGCCGGCCCAGTCGGCGCAGGCGTTGGCGCGGGCGTCGGAGCAGGCCTCGGAGCCTACTGGTGGCTCCGCGAAGACCACCAGCAAACCCTGCCCACCGGCACCGAGATCGTCTTCAGCCTCGACGACATCCTCACCGTAGCCCCGCAGGCCGTCAACACCAACACCACCTACGTGGCACCCCCACCCGTCGCCACCAGCTACTAGCCCACTCCTCACAAACGCCAAAGACCCTCGACACCACCGAGGGTCTTTCCCTATTCCCTATTCCCTATTCCCTGCCTCACCCAACCACCTGCGCCAGCAGCCGCTTCCAGTTCTTCTGGTTGCGCTTGAAGCTCTTTTTCAGGTCATCCAGCGTGCGCTGAAAGTCTGAGTTGTCGTTCATCCCACGCCACGCCGGGTTCTTGCTGAACCACGGATAGTTCTCGTTGCCCAGGTAGATCGCGCGCCGCAGCCAGTGCAGCGCCTCGGCGCTATCGCCCTCCACGGCAAAGTAGGTAGCCAGCCGATACGCCATCTCGCTATCGGCCTCTGCCGCCGCCAGCGTGTCTTCCGTGATGAACTCCGCCGCCCGTTTGCGCTCGCCCAGCTGCACGTAGCACATCGCAATCGTCGGATAGACGATGCGCAACGTGTCATCATCCTTGGTCACCTTCTCCAGCGTCTCGACGGCCTTCGACAGTTGCCCCTCGCGCATCTGCTGATAGCCCTGCGAGATCCGCAACAGCGGCTGCCTCGGCTCCAGCGTCAGGCCCTTCTCGATTTCGTCCGCTGCCAGCTCCAGCTGGTTCTGGTACTGGTACACCCGCGCGCGATGGTTATAGATCATCGCCGCATTGCTCGGATTCAGCCGCAGCGACGTGTTGAACTGGTCCAGCGCCTCTTCATACAGCCCATCGATGCGCAGCGTCAGCCCCGCCACCAGGTGCACATTCCAATCATTCGCAGCCGACTGCAGCAGATGCTCAATGCCATGCCGCGCGCTCTCTTTCTCACCACGGCTCAGCAGCATGTACACCCGGTACAGATTCGCCTCCACCGACCCCGAATCCCGTTCCAGCGCCTTGTCGAAAGCCCTGCGCGCCTCCAGCACATGCATCTGCCCGCCCAGCCCATGCCGCGCATATTGCAGGTGCGTAATCCCCAGCCCCGACCACCCCGGCGCATACCCAGGATCGCGCGTCACCACACCATCGAACAACTCCCGCGCTCGATCCAGTTCGTCCCGGTTCCCCGTGCGCGACATGAACGACGACAGCAGCGCCCGCGCCTCCAGGTACTCCTCCGACACATCATCGTCCAGCGACGACACACTCGTCGGTCCCGCGGCCTTCAGCAGCCCGCCCTGCAGCCCTCCGTGCAGCTCCGCAAACACCTCGTCGCAGATCTCCGTCTGCACCGCGATCAAATCGAATGACTGCACGCTGATCGACCCGCCCGTGCGCACGCTCTGCCCATTCACATCCAGCAGCTGCCAGCTCAGGTCAAAGCCCTTCTCCGACCGCAGAAAACTTCCCGCCAGCACAAAATCCACCATCAGCTTGCGCCCCAGGCTCAGCGGATCAAGCTGCGCCGTCGGCACGTTCATCAGCGCGCTCGTCGGCCTTACCAGCAGCGACGGCACCTTCGCCAGCCGCGCCGCCAGCGCGTCCGCCAGCGCATACCCATAAAAGTGCGTGGCATCGGCTCCATTCAGCCCAGCCCCCAGGTTCACAAACGGCAGCACCACGATGTTCGGGCCCTTGCGCTGCGTCGGCGGCGTGCTGTCGCGGAACCGCTCCGCCAGCATCGAGAGGATGCCCGTCGTCCGCTTCTCCTCCTCCGGAGTCTCCATGTCCAGTCGCTGCTGCTGGCTCATATTGATCGCGCCCTCGCCCGGCATAACCGCCGAGTCCAGCTGCATCGACTTCACAATCGTCCGCAGCCCTTCACGCAGCTCCGCCGCCGACCCATACCGCTCCGACGGCTGCTTCGCCAGGCAGCGCAGGATCACGCTCTCCAGCTCCACCGCCAGCCCCGGCACAATCTCCCGCAAACTCGGCGGCTCCGCATACTGGATCGCCCGTATGCTCTGGATCTCCTGCGCATCCGGCCGATGGAAGGGGTGCCGTCCGCTTACCATCTCGTACAAAATCACGCCCACCGCGAAGATATCGCTCTGCACGCTCGACTGCCCGGTCACAAACTGCTCCGGAGCCATATAAGCAATCGTGCCGCCCCGAGCCGTATACGTTGCCCCCACCAGCGCCGGTGTAACCGGCTGCTCCGTCAGCGACGGGTCAAAATTCGCATTGTCCCGCTTCAGTTTCCGTGCCAGGCCAAAGTCCAATATCTTGATCAGCCCGCCATCGGTCAGCATCACATTCGCGGGCTTCAGGTCGCGATGGAAGATCCCCATATTGTGCGCGGCCGCCAGACCATCGGCGATCTGCATCCCGCTCGACAGCACCAGCTGCGCGTTCGCCGGCCCCTCGGCGATCACCTTGTCCAGGCTCTTGCCCGGAATGTACTGCATCACGATGTAGGCTTCCCACTCGCCTCCATCCACCTCCGTCTCGCCTACCTCATAGATAGCGCAGACGTTGGGGTGGTCGATCGCCGAGGCCAGCCGCGCCTCCCGTAGCTGCGTCGCCCGCACCTGCTCAGGAGTCTGCGAGCCGCGCTTCAGCAGCTTCAGCACCACCGGCCGCTGCAGTAGCGTATCGTTGGCCAGAAACACCACTCCGCTGCCACCGGAACCGATCTTGCGAAGAAACTCATACTGCTTGATAACGCGCCGAGCCATAACTCCATTATCGCAGTTACATGACCTTCCCTCCGTGTGGAACGCAGGCGCATGCCCTCAAAACCGGGTAACGCCCCAAGCAGCCTTTTCCCACCACGCCGCATC
NZ_CP046444.1_gap18	477504	482402	4898	AGTTCCGTCCATGCCTTCGCGCAGAGCAGCATCGGCAACTGGTTTACCGCCTTCCTACTCATCACCTTCTGCATCTGCCTGTTCACCTTCTTCCGCCAGAACGACCACCTCAAGTCCGAGAACCAGCTTGAGTCCATCGTCAGCCGCGAGTCCAGCTTCCTCTTCAACAACCTCGTTCTGCTCGCCGCCTGCTTCACCGTGCTCTACGGCACACTGCTCCCCGTGCTCTCCGAGTTCTTCACCGGCGCCAAGATCACCGTCGGCGGCCCCTACTACGACAAGGTGATGGTGCCCATCGGCCTCTTCCTGCTCTTCCTCACCGGAGTAGGCCCCCTGCTCGCCTGGCGCTCCACCACGCTCCGCACCATCCGCCGCAACTTCGTCCTGCCCTGCATCGCCGTCATCGTCACCGCCATCGCCCTCATGGCTGCGGGCGTTCATCCCTGGCAGCACGACGACCCCACCGGCAGCATCTACGCCCTCGTCTGCTACTCCATCGGCGCGGGCGTCATCACCGCCATCGCCTCCGAGTTCCTCCGCGGCGCCGGCGTCGTCCGCACCCAGACCGGCAAGAGCCTCATCGGCTCCTCGCTACTGCTCACCCGCCGCAACACCCGCCGCTACGGCGGCTACATGATCCACTTCGGTATCGTGGTGCTCTTCATCGGTCTCGCCGGCGCGGCCTTCAACCAGTCCAAAGAGCTTGAAATGAGCTTCGGCGACTCCGTCCAGCTCAACGGCTACAAGCTGGTCTGCAACAGCTTCTCGCAGGACTCCAACAAGGAGTACGACACCGACTTCGCCCTCATCGACGTCTTCAAGGGCAACTCGAAGATTACCCGCCTAACTCCAGAACGCCGCGTCTACTTCCCCGACACGGACCACGCGCAGGTCTCTACCGTCGTCGCCATCCACTCCACCCTCGCCGCCGACCTCTACGTCGTCTTCGAGGGCCGCAACGCCGACTCGGGCAAACCCATCATCAAGATCTTCGTCAATCCACTCGTGAATTGGATCTGGATCGGCGTCCTCATCGTCATCTTCGGCACCGCCGTCGCTCTCGTCCCACCGCTGCAACCAGCCACCCGCCGCGTCGAAGCCCCCGCTCCAGCCAATACCTTAGGAACGGGCAATCCACTGGGTGCCCCATCTTCGCCGCCGATTTTGGCGGCTAAGGTGGGCGGCATCACCCCAGCCGTCCCCGGAGCCCCCAATGCTTAAGCGCTCCATCCACATCCTCCTTCTCCTCACCGTCGCCTTCAGCATGCTCGGCGCAGGCTCGCCCGACACCCGCTTCCGTGAACTCGGCGGCAAGATGATGTGTACCTGCGGCTGCGCCCAGATGCTTCTGGAGTGCAACCACGTCGGCTGCCCCGACTCCCCGCACCTCATCGCCGAGCTGCATCAGCAGATCGCCGCCGGCATGACCAACGCCGGCATCCTCACCTGGTTCGCAGACAAGTACGGCCCCACCGTCCTCGCCGCGCCGCTGCGCGACAACCTCTTCGACCGCACCACATGGTACATCCCCGGCGCAGTCCTGCTGCTCGGCATCCTCGGCGTCATCCTGCTAGTCCGCTACTGGAAGTCACGCCAGCCCGCCCCGATAGCCCCACTCCCCCACACCCCCTCCAACGACGCTCTCCGCGACCGCATCCGCAACGAAACCGAGTATTGAGAGGTAGCACGCAGGAGGTTTTTACTACTCCCTACTCCCTGTCTTTCTACTTCATCTCGCCAATCGCCTTCTGCGCGGCCTTCTTCGTCTTCGGCACCGGGTCCAGCGTCAACGTCTTCTTGTACTCCGCCAGCGCCTCATCCAGCTTGCCCAGCTTCCGGGCCGCATCGGCCAACGCCAGGTGGGCATCCGGATCGTCTCCAGCCGACGCCACCGCATCCGCCGCCCGCAGATACGCTCCACGGAAGTTGTTGTCGGCCATATAAAACCCAGCCACACTCAGGTCCTCAGCCTCACGCTCCGACGCCGTCTGCTCCTTCGGCTTCGGGACCACCTTGTGCGGCTTCTTGATCACCGTATCGTCATCCGCCAGCGGCCCCTTGTCGTCATCGCCCACCGGGGGCAGCCCACCAAACGCCCCACTCGAGCTCGAACTGCTTGAGGAGCTGCTGTCGCTGCCGCTCGTAGACTCCCCCGAACTCCCCGCATCCTTCAACGGCCCAGCGTTGCCACCCGTAGCATCCGGCGGCGCAACCGACCCATCTGGCTTCACCAGCGGCGTCTTGTCTTCTCCCGGAAACGGAAACGCCTGCGCCGGGTTACTGCTCCCCGCACCACTCTGCGGAGCCCCCTGCACCTGCCCATTCCCCTGCTGAGGCTGCTGCCCCTGTCCCTGGTTCTGATTCGGCATTGCAGGCTGCGCTGGCGTCTCGCCCGGGAACGGAAACTGCTTCGCCGGGTCCGCCCCACCCGCCGGCGGTGCGGGAGTCTTCCGCTGCGGCGCCTGGTCCAGCCCACAATTCGGCACAAACACCTGCTTGCCGGTCGAGTCCGGCATATAACAACCACCCTGCGACGCCGGCTGCTGCGGGCTCTGCGCCCCAGCCACCGCCGCACATCCCATCACCACAGCCCATCGCACCGCTGTCCGCAAACGCTCCATATCCCTATTAGACGACAACCCCGCGCGAAGGAGTAGTCCTCTACTCCCGATTCGCTACTCCCTACTCCCTGCCTCTCTTGCTATACTCCGGCCAATGCCTCGTATCAAAGCCACATCCCCTCGCCTGCTCGTCCGCTCCTCCGCAATCCACGCCGCCGGCTGCTACACCCTGGACCCCATCCCCCGCGGCCGCCGCTTCCTCGAGTACGACGGCGCCCGCATCACCAAATCGGCCGCCGACGAGCGCTACGCCGACCGCCCCGTCACCTACCTCTTCGGCTTCGGCGGCAAGGGAGACGTCATCGACGGCTTCGGCACCGCCATGTTCCTCAACCACTCCTGCGCCCCCAACTGCGAGACCGAGGAGCAGAACGGCCGCGTCTTCATCAAGGCCATCCGCAACATCTCCCCCGGCGAGGAGCTCCTCTACGAGTACAACCTCTACGACTCCGACGACGACACCGCCGACTGCTACTGCGGCGCCCCCCACTGCCGCGGCACCATGTTCTCCGAAGATGAAGTCAAACGCCAGGCCCGCAAAAAGGCCCGCGTCGCGAAGAAAAGCAAGTAGCCGTCCTTCCACACAGCAACGCGTAAAATAGCCTCATGCCGTTCCCCATCAAAACCTGCATCCTCTGCGGCGAGGAGTTCGAGCTCAAGCCCGACAAGCCCGGCTACGCCAACCGCTGCCCCGAGTGCAGCGTGCCCGAGTCCAGCTCCACCTCCGCCGATCTGACCGAAGTCCTCGACCCTAAGTCCAAGCGCGAGGCCAACGAAGCCCGCCGCGAAGCCATGCGCAACATGCTCTACCGCAAAGACAGCTAGAGCAAAGCTGCCAGCCAGCTAAACCTTCCACGCTGAGACCAGCGGCCCGCCCGCGCCCGTCACCGGGTCACTCTCCGGAAACCGCACCGACTTCATCCGCTCTACCGTCGCCGCATCGGGGGCCGTGCGGCAGATGTCCCAGTGCTCTCCCTCGGGATACGCCCCCACCACCAGAAAATCATCACTCGCATCCAACCGGCAGTGCCCCGTCCCGCACGGCAGCACGGCCACATCCCCTGCATGGACAGTCACGGCGTGCCCGCCCTCGCCACCGATCATGATCTTCCCCCACCCCGCCGCAAACCCCAGCACCTCATGCGCAGTCGAGTGGTAATGATGAAAGTCGTACACCCCATTGCGCCACTGCGGTGGCCACCCATGCCGCTCAAACGCGCCCTCCATCGCCGACGCCACATCCCCTGTCGCCGCAAACGCCCCGCGATACAGCAGCACCGGCAGGACCTCATTGTTCGGCATCCAGCCATTCCGCTTTAGCTGCAGCATCTCCGGCTGCACTGCGGCAGCAAACATCTTCCGAGTCCCCACGCCCACCGCCAGCATCACTCCAAACTGTCGTCTGTCCATAAAATCGTCACCCACTACTTTCGACGCTTCCGGCGACCCTCATGGCTACGCTGTGCACATTAAAAGCCAAAGGCCCGACCCGAAGTCATCCTCGAGTCAGGCCTCAACCAAGTAGCTTCTACAAGATCTTTACTGCCAGCGGCAGTGACGGTGATGATGGCTGTACCAGCAATGCCGGTGGCGATGTTGCGGTCCAACACGGACAACAACCTGGGCGTTCGCTGCAGGCACCAGCGGCGCGACGAACAACAGAGCGAGGAGTGCAAGCATATATTTCGTCATATCTGGTTATGATGCAGACTGTCGACCACTGCGTGTCATCACCGCGAAAATAGATTTCTCACGTACCATACAACCATTCCTTCACGCCGCATTCACAAGAGTCCGCACGTGGAGACGTCCAATCGTCACCGCCGATCAACAGAAAGCTCTGCTCACCACGCTGCAACAGCAGCAACAAGCCGACGGCGGCCTCCTCCACACCCCACGGCGATACAATCAAACTCGATGGCCGCCTACCAAGTCCTCGCCCGCAAATACCGCCCGCTCAGCTTCTCGGACGTCATCGGGCAGGACCACGTCACCCGCACGCTCCTCAACGCCCTCGCGCAGGGCCGCATCGCTCACGGCTACATCTTCTCCGGCCACCGCGGCATCGGCAAGACCACCATCGCCCGCATCCTGGCCTCGGCGCTCAACTGCCGCAACGTCATCGGCTCGCCCGAACGTCCAACGCCTGAGCCCTGCAACCAGTGCGACTCCTGCCTCGAGATCCGCCAGGGCAACGCCGTCGACGTCATCGAGATCGACGCCGCCACCAACCGCGGCATCGACGAGATCCGCGAGCTCCGCGACGCAGCCCGCTAT
NZ_CP046444.1_gap19	548577	551181	2604	CTGGTTTTCACCACCTGGAAGATCGGCGCGTCGATCTCGCCTTCGGCCGTGTACGTCCCATGCGAGTGGTTCGGCGTCTCACCCAGGTCGCCGAAGTTGCCAGTCACCTTGGCTGTCGGCAACTGGTCGTCGAAGGCGGCTTTCTTCTGCGCCTCGGCGGCCTTGGTGTTCTCCACCGCTGCGGCAAGGTCCTTGCGCTGTTTCAGCGCCTGCTGCAGCGCCGCATTCGGGTCCGGAGCATCCAGCGCCTGGAACGGCTCGGTGTCCGTCACCTCAAACTTCTGGTCCAGCGGCAGGCCAATCGCCCGCGCCAGCGCCAGCTTGTCCTTCTCCAGCGAGTTCTGCGCCGAGATCAGCGTCTGCTGCTCACTCTGGTAGTCCACCTGCGCGCGCAGCACGTCGAGCCTTGGGCTCGTGCCCGCCTCGTGCGCGTCGGTGGCCTGGTCCAGCGACACCTTCGAGCTTGCCAGCTCCGCCTCGACCGCCGCAATGCGCGACTTGTCCGCCACGCACACCAGGTACTGGTTGCCGACCGTCAGCACCACCAGGTCACGCGCGTCCTGCGCACTCAGCTTGGCCGACTCGAAGTTGTGCTTCGCCGCCATATATTTCTGGAACGACTCCAGGTTCACAAGGTCATCGGTCAGGTACGCCCGGAAGTCGATTACCTGGAACGGCCCGATGATCGGGTTGATCCCCGGAAACTTCAGGCCATAGGCCGCCAGATCCACCTGCTCTACCGTGTACGAGGCTGAGCCGGTCACCTTCGGCAGCAGGTCCTGCAACGCCACCAGCCGCTGCCCGCCCTGTCCGCGCGCGTTCGCGCTCGTCAGCACCAGCCCGAGGTTCGTCCGCAGCCCGCGTTGCATCGCCTCATCCAGGCTCAACGGCAGCACGCCGTCTGTCGCCTTGCCCTCGGTGAGCGAACCTTTGAAGTTCTGGTCCACGTTCGACGGGTTCGCTGTACTGTTCGGACTCACCGGGGGTCCCGGCTGTGACAGTTGTTGCTGCGCCTGCACCGCCACCGGCAGTTCATCGGTGCCGCTGCTAGGCGGTCCCGAGGTTCCGGGCAACTGCGCCAACAGCCCACCCGACAGCGCCAAAAGCGCCGCCAGCGTTACCATGCTGCGGACCGTAGCAGTCGCCACTCTGCGAGCCTCTCTCTTGATTGGTTCCATAGGTTCCATGCTAATTGCTTTGGGCAAAACCCCTCTTTCGCTTCTTGGAGGTTCAAGCGTATTCGTATCTGTGTATTACAGATGCTTACTTCCCGCTCAGGTATGCAAAACTTGCTGCGGAAAAACGTCATTTCACCGGATATCTATCATTTCCGGAGGATTCCGCCGTCTCCGCACCGCGGAATGCCGGCCCCGGTATGACCCACGGCGGATACCTTCGTCCGCTTCCGGCCCTCCGTCATCGCGCCAAATCGTCGTAGGATGGTCTGCATGAGTCCCTCCCCGATTCGCACCGCCGTTCTGGGCTATGGTCTAGCCGGACGTGTCTTCCACTGCCCCTTCGTCTCCGCCGTCCCCGGCCTGGAGCTCTCCGCCATCGCACTGCGCTCCCCGGAGTCCGCCGCAAAGACCGCCGAAGCCGTCCGCTCCATCTATCCCAACACTCGCATCCTCAGCTCCATCGACGAGGCCATCAACTCCCCCGACATCGACCTCATCGTCGTCGGCACACCCAACGACTCCCACGTCGAGTACGGCCGCGCCGCGCTCAAAGCCGGCAAGCACGTCGTCATCGACAAGCCGCTCGCGCCCACCTCGGCCGAGTGTACCGAGCTCATCGACCTCGCCGCCCGCCACGGCACCGTCCTCGCACCCTTCCACAACCGCCGCTTCGACTCCGACTTCCTCACCGTCAAAAAGCTCATCCACGAAGGCGTCTTCGGCCGCGTGAATCAAGTCCTTTCGCACTACGACCGTTTCCGCCCTATCCAGCGCCCCAATAGCTGGAAGGAGGCCCCCGGCCTGGCCAGCGGCCTGCTCTACGACCTCGGCCCTCATCTTATAGACCAGGCACTCGCCCTCTTCGGCGCGCCCACGCACATCACCGCCAGCGTCCGCTTCGACCGCGACAAGACCGACATCGACGATGCCTTCGACATTACCTTCGATTTCACCATCGACGGTCACAACCTGCGCTACGGCTGCCACTCCACCATGCTCGCCGCCGAGCCCTCGCCGCGCTTTCTGGTCCACGGCACCCACGCCAGCTACACCAAGTTCGGCCTCGATCCGCAGGAGGCCGCTCTGCTCGGCGGTGCCCGCCCGCCAGTTCTCGACACCGCCAGCCACAGCACCGAAACCTCCTGGATCACCGAGCCCGAGTCCATGTGGGGTGTGCTCACCACCGCTACCCAGCGCATCGAGCCCGTCAAGTTCGAGCGCGCTGACTACCCCACCGTCCCCGGAGACTACCGCCAGTTCTACCTCAGCGTTCGCGATGCCATCCACGGCAACTCCGCGCTCGCTGTCCCGGCCTCCGCCGGCTACCGCACCATGCGCCTCATCGAACTCGCCCTGCAGTCCAGCGCCGAGCGCCGCACCCTGCCCGTCGAGTTCTAACCTGCCTGCTCACAACAGCGGCACGGCC
NZ_CP046444.1_gap20	577299	580575	3276	GGTGGCCGAAACTTCAATGCGGTTGATGCGGTCGGTCAAAATCTTCGTGGCTGTCGCTGTGCTCATATCTCTAGTATTTCAGCTTTACCCGTGGAGATAAAGCCCCGCTATCTAGCTGGTTTCGACCCGCTTCCGCAGCACCCATGTCGTCATACACCGGTGCTCCTGCACAACCGTCGTCTTCAGAGGGTCCACCAGCAGCGCATCCATCTGCGCGGTCATCGTCATCAGCGCCTCTTCATCCGCCAGGAACCACTCTGACCCATCGCCAATCCGATAGATATGCCCCCGCAGATGCGGAAACTCCATCCCAATGCGTGACCCCAGCCGGCAGAACAGCATCCCACCCGGCCGCAGCACTCGCCACAACTCCTCCACCATCGCCAAAAAGTGCTCCTCATCCCGCGCAAAGTGCAGCACAGAGTTGCAGATCACCACATCCGCCCAGTCATCCTCAAACGGCATCGCCTCAATCGCACCAACGCGAAAATTGTCTCCCGGCAACGCCGGAGCAATCTCAGCGGCGAGCTGTCGCACATGCCCCACGCCCTCAGCATTGGCATCGAGCGCCTTCACCTCGCACCCCATCCGCAGCAGGTACACCAGGTTGCGCCCATACCCGCATCCGGCGTCGATCACCTTCATCCCGCGCTCAATATTCCCGCGCAGAATCTGGTCAAACACGTAAATATCAATCTGCCCGAACTCATCCTGCAGCGACATCCCCGCCGTCACTTGCCGTTCCCCGGCACACGCTGCTTCAGCCGCTCCACCACATTCGGCGGCACCAGGCTCGTCACATCGCCGCCCAGCTCAAACACGCCCTTGATCAGCCGCGAGCTCACATAGGTGTACTTCTCCGCAGGCATCATAAACAGCGTCTCCAGCTCCGGATCGAGCTTCCGGTTCATCATCGCCATCTGAAACTCGTACTCATAGTCCGAGATCGCCCGAATCCCCCGCAGCACGGCCTTCGCGCCCTGCTCCCGCGCAAAGTCCACCAGCAGCCCATCGAACATCGTCACACTCACGTTCGCAAACTCCGCCGTCGCCTCGCGCAGCATCTCCACGCGCTCCGGCACCGTGAACAGCGGCGTGCCCTTCTGCGTGTTCCGCAGCACCGCCACAACCAACTCATCCACAATCCGAGAAGCACGCGCAATCAAATCCAGGTGCCCATTCGTCGGCGGATCGAACGTCCCCGGATAGATCGCCTTCGTCCCTTTAGTCGCCATCATCATCGCCAAGCCAGCATACCGTCTTTCATTGCGTACATTGCGGTAAACTTTGCGTCCTCTGCGTTCAAGGTCTTTTGCTTATGCACTGCGACGCTCCAGAAAAGCCACATACTCCCGCACACCATCCTCCAGACTAGTAAACGCCCGCTTGTAACCAGCCTTCCGCAGCTTCTCCATCTGCGCCTCGGTCCGGTACTGATACTTCCCGTGCAACACCTCCGGCATCTCGATAAACTCAATCTTCGGCTCCTTGCCCATCGCTGCAAACACTGCGCTCGCCAGGTCGTTCCACGTCCGCGCCTTCCCTGTCCCGCAGTTGAACAGCCCACCCGGAGCACCATACTCCTGCTCCGCAAAATGCAGCACCACATCCACCGCATCGCCCACCCAAACAAAGTCGCGTAGCTGTTCGCCGTCCTTATACTGCGGATCGTAACTCTTGAACAACCGCACAAATCCATCGCACCGAATCTGCTCATAGCTCTTCAGCACCATCGACGCCATATCGCCCTTATGGTTCTCATGCGGCCCATACACATTGAAGAACTTCAGCCCCACAATCGAGCTCAGCAGCCCCTGCTTCAGCGCCCACGCGTCGAACATCTGCTTCGAGTAGCCATACATATTCAGCGGCCGCAGCTCCGGCGTCACCGCATCGTCATCGCTGTACCCATCGCTGCCATCGCCATAGGTCGCCGCACTCGACGCATACACAAACCGCACCTCATGACTCTCGCACCAGTTCGCCAGCACCCGCGTGTACTGGTAGTTGTTCCGCAGCAGGTAGTCCGCATCCTTCTCCGTCGTCGAGCTGCACGCACCCATATGGATCACGCTGCGCGCATCCGCAAAGTTCCCATCTTCCAGCAAGCCCAGAAACTCCTCAGGGCTCACAATGTCCTCATACCGCAGTCCGACAAGATTCTTCCACTTCTCGTCCTTACCCAGCTCGTCCACCAGCACGATCTCGTCTTCACCGCGCCGGTTCAGCTCCGCCACCACGTTCCTGCCGATAAATCCAGCCGCGCCCGTCACTACAATCGGTCTCGCCATCAAAGCTCCTCAAACATCTAACCATGGTAATCGTTGCCGCTGTCACAATCAGGTACCCCGAGGCTTCAGCCTCGGGTTTCATAAAGCTCTCAACGTCGCTTCCGGTGCTACTGAAAAGCTCCACGTCGGTGGCGAACGCAAGGGCTACCTCACCAACTCCAACGACAACCAGTCCCAGCTCATGCTGAGCCAGAGCGACAACAACCCTCAGCTCCTGGCCGCTCTCCAGCCCATCCTCGACGCCCGTCACAAGGTCGCCGACGCCCAGGCCACCGTCGACCAAACCAACCAGCAGCTCATCAGCCTCCGCCCCGACGAGGACCGCCAGCGCGCCAACATCACCGCCCTCGCCAACGCCGACAAGTCCTCTCGCGACCGCTTCGTCCACGACCTCAACACCACCGAAGACGCCGTCAACGCCGCGCAGAAGGACCTCGCCACCCGCACCGCCGCCCTCAACGCGGCCAAAGCCGACCTCGCCGTCCGCATCGAAGCCTTCCAGATCGACACTCACTGACCCAAACCGGGAATTCCTAGACGGGGCAAAACATTCGCTCACAACACCCATCTGCCCCGTTCACCTCATCGTTATCCTTGTAGCACCCCGCTTTTCCCAGGCGAGGTTTCAACGAAAGAACGGCAGCCCGCAAAGGCTGCCGTCTTCGTCTACGCTCGACTGTCTATTGTCTGCCCTTACGCCTGCGGCTTCGGAGTAAACAGCACAAACTTCGCCGACTCCTCTGCCCAGTTGTCCAGCAGCTCCTGCCCCAGCACACTCTGCGTCAGCGCCACATGCTCTTCCAGCAGCGCCTTCAACGACGCCTGCAGCTCCGCCGTCGTCTCCGCAAAGTTCTGCGCCTCCAGAAACTCCGTGTGATACCGAGGCCCCGGATTCTCCGGCCTGCCGCCGAGCATCGTCTGCTCCACGTCATACATCCACGCCAGTCCGCCAGTCATGCCCGCGCCGAAGTTGATTCCGACTTCG
NZ_CP046444.1_gap21	622500	627111	4611	ATTGGGAGGCCATCTTCGTCGACGACGACTCCCCCGACGGCACCGCCGACCTCGTCCGCTCCTTCGCCCGCCGCGACACTCGCATCCGCATCCTCCAGCGCATCCACCGCCGCGGCCTCGCATCCGCCTGCATCGAAGGCATCATGAGCTCCTCAGCCGAGGTCGTCGCCGTCATGGACGCCGACCTCCAACACGACGAGTCCATCCTCCCTCAGATGCTCCAGCGCCTCCGCTCCGAGTGCCTCGATGTCGTCATCGGCACCCGCAACGCCGTCGGCGGCAGCATGGGCGACTTCGCCAGCCACCGCATCCTGCTCTCTCGTCTCGGCGACAAGCTCAGCCGTGCCGTCTGCGCCTGCAATCTCTCCGACCCCATGAGCGGCTACTTCCTCGTCACCCGCAGCTTCTTCATGGAGGTCGCTCACCACCTCCAGAGCACCGGCTTCAAGATTCTTGTCGACATCTTCGCCTCCAGCGTCCGCCCTGTCCGCTTCGACGAGGTCGGCTACTGCTTCCGCTGTCGTCAGCACGGCGCCAGCAAGCTAGACATCAACACCGGCGTCGAGTACCTCTTCCTCATCCTCAACAAGTTCCTCGGCGCAGCCATCCCGCCCCGCTTCGTCATGTTCTCGCTGGTCGGCGCAGTCGGCATCGCCACGCATCTGCTCGCGCTCGGCACGCTACTGTACGCCTTTCACGCCCGCTTCTTTCTCGCCCAGGCCATCGCCACCTACATCGCGATGACCGGCAACTTCTTCATCAACAACGCCGTCACCTACCGCGACCGCAGCCTGCGCGGCGCACGTCTCGTCACGGGCCTGGCCTCATTCTGGATCGCCTGCTCCTTCGGTGCCTGGGCCAACGTCATCTTCGCCCGTGTCCTGCTCGCAGAAGGCCACCCCTGGTACCTCGCTGGCCTCGCCGGCATCATACTTAGCTCGGTCTGGAACTACACCATCAGCAACCTCGCCACCTGGCAGAAGAAGCGCGACGACTCCTATTACACCTACACCCCCGAACTCATCGAAGCCGACCTCCTCCAGACCGACACCCCCGACTAGAACTCCGCTGGGTCTTACATTCCGAAATATTGCGCTTCTCTCTGCGTACTCTGCGTGAGGCTTTTCTCCATCCAGCCATGGGTTCGCCCTAAATCGCCACCTCGATGACATCCTCAAGGTGCGTTTTCACCTCGGCATCCACCGCCTTCGACTGCTGAAACAGCTCCCAGCACCCGGCCACGAACACCAGCGACAGGAAGCACCCAGCGGTCAGCTTCCACGGCGGGTTTGTCAGCCCGGCATGGTCTCGCACTGCGAGATAGTTGATCGCTGCAAAGATGGCCGTCATCCATATCGTCGCCTGCAGCGTGCTCCGGCTCCGCTTCGCCAGCCGCCACACGATCAGCGCCACCGGAATCGTGATCGGCGCGATATCGTACTCCATGATCCGCGGGTTCAGCAGAATCGTTCCCAGCAGCAGCACCGGCCCAAACTGCTCCAGCGTCAGGCGCCCTGCAAGATACCGTCGCGATAGCGCAAACAGCACCGCCACAATCACCACCGCATAGGCCAGGTAGGACACCGCACTGGTAATCCTGTACGGCACGTGGAAGAACAACGCATTCGTGATCAGCCCCGCAGGGCTGCTGCTGAAGTCCCGGTTAAACCGGAACTGCAGCTCCACAGCCTCCAGGTAGTGATGAAACAGCTGCGGCCACACCACCGGCTGCAACAGGAACGACGCCATACCGGCAGCTCCTGTCGCAATCGCCGCCAGCCACTGCCGCCGCGCCGAAAAGACCGGGATCGCCAGCAGCGTCAGCATCGGCGTCTTGCAGCAGCCCGCCAGCAGTACCGCGACGTAGAACAGTGTCCAGCGGCCCCGCCGCCAGCCACGCACCGCCGCGGCAAACACCAGACCATACAGCAGATACGCCACATTCCCGCTGAAAAAGATGTCATTGGCCAACATGCCAGGGAAAAAGATAGCGAACGGCGCAAGCATCCCAAACACGCCACGCTCACTCGGCTGCACCAGCTGCATCGTAGCCCACAGTCCAAGCAGGATGAGCGCAAAGAACACAGCCCAATAGATCGCGCCCGTCACCGCAAACGGCAACGCTCCCACAGCGCGCAGCACGGGCAGGGTGATCGGCGAATACACATAGCTGAACGGAATGGGTACACCCGGCTGATACGCCCGTGGATTCAGCTGGTACGCCTCTTGTACTGCGATCGCATCCGCATATGGATCGTGACCGGCGCGTAGCGACAACACCGCATTCTTGTACACAGCAATGTCCCATCCCTTCGAGTACGAAGGGATCAGGCTCCAGATCACGATGGACAGGATCGAAAGGCACCAGAAAAAACGCGCGAGCTTGGCTGTATCGGCGTAGCGAAGGCGGCTCAGCAAACCGCTGGAGGCGTCTCGGACGGAGAGCGTAGATGGAGAGACGGCCGTCGGCTCAAGAATCTCGCTGACAGCTCTATCGGTTTTATACACAACCATGATTTTACCGTGTTCGCGCCTTCATTTTAGCGCGCTCCCCGCCACCAGGCCGCCTTCTCAGGACGTAATATTGTCGTCGTTGCATCGTTACGGCCACTAGGCCTTTCGCTGAAACATCCATCGACACCCCGGAGCGGAACCCTGGAAGATCGCAACAGTTCCCTGCTCCCTATTAATCGTCGTCATCATCCTTCTTCTTCGCATGCTTCACCAGCAGCATCTGCGGCACGGGCTGGTTCCCCATCGCATCCCGCCACAGGATGACGTTCAGCTTGTCCGAGTCCGCCCTGTCCGGATGCGTGAAGTCCATCTTCATCGACTCCGCCGCCCCCGGCGCGTTCTTCTTGTTCGCCGTGTAGATCAGCCCATTGTCGCGGTTCGAGGTGTCCACATCGTACGCAGGCTGATCGCCAGGCCCTGAAAACAGCGTGCCGATCAGCGACGCCAGCGCATCATTATTGTTCATCGGCGGCACGCCTTCCAGCGCCTCCATCGTCCGCAGCACGCTCACCGTCGAGTAGAACCGGCTGTCCACATACGCCGCCTGCCCGGCCTTCGGATGCGGCGCATACTTGCTCACCACAATCGCCAGCGACCGGTGCGCGTCCACATGGTCCGCACCGTTCTGCGCATCGTCCTCCAGGATGAAGAACGCTGTGTCGTCCCAATACGCCGAGTGCGAAACCGCATCCACCATCCGCCCCAGCGCCAAGTCGTTGTCCGCCACCAGCGACTTCGGCGTCGGCCCTCCCGGAGTCGTCCCCGCCGTATGGTCATTGCCCAGCCGCATCTCTACAAAGTTCGGCATCTCGTCATGCCCCGCTGCGAGCTCCGTCTTCCACTTCGCAAAGTGCCGCAGAAACACATCCGCGCGGATCTGGTCCGGCACTCGCAGGTTGAAGTCTGGCGCTTCGACAGCGAAGTGCCCCACCAGCTCCGGCTTCGTCGGTATGTTCTGCGCCAGCCGAGGAATCGCCCACGGCCACAGGTTCTTGCCGCCGCCCCACATCTCCGGCAGCGGATCGCCCGGCTTGATCGAATCCGTCGCACAAGGCCGCTCGCCACCGGACATCGCACCCGCCCGCGGATCGGCCGTCACATGCCCCTGCCTCTCGCCGCAAAACACCGATGAGATGTACTCGCCAAAGTTGTACGTCGTCCGTCCATGCGAAGCCATATCACCCCAGATGTACCCGCTCTTCGGCTCCTCCACATCGGGAATATGCTGCAGCAACGGATACCCATCCGCGACCATGCCCTCATAGTCATACGTTCTCTGCCGTCCGCGATAGTTCTGCTGCCACGTCCGCTCCAGGTAGTCCGTACCAATCGCGGCATTCGACCACACATGCCCATCGCCGGACACCTCGGCCGAGTCATAAAAGTTGTCCAACACCCCAAACTGCAGCACCAGCTTATGAGCATTCGGCGTCACCGCCTCGCCATACATCGCCAGCGACGGATCACCATTCGCCACCGGCTTCCCATCCTTCTCCAGGTCACCCAGGATCTGGTCATACGTCCGATTCTCGCGAATGATGTAGATCACATGCTTGATCCTGCTCTTCCCCCCCTCGAACGGAAGAGTCTCTGCCGCAGCCTTCATCCGGTTCGACTCCATCACCACCTCAGTCGAAGCCTTCAGATCGTTCTCCATCGCGCGCTCATCCAGCGACGCCAGCGACCCATACAGCAGCGTCGGAGCATACGTCCCCGGGCTGTCCTTATGCCTCGTCCCCGGAGCATCCGTCGGCAACGGCCGCTGCGGAAAATTGTTCGGCCCCGTCCCTTTGCCCTTGTCCGTCGCCACATACAACTTGCCACCGCTGGCAGCCAGTGAGATCGGCATCAGCTCCGTCGGCACAAAGCCGATCGGCTCCACCATGCCCTTTGCCTTCTCCATGCTCCGCAGCTTGTGTGGGTCAAGCACTGCCACCGCATCGGACCCCATGTTCGCCACATAGAGACGCGTCCCGTCCGCATTCATCGCCAACGCATTCGGCTCAGCCCCAAAGTAGCTCTGCCCCGGCAGCCGAGTATCGAAGTACCCACGCACCTCCAGCTCCGGCGCACTGCGTCTCCCAATCGACACCGCCG
NZ_CP046444.1_gap22	630137	632770	2633	TTCTACCAGTCGCTACGGACGGTGCCTGCCGAATTGAACGAGATGGCGACCTTGTATGGCCTGTCCAGATGGGAGCGGTTTACCCGGCTCGAATTGCCTTCTTCCGTGATCGGCCTGGTCTGGAACGGGATGATGAGCTTCGGCGGCGGATGGTTCTTTCTCGCTGCCAGCGAATCGATCAGTGTGTTAAACCGGCAGTACACGCTGCCGGGTCTGGGATCTTATGTGGCTTCTGCGATTGCGGCTCGTGACCTGCATGCGATTGGCTGGGCGATTGTAACGATGGTGATCCTGGTCCTGCTGATCGACCAGTTTTTCTGGAAGCCGCTGGTGACGATTGCTGACCGCTACAAACTGGAGCTGAGTGCCGGCGAGGAGCGACGATTCTGGGTCGTGGACCTTTGGCGCGCCGCATCGCTTCCAGCTCTGTTTGAAAAGATCCTGGGGCCTTCCATATCCTCGGTGGACCGGCTACTTTCCCGCCTCACGAAGGTGGAGCCTCAGGCGGAACGAAAGAGCACATCGAAGACTTCGGACAGTGTCTTTAACACTGTGGTTGCGGTCATTGCGGCCGGGCTGTTCGTTGCGGCCGTCCGCTTTGTGCTGTCGAGTGTCGGCGTGGCGGAGGTCGGTCACGCGGCGTTGCTTGGACTGGCAACGGCAGCCAGAGTGGTGGCGTTGCTCGTCTTCAGCACGATTGTATGGACTCCTATCGGCGTTGCCATCGGCTTCAATCCCAAGCTCGCGCGGCTGACCCAGCCGCTGGTACAAATCTGCGCTTCCTTTCCGGCAAACTTCCTGTTTCCGTTTGCAACACTGGCCTTTCTCCGCTTTGGAATTCACCTGAACTGGGGAAGCATGTTGTTGATGGCCCTTGGAGCGCAGTGGTACCTGCTCTTCAACGTGATCGGCGGAGCACAGGCTGTGCCCAATGATCTTCGCGAGATGGCGACCAGTATCGGTCTGCGTGGCTTCCGTAAATGGAGGTTTCTCATCGGACCGGGGATCTTCGGCTCTTGGGTTACAGGTGCCATTACAGCTTCCGGCGGAGCGTGGAACGCAAGTATCGTGGCGGAGGTGGTGTCCTGGGGAAACACAACCCTGAAGGCCGCGGGCCTGGGGGCCTATATCGCGGATGCCACCTCGACCGGCGACTGGCCGCGCATCGTACTCGGCGTCGGACTGATGAGCCTCTTCGTCGTGACCTTGAACCATATTGTGTGGAAACCCCTCTATCGCCTGGCACAGGCGCGGTTTCAACTGAGTTGATCGGAGAGCAAGCATGTCAGAAATTGCAAGAGCAGCAAACCTATTGACCGCTGAACAGGTGTCAAAGACGTTTCCTCTCTCCGCTGGTGGAGACCAGACTGTTCTTGAGACGGTCTCGCTTACCATTGCTTCTGGCGAAGTCGTAGCTCTTCTGGGTCGTAGTGGCTCCGGCAAGAGCACCCTGCTGCGCATCCTGGCGGGCTTGATTGAGCCGAGCACAGGCACCGTGACGCGGCATGATCTGCCCTTGCGTGGCGCCAACCCCGATGTTGCGATGGTGTTCCAGAGCTTCGCTCTACTGCCGTGGCTTACGGTTCAGGAGAATGCGGAGCTTGGACTGACCGCACGAGGAATTCCGAAAGAGACGGCCGAGAAGGAAGCTGCACATGCGCTACAGATGGTTGGGCTGGAGGGATTTGAAGGGGCATACCCCAAGGAGCTTTCCGGAGGCATGCGTCAGCGGGTGGGGTTCGCGCGGGCGTTTGTGATGAAGCCAGATGTGTTGATGATGGATGAACCTTTCAGCGCGCTCGATGTGCTCACGGCCGAGAATCTTCGCGGCGAAATCAGCGACTTGTGGGAGAAGGGGTCGTTCCCTTCCAAGAGCATCCTGCTGGTGACACACAATATTGAGGAGGCCATTCTTCTCGCCGATCGCATCGTCATCCTGGGCACGAACCCGGGGCGCATTCGAGGAGAGGTTCGCGTCGATATCGCGCGGCCGAGAGACAAGAACGGACCGCGCTTTCGTGCTTTGACGGACCATGTCTATACGGTCATGACAAACCCTGAAGCCGTAGTAGAAGAAACTCCCGCTGCGACCGCCAAGCCGACGAAGAGATTTCCGATGCTGCCCCACGCACGTTCAGGGGGCATCAGCGGTTTACTGGAGATCATTCATGATCGCGGTGGACGAGAGGATTTGCCGCAGCTCGCAAATAGTCTTCGATTGGAGATCGACGACTTGTTGCCGGCCATCGACGCATCGGCCTTACTCGGATTTGCTAACGTAGCGGAAGGCGACGTCATCATCACGGACATTGGGAACGAGTTCGCAACAGCGGGCGTTCACCGCAGTCACGAGATCTTCAAGGAGCAGCTTCTCAGCCGGATACCTCTTACCGCAACGGTCGTAAAGGTGCTGGAGGGTAAGCGCGATGGCCGCATCGGGAAGGAATTCCTTTTGGACATTCTGGACGAACACTTTTCGGATGAGGAAGCAGAGAAGCAGTTCCAAACCCTGATCGACTGGGGCCGCTATGCCCATCTCTTTGAATACGATTCAGATGAAGAGCGCTTATATCTCGCGGAGCCGGAAGAGGATGCCGCTCAGCTGGATCTGTAATGAGAAATCGGCTCCTCGA
NZ_CP046444.1_gap23	691631	695983	4352	CTCATCGACATGGGTCCCGAGGGCGGCGAAGGCGGCGGCACCATCGTTGCGCAGGGCCCGCCCGAGCTCGTCGCCCACGCCACCAATTCACACACCGGCCATTTCCTCGCGCGATACTACGAAGGCGCAGGCACTCTCGCAGCCGCAAAACACCTCCCGCCCATAGAGCTCCCCGACCTTGAGAAAAAGGCCCCTAAACCCAAGTTCATCAAGCCCGAAAAGAAAAAAGGCGTTCCCACAGCCTCCAAGCTCAAACCCGAAACCAGCAACGAAAAATCCGCCGCCAAAAAGTCCACAAAGAAACTAAAGTAGTCTCCTCCAACTACTCCCTATTCCCTACTCCCTGGTCCCTGCCCTTATGAGCGATCTCCCCCTCCCCGACCCCACCGAGACCCACGCGCTCGATATCCAGCATGATACCGACCCCGAGCACGACCACGGCATCGCGCACCGTATCCCCCACCTCGGCCACGCGCTTCTCTTCTTCGCCATCACCGCCTTTGCCCTGCTCTTCGCCGCGGTATTCATCTACGCCTTCGCCCATGTGCATACGCAGGCAGCGGTCCTGGCGCATCCAGGGTTCGCCCTCATGGCCCAGGGAGCGGGCTACGCCGCCGCCTTCGCTATCTCCTTCTGGGTATTTCCTCTCATCTGGCACCGGGGCTTCTTCGCCGGAGTTCACTGGAACGCCTCTGTCGCCAAACGCCATTGGCTCAAGATCGTCGTCACCGGCATCCTTGTCAGCATCGCCGCGCAGCTGGCCATCAACTTCGTCTCCTCGCCGGAGAAGGCCCCCATCGATCAAATAATGGGCAACGCGCACATTATCTGGTACATGGCTCTCTTCGCCGTCCTCATCGGCCCATTTATGGAAGAGCTCGCCTTCCGCGGCTTTCTGCTCCCTGCGCTCGCCACCGCCTACGACTGGCTGGCCCTTGAGCGTACCCCCGCCGGACTCGACCGCTGGCAGCGTTCCACAGCCCATTCCACCCCCGCGCTCATCTTTTCCGCGATTATCTCCAGTGTTCCCTTCGCTTTACTTCACGCCGCGCAGATAGGCTACGCTTGGGGCGTAGTTTGCATCCTATATGGCGTGAGTTTGGCTCTGAGCCTGGTTCGCATTCGCACACAATCCTTGGCCTGTTCGACCCTGATGCACGCCACATACAACGGCTTCATCTTCGTCCTGCTCTTCATCTCGTCCAGTGGCTTCCGCCACCTTGACAAGATTGGGCGCTGATATACAAAAGATGTAACGGAACGACATCCTAAAGTAATACAAGGGGTGCCATGATGCAGGATCATCATCCGAAGTGCCCGCACTGCGACTCTCTTGAGACAGTGCGGGCCCATCGCCGGCTTGTTGAGCGTCTTCTGCTGGTTCTACGTCCCTACCGATGTGGCTTTTGTAATCATCGGTTTACAGTTTTGCACCTTCCAAAACTCAGCCGCGAAAGTACCGGGCGTCAACAATCCAATTAGCCGCTACCCCCCGCTGGGAAGTGGGCACCCGTATCCTCTACACTGGATAGGACATGATTCCTACCCTTGAATGGACGCCTGCGGGCGTCAGCTTCCTTGACCAGACCAAACTCCCTCTCGAAGAAACCTACGTTCTAGCCACCGACTACCAGCAGGTGGCCACCGTTATCCGCGACATGATCGTCCGTGGCGCGATGGCTATCGGCGTCTCCGCCGCCATGGGCGTCGCCCTCGGCATCCAGAGCTCCACCGCCACAGATCTCCCCACGCTCTCCGCAGAAGTCGACGTCATCTGCGCGACACTCGCCGGCACCCGCCCCACAGCCGTCAATCTCTTCTGGGGCATCGCCCAGGTCCGCGACCTCTACACCCAGCTCGCCGCCGCCAACACCCCCATCCCCGAGATCAAACAGCAGGTCGTCGTCCTCGCCAATCGCCTCTACGACGAGGACATCGCCAACCTCCACAAGCTTGGTGCCTTCGGTGCCGAGCTTCTCCCGCAGGAGGGCACGGTCCTCACCCACTGCAACGCCGGCGCGCTCGCCGCCTGCGGCTACGGCTCTGCCCTCGGCGTCATCCGCGCCGCCATTGAGGCCGGCAAGAATATCGACGTCTTCGCCGACGAGACCCGCCCCTTCAACCAGGGTGCCCGCCTCACCGCCTGGGAGCTCGTCAAAGACAACATCCCCACCACCCTCATCTGCGACAATATGGCCGGCTACTTCATGGGCCAGGGCCGCATCAAGGCCGCCATCGTCGGTGCGGACCGCATCGCCGCCAACGGCGACACGGCCAACAAGATCGGCACCTACTCCGTCGCCATCCTCTGCAAGGAGCACGGCATCCCCTTCTACGTCGCCGCTCCCTTCAACACCATCGACCTCGCCACCCCCAACGGCGCGGCCATCCCCATCGAAGAGCGCAGCGCCCGCGAAGTCACCCACGTCAAGGGCGTGCAGGTCACACCCGACGGCGTCGGCATCGCCAACCCCGCCTTCGACGTCACGCCCGCAAAGTACATCACCGCCATCATCACCGAACACGGCGTACTCCGCGCACCTTACACCGACTCCATCGCGGCGATGGCGAAACAATAACCCTTCAACTGCTGCTTCGGTCAGAAAGATGTGTCATCTTGACCGAAGCAGCGCGGCTTTATCGCGATGCGTAGTGGAAAGACCTGCATCTCGAACCGCCACAACTTTCAAGCCGTACACCGCCATCCCGCATCCAACTCACAGGAGGACGTGTTGGCTCTCATTCCGTGCAAAGTGGTTTCTCTGCTCGCGCTCCTCTGTTCACTGCCCGCACTCGCGCAAACTGCCCAGCCATCACCCCCGGAAGCCCAGCTCAACGTCGTCGTGCACGGCCATGAAGGCCACGCGATTACCGGCCTCACCACTGCGGACTTCCATCTCACGCTCAACGGCCAGCCGCTCACCATCACGCGCGTTGAAGAGCACACCGCAGCCACACCTCCTGAACCCATCAGGCCGGTCAATCTGACACCCGGCACCTTCGCCGACTTCACCGCTATCCCGCCCTCCAGCACCCTGAACATCCTCGTCCTCGACTCCCTCAACACCCCGCCCGAAGCGCAGGCGACCCTCCGCACCCAGCTCCAGCACTTCGCCGAACGCGCCGCGCCCACCGGCCATCTCGCCATCTTCGGCCTCACCACCCATCTCATCCTGCTGCAGGACTTCACCACGGGCCCCACCGTCCTCAAAGACGCCGTCGAGCACCAGCTCATCCCACGCGGCGAAGCGCTCCTCGACACCACCCACGACTTAGCCAGCGCCGCAACCGCCGAGCACGACCTCCAGCTCATGCAGATCGCCGCCAACCTCCACGAGTTCGAATCCGGCATGAAGAGTGACAACCCGCAGTTCCGCCAGCAGTACACGCTCGACGCCCTGCACTCTCTCGCGGTCTATCTCGCCAGCCTGCCCGGACGCAAGAACGTCCTATGGCTCGCCACCAGCTTCCCCGTCACCCTCGCCCCGCAACCCACGGCCAACCCCGAGCTCACCCAGACCGACGCGCTGCTTAACGCCGCCGGCGCCACACTCTATCCCATCGACGCCCGCAGCCTCCTCACACCCCAGCCCGCCAGCCACGCCATCAAGTTCCAGGACTCCGCCGACGCCGAACACACAGCCATGCAGCAACTCGCCTCCAGTACCGGCGGCAGTGCCATCCTCAACGCAACCAGTCTCCTCGACGCCGTCACCCAGGCCACCCAGCTCGGCGCGGCCTACTACACCCTCACCTGCCCCCTCGCTGCTACCACCGCCTCGCCGGCCATCCAGGTCACACTCACCGGCCCCGCAGCCGCCAACGCCATGCTCATCTACCCCCATGGTGCACCCGTGAAAACGGACCAGCTCGACGGCCTGCGCGCCGCCATGGCCCGAGGCGCACCTGCACCGCAGGAAATCCCCTTCAAGGTCCGTGTCCTGCCCGCATCCACCGCGCCGGAGCCCACCATCGCCCCCGGCAACCAGCAGGACCCCTCCTACAAAATCCCTGGCCCCTGGCAGCGCTACGAGATCGACTTCGCAGCCCTCGCCGCCGACTTCTCCCTCGCCACTGCTCCCAACGGCCAGCACACCGGCAAAATCGAGGCCCTAGCCTACGTCTACGACATCGACGGCCGCATCCTCAACACCGATGGCAAGACCATCTCCATTACCCTCACACCCGCCCAGTACGCTCGCTTTCGCAACTCCGTCCTGAGCCTCCACGTCGAGATCTCCGTCCCCCTCCGCCAGCAGAGCTACCTCCGTCTCTCCTTGCGTGACACCGATAGCGGACGCATCGGCGTTGTTGAAATCCCCGTCTCCGCCGTCAGCCATCTTCCCCCCATC
NZ_CP046444.1_gap24	699363	704357	4994	TCGGCACCCTCTGCCCCCCACCACTGTCGTCGAGCACAACGGGCATCAGCCCGTCCGGAGGGAGCAGTGGCCTTCAGGCCACTGAATCCGGCTCTCCAAACGAAGAGGCTTTAGCCCCGGGCCTCTCCGAACCCACCCCTCACGACCGCGACCTCTTCGCCGCCGACGTCCTCCGCTACTACCTCCTCCGCGAGATCCCCTTCGGCCAGGACGGCAGCTTCTCCTTCGACACCCTCATCACCCGCTACAACGCCGACTTAGCCAACGGCTACGGCAACCTCGTCAGCCGCGCCTTGAACATGATTCAACTGTACCGTCGTCAAGAAGTTCCGAATCACGAAGTGCCAACCGGTAGTGAGAACTGGCATTCAATGCAATGGCTTCAATACTTCTGTAAAGACAATCCGGGCGGAAACTACATCCCTGAAGAAGAGAGTGGTAAGCCCGAGGTCTCACATATTCTTAACGAAGTGAGAGCTTTACATAGCTTTCTTGAAATTCAGGGTAGCCTCATAATTCCTGGCACGGTTGGAAGAATACAGGCATTGATCGCTCTGACCGATCGTTATCTCTCCTACAACGCTCCTTGGAAACTAGCCAAAATAGAAACACCTGAAGCTAGAAAACAACTGGATGAAGTTCTCTATAACTCCGCCGAATCCATCCGCATCATCACCGCGCTCCTCTACCCCATCCTCCCCCACGCCACCGCGCGCGTCTGGCAGCAACTCGGTCTCGGCGACATCGAACAAGCCGCCCGCAACGGCGAACTCACCAACCTCCAATGGGGAGGCCTGCAACCCGGCACCAAACTCGGCCCCCTCGGCCCCATCTTCCCCCGCGCCGACAAAGGACTCGCACAAACCATGATCGACAACGAAGAAAAGCTCGCAGCTCAAAGCTCACAGCCCACAGCTCAAACGCAAACCCCTTCGCAGGACCCGTCCTCGCCCGCAGCCCCTCCCCGCACCACCACGCTACCCGAGCCAGCCGGAACGCTCCCCGTCGCCGGCAGCACAGCCCACACCACCGGCCCGGAACCCACACCGGCTCCTCTCGCCTCTCGCGTCTCGCCTCTCGAATCTCAAGAGATCACCATCGACGACTTCGCCAAGGTCGAGCTCCGCATCGCCGAGGTCAAAGTCTGCGAGCGCATCCCCAAAGCCGACAAGCTTCTCCGCCTCGAAGTCGACCTCGGCCCTCTCGGCCAGCGTCAAATCCTGTCGGGAATAGCAGAGTTCTACACCCCCGAAGAGCTCATCGGCCGCCGCATCATCGTCATCACCAACCTCGCCCCCCGCAAGATGCGTGGCCTCGAATCCCACGGCATGCTCCTAGCCGCCAGCGAAGAAGGAGGCAAGCCCTACCTGGCCACCGTCCCCGAGGGCGTCCCCGTCGGCACACGGCTCAAGTAGTCCCCACGGGCGCATTCTGCGGCCCCCTGAAAGCAGGGTTGCATCCGGCTTTCAGGTTTCATCTCCAGTTAAAAGCGCGCGCGGCGGGAACAGTAATCACTGTTCCCGCCGCATACTCCTGAGTGGTGAAGTCTAGTGGTGGCCTCCGCCACCATGACCGCCGCCGCCATGAGCACCACCACCGCCAGCATGTCCACCACCGCCACCAGCATGACCGCCACCGCCATGAGCTATTGCGCCGTGTGCGCCACCACCGTGGTATCCACCACCGCGGTAGCCGCCGCCGCGTACTCCGCCACCACGGTAGCCTCCGTTGCCACGATAGCGTCCACCGCCGCCGCCGGAGAACCGGTGGCCTCCCCATCCGTGGCTATATCCCCAGCGGTACCAGGGACCGACACCAAGAAAGATGCCGTTATAAAAGTAGCCTGGGCCATAGAAGCCTACAGGTGCGCAGGAATAGGGTGCATAGTCGTAATAACCGTAGGCACAACTCGGCGGAACGCCGATGTTGATGGAGAACTGGGCCTTCGCCGGCTTCGCGGCGCCGAGCGTCAAAAGAAGTGCAAGCGAAGCGACTGTGTAACCGAAGAGACTTCTGATTTTCATGCCGTGCCTTTCAAGCAAATCGGATGGACGGCCACCGGAACGTAAGCCATCGGAGCTTCGCTGCGCCAGATGCCTGACTGGATCAGTACAACCTTCGATGCGAGAAGGCGCGAAATGTTTGCACCGTAAAAAAATAATTCGCGATACTAAACCTTCCCGTCGCAGCACTTACGGCTTACCCACCTGGAACACCATATACCGCGCCATCCCCTCGCCCGCATTGCGAATTGCGTGCGTCGTCCCATACGCCACATAGATCACATCGCCCGCGACGGCGCGTTCTTTCTTCCCCTCGTGCTCGAACTCCAGTTCCCCTTCGAGCACCGCCACCATCTCCGAATGCGTAATCCTGTGCAGTGCAGGAGCAGGTGTCCCTGCCGGCACCCAGCTCTCATGCATCCCGGCCGCCTCGCCGGTCGCGAGCGTACCCATAAATCCACTCAGCCGTTCACTGCCATTCGGCAGCCTCGTCCGCTCTCCCGAGCTTGTCTTGAACACCTTGGACCCACCCGCAAAATCCCCACCGGCTTTGTCCGTCTCAACGCCCGCACCCACGCTCGGACACGCCACACCACTCTGCGCCCGCCCAGCCATAGCCCCAGCCGCCAACACTCCCACGCCCGCCAACAAATCCCGTCGATTCATCCCTCAGCCTTTCCTACTCCCTATTCCCTGCCTCAACCAAGCTGCTTGCTCACGCTCACCACAAAGTACTGCGCATTCGTCTCGCCAATGTTCTTCAGCCCATGCAGCCGGTTCGACGCATTGAAGATAATGTCCCCCGGCACAATCGGCCGCGTGTCCGTCACGTCCTCGCCCAGATGCTGCAGCTTGCCCTCACGGATCAAAATGAACTCCGAGTTCGGGTGCCTATGCGGCGGATGCGGCATCTTCCCCGGAGGCAGCATCGTCTCGTGCACCTCCACAAACTCACCCGTCGGCAGCGTCCCCTTCGTCACCGCGCGGCTCCAGCCACCGTTCGAGGAAGGCTTCTCCACCATCTCGCTGAACCGGAACACATGCGACTTCGCAAGGTCCGCGCCGCCTGCCGTCTGCGCCTCTGCCCCGATGGCTCCCAGCGCAGCCAAAGCCGATAGCGCCCCCAGCACCTCTCGCCGATTCATCCCGTCCATCGCACCGCTCCTCTCAACAACCCGGCCATCTTAGCGAGACGACCGCCTCCACCGCATCAAGATCCTTTCACCCAGCCTGAACGATGGCAATCACGACACGCCCGCCCGCCTCCGCAACCCCTGTCAACCCCGGTCCTCGCCTAATCCGCCCAGCATCAACCACTTGCCCCAAAACGAAATCTCGCCACACTCCGGTAGAATAGAAGTAGGCGAAACCACAGCCAAAGGACAGGACAAACCCGGCCCGCCAGGCATCTCGACGCCCATCGGCCTCGCAGGGGTATCCACCGCTAAGTCCAATCGGCTGCGGATCATAGCCCCAAAACCGGGGGAGGGCCCCCACCCCAAAACGCTCATGCTCATCGACAGCCATTGCCATCTCGACGACTACGAAGACCTCCCCAAGGTCCTCAGCAACGCCGCCTCTGCCGGCGTCACAACCCTGCTCGCCATCGGCATCGGCGACGGCCCCGACACCATGCACCGCGCCCTCGAGATCGCCCACCAGAGTCCATCCAGCGGAACCCAGGGCGGCGTTCAAGTCTGGGCCACCGCCGGCATCCACCCCCAGGAAGCCCACCGCGCCGACGCCGCAGCCCTGTCAAAACTCGAAACGCTGGCTCAAGACCCGCGCTGCATCGCCATCGGCGAGATCGGCCTCGACTACTACCACCTCGATAACCCCGACATCTCCACGCAGCAGGCCGCTTTCATCGCCCAGCTCCAGATCGCCGCCGCCGCGCGCAAACCCATCACCATCCACTGCCGCACCTCGGAGCTGGCCATCCCCGCCGCCAAGGCAAAGTACGAACCCGCCGACGCCTGGGACGACCTCCTCGCCCTCCTGCGCGCGCACTGGCAGCCACACGGTATCCCCGGCATCATGCACTGCTTCTCCGGCAACGAGCAGCAGGCGCAGCACTCACTCGACCTCGGCTTCTATCTCTCCTTCGCCGGCAACGTCACCTACCCGAAGTCGGTAACCATCCAGCAAGTCGCCCGCACCGCCCCCGCCGACCGCATCCTGGTCGAAACCGATGCCCCCTTCCTGGCCCCCGTCCCCCTCCGCGGCCAACGCAACGAACCCGCGAACACGGCCCTCACCGCCCAGTTCGTCGCCGGCCTGCGTGGCCTCACCCCATCGGCCCTTGCCGCACAGACCACGGAAAACTTCCATCGCCTGTTTCCCGAAACAGCGGCATAGAACCATTGCGAACCCTGCGCAAACTTCGCGAACTCTGCATAAGCGCTTTTGCAGTTGCTCTTCGGGCATAATGAACATCCAACGCTAAGTGAGGAACCAACATGGCAGCAGATAGCAGCTTCGACGTCGTCAGCAAGGTAGAGATTCAGGAAGTGAAGAACGCCATCGACCAGGCGACCAAAGAGGTCAACGCACGCTTCGACCTCAAGAACTCCAAGTCCACCATCGCCCTTGAGAAGGAAGAAGCCATCCAACTCGCCAGCCAGGATGAGTACACCCTCAAAGCCGTCATCGAGATCCTCGGCCAGAAGCTCGTCAAGCGCGGCGTCTCGCTCAAGAACCTCGAGTACGAGAAGATCGAGCCCGCCTCCAACTCCTCCGTCCGCCAGAAGATCAAGCTCAAGCAGGGCATCGCCTCCGAACCCGCCAAGAAGATCGTCGCACTCATCAAGGACTCCAAGCTCAAGGCCCAGGCCAGCATTCAGGGTGATACCGTCCGCGTCGTCAGCAAAGACCGCGACACGCTGCAGCAGATCATGGGTATGCTCCGCGGCAAAGACCTCGGAATCGACCTCCAGTTCACGAACTTCCGGTCCAACTAGCGTGCATCCGGCGCAAAACGGCCGCATCCTC
NZ_CP046444.1_gap25	711130	713807	2677	TTTGCCGGGGTAGACGCCGCCCTGACCGCCGAGGATGACTCCCCTGCCGATGGTGACGTGATCCCCGAGACCGACTTGACCCGCCAGAATGGCCCCGTCCTCGATGACACACGAGCCGGAGATGCCGACCTGCGAGGCGATGACCACATTTTTGCCGATGCGGCAGTTGTGGCCGACCTGGACGAGGTTGTCGATCTTTGTCCCCTGCCCGATGCGGGTCTCGCCGAGCGCGCCGCGGTCAATGGTGGTGTTAGCGCCGATCTCCACGTCGTCTTCGATGACGAGCCTGCCCTGTTGCGGAAAGAGGACGTACTCGCCTGTTGCCCGGTTGCGGACGTAGCCGAAGCCGGTGGAGCCGAGCACCGCGCCCGCCTGGATGATGACGCGGCTGCCGATCTCGACACCGCGGAGGACCTTGGCGCCAGGACCGATGGTGACGTCGTCGCCCATGATGACGTCGGCTTCGACGACGGCGCAGGCACCGACGCGGAGACGGCGACCCCATTTGGCCATCTCGTCGACGAAGGCTGTAGCGTGGATGCCAAGGCCGGACTCGGAGCGGAGTTCACGGGCGGCGAGAGCGAAGGTGTACTTTGGGACCTCGACGGCGAGGACGCGGGGGTCCTTTTCGGCTGGCTGGCCCTGGACGAGAGCTGGCGGCGCAAGGATGATGCTGGCCTTGGAGGCGAGTGCCGCGGCGAGCGAGAGCTCGTCCTGCGCGAAGACGAGGGCGTCGGGGGTGGCGTCGTCGAGGCCGGAGACGCGGCTGACCGCCGGACGGCCGAGGACCTTGCCGGGTTTGGGTTCGAGGCCCGCGAGTGTAGCGACCTGGTCGAGGGTCAGCGTTTGCAACAGTTCCTCCTGCGCCCTGCGGGCTGTAACCATTGTAGAGGCGGGCATCGCGGAAGGTCACATGTGAGTCTCATGTCCTCCAATCCGAACTCTCAGTGCGAATCGGTGTCTTGCTGTTACTTCGAAGGCCACGTTGTATTGGGCTCGCCCTTCTTGACCATGTAGGCGATCACAAACCGCATCGACTCGGCCGCGCTGCCGTTGCGGCTTACGCGATGAAAGCTAGCCTTGTCCTGGAAGCCTTGACCAGCGAGGATGGTCTCTTCGACATCCTCGTCGAATGCCGACACCATCGTGCCTTCCAGGACATACCCTAAACCCGGAACAGGATGCGAATGACCGCTGCCGTCCGCACCCGCCGGATACGTGATGAGAAACAGGCGCGTCTCCCAACCGGGCATGCCTTCGACGGCGGCTGTTTGCAACAGTTCGCGTGTAATCTCAGAGCTCATACTGCTATCCTCGCATTTCATTGCCGACGCACGAATGCGTGCGTCGGCAATCTCCTTCGGTTCAGATCAAAGAACGTTTACGCTAACGTCCACGTTGTTGCGTGTCGCGTTGGAATAAGGGCAGATCTGGTGTGCAAGTTCGACCACCTGCTGCGCCTGCGTTTGATCTATACCTGGCAGGCGAACCCCAAGTTCAGCAGTGATTCCGAATCCACCTTCCGAGCGCGCTCCGATTCCGACAGTAGCCGTGACAGCAGCATCGGACGGAATCCTGACCTTTAGCTGCTGGCCAGCGACCTTAACCGCGCCCAGAAAACACGCCGCGTAGCCTGCTGCGAAAAGCTGCTCAGGGTTCGTACCTTCGCCGCCAGGTCCACCGAGTTCCTTGGGAATGGCAAGCTGCAGGTCGATCTTGCCGTCCTCGGTCCGGGTTTTTCCATCCCTGCCTCCAACGGCGGTGGCTGAGGTCTTATATTTCACGTCGACAGACATAGTTATTCTCCTTGTTGTTATGAATGGTTTTGGTTGAGCGACCGCCTCGCACTGGGCACTCCATGCGAAGCAAGTCAGAGACGCATACCGAAGCCCGGGGTCAGTTCGCTTCCAGGGTTGAAGGCTTCGAGAGCTTGCGCGTGAGCAGAACTCCACCAATGAGGAAGTAGAGCGCTCCGAATATGGCGTAGCCTCCGACATCCTTGATATGTTGTTTGTCATAGAGACCGCCTAAAAAGTATGCAACGCCCGCAATCATTGACTGGGCACCGCTGAGGATCATCGCCCACTGGCCGCCGCCCAGCTGTTTCCGCCTAATCAGGCCAACGATAAGTTGCAGCAGCCCGGCGCCGAAGGCCCAGACACCAAAGACCGCGACCGAGTAGATTGGCTGATGAAACACCGTGAGTCCAATACCGACCGCGGCACCCACTCCCAGCAGCGCGTTGATAATTTGCGAGGTGCGTGCGCTACCGGATCTACTCGACGTATTGAGGTCGTACACCGTGCAGGCAACATCCCACAGCGGATAAAGTAGAAAGAGTACTGCGGCGATCAGGGGCTGCTTGATGGCCGTTGCAATGACCGTTGCCGCCCAGACCACCTGGAAGGCCGTACGGACGAGGTAGAGGTTCCGTAAAGAACGTGTGGAGTCGAGTGATATAGCTTCCATGTCTTTGTCTCACTATCTTCTAGTTGGTAGGTAACTGAATCGTAGAAGGTCTGCTGCATCACAGCCTCCAAAGTTGGCTTATTGTTTTGCGGGGGAAATACGGTTCAGTTCCGACTGCGAAAGCGATCGGAAGACATCACAGTTGTTGGTTGCACGTGCGGAAAGCATCGCGCCATGCAGCACGGCAATCAACATTTGCGCTTCGGTT
NZ_CP046444.1_gap26	760373	762196	1823	GTGCTCGCCCGCACCCACGCCATCTCCACGCGCACGCTCGCCATCGCCACCTTCGCCCTCTGCGGATTCGCCAACCTCGGCTCCGTCGGCATGCAGATCGGCGGCATCGGCGCCCTCATCCCCCACCGCCGCAACGAGCTCGCCAAGCTCGGCCTGCGTGCCATGCTCGCCGGCACCATGGCCAACCTCATGTCCGCCAGTATCGTCTCCATGTTGATCAAATAGCCGATCGCCGATTTCCAGACACCTAAACAGTCAACGCCCGATAATCCACCTCATCGGCAATCGTGCGATGCACAAACCGCCGCACGATCATCCCATCGCGAATGAAGAACACCCCGGGCATCTGGCTTCCATCGTTCTGAATCCTGCCAAAGCCATGCTTGCGTAGCCCGCCGTTCAGCCAGCCCATCCACACCTTCGGTTTGAAGAAGTGCGAAAACGCGTTTGTGCGCAACAGTCCAAACGTCGCGTCCTGATAGATCCTCGCCTCCGGATCGTAAACCCGCTCCACCTCACCGAGTCCGTAGTAATTGAAGTGCGCCTTCGCAATCTCCGGTGTTCCCAGGTGTACAAACACAGGCCGCACACCGCGCTCTGCCAGTTCATCCTTTAGCTCGGCAACATCACTTATCGTCTTTCGGCAGAACGTGCAGCCAAAGTGCCGCAAAAAGACCAGCAGCACCGGCGAAGCCTCGACCAGCGCCAGCAGGTTTGCGCCGGATTCCGTCTCTACCGAAGCCAGAATCCCCTCCACCTCACTCCTCTCCGCCATACCCAGTCCTTTCACGACGATGCAATACTATCCACCTATGTCCGATCAGTACACCCGCGCCCGCGCTGCCGCCGACTTCATCCGCTCCCGCTTCGCTGACACCCCAGTCCTCGGCATCATCCTCGGCTCCGGCCTCGGCAACTTCGCCACTCACGTCGAGAACGCCATAGCCATCGCCTACAGCGAGATCCCCGGCTGGCCGCTCTCCACCGTCGTCGGCCACAGCGGCAAGCTCGTGCTCGGCACCATCGGCGGCGTCTGCGTCGCAGTCATGCAGGGCCGGGTCCACGCCTACGAAGGCTACTCCATGGCAGAGGTCACCTTTCCCACTCGCGTTCTCGGTCTGCTCGGCTGCACCAAGCTCATCGTCACCAATGCCGCCGGCGGCATCAACGCCAGCTACTCAGAAGGCACGCTCGTCAACATCACCGACCACATCAACCTCACCGGAACCAACGCAGCGCTCGGCCCCAACGAGCCTCGCTTCGGCCTCGTCCCCGGCACCGGCGAGCGCTTCTTCGACATGAGCACTGCCTACTCCCCGCGGTTTCGTTCCATCGCCCACGCCGAGGCCGAAAGCCAGCAGATCAACCTCCGCGACGGCGTCTACCTCGCCGTCCTCGGCCCCAGCTTTGAGACCCCCGCCGAGATCCGAGCGTTCCGCACCCTCGGCGCAGACCTCGTCGGCATGTCCACCGTCCACGAGGTCATCGTCGCCCGCCACATGGGCATGGAGGTTCTCGGCTTCTCCCTCGTCACCAACATGGCCGCTGGCGTAGTCGACAAAACTATCCACCACGAAGACGTCATGGAGATCGGCAAACGCGTCGAAGCCGAGTTCACCACGCTGCTCAAGGCGCTCATCCCGCAGATCGCGCAGTTCTTGCCCCCGATCGGGCACTAGCCACAATCGCAGTCTGGCTCTCAATCAATTAGTCTTTTCAGGTGGCTCCGCACAACGACTTTCAGCGTCCCATCCTTCTCGGCATCGCCGGCTGCTCCGGCTCCGGCAAAACCACGCTCGCCCGCGAGCTCGCAACGCAGCTCG
NZ_CP046444.1_gap27	826695	831202	4507	ACTAACGGGTACGTCCTCGACAAGGACCAGATCCAGTCCATCCCTCTGCCCACCGGCAGCTTCACCGGCGTCGCCATCCTCTCGCCCGGCGTCAATGCTGAGCTCCCCTCCGGCACCGGCGCCAACGACGGACTCGGCAACCAGCCCATCTGGGCCAACGGACAGCGAGACACCTCCAACAGCTTCTCCCTCAACGGCGTCGACAGCTCCAACCTCTTCAACGGCAAATCCACCAGCGCCGTAACCTCGGCACGCGTCATCAACAGCACCGGCTCCTCCGGCGGCAGCGCGGGCGGCATCATCGTCTCGGCCGCATCTGTCTATCTCTCCATCGGCAACGCTATTCCCACGCCCGCCCCGGAAACTATTGCTGAAGTCAAGGTCAACGCGTCCATGTACGACGCCTCGCAGGGTTCTACATCTGGCGCGCACATCGATCTCTCCACTGCCTCCGGCACCAACGACTACCACGGCACCGTCTACGGTCATCGCGGGACCAACTGGATCAACGCAGCCCCCTTCTTCTTCAAGAACGATGGCGACATCCCTGAGAATCTCAAGAATCCCGAGTTGCATCGTTATGTCCTCGGCGGAACCGTCGGCGGTCCCATCATCAAGAACAAGCTCTTCGCCTTCTTCGCCTATCAGCATCTCCAGGTTTCGGACTCCGCCATCGGCTACTCCTTCCTCGACGTCCCCGTAGGCCTCAGCGACTCCACCCGCGACGCCGGAGGCTTCGCGGGCATCGTCAATGCGCAGTACGATACCGCCATCGGGACGCCCGGCGGCGGCGCCATCGACAACACCGCGCTTGCCCTCTTCAACTCCCCTGCTCTGCCCGGCGAGCCCGGCAAGTGGCTCATCCCCAATGACACAGGGTCGAGCCTGCTGTCGGCCACGCACCCCTTCAATGCCTTCCTTCCCGGCACCGGCCGCTTCAAGGCTGACACCGCCGTCGCCAACATCGACTACAACGCCACCAGCAAAGACACCCTCTCGCTCAAGTACTTCTACCAACACGATCCCACCCTTGCGCCCTACGCATACTCCAGCGTCCCCGGCTTTACGGAGCACCTCGACTCCGGCGCGCAGGTCTTTTCCATCATCAATACTTATCTGGTCAAGTCGAACCTCTCCACCACTGAGTCGCTCGGCTTCCTCCGCGAAAAAATCTACGCCGACAACGAGCAACCCTTCGGCCCAGGCGCCATCCCCGGCGGCTCCATCGGCACCGCCTCCATCAACGAGTTCGGCTCCAATTACTTCCCCGGCGTCTCCATCTACAACGTCCTCGGTGACGCCGCTTATAACGCAGGCGTCAGCACAGGAGTGCTCAACATCGGCCCCAACGCCGAAGGTCAGGCATCCAACGTCGGCGTCTTCCAGAACCGCCTCCAGCCCGCCGGCAACGGTATCTGGACCATCGGGAAACACACCATCAGCTTCGGCACGAGCTATAGCTATACGCAGCTCAACACCATCGACAAGCGCACCAATACAGGCTCCGTTGCCACCGATGATCTCAGCGCCTTCGCTCAGGGCTACGTCACTCCGGGCAGCTCCTCCACCGGCTTCTACGTCAGCTCGTTCCTCCAGGGCGACGCCAGCCGCTACTACCGCGCCAATCAGATCGGCAGCTACGTGCAGGACAAGTTCCAAGTCATACCCACCCTCTCGCTCACTGCGGGCCTGCGCTACGACTGGGACGGCGGTCTCAGCGAGAAGTACGGTCGCCTCTTCAACTTCGATCCCAGCCTCTACAACTACAACGCCGGCTCGGATACCATCGTGAACCCCGGCTTCATCATCGCCGGCAACAACGTCAACGGCACCCCTGGTGTCAGCAAAACCACGCTCACCGGCCGCCAGTGGGGCATCGCGCCGCGCATTGGCGCCGCCTGGCAGCCTGAAATGTTCCATAACAAGGTCGTCGTTCGCTCCGGTTTCGGTATGTACTACGACCGCGGCGAGCTCTTCACCTACTTCTCGCCCGGTTACGCCATCGGCACCGTCACCGGCGGCCCGTTCGGCGTAAACCAGCAGCTCCCCTTCGTCACGGCTTCCACCTGCACCGTCGGTAGCCTCTACAGCTACTACATCCCCACCTGCGGCGGCGCAGGCGGCTCCAACCCCCCGGTCAATGCTCCGGATGATGCCGATGGAGACCTCGCAAACCCCTACGGTCTCGTCCTCAACAATCCTGTGTCCAGCAATCCCAAAGCGTCGGACCTCAGCAAATATCTTCCCAACCTCGCTCAGATCGGTAACGGTGGTCAGCCCATATCGCTCGGCGTCTATGACCGCGCCAACAAGCTGCCCTATACCTACAACTACACGCTCGATGTCCAGTGGCAACCCCGCAATGACCTCGTCTTCGAGCTCGGTTACGTCGGCAACCTGGGCCGTCATCAGGTCATCCCGGTTCCCTTCAATCAGCCGGGCATCGCCAACCCATCTGCCCCCATCCACGGCGAGAACTACTCCTATGGCTATCAGGTCCAGGGACCGGTCGGCTGCGCAGCCACCTTCAGCTGCGCTCCTATCGCCCTGCCTGACGGGACAACCTACCGCTACGACTACGAAGGCGGCAACGTCGACCATCGCGTACCCTACGTCGGTTACGCCGCCGAGTCCATCTCCTACAAGGCAGCAGGTGTTGATGCCTACAACGCCCTCACCGCGCACCTTGAAAAGCGCATGAGCAAGAACATCCAGTTCGCAGCCTCATACACCTACTCCCACGCCCTCGACGAGCAGTCCGGCCTCGGCTTGTTCTACAACGGCAACAATCCCCTCGACCTGCGCGACGGCTACGCATCGGCCGACTTCGATCGCACCCACGTCATCAACTTCAACTACGTCTTCCGCATGCCCGACCTCATCCACGAGAAAAACATCGCCAGCGATTTCGCGAACGGCTGGTCGCTCGTTGGCCTCACCGTTCTGCAGTCCGGCCAGCCTTACTCGGTCATTGACTACACCGGCGCTATCGGCAGCGTCTATTACTCCACCTCGAACGGCATCACCAACCCCATCGTGCCGCTGAACTACGGCGCATGCACAGCGAAGTCTGCCGTAACCGGCAAATCCGGCGCCTTTGGCGATTACGCTCTCAATGCCAACTGCTTCACCATCCCTCTCCTCACCCCTGGTCCGGGCGGTAGCTTCAACGGCGCCATTCCCTCCACCGACCCCTACGAGACGGGCTTCACCACCGGTCAGCGCAACATCTTCCGCCAGGCCTTCCAGAAGCGCGCCGACGCCTCCCTCGTCAAGATGACAAAGTTCAGCGATCGTTATTCGTTGAAGTACACCTTTGACGTCTACAACCTCACCAACACCTCCAGCTTCGACGTCCCCGGCAACGAAGTCTCGCAAAACGAAAACTATAACGCTGTCCCGCAGCAGGGCACTCCGGTCAGCCCCGGCACCTGCAGCGCCGCTGGTGTCGGCTCCGTCTCAGGCAGCTTCTACAATTGCCCGTTCGGCCTCGGCGTGGTCAGCCACACCATCGGCAGCCCCCGCCAGGTCCAGATGTCATTGCAATTCCTCTTCTAACCCAGTTGCAAAAAACCGATGGCGCATGCGGTCGCTCCGCATGCGCCATCCTCGTTTGAAGAACTGCTAACTGTTGCACAATCACAATCCGTCCGACTAATTCCCCCCACTACGCTGGATCTTGGCCTTGTTCTCGCCTAACAGAGCCAGAAATTCCCCCAGAGCCACTCCCTGATTGCCACGCTTCCATACCACCGACAGCCCCAGAGACAAACGGTTCGGCTCGAATGTGCTAAACGCCAGGCCGCGTGTGCGAAGATGACGTACGCCCGACGGCACCAACGCCACACCCTCACCCGCCTCCACCAGCGTCAACACGCCCGACCACGTCGGTGACGTGTTCACAATCTTCGGGGTAAAACCCTCTTCAGCACACAGAGCCACAAACTTGTCGAATATCACTGGGGACGCCTTGCGGTCGCACAGCACCACATGCTCATCAGCCAGTTGTTTGATCGTCACCCGCCGCCGCGCAAACGGATGATCCGGGCGCACTGCCACCACAATCGGGTCGCGGTACAAGAGTTCTGAATTCAGCGTCCGGTCGAACGGAGGCTCCAACGGCCGTGTCAGTCCCACATCGATGCGCCCTTCTTCCAGCGCAACCAGTTGCTCACTCGCATGCATGTCTAGCAGCGAAAGGCGTATCCCCGGCCGCCGCCGCCGAAACTCGCGAATGATGCGCGGGAAAAACCCACCCGACCCCCACAGGAAAAACCCGATCGACAAGGTCCCCACCTCCCCCTGCAGAGACTGCCGTGTCAGGTCCACTGCACGCTCGGCCGCTGCCAGCGTCTTGCGTGCCTCTTCCAGAAAAACCTGCCCTTGTACCGTAAGTCGGATTTTGCGCGACGAGCGATCCAGCAGTCGCCCTCCAACTTCATCCTCAAGATCAAGAATCTGCTCGCTGATCGCCGATTGAGAAATATGCAGACGCTTTGCCGCGGCA
NZ_CP046444.1_gap28	847265	851020	3755	AGCCCACGCTCCGCCTGTGGCATCGCGTGCATCGACGCCGTATCACGCCCACCCTCCACCTGCGCCATCATCGCCGCACTCAGCAATACCGCGAACCCGACGCCCGCCACAGCCACGCCCGCACGCCCGGCAGGCCAAACCATCGCTGCCAGAACGGCCATCATCATAAAGCCCACCGGCTGCAGCACCATGTGCGGATAGTGCTGCACCTGCTGCACGTTGAACCCCGTCACCACCTGCATGTCCATGCCAGCGAGTCCGCCAGCCATAGCCGCCAGCAGCACCACCATCAGCGCATCCGTAAACTCCCCGCCAGCACGACGCCGCAGCCACAACCACACAGCAGCACACACCAGCGCCTGCGCTGTCCAGAACTCCGTCTCCCGAAGGTTCTCCCCCACCACCAGATGCGAGTGATACAGCCCGATCCGCACCGCTCTAACGAAGTAGTTCCCATCTGCCTTCGACACATGCTCCCACAACAAAAACATAGCCGCAAACACTGCCGTCTTCGCCAGCGTGATCCAAGCCACGCGCGACACCACACTCGGCCTCACCAGCGCCACCGCAGACAACACACCCAGCAGCACCGTCCACGCAATCGCGTAGTACACATAGCTGAAGAACAGCAACCCGCCCAGCAACCCGGCACCCGCAGCCCACACCCACGACCGCCGCCGAATCGCCATCGCCAGCAGCAGCAGCGCCCCTGCAAACTGCAGAAACGTCATCTCTGGGTTCGGGGACCGCGCCGCCTGCAGCGTATCCACCACGCGCGCCCCCTGCGCATGATGCACAAACGCCCGCACATTCATCAGCAGTGTCATCGGTGAGAACGCCACCACCAGCACCACCAGCGCCAACAGCGCCGCCAGCACGCGCCCTGCTCCGGCGCGGATAAAGATCGTCATCAACAGCAAAGCCGTAAGGCACGGAAACACAAACGAAGCCACAACATGCGCCAGCTTCAGGCTGTGCAGCCCCGCCGCCAGCAGAGCTTCCGCCGCCGTCGGAAGAATCGAATACGGATACACCGCCGCGCGATGCTCCCATGTGTCGTCATACGCAGGCGCGTGGCGTGTGAGCGTATAGTTGGCCTCTGCGCTATAGAGAAACGTCTCGTCGTACACCATCGCGCTCGGCGACCGCGCGGTAAACGGCGAGTACGCTGCATACCCCACCTCCGCGATCCGCACCATGTGCGGCAGCACAAACACCGCGCCAATCGCCAGCGCGAACAGCCACACCCACCACGAGCCTTCCGCCGGACGCACTCTCTCTTCTGCGTTTGTTCGCCGTTTCACAGCGTCTACGATACACTGAGGCCGCAATGATCATCGGTGTCCCCAAAGAACTCAAAGACCACGAAAGTCGCGTCGGCATCACTCCAGCCGGCGCTCGCGCCCTTGTTGAAGCAGGGCACAAAGTCCTCGTCGAACACGACGCAGGCGCTCTTTCCTCCTTTCCTGATGACGAGTACCAGGCTGTCGGCGCCGAAATCGTCGGCGAGGCCTACCATGTCTGGGCCAACGCTAACATGGTCGTCAAGGTCAAGGAACCCGTCCCGGCCGAGTACTACCACTTCCGCCCCGGCCTCGTGCTCTTCACCTATCTGCACCTCGCCCCGCTGCGCGAACTTACCGACGCGCTGCTCTCCAAAGGCGTCACCGGCATCGCCTACGAAACCGTCCGCGACAAGGCCGGCACACTCCCGCTGCTCACTCCCATGTCGGAGGTCGCAGGCCGTCTCTCCGTACAGGTCGGTGCGCATTGCCTGGAGAAGGAGCATGGTGGCCGTGGCCTTCTGCTCGGCGGCGTACCCGGCGTTCCTCCCGGTAACATCGCCATCATCGGCGGCGGCATCGTCGGCACCAACGCTGCCAAGATCGCACTCGGCATGGGCGCGAAGGTCACCATCCTCGACCTCAACCTCAACCGTCTCCGCGAGCTCGATGACATCTTCAACGGCCGCGTCTTCACCGTCGCCTCGAACACGTACAACATCGAGCGCGCCGCCCGCGAGGCCGACCTGCTCATCGGCGGCGTCCTCATCCCGGGCGCGGCCGCACCCAAGCTCGTCACCCGCTCCATGGTCGAAAAGATGAAGAAGGGCGCGGTCATCGTCGACGTCGCCATCGACCAGGGCGGCTGCATCGAGACCGCTCACCCCACCACGCACTCTGATCCCGTCTTCGAGGTCAACGGCGTCGTCCACTACTGCGTCACCAACATGCCCGCGGCGGTCCCCAACACCAGTACCCTCGCGCTCACCAACGCAACCTTCCCCTACGTGATGAAGCTCGCCAAGCTCGGTGCCAGCGTCGCCATCCGCGAAGACGTAGGCATCGCCGAAGGCGTCAACACCTTCAACGGCTTCCTCACCTATCGCGCCGTCGCTCAGGCCCAGGACCGCGACTACAAGCCAATCAGCCACGTCCACCCGTAATAAACACGAGTCAGAAGCAACTCCCCATAAGGAAACGGCTGCGTCCATATTCACTGGACGCAGCCGTTTCCTTGTGACGGTCTGTGCCTTCTGCAAAGACGAACCTCACCTGCCAATACGTCTTGCTCTATCCTGCGTGCGGAGAAAGTTCATGAAGTCGTTCCCCACCGCTCTCACATGCGTAGTTCTTTGCCTCGCAGCAGCATTCAGCTCTCTAGCAGCGCAAAAGTTCACCTGGCAACCCTCACCCGGACACACACAGTTGCCGATATGGCCCTCCGCAGCTCCCGACCTCCAGCCCGTCCCCGGCACGGAGTATGCCGAGAAAACAGCCAGGGCCAGCGATTTCGTCGCGGGCAGACCATGGACCGCCATAAGCAATGTCTCGCAGCCAACCATGACGATCTACTCGCCCCAAGGAAAGAACACGGGCGTTGCAATGGTGGTCTTCCCCGGCGGAGGCTATTCCATCCTGGCCATCGACCTTGAAGGCACGGAGGTCTGCGACTGGCTGACCTCGCGTGGAATCACCTGCGTGCTGCTAAAGTATCGCGTGCCGGATTCGGGCCCCGCCTACCATGACGATTGCCACTGCAACATTCATCCGAAAGCGCCCACGGCGTTAGAAGACGCACAAAGAACAGTGGGCCTCGTCCGCTTCCACGCAGCAGACTGGCACATCGACCCGCACAAGATCGGCGTGCTTGGATTTTCGGCAGGCGGACATCTGGTAACCAACATCAGCACGCACTTCGCACACCGTGCCTACCAACCCATCGACGCGGCCGATCGTGTCAGCTGCCGTCCTGATTTTGCTGTGGCGATCTATCCCGGCCACATGACGGAAAACACAACGAAAGAATTTCAACTGAATCCGGATATCCCTGTCACAGCAAACACTCCGCCCACGTTCCTGCTTCAAGCCGAGGACGACCACGTAGACGGCGTCAAGCAATCGCTGATCTATGACATCGCCTTGATGAAGGCTAACGTCCCCGTAGAGATGCACCTCTACGCCCACGGCGGCCACGCATTCGGGTTGCGACGCACAAAACAGCCCATCACCGCATGGCCTCAACTGGTGGAGACGTGGCTCCAGACGATCGGCATGACCCCGCAGCAGCCCTCAAACGAGTAAACTGCCTCCATGGCACAAGGCTCCAGCCGCCGCGGAAATCTCGTCGTCGCCCTGGGCATCAGTCTGCTCATACTCTTCCTCGCGCTCGCGACGCTCAACGCCTTCAACCTCACCTTCCTCAATCCAGCCTCGCCCATCCAGACGCTGGTCTTCGTCGCGCTCTCCGTCCTC
NZ_CP046444.1_gap29	863380	867119	3739	CGGAAAGCTCAACACATCCGTAGCCTTGTCTTTACCCCGCCACTCGCGATTCAGCCGCCGCAGCGTGCGATCGTCCGCCAGCAGCACATCCACCTCGCCGCGCAGCCCCACCGAGTCCTGCGCCACGCGCACAAACCGCTCCAGCCCGCTCTTCGACAGCCCCAGCGCACGCCAGCCCGCCGCATCCGTGCTTCCCTGCGCGGGCCCAACCATACGTCGCGGAGGCTCAAGTGTCATCATGCGTCCCTAAATCCTACCGCACACCGCTTACTTCTTCGCCTGCACCTTGCCAAAGTGCGACGCCATCATCACCCCCAGCAGCAGCGCACCCACACCCAGCAGCGCCCACGCCAGCAGGTCCTGCGGAGCATGAAAGTGCAGCAGCATCAACCCCACAACAAAGTTCGCAAAACCCCAAACCACGTTCACCACCGGCAACGAGTCGCCCTCACCCGGAGGCTTCGCAAACGGCGTCGGAAACGGCATCCCGCAGATCCCCATCACAAAGTGCGGCACCCCATTCGCCAGAAACGCCCCAGCCAGAAACGCCCAAACATACCCCAGCAAACTCATCGTCACCATCGCATCGCTCCTAAAGACAAGATGCGAGCCACCATCAGCTCGCACCTCACATCTCTCTATTCCCTACTCCCTACTCCCTACTCACTATTCCCTGCCTTACTGCGTCTGCACAGCTCTCTTCGGTCGCTCCGTCACCAGCGGAGCAACCTCACTCCGCTCCCCTGGCATATCGATCGCCAATGGAAGCTGCTCCGCAGCCTTATAGCTGTCATAGGCGCGCACGATCCGCTGCACCAGTTGGTGCCGCACCACATCCACATCCTCAAAATGGCAGAACTTGATGCCCTCCACGCCATCCAGCACGTGCAGCGCCTCCAGCAGCCCGCTCCTCTTCGGATTCGGCAGATCAGTCTGCGTCAGATCGCCGGTAATCACGGCCTTCGCGCCGTTGCCAAGTCGCGTCAGAAACATCTTCATCTGCTCCATGGTCGTGTTCTGGGCCTCGTCCATGATGATGAACGCGTCGTTCAGCGTGCGCCCGCGCATAAACGCCAGCGGAGCCACCTCAATCACGTTCGTCTCCAGCATCTTGTCGACCTTCACCGGGTCCAGCAGATCATACAGCGCGTCATACAGTGGCCGCAGGTACGGATCGACCTTCTCCTGCAGGCTGCCCGGCAGGAACCCAAGCCGCTCGCCCGCCTCCACCGCCGGCCTTACCAGCACAATCCGAGACACCTTCTTCGCCAGCAGCGCGCTCACCGCCATCGCCACAGCCAGATACGTCTTGCCCGTACCCGCCGGCCCAATGCCGAACACCATGTCGTTCGACTCAATTGCCTCGACATACTTCCGCTGGTTCGGCGAGCGCGGCTGCACCATCCGCTTAACCCCGGCGTTCCTCTGCTTGCCGCTCTCCACCAGCCCGCGTAACGTCACCGCCGGGTCGGCAATCACCATCTTCAGCAGGGCATTAAGTTCGCCATTATGCGGATGTATCCCCAGCTTTCGCAGGTGCTCAAAATCATGAAAGATCCCCTCCACCCGCGCCACTGCCGCCGCGTCCCCCAGCAGCTGGATCGAGTCGGATCGTAGATCGATCTGGACGTTCAGCCCATCTTCCATCAGACGAAGGTTCTCGTCGCGTGTGCCATACAACGGCTCGATGCCCGGAGTGAGATGCATTGATTTTTTTAGCAAGTAGTGGCCTGACCTCCGTCAGGAGATTGCAAAGATCGACCGCCACCCAGTTCCGCTGAAACAGAACCACGCAACAGCCTCTCGGTTTTAGATGCTTTCTGGGAATAAACCGACACCCGCCCGCCAGAGAGTCCCCGGCACGCGGCCACCGCCGCGCCCCTCGTCTCCATCGTATTGGCCAAAGTTCCCAATAGAGTGTCGATGCCTCAGACGGTATCCCCATCCCGCCCTCCGCGTCAACCACCGCTGTGTAAATCCTTGAACCAAGCCAGAGCCCTCATCAGGCTTTGCCCAAAACTCTTCGTTCGCCCCAAAAGCTTGTCATTTCGCCCGGAGCATCGCGGCCTTATCGCGATGCGGAGCGGAGAAACCCCTGTATTTGCTGTTGCTTGTTTTCCTCTGCGTCCACTGCGGGCTTCTACACTGCGCCCTCTGCGTGAACGCTTTTGCCGCAGCAAGTGCCGAAGGCGCGAGCCTACCAACACAACCAGCAATGTAGAAGGTTTTGCGCAAGCCGCCCCTTCATCGGCTCTTATCTCGACAGAAACCCGCTCAGCCCCGCTCTTTTCATTGACCCAACCCCCGAAAACCCATACACTTAACCCTGTACCGGAACCGCTGCGCTGCGCTCTCTGTAGCCCCGCATCAGCCTCCGAGTGCATCCCCCACATTCCCCGCGGAAGCGGGCGACAAGAAAAGAGCATTTACTCATGGCAAATCACGTCTCATCCCTCAAGCGCGCCCGTCAAACCGTCACCAAGACGGCCATCAACCGCGCCAACAAGTCCAAGCTCCGCGGCACCCTGCGCCTTATGCGCGAGGCCCTCGCCGCCGGCGACAAGAAGACCCTCAACGACGTCTACCGCTCGACCGTCTCGGTCCTCGACAAGGCTGTCCAGAAGGGTGTCCTGCACAAGAACACCGCCAGCCGCTACAAGGGCCGTCTCAACGCCCGCGTCAAGGCTATCGTCACCGCCAAGGCCTAAACGATACAGCTTTCCATCTACGAAGAGGCCGGGACACGCTCCCGGCCTCTTCGCTTTTGCCCGCATCTCTGCCACAGTCTCTTTCGTCGATAATGGTCAGCAACCGCCTGCAAAGGCCTCAACCAAAGGAACAACCATGGTCACCATCCAGATGGAATACGAAGGCGATCTGCACTGCCGGGCCGTTCACGGCCCTTCCGGCACGGCCCTCGCCACCGACGCACCCAAAGACAACCAGGGGCGCGGCGAAAGCTTCTCCCCCACCGATCTCGTCGCCACCGCCCTCGGCACCTGCATGCTCACCACCATGGCCATCATGGCCCGCACCCTCAACGTCGAGATCGCCGGCGCCAAAGCTACCGTAGAAAAAGAGATGACCCCGGCGCCCCGCCGCATCGGCTCCCTGGCCACCACCGTCCACATGCCCACCGCGCTCGACGCCGACACTCAGCTCAAACTCGAGCGCGCCGCGCACACCTGCCCCGTCCTCCGCAGCCTGCACCCCGACGTCAACGCCCCCATCACCTTCATCTGGGGCTAACCCCACACCCTCACCAACCGCAACACAAAGAGGTCGGGACACACTCCCGGCCTCCTCGCTTTTCTACTCCCTATTCCCTACTCCCTACTCCCTGCCTCACTGCGGCACATCCGTCGCACTTCCGCCAAACTCCGCATGTTCCCCCGGATACAGCAGCGTCGGCGGCTTTTTCTTCCCACTCCCGACCATCTCGCCGCTCTGAGTCGTCGAAGGCGTCAGCACACTACCCGCCAGCGCCGCCGCGCTCGTCCCGCCCCCCGGTATCGGAGTCGCCGCAATCATCTCCCCTGCCTCGCCGCGCACGGTCATCACCGGCCCATTCGGCAGCTTCGCGGGAGCCTTCGTAACCGCCTCCACTGGCTGCGCCTTCACCGCTCCGGACCTAGCAGCACTCGCCTTCGCAGCACTCGCCTTCGCCGGAACCCCCGTCAGCAGAGACAGCACTACAGGCCCTTCATCCGCCGGCGGAGCCAGCTTTGCCGCCTCCGCA
NZ_CP046444.1_gap30	893558	894292	734	CCGTCCTCCCGGCGCTCGCGTGGAACGTGCTCTCCGCGATCATCTGCCGCCGCAGCGGCGCCACCTCCGCCGACAGCCCCGCCAAGCTCTTCATCTCCTCCGCGCTCTACCTCGGAGCCATCCCCATGGCCTACGTCTCACCCTACGCAGCCCTCGCCATGCTCATCGCCGTCGCCATCCTCTGGCTCATCCCGCCACGCAAGATCGTCGAGATGACGCAAAACACCCACACCCATTCGCTGTAAACTCACATTCGGCATGAACCTCTCCGGCTGCGGCACCGCTCTCGTCACTCCCTTCGCTCAAGACGGCTCCCTCGACGAGCCCGCTCTCCGCGCCCACGTCCAGTGGCAGATCGAGAGTGGCGTCTCGCTCCTCATCCCCTGCGGCACCACCGGCGAAGCCTCCACCCTCACCGAGCAGGAGTGGCTCCGCGTCATCGAGATCACCATCGAAGCCGCCGCCGGCCGCGTCCCCATCTTCGCCGGATGCACGCACAACGCCACCGCGCAGGCCGTCGCCAACGCCAAGAAGCTCGCCAAGCTCACCGGCCTCACCGGCATCCTCACGGCAAATCCTTACTACAACCGCCCCGGGCAGGAAGGCCAGTACCAGCACTTCCGCGCCATCGCCGAAGCCGTCGACCTGCCGATCCTCCTCTACAACATCCCCGGCCGCACCGCTACCAACCTGCTCCCCGAAACCGTCCTCCGCCTCGCCGAGCTCAAAAACAT
NZ_CP046444.1_gap31	976500	981113	4613	GCTCCTCGGCGCCAAAGGTCTCGGCGTCTCCGCCGACTACAAAACCGCGCAGATGCCTCCCGTCAACCACGGCCTCCTCGACGGCCAGCTGGCCTGGCGGCAGGACGACGGCGGCCACACCGACGCCCCCAACGTAAAGTACTTCATCCAGTGGGTCGACAAGTTCATCCACTACCCACCTCAACCCTAGCCACAAAAAGGTTCACCCCAAAAAGGCTTGTCATCTCGACCGGAGCGCGAAGCGCGCAGTGGAGAGACCCCTGTATTTGCCGCAGCAAGCGCCGCAGGCGCGAGCGTACCCCAAACCCCTGCTCTCCCACCAACCCTCGCAACCGTCTATACTCTGAAACGGGAAAACCAGAGCAAGCGCTCTTTCGAGGAGTCCATGAACAGCACCCAGCATCATCCGCAGCACAGCACCGAGTCCGGCTTCACCCTCGTCGAGCTCCTCATCGTGATGTCGGTCATCCTCATCCTCATGGTCATGGCCATCCCCGCCATGCAGAAGACCATCATCCGCGCCAACGAGACCTCCGCCATCAGCTCTCTCCGCGACCTCACCCAGATGGAAGGCGAGTACGCCTCCACCTACCCGCAGCACGGCTTCTCCTGCTCCCTCCAGACGCTCGGCGGCAAGACTGTCTCCGGCACTCCGCCCACAGCCGAGTCTGCCCAGCTCATTAACGAGGACCTCTCCTCCGGCACCAAGTCCGGCTACACCTTCACCATCACCAACTGCACCAAGACGACCATCAACAACGTCGATCAATACAACAGCTACGAGATCACCGCCGTCCCCAACTCCGTCGGCCACACCGGCAACCGCGGCTTCTGCACCGACGAGAACGCCCAGATCCGCTTCGACCCCAAGGGCGGCACCAACTGCACCGAGCTTCTGCAATAGCCACCCATCGCACCACTCAAGCATCCAAGGGCCGCCCTAACCGGCGGCCCTTTCCCTAGCCACAACAAAAACTTTGCGCAACTTCGCGTTAAACTTGGCGCACTTTGCGGGAACGCTTTTGCTCCTGCTCGTCATCTCTCATGAAGACACTCCTCCTAATCCTCTTCCTCGCCGCCACAGCTTCCGCCCAGCAGTTCACCGCCGATGCCCTCGCCAAACGCGTCGACGACCACTACAACCACCTCCAGTCCCTCCAGGCCCGCTACGCCGAGCGCTACCAGGGCCTCGGCCTCGACCGCACCGAAACCGGCACCCTCACCCTCCGCAAACCTGGCCGCATGCGCTGGGCCTACGACACCCCCACCGGCAAGCTCTTCCTCCTCGACGGCCACGATGCCATCAGCTACACCCCCGGCGACGCCCAGGCTACCCGCTTCCCTGAAAAGCAGCTCGACGACCTCCGCTCGCCGCTCCGTTTCCTTCTCGGCCACACCCAGCTCGCCAAAGAACTCGACCACCTCTCGCTCGCCCCGGCCAGCCAAAGCCCCACCGGCGAGCTCTACACCCTCTCGGGAGCGCCCAAAGGCATGTCGCAGCGCCTCCGCTCCCTCGAGCTCACCGTCGACACCGCTGGCCAGATCCACACCATGCGTATCCTCGAAGTCGACGGTTCCCAGACCACCTTTACTTTCAGCAACATGCAAGAAAACGTGCCCACCACTGCCGCAGAATTCACCTTCACCCCGCCTCCCGGAGTCGGCATCGTCGACGGCACCACCCCGCTCTAAATGGCTCTCGGCCGAAAAGTCCACAACTGAGCACTTTCACCTCAAACGCTCAAACGTGTAACGTATGGCCATGCGTTCCGTCCTACACGTAGCCGTTCTGGCCTTACCGCTTTCTCTCTTCGCCCAGGCGCCGCTGCACCTCATTCCCATGCCCCGCGAGGCCAAACCAGGCGCCTCGCTCCCTCTCACCAACGGCATCCGCGTCGACTGCGCGCAGCCCTGCGACCCTCAGGATGCCTTCGCCGTCGCCGACTTCAAGGCCACGCTCGCCGAACGCCACATCCCCGTCACCGACGCCGGCAACACGCCCCACATCTTCGTCACCCGATTCAACACCTCGCTCGGCAGGCAGATCCTCCACGAGTCCTCGCCCGTCACTGCCAACGCCTCAGCCTTCCCCGCCGAGATGCACGACGAAGGCTATGCCCTCGTCCCCGACAACGACGGCATCGCACTCACCGCAGAAACAGCCTCCGGCATCTTCTACGCCCTCCAGACCGCCAAACAGCTCATCGAAGGCGACGGCTCCGCCGCAACGCTCCACCTCGCCACCATCCGCGACTGGCCCGCCATGAAGTACCGCGGCCTCTCCGACGATCTCTCCCGTGGCCCCGTCGATACCCTCGACTTCCAGAAGAAGATTGTCCGCACGCTCGCCGCCTACAAGGACAACCTCTACTCGCCCTACTTCGAGAACACGCAGCAGTACGCCTCCAACCCTCTGCCCGCGCCTCCTGGCGGCGGCATCTCCGCTGAAGACGCCCGCCAGCTCGTCGCCTACGCCGCGCAGTTCCATGTCCTCGTCGTGCCCGATCAGGAGGCCTTCGGCCACCTCCGCCACGCGCTCATCTATGAGGAGTACCAGCCCCTCGCCGAGACCCCGCACGGTGCCGTCCTCGCCCCCGGCCAGCCCGGCTCCCTCAAGGTCATCAAGGACGAGTTCACCGAGCTCGCCCATCTTTATCCCGGCCCCTTCCTCCACGTCGGCGCCGACGAAACCGAGGACCTCGGCCGCGGCCAGACCAAGGCCGAAGTCGACGCTCGCGGCCTCGGCCCCGTCTACCTCGACTTCATACAGCAGATCGACAACACGCTCCACCCCCTGCACCGCAAGCTCCTCTTCTGGGGAGACATCGCAGAAAAGTCTCCCGAGCTGCTCAAGGACCTCCCCGCGCAGTTCAAGCAGGACACCATCGCCATCAGCTGGCACTACAACGCCCCCGGCCCCAACGGCTTCATCAAGTACATCAACGACTTCAAGTCGGCCGGCTTCGACTTCTGGGTCGCACCCGGCATCAACAACTGGTCGCGCGTCTATCCCAACTACAACGCCGGCCTCGCCAACATCCAGGTCTTCACCGCCGAAGGCCAGGCCGCCGGCGCCACCGGCCAGCTCAACACCATCTGGTACGACGACGGCGAAGCCCTCGCCTCCAACAACTGGTACGGCATCCTCTTCGGCTGTGCCTCTGCCTGGCAGAAGGGCGAAAGCTCGATCCCGCAGTTCGAGCAGAGCTACAGCCCTGTCTTCCACGGCGACCTCACCGGCAAACTCAACCAGGCCCAGCTTGAGATCATGGCCGCGCACGATCTTCTCAAACAGTCCAACCTCAAGGGCGACGGCTCCGATCTCCTCTTCTGGTCCGACCCGTGGGCTCCCGACAACCAGAAGAACTTCGCCAACGTCCGCCCCGTCCTGCACGATCTCCGCATGCACGCCGAAAAGGCGCTCGACCTCATCGCCCAGGCTCGCGCCGCATATCCCGCTTTGAAGGGGACGGGCTTCAGCCCGTCCGTTGGATCATTGAATGAAGGAGGGGCTTTAGCCCCGGAGGGACAGGCTCTTGACCCCCGCTACATGCTTCCCTCCAACCCCACCTCACTCCGCGAGCCCGACGCCATCGACGCCATGGAACTAGGCGCCCGCCGCCTCGACTTCATCGGCCTCAAGTTCCAGCTCGCCGACGAGATGTCGCAGCTCTACGCACAGGCCCTGTCCACCGCGGCCTCCGGCGACCGCCACGCCAAGCCGTCCGTCCCCGCGCTGCTCTCCGACATCAACGGCGTCAACGGCCGCATCCAGGACATCAAGGACGGTTACTCCACCCTCCGCGACCTCTACCAGCAACTCTGGCTGCGCACCAATCGCCCCTACGCCCTCCGTCCCGTCCTCGAGCACTACGACTACACCATTGGCATCTGGCTCGCGCGCATGGACAAACTCCGCGCCGCACAACGCACCTGGGAGGCCACCCACACGCTCCCCACCGCAGCAGAAACAGGAATCCCGGTACCGACCTACTGACATGAACGTATCAACCATCACCGCCCGCCGCCTCCTCACCGCTACCGGTATCGTCGACTTCCCCGTCCTCCGCATCGCCGCCGACGGCACGCTGCTTGAGCTCACCTCCGACCCCGCCGCCCTCGCGCACGAGACTGACACCCTCACCGCGTCCTTCCTCGACGTCCACACCCACGGCGCCGTCGGCCACGACGTCATGCACGTCGACCCCGCGGGCCTCAGCCGCATGCAGCGCTTCCTCGCCTCGCACGGCGTCGCCAGCTACCTGCCCACCACCGTCACCGCTTCAGTCGACAGCACACTCCGCGCCCTCGAAGCCCTCGCCAACGCAGTCGAGTCCACACCCGCCCCCGGCGAAGCGCAACCCATCGGCATCCACCTCGAAGGCCCCTTCCTCTCGCACATCAAGCGCGGCACCCATCCTCCCGCCGAGCTCCAGCAGCCCAGCATCGAGCTCTTCGACCGCTTCCAGCAGGCCGCCCGAGGCCACATCCTCCTCATGACCATCGCCCCCGAACTCGTGAGCGAAGAAGCTCCAGCAAACAGTGCTTTGAAGGGAACGGGCTTCAGCCCGTCCGGAGGGAGCAGGGGCCTTCAGGCCCCTGAAAAAGGGGCT
NZ_CP046444.1_gap32	994986	998049	3063	TCTTATCTTTGCGAACGGTATTCAGGAACGTGTCCTGAATGTTCTGCGCCGGCTTTGGATCCATTGTGGCCGATCTCCTTATGGTTAAACCATGCGTACAGGTCCCGCCGAGACACCATGATGTCGTACTGATCCGGGGCCTTAAAGCAATTCCATGGTGACAGCACTACGGTATCGCCTTCCCGCAATGAAACACAAGCGCTATCGGAAGAAATCACCCCTGACCGAGGTAACGTGACACCGCTGTAAACATTCACGTCCCGCAACGGAACTCGCAGGAGCTACGATATTCAATGATGGCCGTTTCCGCTCAATCCACCGCACTCGCTCCTGTTCCCATGCTCGACTTCCAGCGCGAGTACGCGCTGCTCCGCGACGAGCTTCTCGCCGCCATCACCTCCGTCTGCGACAGCCAGCGCTTCATCCTCGGCCCCCAGGTCGCCAGCTTTGAAGCCGCCGCCGCCCGGGCCTGCGGCGTCTCCCACGCCATCGGCTGCGCCAGCGGCACCGACGCCCTCTGGCTCGCGCTCGCCGCCCTTCGCATCGGCCCTGGAGACGCCGTCCTCACCACACCCTTCAGCTTCTTCGCCACCGTCAGCAGCATCCTTCGCGCCGGCGCACGGCCCCTTCTCGCCGACATCGACGAACACACCTTCAACCTCTCTCCTGCTGCGGTCGCAACCACTCTCGCGCAGCACCAAGGCGCCCCCATCCGCGCCGTCATGTCCGTCCATCTCTACGGCCAGTGCGCCGACATGGACGCACTCACCTCGCTCGCGCAGCAGCACAGCTTCAGCCTCGTCGAAGACGCAGCCCAGGCTTTCGGCGCACGCTGGAACGATAAACCTGCCGGCGCTCTCGGCGACATCGCTGCCTTCAGCTTCTATCCCACCAAGAACCTCAGCGCCTTCGGCGACGCCGGCATGTGCACCACCAACGACGCCGCTCTCGCCGAACGCATGGTCATGCTCCGCGCCCACGGCATGAGGCAACGCTACTACCACGACGAGGTCGGCTGGAACTCCCGCCTCGACACGCTCCAGGCCGCGGTCCTTGAAGTCAAGCTCCGTCACGTCGAAGCCGGCAACACCCGCCGCCGCGAAATCGCCGCCCTCTACGACACCCTCTTCCAGAATTCCCGCCTCACCGCTCCCACCACCAATCTGGGAATCGTCCTTCCCGCTACCGATCCACGCGCCACCCACGTCTTCCACCAGTACGTCATCCGCGCCCCCCGCCGAGACGCTCTCCGCGACCACCTCACCGCTCTCAAAATCGGCACCGAGATCTACTACCCCGAACCCCTCCACCTCCAGAAGAGCCTCGCCAGCCTCGGCTACAAGCTCGGCGACTTCCCCATCGCCGAACGCGCCGCCGCAGAGGTTCTCGCCCTCCCCATCTTCCCCGGCCTTCGCAACGACGAAGTAGAAACCGTCGTAGAAGCCATCCGCCGCTTCTACCAATAGCTCCCATCCCGGCATTGCACAAAAAGTCTTTCCACCCAGGAAAGTTCGTCATTTCGACCGGAGCATCGCGGCTTCATCGCGATGCGCAGCGGAGAAACCCCTGTATTTGTCGTTGCCTGTTCTCCTCTGCGCCCACTGCGCGTTTCTACACCGCGCCCTCTGCGTCAAGGAAGGTCTGAACAAGTATCTTGCTTTGCAGGGGCGGGACTTCAGTCCCGCCATAAAGCTCCAGGAATCAGTGCGGCTTTAGCCGCGGAGGGAACGCATGCACACTTGTTCAGAGCTTCCCCTAACGCTTTTTGCCGTTGCCTTGTCCCTCCTCGCACCTCTTGACACTCCACGTATAATAAGAAGAGAAGACAGCGTGGCAAAGCCAGGCTCTTCCTCTCGGCCCAGGCCGTTCATCTCGCTCCAATTGACAACCGAAAACCTGTCGGCCACCCGCTATCCCATGCAGGGGGTTCCACCCTTAACCCCAATGGGCTCCGGATCATACCCCCATAACCGGGGAGGGGGCGCTACCGCCGCCGCTTCCGCGACTTCCCGTTCTTGTCCTTCGCCGGCAGCGGCACCGGATGCGCCTCATCCTCCGCCAGCGTCCCCGGCGGCAGAATCCGCCGGCAGATGTTCCCTTCCAGCCGGTAGGTCTTCGTAATCAACTGCGAAGGCTTCACCAGCCCCGTCGCCGGGTCCGGCTCAGGAATCGGCGCGCTCGCCGCCAGCACCTTGTAAGTAAAGCTCGGCAACGACATCTGAGCCAACACGCCCGGAGAATACGGGTCCTTCATGCTCCCGATCTTCGCCGGCAGGTACCCCAGAATGTCATGCTCCCGGAACCCCGTCTCGTAGCGGTGCTTCTTGATGTTCCAGATGAACACCCGCACCTGGTCGAAGTCATACGGCAACCCCGACTTGTACGGCGCCAGCAGCGTCAGGTACTCCGGAATCTCCGTCACCGTCTTCCCGTTGTCCAGCATCCCCGAGTCCGGGTCGTCCACCATATGCAGCACATACGCACCCACGATCCGCTGCCCCTCGGCATACCGCGCCAGCGTATCCGGCACCGTCACATCGACCATCCGCCCCAGTATCCAGCCCGTCTGCCCCTTCACCGTGCGAGCCAGCCACCAGTCCTCCATCACCGGAGGAGGCACCACCACCGCAGGCTGTTTTTCATCATTCGGATCGTCTTCATGGGTCCGCTCGGCCTTCGCCGCGGCCACTTCTTCCTGAGTCGGCTGCCTCACAACCCGCACCGGGACAGCCCCCGGCTTCACCTTCGGCACCGTCGCCCGCTCCAGCAGGCTCAACCCATCGCCCTCGGCCAAGCGGTAGAACCGCGGCGTCTCACGCCCCGGCGCCGCATGCAGATACACCTCATCCCGCGCCGTCGCCACCGCGATCACCGGGTCCTTGCCATGCGTCTCCGCCAGCGCCGCAAACTGGTCGGCTGTCTTCTGGTCGGCGGTCAGCTTCTCTTCGACCCAACCCACCTCACCGCGCGGCGTCCGCACCTTAATCGCGCGCCGGGTCCGGTCCAGCACCACCAGCTTCTCGCCGTTCGTAGCCGTCCCCGTACGGTTAGACACGGCGGCCA
NZ_CP046444.1_gap33	999300	1001376	2076	CGCAACGCTGTTCGTGATGTACGCCACATCCGGCCCGGTGCTCCCGGTCGAGCCCGTACTCCCTGTGCTCCCAGTCGAGCCCGTACTCCCCGTCGACCCCGTACTCGTCTGCGGCACAAAAAAACCGCTGCAACTCGACAGGCTCATCGCGGCAATCGCCAATCCACTCAGCGAAGCAAAACACGCGGCGGCAGCAATCAGGTTACGGCGGGGAATCTGTCTCATGTCCTTCGTCTTCTCCAGCAATCTACAGCCGTCCCGCGCTGCGTATCCATTCTCGCAGGTGTGCGTCTGCTTCATCGCTACCACAGTCTCAACGTACGGAGTCCTGCACAATAGACGCTCCTCCCACGCTCCGGGTTAGTTCCCTCTAGCAACCTTCGTGCACCATCAACTTTCGCCCTCGCACCTAAGGCCTTATCATCTAATCTTGGAGAACCACCCGGAGACCCCAGCAACAAACGCAACGTATGCCCAGCTTCTCTGACAGCATCTTCCTCTTCGTCCTCGCTCTGCTGCTCTTCGGCCCGAAGAAGCTGCCTGTCCTCGCGCGCGAGATCGGCAAATGGGTCGGCGAGTTCCGCCGCGCCTCCAACGAGTTCAAGATGCAGATGGAAGAGGAGCTCCGTCAGGCCGAGCAGGCCGACCGCCTCAAGAAGATCGAAGCCATCGAAGCCGCAGCACCGGCCGCTCCTCCGCTGCCCGCTACTCCCGCCGATATCTCCAAGCCCACACTCATCACAGAGCAGCCCGCCATCGACGCCGCGCACGAAACCAGCGAGACCACCGAAGGCGTCTCCTCCGAAGAGCCTGCCGCCGAGACCTCAACGCTCCGCAGCAACCTGCCGCCCACCGAGGCCATGCCCATCGCCGAATCCGAATCCGGCGAGTTCAAGATCATGCCACCCTCCACCGGCCTGCCCACCGCGCGCAAGAGCGCCCTCAGCAGCCTGATCGATGCCATCCCGCCCGCCGAAAATGGAAGCACCCATAACGGCGCCACGCACGACACCGACGCGGAGACCGTCCATGGCAACTGAGCTCGCCGAACGCGCCCGCAACGCCGTCCAGGACCGCGCCGAACTCCCCGGCATGAGCCTCATGGAGCACCTCGATGAGCTCCGCAAGCGCCTCGTCCACTCCATCCTCTATCTGCTCGTCGGCTGCATCGCCGCAGGCGTCTTCATCGGCAAGCTCACCGCCTTCATCCAGCGCCCGCTCACCGACATCAACCTCAAGCTCACCCAGGTCCACCCCACCGACGCCATCAACTTCGACATCAAGACCGCCCTCGTCTTCGGTGCCATCTTCGCGTCCCCCTTCATCCTCTACCAGGTGTGGCTCTTCATCTCGCCCGGTATGTACTCTAACGAGAAGAAGTACGTCTGGCCCTTCATGTCCGCCACCGTCGGCCTCTTCCTCGCCGGCGCATGGTTCGGTTACAGGTACGTGCTGCCTCAGGCGATGGTCGTCCTCGTGCAGGGCTTCGGCAGGAACTTCAACCACATGATCGGCATCGAGGAGTACACCGGCTTCTTTCTGGCCGTCATCCTCGGCCTCGGCATCACCTTTGAGCTGCCCATCCTCATCTTCTTCCTCGCGCTCTTCGGCATCGTGGACGCCAAGTTCCTCCTCAAGCACTTCCGCTACGCCATCCTCGCCATCTTCCTCGTGGCCGCCGTCATCTGCCCCGATCCCAGCCCCATCGGCATGACCATCTTCGCCTCACCCATGCTCGTTCTCTACTTCATCGGCGTCTTCGTCGCCTTCTTTGTCCACCCCGACCGCCGCAAGAAGAAGCTCGCGGCTAAAGAATCCTAGGGAACAGCCTCGTGAAGCTAACGCACCTCGCACTCGTCGTCTCTCTTCTGGCAGCGCCGCTGGCAAACGCCCAAACTCATGCCGTCTCAGGTGCAGCCGTCCTGCGTCTCACGCAGCAGTACGTCGACGTCGCACCGAAGCGCTTCGTCGGCTCCCCCGGCCACACCGCCGCCGAAAACTTCATCAAGGACCACTTCAAGCCAGAGATGGCCAAGGGCAACTTCGTCACCGACGAGTTCGTCGCCCGCAACACCC
NZ_CP046444.1_gap34	1004126	1006242	2116	TCGACGAACACGACCACATCGAGCGCGTCATCATCACCTACGGGCCACTGAAGCCCTTCACCGCCGACCCCGCCGAGCTCGTCACACTCACCTCCAAAGACAAAAAAGCCCGCAGCGGCACCCGCAACTTCGTCCTCCCCAAAGGAATCGGCGACGCCGTGGTCGTAAAAGACGTCGCTGTCGAGGAGCTGACGACAACCGCAGAACGCATGATGGCGATGGTGGCAAGACAGGCTGCGGCCTAACCAATGGAACCCCTCGTCAACCCCGGCGCGCGCCCCGCCAACGAACTCTCCGAGTCCGAAGCCTCCGAGCACGTCCGTAGCATCTTCAACTCCATCGCGCCCAGCTACGACCTCCTCAACCATCTGCTCTCCATGGGCCTCGACCGCCGCTGGTGGTCGCGCACCGCCCGCACCTTCCGCACCACCCTCGCGCGCCCCGACTCCCGCATCCTCGACCTCTGCTGCGGCACTGGCGACATGACCGCCGCCCTCCTCAAACTCCGCCCACATCCGAGCACTTCGCATCCCAGCACCCACCAAAGAAGTGTCATCTCGACCGGAGCGCAGCGCAGTGGAGAGACCTGCGTTTCGGACCACCACGAACTCAAACCGACAGCTATCACCCCCATCACCGGCCTCGACTTCTCCCCCGAGATGCTCACCCGCGCCCGCCTCAAATACCCCTCGCCCAACGTCATCTGGACCGAAGGCGACGCCATGCACCTCCCTTACCCCGACAACTCCTTCGACCTCGTCACCGCCGCCTTCGGCTTCCGCAATCTGCCCAACTACGCCGCAGGTCTTCGCGAGATCCACCGCGTCCTCCGCCCCGGCGGCCAGCTCGGCATCCTCGAGTGCAACCAGCCCGACGGCCTCCGCGGCCTCGGCTACTCGCTCTACTTCCATCACGTCCTCCCGCTCATCGGAGGCCTCATCTCCGGCGACCGCAGCGCCTACAAGTACCTCCCCGACAGCGTCATGCGTTTCCCGCGCCCCCCACAGATGCTCGCCATGCTCCATGACACCGGCTTCACCACCGCCCGCTGGGACGGCTACTTCCTCAAAGCCGCCGGCCTCTACGTCGCAACAAAGCCTTAGCGCGCCTTCTACTCCCTACTCCCCATTCCCTACTCCCTGCCTCTCCGCTGTTATCCTCTAACTCCGATGCCGGACACCCACATCACAACCGACCAGCGCAGCGCCGCCAAGCGCGCCGCCGCCCTCAGTTCGGTCATGGCCGCGCTCGGCATCACACTGCTCAAGCTCTTCACCGGCCTCGTCACCGGCTCGCTCGGCATGTTGAGCGAAGCTGCACACTCCGGCATCGACCTCATCGCCGCCGCCATCACGCTCCTCGCCGTCCGCGTCAGCGACCGCCCTGCGGACGAGGAACACAACTACGGCCACGGCAAGCTCGAAAGCCTCTCAGCCGCCTTCGAAATCCTGCTCATGCTCGGCTCCTGCGTCTGGATCGTCCGTGAGGCCCTTCTTCGCATCCTCCATCCCTCGCATCTTGTGCTGCGCACCTCCTGGTGGCCCTTCGCTGTGCTCTTGCTGTCCATCCTCGTGGACTTCACACGCTCACGCGCACTCGACCGCGCCGCCCGCGAGAGCAACAGCGACGCCCTCCACGCCGACGCCATCCACTTCGGCACCGACATCTGGTCCTCCACCGCAGTCCTCGTCGGCCTGCTTGCCACCTTCATCGGCCAGGCCTATCACGTCCCTGCCCTCGAATACGCCGATCCCATCGCGGCCCTCATCGTCGCCTGCATCATCCTCTACGTCACCTGGCAGCTCGGCCAGCGCACCTTCGACAGCCTCCTCGACGCCACCCCGCCAGAAGTCCGCCAGCAACTCCAGAAAAATCTCCGCACCGAGCTCGACGCCATCCCCGACGTCCTCGGCATCGAGCGCATGCGCGTCCGCCGCTCCGGCTCTGACTACTTCGTCGACCTCACCCTGCAGCTTCCTCGCAACCTCACCTTCCAGCGCGCCGAACAGGTCACCTTCGCCGCCACTGAAGCCATTCAGAAGCACCTCGAAAACGCCGATGTCATTGTGCATACAGTGCCCACGGCTACCATCGGCGAGAGCATCTTCGACCGCAT
NZ_CP046444.1_gap35	1016013	1018602	2589	TGTCGCCCTTCTGGGCCCTGGGCTTCTTCTTCTTTTTGACGGTATCGCCGTTCAGCCCGAGAGGCGCGGCCTGCACCTTCTCCGTGGCGGACTGGTCACGCGTGGCCACAACGGGACGGATCGCAGCCTTGTTCTCCGCCTTGGCCAGCTTGGCGTTGGCGCGGTCTACCTCCGCCTTGGTCTGCTGGGAGGAGAAGCGGGTCTTCTTCTCCGGACCGGAGATCGGGCCGAGCGGATCGCCGTTGTCGGCGGTGGTGGTATCGGCGTCAACGCCGGTGCCGGTCGTGATGGAGGTGACTGACTCGGCAGGCTCCATTGCAGAGCCCGGAGCCTGGCCGGCCAATGGCGGGTTCTGCGGGGTGTCCGTCGCCAGCGTCGTGGCGGCCGGCAGCGAGTTGCGGGGGGCCTGACCGTAGCGAATCTTCTCGCGGCGGATTTTCTCCCGCTTCTGCTTGCCCTTGACTCTCTTCGTGCCGTTGAGCTTGGCCTTGTCGGCCTCGGCCTTGGCCTGCTGCTTCTCGGCAACGCGCTCACGCGCGGCTGCAAGAGCGGCCTGTGCCTTCAGCGCGCGCTCCTGCTCGGCGCGCTGCTTGGCCCGCAGCTTCTTTTTGATGGCGGGAGCCTGGTAGGCCGTGTAGGCGAAGTTCGCGTTATTGCTCTTGGCGGTGGAACCGGTGTCAACGAACCCTGGTGCAAGCTCGATAAATGCCTCGTTGCGCGCCTTGGTCAGGTAGGCACGCAGCGCAGGCTGTAGCTGGTCCATGTAGATGGCTTCCTGCACCTGGTTCTCGACGTTGGCGAGCGGTGGAACACCGGCTTTCTGGTGAGCGTCCACGCGCAGGATGACATAGCCCTGACGGGTGCGGATGGGGGCAGTGTTGGCGCCGACCGCCAGGTCGAAGGTCGCGTCTTCCAGCACCTGGCCGAGCGCGCCGCGCTTGAAGTCACCGAGGTCGCCGCCGGCTGCCGCCGTGGGACCACCGGAGTCCTTCTTTGCCAGATCGGCAAAGCTCGCGCCGCCCTTCAATTGCTTAGCGATGTCGTCAGCCTTGGCCTGTGCCTGCGCCAGCTGCGCGTCGGTCGCGTTCTCCGCCGTGGGGACCAGAATCTCGCTCAGATGGATCTGCTCGGGCACCTCGAACTGCTTCTGGTGCGCCTCGTAGTAGGCCTGTTCCTGCGCGTGGGTCATGTTGATGTGACGACCCACGTCCTCGCGCACAACGGACTGGCGAATGCATTGGTTGCGGATGTTCTGCTTGAAGTCCTCAAATGAGACGCCCTGCTGCGTGGCGGCCTTTTCAAGAGCCTCCATGTCCGGCAGGTGGTTCTGCTTGCGGATATCGTCGAGCTGGCGGATGGTCTCCGCGTCGCAGTTGATGCCCAGGTCCTTGCCCTTGGCAATGAGCAACTGGGAGTCGATCATGTCGCGCAGCAGGTCGTGTAGATGGTCCTGCAGCTGCGCTTCGGAGGCACCGCCCTGCTCGGCATCGCGCAGCATCTGCTGCGCGGCGCGCTCGTACTCGCTGCGGGTGATGATCTGGTCGTTGATGCGCGCAACAACGTCTTCCACAACGGTGCCATTGGCCGTGATGGCAGGCCGCTGCGGCATCTGCGGCAGTTGCAGCTGCGGGGCCGACGGGAAGGCACCGCCGGGGACCGGGTAGCTGGGCTGCTGCGCGGCCAGAAGGACCGAGGCGGAGACCAGCAGCGTGGAAACCGCCAGCAAACGCGACTGGACACTCGTCAGGGCCGGGCGCGATGGGCGGGCGGCAGGAGTGGCAGCGACAGCCGAAGTCTGTAAGGCGATGGGCGCCTGGGAGTTGATGCGTGTGTGCTTCTCGGTCATCCGGTCCTTTATGGCTCTGCGCTTTGGAGCATGGCCCCACAGCCTGCATGGCTGCGGAGTACAGAGGGTGCTGGGCAGAGGTACGCCGACGGCCCACTGCAGGAGCAAGACGCCGACGTTCTTATTCTAACCGTGAGACGGGCGAGCGTGGGGTGTGGGAAGCAGGGTTGTCGACCGAAAACCAGTAGCCCCGCTATGCCCCGGCTAACCCCCGGATGCTATACTCCGTCCAACTGTTGCGGCAGGCCGCAGGCGTGTGCCGACGGCCCGCCAGCGCCAAAACCGGAGAACAAGCCGGGCCTGATTTGCACTGCTGTACCGAGCTTTTCTTGAGCTTTTCCGATCGAGGTTCCCCCACCCGTATGGCCTCTTCTTCTACACGACGCGCTCTCTTTTCCGCGACCCTCTTTCTGGCAGCCTGCGCGCTGACCGGCTCCCTGCTGGGTGGCCGCGTGGCAGCCCAGTCGGCGACCGACGAATCCACCCTGCGCGACTCGATGAAGTCGTTCACCGACGTCTACGCGCTAGTGGAGCAGAACTATGCCGACAAGATGGACCCGGACAAGATCGACAAGGCCATCTACGACGGCGCGATCCCGGGCATGCTGCATGTGCTCGATCCACACTCGAACTTCTACGACCCCAAGTCCTACGCGCAGATGCGCGAGGACCAGCGCGGCAAGTACTTTGGCGTAGGCATGCGCATCCAGCCGCAGGGCGACAAGATCGTTGTGCTCGCTCCG
NZ_CP046444.1_gap36	1033137	1036685	3548	AACCACCACCAGACCGGCGGCAATCCCAACCAGGCTGATTGCAACATGCACCAAGGTAAGAGTCGACATAAGGCTTCTCCTGCGAAGATATGGATGTGAAACGGTAGCCACATCCTAACACCGCATCGGACTGTCCTTCTTACGACAACACCGGACGCACCAGCACAAGTCCCGCAAACACCAGCACGGCTGTCGCCAGCCACTGAATCACTCGCATCGCCATCTCCTTCACTACACCTTCATCCTCAAAGCTCACCGGCAAAAACATCAGTGCCGCCCATCAGCAATCGCGCATGACAGATGTCACTCGCACCCGCTCCGGCGCAGCCGCAGCATCTTCACAATCACCATCGTCAACACCACCAACTCCGCTCCCAGCCACACCCAGCGCGCCGCCGGATGCCCGTTCGTCACTGTCGTAACAATCGGGCTCAACACCGCCAGACTCGCCGCCAGCACCACTACCTGCCTGCGCTCTTTACTCAATCTCCGCATCTCACCACTCTCCTACTCCCTACTCCCAACTCCCTACTCCCTACTCTTCAAAGATCTCTTCGATCGGCTTCCCAAACACCTTCGCAATCTTGAACGCCAGCGGCAGCGACGGGTCATACCTCCCCGTCTCAATCGCGTTCACGCTCTGCCGGCTCACCTCCAACCGTTGCGCAAGCGCCTCCTGCGAGAGCCCAAGTTCTCCACGCAGCTGCTTCAGACGGTTATTCATCGGTAGCTCTGTCCCTGAGCTTCTGAACGCCATTCGCAATCCCAAACGCCAAACAAAAGGTCACAAAGCACACAAACGGCGGGAACGCCGGCGCATGAGCATACGCTCGCACAAAATCACTCACCACCAAAGGGCCCAACAATGCCGCAGTGGCGACCAGGAGTGACCGCATCATCCGCAACCGTAGATATTCATCGGTCTCTTCCTTCAGGTAGAGCCCCATGTTCACCATCACCAAAATGATGGGAACCGCTGGCAGCACCGCCCATAGATACAGCGGCCAGCCCTGCGGACTGACATGCTTCACCAACCACACACACCCAAACAAGATCACAAAGTATCCAACCATCGCGCTTAGCGTCCGCTTCTGATACCGCTTCAACGCCGCGCTCTTATCCTGACAAAACATGCACAACCTCCGTCGCACTGACAAGCAAACTTTACGTCAAGCGTCCTTTCCATGTCAAGCACCCTTGTCACTATCTCTCAGTGCGATTCGCATCGCGCCTCTCGTTCCTCGCATCTCTATCCACGCTGTAACCTTGTACTCACACCCGGAGATCGTGGATGAACATCAACTTCGCCGAGCGCGCGCACAACCACAACTGGAAGCTCGACCCCATCGTGCGTTCCCTGCTCGACACCGACTTCTACAAGCTGCTGATGCTGCAGTTCATCTGGAAGAACTTCCCCCAGGTCCCGGTCACCAGTGAGATCCACAATCGCACCGTCAAGGTGCGCCTCGCCGAGCGCATCTCAACCTCTGCGCTCAAGGAGCAGCTCGACCACGTCCGCGGCCTACGCCTGCGCCGGTCGGAGCTCGTGTGGCTGACCGGTAACACCTTCTACGGAACGAAGCAGATCTTCCATCCCGACTTCCTCGCGTGGCTCGAAAACGACTTCCACCTCTCCGACTACGAGATATCCGAAGAAAAGACCGCAGGCCCAAACGGAGATAAAACCGGACAGCTTGTCCTGCGCTTCTCCGGCCTCTGGACCGAGGTCACCATGTGGGAGGTCTACGCGCTCGCCATCGTCAGCGAGATGAAGACCCGCGCCGCGCTCGCCGAGCTGAACGAGCTTGAGCTCGACGTGCTCTACGCCCGCGCGAAAACCCGCCTGTGGGACAAGATCGAGCTCCTGCGCACCGTCCCCGGCCTGCGGCTGTCGGACTTCGGCACACGTCGCCGCCACAGCTTTCTCTGGCAGGAGTACTGCGTGCAGGCGCTCTCCCGCGCACTCGGCCCCGCTCTCTCCGGCACCAGCAACACGGCGCTCGCTTACAAGCACGACCTCGAAGCCATCGGTACCAATGCGCATGAGCTGCCCATGGCGCTCGCCGCCATGGCCTCGCGCGGCTCCGACGACGACCTCCGCGCCAGCCAGTACAAAGTCCTCGAGCTGTGGGCGCGCAGCTACGACAACGAGCTGCTCATCACCCTGCCAGACACCTTCGGCACCACGCAGTTCCTCGAAGGCGCGCCCGACTGGGTCGCCCGCTGGACCGGCCAGCGCATCGACAGCAAAGACCCCTTCGTTGCCGGCGACGAGTACATCGCGTGGCTCATCCATCGCGGTCAGGACCCCCGCACCAAACGGCTCATCGCCTCCGACGGCCTCGACGTGCGCACTATCGTCCGCCTGCATGAGTACTTCAACGGCCGCATCCGCTTCTCCGCCGGCTGGGGTACGCTGCTCACCAACGACTTCCGCGACTGCCACCCACGCGGCCCCAGCGCCGAGCAGGACACCTTCGGCCCCATCTCGCTGGTCTGCAAACTCACCAGCGCCGACGGCATCCCCTGCGTCAAGCTCTCCGACAACCCCAACAAAGCCACCGGCCCCGCCGACCTCATCGAACGCTACCGCCGCGTCTTCGGCAGCCCGGTTCTTGCGGAAGAGCCCGTGCTCGTCTAACTGTACCGTATACGGTACAGTGGTTAAGTCGGGACGCTTCCACCATTGAGCATGAAACGGATCAACGCAGTCTTCTTCCGCACCGCTGCTGGCGGCGAACCCGTCCGCGAGTGGTTGAAGGCCATGCAGCCCATCGAAGACCGTAAGCGTATCGGTGTCGATATCAAGACAGTCGAATTTGGCTGGCCGATCGGCATGCCGACTTGTCGCTCTTTGCAGGGCGGCCTTTACGAGGTCCGTACAAACTTGACGCGCGGACGCATCGCTCGCGTTCTGTTTTATATCGACATAGAGGGCCGCATGGTCCTGCTGCATGGCTTCATCAAGAAGACACAGAAGACTCCGGACGAAGACCTTGCGCTCGCCCGCAAAAACAAACGGCAGCACCAAGAGGAGATGAGGACCACGCTATGAGCACGAAGAAAAAAACAGCTACTCACACGGGCAGCTCTTTTGACGACTTCCTCGAAGAAGAAGGAATCAAGAACGAAGTCGAGAGTATCGCCATCAAAAATGTGCTCGCGTGGCAGTTTGAGCGGGAGATGCTGAAGCAGCGAAAGACCAAGCAAAGCATGGCAAAAGAGCTGTGCACCAGCCGTTCGCAGCTGGACAGGCTCCTCGACCCCAAAAATACCGCAGTCTCACTCGAAACTCTTACCCGTGCTGCGAATGTTCTCGGAAAGCACCTTGTCTTCGAGATCCGCGATAGAAAACCCCGGCCCCGCAAAGTGGCTCTAGGACAAAGCCCCTAAAGCAGCAAGCGCCACTTACCCACGCACATACAGCCGATAGTCTCCAAACCGCGCATACTCACCCACCAGCTTCATCCCGGCATCGAGCACGCTACGCTCGATCGCCACCGGGTCCACCCCGCGCGCTGCAAGGATCGGCGCGTGATAATCCAGCA
NZ_CP046444.1_gap37	1065780	1066801	1021	TAGCCCCGGAGGACAGGCTACTCGCCTGCCTCAGGCTTTTTACGCGAAAACGTCCTCGGCGCGCCACTCGAAGGCCGCTTGGCACCGAACCCGCCCGGCTTCTTCCCACCAAACGATTTCTTCGCTCCGCCAAAGCCGCCCGCCGCACGCGGCTTATAAGGACGCTTACCCTCACTGCTCTCCGTCGGCGGAACCCACGGAGCCTTCGTAAACGGACGGTTCTCATGCCCCTCCGCACGCGGCTTGAATGGCCGCCTCGGAATCGTCCGCTCCACCGGCGGTCCGTCGATCGGCCCGTCATCCTTATACTTCGGCTTCGGAGCACGCTTCACAAACGGGCGGTCGCCCTCGGTCTTCCGCACATAGGGCCGCTTCGCTCCAAACGCAGGCTTGTCGCCACGATCAAACGTACGCGGCTTGAATGCCGGCCGCTCGCTACCCTCTTCCGTGCGTGGCCTATACGGACGCTTCGCCCCAAAACTCGGCTTGTCTCCGCGATCGAACGTACGCGGCTTGAACGCCGGACGCTCACCGCCCTCAGTCGTCCGAGGCGTATAAGGCCTCTTCGCACCAAAGCTCGGTTTATCGCCAAACGCCTTCTTCGCATACGGCTTATCGCCAAAGCTCTTCCGCGCAAACGGCTTGTCACCATCACGCTTCTCATAGCTACGCGGCTTGAACGCCGGCCGCTCGCCGCCCTCTTCGCCACGCGGCGTATAAGGACGCTTCGCCCCAAATCCCGGCTTGTCTCCAAACGCTTTCTTCGCATACGACTTCCGTTCAACCGGTTTCCCGTCGAACGTCCGCTTCTCGAACGACTTCGTCGCCTTCCGCACCGGCGTCCGCTTCTCTTCCGGCAACCCAGCCTGCTCGCGCGGCCCCAACGGCTCGCGATCTTCAGGCGCAGGCTTGCGAAACTTTGTGAACGAATCCTTCGGAGCAGCCGCCGTACGCGACTTGCGCTCCTCATCCCACGGCTTCGTAAACGCAGGCTTCGACCGCGCAAAAGCGGGCTTGCCCC
NZ_CP046444.1_gap38	1068623	1069462	839	CCCACCGGCTTCAACGAAGCCAGCCCATTCAGCGTTCCACTACTCTGGGTGCCCCGTTCATCGACAGCCTCACCGTCGATGAACGGGGTCGCACTATCCTCATACCCCACCGCAATCCCGCTCCCCTCAAAGCCCAGCCGTCCTGGAGACTCCGCCACCATCCGCCCGTGCAGCTCAAACGCCGCCACATCCACCGGCTCAATCGTCCCTTCACTCTCCGCCACCATCGCACGCGGCTCAAACACCGGCTGGTCGATCCCCGGCAGCGGCGACACATTCACCATCAAACTCGCGCTCGCCGTCGCCGACCCCTCCAGCGCCGTCAGAAAACTCGCCGCAGGCCGCGCCCGCATCAACGCCGTGCGTACCGTGTCGCGCACAAAATCATGCACAAACGATCCCTGCCTGAACCGCACCTCGGTCTTCGCTGGATGCACATTCACATCGATCTCCGCAGGCGGCATCTCCAGAAACAGCAGCACCACCGGGAACGACGTCGGCGGAATAATGTTCCGATACGCCTCCGTGAACGCATGAAGTATCAGCCGGTCGCGAATCAGCCTCCCATTCGCAAACACATAGATCGAGTTCCTGTTCAGCTTCTGCAGCTCCGGCTTGCTCACGAACCCGCTCACCCGCATCATCCCCGGCGCAGGTGGCTCATAGTCCTCCGGCCGCTTCCACGGCGGAGGCTCAGGAATCCCCGCCCGCGCAAAATCAATCTCCGCCGCCACCGGCACCAGGCTCTGAAACGTATCGCGCCCAAAGATCTGGAACAGCCGCTCGCTCGCATCAGCCACCGCAGGAGCCACCAGCAGCGCCTGCGTCGCGCTGTGCAG
NZ_CP046444.1_gap39	1127342	1132294	4952	GCAGGCAGCCTCTTCTAAATTCACGCTCTTCTTGCAAGAACACCCACCTTACTTCTGCCCGTGCGACGTCACCTTGCTCAGCAGAAACTCCTGCGCCAGCGCACTCAGCATGCGCCCGCCGGTATCGATCAGCGTCCCATTCACCACCAGGTGCGCCCCACGGTCCACTGGCGGGTAGTACACGTTCTCCAGTGCGCCCGAGAGCACATCGCCCCCAATGCTCGAGTAGTTGAACTCCGCCTTCCCGTTATCGCCGCGCGCAATAAACGGTGACTCGATCGCATGCAGCGCCCGCTCCTTCTTCGTTCCTGTGCCCTTGTAAAAATACCGCGGGTCCTGATGCAGCAGCGACGGCAGGATCGCTCCACCGATCATCACATCCGAAGCCGTGCCCGCATACGCTGCGCCATAGCGCTGCCCATATCCTTTCGCGCCCTGCACATATCCCGGCGTATCCGACGCCTGATAGATCCCCGCCACAAACGCCGAGCTCACCAGTGTCACCACATCCGTCGACGTACGCAACGCCAGCTTGAACTTCAGCTTCGTCGAAAGCGGCTGTGGGTCCGGCGAGTAACTCACATAAAAGTTCGGAATAACGCCCAGCACGCGCTGGTGCTCCTCAGCATGGACCTGCTCCACCGCCAACTGCTCCGTGGTCTCAGCCGTCACCGCCGTCACCACCGTCGAAACCTTCAACGGAATCTGCTTCAGGTCCAGGTACTGCCCTGGCTGCAACTGCACCGTCGAAGTCCACACACTGAACCCGTCTTCACTCACCGTCGCGCTGTACGGCACAGCGGGCTGCACGCCCGTCACCTGAAAGAAACCGCTCTCATCAGACTTGATCGCACGGCGGTCCTCCGGTGTAGGCCCCTGCAGTACCACTGTCGCTCCAGGAATTGCCGCTCCATCTGTATCGGTTACTGTTCCCGTCACCGTCCCGGTCTGCGGCGTCGGCGCGGACACCTGCACCTCCGCCGACGCTACTGTCATCACCGGCGCGGTCGCTTGCTGGCTCACTGCTGACACACACATCCCCATCAGCACAAAAAAAGAAATTAAATGTCTTGGATTCATAAGTGTTTTAACAACGCGAAGAAATCGCGATAAGCGTTCTCAGCTCTCCGTATATAGACGTATCCCAGCACGCCTCCGGTGCAAAAAGATGTGCTCGCACACCATTACTTCAGGCACACTCTCCACGTCTCGATCGCCTCGCTTCTGCGAAAATAGACAGGTGAAGAAGATCGCCCTGCTCGGTTCCACCGGCTCCATCGGCCAAAGCACTCTCTCCCTCTGCGAGTCCTATCCCGACCGCTTTCATCCCGTCACTCTCGCCGCAGGCTCCAACCTCGACGTCGCCTTCGCCCAGTGCGTCCGCTGGCGTCCGCAGCTCATCTCCATCGCCACTGAAGAGCTTGCAACCAAACTAACCACCAAGCTCCGCGAAGCCGGCATCACCGGCATCGAAGTCGTGCATGGCACTGCCGGCACCGTCCGCGTGGCCACGCACCCTGACGCCAACTTCGTCGTCTCCGCCATCGTCGGAGTCGCCGGGCTCGAAGCCACATACGCAGCCGTCCTCAGCGGAAAAACCGTCGGCCTCGCCAACAAGGAATGCCTCGTCGCCGCCGGCGACCTCATCCTCGCGGCCGCACGCGAGCGCAATGTAGACCTCCTCCCCATCGACTCCGAGCACAACGCCATCCACCAGTGCCTCCGCGGCGGCCAGCCCAATGAAGTCAAACAGATATGGCTCACCGCCTCCGGTGGTCCCTTTCGCAACACCCCGCTCGCCGACTTCGACCACATCACCCCCGCCCAGGCCCTCAAGCACCCCACCTGGGTCATGGGTCAGCGCATCACCGTCGATTCAGCCACCCTGCTGAACAAAGGCCTCGAGCTCATCGAAGCCTGCCGCCTCTTCAACCTCCCGCCTGAACGCGTCCGCGTCACCGTGCATCCCCAGTCCACCATCCACTCGCTCGTAGAATTCATCGACGGCAGCATCCTCGCGCAGATATCGGTCACCGACATGCGCCTGCCCATCCTCTATGCTCTGTCCTATCCCGACCGCATCGCCGTCGAGGGCAAAACCCCGCTCACCTTCGACCTCGCTGCATTGAGCCAATTGGACTTCCAGCCACCCGACTTCGAGCGCTTCCCTTGCCTCCGCCTCGCCTACCAGGCCGCCGGAGCCAGCCAGAACCACTGCATCGCCCTCAATGCCTCCGATGAAATCGCCGTCGACGCGTTCCTCAACGGAAAACTCCCCTTCCTCGGAATCCCGCGTACAATCGAGAAGGTGCTGGAAAACACTCCCACAGGCTCGCCCGCATCGATTCAGGAGGTCCTCTCTGCCGACCTCCGCGCCCGCGACCTCGCACGCACCTACCTCCCCTGACACTCCTGAGCACACATGAACCTCTTTCACCATCTCTCTGCCTCTCTCTCCCACGGGCTCTTTGTCGTGGTTCTCTTCGCCATCGTGCTCGGCATCATGGTGCTCGTCCATGAGTTCGGCCACTTCATCGTCGCCAAAATGTGCGGCGTCCGCATCGAGACCTTCGCCATCGGCTTCGGCACCCGCCTCTTCGGCTACGTCTACAACGGCACCGACTACTGCATCCGCGCCTTGCCCCTCGGCGGCTACGTCAAAATGGCAGGCGAGATGGGCGGCGACTCCGGCACCGGCGCGCCCGACGAGTTCACCTCCAAGACCCGCTTCCAGCGCATCCTCATCGCCCTCGCTGGCCCCGCCGCCAACTTCGCGCTGTCTGTCTTCCTCATGACCTGCGCGGCCCACTACCACCACGAGATCGACAAGTACCTCAACGGCCCCGCTCTCGTCGACTACGTGCCCACGCAGTCCGCTGCTGCTCAGGCTGGCCTCCACACCGGCGACACCATCACCCGCTTCAACAACGTCGTCAACCCCACCTGGGAGCAGATCCTCGACGAGACGGCCCTCAATCTCAACAGCGCCGTCCCCATCTCGTTCACGGACAACGGCCACACCGTCACCTCTAGCATTCACCTCAACGGCGGCGCCGACGGCGGCCTCACCTCCGACCCCCTCACGGACTCCGGCCTCATCCCGCAGCAGCAGGCCGAGCCCATCACCATCAACTCCGTTGCCAGCGGCACACCCGCCGCGGCCGCGGGCATCAAGCCCGACGACCAGATCGCCCGCATCAACGATCTCGCGCCGCACTCCCTCGACACGCTCCACGCCTATCTCAAGGACCAGAACGGCGCACCCGAGACCCTCAATCTCATCCGCAACGGCCAGCCGCTAACCATCCACGTCACTCCGGCGCTCGTCTCTGTAGACGCCTCCGGCAAGCAGTATCAGATCGGCGTCACCCTCAAGCCGCCACCGGTCGACGTCGTCCAGCTCCCCCTCGGCAAGTCCATCAAGGAGTCGCTGCAGGACAACGCCTCCAAGTCGCTTCTTCTCGTCCGCATCCTGCAGGGCCTCTTCACCCGCCACGTCTCCGTCAAGCAGATGTCCGGCCCCGTCGGCATCGCGCAGCAGATCGACATCGCCTTCCAGCTCGGCATCTGGCCGCTCGTTGAGATGACCAGCTTCATCTCCATCAACCTGGCCATCTTCAATCTCCTGCCCATCCCACCGCTCGACGGCGGCATGATCTTCTTCCTCCTCATCGAGAGCATCATGCGTCGCGACGTCAACCAGGAGCTCAAGGAGCGCGTCTACCAGATCGCCTTCGTCTGCATCCTCTGCATGTTCGTCTTCGTCATGTTCAACGACATCACCAGGCTCCACCTCGGCCACTAGCCACAATAACGCAATCAAAAGGGCGAACGACTACCAGTCGTTCGCCCTTTCTGCCTTTGTCTTTCTTCTTTGTCATTCCCGCAGGGAATCTGCTTCTCGCCCGCCCATCCTCTCGGTGCCCACAGCTACCAGAGCCGCACGCGGTCCTTCGGCGCAACATATAGCTTGTCGCCCGGCTTCACATCGAACGCGCTGTACCACGCATCGTTGTTGCGGACTTCGCCATTCACCCGCGGCTCTGCCGGTGGATGCGGATCATCCGCCAGTTGCTGCCGCAGCGCATCTTCGCGCCGCTTCGTACGCCAGACCTGCGCGCAGCTCAAAAAGAACCGCTGATCTCCCGTCGTGCCGTCGAGCACGGCCGCGGGCTGTCCGCTCAGCGAACGGTGATACGCATCGAGCGCAATCGCCACCCCGCCCATGTCCGCAATGTCCTCACCCAGCGTCAGCCTGCCGTTCACATGCACACCCGGCAGCGGTTCAAACGCAGAGTACTGCGCCGCCAGCTTGTCGGCCTGCACATTGAACTGTGCCGCGTCCTCTGCCGTCCACCAGTCGCGCAGTCGGCCCGTGTGGTCCACCTTGCGCCCCTGGTCATCGAACCCATGCGTCATCTCATGCCCAATCACCACCCCGATAGCGCCATAGTTCACCGCAGGATCAGCCGCGGGATCGAAGAACGGCGGTTGTAGAAACGCCGCCGGAAACACAATCGCATTCAGAGACCCTTCATTCATCGCAAAGTCGTCCTGCGGCAACAGGCCCCACGCCGCGCGGTCCGTCGGATGGTGCAACTGTTCGATCTGCTCATGCCAGTCCCACGCCCGGCCACGCTTCACATCTCCGTACAGGTCACCGCGTGTCACTGCAAACTCATACGTCCGCCAGCGCGACGGATAACCGACCTTGACGCCCATGGCATCCAGCTTGGCGATGGCCTCCTGCTTCGTCGCCGGAGACAGCCACACCGCATCCGCCAGCCGCGCACGGAACGCGCTCTTCAGGTTCGCCACCAGCTCCTCCATCGCCACCTTCGACGAAAGCGGGAAATACCGCTCCACATAGAGCCTGCCTACAGCCTCACCCAGCGCGTCATTCTCCACCTGCAGCGCTCGCTTCCAACGCGGCGTCAGCTCCTGTTGCCCCG
NZ_CP046444.1_gap40	1165619	1166783	1164	CACCTGCGGTCTGAACGCCCGCAGCAGCCCTACACAATGCAGCACACCCAGCGGCACATCCAGCGCAGTCCGCAGCTTGGTCATCAGGCTCACGTTCTTCAGCTGCCCACTGCGCACCAGCTCCAGCTTGAACCCGGCCTCCGGCACCAGCTTCGTTTCAATCCCACGCGACGTCCCCACAAACCGCACTTCGGCCCCATGCGCATCCCGCAGCCGACGCCCAATCGCCAGCGCCGGCACCACATGCCCACCCGTGCCCCCACCGGCAATCATCACCCGCAACGAATTGGAACTATTCCCTATTCCCTACCCCCTATTCCCTGCTCTCAATCAATCTCACGAGTCACATTCAACAGCACGCCCATGCACGCCAACGTAACAAACACACTCGTCCCGCCCGACGAGATCAGCGGCAACGGAATCCCTTTCGTCGGCACCAGCGCCAGCACCACGCTAATGTTGAAGAACGCCTGCACCAGCAGCGCCGTCGTCAGCCCAAACGCCAGGAACCGCGCAAACGGGTCCGTCGATAAAAACGCCGCCCGCAGCCCGCGATACCCCACGATGCAAAACGCCGCCACCACACACAGCGCGCCGATCAAACCCAGCTCCTCGCAGATGTTCGCGAAGATAAAGTCCGTATGCGGCTCCGGCAGATAAAACAGCTTCTGCACACCCTCCATCAGCCCTCGTCCATAGATGCCGCCCGACCCCACCGCAATCAGCGACTGCAAAATGTGAAACCCCGCACCCTTGGGATCGGCCTCAGGATTCAGAAACACCTTCATGCGCGCGGCCCGCCATGAAACATGAAACAGCATCCAGTACATCACAGGCGCCGCACACGCAGCAGCCACCGCGATCCACCGCAGCGGCAGCCCCGCCAGAAACAGCATGAACACCACCACCGCCGCGCACACCAGCGCGGTGCCAAGGTCTGGCTCCTTCAAAATCAGCGCAATGAACACCAGCGGCGGAATCACTGCCGGTAGAATCGTCTCCTTGATGTTGTCGATCGCGTGGATGCGTGTCTGCAGAAACCACGCCAGGAAGAACACAATCATCGGCTTGGCCAGCTCCGAAGGCTGCAACGTAGCCGGCCCCAGCGGTATCCAGCGGTGCGCTCCATTCACCTTGCCGCGCATCACAAACACTGCAAGAAGC
NZ_CP046444.1_gap41	1321032	1325189	4157	CGGCATTCCGTCCGTCGGAATCGACTGGCTCAACTATGGCGGTCTCACCCGCGACGTCTCCCTCCTCACCGTCCCCACCGCCTTCATCGACGACTACGATGTCCACCTCGCCCACGGCCCCGCCTGGCAGCCCGGCAACAAACAGCTCACCGGCTACATCCACATCCTCAACGCGACCGCCAACACGCCCGTCACCCTCGACATCCCCGAGGCCGGCATCCACACCACGCTCCACACCGACGCCGACGGCCGCGCGCCCTTCACCGTCACCGCCAGCAAGCTCACCCTCTGGTCACCCGACTCACCGAAGCTCTACAAGGTCACTCTCGCCACCGGCACTGGCGATCAACGCGACTCCATCACCGACGACATCGGCTTCCGCGACATACGCGTCGATGGGACGCATATCCTCCTCAACGGCAAGCCCATCTATCTGCAAGGCGTAAACCTCCACGCCGAAGCCCCTATCCGCGGCGGCCGCGTCGACAACGACCAGGACGTCTCCATCCTCTTCGGCTACCTCAAAGACCTCAACGCCAACTTCGTCCGCCTCGCCCACTACCCGCACGACGAGCGCATGGAGCGCGCAGCCGACCGCGACGGCATCATGATCTGGTCTGAGATCCCCCTCTGGCAGCACATCTCCTTTGACAAGCCCGAGGTCTACGCCAAAGCCGTCACCATGCTCAAGGAGATGATCCGCCGCGACCGCAACAAGGCCTCCGTCATCCTCTGGTCCATCTCCAACGAGACACCCAACAACCCCACCCGCACCCAGTTCCTCACCAACTTAGCCAACGAAGCACGCGCCCTCGACCCCACCCGCCCCATCACCTCCGCGCTCAACACCGCCCACATCGAAGGCACCACTGCTACGCTGCCTGACCCCTTCGCCAACGCCCTCGATGTCGTCGGCGTCAATCAGTACATCGGCTGGTACACCGGCACGCCCGAAAGCGCCGACAAGATCCAGTGGACGCTCCCGCAGAAGCCAATCATCGCCAGCGAGTTCGGCGCCGAAGCCAAACAGGGCAACCACGGAACGGTCAATCAGCGATGGACCGAAGAGCAACAGGTCTTCGTCCTCCAGCACCAGTTCACCATGCTCTCCAAAATCCCTCAGCTCCGCGGCGACACTCCCTGGATACTCATGGACTTCCGCTCCCCCACCCGCAACATCCCCAAGCTACAGGACGGCTACAACCGCAAGGGTCTCATCTCCGAAGACGGCAAGAAGAAGGAAGCCTTCTACTTCGTCCAGAAGACCTACAAGGAGCACTCCGTCGGCAAACCTTGACGACAGCATGGAATTCTCTGCTTATAATTGCACCATGCCAAAGCTCCCGGCCGTCGACATCAACGATATCCGCTCCGTCACAGACTTCCAGCGCAACGCGAAAAAGCATGTTGCCCGCCTCCGCAAGACCAAAGCTCCCATGGTTCTTACAGTCAACGGCAGCGCCGCCATCGTCGTTCAGGATGCCGCAACCTACCAGGACCTCTTGAACCGGGTGGACTCGCTTGAAGAAGAACATCGCTTTATAGCCGCCGTGAATGAGGGGCTCGCCGACGTCGAAGCCGGCAGAACGCGCCCATTTCGCGAGGCGTTCGCAGAAGCGGAGTTGAGACTTGGCATACGCCGTTAGAATGGCCGTCACTGCCATGCGCGATGCCGAGGAGTATCACGCCTACATCCTTGGGCAGAGCCATGACAACATCGCTGCCAATCAATGGTGGGACGGACTCTTCAAAGCCATAGCTTCGCTAGAGACGCTACCCGCACGGTGCCCACGCATTGAGGAACGGGGAAACTTCCGGCACCCCTTGCGGCAGCTTCTTTATGCTTCGCACCGGATTCTCTTTTGGGTAGACGCAAAGACGGTGCATGTTTTGCGTATCTATCCCTCTTCAGGCCGGCCCTTGCAGTCCCTGCAGCAACGTCCGAAGCACGGCAAAAGCCTGGACTGATAAACTAAAGTTAGTGAGCAACACCCCTACCCTCGAAATTCCAACAGCCCCCGAAACCGAGTTCTACCGCCCCAAGGTCGGCTTCGTCTCGCTCGGCTGCCCCAAGAACCTCGTCGACTCCGAGGTCATGATGGGCCTACTTCACCGTTCCGGTGCCGAGTTGACCCCCCGCGCTGAAGACGCCGAAATTCTCGTCGTCAACACCTGCTCCTTCATCGACTCCGCCAAGCAGGAATCAGTCGACACTATCCTCGAGATGGTGCAGCACAAGATCGCCAACGGTGGTCGCGCCCAGCGCCTCATCGTCGCTGGCTGTCTCGTCGAGCGCTATCGTGACGAAATCCGCAAGAACATCCCCGAAGTCGACGCCGTCGTAGGCACCGGCGAGCTAGAAGCCATCCTCGAAGCCGCAGGGCTCAACCGCCCCGCCCCCGCCGAAAACAACTCGCCCTTCGCCATCCTCACCTCGGCCCAAATCGAGCGCCACGCCAGCAGCGTCAACCAGCACTCCCGCCCGGAAGGCGACAGCCCTCAGCTCCGCCACGAGGCCGAATCGTCTTCTCTATCCTCTATCCCCTACTCTCTTTCCCCTGCTTCCAGAGCCGAAGGCGACGCCCGCGAGCAAGCCGGCCGCTTCTCCCGCGAAGCCTGGGACGGCGCCACCGCCGCCCTCCCCAGCTACCTCTACTCCGACGAGACCCCACGCATCCTCACCACTCCGCGCGCCTCGGCCTACATCAAGATCGCCGAAGGCTGCGACCACCCCTGCAGCTTCTGCATCATCCCGCAACTGCGCGGTAAGTTCCGCTCGCGCCCCATTGCCTCCATCGTCGCGGAAGCCAAATCCCTCATCGCACAAGGCGTCCGCGAGATCACCCTCATCGGCCAGGACACCACCTGCTACGGCGAAGACCTCCTTCCAAGCATCCCTCTCCATACCCATGAAGTGTCATCTCGACCGAAGCGCAGCGAAGCGGAGAGACCTGCAGTTGGGACCGCCACAAATCTCCGTCGCCCCGAACTCGCCGATCTCCTCGAAGCCCTCGCCCCACTCCCCGGTCTTAAGTGGCTGCGCTTCCTCTACGCCTATCCCAACAAGATCACCACGCGCCTGCTCGAAACCATCGCACGCCACGACACCATCGCAAAGTACCTCGACGTCCCGCTGCAACACGCCAGCGCCAGCGTCCTCCGCCGCATGAAGCGTGGCGGCTCCGCCGACCGTTTCCTCCAGATCATCGACAAGGCCCGCGCCACCGTCCCCGGCCTCGTCCTCCGCACCAGCTTCATCGTCGGCTTCCCCGGCGAAACAGAAGAAGACTTCGCCGAGCTCATGACCTTCGTCGAAGCCGCTCGCATCGACTGGCTAGGCGTCTTCAGCTACTCCGACGAAGAAGGCGCAGGCGCCTTCGCACTCGACCAGAAGGTCCCGAAGCGCACCATCGAGTCCCGCCGCAAGAAGCTGATGAAGCTCCAGCAAAAAATCAGCAAGCGAGCCCGCGCAGCCTGGGTTGGCTGCGAACTCGACATCCTTGTCGAAGGCGAGTCCGAAGAGACCGAGCTCCTCTGGCAGGGCCGCTCCCTCGAGATGGCCCCTGAGATCGACGGCAAAGTCCTCATCAACGACTTCGGTCCTCACGAGTCCTTAGTCCCCGGCACCTTCTACCGCGCCGAAATCACCGAGTCCCACGACTACGACGTAGTCGCCCGCATCATCGAATAAAGGCATGCCGCCCAGCAGAAAGGGCCCCACACGGGGCCCTTCGCCGTCACTGTCTCCATCTGCAAATTACATGCCACCGTTGCCGTTGTTATGCGCAAGCGCGGCCTTGTAGCCCTCGGTAAACGAGCTGCGATACGCTTCGCGGTCAGCCGACTTCTTCACGGGGGGGTGGTTGTAAAGGTAGGAAGTCTTGGGGTCTACCGGGCGCTTCGCTACCGTATCCAGCTTTGCTGCCTCGATGCCGTCCTTGTAAGCCTGGCCCTGTTCTGTGCCGGCCGGCGGCGTCGTCCAGTCATTCTGGGTGCTGTTCTGGGTCTGGTTCTGCGTCTGGGCCGCCATCACCATCGGGGCGGTCATCATCGTCACTGCGATCAGCGACGTTGCGATACGGGAAAACTTGCTCATCGGATGCCTCTTACTGCTTGATACCAACGACGTCGTGGTCGTGGCTTTGTTGCTGGCGATC
NZ_CP046444.1_gap42	1346818	1351490	4672	CCGCCGCATCCTCAAGCCCGACGGCTGGGTCACTCTCGTCTCCATCGGCCGCGCCAAAGACGACTCCCCGCAGTCTCGCGACTTCGAGCGGCTACTCATCGACCACGGCACCGACTACACCTATGTACGCGCCGGCTACCGCATTCACGAAGACCTGCACACCCTCTTCACCCGCGACTGGCACCACGAAGAAATTGACGGAGAACTCGCACATGACTGGGACGCCTTCCTAGGCCACGCCATGTCACTCTCCATGACCCCCAAGCCCGACGACCCGCGCTTCCCGCCCTTCCTTCGCGCACTCGAAGACTTCTTCCACCGTTACGCCATCAATGATGCTCTCACCCAACCCACTACCTGCTGGATCAGCGCCGGCCGCTTCGCATAGCCGCCAGCCTCAGCACTCGATAATATTCAGCGCGAGTCCAGCCAGACTCGTCTCCTTATACCGCGACTGCATGTCCATCCCCGTGCGGTACATCGTCTCGATCACCTGATCGAGCGACACCTTATGCACGCCCTGATCATTCATCGCCAGCCGCGCCGCATTCACCGCCTTCACCGCACCCATCCCATTGCGCTCGATGCAAGGAATCTGTACTAGCCCACCAATCGGATCGCACGTCATCCCCAGGTTGTGCTCCATCGCAATCTCCGCCGCGCCCTCCACCGCGCGAGCATCACCACCCAACGCCGCCACCAACCCACCCGCCGCCATCGAACACGCCACGCCCACCTCACCCTGGCACCCTACCTCCGCACCGCTGATCGAAGCATTCTCCTTGTACAGAATCCCAATCGCCGCCGCCGTCAAAAAATACCGCAGCAACCCCGCCTCTCGCTCGCTCTCACTCAACTCATCCGAAGCATGATGCAGATAGTAGTACGCAATCGCCGGCACCACTCCCGCCGCGCCGTTCGTCGGAGCCGTCACCACACGCCCACCCGCTGCATTCTCCTCATTCACCGCCATCGCCACCAGCGTCACACTATCCAGCGGCGCCAGTGGATCGCGAACTTTGCCAGCCTCATCCATCGCCGCCAACCGCCGCGCCAACCCTGGCGCTCGCCTCCGCACATTCAGCCCACCCGGTAACGTCCCTTCGGTCGTCTTCCCGCGTTCGATGCTCTCCGCCATCGTCCCCCACAACGACAGGATCGCCGACTTCACCAGTTCCTCCGGTGTCAGGGCATTCATCGGCGGCGCAATCGTGTTTCCCGGTCGCTCCGGCGAAATAATTCTCTCTACCCGCCGCAGAATCGTCGCATCCTTCAGCAGCGCCATCTCATTCGCCAGCACCATCTCCGCAATTGTCAGCCCGTGCTCATCGCTCAACCACAGCAACTCATCCGCACTCGAAAACGGATACGGCACATCGCGCTTCTTCACGCCACCATCAGCCGCAGCAAACTCCTCCGCGGTCAAAATAAACCCACCACCCACCGAGTAGTACACCTGCGAAAACACCACGCATCCTTCCGCATTAAGCGCCGTAAACCGCATCCCATTCGGATGCGTCTCCACACCTGCCTCCGGATACATCTGGTCGCGGTGAAACCGTAGGTCCACCGCAGGGTCGAACCGCACCGCATGCTCCCCCAGCAGCTTCAGCATCTTCGTCTCTCGCAGCGCCTCAAGCCGGGCATCAATCGTCTGCAGGTCCACAGTATCCGGCGACTCCTCCAGCAGCCCCATCATCACCGCGCGGTCAGTCGCATGCCCAATGCCCGTCAACGCCAGCGACCCATACAAGTCCACAGCGAGCGCAGCGGTGGATACATTGCCTGCCACACCAAACTCGCCACGCCGTGCCAGCTCACGCACAAAACTCAACGCCGCCCGCATCGGCCCCACCGTATGCGAGCTCGAAGGCCCGATCCCCACCTTGAACAACTCAAACAAACTCGTATTCATCGTCATTCACCAGCTTCGATTGTAGGCGCTGTATCTTGGCCTTTGTCTTCACGCGAACAGCCTGCATCTTCCCCAGCGTATGCCGGTGCGCCGTCTCCAGCCCGCCCGCCAACACACTCTCCGGCGCATCGAGCATCACCAGCGTCGCCCCAGTCCTTCCCCACCCACCCGGCACAACAGAAAAATACTCCGGCGCTTCCTCAAGAAACGCAGCCTGCTGCTCCGCATCGAGCATCAAGGTTCCTTGCCCCTTACTCTCATACGCCAGCGTCGCAAAGATCCTCCGCTTCCCAGCAAGTTCAATCCGAAAATCCGCAGCCCTCATATGCGAGTCCTCCACCACATATGGCAACGCGAGCGCCAATCGTCTATAGGTCGCAGAGACACCCGTACTCTTCTTCGCGACACTCTTCTTAGCAACTGCCTTCGTCACGGCTTTCATCGCCGTCTTCTTCACCGGAACCAGCTTCCGCGCCATCATGTCATCGCCTCCACCTTCGCCGGGATGCTACACTTGCCGCACCTCCGGCCTCAAGGACAGACCAGGCAAATGCTCTTCAAAGCCCGCAGCGCAGCCGTCTACGGCATCGACGCCCACATCATTGACGTAGAAGTCGACTTCGGCGCCCAGGTTGAAAAAGAGATCTTTGCCACCGTCGGTCTCCCCGACGCCGCCGTCCGCGAGTCCCGCGACCGCGTCCGCTCAGCCATCAAGAACTCCGGCTTCGACATCCCGCCCACCCGCATCACCATCAACCTCGCACCCGCCGATCTCAAAAAAGAAGGCTCCGGCTTCGATCTCCCCATCGCCATCGGCATCCTCGGCGCCTACGGCGGTCTCTCCATCAAAGACCTCTCCGACTTCGTCCTCGTCGGCGAGCTTGGGCTCGACGGCTCGCTCCGCGCCGTGCAGGGCATGCTGCCCATCGCCATAGCCGCCCGCGCCGCAAAGATCAAGAATCTCATCATCCCCGCTGCCAACGCGCGCGAAGCCGCCGTCGTCGAAGGTGTCAACGTCTACCCCGTGCGCTCCCTTCTAGAAGTCCGCGAGCTGCTCAACTCCACTACGCAGGGTAACCTCTTTATCCAGCCGCTCAAGGTCAACACCTCCACGCTCCTCTCCGAAGCCGTTGAATACCACGCCGACTTCCGCGACGTCCGCGGGCAGCACGTCGCCAAGCGTGCACTCGAGGTCGCCGCCGCTGGCGGTCACAACATCCTCATGATCGGCCCACCCGGCAGCGGCAAGACCATGCTCGCAAAACGCCTCCCCTCGATCCTCGCTCCGCTACGTTTTGAAGAAGCCCTCGAAACCACCAAGATCCACTCCGTCGCCGGTGTCCTCGATAAAGATGCCGGCCTCGTCACTCACCGCCCCTTCCGCAGCCCGCACCACACCATCTCCGACGCAGGCCTCATCGGCGGCGGCATGATCCCGCGCCCCGGCGAGGTGTCTCTGGCACATAACGGCTTGTTGTTTTTAGATGAGCTACCCGAGTTCCCCCGCAACGTCCTCGAGGTCCTCCGCCAGCCGCTCGAAGACGGCAACGTCACCATCTCGCGCGCCGCCATGTCGCTCAGCTTCCCCGCCCGCTTCATGCTCGCCGCCGCCATGAATCCCTGCCCCTGCGGCTACTTCAACGATCCCTCGCGCGACTGCATGTGCACCCCGCCCATGATCCAGCGTTACGTCTCCAAAGTCTCCGGCCCGCTCCTCGACCGCATCGACATCCACATCGAGGTCCCAGCCGTGCAGTACAAAGAGCTCCGCAGCGGCACCGCCGCCGAAGGCTCAGCCGAGATCCGCACTCGCGTCCTCGCCGCCCGCGAGCGTCAGCACCAGCGCTTCCTCGAACACCCCACACGAGTCCCCACCACCACCCGCCCTGCTGGCCGCGCCGTCTTCTCCAACTCGCAGATGACTACCCAGCAGATCCGCACCTTCTGCGAGCTCGCCTCCGACGCCGAACGCCTCCTCGAGCGCGCCATGCTGCAGCAAGGCCTCTCCGCACGCGCCCACGACCGCATCCTCAAAGTCGCCCGCACCATCGCCGACCTCGACGCCGCACCCACCATCGCCGTCAAGCACATCGCCGAGGCCATCCAGTACCGCACCCTCGACAGAAGCTACTGGGCCTAACTGTCGTCCGGAGCTTCATCGACCACCGGGGTCTTCAATTTGGCACAAGCCTTGCCTGACACCCCCAAATTCCCGTTTTCTGTATATGCAGCCGTCAATTCTTCCTAAAAAAAGATTGACCTCGGGGTCATGAAGCCTTATCTTGCTAGATGTAGGGAACAAACAGCCATCTACAGCTATCTAGACTCTATCTCCTTTGGTGTCCGGACTTAGCTCGTAAGTCAAGTGGTCTGTCTCCTTGCTAAGCCTTTCTTGCAGCTATCTGGAAAGCGATGTTCCGCGTCTGCGCGGATGGCCTTTCTGTCGTCTGCTTGCGAGCCTTACAGTCACAGCTACAGGATTCAACTCATTGCAAGGCATGAATTTACCTGCTGCCGTCTTGCGTAGCAGGAACGTTTTTGATGCAACTTGGCTCCGGCCTGCGCATCTACTAATTAACCGACTTCACGGTTCTGCCCGGCTCTAACTGCCCGCTGAACCCCGAGGCAAGACAAACGGACGCGCATTGCCTTCCGACGCCCACCGCCTCAATACCCAGGAGATTTCACTTCTATGCGCTCAGACCTGATCTTTGGTGCACTCACCCACGTCAACAATCGCTACAAGCTCTGTCAACT
NZ_CP046444.1_gap43	1352639	1356440	3801	TCGACGAGCGCCCGGAAGAAGTCACCGACATGCAGCGCAGCGTCAAGGGCGAAGTCATCTCATCCACCTTCGACGAACCCGCCGCCCGTCACGTCCAGGTCGCCGAGATGGTCATCGAAAAGGCCAAGCGTCTCGTAGAGCACAAGCGCGACGTCGTCATCCTGCTCGACTCCATCACCCGCCTCGCGCGCGCTTACAACACCATCGTTCCGCCCTCGGGCAAAGTCCTCTCCGGCGGTGTCGACTCCAACGCGCTGCAGCGCCCCAAGCGCTTCTTCGGTGCCGCCCGCAACATCGAAGAAGGCGGCAGCTTGACGATCATCGCCTCCGCCCTCATCGACACCGGTTCGCGCATGGATGAAGTCATCTTCGAGGAGTTCAAGGGTACCGGCAACATGGAAGTCATCCTCGACCGCAAGCTCGTCGACAAGCGTGTCTTCCCGGCCATCGACATCCAGCGCAGCGGCACTCGCAAGGAAGAGCTACTCATCCCCAAGGATGACCTCCAGCGCACCTGGATTCTCCGCAAGGTCCTCAACCCGCTGTCGCCCGTCGAAGCCATGGAGCTTCTCTCCGACAAGCTCGGCAAGACCCGCAACAACCAGGAGTTCCTCCACAACATGAGCTCCCTCTAACCAAATCGCCCTACAAAAAGACGCCCCACATCCTTCCGGGAGTGGGGCGTTTTACATTGCGAAACTTTGCATCTTTACTTCGCGAACTCTGCGTGAGGCTTTTGCAACGGCACATCCGGCCCAGACTGCCCCGGACTCTCCCGAGCAGCTTCCCCCACCGCGCGGTACCGCAAATTCGGATACGCTTCCGGATACTTCTCCTTCACCCACTCCATCATCTCTTCGCGCACCAGACACTGCAGATCGAACGCTTGGCCCGAGTCTGCCGAACCCATCAAACACCGGATCTCCATGCTCTGCGCCGTCAGGTTCGTCACCTGGCATCCCACCACCGTGCCGTCCCACTGTGGCGCGGCCTTCACCACCCTCTCCAGCTGCGCGCGGACCTCCTTCACCGGCACCATGTAATCCAGATACAGATATGAGTACGTCAGAATATTCGCACTCTGCCGCGTCCAGTTCGCAAACGGGTTCTCGATAAACCAGCTCAGCGGCACAATCAGCCGCCGCAGGTCCCATATCTTCAGCACCACATAGGCACTCGTAATCTCTTCCACCCGGGCCCACTCACCCGCCACCACCACTACATCGTCAATCCGGATAGGCTCCGTCAGCGCAATCTGCAACCCAGCCAGAAAGTTCGACACCGTCGTCTTCGCCGCAGCCGCCAGCAACAAACTCGCCAACCCCGCCGACGCCAGCAGCCCGCTCCCAAAGTGCCACAACTGCGGATCGTTGAATGTCCACAGCATCGCACCCAGCGTCAGTATCCCCACCAGTGCAATCGTCACCCGCCGAAACAATTGGAACTGTGTATGCACACTCCGCGCACGGATATTGTCCGCTGCCTTCAGGTCATACTTTCGCAGCAGATAGTCCTGGACCACATACACCAGCCCCACCGCCAGCCATCCCAGCGCCAGCACCACCAGCATCCACACCGCGTGTTTGATGTCCTTCTCCAGCCACGCCGGCACTCCCGGCACAAACGGCAGCGCCACCTGCACGCACGTCAGCAGAAAGATCACCCGTGCCGGTTTCCCTAGGTGCTTCTGCAGCCCCCACCCCAGCATCGCTCCCGCCGCATCCTGTCGCTTCACTAGCCGAAACAACACAAAGTGCAGCAAATTCGCCAACACCAGCGCTCCGCAGAACAGGAACACCGCAAAAAACCACCCATGACGAAAGTGAAACCCCGCCATCCTTGCCTCCCCGCAGCGTCAACGCCCCGAGCCTCGTTAGACGCCCTCCCGCACCACCTTAGCTGCCTCCAATACCGTGCCGACGGCATAAAGCGTTCCTATTCTCACAATTCCCATTGCCCATCAGTCTCCTTACGGCTGCTACCCTAAGAGCCAAATGCCCAGCCTCATTCAGCGTTCTCTCGCAGCCTTCGCCGCTCTCGCTCTTCCTCTCGCCTGCGCCGCGCAAATGCCTCTGCGCATCGAGGTGACTGTCCCCTCCACGCAGCCCCTCAACGGACACCTCATCCTCGTCATCGCCAAAGCCGGCTCCACCGCACCCGTCCGTGGTGGCGGCGCTCGCGAACCCCGCTTCATGATCTCGGAGACCTACACCTCCGCACAGGGCTTCGGCGTCGATGCAAAGAACGCCCCTGCGAACACCCCTCTCATCATCGACGCCCAAACCATCGGCTACCCGCTCCCCAACCTCGCCGCGCTCCCCGCAGGCGACTACCTCGTCCAGGCCGTCTTCAACAAGTACGAGAAGTTCCACCTCGCCGACGGCCGCGACCTGTGGCTCCCGCCCGACCAGGGCGAAGGTCAACACTGGAACCGCAAGCCCGGCAATCCCTACAACGAGCCCGTCCGCATGCACATCGACCCCGCGTCCAAGGCTCCCATCAAGCTCACCCTCGACAAGATCATCCCACCCATCACCGGCACCGACGAAGATCCCGAAGTCATCGCGAAGCGCGACCCTGAAGCCGCAAAGTATCTCAAGTACATGAAGTTCAAGAGTGAAAAGCTCAGCAAGTTCTGGGGCCGCGACGTCTACCTTGGCGCATGGGTTCTCCTGCCCGCAGGCTTCGACGAGCACCCCGGCGCGCACTACCCGCTCGTCGTCTATCAGGACCACTTCCACGCCGGCTCGATCCCCTTCAACAGCAAGCCCATGGCTGGAGGCCGCGGCCGTCGTGGCGGCGGCAACGTCGACCGCGGCTTCGTCACCTATCAGGACTGGACCAATGGCACACTCCCACACGTCATCCTCCTCTACGTCCAAAACGCCAACCCGTACTACGACGACTCCTACGACGTCGACTCCGCCAACGTCGGCCCCTACGGTGCAGCGATTAACGAAGAGCTGATCCCCGCCGTCGAGAAGCAGTATCGCGGCATCGCCCAGGGCTGGGCCCGCGCTACCTACGGTGGCAGCACCGGCGGCTGGGAGTCCCTCGCCACGCAGGTCTTCTACCCCGACATGTACAACGGCGTCTGGTCCGCATGCCCCGACCCCGTCGACTTCCACGCCTACCAGAACATCAACCTCTACGACGACCCCAACGCCTTCTACCGCTCCGGCGACTTCGGCAAGGTCCCCGTCGGCGGCGACCGCAAACCCGACGGCTCACTCATCGCCACCGCCGAAGGCGAGTTCCGCTTCGAGTACGTCCTCGGCACCCACACCCGCTCCACCGAGCAGTGGGCCATCTGGCAGGCCGTCTTCTCCCCCGCCGGCCCCGACGGCTACCCCGCCGACGTCCTCGACTCCCTCACCGGCAAGATCGACCCCAGGGTTGTCGCCTACTGGCACGACCACTACGACCTCAACGCCTACATGCAGCGCAACTGGCCCACCCTCGGCCCTAAGCTCGAAGGCAAGATCCACATCGCCGTCGGCGACGGCGACACCTATTTCCTCAACAACGCCGTCCACCTGCTGCAAAAATCACTCGACGCCACCCGCAACCCGCACTCCGACGCGCAGTTCCAATACGGCCCCGGCGAACCCCACTGCTACACCGGCGGCCCCGTCGAGTACACCATGCAGCAGAACAACGCCAACTGGCTCCAGCGCGTCCTCCCCCAGATGACCGCCCACATGATCGCCACCGCCCCCAAAGGCGCCGACACCAGGAGCTGGGTCTACTAGCAAAGAGTGACGGCGCAACCATAGGCTGCGCCGTCGCCTTTCTCTTTCA
NZ_CP046444.1_gap44	1357833	1359048	1215	TTCTCCGCCAACCCCGAGGACTACACCGCCCGAGGCAAGATCGTCACACCACTCAAAGACCGCATCGGCAGCGAAATCCGCACCCACTACCCCGAGTCCGTCGACGAAGCCATCAGCATCACCGAGCAGGAAGCCTGGACCGCGCGCAGCTACGCCCCCGGCGACACCGCCATCCAGAACATCGTCATCCCGCACTACATCCGCCAGATCGTCGAGCAGGTCGCCTTCGTCGCTCGCGAGGACAAAAAAGTCGACAAGCGCAGCGGCGTCTCGCAGCGCCTGCCCATCTCCACGATGGAGCTCGTGCTCTCCAACGCCGAACGCCGTGCTCTGCTCCACGGCGAATCACTCGTCGTCCCCCGCGTCGGCGACCTCTTCGCCGCGCTCCCCGGCATCTCCGGCAAAATCGAGCTCGAATATGAAGGCGAGATGAAGGGTGCCGACACCGTCATCCGCGAGATCATCCGCCAGTCCGTCGCCAACATCTACGACGGCTACTTCGCGGACACCAATACGCAGCAGATCGAGCAGTGGTTCAACCTCGGCGGCTCCGTCGAGCTGAACGACAAGCAACCCGCACGCGAAGTCTTCAAGGAGCTCCAGGGCATCCAGGGCCTCTTCGAAAAGCTCTCGCCGCTCAAGATCAACGCGCGCACCCCGGTCGAAGTGGCCGTCTCCGCCGCCGAGTTCCTCCTCGAAGGCCTCACCGCCCACAAGAAGATCTCCCGCAGCGAAGCCCGCACCTTCACCGCCGGCGAAAAGCGTCGCCGCAACGAAGACGCCGCCCAGCTAGCCGAGCGCATGCGCGACAAACTACAGGAACGCGACCTAGACGACATCGCCCGCAACCGCACCCGCCGAGGCTTCAACTAAACTGTCGCGGCAGTTCTGTGAGTCGCTTTGAAAGGTACCCCGCATGGAACCAGCAGAGCCCAGCGTACAGGGTCCATCGAGTGGCTTGCCGCAATTGCGCATCGAACGAGAAAAGCACGGGAAGCATATTCCCGCACTCGACGGCCTTCGCGGTCTCGCGATCCTGATGGTCCTAGGTATGCATCTAGGCGGCGGACGCCACTCCTCGTTTCTCCTCATTCGAATCATCGCCGGTGCCATACGGATCGGTTGGTCCGGAGTGACTCTTTTCTTCGTTCTGTCCGGCTTCCTCATCAGCGGTATTCTCTGGGACTCTTTTCAGAAAGCCGGTTGGTGGAAGCG
NZ_CP046444.1_gap45	1490013	1494484	4471	TGCCCCACCCACCCGACGGCATCTTCTGCTTCAACGACGTCATCGCCATCGGCGTAGAAACCGCCGCCGCCGAACGCGGCGTCCGCATCCCCGATCAGGTCGCTCTCATTGGCTGCGGCAACCTCCACTACGACGACGCCATCCGCGTCCCGCTCTCCAGCATCGACCAGCGCAGCAGCGAGATCGGCACCCGCGTCGCAAAACTCATCCTCGAAATCGTCGCCGACAACGCCTCACCCGAACATCGCCGCATCACCCTGCAGCCCAAACTTGTGGAGCGCGCCTCCACAACCCTGTCAACCCATAAAGCGCCTGCCACACGCCGCAAACCCTCAAAGCAAAGCCATAAACCTCCGAAAAGCAAAAACATTTTCTCTGGCACAGCTTTCTAAAATAGAAGTAGGGCAGTAGAAGCAGGCCAGTTTCTTCGTCGGCACAGAGTCGTCATCTCGACCGGAGTATCGCCGTCTTATCGCGATGCGCAACGGAGACCCCCCGCCTTTGCCATTGCCTGTTTTCCATTGCGTCCTTTGCGGGCTTCTACACTGCGCCCTCTGCGTGAACGCTGTTGCCGTAGCAAGCGCCGCAGGCGCGAGCGTACCAACAGGATTTCCGCAAAGCCGTCGTGGATCAGACCTTCACAAGTCCACCACTAACCAGCTCCCCTTCAATATTTTCGATCAAAAAGTATCCGGGGGGGAGGGGTGGGGTCTCTACAGGCTCTGCGGCGCAATCTCCACCGAGTGTCGGCTCACCGTGAGGTCCGTCAGCCTCGGCACCAGGAACGAGAACAGAGCCACCACCATGAACGCCGCCGCCGGGAGCAGATAGCCCAGTGCAACACTCCCACTCAGCCGTGAGATCCATCCCATCGCCGGCGGAAAGATCGCCCCGCCCAGTATCGCCATCACCAGCAGGCTCCCGGCGAGCTTGGTGTCATCACCCAGCCCCTTCACGCCCAGCGCGAAGATCGTCGGATACATCACCGACATGAACAGGCTCACCACCAGGATCGCAATCGCCCCGCTCATCCCCGGATGTGCAACGACACCCACCAGCAGCAGTACATTGATCAGCGCATACACCCCGACCATCTTCGCCGGGCTCACATACCGCATCAGCGGCGTGGAAATCACCCGCCCCGCGGCAAAGGCCACCAGCGTCGCCGTCAGGAAGTACCCAGCCGGCCGGTCGCCCACAGTCGTATACGCCTTCAGGTAGGGGATAAGGGTGCTCCACACCCCAACCTGCGCACCGACATAGAAGAACTGCGCCACCACCGCAAACATCAGCCGCCCATTGCGAAACAGCCGCCCATAAGCTCCCTTGTGCGGCTGCGAAACCTGCGATGGATAACCAGCAAGCTCATTCGAGTCCAGGCTCTGCGGAAACTCTGCCCTGCTCAACAGCAGCGCCAGCACCAGCACCACCGCACCAATCGCCACATACGTCGGCACCACTCGCAGGATCTCCGAATGCAGGTACGCCGCATACGTCCCCTGCGCCTTCATCGCAGCCACCTGAACCGGAGACTTCTCCACACCGGAGAAGATGAACAGCGTCCCCACGATCACCCCCACAATCGTCCCCGGAGGATTGAACGCCTGCGCGAAGTTCAGCCGTTGCTCGCTCGTCTCCGGATCGCCGAACTGCGCAATCAGAGGATTGGCCGAGGTCTCCAGGATCGACGCGCCCGTCCCCACAATGAAGATGGCGATCAGGAACGGCGTGTACTGCCCAATCACCGCCGCCGGCCAGAACAGCAGCGTTCCCACACCGAACGTCACCAGCCCCACCACCAGGGCCACCTTGTACCCAAACCGCCGGCTCAGCAGCGCCGCTGGCGTCGCCATCACGAAGTACGCAAAAAAGTTCGCCGTCTGCACCAGTTGCGCCTGCAGCAAGCTCAGCTCAAAGCTCTTCTTGAACTGCTGCACCAGGATGTCGGTCAGGTTGTTCGACATTCCCCAAACGAAGAACACAATCGTCGTCAGCAGAAACGCAAGCATCCCCTTGCTGGGGAAGATTGAAGTTCGATGACTAGACTTGGTGCGTTGGCTCGTGGAATTGGGGGCGAGATGCATCCGTTCTCCCTAACGCGACTGTCGCGAGAGTTATGCGAATTGAACCATAATCTTGGTGAACCCGCTCGGATTGGCGCTCCACTCAGCCAGAATCGCCGTCGCATCTTCGCTCATGAGTTCAGAATTCCGACCAGGCTATATCCGCTAACTTTAGTGTTAACTTACTGGCATCTGAACCCTAACGGCTGCAAAATGCAGTTGTCAACCACTCCTCGCCGCACCGTAGTCGTACGGAGTAGAAACTGCCCTCAGTTCGTCTTCTTGATCTCGTTCTTGCCGATCTTCTTCGAGACCACAGCCGGCGTCGGCAACTGAGAAACATCCCAACCGCCACCCAACGCCTCTATCAACGAGACGGAAGCCGTCATCCGGTTGGTGCGCAGCGTGACCAGTGCCTGCTGATCAGTCAGCAGCGTCAACTGTGCTGTCATTACATCCACGTAAGGATCGACACCAGTGTCGTAGCGGCCCTGCTCCAGCTTCACATACTCCTGAGCAGACTGTTCAGCCGCCTCCTGCTGGCCAAGCTGCGTGGTCAGAATCCGTTCGGCGGCGAGTTCGTCCTCTACGTTTTGTACCGCTGCAAGTACAGCCTGTCGATAACTGGCGACATCAGCGTTATAGATAGATTCATACTGCCGGATCTCCGCACGGCGTAGACCAGCGTCGAAGACAGTTTCACTGACAGATGGCCCGACTGACCAGAAACGGCTCGACCAGTCCAGCAGCTTGGTGAAGGCGGAGCTCTCAAACCCGCCAGTCGTACTCAGAGTCACCGTAGGATAATACGCAGCGTATGCAACTCCGATCTCCGCATTGGCAGCCGCCATGGTACGTTCAGCCGCTGCAATGTCTGGTCGGCGCTCCAGCAGTTGCGACGGCAGGCCAACTGGAATCAGAGGCACCGTCACATCGACTGCCTTCGCATCGATCGCAAAGGTCGACGCGCTTTGCCCGGTCAGCATGGCAATAGCGTGCTCATACTGCGCGCGCAGAATGCCCAGGTTCGTATATGCCGCCTGTGCGTTCTGCAAGACATTCTTGGCTTCCACCACGGAAATGTAAGTGCCGATCCCAGCATCATAACTTGCCTGCACCAGATCCAGCGACTTTTGATCCGCCGCTACCGTCTGCTTGTACAAATCCAGAAGTGCGTCCTGCCCACGCAGCTGAAAGTAATATTCGGCGAGGCTGGCCTCTTCGGTAAGCTTTTCATTCTCCAGATCGGCCGCGCTTACCTGAGCGTTGTACTGCGCATTGCGGACCTCATTGCGGACCTTGCCCCACAGATCAGGAGCCCAGGACACCGTAGCCGGCAATTCGAACGTAGTATTCGTGGAACCACCAGTACCACCCGTCGCCCCAACAGTTCCACTTCCCAGGTTTGACGACGATTGGCCGTGCGAGATGGATGGCCCAACAGAGACGGTTGGGTAGTACTGTGAGCGCGCCTGCGCTATCAGCGTGCGGGCTTCCATGAAATCCGCGAAGTAGACTTTGATGGTCTGGTTATCGATGTTCAGCTTATCTTCCAGAGCATTCAAGTCCGGGTCATGGTAGATCTCCCACCACTTGCCGCGCAGCATGGCATCCTGCGGCTGTGCGATCTTCCAGTCGTCATTGCCGGTTGGCGCTTCTTTATAGGCAACGGGCGGTGCCTGGGCAATGGCCGGTGGCACGCTGTACCGAGGCCCGACTCTGCATCCTGCAGTGCCAAGCATTGTCACTGCCGAGAGTATTGCTGCCTGATAGCGTCGATTCGTCATAGTCGTTGCATCCAATAAATTAAATTCAAGAGATCGCAGAAGGCGCTGCCCCATCGGCGTGTGGCGTTCCTTCATGTGGCGAACCGTGCTGACGGCGGCCTTCTACCCACAGCCGAATCCGATCAAATGTCAGGTAAACCACAGGTGTCGTATAGAGCGTCAATAGCTGGCTCACAATGAGGCCGCCAACAATCGTGATGCCTAGAGGACGACGTAGTTCCGATCCTGTTCCTGTTCCAAAGGCCAGAGGAAGAGCGCCAAAGAGAGCGGCAGTCGTTGTCATGAGGATAGGCCGGAATCGCAGGATGCACGCTTGAAAGATAGCTTCTTCCGTCGAAAGACCCTGATCGCGTTCTGCCTGCAGAGCGAAGTCGATCATCATGATCGCATTCTTCTTCACAATGCCTATCAGTAGAACGATGCCTATGATTGAAATGACATTAAGATCCACGCCGAAGAACAAGAGAGCCAGCATGGCGCCCACGCTCGCCGACGGAAGCGTCGAGATAATTGTAAGTGGGTGTACCAGACTCTCGTACAGTATTCCCAACACAATGTACACCGCCAACAGCGCCGTAATCACCAGCACAGGCTCAGTACTCAGAGAGTCCTGGTAGGCCG
NZ_CP046444.1_gap46	1559412	1564375	4963	ATGGGTGATTGCTCGTAGATGTCACCACCTTTGACTGCCCCGCACATGACAATGTGATGGTTGCCACAGCTTTGGTCGGTGCCCTCGTTGTTGGAGCTGAGAGTGCGGCCGAAGTCGGAGGCGGTGAAGGTAGTTACATCGTTCTCCAGTCCCATTCAGGTGCGTACTTGATCGAAGTAGGTTAAGAAGCGTGCCCGATTATTTTGAGCCTGTGGTTTGAGGTTGGCCGACGCCTGAGGCTGCCTGTATTAATTCGTTCATCCCATCCAATATCGTGAAGCGAATGAGTGCGCTGGGTTTCTTGATTTCGTCCAGCTTGTTCGTTTGCTCTGTTGTCCAATCGGCTGGAGCCTTTTCGCCTTTGGCGAGATAGGCGAGTGCCTGTTGGCCCATGGCGGTGAGTTCGGTGAGTTGAGCGGCGCGGGTGGAGACTACAGCGAGGCGTGGCGACAACGGGAACTGCTGCTGCACCTGGGGGACAACGTTAGCAAGCTGCTTGAACCAGGCGTCGAGTGCAACTCGGTCCGCAGTATCTTCTTTCGGATTTGCGAGGAGGCGCGTGACGGCGAGTTCGAAGTTGTGGCGTGAGGGCGGGTCGGGACGCACGGCGTCCACGAAGCCGTCGAGAGGGGTGAGTTGGTCGGTGTGTTGCCCCTGGTAGCGATCATGGAACGGAACCGGCTCGAAGACAGAAGCGAAGGTGCGGAGCACGTCGATGTTTTCCGTGCCGGCGAGATTGCGCAGGGCTGCGTCCTCATAACTGATGTGCGTGAGGCCGAGACCTTCTAGCTCGATGGAGACCGGAATGAGGCGACGATACATATCGTTCACATCGCGCACATTCGCGGGTGACCAGAAGCGCTCGGCGATGGCCGCGGTGCGCGGCCAGATGCGGGAGTCGATGGTGCGTGCGTCGAGCTGCTCGCCCCACATGCAGACCTCTCCGCCGAGGATGAGCTTCTGCTCGGCAGGTGTGAGGTCTGAGCCGGATGGGATGGGATCGGCGAGGTAGTGAACGCCGGCAGGCTTCATGCCGTCGAGATAGTACGGCGCGGAGAGGATGCCTGCATAGCCTTCCTTTGCGCCCTTGGAGAGCGAGGCTTCGCCGCGCCATGATTGCACGACGATGTCCTTGGGCAGCGTGGGGGTGAGGATCTCGTCCCAGCCCATCATGTGCTTGTGCAGGCGAGTGAGGATCTTGAGCACGCGGGAGTTGAAGTAGGCCTGCAGCGCCTCGTTGTCCTTGAGGTGGTGCGCCTTCATGAAGGCGAGGATGCGCGGGTTGGTCTTCCAGTCGGGCGCGGGGGTTTCGTCGCCGCCGATGTGGACGTAGGCATCGGGGAAGATGGTCGACATCTCGGTGAGGAAGCGGTCGATGAAGACGTAGGTGGCATCGCGCGTGGGGTCGATGGCGGTGTTGCTGACGCCGAACTCGCGGCGGATCTCTGTAGGCGTGGTGCCGCTGGCGAGCTCAGGATAGGCGACGAGCCATGCGGTGCTGTGGCCGGGCATCTCGAACTCCGGCACGACTCGGATGCCGCGGGCGCGGGCGTAGGCGACGATCTCCTTTGCCTGCTCCTGCGTGTAGAAGAGGCCGTCGAAGCCGAGCTCAGTGAGTTTTGGATAGACATGGCTCTGCATGCGGAAGCCCTGGTCTTCCGTAAGGTGCCAGTGGAAGACGTTGAGCTTGACCGCGGCCATGCCGTCGAGCGTGCGCTTGATGACCGAGACAGGCTCGAAGTGACGGCCGCAGTCGATCATGAGGCCGCGCCAGCGAAAGCGGGGGGTGTCATGAATCGTGACTGCGGGGATGACGTAGCCACTGCCGTCTGGCTGCACGAGTTGCACGAACGTTTCGAGGCCGTGCATCGCGCCGAGATCGTTGGGCGCATCGATCTCGGCGCCGGTGGATGTGACGTGGAGCGAGTAGCTCTCGTCCTCGTCGATGGATTGAACGGGCGCTGAGAGGTGGTCAACCTTGACGATGAGCGGAGTTGTGCCCGCGACGCCTCGACCGGCGTGGCGCAGAGCGGCGGCGAACTCAATGCGGCGGACGGCGCGGTCGATGGCGCCGGTGAGGCGAGCGTCAGAGACGCCGGGAAGCTGGACAGCGAAGGTGGAGTGGAGCGCGAGGCCGCCGGAGCCGACGGTCATCTCTGCGGGCTGTGGCATGAGGTTGTTGTGAAACTGCACTTGAGCACTCGCGGGGATACTGCAGATGGCGCAGGCCAAGGCGGCGGCTGCGCCACGTTTCAACACTGTCAAAACGAATCACCTCATCGACGATATCGCCGCGCGGAGTGCTGCCTGTCCTGCGAATTGTTCCCAGGATATCGTTCCCAACACAGCGTGGTCACGATAAGGGTATCGCAAGCGAAGAAGGTGGCGCGAAGCGATGTGGAACCTCGCACGCACCTGTAAGACACAATGCCGATGGCTGATGCACGACTACGGCGTGGGTCCGTCTTCTTGTGGGACTTCCCTGCCTTCTCCGGGGAAGGGCCACTTGCGGTTGAGCGGTTGGGTCTCTTCGCGGACGGACTTGGGGATGTTGTTGATCTTAAGATTTTCGAACACATGGACGCCAAGTTTGCCTGCGCTGGCGAGGTCCATATCGCCATCATGATCAAAATCGGTGGCGACGAACTGCGTACCGGCGCTGGCCGTGCCGTTGACGGAGAGCGCCGTGCGGATGAAGAGCGGATCGTCAGCCGGGTCCGCAATACGCATGGTGCTGGAGACCTGCTTCTCACCAAGGTGGTGCGGGTGTGCGTGGGCCAGCGCGACCCCGGTGGGCAGCTTGTAGGCGTAGACGACGATGGGATCGTAGGAGCCGGGATCGTTGCCGGAGTGGCCGCGATAGCGCTTGCCGGTGATGAGCTCGGGCTTGCCGTTACCGTCGATATCGACGAGAGCGAGCGCGTGCGACTGCGAGAAGGACTCGTCGATGGTGTGGCGAACCCAGACGCGGTGCGCGGGTGTGCCGGACTGCTCAAGCCAGTAGAGACCATAGCCGTGGCCCTGGCCGTAGATGAGGTCCATCTTGCCGTCGTGGTTGACGTCGTAGCCGAGGATGGGAAAGCCGGTGTCGCCGAGATCCCATACCGGGTGCCACTTCCACTGATCGCGGTCGGCATCGATTTGCTCGAACCAGCCGTGCGGGGTGATGACGTCGGGCTTGCCGTCGCCGTTGATGTCGACGACGCCGATGCCGTGGCCGTCCTGCTCTTTGCCGCCGAGGTGATGGACGATGGGCTTGCTCTTGCTGAAGTCGACCCAGAGGATGCCGGAGCGGTTGTAGTGGGCGAGTGCGATGTCAGGCTTGCCATCGCCGTTGATGTCGGCGAAGGCGCCGCCTTCGGTATCGAAGCTGTCGGTGATCTTTTCGGCCTTCCACTGCTCGCCGGCGGCGGTGGCCTTAGGGCCGGGGTTGCGATACCACCAGAGGCCATTGGAGATCCAACCGGTGGTGATGAGGTCGGGCAGGCCGTCGTGATCGACGTCGACGATCCACTCGCCGCAGTCGGAGACGAACTCGTTGTGGATGCCGACGGTGCGGAACTGGTGCTGCTTCCAGTCGCCACCGTTGGCTCCGGGGTTCTGGTACCAGTAGGCGCCGCTGAGGAGGTCGGGGAAGCCGTCGCCGTTCATGTCGAGGACGGAGATGCCTTCGGCGTGGTCGGTGCCGAGGCGGTGCACGAGGAAGGCGATGCGCGGCTGGCCGCCGGGACCATCGCCAGGATGCTGCATGCGGAATTCGGTGGCGTGCGCGGGGTCCTGCGCGGAGGCGATGCCGCATGCAAGCGCAGGCAATAACAGCAGAGCGAGATGCTTCGAAGAGAGTTTCACGGAGAGCTCCATGGGGTTGAACAGCTAGACCAGCTTCATCGTTTCGGGGTTCCAGTGGACGACGCTGTCGCGTTCGACGCAGAGATTGCAGAGCAGGGCCGCACCGGCGGCGCGGAAGCCGAAGGTCGGGTCTTCAACAACAGGCTTGCGGCTGCGCACGGAGTTGAAGAAGTTGTGGAAGTGGTCGTAGCTGTCGAGATACCCGTCAGGGACGACGAAGGTTTCGACGTCGCGCGGCGGCGGACCGGCGGGATGCTCGATGGGGTACTTCTTGCGGTACTCCTCGACGTACTGCTTCTGCATGGCGTCGGCGAAGGTGGAGACGGTGTAACCGGGCTCTTTGGACATGGGGCTACGCACGACGCTGACGGACTTCGGCGTAATCTCCATGGTGCCTTCGGAGCCGGTGAAGAGGAAGCCTTCGCTCTCGGCACCGCCATCGACGAAGTTGACGCGGAGGCTGAGGTTGAAGCCTTCGGGGTAGTCGAGCAGGCCGAGGAGAACATCGTCGGCGTCGCGGCCGTCCTTCCAGTAGCGGATGCCGCCCATCGCCACAGCGCGCGTGGGGCCGTGCGAGCCGGTGATGAAGTGCGTGCCGCTGAAGAGATGCACGAAGAGATCGCCGGCAACGCCGGAGCCGTAGTCCTTCCACTTGCGCCACTGGAAGAAGTGCTCGGCGTTCCAGGGGATTTTGGGCGCGGTGCCGAGGAAGCGCGGCCAGTCGCAGGTTTCGGTGGAGGCGTCGAGCGGGATGGAGTAGTTCCAGGCTCCGATGGAGGAGTTGCGGTCCCAGTGGGCGCTGACCATGTTGAGCTTGCCGATGGCACCGGCGGCGAGAAGCTCCTTGGCCTTGGCATAGAGGATGTTGCTGACGCGCTGGCTGCCGACCTGCAGGATGCGGTTGGTGGAGCGCGCGGCCTCGATGATCTCGGGGCCATCAGAGTAGAGGTGGATCATCGGCTTTTCGAGGTAGACGTCCTTGCCTGCGTGCATGGCGTCGACGGCGGCCTGTTTGTGCCAGTGGTCGGGTGTGGCGATGAGAACGGCGTCGACATCCTTGCGGCTGAGGATCTCGCGGTAGTCGCGGGTGGTGAAGATGTCGGCGCCCCAGAGT
NZ_CP046444.1_gap47	1572211	1575791	3580	CTGCTGAAGGGCAGAGTGCTTTCGGAGGTAATCGGAGGTATCGTATCCATCTCTATGGGTGAGAACATCACTCGCCATCCCAGCTTGGGCTGACGGAAGTAGGTGAGCAGCCCCTTGGTGTGGAAGGGCGAAGCCGGATATGGATTCCCTCCATCCCACTTCGGACTGACGACAAGCTCGGTCGAGGTCCAGTACATTTTGCCGATGAAATGCGGCCTGTTCAGGAGAAGGTGGTTGTATTCATCGACGGTGAGGGCTTGAAAATACTCGCTGCCCTTGCCTGTTCCCTGCCGGCCAAGGACTGCACCTGCACCATACTCCGTGATGACCATTGGCTTGTTGCCAGCATAGGTTGCGAGCGCATCCAGCTCCGGGACGAGATCCGTCAGCTTATCGGTGTACCAGCCTGCGTAGATATTCACGGCCAGAAAGTCCATCTCGCCATAACAGATATCGTGGCGCAGCTGGGCCGAGACTTCGGTGAAGGGCCTGGTTGGATCGAGAGTCTTGCCGTACTGGATCGTGTCGTGCACGTACACTTCCGATCCAGATTGGTCGGTCCTATTTTCATTTCCGACGGACCACGCGAAGATGCTGGGGTGACTTCGATCCCGTACGATCATTCTGCGAAGCTGATCGCGGGCGAAGCTCATGGTCGCGGGGCTCGCCAGCTGCTCGCCAGACAGTCCTGTGACGTTGATCTCTTCAAGGACGAGCAAGCCATACTTGTCGGCGGCATCCAGTTCGGCCTTTGTGGTTGGATAGTGGGCCGGTCGGAAGATGCGGAAGCCCTTGTCATGAAACATCTTGATCTCGCGATCCGCGAGGCCATCCGGTTGCGAACGTCCAAGGCCTGGATAGTCGCCATGGCGATCAAAGCCCTGCAGACCAAGCACGGGATGACCGTTCAGAAGAAGATCGCCGTCACGAATGGAAATATCGCGGAAGCCAGTCTTCTCGGACACCTTCATTTCGCCGGTCGAGGGGTGCGTGGTGATTGTAACCGTGTAGAGGTTTGGATGTTCGAGGTCCCATAGCATTACATTCTTCAGTTGAAGCTTGATGGGTTGAGCCACGCCGTCCGAAGCAGGGATGTGAATTGGTTCGGACCTGGACAGGACCGTGTGACCGTCGGGACCCTGAACGCGAATGTTCGCCATCAGGTCTTCAGGGTGACCGCTGGAGTTGACGACAGATGGATAGATCGCGAGTGTGCCATCGGCGCTGCCCTGCGCGCGGAACTCGGTGATACCAACAGATGGCAACTGTTCGAGAGAGATGTTCTGAAGAAGGCCCGTATAGTTCCAGTAGTAATAGCGCAGCTTTTGGAAGACGCCCATTGCGGAAGGACGTGAGTCCACAATCACCGCGAGCGTGTTCACTCCCTGATGGACATTGGGCGTAACGCGGAAGCTTCGTGGCAGATATCCACCGGCGGATGCTCCGACCTCAACTCCGTTGACGAAGTATCGACAAGACCAGAAGCACGACTCGGACTTGATGTAGAGTTCACCTTCGCCTTTATGGGGAAGCGTGAATTCTCTGCGATAGGTTCCGAGAAGCCCGTTGGGGTGCATCCAGCGGTGGTCTACCGTGTCGATCGAGTTAGGGACCTCGACGTCACTCCAATGCGCATCGTTGTAGCCTGGTCCGATGACCTGGGGCGAGGCACCGTCCATGGAGCCCCGCGGGAGCTCTTCTGCTGCGGAAAAGTGCCAGCTTCCATCGAGATTGATGGAGTGCGGCGTGGCGCTTCCCAGCAGGTTCACGTGCATCATGGTGCGGATGGTGCCATCGGTCGTTGTGGCCACTGCGCTGAGTTCATGTGGGCCGGGAGAGAAATATTCCGTTCCCATGACCGTATGCCATATGGGCTTCGCCTTCGTGGCGATTGCATATTCATCGGTCAGCTCAGAAAGCTGCGTGTTGTCCAGATAGAAACGAACATTGGTGGTATCGGCAGGCGCCACGACTTCGAGGTCGACTGTGCCTTGTAGTTCCGGCTTCTCCGGGCGCACAAAGTGCAGATCGTTTGCCGACTGACCACGCAGTGGCACTTTGTAGAAACCCACTGCAAGGACCAACGTCAGGTACTTAAAAAAACGGACGGGGCGCATCTATGCTCCTCTATGTTTCGATCATCTATCCTGGACAGCCATCAGCGAGTGCAGCCGGTCTTCGGCTCCTCTCTTCCATTTACACCGGAAGCGGCAATAATCGCCTTTGCTTCAGGCGGCAGCTCCTTCAAAACCAGATGGTTGTCCTTGAATGTTTTTGTAGGGCCTGGGTTGTGAAGAGCGGTGTGAGAATCATCGGACCAATTGTCGTGGATGTTGAGGTCTCCACTCCAGGACGACCACGCGGACACCCATTGACCTTCCCGCATCTTCGGAGCGAGGTTCCAGACTACGTTGCCGCACACGTCGTACTTTCGGCTGCGTTCATCGAGGTAGATGCCGTTTCCGTTGTCGTGCCCCTGGTAATCGATGTAGTTCTCAGTGACCGATGAGCCCGGTGACTGCGCCTGGGTATAGATGGCCCCGCCATCGTGCAGGACGGTCATGAAATCCGAGATGTTATTTCTGCGAACTCGTACGTCTCGCTGGACATCGCCCTCGCCTTCATAGTTCCATCCCCAACCAACGGAGATTCCGGTGTAGGGGACGTGCGAGATGGAGTTGCTTTCGATAAGGAGGCCGTTGTTGAAACCGCCCATGATCGCCACGTTATCCCGGTAATCGATCGCGATGGAAGAGATCGTATTTCGAATCACTTTATTTCCGCTGGCTCGATCCGCAGGATTTGCGGGAGCAGCGACGGTGTCGCCCACAAAGATTGCGCCGCCCGCAAGATCGTGGAAGGCGGAGTGAGCGATGGTTGAGTTATGCGTGCCGCGGTCGAAGGCAATCGCCGCTGCTCCAAGGTCTTCGAACCTGTCTGATACAAACGACAAATTGCGGCTTTCGAAGGTCTCGACGGCTGCGGGGATCCGCACCATGCCTTCTCCGTTGTCCGGCAAGGTCTGGCGGTCGCCTGTAACCAGATAGCCTGCCTGCAATGGAACGTAGCCTTCAGTATCGCTATAGGACCAGGCGGAGTGAGCGAAGGTCAGGTTCTCGAACTGGATGTCATGAACGGGCGAGCCGGGCGTGCCGTGGAGCGTTAGAAGGTGCTCCGTTATCGGCAATTCAACGTCTGCCTGATTCAGGTTCTCAGCGGGCCGCGGCACGTAGTAAAGCATGTTTGCCTGGCGGTCGAGATAAAACTGGCCGGGCTTGCCTAGAAACTCATATGCGTTTTCGAACCACTCAACTCCTTTGAAGGGTTTGCCCTTTGGACTTGCATTGGACCAACCTTCCTTCACGGAGTCGGCAACCGTGTTGTGCCAGCAGGGCTCAGTCATTACGATGTTCTCGCCACGGATGGCTTGAACACGACAACGAAAATCGCGCCAGCGCACGCCGAAAGCGGCGACCACCTGTTCGGGATGGGCGAGTTGTCTAAGCAGGAGGCCGCCCCCTGTAAGGCCGTTCTCGTTGTATCGACATTGGCCTGGGCTGATGCATCCCGAATGCCGGGC
NZ_CP046444.1_gap48	1577399	1578850	1451	CTGACCATGCGTGCCGAGATACGTAGCCCGCACCACCGAGTTCAACGGCAGGCTGTGTTCGATTGTGACGTTCCACTGATGGACAAAAGTGTCAGGGTAGTTCTTGTCGAGCCCCGAGACACCAAATGATCCGGCGGTGACGCTGTTCGGCGAGTTCAAATTGATGACATTGGAGCTGTTCTGGCCTGCAATCACCGTTTGAGCCGAGCGCAGCATGTAGTTGGGGTTCCCATCAGGAGCCTGTGCTGCAGCCGTATAGCTCTGCTGGAACGTTGCCTGGTATGGAGGATTCAGTCGCGTCTCTGCATAAAAGTTACGTGTGGGCGGCCCGTACGAGTAGATGCCGTATCCTCCACGCACAACCGTCTCCTGCTTGCCGGAGAAAAGTTGATAGGCGAAGCCGACACGCGGGTCGAAGTCGTGGAAGTTGCCGTTCACCATGCTCGGGGGCAGTCCAGCGTCAGAGGAGGATTCGAATTTGGCGCCAAGTCCTGTGTAATTTGCGATGATGGCCGGTGAGGTCCTGCCCTGCGCGTAGAGAGTGGAGAGTGAAGGACCGGTGATGATCGCATTGTTCGTGAAGTCGTAGCCTCCGAAGAGGTTTTGAGCTTCGTGCAGGGAAGGATGCATCTCCAGACGAAGACCGAGATTCAAGGTCAATTTCGGCGTCGCCTTCCAATCGTCCTGGAAGTAGAAGGCCACCTCCTGCTGACGGAAGTGATACCACGAGGGAAGGTCCGTTACCTGGTAGTACTGCGCATCACCGAGGAAGAAAGAGGGGTTCGCATAGCCTGTGTTGCCAACCGCGGTGTAACCGCCAGTAGAGATGGTCGTGGGATCAAGCAGCCCCGTACCGAGAGAGCTGAAGTTGACCTGCGAAGGAGTGGGGTTCCGGTCCGGCAGAATCCAAACACGCTCGTGACGGTAGCGGCCGCCAAACTGGAAGATGTGATTGCCCTTGACGAAGGTAAGGTTTTCATCGAGCACCGCAGTGTTCTGCGAGTTCTCGCGAGAGTTGTCATTGCGGCCAAGGCCGTAAGGCATGAAGCCGATGCCGTAGATGTTTGGAAAGCCGAGCGCACCGGTTGTGGGAAGGCCAAACTTGGTGGAATAATCAACATTCGGGTTGGGGCCGGTAGAGATGACGTCGCTCTCGTAGGCATCCGACAGCAACGTCTCCATAAAGAAGCGCTGCGAAAAGATGTGATTCCAGGAGATCGACCCGGTTTCGGTCTTGATCTTGGTAAAGGTCACGTTGGCTGACAGGTCCGTTGCGGGCGGCCCATAGTTGCTGGAGCCCAACGCATCGGTTGTGCCGCGTCCGTGGGTATAACGGAAGAAGGCATTGTCCTGCGCGCTGAAGCGTTGATCCACGCGCGCCGTGAGTGAGCGCTCGCTATCGTTGTTCGGGGTGCCCGCAACCCAGTTGGAGGCCACGAGAGGATTGACGT
NZ_CP046444.1_gap49	1586047	1590569	4522	GACGGTCAAACTAGACTGCGATCGAACGTTCCGGGCCGGTTCGGGTTCCTTGTCGAGGTGTGAGCCATAAGTTCAGGCGCTTCACCGGAGCAGCGGTGAAGTTGAAAGTACCGCCACCAGTGGTACGAGTCAAGTATAAAGCAACTAGATATTGTGGTGCACAAGTAGATACTCCCCAGATGCGGCGATTCGCATCGCGAACTTCGGTTTTTCTGGGGTTTTTGTGTGGAAACTTCGGGGAACCCGCGTGAATTGCGGGCTTCAGTACTGTGAAAGCCCGATGAAGAAAGGGTACGGCGCGCAAGTCGCGGACGCAAGGTGCAGGAACGGTGCAAACGAGCGATTTCCGGGGTGGAAATGTGGAGAAAAGGGACGCTCCTACAGCCTGACCCAACGTGCCCCATCCCGGGACAGGCAGAGCCAGGAAAATGAGCCCGCTCGGGACATGAGCAGCGGAAAGGGCATGGCCGAAGCCATGCCCTTTCCGTTGCGTGCTGCGAGGTGGTTCTACTGGACCGTAACAGTGAAAGCCGCGCCGTTTCCGTTGTTGATGTTGTGGTAGATGCTGTCCGAAGCGTAGACGATGAAGTTGTACGTTCCGGGGGAGGCGTTTGTAGTAGTGGTAGTTGTTCCCCCAGCGTTCCCACTCGCGCCCTGCGCCCCGTTGGAGCAGCCGGAGAGTGCCAAGCCGGAGAAACCCATGGTCAGCACCAGGACCAGGATGAGTCCTGCACGGTTGAGGCGCAGGCGGCGGCGGAAGCTGCCAACCAGTGTAAGACCCGCCAACGCTGCCAGCGACGTTGTGCGCCACGGGGCCTTCGACGGAGCGGGGCCAGGCTTGCCGGGCAGAGCGTTCAGCGCGATGTGCCGGGCTGCGGGAGTGGCACGGAAGGTGCCGATACCAGCCGCGCTGCAGGCAGAGCTGCTGGTATCGAAGGTGTAGGTTGTCTGCTGCGGCGAAGTGGAGCCGGACGGAATGGTGACAACGCCAGAGCCGGAGACGCACGTGTTTTCGATGCTGACGCCAGCAGACGTTTCACCCGTGCCGCCGAGTTGGAGATAGACCGTTCCGCTATAACCGTTCGTCGGCGTGACGGTGACCGTGACCGTACCGGATGAGCCCGCGGTGACGGTGGGGGACGAGGCGGTTACCGTAAAGCTGCTGGGGCCGACGTTGATGATCTGGGTGTTGGCAGAGGACGCATACGTTACATCACCGGAATAGGTGAAGATCAGCCGGTGTAGCCCGGTCGTGGAGGACTGGTAGGAATACAAGTAGGTTCCGCCTGAGAGGGTGAACGGCGAACCCGAAACGGCCGTTCCGTTGTCGGTGACTGCGACGGTGCCGGTAGGAGTCGCACCCGAGTCGGCTTTGGAAGACACATTGATTGTGATGTTATCGGCCGTGTTGGTAGACGGCGTGAGAGTGTTGGCTGTAACCGCCGTGATGGATGCAGCCAGAGACGACGATCCAGTTGCCGTTGGCCATGCCTGAATCAGGTTCGCCAGATCGACGGAGCCTAGACCGGTGGCCTCGTCATAGCCGGTTGCGGTGGCGTAGCTGGAGGTCTGCGCGCCTGAGCCGCAGTAGGTTGCCCCCGCGACGCAGGCGTTGCTATTTGCATTGCCTGTGATGGGTACGATGTCGTGGAATGCGGACGCGTAGGTCGTCGTATTCGCGGCCAGCAAGTAGAGCGTGGGGTTGATGAGACCCTGGCCTGCGGTGTAGCCCTTGGCCTGGTTGATGATGGCGACCATGCCCGCGAAGATGGGTGCAGCGAAGCTGGTGCCGCCTGCAACGGTAAGCGACGAGCCGTCGGAACCGCGGAAGCCGGTGGAGCAGCTACCTGTGACGCCTGTGCCGTCCGAGCCGTCATCGCTGGAGCAGTAGAGATAACCCGCATTATTGGGCGACGAGTCGAGAGAGACATCCGGCACAAGGCGGTTGGAGCCGGCGGGGAGTGCCGCGCCGCCGATGGTGCCGCTCTGCCAGCCGGGACGCGGTTCGTAGATACTGACACCGCCGCCACCGGACGAGATGGGGATGGTGCCTGATGAGGCCTGTCCTGAGTTGATCAGGGCGAGTATCGCCGCGTCATCGTTCCAGACCACCTCGGGGATGTAGGACTTCGCTGAGCTAATGGTGTCTGTGGTGGTAGCGGCTGTGAAGTAGGTATTGGTGAGATCGGCCGTGGGAAACTCCGTGCCGCCGAGGCCTGTGACGTAGGCGCTCGAAGCCGGATAGCTGACGGCAAGCTGCTCCTGATTGCTGGTCGAGCTGCCGTCTCCGTAACAGCCGGAGGAACCGCTGTCGCCGGCAGAGTTGATGACGGTCTGCCCTTGCGCGGCGGCCTGCTGCAGGTAGGACTCGAAGGAGTTGAAGGCTGCCTGGCCGAGATCGGGCTCGCACTCACCGTAGCTCAACGTGATGATGTTGCCGAGATCGGTGTCGATGGCGTACTGGACCGCGTCAAAGACGGCATAGAAGGGGCTGTTGCCCGTGTAGAGGAAGTCTACGGTCGCCTTGGTCGCGATGGAGCTGGAATACTCGAGGTCCAGGTCCGACTCGGCTTCATCGCCGGTGAACGTTTCGGAGGAACCGGTGTTGGGCATGAGCGTAAGGACAGGGATGTTGCTGGCAACGCCCGCGGCCGTCTGGAAGTTCGTGATGTCCGTGGGTGATACGGCGGACTCGCCGGCGACGGTGATCGTCTGGCCGGAGCCGTAGTAGCCGAGGTTGTAAGCCGCGTTGATGTCGTAGATGGTCGCGACGTCCTTGGGCGTGAGGAAGAAGTTGCCGGTCTGCGAAGAGGTGAAGTTAGCAGCGGGGCGCTTGATGGTGTGCGACTGCGGACGATAGTCCGAGAGGTTGCGGACGGCAAGCACCATGCCGCTGAGCGAAGCAGGCAGCGTGAGATCGTGCGCGGGGGCGATGTGGGTGCGCGTGTCGGTCGTGGCGGTCATACCGCCGGAGGTGGCACGGAAGTAGTGCAGCGGTGCACCAAAGGCCGCTTCGACCGCGGACTCCGGCCCGGAGAAGGTGATGCGGTTGCGGCTGGGCGAGACGTTGACGACGCTGAAACCCTGTGCCTGCAGCCAGCTTTCGACGGTGGCCAGGTCGTTGTCGGAGATGCCGAAGCGGGCGCCGAACTGCGCGGGCGTGAGCCACTGGTGGTACTGCGCCGAGGCCGGGTTCTGCTGGTCGGCGAGGAGCTGGGTGAGGTCAGCCTGCTGCGCGGCGGTGCGGCTGAAGATCAGGCTGATGCCCTCCAACGGCATGTCCGGCGAGACGTTGCCCAGGTCGGTCGAGTGCATGGCGCGCGGCGGTGCGGAGCCAGTCAACTGCGCGCGGGCGCCGTTGTCGATGGGCCCGGAGAGGCGGTCGGGCAGCGCCTTCTGCGTCGTTTTGGCGAACGCGGTGGAGCTAGCTCCGGCAAGGGTCGCAAAGACGGCAAACGCCGCCACAAAGCGGGCGGCGCGCAAGCAGGAGGAGATCGTCGTCAAGGGCGCGTTTCTCTGGGAAATGCGATGGAGGTTTGTCATAGGGGGTTCGGGTTGGAACTTGGTCCTGAATGCAGTTCGGCGCAGGCACAAACGGCCTGCGGCGAGGTTAGTGGAGCCCGGAACGACAGAGACCGCATGAAACGGCGCAACCGTGGTAACCGCACACGCATCTCTGGACAACTAAGTACCTACTTCAGACGTGGCTTACAACGCCTGAGTTTACAGCGCAATTGCTGGACGAGCCAGACACGACTGCGCCTTCCGAAGATCTGTGGGAGGATAAACACGGAAGATGTCCCAGAGTTGCGCGGCTGACTGCTCATGAGCCCAATTCGGGAGGGCGGGGAGTTGCATGGGGTGACAGGGATTTTATGGAACCGATGCCAGGTGGCCCCGTCCAAAGGAGTATCGTACCCAAAGCCAATCGGCTTGAGCAGTCCAGGAGAGAGTGAAGAGAATGATTCGTATTCGTGTAGCAGGAGTGGCGGCGGCCGTGGTGCTGGCCCTTGGCGTGGCGGGAGCCAGGGCGCAGACGACGGACTGGAAGATCGACAACACACACTCGGAGGCCGACTTCGCGATCCGGCACATGGCGATCAGTACGGTGCATGGCAGCTTTCGCGCGGTCTCCGGCGTGATCCGCTTTGACGCGGCGGATGTGACGAAGTCCAGCATCAATGCGACGATCGACGTCGCCAGCGTGGATACCGGCGTGGCTGCGCGCGACACCCACCTGAAGAGCCCAGACTTCTTCGAGGTCGCCAAGTATCCGTCCATGACCTTCAAGAGCACCAACGTGGCAAAGGCTGAAGACGGCTATGCGGTGACTGGCAACCTGACCCTGCATGGCGTGACCAGGAGCGTCGTGCTGCAACTGGATGCTCCCGGCAAAGAGGAGACCGGCATGGACGGCAAGAGCCTGCATCGGGGTTTTACGGCCCATACCACGCTCAATCGCAAGGACTTCGGCTTGAACTGGAACGGCACCCTGAAGAGCGGCGATGCCGCCCTGGGCGAT
NZ_CP046444.1_gap50	1609597	1612190	2593	GAGTGCATCCGGGGCATGTGGGCGCGTTCCAGAGCTGCGTGAGCTTCCAGATCACGCGGATACAGGGCATTCGCAATATGTTCTTCGGCGGCGATGGGATCTTTCTGGCTGCACTGACCGGGCCGGGACGCGTATGGCTGCAGACGCTGCCGCTGTCGAACCTCGCTCATGCGTTGGAGCCGTACCTGCCGCAGAACCGCGGCGAGGGTGTGCGCAATGTGGGAACCGCCGCAGTGCTGGGCGGGATTGTGGGCAGCATGTTCGACAACAACCGATAAAAGCGAAGCGTCGACAGACGACGCTATAGGCGGCTCCGTTGACTGCGAGATATTTGCGCGGCAACGGAGCTTTGCTGTGGTACAACGATTGCGAGTCGCGGCGGCAGCGTAACGACTGCGCGACCTGATAAGGAGTTGTGCCATGAGCGATGAGATGGGAAGCGTCCCACCCGAGGCGCAGCAGCAGGGCTACCAGCAGGTTCCACCACCGCCGCAGTATATTCCGCCGGCACAGGCAAGTGGGTTGAGCGATACCGCCGCAGGGGCGCTCGCGTACATCACGATCATTCCGGCGATCCTCTTTCTGCTGATCGATCCTTACAAGGACAAGCCGTTTGTGAAGTTCCATTCGATCCAGTGCCTGGGTCTTGCGATCTGCGGGTTCTGCCTGGGCGTGATTGCCGTGATCCCGATTCTGGGCTGGATCATCTACATCGTCGGGATGCTGACGATGCTGGTGGTGTGGATCATCTGCATTCTGAAGGCGTCGCAGGGGGGAGCGTTCAAGCTGCCGGTGATTGGGAAGTTTGCCTCGGAGCAGTCAGGGTACGCGGCGTAGGCAGACGGCTTCTCTCACAGCTGGCCGCTCACGGCGGGCGTGATACAAGAAGAGTTGAGCCACAGGGGCGCGGCTGGGATTGCGCTGTTCGTGGATGGCTCTGTGAGCGGCCCCATTGAGAGATACAGCACCACGAAGTACCCACTGGCGCACCCATGTTGCGGGAGCGGTGGCTTATCTGACAGTGATTCCTGCGCTGGTGTTGCTGGGCGTAACGCCGTACCGGCGCAATCCGTTTGTGCGCTTCCATGCGATGCAGTGCGTGGTGTTGACGGCGCTGGCGATCGCGGGGCGGGTGATGCTGCACTACTCGCACTTTAAGCCGATGCTGGTGGGTGGGCTTTATTTATACGATGGGGATGATGTCAGTGTGGGCGCTAGCGCTGGTGATGGCAGCGCAGGGGACGACGCTGTGGATTCCGGTGGTGAGCCACGTTGCGCAGAGTCTGGCGGAGTGATACGCGAGCGCGCCTGACGCAAAGTGGGACAACATGCAAATGTTTTTTATCGGGATGAACGGCGGCAACGGGATGGCGTTGCGCCGAAGAGTGTGTCCACGTAGACTCGCTGGCATGAATCGAGTTTTGTTGTCGGGTGTGGCATGTGTGGCGGTGGCCTTGTCGAGTGTGGCCGGGATAGGTGGCACACGCGCGGAGGCGCAGGACTGGGCAAGGACAGCCTTGGATAAAAGCCCCAGGCATAGCGAGTATGTGACGATCCAAGAGGCGAGCGGACGGAAGCTGCAGGCGTTCGTGGTGTATCCGGAGGTAAAGGACAAGGCGCCGGTGATCGTTCTGATCCACGAGATCTTTGGCGAGAGCGACTGGTTCAAGGAGATGGCCGATGAACTGGCTGGCGCAGGCTACATCGTTGTCGCGCCGGACCTGCTGAGCGGCTGGGGGCCGAACGCAGTTGCCGCCAAGCCAATGGCGGGCATGGGCGGCGATGACCACATGCACAGGGCACCGGGTGCTCCGGGAGCGGCGTACGAGGCGGCGATGCCGGGAGGGACTTCGGCGTTTCCGGACCAAAGTGCGGTGGTCCACGCGGTGACTTCCCTGCCCGACAGCGAGATAATGGGCGACCTGGATGCCGCGGCGGACTATGGCAAGAAGCTGCCTTCGGCGAATGGGAGGCTGTTTATCGCAGGCTTCTGCTGGGGCGGTGGAAAGAGCTTTCTGTATGCCACGCACCGCAAAGACCTGAGCGCTGCGTTTGTGTTCTACGGGACGCCGCCACCAGTGGATGCGATGAAGAACATCACAGCGCCCGTGTATGGGTTTTATGCAGGCAACGACGCGCGGATCTCGACAACCGTGCCGCAGACCGAGACGGACATGAAGGCCGCAGGCAAGACGTATGAGCCGGTGATCTATGACGGTGCGGGGCATGGGTTTATGCGTGCGGGCGAGGCTCCAGATGCGAGCGCGGCTAACCTGGCGGCGAGACGCGAGGCATTTCAAAGGCTGGTGAAGCTGCTGGGTGGCGTGCGGTAAGGGCAGAGTGTAAACGCCAAAATGTAGAGCATAGAGAAGTCCGCCGAAGCCTGGGGCTTCGGCGGACTTGTTTTGTAAGGGGTGGTCAGTTGGTTGCGGGAGTGAAGGCGCGGGGCCACCACAAGATGAAGGTGGTGCCTTCCGGGCCGGTAGAGGCGACGCGGATGTCTCCGCCGTGGCGAGCGAGGATGTGGCGGGTGGCCCAAAGGCCGAGGCCGTTTCCCTGCTCGCCTTTGCTGGTGACGCCGAAGGTGAAGAGG
NZ_CP046444.1_gap51	1620873	1625831	4958	AACTGGAGGTTGAAGTCGGTCCAGAAGTAGAGCCGGGCGCTGGCGCGGTAGCGGGTGGTGATGTCGAGGGTGTGGACGACCTGGTGGCCGTTGGAGGTGAACTGGTAGACGTTCTGCGGGGTGCCGAGCGGGCGGAGGCCACCGGAGCCGGGGAGCGGCGCGTTGATGTCCTGCGAGAGCCACTGGTGGGAGCCGTCGGTGAAGAGATAGGTTGCGCCGATGCGGAGGCGGCGGCGGAAGGTGCGGTCGGCGCTGATGCCGGCGATGTAGTAGAGCTCGGAGCGCAGATTGGGGGAGACGGTGTAGGTGGTGGGCGGCTGCGCGGAGAGCGAGGACGCGGGCGGTACGTTGGGGTACTGGATGCTTGTGGTGACGAGGTACGTCTGCTGCGTGGTGCCGTTCTGGCGGACGGAGGTGAGGAGGTTGGCGGCGTCGAAGCGGTCGTAGAAGATGCCGGCTCCGCCGCGGAGGTTGAGGAGCGGTTTGCCTTTGTGGTCAGGTGACCAGGCGAAGCCGAGGCGGGGGGCGATGTCGAGGTGGTCGGGGATGGCGGACTGGGCCTCGACGCGGAGGCCGGGTTCGAGCGAGAGGGTCTTGGCGACATGCCAGTCGTCCTGCATGAAGGCGGCGGCTGTGCTGGTGACGATGGTGGCGCTGGAGCGGCCGGCGGCCAAGGTGAGTTGGGTGGGTTGGGCGGCCTGATAGGCGGCCAGCGAGGGGAAGATGTACTGGCCGTTGTAGAAGGCGGTGGAGAGGTTGGCGTCGCGCTGGAGCCGGTAGCGGGCACCAAACTGGATGAAGTGCCTGCCCTGATCGGCGGAGAAGAGCTGCTGGAGCTCGAGGGTGTCCTGGTTGTCGTGCAGGGACTGCTGGGCGTTGCCGCCGCCGGTGGTGAGGCCTTCGATCAGGATGGAAGGCGCGCTGGAGAGTGGGTTCTGGTTGAGGCGGGTGCGCATGTACTGGAGGCGCGACTCCGAGGCGAAGCGCGGGCCGAGCACCTGGCTGTCGAGCAACTGCAGGGTCTGGGTGGTGGTGCCGCTGTTGTAGGCGGCCTCGGGGAGAACCTGGCCGGTGAGGCCGCCGTTCTGCTGCGAGGCCTGGTCGAAGACGTAGTGCGCGGTGAAGGTGTTGGAGGCAGAGAACTGGCGGTCAGCGCGGGTGTCCCATTGGAGATGGCGCTGGGGCGCGGCGACGGCTTCCGAAAGGGGTTGCGGGTTTGCGCCGAGGGTGTAGGCGTTAATGGTGGCGTTGAAGTTCTGGAGGGTGTCGTCGGCGTAGAGGAAGAAAGAGCTCTTGCGGCCGAGGGGGCCGTTGATGTTGCCGAGGATGTCGAAGGTGTCGTTGGCGGGCTGGGTGGGAGCGTAGGGGTTGCGGGCGTTGAGCGCGCTGTCGTTGCCGGAGAGCTGGAGCTGGCCGTGGAGCGCGCTGCCGCCGGGACGGGTGGTGATGTCGATGCGGCCGAAGCCGATCTTGTCGTACGCCGCGGAGTACGGATTGGTATTGATGCTGACCTGACGAATGGTCTGGCGCGGCGGAACGCGAGTGGCGAGCAGGCCGTTGACGTAGATCTCGGCGGGCCTGCCGTTGGAGCCGGCGAGGGCGAGGAACTCCTTCTGGAAGGTGGCGTCGTCGCTGGAGAAGGAGCTGAGGTCAGCGCCGGAGAAGACGATAGCACCGGCGTTGCTGGGAGCGGCGGACTCGTCTTCGATGGGGACGGCGACCTCTTCAGAACGGACGGCGATGGCGAGTGGCAGGCTCAGCCGCAGAGGTGTACTCGCGTCTACCGTGATGGCGGTGGCGGATGCCGAGAAGCCGCGCGCGGTGACGGTGAGCTGGTATGTCCCAACCGGGAGCGAGAGCGAGAAGTGGCCTTCGGAGTCGGTGGAGGCGGTGCGGTCGAGGCTGTCGCTGTGGATGGTGAGCGTGGCGTGAGGGATGCGTGCGCCGGAAGGGTCGAGAACCGTGCCCGTAACGAGGCCGGTTGCAACGCCAATGGGAGACTGCGACTGCGCCGAACAGCCGGGTTGCGAAAGGGCGAAGATACTGGAAAAGGAGAGCAGAACTGCGCAGCGTGCTCGCCTAGAGTGGAACATGAAGGCCGCCTGAAGACTGGAACGGTGTTACGAGTCTGAGATTCGATTAAGTATTGGTTACAGGATGATATCCAAAAGTTGATAGTGATTTGATCGCACTATCGGGTTTTGGATAGATTTTCGTCATCAGGTTATTGATTGCCTGTCGCTTCATCTGGCGGCGGCAGGGGGAGCTGCCAGAGCTGGAGGCGCTCTGTGGCCGCGTAGCGGTTGGGCGAGAAGTACCAGCCGGTGGCGGGGGTGTCGTGGGACCAGAGGAGGTGGGCACCGGGAACGGGGGGATGGTCGACGACCTCGTAGCGGGCGCCTTCGGCGTAGATCCAGGCGGTGAGGCGGTGGTCGTCGGAGTCGTGGATGTAGGGGATGACGCCGGGGCTGGTGATGCCACCGGTGTCGATGATGGGGTGCTGGGTGAGGAAGGCGGGTTCGCCGATGGCGTAGAGGGCGACGGGCGCTTGCGGCGGCAGAGCCTGGATGTAGCTGGAGAGTGCAGCGTAGGTGGCGTCGCCGAGGACCTTGTTGTGGACCAGGGGGCGGGTAGCGAGCAGGCTGAGGGTCGCTGAGTAGAGGACTGTGAGGGCGAGGAGGACTCGGTAGATGTGGGGCCAGCGGATGGCGGCCAGTGCGAGGACGGCGATGGTGAGCACCGGGGCGGTGACGAAGATGTAGCGCGTCTGCACGAGGGTGTGGTTGGCGAGGTAGAAGACGGTGTTGAGAGCTGTCCAGACGAAGAGGAGCCAGCCGCCGGCGTGGAGCGCGGCGAAGGGCGAGCGGTGCGGCGGGTCTGTGGGGCGGTGGCGCGTGTAGTAGACCACGATCCAGACTGCGAGCAGCAGGCAGGCGAGCAACGTAACCGGATAGCCGTATCCGTAGAGGTGGATGAGGCGCCGGAGTACGGAGTCCGCAGGGCCGACACGCTTGGCGGCGTTGGTGTTGGGCAGGATGCTGCCGAAGGTGTGGTGCGCGTACAGCGCCCAGGAGACTGCCGGAGCGGCGGCGAGGACGAAGCCCGCAAGCAGGACATCGACCCGCGTGGTGAGTGAGGCGTGGTGCATGTTGCGGATGCGCTGGAGAAGCACGCAGCCGACGAGGACGGTGAAGAAGGCCATCTCCGGGCGCAACAGTGGGGCGAGGCCGGAGAGCAGCGCGGCGAGCAGGACTCGCTGCCAGCTGAGGTGGCGCGGCGCGAGGAGCAGGCAAGTCCAGCAGGCGAGGCCGGCGGCGGCGAGGGCTTCCATGCCGGAGAAGGCCCAGTAGCCGAAGTAAGGGTTGAGGACGAAGACGAGGAGCATGGTCGCGGCGAAGACGTTAGCCGCAGCGGGATGCCACTGGATGGCGAAGTGCTGGCGGCGGACGAGCGAGCGGGCGTAGAAGAAGACTCCGGTGAGCGCGAAGGCTGCTGCGATGACGGTGAGGAACTTGCCGGCGACGAGCCAGCTGGCGGCGTCGGAACCGGATGCTGGAGAAGCGGGCACGATAAAGTGTGCGGCGACAAGGAGCCAGACCCAGAGCGGGGAGGTATCTCCGTAGACGAGGTGGTGGTTGAAGGTGAAGCCGTGGCCGGTGGCGAGGGAGCGGGCGAACTCGAGGTGGATGTAGGCGTCGTCCTCCCAGTAGCCGCGGGCGGCCAGGAACCAGAGGACAACGATGACGAGGCTGGCCGCGAGGAAGATCCAGGCGAGCAGCGGCGTTGCGGGCTTGGTCGTCGAGCTGGGCGGTTGCGGGCTGGCGCTCATGCGGGTCTCGCCTTCCATGATGCGCTTAGAGGCGGAAATCTGCGAATGGAGGGATCCCCCTTCCCCTCCCTATGTAGCGGAGCTATCCAGCGGAATCAGCGACTTACGAGGTGATCCCGGGGGTAAGTGACTGATTTTGTATATAGTTACGGGTATGATATGGCTAACAAAGGGGTTATCTCGCCTGGGATAAAAACACACAGATTTGAGCTGTGAGCTGTCAGCTCTGAGCTGTGAGATTTCTTCCTACTCCCAGTATAGGTTGCCGAAACTATGAATGTGCTTTTTCGTTTTGTGGCGTTAGCGGTTTAGTTTGTTAGGGTTGCGATCGAAACACCGGAATTGGGGGTTGACAGATTTCTGTTCAGAGAAGAGAGGGAGTTGGGAGCTACGACCGCGCAGACACACATGACCTTCTTCGTGGCGCCGGTGTGCACCATCTATGTGCGGAGTACCAGGGTAAAGCTGCGGGCATGGATGCTGAAGGGCGTGTGCTGTTGCTGCGGCTGGATGCGGAGGCTGACAAGACCTACTACATCCGCTACCACGGGGTGTTTCTGAAGGACTCGCACAGCATTGCGTTCTTTGAGTATGTGGATGAGGACGAGGGTGAGTACCTGGTGGGGAGGACTCGGCTGGCGGTTTCGAAGCCGGAGTGACGGCCGACAACGAACGCGGTGCGGCGATCGTACGCCGCCAGGAGAGATCGCGCGCTGCGCGCGAGAAGCAGGTTCCTCGCGTTGCTCGGAATGACAGCAAGAACGGCAAAGGCAACAGCAAGAACAAGTGCGAGCGCAGGGCCTAGTGCTGGAGCTGGGGGACGCTGGGCTGCTGGCCTTCTTTGGTGATGAGGGGCTTGGGGGTGCGGCGGCGCTCGCGGTGCACCTCGGGAGTGGGGACCTTGGGGTCGAGGCGGTAGACGATGAGCAGGTTGCGCTCGGGGTCGTCCATGGCGGGGTAGGCCGCGACGCGGTGCATGGTGTAGAGCGGGGTGATGGCGTCGGCCTTGTCGTCTTCGACGTCGTTCCAGGCGATGTACCAGCCGGGACGGTATTTTTTGACGCGGACATCGAGGTCATCGGTGCCGAAGTCGTCGCAGATGGAGGGCAGGCCGGTCATGAGGGTGAGA
