gap_id	start	end	length	sequence
NZ_CP061839.1_gap1	55542	60210	4668	GAAAGATAGCTTGGAATATAGCAATAGTTTTTATGAAAAGGATACCTTATTGAATAAACCGATAACGGCAATTGCCGTTTGCACATCTAACTCAGATAGGTATTTATATTACACATACAAAGACGGAAGCGATACGCATATTAAGCGGCTAAAATGGACGACTTCCATTACTTTTGCATCAGCTTCAAACGATACAAATTATCCAGTTACGATTGCTGATGTCGGAGATTCAAAATATTTTTGTACCGCTTTGGCTGCAAGTAAGGACGGTGTTTTTGCCGCTATAAAATCGGTTGATAATGAAAATACACCTACTACTTACAGTGCCGATATACGTAAATATAAACATACCGGTATCTCTTTTTACGACGGAGAAAGAAGTTATATTTCCGAGAGTATACCTTCTTCCACCCCTGCTGATGATTTTCGGTTAGTAGAAATAAGTGATATGCAAGTAAAAAACGATATTTTATACGGTGTAAGCGTTAAAAAAACAGGAAAATTAAATAATAGCGGCACTACAAGAGTTTTTACATCAGGTAAACTGTTTAAAATAGAAAATTTATCTTCCGCTTTTAATTCTTCAACTACAATAATAGATTTATGGAACGGGGGTACGGAAACCGAAGGCTTTGCTCCGTACCGCATTATTTCAGGCTCGGAAAATAAACTTATAATTGCTTCGGACGGATATTACGGTAATAAAAATCTTTCTCCGAAAGTACAAAACAAAAATAAGGTATTAAATTTTTCTTATCCTTATAACACCCCCGATGTTAAGGATACTGAGGCAAAGTTCTCGAAAGAACTTTCCCTTTCAGTCAATGAATTTGACTGGAAATAAAATTATAGGAGTTTTTAATGAAACAAATTAAATTGGACGACTTTAAAAATTATAAATTTTTAAGCGGATTACAATTTTCCGACGACGGAAAATATGCGGCATATATTTGTGCCGAAGCGGATTTAGAAGAAAACGGTTACAACAAGACTTTGTTTCTTTTAAATATGCAGACAAAAAAAACAAAGCAAGTAACGGGTAAAGATGTTGAAGCCTTTTTCGGCTTTAACGGAAACGAGCTTTTATTTTCCGCAAGGCGTACTAAAAAAGAAAAAGAGGAAAAAGAAAAAACCTTCGTTTATTCTCTTCCCGTTGACGGCGGCGAAGCTAAAGCGGTTTATACCTTTCCTTTTCCGGTTTTAAAGATAAAAATGACGGATAAAAAATCGGCATTGGTTTTACATGCTTGGAAAAACGACCCCTTTGCAAAACTTCCGAAGGAAAAACGGGAGGCGGCAAAAAAAGATGAAGCCGATTACGAAACTTTTGAGGAAATTCCTTTTTGGAGAAACGGCGGGGGTTTTACTTCAAGGAAAAGAAACCGTTTATTTTTTTATAATCTTTCTACAATGAAAGGCGTTCCGCTGACCGATGAGTTTACCGAAACGGAGAGCTTCGATTTTAATAAAGCGGAACGGCAAATTATTTTTATAAAAACAACTTATACCGATAAAAAATCGATATACAATGAACTAGTATTGATGAATTTAAAAACCGAAAAAACAAAACAATTAAACGCTTCACAAAGTTTTATGTATGCGGACGCAAGGTTTTTAGACGATAAGATTATTTTTACCGGTGCGGACGGAAAAAAATACGGCATAAACCAAGATGCCGATATTTATATTGCGGATAAAACCGGCGGCATAAAAAAGATTTCGCCTAAAGATTTCGATAAAAGCCTTTGGAATTCGGTAGGCTCCGATTCCAGATTGGGCGGCGGGGCCAATTCGGTTTGCAAAAACGGAAAATACTATTTTATTACCACCGAAGACGATTCTTCATATATTAACACAATAAATGAAACCGGCGAAATACAAAAACTTATCACCGAAAAGGGCTCCGTAGATTGCTTTGCCGTACACGAAAATAAAATTCTTTTTATCGGCTTTAGAAAACAGGACTTACAGGAAGTGTACTTATTTGAAAACGGGAAAGAAGAGTGTCTTACGCAACATAATTCCTACGGGAAAAAATTGAATAAGATTACTCCCGAAGAATTTACTTTTAAAAGCAACGGAAGCGCCTTGCACGGTTTTGTGCTGAAGCCTTTAAATTTTAAACCGGGAAAAAAATACCCCGCTATTCTTTCGATTCACGGCGGGCCTAAAACCGTATACGGTTCAATATTTTATCACGAAATGCAATTTTTGGCTCAACAAGGCTATTTTATTTTTTATACAAACCCGCACGGTGCGGACGGAATGGGAAGAGAATTTGCCGATATACGCGGAAAATACGGTACGACGGATTATGAAGATTTAATGAATTTTACCGATGAAGTTTTAAAGCGCTATAAGGAAATAGATAAGGCGAGGGTAGGCGTTATGGGCGGCTCTTACGGGGGTTTTATGACAAACTGGGTGATAGGGCATACAAACAGATTTGCCGCAGCCTGTTCCCAGCGTTCAATTTCAAATTGGGTTTCAAAATTCGGAATTACCGATATAGGCTATTATTTTAATTCGGACCAAAACGGAAATGCAACGCCTTGGAACGGACAGGAAAAGCTTTGGAACCACAGCCCCTTAAAATATGCCGATAAATGTAAAACTCCAACGCTTTTTATTCAAGCCGATGAAGATTACCGATGTTTTGAAGCGTGCGCATTTCAAATGTTTACCGCATTAAAATATCACGGCTGCGAAGCAAAACTGGTTTTGTTCCACGGCGAAAATCACGATTTATCCCGCACGGGAAAACCTAAGCATAGAATACGCAGACTTACGGAAATATTTAACTGGTTTGAAAAATATTTAAAAAAAGCGTAAATTATCATGATTTAAGCGGAGTCTTTTAATTAAGACCCCGCTTTTAATTGTCTCAGCTTGTACATTAAAACCTTACTCTTATATTTCTGCGAAGCTGTCGCCAATAAATTTTTCATCTTCCAATTTTTTGCTTTGGCATTATTAAAGGCAGCTTGTAAGGCGGGGGATAAAGTAAAATCGGTACAATTACCTTCCGTAGGGTCAGCTTCCCGATAAAGATGACAGGTGCCTTTGTTATTCGAAGGGCGGGAAGGTAAATCGGTAAAAAGTCGTATAAAGGCTTCCTCATTCAGCTTATTATTGTCGCAGCTCAGCCACTCTAAAGCCGTACAGTCCTGTACGTTAAGCTCGGTAATCTTATTGTTGCGGCAGCCCACCTCCCTTAAAGCCGTTAAACCCTGCACGTTAAGTGAGTTAAGTTGATTGTTGTTGCAATACAGGTACATCAAAGCCGTAAAGCCCTGCACGTTAAGTGAGGCAAGTTGATTGTCTCTGCAATGTAGCTTAGTAATTTTTACTCCCCTTTTTTTCTGCTTTTTATGAAAAATTAGATTGGATATCTTCCTTTAGTGATTTGGTCTATGTTGATTCGGAAGATTTCAGAGCAGCACTTGGATTTAATATTGATGATGAAGGTAACTTCTACGATTCTCTTAGCAAAGATATGGATAATGACGGTATTCCCGACAGGTATGATAATGACTTCAAGTATAGCGACTATTTTGAGTCAACATACGATGTGGAGAATAATTTGCATACCAAAGAGGAAACCTCACAGAAATTTGAGTAAAGAGAGTATCTTTATTCAAAGAATATTTTATGGTATAATAAATAAAATTTTTTAATGGAGGATATTGAATTTTAACAAAAGATTTAATGGGAGATATTTTTTATTCTGATACATCTAAAGGAACAAAATTGCTGCTATTCGTTGATATGCAGAATTAGTAGAGAGGAAAATTTTGGATATTGACCCAAGTAAAAAGATGACGATTGGTGCGAACGAAATATCTGAAAAAATTGATGCTCTCAATAATAGTGAATTTTTAAAAGAAGCATTAGAAATATTAGACAAGATAGTAATAAATTTACTCATATTGGGTATTTAGAAGAGGTTACATCTGATGATGGAAAAGGCAAAAATAAGTAAAAGCACATTTTACAAAATGAAGAATGGGCAGAATATAACGACGGATGTTTTACTTAGAATTTGCAATACTTTGGATTGTGGTATTGAAGAAATTATGGAGTGTAGTGATGAATATAGATAGTGAAGAATTTGAGCCAATATTTATGGACATTAAGGAACGATACCTATCAGGTGTAAATTTCCCTAAATTGATAGTTGGAACAGGGCTTTCTATTGCAATGAATATTCCGGGAATGTCAAAATTGGCTGAAAAATTGGAGGAATCGTTTGAAAGTATCGGTGATTTAGAGTTACAGAAGCAGTGGAACAAATATAAGGGGAAGATCAAAGATGAAGGATTAGAAGCAGCCTTATTAGATGTTTCAATAAGTGAAGAATCGTTTGTGGAAATAATTCGAGAGATAACGAGTGAATTTATTTTAGATGAAGAATATAATCAGCATCGTGATATATTAAATGAAATTTCCGGATTTGAAAAATTATTAAAGTACTTATTGAGAACTGTAAGTGTAAATAATCAAGTAATCGATATAATGACTCCTAATTATGACAGAATTATAGAACTAATTTGTGATAAATTAAAACTATCAACTACATTAGGATTTTCGGGGAATATATATCAAACTTTTAATGAAAATATACTAAAGCAACCTTATGATTTTTTTTCTAAAAGCGTTCCTTTAGTA
NZ_CP061839.1_gap2	62135	66769	4634	TAATATTATAAGTTTAAAGATTACAAATGATAGAGATAAATCGGCAGTAGCAACAATGTTAACTGATTCATTGGTAGGCTTGGTTGAAACATTACCTAATCTTGATGTTGGAGAATGTATTGTTATTGGGGATTCGATTAAGTTACCTACTAAAATTATTTTAGATAAACCTAAAGAAGAACCTAAAAGTTCAACTATTGATTTCTGGGATAGATGGATAGATGGGAAAGGCACAGTTTTCAATATTGATGAAGCAGTTAAGTGCATGATCAAACAAACAAGGTAAGAGGAGAATATAGAAAACTATCTCTCCATCTCCTTGCCCATGTATATTTCGTAATTTTTTCGTATCTTATAAAGCTCGTCCATTGTGGCTTTTGAGGAAGAATATTCTTGCATGAGGGTATTCTTTTTTTTCTTGCAGATTATCAAGTTTATCTAAAATATCACTTGGATTTGGCAGCTTGGAATAGGATTTTTTAAGCTCTGAAAGGGCATTTTCATAGAGGGTAATCTGAACTTTGTACTCGTCAAAAAATCCCTTTTCAGACGGATTCGCCTTATATTCCTTGTAGCACTCCCTGTATTTTTTAACGGTATGAACTTGTTCCATAGTGGCATAAAGCTCCTGCATCTCCTTATCAATAGCTCTGATTTTATCTTGCAGATGTTGTCTTTCATCAGCCGCTTTTTGAATATACTCGTCAAGCTGTTTAACAGATTTAATATCATGCTCTCTGATATAAATACAGACTCAGCCATTGTATTAAGGTTATGTTTCGTTGCCCAGAATTTATAACTTTTGCTCTCTTTCACTTTGGTATTGGTATTCATATCAATGATATTTCCAATGCGTTTTTTGACATCAGGAGTCTTGATAAACTTTCTTTCTGCAATTCGTTCTTTTAATCTTTCTTCAGTATAATCATCTCCGATTATTTTATACCTTGTAAATCTCGCCTTATTTTTGTATCTAAATGCAATATACTTACCATTTATTGTGTCGGGGCTTATCGGAATAATTGCACTCATTACACCGATTTTTCTTAATTGGTTTTTAAATCTTCCGATAACACCTGTTTTACAGATAATATCAGTTACTTTACTTGTTATTTCAAGTGGAGTTTATATAAAAACAAGCAAGTTAAATTTTATTTAGTTCTGAGGAGGAAAATGGTATGAAAGATAGAATGTTAAAAGATATCTTGGTGTTTCTGGTAATGATGTTGTAATATTTATTATTTGTATATTTCTCCCGGAGAAAATTCCTGTTCATTTCAATGCAAAGGGAGTTGCAGATGTGTTTGCTAATAAATACTATCTTCTACTTGCTACAGTAATTACGTACTCTGCATATTGGAAATTCATACGAGGAAGGAAAAATGAAAAGGATAAATAAAACTTGTTAAGTATTAGTAGACAAGTTAAATTGCTAATTTATCATAAATATCATTTGGACATTTATATTCTATGATCGAATGAAACTCGATACTGTTATAATAAAGCTTAATATATTTAACGATAGTCTATTTTGTATCATCAAATCTCATATGCTGTATTGAGGGACTTTCATGCTTTATTGCTTTCTAAAAGCTCTATATTAATTGATTGCCTGCGGTACTCCCGGTCGTGAAACGCTTTTATAAAACCAGACTTTTCAAACAGTTTCGCCGGCTTTTTCGAGGTAAACCGTGCTTCACCATCTGAATGATAATAAATATTTTTAGTAAGATGAGGGTGTCTTCCATAAGCTATTTTAAAAGTATCATAAACAATACTTTCCCTCATATGTAAGCTAATAGCTCAACTGTAACCAAAGAAGAAATAGAAAAGCTGTAAACCCGCTTAGCACCTTATCAATTACATAAAAAAGAGTAAACCGCAAAGTATTGAGTAAAGCTCAACTTCGCAAAGGTACATTAAAGAAATTACTTAGCAAAACACTCTTAAAAACTTTGAACTCTTAATGGTTAAAAAACCGCTCCGCAACCGGTGAAGCTCCTTTGTTCCGAATCCGCCTTAAAACTCCAAAGCTCCGGGAAATCTCTCGTAAAAGTACAAGCCTCAAAGTCCGGCCGTAAGAGGGCAGCGATTGCAAAGCGGCCGTAAAACGGTACCTCTTTTAATCTTTCAAATAAAAACTCACATCACATCTTGATAAAACACTCTCCTAGATCGGGAGAAAACGGCTTGATTTTTTTATAAAACCGTGCAATACTTGTTTTATGACAAAGTTTTTAATTATTTCCGACGGACACGGCGATATCGAAAAATTACACGCTTTAAAACCCATAGCGGAAAAAACGGACGCCGTAATTTTTGCAGGAGATTTTGCGGCTTTTCAAAAAATAGAAACCGGCAAACCTTTTTTGCGAGAACTTTTAAAGCTGCACAAACACATTGTTGCGGTTTTGGGAAATTGCGACCCGCCCGACTTCGAAGACGAATTAAAAAAAGCCGATATTTCAATTACAAATTCTTTAAAAGAATATAAGGGTTTTTATTTCACCGGTTCCGGCGGAGGCAGTAAATTTACCGGAACTACCCCTTATGAAAGAACGGACGAAGAACTCGTAAGCGATTTATCCGCCGTAAAGCACCTTGCCGAAGACGGCATAAAAAATCTGATTTTAGTTTGCCACAATCCTCCCTATGGAGGAAAAACCGATAAGGTAGCTCCTTTTATACATGTAGGCTCAAAAAGTATTACCCGTTTTATTAAAGTTTATAAACCCCTTCTTACCGTTTCCGGGCATATTCACGAATCTTATGCGATAGACAAAATAGGAGAAACCGTGCTTATAAACCCCGGCGCTCTTATGGAAGGCCGTTATGCAGTAGCGAATATTTCTTTATCTAACGGAAAATTTAAGATACAAGCCGAATTAAAATGTTTGGAATAAAAGATATTTTAAGTGCCGATACGAGTTAAAATAGCCTTTTTTCAAATTATCGCCTTTTGTAAAACTCTACAAAAGAAAAAACACCGTTCCCGCACATACGAGAGGGATTAAAATATTATCCAGATTTTTTAAAGGCAAAGCTTCGGAAACGGCGGCGGCGCAGGCGGTAATAAAACTTATTCCGATATCCTTCGTAATAAAAAGGGAAGAAATAAAAACGGCTGAAAAGCAGGTAAGCGTGCCGGCAATTGTTTTATCCGAAGTAAAAGGTAAATGCGTTTTACCGAAAATTTTACCCGCAACGCTTGCAAGCCCGTCGCCTAATGCCAAAGCCGATATACCTGCCGCTGCGGGCTTATACGGAAATAAAACAAGAGTAAAAATAATCCCTATAGAAAGGGTTACGGGGCCTAAAACGAATTTACCCCTATCCCTATCTCTTGAAGCAAACCTCGTAACTGCGGAAACCAAAATAATCTTTTTTCCGTGTAAGCGTAAAATTTCAAAAACAATATATAAAACGGTTATTGCGGATAATCCTATAACGGTTTCGATAAAAAAGAATTTTGCAAATATAAGAACCGCTGCGGAAAAAACATGAATAATTTTACGGAAAACTTCTTTTAAAAGAAGCTCGGTATGTGCACTTTGAGAAAATTTGCTGTATCTAAACTTTTTTATGAAATTCATTATTCATTAAAACAAACTTGAGCAAAAAAAAGTTGCAATTTTAAAATAAACGATTAAGCTGACCGTGTCTACTACGGTAGTAATAAGAGGTCCCGCCATAATCGCAGGATCAAGTTTTAGTTTTTTTGCGGCAATAGGTAAAAGCCCGCCTGTAATTTTTGCAATCATAACCGTAACTACCAGTGTAACGCCTACGCTTAAAGCTATTAACGGATTTTTTCTTCCGAGAAAAACGGACTTAACAAAACTCACGCTTCCTAAAGCCGTCCCTACCATAAGGGCTATTCTGAATTCCTTCCAAAAAACTTTACGCCAATCTTTTAAATCGATTTCTCCCGTTGCAAGTCCACGGATAATAAGCGTTGAAGATTGGCTTCCCGAATTTCCGCCCGTATCCATGAGCATAGGAATAAAAGCCGTAAGAATCGTCATAGATGCAAGAAGATGGGTGTATTGCTCGATAATTGTTCCCGTAAAAGATTCCGAAACCATAAGAAGTAAGAGCCAGCCTATCCTGTGCTTTGCAAGTTTAAAAATACTTGTTTGCAAATATGTTTCATCGTTAGGCTGCATAGCCGCCATACGCTGAAAGTCTTCGGTCGCTTCCTGTTCCATAACGTCCATAATATCGTCAACGGTGATAATACCTATAAGGCGGGTTTCGTTATCTACAACGGGAAGAGCTAAAAAGCCGTATTTTTTAAAAGTGTGGGCAACTTTTTCCTGATCATCGTGAGTGTTTACGCAAATAAATTCTTTATTAAAAAGCCTGTCTATTTTTTCGGTTGAATCCGCAAGAACCAAATCCTTTAAAGAAATAAAGCCTTCAAGAATTCTGTTTTCGTCCGTAACGTAACAAGTATAAATCGTCTCGCTTTTTAAACCTACTTTTTTTATATAAGCCAAAGATTGTTCTACCGTCATTCCTTTTTTTAAGCCTACATATTCTGTAGTCATTAAACTTCCTGCCGAATCCTTAGGATATTTTAAAAGTTGGTTTATAAGAACGCGGCTTTCTCTGTCGGTGTTTTTTAAAATTTT
NZ_CP061839.1_gap3	103835	106845	3010	TTTTCGACAGTTTTTATTGAATTGCCTATTTTTTCGATAGTTCTGTTAAAATATACGGCTAAATCGGTCATTTCGTCATTACCCCGCAAGGGAAGTCTGACCGTTAAATCTCCGTCACCTTGAGCGATATCTCTAAGAGCATTATTGGTAAATTGAATCGGTTTTGATATCATTGTGCGGATTAAGATAAAAAGCACAATTACAACCAAACATAGGGCAACCGTATAGTATATTGCCGTAGTAAACATACCTTTTCTTGCTTCCCGTGTAGATAAGCTAATCGAAGTTACCGAAACAAGAGCCCATTTTGTTTCCACTCCTTTAAATCTGACCGGTACAAAGATAAAAATAGAGTTTAATCCTGAAGTCTGTGAAGAGCTGAGCATTTCTCCGCTCTTTCCCATTGCAACGGAAGTAAAAATATCCTTAAATTCCGGAGTTACTTCAAGCTGATTTGTCATAACCTTTGAAGAATCCACTCCGTGAGCGATTATAGTACCCGTGTCGGCGCATAAAACTCTGAAATTTTCTTTTGAAGTGGACGGTATTTGCTCCACTCTTTTTTGAATAAAAGTAACGTTTATATCGGCATTTAAAGCTCCCAATACCTTCCCTTTATGAATTATCGGTATGGCCAGAGTTGTAACGATATTGGATTCATAATCATAGGGAGGACATAAAACCGAGTTTTGCTGTTTTATGGGTTCGTAATACCAATATTCTTTAGAGGGGTCGTCAACTCCGTCTATTACAATGGTGCCGTCCTTTTTATTGGTATACGTAAGAAAGCGTCCGTTTGTTCTGTAAAGAGGAATACCTTTAAACTCCGAATCTTTTCCGTCAAAGGCGTTAGGTTCGAAAAGAATCCCGAAGGCTTCCAAGGTTTCATTTTCAGCTAAAATAACTTTTGAAATTTCAAGCAAACGGTTTCTGCTTCTTTGTTCGACGGGCAAATTAAGTTCCGCTTCTATAACTGCTACCATATCTCTTGCCGACTGACCGACTTCGGCAAAAATAGATTCAATGTCGTGAACAAAGCTTTCGTTTTGGTTTTTTGTAATTTCAGTATTTTCATTAATTGAACGTTTATAGTCTCTTATACTGTCATAAGTTCCCTTACCGTAAAAACCGCAAGCAGTACCGCCGAAACGATAAATGTAAGTTTAAATCCGAGACCCTTTCTATTCATCGTTTTCCTGCCTATTTTTTCGGGTGGGGGGGGGGGGGGGTAATATACCCATTTTTTGTATTCATGTCAATTGCCTCCTAATGAATTTACGGGAGCGATTATATACATATAAGACATGTTTTGCAATAGAAAAAATAAAGAAAATGCAACAATTTTTAAAAATCTTTATAAGATTTTTTGTTTTATAGACCGTTAAGACCGTTAAATCCCGAATTGTATTTACCGAATAAAATTAAAGCGGATTTTCTATAAGTACAAGTTCCGATTTTTCGATTGTACTTATTTCTTCGAGTTTTTTATAAGGTAAAACAAAACGTTCCATTTCGGGAGGTTTTAATTCCGTATATTTTTTTTCAAAAATCGTTTTACCGTTTACATTTAATTCTAGTTTTACATTTTTTAACTCTTCGGAGGAGCGAAAATAAAAAACGATATCGGTTTTTAGTTCGGGATTGATTTCCTGCGGAACGGCGTAAAGGAATTTTCCTTTAAGTTCTATTTTGCATTTGTCCGGATATTCTTTTTCGTTTTTTTCCGCCTTATTTAAAGAAATATTTTCCGCAAAGCGGCAAGCGGCTTCTCCTGCCGTTTTTCCCGACTCGGAAACGTAGTCTACCAGGTCGTTTACATGCAATGCGTTTCCGCATGAAAATAAACCGCTTATCCTTGTATGCATTTCCTGGTCTACTATAGGGCCCTTTGTTTTTTCGTTTATGGGAACGTTTAAGCTTAATAAGATTTCATTTTCCGGGATTAAACCGACACTTAAAATTAAAGTATCACATTCGATACGTCTTTCGGTACCCGGAACGGGGTTCATCTTTTCGTCAATCTTTGCAACATAAACGGCTTTTATCCTTTTTTCACCTTCAACCGAAGTTACGGTTGTTTTTAAATGAAGAGGAATGCCGTAATCTTCAAGACATTGTACTAGGTTTCGGGTTAAGCCTGAAGGTACGGATTTGATTTCGTAGACTCCTTCGACTTTAGCTCCTTCTATAGTAAGCCTGCGTGCCATAATAAGGCCTATATCTCCCGAGCCCAGTATTACGCATTTTTTCCCGGGCATATAACCGTGTAAATTTATAAAAGCTTGCGCTTGTCCTGCGGTAAAAATTCCTGCCGGTCTGTCGCCGTGTATTGCGACTTGTCTGTCGGTTCTTTCGCGGCAGCCCGTTGCGGCAATAAGACTTTTTGCCCTTAAATTAAAAACACCGTATTCGGGATTTGTAAATTCCATGGAAAAAAACTTATTTTCTTTTTTTAACTTGGTTAAAAAAGTAAAAAGAAAAATATCTATATTTTCTCTTGCCTCTACCATTTCCTTGTAACGCCACGCATATTCAGGGCCTGTCAGTCTTTCCTTAAAGCGGATTAGACCGAAGCCGTCATGAATGCATTGCTTTAAAATGCCTCCTATCTGCTCTTCTCTTTCTATAAGGGCGATTTTCAGCTTGGGATTTTTTTCCGAGGCGGCCAGGGCCGCAGCCGTCCCTGCGGGGCCTCCGCCTATAACGATGATGTCATAATCGGTAAATGCAAGTTGTTTCATTTAAATCTATGATAATACGGGAAGTAATATCTGTCAAGGATATCGTATTGGGTTTATTTTTTTAATATTTTCATATGGTAAATTGTAAAATAAATTGCCCAAAAAGAGGTTGTTCACCTGAGCTAAAACTATTATGATGAACTTGCAAAACAATAGCAAGAGCTTTACACAGAGATAGGTTAACCATAGAAAGAGAGTCCTAAAAAGGAATGGTACAAAAATTCATAGAAAATTTATATGTAAGCCGTAATCCGAAAGTTTCTGATTAT
NZ_CP061839.1_gap4	144972	148989	4017	TTAACGAAATAAGTGCAAATATAGGCGGAGTAAAACAGCAGGCATTTACACAGTCGGAAAGTGTTGCGGAAACGAAATTGATTATAGAACAAATTATCGGCTTAATAAAAGAGCTTACGGGAAGGATTGAAACTCAAGTTTTAAGCGTAGAGCGTTCTTCGATATCAATCGGGCAAATGGTTGAAAATATTATAAAAGTAACGGAAATGCTTGAAAAAAACAACGAACTTATTAAAGAAGTGTATAAGCAAACCGAAAACGGTAAAAACGGAGCCAGAACAGCAAATGAGATTGTACAGCAGATTGCCGAAAAATCAAATTCTCTTATAGAAGCGAGCGAGGTTATAAGAAATATTGCAAGTCAAACCAACCTTTTATCAATGAACGCCGCAATAGAAGCAGCTCATGCGGGAGAGGCCGGAAAGGGCTTTGCCGTTGTTGCGGGTGAAATCCGAAAACTTGCGGAGGAATCTAATATACAGGGAAAGCAAATAGGCGATGTTATAAAACAATCGCTGCAAATTATCGAAAACATTGTAGTTGCCGGTACGGGAGCCGAAATGACATTCGGACGGGTTTATGATTTGGTAAAAGAAGTTTCGAATCAGGAAGCGATTATTTTAAAAACAATGCAGGAGCAAAAAAACGGAAACAACAATATTCTTGCCGAAATTAAAAATATCAACACCGTAACGGAGGAGGTAAAAGCAAGCTCCGATGAAATGCATTCAGGCGGAAAAAAGATAGAAAATGAACTGAAACGGTTGGACGAGCTTACCGCCGTAATTAAAAGCAGTATGAATGAGATGGCAACCGGAGCGGTACAGATAAACAATGCGGTTCAGGAAATAAATGAATTGACCGTAAAAAATAAAGAAAGTATACAATCTCTAGCGGAAGAAATGAAGAAATTTAAATTGTAAATTTTATTTTTTTGTAAAAGAGAATTCCACGGTTAAATCCGCAAGTATTTGCAGGCAGGCTTTTAAAGCCTGCCTATTTTTTTAGTATTTATTATTACTTATTGACTTTTATTATTATTTATGCTATAAAATTTTACATAAACCGTTTACGGTTTAAATTTAATTATAAGGATTAAGCAAAGTGCGAAGATGAGTATTTACCCTCGAAGTAATTTTACTTCATTACAATTCACATAAAAGTGCGGAATTAAGTAAGCATTGCAGGGTAATAGAGTCCGCTTTTGCAAAGCTCCGAACCCTTCCCGTAAAATAAACCGCCCGATAAAAACACGGCTTACTGTATCCTCCGGTTTGAATTATTCCAAGTTTTGAGTGTAAAACTTATCGAAACATCTTACCTCTTAATCCCATCGGCAGGAGGGATGTATGAAAAAACATCTTACGGTTATTGTAACGGGTGCGGTAATAGGTGTTGCCGCTCTCGCATTGGTTAAATTCGGAAACCCTGCAAATATGGGTTTTTGTATCGCGTGTTTTTTGCGCGATATTGCAGGAGCATTAAAACTGCATAATGCCGCCGCAGTACAGTATATGCGGCCTGAAGTAATCGCTCTTGTACTTGGAGCCTTTGTAATTGCTTTTGTAAAAAAAGAATTTAAACCGCGCGGAGGTTCGGCCGTTTTTACCCGTTTTACACTCGGCTTTTTCGTAATGATAGGAGCCTTAATGTTCTTGGGGTGCCCTTTAAGAATGTTTTTACGTTTGGGAGCGGGCGATATAAATGCAATTTTCGGCCTTATAGGTTTTGTTGCAGGAATTTTTATCGGTGTTGTTTTCTTAAATAAAAATTTTTCTTTAAGCCGCGCTTACAATCAGTCCAAGCAGGAAGGCGTAATGCCGATTATTGTAATTCTTTCATTCTTTATTTTATTGATTGCATTTCCGTCGGTGCTCATTTTCAGCGAAAAAGGACCGGGAGCAATGCATGCCCCCGTTTTTATTTCTCTCGGTATAGGTCTTGTTGTAGGAGCTTTAGCTCAACGCAGCAGAATGTGTACTGTAGGCGGAATAAGAGACGCAATTATGTTAAAAGATTTTCATCTTTTATGGGGAAGCATTGCAATTGCGGTAACGGTACTTATAGGCTCCTTAATTTTAGAAACATTTAAATTCGGTATGGCGGAACAACCCATTGCTCACACCGACGGACTTTGGAATGCTTTGGGAATGCTCCTTGTAGGTTGGGCAAGCGTATTGCTCGGAGGCTGTCCCTTACGCCAGCTTATTTTAACAGGCGAGGGCAATACCGATTCCGCAATAACCGTAGCGGGGCTTATGACGGGGGCGGCATTTGCGCACAACTTTGCTCTTGCCTCATCGGGGAAAGGGCCGACAGTTCCCGGAATGATTGCCGTAATAATAGGTTTAACGGTAACGGCATTTATAAGCGTTTATTATTCGGTAAAGAATAAGTAAGATTTAGATATTTTTTTTAACGTCCAGGTGAGTAAAATTCACCTCGGATTTTTTAAAAAAGAATTTAGTAATTCTTTTAAAACTTTTTATAGGAGAATTTTTATGGCGGAAATTATTGTTGATACGCGCGGGCTTTCCTGCCCCGAACCTGTTGTACGTACAAAAAAAGCATTTGAAAAGCACAGTGCTTTTGATGTTCTCGTTGATAATGAAACTTCAAAAGAAAATGTAATACGCTTTTGTGAAAAAATGAAGGCCGTTACAAAACTTTTTGCCGTCGATGACGGGTGGAAAATTGAAGTTTCAAAATGAATAACGAATACTTAATTACCTTTCATACGCATTTTCAGGCTCTTACCTGTATGCGTATCCTTGAAAAAAACGGGCTTGTAAAAAACGGTTCGGCTGTAATTAAGTTAATTCCCGTGCCGCGAGAAGTAAGTTCAAGCTGCGGCACGGCGGTTAGGCTTAATTTAAAAAAGGATATTGTGTTCGATAAAAATTATTTTAATGAAATCGAACGGGACGAATTTTTTAAACTCGGTGAAGGCGGAAAATACATTCCGGTTTAAAATATTTTAAAATATAAAGAGGGAAAAATATGAGCTGTAATCTTACGAATAAAAATTTCAGTTTAATTAAATCCTCATCGCATTCAGGCTGAGGAGCGAAACTGAGTGCGGGCGCTCTTGACGGTTTATTAAAAAATATTCCCGTTCATTTTGATTCAAAACTTCTTGTAGGTTTTGATACGTCGGACGATGCTGCGGTTTATAAAATAAATAATAAAACGGCTTTAATTTTTACGGCCGATTTTTTCCCCGCCATTGCCGATGAGCCGTATATATTCGGACAAATTGCGGCGGCAAATGCTTTAAGCGATATTTATGCAATGGGCGGCACGCCGAAACTTGCGTTAAACCTTTTGTGCATTTCGGAAAAAATGCCTGAAAGTATTATAAAAGAAATTCTTAAAGGCGGTGCCGAAAAAGTTTTTGAAGCCGGAGCGATTATTGCAGGAGGTCATACAATTTATGATGAAGTGCCGAAATACGGTTTAGCCGTAACAGGATTTGTTCGGCCGGATAAAATTTTAAAAAATTCCGGAGCAAAAGAAGGCGATGTTCTAATTTTAACAAAGCCCATAGGTTCAGGAATTTTAACCACCGCTTCAAAAGCTGAAATGCTGGATTTTGAAGAATTACAAAGAGTTTATAAAACAATGGCTTTTTTAAATGCGGCGGCGTGCCGCGTAATGGTAAAATATGAGGTTAATGCCTGTACCGATATTACAGGTTTCGGACTTTTAGGTCATATTTACGAAATGGGAAAGGCTTCAGGTGTCGGTATTGAAATTTTATATAAAAACGTTCCGTTATTTGACTCGGTAATAGAAAATGCGGAAATGGGTTTTGTTCCTGCGGGAGCATATTCAAATAAAAACTTTATAGGTGATAACATTGAATTTATCGAAACTCCGCGCGCATATCAGGACGCATTGTTCGATCCTCAAACCTCGGGAGGCCTTTTAATTTCGGTGCCGGAATATTGCGCGCAAAAATTATATGAAGAGCTTTGTAAAAATTTACAAGACTCCGTTTGCGGTAAACCTGCAATT
NZ_CP061839.1_gap5	150154	151584	1430	GGAAACCGATGAGAAAAAATTAAAAAGATTTATCTTTAGCGGTTAAAATACACCGTTAAAGAGCCGTCAACCTTTAAAATCCCATAATTTTTAAGGTTGACGGATTGATATAATTGGTAATAGAGAAAATGCAAATAAAAAGAAATATCATTGCTTTATTTATAACGGGTTTAGGAATAGTATTGTCGTTAATACCGTTTGTATTTGCGCCGGTATGCCCTATGACAAAAAACGGAATGTATATGACGTGCCGTTACAGCGGACTGTTGGTAATGTATATCGGTACGGCAATTGCCGTTACCGGCATTATAGAAATTTTTATAAAAAATAAAATTATTTTAATCGTATTAAATTTAATAACCGCAAGCTCATCTCTTGCAGTACATTTAATTCCGCATAAGGTTGTTAAAATTTCTTTCGGTATAAATAAAGACGGCTTCCCCAGATTTTTCGGAATTTGCGGCAGCCCTTCTATGGAATGCGTTAAACATAACACATTTATAATTACCTCAATTATTGCTTTAATAATTTTACTCCTTTCAGCAGGTAATATCGTATATTTACTCATTAAAAAAAATTATGGGAAAAAATTATGAAAAAACCGAATAATTTGACACAAGAACAGCTACATGAAATTGAACGACGGTCTAAAACAAAAGCGGGGAAATTATTGGATACCGTTATTTTACTTTTACCTTCACTCATTTTATCGGTATCTCTTTGGGAATATTATTATCTTCCTAATTTTGCCGGAAAGACGAGCACAAACATATACGGATTCTTTTTAGGAATTCAATTATGTGTTTTTTTTATTCTTGCGGTTTGTTCGTTTTTTATAAAAAAATTATATTACAAAATAAGAGCGGCAGCCCCATTTGCATCTTTTGTATATTTACTTTTAACCGTTTATGATTATGCAGCGTTAAAAACCGATGCGGTTCCGTTGCCTTACTTTCCATGGATTGACCATATTTTTAATGCTATGCTTGAAGATAGGGCTTATCTTTGGGACTGCATAAAAAATTCTTTAAAACTCTTATTTACGGGATATTTTTACGGAGTTATAATAGGATTAATAACCGGCATTGCATGCGGTTACAGCAGATTTATAAATTATTGGATTTCCCCTTTTATGAAACTGTTAGGAGCAATTCCTTCGCTTACTTGGATTCCGGTTATAATGGTTTGGTCGCAAACCCTTTTTCAAGGAGCCGTAATCGTTCTTGCCTTCGGTGTATGGTATTCCGTTACAATGGCAAGTTATATCGGTATAAAAAACATCGACAAATCCTATTATGAAGCGGCAAAAACTCTCGGGGCTACGGAGCATCAATTGATTTTAAAAGTTGCAATACCTTCCGCACTTCCGCATATCTTTCAAGGTCTTTTACTCGGAATGTCTTCCGCATGTCTTGCTCTTTTAGCCGCCG
NZ_CP061839.1_gap6	208793	211427	2634	TTTAAGTGCAACGGACGTTATCGCGCTTGAAGGCGATTGGATTTTTGTACCGAATAAATTCGTTTCCCCGTCGGACAAGTTTTATCAATATACCAGATTTGAACATATAAATTCCAGTTGGACGAAATACTCCGAGCCTGAACCCGAGTACGGTTATGCAACTTATGCAGTAAAATTAACGAACTTATCCGCCGACGGAGTTTATGCAATTAAAACCGCCTGTGTTTCTTCCGCATTTGTTGCATATTTAAACGGATTGGAATTTATGCGTTCCGGTAAACCTGCGGTTTCAAAAAAAGAAGAGGTTTTTAATTGGGATTCTTCTTTTATGGTTTTACCTACCCGAAGAGCGAAAGAAGCGATTCTTGTTTTTCATATCTCGAATCACCACGATAAATTTCCCGGTTTTCAAAAACCTGTAGAAATCGCTTTTTATTCCACTCTCGCAAATGCAAAAAATAAAGATGTTTTAGTTTTTACCATCTTAGCCGGAATTTTACTGGTAACCTCCGCCTTTTTTATTTCACTTTATATATTTTATCCGAAAGAAAAAACTTCTCTTTATTTCGGTCTTTTATGCGTAAATTTCGGTGTGCGTATTTGCTGCTATGATGAAGTTTTATTTACGACAATTATTCCTAAAATAAATTCCATATTTTTGTTTAAATTGGGCTATGCGACTTTTTCGCTTGCTTTAGTTTTCGCTTCGCTTTTTATACACGAATTATTCGGAAAGATAAAAATGCGTTATCTTTATATAATTCTTTTTCCGGCATTTTTATATGCGGCAATTAACTTGTTTGCACCGATTTCGGTTTCTACGAATTTGCTTGTTTATGCTCAAATTTATGTACTGGCGGCGGCAATATATAATGTTGTAATTACCGTAATGGAAGCGTTTAAGCGTAATAAGTATGCTCATCTTTTTTTGCTGGGAGTTTTGGTTTTTTTATCGATGAGCATACGCGATATGCTAATTGCAAATAAAATTATAGAAGGCGGTTTTTTATCGCATTTCGGAGTTTTAACCTTAGTCGCCCCGATGGCAATTATTGTATTGCAGTATTTTAAAACCACATCGGAAAATGTAATCGGGTTGGCTAAAAAAATAGAGCTTACAAATACGGCTTTGGCTAAATTTGTTCCTATAGAATTTATGAATTTCTTAAATAAAAAACATATAGAAATTCGGTTGGGCGATAATATTTTAAAGGATATGTATATTGCCTTTATTCACTTGGGTATGAAAACCGGATTGGAAACCGAAGCCGAAAGGCTGAGCGTTCTTCAGATTTATAATAAAACTCTTGCCGATATAAATCCCGTAATAGAAATACATAAGGGTTTTATCGATAAATATTTGGCGGAAGGGCTTATGGTTCTTTTTTACGGAACGGCGGAAGATGTTATAGATTGTATGCTCGAAATAAAGGAAATTATAAGAGTTGAAAATTTTGAACGCGAAATACGCGGTATGCAAAAAATAAAACTTGCCTGCGGGGTACATTACGGAAAGCTTATGATAGGTACGATAGGGGAGCAGGCACGAATGGACAGTACCGTTATTTCCGATGCCGTTAATATAGCTTCGCGGCTTCATTTTTATGCCTTAAAAAAAGAAACGGAAATTTTTGTAAGTGCCGCCGTAAAAAATAATGTAAGTCCGGAAGCGGAAAGCCGGATAAAATTTAATTTCGGCGGGTTTGTAAGATTTAGAGGTAAAGAAGAGCCGGTATCGATTTATGAGGTAAATAAAATATGAAGGCTGTAAACAAACGATTGATTTTAGGCTCCGTTCCGTTTTTTGTTCTTTTCGTTTTTTTATATTCGGTTTATTTACTGAGGCCTTTGCATGAAACGGAAATTGTTGCTCTTAAGGCGGTGAAAGGAATTGTAGAAATACCGGCAGGTTCGGCAAATTCGGTATTTAAGTTAAGCGGTGAATTTTATTTTACTCCGAATCAGTTTTATTCTTTACGTAATACTGAAAAAGAAACTTACGGGCAAATCCCCGGAACTTTTAAAGATACGGTATTAAATTCTAGATTCGGATACGGCTCTTACGGTCTGCATATTTCAGGTTTGGAGCCTACAGGTATTTACGCTTTGCATGTGGGTCATGCATTGAGCAGTTCCGCCGTTATTATTCACGGAAGGGATATAACAAGGCAGGGACAGCCGGGGATAAATAAAGAAACGGAAATTCCCGGTATAAAATCTTCTAAGGCAGCCTTTAGACCTAAGCCTGACGGAACGGTGGATATAATTATCAATATTTCCAATTTTAGAAACAGAAAAGCAGGGTTTTCTTCTTCGTTAATTTTAGGAGAGGTTAACAGTGTAGGCGATATGTTCCGAAGCGATTTAATCTTTCATGCAGGGCTTTTTGCCGTTATTTTTACCGTTGCGGTTTTCTTTTTTTTGTTGTCGTTTTTTTATAAGCAGGCATCATTTGTTCTTTGGTTTTCGTTTGCGTCCATTGCATTGGCAATACGGGGAGTTGTTTTTTACCCTCATATTGCTCCGATTATTTTTACTGAAATGCCGTGGCGGTTAAATTTTATTCTGAGGTATGTTACCGTTCCGCTTCCTGTAATATTTTTTACTATATTTTTAAAACGTGCATTAAATATA
NZ_CP061839.1_gap7	218517	220095	1578	TAAATATTTTCTTCTTTCGGTTTGCGTCATGAAAATAGTTCCTTACAATCAGGATATTCATTTGTCTTTGTACATACCATATAATCCAACATTTGGGTATTTAATGATTGTTTTATTTCACGCCACCTCGGCATATACTTATCCATGAGAGCAATAAATCTATCATTATGATTTTTTTCGATAAGATGAATAAGTTCGTGCAGTAAAACATATTCTAAACATTCCGATGTTTTTTTTGCAAGCTGTACATTCAGCCATATTTCCCGTGTTCTTGTGTTGCAGGAACCCCAACGAGTGGTCATATATTTTGTACGCCAGTTTTCAGGTTTTAAACCGGTAATCTTTTCCCATTTTGGAAGCACCCGCTCTATTTCTCTTTTTAACAAACTCCGGTACCATTCCCGTACAATACGTTCCCGTTGCTGTATGCTGCTGTTTTTTTTGACGGTAAAAAGGATTTTATTTCCCGAAAGTTCAAGGAAGTTTTTGGTGCCGTATATCACTTGTATATAGCACTGCTTTCCCCATACATACAGTGTCTCGCCCGATACATATTCCCGTTCACTTTGGCGTGCTTGATTTTCAAATTGTGCAACCTGTTTTTTTATCCATGCCAGTTTTGTACGGATAAACATTTCTATTGTTTCATCTTTAAGAGAATAAGGAGCCGAAATACTTACTTTCCCGTATGGAGGTTTAACATACAAGTGCATATTTTTTATATCTTTTTTGTACACTTCTACAGGAATATCGAAAACGGTAATAATCATTTAATACTCCGGCTGCTGTACGGCAAGATTGTAAATATCGTCAACTTTATTTTTATCCGCTATTATATTATATATTGCCCGTTTTATTTTCTTTTCTTTGACTTTGTTGTATCGGAAATCGGCTTCTTTACTTTCTCGTATTGCCGTATCAAGAGCAACAGCCAACTGTTCATCATTCCCGAAATTATCGTAAAAAGCACGCCGTGCACCGCTTGTTCTAATACTTTTCGGGTAGTCCGTATTGTTTTCAGGCTGCTCGGACTTTTTGACTAATGCAATATATTTGTTTAAAAGTTCCTCATAACTATGAGCTGCCTGCCGCCGCTGTTCAACCAGCTCCATAAGAATAGCGGAAAGTTTTGCATAATATTTAGGATTCATCAGCTGTTTTTCTACTATCTTTTTGCGAATGTTATTTTCGATTATTTCAGCGGCGGCGTCTTTATTTTCCCCTTTTAATTTTTCCGCCTGAATTAAAATAAAATCAAGTAAGGTAAAATCATCAAATGCGCCTAATTTACGGCTGTCATCCGCTTTGATATAAGTATCGATAAGATAACGCATATCGCTTTCATACGATTTAAGGTCGATAAAATCCCCGCTTGCCCTCCCTATTTCCATTTTAAGCGATATATAAAAACGCACCTTTTCATCTATTATGCTACGCTGTTCAAAAGTATAACCGGCATCTTCCATATCGCCTTTTATTTCGGCGTAAGCACGGATCAGTTTGTTTACTGACTTATATAATTTTTCGCGGCTTTTTGAATATATTTCATCATCAATGCTGGAAATACCGTCTGCACCG
NZ_CP061839.1_gap8	246038	249296	3258	CTGCGCTTCGGCAACGACCGTTTTACCGACTTTTCCGTTTGAACAAATGACTGCAATTTTCATTATAGCCTCCTCATAAATTTTTGCAGGACGTATGTACTGTCCCCGTAATGCTGTTCTTTTATCATTACAACAAAAATATACAACAAAATGGTTGTAATGTCAATAGAACTACCAAAAGGTTTTAATTTTTTTTGCAGCTACTTTATTTAATAAGTAGCAAAGAATTTAATATGTTTTTATTTATTTTGATTTTAAAAGTTATTTGTTCTTTTTTGCGGGCTAGGTAAGAGTCTGCTTTAACGGAAAAGCGGTAATTCATTTAATTTTTCTTTGTGTGATTGGCGAGTTAGTATCCATCCTGTGTTTTTAATCGCCCCTATTTAAGACGATTGAAATAAATTTTTATTTACATTGTATCCCGTCCATACCTTGCAAAAGTCTTCGAGTTTTATTTTTTTCTTTTCACCTGCGGGGTCGTAGATAATTATTTTTTCTTTTTTAATTTTTTTAACAACAACAAAATGAAAAAACTCTCTTTTTTCTTCACATTTTTTTATATGTACAATAAAAGGAAGGGGCAGGTCTTGACTTAGGGCTTCCTTATCGCCTTTTAAAACTTGCACCGAAAAGCCCATAGCAGTGCCCGCTTTTGCGGGCACTACAAGATTAGTACCGTGCGTATCGGTTCCGGCAATTTCACGGATTGATGTTACAGAGTATTTTGCTTTGTAGTGCGAAGCAACCATTGCAAGACAAGCCGCTCCGCAATCGGTGCCGTCGAATTGGGTGATTAAACGCATAATAAAATATTATAAAGATAGTGTTCTATACTTTATAATAGTGTACTAAAAATTTTACCTACCGCAAACCCCAGTTTATAAGCAACCAGTGTTATCGCACAAATAATAAAAACTTTAAGTGCTAAAACACACCAGCCGTTTAAATCATCTTTTGCCGGAATAAGATTGTTAATCATTTTCACCACCTTCTTTTTTACCTGCTGTACATCCATGAGTACATCCAACCACAAAACCTATAACAGCACATACAATAGCAACACCAACAACACTACCGCCGGAAATATTAATTTTTTCTTCTTCAGTAACTGGTAAAAAATTTTTCATAATTAATAGTTCCCCTCATAAACCCTACACCATAACCTAAAGTGTAGCCAGTTAATGCCGCTCCTGTAATAGCTCCAACTACGGCAACCGCTGTAGCAATAAAACCGCCATCAACCATTACCATCTCTATTTCAGACACAGGCTGAAACCCATTGCTCAATAAATCTCATAAAAACTCCTTTGTTTAGGCTCCTACACCTAAACTTAAATTTAGTATTATATTAAGTATAGCATACTTTATTTATTTGTCAAGTGTTTATTTTAGAAATTTGCAATTTTTATTTATTTATTTTAGAGAACTCCAAGACCGCAAAGGTTAATTGAAGACTTGGTTATAAAAACTCCCTTTAAAATTCCTTTGCGTCCTTCGCGGTTAAATTAAATGGCAAACAAAAAAATAGGGCTTTCTTATCTCCTTTTAAAACTTGTACAGAAAAGTCCATAACCTTACCCGCTTTTACAAGCCCTCCGCAAGATTTGTACCGCGCGTATAGGTTCCGGCAATTTCACGAATCGATGTTACAGAGTATTTTGCTTTGTAGTTCGAAGCAACCATAGCAAGACAAGCCGCCCCGCAATCGGTGCCGTCGAATTGGGTGATTAAACGTATTCGTTTTAAAGCAACTTCTCCGGTGTTATTTGCACCGTTTTTTCTTTACCGTTGCCGTCAATATAGGTTATTTTTAAGTTACTGCTCCCGCTTATCAAGATTTTTATTCCCTCTATACTGTATTCCGACACCTTTTTTGAATTTAACCGAGTAATTATAGTACCCGGTCTAAGTCCTGCTTCCCATGCAGGAGAATTTTCTATAAGCGAAGTTACAATAAGACGGTTTTGGTCGAAAATATCAAGATGATATATTCCTATATTTTCTAAGCCTGAACTTCCTATAAAAAAATTAAAATATTCATAAGGATAACGCGGTTTATAATAAAACACGGCTTTTTTTTCATTGCGTAAATCAAACAGCATATCGAATAATGATAAAAATTCCATTCCGATTATATCTTCAGATAAACCGATAGAATGAGTAGTAAAATCTTCATTTTTAAATTTTATCCCCATTACCTCAACAGCCCCGGTTTTAACTATAAAACTATCATATCCCGAAAGTGTTTTTATTTTAAACTGTTTTGATTTTTTAATGTTATGAGCAGTCGGGGATAAAAGTATACATCCGCCGTATGAGGCTCCGGTATCAACAAATGCATTATAAGTCTTACCGTCAATTATAATCGGAATAAATATTTTTAATTCAACTGATGAATAGTTTTGGATAGGTAAAAAATCCTTATATTCATCAGGTTTTTTATCATAAATTCTTATAACCGAATCGGTCATGGATATTTCAAACATTTTATCTTTAAAAACATTCAACCCTATTATGCCGATATAATCCTTTCCCATATTCGGATTATCCGATACCATAAAGTAAGAATTTATTTTAAGAGTATTACCTGCAAGTACAATATCATCAATGGAATATACCGATACGGAATCTTGCACACCGCCGATTATTAGACTGTAATTTTCAGCAACAACTTTAAAATTATTATAATTTTCTTTTTTATCAAAAATCAAAGATGCAAATGTTCCGGTATCGAATAAAAAATACCCTTTTTTACCTGCAATTTCCGCATAAATAAAAATTGATTTTTTTTCGTTATCATAATAAAAAGGAATTTCGATTACTTCCGAAGCAGATAAAACAAAGAACATAAAAATAAAAAATGCAGTAAATAAATATTTTTTCATACAATTTTTTCCTATATACCCTATAGATATAATCTATATGGTATAACAATTGGTTCTGCTGAATTTTTAATCAAAGAAACTCCTTCTTTGATTTATGGGAGCGGAATTTTAATTTTGATACGAATACCGCTAAGATATTTTTAGTGTAACATGTCTTAGTTGAGTTGTCAAGTAAAAATTACATAAATGTCAACAACAAGTGAAAAACTAGTCAAGCGGAATGGAAGGGGCATCTGGTTTCGGCTGCATTAACCGGTTTCCTGTTTCGGTACGGAAGACTTTCTGTAGAGAGCGTATTAAGCGGTATATCATACTCTCTTGTGTAGCGGTATCCTTTTTTTAATGCACTATATTCAATAGGAGCATTAAATCT
NZ_CP061839.1_gap9	282496	286868	4372	AAAACTGCAAATGCTTTTACGCGGGCAAAATCTTTTAGGGTACAGGCATTATGCCGATGATGTCGTAGATAAATTTATCGAAAAAGCCGTTTACAACGGAATTGATGTAATACGCATCTTTGATGCATTAAACGATATAAGGAATTTAAAACAAGCTTGCCTTTCCGTAAAAAAATATAAAGGGCATGCTCAGCTTACTATATGTTATACTATAAGTCCCTTTCATACAATTGAGTACTATAAAAAGCTCGCAATGGAAATGCAAAAACTCGGAGCGGATTCTATAGCGGTAAAAGATATGTCGGGAATCTTACTTCCCGATGTTTCTTTTAAACTGATAAAAGAATTAAAAAGCGTTTTAACGGTTCCGCTTGAACTTCATACGCATGCTACGGCGGGTCTTGCAAGTATGTCTTATTTAAAAGCGGTTGAAGCCGGTGTTGATATAATCGATACGGCAATATCTCCGTTGGCGGGAGGAAGCTCTCAGCCTGCAACCGAAAGTATCGGACGGGCATTACAGGAATTGGGATACGGCACAGGGTTGGACATGGATATATTAAAAAAAATATCCGAATACTTTAAACCTATAAGAAATAAATATATGGAACAGGGTATTATGAATCCGCAAGCCCTTATGACGGAGCCTTCTATCATAGAATATCAGCTCCCGGGCGGTATGCTTTCCAATATGCTTTTACAGTTAAAATCCCAAAAAGCTGAACATAGATATGAAGAGGTTTTAAGGGAAATACCCGAAGTAAGAAAGGATATGGGTTATCCTCCTTTGGTAACTCCCTTAAGCCAGATGGTAGGGACACAAGCCGTTTTTAATGTGCTTTCAGGCGAGCGTTATAAAACGATAGCGAAAGAAATTAAGGACTATGTAAAAGGCTTGTACGGCAAACCTCCGGCAATTATTTCGGCGGAGATAAAAGAAAAAATTATAGGGAGTGAAGAGGTTTTTACCGGAAGACCTGCCGATTTGATTAATAATGAGTACGATAAGTTAAAGGAAGAATCAAAAGCTTTTGCAAAAACGGAAGAAGATGTTTTAACATATTCTATGTTTCCTAAAATAGCGCAAGGCTATCTTGAAAAAAAATATGCTCCTAAAATAAAAGAGCAGCATATTTATATTGTTTAATTTAAGGAGAAATAGTGAAAGGTTTTTTAACGGAAAACGGATATATAGGTATTACCGAAGCCGTTTATATAACATCGGTAAGTATGGCCGTCGTCTTTGTTGTTCTTATTTTAATTTCGTTGATTGTTTCTTTTATGAAATACATTCCGAAGGAAAAAACCGTTTCGGATAAAAAATTAAAAAAAGAAACGGATACGAACACCGGAAAACACCGCATAAATTACGGTGATGAAAAAATAAGAGTTGCGGCCGCAGTTGCGGCAATGGAAGCCGCAGGGGAAAAAGACGGTGCCGTTATACATATACGTTCAGTAAAAGAATTGGGAGAAATAAAATGATAAAGGTTTATAAAATAAAAATCGATAACAAGGTATATGAGGTGGAACTTGAATCCGTTACCGAAAAAGACGGTGTAATATCAGTATGCAATGATACGCCTCTTGAAAAAAAAGATAATTTTAAAAAAACGGAAAGCGCAGTCGGTATTGCGGTTGAAGCTCCTATGCAGGGCTTGGTTTTGGATATTTTTGTTTCCGTAGGAGATACGGTTTCGGAAGGAGAGGAGCTGATAGTTTTGGAAGCAATGAAAATGCAAACCCCCATTGTAGCTCCTTTTGCAGGAAGAATTAAAACAATATCCGTTTTAAAAGGCGAAAATGTAGAAACGGGCAAAGTCTTGCTTACCCTTGAATAGGAATATCATTATGGAATTGATAAATACATTATATACGACAACAGGGCTTTATATGCTTACTCTTAATAAGGCGATTATGATTATAATAGCCCTTGTCCTTATATATTTAGCAATAAAAAAGGGATACGAACCTTATCTTCTTTTACCCATTTCTTTCGGAATGCTTTTGGTAAATTTGCCGGGCGTTCCGAATGCGGGTTTAATGGAAGAAGGAGGCCTTTTGTATTGGCTTTATAAGGGCGTAAAATTGGGTATATATCCCCCTATGATATTTTTGGCAATAGGGGCAAGCACGGACTTCGGGCCTCTTATTGCAAATCCTAAAAGTCTATTGCTGGGAGCCGCCGCCCAATTCGGAATCTTTGCAGCCTTTATAGGTTCGGTTATGCTGGGGTTTTCGGGTAATGCCTCGGCTTCCGTCGGAATTATAGGAGGAGCGGACGGGCCTACTTCAATTTATCTTACTTCAAAACTTGCCCCGGAGCTTTTAGGCCCCATTGCCGTTGCAGCTTATTCTTATATGGCGTTAGTTCCTGTAATACAGCCTCCGATTATTAAACTTTTAACTACAAAGAAAGAGCGAAAAATAAAAATGGTACAGCTTAGAGAAGTAAGCAAAAGAGAAAAAATTTTATTTCCGATAATTGTTACGATAATTGTTATTCTGCTTATTCCGTCTTCATCACCGCTTATAGGAATGCTTATGCTCGGAAACCTTATAAAAGAATCGGGAGCAGTTCCCAACCTTGTGGAACATGCACGGGGAGCGATGCTGTATATTATAACAATATGTCTGGGAACAACTGTAGGCGCTACGGCAAATGCGGAAACGTTTTTGACATTTGCTACAATTAAAATTCTTCTTTTAGGGCTTTTTGCTTTTGCCTTCGGCACTATAGGAGGGGTTATTTTCGGAAAATGTATGTGCAAACTTTCAGGCGGAAAGATAAATCCTATGATAGGGGCTGCCGGAGTAAGTGCGGTTCCGATGTCGGCAAGAGTTGTACAAAAACTCGGACAAGAAGAAAATCCTTCCAATTTTTTGCTTATGCATGCAATGGGTCCTAATGTAGCGGGAGTAATAGGGTCTGCCGTTGCGGCGGGAACCTTATTGGCAATATTCAAATAGAGGAGTAAATGTATGGAATTAAAATTGACAGCCTGTGCGGGAAGTACGGAAAAAAGCGATATTTTAATATCCGTGGAACCTTGTGAGCGGGGAATAGAATTATCTTTAACTAGCAAGGTTATGGGACAGTTCGGTGAAAATATCCGAAAAACCGTTTTGGAAACACTGGAAAAAATGTCGGTAAAAAATGCTAAAGTAGTTGCAGACGATAACGGAGCCATAGAAGCCGTAATAGAAAGCCGAGTGCAGGCCGCCGTTTTACGAAGCTGTGAAAGCACTAATTATCCGTGGAAATAAGAGGTAGATAAAAAATGAAACTGAGAAGATCAATGCTGTTCGTTCCCGCAACCAAACCTGGTCCTATGCGGGACGCTTATGTGTATAAACCGGATTCGGTTATGTTTGATTTGGAAGATTCGGTAGCAATTACCGAAAAAGATTCCGCAAGAATTCTATTTTACAATATGATGAAAAAATTCGGCTCTTTTTACAAAGAACTCGGAATAGAAACCGTAGTTAGAATAAACGCCTTGGATACGGAATTCGGCATAGAAGATTTGGAGGCTGCCGTAAGAGCCGGAGTAGAGGTAATAAGAATACCCAAAACCGACTGTGCTGAAGATGTAAAAACGGTAGAAGCGCATATCGAAAGAATTGAAAAGGCAGCGGGTATTCCCGTAGGTACTACCAAGATAATGGCTGCAATAGAAAGCCCGCTTGGAGCGTTAAACGCCTTGGAAATTGCAAGGTCTTCTTCCCGACTTATAGGTATGGCGTTGGGCGGCGAAGACTACGTTACAAATTTAAAAACAACGCGTTCGGAAAGCGGTATAGAAATGATGACGGGCAGAGCAATGATAGTAATGGCTGCCAGAGCTGCCGGTATTGCGGCATTGGACTCGGTGTATTCCGATATTGAAAACGAAGAAGGTTTTATAAAAGAAGCCTCTATGATTAAACAAATGGGCTTTGACGGTAAATCGCTTATACACCCTGCACAAATAGAGCTCATTCATCAAATATATACCCCCGATGAAGCCTTAGTAAAAAAATCGCTTAAAATTATAAGAGCTAAAGAAGAAGCGTTAAAAGAAGGTAAGGGCGTTTTTACCGTTGACGGAAAAATGATAGACAAGCCCATTATTGAAAGAGCCGAGCATATCTTAAATTTAGCGGCAGCCTCCGGGCTCAAACCGGAAGAGGAGGACATTTAAAGTGAAAGAAAAAAGAGTAGATAAAAAATTGCTTTCTTCAATAAAAGGATATGAAAACAGACAGGCCTATGTTTCGCCGTTCGCTTTTCAGCCTGAAGGAACAATGGAGGAAGGAAAGACTTTAAAAGACCGTGTAAGAAGATGTAAGGTGGTTGAAACAATTGAAGAAGCCGTTAAAAAAACCGGTT
NZ_CP061839.1_gap10	288628	292998	4370	TGCGGTATTTTTGTTTTTAAACATAATACCGAAAACCTGTAAACCCCAACCGCGAAAAAGCATTTCTTCTCCCGCACACTGAAGAGGAGTAAAAAGCAGGGTAAGAAAAACCGCAAAAAGAGTTGACTTTGAAAAAATAAACTCGGGTATGCCGTCCAAAAAGGTTTGTCCTATTATACAAACCGCAGCTATCGGCGTTAAAACCGCAAGGCATATAAAAAACCAAGATAAGCGGAATTTACCGAATACCGATATTAAATTTCCGGCCTTTTTTTTAAAGACTATTTTATTTGTAATCATACCTGTAGGAAATAACAAGAATAAAATAATATCGGTAAATTTATCCGAAAATGGAAAGTCTTCAGTATCGAAATTTAAAAATTGTGAAAAGGTATTTGAATTTCCGCTTATTTTTAATATAACCTCAATTATAATAAAAAAAATTGCAATCAGTATAAAGTAAACAAGTATATAAGCCGAAAGCGCCGCAACAACTCTTTTTTTTGAAAAGCCTTCGCTTTGTAAAAGCTGAATATAATCGGGCTTTAATTTAAGATTATACCCGTTTAAAGATTTTTCAGGCATATAGCTTCTCCGTAATTTTTATTTTGCAATTATATATTTTTTATTTGCGGCTGTAAACGGGAGCGGGAGGGAGGCCTTTTTATATTTTTTTTAAGTCTTCGGTTTAAGTTATTAAAAAAATTATCTATTAGCTTGAATATTATTTTTATTTTATGTAAAATAATTTTCGATTATTCTTAATATACGAAGCGTTTCAAAAAAGCGCTGCGGCATCGGGCAATAGCATTCGATATTCCGGTATTTAAGATAAATCTTTATCGGGTTCGACTCCCGCTATACATACCTTTAAGTATGGAATTTCACGGTTGAAAGATATTGGGAAAGCCGGTCTCTTTTAAAACGGACCTCTTTTAAGCGGCTAATCGGTTTTCGGCACTTATGCGGAATTTTCCGAATAATGCAAATCGGTAACGGGCTTTGAATTGCGGCGGATACCGAAATTGTTTACATCATTTGCATATTTTATACCGTGCCGGAAATGTGCCGGTTGCATTGTAACCGGTTACGGCGTTTCGGCTGTGCCGTAAAATAAAAATAATGTTTGTAAATATTTCTTAAGCCGAAATCCGCCCCGCTTCGGTGAAAACCTGTTGCCGCTTTTTATTGACACTGCCGGCTTGCTTTTAGGCAAAAGCCGTTTATTATGGAGGAGCAGTATGCGTATACAATATGATGAAAGAGCCTTATTATTTAAACACGGAAAATTTATAAAATTGCTGGGGCCTTGCTTTTTTTTAAATTTAAAAAACTACAAAATAGAAAAACATTCCGTTTACGAAGAGCTGTGCACGAATGCCGATAAAACAACTCTTTTACTTAATAAAGACTTTACGGAACAAGTCGAATTTGTTGAATTACAGGATAATAACATCGCCTTATATTTTGATGACGGAATTTTTAAAGATGTATTGACGGCAGGTAAACATATTTTTTGGAAAAATAATCACAAAAAAGAATTTATAACTGCGGATTTAAATAATCCCTGTATCGACACCGGAATAATAAGTGAAGAAGTTATAAACAGTAATTTTTTACAAGATTATATTATACGCGAAACGGTGGAGTCTTACGAAAAAGGCCTTTTATTCATAGATAAAACTTTTATCAAAGTACTTGAGGCCGGCTCTTATTATTTTTGGAAAGGAAGCAAACTCGTAAATATCATTAAAGCGGATATGCGCTCCCGTCAAATTGAAATTTCAGGACAGGAAATACTTACAAAGGACAAAATTTCTCTTAGATTAAATTTTGTTTGTCAATATAAAATCGCAGACCCTATAAAAGCCTTAGCCGAAACGGAAGACTATGAAAGTCAGCTTTATACCTGCTTACAGCTTGCTTTACGCGAATACATAGGAACTATGACATTTGATGAATTGCTTGAGAAAAAAGAAGAAGTCAACAAGTTTGTAATAAATATACTTAAAACGCATGAAGAAAAACTCGGAGTAACGATTATTTTTTCAGGATTAAAAGATATTATTCTGCCGGGTGAAATACGCGACATCATCAACCAAGTTTTAATTGCGGAAAAAAAAGCTCAGGCAAATGTTATTACCCGCAGGGAAGAAACCGCTTCTACGCGAAGCCTTCTTAACACTGCAAAACTGATGGAAGAAAATTCGCTTTTATTAAAATTAAAAGAGCTTGAATATATAGACAAAATAAGCGAAAAGATAAACCAAATATCCGTAACGGGCGGCGGACAGATACTCGACCAATTAAAAGAAATCTTTACCGGTAAACTGTAATATAAAGACAAAATATATATTTTCTCCGATTGTCATAATTCTTTTTTTTTGTTATTATACTCCGAATATTATTTTTAAGGAGTAATTAGCTAATCTTATGGACGACAACTCGACAAATCAGAGAAAAAAAGGCGGGTTTTTCAGAACCCTTTTTCGCGGAATAAATTTTATCCGATTACTTATAATTAACATTGTATTCTTTCTTTTCTTTTTCAGCTTTATGGGAATAATGGGCTCGGTGCCTTCACCTCAAAAAAAGACCTTTTCACGCATTATAGAAAATACGGTTTTAAGGGTTGCTCCGGTAGGCGTGGCAGCGGAAACCGAAGGCGATTTTTTCCCTTTTACATCTATAGGTCTTTATAAAAATTCCGTTGTTTTAATAAGCGATTTAACAAAGGCAATTAAAAATGCGGCTTACGACAGACGGGTAACTTCGCTTTATTTGGATTTTTCGGAACTGTCGGGCCTTTCTTCGGGACACTTGGCGGAATTAGGCGGTGCAATTTCGGAGTTTAAAAAATCGGGCAAAAAGATTTATGCTTATTCCGTAAATTACGGAACATCTTCATTTTATCTTGCATCTTATGCCGACAGAATCGGAATCGACCCTTTAGGAGAAATCTCGTTTGCAGGGTTTAAATCCCGTCCCGTTTTTTACAAGGGTTTGGAAGATAAATTCGGCATTAAGTGGAATGTTTTACAGGCTGGGAAATATAAGGGTATGGCGGAAACCTATTCCCGCGAAAACCTTTCGGAAAATGTCCGCTCGAATTTAAAATCGGCATTTGACGCTTTATGGAATAAATACGTTTCCGATATTTCGGGCAATTTAAACATTGCTCCCGAAAAAATTAAAAACTTTGCGGAGCATAATTTCGCTATTGTAAAAAAGTACTCGGGAGATACCGCACGGGCGGCCTTGGAAGAAGGGCTTGTTACCGATATTGCTTCGGTAGACGAATTTGCGGTAAAAATCGGTTTTGCGGACGGTGAGACCTTTATGTCTTCGGTAAATACAATAAGTTACGGCGATTATAATTTAAACTTTACCGAAATACCGTCAAAGAATTCGGTAGCCGTTATTTACTTAAACGGAGCTATTACGGGCTCTTCCAAAAATACACAGGAAGCGGCGGTAAGCTCAAAGCTGATTGAACTTTTCGATATGGCTCAAGATGACCCGTCCGTTAAAGCGATTGTTCTCCGTATCGACTCCGGAGGAGGCGAGGTTTTCGCTTCCGAAGAAATACGCAGAGCAATCGAAAGAGCAAAAAAATCGGGCTTACCGGTTGTAGTTTCTATGGGTTCGGTAGCGGCCTCGGGCGCATACTGGATTTCCTCTTCCGCCGATTATATCTTTGCAAGTCCGTATACAATTACAGGTTCAATCGGCGTATTGGGTACGGCACCCTCGTTTCAAACCGCATTGAAAAAACATCTGGGAATTACTGCCGATTTGGTGTATGCGGGGCAAAAACCGGGCCATTCCATTTTTGAAGACCCCTCCGTCGAAGAACTTGATGCAAGGCAGCTTGAAATTATGCATATTTACGAAACCTTTATACAAACCGTTTCTTCAGGCAGGAACATTCCCGTTGAAACTGTAGCGGACTTGGCAGGCGGTAAAATTTATTCCGGCGAACAGGCATTAAAGCTGAAACTTGTAGACGAGCTGGGTTCTTTTAATGACGCCGCTTCTTATGCCGCAAAACTTGCAAACATTCAAGGCGGTTTTTCTATAAAACCGGTAAAAAAATCTCTTACACTTACACAGGAAGTTATAAAAAATTTTTTAAACGGTGCCGACAGCTCCGTATTAAAACAACTCGGCTTTGCCGATTTATATGCGGCGTTTGAATTTTTAACGCTTAATTCCGAAAAAGGCATTTATCTTTATATGCCCGAAAGACTTATCTGGGAAAAATAAGAGGTGAAAAAATGGCTATAAACTGCGGAATTGTCGGGTTACCCAACGTAGGTAAATCGACCATATTTTCGGCATTAACAAACGCTCCTGCGGAAGCCGCCAAT
NZ_CP061839.1_gap11	334002	338817	4815	TTTTATTTTTTCATCGATACCGTTTTGAATGTTCTTTTTGATATCGGCTTTAAGCTCCTCAAGGGTTTTATATTTTTCGTTGATATCCTGAGCCAAATCGTCGTCAATTGCAGGTAAATCCTTGTATTTAAGAGCCGTAAGCGTTACCTTAATCTTTTTTGTTTTTCCGGCAAGTTCCTTGTTTTCTTCATTTTCAGGATAAGTTTTTGTAATTTCCTTAGTATCGCCTTTTTTCATTCCGATAACATCATCGTCAATTTTAAAGAAATTTTGTCCCGTTCCCAAGGTAAAGACAAAATCCTGTCTTTCCGAGCCGGCAATTGTATTTCCGCTTTCATCAAGCTCGCAATAATTAACCGTTACGATATTATTTTTTTCCGCCGAAGCTCCCTCTTTACAATCGGCTACGAGGGCATTTCTGTCCTGCAAGCGCTCCAATTCTTTTTTTACATCGGCATCGGAAGGTTCCACTTCGGGCACTTCAATTTTAAAACCTTCCGCCTTTTTAATTTCAACCTTGGGGAATACGTCGTAATGAACGGTAAAAGAAAAATCTTCTTCGGGTTTAAGCTCGGCTTTTTCCGTCATTTCGGGATAAGAATAAGGAAGAGGTCTTTCATATTCATTCATAGTTTCAAAGATTTCTTTTAAAGAATCTTCAATTAAATTTCCCGCCAAATCACCCCTTATTGCCTCTCCGTATTTTGTTTCTAAAATTTTAGCGGGGATATGACCCTTTCTGAATCCGGGGATTTGCAGTTCTTTTGAATATTTATTTACCAGGTTTTTATAACTTTCCTGTACATCGGCTTTCTTAATTTTAACCGACAGCTCCGCATGAGATTTTTCTTTAAGCGTTAGATTTTTTTCGTATTCCATTTTTCCTTCCTTAAAAGTAATTCGTAAAGCCCTAGTTTGAGACTAAGCGGATATAGGCTGAACTCAAGCCGCAGGCAAAAAAAAAGCGATCCGTTCACCGAATCGCTTAAAAAGCGGGAAACGAGGATTGAACTCGCGACATCCACCTTGGCAAGGTGGCGCTCTACCACTGAGCTATTCCCGCAATTTTTGCTCCACTCTTTTGACTTTGTGGAATTGTGCGAGAGGAGGGACTTGAACCCTCACGCCGAAGCACTAGATCCTAAGTCTAGCGTGTCTGCCAATTCCACCACTCTCGCTTAACAGTGAGCAGTGTTTATAATATACATAAAGCCAAAAAATGTCAAGTGTCGCATAAGGCGCCGGAATTTGGCATTCGGCACCGAATATGGAAAGCATATTATAAAAATATCGCTTTTTTGTCAATATGATTTTGCCGGAAAAATTAAAATAATCAAAAAAACGTAATTTCAGCGGGTGATTTTTTACTTCTTTAAGGCTCCTATAAGTCTTTCCAAACTTTCCGAAATAACCGAAGAGGGTGCCGCCAAATTAATTCTTTCAAAACCTTTGCCTCCGTCTCCGAAAATATAGCCTTCATCAAAAAACACTTGAGCCTTATAAATCATAAAATTTTCCAAATCCTTATAATCCATTTTAAGAGCTCTAAAATCAAGCCATTGTAAATAAGTTCCCTCAATTAACGGAGCTTTAATTTCAGGATATTCCTTTTCAAAAAATTCTTTTACGTTTCTCTGATTTTTATCTATTATTTTAATGCATTCATCCAACCATTTTGCACATTCTTTATAACAAATTTCGCAAGCCTTATACCCTAAAGGAGTAGTAGGCATACCGCTTGAAATATCCCTTGCCTTTATAAATCTTTCTCTCATATCGGGATTTTTAATTATAATATTGCTTATTCCCATGCCGGCAATATTAAATGTTTTTGAAGGCGCGGTAAAAGTAACGGTTCTATCCGCAAGCCTTGTATCTAAAGATTGAAATACGGTATGTTTATAACCCGGCATAATCAAATCAAAATGAATTTCATCGGAAAAAAGCAATAAATCGCTGTTTAAAATGATATCTTTTACCCTCTGAAGTTCCTCTTTTTTCCATACCCTGCCTACGGGATTATGCGGAGAACAAAACATAAGCGCCTTGTTATTTTTATCTTTTGATAAATTTTCCAGTTTGTCAAAATCTATTGTATAATTTCCGTTTTTTTCCGATAAACCGCATTCCGCAATCTTACGGTTTTGTAAATTTACCGCCTTAAAAAACGGATAATAAACGGGGGTAATTATAATAACTCCTTCTCCGGGTTTTGTAAATTCACGCACAGCATTATATAATGCGGGCACTACACCCGAAACGGGTACTATCCAGTCGGTTTCAATTTCCCAATTATGTCTTTCCCTCATCCAGTTTTTTACCGTTTTTTTATATTCTTCGGTAGGTCCCGTATATCCTAAAACGGTTTCGTCAAGAGCCTTCTTTAAACCGGCAATCAGTTCGGGCGGATTTTTAAATTCCATATCCGCAACGGAAAGAGGGACGATTTCATCTCCGATGTCGGAATTTACCGAATACATTAAATCCCATTTAAGAGAACCGGTGTTTTTTCTTGAAATTTTTGTAGTAAAATCATACATTATCTTAAGCCTCCCTATAAAATAAACAACCGGAAAAATCTTCAGATTTTGAGGATTGTTTATTTTCCGCCGTTTTGCAAGCGAAGCTGAAAAACGGCATACAATACACGATGTTTGCCGAAAGGCAAACTCGATAAGTGTTTTTAAGCAACGCCGTTTGCGTTGCTTAAAATAAGCCTCCCTAAAAATTTTACTTATGTATTACGTTATATTTCTTGCATTATACTTCATTCTATTGTATAATATCAATATGAATGCGAAACAAAAAAAAATGACATGGCGGACTTATCTCGCTTACGGTGCGGCAGACCTTTACGGCGGAGGCTGTTTTTTTATAGTTACTACATTTTCAATGTATTATTTGGTAAACGTAATAGGGCTACATCCGGCATTGGCAGGGTTAATTCCTGCAATCGGAAAATTTTGGGATGCGGTTTCCGACCCCATGATGGGATATATTTCGGATAACACACCTCAAACCAGCTTCGGAAAAAGACGCGTATGGTTTTTAATTTCCATTCTTCCTATTGCTCTGTCCTTTATTCTTATTTGGTTTCCGGTAAAAATAGAAAGTCAGGCCGGTAAATTTATTTTTTACACAATCGCATACATTATTTTCTTTACGGTTTCTACCGTTTCATATATTCCATATGCGGCTTTAAGCGCGGAAATAACAAAGGATTTTTCGGAACGGAATAAATTAAACGGCTCAAGGCTTATGTTTTCGTTTATTGCTACCCTGCTTGGAGGTGTTTTAGCCCAGCCGATTATCGATTATTTTAACGGAAGTGCGGCAGGTTATTTTGTAATGAGCTGTGTATTCGCCCTTATCTTTGCTCTTCCTTGGATTCCTCTTTATTTTGAAACTTGGGAATTGCCGGAAGAAAAAGAGGAAAAAAAATCAAAACAATCGTTTATAAAAAATTTTCTTTCGCTTTTTCATAACCGTTCGTGCAGAATTCACATTGCAATGTATGTTTGCTCTTACGGAGCTTTGGATATTTTTATGTCTTTTGTTTTATTTTATATCGTAGATTATTTAAACAAAGGCAGTGTTTTCGTTATTATACAGGGAACTCTTTTAATAAGTATGATGGCGTCCCTTCCCGTTCATAATTATCTTATAAACAAAAAAGGTCATAAACCGGTTTATCTTACCGCTCTCATAATTTTTGCAGTTTCGATTTTATTGATGATGTTTCATACTCCCGCATCGAGTAATGTCTTTTTAATATTAAATATGATACTTATGGGAATAGGAATTTCCGCGAACAATTTAATTCCGCACCAGCTTTTACCATTTATATCGGATATAGACAGGGTTATGAGCGGAAAAAACCGCGCCGGAACTTATTCCGCTGCAATGACGCTTACGAGAAAACTTTTTTTAGGACTTATAATTATGACTACCATAGGTTTTGTTTTAAGCGGCATAGGTTATAAAAATCCGGTACCTTCCGTTTTAACTCAAAAACAATTTAAAGAAGCGGAAGAGCTTTGCAAAAAAACGGGCAAAGACTTTTCGGATATAACAAAATATTATTCGCTTTGCGAAGACGGAAATATGCACTTAAAATATTTAAGCAAAGATATGGACGAAATTATAAAAAAACTTTATAAAACAAAAAAAGAAAACGCCTCCGCCGAAGTTTCCGCCTTTTTTGCGGACAAAACAAATTTTAAAGAAATACCGGAAGATATTTTCGAAAATTTTATTCTTTCTTCTTTTAATAAAACGGATTTTATTCAAACGGATAAACACTTTCTTTTATGCGCTTCATATCAAAAGGACGGAGCCGTATATAAAAAAATCAATCCCGAAAATTTTTATACAAAAGCGGATTTATATAATTTAAAAGAATTTCTTGATAATATCGATTTCAGATATTCGGGTATAGGACAGGTTCAAAAACCGCAGCAAAAAGAAAATACATTAAAGGGAATAAAACTCTCGTTTATTTTAATGCCTGTCTTTATGTTGATTATGGGTATTATAATTGCCTTAAAATTTAAAGTAACACCCGAAAATCATCAAATTATTTTAAACGAAATTAAGCGCCTTGAAGCCGGAGGTAAAAAAGAAGATGCCGACGAAAAAACTAAAAAGGTATGCAAACTTTTAATCGGGAAAGAATATAAATGACGGCCTAACGGTACACCGGCTGTGTACCGTTATTTCACTTTAATTAAACACAGGCCGGGATAAAATATCCCGAAAATTTAAGAAAGACTCTAAACTGCCCGATAATATACCTATGGTAAAAGTGTTGTTATT
NZ_CP061839.1_gap12	341470	344515	3045	TTGGTTTTTCTTACGTGTAGCTACCGGAATATTAAAGAAAATACGAAGGTCTATAATCGGTATTATATCTCCGCGCAAATTATAAACCCCCAAAACAAAGGGCGGAGTATTCGGTACATAAGTAAAATTTCCCGCTTTCGCAATTTCTTTTACGCGCATTATATCAATAGCGTAATCCTTTCCCGCAAGTGAAAAAGTTACCATTTTAAAATCGAGTATCGTCATCTGGTCATGTAAGGTTTCGGAATCGCTTATCCCAGTCCCTACATTAGCTCTTATTTCTCTTATCTCTTTAGTTTCCGACATTCTATTGCTCCTCAAGTAAAAACTACCAAACGGAAGCTTCACGGCGTTCTCTTGCCATAAGTTCCTGCTTTAAACCGAGCTCAAGAAGCTGAGCTACATCTATTATCAACGAAACGGAACCGTCTCCTAAAATTGAAGCTCCCGCAATTCCGGGTGAATTTGTAAACTGATCTTTTAGGGGCTTAATTACAACGTCTTCTTCGCCTATTAAGCTGTCAACCATTAAGCCTACTTTTTTCTCTTCGGTTCCTATAACAACTATATAATTATAGCCGTCTTCATCGGTTTCCGCGGAATTAATACCGAATAAACGGTTCAATCTTAAAAGACTGTACACTTCATCTCTGACGTTAAAAACCTCATAGTTGTCTATTCTGTTAATTTCTTCCGGTTTTACACGATGACTTTCAATAACCGAAGTAATGGGAATTGAGTAAACTTCTTCTCCGACCTTAATTAAAAGACCCTTTATAATAGCCAAAGTAAGAGGCAATTTAATTATAAACCTCGTACCTACGTTCGGTTCGGATTCTACCGTAACCGTTCCGTTCAGTTTCTCAATATGAGTCTTTACTACGTCCAATCCCACTCCGCGGCCGGAAACGTTGGAAATTGTTTTACTTGTGGAAAATCCGGGTGCAAATACAAGCTGAAAAGCCTCTACATCCGTTAAATTTTTATTGGGATGAAGAATACCGCGCTCTACGGCCTTTTGTTTTACCGCTTCGACATCAATACCGTGACCGTCATCGGTAACTTCAATTACAATCATATTTCCTTCGTTGCTGGCCTTTAAAAGAAGCGTTCCCTGTTCAAGTTTTCCCAACTTTTTTCTCTCCGAAGGAGATTCTATTCCGTGGTCGAGGGAGTTTCTTACGCAGTGCATTATAGGGTCAAGCAAGTCTTCTACAACCGATTTATCAAGTTCCGTATCTTCACCTTCAATTACAAGCTGAACGTCTTTTTTCAAGTCGCGTGAAAGGTCGCGCACTACACGCGGGAAGCGGCTGAAAATCTGACTTATAGGAACCATTCGTATTTTCATTACGCCTTCCTGAAGCTCTCCTGAAATTCTTCCCAAGTTTTGAGCCGAAGACTTAAATTTGGTAACCGCCGCTTTCATAGAAGAATCGAATGAACCGAAAAGTTCTAAAAGGTCCGAGTACTCGTTTACCAAATCCTGTTTTATCGTATTGATATCGTAACCTTGCTGTATTTTTCCAAGATAATCCGGAATTTTATCCAGCAATTTTCTTGTTTTATCTTTATATATTGTGTTGGAATTTTGAAACCCTGAATACAAATCGCTGAATTCCATTGCGCTTTGGTTTAAAGAAGCCTTTGTAATAACGGTTTCGCTTACAAGGTTTAAAAGATAATCTATGCGTTTCGCATCTACGCGCAAGATGGAACCGGAAGAGTGCATTCCCCCTGAGGGGCCGCCCTGAGGGGCACCCTGAACGGCTTGAGGTTTTTTATCGGTTTGTTCCGAAGCCTTGGAAGCGGCTATTTCGGCATTTACCGCACTTTCCGTTTTCGATGCGGACGGGGCGGCTTCTTTTACCGGCTCTGCAAGTTTTTCTTTTTGAGCGGAAACCTGCCCTTCTTTTACATGTGCGGTTGCCGCCGCAAGAGAAATTTGCTCCGCATTTACGGAAAGCGTTACATCGCTTATAAAACCGGCTTTTTCAACGGCGTTTTTATTTGCCGAAGAAGATATAAAATAAACTACGGTTTCGTGAAAAACATCTTCGTATAAGGCGTCAAAATCGGGAACGGTTTTTAAAACGCTTCCCTGCTGCTTAAGTGCGGCAAATACCTGAATACCGCCTACGGAATTCATCAAATTGGATTCATCGAATTTTACCGTAACCGCATAAAGGTTTTCGCCTTTTTGTACCGTTTCGTTCAGCTCTAAAATTTCGTATTCGGAAAAATAATCCGTAAGTTGTAAACCGGAGCTTGAAGGTGCCGGAGTCTGTTTGACCGGCTGTACGGCGGCAGGCTTTGGAGCCGCCTGTTTTGCCTGTTTTTGCGCTCCCTTTTTTTCAGGGATAAACGACCTGAGCTGAGCTACAATTCCTGAAACATCATCCGAATAAATATTTCTTGAAGCTCTCGCATTAAGCATAAGCTTAATAATATCAATCGATTTTAAAAGTATATCGACCGTTTGCCCCGTTACTTCTACAAACCCGCTTCTGATTGCATCAAGCAAGTCTTCCATGGCATGAGTAAACTGTGATAACTCAGTCATTTCAACGGTGGCAGAACCCCCTTTTAAGGTATGAGCGGCTCTGAATATTTCATCGATAGCATTGCGGTCATTAGGGTTTTGCTCTATAACCAAAACATTGCTCTCAAGCGTTTCTACCTGCTGTTCGGCTTCACTGAAGAAATCTTTTAAAAGCTCTTCATTATTGATGTCAAGATAATCACTCATACTTATATTTTATACTATTTTAGAGATTAGTCAATATGTGAAAGGCTTTTTTTACGTTTTTATTGAAAAAACTTATCATAAATCGCTAAAAACCGTGCTCTTATGCAAAAACTAATATTTTATGTATTTTTTCCCGATAATATTAAAAACCGTTATAAATAATAGCCAATCTTATAGATTGACAATTATCGGTTAAGATTGTAAAATTAAGTATTATTATGTTTGCAAATGTAAAGAAACTGTGCTGTTTGACGTTTTTGCTGTTTACGGTTTTAACGGCACCGGCTCAAAATATA
NZ_CP061839.1_gap13	347397	352144	4747	TGCTATTTCGGGAACCACTCCGTTGTATATTTTATGAAACGGAATTTGGGTTGCAACAATATTGCTTAAAATTGTTTTACCGTCTTCTACAACCGCCGCCGCCGTTTCATCGCATGATGTTTCTATTCCAAGTATTTTCATAATTATAAAACCTCTTTTTTACCGGTTTTATTGAGAAGCCCGATTTTCTTTAGAAATTGTAGAAAACGAATAACCTTCTTTTATAAGCTCCGGGTACATTTCTTTAAGCAAAATTGCAAGTTGCGGTGTAAATATGTGTCCTATCATAATTGCGCTGCCTCTTGCCGAAGCTATTTCAAGTCCCTGTGCAATTTGCTTTTGCAAATGTTCCACAGTTTTTTCGTTATCAAGGAAAACCGCTCTTTCCCAAATTTTAAAATTCATTTCTTTTGCCGTTTTAGGCACAACACTTTTTGCCGTAGTTCTTGAATCCAAAAAATAAATATTTTTTTCACGGCAAAGCTCAAGTACTACCCGCATTGCATTTTCATCGGAAGTTATGAGCGAGCCTTCGTGATTATTCATTCCTGCAACCGGGGCAATTTCTTCGATGTTGGAAGAAACGATTTGTCTTATTTCTTCCGCGCTCATTCCGGGCTGGATTGAGCCTTCTCCAGGGTTAATGTTTAAATTAACGGACTGCATAGGCTGATGTAAAATAAGCTCCTTACCGGAAGACCGGATTCTTTTTGCGGCTTCCGCAGAATGGGCAAGCCTCGGCAATACCGCAATAGTACACGGAAACGGCAAGTCTAAAAAAAGCTTCAGCTGTTCCAAACTATGACCTGCATCGTCAAATACGAAAATAAGCCGCCCTTTTTCGGGAAGTTCCGGCAAATCTTTTATGGGGGCATTCCCTTCATTAGCCGCAAGTTTTGCAATGCTTTCCGTTTCGGAAGGTTTTACCGGTTTAGGAATATCTTTAGAGGGCTCGGGTCTTGGCTCTTTCCCCGCACCGCCGGTTTTAGGTTTTTCCGTTTTTTCGGAGGGTTCGGACTTATGGAGCTTTGCAGAACTTTCAGACTGTACAGGTTTTTCGGAAGTTGCCGGCTTGGACGGTTTATCCGCCGTTTCCGTCCTATCTTTTTTTACGTTATCTTTGAGTTTTTCATTTTTGTTTTCCGAAAGAGGCGATTGTATTTCCCCTTGCCTTACGGAGGATTTATTTTCAATTCCGTCTTGTGTACGGCCTGAAAAATTTTTTATTTTATCCTGTTCTACCGCAGGTTTTATAAATAAAAAAACGGCAATTAAAATAATACAGACGGCAAAAAGCCCTGCCGCCAAACCCGTATAATTAAGGGTATTTTTTTTTGAATTTTTCCGTTTTGTTGATTTTTTAGCCGCCGTTTTTTTCGGAGAGGCTTTTTTTGAACTTTCTTTTTTTTTCGCCATAGCCGGAAAACAGAATAAACCTTAGTTTAAAATTTGTCAACAGGGAAATCAATTTATCAAAGACATAGAAAAATCAATGCGGAGTTTACGGGGTATTCAGCTTTTTTAATACCATAATTTCTTTCAGGCTGCCGGTATAAGGCTTTTTATTATCGTCTAAAAAAGAAAGAGAGCCGTCTTCATTTTTAAAAAAGAATTCGGAAGGCACATTGTTGGGAAAATATAAAACAATTACTCCGTCCTTTCCCAACAGCCAATTACCCTGTATTATTTTCGGTACGGCGGAAGTCCGTCCGCCCGCTTTTTTAAAAAGTAAAACTCTGGCTGTTTTATCGGCCTTAAATTCTACGGAATAAACCGAAATGCCGCTTTTTTCGGCAGGAAATTCCGTAGAATAAACACCTAAAAAAGCATCTTTATAAGGCTCGGAAGGTTCGGGTTCGAGCCCTGCACTTGGAGCGCTTTTGCACGAAGATATTCCGCTTAAAAAAAATACGGTAAAAGCGGTTAAAATTAAACCCTTTAAAAGTTTTATTTTCAAAACTTATTCCGCAATAACTTCGGTAACTTCTGGGAACATATCTTTTAAAGTCTCTTCCACTCCGAGTTTTAGGGTATAGGTAGCCATAGGGCATGAGCCGCAGGCACCTTTTAAGCTTACAAATACTTTTCCGTCTTCCGAAACCGAATTAAGCTCTATATCCCCTCCGTCCGCCTGTAATCTCGGCCGGATTATATCTATTGCTTTTTGAAGTTCTTCTTTAACCAACATAAAATTCTCCTACAATTAAGTTTTATAAAACAAATATATAAAAATAAGGCTCTAAAGGCAAATTTTATAAAAAAAATTTAAGCAATTCCCGTAGAACCGTATCCTCCCGCGCCCCTTGCCGTATCGGAGAGTTTTTCTTTTTCCGTAAATTCGGCTTGAACGACGGGAGAAATTACCGCTTGAGCTATGCGGTCGCCCTTTTCTATTTTAAAATCTTCGCTTCCGAGGTTTATAAGCAAAACGCAAAGCTCTCCTCGATAATCGGAATCGACGGTGCCGGGCGTATTTAATACGGTTATCCCGTGCTTTAAAGCAAGCCCGGAACGCGGACGTACTTGCAGCTCCATGCCTTCAGGTAATTCTACGGAAAGCCCGGTCGGTACGATATATCTTTGCATAGGCTTTAAAATAACGGGCGTTTCAATATATGCGCGTAAATCCGCTCCGGCAGAACCTTGTGTTTTATACTCCGGTACGGAAGCATCTTTTTTCAGTTTAATAAAAACGGGAATTGACATAGAGATTAGTTTAACACATTTTTAATTTTAAATCTAGAATACAAAAAAGCGATAAAATACCTGCCCTGTTTACAAAGCCGTAGATATAAGTTTAAATGCGAACCCTTGACACAAACCGTTTTTTTGCATTATACTTTTTCCTTATAAAAAAAGAGGAAAACGTGTGAAGTTATCAAAAACTTATTTAGAATCTGTTGCCGCAGATGAGCTTTTACGGCTTGCAGAAATATACGGGCTGTATGTTCCGAAAGGACTTAACCGTAATTTTATAATTGAAGAACTCTTGGAACTTGAAGAATACGGTGAAGACGAAATTTCTCCGCACACGGGAAACCGTAAAAAGAAATTTTATGAAGAAGAACCTGACGATGACCCTAAGAAAGTTAAATTGTTTAAAGGTCTTCCGTCTTCTTATAATTCTACGGAAATACGGATACTTTTAAGAGACCCTATGTGGCTGTTTGTTTTTTGGGATTTTTACAGACCGTCTTTTAAAACTATAACCGAAGATATTCAATTCGATTCTTTTATTTTACGCGTTATGCTTTTTTATGAAAATAACCGAAGCGAACCTTATGATTATTACGATATAGATATAAGCAAGGAAGATACGGGAAGATATATTTTTCTTTCTTTTGATGATGTTTTGACGCGCGTAAATCTTTGCGTACGGTTTTCGGACGAAACCGTTAAGGTTTTAGCGGAATCGAATTTTATTCACCTTAACCGAAAAAATATCCCGAATGCTCTTTGTCTTCTGGAAAATAATGTTAATACGGTTTCGGCTCTTTCAGGTATTTCAATTTTAAAAAAGAGCCATTTTAAAAATTACAGACAAGCATTCCGCGATAATAAAGATGAGGAGGAAAAAAGTGAAAAATAATAAATTTGTTTTTATTTTAGATGCTCATCTTCCGTATATACCCAGCGAAGCGGACGGCGGAATTGAACAGGACAGACTTTTTGATTCTCTTTCGTATACATATTTGCCCGTTATAAAAATGTGTGAAAATTTAAAAAAAGATACTCCGTTTAAAATGGGTATTGTTTTTGAACCGGCTCTTTGCGAAATGCTTGCAGATGTTTTTTTTCAAGAGCGGTATAAAAAACACATTGAACGTAAAATTGAATTTGCAAAAAAAGAATTGGAACGTTGCGCAGGTTGCGAAAAAACCAAAAAACTTATTCAATATAATTTAAAGGTATTCAGCGATGATAAGCGCACCTTTGAAGATTGCGGCGGAAATATTTTAAAAAAATTCGATATGCTTTCAAAAGAAGGATATATAGAAATATTGGCTACAACTGCAACCAGTTGTTTTTTACCGTTTTTTGAAAGTATGCCTGAAGCCGTTTCGGCTCAAATTGAAATGGGGCAGATAAATTACAGAAAGCATTTCAGCTCCATACCTTCGGGATTTTGGCTGCCTGCTTTGGCTTACTGCGAAGGTTTGGAAGAAATTATCAGAAGTTACGGTTACAGCTATACTCTTGTAGAAACAAGAGCCTTTTTGCTTGCCGATAAGGCTCCTCCCGCAGGGATATTCGCTCCGGCCGCCGCTGAAAACGGCTTAATTTTTTTAGCTTCGGATGCACCCGCATGTCGTTCGGTTTACGATAAAACCGACTCTTTTTCTTCAAATCCCGTGTACATGGACGTTGAAAACGATGTGGGATTTAAATTGCCAGAGAAGTACCTTGCCTCCGTGTTCGATACGTCAAGGGGCAGAAGACCTATAGGTTTCAGATATTGGGCAAAAGACGAAGACGAGTCTATCTATGATATAGAAAAGGCTCGGGAACAAATTGAAATAGATGCGAAAACTTTTGTAGAAGCAAGAATTTCAACATTAAATTCGGTACGGGATACAACTGTTGTTAGAAGCCCTGTTTCCGTGTTTATTTGCTCTTCCGATTTTTTAGGGAAAAGATGGTGCGAAGGAATTGCTTGGATTGAGCGTGTTTTTAAATTGATAAGCGAAAGCGAATCAATAGAAGCCGTTTTACCCGAACAAGCCGCTCATATTTCAAAACAGGTTTA
NZ_CP061839.1_gap14	361777	364753	2976	TATGCTTATCGCTTGATAAATACGGGGAGAAAAAACCGGTATGACGGAAATTGGAGAGGTATCGGAATTGCGGCGGGGCTTCAATATAACGGGTCCAATATTCTTGTAAAATCGGGAATGAATTACAGTGCGGAAATTACGTTGACTATTGACGATAGGGTTATTGTTAAGGCAGAGCCCGTTTCGGACAGCTTAAAAAAAATATTGCGTAAACAAATTGCCAAAGAGCTTGAAGCAGACGAAAACTCGGTTATTTTTTTGGGCGGCAGTACCGACGAGATGAGTATTACGGGAGCTGCTACTTCTTCATGCGGTATTTCCATTATCCCCGAGCTTATATCGAAGTGCTGTACCGGAATTAAAAATCAAAGGTTTAGAAAACCTCTTCCCATTACCGTAAGTAAAACATATAAGATTACAAAAACTAAGGACTGGGATAATACGCTTCTTAAAGGAGTTCCTTTTATTTCAATGACCCCCGCCGTTTGTGCCGTAGAGCTTGAACTGAACCGCAGTAATTATTCGGTGGAAATAAAGGGTATTTGGTTTGCATGTAATCCGGGTAAAATTTATTCAAAAAAAATGGTTATGCACAATATTCATAAATCTATTGCAAATGCAATTTCTAATATATCGATAGAAAAACTTCAGGAAAGAAATATCCTTCCGTCAAGATATAAAATTCTTCCTACCGGGCATATCCCTCCAATTAGGGCGTTTATTATCGAAAGTGAGTTAAAAACACGCGGTGTAGGAGAGCTTGCGGAAGGATTGGTTCCGGCTGCATATATTTCGGCATTAAATCAAATTATGATTAAATACCGTCGTATAGATACTCTTCCCGTGTTTACCGAGGATATTTTTAAAGCTTTTGCAATAAGCGAGGAATCCGATGAGAATTAGTTTTAACTTAAACGGAACAAATGTACAAATTGAAGCCGTAGCCAATGAAAGGCTTGTTTATGTCTTACGCAGAGAATTCGGTCTTTTCAGTTTAAAATCCTCATGTCTAAACGGCCAATGCGGTTCATGTACCGTGCTTATGAACGGTAAGCCGGTTCCCTCGTGTCTTGTGCCGGTTTTTAAGGTTGAAGGTGCGGAAATAATAACCCTTGAGTATTTTAAAACCACCGAAGCTTATAAGGTTATAAGTGCCGGTTTTGACCAGGCCGGAGTTGAAATGTGCGGATTTTGCGATGCGGGTAAAATATTTTTTGCTCACTCTATTTTAACTTCCGGTCTTGACGCTTCGGCACAAAGTGCGGAAGAAAAAATACGCAGGGTTTATTCCAGCTCGATGTGCCGATGTACAAGTTTTGAGGATTTATTTTCCGCAATTACACGTATCGGGAAATCTCAAAAAAGAAAATAAATTAGCCGGAGAAAGTTATGGAATCTTTGACAAAAAAATCAAATATATACAGGGCTCGCTCTTTGCAGGAAATGCAGATTATGCTGAAAAATATTTCGGGAGTTGTTCCTATTGCGGGGGCTACGGGGTTTTTAAATAATCAAACCGGCGATATTATCGATTTACCTCAACATCTTTTGGATATAAATCAAATACCGGAATTAAAGGAAATTTTTAAAACGGAGCGCTATTTTGAATTCGGGGCGGCGGTTACTTTAAATGAAATTTTGGATTTGGGTAAAAAAAATATACCGCCCGTTTTATATTCCGCAATAGAAAAAATATCCAATAATTCGCTTCGCTATCTTGCTACAATAGGCGGAAATATTGCAAATGCTGAAGCGAGCTCAGGTACATTTTTGCCTATGCTTGCTCTTGATGCAAAGTTGGAAATACGTACGGGTGAAGAAATAGAGTGGGTGCCTTTTGCAAAATACATAGATACAAGTTACAATGAAAAAAGAAGCTCATCTTATGTAATAACGAAAATACGTATTCCCAACGAATCGTGGACAAAGAATTTTTATGCGAAGCTCGACTCTCATTATAATTTGAGCGAAGATGCCGCATCGTTTTTATTTTTAATTAGAATTCAAAAAAATATTTTATCCGAAATGCGGCTCTTTTTTTCTTCGAATCGGCTTATCCGTGAAAAAGAATTCGATAATTTACTTTTGGGCAGGAGTTTGCCTTTGCCGCATCGTGAAGTTTTAGGTATTATGGAAAAAGCAAAGCAAATTTTTACCGTAGATAAATTCGGCTCGGATTTTCATCGTACTTATTTTTTTAATTTGCTTGAGGATAATCTTTATAAATTAACTTAAAAACCGGGAAGTCCGTATAAGGGACGTTATTTGCCGCCCTTATTTATTTTTTAGACTTTTCCGGAAACTGAGCGATAATAACTGCGGTAAATAAGACGGCGCAGCCTAAAAGTTCTTTTATGCTTAATATTTCTCCTAAAAAATAGTAACCGGCTATTGCACCGAATACGGCTTCCAAACTTAGGATAAGAGAAGCTATTGTAGGGTCGGTGTTTTTTTGAGCTATCATCTGTAATGTATAGCCTATACCTGCCGAAAAAACTCCCGCATAGAAAATCGGAAACCAGCCCGCTGTTATGTTGCTCCATACGGGTGTATCCGCAATAAACATTGCCGCCGCAGATAAGATTGAACAAAAGGCAAATTGCAAAAACGACATATAAACTGGGTCTACTTTTTTGCTGAAATAATCTATAGATAAAACGTGCCCCGCCCATACGAAAGAGCTTGCAAAAATAATTAAATCGCCGTAACCTATACTGAAACCTTCTTTTATTGTTAAAAGGTATAAACCTATTATTTCAAAAACTACGCCTATCCAGACAAGTTTTCGTATTTTTTTTCCAGTAAAGACTCCGAATAAGGGGACAATTACTATGTACAAAGAGGTAATAAAACCTGCTTTTCCTACCGTAGTATACAATATGCCGGTTTGTTGAAATGTGGAACCTAAAAAGAGAAAAAATCCGGTAACAAGTCCGCTTAAAACCGTGTTGCGTCTTTTTATTTTACAAAGGGGCT
NZ_CP061839.1_gap15	375346	377328	1982	TATATAGAAAATTTTTTTTCCGATAAAGAAAGCCGTAAGAATCAAACCGTTTTAATGAATATGGATAAAAATACTGCGGATATAATAAATTCAAACATTATCGGTAAAAGCCGAGCGGCAGCCGCCTTAAAGGAATTTATTGTAAAAGCTTCAAAAAACGATTTTCCCGTTTTGCTTTTGGGCGAAACGGGCTGCGGCAAGGGTTTGGTTGCCGAGCTTATCCATAAGCTGTCGGCTTTTAAAACTAAAAAATTTATGCCTATAAATGTCGGCTGTATCCCCGAAAATCTTGCAGAGTCGTTTTTGTTCGGAACTGAAAAGGGGAGCTTTACCGATGCTGAAACAAAAGACGGAATATTTGCTGCCGCAAACGGAGGTACTATATTTTTAGATGAAATGGAGAGTTTATCGCCGGCCGTTCAGGCCAAACTGCTGCACGTCCTGGAAACAAAGGCTTTTTGCCCCGTAGGCTCTATGAACATTAAAAAAACCGACTTTAGGTTAATTTGCGCCTCAAACGAAAATTTAAGAGAGCTTATAAAGAAAAAGCTTTTTAGACGGGATTTATACTATAGGCTTGATGTTTTGCGTTATGAAATTCCTCCTCTCAGAAAACGTAAAGAAGATATTGCTCTGTTGGTTAATTATTATTTAAAAAGTACGGGAAAAAGAATTTCTCCAAGCGCAATGGAAAAACTTTACCTTAATAACTGGCACGGAAATATACGCGAGCTGAAAAATTGTCTAAACAGAGCCTGCTGCAAGGCTTCGGATACCGATATTATTACCGCCTTGCATATAGAATTTTAAATTTTTTATTCGTTTTCGGCAGGCTTTTGGCTTTGATGAATACCCTTGCCTCTTAAACACACTACTCCGTCTTTTATTTGAATTTGTCCTAAAACGCTTACCGGCCTATCGGGGTCTATTTTTGCGACAAATTCGCATGAAACGGTTACCACACCTTCCAATTGCTGTTTTGTATCATAACCTACTAAAAGATTAAAGACGGTGCTGTAAGAGCCGGATTGAATATTTGTAGGCATTCCCTTCCATACTACCCAGCAATCAAGATAAAGCAGGGGCTCTTTACGTACTTTAGAAAATTCATAAAGGTCTTTTATACTGTCGAAACCCGGCTCTTCAAGATAATCCATTAAAAGACGGGCTTTTTGCTTTATGGAAAACGAAGCATTGGACGAAAGCAGGCGGTTTATTTCCACTTGAGCCGCATTGTCGCGGTGCTCTTTAAAGTAGGATTGCGCATTTGAATAAGCCGAAAGAATTTGGCTTTCGGTAAGGACGTATAAAAACGTGCCTTCCATATCGACGGCATATTTTTTTTCGTTTGAGCTGAGTTTAAAGTCGTCCATATTGGCTCTTTCGTTTTCGGAAAATTTACGTGTTTTGTAAATATACGGAACTATAACGGATATTGAAACGGCTGCAATTAAACAAACCAGAGCAACCGCTATTCTTTTCCCTCTTTTTTCCTCTTTCATGGGATTGGGATACAGTTTTTTTATTTTACCCGATTGGACAATATCTCCTATTTTTTCAGGAGAATTATTATTTCGGATAAAGCCCAAGCCTTTTTGTGCAAGTTTATAGTTGGGATTATATTCCAGGGCAAGAATATAATATTGAATGGCATTTGCGGTATCGCATCTGCGTAAAAACATTACGGCTTCTGCAGCAAGTAAATCGGGGTCGGTAGGTTTAATTTGTCTTGCCCGCGAAAAATAATCCTTTGCTGCGGGAATTTCTCCGGAATATAAATAGGCAAGTCCGAGATAAAAGTGGAAGGTAAAAGAATCCCTATAGTCCAAAACATGACGTTCAAGAGTGGAGATTACTTCGTTATATTTCCGCTTTGCAAACAGTTTTTTACCCTGGTCGATTACTGAAAGAGCCATTAGTTATTCCTGTATATCGTTTATAGCACTATCGGCTTGTTTTGTCAAATCGTCTATGTATTCATC
NZ_CP061839.1_gap16	383919	388315	4396	GAAAACAAGAAAAAGAGCTTATCGAGAGGGAAGCCGCTCTCGATGAAAGAACTAAAATTTTAAGCGGCGAAGAAGAACGATATAGGGAAGAGCTTGAAAGAATATCGGGTTTAACTCAACAACAAGCTAAAGATTTAATTATCCGCAGCTTGGAAACTGAAGCAAAGCATGACGCTGTTTCTATAATAAACAAAATAGAAGAAGAAGCGCAGCTTACTGCCGAAAAAAGGGCCAGAGATATTCTTGTAACGACAATTCAGCGGCTTGCTACGGAAACTGCAAGCGATATTACCGTTTCAACGGTTAGTTTGCCCAGCGATGAAATGAAGGGTAGAATAATCGGACGAGAGGGACGGAATATCCGTGCGCTGGAAACGCTGACAGGTGTGGATATAATAATAGATGATACTCCTGAAGCTGTTGTCGTTTCATGTTTTGACCCCGTACGGAAAGAAATTGCGCGTGTTGCATTGGAAAGACTGATTCTTGACGGAAGAATTCATCCTGCAAGGATTGAAGAAATAGTACAAAAGGTAACGCGTGAGATTTCACAAAAGATTTATGAAGAAGGGGAGCGTGTTTTATTCGACCTCGGAATTCATAATATGAACCAGGAAGGCATAAAGGCTTTGGGAAGACTGTATTTTAGAACAAGTTACGGGCAAAATGTTTTGCATCACTCTAAAGAGGTTGCAATTATTGCCGGTATGATTGCAAGTGAAATAGGTGCCAATGTTGAAATTGCCAAACGCGGAGCCCTCTTACACGATATCGGAAAAGGCGCTGAAACCGATTCCGATAAAAATCATGCCGAAATCGGTATGGAGCTTACGCGTAAAATGAATGAAGACCCGCGCGTGGTAAACGCCGTGGGAGCTCACCATAACGATATCGAACCTTCTTCTATAGAAGCTATTATCGTTCAAATTGCCGATGCGATTTCCGCTGCAAGACCCGGAGCAAGACGCGAAACTATGGATAATTATGTTAAGCGGCTTGAAAATCTTGAAACGCTTGCGGAAGGTTTCACCGGTGTGGAAAAGGCTTATGCGATTCAGGCAGGACGGGAATTGCGTGTAGTAATAAATAATGAAAAAATTTCCGATGCCGATACGAAAATTCTTGCACGCGATATTGCAAAGAAAATTGAAAGCGAATTGCAGTATCCGGGCAGAATTCGGGTTACGCTTATCCGCGAAACAAGAATCGTAGAATACGCAAGATAAATTTAATACTTAAGAGATAAAAGCAAAGAGGCTGTATGCTTCTTTGCTTTTTTTTATAAAAAAGATAAATTGGCCGGTTTATAACGGCAGCTTAAAGTCCTCAAGCGGGTATTGTTTTCCGCGGAAGTAAATTCTAAAAAAATATAAGAAAAGGTATTGACAAGATTTGTAGAAAGTGGTATAAACAAGACCGTTCGCCGGGTTAGGCGAAACCGTTAGAAAACGGGAGAAAAAAGTAGAAGTAAAGCGAAAATGTAGGAAGAATAGAGGCGTTTTTGCTTGAAGATGAAAAAAAAAGAATACGTTTTACTTTAAGTAAAAAATTAAAAAAACTTTTAAAAACTACTTGACACAAACTGAAAAGTTATGATATAATCCTTTTTGCTCGCTAACGCGTTAAGCCGTGCGGGTAACGTTAAGAGAGAAGCTCTTAGCCTGATATTTGACAATTAAGAGGGAAGGAAAAGAACGCAAAGACATAAGTGTAGACCTTTAAAAGGCAACTTTTAAAGGAAAACTTAGAATTAAGGGAAAATGAGTATCGGAAAAATAAGCTTAAAAAGTTTTTTTTCTATTTAAGAAGAAGACTTAAAAATAAGCAATTCCTTAAAATGAATAATTTGAAAGGGAACAAACTTAATTAAAATCGGGCTCTCTTTAAGGGAGCTTGAAATAAAAATAATGGAGAGTTTGATCCTGGCTCAGAACGAACGCTGGCGGCGCGTCTTAAGCATGCAAGTCGAACGGCAAGGTAAGAGCTTGCTCTTACCCTAGAGTGGCGGACTGGTGAGTAACGCGTAGGTGACCTGCCCTGAAGATGGGGATAGCTAGTAGAAATATTAGATAATACCGAATGTGCTTATACGGATAAAGCCGTATAAGGAAAGGAGCTACGGCTCCGCTTTAGGATGGGCCTGCGTCCCATTAGCTTGTTGGTGAGGTAACGGCCCACCAAGGCGACGATGGGTATCCGGCCTGAGAGGGTGAACGGACACATTGGGACTGAGATACGGCCCAAACTCCTACGGGAGGCAGCAGCTAAGAATCTTCCGCAATGGACGAAAGTCTGACGGAGCGACGCCGCGTGAATGAAGAAGGCTGAAAAGTTGTAAAATTCTTTTGCAGATGAAGAATAAGGAGATGAGGGAATGCATCTTCGATGACGGTAATCATGCGAATAAGGGGCGGCTAATTACGTGCCAGCAGCCGCGGTAACACGTAAGCCCCAAGCGTTGTTCGGAATTATTGGGCGTAAAGGGCATGTAGGCGGTTATGTAAGCCTGATGTGAAATCTACGAGCTTAACTCGTAAACTGCATTGGGTACTGCGTAACTTGAATCACGGAGGGGAAACCGGAATTCCAAGTGTAGGGGTGGAATCTGTAGATATTTGGAAGAACACCGGTGGCGAAGGCGGGTTTCTGGCCGATGATTGACGCTGAGATGCGAAGGTGCGGGGAGCAAACAGGATTAGATACCCTGGTAGTCCGCACAGTAAACAATGTACACTAGGCGTTGGAGCAAGAGCTTCAGTGCCGACGCAAACGCATTAAGTGTACCGCCTGGGAAGTATGCCCGCAAGGGTGAAACTCAAAGGAATTGACGGGGGCCCACACAAGCGGTGGAGCATGTGGTTTAATTCGATGATACGCGAGGAACCTTACCTGGGTTTGACATCAAGAGTAATGGTATAGAGATATATCAGCGTAGCAATACGACTCTTGACAGGTGCTGCATGGCTGTCGTCAGCTCGTGCCGTGAGGTGTTGGGTTAAGTCCCGCAACGAGCGCAACCCCTACTGCCAGTTACTAACACGTAAAGGTTGAGGACTCTGGCGGAACTGCCGATGACAAATCGGAGGAAGGTGGGGATGACGTCAAGTCATCATGGCCCTTACGTCCAGGGCTACACACGTGCTACAATGGTTGCTACAAATCGAAGCGACGCCGCGAGGCCAAGCAAAACGCAAAAAAGCAATCGTAGTCCGGATTGAAGTCTGAAACTCGACTTCATGAAGTTGGAATCGCTAGTAATCGCACATCAGCACGGTGCGGTGAATACGTTCCTGGGCCTTGTACACACCGCCCGTCACACCATCCGAGTCGAGGGTACCCGAAGCCGCTAGTCTAACCCGCAAGGGAGGACGGTGTCGAAGGTACGCTTGGTAAGGAGGGTGAAGTCGTAACAAGGTAGCCGTACCGGAAGGTGCGGCTGGATCACCTCCTTTCTAAGAGAAAGGTAAATAATTAAAGAAAGCGAATGCTTTCTTTAATAAAACCGTATAAATTGTTTTAATCTTTAATATACGGTAAGTCTTGAAGTACACAAGACGCTCTGTTTACTCTTTTTCCCAATGCCTGTTCTTTTCCTCTTCCTCTTTTTTTTATAGGGCCTGTAGCTCAGTTGGTTAGAGCACTTCTCTGATAAGGAAGGGGTCATTAGTTCAACTCTAATCAGGCCCATACCGACTGAACTCGGTTTTTTATTCGATTGATAAAAAAATCGAAATTGATATTTGAAATGAGTAGGGAAGGGAACGAAAAAATGAAAGTAAGGCGGTTTATATCGGAGTGTAAGCGTAAAATCGGTTAATTAAATTGACTGTGAGAGTTTATGTAAAGATATAAGCTGTTAAGAAATAAGTTCATTCTTTGAAAATGAGAAAGAAGGGACGATAATATGGTCAAGCGAAAGAATAGGTTTATGGTGGATGCCTAAAGGAGCTGTAAGGCGAAGAAGGCCGTGGTAAGCTGCGAAAAGTTTCGGGGAGGAGCACACATCCTGAGAACCGGAAATAGCCGAATGGGGTAACCCGTCAGTAGTGATACTGACATTACGTACCTGAATAAAATAGGGTAGTAAAGCGATACTGAGTGAACTGAACCATCTAAGTAACTCAAGGAAAAGAAATCAAAAGAGATTCCGAAAGTAGCGGCGAGCGAAATTGGAGGAGCCTAAACCCTTTAAGGGAGTTGAAGGACTGCATCGGCGTAGGACCGACAAGTTTAGAGAAAATCAATTTATAGCAGAAAGGTTTTGGGAAAGCCTGGCGAAGAGGGTGAAACCCCCGTAAGCGAAATAAATTGAACTTGTTGATGCGGCACCTAAGTACGGCGGGACACGAGAAACCCTGTCGGAAACCGGGTCGACCACGATCCAAGGCTAAATACT
NZ_CP061839.1_gap17	394440	397785	3345	AATAGTTTGGAATGTGAGGCTGCCGCGCGTGCTTGTAGGATTTTTAACCGGAGGAAGTTTGGCGGTAAGCGGTGCGGTTATGCAAAGCGTTTTAAAAAATCCGCTCGCGTCTTCTTACACTATGGGAGTTTCCTCCGGTGCCGCTTTCGGAGCAGCTTTAATTATTGCAACGGGAATATATCTTCCGCTTATTCCGAACTTTACACTCCCGATAGCGGGAACGGTTTTCGGTCTATTAAGCGTATATGCTGCGGTAAAGTTCGCTTCTCTCATTGATAAAAATTTTGAAAACGGTACGATTATTTTGGCGGGTATCGTTTTCGCTCTTTTTATAAACGGAATAATTACTCTGCTTATTGCATTAAACAGACACGGAATGGCGCAGCTTATTTTTTGGCAAATGGGAAGTTTTTCTACGCAAAATATAAAAAACTTTTTTGTGCTTTTACCCTTTACCACCGTCGGAATTTTTATCTTGACGGTATTTTCCCGCGAGTTGGATATGCTTACCTTCGGAGAAGAGCAGGCCGCTTCGATGGGTGTAAATACAAAAAAAATAAAATGGCTTTTTTTATTTTCGGCGTCCGCACTTACCGGTATTTCAATTTCATTTACGGGAATTATCGGTTTTATCGATTTAATTGCACCGCACTTGGTACGGAAGATTTTCGGAGTAAATCATAAAATTGTAATACCGATGTCGTTTGTTTTAGGCGGAACGGCAATGGTTCTGTTTGATATGGCGGCACGTACTATTTTATCTCCGCAAGAATTACCGGTAGGCGCAATTACGGCTTTAATCGGTGCTCCGTTTTTTTGTTATGTTTATTTTTCCGGAAGGAGAAAATAAAAAATGGATAGCCCTCTTATTAAACTGCAATCCGTTTGCGCCGGATATAATAACACACCTATATTAAAAAATATATCTTTTTCGGTTTCGGCAGGTGAAAGCATTTGCATTTTAGGACAAAACGGTTCGGGCAAAACAACCTTGCTTAAAACGATTGCAGGACTGTTATCTTATTCGGGAGATATTTTTTTAAACGGAGATAATTTAAAAGAATTAAACCGCAAACGGATTGCAAAAAAAATTGCAGTGTTAAGTCAAATTTCTTCAATCTACTTTTCTTATTCGGTGTACGATACGGTAATGCTTGGAAGATATGCGCAAAATAACGGAGGCGTTTTTTTCGGTATTTCAAAAGACGATAAAGTATGCGTTGAAAAATGCTTGCGTGCGGTTGACGCTTGGGATTTACGCGAGCGTAGAATAGATACTCTTTCAGGCGGACAGCTTCAGCGCGTATATCTTGCGCGCACCTTAGCACAGGAACCTGAAGTAATTTTATTGGACGAGCCGACAAATCACTTGGACTTAAAAAATCAAATTGAACTTATCGCTTTTTTAAAATCTTTAATTAAAAGTGAAAATAAATCGGTAATAGGAGTTTTTCACGATATAAATCTTGCAATGCAATTTGCGGATAAAATTATTTTTTTAAAAGACGGATGTATAAAAAATTTCGGTACAAAAGAAGAAACCGCAACCGTTCAAATTTTTAAAGAAGTGTACGGAGTCGATGTTGTAGGCTGGATGCAAAAATCGCTTGCAGTGTGGAAATAAAAAAGGTTTCGAGCAGTATCAGCTTCGCTCCGAGCGCAAAATCCCGTATGAAATACTGTCATAATAGGTATTTTTCCAAAACCGCACTTTTCTTATCTGCGCTTCTTTTTTCATTCCCGCCTTTTCGGCAGCTTTCATCATTCCGATATTGCCGCTCCAAGTGGTAAGCCCGATATGTTCAAGTTTTTCGTGCTTACGAAAATTTTCGTCTATCCAAAGTTTAAGCGCTTTCGTGCCTATTCCGCCGCTCCAATATTTAGAATCATATATGGTAATACCTATCTCAAACCATAACGTTTTTTTATCTTTCCAATATCCGGAAACCATTCCGACAGGTTTCCCGTCCGATAATATACACCGGCATTTTTCGCTCATAAAAAATTCATATTCCGATGATTTAAGAAAGGCTTCAAAAGTTTTAAAACAGGTGTAATCGTCATCAAAATACGGACCGTCCCAATTTTTCCACTCGGGGTGTTCTTCCCTGAATCCCGCTTTCCATATATCTTTTAAAAAATCTTTGCGAAATTTTTCTAAAATTACATTTTTTTGCATACGTATTACTCCAACAAATTTAAGATTTACCGCCGTACATGTTCATCATAGAAATTTAAAAACCGTTTAAAAAGTTCTTTGTCCAATCTGCCGCACCATCTTGTTCTATCAAGATTATCATTGATATACTTTGCTTTATCCGCCGCAAATTGCGCCTTGTTTGCAGCGGCTTTATAGTCGTAATTGAGCGTTTCAGTCCATTTATTAAATCCCGTATTAAACTCATTTAAATAAGTATCATTGATGTCGGTAAAAATCTCATTATGCCCCTTATTCTCAAAACGGATAAAAGTAAATCGCGGGTTGTTATTATACTTGTTGTAATATAAATCGTATCCATAAGAAGCGGGCACAATGTTATCATCTGCGCTGTGAACAATCATAACCGCCGCCTTACTTGTCTTAAAACCGTCCATTGCCGTATTTCTTGCATATTTACCGTATTTTATCAGTTCGTAAAATTTAATAAACGGCATCATAGTATAAATTATTTTACCTGCTTCTCTTTTTCCGCTCGCTTCAAATAAATCGGATGACCTGTTGCAGCCCGAAATTTCTATTACGGCTTTTATTTCCGGGTGATATGTTAATACACTGCATACGCTGTAACCGCCCCAACTATGTCCGAATTATATATGTTTTACGAGTTTTATTTTTTACTCGTGATAGTATTATTTTTAACACAAAATATTGAGAAGAGCATATTTTGAATTGACATTTTTATTGGAATATGCTATCCTCAACAATATAATTTGGGTATGTTCCGGTTTCGACCGGAAAGACGGAGGCTTAAGCTGCAGGCGGAGTGCCGACCTCCAGATTCGGCAAAAACTATAACTGCCGAAAATAACGACAGTGTCGATTACGCCTTAGCTGCATAATCGCGGAACCTGTTCTGCACTGCTCCGAGCGGGGCAAGGTTCCGACGCTGACCGGAGCTTGCTTTTCATCGGTGTACAAACGCTGAAAAGGACTTTTTTTGTTCTACGGATTCGACGCTTGCGGTGCTGCTACCGGATCCCGACAATCACCTCGCACCGCTAAGCCTGTAAACGCTTCTGTTTCCCTTTTCGGGACGGGGGTTCAATTCCCCCCATCTCCAAAATTACCGGTAAAATTCCCGCCATAGATTAATTACAGGGAGTTTTGATGTATACAGTGCCAGG
NZ_CP061839.1_gap18	451765	456446	4681	CGAAATTTCTTAAAGGCACTCCTAGTTTATTTATAGCCGCATCCCTGCTTTCGCTGGCTTTCGGCGGTTTTGCGGGGTTAATTTAATTTTGTAAGGGTTTAATCCGAGCCGTCCGGTTTTATGCGGGCTGCTTGCGGTTAAACCCCTCTTTTACACATTTCACCCGAAAAATTTTTGAAGTAAATGTTTATAAAAAAGCTGTTTGTATCGTTTCTTTAAAAGTTCCCTCCTATACCTGCAATAAAAATTGTGCTATAATCATAAAACATTGATTTCATATTTAGGAGCAAAAAATGAAAATTATTGATGTTGTTTGTGCCGAGGGCAAAACGGGCTTTTATTTTGATGACCAAAAAGCCATCAAACAGGGAGCCGGGCATGACGGTTTTTTCTATACGGGAAAACCCGTAACTGAGGGCTTTACCGCAATCCGCCAAGCGGGAGAGGCTATTTCCGTTATGTTTATCCTTGAGGACGGGCAGGTCGCTTACGGGGATTGTGCAGCCGTTCAATATTCCGGAGCGGGCGGACGGGACCCTCTCTTTTTGGCAAAGGACTTTATTCCCGTTATCGAAAAAGAAATTAAGCCCTTGTTTGCGGGAAAAGAAATTACCTCTTTCCGTGAAATGGCTAAAAAATTTGAAGAACATACAATAAACGGAAAACGTATGCATACGGCTCTCCGCTACGGAGTTTCTCAAGCTATTCTTGATGCCGTTGCAAAATCTCAACATAAGACTATGGCTGAAATTGTAGTAAAAGAATACAACACAGGCTGCAAAATACAGCGTATTCCGATTTTTACCCAATCCGGAGATGACCGCTATTTAAATTCCGATAAGATGATTATTAAACAGGCGGAAGTTTTACCTCACGGACTTTTTAACAACGTTGAAGAAAAAACGGGCAAAAACGGTGAAAAACTTTTGGAATATGTAAAGTGGCTTAAAAACAGAGTGGAAACAATGCGTACTTGCGACTGCTATAAACCTATTTTCCATATTGACGTATACGGCACAATCGGCGATTTTACAAATAACGATGTTCCGAAAATGACGGCCTATCTTAAAACCTTGGAAGAAGCGGCAGCCCCCTTTAAACTTAGAATTGAAGGTCCTATGGATATGGGAGAGCGCGAAAAGCAAATGCAAGTGCTTGCAGCCCTTACAAAGAGCCTTGATGAAAATAATGTAAAAGTTGAACTTGTTGCCGATGAATGGTGCAATACCCTTGAAGATATTCAATACTTTGCGGATAACAGGGCAGGGCACATGATTCAAATTAAAACCCCCGATTTGGGCGGAATAAACAACACAATCGAAGCAATTCTTTATTGCAAAGAAAAAGGTATAGGTGCATATTGCGGCGGAACCTGTAACGAAACAAACCGCTCCGCAGAAGTTATTGTAAACTGTTCGGTTGCAGCGGGAGCCGCACAGCAGCTTGCAAAACCCGGTATGGGAGTGGACGAGGGGTATATGATTGTAAACAATGAAATGAATAGAATTGTAGCCCTTGCAAACAGAAAATAACGTATTAAATAAAAAAAGCCTTGTATTTTACAAGGCTTTTTTTATGCTGCATTAAAAGGTTTTAAAGTTTAAAATTTATACCTTGCTTGCAAGGTCTGCAAGTTCAGCCTTCCATGAATAAATCTTATTTTTATCTTCCCATTCTATAAGTTTAATTATTTTAAAATTTTTTCTTAATTTAGGATTTTCAAAATAGGCAACTGCAAAGTTCCCGTTACCGATATAAATAACCTCTTCATTTTGCTTTAAGTCTTCCGCTTTTTTAAGGAATTCCATTACACAGTCGAAATGAACTGGCTGACCGCTTTCCTTATCGGCGATGGCGGCACTTAAGTCTTCTATGGGTTTGCCGCATTTTGTACAAATAAATTCGGGATATTCTATTTTTTTAATTTGAATTTGAGGCCTTTTCGGCGGAGAATATTTGCGCTTTTTTGATTGAAAATCGGAATATTGAATACCGTAATTATTTTCGCGACCGGTGTTTTGTTTAAATTTCTTCTTGCTCATAATCCAATCCTCCGCTTAAAATTCTGTCGGTTATAATTGTTGCAAGCCTGTAAATAGCGGCGTCCATATATTCAGGGTCCTCCAGTTTTTCTTCTACCGCATGAATTTCGTCAATACTCAAAGCGGAGCAAGAGCCGATACAGTTTGCAGGTTTATTTTTTTTATGAGGAAATAAATTTACATTACTCATAGCAATCTCCAAAAGCATCTTTTAAGTGTAAAATTTCAGGCTGTTGCGCCAAAAACGGGTTTGACTTTAAAACTATCACATCAAATCTCATATACATTCCATTATATTGTCGATTATTTTCGATAAAATGTTTAGCGGTTTTGCTTATCTTCATTTGTTTTTTTTTATTTATTATAATATCCAAATCTTCCAAAGGCGTATTAGGAAGAGTTTTTACTTCAATAAAAACCACTAAAAAGGCTGCGCGGTCAAGGGCGATAATGTCTATTTCTCCGTCTCTTGTTCTCCAATTTAAGGCGATAATTTCATAGCCTTGCATTTTTAACCATTCCGCAGCCAGGATTTCTCCGTTTTTTCCTATTTTCCCGTTATTTTTTTGTATACTCACGGGGGTTAATTGCTCTTACTATAAACAGGTTTTTGTTTTGGCTTAAATCTATGATTGTATCCGTATCCGCCAAAAGCTCTCCGGTTTCATCAATAAGGATTTTAATGCAGGGACGCATCGGCGCATCGGGCGAGCTTTGTACAACCCGTGCAAGAGAGGCATCGTTCATTAGTACAAGAGAGCCGATAGGATATATTCCTATGCTTTTAATCATTACTTTTATTATTGAAGGGTCGAAAATACGGGCATTGTCCGCTAAAAGATTTTTCATTGCCTGGTATCCCAGCATAAAATCGCGGTAAGGTTTGGGGCTTATCATAGCAACGAAGGCATCTGCAACCGTAATTATTCTTGCTCCCAAATCGATATCTTCTCCTGCAACTCCGTTAGGTATTCCTTTTCCGTCCCACCTTTCGTGGTGCTGCATTATACTTTTTGCGATTTCTTTTGTATACATAAGCTCGTTTAAAGCGGTTTTATAACCATAAGCGGTGTGGGCTGCAACTGCCTGTTTTTCCACATCGTTTAAGGCATCGTGTTTGTTTACAATCGTTTCGGGAATCTTCATCATTCCTATATCGTGTAAAATTGCGGCAATGGCAACGTCTTTTATCTGTTTTTCGGAAAGTTCCAGGGCTTCGGCTATTATAACCGCTAAAATTGCGGTATTAACTGAAGAGCGGGCTAAGTTGTTTTCTTCCAGCTCCGTACTTAAAATAAAACTTACACAAAGCGGAGAATCCTGTTTTATCAGATTTAAAATAATTTCGGCATAAGGGGTTACCGCAAGGTTTGCAACCGGCTGCCGGTGTTTCAGCTTTTCAAAAAAGTCGTTTATATCGTAAATAAGCTTACTGTATGTTTTATATAACTCTTTGGATTTTATATCGCTGCATATTTTTAATACGCTTTCATGCGAAACGTTTATGATTTCATTCTTTGTTATTGTTGTTCCGCTGATTACAACTTGGTCGGTTTCTTGCGGAGCGGTTGCCGATTCCAATTCTTCAACTTCGGACAGTTCTTCAACTTCCTGTATGTCTTCAAGCTCTTCTACGGTATCCGCGTTATTTAATAATTTATCAGCTTCGGCGGCCGCAATATCCGAACGCTTTTGCATTCCCGGCGGAATTATTTCCCCTGCGGTTATAACGTACGGGATTTTCCAACGTTTTAATACGTTTATTTCATATTCCGTAACGGGGCTGTTTTCTGCAAGCAGCATATTTTGTCCGTCATCAAATAAAATCGGAGCGGAATATCTTGAACCGATTTTGAGTTCGCTTACTTTAATTTTTTTTAACATTATAAATCTCCTCTGGTACTTCTTTTTAAAAATGCAAAAATTGCGGCAACGGCATTATATGTTTCAGGCGGAATACACATTCCGATTTGTCCCTCTGCAAGAATATTTGCAAGACCGGGATTTTCGATAATTTTTATACCGTTTTTTTCGGCAATCCGATTTATCTTTTCGGCAATTTCGCCTTTGCCCGATGCAATAATTATCGGAGCCTTTGAGCCTAGAATATATGATAATGCCGTAGAACTCTTTATATTTTTATCGTCAACTTTTATCATAACCATTAGTTTAGCATAAATATATGGTCAGTGTATAGATGTTATTTAAAAAAATCCTTATGTTTGACCAAATCTTTAAAAAAAAGTATAATGTAACGCTATGCAAAATTCAAAACCGCTTATAATTCAGGGCGACCGCTCAATTCTTTTGGATATTCACGATTCGCAGGCCCAAGAGGCAAGATTTGCTTTAATTCCGTTTGCCGAGCTTGAAAAATCTCCCGAGCATTTACATACATACCGTTTGACGGCTTTGTCTCTTTGGAATGCCGCCGGAGCAGGGTTAAAGCCTGAAGATATAATGAATACCTTAAACGGGTTTTCCCGATTTAAAGTTCCGGATTCCGTTTCGGTTTGGATGAAAGAAACGATTTCCAGATACGGGAAGATAAAACTTTTGCCGTACACCGATGAAAATTTTTTAAGGCTTACCGCAGCAACGCCTTTAATTTATAAAGAATTAAAAACTGCAAAAACTCT
NZ_CP061839.1_gap19	523979	526758	2779	AAAGGTCGCTCTAAGTACGGTGTATGAGGCGTTGTCTGCTTCGGAGCTTAATTTTTTTGACCTGAAACCTACATCAAGGGAGCTGTCCGCACTCATAAGGGAGATTTGCTCCTTTATAACCTTTCTTTCAATCGGAGCTTCTTTAGCAAAGCCGGGGATAATTTTTTCAAGGCTGTGCCCGTAAATACGTCCGCCGGTCATATTTTTAGCTCCGCAGTAGTCTCCTCTTTCTACTAAAAGCACTTCAAGTCCTGCATTAGCAAGAACAATTGCCGCCGAACTTCCGGCAAGCCCCCCGCCAACTATTATGGCATCAAATTTTTCATCGCTCATACAATTCCTCCTGATAAATGTTAATCCTCTATTTTTGTCCGCATATAAGCGCACAGCAACCGAAAAAATAGCTGTAACAAGCCGTATTTGCAAGACCTATTTTAGAATATAGTTTCATTAAGTCTTTTTTTCCAAGAAATTTAGAAGTGGACTCATACAGCCATAAATACTCTTTGTGACAGTGTATGCCTCCGCCTAAGACGGGGACTATATGTTTAAAATAAAATTTATGAAAAGGGCGTATAAATTTATTTTCAGGTATAAATGAGTCCAAACAATAGATGTTGCTTCCTTTTTTTACAACCCTTTTCATTTCAAATAAAACCTTTTCGTACTCCGAGGTATTCCGTAAACCGAATGAAATATCCGCCGAATCAAAGGTGTTGTCGGGAAACGGCAGTTTTAAAGCGTCGGCCTGTTGCCAAGTAATATTTTTTATTTTAATGCTTTTTTGTCGAGCTTTTTGCAGCATGGAAGATGAAAAGTCTATACCGGTAACGGAAATATCCCGTCTTTTTTTTGCCGTCCATATTGCAATGTCGCCCGTCCCGCAGCAAACGTCAAGTATATTATTTCCTTTGGAGCTGCCCCTTATGATTTTATTGACAAGATTCATTTTCCACTTTTTGTGCATATAAATGCTTATACGGTTATTAGCCTTGTCATATCTATCGGAAATGGTTTCGAAAATTTTATGTACTTTTTTTTCTTTTGTTTCCGTTTTCATAATGTTACCTCATAACGGCGAGTTTTATTACCGCAGATATTATATAAGCCCCGCCCCCGAACATATTTGCAGCAACAATTCCCTTCATTAAGGATATTCTATCACTTTGTTCAAGTTTTGATTTCATTTGTTTTATAAAATATTTTCGTCCCGGAATAATAATTGTAAATGTACAGATAAGCCCCGGTATTCCGAACAGTATTAAAGGTAGTATGCATAAAACCGTAAGCCACAGTAATATCATATTTTTATAAATTGAAACGGTTTTATTTCTTCCCATTATTACCGGAAGTGTGCGCCGTCCTGCAGTTTTGTCTTTTTCAATATCGCAGCCGTTATTTGTCATCATAATAAGAGATATACCTATTATAAGCGGAAGGCTGTAGGCAAGTACTTCAAGATGAAGTTTATTGTCGGCGGCAGATGCTACGGCGAGCGGAATAAAGCCTCCCATTACAATACCGGAAACGGCCTCTCCCATCGGGAGGTATGAAAGCGGTAAGGGGCCGAGAGAATAAAGTAAAACTACAGTTCCTCCTATCGCTCCTATGTATAAGGGCATAAGTCCTGTTTTTATTGAGCAGTATATTCCGAGGCTTGCGCCTAAAGTTAAGTATAAAATGCCTAAAAACAATACATGGTGCGGATTTACGTTATTATATACAAGTACCGAATCTGTTTTTTCGACATTATCGTTTATGCTGTCGGTTCCTTTAATATAATCCGCATAGTCGTTAAATGTGTTTACGGCGGATTGCATAAGTACGCATACGGCAGTAAGCATTATGCTTGAGAAAATACTTAAACCGTATCCTTTTATATTGCTGAAAATTATTCCGAAGACAGCCGGATAAATTGAGGCAACCCATGTATGAGGTGCGGCTAATTGAAGAGCCATTCGCAGTGTAAGTTTTGTGTATTTTTCCATTTTATACCTCTAAGCATTCCACTATCTTTTTAATCAGTTTAACGGCATCGTTTTGATTTCCGATTAAATTCAAAATATCTTTATTTTTTTTTGCAAGCGCTTTAATTTTAAGACGGGTTTTTTCAACTCCTCCGAAGTATACGACTTTTTCTTCGATTTCCGCAATTTCTTTTTTTGAAAGTTTTCTATTTGAGTTTTCAAGTATAATAGGCAGTAAGCCGTTTTTAGCGTTTTTATTTTCCAGTGCTTTAATAAGCGGCATTGTATAAATGCCGCTAAAAAAATCTCTGTGGGTGTTTTTGCCTAAAGTTTTCCCTTCGGCGGTAAAATCAAGCAGGTCGTCTCTAAGCTGAAGCATAAAGCCGATATTTTCACCCAATATTTCAAGTTTGTTTATCAATTCATCGGAACAACCGGCTTCGCTTGCTCCCATCCTGCAAGCGGTTTTAAACAGGGCGCATGTTTTTCCTTTTATATTACGTAAGTATTCTTTTTCCGTTATTTTTTCATTGTACCGGAAAGTATCCTGTCCTATTTCTCCTATACACATTTGTTCTATAGCTTTTGAAAGTTCAACCGCCGATGTGTTAAAACCGTTTTCCGTCTGGTAGTGATAAATTTTTGCGATAATAAAGTCCCCGGCATATACTGCGGCGTTTTTTCCGTATTTGCTTTGTATGGAAGGTTTCCCGCGCCTGTAAGGGGCTTCGTCTACAATGTCATCATGTATTAAAGATGCAAGATGAGTAAGCTCAAGTATTGCCGCCAATGCACATAGTTTTTCTTTGTTT
NZ_CP061839.1_gap20	546109	548874	2765	TCACGAAATATTCCCAAACTACATCACCGGAGTAGCACTGTTCTAAATTCATAACTTTATACTCAAATCTTCTTTTGAAAACCAAACATTACCGCATTCTCCGCAGCCCCAAAACTTTTCATCTTCAGTATCAACATAAGTTACAATTCCTTCCTGACAAATCAGAATCTCTTAACTATCCAAAAAAGAACGATATAAAATCTTCAACTTGCTTTGTGCTTAGGCATTGCGAGAGAATGCCTTCCGTATCATCGATAAAATTCTCTAAAGGCTTTTCGTCATCATCGCTTGTGTAAATTTATATTTTTCTTCTTCCAGTTTCATACATTCGGATAAAAGAAAAAAGAAATCGGCAAGTGAAGAGCTTAAATGGAAAAACCGTCTTTTATCGATAGAGCCGTATACGCCGCCGTCAGTCTTATCAAAGTAAACGGCATCATCATTTCTATTTGCAAATACAACCCAATCCTTATTCCACTTTGTATCGTCGTTTTGCCGCTTCCCTTCTTTGTTAAGAATTATGTACCAGCCTTCTTGAGCTCTATCAAGTTTTATCTTAGGTTGAACGGTAAGAAAAAATTCTCCTCCGATTATTAACACATTATCGAAAGATGTTAAAGAATAAAACTGCTCCAGCTCATCCGTGCATTCGGTATTTTTCACGGCATCATCAATGACGGAAAAATTGCCCATATCGGTTTTATTTCTGCCGAACACATTATTAAATTTTGTTAGCGCTTCTATTAATTTCACAATATTTATCCTTTTTTAATTATATCACAGTTTTTGTTCTTTGATAAGTTTATCCAAATATAATTTATCTACGCTGAGCCATTCAATGCTTTCTTTGCCGTTTTTATAATTGCGATATTGGAAAATCATTTCGTCTCTTGTTTGAAATAGTGCATTTACACCACAGCTATTTTCTAATTCATCTATCGCATAATCGATGATAAGTTCATCAATCAGTTCAAGTGCGGATAAATCAAAAGCATAGCATTTCCCTTCGGTAGTACAAAATATTCCGAAACTATCATTGATTTTTTGGACATTGGATAATGAATCTTCTTTAAATAAAGAATATGTTTTCTCGGCAATTGGTGCAAAATCGGAGGAGAAAATTTTAAAAAAGGTCGAGCTGTAAAAATCTGCAAGCAAAGCATATTTATCGAAGCTAAACATATAGGATAAATTTTCCGGGAACTTATATATTATCTTGAGCTCATTATTGTTTAATTCCATGCAATAATCTTGAGAACCGTCCTGTCCTGCCGTAAAAGATACTATTATACGAGTTTCTTCATTTAAGCCTGCAAAAGCTATTTCCGAATCGTTAAATTCATCTTCCAATTTTATAGAAGCAATTTTATTTACGGCTTTATCGAATACCGTTATGTTTATGCAATCATCATCTATTCGCTTTACCGTCCAAATAATTTTATTTGTATGAGGCGACTGATAGATGACATCAGCTTGTGTATGTAATTTTTTTTCAATCTCGGTATCAGGTTTTCTATTTAGGTCTTCTAAAAAGCAACCTGTGCTCTTATTATAGTATTTAATATAAATCATAGTTCACAATTTCCTTAAACATAATTATTTAAACCTTTATTTTAAATTAAGTACATTTTTTGATGAAAAGTCATAAAATAATTATCACAACCGTCAATCGCTTCTTTTAATACGGGCAATTTTTCATATCCGATTTTTTTAATTCCCGATTTTTTAATTTTATTATAAATTTCATCATTTACAATGATACCTGTTAAAGCACTGGGAAATAAAATAGAATTTGGGATAGACTTATCAACAATATACCAACTATTTAACGGTAAAGGAAAATATAAAACCGCTCCGCATTTATCACATATTTTGCAGGTTGACTCTTTACCGCCTCTTATAAAAGTTGAGACCTTTGGGACTACAGAGATGTATTCTTTGGATACGCTTTTATTTACATCATAAACCTTTCCCACATAATATACATTCTCAATATTCTGCAAGCCGAGTAATGAAACAAGGTCTTCCCGTAACATTCCAATAAATGTACCTCTTGCGTAGGTTATCGGAGCAAAACTCTTTTTTATTTTTTCGTTTAGAAATACATCAATTGCTTTATGCTTAATGATATTCCAGCAATTACAGATTATTTTTTCTTGTTTTAATTGCTCTATCCAACCGGCATCTCCTTCTGGAACATTTTGTGTTGGGTCGCTGAGTTGATAGAATATTTTTTCCATTTATATCTCGTATATAGCGTTCTGATAATATCTCCGCATTAGGGAATTTGTTTTCTAACCAAGTTCTGGCGATTGCTTCACGAACATTGCCTGCAACTTTATTAGGAATGGCGCCTAATTCCAACGGGCCAATCTGTGTATTACTGTCAAAAACATATCCATAAAGCGTTGGATTATTTTCTTGCCAGTCCTATCGGGTCTTGACTGATGTAAGTCTCTGTTTCAGATGAATAATACCTAAACCTATTGTATACTAATTCGGTTTCTATATCAAGATATTAACCTTGATAGCAGAGCTGGCAATCATCTCAAAGAACGCCTTGCGAAATTACAATTTATTCCCGATAAAAAGATGTTTTTAGTTCTAAAAACACTAAAAGGCAAGGAAAATATCCCTGCCTTTACATCTAATCTTTAAAATTATTTTTGATAATCAGATGATTATTTTGACAACTTCCGATTTGGAGTATTACCAATAATATATAAACAAGATAATCGAACTATACAGAGTAAAAGACTATACAT
NZ_CP061839.1_gap21	615681	617172	1491	GTACATCTATTATCAGTTTAAAACTTCTTCTCACTACAAATCCTATCTAATCTTAATTTAAGAATTAAAGTTGCGGAACATAAACATTCTCTACGAATGCATTATGATAATACGACTCCCCATTCTCAAAAGCTGTCGCTTGGTAATCATAGTATGTATTCCCAGTTACATAATAATCTCTGTAATATTCATCATCATTTTGAGTCGGAGTTACACTTCCTCGATAATAATAAGAATTTGAATATGCTCTGTTTCTTCTGTATATTTTGTATATCTCTGCAGGGATATACGACTCTGTCCACCAAACTGTCACAAAATCAAAAGAGCCGACAGCTCTAACAGAGTCTCTCCATGTACTTGATGAATAAGTAGAACGAGCTGAATGAGTGCTACTATTATCCGAATTTGATGAAGTAATTACCCAATCGGGAAATTCTCTTAATCCGTAAGCCTCAAGTTCATTTATCTTACTTTTTAACTCATCTGAAGGATTGCTTTTATATTCCAATTGATAATTTTCTAATTCAGCAAGGAACATTACATACTCCTGCGATGTTTCAGAAATTAATTTGTTTTTTTGTACATCTCTTAGATTTTCAATTTCTTCTATCGAAAAAGAAGTGATTGTTTTTGATCCTGTCAATTTCAATTGTGAACACCCAAAAGAAATGGCTATTAATAAACAAATAATAAAAACTGATAAATATCTTCTCCTAAAATATTTCCTTATAGTATCTATAATAGTAACATATTATTAAAAAGTCAAGACTTGCTTAATAATATTTTTTGTTAAAAGCAATTATTTTGCTATTTTCATAAGAAAAATTAGCAAAAATTTATTTAAACCTTTTTTTACCTAACAAGATAATATAGGATCTATAACAATGTATCAATACCTCTTGTTAATTTACAAAAAGATATCTTATTTTTCAAAGTTGCAGTTTAAAGTGCCTTTAAAGAAATTATTAACCTGCCGTAAATTCAAAAACTGCATCGCAAAGATCAAAGGACTTTTTTCTATGCGTTACAAAAAGAATAATTGTATTCTTAAACAATTTCTTTAAAAGTTCAATCGCAGAGGTTTCTCTTTTTTCATCAAGACCGGAAAGCGCTTCATCTAAAATAATTATTTTAGGTTCTTCTTCAAGTGCTAAAAGTCTCAATAAAACTATACGCTGTCTTTGCCCGAGTGAAATATTCGCCCCTTCCGTTTCTAAATTTGTTTGAAGTGAAATATCATCGCTTTTGTCAAAAATTGAATTAAAAACTTCTTCCGTAATATTTGAGGAATCTGAAAGCTCTATATTTTCTTTCACCGTACCTTGAAAAATAAAAGATTCTGCACTTACATAAAAAATTTTTCCGTTAAGCGAATCAGTGTCAAAAGTTTTTATTCTTTTTCCGCCTACCGAAACATCTGCCGTATCGGAATAGAGCAAACCTGAAAGAATTTTTAAAGCGGTGCTTTTGCCTAAACCGGATGGGGCGGAA
NZ_CP061839.1_gap22	649439	651699	2260	CGCTCAAGCCATTTACCGATAATAACTTTTTGCTGATTACCTCCGCTTAATGCCGAAATGGGCTGGTCCGGCGAAAGACAGCGCGTTTTCATTATATCTATTTGCCTGTTCGCGGCATCTCTTATTTTTCTATTTGATAAGATACCGGCATATTTATAGCTGTTTAAGTTGGTAATAGCAGTGTTAAACTCTATTGTAGCCTTGCCGAACATTCCGTTTAATTTACGTTCCTCGGTTAAAAGAGCAAACCCGTGCTGCATTGCCTCTTTACTGTTTTTAAACCTGAAAGCTTTTTTATTGATTATAATATCGCCTGAGGCAATGGTTCGTATTCCGAAAAGACTTTCTAAAAGCTCGCTTCTTCCCGCACCGACCAAACCGTATAAGCCGAAAATTTCTCCTTTTTTTACAGTAAAAGAAATATTTTCTAAAATAGGCGGGTGTTTTGTAGTCAGATTTTCTATTTTTAAAAAATCTTCGCCCGGAGTGTTATCAACGTCGGGAAAGCGTTTATCGAGGGAACGCCCTACCATTGCGGAAATAATTTCATTCATATTTGTTTCCGCAATCGGTTTTGAAAGAATCATCTTTCCGTCCCGCAGTACCGAAATTTCATCGCATATTTCAAACACCTCATCCATTTTGTGCGAAATATAAATAAATGAAACGCCTTTTTTTTGTAAACTTCTGACTATTGAAAAAAGCTTTTTTACTTCCCGTTCTGTAAGAGAAGAAGTCGGTTCGTCCAAAACAATTATTTTAGAATTGTAAGAAACCGCTTTTGCAATTTCCACCATTTGACGCTGAGAAACCGACATTGTGCGCATAATTGTTTTAGGATTTACGTTTATATTTAATGAAGAAAAAAGAGAGTGGGCCGATTCAAACATTTTAATTTCATCGACTATTCCGAAGCGGGTAGGGTAACGGCCTAAAAACAGGTTATCGGTAACGGTTCTGTCTAAACATAAATTTAATTCTTGATGAACCATTGCAACTCCGCTTTCAAGAGCTTCGCGCGGATTTTTAAATTCCACCGGCTTATTTAAAAGGGAAATAATGCCCTCATCTCGTGTATAAATTCCGAAAAGACACTTCATCATTGTTGATTTTCCGGCTCCGTTTTCTCCCATTAAACCCATAACGGAACCTTTTTTTACGGTTAAGTTAATTCCGTCAAGAACCTTATTTTTTGCAAAAGATTTTGACAGTTTTTTTATTTCAAGTACTGCATCTTCCATATTCGTAAAAACCATTCCCCCTTGCTTTTAAAAACAAAAAAGTTTTTAAAAACTTTATCCGTCAAGACTTATAAACAATTTATAAGTCTTGCGGTTTATGTAAAAACTATCCGCCGAAAAATATCGGCACTAAAAGCGATGCAAGCAGAATAATAAAGGCACCGCCTATACGCGAAGATATTTGAGCAAAGGGCATAAGCTCCATTCTCTTTGCAGCGGTTAAAACTGCAACATCGCCTGTGCCGCCCATATTTGCCATACAAAGGCCTGCCGTAATAGACGCTTCTATCGGGTGGAAGCCGACCAGCTTTCCGATAAGCCCTGAACCTATAACGGCTCCTATAATTACCAATAATACTAAAACCGCGTATGACCACGAGAAAGCGTGGATAATATCGCCTAAATCGGTATATGCAATTCCTATTCCCACTAAAAGAGCCGCCGTAAAGTTTTTGGCAACAAATTTATACCATAAAGAACAAGCTCTTTCAAATTGACCGGGCAGCAGGTTTAAGGCTTTTACCGCGGCAACGCTTATAATCATCCATGCATAAGTATGAATATCTATTTTTATAAGTTTTAATAACTCCGCAACAAGTTTTCCCCATGCAAAAAAAGCCGTTGCAATTACTATTGCAGTTCCGAAATCCGCAATGCTCATTCCCTTTGTTTCTTCACCTTCATTCGGAATATCAAAGGTTCCGCTTGCCATTAACTGGCCGTTGCCGGTTAACGAGGGTTTAATATTGCCAAGTTTATTTAATAAGCCCCCCGCAACAATAGCCATGGCGTTTCCCAATGCAACTGCGGGAACCAGCTTTGAAAGAATTTGTTCGGCGGGTATTTTTAAAGCGGAAGAAAATACTTGAGCTATAGGAACGGCTCCGGCACCCATACCTCCTCCCATAATGGGAATTCCTATATATGCAATCGCTTCGGCAGGGTTTATGCCGAATAAGGGCGCTCCTCCGGCTACAAGTAATAACGAAACGGCAACCGCTCCCAAAATGCAGGGAAAA
NZ_CP061839.1_gap23	658185	659276	1091	CTTTTTTGGAAGAAAAATAAAAAAATAATGCGGAGGAAAGAGCTGCAATTAAAGTAAGAGCGGAAGTACAAAGTCCCGTAACGGCGGAGTTGTATAAAAGTCTTAAATTGTTTTTAAAAATGTTTTGAAATAAACCGAAGGAGATTTTTCCGTTTATAAAAAAGCCTTCTTTAAAAACCGCTGCAAACGGAAATAAAATAAATATTACTGTAAGAGCCGAAATAATAACGATTATTAAAAAATCGGCTGTGCGGTTTTTATCTGTTGGCTTTATAAATTTCAAAATAAATAATCTCCGGAAAGGTTTTAAAATATCCTTAAGTATTTAAAAAAAAAGCAGACGGGATTTAACCCGTCCGCTTACGGTGTGTTATAAATATTTATTTTAATTTCAGATTGGAAAAAGTTTTAATACCTGCATAGCGGGCATTAACGCCTAATTCATCTTCAATCCGCATAAGCTGATTGTATTTTGCAATGCGGTCGCTTCGGCTCATTGAACCTGTTTTAATTTGCCCCGTTTCAAGAGCGACGGCAAGGTCTGCAATAAAAGCGTCTTCGGTTTCACCTGAGCGGTGGGAAATAACGGCTGTATAACCCGCCTTTTGGGCCATTCTTACGGCATCGATTGTTTCGGTTACCGTGCCTATTTGGTTTAATTTAATTAAAATTGAATTACATGCCCCTTCTTCAATTCCTCGTGCAAGGCGCTTTGTGTTGGTTACAAAAAAATCGTCGCCTACAATTTGAATTTTACCGCCGAGCTCCTTTGTCATTCTGGCATAGCCTTCCCAGTCATTTTGGTCAAGCGGGTCTTCGATTGAAACGATAGGATAAGAAGCTATCCAGTTTTTAAAAAGGTCAATCATTTGGTCTGCGGTAAAAAGTGTCGACGGTTCTGATTTCCAAAACTTGTAGCCTTTTTTTTCTCCTTCATCGTAAAGCTCGGAAGAAGCGCAGTCTAAAGCAATAACTACGTCTTTACCCGGTTTATAACCCGCTTTTTCGATTGCTTTCATAATATAATCCAAGGCTTGAACGTTTTCGATATTCGGAGCAAATCCTCCCTCATCTCCTACGGCGGTAACATG
NZ_CP061839.1_gap24	662435	665592	3157	ACTCAAGCGTTGGCATCGGGTGATGTGCATATTTTACATGCCGTAGGAGGCTCTTCGGTAGCGGCGGCGGCCGCTGCAGGTGCGGATATTAAAATCATAAATATGTACAGCAGAGCTCCGGAAGCTTTTGCCCTGTATTCTAAAGACGGCTCTCTTACTTCGCCTGAATCGTTAAAAGGAAAAACAATTGCAGGACCTATGGGAACAAACCTTCATGAGCTTTTAGTTTCATATCTTGCGACGGGAAAAATGAATATTGAAGATGTAAATTTTGTAAATATGAGTATTCCCGATGCATTTGCAGCTGTAGAAGGGGGGAGTATTGACGTTGCAATGCTCGGCGGTCCTGCCGCGTTTAAGGCTTCGCAAGTCGGTCTGCATAAGATTACGGACGGCAAGGGTTTAATCGAAGCAATTATCTGTGTTGCATCGACACAAAAATTTTATGATGAACATAAAGATATTTTGGAAAGAATTGCCGCAGCGCAAGAAGAAATCAGAACGTTTATGAGTGAAAATGCGGAAGAAACTAAGGATATTGTAAAAAACGTTCTTAAATTAGATGATGCCGCATATAATACTATGTATCCTCAATATAATTTTTCCTTATTTACTACGGAACAGGATATTGAAGGCTTGCAAAAAACTGCGGATTTTATGTTTAAAAATAAAATGATAAAAAATCCCGTAAAAGCCGGAAGTTTGTTTATTAACTGATTAACGAATCGCCCGTTATCGATTTATGCTTGATAACGGGCGATTTTTATTTGTCGTCTTACCGTTAGCTTAAGCCGTAAATAAAAGCCGGCTGTTCCTTTTAAGATAAAAATAAGCTTTTTTTATGTAAATCTTTAAAAAATGAAAAAAAAAGATCAAGAGCCTTGACAAAATGATGGTATGGTAGTATAATAAAAAGAGTTATTAAAGATGCATAAAACTGTTTTTTTTAAAACGGTCTATATTTTAAAACGTGTTAAATTTAGATTGGGCCGGGTAAAAAAAAGTTTTATGGGAATAAAATTAAAAATTCTGTAAAATAAGGTTACAGAAGAGGAGTTTTATATGAAACATAAAAATAAGGTTTCCATTATCGGAATGTTGATTTTTGCAATCGGCATTATAGCGTTGTTTTCAGGCTGTTCTTCGGCATATAAAATTCAAGGTGTTTGGGAATTAACAGGATCACAAAAAGAGGGAATACCTCAGGATAAGACATTGTATTTATGTTTTACAAGTACAAACCGTGTGTATAAGGCTGTTAAAGACAGTAGTGGTCTTAGAAGAACCGAACCCGTAGCATATACCGTTGACGGAAATAAATTGAAAATAGACGGACAAAAAGAAGCAACCTTTGTAATCAGCGGAACCACCGCAACTTTTTCAGATTCTGACGGAACTACGGCTTTTTATTTTAAAAAGGTAAGCTCTCCTACAGTGAAAGAAATTGAAAACGCTCCGCTCATGCAAGAATAAAATTAAATCCATTTTTTAGCAGAGTTTAACATTTTTTAGGTTTCAAAAAAGAAAACTCTGCTTTTTAAATGATTATTTATAAAAATAAAGCTATATTTATACCTTTCATAACTTAAATTGTAAATTTTATAACTTAATGTCTTTTAACCTACATTTCAAACTGTTTGGTACGTATAATCTGGAACCTATTTTTTTCAGCCTTAATTAAACCGTCTTTTTGCATTTTGCTTATTTCATTGGATAATGCGCTCCTATCAACACCGAGATAATCCGCAAGCTGTTGGCGATTAAACGGAAGTTCAATTTCCCACGAACCCGCCTTAGTTGCCTGATAAGATAGGTATGAACGTAATCTTCCTCTTATCGATTTTGAAGATATATGAAACATTCTACGCGATAAATGTAAATTTTTTTGTGCAAATATTAAAATAAGATTTTCAATTATCTTATTATGATAGCCGCATACCTTTTTGCAAACGGTTAATAAGGGTTTTACTTGTAAAAAAAGAATTTTACATTTTTCCGCAGCGACAACATTTACCATAAGAGCCTCTCCTGAAGCAAATGCGTATGTTTCACCGAAAACCTTTCCTGTTCCTATTTTATTCAAAACGGTTTTATTACCCCAAATATCATCATTTTCAATCAATACTCCGCCTGATAATACTAAGCCGAAAGAACTAACCGTACTTCCCGTATGCCACACCGATTCTCCTTTTACATATTGCCGCTCCTTTGCTCCGAGGCAGGGCAGTACACTTTTTATTTCATCAATAGTAAGCCCGCGGAATAAAACCGTATGAGATAACATAAAAAAATCCATAAATCTTTCCTTTATGTTGTTATAACAACATAATTATTTTAATTATTATAGTATTTTATATAAAGATAAACAAGCCTATCGGTATTAAGATAGGAATCGGAGGTTTTTATGCAAAAAGAAATAATCGGTACATATTCACCGTTAAGTACGGGAAACGGGCAAATTAAAAACTCGCCTGAAAAAAATCAAAAAGAGCCGATTAGCGACTCAATGCTTATAGGGGAAATATTACATAAATATCCTCAAGCGGCGTCCGTTTTAATCGAACACGGAATGCACTGCCTGGGCTGTCCCTCTTCTCAGGCGGAAACATTATCCGATGCTTGTTTAGTGCACGGTCTTGAAAGCGAAAAGGTTGTAACTGCCGTAAACAAGGCTTTAAACCGTTATTGTGAAAACTGATTGCAAATAGCGCAAGGAGAAACGAATGAGTTTATTTTTAAGCAAGATACATTATGAGCTGTATGATAAAATACACTTACAAGAACAATTAACGGATTTTTTGCTTACGGATATAAAAGCGGAAGGCTCCCGGTATAATATACATCCTTTTTTATATTCCGGCGCAGGCGAACTCCTCTTACCCCCGCTTGAAACGGTTATAGACACCGCTAATATTCACGGTTGGCTGCAAAACAGGATTGACAAAGCGGAAAACCGTTTTGCTCTTTTAGTTACCGCACTCGTGCAGGATAATCCTTTAATAATGCCGGTATTGGAAAAGGCCGCTTTCAGATTCGGTATGCAATATGCCGCGCCTTCGGATTCAAATGCCGAAGAGGCTTTTCAATATATTTCCGCATTGCTTTTAGACGGAATGCCGTGTACCCGAGTACAGACGATAGAAGAGCGCAGCTCCTC
NZ_CP061839.1_gap25	752060	756724	4664	GAAATAAAAAACCTTTTTGAAATCTCATGTAACGCTTTCGATTTTAAAAACGATGCGGAGATTGAAGGTAATATTGCCCTTGTAGATGTCTATTTAAAATATTTACAAAAGTGGTATGCCGAAGAAGAGGGAAATTTAAAATCCCGCTTTACAAAAAATGTTAAACTTGATTATAAGAACAGAATAAGCACCGTTTTAAATTTAAGTGAAAAAATTTTAAAAACAAAGAAATTGTATTCGGATTTTTTACAATTGGTAAAATATAAAAATAAAGTAGAAAACGATTATCAAGGCTCCATCGGAGATTTACGTGAAGAAGAAGATTCTTTAATATCCGATTTACAAAAAGCGGCACGGGAAGTTAATATTATGGTAACCGAGACCGTAAAGTTATTAAGCGATACGGCTGCGGTTAAAAAGAACGGTGCCGATTACGAATCGGATACTTTACAGGCAAAACAAAAAGTGTTTTCCGATAATATTTTTGAGCTGAGGGTAAATTTATTTGAACAGCTTGCAATTTTAAAAAATAAATCCGGTAAACTCGCCTTTAAAGAAGCTCAAAACAAATACGGAGAATATCATAAAAATACCGTTAAAGATAAGGACTCCCAAAATGATATATCTCCTGCATCTACGGTACAGGATTTAATGTCTCTTAAACAAACGGTAGATAACGATGCAAATTTATTAAACAAATTTGTAAAAGAAACGGAGTTAATATCTTCCGCTTTAATTTCCAGCAAGGTTTTTACCGCAAATATCGATGAAGTAAAAAAAGAAGCCGCCAATCTTAAAAATTTAGCGGGAGTAATTGCAGATGATATATCGCATGTCAACTCTTTGCTGATAAAAATTAAATTGGCAAAAAATGAAGCGGATTTAAGGTATGAACAGGCTCAAGGCTATTTAAAAAGCGGAAATTTTACGGCAGCCCGCAGATACATAGAGCTTTCAAGGTCTAAAACCAATGAAGCGTTGACTCTTGAAGAAGATTCCGAATATAGAAAAACAACCGATGAGCGTTTGGAAAAATTGGGCATGGAAATAAACAATGCCGAAAATACCGTTGTAGTTCAAGATGTCAGAAATTATTTGGTAAAAGCGAAAAAGCATTATTACAACGGAGAATTTCAAAGTGCGGAAGATACCCTGATTTTAGCACGCAACAGGTGGGCTGTAACTCATGTGGACCCTAACGAAGAAATTACTAACTGGTTAGGTATAGTGAATATAGCCGGGGCTTTAAAAACGGGAAGAACGATTCCCGTTTCCGCTCCTCTTTATCCTCAAATGATTCAGCTTTTAAATAACTCAACTCAGCTGTATCGCGATTCCGTACAAAAGATAAATACGGGTAAACGTACCGAAGCCTTAAAGGATTTAAATGCCGCAAAAGAAAATATAAAACAAGTACTTTTGGTTTATCCTTTTAACGAAGTTGCGGGACAGCTTAATTTAAAAATAGATAAACTTGCCGACCCTGCAAACTTTTATGAACAGTTCAGAAAAAAGATTATATCCATAAAAAGAGAATATAAAAGCAATTCACAAAGGGCATATAGCGACTTGCTTGATTTATACAGTATAGATAAAAAATTTCCAGGCATTGCATCGCTTAAAGATGAAGTGGAGATTTATCTGGGTATAAAATTGCCTCCTCCCGATTTTGTTGCAATAGCTGAAGCTGAACGTCTTACAAAATCTGCGAGAAATATATATAATAGCAGAAATACTATCGAATTTCCCGTTGCCGTACAGCTTCTTGACAGAGCTATTAAATTGGACTCGCAAAATATTGAAGCGGTAAGATTAAAAGACGAAATTCAAATGGCAATGGGAGGCGTATCGGTAATTGTTTTATCCGCTTCAAACGAAGCAAAGTACCAGCAAGCCGTTGCCGAGTTACAAAAAGGAAATAAAATTATCGCTGCCGCATTGGTTGAACAGCTTATGCAAGATGCAAATGCCAAAAATTCGGCAAAGGTTCGTGAATTGAAAAAAAGGATAGACGCTCAACTATGATTGGATATAATAAGGGTTTAAAATTTTTATTTGCATTTTTATTTTCACTGTTTTTTTTATCCCTTAATGCTCAGGATTTTTATTGGGAAACACCGACGGTTTTTAGCGGTAAAAACGGTCAGTTTTTAAAATCCGCTTCCAATAAGGATATTTCAGCCGTTGTTTGGGAAGAGGTAGTTGCAAACACCGGAACCGAGGGGCATATTTTTATTTCCGCCGCAGTTTATTCGGACGGAAATTGGAATTTAAATGAGCGTATTTCTTCGCCTATTCCGTATACGGCAGATATACCTTCAATTGTATCTGTTGCCGTAGGAAATTACGGAGATATAATAGTTACTTATATAAAAAACAGAAATACTATAGGTATTTTAAAAAGTGAAGATGAAGGAAAAACTTTTTCCGAAAAAGAAATTGTAACGGAGATGTATGATTTGGGTTCTCCGTATATTTCCGTTTTATCAAACGGTAAATATATCTTATTTGTTTCACGCGGTATCGGTGAAAAATTTTCTCTTTTTTACAGTTTATCGAATAACGGTATCAAGTGGTCGGAGTTTACCGAATTTGACCGTGAAAAAAAAAGCGACAGAGTTTTTTTGCCCGTTCATACGGTTGCGGAAAATAACGACGTAATAGTTTTTCAAGCTCTTGATTCCGTTGATAACAGACAGGTTTACGGCCTTTTTTCTTCATATTCATCTAACGGCGGCAGTTCATGGTCCGCTCCTGTAAAGATAACGGAAAATAATACGAGTCAAAATCAAAGACCGGAAATTTTATATTCTCATGAAGAGCGAAAGATTTTTGCGGTATGGGAGCAGTCTTTATACCGTGCGGAAAAGACTATTGTTGCCTTTGCCGCACTGAATACAAAGGGGCAGTTGACTTCCGGAATCGAAAAACTTCCGCAACAGCGGAGTTCGGTTTTTAACCCTAAGGTTATTATTTATAATAAAAAGCCTCTTCTTACATGGACGGAAGATTATGAAAAAAACGGAAGTTTATGTATTGCGGTAAAAAAGAATTCCGCATGGGAAATAAGCACCGTACGTAAATTTACGGGGAGCTTATTATTCGTTCAGCCCTTTGTTTTAGAAGGCAACCTTCAATTGATATGGCAGGAAGGAATGGCTTCGCAAAGGATTATGCGTATTCAACCCGATTTTCAAATTGCAAAAGCAAAATTACAACCTGTAGATTTTGATGCGCGTTCAAAATCGGGGAAAAAAAGACTTACCGTTGATATAAAATTCCCATACGATTCGTCGGGTATTGCAGGTTATGCTTATGTATGGTCCAAAGATACGCCTCCGGATTTTGTCGAGCCCGTAATTACAAAGTTGAAATCGGAATCGAAATTGGTTTATGAGCCGGAAGTTGACGGTTTATGGTATCTCGGTGTAAGAATTTGCGACTATGCGGGAAACTGGTCGGAAATGAGCGTGGTAGCTTGCGAGCGGGATTCTACGCCTCCTATGCCGCCGATATTTGAGCTGCTTGCTCTTGATAAAAACGGTTTTTCAAATTCCAACAGTTTTGAAATAAAATGGAATCCGCCCGAAGCCGATATTACAGGTAAAGAAGAAACGCAAATAAAAGGTTATATAAAATCCGTTCAGTATGTAGCGGATATACAAAAATTTAAATCTCTTTTACGGGCTTCAGATGAGGTTGTTATCGATGATGAATCCGTACAAAACATTTTAAAAGATAAATTTAAGTTGCAGTTAAATCTTTCCAAATTGACGACCAATTTGGCAAAACAGAGAATTGAAAATTATGAAAACGGTTTATACGCTATTGCCGTATCCGCCGTTGACGCATCGGGAAATATAAGCGAGCCTGCCGTAAAATATTTTGCGTTAAATAAATATATACCTTATACAAATATTTCGAATATAGAAACACAGCAGTTAAAAGACGGTACTGTGTTGCTTTCGATTATCGGTAAGGGTTTTACAACGGACGGTATTGTAGAAAATGTTTATATAGATTCGGACGGCGTACCTCCTTACGATTTGATTTTTGAAAAAGAAAATACTCAGGGCGGAAATACGGTTTCATCTAAAAACTATTTTTCAATTATAAGCGATAAGGTAATTTCGGATATACGGATTGATGATTTGGATTCCGGCGAGTACTATGTGGGAGTCCGCCACTCTTCCAGAGGTATATATTTTTCTAAAGAAAAAATTTCTGTAGATAATTTAGGGAATATAAAGTTCGGAGATTACGGTAAAAAATACAGATATAATTGGCTTGTTTCTCCCGACAGTGAAACTCTTTTTGATTATTTAATTGTATTTATTATTATAATTTTTATATTGTTTATTTTGATATTTTCGGTTATAGGAGTTATAAAATCTATAAAAGAAGCCGTTGAGTTGAAAAAAGAAGTTCACGCATTATTAAACGGAGGTATTATGGCAACGGAAAAAAGAAGAAAAAAAGCCGCTTCTTTAAAAGCTAAGGGCGGCGGTTTACGGGTAAAATTTATTTTACTTACCGTAGTATTGGTAATATCGGTAATTTTAATTTTAGCATTACCGCTTGGTGCAATCTTTTTAAATACTCAGGAAACTCTTTTAGCGGAAAGTTTATTTTCAAAGACGGAAGTTTTACTTGAAAGTTTAAGC
NZ_CP061839.1_gap26	763914	765237	1323	TCAAAACGATTTTTTATATTCGGCTTCTTTTTCGGATAATATTACCTTAGGGCGCGATATAACGATGTCTGAAATTGAGAATGCCGTAAAAACCGCACAAGCCTTTGATTTTATAACTAAAAAGGGAGGCTGGGAATATAACCTTTCAAGCAAGGCTTCGGATTTAAGCGGAGGTCAAAGACAAAGACTTCTTTTGGCGCGTGCTTTGGCATGCCCTTGTGAACTTTTAATATTGGATGATGCAACTTCCGCTCTTGATTATGAAACCGATGCAAAATTCAGAAAAGAGCTGAAAGGGTATTTTAAAAATAAAAACCTCGCGATAATTATTGCCGCACAGAGGATAAGCTCAATTAAACATGCGGATATAATTTTGGTTTTACGGGACGGTAAGATAATTGCCTCCGGAAATCATTTAAAGCTGTTACGGGAATGCAGTCTTTATTCCGAAATTTACGAAAACCAAATGGGGAGCTTAATAATTTAATATGGCAAGTTTTGATGAAAAGATAATTCAAAAACCTAAAAATTTAAAAACTCTTTTAAAACGCTTTAAAAAAATTATAAATTCGGAATTTCATAAAATATTTTTTATAAGTTTTACAATTTTAATTTCAAATCTATGTTCTTTAGCGGGGCCTAAATTTTCGGGTAAGGCAATCGATGCAATAGGCATTACGGCGGGAAATGTAAATTTTAAAAAAGTTTTTTATTTTGCCGGATTAATGGTCGGTTCATATTTAACTTCCGCCTTATTTTCATATTTAACGCATAAAACAATGATTAAAATTTCCCAGCGGATTGCACGCGGCCTTCGTGAAGATGTATTTAATAAAATCATTACGCTGCCTTTAAAAATCATGAATCTTCATTATACGGGAGATTTGATTTCACGTATTTCTTACGACATTGATACCGTCAATACTTCTCTTACAAATGATGTTATACAAATTATCTCAAGTTGTATTACCGTTTTAGGGACATTTATTTTAATGATGACTATTTCACCTTCTTTAATAATAGTCTTGCTTTTTACTATTCCGTCTTCAATATTGTTTACATGTTATAGGGTAAAAAAAACACAACCTTTATTCGGTAAAAGGTCGCGTAAATTAGGAGCAATGAACGGTTTTGTTGAAGAAGTGGTTTCGGGGCAAAAAACTATTGCCTGTTATAATGCTCAAAAAACATTTTGTGAAAACTTTGATACGAAAAATATCGAAGCAAGCGATGCATGGTTTGATGCGGAATATCAGGCTGTTCTTAACGGGCCTTCGGTAAATTTTATAAATAATCTTTCGCTTGCTTTAATCGGTATTTTCG
NZ_CP061839.1_gap27	766524	769400	2876	CCAAATTGGGCAGGCTTGAACTTTATAAACTCGGTTTTTTTTCTTCAATGGAAATGGAAATTTCAAAATCGATAATGATTTATTTCCGTCCTATAAGTCTTCATCATTTTTTGGCAAATGAAAAAGCCATTGCTCCTCAAATAAAACGGGAATCCATTACTATTTCGATTAACGGAGAATTTTGTGAAATACTTTTGGCAAAAACCGTAATTGAGCATACCGAAGGTGTTGCAACACCGGTTATTGCCTATGCTTTTAAGATAGCGGCGGATAATATAGAGTTTAACGGAAACAATAGACTTGAAGTAAGCGTAACCGATGTTTACGGCGAATACGGAGAAGCCGTTTTATTTTTTTAGCCGTTTATGATTGATTCTCATGTACATTTACGAGACGGGCTTTTGTCGCAAAAAGAAACTATAGAGCATGGGGCAGGTCTTGCGGCGGCGGCCGGATTTACGGCTTTGTTCGATATGCCTAATACCGACCCGCCTCTTGTGTCGGAAAAAAGAATCATGGAGCGTTTTGCCCTTGCCGAAACTTCTTTAAAAAAAATAAATAAAGATATTTTTTACGGTGTTTACGGAGGCCTTACTTCCGATTCTAAGCAAATAGAAAATTCGGTTTTATTTTATAAAACCCGTTTTCCTGCGATTGTCGGCTTTAAAATGTTTGCAGGGCATTCAACAGGAAAAATGGGAATAGTGGAAAAAGAAGAACAGCGTAAAGTTTATTCCGCTCTTTCAAAGCTTAACTACCGCGGCGTCCTTGCCGTTCATTGCGAAAAAGAAAGCTTAATAAAACATTCCGTGTTTAATATAGACAAGCCTATAACTCACAGTTTTGCCCGCCCGCCCGTTTCCGAATCGGAATCCGTTAAAGAACAAATTGAGCTTGTTCAAAGTGAAAATTTTTCGGGACACCTTCATATTTGTCATATAAGTACGGCAGCCGGAATAGAACTTGTTCAAACTGCAAAAAAAAACGGAATGAATATTTCCTGCGGTGCAACCGCTCATCATGCTCTTTTAAATATGGAAAGTTATTCCCGATTAGGTATTTTAGTAAAAATAAATCCTCCTTTACGCGGGGAAGAGGACAGACTCGCCGTTTTTAATGCTCTTATTTCAGGAAGCATAGACTGGATTGAAAGCGACCATGCGCCGCATACGCTTGAAGATAAACGCAACGGAGCTTCGGGTGTTCCGGGATTTGCAGGTTCTCTTTTGCTTGTACAAAAGCTGCGTGAGGCAGGCTGTACGGAAACCCGCCTTGCACAATTATGCGGAAAAACTGTAAATAAGATTTTCGGTTTAAACTTACCGTTTAATGTTCCTTCAAAAGAAGACATTGTAAAAGCTCTTCCTTCCTTACGCAAGGCTTACCCGTTTGATGTTTTTTCCGATATTTCAATTAAATAAATACGGGGAAGATTTTACATTTAAAAATTTATTTTGGCAGTTTTAGTTATGTAAAACCGTTAATAAAGTAAATATTTTTTACGCAATTTTGAAAATTGAATTTCGTCTTTACGGATTACTTTAAAATATTCTTCGAGTTTTGTTTTATCGTGTGATAAAATTGAAGTTAAGAGATTTGTTCCTGTTAAAAGATTTAAACCGCACAACTTTCTTTTTGAATCGTTTACCGAAAAATTTTCAGGATACATTTTTTTTATTTTTTCCATTATTAAAATTGAGGTTTTTACGGGTAAAAATTCTTTTTTATCCGTTACGATAATTTGTATTCCTTTACAGAATTCATTTTTGTATAAAGAAAGTGCCGGAGTAAAATATGCCGGAAGAAAAAATACTCCTTTTAAATTTAAAGCATTTAGTTCTTCAGCAAGGTTTTCTGCATCGATAAAGGGCGCTCCTATGTATTTAAACGGCATAGCGGTACCCCGTCCTACGGAAATATTTACACCTTCAAAAATACACAGTCCGGAGTAAATTAAAGCCGTTTCCGCAGTGGGAATATTCGGCGATGTAGGCACCCACATTAAGTTAAGCTCTTCAAAACAGTTTTCTCTGTTCCAGTTTTTTAACGGAATAATTTGTAAGTTGCAATTGATTTTAAATTCTTTATTGAACATAAGAGCCAACTCTCCTACAGTCATACCGTGTCTTTGTATAATCGGAAAATAGCCTACAAATGATTTATATTCTTCGTTTAAAATATTACCTTCGACGTTTACTCCGTTTATCGGATTAGGTCTGTCAAAAACTACGAAGGTTTTTTTGTGCTTTGCGCATTCTTCCATTGCATAGGCCATAGTCCAAATATATGTATAAAACCTGGCTCCTATATCCTGAATGTCAAAACACAGTATATCTATATTTTTTAACATTTCTTCGGAAGGTCTCTTTGTTTTACCGTACAGGCTGTATACGGTTAAACCTGTTTTTAAATCTATTCGGTTTTCGATTATTGCTCCTTCCCGTTCATTGCCTCTTATTCCGTGTTCAGGAGAAAATAGAGCGGTCAGATTTACGGTTTTATATAAAATATCAATTGAGGTTTTTCCTTCGCCGTTAATTCCCGTTTGATTTGTAATTAAACCGACTCTTTTATTTTTGAACAGGTGTTCAAATTCTTTTATTCTGTCTATACCTAAGACAATTCGGCCGCTTTCCCGAGTAAAAAGAAAAATAGGTAAAATTAAAAGATAAAAAATTACTGCCGATTTTTTCATTTTTTTGCCTGCTGTACCGACATAAGTTTTTGTGTAATTATTGCCGCATTATTCGATTTAAGAAATTCGGTTAATTTTTCGGAGTATTTGGATTGTGATTTTATCGTATCCATAATAGCCGTTAAATCGTTATAAAATCCCCGATTGTTGTAAAATTCCGAACCTTCCGAAATTAAAGCAT
NZ_CP061839.1_gap28	770859	775280	4421	TATTTTTTTGCCGTTAAGATACAGTAAAAGACTTTCTATATTTTTTGTATGAAAATAAATTATACACTTGTTTGAATATCCTTTAAACCTGATAAAATTATTTGTTAAAACCGAATCGTCGTAATTATGTTTATTTAAAGGAAAGGTGATGTCCGTTTGAAACGCTAAATTTTTATCGTCTTTTATATGAATATCTTTGGAAAACTCATATCCGGCAAATCCTTGCCGTACCGGCACGGGAATAAACCCGGACTTACATGAAGCGAAAACCGTAAAAATAAAAAAGATACAAAAAATATTCTTCATTTACCGATTTTAACATAAAATAAAAAAAAAGAAAAGATTGATAAGGCCTTGCCTGTTACGGCATGCGTCCCGTGAAGCGGGGAGGGAAGATAATTGAGTTTGCAAAGCAAATCGGGAAGTTTAAATTAAGCGACGCCTATTTCAGGAGCTTAATTTTAACCTCCCTATAAATTCTGCAACCGCAAGAATTTTCAAATTCTGAGGATTGCAGAATTTTCGCCGTTTTACAACGGAGTGAGAAACGGCATATAATATCCGATGTTTTCCCTTTCGAAACACCTTAATTTTTTATAATCATAACCTTTCTCGTTTCGTCGATATTAGGTCCTGCTATTCTTATAAAATATAAGCCCCTTGCGACGGAAATTCCTGAATTGTTTTTTCCGTCCCAATAATAAAAATGGGTGCCCGCACTTTTTTCCGAGCGCTCCAATGTTTTTACTATGCTGCCGTCAAGCGTCATAATCTGTATGGTTAAAATCCCGCGCTTTTGTAATGAAACTTGCAGCGAAACTTTTTCTTCTTTATCGGGATTTATTACATTGTTAAAAATCGAAACTCCGCCCCTTTGGTACTGAACTCCTATAATTTGGAATTTCCATACATCAAAAGAAAAAATATCGTAAGGGTGTTTAAGTCTTGCACAGGGAAGCCAATTATCGTAAACAAACATAAATTGCGCGACGGTTCCTTCTTTAAAGTTGGAATCCGTATCAACGAGGGTAAACTTTATTTTTGCGCCTTCCGTCTCGCCCGAATACTCGCTGAAGATTTTGTTTTCCGAGGCTTCCAAAATTTCAAGCGGTTGTAAAAATGAAGGATACCAAAAGCCGTTTTTATTAAAACTTAGATAAAGTTTTACGTTTTTTGATGAACCTGCCGGAACGGTTACTACCGCCGTGTTCAGTTTGGGTAATTCCTTTTCTCCTGAAAAGTCGCGGACAGTTCTTGAGTTGGCGGCGAATAAAACGTCCGTAAGGCCTATGCCTATATCGGAAATTTTGAACTTTTCGTGTTTTTTATTAAAATGGCTTATTTCTATTTTCATTTCTTTTTGTAAAATCTCATCTGCCGATACGGGTTTGTTTAAGGTGTATTTCCAAACGGCAAATGTTCCCGAAATTGTTTTATGCTTTACAGGCGGCGGGGAAATTACGCTTTCGGCAATAGCAGAACTTCCTTTTTTTATTTCCAATTTTGAATGGATAAATTCGTTTTCTTCCGTGTTGCGTTTAAAAACTATGTAAAGCTCGTTGCCGTTTACCTTCATAAAAGAGTTTTTAAGCTCGAAGGTATCGTCAAATACCCAGCCGTTTTTGTTTGTTTTTTTTCCGCTATTATCCGTGCTGTCTTGCATTTTATAATATGTTTTAAAATCTCCTTCGTTTATTTTTATGTTGTCCGTGTTTATTTTTAAATGATTGCCCTTATCGTTTTGGGAAGAGGTAAGATAAATAGCCGATGTGCCGTTACTGCCGTTTATTGTAAGTTTATCTGAAAAGGTTCCCGATAAAGTTAAGTCATCGGTTACTTTTATTTTACCGTTTATGCTTAAGGTTTTTCCCCCGGCATTTTGACAAGTTAATTTTTTAAATTGGGTTTTATCTTGCGTCATATTGCCTGCAACACTTATAACCATATTGTTATTTGAAGGAGATAAAATAACCTCGTTTTCCGATTTAAAAGTGCCCTTATTTTCCAATTTGGAATTTACCGTTATTTTTTTATTTGCCGTTAATGAAGCTCCGCTGTTATCGACGGTAACGGTTTCGGCGGTTAATTCCGCATTTAATGTTACGCCTCCCGTTCCAGTTACCTTAAATTCTTTTTTTACTTTAATTGGTTCGGAGTCGGTAGTTACGGTTACGGAGCCGTTTCGGTTTATAGTAAGGTTTTTAAAGCCTGTATTGGAAGTTTCCGCATTATGAAGAACCAAGGGCGTTCCGTTGCCGTTAATTTCAACCGTAGAGCCGTCTTTAAGGGTTATTTTGTTGAACATTTGTTGAAACCAGTTTTTTTGCTCATTGGTATATTGCAATTTCAGTGTACCTGAAATATACATTTCGGAGTTACCAGAAGCTGCAGAAATTGTTTGCCCGTCTAAATCGAGAGAGCCGCCGCTTTCCAATGTTATTTTTTTTGCTTTTGCTCCCGATGCGGTAACTTTCGGCCATTTCGCTTTATTTAAAAGAACGCTCGGAATTGTAACGGTATCTTGTTTTGAAGGGAGCATTTTCGGCTCCCAGTGTTCCGCTTTTTCCCACTTGTAACCTTCGGAGTCATTACTTCCCGTCCACTTTAAACTTGCCGCCGTAAAAATCCACCCGTTTTGAGGGCTTTCGGTATCAGGTCTTGAACCGTCTTTTAACTTGCTTGTATTTGCTTTAAAATTTTTACCGTTACTTGTTATCGTAACTTTATTCGTATCAATTTCAAGAAAGTTCCCTTCTCCGCTGTTGTCTAAAGTAATTTCACCAGAGGAGCCTTCTCCTTCTATTTTGAGAAAGGTCTTTGCAGTTTCCGTACCTGAAATCTTTAAAGTCGTTTTAATTTTTCCGTTTATTTTCAGCGTTTTACCGCCCGCATTGTCCATCGTTAAATTTCCGATTTCCGTATGTGCCGCAGTTGATGTACCCTTAATTGTAATGTCATTACCCGTAGGTTCGACTTTTTGCACTTTTAAAATGTTCATATTGGTAAGATTTTTCCCGATTTTTATTGTTCCTTTGGCAACAGTGTTTATTGTTCCGTTATTTGTTAAATCTTCCTTAACTTCAAGGGTTCCTTCCAATGTCAATGTTGCGTTTTGGTTTACAGTTACCTTTTTTGCTTTTGCCGTGATATTATTTGAAATTTTAGGGTATTTGTTCGGGGGGGGGGGGGGGGGGGGGGGGGTAAGTACGGGGATTACAACTTCCGTAGTTTCATCGGGTACGGTTGAAGTACTCCAATTATTAGCGGTTTCCCACTTACCGTCGTTGGCATTACCCGTCCACGTTGCAGTTGTTTGCGCTTGCAGTATTGCGGGTAACAATAGCACAAAAATAATAAGTTTTCTTTTCTTCCTTTTCATTTTTCTCCTCTTCTTAAAAACAAATTTTTATTTAATGTTCTTGTAAAAATCGGGCAACTTTTTTTTAGGTGCCGTATATGTTAATTATAGTAAAACAATTACAATGCCGCAAGAGCCGGCTTGTATGTTGTATTATACTATATTAAATTTAAATTGGCAATGCTTGTTTTTTAAGCCGGACGCGGAAATTAATTTTTGATAATTGCCGTACCGATTTGATTTTGCTTATACAAAATACGGAGCGGAAAACAAGGGCGGTTATTTTGCGGGAACGGATTTAAAAAAAATCCGTGAAGACGGGTTGACTAAAAAATCCTAAAATCGTACTATTTATATATTGGAGAGTTTTTTATAAATTCTATGCGGCGGCATAGAGGTATTATTACGAAAAGGAGTGAGGGAGCTAAGAACGGAAAATGTAAGGATTTCCTCCCTCGTAAATAATTGTGAGGTAAATTATGAAAAAACAATTTAGATTTTTCGGGGCGTTATTATTGATTATAATGCTCATAGGCGGTTGTCAACCGTCGATAGGAACTGCATGGTATAATAAATCCGTGCAGCAGGATAAGCCTGAAATACTTATAACTTCTTTAATCGTTAAAAATACGGCTGCAATACCGGCAGATTTTGACGGGAATGCTTTCGGCGAATTCGGCAATGCTAAAACTTATCTGGTTAACCTTGAATCGGGCACTTACGATATTGCCGCCGAAGATATTAAGGTGGACGCGGTAGATGCGGCAAATAAGGATAAGGTGCTTGACGTATGGGTAAGCGTAAACGGCGGAGGTATCAATAATTTAAGCTCCGGGACATCTGCGCATATTACCGTTAAAATTCGGGATAATCAGGGTAATTATGAGGAATTGGAAAAGATAATTAAATTAACAGTCGAAGAAAGCGACGGAGAAGAAGCGGATTTAATCCCCGGACAAGACGGGCAACAGATTGAAAATCCCGTTGATTCTTACGGACATAAAAAATATATCAAAACGATAACCTCAACTTCACATCAAAAAGAGCCTTTCGAGTATTATAC
NZ_CP061839.1_gap29	795990	799169	3179	CTTTGCCGTTCCCGTGCAATTACAGGAGCTGACCGACAACGAGCATACTATTACCGTGTACGGGGAGGATATTTACGGTGTTAAAAGCGCTCCGGTTTCACGTAAAATTCGTGTTTCGCTGGAAGTTCCTTCCGCATCCGTTTCCTCTCCCGCTATTTCCGAAACGGTTAAGGGTACAATAACGGTTTCCGGTACCGCTTCCGATAAAAACGGTATTAAGCAGGTGGAAATTTCTTTTAATAACGGAAATACCTTTACTCTTGCAGAAGGTAAGGAAAATTGGAATTATACTTTGAATACTCATATAATAGATGACGGAACTCATGTAGTATTTGTAAAAGCTACGGATAATTACGGACAAACCGCCTTATTTTCCAGTTTAATTAATATAGATAATACTCCGCCTATCTTAAAATTTGAATACCCGCTTTCGGGAGCAAAACTCGATTCTACACTTTTTGTATCGGGACATACTCGGGATAATATTTCGCTTGAAGGTGTAACGCTTAAAATTAAAAGCCTTTCAGGAACCCAAGTACCTTCAAAACTTGCGGAAATAAAACTTGAAACAAATTTACTCGTTTCAAAAGAAATAGATATTTCCGCCCTTGCCGAAGGCAGGTATAATTTGGAAATAAGCGGTGTGGATAAGGCGGAAAATATTACCGAGACTGCTTTGAATTTCGATGTATACCGCAAAAAGGATAAAAATAGGATTGAGTTGTTATATCCGCTTAACGGAGAAACCGTTCGCGGAGAGTTTAATGTCTACGGAAGGGTGATTTCCGATGAAAAAATTGCTCAGGCGGTTTTGTATCTTGACGGTAATCAAATTGAAAGTACGGATATTTCCAAAACTTCTTATGTTTCGTTTAAATTAACTCCCGAGATTCTTTTAGAGGGAAGTCATAAGATAGAAATAAGGGCTATGACTTCAAACGGTAAAATTATTGTTTCCAATGCGCACGGTATAAATTACGAAAAAACCGGGCCGTGGATTACTATCGATAATTTTTCTATGGGTGATTTTGCTATAGAAAGACCTTATTTAAAAGGCAGGGCAGGTTATACCGTTTCTGAAGAAGAACTTGAAAACATAAATTCCAAGCAGGCTACCGCTGAAGAAAAAAGAACTTTTAAGGCAAAGAGGGTTAAAAAGGTTGAGGTAAGTTTTAATAACGGGAAAAGCTTTACTTCCGCAAAAATCGGAAAAGAGTGGAAGTATAGAATTGAAACGGAAGATATGACAGAGGGAAATCACTTTTTGCTTGTACGGGCAACTATGGAAAATAACGAAATTGCCGTATGCCGTACTATTATTAAAATAGATAAAACCGTTCCGAGTATATTGCTTATTTCTCCGGGAGAAGGCGGAAAATATAACGGCTCTATAGAATTTACAGGGATAACTTCCGATAATGCGGAAATTTCCGGTGTAGAAGCTTCACTGAGAAAAGGTGATAAGGCGAATTACGGAGTACCCAAATTTATACAGGGATTGCATTTTGAACTCGGGTTTTGGGGTGCATCTTTATGGAATATGGGTGTAGGTTTAAGTTTTTTTGATAATAACGTAAAGCTGCAATTTCATTACGGTCAGTTTTTACAGTCGCAGTTTAATGCAATTTACGGAAAAGCTAAAATACGTTACGGCGGGCATATAATTTCGTTAAAGCTGTTGGCAAATATATATACACTTCCTTTCGGATATTATTTCGGTCCCGATTGGAAATGGTTATATATGAATATCACGCTTGGAACACAGTTTTCGCTTTTTACGGATACGCAAAGCAAGAGAGCGCAAGTATTGCCTGCGATGCTTGTTCAATTGGAATTCCCGAGAGTGAAATTTCATAAACAAAAGTTTTTTTCCGCTTTTTCCTTTTTTACCGAAGGACAATTGTGGTTTATACCTACAGATGTTAATTCTGCAGGAACATCGAAAATAAAATCGGTTGTTCCGCATATTTCGGCAGGTGTAAGGTTGGATATATTTTAACTTTGTAAATTTATTACGGGTTAAAAAGTGGATTTAAAACCGGTATATATAAAAGCGGTTTTAAACAGGCAGGTTTGTCTTTTAGGCAAACGCCGTTTTATTGAAATGCCGTTTTTCGCTATGCTGCAAAACGGCGGAAAATAAGCGGCGCTCGATTTTTGAAAAAATCTTCGCTCAGCTTATTTTAGATGGGTGTTTATTTTAAGCGTTGCAAATGGCAGCGCTTAAAAACACATGAAAGTTTGCTTACCGCAAACTTTTAATATTATATGGCCGTTTTTCGCTATGCTGCAAAACGGCGGAAAATAAGCGGCGCTCGATTTTTGAAAAAATCTTCGCTTAGCTTATTTTAGATGGGTGTTTATTTTAAGCGTTGCAAATGGCAGCGCTTAAAAACACATGAAAGTTTGCTTACCGCAAACTTTTAATATTATATGGCCGTTTTTCGCTATGCTGCAAAACGGCGGAAAATAAGCAAAGCTCGATTTTTGAAAAAATCTTCGCTTAGCTTATTTTAGATGGAGGTTGGTTGTATGGGAAAGATAGGGAAATCTTTATTATCCGTATTGGCTGTATTAGTCATTATCACAGGTTCGACATGTAAACAAAATGTGGCTTTGGGAAGTGCCATAGACATAGGTTATTACCCGGAAGGGAATATACTTTATCCGGATACGGGAGAAACGCCGATAAAAGGCTCTTTTGTATTAAAAGGTGTTGCAAGACACGATGACGGTATTGATTCGGTGTCGGTTGTATTTCAAAATATTGAAACTAAGGCGAGAACAAAAACTTATTCCGCCAATATGGATTCATCGTCAGGTTCTTCCGTAATGTGGACTGTAAACATAGATAATACTTCACAGGGTACGGAGGCCGGGCATGAACTTGTAAAACTGTATCCCATACCTGACGGAGAATATACCGCTATAGTTACCGTTACCGGTACTAACGGAAAATCAGTAGAAATTACAAAAAATTATAAAATAGATAACACTCCTCCTGTATTTATAGTTGACAGACCTTCAACCTATGCAGGCCTGTCCGAGGAACCTCCGGTTACCGATAAATACGGGGCGGTTTTTTCGATTGTAGGATTGGCAGGTGAAAGAAATACGGTAGAAGAACTGTCCGCTGCGGTACCCGGAACCTCCGTTTCCGTTGTTCAAAGGTTTATAGG
NZ_CP061839.1_gap30	800280	802845	2565	GACCATAAAATTTGGTTTAAGGCAAAAAGTTCTACGGGCGGAACGGACAGCGACTATATGGAATTTGTAGTTGATAAAACGGCTCCCGCTATTGATATAAGTTATCCTCTGCCTTCCGAGCCTCAAGCGGGAGAAATAAGCGTTTCCGGAACAATTACGGACCTTTATTCCGGGGTTAAAGAAACAGGTACAAAATGGATAATAGGAAAAAGGTCTTCCGTGCCTGCCGAAAACGATACCGATTGGAAAGATATGAACGCTTCCACTAAGGGTTCATGGAATTTTTCGGTTAATTTGGATTCCGTACTTAACCCCTCTATGTATGGAGAAGCCGCGGGCGCTTATTATAAAATCCCCTTATATATACGCACTGAAGATTCCGTAGGTAATATACAGGTTTATACAAAAGAGATTCTTTTTAACCCGGACGGAACAAAACCGGTTGTAAGAGTTCTTTCTCCCGCAGCGGAAGCCGTTGTAGGCGGAACAATTCAGATATTCGGAACTGCAAGCGCGGTAAAAGGCGGCCCGCAGGCTGTAGGTGAGGTATACATTCAGTTTTCAAAAAACGGCAGTTTTTCAAACGGTTCCGATTGTACTTTCGGCACGGATTCCTCTTCTCCCTCTTATACAGCGGATTGGTATCAAAGCGGAAACGGTCAGCTTATTCCCAATACGAATACGGCAGGCGGTGCGGAATGGCGTATCGAAATTAACGGAAACGGAGCCTTTAACGGTACAAGTCAGAGACAAGATGTTTATTTCAGGCTTCGCGCAAAAAATAAAACCAATAGTAAAATGGGTGAGTGGACGGCTCCGATTAAAATAGTCGTAGACAAAGAGGCTCCTTTAATTACGGAAGCGAAGATAGATAATACGTCAGGCTCTTCTTCTCCGCAAAGTTATGAAACTAATATGTGGATAGGAAACGGTAAAAAATTGACTGCAAAATTAACCGACCCTTCAGGCATAAAAGAAGTGAAAATTACTTCTGCGGAATTGAACGGAGGTATATCGTATAGTTTAACTCAAAGTAATGTGCCTTCAGGCTGGCTTACGCCCAACGGTTCCAATTACGATTTAAGCATACCTCTTGATTTAAACACTATGTCTTCATCTGCGGGCGGCAAGTTTTCTATAAAGGTTTCCATTACCGAGAATACTTCAACGAGTTTAACTTCCGAAAATACCTTTACTTTCAGGTTCGATACCGTTGCCCCTACAGGCGATTTCGGCGAAGCGGTATATATTCATAACGGAAACTTTTCCGCTTCATCAATCAGCGATGTTCAGCTTGCACAAAAAGTAACGGAGTTAGGCGGTAATGCGAGTTCCGGGGCGGGAGCAAAAATATTGGCGGGAAATACCGTACTGACTGTAAGCAGTGTAAACGGCAATACTATAAACTTTACTCCGGCAATTACATCGGGAATTTATAATTATATTCTGTATAAACCGAATACTTTAATATATAACGGTACAGGCAATTGGATTGTACATGGTGTTGCAAACGATGACGGTTCCGGTATAAAAGAAGTGGAGGTTTGGGTAAGCGTAAACGGTAGTGAAACTTCTAAAACCCTTATAACCGAAACGGATACTTCAAACAGGATAACCCGTCAGCTGGGCGGCCAATGCACATGGAAAGGCTTGATAGATTTAAGTTCTCTTTCCGACGGTAACGGTTCTTTGCATTATAAAGTAATCGATAAAAGCGGAAATATCTACGGCCCCGTTACGGCAGCCGTTCTGGTAAAAAATAAGCCGATAACCGTAAACTCGATAAAATTGAGCACGGATATAGGAGGCTCGTCTGTAGATTTTATAAATAATACGGATAACAATGCTCTTACAATAACGGTCGATTCAAATAGGGATTATACCGGCACTTTTACGAGTAAAAACTTTGCTTTTAAAAATAAACAGAATTCAAAGATAACCGTTAATTTTACCGGAGGACAGGGACAGGTAAAGTACAGGCTTAAAAAAAGCGATGATACCGTTTTGAAAGACCTTACGGATATTTCAAGCGGAGGCGTAATAGATTTACAAAGCCATATAGATACGATAGGTAATTCCGACGGTAACCCTACAACTATAAAGCTGGAACTGTGGGACAGTGCATACGGGCTTGCTGCAGGAACTACTTCAGCCTTTGCAAAAATAGATATTACAACTCTCTTTGATGCCGTTGACGGCAAAAAGCCTACGGTAACGGTTTTACCCTTCCACTGGAACGGCGAAGATGATAATTCTTTGTATGAAAACAAAAGGCTTAACGGGCATATTGAAATTGCAAATATCTCAGGGCTTTCCGCAGGCTCATCGGTATCGGGTAAGGTAAGCTTGAGAGGTTTTGCTTACGATAATATAAAAATCGAAAAAATTTCTGCGGTGCTTCCAAACTCTTCTTCTTTAACGGTTACGGCTCAAAGAAGCGGCAGTACTTGGACTTCCGATAAAAATATGAATTCCGACGGAGCCGAATTAAAGGTTGAAACGGTTTCGGCAGATTACAGCGGTTACTATGTAAAATGGACTCTTAATTGGGATACTGAAAAGGCA
NZ_CP061839.1_gap31	810958	813131	2173	CGGGTAAACACAAGGGGGAAATTTATACCGTCCGCAATACGGTTGAGCTTGCAATTCCGTATAAACTTATTTTTAAACTGAATGAAAAAATGATTTTACAGCTTGATGAAGATGAAAACGGCAAGGTAAATACTCTTAAAATTTATGAAAGAGCAAGGGATATAAAGGCTTATATAATTATTTTCGTTTTTATTGCTGCCGTGATTTTTGTAGGAAGAAGAAACGGAGTAAAGGCTCTTGCAGGTTTAGGAATTACCATTGCTCTTATATTCGGATTTTTTTTACCCCTTATTATAAAAGGCGTTAATCCTATTTTGCTGGCCCTTTTCGTTTGTGCGGTTTCGACGGTAACGACCCTTTTTATAATCGGCGGAAACAATAAAAAAACATATACGGCAATTTTAGGTACCATAGGAGGGGTAATTATTGCAGGTATTTTTGCTTTTACCGCAGGAAAAATTTTGCAACTTTCAGGACTGGGAAATGAAGACGCTCAAATGCTTGCCTTTATTCCTCAGCATAAAAAAATCGATTATCAGGGACTTTTGTTTGCCGGAATGATGATAGGAGCTATGGGTGCGGTTATGGACGTTGCAATGTCCATTTCTTCTTCAATGTGGGAAATAATTTCTGTAAGCTCCGATATTTCCGACAGGCAGCTTACAAAATCGGGAATGAATATAGGGCGGGATATTATAGGCTCAATGTCGAATACTTTGATTTTAGCTTATGTAAGCACTTCAATTCCCGTGCTGCTCCTGTTTATAATTTTTTCTAACGGGTTTACCGAAATTATAAACTTGGAATTTCTTTCCGCCGAAATTTTGCGTGCCGTTTCGGGCAGTATAGGTTTAATTTGTACAATTCCTATAACTGTAAAACTTGTATGCCTTTTCAGAAAGACGGAAGAACGAGCTGCATAACATCTCGGTGTAAGGCCGAAGTAAAACGGAAAGAGCGGTATTTAAAAAAAAGCGGAGTACTATACGTAAATATCTCTTTTTAAACTTGGATATATACCTTACAAACGGAAGTTATAAAATAAGATTTCAGTTTTTCGGCAAAAAGTTTGAAAGCTCATTTACTTTTAGAGGCGGTCTTTTAGGTCCGAATTCGCTTATTCCGTATTTATCGAATTTTTCTACAAGAGCGGAAGAAGGTTCTACAAACTCCACCGCCAAATTTGAAAAATTTGCGCTTACGGTTATGAATTTTTTAGGTTTTTGAGGAGAAAGCATTAAGGAATTTTTTCCGTAAACTTCACCGTTAAATGTAAAACTTTCGTTTTTATTTTGAGTTATAAAAACATTGCAATTTTCTATCTTTTCCGCAATTGAAATACTTCCCTTTGAAGAGCTTAAGCAAAAGTCCGCAACCGCAACTATTTGCGAGTTGAATATTATACTCCCTGACGAATATGCTATAAGCACATTTTTAAGCATAGAGCCCGTAATTTCCGCTCTGCTTAATGTTCCCGAAACTACAAAATAGACAGCCTTTATTCCGCTTACTTTGACTGTTGAATTTGAGGTTTGAATACGGCAGCTTTCAAGTAAATAATCTTTCGGTACGTAAATAAAGATTGTTCCGCTTGAGGGACGAAAGCCCGTAAATCTTAAACTGTTTCCGCGTTTTACAGCTGAAAGGTTTGAACCTTCAGAAAGCTCTTGTTTATAACTTATGCCGCTTTTTTCCGTAGGCTCAATTATAACGTCTATTCCCGAAACCGTAACTTCTATATTTGTAATTTCGGAATTTACCGTAACCGTTTTATCTTCTCCGTTTTGAGCATAAATTACGGAAATTTTAAAAATATTTAAAAAGAGGAAAAAAGCATATAGTTTAAATTTCCGTTTACCGTTCAAACTGCCTCCGGTTTAATTTGATGTGCCGCTATTTTCGTTCCAATAATAAGAATCGGGATAATTCCGCTTGCCGAAGATTGCCGTGCCTACGCGGATTAGGGTAGAGCCTTCTTCGATAGCGGCCTCCAAATCTCCCGTCATACCCATAGACATTACTTCCATGGAAACATTCGGAATATCTTTTGCAATAATCTCTTTTCGTATTTTTTGTAAAAGTTTAAAGCAGCAGCGCACCTTATCTATATCATCGGAAAAAAGTCCTATTGTCATAAGACCTTTTATATTAAGGCAGGGGAGGGCTGCTATTT
NZ_CP061839.1_gap32	818643	820455	1812	CGTTATGTCCTATCAGAATTTCGCCGATTAAAAAAGCTTGCATCAGTTTTTCGGTATCGAAGGTTTCAGGTAAAAGCCAATTAAGCACTGCGGATTCTTTTGTACCGTCATCGCTTTCACTTGCCGGAGCGGGAACCGAAAAGGTAAGAGGTTTTTCATAAGGTTTAATGGGCGGAACAAAGTCGGGTTTTTCGGCAGCTTCAAATTTTGAAAGAAATTTTTCTTCTAAGAATTTCATTTGCTTTTCCGTAGGAATATTTCCCATTAAAAATATGCGGCAGTTTACGGGATGATAATATTTTTTGTGAAAAGCCTTGTATTCTTCATAAGTAAGGTCAGGAATTTCCAAGGGACTCCCCCCTGAGTCTTTTTCGTATATACTTCCCTTGCAAATTGATGCGATTGCAGCATCATACATAACTCCGTCAAAGTCCGAATAGTTTGCCCTCATTTCATTTAAAACAACGCCCTGTACGCTGACTCTTCCGTCTTCTCCTATTTCAAAGCGGTGCCCTTCCTGCTTAAATGCCCATTCTGCAAGATTCGGAAAGAATACGGCATCGCCGTACACGGACATTAAATTAAAATAATCGGCTTCAACGACGGAGCTTGCAGGATACACGGTTTTATCCGGATAAGTCATTGCATTTAAAAAAGTGTTTACGCTTTGCTTTACTAAAACCATAAAAGGGTCTTTTAGCGGATAATTTTTCGAGCCGCATAAAACCGTATGCTCTATTATATGTGCGACTCCGGTGGAATTGGGCGAGGAAGTCATAAAATTATATGAAAATAAATTCTCTTCATCGTCATTTAAAATATGATAAAGTTCCAAGCCTGTTTTTTTGTGGCGTGCATAAACGCCTACGGCATTAAATTCCGGTAAGGGATTTTTACTTATAATTTCAAATCCGTAAATCAGTTCACTCATATAAAATATTCTCCGAAAAGTATTTTAATTTAATATAAGGAAAAATTCAATAAGTCCGAATTGCCGTATGAAAAATAGCGGTGCGGAAAAAATACGGCGTTTAAGACCTGCCGGATATCCGGCTCTTGAAAAATATGCCGATTTGGTATAAAACCATATCGGTAAAAGGATTTTAAATGATGAACACTGATGAAAGAATTTTAATTGTAGATTTCGGCGGACAGTATAATCAGCTTATTGCCAGACGGGTAAGAGAACTTAATGTTTATTCTGAAATTGTAAATTATAAAAACGCTATTAGTGCAGCAGCGGAAAATAAACCTGTAGGTATTATTTTTACTGGAGGGCCTAACAGCGTTTATGAAAAAGATGCTCCTAAACCGGATAAAAAAATATTTGATATGGGAATTCCGATTTTGGGAATTTGTTACGGTATGCAGGTTATGGCCGATTGTTTGGGCGGAAGTGTGGAAAAAGCTTTAAAAAATGAATTCGGAAAAACGGAAACAATGTTTAACCTCAGCCATCCGCTTTTTAAAAACATAAAACAAAATTCTGCCGTATGGATGAGTCATATCGACAGTGCAGCAAATCTTCCGTCCGGATTTATTCCTATTGCGGAAACATTAAATACAAAAAATGCCGCAATGGCAAATGACGTAAAAAAATTATACGGTATCCAGTTTCATGCCGAAGTTGAACATACGGAAGAGGGGAAAAAAATCATTGAAAACTTTTTATCCATTTGCGGTGCCAAGCGCAGTTGGAATATGAAAAGCTTTTTAAATGATGCCGTTAAAGAAGTACAAGATACGGCAAAGGACGGAAAAATTCTTCTTGCTCTTTCGGGAGGTGTAGACTCTTCCGTTTTGGCGGCTCTT
NZ_CP061839.1_gap33	825378	830045	4667	ATAGTGAAAGCACCAAAATTTCCAAGCTATGATGAAGCTGTAAATCGTAAAAAGAAAAAGGCTCAAAACTTGCTGAGTAAAGAAGAATGGCAAGCTTTGGAAGAGGAAAGAAAACAAAAGAAACGAGACAAAGGTAAGCGATTTGCTAATCACAGGAAAAAGGATGTAACCATAGCATTCAGAACAAATCGAAAAGATAGAGAGCTAATTTTCAAAAAGATAGCTATGTCCGGACTTAGTAGACAAGAATATATGACTGATGCAATCCTTAATGCTCCTATAAAAGTATTCGCAACAAGAAATGTTATAGACAGTTGTAAAAGTGAGTTACAGGAAATTTTATCAGAACTGAAACGAGTGAAGGAATATGAAGAACTGGATGCGAGTTATAGGCATGAATTGACAATGATTGCTGAAATAATAGAAGCGGCAATACAAGAAAAAAGCCTTTAGCCAAATGACTAAAGGCAAGATGAAAGTACAACTTGGTATTTCATCCCTGACAAGATTATTTTATCAGGTTGTACTTCCATCAGCAATATAAAGATTGGAGGTTATGATGATTAACAAGGAAATTTACTTACGAAATATTCCGGCTGAATTAAGGGGATACAAGCAGTGGTTATGGTTTAAGAGAATCAGAAAACAGGATTTGAAAGGAAAAGAAAAAATACTAAAGCTTCCTGTAAGTCCGATTACCTTAAAATCTGATGACTGGAATAATAAAGAACAATGGGCAGATTTTGAAACAGCAGTTAATAATATAGAGGGTAGTGGCTCAGACGGATTGTCTTTTGTGTTAAGCAGAGATGATCCGTTTGTCTGTATCGACTTGGACAATGTAGATAATAAAAAGCAGGATATGTTTATAACTGACTTCAATGGTACTTATGTAGAAATTTCACAATCGGGGCAAGGGATACACATTTTTGTAAAAGGGAAGATAGAAAAGAACTTTAATAACCAAATTGAAAAAGTGGAGATGTATCAAGAAAACAGGTGTATTGCGATGACAGGCAATATCTATAAACTTAATGCTTTTGTTGCAGAAAAAGTTCTTTTGAAACAAAAGGAGTTGGATAAATACTACAAGCTATTTTCACCCAAAAGAAGTGTTAGAGAAATTATTAGAAAGTATCAGGAAGTAGCTGAATGTGTTCCTGACAGTAATACGGTTATAGAAACGATGTGCAGGTATAACGCAAGGGCAAGAGCATTGTTTGAAGGCTCATACACCAGCGGAGATGCCAGTAAAGATGACTTTTCGTTACTTCTTTTTCTAAACAGTTTTACTCATGGAAATGCAGAAATGATGAAAGAATTATTTTTGAAATCTGCACTTAATCGCATTGGCGATCGCAGCAAAAGAAGAACGGAAAAAGGATATCTGAAATACTTGGAAGACAGTATATCAAAAGCGATACAGGGAGGAAATAAGAGGTATTGGGATTACAACTATCACAGAAGTAAAGGAGGGTATTCGCTTGAATAATTGGCTTAAATTTGATGATGTGGAGCTAAGTGATTATGTAGAACGAGAGCTTGAAATCACAGATAAAGGACAAGTCAAAAGTACAGCAACAAATCTCATAACTGTGTTAGTTAATCCCTGTTTTTGTAAAGAACAAGATATTTTATCAGGATATATTTTCTTTGACACTTGCAGCCGAACCATTCGTTTTTACGGAGAGTTAAAAGGCGAAAAAAGCACAGATTTAGAAATTCGAAAATGGAATGATCATATGACAAATATCATTGGAGTTGAAATCGAAAGAGAATTCGGAATTAAGTACTCTAAAAATCGTATGGAAGATGCAGTTCTCTTTGTTGCTCACAAGAGGAGAATCAATTTGCCGGCGATGTATATGGAATCGTTACACTATGACGGGCAAGAATATATTTCAAAACTGCTGCCGAAATATCTTGGAGCAGAGGATACAAAATTAAATTCCTGGATTATGAAACATATCTTGGTAGGCATGGTAAAAAGAGCGTTTAATCCTGGATGTAAGTTTGATGAACTGATGGTTCTTACGGGAATTCAAGGTGTAGGCAAGACTTCTTTCATAGAAAAACTTGCATTACTTCCTGAATGGTACTGTTCCTTAAACAATATCAAAGGTAAGGATGCCGTTAGTAATCTTGTCGGGAAAGTTGTAGTAGAGCTTGAAGAATTTGTTGCTCTTAGAAATACAAAAAGTGCCGATGAAGCGAAGTTGTTTATATCTGCAAGAACAAGCACAGTAAGACTTCCATATGAACGGTTTTCAACAGATGTAAAACGAACCTGCATACTGATTGCGACTACAAATGATGCAACATTTTTAGGAGATTTTTCCAGAGAAAGAAGATATTTACCTGTAAAGGTTAATGCTGAAAATATACAAATTACGTTAATGTATGATCCTGAAAAATATCCGGTATTGGAAACTATCACAAGAATAGAACATGAGGAAATCATAAAACAGGATTTTGAAGGAGCCATTGCAGAAGCTGTCTATCTTTATGAAAATAAACTTCATGATTTCTATTTGCCGAAAGAGTTGCGTTCGGATTTGGATTTTGTCATTCAAACACACAAGAGCGATAACAGGCATGTCCAAAACTTCTTTGACTTCATGGAATGGAAAACTACAAAGTCCGATACACCGAATTTGTTATGCTCTGCCGAGTTTACGAGCAGGTATCCTGAAACAAATGAAAAAGTTTTTTCGGAATTGATGGCAAACGAAATGGCAGATGAATGGAAACTTGAACCATCTGTAAAAAGTAAGAAGGTAAGAATTGACGGAGTGGTTCGGGTTAGCAAGAAGTTTTATAAGAGAAATGAAAATACTGATTGTATTGAAGTTGATTCTACGGACATACTATTCTAAGAGTTTTGGAAAAGTCCGCTACCGCTACTTTGCTACCCGTATGACAAGGTAGTGAGGTAGTGGTAGCAACAACTTTCAAACTTTAATAAAAAAATAGAGGAAATATTGAGCAACACCGCTTGAGACAAAAGTCAACTATTTTTCTGTGATAGTTATAAGAGATTATTAGTAAAAGTATTATTTTTGAGATAGCAAGCATATACTTTTTGACCACAGTCATAAAAGTAGGCTTGTAAGCTGACAATTCAGCTTAAAGAGTTTAGGGCGACCCTAAGACCCCGAAGAAGAAAGGAGTGATGAAAAATGGCAAAGACCGTTAATCGTAAAAATAATTGTACTGTTCACTTTATGGTGAACGAAGAAGATATGAAGGAACTCAACCAAAGATTTAAATTGACCAATTTTAAAAGTAAAAGAGAATTTTACCGAGATAGCATTTTCAAGAACAGGATTATCAGCATTGATTTATCCGGTGAATTTAGAAAAGAATTGAGGGAATTATCTTCTCTTGTTAGTCGTAACTCAGCAAACATGAATCAGATTGCAAAGGTAGTAAACAGCACAGAAATTATCTATAAAGATGATATTGAAAGTATCAAAAAAGCGTTGCAGGGAGAACTAATTTTTCTATCAGAATTTAGAGAAAAAGTTTCTGACTATATCATCAATGAGGTGATCGGATAATGGCAGTTACAAAGATACATCCAATCAAAACCACACTGAAAAAAGCAATAGATTATATTTGTAACGGAGATAAGACAGATGACGAAATCTATGTTACAACGCATTTGTGCAGCAGAGAAAACGCTCATAAAGAATTTGAATTTGCCAAGAAACAATTTAACTCAAGAACAAAGACGTTGGCACATCATTTAATTCAATCTTTTGTACCGGAAGAAGTCAGTTTTGAAGAAGCACATCAAGTGGGAATTGAACTTTGTGAAAAGATTTTAGAGGGGAAATATGAATATGTATTAGCCACGCATATCGACAAAGACCATATTCATAATCATATAATTTTTAATTCCATAGATGTAGATGAAGGCAAGATTTATCATTCCTATTACGGCTCTTATATGAACATCAGAAACCAAAGCGACAGACTTTGCAAGGAACATAATTTATCTGTCATCAACCAAGAAGCACAAAAAGAAATCAACGAGATTAAGCGAAGAAAATTTGTGAATTGGTACGACTGGAATGAGGATAAAAAAGGTAAAAGTTATAAATCAAGGCTTCAATTTGATATTGACAGAACAATAAAGCAGTCAATTAACTGGCAGGACTTCTTATTTAAAATGGAAAGCTATGGTTATGAAATCAAATATGGAAAGCATATTGCATTTAGAAGTAAAAATCAGCAAAGATTTACCAGGACAAAGACAATTGGTGCTAACTACACTGAAGAACGGATTAAGAACAGGATCTTAAAGAAAGAAAAAGAAATTGGAAATATCATTGATATTAAGAATAGTCAAAAAGCAAAGTCAAGCAAAGGTTATAAACACTGGGCAACGAAACACAATCTTAAAACGGCTGCTTCTACGCTTGTTGAAATCAGGAATAAAGGATTTAAGTCAATGGAAGAATTGGAGCGTGGTATTAGTCGAATATCCAATGAAAAGAATGAACTAAGGCGGGAATTTGATAAGCTGTCATGGGAGCAAAAGAGGATAAAGGAAGTAGTAAAGCATATTCAAATCTGTATCAGCAAAAGAGAACATTACGAAGGCTATCGTAAAAATCCGAACGATAAAATTTATATGATGATGAACAGAAAAGATGTAGAAG
NZ_CP061839.1_gap34	856551	859535	2984	CAAAGTATCTGTTTTACGCCAGCATTTCGATAAACGCTCCGATGCGTGTTTTTAATTGTTCCGCATCTTCATCGGTATAATCGGTTTCAATTCCCAAACAGGGAATACCCGCTTTTTGCAATTCCCGTTCGACAAAATAACCTTCGCTGTCATAAATGCTGCAAAACTTTAAATTAAGGTCTATAACCCCGTCAGCCTTGTATTCTTTTGCAAGACGAATAATATCTTCTATGCGAGATTTATTGGGTGTAAAGCAAGCGCAATTTATATGCCCCAAATAACGCTCGGTTAAATTATCTATAAGCTCGTCCATTGTGTTGCCCGTTTCTTTTACAAGAGCTTCACAATAGCGTATGCCGGTACACATTTCTTCGCAAATTACCGCTCCGCCTGACGTTTCTATTATATGATGAACTTTCCAATTCGGAATTGAAAGCGGCGTTCCCGTCAAAAGAATTCTTTTTGTTCCTTTTTTAAAAACCGACACGTCTTCTGTTTTACGCTTATCAAGTTCATCGCAAAGTTTATTTACCATAGAAGTAAACCGTGCAGGGTCATCATAAAATGCAATTTGATGAATAAGCAAAACATCTTTTCCCGAAATCGGAATGTGTTCAAGTTTTCTGAAATTATTTAAACGCTGTAAGGCTTTCCGTTTATTGTTTAATAAAACAATAGCCGATTTTAAAGAGCTTTCCGTAATTTTGTTTCCGGTTAATTCTTCAATGCGTTTAATATAGTTTTTAATTTCGTTTGACCACTTTGTATAATCTTCAGGACGTTTCATTTGCGGAATATCCATAATATACATCGGCGCATCTTCAGCTAAAATTTCCCAAGCCTTTTTCTTTCCGTCACAAGTGGTTTCTCCGGTGAATAAATCGCAGAGTCTAAAGAAGGGGCAGGTTTTGTCAAAGCGTGCACCTAAAGACGCTTTAATTAAGGGGCACGTTGCAGTGGGCAAAACCTTTTCTCCGCCTGGAACCCAAAACTGCGAACCCGAGCAAAGCCCCGTTGCAATAGCTCCTCCGGCGACTACTACTTCATCGGGTACGTGGATACAAAATGAGCCTACAACCTTGCCGCCCTTCTTTTGGAATTCCACCAATTCAGCAGGACGGATGCCGTGAATGTCGGCAACGACCATATTAAAATAATCCATACCGTCAGGTCTGTTGCCCTGCGATAGATACACATCACCGAATGCTTGCGGCAATACCTCGCAAAGCATGTCGTGCGTTTGAAGATTCATTCCGAGGTCTTCCCACATTTTTCTGTTGTCAGCCATAATTTATACTCCTATTAAAAGATATTAGGCACATTTTTTTTTGTTTTAAAAAGAGGCGCTTTTATTCTCCTCTTCGTAATTTTTTTCGTTTTTAAAATTAAAAATACAATTTGCATATCCGTAATCCGAATTATCCCAGCTTCGGTATAGTCTTGCGGAATTGGAATTTATTTCGCTGCAAACGGATTTATAATTTCCGCGAGGGCAAAGAGCCGATATTTTTTGTATCTTCTTTTTTTCATTTCGGAAATTTATTTTTTGTTTAAGCGATTTAAAATATTTTTTACGCATAGATAAATCGGTCATATATTTTGAGTAAAAGGTAAGTAAAAAAACTTCTTCCGTATTTAAATCCGAATACAACTCGATTTCGGTTAAAATGTTTTTAATACAGTCTAAATCGTTTTTTGCTTTTTGTGTTTTATTTTCACTGTATTGCGTATTGTAAATTTTACATAAGGCTTGTTTTAACTGTTTTTCGTTTTCGTAAATTATAACCGGCTTTTCGGTATTTTCTTTTAAGGTATTGTAAAGTAGCGGGCATTTGTTTTCAATAACGTATGTTTTGCAGGAATATAAGATAGGGCATTTTTGTGTTGTAAGATAAATGAGGGTGCTTTTAATTACATCGCACAAATCCTTTCCTTCATCCTGTTTACCGAAGCGGAAAATATGGGAGTCAACTCCTTCAAGAGGAACGGGAATCAAGCCGCAGCCGTAAAATATTTCTTCGGGAAGTTCATCTCCGAAAATTCCTACAACATTATCATGCGCCAAATAATTTTCGGTACATTCTATATATGCATTACGTCTTAAATCCGGTAAAAAATCCTTATCTATAATCATTCCGCTTCTCCTATTTTCCCAAAAGACAGGCTCCTAAGGCTCCCGCATAAACTGAAAGTTTATCGGAAAAAACTTTTTTCTTTAATTTTTTTTCAATTTCGTTTATTACAAAGGTGCTGCCGCCGAAACCGCCCGTTAAAAAATAATTTTCGGAAAGAGGTTTTCTGTTTACAAGTGAAATTACTTTTGAAACAATTTGATTTATTACACCCATTGCAATATCTTCACGCGGAGTTCCCTTTCCCATTAACGAAATAACTTCAGATTCCGCAAATACTGTACAAGTGGAAGATAAATTTATATCCTTTCCTTTAGAAGCGAGCGTAAACATTTCTTCCAAACTTACACCTAATCTGTTTGCCATAATTTCTAAAAACTTGCCGGTTCCTGCGGAACACTTATCGTTCATAATAAAATCCGTAACGTTTCCGTTTTTTAAAATAATTATTTTTGTGTCCTGTCCGCCTATGTCGATAACGGTTAAATCCTTTTTGCATAAAAAGTATGCGCCTTTCCCGTGGCAGGTAATTTCGGTTACGGTTTTATCGGCAAAGGGAACGCTTATTCTTCCGTAGCCCGTTGCCGTAATTGTTACTTTTGCTCCGTTTAAAGTTTCTTTTATCCAATCGAAAATTGTAAGCCCCGTTTCCTTACTGTTCCAGCCTGAAGGAAGGATTTTTTTGTAGAGAATATTTTGTTTTGTTCCGTCCATAATGACGGTTTTGCTTGCCGTAGAGCCTATGTCAATTCCTGCGTAATACATTCTTTAATTTGCAAGATGTGTAAGAGCTGCAAAATCGCGGCGGTAAAAATTTAAAAGATTTTATATTTGAAGGGAAAAGGCGGGCAT
NZ_CP061839.1_gap35	896137	897565	1428	ATTTTACATTTTACAAAAAATCGTAAATTTCTATGTTGCAAAATTTTAAGTTTTATGCTATAATATTCTTATGAAAACAGACATCGAAATAGCTAGAGAGGCGAAGCTAAATAAAATCGCCGATATCGCAAAAGGTTTAGGAATTCACGACGATAACGTTATTCCTTATGGGAACTATATAGCCAAAGTGCCGTATAGCGTCATAGATGATGAAAAGGTAAAAAAGAATAATCTTATTCTTGTTACCGCCATTACTCCGACAAAGGCCGGAATCGGAAAGACAACGGTTTCTATAGGACTTGCTCTCGGAATGAACAAAATAGGAAAGAAAACCGTAGTTGCCTTGCGCGAACCTTCGCTTGGTCCCTGCTTCGGAATGAAAGGCGGGGCTGCCGGCGGCGGATATGCTCAAGTGCTTCCTATGGAAGATATAAACTTGCACTTTACGGGAGACTTCCATGCCATAACTTCCGCTCACAATATGATAAGCGCCTTATTCGATAACTACATTTTCCGCAATCAGGGAACGCCTAAGGCTATCAAAAAAGTTTTGTGGAAGAGGGTTTTGGACGTAAATGACAGGAGCTTACGCCAAGTTATTACCGGCTTGGGCGACGGAAACGGTGTGATTATGGAATCCGGTTTTGATATAACCCCGGCTTCCGAAATTATGGCAATTTTCTGTCTTTCCAAAGATATAGAAGATTTACGCAGAAGAATCGAGCAGATTATTCTCGGCTACGATACCGAAAACAATGCGGTAACCGTAAAAGATTTAGGCATTGCAGGTTCTATTGTAGTTCTTCTTAAAAATGCAATAAATCCGAACCTCGTTCAAACAACCGAAAACACCCCCGCCTTTATTCACGGCGGACCTTTCGCAAATATTGCACACGGTTGTAACTCGGTAATAGCTACAAAAACGGCCTTAACTTACGGTGAATACGTAATTACCGAAGCCGGCTTCGCAGCCGACCTCGGTGCCGAAAAGTTCTTCGACATTAAGTGCCGAAAAGCGGGATTAAACCCCAAGCTGACCGTAATTGCCGCAACTACGGGCGGTTTAAAAATGCACGGCGATGTTCCGGAAAAAGAAATTTCAAAACCCAATGCGGACGCTCTTAAAAAAGGTTTGGCTAATTTGGATAAACACATCGAAAATATGAAAAAATTCGGACAAACCGTAATAGTTGCTTTAAACCGCTACGGCTATGACCAGGATTCCGAGCTGGAACTCGTTAAAAAACACTGCGAAGCTCAAGGAGTGGGCTTTGCCGTAAACAATGCCTTTGTCGAAGGCGGAAAAGGAGCAGTCGAACTTGCCGAACTTGTGGTAAAAACGATTGCCGAAAAACCGTCCAAACCTCTTCAATTTATTTATGACGACGGCGATGCCGTTAAAACCAAAATCGGTAAAATCTGTAAAGA
NZ_CP061839.1_gap36	1032109	1032698	589	ACTGCTGGATTCTTCCGCCAGTTTACGTATTTCGTCCGCAACAACGGCAAAGCCCTTTCCGGCTTCTCCCGCATGGGCAGCTTCAATAGCGGCATTCATTGCTAAAAGATTTGTTTGACTTGCAATATGTTGAATGACGCTTGAGGCTTCCAATAGGCTTCCGGATTCTTCCGCAATTTTTTGTGTTACGCTGTTCGAGTTTAAAATAGTATCTTTTCCGTCCGCCGTAGCGGAAGTAAGAGTTTTAATAATTTCATCGGTTTTTTCCAGTGTTTGAGTAATGGACATTATATTTGCAGCCATTTGTTCAATTGCGGAAGAAGACTCCGCTACGCTTGATGCCTGCGTTTCTATACCCGAATTTAGTCTTTTAACCGTATTTATAATTTCTTCAATAGATAAAGCCGTTCCCGCAACACTTTCCGCTTGATTGAGTACTTGACGTTTTACGCTTTCGATGTTTGTACTTATTTGATGTATTGAACTTGCAGTTTCAGTCATATTGCTTGCAAGCTCATCTCCTATATTTTGCATAGAATCGGTATTATTGCTTACCGTTTGTATAGATGAGCCTATTTTTTCGATTGTC
NZ_CP061839.1_gap37	1036358	1041079	4721	GCACCCGAAAGAGTAAAAAGCTCCAATATTTTAGGGTGGAACATCATAGCCCACAACACATGTTCCGGCGTTACAAACTCATGTTTATGTTTTTTTGCTTCTAAAGTGGCTTCATTAAAAATGGTTTGAACCGTATCGCTTATCATCAATTTCATAGTTTTTCTATCCTGCATTGCAGCGGGAAGCCGTTATTTTTCGCTGCGGTTAATACCTGAAAGCATTTTGTGGTTGCTATATCGTAAACATAAACTCCTATAACGGCTTCCCCCGTATTATGTACCTTCATCATAAGAATTTCCGCTTCTTCCGGAGATTTATTAAAAAGTTCTATAAGAATAGCTACTACAAAATCCATAGGTGTATAATCATCATTTATAAGAATGATTTTATAATTATCCGGTTCTTTTAATTTTTCCGAAATAATAGTACCTTTTTGAAGTTGTTTTTTTGCTTCCATACATATAAAGTACATCAAAAACGGATATTTTACAAGTAAAATTTAAAATTTATTTTAAAAAAAGTATGAAAAATATTGGATATTTTACTAAAACGTGATATAATGCTCCCTATGAAAGCTGTACAGCCTAATGTAAGCAAGCGCGAAAAAATTATTCCTCTAAGCATTAAAGAAAAAAATGCAGTTATGGAGCGTATTTTAGATATTATATTTTCCAAGCGTAATTTTTTACTTTTGGGGCACGAATACGCCGATGAGGATTGTATAGCCTCTCTTGTAGCCTTGGGGCTATTATTAAGGAAATTTTCTAAAAAAGTGTGTATATTTTTGGAAAAACCGATTCCGCCGCAGCTTAATTTTTTTGTAGGTATTTGTAATTATAACAAAATTAGAATTTTTACCGAAAAGCTGAAAAAAATAAAAATACCCGATGCCATTTTTATTTTGGATACTCCGAAGCCGGAAATGATTTCGGCAGGCGGGTACGGAAAGAAGCTTTTAGCTATGCCCGATATCCCGAAAATAGAGTTGGACCATCATTTTACGGCAGATGCGGATTATTCGGGAGACCCCGATTATAGGCTGACTATGAGAGCCTCAAGTACATGTGAAATAATTGCCCAAATGTGTGTTAAATTGGAAGCCCGCCCTACAGTTTTAAAGCGATACGGAATTGAAAATCTTTATTCAAGAAATATTGTTCTTGCTATGCTTACGGGAATGATAGGAGATGCGAAATTCGGAAATTATCTTTCCGAGCGGCGCGATAAGGCTTTTTACGATTATTTTTTAAAGAAATTCAATAAGATGTTATCAGATAAATTTTATAAAAACAGCGGTAATATAAGTTCCGTTGAAGAAATTTTAAAAGTTTTGGAGACCCTTTCCGCAGAAGAAAGTAAAATTTATAAAAAGATTATGGAGCTTTCTTATATTTTTAAAAATGTAGGTGTTATTGTTTTAAATAAAGAAAAATCTAATGATATAAATACCTTTATAGAATATACTCAGTTTGTCGGTGTCGTAAAAATGGCTACCGATGCCGTTGCCGATAAGGCTCACGGATTGGGGCTTTCGGTATATTTTGACCCTCCGGAAATTTCCGATAAAATTCAATTTAGGCTCAGAGCCTCGGAAGAAGTTAAGGGAATAGATTTACGACCGATTTTGACCGAATTGAAAATTATGGACGGAGGAGGGCACCCCGGAGCTATAGGCTTCAGGTTTTCGGTTTCCGAAATACCGGATTTGGATGCATATATTAAAGTTTTAACGGAAAAAGCCCAACTTCTTCTTTCAAATTCGCATATCAACAATGAACAATCAAAAAAATAATTTCGATAAGCAAATGCAAGACGTTATTTTAAATTTACCTCCGCGCGAAAACCCGTATTCCGTTCTTTTACATTCGTGCTGCGCTCCGTGCAGTTCTTCGGCTATATTGAAACTGGCCTGTTTTTTTAAAATAACGGTTTTTTATTATAACCCCAATATAGATACCGCCGAAGAATATTTTAAGCGGGCGGAAGAGCAAAAACATCTTATTTCGGTTTATAATAATGAAAAACAAATTTATAATAATAAATTTCCGATATCCGTAATTGAAGAAAAATATTTTCCCGAGGAATTTTTTGAAGTTTCAAAAGGCTTGGAAAATTGTGCCGAAGGAGGTGAAAGATGTATGCGCTGCTATTTTTTGCGCATAAAAAAAACCGCAAAAAGAGCGGAGGCGGACGGTTTTGATTTTTTTACTACAACTCTTTCTTTAAGCCCTTTAAAGAATGCCGAAAAAATAAATGCTATAGGTTTTTCTCTTTCAAGTGAAAAATCCCGTTGGCTTCCTTGCGATTTTAAAAAGCGTAACGGCTATCTTGATTCCGTTAAATTAAGTAAAGAACTAGGTCTTTATCGTCAAGATTATTGCGGCTGTATTTATTCCAAACCGCAAGAAAATTTTAAAGTTTGATTTTTATCGGAAAGCATTTGTAAGTATAGGAATTTTCCGCCTTCCATACTTATAATAAAAATTGGAAATATAAACGTATATACGGTTTATATATTTTTATAAAATGTTTAAAAACAATTATTATCCGAAATTTTGTATTCTCTTTTTCGTTGTATTATTTGCTGCGGGTTTTATAAAATCCTTTATTTTCGATGTAAAGCTCGTAAAAGGAAAGTCTATGGAGCCTGTTTTAAAAGACGGCGATTTTATTTTTATTTTTAAGGCCGCTTACGGAATAAAGTTGCCGTGGGGTAATTCTTATCTTTTGCGTTGGGCGGAACCCGCCATAAACGACCTTATTCTTTATGTAAAAGACGGTCATTTTACCGTCAAGCGTTGTGCGGGAACGGCCTATTTACCTATAGAATTTTATAAAGGTTTAGGGTATAATAACGAGCTTTTTTATACGGTAACTACGGGCGGGAAAACAATTGAGCTTACAGCCGTACAGTTCAGAAATTTAGGCGGTATGGCGGATAAGCAAAAGCAAGTTATTCCGAAAGGATATATTTTGGCGCTTGGCGATAATCTTGAAGCTTCTTACGATTCTCGGGATTACGGATTTATTTTTATCGGCAGCATTTACGGTAAGGTTTTATTATGGAAGTGAATAAATTTATTTCTAAGTACAGATTTTTATTTTTTATAACCTGTGTTGCTATTTTTATTGTGCTGCTTCTTTTTCAATTTGCAAAGTTTATGGTTATGCGGGAAGCTGAAACCGTTCTTCCTAAAATCATAACGGAGCGCGGAACAATTTACGACCGTAATCAAAAAATTCTTGCAGTGCAAACAACATTTTACAATCTTTATGCGGATAAAACTTTAATAAAAAATATTGTAGAATGTGCGGGTATTTTATCTCCCGTTTTACAACAACCTGAGTCCGACATTATAGATAAAATTCAAAACTCCAAATCAAATTTTTTATATTTGAAAAAACGTATGAGCGAAAGCGAAAAGGACGTGATAAAAACTGCCTTGGATTCCGCGAAAATCGAAGGACTCGGATTTGAGCCCTTGTTTAATCGTACTTATCCCGAAAATAAACTGGCTTCAACTGCGGTAGGTTTTTTGGGCGATGACGGACGCGGAAAAACAGGCATTGAGTATTCGCTTCAAAATATCCTTTCGCCTCCTCCAGATACCGTAGGCTATACCGGTAAAGGCTATGATGTTTTTTTAAGCATAGACGGAAATATTCAATATATGCTTGAAAAAATTACGGCAAAAACTATGGAAGAAACCCGTGCCGAATCCGCTATGTTTATTGCTGCGGACGCAAAGACGGGAGAGATTCTTGCCTATGTTAATGAGCCCTCGGCACCGCTTGCGACTTTTACCGAAAGTACGGCAACTGAAAGGTTTGACCGTCCTGCAAATTATGTATATGAACCCGGCTCGGTTTTTAAAATTTTTTCAATGGCGGCTTTTTTAGAATTAGGTTCGACTTATGACGGGGAACGTTTTAAATGCGATGCCCGTTTTGAGTTTAATAAGGAAAATGTAAAGCCCATTACTTGTTTAAAAACACACGGTAATGTTACTCCGCGGGATATAATAAGTCTTTCATGTAATGACGGCACCGCTCAAATTGCTGATGTAACGGCTAAAGATGAGTTTTTCGGAAAAATACGCGAATTCGGTTTCGGCTCCAAAACGAATTTGGAGTTACCCGGTGAAACTCAGGGCTTACTTTCCGAGCCTAAATATTGGTCCGTGCGTACAAAACATACTATAGCTATAGGGCAGGAAATAGGCGTTTCTTCATTGCAAATAGTAAAGGCTGCAACGGCTTTTACAAACGGAGGTTCCACCTTACAACTTTCCCTTATTTCCAAGATTACGGATAAAGAAGGAAATGCGGTTTATCTTCATAAACCTAAATATTTAAATAAGGTTATTTCGGAAAAAAATGCAAAACTTATTTTAAGTTATATGCAGACCGGCTCAATTGAAGGTATAGCATGGCGGGCATCGATTAACGGTGTTCCGATTGCGGTAAAAACCGGTACCGCTCAAATGGCAAATGAAAAAGGCGGAGGTTACAGTAAAACGGATTTTATTTCAAGCTGTATAGGTATATTTCCTGCCGATGACCCTAAAATAATTTTGTATGCCGTTATCGTAAAACCGGTAGGTCAAATTTACGGCTCGATTCTTGCCGCCCCTGCAATTTCTCAAGCTTCAAACGACATAATAGATTATTTGGGTCTTGCACGCGAAAATGCTCCTACGGTAGAACATACGGGCCATGTT
NZ_CP061839.1_gap38	1059068	1061416	2348	TAATGAATTGCGCAGAAAATACGGTGCTGCCGATGATAAGCAAATATATTATTTTACGGATAACGACTGCGAGTGTGATTTTGTAGTAAATCCTGCCTTTGCACCTCAGTGTATTCAGGTATGTGCAAAACTTGATAATGAAAACGGCGAGCGTGAAATACGCGGCGTGTTATGTGCAATGGAGTTTTTCGGTTTAACTGAAGGTCTTATACTTACCGAAAACTCTAACGACCTTTTTGTTCAAGATAAAAAGAAGGTGCGTATACTCCCCGCGTGGGAATATTTCGGGGTATAGGTGTTATTTATTACTGCGTTTTCAGATAAATTTGAAAGTATAAAGTGATTTTATAAACATAAGGAATGTTTTAAGCTGCTATGAATAATATATTTATACATGAATCAAGTTATGTTGATGAAGGTGCCGAAATAGGTGAGGGAACAAAAGTTTGGCACTTTAGCCACGTTATGAGCGGTGCGAAAGTCGGTTCAAAGTGTTCAATCGGGCAGAATGTAAATATAGGCGGTAAAGCCGTTATCGGTAACGGTGTAAAAATTCAAAACAATGTTTCATTGTATGATGATGTAATAATAGAAGATGATGTGTTTTGCGGTCCTTCATGTGTTTTTACAAACGTAATAAACCCGCGTGCCTTTATTGAGCGTAAACACGAGTATAAAAAAACGATTGTAAAAAAAGGCGCTTCAATCGGAGCAAATGCAACAATTGTCTGTGGTGTAACAATCGGAGAATATGCCTTGATAGGGGCGGGGAGCGTGGTAACAAAAGACGTTCCACCGTATGCTCTGGTGTATGGAAATCCTGCACGGGTACATGGTAAGGTAAATGAGGTGGGAGAGAAGGAGTGAAGAAGACAAAATCCGTTTCTTATGTTGCCGCATGGAATATTACGGCTCGTTTTTTTTTGCAGGGGATTTCATTCTTATCGGCACCTGTTTTTACTAGGCTTTTAACTACGGAAGATTATGGTAGAGTTGCTATTTATAGTGCATGGTTGGGAATATTGAATTTATTCATTGGATTGCAAACACACGGTTCAATTGCAAATGCAAGCATTAAATATGAGGGTGAAATGGATTCGTATCTCTCGTTAATTATGACTTTGTCATTTGTATCATTTGTATTTGTTCTTTGCGTGTTTGTAATTTTTCAAAAGTATTTATGTCGGTTGTTGGATATGCAGTGCTCTTTAATGTTTTTGCTGGTGGTGCATACATTTTTTTCTTTTGTTGTTAATTTTTATACGACAAAATGGCGTCAGTTTAGAAATGTTGAAAAGAATACAATAGTTTCAATTTTAATCAGCGGTGGAACTGTTGTTTTATCAATAATTTTTATATTATATCTTAATGTTGAGAGTTATCGTGCAAAAATATATGGGGCGGCTGTTCCTCAGGTAATTTCCGGTTTTGTTTTTTATAAAAACTTTGAATATAATTTTGGATTTTATATAAAAGGCATGCTTCCTACAATGACAGTAGTTATTGCTTATTATTTTACTTTAAATTTTTGGCTTATAAGATGGTTGTTTGCTGTGGTGGTAGGTTTTGTACTGTTAAGGCGAATTATCAGAAATAAAGCGTTATTTTAGTAAGGAGCCATATATGCAATTTAGTTTGGATGAATTTATTTCTAAATATGTAACGAAACGGCAGGACAGCCTTTTTTCGAGTGATGTTATTAACAATAAAAAAAAGTTATCGTCGATTATTAAAGATAAATCTATTCTCGTAATCGGCGGTGCTGGAAGTATAGGCAGTTCTTTTATTAAAGCGTGTTTGCCTTTTAAACCTAAGTCATTGGTTGTGGTTGATATAAGCGAGAACGGTCTTGCTGAATTGACTCGCGATTTACGCAGTAGTTCTATTTTTATTCCGAATGATTATATTACGTATCCTATTAATTTTGCTGATGCCGTTTTTGAAAAAATATTTAGAAGAAGAGGCGGTTTTGATATTGTTGCAAATTTTTCCGCACATAAACATGTGCGGAGCGAAAAGGATGTTTTTTCGGTTGAGGCTCTTTTGCGAAATAATGTGCTTAATGCAAAAAGACTTTTGGATTTATTAAAAGAAATTCCACCGCAAACTTTTTTTTGCGTTTCAACGGATAAGGCGGCAAATCCTGTAAATGTAATGGGGGCAAGCAAGAAGATAATGGAAGACTTGATTTTTTCTTATTCGGATTATTTTCCCGTCAAAACAGCTCGTTTTGCAAATGTGGCGTTTTCAAACGGGTCTTTACCTGCAGGTTTTTTGGAGCGAATTGCAAAATGCCAGCCTATTTCCGCTCCTTTTGATGTAAAACGCTATTTTGTTTCTCCGAAAGA
NZ_CP061839.1_gap39	1112500	1113143	643	ATTTTAAAGGCCGTTATTTCGTTTGCAGGTTTTGCAGGTTTTATGAATATAAAACTTTTTTCGTTTATTATGATTGCACATATAATTATAAAAAAAGTACAATCTACCGAGCTTATCTATGCGCTGCGTAAAATGAAATTACATAAGGGTTTTATTTTAAGCCTTACTGTCGCTTTCCGGTTTTTACCTACGGCAAAAAAAGAATTTACGATTATAAAAGAATGTATGCAAATGCGCGGGATTGAAAGTTCTTTTAAAACTTTTTTTACAAAACCCTTAACCTTAATCGAATACAGCCTTGTACCTCTCCTTTTTAGAAGTTTAAAAATATCCGAAGAGATGACGGCAGCCGCCTTGGTAAAGGGTGTCGAATATAACGGAACTAAAACAAGCCTTGTAGATGTCAGTTTGGGTAAGATTGATTTTTTTATTCTTGCCGTTGCCGCCGCCTTAATTTCGGTGTCTTATATTTACGCAAACCAAATAACCTTATTCTTTATTGAAAGTAAAAATTTTTTGTATACTTTAATTTTTAAGGCGACAGTATGATTAGTTTTAAAGACGTTGCTTTTACTTACAAAGGTAAAAAGGATACGCAGCTTAAAGTTCCGTCTTTTTTTGCCGCAGACGGGGAGTGTATTTT
NZ_CP061839.1_gap40	1295789	1299193	3404	GAAGAGATAGAATATTTAAGGGGGAAGGGCATGAGAGAAGAAGGGCTATCGGAAATAGAGAGAAGAATAAAAAGAGAGTTGGAAGCAAAATAGATGAAAAAAATAATTTTAGAGATAGTATTAATATTATGCATCATAGCGGAAATAAAAGGGGAGCAAGTATATATCGGTCCTTTAGTATATATAATGGAAGGAGAAGAAGAGAGGTATGAAGAAGATGAAAAAGTAAGGGAAGAAATATATGAAAGGTTGGAAGAAGAAAAAGATTATTTAGGGATACAGATAATAAAAACCGGAAAAGAAATAACAAGGGTAAGGTCATCATATGAGGCTTTAAAGGTATGTAAAGAAGAAGGGATAAAGTACTTGATATATGGGTGGATAAAAAAGGGATTATATACATATGAAGGTGAGATAAGGATATATGACGGAGAGGGGAGAAAGAACATAGGAACAGTATATGGTAAAGAAGCTATAGAAGAATATGAGAAATTTATAAAGAATATAAGTATAAAGTTGGAAGAAAAGTTAAGAGAGATATTTTACATTCCGAAGAAAGAAGAGATAAAAAAAAGGAGCATGATAAATATAGAAAGTGCTATACAGTATTGGACGTTTATGGGAAAGGGGTGGGTAAAATATATGAGCGGAACTGTAGGGGTGGGGGTAGGGTTTGAAGTAATACCTGATGATAAGGTATTTTTTATAAAGAAAGAGGCAGTTTATATTCCTATAGGATTGATAATGGACTATAAACTTGGAGTAAATCGAAAAGAAGGAGTAAAAGGATATTTAAACAGTATAAATTGGACTGTATATAGCGGAATGAATGTAAAGATATATGAAAGGCATATAGTATATATTAAAACAGGCGTTATGTATAATCTTGATATATTAGACTATAAAGATAAATACAGTGATTGGAAAAAGGAAGTGACGGGAGCGGTAGGGATAGTAAGCGGCGTAGGATACAAGTATTGCATAAATGAGAAAGTAAAAATGACAATGGGGAATGAGTTTGAAGCAATATTTTACAATAAGGTAATGAGTAAAAGTGTATTAAAGGTAGGTATAGAAGTGGAAGTATATAATAAGGAGCATATAAAGAAATGAATGGTAAGTTAAATGTATATGTATTTTTTTATTTAATAATTATATTATTATTTAGCGGCTGCGGTAAAGGAATATATGGGATAATATCGAGGAGTCAAAAAGATCCTGAAGATTTCAGTATGAAAGTGGAGTCGTTTTTAGCGGAGAGAGAGATAAAATGCAGTTGGGAAGAAGATGAAAGATGCGATAAATATATATTGATGAGGAGTGAAGACCGACCTGAGCTTAAGTTTAAGGAAGTATATGCAGGGGAAGGAGAAGGATACACGGATAAGTGGTTGCGGGAGGGTGAAAGATATATATATAGATTGGATAAGGTCAGGGGAAAAGTAAAGTTTAAAGGGAATGTGCATTATATGGGGATATATGGGAAGGAAGTAGAAGATGAATATGAACCTAATAATGAGAGAGAGCAAGCGGTAAAACTAATTAACGACAAGCAGGGGAATGTATATTATTACAGATCATATGAAGGGGTAGTATTGGAAGATGAAGACTGGTATAAGATAGAGTTACCCGGTAAATGGAAGGCCGTAATAACTATAGTATATGATGCCAGCAATCAGCCGTTTGTAATAACACTTCCGTATAATGGGAAGAAAGAGCGGCCTGCTACAAACGGTACAGTAGAAATAAGGAATGACTTTGATGAAGCAAAATATATGAGATTTAAAGTATCACTTGATAAGAATATAGTAACAAGCGGAGGGGCATCAGGAGCATTTTATACATATACTGTAAGAATAGTAAGTATGGGACCTTAGAAATATAAGTGGAGAGGAAAAGGTGAGAAAGATAAAAGTAATATTATTAATATTTTTGATATTGAATATAAAAGTAATAAGTGAGGGGGCGGAGGGAGAAGGAGTAAGGTATAAATTAAAGTATATAGAGGTAAAAAAGTTTGTAGAAATACTACCTGAAAGCTTAAAGAAACTTAAACCTAAAATATTGGAGGGTGTAAACGGCTTTATAATATATGCAGGAGAAGAAGAAAAGAGGGAGGTGGAAAAATATATAGAATTATTGGATGTAGAGAGTAAAGGAGAGGCGATAAAATTAAAATATATATCATCCGAAGAATTGATAAAACACTTACCGCCTTCCGTGAATAAAGAAAGCATAAGTATAACCGGCAATCCGAATCTAATATTTTTTAAAGGCAGCGAAGAGAGGAAAGAAAGATTTAAAAAAGAACTTGAAGTAATAGATGAACCTAGAAGTCAGATAAGATATCAATTACTGGTAGTGCAGTATGAAAAAAGTGATGATGTAAACTGGACGAGGAGTTTAGAAAGTAAAAAAGTAAAAGAAGAAAGCGGAGGGGTGAAGAAGGGGAAGGACGCGGAGAAAAAACTATATGAGTTTTCAGGAATAATGAGCAACATATTTAATATAAACTTTGATATAGTAGCGAAGTTCGGTTATCAGTTTATAGCAAAACTTAATTTTGAATTAACGGAAAATAAAGCAAGAGTATTGGCTGATACAACGCTAAACGGTTTAAGTGGAGAAGAGGTAAAGTTTCAAAATACGAATACATTCAGGTATGTGGATAAAACATATGACAGTAACGGTAAACCTTTATACGGATCGGTAAGAGAGATAACATCCGGTTTATTGCTTAACATAAAGGGAATAGTATCCGGGAACGGGATGATAACGATGGAAGTAAACGCCCAAGTATCAAAACAGGGAAGCGGAGGAAGTACAAGCGGCGTTCTTCCGCCCACATCGGAGAAGATAGTAAAGACAAAGGTAAGAACTTTTTCCGGTAAACCTATAATTATAGGCGGATTGTTACAGGTAGAACAAAATAAAAACGAAAAGAAAATTCCCGGTATAGGAGATATTCCTATAATAGGGAATATATTTAAAGACAGCAACGGGGGTGAAAGAATAACGGAAATGGTAATATATATAGTACCGTATTTACATAAAGAGAGTAGAAAAAAGCTAAGTAAGAAGGAAAGGCTTGAAAGGCTATATGAGAAATATATGGAAGGAGAGGAATGAATGAGGGGTGCAGTAATATTGGCAGCGGTTTATATTTTGCTGATAATAAGTTGTAAGCATAAGAGAGAGGAAGAGAATATAAGAGAGTATGAACCGTTTGAAGAAGGGGTTGAGATAGGAAGGAGCGGAGGGAGCTCGGCTGAAAACGGGATAGAGATATCTGAAGATAAAATATTTATAAAGGATGAGGAAGGGAAAATAGAGTTTAAAACGAACAACGGTAAATATTGGGGAGTAAGAGGATATACTATGTGGAAATTTTTAGGAGAAGAAAT
NZ_CP061839.1_gap41	1328093	1330647	2554	AAAATTTAAAGAGGATAAATATCGCAGGATAGTAATAGATTCAACTTTTTCTTTTCCATATTTTCGAATTCTTTCGGATAATGTAGTCTATGACATCTGCTATGATTGGAATATGAAAGTACGGTATATTGCTGTTGAAAGCGGAGATTTTGTGACACCTGAAGGTATATATCTTAATATGTTATATGGTGATTTTGTAAAAATAATCGGTAAAGTAAAGTTAAAAAAAGAACGACTTGTCGGTTATTATGTAAAATTATCATCTGGGTGGTATATTTCATTTTGGGTAGGAAATACTGGAATCGATTACCCTCCCCAGAAAACTGATACTGTATATGCAATATTTAAGAAGGACTCTGTAAATTAAATTGTATAAATGTATGAAATGTGATATTATGAAAACAAAACTTTATATTTATTCACAGCCTAACTATCTCTTATTTCGGACAGCGATTGCAAGGGAGCAAAAGCAATTTATACAAATTGCTTTTGCCGTACATCTTTCTGCAGTAATTTCTGCAGGCATATACCGAAGCGATAGCGGAGCCCTGAAAAGCGCGGTGTCGGTATTTGTGTACTTTTATATTGTATTGATGGTACACAAATACCGGCAGTCCGCCAAAAGAAAATTATTATTAAACAGTCCCACTGACAGGACTTTTGAAAATAGGTGGAGCAGATACAAGGATAATGAAAAAATATACGTCCGTGTATATTTTTCATTTTAGAGTTTTGCTTACGCAAAACTCTCGACATTTGAACCACCGCCGTCCATGGCGGAAAAAGGCGTATCTGGTATACGTCGAGGACACTTTTTTGCCGTGCGACGCAGTAATTGTCCGCCGTTTCAAATGAGATGACACATACGGATAATCAGGGTGACAATGATGAGCAAAAGGAAAAGAGATACTACTACCATAGTGACCACTTAGGCAGTGCACAGTTTGTAACCGACTGGAGAGGGAAGCAATACGAGCACATTGAATATACACCTTACGGTGAGTTGTGGACTTACAAGTCAAAAACAGCAAAGCTGTTTTTGGCGACGTATAATAATTTCCTTGCAAAGCAGCCCTCAGGGCTGATAGAAGAGACTGCACCGGGTATTGATAAGTTACCCTTTAGGTTTACAGGCAAAGAATTGGATGAGGAGACGGGGCTGTATTATTATGGGGCGAGATACCTTGATCCGAAATATTCAAGATGGTTAAGTGGAGACCCGGCTCTAAATGACTACATACCGCAAGCACCGGTAAATGACGAGACCAAAAAGCATAACGAGAATTTGCCGGGAATGGGAGGAGTGTTTAACGTTGTAAACTTGCATGTATATCACTATGGGGGGAATAATCCGGTTAAATATATTGACCCTGATGGAAGAAGTGATGAATATACGATTGATGGAGATTATATTGGTCACATAAATGATAATATTGATGGTATTCATGTAGTTGAATTTACATATGTAGGTTCAGCAACATCAAGAAAGGATTCTCATGGATATCTAAAAAATCAAGATGGCTCAATTATGAGTGCTTCTGATTTCAATAATATTGTTGCTCTTATTTTTGCTGAAGCTAAATTAGCTAATGGAGTTAATGAGGCTAAGGGGATGGGTGAAGTTATTAAAAATAGGATGAATGAAACAGGATTGTCATCAGAGGGAGTTTTAAATCATCCATTAGCAGGATTTGATGGGCTTAATACTCGTCGTTTTTTTATGGGGTTAGATGCCTTAAAATCGCAGCAAAAAGGTGCTGGCCTTCCGCAAATGGGTTTTGGTGAAGATAGAGCTCTGGCTAATGCAATAGCAGGGGCTATATATGGTTTGAGCGGCAATAATTTTATGACAGATGGAGCTATGTTTTGGAGTCATAAAATATCCAGATCAGATCCATTTATAAAAACCATTTCGATAGGAACAGCTGATTTTTTTAAATTAAGCAATGAATGGATCCAAAAGCAAGGAGGTCGTTAATGGCCCTAAAACAAAAATCTCTTATTTTTTTGTTGTTTTTATATATTATATCTATAGTTTATGGTGAGTCTTTTCGAATTATTGAAAAGAAAGATGACTGGATTATTAGTATAAGTGAAGAATGTGAAAACTTATATACTATTGAAGTTGTGAATATAAGAAAGAAACAAAATATAAAGATAGAAAAAAAGATAAGTCAGCCTGAGCCAAGAATGTACTGGCTGAATAATGATTTATTAAGAATTGATTTTGGTAGTGTTTTTGCACCCGACATTTCATCATACTTTTTTTCAATTAAACGTGAAAGAATCTCAGAGGAATTATTTTTTGCAACTAACTTTATAGACTTGAAGAATGAGTTGGTTTTGTGTGCAGATTTAAATATTTCGGTAGTAGACATATTTAATCCTGATAAAAGTTATGTGCTTATTTTACCGGATGATATGTTCCATGCTGCATGCTATTGGTTTTGCATAGGAAAAAATACTAAATTTGATAACGGTTTTCTATTTTTGGAATACTTAGTTGAAAATTCTTCAATGGAAACATATAAAATAAAAAAATATAAAATTCCAA
NZ_CP061839.1_gap42	1331799	1332845	1046	ATGAATTTTTTTATGAGCTTTTTAAATTCTCCTAAGATGAATTCAGAAATTAATAAGTTATTGGATGATTTTAAAACTTTAGGAGTAGAACAGAAAACTTATTATGACGATATCCATTTTTATGAAGGATTTCAAGATAGTTATTTAAGATTGGCTGTAGGTAAAGCTAAGTACGAAATTACTATACGGTCAGATAAGGAGGAAAAAAAAGACTTTTTTTAAAACGAAGGAAGTTACGGTATATACAATCTTAGTCAAAATAATGGATAAGTATAATTTTGATGAAAAACGTTCAGATGGTTCTATTACTAGTGTGTTAAATAACTGGGGATATGATAGAGAAAAAGAAGGTTCTATAACTCCATTTTATTGGACGTTTTCATATGTAATACAAAAGATAGAATAAGGAGGTCGTAATGAGAAGAAAAATTTTATTAGTATTTTTTTTGGCTCTGCTAACTTCATGTCCGGGATTATTGGACTGGTCGTATGTATTGGTTAATGGGTATGAGGTGTGGCATATTAATAGCGATGATATACATATAGGTTTTACAGAAGATGGTTCGACCTTAAAAACATATTTAGACGATAAATTGATAGGTGTTCCGCCTTATGTTACAGCTGTATGGCATGATGACAGATATATTATTGCACGTCATATTTCCCATGATGATGTAGCTGATTATAAAGAGGGAAAGACTGTAACGGAAGATTATTATTTAGTTGATTCTAAGGAAAAGAAAAGTTTTGGGCCTTATAAAGATATCAACGAACTTTTCATCGAAACAAATATACCTGTGGTAAAAGATATAACATGGGTTTTGAGTTCGGAAATGTATAAATTTCAAAAGAATTATTAATGATGAAGCTATTGAAATAATAAAACAATGAAAACAAAACTTTGCATTTATTCACAGCTTAACTATCTCACCTTTCGGACAGCGATGGAAGCAAAAATCCTTTTTGCGGTGTGTGTAATCAAAAAGCAAGCTCTGACCGGAGGAAAGAGCCTTGCCTGTGAAGACAAATGCAGCAAAAAGATTACA
NZ_CP061839.1_gap43	1341675	1346462	4787	TCTAAAACTTCGTCCGTCTTTTCCGTATGTGATAGTGGCAACGCCGTTTCTTTCCGTTAATTTTCCATTGTTTACAATTTCGTTTATGCCGTTAATAACCCCTTTTTCATCTTTTCCGAAAGGCTCAAAATCGCTTAAATGTTTATTTATAATTTTTTTTAAACCGATTTTTTCATTACCGTATACGACATCAATATCACCTATATCTTCACGGTAAAAAGCTCCTACTACTTGCCCTGTCTGTTCTTTTAAGACTTTTTCTATTGCTTCAATGCCTTTGTGATAATACTCGGAATAATTATATCCGAATTCTTTTATGCTTTTATTTTTTAAGGCGGTAGTGTTCTCTACCGTGTCGGCTGCTTCCCGTAATACGCTTTTTTCTCCTCCCAAAAGTTCATCATACACCTTGCGTATATCATCGTTTATATGCAACAATTCTTGTAAACTTTTATAAATGCGGGCTAAAAACTCCGCCGCCTTTTGAAATACGGTTTTTAACTCTTCCGTCGGGGCTGTTCCCTCTTTTAAGTACTGCTCAAAACCTCTTGCAAAGGCTTCTTCATCCGCTCTTGTCCATTTACCGCCTTCCACATTAAAAGCGGCTTCGGCTTTAATAAGTAAATCTCCTTTCATAGTACGCCTTGCAACGTGCGCCGCCTCATGTACGAATGTTGAAAAGTCCGATTTTTCGCTTACATATACTAATGCTTTTATATCGTTTACCGCATAGGGTTCGTAAGAGTTACCGCATAGGGTTCGTAAGAGTTACCGCATAAGGTTCGTAAGAATTACCGCATAAGGTAAGTGCACGTTACCGCATAAGGGCAGGAGGGCTATACACATAATGATTGATTATACTTTGACGGACAAACCGGAACGATAAGGCGTTTTTTTGCCTTTTTTGAGTTTGAAACATTCATATCGAAATATGTAAAGTTCTCATATCCGTATTTGTTTAAGTATTTTTTAAGTGCAGCTTAAAATGAGCCGGCTGTAAAAAATTTCTTTACGGAATTGAAGAATTGAATGCGGTGCGGTAAGACACTGCTTAAAATTTTATTTTCGGTATTTTAAACTTTTAAATATAAAAACCGCTTAGTTAAAAGGCCGTTTTTGTAATTTCCGCCGCAAGCGTATTACCCCAAAAAAATCCCTTATCGGTAAATTTAAAATTACAGGAATTTTCGGCTTGGACTATTAGATTTTCTTTTTTAAGGTTTTCCAAAACGGGAAGAATTTTTTGAAGTTTTTTTTCTTTTAAAAGAGATAAATCTATGATTCCTTCTTGAAGCTGTCCGGAAAAATATTTTACGGGTTTATATGATTTTCTTAAATTCATTCCGATAACTTTGTGAAAGTTATTTACGTTTTTTGCATAACTTAATTTTTCGATAGGATTCATAAAGGCTGCGGAATTTACAAACCCGCCGGCTCCCGCTCCTACAGGAAAAATATCTCCGCCCGAATGAGAAGTCCTTATGTATTCATAATTATCGCGGCCGGGTTTTACAAGTTTTGTTATTTCCAAAAAGTCATAACCTGCATTTCGGGATTCGTTTAATACGGTAGTAAAAAAAAGAGCGTCCCGCTTTAGTGTTTTTTCTGTAAACTCTTTCTTGTCCATATTTTTACCGATTCCGGACTTACCCATTATTATCAGAGAATAAAATGAAAAGCCTGCGATATCTAAGGCAAAGGCCTTTCTTAAATCGCTTTTAAGTATTTCTTCAGTTTCTTCAGGGTAATTATAAATAATATCAATATTTACATTTTTAAAACCTGCGTTAAAGGCGGCCTGTATTCTTTCCTCCGCAGCTTCTCCCGTTCCTATTCTGCCTAATGTTTTTCTTCCTTCATTATTAAAAGTTTGAATACCTATACTCAAACGGTTCAGTCCGTTTTCAAAAAGAGTTTTCAGTTTTGAATCATCAAGTTCCGAAACTGTAGTTTCCATAGAAATTTCAGCATTTTTTGCAAGATGAAAATTTTTATTTATTGCCCGTAAAATTTCCGCAAGTTGATTTTCGGGCAGGGCGGTAGGTGTACCGCCGCCGAAATAAACCGAATTTATTTCCGAAGTATTAACGTATTCCGTTTTGCCGTAGTTTTTTATTTGCTCTATTACGATAGACGAATAATCTTCAGGTACGGGATTTATAGTGCGCCGCATATTGCAAAAACTGCAAATCTTTTTACAATACGGCACATGAATATAAACCGATTTTTTTCCGCTTTCGGTATTCGGAGAGGACAGGGCTTTTTCCATAGTGGTAATTCCCTTTGCATATTTTGCAAATGCCATTCCCGCCTCATGATGCGATTTTTTTCTTTCTTTATATGAACAATTCAAAATTTCTTCAACTTGCATACTCATCTCCATATTTTTATTTTGGAGCTTTTAAAGATGTATTTTAAATTTTTATATGCAGCTAACCTTGCATACTTATTGCATAAATTCTTTAAAAGCGTCTTCAGCTTTTTTTAAATCTTCTTCGTCAGGATGTTTTGCAGCTTCTTCATGCCTCTTTCTTCTTTCTTCGTCCATATAATGGGGATGGCCTTTCGGAAACGACATAAACATTTGCGTAAGGGCAGGGTCTATTTTCCCTTGGCAGCAAAAACCTCGTAAAACCGTATTACCGTTTTCCGTTAACAGTTTTTCAATATTTTTATGACATTCTTTTGCATGCTCGGAATTCGTGTATGCTCCGAGGGTGAAAAAGTAGCCCGTTTTTTTATTGCGAATTGTTTTGATAAATTCCAAAGCTTCTTTATTCGGCAAGGCTTTATCAATCCAAAAACCTACTACTATCGAGTCGTAGATGTCTGCATTTTTAACTTGCGTAACTTCAAAAAAATCGGTTCCCTCAGGAAGAGATTTTAAAATCGCTTCCGCAACTTTTTTTGTGTTTCCCGTTTTGCTTGAATAAGCTAATAATGTTTTCATAATTTTTTTTCTCCTTAGACTGTTTTATAATTTATGCCGATTTCCTTTTGGGTAATATTATAGGAAACCCCATTTCTTCATCATATATTATTTTGCAATTTATGTCATATATTTCTTTAATTAAATTTTCGGTAAAAATTTCTTTAGGCGTACCTTTTTTAAAAAGCAATCCGTCTTTTAAAACCAAAACCGAATCGCTGTATTGCGCCGCTTGATTTAAGTCGTGCAGAACCATAATTATTGAAAGATTTATAGCTTTATTTAACCCATAAATCAGTTCCAAAAGTTCAAACTGGTATCCTATATCCAAGTAAGTGGTAGGCTCGTCAAGGAGTAAGACTTTAGGTTGTTGTGCAAGGGCCATTGCAAGCCAAACTCTTTGTCGTTCTCCGCCTGAAAGTTCGCACACCTTTTTATCGGTAAATTCTGTTAAACGGGTTTGAGTTAAAACTTCGTTTAATATTTTTTCATCGTCTTTTTTTAAAGGTTCATACCATTTTTTATGCGGTGCTCTTCCGAAAAGCACAAGCCTTTTTACGGTTACGTCTTCCGGTGCAATATTATATTGCAGTAAGATGGAAAGGCGGCAGGCAAATTCTTTTTTTGAAAGCGAAGCTATATCCGTATCGAAAAGGGAAATCTTTCCGTTTGCAGTTTTTAAAAGACGGGCAAAACTTCTTAAAAGCGTCGATTTTCCCGAGCCGTTAGGCCCTATTATCGAAATAATTTTACCCGCTTCGAAGCTGCTTGAAAAATTTTTTATAATTTCTTTTTTGTCGTACCGCAAGTAAATATTTTTTGCGGATAATGCAGATATCATATTTACCTCTAATATTTTTTACTTGAGTTCCGTAATAAGTACAGGAAAAAAGGAGAGCCCAATACCGCCATTACAATTCCTACGGGTAATTCAATCGGAGCGGCTATTGTGCGTGCAAAGGTATCGGCTCCCAAAAGTAAAACCGCTCCTGCAAACATAGAAAACGGTAATAGACTTTTATAATCGGAGCCTACAAGCATTCTAAGTATATGAGGAATTACAAGTCCTACAAACCCGATAATACCTACCGTCGATGTGGATACTCCGGCTAAAAAGGCCGCTATGACCGAAAGAAAAAATCTTGAACGGTTTACGTTCGAGCCGAGGCTTGCAGCTTTTTCATCTCCCAAAAGTAAAATATTTGCGGGACGTATGCAAAATAATGCGAGTATTAAAGCCGGAATGCTGTAAATTAAAAGCACCTTCAAATGCAGCCAGCTTTTTGAAGCAAGGCTTCCGTTAAGCCACATTAAGGCTCCTTGAAGTCTGTCGCTGAATAGTATCGAAATTAAACCTGCAAGGCTTCCCAAAAGGGCATTTACGGCTACGCCCGCCAAAATAATGCGAACGGGAGTAAATCCGTCCTTCCATGCCAATATGTAAATTAAAAAAGCTGCAAACATACTTCCGCAAAAAGCCGCGGGCGGTACTAAATAGGCGTAGCGGGGCAGGGCCAGCATAAGAACAATACCGCTCACGCTTGCGCCTGCGGAAACGCCTATAATTCCAGGGTCCGCAAGAGGATTTTGCATTACGGCCTGCAATAAGGCTCCTGAAACCGCAAGATTCATTCCTACGATTAAAGCTGTAAAAATACGAGGTAAACGTAAATCGAAAATAATATCGCTTACAAGACTTTCGCCTCTTCCTATTAAGGCTTCCGTTATTTGCCTAAAAGAAAATTTTATAGACCCGAAAGCAACGGACGAAAAGAATAAAAGCGCCAAAATCAATGTTAAAACCGTAAATACGAATATTTTTTTCATCCGTTATACTCTTTTATACTCTTTAAAAAGT
NZ_CP061839.1_gap44	1354092	1358911	4819	TTGCAGGCGGATATTCAAAAAGCAGTTACGGCTTAACTGCAAGCGGCTTGATTGCCGGTTTGGAAAAACTGGAATCTTTTTTTTAAAAAACGGTCAATCCTCTTTATTTTAAATTTGCTTCGTATAGGTTTTTCTTTTTTAATTCTTCTATAATTATCTCTACAATTTTTTCAGGCGTATTTTTTTCGGTATCTATTATTAAATCGGCAAAACCGTAATCCGTATTATCGATATTATAAAGGCTCTTATACCTTCTTGTATCGTCCTTATCGCGCAGTTCTGTAATTCTTTTTACTTCGTTTATATCTCCGCCTTCCCGGTTGTGAATTCTGTTTACACGTACGTCAAATGAGGCGGTTAAATAAATTTTTAAATCCGCATCTTTTAAAAGCCAAATTGCCAAACGGGAACCTAAAACGCATGAAGATTTTGAGGCAAGTTCGACTTGTTTTGTGTCTACCGTTTTATCAAAACTGAAATCGGTTTTCGCCTTTTCTAAAAGTTCCGTAAACGGGATATTTAATTCCGCGGCAACATTTTTAAAAGTATAATTTATACAAGGTAAATTCAATTTTTGTGCAAGCAAGTTTGAAACGGTTGTATTTCCGCAGCCCGAAGACCCGGATATTGCAATTCTAAGCTGTTTTTTCATTTTCACTTCCTGTTTATTCTACATTGCGGCTTTGTTCGCGTATGTTTTCCAATGCGTCTTTTACTTCAATAATTGATTGCGACATTTCAAGCATTTGATTTTTTGAGCCTATAGTGTTTATTTCTCTGTTTATTTCCTGACAAATAAAATCAAGTTTTTTACCTATAGGGCATTTTTGTTTTAACTCGTTACTTAATGTATTACAGTGAGCTTCAAGTCTTACAATTTCTTCATTGATTGTATATTTAACAAGCATCACCGCAACTTCCTGCATTATGCGCTGTTCGTTTATTTCATTTCCTATAAGCTCTTTAAATCTGTCTTTTATGGTTTGACAAAATAATTCTTCCATTTGCGGAGCATATTTTTTTATGATTTTTATTGCGGAAAGAATTCTTTCCATATTTGCCGTAATGTCTTTTTTTAAAATTTCACCTTCCGCAATTTTTGTAAGTTCGTAATTTTGAAAAGTTTCTTCAAAAACCGGAAGAAGAAGCTCTTCCCATGAATGTAAATCTATGTTCCGCTCAACGGTTAAAACTCCTTCTTTTTCGGAAAAAGCATTTATATCAATTTCGGAAGAAATACAGGCCGCTTCGGCAATTTCCCGTAAAGCCTTTGCATAAGCTTTTGCAATAGATGTATTTGTAATTATGTTTATATCCAGATTTAAGTCTTTAACCCGTAAACAAACTTCTACCTTACCGCGTGCAATTCTGGAAGAAAAAAAACTTTTAAAAACGGGTTCCAATCCTGAAAGCCAAAAGGGCAGGTTTAAATTTAATTCCAAATATCTTGAATTATAACTTTTAATTTCCAAACTTACCGAAACATCTTTTATATGCTTTTCGGTTAGGGCATAACCGGTCATACTTTTCATAAGTTATTTTCCTTTTTTAAAATTTCTTTACTTAAAATATAATTTTCTCCCGCTCCTATTGTTATAAATAAATCTCCGTTGCGCAATTTTCCGAGCAAAAAACCTTTTGCGTCCAAAACTTCATTAAAGAAAAAAACGTTTTTATGATGTTTTTTCGTTTTACTAAAAAGAAGTTCCGCATCAACTTGTCCCGAATATTTTTCCCGTGCTGAAGAAAATATTTTATGTAAAATAACAATATCCGCATCGGTAAAGCATGAGGCAAACTCATCTAACAGAGCTTCGGTACGTGAATAAGTATGAGCCATAAAATCTGCAATTATTCTTCTGTCCGGATAAAATTCTTTTAAACCCTTTAATAAGGTTTTTATAGCTGTAGGGTGATGAGCATAATCGTCATAAACCAAAATATCTTTATTTTTTGCTTTACCTATAAATTCGGTACGGCGGCTCGCTCCTCGATAAGAAGAAACCGCCTTCCTTATTGCGGACATATCCGCAATTTTCAGCTCTCCGTGTTCTTCTTTTAGTAAAGAAATTGAAAGAGCAATTGCCGCAGCCGCATTAAGCACGTTATGTCTACCCGGTATTTGTAAAGAAAACTCTCCCGCAAAACCTGCAAGCGAAAAAGAAAGTTTTTCGTTTTTTACTCCGTGTACCGTAATTTTATAATCTCCGATTGCTTTTTCTCCGTACGGAATATAAGATAAATCGGGGCGGGAAGCGAACATAAGTTTTGCAGCTTCGCAGGCTCCTTCATCATCGGCACAATAAAATAATTCTCCGAATTGAGGCAGTTTATCCGTATATTGTAAAAAAGCCGTTAAGATGGATTCATAAGTAGGATAATAATCCTGATGGTCGGGTTCCACACTTGTTAAAATTATTTTACGCGGGTGAAAATTTAAAAAATGACGCTTATATTCACAAGTTTCGGCAACAAAATATTTTGAACCGTTTAGCATTGTACAGGAATTATTAAAATTTGCAATTACGCTGCCTGCCAAAACCGAGGCGGGCAGTTTAAGTTCTTTTAAAATTGTTCCGGTCATTCCCGTAGTAGTAGTTTTCCCGTGGACGCCTGAAATCCCGGCGGAAAACGAATACTTCGATAAGGCTCCCAAGGCTTCGGGATAGGACAGCGCGGGAATATTTTTTTGCTGAACTGCATACATTTCCTCATTATTGTCGGGGGAGTAAGCTGCTGAAAAAATTATAAGCTGAACATCTTGCGGGATATTTTCCTCATTAAACGGAGAAAAAATTTTTATATTCAATTTTTTTAAAGATTTTGCCGTATAAAAATCTTCGGGCACGTCGCTTCCTGAAACCTCTGCTCCGCGGGAAACTAAAATTTCCGCAAGGGCTGCCATTCCCGTACCCTTAATACCTATCATATAAATTTTAAACCCGTTTAAATTTTCAGGTAGAATAATTTTGCTCATCTGAGTATAATATGCGATATTTTTAATTTTAGCAATAGGTGCTAATCGGGAGAAAAATGATAACTACTGACGAATTTACGGTTTGGCTTGAAGGTTTTATCGATTACGGCAGAAATGCAAATAAGAGTATCGACAATCTTAAAAAGATGGAAAAATTTGCAAGGTACTTCGGTAATCCGCAAAAAGAATTTAAGGCAATTCATATTGCAGGTTCTAAGGGAAAGGGCTCTGTTTCGATAATGATTGCTTCCATACTGGCGGAAGCGGCTGTTTTTGCGGGGCTTTATACTTCGCCTCATGTAATGGATTTTCGTGAGCGTATTTCCAATTCGGGTATTTTTTTCCAAGATAAAGAATATTCCGATGCTTACGAAAAAATTATTGCAGGCTTTAATGAAATAATAAAAAAAGAACCCCTGATAGACCCGGGCTGGTTTGAAATTGTTACAATGACCGCATTTTTACTTTTCGCTTTGCAAAAAACCGAATGGGCCGTAATTGAAACGGGTTTGGGCGGAAGACTGGATATGACTAATATTTTAAATCCTGAAATTTCAGTGTTAACCCCTATTGAACTTGAGCATTGTAATTATCTCGGAAACACAATCGAAGAAATCGCCTTTGAAAAAGCGGGGATTATAAAACATAAAACTCCGGTTTTTTGCTCCCGGCAGGAAGATGAGGCTTTAAAGGTTTTTAAAAAGAAGGCCTTTGAAACGGACTCTCCTTTTTTTTATTTGCCTGAAATAATTAAAACTCCGATAGCATTTTCGGTATCGGAGAAAAGTTTAAAAATTAATATTGAATTTAACAATGAAAATAAAATAGGGAAACTTTTTTCCCGTACCATAAATACGGAGTTGAAATTACTTGATGAGGTACAGGCTGAAAATGCGGCACTTGCTGCATGTACCGTAAAATATCTTTTTCCTCAAATAAAAGAGGACATTATCGAACGGGGATTATCCAAGGCGTGGCTTCCGGCACGTTTTGAAATTCTTTCAAAAATTCCTCCCGTTATAGTTGACGGTGCTCATACAAAAAACAGCATTGCTCTTTGTATAAAAACTTATTCAAAATTAAAATTGATAGATAAACAAGGTGTTTTAATTTTTGCCTGTGCCGAAGATAAAGATGTAAAAAGCATGGCGGAAATTTTTAAAGATAAATTTAAAAAAATTATAATTACAATTCCGGGCGAATCCAAAAAAAGCAATATCGAAAAAACTTTTGCCGAATTTAAAGATATTTTTCAAAATAACGTTCAAAAAACGGTAATTGAAAAAAATGCGGATTATAAAAGCGTTATTAAAAATACCGTTTCTGAATGCCGTTTAAAAAATCTTCCCCTTTTGATTACGGGGTCGTTTTATTTGGCGGCGGAAGCAAAAACGATATATAATCATTTACACGATTAGCTTTAGGAAAGGAAGCGGAAGATTTTAATTTAGGAAAACAAATGCCTGCTGCATAAAGCTGTAAGGGATATTCATGATTTTCCGCTTCCTTTTCACCGCAATTATAATTTGAATTGTAAAGGGCGTCTCCGCAAATAGGTAAACCGCAATAAGATAAATGAGAGCGTACTTGATGGCGGAATCCTTGAGTAAGAGTACAGGTTACAAAAAATTTTCCGTTAAAATTTTTTGCAACGGAAGTTATTGTTGTAGTATACATTTTCCCTTTATCTTTAAATCGCCTGCTTTTTTCAAATACGGGAATGACTTTTTTACGTTTGGGACCGAATGGTGAAAATTGACTTGTAATTTTATAAGGAAGTTTTAAATTATCTATAAAATTTTTATCGCAATTTTTTTCAATATCGGAAAAAGTAAAATAAGT
NZ_CP061839.1_gap45	1360118	1361573	1455	GCGCGTAAGCTCTGAAATCTTTTCCGCACAATAAATATCCAAACGTACGGGAGCGGAAAGATTTTCAACTTTTATTTTGCGGATAAATGATACGGGCAAAGAGTTATTGTTCTGGCGTTTCATTTTCTTTAGACGTTTTATCTTCGTTTGAAGATTTTTCTTGCGGTTTTTCGTCTTTTTCGTTAGAAGGACTTGCTCCGTCAATAATGGGAATAAGAATAATCGGTTCTTCCGAATTAAGTTTTTCCTCTTTTAATTTTTTCTTTTTTATTTCGCGTTTAATTGCACGGTAAGAAAAATCTATCAGAGCTATACCTACGGAAATTCCCACAGCTGCAAAAAATACTTTTTTTTGTTCATCATCGGTAAGAGGAACGGCAATTTCGGGATTTTTTAACGGCCAAGGTTTGTAAGCCGGGTCTCCTTTATGCTTTACCGAGCGGATAATATCATAGGTCCAAAACGACAGTAAAGAAACAAAGGGAAGGGCACCGAAAGAAATAATTTCAAACCGGCGTAAATCTTTTTGCCATGTGTTAAATTCTTCTATTCCGTAAGGGTCGGGAGTCCTATCTATTTTTTCGTCTTCCGCATAAACGGGCATAACCGAAAAAAGAGAGACAAAAAAAATTAAACTTGCAATAATTTTATTTTTTTTCATTTTATGTTTTCTTAATACTCGGCTTTTGCAAAGCCTTCCGTCCGCGTTTTTGCTATTATATTCGATAACGATAAAAAATCATAGAGGGAAAGATTTTCCGCCCGCAGATTTTCGTTTAAACCGCAAGTTTTTAAAATCTCTTCGGCAGTACAGGTAAAACCGTTTGATTTAAGCCACGCGCTTAAATTATTTTTTACGGTTTTTCGTCTTGAAGAAAAAAGGGCTTTTACCGTTTTTACAAAAAGAATAAAATCCCTGCCCGCGGGAAAATCTTTTTTCGGCGTAAATAATACCGCCGCCGATTCTACATTGGGTTTAGGCCAAAAGGATGAGGCCGGAATCGTTTTTACTATTTTACATTCATAAAATATGCTGCATAAAACCGAAAGTACCGTATAATTTTTATTACCGGGTTTTGCAATAATTCTTTCGGCCGCTTCTTTTTGAACGGTAATCAGCATAGAATCAAAAATAACTTCTTGTTCTATTATTGATGAAATAAGGTCTAAGGCGATGTTATAGGGAAGATTACCGAAAAAAATTTCAGGTTTACCTTTTTCCTTAATTTCAAGTTTCCATGTTTTCTGTACATCGCCTTCTACAAGTCTGAATTTATTTTGCCCTGTAAAAAAAAATTTTAATAACTTTGAAAAGCCTTTATCTATTTCAAAGGCCGTAAGATTAGCTCCTCTTTGTAAAAGAAGCTCCGTCATCGCTCCCAGTCCGGCTCCGACTTCCCATACTCTCGTTCCTTCTTTAATTTTAAGGAAGGAAAGAAGATCGTTGCGAGTATT
NZ_CP061839.1_gap46	1370014	1372319	2305	TTTCTTCCCGTTTTCGATTTTTGAAAAAACCGCATAGTAAATTAAAAGCCCCGTACCGCAGCTAAGCGGAACAAGCCCTCCCAGTAATATATAGCCTAAACCGTCGATTACGGCAAATAAAACGGTAAGAACGAAACCTATTATAGTTAACAATATGCCTAAAATAAGGCAAAAACTTAAAAGATTAAATTTTATGGGGATATATGTTTTTGTTTGAATTTGGCATATAATCTGCTTGTGCCGCCAAAGAAGATAGAAAAAAATTAAAACCCCTGCCATTATAATACCGACTATGGGTATTATCGAAATAATAATTTGAGCTGCGGGAACAGGATTGTTATTCATAATTATAAACTCCGTTATTCCAAAATTATAAATTCCTTAAAATATATCCGCTGTATTTTCGATAAATTCAATATCGAGTTGACCGCTTCAAGAAGTTCTTTTTTTACCGTTTGTTCAGGCATAGTATAAAGTTCAACCGCATCTTTTTGCGAAAACCAGTTTAATATTACGGTTCTAAGCTGTTCTTTTTTTTGTACAAGTTCTTCCCGAAACTGCGTATCTTCGGTATTATACTCCAAAACGGGAAAAATTACAACAGTTGCGGCTTGCTTTTCCGAAGTAACGGCGCGAAGCCTTCCTAAATCGGTGTAAAGAGACTTATTTCCTCTGATTAAAGAAGGCTCTTTATCTTGCTTTTCGGTTTTTTTTTCTTTTTTTAAAAACGAAAAAAGCGTCCCTGCCGCAATTACCGTAATTAAGATAAAAACTGTTTTTACCAAAACGGAATAAAGAACATATTTTCTTTTTTTTTGCATAATCGGCCGGTATTAAAATATTCTTGCACAGCCTGTAGGCCTTGCTTTGTACAATAACGGTTTAAAACCGAATATTCTTTCGTAATCGTCCAGTTTTTCCGTATAGGTAAGAGCGTCTTTTTCACTTATTATAGTATAAGTGCAGCCGCCGAAACCCTTTCCGGTCATTCTGGCGCATACTACATTTGTAGAAGAAGGCTCTATAAATTCAAGCGAACGTTTTACAATCCAATCCAATTCGGGACAGGAAATTTCAAATCTGTCGCGCAATCCTTCATGCGAGCGGTTTAATATTCTTGAAAGCATAACGTTATCGTTGCGTTTAAGAGAGTCTACCGCGTCATCTACACTAAGCGATTCGCGTATAATATATGTTACGCGCCGCCTTACCGATTCGGGGATATCCAGTTCTTCAAGCATTTTTTCGGTTAATTGAGACATATCCTTAGGCATATCCGGTTGTTTTTTTACAAGTTCATAAGCGTCTATACATTCGTCAAGCCTTGCTCCCAATTCTTCTCTTGCGATGATACGCGGAACCCTTGAATCCGTAAGAATAATTGAGTGACCTTCAATAGGAAACGGATAAATTTCCGCAGTTTTTTTTCTGTGGTCCGTTCTTACGCAATGATTCGCCTTTGCAAATAAAGCGCATAGAATATCCGCTCTGTGAGGATATGTGTTTAAGTGTTGAGTGTTCGCATGTTCAAGGATATCTACAAGGTCGTTTTTTGAAAGTTTAGGTGCAAATAGTTTTCGTAAAATCAATGCAACGGCCGTTTTTAAAGCATTGGGAGTGCCTAAGCCCGCATCGGAAGGTATTTCGGAAAGGATTGTAAAGTTTAACCCCGAAATGGGGTACCCTGAATCTATAAAAGCCGCAATTACCGCCTTTACCGAATTGGCCCACCTGTCTTCCTTTTTGTACCTTAAGCCGGAAGAAGAAATCTTTTTCCGCTCATTTAACGAAATGGAAAACAATCTGAAATTGTTATCCGAACGCCTTGAAGCGCACACGTACAAATAATGGTTTATTGCCATAGAAAGTGTATTTCCCTGTGCAAACCATGTATGCTCACCTAATAAATGGAACCTGCCCGGCGCTGCGGCGCAGGCTTCAGGTTCGTCTCCGTACTCGTCAATATGAAAAGTTACTATTTTTTGCATACTTATATAATACTCGTTATCTTGATTTTTTTCAAGAAAAATGTTTAAATAGATTGAAAATTTATGCATTTTTTTTTGTTTTTTTCGGCAATTTTGTGCTCAAGTTTATTATTTTCCCTCGGAATTCCGAATGAATTCTTTAATTTCGGTTCGGCGGCGGCCGGATTTTCCGCATTGGCCTTAGTGTATTATGTTTTTTTAAATTGCGGTTCATATAAAAGGGCCGCAATATTATACGGAATTTTTGCCGCCTGCGTACAGCTTTTTGCAAGCTATTGGCTTGCTTTTTTTGAAGACTTTGCAATTTTTACTTTGGG
NZ_CP061839.1_gap47	1438037	1440670	2633	CAGCATCTTATAAAAAAAGTTATACACTATATAGGTATTATAGTTATAATTTCTACCGTTTTTAAAAGACTCGGCATTAATTTAACCGCTTTATTGGGTGCTGCCGGTATTGCAGGTATTGCAATAGGTTTTGCAGCTCAAACTTCCGTTGCAAATGTTATTTCGGGTCTTTTTGTTATGGGTGAAAAAGCTTTTGAAATAGGAAATATTATTCAGATAAATGATATAATGGGTACCGTAGAAGCCATAGACTTGTTGTCCGTTACTTTAAAAACTTTCGACCATCAGGCGGTACGTATTCCGAATGAAACCGTTATAAAAGCGAATTTAATTAATTATTCAAGATACCCCTATTGGCGCGTAAAAATGGATATTTCGGTGGCATACGGCACGGATTTAAAAAAAGCTGAAGAGGTTTTACTGTGTGCTGCAAAAACAAGTGAATTTACTCTTACCGACCCGCCTCCCTTTGTGCGGTGGAACGGTTTTAAAGATTCCGCAATTACTTGTACGCTGCACGCATGGGCTTTAAATGAAAATTTCGGAAAATTGCAAAATGCTCTTTATCTTGCCGTAAATGAACGGTTTAAACAAGCAGGAATTACAATCCCGTTTCCGCAGTTGGATATACATATTGATAGGGAGGGGCAAAGTACGCCTGATGAAAATATGACGGTATAATTACGGAGTATTTTTATATTTGTCAATATATTTTAATAAATTTACATCTTTTTTAATAAAAATACTTGACTATTATTATACCGATATTTATACTCTTTATGTTTTAATTATCTTAAACTGAAGAGGTTGATTATGTTTAATGCGGGCCTTTTGTTTTGGGGCTTTTTAATCGTATACGGACTGGTAATGACGGTTTTTTCCCCTAAAGCTGTAAGTTTGGGCGGTTTTTTTAGAGGAGAGGATAAAAAAGGTCGGGAAAGTTCTCCTTTTATGTTGACGGCAAGTATTTTTATAAGCTGGATATTTGCAAAATCGGTTACCAATGCGGCAAATTTAGGTGCCGCATACGGCATTGTCGGAGGTATAGCATATGCGATATATTGGCTTTGTATTCCGTTGGCGGGTTTTGCAATATACAGATTGCGTAAAAAATATGCCGCTTCCGGTTTGGTAAGTTTTTTAACGGATAACTACGGTAAAGGAGCTGCCATAGCTTTTTCCGCAGCAATTTTAATACGTTTGTTTAATGAGGTATGGAGCAACACTTCGGTAGTAGGAGGGTATTACGGTAAAACGGGAAGCGGCGAATTTATTATAGCTGCAAGTCTGTTTACTCTTATAACTCTTGTATACTCAATGCGCGGAGGCCTTAGAAGCTCTATAGTAACCGATGCAATTCAAGCTGTTATTTTCGTATTCTTCGTTGCATGGATAATAGCTATTATTCTTCCAAATCATTCAATAGGCACTTTTATAAGTTCCGGTAATTGGAAATTGGATGCAGGCGTTGATATGCTTTTAGTTTCCGTTTTGCAAATTTTCAGCTATCCGTTTCATGACCCGGTACTAACCGACAGAGGTTTTATTTCTAATGAAAAAGATATGCTTAAATCGTTTATTATCGCAGGTGCTTTAGGATTTATTGCAATTTTAGTATTCAGCTTTATAGGCATTCACTCTTCTTTAAACGGCTTGCCTTTATCCGGCAATGTTCCTGCTGATTTGGGAAAATCTTTAGGTATAACCGCATATTTTGTAATGATTGCCGTAATGATATCCGCAGCGGGTTCTACTCTTGACTCCACGTTTTCCAGTTTGGCAAAATTAACCGCATATGATTTTCCGCGTATGAACGGAAAAGATTTAGGCGCTAATGCCAGAAAAATAGGAATGGCAGTTATGGTGATAATTGCAGTTTTGGGGAATCTTCCTATGATAATCGGTACGGATATTTTAAAAGCAACCACTATAAGCGGTACTATGATAATGGGTTTGGCTCCCGTGTTTTTACTTCATGGAATTGTAAAACCCACAAAACTCGGATTTCACTTAAGTTTTTGGAGCGGAATTATTTTGGGTTTTGCTTTTACGTTTAATATGCTGCCTGAGTTTTTAGCGATGGGCACGGGGAAATATGCGTTGCTTTTAGGTGCTAATTTTTACGGTCTTATTTTGTGTACGGCGGGATATATATTGCCCGGTATATTTTGCAAAAACACAGTTAATTGATGTTGAAAGAATTTGCTTGGATTTCAACTTTTTAATGAATTTTATAATAAAATACTATGAATATTCCCGGAAGAACCTGTCCTATGGATTACGGTATTGATATACAAACTTTTTCCGATACGGCTGCCGACATTAAAACCGATGCCTTATATGTAGTAGGCGGATTATACGGTAATTTACAGGCTTTGGAAAAAATTTTATCTATGGCATACGAAGAAAAAGTAAAACCTATAATAGTATTTAACGGAGATATTCATTGGTTTGATAAAAATATAAACGATTTTAAAAAAATTGAAAAAATAGTTTTACGGCATCTTCCGCTGCTGGGTAATGTGGAAGCCGAACTTGTAAGAAACAATGATATAAATGCGGGTTGCGGCTGTGCTTATCCTTCCTGTGTAGATGACGATACCGTACGGCGCTCCAATTTAATACATTCGGAT
NZ_CP061839.1_gap48	1465363	1469015	3652	TATTATGAAAGATAATTCGGATATTTATTTTGAAAAAAGACTGCGTTTTTTTGCGGGTTTTGTTTTTTTTATTTTAGCCGTTTATTTGTACAAACTTTTTTCCATGCAAATTATTAACGGGGAGCAATTTAAAAAAAAATCGGAAAATATTTCACAAAGAAGCACCCTTATTCCTTCTCAACGCGGGGAAATATTTGACCGTAATGCAAATACTCCTCTGGTTTTAAATATAGGTTCTTTTGCAGTAGATATTACACCGGGACAGGTTCCTGCGTCCGAATTTTCTACCGTAATTACACGCCTCAGCTCCATTTTAAAAATTTCCGCTTCTCAAATTGAAAAAAAACTTCCCGTTTCCGTAAGAAAAGATTTTAGAAAAATCGAAATAAAATCCAATGTGGAGTACGAGGAAATTATTCAAATTGCGGAAACACTTGATTCTCTTCCCGGTGTCTCATGGCGCTCGAAACCGGTACGTAATTATGTGGAAACCCGCTCTTTTTCTCATATTATAGGTTATGTAGGAGATATTACTTCCGAAGAGCATACGCGCTTTTATAATAAGGGGTATACTTCAACCAGTATTATCGGTAAGGCGGGAATAGAAAAACAATATGATGAAATTTTGAGAGGCACGGACGGGGTTGAATACAGGACGGTTGATGCAAAGGGCAAGTATATAGAGAATACTACCGTTGTTTATCCTCCTAAAATGGGGCATAACTTGGTTTTAACCATAGACGGAAAAATTCAAAAATTGGCGGAAGATGCTTTAGGGCCCAGAATCGGAGCCGCCGTAGTTTTAAAGCCTTCCACGGGAGAAGTTCTTGCAATGGTTTCCTATCCTTATTTTGATCAAAATATTTTCGGAAAAGAAGATTCGGGAGCTGCCGTAAAAAAATTATTTGCCGATTCAGATAATCCTCTTTTAAATAGGGCAATCGATGCCGCTTATCCTCCCGCTTCTACGTTTAAAATTATAATGAATACGGCAATATTAAATGAAAAAGCCTTTCCTCAAGATAAAACGGTTCAGTGTTTGGGTGAAATAGAATACGGCGACAGGCTTTTCAGATGCCATATTCGAAAGCCGGGGCACGGTAAACTTGCTTTAAATGAGGCCTTGGCAAAATCCTGTGATATTTATTATTGGACGGTTTGCCGGGATTATTTGGGTGCGGATAAAATAGTGGATTATGCGGAAAGGTTCGGTTTGGGAAAATCGGCAAAAATAGATTTACCGAGTCAAGCGCAAGGCTTTGTTCCTTCTCCTAAGTGGAAAGAACGCCGTTTCCATGAAAAGTGGCTTAACGGAGATACTATGAATATGTCGATAGGGCAGGGTTTTACAAGCGCTTCTCCTTTACAGGTTGCAAATATGACTTGTATGGTTATAAACGGAGGCACTATTTATAAACCCCATCTTCTTAAAGAGGTTAGAGACCCCGCTACAGGTGAAGTAATAAGCGAGATTGAACCTGAGGTACTTTATAAAGAAAATATTCCTTCTGAAATTTTTAGGCAGGTGCGTTCGGCTATGCATCTTGTAACGGTTCAAGGAGAAGCCCGCTTTCCTATGAAAAATCCGCGCTATCGTTTTGCAGGGAAAACCGGAACTGCCGAAGTAGGTTTGCAGGACAGATGGCATTCTTGGATGACCGCTTACGGTCCTTATGATGCTCCGAAAGATAATATTATTGCGGTAACGGTTATAGTAGAAGCTAAAAACGAATGGGAATGGTGGGCGCCTTATGCTGCAAATATTATTTTACACGGGGCACTTTCAAATCAAAGTTATGAAGAAACTATAGAAGTTTTAGGCTTTAAAGATTTACCAGCCGTTAAAAGGAGGAACGAATGAATTTACGTAAAATTACAAACTTTGATTACCTGCTTTTATTGACGGTTTTATCTTTGTCGTTTATAGGAATTTTATTTATTTATTCTTCAGGTGTAAATTCGGCAGGCGTGTTGGTTTCGGAAGAATATAAAAAACAAATACTGTGGGTTTGTACCGGAATAATTTTAATTATTCTATCAAGTCTTTACGATTACAGAAAAATAAGGGATAGAACTTCTTTAATCTATATAGCTGGAATTCTTATTTTAATATATACGGTTATTTTCGGAGCTTCCAGAAATCATGCAAAAAGCTGGCTGGGCTCAAAGGAAATAGGGGTTCAGCCTTCCGAATTTATGAAAATAGTATTTATTATTTTTTTAAGCTATTATTTGGATAAATCGAAAAATGAAAAACCGTTAAAACGTTTTATAAAAGCTATTGCTATTATGTTTGCGCCTATGCTTCTTATTTTGGCACAGCCCGATTTAGGCACTGCAAGCGTTTATATCCCCATATTTTTGATTATGTGTTTTATTGCCGGTATTCCTTTAAGGTTTTTAACTTATTTTTTCTGTTTCGGCATACTTACCATTATTTTTACACTGATGCCTCTGTGGGAAGAAGTTATTTTAAAACAGCCGTTCGTTATGTCCAAGATATTAAAGAATTCTCAAATTTCGCTTATCATATTTTTTTCACTCGGAGCCTGCGTAATTATAGCTATGATAGGAAACGTGGTTTTAAGACGCAGATATTATTATTGGATTGCCTATATTTTTTCCATTGTTACATTTTCTTTTGCCGGGTCTATTTTAGGAATGCGAGCCTTAAAACCTTATCAAATGATGCGCTTAATTATTTTTTTAAATCCGGAAGTGGACCCTTATGACAGCGGCTGGAATATAATTCAATCGATTACGGCAATAGGCTCGGGAGGTTTATCAGGCAGAGGTTTTTTAATGGGGCCTCAAAGTCATTACAGATATTTGCCCGTACAAAGTACCGATTTTATTTTCAGTATTCTTTCTGAAGAATGGGGTTTTTTCGGCGGAGTTTTAGTATTTGCTCTTTACGGTATTCTTTTTTTAAGGCTTTTTATTTCAATTAAACGGTGCGAAGACTTTTTCGGTAAACTTATTATTTCAGGTATTTTAACTATGTTCTTTTTTCATTTTATGGTTAATGTAGGAATGGTAATGGGAATTATGCCTATTACGGGAATTCCCCTGCTTTTTTTATCTTACGGAGGTTCTTCTTTATGGACTGCCATGATTGCAGCGGGAATTGTTGCCGGAATCAATTTAAGACAATTATAAAGTAATAAAAAGATAAAAGCTCTTATCTTATTGTATAAAAAAACCAAAAGATGTATAATTACTTTGATATCAAGTAGGAGAAGTTGATGAATAAAAAATTCTTTTTTGTTTTATGTCTGTTTGCATTCTGTTCTACCGGTCTTCTTTTTGCCGCGGGCGAGGTAACCACGGACGCTCAAGCAAAAGTAGCTTCAATCCGCTATATTTCCGCCGCTCTGGCAGTAGGAATAGCCTGTATAGCCGGAGGTATGGCGGTAGGGAAAATAGGAGCTGCTGCGATGGGTGCTTTAAGCGAAAACCCCGAAGTTTCCGGTAAGGCAATTCCCTTTGTAGGGCTTGCTGAAGGTATTTGTCTTTGGGGCTTTATAGTTGCTTTTTTAATTATATTTTTATAGGCAATTTAAGTGTCGTATTGCATTATAGGCGAGCGCGAATTAGTGGTAGGCTTTTCTTTAGTAGGTGTAGAAGGGTTTACCGCTAATTCGCGGGAAGA
NZ_CP061839.1_gap49	1628915	1629445	530	CCTGAAAGAGTTGCGGCTTTCCGCTCAAGGGTTAAATAATCAAGTCCTACGTTTTTCATAAAACTTAGGCGCGAGGTTATTTCTTTTAAAATTTGTTTTGCAATATGCTCTTCCGTTTCCGTTAATTTTAAATTTTCAAAGAATTTAATCGAGTCGCCTACGGAAAGACAGGTAAGCTCGTAAATATTTTTTCCGCCTACGGTTACTGCCAAGGCTTCCGGTTTTAACCTTTTTCCGCCGCAGGTTTTACACGGCTTTATCGACATAAACTTTTCGTAGTATTCCCGTATTGATGCGGAATAAGATTCATTATACCGTCTGTTTATATCCGCCATAATTCCAATCCATTCGCGGTTATAAGAATGCTCTCCGCCCGTATGTTTTGAAGTATACGAAAAATGAATACTAACTCCGTCAGAGCCTTCCCAAATTATGTTCAATATTTTTTTAGGCAATTTGTTAATAGGGGTATCAAGCGAAAACCCGAATTCTTTTGCAAGGGCTTCAAACCTCGCCCTGTTCCAATCCGA
NZ_CP061839.1_gap50	1631088	1635589	4501	TATAGTTTTTTCGGAAAAACTTAAAAACGAGGCCATACAAAAATATAAATTTAATCCCGACAGAATTCATAAGTTTCCGATTATGCTTTCACGTAACTTCGATACGAAGTGTACGCAAGAAGAAAAAATAAAAATAAAAAAACTGCACGGTATACCGGAAGATAAAAAAATAGTCCTGATTGCCGGAGGCGGCGAAGGATTAAAAAAGGCCGTCAAAATAGTGCATAATTTTATAAGAGCTAAAACGGATTCCTACCTTATTGCGGTATGCGGTAAAAACAAAGAATTAAAATATACTTTGGAGTATTTAGCGAAACTGGCAGGATTTAAAAATATAAAAATCCTCGGATTTGTTCCTTTTATGAAAGAGCTTATGAATATTGCAGACTGTATTATCACAAAAAGCGGCCCCGCTACAATTATGGAAGCGCTTTTGATAGGGAAGCCGCTTATTCTTTCCACTTATGTCCGCGGTCAGGAATGGGGAAATTTATTATATGTTACTCAAAATCATGCAGGCTGGTACATTCCCGAACCTAAAAAAATTGTAAAAAAAACTCAAGAAATTTTTTCCGATGATTCGCTTTTAAATGAAATATGCTCCAAAATAGAAAATATGGATATAAAAAACGGCCTTAAAGATATTGCGGAATTTATTTACAACTTTTAAAATCGGAGCTTATAAAAAAAGGGTTGCCATAAAATTATTTGTGTGATACAATTACCGAATTATGAATATTAAACGAGTTTTTTTTAATACGGTAACCGAAAAACTTTTTATTTTCAGCTTTTTATTTTTTTCTTTATGTAATTCTTATACTGAAGAAATATCCTCTTATTCTAAAATTTTATATGAATATGATTCGATTTTTTATGATGAACTTCATCTTACTTCTTTGGAAAGCGGATATGTATGGCTTTCATATAAAAAACCCGCTTCGTATGCCGAATTAAAACTTAACTTTGACGGAATAAATGAAAAAGCCTTATCCGAACACGGGAAAGTCTCTTATGAAAACCTATATAACATGTTTTATAAAAGTAAGCCTCTCCTTTCGTATGAACAATTTGCCTTCGACATAAATTTAAAATTGGCACTGCAAGCTCAATATTTGTATAACGGCGAAAAAGAACCGTTTATCAATAAATTCCACAGATATAATAAAACACCTGAACCTATCGCCGTTCCGTTTGAATTTTATTTTTCTCAATATGTTTATCTTTATTGCGTGCCCGTTTTCGGCAAAAATTTTTCAGGCTCAATACACTCCTATCCTTATACGAATTTACCCCTTGCGGGGAACGCCATGGATTATCACTTCCCGAAAAAGACGGGCCTTTCAATCGGAAATAAATTTTTTAACTTTCACATAGGACGCGGAAGGCTTAATGTGGGGAGGACCTTATCAGGCGGAATGATTATATCCGACACCCCGGACAGACTTGATTTTGCCTCAGCCTCACTCTTTTTTAAATATGTAAAACTTGATATGACGGTTGCGGAAATAAACCCCACCCGTTTTTTTATAAGTCATGAAATAAGCATACGTCCGTTAAAACAATTTTCCGTTACTTTACATGAAGGAATAATTCTTAATTCCGTATTCGACCCGCGATTTTTAAATCCGTTTATGATTTTTCATAATTATGCACCTTGGAAAGACCCTTACATAAACAATAACTACAACGGAAACTTAATAGGTTGTCAATTAGGCTTCGACATAAATATAATACCGGTTAAAAATTTAAGAATTTACGGACAATTCGGAATGAATCAGTTTCAAACGCCTTCGGAGTTAAAAGGCGGTGCAAATAATATCCCGAACAGTATGGGAGGCATAGCCGGTATTGAATACTCAATTCCTATGCAGGCCGGTTATTTAACTTTAAATACCGAATTTATGTATGCCGACCCTTGGCTTTATATCGGAGATACGGGCAGCAAAAACAGTTTTTCGGCAAGCAGAAAAGAAAACGTTTATGCTTCGAAAACTTATGACACTTCGGAAATAAAGACATGGCTTACAAATCCCTACGGTCCCGATACACTTGCGGCGTTTTTTAAAGCGGATTTTAACTCCCCTCATAAATACCGGGCGGCTTTTACATACAGATTTTTATGCAAGGGCGAAAATGAAGAAAAATTTTTTAACAGTATAGATAAAGGAGAATATTATTACCCTATACACTATAAAGAAGGAGTAAAAATGGCCAAGTGGAAAACTCCGACGGGTACGGTATCTTACTTTCACACTATGCAGCTTGAAAGTTCTTATACAATTATAAAAAATTTAAATATAAATGCCGCCCTTTCATGGACGATTGCCCGCGGAAAAATAAACGGGCATTCTGTTGACTTTTCGACATATATAATGTATTCTCTGCGGTAAACTATAATTTTTTTAAGGAAATAAAATGAAAAGAAAATTTATTATAACCTGTTTTTTATTTATTTGTTTTTGTGCATTTACTCAAGTTGCCGTAGATGTTTTAGACCCTTTTTATGAAGATGTAAAAATATGGGAAAATATGAGGCTTATAAACGATACACCGTCGGTACGCCCCTACCCTTTACAGGAAGTAAAAAGAATCCTTGAAATAATAATTGAAACCGGAGATGAGGGTCAAAAAAAAATAGCCGAAGAGCATTATAACAGATTTTTCGGCAGAGCATTTCACTTCGGAGGAAAAACCGAGTTTACATTTAAATTTCCCGATAAAGATTATGAAATAATACTGTCGCCCGTAATGGATTTAAACTACGAAATACATAAGTATTTAACTATATCCGCAAATATAAATGCTTATCTTACAAATAAACTTCCGTACAATTCGCCGCAGCCTGCATTTATGTATTCAAAACACGATTTGGCAAGCGATGACGTAAAAGTGGGAAAGCTGTATTTTCTTCCCGTATTTAACTCAGGCCTTTCAATAGGTACACCCGAATACTATTTTACGGCAAATATAGCGAGAACGGATTACGGACCGTTTTATAAAAACAATATTATTATAGGCTCTCATGCTCTTCATCAGGGACAATTTAATTTTGCAGTAAATAAACCCAAATGGACTTATGAACAAACCTTTCTTACTCTTTCTCCGACAGATGATACGGGAAGGTCTTGGCTAAATCCGAATAAATTTTTAGTTGCACATTCATTAAATATACGTCCTCTGCCATGGCTTTCTTTCGGTTTAGTCGATTCCGTAATATACGGAGGAAGATTCGAACCTATTTATCTGCTGCCGTTTTCGGCTTTTTTTGTAAGTCAGGGCTTATACGGTTTCCCAGATAACAGTTTAATCGGAGCGATGTTTACCGTTAAACCTATAGACGGTTTAAGATTTGACGGAGTTCTTTATGCGGACGATATCGGTTTTAATGAAATAATCAAATTCGAAAAAGATGCAAAATGGCGGTTGGCGGGTCAATTCGGAACATCTTATACAATGCCTAAAACCCATTGGTTTACATCGGTGGATTTTCATTATACCTTTGTAACACCGTATACATATACACATTATGACGGGAATAGCATAACCTCGATAAATTATCAAAATTACACACATGCAGGTACTCCGTTAGGCAGCAATTTACCTCCCAATTCCGACAGAATTTACCTTAAACTGAAATTCCGTCCTGTGCACGGGCTTTCGATAAATTTATCCGAAACCTTTATACGACACGGAAATGTTTCTGAAAGTATAGAAGACGTAAGTGTATTACGAGCTTATTTTTCGCAAGAGCATACAACGGACGGCTCGGCTTTTAACCATTCATATGCTCATGGAGCGGGTACTCATTCATTTTTATATTCAACCCCCTTTATGAAGCAAAAAACAATTCAATATGTAAATCAGCTAAATCTTGAAACCTCATACACATATCCCTTTGCAAAATCCGGAGGGAATATGCAGTTTAAGATAGGCTATACTTTTGAAGCAAACATAAACGGCGGTATAAACAGTAATATCTATAAAAAAACCGATACGGTATTAAGTTCGGACGTGGAAATTAAAAAAGAGCAAGATAGACAGCGGGGCGAATGGAAAAAAAATGCCGTAGGAAAACAATTTAATCACTTTTTAAATTTTGCAATAAAAATTACGTACTAAGCGGTGTAAAACTTAAATTTTTAAAAGATGCACCGAATTAAGGCTTATAAAAGACAATCAATTCCCTCTTGATTTTAAGACGATTTTAAAGTATACTCTTCTTTAAGGAAGCATCGATAACCTTGCAACGGGTTATCTATGCTTTTAAGGAAAAGTTAATGCTCGAAAATTTATCGGTAAAAAACATAGCTCTAATTGATAATCTCTTTGTCGAATTCGAAAACGGTTTAAATGTTTTAACCGGTGAAACAGGCGCCGGTAAATCAATATTGATAGGCTCGCTCACGGTACTTTTGGGCGGAAAAACCTCTACCGATATAATCCGAGCGGGAACAGATGAAGCCGCAGTTTCAGGAAGTTTTTTTATCGGTGCGGAACACAC
NZ_CP061839.1_gap51	1685225	1686775	1550	TTAAAATATAACTCATTCAATTTAACTTCGTCAAAAGGATTTTCCGTCGAAATTAAAACCGATGTAAATGAAGAAGTAACCGGCATAATTTTTATACCTTGTTCAAGAGGAATAAAAACCCATAAAGAGTCCAATTCCTGATAACCTGAAGAAATAATACCCGAAACGGTAAAAGAAGAAACCTTAGGCACGGTGTTCCCTTTTTTATTTTTATTTAAGGTTATAACCCTGCATACATCACCGGCTTTTAATTCAAGGGATTCTGCAATCTTTTTTCCGAGTATTACCGAGCGTTCCGTTTCAAATTCCAATTTTCCGTCTATAATTTTAATTAATTTTTTTACATTGCCGTTTTTTAAAAAAAATTCAGGCTCAATCGCTCGTATTGTCCCGCCGCTCCTTCCGTTTTTTCCGATAATTAAACCGTTTCCCTGCCGCTCAATCCAAGCATCTTTAAAAAAATCATTTTCAAGATTTTCCGAAAGAATTTTTTTTGCTTCTTTTTCCGTCTCACAGTTTTTTAATTCCGAAAATATACGCATATTTACAAGCTGCAAATGCCCCGTTCCGAGTTCTACAGTTCGGGAAGTAATACCTTCAATCATTCCGTCCGAAACTATAAGCACAACAACAACGGGAACAATACTGATTCCAATTCCCAAAACCGCACCGAGCAAACTTTTACGTGCATTTGAAACGCTTTTTCCCGAGCCTATTCCCAAAAAACGGAAGGCCATGCTTATAAAAACAAATTGCCTCATTTCAAAGCCGCTCCTCTTCTCCGAACCTTACCTGCACCAGCTTTCCGTTTTTAAGCCGATAACAGACATCGGTCAATTCGGCAATTTTAGCATCATGCGTAACTACAACTAATGTTTTTTTATGCTTATCCGCTACCGAAAACAAAAGATTCTGAACGGCTTGAGCATTTGCGGGGTCCAAATTACCGGTAGGTTCGTCCGCCAATAAAAGCGAGGGTTCATTTATTAAAGAACGCGCAACGGCAACACGCTGTCTTTCCCCTCCTGAAAGCTGCATAGGGAAATGCGATGCCCGTTCCTGAAGTTTTACATCTTCCAAAAGAGAAAGAGCTTTTTCTTTTATTTCCCGTTTGGGTTTTCCGGCAATTAAGGCGGGCAGCATAATATTTTCCAATGCCGTAAAATCTTTTAATAAATAATGAAACTGAAATACAAGTCCCAAAAAAGAACTTCTATATTCGGTTAAAGATTTTTCATCAAGCAGGTGAACTGCATATTGCCTCCCGGTTTCTTCAGGAGAACCTGCAAATATTTCACCTTCATCAAAGGATTCAAGCCCGCCAAGAACATTTAAAAAAGTACTTTTCCCCGAACCGGACTCGCCTATAATGGAAATCTTTTTATTTTCTTCAATTGTAAAATCGAGATTATCTAAAATTACAAGTTTTTCGTTTGCAGATAAAAAAGTTTTTGTCAAATTTGAAATTGAAACTACAATCTTACTCATAACGCATTACCTCCGCAGGTTTAAATTTTAAAATACGCTTTGCGGCAATAAGGGCTGCCGAT
NZ_CP061839.1_gap52	1696994	1700591	3597	TTTAAAGCCTTATATTCCGTACCGGAATTCGCAGCGGTTACCGATACTCTTACGGGAGTTCCTACAAGCTTTTTTGTAGATAAAAAAGGTGCAATCGTTAAAGGTTCTTTCCATACGGGAGCCTTGGACCTTGAAGGTTTTAAAAAATTCTTTGACAAGCATTTAGGTATGATGATGAAATAAGCCGAGGCTTGTAAGCCGGGAGATTTTATAATCTTTCGGCTTATTTTTTTATTCCGTAAACACAAGGATATTAAACCCTTATTTTATAACCGTTAATTCGCCGCTCTGATATGCGGGCATAAACCTTTTTTCAAATCCCGTTTCAAATTTAACGCTTATAACAAGCTCCCCTTCCGTTTCTTCCGCTTTTATAATTCCGCCGTATCCGTATTCATCATGATAAATTCTTACCCCCTTTTTCCACTTGCCGTTTAAAGGATTTACGTTTTTTGGCTTCTTTATAGAGGAAATATCTATTTGTTTCCCGTACGGATTTTCTTTCAGCGAATAAGTTTTCTTTTTATACGGGTTTGCGTTAAGCTCTTGTCCGTAAGCATACTCATTTTTTTCATCTTCATCATTGTAATCATTGTAATTCCCGTTATTACCGTACAAACAGTTAAAAAACGATGAAGACATGCCTAAAAACTTTACAAGGCTTTTTTCGATTTCAAAAATAAAGCGGCTGGGCTGCATAAACGAAAGGCTTCCGTAAAGACGGCGCGAGGAACAAGTTGTCATATAAAGCATATCTTTTGCACGGGTACATGCGACATACATTAAGCGCCTCTCTTCTTCAAGTTCGTCAAAGTCTCCGTTGTCGCGGGGAAAAACTCCCGTTTCAAGGCCCGTTATAATAACATTTTTAAATTCCAAACCCTTTGTATTATGAATAGTAATTAAATTTACCGAATCAATATTATCGTCGGTTTCCGCAAGACTTCTATCCAGCTCTATATGTTCTAAAAACTCCGTTAAGCCCGTTACCGAAAAATCATAAAGAGAGGCGGCATTAGCAAGTTCGTTTAAGTTGGCGGTTTTTTGTGTTCCCGAAGCGGCATCTTCCGACTCGTAATGCTCTGCAAGCCCCGTACGCCTTAATATTTCGTAAATAAATGGAGCAAGACCTTCGCCCTTTTTACTGTAAGCATCTTCCTTTGAATTAAAGTTAATTTCTCCCGTTTCTATAACTTTGCGGAGATATTCCACCGCCGCTAAAAATTCGGTTAAACCGGTTTTTGCTTTTTTTGTAAGCGTAATCCGCTCCATAGACTTTGTAAGAGCCGAAATAAAATCCTCTTTCGGCTCCAAACCGGGTATATCGCCGTTTTGACCGAACATAACGGAGCGAGCCGCTTCAATCAGTTTTGTCTGAGTAATTCCGCCTATACCGCGTGCAGGTTTATTTATAATCCGCCTTAGAGCAATTTCGTCCCTGCCGTTTGCAATTAAGGCAAGCACTGCAAGGGTATCTTTTATTTCTTCCCGTTCATAAAATTTTAATGTGCCTATCACCTTATAAGGAATTTTTTTATGCAAAAAATCCGTTTCAAAATTAAGAGATTGAGCATTTGTACGGTAAAGAATCGCCCAATCGGAATAACGTCCGCCTTTTTTTATATCTTGAAGAATAAGCTGCCCGCACAATTCCGCTTCGGCTTCCTGGTTAGGTAAAAAATAAATTTCAGGCTTTTCTCCGGAACCTCTTTCGGCATATAAAGTTTTTCCCAACCTTCCGGAATTTTTTTTCACTACCGAATCGGCAACGCTTAATATTTCGGAATATGAGCGATAATTTTTTTCCAACCTTATTATTTTGGTATTTTTAAAATTATCTGCGAAGGTTAAAATATTTTGTACTTCCGCTCCTCGGAATCTATAAATGGATTGGTCATCATCTCCTACAACACAAACATAAGTATGTTCCCCGGCAAGCTGCTTTAAAAATTCAAATTGAGCTATATTGGAATCTTGATATTCATCAACCATAATTACCGAAAATCTGTTTTGCAAAGAAGCCCGTATTTGAGGAATTTCTTTTAAAAGTTTTACGGGAAGCATAATCAAGTCCCCGAAATCGGCATTCCCCGTTTCTTTTAAACGCTCTTGATATCTTTGATATGCTTCGGCAAATTGAGGATTGGTATCTACCTCGTGCAATAAGGGGTTATCAGGTAAAAGACAATAATCTTTTGCACGGGATATTTTTTTTATGATTCCCCTGACTTGATTTTTTGAAAGACCGGGCATTGCCTGCGATAAAAGAGAACAGGCATCTTCATCATCGTAAATGGTAAAGTTGGGGCTTAACCCTGCCGCCTCGGAATATCGGCGCAAAATCCATGCACCGAAAGAATGAAAGGTACGGATTAAAGACCTTCCGGCTGCCGGCTCCAGGGCTTCCGCCCTTTCAAGCATTTCCCGTGCAGCCTTGTTCGTAAAAGTTACCGCTAAAATTTGCTCGGGTAATATACCGCATTCGGCTATAAGCCATGCAATTTTCGTGGTAATAACCCGTGTTTTTCCGGAGCCTGCCCCCGCAAGAATTAAAAGAGGTGCTCCCAGATGTTTAACGGCTTCAAGCTGTTCCTTATTTAAAATTTCCAAATAATTTAACTTATCCAAAACCCTTCTCCGCATTTTTCTTTATTACCGTAAGTAAAAGATTTGCAATATTTACCGCAAACCGAAGGTATTTTAACATCTTTTTTGATTTATGGAAAGATATTGCTTTATCTTCGCTTTTATGATACAATTTTCGTCTTACGTAAGGAATAAATCAAAAATGATAAGATTGGCACAAACTGAAGATATCCCCAGAATTGCCGAAATAAATATAGCGGGCTGGCGACATGCATATATAGACATTGTTCCGAATGAATTTTTATTTAAAGAATTGTCAGTTTTAAAAACCGTTAAAAACTTGGAAGAAAATTTTATGTCGGAAAAAATTCGGTATGTTTATGAAGACGATAAGGATAAAATAATTAAGGGAATGTGTATAGTGGGGAACTGCCGAGATGATGATACGGTTGAAGGCTTTGAACTTATGGCAATTTATATCGAACCCGCTTTTATTCGCTGCGGTATAGGTACGGAATTTATTAAACATTTTGAAAAGACGGCTCAAATGCAAAATAAGCGTGAATTATATATTTGGTGCCTTGAAAAAAATCGAAATGCAAGAGCTTTTTATGAAAAGTTCGGATATAAATTAGACGGAAAAACAAAAATGCTTGATAGGATAAAGGCTTTAGAAGTCAGATATAAGAAAATTTTAAACTTATAAATCTAAAATACGGGATAAACCTTGTACGGAAGTTACGGAACCGGCTAAAAAATTTTTAAGTTTTAGACGGTCCCGTTACTTTGCAGTATAAAATCGGCAAAAAACCGTTTTATACTCCGACATGAAGAAAAATTAAAACACATTTTAGGGTGTTTAAACTACTCCTCCTGTTCTTCCATAAACGCTTTCGCTTCCGCAATTACATCATCGGCAACCTTGCCGGAAATAGGGTCGTAGTGGTCGAATGACATTTCAAACGAACCCGTACCGCTTGTCATTGAACGTAAATCTATTGCATAGCGTAA
NZ_CP061839.1_gap53	1718721	1721035	2314	TATTTGGATCTCAGTGCTACATCAACCTTAATGCCTTTTTCTATTTCAAAGTTAAATTCGAGGCAATCATTTTTACCAGCCGGAAGTATCTTATATTTTTCATTTTGAAACAAAATTGCTCCTATATCTTTTTCGATAAGAGCGATCCATGGTTCTTCTGTTTTAGTTTCAACACCTGTTGAATTTTGTACAACAGTGCTTGGTTCGTTTTGCACTTCTGTTGCAGTTTCCGTTTCCCTTGTAATGCTTTCGTTCGTGCTTACCTCAGTGTTTTTACTGCACCCAACAAGCATTCCCGCCAATGCCAATATAAAAGCCAGTTTTTTCATACGTTTACTCCTTAATATTAATTTTTATTTTACTTACGATTTGTTTCACGCTATCATACAGTCTATTCAATGTTTGACTCTCTGATTTCCCGTTTGCTAGATTTTTTGCCAGTAAACCTACACTCTCTTCATCTTTCCAGCCGAATGGACCATTGTCGTATTGTTCAAAGTACTGAGGAGCCTCTTGTGCAATGTTGTATGTAAAATTGCCTTTCAGTGGGTCACCCTCATAATAAAACGAAATTTCAATTTTATTTTTTGGTGTCGTTGTAAGATAAGTAATCCAAACGGAAACGGTGTTTTCACATGGACTTTTCAAACTTATTGACTCCAAAAAAGGCTGATTATCTATTTTCACTATTTTGTCATACATAATTGTACTTTCACTATTATCTATATCTACATTTTGAGCTATTGCATTTTCAAATTCTAAAAAAACACTATCCGCATGACGAATAGAATCCTCCATACTATTTTCCAGCTCCTTGATTTTGACAGCACTGTTAATTGTCATTTTCAAGTATTTTTTTATCTTGTCTAAATCAGGGACATATGTTTCTTCTCTCGTTTCAGCAATTTTATATGTAGTTGTTTTGCTATTGATTTCCACTGAAATGCTTTCAAATTCAGGACAGATTGGATGCCATGCGATAGGCTCTTTTTCTGTTGCTGTCACTGCTTGGGGCTCAGTTGAAATATCAGTCTGCTTTATAGTCATCTCTTTCTTAGTTACGTCAGCATTTTTGTTGCACCCAACAAGCATTCCAGCCAGTGCCAATATAAAAGCCAGTTTTTTCATACATTTACTCCACTGTTTTTATTTCAATAGTTTTCATAAAGTCTTCGCATATTTTATACAGCTCCCGTGCAGTTTTACTTTCGATTGTACCGTCAACCATTTTTTGTGCAAATTCAATATATCCAGGTTCACCTGACGGCATTTCCAGTTTCCACCCTCCATTTTCGTCAAAGTACTGTGGTGCTTCTTCTTTGAATTCATCAGCGTCTCTCGAAAAAGTACACCTTAGCATATACATGGGTGTTGTCGTATAATAACTCAATCGAAAGAAAACAATATCACGAGCAAATTCGGTAACCTTAATGGTTCGTTTAAATTTATAACCATTTGTTTCAAAAATACCCCTTTCCTTTTGTAAATACTGGGGCAGCGTTGAAGCCGATAAAACAACTTTTGCATATTTTTGAAACCTTTCCGGTTCCGAAAGCGCCCTCGGATCATCTTCAAAGTTTTTTTGCATAAGTATTGCATAAAACCTCAATCCATTTTCTAACTCAGTGTAAATCTCAAAATAGTCTTCCTTATCAGTTGGAATTATCGTATATTCCCCGTTTTTAAAAGAAATCTCTGTAACTTCTTTTTCAATAAGGGCGATCCATGGCTCTTCTGTTTTAGTTTCAACACCTGTTGAATTTTGTACAACAGTGCTTGTTTCGTTTTGCACTTCAGTTGCAGTTTCCGTTTCCCTTGTAATGCTTTCGTTCGTGCTTACCTCAGTGTTTTTACTGCATCCAAAAAACATTCCCGCCAATGCCAATATAAAAGCCAGTTTTTTCATACGTTTACTCCACTGTTTTTATTTCAATAGTTTTCATAAAGTCTTCACTTATTTTATACAATTCCCGTGCGGTTTCACTTTCGATTGTACCGTCAACTATTTTTTCTGCAAATTCATTATGCCCGGTTTTACCTGAAGGCATCTTTATTTTCCAGATTTCACCTTTTTCAAAGTATTGCGGTGCTTCTTGTTTAAATTCATCACAAGAGTTTTTAAAAAAAGTACATTGCAGTGTGTACATAGGTGTTGTTGTATAATAACTCGATTGAAACAAGGAAATACCAGGATCAAAACGCGAAAGCCAGATGCCATGTTCAAATTTGTAACCATTTCTTTGAACAGCCCAATTGGCATGTCCTAAATATTGCGGTAATACTGAGACAGATAAGACGTCTCTTGCTTTTTTTT
NZ_CP061839.1_gap54	1741379	1744579	3200	CCGGGATTTTTATCGGGGTGATATTTAATAGCCAATTTTCTATAGGCTTTTTTAATTTCATCATTGGAGGCGTTTTTTTCCACGCCCAAAACTTCATAATAATCTCTTTTAGATGACGGCACCGGTTTCTCCAAAATAAAAAATTTAATATGCTTTATAAAGCACTTTATAAAATCGGCACCGAATTATCTTGCCGGGAAGCAAAGGATTATTCAGTGCCTAAATTAAGCGGAAAGACTTTAAAATACAAAGGCTGTCCGCCGGTTAAAAGTTTTAAAAACCCTTTTATATTAAATAGGATTTTACCGCTTATTTATCATTTTCATCGTGTACAACTTCATAATCAACATCATCGGCAGTACCGCTTCCGTTAGCTGAAGAACCTGCATTAGTATCGCCGCTTTGAGCGCCGCTTCCGGGTTGAGCTCCGCCAGCACCCGCATTCGGTCCCTGCTGTTTATACATTTCTTCCGCAATCTTATAAGCAGCCTGCTGTAAAGCTTCGGTTTTTGCCTTAATATCGGCAGTGTCATCGGTGGAAACCGCTTGGCGAAGAGCCGCAATGGAGTCCTCAATTTTTTGTTTATCGGCGGCATTTATTTTATCGCCCATTTCTTTCATTGTTTTTTCGGTTTGATAAATTAAAGAATCGGCGTTGTTTTTAGCTTCAACCTTTTCCTTTTCCAATTTATCGCTTGCCGCATTGGCTTCTGCTTCTTTAACCATTCTGTCGATTTCGCTTTCGCTTAAGCCGCTTGAGCTTTCAATACGTATATGTTGTTCCTTTCCGGTGCCCAAATCCTTTGCCGAAACGTGAACAATTCCGTTTGCGTCAATGTCAAAGGTAACTTCAATTTGCGGAACTCCGCGCGGTGCCGGAGGAATACCGACAAGGTCGAAATTGCCGAGCGTTCGGTTTTGATTTGCCATTCCGCGTTCTCCCTGCAAAACATGAATGGAAACAGCCGTTTGTCCGTCAGCCGCAGTGGAAAATACCTGACTTTTTCTCGTAGGAATTGTCGTATTTCTGTTGATAAGAGGTGTAAAGACGCCGCCCATTGTTTCAATACCCAAAGAAAGAGGAGTAACATCAAGAAGGAGAACGTCTTTTACGTCTCCGCCCAAAATACCGCCTTGAATTGCGGCACCCATAGCTACGGCTTCGTCGGGGTTTACACTCTTTGAACCTTCTTTTCCGAAAATTTCTTTTATAATTTGAAGAACCTTCGGCATTCTTGTAGACCCGCCTACCAAAAGAATATCGTCTATTTTATCCGGAGTAAGACCTGCATCTTTTAAGGCTTTTCGGCAAGGTTCCTTTGTTCTCTCGAATAGGTCTTCAGTCATTTGCTCAAACTTGGCCCGAGATAAACTCTTTTGCAAGTGCTTAGGCCCGTTAGCATCCGCAGTAATAAAAGGAAGGTTGATATCGGCATTTGCAACGGAAGAAAGTTCTATTTTCGCTTTTTCGGCAGCTTCACGTAAACGCTGTAAGGCCATTCTGTCTTTCGATAAATCTATCCCAGTGTCTTTTTTAAATTCGTCTACAAGCCAAGTTACTATGCGATTATCAAAATCGTCTCCGCCCAAGTGAGTATCTCCGTTTGTCGATTTTACTTCAAAAACACCGTCGCCCAATTCCAAAATTGAAATATCAAAGGTTCCGCCTCCCAAATCGTATACGGCAATTGTTTTTTCTTTTTTAGAATCCTTATTAAAACCGAAAGCCAAAGAGGCTGCCGTAGGTTCATTTATAATACGCTTTACGTCCAAACCGGCAATTTTTCCGGCGTCTTTTGTAGCTTGACGTTGTGCGTCGTTAAAATAAGCGGGAACGGTAATAACCGCTTCCGTTACGGTTTCGCCCAAATAATCTTCCGCAGTTTTTTTCATTTTTTGCAAAATAAAGGCGGAAATTTCCTGTGTGGAATAATGCTTTCCGTCGATATCGATTCTGACATCATCGCCTTGCGGGATAATTTTATACGGAACCCGTTTTAACTCTTCCGTAAGTTCATTATAGCGGTGTCCGATAAAACGTTTTACCGAATAAACCGTGCGGTCGGGGTTTGTAATCATCTGGTTTTTTGCGGGCTGTCCTACAACGCGCTCGTCTTTTGAAGTAAAACCTACAATGGACGGAGTCGTTCTTCCGCCTTCGGAGTTTTGGATAACTACCGGCTCTCCGCCTTCCATAACTGAAACACAAGAGTTCGTCGTTCCCAAGTCAATACCTATAATCTTTCCCATATTAAAATTCTCCTATCTTATTGTTCGTTTTGTTTATCGGCGGTCGAGTTTTCTTCCGCCGTTTTATCCTGCCCTTCCGCAGGCATTAACACCATTACCTTACTGGAACGTATTACCCGTTCCTTAAGCTTATACCCCTTTTGAAGCTCCTCGCCTACAACCGCCTCTTTTACATCCGGCGATTGAATCATCGATACCGCTTCGTGAATGTTAGGGTCGAATTTTTCACCTTTAGCGGGGTAATATAACAGCCCGTATTTCGAGCTTAACATAGACGTCATTTGATTTTTTATCATCATAACGCCTTCCAAAAAAGCATTTTCGCTTCCGTCCGCTTTTTGAACCTTATCCCCGTTTAAAGATGCTTTACCGGCATCGATTGCACGGTCAAAATCATCTAAAACTTGAATTAAATCCAACAGCAGATTAGTGTTCGCATAATCGATAGCTTCCTGCTTTTCTCTAATCATACGCTTTCGGTAATTGTCGAAATCGGCAGCCTTTCTTAAATACTGGTCCTGCCAATCTTTACACTTCGTTTCAAGTTCCGCAAGTTTCGCGGAAAGCTCGAAAGCCTCAACATTTTCCGATTTTGTTTTTTCACCGTCTTCCGTACGGGAAGAGGTGTGTACTTCCCGATGAACCTCGGAAGAAGAGGCGTCCTTCCGTTTGCAGTCATCACCGCATTGTTCATCTTTCTCTGCGGAAGAGCCATTTTTAAGTTCCTCACCCTTGCAAGGCTCTGTTTTTTTTGCATGCTTTTCCGCATGTTTTTCGTGGTTCTTGCTCACCTTAAACTCCAAATACTGTTCTAACTTTTTAATATATCTTAAATACAAGATAATAACAGATAAAAAAACGGTCAAGAGGTTTTAGATAAAAAAGTAACAATTTCGATAATTTTAAAAATATTTATTCCGACAAACCTCTTGCAACATAAAGATTTTAAT
NZ_CP061839.1_gap55	1746197	1748353	2156	AGGCTTTTAAGGATATCGATTTAAATACTGTTTATCCGGAATTGGGTAAGCCCCTTTTTGAAGTTTTACTTACTCCTCACCGCTCTTATTTAAATATCATTTATCCCATTTTACAAGAACACCCGGAAATTATAAAAGCTCTCGCTCATATTACAGGCGGCGGTTTTCTCGAAAATATTCCGCGTGTTACCGGAGACGGCTTTATAATAAAGGTGAAAAAAAACGCTTGGCCTGTTCCGCCTCTTTATCCTCTTATTCAAAAATTAACGGGCGCCCTTGAAGATGAAATGTACAGAATTTTTAACATGGGTATAGGAATGATTGCAATAATTTCACCGGAAAACGTACATTCCTATCAGAGTCTTGTAGGCGAAGAATCTTGGGTTATAGGCGAAATTAAAAACGCTTCAAGCCGACATGAAAAAACAATTACGGTTTTAGAATAAATATGGCTGCAAAGGTTTGTCTTGTTTTAACCGAAAAAACAATCGAAAAAAATCTTTCGGTATTGGAAAAGCATAGGTCTTATATAGACATGGCGGAGTTAAGAGCCGACTGTTTAAACCAAAGTGAAATCCTGTATTTACGCAAATTCCCTGAACGGGCAAAGATTCCTTCCATTCTTACGGTGCGCAGAAAAGCCGACGGAGGTTTTTTTACGGGCGGAGAAGGAGCGAGAATGACTATCTTTGCCCGAGGTTTGGCGTTTGCCAGTTCGGATACGGAAAAAAAATTTGCATACCTCGATTTGGAAGGCGATTTTCAAGCTTCGGGAATTGAAGAAGCGGCAAGAGCTTTGGATATAAAAATTATAAGAAGTATGCACAGCAAAACTCCTATAAAAGACATTGTAAAAACCGTAAACGGATTAAGACAAACCTCAGGCGATATTCCCAAACTTGCCTTTAAGGCGGCTTCTTTACACGATGCGGCGGAAGTTTTTAAAGCCTCAAAAAAAATTGAAGAACCTTTTATCATAAGCGTAATGGGTTTTTTCGGAACACCTGTACGGATTCTTTCAAGTAAAATCAATTCGGAAATTGTTTATACATTTACACAGGAGTACATAAAAAAACACTCGCTTGAAAAAGAGCTTATTGAGCCTGAAACCCTTCAGTCTTTGTACAGGTTTAAAAATATAGATGCGAATACGAAAATTTTCGGAGTTATAGGAAAAGACGTTAATGGAAGTCTGAGTCCCCAGCTTCACAATAAAGAATTTGCAAAACAAAATATAAACGCCGTTTATGTTCCCATTTCGGCGGATAATGCAAAAGAAGCTTTGGAGTTTGCCGAAGCGGCAAACATTCAGGGGCTGTCTGTAACGGCACCTTTTAAAACCGATGTTATTTCCGAAATAAATTCCGTAAGTAACGACTCAAAATCGATAGGAGCGGTAAACACTCTTTTATTGCAAAATAAAAAATGGACAGGATATAATACCGATGTGGACGGCTTCAGACAAGCCTTATTGGAGTTTTTAGACGGAGATAAATTAAATCACTATAAAATTGCAATTATAGGAGCCGGAGGAGCCGCCAAGGCCGCAGCTCATGTTATAAAGTCGTTAAACGGAAAGGCGTGCATTTTTAACCGCACCGCAGAAAGAGCTCAAACACTTGCAGAGCAATACCGCTTTAAATGGGCTCTTCTTGACCCGATAAATATAAAACAGCTTTATTCCTACTCCGATTTAATTATTCAAACTACGGTTGCGGGTATGGAGCCGGATATAGAAACCGACCCTTTAAGTTTTTATACGTTTAAAGGGAAAGAAAAAATATTCGATTTAATTTACAGACCGGAAACTACAAAACTCCTAAAGAGGGCAAGGGCGGCAGGCTGCGAGGTTTGCAACGGTTATAAAATGCTTGAGTATCAGGCACATCACCAATTTAAATTATTTACAGGAAAAGAATATGAAAAAAACAATCAGTATTGAAGAACAGAAAATTCTTGCCGCAAGAAGTGCGGTAGATACTCTTTTTTCGGAAAAGAAAATATTTGACGGAATAAAGATAGGACTTGGAACGGGGTCAACGGCAATACCTGCAGTGCGCCGCATTGCGGAACTTTTAAATGAAGGAAAACTTAAAAATATTTTTGCAGTTCCTACAAGTTTTCAAACTTCAATAGAATGCGAAAATTTAGGCATT
NZ_CP061839.1_gap56	1751824	1753864	2040	ATTTTTTCGGCAATTGCCATACCTACGGCAGTTGCAATACCCTGCCCCAGGGGACCTGTTGTAGTTTCCACTCCGGGAGTATCTCCGTATTCAGGGTGCCCCGGACATTTCGAGCCAAGCTGTCTAAAACTTTTAATATCTTCAAGCGAAACATCATAACCTGAAATATGCAAGATTGAATATAAAAGCATAGAGCCGTGTCCGGCAGATAAAACAAAGCGGTCTCTATCCTTCCATTCGGGATTTAATGGATTATGTTTTAAAATTTTTCCGTAAAGAGAAGCTGCAAGCTCGGCAGCTCCGAGAGGCAAGCCGGGGTGTCCCGAATTCGCTTTTTCGATTGCGTCCATCGAAAGACTTCTAATTGAAAGAGCAACGGCATCAAGCTCGTTTTTCATAAAATACCTCCAAGGTGTTGTATTTAATCGTTTTTTTAAGGCATTAAGCCGGTAAGTATTCCCGCAGCGGATTTTAGCATAATAGAATTTTTTTTTCAATACCGGGCTTCCGAATGTTTAAACTTGAAGTAAGGCCTTTAAATGAGTTTAAGGATAATCAAAACTTAATTCCCCAGAATAGTAAACGGTTTGCCCTTTTTCGGTTTCTATTATAACGGCCCCTTTTTCCGTAATGCCGGTTAAAACACCCTCTACAGGTATATCGGCATTTTGTCCTTGCATAAATTTAACCGTTTCGTTTTTTTTCCATAATTTTCCGTTTACCTTGTTATGCCAATCTTCCATATTTAAAACGGAATATAAGGTTTTTAAATAACATTTAATAAATTGCTCTACGCTAGGAGCCTTTCCTGCAGCCGAAGCAATTGAAACGGCCCTATTTTTAATATCTTCGGAAAATTCCTTTTGAAGAATATTAACTCCCGTACCTGCCAATAAACAGCCCTTATAAGTCTCGCATAAAATACCGGCAGCTTTTTTTCCGTTTATTAAAATATCATTGGGCCATTTTATTGCGGTTTTAAGTTCTTTCGGCAAAAATATGTCGGCAGTTAAAGCTACGGCAAGCCCTATTTTAAGAGGCACAGAAGTTTCAAAATTTTGTTTAAGCAATACCGTTCCCAGAAGATTTTCGTTAAAATTTGAATACCAAACCCTGCCCTTTAATCTGCCTCGTCCCTCACTCTGTTCTCCCGCATAAATAAAGGTTCCGAACGGAGCCCCTTTATCAACAAGAGTTTTCGCATCATTCATAGTAGAACAAGTTCTTTCAATATAATAAACGGGTGCGTCAAAAATATTTTTAATATCGGCTTGTTTATACATCGTCCTATTCGGAAAAACAGCCTACGGCATGTATTTTTTTCTTTCGGTATTTTACCAATACGGAAGGGTCCCGCTTACATAAATCGGTTATATCATGCAATATTTGAGAACGCATTGCTTCCGCCGTTTTTTGCGGGTCCGTATGTGCTCCTTCTTCAGGTTCATCTATTACCCCGTTAATCATTTTTAAACCTAAAACTTCACGGCTTGTGATTTTAAGCATTACGGCCGCATCTTTTGCCCTGCTTGAATCGCGCAATAAAATGGAAGCACAGCCTTCGGGAGATATAACCGAAAAAATGGAGTTTTCAAGCATATAGATTTTATCTCCTACACCTATCCCCAATGCTCCGCCCGAACCGCCTTCTCCTATAATAAAACAAATAACGGGGGTTTTTACACGGCTTAACTCTCGTAAATTTACCGCAATGGCTTCTCCTATACCGCGTTCTTCAGCCCCGAGTCCGGGGTATGCTCCTTGGGTATCAATGAAGCTTACTATGGGCCTACGGAATTTTTCAGCCTGTTTTATAAGTCTAAGAGCCTTTCTGTAGCCTTCGGGATTCGCCATGCCGCCGTTTCTTTCAATGGTTTCTCTCAAGTTTTTTCCCTTTTGGTTTCCGACAACGGTAACGGGTATTCCTTCGATAAATCCTATTCCCCCTATCAACGCTGGGTCGTCCCCGAAAAAGCGGTCTCCGTGCAATTCGATAAAATCATCAAATATCATATCGATATAATCAAGGGCGCGCGGACG
NZ_CP061839.1_gap57	1757130	1761663	4533	TACAACCTTCGTGGTTTCCTTTTTCTTTCATTACTTTAAAAAGACTTGCCAAGTATAAAGGAATAACCGGAATTACGGCACTTGCACGGGTAACCAACCCCTTATTTACGGAAACAAAGGCTTTTCCGTTAAAAGTTTTCATTTTATCGTTAAGAATATGCGCCGTTTTTTCAAGATGTTCTTTCGCCTTACCTATAGTTCCTTTTCTGTAAAGAGCCTGAGTGGCTTCAGGACCTATATAAGAATATGCCGCCGTAATACAGCCTTCCGCAAGAACACCGGCTTCGGAAAGTTGTTCTATCCAGCGCTGCCAATCTTCTCCGCCCATAACTTTTACCGTAGCGGCAGCCTCTTCTTCAGTTGCAGGCTCCGCAGTAATTTCGGAAAGTTTACCTGTAAAAGGGTCAAGGGTTTTTCCGGTAAACGCTTTTCCGAAAGGTTTTAATACGGATTTATATGTAACTCCCGTATCGGGGTCGATGCGCAAGGGACTTGCCAAACTGTAAATAACCAAATCAAAGTTCATTCCGTGCTCTTTAGCTTTTTTTATAACTTCAGCTTTTACAGCATCGGAAAAGGCGTCCCCTTCTATTGTTATTGAAACCAAGCCTTCAGCCTTTGCAGCGCCGTCAAAGGCAAGATTATTATACCAGCCGGGTGTTCCCCATTTGGTTTCGGAACCGGCTTTTTCAAAAGACACTCCGATTGTAGCGGCTCCGTATCCGAAAGCGGCCGTTATTCTGCTTGCAAGCCCGTATCCGTTTGAGCAGCCTAAAATAAGAGCATTTTTCGGTTTAACCGTTCCTGAGGAAAAATCCGCCGACCTTTTTTTTGTATAAGCTATTTGATGTTCTACAGCTTTTTTACATCCTTTAGGATGAGAGTTTAAACATACGTTTCCGCGTACCATAGGTTTTATAATCATTTTATTTTTCCTTATTTCTTATATTTTTTTAAATATTACAACTCCGTTATGCCCTCCGAAACCGAGAGAACCGGAGGCGGCGCAAGTGATTGTGCCTGAAACTCCCTTATTGGGAACATAATCCAAATCGCAGCCGGCTTCCAAATCCGGTTCCGTCAAGTTAATTGTGGGCGGGAAAAAGCCGTCTTCCATTGCTTTAATGCAGAATATAGCCTCCAGAGCTCCGGCCGCTCCGAGACAATGCCCTATCATAGATTTTGTAGAAGATATTTTCATTTTATAGGCATGTTCTCCGAAAGCCTTTTTTATCATTGCGGTTTCTGCCGGGTCGTTTATAGGTGTGGAAGTTCCGTGTGCATTGTAATACTGAACATCTTCAGGTTTTATGCCGGCATCATCCAAGGCTTTTTTCATTGCGGAAGCTCCGCCTTCACCTGTAGGGTCGGGACTTGTAAGATGATAAGCGTCCGAAGAGCCTCCGTAACCTGCAAATTCGGCATATATTTTTGCTCCGCGTTTTTTTGCATGTTCATATTCTTCCAAAATAAGAATACCGGAACCTTCTCCCATAACAAAGCCCGAACGTTTTTTATCGAAAGGACAGCAAGCCTTTTCAGGATTATCGTTATGCTCAGAAGCCAGCGCCTGTAAAACACTGAATGAGCCTATACCGAAGCCTGTAATGGCGGCTTCAGTTCCGCCTGCAAGACAAACGTCCAATCTGCCTGAGCGGATTATATCGAGAGCATTGCCCAAAGCGTCCGTTCCGGAAGCGCAAGCCGTTACTACAGTCCATGAAACACCGCGTATGCCGAAGTGCATATTTATATTTCCCGCCGCTTCGTTGGGAATAAGAAGAGGTATTGTCATAGGCGGAATACGGGCAGAGCCGGCTTCAAAGTATTTTTTAAAAGAGCTCTCATGTACTTCAAACCCTCCTATACCGTTTCCGAGTATAATTCCGGTACGGTCCGGGTCTATAGTTTCTTTTGAAAGCCCCGCATCCTTCATCGCCTGTACGGCCGCCGCTACTGCAAATTGAGTAAAACGGGCCATTTTGCGGGCATCTTTTTTGTCCATAAATTCCGCAGGGTCGAAATTTTTGATTTCGGCGGCTATTTTTACCTTATGCTCCGAAGTGTCATAATGGGTAATTTTTCCTATGGCACAGCGGCCTTCTTTTATACCCTGCCATGTTTCGTTAATTGTATTTCCTAAAGGAGTTACGGCTCCTATGCCTGTAACAACAACTCTTCTCATATTATCCTCCATAAAAATTTGAAATTTAAGCTCCAAGTCCTCCGTCTACGCCTATTACCTGAGCGGTAATATACAAAGACAAATCGGAGGCCAAGAATACGGCGGCATTTGCAACATCAACAGGTTTGCCGGCCCGTTTTAGGGGTATTCCTTCTACCCATTCTTTGCGCATCTCTTCTTTTACCGCAGCGGTCATATCGGTTTCGATATATCCGGGCGCTATGGCATTTACACGCACACCCCTTCCGGCGGTTTCTTTGGCAAGGCTTTTTGTAAGACCTATAAGCCCGGCCTTGCTGGAGGCATAATTAACTTGTCCGCCCTGACCGTGTAAACCTACTATACTTGTCATATTTATAATGGAGCCCGTTCTCTTTTTTATCATATCCGAAGATACGATTTGAGAAGCTATAAAAGCTCCGGTAAGATTAACGCTCAACACGGAATCCCAATCCTCCCGTTTCATACGGAAAGAAAGACCGTCTTTAGTAATGCCTGCATTATTTACCAAAATATCAAAACCGCCGGATTTTTCCAAAGCGGATTTTATTGCGGCAGTAAGCTCTTCGGCATTACCGCAGTCGGCATATATTTCACAAAACAGTCCGTTTTGCGATTTTGCAAAAGCTTCCATTTCTTCTTTAGCTTGTGAAGGTTTTGTACACAAGCCCCAAACCTCAGCGCCTTCCTCAAGAAAACGGCGGACAATTTCCTTTCCGATACCTCTCGAAGAGCCGGTTACCAATGCTTTTTTTCCTTTTAATAACATATAAACCTCATTTATAAAATTATATGGAAACCGTTAAACTTTAAAAGTTTTAATAATTTCCGACAAATGTTCCGACGTTCCAGTAGGAAGACAAGTTCCGGCATAACCGCTATCCCGCCATAAATTACAAAGCGTATTACCCGGCCCTATTTCCAATAAGCGGCTCTCTTCTCCGGCTGCAAGTTCCGAAACTTCTTTTTCTTCGTTTACCCATAAAACGGGATAAGTTAAATGAAGAACGGCATTTTTTTTAGCTTCGGCTCCCGTTAAAATTCTTTTTCCGGTAACATTGGAAAAAAGAGGAATTTTAGGGTCTTCAAAGGTAACGCTTTCAAGCACCTCGGCGAATTCTTTTGCAGCATTACGCATAAGAGGCGAATGAAAGGGGCCTGCAACCGAAAGCTTAACAAAACGCTTTGCTCCGGCTTCTTTACATAATTTTTCGGCAATATCCAAGCCTTCGGCAGTTCCCGATACAACCGTTTGTGCGGGACTGTTCATATTTGCGGCAAATACAATCCCCTTTTCAGTATCCGAATATGGCTTTAAAAGTTCGCACACTTTTTCGGACGGTAATTTTATCACGGCCGCCATACCGCCTGCGCTATCTCCCGCAGAAATTTTTTCGCACCATTTTTGCATAATTTTACCGCGGCGCATAACGATTTCGGTCATAGTTTTAAAATTTAAAACTCCCGCCGCATATAATGCGGAAAATTCGCCCAGACTGAAACCTGCCGCGGCGGAAGGCAAAATACCGTTTTCTTTTAACACGGCACAAACTGCCGTTTCTACAGCGGTTATCGCCAATTGACTTTTATCGCTGCGGGCAAGTTCCGCATTTTCAGTATTCCATAAAAAAGACGCTATATCTTCTCCGGTAATGGAGCTCATCTCATCAACGACGGAACGTGCGGCGGGATACAGTTTGCAGATGTCTTCCGCCATACCCTTAAACTGAGCGCCTTGTCCCGAAAATAAAAAAACAAATTTCATTATTCCCCCAAGTAACAAAAGTAAAATACACTTAAAATCTTACAACACAGCCGCCCCATGTAAGACCGGCTCCGAAGCCCGCCATAATGACGGTCATACCTCTTTTTGGGCACCTCTAAAAACCTATTTTTTAGTGTACCTATTTATTATTTTAGTAGCTTTTTTATAAATTGTCTAGTGTAAAACTTGGATTCTTTATCTTAGTTCTCTTACTTTTCCATTTTATTACCTATATGCTCTCTCATTTTACTTCTTTAGATAGCAATATCGGCATAAGTTGTATGTTAAGTTCATCATTATTATCGAAAATGTTGCACGAGCTAGTCCTATCGTTCTTACATAGATACCTTTCATTGAGTTTGTCATAAAGCCAAATACATGTTCAACTCTTGCCCGTATTTTTGATTTTTTTCTGTTACCGATTTTTTGTTTTTTAGTAAGAGGTTTCCCTCTTGCTCCTCTTTCACAAATTTGTCCTTCTATCCCTTTCGCTTTTAAAATCCCCTCTATTTCTTCTCCTATATAGGCACTATCTGCGTATAATCTTTCATCTTTCCTTTCAACTAAATTTTTTAACTCTCTA
NZ_CP061839.1_gap58	1839190	1842844	3654	AAAGCCGTTTCGAGAAATGACTGTCAGCCATTACAGTAGTGGTTGCGAAAAAATTATTCAAAAAGAGTTTTTAATACAAGATCCAGATGGATATCTTCTACGATTTACAGATTGATGAGTCAAAGTTTATATAGAGATTTAAAATTAAGACTTATGCAAATGGTAGCAAAATTGGAAACTAAAGAAGTGTTATTTCTAGGATGTAAAATCATTCTGAATATGTTTGCCTCTCAACATTAGATAAGATAGCTAGTATTTTTGGAAAGTAGTTATAAATTTCAATGTTATACAGAGATTACCTAACACCCGCCTCAACGCTGACAACAAGGACAAGCCTTGTTGCAGGTTAAGCGAATGTTAGGTTGACGCTTCGCACAAGGAAGAATTATCTTGAAAAGTTTATCTTTTACCTTACCTTGTTTCTGAAACAAAATACATTTCTATAGAAAAATGCAATGACAAATAAGAAATTACTATTATTATTAATTACTACTATTTATATCATCTTTAATTTGAGCGCTGAGACAATAACCGAAGAATTTGTTAATAAAGCAAGCGGTAAAACTATTATATATAAAGGTGAGGATTATAGAGGAGAGGGAACGTTTTTCTTAAAAAATGAGGCAAAATTAATCACTATAGTAACTACTGAAATCAGATACGGTCCTATGGTTAATTGGTTTGGAAATGATATTGCTGAAATATTTATTCCGCACGGGAACCCATTTAATAGTTCGTTTCTTTTTAATACAAGAACTTTAAAGCTTAGTGATATGCTTAATAACTTAATTGCCGTATTCCCAGAACAAGATATTGTAGTCTATACGGATTTTGAAAACTTCTATTTTGCTAGGATAAATTCACAAGAAATTTTACAAAAAATACATATAAATGGAATAGAAGGTTCATATATGGCTCTTCGACATTATTTTAATATTTTAATTCAAAATGATGTAATAAAAATTGGTGTAAAGTACGAGCCTTATACATACAAAGACCTAGAGACATATAAATATTATGATTTTAAGAAAGAATTTTAATCTACCCCCCCCCCCCCCCCCCCGCTTAACCTGACATTTGCTTTGGCACCGCGATACGCGTCCGCAAAGCTACAAATTTAAATACCGGCATTCCCGGAACCGGACTTTATACTCTCAAAAGGATTGATAATCCTAATAAGAATATAACATATCATGGGTGTAGCTATAGAAACAAAACATATATTTTATAATTGGGAAAATATCGAAAAAAATAAGAAAGATATACTTAAATTTTATGATGCAGAATCACTGGTAAACCCGGATTTAAAATCTGCAATTGAAAGTAATCAAAAAGCAATGGAAAATGATAATTTTTGTGGAAAATACCCTGTTGTTATAATAAGAACAAAAGAAACGCATAAATTTACAATAGAAACAATAAATCGATATAAAAAAATTAGAGAGTTCAAATTTCATATAGATGATTATGAAATTATAGAATAATACCTGCTTCCGCCTAACATTATTAAGCAATAGAGATAAAGTCAATATTAGGCTGATAAACCGCTGATGTGCTAATTTTTAGGAGAAAAAAAGTGAAAAAAATAATTGTATTTTCGTTGTTAATATTTACTTCAATCTCAGTTTTTGCTTATGACTATAGAGAAATTATTTTTGGAAATAATTATGAAAATATCAAAGAATGTACGGATGACGAAATTATCCGCTTATTGATAAAGCACACCCGTTTAAATATACAATTCAAAATGCTTTTGACGGCAATCCGGCAACGAGTTATGTAGAAGATACGGAAGATGACACAATAAAGATTTCATTATATTCAAAAGAGCTTAATTTAAACTGCATAAAAATAAAAATCATAAATGGCTATGCACAAAATGAAATGCTTTATAAAAATAATAATCGAATAAAAGTTATTGATTCATTGAATGAAAAATCTACGGCAGTTACATTAAAAGATGAAAATCTTAAACCGCAGATTATAACCTGGATTGATTATAGTTTTTATGTAAAGGAACTTTATAAAGGGAAAAAATATAATGATACATGTATTGCCGAATTGGATTTTCAATCAGAAAATGGAAATTGGATATTTGAAAACTAATCGCCTAATATCCATCTCAATGCTGAATTTTATATTGAAACAAATTTCGGAATTGGAAGATATAACATATCACACGGAAAGCAAAGAAAAGAGTGATATAAAAAAATATTTAAACTTAATTTTATTTATGAGGCTGTTCCATGTTTAAAAACACAAGAGATGTATTAAATCAAATTTATCAACCGCTGAACGAAAAAAGAATCGAACTGAGAACTAAATTAGCAGAAGCATTTAACGGGCTAAAAATTACCGATGGATTTTATAACGGTCATTACCACCGAAATAGCGCCGGACAGTATCAAGCAGACTCATATCCCATTCCGGTAATAAGCATAATGGGATTATGCGATATTGAAATAGACTTTGATGGTATCACCGTCACAACAAAACTTTCGAAAAACCGAATCGAATCATTTAATTGGAATAATCTGCAAGATGTTTGCTTTGAAGTATATGGCGCAGAAGATTATCTAACTGACTACGGAAACAATCGGACAATCGATGATATAAAAGGTAAGGTTCTCTCAAGTATAGAAAAAGAGTTTTTTATTTCTTTTTCCTTATCTGTCGATTCAATTACCGAAAAAGTGATAAACTTGCTGAATACATTGCAGCAAAAATATTTTTACTATTGAGAATATTCATATTTTCTTTTTAGATAATCCATAATAAAATACAAAAGAAGTAATAACCGCAAAGGAGTTGTTTTGTGAAAGTAATATATGAAACTAATGGAAAAGGTTTCCTCGGTTGGATAGAAAATCTCCCCGGAGCCTATGTTCGAGGCAAGACAATAGAAGAGGCGCGAAGTAAATACGAAAAAGAGATTTTCGAATATGGACAATGGCTGGATATGGAAGTTACTGATGTCGGTAGAATTGATGAAGTCATTGTACATAGTAATTTGATGATTGAAGACGCTGATAGCAATATTATTTTTGAAACAGAGATGGAAGAATATAAAAATGAAAAAGACTTCTATTATGAATGTGAATTAGCCCTCTTGTCTGCAAAAAAAGTTGATATTATATATCGGAAATGTAAAAACAAAAATGTAATAGATAATAGTAAAGTTAGAAAGACATTTTATGGAAATGTATATTCTACAATATTCGAGCAGTATAAACATATATGCGATGTACAACAGTATTACTTAGGACAAGTCGGTTTAGAAACGGATATAGACCTTGATATAATCAAAGGAAGAAAAAATACTATTGACGAACTGATAAAAAAGTATAAGGAAGAAGGAAATAGAGTATTTAAGAATAAAGAAGAATATTGGTCTATTAGAAAAGTAATGCGCCGCCTAATATGGCATGATAGAATACATGCAAAAGCAATAAAAAGAATGGAAATTAATATCAGTAATAAATAAGTATAACCCTCCGCTTCAACGACTGACAAAAGCTGTCAGCCGGTTTGCGGTTTAAAACAATATTAGCCGAACACCGCTTAAGCGGTGCTATATTTTTATTTTGGAGGAATGTATGAATTGGGGAATAATCTATGGAGTTATCGGAAGCATCGTAGGAATTGGCGGAGGTA
NZ_CP061839.1_gap59	1919271	1922991	3720	TATAAAAGCTCCTATGTAAGCAAAATAAAAGGAGTAAAAAAATTATCCTTTAAAGAAAAACCAAAAATCTCCCCACAAGGCAAATAAAAATACTGCACCGATAAAAGCGAAACCTATAAACTGAATATAATATAAAATTTTTGGGTGAATTTGCCTTCTTAAAACAAATTCCGTTAAAGCGAATAAGATAAGTCCGCCGTCCAAGACGGGAACCGGCAGTAAATTCATTATAAAAAGAGAAATGGAAATTAAACTTACTATGTTAAGCACATCGGAAAGTCCTGTTAAAAAACTTTCTTTAAAGCCCTGCTCTGCGGTATCGCCTAAAATATGGGTTATTCTTAAAGGCCCTGAAACGGCTTGTTTTAAATCCACTCCTTTAAACAATAAACCGAAACTTTTAAAGGTAAGCGTAATGGTTTTATGCGTTAAAATAAAACCGTTTATAAAGCTTTTAAAAAATCCTGTTCCCGGTATATCCACCTTAACGGTTTTAATTTTTAAACCTAAATCAAATCCCTGTTCGGTTCGTATTAAATTTACCGTTTTCGTTATTTCTTCTCCGTTGCGTAAAACGGTAAATTCGGCCGTTTCCGCAAGAGATTTTTTTAATACGGCCTCCAAATCCCGCGTATTGCGTATTTGCTCCCCGTCCGCCCTTATGATTATATCACCTTCTTTAAGACCGGCCGCTTCAGCCGCAGATGAAGGAACCGTGCCCGCCAATTCCGCAGGTACGTAAGAATAAAAGCCTATAACTCCCGCCCCTGTTTTAGGGTCGAGTTTCGGTATCAGCTTTTTTTCTAAAATTTCTCCGTTTCTTTCTATTACAAGAGTTACTTCTTCCTTGGCCTGCGGAACAATCAGTTTTACTATATCGGAAAAAGTTTCCGTTTTTTCTCCGTTTATGCTTAATATCTTATCGCCCATTTCAAGCCCTGCAAGACGCGCAGGAGAATCGTCCTTTTCGTTATAATAATAAACCGGTGCAATTTGATTCGAGGTTGTATAATATGTTGAGCCTATTGCACTTACTATAGACAAGGCTAAAATTGCACTTAAATAATTTGCAAAAGGCCCTGCAAAGGCAATTATAATCCTTTTAAAAGGGTGTACCGAATAAAGCCCTCCTTCTTCCTTAGGCATTGCCGTAAGTTTTTTTTCGATTGCTTCTCTAAAAGCGTTTTCGCCTTTCATTCCGCAATAGCCCCCCATAGGAATTGCTGAAAGTCTATATTCGGTACCGCGGAATTTTTTCTTAAAAAGAACCGGCCCCCAGCCTATCGAAAAAGTTTCTACTATAACACCTGAAAGTTTTGCGGCAATAAAATGCCCCAGTTCGTGTATAAAAACCATTACACTTAAAATAAACAAACCTATTAAAATTTTTATCATAATTTAATTCCTATCCGTAGTTTTTTTTATCAAATTTAAATTTTTATACCGTTTATAAGTTTTAAACGGTTTATGCCAACGCCGTTATATATTTTTCGGCGAGTTCTTTTGCCTTACTTTCCAAGCTATAAACTTCCGTATAAGAAGAAGGTTTCAAAGTCCAATCGGAATCCAAAACCCGCTGCACTATATAAGCCAAATCGGTAAATTTTATCTTTCCGCAAAAAAACGCCTCAACGGCTTGTTCATTTGCGGCATTAAACGCAATAGGATAAGCTGCCAGTTTTTCCGCAGCAAGAAAACCCAAATCAAGCATGGGAAAATCTTCCCGTCTGGGCGGAATAAATTCCAGCTTAAGCATTTTTTCAAAATTTAAAGGCGGCAAATACCCTATAGGCATTTTTTCAAAAGAAAGCGCATTTAAAATAGGATTGCGCATATCGGGAGGCGACATTTGCGCATAAACCTCGCCGTTTAAGGTTTGCACCATTGAGTGCACTATGCTTTGAGGGTGTACCGTAACTGTAATCTTGCAGGCCGGTACTCCGAAAAGTTTTACGGCTTCAATTACTTCCAAAGCCTTGTTTGCAAGAGAAGCGGAATCTATAGTTATTTTTCCGCCCATATTCCATGTAGGGTGCTTTAGAGCGTCATTTGCCGTCATATTTTTTAATTCTTCAAAAGGGGTATTTCTAAAAGGACCGCCCGAAGCGGTTATAATAATACGGCTTATGTTTTCTTTTTTATGAGCCGCAATTAAATTAAAGACGGCGGCATGTTCGGAATCGACGGGGATTATTTTTGAGCCTGTTTCCGCAGCGTGTTCAAAAATCAACTCTCCCGCGGTAACAATCGTTTCTTTATTTGCCAAGGCCAAATCCATACCTGCATTTACAACCTCTACGGAAGCTCTTAAACCCTGCGAACCGGCAATTCCGTTTACGGCAATATCCGCATTCGATTCTTCTATCAATTTTTTTACCGTTCCGCTTAAATCCGCTGCGGTGGAATAAAAAAAAGCCTTGGGGAATTCGGTTTTTATTTTTTCCCCGAATTCAATATCCGAGTGAACGGAAAAGCCTGTAAGTTCGAATTTATCCGGGAAGGTACGTAATACGTCAAGCGTACTTTTTCCTATGGACCCGCTTGCTCCCAAAAGCAAAACTCTTTTTTTTCCGGTTTGCATTACCGCCCGCCGAATAAAAATTTAAAGGAAACGTAAAAAACGGGAGCAGCCAAAAGAAGGGAATCCAGACTGTCCAAAATTCCGCCCCTGCCGAGAATAATTTTGCCGGAATCTTTTACATCGGCGGAACGCTTTAAAATGGATTCTATCATATCGCCTAAAATTGCCGCAGAAGCGGTTAAAACCGAAAGGATAATAAGCTCGGTTAATTTGCCCCCGAATTCCTTATAAAAAATTTTATGCACCAAAAAAGCGACCGCAACGGGCCCCGCATATCCGCCTATAAAGCCCGCAATACTTTTTTTAGGACTTGCTTTTATTAAACCTCGATTATTTTTTCCGAGTATCATTCCGAAAAACCACGCTATGGAATCGCTTGCGAATGTCATAAGATAAAAGATAAGCAAAACTTTGTTGGCATTCGGAAAGACCGTCAATACGGATAAATAGATGGAAAGGCCCCACGGGTATAAAAGCATAAATATTCCGCTTGCCAAACGGGAAATACTGTTTGTAAAAGTTCCTCCGAAAGAAAATACGGCTTCCGAAATCATTATAAAAGCTATTATTATTCCGAAAGCGTCAAATAAATATTTTCCCGAAAAAAACTTCAAACCTGCAAAGTAAGAAAGTAAAATTAAAACCGAACCGAAAACACTCATTATCTTCGGAGGATAAGAATGTATTTTTTGAGATAAAATATTATAAATCTCAAAATTTGCAATAACGGCCGCACTAATTAACATTATATGATATACTAAAAAATTATAATGCGGGAAAAAATAAATTGAAGCTAAGATAAGAGGGCCGCCTATAAAAAAGACAAGCAGCCTTTCAATCAGTTTTCTCATTTCGGTTTATATTTACTCCTTATAATTTTTACATTTTACTTTACGGAATTTTTTACTTGCGTATTTACCCGCACGCTTACGGTATCTTACAGCAGGCATTTAAATCGTCATTACGCCTTGCCGAATCTTCTATCCCGTTTTTTATATGCCTCTATTGTATCATATAAATCCTGTTCTGTCCAATCGGGCCATAACTTTTCCGAAAAAAATAATTCGGAATATGCGCTTTGCCACAATAAAAAATTACTCAGTCTTTTTTCTCCGCTTGTGCGTATAAACAAGTCTACA
NZ_CP061839.1_gap60	1934337	1937730	3393	CCGTGGGGGCGTCCGGTACTTGTGAACAGTATTCCGACGCCTATCAATCCGCTAAGTGTGGGCGACAGACTGTTTAAGGCAGGGCTGTCGAAACTAAGACGTAGTCGTGCGGTTTGTAATGCCAATGAGAAAATCATATCCAGATTACCGTTACCGTGCTCAACCAAGACAAAACTCTCCAAGAAGCACGGTACGGGTCAAAGCCACCCGGTAGAAGTGGCAGAAGGTTATTTCTACACGGATAACGAAGATTTTCGTCTTTCGGGCATTCTTCCGTTGGTATGGGAACGTACGTGGTACAGTTACAGCGATTATAAAGGTCCCTTAGGTTATGGCTGGCATCATAGTTACGATATGGCATTGGGTTTCGATTTAGAAAAGGGTGCCGCTACCTTCCGTATGAAGGACGGTCGCGGTGTAGATTTGTATCTCCCCAAAAGTGTCGAGAAACCGACCTTCAACCGGTTGGAGAAACTCTATCTGTGTCTTGACAGCGAAGGAAATTATTATGTAAAAGAAACTTCGGGGTTGGAGTACCGTTTTACCCGAAAAGGTTATGCCGTAAAAGGCACTGATACGGAACAACATTTGTTAGAAAAGATTTCCGATAAGAACGGTCATTGCATATCGTTTACCTACAAACCTGACGGAGCAATAAGTCAAATTACCGACAGTGCGGGACGTGTATTACGTTTTGAGACGGATAAGGCAGGGCGTATTACGGCTATTTATGCCCCGCATCCCGAAAAAGCGGACGATACTTTTGCTATAGCCCGTTATGAATATAACGATGACGGCGATATGACGTGCCATACAGATGCTCTGGGACAAAAGATGAGTTTCGAATACAGCAAACACCTGATGGTACGCGAAGAGTGGCGAAACGGTACGGTCTGGGCGTTTACTTATAACGGCACCGACTCGCGTGCCAAATGTACGGAAGTACGCGGCAGTGGCGATTTGCTGCACTATAAGTTCAATTACGATGACCCTGAATGTACGGTTGTAACCGACAGTTTGGGGTATCGCAAAGAGTTTCGGCACTTCCGGGGCAGAGTGGTAAAAGAGGTGGACGCTGAGGGTAAAGAGTGGCGGTATCAGTATAACATATACAGCGAACTGCAATCGACAGTCGACCCATTGGGTAACACCACGGCATATATGTACGACGATTGGGGGAATGTAACGAGCGTGATAGAGCCCGACGGCAATTTTACACAGATGGGCTACTACCATCCGACCAACCGGCACTTGATGACCGAAGCCACCGATGCACACGGAGGCAAATGGCAGTGGATATACGACAAAAACGGTAATTTGCTCTCACGCAAAAACCCATTGGGAGCCGAGACACAGTTTAAATACGAAAGCGGTCTGCTGCATATCATAACCGACGCATTAGGTTCGCAGACAGAGATAGCTTATGACGACAGTAAAAATATCGTTCGTATACAATCCCCTAACAATGCCCTAACCAAGTACGGCTACGACAGGTTGGGACAATGTGTGCAGGTTACCAATCCCAACGATATACATCAAAACCGGCAGCTGGATTTGTTGGGCAGAGTTACTACCGTTTACGATTTCGACAACAACACCATCGAGCTCGAATACGATGCGATGGACAACATCACCCGCTACAAAGACCATAACAAAGAGGTACATTACAGCTACAAGGGCTTGAATAAACTGATGAGCCGCCGCGATAGTGCGGGAACGGTACGCTACCGTTACGACACCGAAGGGCAGCTTCGTGAGATAACAAATCAGGCAGGCGAACGATATTCCTTCGAACTGGACGGCAGAGGCGATGTAATAAAAGAGAAGGGATTTGACGGCATAGTCCGCCTGTACGAACGCGACGAAGCAGGGCGTGTAATCAAAATACAACGTCCCGGCAAACGCCATACGCAGTACGAATACGACCCCGCAGGACACATTACGCGGGTTGATTACCACGACGGCAGCGAAGAGAGATTTTGGTACGAAAAAGGCTTACTGAAAGCTGCCCGCAATGCCGATTCGATAGTTGAGTTCGAACGCGATGCAATGGGCAACATCCTCAAAGAAACCTGTAACGGACACGAAATCACAAGCCGATACGATATACTCGGCAGACGTACGCATACGGCAAGCAGTCTGGGAGCCGACATATCGATGGAGCTCGACAGCCTTAGCAACGTAACAAGTATCGAGACGCAAGGATGGCAGGCAAAGATAGACTACGACCGGCAAGGCTTAGAGATACAGCGAAGCCTTTCGGGCGGACTTACCGCCCAAACCCGCCGCGACAAACTGGGACGTGTCCGCTATCAGAATGCGGTGATAAACGGACAAACCACACACTTACACCGCGAATATCAATGGGGCATCGACGACCGCCTTGCCAAGATAATAGACCTTAAAACCAACGAAACCACAGCCTTCGAGTACAACGATAGAGGCTTTTTGACGCGGGCGGTTTACAACGGCAAGGAAGAAATATGGCGAACAGCCGACAAACTCGGCAACCTGTACGAAAGCGAGGCACAAACCGACCGATTTTATAAAAGCAGCCAATTGATAAAAACCGCAACCGCTACTTACAAATATGATAGCGAGGGTTTTCTGATTGAAAAAAACGAGAGTGATAAAACGTGGCAATACCTTTGGACGGCAGGCGGAATGCTCAAAGAAGTACAACGCCCCGACGGTTCGGTTGTAAGTTTTGCGTACGATGCCTTTGGTAGAAGAATAGAGAAAAAAACATCAAAAACAATCACCCGCTTCCTCTGGGACGGCAATGTGCCTCTGCACGAATGGAAAGAGTTTGATTATAAAGAAACAACCGATAACGACCGCATTACGTGGGTATTTCAAGGTTTTACACCTGTCGCCAAGATACAGGGCGATAAATCTTACAGCATAATATCAGACCATTTAGGCACACCTTTACAAGCCATAGACAGCGAAGGAAAACTAATTTGGGAACGGACGTTAGATATTTACGGCAGAATACGTAAGGAGACCGAAGAAACCGCTAACTTTGTACCGTTTTTGTATCAAGGTCAATACTTTGACAGTGAGACGGATTTATGTTATAATAGGTTTAGGTATTATTCGCCTGACACAGGTACTTATATTAGCCAAGACCCGATAGGGTTGGCGGGAAATAATCCTACAATTTATGGGTATGTGAAAGACCCGAACAGTTGGATTGATGTGTTTGGGTTGAGAGGTCTTTGGAAGCTGACTACGGAAGGCACAAGTAAAAAACGTACAATAGGGCAACATACTTATTATCAACATAAGTCAACAGGATTATGGTGGTCTATAGATACAGCGAAACATGGCGGGTCAGCGTTTAAAGTATTTAAAGAAGGCAAAGGGGGTGTATTAGAATGGTATAGAGAT
NZ_CP061839.1_gap61	1942101	1943006	905	AGATGCTAATGGTGACAAAGTAACAGCAGGAAAAAAAGGAAAACAGTCAGGGAGACGTATTGATTTTATTGTATTAGACGATAACGGTAATGCTATAAAATCGTTTGAAGTAACAAGCAAAACAGCCAAAAAAGGACCTCAAGTAGCGAAAGAAAATACAATTAGAGCAAAAGGAGGGACATTTATAAAAGACAACAATGGAAACCTTGTTGATGTGTCGAATGTACCAACACAAATTATTAGGATAAGATGAAAAAAATGAAGAATGAACTTATATTTAGCGTATCTGGAATGATAGCAGCATATCCAATGAAAAGTGATAAAGACGATATGATGGTAATATGTTTTAACTTATTACGCTTTTCTTATGACAATGGACTTTTAAATGTTTGTCCGTTCGATGAGAATGATGAGTTGCTTATGGATACGATTATTTATGAAGATGATTTGACTGCATTAGGAAAGCGTATTTTTAATGATTTAATGTATGATTGGCTTAATTATACGGATAAAACGGATGGAAAAATTGATAGAAAAAACAATGTAAAAATGCTGGAAAAATATTTTAATAAATTAAACGGCAATATGTAACTTGTAAACGGTAAGGCATATAGCATTATCTCCGACCATATAGGCAGACCGATACAGGCAATAGATGATAACGGCGAACTTGTATGGAGTTGCGATTACGACATATACGGCAGACTGAAAAAGTTAAAAGGCGAACGGACATTCATACCGTTTAGGCAAGCCGGGCAGATAGAAGACGCTGAATTAGAGGGACTTTACTATAACCGATTCAGATGGTATAATTCGGAAACAGGCACATACCTAAGCCAAGACCCGATAGGCTTGGCGGGCGGTAATCCTACAATTTATGGGTATGTGAAAGACCCGAATACTTG
NZ_CP061839.1_gap62	1945852	1947985	2133	TGAAAGAAGATTTAAAACTTAATTCCGTATCAGATTCGGAACTCAATAACTTGGATAAAACGATAAATAATTATGACCGAATTTATATTGAAAATTCGGCGGAAGAATTAATCTTGGATAAGGTAAATACTGTTTTGTCCAAACACGATATACCGGTTTTATTATGGATTGATGAGCATCTTAAAAATTATTCGGGTAATTTGCACATATTAAGAAGCCTTACCAATATCAAACAACTTGATATTTTTGTTGCCGCCGGAGAAATAAGTTCTCTGTCGGACATAAGCTTTATTAAAGATTTACAAGTATTGAAATTGCGGAAAAACTTTAAAAAGGGAATATCACTGAATGATTTAAAAAAGTTTTCAAGACTAAAACATTTCGAACTTGAAAACGGATTAACTTCAAAGCAGCATTCATTTATTGATGAATTGACAAGTCTTAAAACCTGTGCAGTCTTTGACTTGGATTTGGATAAAATAATCCCCAAACTTACACTTAAAATGCTTAGGATATATAGAAAACTTTTAAGTTGCGAAAAAATTATGGAAGTTTTTCCGAATCTTACCTCTTTATATTTGGAAAAATGTAAAGATATGGATTTAAGTTATATTGGACAATTGCCGCATATTCAGGAAGTTTGGTTAAGATATATGCCCTTAGTTTCTGCCATTCCCGAATTTATTAATCCCGGCAATATAAAATTGTTCCAAACAACTCATTTACCTAAACTGGCGGATGTTTCGGAAATATTTAAAATGAGTAATTTGGAATCCTTAATGATGACCGATTTAACATTATTAAAAGCAGATGATTTTAGTAAGTTAAGTGAATTGCCCAATTTAAAAACAGCTTATATAACTTTCAAAGACCCCAAAGAAAACTTAAAATTTTTTGAATTTTGCCAACGGAATAACTGGATTTACAAACAACCCGCATTAGTTAAATAGTAAAAAGGTCAATACCTTGATACCGAAACCGAATTGGTGTACAATAGATATCGCTACTACGCCCCACTCCGGCGCTAGCTTGCAGCTCGTGTCCATACTGAAATTTACAAAACTAAGGTACGAGCAAAATGCTCGCTCCGGAATGGAATGTATTGCTTTCGGCAGGATAACAGAATAGAAAAGAAAACAATAATGAATATACAAACGGAAATAAATAAAATATTAGAGGACATTATAAAAGAAGAACGGGAATTTGTGCCATATAAACAAATTCTTCGAATTTCGGAATTGTTATTGAAGTCAAATGATGATGAAATTTTGGAATATCATTTTTCTTTATTGAAATTGAACATAGACGCAACTTTGTATCATCATCTTTTTGAGGATTTTAAGAAACGTCCCTTTTCGATTATAGAGCCTTTTTTATTAAAAAAACTACACGATGAACGTGATATTTTTTTACTGGGAGAAGCAATACAGTTATTAGGCTCTATCGGTTCAAATAAAGTATTGCCCTATGTAAGGGAACATATTAAATCAAAAGATAAAAATATCCGTGAGCGTTGTATAATCGTATTAGGCTGGATGGGAAATAAAGATGATTTACCTATTTTAAACGATAGGTTACAAAACGATACGGACGACGAGTTAAGAGGGGACGCAGCAACGGCAATGCGTCAAATATGGTTTGCCAAACGGGCAACCGCAGAAGATATACTACCGTACCTGTACCACTCTGTTGTAAAAGAGACGGCGGAAGAAACATTATCGAGTATTATCATCGTTATTCAGGATTTACTGCAAAGAAAGTTCGGTTTGCAAGAGCGTATCAACGAAGGCATTATCACGGGCGACCCCGTAAAAGCAAAGGAAAAGGTAATTAAAGCGCTGAAATTATGATAAAAGTTTTTTATTACGATTATGCACTTGAGTAAGGAATGGAATAGCTTCGCCTTGACGATTTTACAAATCGGTAACGCGACAAAAATAAGAGTTAAGCAATACTTGAACATTTTCCGAAAGTTGTGTAAAATATATTATATGAAAAGTACAAGAAGTCCTATTGACATAAATACGGAAATAAATATAATACCCCCCCCCCCCCCGAAGGAAACCGGCAAATGTTTAATTAAAAACCGTAAGCCTGCCGATAACGTACAGTCCGCTTTTAAATTTACACATT
NZ_CP061839.1_gap63	1963878	1965768	1890	CACTAAAATCGAAAGAGCGCCTTTTACCAACTGTACGGCCTGGGTTTTAAGTAAAATTTGATAAGCCTTATAAATCAAAAATGCAAGCAATAAAATATCTAGTACGGGTTTTAAATAAGAAGAGTAAAAAGCGGCTATATTTCTTATTATTTCCATTTTCAGCTTCCTTTAAAAATTACGGTTTTTCAAGATGATTTTCATCTATAAAAACGGAATTGCGTATATTTTCATTTGTAAAATTTTTAGTTAATAATTTTTCGGCTCTTTGAACTATATGTTCCGCTGAAAGTCCTGCCGCTGCAAAAATCTCGGAGCGGGTACCGTGCGGAAAAAACATATCCGAAAACGCCATTATTTCCGTTTGAGGTCTTTGTAAAATACAATTCGTTAAAATCAAGCCGTTAAGATAAGCCGATATTCCTCCTATTTCGCAGCCGTCTTCCACGAAAAGTATATAAGGATATTTTTCGGCAAGACCTAAAAAATAAGGTTCATCTACCGGCTTTGCAAAGCGGAGATTGTAAATATCCGTAGGAATGCCCTTATGAGCAAGCATATTTGAAGCTTCTTTTACTTCGGAATATATGCCTCCGGTAAATACAATCAAAATATTATTTTTATCGGAATTTTTTATAAGAACCCCTCGTCCCGTCTCTATAGGAAGCGAAAATTCAATAATTTCGCGAGGACATGAGGTTTTAGGATAGCGTATTGTACAAGGCTGGTCCTGTCTGAAAGCCCATTCAAGCATTAAATCCGTTTCTTTTTCCGAAGCGGGACATAAAATCGACATATTGGGTACAGGACGAAGTAAAGAAATATCAAAAAGCCCCTGATGAGTTTCCCCGTCTCCCGGGACGGCCCCCGCCCTGTCCAATGCAAAAACGACGGGCAAATTTTGCAATGCCGTATCGTGAATAATCTGGTCTATCGCCCTTTGAATAAAGGTACTGTAAATAGCCGCCGCAGGCCTAAGCCCCGCAGCTGCAAGTCCCGCCGCAAATGTAACGGCATGACCTTCCGCAATACCGACATCAAAAAACCTGTCTTTAAATTTACGGTGAAACTGCGAAAGCCCCGTGCCTTCTTCCATAGCGGCGGTTATAGCCGCAATTTTATCGTTTTTTTCCGCAAGACGCACAAGCGAATTACTGAAAGCTTGCGTAAAAGTAACGGCATCGCTTTTTTCGATTTTTCCGTCGGCAGTATTAAAGGGCCCTATTCCGTGAAAAGCCGAAGGATTAATTTCGGCAAAAGGATAGCCGCGCCCCTTAACCGTTTCTACAAGCATAACTACCGGTGTTTTAAGCTTTTTTACATTTTTTAAAACTTTTTCAAGCTCTTTTATATTATGCCCGTTTAAGGGTCCTACATATTCAAAACCCAAATCCACAAAAATATTATTTTTATAAAAGATACCTTTCATACCGCGTTTTATGCGCCAAATAAAGGCATTTAATTTTGTACCGATAAAAGGAATTGAACCTACAGCCGTGTCGAAAAGATATTTAAAACGCTGATAGCCTGCGTGCATGGTAAAGCGGCTTAAGTACTCGGAAAAAGCTCCCGTACTCTTTCCTATCGACATTTTATTATCATTAAGAATTACGATTAAATCTTTTTTTAACTCGCCGGCATTGTTTAGGGCTTCAAAAGCCATTCCTCCCGTCAAAGCGCCGTCCCCTATAACGGCTATAACCTTACCGTTATCGCCTGAAAGACGCTTCCCTTCAAGAATTCCTAGGGCCGCCGAAATTGAAGTCGAAGCATGTCCGGTATTAAAAACATCGTGGGGGCTTTCTTCCCTCTTCGGGAAGCCTGAAAGTCCGTCTTTTTGACGTAAAGTGGAAAAGCGGGAATATCTTCCCGTTATAATCTTATGGGCATAAG
NZ_CP061839.1_gap64	1966978	1971777	4799	AGGAAGGTCAGGCGGCCCTAACCAAAGCAATATTAACGATTTTATTCAAACGGATGCGGCAATCAATCAGGGAAATTCAGGCGGCCCCTTAGTTAATATTTACGGAGAAGTTATAGGCATAAACACTTGGATTGTTTCTTCAAGCGGAGGCTCTCAGGGACTTGCATTTTCTATCCCTATTAACAATTTAAAAAAAGCTATCGATGATTTTATTTCTTCAGGCGCCGTAAAATACGGCTGGCTAGGCGTACAGCTTTCCGAAATAAACGAAGACTTTAAAAAACAGCTCGGATTAAAGAATTTTGACGGAGCATTTACGGCTCAAGTATTTTTAGGCTCTCCCGCCGACAAAGGCGGAATTATGCCGGGGGATTTTATAAAAGAAATAAATTCCAAAAAAGTAAAAACTACGGAAGAGCTTATAAGAATTATAGGCGATTTACAAGCAGGTGAAACCGCCGAATTTAAACTTATACGCTCCGGGAAAGAAATTTCTTTAAAAATAAAAATAGAAGAAAGAGATGAAAAAACGGTAGCCGATTCGTCAAAATTATGGCCCGGGTTCATGCCCCTGCCGATTGACGAAAAAGCGGTAAAACGCTTGGAATTAAGCAAAAATCAAAGCGGAGTAATAGTTTCATCTATATATCAAAAAAGCCCTGCCGCGGTTCTTTCATTACAGCCGGGAGACATCATAACTAAGGTAAACGGAAAGGAAATTAAAACAATTGAAGAGTTTTATACGGAGCTCGGTAAAAACCGGGGTGATATTTGGTTTGACTTTATCAGAGAAAAACACAACCTTTCAACGGCTAAAATTAAAAAATAAAGAAGTGCTTAAGCATTTCTCATAAGATAATTTACCTCCTTCTTTTGGGCAAATACGATTTTCGTGTTTGCCCTCTTTTTTTTAATTTTTATAAAACGGAAATACCGGCTTTTTTAAAAATTTCATATAAATCGCAAATGGGAAGCCCCATTACTCCGCTGTAAGAACCCTCTATCTTTTTAATAAACAAAGAAGCCGCTCCTTGAATTTTATAACCTCCGGCTGCGTCCCGCCATTCATTTGTTTTTAAATAAGATGTAATTTCTTCAGGTTCAAGTTTTTTAAAAAATACCTTGCTTATGTTTACCCTTTTATATTCTTTACCGCAAAGAGAATCGATACAATAAACGGCGGTAATTACGTTATGAAATTTTCCTGAGTATGAGGTAAGCATAGACTCCGCTTCAATAAGACTTTCAGGTTTTCCGAAAACCGTTTTACCGCAGCTGCCGTTATTTTTATAAATAAGGGTATCTGCAGCAATAATAAAAGCGTCCGTACCGTTATTTTTAAGTTTTAAATATACGGTTTCGGCCTTCCCTTTGGCAATCAAAACACATCGCTTTATAGGATTTTCTTCGATTATACTTGATTCGTCAAAATCCGAAACAGATACCGAAAACTCCAAATTAAGCGATTTTAAAATTTCTTTTCTTCTTGGGGAATTTGAGGCGAGAAATAATTTCATAAAAATAAAATTACAGTGAGAATCTTAATCGAATTCCCACTGTAAGAACAGCCGCTTATTTTTTGCTTGAATTTCCGTTCGCAATTATTGAACGTAAAACTTCCACCGCTTTGTTACGCACCGGAGTAATGTAATTATAATTATTTGCAATTCTCATAATATTATCAATCATTCCCTGCTTATTTTTTACGGACGGAGCAAGTTTTTCATAAGTATTAAGAACTTCAAGAGCTAAAGAGCTTGTGGGATTTACAATATCGAATTTCCTATTGATAAAGTTAACCATTTCAACAACTTCATCGTTATTGTTAAATCCTAATTCTCCCAGCGATTTAACGGCTTCCATAATAACCGCAGGTTCATTATCGGTATACATAACTTTCATTAAAGTGTCTTTTGCCTGTTCGTTTTTAACCTTACCCAAAAGGCGGCAGGCTCTCATTCTTACATCGGGATAGTTATTGGCAATACGGCCGTTTTCTCTGACAAGAGTCGTTAACCCTACCGTGGCAAGAGAATCGAGGGCTTTTTGAAGCTCGGGAGACATTTTTCCGCCTTCAACGGCTTCTTCAATAACCTGAAGCGCTACCAATTTGGAGTCTCTGCCTTCGGAAGAAATCATTTCTCTTAAAATTACGCCTTCCATAGAATTGAGGTATGCTTCCTCAACGGTCATCATCGAATCGGAATTTTCAGAATCCGAATTTTCTTCCGCAAAAGTAAAAACGGAACTCAATAACAATATCATCAGTACAAAAAATAAAGACTTTCGTCGCATTCATGACCCCCTTAATTAAGTCAATTGTCTATATTTTCAATCATTTTTGCCGTAAAGTCAAGTAGTCAATACATTTTTTTTAACTTTTTAGGCAAAATTTATTATTACGGAACCAACAGCCACTTTCCGTTTATTTTTCCCAAGTTATAAAGTATCAGTTTGCCTTGAATAACCTGCACCTTTGAAGGTGAAAGATATTTAATATCATCTACCCGCATTTGCTGGCGTGAAGGAACGAAAACATAAGAAAAATAATCGCTCAAGTCTTTTAATACAATCCCCTTCGCAATACCGGGTAAACTCTCCGATGTCCTTTTTAAAACGTCGGCTCTTGAATACTCGGTTTTATATGCGGAAGACAAATATAAGAGCCAGCGCGAATAGTCTTTTTGAGAAGTAACGGTATTAAGTTTTTTTACAACTTCTTCAATTTCCGACTTCGCAAGTTTTTTATCTTTTCTGGTTATGGCGACACCGTTAAATTCGGCTATAACATCTTCATCGGACGGGCTTTTAGGAGCGGGGTTTTCAGAAGCCGCAGGTTGTGCAGGCTCCGCAGGCTTCACCGCTTCTTCCGTTCCGGCCTTTTTCATATTTTCCTCCGAGGAGGGCTTAAGACCGGCGTTATTATCGGTTTTAACCTGCTGCGATACGCAGGAAGTTAAAAGCATTATTGCAAAAATAATAAAAATATAAACAAGTTTTTTCATATTCGATATAATACAACTATTTTAATTATAAGTCAATGTATATTAATAACAATAGTAAAAATTTAAAATTTATTCGATTTTCAGGCTTTTAAATAAGTTTTATACAAACGAACCGATAAAAATAAAAAAAATCGCATTTTTTTTATTTTTCTTTATTTTTACTCTAAAGTTTTAATGCCGAACGGCCGATAAAGGTATTTAGAGGAACTTCTTTCCTCTTTCAAAGCAAGGACGCTTTGTAAAAACCATTATTCCAGGGAGGAATATCTATGATTATCAATCACAACATGAGTGCTATGTTCGCACAGCGAACACAGGGTGCAACCACAGTCCACATCGGAAAGGACATCGAAAAACTTTCTTCCGGTTTAAGAATTAACCGTGCGGGAGACGATGCTTCCGGTCTTGCGGTTTCCGAAAAAATGAGAAGTCAGATTCGAGGTTTGAACCAAGCTTCAGCCAACGCATCTAACGGTATCAATTTTATTCAAGTAGCGGAAGCATACTTACAGGAAACTACGGACATTATGCAGAGAATCAGGGAATTGGCCGTTCAAGCTTCTAACGGTATTTATTCCGCAGAAGACAGAATGCAAATTCAAGTTGAAGTTTCTCAGCTGGTTGCTGAAGTTGACCGCATTGCAAGTTCCGCACAATTTAACGGAATGAATATGCTTACGGGCCGCTTTGCACGTGAGACCGGTGAAAACGTTGTTACCGCTTCCATGTGGTTCCACATCGGTGCAAACATGGACCAAAGAATGCGCGTTTACATCGGAACAATGTCGGCTGCAGCCGTAGGAATTCGCGAAATCGGTTCGGAAAAGATTATGACAATCGAAACTGCCGATTCCGCCAATATGAGCATCGGAACGATTGATGAAGGCTTAAAGAAAATCAATAAGCAAAGAGCGGACCTCGGAGCTTACCAGAACAGAATGGAACTTACGGTTGTAGGTATTAACATTGCAGCCGAAAATCTCCAAGCTGCAGAATCACGTATCCGTGATGCAGATATGGCAAAGCAAATGGTAGAATACACCAAAAATCAAATTCTATCCAACACAGGTATTGCAATGCTTGCTCAGGCAAACAACAACAGCCAGCAGGTAATGTCTTTACTCCGATAGGCTAAAATCCAAGGATTTTAAAAAATCGGTTGATTTTTTTTAAAATACTCTTGTAAATTTTTCTTTATAAGAGTATAATAGGAGCAGGTAAAGGGATTTAAATCCCCTTACCTGCCTGATCTTTGAAAAGCCCTTTTCGGGCAGCCCTTTTCGGGCGGCCTTTTTTGAAGCTCGGATTATGAGCATCATTTAAGGGCGACCCTTATGAAGCCCTGTACCGCAGTGTTATTGGCAGTTTTAACAAATTGTCAATAATACTGTGTTTATAGTTTATGTAAAAGGCGCGAAAATTTTACATAAGGCTATAATTTACGGGAATGACGGCAAAGGATGCCGGATTATAGACTTCAGGGAGGGTCAATTATGATTATTAATCACAATATGAGTGCAATGTTTGCACAAAGGCAGGGAGGGGTTAACGAACTTCACCTTGCAAAGAATATCGAAAAACTTTCCAGTGCGGAAAGAATTAACCGTGCAGGCGATGACGCTTCCGGTTTGGCGGTTTCCGAAAAAATGAGAAGCCAAATCAGGGGCTTAAACCAGGCAGGTCAAAATATCCAAAACGGCGTTTCGTTCATTCAAGCAACGGAAGGCTATCTTGGTGAAACTACCGATATTGTGCAAAGATTGAGAGAGTTGGCAATTCAAGCGGCAAACGGTA
NZ_CP061839.1_gap65	1975644	1980507	4863	AATAAAAAATATACAAACAATAGACAGCCACATTTATTACCGTCAAATATTCACCGCAATTGCAGTGTACACAATTTTAGGCGGAGAGCGTGAAGGAAAAATCGAATTTACCATAGAATATAAACCTACGGGAGAAACTGAAATTCAAGTTAAAATGATAGATAAACTTGACTATCCGGTGCTTCAAGTTATGATAGAATTAAAAAATGCCGTAAGGAATTTAATAAAAAATGAACAGCTGCCCAAACCGTAAAACTATAGAGTTCATTTTAAAATCCGAAGAGGAAACGGTCAAGCTCGGTAAAAGACTTGGAAAAGCCCTTAAAAAAGGCGATGTTATTGCTCTTGACGGAACTTTAGCCGCAGGAAAAACCTATTTTACAAAAGGTATAGCGCAAGGCTTGGATATAAAAGATGAAATAACAAGCCCCACTTTTACAATAGTTTCGGAATATTCGGGCCGTCTTCATTTATACCATATAGATGTTTACAGATTGGACGGAGCCGATGATTTTTTAGACCTCGGAGCGGAAGAAATGCTTTACGGAGAAGGTATTTGCGTAATTGAATGGAGCGAAAAAGTAAAAAGCGTTTTACCGAAAAACACGATTTATGTGAAAATCTTTATAAATGAAGATTCGTCACGCAAAATAATTATTGAAGGAGATATTGTTTTTTAATCCGATTTTACCGAAATTGTAAAACGGAAAAGTTAAGATTATGAATACGGTTTTTATCGATACAAGTTCATCAAGCGCAGCGGTTACGGCCTCGGGTAATGCGGGAAGCTTTACGTGTATTTTTACACCTGCAAATAAAAGACACTCCGCCGCCCTTATTTCTTTAATCGAATCGGCGGTAAGCGCCGCAGGCTTTTCCGTTGAAGAAACGGAGGCGGTTATATGCCCGCAGGGACCGGGAAGTTTTACAGGCCTGCGATTGGCATATTCGGCTGCAAAAGCGATTTGTCTAAAAACACATGCCGAATTTTACTGTATACCCGTTCTTGATGCCTTAAATTTCCGTTACCGAAAAACTTGCGAACAGGTTCTTTCAATAATAGATGCAAAAAGAGACAGGTTTTACGTAAAATTTTTTAAAAACTCCGAAAGACTTAAGGAAGACGGCACACAGGAAATTTTTGAGCCCGCCGACATATCCGCAAAAGAAGCGGTAAAATTTTTAAACCTGAACGAACGCGCCGTAATTTGCGGGTCGGGAACCGAACAATTTAAAGAAGATATTAAAGGCGTTAATGTTAATATGGAAAACTTATTTTTCATAGAAGAAAAACTTGAAAATTTATCGCAAATTATGCTTGACTGCTTTACATTAAATAAAAATATTTTTAAAGTTAGTGATTATGACGGGCCTTTGTATATAAGAAAAAGCGATGCGGAGGAATAGGCTGCAAGAGGATAAAATATGAAATCACATAAATCCAAAAGAAAAAAACGAAAAAAATCCGAAAAACACGATGCCCCGAATGCGGAAAAACTTGACAATCTTAACGGAGTTAATGAAATAGGCGAAATTGAAGAACTTGATACGGTTGAACCCGTAACGGAACTTACTCAAGCGGATTTTATACAAACTTCCGAAAAAAATCCTATTGATAAGACCGATATTCAAACTTCTTTATCGGACGAAAATTTAACTCCCGTTTTTAAAAATGCGATGGACTTACTTGCCAGTCCGATAATTAATTGTATACTCTTAGATAAAAATTTTATTATAAAACACATAAACCCGATAGTGCATGATATGTTTTATAATTACTATACGTTAAAACACGAATCTTTTTTTAATGTATTCGGTAAAACATTGGAAAAAGACGATTTGGATACATTGCTGAAAAAACTGAAAGACCCCGACAGCGGATTTTCGTGGACTGGAGTTTTAATTCACAAAACCAAATATTATAAAACTATGTATACAAAAACCCATATATTTCCTCTATTTGAAACGGGTTTATTAAGCGGTTATTGGGTAATATTTGAAAATATAACGGATGTTTATTTTGAACATTATAAAAATATGCTTAACAGTCTTTTAAACGCTTCAAAACTGAAAGACAATGACACGGGGTTTCACAACGAAAGACTTAATCATTATTCTAAAATATTAGCCGAGGCTATGTTTAAAACAAATCTTTTCCAGCAGATAGATGCCGATTTTATTGATAATATTTCGTCTTTAGCACAAATTCATGACATAGGTAAAATAGGAACTCCGGATTATATTTTACAAAAAAACGGCTCTCTTACGCCCGTAGAATGGAAAATTATGAAAGAGCATACGATAAACGGTACCCTTATTTTAGCCGCCTACCCTATTCCCATGGCAAAAGAAATAGCATTAAGCCACCATGAACGATGGAACGGAACAGGCTATCCTTACGGACTTGCAGGCGATATGATTCCGCTTTCGGCACGGATTGTCGCCGTAGCGGATGTTTACGATGCGCTAAGAATGAAGCGGTCATATAAAGAAAGTATGCCGCATACCGAAACCGTTGCCAATATTTTAAACGGTTCCGGCTCGCATTTTGACCCCAATATAATCGAAATATTCAAAACCGTTGCGGACGATTTTAACGAAATTTGGGAAACAAATAAAGACGGAAGTCAAACATAAAGCCTTTCAGGCAAAAAACAACGAGCGTTTTTTACGCAAAAAGCATTTTAAACCCGCTATAGAAAATAAGCTGAAATTATGATATACTCTTAAAGTTAAAAATCGGCCGATAAAAAGTAAGATAAATCGGCTCAGTATGAGGTGAGTTTTTATGAATTACAATGAAATTTTAAAAAGAGCGGAAAAATATATTTCCGAAGAAACGGAACAAAAATTTATTGAAGAAGTTAAAGAGCTTATTCAAAACAAAAATGAAAAAGAATTAACCGACCGTTTTTACAGGGAACTCGAATTCGGAACTGCGGGATTAAGAGGTATTATAGGCGGCGGTACAAACAGAATGAACCCCTACGTTATAAAAAAGGCAACTCAGGGACTTGCCGAGTATCTTATACGGGCAAAACCCGATAAGGCAGCCTCAGGTTCTTTAAGCGCCGTAATAGCCTTTGATTCAAGAAGATATTCCGACGTATTTGCAAAAACCGCAGCCCTTATCTTTGCCGCAAACGGAATACGATGTTATCTATTTTCCGCCCTGCGCCCTACTCCGGAACTTTCTTATGCAATACGCGAATTAGGCTGCGACACGGGTGTAGTAGTAACCGCCTCTCACAACCCGCCTGAATATAACGGCTATAAGGTATACTGGTCGGACGGCGCTCAAATTACACCGCCTCACGATTCCGGCATTATCGAAAAAGTAGGCTCCGTTTCTTCCGTAAAATTGATGAATGAAGAAGAAGCCCTAAAATCGGGAAAACTGAAAGTCATCGATAAAGAAATAGACGATAAATATTGGGCAATGCTTAAAACTAAAATTACCCGTACCGCAATTATTAAGGAAATGTCGAAATCCGTAAAAATAGTATATACTCCCCTTCACGGAACCGGGGCTATGCATGTCGAAAAAGTTTTAGGCGAAATGGGATTTACGGTAATTACAGTTCCCGAGCAAAGAGACCCGGACGGAAATTTTCCCACAGTAAGCTATCCCAATCCTGAAGACCCGAAAGCCCTAAAAATGGCTATAGAACTTGCACAAAAAGAAAATGCCGATATTTTAATGGCAACCGACCCCGATGCGGACCGCTTTGCCTGTGCGGTTAAAGACGAAAACGGAAATATGCAGCTTATAAGCGGAAATCAAATGGGAGCCTTATTTACGGATTATATTTGCTTGACCTTAAAAGAGAACGACAAAATGCCTAAAAATCCTGCCGTTGTACGCTCCATAGTAACCTCGCCCTTAAGCGATTTAATCGCAGCTTCTTACGGAGTTAAGTCGTTTGAATGCCTTACAGGTTTTAAATGGATTTGCGGTATGGCGGAAAAAATGGTTAACTCAGGCTCTCATTCTTATATTTACGGCTATGAAGAAAGTTTCGGCTATAATTTCGGCACGGAAATAAGGGATAAGGACGGAATTGCGGCTTCGGCAATTTGCTCCGAGATGGCTCTTTATTGGAAAAGCAAGGGCAAAACTCTTCTTGACAGGTTAAATGAAATTTTTACGGATTTTTCGTTTTACGGAGAAAAAACTGTTAACCTACAGTACCCCGGAGCGGAAGGTCTTACCGTAATGCAAAATATGATGAAACAGGTAAGGGAAAAAAAATTAAACGAAATCGCTTCGGTTAAAGTAAAAAAAATCAGAGATGTACAGGAAAGCTGCGAATACAATCCCGTTAATCCCCTACAAACGGAAACAATAGATTTACCTAAAAGCAATGTACTTCAATATTATCTTGAAGACGAAAGTATAATTTGCGTACGCCCCAGCGGTACGGAACCGAAAATTAAAATTTATATCATTCACCCAGAAAAGGTAACATCTTCCGTAAGCGCGGCAAAAGCATGTTCCGATAAAAAGATTGAAGAATTCGAAAAATGTTTTAAAGGAATTTTAAACGCATAATGGGCTCTTACGATTGGATTAGCGCCGTATATGATAAGGCGGTTTTTACCGCCTTCGATACGGAAACTACGGGCATAAACCCTAAAGATGAACGTGTAGTCGAAATAGGCTGTGTAAAATTCGATACTCGCGGAATTATTGCACGGTATAATGTGTTAATAAACCCGGAAAAACCTATGCCGGAAGAAGCCGGAGCGGTAAACAAAATAACCGATGAAATGCTTGCTGATAAGCCTAAATTCCCGCAAATACTTCCCGATTTTTTGGATTTTATACGGAATACGGTACTTGTAGCCCATAATGCGGGCTTT
NZ_CP061839.1_gap66	1983014	1985804	2790	AATACGGGACATGAGATTCATTTTATACCGATTTGGGCGGCCGAAATAAATGAAGAGCATACTTCCGCAGGAAATGCGGACGGCGGAATTGAAGAAAAAAACTTTGAAGGAAAAAAAACATTTTTATTCACTGCGGAAAAACGTTTCGGTTTTTTTTCGGAAGACGGAACGATTTTGCGCACTGAAAATTTTAATGAAAGAATGAGCGCTTCCTCGGTTTTTTGGACAAAATATTCCAATAAGCCCTTATCCGCAGATATCTACTCTCCGGAAGGGAAAAAACTTTTAACCGTAAACAGTCCGGGATATGTACATCTTGATAAAGACAGAATTTATTTATTTGAGCCGGGGGGAAATTCAGTTTGCAAATATGATATACATGGAAACAAAATATGGAAATATGCTCACACAGCCGTAATTACGGCGTTTAACTGTTCTTCGGAGGGAACGGTTATAGGATATTCCGACGGAAAATTCGTTTGCCTGGATAATTCCGGCAATACCGTTTTTTCGTTTTTTCCCGGAGGAAGTAAGTACCAGATTATTTTAGGAGCTGCAATTTCCGAAGACGGAAAAAAAGCGGTCTGTATATGCGGAGCGGAAAAACAAAGACTTATTTTGATAAATATAACAGGCTCCCATTACAAAATAGTACATCATACATATTTAAAAAACAATTCATACAAACGCCTGTTTATAAATTTCGATTTAACCGGAAATTTTGCCGTTTTTGAATCAGCCGACGGAATAGGAATAGCCGATTTTAAAAAATTAAAAACGATTTTTTTAAACGAAAACGGAAATATAGCCGATATAGGTTCCAACTTGAAAACGGGTCTTTTGACGGTATTATTGCAAAATGAAAAAGAATGTACTTTAATTGCAATAAACCCTCCCGATTTTATAATCGGAAAAACAAAATTTAACTCAAAACATACATTTTTAATTCAAGATGAAGATAAAATATATTTGGGAACGGATACAAAAATTACGGCTCTCGAAATAAGAGGAATAAAATGAAAAAAAATATTTTACAAGGTTTTCTTTTTTGCATAACTTTTTTTTCCGCATATACGCTGTCTTGGCCTACCGATACCGTTAATTTTCTTACCCTCTTCGGACAGGCCGAAGAAGCGTACGGCGAATTTTCCAACGGTATTACATTTAAAGATGCCGGAACAGTCCGCATCGCAAATTACGGCAAACATTTAATAACTATGGAAGAAAAAGACGATAATCACACCTTTCCGTGTACATTGGGCAACACCGCAATCTTTATACATGATGACGAAATGCAAACGGTTTACGGCAATTTAACCGATAGACTTATTTTTACGGAAGGGGCCGTAATAGATACGGGCTCCGTAATAGGACAGACCGGAAGTTCCGCATGGAGCGAACCTAATTCTTTAATTTTTCAAGTATTGGACACTACAAATAATGCATCTATAAATCCTCTTCCTCTTTTAATTCCTTCTGCAAAAGATGAAATGCCGCCGCAAATACAAAATACGGTTTTAATATCCGAAGGAAGGCAACCCGTAAATCTTTCGGAAGCAAAAACCGTAAAAAAGGGTTCTTACGACTTATACGCATCTATAATCGACAAAACGGAAAAAAACGGCGCACCTTTGGCTCCGTACCGCGTAAGTATTTTCATAAACGGAATAAATACCGAAATTATCTTTTTTGAAGTACTTTTAAGCGGTAAAGACGGCATATATCTGCAAAATACGAAGTTAACCGCAAAAGCCTTATATCAAAAAAAAGGATTTATGTACTTGGGTAAAATCAATCTTACCACCGGTAAGGTTGACCTTTCCATAAATGCAAGAGATATAATAGGCAATGAAAAAACGGAAACTTTTTCTTTTCAAGTGGAATAAATCTTTTGATAAAATTTATAAACCGCCAAAGGCCGATTTTTGCCGGTAAACTCTAAAATATCAAACCCGCCTTTCAGGCGATTGACAAGAAACGATTTTGTGTTTAAAATAGATAAAGGAGGAATTCCAATGACTTCTAAAATAGGAATAAAACTTGCAGACGGAACGTTTTTTCCGATTCTTGATGAAAATGCATCATCGGAACATGTTATCGAGCTTACTACGGTAAGGGAAAATCAAGGAAGCGTTCAAATAAATTTATTTAAAAAAAGCGAAGAGAGCGAGCCTGAGTACATAGGTTCCCTCATAGTCGAAGAAATTTCGGACGGCGCGGCAGGAGAGCCTACGATAAGTTTAAAAATTAAACTTGACGAAGAAAAAAATCTTTCAGCGGAAGCCGTTGATGAAGGTTCGGGTTCCAAACAATCCCTTAAAGTATCGCTTAAAACGCTTAACGAAGATACATTCGACGTGCCCGACTTCGATTTATCTTCTATGGGCGGTTCCGTAGGTGAAGACCTTAACGGAGAAGATATTATTATTCCGGAATCGGAAACCGATTATTCGGTATTTGAAGAAACGAAAAAAACGGAGGAAATAAAAGAAAAAAAGAAATTTCCGTTATGGGTAATCATACTTTTAATTATACTTTGTATCGGAGCCCTTGTTTTTGCAATTTTACTTTTAACAAAAAAAATCCCGTTTATGGACAAAAACAAACTTGCTTCTTCAAATACCGTAGCGGAAAGTACCGAAACCGTAAAAAAAACCGATATGAATTCCACAACCTCCGTTCCGCCTAAAGAAGATACTTCCGAAAAAGCTGCTGCAGAAGCAAAAAGGAAGGCTGAAGAAGAAGCCGCAGCGGCCGAGGCTAAGCGTAAAGCTGAAGAAGAAGAGGCTG
NZ_CP061839.1_gap67	1990780	1995210	4430	CCTGAAGGCCTTGCACCTGAAATCCTTGCCTCCGGGCTTTGTAAAATTCTTGCCGAAGTATCTAAAGATAAAACATGTCAGGACTTTGATATTGAGCGGAATTTTATCTTTGAAACGATAAAAAAAGATATTAACAATTACGATATAGAAACCCTAATCGCTCCTGCGGATTTAAGACATCTCAGATTACGCTTTGCTTCGGATACGAAACGAAACTCGCTTTTATGCAGCCGTTTTTCAAAAATAAATTCCGAAAATTATTCCGATTTAATTTTACAAAATACTGAAGCTCTTTTTACCCTGCCTGCATACTATTCGCTTGAACTTGTCCCGCAAATTGAAACCGCCTCAATTTATAAGCCGCGTATCCCGCAAGAAAAAACTCTTATGCAAAAAGAAAAAGCCCTTTCTTTAATTGAAAAAATTGCAAACTATTCCGATGACGCTGTAATTTCGCTTTCGATTTTAGGAGAGCCTTCTTTATACCCAGGCATTGAAGAAATAATAGAAAAAATTTTATCGTATCCAAAACTTTCCGTTTTAATTGAAACAAGCGGTCTTCATTGGACCGAAGCCGTAACGAAAAAAATACAAGCTGTTGTAAGCTCTTCTTCTCCGCGTAAAAATTCTATGAAAAGTATTTATTGGATTGTGTGCATTGATGCCGTCAGCTCTTTAATGTATGCAAAAATTCATTCGCTTAAAGAAGACGAAGCTAATATAAAACTTAAACAGGCGGTAACATTTACCGACACATTAAATAAAATTTTCCCCGATTCCGTTTTTGCACAAATTGTACGTATGAACGAAAACGAAATTGAAACGGAGCCTTTTTACAGATTTTGGAAGGATTTAAACGTAAACGTAATAATTCAAAAGTTCGATACGTTTTGTAATGTTTTGGAAGATAAACGCGTTGCGGACCTTTCTCCGCTTGACAGGAATCCGTGCTGGCACATAAAACGGGATATGTATATTTTATCCGACGGCAGCGTTCCTCTTTGTAAAGAAGATATTTACCGTAAAAATATTTTAGGTAACGCTTTTACGGACAGTTTTGATTCAATTAGAGCAAACGCTTTTAAAATTTATAAAGAACATTTAACTTGCAAGTACGGAGGCTTATGCGAATTTTGCGATGAATACTATACCTACAATTTTTAACGAACATAAAATTCCGTATACTATATTGGGAAAAAACGCAGGTACAACGGAAGAAAAAATTTCCGTAGTAGTGCTTAACCGCGGTGCAAGATATTATTTAGCTTCTCTGTTTCAAAACTTAATTTCGATGGGTTTAACTTCAATTGTGTTTGTAGAAAATTCAACCCGCAGTTTTGAACTTGAAACACTTTCAACTCAATTCCCTGAAGTAAAATTTATCGTACCTTCCGAAGAAGTGTCGGCAGGAGAAATGATTAACCTCGGCATTTCGGAAGTGTTTTCCGATTATGTTTTAGTTATTTGGAACGATATGGTTTTGCCCTCAGTGTTTCAGTTTGAAAATTTAATTGAAAAACTTGAAGAAAAACAAATTATATGTGCAGCTCCTTTTTTAATAAGCTCAAAAAATTCGGCTATGCCGATACAAAATGTTCCCTCTCTTATGGGAAAGGAATTCTCCACCGAACAGTTTTTATGCAAAAAAGATTTTACCAAAACAATTTATATGTCCGACTTTACGGGAATTTATAACCGCTTAAAATTTATAGAAGCCGGGGGCTTTGATTATACCATTAAAAATCCGTATTGGCAAAATTTGGATTTTTGTTTCAGGGCACATCTTTGCGGAAACGAAATTATGATTTTTAATATACTTAAAATAAAATATACGGGAGATTTTCCTATAGAAGATATTTCCGCCGATAATTCTTATATGACTTTTTATTTAAAAAATCTTGCCCCCGCTTTTGGAAAAAACGGAATGTATTTACCGGGCAAGCGTTTTTTCCATTACGCAAAACAGTCAGGATTAAATATTTTTAAGGCATATAAATATTTTAAACATGTAAGCCTGTGGGTTAACGTAAACAGATATAAATTTACGGTTTCACCCTCAGAGCTTATTTCAAATTGGGAGCCGTCAATATGATAGGATTATACGAAGGTTCCGCCGTAATTGTTCAGGCAAGACTTAATTCCAAGCGGTTATTCCGTAAAGCCCTGCTTGATTTAGGCGGAAAACCTATTCTTTATAGAGTATTAAATGCAATGCGGGAGCTTCCGGCAGAGCATTTTATTTTGGCATGCGATGTAAATTCAAAAAAAGAATTTAAACCTATTGCCGATATTCTGGGGTATACTTGCGTTGAAGGACCTGAAGATGATGTGTTAAAGCGGTTTTGCAATGCAATAGAATTTATAAATTCTTCCGCAGGAAACAAAAAAATAAAAATGGTTGTCCGCGTTACGGCAGACAATCCTTTTTTATTTGTACAGGCCGCCTCTTCTTCTATGAGGCGCTATTATGAATTGGGAGAGCCGGATTATTTTACATATACGGGCCTTCCCGTGGGTTCAGGTATAGAAATATTAAAAGCCGATACTCTTTTGCAAAGGGGAAAAGTTTCCGCCGATTCTTATGAAAGAGAACATGTAGGCCCTTCAATTTATAGACATTCGGATATTTATAGATGTGTACGTGAAGCCGCTCCTTCCAATTGGTATTTTCCAAATGTACATACTACCATAGATACGGCGGACGATTACGAAAAAGCAAAACAAATGATAAAGTATCTAAAGCTTCATAAAAAAGAAGAGCCTTTTTTGCCCAATGATATTATCAATGCGGCCGACTTTGTAAACAGGCTTGTAGTCTTTTGTCCTTCGGTAATTGCAGGCAGGGGAAGCGGTCATTTACGAAGGGTTTGCGATATTATGACATCTCTTTCGGGAAAGGTAAGATGTCTGGTTTATATCCCCGAAAAAGATGCGCCAAATTTTTCCAAACAAATTTTAAGTACGATTCCTTACGATATAATAACGAGAGAAATACCTGAGCATGCGGCATTAGTAGTTTTAGACAGATTCAGAACTTCATCGGAAGAAATGATGAAATTTAGGCAATGCGGTCCAGTTGCCGTCATCGATGAGGGAGGCTCCGGAAGGTCTATGGCGGATTTTATCCTGGATATACTTCCGTCATTAAATACCGAAAATCAAAATGAATGCGATGTTGAAAAGAGGGCAAATATTTTTTCTCCGGCCTTTATTCCTCTCCCTTTAAAACGAAAAAAAATTACCGTAAAAGATTTTTCTTTAATCGGGAAACGTATTCATTTAAATCCTCAAAAAACAAAGGTACTTGTCGTTTGCGGCGGAGAAAATTCTTACAGAATGGCCTTACCCTCAGCCAAAGTTTTAGCTTCGCTTAATTTCGATGTTACCGCCGTTGACATTAATTTAACTTTCGAAGATATAAAAAAATGCGAAGGGAAAATAAAAACTCATTCGCAAATAGAAAATTTACGCGAACGGTTATATGAATGGGACTTGGTAGTTACACATTACGGCTTTACCGCATTTGAAGCCCTTGCCGCCGGCTGTTATGTTCTTTTGGTTTCTCCTACGGAGTATCATTATAAGCTCGGGCTTTCGGCGGGTTTTACCACAATGCCGCCGGGAATCCCTTCGGCAAGCGGCTTTGCATCGGCTTTTTCTCGCGGTATAAAAACACCTTCTATAATAACGCCGGAATCCAAACCCAAATTCCTGCCGCAGCTTATAGAAAATCTATCTTACGGAAGAAAATATTGCTGTCCCATTTGCGGAGAGGAAGAATCGGGAAACGATTTTCCGAAAGAAACAAACAACAGCTACGAAATTACGGCACGCACTCCGGACAGAACCGTTGCCAGATGCAATAAATGCGGAATGTACTATCTTTCATTTATAATAAGTAAACCGAAAAAGTACACTAAAAGTTATTTTTTTGATGAATACAAGGCCCAGTACGGAAAAACTTATTTGGAAGATTTTGAATCCATCAGACGGCAAGGTCTACGCCGTATGGAAATAATCGATAAACTTTATATAGATATTTTTTATAAAAAACGCACTTATAATATTTTCGATAACGGGAAAAAACTTTTGGATATAGGCTGCGCTTACGGGCCCTTTATTTCAGCCGCAAAGTATTCCCTTTGGCAGGCCGTAGGTACGGATATTTCCGAAGCCGCAGTAGAATATGTAAAAAATACTTTAAAATTACCGGCCTTTGTTTCGGCATTTCCCGCCCTGCCTTCATCTTTTGAATTCTTTTATAAAAAGAGAATAACGGGTTCAGGCTATGATAGAATTTCGGTACCTATAGAAAACGGAACCTTCGCCGCCGTTACAATGTGGTTTGTTATAGAGCACTTTCAGGATTTGGATTCGGTTCTCAAAAGGGTAAATTCGCTTTTAATGCCGGGAGGAATTTTCGCATTTTC
NZ_CP061839.1_gap68	1999561	2002373	2812	GTTTTGAAGAATTTCATAAATATGCCTTACTTGATTCCGAGCAGGAACCCTTTATTTGGGTTCAATCACTTGAAGATAAAAACCTTGCCTTTATTGCAATCGACCCTTTTATATTTAGACCGGATTATGAACTTGACATAAGCGATGATATATTAAAACCGATTGAAGTTGAATCCCCCACGGATTTATTAGTCTTCGCTCTTGTAACAATTCCCCCGGGAGGAAACCCTATTACGGCAAATTTACAAGGCCCGCTTATTATAAACAAAAAAAATAAAAAGGGCTTACAAGCAGTTATGAATGACGGAAAGTGGAACACAAAGCATGATATTCTTGCAGAATTAAATGCTGCGAGGAGGAAATAATGCTTATACTTTCACGAAAAACCAATCAAAAGATTTTAATCGGCGATAATATAGAGCTTACGATTATCGAAATCAGGGGCGACCAAGTTAAAATAGGCGTAAACGCTCCGCCTTCGGTTAAGGTGTTCCGCGAGGAAATTTATCAGGAAATTCAAAATGAAAACAAGGCCGCTATGGTAAAAGATACCGCTCCCATATTGCCCGATTTACATTTACCGCCGAAAAAATAGCTTTACTTATGCAAAACGGTGTGCTTAAAAACGGATTAAACGGCTTTCAGCTTAAAATTATAGCAATTTGTGCAATGGTTATAGACCATGCGGCATGGGCATTTTTGCGCCCTTATACCGAAAATTTTGCTTTATATGTACTTTACGAGATTTTACGCGGTATAGGCAGGTTTACTATGCCTATAATGTGTATGCTTTTAGCGGACGGCTTTTTTTATACCCGAAGTATAAAAAAATATTTGATAAGACTTTTTATCTTTGCCCTTATTTCTCATGTGCCTTATTATTTTTTCGACTACGGTATTTTCTCAATAGGCTCTTTTTCGATTTATAAATTTCAAACCAGTATCATATTCAATCTATTTTTATGCCTTTGTACCCTTGTTTTATTAAAAACGGAAAAAATATGTGCGGTTTTAAAATTATTCGGATTATCTCTGCTTTTTCTAAGCTCATGGTTTTGCGATTGGCGGTTTTTGCCTATTATGCTTACGGTTTTATTTTACGCTTTTTATAAAAAACGTTTTATTGCAATCGGTTTATATTTACCTGTAGTTTTAATTTGGCTTTTTATACATCATTGGGCCGGTTATTTTATGCTTCTTTTGGAAAAAGGCAATCCTTTTATATTTGCCCTTCAAAATGCCTTGCCCTCTCTTATTGAAGACTTTCCGAAAATTCTTCCGTATAAGCTGTTTTTCATAGGTCTCTTTTTTCTGATTCCGTTTTTTTGTCTTTACAACGGCAAACCGGGTAATTTTAAAAAGGGTTCCGTAAAGGCAAAAATTTCAAAGTGGTTTTTCTATGTGTTTTATCCGCTGCACCTTTTAATTCTTGCCTTTATTAAATATGGAAATCCTTTTATTTTTACGGATTAATTTTGCCTTTTATAAGCTCGATATCGTCAAAATAATTTATACGCATAGCATTTCGTACTTCGCTTAAGGTTTCCGCAGCTTTTATTCGCGCTTTTTTTGAGCCTTCTTTTAAAATCTCGTATATTTGCGGAATGTTTTTTTGAAGTTCCGCTCTCCTTGCCCTAATCGGAGAAAGCTCTTCTTGCAAGACACTGTTTAAAAACTTTTTTATTTTAACATCTCCCAAGCCGCCCTTTTTATAATGAACTTTAACTTCATCAAGACAGGAATAGTCTTTCCAAAATTCTTCAAAATGCTCGCTTCGGGCGAAGGCGTCAAGATAGGTGAAAACGGGATTTCCCTCCACTTTTCCGGGGTCTTCTACACGCAAGTGGTTGGGGTCGGTGAACATTCCCATAACCTTTTTTTTAATTTCTTCACAGCTGTCCGAAATATAAATACAGTTGCCCAGCGATTTACTCATTTTCGCTTTTCCGTCAGTACCCGGAAGTCTTCCGCCAGCCTTGTTGGAAGATAAAAGTTCTTTAGGTTCAACCAAGGTTTCTCCGTAAAGCGAATTAAAGGAGCGTACTATTTCACGGGTTTGCTCCAGCATGGGAAGCTGGTCTTCGCCTACCGGTACGGTAGTAGCCTTAAATGCAGTTATATCCGCCGCCTGACTTATAGGGTAGGTTAAAAATCCTACGGGAATTGTATTTTGAAAGCCCCTCATTTGTATTTCAGCCTTTACGGTGGGGTTACGTTCAAGGCGGGCGAGGGTTACGAGGTTCATATAATAAAAGGTCAGCTCGCAAAGTTCCGGAATGTAGTTTTGTACAAGAACGGTAGACCTTGCGGGGTCTATCCCGCAGGAAAGGTAGTCCAATGCAACTTCAATGACATTTGTCCGGATTTTTTCAAGATTATCGGTATTGTCGGTTATGGCTTGCGCATCGGCAATCATTATATAAATTTCATCGTATTTACCCGAATTTTGCAAGGCAACTCTGTTTTTTAAGGAGCCCGCATAATGCCCGATATGAAGTTTTCCGGTAGGGCGGTCGCCGGTTAAAATAATGTTTTTCATTTTGTTATTATGCACTAGAGAAAGGAAAATATCAATTACCCCGCTTTCAGAGCGGAGAATTTTCAGATTTAAATAATGTTTAACTTAAAATTTTATACCTTCGTTTCATCGGGATGTTTCCCGGGTTCGGCATTTGCAAGAAGGAGTTTTAACCTGTTAAGCTGGTTTACCTCGCTTGCTCCGGGGTCGAAATCTATTGCCGAAATATTGGCTTGGGGATAACGCCTTCGTAATTCTTTTATCATTCCCTTTCCCGTTACATGGTTGGGAAGA
NZ_CP061839.1_gap69	2041066	2044245	3179	AGATAAGAAAAAATCTATTATCTTTTGAATGAAATTAGATAAAAATATCACGAAGTTTATTTTATCACAGTACGGTTTAAGTTTCAAGTAAGGCAGGTATTATTTTAAATGGGCTTACATATTTACGGTAAATAAAGTTTATATAATTGTAATACCTGTTTAATACCGTATTTTTAAGTTTTATTCCGTTCCGTTAAAAACTTACACTCTAACCGTTTTCCAATCTTTTACAGTTCTCTTTCTTACGTCAAAGCCCGCGCCTATAAGCACAATAGGTTTTCCGGAAGCCTTGTATTTTCCTTCATAATTTTGCTTTTTTATCTGCTCTATCGCTTCATCGGCGCTTCCCTTTGTTCCCAGCTTAAATTCGAAAATATAAACCGCATTTTCCGTTTGCACTACACAATCGGCTCTTCCCAAGGCGCAATGTACTTCGGTTTCTACAAACTGCCCCATTAAAGCGAATATGAGGTAAACGGCAGCTTGATAATTTTGCTCTCTTAATGACGCATTTTTTTTACTGAAACTGTCATAAGGAATACCGGAAATAACGGCCTTTATTCTCTCCATAAAACCGTCCACATTTCCCGCTCTTATATCTTTTGTAAACTCCCAAATCGAAACTCCCGTATCGCTCGGTCTTAGAGCCGTATATGCGGGAATTAAGTTTTCCAAAAAACCGTAGCGCACTTCATCATTCGGAAAGCCCAACCGGTATAAGCCCGCTTCATCGATATATTCTTTTATCGTTAAGTAGCCCGCCTGAAATAAAATGGGCAAGGGCTCTTTAGCCTCGGCACGATAGGTTTCAAGGCTTGCTTCGTTCAGTTCGATTCCTCCGTCCAAGTCGGGAATATAATAGTGCCCCTCTTTCAAATAATCGACTAAAAAAGTTGGTGTCCCGGTTTTAAACCAATAATGTTTAAAAAGTTTCCCGCTTAAAACGCTTAAAATGCTGAACGGATTATAAACTGAAATCGTTTTTTGACAAAATAAATACCCGTCGTAAGTCTTTTTTAATTTTGCAAGGGTTTGTTCATAAGTTAAATTGTTTTCTTCACCTAATTTTTTAATTTCAGGTTCAAAGTTTTTTTCAAGTTCGGTTTGGGTTATGCCGCAAATACTTGAATAATCGGGCAACATACTTATATCGTGAAGATTGTTTAAATCGCTGAAAATGCTTACCTTACTGAATTTGGTAACGCCCGTTAAAAATGCGAATCGGATAAATTGGTCTGAGCTTTTTAAAACGGAATAAAAGGCTTTAAGCGTGTTGCGGTATTCTTCGTTTAAGCGTTCGTTTTTTCCCATTGTTTGAAGAAGAGGTTTATCGTATTCGTCAACGAGGAAAACCACCTGCTTACCCGTTTTTTTATAAGCGGCTTTTAATGCGGCTTCAAATCTTGAAGCAAAGGAAGTTTGCTCCGCATTTTCTATTCCGTATTCTTTTTCGATATCCTTTAAGAATAAATTAAGCCTCTCATCAAGAGCGGTTTGTTCGCTGTATTTTCCTACATTAAAATCAAGATAAAAAACGGGATATTCCCGCCACGGCTCTTTTTTTGTGTTTTCGTACCGTTCGATTGCAAGCCCTTTAAACAATTCTTTTTGCCCTAAAAAATATGCCGCAAGCGTTGAAAGAAAAAGGCTTTTCCCGAAGCGGCGCGGTCGGCTTAAAAAATAAGATGATGACGACTGTACCAATTTCCAAACAAATTCGGTTTTGTCAATATAAAGATAGTCGTCTTGTCTAAGTTTTTTAAAACTCTGCACACCGATAGGCAGTTTCCGGCTGAAATCCATCATAAATAACAGTTTAGCATAAGGAAGGTATGATGTCAACATTCGGTTTATTCAAGTCCCCTTGAATTTCTATTATATTTTTGTTATTCTTTACTATTATGTTAGATTCAATAATTAAATTTCTTTTCGGTTCCAAACACGAAAGGGACATAAAGGCAATGCTGCCTGTTCTTCATAAAATTAACGAAAAAGAAAATTGGGCTTTACAGCTTTCCGAAGCCGATTTTAAGGCGAAAACGAGCGAATTTAAAGAAAGGTTTGAAAAAGGTGAAAGTCTCGATGCCTTTTTGCCCGAAGCCTTTGCAATGGCGCGGGAAGCGGCAAGACGCATTTTGGGAGAGCGTCCGTATGATGTACAGATATTAGGCTCCCTTGTTCTTCATTCAGGTAAAATCGTAGAAATGAAAACCGGCGAGGGTAAAACTCTTATGAGCGTTGCCGCCGCTTATTTAAACAGTCTTTCGGGAAAGGGTGTGCATATAGTAACCGTAAACGATTATCTTGCGGAGCGCGATGCGGATTGGATGCGTCCCGTTTACTCTTATTTGGGGGTAACGGTCGGAACGATTCTTTCAAATATGGATAACGAAGCCCGCCGCGCTGCTTATAATTGCGATATAACTTACGGAACAAACAACGAATTCGGGTTCGATTATTTACGCGATAATATGCAAATGAGTTTACGTGAAAAAACACAGCGGGAATTTTCTTTTGCGATTGTAGACGAAATAGATTCGATTTTAATAGATGAGGCCAGAACGCCCCTTATAATTTCGGGAGCTGCCGAAGACGATACGCAGCGTTTTTTTGAGGTTGACCGCCTTATCGGACAATTAAAAGAGGTTGAAAAAAATCCGGAAACCGGAGAGTATCCTAACGAGGTGGAAGGCGAAGAGGTCATAGGCGATTATACGCTTGATGAAAAAAGCAAGCGGGTTTCTTTTACCGATTCCGGAATGCTTCATATTCAGGATATTTTGCAAAAAAACGGACTTATAAAAAACGGCAGCCTTTTCGATGAGGAAAATTTCGAATATATTCACTATTTTACACAGTCGGTAAGGGCTCATATTTTATATCATATAGATGTCGACTATGTAGTGCAGGACGGACAAGTGCAAATTGTAGATGAGTTTACGGGGCGCGTGCTTGAGGGAAGACGTTATTCCGACGGGCTTCATCAGGCAATTGAAGCTAAGGAGCATATAAAAATTGCTCAGCGCAATAGAACTCTTGCAACTATTACCTTTCAAAACTTTTTTAGAATGTATGCCAAACTTTCAGGTATGACAGGTACCGCAGATACGGAAGCCGTTGAATTCAATAAAATTTATAATTTGGACGTAGTAGTTATTCCTACGAATTTGCCTGTAGCA
NZ_CP061839.1_gap70	2111663	2112333	670	ATGGTAGACGAATTTCAGGATACCAGTACACAGCAATATAATTTTATGCGCCTGATTGCAAATGAAAATATTTGTGTCGTAGGAGATGACGACCAATCCATTTACTCTTGGCGCGGCGCAAGTTTTGAAAATATCAAAATGTTTGAAAAAGACTTTCCGAATCTTTTGGAAATTAAATTGGAACAAAACTACCGCTCAACGGGAACTATTTTGGCGGCGGCAAACGGCGTTATTTCGCATAACACAAACCGTAAAGAAAAGGCTCTTTGGTCTGAAAAAGATTCGGGGCGCCCGATAGAGATTTTTATCCCCGAAAATGAAGCCGCCGAAGCGGATTTTATTGCCGATATGATTTTAAGTTTAAAGGAGAGGGAGCATTTTAAATATTCCGATTTCGGAGTATTAATTAGAGCAAACAGTTTAAGCCGAGCCTTGGAAGAATCTTTTTTGGAACTTAACATTCCGTACAGAATGTCGGGCGGCACAAGTTTTTTTCAACGTAAAGAAATTAAAGATGTAATAAGTTATCTTAGGGTAATTGCAAACCCGGACGACGATATAAATCTTTTACGTATTATAAATACACCGCGCCGAGGTATCGGGAAAAAAACTATAGAAACTCTTTCCGCTCTTGCTACGGAAAATAAATGCTCTATACGTACTGCCGCCC
NZ_CP061839.1_gap71	2193309	2196906	3597	GACAACATACTAATAGCAAGATAATTTAATGGGTTTGCAGGTTTAACTATATTGGAAATTTACAGGATATAATTACGTTGATTTGATTACCGTTTTAGAATATTTAAAAGAATAAGGAAAAATAGACGGCTTTTGTATCTGTTCTTTTCCTTATCTATTTCTATCTAAAGATTTTAGAGTGAGTAAGAAATCCGGCGATAGAAAAATCGGCTTAAAAACGATATAATATTACTAACTATGTAGAGAGATAAATTAGAAGTTGTGTGGGGTGTGAGGAGAGAGAGGAGCGAGATGATAACTAAATTAAGATACGGAAATACAAACACTTTTTTAATTAAGGGAGATACCGGTAATTTACTTTTTGATACTGATTATGCGGGCACAATGCAGGCTTTTTATACGGAAATAAAGAAGCATAAAATAAATCTTAGTGATATCACATATGTATTGGCATCCCACTATCATCCTGACCATATAGGTTTAGTAAGTGAACTGATGAAGCAAGGTGTAAAACTTCTATTGATGGACACACAATATCCCCATATTCATTTTTCGGATTATATTTTTAATAGAGAAAAAAAATTGAAATATGAACCGATAGATGCGGATAAGGCTATTATTTTCAGCGAGAAAAATAGCAGAGACATTCTTAAAGGTATAGGAATAGAGGGAGAAATTATATCTACAACAAGTCATAGTCCGGATAGTATTTCCTTGATTTTAGATGATGGTTCATGTTTTGTAGGAGACTTAGAACCCATTGAATATCTTGATGCGTATGATGAAAATATTAAGCTGAAAGAAGATTGGGAACTTATAATGAGCTACAATCCGAAAATGATTTATTATGCCCATACAAACGAAAAAGCAAGGAAATAGACAACTTTCGGTTTGTCAAACTCAAACAATTAAATAAAAGCTATAACATAGCAATTCAAAAACAGTAAATTAAATCAGCTTACTGTTTTTTCTTTTCTCGCAATTAAAAAGAAAGAATGACCTATGAAAAGAAGTTGAACAAGCAGAAACTGTTAGAGGCTGTATAGATAAATGACAACAGAAAATAGAGAACTGACACAGATAAAGAACCGCGAGTTAGGACTATAAAAATAGGGTGAAATGTGGTATAATATATAATAAATATTTAGTTAAAAATTAGAATTTTGAGGTTCTCTCTATATTATCTGCAAGTTGAACAGAGTAGCATGAGAAATTTATTGGAGGGCTTAACAATGGAAAGAAATCTTGAATATATACAGTTATTTATGGAATATGAATCTGATGATATGCCAATGGTTTATTTTTATGAAGTCAATCTGAAGGATAATCGCTTTGCTTTAAGAGCAATAGAAGTCTTTGCGAACAGGACTGTAAAACTTTATAATGATTTGTATAGTGATGTTATAGAAATGAATTCAATTCCAACAGTTGAAGAATTTAACCTAAAAATTTGGGGAGAAGGTTTTTATGCAACTAATATTTCTAAAGTAGAATTTGATGAAATATGGAATAATCGTATTTATAGCGGTAGACTGACCGTTCTGTGATTATAGGAGAGTATGATGAATTACTACAATTGGAATGCAAAATGGACAAGCAATTCCATTACAGAGTTAAAAGATTACAAAGAAGAAGAAATTTTAAAATTATATTGCTATAGATTATCTGAAGAAAAATATCCCTTAAAAAAAGACAGGGACAAGATTTTAAAAAGTTGGATAGATTATTTCAACAATACGAAAACAAACATTAAAAAGCTGTTAGTAACGGGTATTGTGAATCAAAATTTATTAGAAGCGATATGTAATCAAACATCACTTGAAGAATTGATTATATTTCAGGGTAATTTTTCAGATATACACTGTATTGCAAAATTAAAAAACTTGAAAGCACTTTCCATATATGCTTCATCAAGAGTAAAAAGTTTACACCCTGTAAGCGAAATGCAAAATTTAGAAGTACTTATATTATCTAACTTTACCGGTGTAACGGACTATTCTCCATTAGAAAAATTAAAAAATCTTAAACAACTTGGAATTCATAGTTCTATGGGAAATGTAATTAAAGTAGCTTCTTTTGATTTTTTAAAAAGTCTCAAAAATATTAGAAATCTTCATACAACAGGATTTAGGTTATTAAATGGAGACTATTCACCCGTTTTAGAACTTGAAAAATTGGAATTCCTATCCGTTAATATGCCTGCTTATGACTACAAAGTATGGAATGGTAGGTTTGTAGAAAAATTTAAGGATATTCCACAAAATAAGCATATTCGTTAGTTTATATAATTTTAAAGTCAAGATAGAAACGGTAAATCAAAAGCGGTTTACCGTTTTTCTTTGCTCGCAATTAAAAAGAAAGAATGACATACGAATTAAAAAATTATATTGAAAGTTATCAGTACCTAAAAGAGAAAAACATAACTTCCCTATCGGAACTGAAAGATAGTATATCAGTATTAAACGATAAGAACTATATAACTACAAAAGCCATCAAAGGCACCGAAAAGAGAATTGATGATAAGATAAAACTTATCAACCAAGCAGAAAAATATTTGAAGTATAAAGACACCTACAAAGCCCATACTAAGCTAAAAAAAAGTAAACAGGAAGATTTTTATAACGAGCATACGACAGAGATTATTTTATTTGATAGTGCCAAGAAATATCTGAAAGAACATTTAGGAGAAAGCAAAACTTTAAATATATCTAAGTGGAAATCGGAAGTAGGCACTTTGAAGAAAGAGAAAAAGAACCTATACAACCAAATCTTAGAAATGCGAAAAGGAGTAGAGCGAGCAGAAAGTGTTAGAAACTGTATAAAGCAGTTACAGAAACATTCAAAGGAACTAACACAGGTAAAGAATCACGAGTTAGACCTATAAAACTGGGCTAAAATATGGTATAATATTATAAATGTTGAATGAAACAAATTAGAATTTAGGGAGGTGATTTAATTGAGCGATAAAGTAAAGGAATTTTGGAATAAATTTTGTGATGAAAAGAAGTTATCTAAAGATGTAAAATATGAAGCTTGGGGGTTTGGAAATACTAAAGAAATGGCTGATGAATTAGCTGAATTAGTTAATAGCAATGTTAAGACAGCTACAACTTCAGCATATGAACTATATGAAAGCGGAGAACATGTTCCACAAGTAGGAGAATATAATATTATTTTAGATGGTTCTGGATATCCGGTATGTATTACGCAAACAAAGGTAGTATATATAATGCCTTATTACTTAATTACACCGGAACATGCATGGCATGAAGGAGAAGGTGATAGAAGTTATGAATATTGGAGAAAGGTTCATGATGATTTCTTTTATCATGAGTATAAGAGCATGGGGAAAAAGTTTTATGAACAAGCACCTATGGTATGTGAAGTGTTTGAAAAAATATTTTAGCTAACTTCCAGTTTATAGAATTTTGGAAAATAGAATTTAAAGAGGTGGTAATTTATGAAAAAAACTGCAGTTCTAATATATGACCAGTTTTGTAATTTTGAAATAAGTGTAGCATTGGAGATTTTAGCATTAGGAAAAAGAATATTGATATTTTTGCAAAAACCAAAGATATAGTAAAAAGTGAAGAAGGA
NZ_CP061839.1_gap72	2203746	2205093	1347	GTTATCGTGGTCGAGGTATTATGAAACAGTTTTTAAACTGGATTATGGAAAAAAAAGAACACCCTTGTTTTATGCTTGATGTAGCAAATAACAATATTGTAGCAATTGAACTTTACAAAAGTTTAGGATTTGTAGAAACTCATCGAGTAAAAGAGAAATTTTCTAAACAAGCAGGATTTGAATATACGATATTTATGAAATCAAAGGGATATATTTCGAGTAACTCGATAACTCCCAGTTTGTCGAAATGAAATAATTAAATAAAAACTATACCATATCAACTTCCGAAATAGTAAATTAAAAAGGAGATGTATTAAAGATGAAAAAATATGTAGTTATATTAAGTGGAAAAAAGAAAAACACTCTTACGGATAAATTGTTGAACGACCATGTGGCACATCTAAAGGAAATAAATAGAAGGGGACAATTGTTATTATGCGGACCTTTAGTAGATAGTGATAAAGCTATTAAAATAATAAATGCAAATTCAATGGAAGAAGCATTAAAAATTGCAAATAGCGACCCGTTCATTATTCATTCTTATTATCCAAACATTGAGGTCTTAGAACTTGAAGAAGCTAATGAAGAAAACGAATACTTGCTTAAAATTTAATAATTACATTTTCGCATAAGGTATCACAAAACTTATGAAACAGTAAATCAAAGCAGTTTACTGTTTTTTTTGCTCAAAATTAAAAAGAAAGTGCAAGTACAATGAAAAATATGGAAGGAAAAAATCTTAACGGCAAAGAATATCCTTTTTTGTGTGCACTCTTCTTTTCCGTTCTTTTCCTCATCTATTTCTATCTAAAGATTTAAGAGTGAGTAAGAAATCAAACGGTAGAAAAAATGCCTTAAAAACGGTATAATACAATAAAATTTAGAGAAAAAAAATTGAAGATTATGGGATAGAAAGGAATGAACGGTTTAATTAGGTTTTTAAAAGATAAAATGCTTCCTGAAAATATTATTAATGTATTTGAGCCGATGTGCAGCGCGCCGCTTGAAAAAAATATGATTTTATTTAAAACATAAATATTTAAAAGTAAAAATATATTATGACAAAACATAAATTGATAAATTATAATTTGTATTAGAAAGAAGGAAAACAAATGCTCATAAATCAACCGCTTGAGATTAACCGTAAAATACTAAGAAATAGAATTGTTATGCCGCCTATGGCAACCGGAAAAGCCGTTTATGGAATGCCGTCTGAAACGCAAATTGATTATTACAAAGAACGGGCAAAGGCTACCGCGATGATTATAGTTGAGCATGAGTATGTTTCACCGGAAGGAATGGCATCAAAAGGACAGCTTTCCATGGCTGACGATTCGGTTATCAAAG
NZ_CP061839.1_gap73	2211934	2215355	3421	ACAAGGAGGTTTACTCCGTGTTTTTCAATAGAAAAGTATATGCAAGGTTATTAGAGTGGAAAGAAAAGTTTTCAGATAAATATGCGGCTATGCTTGAAGGAGCACGGCGAGTCGGAAAATCGACAATTGCGGAAAACTTCGCAATGAATGAATATAAATCATATATTTTGCTGGATTTTTCGAAAATAACAAATAACATAAAAGCCTGCTTTGATGATGTCGGAAATTTGGACTTGTTTTTTTTAAGGCTTCAAGCTGAAACCGGCATAGAACTGTATGAGCATAATTCCCTCATAATCTTTGATGAAGTCCAGCTGTTTCCGCGCTCCCGACAGGCAATAAAGCACTTGGTTTCCGACGGAAGATACAGTTACTTGGAAACGGGCTCATTAATTTCCATCAAAAAAAATGTAAAAAATATTTTAATTCCTTCCGAAGAAATGAAAATACCGGTTCATCCAATGGATTATGAAGAGTTTTGTGAAGCCGTCGGTCATAATTATTCTTTATTAAAGCGGATTTTTGAAACGGAGAAAGCGATTGGTCAAAGCACAAATCGCAAACTTATGAGAGATTTAAGAATATATATGGCAGTAGGAGGTATGCCGCAAGCTGTAGAGGCTTATGTGAACGGAAAGAATTTTTCAGATATAGATAAGATAAAGCGTCAAATTATTTCATTATATGAAGATGACTTTAAGAAAATAGATTCATCGGGAAGAATAACCGCAATGTATAGGTCAATCCCGGCTCAGCTCGCAAAAAAATCGAAAAAGTACAGAATTACTACCGCCATCGGAAAAAGAAACAGCAAAAAAAATGCAGAACTGCTATTTGATTTGCTGGATTCAAAAACAGTACTGCCATGTTTTAATTCGACAAATCCCAGAGCTGTCTTGGCGGATACAAAGGAGTTTAGAAAGCTATAAATTATATCTTTGCGATACAGGTTTATTTGTCACGCTGATGTTTATTGACAGGCCTGTAACGGAAAACGACATATATGCCAAATTACTTTCAGATAAATTACCTGCAAATCTCGGATATCTTTATGAAAATCTTGTCGCACAGATAATAACTGCATCAGGTAGAGAATTGTATTATCATACATGGGAAAAAAAAGGCAGCTCCCATTATTATGAGGTTGACTTTTTAACTACGGAAGGTAGTAAAATAAATGCTTTTGAGGTAAAGTCTTCGGGAACAGGAAAATATGAATCAATTAGAGAGTTTTCACGGAAGTACTCAAAGAATGTGAAGAAAACATATTTGATTTCACAAAAAGACATACTCAAGAAGGAATCATTATTTTTCAAACCCTTCTATTTGGTTCCGTTTCTTGTATAAAAACTTTCGGTTGTCTAAAAAAGTAAGCCGGAATTTATAGAGAAGTACATAAAAAACCTCCGTCACGGGCAACTCATAAAACGATAAATTAAAACTTTATCCGGTTTTTATGAATCAAAATTAAGAGGAAAGGACAAATCCCCGAATTTTTTTAAAAATAAGGAAAAATCTTCCGGCAAGGCAGCCGTTATCGTGTCGGGAACATCGTCAAAAAGACGTTCTTTAAATTTCAGTTTATAAGCATGCAAAAAATAGCTTTTCGCGCCGTGAAAAGATTGTTTTGAACCGTATTTTATGTCATTTAAAAGGGGCGTTCCGAGGCGGCTGCACTGAATACGTATTTGATGCTTTCTTCCCGTAATAAGTTTAAACCTTACTAAAGCAATATTTTCACTTTTTAAAACCGCCAGAGGTTCGGCTAAAGTAAAACAGTCTTTACCGTCTATAATGCTCTTTAATTCTTTTTTTATATTTATTCCTTCTATAATTCCGAGATAATATTTTTCTATTTTACCCTCCTTAAGAGCACGGGAAAATTTTTGCGCACCTTTTAAACTTTGAGAAAATGTTATAATCCCAGAGGTATTTTTATCCAACCGGTGAAGAGGACCTGAAGTAAATGCAAGACTGTTTTCCGTTCCGGGAAAGTGCTTTAACACGGCTTGACAAAGGCTTTTTTCTCCATGTACTATCTCTCCGTTTTTTTTATTTATAAAAAGTAAATCGTTTGTACGCAAAATTACAGCAGGTTTTTCTTCCGAATCCGCAACAACAGGGATTTTTTCATAAAACCCGCATTTTTTGCCGTTATCCTCATTAAAAAAAGCGGTACGGATTTCAAGTTTATCGCCTTTTACGGTTATATAATCGGGTTTACACTTTCTCCCGTTTATTTTTATCTTTCCGGTTCTAATTGCGGAATATATCCTTGAAAGAGGTGTTTTTGCCAAGAATTTACGCAATATCCTGTCAATACGTCTTCCCTCATCGTTTTCAGCTATAATAAAAACCCCGTTTTCTCCGTTCATTTTAATATTATACACCATTATATGGGCTTTATTAAGAGGTATTGAAAATACATTTAAAATACCTATAAAAGGCTTCTTTTTTTAATTCAATTTTATATGGCCTTACAGGTATTGACAAAAGAGCCGTTTTGTAGAAAATTAGAAGTATGCTCGGAATAATACAAAAAGAACAGCTGATTATGCTTTTTTCAAGTCCCATTTTTTTGGCGGCTGTAACAAGCTGGCTTTTAAGTCAGTTTATAAAAACTATATTTGCAATGTTTAACTCTTCCATACGAAGCCCTTTGGATTTCTTTGAACTTATTTTATGGAGAACTGGCGGTATGCCTTCAAGTCATTCCGCTTTGGTCGCCTCGTTGACCGTGAGCATAGGTATAAGACACGGATTCGACTCGGATTTATTTATTTTTGCAATTTTTGTTGCTATGATAGTTATACGCGATGCGGTGGGAGTCAGAAGGTCCAGCGGTTTACAGGCAAGAGCATTAAACGATTTGGGAGCAAAATTTTCTGAAATAAATTCTTCTTACTCGTTTAAACCGGTGCGCGAAATTCAGGGACATAAACCCGTGGAAGCCGTTGCGGGAATTATTTTAGGCACAATTACCGCAATTTTATTTGCATATTTCGGATAGTACATAGATGAAAAAAACAAAAAATTATTTTTTTAGTTTGGATATTGCCTCAAGCTGTTTATTTTTGTGCTCTTTGTTTTTTTTAATTTTTATTCCCGTAACCGAAAAAGACACGATTTGGCATTCTTACAGAATTCTTTTTTTACCTATGAGTGCCGATGAAAGTGCAATCCTTAAGGCTGCCGAAGAAAGCGGTATAAAAAATATAATATCCTCATTAACGATAAAACAGCGTTTTGCAAAACTGGACGAAAACAACTATACCGGTTTTCCTTTTACCGATAAAGAAAGATATGCGGCGTGGTTTATAAACGACCAGGAAAATATACGCTATATGTATATTCACATAAGCGAAAATATTCCGCCTCAATTTTTTAAATACTTAAAAAATAATACCGAAGCATTTTATAT
NZ_CP061839.1_gap74	2349642	2353434	3792	CGCCCATTTAGTGCAGGCAAGAGATATTGACCCGCAGGACTTACTTAGCCGCACCCCCGTAAAAATAAGTTTAAAAAAAAGCCTCGCATATTTAAGGGGAAAACGTGTTTTAATAACCGGAGCGGGAGGCTCAATCGGAAGCGAACTTGCACGCCAACTTTTATCCGGCGGTGCGGAACGGCTTTATCTTTTCGGACACGGAGAAAATTCCATTTATCAAATTCATAAAGAATTAAAGCTGCTTCAATCCGGAGGAGTAGGAGATAAAGCAACAATAGTGCCGATTATAGGCGAATTAAAAGACCGTAACTATATGCGCTACATTATCAACAGATTAAAATGCGATGCCGTTTTTCATACGGCGGCTTATAAACACGTTCCGCTTATGGAAGAAAACCCCGTAGCCGTAATCGAAAACAATGTTTTCGGAACAAAAAATCTTTTAGACGCCTGTTTGGAATTCGGAGTAAAAAAATTTGTTTTAATTTCTACGGATAAAGCCGTAGAACCCGTTTCCGTTTACGGTCTTTCAAAAATGTTAAATGAAAAATCGGTTTTACAAGCTGCGGAAAAAGCAAAAAATTCCAACGAAAATTCGGCTTATATGTTTGTACGTTTCGGAAATGTTCTCGGCTCCCGCGGCTCTATTTTTCCTCTTTTTGTAGAGCAGATAAAAACGGGAGGCCCCGTAACGGTAACCGATAAAAAAATGACGCGTTATTTTATGACTATTCCGGAAGCCTGCTCCCTCGTGCTTCAAACCGGCGGAGTCGGAAAATCAGGACAATCTTATCTTCTTGATATGGGAGAACCCGTAAATATTTTTGAAACTGCAAAGCAGTTAATCCGTTACATGGGCTTTGAACCTGAAAAAGATATTAAAATAGAAATTATCGGCGTCCGCGAAGGAGAGCGCCTGGAAGAGCCTCTTTGGTCAAAAAGCGAATATTTGGAAAAAACCGATTACGAAAAAATAATGCTTTTAAAAGATTCAGTTCCGTTTGATTCGGACAGGTTAAACTACCTCCTCGAAAAACTGGCTCCGTTTTGTTTTTACACGGAAGGGAAAGAAGACCTTTTCCGAAATAAAGATAAAATGAAAAACTTTATACGTAACGAAGGGTTAGTTTTATAATTTACAAAAAAGCCCTTATAAATTCTTAAATTTAAATAAAATACTCTCTTTTTTTTCATTTTTTTTAATAATTGTTTTATTTTTTTCCGTTTTTGTTGTATTATGGTTGTATCAAACTATAAGAGAGGTTTATATGAAAAAAACAGTTAGTGTTTTTGTTTTTGTAAGCGTTATTCTAATGTCAATCAACGCTGCAGAGTACTATGTTTCAAAAGAAACGGGTAGGAATGGAAATGCGGGTACAAAGGATGCCCCGTTTAAGAACATTGAAAAGGCGGCCGAAATCGCTCAAGCGGGAGACAAAATCTATGTCGCAGAGGGTAATTATTTCGGAGTCCGGGACAAGGGTTTTATTATGATTAAAAATGCCGTTGAAATTTACGGAGGCTATTCCAAGGATTTTTCAAAACGGGATATTTTAAAGTATAAAACGCTTGTTATGCCGCCCGTATCGTCCAACGGAACCGGAAGAACAAATAAAACGATGGAGTTCGATATTAAAAACGGCAACGGTAAAAAGCTCGTAATCGACGGTATTATTTTCGATAAGGGCGATTCAAACGGTTATCATCCTACAAAGGGAAAACCTGCCGGCGTTTAAACCGGAATGCTTGTGTTGCCTCCCGGACAGGGTGTAAACGGAAAAGAAACTAAGGTTCTGACTACCGAAAAGGCAATACTAGGCGGCAGCATTATGAAATGCGACGTACTTATTCAAAACTGTCTATTCAACAATGCTTCCAATTTTGCCATTCAATTCGGAGGTTCGGGCGATGTAAAAATCCTCAACAACGTATTTACCGCAAATGCAATGGCTGCCTGCGAAATTTGGGGAAAAGAAAACAAGGCGACTTCCATAACCTTGGAATTTGCTTATAACACCGTATTATTTACTTGGCCGCGCACCCATACGTTTGAAGATATGGGCTACGGCTTCCGTGTTATGACAAAGGTTGAAGTAAACTGCCATCATAATATTATAGGTCTTTCGGCTCTTTCAGCGATTGACCGATGCCGTATCGACAGCCCCGAAGCAATGGAAAAAGGAAGAAAGGTACTCGTAGATAACAACCGCTTCTTTATGAATAAACAGGCCGATGTAACCCTGCCCGGTTTAGGAACTTTTGAATACATTTGGGTAAAAGACTTTGAAGATGTTGACCGCTTTAACAGTGCGGAAGGCAATGAAGAACTTAAAAACGTACAAGGCTTAAAAAATGCTATAAACAAGGCTTATTTGGAAGGGTTTTTAAATGCAACATATAAGGAAAAAACCGATTATGACCCGAATTCTCCCGCAAATGAATTCAGAAGGGCAATGGGTATGAATCAAACCGGTAAGATAACATCCGATGTTTCGATGTTTGCAAATAAGTATCCGCAAAGCGATGCTTTAAAACTTTTCGGTGCCGTAAGCGGTTTCGGAGCTCAAGCTATAAAATAAGTTAAACTTTATGGAAATTACCTAAAAACTTTTAACCGCCTTTAGTTTATAAAGGCGGTTATTTTTTTTGTTTTAAATCATTATATCAACGCCTTTAAATTCCGCTTCATTATTTATTCCGTATCTTACTTCAATACCGTTTAAACCGTTTTCTTGCAAACAAGTTAAAAACAGTTCTTTTACAGCCGTTATTTCTTTTTCGGTAAACTTAATATTTTCACATTCAAAGGCAAAAATTTTATCTTTTAAAATAAAAACCCAATCTTCATTTTTAAATTTACAATGTAAAACCGTTAAACGTACGGTTTTTAAATTTAAGTCGAGCAATAAAGCAAGAGAACCGCTTACAAATAAACCGTTTTTCTCGGCCGTTTCCGTATTTCCCTTATCCGGTCGTTCAACACCGAAAGAACTTGTATCCTCAAGTTCTTTTTTAAATGGAAAAACCGCCCAATTTAAACCGCCCTTATGCAAATGATTTAACAGCTCCAAAACCTCATTTTCATCTTCTTGAGTTTCATCCTTTTGCTCTCCTCCGCTTTCGGAATTTTCTTCACCGAAAATTGCGGCATATACCGTTTTAAAAACATCTTCATTTAATTCTATTCCCTTGTTAAGTATAAGTCCCGCGGAAAACACCGCCTTCGACAGAGTTTTCTTTTTGGGTAAATCTTTTAAAAAAGCAAATAATTTATAAGCACTGTCTCCGTTAAGGCGGCTTCCGCTCGCGGTCAAAAAGTTAAGAACCGCAGAAGAAAGTTCGGTTTTAGGTAAACCCAATTCCGAAAAAAAATTTACGGAATTTTTAGACTGAACTTGGACTTCACCCTTTGTTTCGGGTACAAGGAAAACCTTGGCTTCTCCTAAAACTTCTTTTATAATAACGCGCATTTTTAAAAAATCGCCTTCTTTAAGGCCTCCCGAAACGGTTCCTTCAAAAACGGCTCCGTTAAAAAAAATACGCGCAGTACCCCCGTCTTTTAAACTTAAAATTTTAGCGGAAACCGTATCTCCGTTTTTTAAACTTTGAAAACCCTTCGCCGCTCCTTTAGGAGCGGTAAAAAAAACTTTATTTTCCGTTGTGTAAATCATAGTTAATAAAGATTATATCAAATTTATTATATTAGGCAATACAAGTCTAAAATAAAAAACAAACTGCATTAAAGCCGAAAACTTATTCAAAAACGATACATAATCCGCTTAAACCGATAAA
NZ_CP061839.1_gap75	2425973	2428525	2552	CTGTCAGGTAAGCGATTATAATCAATAAAAATATTACTTGTTCGTATTTTTAAAGTAAAAAACGATTCATAATAGCATGCAAAAAAGAGAATTACACCAAAAAATTCTATTTTCAAAGCTACTTTTAAGTATATCACAAACACGTTTTTTTGTAAGCTCTAGATATTCAATACCGTTAAAAAAAATTAAAAACCACGCTTCCATAAAAAAACGCCTGCATCTTAGGGCAGGCGTGTTGTATAAAAAAGGCTAAAAATTTATTCTGCCGATTCTCCGGCGGGTTTATCTGTTTGTGCGGAAGCTGCCGCTTCAGCGGCCTTTTTATTTTTCATATTTGCTCTGCAAATTTTGCAAATTTTTGTTTTTGTACCGTTAATTTCCTGTTCGTATAAAACTTTAATACCGGTTTTATTGCATACGGGGCATGTTCCCCTTCCGCGGTTTTGTTCTGCGCGGATTCCCTTACCTCTATGAGCCTTTGACACGGTTGTACCTCCGATTTGACTTATTATCGACTACGCTGTCGGAACCTTTTTTCGATTCCGAATCCGGTTTTGAAGGTTTAAAACTGCTCTTTTTTTCGGAAACGGATTTTTTAGGTTCGGCTTTTTTGGAATCTTCTTTTTTCTTTGAATCTTTTTCCTTTTTTTCAAAGTCGTAGTCTACAAGTTCCAATATCGCTACATCTGCGGCATCGCCTTCCCTAAAACCGATTTTTAAAATACGGGTATAACCGCCGTTTCTATCCTTCATTCTGGGACCTATTTCCGTAAAAAGCTTCTTCAGAATATCGTTATCCCAAAGATACTTAGCGGCATGTCTGCGGTTATTAAAGGTATCAACTTTTGAGCGGGTTATCAATTTTTCCGCTGTCCTGCGTACTTCCATCGCCTTTTGTTTTGTAGTAGTAATCCGCTCGTATTTAAATAGCGATGTAACCATATTCCGGTGCAAAGCACGGCGATGTGCGGTTGTACGCGAGAGCGGATTAAAGCCGTTTTTATGCTTCATCTGTTTCTTCCTTATGTCTTGATGCTTTAATCGTATTTTTTAGATGACTGAAATCAGTCATACCCAAACGCAAATTGTATTCAGCCAGTTTAGCATGAATTTCCGTCATTGTCATTTTACCGACGTTGCGCATACTGCTGATTTCATCTTCGGTTTTTTGCGCCAATTCTCCTAAGGTTTTAATCCCCGCCATATCCAAGCAGTTTTTCGCCCTTACGGTAAAATCAAGCGTGTTAATCGAAGTGTCCAACAGTTTTTTAATCGCATTATCTTCAGCGTCATCTTCATCATCACCGCGATAATCTTTTTCGTTAAAATTGATGAATATGGAAAAATGCTCTTTTGCAATTTTTGCAGCTTCTCCTAAAACATCTTCAGGGCAAACCGTGCTGTCCGTCCAAATTTCAAGAATCAGTTTATCGTAATCGTTACGCTGCCCTACGCGGCAAGGCTCAATTGCATAACTTACCTTTCGGACAGGTCCGTAAATTGCGTCCAGCGGAATTGTTCCGACAATATCTACATATTTTTCATTTACTTCTGCAGGTACATACCCTCGGGAAAAATCCACTTGAACATCAAGTGAAATATTGGCGCCTTTCATTAATTCCATTACATGGAAAGGCTCTCCGAAAACTTCAAGCTGCCCTTCAACGGCAAAGTTCTTGCTGCTTATTGACGCAGGCCCCTTAAATTCAAAATGAAATTCGCCCTGTTCAGCTTCATTCGAGAGCTTTAATCGAATTTGTTTTAATTTGTTTAAAATTTCCAGCGTATCCTCCGAGACATTCGGAATATTTTCAAATTCGCTGGAAATCGTATGAGGAACACCGTCGGCATCATACGAAGTTATAAGCACAGCCGATATGGCATACCCCTGAATTGAGGACAAAAGAATCCGCCTCAAACAATTTCCAATCGTGGTTCCGAAACCGGTCTCGAACGGGGATGCCGTAAACTTGCCATAGCTTTCGGTTGATTCCTGGCGATCAAATTCCAAGCCTTTTGGCTTTTTAAATCCTTTTAAAAGATTTTTACGGGCCATTCACGTCTCCTTCTATACTCGGCGCGTCTTTTTGGGACGGCAACCGTTATGCGGAATGGGAGTTACATCGCTGATGGAGCGAACCTTTAATCCCATTGTTCCAAGCGTTCTGATAGCCGATTCTCTTCCGGCTCCCGGACCCTTTACGAAAACATGAACCTCATGCAAACCGTAAGGCTGGCATTTTTGAATTGCGGTTTCCGCAACGGTTTGAGCTGCAAAGGGTGTAGATTTTTTAGCCCCTGCAAAACCCAATCCTCCGGAAGATGCCCAAGAAAGAACATTTCCTTTTAAATCGGTTATCGTAATAATCGTGTTATTAAAGGTTGCTTGAATATAAACATTGCCTTCATATACGCTCTTTTTTTCTTTTCGTTTTTTTACTGTAGCCATGTTTTACGCTCCCCTCGATTACTTCTTCTTTCCTGCAACGGTCTTTTTCTTACCCTTGCGTGTTCTGGCATTAGTCCTTGTCCTCTGTCCGCGTACGGGAAGA
NZ_CP061839.1_gap76	2455964	2460616	4652	TACAAAAATATCTTTTGCGGACAGTGTCGATTTTACTAATTTTTCTTTAGTATCTTTTTTATCATAATACGCATATCCCTCTTTTTCAGGGATTAAAGCATACAAGTTTCCCAACTCCTGCGATAAGAGCTCATTAGGCTTTCTGTTTGTAATATATTCTTCCGCATCCATATCGCCTGATGGGTACAGTTTCGGTTCATCTGCGGATAAATCCCAATCCTGCCAGTCCAATTTGACAATTTTATCTTTTCGGATTTTTTTAAAATTAAAATTTAAAAAACTTTCTTCTATCAGTTTTTTTATATGCTCTTTTACTATAATAACGGGGCATTCTCTATCGTATTGACTTCTGTATATTTCGGGACAAAAAGGAGCCGTTCTTAAATGACAGTGTTCTTTTTTCTTTTTATCGAAGAAATAAATTCCCTGCCATAGTATTTCTCCGTAATTCCCCCACGGCATTTTTTTATTTTTTAATATATAAATCATAAGTTTCCTCCCTGAGTTTTTTTGCTTTACACCATTTAACAACATCGTCCGTATCGAAAGCGAGATTTCGACAGCCGAAGTTAAACCTCCCTCTTAATCCGCATCATAGGTTTTTCTCACTATTTTTGTTTGTTCCTTCACAAAAAATTGTTTTATAATATAGAATAAATCGGTATCGAAATTTTCAGCATACATCAGATACCTATGTGTCAATAATTTTTCCGCATAAAGAGTTTGTAATATGCTTTTGAGTTTATCCATTGACAAATAAATTAAACTTTTTGCTCACTGCTCAACCAACTTAAATATTTTTCCTGCGGTATGACAAGTTCTACCGTTTCCGCATTTTCCGTTAAATACGCTTTTAAATATAAATCTCCTTTTTCCCATTTTAAAAATGTCAGTTCATCATATACATCGTAATCTCCATCCAGACAGGCTATAATATCAACAAACTTCGGTTCATCGCACATCGGATTTTCAAAACAAAAAAGCTGTACACTATATGGACAAGCCCAATAACACCCTTCCACCGCAAGCACATTATTTTCAGGATTGTAATGCACTTCAGTCCAAATAAATGTTTCTACTCCATCAAAGGAACATTCAGGAAAAAACTGCATGATTTCTCCATTTTCAAGTTTCAACACACTATAACCGTACAAATCCTGTCTGAAAATCAAATACTCTTTTCCGTTTTTATGTGTAATTAACTGATAAAATTCCGCAGAGCTGTAAAAGCAGTACCATTCTTTACAAAGAATATCCCCTTCATAAAAGAAGCATTTAGAACCTTGACGATTATATTCTCCGATTTTTCCGCGGTAGTTATTAACGACAACTTTGTACTCGCTCGACCTTCCCTTTATTTCTACAACTTTATTATCCGTTAAATTCTCTTCACAAAATAACGGCATCAGTTCTTGCGCATGTAATCTATACTTATCCGTATCTACCGCATTTGTCATTTTACCGCTCCTTTTTGTCATACAATTTAAATCTCCCGTAATATACAGTACCAAAATCCAACAAGCCGGAACACAGCTGAACCTTCAATAAATCATTTTAAATTTAAAGTACTTTTACAAAATCACTGTCCGTACAAGTACTTCCAATATTCTTGACCGCTCATCCGTATTTCCTCCCTTACCGCCACAAACCTAAAATCTCAAAATCCATACAATCAAATGCATTTATTTTATCCCAATCCTTCTTTACAGAAAAACAGATAATATCCTTGCGTATTGTCATACTTGCATATTGCAAGGTAATTTATATTTATCATTTTTTCTCCGCCGTTATAATCTACAATTCCGAAGTTATCTTTTTTTGTATAAAACTTAACTTTTGCACCATCTAAGTAATCGGGAAACATCATTCTCTCCATTTTATTTACGGCAATTCACCTTAAACACCGTACCAATAATTTTGTTTTCGGGATAGCATTGTTTTAATGCTTTCATATTTTCATAAAAATATTTTTTTCTTCCATATATTCGGAAAAAGAATATACCGCCGTTTCGCAACGAAGTGAGAAAAGGCATACAATACACGACGTTTGCCGAAAGGTAAACTCGCACGTTTTTTTAATAAGTATATTTCAAAGTATCGGAAAATTCAAGCCTATATTAACAGTAACGCCGACTATCAATTATGCAATAAACCCCGCATTACATAATTGACATCTATAAAATTTTATGTTATATCTTATTATAAGGAGTTTTAACACTATAATGAATAAATAACCTCTTATACTGTATAAATTGAATATTCTCACATCACACGTTTTATAAAACGTTACGGAGTAATAAAAGAGAGGTTATTATGTTAATAGATATTAAAAATCTTACATTTGCATACGAAGGGCAAACAGAGCCTGTTTTTGAAAATCTTACAATACAATTAAACACCGATTGGAAGCTCGGCTGTATCGGGCGTAACGGATACGGCAAGACTACCTTTTTGCATTTATTGCAAAACAAACTGGAATATACGGGTTCTATTATTGCGCCCGTGCAATTCGAATATTTTCCGTATTCTTTTACAAATACGGAAGAGTTTTGCTATAAAATACTTCAAGAGCGTTTTCCAGATATTGAGATAAAAGAACTCGAAAAAGAACTTTCACTTTTAGATACGGAAAGTGCCGTACTTTACCGCAGTTTTTCTACCCTAAGCGCGGGCGAACGGACAAAGCTTCTTCTTGCCGCAATGTTTGTATATGAAAACCGCTTTTTGCTTATAGACGAACCTACCAATCATTTGGATATGTACGGCAGAAAAGCGGTTGCCGAATATCTCAGACGAAAAAGCGGCTTTATTTTAGTTTCGCATGACAGAGATTTTTTAAACCGCACAGTCAATCACATATTGGCAATAGAAAAAAACAATATAACCGTGCAGATTGGAAACTACGATACATGGGAAGAAAACAAAATACGGCGGGATAATTATGAAATTGAAAAAAATATCCGGCTGCGTAAAGAAATCAAACGCTTAAAAGAAGCAGCCCGACAAAGAAAGGGCTGGGCCGATTTAAAAGAAAAAACAAAAAAAGGAGCCGAAGATAAGGGCTTCGTTTCTCATAGGGCGGCAAAACTGATGAATCGTGCAAAAAATATTGAACACAATGCGGAAAAAGCCGTAACCGAAAAAGCAAAACTTTTAAAAAACATTGAGCGTCTTGAAGATATACCTATGAAGCCGCTTATTCATCACGCAAAAAAATTGATAACAGCTGAAAGGCTTTCGGTATTATATGACGGAAAGAAGGTATTTGTTCCGGTCGATTTTACTCTTTGCGGGGGAGAATGTCTTTGCATAAACGGAAAAAACGGAGCGGGCAAATCGAGTATTTTAAAACTGCTTACAGGTGAAGCTCTTGAATTTATAGGCTCTTTTAACAAGGCCTCAGGTTTAAAAATATCGTATCTTCCGCAAAACTTTCAGTTTTTATCGGGAAGTTTATTTGCATTTATTGAAAAATACAATATAGATACTACCGTTTTTTTAACAACACTGCATAAATTAAACTTTCCGCCCGAATTATTTGAATGTAATATGCAAACTTATTCAAGCGGACAAAAAAAGAAGGTGCTTTTGGCAAAATCCATTTGTGAAAAAGCTCATGTATATATTTGGGACGAACCGCTTAACTATATTGATATTATTTCGCGTATTCAAATTGAAACAATGATTTTAAAATACAAACCTGCTCTTATTTTAGTTGAACACGATATAAGATTTACCGAAGCGGTCGCAACGGATTTATTACATCTTAAATAATGTGATGAATCGGTTAAAAGTAATCGGCAACAGTATTTTTACTTTTGCCGATTATCCTCTAACAGGCCGTATCTAACCTATTCTTTTCATTTTTTTCAAAAGAATATTTCCCAAAATTCCGCCTGAGGTTACCACAATAAGGTAGAGCCAGCCGGAAAGTGAAAAGTTTGCAATGGGTGTATAAAGAGCTCCCGCATTACAGCCGTTTGCAAGACGCGTGCCTAAACCCATAGTAAAACCTCCTACGGCAAAAACTATTACGTCCATAAATGTAATTTTAAGTTCGGATTTAAAAGTTTTTGTAAATGTCCCCGCAAGCAATAAGCATACAAGAGTTCCGAAAATAATTCCTATATCCTGTACTGAACCTCCGTTTGCAAAAACCGCTCCCGAAAAAAACTCAGGTGTTTTACCAGTAAACTCTGCAAGGGATTCCGCACTTACGCCGAAAACATATAACAGTTTTCCGAACCAAAAACCGAAAGGTGTGGAAACTCCCCAACCCGATTTCGTTACTCCCATCAACAAGGTAAATAAAACGGCAAAGGCAAAGGCTCCGGTTCCGAGCGACCACGGTTTTGAAAATATGTGTTCATAATTTTCTTTGCTGAAAAATTTATAATTTTTAGTATCAAGCTGTTGTACTTCATCTTGAGCCCGCTCATCTCCTACACCGGAAAAACTGTTTTCGTTTTTTCTCTTCCTCTCATACATATACGAAAGAACGCTTACTATCGAAGCAAACAATACGGTTACCAGTATCGCTCCCAAGTAGCCGCCCTTTCCGTCCGAAGAAAACCAATCGGGTATAAAAACGCCCTTGTGGCTTCCCGTACTTATGACAGAATCTTTTACCCATGAGGCTTTAGCTTGAAACG
NZ_CP061839.1_gap77	2490334	2491297	963	ATTAAGGTTGATTTTCCGGCACCATTTTGACCTAATAGTGAAAATATTTCACCTGCCTTTACCGACAGACTGATTCCATCTAACGCCTGAACTCCATTTTTATAAGTTTTTTTGACATTTACTACATCAATAGCAAGCATATTATTCCACCTTTATCGGGAATTGAATTTCTGTAATGTATTTATCAGGGTTTCCTTTAAAAAACAGTCACGGTCCTTTAATAAAGACTTCTCTAAAAGGACTGCAAAGCTCAATTCCATTTTTATCAGCATATTTATCAATCGCTTCATACGCTTTGTTTAGCGTTTCATAAGACCCTATATGAATAAGGCAAATTGCTTTTATACGGGGTATTTCTTTAATTTCCACACCGTTTCCAACAGGAGTTTCATCGGTAGAAACACATAATTCTATCTCCCCGATTTTTGTTTCAGGATTCATAGCAATATAATTAAAAAATGGTGCTCCGTTTGATTTCCCGTGAATTGACTTAAATACATTAGGAAAAATTTTATTTGCTTCTGTAACAACACCTTTATATCTCATATATGCAATTCTAATCGGCTCAATATCTTTGATTTCAATTTGATAATTCATTATTTTCCTCTTATAAAAACTTTTTTTAAGGATTATCAAATCCTTAAAAAAATTTTTTCACGCAGGTTTGCGGTACGTAAACCTGCATAGAATAATGCGATGTTTTGTACTCAAGGTACAAAACTCGGACAGATAAACGGTGAGGCACCATTTGTACCGAACCGTTTATCACACCTCCTCTTTTATTGCAATCCATACTTCGGAATGTCCTATTGTCAGCTTTTCATCATGAATCGGATAGACTTCAATATCAGGCAGTCCCGCATATTCATATCCCGAAAACGGCAACCATTCCGTATAAAAGCGTTTAAAAACATTCTGAACATTTTCCTTTAAATAACCGTCATTTTCAAAAACAACCCATGT
NZ_CP061839.1_gap78	2493648	2498172	4524	TACATAGCTTCTACTGAGTTAGTGGTTAGGCAAATCGCTAAACTGTCGAACGATATAAATCATCATTGGATTTATGTTTATGAGGATGAGGATTCACATAAAGTTGTTGGTTTTATAGAGGCTGAGATTTATGAGAGCCTTTACTCAGAGGATGGTTTGAACATTCTAGGATTGGCTGTTTTGCCAGAGTTTCAAGGAAAAGGTATTGGAAAGAAACTGATGGAGCATTTAGAATTGAATGCACAAAAAAAATCAATTAAATTTATTAGATTAAACTCAGGAGAAACAAGGGTAGAGGCACACAAATTCTATGGAAATATTGGATATGTATGCGATAAAACCCAAAAGAGATTTATTAAAATTTTTTGATTAAGCAATCCCCGGTTTGTCAAAGTAAAACAACTAAATAAAATCACTAAAAGGAAGTAAAAGAAAATAGCCGATACTTCCTTGCAAAACAAAGCCGCAAGGCTCTGGAGTTTCCTGCAAAAACTTATTATAGGAGAAAATTATGTCGAGACCTGCAACAAAAAAAGATTTATTGGAAGCCGCCGAATTGCAGTTTGCAACCTTGTGGGAGCTCATTGACGGAATGAGCGAGGCCGAACAAACCGCCGATATTGTACTGAACGAGCGCGATAAAAATGTGCGCGATGTGCTGACTCATCTTTATGAATGGCACTGCCTGCTCATTGATTGGGTTACATCGAATACGACGGGAAAGGCAAAACCGTTTTTACCCGAACCGTATAATTGGAAAACCTATCCTTCAATGAATGTTGAATTTTGGAAAAAGCATCAAAACACGCCTTATGCCGATTCGCAAAAAATGCTCAAAAAAACTCATAAAGAAGTTATGAAGCTCATCGAAGGTTTTTCCAATGATGAACTTTTTTCAAAAAAATATTTTAACTGGACGGGAACGACTACGTTGGGAAGCTACTGCGTTTCCGCAACTTCCAGCCACTACGATTGGGCAATCAAAGATATAAAAAAAGCGTTAAAAAGATACAGGGGAAGCCGCAGTTAAAATTGCGCTCTTAAGCCGCACAACGAATTTTGTACAAAAAATATCGGGACGGCGGTTTTATTTTTTTATATACTCTCCATAATACTGATAAAGTAATGCCGGTAAAAAACGGCGTTATAAAACAGCGGGAAAATAAATATGAATATCATTCAATCATTTAACGGAACAATGGACTATCTCGAACGGACTCTTGATACGGAGCTTGATGAAAAAGAAGTCGCGCGCCTTTCTCATTATTCTTATCCGTTATTCAGTAGGATCTTTTCGATACTTGTCGGTTACCCGCTTAATGAGTACCTCCGTTTCAGAAAGCTCAGCCGCGCTGCCGCCGATTTACGGAACGGCAATGAAAAAATTATAGACATTGCATGTAAATACGGCTATGAATCCCCCGATTCTTTTGCGGCGGCTTTTAAAAAATTTCACGGTGCAAGCCCGAGTGAAGTAAGAAACGGAAAAGAGTTTAAATCATTTTCTCCGCTCAAATTATCCTTAACGGTTAATGGAGGACAAACTATGGAAATTAAGATTGAAAAAAAGAAAGCGTTTACGGTTGCCGGTGTAAAAGTCGAAACGGATAAAACGACCGATTTTCCGCAGGTGTGGGACAAGCTCTTTAAAAAAGCGCCGTATGAAGAACGGGCAAAAATCGGAAGCGGTCAAAGTTACGGGCTCTGTTATGATGTAAAAGACTGCACGGTTTTTAATTACATGGCAGCGTATGATTGTACCGATGAGCGAAAGGCGGCAGCACTCGGTTTATCCGTGCTGCACATTCCGGAAGCGGAATATGCGGTTGTTCAGCTCAAAGGTCCCGTACCCGATTGTATTCATCAAGGATGGAAATATGTTATGGAAACGTTTTTCCCCGAACAAGGTTTACGCCATGCGGGCACTCCCGATTTTGAAGTGTATCGTGAAGGCGATATGTATGATAAGAACTACACAATGGAATTATGGGTTCCGATTGTAAAAGCGTAGGAGTGTCTTGTCGGTAAAACCGCACAGAATGCAGCGGTGTTAAAAACCGCTGTGTTCTCTTAAGCTGTCGGTTTTTCGCCTTGTATACACAAAGACGAAAAACCGCCGGCAAGTACGTGAGGTGTTCCTGTCTTTATTTTTTTATTTTTGCCTGTTCCGTACAATCCTTAACCGCATCGCAAATTGCCTTGCTCGTAATTGTTGCGGCAGTAATAGCGTCCACCTCCCATGATTGGGCATTGACAATTTTTGCGGGCAGCTCGTTTACCGCACGGTCTCCAATGTCTAAAGTTTCATTATGCGAAATAATCTTGACGGACAATATACTGTATTCGTCAAATGTTACTTCCACCGCAACGGGACCCGCATAACCTTTCGCCGAAGCGGTATAATCGCCTGCGGTATAAACAACTTTAGACTTACTGCAGCTTGTGCAAAACGGCAGTATGCAAAACAACATAAGCACGCTCGTTACTATTTTATTTTTCATTTTTTTCTCCTTATAAATTCTGCAACCGCAAGAATTTTCAAATTCTGAGGATTGCAGAATTTCCGCCGTTTCGCAACAAAGTAAGAAACGACATACAATATCCGATGTTTGCCGAAAGGCAAACTCGACAGCGTTTTTAGACAATGCTATCTGCATTGTCTAAAATAAGCCTCCATATAAATTCATCAAGCGCAGATTTTATCAAAAATCGAGCATTGATGAATTTCCGCACTTTTGCAAGGCAAAGCCTGAAAAAGTACATACAATAATGCGAGTTTGTTTTACAAACTCGACAGCGTTTTTAGGCAATGCTATCTGCATTGTCTAAAATAAGCGTTCCGTTTTCCTGTACGGGAAGCATACGGGAACATCTAACACCGGATGGTTTATAATCTCCGCATCGATATCAAAAACGTCATGCAAGGTTTGCGGAGTGATAACCTCTGACGGTGTACCGAAAGCGTATAATCTTCCGTTTTTTATCGCTGCAAGAAAGTCTGAAAACATAACGGCGTGATTTAAATCGTGAAGAACCATTACGACGGTTACACCGTTTTCCCTGTTGAGCTTGCGCAAAAGATACAGAATGTCCAACTGATGGGCAATATCCAAATAGGTTGTCGGCTCGTCCAAAAACAATATGTCCGTTTTTTGTGCAAGCGCCATAGCTATCCGCACCCGCTGCTGCTGTCCTCCCGACAGTTCTCGTATCTCACGGTGAGCCGACTCTGTCATACCGGTACAGGCAAGTGCCCAGCCGATAATTTCTTTATCCTGCATACTGAGACCGCCGAAAGAAGAGCGGTAAGGGAAGCGTCCGTATTCAACCAAATCACTTACCGTGATACCGTAAGGGCTTTGCGTTTCTTGCGGCAAAAGAGCAAGTTTTTGCGCAACAATCTTCGCCGGCATTGTATGAATTGCCTCTCTATCCAGATATACAAAGCCTGAATCGGGAGAAAGGATACGGCACAGCGTTTTCAAAATGGTGGATTTTCCGGAGCCGTTTGCCCCGATAAGCGTTGTGATTTTACCCTCAGGAATATCTAAATTAAGGTTTTCAAATACTTTCTCGCCGTTATATCCTGCGGATAATTCTTTTGCCTGCATACGGGATTGCATAAATCTTTCTCCTTAAAACCGCTTATGAAGTAAAAACAAAAAGTACGGGGCTGCGAGGACGGCGATTACGATGCCGGCAGGGATTTCGCGGGGCTGAAAAGCCGCACGTCCGACCGTATCCGCCGAAAGCAGCAGGAGCGCTCCGAAAAGCATGGACACCGGCATTAGTATTCGATGTCTGCCGCCGATGAGTTTCCGCGCTATGTGCGGAGAAACAAGACCGACAAAGCCTATCCCGCCGCTGACGGAAACACATGCCGATGTGAGTGCAACGGAGGCGGACAAGAGCACTCTTCGCTCCATTTCCACACGGACACCGAGGGATAAGGCGGAATTCTCTCCCAAAGTAAGGATATCCAAGATGTTTATTCTTGTAAAAAGAATCGGAAGCAGGATAACCGGATACGGCAGTAAAACCCTAACCTGATACCAGCTTGTTCCCCACATATTCCCCGCAAGCTGCCGTGCGACAATCTGATAACTGCTGTTATCCATATTTGCAGCCATAATCAGCATAAAGGACGAAAAAAGTGCCGTAAGACCGGCTCCTCCCAGCAAGAAATATGCAGGGTTCAGTTTTCCTTTCCGTTCGGCAAAAAGATAGAGTATTCCGGTTGTGCACAGTCCTCCCGCTATGGCGAAAATCGGCTGAAAGACCATTGTGCGTATGTGCAATGCGGGAAAGAAGGTTAAAAACAACATCACGGCAAATCCCGCTCCGGCATTGATGCCCAATATTCCCGGGTCTGCAAGCGGATTTCCCGTTACCGTTTGCATAATACAGCCTGAAACGGCAAGTCCCATGCCGCATAAAAGCGCAAGCACAATCCGCGGAAGCCGGAACTGTACGGCAACTACGGAGGCTTCCCCCGAGGCGGGGAACAATAGGCTTTTAAATAAC
NZ_CP061839.1_gap79	2515979	2519554	3575	GGGAAGAAGCTGAGCCTGTTTTTTTCGTACCCGTACAAAAAAAACAGAGGTAAAATTTTTAAAGTTTATCTTTCAAATTACCAAAATTTTAATAAATATTTAATGAAAAAATACTTTCTCGGTTTGGAATTCGGTATTTTATGTTTGGTTTTTCCGCTTGTAGTAAGTCCTTTATGTTGGGTATTCAGAAAATATAAAGATAAAATTATGCATATTCTTTGTATTTGTATTTTTTCGGTACTGGCTGCCGTTTGGTATATTTCGGATAACAAGCTTATAATATTCGTAACAAGTTATCCGAAAGTACTGTTTATGATGTCTATATTATCGTTAATGTTTATCAATTTACCTTCGCTTATATATGCCGTAAATATCAAAGATTTAAAGCTGCGTTCGTTTTTATTAAAAGTTATAATTGCATTCAGTATAACATATTTTGTCCTGATTATTTTGGAATTTTTTTCGGTTATAGATATTTACGTATATAGAAGTTACGTCCATTTGGGTATCTATGTTTCGGCTCTGACATATTACATTACACTTGGCATTTCCTTAATACGCGATAAACGCAAAGATGTAAAATTACCTTTTTTGGCATATTTATTTTTAATTGCGGGTTCGTCTATAGATTTCTTTATTTACCTTACCGATGAAGAACAATATTCCGCGTCTTATGCATCATTTTCGGCATTGGTTTTTATAACTTTTTTATTCGTTTCCGCCGTTAACAGTTTACATAAAATGATAGAACAAAATAAAAAGGCGATACTTCATAAAGACCTTGCGTCCAAGGATTTTATGACAGGCACAAAAAATAAATCTTCATTTCTTTCAGATACCGATAAGGCTATAGTATCTGAAAAAGTTGCGGTAATTGTTTTCGATATAAATAACTTAAAATATATAAACGAAGAATTCGGGCATGAAAAGGGTGATGAAGCCTGTATAAAAGTTGCGGAATTGATAAAGAATGTTTTTTTAAAATACGGTGATTGTTATAGAACTGGAACGGATGAGTTTTCCGTTTTAATTCAAGATTGCACTCAGCTTGATATTTATGAACTGCTTCAAAAATTTATTGAAGTGTTAAATTACGAAAATAACAATCTTTCTTATAAATTGGGGACTGCGATGGGCTTTGCGGTTTTTAATCCTAAAATAGACAATAAACTTAAAGATACTATCGACAGAGCAAAAGACAATATGATAAAAAACAAAGCAAGCCAAAAATTTGCGGAAAACTCCACTATATAAAAAGCGGAAATAACTATGGGTTTAATTATTGCCGGAGCGGGACCGGGAAATATAAGACTGTTAACCGGAGAAGTCTTGGAAGAAATAAAAAATGCGGACATCGTTGCATCATTTGAGCGCATCGCAGATGACTTAAAAACAATTAAAAGCGGCGTTTTAAAACTTAAATCTTTAACCGATATTATTGATTTACCGTTTGGAGAAAAACGAGTATTAGTGCTTGCCTCCGGAGACCCGTGTTTTTTCGGAATAACCGCTTATTTAAAAACGAAAAACATTAATATGGAGAAAATACTTACAGGTATTTCTTCAATGCAGTATTTTATGTGTAAACTGCAAAAACAATGGCATTCATTAAAATTTTATTCGCTTCACGGCCGCAGCGCGGATTTTACGCAAATGAAAAACGACAAAGCTTTTTTTATTTTAACGGATAAAACCAATAATCCCGATTTTATATCGCAAGAATTAAAGCGTAACACTTTTTGCGGTAAAATTTATGTAGGTTATAATCTTTCTTACGAAGATGAATGTGTAGAAGTTTATAATATCGGAGAAAAAATTAAGGTAAAATCTTTTTTAAATACCGTGATGGTGGAAAATGAAAAATATTAAAGACAGCGAATTTATACGTTCTACGGTACCTATGACGAAATTCAATATAAGAAATCTTTCTATAGCCTATTTGAATATTGAAGCAGGCGATGAGTTTTTAGATATAGGCGGAGGTACCGGTTCGGTTTCGGTGGAAGCGGCTTTAAACGGTGCAAACGTTACCGCAGTTGAAACCGATGATGAAGCCTGCGCTCTTATAAAGCGCAATGCGGAAAAATTCGGAGTAAAAATCAATTTAATAAAGGGAAAAGCTCCGGAAATTCTTTTAAAAAAAGAATATGCTCATCTTAAATTCAATAAGTGTTTTATCGGAGGAAGCTCGGGAGAGTTAAAAAACATCTTTACCTATTTGGAAAACGGTTTGGAAAAAAACGGAATTCTTTGTGCCGACTTTATTTTAATTAAAAATTTAAACGAGTGTTTAGACCTTTTAAAGCAATTTAATTACACCGATACGGAGGTTAATTTAATTCAAACGGCTTCAATGGGAAAGGCCGGTTTATTTAAAGGTGAAAATCCCGTTTATATTGTAAAGGGTATTAAACGGGCTTAATTTAAATCTTCAGCTTTTTTAAGCCAATTATAAAATTCCAAGCCGCTTACAAAACCTTCAGGATTGAATTTATTTCCGTCCACGAGAGGGATTACGTCTTCTTCAACGGTTCCCAAAACCGAATCGAAATAAATTCCGTCCGAGTCCACATCTTTAACGGGGCTTTTTTTTCCTGAATATTTTCTGCTGTATTTACTTAACAATTCCGTATCGTTCCCCGCGATTAAATGCCATAGAAAAAGAGCCGCATCTTTACGTCTTGCATAATCTTTTGCGATATCCGCATCGGCGGCATACCAGCCTGCGGCTTTTAACCTTTCCGCAAGCATTAAAACTTTCCACGCATTAGTCCCGGTTATAAAATCCAAAGCGTTTGTTTCTCCCTGTGTTAAGGCAGTCATATCGGATAAAAGAATTTTACTTCTTTCCAAAATTCGCGCAGTTTCTTTTTTTATGTCGGAATCCACTTTGTAAAATTTGCGGCAATAATCCCGTTCCGCTCCGTAAAGAAGAGTATATTCTTCAGGTAAAAAATCAAGTGATGCGTCAAAATTTACCAAGGCATTTGTATAATCTTCCATAAGATAAAACACAAATCCCAGTTCGCAGATTAGTCTGTAAGAATTGCTTTTTTGATTTATTGCATTTTCAAGATAATGTTTTCGCTCTTCGTTTTTTAAAATAAGGCGCGAAGCTGCAAGATGGACATATTCTTCGTACGGATTGTTGTTTTCCGCATTTTTAAGCATTTTTTTTGCGGCCGATTTATCTTTTTTTAAAATAAAATAATCGGCATAGAGAGCATAAAGCTTTGCCTTATATTCCGAATCGGTAGAAGGTACCGCTAAAAGTATATCCAAGTCGACTTTGATTTTTGCCGACAAATCCGTATTTCCTCCCGATTTTATTTCGGCATATTGTTTTATAATATCTTTTTCTATTTGCTCTATAATCAAAATATTATCGGTCTTTGTGGAACCCGAATAAATTGCATCTTGAGTTTGTTTTATTGTAGAACAAGAAAAAAAGAAAACGCTTAAAAGCGCGGCGGCCGTTAATTTTTTCATAATTTATTCCTTCCTTTTATATATCGTATTTAAGTAAAATATATGCGAGTTTAAAATTTTTTAAGATTAAACATTACTTAAGTACT
NZ_CP061839.1_gap80	2521033	2521664	631	CCCGAAATAACATTGTGCCCTCCCGGAGCCTGTCCTCCTGAAAGAATTACACCGAATTTTAAAGGCTTTGAAGTGCAGCCGGATTTTCCTTCTACAAATTTTATAACCGGCATTCCGTAAGTATTGGGAAAGAGTTCTTTTAATTCTTCCTGATTGGTAAGCGCCGCAGTGCTTTTCCCTATTTCAGGTTTTATTGAAGCGAAGTCTTTATAAAAGACATCAGGCATTTTGGGTTTATAATTATATCGCAATCTCTGCATTGTAGAGTAATTCATTGTTTCTCCCGTAAAGGTAAAAGTATAACATATTTTCGGAAAAAGGCAAAGAGGCGTTATAAATTGTTTTACCGAGTTTTTCAGTTTATTTTGTTATTACCCGAACATTTTATATTAACTTAAAATTTGACGCGTCCGTTAAAACTGCGGGCAAGGGTTAATCTGTCGGCATATTCCAAGTCGCCGCCTACGGGAAGACCCGAGGCAAGCCGTGTGATTTTTACGGGTAAATCCTGTAAAACTTTTTGAATGTATAAAGCTGTCGTATCGCCTTCAATTGTCGGATTTGTAGCCAGTATTACCTCGGTAACGCCGCCCTCGTGTATTCTTTTAATAAGTTCCGAAATCCTAAGATT
NZ_CP061839.1_gap81	2675889	2677992	2103	AAAGACAAAAGACCGTCGAAAGAAGAAGTTATAGATATGGAACCCGATTTTATTTTCGGCTGGTCGTCGCTGTTTAATGAAAAGCGTTACGGCGATGTAAACTTTTGGCACGAACGCGGTACAAAAACATATATTTGGCAGGATTCCGGTTTAAAAAAACAAGAGTCGGTGGAAAACGAGTGTCAGGATATTCTCAACATAGGCAAAATTTTTAATGTAGAACAAAAAGCGCAAGATATTGTCGATAAGATGAAAGCCGAAATAGAAGCCGCAAAAAAATATGTTGAAGGTAAAAAAAAGGTACGGGCAATTATCATTGAAGTTGAAAAAGAAGGACAGTACAGAGTCTACGGAGCAAAAACAATCGGAGGAGATATTGCCCTTCAAGTAGGAGCTGAACTTGTAGGTACAGATAAAGGTTATATAGGCAAAGAAGAATTGATAGAACTTAACCCTGAGGTTATATTTTCGGTATATTACGGAGACGCAATTATAAAAGAGCAAGCTGTAGATATGCTTATAAAAGATGAAGCCTTAAAAAGTATTTCCGCCTTAGAAAACAAAAAAGTATTACCGATTACTTTAAGTGAAGTATATGCAAGCGGAATAAGAACTTATGACGGAATAAAAACGATTATTGCAGGTTTATATCCCGAACTTTAAAATTCCTAAATATGAACAAAAACAATAAAGATAGAGTGCTGAAAGCGGTATTTATCTCTTCGGCACTCCTATTCCTTTTGGGGCTTCTTTTTGTTTCGATTGTTTTATCGATAGGATTCGGAGCGGTACGCATTGTGCCTAAGGATATCCTTCAAATAATTCAATTTAAAATTTTCGGAACGGGAACGCTTACTTCCGTTAAAAAATCCGCTATCGATATTGTATGGGTTATAAGGCTTCCGAGAATTATCTTAGCCTGTCTTACGGGTATGGGTCTTGCTCTTACAGGCGTAATTATGCAGGCGGTCGTAAAAAATTCTTTAGCGGACCCTTACATACTTGGCATCTCTTCCGGAGCTTCACTCGGAGCAACCCTTGCCATCGCTTTAGGAATAGGAAGCGGTTTAGGCCCAAACTACGTAGGCCTTTGTGCCTGTTTTTCAGCCTTCGCGGCATCTTTAATTGTAATGAAAGCGGCAAATATCAACGGAAGAGCAAATTCGGTAAAACTTCTTATGGCCGGAATTGCGGTAAGCACAATTTTTTCAGCCTTTTCTTCATTTATCGTTTTTACCGCAAAAAATAGGGAAGCTATGCGCAGTATTTCATTTTGGCTTATGGGCGGCTTCGGAGGTGCAAAATGGGAAAATCTTGGCTTATTGTCAAGTATTATACTCGCAGGGGTTTTCTTTTTTATGACGCAATACAGAACCCTTAATCTTATGCTTTTAGGAGACAGCGTATCCATTACCCTCGGAAAAGACCTTCATTATTATAGACAGGTCTATTTACTTTTAAGCTCGATTATAGTCGGGTTTTTAGTATACAATGCGGGAATTATAGGCTTTGTAGGTTTAATAGTTCCGCACATTGCCCGCATTTTTTGGGGAACTAATCATAAAAACATAATACCGGCATCGGTTTTAATAGGAGCCGTAATTCTTATATGGGCAGACGTACTTGCCCGCTCAATTTCTTCATTAGGAGAAATTCCTGTAGGAGTGGTTATTTCTCTCATCGGAGCCCCCGTATTTTTATATCTTTTAATAAACAAAGAATACGGTTTCGGAGGAAGGACATAGATGACCTTGGAAAGTACGGCCTTGTCATTCGCCTTCGGCAATAAAGATATTTTACACGGTATCACCCTTTCGATAAAAAATAAGGGCGTAGTCGGAATTATCGGGCCTAACGGCTCGGGGAAAAGCACCTTGTTAAAATGCCTTTACAGGGTTTTATCGCCTAAAAGCGGCATTATAATGATAGACGGAAAAAACATAAAAGAATACCCTTTTAAAGAAACGGCAAAAAAAATAGCGGTAGCGGCTCAACATAACGAAACTCATTTTGATTTTAACGTACTTGAAATGGTTTTAATCGGACGCTCCCCGCATAAGCGGTTTATGGAAAGGGATTCCGCAGAAGATATTAAACTTGCAT
NZ_CP061839.1_gap82	2689034	2692621	3587	GAGCGTACGTCGGCGGTTTGTGCCATGTAGTCGTTCGGTTCTGCGGTGAGCAGGTTTTCTCGTAAACAGTATTTTAACATATAAATCTCCTTAGTTTAGGGGTGATTTTGGGGAGGGAAGACACTTTTTCGGATAAAAGTTTTCCTCTCCCCAAACCCCTCCTATCTTCAAAAGAACCGCTCAGGGGCTCTGCCCCTAAGAACCCCGCTTACGGATAGGTTTTAAGCTGGTTGGCGGCAAAGGCGCTGACGCGCTTTGCCTGCGAGGGGGTGGTTTTTTCTTAACCGCTCGGAACGCAGAGGGCGCTAAGGTTTTCGGGGTGCCGCCGCTTGCCTTTTCCCCTCGTTTTTTTTTGCGTGCTCTGCGTGCTTTGCGGTTTCTCCCCATTCCCGATTTTACGGTATTGCCGCAAATCTTTTCGCTGTGGTACCCATATCGCCGGCACCGGCTTTATATTTGTCAAGCTGGTCTTGCGGTACTTTTATGCTGCCGTCTGCCAGATTGCCGCAGTTTGTAAAGGCACTGTCGAACTTGCCGGCACTGTAATTGCAGTTGAGCGTTACGCCGGTTAGCTTTGTGCAGGCGTAAAAGCAGTATCCCATATCGGTAACGCTTGCGGGGATGTCCGGCACTGTAGTAAGGCCGGTGCAGCCGTAAAAGCAGTTTGTCATATTGGTAAGGCCTACGGGAATGTTCGGCACTGTTGTAAGGCTTGTGCAGCCGTAAAAGCAGTAGCTCATATCGGTAACGTCTTTGGGGATAGCCGGTGCTCTAGTAAGGTTTTTGCAGCTTGCAAAGCAGTTTGACATATCGGTAACACTTTCGGGAATAGCAGGTGCTGTTGTAAGGCTTTCGCAGTCTTGAAAGCAGCCGGACATAACGGTAACGCCTGCGGGGATGTCCGGTGCTATTGTAAGGCTTGTGCAGCCTAAAAAACACCAGCCCATATCGGTAACGCCTGCGGGGTAGGCTGCGATTTTAAGGGCTACTTTTTTATCCGAATGGTCTTTAAGTTTTTGTCCCAAGGCTCCCGGATTGCCGCCGCTTCCCTTAAAGGCTTCCGCCGGTATCTCACCTATTACTTCGATGTAGTTTAGCTTTTCGCTTGAAGCGGTGTCCCTCAAGTAGGTTTCAAGGTCGGCATAGGGGACTTTTACGTAGGGGCCGGGCGTTACTGCGGGTGTATTGTTTCCGCCTGTGCTCCCTGTGGGCTTTCTGCCTGACGTATTGGGGCAGCCTGAGAAAAAACCCGTTACTATAAATACTATTGTCAATACCGAACCGACAAGAATAGGCGTTTTTAACTCGCGTATTCTTACATTTAATAATCTTTTCATATTTTTCCTCCCTGATAAAGATTATAGTTTTAGCCTTGCGGTTTTGTTTTTAACCGCTCGGAGCGCAAAGTCCGCTAAGGTCTTTAAGGTGCTACTGTTTGCAAGTCCCTCATTCCTCTTTGCGTGCTCTGCGTGCTTTGCGGTTGTATTTTAACCGCTAAGAGCGCAAAGGCCGCTAAGGTTTTTAAGGTGCTACTGTTCAAGTCCTCTTTATTTCCCCTTTGCGTACTCTGCGTGCTCTGCGGTTTTATTTTTAACCGCTAAGAGCGCAAAGGCAGCTAAGATTTTGTTTTACGAACCCCTTGTTTTTCTTTGCGTGCTCTGCGTGCTCTGCGGTTGTATTTTAACCGCTAAGAGCGCAAAGTCCGCTAAGGGTTTTCGGGGTGCTGCCGTTTGCAAGTCCCTCATTCCTCTTTGCGTGCTCTGCGTGCTTTGCGGTTGTATTTTAACCGCTAAGAGCGCAAAGGCCGCTAAGGTCTTTAAGGTGCTACTGTTCAAGTCCTCTTTATTTCCCCTTTGCGTTCTTTGCGTACTCTGCGGTTTTTTCTTAACCGCTCGGAGCGCAAAGTCCGCTAAGATTTTGTTTTACGAACCCTTTGTTTCTCTTTGCGTTCTTTGCGTGCTCTGCGGTTTTTTCTTAACCGCTCGGAGCGCAAAGGCAGCTAAGATTTTGTTTTACGAACCCTTTGTTTTTCTTTGCGTTCTTTGCGTGCTCTGCGGTTTTGTTTAACCGGAATAATCGCCGGTTATCGATATCCATTTATCTCTTATGCAGTTTTTTACCGCTATTGTCCTTAAAGCGTTAAGTTTTTAAGGTGTCTTGCTCCGTAATCCTTTTAGGTCTCCTTTGCATGGGCTAAACTTTGCTCAACGCTTTGTACGGCTTCGCGGTTTTTTTGCATTAACTCATTATACATCAGTGTAAAACAAATTTACATAAAAAACACTGCAAAAAAGCAAAAAAGAACCTTGGTTACCCAAAAAAGAACTTTGGTTACTTTTAGAGTAACCTTGGTTACCTTCAAAATAACCTTGGTTACCCTAAAAAAGACGAAATTTACTCCGTAAATTCTAAAATATGACGAAAAAAAGCGGTATCGGTAGCTCTCAAAAAAAGTTTTTAAACTATTTTTACACCGGGCTTAAGCGATAAAAAAGCGGAACTCTGCACAGGTTTTAAAGTAATTAAACCGAAAAACGTTTTTCCTTCCGTTCGAACACACATCATTTACAAAAAACAAGTTTTACGGCTCACAAAAACTTCTCTTTACAAAACACTCAGGTTCTCTGTTGACACACGCTATATATTGTGTTATAATCTTATAAAAATAAATAAATCACACAATATATAGCGTGCTTTTAGGCGAACTTACAACTTCTCTTACAGGCACGCTTAAAATATTAAAGATTTTTATCTATGCGTACGGAGGAAATTTTATGCAAATTATAAAAAGGAACGGAGAAAAAAAGGAGTATGAGCCGGAAAAAATAGCAATGGCAATTCAATCGGCATTTGAAAGCGTCGAAAATTCGCCGCATAACAATCTTAACATAATAATTCCGCCCCTTGTTAAAGAAATCGAAGCGGATATAAAAGAGCTTAGCAAAAACGGCAATTTAGTGCAAGTCGAAACCATTCAGGATTTAGTTGAAAAAACCCTAATCGAGCACAATTACTATGCCGAAGTAAAAAACTTTATCCTATACCGTGTAAGCAGAACAAAACGCCGCGATGCCCGCCAAACTATAACGCGTTTTTTCCCTTCGGTAAATATTCAACCCGTACTGACAGGCATTCAAAACGAATTTACTTCGGAAGAATATAACTTAAATTTACTCGCCCATAAATTCCTCTCATTCCGCAAAGAAAATATGAGCGAATCCGATTCTCTTTCCATGTTAATTAAGGCCTCGGTAGAGCTTACCGCTCAAGATGCTCCCCGCTGGGAATTTATCGCCTCCCGCCTTTTATATTTTCAGTTCGGTTTAAAATTAAAAACCGAATTGGAAAAACGCCGTATCAATTCTTTTTACGAAAAAATAAAATACCTTGAAAATGAAGGCTTGTACGGCACCTATATTTGCGAAAATTATTCAAGAGCCGAAATTGAAGAAGCCTCATCTTTTTTAGCTGAAGAGCGGAATAATCTTTTTACATACAGCGGTTTGGATTTGGTTTTACGCCGCTACGTAATTCACACTCATAACAATATTACCCTTGAAACTCCGCAGGAAATGTTTTTAGGTATA
NZ_CP061839.1_gap83	2694669	2697784	3115	GATACCTTTCATTGAGTTTGTCATAAAGCCAAATACATGTTCAACTCTTGCCCGTATTTTTGATTTTTTTCTGTTACCGATTTTTTGTTTTTTAGTAAGAGGTTTCCCTCTTGCTCCTCTTTCACAAATTTGTCCTTCTATCCCTTTCGCTTTTAAAATCCCCTCTATTTCTTCTCCTATATAGGCACTATCTGCGTATAATCTTTCATCTTTCCTTTCAACTAAATTTTTTAACTCTCTACTATCATGAACATTGGCTGCTGTTACCGTTGCTTTCAATATAAGCTTACTTTTTTTATCTATTTTTATATGATCTTTATAACCGTAATAATTACGTTTATGCTTCTTTGTCCACCTCGCATCACAGTCTTTTTGCGATAATTTTGCCTTATTTTGTTTTTCTTGCCATTGTTCAGGAATTTTTCCGTTTTTGATTTGTTCATTTTCATCTTTGCTGTTATGCTGTATCGGTGCTTCTACTATTGTCGCATCTATTATCGTTCCCTCTTTTCCTATTAAGTTATTTTTAGCTAATTCTTTTCCAAACTTTTCAAATAATTTTTTTGATACTCTCGCTTCAATGAGTTTTTCTTTAAAAAGCCATATTGTTTTTGCATCGGGTACTTTATCTTTTAATTCCAATCCTAAAAATCTCATAAAGGATAGCCGATCGTTTATTTGATATTCCGTTTGGTCATCACTTATGTTGTATAATTTTTGTAAAATTATTATTTTAAACATCATTACATAATCGTATGCAGGTCTTCCGCCTAAACCTTTTGGCTCTTTAGTTAATGCTTTTTTTAATAGGGGCTTGAATATTTCCCAATTTATTTTTTCGTTTAATTTTTCAAGACTATCTCCTAGCTTACTTAATACTCTTAAACGATCTTCTTCATCAAATAATCCTTTTTGTTTCATACCTCATTTTATCATCTTTTTAATCTTTTTTAAAGGGGGTTTTTAGAGGTGCCCTTTACATAAAGTCTATACAGGGCTTATTAAAACTCTTTTAATATTTCTTTTAAAACCGTAACAAACTCTTTAAGTTCATCTAATGTTGTAGTCCTCCCGATTGAAACCCGTACCGCATTCATTTGAAGTGCCCTGTCTACTTTCATAGCGTCAAGCACTGGGCGGGAATGCTTTTTTGCCGAACACGCGGAACCTGTGGAAATACATATACCGCGTTCGGATAAACAGCGGACTAAAACTTCTCCGGTCAACTGTCTTACGGCAAACTGCAATATCCAAGGCGAAAAATTTTGCGGGTTTTCAAGACGCGTTTGCGGGATTAAAGTAACATCGTTGATTTTGCTCAACTCTTCTATTAAATAGTCCATTAAATTTTGCGCTTTGGAAAAATGCTCCTTTTCATCTATCGAATAATTTTTTAAACACTCGGCAAGAGCTAAAATCCCTGCAAGGTTTTCCGTGCCGGGTCTTATCCCGTTTTCCTGCCCGCCGCCGCGTATAAAGGGCTCTATATTTTTTGCCGTATATAAAAAACCTATGCCGCGCGGCGCCCCTATCTTATGTCCGCTGAACGAAGCGGAATGAATCGGTAAATTTAAAAGGTTAAAGGGGATTTTTCCGATTGCCTGCACCGCATCGGTATGAAAATGAATTTTCCTCTTTCCCTTTGTAAACTCTTCAAGAGCCGCTCCTATTTCTGCAATCGGCTGAATTGCACCCGTTTCGTTATTTACGGCCATTACCGTTACAAAGCCCGTATCTTTTTCTACCGTTTTTAAAACGGCCTCAGGAGTAATTATTCCGTTTTTGTCCGAAGGAATTACAAGCACTTTAAATTTAAGTTGCTGCATAATTTTTACCTGCTCCCTAAAAGCGGAATGCTCAAGGCTGCTTATGCATATCGAACACGGAGCGGTCATCATTGCAAAAAGCGGAATATGGTTGGCTTCCGTTCCGCCTGAAGTAAAAAAGATTCTTTTTTCGCTTCCGCTTAAACTTTTTTTACTTCCTTCCTGCGTAAGATTCTTTTTTATACCTAAAGTGTAAGAAATCTCTTCTCTCGCTTCCTCAAGTAAACAGCGGGCAGCCTCTCCCATACAATGCTTTGCCGAAGGATTGGCAAAATTCAAAAACGATTTTTTTAAGGCCTTTATGCACGCGTCTTCCTGCGGAACCGCCGAAGCCGCCCAGTCCAAATAAATCATATAAGCACCGCCTTAATATCTTTTTCTTCCGCTTCGTAAATAAGATTTTCTTCGATGTTTTCCTGTAGAATAACTCTTATTTTACCGTGCATATTTTTTTTATCTTTTTTCATTGCGGCAATAATTTTATTTGCAAATTCGTTTTTTAAATGCACGAGACATTGCGGTACGGCCTCCGTGCACCAACCGAATTTTTTTATTATAGAGTAAACCTCATTTGCATATTCACAATCCGTCAAACCTAAATTTTCACCCAAACGTAAAGCTCTGGAAATTCCCCAAGCCACGGCTTCGCCGTGCGAAACGGTTTTAAAATCCGAAACCGTCTCAAGAGCATGAGCGAAGGTATGCCCTAAATTCAAATATGCCCTTTCATTTTTTTCATAAAAATCCCGTGTAACTACATTTGCTTTTGAAATTATAGCTCGCTTCAAAATCTCAAAAATAAGCTCTTCATTTCGATTTAAAATTTTTTCGCTCTGTTCTAAAAATATCTGGTACAATTTAGGAGAATATAAAAGAGCAATTTTAAAAATTTCGGCAAGACCTGAAAAATATTCCTTATCGTTTAAGGTTTTTAAAAATTTAGGAATAATGTAAATTTCATCGGCTTTAAAAAAACTTCCTATCATATTTTTATAATTTAAAAAATTAACGGCACTTTTTCCGCCGATTGAAGCATCGGCCATTGCCAATAAGGTTGTAGGAACAAGATTGCATTTTACACCGCGCATATAAATTGAAGCTGCAAAAGCCGTTAAATCGCAAATAACGCCTCCGCCTATTCCGATAAAAATGGAATTTCTTGAAAGCCCCGCATCAAGAGCGGTTTTTAAAATAAGTTCAAGCGAAGTAAAATTTTTATTTTCTTCTCCGCTTTCGATTATAATTAAAGGAATATTTGAAGAAAAATTTTTTGCCTGTTTTACAAAACT
NZ_CP061839.1_gap84	2790563	2793320	2757	TATGGCTCCTATACCTCCTGCGAATACCGAAGATTTATCTATGACGGAACAACAGGACAACACCGAAACCTTGCCGGCAAATGACGATAATTTCGGCAACGATATTGATACGATAAACGACCTTGACGGAGAAACCGAAGAACAAAACGTTTTTAAAGCGGCGGAAAATACGGACTCGGTCTTTAACGTCGAACCGGCCGTTTCGGAAGACTCCTCCGGGCTGGAAGAGCTCCCCGATTTGCAGGAATTTACCCCTGATGAAACCCAAACGGATACCGGACAGGGACAGGACTTTATAGAAGAAGGTACGGGAAGATTTAATATATCGACCGATTTAAGCGGCTCCGATATGGACACCAAAACAATGGTACAGGCAATAAGAACCGTATTAAAGCGGGAATCCTAATCGGATTGAATGGTGATATAAAGGTATGAGAAATGGCGAATATTAATTACGATGATATACCGGAAGACGAACTTTGGGAAAAATACGGAAAAACCTCCGACCCCGGCTTACGGGAATATTTTATACTCAAATATGCTCCGCTGGTAAAATATGTTGCAGGCAAGATTGCCGTAGGTATGCCCGTCAATGTAGAATTTGACGATTTGGTAGGCTATGGCGTTTTCGGTCTTTTAGATGCAATTGAAAAATATGATTTGGATAAAAATGTAAAATTCAATACCTATGCCGTAAACAGAATACGCGGAGCAATATTTGATGAGTTGCGCTCCATAGATTGGGTACCGCGCTCCGTACGCCAAAAAGCCCGCGAAATAGAAGAAACCATTGCAGATATTGAAGCAAAACTGGGCCGTTCCGCCGCAAATGAGGAAATTGCCGCAGCAATGGGAATGGATATTGAAGAATATAATTCTCTTTTATTAAAAATATCCGCCACAAGCGTCATTTCATTAACCGATTTACGCTTTTCAAGCGAAGATTCCGAAGAAAGCTCCGTAGGAGATACTATAGAAGCTCCGGCTTCGTTAAATCCGGACGTAATCGTAGAACGTGAAGATATAAAACGTGTTATAATCGATGCTATTAAAGAATTACCTGAGCGTGAAAAAAAAGTTCTGATAATGTACTACTATGAAGATATGACATTGCGCGAAATAGGAGAAGTTTTACACGTTACGGAATCCCGCGTTTCACAGATACATTCAAGTGCAAATATAAAACTGAGGGCAAAACTATCCGGTGTAACCAAAGGAATAAAATAGGGGGCGTTTATGATTCGGCTTAATCAAATAAAAGAAAAAATGACTGAACTTCACGAACTTGATTCAGGCCGTTTTTTTATTGATACAAGCGGAGATACTCTTGATGAAGCCCTGTTAAATGCCTCTGTCCAATTGGGAGTTCCCATGTCTTCTGTAGACTATGAGATTCTCCAAAAAGGAGTTTCAGGCTTTTTTGCACTCTTTCCGAAAGAATGGAAAATAAGAGCTTATGAAACGTCAAAACCGAAAAAAGCCTCGCCGGAAGAAGGAGAAATTTCCGAAACGGATAATATGGAAGAAAGTGAAGTTATTCCGGACCAGGACGGAATGGCTTATATATTTTGTGCGGCTGACGGCATATATTTAAAAGTAACGGCACCTTCAGGGTACGGTAACCCGGCTACAATTCACGATGCAATAGAAAAATTGCGGGACAGAGCTCTGCCCATACCTGAAGATAATATCCTTAAACCCATTATAAATGCCCGCAGCGGAGAATATGTAAAAATTGCGCCGTATACACGTATACCGGGGAATGATGCAACAATGGCCGTAACTATAAGTGAAGATGAAATGAAGGCTTATTTATATGTAAATCCGCCGTCCGCAGGAGGCGTAGACCTTTCGGCGGATACCATAATAGCCTTTTTAAAAAATAACAGAGTCATTGTCGGCATTAACGAAGACCTCGTAAAACAGTTTCAGGATTCGCCTGTTTATAAAGAAGATTATCTAGTTGCGGAAGGTATTGAACCGAAAGACGGGGAAGATGCACGCATTGAATACGATTTTGAAGTGGACAATACACGTGTACGTCTTCAAGAAACACATTCAGGCCAAATTAATTTTAAAGAGCTTAACCTAATTCAAAATGTAGTTGAAGGACAACCGGTTGCACATAAAATCCCCGCACAAAGAGGAAAAGCCGGAAAAACGGTAACGGGTAAATACCTTGAAGCTTCCAACGGAAAAGATGTTCCGCTCCCGTTAGGCAAAAATACAAAGGTTGCTCCCGACGGATTAACTATAATTGCAGAGGTAAACGGACAAGTTCTTCTTGTAAAAAATAAAGTAACGGTTCAAGAAATTTACGTTGTTGAAGGCGATGTTTCAATCCGCACGGGCAATATTACGTTCTTAGGTTCGGTTTTCGTAAACGGGAATGTAGATGACGGCTTTGTTATAAAAGCCTCGGGAAACATTGAAGTAAAAGGAACTGTAGGCAAGGCGGAACTCGATACGGAAGGCGATATAGTTGTAAGCCAGGGAATAATAGGTAAAGAAGGCGGAGCTATACGGGCAGGAAAATCAATTTGGTCCAAATTTATTCAAAATACGGAAATAGTTGAAGCGGGAGATATGGTTGTCGTTTCGGACGGAATCATAAATTCCAACGTAATAGCCAACAGAAAAATTATTTGTCAGGGGAAAAGAGCCGACATTATAGGCGGTAATTTAAGCGCATCGGAATCTATTTCGGCACGCAATTTAGGAAGCGCTTCAGGCGGAAACGATACCGTCTTAAATGTA
NZ_CP061839.1_gap85	2844102	2847780	3678	TATTTTAAATAATCATATTCCGTGGAAAGATAAAACCGGTGTTCAGGCATTGATACAATACGGTGTAAAAAACAATTGTGCCGTATCGTGGAAAGAATCTTCACAGGATATATCTTATAAAAATATTTGGATTGAATCATTTAAAACAAACTATGAAAAAACCGAAGAGGAAGTTTTTTTAAAAGAAAAGGCAAAAAATTGGTTTTATAAATTTTATTATGCCGCAAAAAAACTATGTAAATCGAAAACCTTTGAAGAATTGCAAAAAAATTATTTTATATTTAGAGAAGACTGTATAAATGTTTCCGAATTTTCCGAAAAAGACAATGCCATTTTAGGGCGCTGTCTTTCTTCCCTTAAAGAGCTTACTTCGCTGGAAAAAAAATTTAAAGATTATATGCCGAATGATAAATTAAATTTTTTTGTTTCACAGCTCGAAAAAGAAATTTATGTTCCGCAAAATACGGGCTGCGCCGTAAGCATTTTTCCGTACAGGGTTGCGGCCGGAACGCCCTTTACATATCATTTTATTTTAAATTGCAGTCAAAAACATACAAATATTATTTATAATAAACTTTCATTTTTACGTAAAGACAAACGTGAAGAATTGGGTGTTTATGAAACCGACGCATCTTCTTATTTTTTTGCAGCTTATGCCGAATCCGAAAATTGTATTTTCAGTTTTGCAGAGCAAAGTTTTTCAGGATATTTAATAATAAACGGATTTTTTGATACCGAAAATGAAGAAACGGAAAAAGAAAAAGCGGGAGAAAAATTAAACGAGTTACTGTTTTTCGACTCATTTAAAAATGAAGACAATGCCGAAAAAAAAGAAACCGTTTATAAAACGCAAAAAGAAGGAGCCGGTATTGAAAATCTTTTTAAATATACAAAAAAGTTTTCATATTTGGAAAATGAATATTCAAACAGGTCAAAAAAATTAACCGAACATATTGCAAAGACAAAATTAAAAAATAATTCTGTAAAGGTAAGTCAAAGCGATTTAAAAAAATTTTATGAATGCCCCGTTTTTTGGTTTTTAAGCAATGTACTCGCCGTATATCCCGAAGAATATGATGCTGCGATTTTCGATTCCAGAGATATAGGAAATCTATGCCACGAAGTTTTAGAAAAATTATATAAAGAAATAAAAAAAACGGACAACTGTTTTAATAAAGAACATATAGAAACATATAAATCGATTGCGGAAAAAGAAATAGAACAAATTACCGAAAATTACGTCAATTTTCGAGGAGCCTTGGCAAAACCTTTTATTCAATCTTTAAAACAGCGTATTCTTTATGCAGTTGAATTTGTTTTAAAAACCGACTCCGAACTGCTAAACGGTTATTCTCCCGATTGGATAGAAGAATGGATTGAAACCGATTGCGAAGGAATTTTATACCGCGGCAAAATCGACAGAGCGTCTTTTCCTCCCGATGAACGAAGTGCCGTTATAATAGACTATAAAACAAATTCCATGCCGGCCTTTTCTTCTTACGGAAATAAAGATGACGGCAACATTGAACTTACCGATTTTCAAATACCGATGTACATATTTCTTGCCGAAACAAAACTTTTACAAAACAAAAAACAAAAAGAAGGAAACTCATTAAGCGAAATCGAACACGCATGGTTTTTAAGTTTTGTACAGCAAAAAGTAAATAAAGTAGTTAACGACAATACGGTTATAGAAGTTAACCGCAAAGGCAAAGAAAAAACACGCAAAGAATTTCAATCTGTAATAGACACGTTTATTCTATATGCGGAACATTTTGCAGAATGCGTACATAATGAAAATTTTACTAAAACAAAAAACGTTACCTTTGAAAATTGTTCGGCTTGCAGTTTAAAAAACGTTTGCAGAACTGTTTATTCCGTAAAATAAAGGAAATAAAGATGAAAGATATAATAGAAAATTTACTAAACGGTTTAAATTCAAATCAAATAAATGCGATTACGGTAGAAAACAATGCCGTAATTGCAGCGGGAGCCGGTTCAGGAAAAACAAAGGTTCTTGCTTCAAGATATGTATACTTTATAGTAGAAAAAAATATCAATGTAGAAAATATTATCGCTTTAACCTTTACCGATAAAGCTTCCGCAGAAATGCACAAACGTATTTACAATACACTAAAAAAAATAAATCATCAGAATGCCGTAAAAGCGATAGAAAAATTTCATCTTGCACGTATTTCAACCTTAGATTCATTTTGCAATTCCATTGCACGGCTTGCCTGTAAAAATTTCGGCATTTCTCCCAACTTCAAAATCGATAATGAAGAATCTAAAAATTTAGCATATAGAATCTCTCTCGATTTTTTCTTAACACACCGCTCCGATGAAGCAATCCGATTTTTCTTAGGCGAAAATAAAATAGATGATTTTGTAAAAAATTTATTTACAAAAATTTTAACCGAATATGTTTTTATCTCACAACCTTTAAACTTAAAAAAACATTTTAAATCTCAAACGGAAGAATACGTAAAAGCGGAAAAAAAAGCCGTAAGCGGTTATTATGAAATTTTAAACTTAATAGAAGAATCTGATAATAGCGACAACTTTATAAAAGACAGCAAAGAACTTTTAAAAGAAAATAATTACAACATCGAATCGGTTAACGATAAAAACTTTTTTGAAGTTTTAACCGTAATTAAAGAAATTTCGAGCAACCGAAAAGGCAAAAAAGACGGAAATGCAAAAGAAATAAAAGATACGTTAAAAGAAATTTATCAAACATTTTTAAATATTTATAACTTTGAATATTCAAAAAAATACTTGGAAAAACTTTTTATCTTGTTGGAACAACTTCAAACCGAATATATTATACAAAAAAAACAAAACGGAATTTTAACCTTTTCCGATGTCTCACGGCTTGCCGTTGACGCTCTTATTGCCGATACGGAGCTTAGAAATTTTTATAAAAAAGACGCTCAAATAATAATGATAGACGAATTTCAGGATAACAACGGTTTACAGCGGGATTTATTGTTTTTAATTGCGGAAAAAACGGAAAGGACGGAAAAGTCGATTCCAAAGCCGGAAGAACTTTATCCGAACAAACTTTTTTTTGTAGGAGATGAAAAACAATCCATTTACGCTTTCCGCGGAGCCGATGTTTCCGTATTTAGAAAACTGGCGGAAGATATAGGCTCAAAGGAACAAATAGATTCTACAAGGCTTTTAATAAATTACAGAACCGAGCCTAAACTTATAGATTTGTTTAATATAATTTTTAATAAGATTTTTTATTCCGCCGAAAATAAATATTTAAAAAAAGACCCGAACGGCGAGGCGAAAACACCTCCTTATGAAGCGGAATATTTCCCCACACAATCCGGAGAAGCGGTAGCCGGTATTAATCCCAAAATAGAGCTTCTGTTTTTCGATAAAACCCGTTTAAAGAATATGGAAGATAAAGACATCTTCCTTTCCGCCGTTGAAACCGAAGCGTATTATATTGCAAAGCGTATTTTGGAAATATATAATTCCAAAATGTTGGTTAAAAAAGGCAGAAATGCCGCCCCCTGTTCATGGAACGATTTCGCTATTTTAATGAGAGCGTCTTCACACCAAGGCGTATATGAACGTATTTTTAGAAACTTCGGAATACCGTACAAAAGCATTCAGCAAAAAGGATTATTTAATGAAGCTCCTATAAATGATATCTATGCACTG
NZ_CP061839.1_gap86	2867111	2870764	3653	CCCACGGGCCTAAAATGGTATACTCTTCTTCCGCATTGGTAAGATTGTTTAACACTTTCACTTTACTGCCGAAATAAACCTTTTTCGAAGTAGCGGTTGTCGGGTCGAAAACTTGCGCCCTGTCCAGCTCGTCCTGAAGACGTGCAAGCGCATTGTTTAAACGGTTTTGTTCCTCTTTCGCAGCCTTAAATTCTGCATTTTCACGCAAATCGCCTAAAGCGAGAGCGGCACCTACATCTTTTGAATTCTGAGGAATTTTAACGTCGCGTATTTCAATAAGTTCTTTAGTTTTAATATCGAACATCTTCGATGTAACAATCAAACCGTGAGCCGTAACCGTTTTTTCTTCAATATCAAAGAATTTAAAATCCTTGTGTTTTTCCACAATTCTCGCACGAATACTCATTTTAATCATAGGGTCAAGGTCTTTTATATCTCCGATAAGAGTATAAAGTCTTGTAATGGTATCCACATCGCTTTCAAGGATAAAATTTTCCAAAAGGTTCCCTTTATCGAATAAAATCGAATGAACCTGATGATTAATTTTACGGTTTTCCGTAGTATTTCTATGTGAAGAAATTTCACGGTATGTAATATCTAAAATGTGAATTAAAACAATAAGCTGCTGCTCAAAAGTAATTCCCAATGTTTTAAACCATTCTTCTTCCTGTATATTCTTAAAGAACCAAATAACGGCATTTCTGTAAATTCGATAGTTTTCAAAACAGTCTTTTACAAGTTCCCGAACCTCATTAACGGCACCCTCTTCTATCAAGGCCTGTAAAATTTCAGGTGCAAGCACGGACGGGAAAAGCTTTATATATTCCTTTTCCCAATTCGGAATTAAATTCTTTATATATTTTAAGAATTTTTGTCTTATCGTCTGCCCCCGAACCGAAACCTTGTCTTTTATTGCCGAATAAAGTTCCGTTACGTTTTCGATTCTGCTATAAAGTTCGGCAAAGTTATAGGCCTTCCCCGGAACCGCCAAGGATTTATCCGCGGCAAATTCACGTACAAGAATATACGCCGAAATAATTTGCTCATTTACCTGATTTACACTTTTTAAAAAGCCCTCAAAATAATCCAACATTTCGCGGAAAGTATCGGACTCATCATCGCAAACTTCGGAAGAATCATAGGCGTTAAGAAGCTCAATTCGGGCAAAAAAGTTTTTCTGAGCTTTAAATTCATTGGAAAGTTTTTCTTCCAGCGAAATCGGGCGTTCGCGTACGGTATAAAAATCTATATTATCAGGGTTAATACCGAATATGGGATTTTCTTTTAAAATCTTTCTGGCTTTTGTATTCCAGCTTGTCCATTCGCTTGCGGTAAGCAATGACGGAACAAGCTCTTGTTTAACGCGTTTCATATCACAATTGTTATCGAAACTTTTAATAACGGCTTTTAATGCCCATTCCGGCTCCGCCTTTATTTTTTTACCGAGGGAATCTTTATTTAAAGTGGACTTCAAAACCCAGATATGCTCTCTGTCAAGAGTCTGTAATGCGGTTATTCCCATTTTAAGACTCATTTTATGACCGCGTTTTTTTGCAAAATCGATTACAAGCTCATCATTTTGTACCGAAGCAATTCTGCCTACACCCCAAGTTCTATGGAAAACAAAACAACCCGTATCAAAGGAAATATGTTTTTCAAAGTCCGCAATTGCATCGAAAACGGGGCGCCATGCTTGGGTTAAGTTTGAAACTTTGATATACTCCTCAAGCTGACTGTGGTCTTTATATTTGTTTCTAAAGCATTCGACTATTTCGTCTCTGGCCCAGTTGTCTTTTTCATCATAAGAAAGCATTAACTTTAAAATATCTATGGCGATATTCCAGTTTTCATTCTTGCGGTAATACTGATAAATATCCTGCATAAGCATAGAGCTTCTGCCCGTATCCATTACTCCTGAAATTTTAGCCTGTATTCTGAAGAAAAAGTCTATTTCGTCCGGAATAAGAGTTGCCAGTTTTGACCACATCTCTTTTATTCCGCTAATTTGTTTTCTGTTTATAAATCTGTATAGGGCCTTTTTATAGTATTCGACGGATTTTTCAATATTTCCGTCTTTTTCATATTTTTCCGCCAAAAGCTTTGCAATATCGGCTTCATCATAATCGGCTTTTACCAAGCGCTCCCAAATATCGTAAATTTCTTCGTTTCCTGAAGTTTTATAACATTCCGCAAGAGTTCTCAAAGCAAATTTGGACTCTCCGTATTCGAGGAATTTTTTACAAAGATATTCTACAATCTGAGCTCTATGATTATCTATGAAAATTTCAATTAAACTTACAACGGTAGAGTCGTCTAAAAGCTGATTGGAAAGTGAAATTATACTGGAAATGTAAAGAGCTATTATACTGTTTTTTGTGTGCGCCAAATGCTCATCACAAATAGTTTTTATTTCATTTACAACATCTTCCTTTCTGGCTGTAGAAACCAGCTTATAAAGATCTTCAAAATTTTTTGTCGTGTAATTTCCTATAGCTGCTCTTGTCCATTTTTCTTCATTGAGCATCTCCGTCAGTTGTTTCTGTATATCAGACATAACACCCCCAAATCGCTATCCTACATAGCGTTTATAAATATCTTTATCCAAGACTTTTATTCTTAAAAGCACGTCATCTATTTTCGCCCTACTTTCATTTACATTAACATAATGGTCTATAAGCCAAAAATAGTTGTTTATAAGGCGAGGTACAAGCCTTGCGTGTTGCTCTCCGGTTTTTTCGCGCTCTTCGTTTTCCAGCAAAAATATCTTTTGCTTTAACTGGCCGAATTCATAAGAACGAAGCTCGCGTTTTACATTGAACACTCCGTCAAGGACTCCATAAACCGGAATCCATTCTGAAACCAGTTCTGAAGAATACCCCAGCTTTTCAACTTTTCGTATAAGCCGTTTAATTATTTCGGATTCTAAAAATTGCAGCTCTATATCGGAAGGATTGATAAAAAAAGCCTCTCGAAAAAAGGCTTTTGAAAATTTCATTTCACCGTAAAGAGCGTAACAATCTGCAAGTTCTGCAAGAACCGAAGCCGAATTTTTATTAAGCTCGGCTGCATACTTCAAAAATTCAAGCCCGCGCTCATAATCGCCTAAGGCCTTATAACATAAACCGACCCTTAGGTAGGGCTCTGCATTCTGCAAAACGGTTTCCTCTCTTAACAGTTCTGCATAAAATTTAAGTGCCATTGTAAACACGGCACATTTTAAGGCATATATAACAGCTTCCCGATTTTCTCCCTGTCTTTCCATGAATTTTAAAAAAGGCTTCCAGTTTGCAATCATATACTCTCCGCGTTCAAGCGGTGTGGATATTTGTTCCGCCAATTTAATTTTTTCACCCCAAAAGCTTATACCCTTAAGAGTATACTCAATATCCGCATTATCCAAATCATTTTTTAAAATCCGCTCAAGTTCGGTATAAGCGCTGTCAAACTCACCTTGCTTGAGAAAATTCAATGCAGTGTTTAAGTTGCTTTGTACAGGTTTTTCAATCATATTATCCTTTCGTATTATTATACAAAAAAAACGATTTTAGTCAATTACATCTTGACATAAAGCGGAAAGTACTATACATTCATTTGCTGAAATTTGATAAATTTTAGCCGTATCATACCGCCCTATATCCGATTTTTACCCGATT
NZ_CP061839.1_gap87	2983768	2984754	986	ACAAAACCTGATACTTCTCCTGATGAAATTACGTTAGAGCTTAAAAACGGAAAAGCTATCGTTGTCAGTATCATAAGTGGTATAAGCAGTACAGAAGAAAATACTTATACCATAACCGGAAATAAAATAACTTTACCGGGATTCCCCCCCCTGGAGAATATGAGTATACCGTAAGCGGTAATACTCTAAAACTTTCTGCAGGCGGTATTACTGTATACGAATTCGAAAAAAAATAACGACAGATTAAATTACTCAAATCAAAATTTGCCTATACGGTTAAGAAAAGTTCCGCACTTGCCGCATAGGCGTTTTATAAAAAATAAATTGCAATAAAAAATTACCACTGCTTTTTTAGGTATGAGTTAAATAGCTTCACAGAAATACCGTCCGGTCTTTTAAATCATACCGACTACCCAAATCCGTACAGACAGTACGGAACTCCCAAAGCAATTGCAAGCCGGCAAATCCCCCTTACCCCCCGCAACCCGCTTTGAGTTTTCTGCAAGAAAACTCAAAGCCCAAAAAGGCTCGGAACGTACATTTTTAATCGAACATCACACGGTTAAATACCGGGGATTCCAAAGGGGACACCCCTTTGGCAGCGTTGAAAAGGAGATAGGGGGTCGTAGGGGGAAAGAGGGAAACTTGCGTCTGACAAGTGTCTCTCTTTCCCCCTACAAAACCGAAGGGGTCTAAGGGGAGAGAGAAAACCCTGCTCGGAACGGGGTTCTCTCTCCCCCTTTTAAATCTCCCCGACTTGACATTTTTTATATTAATGAAGCTGTTTTTTTACATCACGGCTTGATAAAACTCTCTTCTATGTAATATAATAAAACAAAATCAAAATTTTAGGAGATATAAATGAATATTTATGATTTTACCGTTAAAGACGGAAAAGGAAAAGACCTTTCCCTTGCTTCCTTTAAAGGAAAGGTTTTGCTTATCGTAAACACTGCAACGGAATGCGGCTTTACTCCTCAGTATAA
NZ_CP061839.1_gap88	2986765	2990995	4230	TTCCTATTAAGTTATTTTTAGCTAATTCTTTTCCAAACTTTTCAAATAATTTTTTTGATACTCTCGCTTCAATGAGTTTTTCTTTAAAAAGCCATATTGTTTTTGCATCGGGTACTTTATCTTTTAATTCCAATCCTAAAAATCTCATAAAGGATAGCCGATCGTTTATTTGATATTCCGTTTGGTCATCACTTATGTTGTATAATTTTTGTAAAATTATTATTTTAAACATCATTACATAATCGTATGCAGGTCTTCCGCCTAAACCTTTTGGCTCTTTAGTTAATGCTTTTTTTAATAGGGGCTTGAATATTTCCCAATTTATTTTTTCGTTTAATTTTTCAAGACTATCTCCTAGCTTACTTAATACTCTTAAACGATCTTCTTCATCAAATAATCCTTTTTGTTTCATACCTCATTTTATCATCTTTTTAATCTTTTTTAAAGGGGGTTTTTAGAGGTGCCCCTATGTTTGATGCAAAAGGCATTATTATTGCGGACAGAAACATGGACTTGGTAACCGCGCGGTATAACCTGATAGAAGAAGCAAAACAAAACCCCGAATTCGTATCAATAGCCGCATTTTTGGAATCCATATTAACTAAAGATGCTCATTCCGTAGGGTATTACGACTACGGCGGTTTAATTATAGTAGGATATGCAAAGTTATCCAATAACTGGCGTATAATTATAGGCTCCGCCGTCAGCGATGTTATGAGTGCAATATCCGTCTTAAGAAATTCGATATATATTTTAGGGCTGTTCATTTTATTGCTTACCCTTGTTATAGTCTTTATTGTAGCCCATATACTAGTAAAACCGATAATCGGAGCCGTAAACGCTTTAAACGATATAGCTCACGGCGAAGGAGATTTAACCGTTCAATTGCCCGTTTCGGGAAATGACGAAATTACCGATTTATCCAGATATTTTAATCAAACTATCGAAAAAATCGGAAAAGCGATTCACGAAGTAAGTACCAATGCGGATATTATGAAAAATATAGGGGAAGAACTTGCAAGCAATATGACCGAAACCGCAGGTGCGGTACATCAAATAAGTGCAAATATAGAAGGAGTAAAACATCAGGCTTTAACTCAAGCCGCAAGCGTAACGGAAACGGTTTCAACTATAGAAGAAATAATTCAGACAATCCGACAGCTTAACACAAATATAGAAAAACAAACCTTATCCGTTGCAAAATCTTCTTCCGCAATAGAACAGATGGTTGCCAACATAAGTTCAATTACGCAAATTCTTGAAAAAACAAACGATGTAATAAAGAATTTAAGCAATGCAACCGAAGACGGAAAACAGACGATAGCGACATCCAATAGCGTAACGCAAAAAATAGCAGAAGAATCGGGAGGCTTATTGGAAGCGAGCTCCGTTATTCAACATATAGCAAGTCAAACCAATTTGCTTGCAATGAATGCCGCAATAGAAGCCGCCCATGCGGGCGAAGCCGGAAAGGGTTTTGCGGTTGTTGCGGACGAAATAAGAAAACTTGCGGAAGAGTCTTCCATGCAGGGAAAAACAATTACTTCAACGCTTAAAACCTTATCCGGAGAAATTGAAATACTTTCCGGTTCGGCAAAAACTGCTGAAGAAAAATTCAATGCAATTTTCGGTTTGTCGGATGAGGTAAAAAGTATGAGCAGCCGGCTCATGGAAGCAATGAAAGAACAGGAAAACGGCAGTAAAGAAGTATTAACGGCAATAGAAGATATTAATGCAATTACGGCCCAAGTAAACGCGGGCTCCGCCGAAATGCTTATAGGCGGTGAGAATGTCGCCAAGGAAATGCAAAAACTTGACGGATTGACCCGCTCCATTACCGACAGTATGAACGAAATGGCTGCAGGTGCAATTCAAATTAACAATGCCGTACAGGAAGTAAACGAGATAACTCAAAAGAACAAAATCAGTATTGAAAATCTGGTAAAAGAAGTTAATCGATTTAAAGTATAAAAATTTTTACGGGACGCCTTTTTTTTAAAGGTGTCCCGTGTTTACATAAAAACCGCTTTGTTCCGTTTAAAATCGCCTTAAAAGCACCGTGATACCGTTTACAAAGCCCGGGACGGCTTAAACGTTCTTTTCCAATTAAGCCCCTGTCCCTTATTCCCTTTTAAATAATGCCGTTAATTCCTCATTGCTTAATTTTGAAATCCACGTTTCACCCGACGAAATACTCATACCGCTTATTTCTCTTTTCTTTTGAATCATTGCATCTATTTTTTCTTCAAAGGTTCCCGTGCAGATAAATCTGTGTACAAAAACGTTTCGTGTCTGCCCTATGCGGAAAGCTCGGTCGGTAGCCTGGTCTTCGACTGCGGGGTTATACCAAAGGTCAAAATGAATTACCCTGTTTGCCGCCGTTAAGTTTAAACCCGTGCCGCCCGCTTTAAGAGAAATTAAAAATATTCTGTATGCGGGATTGTTTTGAAATTCGTCAACCGCTTTTTTCCGTTTCGAAGCGGGCATTTGTCCGTGCAGCATAAGAGTGCCGGTATGTAATTCGCTTTTTATAATTTCAGCTAAAATTTCCAGCGTTCCTACATATTGACTGAAAATTAAAGTTTTTTCACCCGCACGTAAAATTTCTCGGAGTAATTCTATAACGGCACTTGTCTTGCCGGAACGCAGCATTTCGGGAGGAGTTATTTTATCATAAGAGCGCGGATGGTTGCATACTTGTTTTAGTGCCGTTAAAAGTTTAAGCATATAAGCTTGCCTCTCCGTTTTCGTTTCGGCAGTTATAACCTTGTTTAACTCGGTTTCAATTAAATTCTCATATAAGGCCAATTGCTCCGCCGTCAAATTACAATATTGGTTTGTAATTATTTTATCGGGCAAATCCGAAATTACGGCGGAATCCGTTTTTAACCGCCGCATTAAAAAGGGTGCCGTAATTTGCTTTAAACGTTTTGCCGTTTCCTGTGAATTATGAAGCTCAATGGGAATGCGCCATTTTTTTCTGAAGTCGTCGGCGGTGCCTAAATAACCCGGAAAGAAAAAATCGAAAATGGAGCGCATATCTTCAAGATTGTTTTCTACGGGGGTACCGGTTAATGCAATTTTTCCGCCCGCTTTTATCGCCTTAATTGCCTTCGATTTTTTTGACCCCGAATTTTTAATTGCCTGAGCCTCGTCCAAAACAATACAAAAAATTTTTTCGGATTTTATTTTTTCCACATCTTTTTGTATTATTTGATAAGTCGTAATTATTACGTCTGCATTTCTTTTAAATTTTCTTTTACTACCGTGATAAACCGAAATTAAAAGATTCGGTGCAAATTTTTTAATTTCGTGTTCCCAGTTTAAAAGTAAACTTGCAGGAGCTATAACCAAAACGGGATTATCAAGCTCTCCCGAATTTTTAAAGGTTAAAATAAGACTTATAATTTGCACCGTTTTTCCCAACCCCATATCGTCGGCAAGCAAACAACCGAATCCGCTTTTTATATTCGCATAAAGCCAGCGGAATCCTTTTTCCTGATACGGACGTAACACCGCCTTTAAATTATGCGGTACGGCGATATCGGTTTCTTTAAAAACGGAGTCAAGCAATTCTTTTGCCGATTTTGAACATACAATTTCACCTGAAAAAAATGCCTGTAAAACCTCGCTTTTTTCAGGAGGGTTTTCAAACCTTTCAAGCATTTTTGCAACTTCTTCGGGATTCAGCAAAATAAATTCATCATTAAATTTTACAAGTCCCGCCTTTTTTTCAAACAAACTTTTAAATTCTTCATAACTTAAAACGGTATCGCCTAATATAACGGCACGGTCATATTCAAGCATATCGTTCATATTTAAAAACGATACGACATTACCGGCACCCCTTACCTTTTCTACTTTTATAACCGGTTTGGGAAGCAAAAGCGTCTTTAAACTTTTAGGAAGAACAATATCGATTCCGAAACGCTGCAAAAGTTTTGCGGACTTTTGTAAAAATAAGCCGGTATCTTCAAGCGAAAGTATTACCGATTTTTTTGCGGCAAGAATAGAAAGAGAAGGAAGATATGCTGCAAGAGCTGCCGGAAAGCGTAAAAGTTCATCGGGTGTTTTGGAATTTTTTGCGGCAACATTAAGTTCTACAAAGGGCGGCGGAATATACTCCGCTTTAAGCGAAAAATTTTCGGCATAATCTTTAGGAGTTTGTTCTTCAAGTTCTTCCGGTTTATTTTCGGGCAGCTTTCGGACAAGGGCGGAAAGCGAAAACAT
NZ_CP061839.1_gap89	2993828	2998046	4218	GCTTCCGAAAACAAAAACGGCTACGGCCCAAATAATACGTATTAAAACTACGTCAATGTCAAAATAATCCGCCAGACCGGCACACACACCGCATATTTTTTTATTTTGTGAAGATTTATATAATCGCTTTCGCATTTTAATTCTCCGAATATATTATTTTACTTCCGCTTTTGCGCTAACCGTTCTGTTTCTTTCTTCCCAAGGAGAAGATACCCGGTTCGTATCGGACACAACAAAAAAACAGGCGGTAATTTTATCGAACCATTCCGCATTATCGGCATCTTTACGCAAAATATAGCGGCAATCTTTTCCGTCTGTAGAAAATACACGGCAACCGTTTACCGGATTGCCCGAAGCGTCTATCATAGACCCGGAGTCTTTATAATATTTTTCGCCGGGAACATCGAACCAAAAATATCCGTTTTTAATTCTGCCGTCATTTACCGAAAAGAAAATTTCAATCGAATTTTCATCTCTGGAAACCGATTTTATTATAGGCATTGCCAAAGCTGCAATTTCGTTTTTTCCGGAACTTGACGGAACAATGAATTTTACCTCTTCTTTTCCGCTTTTTTCAAGAATATTCGCGGAATTTTCTTCGGATTTTTTATCTTCCGCCTTTTTTTCAAAACCTGTTATATCAAGCATTTGCTCATATACACCGCCGCTCGTATCGGTAAGCATTACCTTCCATTTACCTAAAGCTACCGCACCTTTTCCTTCGCCGCATTGTAAACGCTTAACGGCGGCAATTTTTAAATTATCATCTATTTCGGTAATTTTTTCCAGCTGTGCCGAGTTAAGAATCCACATATCCTCAGGAGATTCTACAGTGAGTTTTTCTATATCGGACGTATTAAACGAACCCGAATAAGAAATAAAAAAACTTACGAACATTTGTCCTCCGGTTTTTAACGTGCCGTTCCAAATTGATGTATCAAGATTTTCAATTATCCACGTTACCGATTTTACGGCAATTTTACCTGAGCCGGATGTTTTTTTTGCAGGAGAGGCGGGAGCCGTTTTACAGCCGTACATAAAACTTACAAAACTTGCAAGTACGAATATTTTTAAACATAGATTCTTCATTTAAAATCCTCCGTATAAATATTATACAGATAAATTTTAAAAAATACAACTGCATATAAATTATTTCGTTTAAACCTATTGCCGTTTTCGATTAAAAGCAGTAGGATATATCTATGAATATTCCAGAATACCCTGAGTTTGCCCGGATTTCCGTCGATATGCAAAATGAAATAGAATTTTATTTAAGAAAATTACCGGACGGAATTTCCGAACTCACATTTATGAATTTATATCTTTTTAGAGAAACGTATAAATATAGAATTTCAAAAACCGAAAAGCTCTTAATTATAACCGGAGAATATAAGGGAGAGCCTTTTTTTATAACTCCGTGCTGTACCGTAAATGTAGAAATAACAAAAGAGCTTTTAGAAAAGTACAAAAACTGGACGATTCTTTCAAAATCGTTTTTGGATAATAACCGGACAGTATTTGAGCTTCCCTATTTTAAAAATCTGAAAATCGAAGAGGATAGGGATAACTTCGACTATATTTATTTAAGAAAAAATCTTGCCGAACTTGCAGGAAAAGATTTTCACAAAAAGAAAACGCATATAAATAAATTTGAAAAAACCTATGAAAATATCCGTATTGAACCCCTTACCTTGGAAAATATAGATGACGCAAAAAAAATATTGGAAATTTGGGCGGAATCGCTTACCGATAAAACCCCTGAAAATTCCGATTATTATGCGGCATTGGACGCACTTGATATATTCCCGCGGTCGGCAATGCCGGGTATTGTTTTATATGTTTGGAATGAACCTGTAGCGTGGACTATTGCGGAAATTACTCAAAATAATAAAACGGCGGTTATCTTATTTGAAAAAGCCGATGCCTCATATAAGGGAAGTTTTCAGTATATAAATTATGCTTTTGCAAGATATTTACCCGAATATATCGAATTTATAAACAGAGAACAGGACTTGGGAGACGAGGGTCTCAGACAGGCAAAAATGACATACCGACCGGTAAAATTTATAAAAAAATATAAAATAACCAATACTTAAATATAGGAGAAACTATGAAACACTTTAACCTTTTTAAAAGAATTCTTTTTGCAATTGTATTGACCTGTGTTTTTATAAGCTGTGCAACCTCGGACAAAAAAGAAGAACGTAATGTAAAAGCTGTTTTAATCGAACACCCCGAAAGAATGTTTTGGGAAATAAAAAAAGATAATGCTTCAATTTTTATTTTAGGAACAATTCATTTTGCAGACCGCAACTTTTTTCCGCTGGAAGAAAGAATTTTGGAAGCCTTCGATTCCTCAGGCAGACTTGTAAGCGAAATCGGGGGATTGAAAGAGATGATGTCCGTTCCCGCACAAATGCAGCGGAAAATACTCGACCATATCAATATGGAACCTGAAAAAAATCTGCAAAATTTTTTATCGAAAGAAGATGCGGAGCTTTTAAAAACCGAATTCGGAGAAGAAAGAGCAAACGTTCTTTTTATGCTTGACCCGTGGGTTTTAACTGTAGGTGTAACGGAGCTCATATATCAAAAAGCCGGCCTTAACAGTGCGGAAAGCATAGACTTATATCTTATGACCCGTGCAAAAGATAAAAAAATCGAAGGCTTGGAAGATGTCGCTTCGCAGTTGAAAATTTTATCGTTAGGCACCTTTGAAGAGCAGCTTGATATTTTAAACGATACTATAGAAGAGTTAAAAAATCCGGATAAGGGTATAAATCAAATTGAAAAATTAAAAAAATCTTATTTAAGTAACAATAGAAGTGAAATAGAAAAAATGCTTATGGAAATGATGTCCGTTCCGCAAAAAGCATCAAATCAAAGCCGCCGTAAATTTATAGACGCTCTTTTAAAAGACAGAAATATACTTTGGGCTGAAAAATTTGCCGATTATTTAAATGCAGGAGAAACCGTCTTTGTGTTTGCAGGAGCCGCCCATTTTTTAGGGGAGGACAGCGTATTCGAGCAAATGCGTAAAAACGGAATATTGAAATAAGGCTTAACTTTTAGTATTTTATATAACCTCTTATAATGTGCAAATATATACTAATGCACTTGAATTTATGTGCAAATACCGTATAATTAATATAAATATTTTAGGAGTAAAACTATGGCACAAACGAATATAACTATCAGAATGGACAATGCGGATAAAACCGAATTTTCTCAAATTTGTAAAAGTATAGGACTTTCCGTAAATGCGGCTTTTAACGTGTTCGCAAAAAAGGTTATTTCGGACAGAAAAATCCCCTTCGAGCTTAACGTAAAAGACGACGATTTCTACAACGAAGCAAATATCCGTAATTTGGAAAAAATGAAAAAACTTTATGATGAGGGTAAATTAAAATTCGTTACCAAAACAATGGAAGAATTGCGGGCAATGGAAAAATGAAAATACAATTTGATGAATCGGCATGGGAGCAATTTCAATATTGGCAGGAACAGGATAAAAAAACTTTAAAAAAAATCAATAAACTTATTGAAGACATTTCCCGTAACGGAAATAAAGGGCTGGGACGCCCCGAACCGCTAAAAGGCAATCTTACGGGGCTTTGGAGCCGCGAAATCGATAAGAAAAACCGCCTTATTTACGTAATTGAAGATGACACCCTTACGATTATTCAATGCAAAAATCATTACAAAGATAAATAAAACGGCTATATTCCTATCTAAAGCCTATAACACTTAAGGCTGTTTCCGTAAAGCTAATATTATATAAATAAATTTTATTCGGCGACAAATTTATAGAATAAATCTTTTACCGTAAAAGTAAGCGCTGAAGATACAAAATCCAATATTTCATCATTTTTAAGTTTATTAAAAGCATTTAAAAGGTTTATCGGATTTTTTAAATCGGAAACATTTTGTAAACCCGCAGCTTCAATTGCATAATCCTTTAACCCTTCATAATTTTCAAAAAACCAATCTTCCGTCAAACATAAAAGTCTTCTGCCCTTTTTATCGAAAAATACGGAATAATTCTTTTTATTTTCAGGATTATATTTATTTTTTATATCTCCGTTCCAGCGGAGAGGAAAACAATCGGCATCAAAACCCGCTTCTTTTACTTTTTCTTTTATAGCTTTTTCTATACCTTCGGAAACTACCAATATTTGCAGCTTATCGTTAAATCCTGCTTGTGAAGATTTTTCTTGA
NZ_CP061839.1_gap90	2999161	3001924	2763	AATGAGTTTTTCTTTAAAAAGCCATATTGTTTTTGCATCGGGTACTTTATCTTTTAATTCCAATCCTAAAAATCTCATAAAGGATAGCCGATCGTTTATTTGATATTCCGTTTGGTCATCACTTATGTTGTATAATTTTTGTAAAATTATTATTTTAAACATCATTACATAATCGTATGCAGGTCTTCCGCCTAAACCTTTTGGCTCTTTAGTTAATGCTTTTTTTAATAGGGGCTTGAATATTTCCCAATTTATTTTTTCGTTTAATTTTTCAAGACTATCTCCTAGCTTACTTAATACTCTTAAACGATCTTCTTCATCAAATAATCCTTTTTGTTTCATACCTCATTTTATCATCTTTTTAATCTTTTTTAAAGGGGGTTTTTAGAGGTGCCCTAAATTCTTATTATTCTTTACAAATTAAGAATTCTATGCAATAATATAAAGGTCGGAAATATCTTGAAATTTACATTGTTTCCGGCTAAGGAGTTTAATATGAGTAAAATTGTAGTAATCGGTGCAAACCACGCAGGAACGGCGGCAATCAATTTTTTAACCGACCTTTCAAAAGAAAATCAAGTTATAGTATTCGATAGGAATACCAATATCAGCTTTTTAGGCTGCGGAATGGCTCTTTGGATTGGCGGACAAATTAGGGGTTCCGAAGGACTTTTTTATTCAAGTAAAGAAAAACTTGAAGCAAAGGGTGCAAAGGTTACAATGGAAGCCGAAATTAGCAAAATCGACTTTAAGAAAAAAGTTGTGTACGGTGCGGTAAAAGGCGGAGCCTCAATTGAAGAATCTTACGATAAGTTAATTCTTGCAACAGGCTCTCTTCCCATTCTTCCCAACATTAAAGGAATGGATTTGGAAAATGTTCAACAAGTTAAAATCTTCCAAAATGCGCAAACCGTTATAGAAAAACTTAAAAATCCCGCCATTAAAAATGTAGCGGTTATCGGTGCAGGATATATCGGTGTAGAATTGGCGGAAGCATTTAAAAGACACAACAAAAATGTAGTGCTTATCGATTCTATGCCCACAAGTCTTTCAAATTATTATGATACCCCGTTTACCGAAATGATGGATAAGAATTTAAAAGAACACGGAATTGAACTTGCTTATAATCAAACCGTTAAAGAACTAAAGGGTACGGGCAAGGTAGAAGCCGTAGTTACCGATAAAAAAGAATATCCTGCCGATATGGTAGTAGTCTGTATAGGGTTCCGCCCCAATACCGAGTTAGGCAAAAACGATATTGAAACCTTTAAAAACGGAGCTTATTTAGTTAATACAAAGCAGGAAACAAGCATTAAAGACGTATATGCAATAGGAGATTGCGCAACCGTTTTGGACAATTCTATCGGTGAAAAATCCTATATTGCTCTTGCAACGAATGCAGTTAGAAGCGGCGTGGTTGCTGCACATAATGCTTCGGGTATTGCCTTAGACAGTATCGGCGTTCAAGGTTCCAACGGAATAAATATTTACGATTTAAAAATGGTTTCAACCGGCATTACCGCAGAACGCGCGAAAAAACTGGGTATTGATGTGGAATTTACCGATTTTACTGATTTACAAAGGCCGGAATTTATGGAAACCGATAATCCTCCCGTAAAATTAAGAATTGTGTACAACAGGAAAACCCGTGCGGTTGTAGGAGCGCAAATGGCTTCCACTTACGATATGTCTATGGGTATTCATATGTTCTCTCTTGCAATTCAGGAAAAAGTAACTATCGATAAACTGAAACTTTTGGATATTTTCTTTTTACCGCATTTTAATAAACCGTATAACTATATCACAATGGCGGCTATTACAGCTAAATAAAAAAAGGGGGCTTAAGCCCCTTTTTTTATACCTGCTAGGCGTAACAAAAAAGATGTGTTATAATTATAACCGTCATAAAATTAAATTATGATTTTAATTTATTTTCAGGAGTTATTTATGGATACCGTAAAATTGGAACGTATGAAAAACGATAAGGGTTTTATTGCAGCCTTAGACCAAAGCGGAGGAAGCACCCCAAAAGCATTAGCTGCTTACGGAGTTGCGGAAACGGAATATTCCAACGAAGAACAAATGTTTGATTTAGTTCATAAGATGAGAACGCGGATTATCACAAGTAAGGCTTTTAATTCCGATAAAATTTTAGGAGCTATTTTATTTGAGCAAACAATGGAACGCGAAATTGAAGGAATACCTACTGCCGATTTTTTATGGGAAAAAAAGAGAATTTTGCCGTTTTTAAAAGTGGATAAGGGACTTGCCGAAGAAAAAGACGGAGTTCAGCTTATGAAACCGATACCGAATTTCGATGCATTATTAAAACATGCCGTAGAAAAACATATATTCGGAACAAAAATGCGTTCGGTTATTAAAAAGGCAAATCCTGCAAGTATCAAAGCCGTTGTAAATCAACAGTTTGAACTCGGCATTCAAATTGCAAAAGCCGGTCTTGTTCCCATTATCGAACCGGAAGTAGATATAAAATCTCCCGATAAGGCGGAATGTGAAGAAATTTTAAAAAAGGAATTGTCGGAACATCTTAAAACATTACCTAAAGATTTACTCGTTATGTTTAAACTTTCAATTCCTACAAAAGCAAATCTTTATGAAGAATTTACAAAACACCCCCAAGTTGTAAGAGTTGTCGCTCTTTCGGGAGGCTATTCAAGAGAAGAGGCAAATGAGCTTTTGGCTAAAAACCGCGGTATAATTGCAAGTTTTTCCAGAGCTCTTGCAGAAGGCTTGTATGCAAAA
NZ_CP061839.1_gap91	3007469	3011089	3620	GAAGCCTATCTAAAAACTGTGTTTGTAAGACGGTAAAACTCGGGATTTTTTTTATATTTTGTTCAAACTTTTTTTCTTCTTCAAGGCTGGGTAATCTCCCGCGCCGCTCAAGAGAACGCTTTCCTACTGCATATTGAAGAATAAAAAATTCTTCAAAAATTAAAGCGTATTTTCCGCGCTCCGTGTCTTGAAGCGTTTGCGGTGTATGAAGTAAAAATAAAATTTCCTGTTTAGAAGGCAAGTTGTATTTTTGTATAATCTCTTCGGGCAATTCGGAGTTTATTCCGCGTGCATAAATTTTTAATGCCGAATTTATGATTTTTCTCAGTTTTGACTGCCCCAATCCCGCCGTTAGAGGATAAACCGGAAGAATTTTTGCAGGCGCATTTTCGTTTTTTTCAAGCTCAAAAGAAGATGATTGCAGTTCTCCGTATTTATAATAAAAACTGCCGTAAACAATTCCGTCCGTTCCTACAGGAAAGTTTTTTTCCATAAAAGGACGGTTAAAACAAATTAAACTTGCCTTAGTCCCGTCCTTATCGGCAACAATCAGTTTAAGCGTACGCATTTTTCCAAAACCGAACCATTGATGTCCTATAATCATTACGGGAACATTTATTTTTTGCACTTTTTTCCAGTCCGAAAAAAAATGAATCTTGGTGCGGTCTTCCCAATCACGCGGGAAAAGACGCAATAATTCACCTATGTTTTCAACACCCAATTTTTTTAGCCGGGCTGCTACGGCACTGCCCACTCCGGCAATGTTTGTTACGGGGGCGGTAATTTCGGAAATAAGCATAAGATTATTTTAACAAAAGTTCGGGTAATTTGCAATTGGAGAATATCCTAATTATTACCCGTTTAATATTTAGTGTAAAGTGAACGAAAAAATCTAATCGTCCAAACTTCTGATAATCGTATCTATTATATCAAGGCAATGCATAGAAGCATTATCAAATTCTCTATAAAATTCTTCCGCACCGCCGTTAATTCCGTCGGAAACCATTTTTATAAGCATACACGGAATTTTATTCATATTACAGGTAAGAATTATTCCCGCCGCTTCCATTTCACATATATCGGCGTTAAATTGTTTATGCAGCAATTGTTTTTGTTCGGGATTTGCGATAAATTTATCCCCCGAGGCACAAGTTACGGGAATTAAATCGGGCATAATTTTAACCGCCTTTTCTATGAGAGCAGGTGTTGCGGGGATATAAATGGACGGATAAATTTCATATTTTCCCGTTTCCGCAGTATCCGCCTGTGAAGTATCAAAATCATAATGCACTACATTTTTTACTATACAGACCCTGTGTTCGGAAATACTTTCCGTCAAACCGCCGACAATGCCGAAATTAAAAACAACTTCAACCTTGCATTCGCTTATTAAAAATTGAGTTCCCGCAGCGGCTGCAATTTCTCCGGCTCCCGAAGATAAAACAAAAAGCTCATAATTTCCTATTTTATACACAGGAACCGTAAAATTACGTATGTTTACTGTTTTTTTAGCCTTACCGTATTTTTTTATTATAGCTTTCATCTCTACGGCAACAAGTATTCCCGCTTTTTTCATTAACCTATCCTTATAAACAAATGTTAATATCGGTCTTTTCCCCTAGTGCTAAGGAAATGTTTTTACTTGATTATTTTCCGAAAAAACTGCGTTGACCGGCTTTTACCCAACGCCCCGGATTACGGGTCAAAACCGGAAGTTCCAACTGAGCGGCAATCCATTCGGCAAAAACTTCATCTTCAAAACCTTCCAATTTTACGAGCAAGGTTTGAATACCGGGTAATTCCGTTTTTCTTACGGCATCAACCGTTTCTTCCGCAATACGCGTAAATGCGGCTGACGCCGCCGACACACTTTGATTTCCGCAAGGCGAGTCTACATCACGGTGAATAAAAATCAGCCTGCCCTGTCCTTTTTTAACATAATAATTTTTTAAAACAAGGGCCAGCGCCGCATTTGCAGAAACCAAGTCACCGATAGTTTTATCTATCGAAACGGCATCGGTATTGGAATAAAGCTTTAAATAAGCGGCTCCGTCAAAAATAATAATAGATGTATCCGGTGAAATATTTATATTTTTCAACTGGAGCGGTAAGGCTTGGAGTGAAAAAAGAGACGAACGGTTCCATTCAATTTCAGTAGTAATTCCCGTATCTCCTTCAGGCTTATTTTCCGCACTTAAGCACACTTTAATACCTCTGTCTCGCAAAATCCCCGCAAGCTCTAAAGAAAATTTTAACCTATTGTCCGCAATAAAAATTCCTGAATTCATATAGCAATTATAATATTTTTTTTATAAGTAGAAAAGGGGTAATATTGTTATGGAAAGAAAAAACCTCTTGATTTTATAGAACATTGTATGTTATAATAAAGTGTGGGAGTTTTATTTATTGTTGCCACGCCTATAGGCAATTTAGGCGATATAAGTTTTAGAGCTTTGCAGACTTTTAAAGATGTTGATTATATAGCCTGCGAAGATACGCGCCGTACGAGGGCTCTTCTTACTCATTATGAAATAAGTAAGCCGCTTCTTTCCTGTAGAGCCGTCAACGAAGGTTCCGCTGCGGAAAAAATCGTCAAGCTCTTAGATGAAGGAAACAATATTGCTTATTCAAGCGATGCCGGAACTCCCGCCGTAAGCGACCCGGGCTCAATTTTAGTAAGAACTGCAAGAGAAGCCGGACATAAAATAGTGCCTATTCCCGGAGCATCCGCATTCGGGGCTATTATAAGTGTTGCCGGAGCTTATGATAAAACGGTCGTTTTTGAAGGATTTTTATCGCCTAAGGGCGGAAAAAGAAAAAAAAGACTGCAAGAGCTTTTCGATTTCGGGGCAGGGTTTGTATTATACGAGTCTCCGTACAGAATCGTAAAGCTTTTGACTGATATTGCCGAAATAGATAGCATAAGAGAGGTTGTTATCGGACGGGAACTGACAAAGCTTCATGAAGAGGTTGTTAAAGGTTCTGCAAGCGAGGTCTTACAAAATTTTAAACAACGGTCTTCAATAAAAGGAGAATTTGCGGTTTTTGTTACGGGAAAATCATTTTTAACGGAATAAATTGCGTTTTATTTCTATAAAACCTTAACTTTTTAATCATTTTAGCCGATAATCGGTTAAGAAGGCAGGAAAATATGATGATAGAAAAATTACATGGTATTGATCCGATTAAAAACTTGCAAAACACTCAAAAAACGCAGCGCGCGGAAAAAAAAGAATCGTCCGATTCTATCAGTTTATCGCCCGAAGCGCAAAAACTATCGGAAATTTATATTGCCATGGAAGCCGTAAAAGCTGCACCCGATGTAAGACAGGAAAAAATAGCGGAAATTATGAAGAAATTTGAAGACCCTGCTTATATGGACAAGGTTTTAGATGCAACTGCCGATAAAATTCTTGATGCTTTCGGGTTTTAATCGAATAATTGCCGCTCGTCCGGTTTTGAAGAGATTGTTTTAATTTTAAAAATAAATACATAATATTTTAGAGCCGCAATACAAATTATCATAATGCGGGCATATAAATTGTTTGAAAAATAAAAAGCCGTACCTAATACCGCTGAAGCAAAAAGTAAAATAATTATTTTATTTTTTAGCGGCATTC
NZ_CP061839.1_gap92	3021875	3022385	510	CTGCAATTCCAGTAAGAGATATTGTTATATAGAACAGTAAGACAGATGAAGCGGAATTTGTAAAACTTAAAGCAAAGAAGGCTATAAATGGTATACCTGCAGCAAAAGTAATAGCAACCCAATATTTGCTTTTCCTTTTGCCCAGCCAAGCTCCAAAAATAATTGGTAGAATCATTGTTATAATTGTTCTTGGAAGCTGTAATGCCCCCGATAATGTAGCTGATTTATTTAATATACTTTGGATTGCCAATGGTGCATATACATTCATTTGATTTTGGTAAAAATAGCATATTACTCCTGCTATCAATAAAATTGAATATTTTTTATTTAAAAATAAATGTAGAGGTATTATAGGTTCCTTCGATTTCTTTTCTATTTTTATTAACAGAAATAAAAATAGCATTGAAGATATTAAAGAAATAATAATGATTTTATTACTCCAACCTATTTTCGGCCCATAATTTAACGATAATAGCAAGGAGCTCAAAAAAAGTGTTAAAAATATTATCC
NZ_CP061839.1_gap93	3023997	3028333	4336	CCCTTTAGTATTACCTGCAAGCGCAACAACTCCCCCTTTTTTTAACTTGATGGGGTTATACCCCATCTCCAAAAGTCGGTTAACAACATAATCTGTAGTTACGGGTAAATTCATACCTACTTCTGCATGTGAATGAATAAATCTTCTGTCTTTTATAAGCTGTTCCGACAATTCATTTGCTCTTTTTAAATAATCCATATATTTCCTCCTGGTATTAAAAGACATGTCTTTTAATGTCTTTTAATATTCTATCTTAAATTATTTATTTTGTCAATAAAATTCATCGGGAATTCTATAAAATACTTGTACATTTTTTGATACTATGTTATAACGACATTATATTTTGTAAAAATATAGGAAATTTAATAAATGAACGGCATAAATTTGAAAGTAAATATAGGCTTGATTATAAGTGAAGGCTATGAAATATATTTAAAAAAAATTGCAAGTCATATAGTTGAAGAATGTAATTTATTGTTTTTAGTTGCAAAAAACAATAATGATATTATTACACATTTTCAAGAAAATTATGATAAAGTTGACGCTTTTGTTTTTAGCGGTATTATGCTGTATGATTATTTTACGGAAAAAATAAAAAAATGTGATAAACCGTGTTATACGATAACTGATGATACTGCAAATATATATAAAGAATTACTAAAAATTTTTGTTTTAAATGAAAATTTACGACCAGAACGGGTGTACATAGATATTGAAACAAAAAACGGTGATCTAGGATTAGCATCTCTTTTCCATGAAAAAAAAATGCCTTATATATTGCCATGGGACGTAGGGACTCCCGAAAAAGTTGTAAGAACCGTTTTTGAAAACCATAAAAAATTATGGAAAGAAAAAAAAATAGATTTATCAATTACAAAATTTGGAATGCTCTTGAGTGATTTTAAAAAAGAGGGCATACGATATCATTTTATTTATCCGTCTGAAACGTATTTACTTGAATTTTTTAAAGAAATAATTGAAGAAATTCAGATAAAAAGAACAATAAATAATAAAATATTTTCGGCATATATATATGCCGATTCAACTTTAAAAAATAAAACGGATAGTATCGAAAACGATATTATTCAGTTAACATTACAAAAAAATTTATATAGATTTATAAAAGAACAAGATCCAGAAATTATATTGCAAAAAAGAGAATCCGGATTTTATCTTTTTACAACAATAGAAGATTTACCTCATTTTATACATAATATGACAAGTTGTAATCTGCAAAGTTTTTTAAAAATGGAAAATATGACGTTTAGCATAGGCTATGGGACGGGTAAAACGATAAGTCAGGCAAAGCGTAATTCCCTCAATTCTTTCGATTTAGCTAAAAAATACGGAGGCAATTGCAGTTTTTTTATTTCCGAAAATCAAAGTGTAATGGGACCGCTGACAGGAGATAAATATTTTGCCGTTTATAATATAAGTCCTGCGATAGATAATCTTGCGATAAAAATGGGAATAGATAAAATTTATTTATATAAAATAATATCTTATATAAAAAAAACTGGTGATAACGTAATAACCGCGAAAATTTTATCACAAATATTGAATATTACCGTTAGATCTTCAAATAGAATATTAAATGGGTTGCAAAATGTAAGCTATGTAAAAGAATTTTCACATAAGGTAAAGTTAAATAAAGGCAGACCTTCTAAATTTTATAAATTATTATGTATTGACTCATATGGGAATATAGTTTAGTTTTTGCTGTGAAAATTCATCTTTAATATCAAAAAAAAGCACAAGACCTAAAAGGCTTGTGCTTTTTTACTTTAAACGTTTAACGTATTAGCCCCAATAAGCTTTAAGCATCGGAGCAATAACCAACGAAACCATTGACATAAGTTTAATTAAAATATTAATTGAAGGACCTGAGGTGTCTTTGAAGGGGTCGCCTACGGTATCTCCTACAACCGCAGCCTTATGAGACGGAGAACCTTTTCCGCCCGCAACTCCGCCTTCAATCATTTTCTTTGCGTTATCCCAAGCACCGCCCGCATTGGACATAAATACAGCCATAACAACACCCGAAACCGTAACGCCGGTTAAAAGACCTACCAACATTTGAGGCCCGCCGGTAAAACCTATAATAATGGGTGTAGCAATTGCAGCCAAACCGGGTATAATCATTTCGCGTAAAGCGGCCTGCGTACTGATATCTACACATCGTTTGTAATCGGGTTTTTCCGTATTTTGTAAAATACCGGGTTTTTGTTTAAACTGCCTTCTAACTTCTTCAATCATTTTATGGGCAGCCTTTCCCACGGCGGACATCGTAAGAGCCGAGAATAAGAACGGGAATACGGCTCCCAACAATATACCTACAAGAACGCTTATTACCGTAACATCGACATCTTTAACACCGGCCTGCTCTTTAAACGAAGTGAATAAAATAATAGCTGTAAGAGCTGCGGAACCTATTGCAAAACCTTTTCCTATAGCGGCGGTTGTATTTCCTACCGCATCAAGACTGTCCGTAATATTTCTTACGTTTTCGGGGAATTTGGACATTTCCGCAAGACCTCCCGCATTATCCGCAATGGGACCGTAAGCGTCAACGGCAAGCTGAATACCTAAGGTTACCAGCATACCTACTGCTGCAATACCTACTCCGTAAAGACCTGCAAGTACAAAACTTCCCCAAATGGAAGCTCCGATTAAAACTATAACGGGGAATGTACTTCTCATTCCCACAGCAAGACCTGAAATAATTGTCGTAGCGGGGCCTGTTTCACACGCGTCAACAATGGCTTTAACGGGACGTTTCCCGGTACCGGTATAAAATTCGGTTATAATACCTATAAGAACACCGGCAGCAAGACCGATTATTGTAGAAAAGAAGACATTTAAATAATTTCTTCCGCCGTCAAAAGTTGCATCGCCCATAATAAATTTTACGAGGAAAAAAACAAAAACGGTTGCAATAAGAGCCGCTCCGAAAGTTCCCATATTTAATGCCGTTTGCGGATTTGAATCGGGTTTTGCACGAACAAATAATGTTCCTATTAAAGAAGCAATAAGCCCTGCAACCGCAATTAAAAGAGGAAGTACCATCATTTGAACTTTTAATGATGCCGCACTGGGTACAACCGTTAATCCTAAAATCATAGCACCTACCAAAGAACCGACAAAAGATTCAAAAAGGTCGGCACCCATACCTGCAACATCTCCTACGTTATCTCCTACGTTATCCGCAATTGTTGCGGGATTCCTGGGGTCATCTTCAGGAATTCCCGCTTCAACCTTTCCTACAAGGTCGGCACCTACGTCGGCAGCCTTTGTGTAAATACCTCCGCCTACACGTGAAAATAAGGCAATTGAAGAAGCTCCCAAAGAAAAAGCCGTCGCCAAAGGTAAAATTGTACTTCCGAAAATATTCTCATCCGCACCTAAAAATGAAGTGGAAAGAATGAGAACGACAAAAAGTCCGATAAAAGCAAGACCCACAACGCTCATTCCCATAACGCTTCCGCCTGAGAAAGCAACTTTTAAAGCGCCGTTAAGTCCTTGGTCGTTAGCCGCCTGTGTTGTTCTGGAATTAGCCTTTGTAGCAACGCGCATACCGATATAACCGGCAGACATAGAAGCTATTGCACCAAGCAGAAACGAAAGCGACTGAAACTTTAACGCTCCAGAGTTTCCTATTGCAAGAAAAACCGCAACAACAGCTATGAACGGAAGAAGAGTCAAATACTCCCTCTTCAAAAATGCCATAGCACCGTCGGCAATATGCCCGCCGATTTCTTTAAGTTCCTGATTTGATACCTTTTGCTTATAAATCCAAAGGGTTCTGAAAAGTGCATAAAGCAGGGCTAAAATTCCGCCCCCAAGCACAGCGTACAATGCGAGTGATATACTCATTTTGTCCTCCTGTTGTAAAAATACAACGTTAAAGTAAATTATGCGGTTATTTCCGCTATAATAGACGGAAAATAACATATTTTTAATAGTTTTTCAAGTAGCTTATTGACTGTAAGGGTTAAATATGCCGTTAATCGTTATTGACACGAATAGAAAATGTATATATACTTAAAAAGATTAGTGGTATCAAGATATTTACGAATTGCCTTAAGATAAAAAGGACGGAACCTTCCGAAAAATAATTATACTCCTAAAATAAATTTTAAAGTTTACAAGGAAAACTTGTAACAGGGAGCGTATAAAATGAAAGAAAAAAGAACAAACCTCATTGTCGGAGCATCGGTTTTAATAGCCTGCATTATTGTTTTAGCTTCAAGCTGTTCGCTTAAACAAAGAATAAGCGGAGTATGGGAAGTAAAAAGTATAGTTGAGTATATAAACGGTGAACAAAAAGGAGAACCTA
NZ_CP061839.1_gap94	3029952	3033828	3876	GCAAAGGTTCCGTTTCAAAATTTTGTAAACCGCTCGGATATGAGAGGCGGCTCAACGATAGGGCCTATTTCGGTTTCAAACTTAAACATAAAGAGCGTTGATATAGGAAACCCGATTTTAGCAATGCATTCCGTAAGAGAATTGGGCGGAACGGAAGACCAGGAATTTATTACAAAGACCTTTGAAGAATTTTATAAATGATGTATAGATTTTCCGATTATGATGTAATAGTGGTAGGCGGCGGACACGCAGGAATCGAAGCAGCCTTAGCTTCAGCCCGTATGGGAGAAAACGTCTTACTGATAACTCAAACTGCCGACAGCATAGGCCGTCTTTCATGTAATCCTTCGATAGGCGGAATTTCTAAAGGAAACATTGTCCGCGAAATTGACGCCCTGGGCGGGGAAATGGGAAAACTTGCGGACGCCTCTATGATTCAATACCGTTTATTGAATAAAAGCAGGGGGCCTGCAGTACAGGCTCCGCGCGTACAGGCGGATAAATTTCTTTACTCGCAATTGGCAAAGCATACGCTTGAACTTGAAAAAAATTTACATATTTTTCAAGATACGGTTTGTGATATAATTTCGTCCGGCGCGGGAGAATCGGGTTATGTAGAATATGGAAAGGTGCAATATGTAAAAACCGAACGGGGCAGAGAGTTTTCCGCTAAGGCTGTTGTGCTTGCAACGGGCACCTTTTTGGAAGGAAAAATTTACATAGGCGAATTTGAATCTCCCGACGGAAGACTCGGAGAAAGGGCAGCTGTCGGTTTGGGAAAAGCTCTTGCTGCAAAGGGCTTTACCGTCGGAAGACTTAAAACGGGAACGCCTATGCGCGTTTTGCGCAGTTCGGTAGATTTTTCTTTAACCGAAGAACAGGAAGCCGATACCGTTATGCGCCCCTTTTCCTTTGCAAATGCGGAAATTCACAGACCTTATGCAAAATGCTATATTACTCATACAAACGGAAATACACATAAAATTATTGCAGAAAATTTACATCGCGCGCCCCTCTTTTCGGGAAAAATAAAGGGAACGGGAGCAAGATATTGCCCTTCTATTGAAGATAAAATTAAAAAATTCCCTGAGAGGGAAAGACATCACGTTTATATTGAACCTGAAGGGCTTAACACGGAAGAGCTTTATATTAACGGCCTTTCTTCTTCCCTTCCCGAAGATGTTCAAGACAGAATGCTCAGAACAATTCCCTGTTTTGAAAACGCCGTAATTACACGCCCCGCTTATGCCGTAGATTACGCCTTTGTTTCTCCCATTCAGCTTTCTTCCGACTTACAAACTCGCCGCATTGCAGGCCTTTTTTTAGCCGGACAAATTAACGGAACTTCAGGTTACGAAGAAGCCGGCGGGCAGGGTATTATTGCAGGCATAAATGCGGCTCTTTATTCCCGCTCCCTTAAATTTAAAGATGAAAAATTTATTCCGTTTGTGTTAAAACGCAGCGAAGCATATATCGGAGTTATGATTGATGATTTGGTTACCCAAGGCGTAGATGAGCCTTACCGCATGTTTACCGCCCGTGCGGAATACAGATTAAAATTAAGGCATGATACCGCCGATGAAAGACTTACTCAAGCGGCTTATAAAATAGGATTACAAAAAAAAGAAGCCGTAGACAGGCTTAACGAAAAACTTTCCCGACGCGCCGAAATTATTTCAAACTGGAACGCCGTAAAAATAACCGGAGAAACGGCGGAAAAATATCCGGAGCTGAAAAATCATCTGGGCAAAACCTTAAGCGATGTTCTTCACGACCCTCAAATTCCGCTTTCATTAATTACGAAAATAGACAAGGCTTCGGCCGAATTTTCTCCCGAACTTTTAGAATCCGCAGAGCTTGAAATCAGATATGAGCATTATATTGCCGTACAGGATAGAAGAATAAACAAGGTAAAACGTATGGAAAACACCGGGATACCTGCCGATTTTAATTATGATGAAATTTCAGGACTTTCCACGGAATCATGCTCCAGGCTGAAAGCAGTCAGACCGGAAACAATAGGGCAGGCTGGAAGAATTCCCGGAATAAGACCTTCCGATATTATGCTGCTTACCGTACGCCTTAGGTCTTTATAGAAAAATTATTTTTTAATTCCGGCAATTGTATATATAAAATCCATATCGGAATTTTCTTCAATCAGTTTTGCCAGTTTATTAAGTTCTATTTCCTTTTCGGTCCTGGATTGAGTTCGGTAATTACATTTTTTTTCCGAGCCTATCAAACTGTCTTCATCTTCAAGTTCCAAATGCATATATGGAATTGTCGCAATTACGGGAATATTCAGTAATTCTTCAATCATTTTAATGCCGGAATCCAAAAGACTCTTATCTCCGCGGAATTTATTTATAATCATTCCTTTAATGCGGCGCCTGTCTTTTTCCGGTAATAACATAACGGTTCCGTAAAGCTGCGCAAAAACCCCGCCACGGTCAATATCCGCAATTAACAATACGGGAGCATTTGCCATTTCCGCCATTCCCATATTTACAATATCGTTTTGGTTTAAGTTTATTTCCGCAGGACTTCCGGCTCCTTCAATTACCACGATATCGTTTTCGTTTTCGAGAGTTTTAAAACTTTCCGAAATCATATTACGGCAAGATTTTTTATATTCAAAATACTCCCGAGCATTCATTTCGGTTTTTTCATCGCCTAAAATAATAACCTTTGCTCCGGTATCGGTTTTAGGAATAAGAAGAATAGGATTCATTAAGACGGAAGGTTCCGTTCCCGCCGCTTCCGCCTGTAAGGCTTGCGCAGTACTTATCTTTTTCCCTTCGGAGGTTACAAAAAAACGAGAAGACATATTTTGTGATTTAAATGGAACAGTTTTTAACCCGTTATTCTTAAAAATGCGGCAAAGTCCGGTACAAAACAAAGATTTACCTGCCGAAGAAGTTGTTCCTTGAATCATTATAGCAGGCATAAGGTTATACCGGTAGGTTAGGGTTAAAACCTGTTATCCCAAAAAAACTTGGGCGTTGTTATCTATTGCTAAAATAGTTTTACATTCGGAACATCTGAATCTTCCGGGCTTTGTAGCTTTTAATTTCTTTGAGCAAATCGGACAAGCAAAAATTTTCGGGAAGATTTCTGATGGAGCTGCCGTCGATGATGCCGTTTGAAAAAAGGCTACCGCGTCTGAAAGCGCGTCCTTTATATTAAAAAATTGAGAAAAGCCCAAGAGTTGAAATATTTCATAAACCTTAGGCTGTATATCCAATAAAACGATATCTCCGCCGTGAGGTTTAACTGTTTTTAAAAAAGCCGTAAACGAACCGATTCCTGTAGACGAAACATAATTTAGAGCGGCACAATTAAAAATAATTTGTACAAAGCCTCCGTCTATTAACTTTGCAATTCGTTTTTGAAAAAAAGAGGAGTTGTAGGTGTCAATGTATCCGTTTAGGAACACAACTATACATTTGTCGAGACCGTCTACTTTTTGCAGCTTAATCTTTAAGCTGTCATCTTTTTCGTCATCAAATCCTGCTATAACGCTGTTATTGCTCATATTTCTCCCGAGTCCTAGACTAAAATTTCTAGTATCTCCAGACCTCATTATAACCTTTATTTAAAAAAAAGTCAAATGCAAAAGCCTGAAACTTAACCATTTTCTATATTTATCGGTTATTTTTATTAAAATTGTAGCTTTTTTTTTGAATTTTCCGCAATATTTACAAAATATTCCCGTACACCCTTGTTATACGGCGCTTTTGCAGGTAATTAACCGGCGGACGGCACTATGTTTTAAAAGCTATAGAAATTTTAAAGAATTTATGTTAAACTCTCATATCCTAAAAACTAAGGGTGATTTTTATGACAATTTTACAGGCAATTATTTTGGGTGCGATT
NZ_CP061839.1_gap95	3076965	3077465	500	AGGTATTATGATAACTATTTATGTTATAGCGGCAATAACCGTATTTATTCTTTTTACAATTGCGGTTGTTGTTCCGGAGCAGGAAAGTTATGTTATTGAACGCTTGGGAAAATATTCGCGTACATTAACGGCCGGTTTTCATATTCTTGTTCCGTTTATTGACAGGGTGGCTTATAAGCAAAATTTAAAAGAAGAAGCTCTCGATGTTGACCCGCAAGTTTGTATCACGTCGGATAATGTTCAAGTTCAAGTTGACGGAATTCTTTATTTAAAAATTTTCGACCCTGTAAAAGCAAGTTACGGGATAGATAATTATCGCTATGCGGTTGCACAGCTTGCAAAGACTACTATGCGCAGCGAAATAGGAAAAATGGAGCTTGATAAAACCTTTTGCGGACGGGAGGGGTTAAACGATAATATAGTAAAAGCTCTTGATGAAGCCTCCGATAACTGGGGAATAAAAGTTACACGCTATGAAATACGGGATATAACTCCCACCA
