gap_id	start	end	length	sequence
NZ_CP068567.1_gap1	1178	5171	3993	ACTTGCGAATTATTTTGAAATGAAAGATCATACAGCTATTTCACATAATGTTAAAAAAATCACAGAAATGATAGAAAATGATGCTTCTTTAAAAGCAAAAATCGAAGAACTTAAAAACAAAATTCTTGTTAAAAGTCAAAGTTAAGTGAAAGGATGTGAAAAATAAATTCTAGAGTGTGAAAAAAAGAAATTAAGCAAAGTATGATAAAATACAAATTTGATTATTTTGCTTTGAAGAATTTCACAATTTCAATAAGCTTATTATTACAACGAATTTAAAATTAAAATAAACCAAGGAGAAAAAATGAAGTTAAGTATCAATAAAAATACTTTAGAATCTGCAGTGATTTTATGTAATGCTTATGTAGAAAAAAAAGACTCAAGCACCATTACTTCTCATCTTTTTTTTCATGCTGATGAAGATAAACTTCTTATTAGAGCTAGTGATTATGAAATAGGTATCAACTATAAAATAAAAAAAATCCGCGTAGAATCAAGTGGTTTTGCTACTGCAAATGCAAAAAGTATTGCAGATGTTATTAAAAGCTTAAACAATGAAGAAGTTGTTTTAGAAACCATTGATAATTTCTTATTTATAAGACAGAAAAGCACAAAATACAAACTTCCTATGTTTAATCATGAAGATTTTCCAAATTTTCCAAATACAGAAGGAAAAAACCAATTTGACATTGATTCAAGTGACTTAAGTCGTTCTCTTAAAAAGATATTACCAAGTATTGATACAAACAACCCAAAATACTCCTTAAATGGTGCATTTTTAGATATAAAAACAGATAAAATTAACTTCGTAGGAACTGATACAAAACGCCTTGCAATCTATACTTTAGAAAAAGCAAATAATCAAGAATTTAGTTTTAGTATCCCTAAAAAAGCTATTATGGAAATGCAAAAACTTTTCTATGAAAAAATAGAAATTTTTTATGATCAAAATATGCTTATCGCTAAAAATGAAAATTTTGAATTCTTTACAAAACTTATCAATGATAAATTTCCAGATTATGAAAAAGTTATACCAAAAACTTTCAAACAAGAACTCAGTTTTTCAACTGAAGATTTTATAGATAGTCTTAAAAAAATCAGCGTTGTAACTGAAAAAATGAAACTTCATTTTAACAAAGATAAAATCATCTTTGAAGGTATAAGTTTAGACAATATGGAAGCAAAAACAGAACTTGAAATTCAAACAGGAGTAAGTGAAGAATTTAATCTTACTATAAAAATCAAATATTTACTTGATTTCTTAACTTCTATAGAAGAAGAAAAATTCACTTTAAGTGTAAATGAACCTAATTCAGCATTTATAGTCAAATCCCAAGGACTATCAATGATTATCATGCCTATGGTTTTGTAATAAAACAAGTAAAAGATAAAGGAAAAATATGCAAGAAAATTACGGTGCGAGTAATATTAAAGTCCTAAAAGGCCTAGAAGCTGTTAGAAAACGCCCAGGTATGTATATAGGAGATACAAACATAGGCGGACTTCATCATATGATTTATGAAGTTGTGGATAATTCTATCGATGAAGCTATGGCAGGACATTGTGATACTATAGATGTAGAAATCACTACTGAAGGAAGCTGTATAGTTAGTGATAATGGTCGTGGTATTCCTGTTGATATGCACCCAACTGAAAATATGCCAACTTTAACTGTTGTTTTAACTGTCCTTCATGCAGGGGGAAAATTCGATAAAGATACTTACAAAGTTTCAGGCGGTTTGCACGGTGTTGGGGTTTCGGTTGTAAATGCACTTTCTAAAAAACTTGTAGCTACAGTTGAAAGAAATGGAGAAATTTATCGTCAAGAATTTTCAGAAGGTAAAGTTATCAGTGAATTTGGTGTGATAGGAAAAAGTAAAAAAACAGGAACAACTATAGAATTTTGGCCTGATGATCAAATTTTTGAAGTGACTGAATTTGATTATGAAATTTTGGCTAAAAGATTTCGTGAACTTGCATACTTAAATCCAAAAATTACTATAAATTTTAAAGATAACCGCGTAGGCAAACATGAAAGTTTTCACTTTGAAGGTGGAATTTCTCAGTTTGTTACAGACTTAAATAAAAAAGAAGCTTTAACTAAAGCAATTTTCTTTAGCGTAGATGAAGAAGATGTGAATGTTGAAGTAGCTTTGCTTTACAATGATACTTATAGTGAAAATTTACTCTCTTTTGTAAATAATATCAAAACTCCAGATGGTGGAACACACGAAGCTGGTTTTAGAATGGGCTTAACTCGTGTGATAAGTAACTATATAGAAGCAAATGCAAGTGCTAGAGAAAAGGATAATAAAATCACGGGTGAAGATGTGCGTGAAGGTTTGATCGCTGTTGTAAGTGTAAAGGTGCCTGAACCACAATTTGAAGGACAAACCAAAGGAAAACTTGGTTCAACTTATGTGCGTCCTATAGTTTCAAAAGCAAGTTTTGAATATTTGACTAAATATTTTGAAGAAAATCCTATTGAAGCTAAAGCTATAATGAACAAAGCTTTAATGGCAGCTAGAGGAAGAGAAGCAGCGAAAAAAGCTAGAGAATTAACGCGTAAAAAAGAAAGTTTAAGCGTAGGAACTTTACCAGGGAAATTAGCTGATTGTCAAAGTAAAGATCCAAGTGAAAGTGAAATTTATCTTGTGGAAGGGGATTCTGCAGGAGGTTCTGCAAAACAAGGTAGAGAAAGATCTTTTCAAGCTATACTGCCTTTGCGTGGTAAAATTTTAAATGTTGAAAAAGCAAGACTAGATAAAATTTTAAAATCTGAGCAAATTCAAAATATGATTACCGCTTTTGGCTGTGGTATAGGTGAAGATTTTGATCTTTCAAAACTTAGATATCATAAAATCATTATCATGACAGATGCGGATGTTGATGGATCACATATACAAACCTTGCTTTTAACTTTCTTCTTCCGTTTTATGAATGAACTTGTAGCAAATGGACATATTTATCTAGCACAACCACCTTTATATCTTTATAAAAAAGCTAAAAAGCAAATTTATTTAAAAGATGAAAAAGCTTTGAGCGAATACCTGATAGAAACAGGAATAGAAGGTTTAAACTATGAAGGTATAGGAATGAATGATTTAAAAGATTATTTAAAAATCGTTGCAGCTTATCGTGCGATTTTAAAAGATCTTGAAAAGCGTTTTAATGTGATTTCTGTGATACGCTATATGATAGAAAATTCAAATTTAGTTAAAGGAAATAATGAAGAATTATTTAGTGTAATCAAACAATTTTTAGAAACACAAGGACACAATATCTTAAATCATTATATCAACGAAAATGAAATTCGAGCTTTCGTTCAAACTCAAAATGGCTTAGAAGAACTTGTGATCAATGAAGAACTTTTCACTCATCCACTATATGAAGAAGCAAGTTATATTTTTGATAAGATTAAAGATAGAGGCTTGGAATTTGATAAAGATATTTTAGAAGTTCTTGAAGATGTTGAAACCAATGCTAAAAAAGGTGCTACTATACAACGCTATAAAGGTTTAGGGGAAATGAATCCTGAGCAACTTTGGGAAACCACAATGGATCCAAGCGTAAGAAGACTTTTAAAAATCACTATTGAAGATGCACAAAGTGCAAATGATACCTTTAATCTCTTTATGGGTGATGAGGTTGAACCAAGACGCGATTATATCCAAGCACACGCTAAAGATGTAAAGCATTTGGATGTGTAAATTTATCATTGAAGAAATGATTTCTTCAATGAGTTTTGTTTTGTAAGAGTATAGCTAGAGGAATTCTTCTTCTTGTATCGTATTTTTCTCCATAATATTTTTCAAGATAATTTAAAATTTTTTCTTCATCTTCAGGTTCTATTTCCCAAAGTCCTTCACTATCTTGCATCCATCTTATAGCTGCTAACCAAGCTTTTCTACTTGCATGCATGTTGGTAATGAGATTGGATCCATGACAAGCTAAACAATTTGCTTCCACTAAAGGTGAATCAGGATCGATAAT
NZ_CP068567.1_gap2	196856	200487	3631	TTTTTATGATTTTTCTTCTTTTTCTTAAATTCTTTATCGAATTTTTGACGCTTAGCAAAGGAAATTTTTTCTATAAATAAATGTCCATTTAAATGATCATTTTCGTGTTGAATAGCCACAGCTAAAAAACCTTTTGCTTCAAGTTCTTTAAATTCTCCAAAGCGATCTTGATATTTAAGCAAGATATGATTATAGCGTTTCACTTCTTCAAAAAAATCTGGCACACTCAAACACCCTTCTGTGCAAGTGATCATTTCTTCATCTAAAGGAATAATTTCAGGATTGATAATCTCTAGCAAATCTTCTTTTTTTTGTTCATCGTTTTCATCAAAAATATTTACAAGTAAAACACGCAAAGGAATATCCACTTGAATAGCTGCTAAACCTACTCCATTACTTGCTATCATAGTTTCATACATATCATCAAGCAAGGTGTGAAGTTCTGTATCAAATTTATTTACAATTTCAGAGTTTAAAAAAAGTCTAGGATTGGGATAGGTGATAATTTTTCTAACCATTAAAAAACCTTTGTTTTAAATGATCTCCAAAGAAATCATTTAAAACTTTTTTCCAAAACCTTATCAATCAGCCCATATTCTTTAGCTTCTTGTGCTGACATGAAAAAATCTCTTTCTGTATCTTTTGCTATTTTTGCAACTTTTTGCTTAGTATTTTTTGCCAAAATATCATTAAGTATAGTTTTGAGTCTTAAAATTTCTTTGGCTTGAATTTCAATATCTGTGGCTTGACCTCTAGCTCCACCTAAAGGTTGATGAATCATAATACGTGAATTAGGCAAAGCAAAACGTTTTCCTTCTGCGCCACAACTAAGCAAAAATGCTCCCATAGAAGCAGCTTGTCCTATACAAATCGTACAAACATCAGGTTTGATATAGTTCATAGTATCATAAATACTAAAACCACTTGTAATTACACCACCTGGAGAATTGATATAAAGATAAATATCTTTTGTAGGATCTTCAGCTTCTAAAAAAAGAAGTTGTGCTACGATAGAAGCGGCAAGTTCATCATGAATTTCACCACTTAACATAATAATTCTATCTTTTAAAAGGCGTGAATAAATGTCATAACTTCTTTCACCACGACTAGATTTTTCAATAACATAAGGAATAAACATTATTTATCTTCTTTCTCTTTTTTGCTCACTTTTTCCGATTTTTCTGTTTTTGGCATAAAAATATCATTAAAAAGTTTTTCTTCAATTAAAGCCATTTTCACAGCAGGCAAAGCTCCTTGTTTTTTATAGTTTTCTAAATGCTCTTTTGGATTCATACCATAGCGATATGCTTCAAAATAAATCGCTTGAATCAATTCTTGATCATTTACTTCAATCTTACGCAATTTTGCAAGCTCATCAATAATAAAAGTAAGTTTTACACTTTTTTGTGCTTCTTCTTTAAAAGAATCACGTTTTTCTTGATATTTTTCTTTACTTACTTTAAGCTCTTCAATTTCTTTTTCGCTAAAAGTATTAAAAGCCGCACGCATCTGCATATCAGTTTCTTGTTCTACTATGCCTTTAGGTAAATCAAAATTATATTTTTCAATCAAAGCATCTGCAAATTTGCCTTTTAATTCATCATTTACAAGTTTGAAAAGTTTTTCATTTTTGATTTGCTCTTTTAATTTTTCATCTAAAACTTCAACACTAGCTTTTTCTTCTCCTGGTAAAAGTTTTTTAAGTATTTCATCATCAAGTTCTGGAATTTTAAGCTCTTGAATTTCATGTAGTTTTACTTTAAATACTGCATCTTTACCCGCTAAATGCGCTGCGCCGTATTCTTTAGGGAAAGTTACTTTGATATCTTTTTCTTCACCTATTTTCATTCCCACCATACCATCTTCAAAACCTGGAATAAATTGCTTAGAACCAATTTCTAAAACATAATTTTCAGCTTTACCACTTTCAAAAGCTTTATCATCTACAAAACCTTCAAAATCAAATTTTGCAAAATCACCTTCTTTTAAAGCTCTTTTTGTTTTTATAGCTTCAGGAGTAGCAAAACGCTTTAAAAGTTCATCTTTTTTCTCATCAATTTCTTTTTTACTTACTTTTGGAGTTTGATATTCAGGGATGAGTTTTTCATAACCCTCAAGTTTGATTTCAGGTTTAAAAGAAAGTATTAATTCAGCAATAATTTCTCCATCTTTACGATCAAATTTTTCAAAATATGGCTCACCTACAAGCTCTTTATTTTCTTTTTTAAGTTCTTGTAAAGCGCTATTTACAGCGGATTTAAAAAGATTTTGTTCTGCATCTTGAGTGAGCTCTCTTTCATATCTTTTAAGTACGGCACTTACAGGAACTTTTCCTGGTCTAAACCCATCCATTTTTACACTTTTAGAAGCTTTTTTTGCTAAATTTTCTACTTCACTTTTGATCATTCCTGAAGGAATTTTTACACTAGCAGTCGCATTAACAGAATCTAGTTGCTTTGCCTTTACTTCCATAGTTTTTTTCCTTATAAAATAAAATTTGCCTTCAATGATAGCAAATTTTTCCTTATTACTTGCATAAAATTTTAAAGTAATTTATGATAAAATTGCAATATTACATTATAAAATATAAAAAATATTTTTGGAGAAAAATTTGCAAAAAAAATTTGAAGATTGTGTTAAAACCATGCTTGAAATTATAGGAGAAAATCCAAATCGTGAAGGGCTTATTAAAACACCAAATCGTGTTTTTAAAGCTTATGAATTTCTTACTAGTGGTTATACGCAAAATGTCAAAGAAATTTTAAATAATGCTTTATTTGAAAGCTCTAATAATGAAATGGTTTTAGTGCGTGATATAGAATTTTACAGTCTTTGCGAACATCATCTTTTGCCTTTTTTTGGGCGTGCTCATGTAGCCTATATCCCTAATAAAAAAGTAGTAGGTTTAAGCAAAATTCCACGCCTTGTAGAAGTGTTTGCAAGAAGACTTCAAATTCAAGAACAACTTACTGAACAAATCGCACAAGCTTTAATGGAAAATGTTGATGCAAAAGGCGTAGGTGTAGTCATAGAAGCAAGACATATGTGTGTTGAAATGCGTGGAGTGCAAAAAGCTAATTCCACCACTACAACTTCAGCTTTGCGTGGAATTTTCTTGAAAAATGAAAAAACCAGAGAGGAATTTTTTTCTCTCATAAACTCTGCTAAACAGGTAAGATTTTAATGAATCTTGAAAAACTACGCTCCAAACTTGGTAAAGAAAATTTAAGTGCTATCTTTGGAGAGATTACAAAAATTTCTGCTACGAGTATAGAAATTCGTGGGCTTAAAACAGGGGTTGGAGATATAGTGAAGCTAGTTTCCAATGAAAATGAAAATTTAAACACTCTAGCTATGGTCGTAGAAATCAAGGAACAATTTAGCTATTTAAGCCCTTTTTCTTTTATAGAAGGTTTCAAAATAGGCGATCGTGCTTTCATAAGTGATGCAGGTATGCAAATAGGCGTTAGCGATGAACTTTTAGGCAGAGTAGTAGATCCTTTTATGCGCCCAAAAGATGGTAAAGGAGCTATAGAAGTAAGTAAATATATGCCTATAATGCGTGCACCTATTGATGCGATGAAAAGAGGGCTTATAGAAGAAGTTTTTCCCGTGGGTGTTAAAACCATAG
NZ_CP068567.1_gap3	202639	204324	1685	AATATTTTTACCATTACTCACACTAATACCACTTGCCTCTTGTCCACGGTGTTGCATAGCAAAAAGGGCATAATACGCATAAGTACTAGCATTTTTTGAATTAATAACTCCTACAACTGCACACATTTTAAATTCCTAAAAAATCATTGATTGAATACATTTTTGCTTCTTGTTTACTAAGCCAAATAGCGATTTTAATCGCACCTTTAGCAAAAGTCGCCCTTGAAGTAGCGGTATGATTAAGTTCTAAAAATTCTCCATCTTCATAAAAACCTACCGTATGACGTCCTACTATATCGCCACCCCTTAAACTCATCACGGCAATCTCATCTTTACTTCTTTCACCTATGATGCCATCTCTTCCACTTACTCTTACTTTTTCAAGTTCTAAATTTCTAGCTTTTGCTACACTTTGAGCTAAAGTCATAGCTGTACCACTTGGTGCATCTTTTTTATGGCGATGATGCATTTCTAAAATTTCTATATCAAAATTTCTTAGCATTTGACTGGCTTTACTAGCAAGATAGTTTAAAACCGCAACACCTAAAGACATATTGGTCGCATAAAAAATCGGCATCACTTCACTAGCACTTTGCATCAAATGTAAAATTTTCTCATCAAGTCCTGTTGTACCTATTACCAAAGGTTTAGGCATAGTTCTTGCATAATTTAAAAGCTCATGAGTTCCACTTGGGGAAGAAAAATCAATAATCACATCACTTTTTTCAAAAAGCTCTTCTAAATTTCCACCCTTATCATAAAGTATCGAAATTTGTGCTTGTGTTTCGCTTTTTAAACATTCTTCAATCTGTTTTCCCATTCGTCCTTTAGCGCCATAAATTCCTATTTTAATCATCTTTTTCCTTGAAAATAAAATATTGATTTTAGCATTTATTTTGTAAATTTTAAATAATAAAATTAAGCTTTATAGTTTTTTAATTTATATAAATTATCTAACAATTTTGCTTCTTCTCCTAAGCCCTTGCTATGATAAAATTTTAAATTTTTACTAAGATATTTTTGCTCTACCCAGCCACCAAAATCATGTGGATAAAGATAGTTTTGTTTTTCTTGATGATTGTTGTTAAGATAATTAGGTATTTCTAAAGCTTCATTATTTTTTACATAGTTTAAAGCTTCATTGATAGCTTTGTAGCTTGCATTGGATTTGATTGTGCTTGCTAAATAAACTACGCATTGGGCTAGGATAATTCTTGCTTCAGGATAACCTATATTTTTAACAGCCTCTAGAGTCGAAACTGCTAAATTTAAAGCATTTGGATCGGCATTTCCAACATCTTCACTTGAAAAAATCACCAAACGCCTAGCGATAAAATCCGCACTTTCTCCTGCATCAATAAGTCTTGCAAGATAATAAATAGCTGCATCAACGTCACTTCCGCGTAAACTTTTTATCATTGCACTTGCTAAAATATAATGTGTATCTTTTGAGCTAACACCTTCACTATTTATGGTGTTGCGAAGTTTTTTAAGATTTTCAAGACTGATATGTTTTTCATCTAAAACCAAGACAAATTCAAGCAAATTTAGCATAGCTCTTGCATCAGCACTTTTCAGTAGAAAATCTTTAGCTTCTTTATCAATACTAAATTTCATTTTTTCTTGTACACGCAAGAGTAAAGTTTCAAGTTCCTTTACCCCTAAAGATTTAAATTCAAAAAGCA
NZ_CP068567.1_gap4	384257	384996	739	GGATACGGTGCTAAAGGAAATATTATAGAAAATCCTTTAAGTGAAAAACGCCAAGCTGAAGTGGATGCTATCTGTGAAAAAATGGAAGCTGAAGGCAAAGGTCGTTATGAAATTCAAAACGCCTTAATGCCTTATGAATTGCAAGCTAAATATAAAGCACCAAACCAAAGAATAGGAGTTGATTATGAGTAGAAAATTGACAATAAAGGCATTTAAATACAATCCTTTAAGCAAAATTTCTAAACCACATTTTGTGACTTATGAGCTTGAAGAAACTCCTTTTATGACGGTTTTTGTATGTTTGACTTTGATCCGTGAAAAAATGGATGCGGATCTGAGTTTTGACTTTGTTTGTCGTGCAGGGATTTGCGGATCTTGTGCAATGATGATTAATGGAGTGCCAAAACTTGCTTGTAAAACTTTGACTAAAGATTATCCTGATGGAGTGATAGAGCTTATGCCTATGCCTGCATTTAGGCATATTAAAGATTTAAGCGTGAATACAGGCGAGTGGTTTGAAGACATGTGTAAACGCGTTGAAAGCTGGGTGCATAACGAAAAAGAAACTGATATTTCTAAACTTGAAGAACGTATTGAGCCAGAAGTTGCGGATGAAACTTTTGAACTTGATCGTTGTATAGAGTGTGGAATTTGTGTAGCTTCTTGTGCAACTAAACTTATGCGTCCAAATTTCATAGCTGCTACAGGACTTTTAAGAACAGCTAGATATTTACAAGAT
NZ_CP068567.1_gap5	421596	425665	4069	CAGCTTCTACACTTTATGGCAGTGATGCTGTAGGCGGTGTGATAAATATTATCACTAAGAAAAATCCTGATAAGACTGAGGCGAATATAGAATTTAACACTCTTTTGCAACAGCACTCTAATCACTATGGCAATGCTGGGGGATTTAACGCTTATGTGGCAACTCCTTTGATTGAAGATATATTATCAATTTCTGCAAGGTTGAAGTATTATGATAAGGCAGCTTCTGATTTAAAATGGCCTACACCGGTTTGGAATAATGGCAACCAAAGACCTGATAATTACCAAATTGCTAGTCATAGTCCAGGTGCTTTTACTAGTTTAGGTTTTGGTTCTAGGCTTAATTGGACAGCAGATGATAAAAATAATATATATTTTGATATAGAGCGATATATTAATGAAATTTCAGTGAATTCTACAAGTAGTAGGGCTATTAAAAGTGAAAGACAACTTTTTAAGGATAATATTGTTTTAAATCATGATGGTAACTATGATTTTGGTTCAACTAACTCATATTTACAATATGGTAGCACTAAGGATAAGGAGTTGCATAGTCAAATTTGGGTAGGAGAAGGTAAGGTTGTTTTACCTTGGAATTTAGGTCAATACGGTAATTTAGTAAATACCTTTGGTGCAAGGATTGATTATGAGATGTTAAAAAATGATCAAGCAAGCGCAGGTAGTCAAATAAGAGGTAAAAATCTTGATCAAACCACGGTTGCGCTTTATGGGGAAAATGAGTATTTTATAACAGATGATTTGATTTTTACTACAGGTTTACGTTATATTTATAGCGATTTGTTTGATTCTGAATTTACGCCTAGGGTTTATTTGGTTTATCACTTAAATGATAATATAGCCTTGAAAGGAGGTGTTTCAAAAGGCTATAAAACTCCTGCTGCTAAGGAGTTGACAAATGGATATTATAATTATGCCAATGGTAATGCTTATTTTGGAAACCCTGACTTAAAACCAGAGGAAAGTATAAATTATGAATTGGGCGTTGATTTTAGGATATTTGATTTTGCGCATTATTCTATCACAGGATTTATTACTGATTTTACAAATCAAATCAGTAGTGAAGATTTAACAGGCTTATTAAATGGTATTAATTGCGGTAATAATACTGTTTGTACCCGTCATATTAATCTTGGAAAAACACAGACTAAAGGTATAGAATTTGCATTTAATACCAAAACTTACAATGGTTTTAGTCTAAATTCAAGTTATACTTTTATGGATAATCGCTACAAAGATGGTCAAAAAAATTGGTTTGGTGGTGATAGAATAGAAAATTTACCAAGACATATAGCAATGTTAAAATTAAACTATGAGCGAGGTAAATTTAGTTCCTATATAAAAACACGAGCAAGACTTGATACTATAGCTAAAGCAAAAGGTGGCGGTAATGGTAGTCTGCCATGGCAAAAATATAAGCCTTTTTATATAGTAGATTTAGGGATAAATTATAAAATCAATAAGCAATCTAGCTTAAGTTTTGCAGTGCAAAATCTTTTTGATAAAAATTTCTTCGATCCGCAAGTTACTAAATGGGATGGGGTTAATCCTGCTGGATATGCAAATCGTTATCAAGACTATACAGAAGGAAGGAGTTTTTGGTTGAGTTATAAATATGATTTTTAATTTTTTAAGGCTTTAATTACCTTTATATTTTCAAAAAAGCAAAAATAAAGTACAATGTGAAAAATAAATAAAAGGTTTTATTATGGCGTTTAAAAATTTAAAAGAACTTTCTTTTGAAAAATCAAATTATATTAAGCCTAAGAGATTTGCTTATGAAAGTAATGGTAAGTTTTGTACTTGGGATTTTATAGAATCTAAAGATAGCGTTTCAGTGCTTTTGTATCATAAAGAATTAGAAAGTTTTATTTTTGTACGCCAATTTCGTATACCGCTTTGGTATCATCAAATGCATGATAAAGATTATGTAAAAGATGATGATATGGGCTATACTATAGAGCTTTGTTCTGGGCTTGTGGATAAAAAATTATCTTTAGAGGAAATAGCAAAAGAAGAATGTATAGAAGAACTAGGATATGCTCCTAAAAATTTAGAAAAAATAGGAGATTTTTATACAGGGTTTGGTTCAGGTGTAAGCAAGCAAAGCTTTTATTTCGCAGAAGTTGATGAAAAAGATAAAATTTCTTCTGGAGGTGGAGTTGATGATGAAGAGATTGAAGCTGTTTATGTTAAGGTGCAGGATTTTGAAAAAAAATGTAAAAATATGATAAGAACGCCTTTGCTTGATTTTGCTTATATGTGGTTTTTAAAGGAAAAGTGGGGAAAATTAAAGATTATTTAGGTTAAACCTTAAAAAGGTTCAACCTAGGATTTTAATGAACTGACTCATCAAGCATTTCTTTAAATACATTGAAAAGATCAAGCGATGCATTTTCAGCAACTTTGCATTTATTAATTATGCTGTGTTGAGTAATATCTTTGCTAATATCTTCTGTATTTGCTATTGTTATAGCATTATTCATATTTTCATGAACTTTTTCATGTGGCTCGTTAATTTTTAAGAAGCTTTTATTTTGCCCAAATCTTTCTTTTCCTGTGCTAGCAAGCCATTTTCCTAAGCGACAAGATGTATGGTCAGCTAATTGCTTTCCTGATTTGGAAAAAATTTCTTTATAACCATTTAATTTAAAAGCTATATGATCTAGTTTTGCTAAAGATACGAAAGCTTCTGAAGCGATACCAACTGCATTTGAATTAGTAGAATGCGCTTCATTTACCAAGTGGGTAAATTTTTCGGAAAAACTCATAATATGAGCATTAGAATCTATAGAAATTTTTTCAACTTGCTCACTTTGAGTATACATTTCATTTGCATTTTGCTTTAGAAGGTTGATATTCATTTCAACTTCTGTGGTTGCTTTTTGTGTTTTTTCAGCTAGTTTTCTTACTTCATCAGCAACAACAGCAAAACCACGTCCATGTTCACCTGCGCGTGCAGCTTCTATGGCAGCATTAAGAGCTAAAAGATTGGTTTGATCGGAAACGTCTTTAATTAGATTAATTACATTAGTAATTTCATCTACACTTCTATGCAATGTTCCTGCAACATCTCTTGTTTTATTGGCTGATTCTGTAATATCCCCTAAGGAAGCATTGATAGAATTAGCAATATGGTTAAGTTCATCCATTTCAGCAAGAGAAGTTTTAGAATAGCTAGAGATAACTTCTGCCTTATTTACATTTTCTAACATATCGCCTTGAACAATAGTAATATTTTTTAAAACCCCAGTTAATAAAACATTTAAAAGATCTGTTTTAAGTTTAGACTCTAAAGCCGCTTGTTCTAATGATGTAATTTTATTTTTTAATTCTAAATTTTCCGATTGAAATTTTTCAATTTTATGTGTAAGATTTTTATTTTCTTCTTCAAGTTTTTGAAGATCAGAATGGTTTATTTTACTTCCAAACATTGTTTTGCCTTATTTTTTATAATTGGCTAGATATCGGCTAAGTTCATCTTTTACATGAAGCTTTTCTTTTTTTAAAGTTGAAATTTCCATGCTGCTAAGAGAAGTTCTACCTTCTTCTGCATCTTTAATCATATCATCAAGTTCATTATGACGATCAAATAGTTTATCAAAATGAGCATCTTTACCTTTTAGCTCTGACATTAATTCTCTATATTCATGTAGCATAAACTCTCCTTGTATTAGTGAAATTTAAAATTCATTTAACAAGGTATTTTACACTATTAAAAGATATTTTTAGCTTAAAAAATAATAAAATTAATAATAATTTTTAAATGTGTGTTATATAAGTGATTTATTAAAGTTTATTTTTAAATTGGAAATTTTAAAATTGAGGAATAAATCCTCAAAATTATTTAGAATTTTGTTTTTTTAGAGTTCTTAGAGTAGAAGCTGCGATTCTCATTTTTCTCGTGGTGCCATCTTCTAAAGTTACACGAACTGTTCTGAGATTAGGTAAAAAGCGTCTTTTTGTTTTATTGTTAGCATGGCTGACATTATTACCCACCATTGGACCCTTGCCTGTGATTTGACATACTCTTGCCATTTTCTTGTCCTTAT
NZ_CP068567.1_gap6	438811	440678	1867	AAGATCAAAGAAGAAATCGCTAAAAATCATCAAATTATCATTATTTATCCCTTAGTGAGTGCTAGTGATAATATTCCTTATCTTTCTTTAGAGCAGGCTAAAGAATATTGGCAGAGTCACTATGAAAAAGTTTTTGTAACTCATGGGAAAGATAAACAAAAAGATGAAATTTTAGAGCGTTTTAGAGATGAGGGAAATATTTTACTAAGCACTACAGTGGTGGAAGTGGGCATTTCTTTGCCAAGATTGAGTATGATAGTGATTGTAGGAGCGGAACGTTTAGGACTTGCTACCTTGCATCAACTTCGTGGTCGTGTAGGTCGTGTAGGGCTTAAAAGCACTTGTTATCTTTATACTAAACTTAAAGAAATTCCAAGTCGTTTAAAAGAATTTGCTAGCACTTTAGATGGGTTTAAAATAGCAGAGCTTGATCTTAAAAACCGTTTGAGTGGAGATTTGCTCGATGGTTTTATGCAACATGGAAATGAGTTTAAATTTTTTGATTTTTCTAAGGATGAGGAGATTTTAGAAAAGGTAAAAAAAGATTTGGCAAAAAAAATGCCAAATTAATGTCCGCCATACTTATAAAGCATATTTTGAAAATGTGAAGCTATCATTTGTGCACGCTGTAAAATAACTGTTTTCATTTCTTCATTATAAACTATATTTAAACTTTCTTCAAAAAGTCCTAGCCAAACTTCAAAAAATTCTTGAGGAAAAGGAGGTAGATCTAGATGCTTTTTTAAGGGTTGCCCATTATAATCACCTTCGCCTAAAAGCATGCCTGCCCAAAAATTTCCTATTTTTGCTTTATGTTCTTTCCACTCTTCATCACTTGTTCCAATAGCATTGTTAAAAATAGGACCTAAATCCTTATCTTTTCTAACTTTTTCATAAAATATTTCCATGAGTTTTGCTATGCTTTCTTGATTAATTGTTTCAAATTTCATATAAGCCTTTCTTAAATGTTAATTTTATGGCGTTAATATAGCAAAAATAAGATAAATTAAATTTAACATAAGTTAAGAATGGAAAATGTATATAATGAAAGATTATTTAGAACTTTTATCTAGTGTAGGAAAATTAAAAAAATTTCAAAAAAATAGTATTTTATTTTATGAAGGCGAAGAGGCTAAAAATTTTTTTATTTTACTCAAGGGAAAAATACGCATTTATAAAAGTACATCAAGTGATAAAGAAATTACTTTGCATTATTTTAATCCTCCAAATTTTATAGCAGAAATGCCTGCTTTTAAAAAATTAAATTATCCTGCTAATGCCATCTTTGAAGAAGATGGAGAAATTTTGGAAATTGATTTTATTAATTTTCAAAATTTATGCAGTGAAAATAAAGAATTCAATTTTTTACTTATCAGCTCACTTTTTGATAAAATCAAAATTTTAGAAAAGAAATTATCTCAAAATGCATTAGATTTAAGAACGAGATTGTTAAAGTATCTTTTGGAAAATGAAAAAAAATTAGATACAATTTCGCAAAAACAAATCGCAATTGATTTAAATGTTAGAGCGCAATCTTTATCTCGAGTGTTAAAAGAGCTTAAAATTTCAGAACTTATTGATACAAAAAAAGGTAAAATTGAAATTTTAAATAAAGATATGATTATAAAAGAACTTTGGTAAAATTTAAGGTAGAGAATGGATTTTGATTTTATATTAGCTCAAGCTCCCGCTTTTTTAACAGCTGCTTGGCTTACGATAAAACTAAGCTTTTTTGGAATTATTTTTTCTTTAATAATAGGCTTGTTTTGCATTTTAATGAGTTATTTTAAAATAAAAATTTTAGAAAATATTTGCAAGCTTTATATAGAGTTTTCAAGAAATACGCCTTTATTAATTCAACTTTTTT
NZ_CP068567.1_gap7	442609	443967	1358	ATATAAAAGCTAAAAAAGTCTTGACAAAGTTTTTTTTTTGAGCTATAATCTCACTTTTATTTTTGCTGGTTTAGCTCAGTTGGTAGAGCAGCTGCCTTGTAAGCAGCAGGTCGGGGGTTCAAGTCCCTTAACCAGCTCCATATTATTTTAGCAGTGTTTGACCAGAATATTGAAAAAGCAGTATTTCATGGTGAGTTACTCAAGTGGCCAACGAGGGCAGACTGTAAATCTGCTGGCTTTCGCCTTCCGTGGTTCGAATCCACGACTCACCACCATGCTTTGCGGGAGTAGCTCAGTTGGCTAGAGCATCAGCCTTCCAAGCTGAGGGTCGCGGGTTCGAGTCCCGTTTCCCGCTCCAATAATTTAAAAGAACTGGGAGCTGTATTTTAAAACCTTTAACTTACAGTGTATATCCCATTTAAGAGTTTTTGTTGTCTATTATTGTGTATAATTTTTCTGAGCGCTCGTATGGCTCAGAGGTAGAGCACTCCCTTGGTAAGGGAGAGGTCGCGGGTTCAATTCCCGCTATGAGCTCCATGAATTGAAAAAATTATATAGATATAAGACTTGCTTTGCTCAATTTATTTTTTATACGGAGGAAAAAAATGGCTAAAGAAAAATTTTCACGTAATAAGCCACACGTAAATATTGGTACTATTGGTCACGTTGACCATGGTAAAACTACTTTAACAGCTGCTATTTCTGCTGTTCTTTCTAGAAGAGGTTTGGCAGAGCTTAAAGATTATGATAATATCGATAATGCTCCAGAAGAAAAAGAACGTGGTATTACTATTGCTACTTCTCATATTGAATATGAAACAGACAATCGTCACTATGCACACGTTGACTGCCCAGGTCACGCAGATTATGTTAAAAACATGATTACAGGTGCTGCACAAATGGATGGAGCGATCTTGGTTGTTTCTGCTGCAGATGGTCCTATGCCACAAACTAGAGAGCACATTCTTCTTTCTCGTCAAGTAGGCGTTCCATATATTGTTGTTTTTATGAATAAAGCAGATATGGTTGATGATGCTGAACTTTTAGAGTTAGTTGAAATGGAAATTAGAGAATTATTAAGCTCTTATGATTTCCCAGGCGATGATACACCTATTATTTCTGGTTCTGCTTTAAAAGCTCTTGAAGAAGCTAAAGCTGGGCAAGATGGTGAATGGTCAGCAAAAATTATGGATCTTATGGCTGCAGTTGATAGTTATATTCCAACTCCAACTCGTGATACTGAAAAAGACTTCTTGATGCCAATTGAAGACGTTTTCTCAATTTCAGGTCGTGGTACTGTTGTTACAGGTAGAATTGAAAAAGGTGTTGTAAAAGTAGGTGATACTATTGAAATCGTT
NZ_CP068567.1_gap8	445096	446750	1654	AAGTTTGTATTCAGGATATGTTTTTGCACTTCTTGATTTAAATACAGAGCTTTGGCATCGCATTCAATCTCTTCCAAAGGTTGGTCGTTTTATTGGAGAATCCAAAAAGCCAACCCCTTTAACAGAAAAAGATATTAATTTAATTTTGGAAAAAGTTCACAATCGTGCAGCGCCTAAACCAAAGATTTCTTTTGAAGAAGGGGAAAATGTGAGAATCACAGAAGGGCCATTTGCAAACTTTACTGCAATTGTAGAAGAGTATGATATGGTTCGTGGTTTATTAAAATTAAATGTTTCTATTTTTGGACGCTCAACTCCAGTGGAGATCTTATATTCTCAAGTTGAGAAAATAATTTAATTTATATCAAGTAAGGAGATTTGTTATGGCTAAAAAAGTCGTAGGCGAAATTAAATTGCAAATTGCTGCCACAAAAGCAAACCCATCACCACCTGTTGGTCCTGCTTTGGGTCAGCAAGGTGTTAATATTATGGAGTTTTGTAAGGCTTTTAATGAAAGAACAAAAGATATGGCAGGTTTTAATATCCCTGTTGTTATCACTGTTTATGCAGATAAAAGTTTTACTTTTATTACAAAACAACCACCAGCTACGGATTTGATCAAAAAATCAGCTGGAATTTCTAAAGGTACGGATAATCCACTTAAAAATAAGGTGGGCAAGTTAACTCGTTCTCAAGTTTTAGAAATAGTAGATAAGAAAATTGCGGATTTAAATACTAAAGATAGAGATCAAGCTGCTAAAATTATTGCAGGTTCAGCTCGTTCTATGGGTGTTGAAATCATAGATTAATCCTTTCACCGCCAAGGTAAAAGGCGGTAGCACTTTAAAATGCGGAGAAAATAAATGGCTAAGATAGCAAAAAGATTAAAAGAATTATCACAAAAAATTGATTCAAATAAAGAGTATGCTTTAAGTGATGCAATTGATACAATAAAGACTTTAAAGTCTGCTAAATTTGATGAGACTGTAGAAATTGCTTTAAAACTCAATGTTGATCCAAGACATGCAGATCAAATGGTACGAGGATCTGTTGTTTTACCTGCTGGAACAGGTAAAAAAGTTCGCGTTGCTGTAATTGCAAAAGACGCAAAAGCTGATGAGGCGAAAAATGCTGGCGCAGATATTGTGGGTAGCGATGATTTAGTAGAAGAAATTCAAAAAGGTAATATGAATTTTGATGTTTTGATTGCTACTCCAAATTTAATGGGACTTGTTGGTAAAGTTGGTAGAATTTTAGGGCCAAAAGGTTTAATGCCAAATCCTAAAACTGGAACAGTGACTATGGATGTTGCTCAAGCAGTTAATAATGCAAAAAGTGGTCAGGTAAATTTCCGTGTTGATAAGCAAGGAAATATCCATGCAGGTCTTGGTAAAGTAAGTTTTTCCAAAGAACAATTATGGGACAATGTTAGCACTTTTGTAAAGGCAATTAACAAACACAAACCTGCCGCAGCTAAAGGTAGATATATTAAAAATGCGGCTTTATCTTTGACAATGAGCCCTTCTGTAAAGCTTGAAACACAAGAATTGCTTGATATGAAATAAGAGTTGCTTTTTTGCAACTCTTTTGTTTTAAAATAAACATTTGAAAAAATTTTTGATTTTTTGAGATGTTTATTTTAGATTGAAGATAG
NZ_CP068567.1_gap9	474451	478197	3746	ATATTAGAAGTTAGAATGATAATGGTATTTTTAAAATCCACTGTTACACCTTTGCTATCGGTTGCTCTACCATCATCTAAAATCCCTAAAAGCACATTAAATACATCTTTATGTGCTTTTTCAACTTCATCAAACAAAAGCACGCTATAAGGTTTTCTTCGTACGGCTTCAGTAAGCTCTCCACCTTCTTCATGTCCTATATATCCTGGAGGCGCACCTAAGAGTCTTGAAACACTATGTTTTTCCATAAATTCACTCATATCAAAGCGAATCATTGCTTTTTCATCATCAAATAAAAATTTTGCCAAAGCTTTAGCCGATTGTGTTTTTCCTACCCCTGTTGGCCCTAAAAATAAAAAGCTTCCTATAGGTTTATTGTCCGCATTAAGCCCTGCTTTGTTACGTTTAATGGCTCTAGCTAAAGCACTTAAGGCCTTATCTTGTCCTATGACACTTTCTTTTAAATGTTTTTCCACTTCTAAGAATTTTTGTTTTTCAGAAGTTAACATTTTTTGCACGCTAATACCCGTCCATTTGCTTAAAATTCCAGCAACCAAATCCTCATCCACTTGATTTTTAAGTAAAACTCCATTTTCACTCATTTTTTTCCATTTATCTTCTAAGATTTCTACTTCTTTTTCAAGACTTGGAATTTTTCCATACTCTAGCTCGGCTGCTTTTTGAAATTCACCTCTAGCTTTAGCCAAAGAAGCTTCATTTTTAAGCAGATCAATTTCTTTTTTCTTAGCACTTATGCCATCAAAAACACTTTTTTCATTTTCAAACTGTGAATTTAGGGCATTTTGTTTTTCTTTTAAATTAGCTAGTTCTTTTGCGATTTCATCGAGTCTTTTTTGATTTTTTTCATCATTTTCCATTTTTAAAGCTTCATTTTCAACTTCTAAAGTTTCTATATCTTTGCGTACTTTTCTTAAAGAACTTGGTTCGCTTTCAATTTGCATTTTCAGTTCAGCTGCAGCTTCATCGATTAAATCAATGGCCTTATCAGGTAAAAAACGATCTGCTATATAACGCTTTGAAAGTTTAGCTGCGGCTACTAAAGCACTATCATTTATGGTTACATTATGATGAATTTCAAGCTTTTCTTTTATACCCCTTAACATAGCCAAAGCCTCATTAACACTTGGCTCACCTACATTTACAGGTTGAAAACGGCGTTGCAAGGCTGCATCTTTTTCAAAATATTTACGATATTCTTTTAAAGTAGTTGCGCCTATGGTATGGAGTTCACCTCTTGCAAGAGCAGGTTTTAAAATATTTGCCGCATCCATACTGCCTTCACTCGCTCCAGCTCCTACTATAGTGTGAATTTCATCGATAAAAAGAATGATATTTTCACTTTTTATCACTTCATTAACCACAGCTTTTAATCTATCTTCAAATTCTCCTCTGTATTTTGCACCTGCAATTAAAGCACTCATATCAAGAGCGATGACTTTTTTATTTTGCAAAGATTTTGGAACATCTTTTTTAATAATTCTTTGTGCTAAAGCTTCTACTATAGCTGTTTTTCCTACGCCTGGTTCACCTAAAAGTATAGGGTTATTTTTGGTTTTACGTATTAAAATTTGCATCAAACGCTCGATTTCTTCTTCTCTGCCTATAACAGGATCAAGTTTACCCTCGCTTGCTTTTAAGGTTAAATCTATACCAAATTTATTTAAACTATCTAAAGTTTCATCGCTTGTTTTGCTATCCATTTTTCGTCCCGCTCTTAGACTTTCAAGCTCTTTTTGAAATTCTCTTAAATCTAAAAATTGCGCCAAAATTTCTTTAATAGGACTTTTTTGACTTTCACTTATAAGCCAAGTATCCACACTTAAATAACTATCTCCATTAGCACTCATTAATCCTTTAGCATTTTCTAATGAATTTATAAGTTCATTGGAAAAGCGTATATTTTCACGGTTTACATTTGAACTCGTTGCAAGTTTTGAAATTCTGCTTTTAATTTCAAGCTCTAAGGCTTCTTTAGAAATATTTAATTTATTTAAAATTTGATTTAAAATACTTGTACTATCTACGCTTAAAGCCCATAAAAGATGTAAAGGTACAACTTCATTATTTTTAGAATGTATAGCTAAAGATGCTGCACTTTCAAGGTTTGAAAGCATATTATCAGTTAAAAAATCTTGTATATTTGCCATGTTTTATCCTTTATTTAGTTTATAGACTTGCTATTATATAACTTTAGTCATATAATGTCAAGTTAATTGAGTAAAATTTTTTAAATAATAGGACAAATGACTAATTTTAGATTATTTCATAAACATATCTATAGCCTTGTTTAATTCTTCTATACTTTGAATATCATTTTCTTCTACGGCGTGTACCATACAATGAGCTAAATGTTCTTTTAAAACTACTTTTGCAGTATTGTTAACTTCGGCTTTTACGGCAGCAAGCTGGATTAAAATTTCACTACAGTCTTTGTCATTTTCAACCATTCTTTTAATAGCACTTAAATGTCCTATGGTTCTACTTAGACGATTGCAAACTGCTTTAAGATGTTTTTGAGAATGTGTATGAGTATATTTTTCTTGGCACATTGTATTAACTTTCTTTTTGGAATTTTTAGTCTATTTTAACATATTTTTAAGAATTTAAATTTATTTACGAAGTTTTAAGCAATTTTTATTAAAATTTACTCTTTAAACTAAAACTCAATGATGGAGCTTATTTTGAAAACAAAACGATTTTTTGCGGGTCTTGCAGGCTTTGCCACTACTTTTATTTTATGTCTATTTTTAACAAGTCATTTACAAGCTAAAGTTGATCAAAAAGAAGAGCAGGTTCAAAAACGCCTAGAAGCTTTAGATAAGCTTACAAAAACTCTTGCTATAGTAGAGCAATACTATGTGGATGATCAAAATATCAGCGATTTGGTGGATAAATCTTTATCGGGGCTTTTAAGCAATCTTGATGCGCATTCTTCTTTTTTAAATGAAAAAGATTTTAATGATATGAAAATTCAAACCAATGGTGAATTTGGTGGCCTTGGTATAACCGTAGGTATGAAAGATGGCGCTTTAACAGTTGTTTCTCCTATAGAAGGAACACCAGCAGATAAAGCAGGGATAAAATCGGGAGATATTATTTTAAAAATTAATGATGAAGCCACTTTGGGAATTAATCTCAATGATGCTGTAGATAAAATGCGTGGTAAGCCAAAAACTCAAATCACTTTAACCATCTTTAGAAAAGGTGCAACAAAACCTTTTGATGTTACACTTACAAGAGAAATTATTAAGATAGAAAGTGTTTATGCAAAAATGATAGAAAATGAAAACATTCTTTATCTTAGAGTTACAAATTTTGATAAAAATGTTGTAGATGTGGCAAGTAAAGAACTTAAAAAATATCCTAATGTTAAAGGAGTTATTTTAGATCTTAGAAATAACCCTGGTGGACTTTTAAATCAAGCTATAGGACTTGTAAATTTATTTGTAGATAAAGGTGTTATTGTTTCTCAAAAAGGACGCATCGCAAGTGAAAATCAAGAATATAAAGCCGATCCTAAAAACAAAATTTCTAATGCTTCTTTGGTTGTGCTTGTAAATGGTGGAAGTGCTAGTGCAAGTGAAATCGTAAGTGGAGCTTTACAAGATCTTAAACGCGGTGTTATTGTGGGTGAAAATACTTTTGGAAAAGGTAGTGTTCAACAAATCATACCTATTAATAAAACTGAAGCTTTAAGGCTTACTATCGCAAGATATTATCTTCCA
NZ_CP068567.1_gap10	481448	483983	2535	AAGCTCAGATGATTTTAATGAATCATCAAAGTGCTTTAGATATCATCGCTTTAGAAGAATTATATCCTAAAAATTTATGCTGGATTGCCAAAAAAGAATTAGGAGAAATTCCTATTTTCAAAGTTGCTATGAAAAAACCAAAACTTCTTTGTATAGATAGAAAAAATCCGCGTGATTTGGTACGAGTTTTAAAAGAAGCAAAAGAAAGAATTAGTGAAGATAGGGTTTTGGCTATTTTTCCAGAAGGAACTAGATCTAAAAATGAAAAAATGCTTAAATTTCAAAGTGGAGCAAAAATTTTAAGTGAAAAATTAAATCTTAAAGTTCAACCTATTTTAATTGTGGATTCTGCAAAAATTTTAGACACAAAAAGTTTTAGTGCAAGCAGCGGAGTACTTAAAATCATTTGTATGGATTTAGTCGATACAAATGATGAAAAATGGCTTGAAAACACCAGAAAAAAAATGCAAGAATTACTCGATCAAGAAAGAGTCAAGCTTTGCTAAATACTCTTCTAGTAGTTGGTTTTGGGGGATTTATAGGAGCAATCTTAAGAATGCTTTCTATAAATTTAGTGAATAAATTTTTTCCTTATTCTATCAGCTTTGGAACTCTTTTTGTAAATGTTTTGGGTTCTTTTATTATAGGACTTTTGTTTTCTTATGCACAAAATAAAGGTTTATCTCCTTTACTTAAAAGCTTTATAAGTACAGGTTTTTTAGGAGCTTTTACAACTTTTTCTACTTTTTCTTATCAAAATTTACTTCTTTTGCAAAGTGGAAATTATTTTAATTTTGCGTTAAATATTATCTTAAATGTCTTTCTTTGCTTATTTGCCGCATGGCTTGGCTTTTTAATTTTCAAATAAATCTTTAAATTTACTTTAGAATTTGTATTTTTTGCTAAAATACCACTTTAAAAAATTACAAAGGAATCAAAATGCAATTTCAAACTGAAGTTAATCAGCTTTTACAGCTTATGATACACTCTTTATATTCTAATAAAGAAATTTTTTTAAGAGAACTTATTTCAAACGCAAGTGATGCTTTAGACAAGCTTAATTTTTTAAGCGTAAGTGATGATAAATATAAAAGCTTAAAATTCGAACCTAAAATTGAAATCAAAATTGACAAAGATAAAAAAACTTTAAGTATTAGTGATAATGGCATAGGTATGGATAAAGATGATCTTATTAACAACCTTGGAACCATAGCAAAAAGCGGTACTAAAAGCTTTTTAGAAAATTTAAGCGGTGATGCTAAAAAAGATTCTCAACTCATAGGACAATTTGGAGTAGGTTTTTATTCTGCTTTTATGGTGGCTAGTAAAATCGAAGTTTTAAGTAAAAAAGCTTTAGATGATAAAGCTTATCTTTGGAGTTCTGATGCAAATGGTTATGAGATTAATGACGCAAGCAAAGAAGAACAAGGCACAAGCATTACTTTATATTTAAAAGATGATGAGTTTGCTAATGCTTATAAAATCGAAAGCATTATAGAAAAATACTCTAATCATATTCAATTTCCAATTTTCATGGAAAAAGAAGAATTTACTCCTGCTAAAGAAGGCGAAGAAGAAGGGAAAACTGAACTTAAAATGTCTCAAATCAATAAAGCCAATGCTTTATGGAGAATACAAAAATCAAGCCTTAAAGCAGAAGATTATGAAAGATTTTATGAGCAAAATTTTCATGATTCAAACAAACCTTTACTTTATCTTCACACTAAAAGTGAAGGAAAATTAGAATATAATTCTTTATTTTTCATACCGCAAAACGCACCTTTTGATTTATTCCGTGTGGATTATCAAAGTGGCTTAAAACTTTATGTAAAACGCGTATTTATCAGCGATGACGATAAAGAACTTTTACCAACTTATTTGCGTTTTGTGCGGGGGATTATCGATGTAGAAGATTTACCACTTAATGTAAGCCGTGAAATTTTACAAGAAAATCAAATTTTAAAAGGTGTTAAAGAAGCTAGTGTTAAAAAGATTTTAGGTGAACTTGAAAAACTTAAAAACAATGATAAAGAAAAATACTTATCTTTCTTTAAAACCTTTGGTAAGGTATTAAAAGAAGGACTTTATGGTTTTGGCGGAGAAAAAGATAGTCTTTTAAAACTCATGCTTTATAAAAGTACCAAAGGTGAAAATTTACGCTCTTTAGAAGAGTATAAAAATGACCTTCAAGGCGATCAAAAAGAAATTTTTTATATAGCAGGAAATAATGAAAGTTTATTAAGAACCTCTCCTTTGCTTGAAGAGTATAAACAAAAAAACATAGAAGTTTTACTCATGGATGATGAGATTGATTCTTTGGTAACTCCTATGCTAGAATTTGAAGGTTTGAAATTTGTAGCCATTAATCAAGTAGAAGATAAAAATGAACTAAGCGATGAAGAAAAAAATACTTTTGCTCCACTTGTAGCTAAATTTAAAGAACTTCTAAAAGATCAAGTTGAAGATGTAAGACTAACCAGTCGTTTAAAAGATAGCCCAAGTTGTATAGTTTATGATAAAAATAAACCTGATTTT
NZ_CP068567.1_gap11	485444	486586	1142	AGGTTTGGGTAATATTTTTATTGGTATAGGTTTTTTCTTTTTGGGTGTGGATTATATTAAAAGTGGTTTTGAAAATTTTAAACATATAATTGATCTTTCTCGTTTTGATTTTGCTGGTTTTAAAGGAGTTTTTGTTTTTAGGATTAGGTGTTTTGCTTACAGGAGTTATACAACCAAGCACAGTTATAATGGCTATTATTGTCGCTGCTTTACTTGCACAACAAATCAGTTTGGAAAATTCCTTAGCAGCAACTTTAGGCACTAGTGTTGGAGGAGTTGTAACGGCTGTTTTAGCTTCTTTAAGTACTAATATTGAAGGAAAGAAATTAGCGTTTGCAAATTGTATTTTTAATTTTGGTATAGCTTTTTTAATAGTGCTTATCTTTCCTTATTTTATACATTTCTTAATTTTTTATCCATTGCGTTAAACATAGAAGATATAGCTTTGAAAGTAGCATTATTTCACACTTTGTTTAATTTAATTGGCGTTGCGCTTTTTTCATTCTTTACTCCTTAAATTGTTTTTTTAAATAAAATAGTAAAAGCTCCTAAAGATAAGAATAAAGACAAGCCTTTATATCTTGATAGTAGTTTGGTTAAATTTAGTGACACAGCCATCGAAGTTTTAAGAAAAGAAAGCGAGCATCTTTATAACAATACCTATGCAATTGTTGCTCATGCTATAGGTTTTAGTTGTAAAGATATACAGAGTGATAAAAGTTTTAAAGAAATTTTAGAAAATAAAAAGTGGTTTAGTAAAAATGTGGATTTGGACTATTTGTATCAAACTAGGATAAAGGTTCTTTTTGAAGCTATTATTGATTTTTCAACTAAAGCACAAGTTTATATTAACGATGAAACAAAGAATCATAAAATTTTTACCTTTAAGATAGCAGCTAAAAATTTAGCTGAAACAACTAAAATTTAAAAATTATCCAAGTAAATATTAAGAAATATTCTAGCTCTTCTAATGAATTTTTGGCTTTAGAATACAATAAAATTAGATCTAATCTAGGAGATCTTTTAAGAAGTATCGAAGAGCTTAGAGTGGTTGAAGATAGTGAAAAGCTTTATTTGATTATTAAAAATCTTCAAAAAGGAAAAGAAATTTTAAAAGAAATTGATACTTTAACCTTAAGCAA
NZ_CP068567.1_gap12	487698	489216	1518	CCCCAACTATGATTTCATTGGCTTTTAAATCCTCATTTCTTTGATCTATAGCTTTCTCTATACTTTTTTGCAGTTTTAAAGAAAGATTTAAATATAAATCACAACCATTGATCTTTTTTTGTTGCAGTGAATTTAGATTTAAAATAATATTTCCACCTATATCTTTAAGTCCTTGAATTTTTTCATTTTGAACAGGACTTAGACATTTATCGTAGTATTTTTCTAAACCTTTAACTCCTATATTTTTTAAAATTCCACTTTCTGGATCTAATATCATTTTAGTATAACCGATAATAGGAGTAAAAGAATCTTTTGACATGTAAATTCTATCTTCTTCATGTTCGATGATATTTAATCCTCTTGTTTCAACTCTTCCAGAGTTATTTGTAAAAGCTTTGAAAAAACCTTGTATATAAAGTTTTTTAGCAAGGTCTTTAAGATAGCTTGCTTGCTTGGAATCTAAGTTTTGCAAAAGAACAAAATTATAAGAGCGTTTTTTTTGATTTTGCATTCTTTTTTTAATATCTGCTACTTGATCGTTACTTATCCCACTATAAATTTGAAAAAGCTTTAAAAATAGATCAAATTTATCTTTGTTAATGCTTCTAAGATCAATTTCAGCGCGATAAATTTGTTTAGAACTTGTGATAGTAAAATTATCTTTAGTTATAATTGATCCTCTTAGAGCAAGAGCGTATTGATCCTTTTCAGTGTTAGGTATATGACGTTTTGATGTAAGAAAAAAAGTAGAGCTGATAAAAATAATCATAAACAAAAGTGCCATGCAGTAGGCAAAGGCAACTTTTGAAACCCTATTTTTTTTATATTCTTGCATTAGGGTTTAAATTTGAGTTCTTGTGATTTCTTTATAAGCACTGATCGCTTTATTTCTTACTTCTAGCATAAATTTCATGCTGCTTTCAGCTTTAGTGATAGCTATAGCTGCTTGATGTAAATCTTTTACTTGTCCTGTGGCAATGTCTGTCATTGCAGCTTCTCCACTTTCTTGTGCTTTATTTAAATCATCGATTTCATTTTTAAGCATCTTGGCAAATTCATCACCAATTCCTGTGGAATTTTGACTTTTGTTGGTATTTGAAATATTATTATTTAATCTTAAATCATTAATATTGTTCATTTTTTATTATCCTCTTAATAAATCAATCGCACTTTGAGCTATAGTTTTTGCACTTGTAAAAGCACTTACATTCGCTTGATAAGCCCTTGTAGCTTCAATCAAATCTGCCATTTCAATAACAGGGTTTACATTTGGATACGCTACATAACCTTCAGCATTCGCATCAGGATGGCTTGGATCATACTTCATACGAAAATCTTTGTCATCTCTGACCACTTTATCCACTACAACACTTTGAATAGCAGGTTTAGCTTCTTCTGGCGAGCTTGGATCATTTAAAGGATTTTCATATTTTAAAAAATTATTATCTTTGTTAATTTGCTCATTTAAAAGCTTATCAAAATCTGTTGCTTTAAAGATCACTTCGCGTCTTCTATAAG
NZ_CP068567.1_gap13	501713	502282	569	CTGATCATATTGCCATGGTGGAACTTTTGGAAAAACAAGGTTTAACAGAAATGGATGTAAAAAATTTCATATTAGAAAATGGTGATTTTATAGAAGAAAGGCAAAATGATATTTATATAGAATTGGGCGCAAAAATTTTAGGACACGAAGGCTAAAATTGTTTAAAATAAGCCCTTGTTTAATTTGTATTTTTTTTATTTTTAGTAATGTTTTAGCATCTGAACCAACTTTTGATTATACTTATAAATTTATACTTAAAAAAGATGAGAGAGCTAGTGTGCAGATTAAAGAAATAGGCTATGAAGATAAGGTGCAAAATTTTGATTTTTATTGGACTTTGTTTGATAATACTAATATCATCGTACATTCGAAATTTCGCAAATATCCGCGTCAATTTGTGATGAGTTTAAGAAGAAATTTAGATTGGGTAACTCAAACTTTAATACCTGATTATACCAATCCACACATTGATAGAGCAAGACTTATTTTAGAATTTAGTGGTTATAATAAAGGTTTGGCAACTTTTACGGTTTATATAGAAGATAAGGAATCTCGCTTAATGGTAGAAT
NZ_CP068567.1_gap14	515543	518247	2704	TGAAATCATCAAAGCTCTAGATTCTCAATTTAGCAAAGAAAAAGCAGAAGGAGAGCTTAAATATCTTCAAAACCCTGCACACAAAGGTTTTGAAAGACCTTATGGATGGGGATGGTTTTTAAAACTGACTTTGGAGATAAATTTACTTGCTAAAGAAAATGACAAAGCTGAAATTTGGGCTAAAAATTTAGAAGGCATAGCTGATTTCTTTGTTAAAGAATTTAAGGAGTTTTTACCTAAGATGGATTATCCTATACGAGTTGGAACCCATTTTAATAGCTCTTTTGCTTTGTATTTTGCTTTAGAATATGCAAGATTTAAAAAAGATCAAGAATTGGAGTATTGCATCATCCAAAGTGCTAAAAAGTGGTTTTTAAATGATAAAAATATGCAAGCTTTAGAGCCTTGTGGAGATGAGTTTTTATCTCCTGTTTTGATGGAAGCGGTGCTTTTAAGTGCTGTTTTACATAAAAATGATTTTGTAAAATTTTTTAAAGCATATTTGCCAAATTTAGAAGCAAAAGAGCCTGTAACTTTATTTACCCCTGTGAGTGTGAGTGATAGGAGCGATGGTAAAATAGCACATTTAGATGGGTTAAATTTAAGTCGTGCTTGGTGTTTTAAAATACTTTCAAATTTTTGCGATGAAAATTTAAAAATTCTTTTAAGAAACAATGCTACAGAGCATTTTGATAAAGCTATAGCTCATATAGAAGATGATTATCTTGGGTCGCATTGGCTAGGAAGCTTTGCTTTGCTTGCTCTGGATGTGGATATTTTATAAAAAATTTCATAAGATGAGTAAATTTGTTACTAAATAGATATTTTTTAAATTTAGATTTTGTTTTTATGCTTTGAAAAATATATTTTTTGATATTATAAGCCCTATAATATTTTAAAGGATGATAATGGTTTTTTTAATCATCTCTAGTATTATAGTGGCTATTATTTTGGGCTATATTACTAGACATAATGTTGGAATTTTTGCTATGATTTTTGCTTATATTATAGGAGCTTTTTTTATGGATTTAGCTCCTAAAAAAATCATAGCTTTTTGGCCTATTTCTATATTTTTTGTTATTTTTGCTGTCTCATTGTTTTATAATTTTGCAACCGTAAATGGAACTCTTGAAAAATTAGCCGGACATTTGATGTATCGTTTTGCTAATCATCCTTATTTGCTTCCTTTTGTTATTTTTGTGGTTAGTGCTATTATAGCTGCTTTAGGAGCAGGTTTTTATACAGTTTTAGCTTTTATGGCACCACTTACTTTTTTACTTTGCGATAAAATCGGTTTAAGCAAAATTGCTGGAGCTATGGCTATAAATTATGGTGCTTTGGGAGGAGCAAATTTTATGACTTCTCAAAGCGGGATTATTTTTCGAGGATTGATGGAAAATTCAGGTATTGAAGCAAATGAAGCTTTTGCAAATTCTAGTATTATTTTTGCTTTTACTATAATTTTGCCTATTGTGGTATTATCTTTTTTTGTGTTTAATGCTTTTAAAAATAATATAAAAATTAGTGTTATTTCAAAACCTGATCCATTTGATTATAAACAAAAAACTACTTTAATTCTCATGTTTATGATGATTGTTGTTGTTTTAATCTTTCCTGTGCTAAATATTATTTTTCCACATAATGAGACAATTAGTTATTTTAATAAAAAAATAGATATAGCCATGATAGCCATGATTTTTGTTGCCATTGCTTTATTTTTAAAATTAGCCGATGAGAAACAAGTTGTTGCTTTAATTCCTTGGGGAACCTTGATAATGATTTGTGGAGTAGGGATGTTAATTAGCATAGCAGTTGAAGCAGGGGCTATAAAATTATTTTCAGATCTTGTAGAAAATGAGATCAATGTGATTTTTATTCCGTTAATAATGTGTGCTATTGCGGCTCTTATGTCGCTTTTTTCAAGTACTTTGGGTGTGGTTACTCCAGCGCTTTTTCCTATAGTTCCAAGCATTGCTGCAAGCAGTGGATTAAGCGAGGCATTGCTTTTTTCTTGTATTGTTGTAGGGGCTCAAGCTTCTGCTATTTCTCCTTTTTCTTCTGGAGGAAGTCTAATTTTAGGATCTTGCCCTGATAAATATAAGGAAAAATTATTTAAAGATTTACTTATTAAAGCTGTGCCTATAGGATTTATAGCGGCGATTTTAGCTACTATTATAATGAGTTTTATTTTATAAGGATAATTTAATGAAGATTGATACTCACGCACATATATTTTTGAAAAAGTTAAATACGGTTGCAAATGCAAGATATAAGCCTGATTATGACGCTAGTTTTAAAGATTATAAAGCAAATTTAGATCATTATGATTTTAATAAAGGGGTTTTAGTTCAGCCAAGTTTTTTAGGTATTGATAATGAATTTTTGCTTCAGAGTATAGAAAAAGATGAAAATATAAAAGCTATAGTTGTGGTTGATGAAAATATTAAATTTGATGAGCTTAAAAAACTAAAAGAAAGAAAAGCTTGTGGAGTTAGATTAAATTTAATTGGCAAAGAATTGCCAAATTTTAAAAGTATGGTTTGGACTCAATTTTTTGAAAATTTAAGTAAGCTTAAAATGCAAATAGAAATTCAAAGAGATTTAGATAATAATCTTGTTGATATTGTTGAAAATTTAATTCCTTATGGTTGTAATATTGTTATCGATCATTTAGCAAGAGCTAATGCAAACTTAACAAATTTAG
NZ_CP068567.1_gap15	546149	548801	2652	GTTTTGATGGTATGCATTTAGGACATCTAAAACTTGTAAAATATTTAGATGAGAATGGGGCTTTGCTAGTTATTAATAAATTTAAAGGTCAATTTCTTTGTTCAAATCGTCAAAAAGAAGAAATTTCAGGAAAAAAAGTTATAGAAGTGGATTTTGAAAGTATAAAATCTTTAGATGGTAAAGATTTTTTAAGCTTTTTGAAAAAAGAATTTACCAGTTTAAAATTTATAGTCGTGGGTTATGATTTTTCTTTTGGGAAAAATAGGGCTTATAGTGCTAAAGATATTGAGTTTTTAAGTGAGATAAAAACTATAATAGTTGATGAATTTAGTATAGGTGGAATAGGTGTTCATGCAAGTTTAATTAAGGATTTTTTATCAAGAGCAAATTTGCAAAAAGCAAAAGAATTTTTAGGGAGAAATTATAGCATCAAAGGAAAGGTAATTAAAGGACAAGGCTTAGGTTCTAAAGAACTTTTTGCAACTATAAATTTAGATTGCGAAGGTTATTTTTTGCCTCAAAATGGTGTTTACGCTACTTTGTTAAAAAGTCAAAGAAAAACTTATAAAAGTGTGAGTTTTTTAGGTGTAAGATCAAGCGATGAAAATTTTGCTATAGAAAGTCATATTTTAGAAGAATTGGGTGAAAATTTCACGCAAGGAGAGTTTTTTGAACTCGAGTTTATATCTTTTCTAAGAGAGAATCAAAAATTTCAAGATCTAAAAAAACTTAAAAATCAAATTACTAAAGATATAGAACAGGCTAGAGAATTATTAAGGAAAAATGATGAAAGATGAACTTTTTAAACAAAGCCCTAAAAAACAATTTGAATTTGATAAAAGCGTGGCTAGTGTTTTTGATGATATGATCAATCGTTCTGTACCATTTTATAGAGAAAATTTAGAACTTTGTGGCAATTTATTGGCTAAAATTTTACCTACAAATGCAAGTGTTTGCGATTTGGGCTGCTCAAGTGCTAATTTTTTGATTTTTTTGGCAAATCTAAGAAAGGATTTTAAACTTTTTGGCGTGGATAATTCTACCTCCATGCTTGAAGTTGCAAAATCAAAAGCTAAAGCTTATGGGCTTGATATAAGTTTTTTTGAAGCTAATTTATGCGAATTTGATTTTTTTACTTGCGATGTTTTTGTGGCAAATTATACCATGCAGTTTATTCGTCCTCCTAAAAGACAAGAATTGCTTGATCAAATTTATAAAAATTTAAACTCTAAAGGCATTTTGATTATGAGTGAAAAAATCCTTTATGAAGATGCTTTTTTGTCTAAAAATATCATAGAACTTTATGCTGATTATAAAGAAAAACAAGGCTATTCTAAGTTTGAAATCGCAGCTAAAAGAGAAGCTTTGGAAAATGTTTTAATTCCTTATAGTCAAAAAGAAAATTTAAATATGCTAGAAAAGGCAGGTTTTAAGAAAATAGAAAGTATTTTTAAATGGGCAAATTTTGAAACTTTCATAGCTTTTAAGGATTAGAAATATTTTCATCTTCCCATTCATCTTTTGGAAAACCTATCTTATATGCATTAACACAATCTTGACTAATGATAGCTTTGTGTCTGCATTCTAAACTTCTTTTTTTTGCTTCCTCGGGGTGATTTTGATAATATTCTACACTTTTGGTTTGTTCGCATGCTGCAAAAAATATACCAATAAGGCTTAAAAAAATAGTTGTTTTCATGGTAACTTTTCCTGTGTTATGTTAATATCATCACTAAAAATAGAACTTTGATTGTCATCCTTTGTTTTAGAAGGATAAATTTCAGAAGGTGTTTCTGCTATAGGTGGTATTATAATACTTTCATTATTTTCTGAACTTTGGTTAATATCTTTTGTGGTTAAATCATTTTGTTTTAAAGCTTCTAATATCTGATTATCAGATTTTTTTGGTGTGTTTGGACTGTATTTACTCTCTTCATTTGTTGGTTTAACACCAACTTTTAATGCATTAATACAATCTTCGCTAAGAGTTTCGCTTTCTTTGCATTCTTTCGCTTTTTCTTTTGCTTCACTAGGATGATTTTTGTAGTAATTTTCTGTTTTGCTATCGCAAGCTGTTATATTAATAACTATTAAAATTGTAAATAAAATACTTAGTCTTTGCATTTTATCAATCTCCTAAAATTTTTAATATCTTAGCAAACTTGTATAAAGCAACGATAAATTATTTTTCCTCGTTGTAGGAAAAAATAGGCAAAGACCATTGATATTTGATAGCCAAAAGCCTTGCAATAACTCCTACAAAAAGAGTTAAAAGCGTGCAAACTAGGGCATTAAGTTCGAACCAAACTATAAGTGAATAGTAGATTGCTCCTGCAATTATGGCAATTCCTGCATAAATTTCTTTTTGAAACACTAAGGGAATTCTCATACATAAAATATCTCTTAAAATTCCACCAAAAACACCAGTGATTACAGCGGCAGCAACGGCTATGATAAAGCCATGGTTTTGATTTATAGCTATTTGAGCTCCAAGTATGCTAAAAACAACAAGTCCTATAGCATCAAGAGTTAGAAATAAAGTTTCAAGTTTGGTTACTACGCGCGGAATTTTTGTGGCTACAAGGGCGCAAAAACAGATTAAAATAATATATTCAGGATGTTTAACCCAAGTTAAAGGATAATGTCCTAAAA
NZ_CP068567.1_gap16	553588	554923	1335	CAAGCTTTCTGGGGATGAAAATCAGAATAAAGAAAATGAAACCAAACAAATAGAAGATTTTTCAGAGTCTAAGACTGAAGAAAATCAAGATGAAATTCAAGCAGAAATATCTAAGCAAGAAAGCAATGATGAGCTAAAAAATGAAGATAAAGAAAATAAATGAAAAATGAGTCAAAAGAAGATAGCAATTTTTGGATAGCTTATGCTGATTTAATGGCAGGATTGCTGTTTGTTTTTATTTTGCTAATAGGTGCTATTGTTGTAAAATATGTTTTAACTCAAAGTGATTTAAAAGAAATCAAAGATAATCTCAATAAACAAGAGGCACGCTTAGAGGAGAGTAAAGAAGAGCTTAGAAATAAAGAAGCCATAGTGTTTAAACTAAGTTCTGATTTAAACAATGCTTCTAGTGCTTTAAATCTTGCTAATTCTCAAAAAGCAGAATTAGAGGCTAATATTACAAATTACAAGCAGTTAAGCAAAGATTTAAACTCAACTTTAGATAATAAAGATAAGCAAATTTTGATTTTACTAGGTCAACTAGAGAAAAAAGATGAAGAGCTTAAAAATTTACAAGAAGATTTTCAAAAAGCTAAAGAAAAGGTGCAAAATCTTGGTTTGATTCGTGAAAATTTAAGCAAGGAATTACAAAGCAAACTTGATAATAATATCACTATAGATGAAAAGACAGGATCTATTTCTTTGCCTGCTGAAGTACTTTTTGATAAGGATTCTTATGTGTTAAAAAATGAGGCAAAGGCAAGTTTGAGAAAAATCTTAAGCGAATATTTTGATGCTATTCTTGAAGATCCAAAAATTTTTTCTAACATTGAAAATATCATTATTGAAGGACATACTGATAGTGATGGATCTTATATTTATAATTTAGATTTGTCGCAAAAAAGAGCTTATGAGGTGATGAATTTTATCTATACTTTTTATAAGAGTGATAAGCTTCAAAAGCTTTTAATGGCAAGTGGACGTTCTTTTTCAGATCCCGTGTTTGTCAACGGAGTTGAAGATAAGGATAAGAGTCGTCGCATAGAAATAAAATTTAGCATTAAAAATGATAATGCTTTAAAAGATGTAGAAAAATTCTTTGAATTTCATTAAAACAATTAGTCCTATACAAAAAATCAATTTTAACGGATTTGAATTTTATATTAAAAGAGATGATTTATTAGGAGAAATTAATGGAAATAAAGCTAGGAAACTTGCTTTTTATATCCATCAAAGATATCCTAAAAATCAATCTTTTGTAAGTTATGGAGGAAGCCAAAGTAATGCTTTGGCGGCATTAAGTATTTTTGCTAAACAAAGATCATATAAGCTTGT
NZ_CP068567.1_gap17	557253	561891	4638	GAATTTTAGAAATTTTTACACAAGGTTTTCTAGGTTCGCTTACTTGCAGTATTGCATTTGAAATTTGATGTATATCACCTATGCAAACATTTTGTTCGCAAAGCCCATCGATGCTCAAATTTTCACCCATTGAGCCAAAATTTAGCTTTTTATTAAGAAATCTTTCCCATATAGGATAGTTTTGACAAGAGTTGGCAAAAATAGCCTTATGATAGCCTCCATGATGAATTTTATCAGCTATTTGATCATCTAAAATACCTAGAAAATCAATTTGTATTTCTTCTAGGTAAGTGTCTTTAATAAATGCGCTTTGGAAATTTTTATAGTTTTTAATTTTCCCTATTTGCAAACTTTGAATTTTCATGGTTCTAGTTTTTTTAATAAATCATCAGCACTGATAAAACCCGTGATTTTTAATTTTTCTTTTCCATTTTCAAAGAAAATTAAAACAGGTGGCCCAAAAACATTAAATTCTTTCATGGTTTTAATTTGTTCATTATTATTTTCGCTTACATCAACTTTGATAAGTTTGTAATTTTGCATTTTTTGTATGATTCTTTCATCGCTAAAGGTTAATTCATCTAAAAGTTTGCAATTTTCACACCAAGATGCAGTAAAATCAAGCATTATGGGCTTTGTATTTGTTTGTATTTCTTGCTTTAATTGTTCAAAATTGTTGATATAATCATAGCTTAAAGCAGGTTTTGAGGCAGATATAGTATTGAAATTTAAAGGATTTAAGAAATTTTTAGCCCCAAAAAGTCCTCCTAGGAAAATACTTAGAGAATAAGCTAAAATAAGAATTAAAATACTTTTTTTAATTTTAGAAATTATTGTAAAACTTTTTTCAAAAATTCCCATAAAAACACTAAAAAATACACCTAAAATTCCATAGGCAATTAAAATGTAATTTTCTTCAATAATTCTAGAAAGTATCCAAATAGCCATAGCCAACATAACAAAACCAAAGAAAATTTTTACTTTTTCCATCCAAAAACCAGGTTTAATAAAACCTAATCCTAAGCCTATGAAAAGCAAAGGTATACCCATGCCAAAACTCATGATAAAAAGTGCACTACCACCTAATAAAGCATTGCCTGTATTGGCTATATAAATTAAAGCACCTGCTAAAGGAGCTGCTACGCAAGGACCTACTATTAAAGCAGATAAAAATCCCATGATGGCTATACCTACAACTCCCTTCCCTTTTTCGCTTTTTTTATGTATAAAGGTTTGAAATTTTAACGGCAATTCAAAACGAAAAGCTCCAAACATAGCAAAAGCAAAAGCTATGAAAATTAGAGCAAAAAGAATTAAAATAATAGGTTTTTGTAAAATTCCTTGAATACTTGCTCCTAGAAAACTTGCTATAACTCCAGCAATAGCATAGGCTAAGGACATGAAAAAAACATAGATAAAAGAGAGAAAAAAACTATATTTTTTTGAAAATTTAGCATTACTTTTTGCTATGATGAGAGAAGATAAAATCGGAATCATAGGTAAAATACAAGGTGTTAAGGAGAGTAAAAGTCCATAGCCAAAAAAACTTAGCAAAATCCAAAAAAAGTTATCTGTTGCTAAAAAATTTGCTATAGTGCTTTCTTCAGATTCAATTTTAGTTTTTTTATCGGTTTTTTGAGTTTTGTAAGGTTTTGAAATTTCAAAAGCATCTTTTTTAGAAATGAGATCAAAGTACCAAGTTTGAGGATTATAACACAAGCCTTGTTCAGAACAGCCTTGAAATTCGAGTTTGATTAAATTTGTAGTATTTTTCGCAAAGCGCTCTAGTAATAAATTTGGTAAAGCTAAATTTAATTTTTGATAATAAACAATTTCATTACCTCTTGTAGAACTTTGAGGTAGATTAATCAAAGAACTTATATCTTTTTCATTTATATATAATTTAAGTTTCTTAGAATAAAGATAAATATCTTTTCCAAGTTCAATATCAATTGAGATAGAGTTATTATAAGAGTTCGATTTTACATTAAAAGCTTCGTTTAAAGACAATATAGAAGCAAAACATAAATAAAAACTTAATAAAATAATACCAAAAATACGCATAAATTTCCTAAAAACTTATTTTTTCTTTTGTTTTTAGCTTCAATTATAATTTATTATGGTAAATTTGCTTTAAATACTTTATAAAGGTTTGAAAATGCAAGAAAATAATTCTCCAAAAGCACAAAGCGACTGTTAAAAAGAATGAAATTTATGTTTCTGTTAAAAGAAAGAAAAGTACAATAGAAGCATGAAAAAGATTTAAAGAATTTGCAAATTGAGCTTTTGAAATTTCAAAATCATGTTAAAGCTAAGGGTTTAAAGGTTCTTATACTTATAGAAGGACGTGATGCGGCTGGAAAAGGTGGAGCGATTAAATGTTTGATTGAGTATTTAAACCCGCGTGGTTGCCGCGTTGTGGCTTTTGAAAAACCTAGTGATGTGGAGAAAACACAGTGGTATTTTCAGCGTTATATAGCACATTTTCCCTCAGTCGGTGAGATTGTGATTTTTGACAGATCTTGGTATAATCGCGCAGGAGTAGAACCGGTTATGGGTTTTTGTACACCGCAACAACATAAAGATTTTTTAAGAGAAGTGCCTTTGTTTGAAAATATGATTTCAAATAGTGATATTATTTTTTTTAAATTTTATTTTTCAGTATCAAAAGATGAGCAAAAAAATGTTTTGAAAAACGCCGAAGTGATCCACTTAAACAATATAAATTATCTCCTGTGGATCAAAAATCACAAGAATTATGGGATAAATATACTTTAGCTAAATACTCTATGCTTTTAGCATCTAATACTCCAACTTGTCCTTGGACTATTATTTCTTCTGATGATAAGAAAAAAGCAAGATTAAATTTATTGCGTTTTATACTTTCTAAGGTAGAATATCCAAATAAAAAAAACTGGAGATTTTTCCAAAATTGATGCAAAATTAGTGTGTAGTGGAGAAGAAGAAATACGAAAAATGGAGGCGAATTTGGAAAAACTTGACAGTAAAAAAGCAGATGAGAAAATAAAAGATTTAGATTAAGGAAAAGAATGCAAAAGCTGGTTGAAAATTTAGCACTAAAGTACTATGATAAAGTAGTTGATTTAAGACATCAAATTCATATGCATCCTGAGCTTGAATTTGAAGAAGAAAATACAGCCCATTTAGTGTGTAAAATTTTAGATGAGTTTGGCATTAAATATCAAAAAAATATTGCAAAAACAGGAATTTTAGCTATTATAGAAGGAAAAAAGAAGAGTCAGAAAAAACCAAAATGTGTTCTTTTAAGAGCGGATATGGATGCTTTGCCTGTGCAAGAAAAAACTAATCTAAGCTATGCTTCAAAAATTGATGGTAAGATGCATGCATGTGGACATGATGGACATACAGCAGGGCTTTTGGGAGCTGCTTTGATATTAAATGAGCTTAAAGATGAATTTTGTGGCACGATTAAATTTATGTTTCAGCCCGCAGAAGAGGGAAGCGGTGGAGCTAAACCTATGATAGAATCAGGTGTATTGGAAAATCCTTATGTTGATGCAGTTTTTGGTTGTCATTTATGGGGGTCTTTGCTTGAAAATACTGCTCAAATTGTAAGTGGTGAAATGATGGCTGGAACGGATATTTTTGACTTGGAATTTATTGGTAGAGGAGGGCATGGAGCTCATCCGCACACTTGTATAGATCCTATAATTATGACAACGCAATTTGTAAATAATATACAAAGTGTTATTTCTAGACGTTTAGCCCCTTATGAAGCAGGGGTGATTACCGTAGGTCAAATTTGTGCAGGAACTACTTATAATGTTATTCCTACAAATGCTTATTTAAAAGGAACTGTGCGTTTTTTAAATGATAAAACACAAGATATTTTAAAAAGTTCTTTAGAAGAAGTGGCTGCTGCTACAGCAAAATCTAATGGTGGAGATTATAAGCTTAAATATACTAAAGAATTTCCTCCATTGATTAATGATGAAAAAGCTGCTTTAATAGCAAGAAAAGCTTTTGCAAAGGTCTTAGGAGAAGAAAATATCATTGTTTCTTCTAAACCTGACATGGGGGCTGAAGATTTTGCTTTTTTAACACGAGAAAGAATGGGAGCTTATGTATTTGTTGGAATTTCAAAGGATTTAAATCATCCAGCTTTGCACCATAGTTCTACTTTTTGTTGGGATGATGAAAATTTAAAAGTTTTAATGCAGGGTGATGTGATGATGGCTTTAGAATTTTTAAATTTATAAAATAGAATTAAAAATTCACAAAAAATTCACAAAAAATGAGTAAAATTTAATCTTGATTTTTCTCTAGGATTTGTTATTATGAAAAAGAAGATTGTTTTAATCATTTTAATTGCAATACTTGGAAGTGTTGGGGCTTATTTTATTTTTTTTAATAATGATGAAAAAATCAGCTATTTAACTCAAAAAATACAAAAAAAAGATATATCTCAAACCATAGAGGCAGTAGGAAAGGTATATGCCAAAGATCAAGTCGATGTGGGTGCTCAAGTTAGCGGACAAATTATAAAACTTTATGTGGATGTGGGAACTCATGTAAAGCAAGGTGATTTGATTGCTCAAATTGACAAAGATAAACAACAAAACGATTTAGATATTACAAAAGCTCAGCTTGAAAGCG
NZ_CP068567.1_gap18	622361	626064	3703	GCTAGACGCATAAAAAGTGATGGCAGTGAAGAAATGCTTAATTCTAGCGAGTTAAAAATAGGTGATATAGTTTTAGTTAAAGCAGGTGAACTTATACCTAATGATGGAGAAATTATAGAAGGTGCTGCAAGTGTTGATGAATCAGCTATTACAGGTGAAAGTGCACCTGTTATGCGTGAAGCGGGTGGTGATTTTTCTTCTGTTACAGGTGGGACTACGGTTTTAACTGATTTTTTAAAGATTAAAATTTTAGTTGGAGCTGGGGAAAGTTTTTTAGATAAAATGATCAATCTTGTAGAAGGTGCTGCGCGTCAAAAAACTCCAAATGAAATTGCTCTTAATACTCTTTTAATTGCACTTAGTTTGAGTTTTTTGGTGGTGGTTGTAAGTTTATATCCTTTTATACAATTTTTAGGCGTGAGTTTGCCTATTTCATGGTTAGTAGCATTGCTTGTATGTCTTATTCCTACAACTATAGGGGGACTTTTATCAGCTATAGGAATAGCAGGTATGGACAGGGTAACGCGTTTTAATGTGATCGCACTTTCAGGTAAGGCTGTTGAAAGTTGTGGTGATGTTGATACTATGATTTTGGATAAAACAGGAACGATTACTTTTGGAAACCGTTTGGCAAATGAATTTTATGAAGTTCAAGGTATAAACAAAGAAGAAATGATTAAAGCTTGTGTTTTATCCTCTTTAAAAGATGAAACTCCAGAAGGCAAAAGCATAGTTGCATTGGCTCAAAAAATGGGTTATGAATTAGAAGGTAATGATATTAAAGAATTTATAGAATTTAGTGCTCAAAATAGAATGAGTGGTGTGGATTTGCAAGATAATACAAAAATTCGCAAAGGTGCTTTTGATGCTATAAGAGCTTATATAAGCGAAATGAATGGAAAAATTCCTAGCGATTTAGAAACTAAGGTAATGGAAATTTCAAATCTTGGTGGCACTCCTTTGGTAGTGTGTAAAAATGAAAAAATTTTAGGAGTGATTTATCTAAAGGATACAGTAAAACCAGGGCTTAAAGAGCGCTTTGACGAGCTTAGAAAAATGGGTATAAAAACTTTAATGTGTACTGGAGACAATCCTTTAACAGCAGCTACTATAGCTAAAGAAGCAGGGCTTGATGGATTTATAGCAGAATGCAAGCCTGAAGATAAAATAGAAGCCATTAAAAAAGAACAAGCCCAAGGTAAGATAGTAGCCATGATAGGAGATGGAACCAATGATGCTCCAGCTCTTGCGCAAGCTGATGTAGGTATAGCTATGAACTCAGGAACTCAAGCGGCCAAAGAAGCAGCCAATATGATAGATCTTGATTCTAATCCTACTAAAATTTTAGAAGTGGTTGAAATAGGAAAAGGTTTGCTTATTACTAGAGGCAGTCTTACAACTTTTAGTATGGCAAATGATATTGCTAAGTATTTTGCTATTTTACCTGCTATGTTTAGTGTGGTTTTACCTCAAATGCAAATTTTAAACATTATGCATTTAGCTACCCCGCAAAGCGCTATTTTATCAGCACTTATTTTAATGCTATTATTATACCTTTGCTCATACCTATTGCTATGCGTGGAGTTAAATTTAAGCCTATGAAAAGCGAGCATTTGCTTTTAAGAAATTTAAGTATTTATGGTTTAGGTGGTATGATCGCACCTTTTATAGGGATAAAAATAATTGATATTCCTATAGCTTGGATACTTAGAATTTTAGGAGTGTGATATGCTTAGAACTTTGCTTAGTTTTTTTGTGGTAATGCTAATATTGTGTACTCTTATTTATCCTTTTGCTTTAAATACAGTTGCAAAATTTATTTTTCCTTATCAATCAAGTGGAAGTTTAGTGGATAAAGAAGGTCGTCCGACTTTGGATGTAAGCAAAGCGGTAGGTTCAAAGCTTTTGGGTCAAGATTTTAATAAACCTTATTTTCTACATTCAAGAACATCTGTGTCAAATTACAATACAAGCGATACAAATGAAAGCAGTGTAAGTTCAGGTGGATTTAATTATGCTATGTCAAATCCTGCTTTAAAAGAGCGTGTGCAAAAAGATTTGCAAAAATTTTTAGATGAAAATCCGCAAATTACAAAAGAACAAATTCCTTTGGATTTATTAAGTGCTTCAGGATCAGGTCTTGATCCTCATATCAGTCTTCAAGCAGCCCTAGTGCAAATTCCTAGGATAAGTCAATCTTCAAAAATCACCAAAGAAGAACTAGAAAAAATCATTCAAGAAAATACCGAGTCTAAATTTTTAGGGATTTTTGGGGAAGAAAAGGTTAATGTTTTAGCTGTTAATATAGCTATTGCTAAAGCCATGAAAAAAGAATAAACATGCAAAGACAAAGTCCTGAACAAATTCTTAAAAAACTTGAGGTTAAAGCTAAGGAAGAAGAAAAAAACAAACTTGCAAAATTAAAAATTTTCTTAGGTTATGCTGCAGGTTCTGGAAAAACTTATGCTATGTTAAGTGAAGCTAGAACTTTAAGGGATAATGGAGTTGATGTTGTTTTAGGCTATATAGAGCCTCACGATAGACCTGAAACAATGGCTTTAACACAAGGTTTTGAAAGTATAGCTAATCTTGAAATTCCTTATAAAAATATAGTATTAAAAGAATTTGATTTAGACGCTACCCTTAAGAGAAAGCCTGCTTTGGTTTTAGTAGATGAGCTTGCACACACTAATGCTAAAGGCTTGCGTAATGAAAAGCGTTTTCAAGATATAGAAGAACTTCTAAAAGCAGGGATTGATGTTTATACTACTTTAAATATACAACATTTAGAAAGCTTAAATGATTTAGTCGCTAATATCAGTAAGATAGAAGTTAAAGAGCGTATTCCTGATCGTATTTTTGATGAGGCTGATCAGGTTGAACTTGTTGATATTGAACCTAATAAGCTTTTAAAAAGAATGCAAGATGGTAAAATTTATAAGGAAAAACAAGCTAAACTAGCACTTGAAAATTTCTTTCGCCAAGAAAGACTTATAGCTTTGCGTGAGATTGCCTTAAGAAGACTTGCTTCAAGAGTGAATTTAAGAGCAAGTGAACAAAGGCTTATTAATGATAATTTAGCTTATCATACTGGAGAGCATATTTTAGTTTGTATTAATGCTTCAAATGCAAAGGTTATTCGTGCAGCTGCAAGACTTGCTTTAGCTTTTCATGCTAAATTGAGTGCGCTTTATATAAAAAATCCCAATATTAAAGAAGCAAAAGCCTTAGAAGAAAATATAGAACTAGCTAAAAGTTTTGATGCTGAAATCATTAGCGTATATGATGATGATATAGCAAGACAAATTGCAGAGTATTCAAGCCTTAGTAATGTCTCTAAAATTGTTTTAGGCAAAAATAAAGATAAAAAAAAGTTTAAAGAAGAGATTTTTGAAGCTGTTGCTAAAAAAGCACCTAATATTGATTTATATCTTGTCAATGAAAATCAAATTTCTACTCCTAAAATACGAAGTAAAAAAGGTTTTGATTTTTTAGGTTTTTTAAAAATCACAGGAGTTTTACTTTTGGCAACTTTTATAGCTTTTGTATTTCATAAATTTAATACTCAACCAAGTAATATAGTTATGATTTTTATTTTAGCAGTTTTTGCCTCTTCTTTTATTTCTGATAATAAAATTTTCGCCTTTTATTCTTCTTTGGTAAGTGTTTTGATTTATAATTTTTTCTTTTTAGAACCTATTTT
NZ_CP068567.1_gap19	658091	658808	717	ACTTAAATCTTAAGGACTTTAAAGCTTTACAGGACGCTCTTAAAGATTTTTTGGTAGAAGCAGGAGTTATAGCTTAGAAGCTGTAGCTCTTATAAGTCATACTTTACATTGGGGATTAAATGAAGTTTTAGATTTAAGCTTAGATGAGTTTGAAGAAGCTTTGGAAATTTCAAAAGAATTTTTAAAGGCTAAGAGTTTTTGATTGTTTTATTTTTCAAAAAATAAATTTTTAAAATAGCAAAAAGAATAAAATCTAAACTTATTACAATTAGCCAAGTGGGTAAAATAAGCAATAAAGCAATGGGTGGCATAATCATCACTAAAATAGCAGTTATGATAATGCTTATAAAATAAGAAAAAATAAAAATAGCCATTGTATTAAAAAAACCATCACTTGCACTTTGATAGCTTATGTAAAAAGCAGGTATGAGCGTTGTTAATAATAAGGCAATATGTGAAATTATATCATCGTTAATAAATTTTAAAACTTTCATAGTAAAGATTTTAAAATACAATCGCTTAAAAAGGGTTGAATATGGAAAATGCTGGAAGTATTGGAATTGGTGTTATTTTAGGACTAGCGATTAAAAACGCAAGTGCCGTTGGCAAGGTAGTTAAAGATTTTAGCAATTTAGAAAAAATAGCAGCAAAAACTAAACTCGGCATTAGTGGATTGCAAAAAGAATTAAACACTCTTAAACTCAATGCCAATTTAAG
NZ_CP068567.1_gap20	666113	667002	889	TTTTATTTTCTAAAACATTGTAATGATACATAGCATCAAGCTCATCGCCAAAAAATTCAAGTCTTACTACTTCATCTTCATAATAAGCTGGATAAATGTCTATAATATCTCCTTGAACTCTAAAATCTGCACGATCAAAAAAATTATCATTTCTTTTATAACCCATATCTACAAGTTTTTTTAAAAGTTCTTTTTGTGAAATTTGCATACCTAGTTCAAAGATTAAAACCATGCCTATGTATTCATTTGGATTACCAAGTCCATAATTTGCTGAAACACTAGCTATGCAAACTACATCTTCATAACTTAAAAGAGAAGCAGTAGCACTCAGTCTTAAACGCTCTAAGTCTTCATTAGTGGAGCTGTCTTTTTCTATGAAAACATCAGTGCGTGGAATATAGGCTTCAGGTTGATAATAATCATAATAAGATATAAAATATTCCACATGATTTTTAGAAAAAAAGCCTTTAAATTCGCTATAAAGTTGCGCACAAAGGCTTTTGTTGTGACTCATGATAAGAGTGGGCATATTAAGTTCTTTAATGACATTTGCCATGGTAAAGGTTTTTCCACTTCCTGTAACGCCTAGTAAGGTTTGATATTTGTTGCCTTTTTTTATACTTTTTACTATACCTTTTATGGCTTCTTGTTGATCAGGACTAGGTTTAAATTCGCTGGTAAGTTCTAACATTTTTCTACTTTATTTTTATTTTTGAAAAAATTTTAAAAGAAAATGCTTTAATTAAAAATTAATTGACAATAAAAACCTAAATTTAAATTTTTTTCTGCTACAATATCAAATAATATTTTCCATAAATTACAAATTTTTTAAGAAGGCAAAAATATGTTTGATGAAAAAATAATCAATACTATGACAGATAAAGTAAAT
NZ_CP068567.1_gap21	694650	696932	2282	ATATTGCAAAAGAGCAATTGGACGCTGCAAATGATGAGATTGTAAGACTGGATAAAATTTTAGAGAATAAAGAAACTTATAAAAAAGAACTCGAAGAAGAAAAAATCAAACAAGAGCAAAATATTAATGAGATTAGAGTAAGTATTAAATCTGAAATGGAAGTTCTTGAAAAAGATAGAATGAGTGTTTATGATAAAAAAACCAAACTTGTGGGCGAGATGAATCAAAAAGTTCTAAGTTTTTATGAGAAAATTCGCAAATGGGCGAAAAATACTGCTGTAGTACCCGTTAAGAAACAAGCATGCTATGGATGTTTTATGAAAATTTATGATAAGACTTATATATCTGTTGTAAAAGGCGAAGAGATTGTAATTTGTCCTCATTGTGGAAGAATTCTTTATAAAGAGCAAGAAGAACAAAATTGATCTTTTTTTATTATTTTTTAACTTGGACGGCATTTTTATTTTGTGCTGTCTTTATTCTTTTGCTTTCTTTTTTAAAATCCAAATACAAAACTAGTTTAAAATCTCGATTTTTTCTTTATAAAAATTTACATCAAGAAAAAGCTGATGTGCATTTTCATGCTTGTTCTTACGGGGAAGTAAGAAGTATTAAAACTTTGGTTTTAAAATTTGATTCAAGAATAACTACTATTACTCAAACAGGTTTTGAATGTGCAAAAGAATTTTGTAAAAAGGTAAATTATCTTGCTTTTGAAAATTTTTTGCCTTTTTGGTTTAAGCCTTGTAAGGTTTTGGTAATTTTTGAAGCAGAATATTGGCTTATGCTTGTTTTTATGGCACGTATTTATAGGGCTAAGATTATTTTGCTTAATGCAAGAATATCTGATAAATCTTATCATTCTTATCAAAGATTTTCTTTTTTTTATAAAAAAATTTTTTCTTATATTGATGAAGTTTTTGCTCAAAGTGATTTAGATAAAACAAGACTTGAAAGTTTGGGAGCTAAAAATGTTAAAATTTTTAAAAATATTAAGGCAAATTTAGAGATTAAAAATAATAAAATTTATACCAAACCTAAGGAAAAACTTATCATTTTTGCCAGTACGCATAAGGACGAAGAAGAGCTTTTGCTTGATCATTTTAAACTAGAAGAAAATGAAAAACTCATTATCGCCCCACGACACCCTGAGCGTTTTAAAGAAGTTGAAAATTTGCTTTTAAACAAAGGTTTAGAATTTGAAAAATTTAGTTCTTTAAAAGATGAAAATAAGAAATTTTCTAAAAAAATTTTGCTTTTAGATGCTTTAGGGGAGCTTGTAAATTTTTATGCAATTTCTGATGTTGTTGTGCTTGGAGGTTCTTTCATAGAAGGCATAGGAGGACACAATCCTATAGAAGTGGCATATTTTGACAATGTATTAATCAGTGGGAAATTTATTCATAATCAAAAGGCTTTATTTGAAGAAGTAGAAAATGTATATTTTTGCGAAAATTTAAAAGATTTAAATGATAAAATTCATTATTTAAATTTAAAAGCTAAAATTTCCAAAAAAGAAAATTTAGATCTTATCGTACAAACCATACAAAAGGGAATTGATGCAAGAAAAAGCTTATAAACTCTTAGCTTTGCAAGAAAAAATTTCAAATCGTGAAGCTAAAGATTTGATTGATAAGGGTTGTGTTTTTTCACATGGAAAAAAAGTTGTGGTTGCTAGAGCTTTGATGAGCGATAAGGCAAGATTTAATGTGATTAAAACCAAAAATCCTCAAATTATTTTTGAAGATGATAAGATTATTGCTATTAATAAACCTTATGCTTATGTGAGTGAAGACTTGGAGAAAAAATTTAATGCCAAGCTTTTAAATCGTTTAGATAAAGAAACAAGCGGTGTGATTTTGCTTTGCAAAGATGAAGATTTTAGAAAGCTTTGTATAGAAGAATTTAAAAAGCACAGAGTTTATAAAAGTTATATTGCGGTTTTAGATGGGGTTTTGGCTGAAGAGGTTGAAGTGAACGAGCCTATTTTTACTATAAAAGCAAAAGGCGGGGCGTTAAGTAAAGTTTCAAAAGATGGTTTAAGTGCCTTAAGTATCATTACTCCTATTATGATACAGTCAAAAAAAACCTTAGCAAAAATAATCATTCAAACAGGTAGAACTCATCAAATCAGAGTACATGCTAAATTTATAAAACATGGTGTTATAGGCGATGAAAAATATGCTAAAATTTCAAGCGATAGAATGTATTTGCATAGCTATGAAATTAAAATTTTTGATTATCATTTTAAGGCTAATTTAGATAGTGGTTTTACAAAATTT
NZ_CP068567.1_gap22	708762	710299	1537	ATTCGTAAATTTAGCTATAAAAGCACGATTATAACCTTGTTCATCTTTGAAAAAATCAACAATGAAATTATTTTGATATAAAATTTTTTCCAAAATTTCTTTTTGATCATAGCCAAATTCGCAAGCTAAAAATTTAACTTTTTTATCAAGGGAAAAATGTATGATTTCTTCTAGAATTTCATATCCTTTTTCTCCGCCAAATAAAGCCTCTTTGGGTTCTTTTTGCACCCAAATATCTATAGGATATGAATTTTTAATATAGGGTGGATTTGAAAAAATAAAATCATAATTTTCTTTAATTTGCTTAAAATTACAAAGTTTAAAGTCAATCAAGTGATCGACTTTGTGTAATTTGGCATTCTCTAAAGCTAATTCTAAGGCTTTGGGATTGATATCACAGGCTGTGATTTTTAACCCAAGTTCTTTGGCTAAAACAATGCTTAAAATTCCGCTTCCAAATCCTATTTCTAAAATCCCATTAAAAGTATTTTTTTTGCATAAATTTAGAATTTGAAAAAGTAAAATTTCACTATCGTAGCGAGGGATTAGAACGCCTTTTTTTATCTTAAATTCTAAGCCCCAAAAATCCACTTTTTCAAATATATATTCAAAAGGTTCTCCAGATTTAAAACGCCTTATAAGCTCAAAATAAGGTTCATGATCTATTTGTATATCTTGGTTTAAAAATAACCAAGCTTTATCTTTTTTTAGATATTCACAGAGTATAAATACTGCTTCATTTTCATAACCTTTTAAGCTAGATTTAGCTTCCATAAGAGCATTTTTTATAGTCAAGAAAGAGCCTTGATTCTATCACTAATACTTGGATGACTGAGATAAAAAAATGTATATATTTTACTTGTTTTGATAAAAGCTTTATTTTCTCTTGCTAGAGCTATCAATGCATTTTTCATATCTTCTTTGCTTGTAACTTTAGCTCCGTGTTGATCAGCCGCAAATTCATTTTTTCTACTTAAGGCATTAAGCATAGGAGAGATTAAAAAGCTAAAAATATTTGCAAAGATAAATAAAAGAGCAAAAACGCCACCATTTACTCCTTCTAGATGACTTTCTAAGTAAACAAATTCAGGTAAATTTGCAAAAACAAAAAAAAGTAAAAACATAGTTATAGCGCCGTTAAATAAAGCTTTGATAATATCCTTATGAACAAAATGTCCAAGCTCGTGTCCTAAAACAGCTAAAAGTTCTCTTTCATTTAAGGCTTTTAATAATGTATCAAAAAGCACCACTCTTTTGCTTTTAAAAAGTCCACCAAAATAAGCATTTAAACGCTTATCTCTTTTGCTTGCATCAATAACATAAACCCCATTTGCACTAAACCCGCATTGTTTCATTAAAGAGCTGATTTTTTTCAATAAATTTTCATCGTCTAGTTTTTCCATTTTATTAAAAATAGGTGCTATCAAGGTAGGGTAGATGAGATTTATAATCACTATAATGCAAAAGGCAAAAATAAAGGCCGCAATCCACCAAAAAATTCCAAAAAAATCATAGCAAAAAAGCAAAGCATAAAGGA
NZ_CP068567.1_gap23	737144	740780	3636	ACCTTGGGTTAAAATACAATAAAGTTCGCATTGATTTTCTAAATTTTTTAATAATTTTAAGCCTAAATTGACACTGCTTGAACCAGAAATTCCCAATAAAACCTTCATTGTATAATTATCCTATTTTTACCCACTACGATGCCTTGTATAACTTTACCTTCTTTGTTTTTTGCGCGAATCCTTTCGCCCATATTTGCACTTTGCAAAGCCACAAGTTCGATTAAAACATCAACATTTGCTTCGCTTAAAACCCCGATTATAGGATCATTTCGGCGTATTAAAGCTGTGGTTTTAAACATATTTGCTCTCAAAATGGTATTTTTGTTAATGTTGCTTTTAGCTACAAGATTATCCACATCATCTAAGGTTAAGGCATTTAAAGGAACTTTATCAAAATCAATCAATACGCTTTTATAGTCAAAAGCTCCAAGTTTATCTCCTCTTTTTATAGCGCGTTCGCTTTTTAAAACTTCTAAATTTGCTTGAATGAAATATCTAAAAAATACATTTTTTTGTATATTTTGCGGAGTTTTAAATTCAGCCCTTAAAAAGCCTTGTGCTTGATTAAAACGTCCATTAGCGATTCTTAGAAATTCATATTGATCAAAATCTTTAGGCAGTGATGTTATTTTTAAATCAATTTGAGAAATTATAATTTTAGGGAAATTATTTCTAAATTCTTTAGCTAGTGCTGTTTTGATTTCTTCTAAACTAGCTGCTTGGATATAATTTATCACAATAAAAAAAGTTAAAAAAATAATTTTCATTTTTATCCTAAGAATTTATAATGCAATAAATAGTATTTTAGCTTTTATAAGTTTAACAAAGCCTTTAGAAGGCTTTGTATAGAGTTAAAAAGCAGGGATAACAGAGCCTTTGTATTTTTCTATGATAAAATTTTTAATTTTATCGCTTGTTAAAATTTCCTTGATAACAAGACTTTTTTGACTTGTTTCTTCGCCTCTTCTTGCAGCTAAAACAATAGCATATAAACTATCTTTATCTTCTATAAAAATACCATCTTTTAAAGGGTTTAAACCTGCTCCAAGAGCATAGTTTGTGGTAATAACAGCCAAATCAGTATCATTTAGGGCCCTTGGAAGTTGTGCGGCTTTAAGCTCTATAAATTTAAGATTTTTTGGATTTTTACTTATGTCAATAGGGGTTTTAAGGGTGTTTTGACTTTTAAACTCTATTAAATTTGCTTTAGCTAGCAAATCAAGAGCTCTGCTTTCATTAGTAGCATCATTAGGTATAGCGATTTTAGCACCATTAGGAATGTCTTTTATATCTTTTATGGAGTTAGAATATATAGCCATAGGAACTAAAACAATAGCACCTAAAGAACTTAAATTTGTTCCTTTATGGGTATTGAAATCATCTAAAAAAGGTTTATGCTGATATAAATTTGCATCCAAATCTTTCTCATTTAAAGCGATATTAGGTATATTATAGTCATTAAATTCTTTAACTATTAACTTCCAACCTTTTTCTTGAAATAAGGGTTTGGAGAAATTTAAAATTTCGGCATAAGGTGTTGGTGTTGCACCTATGATTATGGTTTTATCTGCTCCAAAACTAAGACTAATTGTAAATAAAACACTTAAAAATATTTTTTTAATATTCATCTATACTCCTAAAAAGCCGGGATTAATATATCTTTATAATGTTCATTAATGATGGCTTTAAATTTATTGCTTCTTAAAATTTCATCAATTACTTTGGTTTTTTCGCTATTTTTATCTTCTGAGCGTACCACAACATAATTTACATAAGGGCTATTTTTATCTTCCCTAAAAATAGTATCTTTACTTGGATTTAGACCGGCTCCAAGTGCGAAATTAGAATTAATTATAGCAATATCAACATCATCTAAAGCCCTTGGAAGTTGTGCAGCTTTAAGTTCTATAAATTTAAGTTTTTTTGGATTTTTGTTTATGTCCAATGGAGTTTTTAGAGTATTTTTGTTAAGCTCTATTAATTTTGCTTTCTCTAAAAGCTCTAAAGCTCTGCTTTCATTGGTGGCATCATTAGGTATAGCAACTCTAGCACCTTCTTTAAGATTTTCTAAATTTTTGATTTTTTTACTATAAACTCCTACTGGAGCTATAAGTACAGGCGTTGTTGCAATTAAATTTGAACCTTTCTTTAGGTTGTATTCTTCTAAAAAAGGTTTGTGTTGATATAAATTTGCATCAAGTTCTTTTTCCTCTAGTGCACGATTGGGCAAAATATAGTCTGAAAATTCTACTATTTTAAGCTCATACCCTTTGTTTTTAAAATCATCTTTCATTAGTTCTAGTAAGTTACCAAAAGGATTTGGAGTGGCTCCTATAGTAATGTTTTGTGCAAATAGACTAGATAAATTTAGAATGCAAGCGAGTATAATAATTTTAAATAAATTCATAAAAACTCCTTTGTATTTAAGAAAAAAGTCCCTAGGTAAGGGACAAAATTAAAAAGCAGGTAAAACAGATCCGTTGTATTTTTCTATGATAAATTGTTTGATTTTATCACTTTGTAGAGCTTGGATTAAGGCTTTGATTTTTGGATCGTTTTCATGTCCCACTCTTACAACAAGAATGTTTGCATACGGGCTTTCTTTATCTTCGATAAATACGCTATCTTTTGCAGGATTTAGATTTGCAGAGAGAGCGTAGTTGGAATTAATTACAGCAAAATCAACATCATCTAAAGCTCTTGGAAGTTGTGCTGGCTTTAATTCTACAAATTTAATTTTTTTAGGATTATCTATAATATCAAGAGGTGTTTTTAAAGCCTTATCTTTAAATTTTACCAAACCTTTTTTTGCAATAATATCTAAAGCTCTACTTTCATTGGTTGGATCATTTGGAATGGCGATTTTAACCCCTTCTTTAATATCATCTAGACTTTTATATTTCTTGGAGTAAACAGCCATAGGTTCTATGTGTATGGCAGCTACTTTGATAAGTTTGGTGCCTTTGTTTTTATTAAATTCTTCTAAATAAGGAGTATGTTGGAAAAAATTTGCATCGGCTTCTCCGTTATCAACAGCTAGATTAGGCAAAACATAATCTGTAAATTCTTTAATTTCAAGCTTATAGCCTTGTTTTTCTAAATCAGGTTTTACTTGTTCTAGGATTTCGGCATGAGGGACAGGGGTTGCTGCAACTGTGATGGTTTCTAATGCATTTGCATTAAGGCTTAATGTTAAAATACTTGCTATAAATAAAGATTTGATTTTCATTTTTTTTCCTTTTTAGTCATTTTGTGCTTGCTTTAATCTTAATAAATTCACTCTGACTATCAGGAAGAAGCATATAAAACTTGTTGATAGTCAGATTAGCGCATCTGATACATCATTTTAATTCCTTTAATTTTTTGTTTAAATTTTACTTAAAAAAACTTATATTTATCTTAAAAGGAGATATAATCTCCTTATTTTTTGAAACCTTTATAAAGCAAACTTCCTAAAAATAAGATAAAAACAATTACTTGCCAAAAGAAATTTTCATCATTTTTTATATTGATAACTATGTTAACTCCAAGTAAAATCAATAGAGTGGCAATGATATATGTAGTTTTACTATTTTTAGCCCAAGTATAAAATAAATTACCTAGAATTTGAACTAACTGAACTAATATAAGTAAAAT
NZ_CP068567.1_gap24	763851	767397	3546	ACTTCTACTATACCAGGACTTACTAAAACTTTGCGTCCTTTATAGCTTTTACAAAGTTTATAGCTTGTGCTCATACCTTTAAAATTTCCATTAAAACCATCATCTATGATAAATTTAGGCTCTCTTGAAAGCACTTGCAAGCGATGTTCTACGGAATTTATATTTAAAACTTGCTTTTGAATTTTTTCTAGTTTTATGCCAAGATAATGAGCACAAAGTATACAAACACAAAGATTTTGCGCATTAAAATCCCCTAAAATTTGACTTTTAAAATCATAGGATTTATTTTCTATATCGACTTTAAATTCTAAACCTTCAAGACTTGAATGAATAAGACTTAATTTATCATCATAAAGGCTGATGAGTTTATCTTCTTCTTTTTGGGTACTAGAGTGTAAAAAAGCTTTTTCTAGTCTTTTGGAATTTAAGGCTTCAAGTTTGGTTGAGCGGATATTTTCAACACTTTTAAAATACTCTAAATGTGCATTGCCTATCTCTCCTACTATGCTGATTTGAGGTTGTAAAAAACGAGTGATTTCATCAATATCGCCTTTAAGTCTAGCACCTGCTTCAGCTATGTAAATTTGAGTATCTTGGCTTAAATTGGTATTGATATCAGCAATTATACCTAACAAGGTATTGACAGAGCGTGGTGTTTTGTAGCTTTTAAAGTCATCTTTTAAAAGTTCGTATAAAAAATTTTTAATACTTGTTTTTCCAAAACTTGCGGTAATGAGTATGATTTTTAAATTTTCATTGGCTCTTAGTTTGGCTTTGGCTTGTTTTTTATAATATAAATTTGTAAAAAACTCATAAATTTTAAGACTAAATAAAGCAAAAGGAAGACTAAAAAGATTAAAAAGAAAAGAAAAACGCAAAGCAAGTATAGCAAAAATAGCATTATAAACAAAAACAAAAACAAAAAACCATTTAACCTTACTTGTAAAAACAAGCTTTTTATCTATACCTTTGTTCCAAAAATACAAAATCGGAGTATGGATCAATGCAAAATATGCTAAAGAGTATAAAGGAAAAGCTAAGAATAAAAAATAAGGAATAAATAAAAAATACAAATGCCACAAAGGTTTATGATAATGAAAAAACACGCGTTTAAATTTATAAGAATACCATTGTAAAGCACTCATAAGATAAAAAGCTATACAAAAATTAAAAAATAAAGAATTGATAAAATAAAGAGTATTGATAAGCATTTAAATTTCCTTAATTTTTTGAGCTATGAAAGCAGAATGTTTTAAAAAGAAAAAATGATCCCCTTCTAAAGGATAAAAAGTGCTATTTTTTAAAAGTTGATGTATTTTTTCACCACAATACAAAGGCGTAGCTTCATCGCTTTTTCCCCAAAAAACCAAGCTTTTAGCCTTTTGCTTGGCAAAAATTTTACTAAAATCCTCATCAACAACATTTTTAAAGGTTTCATACATCATAGGGCTAAGATTTGCTCCGTCTTTGCTAGCAAAATAGCGATAAAATTTTCCCAAACCAAAGAGTTTTAAAATTTTAAAAATACGGATTTTAAAACGCACTTTTAGGGATTTTTTAGCTAAAATTCCTGCACTTGAAAGTAAGATTAGGGTGTCTTTTTCCTTTGCGAGCAGGGTGCTTACTTTTCCACCAAAAGAATGCCCCATGAAAAAACAGACATTGAGTTTTTTTTGTTTTAAAAAAAGTTCTGTGATATTGGCATAATCTTGAGTGTTTAAAATTTCTTCCACGCTTGAATTTCCAAAACCTGCCAAATCCATATAAATTTGACAAAAATCTTTTAAAAAAGGGCAAAAACTTTGTTTCATAAGTTCTTTATTAGCTCCCCAGCCGTGTAAGATAAGTATTTGCGGCAAGGAAAGATCACCTAAAATTTCATAAGAAATTTGATAAGTTTTGTTTTTATAAGAAAGTTGAGTTTGAGCCATTTTAAGCCTTTTGATTTTTGTAGATATTTTCTAAAAGTTGCATGGCATTTTGTAAGCGTTCAAATTCTTTCATACTAAGCATTACAGCTTCAAATTTGTTATTTTTTAAAATAACTATTTTTCCACTTTCACTTTTTTTGAGTTTTTCCATAATGGGACTAAAATTTCTTACCATCTCGGTGGCAGTGTAAATTTCATCTTGTTTAAAAGAGAGCATTCTTCTTCCTAAAATACGCTAAATTTTATGTATAATTTAGCGTATTTTGACTTAAAAGCTTATAATTTTCCTTTTTGTCCATTGATGGAGTGAAGGAAGTTGTAGTTGATTTTTATCATTTTTTCAAGTGAAATTTGATCAGCTAAAGCGTTTAAAGTGGTATTAAAATCTTTAAAAAGATAATTAGCCAAAGAACCAGGGTTTGGGTTGATTTCATTTAAATATACTTCATTATCCAGTATAAAAAAATCGCAGCGTATTAAAGCACCTTTAAACAAAGGATTGTAGATCTTTTTAAAACTGTCTTTGAGTTTTTCTTTTAATTCTTCGCTTAAATTTGCTTCTATAAGCTCATTGTGTCCTGAAAAGCTAAGATATTTTTGTTCAAAGTCTAAAAATTCTTTTTTCTTTGGCTCTTCTATGATGGAAAAAACAAACTCATCATTGATCATGCATCCTGCAAGATTGTATTCTTTGATATTGTTTTTAAATTCTTCTACCACAAGATCATTATCAAATTCAAAACCTACATCTTTGGCGTATTCTAAATCTTTTTCATCTTTTACTATGCTAATACCTATACTACTTCCAAGTCTTGCAGGTTTGATAATGCAAGGAAAATTAAGCTTTTCTTTAGAGTTTTGATTTTTTCTTAGCATGGTATAATCAAGTGTTTTTACTCCAACGCTTTTGGCATAAAGTTTGGTAAGTTCTTTGTTAAAAGATAATACACTAGCTTCAAGTCTAGGTCCTATAAATTTAATAGAATAAAACTCAAATAAAGCCGCAATTTTTCCATCTTCTCCATCTCTACCATGGATAAGATTGATCACGTATTCGCACTCTAGTTTATTTTCTTTTAAAAAACCTTTGCTAAAAAAACCTCCTTGTTTAATGAAGAGTTCTTTTTCTTTTTTATAAGCTTTGGTGCTAAAAGTTTTAGAATTCATTTTTTCACTTGGGATATGATAAAATCTTCTTTCTTCATCGCAAAAAATAAATTCTAAATTTTGATTGATAACTTTTTTAAGTACCACAGCACTTACTATACTGATCTCGTGTTCATAAGAATTTCCGCCAAAAAGTATTGCAAATTTCATTTTATTCCTTTATCCTAGTTTTTTAAGAGCTTCTTTGATGAGTTCACTTGTGCTTGTTGCTTGAGCGCTTGCTAAAACACTTATGATTTTTTCTTGTTTAAAGCCTAGAGTAAGAAGTGCGGCTAAGGCTTCGCTTTTATCATCACTCACATTTTCAAGTTTGGTTTTTGTATCTGAAAGTTCTACTATAATGCGTTTTGCACTTTTTGGACCTATACCAGGTACTTTTTTAAGCGCACTTTCATCGCTTAAACTTAACGCTTTGTAAAAAGAATTTACATCAAGACTAGAGCATACC
NZ_CP068567.1_gap25	775399	776570	1171	AGCTCATATGCTAGAACATTTAAATTTTAAAAGTACTAAAAATTTAAAAGCTGGCGAATTTGATGAGATTGTTAAGGGTTTTGGTGGTGTGGATAATGCAAGCACAGGTTTTGACTATACTCATTATTATATTAAATGTGCGAAGAAAAATTTAGATAAAGCTTTGGAACTTTTTGCAGAACTTATGGAGAATTTAAATTTAAAAGATGAAGAATTTCAGCCTGAAAGAGCAGTGGTTTTAGAAGAGCGTAGATGGAGAACAGATAATAATCCTTTGGGATATCTTTATTTTAGGCTTTTTAATCACGCATTTATGTATCATCCTTATCATTGGACTCCTATAGGTTTTTTTAAAGATATAGAAAATTGGAGTATCGAAGATATTAAAGAATTTCATAGTATTTATTATCAACCTAAAAATGCAATTTTACTTGTAAGTGGCGATATAGAAAGTAAAGAAGTTTTTGAGCTTTCAAAAAAACATTTTGAAAAGATTAAAAATACTAAGACTATACCTAAAATTCACACAAAAGAGCCTAAGCAAGATGGAGCAAAAAGAATATATTTGCATAAAAACTCAGATACTGAACTATTAGCCCTTGCTTATAAAATTCCAAATTTCAAGCACAAAGATATACCTGCTTTAAATGCTTTATCCGAGCTTTTAGGAAGTGGGAAAAGTTCTTTAATGAGTGAAATTTTGATTGATAAATTAAATTTAATCAATGATTATTATGCTTATGTTAATGATTGTATAGATGAAAATTTATTTATTTTTATTTGTAATTGTAATCCCAATGTTAATGCAGAAAAAGTAGAAAAAGAACTTTTAAAAATCATTGATAAACTTAAAATGGGTAAAATTTCTCAAAAAGATTTGCAAAGAGTGAAAAATAATGTCAAAAGCGATTTTATTTTCTCACTTAACAATGCTAGCGCAGTGGCAAATATTTATGGTTCATATCTAGCAAGAGGAGATATCAATCCTTTGTTAAATTATGAGAAAGATATACAAAATTTGAAATTAAAAGATTTGATTTCTTGTGCTAAAAAATATTTTATTCAAGAAAATTCAACTACGGTAATTCTAAGAAAGGATTCAAATGGATAAAAATATTATCATTGGGGCGATGACGGCTCTTATTACACCGTTTAAAAATGGAAAAGTTGA
NZ_CP068567.1_gap26	782940	783629	689	CATGGGGATTGATACCAAAGAAGACTATGAAAAGGCTTTAAAAATTTATTTAGAAAAATAACTCCACCCCAAAACGGAACAGATCTTGCTTATATTATTTTAATATATTTAGGTTGAAGGCAGAAAAATCTAAATTAAGGAATTAATATGAGTATCTTTAGCATCAATGATAACTCAAACTATAATTCTATACTTTCACAAAGTAAAGCTAATAAAGAAAGTAAAGAAAATTCTAAAATAAGTTTTGCTAATGCTTTTTTAAAACAAAATGCTAGTAAATTAAATGAAATTCAAAATGCAAATTCACAAACTCTAGCAAGAAGTGAAGTATTAAATTCTACTAATACAACAAATACTAGCAATAATACTAATTTTAGTATAAGTAGTAAGACAAGTTCTCCTAATTATGATATATCTAGTGAATTTAAAAACTCTATTTATACTCTAAAATACAAACAAGCAGATATAAGTAATAATACAGCCTATGGTTATAGTGTAGATAAAGATGGTTATATGGGAAGTGATTTTAATAAAGCTGCGGGACTTCCTGAAGATTTTAAGATACATAAATCTACTTTGGATGAGATTAAAAAAGCTGCCGAAAATGATCCTGTTGTTTCAAGTACAAAAGAATACTTAGGCGTAAGCGAGTATTATACTAATATCGATATGGCTGAAACCATAAAACA
NZ_CP068567.1_gap27	931616	935700	4084	TTGATAAAAACTATGCCAAATCAATTTTAATAACCACAAGCGAAATGGTAGCAGATGATCAAGGATTGATTTTTGATGCCTTTATTTTCGCTGCAGCAAACTATGTAGCACAAGCCTCTATCAATAAAGAATTTTCAGTGATTATTGGATCAAAGTGTTTTTTTTATGCTCCGCTTAAATTAGGCGATGTTTTAGAACTTGAAGCTCATGCACTTTTTGACGAAACCTCCAAAAAAAGAGATGTAAAAGTGGTTGGACATGTTAAAGAAATTAAAATGTTTGAAGGAACGATACAAGTTGTTAGCACCGATGAGCATATATTTAAACTCAAGCGTCCGCCACTTAACACTGTTAAACCTACAGAAAATCAAGAACAAGGTGCCAAAATCAACAATCCAGAAGCCGTAGCAGCTGCATTAATGGCCTCTGTGGGTGGAAAATAATCAAGGAGTCATTTTAATATCTACCCAATTTTTTGGGCAATCCTTATGATAAGTTCCGCTTCCATCATAATACTCTTTACAATCATCATAAAAACGATTTGAAATCCCTCTTTCATTTACAAAACATCCAGAAATTCCTAAAGCTAATAGCACCATTAAAGTATATTTTTTCATGTTTTTCCTTAGAATTTATTGTGTTTTCTCCATTTATAAGGCTCTATAGGATTACTCTCTTTCCAAAGACCTAAATGATTTTTCTTAGCATTTTCTTGTTCTTTGATATAAGCGTTACTATAGTAAGTATCAGCCCAAGCATAACCTTTGCTTACCAAAAATCGATTAATATCAACATCATTAAGCTTTACAATAGCAACAATTCTACCATAAGTATCTTTATTTTTATAAATAATTTCAACTTGTTTGCCACTTAAAATTCTACTTAAAGCTTCTTTTGACTGCTTTCCAAAACTTTGTTTAAGTTCTGGCGCATCTATACCAAAAAATCTTATTCTAGTGAGTTTGTTTTCATGATTAACTTCTATAGTATCTCCATCAATAATTCTAACTACTTTTCCTTCAAAACTAGAATTTTGGGCAATATAGTTCTGGATAAAAACAACTACAAGAGTAAAGATTAATACAGAAAAAAGTTTTTTTGGATCACTTAGTAATTTTCTTAAATTAAATAATTTTTTATAATTTATTCTCATTTTTTAATCATTTTGCCTTTAAATTTTAAAAAATATGCCATAATTTTATCAAAACAAAGGAGATAAAATGCAAAATGTTATAGAAAATTTTAAACAATTATGCAAAATTCCTCATTGCAGTTATGAAACAGAACAAATGAAAGAATTTTTAAGCTCTTATGCTAAAGATAAAGGCTTTAAAGTGAGTGTAGATAAAGCAGGAAATATCCATGCCATAAAAGGCAAACCAAAAATTTGTCTACAAAGCCATTATGATATGGTCTGTATGGGTGATGCACCAAACTTAGAAATTTATGAAGAAAATGGCTTTTTAAGAGCAAAAAATTCAAGTCTTGGCGCGGATAATGGTATAGGTATAGCCATCATGATGAGCGCTATGGCTGAATTTGAAAATTTAGAGTGTCTTTTTACAAATGATGAAGAAGTAGGACTAATGGGAGTAAATTCACTCGAGCACACTTTAGAATCTAAAATGCTTTTAAATTTAGATCATGAAAGCGATGATGAGATCATGATAGGCTGTGCAGGTGGAGTAGATATAGAAGCAAGTTTGTCTTTTAATACCCTTAGAAAAAAAGGTAAAATTTATGAGCTTTGCGCACAAAATTTTAAAGGTGGACACTCAGGCATAAATATCATACGCAATGAAAAAAGTTCCATCAAAGAAATGGCTAAATTCATACAAGAAAATGAAGGAGAAATCATTTCTTTTGAAGGCGGAGAAAGAATCAATTCTATACCTAAACACGCCAAAGCTTTAGTGCATTTTAAAAATGAAGTAAAGAGCAACGACTGGATAAAATGCGAATTTAAAGAAGAAAATGAATTTGAAATTTGCGATCAAAGTAAAAAACTTTTAAGCCTTATAAATTCTTTTACTCATGGAGTTAGAGCTTATGATGAAAATCTAGGTATAGTTCAAACAAGCATTAACCTAGCTACTTTAAGAATGCAAGATAAACAAATCAAAGTCGCACTTTTTGCAAGATCTAATATACTTGATGGACTTAAGCAAGTAGAATTTGAAACTTTAGAATTTTTCAAGGCTTTTGATTTTAAAGTAAGAAGTTTTAATTTCTATCCACCTTGGGAAGGTAAACCAAACGCACTTAGCGACATGGTTTTTAAAGCACTTAAAAAAGTATCGCCTAATGCCAAAGTTTCAGCTATCCATGCAGGGCTTGAGTGTGGCATTATAGAGAAAAAACAAGAGCTTTTATGCGCTTCTATAGGCCCAAATATCCATAATCCTCATTCAACTGATGAACATTGTGAAATCGCTTCAGTTGAAAAAATATCTAAGGTTGTTTTTGAGGTTTTAAAAGACAATGCTTAATTCTTTAATCTTACTTCTTGCAAAAACGCGTTTTAACAAAAACACGCAAAGCAAGGAGCAAGATCCCACTATAGTAAGATAAATACCTAAATACTCTTTATAAAAAGCATTAACTATAAAAGGGGTTAAAAAACCTAAAATCGCATAAGAAATATTATAAGCAAAGCTAATCCCACTAAATTTAAATTCGCTTTTAAAAATTTGCGTCATAAAAACAGGCGCAAAAGTAATAATACCTTGTGCAAAACAAGCCAGTAAAAAATAAAATAAAAAATTCTCATCATAAAAACTAAAAAGCATACCAAAAATAATAAAAGCTATACTAAAAATAGAACAAATCCTATAGCTTCCCCATTTGCTTGCTAAAAAACCTTGAAATAAAGCTCCAAAAATCACCGCTAAAATAGCAAAATTTTGAACCCATAAAGCAGAAGTTTTACTCATAGCTAAAAGACTTTCAAAATACTTAGGCAAAATCATCAAAGTTGCTACACCACTTGTTAAAACCATAGTCATTAAAAAACAAACAAGCATACTCATTTTATGAGTTTTTAAAGCTTCAAACAATGGAAAATTTAAAATTTTCTTTTCATTTTGAACTTTTATAAATTCTGGAGTTTCGCTGAGTTTATTTCTTAAAAACAAAGCTAAAATTCCAAAGAATCCTCCTATGATAAAAGGAATTCTCCAAGCATAGCCTTGAACTTCTTCTGGAGTAAAATAAGATCTTATGCCTAAAGTGGCAATATTTCCTAGCAATAAACCTATGGTTAAAGTCGCTGAAATAAAACCAAGAGCTAAAGGAATTTTACGCCCTTTGACAAATTCGCTCACATAAATCCAAGCTCCGCTCACCTCAGTTCCAACGGCTAAACCTTGCAAAATGCGTATAGTAAATAAAATCAAAGTAGCAAATATACCTATACTTTCATAACTTGGCAAAAAAGCTAAAGCAAAACTAGGCAAAACCATCAAAAGCATAGAAATATAAAAAATATTCTTTCTTCCATATCTATCAGCAAAATGTGCCATCACAATAGAACCAAAAGGACGCGCCAAATAAGCAGCACCAAAGGCTATATAAGCATTTATCTGCATCCAAAAAGCATCATTTTGCGGAAAGAATACCTTAGCAAAAATATCCAAAAAAAAGGCAAAAAGCACAAAATCATAAAATTCTAAAATTCCACCCAAAGAAGCATAAATAATATTTTTGTATTTTTTTTGCATATTTTATCCTAAATCAACTAAAGGGCAAAAAAGCCCTTTATTAAATTTTTCCACCTTCAATCACTACATCATCAGCCTTAACATCATCTCCAAAATGAGCTTTTAAAGTTTCATCATAAGCCTTGTGAAAAAACTGCTCTTGACCTAGTTTGATGATCAAATTATCGATAAATTCTTTAAGTTCTTTATCGCCTTTTTTAACCGCTGGTGCGATAACATCTTTATTGCCTAACTCTTTAATACCCATTTTAAAACTAGGATGATCTTTTACCCAAGCAAAAAGCAAGGTATTATCATGACTTAAAGCATCACCTCTTTTATCCATCAAAGCGGCAAAAGTTTCAGTATTTTGATCGTATTTTAAA
NZ_CP068567.1_gap28	1068793	1072414	3621	TTAAAAATTCCAATACACCACGCGGAGTGTTTTTGTTTACTGGATCAAGTGGAGTTGGAAAAACAGAACTTTGCAAAGCTTTAGCTGAATTTTTAGGTTTAAATTTAGAGCGCTTTGATATGAGCGAATATGCAGAAAAACATGCTATAAGTAAACTAATAGGATCTCCAGCTGGATATATAGGTTTTGAAGAGGGTGGACTTTTAAGCAATGCTATTCGCAAAAATCCTTTCAGTCTTGTTCTTTTTGATGAAATAGAAAAGGCTCATCCTGATTTAAGCAATACCTTTTTACAGATTTTTGACAATGCTGAACTCACCGACAATAGCGGTCTTAAAGTAGATTTTAAAAATACAATCATTATTATGACATCTAATCTAGGACTTAAAGAAAGCAATGAGCTTGGTTTTTTAAGTAAAAATGAAGAAAAAAGTAATCGTGCTATCAAAGATTTTTTTGCTCCAGAATTTATTAATCGCATTGATAAAATTTTACATTTTAATGATTTAAACGATGCTATACTTGTTAAAATTATCGAAAAAGAACTTGATGAAATTTCTAAAAATTTAAATAATATAAAATTATCAGTGGATGATAAAGTCAAAATTTATTTAGCTAAAAAAGCCTATAATAAAGAATTTGGAGTAAGGCTTTTAAAACGCATAATTTCTGAGGAAATAGGAGAAAAAATCAGTGATGAAATTTTATTTGGAAAGCTTAAAAAAGGTGGTATAGCTAAAATCAAACTTGGTAAAAATGGAAAGCTCGAATTTATATTCTAAATTACTCAATGCGCCTAAAAATGCTCCTGTATTTTTAAGTCAAAATTTAGAAGCTGATTTTATTGTAAAAGCTTATACTTTTGGTCTATTCCCATGGACAAGTAAACCTGTAACTTGGTGGTGTCCAGATCCTAGATGCATTTTAATTCCAAATCAAATTCACATCCAAAAAAATATGAAAAAATTTATTAATCTCTATCAAATTAAACTTGATTATGATTTTTTAAAATTAATTACATTATGTCGCGATACACGCTCTCAAAGCTGGATAGATGATGAATTTATTACCACTTATTATAAGTTATTTACCCAAGGCTATGCGCATAGCCTTGAACTTTATGAAAATAATGAACTTATAGGTGGAATTTATGGTTTAATTTTAGGCAAGGTTTTCTTTGGTGAAAGCATGGTAAGCATTAAAAAAAATGCATCTAAAGTTGCCATGATTAAACTTTGTGATTTATTAAAACCTTATGATTTTATCATAGATTGTCAAGTTTATAACCAACATTTAGAATTTATGGGTGCTCATAATATTTCTAGGAAAGAATTTTTAAATATTTTAAAAGAAAAATGCAATCAAGAAAGTGGTTTTAAAAATTTTAAAGATTTAATTACTTAAAAAATAAGCGTGAAAATCACGCTTATGACATTGCTTTAGCAACTTCAGCAGAGCTTTCACGAATTTTCTCCATACATTCTCTTGCTTCTTTTGCAAGTTCAACACTCTGATTAACATCCTCTAAACCGCTTTTAATACTCTCAACCACTTGTGATGTAACATTACGAATAGAATTAATCGTAGTGGTAATTTCATTAACTGAATGCCCTGTTCTTTCAGCTAAATTTCTTACTTCATCAGCAACAACAGCAAAACCTCTACCATGTTCACCAGCACGTGCTGCCTCAATAGCAGCATTTAAAGCAAGCAGATTAGTCTGATCAGCAATATCACTAATAGTCTGAATAATAGATTTAATTTCATCTGATTGTTGATTTAATGAGGAAACAAGATTTGAACTTTGAGACATCATATCAGCAATATTCTGAACATTTGAAACAGTGTTTTCAATTACACGATCTCCATCTTGAGTAAGATTATCATTTTTTTCTGCAAGTTCGCTTATGAGGCGAAGTTTTTCTTGATCTTTTTTAACTTGTTCGCTTATATCTGTAGCAAATTTAATAACCTTGTAAATTTTTCCATCATCATTTTTAACCGGATTATAACTTGCTTCAAGGTATACTTTTTTATTATTTCTTCCGTATCTTATATATTTACCTGATTGAAATTTGCCCTCTCTTAAATCTTCCCAAAATTGAACATAGTCCTTAGAGTGTCTATAATTAGAATCACAGAACATACTATGATGCTTTCCTTTAATCTCATCAATATTAAAATCCATAGTTCTTAAAAAATTTTCATTAGCCGTAATAATAGTCCCATCAGGTTTAAATTCAATAATAGCCATAGAACGATTAGCAGCAGCAATAGTATTTCTAAGATCAAGCATTTCATAATGTCTTTGAGTTATATCATTGGCAAATTTAATAATTTTATAAACATGACCATTATTATCACTAATTGGAAGATAATTTGCTTCTAAATAAACATCTATCCCTCCCTTAGCTATACGTCTAAAAAGACCACTTCTGGCTTTTCCATCTCTTAAATCTTTCCAAAAATCACTATATGCTGAAGAATTAACAACTTCAGGCAAACAAAACATACTATGATGCTTGCCCTTGATCTCTGAAAGGGAGTATTTCATAGTTGTTAAAAAATTTTGATTTGCCTCTAAAATAACGCCATCGGTGGTAAATTCAATTACTGCCATGGTATTCCCAATAGATCTTAAAATATCTCCTAAACCATTACACTTTTTTTCAAGTTGTTCAATTATTTCAGTATTATTTTTCTTAGCACCAAACATAAAACTCACCTTTTTAATAATAAATTATTTTAAAATTATATCATATTTATATAGTATTATTTACTTAAAATTATATTAATTTATAAGTTAAATATATCCTTTAAACCTACAATAATCATCTTAAACCCCATAGCAGCAATAAATACTTGTGCTATACGAGAAAAAACATGTAAAATCAATTTTCCAACTATTTTTTCTATAGTAGCTGCAAAATGAAAAAGTATAAACATAAAAATAAAAGCTATCATTACTCCGCCAAGAGCAACATCAAGCCCACCATCTTCGGCTATAACGATAACACTAGCTAAAGTTCCAGGCCCAACAAGCATAGGAAATGCCATAGGTATTAAACTCTGTCTTAAAATTTCCTTATCATCCATATCCTGATAAAAACTAAAATCCTTAGTTGCAATTTTTGTTGAAAAAAGTAAATTTTTAATAGCCATTATAATAAGAACCAAACCACCAGAAACCCTTAAATCATCTAATGAAACCCTAAAAATATAGTTCATAAACAAAGGTCCTGATAATAAAAATACCAAAACTATAGTAAAAGCTGTATAGAGAATAGTTCTAAAAAGTTTTTTTCGAAGCATTAAAGGCAATCCATCACTCATAGCCAAAAATTGAGTTAAATTACCAAAAGGATTTAATATGGCAAGTAAAGTAATTGCAGCAAAAAACATCAAATAAAGCTCAGAACCCATACTAGAAAACACTATCAATCCTTAGTTTTTACAAATTCCAAAGAAATAGAATTTACACAATGTCTTACATTTTTAGCAGAAAATCCTTCTCCTTCAAAAACATGACCTAAATGTCCATTGCAGTTTGCACATACAATCTCGGTTCTAATCCCATCTTTATCAGGAATTCTTTTAACAGCCCCTTTTATTTCATCATCA
NZ_CP068567.1_gap29	1075489	1079503	4014	CCTGCTATAGCTCTTTCAACAGCTTCAACTAAATCATTTTGTTCTACATATTTTTTAGAATCCCTACCCGCTAAAAGCGCTGCTTCATTAATAATATTTGCAAGATCAGCTCCTGCAAGCCCTGCGGTTAAGCGTGCTATATCTTCTACTTTAACTTTTGGGGAGATTTTGACATCTTTCATGTGCACTTTTAAAATATCACACCTACCTTTAAAATCAGGTTTATCAACTAAAACTTGTCTATCAAACCTTCCTGGTCTTAAAAGCGCTGCATCTAAAACTTCTGGGCGATTTGTTGCTGCTAAAACAATGACTGGGGAACTTTCTGTCCCAAAGCCATCCATTTCAGCCAAAAGCTGATTTAAAGTTTGCTCTCTTTCATCGTTTCCACCCATCATGCCACTTGCTGCACGACTTTTACCAATAGCATCTATTTCATCTATAAAAACAATAGCAGGAGCTTCTTTTTTTGCATTTTCAAATAAATCTCTCACACGAGAAGCACCTACACCCACAAACATTTCTATAAAAGACGAACCTGAAACACTAAAAAACGGCACATCAGCTTCACCTGCAACTGCTTTTGCAAGCAAAGTTTTTCCTGTACCTGGAGGCCCAACAAGTAAAAGCCCTTTTGGAATTTTAGCTCCCAATTTAATATATCTTTCAGGATACTTTAAAAAATCTACAATTTCTTTTACTTCTTCTTTAGCTTCTTCAACACCAGCTACATCGCTAAATTTTACTTTAGGTTTTTCTGAATTTACAAGCTTCTTAGAACTTCCTATACCCAATATAGAACTTCCCATATTTTTTTGCATACGACTTGCCAAAAACATCCAAATACCAAAGAAAATAAATACTGGTAAAACCCATGAAAAAAGTATATCTGTAAACCAATTTGTTTCAGAATACGCACCATAAGCGATATTTTTACTATCTAGTAAACTCACAAGCTCAGGATCATTAACTTTTTTTGCTGTATAAACAGTATTGTGAGAGCTTGAAATCGCTTTGATTGTTGTTTGTCCTATGCTAACTTGATTAATTTGCCCACTTTCAATAAGCTTTTTTAACTCAGAATAAGGGACATTTTTATTTACTTCATTGCCATTCAATGCCCCGCCAAAAGAACCATTGCCATCAAAAAATCCCTTAAAAATAATTATCATTACAATTGCAAAAATCGCAAAAATAAAAATGGGATTTTTGTTAAAAAAATTATTACCCTGCGGATTACCCTTATTATTTGGGGTATTATTATTCATTACTTATCCTTTTTTATTATTTTTATATACAAAACTACACCACTCATTGATTTGCATTTCATCAATGAGTTCCAAATCTTGAAATTTTTCTTTAATTCTTGTTGAATATTTATCTAAAATTCCCGACAAAATAAGTATAGCATTATCTTCTAAATGGTTTTTAATATCTTTTTCTAAAATTAAAATCACATCTGCAATGATATTTGCAACAATTAGATTATATAAACCATTTGCTTTATCTATAGATCCACACCAAGCCTTGTGAAAATCAACACCATTTAATCTTGCATTTTCTAAAGAACTATCAATAGCCAACTCATCAGTATCACAAATTTCAACATTGCAGCCAAACTTTGCCATAATAATACCCAAAATTCCACTACCACAACCAAGATCTAAAGCTCTTAATTTACTTTTAGAAAATTTTTGTAAAAATTTTACACAAGAATATGTGCTTTCGTGATGTCCTGAGCCAAAGGCTAAGGCTGGATTAATCTTTATATTTATAAAATTCTTTTTTTCTTCTTGCCAAGTGGTATGGATGTAAACATTATCCACTAAGATAGGTTTTATGCCTTTTTTATATTCTTGTATCCAGTCCTTGTTTTCTTTCTCTACAAGACTTAAATTAGAAATAATTTTATGGTTTAAATTGAAAGTAGTTGTAAGTTTTTGAGCAAATATTTCAAGTGCCCATGAAAGCTCTTCCAAACTCTCATGGGATCTAATGTAAACACCATTATCTTTCTCTTCTATGGCTTCTATACCTAAATCAAAAGCAAAATCAAGAAATAAATTTTTATACCGCTCTTCTACGATAAAGAACAATTCGTAATATTTTTTTTGCATTTAGAATTTTAAAAATCAGCCTTTACTCAGCTGCACCTTCTCCACTTCCTGTTCCTAAAACATCTTCAAGTTTTTCCTTTAAAACTTGTGGAGTAAAAGGTTTTACAATATAGTTATTTACGCCAGCTTTTAAAGCAGTAATCACTTCAGCTTTTCCGCCCTCAGTTGTAACCATGATAATAGGCATATCTTCATATTTTTTCTCTGCTCTTACTTTTTTTACCAACTCCAAGCCATTCATTTCTGGCATATTCCAATCTGTAATTAAAACTTTTACATCTTCATTTTTAGTTAATAAATCCCAAGCTTCAACGCCATGCTCAGCTTCTAAAACATCATCGTGTCCAAGTCTTGTTAGGGTATTTTTAATAATCCTTCTCATAGTAGAACTGTCATCAACAACTAACAATTTCACAATTTCGTCCTTTCAAAGTTTTTATAGTTTTATTTTACCCTTTTTAGCCTTATTAATCAAGCTAAAAAATTTTAAAAAACAGCATTATATCATCTTTTACTTAAATTTTTACTCAAATATTATTATTTTTATACTTAACCGTAAATAAATATACACTTAAACCTAAAAGAAGCAAGCTCACTCCACCGATAAGATAAATCGCATAAATCATCTGAGAAAGATCACCAATAGCAAGTTTAAATACCAACATCAAAGCTTCTATAGCTAAAGCAATGATAATAGAACCCAAAAATCTCACCATAGTTTTTTGAATTCCACCTTCTTCTTTTTTTGTCCTTCCTAATACTTCTTGTTCGATCAAAGTTTTTGCCAAATCAAAAATAGCTAAAGCCAAAGTTATAGCGATGGTACTTTCAAACATATGTTCTATACCTGTAGCTTGATTATCAAAAAGACTAAAAAAACCTTTTTGAAATAAAAAACAAGTAATCACAAATAAAACCAGTGCGAAGCAAAAATATACCGCACGACTAAATTGAGTAAAAACAAACTCAAATTTTCCTGCTTGAATAATCTTTAAAATATCTTCAAGCTTGATATCAATACAAACAACAAAAAGCAAGTTATTTTTATCATCGTAAATTGGCATAGAAGCTGTCACGCAAAGCTCATTATTTAAAACCGAAGGATAAGGATCGCTTAAAACACATCGTCTTAATTTTACAGCTCTATAAAAATAAGAACGAGTACTTCTATCCTCACCCTGTCCTATTTCATGAGCCTTATTTAAGGAAATCGCATTTTCTATTTGCATGCCTGAAATATCTAAAATATACAAAGCATCAAAAACAACAACTTCATGAGCTATTTTATCCAAAGCTGTTTTAATCGTTTCAAGGTGAATGTCAGGAAGTTTATTGGGTAGATTTCTTGTTAAAATATAACTCATATAAGCTCTAGCACGATAGCGATTATCTTCAAATCTTTGTATATCTTTTATATACATTATACACCTTCTTTATTGTGTTTAAATTCAGGTACAATCTTTAATAAAGCCTCTGAAATATCTTCACATATTTGTAAATTTTCTATCTCTTTATTAAGCCAATCAAGATCAACCTTCTCATTCTTTGCTACAAAAATACTCTCATATTGCGTTTTAGCATCATTTTCATCAATCAAAAGCTCTTCATAAAGCTTCTCACCTTTTCTTAAGCCTGTGATTTTAATTTCTAAATCATTGCGATTAGAAAGTAAAAGCATTTTTTTAGCTAAATCTATGATTTTCACAGGCTTACCCATATCCAAAACAAAAAGTTCTCCCCCTTTTGCGATAGCCCCAGCTTGTAAAACAAGTTGCACTGCCTCGGCCACAAGCATAAAATAACGCACTATATCAGGATGCGTTAAAGTTAAAGGCTCATTATTGGCAATTTGTGCTTTAAATTTTGGTATCACACTACCACTAGAACCTAAAACATT
NZ_CP068567.1_gap30	1192806	1193456	650	AGATGTAGATGCAGCAATCATTTTTTCAGATATCTTAGTTGTTCCTCTTGAAATGGGTATGAATTTACGCTTTGAAAAAGGAGAAGGGCCTATTTTTGATAATCCTATTTCAACCCTAGAAGACTTAGAAAAACTTGACGATCAAAATGCGCATAAAAAATTAAATTATGTCTATGATGCCTTAAAGCTTACAAGAGAAAAATTATCTCAAAACAAGGCTTTAATAGGATTTTGCGGAAGCCCTTGGACTATAGCTACCTATATGATAGAAGGAAGTGGAAGTAAAAATTATGCAAAGTGTAAAAAAATGCTCTATCAAAACCCAGAACTTTTACATAAAATTCTAAACAAACTAACTCAAGTTTTAAAACTTTATTTAGAAGAGCAAATTAAAGCAGGTGCTAATGCTATACAAATTTTTGATAGCTGGGCAAGTGCTTTAGAATACGATAAGTTTTTTGAATTCTCTTTTAATTATATGCTTGAAATTTCAAATTTTATTAAAGGCAAATACCCAAATATACCTGTAATTTTATTCCCTAAAGGCATTAGCGGTTATTTGGATAGAATCGATGGTAGTTTTGATGTTTTTGGGGTTGATTGGAGCACTCCGCTTGATTTAGCACGTGATAAACTATCGCACAAATACA
NZ_CP068567.1_gap31	1195508	1196206	698	CTTTTTTTGAAAATTTAAAAAATCATTTTGCATGTAAAAAATTTTTTGATATATTTTGTTTATATTTCTATTTTGTCTAAAAGCAAAAATAAAAAGCGTTAAAGATAAAACAAAAACGCTAGAAAACATACCTATTTTCAGTTGTTCAGTAACACTATCAAGCTTTGAGATATCAATACTTAAATACGCTAAAATTAGATTAAAAATAAAAATTATCCCTGCTAATATCAAATCAATTTTCCTTTATCTTTTGCGCCGCTTTCTTACCCACAAGCATTGCAAGATCTTTAAAATCAGCCTTATATATAGATTCAAAATTTCCATAATACGCTAAAAGTTTTTGTATAACTCCAGAACTAAGTCCTAAATTTGCAAGCTTAGAACTTTTCAAGTCCTGTTTTTTCTTAGTATTTTGATGAAAGCTGATAGCAAAACGGTGTGCTTCATCTCTTAATTTCTGCAAGAATTGTAGTTTTTTATCGTTAATACTTAGACTAAATTCTCCTTTTAAAGAATGAATTTTATCCTTAGCGCCTCCTTTAGCTCTATGTGCTTTTGCATCGATTTTTTCTTTTGAAATAGCTAAAATATCAACATTTGCCCCAGTGCTTAAAATAATTTCTTTAGCCAAATCAAGCAAAACCTTTCCCCCATCTATAAGCCATAAATCAGGAGGTGGCATTTTATCAAAATCCAAA
NZ_CP068567.1_gap32	1223300	1227978	4678	GATACTACTCTTTGGTGCTTGCGAAGTTTTAGAATTTGTTTTTTCTGTATTTTTTATTTGTTCGTTAGATGATTTTTTTTCATTTTTTTGAACTATTTTTATAGGTTCAAAAGTTGTTTTTTCAGTGTCTTGAGAAATATTTTGAACCTTAATATCTTTAATAACAGCCTTTCTTAAAGCATTAATACTTGCTTCACTTATACCACTTTCTTTTAACTCATTAGCATATGACTTGTCATCTAAATTTAAAGTATTTGAACTGATGATCAATCTTTTTAAAATTTCAATTTTAGTTTTTTCATCTTCATTAATAACACTTTGTATATAAAGGCTTTTGAGCTGATGGTGAAATTTTACTTGCACTTCACTTTTAGAACCGATAAAATTTTTATCGAAATTTGCAAGTTCATTTTCATAAGCTCCAAAAAGAGTTGTAAAAACAAATACTAAAAATACAAAAATTTTAGCCATTATTCACCATTAACCAATTTTTCCATAAGTTCTTTAACACTGATAAGCTTATCTAAACGATATCCATTTGCACCTGTAAAGAAAAGTCCTGTTTCTTTTTTGCCTGACCACGCATCAAAAAGCCTATCTGCTATACAATACCCTACTTTAGTCGCCTCTTTTCCGCGTCCACAAGGTGCTACACAATTGCTTATACAATTAATCTTTGGACCCATTCTTTTATCTACCAAATTTAAAAGATTAGTTCTAACCCCACGAGCAGGATAACCTACAGGAGATTTAATAAGCTCTATATCTTCTTCTTTAGAAGCTAGCAAAACACTTTTAAACTCTTCACTCGCATCGCATTCAAAAGTTCCTATGAAACGCGTTCCCATTTGAACACCACTAGCTCCTAAAGAAATAGCGTTTTCTATATCTTTTTTATCCCAAATTCCACCTGCAGCAATCACAGGAAAAGATCCCCAGTTTTTAGCCTCTTCTACCACAGGAGCGATTAATTTTTCTAGCTGATAATTTGGATCTAAGCACTGTTCATAAGTAAAACCTTGATGACCTCCACTTTTTGGCCCTTCTAAAACCACTGCATCAGGCAAGCGATTGTAACGGCTTTGCCATCTTTTACAAATAATTTTTAAAGCCTTAGGTGATGAAATGATAGGCACTAAAGCCACATCAGGAAAATCTGCAGTAAATTCAGGTAAATTTGTAGGAAGTCCAGCACCTGAAACAATCACATTAAAACCAACCTCACAAGCATCACGTGCTATTCTTGCATAATCATTACTTGCGCATAAGATATTACACCCCAAAGGCGCATCGCCGCAAACTTTTCTTGCATTATTAATCAAAGCTTGCAAACCCTTGCGTGAGTAAAAATTTTCACTTCCATAAGGTTTAGCGTTTAATTCTTTACTTGCATACTTTCTTTCTTCATAATATCCTGTTCCCACAGAAGAAATAATCCCAAGTCCACCATTTAAAGAAACTGCAGAAGCTAATCTATCCCAGCTTATGCCTAGTCCCATTCCTCCTTGAAAAATGGGATATTTTATAGTATGTTTTCCTATTTGTAAGGGTTGTAAATTCATTCTTTTACCTTTAATTTTGCAAATTTTCTTTTACCTATTTGTAAGATGTATTCTCCTTGTTCTAAATGCATTTGCTCGTCGCTAACTTTTTGAGAATTTACACTTACTGCATTAGCACTGATGCTTCTTCTTGCTGCAGAAGTAGAACTTTCCAAACCACATTCAACCAAAGCCTTAGCAAGCCAAATTTTTCCTTGTATTTCAAACTCAGCCATATCACTTGGTAAAGCATTTTGAGAATGAATTCTATCAAATTCAGACTTAGCATTATTAGCCTCTTCTTTGGAGTGAAAACGCTCAGTAATCTCTAAAGCTAAATTTTCTTTAGCTTTTTTAGGATGTAAACTACCTTGTTCTATATCTTTTTTTATCTGCGCGATTTCTTCTAGACTTTTTTGACTTAAAAGTTCATAATATCTAAACATCAATTCATCACTAATACTTAAAATTTTAGCATACATATCATTAGCTTTTTCTGTAACACCAATGTAATTATTTAAACTCTTACTCATTTTGTTTACACCATCTAAACCTTCGAGTAAAGGCATCATAATCACAGCTTGTTCTTTTCCTATGTTATAAACTCTTTGAAGCTGTCTTCCCATCAAAAGATTAAATTTTTGATCCGTTCCGCCCATTTCAATATCGCTTTTTAAAGCCACACTATCATATCCTTGAAGTAAAGGATACAAAAACTCGCAAATCGAAATAGGACTTTGCTCTTTAAATCTCTTGGTAAAATCGTCACGCTCAAGCATTCTAGCTACACTAAAAGTTGAAGTAAGCTCTACTATACCCGCAGCTCCAAGTTCATTAAGCCAAGTAGAATTAAACTTAATCTGTGTTTTTTCTTTATCCAAAACCTTAAAAACCTGCGTTTCATAAGTTTTAGCATTGATTAAAACTTGCTCTTTATCCAACTTTTTACGCGTTGCACTTTTTCCACTTGGATCGCCAATTTGTCCTGTAAAATCTCCAATCAAAAACTGCACAATAGCTCCATGTTTTTGTAAAAAAGCCATTTTTGTTAAAACCACGCTATGACCTAAATGTAAATCAGGCGCTGTAGGATCAAACCCCGCCTTTATAAAGAAATTTTCACCCTTTTCATAATAATTTTTAATTAATTTTTCTATTCTTTCTTCATCAATAAGCTCTGCACAACCACGCTTAACTTCTGCTAATATTTTTTTTATATCCATAATAAACCTTTTAACCTTCTTTATAAGCATCATTTAAAGATGTAAAATCTAAAATCTTGCAACGAGATTTTAACCTATCCTTGACACTATCTGGGTTGATATTATCAGGAATTTCCATTGTAATCTCAAAATAATCTACCGCCGAATTTAAATCACTTGATAAATTAATTGTTAATAGATTTATCTGCATTTTAGCTAAAAATGCCAAAAATTCCGCTAAAACACCTTTTTTATTTTCCAAAGAAAAAATCAATTTATAAGATTTAGGGATGTTAGAATCCCATTTTATAAATACCATATCTTGATTATTATCTATCATTTTATCAGCTCTATCGCAAAGCTTATGGTGGACAATAGCGTTACCACCTTTAACAAAAGCCAAAATAGCATCACCTCTTTTTGGATGGCAGCAAAAATCAAAATCCACATTAGCAATTTTATGGTTACAATATAGAGTAAAATTTCCTATTTTTTGTTCTTTAATCTCATATTTATCAAACCAATATGACTTCTTGGCGTATTTTTTAAGACCATTAACTATATCTTTTAAATAAGCACTATCTGTTGCTACTTGTCTAATACGTCTGGCTAAATTTTCTTTTTCTATCCAAATTTCAATTCTGTTTTTATCAACTCCAAAAATAAAACTTAACATATTAATAGAGCTTGCTAAATTAATCTCTCTGATTTTTTGCTTGCAAAATTCCCTTATACTTGCTTTTGCTTTTCCTGTTTTAACACTATCTATCCAAGAACAGCGATAAAATTTATCATTGCTAGTAACCACTCGCACAATATCGCCATTTTTAAGCTCGGTTAACAAAGGTACTTTAATACGATTCACATAAGCACTTTTTGCATGAAGTCCTACTTTGGTATGCACTTCATAAGCAAAATCAAGAACCGTTGCACCACGAGGCAAAGTGAAAATTTCTCCCTTAGGAGAATAAACTGCGACATCTTCAACATAAAGACTATCTTTAGCATATTCATAAAGCTCAATAGCATTATAATCTTCTGCATTTTCAAGATTGTTTATACTTTGCATTGAAATATCTGTAAGCCAATCAAGACGAGGCGCAACCACGCTGCCATCTTCTTTATATTTCCAATGAGCTGCTATACCAAATTCCGCAATTTTATGCATATCAAAAGTTCGAATTTGTGCCTCTATAATACTTTTAGCATCAAAAAGTGTGGTATGTATAGTTTGATAACCATTTTGTTTAGGCAAGGCTATATAATCCTTAAAACGCGAAACCAAGGGATTAAAATGTGTATGTAAAATTCCCAAAGCTAAGTAACAATCACTTACTTTTTCAACCAAAATTCTTACCCCAAGTAAATCAAGAACTTCTTCAATACCAATACCTTTTCTTTGCATTTTAAGATAAATAGAATAGCTATGTTTAATGCGTTTTTGAATTTCAAAACTACCTTGTCTAAAACCATTGCTCAAAAATAAAAGTTCGATTTTGGAAATAAATTCATTTAAACCTAGTTGCATTTCTTGATTATTAGAGTTGATATAATTGTCAATAAGCTTATACTCATCTGGCATAAGATATTTAAAACTAAGATCTTCCAAATAATTTTTTATGCTTGAAATACCAAGTCTATGGGCTATTGGAGCATATACAACTAAAGTTTCTTCGCTGATTCTTTTTTGCTTATCCTCTCTTAGAATATCAAGAGTAAGCATATTATGCAGCCTATCACATAACTTCACAATCAAAACCCCAACATCTTCAATGCTTGCTAAAAGCATATTTCTGAAAGTCAAGGCTGATTTAGTTAAACTTTTTTTAGATTTTGATGAAATGAGATTATCTTCTCTAATTTCTATAATTTTAGTAAGCCCTAAAACAAGTTTTAAAACCTCAGAACCAAACTGCTCTCTAAGTTCTTCTTCGG
NZ_CP068567.1_gap33	1386184	1390407	4223	TTGATAATAAGATTCCACAAGTTCATCAAGAAGTATTATTTCACAAGGCTGAGTATTTTTTATATTTTGCGGCTCACCTCCATTTAAAATTTCTTTTAAACTTTTGGATACAAAACTTACTCCAGAAAGAGATATATCTATAACAATTGAAAATCTTGTATTTATAAAATCAATTTTTTCTAAATATGCTAAAAGTTTCAACATTTCCATATTTGCAAATTTAGCACCAGCATAATAAATAGGACTGGAAGTATACGAGATAGTTTTCCAATCATCAGTATTTACAAAATAATTAAATATAGACTCTTCTTGAGAGCCTATATTGATAAATTTAGAACAATTAAATTTAGCAGCAAATTTAATTGCTTTAGAACTCATAATAACATTATTTAACTGATCTTGAATTTCACCATTGGTAAGTCGATCTAAGCCAGACCAAGCAGCATTATAAAACACTGCATTTTCATAGTCGTATTTTAGTTTCAATAACTGTTCAAAAAAAATTTCTAAATCATTGTCAATTGCCACATATTTAAAATTATCATGTTTTACACAACATTCCTTTTTTCTTCCTATAGCCAAAACCTTGACATCTTCTAATAATAATTTTTCAACCAAAGCTCTTCCTATATATCCAGTCGCTCCAAAAACAATTGCATTTTTCATAATTAAACCTCTAATCCTTTGAAACAATCAATATAAGGAGCATTTAAATCTTTATCTGATAATCCTACAGGATCTAGCGGCCAAGAAACTCCTACTGTTTTATCAAGAGGATTCAGAGAACCTTCGCTCTCTGGGTGGTAAAATTCTGTTACAGGATATAAAAGCTCTGATTCTTCGCTCAATGTCTGAAAAGCATGGCCACAACCTTCTGGAATATAAAGATATTTGCCATTGCTTTCATTTAGCTCGATTCCAATATATTTTAAAAATGTTGGAGAATTTTTTCTCAAGTCAACCGCAACATCATAAATAGCACCTTTAATACAACGTATAATTTTGACTTCAGCAAATGGATAATTTTGATAATGAAAACCCCTAATACAACCTTTAATAGAAGTTTTTGAATGATTAATCTGAACAATAGGTTTTTTTAACCCTATTTCCTTAAAATCCTCTATACAAAAATATCTTTCATAATAACCTCTATTGTCTTTTATTGGCTTTGGCTCTATGACATATACACCTGATATTATAGTAGGAGTAAAAATAAATCGACTCATGCTTCATAAACCTTTCTTGTTAATTCATCCATCTTAAATTATAAATAATTTTATTTTGTTTATTAATTGAAGGTCGAAATTCTTGCCAAGCAGTTGCTATAATCAAAACATTACACTTATTTATTATATCATTTAAATTTGCTTCATAATGAATTTTATAATCATAAGTTTTAGCAAAAATTTCATTAGCTATCGGATCGTAAGCATAAATATTTTTAAATCCTAGTTTTACAAGTTTAGAAATCAAAGTAGCGGATTTAGTATCTCTTATATCATCACTTCCTGGCTTAAAACTTAAACCTAGAATCGCAATATTTTCTTCCTTTGAAACCTCCTTGTCGATTTTATTAGCATAAAAATCAAGAATTTCATCATTTACTTTTAAAATATCATTCAAAATTTTTGCTTCATATCCTTTATCTTTACTTTTTTTATACAAGGCGAGAGTATCCTTAGGTAAACAATATCCACCAAAACCCATTCCAGGATACAAATAACTAGTTATACCAGCAGGATTTCCACTAAATCTTTTATCATTATGTAAAATTTTAAAAGCATTGATAATATCTATATCTCCTATACTTTGAGCAACCATACTCATTTCATTAGCATAGCTTATATTTAGACTTAAGGTAGTGTTGCTAAGATATTTAATAAATTCACCTGTATTTAAAGAAGTGAAAAAAACTGGTGCATTAAAAGGTTTATACAAATCTTCAAGCTCCTTAAAAATCTGTCCATTTTGAGTGCCTATAACAACTCTATCCGGATCCATAAAGTCACTATAAGCAAATCCTTCTCTTAAAAATTCAGGATTATTTACTATGTGACATTCTTTCCCAACTACAACTCCCAAAGACTTCAAATGCGGTATAAAAATATCTTGACAACTAGAAGGCGGAACAGTAGACTTAATCACCAAAATTGGTTCTTTTTGACATAAAGTTAGATTTTCGGCTGTGGTTTTAAGTGCACCTAACAAAAAACTCAAATCAGCACTTCCATCTTCACCCATAGGTGTGCCGATACAATAGAATATCATTCTTGCCTCTTTTAAAGCTTCTTGCACATTGTTAGTAATTTTTAATTGTTTCTCTAAAACACTATTTAATGCTTCTGATAATCCTTCTTCGTAAAATGGAATTTCTCCGTTATTAAGCAATGAAGCTTTATTTTTGTCTATTTCATATCCAATAACTTCAAATCCTTTTTTTGCAAATCCAACTGCCGTTGTAAGACCAACAAAGCCTAATCCAAAAACTGCTATTTTTAATGACTTCATAAAAGCTCTCCATTTTCTTTTTCAAATTTTAAAAATTTTAAAAATCTACCAATACCTTCATCTACTAAAATATCAGGATTGTAATTCAATTTATTTCTAGCTTTATCAATAATAGGACATCTGCGATTTGGATTATCTTTTAAATAATTCTTATCTTTCGAAATAGCAAAACTAATTTGCGGTTCAAAATTAAAAATTTCTTTTGAATGTTTAGCATATATATTTGATAAATCTTTTACAGAAATTTCAGGCTGATCAATACCTATATTAAAATAATCAAATTTTCCATAAACTAATGCTTTCAAATACCCTGAAATAGCATCAGCAATATAACAAAAAGTTCTTTTTGGAGATCCATCGCTAAGAATCTCTATATTTTCACCCTCCATAACTGCTTTAGCAAAATCAGCAGGAACTCTTTTATCTTCTATGCTCATACCTGGACCATAATTATTAAAAGGTCTTACTATAGTAATTGGGATATTAAACTTTTGCGCAAATAAAGAACACATTGTCTCTCCAAAACGCTTTGACTCATCATAACATGCTCTAGGACCTATACAAGCTACATTACCTCTATATTCTTCATCTGTTGGAATTTGACTAATATCAGGATCACCATAAATTTCAGAACTTGAAAAAAATAAAAAACCTTTGATATTTTTATCCTTATAAAAATCAAGCAAAGATCTCAACCCCCAAATATTTGCATCTAAAGTCTCTATAGGATAAGTCCGATAAAACATAGGACTTGCTATACTTGCTGCATGAATTATCAAATCAGCTTTACAAGCATTTTCCAAAAAATCAATTTTATCACTGATGATATCAAATTTATGAAGCTCTAAGGTATCTTGATATTCATGAGTTAAATTTTCCAACCATTTGGGCTTTCTTAACATAAAATTATCCAAAGCTATAATCTTGTTTATATTAAGTTCGTTAGCATATTTTGTAAAAAAATGAATGAAATAAAAACCTAAAAAACCAGCACACCCGGTAAATAAAATTGTAGAATTTTTAAATTTATTCTTTTGTTCCTGTGTTAAAGAATTGAAAATATATTCTAAATCTTCATTAACAATAGGATTTGTAAAACAATTGCCCATATATTTCTCCTTATTATATTAATTCCATAAAGCCCAAGGAGCTTTATTATTTATCCACATTTTGGTTAAATCATTTTTATCTTTTAAAGTATCCATACATTTCCAAAAACCATGATGTTTGTAACTATAAAGTTCACCATCTTGAGCCAAATTTCTTAGTGGAGCTTGTTCGAAAACAGTTTCATCACCTTCTTTTATATAGTCAAATACCTTGGATTCACATACAAAAAAACCACCGTTGATCCAACCTGCATTACTCAAACTAGCATCACCTTTAGGTTTTTCTGTAAAATTTTTTATGCGATTTGTATTGTTATCAATATCCAAGGCACCAAATTTTCCTTCAGGTAAAACAGAAGTCATTGTGATAGCCTTGCCATGGCTTTTGTGAAAATTTACTAATTCTTTGATATTCACATCACTTACCCCATCACCATAAGTAAGCATAAAAGTTTCATTGCCCACATAAGGCTTTGCATGTAAAATTCTACCTCCTGTCATAGAATCTTGTCCAGTATAAAGCATAGTTACTTTCCATGGCTCATGTCTGGTATTATGAATTTGAACAGAATTATCTGACATATCTACTGTTATATCGCTATACTG
NZ_CP068567.1_gap34	1415543	1418312	2769	TAAAAAACTTATGCAAACAAGTGGAAGGGAATTTGAAGACTTTTATATTTTGAGCCGTTTTGAGTTTTTAGCCCTTATCGAAGGCATACAAGCTCCATCATTAAAAAATCACACTTTAAAGGTTAGTTTGATATGAAAATCTCTTTAGAATGCAAAGATCTCATCATAGAAAAAACTTTAGAACTTTTTTTAAAAGATCATTTGGTAATGAAAAAAAATTGTGATTTCATCATTAGCGATGAAAAAATTCATACCGCAAAACCCTTATTTATCATCTCTAAAAACTCTCCATTTTTAAGCATACCATTTAGCAAAGAAGCCTTGTTTGAGTCTTTAAATGAATTTGATAATGCCTTAAAAGCAGCAGCTTTGCAACTTGCACTTGAACAAAAAAGACTGCTTGAAGAAAAAATTGACGCTATTGCTTTGGAATTTAAAAAAGATTATGAAAATAAAATCGATCTTGCCATAAAAGATCTTAAAAACAAACTCGTAAAAGCACTTAATGATGATGAATGATGAATTTATAAGCGTTAAAGACTTTTTTAATCACAATGAAAAAAGAAAAAAATTTCTTCAAAAACAAGAAATTAAACCTCCTAAAGAAAAAACAAAAAAAACTAAAGAAACAAAGCTTTATACAAATATAGAAAGTGGTAAATACAAAGGGAAAAAACTACTTTTACCTAGTCTTACAACAACAAGAAGTACTAAAAGCATAGTCAAAAGTTGTGTTTTTAATGTAATAAGAGAAGATTTAAGAAGTAAAATTTTCATTGAAGCCTTTGGCGGAAGTGCTTTAATAGCGGCTGAAGCACTAAGTAATTATGCTTTAAAAGCTTATGCTATAGAACTTGATATAAAAGCTTATAAAATTGCTTTAGAAAATGCTAAAAATATAGATCCGAATTTAGAAGTGATCCATGCAAATACTTTTGAAATTTTACCTAAACTCATAGAAAATTCAAAAAATGAAATCATCTTATATCTTGACCCACCTTTTGATATCAGAGAAGGTTTTAGTGATATTTATGAAAAAATTTATCATTTTTTAGAAAATTTAGATTTAAAGACTTTAAATTTAATCATTTTTGAACACCACTCAACCATAAAAACTCCCGAAAAAATCCAAAATTTTCAAAAAGTCAAAGAAAAGAAATTTGGATCAACTAGCTTAAGTTTTTACTCTTCTTAACTCACTTGGAACACTTTTTGCTTGATCTATCATCAACAATAGATTAAAGGAAGAATCCATGAGAGTTTTAACGATATTTTTACTCTTTATGACAAGCATTTTTGCAGTGCAAATCAAGGATGTAGCAAACACTGTAGGTGTAAGAGATAACCAACTTATAGGTTATGGACTTGTTGTAGGGCTTAATGGAAGCGGCGATGGAACAAGCTCTAAATTTACACTACAATCTATCTCAAACCTTTTGCAAGGTATGAATATCAAAGTAGATCCTAATGATATCAAATCAAAAAATACCGCAGCTGTTATGGTTACAGCCAAACTTCCAGCCTTTGCAAAAAGCGGAGATAAACTTGATATTACCGTTTCATCTATGGGTGATGCAAAATCTTTACAAGGTGGAACACTTTTACTAACTGCACTTCGTGGGATTGATGGTGAAATTTATGCTATAGCACAAGGCTCTATCTCAACAGGAGGTTTAACACCTAGACCAGGAGGAGCAGGTTCTCACTCAACTGCTGCAACTGTAATGGGCGGAGCTAATGTAGAAAGAGAAATTCCACAAAATTTTAGCCAAAACAATGATCTAACCTTAAGTTTAAAAGTAGCGGATTTTAAAACCGCAAACGATATAGAAAGAGTTTTAAATACTGTCTTTGGCGAAGAAGTAGCTAAAGCCATCGACTCTCGTACAGTAAAACTCAAAAAACCTGAAGATCTTTCAAATGTTGATTTTATGGCAAGAGTTTTAGAACAAGATATAGCTTATAAACCACAAAGCAAAGTTATCATCGATGAAAGAACAGGAACAGTGATTGCTGGAGTTGATGTAGAGGTAGAACCTGTTTTAATCACTCATAAAGATATCACTATAAAAATAGATCCAAACAATAACGCAGTAGCTAATCAAAATGAAATCGATATGAAAGATGGTGGTTTTGTAGATCCAAGTTCAAATACCTTAAGAATCAACAATGCCAAAAGCACAGTTGCAAATATAGCTAGAATGCTTAACAAACTTGGAGCAACCCCAAATGACATTATCGCTATTATGGAAAATTTAAAGCGCGCAGGTGCAATTAACGCGGATTTGGAGATCATCTAATGAAAGTGGATAATTTTTTAAATACTTATAGTATGAATAGCGCTTTACTTGATCGTGCAGCCAAAGCAAGAAGTTTAGAATCAAGCATCAAAATAAATGACAATGATATAGTTACAAAGAGCAAAGAAGATGAAGCCTTAAAAGAACAAACGGATGCTTTTGAGGCATTTTTTTTAAAGCAAGTTTTAGATGTATCTTTAAAAAGTCAAAATTCACTCTTTGGAAAAGATGCCAGCGATGAAATATACTCTTCCATGTATAATGATACCATGAGTAAAGCTTTAAGTGGAGGTATGGGTTTTTCAAAATTATTATACGATTTTTTAAAAGAAAGGGGTTAAGTTTTTTAAATTTAGGTCGATATGGTTTGTAGAGGATTATAACTAAGATCAAGGAGGCAGAAATGATCAATCCTATACAACAAAGTTATGTGGCAAATACCGCATTAAATACAAATAGAATAGATAAA
NZ_CP068567.1_gap35	1560854	1562673	1819	TATTTTAAGCATTTTCTACAATATCATTTATGATATTTTATAATTTTAAAAAATTTCTTTATATTTATACAATGTTTTTAAAAATTATCAAAATCAAATTTTCTAGCTTCGTATAATTCTTGCGCTACTTCAAGACTCATTTCCCAAAAAACAGCACCCATAGATTTTGGAATATGATTTTCATCTTCGTATTTACTATTTATGGCTTGATAAACCTCATCTCCTTCTTCGCAATCAACAGCAATACTTCCTAAATAAGGATATACTAAAACCCCAATTGGAGCAGTATCAAATATCTTATATAAGCCAACTTTAGGAAAATTTTCTTTCATAAAAGCTAAAAATTCATTTCTAGCTTTATAATCTGTCTTATTTTTATCAAAATAATTATCATATTTTGTTTTATTGATACAAAAATCATTATTTGGGATATTAAAACACATCCAAAAAGATTTTTTACCTCTTTTAATAGTATATTCTTGTATGCTACTAAGTGCTAAAGCCATTCCAATCCTTTATTTTGGCGTTTTAATAATTCTTTGTCTTTACAATTTAAGTTTTACTTAATATATGTTTATTTATAATCAAAGTGTTAAAAATTATATACAACGTATATTAAAATTTAAATTAAGGAGAATATCTATGGAAATAAAAGCCAATATAAGTAGCTTGGAAGATATATTAGCAGATAATCGTAAATTCTATCAAATACCAGACTATCAAAGACCATATTCTTGGGATAAAGAAAATTTATCAGATTTAATTGATGATTTATTTAATGCATACACAAATAATAAAAATGAAAATTATTTCTGTGGTTCTTTGGTTTTAGTGAATAATGAAAAAGATCAAAGGTTTGATATTATAGATGGTCAGCAAAGAATGACTACCTTCATAATTTTATCTTGTGTTTTTAAAGCCTTATATTGGGAACAAATAAATGATAAAGCAAAAGATTTTATATTAAAATCCATTCAAGACAGATACGAAGAAACAAAAAGGAAATTAAGATTTTTAACAAATGAATACAATCAAAATGGTTTTGAACAAAATATTTTACAAGGTATAAAATTTGAAGAATTTAAAAATATTAAAAAAATAGAAAATGACTTAAAAAATGATAAATATATTATAAATGCTTATTATTTTAAAAGCCTTTTACAAAATAAACTAAATGAATATAAAGAAATAAAGATAAATGATTTTATAATTTGGATATATGAAAAAGTAGTATTAACAGTTATAATTTGTCCATCTCAAGATAGTGCTATTAAAATATTTAATGTTTTAAATGATAGAGGTATGCCACTAAGCCCTGTTGATATATTAAAATCATCATTAATGTATGAGTTAGATAATGAAGATAGAAAAATATTTAAAGCAACTTGGAATTCTATAAATGACAATATTAAAAATAATGGGCTAGAGCTATTTTCCTTGTTAAATACATATTTATATTACACCATAACTTCAAATCCTAAAACTAGATTGGATAAAGAATTATTAGATAATTTTAAAAAAAATAATAAAAATTCATTAGAAATAATTAATGATATACAAAAATTTTCAAAATCATATATAGATTTATTGAAAATGGAAGATAAGTATATTTACCTATTAAGATATTTAAGACATGAAATATATTGGACTAGTATTTTAACAACAGCTTTATTTAATAATTATGAGTATTTTGATGAACTTAAAAAATTATTACTATCTTATTATTATAAAAATTGGATTGCTGGAAATACCATTGCCACAATAAAACAAACAAGTTTTAGAATTTTAAAGCTAGTAAAAGAAAAATCTAATATTCAAG
NZ_CP068567.1_gap36	1568467	1569441	974	AGCATAAACATATTTTTACGCCCAAATTTATCTCCAAAATGTGCCATAACTATACCACCTAAAGGACGTGCTAAATATCCAGCTGCAAATGCTCCATAAGTATTTAATAAAGCCCAAAATTCACTCATATCTTTAGGAAAAAATACATTAGCTATATATTCAGCAAAAAAGACAAAAATAATAAAATCATAAAATTCTAAAGTTCCTCCTAGTGAAGAAAGTCCTAAGATCTTAATTTCCTTTGTTTCAAATTTTGATTTTCTCATTGATTAATTACCTTAAATTTTAAAAACATTGTTTTTATTATACTATAATCATTTCCAAAATATTATCTAAAAATTTAAGGATAAATATGTTTAATTTTATAACCACTCTTTTAAAAACCAATCTTTATTTTTTAGAAGAAAAAACCACAAGCAAAAGTTCAAATCAAACCCATATAATCTCACTTAAACAATCTGATGATGAATTTTTAAATTTATTATTTTCTTTTTTAGTGCCACAAAACGATGAAGATAAGAATTTTATAGAAAAAACTCGCACAAAAATCAAAAGAAATGAGCATAATATTGTTCTGATAAAAAATCCAAATTTTAATGCTTTAATAGACACAGGGTTTTTAGATACTATTGACACATTAAAAGAAAAATTACATATCCATAAAACCGATTTTAAAGATATCACTCATATTATCTTAACACATGCACATCCTGATCATATAGGAGCTTTAATGAGCGAAGAAAATCTTTTTCCAAAAGCTCAAATTTTAATCGATAAAAAAGAATATGATTTTTGGATCAAAAGCGATAGACAAGAAATTAAAAACACCTTGCTTAAACTTAAAAATATAGAATTTATTAACCACTCTAAAGATTTGATCTTTCAAAATTCAGGCATTAAAGCCATACCTGCTTATGGACATACCCCAGGTCAAAATGCTATCATAATTGATGATAAAATAGTCTTTTGGGGAG
NZ_CP068567.1_gap37	1572655	1577480	4825	TAAAGAATGAGACATAAACATGGATATAGAAAACTTGGCAGAACTTCATCTCATCGTGCTGCCTTATTAAAAAATTTAACTATAGCTTTAGTAAATAGCGGAAAAATCGAAACTACTCTACCAAAAGCTAAAGAATTAAGAGGTTATGTAGAAAGATTGATTACTAGAGCAAGACTTGGAGATTTTAACGCTCATAGAGCAGTTTTTGCTTCATTACAAGATAAAAACGCTACTAATAAATTAGTGACTGAAATTGCCCCAAAATTCAAAGATCGCAATGGTGGATATACAAGAATCATCAAAACAAGAATTCGCCGTGGTGATGCTGCTGAAATGGCTTTCATCGAATTTGTAGCTTAATCAAATCCTAGCTTTTGCTAGGATTAATACTTCAATTAAATACCTTAAAAATAAAAAGTTTTAAATAATTATTTTAAATAAAATTAAATTTATTTATTTTCTAAAACCCTTGCTAAAAATTCAACTACTTATGCTAATATAAGTTTTTAATTTTTAATTTCAAGGATATGTTATGCAAGAAAACACTCGTTTACGCATTGCGATACAAAAATCAGGTAGACTTTCAAAAGAATCCATAGAGCTTCTTTCAGAATGTGGTGTTAAAATGCATATCCATGAACAAAGCTTGATCGCTTTTTCTACAAATTTACCCATAGATATTTTACGCGTTAGAGATGATGATATCCCTGGGCTTATTTTTGATGGGGTTGTAGATTTAGGCATTATAGGGGAAAATGTTTTAGAAGAAAATGAACTTGAACGCCAGTCTTTAGGAGAAAATCCAAGCTATAAGCTTTTAAAAAAGCTAGATTTTGGATATTGCCGTCTTTCTCTTGCCTTACCTCAAGAAAATAAATTTCAAAATTTGAAAGATTTTGAAGGCTTAAGGATAGCTACTTCTTATCCACAACTTTTAAAGCGTTTTATGAAAGAAAATGGGATTAATTATAAAAATTGTACGCTTACAGGTTCTGTTGAAGTAGCCCCTAGGGCAAATTTAGCCGATGCGATTTGCGATCTTGTTTCAAGCGGGGCAACTTTACAAGCAAACAATCTTAAAGAAGTTAAAGTCATTTATGAATCTCGTGCTTGTTTGATTCAAAAAGAAAATGCTTTAAGTAAAGAAAAACAAGCCTTAGTGGATAAAATTATGTTGCGTGTAGCAGGAGTAATGCAAGCAAGAGAATCTAAATACATTATGCTTCATGCTCCAAAAGAAAAACTTGATAAAATTCAAGCCCTACTTCCAGGAGTTGAAAGACCGACTATCTTACCTTTAGCACACGATGAAAAAAATGTAGCTTTACATATGGTAAGTAAAGAAAATCTTTTTTGGGAAACCATGGAGGCTTTAAAAGAAGAAGGTGCGAGTTCGATTTTAGTTCTGCCTATAGAAAAAATGTTAAAGTGAGTAAAAAATGCAAATTTTAGTATATGATAATTTGGATGAAAAACAAAAAGAAGAAGCGTTAAAACGCCCTGCTATAAGTGCGAAAGATGAAATTTCAAAAATAGTAAGTTCTATCATTAAAGAAGTGCAAGAAAAAGGCGATGAAGCTTTGATAGAACAAGCTTTGAAATTTGATAAGGCTGAAATTTCAAAGATTAAAATCACTCAAGAAGAAATCACTCAAGCAAGCAATCGTTTAGATAAAGATTTACAAGAAGCTATTTTAGTGGCTTATGAAAATATCAAAAAATTTCACGAAGCCCAAATCCCACATGAAATCGCTCTTGAAACTACAAAAGGCGTTAAATGTGAAGTTTTAACACGCCCTATAGAAAAAGTAGGACTTTACATACCAGGGGGTTTGGCACCTTTGTTTTCAACGGTTTTAATGCTAGCTATTCCTGCAAAAATTGCAGGTTGTGAAAAAATCGTTTTAGCAAGTCCTGCAAAAATCAATGATGCTGTGCTTTTTTGTGCTAAGCTTTGTGGCGTGGATGAAATTTATCAAATGGGCGGTGCAGGAGCTATAGCAGCTTTGGCTTACGGTACCCAAAGTGTTTTAAAGGTGGATAAAATTTTTGGCCCAGGAAATGCCTTTGTAACCGAAGCAAAACGCCAAGTAAGTAGCGATATAAACGGAGCAGCTATTGATATGCAAGCAGGACCTAGTGAAGTTTTAGTCATAGCTGATGATTTAGCTAATAAAAAATTTGTAGCTAGTGATTTGCTTTCACAAGCTGAACATGGTGCAGATTCTCAAGTGATTTTGGTGTGTTTAAGTCAAGATTTTGCTAAAAAAGCAAGTGATGAAGTCCAAAGTCAATTAGAACTTTTACCTCGCAAAGAACTTGCAAGCAAAAGTATTGCGAATTCACGCATTATCATAGCTAAAGATTTAAATCAAGCCTTAGAAATTTCAAATCTTTACGCCCCTGAACATTTGATCATACAAACTCAAAATCCACGAGAACTTTTAAAAGGTGTAAAACACGCAGGATCAGTATTTTTAGGAGCTTATTCTCCAGAGTCTATGGGTGATTATGCAAGTGGGACTAATCATGTTTTACCTACTTATGGACTTACTAAAACGCATTCTAGTTTAGGTTTGGCAGATTTTAGTAAAAGAATGACCGTTCAAGAGCTAAGCAAAGAAGGCTTTTTAGCTTTAGGTAAAAGTGTTGAAATTTTGGCACAAAATGAGCATTTAGACGCACACAAAAACGCTGTAACTTTTCGTTTAGAGAGCTTAAAATGAGTCAAAAAATCCTTTTTATAGATAGAGATGGCACTTTAATAGAGGAACCAAAAAGCGATTTTCAAATCGATACTCTTGAAAAATTGCGTTTTGAAAAAGATGCTATTCCCACTCTTTTAAAACTAAAAAAATTTGGATTTAAATTTGTTATGGTAAGCAATCAAGACGGTCTTGGAACACCAAGTTTTCCAAAGGAAAATTTTGAAATCGCTCATGAAAAAATGCTTGATATTTTAAAAAGTTGCGGTATAGAATTTCAAGATATTTTTATTTGTCCGCATTTTGAAAATGAAAATTGTGCTTGCAGAAAACCTAAAACCGCTATGTTAGAAGAGTATATCAAACACGAACTTTATGATAAGGAGCAAAGTTTTGTTATAGGAGATCGTGAGAGTGATATGATCTTGGCTTCAAATTTAGGCGTGCGTGGTTTAAAATACGGCGAACTTTCTTGGAAAGAAATAGAAAATGAAATTTTAAGTTCTTTTAGAAGCGCGAGTTATCAAAGAACTACTAAAGAAACAGATATAAAAGTAAAAGTATGCTTAAATGGGGGTAAGGTTAGCATTAAAACAGGTATTGATTTTTTTGATCACATGTTAGAGCAAATCGCTGTACATGGAGGTATAGGGCTTGAAATTTCTTGTAAAGGGGATTTGGAAATCGATGAGCATCATAGCGTTGAAGATGTAGCCTTAGCACTTGGAGCTTGTATCAAAAAAGCTTTAGGGGATAAAATCGGCATTGCAAGATATGGTTTTGCTTTACCTATGGATGAGTGTTTGGCAAGTTGTGCGATGGATTTTTGCAATCGCCCTCATTTAGTCTATAAAGCCAAATTTAAAAAATCTCATTTAGGAGCTTTAAGCACAGAAATGATCGAGCACTTTTTTTATTCTTTAAGCTATGCTATGGGCGTGAGTTTGCATTTAAAAGTTAAAGGCAAAAACGATCATCATAAAGCCGAAGGGCTTTTTAAAGCCTTTGCAAAAGCTTTGAAAATGGCAGTGAAAATAGAAAGTGAAAATTTAGCCAGCTCTAAAGGAGTGATATGAAAATCATCATCATCGATACAGCCTGTGCGAATTTAGCATCTTTGAAATTTTGTCTAGATAGATTAGGTTTTAATGCAACTATCAGTAGGGATTTAAAAGAACTTGAAAGTGCGGATAAGCTTTTTTTACCTGGAGTGGGTACCGCAAAAGAAGCAATGAAAAATTTAGAACAATTTAATCTTATTGATTTTATTCAAAATACCAAAAAACCTTTGCTTGGTATTTGTTTAGGTATGCAAATTTTAGGAAATTTTTCTGAAGAATTAAATCAAGAAACCTTAAAACTCATAGATTTTACAACTCAAAAATTTAAAGCTAAAGAAGGCTTTACTTTTCCACATATGGGATGGAATGAAGTTTATAGCTCTCATGCTTTGTTTAAAGGCTTAGAAGGGGCTTATTTTTATTTTGTGCATAGTTATTGTGTAGGACTTGGAGAATACACTATAGCAGATTGTGAGTATTCGCAAAAATTTAGCGCAAGCGTAATGAAAGATAATTTTTACGGGGTGCAATTTCACCCTGAAAGAAGTAGCGAGGCTGGGGAAATTTTAATTTCAAATTTTATTAAGGATATAGGATGACTCAAATCATACCCGCACTCGATCTTATAGATGGCGAAGTGGTGCGTCTTGTAAAAGGGGATTACGAACAAAAAAAAGTATATAAATACAATCCCTTGGAAAAATTCAAAGAATACGAAAAAGCAGGAGCGAAAGAACTTCATCTTGTAGATCTTACAGGTGCAAAAGATCCTAGCAAAAGACAATTTGCTTTGATAGAAAAATTAGCCAAAGAAGTCAGTGTCAATTTGCAAGTAGGTGGAGGTATACGCTCTAAAGCAGAAGTTAGAGCTTTGCTTGATTGTGGAGTAAAAAGAGTAGTTATAGGATCTATGGCAATTAAAGATGCGACTTTATGTCTTGAAATTTTAAAAGAATTTGGTAGTGAAGCTATAGTTTTAGCCTTAGATACGATTTTAAAAGAAGATTATGTTGTGGCTGTAAATGCTTGGCAAGAAGCAAGCGATAAAAAGCTTATGGA
NZ_CP068567.1_gap38	1579739	1581511	1772	GGGCGATATTTCTTGTTTTGAAAAAATTTCTAAAAATGCGGATTTTGTTTTTCTAGCCAGACTTGAAAAGCTTATCAATGCACGCAAAAATGCCGATGAAAATACTTCTTATACAGCAAAACTTTTCAAAAGTGGCACAAAACGCATTGCACAAAAAGTTGGTGAAGAAGGCGTAGAAACAGCTTTAGCAGCGACAGTAAAAGATAAAGAAGAGCTTATTTGTGAAGCAGCGGATTTAATGTATCATTTAAGTGTTTTACTTACAGATGCAAATCTTAGTTTCTCAGATGTGATTTCAAAATTAAAAGAAAGACATAAAGCTTAAAGCTTTATGTAAATAAATTTATATCAATGCAAGGCTTCGTTAAGTTTGACTGCTTTTTTATTTAAAGCTACTATCATAGCACCACTTATAGAATCTTGACGAAAATGTAGTCCATTTAAACCTTTAAGCTCTAAACCTTTGTAAATTTCTTTATCAAAATTAAAATAAGGATTAAGTTTAGCAAGTTCTTCGGCATCTTTGAGTAAAAATTTCGTTCCTTCTAACACCGCAATACCTGCATCAACTATACAATTATCCCCTAAAGGAATTCCTGTAACTGAATTAGCTCCTAAAAGACAAGCCTTACCTACACTTATAGCATTGCCACTTGTTCCACTTAAAACACCTAAAATCGAAGCTCCACCACCTACATCAGAACCTTCTCCTACTATAGCACTTGAGCTAATACGCCCTTCAACCATACAAGCTCCTGTTGTGCCTGCATTAAAATTCACATAACTTGCCCCTGGCATGATGGTTGTTCCTGCTGCTAAAGATGCACCCATTCTTACTTTGGAACTTTCTAAAATTCTTGTATTATCCTCAGGGATAATATGCGCTAAAAATCTTGGGAATTTATCAACAAAATCGATTTTTGGATATTGATTGCTCATTTTTAAACGCATTTCATTTGCTCTTAAATACTCAAGCTCGATAGGCTTATCATCACTCCAAGCTACATTACTTAAAAGTCCAAAAGCTCCATTTAGATTGATACTTCTTAAAGGTACTTTTTTAGTAGAAAGCAAATAAAGTTTTAGATAAACACTTTCTACACTTAAAGGTTCTTTATCTTCAAAAAGACAAACAAAAGCAAACTCATCGTCTTTAAATTTATCTTTGATAATCTTTAATAAATCAATATTTTGATGCCCTTCTTCTTCTAAAAAAGGTTTAAAACAAGAAAGTGCAAAATCAATATCTTCTAATTTTAAAGTTTGCACAAACTCACTCGCATTAAAATCAATCTCCACGCCCCTTTGCATAAAAGCTTCAAGCATGATTGCTGCTGAGCCAAAATTTTGCTCGTAATTAATCAAAGCAAAACTTGCTTGCAAGATTTTATTTTTATTTAGCTGTCCTCTATCAAGCCTTGCTATACCAAAAGCTTTAGGTTTTTTATAACCACGTTTTTGCTCGATTTGTTTGATTAAAAGTAAAAAATCTTCTTTAGTATTAATCATTTTCTTTTCCTTATCCACTTAATTTTTAATGCGAACACGCACTTTTTCCATTCATCACAGGTTGTATAGCAGAATTATCCGCACCACCTTCATTGTTAATCTTTTCTATAAAACTCCAAATTTTTTCGGCCGCCATTAAATAACGCCTTGAACTCACACTTTCAGGGTGATAAAAACTCACAGGCTTGCCTTCATCTCCACCTTCTCTTACTATCATTTCTATAGGAATTTGTGCTAAAACTTCACTTTTATAGGCTTTTGCC
NZ_CP068567.1_gap39	1592885	1595619	2734	TAATGGCCTTTAATGATAATTCTTTAATAGCTGATATTTTAAGACTTATAGGGATTAAAAATTTAAGTCCACAAAGTCAAATTTCAAGACCTGTTATATCAGCAGAATACATACTTAAACAAAATCCAGACATACTTATTCTTGGAATTAATGCTAAAAACAATCTTTTAGATGCAAATACTTTATTGAAAAATACCAAAGCAGTTAAAACAGGAAGTATTTATTTTAACAAAGATACACATATATTATTACGTCTTAGTCCTAAGATAATAGACAGAATTCAAGAATTTAAAACAAAGCTAGAAAATAACAATTTTTAATCACTCAATCTTGCTTTAAAAAATTCGCAAGTTTGACAAAGTTTTTCTATGCGTTTATCTTCTTCAAAAGCTTTTTTCATCATCTTTATACGCGGTGATTTAAAAAGCTTATCAAAGTTATTTTCAAAAACATTTCCCAAGTTAATATCTGCTTTAGTATCCAAACAGCAAGGCACTAAACTTCCATCACTTAAAATCCCAATTTGCTCTTTTAAAGCATGGCATTTTCCTTTTTTATAAAGGGGTTTATCTTTTAAATTTGGCCATTTAAAAAGTTTATTTTGATGAAGCAAAATATGTCTTTGCAAGCGATTTTTACTTAAGTTTGTATCAATCTTAGCTTCAAATTCTTTGGCTAAAAACTCATAAATTTTTAAATTTGACTTAGGTGCCTTAAAATTAGCATCTAAATTCCAAAGTCTTAGATTGATAAAAGAAAGGCTTTTTTGCTCTAAATGCTTTTTGCAAAGTTCTAAAATAGGCTTAAAATACTGTTCTAAAGAAATTTTGCTTTGACTTAAAAAAGACATTAAAGAAATATTGATTTGATGGATATTCTCATACCCTAACAATAAAGCTTGATTTTTAGAATTTAGATAAAAGCCACTTGTAGTGATTTCAAGTTTCATAGCTTCACCTTTTGCGATTTTTAGATAATTTTCCAAATTAGGTAAAAGCAAAGGATCACCCAAAAGATGAAAGGTAAAAAGCTCAGCTTTATTAGAAATTTTATGAGCTAAGTTTTGAAATTTTTCTTCACTCATTACCCCGCGAATTCCTTTTTGAGAAGGACAAAAATCACATTTTAAACCACAAATATCACTTAATTCTATATATATTTTTTTAAATTTCATTATATTTCCTAGAGTAAACATTTTACCAAAATTTATGAAATTTATTAAAAATATGTAACATTTTTATCAATATTTTTATCTTTTTTATTTCTCTTCTTTATTTTTAAATATATTAAACAAAAATCACACTATACTTAAATAAAAATCTAAAATGAAGGAAGGGTTTATGCAAGAGCTTACTCGCACGAAAAAAATTCGCTCTATTATTGCTGCAAGTAGTGGAAATTTAGTAGAGTGGTTTGACTTTTATATCTATGCTTTTACAGCAACTTATTTTGCTCATACTTTTTCAACTTCAGATAATCCTGTTATCCAGCAAATCAATGCCTTTGGGGTTTTTGCAGCAGGATTTTTTATGCGTCCTATAGGCTCTTGGCTTTTTGGCTCTTTAGCTGATAAAGTAGGTCGTAAGAAATCTATGGTTATATCAGTGGTTTTAATGGCTTTGGGCTCTTTTATGATAGCAGCCTTACCAAGCAAAGATACAGTGGGCGATCTTGCTATTATCTTACTTTTAATAGCAAGACTCATTCAAGGTCTTAGTGTAGGTGGAGAGTATGGCATAGCAGCTACTTATCTTTCAGAACTTGCTACAGAAGGAAAACGCGGTTTTTACTCATCTTTTCAGTATGTAACCCTAATAGGTGGTCAACTTTTGGCCGTTGCAAGCATTAGTATAATGTTTTTATTTTTTAGCATTGATGATGTGAAAGATTATGCTTGGAGAATACTTTTTGTAATAGGCGGAATTTTAGCACTAGGCTCGCTTTTTGTAAGAAAAATGATGAATGAAAGTGCTACAAAACTTCGCCAGCATGAAGATCGTGGTACTTTAAAAGCATTATGCAAATCTTGGAAACCTTTTTTAATGGTGCTTGGGGTTACTTCTGGAGGTTCTTTAGCTTTTTATACTATTACAACTTATACTAAAACTTTTATGGAAAATACGGGTATGGATAAAATGCTTGTTAATAATCTTTTCTTAGGTGCTTTATTTATACTAATGATCATTCAACCTCTTTTTGGATATATAGGAGATAAAATAGGTCACAAACGATCTTTAATTGTATTTTGTATTTTGGCATTAGTAGGAATTTATCCTATTTTTTCACTTATAGCCAATAACGCACAAAATAATCCTTCTTTGACATTTATGTTGGTGGTATTATTGTTTGTTATTTTAAGTTTTTATACTTCAGTTGCTGGGATTTTTAAAGCAAAACTTTTTCCTGAACATGTAAGAGCTTTAGGTACAGGTTTGGGTTATGCTATTTCAAATGCTGTTTTTGGAGGATCTGCTCCTTGGGTTGCTTTACAATTTAAAAATGCAGGTATAGAAAATGGCTTTTTTGTCTATATAGCTATTTTTACAATCATCATGCTTATAGCTACTTTGTGTTTGCCTAAAAAATCAGAGCTTAATTAATTTTAACGCTTTTAAAGAAAGTACCGAAAGTGCGATACTTTCTAACTCTTTTAAGGTTTGAAATTCATAATTTTTATTTTCATTATTTAAAATTTGATAATAAACCTTGATATTAAGTTTATACTTAGTATAGC
NZ_CP068567.1_gap40	1680582	1681082	500	TTTACTAAGTCCTAAAAGCCTTTTTACCATAAAAGCAACTTGTTCTTTAGTTGCTTTGGCTTTTCCTGTAACGGCTTTTTTTACTTGTAAGGGAGTGTATTCTGCAAAATCTCCATGAATTTGAAGAATTTTTAAAGATAGGGCTCCGCGAAATTGTGCGAGTTTTAAAACGGTTTTTGGATTGTAAGCAAAAAAGATATCTTCTATAGCCACCTCATCAAAAGAATGATTTTTAAAAATCAAGTCCAAACCCTCACAAAGCTCTGTGATTTGATACTGTAAGGTACTTGGCTTTATCTTTATAAGTCCTGCTTCTATGAGAATGTTTTTTCCTTTGTCAGCTTCTATGATAGCATAACCGCAATTTCTTGAACCTGGATCTATACCTAAAATTTTCAAATTCATACCTTTTGAAAAATAAAATACGAAAGCGGATTTTAACCTTTTTTTATAAAATTTAAGATAAAATTTATACATTATGCAAAATTTAAAGAGAGATT
