gap_id	start	end	length	sequence
NZ_CP114720.1_gap1	1750	5987	4237	GATCACTCTTTACTCTACTAGCATATACTAATACATACACTATAGCCAAAAACACAGAAATTATATATAAAATAATACGAAAATAAAAACCTTCCTTTATTTCTATACCAGCTATAGCTGACGCTATCCCAGTAGAAAATGGATTAATAGTAGATGCCATAGTTCCTACACCAGCTCCTAATCCAATAATTGAAACACCTACAATAGTATCATAACCTAAAGCTATTATTAATGGAATCACAATAAGATAAAATGGTAGAGTTTCTTCATACATGCCTATTACAGTTCCTCCTACGGAAAAGATAAACATCATTAATATTATAAGAAGTTTATCTTTATCTCCCACCCTTTTAACTACTGAGACTATTCCTGCATCAATCGCACCTGTTCTTAAAATCACTCCATACGCCCCACCAACAATTAAAATAAATACAATAACCTCAACAGCATGTTCCATTCCTTTAGGCATTGCAGTTAAAATAGTAAAAATACCATCTAAAAATCCCCTAGGCACCCTTTCTACTGCATGATAAGTCCCAGCCACAACAACTTCTCTCAAACTCCCATTAACTTTTCTCTTCTCCTTAGAAAATTCACCAGCAGGAATTATATAAGTTAATATAGTCATAACTATTATTAAAGAAAATACTATTGTAAAACTACTTGGCATTTTGTTTTTCTCAATCATTTTATATCTCCTAATATATCTTATCTTTTTTTAATCTCTAGGTTTTAACAATTATCCCAAAGTCCCGACCATGATAGCCTTAATAGTATGCAACCTATTCTCAGCTTCATCAAATACAACAGAACGAGCATTTTCAAAAACATCATCTGTAACCTCAATACTATCAAGTCCATACTTATCAAATATTTCCTTACCAAGCAATGTACTTAAATCATGAAAAGCGGGTAAACAATGCATAAATATAGCATCTTCTTTTGCTAATTTCATTAATTTACTATTAACTTGATATGGCATTAAAAGCTTTATTTTTTCATTCCAATTAGTTTCTCCCATAGATACCCAAACATCAGTATAAATAACATCAGCATCTCTAACTGTTTCCTCAAGAGAACTAGAAATGACAATACTACCTCCACTTTCATCTGCTATCAATCTTGCCTTTGCTACCAATTCTGGATCGGGAAAAAGTTCTCTTGGGGCAAATATTCTAAAATCCATTCCCATAATGGAACATCCTTCCATTAAAGAATTAGCAACATTATTTCTACCATCACCACAAAAAACCAGCTTCAAATTGCTCAAAAACCCCTTATGTTCCTCAATAGTCATAAAATCAGCAAGTACCTGTGTTGGATGAGCAATATCTGTTAATCCATTATAAACCGGAACATTAGAATATCGAGCCAAATCCTCAACTACTTTTTGAGAAAATCCTCTAAATTCAATAGCATCATATATTCTTTCTAGTACTCTTGCCGTATCAATGATAGACTCTTTCTTACCTATTTGAGTACCTGTTGGTCCCAGATAAGTAACATTAGCTCCTTGATCATAAGCAGCTACCTCAAATGCACACCTTGTTCTTGTTGAATCCTTCTCAAAAATCATAGCGATATTTTTTCCCTTAAGTCTTTGTTCTTCAACTCCTAAATGCTTAGATTTCTTTAATTTATGAGACAAATCAAGCAAATACCGAATATCCTTTTGAGTAAAATCCAAAAGCCTTAAAAAATCTCTATTTCGTAAATCACACATAAATATTTCCCCCATTAAACTAAATATTTTCCCTTACCAAAGGCATTGACATACACCTTGGACCTCCCCTTCCTCGTGAAAGCTCACTAGAAGGAATCCTATGGACCTTAATTCCAAATTCTTCAAGAAATTTATTGGTTACATGATTTCTATCATAAACTATCACTTCTCCAGGTGATATTGCTAAAGTATTAGCACCATCATTCCACTGTTCCCTTGCTCCATGAATCAAATCTCCTCTGGCACACTTCATTATATTAACCTTACATCCAAGATAAAAACCTAAAATATCCTCCAATTTAGCATTTTCACTTTTAACTTTAATACTTCCAGAACTCAAATCATAAGTCAAAGCATAAATTGTAAACCTTACATCACCACTAGTAAAACTTGTAAAAGTATTATGATCTATTTGAGTAAAAACTGTATCTAAATGCATATAAGCCCTACTTTGTGGAATTTGGAAAGCTAAAATAGTACTAAAAGACGCTTTTTGTTCAAAAAGATTTCGAGCTACTTTTTCAACAGACTCAGCCTCAGTTCTTTCAGAAACTCCAATAGCCAAAATATCCTGACTTAAAACTAACTCATCCCCACCTTCCAACGAAGTATCTTCATCTCTAGTATACCATATAGGAACATTTTCTCTATAAATGGGATGATATTTAAAAATATATTCAGCAAATATTGTCTCCCTGCGCCTTGTTCTAGTTCGCATTCTACTTATTGATATACCATTACCAATACTTGCAAAAGGATCCCTTGTAAAAAGCATATTGGGCATAGGATCAATAATTAAAGGATATTCATTGTTTACCAAAGAATTAAGAGAATCAGACTTATAATTCTTAAGATCATCTCTTGTAACGCCAGCTATCATCTTTGAAACCATATCTTTAATAGACATATTATAGAAATAATCTATCAAAGATTTAGTTCTATTTTCAGTCCTAATTCCTGCCTCAAGAATAAATTGAGACACAAATTGTTCTTTTACATCATCATACTTAGAAATGGTTTCACTAATTAAATCCGTAATATAGACAACTTCAACTCCACTACTTCTCAAAATATTAGCAAAAGCATCGTGCTCTTGCATTGCCACTTCAAGATAAGGAATATCATCAAATAACAATCTCTTCATTATCAAAGGAGTTAAGTTTTCCAATTCTTCTCCTGGCCTATGTAGCAGTACTCTTTTTAAATAACCTATTTCTGAAAATACATCTATTGGCTTTGAATATCGCATAACAAACTCCTTATTTTTATAAAAAAATTTAAAAATCTTAATTTATTTTATATTAAATCTTAAAATATGAAAATTAAATATAATTAAAATTATAAAAAATAAATAGATACAATACTTAATTAAATAAATGACAGATTGCCTCCACCTCTTTAATCCAATCACTATTTGTTATTTTCAATAATAGATTTGATTGACTATTGTGCAAGTTGCTAGGATAAACTGATCTTGACATATCAAAACATTATGAATCATCTAGTAAACTGAATTCCCCCGAAAAAATAAAAGCAAATGATTATAGATCTTTACTATATAGAATACGAGGAATATTTTTTTCATGTGTACGATAAAAAAGCATCATTAAATCAACTTCTAGAGCAAAATTTATCGAGTATAATATAGAAATAAAAGATTCAATAAAATGAAAAGTTCAAATGAAAAAAATTTAACAAAACTGAAAATATAACTAATTCTTGATATCTAAGGAGCTAATTCAAAATGAAAAAATACTATGCATGCATATTAAAAAACAAAAATGAAAAAATTATCTTTACATCCTGGGAAGAATGCAAAAATAAAATTAAAGGACAATCAAACAGAATAAAAAGTTTCCAAACAAGAAAAGAAGCAGAAAATTGGCTCTTAAGAGATGGTAAAACTGATATCTACTATCCAGAAGGAATATACTTTGACTCTGGAACTGGAAGAGGCAAAGGCATAGAAATCAGAGTTGTCAATGAAAAAGGAATGTCTATAATCAACAAGATTATAGATCAAAGTCTAATTAATGATTATAATAATTATAATATCAAAAATTTTGATGGAATCAGCAATAATTATGGCGAACTATTCGGACTATACATTGCATTAAAAATAGCTTTAGAAGAAAACATAAAAAGTATATTTGGAGATAGCAAGCTAGTAATTGATTATTGGTCTAAAGGATTTTATAATAAAAACTTAAATATAAATACCATAAAATTAATTCAAAATGTAACCAAACTTAGAAATACCTTTGAAGAAAAAGGAGGAAAAATATTATTGATATCAGGAAATAATAATATTGCAGATCTTGGTTTTCATAAAAGATGAACTAATAATTTACAAATCAAATAACATAGTAAAATTTATATTAATCTAAACCACTGATATGTTGGCACTAAAAATGTTAGAAACATACTAAAACTTAAACCTATAATAAGAATGCTTTTATAGCAGACATTAGTATTAATTAATATCATTATTACATCTAAAATTTTCAATTACCT
NZ_CP114720.1_gap2	24806	25532	726	TTTGACCTTCCCATTTAATTTTATTTTCTTTAGTACGATACACATCTTGCTTAATAACATCCAATTCAGATTGTAAAATCTGAAGACTTGAATTTAAATCCAAGAGCTCATTTAGACTATTCATTTTCAATTTTTCTTTCCCTTGATATACTTCGTGCTCATCCTCAAGATATTTAAGATTCTCTATATCTTTTTCAACAGACTGCTTATTATTAGTAATATTCTCTAAGAATTCTTTATATAAATCAATTTTAATGGTTATACTAATGTCTCGTGATGAATCGCTCTCACTTAAATTTAACAATAACTCTAATCTATTTCTATATTTTAATATCAATTCTTCATTAAATACCTTTAATAACTTTAATGCTTCATAATAAACATATTTTTCAAAATCAAATTTTGTTTCCTCTGAAGTAATACTTTTTATTTCAATATTTTTTCTTTTTTGTCTCTCCAATAATTCTTTTCTTTGTTCTTTTAATTGGCTCTCTTTTATAAGCAACCTGTCACAAGCTTTTTCATCAAAATCTATCTCAAAGAAAAGAATATTTTCATAATACAAGTCTTTTACATAACCAAAATTAAAACTGTCTAAATCCAAACATTTTAATTCTTCTAAATCCTTTTGAACATTTAAAAGCTCCAACAGAAATCGATTCTTATCATTAAGAAGTTCACTATGTCTTTTAACAAAATTTTTTAAATCTAAAAAATCATTAGAAT
NZ_CP114720.1_gap3	38169	39435	1266	CTCGAATTTCTATCTTAGCATAAAGATATATCCTCAAATCAGCATTTTTTGAAAACCAAATTGCAAGACGAGACGCAAGAACCGTATTATCCTCTTTTGAAAGTTCCAATAACTTACTATCAAGATATTCATCCCAATAATAATCATTTCTACCTATTATTTCTTTCTCATAAAACTTATCAAAAGACATATTTTTCTCCCTAGCAATGTCATGAAAAGTATAATTAATAAGCTTGAGACCATAGTATTGTGCAAGCAATCCACTAATAGTCGTATTGCCACAACCACTCTTACCAGAAACAGCTATTCTCATTCAATATTCCTTACATGCTCTTTTATTTTCTCCAAATTTAATTTCATGTTTAAAACTAGATTTCTAATATCAAGATCAATTGCTTTGCTACTCATTGTTGTAACTTCTCTATGCATTTCCTGAGTAATAAACTCCAAAAATTTGCCACATACATCACTTTCAAGATTTTTATAAAAATTATCTATATGTGAATACAATCTTACTATTTCTTCATTAATATCTAACCGAATTGACATTTTGGCGGCCTCTTCCACAATACTAACATCACTAAAATCATCTACTAATTTAGATAAATTTTCCTTTAGGCTCAAAAAAAGTTTGTTATTTATACTACTCTGAGATTCCTTTAATAGTCCCAAATCATTACGTATTAAAACAAGAGTTGAAATTATATCTCTCTTAGTATTCTCGCCCTCAAAGATCCTACTTTTATCATAATTCAATAAAGTTTCTTCTAAAACATCCTTAAAAGCACTATAAACCATTTCTTGATCAACATCACTCTCATCAAAAATTAAAGCCCCTCTTAAAGACAAAAAATCACCAAGCCTTAATTCATCCTTAATATTTAAATTACTATTCAATAAAGTATCTCTAAGACGGGCAATAGCTTCAATATAATGAGGATTTAAACTAAAATGGATATTTGGAACTATTTCCTTATAACCCACACTTAAGAAAACATTTCCCCTTTTAATATAATTTGAAATGAAATTTCTTATCTCAAGCTCATAAGCATATAAAATCTCAGGCAATTTGAATTTCAATTCTAAAAATTTACCATTATAAGACTTTAAATTAACACTAAACATATAATTTGAAATAATTTTTTCCAAATGAAAAAATCCAGTCATACTTTTCATCAAAAATACCTTTATAAAAAATCATGTAAAATAAAATTATTACCAGCTCCCATTGTAATAAATAAATCATTTTCCTTTAATAGCCCCTTT
NZ_CP114720.1_gap4	52369	55680	3311	ATCCTCTTAGAATCAAGTTTGATATAAGTCCACTCACCCATATCAGAATAAAACCATAACCCAGAATCTAGAGTACCAATAAAAATTCCATCCTTAGCACTCATCAAAACTTGTACACTATTTAAATTAACATTTAAAGGTATTTTAACTTGCTTGATCAAACCTTTCAAATCATCAATATAATAAAGAGCATCATTTCCCCCAATATATATAACCCCTTTATGCTCTGCAAAACCTCTAAGACCATTTAAAACGATACTTTTTTTGTCTTTAATATAAACTTTATATTCATTATTCTGAATATCATACCTTAAAAGACCACCAAATATATTTGAAACAAAAACATTACTTCCAAAAATAAACATATCAAAAATACTATTATCCAAAAACCCTAAAGTCTTTAAATTTAAATAATTTATCCCAAATTTATTATTCAAGAAATTATAAATTCCTAGATCATAATCTGACTCAAGAGAAAATTTATCAACATCTCTTAATGCAGAAATAGCACCCATTCTATCTTTAACAAAATATTTTAATTCAGCAATCCTAAGACTAGCATGAGAATATTTATAATCTTTTAAAAAATTATCAAAATTATATTCAGACAGATCATAAGCACCAATACTATAATTAACATAACCAAAAAATAAATTGGCCTTAGCAATTAATTCTTTACCATAACTTTTCTTATCAGCTATTATTTTATTTAAATAGTAACTAGTCATACCAATATTTTTCTGAGCATAACTCTCCCTAGCCATTTTAAAATAAGAATTATCTTCTTTTAAAAAAGCATCACTTAAGAAAAAGAATTCATTATCTTTAAGCCCCGATAAATAATTTCTTTCCTTAACATCCAGCTCATCAATATTTGACTTTTCAATATAATCAATAAAATGAAAAAATAAATTAGCATCTTGATTAGTCAGACATGAAATAAGTAAAAACAAACTCAAAAAAATAAGCCTACTTTTCAAAAAAGTATTCAAAAGCTCTATGAAATTCATAATATCAATTACTAATCTCTAACAAATTCAAGCTCAATCTTACCAAATTTATCGATATCAGATATTCTGACCTTAACCATTTGCCCTTCCTCTAATCTTGGGGGACGCATACTAAACGTAGTCCTATTATCTCTACCATATCTAGAATTTCTACTATTGCCATACTTAGAATTCCTAATATCACCATATCTATCATCTCTTAATTTTGCTCGGTTACTCAAAAATCCTTCCTTTATAGGAGTAAGCTCAATGAAAGCTCCAAAACTGTTGATCTTTTTAACAATTCCTTCATAAATCTCACCGATCTTGGGTTCTCTGACAATACTCTCTATCCTTTCCTTAGCTTTTTGCATCTTTAAGCTATCAGTTCCAAAAAGATTAATCCTTCCATCTTGCTCAATTTGAACTCTAACTTCAAATTCATCTGTAATTGCTTTAACTGTTTTACCAGTAGACCCAATAACAAGAGAAATTTTATCAATATCAATTTGTAATTGAATAATCTTAGGAGCATTAACAGATATATCGTCTCTTGATCTTGAAATAACAGAATCCATAATAGATAAAATATGCATTCTCCCAATTCGTGCCTGTTCAAGAGCATCCTTCATTAACTGCCTTGTAACGTTTGAAATCTTAATGTCCATCTGAAAACCAGTGATTCCATTCTTAGTGCCTGCAACCTTAAAATCCATATCCCCTAAGTGATCCTCTTCTCCAAGAATATCACTTAAAACAACATACTTATCGCCCTCATTAACAAGACCCATAGCTATTCCTGCAACTTGATCCTTAACAGGAACCCCAGCTGCCATTAAAGACATACTCCCAGAACATACTGTAGCCATTGATGATGAACCATTTGATTCTAACACTTCAGATACTACCCTAATAGTATATGGAAAATCATCTTTCTTAGGTAACATGGCTTCCAAAGACCTTTGAGCTAAGTGCCCATGTCCAATCTCACGCCTGCCAGTCATAAGTCTACCTGTCTCCCCAACAGAGAAAGGAGGAAAATTATAATGAAGCATAAAATTAAGACGCTTATCACCATCAATATCATCCATTATCTGTTCATCAATACTTGTGCCCAAAGTTGTTACAGCCAATGCCTGAGTTTCCCCTCGTGTAAAAAGAGCAGAACCATGTGTTCTTTTTAACAGATCAATCTCAGCAACAATATTTCTTATCTGTGTAGGAGTACGTCCATCAGTTCTAAGATTATCTTCAAGAATTGATTTTCTAACAATTTCTCGCTCAAAATCATCAAAAGCTTTATAGAAAAGAAATTCACTCTCTTCATTGACTTGATTGATAGAAGAAAAATGGTCATATGCTTTCTTTTGAACTAATTTTATAGCCTTCTCTCTATTAAGCTTACCCCTCACAAAGCAAGCATCCTTAAGTTCAGAATAAATTAAACTTTTAAGTTCATCCTTAAACTCAAATACTCTTTCCTCATAAGCAAGTGGCAATTTTTCCCTCTTATCGATTATAGATATAAATTCCTTTTGTAGATTACAAATCTGTTTAATATATTCATAAGCTTGATCTATAGCAGAAATTAAAATTTCTTCGCTAACTTCATTAGCACCACCTTCAACCATTGTAATCCCATCTAAACTCCCTGCAACAACAATATCAAGCACAGAATTTTCTATCTCACTAAAAGAAGGATTTACTATAAATTCATTATTTAAATAGGCTATTCTAACAGCAGCAATTGGACCATCAAACGGAATATCCGATAAAAAAACCGATGCAAATGCAGCATTCATCCCAACAATATCAGGAGGATTCATCTGATCTGTAGACAAAGTTGTAGGAACAACCTGAATTTCTCTACCAAACCTCTTATCAAAAAGGGGTCTCATCGGTCTATCTATTAACCTAGAAACAAGTACTTCCTTATCTTTAGGTTTACCTTCTCGCTTAATAAACCCCCCAGGAATTTTCCCAGCAGCATAATACTTTTCATTATATTCAACAGACAAAGGAATAAAATCTAAATCTTCACGAATTGAATTTGAGCAACAGACCGTAGCAAGAACAGTAGAACCACCATAAGTAGCAAGAACCGCACCATTTGCTTGCTTAGCCAATAAGCCTGTTTCCAAAATTAAATCTTCTCTTCCTATTTTCAACTTTAAAACTTTTTTCAAAATTAACCCCTTATTACTTTCTAAGTCCAAGTTTAGCTATTAAGGTCCTATAAGCCTCCAAATTTTTTTTCTGATAATATCTTAACAGGCTCCTTCTCTGTCCAACTAACTTTAACAACCCCCTCTTAGAACTATG
NZ_CP114720.1_gap5	105880	107890	2010	TAAGCTGTAATAATGATGCAATTATCGGTTTATCAAATTATAGAACAAAGTTTAACACTGTTATTAGTGTTATTGATGAAAAAATCAATCAGATGAAGTTAGAATTAGTAGTAACGAAGCCTTACCAACTGTCTCTATAGCCTCAATAATAAAGACTTATCTTTATGAAATAAAAGCTAATAATGCTCGTAATCAAGCTTATCAGAATTGAGAAAATCTTATGAAGATATGATAAAGAAGATGAGAAGACTCTAAAAATTACTTTGGATAAAGCTAGGGAAGATTATCATAACATAATTACCGCCATTACAAATCTAATCCCCAATATTAATCATCATATAAAACTTCATTTCATGATAAAAATCGTAAAAATACTTTTAGATAACTTAGAGAATATCATTACTTTAATCTTAAAATTATAAAGAAAACAAAGTTTAAAAAAAGGAATATTTATGGAATACGAATTTGCTGTCATTGGAGGAGGCATTGCTGGGAGTACCTTAACTTACGAAATACTACAAAGAAAAAAAAGTGTCATTCTTTTTGATAATGGAGATAAAAAGGCAACAACCACATCAGGGGGTCTTATTAACCCTATTATGGGAAGAAAAATGAATATTGCTTGGAGAGAACCTGAAATTTTCACATTTGCAATACAATATTATAAAGAAATGGAGCAAAACATTAACTGTAATTTCTTAAAAGAAAATCTCATTTTTAGACCGTTTACTACAAAAAAACAAAAAGAAGAACTGATTTTAAAAATAAAAAATGATGAGAATATAAGAAACTTTATCGTAGAAATAAAGAATGAGAAAGTTTATGATTTCTCTAATGACAACGATGGAGGCGTACTAATAAAGGGAGCAATACTGAACACAAATTTATATATACAAAGCCTTAAACAATACTTTATAAAACATAATGCATATATAGAAGCAGAAATCAATGAAGATCAAATAAAAACAAATGACAAATTTTTTACAATCAATAAACTCAAATTTAAAAAATTAATATTTACAAAAGGATATAAAGAACAAATAACAGGAAATTTTTCATACCTTCCATTCAGACTAGCAAAAGGAGAAATTCTCATAATAGAAATTAAAGGATTGCATCTTAAAGAAATTTATAATAGACATGTATCATTAATACCTTTGCAAGACAATAAATTCTATCTTGGAGGAACTTATGAATGGGAAAATTTAAACATAAAAACAAATGAATGGGCAAAAAAAGAATTGCTAAACAAGCTTAAAAAAATTACAAATCTCAATTGTAAAGTAATACAACATAAAGCTCACATAAGACCCTCTACACTTGATCGAGAACCCTTTCTAGGCGAACATCCAAAACACAAAAATAAATTTATATTAAACGGATTTGGAACAAGAGGAATATCAATGGCAGCATATTTATCTAAAATAATTCTAGATTACATTGATACAAAATCAAATCTTCCAATTTATTATGATATCAAAAGACATGAAAATTTATATAACTCTACAAGATAGATAAAACATACCCTCTCTACATCCATATAATGAGAATTCCTCAAAACTTTATTTGAATAAATAATTTGTATTTGAAATATTTCTAAATTCAAAAAAAAATAATATAATATCCCAGTGTACGAAAAACTAAAATCTAAAAATCAAAAAAATGTTTACCTATCGTTTATTACAATAATAAGACTGTATAAAACATCAAGGAGTATTCACTATTAAATTAAAAAATAGCTTAAAGAAGGGTCAAGACACCAATTCAGATTTCATGATTATTTTCAAAATTAACTTTGAAACATATCTTCAAACATTGATAAAAAAAAAGAATTGGGAGATTGTTTTTGGATTTTAATATTAATATTCTAGGTACAGGAGGAACAAGACCTCTACACAACAGGTATTTAACTTCTATTTTAATAGAATATCATGGTGAAAATTTCCTCTTTGACTGTGGAGAAGCTACCCAAATGTCTCTTAGGAAACAAAAAATATCATGGCAAAAAAT
NZ_CP114720.1_gap6	111100	112353	1253	ATTTGCAACAAGTAAAATCGATTATAATCCTCAAAGTCCATATACAACAACTTCAATTAAATCGGCACTATTTAATCTAATTGAAAGCTATGGTATTAAATATAATGAAAATATGATCCTTGATAAAAGATCTCCAAGTCTTTTTTTGGGTGGAAACTTTCAAACTTATTATCCATGGATTTTGATTGACAAAAGTAATATCATAGACAATAATAATCCCTTACTCAAAAATTTCTATGATGCTATAATTCCTTGGAGTAATTCAATAGAAATTACAGCAACTAAAGAGAATGAAATCAAATATTTACCTCTATTTGCAAGTTCTAAAGAATCTTGGCAAGTTAATGATGAAAAAATTTCAAGCATAGCTATGCATTCATTTAACGTTCCAAAAACCTTTGAGAAAGAAGACAAGCAAAAAATTCTTGGATATTCTATTGAAGGACAAATTCAAAGTTTATATAAGAATAAAAAATCTGAAAATTCAAAAATAATTTTACTAGGCTCAAGCATGATATTTAGTGATTATATGTATAATGCTTCACCTTCAAATTTTGAATTTGCCGGAAGAATTTCAGATTATTTAATGCAAAAAGAAGCATTTTTTAGCATTAAATCAAGAGAAGTACGCTCTAAGCTAAAATTTATAAATCCGTCAGCAGAAATGTTAAGTGCAAAATTTTCACTAATAATCATAAATTTAATCATATTGCCTATAGCAATAATAATATTTGGACTTATCAGATTTACCAAAAAAAGAAGAACTAATTAATAAAGGAGAGATTATGGATAATAAAAAAACGTTGTTAGGAACGAAAGAAAACATAAAAATAGCAATAATTGTAATATTAATATCTACATTTTTACTAGGAATAATATTCTCCAATCAGAATAAGGTTGCAAGACTTTTAGAAGAAAAATTTTTTGAAATAGAGTTAAATAAAATCGCAAAAATTGAGACAGAACTTGAGGGAACAATCGAAAAATCAGGAAAAGTTTGGGAACTTAAATACAATGATATAAATCTTCCAATTGATGAAAAAAGAATCAACTCTATGATTCAAGATTTAGAAAAACTTCAAAAAAACAAGCTTGTAAGTAAAGACCCCAAAAAACATAAAGAACTAGGGATAAAGGAAAAGCCAGATTTCAAATTTTTCGATGATAAGAATAATCTGTTAACAGAAATATTTATTGGAAATTCTGGAGAAGGAGATTCAAGACTATCTTACATCAAAGGTAGCGATAAAAAT
NZ_CP114720.1_gap7	114353	117644	3291	ACCTAAAGGTATTCCATCTTCTTTATTTAATAAAGTATCAACAACATTATGTGTAAAACTTTCTACTACTGAAGATAAATTGTGATTAACATCCAAACCATTAGACTCATTTTTAGGAGTTTTACCAAAAGAAACACTAATATCTAAATCATTTTCCAAATCATTGCTACTAGCAAAACCTTTTTTGTTACTTATTGAAATCTCATTAAGACCTCCAAGCAAAGCATCTAGCTCTTCTTGATCAAGTGAAACACTTGGCAAATTATTTTCTTTTTTTACTAACTCGCTAAACTCATTGTCTTTAACATTAGCTTCATCCTGAGAGCCTATAAAGCTAATTGTTTTCAAATTAGGATTATCAAATTGTTGAAGAGAACTCAAACTACGTCCAAGTATTTGATCTTCGAACCTTGAAATACGACCCTCAACCTTTTTTAAATAATCAACTAACTCACCATGCCTTTGCTTTAAAGAATAATCAAGTTTCAATAATTTCTCATCTAAAAGATCCTTAAATTCCTCAGAAGGAAGGTTAACAATTTTATCAGTAACTGGATGATGTATAAACACACTATCCATATTAAAATTAACCTCTTCAGGTCCTTGCTTGATAAAAAAAGAATTTTTATGATTTGTCATATTAATGTTTTTTCTCCAAATCTACTCAATAAACACTATAGATATCAATATCTAACAACCATATACTTGTAAATATAATATATTAAAGATATAATTACAAGGTAAAGATAATATGGCTTTAACAAAAAAAATTATATTATCCATTTATATAGGAATAATAAGTTATTTTACAATTACACCAATATTTGGAGAAATGGGAATTGTGAACTATAAAAAATTGAACAACAGCCTAATTTTGATGAAAAACCATATTGAAAAATTAAAAGAAATACAAAAAACCTTAAAAAAAAGATATATTAGATTGAAAATATCTAAGCCAACAATTTTAAGAGAGGCAAGTAAAATAGGATATTATCCTAAAAACTCCATTATCATAAAACGTCTTGATGAAGAAGATGAAAATTACCACCAAGGCAATTTTTTAAATACAAAACATACATTAGGAAATGAAAACATAGGTCAAAATTTTTACTTAATTTCAATAGTAATTTCATTTATTTTTTATTTCCTATTAAGTTATTTTGACAAAATAACCACTTTTAGCAAAGGAAAGTAAAGTTAAAGCTACACTAATTCTAAAAAATATATTATTGACGTTAATTAATGCCATTTTATCAACATTTTTTTGCATATCAATACTAAATATGTTTTCGGATACAAATTTCAACATTCCATTTGTGCAAAAAAATATGTTCAGAGATTATTTGGAATATATTGGAATACTTAAGAGCATTGAAAGCTATAAATTAACGTATGATTTTAACTCAAACAAACCCTTAAGCAAGGATTATTTTGCCAAACATATTGCAGGCAATTTATACATAGTCTACAAAACAAAGTATAAAGGATTAATATGGGGAACAACTTATAACTCCCCACTTATAAAAGGAAAATCTCCAATAAGTGTAATTTTTAGCAAAATGAAGAATACACTAAAAATGTCAATTCCAGGCCTTATACTGTCTTATTTAATAGCCATTTTTTTCATTCTCATTTGGACTTTATTTGTCAAAAATAAAATGTTAAATAATATCTTAGAATATATAATGCTATTCTTGCATTCATTACCAATAAATTTGACTGTAATATTAATAACTTCTTTACTTTACTATATAAAAACAAATCCAAAAAATTTAATAATAGGCGGATTTACATGGTTTTTTTCATTTTTCATATTTAATGCTGTAATTTTTAAACAATCTATTGATAAAAATTTGTCTGAATTTTATGTAACAACTGCAAAATCAAGAGGAATAAAAAATTTTAAAATAATAACACTACATGCATTAATTCCATCTCTAATCCCACTAATTACTCACCTTAGATCTGTCCTTGCAACAGCTTTCTTTGGTTCGTTTTTCATTGAGACAATGTTTGGAATTGATGGAATTGGAGCGCTAACAATTAATGCAATAAAAAATAATGATTACATTGTTTACAGAGATTTATTATTCGTTGGGGTCTTTATTATGCTCATAACAAATTTAATAAGTGATCTTTTGATATATCATTTTAATCCCTATAAAGGTATATTAGAATGATATATAAATTAAAAAAGCCACATATCATGTTATCAATACTATTAGGAATATTTTCTTTATTTTTAATAATAACTCCTAAACTAATTAACGAAAATTCAAAATTCGCAATATATAAAAAAGATCCTAATAAAATATACAATCAACCAAGCAATGAACTACCTCAACCACCAACAAATAAAAATCCTTTGGGAACGGACAAAATGGGAAGAGATATACTAGCAAGACTAATACTTGCCACTAGAAATTCTATTTTACTATCATTTAGTTATGCGACAATTTCTGCAATAATTGGACTATTTATAGGAATAACAATAGGAAATTTCAAATTTAAAACTTGTTTGATCATTTCAAAACTAATAGAAACACTACAAACAATACCATTTTCTTACATATTAATGCTAATTTTTCACTACTTTGCAAAACAAAAAAATTATAATATATTGGAAGTTGCAGTTACTTTAGCCTTAATACATGGATGGATTAAATTTTCATTCATAGCAAGAAACAATACAATGATAATTAAAAACCTTGATTATGTAAAAGCAAGTAAGGCTATTGGTGCAAGTCAATCTAGAATAATAATACATCATATATTCCCAGAAGTTTTTTCATCAATATCATCGATAATCCCTCTACAAATTTCCAAGAGTCTAACTACCTTTGAAATAGTAAGTTTTTTACAAAAAGCAGATAAAAGCTCTTATCCTAGTCTTGGAGAACTTTTACAATATATGGAAATGGGAAAAGAATATTTTTGGATATGGGGAAATCCATTAATTATATTAATCACTATTAACCTCATACTAACACCAATAAGCTTAAAACTTAAAATATACACAAAATCTTTTATTTCATCATAAAACCAAAATTAAATCACTCTTGGCGCAAATTTTTCTAAAAAACAACTATTACAGGTTTTACTGCGTGACGTACAGATATCTCTTCCATGCTTATTAATAGCCATAGAAAATCTATATTGTTTATCAGAAGCTATTTTCCTCTTTAAATCCAATTCAATTTTTAAGGGTGTTCTCTCAACTGTAAGTCCATGTCTAATCACAACTCTGCTAAAATGAGTATCCACAATTATAGCAGGCTTATCATAAACAAC
NZ_CP114720.1_gap8	122450	125378	2928	GGCCTCAAGATCTAAATGATTAGTTGGCTGATCTAATAATAGTACATTAGCTCCACTAAGCATTATCTTTGAAAGCATACATCTTACTTTTTCACCCCCTGATAGAACATTAACCTTCTTTAAAGCCTCATCTTGACTAAAAAGCATCCGTCCTAAAAATCCTCTAATATAAGTTTCATCTTGTTCTTTTGAATACTGTCTTAACCAATCTATCAAGCTTAAATCAACATTAAAATATCTCTCATTATCTTTCTTAAAATACGCAAAATTAACAGTAGTACCCCATTCATAATGCCCTTTATAATCTCTGTCTTCATTGGAAATTATATCAAAAAAAGAACTTGCTGAGATTGGACTTCCCAAAAAGACAACCTTTTGCCCAGGTTCTATAATAATGCTAAACTTGTTTAAAATATGCTGTCCTTCAAATTCCTTAGTCAAATTCTTAATTGTAATAACATTTTTTCCAAGCTCCCTTTCAGTCTTAAAGTTAAGATAAGGAAACTTTCTTAAAGAAGGCTTTAAATCCTCAACTTTAATCTTATCAATTAACTTCTTCCTTGAAGTTGCTTGCCTAGATTTTGATGCATTACTTGAAAATCTTTGAATAAAAGCCTTAAGTTCTGCAATTTTTTCTTCAGATCGTTTTTTGGCATCTTTTAATTGCTTATTAAGAATTTGACTAGTTTCATACCAAAAATCATAATTACCAAGATAAATTTGAATTTTTCCATAATCAATATCAACAATATGAGTACAAACCTGATTTAAAAAGTGTCTATCATGTGATACAACAATAACTGTATTTTCAAAATTAATCAAAAATTCTTCTAACCACTTAATTGATTGAATATCAAGATTATTAGTAGGTTCATCAAGAAGTAATATATCAGGATCTCCAAAAATAGCTTGTGCTAATAGCACTCTTACCTTTAAAGCTGCCTCAATATCTCTCATTAAAATAGAATGAAGTGACTCATTTATGCCTAATCCCTTAAGAAGTACTGCAGCATTAGATTCAGCTTCATATCCCCCAAACTCAGCAAATTCAGCTTCAAGTTCTCCAGCTCTGATTCCATCCTCATCACTAAAATCAGACTTTTCATAAATCTCATCTCTCTCCCTTTGCACAGCATAAAGCTTCTTGTGCCCCATAATCACAGTATCAATAACCTTGAAATCATCATAAGCAAACTGATTCTGCTCAAGCACAGCCATTCTTTGATTTTTAGCAATCAACACCTCACCCTTGCTAGGTTCAATGGTTCCACCTAAAACCTTTAAAAAGGTACTCTTTCCTGCACCATTAGCTCCAATTATTCCATAACAATTCCCAGAAAAAAACTTGATATTAACATCTTTAAATAAAATTCTTTCTCCAAATGCAACTTCTAAATTACTTACTGTTATCAAACTATTTGTCCACCTAAACTTGATATTCTATTAGAAAATTATCTTTAAAATTAAACGAAGTTTCAAGTATTACATAAATATATTGACTTAATACTTCACTTTTTCGTATATTTATATTATCAAATTAAGGAGATGTTTGAAAATGAAAAATATTAAACCTTTAAGTGATAGAGTCTTAATAAAAATAAAAGAAGCCGACAGTAAAACAACTTCAGGATTATATCTACCAGAGAATGCAAAAGAGAAAACAAATATTGGGACGGTAATAGCTATTGGCTCAAATAAAGAAGAAATCACTGTTAAAGTTGGAGACGTAGTACTTTATGAAAAGTATGCTGGAGCTGCTGTAAAGATTAATGAAAAGGAACATTTAATTCTAAAAGCAAAAGAAATAATAGCTATTATAGAAGAATAAAGAATAAGAGAAACTAAAAATTAAAGTTAGTTTCTCTTAAAAGACAAGAAGCTAAAAATTATTGGTTTACATTCTATTATCCTAGTCAAACAAATCAAAAGCAGTCTATTATGGAAAGATTATGGCATTTCTTTTCAAGAAAGTGATTTTCATAAATACAGTTATTTTATGGTTTATTTATGAGTAAGAATTAAATGAATAAACTAAAGTTCAAGGGTAAAACTATATATTCAAGTAAATTTGAAGATATTTACTATAATCCCCTGTACGGGCTTGAAGAGAGTGTTTACGTATTCATTAAAGGTTGCGACTTAGATAAAGAACTTTTGAAACTACAAAGTACAACAATTGCAGAATTAGGATTTGGAAGTGGACTTAATTTGATAGCACTTTTAAAGCATGTAAAAGAAAATAATATCAAAACAAAAATTAATTATTACTCAATTGAAAAGTTTCCACTAACAAAAAAACAAATTAAAAAAATATCACAATTTTTTAGCAAAGACATGCCTTATTTCAAGACATTGCTTAAAAAATACCCTAATATACCAAAAAAAAACATAAAATTTAAAATAACAGACAGTATCAATTTAAAAATCCTAATTGGAGACGTTGGGAAGAAACTTAAAGAAGTCCCAAAATACATAGATTACTGGTTCTTAGATGGATTTAGTCCAAGAAAAAATTTCAAAATGTGGAATAAAGAAATATTCAGCATAATTTCTCAAAAGAGCAAAATTGGAACAAAACTTTCAACATTTTCCGCAGCAAGAATTGTAAAAGATGGACTAAAACTAGCCAATTTTAATTACTCTATAATAAAAGGATTTAACAATAAAAGACATATGATAAAAGCACAAAAAGAATAACAAATAAATTTTTCCAAAATATGATAAGAAGTTAATAAGATAAAATGAGTTTTAAGACACCCTTAAATAGCTATAGATGTTAATTTTAGTTGTGTTGTATCTATAAAGCCACAAATATTTTAATTTATAGCATTTCGTTTATTTAAATATCTTTGTGTATAGCTAGGATAGCTTGCTACCCTTTTTTAGATTATCTATATAATTGTTAATTTTTAAAATGAAAGAATCAAA
NZ_CP114720.1_gap9	145400	147235	1835	AGGCGTTTCTGGGACAGTAACAATTATACCACTGTAAGCTGCTAAATAAAAATCTACTGTATTATAAGATGTACCTGACCCTAAATCTATGAAAACAAAATCAGCAACAAGATCTCTTTGAATTGACTCTATGATCTTCTTTTTAATAGAAAAAGAAATATTGGCTGTTCCAGTATAAAGAGCATCTCCTGGTATCAAATAAAGCTTTTTATAAGGTGTTTTAAGAATTAAACTTGAAAAATCTTTTTCACGTTTATTAATAAAAGAACCTATTCCAATACCAACATTCTTCACTCCTAAACATGTATGTAGATTAGAACCACCAAGATCAAGATCAACAAGTATTACAGTCTTGCCTAAACTTGCAAGTTTATAACCAATATTAGCAACAAAAGAGGTTTTTCCAACCCCACCCTTTCCACTTGCAACAGGAATAATCTTAGTCATCTTCAAATTTCTATCAATCATTTCTATTATTTTTATTAAATTTTTTCATAAAATCAAAAAGACCTAAAAATCCTAATCTCTTAGACTCTACCTTAGAAGAAACATCCTCTGGTTTAGAAACCGATATTAAGTCTTTAATCAAATCTTTATTATTTGTAAAACTCTCAATTCTGTCGGGTTTCCCACAAATTACAATTTTATCATCCTTTAAGAAAAAATAATCTCCATCTACAAATTCATATCTAGAATTGCTTAAATTTCTAACAGCAATAACAGTAATGCCCTTTTCCCTTCTCAAGTCAGCCTCAAGAAGAGTTTTTCCAACATACTCTTTAGGAATAATAGTCTCAGCAACAATAATATCATAACCAACAATACTGTATGTAGAAAGATTAGGAGATACTAATAGTGGGGTCAATCTTCTTGCAGCATCCTTACTTGGAAATATAATTTTTGTAGCACCAAGAGTTTTTAATATCTCAGCATCATCACTATCTTCAGTTTTAACATATATATCTTTAATACCTAACAGATTACAATAATGAGTAATAAGAGCACTCTTCCCAAGGTCATTATCAAAATCAATAATTACAGCATCAGTATCCATAGGAATAATCTTTTTTAAAGCATTTTTAGTAAATTGATCTAGAACAAAGCTTTCTGTAGAAATAACATCATACTCTTCAACCAATTCTCTTGATGTATCAACAATAATAATCTGACAATCAAGTTTACTCAAATTTTCAAGAACATGTATACCTAATTTGCTAAGACCAATAATAACAAATGTTTTCATTCTTACCCTACCAAAATATCTTGTCTTGGTCTTGTAAATTCTTCAAAACGAGATCTTCGTGACCCAAAAATTGCCATAGAGAAAAGCCCTATTCTACCTGCAAACATAGTAAAAATTATAATTACTTTACCTAAAAATGACAAATCCTGTGTAATACCAACTGACAAACCAACAGTACCAAAAGCAGAAAAAATTTCATATCCTAAACCAATAACTCTACACTTACCACCACCCTCAGTAGCAAGAAGAACAAAAAATGCAAAACATAAAATAAAAATAGCTCTTACAAAAAATAAAAGTGCAAATCTTATACTATCAACTGAAACCTTGTAAGAACCAATAATATAACCATCACCATTTTGACCATTGTGAGATTTCACTACAGCAAGAACAATTAAAAAGAAGGTGGTAATCTTAATTCCTCCAGCAGTTGAACCTGGAGCACCACCAATGAACATGAATGGCAATGAAAGCATCTGAGTTTTACTTGTGATAAAAGAATTTTCAAAATAACTAAAACCAGCCGTTCTTGTACTTATTGAATAAAATATCGAATTAAATATGAGAGCTCCAATTGAATAACCCTCCTCAA
NZ_CP114720.1_gap10	169585	173343	3758	CTCTGGAATCTTATCATCAAATGCTTCCTCAAGCAAATATAAAAGTTCATAAATATCAAGACTGTCTGCACCAAGATCTTCAACAAACCTAGATTCCATAGTAATTTCATCTTCTTTTTTATCAAGCTGCTCAGATATAATAGACCTAACTTTTTTAAAAATCTCACTTTGATCCATAAATAAACATTCCTCGTTCAAATTACAATTCCAATTCTAAGTATTGACTATTTCTATAATAACCACACTTTCCACATACTCTGTGCCTTACTCCAAGATTACCACAATTTGAACATTCCTGAAGCTGAGGTACTTTTTTTTTCATATTTATACTTCGCCTTGTCCTACTTCTAGATTTTGAAGGCTTAAATTTAGGAACAGCCATCTCTTTGTCTCCTTAAAATAAACAAATATATTTTAATAATATATATATTATCAAGACAATTTGTCAATAAATTTAGATTTTAACTTTTTTTGCACTAATTCTGGAATAAAATTTGAGAGATCAAAATTCTTATTCTTAATTAATTCCTTAACAAGATCTGATCTTACAAACAAATATTTATCACTACTCGGTAAAAATACTGTGTCTACTGAAGGACCAAGCTTGTTGTTAACAATATATCTTTCAAATTCAAACTCAAAATCACGAAAAGCCCTGACACCTCTAACAATAAAGTCAATATTATTCTTTAAAATATAATCCAAAATAATTCCGTCATATCTATCCACAAGAATGTTTGACCATCCTAAAGATAAAATAACCTCACAAGTAAGTTCATATCTTTCAATATCACTAAGCAAATAACTCTTAGCACTATTATTAGAAACAAGGACAATGATCTTATCAAAAATCAATGATGCTCTTTTCACTAAATCAATATGTCCCCAAGTAATAGGATCAAATGAACCAGGAAATAATGCCACTTTCATAATTAATAAAATTTAAATCCTTTATTCATATCTTGAAAAAGCTTTTTCCGCCAACTAGGATGACTTTCTAATTTTTCAAAATCAATCTCCTTAAGTATTTTAAAAGCTAAGTTATTACCTCTAACAGATTTATCAACAACGAAAAATTTACCAACTCCCCCATACACTAAACTCTCATTTTGAAAAAGGCCATTATCAGACCTCAACTTATCAATAGCACAATCAAAATGTATAGGCTTGTCCTCACCATCAAACTTCATAGACATACACGAAGCAATATACCTGATTTGCTTCTCACAAACCGGACATATCTCTTTAATTCTCACATGCAATCTGCGGTCTTTAATAAAACCTTTTTGACTATTCATCTTGTGATTTATGCGTTTTACAGAGTCAGTGTCAACAGATTTATTATCTTTAGTATTTAAAGATGTAGCCTTTTGTTTTTTAATTTTAACATCAGATTTTATCCTCTTCTTCCAATAAGGAATTTTGGTGTTATTTTGTAAATTATTGCCACTCACTTTATTTTGTTCATACTTCAATTTTATCTCCTTCAATTCTATTAAAAAAATAAATAATATCTTTCTCCGTAAATTCAAATAATGTCAAAAAAAATTCCCAAATGAGTTCACTCATTAAAGACTGGCTATAATAATTTTATATCTATTACCTTATAATCACTTTTTAGCAAATATTTCAAAACAAAAGCCTATCTTATCAATTTTTAATTTACCTATTATTCATAACTTATTATTCTTAAATTTATACACAATAGATAAAATATGTGCAATTATTTTAAAATACTTAGAATCAATAAAATCTCCCTCATTAACAGAAAAAAAAATCTCAGACAAATACTTATCCTCAACAATAGGAATATTCTCTTGCTTAGCAAGCTCTTTTATACGTAAAGCCTTTACTCCTCTGGCCTTGGCCAAAATAAAAGGAGCTGGAAATTTAGTATCATATTTAATTAACAAAGCTAATTCTTCTTTATTCATATTTTATAATTAACATTCTTAACTACTCTTACTTCACAATCAAAATTTTCAAAATCTTGCATTGAAGTCAAGATTTTTATATCAGTTATATTATAACAAAAAAGAGAATTTTTCAGATCGCTAATAATACTATCTAAACTAAAATCTGAATATATGTTTAATTTAGAATCAGAACTAGAATTACTAATCTCACAAATAATTTTTTCCTTTTCATTAAAAAAATAAACAAAACTCCACTTATAAATCTTTTTTAGCTCTTTATAAGAAAACAAAAATAATAAACCAGAACTTTTCAAAAATCTAAAGGGAATCGAAATAACAAAACCATCATTATTTTCAATAAAAATTGGAAGCTTAGCATCTTGTTTCCTCATTTTTACTTTACCGCTAAAATAATCACAAATTTGCATAAAACTTTCATTTCCTATGCTTCTTTGTTCATGTAAAGCCAAAAGAAACTTTAAAATAAACTCATCCTTTATATTATCAAAAATATTATTGAACAATTCTTGAGTGTTTTGCTCTACAAAATTACCACTTCGCCTAAGCATAACCCTCCCACTGCTTTCAAATAAATCGAAATCCTCAAATAAAGATGTATAACTAATACTAATTAAAAAATTATCTGAAGCATTAATCATCCTAGCAAAATACTTAAGTCCAGCTCTTAATGGTAAACTACTATTTACTTCAAAATAAGTACCCAAAAAAGACACAAGCCACTTATTAATGCCAATAGACTTAACAACTTCCAATTGCCCACTTAAAGGAAGATTTTTATCTAAAGCAACTTTGGATAACTGAGCGTTATTTAAGCTTTTTAAGATCAAGGCGTTCCTTCACCTTCATTGCAGCTTTACCAATTCTATCTCTCATATAATAAAGCTTAGCCTTCCTTACCTTACCTCGCTTTAAAACTTTAACCTTTTCTATAATAGGTGAATGCATTGGAAAAATTTTCTCAACACCAATTCCTGAAGAAATTTTTCTAACTAAAAAAGTTCGCCCAATGCCTTTATTTTGAATAGATATAACAAGCCCCTCAAAATTCTGAACCCTCTCATTAGTGCCTTCAATTATCTTATAACTAACACAAACAGTATCTCCTACCCTGAAATCAAAGCTTTCTATTCTCTTTCCTTTAGCTTCAATTTTTCTTATTAAATCCATCTTTTTCTCCTCTTTTTTCCAAATACTTAAGGTATAAATCATATCTATTTTTCTTTGTTTTTTCAACAGACTTAATAAATCGCCATTTCCTTATTTTTTCGTGGTGACCAGAAAGAAGCACACCAGGAACTTCCAATCCTCCAAATTCATAAGGCCTAGTATAATGAGGATACTCAAGTAAACCATATTCAAAATTAAAAGATTCCTCAAATAATGAACCTGGACTTATTACACCATCTAATAACCTATATACACTATCTATTATGACAAGAGCAGCAATTTCACCTGAAGACAACACATAATCTCCAACTGAAATCTCAAGATCAACATACAAATCAATTACACGTTGATCAAGCCCTTCATATCTCCCACAGATTATAACAAGTTCATTCTTCTTTGACAAGTCATAAGCCAACTTTTGAGTATACTTAACTCCAGATGGACTTACAAATATCGTAGTTTTTATTTTTGAATTTATATACTCAAGAGCATCAGAAATAGGTTGAGCTTTCAAAACCATTCCTGCACCTCCACCATAAGGAGCATCATCACACCTTTTGTGTTTATCATTAGAAAAGTCACGAATAGATATAACTTCATAACTTATTATGCCTCTATCTACAACTTTTTTCATTATTGAATTTTCAAAAAATG
NZ_CP114720.1_gap11	175348	177205	1857	AGATTTAAGTCGCATTGCAAGTTTTGCACATGTTGTAGTTTTCCCAGCCCCCTGAAGGCCAAGCATCAAAATACATGATAATTTATTGACAGGATTTAAAATAAGCTCAGAATGCTTATCTCCCAAAAAATTTACAAGTCTATCATTAACAATCTTAATAAACTGAGATTTAGGATCAACATTTCTTAAAACCTTAATCCCCCTTGCTTCCTCAACAACAGAATTTACAAAACGTCTTACAACTCTTAAGTTAACATCAGCCTCAATTAAAGTATTCTTAATAGTGTCAATGGCTACTTCAATATTCTTTTCATTTATCACAGATTTTCCAGAAATATACTTCACAAAATCTCTAAAACCTGTACCTAAGCTCTCAAACACTAAAAATCACCTTCATTTGTAAAAAATTCTACAAAATATACAATACAAAAAAAGAAAATATTAATCAATATCTCCCCCCGTCAAATAGAATTTATTAAATATAACACTAGAAGCAGGTCCAACAACCGATACTTCAGTATCTAGAGAACTAAGCTTCAATGCTATTCTCTCCTTGTTTAACCTCTTTATTTCATCTTTCAACAGGTCAAAAAAACTTTTCAGTTTAAAACTTTGCCCGTAAAGCACCAAATAATTAAAATCAAGAACCCTCTGAATATTAATAATAACTATTGCCAAATATCTTACTGTATCTTCCATTATTTTCTGTATAAACTCATATCTATCATGAAGAGCAAAAATATCATATATCGTAACTTTTTTAAGTTTACCTTCATACTTGTCATAAAGTTCAGAAATCTCACCATTCATAAACTCTTTCGAAATCAAACGCTGAAGTGCAAAATTAGATATTAACATGTTAACACAACCCTTATTTCCACATGTAGGACAATTTTTCTCACCTCCATAATCAATTACCATATGACTCACCATACCAGATTTATTATTAAATCCAGGATAAACATTACCATCAGACCAAATAGAAAGCTCAGCAGTATCTGTATAATCGAAAAACATGATATTATCTACATTTTTTCCCATAAACTCAGCAAGTGAAAGGTTTTTAACATAACTTTCAAGATACACTGTAAGCGAAAAATACTCTTCTAGAATAGCCTTAACAGGCACATCTTTTTCAATCCATGTACCATGACTATCATTAACAATTCCAGATTCTTTATCCTTAATTATGCCAGTAATGCTAAATCCTAATCCAATAAATTTATCCCTTGAAAAATTATGTTTCCAGATAATTTCAATCATATGATCCTTAATTTTTTCCAATATTTCATAAGCACTAACTGGTGGTTCAAAAGAATAAGTTTCACTTATTAAAACCTCACATTTAAGATTTGCAATTCCTATTTGAAAATAATTACTTGAAATAATTACTCCAATTGAATATGCAAAATCTTTATTAATATCAAGAAGGATTTCTTTTCGCCCATGCTTTCTAATATCTGATTCCTTTGAACCAACTTCAACTAAAATATTCTCTTTAATCATATGATTAGTAAGAATAGTAACCGCCGCATTTGTCAATGATAATTTTCGAGCTAAATCCGTTCTTGAATACTGCATATTTTTCAAACTAAGGAGTATCTTTTTTCTATTACTACCTCTAATTGAAACCATGTTCTCACCCTGCATAACACAACCTCCTTTATTTTTAAAATAAAAAAATATTCACAATAAGACATCATATCAAAAAATCACCTTAATATTCTAGTAGCACTTACAAGACAAAAAGAATCTTTTTTAATAACAAAAAATATCTCATATTTTTTGATCTTGCAATATTCCAATAAAATATTAAAACGCAAAGTTAAAAGCTAGTTAACAAAAAAAAGTAATACC
NZ_CP114720.1_gap12	254307	257083	2776	TATTTTTTAACTTGACATTTTTAACCGACCTAGATTGTACAAGACTTTCAAAACTTTTAAAAAGCTGACTTGCTTTTTTATAGGCATTTAAAGGAGAATACCAATCTTCTGAATAAAGCTCACTTGGCTGACTCACTTTCTTAGGCTTATACCAATAATGAAAAACTCCATTATCTTCAAACATAGGTATCTTAGGATCCAAAATAACTAAAGCACTAATATCAAAAGCATCACTACTGTCTAAAACACCTGAAAAATTCAAATCTAACTTTTTACTCTTAGCAGAAGAAATATTTGCAATAGCTTTAACCTTAGTCTTAGCATTTCCAGATTTATCTAACAATAATTCCCTTAAATCTTTATCTGAAATAATTGACCTTTTGCTCTTATCATAAATCTTAAGTTCCTGATTATGAAAAATACTATTTCCACTCAAATTATTCCACATCTTAAGATCTTCAAGCAAAATTCCATATCTACGAGCAATGCTATATAATGTCTCACCAACAGACACTTTATGGGATATAAAAGTTTCACTACTGCGCTTTCCAGCCTCTGATTGTAAAGGCTTAAAACTTGGCGATTTTTTTTCCATCATCTTGGAAACATCTAAAACTGAATCTACCTTCAAATTTGTTGCTTTTTCGCCATTAAGACGGACAAGATGCTTTGCAGTAACTCCATAAATATATGCAATCTTACCAAGAGTCTCTCCTTGCTTTACATAATGAAAATTAATATTATCAAAAGCCCTTTTAATATACAATTTTTGACCAATCATTAAATTCTTATTTTCCAGAGAATTAAAGCGTACAATATCCTCAACACTAATATCAAAATCTACGGAAAGCTTTGAAAGAGAATCCCCCTTTTTCACTACATATGGCTTTAAAAAATCAGGTTCATCTAAATTTAACTTAGAACCAACCTTAAGACTCTTAAAACTTAAATTATTCCAAGCCATTAATTCTTTTTCCCTAATGCCATATCTTTTCGATATATCTCCAATAGTATCACCGACTTTAACAACATGAATCTTAGAACTAGTATGAACATCGTTCAATTTAGGCTTATCATCGACCTTCCTAGCAACAATTTTGTTCGCCTTAGTAGAACTTGGAATAAGTAACACATGCCCAATTCTAATACTCTCAGATATAAGACTATTTACTCTTTTAAGTTCTTTTATTGAAACCTTATACTTAAGAGAGAGCGAATATAAGGTATCACCTTTAACCACTTCATGTTTAAAATCAGCATGTAAAACAAAGGAACTTATGGTCCACAGAATAATACTAAATCTTTTAATATTAAAAATAAAAGGACTACTATTTCTCCTTAATCCCAGTATTTTGAACAGTATAATCATAAATGATCCAACAATAATCATACTTTTTTAAAAAAAAGGTATATCGTCTGGCTACATAAAAATGACCATCATCAAAATACACATCAGACACAACTTTACCTGTAGAATCTGTATAAGTTGTTTCAACAATGGAAAATTTACTTGGAACTTTTGAAATATCAGAATTACTACTATTCCACAAATACTCCTTATACTCTTCTAGCATATTCTTAGAACCAGACTTAAGCTCCTGCTTATAAAGATAAGATTTACCTCGATCATTTAAAATGAGACTTTCAATATCAATATACAAAAAGAATTTTTCTTTATTCCCAAGCCGCAACGCTGAAAATAAATATTCAACAACCTTATCAGGAGATAGATTCTCTCTTTTCAAAACATTCTGAATTTCATGATTAGAAGTTAAACTAGAAAAATCAAATTCTTCAGCACCATTCCCCATTTTAGGCTTTAAAAACAAAGTAATAACATTAGACTCTATACTTTTTTGTGGATCTGATATATCTGGGAAAAACACACCTTTGACAAAATAGACTCCATCTTTATCAAATTGCACAAATTGATTTAAGTTCATAACTACAGAAAATCTCTCATTAGGTCTTAAGGTCAAAGTTCTCACAGGAATTGCGATATTTTTTGCTCTATTTCTAACATACTCAAGAGGTCTTTTAACTTTTATGTTAGTAGTACCTGTAACATCAAAATCAAAACCAAAAGTATTAATATCGCCTATTTCAAGAGTAAGTAAATCATCAGATGAATTGCTAAGCGAAACTTCAATAGAAACATTACTATTAACACGATAAATTGATTGATTAAAAAACTTTATCTTAAAATCAAGGCCCTTATAATCTCTAGAAAAAAGCATAAAAGAAACAACAGTAAGTGATATAACAAACAATAATTTTCTAAATTCCATAAACTCCTCAAAATCTAATTATATTACAAATAACGAAACAGAACATACCCATAATATATAATATTATACTAAACTACATAAACAAAAAGGTAAAAAATGAATATAAAAAAAGAATTAACTAACAGGTTACATAACAATCAAAATTTAAAAAGAATGCAACAACTCATTGAAAAAAATCTACCTTTTACATTAGTAGGGTATGAAGGATTTTTTAAAGCTTTTTTAATCAACACAATAAAAGAATACAGCAATAATAATAAAGTTATATTAATAGTTAAAAACGAAAATATTTTAGATGAGATCAAAAATGACTTAATGCAAATTACAGACAAAATATATGAACTCAATTCTTTCAGTCCCCTTGCATATCAAGGAATCAACTCAAAAAGTAAGATTTTTAGAAAACGAGTAAATTTCTTAATCAATTTTTACGAAAATAACCCTGGAATCTACATTGTCTTGCTAAAGTCTCTACTTAGCAAAATTCC
NZ_CP114720.1_gap13	442888	445355	2467	CTTGAAGGCATTTTTTCATTTAATCCATACACTGCAGACGTTGAAGCATAAACAAAATGCTTAATATTATCTTTATATATCCTACACGCATCCAAAACATTAAAAAAACCAACAATATTAACTGAAATATAACTATCGGGATTTTCAATACTATCTCTAATACCGGCCTGAGCTAACAAATGACAAACATGCGTAAATTTATAACAAGAAAAAAGAGATAAGACTTTCTTTTTATCTAAAATATCAAGATAAACAAAACTTAAATTATCATACCTATTACTTTGAACAACTTCACCGCTATCCATATGTTCATAATCAAATCCTAAAATTTTTAATCTCTCATACTTCAGACTAGGATCATAATAATCATTTAGGATATCAACACCTAAAACTTCATGCCCATTATCAGCAAGCTTTTTGGCAACATAAAACCCAATAAAGCCTGCAATACCTGTTAAAAATACCTTCATAGAACTACCACTACCAAAAATTACTAAATAAAAACATACCTATAATATTAATTGTTATAGATTTAAACAAAACATAAGTATAATAATCTCTTTACAAAGATCGTAAGCAAACACTTACTTCCTAACATTAGCATCCATCTTACGGTAACTACGAAAATTACTATTATATTTACTACCCCTAACATAAGAAATTCGAACTCTCTTTAAATTTCCATCTCCCTCACTCTCTGTTTTAATATCATTATAACGATTTAAAGTAGTATGAATAATTCTTCTCTCAAAAGGATTCATCGTTGGCAAAAGAATAGAACGTCTACTTCTTTTAACTTTATGCAAAGAGTTTATTGCCAAATTAATAAATCTTGATTTAAATCTTTCTCTATAGTCCTCAATATCTAATATTATTCTATTAAAATTACTATTGTCTCCAGTAAGCCTAGATAAATAAACATTCGCCAAAAGCTGTAAAGCATCTAAATTTCTTCCTTCTCTTCCAATTAAGATATTTGGACTATCTGTTTCAATAGAAATTTTAATATACTCACCTTCGGTAGATTCAATATTTAAATCAACAAAATACCCCATCTTATTTATCATTTCTTTAATAAAGTTTAAAACTTTATCATAAACATCTTCATTAAACTGAACCCCGGACTTTTTTGCATCCTCTTTAACATGAGGAGACACTTTTATCTTGATCATCTCTTTTTTAAATAAAAAACCAACCTTTTCCTTATTCAAAATCTCTACATCAAATTCACCTTCTCTCAAATCAAGATCTCTCATGGCCTTTTTAATTGCTTCTTGTTCTGTTTTACCATAAAACTCATAACTCATTTGTTCCTCCTTTCAGATATATTCATCTTTATGTAATATTGTTGCAAAATAGTAAAAATATTTGTTGTAATCCAATAGATCAAAAGCCCTGATGGCATATCATAAAGTATGAAAAAAAACATAATAGGCATACCAAAATATAAAAGCTTTTGCTGTGAGCCAAGATTCTTAAAATCAACATTAGAACTAATCATCGTAGAAAATAACTGAGTAACCATCATAACAAAAGGCAAAATTCTAATATCAGTCCACAAAAAAACTTTGTACCCAAAATAATATACACTATCACCAGCTGACAAATCATCAATCCAACCTGGAATAAAACTAGCCCCCCTTAGTAAAAAGAAATTATTTACAAGCCCATAAAGAGCAAAAAATACAGGTAATTGTAAAAGAATAGGGAAACATCCTCCAAGAGGATTCACACCTTCTTCCCTGTAAAGCTTACCCATCTCTTCATTTAATCTTCTAGGATCATCTTTAAATTTCATTTGTATATCTTTCATTTTTGGCTGTAATTTAGAAAGCTCTGCTGTAGCTCTAAAACCCTTAAAAGTTAAAGGGAATATAAGTATCCTTACAACAATTGTTAAAAATATTATTGAAAGTCCCCAATTAGGAATAACATCATAAAAAATTTGCATTATTAATTGCATGGGAACCTGAATAAAATATAATAAGCCCTTTTCCACAGACATTCCAAATTCAACATTAGACAAACCAAAACTATTAAGGTTATCTTTATCAAAAATATCTAAATAGCTACTATCTCTAGGTCCTACATAAATATAAAAGGCATCTCTAATATTTTTATTACCTATTTTATTCAAAATAAAAGTATTTAAAATACTATCTTTCTGTTTAAATTCAACATTCATCCCATCTTTTGCAACTAAAACTTCAAAATATTTAGTACCCGCACCAACCCACCTAGGATTAACAACATTTAAACCATCTTTACCATATCTAAGTTTATTATCATAATAAATAGTTTGAGATAAATAATTACTATATTGAAGTCTACCTCTCTGACTCAATTCTTCAACATCAGAGCTTAATACAAACTGATAAGAATCAATATCAAGATTATTATCAGCATCAACATTGTTTAAAAAGATTTCAAACTTAACTAAATATTCATCTTTTTTTGAAAATGTATA
NZ_CP114720.1_gap14	448966	453034	4068	GCTTTCATAAGCGTAAGTTTTTTCTTATTATCTGTGTGTTTGTTTTATTATATTTTAATAGTGGTATTAGTAGGGAGCTGTCTAATTGTCTAATTTTATTTATCTTATTATATTATAATGAATAATCTCTGTTTAATTATTTGTATTTTTTGATGAATTATTTGTTTAATTTGTTCAAAAATGTTTTAAGTTTTATAAATTTTGTTAATTTTTGTTGATCTTGTTCATAAGTTCTATGATTAAGTTGTTAATTTCTAAGTCATTGTTTCTTTCTCTATCTATCTTGTTTATTGAATAAATTACCGTTGAGTGGGTTTTTCCTCCAATGATTTTGCCTATTTCAATTGTTGAAAGCTCTGTAAAATTCCTTAAAAGATAAGCATAAATGTGTCTTGCTTTTGTGATTTCAGGTTTTTTACTGTTGCCTTCAATGTCTTTATTTGTGAGTTTTAGTTCTCTTAATATAACTTTTTTTATATTTTCGATGTTTATTTTATTATGTGTATTTTTGTTTTCTTGTTCATAAGCTATTATCTCTTTAATTATTTTTTCTACTATGCTAGTGTCAATTTCAATATCTTCTAGATCTATATAGGCTTTTAATTTTGTTACAGCGGCTTCAAGATCTCTTATATTTGTTGTAACTTTTTTTGCAACTAAATTGAGAATGTTTTTTGGGACTTTGATTCCATCTTCTTCTGCTTTTTTTTCTATGATTGCTATTCTTAGTTCAAAGTTTGGTTTTGATATGTCTACATTTAATCCTCTTGTAAATCTGCTTTTTAGTCTATCTGTGAAATTTATGAGTTCTGAGGGTTGTCTGTCGCATGTAAATACCATTTGCTTATTGTCTTCATAAAGAGCGTTGAAGGTATGAAAAAGTTCTTCTTGTATTCCTTCTTTTTTTTGTAAATCATGAATATCGTCTAGTAGTAGCATATCTAAATGTCGGTATTTCTTTTTAAATCTTTTTGTTTCATTTGTTTTTATGCTTTCTACAAATTCATTTAAAAAATTTTCAGCAGTTACATAAAGTATTTTAAATTCTTTATGTAATTCTTCTGTTTTATTTCCTATACTTTGAAGTAAATGTGTTTTTCCAAGACCAACTCCGCCATAAATTAAACATGGATTATATTTTTTACCAGGATTTTTTGCAATTGATAAGCTTGCATTGTATGCAAGCTTATTATTTGGTCCTGTAATGAAATTTTCAAATGTATATTTCTTTTTAAGAAAGGGATTTCTATATTTTGTGTGAATTTCTTCTTTTATGGTATGTTTTTTTGTATTTTCTTCTACATTTTTGGTTTGAGTTTTAAATATCAATCTTTTTTCCGTAGAATCTTGTTGTATAGAAATATTTTTTAATGAATTGTTTTTAGATGTTATATCATGAATTTTTAATTCATTTTCTGGATTTATAAATTCAACATTAATTGTATTATAGCTTTTCTCTATGAGAATTTCTTTTATTCTTTTGGAAAACCTCTTTTCTACTTGATTTTTATGAAAAGAATTTGGAGCAGATATTTTTATACTGTTGTCAGTTGCATCTATGAAATATAAGTTTTCAAACCATATATAAAATTCTTCTTCAGAAAGCTCTTTTCTTATTGTTGCTAAAATTAAGCTCCATATGTTTTTTCCCTCTTGCATACTTTATCCTTATTGGCCTTGGCTATTTATCATTATATCTTTTTGATTTGATTAATGTATGTATAAGTATATAGTATAATAATGAACTAGAATATTATCTTAACTATTTATGGATTTTGCAATTTTTTTGTTTTCAATTCAAGTTTAATATGTCTTATAATTTGTATTATCTAATAGATATTATGTTAATTTTAATATAAAATTTATTTTAATATAAAATTTATTTATATCTGTGTCTATGTTATTATTATTAATTGTGTGGAAGGTTTATGAGTTATTTTGCTAGTAATATTCAGGTGTTAAAGGGACTTGAAGCTGTTAGAAAAAGACCCGGTATGTATATTGGATCTGTTTCCATTAATGGATTGCATCACTTGATTTATGAAGTTGTTGACAATAGCATTGATGAGGCTTTGGCGGGATTTTGTGATAAAATAGATGTTGTTATAAATGAGGATAATTCCATAACAGTAAATGATAACGGTAGAGGGATTCCTACAGATATTCATGAAGAAGAAGGGATTAGTGCACTTGAACTTGTTTTAACTAAGCTTCATTCTGGAGGAAAATTTAATAAAAATACTTATAAAGTTTCTGGTGGACTTCATGGGGTTGGAATTTCAGTTGTTAATGCATTATCATCTTTTTTAGAAGTGATTGTTAGTAGAGATGGAAAGGTCTTTAGGCAAACTTTTTCAAGAGGTATTCCAACATCTGAAGTTGAAGTTATTGGGTCAAGTTCTTATCGGGGTACTAAAGTTACTTTTTCAGCTGATTCTGAGATTTTTGAAACCTTGGAATATGATTTTGAAACTTTATCAAAGAGACTTAGAGAACTTGCATTTTTAAATGATAAAATACGAATCTTACTAGAAGATAGAAGATTAGGAAAAGAGAGATTTTTAGAATTTTATTTTGAAGGTGGAATAAAAGCTTTTGTAGATTATATAACAAGTAATAACAAAAATATTCAAAGTGAACCTTATTTTATCGAAGGTTCTTGTGATGATGTTATTGTTAATGTTGGTCTTAAGTGGACTGAGGGATATTCTGAAAATATTTTGTCTTTTGCAAATAGTATTAATACTAGAGAGGGCGGAACCCATGTTTCTGGTTTTAGGCAGGGTCTTTTAAAGGCGATGAGTGAAGCTTTTAGGGAGTCAAAAATAAGCAAGAAAGATGTTCCAAGTCTTACATTAGATGATTTTAAAGAGGGTTTAACAGCGGTAATTTCTATTAAGGTTCCAGAACCTCAATTTGAAGGTCAAACTAAAGGAAAATTGGGAAATTCTTATGTAAAAAAAATTGTTGAAAATATTGTACGTGATGGGCTTTTGAAAATTATTGGTGATAATCTTTTAGAAATAGATGTAATTCTTAATAAGGCAGTAAAGGCTGCTCGTGCTCGTGAGGCGGCAAGGAAAGCCAGAGAGTCTGAGAGGAAAAAAAGTGCTTTTGAAAGCTTGGCATTGCCTGGAAAATTAGCAGATTGTGCATCTAAGAATCCAGTTGAGAGGGAAATTTATATTGTTGAAGGTGATTCTGCAGGGGGAAGTGCAAAGATGGGCAGAAATAGATTTTTTCAAGCGATTTTGCCATTATGGGGCAAGATGCTTAATGTTGAGAAGACAAGAGAAGATAAGGTTATAACAAATGATAAGCTTATTCCAATAATTGCATCTCTTGGTGCTGGTGTTGGAAAGACTTTTTATATTGAAAAACTTCGTTATCATAAGATTATTATTATGGCTGATGCTGATGTTGATGGATCTCATATTCGGACATTACTTCTTACTTTTTTCTTTCGTTATATGAGAGAGTTAATTGAAAATGGCCATGTGTACATAGCTATGCCACCTCTATATAAAGTTAAATATGACAGTAAGGTTCATTACTTCTATAATGATTTGGAAAAGGAATCTTTTTTAGGCTCAATTGAAACTGTTAAGAGAGATAAAGTTAGCATTCAAAGATATAAGGGTCTTGGAGAAATGAATCCTACACAACTTTGGGAAACTACTATGAATCCTGCTACTAGAAAGATGAAATTAATAGGCATAGATGATGCTGTACAGGCTGATAAAATTTTTGTTACTCTTATGGGGGATGAAGTTGAGCCTAGGAGAGAATTTATTGAACAAAACGCGCTTGATGTAGTAAATCTAGATGTGTGATTGGAGCATTAATGGCAATTGAAAAAAATAAAGAACAAATATTAAATATAAAAATAGAAGATGAGGTGAGAACTTCTTATTTAAATTATGCAATGTCTGTTATTGTTTCAAGAGCTCTTCCTGATGTTAGAGATGGTCTTAAGCCTGTTCACAGAAGAATCCTTTATTCAATGCATGAAATGGGACTTAAATCTGAAAAATCGTTCAAAAAGGCTGGAAGAATTGTTGGAGATGT
NZ_CP114720.1_gap15	540136	543117	2981	ATTTTTTATAGTGATGATGTTAAATTGTTTGGTTTTAAAGGTGTTTTGAAGGTTGAAGATAATGAGTTGCATGGCGAACATTTAAAAGCTTTTTCATATAATCCAGATTTTTCTCAATCTGATACCATTAGTTTTAAGGAAAATGCATTTTTAACTCAAAAATCGTATAATAATCTGATGAGTTCTATTTTAAATGATTTGGATACTTTAAGTAATTTTTTGCTTTCTTTAGAAACTTTTAGTTTAATATTTAATATATTTGGATTTTCTTTACTTTTGTTTTCATTTTCTTATACTTTTAACTTTATATTTTCAAGTTGTTTTTCTTTATTTCTTTATCCTATTTTTGTTATATTCTTTTTTAAGGTTTACAATATTTATACGATTGAATTTCCCAAGAATGTTAATTTGATTATTGGAGAAAATGCATTTTCTAACTATGTTCCTTTTATTTTTTGCTTGCTAACCTTTTTTTCCACTTATTTGGTTGGTTTTATTTCTGAGTATATTAGGGTTGGTGGGAAATTTAGTAATAGTTTGCATTAATATAGTTTAATAAATATGAGAAGAGACTTATATATATTTTTAAGCAATTTTATTATTTTTTTGTTTTTCATTATTGGTTTGATTTTTTGTTATGCATATTTTTTTGGAGCAGATTATCTAGAAAAAGATGTATTAGCCGCTACATTTTTGGACACTGTTTTAAACGTTTATTATTATTTTAATGGATTTTTTATTTTTTTTGTTTTAATTTATTTTATTTTTTTGACTAATAATGAAATACGATCTTATCTAAGAGAGTATAAAGGATATTTATTTAAAAAGCTTTATCCGTTCATTTTTTTATTTTTTACAATGGGCATTGTTTTTATGCTTATTTTTAACTCTATTATGTCTTACATTTTTGCTCAAAAAAGTGAATGTAAGTATAATTATGAGAGATATCATTTTCTTGAAAGTCAGGCAAATACAATAGTTAATGATGTTAAAAACATAGATATAAATTTATCTTCAAATAAGATTTTAGGTGTGGATGAGTCAATAGAAATTTTGAAGCAGAAAAAAAGATACCTTGAAAAATTGATTAAGATATATGAAAAGATGAAACTTATTAATGCTGATGACAATGAACTTGCAATGAATTATTATCTGGTGCGGTCTGAATATGATAGAATGCCTGTTTATGATATTGATTTAGAAAAGGCTAGAAAGACTGTTAAAATGTATTTGATTAAAAATCTGAAGAAGAAAGACTTTCAAGATATTGTTAATGGATTTATTGGTAAAGGTGATTATTCTACAGCTAATTATTTTGCTTATATGGGATTTGCTTCGACTAAAGATGATGATTTTTCTGCACTCTTAGACTTGACTTTCAAGGCTATTAATGAGAATAAAAACGTTGATCTTGAAAGAAAATATTCAGTTTTTGAAGAGAAGCAAAAAAATTTTTTATACCTTAATACAGGAAAATTTAAATCTGCGTATTATGGCTTTTTAAAACTTCATAATTTATTTCCAAATGACAATGAGATCTTAAATTATAAGAATAAATCTTTAGAAAAACTTAAGAGTGAGTATTTCTTTTTTGATGAAATTGAAAAATATTATGAGCATTATGGTATGAATGATGTGTTTTTGTTTCAACCTGACTATAATAATGGGACGTACGATTATATTTATATGCAAAAGGTAGTAAATACTAGGTCTTATATAAAGATGATTAAAAATTTTGAGCTTATTAAATTTGATAATTTAGGCAATATTATATTGCATATTAAAGTGCCATTTGCTACTCTTAAGGGGAATAGAGTTTATCAGAATGTTTTAGATAAGAAAAATGAAAATAGTGATGTTACTGTTACTAGGATTCTTGTGTCGCTTACAAATTTTAATTTGAATAGTCCAAGTATCATTGATATTAATCAAAATATTGATAATTTGAGTTTATTTGCAAATTATGGTGAAAATGATATTTTTTTGCCTATTCAAAATCTTACAAGTACTTTTAATCAAGTTAAACTATTTAACTTAAGATCGATTAATGTTTTTTCCTCAAGTCTTTTTTTAATGATGAGTCCCATGGTATTAGTTTTTTTGGGAGTTGTATTTATTGCTGTAGCTTCTCGTATAAATTTTGAATTCAATTTAAAATTTGTAATATTTCTTGTATCCTTGATTATAGCTGTTTTTTCAGTTATCATTTCTCTTTTTATAAATTATTTATTGTTAATTTTAATAGCACTTTTTATCCAGATATCAGTTAATATATATATATCTTTTATTTTGATTTTTTCTATCTTGTTCATTATTGTGTTACATGTAATGCTAGTTAATTATAGATAAGGATAACTTTTATTGGGAATTTGTGTTATCTATTTTAGATAAAAATAGTTCATTAATCATTTGATTTTCTTTTTCTATTTGTTTTTTGTTTAATATATATGAATTTTTGTTTATATAATTTTCGTCTATGATAAATGAAGGTATTTCTTTGACTATGTACTTCAATTTTAGGTTTAGATCTTTATAAGGTGTAAATCCATTGACGAAACCAAAATGTTCGTTAAATTTTGCTTTGTTTTTAAGTTTAATTAGAGTTTTCTGTACTTCTTTGTTTAGTATCCATTGAATGAATTTTTCTATGGGTTTTGATATTTCTTTAACGCCTATAAAGTTTATATTGTATGCTGATGATTTCTTTTCCTTATTTGTTAGATATGAAAAATTGATTTTATCTCTGGTATTTTGATTCAATCTATTGTAGTATGTCAAATTAGTTATTCCTGCAATAAGAAGGGTTTTCTTTTGAAATAATATTTTCTCTAAATTTAAATATTTGTATTTTTCTGCGAAGCTTTTTTGTAATGCAAGTTCATTAGCATTCATGAAAGACTTGAAGTAGTTTATTATGTTAGACATTTTTTTTTCATCGTATTCTGGTTTGTTTTTTTTGAAGTGAAAATTTATGTCGTTTA
NZ_CP114720.1_gap16	726796	730579	3783	CAGGATAATCTTGATCTTTTTCAAGATACTGTTTGTGATTTTTTGCTTAATTCTATGAGAAATAAAATCCAAGGTGTTGTTACAGAGAGGGGTAACAAATTTACATCTCATGTTGTAGTGCTTACAACTGGGACTTTTCTTAGAGGTAAAATATTTATTGGTGAGTATAGGGCTTGTATGGGAAGAATTTCTGAGCCTGCTGCTTATGGTCTTGAAAGGATTTTACTTGATCTTGGTTTTGAGATGGGTAGGCTTAAAACAGGTACACCTGCAAGAGTGCACAGGAAAAGTATAAATTTTGCAAAAACAGAGATTCAATTTGGAGATTCTGATATCATTCCTTTTTCCTTTTCAAATACTAAGATGGATAAAGTCCAACTTTCTTGTTATATCACTTATACCAATAAAAAAACTCATGAGATAATTAGTGATAATATGCATCTCTCTCCCCTTTATTCTGGGGAAATTGTTGGGAATGGTCCAAGATATTGTCCTTCAATTGAGGATAAGATAGTAAAATTCAAAGATAAAGATAGACACCAAATATTTATTGAACCTGAAGGATTAAGTACTGAAGAAATGTATCTTAATGGCTTGAGTTCATCTTTGCCCGAGGATGTTCAAAAAAGATTAATCAATAGCATTGATGGGCTTGAAAATGCAGTTCTTACAAGGCCTGGATATGCTGTTGAGTATGATTATATCAATCCCATTGAACTGTATGCAAGCCTTGAGACTAAAAAGGTTGAGGGACTTTTTATTGCAGGGCAAACTAATGGTTCATCAGGGTATGAGGAAGCTGCGGCCCAAGGGTTGATGGCAGGCATTAATGCAGCACTTAAATTACAGGGAAAAGATCCTATGATACTTCCAAGGGCGAGTTCTTATATTGGAGTGCTTATTGATGACCTTGTTACTAAAGGGACTAAGGAACCTTACAGAATGTTTACTTCAAGGGCTGAACATAGGCTTAATTTACGACATGATACTAGTGATAAGAGGTTGATTAAGTGGGGACATGAAGTTGGACTGGTTAGTGAGGAAAAATATTCTAGATATTTTTTCAAGGAGAAAAAAATAGAAGAAATTAAGGAACTTTTGCGTCAGAGGCGTCTTAAGGAAAAGGAAGCTAATACCTTACAATTAAAGAAACATGTTAATAAGGATTTTTATCATATTGTAAAGGATCCCTATGTTAATTTGATTGATCTTGTTAACTTAGATTCTAAGTTAAGTGCTTCCAAAGTGATTCTTGAACAGGTTGAATTGGATATTAAGTATGAGGGTTACATTAATAGGCAAAGAGATTTGATTAATAAAATGAATAACCTTGAGCTCATTAAATTGCCTCTTGATTTCAATTATGAAATTGATGGTCTGTCTAGAGAAGCAAGGGAAAAATTTGCTAAAATTCAGCCAATCAATCTTGCTCAGGCAAGTAGAATCTCTGGCATTAGAAATACAGATATTCAAGTTTTGCTTATATATTTTTCAAGTCCTAAAAGTAAGCTAGTACCTAATATGATGATATTATGATGAATTATTTTAACTTTCTTGAAAAGTTTTAGGTGGTGGGGACTTTTACTTATATAAAGCATTTGTAAGTTGATATAAAGAGAAAATAAAAATGAATTTATTACAGTCAGAATTTACTAGAAATATAAGAAAATATACAAATATTTTAAAGTATGGAGATTTGATTATGGCTTGTATTAGATGATATTGAAATCTTTTTTGACAAATTAGAAATAATATCATAGGTAATGAATAAAGCTAAGGGGAGGAATTTTTTTATTTATTAGGTAGTGATTTTATTTTTGTGTTTTATTGTTTATATTTTATTTTTGATAAAAAAAATTTTAGTACTGTAGGAGTGGTATGAAAAGTGGTTTTCAAATAGATTCTGAAGTAGAGAATGCATTAGGTTTGATCAATAAATTTAGAAGAGAAGTTTCGAGTAGGATTCTTGGTCAAAGAGAAATGATTGATGCTATTTTGATGGGAATTTTAACTGAAGGGCATGTCTTGCTTGAAGGTGTACCGGGACTTGCAAAAACATTGACGATTCAAACAGTGTCAGATGTTCTTGATCTTGGGTTTAAAAGAGTGCAATTTACTCCAGACCTTTTGCCTTCTGATCTTACGGGTAACATGGTATATAAGAGTACGACAGGAACTTTCAAAGTTAGAAAGGGACCTGTATTTTCAAATATTATTTTGGCAGATGAAATTAATAGAGCTCCTGCAAAGGTTCAATCAGCACTTCTTGAGGCAATGGGTGAACGTCAAGTAACCCTTGGTGATGAGACCCATAAGCTACCAGAGCCATTTTTTGTTCTTGCAACACAAAATCCAATTGAACAAGAGGGGACTTATAATTTGCCAGAAGCTCAACTTGATAGATTTTTATTAAAGGTGAATGTGAAATACCCTTCTATTCAAGATGAAATCAAGCTTCTTAAGATATTTTCAGTTGATGGTGGTCTTGAGAATATTAAAGTTGCAAAGGTAATGAATATTTATTCTTTAACAGATCTTAAGCGTGTAGTAGGGAAGGTTAAAGTGGATGATAAAATAATGCTTTACATTGTTACTTTAATAGCGGCTTCTCGTGAAAGTGACAAAAAAACTTATCCATTTACTAAATATATTGAGTTTGGGGCTTCTCCTCGGGCATCACTTAGTTTGCTTAAATGTGCTCGTGTTAATGCTCTTTATGAGGGTCGGTTGTTTGTTCTTCCTGAAGATGTTAAGGCTGTAGCTTACAATGTGTTGAGGCATAGAATTACTCCATCTTATGAGGCAGAGGTTGAGGAAATGAATACTGACGATATTATTAAGATACTTCTCTCAGCTGTGGCACTTCCTTAGAGGTTTATTTAATATGCGATATAGTAATGAGTCAAATGCTACTAGCACTAAAACTAAAATAAAAGCTTTAAAATTCTTCTCAAGAAAAATGCTCTTAGAGCTTAATTTTGGGGGATATCGTTCTATTTTTAAGGGTCTTGGTCTTGAATTTCATGAGTTTAGACCATATGAGGAGACAGATGATGCTAGATTGATTGATTGGAATGTTAGCTCAAAGACAGATAGTATATTTTCAAAGGTTTTTAGAGAAGATAAGGGAATGAATCTTCATCTGCTTGTTGATAATTCTCTTTCAATGAGTCTGGGAAGCTTGACTAATAAAAAAGAAATTCAGGATTTATTAGTTTCTATTTTTGCTCATATGGCATTTTTTAATAATGATAAGATAGGGATAACTTTTTTTTCAAGTGCAACAGATAAGTTTATTTCATCTAGGAAAGGACATTCACATTTAGGATTAATTTTAAATGAGACAATAAATAGAAAGCTTAAAAGAGGAAGTAATTTAACTTATGTATTTAAAAACACAGCTGAATATTATAAAAAAAGGTCCTTGATTGTCATTATTTCAGATTTTAAAGCCAGTGATTATTTTAAATCTTTGACTGTTCTTAGTAAACGTCATAATATTATTGCAATAAGGCTTACAGATTTTTTTGATGAGAATCTTCCTCAATATGGGTTTTTAACTTATGAAGATATTGAAACCCGTGAGAATTTTTTCATTTCAGGATTTAGTAAAGCTATATTAAATAGTTATAAAAATTATTGGACACTAGATAAAATAAAATGGAGGAAAGAATGCATAAAAAGAGATATTAATTTTATAGAAATTAGTACAAAAGATGATGTTTTTAGAAAATTGAAAGCTCTTTTAAAAAAGGAGAATAGTATTTGAGAAATACAATTGTT
NZ_CP114720.1_gap17	850437	854799	4362	TTTGGTGGGACTTGCTACAATTTTTGAGGCAGAAGGTTTACTTGTCGCAGCTGCTAATTATTATCTATCTATTCTTGAATATGATCAGTCGAATTATAATGCATTTGAGCATCTTATGAATATTTATGAGAAATTAAATATGAATAATAAGGCTCAGTATTTAATAAACAAAGTTAGAAGCAATTTTACTTCTTTGCCAAGTTTTCATAAAAAGGTAACAGAATTTTCGATTAAGACTAATAGTTTAGGGGTTGCTGAGAAATATGCTCAAAATTACCTAATGTTAGTGAAAACTACTTATAAAGACCTTGGACTTGTTGATGCTTACCGTTTACTTGCTCTTGTTTACTTGTATCAGTCCAAATATGAAGATGCTTCTGCTGTCCTTCAAAAGGCACTATTTGTTGATCAAGATTCTGCTGAACTTTATTATTTGCTTGGTTATTCTTATTTGAAGCTTGGGGAAGTTAGTAAAGCTGTTTTAAACTTGGAAAGGGCCAAGAATATGAAAAAGGACTTAGAGTTTTATAATATAGCTCTTGAAGAAAGCTTTTTTGTTTCTAATTTTAGGAGTTCTCTTCAAAAAAGTATTGGTACTAACATCGAAATTTCTAAGAGATATGAAAATGAGGGAGTTAAGGCTTTTAAGAATTTGAGTTTAGATAGGGCAATATTTAATGTAAAGAATGCTATTGATATTTATCCTGATAATGATAGTGCTAGGTTTTTACTTGCGAAAATCTATAAGTTTATGAAGTTGGATATGATGGCTTATGAGGAACTTTATTATTTAGTAGAGCAGAGGAAAAGCACAGATACTAAGATTTTGGATTTTTATGATATAGTTGCATTTGATATTCGAAGTTCTTTGTTTTTTAGATATGGTTATAAAACTATTAGTGATTTAAACAAGCTTTATGATAATCAAACAGTTTATAAGATAGGTATCTTTACTCAAAATGAGAACAAAGTTTTTGGTGCAAATGATCTGATTTTAAGATATGCTGAGCGGATAATTGATCGAGATCTAAATATGGAAGTAGTTAATTATAGGTTTGATTATGATAAAAATAAGGATTATTTGGTAAGTAGTTTTTCTGAAGAATTTTCTTATGCAAGAAATAATAATCTTGATTTATTTTTAATGTTCGATCTTGATGTAGATGTTTTTAAAAATTCAGCTAGTTTGAAGGTGGATGTTTTTTCAGGTAAAACGGGAGTTAAGGTTCAAACTTTTAACTATAATTCTGCAGGAGTTTTATATTTAAGCGATATTTTAACTTCTTTTTATAGGGATTTTAATGATTACTTACCTAAAAGGGGACAAATACTTAAGATTAATAAAGATGATGTTCTGATGAATCTTGGTCATTTAAATGATGTAAAGAGAGGTGACATCTTTTTAGTTCTTAAAGAGGGGGCTTTAAAGTATAATAGTGATAGTTCTAGTTTTATTAGCTATAGTAAGTCAGATATTCTTGGTGAAATTTTTGTTGAAGAGGTTGGCGATTACATTTCCAGGGGGATTTTAAGAGCACCTGCTCTTTTAAGAGATTATATTCAAGAAGGGTATACCGTTTTTATAAAAAAATAGTTTGACACTTGTAATTAATTAATTTATTATTTAATAATTCTAGTATCTAATAAAAAATAGACGGAGGATTTGTATGAAGCTAGCTATTAATGGCTTTGGGCGTATAGGTAGAAATGTTTTTAAAATTGCTTTTGAGAGAGGAATTGAAGTTGTTGCAATAAATGACTTAACAAATCCTAAGACACTTGCTCATCTTTTAAAGTATGATTCAACTTTTGGGATATACAATAAAAAAGTTGAATCAAGAGATGGAGCAATTATAGTGGATGGTAAAGAGATAAAGATTATTGCTGAACGAGATCCAAAAAATCTTCCTTGGGGAAAATTTGGAGTTGATGTTGTAATTGAATCAACAGGTGTTTTTTCATTAGCAACAAGTGATAGAGGTGGGTATCTTGATCATGTTGATCATGCCGGTGCTAAGAAGGTAATCTTAACAGTTCCTGCTAAGGATGATATTAAGACAATCGTACTTGGTGTGAATGAGCATGAGATTACTTCTGATTTGAAAGCTGTTTCTAATGCTTCATGCACAACCAATTGTCTTGCACCTCTTGCAAAAGTGTTGCATGAAACTTTTGGTATTGAACAAGGACTTATGACTACTGTTCATGCTTATACAAATGATCAAAGAATACTTGATCTTCCACATGCTGATCTTAGACGAGCAAGAGCTGGGGCTCTTTCAATTATTCCTACTTCAACAGGTGCTGCTAAAGCTGTTGGGCTTGTTTTACCTGAACTTAAGGGTAAGCTTAATGGTACTTCTATGAGAGTTCCTGTGCCAACAGGTTCTATTGTTGATCTTACAGTACAACTTAAGAAAAAAGATGTTACAAAAGAGGAGATCAATTCTGAGCTTAAGAAGGCATCAGAGTCTAGGGAACTTAGTGGTATTTTAGGATATACAGAGGATCCAATAGTATCTTCAGATATTAAGGGAAATTCTCATTCTTCAATAGTTGATAGTCTTGAGACAATGGTGTTATTAAACGGTTTTGCAAAAGTGCTTTCATGGTATGATAATGAATTTGGATATTCTACAAGAGTAGTTGATCTTGCACAGAAATTAATTAAATAAGGGATAATAATAATCTTGAGGTAATTATAAATGTCAATAAAAACGATGAAAGATTTTGACTTTTTAGGCAAGCGTGCTTTAGTAAGATGTGATTTTAATGTTCCCTTAAAAGATGGGAACATTACTGATGATACTAGAATTAGGGCTGCGTTACCCACAATAGAGTATCTTAAGTCTCAAGGAGCCAAGGTTGTTCTTATGAGTCATTTGGGTAGGCCAAAAGGAGAGAAAAATCTTAAATATTCTCTTATGCCTGTTGCTAAAAGATTATCAGAACTATTAGAGCAGGATGTTAAGATGCTTCCTGATTGCATAGGTGATGAAGTATCTTCTGTTGTTTCTTGTATGCAAAATGGAGAGGTTGTTTTACTTGAAAACATAAGATTTTATAAGTCAGAAGAGGAAAATTGTGATGTTTTTGCAAAAGAATTATCACAAAATGGTGATGTTTTTGTAAATGATGCTTTTGGAGCTGCTCACAGGGCACATGCTTCTACAGTTGGGCTTGCAGCTTATTTGCCAGCTGTTGGTGGATTTTTAATGGAAAAGGAAAATGAGTTTTTGGGTAGAATTTTAAAGAATCCTGAAAAGCCGTTTGTTTCAATAATTGGTGGTTCAAAAGTTTCTTCAAAAATTGCAGTATTGGAATCTCTTTTGTCAAAATCAGATGTAATGGTAATTGGTGGAGGAATGGCATATACCTTTTTAAAAGTAGAAGGACATTTTATTGGGAAATCTCTTTTAGAAAATGGGTATATTGATGTGGCTGCTTCTTTTTTGAAGAAGGCAAAGGAATTAGGTGTAAAAATTGTTTTGCCCATTGATCATGTTGTTGCAAGTGAGTTTAAGGAAGATTCTATTCCTGAATATATTGATTCTGTTGACATTCCAAATTATAAGATTGGAATGGATATTGGTGAGAAAACTTTAAGAAAAATTGAGAAGTCTCTTGTTCATGCTAAAACTGTGATTTGGAATGGTCCTCTTGGAGTTTTTGAGTTTGATTCTTTTTCTAAGGGTACAGCAAAGGTTGCAGAATATGTGGCAAGTTGTTCTGGTATTACAGTCGTTGGTGGAGGAGATTCAGTAGCTGCTGTTAATAAGTTTAATTTATCTGAAAAGATAACCCATGTTTCAACAGGGGGTGGTGCTTCTCTTGAATATCTTGAGGGAAAAATTTTACCGGGTATAAAAGTGTTGGAGAAGTGAAATGAGAAAGATATTTTTAGCGGGAAATTGGAAGATGCACTATACAAGTGTAGAAGCTGCAAGTGTTGCTAAACAAATTGTAAGCGGAGTGCGAAATATTAAGGATGATATTGTAATTATGATAGCCCCTGCATTTACATCTCTTTGTAAAGTTTGTGAAGTCACTAAAGGAAGTAATGTTTTGCTTGGTGCTCAAAATATGTCTTATGAGAATAGTGGGGCAAGAACAGGTGAAATTTCACCTTCTATGCTTTTGGAATTTGGGGTTGATTATGTAATACTTGGTCATTCTGAATGTAGGTCTTATCTTGGAGATACTAATGAGGTGATAAATAAAAAAGTTCTTGCAGGTCTTAGACATCCATTTAAATATTTGATTCTTTGTGTTGGGGAAAGTCTTGAAGAGAGAGAACATAATAAAACATTGGATGTTGTTTTAAATCAGGTTAGAAGGGGGTTAATTTCTGTGCCTGAATCT
NZ_CP114720.1_gap18	856115	858032	1917	TCCTTTACAAAATTCACCTTTTAAAATTTTTTTCCAAGATTCTTCTATTTTTACTTCCATGCTTAAATTATATAAGAAATGATTTATTTTTGAACATTTTAATTTGATTTTATTTTTTTATGTAAACTTGTATTTTATGTATAGTGATATATTGAAGAGAATAGAAATTTTGTCTGAGTTTATTACGAAGCAAAGGAGGGATAGGATAGATGAAGTATTAAGTAATCCTATTAATTATTTGACACTTGTGCTTGAAGATATTTTTTAATCTCAAAATGTAAGTGCTACAATTCGTGCAATTGAAATTTTAGGACTTAGTAATATTCATATTATTGAGACCCAATAATAAAAATATATTTTAAATCCAGATGTTCTTCTTGGGGCTTCAAAATGGATAGATATAGTTAAAAATATACATGTGTTAGAGCTGCATTTGATTATCTAAGAGATAATGGGCATAGAATAGTGGCTACAACACATCTTTAAATAATCAGTCTGTATCTCTTGAAGATTTTTCCAATTGATAAAAAATGGCAATATTTTTTAGAACGGAATTAACAGGACTTAGTCATGAGATTTTAGAAAATTCTGATTTGCATTTAAAAAGGCCAATGTATGGCTTTACTCAAAGCTATAATATCTCTGTATTTGTTGCTATAGTTTTTTATTTTTTGATTATTCGTTTAAGAAAGGGTTCCATTATATATTGGTTAAATGAAGATGAGAAATTGGGATTAAAACTTGATTATTATAGAAAAATTGTAAATACATCTCTGAGTATTGAAAAATTTAAGCTTTCCTAGTTTCTTTGGTTTTCATAGCATTTAGGAAATAATAGATGAGGGTATCAATTGTCATTATTATAATGGTAAAAATCCATGAGCTTTCTATCATATTAATGTTATTGTCAGGGTATAATTGTGAGATTGCATACATTGAGATATTAGCTAATGCATAAGCTATACATGAAGCAAATAACCTTGATAGATTGTGATTGATCAATTTATTTCCTATGTTGTTCTTTTTTAGTATAGAGTATATTTTGATGCTAACATAACTACATAAAAATATAATGTATGTACCAGTGAAAATTATTGAAATATAAGAAGCATTGTAAAACAATACTTTTAGATGTATGTTAGAAGTGTCAAATTCATTTTGTTGAAAATATAATGTAAAGTGCATCATTATTGCAAAAGTTATATGCATGAGCATGTTTAATGTTGCGGATTTTATGGCTAATTTATCATTGTATTTTTCTGTAAGTAGGTTTAATGAACAAAGAATTGAGAGAAATGTTGCTCCTGATAGGCTAATTCTTTGTTCAAATATTAATATTCTCTTTAAAATGATAAGGTTTGAAATTATTGTCATCATGATGTTAAAACAAAAAAGTCCTGAACTTTCAAATAGATAATATAATAATATTAATTGTAAATATATAAATACCACTAAGGTTATCCATAAAATCATGTCTATCATATTCTGATTATATTAGATTACTAAATAATAGTTAAGCAGATATTTTTGTTATGCTAAATTTTTTTGTTTTGAGATATATATTTTGCAATGTAGATGAATGGAGTTCCTAGAATTCCAGCAAATCCTTTAATGATGTATGTAGAAATTACTATATCTAAATAAGCTTCTTGTGGAAATACATTAAAATATGTTGCAATATTTACAAAAATTATTGTATCCATTAGCTCACTTACAAGTGTTGAGCCATTACTTCTTATGAATAAGAATTTTGGGAATTTATTTTTAATAAGATCGTATAAGTATATATCATTTAGTTGAGACATTATGTATGCGATGATTGATGCAAGCAATAAAATTGGAATTGAAGAGAAAATGCTCTCCAAGCTTTTTAGATATATATCCGAATTATTTGTTGAAAAATAAAGTTGAATATTG
NZ_CP114720.1_gap19	904417	904917	500	CCTTAGGTAGCAGGACTTTTGGACCTTCATTTTATAATATTGGTCTTATGGTAGAGGCATTTATTGATGGGATACAAAAGGAAGGTGTTTTTGCTGCAGTTAAACACTTTCCTGGACTTGGAGGTACTAAAGTAGATACTCATAAAGATTTGGCTTTGTTACCGTATAGTAAAAATTTTTTGATGTTGAATAATTTTATACCATTTCTTTTTGCTAAGAAAGCAAAATTTATTATGCTTGGCCATGTACTTGTTCCTAAGATTTCTGAAAATATAAGTAGTATGTCAAAAGATATTGTGGATATTATAAGGTATAATTTAAATAATGCAAGTATTATAATTACAGATGCATATGATATGGGAGCAATTTTAAATAATTTTAGTCTAAAGGATGCAGTGATGAAATCTTTAAGTTCAGGTATTGATGTTGTTCTTATTCCAGAAGGATTTGAAAAAGTTAAATAAAATGAGTTGTGATTTATACTATTAAAATTTAAACAA
