gap_id	start	end	length	sequence
NZ_CP117986.1_gap1	1001	5745	4744	GATGAGGAAGGATTTTGTGGCCAATGTTTCTCATGAGCTGAAAACGCCGATTACGTCCATAAAAGGGTTTACGGAGACGTTATTGGACGGGGCGATGGAGGATAAAGAGGCGCTTTCTGAATTTCTCTCTATTATTCTTAAGGAAAGCGAAAGGCTTCAGTCTTTGGTTCAGGATTTGCTCGATCTCTCAAAAATCGAGCAGCAAAATTTCACGCTCAGTATCGAAACGTTTGAGCCGGCCAAAATGCTTGTTGAGATTGAAACGCTTCTGAAGCATAAGGCGGATGAGAAAGGCATCTCCTTGCACCTGAATGTCCCGAAAGACCCTCAATATGTATCTGGTGACCCGTACAGGCTGAAACAGGTATTTCTTAATCTCGTAAACAATGCGTTAACCTACACGCCTGAGGGGGGCTCCGTGGCTATCAATGTAAAGCCCAGAGAAAAAGACATTCAGATTGAGGTTGCCGATTCTGGAATCGGAATTCAGAAAGAAGAAATTCCGCGCATCTTTGAACGCTTTTACCGCGTAGATAAAGACAGAAGCAGGAATTCGGGCGGAACTGGGCTGGGCCTTGCGATTGTCAAGCATTTAATAGAGGCTCATGAAGGGAAAATTGATGTCACAAGCGAGCCTGGACGGGGAACTGTCTTTACCGTGACGCTGAAACGGGCCGCTGAAAAGTCCGCCTAATGTTTACAAAGGTTTAACAATATCTTCATGCACTGTTAAACCTATGCTGGTAGGATGTAGTAGAACCCCTTCATCCAAGGAGCCAATTTTGACGGCGGGAACCTATTTGTGTTCCCGTCCTTTTTTGTGTCTTCTCTTATAGTTCACGTATTTTCCTTTCAAATTGAACTTTGTTAAAATAAGAGGAGCTAATGACTATGTAAGAGATGAATGGAAGCCTGAGGCTTCTTAGGAGGAAATTGAATGACGGAACGAAAAAAATTAGTGCTTGTAGACGGAAACAGTCTGGCTTACCGGGCGTTTTTTGCATTGCCGCTGTTAAGCAATGATAAAGGTGTTCATACGAATGCTGTATACGGCTTTGCGATGATTTTGATGAAAATGCTTGAGGATGAAAAACCGACGCACATGCTGGTTGCGTTTGATGCCGGGAAAACAACATTTCGTCACGGCACATTTAAAGAATATAAAGGCGGCAGACAGAAAACCCCGCCTGAGCTTTCCGAACAAATGCCGTTTATCCGCGAGCTGCTGGATGCCTACCAGATCAGCCGCTATGAACTGGAACAATATGAAGCGGATGATATTATCGGCACACTGGCCAAATCGGCTGAAAAAGACGGATTTGAAGTAAAGGTTTTCTCAGGGGATAAGGATTTAACCCAGCTGGCAACGGACAAAACGACAGTTGCCATTACGAGAAAGGGAATTACCGATGTTGAATTTTACACACCGGAGCATGTCAAAGAGAAATATGGGCTTACGCCTGAACAAATCATTGACATGAAGGGTCTGATGGGCGATTCCTCAGATAATATTCCGGGTGTGCCCGGCGTCGGAGAAAAGACTGCGATTAAGCTTTTAAAACAATTTGATTCCGTTGAAAAGCTGCTGGAGTCCATTGACGAGGTGAGCGGAAAGAAATTGAAGGAAAAGCTTGAGGAGTTTAAGGATCAGGCATTGATGAGCAAGGAGCTTGCGACAATTATGACGGATGCTCCGATTGAGGTATCTGTTTCCGCCCTGGAATATCAAGGCTTTAATCGTGAACAGGTCATTGCCATCTTTAAAGATCTTGGCTTCAACACGCTTCTTGAACGGCTTGGAGAAGACAGTGCAGAAGCAGAACAGGATCAATCGTTGGAAGACATTAATGTCAAAACAGTCACAGACGTGACAAGCGATATATTGGTTTCTCCATCCGCATTTGTCGTTGAACAGATTGGCGATAATTATCATGAAGAGCCGATTCTCGGATTTTCGATCGTAAATGAAACGGGAGCTTATTTCATTCCGAAAGACACTGCCGTTGAGTCTGAGGTGTTTAAAGAATGGGTGGAAAATGACGATCAGAAGAAATGGGTCTTCGACAGCAAGCGGGCTGTTGTCGCTTTGCGCTGGCAGGGCATTGAGCTGAAAGGAGCCGAGTTTGATACGCTCCTTGCGGCTTATATCATCAACCCGGGCAATTCATATGACGACGTTGCGAGTGTGGCTAAGGATTACGGCCTGCATATCGTTTCAAGTGATGAATCAGTTTATGGAAAAGGAGCAAAACGGGCAGTGCCGTCAGAAGACGTACTGTCTGAGCACCTTGGCCGAAAAGCGTTAGCGATTCAAAGCCTTCGGGAAAAGCTCGTTCAAGAGCTGGAAAACAACGACCAGCTTGAACTGTTTGAAGAGCTGGAAATGCCTCTTGCGCTTATTCTTGGCGAAATGGAATCAACTGGCGTCAAGGTCGATGTTGACCGTTTAAAACGGATGGGTGAAGAACTGGGTGCGAAGCTGAAGGAATATGAAGAAAAAATCCATGAGATTGCGGGAGAGCCGTTTAACATCAATTCTCCGAAACAGCTAGGCGTCATCTTATTTGAAAAGATCGGCCTTCCTGTCGTAAAGAAAACGAAAACAGGCTATTCTACGTCTGCCGATGTGCTTGAAAAGCTGGCTGACAAGCATGATATTGTCGACTATATTTTACAGTACAGACAAATTGGCAAGCTTCAATCAACATATATCGAAGGGCTTTTAAAGGTGACGAGACCGGATTCGCATAAAGTGCACACGCGATTTAACCAGGCCTTAACGCAAACTGGCCGTCTCAGCTCGACTGATCCGAACCTGCAAAACATTCCGATCAGGCTTGAGGAAGGGCGGAAAATTCGCCAAGCTTTTGTGCCGTCTGAAAAAGACTGGCTCATTTTTGCAGCCGATTATTCACAAATCGAGCTGCGGGTGCTTGCCCATATTTCAAAGGATGAAAATCTGATCGAAGCTTTTACAAATGATATGGATATTCACACGAAAACGGCAATGGATGTGTTCCATGTCGCTAAGGATGAAGTGACATCTGCGATGAGACGCCAGGCGAAAGCGGTCAACTTTGGGATTGTTTACGGGATCAGCGATTACGGTCTGTCACAGAACCTCGGCATTACCCGGAAGGAAGCAGGAGCATTTATCGACCGCTATCTGGAAAGCTTCCAAGGCGTAAAAGCGTACATGGAAGATTCAGTACAGGAAGCGAAACAAAAAGGATACGTAACAACGCTTATGCATCGCCGCCGCTACATCCCTGAGCTGACGAGCCGGAACTTTAATATCCGAAGTTTTGCGGAGCGGACGGCCATGAATACGCCGATTCAAGGAAGCGCCGCTGATATTATCAAAAAAGCCATGATTGACATGGCTGCCAAGCTGAAAGAAAAACAGTTGAAAGCAAGGCTTCTACTTCAAGTACACGATGAATTGATTTTTGAGGCGCCAAAGGAAGAAATTGAAATTCTTGAAAAGCTTGTTCCTGAAGTGATGGAGCATGCGCTTGCATTAGATGTGCCGTTAAAGGTGGACTTTGCATCAGGCCCATCTTGGTACGATGCGAAATAAACAGAGATAGGAAGTGATGGATGTGCCGGAATTACCAGAGGTTGAGACGGTCCGGCGCACTCTGACCGGGCTTGTAAAGGGAAAAACAATCAAATCGGTAGAGATCAGATGGCCGAATATCATCAAACGGCCTGCCGAACCGGAGGAATTTGCGCGAAAACTAGCAGGAGAAACGATACAGTCCATCGGAAGACGGGGAAAGTTTTTACTGTTTCATTTAGATCATTATGTTATGGTTTCTCACCTTCGAATGGAAGGAAAATACGGTCTTCATCAAGCCGAGGAGCCTGACGATAAACACGTGCATGTCATATTCACGATGACGGATGGAACCCAGCTCCGGTACAGGGATGTGCGGAAATTTGGAACCATGCACTTATTTAAACCGGGAGAAGAAGCGGGCGAGCTCCCGCTTTCTCAGTTAGGTCCGGAGCCGGATGCAGAAGAATTTACAAGTGCGTATTTAAAAGAACGGCTTGCGAAAACAAACCGCGCTGTCAAAACTGCCCTACTGGATCAAAAAACGGTAGTTGGACTCGGGAACATTTATGTGGATGAGGCTCTTTTCAGAGCAGGTGTCCATCCCGAGACAAAAGCAAATCAATTATCAGATAAAACAATCAAAACCCTTCACGCTGGAATCAAAAACACTCTGCAGGAGGCGATTGATGCGGGCGGAAGCACAGTCCGTTCATATATCAACTCCCAAGGGGAAATCGGAATGTTCCAGCTGCAGCATTTTGTGTACGGAAAAAAAGACGAGCCATGCAAAAATTGCGGAACGATGATTTCGAAAATTGTCGTTGGAGGAAGAGGCACGCATTTTTGCGCAAAGTGCCAGACAAAAAAGTAGCATAATGCTTCATTGTCCAAGCTGTCGGTGCATATATCTGTAACTCTGGAATGGAGGATGCCATTTTCGAAACACGGATTTTTCACTTTCCCATATATATGATTGTGATGAATCCCGGGCATTTCACATCTGATACAAGAGCACCAACAGAAAGGAAGAAACGGATATGCAAATGGTTTCTATACTGCTGCTGGCGTTGGCTGTCAGCTTGGACAGTTTTTCAGTCGGATTTACGTACGGATTGAGAAAAATGAAAATACCGTTTAAAGCGATTTTGGTTATCGCCTGCTGTTCCGGTGCTGTCATGTTTA
NZ_CP117986.1_gap2	128714	132640	3926	AAAAAGGATATTTGTAACACTTTTTTTTTCGTCGAATTAAGCTATAATAGAGTTTATGAGTTTTTCCCTTTAGGGTATTTTTGCTTTAAGAAAGGAAGATACATACATATGTTTGGAATTGGTGCTAGAGACCTTGGTATAGATCTTGGAACTGCGAATACGCTTGTTTTTGTAAAAGGAAAAGGAATTGTTGTGAGAGAGCCGTCAGTTGTCGCTTTGCAGACGGATACGAAATCAATTGTCGCTGTCGGAAATGATGCGAAAAATATGATTGGACGGACACCGGGCAACGTGGTGGCTCTGCGCCCGATGAAAGACGGCGTTATCGCTGATTATGAAACAACGGCGACGATGATGAAATATTACATCAATCAGGCCATAAAAAATAAAGGTATGTTTGCCAGAAAACCATATGTAATGGTATGTGTCCCATCAGGCATTACAGCTGTTGAAGAACGCGCTGTTATCGATGCGACAAGACAGGCGGGAGCGCGTGACGCGTATCCGATTGAAGAGCCTTTTGCCGCAGCAATCGGGGCCAATCTGCCAGTTTGGGAACCGACTGGAAGCATGGTTGTTGATATCGGGGGCGGTACGACAGAAGTTGCGATTATTTCCCTCGGAGGCATCGTAACGTCTCAGTCAATCCGTGTAGCCGGTGATGAGATGGATGACGCGATTATCAACTACATCAGAAAAACGTACAATCTGATGATCGGTGACCGTACGGCTGAAGCGATTAAAATGGAAATCGGATCTGCAGAAGCTCCTGAAGAATCCGACAACATGGAAATCCGCGGACGCGATTTGCTGACAGGTCTGCCGAAAACAATTGAAATTACAGGAAAAGAGATTTCTAATGCTCTACGCGACACTGTATCTACAATTGTCGAAGCAGTGAAGAGCACACTCGAAAAAACACCGCCTGAGCTTGCAGCAGATATCATGGACAGAGGTATAGTGTTAACCGGCGGCGGAGCGCTTTTGCGCAATTTGGACAAAGTCATCAGCGAAGAAACAAAAATGCCGGTCCTTATCGCCGAAGATCCGCTTGATTGTGTAGCGATCGGAACAGGGAAAGCACTGGAGCACATCCATCTTTTCAAAGGGAAAACTAGATAATCGGGAGTTCAATAGAAGAGGTGTAACACGATGCCGAATAAGCGGTTAATGCTATTACTTCTGTGTATTATCATATTGGTGGCTATGATTGGATTTTCGCTGAAGGGCGGCCGCAATACCACCTGGCCTGAGAAAGTGATCGGCGATACGACGGGAGTATTTCAAAATATTTTTCATACGCCTGCCGAATTTTTTGCAGGAATATTTGAGAACATCAATGATTTAAAAAACACATACAAAGAAAACGAGCGTCTAAGAGAAAAACTTGACGGACAGACACAATATGAAGCCAAGCTTCAAGAGCTTGAAGAAGAAAACAAATCCTTGCGTGACGAGCTTGGCCATGTCAAATCGATTAAAGATTACAAGCCGATTTTAGCAACGGTCATCGCCAGAAGCCCTGATAATTGGGCCAAACAGGTCACCATTAACAAGGGGACTCAGCAAAACGTAGCGAAAGATATGGCCGTTACAAACGAAAAAGGCGCATTAATCGGCAAGATCAAAAGCTCCGGACTTAACAATTTTACGTCTACTGTTCAGCTTTTAAGCGATACTGACCGCAATAACAGAGTCGCGACAAAAATTTCCGGAAAAAAAGGCAGCAAAGGCTACGGCTTGATCGAAGGATATGACAAAGAGAAAAAACGTCTTAAGATGACAATTATTGAGCGTAAGGATAAACAAGACGTGAAAAAAGGCGATCTTATTGAAACATCAGGGACAGGCGGTGTTTTCCCAGAAGGGCTGACAATCGGTGAAGTGACTGATATCGAGTCAGATTCCTATGGACTGACGAAGGTTGCTTATGTAAAACCCGCGGCTGACCTTACAGATTTAAATAATGTGATCGTTGTTAACCGTGACGTGCCGACTGTCGATACAGAGGAGGAAGGATCGTGAAACGTTTCCTTCTCCCTTTCGTTATGATGCTTGTTTTTTCTGCGGAAAGCATTTTTACAGATTTGGTGCATTTTCCTTTCGTTACAGATGACCAAGTGCTCGCCCCGCGTTTTTTGATGCTTGTATTGATATTCATGTCGGCTTTTATCAACCAAAAACACGCGATGATTTACGGATTTATTTTTGGTTTTCTATATGACATGAACTATACAAGTCTATTAGGCGTTTACATGTTTGGTTTTGCAGGGCTATGCTATTTGGCTTCAAAAGCGTTTAAAGTGTTACATACAAACGCATTTGTAGTGATATTGATAGCAGTTCTGGCTGTCTGTCTGCTCGAATTTTACGTATTCGGCATTCAGTCTTTGATTCATAAAGACATTATGACGTTTAACGGATTTGTGCTTGACCGGTTTATACCGACAATTTTATTAAATATTGCAGCAGCTCTTATTCTTGTTCTGCCATTTAGATTGTTTTTTATGAGTCTAAAGAAAGAATTGAGAGATGAGTAAAAAGGATTTTATCTTTTTTTGACGAAATGAGTATGTTGTTGAGGTGAATATTGTGAAGACCAAAAAGCAGCAATATGTAACAATAAAAGGAACAAAGAATGGACTAACATTGCATCTGGATGATGCGTGTTCTTTTGATGAGCTTCTCGATGGTCTTCAGAATATGCTGTCAATTGAACAATATACCGATGGAAAAGGCCAGAAAATCAGCGTTCATGTTAAGCTGGGAAATCGCTTTTTATATAAGGAGCAAGAGGAACAGCTAACCGAATTGATTGCGTCAAAGAAAGATTTGTTTGTTCATTCTATTGACAGTGAAGTCATTACTAAAAAAGAAGCACAGCAGATAAGAGAGGAAGCCGAAATTATTTCTGTTTCAAAAATTGTCCGTTCAGGCCAAGTGCTGCAGGTAAAAGGCGACTTGCTCCTGATCGGTGACGTGAATCCCGGCGGAACAGTCAGGGCCGGAGGGAACATTTTTGTTCTGGGCTCACTGAAAGGAATCGCGCATGCCGGATTTAATGGAAATAATCAAGCGGTCATCGCCGCCTCTGAAATGCTTCCGACACAATTAAGAATCAATCATGTGTTAAATCGCTCCCCAGACCACATTCAAAAAGGGAACGAAATGGAATGTGCTTATTTAGATACAGACGGAAATATGGTCATTGAACGCCTTCAACATTTGGCTCATTTAAGACCTGATCTAACAAGGCTTGAGGGAGGAATGTGAATTGGGTGAGGCTATCGTAATAACTTCGGGAAAAGGCGGAGTAGGTAAGACAACAACATCTGCGAACCTCGGTACCGCCTTAGCCATTTTAGGGAAGCGCGTATGCTTAGTAGATACTGATATAGGACTGCGCAACCTTGATGTTGTAATGGGTCTTGAAAATAGAATTATTTACGATCTGGTAGACGTTGTAGAGGGCAGATGCAAAATGCATCAGGCGCTCGTAAAAGACAAACGTTTCGATGATCTGCTCTATTTAATGCCCGCTGCTCAAACGAGCGATAAGACAGCTGTTGCTCCTGAACAAATTAAAAACATGGTCCAAGAGCTCAAACAGGAATTTGACTATGTCATCATAGACTGTCCTGCCGGAATCGAGCAAGGGTACAAAAATGCCGTTTCCGGAGCTGATAAAGCGATTGTGGTCACTACGCCTGAAATCTCAGCTGTTCGTGATGCTGACCGTATTATAGGGCTGCTGGAGCAAGAAGAAAATGTTGAACCGCCGCGGCTCGTTGTTAACAGAATCAGAAATCACCTGATGAAAAACGGTGACACGATGGATATCGACGAAATCGTACAGCATCTGTCGATCGATTTGCTCGGAATCGTGGCTGATGATGATGAAGTCATTAAAGCTTCCAATCATGGCG
NZ_CP117986.1_gap3	185498	188632	3134	GGGAAAAAATAACTGCCGTCTGCGCTTTGGCCGTTAATAATTTGCGCGTTGTGAATCAGTTCAGGCAGGGCGATCACAACAGCGAGCGATGTATCTTTTAATAAAGAAATAAACTGGCTTACGATGGGCGGAACCATGCGGCGAAGCGCTTGCGGCATAACGATAAAGAACAGGGTCTGTGTATAGCTCAGCCCGGAGGAGCGCGCCGCTTCAATTTGTCCTTTGTCAATTGATTTCAGTCCGCTTCGGATAATTTCAGATAGCATAGCGGATTCAAAAATCGTTAGTGCTGTAATTGCAGCAGCTGTAATTTCAAGCTTAATACCAATTTCCGGAAGGGCAAAAAACGTAAAGAAAATAATTAACAGCAAGGGGAGGTTTCTGATCGTTTCAACGAGAACCGCAATCAATTGAGAAAGAACGGGTACTTTCGCATATCGCAGGGTGCCTGCGATTAAACCGAAGAAAAAGCTCAGAATGATGGAGATGAAAGCAACGTACAAGGTGACGAGAAAGCCATCCCATAAAAACGCTAAATGCTCCTGTGAATAAGCACCGATGAAATCCAATGTAACTCACTCCTTATCAATAGCTTTTTTCCAGCCGTTTTTCCAGATAGTTAACACCGATGCTAAGCGGAATCGTCAGCACTAAGTAAAAAAGCGCCACGAAAATATAAACATCAAATACAACGAGTGTGCTCGACGAGACTAAATCAGCCTGGTACATAAGATCCAATCCGGCCACAACCCCAAGAATCGAAGAGTTTTTGACTAAGTTTAAAAATTGATTGCCTAAAGGCGGCATGACGATTTTGATTGCCTGCGGCAAAATGATATGGAGCATGGCTTGGCTGTAGGTAAAGCCTGACGAGCGTGCCGCTTCCATCTGCCCTTTTGAAACAGACTGGATTCCTGCTCTGATGGCTTCAGCGATAAACGCAGAGGTATAAATGGTGAGAGCAACCGTTCCCGCTTGAAAACCGTCAAGCCTCAGGCCTGCGTTTGGAAGTCCGAAATAGAAAACAAAGGTAATTAAAAGAAGAGGGATGTTGCGGATGAATTCTACATATACGGTCCCGAGCCATTGCAGCGGCTTAAAGACTGTTATTCTCATAACCGCTACAGTAACGCCGAGGACAAAACTGCCGGCCAGCGCGATAACACTTGCAAGCAAGGTATGGTAAAAACCGTCCATATACATGCCGAAGTTATCGAAAAGAATTGACACATTCATCTGCCTATTCACTCCTTATCAAATTGGGATGAGCATCGCCTGCTCATCCCGGGATGGTTGTTATTCAGCTGGGTCTTCTTTGATCCATTTTTTATAAATTTCATCGTATCTGCCATCCGACTTCATCTTTTTAAGTGAAGCGTTGATTTCTTTCGCGAGAGCAGATTGCCCTTTTTTCACGGCGATCCCGTAAGGCTCATCTGTAAAAGGCTTTCCTGTTAATTGATAATTTTTATTTTCATCAGCCATTCCATATAAAATCGCATTATCTGTGGTGAGGGCATCGCCTTGCCCCGATTTAAGGGCTGTAAAGGCTTCTGCGTAGTTTTCAAATTCTAAAACAGATGCTTCAGGCGCCTTTTCACGAATGTTTTGAGAGGAGGTGGAGCCTTTTACTGCAAGAACTTTTGAGCCTTTGTCAAGATCCTCGACACTCTTGATTTTGCTGCCTTTTTTCACGAGAAGCGATTGCCCGGCCTCGAAATAGACATCAGAAAAGTCAACTTCCTTTTTTCGTTCATCAGTGATCGTCATTGTGGCGACAATGGCGTCGATATCCCCGTTTTGCAGCATAGGAATCCTTGTTTTTGAGGTGACCTCTTTAAATTCAGCTTTTTTCTCATCAACTAAAATGTCTTTAGCGATTTGTTTGGCAATATCAATATCAAAACCCTCAATCTCACCTGAGCTTGGATTTTTAAGACCGAACAGTCGAGTGTCCGTTTTTACGCCGAAGACAATTTTGTCATTGTCTTTAATGGCGGCTAGCGTATCTTTTTTGCTCTCCTTTGAGGCTTCTCCGTTTGATCCCTTGCTGCTGCAAGCGGCAAGCAAGATGACAGCGAATAAAGAAATCAATGCTAAAGAAAAAATCTTTTTCATACAAGCTCCCCCATTCTGTTTTAATGATTTAAAATACGGCTTAAGAATAAGCGGGCCCGTTCTTCCTTTGGGTTCGCGTAAAACTCAGCCGGCATTGCTTCTTCTAAAATCTTTCCTTCGTCAATGAAGACAATCCGGTCGGCAACTTCTTTGGCAAACCCCATTTCGTGTGTCACGACAACCATTGTCATGCCTTCTTTGGCGAGTGTTTTCATGACATCTAGCACCTCACCGATCATTTCAGGATCAAGTGCTGATGTCGGCTCGTCAAACAGCATGACCTCCGGCTTCATCGCCAGTCCTCTTGCGATGGCAACACGCTGCTGCTGCCCGCCGGAAAGCTGGGAAGGATAGGCGTCAGCCTTGTCTGGGATGCCGACTTTTTCAAGATAGTACCGCGCCGTTTCCTTTGCTTGTTCAGGTGATTGTCTAAGCACTTTTACCGGAGCCAGCATGATGTTCTGCAGCACTGTTTTATGTGGATATAAATGAAAGTGCTGAAACACCATCCCGATATTTTGCCGCACTTTATTGATATCAGTTTTTCTGTCGTTAATGGCGGTGCCGTTTACTGTAAGCACTCCCTCATTGATCGTCTCAAGTCTGTTGATGCATCTGAGCAATGTGCTTTTACCGGAACCGGATGGGCCGATGATAACAACGACTTCACCTTTTTCGATTTGAAGATTAATTTGTTTTAACACGTGAAAATCTCCGTAATGCTTGTTTACATTTTGAAATGTGATCATCGCAATCCTCCTATCAGAAAATTTGACCAAAAAAGTAAATGATCAAACTTTTCTGAAAATTAAAAGCGAAAAAATGTCCATGACTTCTGACTGACTAAAGAAACATAAAGAATAATTCCGTGTAAACCTCAAAAGATATAGGTGAGGTGAAAGCAGATGCTCCAAAAACCGGTGCAGCTTTTGTTGTGGGTGGCTATTTGTTTGCTGGTTCTGTTAACAGTCTATGTCTTTTTTATGCTTGATATGTTATGGTCACCCTTTTGGCTC
NZ_CP117986.1_gap4	210927	213973	3046	CTCTACTATGCAAGTATCACAAGTTTGAATCGGGTCAACCTCTGGTACGTGGCAAATCTGCGGGTACTCAATTCCGTTTTCATTTAAAATATCTAATATTGTGGCCCCTGCTCGTGCTTGAATTTCTGTTCCGTCTACACGGACACTGATCGACTTACCGTCCATCATATTCATATTCCCCTCCATCTTTCTTTCAAGAAGTCAAAAAAAGCCATGTATAGATACACCTGCCCTTAATTCTAAGAAGGTGTAAACACACATGGCGGAATAGTTCACTAGCAAGTCTTACTAACAGACCAATCCTTGATTTTTATAAAACGATAGACTCATAACAAGATCCTATTACAAATCCATCAACACTGCTTTTATTATAATGTGATATTTATTATAATACAATATGGCAGGAAAATTTTAACCAAGTGAAATGTCCTAAGGGGAACCGGGAAAAGCCTTTATAAGGCAATATCGGAAGGGGTAATCAGCATGTCTAAAAAAATTCACGAATTCAATGATATCATTCGAAAACTTCGCAAAGAATTGTTCGGAAAAGGGCCTGAGAGAATTCATACTGTATTTGTAGAAAACATGGCAGTTTCAACACTGTACGGAAATCTGAGTGCAAGCGAGCAGTTTATCGCCCGCACGCCTGAAGGAAGAGAGATGGTGCATGCGGCCCGGACAAGCTTGATTCAAGACCTTTATTCCAAACAAACGCCGGAAGGAATGGAGGAACTCATGGGAGCTAAGCTAGTCCATTTGTTTTCTGATATTAAAATTGAGGAAAACATCGCTGTATCTGTATTTGTTTTTGACCGAAAAATAGATGAGCAAAAAGAAGTTCTGCAAAGCTAGTATATTTGTCATTGACACAAATTTGTCACATTTGATATGATGTTGCTACAGTTATAGAAGGCTAAAGCAATGGAATGTATGCACGAACTGTATATATTCTCTTTCAATATCTTCATACTGCTTGATATTGTTGTATGGGTATGCATACAAGTTAGGCAGCATTCAAACGCCTGGTTTGACACAGGTTATTTGAGTGCTGCCTTTTTTATTGCCTTTCTTGCATAACTGTGAGTAAAGAAGAAGTAATGGAGGCGTTTTATTATGGCTTTTCGAAAACCGGATGAAATAGCGGAAGCAGCAATTGAAGCAGGGATGAAAAAAATAAAGCTCCCGTTGCCGTCACTGCTTGCGCTGGGGTTTTTAGGCGGTGCATTTATTGCGCTTGGGTATTTGCTTGATATCAGGGTAATCGGCGATCTTCCGAAAGAATGGGGGAGCCTGTCCAGTTTGATTGGTGCAGCAGTATTTCCCGTCGGTCTGATCCTTGTCGTTCTCGCTGGCGCTGAACTGATCACAGGCAATATGATGTCAGTTGCGATGGCGTTATTTTCGAGAAAAATATCAGTAAAAGAGTTAGCGATTAACTGGGGAATCGTCACAATTATGAACTTAATCGGCGCATTGTTTGTTGCGTACTTTTTCGGGCATTTGGTTGGATTGACTGAAACAGGTCCTTATTTAGAAAAAACGATTGCCGTTGCCCAAGGAAAGCTTGATATGAGCTTTGGCAAGGTTCTCATTTCCGCCATCGGCTGTAACTGGCTTGTATGTCTTGCAGTGTGGCTTTCTTTCGGCGCCCAAGACGCAGCAGGAAAAATCCTTGGCATCTGGTTCCCAACCATGGCTTTTGTGGCTATCGGATTTCAGCACGTTGTCGCCAACATGTTTGTGATTCCTGCTGCCATTTTTGCAGGCTCATTCACGTGGGGGCAGTTCATCGGAAACATCATTCCGGCTTTTATCGGTAATGTCATCGGCGGAGCTGTATTTGTCGGTCTCATTTATTTTATTGCATATCATAAGAAAGACCGCTCCAGAAAAGAAATGAAGCAGGTGTCATGACCAACGGGCAAATCCATTCGATGATTTGCACAATTTCCGTCCATTTTTAGAAAAAGATGTTTACAAAATGGAATTTGGTGGATATACTTACAAAGTAAGAAAAAAGCAAAGGAGGCTGAACCAAAATGACAATGAGACAACGACGTCAACCTGTACGTGATACACATGTAAAAGTTCATAGTTTATTCAGCCTGTGGAAGAGTTCGTGTCCTTCCTTAACCGATGCTTATCGCACGCATTAAATTCGGAATAGTCGGACATACGCAACTCCCCGCAGGCAGTAGAGGCATTGGTGTCTTCTTTTGTCTGCGGTTTTTATTTGCCCGCAGCAGAAGAGTGTGCCGCGGGTTATTTCGCTTGTGCGGACTTTGAAAGGGGGTGAGTGATATGACGATTAACCTATTCTTTTTAACGTTAACGATTAAAAAACGGTTTAAAAGCCTGGAAGAATTCGAACGAGAACAGCAGATTGAGCAGATTTATGATGAAATGAAAGAGTCTCAGTTAAAGCATCTTTATTTAACAAACTGGCGTTAAAAGCAACGAAAAAAACTGAAGGGGGAATGGCATATGCTTAGAATGGAACTATTGATGCATTATACTATGGAGAAGGACCAAGTTTAGCGAAACAGCTGTCAAGAAAATGCCTGCCTGCATACAATAAATCAACGTTACTGTGAGGCAGGTGATGGCATGATGAACGATTATCAAAAAAGACTGCCGTCGATTGGCCATGGTTATGCGTCCATGCCGCATTCCTTCAAACATGGTTATGGAAATCCATTCCGACAGCAGAGGCTGATGGCAATGCAGCAGCAAAGGCTGTATGTATTCCCTTATCATTGGCATTAGAGAGAGGGCAGAAAACATTTTGTTTTCTGCTTTTTTGCGGAAAAAAATGAAAAAGTTTAGTTCTATTGAAACATTTTTCAATACATTGCCGTCTAGTTGGTACCTTCCTTCACTTTTAGAATGAAGATGATGTTTATTTTTTGAATATAATAAATAAACATAGGAAACCAAAAGCAGGTGTTTAAAATGCTAGAAAATAGACTCTATAAACGATCGGATTTTTGGAAATTATTTTCTCGGAAATATAAGCTAACCAAAACAATTGAGCATATGATGATTG
NZ_CP117986.1_gap5	267119	270413	3294	AGAAATTATGATTCCGAGAAGAGAGATCGTAGCGATTTCTAGTGAGGATTCTTATGAAACTATTGTTAAGACCATTAAGACAGAGAGTTATACAAGGTACCCAGTCCTAAATGGAGATAAAGATTCAATCATTGGTTTTATCAATGCTAAAGAATTCTTGTCAGCTTATATTGACACAGACCAGAAGATAAAAGAGGATTTCAAGTTAGAAAATCATATCAACCCTGTTATCCATGTTATTGAATCCGTTCCAATTCATGATTTATTGGTAAAAATGCAAAAAGAGCGAACACATATCGCTATTCTTGTGGATGAATATGGCGGAACTTCAGGTTTAGTCACTGCTGAAGATATTCTTGAAGAAATTGTCGGGGAAATCAGAGATGAATTTGATAAAGATGAAGTGCCTAATATTAGAAAAGTAAATGATAATCACTATATCTTAGATTCGAAAGTGCTCATTGAAGATGTAAATGATTTATTGGGAACGACGTTAGCAAGTGACGAAGTGGATACAATAGGCGGCTGGTTTATGACTCAACAAATAGACGCTGCAGTTGGGTCCGTTATAGAAGCCGATGGGTATATTTTTAAAGTGTACAAAACAGTTGGCCGGCATATTAATTATTTAGAAATTGTCCGGAAAAAAGAATAACATCTGGATAAAACACATGAGATTTTGACTAATAAGATGCTTAAAGCCTGAGATGAATTGAATTTTCATCCAGGCTTTTTTTAACAGTAATCTTGCAGTTTAAGCAGGTGATAATCGAGGTTCAAAAGTTTCTCAGCAAACGAAGGAGGCTTGGATATCTATAGCTCTTTTACCATTACCTTCTCACCATTAAAGTCGAGTTCACCATTAAATTGAAAACCAAACCTTTGATAAAGGCGTATAGCATGAATATTATTTTCAAATATACTTAAATAAATTCTCTTGCATTTATATAGCTCAGCAAGGTGCTGAATGAGGGCTTTAAGCATTTTCTTCCCTAATCCTTTTCCCTGGTAGTGTTTGTCAATAAAAAATCGGTCAAGCCAGACTCGTCCGTTTTTATTATCTTCATCATACTCGGGAAACAATCCATACATTGCAAAACCGACTAGATCTCCTTCATAGTAAAGCCCGACAGGTTTATAATAGTGACATTCTTTTGCATCCTCTAAACATACTTTTGTAGATTCAATATATGATAATTGATTCTGGCTGACATGCAGATCAAGAATTGCAGCACGATTATCATCAGTTACTGCTTTTATGTTTATACTCATACTACATTCTCCTTTTTTCTTATCCCGGTGATGGCAGATGAAATCCTGATATTGCTAAAACTCAGCTTAAACTATATTCACGTCAAGCAACATGTAGCCTATCATATTAAGTACCTTTTCTTATTGTGCATACCCAGGGGCATTCCCTGCATCCAAATGACTTGACTTTATAGAAAATGAATTAATTCAAAGCTGCAGCATCATTCTTTTTTTCTTTCCAAACCATTGTAAGACCAAGGCCGACAACCATAACGAAACCTGCAAAAAGGAAAGGATAATGAATGTTAAGATCAAATAGTATACCGCCTAGAGCAGGTCCAAATATATTTCCCAGGCTGGTATATGTGGAGTTCATGCCTGCTACGAAACCCTGCTGGTTACCGGCGATATTGGATAAATGAGCGGTTAAGGCGGGACGTAGCAAATCGAACGCCAGAAAAATAAAACAAGTTACAAGCAAAACAGTTAAAAATCCTGACATAACAGTAGACACGAAAGCTAAGATCGCACCAATTATTAAGCACAGCTGAATCATTCTTTTCTCTCCAAGTTTGTCGACCAATTTCCCGAATAGTAAAACTTGAATAACTACCGCAACAATGGAACTAATCGTGATAATGGCTGCAATATCTTTTGGTGTGAAGCCAAATTTATGATCAGAAAACAAGCTGAATACCGTTTCATAAGCTGATAAACCAAAAGCCATCACAAAGACGATAATAAATGCAATCAAATAGACAGGATGAATGGATCTCTTCAAGTCTTTAATGAAATTTGATTCCTTTGTATGAGAAGAGAGTTGATGGCGTTCTTCTATCGACAATGACTCTTTTAGTATAAAAACGGAAGTGACAGCTGCTATTAACGCGATGGCGGAGGTTAAGAAAAACGGCATGCGAATGCCAAAGCCGGCAATAAATCCTCCCGCACCAGGCCCAATAATAAAGCCGGTGCTAATTGCAGCAGAAACATACCCCATAGCCTTTGACCTTTCCTTTAGGGTTGTAATATCAGCTACATATGCTGTTACCGCGGGCATGATAAAAGCCGCACTTATACCACCCAATATCCTGGAGAAATAAAATATTGAAACATGGGTCCCTAATCCGAAAATCAACTCAGATAAACTGAATATAAGCAACCCGAGAATAATCATTTTTTTTCTCCCGAAACGGTCAACCCACCTACCTGCAAAAGGTGAAGTAATTAACTGAGAAATGGCAAAAGCCGCAACAAGATAACCCATTGTGCTGCCGGATAAATGCATGATTTTCATAAAAGAAGGCATAACTGGAATGATTAAACCGATACCAAGAAATGCTACGAAGATGTTGCTTAATAGTATAATGAATATCGTTTTTTGCTCATTTATTGATTTTTTCATCTGAATTCCCCTTTTACTCAATTGAACCCTTTTTACCTATCCTTTTCGCTTGAAGCTTTTTTCAAGTACAATCAAATCATAAGGTATATGGTTACCGTATAGTCAAGGAGGTTTTTATGAGCGAAGATGTTAAGAAGTATTTCACAACAGGGGAGTTTTCGAAGCTCTGCCGTGTAAAAAAACAAACCTTATTTCATTATGATGAGATTGGTCTTTTCTCGCCGGAAATAAAAAAAGAAAATGGGTATAGATATTATTCCTATCATCAATTTGAGATTTTTCAAGTCATCAGTCTATTTAAAGAGCTTGGGGTTCCATTAAAAGAAATAAAGTGTCTAATAAAAGGAAAAACACCAGACAAGATCCTGCATGTTCTAAAAGAAAAGTCTATTGAGATTGATAAAAAAATAAATGAGCTTAAGCAGTTGCAAACGATCTTACAAACAAAAGTGACGCTTACAGAACAAGCACTTGAGACTGATTTTTCCTCAATTTCTTTTGAATATTTAAATGAAGAAACATTCATGTTAAGCCGAAAAACATTAAACTTACCAGAACGAAAATATGTGGCAGCCATTTCAGAACTCATTCATGAAGTTCAGCAATATGAATTAGATGAAGGATATCCGATAGGCGGA
NZ_CP117986.1_gap6	280679	284219	3540	CCTAATATTTCGTAATTTTTGGTTTACCTCCAAAAGCTCCTAAAACTGTTCTAGCAATTACTTTATTTTCTTGTGTAACGCCCATTAGACAATCACTCCTAATCACCAAAGTCAAAGGTAATTCAGGTTGATAAAGCTCTGGATTTTTGCTGTTAGTTTAGAATTCGTAAACTTGAAAACCTGATCTGGAGTTAAGCTTTTGTTGAATTGTGCTAACACCAAAAGGAACTAACATTTTGTGCTACCGAGGCTCTGTTCTTGCCTTTCTTTGAAGACTTTATATTGCTGGAATAATTTTATTTTCCCAATCTGTATATTTCACATTATCATACTTTTTGGTAGCAACAATTTTTCATGAATTTAAATAATCGCCAGGAAGCCGTTGGATAGTTATATTTTGATTAGACTCTTGGTTTGAAGAACAAGTTGTAATATCATTTTGAGAAAAAGTGGTTGGAACTATTGGTGCTGTAATATCTTTGCTCTGTTCATTGTTATTTTGTTGAGCAGCAAGTATACTGTTCGTAGGAATCAACAAAACAAAAGACATTACTAAAGCTAATACAATTTTTATACTACCTTTCATTCAAAAAACATCCCTTCTTTGGTTATATGGGCCCGTATATAATATACTTCTTATTGGGATTTTTTGTTTAAATTTTGAATTGAATTAAGTGAAAATTAAGAAAGGTATGGATTTTACAGTGAAATTACTAATGAGTTTTGTATTTGGAACTTTAGGGGCATTATTAATGGTAAGTGTGAGAGAAAATTTTTCTTTCACTGTGACATTAATTGTTTTAGTTGTTGTTATTATCGTTGCTTTTATTCTTGATGAGGTATGGAAAAGGCATAAAAAAAAGAGAGAAGAAGATTAATTTTCTTCTCTCTTTTTTTTAGTCAATTTGGTTTATTTTGATCTTTGGGTTTAGTGAATTTTGTAGAATATCCAGCGGCTAATAAAAAGATAATGGCAAGAACATACGCTAAAATACCTTGATGAAATACGAATATAGAAATTAAATTAGATGCTACAGCAAGAATAATGAAAATAATTGTATATATGTTTAATCGCAATAGGGAGACCTCCCTTGGTTTCTTTTGAAGAATTTTATCATTTGTAAATAGAAAAATAAAGAAAGCCAAAGTACCCAAAGGATATTTGGCTTTCTTTATTTCGTTTAGTTATTTATTGGGCCCACAATCTTCTAAGCAGTTCATAATCTGTACGCTATATACCAATAAAGGTCCTTCAATACAAGCAGCGCAAAGGATGATCGTGCCACAGGCAGCCCCACATAATGCTGCGAAGACTCCAATAGCCCAGTTACTTAGCCCTTGGTTTGCTAAGCAAGTGTTCATACAGCTTAACCATCCTTGTGCAGAAATCTCGCCTTCTGAAATTGGTGTAGTCCCCGTAGCAGTCTCTTCATTATCAATATAATATCTGTAGGTAACTGAAGAAGAATCTTGATTTTCAACAATGAGTTCTTGATATCTTAAAAAATCTTTTTCTTTATCAAATACTAAGGTAATTGCACTTGTTTCTTTAATAGATTTTTTAATTTTATATGGGATTGCGACAATATAGTTGGAATCCTCTGTGTTTTTATTGACTACTGCATTATCCCCGAATAAATTATGTCCAGTTATAACCCTTACCATTTGCTGAAGCAGAACCTTCTTGAAATAGAACAAAGCCCCTTAGAAATTTCATGGGGCTTCAAAATAACATAACAATGTACAACATAGAAATATTCAGCTTTTCCTTATAGCTTAATATTATATTTCTCTTTAATGGTTTCCATATATTTTTCTACTTCTAATTTATTGTCTGGGTGTCGTTCTACATATTGACCAACAATTTCATTTAAATATTTATAGAAATTTTCGTAATCTAATATGACTTCTTCATCTTCTTTGACTGTTGGGTAATCGAAATAAAAAGCTATACCCTCATCTCCAAAGTAATCTTCTTCCCACTGTTCGTAGTCATCAGCAAATACACACCAGACATTCTCTATACCATAACCTTCTCCGTTGGAGAAATTCTCTAAAATTCGTATAAATCGTTCATCACCAATAACCTTAAAGAAATAATTAATTAATTCTTTATTTTTATTATCCATTTCATTTTTCCACCGAATTAAAGCCTCTCATAACGAGAAGTGCTTTCCACCTTTTAATACTCTCTTCTCAAAAAGAAGGGGAAAGGCTTTATCCGTTTATCCCTCGTATAGTTTATTAATCAACTCTGTAAATGAATCACAAACATAGCTAATGGAACTTTCCTTATCTTCATAAGCTATCTCATGATCCCAAAAAACAATTACGGGTTCTTGAGCAGACATTCTGTAATCAAAACAAAAGAGGTTTCCCCCTGCATCTGTAGCAAAAGGTATGATCTTATCAACTAACCGGTCTTTAACATTATCAATGGTACTAAGGAGATCAATTGGCCGAGTAGGATCTCCTATGCTCAGTAAATTGTTGATTGTTTCTCGAGAATTTTGGAATAAAACAACCTTTTTATCTATAGGGGAACATCCATTATGGTCTTTAATGAACTCTCTGTAATCTGTTGGGAACTTGATTTTTAATTTCTCTTCTACATACTCAATTTGATTGTTTGTAGCCTCTTGAAAAGTGCTTCGTTTTCTCCATTTAATACTTTGCATTTGTTAACCTCCTACTGTCATATACCTGGCAAAGTTATCCCTTGTATTAAATAAAAAGAGCCTTTCTCCTCAAAAAGAAGGGGAAAGGTCTTATCCGTTTATTCCTCGTATAGTTTATTAACCAACTCTGTAAATGAATCACATATATGACTCAAAGCTTTATCAGGATCTTCATATGCAATCTCGTGATCCCAGAAAACTACGGACGGATTCTCTTTATTAAGACGATAATCGAAGCAGATTTCGTTACCGAAAGGATCACAAGCAAAAGGAACTACCCCAGAAAGCATCCTTCCATCCTGGTAATCTTCAAAGACCTCTAAAATAAAACTTGAACTATCCTCAGTTAGACCATGTAATCGATTAAAAACAGCACCTTTTGTATTTTTAAAGTCAAATATCTTTTTATTTGGGCGCGCCCCATTGTTGTTTAATATAGTTGTAACATAGTTGCTAGGGAACTTAATATCTAATGCCTTTTCGATTTTTTTAACAGTTGTTTCCCCAATAGGTTTTTCGGCAAATCTCCACTCTGTCATATTGTCCAACTCCTATCTGTTCTTACTTCCTCCAACCCAAAGGTGTCGACCTCCTGTATGGCCTGTTTTCTGTTGCGTCTTTTGATCAACTAATTGCATCCTCCTGAATCTTGATGATATTGTCAAGTATAACCATTCGGTGTTATCCCATCTTCAAACAGAATAAGAATAGAAATATTGTCGAAGTTTTCTGGAGATAAGTTTCAGCCTTGGGATAGTGAATAAAATATAATCTCTTTCGGCCTTTGACGGAAATATCGTCTGAAACAGCAGACAGTTCGACGATTGTATAATGCATGGGCTTTCTGCTAATGGAATTTACG
NZ_CP117986.1_gap7	320788	325587	4799	CCTGATATTAACAAAGAAGCCGGATCAGATGAAAAATTTAAAGAGGTAAAAGAAGCGTACGAAACGCTGTCAGATGACCAAAAACGTGCGCATTACGATCAATTTGGTCACACTGATCCTAACCAAGGCTTCGGCGGCGGAGGTTTTGGCGGCGGCGATTTCGGCGGTTTTGGTTTCGATGATATTTTCTCAAGTATTTTCGGCGGAGGCACAAGACGGAGAGATCCAAATGCTCCGCGCCAGGGTGCTGATTTACAGTATACGATGACCCTGTCGTTTGAGGATGCGGCTTTCGGTAAAGAAACAACCATCGAAATTCCCCGCGAGGAAACGTGCGAAACATGTAAAGGCTCAGGTGCGAAACCTGGAACAAATCCAGAAACATGCTCCCACTGCGGAGGCTCCGGCCAGTTAAACGTGGAGCAAAATACACCGTTTGGAAAAGTCGTTAACAGACGGGTCTGCCACCACTGTGAAGGTACAGGCAAAATCATTAAAAACAAATGTGCGGACTGCGGCGGCAAAGGAAAAATCAAAAAACGCAAGAAAATCAATGTGACAATTCCAGCCGGTGTAGATGACGGGCAGCAGCTTCGTCTATCGGGACAGGGTGAACCAGGAATAAACGGCGGCCCTGCTGGGGATTTATTTGTCGTGTTCCATGTACGCGCACACGAGTTCTTCGAGCGTGACGGCGATGATATTTACTGTGAAATGCCGTTAACGTTTGCTCAGGCTGCTCTTGGAGATGAGGTAGAAGTGCCGACGCTGCATGGAAAAGTGAAATTGAAAATTCCGGCCGGTACACAAACAGGAACGAAATTTAGATTAAGAGGCAAAGGCGTTCAAAATGTCAGAGGCTATGGACAGGGTGACCAGCATATCGTCGTCCGCGTCGTTACGCCGACAAATCTGACTGATAAACAAAAAGACATTATCCGCGAATTTGCCGAAGTCAGCGGAAACCTGCCTGACGAACAGGAAATGAGTTTCTTTGACAAGGTAAAACGCGCGTTTAAAGGTGATTAATTATTGGATGAGGAGTTGGTAGTTTTGAAATGGTCCGAATTAAGCATTCACACAACACATGAAGCGGTCGAACCTATCTCAAATATATTGCATGAAGCTGGTGCAAGTGGGGTTGTGATAGAGGACCCGCTTGATTTAATTAAAGAACGTGAGAATGTGTACGGGGAAATCTACCAGCTCGACCCCAATGATTACCCAGATGAGGGTGTCATTGTCAAAGCATATCTGCCGGTTAACAGTTTTCTGGGCGAAACTGTAGACGGCATCAAAGAAACGATTAATAATCTCCTTCTTTACAATATTGATTTGGGCAGAAACCACATCACTATTTCTGAAGTAAATGAAGAAGAGTGGGCGACTGCCTGGAAAAAGTATTATCATCCTGTGAAAATTTCTGAAAAGTTTACAATTGTGCCGACGTGGGAGGAATATACGCCGGTCCATACTGATGAACTGATTATTGAAATGGACCCGGGAATGGCTTTCGGCACAGGGACACATCCGACAACCGTACTCTGCATTCAGGCGCTTGAACGCTTTGTGCAAAAGGGTGATAAGGTGATTGATGTCGGCACTGGTTCGGGAATTTTAAGTATTGCGGCTGCAATGCTTAAGGCTGAATCGGTTCATGCCTACGATCTTGATCCCGTGGCTGTAGAAAGTGCACGCCTCAATCTCAAGCTGAACAAAGTCAGCGATATTGCTCAAGTGAAGCAAAACAATTTGTTAGACGGGATTGAAGGGGAACATGATGTGATTGTGGCCAACATTTTGGCTGAAGTCATTCTTCGCTTTACTTCACAAGCGTACAGCCTGTTAAAAGAAGGCGGCCACTTTATTACGTCAGGAATCATCGGTCATAAAAAACAAGAAGTAAAAGAAGCACTGGAACAAGCTGGCTTTACCATTGTAGAAATCCTTTCAATGGAAGATTGGGTCAGCATTATTGCGAAAAAATAACAGTTAGTAGGTGTCACAGCGTATGCAACGATATTTTATCGAGCTCACGAAGCAGCAAATAGAGGAAGCGCCGGCTTTTTCGATTACCGGCGAAGATGTTCATCATATTGTGAACGTGATGAGAATGAATGAGGGAGATCAGATTATCTGCTGCTCTCAAGACGGCTTCGAGGCAAAATGTGAACTTCAATCTGTTTCCAAAGATAAAGTGTCCTGCCTTGTGATAGAATGGACGAATAAAAACAGAGAGCTTCCGATAAAGGTCTATATTGCGAGCGGCCTTCCGAAAGGAGATAAGCTTGAATGGATTATTCAAAAGGGGACTGAGCTCGGAGCTCATGCCTTTATTCCTTTCCAAGCCGCGCGTTCTGTTGTCAAGCTGGATGACAAAAAGGCAAAGAAAAAGCGGGAAAGATGGACGAAAATTGCAAAGGAAGCGGCTGAGCAATCGTACCGTAACGAAGTGCCGCGAGTGATGGATGTCCATTCTTTTCAGCAGCTTCTTCAAAGGATGCAGGATTTCGATAAATGTGTCGTTGCATACGAGGAGTCATCGAAGCAAGGGGAAATAAGCGCATTCAGCGCGATTGTAAGCAGCCTTCCGAAAGGATCATCTCTATTGATCGTATTTGGTCCAGAAGGCGGTTTAACAGAAGCTGAGGTTGAACGGCTCACAGAGCAAGACGGTGTGACGTGCGGCCTTGGACCGAGAATTTTAAGGACAGAAACCGCTCCGCTATACGCATTGAGCGCGATTTCTTATCAAACAGAGTTATTAAGAGGTGATCAGTAATGGCAACTGTTGCTTTCCATACGCTTGGCTGTAAAGTCAACCATTATGAAACAGAAGCAATCTGGCAGCTTTTCAAAGAAGCGGGCTATGAAAGAAGAGACTTTGAACAAACAGCTGATGTATATGTCATTAATACATGTACGGTTACAAATACGGGAGATAAAAAAAGCCGCCAAGTGATCAGACGCGCCATTCGTCAAAATCCTGACGGTGTCATCTGTGTCACAGGCTGCTACGCGCAAACCTCACCTGCTGAGATTATGGCGATCCCCGGTGTCGACATTGTAGTTGGAACACAGGACCGTGAAAAAATGCTTGGCTACATTGACCAATACCGAGAAGAACGCCAGCCGATTAATGGCGTCAGCAACATCATGAAAGCAAGAGTATATGAAGAGCTTGATGTGCCTGCTTTCACGGACCGCACAAGAGCGTCATTAAAAATACAGGAGGGCTGCAATAATTTCTGCACATTCTGTATCATTCCGTGGGCGCGCGGCCTGCTCCGCTCCCGCGATCCTGAAGAAGTCATTAAACAAGCGCAGCAGCTTGTTGATGCCGGATATAAGGAAATTGTTCTTACGGGTATTCATACAGGCGGCTACGGCGAAGATATGAAAGATTACAACTTCGCGAAGCTTTTGAGCGAATTAGACACCCGTGTGGAAGGCGTGAAACGGATCAGAATTTCTTCCATCGAAGCCAGCCAAATCACTGACGAAGTGATCGAGGTCTTAGACCGCTCAGATAAGATAGTGAATCATCTGCATATTCCTATCCAATCCGGATCAAACACAGTGCTTAAACGAATGAGACGCAAATATACAATGGAATTCTTTGCAGACCGTTTAAATAAATTGAAAAAAGCACTGCCAGGCTTAGCTGTTACTTCTGATGTCATCGTCGGATTCCCTGGAGAAACAGAAGAAGAATTTATGGAAACCTATAACTTTATTAAAGAACATAAATTCTCTGAACTGCATGTTTTCCCTTACAGTAAACGTACAGGAACACCAGCTGCGCGAATGGAAGACCAAGTGGATGAAAACGTGAAAAACGAACGTGTGCACCGCCTGATTGCTCTTTCTGACCAGCTTGCAAAAGAATACGCTTCTCAGTATGAAAATGAAGTGCTTGAGATTATCCCTGAGGAAGCGTTTAAGGAAACAGAAGAAGAAAATATGTTTGTCGGTTACACAGACAATTATATGAAGGTTGTTTTCAAAGGTACGGAAGATATGATCGGCAAAATCGTAAAAGTCAAAATCCTAAAAGCAGGTTATCCTTACAACGAAGGACAGTTTGTCCGTGTGGTTGAGGATGAAATAACTGAACACATGCGTTTGTCTTCTTAACCTAAAAAATCGGTGCATTAAAATGTACCGGTTTTTTATTTAGCCGGGATAAGAAGGTGAATCAAGCGGTAAAACAAGTTTGTAAGCGGAAGAAATAAAAGAGCTGTTACTACATTAAATAAAAGGCTGAAATGAGCAATCCTTTGGGCAGGATCGGGTGATAACTGCTCTACAAAGCCGGTCGCTGCGGTCAGAAAAGGCAATACTAGAGCCACCCCTAGCACGTTAAATACCACATGCGCATACGCTGTCTGTTTCGCCGCATATCCACCGGATACAGCAGCCATGACAGCTGTAATGCATGTCCCGATATTTGATCCGAGTACGACGCTCATCGCCTGTGTCAGTCCGATAATCCCTTCATTCATAAAACTCATCAAAATGCCGATACAGACAGAACTGGAGTGAATGATGGCAGTTAACACCATGCCGATGAGCAAAGCGGACCAGTTTGAATCGTTAACATGGTATAGAACGTCGGCTCCCGTTTTCAGCTTCGTCAGCGGCCCGGCAAGGTGGCTGAATCCGCTGATGCAAAAGAAGATGATGCCCAGTCCGAGGAAGCTTGTTCCCAGCTGTTTCAAAGGATACCTGCCAGTCAGAAAAAACAATAAACCTCCTATTAAAAGAACCCAAATCAAAATATCCATTTTGATAGCAAT
NZ_CP117986.1_gap8	350431	354909	4478	GGTCTCTGTCTCAGTATCATCACTTTTACTTAATTGGCTGTACAGCTTCATCATTGCTGGCAGATTGCGGACTAATGGGCCGTACTGCTGGATCATAGGGGTGACTTGCTGCGCCATGCCGAGTACTTTTTGCACATTTCCAAGCATACTGGATAATGATGCAGGATTGGCGATATTTTGAATGCCTTGCAGGCCAGCACCTCCGCTCGCTGCTGCACCTGCTCCTGGAATTCCGGGAACTCCGGCGCTGCCAGCGCCTCCTCCGCCGGGTAGGAACCTTGACAGCATTCCTTTTAAGCCTCCGCCTCCGCCTGCGCCATTTCTCGCTCCGGCATTTGCCTGGGGAAGAAATTGTCCGGCTTGCTGAAAACCTTGCTGCTGTGCTCCAAATGAAGGTCCTCGCATATTAGGCGGTCTTCTGCCCATCATTCGCTGATTTGGCATGGGGCGGGGCGGTCCGGGCTGTGGGTAATTTCTCATTGGCTGCTGCGGTGAAAACATACTTGTACCTCCTTTCAGCTCTCTCTGCTATTAGAATATGCATGGGCTGCGGTATTTGCTTTACATAACTGAATAAAACAAACGCCTTGCAAACGTGGTGTTTTTAAGCGAAATCGGGTATAATGTGATGATGGACACATAATGTGCCGCTTTAAGGAGCTGGGAAAAATGAAAGAAACGAAATTTGAACTTTATGAATTGAAACCATTTATTATAGATGCAGTACATCGCCTTGGTTTTTACGAACCAACTGATATCCAGAAAAGGCTGATTCCTGCAGTGTTAAAAAAAGAAAGCGTCATCGGCCAGTCTCAGACGGGTACTGGAAAGACTCACGCTTATTTACTGCCTTTATTAAACAAAATCGATCCTGCTAAGGATGTCGTTCAGGTAGTCATTACGGCTCCGACAAGAGAGCTAGCCAACCAGATTTATCAGGAAGCGCTTAAAATCACGCAGGGTGAGGAAGGCAGTCAGATTCGCTCGAAATGTTTTATCGGAGGCACTGATAAACAAAAATCAATTGATAAATTGAAAATACAGCCGCATCTGGTTGTCGGTACACCCGGACGGATTGCTGACTTAATCAAAGAACAGGCGTTAAGTGTTCATAAAGCGGAATCTCTTGTTATTGATGAAGCGGATCTAATGCTGGACATGGGATTCCTTGCAGATGTAGATTACATCGGTTCCCGCATGCCTGAGGATCTGCAAATGCTTGTGTTCTCAGCGACCATACCGGAAAAGCTGAAACCATTTTTGAAGAAATACATGGAAAATCCGAAATACGCCCATGTGGAGCCAAAACAGGTGACTGCTGCGAAAATCGAGCATATCCTCATTCCTTCGAAACATCGTGACAAGGACAAGCTCCTTTTTGACATCATGTCGCATCTGAATCCATACTTGGGGATTGTGTTTGCCAACACGAAAAATACGGCTGACCATATTGCCCAGTATCTGACTGGCAAAGGCATGAAAATCGGCTTGCTGCACGGCGGATTAACACCACGTGAGCGGAAAAAAGTCATGAAGCAGATCAATGATTTGGAATTCACTTATGTCATTGCAACTGACCTTGCCGCAAGAGGTATTGATATTAAAGGTGTCAGCCATGTTATCAACTATGAGCTGCCGGATGATCTCGATTTCTATGTTCACCGTGTGGGCAGAACGGCTCGTGCCGGCTCATCAGGACAAGCGATGACCATTTATGAGCTTACTGATGAGGATGCATTAGTAAGACTTGAAAAAATGGGCATCGAATTTGATTACTTAGAGCTTGAAAAGGGCGAATGGAAAAAAGGCGATGACCGTCAGCGCCGCAAAAAGCGTAAAAAAACGCCGAATGAAGCGGATGAAATTGCTCATCGTCTCGTGAAAAAGCCGAAGAAGGTTAAGCCTGGGTATAAAAAGAAAATGAGCTATGAGATGGAGAAAATCAAGAAAAAACAGAGAAGAAACCAATCTAAGAAAAGAAAGTAGGGGAACCTGTTGCTGAGAATAGGCTCACACGTCTCTATGAGCGGAAAACATATGCTTCTGGCTGCAAGCCAGGAAGCAGTCTCTTATGGGGCGAATACGTTTATGATCTATACAGGCGCACCGCAAAATACGCGCCGAAAGAAAATTGAAGACTTAAATATAGAAGCAGGCCGGGCACATATGCAAGAAAACGGCATTGACGAGATTATCGTACACGCGCCTTATATTATTAATATTGGCAACACGACAAATCCGTCCACTTTTGAGCTGGGTGTTGATTTTCTTCGTTCAGAAATTGAACGGACAGCGGCCATCGGAGCGAAGCAAATTGTCCTTCATCCTGGTGCTCACGTAGGGGCAGGAGCTGAAGCCGGCATCAAAAAAATTATTGAAGGCTTAAATGAAGTGATTGATCCGAATCAAAATGTCCAGATTGCATTAGAAACAATGGCTGGAAAAGGATCGGAATGCGGCAGAAGCTTTGAGGAGCTTGCACAGATTATCGAAGGCGTTACACACAATGAGCAGCTGTCAGTGTGCTTTGACACGTGCCATACACATGATGCCGGGTATAACATTGTCGAAGACTTTGACGGAGTGCTGAACGAGTTCGATAAAATCATTGGCATTGACCGTATTAAAGTGCTTCATATCAATGACAGCAAAAATGTCAAAGGTGCGAGAAAAGACCGCCATGAAAATATTGGCTTTGGTGAAATAGGTTTTGACGCACTGCAATATGTTGTTCACCATGAGCAGTTAAAAGACATTCCAAAAATTCTTGAAACACCATACGTCGGTGAAGATAAAAAGAACAAAAAACCGCCATACCGTTTTGAGATTGAAATGCTGAAAGAAAAACAATTTGATGATACATTGCTCGAAAAGATTTTACAGCAATAAAAAATGGGGGATAACACCCCCATTTTTTAGCTTGTAAATTGTTTGAATAGTTCATTAACTGTTTGAGCTGTTTCTTTCGATGTAATCGTCTCTACTTGTTTCAGCAGCCGCATTCGTTCACTCTCATTAAAGATGTTTACATTTTTCCCGTATAACAGGTTCGCTACTTCAACTGCCTGCGATCTTGTTAAGCTGATTCCGTATTGTTTTGAGTACTTCAGCAAATCATCAGCAGTAGCCTGATTAAGCCGCTGTAAAATAATTCTTTGAAATAAAATCATCGGTCATTCCACCTCCAGACTTAATGTATGGGCAAATCAGTAAAATGTGTCAGTGTTTAATGGTAAAATAGATTTATAATGTATTTAAAATAGTTATTGCAGGAAAGGAGATTTTATGACCCCAACAAAACAACATAAGAAAGAAACATTTACCCATTTTATTTTCAGGGTCTTTATGATTCTGGTAGGAGCTGCATCTGCGGCTGTAAGTATTGAATTATTTTTAATCCCCAATGATTTTATTGATGGCGGGATTATCGGTGTATCACTTATTTTAGACCACCTCTTTATGTCAAACCCCTTTCTCAATTTCGCTTTATTCGTTGTCATATTAAATATTCCTTTTATGATCTTCGGATATAAATATATCGGTAAGACCTTTCTAGTCTCTACGTTTATAGGGATTGTCGGACTTGCCGTTATTGAATCCTCACTTCACCATGTAGAAGCCATTACAACCCAGCCTATTTTGGCTACTGTGTTCGGAGGTCTTTTACTCGGCTTTGGCGTCGGGCTTGTTATTCGAAACGGAGGTTCAATGGATGGTACAGAAATTCTCGGTATTTTGCTGACCAAAAAACTCCCGTTTTCTGTAGGTGAGTTCGTTATGTTCATCAATGTGTTCATTTTCATTTGGGCAGTTTTTGTGTTCGGTCCTGAGCAAGCGATGTACTCATTCATGACTTATTATATTGCGATGAAAACGATTGATGCTGTGATCCAAGGGCTTGATGAAACAAAAGCTGTCATTATTGTGTCTGAGCAGTATGATGAGATTTCCGACGCGATTTTGCACCGTCTCGGTCGGGGCACAACGAAGCTGAAGGGGAAAGGCGGATATACGGACGAAGAAAAAGACGTAATTTACGCGGTTGTCACAAGGCTGGAAGTGACAAAGCTCAAATCGATCGTGTTTGAAGTTGATCAAAATGCATTCATAACAATTATGAATACTCATGAAACGAGAGGCGGAAAATTCAAAAACGCAATCCACTAGGCTTTCATTTACTTTTATTCATTTTATGGGTATAATTTTATCTGCAGTAAAGAAAATGGCTTGCTGGACAGACAGCTGCCATTTTCTTTTTCATACATGTGATACGTTCTTAAGCAAAGCGAAAAGGGGGACCCTTCATGAACGTACAAGAAGCGCTGAACCTACTAAAAGAAAACGGATATAAATATACAAACAAACGGGAGGATATGCTGCAGCTTTTTGCTGATTCAGACAGATATCTTACCGCTAAAAACGTACTGTCTGCACTGAATGATGATTATCCAGGCTTAAGCTTTGATACAATCTACAGA
NZ_CP117986.1_gap9	358165	358820	655	ATGATAGGATAAATGTTTTTTCTGAGAATTCTTAATGATTAACCCGATAAGCGCTAAAAACGATACTTCAATAAATTTTCCCGCTGCTGTTACGAGAAAAATAAGATCTGAGAGAACAGTTACAATCATCGCTTTATTTTGGTTTAAACCTGCAATGACATCTTTTTTCTGTAACTCTGATGGCATCATTGAGTAAGACATTTCTTGGGCTTGTCCGTCAATGGCCAAAACAAATTTGTTCTGAAGGATGCCGATCGCGTTTTGCTTTGCTTCAATTTGTTCAGTGCCATAGGAGTCTGTCGGATCGAACACGATAACGAAACCATTTGCTTGAGATTCCGTGGCTTTTTTCTCATCCGTTTGAAGTTTGCCGTTTGAAATTGTGAAATCAGGGAAATCTTTGTTTAAAACAGTTTTAAAGCCGTTCATTGATTTTACGGTCCCTGTACTTACATAATAAGCGGTAGGGATTGCAAACAGGACAGAGAGCAAAAATACATAAAGAATCGCTTTTCCGATTCCTTGAAATCTTGTTTTTGCAATATCACGGGGAGAGTATGTACTTTTAATGAAAAGCTGAAACACATTCACTATCTTCACTTCCTAGCTAAACTAATATATGTTGCTTATTGTATCGTTGCATGCGTGTGAATAC
NZ_CP117986.1_gap10	359859	361516	1657	TTTGACAAATTCAAAGAGCAATTCGCAGCAGCAGCAGCTGGACGCTTCGGTTCTGGCTGGGCATGGCTTGTTGTGAACAACGGGAAACTTGAAATCACAAGCACGCCAAACCAAGATTCTCCGCTTTCAGAAGGCAAAACGCCTATCTTAGGTCTTGACGTTTGGGAGCATGCTTACTACCTTAACTATCAAAACCGCCGTCCTGATTACATTTCAGCTTTCTGGAATGTTGTAAACTGGGACGAAGTGGCTCGTCTATACAGCGAAGCAAAATAATGGCACAAACAAGGTCCTCATTATGGGGCCTTGTTTTTTTATGTCTTCTTTTTACATATCTCGGTTTGAGTGAGACAGACTAAGGGATAGTAAAGGGGAGTCAGTAATGAGCAAACTAAAAAAAGTGATAGGCGATGTAGACGTAAACAAAGGGTTACTCTTTCTGCTGACCATTGGCGGGCTTTACTCGCTGGGAATTGCACTGTCCAATACTTTTGTTAATGTGTATCTTTGGAAGCAGTCAGGGAAATTTATTGATTTGGCGATATATAATTTATCCATTGTGACAATGCAGCCGATAACCTTTTATTTGGCTGGACGGTTAGCCAAAAAAATAGACAGGGTATTCATTTTAAGGTTCGGCGTCATTTTTTTAGCTGCCTTTTATTTAAGTGTGCTTTTAGCCGGAGAAACGGCGGCCAGCCGCCTCGTGCTAATCGGCGCGGTGCTCGGAGTGGGCTATGGCTTTTATTGGCTAGCGTTTAACGTACTGACCTTTGAAATAACAGAGCCGGATACACGAGACTTTTTCAACGGGTTTATGGGCATTCTTTCTTCCTCTGCAGGAATGATCGGCCCGATTGTAGCCGGATTCGTGATCTCAAGGCTTGAAAATAATACGGGTTATACAGTGATTTTCAGTCTCTCCCTCAGTTTATTTGCCCTGGCTGTCGTGATGAGCTTTTTCTTAAAACGGAGAGAATCAAAGGGCCGTTTTATGCTGAGCAAAGTATTTGGAGAGCGCCATAGCAATATGAATTGGCGGAGAATCACGAATGCGCATTTTTTTCAGGGTTTGAGAGAAGGGATTTTTGTCTTTTTAATCAGTGTGTTTGTATTTATTGAGACAAACAGTGAACTTGCTCTCGGTACATTCGGTCTTGTCAATTCAGCTGTTTCCTTCTTTGCCTACTACTTTGCATCCAGGCTGATTAAGAAAAAGGCGAGAAAAAAATCGATTTTGCTGGGCGGACTTATTTTGTATGGCGCGCTGTTTTTGATTCTGTTCCATATGAGCTTTTCGACATTATTAACGTACGGCGTTTTTATTGCCATCGGCTATCCTCTGTTGCTTGTGCCATATGTATCACTTACATATGATGTGATAGGGAACGCGAGGCATGCCAGAAAAGCAAGAATTGAATATATCGTGCTTAGAGAAATGTTCTTGAATGCCGGCAGAATTGTTTCCATTTTGTGCTTTCTCCTGATCATGGCCCTTCTGAAAGAGGATGTGGGAATTCCTTTGTCACTTGCGATATTGGGTATAGGACATCCTTTGATTTATTACTTTGTCAAGGATATCCGTTTTAAGGAGAAAGAAGGGGAAAATGAAACCAAGGAAGAAGACGGCCAAAAACGGGTAACAGAACCGACCCTG
NZ_CP117986.1_gap11	363461	364325	864	TCAACTGGCTTCAGCATCGTATAAACCAGCTGCAAAAACAGGAACAGCCCAATCATTTTACGACGGACCGGATAAATCAAAAACAGGAACAGACACTTATAATACGACGCTTGTGGCTTATGCACCAGCTGACAATCCTGAGATTGCTATTTCTGTCGTAGTTCCTTGGACTTACATTGATTACAATCAAAGATACTCAATTACAAACGAAATCGGCAGGGAAGTAATGGATAAATATTTTGAGCTGAAATCGAAGCAGGACAAAGAAGATACTCAGCAAAAGAATAAAGACAAAATTGAAGAAAATGCAGAAAACACAACGTCTTCTGATAACTAAAAAGAAACGCTCACATGATGTGGGCGTTTTTTTTTATACAAAAAAACGCACTGATTTACAAAACCTTAACATTCGGTTCAAACCCTTTTTACATAGAACCTTTACTCTATACGTGTAGGACAAATTACACATTATACGCAGGGGGAATTCAGGAAATGAAAAAAAACAAATTGGTGCTTATGCTTCTGATGGCTGCATTTATGATGATTGCAGCTGCATGCGGAAATGCAGGAGAAAGTAAAAAATCGAATAGCGATTCTGCAAAAGGAGAAGAAAAGGCATCAGGTTCTTTAACCATTTCTGGTTCATCGGCAATGCAGCCACTAGTACTTGCAGCCGCGGAAAAATTTATGGAAGAAAACCCTGATGCTGATATACAGGTACAAGCTGGCGGTTCTGGAACAGGGCTTTCTCAAGTCTCTGAAGGAGCTGTTCAGATCGGGAATTCAGACGTTTTTGCAGAAGAAAAAGAAGGCATCGATGCAAAAGCGCTTGTCGATCATCAAGTCGCTGTAGTTGGTATGGCA
NZ_CP117986.1_gap12	395805	396395	590	GCCTTTCTTATTCTTCGATTCTTAAGATGAATAATATAAGAAAAATCTGCCCAAATTGCTGTTGCCCAGCATATAGTGATGATGGTAGGATATGAGTATGTATTTGATGTAAGATATTGCTATAGTATGTCCATAACAGCATGAAAATATGAGCGAATGACAGCAAGGGGAGAGACCTGACCGAAAACCTCGGGATACAGGCGCCGAAGGAGCAAACTGCGGAGTGAATCTCTCAGGCAAAAGAACTCTTGCTCGACGCAACTCTGGAGAGTGTTTGTGCGGATGCGCAAACCACCAAAGGGGACGTCTTTGCGTATGCAAAGTAAACTTTCAGGTGCCAGGACAGAGAACCTTCATTTTACATGAGGTGTTTCTCTGTCCTTTTTTGTATGTTTTTTAGCTGCGCCGTTGATAAAGGGGAGGAATTAGATGCTGAAAAGAACGCCGTTATTTGACCTGTATAAGGAATATGGAGGAAAAACGATTGATTTCGGAGGTTGGGAGCTTCCTGTTCAATTTTCTTCTATAAAAAAAGAACACGAGGCTGTCCGAACTGCAGCCGGTTTGTTTGATGTATCTCATATGGGAGA
NZ_CP117986.1_gap13	398133	401455	3322	TCGGTGATGCGCAGCCTTTCGGCATTCCTTCAGCATACGGCGGCCCGCATTGCGGCTTTTTTGCCGTTACTAAAAAATTAATGAGAAAGGTGCCGGGCCGTCTCGTCGGACAAACGGAAGACGAAAACGGAAAAAGAGGCTTTGTGCTTACCCTGCAAGCCAGGGAGCAGCATATCCGCCGAGATAAAGCAACATCAAATATATGCTCGAACCAAGCTTTAAATGCGCTGGCAGCATCAGTGGCCATGACTGCTCTCGGAAAAAACGGCGTAAAAGATATAGCCCGCCAAAATCTCTTAAAAGCCAACTATGCAAAGCAAGAAGCAAAAAAAGCAGGTCTTACCGTTATGTTTGACGGGCCGATATTTAATGAATTTGTCATCAAACTGGATGAGCCGGTGAGAGCTGTGAACAAGCGTTTGCTGGCAAAAGGCATGATTGGCGGATATGATCTTGGGTTGACGTATCCGGAGCTGGACTGCCATATGCTGATTGCTGTAACGGAGCTGAGAACAAAAGAAGAAATTGACGCACTCATTCAGGAATTGGGGGATCGCCATGAGTAATCAGGACCAGGCACTTATTTTTGAACTTTCAAGAGAAGGCCGAATCGGCTATAGTCTGCCGGAGCTCGATGTACCGGAAATCGAATTGGGGGACCTCTTGTCAGACACCTATATTCGTGACGAAGACGCAGCGCTGCCGGAGGTTTCAGAGCTGGACATCATGCGCCATTATACAGCGCTGTCCAAACGCAATCACGGGGTGGATTCCGGTTTTTATCCTCTCGGTTCTTGCACGATGAAATATAATCCGAAAATCAATGAAAAAATCGCACGTATTCCTGGTTTTGCTGCGATTCATCCTCTTCAGGATGAAGACACGGTGCAAGGCGCATTAGAGCTTTTATATGATTTAAGCAAGCACCTTGAAGAAATAACGGGAATGGATGAGGTTACGCTTCAGCCTGCTGCCGGAGCGCACGGCGAATGGACGGGGCTGATGATGATCCGTGCCTATCATGAAGCTCGCGGGGATTTCAAGCGGACGAAGGTCATTGTCCCTGATTCCGCGCACGGGACGAATCCTGCATCAGCGACAGTAGCAGGCTTTGAAACTGTTACGGTGAAATCGAATGAAAATGGGCTTGTTGATTTAGAGGATTTAAAAAGAGCAGTGAATGAAGAAACTGCAGCTCTCATGCTGACGAATCCGAACACGCTCGGCTTGTTTGAGGAGCAGATTACAGAGATGGCGGAAATTGTACACCAAGCGGGGGGGAAACTGTATTATGACGGCGCTAATTTAAATGCCGTTTTAAGCAAGGCGAGACCTGGAGATATGGGATTTGACGTGGTGCACCTCAACCTGCATAAAACATTCACAGGCCCTCATGGCGGCGGAGGCCCCGGCTCAGGCCCTGTCGGCGTAAAAAAAGATCTGATTCCTTATTTGCCAAAGCCAGTTTTAGTTAAAAAAGAAGGGCGCTTTACGTTTGATTATGACCGCCCTCATGCGATCGGCCGTGTGAAGCCGTATTACGGCAACTTTGGCATTAATGTGAGAGCGTATACGTATATTCGCTCCATGGGGCCTGACGGATTAAAGGCTGTTACTGAGAACGCAGTGTTAAACGCCAATTATATGATGAGAAAGCTCGCGCCTTATTACGATCTTCCGTTTGACCGCCATTGCAAGCATGAATTTGTATTATCAGGGAAGCGGCAGAAAAAGCTGGGAGTGCGTACGCTTGATATTGCAAAACGGCTCCTTGATTTCGGCTATCATCCGCCGACTATTTATTTCCCGCTTAATGTTGAAGAATGCATCATGATCGAGCCGACGGAGACCGAATCAAAGGAAACACTGGACGCGTTTATTGATGCTATGATTCAAATCGCAAAAGAAGCGGAGGAGAATCCGGAGCTTGTTCAGGAGGCCCCGCATACAACGATTGTAAAAAGAATGGATGAAACAAAAGCGGCGAGACACCCGGTGCTCAGATACGAGGCGGTAGAAAGATAAATAAAAACAGCTGTCTACCAGACAGCTGTTTGCTTTATTTCTTCGCTTTAATCTTTCCGCCCCATTTTTTAAAGCCGCCTTTTAGGTTGTAAATCTCAGTGCAGCCGTTTTTGCGCAGGGTTTGTGCCGCGCGTCCGCTGCGGACACTGTTTTGGCAGTACAGGTAAACAGGCTTGTCCGTACGGATCTCATTTTTTCTCTGTTTCAGCTGGGAAAGCGGGATGTTGCGGGCGCCTAAAATATGTCCGCCCTCAAACTCATTTGGCTCACGAACATCAATAAGCTGCGCTTTGCGGTAACCCGCGCGGAATTCTTCTTCGGTAAGTGTTTTCATAATTCGCTGCTGATAGACATAGGAAGCAATCATATAGATGATAAACGCAGCAAAAATAATCAAAACGATCATATTAGACAATGTGATTCTACTCCTTTAGCATATAAAATCAAAACCCTGCTTCATAAAACAAGGTCATAGAGCCGTTTTCGACAAATACTATTATAGTAAAGCACAGCGTGATTGTCATCTATAATGGAACTAAAATATTTTTCATTTTCCCGACAGTTTGATAAACTGATTCTATTAAAACGGTAAGGAAGGTCTTAAAATGCAAAAAGAAACTTGGCGGTTTATAGACTCAGGCAATGCAAGTCCTGCATTCAATATGGCGCTTGATGAAGCGCTTTTATATTGGCACAGCGAAAAGAAAATCCCCCCGGTTATCCGTTTTTACGGCTGGAATCCGGCGACACTTTCTGTAGGGTATTTTCAAAATATTAAAAAGGAAATCAATTTTGAAGCAGTACATAAATATAATCTCGGATTCGTCAGACGCCCGACCGGCGGGAGAGGTGTGCTTCACGATCAGGAACTGACATACAGCGTAATTGTTTCGGAAGAGCACCCCGAGATGCCGGCGACTGTTACTGAGGCTTACCGGGTTATTTCAGAAGGCATACTTCAAGGCTTTAGAAATCTCGGTCTGGACGCTTACTTTGCCATCCCGAGAACTGAAAAAGAAAAAGAAAGCTTAAAAAATCCGCGGTCATCTGTTTGTTTTGACGCGCCTTCGTGGTATGAGCTAGTGGTTGAGGGGCGCAAGGTGGCGGGAAGCGCGCAAACGAGACAAAAAGGCGTGATTCTTCAGCATGGCTCCATTCTTCTTGATTTAGATGAGGACAAGCTGTTCGATCTGTTCTTATATCCAAGTGAAAGAGTAAGAGAGCGGATGCAGCGCAATTTCAAAAACAAAGCGGTTGCCATTAATGAACTCACCGAAAAGCGGGTGACGATGGATGA
NZ_CP117986.1_gap14	432050	435996	3946	AGTGTGTTGGCGGAGCTTGGGTTTATCACTAACAGTTCTGATGCGGACAAGCTGGGAAGTGAAGAATACCAGCAAAAGGCCGCAGATGCGATTGTCAACGGCATTGATTCTTATTATGATCAGTAGATTGATACAGCCTTAATCCTAGAGTGGAGCCGACAAAATAAGTATAATGGAGAAAACTTTAGGGTTTGAGGTGAAACGATGACAAAGATTTTTGCCCACCGGGGGGCATCAGGTCAATTTCCCGAAAATACAATGCTTGCATTTGAAAAAGGAATTGAAGCCGGAGCGGATGGGATAGAGCTTGATGTACAGCTGACGAAAGACGGACGCATTGTTGTGATTCATGATGAAAGACTTAATCGCACGACATCACTTAAAGGATTCGTGAAGGATACAACCTATGATGAGGTAAAGACTGCGAATGCGGCCGCTGGTCACGATCAAGCGTACAGCGATATAAAAGTGCCGCTGCTAGAAGATGTGCTCTCGTGGGCGGTAAAAAAGGATTTTCTCATCAACATTGAATTAAAAAACAGCGTGATCCGCTATGAGGGAATGGAAGAAAAAGTGCTGGAGGCAGTGAAGCGATTCAATGTAGAGGACAGAGTCATCCTATCCACCTTTAATCATGACAGCTTGGCGCTATGCGCCCGGCTTGCGCCGCATATCGAACGGGCAGTATTAACTTCAGATGTGCTTTATCAGGCAGATCGATATATCGCGTCTATTCCGGCTTCCGGCTATCACCCGAAGCTAAACAGCCCAGGGGTCACAGATGAAGTACTGAAGAAAATGAGGAACGGTTTGATTAAGGTAAGGCCGTATACAGTCAATCGTCCGGAAGATATGAAGCGTCTCATTGAAGCGGGAGCAGACGGCATGTTTACCGACTTTCCAGAAAAGGCTTCGGCATTGCTGAAAAATGAATAGTTGTTAGAAGGAGGCTGTTTGACGCAGCCTTCTTTTTTCATTCATTCATTCATTCATTCATGCCCGTTTCAAAGCATACATTCATAGAAGACAACTAGAAATTGTAAGCGCTGTCTATCTTCTGAATGAGGTGAAACCATGAGGAAAACAGTCATTGTAAGTGCTGCAAGAACGCCATTTGGCAAATTCGGCGGAGTATTGAAAGAGGTGAAAGCTGCTGAGCTTGGGGGCATGGTGATGAAGGAGGCGCTGCAACGGGCTGGAGTCTCTGGAGATGATGTAGAAGGAAACGTCATGGGCATGGTTGTCCAGGCCGGCTCAGGGCAGATACCTTCCCGTCAAGCTGCCCGTCTGGCGGGAATGCCTTGGAGTGTGCCGTCAGAAACACTGAATAAAGTCTGTGCTTCCGGCCTTCGCGCTGTCACTTTATGTGATCAAATGATTCGGGCGCAGGATGCGGACATACTTGTTGCGGGGGGGATGGAAAGCATGAGCAATATTCCGTATGCCGTTCCCGCCGGGCGCTGGGGAGCACGGATGGGGGACGGCGAGCTTAGGGACTTAATGGTGTATGACGGATTAACGTGCGCATTTGACGAGGTGCACATGGCTGTTCACGGAAATACAGCTGCCAAGGAATATGCAATCTCACGAAGAGAGCAGGACGAATGGGCGTTGAGAAGTCATGCAAGGGCAGCTAAGGCCGCCGATGAAGGGAAGTTTCAGGATGAAATTGTTCCCGTCAACTGGATCGGTCGAAAAGGAAAACCAAACGTTGTTGATAAAGATGAAGCGATTCGCCGTGACACAAGTCTGGATCAGCTCGCGAAACTTGCTCCGATTTATGCAAGTGACGGTTCTATCACAGCCGGCAATGCTCCTGGAGTCAATGACGGAGCCGGCGCGTTCGTGCTGATGTCTGAGGAAAAAGCTGCTGAGCTTGGCAAACGGCCTCTGGCTACAATTCTTGGTTTTTCAACTACGGGAATGCCAGCGCACGAGCTGGCGGCAGCGCCGGGGTTTGCCATTAACAAGCTCCTGAAAAAGAACGGTTTAACTGTCCAAGATATTGACTTGTTTGAAGTAAATGAAGCTTTTGCTTCAGTTGTTTTGACATGTGAAAAAATCGTAGGTTTCGATCTTGAAAAAGTAAATGTAAATGGCGGTGCGATCGCGCTCGGACACCCGATCGGCGCGAGCGGTGCGAGAATTCTCATGACGCTTGTTTATGAATTAAAGCGACGAGGAGGGGGTCTGGGCGTTGCCGCTATTTGCAGCGGGGCAGCACAGGGAGACGCCGTCTTAGTGCAGGTTCATTAAAACATGATGAAAAAGGGGATTTGAATGGAAATCAAACAAATCATGGTAGCTGGCGCAGGTCAGATGGGAAGCGGAATTGCTCAAACAGCTGCCGACGCAGGCTTTTATGTGCGGATGTATGATGTGAATCCAGAGGCCGCGGAGGCAGGATTGAAACGGCTGAAGAAACAGCTGGCCCGTGATGCTGAGAAAGGAAAAAGGACCGAGACGGAAGTGAAGAGCGTAATCAGCCGCATTTCGATTTCTCAAACGCTTGAGGAGGCAGAGCATGCGGACATTGTGATTGAGGCTATCGCAGAAAACATGGCGGCAAAAACTGAGATGTTTAAAACACTTGATCGCATTTGCCCGCCTCATACGATTTTGGCCAGCAATACATCTTCCTTGCCTATTACAGAAATCGCTGCTGTAACAAACCGGCCTCAACGGGTTATTGGCATGCATTTTATGAATCCCGTCCCTGTAATGAAGCTGGTTGAAGTGATTCGCGGCTTGGCTACATCAGAAGAAACGGCCTTAGATGTTATGGCATTAGCGGAAAAGATGGGGAAAACAGCGGTAGAAGTCAATGATTTTCCTGGGTTTGTTTCCAACCGTGTGCTTCTTCCAATGATTAATGAAGCCATCTATTGCGTGTATGAGGGAGTGGCGAAGCCGGAGGCAATAGATGAAGTGATGAAGCTGGGCATGAATCATCCGATGGGTCCGCTTGCATTAGCGGATTTTATCGGACTGGATACGTGTTTATCAATTATGGAAGTCCTTCACTCAGGCCTTGGCGATTCCAAATACCGTCCTTGCCCGCTGCTCCGCAAGTATGTCAAAGCAGGCTGGCTTGGCAAAAAGAGCGGACGCGGTTTTTATGACTATGAGGAGAAGACTTCCTGAAGTCTATTCCATCCGGGGGTGGCCGAGTTGCATGTAACCCAAGAGCAAGTCATGATGCGAAAAATGGTGCGTGATTTTGCACGAAAAGAAATTGCTCCCGCTGCGGAAATCATGGAGAAAACGGACGAATTTCCCTTTCAGCTGATCAAAAAAATGGGTAAACACGGACTGATGGGAATACCGGTGCCGGAACAATACGGCGGTGCTGGAGCGGACGTTGTTTCTTATATTTTGGCAATTCATGAGATTTCTAGAATCAGCGCGGCTGTCGGCGTGATTCTCTCCGTTCATACCTCAGTCGGCACGAATCCGATTCTGTATTTCGGCAACGAAGAACAGAAGATGAAATATATACCAAATCTCGCGTCAGGAGACCATTTGGGCGCATTTGCACTAACGGAGCCTCACTCGGGGTCGGATGCCGGGAGCCTCCGCACAACAGCAATCAAAAAGAACGGCAAATACCTATTAAACGGATCGAAAATATTCATAACGAATGGCGGAGCAGCTGATATCTATATCACATTTGCTTTAACAGCTCCAGATCAAGGCAGGCACGGGATTTCGGCTTTTATTGTTGAAAAAAACACACCCGGTTTTACCGTTGGAAAAAAAGAAAGAAAGCTGGGGCTTTATGGCTCCAATACTACGGAACTGATTTTTGATAATGCAGAAGTGCCTGAAGCCAATTTGCTTGGCAAAGAGGGGGATGGCTTTCACATTGCCATGGCGAATTTAAATGTCGGCCGGATCGGCATTGCGGCACAGTCCCTCGGAATTGCAGAGGCGGCTCTTGAGCATG
NZ_CP117986.1_gap15	456322	459394	3072	ATTATGCTGTTTGACGAGCCGACCTCCGCCCTTGATCCGGAGATGGTCAAAGAAGTGCTACAGGTGATGAAAGAGCTGGTCGAAACCGGCATGACCATGGTGATTGTCACACATGAAATGGGCTTCGCAAAAGAAGTGGCAGACCGCGTGCTGTTTATGGACCAAGGAATGATTGTCGAGGACGGCAATCCGAAGGAATTTTTTATGTCGCCAAAATCCAAAAGAGCGCAGGACTTTTTAGAGAAAATATTATAGAATATAAAAAAGAAGAAGGCTGGCCGCCTCTTCTTTTTTATTGAAGAAACAAATAGAAATGGAGTCCGACATGTTTAAAATTGGTTATCGCACAATAAAGACCGCGCTAGGAACAGCTTTGGCTATTTATATAAGCCAGTTATTGCATTTGCAAAACTTCGCATCAGCAGGAATCATCACCATTTTGTGCATACAAATCACACAAAAACGGTCGCTTCAGGCCTCATGGGCCCGCTTTGCGGCATGTTGTCTGGCAATTGTTTTTTCTTATCTCTTTTTCGAGCTTATTGGCTACCACCCGTTTGTTATCGGAGCGCTTCTTTTGATATTCATTCCGATAACGGTTCTGTTAAAAATTAACGAAGGTATCGTCACCAGTTCCGTTATTATCCTTCATTTATACATGTCCGGCGGCATTACGCTTGCTTTCATCTGGAATGAAGTTCAGCTGATTACGGTTGGCATCGGCGTCGCTCTATTGATGAACTTGTATATGCCTAGTCTTGACCGGAAACTGATTGCCTACCGCAAAAAGATAGAGGATAACTTTGCTGTCATTTTTGCAGAAATCGAACGGTATTTGTTAACTGGTGAGCAAGATTGGTCAGGAAAAGAAATTCCGGAAACGCACCAGCTCATTACGGAGGCTAAAAACCTGGCATATCGAGATGTGCAAAACCACATTTTGCGTTATGAAAATCTGCATTATCATTATTTTAAAATGAGAGAAAAGCAATTTGAAATTATCGAACGCCTTCTCCCTAAAGTGACATCGATCTCCATTACGGTAGATCAGGGAAAAATGATCGCTGAATTTATTCATGATTTGCGGGAGGCGATACACCCTGGGAATACAGCGTACAAATTTCTGAAAAGACTTGCTGACATGAGAAAAGAATTTGAGGAGATGCCGCTTCCGGCGACTAGAGAGGAATTTGAAGCAAGGGCCGCTCTCTTCCATCTTCTCGGCGAAATGGAACAATATTTAGTGATTAAAAGTTATTTTAAAGGAATAAAAGCGCAAAAATCACTCGGATGATTCGCATGAGCTCTTCCTTCATTGGTCAACCTAATGAAAAAGGAGGAGCTTATGCGTTTTTTCTTATGTTCGATTTTTATGATGATTTCACCGATTTGGCCGCTCGGCGAAAATCCGCTGCCGGGTGATCCATATGTTATTGTCAACAAGCGAACAAATGAACTTGCTGTTATCCTCGACAACAGAGTAGAAGGCGTGTATAGTGTGGCGACTGGAAAAACAGATGATTTGACGCCTGAAGGAGAGTTTTCGGTAACGGTAAAAGCGGAAAATCCTTACTACAGAAAGAAAAATATTGAAGGGGGATCTCCTGACAACCCGCTTGGGGCCAGATGGATCGGATTTGACGCGAAAGGAACGGACGGGCGGATTTATGGAATTCATGGGACAAACCGAGAGGAATCAGTAGGGAAATTTGTGTCTAACGGCTGTATACGTATGCATAACGATGAGGTCGTTCATTTGTTTCAAACGATACCAGTAGGAACGAGAGTGCTGATCACGGACGACAACCGCTCTTTTGAGGAGATTGCCATCGAGCATAAAGCTCTGATAAAAAAGCAGGATATTCCCATTGAATAAGGCGCCTGCTTTTTTATCGTTATAGAAACATGACGATTCCTGAGAGTACAGTTGAAAGAATAAAAACTCCCAAAATCACGATCAAAACGCTTTTCATCAGTTTTTGAGACATGATTTTCACTCCTTAAACAATCTGTCTATATTTTAGCGTGTTTTGAATGGGCGGACAAGCGATATCTATTAGCGAAAGCAGGGATGAAAATGAACAGGCTTGACCATATCGGGATAGCCGTTTTTTCGATAAAAGATGCAAGAAGCTTTTATGAAAATGTATTGGGGCTTGCATTTCTTCATCAAGAAACGGTTGAAGAGCAAAAGGTGAATGTTGCTTTTTTTCAAGCTGGTAGCGTCAAACTTGAGCTGATAGAGCCGTTGACAGCTGACAGCCCCGTCCGTTTATTTTTGGAGAAGAAAGGGCAGGGACTGCATCATATTGCGTTTTTGTGCAACGGCCTATCTGAACAGCTTCAAGCATTGTCTGACCGGCATGTTCAATTGATTGACAGGTTTCCAAGACAGGGGGCGAACGGGAAAAAGATCGCGTTTATTTCCCCTCGGGAAACAAACGGTGTTCTTGTAGAGCTTTGTGAACCGAAAGGAGATCAACAGAATGAACATGAATGAGCACATGGATCATTTATACACGAAACGCAAGCAGGCAGAAGAAGGCGGAGGACGGGAAAAGCTGGCTCAGCAGCGGCAAAAGGGCAAGCTCACTGCTCGGGAAAGGATCATATTTCTTCTAGATCAGGACAGCTTTATCGAATTACACCCCTTCATGGAAAGTCAAGTGTTAACCAAGAGAACAGCGCATGTTAGGGGATGGGGTCGTGACAGGGTACGGCACAATTGACGGCCGCTCAGTTTATGTATTTGGGCAAGACTTCACAGTGTTCGGAGGGGCGCTTGGCGAAACCCATGCCAGGAAAATCTGCGCTTTGATGGATCTGGCAGCAAAAAATAAGGCGCCGATTATGGGCTGAATGACTCAGGTGGTGCGAGAATTCAAGAGGGTGTGGTATCATTAGATGGATACGGTCACATATTTTACCGAAACGTCTTATATTCCGGAGTCATTCCGCAAATATCGGTTATTTTAGGGCCGTGCGCTGGAGGCGCTGTATATTCTCCGGCACTCACAGATTTTATATTTATGGCTGAACAGACCGGCCGGATGTTTATTACCGGCCCGAAGG
NZ_CP117986.1_gap16	472329	473992	1663	AGGTGAGCCGCCGTATTCATCTGTGCGATGGTTGGAAAGCGGAGACAAAAATTCATGAATTAAATATCCGTGCGCCGCATGAATTTCAATCACATCAAAGCCGGCTTCTTTTGCGCGGGCAGCCGCTTGCTTGAACTCCTGAACTGTTTCTTTTACTTTTTCTGCTGACATTTCTACAGGTGTTGCTGATTGTTCGTCAAACGCAATCGCCGATGGAGCGAAGATATCTCCTTCAAGCTCAGCTTTACGTCCGGCATGGGCAAGCTGAATGCCGATTTTTGAACCTTGTTCTTTGACCTGCTCAGTCAGTTTTGCAAAGCCTTCAATATGCTCGTCGCTCCAAATGCCTAAGTCTTGGTCAGTGATTCGTCCTTGAGGGTTAACCGCTGACGCCTCTACAATAATCAGTCCGACCTGGCCGATTGCGCGCGATATGTAATGTGCCATGTGGAACGGTGTTAATTTTCCGTCCTTTTCATGAGAAGAATACATGCACATTGGCGACATGACAATGCGGTTTTTTAACGTCATATCTTTAATTGTAATAGGTGTAAATAATTTTCTGGCCATTTCTTTCGCCTCCCGTAAGGTTTTTAGAGATTGATTATATCAAGTCATTTCTTTCCCGTCATATAAACTGCTCAAAAGAACCGCTTTTGTCAAACATTTCTGTATAATAGACGAGAAATCAGTTTATTTTTCAGTATAGAAGCATTTTTATTCATAGGAGGGGCGGAATCAATGAATTGGCAGACGAAGGACGAATTGCTGGCACTTTTAACTTCTCTTGTGCAATACGAAAGCATCACCGGTTCAAAGGGCGAGGCAGCACTTGCAGAGTATCTTTATTTTATTTTGAAGGACAAGCCCTATTTTCAAAATCACCCTGATGATGTAACACTTCATCCGATGGACGATGGCAGATCTTTTCTTACGGCTCTAGTCAAAAAGAAGAATGTCAAAAAGACAGTGCTTCTGCTGAGTCATTTTGATGTCGTTGACATAGAAGATTACGGCGAATTTAAACATATGGCTTGCAAGCCTGCTGAGCTTTTGAGCTCCTTTTTAGAGAAAAAAGAGCTGCTCCCGGAACGGGTGAGAAGAGATGCCGAAAGCGGAGACTGGCTGTTCGGAAGAGGGACGATGGATATGAAAGCGGGGCTTTGTGTTCAACTGTCGATGCTGGAGAGGGCAATGAACGGACATTTTGAGGGCAATCTGCTGTTGATAACGGTTCCGGACGAGGAAGTGAATTCAAGAGGCATGATTGAAGCGGTTCCTGCATTGAAGGAAATGGAGAAAAAGCATGATATCACATTAACTGCTTGCCTGAATGCCGAACCGATGTTTGAAAAATTTCCCGGCGATCAGCAGCAATATTTTTATACTGGAAGCATTGGCAAGGTGCTTGCGGGTTTTTTCTGCAAGGGGATTGAGACACATGTTGGAGAGCCGTTTTCAGGCCTAAACGCAAATTTAATGGTATCTGAGATTAACCGTTTGCTTGAACTGAATGCTGATTATTGCGAAAAGGTTGATGGCGAGGTCACTCCGCCGCCGGTAAACTTAATGCAAAAGGACTTGAAAGAGGCATATTCAGTCCAGACACCGCATACAGCTGTCACATTATTTAATGTGCTGTCAATGAAACGCTCAGCTAGTG
NZ_CP117986.1_gap17	475031	476882	1851	TTTTCCATCGCCTCAATATAACGATACACATAGGCCGGGCCGCTGCCTGCGATTGCAGTGACAGCGTCAAGATGCCGCTCCTCAACCAGTGTTGCATCACCGATTGTTTCCAATAGAGCTTTTGCGGCAATAATATCATTCTTGCTTGCTTCCGTGCTTACGGAAAATCCGGTTGCTGATTTTCTGATTGCCGCTGATGTATTAGGCATGACGCGAATGACCGCGAGCTTTCTGCCAAAATAATGCTGAATGGTTTCGATGGTAAGGCCTGCAAGTACTGAAATTACAAGCTGATCCTTGATATACGGCCGGATGCTGTCGATGCTTTCCGCCGCGTCTTTCGGTTTGAAAGCGAGGATAATGATATCGGTGTGAGTGAAAAACTCATTTTTATCTCTGCATGGACGCACGCCGTACGTTTCCTTTAATTCAATCAGACGCTCGTCATTTGAGCGATTTGTAATATAGATGTGTTCTGGTTTTGTGATGCCGCTTTGCAAAATGCCGTTGATCATTGCTTCTGCCATTGACCCGGCGCCGACAAATCCTATCTTTTTCATTGATATCCTCCTTCTATCAGAACAACAAAAAACCTTTTCATCACGTAAAGGACGAAAAGGTTCGCGGTACCACCCTCATTAGCACAAATTGTGCTCAGCTCAAATCCCGTAACGCGGGAAACGTTTAGGTTTTCCTAACCGCGACTTGAGGGCAGGTTCTACAAACAAGCGGGCCGCAACACCTTTCAGCCGGGGGTATCGCTCTCTTAGGCCATTGCCTTGTATACTATTCCTCGTCATAGCGTTCTAATGGTTCTCGTTTTAGTTTGTTGTTCATTATGCAATGGCGGACAAGCTGATGTCAATAGCTTTTTCAAAAAGGTTTGTTCTCATTCAGCAATAATGACACAAGACCGAGAAAAAGCTAAAATATGAATAATGAATGAAGACAAGGAGCGAATGGATGACAACTGAAGATGTAATTGCGATCCGCGTCCCGACGCCGTTTGCTGTCGGTGATGTTATCGTTTACCTCGTAAAAGGTGATGCACTGACACTTATTGATGCAGGGCCGAATACAAAAGAGGCTGCCAGAGCCTTACAAGAGCAGCTTGCCGCTGTAAATGTGAAATTGTCAGATATCGAGCAGGTTGTACTGACTCACCATCATGCTGATCATGCAGGCTTGCTTGATGTCTTTTCAGATGAAATCGAAGTGATTGGGCATGCATTCAACGAACCTTATATCAGCCGAAATCAAGCCTTTATGGATTGGCAAAAACGTTTTTTTCAAAAGCTGCTGCCTGAATTAGGCGTTCCATTTGATACGGGGAAGGCGGAAAAGCTGATGCGATCAGCGTACGCATTTTCCTGTACGAGATCTCTGACAAAATCAATCAGAGAAGGTATGGGCATAGATGGGCTTGAGGGCTGGTCTGTGTTGGAGATGCCTGGACATGCTGAATCGCATATCGTTCTGTTCCATGAAAAAAGCGGAAGGATGCTTGGCGGCGATCTACTGCTGGCCAACAGCTCGTCTAATCCGATTTTGGAAGCGCCGAAAGCGGGAGACGTCAGGTCAAAGCCTTTAGTGGATTATCAGCGGTCATTGCGAAGGCTGTCTCAACTTGATCCAACAATCGTATTTCCTGGTCACGGCGAGCCTATCACCAGTGTACAAGCGCTGATTGAGAAGCGTTTTGACAAGCAGAGGAACAGGACGGAGGATGTGCGTCGCATGCTGGATGAAAAGCCGATGACCGCTTTTCAGGTCTGTCAGCAGCTTTTTCCTGCTGTATATGAAAAGGAATTGTTTTTAACGATGTCAGAAACGGCAGGTCACCTTGATGTG
NZ_CP117986.1_gap18	479787	482053	2266	GGTGTGTTCGAGGTTGTAGAACAGGCGGATATTGTGATTATTGAAGGCATTAATGTGCTTCAGTCGCCCACCTTGGAGGATGACCGGGAAAACCCGCGTATTTTTGTTTCCGATTTCTTTGATTTTTCGATTTATGTGGATGCGGAGGAAAGCCGGATTTTCACTTGGTATTTAGAGCGTTTTCGCCTGCTTCGGGAAACTGCTTTTCAAAATCCTGATTCATATTTTCATAAATTTAAAGACTTGTCCGATCAGGAGGCTGACGAGATGGCAGCCTCGATTTGGGAGAGTGTCAACCGGCCGAATTTATATGAAAATATTTTGCCGACTAAATTCAGGTCAGATCTCATTTTGCGTAAGGGAGACGGGCATAAGGTCGAGGAAGTGCTGGTAAGGAGGGTATGAAATTGTGCATCATATCGAACTGTATGTCTCTGATTTGGAGGCGTCTAGGCGGTTTTGGGGATGGTTCTTAAAAGAACTTGGCTATAAAGAGTATCAAAAATGGAGCTCAGGCATCAGCTGGAAGAAAGATCGTTTTTACCTAGTGATTGTGCAGGCGAAAGAGCCATTTCTAGAGCCGGAATACCATAGATGCCGAGTCGGTCTGAACCATCTCGCATTTCATGCTGAATCCAAGCTTCAAGTCGATCAGATGACTGAAAAATTGACGGCAAAAGGTTATCGTGTGTTGTACCGAGAGAGGCATCCTTTTGCCGGAGGAGACGGGCATTATGCAGTCTATTGTGAGGATCCGGACCGGATTAAGGTAGAGCTCGTTGCCCCAAGCTGTTAATCGTGATCTTCGGACAGGCTGTTCAGCTTTTTCTCAATGCGATCCAGCTGCGCTTTTCGGTTTTTCGCATACTTGAAGCCTGTAACAGCCGCAAAGATGACAGCGGCAAATATAATAAATACAAACAGCTGAAACATCACATCACCTATATTCATGTTCTTCACCTCATGTTTGCGGGAGAGTTTCATTCTCTTCCGTTTTTTATTTAAAGCGGCTTTTCCAGACGGGAACGGTGTTTTGTGGTCTCCATTTTCATTTGCCGATAGGCGAACGCTAAAAATGGCAGGCCGAGCAGGGTAATGCCGCTCAGGACAGAAAAAATATAAATCGGCCGGCCAGCGCTAAACAGGTCTATACATATCCCCCCGATCCAAGGGCCGATGACGTTTCCGAGCTGTGAAAAACCGATTGCCCCGAAATAAGTGCCTTTTAATCCTGGTTTTGCAATCTGGTCTACATACAAATCCATCATAGAGAATAAAAGAACTTCGCCGATTGTAAATGTGATGACAATCATCACAATTGATGGAACACCGTGCGATACGGTGAAAATGGCCATGCTGATGCTAACCATCACATTACCGAGCATCAGAGAACAAAGCGGCGAAAACCGTTTTGCAAAATGGACAATGGGAAATTGCGTCGCCAACACTACGATTGCGTTTAATGTCAGCATCAGCCCGTACAGCTTCGTTCCATTGCCGATCAAGGGGTTCTGCGCCATATACTGAGGGAATGTGGAACTAAATTGTGAGTAGCCGAAGGTGCATAGCGTAATGCCGACCAAAGCAATGGTAAAAAGATAATCCTTTTGCGTGACCATAAACGCTTCCCGCACGCTCATATTTCGGGACTGGGCTGGTGCTGATAAGGATGGATGTTTTTTAAATTGGAGGGCAAGCACAATTCCGTATAGGCCGTAAATGACTGCAGGCACCAAAAAGGGCGTAGTCGATTGCGATGAGCCGAAATATAGGCCAAGCACAGGTCCGAAGACAACACCGATATTAATAGCTGCATAGCGTAAATTAAAAACTAGCAGTCTCGTTTTTTCTTCTGTCATATCAGACAGCAAGGCCTTTGAAGCGGGCTCAAACAGTGATTTGCAAAGACCGTTTAATGCGTTAACTACAAAAAACACCCAGAGATGAGATGCCGCCGCAAAGCCTGCAAATACCAGCATCCATCCGAAAATCGATACAAGCATCATGTTTTTTCTGCCGAATTTATCTGAGATATATCCGCCGTAAAAGCTTGCGAGGATGCCGACTGATGAGCTCGCGGCAATGACCAGCCCTGCATAGGAAGCTGATGCGCCTTGGACGGCTGTCAAATAAATCGCTAAAAAAGGAATGCTCATCGATGTTGCCATTCTGCCGAAAATGGTTCCGATTATAATTGTCCAGCTGATCGGGTGGATATCTTTCCATTTCTTCATGAATTATATTCTCTCCTGTATGTATGATCTTT
NZ_CP117986.1_gap19	483869	485762	1893	ATATGAGGCTGTACGCCGGCTGTTTCTTACATTTTGGGACGGGAAACCTGTCCGCCGTCTCGGTGTCAATCTGTCTCAGCTCTCATCTGATGACATATGGCAGCTCAATTTATTTCAGGATTATGCAAAGAAAATGAGCCTAGGCTATGTGATGGACGGCATTAAAAATCGATTCGGCGACACAGCAATCATCAGGGCGGCGTCACTGACAGCGGCAGGCCAGGCATTTGAACGCGCGGCTAAAATAGGGGGGCACTATAAATGAACGACCATTTAAAAAGGGGCAACCTGCTGTGGGAAGGGAGCAGGATGTTTCTGCCGGAACATAAGCAAAGCCTGCTGGAGAGAAAGCGCCTTAAACAGAAGCTGCAAAAGCCGATCCTTGACCCCGATAAGCTGGAAGAGATGAATCAAACGCTTTGCGCCGCGATGGAGTTCGCTCAGGATATCACTGTCAGCTGCTTTCAGGACGGTGAGATTGTCCGCTGCACCGGGAAGATCTGCCGGTATGAAGAGTTTGAAAAAGCAGTATGGATAAAAGGAGACGAGGATCATCTTTATAAGCTGAAACTTGATCAAGTGCTTGATATTGTGCTGTAAAGTCTCTCCTCCTGCTTGGGGGAGAAATAGGCGTAAAATGATCAAACATTGTTCCCTCGGCAGTCTGGAAACGTATGATAAAGGAAAGAAGGCATTTACAATTCCAGCCAGGCAAAATATAATTTTTATATTGTGAGAAAAAGAGCTGACATTCGTTTTGCCAGACGGAGGGAGATCAAATCGTAATGGATATTCGAACAATCACGTCTTCAGATTATGAAATGGTAACGTCTGTACTGAATGAATGGTGGGGCGGCAGACAGCTGAAAGAAAAATTGCCGAGACTATTTTTTGAGCATTTTCAGGACACAAGCTTTATTACATCCGAACATAACAGCATGACCGGATTTTTAATCGGATTTCAATCGCAATCGGATCCTGAAACGGCGTACATTCATTTTTCCGGTGTGCATCCAGATTTCAGAAAAATGCAAATTGGGAAACAATTGTATGATGTATTTATCGAAACAGTAAAACAAAGAGGCTGCACCCGGGTGAAGTGCGTCACTTCACCTGCGAATAAGGTATCAATCGCATATCACACAAAATTGGGGTTTGATATTGAAAAGGGCACCAAGACGGTAAATGGCATCTCAGTGTTTGCAAACTATGATGGCCCGGGCCAAGACAGGGTACTGTTTGTCAAAAACATATGAGGGGGAAATATAATGGATTTTTTATCAAAAACACCTGAGCCTCCTTACTATGCAGTCATTTTTTCTTCTGTCAAAAGCGAAAATGACACAGGATATGGAGAAACAGCGGAGCGGATGGTATCGCTTGCGGCGGATCAGCCTGGATTTTTAGGCGTGGAAAGCGTACGTGAAGCGGATGGAAGGGGCATCACAGTTTCCTATTGGGACAGTATGGACGCAATTAACCATTGGAAGCATCACACTGAACATCAAGCAGCAAAAGAAAAAGGAAAAAGCGTTTGGTACGAGTCGTATGCAGTCCGCGTCGCAAAAATCGAAAGACAGCGGCTGTTTCAGGAGAACACGAATGATTGAATTTCTCCAGCATAAGGAAGACACTATAGCGCGTGAGATTTTAGCCGTACAGATCCCCGCCTACATAAAGGAAACAGAGATTATCGGTTTTGACGGTATTCCCGCTTTACAAGAGAAGGTGAAGGATATTCAAGCATCCCATGAGCGGTTTGCGGGATATCGGAAAAACGGCAAGCTGATCGGTGTCATTTCATATGAGAAAAACATGCATCATCTCACCATTTGCAGGCTTGTTGTGCATCCTGACGGTTTCAGAAAAGGAATTGGACGAGCGCTTCTGCAA
NZ_CP117986.1_gap20	640911	642035	1124	GTGACAATCGAATCATCAGGTATTGCTCCCGCTGTAATGACGGGCTTGAAGCTGGGTGTGCCAGTTGTCTTCGCGAGAAAGCATAAATCGTTAACACTCACCGACAACTTGCTGACAGCGTCTGTTTATTCCTTTACGAAGCAAACAGAAAGCCAAATCGCAGTGTCTAGGACCCACCTGTCGGAACAGGATCATGTGCTGATTATCGATGATTTTTTGGCAAATGGACAGGCAGCGCACGGGCTTGTGTCGATTGTGAAGCAAGCGGGAGCTTCTATTGCGGGAATTGGCATTGTTATTGAAAAGTCATTTCAGCCGGGAAGAGAAGAACTTGTGAAACTGGGCTACCGAGTGGAATCTTTGGCAAGAATTCAGTCTTTAGAAGAAGGAAAAGTGTCCTTCGTACAGGAGGTTCATTCATGAGAAATGGATTCGGCAAAACGCTGTCTTTAGGGATTCAGCATGTTCTCGCCATGTATGCCGGCGCCATTGTCGTTCCTCTGATTGTCGGAAAAGCAATGGGACTGACCGTCGAGCAGCTGACTTACTTAGTATCAATTGATATTTTTATGTGCGGTGTGGCTACACTTCTGCAAGTGTGGAGCAACCGATTTTTTGGGATCGGGCTTCCGGTAGTGCTTGGATGTACCTTTACAGCTGTATCGCCAATGATTGCGATTGGATCTGAATATGGGGTTTCAACAGTTTACGGCAGCATTATCGCTTCAGGCATTCTTGTCATTCTTATTTCATTTTTCTTTGGAAAGCTCGTATCGTTTTTTCCGCCGGTCGTGACAGGCTCTGTTGTTACGATTATCGGTATTACACTGATGCCGGTTGCCATGAATAACATGGCCGGCGGAGAAGGAAGTGCAGATTTCGGAGATCTCTCCAACCTTGTTCTTGCTTTTACCGTGTTGAGTATCATTGTACTTCTGTACCGTTTTACAAAAGGCTTTATCAAGTCCGTCTCGATTTTGATCGGTATTTTGATTGGCACCTTCATCGCTTATTTTATGGGAAAAGTTCAATTTGATAATGTTTCGGACGCGGCAGTTGTTCAAATGATTCAGCCATTTTACTTCGGCGCGCCGTCTTTTCATGCAGCGCCTATCATTACGATG
NZ_CP117986.1_gap21	645162	646974	1812	TTACGTCGTTCACTATAATCACGTGCACTCTGAGGAAAATGTAAAGTTTCTCAGATCAATAAAAGAAAGCATTCCGAATGTGTATTTTATCGTCAATCAAATTGACCGCCATGATGAGACGGAGACGAAATTTGGAGACTATAAAGCGCAGGTAGAGGAGATGCTTTGCAATGAAGGGATTTCAAAGGAAGCGCTCTATTTTACGTCAGTAACAGAACCGGACCACCCGTTCAATCAGATGGGGGCCCTGAGAGAAGAGTTAAGAAGAATAGAACAGCAATCAAAAAGCAATATGCAGGCTTTAACCGAACAAAAAGTCCGTAATCTGCTAAAGGAACATACGGAAATGCTGAAGAAAGACGAAACAGGCGCTCCGAGTTTCGCTGAACAGCTTAATATCCAAACTGGACTGGTCCAATCGCTGCGTGATCAATTTAATGAGGCCGAAAAACAAACGACTGAGGCAGAGAAGAGGATGCAGGAAGAAATCAATCTTATTTTAAAAAACGCCAACCTGACGCCTTTTGAAATGCGTGAATTGGCGGCTGCATTTTTAGAATCACAAGAGCCTTCCTTTAAAACCGGCTTTTTCTTTTCTAAAGCGAAAACTGCACAGGAAAGAGATAAAAGGCGGAATGCTTTTTTCTCTGATGTGGCAAAACGAACAGAGGCCGAAGCGGATTGGCATATGATAGACACGCTTCATAAACTCGCCAAGGCATTTGATGTCTATACCGCTGAAAGTGAAAAGCTGATTCAGGCCTATCGCACACCGCTTGATATAAGCATCATTGAACGCGCGGTCAAGCATGGTGCAGCCTTTTCTTCTGAATATGTATTGCAATATACAAAAGATTTGGCAGAGCTCATCCGGAAAGAGGCGAAAAGAGAAGCCGCAGACATCATAAAGGTGCTCTCCGCTATGGTGAAAGAGCGTGTTTCCAAAGACGTGCAAACGATTAACGACCGGCTCGTCCAAGAATCAGAAAAACTTGTCTTTCTTCAAGAACAGGCGCGTTTAGAGAATAATGCCCGAGAGAAAACCGATCGCCTGTGGGCCATTTGGGAAGAAGAGTCCGCATGCCCAATGCATATAGACACAGAATGGTTTAAATCGAAGAAAACAAGAGTGGCGGCTCCAGAGCAGAAACAAGGCCGAAGCCAGCTGACGGCGCAGCCGATGCCGAAATCAGAAATCAAAATGGAACAAGAAATGCCGCTTCAAGACCAAATCAAACGCTTTTACACTTTGTCTGACCTTTTAGGCGAATGCAGCATGTTGTTAAAGCAAACTTCAGCGTTTCGTGAAAGGGTGAAAAGGCTTGAGGAACGGAAATTTACACTTGCTCTTTTTGGAGGCTTCAGCTCGGGGAAATCATCATTTGCCAATGCGCTTGTCGGCGAAAGAGTGCTGCCATCCTCACCAACGCCAACCACAGCGACAATTAACAAGATCACAATGCCAATCAATGGCAACTTAAACAAAACAGCGGATGTAGTGTTTAAGACAGAGGATGACATAACGGCTGAAATTTTGCAGCTCACCGGAATACCAAAGGAACCGGCAGGCCGTTCCTTCACAGAGAAGTGGGAAAAGGCAGTCAAAAAAAACAGGCTGCAGGAAGAACACGTGAAATTGATCAGCAATTTCCTGCTTGCATATGAGAAGTATCAGCAGTATATACAGGAACAGAAGAAATTAACGATTCCGCTATCTGAATTAAAGCCGTATGTAGCAGAGGAAACAACGGCCTGTGTTGTAAAAGAGGTAACGGTCTACTATACATGCCCGCTCACTGAAAAAGGGATTAC
NZ_CP117986.1_gap22	742036	746242	4206	TTCGGCTTGTCAAATCGCGCAGAGAAGGAACATCGATTTATTACTCTCCGGAGGATGAACATGTTTTAGATGTTCTTCAGCAAATGATCCATCATACACAGCATGATTGAAAAAGACATCCTTGCTTAACTCGCTGTTAGCGGGCAAGGATGTCTTTTTCTTTATTGTATTCGTGCTGTTCGAGTTCGTTTCTGCTGAGCTTGATGACAAAAGAAGAAAAACCGATATAATAAACGGCTATCAGAAAACAGACGCCAATTGTCAGAGGGTCCGTTCCGATTGACTGACTGTATGATCCAAGGCTGTTTAGATCAGGTGAGGTAAGATAAAGCTCCGTCACTCGATACAGAAATCTTGATAGAAATAAAGTTAAGAGAATCACCTCTACCCAAATATGAGTCCGAAAATAGATCTTTCCTCTGCGTTTTTCAAAGGAGATGTTTTTCTTAGCGAAAAAGACAAGGAGCCATCCGCCAAGAATGCCCAAAATGAGATATCCATATAAAAAAGGGTGAATGGCGCTGAAGATTGAAAGGCCAAAAGCAAACAGCGAGAAAAGAATGATACGGGTGAACAGCCAGCGGGGCTTCAGCGGCTGGTATCCGATGGACCTTTTAATTTTTTTATACAGAAAAAAGATGATGATCATGGCAGGATAAACGCTCTGAAGTGTAAGATGCATGATGTGAAATCCCCTCCGTTGAGAAGTGTATGCTTATCCGGTCAGAAATAGTAGCTGAAATAAATACTGAACACAAAAAAGAAGGGGAAACCCCTGTTTTCATAGCATATGCAAGGTGTATTCCGCCGCATAATAGATATGCCCAAGCTTTATCAAAATGTTATGATTGTTTTTGTTGGAAAATACAAGAAGAAAAGGTGCGCAGAATGAAACTGGAACGTTTGTTAGCGATGGTTGTGTTATTGATCAGCAAAAAACAAGTGCAGGCTGCAGAGCTTGCTGAGCTGTTTGAAGTATCTGTCAGAACAATTTACCGTGATATTGAGACGATCAATAGGGCTGGTATTCCGATTGTGACCTCACAGGGTTCCGGGGGCGGAATTGGCATCATGGAAACGTATCGGCTTGAAAGAGAGTGGCTGAAGGAGGAGGAATTGTTTGCAATTGCTTCCGCTTTGCAAAGCGTTTCATCTATGTATGAACCAATTTCTCACAGCACAGCCTATCAAAAAATCAAACACCTTATACCTGAGCAATCTGCTCAAGCATTTAAGCACCAAACAGAAAAATGGTTTATTGACATGACGGCATGGGGCCATACCGAGGATCAAAAGGCGCTTCGTGAGAAAATCAGCGCCGCCATCGATCGGTTGTCAACGATATCTTTTACATATACAAGCGCAAGCGGGGAAACACTTCTTCGTGAAACTGAACCTTATACATTGGTTTGCAAGGCGGGGCACTGGTATTTATATGCCTACTGCCTGGTAAGAAATGATTTTCGTTTTTTTAAACTAAACCGGATGAAAGATCTGGCTATCTTACATCAGACCTTTATCAGAAAAGACATTCAGCTGGACACTTTGCCATGGGATAGAAATTGGTACCAGAAGGGCCGTTTAACTGAATTGGTTATTCTTGTTCAGCCGGCAGCACGTCAGCGTATAGGTGAATGGTTCGGATATGATGTCCTTCACTGTGAGGAAGATGAAATCTGCCGGGCAGTGATTTCACTTCCAGAAGATCAATGGCTGATCGGTTTTTTGCTCCAGTTCGGAAAGGATATTGAGGTTCTGCAGCCTCTTCATATACGGGATAGAGTAAAAGAAACCATTCATCACATGCAAAAAATATATGAAACCTGACACACTGCTGTCAGGTTTCTTTGTCTATAATCTTAAAAAAAGGAGGAGATCGTATGGGCTTTTCACATATAACACACTTAGACCGGAAACGATTTGCCGGACTGTCACAACGGACAAGCAACGCACTGGAAATGACGGAAGAAAGGAGGATTCCGGCACTGTGGGACCAATTCTGGAAGCAGGATATGAGCGCTCTTTTATCACAGGCTGAAAAAGACAAGAGCATTATTGCCTTATATTCGAATTATGAACAAGAGACGAATGGGTTTTATACGTTTTCAGTCGGAACGTTTCAGGAATACGACGACATTCTTCCGGGACCATATGAAAACATTGATTTGCCGGCTTCCGCTTACGCCGTTTTCACTTCCAGAATCGGTCCTATTGAAGAGATTGTGCTTGAAACGTGGAAGGAAATTTGGACTTGGGATAAGCGGCATCTGCGCACGTTTACAGGTGATTTTGAGATGTATGATCAAAGTGCCGCAGTACCACAGCGAGCACAAGTTAACATTTATGTAGCGATAAAAAAATAATAAACTCTTGAAAAACTAATGGTGTTAGTTAATAATAAAACTAACGCCATTAGTTTTTGTTAGGAGGGTAAAAAGATGAGAATTACTCAGTACCAAACGGTTTGGCAGCTGACTTTTTTTCCAGCATTGTTTCCGGTTAATTGCTATTTAGTAGAGGAAGAAAACGAAGTCACCCTTATTGATGCCGCACTGCCAGGCAGCTATAAAGGGATTATTCAAGCTGTGAATCAGCTTGGAAAACCGCTTCAGCATATTTTACTGACTCATGCACATGGGGACCATGTCGGATCACTGGATACATTGGCACAAACATTTCCGCATGCAAAGGTCATGATCTCGGAACGGGATTCATTCTTGCTCCAAGGTGACACATCCTTGCGGCAAGATGAGCCGCAGACGCCTATAAAAGGAGGTATTCCGAAACACATACAAACAAAGCCTCACCAACTGCTGACGGGCGGTGAAACAATTGGTTCTCTGCTTGCCATTCCAACACCGGGCCATACACCGGGCAGCATGTCATTTCTTGATACAAGAAACGGCACTTTAATAGCAGGAGATGCGTTTCAGTTGCGCGGAGGAATCGCTGTATCAGGTCAGATAAAATGGACGTTTCCTTTTCCCGCCTTCGCCACATGGAATAAGGAGGAGGCCATCAAAAGCGCACAATTGCTCGCCGATAAGGCGCCTTCCTGTCTCGCTGTCGGACATGGAAATTTCCTGAGATCACCCGCAGAGCGGATGAGACAGGCAATCCAAAAAGCAAAGAAAGGATGATGAGCATGTCACCAAGAATAGGTTTGACCCAAAAAATGATTATAGACGCTGCAGCGGAGATTGCCGATCAGGAAGGGGTAAATGGTGTCTCACTTGCGGCACTTTCTAAAAAAATGAATGTGCGTCCCCCGTCATTGTATAACCATATCAACGGGCTGCAAGCGATCAGAGCAGAACTTGCTGTTAGAGGACTGACAAAGCTTTTTGATCAAATGGCGGACTCCGTAACCGAACGAAAGGGAGATTCCGCGATGCTTTCTTTAGCACATGCATATGTTGATTTTGCAATTGAAAATCCCGGATATTATGAAGCGGCTCTGCTTAAGGTTCAGGACAAACGGATGGAAATCGTCTCTGACCAAATTGTCTGTCTTGTGACGAAGCTGCTCATTGAAAACGGCTATGCAAGTGAAAAGACTGCCATTCATGCGACAAGGGGGCTCAGAAGCCTGCTGCATGGCTTTACTGTTTTAATCGCAAAAGAAGCATTTGAACGTGAGGAGGACATTTTAGAAAGCCTGTCATTTTCAATTCGGACATTTTTGTCAGGATTATTAATAAATAATAAAAATATTATGTAAACAAATAAATGGATGTCTTATATTTCTGAATATTGTATAATATCAAGGGAGTATACATAGGGGAGAGGCATTATGCAATGGATGACATTCACAAGATTGAACGGTTAGCGGCAGCTTCATGGCCGGCTTATTTTCAAAAAAGCATAGGGCAATGGCTTCTCAGAGCGAATTTTGGCGTAACCAAAAGGGCAAATAGCGTATGGACTTCTGCGGATATGCCTGAAGGGAATTTTCAACTAGAGGCCGAACTTTTTTATCAAAGTTTAGGCTTACCTGTTTGTTTTCATATTAGCAACGCATCACCGAAAGGGCTTGATGACGCTTTGGCAGACAGCCGTTATGAAAAGGTAGACGAGTGCTTCCAGATGACAGCGTTGTGCCGGTCAATTATGAGCCGAACAAATGACAACAGCCGATTTACATACAAGTGGGAACAAGAGCCATCATCTGTTTGGATAGGTGAATTTATTCAATTGGAAGGGTTT
NZ_CP117986.1_gap23	848732	850049	1317	ATGCATAAAAACGCCCCTAAAGGACACAATCCCGGCCAACCTGAGCCTCTAAGCGGAAGCAAAAAAGTAAAGAACCGAAACCATACAAGACAAAAGCACAACTCAAGCCATGATATGTAAGAAAAGCAGACCTTAGTGTCTGTTTTTTTATGCGTTCACCCATTTATAATCCACCGCATATGATGTAAAGCAAGGTTGATATGTGGAGGAATGCTTCCATGAACCATTCAAAACGCAACGATGCGAATGATTTCGATAGTATGGATGAATGGCTTCGGCAATTTTTTGAAGACCCCTTCGCCTGGTACGACGAAACATTGCCTATTGATTTATATGAAACAAGTCAGCAGTATATTATAGAAGCGGATCTGACTTTTTTACAGCCTACACAAGTAACAGTTACCCTTTCTGGATGCGAGTTCATCTTAACTGTCAAATCGTCAGGACAGACTTTTGAAAAACAAATGATGCTTCCTTTTTATTTTAATGACAAAAACATTCAAGCCGAATGCGAAAATCAAATACTCACAGTCGCCGTCAATAAAGAAACAGAAGATGGCTCTTCTTTTTCTCTTCAATTTCCTCTCAGCTAAACATAAAAAGTCACTTTCATCCCCTATTATGAAAGTGACTTTTTTTCCGTCCATTTATCGTCAAATACCCTCTAGTGACTCTCCCATGGCCAAATAGCAGATTCACTATACAATAGAATATGATCTACTATCTCTTTTGACTAGACGTCTATCACTTTTTTCTATTCTTTTTTTACTGTGTTCTTCTAATCTCTCTTCGTATACAATATGGTTAGAATAAGGGGGAATGATTGATGCTGGAAGGATGGTTTTTATGGTTTATTCTGTTTTGGGTGATCATGATGGTAGTCTTATTATCAATCGGCGGTTTTTTCATGTTTCGAAAGTTTTTAAAGCGTTTACCAAAAGAGGACGGCAGATCAGAGCTTGATTGGCAGGATTACTATATTGAAAACAGCAGACATTTATGGAACGATGAAAACAAACAGTTTCTAGATGAATTGACTGCGCCCGTGCCAGAGCTGTTCAGAGATGCAGCAAAAGCTAAAATCGCAGGCAAAATCGGTGAGCTTGCATTAAAAGAAAAGGTAGCAAAGATTGATCAGCAACTTATGATCAAAGGCTATATTCTCGCAACTCCTAAAAGAGACCATACCTTCTTAAAAAGGCATCTGCGGGACAAAAAAATCGATTTGGAACCTTATCAGACCCTTCTCAAATAAAAAACCTTTCCTGACAAGAGGAAAGGTTTTTTAATTCATTTGAATATTAGATGACTGCAGCT
NZ_CP117986.1_gap24	889137	889812	675	ACCTGAGATGAGTTCCATCAGCCATTCCTGTATTTGTTCATCCGGTATTTTTTTGCCGTTCTTAGTGAGTGAATAGCCCGGAATGGGTCTGCCCTCACTTACTGACTTTTCTTCTTTCTTGTATTGATAATAGTACGTAGAAGGAGAAATCTCTAAAATCTTCAGGACTTTACGGACGGCATAACCTTTCGCAATCCACTCATTCGCTATTTCAAGCGTTTCAGTAAGTGAGGGTTCTTCTTTTTTAGTACGTCACGGAGAATGGAAATTTCTAAATCTTTTTCGCCTAACAGCTTTTTAAGCTGGTCATTCTCCTCCTCCAACTGTTTGATCCCTGAGGGAGAAACAATATCTTGAATGCCGGAATGATCTAGATTGCCTTTTTCCTGAAAAGCTTTTACCCATTTGCTTACGAGATTTGGACTGAGCTCGTGACGTCTCGCCACCAAAGCTTTATTGCCTGTTTCAATTGCTTCTTGTACCACCTGTTGTTTAAATTCAGCAGAATGTTTTCGTCTTTGCATCACAAAAGCCCCCTTATTTGGCAACCTTAAGTATAAAACCACTCTTAGTAGGTGTCCAAATTCATTAGGGGGCTAAATAGTGAAATCATCAATATGATCCAAATAAACTTTGTCTCTATTCTCTAATTCTCGAACCATGTTTTTATATTTT
NZ_CP117986.1_gap25	895896	896430	534	TGGAAAAGCTTCATAAAAGAAAGCGATAATCATATTTAAGAGCAATACTGTCACTAAATGGACAGAGAAGTGAAATTGTGTAATTTTGATCCAGCCTAATAAATGGGCGATAGCGAAACCAGACCCGGATAATACAATCACATATATTGCTCCTATTATGGCATTCGGAATGGCTTGCCGCCACCCAGACAGTCCTATAGAATAAAAGGGTCTACTAGACATCCGTTTAAGAAGAATGTAGAGCAACGGGACAGTTATTAATGTGACTAAACCTGCTTGGATGCCTTGCTTCAAAAGCTTGGAAGCTCCTGCTTGGCTAGCCATTGAACCGACTAAAGTAGCAAAAAACAAAGCAAATACGAATGTTCCCCAACTGAGCAAGACAGTTCCTAACCATTTATGATGATTGTCTGGGCTTGTCAAGAAAAGTGTGTAAGTTATTCTAGATATTTCTTCACACGTTCCTTTAGGTGGTCATGAACTAATAGTTGATTCATGACCATAGCCCATTGCTGGATGCGTCCACCATCCCAT
NZ_CP117986.1_gap26	900647	901371	724	ATAACTTCCTTATCTTCCCCTTTTGATTTTTCTGAAAATAAGTCCTGTATAAAGAGAGTTTTCACCTAAGTATTTGTAAGAACTTCTATTCACATATTCAAAGAGGTGCTTATTAAAAGAAATCCCCTTATTATACCGGTTATAACAATAATCTGATAAAATAATGCTATCCGGATTAGTTCCGTATTTTTCTTGAAGGGTTTTCTTTACTTCTTGAGGTCTAACCAACTCATTGATCTTATTTTTCAAAGCATCTTTAATTTGCTCGTAAATTGTCATTATACTTCCCTCAAATTGCAGTTTCTTTGGTTGTTGAAATTAGTCATAATTTTTTCTTTTGCCGAAGTGTTATTCTGAAACCAGTTTATAATACTCTTGGAGATTCGGATTTACTTCCCAATATTTCGTTCCATTAGAAGACACTAGCATATCAAACCATATCTCAAAATTAGAATTTAAGTTAATTGCATCTTCAATATCGTCAATTGAGTCTAGATATAACATATAACCTAATCCTTTTTTTGATTTGTTTGTGTCTATGACATACCTTCCATCAAAATGATATCCTATTAATAAGTATCCCTCTGGGAAATCTTGAACCTCATTATATTCAACGATTCCCTCTAAGCTAAGTATTTCAATGCCATCAAACATTTCCATCCCATTGTGTTGTAACAAAAACTCTTTAAAGTCATTAGGAAAAGTAACACCTAATTTCTTTTCT
NZ_CP117986.1_gap27	1016769	1018865	2096	CATTCGTCGAGAGAAAAATCTCCGGATGCCGTACGGATTAAATGAGACATATGAGCCGGATATCCGAGCTTTTCTCCGATCATGACCGCCAGCGTCCTTACATAGGTCCCTTTGGAGCAAGTCACTGTAAACCGGAAGCTTGCGGTTTCTCCATGATGTTTAATCTCTGTCGTCAGGGCAATGTCTTCAATGGTTATCATACGTTTCGGACGTTCTACTTCAATCCCTGCTCTTGCGTATTCGTATAATTTTTTGCCGTTTACTTTTACAGCGGAATACATGGGCGGAATTTGTTCTTGTTTCCCCTTTAAACTGTTTAAAACCTTTTCTACATCCGCTTTATCAATGTCGTGATTGACAGGCTTTATTTCCACCGTTTCTCCGGTTTGATCCTCTGTAGTGGTTGAAAAGCCAAGCGTTATTTCTGCATCATACGTTTTAGATTTTTCAGTTAAGTATTCGACTATTTTTGTCGCTCTTCCTACACAAATCGGAAGCACGCCTGACACTTCCGGATCGAGCGTTCCTGTATGTCCTACTTTTTTTGTTTTTAACAGCTTTCGGATCTTCATGACACAGTCGTGCGATGTCATGCCAACAGGTTTATGTAAAAGGAGAACTCCGTTAACCATTTGCCTTTCACTCCTTCTTTTGAGCTTTTTTCTTTTAAACGAAGAAAGAGGACAGACGATATACGCCTATCCTCTCATTTTTTATTCAGATGGTTTCTCTGAATGTAATTCGTGAATCAGTGTTTCGATCCGATTCCCGTAATCGATTGATTCATCGAACTCAAATTCAATTTCAGGCGTTTTTCGAAGTCTGATGCGGCTGCCGATTTCGGATCGGATAAATCCTTTCGCTTTTGCCAGCCCTTTCAGCGCTTCTTCCCGTTTTTTCTCGTCACCGAGAACCGAGATATACACCTTTGCAATTTGCAAATCACCTGATACACGTACATCCGTTACTGTCAGAAAACCAATTCTCGGGTCTTTCAGCTTGCGGCTGATAATATCACCGAGTTCTTTTTTCATTTGCTCGCCGACACGGTTTGCTCTCATACTCAATTCAATCACCTCTAAGTTAAAACCACTCTGTCCTAGTGATCGTCCGTTCAATTTCAGGAAAAGAATCGATAAACGCTAGGACGCGTTGCAGTTCTTTTTCTGTTTGAACGCGAGAGGAAGAAACAGCGGCGATTCCGAAGCTGGTTCTTTGCCAGGTGTCCTGATAGCCAATCTCCGAAATCGAAACATTGAACTTGTTTTGAACCCTGGTTAAAACCCGCTTCAGAACGGCACGCTTTTCTTTTAGCGATCCTGCATCATAAATGATGCATTCACACTCCGCAAATCCGATCACGTTCTTTCAATTTCTTGCATGACAAACGCTTCAAGGATGTCACCTTCACGAATGTCATTGTATTTCTTAATTGTAATACCACATTCATAGCCTTGTGAAACTTCTTTCACATCGTCTTTAAAGCGTTTCAGAACATCTACTTCGCCTTCAAAGATGACGACGCCGTCACGAATTAAACGGAGGCCGCTGTCGCGCGTAATGGTTCCTTCAGTAACATATCCGCCGGCAATTGTACCGATTTTAGATACTTTGAATGTTTGGCGTACTTCTACTTGACCAATTACTTTTTCTTCATATTCAGGATCAAGCATACCTTTCATGGCAGCTTCAATCTCGTCGATTACTTTGTAAATGATACGGTGAAGTCGAATATCTACATTTTCAGCTTCAGCCGTACTCTTAGCATTTCCGTCCGGTCTCACATTAAACCCGATAACAATTGCATTGGAAGCAGATGCCAAGATAATGTCTGATTCAGTAATCGCACCAACGCCTGTATGGATGATTTTCACTTTAACGCCTTCTACTTCAATTTTTTGAAGTGCAGCCGTTAAAGCTTCAGCAGATCCTTGAACGTCAGCTTTTACGATGAGGTTGATGTCTTTTACATCACCTTGCTTAATTTGCTCGAATAAATCATCAAGACTGAGCTTCGCTTTATCGCTGCGCTGCTCTTCAAGCTGTTTCGAAGCACGGGCTTCACCGACAGAACGAGCTGTTTTTTCATCCTTAAA
NZ_CP117986.1_gap28	1023607	1027199	3592	CATCAGTTCCGTGAGACAAGCCTGAAATTTGAACGAGCTCAGAAAAAGTGGTCGGCTTTGTATCTTCAAGCATCTGCCGGACAAATCGGGTTCCGAATTCAGGAATTCCAAGAGTGCCCGTTTTACAGCCAATCTGTTCTTCAGTCACACCGAGTGATTCGGTTCCCTGGAAGATCTTCATCACTTCAGGATCATCCGTCGGAATTGTTTTCGGATCTATTCCGCTTAAGTCTTGAAGCATCCGAATAACAGTCGGGTCATCGTGTCCGAGAATATCAAGTTTTAACAGGTTGTCATGGATGGAGTGGAAATCAAAATGAGTCGTTTTCCACTCTGAACCTGTGGCATCTGCCGGAAACTGGATCGGTGAAAAATCATAAATATCCATATAATCCGGAACTACGATAATACCGCCAGGGTGTTGTCCAGTTGTACGTTTTACACCTGTGCATCCCTGTACGAGCCGATCTATTTCGGCACCGCGCATATGAAGATTGTTGTCTCCGGCATAGCCTTTTACATAACCGTAGGCTGTTTTTTCTGCCACCGTGCCTATTGTTCCCGCACGATATACATTGTCTTCCCCGAACAATACTTTTGTGTAATTGTGTGCTTGCGGCTGATATTCCCCTGAGAAGTTCAAATCGATATCAGGTACTTTGTCCCCTTTAAATCCTAAGAACGTTTCAAATGGAATATCATGGCCCTCTTTTTTCAAAGGCGTTCCGCAATGAGGACATGTCTTGTCAGGCAGGTCAAAACCAGAACCGACAGAACCGTCATTAAAGAACTCAGAATGCTGACACTCAGGACAAACATAGTGCGGCGGCAGCGGGTTTACCTCAGTAATCTCAGTAAGTGTCGCAACTAATGAAGATCCTACGGAACCACGGGAACCAACGAGATACCCGTCATCTAGTGAACGTTTTACAAGTTTGTGAGAGATCAAGTAAATAACAGCAAATCCGTGGCCAATAATACTCTTTAACTCTTTTTCAATACGCGCTTCGACAATTTCAGGCAGCTCTTCCCCGTAAATACTTCTTGCACGCTGATAGCTCATTTCTCTGATCTCTTCATCGGCGCCTTCGATTTTCGGCGTATATAAATCATCTTTAATCGGCTTGATGTCATCAACTAAAGAAGCAACCTTTTGGGTATTGGTGACTACGATCTCCTTCGCTTTTTCTTCACCTAAGAAAGAAAAAGCTTCAAGCATTTCGTCTGTCGTTCTGAAATGCACTTTCGGCAGTTCATGCCTATTCAGCGGATTTGCCCCGCCTTGTGAGGATATTAAAATCTTTCTGTAGATTTTATCCTCATCATTCAAGTAATGAACATTTCCCGTAGCAACAACCGGTTTATTAAGCTTTTCCCCCAGCTTCGTGATATTCGCAATAATTTCTTTCAGCGCTTTTTCATCACGGACCAGTTCAAGCTCCAGCAAGTGACGATACACTTCAGGCGGCTGAACCTCAAGGTAATCATAGAATGACGCGATATCTTCCACCTCTTCAGGCGATTTTTGCATCATTCCCTCAAAAACCTCTCCCCTGTCACAGGCAGAACCGATCAGCAGCCCTTCCCTGTATTTCTCAAGCTGAGATCTCGGAATACGCGGCACTCTGTAAAAATAATGAATATGAGAAAGTGACACAAGCTTAAATAAATTTTTAAGTCCCGTGCTGTTCACGGCAAGTAATGTTGCATGATACGGTCTTGATCTTTGATAAGCATTGGACTGACCCATATTTTCATTCAACTCATCATGGTACTGAATACCTTTTTCAGCTGCGTCTTTCAGCATTTTCAGAAGCAAATAAGCGGTTGCCTCAGTATCATAGATCGCACGGTGATGCTGTGTGAGTTCGATATCAAACTTTTTACAAAGTGTGTTCAACCGGTGGTTCTTAAATTCAGGATAGAGAAAACGTCCTAGTTCTAGCGTGTCAATGACTGGGTTTTTAGCTTTATCGACTTCAAGAAGCTTTTTATAGGCTACATTTAAGAATCCCATATCAAAGCTTGCATTATGAGCGACAAGGATATCATCGCCAATCCATTCTCTGAAATCTCTTATTACATCTACGACATCCGGAGCGTCTTGTAGCATATCATCAGTGATCCCTGTCAGCTCTATGATTGTGGCTGAAAGTGGACGATGCGGGTTCGCAAACGCCTCAAATTTATCAATAATTTCTCCGCCTTTTACTTTTACTGCAGCCAGCTCAATAATGGTATCGTATACAGCAGACAATCCTGTCGTCTCAACGTCAAAAACAACATATGTTTCTTCTTCGAGCAGACGATGTGCGGCATTATAAGCAATTGGCACGCCATCATCCACGAGATTCGCTTCCATCCCGTAAATCATTTTAATTCCATGCTTTTTGGCCGCAGAATACGCATCAGGGAAGGATTGAACGACAGCATGGTCGGTTAAAGCGATGGCCTCATGCCCCCATTTTTTCGCCTGTTCGACAAGCTTTCCGATACCCGTAACAGCATCCATTTGGCTCATTGGGGAATGAAGATGCAATTCCACTCTTTTTTCTCCTTCAGGTGCTGAATCTTCACGGGTTTTTGCTTTTATTTCGTTTACGTCATTTGCGATCATGACAAGGTCTCTGACAAATGTATCATTTTGAATGCTTCCGCGTGCTTTTACCCACATTCCTTTTTTCAGAGACTTCATCAGTGCCGCATCTTCTTTTTCACGTGCAAACATTTTGATCAAAATACTATTTGTATAGTCTGTAATTTTGAAGATACACAGCGTGCGCCCGCTCTTCAGCTCGCGCGTCTCCACATCAAACACATAACCTTGGACCGTAATTCTCCGTTCTTCGTCCATGATGCTGTCAAGTGTCCGGATTTCCTCGTTATCTTTAATTTGATAACCGATAACAAGAGGACCAGATGGTGCTTGGTCTTCATCACTTTCTTTATCTTTCTTCTCCATTTCAATCAAGGCCTGCATAGCCCGCTCTTGGTCTTCCGCAAGCTTTTGCTCCCGAAACTTTTGAACTTCCTGCTCGGATACAAATATTTCAGCATCAAGCTGAAGATCCGGAAAGCCAAATTGACGGTAGCCTGCTTGAATCATGGAACTGTATTTGTTTTTTAGCGCAGCCGCTTCTGTATCCGTTTTGGTTTTGACAATCAGTTTATTGCCCTTCAGCTTCGGTTTTTGCTGGTTTAAAAGACTGATAATCGGCGGCGAAATGCCCTGCAGTTCTTCAATGCAGCGTGACCAGTAGTCTTGAACGATACTTTCACTGACCTCGGCATCCTGAACTTCAATTGAAGATGTCACTTTTGCTATGTGGGCAAACGATTGCGTCAGCCTCGTTGTTAATGTGTCATATATTTGAAAAGGCAGCAAAGATTTAAATTGAAAATGAAAATGCCAAGACTTAGAAGCTTTGTGAATTGTCAGCTTTTTAATCTCGCCATGTTCAAAGTATGTCATGAAGGTATCATCTGTCATATTAATCTGCTGCAGAAGAATTTGAAACTGCCTTCTGTTTACTGATAACTGTTCCATTAAGACAGTATCCCTCCCTAAAAACATCATAAGTGAAGGTACCTC
NZ_CP117986.1_gap29	1138416	1140024	1608	CAGGTTTGCTTCCAAAGATTTACCGATAATTTTTTCATTTCGCGCAGTTTCTAATGCTTTTAACACGTCATCACGAAGAGCCATAAAGCGGTCAAATTTTTCTTCAGTCGCTTCACTGTTTGGAACCGCGATTGTTTCCGGCATATCGGTCAGCTGAACGCTCTGCTCTTCAACAAATGTTAAATGAGACCACAATTCGTCTGCCGTATGTGGAAGGATAGGCGCTGAAAGCTTCACTAATGCAAGAAGCGTTTCGTAGAATACTGTCTGCATGCTGCGTCTATCCGGATGATCCGCATGCTCGATGTAGACAATATCTTTTGCAAAATCAAGGTAGAATGAGCTCAATTCGATTGTGCAGAAATTATGAATGCTGTGATACACAACCGCAAATTCGTACTCATCATACGCTTTTTTCACTTTATCAATCAGCTTGTTCAGCTTAATCAGCATATACTGATCCACTTCACGAAGATCTTCGACAGCCACCGCATTTGTTTTTGGATCAAAATCGAAAAGGTTGCCGTGAAGGAAACGGAACGTGTTGCGGATTTTACGATATACTTCCGCAACCTGCTTTAGAATGGCGTCAGACACGCGAACGTCCGCCTGATAATCCACTGAAGATACCCATAATCTTAAGATGTCGGCACCAAGCTGTTTCATGACTTTAGCCGGAACAACAACGTTACCGATTGATTTACTCATCTTGCGTCCTTCTCCATCCAGTGCGAACCCATGGCTGAGCACACCTTTATACGGCGCTTTCCCTGTTACGGCTACTGCTGTAGAAAGAGAAGAGTTAAACCAGCCGCGATATTGGTCAGATCCCTCTAGGTATAAATCAGCCGGGCGAACGAGGTCATCACGTTCTTCAAGCACTGCTTGATGTGAAGAGCCTGAATCAAACCAAACATCCATGATATCCTGTTCTTTTGTAAATGTGCCGTTCGGGCTGCCAGGATGCGTAAAGCCTTCCGGAAGAAGATCCTTTGCTTCTTTTTCAAACCAAATGTTTGATCCGTGCTGTCTGAACAATTCAGAAACATGTTCAATGGTTTCATCTGTAATAATCGGTTCTCCGTTTTCAGCGTAAAATACCGGAATCGGCACACCCCACGCACGCTGTCTGGAAATACACCAGTCTCCGCGGTCCCGAACCATGTTGTGCAAACGCTGCTCGCCCCATTCAGGAACCCATTTGGTTTCTTTAATGGCATCCAGCAGGTCTGATCTGAAATCTTTAATAGACGCAAACCATTGCGCTGTCGCTCTGAAAATGGTTGGTTTTTTCGTTCTCCAATCATGCGGATAAGAGTGAGTAATGAATTCAAGCTTCACAAGTGCGCCTTTTTCATCAAGCTGCTGTGTGATCGCTTTGTTTGCATCATCATAGAACATGCCTTCAAAGCCAGGAGCTTCGCTTGTCATTACACCTTTTTCATCGACCGGGCAAAGCACATCTAAACCGTATTTTTGGCCGATGATAAAGTCATCTTCCCCATGTCCTGGCGCTGTATGAACACAGCCTGTTCCGGCATCAGTTGTTACGTGTTCACCAAGCATAACGAGAGAGTCTCTGCCATATAGAGGGTGTTCAGCGATAAT
NZ_CP117986.1_gap30	1143540	1145820	2280	TTTCTGAACCTGGTCACGGAGTTCTCTCAGCGACCTGAAACAGCTTCTGATCTGATCTTGATCATCAGTCAGCGGAGCCATTGTCATCAGCCCGGCAACAAGGATATGTTCGAAACCGGAAAGCTCCTGTATGAATGGAATGACTTCTTCTTTTTTCATGCCGTGTTTAGAAGGCTCAAGAGAGGTATTGACCTGCACAAAGCATCGTACAGTACCTTCAGCCCGTTTTTCAATTTCTTTCGCTAATGAGAGCCGGTCTAGGGAATGGATATAGGAAACCGCATTGACGACAGATTTTGCTTTTCTTGATTGCAAACTGCCGATAAAATGCCATTCCGGATTACCTTTCATCAATTCCTGTTTGCGGAGCAGTTCCGCATCCCGATTCTCTCCGAGGCAGGTGATGCCAGCATCTACTGCCTCCTGTGCTCTTTCAGGTGATACATATTTTGTGACTGCAATAACCGTAACTTCATCGGAGCTGCGGCCCGATCTGTTACATGCTTCGTTTATTCGTTCGTTTATATGTCGTAAATTATCAACAACACGCAAGATCTTTTATGCCTCCTTCATTCCGATAAAGGACATCATCCGTCCAGTTTTCCCCTGATCGCGGCGGTGAGAATAGAAAAGAGACGGCTCGCTTTCCGTGCATAAACCGCTGACAGAAATTTGTTCACTTGCCAAACCGCTGTCCATCAGTATAAGACGGTTCAGCTCTTTCAGATCAAGCTGATATTGTGCCTTTGCCGTCTGATTAACGGCAAGGTCTGCTGAAACCGGCAATGCGCGGACAGCATCCATGACGCGGTCGTCTACCGTATAGCATGCTCCGCTGATAGACGGGCCAATAACAGCGTAAATATCTGAGGGATTTGAACCTTCCTTCTCAGTCCATTGCTTCACCATTTCTCTGCCAATCTGTTTGACGGTGCCTTTCCACCCGGCATGGGCGACTCCGACAAGCGACTTAACCGGATCATAAAAGAAAAGAGGCACACAATCAGCAAAGCATAATGCTAAAAATACATTTTTTTCATTTGTATAGAGCCCGTCCGTTGCTTTTAGAGCCGTGTGATACTCACGGGCGCCTTTTCCCCTATCCCTCTGCGTCACTTTCTGAACGCGATTATCATGTGTCTGATCAGCGAATACCCAAGACTGCAAATCAGTATTAAACATATCGGCAATATATTCACGATTTTTAACTACATCTGCATCTTTGTCATGAACGTGCAATCCTGTATTTAACGATTCAAAAGGCTTTTGGCTGACACCGCCGTTTTTTGTCGTAAATCCGGCAATGACCTCTTTGTTGTTTTGATTCGTTTGAGCCCAGTCTTGTATCATGAGTGTCGAGGGTGTGGTAAGACTGAATGGGTGATATGTATTCATGATGATCCAACCTTTCGACAAACATTAAAAAAGCGGAATTTCCCACTTATTTTACCACATCTTACTGCATTCGTTGAGCGCCGATTTGCATATTTCTAAATGAAATGTGCCGGAAGAATCGAGACTTCCGGCATTTGCCAATCTGCGGCAGACAAGCAGGTTTATGCATGTGGTTCACTTAATCGGACTAAGATTACATCTTCCCCGATTTTTACTATATTTCGCCATGGAATGACCAATTCCTCTTCTTTTCCAAAAAATCCGAGAACTTTCCCATTTCCTCCGAGTATGATCGCCTGAATTTTTCCAGTGGTCACATTGATATCAATATCACCAATACTCCCCAGCTTTTTTCCGTTTGAGACATTGACGACATCCTTTACCTGAAATTCTGAAATGCTGATCATTCCATCACGTCCTTTTTCCGTCCTTTTGTTCAAGTATATGAACGGGCAGGCTGAACCTTGTCAGCAAGAAGAAATTTTCATGTCATTGTTCTTTTTTCCGGCTGCACCAGCTGATGATAAAATCGAGTATAATTTTTGTATACTCTACTAGCTGCTCAATCGATACCTTCTCGTTCACAGAGTGTGCATTGTGCAGATCTCCAGGACCGTATATTACGCATGGAATACCGGCATCATACAGCCATCCGCCATCTGTAACTGATTGAGAAACGTCAATAATTGGACACTCCCGTTTCACTTTCTGATGAGAGGCAGTTAGCACTAAGACGCCTGGGTGGCCAGGGTCAACTTCCAATGCCGGAAAAATTTCTCCTCTGTCTTCAATCATAGATGAGCCTCCCCACTTGAATACAGGGCGGTTTTCCCTAAGCCAAATATCACTGTCACTCAGCCGATTGACGTAATCCTCTATTTCCGC
NZ_CP117986.1_gap31	1162395	1167284	4889	TAGACAACCGGCCCGCATACATAACCGCCCGTTCCAATTACGGCATCGGGCTTAAATTCCGCTAAATACGATTTACTCTTTTTGACGCCCTTCAGAAAACGCATCACAGTCTTGACATTTTCAAATGACAATTTTCTTTTAAATCCTGTAATTTCAATTGAACGAAACGGTATATTCTCCCGCTCAACAATTTTTTTCTCCAGCCCGTTTTCTGTTCCAATATATAAAAATTCCACATTAGGATGACGTCTTTGCACTTCTTTAATAAAAGCAAGCGCAGGATAAATATGTCCCCCTGTACCGCCTCCGCTTATTGCAATTCGCATTTCTTTTCCCCCAGTCTAAGTTTCTCTATAACATAACGATAACCCTGTTTTGTTGGACAGGGTTATCGCATCAATTGTTTCCAAGCTTCATGTTAGACAGGAAGCATGGACATACATTCGTTAATACCTCGAGTAGCGGCTTACATTCAGCAGCACACCAACTGCCATCAGCATTAGAGTCAATGAAGAGCCTCCGTAGCTCAGAAACGGGAGCGTGATGCCTGTTACAGGAATCAGGCCCGTGACTACGCCGATATTGATCATGACTTGAATGGCAATCATTGAAATAATACCGACTGCGACAAAGCTTCCGTACAGATCAGGGGCACCAAGCGCAATTCTGATTCCTCTCCACAGCAGGACGCTGAAGAGGAGCAAAATAAGTGTTCCCCCGATAAAGCCCAGCTCCTCTGACAAGATGGCGAAAATAAAGTCTGTTTGCGGCTCAGGCAGATAAAAGAATTTCTGTCTGCTTTGTCCGAGCCCCATTCCAAACAACCCGCCGGGCCCCACTGCATAAAGCGATTGAATGATCTGAAATCCGCTTCCGAGCGGGTCTTCCCATGGATTTAAGTATGAGGTAATCCGCTTAATCCGATATGGAGCTGATAGTACGAGCCCGACAAATCCGCTGAGGCCGATCAGTCCGAGAAAGACGAAATGGGCGATCCGCGCGCCGGCTACAAAAATCATGACAATACAAGTTCCGACCATTACTGTCCCCGTTCCGAGGTCAGGCTGGCACATGATAATCAAAAATGCTGAAAACACGATGCCAAGTGCAGGGACGAACCCCCGTCTGAACGATGTGATGTTTTTTTGTTTTTCAGAGAGAAATTTAGCAAGGAATGCAATCATCGCAAGCTTCATAAACTCTGAAGGCTGTATGCTGAATGCTCCGACTCCGATCCAGCTTCTTGAACCGTTCCGCACCATTCCGACGCCCGGTATCAAAACAAGCACCAGAAGGAAAAAGCAGATAACCATCAGCAATTTGGACCATGTCCTCCAAGTCCAATAATCGACATTCATGATAAAAAACATAGCAATGACGCCGATTCCCGCAAACAAAAGCTGCCGTTTCGCGAAAAAGAATGAGTCGTCAAATTTATAATCCGCCCATACCGCACTCGCACTGTACACCATAATTAATCCGATTGTTAATAATAATAACGTAATGATGACCAATAACAAATCAGGCGATGTTTTTTTAGTAGTCAAAGCAATCGACACCCCAAGCTTAAAGTCATTAGGGCTGCCGATTTACTTCAAGACAAGCCCTTACTTAAGCATATGCACGGCATCTATAAACATGTCACCGCGTTCTTCAAATGTTTTGAATTGATCCCAGCTCGCACACGCGGGTGACAGCAGGATGACATCTCCTTCATTTGAGAGCGCAAACGCCGCAGATACTGCTTGTTCAACATTATCGACACGTTTGACATGTTGTATTCCCAGTTCATTGCCGAGTTTCTCGAGTTTTGGCGCCGTCTGGCCAAATGTAAGCACTGCTTTGACATGCTTCATATAAGGTTTCAAGTCATCAAAACCATTTCCGCGATCCAGTCCGCCCGCAAGCAGAATGACCGGCTTATCAAAAGCTGAAAGCGCCTTGCTTGTCGCCAGAATGTTTGTTGCTTTACTGTCGTTATAAAATTTGCGGCCATTCACAGTTGTGACATATTGGAGGCGGTGCTTCACACCAGTAAAGCTTGTCAGCACCTTTTTAACCGCCTCATTGGATGCTCCTGCCGTTTTCACAACTGCAATAGCTGCTAAAATGTTCTCCAGGTTATGAGCACCGGGCAGCACAACCTCTTCCAGAGGAAGAATGGCTTCGCCGTTAAACATAATCATACTGTCTTTTACATATGCGCCCTGTTCAAGCGTTTTGCTGACTGAAAATGGGACGATTTCGGCTTTTCCGGCTTCAGCAAGACGCACGACGGTTTCATCATCCTGGTTGACAATGGCTTTATCTGAAGCAGTCTGATGAAGGTACACTTTCTGTTTCGCTTTTTCATAGTTTTCGCGCGTATGGTGATAATCCAGATGGGCGTCAAATACATTTAAAATCAGGCTGATTTCCGGTCTGAAAGCGTGTGTTCCCATCAGCTGAAACGAAGACAGTTCGGTAACGATCCATTCATCTCCATCAGCATGATAGGCAACCTCACTTGCGACTGTGCCGATGTTTCCGGCAATCAGTGCTTTTTGCGAGTCAGCTTTGAGCATTTCGTAAATTAGCGTTGTCGTGGTCGTTTTACCGTTCGATCCGGTAATCCCGATAAACTTGGCGCTGGTCAGGTAGTAAGCGAGCTCAATTTCCGTCCAAACCGGAATACCTCTTTTCTCCGCTTCCTGAACCATAATATTTTCATAAGGAATTCCCGGGTTTTTGATCAGAATCGTGATTTGATGCTGATCGAACAGAGAAACTGGATGCTCTCCGCAAACAACTTCGATTCCTTTTTCAGAAAGCTTTTGTGCCGGTTCATTTTCTTCAAAAGGCTTTTGGTCATTGACTGCAACATAAATGCCTTTTTCATGAAGAATGGAGGCCGCCGCATATCCGCTTTTCGCAAGCCCAAGGATTAAAAAATGCTGTTTCTGTAAAAATTGATCATTTTCCACTTATAACCACACCTCGATGTAAATTCCTAAAACGGCAAGCAAAAGTCCCGCAGCCCAAAACGTCACGACTACTCTCCATTCAGACCAGCCGACAAGCTCATAATGGTGATGAAGCGGACTCATTTTAAAGATTCGTTTACCTGTCGTTTTAAAGCTGATGACCTGCAAAATAACAGATAATGTCTCGATAACGAATACACCGCCGATGATAACCAGCAGGATCTCTAATTTCGTTAAAATGGCAATGGTAACGATGGCTCCTCCCAATGCAAGCGATCCCGTATCTCCCATAAAAACTTTGGCCGGATGAGCATTAAATACAAGGAAGCCCAGAACTGCACCGACAACGGCAACTGAGAAAATCGCTACGTCATATTGAGACTGATTCCATGCCAGAATGGCAAAGGCGCCAAAGGCAATCGCCGCAGTACCGGATAATAACCCGTCAAGGCCGTCAGTCAGGTTAACTGCGTTTGATCCGCCGACAAGCATAAAGAGCACAAGGATAAAGTAAGCCCAGCCAAGATCAAATGATAAGTCAGTTCCAGGAATGCGAATATCCGTCGCAAAATTGTAGTAATGATACACGGCGTAAAATACAACTGCAATAATAATTTGTCCGATCAGCTTTTGCTTTGATGTCAATCCAAGATTGCGCTTCATGACAACCTTGATGTAATCATCTAAAAAGCCAAGCAAACCGTAGCCTAGCGTAACAAACAGAAGCAGCACCATTTCGGGGCTTATTTCTGAAAACTTCTGTGTCATAACAATTGTTGTCACTATGATAGAAAGTATGATCATGACCCCGCCCATTGTCGGTGTCCCTGATTTTTTCTGATGTGATTTCGGTCCTTCTTCTCTAATACTCTGGCCGAATTTTAATCTTCTTAAAAACGGAATAAGAATCGGAGAGAGCAGAACACTAATTAAAAACCCCATTAAAATTGTAAACAGAATGACTTGCTCAAGCATTGTCCTTTTCTCCTCCTGTTTCTTTCAAACGACATACGTAGTTATCATATTCATGATTTTTTTCCATATGAAAAATCTTTTCAAGCTCCATTATTCAGTAACATCTCTTTCCTATGAATTCGTCTTATTCTTATTGAGTTCAACAATGGCTCTCGCCGCTACTTCAGCATCATCAAAATCGAAAGTTTCATTTCCGATCTGCTGATAGGTTTCATGTCCTTTTCCGGCAATGAGGACAACGTCGCCTTTTTTGGCATTGGCAATTGCGAAAAAGATCGCCTGCTCGCGGTTTGCAATACTGTGATAGTATGCGTTCTCTACTCCGGCTTCCATATCTCTTAAAATCGCGCGAGGATCTTCGCTTCTCGGGTTATCTGACGTGAAAATCGGCTCGTCAGCCAGCTCCACAGCAATTTTAGCCATTTTCGGGCGCTTCGTCTTATCTCTGTCTCCTCCGCAGCCGACAACGACAAATAGCTTTCCTTCCGTCATGTCTCTGCATGTCTCCAGCACATTTTCAAGGCTGTCCGGTGTGTGCGCGTAGTCTACAATGACAGGAAACTCCTGCTGCTGATTGACCAATTCAAAACGGCCTCTTACACCATGCAATTCTTCAACAGCCTCAGTGATGATTTCAAACGGTATGCCTGCTGCAATACATGTCGCAACAGCGGCCAGCACGTTATACACATTAAATTGTCCGACGAGAGACATCGTGATGTGCTTCGTGCCTTTGTTTGTCACGAGATCAAAGCTTGTGCCCTGTGCAGTGATACTGATGTTCTTCGCCATCACATCAGCATCGTTTTTAATTCCGTATGTAGAGATATGCGCAGCTGTTACCTTTTCAAAATAAGCGCTCGCCTCATCGTCAGCATTCAGGACGGCACGCTTTGGATGTTCATGGTTGAAAGCCCCGCCAAGTTGGGAAAAGAGCAAGCTTTTTGCATG
NZ_CP117986.1_gap32	1220143	1221788	1645	TGGCTGCTGAAGCATTTGGAGCGGATCATACATTTTTTTCTGTTCAAGGAACAAGCGGCGCCATTATGACAATGGTAATGGCTGTTTGCGGACCTGGTGATAAAATTATTATTCCAAGAAATGTTCATAAATCAATTATGACAGCTATTGTATTTTCCGGAGCGGTTCCAATTTTTATTCATCCTGAAATTGACAATGAATTGGGCATCTCCCACGGCATTACACTTGAATCTGCTAAACGGGCGCTTACCGAACATCCGGATGCAAAAGGGCTTCTCGTCATCAACCCGACATATTTCGGTGTTGCAGCCGACTTAAAAAGCATCGTAGAACTCGCTCATTCGTTTGATGTGCCAGTGCTTGTCGATGAAGCACACGGCGTTCACATTCATTTTCACGACGAATTGCCGCTATCGGCTATGCAGGCAGGAGCGGACATAGCAGCGACAAGTGTACACAAGCTGGGCGGATCACTCACGCAAAGTTCGATTTTAAACATGAGAGAGGGCCTTGTATCAAAAGACAGAGTGCAATCAATACTGAGCATGCTGACAACTACGTCAACTTCTTACTTGCTTCTTGCTTCTTTGGATGTTGCCAGAAAACGCCTTGCAACAGAAGGCCACCAGCTTGCTGAGGAAACACTAAAGCTTGCCAATCAGACGAGAGATCGCCTCAACCAGATTGAAGGCATTTATTGTGTCGGTTCTGAGATTCTTGGGTCGAAAGCAGCTTACAGCTATGATCCGACAAAATTGATTATCTCTGTGAAAAGTCTTGGCCTGACAGGACATGACGTGGAAAAATGGCTTCGTGAATCCTTTAATATTGAGGTTGAGCTTTCTGATCTGTACAATATTTTGTGTATTTTCACTCCTGGTGACAGCCAAAATGATGCAGACCGGCTTGTAGAGGCTTTAACTGAGATCGCACAGCAAATGTCAGAACAAGATGTAACACATCAGCAAACTGAGGTTCTGCTTCCAGAAATACCTTTATTGGCAATGACTCCGCGTGATGCTTTCTATGCAAATACGGAAGTCATCCCATTAAAAGAAGCATCCGGACGGATTATTGCTGAATTTGTCATGGTATATCCGCCTGGTATTCCAATCTTCATCCCAGGAGAAATTATTACAGAAGAAAACATCAGCTACATTTTTAAAAACCTTGACGCAGGCCTCCCTGTTCAAGGACCTGAGGACTCGACTTTACATATGATCCGAGTCATCAAAGAACAAAAAGCAATTCAATAAAAAATAAAAAGCATGCGGCTTTAAGCCGCATGCTTTTTTTTACTCTTCATCAACAGGACATTGACATTGTCCGCAGCATGTTCCGTATAATGTTGTCACTTTCTCATCTTCAAAGTAATGAATGGCTTCGTTGCAATCTTGGCAAACAATCGTACCCATCTCTTATTCCCCATTTCTTTGAATTTTGAAAACGCTTAATTTCTTTTGTTGTTATTATATTAATATGTCACATTTAAAATGTCAACAACAAACTGTATAACACATTTTATTTCATCTCATCATATTCACCTTGTTTTTCCATTTTCCATCATACAATATCTTCTTCATACAGAAGCTTTACTCGATATATATGCCACAGCACATAATGTAATTGCACGTTTTCTTGAACT
NZ_CP117986.1_gap33	1294318	1295434	1116	GTCCGCACGACGACTGATTTTCCTTCCATACGCTCAAGAACCGTTTTGTAAGCATCAAACTGCTCATCTTCTGTAGGCAGCTGATCTCTTCCCATGTAAAGGAATTCTGTACGGTAAAGGCCAACTGCTTCTCCGCCGTTTTCAAGAACACCTTTTACATCATCAGGAGTACCGATGTTCGCTGCAAGCTCTACATGATGTCCATCTTTTGAGACAGTCGGTTCATTGACAAGCTTCGCCCACTCAGCTTTTTGAGCCAAATAAGCATTATGTTTTTCTTCATACTCTTTTACAGTTTCCGCAGATGGGTCAATAATGACATCGCCATTGATACCGTCAACGATAACAGTCACGCCGTTTTGGATCGTGCCTGTAGCCGCTTTCGTTCCAACAACTGCCGGAATCTCAAGAGAACGTGCCATGATGGCAGAGTGAGATGTGCGTCCGCCGATATCAGTAGTGAATCCTTTTACGAACTCACGGTTTAATTGGGCTGTGTCAGACGGTGTTAAGTCTTCAGCTACAATAATAACCTCTTCTGAGATCATGCTTGGGTTTGGAATTTCCACGCCAAGCAGGTGGCCGGTTACGCGTTTTGTTACATCGCGGATATCTGCCGCACGCTCTTTCATATATTCGTTGTCCATAGATTCAAACATGGTAACGAACATAGAAGACGTTTCTTTTAAAGCGAATTCAGCGTTCACTGAATCAGTGCTGATTTTTTCTTTCACAGGGTTCAGAAGCTCAGGGTCACTGAGAACTAAAAGGTGAGCAGAAAAAATATCAGCTTTATCCTGACCCAGTTCTTTCAAAGCGTGCTCTTTGATTTTTTCGAGCTCTTCTTTTGAACGTGCAATCGCTTCATCAAAACGGCTTACTTCCGCTTCAGAATCAGAGATGTTTTTCTTTTCAACCGTTAAATCTGGCTCTTCAAGCCGGTATGCTTTTGCAATCGCGATGCCGGCTGAAGCGCCAATCCCTTTTAATTCTTGCATTACTCGCCGAGTCCTTCGCTTTTCATTGTTTCTTCTAAAGCGTTAAGAGCATCGTTTTCGTCAGCTCCGGAAGCAGAGATTGTGATCTCAGCGCCTTTAGCGATACCTAAAGACATAA
NZ_CP117986.1_gap34	1298071	1299473	1402	CTGGTTTCTTCAATGTTTGCTGCAAGATTTTAATCAATTTCCAAGCTGTATTGTAGCATAGCGGATATTCATTTTTCAATAACAACATTAATTTTTCTGGTTCTTTAGTCGGTTCTTCTTTTTTAATTCTTTCTATTGTAAATCTGATATGCCTGATCAGCCGCAAATAGTTGACACTTTCCTTATTTACTTTCATTTGAAATGAGTCTTCAATCACCTCGACAAGCTGCGCCATGAGCTGAGAGTGCTGATTGACCTCGGACAGCGGACGGTTTGTCAATGCTGAATGGATATGCAGAGCGATAAAACCAATCTCCCCTTCCGGAAGGCAGATTCCCGCTTTTTCATTGATCATATCTATGACTTCTTTGGCAATTTGGTACTCCTCAGGATATAGTGACTGAGTCTCCATTAGAAATGGATTTTTCATATCAAATCCCTGCTGCTGCCTTTTGATCGCAAATGCGATATGGTCTGTCAACGCAATGTGAATATGTTCATTTAATGAGTGATTAGTCCTATTTCTTATGTGATAGATGACATCGTTTGAAATATCAACGAGCTTTTCATCAACATAGTCAAGGAGCTTTTTAAATTGCTTTTGTTCCTTCTCGTCTTTTAAAATGAACATTTTATCGTAGCCTTTATCTTCAATGACATCATCTTGTTTTTTTCCGAAACCAATACCTTTTCCGATTAAAACGACTTCGCTGTATTTATGATGAGAAGCAATTAATACGTTATTATTCAGTACCTTTTTCACTGTGAAGGACCCATTCACGATCCTCAGCTCCTTTGTCATTCAATACCTCATATCGTACATAACGAACGGAATGCACGTCAAACCTTTTTTCAATGCATTCACTAAACAGTCGATCTTTCGATGAGACGGTAATCCAGAACTTTCCTTTCAATCGGCTGTCCTTGAATTCTTTTTTCCAGTATGGCAAATGCCTGCTTTCCCATTTCCCTTGTCTGAATATCGATCGTTGTGATTCCAAGCGCTTGGCTGATTTCGTGGTTATCAACGCTTAAGATTGCAAGCTCATCCGGTACTGACACCCGCTGGTTCTTTGCTTCAAGAAAAAGCCCTGCTGAGACTTGGTCATTGGCAACAAAAATAGCCGTCGGCTTTTCCTTCCACGTTTTCCATTTATGAAAAAGCGCCTTCCCATCATTGATTGTAATCGCTTTCTCAATTACCCAGTCTTCACGAAATGCCTCGCCGATCTCTTCCAATGCCTCTTTGTAGGCTTTGATTCGAAAATGACTGTTCATGCCTTTTTTTCTTGCCAAACAGATGGCTATTTTTTTGTGCCCTTTGGCAATTAAATAGTCCAAGCCGTTCCGAAATGCTTCTTGGTGAGGAATACTGATGGTTGGGAAGCGGGCATTATCTGAA
NZ_CP117986.1_gap35	1301240	1305898	4658	CCTTCAGCCATGAAGAGACGCGTTGTATTCTATTCACTTCTTGTTCCTCCCTGCCATTTGCAATGCATTGTTCTGTCTTCCATTGTAACAGGTTTTACCGGTGTTTGCCTTTCACGACGCCTTCATTTTCTAATGCATTTTATTTCCTGCTCCTCTTCCTGTATACTGACAGTAACGTTCAATCGCAGGGGGGTTGTTCCGTTTGCTGATGAATTTTTTCAGACGAAAAGCAGTTATGCTCTTAACGGTTTTGGGAATTTCCGCTCCTTTTATCGGGATGAAGATGGTGGGCTTTTATTATTACAGCTCTATCATAGGCTGTGCAGCGGGTTTCCTTTGCTGCATCCTCGCTCTCATCCTGGTTATGAAAAGATCTGATAAAGACAAAAATGAAGGAAAAGCTTGATACATAAAAAGCCAGCAGCCTGATTAGGGCTGCTGGTTTTATTTTAGGAGTCTTAAACCGTTTAGTATGACCAAAATCGTGCTGCCCTCATGACCAATCACGCCAAATGGCAATTCCATCACCTGCAAAAAGTTTGCACAAATCAGCAGGCAGATTACAGCTAGAGAAAACACGATATTTTGTTTGATAATCCTGTTCATTTTCCGAGACAAGCGGCACATGTTTACGAGCTTTTTCAAATCGTTTTTCATGAGGACCATATCAGCGGTCTCAAGTGCTACATCTGTTCCGCCGCCCATCGCAATGCCGACATCCGCCGCTTTGAGCGCCGGCGCATCATTGATTCCGTCACCCACCATTGCAATCGTTCCGAATTCTTCTTTTAACCGTTTGATTTCATTCACTTTTTGGTCAGGCAGGCATTCTGCTACGACAGTTGTCATGCCGGCTTCCTTGGCAATCGCTTGAGCCGTGTCTTCGTGATCTCCTGTCAGCATGGCCGTTTTAATCCCAAGTCGGTTCAGTTCTTCCATGACCTCTTTTGCTTCAGGCCTGATTTGGTCCTTCAGTGCGATACAGCCTGCTATTTGATCATCCTTTTTCACAAATACAATTGTATGACCGCTTTGAATGACATCTGATGCTGTTTGTTTCAAAAATTGTGCTGCCATTTCCTCGCCGATAAAACCTGCTTTACCGACCTTCCATTTCGCACCCGACACTTCTGCCATAACGCCAAACCCTGAGGTTTCTTCTATAGATATGTAGCCGGACTGATTCACGCCGCGGCTTTCAGCGTACGCCGTTATGGCTTGGGCGAGCGGATGGCTTGATTGCATTTCGATGGCATAGACAGCCTCAAGAACTTCCGCTTCACTGAATCCTTCTGCTATTCTAATCGTCTCTACGGCAGGCTGGCCTTTTGTTACAGTGCCGGTTTTATCAAAGGCGATCATTTGCACTGAGCCCAGCTGTTCAAGAAAGACGCTTCCTTTCACAAGCATACCGTTGCGGGCGCCATTTGAAATCAGGGACAGCGCCGCCGGCATAATAGAGGCGACAAGCGCACAAGGTGACGCGACAACCATAAACACCATTGCGCGGTAGAAGGTTTCACTCCAGCTCCAGCCCAGCGCAAAGTGCGGGACGAATAAAAGGAGCGCCACCGCAATTAGCACACCTTTCACATAAGCATTTTCAAATCGTTCGATGAAAGCCTGAGCGGGTGAAACACTATTTTGCGCTGATTCAACCAGTTTGATAATTTTTCTGAATAACGAATCTTCATTTGCTTTCGTGACACGGACAGTCAAGGAGCCATTGCGATTCACCGTTCCTGTGAATACAGCGTCGCCTCTGTTTTTTTCTACAGGCATTGATTCACCTGTTAAAGCCGACTCGTCAAGACTTGTCGAGCCCGATTCAATGATACCGTCTGCCGCTACGCGTTCTCCAGGTTTGATCACAATCATATCACCGGCCTGCAAGTCTGAAACCGGAACTCTTTTGGTTTCACCATTGACCATCAATGTCGCTTCTTCAGGCTCAAGCTGCATTAAAGACGTTAAATCTCTGCTGCTTTTATTCATCGTGTATGTTTCTAAAGCTCCGCTTAAGGAAAAAATAAATATTAAAATAGCACCCTCTGCCCAGTATCCGATCAAGGCGGAACCAACGGCAGCGAAAATCATTAAAAGTTCTACATTCAGCGTTTTGGATTCGAGTGTTTCTTCGATTCCTTCCTTTGCTTTAGCAAATCCGCCGATCACAAAAGCCAGCAAGAAAAGTATTATGGATAATACCTGATATCCGGATAAGAGCCAGCCTGCCAAAATAAGAGCGCCTGATACAAGTGCAGCAATAAGCTCCGCGTGCTGTGCCCAGTTTTTTTCCCTCTTGTCTGTTTTCAATGGCTCGTGCGGGTCGCGTTGAACGATAACTTGTTCATTCATATCGAATTCTCCTCTCTAATTGAGAACGTAAATCATCTTCATTTCTCTTATAAAAACAAAATCGCTGCCCAAAAGGCAGCTTTATCGTCAGTTATTTCTTGATGTCTTCCTTTATTATAGCACGCACGAAGAGAATTTCAATTATAATTATTTTAATTTCTTTTTGATAATAATTATCATTAATGTTCATTCACTTCTTCTCTATATGAAAAAAGCTGAGAGTCGATGCTCTCAGCTATTCTTCCGTCCATTCCTTCAGTTGTTCCGCCGTCATCGGGCCAATTTTTGTTTTTTCAATTTCTCCCTTTTCATTCAGCAAAAATGATGTTGGGATCGTGATGATATGATACTCCTTCATCAATTCCCCTTTTGAGTCAAGGACAATTGGAAACGTCAGCTTATTTGCTTTAATAAAGTCTTCAACGACTTGCTGATTTTGTTCCGAATTCACTAAATTCACCGTTACCAGCTTTACACTGTCGGATGGATGGGCATCATAAAACGATTGAAACTGTGGAAGCTCCTTTTTGCAGGGCGGACACCATGACGTCCAAAAATGGAGAATTGTTTTTTGCCCTTTATTCGGAATCGAGATGTCCTCCCCTTCTATCGTTTTCATAAGAAAAACAGCGGGAACAGCAGGCTGTTTTTCCTCAGCTTGTGCCGCACATGGAAACCATGCAATCAACCCTAATAACATAATGTATATAGTAAGCAAGCGCTTCGTCAACATGGAATCTTCCTTTCATGCTTTTCAATTAGCTTGCCCCTGCAGTTCCTTTATCATCCTTCAATTCGCGGCGTTCTGGTCCCTCCCGTAAGGAATACGGATACCTTCAATGCTTTGCAGATCGTGGCATAGTGCAGGCTCGTCAAAAGAATCATGCCAGTGTTCATTCCAAGGATAATCCCGAGCATTTGCAGATTCTCCATTGATCCCAGTACATACATCATACTTAGCGCAACGATATGGCTCCATACATTGTGATAAAAAGCCTCTTTCACAAAGCCCATCCCGATTAAGCACGCCTGCAGCGGCATGACAAACAGATGAAAGAGAAAGTAAGGCCACAACAGCTGCAAGTAATACTGCGCTTCAGGAGAGTGAAAAAACAAATGCGTGAGAGGTCCCGCAAACTGGAACATGACCCAGACGGCAGGTATACCGTAACCTAATGTAATGAAAATCGACTGCTTCAGCCTTTTTAACACGATGTCATACTGAGAAAGTGCATAAGCTTCCGAAATACTCGGTATCATGACGACCATTAACGAATGGGCAATAAAAGCAGGGAACGACCCTATCGTCACAGCCACTCCTGCCAGCATTCCGTATTGATCGATCGCCGCTGTCCCGGCAACGCCCGCAGCCAAAAGAGCTCCTTTTACTAAAAAGGGTTCAATTGCATTGACAACCGCATGAAAAATGCGCAGTCCTGTTGTAGGAATTGAAACAGCAAGCAGTCTTTTCCTTACATCCTTTCCGCGCAAATGAATGTGCTGCTGGCCGGATAACGCCCGCCTTGCCATGATAAATTGTGAATATAAATAAACAAGCACGACCACATCACTCACGACTAGAACAAACAAGGAAATCAGCACAGCCATGTCCAATTCAAATGAGTACCATTGAAAAAAGAGGAATAAGCACAAGAGCTGGATGATTTTTTTCAGCACATTGGCAATTGCGATCTTCCCCATTTTCTGCACACCCATAAAGTAGCCCCTGGCGATTGAAGTAAAGGCGACAACAGGAATTAAGCCGATGACAATCCCTTTAATAAACGGGTGGTATGTATCAAATACCGGAATAAACGGAAGCGCAATACTAGCGGCAGCAGTAGAAAAAGCAGTAAAAATGGCTGTCATTCTGAAAGCGTGCCTCAGCATGCTTTCATGAAGCTTAGGATTTGACTCGGCAATGAATTTAGAAATGGATATCGGCAGTTCCAGGCTCGCGATGACAATAATTAAAAAGATCGTGGGCAAAATACTCATGTAAAGCCCCATCCCATGCTCGCCAAGCTCCCGCGCCAAAATCATATTGACGACAAATTCAAGGCATTCAGCGAAAAAGGCGGCAATGGATAAAAGAATGATCCCTTTCACAAATCGATTCATGATGTCTCTCCTTGTCTCTTGTACTACCAACATCATATGAGACAAGTTCAAAAATTATTTTATTTTTACTCTTTATATGAAAAAAAGCACAGCTGAGACAAATTGTCTCTTCTATGCTTAGACGGCAAAAACGTGTCTGCCGATTTTTTCTACGATTTTTCTTGAACGAATCCAATTAT
NZ_CP117986.1_gap36	1313162	1314417	1255	GAACTCGCATTGGAGAAAAAACTGAACAGCTCCTCCGCTCATACCGCTGTCACTGTGGAAGCTGAGCACATTCAGGAAATTGTTGAACAAAAAACAGGCATCCCTGTCGGCAAACTGCAGGCAGACGAACAAACGAAAATGAAAGAACTCGAAGCAAAACTTCATGAACGCGTGATTGGACAAGAAGCCGCTGTTCAAAAAGTGGCAAAGGCGGTAAGACGAAGCCGCGCCGGTTTAAAATCCAAAAACAGACCAGTCGGCTCCTTCCTCTTCGTCGGTCCTACCGGCGTAGGGAAAACAGAGCTTTCTAAAACACTGGCAGATGAATTATTCGGCACAAAAGACGCTATTATCCGACTCGATATGAGCGAATACATGGAGAAACACGCCGTATCTAAAATTATCGGTTCACCGCCTGGATATGTCGGCCATGAGGAAGCTGGACAATTAACTGAGAAAGTGCGCCGCAATCCTTACAGCATTGTGTTGCTGGATGAGATTGAAAAAGCACACCCAGACGTTCAGCATATGTTCCTGCAAATTATGGAGGATGGCCGTCTGACAGACAGCCAAGGCAGAACTGTAAGCTTCAAAGACACAGTGATCATCATGACAAGTAATGCGGGTGCTGGTGAGAAACAAACGAAAGTCGGTTTCCAATCAGATGACAGTGTCATCGAAGAACAAACATTGATTGATTCACTGAGCATGTTCTTTAAACCTGAGTTCCTCAACCGTTTTGACAGCATTATTGAGTTCCGCTCATTGGAAAAAGAACATCTTGTCAAAATCGTCAGCCTTCTTCTTGGAGAACTTGAAGAAACATTGGCTGAACGGGGCATTAGCTTGAATGTGACAGATGAAGCGAAAGAAAAAATCGCTGAGCTGGGCTACCACCCTTCATTCGGTGCACGTCCGCTTAGAAGAACCATCCAAGAATGGGTTGAGGATGAAATGACCGATCTGCTGCTTGATAATGGCGAGATCACAAGTTTTCACGTGATTTTAGAAGATGATAAAATCAAAGTGCAAGCGAAATAACAATCAGCGGTTTCCTTTTAGGAAGCCGCTTTTTTTTATGCTTTCATACTCTTGACTTAGAAAATACCGTCCCTTCCCCTGAAGCGCTACTTCCCTTCATCCTTTACACTTTTTTTAAGGAGGGATGGAACATGTTTATATACAGTGAATATGTATTTCTACTATTATATGAATACCATCTGAAGGACAGCTTGCAAGCAAGCTGCTAATTTCA
NZ_CP117986.1_gap37	1323899	1326012	2113	CTTCGGTTTCCGGATCCAGATCAATGCCGTATTCTCTTTTGTAAAATGCAGCAGCCGCTGACTTCAGACGGTATGAGCCGCGAAAAGAAGAATATTTATGATTCTCAGGATCAGCAACAGCTCGTTTCATCTCCTCAACAATATGTTCAGGAGTCGGCTGATCTGGATTTCCCTGTCCTAGATTGATAACGTCATGTCCTTCTGCGAGCTTTCGGTTCACTTTCTGCACCAGAGAAGCGAAGAATTGTTTAGGCAATTCCTTCAATACATGAGACTGTTCAAATTTCATCTATTCTCACCTTCTAAAAAAATCTTGAAATGATAGTCCATCATCATATATGGTTAAATGAAAAAAGTAAAGAAAAATTTGGGGTGTTAAAAAGATGAAATGGACGATATCTTGTCTTCAATTTGATATTTCATACGGCAAAACTTCGGAAAATATAAAAAAAGCTGAATTTTTCATCGAAAAAGAAAGCAAACATGCTGATGTTCTTGTTCTGCCTGAATTATGGACGACCGGATATGATCTGGCCAATCTTGATGAACTCGCTGATAAAGACGGCCGCTCCGCTCAGAGCTGGCTGAAGAAAACGGCAAAAAAACATGGTGTTCATATTGTCGCCGGATCGGTCGCTGTCAGGAAGAATTCTGATGTTTATAATACAATGTACATCGCGGATAAGGAAGGGCAAATCATTAAAGAGTACAGAAAAGCCCATCTTTTTCAGCTGATGGATGAGCATCTGTATTTATCAGCCGGTTCCGAAGACGGATACTTTGAGCTTGACGGCGTCAAAAGCTCAGGATTGATCTGTTACGATATCCGTTTTCCGGAATGGATCAGAAAACATACGACAAAAGGCGCCAACGTGCTGTTTATTTCTGCGGAATGGCCTCTTCCCCGCCTTGATCATTGGAAAAGCCTGCTTATTGCGCGGGCCATTGAAAACCAATGCTTTGTCGCAGCCTGCAATTGTACCGGTTCAAATCCGGATAATGAATTTGCAGGACATAGCCTGATTATTGATCCATGGGGACGTGTACTTGCTGAAGGCGGCCGGGAAGAAGGCATAGTCCGAGCGGAAATCGACCTTCAAGAAAGCGCAGAAGTTCGGGAGAGCATTCCTGTTTTCAATGATATCAGAAAAGATTTATATTAAAAAATATATTGACAACTAACTAAATTACCTGTTACCATGTTCATCAACTGATAAATTAGAATTGTCAAACAAGTGAATATATTCTCTTATCGAGAGTTGGGCGAGGGATTTGGCCTTTTGACCCCAACAGCAACCGACCGTAATTCCATTGTGAAATGGGGCGCATCTTTTTCGCGCCGAGACGCTGGTCTCTTAAGGCACGGTGCTAATTCCATTCAGATCTGATCTGAGAGATAAGAGAGGCGGACATAGATGTTAAGCCTCCTTCTCTCTGAGAAGGAGGCTTTTTTACGGCCACATATTAAGTGATTACATAATTGGAGGTTATGATGATGGGAGTCACAAAAACACCTTTATACGAAACGTTAAATGAAAGCTCCGCTGTGGCGTTGGCGGTGAAGCTTGGCCTTTTTCCAAGCAAAAGCACGCTGACATGCCAGGAGATCGGAGACGGCAACTTAAATTACGTTTTTCATATTTATGATCAAGAACATGACAGAGCATTGATCATTAAACAGGCGGTTCCGTATGCAAAAGTGGTGGGAGAAAGCTGGCCGCTGACAATCGACCGTGCAAGAATCGAAAGCAGCGCTCTCATCCGTCAGGGCGAGCATGTGCCTCACCTGGTTCCAAGAGTGTTTTATTCTGATACGGAAATGGCCGTTACCGTCATGGAGGATCTCTCTCACCTCAAGATCGCAAGAAAAGGACTCATTAAGGGTGAAAACTATCCTCATCTGTCGCAGCACATCGGTGAATTTTTAGGAAAAACACTTTTCTACTCATCAGATTACGCGCTTGAACCTAAGGTGAAAAAACAGCTTGTTAAACAGTTTACAAATCCAGAGCTTTGCGACATTACGGAAAGACTTGTTTTTACAGATCCTTTCTTCGACCATGACACAAATGATTTTGAAGAAGAGCTTCGTCCTTTTGTCGAAAAGCTCTGG
NZ_CP117986.1_gap38	1328136	1330679	2543	CTCCAGCGCCTGCCACACTTTTTGCTGAAAAGGAGTGCCCTTTTGGCTGAGCGGCAGGGAGAATGTCTTCCTTTCGCCTGCGAAATATTCTTGAAGCTGTTGTTTCGCTTCTGCAAGATTAGGTGTTTCCTTGTGCTCAGTATTCTGAACCGTTTCTTTCCAATCCACCCAATCTTCCTGACTGAGAAATAGACGAGTGATCCGGTCCTCCTCTTCGGCAATGATAAGTTCACCGAGCGGCGTCTCGGCTGTCGTATAGTAGTTCATTCATCATTCCTTCTTTCTTCAGCATTCTGTCTGACAGGAAGCGTAATATGGAAAACGGTGCCCTTCCCTTCTTCACTTTCTACCATAATTTCGCCTTGATGTTCTTCAATAATTTTATAGCTTACCATAAGCCCAAGTCCAGTTCCCCGTTCCTTTGTCGTATAAAACGGTTCACCAAGGCGCTTTAATTTATCTTCTGTCATTCCGATTCCCTCGTCTTTTAAGGAGATAAGAACATGATCTTGATCCAATGCCTTTATCGTTACAAAAATATTTCCGCCGTCAGGCATCACTTCGATGGCGTTTTTTAATATATTGATAAAAACCTGTTTCAGCTGATTCGGTTCACAGTAAATCGGGGGAATGTCGTCAATTAAATCAAGTTGCATTTGTACATTGCTGAGATTGGCTTGCGCATTTAGAAGGTCTATCGTGTCCCTCATAATTTGGGTAACATGTTTTTCCTCATACATAATGGCCTGGGGCTTGGCTAAAATCAAGAATTCGGTGATGATGGATTCGATGCGCTTTAGTTCTGAGGTGATCACGTTGAAGTAAAGGGCGTAGTCTCCCTCGACACTCCCTTTCAGAAGCTGAATGAAGCCTTTAAGAGCAGTCATCGGATTTCTGATTTCATGAGCAATGCCGGCTGCGAGTTCGCCGACAACATGAAGGGTATCTGATTTGCGCAGGCGTTCCTCCAATTCTTTTCGCTCTGTTACGTCTTTAAAGATAGCCAAGTTCATATTTTGAATAATATTCCGTTTAAATGAGAATTCGAGTTTTCTGTTATCACCGCTGCTCAGCAAAAATGGAATTTCGTTGTCCATTTCATCAAAATTAATCTGCCTTGCCGGTGATGCCAGATTTTCTATTTCATAAGCAGAAATAATATCTAACAGGCTGTGCTGTTTGATCTCTTCATGTGACAGGCCCAAAATATGGCTTGCTAACGGGTTGGCGTCAATGATCCTGTATTGATTGTCGAACAACACATTGCCGTCCATTGAGCCGTTGAACACTTTTCTGAATTTCAGCTCGCTTTCCCGAAGCTCCTTTTCCATCCGCTTTCTGTCGCTTACATTTCTTAAGATCGTCAAATGCTGATTTTCAAGGATTGTCCGTTTTGAAGTAAATTCAAGCTCTTTGAATTGCCCGTTCCCCATTTGAAACAGCAGCTCTTCTCTGATCTCTCCGTATTTTGCGTATTTCCTCTTCGTTATGCTGTATTTCTGCTGCGAGTCAACGAGAAAATCACACAGCTTTCTTTTCAACAGCAAATTCATCGGCAGCTCAAAAATTTTACAGGCTGATTGATTCGCTTTTACGATTCTTCCGTCATTCGACCAGATGATGATGGCGTCCATTGCATTTTCAAAGATTTCTCTGAAGCGCTCCTCACTTTTAAAGAGCTGCAGCTCCATAGACCGCTTCTCTGTGATATCCCTCATAATGGACATATAAAAACCGCTGATGATGTTTGATGTAATCGTGAATTCAAATAGTTTTTGAACTCCTGAACGAAGCTTGACAGGCAGCTCCCCCTTCGCTTTTCCCTTGCGGTTGAGCGCCTTCCAGATATTGTCGAAATCTTTTCGTGAGCCGCTGTCTATGAACTCATACAAAGATAAATGAGACAGCTCATTATGATTGATTTCAAAGCTTTTACAAAAGGACAAATTGGCATCAATAAAACCGCCATCTTTATCAAACAGGACGATTCCGTCAACTGCTCTGTCAAACAAGTCCTTAAAAAGCTGTTCATTCATAGAGAATTCCCGCTCCAGAATCTTCTTAGAAGATATGTCCCTCATGACAACAAAAAAGAAATCCTCACCAATGCCTCTTTTGGCCAGAAACTCTATGTATTTTGTTGCCCCGCAATCAAGCCTGATCGGAACCTCCTTCCACAGAAAGCCTTTTTTAAAAAACTTCTTTACGGAAAGATTCAGTTCATCCTTTGGGATTGAAAACAAAAAATCCAAAACAGAACGCTTTTTCAAATCTTCCGAGTCAACTTGAAGCATCCTTTCTGTTGCTTCATTTGCCTGAACAATCCGCATTTCGTTATCACAAATAAAAATAGCATCGAGCGTATTGTTGACAATCACTTGATGCTGATTCAATTCCTTTTTCAGTCGCGCGTTTTCTTCTTTGAGGCGATTCAGTTCCTCTCGCAGCTCCGAGTTTGTCTGGACACCAAGAGTTTCCATGCATGTACACTCCTTCTTCAAAACCTATCCCTCAATATTTCTACAAAATGCGGGAACTTCCTT
NZ_CP117986.1_gap39	1332288	1336214	3926	TCCTCGCCAGTTTTCAGACATTTTAAGATGCAGGAGCGTAAATTGCACCTGTCGAAGTTAGGTTCTCCAACTGAACAGGAGGCACACATCTTTTTTTTGGCAATCAAAAAACACCGCAAAATATGCGGTGTTCAGCTTGTAGAGAAAACGACGTTTTTTCTACAAGCTTTTTTGTTTTATACAGTTTCTTTAGATATTCATCAGGTTTCAGATGCAGAAAAAGCGCTCCCACATGCCTAGCCCTGCTTGGCTAGGTATGTGGCAATCTTCTTCATGTTCTGGCATGCGGCTGTGAGGAGAACTTGTTCACTCACATTTCGTTTTCCCCTCAACCTGCAATAGCGAAGCCCATGCAGCTGTTTTGAATCTGCAAAGCTTCGCTCTATTTTTTCTTTTCTTTTTTTGTAGAGGTTTTTTCCTGAAACAGACAAGCGATTTTGTCTGACCTTTTCTTTATGATCTTCCCATACATGTCGAGTAATCACTTTCTGCCGATTCTTTGATTTTGTACAGTTTTCAAGCAGTGGGCATGAGGAACATATTTCAGGATTTGATTTATATGACCGGTAGCCTTTTCGGTCAGTTGTTGAGTATGTAAGTGTTTGGTGATTTGGACAAATGTATCTGTCTTGTTCACTGTCATAATGAAATTTCCATTTTGGAAACAAGCCTCGGATAGGGTGATAACGTCTATGTGCGATGACACCAAAGATTTGGCGGTCAGATAATCCTTTACAGATCGGAGTCGTTAAATATCCGGAATCAAGGGCGACGGCTTCTACTTGAAAACCAAATCGTGCGATTTGGTGGTCTAATCGGTCAAGATAAGGCACAGAATCATGGACATTTCCAGGTGTGACGTAGGCATCGGTGATAATGTTGTATTTCATATCTGTTGTGCGGTGATCTAAATAGAAAAAACCTTCTGGTTTGTTTTCACGATACAGATAGCCACTTTCCGGATCGGTTGTACTGTGGCGGATCTCTTTTTCAGCTTTCACCTCCTCTTTGGCTGTTAATGGTTTTTTTCCGTGTTCCTCCCGATCCTCTTGAATGGCTTCATTTAAATCCTTGATATAGTTTTGGGTATCCTGCGCAATTGTTTTTCTTGTGTATTTATGCTTGTTGGCATTGGCTTTAAGGTGTGTGGAGTCGGTGAATAGGACTCGTCCGCCCACCATGTCATGATTGATGGCCTGAAGAACGATCTCATCAAAAATGTCTTGGAAGATGGTTGTATCTTTAAAGCGTGTGCGTCTGTTCCAGCTGATGGTGGAGTGGTGTGGAACCGGGTCGTTTATGTTCAATCCGAGAAACCATCTGTACGCCATATTGTAGTAAATTTCTTTTTCAAGCTGTCTTTCTGAACGGATACCATAGAGGTATCCGATAAACATCATTTTAAATAAAATAAGCGGATCAAGTGAGGGGCGGCCTTTGTTTTCACTGTAGTAAGGTTTCACCTTTTCAATGATGAAAGAGAAGTCTATGTGTTTATCAATTTTCCGAAGCAGGTGATCCTCTTCAACGAGTTGGTCAAGCAGAACAAATTCGGCTGTGTTTTGAGAAGAGTTTCTTGTGTGGAACATGAGAAAGACACCGTCCTTTTAAGTCTTTCTTTTATTTTATTACAGAAGAATGGATATTTTAAAGAAAAATAAAGGCTGTCGAGATTTTCTCGACAGCCTGAACACCGCAAAATATGCGGTGTTTTGCCTATCCGATAATCACTCTTTCTTTCGGATAGTGATAGTTCGCTTCAATTTCCTTTCTTCCGATCAGATACAGGAAGGTCAGGATGCCGATTCGCCCGATAAACATGACAATCATAATGACGCATTTTCCAACACTGCTCAAATCTGCCGTAATTCCAAGCGACAGGCCGGTTGTACCGAATGCCGAGCACACTTCAAACAAAAGCTCCAGCAGGGAATGTTTTTCTGTAATGGTCAGAATGAGTGTCGCGCCAAAAACGAGCAGGATCGCCATCATCGTGACAACAAGCGACTTCATCAAGTCAGCAGGGTGAAGCTCCCGTTTGAATACCTTTACGGCCTTATTGCCGCGGGCAAAATGAAACAGCGCAAGAAGGTTCAAAGCAAAAGTCGTTGTCCGTATGCCTCCCCCGACTGAGCTTGGCGACGCTCCGATAAACATCAGCGCACAAATAAAAAAGAGTGTGGAATCTGATAATTGGCTGATATCGATTGTTGCCAGTCCCCCGCTTCGGGTTGCCGTTGATTGAAACAGGGACAAAAACAAAATATCATGCCATGATTTTCCCGCGAACGCATGGTTTGCTTCCAGGGCAAAGATGCCAATGGCTCCAAACAAGACAAGTGAGCCGAACGTAATCGTCGTGATCTTTGTAAAAAGCGTAAATGGATAACGCCGATGCTTTGAAAACAGGAAATCCTTTACTTCAACAAGCACGGGAAATCCAATCGCTCCAAATATAATTAAAAGCATTGTAATAAACTGCACAAAGTAATCGTGGCGAAATGGAATCATCGAATTACCGGTAATATCAAATCCGCCGTTTGTCGTTGCACTGATACTGGCAAAAAATCCGTGTAAATAAGCTTCCTGATAGGAGTCATAGTAGGTTAAGAAATATGTGCCGAGAATCAGCCCGCCAAAAAATTCAATCCACAAGATCAGAAACAGTACCTGCTTCATCAGATTGACAATTCCTGAAAACTGGGATTGGTTTTGATCAACCATAATCAGCTTCCGTTCTTTCAGCCCGATTCGTTTTCCCATGATCAGCCAAATGAACGTTCCGAGCGTCATAATTCCGATTCCGCCAAATTGCAGAACAAATGCTAATATAAAAATCCCTATTGTGCTGAATGTATCAGCTGTATCAACTACCGTCAGCCCCGTTACGCTGACTGAACTGACAGCTGTAAAAAGCGCATCAATAAACGTCCAATCCGCCCCCGGTTTATGGGCCGCCGGCAAACTCAGCAATATAACGGCCACAGTAACTGCAAGAAAATAATATAATGCGATCAGCTGGGCCGGTGACAAGGCCTGTATCAATTTTCCAAACTTTAATCTCATGTAAAATCCTTCTGCCTCTCTTTTTAAGTACGGTAATTATTCTAAAGATATTAGGTCCATTTTTAAAGGCTTTTACGAAACATTTTCTTAACTTGCTTATTTTTTTTTGATTTTAGTCAATGGATAAAATAAAAAACCTCTGAGAATTCTCTCAGAGGAACAATGTGTTTGTATTATTTAGCTTCCAGCCGCCTGATTCGCTCATCTAAATCAGGGTGAGTAGAGAAAAGCGAAGAGCGCTTCTTGCCATTAATCTTTAACGTTTGGACAGCTGTCTGATCGTCTTCCATAATCCGGGAAGAATAGCTTTTAAGCGTCCGCAGCGCATGAATCATCTTGTCCTTGCCGGCAAGATCCGCTCCTCCCCTGTCAGCATGGAATTCACGATGGCGTGAATACGCAAACACAACCAGGCTGCCAAGTATCGAAAAGACAATCTGAAAAATAATCATTGCAATAAAATGAACGATCGGCGCTAGATCTTCTTTGACAAAACGGCTTGCTATCCAAGCGGCGATACGCGATAAAAAGACGACAAAGGTATTAACGATACCTTGTAAAAGCGTCATTGTTACCATATCACCATTTGTGATATGCGCGACCTCGTGGGCAAGCACACCTTCAACCGCTGCGTCATCCATCTGCTCCAGCAGCCCTGACGATACTGCGACAAGTGAACGGCGTTTTGACGGTCCAGTCGCAAACGCGTTTACTTCAGGTGAACGGTAAATCCCGACTTCCGGCATTTTCGTTAAACCGGCAGAGCGGCTTAATCTGTGAACACGATCAACCAATTGCTGTTCCTCATAGCTGAGCGAGTGTTTTTTCGGATTCAGCACTCTGACGCCCATCATCGTCTT
NZ_CP117986.1_gap40	1399460	1403457	3997	CGACAAGCACCGCGGCAACCATGCTGTTCGGGTCAATTGGCGGAAAGCTGATCAGTGTAGGGATTATCGTCAGCATCTTTGGGTGCTTAAATGGAAAGGTGCTTTCTTTCCCGCGTGTTTCATTTGCAATGGCGGAACGCAAACAGCTTCCATTTGCTGAAAAACTGTCACATGTACACCCGTCGTTCCGCACACCATGGATTGCAATTTCTTTTCAAATTGCTTTAGCTTTGATTATGATGCTGATCAGCAACCCTGATAAGCTCTCAGAAATCTCCATTTTCATGATCTACATCTTTTATGTGATGGCCTTTTTTGCAGTGTTTATTCTCCGCAAGCGAGCAAAGGGAAAAAAGCGCGCCTACAGTGTTCCGCTTTATCCATTTATGCCAATTCTGGCAATCGCGGGCTCCTTCTTTGTGCTAGGCAGCACACTCATTACAGATACAATGAGCTGCGGATTATCCATCCTCATCGGCCTTGCCGGACTGCCTGTCTATTACGGGATGAAAAAACGAAAAGCAAGCTGATAAAACGGTTCCCTTGTTTAGGGAACCGTTTTTTGGTGAAACAGAAGATAAAAGTTGACAGGAAAAACACAACTTTTGATATACTTTTTACGTTAAGCAGAAAGTTTTTGCAAACTTGGGTCGTTTTTTTAAAGCGAAGTAGGTCAAAATAAGGAGACACGATTTATCAAAAAAGTCAAGATACGTTTTTTTCGACTTTACCTGTTTTTTTTCGACAAAAGGCTATATAATAATTTGATGTGTGCATTGTTCATTCAAACTATGGAGGGTTTTTAATGATAAGAAGAAAAAAAGATAAGTTCTCACTCCTTTTAACAGAAATTGCAAAGAACATAGACGAAACTGCAGAATATTTTGTGAATTTTAAGGTCACTAACCAAACGACTCTTAAAGAATTTGCAGATACGTTAAAGGAATATGAAACAAAAGGTGACAATCATGTCCATGTCATGATTAAAGAGCTTAACAAAGCGTTCATCACTCCTATTGAGCGCGAAGATATCCTTCAGCTGACAAACAGCTTGGATGATGTGCTTGACGGAATCGAACATTTCTCTGCCATGATGGAAATTTTCTCAATTACTTCATCAGACGAGCATATCGATAAATTCAGCGGATACATCAGAGAATGCGCGAAAGAGATTTTGATTACGATCGAGCTGCTGGCAGAAAATCGCTTAAAGGATATTCAGCCTCACGCAATCAAAATAAAAGAGTATGAGCACAGCTGTGACAACTTGCACAGAAAATCATTAAAGAATCTTTTCGGAAATGAAACAGACCCAATCAAAGTCATTCAATATCGTGAAATTTACGAAACGCTTGAAGAAATCGCCGACTCTTGTCAAAGTGTTGCCAATAATCTTGAAACCATCATTATGAAAAACGCGTAACGAGGGGTAAAAATGGATATTCTATTAATATTAACGATACTAATAGTCATTTGTGCTCTGGCGTTTGATTTCATCAACGGGTTTCATGATACGGCAAACGCAATTGCGACTTCAGTATCAACAAAAGCGTTGAAACCGCGCCATGCCATTATATTGGCGGCTGTGATGAACTTTATCGGAGCAATGACGTTTACGGGTGTTGCCAAAACCATTACGAAAGACATCGTAGATCCTTATACGCTGGAAAATGGCTCTGTTGTCATTTTGGCTGCGCTACTCGCTGCAATTGCCTGGAACCTTATCACATGGTACTACGGTATCCCAAGCAGCTCATCCCATGCCATCATCGGCGCTATTGCCGGTGCAGCCATTGCGGCAGCCGGATTTGCAGCGTTAAACTATAAGGGCTTCATTAAAATCATTGAAGCACTGATCCTATCACCAATTATTGCCTTTGTCCTTGGTTTTATTCTTTATAGCATCGTTAAGCTGATTTTCAAAGACAGCAACTTGGCGAAAACGAATAAGCAATTCCGCAGAGTGCAGATTGTAACAGCTGCCCTGCAATCGTATACACACGGAACAAACGATGCGCAAAAAGCAATGGGAATTATCACAATGGCTCTCATCACAGCGAATTTACATACTTCTGCTAATGATATTCCTACCTGGGTGCAATTCGCCTGCGCGACAGCCATGGGTCTCGGAACATCAATCGGCGGCTGGAAAATCATCAAAACCGTTGGCGGAAAGATCATGAAAATCCGCCCGGTAAACGGTGTTTCCGCTGACTTAACCGGAGCAGCCATTATTTTCGGCGCCACGTTTATTCATTTGCCGGTCAGTACAACCCACGTCATTTCTTCATCAATTCTTGGCGTCGGTGCGTCCCACCGCGTAAAAGGCGTAAACTGGGGTACGGCCAAGCGAATGCTCATTACATGGGTCATCACGCTTCCGATTTCAGCGACACTTGGTGCCATCGCCTACTTTATTTTAAATATGATATTTTAATGTCACACCGCTTCTGTCAAAGGAGCGGTTTTTTTGATGGAACAGGAAAACCATCCGGATCTCTCGAATACAATAAGCAGAACCTATTTCAGATGTGAGGGATTCGAATATGGTTTTATTCTTTCAGATCATGGTCTGGTGCATCGTGGCCGGACTGGGGTTATACGTGTATGCCACGTGGCGTTTCGAAGCGAAGGTCAAAGAAAAAATGTCCGCCATCCGGAAAACTTGGTATTTGCTGTTTGTTCTGGGCGCTATGGTATACTGGACATATGAGCCCACTTCCCTATTTACCCACTGGGAACGGTATCTCATTGTCGCAGTCAGTTTTGCTTTGATTGATGCTTTTATCTTCTTAAGTGCATACGTCAAAAAACTGGCCGGCAGCGAGCTTGAAACAGACACAAGAGAAATTCTTGAAGAAAACAACGAAATGCTCCACATGTACCTCAATCGGCTGAAAACATACCAATACCTATTGAAAAACGAACCGATCCATGTTTATTATGGAAGTATAGATGCTTATGCTGAAGGTATTGATAAACTGCTGAAAACCTATGCTGATAAAATGAACTTAACGGCCTCTCTTTGCCACTATTCGACACAGGCTGATAAAGACCGGTTAACCGAGCATATGGATGATCCGGCAGATGTACAAACACGGCTCGATCGAAAGGATGTTTATTACGACCAATACGGAAAAGTGGTTCTCATCCCCTTTACCATCGAGACACAGAACTATGTCATCAAGCTGACGTCTGACAGCATTGTCACGGAATTTGATTATTTGCTATTTACGTCATTAACGAGCATATATGATTTGGTGCTGCCAATTGAGGAGGAAGGTGAAGGATAATGGAACGTGCGTTTCAAAACAGATGCGAGCCCAGAGCGGCGAAGCCGTTTAAAATCCTGAAAAAACGTTCAACCACCAGTGTCGCAAGCTATCAAGTCAGTCCGCATACAGCAAGAATCTTCAAAGAAAACGAACGGCTGATTGACGAGTATAAACGAAAAAAAGCATGATCACACTAAAAGGACAAGGGAAAACAGCTCTTGTCCTTATTCCTTTTCTTAAAGGGTGACATATAATAAATACAAACAGAGGATAATGTCAGGTGATACAGTGAAAAAATTGGTGAGGCGTGTGAAGTTTGTTGATTACGGAAGGTTTGGGCTTTCCGGGTACTCGCTTCGGGTGAGGGAGCGCAGTGCTGGAATTATTAAAAAGTTGAAGAAGAAAAAATAAATCCCGGAGCGGCTCCGGGATTTTTTATGGTCTTTGATCAGCTTAATTGCGCTGCGATCTTCGCTTTCGTCGCAGGCCCATAGATACCGTCAGCAGTTAAACCGTTAACAGACTGAAAACGGGCAACTGCGTCAGCTGTTTTCGGTCCGTAAACGCCGTCAATTCCGTTGTTAACAGCGCCTTTATCAGGGTAAAAATACAGAGCCGCAAGTGCTCGTTGCACCTGAAAGACGTGTTCTCCTGAGGTATAAGGTGTTGTCAATTGAATGATACCATCAGGGAGCGGATAGAGCTCGGGTTCTTCAGCGGAC
NZ_CP117986.1_gap41	1411324	1411826	502	CGTATCATTTTTAATGACAAGACTTTTGATCGTATGGCCTGTGTTTGCGATCGAGGTTGTCGGTATCTGGAAGTCACTAGCAATCCTTCTGATGATCTGGTCAGCCCGCTGATTGGAAAACACGTACATATCCTGGTTTTTGACCAGGTACTGAAGCATGTCATAAGCGCTGAAGGCAAGCGTATGCTCGTCCGGGGTTCTTGCAAAAACAATGCCCCGAAACAGCTCTTTTCCCTTCCATTTAAACAAGACCGTATCTCCTTCTGAGACACTGTAATACGTCTGGTCGCCCTGTTTGGTGACGATGGTCGCTTCAATGGAGCGCGGCGCCTGATAACGATGGCCCTCAAGCGATACGCTTTCAGCAACCAGCTCAAGCCACTCTGTGTCTTTAATGACGAACAGTTCTATCATCATACATCACCTGTTTCATTGCGGTATCTTTAATTTTTGGCCGGGAAAAATCCAGTGACCCGGCTGCCTGATGTTCCGTTTGCTTCGT
NZ_CP117986.1_gap42	1430345	1431398	1053	GCTTTTATCGTTTTTCATTGTACGCCGCTTCTCCCTTTAACATCATGTATGCTTGAAACTGCTCTTGCGTTTCAAAGTGGAACACCGGAAGGCCGCATGCCGTAAACGAAATGGTGCCGCCGGATTGTCCGAGATGGCGCTGATCTATGGGATTTTCACTAAAAACAATTTGGATTGGATACATGTGATCACTCTCCTGGTTTGTTTTCGATACATTTCGTATCAACTGTTACCAAGTATAAACGATACGAACTGTATCATCAAGTTATTTTTGATACTTTTTTTATCATAACTTTATTTTGATACATATTGTATCTATAATCATAAGTAACGTAGGGAGTTTAAAAAAGAGAGGTCATAGTATGATAGGCGGCAGATTGAAGAGTCTCAGAGGGAAAAGGACACAGGAAGAAATCGCATCACACATCGGTGTGTCACGGGCACGATATTCCCACTATGAAAATGGGCGAAGCGAACCTGATTACGACACACTCCAAAAGCTGGCTGATTACTTTCAAGTAACGACTGATTACTTATTAACGGGAAAAGACAAAAAATCCGATGACGATATGTTCTCAGATCCGGACCTGCAGCTTGCATACCGCGATATGCAGGATTTTTCCCCAGAAAGCAAACAGCAGGCCATCGAATTTATCAACTATTTAAAAGAAAAAGAGAAAAACCGCAAACCGAAAAATAAATAAATCGTTCTCTGTTCTCTAAAACATATAAAAAGTAGACCGATATAAAGAAAAAAGTGTTTATTTTTTAAAGAAAAGGGAAAGATTTCTACACTACTTTCCAGTCCTATACGGGCTTTTCTTTCTCGTTAAAAACAGAACAAACGTTCGAAAGGGAGTATTCAATTGGGCGATTACTTATCACATCTGGAGGAATACGTTAAAAATTTATACGGCCGGCTGGGCATCACATCCCCTCATCACATTGACATGCTGAAAATCGCAAAGGATCTGGATATTTGGGTGCATTTTGAGGATATGGGGAGCATGATGGTGAAATACGACGGCATGTACAGTATCGTATTGAACCAAA
NZ_CP117986.1_gap43	1536666	1540807	4141	AACGGAAAGTATGTCCTTACATTAAAGGAGCCGGCTGATGTGGGGCTTCTGGAAACGCACCAGCAGCTTTCAGAGGTATCAGATCTCGCTGGATTTTCAGTTCCCGAGGGCCCTGTGAAGGACCAGCTGCACAAGCTTCAGATCGATACGGATGCCATTCAATACTTTGGATCTTTAGCAACAAACCGTGCGGAAAAAGAAACAGAAAAAGGCTTAATAGTTTTAGACCACAGCCGATATTTAAATAAAGAGGACTATGAAATTGAATTTGAGGCGGCGGATTGGCATGAGGGCAGAAAAGCTTTCGAGAAGCTGCTTCAGCAATTCAGCATTCCTCAGCGCGAAACCAAAAATAAAATTCTGCGTTTTTATGAAGAAAAACGAAAGTCTATATAAGGTGGAATGACATCGTGAATGTAACGAATTGGGCAGCTTTACTTCAGCTTCAGGCACTACAGTCCATATCTAATGCACGCAGCAGCTCGGACACTCAGAATACGGAAAGCCCGCTTTCAAGTTTTAGCTCTTTGCTCAGCCAATATACAAACGGTCTGACATCTCAGCAATCAGCACTTTCTTCATCGCCAAGCCCGCTCAGCATGCTGAACAGCGCGAATACAACAGCGCCGTCACTGCTTTCAGCGTATGGGCTTAACTCATATACGAGCAGCAATTCAAGTTCAGTCACAAAAGCGGCAGAAAGCACTGAAACAGCTGCTGCAGATTCAGCTTCAAACAAACATGAAGCAAATCAGATCAGTTCGGGAGACTTCTCTATTGACAGTGCGATTAAAAAAGCCGCTGATAAATATGGCGTTGATGAAAAACTGATCCGTGCCGTCATCAAACAGGAATCAGGCTTTAATGCAAAAGCGGTCAGCGGAGCAGGTGCGATGGGCCTCATGCAGCTGATGCCGTCAACAGCAAGCTCACTTGGCGTTTCCAATCCGCTTGATCCGCAGCAAAATGTGGAGGGCGGAACGAAATATTTAAAACAAATGCTGGATAAATACGGCGGCAATGTGTCTATGGCATTAGCGGCTTACAACGCCGGACCGGGGAATGTTGACCGATACGGAGGCATTCCTCCTTTCCAAGAAACGAAAAACTATGTAAAAAAAATAACTTCAGCTTATTACGCGTAACCAGAGGTGCTCTTTCCCTCTGGTTTTTTTGCGGAGTGAAATCTTACGCATTCCTGATTTTTATGTGATATGATATGAAATACAAACCCCGGCTGTCAGCCGAAATGAGTCATCAAACGCATAAAAGGCAGTTTGTTTGTAGAAATGATGCCTTGTTGCTAAAATAAATCTAGATGAAACAATGAAATACAGAAAATTACTTTTTGCAATAGGATTTATGATTCCTATTAGCCATATTTAAAGGAGTAGTCAACATGGGACAATCGTTTAACGCACCTTATGAAGCGATTGGAGAGGAACTTCTATCGCAACTTGTTGATACTTTTTATGAGCGTGTCGCGTCTCATCCTTTGCTGAAGCCGATTTTTCCTAGCGATTTGACAGAAACCGCCAGGAAACAGAAGCAATTCTTAACTCAGTATTTAGGCGGGCCTCCGCTTTATACCGAGGAGCACGGCCATCCTATGCTCAGAGCAAGGCATCTTCCCTTTCCAATTACAAACGAGAGAGCTGATGCGTGGCTCAGCTGTATGAAGGACGCAATGGACCATGTAGGGCTGGAGGGCGAAATTCGTGAGTTTTTGTTTGGCCGGCTGGAGTTGACAGCAAGGCATATGGTGAATCAAACGGAAGCGGAGGATCGATCATCTTGACAAACTATCAGCATGAGCTATACTTCGCCCATTGCCACGGTCATCCAAAAAAACCGCTTGAAATTTATATGTTTGTAGACCCTTTATGTCCTGAATGCTGGTCCTTAGAGCCCGTCATCAAAAAGCTGAAAATCAGATACGGACGTTTTTTCACCTTACGCATTATCGCTTCCGCAAGCCTTACCGCTTTAAATAAAAAGCGAAAAAAGCATCTTCTCGCAGAAGCATGGGAAAAGATCGCGAGCCGCTCTGGCATGTCATGTGACGGCAATGTCTGGTTCGAACAGGATCAGCCGCTTTCATCGCCTTATATGGCTGCTCTCGCTTTTAAAGCAGCCGAATTGCAAGGACGAAAAGCCGGCATGCAATTTCTCAGAAATATGCAGGAGAGCCTATTTGTTTCAAAGAAAAATATTACGGATGAAAACGTGCTTTTGGAGATTGCTGAAAATACAAGTCTCGATCTTGAAGAATTCAAAAAAGATCTGCATTCTCAAAGCGCGGTCAAGGCGCTTCAATGTGACATGAAAATTGCTGCTGAGATGGATGTTTCTGTTAATCCGACACTGACGTTTTTTAATACGCAGCATGAGGATGAAGGGCTTAAAGTTCCTGGCAGCTACTCATATGATGTATATGAAGAAATTTTATTTGAGATGCTTGGCGACGAGCCGAAGCCGTCGGAAACACCGCCTTTAGAATGTTTTATTGAATATTTCCGCTTCGTTGCCTCTAAAGAAATTGCGCTTGTATATGATCTGAGCCTTGAAGAGGTAGAAAAAGAAATGAAAAAACTGGCGTTTGCTAAAAAGGTTGCCAAAGTGGAAGCCAAACACGGAATGTTTTGGAAGTCTCTCAGCACTTATTCTGATGAATATCAATCATGTGAAAAATAGCCGCAGGCGTGCATATGCTTGAGGCTGTTTTTTTACGCCCTGAACCAAACGTACGTTCTATTTTTAACACTAAAGAAACCGCGCCGGGATAAGCGCGGTTTCATATGTCTTAACGACAACAAAGGGGATGGGAGAAATTTTTCACGGTCAAACAAAGGGGTAATGTTTGTTTGTGATCAATTTCACATCCTTATGATAACAAAAGATGTCGACTTTTGACAACCTCTATGCTTAATGTTCATATTTTTGTCACAAAACATAACGAAGTGCATTCACTCATATCCTTATAAGGAAAAAGGACAAGGAGGACCGCCATGATGTCTACTTTGATCTCAATTGTGTGCATTGCCGTTTTTTTCTGCTTGAATATCTTAGGCATGATGCATATGCTGCCGCTTTATATTACCTCTCCTCTGCTGTTTCTGTCTATTTTGTTTACCCTCTACCGCTTGAATCACCGGAAAACCTTTAAAGGGTTTTAAAAAAGCCTGTGCGTCATTTCCGCACAGGCTTACTTTTTTAAGACTGCTTGACTTTCATCAGCAGCTCTTCCATTTCATCAAGTTTTTCTTCAAACATTTTGCACGCGGCTTCGATTGGCTCTGGAGACGTCATATCAACACCCGCTTTTTTCAGGACATCAATCGGGTATTGTGAGCTTCCCGCTTTCAGGAAGTCAATATAACGGTCAACCGCCGGCTTTCCTTCCTTCAAAATCTGGCTGCTTAATGCTTGGGCAGCGCTGTACCCTGTCGCATACTGATACACATAGTAATTGTAATAGAAGTGCGGAATACGCGACCATTCAAGGCCGATTTCCTTATCAATCACCATGCCGTCTCCAAAATACTTTTTATTCAGGTCGTAATAGACCTTTGTCAGAAGCTCAGGTGTAAGCGGCTCGCCTTCTTGCGCCTTTGTATGGATCAGATGTTCAAATTCAGCGAACATCGTTTGTCTGAAAACCGTTCCCCTGAAGCCCTCAAGCATATGGTTGAGAATATATAAGCGCTGTTTTTCATCCTCTAAATTGTTCAGCAGATATTCGCCAAGGAGCGCTTCATTTGTCGTAGAGGCAACTTCCGCGACAAAGATGCTGTAATTGCCATATGGATAAGGCTGGTGCTTTCTCGTATAGTAGCTGTGTACGGAATGTCCAAACTCGTGCACGAGCGTAAAGAGATTATTGACGTTATTATGCCAGTTCATCAAAATATACGGATTCGTGCCGTAAGCTCCTGATGAATAAGCCCCATTGCGTTTGCCTTTATTTTCGTAAACGTCCACCCAGCGGTTTTCCAGTCCTTCTTTTAGGATAGAGGCATATTCTTCCCCTAAAGGTGCAAGGCCTTTCAGCATGTAATCTTTGGCTTCCTCGTATGTCACCTTCATCCCAGCATCTTTCACAAGCGGTGTATACAGGTCATAGATATGCACTTCATCAAGC
NZ_CP117986.1_gap44	1590976	1595487	4511	GGAGCACGCTGATCAAACACTCGGAAGAGAAACTGGCGGAGAACGGCGTTCAGGCGGTCTGGTGCAATGCCAGAAGCCATGTGAAAGGCTACTATTCAAAACTTGGGTGGGAAGAACTCGGCGAACCGTTTGAGATTCCCGGCATAGGCACTCATATTGTCATGTACAAAACACTAGGAACAAGCAGGTGATCTTATGGATGTAGTGGATGAGCTGATTGAGCTTCATGAAGAACATGTTTCCGGCTTATTGCGGCTTTGCAGGCAAGCCGGGTGGCCGGATTACGGCGAACAAGAGCTGGCACTGCTTGTCCAGCAAGGACGCTTTTTCGGCTATCAAAATGTCAGCGGTGATATTATTTCCTGCATCGGCTTGTTTTTGTTTGGCCGTCTTGCTTCTATCGGCCTCGTTATCGTTGACAAGGAATATCAACGGCTCGGTCTCGGCCGGCGTATGGTAAACGCCTGTATCACCCAAACGGATGAAAACACCGCCATCAGGCTTTGCGCCACAAAAGAAGGTTTGCCGCTTTATGAAAAAGCAGGTTTTCATACGGCTGGTTCAGTGCGAAAGTACAGCTGTCACAGTTTTCAACCTTATACAAAAAAGCTTGATTCTCAAATGTCGGGTTTTTTCTTATGAGTTGGAGAACTGCGCAATCAAACTGTTGATCTTCTCTTTTTCCTCATAAAATGCTCCGTGCCCGCTGTTTGCAAACGGAACCAATTCCGACTGTTTGATGCCGCGCTTCAACTCTTTCGCAAAATCAAACGGCGCAATTTTATCCTTTCTCCCGTGCAGGATCAGCGTCGGCACCTTGATTGCAGCAAGTTCCTTCCTGAGATCTTCGTCTCTTAATGCGATGCCCGAGTGGATCGTCCCGTAGGAGGAAGCCTCCAGCATCAGATTGAGAAACCACTGCCTAAGCTCTGGAGACACTTTTTTCTCAAAAAACTGTTTCCCTAAATCAGCCAGTGTTTTGGGCCGATCCGTTTTGAACAATTCAATCATATCGTCAATATCCTGCTTCCTCATCCCGTACGGATAACCCGGGCGTTTTGTAAACGCGGGGGCCGCTGCAGACAGTAAAATCAGCTTATCAATATCGGCTCCTTCATGCCTTGCCATATAACGAATTGCAATGGCGCCGCCCATTGAAAAACCGGCGAGAATCGCATTCTCAAGCTGCAGCGTATAAATGACTGCTTTCACATCATCGGCCATCGTGTCATAATCGTAGCCTTCCCAAGGGCGGTCAGATTGCCCATATCCCCGCAAATCAACGCCGATAAAACGAAATCCCCTTTTCGGAAGCTCATTCATTTGATATTCAAACATCTTATGATTCAACGGCCACCCGTGCAAAAAGATGATCGGCCTTCCATGTCCGATATCCTCTACAAACAGTGTCACATGCTCCTCGGTTTTGATGTAATGCCCCATTCCGCATTCCTCCTGTTCCCTTTGGCTTTCCCGGCCTGTAAACGCCTTGACGTATAGGAATCTTTCCATTTATGCTTACAAAACAAGCGGGCTGCTATACCAAGAAAAGGCTCTTCACGATTTACTATATGTATCAATTTCCTTAACGATCTATTAAATTGAACCCGGAAGCCTCTGTTTTTCGGGCAGCAAAGGATGTCATCACATGAATAAAATCGCAATTCAAAAACCAAACATACCAGAAAACCTGCAAACCGCAGATTTTCATGATGCCGTGACGCAGGATGATGTAATCAGCATGCATTTGTTTGAAGATTGTACCATCTGCGGCGAAGATATCGAAAGACTCTGTGTTGAAAAAACGGTATTCAGAAATGTCGTCTTTATCGATGTGTCTTTTCGGCATATTGAACTGACCGATGTGATCTTTGAAAAGTGCGATTTATCAAACGCCGATTTCAGCGGGGCTGTCATTCACAGAACTTCAGTTAAGCAGTCAAAAATGGTTGGAATGAATGTGGCGGAAGCAACGCTTCGGAATGTTTCATTCGAGGAATGCCACGGACATTTCAGCTCATTTTCGTATTCAAATATGAAACAAGTTCGATTTGATCATTGTGCTCTTATGCAAAGTGAATGCAGCAATACGGTGCTCCAGCAGACACACTTTGACGGATGCGAATTGGAAGGCGCCAGCTTTACCGGCACATCCCTTCAAAACATGGACATCAGCACGTGCCGTTTTGAACAGCTTCATGTCTCCCTCGACAAATTGAAAGGCTGCAAAATCGCACCTGAGCATGCGATTGCCTTCGCCAGGGCACTGGGAGCTGTCATCGTATAACCAAAGCCTAGGACATCATCAGGCGGCGTGCTGTTTCAGCTGCCGCTTTAATGCCAGTTTCCAAATCTCCAAGAGATGCATAGGAATATGACAGCCTGATGCTGTTTCGGTCTTCACCGTCATAAATATAGCCGGGATTCACAAGCACCTGCCGTTTCAGCAATCCATAAAAGAAACGGCTAACAGGCAGGTTTTTGTGAAATGTCACCCAAATATAAAAGCCGCCTGCGGGAATCCGCCACGTGGCAATGTCCCCGGCATACCGCTCGAGAAAATGAACGGCGGCGTCTCTCCTTTCTTTAAGCTTCCTGCGTACCCAAGTCAGATGCTCTTCATAATACCCCTGTGACAGCCACTCGGCAGCCGCCCACTGGGACAGGCCGCTTGATCCGTAGTCTGTCTGCATTTTAATGTCCGCCAACCTTTCAATAACCGGCTCCGGACCGGCAAGCCAGCCGATTCGCAGGCCGGGGCTAACCGTTTTTGAAAACGTGCCCAGATACAGAATATTGCCCTCATGATCCATTGCTTTCAACGGCTGCGGAGGTTTTTCTTCAAACCATAAATCACCGTACGCATCATCCTCAATGATGGGCAGCTGCTCTTTTTTTGACAGGCTGATGATCTCTTTCCTTCGCTGCTCTGACATGACTGTGCCTGTCGGATTATGAAACGACGGAATCGTGTAAAGCAGCTGTCCTCCATATTGTTTTCGATTAGAAGAAACAAGCCCCGCTTTGACCCCTTCATCATCCATCGGCAAGCCGCGAAGCCGCATCCCAGCTGATTGAAATACATGCAAGGATTGAAGGTAGGACGGCTTCTCCGTCAAAATGACAGAATCTCGTTTTAAAAGTCCAATTGAGATGAGCTGAAGTGCCTGAAGTGCACCGGACACAATTAAAATTGCAGACGGTGACACATGGATCTTCTTTCCTTTTAAATGGTCGGCCACTGCCTCCCGCAGCTGACGGTTTCCTTTCGGCTGCTCATATCCTAAAGACAGGGCGCCCGGATTGATTTGCTGAAACATCCGTCCAATTGTGTCAGCAGGCACAAGATCCGGTGATAGTTCTCCAGTTCCTAATCTGATGATATCCGCTCTTGGTTCGTTCTGATTAATAGCTTGAATGATGGAAGAATTGGCGCGATGAATGCCCGAACGGACGTAATCGCTCCAATCAAGCGGTGGCTCAGCCGCCAGCACGCTCCAAGTACTGTTTACAACCTTCGTACCGCCGCCTCTTCTTCCCTCTAACAAGCCTTGAGACGTGAGTTCATCTATAGCTGCTGTGACTGTGCTGCGGTTGACTTGAAACATGTCGGCCAGCGTTCTCTGTGAGGGGATTTTCGTCCCTACAGCCCACTCTCCGTGAAGAATCTTGTCTTTCATATATTGTTCGATCTGCCGATGCAGCGGAATATCCGACTTTCGGCTTGGCTGCCATTGCGACAAGGTCATGCCCCCCTTTTTTACACATTATACATTTGGCTGGTTTCTAACCCAACCAAATGGCTGGAGACTTTAGTGACAATCTCTCTTATGATTGAAAAAAAATGTGAAAGGAGCTTTTTCAGCATGAATGCAATCATTCACGGAATTGTGCTCGCGTTTGGCTTAATTTTGCCGCTGGGAGTGCAGAATGTGTTTATTTTTCAGCAAGGCGCGTGGCAAAAGCATATTTGGCGGGCTCTCCCAGCTGTCATCAGTGCTTCAGTCTGCGATACCCTGTTAATCGTATTAGCCGTTGCGGGCGTATCTGTCATTGTGCAGGAGCTGCCTGTGTTTGAGACAGTCATGATGGCCGGCGGATTTTTATTTTTGCTTTATATGGGCTGGGTGACTTGGAACAGCCGTCCGAACACAAGCCAAAACGAGAAACATACGTTCACACCAAAAAAGCAAGCTGCGTTTGCGGCCGCTGTTTCTCTTTTAAACCCGCATGCCATTCTGGACACGATCGGCGTCATCGGCACGAGCTCTCTTCAATATTCGGGGCTTGAGAAATGGCTCTTTATGGCCGCCTGCATCGCTGTGTCTTGGATTTGGTTCATCAGCCTTGCAATAGCGGGTCGGTTGTTTCAGACGATAGATACGAGCGGCAGGCTTATGCTGATCGTAAACAAATGCTCTGCAGCGGTAATGTGGGCAGCGGCAGGATATTTTGGGGTGTCACTCTTTTGCAATTGAAAGAGAAACAGATGAAAAAAACGAATTTCTTAG
NZ_CP117986.1_gap45	1600441	1604755	4314	CCGCTCGTTTAATGTCATTATCATTAACTCTCTGCGGGCCGCGGGGGATGCGAAATTCCCGGTTTACATGGCGATGATTTCAATGTGGGGCATTGGCCTCCCGCTTGCTTATCTTTTTGGCATCCACCTCGGTTTCGGTCTTGCCGGTATTTGGATTTCTTTTATCGCGGATGAATGGGTCCGGGGAATCTTAATGTACAGAAGATGGCGCTCACGTATCTGGATTCAAAAAGGTATGGCGTAACACCCGGCTCAATCAAGGCCGGGTTTTTTAGATATCAGAGAGAATCTGCTTCACTTCGGTCTCTGTGAGAGCGAAGTGAAGTTGAAATACATCGTGCTGCTTCGCCCGGATTTTTTCTAAAACAGCCCGGTACAAATGAAGAGCAGCTTTCACCGTTTTTTGAGAATACTGCGGAAATAGCGGCAAGGCATCCTGACACTCTTCAAGGTAGGCTTCCGCTTCAAAAGCGATATACTCCCACGTCATTGTGAACGCCTTATTTACGGTGCCTTTTTGGAGATCAGCCTCTGTATAGCCGAATTGCTGCATTACTTCCCGAGGGATACGGCTTTTTTGCTGTTGGCCAGTGCCGATATCTCTCAGAATCCGAATCAGCTGAATCGCTAAACCGAGAGAACCGGCTGCATGTGTCAGCTGTTCCTGATGCCGGCGCGCCATAATCGGGAGCAGCATCAATCCGGCTGCGCCGCCTGTCTGGTATGCGTGCATGAGCAATTCATCAAGGTTTCCAAACGGTTTATCTTCCGCTTTCTGTGCGGCAATGAACTCACGGAATGGCTTGCTGTCCAGTGTAAAGGTTTGGTACGCATGGCCGAAAGCCTTCCACAAAAAATGATTCCCGTTATACGTACCGGAAAAAACATCTTCCGCCTCCGCTTCAATGGCAGATAACGCCTTCTCATCCGCATTGGCTGCCGTATGGCAAAACGCCATAACCGCCCAAGCTGCCTGCCTTTGCTTCAGCGGAAGAAACGAAAATGCTTTGTAACAGGCTGGTTCGCGGGCGCTGACGATCTGGCCGCATTGCTGATAGGCTTCTTTTATCTCTTTCATTTCTGTTCACTCCTATGTATCACTGCTTCTTCAAGTCTATTATGTTTTCTCGCAATTGTATATGAAGAAAAAGCCGATTCCTTTGAGCAGAATCGGCTTTTTCTTTATCCTTCATCAATATCAATGCGATACGCTTCAAACCATGTATGAATTTGAGCAAGATGGGCGATCAGCTGAGGTCCCTTCATGAGCTGTCCGAACCACGGCACCTTGAAGGAGGAGCCTTCCGTTTCTAAAAGCTGATCTAATTGTTTTCTGTCCAGCAAGGTATGGAGCACGGAGTCCTTTTGGCTTCTGATCGTTTTCAGCCATTCGCTGACGCCTTTTGTATATTCCGGATGATGTGTTTTCGGATACGGGCTTTTTTTGCGATACAGAATGTCATCAGGCAAAATACCTTCAAGCGCTTTGCGTAAAATGCCTTTTTCCCGATTATCATGCATTTTCATTTCCCACGGAATATTCCAAACATATTCCACAAGCCGGTGATCGGCGAACGGCACCCGCACTTCCAGGCTCGCCCCCATGCTCATGCGATCCTTCCGATCCAAAAGGTTCGTCATAAACCAAAGCATATTTAAATAGAACAGCTGTCTTCTTGCTTTATCCACACCCGTTTCACCATCTAATAATGGCGTTTCTGCCAAGGTTTCTTCATATTTGGCATTTACGTATTCTTTCAGATTCAATTTTTTCTGCCATGAGTCAGAAAGCAGCTTGATCCGCTCCTCCGTTGATCTCATCCATGGAAAGCCAGACTCAACATCTGCCGTATGGAACCACGGGTACCCGCCGAAAATCTCATCCGCGCACTCTCCCGATAGGCTGACGACAAAGTCCTTTTTGATTTCCCGGCAAAACCACAGCAGGGATGAGTCGACATCCGCCATTCCCGGCAAGTCTTTGACCAGTACAGCTTCCTCCAAATGATCAATGAGATCTTTTTGGCTGATGACGCATTTGTGGTGCGTTGTGCCGAAAGCCTCTGTCATTTTTTCAATCCATGGTCCGTCATCATTCGGCTGAAAAGCGCTTGCTTGAAAAAATTTATCGTTCTCTTCGTAATCAATCGAATAAGTATGAAGCGGTGCTTTTCCTTCCTTTTCAAAATGGCCCGCCGCAATCGCTGTAATTGCGCTTGAGTCCAGACCGCCTGATAGGAATGTGCAAACAGGCACATCCGACACAAGCTGCCGCGTCACCGCGTCCTGAAATAACGATCTGACATTGGCAACCGTGTCATCAAAACTGTCCGTATGTTTTTCGCTTTCAACATTCCAATAACGCCAAATATTAAGTCCGTCTTTGGAAAATGTCAGCGCATGAGCCGGGCGGATTTCTTTTATACCTTTAAATATGCCAGTGCCCGGGGTTCTGGACGGTCCAAGACCGAAAATTTCAGAAAGTCCCGTTCTGTCCACTCGCGCTTTTATATCAGGGTGCGCGAGGATTGCTTTGATTTCCGACCCGAAGAGAAATGAAGAGCCTTCCTTCGTGTAAAAAAACGGCTTTACACCGAGACGGTCTCTCGCGGCAAACAGCAGATTACGCTTTTCATCCCACACAGCGAAAGCGAATATGCCATTGAGATGGTCGACACAGTCTTCCTGCCACTCGATGTAGCTGTGCAGAAGCACCTCGGTATCTGACGTACGCTCGAATTGATGGCCCCGCGCCCGCAATTCTTTGCGCAAATCTTCCGTGTTATACAGCTCGCCATTGTAAATAATGGTGTACGTATCCCCTTTATAGGTACACGCCATCGGCTGGCGTCCTCCTTCAATATCAACAACTGCAAGTCTTTTATGTCCGAATAAAACATGGTGCTCCCCCCAAACGTTTGAATCATCAGGCCCTCGTTTGGAAAGAGTGTCTGTCATTCTGTCCATCGTTTGTTTTTCCTGGACGAGCTGCTTTTTAAAATCGACCCAACCCGTAATTCCACACATGTGACATCAGCTCCAATCCCGTTTCTTTCGTAACAATTTCGTTTCTTTCAGCACCTTAGTAAGTTTATGCATCTATAGGCAGATAGTTGATTTGTCCATAAAAGAGTTGTATGGGACAGGCTTGAATTGGAAAGAAAAGAGAGGAATGAAGAAAAAGGAGACAGCATGGATGAAACGGAAACAATTGTTATATACAGAGGAACGAAAATGGGAATACGGCACCATCCTCATCGAAGACGGCGTCTGTTTAATCGAAAACGGAGAAGGTGATATACTTTTGGCGGACACTCTCCAACACAGCCCAATCTGGGTCCATCATAAAGGAAAGTGGGAGCAAGCCGGCTTCCAGGATCAATTGGTTCTGGCATGCGGTGAAGAAAACATCTCCCTTTCCGGGGGAGAACGCATCCGCTATGAGAAATCAGTCAAGCGGCCGCTCATGGCGCTTTTGGATTCGCTTGACGACGAAACCTTTCTCGCATTTCTGCAGCACTTGCACAGCTTCGGCTTATCGGTATTCGATTGCGTCTTTTCTTATAATAAAGGAGTCTTTTCGAATACTTCGGCGGGGCAGGGTGTGTCCTTTTATCACTTTTCAAATGACACCGCACAATGCGCGATGCAGCATCACTACAGCAACGAAGGGACAGGAGACCGTTTTGAATGGACGGCTTCAAACGGAAAGCGATCCATTATGTATTCAGCAGTCCAACGGGGGCGCAAATAAAAAAGCGGTGCATCGAGCACCGCTTTTTGGTTACTTTTCAACAACAACTTTTGCTTCCTTGCTTTCTTTTTTATCTGTATCCGCAGCCGTGACGTACAGCACCGTTCCGGCTTTTTGTTTTTTGATTTTCACCGAAAACGTTCCTTTTGCGTCAGCTTTGGCAGAAGCAATGACTTTCTTTGATTTGTTTTTCACTCTGATCATCGCTTTGCTGTTTGCCTTCCCTTTTACTGCCGTATCCTTCGTTTTCACCGCGTTTACTTTCGGTGTGCCGGAAGGTTTTCCTTTGACGACGACAACTTTATACGATGTTTTCGCATCGCCTTTTGTTGCTTTCACATACAGTACTTGATCCTGTTTTTGAGGCGCGATATTAACCTTGAACGCATTGTCTTTTCCGGCTTTGGCGCTGCCGAGTTTCTTTTTGCCGTTCATCACCTCGATAAGTGTGCCTTCCTTCGCGTTTCCTCTGACAGCTGTTTGAGTGCTTTCCAGCTTGTTGACCTTAAGCTGTAAATCAGCTGCGCTGACAGCCTTCATGACGTTCAGCCGCCCGTAGC
NZ_CP117986.1_gap46	1640984	1641575	591	TGCAGATCATATCCGATGAAGCTGATCATAAAAATCATGACAAGCTTCCCCGAGGCTGCCGCCAAAATAAACGGCCGCGTTCCGATCCTTGACAAACCAGCAACAACATTCACTGCGGCTGACGGTGTAAATGGAAAACAAAGCAGAAGAAACATGGGACCGAAGCCGTGCCTTTCCACCCATAACATCAGCTTTCTTACAGACGGATGACTGCGGATAAATCCAAGCAATTTTCTCTGTCCGTATTGACGGACAATCAAAAATACGAGAATGGAACCAGCAGTTGATCCCGCCCAAGACAGGATGAATCCTTCCCACAAGCCAAACGAGTTCGTATTCGCCACCACAAACACGATCAGCGGCAAAAACGGGAGAAATGCTTCAATTAAAGGCAGCAGCACAGCTATGAGCGGACCGAAAGCCCTATAGCTTTGAAATAATTCAGTTAAATGTTCTTGTGTCAAATAGGATAAAAAATGCTCCAACATTTATACTCCTTACCGGGTTTGTCTATCCTTATTCTACACATTATCAGCAGAAAACTAAAAAGTTTTGGTGATTTTTTCTGTCTTGAAACATTTCACCAGCCGA
NZ_CP117986.1_gap47	1647589	1650821	3232	GCTTCCGTGTCGTTTTGATTAAAGCAAATCAGGTTCTTAAGGAACCACTGCGCATACAACTGCTAAAGTTACCGCACAGCATGACATAATATACGACGAATTTATCCGCAATTTTGGATTAAACCATGCGAGGCTTTATTATGAAGCAAACCAAAACGCAATCGATTACATAAAAGGCATTGTGGATGAACATCAAATTGAATGCGAATGGATCGAGCAAGACGCATATCTTTATACGGCAAATGAAAACGCTGTTCAAAAAATCCGCACCGAGCATGAGGCATACACAAAGCTCGGAATTGAAAGAGACCTTGTCAAGGATCTTCCAATTCCCTTAGGTTCTAAGCTGGCGCTTGTCATGAAGAATCAAGCTCAATTTCATCCGCTGCAATACTTAAAAGCGCTTCTGGAGCAAATTGTTCAAAAAGGCGGCCGAATTTATGAGGAGACCGTTGCGCTTGATATCAAAAAAGGCGAAAGGCCCGAAGTGGTAACTAAAAGCCGGCACGCCATTAAGAGCCGCTTTATCATATGCTGTTCCCACTTCCCTTTTTATGACGGAGGCGGATTATATGCTGCGAGAATGTACTCCGACAGATCTTATGTCCTTGCCATCAAGCCGAAGATCGAGTATCCCGAGGGCATGTATTTGAGTATCGATCAGCCGTCAGTGGCGCTCCGCTATACGGTTGTAAACGGTGAAAAGCTGATTCTCTTCAGCGGAGTAAGCCATAAAACAGGGCAGGGAAAAGACATGTCTACACATTATGAAACACTGAGACAACTAGCCGAAAGCACCATCGGCATCGAAAGCATTCCATATTATTGGTCCACCTAAGATCTAGTGACGATCGACAAAATCCCATTTATCGGGCCGATGTCTGAAAATGAGGACAATATTCTAGTAGCGACCGGGTTCAAAAAATGGGGCATGACGTCCTCAGCAATCGCCGCCACTTTATTGTCAGACCTTGTGGAGAAAAAAGACAATCCATACGAAAGCATTTTCACGCCGTCCCGTTTCCATCTGAATCCCGGGTTGCAGAAAGTAATTTCCTACAATGCAGATGTCGCCAAGCATTTGATTAAAGGAAAGCTTGAAAAGCCAGATGTCCAATTTGAAGACATTGCGTCAGGAGAAGGGAAAGCCGTCACCATAAACGGCAGGCGAGCGGGAGCATTTCGGGATGAGACAGGCTGCCTCCATTTCGTTGATACGACTTGTACCCATTTAGGCTGCGAGGTCGAGTGGAACGACAGTGAGCATACGTGGGATTGTCCGTGCCATGGATCACGCTTTAAGCCTTCTGGCGAAGTTGTAGAGGGTCCGGCCATTAAACCATTAAAGCAAATAGATCTCGATTAAACCGTTCATTTTAATGAACGGTTTTTCAAATATTTTTCATCTGCAGCTTCATTCATGTTTCCCTTGGCCGATAAAAAAGAAAAAGGCTTAAAAAGCCAAAAAGTAAAAATTATATTTTTCCCAAGGGGGATCATTGTATTGTTATTTAAAAAAGACAGAAAACAAGAAACAGCTTACTTTTCAGATTCAAACGGACAGCAAAAAAACCGCATTCAGCTCACAAACAAACATGCAGATGTCAAAAAACAGCTCAAAATGGTCAGGCTGGGAGATGCTGAGCTTTACGTGTTAGAGCAGCTTCAGCCACTGATTCAAGAAAATATCGTATACATCGTCGATGCGTTTTATAAAAATCTTGACCATGAAAGCTCATTGATGGATATCATTAATGATCACAGCTCAGTTGACCGCTTAAAACAAACGTTAAAACGGCATATTCAGGAAATGTTTGCAGGTGTTATCGATGATGAATTCATTGAAAAGCGAAACCGAATCGCCTCCATCCATTTAAGAATCGGCCTTCTGCCAAAATGGTATATGGGCGCATTTCAAGAACTCATTTTGTCAATGATTGACATTTATGAAGCGTCCATTACAAATCAGCAAGAACTGCTAAAAGCCATTAAAGCAACAACAAAAATCTTGAACTTAGAACAGCAGCTTGTCCTTGAAGCGTTTCAAAGCGAGTACAACCAGACCCGTGATGAACAAGAAGAAAAGAAAAACCTTCTTCATCAGAAAATTCAAGAAACCTCTGGATCGATTGCCAATCTGTTTTCAGAAACAAGCAGATCAGTTCAAGAGCTTGTGGACAAATCTGAAGGCATTTCTCAAGCATCCAAAGCCGGCACTGTAACATCCAGCACTGTTGAAGAAAAGTCGATCGGCGGAAAAAAAGAGCTAGAAGTCCAGCAAAAACAGATGAACAAAATTGACACAAGCCTTGTCCAAATCGAAAAAGAAATGGTCAAGCTGGATGAAATCGCGCAGCAAATTGAAAAAATCTTCGGCATCGTCACAGGCATAGCTGAACAAACAAACCTTCTCTCGCTCAATGCATCTATTGAATCCGCCCGCGCCGGAGAACACGGCAAAGGCTTTGCTGTCGTGGCAAATGAAGTGCGGAAGCTTTCTGAGGATACGAAAAAAACCGTCTCTACTGTTTCTGAGCTTGTGAACAATACGAATACACAAATCAACATTGTATCCAAGCATATCAAAGACGTGAATGAGCTAGTCAGCGAAAGTAAAGAAAAAATGACGCAAATTAACCGCTTATTCGATGAAATCGTCCACAGCATGAAAATCAGCAAAGAGCAATCAGGCAAAATCGACGTCGATCTGCAAGCCTTTCTTGGAGGGCTTCAGGAAGTCAGCCGCGCCGTTTCCCATGTGGCCGCTTCCGTTGATTCGCTTGTCATCCTGACAGAAGAATAACCATCAAAAACCGGTCTGCCATACGGCCGGTTTTTTTGCGTTCATTATGTAAACTTAAATTAAAAATAAGTTGACATAATAATTACCTGCATTTATTGTATAACCATATTTGATTACTGTTTGGAGGATTTCACATGCTGAAATTAATCGACATGATGCATATTGCGATTTTCACCGCGCTGATGGCAGTGCTCGGCTTTATGCCCCCTCTCTTCTTATCCTTTACACCTGTTCCGATTACATTGCAAACACTTGGTGTCATGTTGGCAGGCAGCATTCTCAGGCCAAAGTCTGCTTTCTTAAGCCAGCTTGTCTTTTTGCTGCTCGTCGCCTTCGGAGCGCCGCTGTTGCCCGGCGGACGAGGCGGTTTTGGTGTGTTTTTCGGACCGAGCGCAGGCTTTTTGATTGCTTATCCCCTCGCTTCATGGC
NZ_CP117986.1_gap48	1654659	1658139	3480	TTTTCATCCCTGGCCATAATCGTATCATTTGTATTTCCGATCAAAAGCACGGACTGGCTGTTCGCGCTGATTTTCTGCTTTGTCTCGCTAAGCTTTTCTTCATGCGCCATCAGCTTTTTCTCCATTTCCTTCTCCTTGCCGACTGCTTTTGCAATCGTAAGCGAAGCGTCAATTGTATCCTGATAATCAGCATTTAAATTATTAAGCGCAATCGTCGGCGCTATTTTTTTCAGCTGATCGTACACCTTCTTATGCCGGGTCGTGTCAGCAATAATTAAATCGGGTTTTAATGAAGCAATCTTTTGCATGCTTGGCTGTGAGCGAGTGCCGACAGATGTGTAGCCGTCAATTTTCTTCAGCACATCCTTGTTGATCAGCTGCTTCGCTTTGTTGTCATCGGCAACCCCGACAGGCGTAATGCCGAGATCAAGCAGTGTATCAATAAAACCAAGCTCAAGAACAACAACCCGCTTCGGATGCTCAGGCACATTTGTCTTCCCTAAATCATGTGTTACCGCCACTTTATGTTCTTTACTGTTTTGATTGCCGCTTGAAGACGAGCAAGCAGCCGTTAAGACAGAAAGAAGTAAAACTGTAAGAATAATCAGTGTTTTTTTCATAGGTTCCAGTCTCTCCTGTTGGTAGTTTCTATGGTTAAGATGTCCAAGAGTAGTATAACACGGAATGAGAATCATTATCACTAATTGTTTTTCAAATGAGAAGAGAAAGTTCAGTTTACAGGAAAATTTAGTTTCGCGACACAGCAGTTCAGCAGCTGATCATCCTGTCCACAAAAAAGCTTGCAGAAAAATAACTTGCAAGCTGATCCTGTTAAAGCTTCACAATCACTCTTCCTTGAATGCGATTTTGCAAAATATCTTTTAACGCACCCGGCGTTTCTTCCAATGATACTTCCCTGTCCACGATGGTCAGCAGCTGATCAGGCTTGAGATCAGAAGACATGCGCTCCCAAACAGCGGCTCTGACGTCCATCGGACAGTATACTGAATCGATTCCGAGCAGGCTTACTCCGCGAAGAATAAAAGGATACACCGTTGCCGGAACTTCTCCTCCGCCGGTTAAGCCGCTCACTGCGACAGATCCGCCGTATTGAATTTTGCTTAAAAGCGAGGCAAGCTGTTTTCCGCCGACTGGATCAACCGCTCCCTGCCATTGCTGCTTGGACAGCGCCTTAAGCGTTCCGTCATAGACATCTTCCCTGCTGATTACTTCGCTTGCACCGAGCTGTTTCAAATAATCAGCCGCCTCCCGGTTTCCGGTGCTTGCCACCACATCATAGCCCCGCTTGTTCAGCATCGATACCGCAATTCCGCCGACACCGCCGGTTGCTCCTGTGACTAGCACGCTGCCTTTTTCCGGAGACAGACCATTCTGTTCAAGCCGATGCACTGATAACGCCGCAGTAAATCCCGCCGTTCCGTACACCATCGCTTCTTTTAACGAAAGATTCTGTGGCAAAGGCACCAGCCAGTCACCAGGCACCGAAGCGTATTCACTTAATCCGCCATCACGGGAGACACCGAGCTCATAGCTTGTCGCGATCACCTCATCCCCCTCCGCAAAACGCGGATCATTGGAAGAGACGACCGTACCCGCAGCATCAATGCCTAAAATAAGTGGATACTCTCTGACGATATTGCCTCCTGCTTTTCCGGCCAGACCATCTTTGTAATTGATGCCGGAATAAGCAACTTTAATCAGGACACCATCCTTAGGCAAATCCTCTGTTGATATGGTTTTCACATGGACTGAAACATCATCGGCATTTTTTTCTGCCTGCAATGCTTGAAATAACGTTGACATTCGGCACACTCCTTTTCATTTATATCGTAACCGAAGAACGTTCAAAAAACCAAATCATCAAGCTGCCATTTTCACTTCGCCGGCACATTGAGAGAATAATGGACAAATCCGGTATCCTCTTCATAGCCGTTTTGCTCATACAAGCTTCTTGCCTTCCTGTTGTGGTGCTCAGTCTGAAGCGTTAAACATTTTGCCCCGTTTTCCCCTGCATAATCCTTTGCGGCAGAAAGTAGCCGGCCGCCCGCTCCCTTTGTACGAGCATAAGGAGCGACAAATAAGTCATTTAATATGTAGATCCTTTTCATTGACACAGAAGAAAACGTTGGATAGAGCTGGGTAAAACCTATGAATTCTCCATTTTCTTCTGCTGTCAAAATAACAGACTCATGATTTTCCAAACGAGCTTTCAAAAAAGCCTCCGCCCCTTGCAAATCGGATGCCTGTCTATAAAATTCCCGATATTGGTTAAACAGCGGCGCGAGGGCTGCTGCATCTGATGTCTTTGCTTGGCGAATGTTCATCTCATTTCTTCCTCCCTCTCAATAAATTTTTTCATTCTATCCCTAATCGAATTTTCTGTAAAGTTTATTTTCCAGAATACTTTTATCATCATGCATTGAAAAAAGATCACGATAATATCAATTGTTCTCACGGAAGCATATGCAGGTCATTCGAACGAATTTTTTCGACAGGAATTTGCCGGGACTCAGGAGCATTTAACCTAAAAAAGCATGACATTTCAGCATAATGAACATTTACTCATGTCTATTTTCGTTCTTTTCTGTATGAAAATAGTTATTTCGAGTCTCTACGGAAATAGCGAGAGATGATATACCTAAATAGAGATAAAATCATCTCAAAAAAATGGGTCTACTAAAATATTATTCCATCTATTACAATAAATGCACAGAATAGTCTTTTAAGTAAGTCTACTCTGAATTTTTTAAAAGGAGAGGGTAAAGAGTGAGAAGCAAAAAATTGTGGATCAGCTTGTTGTTTGCGTTAACGTTAATCTTTACGATGGCGTTCAGCAACATGTCTGCGCAGGCTGCCGGAAAAAGCAGTACAGAAAAGAAATACATTGTCGGATTTAAGCAGACAATGAGTGCCATGAGTTCCGCCAAGAAAAAGGATGTTATTTCTGAAAAAGGCGGAAAGGTTCAAAAGCAATTTAAGTATGTTAACGCGGCCGCAGCAACATTGGATGAAAAAGCTGTAAAAGAATTGAAAAAAGATCCGAGCGTTGCATATGTGGAAGAAGATCATATTGCACATGAATATGCGCAATCTGTTCCTTATGGCATTTCTCAAATTAAAGCGCCGGCTCTTCACTCTCAAGGCTACACAGGCTCTAACGTAAAAGTAGCTGTTATCGACAGCGGAATTGACTCTTCTCATCCTGACTTAAACGTCAGAGGCGGAGCAAGCTTCGTTCCTTCTGAAACAAACCCATACCAGGACGGCAGTTCTCACGGTACGCATGTCGCCGGTACGATTGCCGCTCTTAATAACTCAATCGGTGTTCTGGGCGTAGCGCCAAGCGCATCATTATATGCAGTAAAAGTGCTTGATTCAACAGGAAGCGGCCAATATAGCTGGATTATTAACGGCATTGAGTGGGCCATTTCCAACAATATGGATGTTATCAACATGAGC
NZ_CP117986.1_gap49	1659365	1661381	2016	TAACAGCCAGGCGTATAACCACCATTTTTTTTCATGCCTTTTGATCAGCCAATAAAAAACGAGAACGCAAAGCGTAAAGATTGGAAAGCTGATCCAAAAGCTGATAACCTGATCCTTAGCCCAGCTGGCCGTTGTCTGTGTGGAAATGTTATAGTCAAGCGATACTTGATAGCCTATCCAATCTAAAGGCAGCGTCACCAATGTTGTAATCAGCGAAAGCACAAACACAAAACCAACGGTCTGCAAAAACCGAAAAGGCACGGCCGCTTCGATCCATTTCTTGATTTTCTTTGAAACACCGCTGACAAGCAGAACAAAAAACAGAAACCAATCAAGTGGTACCCCGATAAAAAATAAAAAATTCTTGACATTCGAATACTGCTCGGCCACTGCCAACTCAGACGGCTTCATGAAAGAAGCCGGATCAGCCTGCGTCCCTTTCACGGCTTCCGGTATTGCGGAATCACCCGACAGGAAAAAATACCAATAAAAAAACAGCCCGTACAGCACGTAAGCAAGTCCTGCTGCCGCAATCCACTTGCGCATAACGCCTCACTCCTCACATCAACCCGTTACTTCTATTGTAATCATAAATTCAAATTCTTAGAACCAAGCTGTGTTCCGCACTTTTCCACCCTTTTAAGCATGGAAAGCCCGATCGCTGGGAAAACTAACAATGTTTGGAGTGATGCAAATGAAAAAAATAGTGGCAGCCATCGTGGTAATCGGTCTTGTGTTTATCGCATTTTTTTATCTTTACAGCCGATCAGGCGATGTGTATCAATCGGTAGACGCGGATTTGATCACACTGTCTTCAAGCGGCCAGGAAGATATCGAGATTGAAAAAAGACAGCACGTCAAAGATATGCTGGATATTATGAATCAGGGAAAACAGGTGAAGACAGAAAAAACATCAGCCCCTGATTACGAAGGGACAATCAAGTTTCATAAAGACCGGTATGACTCATTCAGACTATGGATTGACGGCAGCCAGCAAGCCGTTTTTTCGAAGGATGGCACATACTACAAATTGAGCAAAAATGATACAAAGGCGCTGCTAAATATTATTAAAAAAGAAGCAAAGGATTGAAAATGAAAAAGCGAAGCTAACCGCTTCGCTTTTTCATTTTATTGGGGCAAAATATCTCTCAGTGCCCGTCTGAGCATTTTCCCCGTCGCATTTTTCGGAATATCGTCAAGAAACGTAATGGCGGCAGGCCGCTTGTATTTTGCCAGATGCTTTTCACAGTGCTGCATGATGTCCTCCTCTGTTACCCCAGAGCGTTTCGGCACCACATATCCCTTTACCGCTTCCCCGCTTTGGGGGTCCGGCACGCCGATGACAACCGCCTCCTTGACGTCCGGATGGCTGTACAGCACCTCCTCCACCTCCCGCGGATACACATTGTATCCTCCTACAATGATCATGTCTTTTTTCCGGTCAACAATGTAAAAATAGCCGTCCTCATCCCGTCTTGCCAAGTCCCCCGTATAAAGCCACCCGTCTTTTAATGCATGCTCTGTTTCCATCGGCATTTTATAATAGCCCTTCATCACATTGGGGCCTTTCACGATCAATTCGCCGACCTGGTGAGCGGGCAGCTCGCGTCCGAGCGGATCTACGACCTTGTTTTCGACATGTAAGATACTTGTCCCGATGGAGCCCGGCTTCCTGCCCCTGTCAAACGGGTTAAAGCACGTGACGGGTGATGCTTCCGAGAGCCCGTAGCCTTCCAAAATGGTAACACCGAATTTTTCTTCAAACGCCGTCAGCAACGCGACTGGCATGGCCGCGCCTCCCGAAATGCACAGCCGGATCGAAGAAAAATCATCTTTCTTTCCGTTTTCATGCTGAAACAAGTAGTTATACATTGTAGGCACACCGGCAAAAATGGTCGCCTGCTGCTGCCTAACAAGCTTAAAAACAGATGCCGGACTGAATTGAGGCTCAATCAAGACAGTTGCGCCGCTCATCAGCGGTGCATTCATACAGACGGTTAAACAAAACACGTGAAA
NZ_CP117986.1_gap50	1662849	1664486	1637	ATGTGTTTTGCCTTAATAAATCAGATCAAGGAAATCCTCTTTCGTAATGTTCCCAAAGTAATGCTTGAGATTCACACCTTCGAGCACATCAGCGATGACGCTGCGTTCGTATTGTTTTCCGACCAGCAGGTTTTCAATTTCAGATACATCACCGACACCGAAGAAATCTCCGAAGATTTTGCAGTCCTCGATTTTGCCTTTCTTGACCTCTAGGCGCAAATCGATCGATCCAACCGGATAACGTTTCGAATGATTAAGGTTAAATTTCGGTGAGCGGCCGTAGTTCCAATCCCAATTCTGATAGCGCTCTTTCGAAATTTGATGAATGGTCTCCCAATCTTTTTCCGTCAGCTTATACTCCGGCACGTTTCCAATGTCGTTCGTGTTAAAAATATGGCGAAGCAAATGGCTGCGGAATTCTTCGGTGGTCATTTTATCATCGAGAAACTCACTGATGTTTGCCACTCGGCTTCTGATCGATTTGATGCCTTTTGATTCAATTTTATCCTTTTTCACCTTTAATGCTGATACAACATGATCAATGGCTGAATCAAACATGAGGGTGCCGTGGCTGAAAATACGGCCTTTCGTTGCAAACTGAGCGTTTCCGGATATTTTCCGGCCATCCACTACAATGTCGTTCCGGCCGCTTAATTCGGCTTCAACTCCAAGCTGATGTAACGCCTGAATCACCGGCTCAGTGAATTTTTTAAAGTTATGAAAGCTGTCCCCGTCATCCTTGGTAATAAAGCTGAAGTTCAAGTTCCCCAGATCATGGTACACAGCTCCCCCGCCTGATAAACGGCGGACGACGATAATCCCGTTTTCCTCAACATATTTTGTATTGATTTCTTCTATTGTATTTTGGTTTTTTCCAATGATAATAGACGGTTGATTCACATAAAAGAGCAAATATTGCTGTTCAGGGTCTAAATGCTTTACACAGTACTCCTCGATAGCAAGATTGATCCGCGGATCATTGATATTTTGATTGTCTATAAATAACATGGTGCTCCTCCTTTATCCTTCCCACACAAAACCTGATTTCGCAATATACACTTCTCCGTTAAAAACGGTTTTCGCTTCTTTGCGAAGATTGTCATGCACGCCAAAATGCGGCAAATGTGTCAGCAGCAGTTCTCCCGCTCCCGCTTCTTTTGCAATGCGCCCGGCTTCCAGGCTGTTCATATGGCCTGCACTTGTTCCGTCTTGATCGGCATAAAAATTGCATTCTGAGATCAATAAATCAGCATCTTTCGAAAACGGTATAAATGAATCCTGATAGCTGGAATCAGCAGTATAAACAACAGTGTGACTGCCGTCAGTAATCCGCATGGCATAGCACGTCACCGGGTGAATCGTTTTTAAAAAGGTAATCGTAAACGGACCGGCAGTCAGCGGCTGATCCGGCTGATAGGCGATCCCTTTCGTATGTGTTTTATATGTAAGCTTTTGAAACTGTTCTATATCAGCATCATGTCCGTAAATCGGAAGCGTATGCTCTCCTTTGCCGAGAAACGAACCGACTTGCTTGGCAAATTGCAGCGGCCCGATATCAGCGATATGGTCATGGTGATAATGAGACAGAACGACCGCATCCAGCTTTTCCGCCGGCACATATCCGAACAGCTTAGACA
NZ_CP117986.1_gap51	1667090	1671934	4844	ATCAAGCTTATAGTCAATATGATGCTTCTCGGCTAATTGAACTAAATGCTTTCTGAGCTGATAATGATACGGCCCGCTCGCATCCTTCACACAGATTGATACAGAATATTCATCTGTCGCCTGCCCGTCACCGATAGCCCCCATATCAACCGCCAAATATTCAACTGTTTCAGGAGGAATATTCGAATTCCCGCCGTAACCGATTTCTTCATTATTGGAAATAAGAAAATGGGTTGTATACGGCAGCTCAATGTCTTCTGTTTGAATTTCATGAATTAAGCGGAGCAATAAGGCGACGCTTGCTTTGTCATCCAAATGGCGCGATTTAATAAATCCGCTTGATGTGATCTCGACACGGGGATCAAACGACACAAAATCTCCGACGCCAATGCCAAGCTCCTCCGTATCTTTCCGGCAGTGAACAGGTTCATCTAGGCGGATCTCCATATTCTCTTGATTCCGCTCAGCCTTTCCCGCGTCTTTGTATACGTGCACAGACGTTTGATGCATTAAGATTGTGCCTGTGTACGTTTTTCCTGAGGCGGTTTCAATTTGGCAATACTCCCCCTCAATCGAGTTGTAGCGGAACCCGCCGATTAAATCGATTTTCAGCCGGCCGTCCGCTTTAATTTCCTTTACCATAGCGCCGAGGGTGTCAACGTGCGCAGTCAGCATGCGATGCCGGGATGTGTCGCGTCCTGGAAGCGTTGCAATTAAGCCGCCCTTGTGGTTCCGAACCGTTTCTACCTTCCATTCTTTTAAAAGGCTTTCAATATAATTGATCACCTCATATGTATTTCCGGTCGGGCTTGGGATCGATACCAGTTCTTTAATGAGCTCCATCGTTTTACGTACAGACGTCATAGGGCATTCCTCCTTTTATTTTCTACTTAAAATATACTCTTTTCCCGAGGGACCCGTCCAATCTTTTCCTATCAATCTCTCATATGCTGTAGAGAGCATGGGAAGAGGAGGGATTTCTATGTGCTGTCGTCATTCACATGAACAGAAATGTCGTTGTCACGATTGGTTCGATGATTTTTGGTTCTTTGACGAGTGGTTCGATAAAGATTTCCACGACCATTGCAAGAAAAAGAAAGAATGCCATGACCCTTGCGAGAAGAAGAAAAAGAAACACCATTGTTTCTCTTGTAAAAAACACAGACATTCTTGCTGTCATTGCTAAAGACTGAATCAGAAATATTCTGATAACCCATGCTTAATGAATATTTCCATTCACATTTTTCCAAGCGGGCATTGCTGCTGCTTGGACCTTTTATTGAAACACCCTTTTTGCTTTTACAATCCAATAAACTGATAAAGCCGCTATAAGAGCAACAATGATTTCAACAGCAGCAGCATGCTCTATGATTCCTCTTTGATATAAAACCGCCGGTACATTAAACAGTGCATGTAAAAGAATAGAATACAACAAAAACAGCGGCCGGCGGCTTTTAACCGCGTACAAAACAAGCAGAGACAGACCAATTTGGACGGCAATGGCACTGATTCTTTCTATTCCGCCCAGCATCCATTCATACGAAGGAGTATGCAGCAGCTGCTCTTGTATCGGCAAAAGCGCCTGTTTGATGTCGCCATTGACCAAAAGCTGTTCAAACGTCCCGCTATTGATTGCAAATGCGTATACAATAAGTGAGATAGAGGACAAGCCTGTAATCAGGATGGCTTCAAGCCCGCCATGGCCTGCCCCGAAAGCCAGACCATCTGCCCAAGTATGATGGCGCTTCATAAAAAATCGCATCATCATATACCTTCCGCACTCCTCAAAAATTCCCGCCATCAAGCAGCCGTAAATGCCATACCATAATGGATGTTGCATCGCTTCTTTCGTCATTTCATTCACTTGCAGTACATAAACATGAACGCCGCCTTCCAGCAGCTGAGCGAAGACAAAAAACGTGAGAGCGCCAATAAAAAACACTTTAAGCGAGGCGCCATACTTTCGCTTAAACCATACAATCAGCCCGATTGGCAACAGAAACGCAATAGCCCCGGATAATGCCAAAAAGACTACTGCTTCTTGACTGACCATTTTTCAGCCTCCTTTTTCTTTTTCATAGATTCCCTATTCTACACTTCTCTTTTTTTGTAAAAAAACCTTCTTTTTAGTACTAGATACTAATATCTAGTGTTATAATCTGACCATAAGGAGTGATTCATATGTCAAAAGCAAAAATTACAGCTATCGGCACCTATGCGCCGAGCAGACGTTTAACCAATGCAGATTTAGAAAAGATCGTTGATACCTCTGATGAATGGATCGTTCAGCGCACAGGAATGAGAGAACGCCGGATTGCGGATGAACATCAATTTACCTCTGATTTATGCATAGAAGCGGTGAAGAATCTCAAGAGCCGTTATAAAGGAACACTTGATGATGTCGATATGATCCTCGTTGCCACAACCACATCCGATTACGCCTTTCCGAGTACGGCATGCCGCGTACAGGAATATTTCGGCTGGGAAAGCACCGGCGCGCTGGATATTAATGCGACATGCGCCGGGCTGACTTACGGCCTCCATTTGGCAAATGGATTGATCACATCAGGCCTTCATCAAAAAATTCTCGTCATCGCCGGAGAGACGTTATCAAAGGTAACGGATTATACCGATCGAACGACATGCGTACTGTTCGGCGATGCCGCGGGTGCGCTGTTAGTAGAACGAGATGAAGAGACGCCGGGATTTCTTGCGTCTGTACAAGGAACAAGCGGGAACGGCGGCGATATTTTGTATCGTGCCGGACTGCGAAATGAAATAAACGGTGTGCAGCTTGTCGGTTCCGGAAAAATGGTGCAAAACGGACGCGAGGTATATAAATGGGCCGCAAGAACCGTCCCTGGCGAATTTGAACGGCTTTTACATAAAGCAGGACTCAGCTCTGATGATCTCGATTGGTTTGTTCCTCACAGCGCCAACTTGCGCATGATCGAGTCAATTTGTGAAAAAACACCGTTCCCGATTGAAAAAACGCTCACTAGTGTTGAACACTATGGAAACACGTCTTCGGTTTCAATTGTTTTGGCGCTCGATCTCGCAGTGAAAGCCGGGAAGCTGAAAAAAGATCAAATCGTTTTGCTTTTCGGGTTTGGCGGCGGATTAACCTATACAGGATTGCTTATTAAATGGGGAATGTAACAAAAAAAGAACTTGTTTCCAAGGAAACAAGTTCTTTTTCTTTATGAAGCCCGCTGTTCTTCTGATGTTTCTTCCTTCCGGCTTAACATTGTAAAGTAAGTAATGCTTAGTGCAATCATGACGAGGGCGATGCCGATTAAGACGCCGGCCATCTGCCACATGTAGCCAAAGTCACCGTTTGAAATGACCGCTCTGAATCCGTTAATGCTGTAGGTCATCGGCAATGCGCCATGGATGACCTGATAGAAATTCGGGAGCAATTCAAGCGGGAAGGTTCCTCCGCTTGCTCCCAGCTGCAGCACTAAAATAATGACTGCGATAAATCGTCCCGGGTTGCCCATTGTCGTGGCCAAAAATTGAATCATTGCCAGGAAAGCGAGACTCGTAATAATCGTAAACACGTAAAATCTCCACGTGCTCTCAACCTCGAGACCAATTCCCAGAAGAAGAACCGTCGCCACAATCAATGATTGAATGATTCCTACAAGCATCATGACATTGAATTTGCTGAAGAACCACTCAAAACCATTTCTCGGACGTCCTGACGCTTCCTTCAGCGGGAAGACAACCGTCAGCATGATGCCGCCGACATATAAGCCCATTGACAGGATATAAGGTGTCAGCCCTGTACCGTAGTTAGGAACGGAATGAATGGCATCATCTTTGGTTTTTACCGGATCCGCAAACATGCCATATGTTTGATCATCAGCATCGATATCTCCTGTTTGGTCAGCCGCATCCTTCAGCTTACTAGACAGCTCTCCTGTGCCGTCCAACAGCTTGCCTAAACCTGTATCAAGTGATGCAGATCCGTCTGCCAGTTTTGATGATCCGCTTTGGACCTGTTTAGACCCGTCTAACAGCTTAAACAATCCGCCGGATACTTGGCTGCTTCCTGTCACCAATTGCTCTGAGCCCGCTTTTGCCTTTGCGAACTGCTTATTATATTCACCGATGCCGGCTGTCAGTTTAGTTTGGCCATCTGTCACCTGCTGTGACGCATTGTATAATTTCTCAGATCCAGCAGTTAATTTGTCAATCGCGTCTTGAGTGGCTTTTGCGCCGTTATAAAGTTTAGAGGTAGCTTCCGGCAATGCCTTCACCTGGGCAACCTGCGCTTTCACATCTTCCAATGAGCTTTTTATCGTTGCGATGTCAGGCAGCTGATCAGCTGAAGGAAGCCCACTTAAAATTTCATCAAAATCAGGCGCATCAACTTTCGGAAGCTGCTTTTCAACAGAGCTGATCAACTGGCTTTTTTGCTCTGCTGTTAAGAAATCACTCGAGTTGATGAGATTTTTGAATGCCTGATCACGGTTTTTTAAGCTGTTTTCAAAGTCAGACAGCTGTTTTTTAAATTCCTTCATCGCTGTTTCTGACTTTTCGAGGTTATTCACAGCTGTTTCAAGCTTCGTTAAATCGAGCGCATTTATAAGTTTTTCCGCTTTTGCTGCTTTCTCAGAACCTTCTTGCGCTTTACTGTTGAGCTGATCCAGCCCGTTTGTCAGATTAGGCAAGCCCTGCTGCACCTTTTGAAGGCCGGCATTCAGTTCATTCAGCTTGCCCGTTATCTTGCCTGATCCTGCTGCAAGCTGACTAGATTTATCATAAATCTGGTTGCTGCTGTCCTGGAATTTACCGAGCGAGCTATCAAGTGATTGGATGCCGCTCGTCACCTGAGCCGC
NZ_CP117986.1_gap52	1704300	1705213	913	AAGACTGTGCCTAAACTCCTTCACACCTTCCCCAGGCAAACCAATAATCAAGTCCATGTTAATATTATTCATGCCGTGCTGGCGTGACAGATGATATTTCTCAATGGTCTCTTCAACCGTATGGTGCCGCCCGATCGCCTTTAGCGTTTCGTTTTCGTAGGATTGCGGATTGATGCTGATCCGATCAATGTCATATTTGTTTAAAACGGCGAGTTTTTCTTCTGTAATCGTGTCAGGACGACCGGCCTCCACCGTAATCTCACGAATGTTTTTCACATCCGGGAAGGAGCGGACCATTTCTTCATACAGCAGATCCATCTCCTCCGCTGTAATGCTTGTCGGCGTCCCGCCGCCAAAGTAAATGGTTGTAACCTTAACATCATGCTCCTTCAGCCATTCACCAATCTTCTGCATTTCGTAATGCAGTCCCCATAGGAATGAGCCGACTCTGCCCGCCTGTCCTTGGATAGCGTACGCAGGGAATGTGCAATACGCGCATTTTGTCGGGCAGAACGGAATGCCGATATAAATGCTGACTTCATCCTTTACTCGGTACAAATCCGGAACTGCCGCCAGCTGACGGTCAACAATTTCCTGCATTAGCATGATTTTTTCATCATGAATTAAATAGTCTTTTTTCAACTCAGCATGCGCTTGCTCCTTGGACATTCCGCTTTGCAGTTTTTTATGAAGCAGCTTTGTGGGCCGGATTCCTGTGAGGATTCCCCACTTCTGCGTAATGCCCGTATGCGCCTGAAGAAGATTGAGATACACATAAGAAATTGTGTTTTTCACTTGCTTAAAAGCTTCTTTTTCATTCATGCCGGGAGAAAAGAATTTTGTATGCTGTTCCTTTATGCCAGTTCCCTTCACTTCTCCCGAAACCGTCACATGCTCATCCGTTTGTGACAAC
NZ_CP117986.1_gap53	1711875	1716410	4535	CTTTCTAACGGCGGCACTGTAAAGACACTTGCGGAAGTGTACGATGATCCCGCTGAAAGAGTTGAGGTCATTAAAAAGCTTTCTGCAGCGGCACTGACGGCAAGCCATGTCCTTCATGATCATATCGAGGGGTTTATCGGGGAGATCGGTTTCGATTTTGGCATTGATCAGAACGGTAAAGTATGGATGTTTGAAGCGAATTCGCGCCCGGGCCGAAGCATTTTTTCTCATCCAAATTTGCATCATGTTGATTCTCTTACAAAACGAAGAAGCTTTGAATACGCGTCATATTTATCTGAGAAGGCAATCATATCTCCTGAAGCATTGTGGCCTTCGTAACCTGTCCGCTTTTTTAATAAAGCGGGCTTATCTTTATCCAAGGCTGGGACAAACTGCATATTAAGGCCTCTTCAATGATGTTCTGGAACAATGATACAATGAACATAAGCCGTTTATATTCAGGTCAATTGATACCAAATGTAAGGAGCGTGGCCGTAATGATTTCTCATTTCAGCTGGAAACCTTTGTTCCCAAAAGAAAAGCTGCCCGGATGGAAAATTTCATTTTATTATAAAGGGACCCATTATGAAGGCATCTATCATAAGAGCGGTGAGATTGAATGGGGAGACTTGTTTCCCGCCCGCGCTGACGAGCCTGCTCTTACAAACGAGATACATGAACTGATGCTTTTTCATATTTATGACTAGCTTAGCCTAAACGGCTAAGCTCAGCTTGTAGAGAAAACGACGTTTTTTCTACAAGCTTTTTTGTTTTATACAGTTTCTTTAGATATTCATCAGGTTTCAGATGCAGAAAAAGCGCTCCCACATGCCTAGCCCTGCTTGGCTAGGTATGTGGCAATCTTCTTCATGTTCTGGCATGCGGCTGTGAGGAGAACTTGTTCACTCACATTTCGTTTTCCCCTCAACCTGCAATAGCGAAGCCCATGCAGCTGTTTTGAATCTGCAAAGCTTCGCTCTATTTTTTCTTTTCTTTTTTTGTAGAGGTTTTTTCCTGAAACAGACAAGCGATTTTGTCTGACCTTTTCTTTATGATCTTCCCATACATGTCGAGTAATCACTTTCTGCCGATTCTTTGATTTTGTACAGTTTTCAAGCAGTGGGCATGAGGAACATATTTCAGGATTTGATTTATATGACCGGTAGCCTTTTCGGTCAGTTGTTGAGTATGTAAGTGTTTGGTGATTTGGACAAATGTATCTGTCTTGTTCACTGTCATAATGAAATTTCCATTTTGGAAACAAGCCTCGGATAGGGTGATAACGTCTATGTGCGATGACACCAAAGATTTGGCGGTCAGATAATCCTTTACAGATCGGAGTCGTTAAATATCCGGAATCAAGGGCGACGGCTTCTACTTGAAAACCAAATCGTGCGATTTGGTGGTCTAATCGGTCAAGATAAGGCACAGAATCATGGACATTTCCAGGTGTGACGTAGGCATCGGTGATAATGTTGTATTTCATATCTGTTGTGCGGTGATCTAAATAGAAAAAACCTTCTGGTTTGTTTTCACGATACAGATAGCCACTTTCCGGATCGGTTGTACTGTGGCGGATCTCTTTTTCAGCTTTCACCTCCTCTTTGGCTGTTAATGGTTTTTTTCCGTGTTCCTCCCGATCCTCTTGAATGGCTTCATTTAAATCCTTGATATAGTTTTGGGTATCCTGCGCAATTGTTTTTCTTGTGTATTTATGCTTGTTGGCATTGGCTTTAAGGTGTGTGGAGTCGGTGAATAGGACTCGTCCGCCCACCATGTCATGATTGATGGCCTGAAGAACGATCTCATCAAAAATGTCTTGGAAGATGGTTGTATCTTTAAAGCGTGTGCGTCTGTTCCAGCTGATGGTGGAGTGGTGTGGAACCGGGTCGTTTATGTTCAATCCGAGAAACCATCTGTACGCCATATTGTAGTAAATTTCTTTTTCAAGCTGTCTTTCTGAACGGATACCATAGAGGTATCCGATAAACATCATTTTAAATAAAATAAGCGGATCAAGTGAGGGGCGGCCTTTGTTTTCACTGTAGTAAGGTTTCACCTTTTCAATGATGAAAGAGAAGTCTATGTGTTTATCAATTTTCCGAAGCAGGTGATCCTCTTCAACGAGTTGGTCAAGCAGAACAAATTCGGCTGTGTTTTGAGAAGAGTTTCTTGTGTGGAACATGAGAAAGACACCGTCCTTTTAAGTCTTTCTTTTATTTTATTACAGAAGAATGGATATTTTAAAGAAAAATAAAGGCTGTCGAGATTTTCTCGACAGCCTGAGCTTAGCCTAAACGGCTAAGCTTTTTTTGCTTTCTCAAGATTTACCACACAATTCTCCGCATGAGTTTCCGGCCATTTTAACATAATACGTAGTAACAAGCCGGCAAAGCATTGGGTTACGCCGAGGCGGCAGTGACACCCGAGAAGGGTTCACAGATTGGTGCAACTCCAGTTAACCCAACCATACTAAATAAAAAGGAGATTTTACACATGGCTAACCAAAACTCTTCAAATGACTTGCTAGTTCCTGGCGCAGCTCAGGCTATCGATCAAATGAAACTTGAAATCGCTTCTGAATTCGGCGTTAACCTTGGAGCGGACACAACTTCTCGCGCTAACGGTTCTGTCGGAGGAGAAATCACAAAACGTTTAGTATCTTTCGCTCAGCAGCAAATGGGCGGCAGAGTTCAATAACAATTCAATATATGGCTATAGAGGGCGCGGTTTCCGCGCTCTCTTTATTTTGTCACCCTTTTTTCCTACTCCACATATCCTAGAAAAAAAGGGAGGGAATCGGGGTGTCATTCATCACCATTGTGAATTGGGAGCTGGTTCAGTTCGTAAGTGTATCCATGATTCATGAATATGTTTCCCATCGTTCTGTTTATTTGTACAGGTATTCTTTCCCGCGCTGTTCAAACTGAGAACATCCTTTTATAATGAAAGGCGAGGAGGTTTTTTGATGAAAATCGCTTTATTAGGAGCCAGCGGCCGCGTCGGACAAGCCTTTTTAACACAAGCTGCAGCAGATGAAAGATTTGATATTTTCGCTCTGATCAGATCTCAACATGCTGATTTTCCCCTTTCAAAAGACAGAACCATCATGGGGAACGCCCGCCGCTTAGAAGATGTGAAAAAAATAATGGAGAATGCTGAAATCGTGATCAGCTGTCTAGGCACAGATGGTGATGATACCTTGTCAACTGCTATGGCACACATTCTCTCCGCTATGGAGGAACAGCATATCAAACGGCTTATTACGATCGGCACCGCAGGGATCCTAGATTCCCGATATGAACCGGGGAAATACCGGTTTGAAACAAATGAATCGAAACGAAAGCAGACCCGCGCAGCCAAGGAGCATGCAAAAGTATACGAAATGCTTAAAGAATCATCATTAGACTGGACAATCATCTGCCCCACTTACCTCCCGGACGGAACAGCAACCGGCGTTTATCGTACGGAGCGTAACGTTTTGCCTGAGGGCGGCACAAGCATTTCGGTCGGCGATACTGCGGACTTTTTATATCGTGAGCTCGTTACAGGTGAGTATGTCGGATACCGTGTCGGACTGGCTTATTGACTACATAAACCAAAAACCCAAAACCCGATTGTTTTGGGTTTTTTGAGCGTTATGCAATGGAATGTTTCTGTCCCTTTTGCAGTTCATACATTTGATAATATCGGCCTTCTAATGCCATCAATTCCTCGTGGTTCCCTCTCTCAACAATTTCTCCTTTATCAAGAACCAAAATCTGATCAGCATTTCTGATTGTTGAAAGCCGGTGAGCGATGACGAAGGTGGTGCGTCCTTGTTTGACGACATCAAGCGCCTTCTGGATCACGGCCTCTGTCTCTGTATCAATATGCGCCGTTGCCTCATCTAAAATCAAGATCGCGGGATCAAACGCCAAAGCTCTAGCGAAAGAAATTAACTGCCGCTCTCCAGAGGATAGCGTGCTGCCTTTTTCAATCACGGGCTCATTAATGCCCTTCGGAAGCTTCTTAAGAAGAGGCTCAGCACCGACTTGCCGCAGTGCATTTTTTATTTCTTCTTCAGTCATTCTTTCGTCATCCAGACTTACGTTAGATCCGATTGTACCCGAGAATAAGTACGGGTCCTGAAGCACAATGCCCATATGGGATCTGAGTTCCTGTCTTGACATGTTGTAAATGCTTTTTCCATCAATTAAGACATCACCTTTTTGCGCATCATAAAAACGAAACAGCAGATTCAAAATCGAGCTTTTTCCTGATCCGGTATGGCCGACGAGCGCTACGGTTTCGCCTTTTTGCGCAGTAAAGGAAATACGCTTTAATACCTCTTCACCTTCTTGATACGCAAATGACACATCACGAAATTCAACCCGCCCCAGCGCGCGCTCCTTCGCCGGTTCACCCGGTTCTTCCGTATTCTTTTCTTCAAGCAGTTCAAAAACACGCCCGGCGGAGACCCTTGCAAGCTCCAGCTTTGAAAACTGATTGACGATGCCTGTGATCGGCTGAAATAACCGGTTCAAATAATCGAC
NZ_CP117986.1_gap54	1735160	1736369	1209	GATTGGGATCTCAGCATCAGTCCTGAAAAACAAAAAGCGATTTTAGCCTACGGCAAACGCAAGTCTTATTTGCGAATTTCTGTGCTTGCCGTCATTTCGACATTGATGATTTTGCCGCTTTGTACGCTGGGAAGCTACCTCTATTACGGAATGGGTGGGAAACACAGCACCGGCAATGAGTTTATGGAAACTGCCGCAGTCACTGTAGCCCTGACCATGCCGAATGTTCTTGTTGATACTTCCGGACTGAAAAGCCAAGTGAAGCTATTTGGAATGAATACGGAATTCCCGCTGCAAAAGCAGATTGGCACGAAGACGGCTGCCGTAGGGAATGAACGGGTTGAAATGTTTTATAACAAAGTAAAAGCGCCGGCAGTAAACTACTATGACTTAGAAGTGAATATAACCGGCCATTACTTTACACATCCTTCAAACAAGTCTGAACAAACGACCGCAAAAGCAGAAAAAACGTTAAGCACATTGCCTGAAGGAACGGTATCAGAGGTCTACCTTTCATATGACCGTGCATATCCGACAAAAGACGTGTATAACAAATTCAAAGGCTATGATGTGAGCTTTTTGTGGAACGCAATCGAAACAGAGAAAAACACAAATAAGACAGCTTCCACAGAACCTCTTGGCTATCCTGGAAAGGATTCAAAGTTCTTGGCCGCCCTTAATACAAAAGGCAAGTCGAATGGCGATCAGTTTATCAACGCCCTAAAATTCATGTCCAAACACGAAAAATGGGCTCAGGTCATTTCAAAACGGAAAGACCTGAATGTAGATAACCGATTAGATTATGTAGAGAAAAACGGTGTCAATGTATACGGTTCGGTCGTTACAGGGCCAACCAAGGAAATCCAGCGCATGCTGAAAAATAAATCTGTAAAATCAGCGAATGTCGGCGAGGTGGAATTATGGAACTGGTAAGAATTTTTAAAGAACACAATGTATTCGGCTGGATCTCTGTCGGGACAGCGGTTCTGTCCCTGCTGTTGCTGAATTTGGCCATTATCAGCAACGTCACGTTTTATTCCTATCAAATGCTTCCGTTCGCCATGGCTGCCGTTCCGTTCGGCGTTGTTGAACTCTTCATCAAGAGAGGGCGCACAGGCCCCGGCCTGCTCGGCGTCATCCTTAATCTCTTTGTGATTATTTGTGTGTATACCATTGTATCTGTAGATACGAATTTACAGTTTGGCTTTT
NZ_CP117986.1_gap55	1796812	1797772	960	CTAAAAACGGGTTTCCAGGCAGCAGTTCAACAATCTGCTGCGGCAGCGTTTTCGCTGTCATATCCTCTGATTTCTGCTGAAGCTCCTGTCCCCGTGAAAGCTCTGTACTTCCTTGGTCAACCTGAATCGCCTGCAGATCAAATGAAAGCGCGGACGCGATACCGACAGCTGCAGCAACTGCTGTTGTTGCTACTAAAATCCCGATAATCAAACCGCTGATTTTCCCAAGATTTTTTGTCAGCTTCAGCTTTGTAAAGGCGCCGAGAATCGAAATAAAGACGAGCGGCATGACAACCATCTGAAGCAATTTGACATATCCGCCCCCGGCAATATTAAACCAGTCGGCTGTTTGAATGACTATATTTGAAGTCGGGCCGTAAATCAGCTGAAGCGCAAATCCGAATACAATCCCCAGCCCCAGCGCAGTAAATACACGTTTAGAGAAGGAAACATGTTTTTTCTGCATAACAAAGAGCCCTAAGATAAGTAAAAATAAAATAAATACATGTAATACAACCAGTAAAGTCTCCAAAGCAGGTAAACTCTCCCTTCAAATTTTCTCATTTACTATATTACACTAATTCCGATGGGTCAAGTGCGAATTATTTTAACTTATCAATTCAAGTAAAAAAACCTTATATAATGCCTTTTTTGTTCTTTTCTTTCCCTTCCATCTTTAGTACCTTATATAAGGGTGATAATATTTGCTGAAAGAACTGTTTGTAAATTTCACCATTTTAATCACATTTAATTATCTCTTCACCCACCTGTTTAAAGAAAGGCTAGTACATAAAAAAGACAGCATATCTTTTCAAGCTGTTAAAGGACTGGCCTGCGGTTTGCTCGGGGTTATTCTGATGGTTTTTGGATTTACCTATCAGCATTCAATTATTGATCTTCGAAATATCCCTATTATGATTGCCGCTCTTTATGGAGGCTGGGTTTCAACGGCAACGGCCC
NZ_CP117986.1_gap56	1840405	1841656	1251	CTGGAAGTGCTCAAAGAAAAAGGCGTGTATGAAAAGCTTGATCACCTTGGCGCTATGCTTGAGGAAGGTATTTTGAAGCACGCAGAAACACACGGCATCACCATTACGGTCAACCGGTTAAAAGGTGCGCTCACGGTATATTTCTCTGATGAGAAAGTGGAAAATTACGAGCAGGCTGAACGGAGTGACGGAGAAACATTCGCTACGTTTTTTAAGCTGATGCTGGAACGCGGAATTAATTTAGCACCTTCTAAGTATGAAGCTTGGTTTATTACCACAGCACATACAGAGCAGGATATTAAAGACACGCTTGCAGCGGTCGAGGATGCATTTAAACATCTAAAAAACTAGAATCAAATACCTTGAACAGGAGCTTTGAGCTCCTGTTTTTTTTATGGAATCAAACAGCGTGTAAGATTTTGGTCTTTTTCTAGAAAAATAGCTTGAATATTTGTATCGATCCCTGTATATTACTTAATTGTTTAGCAAATAAACTAACCGGGAATTTTAAGGATTAGCCCATTTGCTATGTCACACAATTTACTATAGAAAGGAATGCACGCACAAACCAATGAAACTTGGTGCCCGCATTTTCAAAACCGGGATTGCGATTACACTTGCCCTTTATTTGGCTTCGTGGATCGGGCTTCCCGCGCCGATTTTCGCTGGAATTGCAGCGATATTTGCGATCCAGCCGTCGATTTACCGCTCTTTTCTCATTATTATTGACCAGGTTCAAGCAAATATCATCGGAGCTGTGATTGCCACAGTGTTCGGCCTTATTTTCGGACCCAGCCCGATTATGATCGGGTTAACAGCAGTTATTGTCATTACAATCATGCTGAAACTTAAAATTGAACATACAATTTCAATTGCTCTTGTAACAGTTATTGCGATATTAGAATCCGCCGGTGACGACTTTTTAATGTTCGCGCTGATCAGAACAAGCACAGTCATCTTAGGGGTGCTTTCTTCCTTTATCGTCAACCTTGTGTTTTTGCCTCCTAAGTACGAAACAAAGCTGATTCATAATACCGTCGAAAACACCGAAGAAATTATGAAGTGGATCAGATTGTCCATGCGGCAGTCGACAGAGCATTCGATTTTGAAAGAGGATATTGAAAAACTGAAAGAAAAAATGATCAAGCTTGATCAGACATATCTTCTATATAAAGAAGAAAGAAGTTACTTTAAGAAAACGACTTATGTGAAATCAAGAAAGCTTGTCCTGTTCAGACAGGCCATTATTAC
NZ_CP117986.1_gap57	1896449	1899977	3528	CTGCATTGGGAGATGCTTGGCAGGGCAAAGCAAGAGATTCGTTTGACCAGGATTTCGAGGAAACGAAAGCCGCCTACGATCAATTCGAACAGGAGCTGCTTGAAACAAGCCAAGAGCTGAAGGCTGCCGCTGTCAAAATAGAAGAACGAAAAGCTGAAATTGCCAGAATGGAAGAACTGGAGCGTAAAGCAAGAGAGGAAAGACATAAACTCGGGAGGTGAACGGTGTGTCAGGAAACATTGCAGTTGATCCGGATAAGCTCGAACAGCTTGCAAATGATGTAGTCACTGAATTAACTGATATGGAAAACAAATATAAGGACCTGCATGTGGAGCTGGGGCAGATGATTTTGCAATGCGATCCCCGCTACAGCAGCTGTTTTTCTGGAGTGGGCGATGCGTGGAGCTCAGGAAAGGCGCTCGTCACCAAGCTGAGTGACAATGAGATTTTCATCAGAAAAACAGGCGATAAATTTGTGGAACAAGATGATATTTTGCGAAAGCTCTACAATGCCTACGACAAATACGGTACGATGACAAGCTTAACCGCTCTTATGCTGACGCAGGGAAAATATTACGGATTAGGGCTTACGAAATTTGTGAAACAACCAAGCGGCTTGCATACAGCCCAGCACTCAAAACTGCTCTTGGATATTTCCAGGGCCGTTGACAGCTCACGTTATCAAAAAGCAGCAAGAGTGCTTTTGAATCCTAAATATTTGTTGAAAAAGACAAACCGTCCATTTTCAGATTTGGTACATAAAAAGTTTACAAAATACTTCCCTCAGGACACGGTGGATTTTTCAAACAGCGTCAGAAGCTACACAAAAGGATTTCTTAATGAAGCCGGCGTACGCTCCACTTTGAAGGATGTGGGAAAAACGGGCTTGAGATTCGCGAAAGGAAATGCCATTACCGCCACACTGATTACCGGTGCGACCGAAACATTCGGAGCAGGCGTGAAAATTGCTGAAAATTATGCAAAATACCAGGACAAACCCGAAGTTCTCAAGCGTGAAAACGCCAAGGCCGTCGGGAATGCTGTGAATAACACCATTTTTATTGCCGGCGGTGCCACAGCTGGTGCTGTCATCGGCGGTGCAATTGGAAGCTTTGCAGGACCTGTGGGTACTGTCCTTCTTGGGGCAGCAGGTTCATACATTGGCGGAGTCGTCGGAGAACAAATCGCCAAATATACAGCCGGTTTTGCCGAAAAAGCAGCCTTAAAGCTGAAAGAACCGATCCATGCTGTCGTTGATACAGCCAAAAAAGGGCTGGAATCAGCCGGCAAAGTCGTCAAATCAGTGAATGACGGCATAGATGCGGCGAATAAATCGATACATAAAGGGATAGACAGCGCGAAAAAAGGAATGGAAAAAGCAAAGAAAACAGCGGATTCGCTCATACACGGCGCAACCCATTTCCTTAAAGGGAAATTTTCATTTGGATAGGAGAATAAACAATGAAGCAGTTTACAATTAGCATAGAAGAACTCTTATTTTGCTTTTACAGCGAAGGGTTTTTTGAACAGGGGATGGCCTTGAAGCAGGCCTATTTTCCGGAAATAGAAGATGAACAGCTCGGCGCTTTGTTCGAAGCAGCTTGCCGCTCACTCTTAGCTAAGGATGCAGCGGAATATCGGAACCATCAATATCGGTTAAAGGACGAGTACTGTCCGTTTATCCATGTATTAAACGACGCTGACTATACAGTGAAGCTTTCTAAATTTAACGGGCAAGGCGCCGAACAGAATGTGTCCTGCCATGTATCAAAATTCGGCACCTACTCTCACGAACTCCTTTTTGATGAACAAGTCCATCGCATTACAAAAATGGAATCAAGTGAAGGGTTACTTGCTAAGACAGATGAGTTTTTACATATAATAGATACAGAGGATAAAAGAGAATCGATTGTGACATTGACATCAAATGAATTTGAAAAACTCTTGGAGGGCGCTTCAGACAACCCTTCATATCTAAAAGAGTTCCTTGAAAAACATGACCACCAAGAGGACGTTACCCGATTTGCAAATGATCTGGCTATGCGGAAAGGGAAAATGGATACACTTATGCGTCTGGCATATGGCAAAGATAACACTCCTGAAGTGGCTGACATGGCATTTGTCCTGCCGGGGGCCCACCATACTTGGCTTGTCACAGGCATCACCCAGAATGAATTTTCTATCCTCCCTGCTCATAAGGATGTTGTAAATCAAATCATTTCAAAATGATAAGAATTGAATTAACAAAAGGAGAAAAGCATTGAAAAACCAAGAAATCATTGAAGTCAAAAGCAAAATGTTCCTGAGAATATGGGCTTTTGTCGGATCTGCCGGTATGGGATTAGCATGTTTGTGGCTCTTTTATATGGGTATTACGTTTCAAACGAAATATTACCTATTAGCCATTCCTGCTGGCTTTCTGTTCACCTTGTTTTGTTTATATTTATTTATCATCTTCTTTCCGGCTTTCACCCCGCGGGGAAATACCATTTTCCGCATCAAGACAGGAAAAAATGGAGAAGTGTTCACTGACAAAGTGTCTGTTACGTTTACTGATATCAAGAAAATTGAGATGAGCCGCCATAAATTTAGTCTAAAAGGAATTTTCCAAGAAGATATATTGATCCAAACCGTTGATCAGAAGACCATTCGCATTCCCACTTGGAACATCATTCCGAATCCGTTGTTTTTCGAAGCGGTTGAACGCTATATCCTTCCACATCTGAATGAAGAGGCGAAAAGCAATTGGATCGGACAGTTTACAGACATCCAACGCAGTGCGTATTTGAAGGAATTTGAGAATCATCCGAAGCTTTAGGGGCAGCACATGATTGAAGTAAAAAGCATGATGTTTCTAAGAGCTTGGCTGTTCCTCGCTACAGGGGGCGCTTTTATTGCAGGAGTATGGCTGGTGTCTGAAGCTCTTACATTTGAATCTAAGTATGCCCTGCTTTATTTGGGCGGCGGATTAATGGCGATCGTTTATGGATTGATCACATTTTTTATGGCTTTTCCGGCGTTCACAAGCCGGGGAAATGTCATTTTCAGCGTAAAAACAGGGCCTGATGGCGAGATTTTCTCTAGAAAGCGCAGCGTGATGTTTTCTGAGGTAAAACGGATTTATATGGGACGGCATCATTACAGCTTGAAAGGGATCTTTTTTGAAGATATTATCATCGAGAAAACAGACGGAAAAGTCGTTCGCATCCCTACTTGGAACATTATCGCGAATCCATTGTTTTTTGAAGCGGTGGAACGCTATATCCTCCCTCATCTGAATGAAGAGGCGAAAAGCAACTGGATCAGCCAATTTACGGAGATTCAGCGCAGCGCGTATTTAAAGGAATTTGAAAATCATCCAAAGCTTTAACAGCTCTCCTCCTTTATAATGAAAGAGAAAAGCAACTTGAGGAGTGCTCATGAATGCTGGTTACCATTCTTTTATTTCTCGCGGCGGGGCTTGCCGAAATTGGCGGCGGATATCTGGTTTGGCTATGGCTGAGAGAGGCAAAGCCAGCCGGCTACGGA
NZ_CP117986.1_gap58	1930635	1931384	749	GTCGCGTTTGATGAAAATGGCGTTGTGCAAACAGACAAATCAAATCTGAGCGTGCTGCCAATTGATGAGCATACAGAAGAAAATGCAGAAGCCAAACAAGAGCTCGATCAGTTCAAAAGTGAATTAGAAGACGTGAAAAATGAAAAAGTCGGCTATACGGATGTGGCGCTTGACGGCCAGCGTGAGCATGTGCGCACGAAGGAAACAAATCTCGGAAACTTCATTGCGGACGGTATGCTGGCAAAAGCGAAAGAAGCAGCCGGTGCCAGAATAGCGATAACAAATGGCGGCGGCATCAGAGCCGGCATTGACAAAGGCGATATTACACTCGGCGAGGTGCTGAACGTGATGCCGTTCGGCAATACGCTTTACGTGGCCGACTTAACCGGAAAACAAATTAAAGAAGCCCTTGAACAAGGCTTAAGCAATGTGGAAAACGGAGGCGGCGCTTTCCCTCAGGTGGCCGGAATTGAATATACCTTTACATTAAACAACGAACCTGGACACCGTGTGTTAGAAGTGAAAATTGAATTGCCTAACGGAGACAAAGTTGATCTACATACGGATGATACCTACCGCGTGGCAACGAATAATTTTGTCGGTGCCGGAGGAGACGGATATTCTGTCTTTACTGAAGCGTCCCATGGTGAAGACCTTGGCTACGTTGATTATGAAATTTTCACCGAACAGCTGAAAAAACTAGGAAACAAGGTCTCTCCTAAAATTGAAGGACGCATCAAGGAAGTATT
NZ_CP117986.1_gap59	2130480	2132689	2209	CCTTCATCACTCACGCGGCGTTGCTCCGTCAGACTTTCGTCCATTGCGGAAGATTCCCTACTGCTGCCTCCCGTAGGAGTCTGGGCCGTGTCTCAGTCCCAGTGTGGCCGATCACCCTCTCAGGTCGGCTACGCATCGTCGCCTTGGTGAGCCGTTACCTCACCAACTAGCTAATGCGCCGCGGGTCCATCTGTAAGTGGTAGCCGAAGCCACCTTTTATATTTGAACCATGCGGTTCAAACAACCATCCGGTATTAGCCCCGGTTTCCCGGAGTTATCCCAGTCTTACAGGCAGGTTACCCACGTGTTACTCACCCGTCCGCCGCTAACATCAGGGAGCAAGCTCCCATCTGTCCGCTCGACTTGCATGTATTAGGCACGCCGCCAGCGTTCGTCCTGAGCCAGGATCAAACTCTCCGATAAATGGATCACAGGTTAAGTTCACCGCATCTCGCGGTGACACCTGTGTGACCTGCGTCGTGCAGGCCCTAGTTTGACTGACTACGCACATCGCTGTGCGATTTTTAAAAATGAATTAACAGGTACGTTTTGTCTTGTTTAGTTTTCAAAGATCATTCAATAATGGAGCGGGTGATGAGAATCGAACTCACGACATCAGCTTGGAAGGCTGAGGTTTTACCACTAAACTACACCCGCATGGTATCTTATATGGCGCGCCCGAGAGGAGTCGAACCCCTAACCTTTTGATCCGTAGTCAAACGCTCTATCCAATTGAGCTACGGGCGCTTATCAAGCGACTTAACTATCATACTATCATTTGATGTTGAAGTCAAGAAGTTTTTTTAAAATGTTTTTTCGAATCTTTTTCAATTCGACTTTTCTTATTATACACATTTTTAAAATCTTGTAAACACCTTAGAAAAACTTTTTTGTTTTTCGTTTTGTTTCACGCTGTTCATCAGCGACGTTTAATAATATACCATGCCTGTTTTATTTGGTCAACACTTTTTTTTTATTCTCTTCTTTCACCCCTTCTCATGTATATATTTTATCTCATCTTACAAACAATATAAGAAAATCTCTTAAGAAGAAATGAGGCGTGTTATGTATTACTACAAAGAGGAACTGATTAATATCATTAAACCGGACAGCCAGACCCGGCAGCTGCTAAGGTCCTGCAGGAGATATTAGGCGGTCATTACGGAGAAATGCGTACAATGATGCAGTTTTTTTTTCAAAGCTCTAATTTCAGAGGAAAGCAGAAACAGTACCGCGATCTGCTTCGTGGCATTTTTTTGGAGGAGATTGCCCACGTTGAACTGGTTCAAAACACAATCAATGCTTTATTAGATGAATCAGGCGGTGAAGGTGTCGGCAGTCAAGGTACAGATCAAGCGCCACTTGATGAAGCGGTTAAACATGCTAATCCTCATCATTATATTATTGGAGCGCAAAGTTCCCTTCCGGTTGATGCAGGAGGCAATCCGTGGAACGGGTCGTGGGTGTATAACCACGGAAACTTAATTACTGACCTGCTGGATAACCTGCTTCTTGAGTCGACAGGTGTGCTGCAAAAAACAAGAATTTATGAAATGAGCTCTAATCAGACATTCCGCGAAACACTTGCTTTTCTGATTGTACGCGACAATGCTCACCAGAATGCATTCGCGAAAGCGCTCGAGACATTGGGCGTTGAGTGGGCGAAGCTCCTCCCTGTGCCGAATTATGACATTAATAAATATCCTGAGTGCAGAAAGTATGTCGAATTAGGCTACCATAATGCACAGTTTAACTTTAGGTTGGATGAAACGAGAATCGATGAAATCTATCAAGGGAAATCTCCAAGCCGAAATGGCGGAGAGTTACAAGTAATAGATCCACCGGCAGGGTTTCCCGTACCAGTGCTTCCTGAAATACCAAATGAACACAGTCCTGGGTTAGGCGATATGAATGCTTAATCCAGTGGGAAGGTGCTCAAGAAACTTCTTGAGCACCTTCTTATTGTACATTACTGATTCATTCAACGATTGGCGTTAAAGAATCGCCGTTCCATATTTCTCCCTTATTGAGTGTCCAGCTGTCATGATATAAAGCCGAAGCACCCTTGTTTACAGCTGGGCTCCATTCATCATTCCATGCCAGAAAGTAAATGGTTTTAGGATATTTTTGTTTTACAGCATTGATGAACAGGCTGTAATCGAAGCTGCCGTTTGCTGTTTGCGGGCCGACTTCTGTAAAAGCAAATGGT
NZ_CP117986.1_gap60	2140584	2142382	1798	CTACATCGTCTATGATTTTCTTTTTGCCTGTCATGGTGATTTGGGGTCTTCTGAGCTGGAGCCTCGCCCCGGCTCAGCAAAGCTATTTAATTGAAATTGCACCTGATTCGTCTGACATTCAGCAAAGCTTTAACACATCGGCCCTCCAAGTCGGAATTGCCCTTGGCTCAGCCATTGGCGGTGTTGTTTTGGATCAAACGGGTACTGTGGTGTCAACAGCATGGTGCGGCGGGTCAATTGTGATCATCGCTGTCCTGTTTGCTTTCATTTCTTTAACAAGACCTGTTCAGACAGCAAAAAAATCCTCCTTGTAAAAGGAGGATTTTTTATGATTTAGCTGAAAGCTCATCTTCTGTGACCCATTTGTGGTTTTTCACTTTTTCGCCGCTCGTTGTCGATGTGTAGTCAACCATGTATACAGTTGTTTTTTCCGCGGAATCGATCTCGGCTGTTGCTCCTTTCATGCCTTTCATATGAGAAGCCTCTAAAATCACCTGATCTCCGGGTTGTAACGTTTTATCTCCGGCATCTTTGATTTCTTCTTGGATCACCCATTTGTGATGATCCACACGCTGTCCCCCATTAGTCGGAGTATAAGAAACAACATACGCCGTTGTATCATAGGCGCCTGTTACCGTAGCTTCAGCACCTTTCATGCCTTTCATATGAGAAGTATTGATGATTACTTGGCTGCCTACTTTGTATTTCGGATTTTTAGATTCCTGTAATCCCTCTGGAACGTCAGCTGATCCGGAATGGTCCATCTCTTCATGTGTTGAGGAGTCTGAATGATTGTCATGTGTGCTTTCTTTCGTACTGTTGTTATTGCCGCATGCTGATAAAACAAAAACTAGAGATAACATCAGAATTCCCAGTGCATATTTAGAGATTTTCATATTCATTCTCCTTTGCTTCATTTTTTTCCTGTAACTTTTGCCCGCAGACAATGAAAACATGCCCTCTCGATAATACTATACCCCCGAACGGTATGTAAATACGCTGATATTCTCATAAAGCGTTCCCGCAGTTTGTCCTATTCCCCTTTGTTTGCAAAGCCAAACATAAAAAAAGCCGCTGTCAGGCGGCAATTACTGATTTAAGATTTTTATATACACACCTTTTTTTGCTTTTTGATAAGCGGCCTCACCCATTTTCCTCACCTTTTCAGAAGCATCTGAGGATTTGATCCATTCACCATCAAAAAAAATGGATGGATCGATTAGTCGCATTTTCTTCTTTTGATGGAAATCGTACTGGATGTCATCTTCTATTACTTGTATGCCGGGATGAATGGATGTAAGCAAGCTCAGAACTTCTTCATTTTTTGATGCACGCAGGATGTTCAGTACCTCTTGGTCCGTTTTCAGCAGATCCTCTGCGGATATGACATCATGCCGCAGCGCTGCCTTCAATGCTCGCGCTAAATATTCATATCCATATACATTCACAGGATTCAAAAAGAAATCAATTACTTCCTTGTAGTACACACTGACAAACCATTCGCCAGCTTCAATACTATCTGGAAACATCCTTCCGTTTCTCACAATAAGATGATCCAAAAAGGTTTGCGCTTCGTGCAGGTTAATGTGTCCATATCGGTATATATCACGCAGCGTATAGTCTGTCCGATCAGCACACAGCTCCGGTGCGGGCTGTTCGAGCAATGTCCACCTTGAATCGTCAGATAAAAGTTCTTCAGTATGATAGCCGTGTTTTTGTAAAATGTCCGGGATTTCAGAGTGAACAATGACTTGTTGAAAGATGTTTTCATGATAGTCTTCTGCTTGATTTTCAAAGA
NZ_CP117986.1_gap61	2144980	2147523	2543	AGCCGAAAAAATATGAACTCAATTGCGGATGATTATTTTGATGAGATGGTCAACGGCAAGCACAAAATTGATGTCCTTTTAGGCGGAGGAAAGAGCAATTTTGACCGTAAGGACCGTAATTTGATTAAAGAATTCAAAAAGGCGGGGTACAGCTATGTGGATAATCGCAAGGACATGCTGAAAAACAAAGACAGCCAAGTTCTCGGCCTATTCGCTGACGGCGGCCTGCCTAAAAAGATTGACCGGACGAAGGATGTTCCATCACTTAAAGACATGACAAACACAGCCATTAAAAAATTAAACAAGGATAAAGACGGATTCTTCCTCATGGTGGAAGGCAGCCAAATTGACTGGGCGGGCCATGACAATGATATCGTCGGCGCCATGAGCGAGATGGAAGACTTCGAACAAGCTTATAAGGCAGCTATTGATTTCGCTAAAAAAGACAAGCACACATTGGTTGTCGCAACGGCTGACCACTCAACCGGCGGATATTCCATCGGTGCGGACGGCATCTACAATTGGTTCAGTGAACCCATTAAAGCCGCAAAGCGCACACCAGACTTTATGGCAGAAAAGATCGCTGACGGCGCGGATGTTGAAAAAACGTTGAAAACATATATCGATCAAAAGAAATTGGCTTTAACAAAAGCCGAAATTCAATCTGTTGAAGAAGCGGCAAAATCGAAGGAAGTACTGGATATCGATAACGCAATCGAGAACATCTTTAATAAACGCTCTCACACTGGATGGACAACAGGCGGACATACCGGTGAAGATGTTCCCGTCTATGCATACGGTCCGTCTAGTGAGACATTTGCCGGCCAAATCGACAATACAGAAATCGCCAAAAATGTTTTCAAGGCTTTACAATACAACATTAAGATTAACGATAAGTAAAAGAATACAAGGTGTCCCGTTGCTTGTATGAAGTAACGGGATCTCTTTTTAATGGAGGAATCATCATGAGAAGAATTCTTTCAATTTTCGTTTTTGCTATCATGCTTGCGGGCTGCTCATCAAACGCCAGTACTGAAAAACAGCATGCAGGCGGGGAGAAAACAGTAAAAGCTGAGCCGCAAAGCACTTCATCCCAGAAGGACAGCACAGATGATTATCAGCCTAATTCCCAGGTAACTGATGACCGGTCATTGCATAAGGTCGGCCAAACGTTTTCAGATGATAAAGGAAAAGCTGTCTTAAAAGATATCAAACAAGTGAACAAAACCTATAAAATTGGCGACGTGGAGTTAACAGTAAAAGAAATGAAGCTGATCCACTTGCGCCCGGACTACAGCATGATTGATTACTTTCATGAGTTAACACATGATGAAGAGTTTGATTTCGTTAAGGTTTTCGTTGATATCAAGAACACCTCTACAAAAAAAGTAAATGTTGCGCCGATTGCATTGATGAAAACAAATACGGGTGAAACCTTTGATTGGAACAAAGATATTTATCTTGAAGAGTTAAACGGCGAATTGGAAGGCGGCGCCGAAAAGTCCGGAAATCTCGGCTTTATTGTGAACGCATCAAGCGGCCATGCTCATGATAAGGCCGCGGATGCTGAGAAGAAAACAAAAAAGATCGAGTGGATCGAAATCACGACAAGTGACGTCTTTGACCATAACCATAAGAAAATCAGTGATGCTCAAAAAATCAAAATCAAGTTTTAAATTAAGAACTCCCGTACAAGGTACGGGAGTTCTTTTTCTTATTTGTTTTTTTGGCGAATCAACTCATCAATCCGCTCCATCACTTCTTCCATGTCCATACATTCTTTGAAGCTTTGATTGATTTTTTTAATGCCTGCCATATACTGATCGTTGCGCAAAACCTCATCTACGGCCTGTTTTAATATTTGGGCATTGACTTCATCTTTAGAGATGACATAGCCTGCATGGAGTTCAGAGAGACGCTGCGCCACCATCGGCTGATCCTTGTCATGAGGCATGACAACCAGTGGCACGCTGAAATGAATGCCTTCGTTTACGCTGTTCATTCCGCCGTGTGTAATGAAAACATCCGATTGCTCCAGCACTTCCAGCTGAGGGACATACGGAGCAATGATAAAGTTTTCCGGCGCCTGCTTTAATTTGGTCAGGTCCGCTTTTTCTCCGGCAGCGATGACGACTTTTCCGTTAAAGCCTGAAAATGCATCAATACAAAGGTTGAAGAAATCCTCTGTATGATCCAGTACAGTCCCCATTGAAATATAAATGACACTCTCATCTTTTAGCTGTTCAATCGGGAAATCCGTTTTTTCCGCTCTCTTTGGAAAGCTTGGCCCGATAAACAGACATTCATCCCCGAAACGATCACTTTCTGGCTGAAAATAACGGCTTGTATACACTACGTTCAATTCCCCTTTATTGTTCATGAATTGAACCAGGTTTTTCGGGGCAACACCGTACGTTTCTTTCATTTTTGCCAAAAGATCTTCGCACTCTTGATCCAATTCAAGCGGCGCTCCAGACTCCGGATGCAGCGGCAGGATTTTCAGGTGCTCCTCGCCAAACAAGAAAGACGCCGATGAAGAGACT
NZ_CP117986.1_gap62	2150220	2154348	4128	ATGCTTGCTGAACGACGGTCGACGGACTACTGGCAACTGAAAAAACGACGTGTTTTTCTTCGTCAATAGGACAATATACCTCCGCCAGAATAGCGCACGATTACATTTTTTACATCTTTTCAATGGAGGAAAAAATATGCTCATTATTCTTGTTATGTTTCTTCTAGGAATTATTTTAGGCTTTATTGGCGCCGGTGGAGCCGGCTTTGTCATTGCCCTTTTAACGCTTCTTTTCCATATCCCGATTCATACGGCTTTAGGCACTTCGCTTGCCGGCATGGCTTTTACAAGCTTATCAGGGGCATACAGCCACTATCGCGAGGGCAACATTCAAATGAAAATCGGCTTAATAGTCGGAGGCTTTGCTGCGGTTGGCTCATTTTTCGGCGCCAAGCTGACATCTTTTATTCCGGCTGATTTGCTTCATTATTTGACGGCTGGAATGTTATTTTTATCAGCAATTCTCATTTTAATCAGATTATTTATTTTAAAAGAGAAGGCTCAAGTGAATCAAAGCACTCTTTCAACGTATACGAGAGCGGTCATCTTAGGAATTGCAGCCGGCGTTCTTTCCGGCACATTCGGCATCGGGTCGGCACCTTTTATTCAAATCGGTTTAATGATTATGCTGAATCTGTCCATTCGCCATTCTGTCGGAACGACGATGCTTGTGATCATCCCTTTGGCTGTAGGTGGAGGCATCGGATATATTACAGAAGGTTTTGTTGATTACGTTTTGCTTGTCAAAGTTCTGGTCGGGACAATGTGCGGTGCCTATGTAGGCGCGAAATTCACCAACCTCATGCCAAAGGTGGTTTTGAAATCAGCCATCTTTTTGACTCCGGCGATTGCAGGCCTGCTGTTGTTATTCTAAATAAAACAAAAAACCTGACGTCATGTCAGGTTTTTTTTATGAATTCTGCCCTACTCGTTCTTTCGTTAATCCAAAAAACGCCAGTGAGCCGATGACAGCTGTTACAAACATGATGGCTCCCATCGGAACGGCTGTTGTCTCATTAATGCCTACAAGCGGTGACACGATTGAACCAAGGAGCAGCGGGAGCATCCCAAGCAGCGCACTTGCACTTCCGGCGCGGTGCCCCTGCTTTTCCATGGCCAGGGTAAACGTGCTGGTCAGAACCATGCCGATCGTAATCATGTAAATGAAAATGGATATGACTAATGTAGCAAGAGGACCGTGAATCATGGTCATGGTTAATAGCACAGCCGTCGCAATCATAGCCGTAATGACCGCTATACGAAGCAGGCTTTTTTCATGAATGATTCCGCCAAAGCGTCCGATGATAAAGCTGCCCGATATAATCGCCAGCCCGTTAATGCCAAAAAGAATACTAAATACCTGCGGCGACACCCCGTAGATATCCTGGTATACAAAAGGCGTACCAGACACATATGCAAAGCTTCCCCCGTGAATAAATCCGACAGTTAACGCGTACCCCATAAAGGATCGATCCTTCAGCAGGCTGCCCATCGTTTTGACGGATGTTCCGATTGAGCTTGGAATCCGTTTTTCCGGCGGAAGCGTTTCTTTTAACCTCAATGCAATCAGAAGAACTAGTAAAAATCCGATGATCATGAGGACGTGAAAAATTGTATGCCACGTTGCGAACGGCAAAAGCAAAATGGCACCGCCTGTCATAGGCGCAACCATTGGCGCCACCGCGGTAATGACCATTAACAGCGAGAAAAATTTAGAAAGCTCTCTTCCGGTAAACACATCGCGGACGATTGCGCGAGACAGCACAAGCCCTGCAGAAGCAGTGAAGCCTTGTAAAAAACGCGCAGCCACTAAAGTTGTTATATTGGGCGACAGTGCACAAAACAGAGAAGATAACGCAAATAAAAAAATACAGATTAATAGCGGTTTTCGTCTTCCCTGCGCATCGCTGACCGGCCCGACAATCAGCTGGCCGATCGTAAGTCCGACCAGACAGGCTGTTAAACTTAACTGAACAAGTGAAGCACTTGCTGATAAATCTTCCGCGATTTCAGGAAAACTTGGCAAATACATATCTATATTAAGCGGGCCCAATATAGCAAGCATACCGAGCAGAAACGCTAGTGCCAAGCGTTCTTTTCCAGTTGGATTGTGCAGCATGTTATCAAACCTTCCCTTCAACCTAGTCCCTTATATAATGGATGTCAGCTCCAACAATGGATTGAAGCTGTGAAACATTTGTATATTGTATCATAACTTTCAGCCTGTGAAAGCCGCTTGAGCATGGGCACGGCAAAGTGATATTCCGAACACCTATAAATGGGAATGTTGCAGGGAATCATCGTGACCAGCATCATCTGAAGAAGCGGCCAGCTTTTTTTGCTAAGTTCTAGCCTAGCGAATTTTATACGCTGGGAGGTTTTTCTAGAGTGCAAATAGCTTGCAAGATGAAATCAATCGTTGTATATTAATTGACGTGTCAATCATTGATATATCAATTAATAGTTTTGACAGGAAAGAAGGGATGGGTTTTGGCGTCATTTTGTTCAGAGGAAGCCGAGATTTTATATCAGCTGCAAGGCGTGAACAAGGTGATTGGCGTGAAGTTCGAGGCATGCACGGGCATCAGCCAATCTCGTTTGGAATTGCTGACATTGCTTTATCATGCAGATGAGATCAGTCAAAGCGACCTTCAAAAGAAAGTAAATATCGATAGCGCAGCCGTTACCAGACACCTGAAACAGCTGGAAGCTAAAGGCATGGTATCAAGGCGGCGCAAGCCTGAGGACAACCGCATCACCCTTGTTCGGTTAACAGACCAAGGAAGAGAGCGAATTGAGTCTTCTAAGAAGGAAAAGGAGCGTTTCATGAAGGAAATGCTCGCAAATGTAAGCGCAGAAGAACGCCGCCTGCTCATTGATGTGCTGGCGCGCATGCGAAACAATATAGATAATATTGAAGCTTAAGAGGAGTGTATCAACATGATCAAAACAAACGATTTTATGGAAATTATGAAAGGCCGCCGTTCTATCCGCAACTATGATCCGGCAGTAAAAATCAGCAAAGAAGAAATGACAGAGATCTTAGAGGAAGCAACAACTGCCCCATCTTCTGTTAACGCGCAGCCATGGCGTTTTCTTGTCATTGACAGCCCGGAAGGAAAAGAAAAGCTCGCACCGCTTGCAAGCTTTAACCAAACACAGGTCACAACATCATCTGCTGTCATCGCTGTATTTGCAGACATGAACAATGCAGACTACTTAGAAGAAATCTATTCAAAAGCCGTGGAACTTGGTTACATGCCGCAGGAGGTCAAAGACAGACAAATCGCCGCGCTGACCGCACATTTTGAAAAGCTTCCGGCACAGGTCAACCGTGAAACGATCCTGATTGATGGAGGTCTTGTTTCCATGCAGCTGATGCTGACTGCACGCGCGCATGGCTACGATACAAACCCGATCGGCGGATACGATAAAGAAAACATCGCGGAAACCTTCGGATTAGATAAAGAACGTTATGTACCGGTTATGCTACTTTCTATCGGAAAAGCAGCAGACGAAGGCTATGCTTCCTACCGTCTGCCGATTGATACAATTGCAGAATGGAAATAAAACAAAGAGCCCGGGAATGTTTTCCGGGCTCTTTGTTTTTAAGTACAGCCGCCATTTGATCGTCTGATCTTTTTTGGGTAACACGTTTGAAGTTAGTCGTTTAGCCATGAAAAAAGAGTGATGACCATTCATCACTCTTCTCTCGATTACTCTTTTCCTTTCTTCCTGCCGAACGGCCACCAGTTTCCTTCTCCAAAGGTCGCAATGATTGCCGGGATGAAGAGCGGAAGTATAACAAGGCCGTAAAGCAAGAGCCCGATGATGATAACACTTGCCACCTGCATCAGTGTATTGACACCTGAAGGCATCATCGCCGCGAACGTACCGGCCAATATAATGGCAGCTGTAATAATGACAGATCCCATTTTGCTCATTGACCTGACGACACCTTGCTCAATGCCAAGGTGCACCTCTTCCTTAAATCGATCCAGCAAGAAGATCGAATAATCTACCCCTAACGCGATCAAGATGACAAAGCTGAAGAATGGCACTGCCCAGCTGACGCCGGCGTTTCCTAAGCCGTTTACAAAAATTAATTCTGTTATGGATATCGACGTA
NZ_CP117986.1_gap63	2156042	2156982	940	TAAACCGATGATCAGGCAGACTGTGATCACTTCCGTTTTCTTAAGCCCTTCCTCTGAGCTGTGAGCGAAATCCTGGTTGATAAGGGAAGCTCCCGTAATATAAGCCGTCAAATCATCAGGAACGATTTGATAAATCTCGTCCGCGATTTTTTCCGCCTTTTTATCAGAACCTGTAATCGTGACAGGCATGAGAACGGTTTTCTTGTCTTTCGACATCAACTGGTCTTTGACTTCTTTTTCCGCTGACAGAGGAGATGTTACCTCTTCTACACCGTCGATCTTTTTGATTTTATCAATCATTATCCGGAGCTGATTCTCTGTTTCTTTCTTTATAGCGTTGTCTAATGTAAAGACAACACTGATCGAATTATTGTCTTCTCCCGCTTGTTTTAAAATGGCGTTTGCCCTTTCTGAAACAGCATCAGCGGGAAGCTGGGCCTGCCCCTTTTGATTGGCCAGCTCCGTTAAGTTCGGAGAAAACAAACTCAAAACGACGGTAAGTGCTAATACTATGGCTGCAATTGCCCACTTGAATTTGATGATTGCTCTCATTCGGCAGAATCTCCTCCTTTAAATTTGCTTTTTAAAATGGTGAATATCTCGATAATGGAATGTAAGTGTTCCTCATCTATATCATCAATCAGCGGTTTGAGCGCGTTAAAGATGGCAGAATCTAATTCTTCTAGTATGTGTTCACCACTGGGTGTAATGTTAATAAGCTTAGAGCGCCTATCACTTTTTTCCGGACAGTCGTCCCATTGAACCAATCCCTTTTCGAGCAGCTTTTTCAGTCTGTTAGAGATCGCGCTCTTATGTACATTTTGGTACATGGCCAGGCTGCCGGGAGAGGTTGGGCCCTTGACTTTTAAAATTTTCAACAGGTCTGCCTGTTCCCTTGAGATATGCTTGAAGACATCCTGATTGATTTCACGATGCACAA
NZ_CP117986.1_gap64	2195850	2198683	2833	ATATGATCAAAACTTTTTTCAGTCATCAGCTCAATCAGAGCTATTTTAATAGCCTCTTGGCTTTTGGTTATTCTTCTATCCACTTTGGACATAGCTTTTCACCAAACTTTCTTAAGATAATCAACAATTTAGAGTGGAATGTTGAATAATCAACAAATCGCCTGAATGTAACCATTGTACACACCATGTTTGTATTTACAATAATAAATAAAAGCTGATAGTGAATCATGCTTTTTCCCGAATGAAGTCATTGTCCATTTTAGTTAGTTGAGAATTATTTTGTAAACACAAAGAAAGGGTGTTATTTCAAAATGCAGAGAAAATGATGAAATTAGATCACTTATCCTAAAGGTACTCTAAATTCAAATTTGATCTGCAGCCCAACTATAAATCCGTATAGAGGCAGACTTTAATGAGGTGAAGAATGATTAAAAGACAATTTACGATCATTAAGGAAACAGGGTTTGCGCGACCAGCTACCCTGTTAGTCAGTATAGCTCATCGGTTTACATCAGATATTTTTCTTGAATACCAAGGGAAAACTGTTAACCTCAAACAAGCGCCAAAAGCCATCATGGACATTATGGATTTAGGAATTAAACCAGGAACCGAAATACATATATACGCTCATGGAGCCGACGAAGCGAAGGCAATTCAAAAAATGAAAGAGCATTTACTAAAAAACGATTATATACAGTAATTTCAAAATCTATCGTAGTAGCGGGATTGTTATCGTTAATTTATTTTGCGGCAAAACAGCTTTTCAGATCATGCGTTCATTTTTCTTCTGGTGATCATTCAACCTAAAATACAAAAATTAAAAAGGATCTACAAACGAAAATGGAGGGTTTATATATGTGCAGCAGAACATAATACCAAGGGCAGTTATACCCTTGGTATTATTGGATACCGAAAGAACTTAAATCTCTACAGGTGCTTATAAGCTATAAATGGTTAGTCTCGTGGCATTTCTATGTGCTCCGTTTATGCTTAAGGGTGTTCCACATTTAATGGATACAATAGAAACCAAAACAAATGATGCGACAACCAATACAGTTCCCATTAATGACTCACTAAAATTGATCACAATGAAACTCGAAAATATCAATAAAGGGATATTCGTAACGATAACCGTTAAAATGTAAGTGGTATACTTGATTCCTACAGCTGCCGATAAAAAACAAACGACATCTGTTGGAGCTATTGGACAAATCATCCCCAGCGCCAAAAACTTATAATTATAAGTCTCCAATAATTTTTTCAACTCTGGATATTTACGTTCTAAATCCTTCATCATGTTCCCGCTTGAAAACACAGAAAAAGGGGCAAAACTTCTTAAGAATTCTTAAGTTTTCGCGATGCTATTCAAGATCGTTTCCTCTTCTTAAACAGTTTTCAATATCATCCTATCTATTCCATGGTAATATTTAGATACATAAACTTATATATGAAGCTGACCTGAGTTAATGGAGAGGAATGAAAAAATGAAGAAACACAGAAAGATATATTTTTGTATTACTGCCCTGCTGCTCATGATTTTGCTTGCTGGATGTACGGGCAGTAAGAATGGAGAAGCACATCAACCTTCAAATCAAGCTTCTGCTGTGCAAACTGACGAAAAACACACTGAGCCTGAAGAGAGAACCAAAATACGCAAGGATGAAGCGGAGCCAATAACAGAATCAGAAGAATCCGCAACAAAAGCTGCAAATGATACCTCTTCAGCAGAGGAGAAAAGCAAAGAAGACAATGTATTGGCAGCATACTCTTCGGAAAAAATTGAATATGCCAGGGTTTGGCTTCAACTGGGACCTAATCAAGAGATAGATGAATTAAACGTTCGACATATTTCGGCTGGCGAGCCAATTAATCCTAATGATGATACAAGTGCCAGCTATCCAGAAGATGTGACCCAGTTGGCAGGTTCTCGTTTAGTGGATGGATCAGTCACTTATCATGGCAATGGGGATGGCACGATTCATGTATATAATGTGCCTTTACGCTGGGATTCCGCTGATGATATAGAAAAAGGCGTCATGAGGGAAGTGACTGAGAGTATCATAAAAAACAGAAAAACAGTGTACGTTGATACAGGCGACGATGAAAAAATCAAACGGCTCATTGATATCATGATGATTCATTAATCAGTATTCGTTTGTCTGCACCTGACTAAAAACAATGGTTAATAAGGTATATTAATACAAAAACAAAGTTTGGAGTGTAGTAACTTGCTAAAAATCTTCCGGTTCTATTAGTTCTCCTAGGCATTCTAAATGTGATGAGCCGTACCATTGAGCTATTTCTAGGTGTTGCATTAATATTTTATAACGCTGTCTAGTGGCATACAATGTTAATCAAAAGAAGCATTTCAGCAGTAAGTGAATGTTGTCCTAAGAAAAAACAAGCATCTTACTATGCTTGTTTTTCTTCTATAGAAAGGATCTTATTACGCTATGATGATATTCCTTTAGCCTGAACCTTGGCGTGCCTAATCCTTTAATCCCTTTCCATCGAGAATTTTTTGCACATATTTTTCGACTCTCGATTCTCGGGTTTTGGATTGTTTGGCTTGAGAAAAATAAAGAGTGTACGCTCTTTGCCGTCCCGGGGTCAAAGCTTCAAAAGCAATTTTCAATGCAGGGATTTCATCGAATTTATTTTGAAGTTCTTCAGGAATGTTCAATTCAATATTTTTGTTAACTTCCACTTTCAAACCGGCTTTTTCAACTTCAATGGCTTCGTGAATATAGGCTTTCAAAATGTTTTCTAGCTCATTTATTTCCTGAACAGTTGTAAACCGAATCTGGCGCGCCGCCTGTACATTCTCCGTTTG
NZ_CP117986.1_gap65	2200263	2204071	3808	CCATTACTATTTGGGTAAGAACCATAACCGTTGCCCCAACGATTATCCCTTTTTTGTTTTCTGTATGCTCAGTTGCCGCCAAATGTCCTTTATCACCAGGCTCTTCATTTGCCGCTTCTATTGTTCTTGCTATAACTAATGGATCTGGACGAAGCATAATGAAAAGGACCACACCTGCTAACATATATGCTGCTGCGGCTAAAATGAAAGGGCCAGCAAGTGATGGAACACCAATAGAAAGAGCGAAATCCCCCATCACATTCACTAAGCTTGGACCTGCCACTGCGCCAAATGTAGTAAAAACCATCGTAATACTAACAGCAGTCGCTCGCTGCTTATGATTTGCTAAGTCTGTACCAGCATAACGCGCCTGTAAATTAGTGGCTGTACCTGCACCGTAAATAAGCAACGCAATAAATAACAAGAAAATACTATTTATGATTGCTGCCATAATAACGCCTATTGCTCCAAGTCCGCCAATCATAAAGCCAGCCGAAAGACCTGTTCGACGGCCATAACGTTGAGAAAGTCTTCCAACAATTAATGCAGATCCTGCTGACCCTAAAGTAAATAACGCAGAAGGCAGACCAGCAAACGCATCAGTGCCAAGCATTTGCTGTGCAATAAGCGCACCGACAGTCCTCCTGCCGCCAGCCCCGCACCGCCAAAAATTTGTGAGATACTCACAACGAATAGTGTACGCTTGTATAACGATTTTTGTTTTTCTGGTGAACCGATGTAGCTTTGTAATGAAGCAGTTTGAACATCTATTGCTTTTACGCTGTCCTTGTCTAACATCATCTGACCTTCCTTTCTAAAAGCCTATTTTTTTATAAACCTCCCTCTAGATGTGGATCATCATAACACGCACAAAAAAGCCATACAATGTCATAATTGTATGGCAAACAATATTAGGTAAGATCGTCTAGCAAACGTCTCAGGATCATTAATCCTTGTTCAAGCTCTTCAAGTGTTTTTGGTGCACAGGCAGAAACCCTTACAGCCCTTTCAGGACAACTATTTCCCACTACAAAGCGTTCAGCCGCATACACTTGCACGCCATGTTGAGCAGCCAATTCTTCAAATTCGGCACCAGACATTTTACCCGGTAACAACAACCAACGAAAAATGCCTGTTTCAACACCTAAACATGTATATCCCGCAACATATCGGTTTACGAGTTGATTTCTGCGAATGGTTTGTTCACGATGACTCTCAATTAAGACTTCAAATTGATTTGATACAATCGTGCGAGCAGTAAGTTCAGCTAATAGCGGGGAAACGGTTATATTTAAATTATAAAGCGCCTTTGATATTAGCTCCTTATATTGTCTCGGCACTGCTACATAAGCCAAACGCAGGCCTGGCGCTAACGATTTTGATAAACTTGCAATATGAATAACCTGTTGCGGTGCGAATGAGGCGAGTGCCGGAAGCGGATTTTTGTTGAGAAGATGGTACGATGCATCCTCAATAACAAATAGATTATATTTCTTTGCAATGTCTGCAACCATTCTTCGATTCTCAACAGACATAAAGGAAGTCGTCGGATTATGATAATCCGGGATTAAATACAAACCTTTAATATTTTCGTTTTTACACGCATATTCAAGTGACTCCGGACTCATTTCATCGTTTTCTGATTTTATCGGTACGATTTGCACACTAAGCAATGATGCAACAGTTTTTAATCCAGGGTACGTATGATGGTCAACACCGATGCGATCTCCAGGCTTACAAAGACTCGCCAATGTCGCAGCAATCGCATTTTGCCCTCCATTTGCAAATAAAATGTGATCAACGGATGTTTCAAATCCGCCTCTTTGGATGAGCTTTACAGCTGCATCTTTTTGCCAAAGGCTTTCGCCTGCCCGGCCGTAGCTAAACCATTTTTCATAATCCTCCTCCTGAATCATGTTTTTCAGTTGGTGTAACAAGGGCTCATATGAAGCGTGATCTGGAAGTATTGCTCCCATTTCAATTAAATGTGTCGGCTTTGTATCCTCAAGTAAATACGCATTCAACAACGCATCATACGATACAAATGTGCCGCTCCCTACAGTCGCACTCAGCAGCCCCTTTAACTCACACACTTTAAATGCTTTGGAAATCGTACTCACATTTAAATCTAAATAATCAGCCAATTCTCGCTGCGGAGGAAGTTTTGTTCCAGGTAATAAAACTCCGTTTAAAATATCCTGTTCCAATTGCCCTGCAAGTGCTTTATAAATAGGCTTTTCAGCTTTATCAATCGATGGCTTCCAGCTCATCGGATAGTTTTCAAAAGAATTGATAGGCATGATACGCATCCTTTTTCACTCAATTATATGAATGTGCCGTTTATAAGACAATTATAACTTTCTTTTATTGATGCCTTTTTATGAACAGCATGCTTCAATAAAACCTGTACAAATACAAGTGAATCACTTACTTTATTTCATATAAGTCATCCTGCAAAACTGTGCACAGAATGTCGGATAAATACAATTCACTCCTGTTATTCTTTGGTTAAAGGAGGTCAAATAAATGGATTTGCTTAAAAGTATGAATAGGGCGTTAAAGTATATTGAAGAAAACCTCACTAACGATATTGATTTTCAAGAGGCAGCAAAGCTTGCTTTCTGCTCTGAATATCATTTTAAAAGGATGTTTTCCTTCCTTGCAGGTATTTCATTATCGGAATATATTCGTCGCAGACGTCTTACTCTTGCAGCTTTTGAACTGAAAGACAGCAATGTAAAAGTGATTGATATTGCAATAAAGTACGGTTATAACTCACCTGATTCTTTTGCACGGGCATTCCAAAATTTACATGGCATAAACCCATCAAAAGCCAGACTTAATGGCCATTCCCTTAAAGCTTATCCACGAATGACCTTCCAGCTAACAATTAAAGGAGGAAATGAAATGAACTACCGTATTGAAGAAAAAGAGGCATTTCGCATCGTTGGCATTAAAAAAAGAGTTCCTATTATTTTTAAAGGGATTAATCCGGAGATTGCATCTATGTGGGAAAGTTTAGATGAAAAAGCAATAAATAAACTAAAAGAGCTTTCTAATGTAGCACCATCAGGACTCATTAGTGCATCCACCAATTTTTCTGAAGGTCGGACTGAGGAAAAAGGAGAGCTCGATCACTATATTGGCGCAGCCACAACGAAACAGTGTCCAGATAATTTCTCACGGCTTGAAGTTCCTGCCTTAACGTGGGCTGTATTCGAATCAATCGGACCATTTCCGGATACACTGCAAGAAGTATGGGGACGCATTTATTCCGAATGGTTTCCATCGTCAAATTACGAACAAATAGAAGGTCCAGAAATATTGTGGAATGAGCATAAGGATGTAACATCACCATCTTTTAAAAGTGAAATTTGGATACCAATTACAAAAAAGGAATACGTTTTTTGATCAGAGAAGAAAAATTGAAGGTTCTTGAAGAAAAAATACCAAGGGCGTCAAAACCCTTGGTATTTTTGATATTGCCGAGAGGGCTCAAACTCCACCAGTGTTTTTCATTGCCGGACCGGTCATATAAGCAAAAAAAGCCCCTATATATCCCGATTTGCATGATTCCTAATCTTTAATATCGACTTTTCACTCTGCACAGAAGGCTCTTTATTTAAAGCCAATATTAAAGTTATTCCTATAATACAAATAGCACCAATCCATTGAAAAGAACCAAATGGCGCTTTTAACCAAACGACAGTTGTTACAACAGCGGATAGAGGTTCTAAACTGCCTAATAGGCTTGTTTCTTTGGGAGAAAGGCTTTCCAAGCTTTTTATGAAGAACCAGAACGCAATCA
NZ_CP117986.1_gap66	2248891	2253544	4653	CAGTCCGTCAGCAACCGCGCAAATTAACTCCTTATCATCAGCTTTCATAAAAAAGCTGTCACCGCAAATCGATTTCCCTTCTTTATTCAGTTGATATACTAGAGTTTGAATATGCTCGTTTTCTTCAACCTGGATCATTACATTAACTCCATCGAGGGATCTTCAATCAAGGCCTCTCTGAGCTTCTTCACAGCTTTGCGTTGCAAGCGCGAGACGTGCATTTGAGATATACCGAGAATGTCCCCAGTTTCTTTTTGGCTTTTGTTTTGTATATACGTAAGGTCTATGATTTGTTTTTCACGGTCTGAAAGGACATGAAGCACGCTTTGCAGCATCAATTGCTGGTTAACCCGCTCATATCCGTCCTCCTGTGATCCGACGATATCAAGAATCGTGACGGTGCTTCCGTCCGAATCCGCTTCAATGCTGTGGTCAACGGATAAGGCTTGATAGCTTTTGCCCATTTCCATCGTTTCAAGAACCTCTTCTTCAGAAACATCGAGGAATTCGGCAATCTCTTCGACTTTCGGCGATCTTTGTGTTTCAGTGGTCAGCTGATCAACCGCCATTTTGATTCTTGGACCCAGTTCTTTAATTCGTCTCGGCACATGAACGCTCCATGTTTTATCTCTGAGGAAACGTTTAATTTCACCGATGATTGTCGGGATTGCAAAAGCTTCAAACGATTTGCCGACAACAGGATCGTATCGCTTAATCGCGCCTAGCAGCCCGATCATGCCGACCTGGCGGAGATCCTCGTGGAAGCTTTTGCCTTTTGAGTATTTTTTCGCAAGCATGTCAACCAGATTTGTGTACACCCGCACAAGCGTTTCCTGCGCTTGTTCATCTTGCTTTGTTTGGTAATCGCTTATGAGCCGATCGACTTCATCTTTAGTTAGTTTCGTAGTTTTTGATGGTTGTGTCATGATCAACTCGCTCCCCATTTAAATACTTTGTCATCGCTACGGTGACGCCGGAGTGGTTTTGCACTCTGACTTCATCCATGAGCGTTTCCATTAAATATAGACCGAGCCCTCCTTCTGATAATTGATCAACTGTGTGCGAAGGTGTGTACGGCCCTAGATCCTGCTGCTTTTGATCAAAGTCAAAGCTGTCTCCTTCATCCGCCACAATAACCTCTAAACGGTCTTCAAACACACCGAATCGTATTGACACTTCCCCATTTTTATCTTCTTTGTAAGCGTGCTGAACCGCATTTGTGCACGCCTCACTGACTGCGATTTTCAAGTCTTCAATTTCATCGTACGTATAGCCCATTCTGCTTGCGACCCCTGACAGCGTCAGTCTTATAATTCCCACATATTCAGGTTGGGCCGGCACTTTCATTTCGATGTAATCAGCATTATTCTTCATTGCACTCCACCTTCTGACTTTGCAGAAATATCAATGATGTCCTTCAAGCCTGTAATGTCAAACAGTCGGATCAGCCGTTCAGAAAGATTTTCAAGTTTCAGCGAACCACCTTGTTTTTTCACCATTTTAAAGGTCCCTACAAAAACGCCCAATCCGGTACTGTCCATGTAGCTGACATCTTTCAGGCAAATTCTTAAGTCAGCTCCTTGTTCTGCCAGAGGAACGAGCTTCTCTCTAAGCACCGGGGCTGAGTATACATCAATTTCTCCTGCAATGTTTACTTGTATATCATTCTCGTTTTGCTTCACATCAACATTTATATTCATTCGTATCACCTCAAATTTTCCTTCAAATCACTAATCACTAGTTGCTTTATACCCTCGTCTGGCAGACGTTAAACCTTTCTCCGCAAAACAATTAACGTAAAATCATCGTGAAGCTGAAAATCCTGCAATTTGAGGAGGCTGTCATAAATGTTTTTGACCATTTCCTGCGCGGAGGAACACATATGTTCCTCAATGAGCTTCTGCAGATCAGGACGCTCCAAGAAACCGTTTTCCGTTCTGCATTCTGTGACGCCATCAGAAAATAAAACAATCATATCGCCCTTTTCCAGATGCTGATCGAATTGTTTGTAGTCATAGTCCTGCGAGATGCCGAGAACGAGTCCTTTGGCCTCTAAATCGTAAAACGTGTTGTCCTTTTGAGAATAATAGAATCCCGGTTCATGTCCCGCTGAAGCATATGTAAATTGATGATTGTCCATATTGTAATTCGCATAAAACATCGTAATAAACATACTGGCATCAACGTTTTGTTCAACAACACGATTCAAATTTTTCAGCACTTGAGAAGGGTGTATGCCCGTTTCTGGCAAAGAGTCCATCGCGTATTTAATCATGGACATGCATAAAGCCGCTGGAATGCCTTTTCCGATCACGTCCGCGATTGCAATATTGATGGATTCCTTGTCTTTGACAAAGTGGTAGTAATCACCGCTCATCTGTTTAGCGGGAACACTGATGGCGCCGATATCCAGCGCTTCCTCCTGAGGAACTTTAGTTCCGAGCAGCGTCTGCTGGACATTTGCCGCGATTTCAATTTCTGATTTGATTTCCTGCTGTATCCCTCTAAGGGTTTGATGCTCCTGATAAGCCATTCCATAACCAATCATGACTTCTATTAAAAAATCCAGCGAATGAAACACATCTTCCGGGAGACTTGGATACAGCTCCTTCAGCACTTTTCTGTGAATGCTGATGATTTCTTCCGGAGGAATTTGGTGCTCGATTGTTTTTCGGCTGAATTTTTGGGCTTGATATAAAGATGTTTCTGTTAATTCGGCTATATATCGGCTAAGCAGCTGATGATACCGCTGCTCAATAACCTCCCTAAAATCCACGTTCTTACCTCCTACCGAAGCCATTTGATGGCTTGTATCTCTGTTCCTTCCCCCGTTACGGAATTTAAGCTGAATTCATCCATCAGCCTTTTGACCCCGGGAAGTCCCGCACCAAGTCCTCCAGACGTTGAAAACCCGTCTTCCATGACTTTTCGGATATCAGGAATTCCCGGCCCTTGGTCTTCCGCTATGATTTTCAGGCCTTTTTTTCCTCTGTCTGCGACCTGTTCAATTCCAATCTGCCCTTTGCCGGCATATAAATAAATATTCCTGGCTAATTCTGAAATAGCCGTTGTAATTCTAGCCTGGTCTACCGTGCCGAAACCCAGTTCTTTCGCAACGTTTCGTCCCAGCTGTCTGGCGGCCACAATATCCCATTCTGTCATGATTTTTACACAGGATTGGTCGTTCATTCGCTATTCCCCCAATTCCCGCTTCAATGTCTCAAGCCCCTGCTCTAAGTCGAGCGCAGTTTCGATTTCCTCAAGCGCGATTCCAAGTTCAATCAGCGTCACTGCCACAGCGGGCTGAATGCCGGTCAAGACGACTTTAGCCCCCATTAACTTAGACATTGTAATGACGTCGCCCAGCACTTTCGCGATAAATGAATCAATCATATCCACAGATGTCAGGTCAATGACGACTCCGTTAGCACCTGTTTCGTATATTTTATTTAATAAGTCTTCTTGAAAAGTTAATGCTGTCTGGTCATCAAGTTCCCATTGAATGGATACTAATAAGCAATTATACAGTTTCAAGATCGGGATTTTCGGATGTCTCAAAATGTTATTCCCCCAATGAAACGATTTTTCGATCCGTCATTTCCAATGCTGTTTGAATTCCTTTTTGCAGGGTATTCTTAGTTATAACTTGGGATAAATCAATCCCCAGGTTGACGATTGTTTGAGCAATTTCCGGACGGATTCCGGCCAGCAGGCATTTTGCTCCGACAAGCCTTACAGCTTCTGATGCCTGAATAATATGATGGGCAACCATCGTATCGACGACAGGGACACCTGTAATGTCAATCAGCACGACTTGGGAACGGTGTTTGACGACGCCATTAAGAAGGTTTTCCATAATTCGTTTCGCGCGTTCGGTATCAATTGTTCCGACAAGAGGCATCACAGTGATATTTTCAAACACCGGGATAAGCGGGGCAGACAGCTCTTGCAGTGCGATTTTTTGCAGAGATACTGTTTTTTCCCATGAGATTGAGTATTGATTAAAAATTTCTGTGTTAATCGGGCTGAAAAAGCGGTCAATCTGCCAGATTAATTCCGTGCTCTCTTGATCTGGCAATCTCTTATCATTCATTTTCGTGTAGAGACGCTTCCAGAATTCAGCAAGCGCAGTAGCCAAAAACTTCATAGACAGTCCGATTTGGACTGCTCGAAGCGCCAGTTCGCTGATTTGGCTTTCAGCAGCGTTTTCGTCCTTAACAGACAGCAGCAGAATGTCGATATATTCTTTAGATATATTTTCATACACTTGGTCAGTCAGCTGATAGGATTCTTGCTCGCTTAATTCTTTTAGTGTGTCAGTCCACAATTGGAGCAGTTCATTTTGATTTTCGGCAATGAACTGGTATACAGTCTGATTCGACATCAAATTCGCTTACCTCCCAATAAAAAACAACATATTTTTTTCGTTATTTCACTATTATATCGTTTATGTTTTTTGAAAACAAAAAAAGTTGCTCTATTTGAGCAACCTGCAAATATGTCTAAAAATCAATGAGTGCCAAACTGATTTGTAAGGCTTCATCAACCTTATCCATCATTTCATCATCCAGATGAGTAATCTTATCCGTTAACCTTTGCTTGTCAATCGTCCGAATTTGCTCCAGCAAAATAACGGAATCTCTTTCAAAACCG
NZ_CP117986.1_gap67	2298159	2299518	1359	CCGTTCGTCGGCGCTGTATTCATGCTGTTCATATGATAAATCAGTAAGCAGCTTTTGTTTATCCTCGGGACTTCCCACTGCTTTCAACCCTTTACCGGGCTGTTTATCTAACGTAAGCCCCACGGTTTCCATCAGCGGTTTAATTGATTTGAGTTCCCTGTGAATGGTTCTCGTGCTGACTTGCATCAGCTCAGCAAGCTCAGTTACGGTTATATATCTGTTTTGTAATAATAAGTGCTTTAACAGCTTTTGTTCTCTGGCAGTCATATACATAAAAAAGACCTCCTAGACAATCTTGATGTGCGGATGAAGTCGCAAGGAGATGCAGTAGAGGATATAGAGAGGTTTCCTTTTAATATAAAACGCTTTCAAGAAAGAATCAATCACTTATAAATGGTAATTTGGCACTATGCGGTGTGACAATATTGAAAAAGCATCAGCTGGTAAGCTGATGCTTTTTATGGAATATCGTAACCCTGTACGGCTGTAAAAATGCGGAACCATTGATCCTGGTCAAGCTTGTATGACAACGCATTTATCGCGGCGGAAATCCGCTCGCGCTTTCCGCTTCCGACAATCGGCATGATGTCGGCCGGATGCGTATACAGCCATGCGTACATCACCTCGTCCAATGAAGCGGCGCCAATCTCTGCTTGAACGGATTCAAGCGCCGTGCGGACACGCCGGTCTTTTTCCGTGTCACCAGTGAAAACTTTGCCGCCTGCCAGAGGCGACCAAGCCATCGGCGGTATCCGTTTTTCCTGACAGAGGTTCAAAGTGCCGTCGAGCATATTTTCTAATTCGTATGCGGAAAGCTCAATCTGGTTGGTTACGAGCTTCTCAGGCAAATATGATTCCAGCATCCGATACTGGTGATCTTTAAAATTTGAAACGCCAAAGTACCTGACCTTGCCAGAGCATTTCAAGGCCTGAAACGCCTCTGCTACCCCCTCCGGATCCATGAGCGGGTCCGGTCTGTGAATCAACAGCACATCGATATAATCCGTCCTAAGGTTCATAAGCGATTGCTCAACGGATGCCAAAATATGCGATTTGCTTGTGTTATAATGATGCGATCTGTGAGCGGGCCGTTCAGGCGATTCAAGAACGATACCGCATTTTGTGACCAGCTCTATGTTTTCTCTTAATCCAGGCGAAAGGGCAAGGGCGTTTCCAAACAGCTTTTCGCACGTATAGCCTCCATAAATATCCGCATGATCAAAGGTCGTGATGCCGTGATCGATACACCATTCAATGAGGCTCAGAAGTTCAGCATCTGAATAGTTCCATTCATTCAGCCGCCAAAGCCCGTGTATGACTCTTGAAAATTGAAGATCCTCCGCCAATTGAATACGCTGC
NZ_CP117986.1_gap68	2333014	2335755	2741	AAGCAGAAGGAAAAAGATATTTCTCCCCTCACCCTTGAACATGATCTGATACAAAACAAGAGAAAACAGGATCATCAGCAGAACAGAGATGATAAAGTTGATGTTTTTATTCATGATGACCATATTCGCAGAACCGAACAAAAAGATAATGCCAGTCTGAATCAGCATGTAGAGAGAATCAAGGCCCAAAATGCTCGGCGTCAGGATGCGGTTGTTCGTAATCGTTTGAAAGATCATGGTCGAAAACGCAATCGCTCCCCCCGTCAGCACAATGGCAGCGACTTTTTTGATTCGTCTCGGCAGGGTGTAATCCCAATTGCCTAAGTCATAAAACAAAAACAAGCCGATACATACAATGGCTAAAACAACGAGCAAAGCTATTTTCATCTGGTTACGCATAGGCTTTTCTCCTTAACAGCATAAACAGGAAAATGCCGCTGCCGATGATTCCGACCATCAGGCCAATCGAGATTTCATAAGGGAAGATAATGATTCTGCCCAGTATATCGCAAAACAGCACAAACACCGCTCCCAACAGCGCAGTATGCGGCAGGCTGCTCTTCAGATTGTCTCCTCTGTAAATCGATACAATATTCGGGATGATTAAACCGAGAAACGGCAGCATACCGACAGTCAAAATGACAAGGGACGTGATCAGGGACACGATAATGAGCCCGATGTTCACAACCCGTTTGTACTTCAGGCCGAGGTTGACAGAAAAGCTTTCACCCATACCGGCCAATGTGAATTTATCCGCATACACATAGGCAATGATGACGAGCGGAATACTCAGATAAAGAAGCTCGTATCTTCCTTTCACGACTAAAGAGAAGTCTCCCTGCAGCCATGATGACACATTCTGGATCAAGTCATATTTATATGCGATAAATGTCGCGATTGAACTGACGATATTCCCGAGCATTAAACCGACAAGCGGAATAAAGATGGTGTCGTTAAACTTGATTCTTTCAAGGATTTTCATAAACAGAAAATTTCCTGCAAGGGCAAAGACAAACGCGACCAGCATTTTGATTAAAGGACTGGCGGATGTAAACAGCAGCAAGGAAATTAAAATGCCGAGCCTCGCCCAATCCATCGTGCCCGCCGTCGTCGGTGACACGAATTTGTTTCTGCTGATCTGCTGCATAATCAAACCGCAGATGCTCATGCTTAATCCCGCGATGACAATGCTGATCAATCGCGGCAAACGGCTTGCAAACAACGTTGACGCCTCTTGTTTGCTTAAATCGAAGAGATCAAGCGGCGACAGATCTTCTACACCGATAAATACAGATGTGACTGCTAATATGATAAGTAGAATAAATAAGTAACGTAGCTTCATGCTGCCTCCTTACATCCTTACAGCAAAAAGAACGTATCTCCTACTCCGCAAGGACTCAAAACAATATGGCCATATAGTAATTGATTATCATTATCATTATCATTTACATATTACCATTTTTCTAGGGTTAGTCAATATTCTTTAAAAATATTAACCTAGTCATTTATCCATTTTACTAATCATTCTAACCATTTTCCATCCCAAAACGTTAGGCTGTTTACCATATTTATCTTTATAACGCAGGTATACGGTCAGCAAACCTGACATTATTCCTCGTGGAAAATACAAATGTTCTCTCCATATAGAAATTCCCCCTTGATTTACAGTACTGAAAGAGAGATAATAAATACTAAATTTGTGTGAAAATTTTAAACATTAGGAGATGTAAACATGAAGGTCGTTAAATTCGGAGGCAGCTCACTTGCTTCAGGCGCCCAGCTTGACAAGGTGTTTCACATCGTTACCTCAGATCCGGCACGGAAAGCTGTAGTCGTTTCAGCTCCGGGAAAACGCTATGCCGAGGATACGAAAGTGACTGATCTCTTAATCGCATGTGCAGAACAATATTTGGCAACAGGCAGTGCACCTGAACTGGCGGAAGCAGTTGTGGAACGGTACGCTCTCATCGCCAATGAGCTTCAGCTGGGGCAAAGCATTATCGAAAAAATCAGAAATGATCTGTTTACGCTTTTAGAAGGAGATAAAAGCAATCCCGAGCAATACCTTGACGCAGTCAAGGCCAGCGGAGAGGATAACAATGCCAAGCTGATCGCCGCTTACTTCCGTTATAAAGGCGTCAAAGCGGAATATGTAAACCCGAAGGATGCCGGCCTCTTTGTGACAAATGAACCCGGCAACGCGCAAGTTCTTCCTGAATCCTATCAAAACCTCTATCGTCTTCGGGAACGTGACGGACTCATCATTTTTCCCGGTTTTTTCGGATTCAGCAAGGATGGCGATGTGATCACATTCTCACGGAGCGGTTCTGATATTACCGGTTCGATTCTTGCCAACGGACTACAAGCCGATTTGTACGAAAACTTTACAGACGTGGACGCTGTGTATTCTGTCAATCCGTCCTTCGTTGAGAATCCAAAGGAAATCAGCGAGCTGACATATAGAGAGATGCGGGAGCTGTCCTACGCGGGTTTTTCAGTGTTTCATGATGAAGCGCTCATTCCGGCATTCAGAGCGGGGATTCCTGTTCAGATCAAAAATACGAACAACCCCTCAGCCGAAGGCACCCGCGTCGTCAGCAAGCGGGATAACACAAACGGGCCTGTCGTCGGCATTGCCAGCGACACCGGTTTTTGCAGCATTTATATCAGCAAGTATCTCATGAACAGAGAAATCGGTTTTGGCCGCAGAGCCCTTCACATCCTGGAGGAGCATGGTTTGA
NZ_CP117986.1_gap69	2416674	2420161	3487	TTCCCGCCTGCGAATGCGGCATCATCCCGATTACGAGGCGGCTTCTGTTAAAGGGAGTTCCTCTGCATGCGGGCGTTGCTTTCATGCTGACCGCGCCTATCATTAATCCTATCGTTTTATTTTCTACTTATATTGCGTTCGGGAATAGATGGAGCGTGGTCTTTTACAGAGGCGGACTGGCTCTCGCCGTTTCGCTGATCATCGGGGTCATCTTATCCTATCAATTTAAAGATAACCAGCTTTTAAAGCCTGATGAACCCGGGCACCACCATCATCATCACGGCACCTTGCTCCAAAAACTGGGCGGGACCTTGCGGCATGCCATTGATGAATTTTTCTCCGTGGGGAAATATTTAATCATCGGCGCCTTTATCGCAGCCGCTATGCAGACGTATGTCAAAACATCCACTCTGCTTGCGATCGGGCAGAATGATGTATCCTCTTCCCTCGTGATGATGGGTCTGGCGTTTGTCCTGTCGCTTTGTTCAGAAGTTGATGCGTTCATCGCGTCTTCCTTCAGCAGCACATTTTCATTAGGATCGTTAATCGCCTTTCTCGTCTTTGGCGCAATGGTGGATATTAAGAATCTATTGATGATGCTTGCGGCCTTCAAAAAACGATTTGTTTTCCTGCTGATTACCTACATTGTCGTGATTGTTTTAGCGGGATCACTACTGGTAAAGGGGTGATTGGATGTTTCGTCTATTGGTGCTGATGGGATTTACGTTTTTCTTTTATCATCTGCATGCCTCAGGAAATCTAACAAAATATATCAATATGAAATATGCCTATCTTTCCTTTATTGCGATCTTCCTGCTGGCCATTCTGACCGCCGTCCAAGCATATCTATTTATCAAGTCGCCTGAAAAAAGCGGTCATCACCATGACCATGATTGCGGGTGCAGCCATGATCACGAGCATGACCATGAACAAAACAAGCCATTTTATCAGCGTTATTTGATTTATGTTGTTTTTCTTTTTCCTTTGGTGTCAGGCATCTTCTTCCCGATTGCAACGCTTGACTCATCCATAGTCAAAACAAAAGGGTTCTCGTTTAAGGCGATGGAGAGCGGAGATCACTACTCCCAAACACAGTATTTGCGGCCTGATGCCAGCCTTTATTACGCGCAAGACAGCTATGACAAACAAATGAAACAGCTGTTTAATAAGTATTCCAGCAAAAAAGAGATTTCTCTGACCGATGACGATTTCCTAAAAGGAATGGAAACCATCTATAACTATCCGGGTGAATTTCTCGGACGGACGATAGAATTTCATGGATTTGCTTACAAAGGAAACGCAATTAACAAAAATCAGCTGTTCGTATTAAGGTTTGGCATCATTCACTGTATCGCTGATTCCGGCGTGTACGGGATGCTTGTGGAATTTCCGAAGGACATGGACATCAAGGATGATGAATGGATTCACATTAAGGGCACTCTGGCCTCAGAATATTACCAGCCATTCAAGTCAACTCTCCCTGTCGTCAAAGTAACTGACTGGAATACCATTAAAAAACCTGATGATCCGTATGTTTACAGAGGATTTTAAGTGAAGACGAAACCAGTACAAGTACTGGTTTCTTTTTTATTTCTTTTTCATCAGCATCAAATCGAGATAGAGCTGGCACCGCGTTCTGAAATCGCTTAAATCGATCGACGTCATCTCAGTAATCTGTTTGATGCGGTAATTCAATGTATTTTGGTGAATAAACAGCTGTTCTGCCGCTGGTTTTGTTTTGCAGTTGTTGAGGAGATAGATTTCCAAGGTTTTGAGCAGCTCAGTGCTGCTTTCTTCGTCTTTCGCTTTTAATAAAGCTAAATCTTTATTCTCGTATTCTAAAAATTCATTTTTCTGTTCGATGCTTTCTAAATAGCGGTAAATGCCGAGTTTGGCATATTCATATGGAATGTTTTCCTGATTGCCGGTGATTTCTGCGGCTTTGATGACTTCAAGTGCTTCTGTGTAGCTCTTGCCAAGTTTTAATAGGTGATTATATTCGTTTCCGATACCGATATAAATAGGGGTAGGTATTTTTTGAAAGTGAAAATGTGTTAACAGCTTGTTAATAAACTCAGAAGCTGCTGAGGAGACGGAGCTTTTTTGGGAAAAACTCGCTACGACGATGACAATATTTGATTCGATCGTTAAGACATGACTGACCTTATCCCGTAAATTCAGGTACGACCTGATATTTTCCTTTAAATCCTCAACCGCTTCCCCATCCCCATTTGCGGCGTGCAGGATCACAACTGAAAACATGGAAGGCAGCACGGTGTTGATCCTTTCAGCTTCCCGTCTGAGTTCCTTCTCAGAGGTAAATTGCTGATAGATCGCCCGTTTGATGAGATCCTCTGCTTTTTCTTCCTTTTCCTGTTTCAATTTATTCGTTTTATAAATGATTTTCCCGACATGGAAGGAGGTCTCGTACAAAAAGTCGAGCTCTTCATCCGTCAGATTTTGGTCCAGCTCCTGAATCCAGATGTAGCCCATGACTTCCCCTTTGTGCTTTGCACTCACGACCACCCTCTGGTTTAACCCAATGCTTTCAATTTTATTGACGCGAAAAGGCTCAGGCTCTGTTTTCAATTTTTCAATAATTCCGTCCTTCAGAAACCTCTCAAAAATCTGGACCGGACACTTTTTCGAAAAAATAGTCTGCTGGTTGGCAGAATCAAAATGGTTAATATAGTAAGAATTATAGGCTAGCAAAAAGAAATCCGCGCTTTCCAGTATCACTGGCTTTTGCAGTTCATAGCTAATAAAATCAATCAGCTTATCAACATCTGAAAATGAAAAAACTCTCTCTAAAAGCTCTTCCATACCTTTTTCTCCTATACTTTTTTTACTTTAATCATATCCATACGGGGTCTTTTTGTATAGAAAAAAATACGTTTGTTTCCAAAAGAAAAAAATGCCGCTTAAAAGGAGAAAAGAGGAAAAAGGGACAGCCCCTTCCTCCTCCTTTCGATCTTTATTGTGACATTGTATCTTGGTAGTCGTTGAACTGGTCTGTGACAGCTTGTGACGGAGCCTGCGTCAATATGCTGACAAAAAAGACAGATAATAGACTCGCAGCAAAACCAGGTATCATTTCATACAGAAAGTCCGAAAGACCGGCATTCGCCCAAATGATTACAGTCGCTGCTCCCACAATCATGCCGGCGAGTGCCCCCCATTTGGTCATTCGTTTCCAAAACAGACTGAGCAGTACAACCGGCCCGAATGATGCACCGAAGCCCGCCCACGCGTAGCTGACCAATCCAAGGATGGTGTTATTTTTCTCCCAAGCCATAACCAACGCGACAATTGAAACAGCCAGAACAGCCAGTCGGCCTAAAAACACCAGTTCTTTATCTGAAGCTGAGCGTCTGAACATCGACTTATACAAATCTTCTACCAGAGAGCTTGATGTCACAAGCAGCTGGGAAGAAATTGTACTCATAATCGCGGCCAAAATCGCTGAAATCAGAAAACCCGTGATAAT
NZ_CP117986.1_gap70	2450315	2454583	4268	ACGCCTGCCAATCTCATTTCTACAGCCTTCTGTTTCACTTCAACCGGATAACTCACTCTTGTCCCCATAGAAAAAACACCTCCAAGTCTAATTTCGGATAACAATCATCCGTATTCAAACTTGAAGGTGTTTTTATTTGTCTCATCTTATGGGGTCAGTCCCTGTTCCACAAGCGGGGTTTTTATTATTGCTGCAATGCTGCTTTTTTAATATTATCCTGAAGCTGTGCAATTCGTCTCGCGCCGTCTTCGCGGAGGCGTTTGTTTTCTTCCTCGATTTGTTTTGTTTCCTGCATGCCGCTGACAATCGTGTTCCAAGACGATTCGATCGTTTCAATATCTATGCTCGGTCTGCCGGCCATTCTGGCAATTTCAACACTTTGGCTCGAGATGTTTTCAGCATTTCGTTTCAGCATCTCGTTTGTCCGGCGGTCAAGCTCGCTCATGGAATCAGCCACAAGCTTTTGCCGTTTCACCGTAACAGCCTGAATAATGCCGTTTTTGAAAATCGGAATGGTAATGATAAACGCGGAGTTGATTTTCCCGATCAGCTTTGCATTTCCTCGCTGCAGGAGACGGATTTGAGGTGCGGTTTGAAGCGCCACCATCCGTGCCATGTCCAGATCATACACCCGTTCCTCAAGCGCCTGAATGCCGTTGCGCAATGTATCGAGCTGCATTTGCGCCAGCTGGTTTCCGCTTGCCGCTTTTTCCTCATATGAAGGAAGGATCGACTGCATCTCTTCCAGTTTCATCTGCCCGGCAACGACGTATTTTTCAAGCTCCATATAGTATTTGATATTGTTTTCATACATTTCATCGAGCGTGTAGTTCGTCTTCGTCATCTCATCTTTGTATTTTGAAATCTCAACGTGGATTTTTTCAATCTCTCCGCCAAGCGTCTGATACTTTTTAAAGATTTTTTCAATCATGCTGCCGCCGCGTTTGAAAATTTTCGCCATTAATCCCTTTGGCTCATCAAAATCATTTTTGTCAAAGCGGTCCATGATTTTCCCAAGCTGAGTCAGCATTGTGCCGGAGTCTGTCACACTTGTTGTTTTCATCATCCCCAAGATGCGGTCAGAGAACTTGGATATTTCAACGGCCGGCTCCTTGCCGTACTCAAGCAGCTCCATTTGGTTTTTAACGTCAATTTGTTGAGCAAGCCGCTTCACTTCTGGTTCCTGACGGAGCTGAAGACGGATATCGTCAGCTTTTTGCTGGGAAATCTCTTCATTTTTATCGAGAACAAGCGGATTTTGATTTTCTGTTGTCATGCTTTTCTTCTCTCCTTATTTTTGGGTAATGGTTCTGAAGAGCCTTTTCACAAGCGAAGGCTCTTTGTAGTCCTGCTGAAACACCATGTCATCCAGCCAGTGGATATCATACTGGTCCTCTTCAATAAACTGCTCAATATCTTGGTGTCCGGGCGGATTATAAATGATGATATCGATTCCGATTTCATTCAGGAACAGCAGGGCGGCAGCATCCGAACGCGCGAGTCCGCCGCTCATTTCCGTATGATATAAAACGAGTTTCGGAACGGTTTGCGCATAGTCGAACATTTGAATCAATTTCAGCAGATTAGCAGGCAGGTTTGTTGTTTGTTTAAACAAATAGATTTGAACATCCTTGACTTGTTCCTGATGCAAAGCTTTAAGCCGCGGGTGCCTGCACATTCTCGAAATCGTTTTGGCAATGGCAGTCTGAACGCCCGCCGGCAGCTGTTTGTACTGCCACACATTGCTTGCCATCAGCTTGTCCGGATCAATGTTCCCTTCTTGATCAAGTGCGTGGCTGTAGTGAAATTGATAGTTCGACTTTATTTCTTCTGTAAATGGAAAGCTTCTGACCATTTCGGTTTCCTGATAATCCGCTAGAGTATGAAGCCTGTTCCAATATTCCTTATTGTCTTTCGACACGCCCATAATTTTGGCGAATACATTCGGAATCTCAATGGAATGTTTATCAGCTTTGAAATTCGGCCGAATAAAGGCGCGTTCTTTCGTGATTAAAAACAATTCATCATAGGTCGTTTTCAGCGTAACGGACACCGGTGTGTGATCTCTGAACTGCCACGGCTTATACAGCATGGATTCCTCGTGATTCAGCACATGTTCAATTTCCTTTGTTGAGCGGTAAGCCACTGTTGATTTCCGGTCTGGTTTTTCTTTCGGAAACGGCTGAAGCTCAGAAACATCCGGGAGCTTTTCCGTAAAACCGAGCTCCTGCTTCGGGTCGACAAGCGCCAGCTGATCGATTCCCGCCGGATGGAACAGTAGTACATCACAGCCGACCAGCATCAGATAATATAAGAAATAGAGCTGGCTTTTCGTCGCATCTCCATACCAAACAATCTTCGGCATCTCCCGCTCTATATCGGTTTTTTCCAGCCAGGGGTTCAGATGGTTTAAGGAAAACTTCGAGACATCAAGCAGCACTCTGCGAAAATCAGGATGATTCAGCCCCTTTTCATGACTGTCCGCAAAGGTATGTAAAAGCGTCATCAGCGCTTTTCTTAAATGGCGGTGCATCAGGGGATTTGAGTGCTTCGCAATCAGCTTTTCCCCGTCCAAAAAGGCAACAAAGCGGCTGACTGACAGCCCTTTTTCTTTCTGATTGATGGAATGAATATGCTGAAGCTTTTGAAATGTTTCCGGTTCGATTGTTTTATCAAGCGTTTCACTCAAAATCGTTATGCGGTCGTTTACAGACAGCTCATACAGCTCGTTATAGTAGTCCGTCTCATCAATAGGCGTGCCCAATATCTGACCGGCAAGACGAGAAAAAGAAAGGCCTTGTGCAGTTTCATAGTGATCCCGCTCCGGCAATGGCTGAAACAGCAGGCTTTTCCAATCGCCATCAGCCGGAAGTGCTTTATGAATGGTTAGTTCTTCTTGTCTCATCATATCCTCCTTTCCGGTTTGTCATTGAACGATATTTCGGTAACAAAAAAGGAAGGACATTGAACCTCCCTCCTTGTTTTGTTTTATTCTTCTTTTGAAGCGGCTGTTTGTTCGCGCACCTGCTTTTGTTTATTGATGTAGTGAATGATCAATGTTACCGCAAATGCAGCGATAATGATGATGAAGAATACAGAGTGCGGCATTTCGTAATGGAAAGCGCTCCCCGCCATTTTCAGCGCGATAATGCCGATTAACACGAATGCTGTGTTTTCCAGCTCAGGAATTTTATCAATCAGCACAAGGAACACTTTTGCCACTGTACGCATCATTAAAATACCAAGCATACCGCCGATCAGAAGCACCCATACTTTTTCAGATACTGCAAACGCGGCCAGGATGCTGTCCACAGAGAAGGCAAGATCCATTAATTCTACTGAAATGACAGTCGCCCAGAAGATCCCGAACGTGCGGACCATCCAAGAGTTTTTCTTGATGCCGTCCGCTTCCTCTTCTTTTTCGCCTATCCAGAAGTGCTTAATGACGAGCCAAGCCAGGTAAAGCGCGCCAAGCACCTTGATCCACCAGAATTTAATGAGAAGCATACCGAGCCCGATAAAAATAAACCTGAAAATATAAGCTCCAAACAAACCATACGTTAACGCTTTTTTCCGCTGTTTTTCCGGCAGGTGTTTAACCATGACCGCAAGAACAAGCGCGTTATCGGCCGATAAAAGGCCTTCCAGAACAACAAGGGAACCGATCAAACCCCAGGAAACAGGATCCGTCAGAACTTCCCCCCACATTTTCCAATCGAAAAATGAAGCATACGTAGACAAAATATGATGTAAAAAGTCCAAGTTTTTTCCTCCTATTAATTTGAAACGGTGACTTCTCTATTTGTCACTCGCTTACACTTGCAAACCGTAATTCCGGCACAATGCAGCCAGCCCGCCGGAAAATCCGCTGCCGATCGCATTGAATTTCCACTCGCCGCCGTGTCTGTAAAGCTCACAAACGACAACAGCTGTTTCAATGGAGAAGTCTTCTCCCAAATCGAAGCGAAGAAGCTCATTCTGCGTTTCTTCATCCACAACGCGGACAAATGCATTGGAAACTTGTCCAAAGTTTTGGCTGCGTGCTTCAGCGTCGTGAATGGTCACTGTGATGCCGATTTTCTCAATGTGAGCAGGGATTTTTGAGAAATCAACGATAATCTGCTCATCATCTCCGTCGCCCTCACCCGTGCGGTTGTCACCCGTATGGATGACACCGCCGCTCGGATGTTCAAGGTTATTATAGAAGACGAAATCGAGATCATTTACGCAGTTATCATGCGCATCAACTAAAAAGGCCGAAGCATCCA
NZ_CP117986.1_gap71	2519423	2521116	1693	CCCGAAAAGTAGCACGTCACATGTCTGACGCCGGGAATAAAATAACCTAAAATAAGAGAATATGGACCGTATTTCTTCATCCATTTTTCCACTTTCATCATTCTTTTTTCTTTTAAGCCGACCCACTTGCCGTACTTGTCGATAAACGGGCGTCCGGCTTTTCTGCCAATCATGTAGCTGATCAGCATACCTAACAAAGCCCCGACAAAACTAATCAATATCGAAAGCTCATAATTCAACACATCGGTATGCGTGAAATAGCCAACAACGGTCATCATTACTTCATCTGGAATCGGCAATCCTACAATCCCTAATACCAACATCAAAAAAATAGCGAGATAACCGTAATCCGCTATGAGCTGCTGAACTAATTCCATCTCCCAGACTCCAGGTTTTCTGCCGCATGTTTTTTAAAATGAGGGAATTTTATTTTACTCACCATCAAATATGAGAGTCCGCAAGTGCCGATTGCCAGAAGGATCGGGTTATAGGTGAAGCTTAAAATAACGAGACACATGCCCGCAAACGGAATCGGCATACCGATAAACGTCGGGAGCTTGCTTTGTTCAATGTTAAATTTAGAGAGGCGAAGCATTCCGCAAATGCTGTACGTCAATGCGCATAAGATCCCGATAAATGGCAGGGTATACAACGCGACACTGTAAGCAAGCATAGAAGGAGCCACCCCAAACGTAACCAGATCGGCAAACGAATCCAGTTCTCTCCCCATATCAGAAACGGCATTCAGCTTACGAGCAGCCATCCCGTCAAAGAAATCAAGGAACATGCCTGTAAAAATAAAAAGCACTGCTGAATGAATGTTGTGATATAGCAAGGAATGAATCGCCAGCAATCCGCAAATGAAGTTTCCTATCGTAATCATACAGGGGATGTAATTCACAGTGTAATCAAACCTCCAATTGTAAAACCATCTATATTATTTGACGATAGTGATCGAATAGCGTTACAGGAAAAATTTTTCTCCAATAAGCATGATAACATAGAATGCTCCCAAAAAAAGCAGCATTCAAATTCTATTATTATACAACATTTGTTACCTTTTGAAAAATGAATGCCAATCTTTTCATGTTCCTTACTATTTTATCCCCCCGCATAAAAAGGACAAGACGCGTTGATTGACGTACTCTGGCTGCTCCAGAGATAACAGATGTCCGGCGTTCTTTACGATTTCAGCCTGAATTCCCGGCACCAATACCGAAGCCCGCTCAAAGGCCATTTGCTGATGGTACATGACCTCGTGCTCACCGAACATCAGCAGTACCGGGACTTGTATCGATTTCAATTCCTGGTCTGTGAACACGTACGGAAAGCCGTTTTCTGTCGGCTTCAGGCTCCTTAGTTCATCCTGCCATTCCACGCCCGCCACAATTTGTCTTTGCAGTAAAGGATGCAGATCATAACTGTTGCCTGTGATCCACTTGATATATGATTCAGCTCCTCTTGCCCCTGTAAGCTCTGCAACGTATTTATAGACATCCGGATGAAATGAAATAAACGCTTCAGCGGGACTCATAACAACCGCCCGCTCTACTCTTTCAGGCGCGCGGAGTAAGAAATTCACGATATGGGACCCGCCAAGCGAAAGGCCGGCCAGGTGTGCCGTCTCAAGTCCAAGAGAATCAAAGACATCTTTCATCCATTCTGCAAAATCAGCTCTCGTTTCCATGGCTGA
NZ_CP117986.1_gap72	2528477	2533342	4865	TTTTTATACCATGCTATTATTGCTGCTACAGAGGTGAATACCATAGATACGAATTGTTCCAATTGTTCATTGTCTAAAGGAAGAGGTGATTTGTTATATATTGTGAGTAGTTGGTTTATAAGTGCTATGATCAAGACGAACGTTCTAACAAATGTCCCTTTATCCATCATCAAATCTCCTTTATTTTTAAAATCTATTGCTATCAGTTAAGAGCTATCTTTTTAAAAGTATAATAATTGATAACTTTAAAGAAAAAGGTAGAAGTATTTTGATTTAGTTATACTTCTATCTTCAACTTTAAAGATTTTATGTACCAATCTGCTTTTATACAGCTCTATAAAGTTTTACATGTAAACAACGCTCCCTAAGCTGATCAATAATTTATCCATTACCTGATTACGTATTACAAACAGTGCTTTATCACTATAACCGATCTCTAGTGCACTTTTTTCAATGGTCCAATTTTTAAAATAACGGTATTGAACAAATCTGTACTCTAGTTCTGTTAATTCTGATAATGAAATATCGATTGAATCTTTTAGAAGTTTGATATGTTGCAACTCACCGGCAAGTTTATCCACCGATTCCTGAAACTCACAGTCATCATCGATGCTTTCTTTAAAGATTTCCATATTATCATTTGTAGCTATGAATTCAAGCTGTTTACTTAGATTAAGGATGGCAACTTTGTAATTATTGTAGTTCTTTAAGTGCTTCTCAATATTTTTCACTAGTTTTTTTCTTTTAGGTTTACTAATTTCTTGAAGTGTATACATATGCAATCACCTTTCTTTTCCTAGAAAAAATCGAACTTGTGTTCCATATTTTAATTAATTGTCCTCAAAAACATTCGATATAAAAAACAAGGAATTTTTGTTAAAAGAAACCTACTTTCATCCTTTCATTTGTTTTTAGATTTATCCCTATATACCTATTTTAATTGTAAAAAATTCTTTCATCTCTAATATTTGTAACCTTATTCTGGCTGAAAACTCTAAAAATAATCCAAAAGTTTATTTTTTTGTAAATAAAAGACCTAAAGGGTATAGACATAGCCTTAAGGGCTTGTTTGATACATAATCTATTTCATTAGGACTTTTTATAGATAGTGCGTCTCAAAGCCTACGTCACTCTCTATGAAAACTAAAACTCGGTTATCCGGACTTTCGACAAACCTTTGAAGAGGAAAAACAGTAATCAAACATCGGAACTTTTCCAGTTCCTCTCTTTCTATGTGGTAGAATCATGAATATATGCTTTTTCTAGAAGTCAATTGCCCGAATTGATTAAAATTGCTGACACAAGTGATCTCATGGACTATTGATAAGGTGACAAAATTTATCCCTGTCAGCACAGGTAAGGCTAGGTATTAGAACCACGGGCGCTTAATGACATTATGTCTACAACGCGGCAGTGATTTTATATAAAAAGGGCAGAGGGCCCAATTGACCTGCTGATTTTCTAAAAGATTTAATCGGATTGCCTATGGCTGGTGTTAGCGGTAAATGTGGTGAACAACTAATATAATGCCCTACGTGGCATAATACGTTCACAACAAGTTTGAATCATTCATCATATAAACCTTCTTGAAAATTTGTGTCGATATACTTCTTTACCAGATGTTTAATTTTAAAATACTAAGTTATAACGAACGTAGGTGAAATCAGAGTATATTTTTGACCTCCTGTTTTCTTCTACCCGCTGACAGAATTCGTTCACATAGAAAGTCAGCATAGATTTTAAAGCCCTGTTGAGTTGGAAAAATCCAGATGCCCGCCTATTAGCACAATATGTATACGTTTACATTAGTTGAGATGGGCACCACAAATCCTATTCATGACTGATGGAAAAGAAAGCAGACCAATAACGGTCTGCTTTCTCTATTCCTAAACAGCAACATCATACAAGAAATCCCCCTAAATCATGCTACACTTAATCCAAGACCACCACACCGACAGGAGGCATCCCATGCAAAACGAAACCCGCACATTGCAGCTTGACCCACACCTTCATATAGAAGCCTACCGTTTCAAGGGAATTATGCAAAAGTTCCCGAACCACTTTCACGATTATTATGTGATTGGATTTATTGAAAAAGGGCAACGGTATCTGGCCTGTCAGGATCAAGAATATATCATCAATCCAGGTGATCTTCTCCTCTTTAACCCCCGTGACACGCATAGCTGTGAACAGATTGACGGCCGGACGCTTGATTATCGGTGTATCAATGTTATGCCGGATATCATGGAGAAGGCGGTGAAAGAGATTACTGGCTCCGGGCATCTCCCTTATTTCTCCCAGCATGTGTTATTCCGCCATGAGCTGACAGCCAGCCTGCAGGAATTGCATATTTTGATATCCGAGGAAAAACAAGCTTTGCGTAAAGAGGAGCTGTTTCTTCATCTATTAGAAGAGCTGATCCGCCATTATTCAGATGTCACGTTCCTTAGCAGCGTTCCAGAACCATCAGACGAAGTCAAAATGGTTTGTGAATTTTTAGAAGAGCATTATGCCGAAAATGTTACACTCAATGATTTGAGTGAATTAACAGGCTGGAGCAAGTATCATTTATTGCGTTCATTTACAAAACAAAAAGGCATTACCCCTAATAGCTACATGGAAACAATCCGGATTAATCAAGCCAAAAAACTCCTTGAACAAGGGGTAAGGCCGATTGATGCGGCATTTCAGACAGGATTCAGCGATCAGAGTCATATGACGAAGTTTTTTAAACGGCAGGTGGGGCTGACGCCGAAGCAATACATGAAGATTTTTGAAAAGGAGCTTCACAGATGAACATACAAAGAGAAACTTCGGGGCATATCGCAGCCATTGTGACCATTCTGATTTGGGGGACGACCTTTATTTCGACAAAAGTTCTGCTGGCTGACTTCTCTCCAATGGAAATATTATTTTATCGGTTTTTGATGGGCTTTATCGCTCTTATCCTCGTCCGTCCCAACATGATTCCGTTCAGAAATTGGCGGCAGGAGCTGTTGTTTGCCGGAGCTGGTTTATTTGGCGTAACCTTATACTTTCTATTAGAAAATATAGCTCTCACCTATACATACGCATCCAATGTCGGCATGATCGTGTCCATTATACCGATGATCACTGCGGTTTTGGCCCATTTTCTGCTCGAAGGCGAAAAACTGCGTCTGACTTTTTTGATTGGATTTGTCTCGGCACTGATCGGGCTTTTATTGATTACGTTTAACGGCAATGTGGTACTGCGTCTAAATCCGCTCGGAGACATCATGGCAGCCGGGGCTGCTCTCGTGTTTGGCGGATACTCGATATTCATGAAAAAATTAAGCGCTTACGAATACCACATCATCGAGTTGACACAGAGAGTATTTTTGTACGGCTTATTGTTTATGGTTCCCGCTTTATTTTTGTTCGACTTCCATTTTGACCTAAGCCGATTTTCATCTGCTTCAAATATACTCAACATGCTTTTCTTAGGGATTGGCGCTTCTGCCCTGTGCTTCGCCACTTGGAATTATTCAGTTGGCGTGCTCGGAGCCGTCAAATCCAGTGCGTATATATACATGGTCCCGGTTATCACAATCGCCGCCTCCGTCCTGATCCTGCATGAAAACATGACATGGATCGCTCTTCTAGGAGGCGCCCTTACGCTTTTAGGCCTCTACATCTCGGAGATGAAACCGAAAGCGAAGCTGTTGGAGAATGGATGTAAAATGGATGCTTAACGGCATCCATTTTTTATTTTGTCCTACGTTTGCCACCTATAAATGAACGCAATCTAACAAAGGAGGAATCGAAATGGTTGATGAAATGGTCTTAATCACACAGCAATGGCTAAACGATACGTACAGCGGCAAACATGGGTATAACCCAGTTGAAGAAAGCGGGAAAACTGGGTGGGATACAATCTACGGTCTGACTCGGGCGCTTCAAATTGAATTGGGTATCTCAGAGCCAGCCGATAACTTCGGGCCGACAACACAGCGCTTATTTAAGCCTCTTAAACGCCAAGCTCCAGATTCAAAACCAAGCAACATGAATTTTATTTTACAAGGGGCTTTATGGTGTAAAGGCTTTAATCCCGGCGGTTTTACAGGCGTCTTTTACGAAAAAACAGAAAATGCGGTAAAAGAATTTCAAAAAGCTGCCGGACTGACAACACAGGATGGGATTGTCACCACGTTAATTATGAAAGCCTTATTAGACATGAGCGCTTTTAAGCTGGTGTCTGGGGGTGATTCAAGAATTCGCCAGATTCAACAAAACTTAAATCGAGACTACAATGACTATATCGGGTTAATGCCTTGTGACGGACTGTATGGCCGCGATACAAATAAAGCTCTTATTTATGCCCTGCAAAAAGAAGAAGGCATGAGCACAAGTGTTGCCAATGGATTTTTCGGAAACGGCACCACAAGTTTATGCCCTACTTTAACTCCCGGCGATTCAAGAACAGGATTTGTCTTAATTGTTCAGTACGCCCTCTATTGTAACGGAAAATCGTTCGATCCTGGTGAGTTTGACGGCAAATATGGTGTGGGTGTTGTTTCAGCTGTTAAAGCATTTCAAGAGTTCATGCGCCTGCCGCAAACAGGTTATGCAGATATGCCAACCATTAAAGCTTTATTATCAAGCTCAGGAGACACAACTCGCGCCGCTTCTGCTTGTGACACTGCTACAATTATAACCGCAGAAAAAGCTCAAACACTGCGGAATAACGGTTATAAAACGGTTGGCAGATATTTGACCGGAAATGTGCGGACAAGCAGCGGCCTCACATCAAAAGCCCTGACATCTAAAGAGCTTGCAGTTATTCTTGATGCCGGATTGAAGGTTTTCCCAATTTATCAAGACGGCGGCTATGAATCTTCTTATTT
NZ_CP117986.1_gap73	2536010	2538680	2670	ACCGCAGCTGGCTCCCTCAGCATCACATTCATTACGCTCGCAAGCACGAGCATTCCAATCGACAAATAAAAAGCCAGTGTATACTCACCCGTTACCGTATAGATGACGCCGGGCACATACGCACCTAGTGCCGATCCGATCTGATGGGCGAGTGACAGCCAGCCAATCATGAGGCCGATCGAGTAGTTTTGAAAGTACTGGGTGGCGAGCATTTGAGTCGGTGCTACCGTTGCAAAGTCCACTAATCCAAACAGAATCGCAAAGGCTAAAAGCAAGTAGGGCTCGTGGCTGTAAATAAGAATCACGATCGACAGCGCCCGCACCGCATATAAAAAGCACAGGATTTTCCGGCTGCTCCACCGGTCCGCTACAATTCCGGACAGCAAGATGCCAGCAATATTAAGCCTGCCAGCAGACTGACAGCAGCACTCGTGACTGTCGTTGAAAAGCCATGATCATGAGAAAACGGAATCAAATGGGTATCCATCAACCCCACGGTCGTAAATCCACAGATCAAAAACGGAAAAATCAAGAACCAGAATTGCCTCATCCGAAACATCCCGGCCACTGAAAGAGCTGTTGTTTTGGGTGCTGTTTCTTTTTCTGATGCAGCCAGTCCGCCTATCGGCTCTGTATTCTTTTCTGAAGGATTGTTCCGCAGCATCAGCAGCGCAGCCGGAAAGACAATCAAGATTAACAGCAGTCCCAACACCACAACCGTCAGCTTCCAGCTAAACCAATGGATCAACATGAGTGAGCCGGGAACGAGAAGCATTTGCCCCGCGCCAAAGCCTGCTTCCATGGTCCCAAAGGCTAGTCCCCGCTTTTTGCTGAACCAATTGACGACCAATACACTTGCCGCCACATTCGACGCTCCTCCCACTCCAAGCGAGACACCCAGCCCATAAAGCAAAAACAGCTGCCAAGGCGAAGTCACAAGGTATGTTAAGAAAATGCTGACTCCTGTCAGTAACGCACTCCATGCCAAAACAGCCCGGGCACCCCATTTGTCCACAAGCCGACCGATCACAGGCTGTGATATGCCATAAACAATAAAACTCACCGTCGAAATCAGCGAGATGGTGCTTCTATCGATTGAAAACTGCCGTTCCCACGGCTCCACAAACGCACCAAACGACAGCCGCACCCCCTGAACCGCCAATAAGATCAAAAAGGTGACGGAGACGATGATCCACGCATAATGCAGTCTTTTCATGACAGCTCCAAATCCCACCGTTCTTCTGTCAGCTGCTGTCCCCATAATGGCGCTTCTTGTTTTACTTCACTTATCCTGAATCCAAATTTTTTATAGAGCGGACGAGCCTCAGCCATCGTGCTCACCGTCCAAAGGAAAATGCGGTCAAACTTCATGTCTTGGCAGTATGCAACCAGATGCTCCAGCAATTGCGTGCCAAGCCCCCTGCCCCGAAAATCCGCATCAACCAGAAACCATCTGAGCTGGACTGTCTTTTCATCGTGCTTGACCAACCCGACAGAGCCGGCAAATTTCCCGCCGCTTTCCGCAATCCATATTTTTTCGATGTCAGCGTCAAATGTCTCCTGAAGATAAGCTAAAAACGTGTCATCCCAACCGTGAGCCTCCGCGTAAAATTGTCTTTGTTTCTCAATAAGGAGTTGAATATCCTCCGAAAGAAAATAATCTCTAATCGATATCTCTGATGTTCTGGCAGAAAGCGACTGTGAAAGGATCTCTTCAATCTCTGCCATCGCCTCGGAAAGCTTCTGCTGCTCCTTTTGGTTGATTTCCTTCAGCATCAGTTCTACTTGTTCGTTGGCTTTCTCCTCCAGCTTTTTATAAATCGTTTTTCCTGTTTCTGTGACAAAAATGTAATGGTGGCGAGCGTCATCTTTGCTCCTCTGTTTATAGATCAAATCTTCTATTTCAAACTGCTTCACAATCCTGCTGACATATCCCCGGTCAAGCCCCAGCTTATCCTGAAGAGCTTTTGCCGTACAATTAGGCGTATTATAAATCTCAAATAAAATCCGTGTTTCTGTTAAGGAAAACGGGCTGTCGTAAATGTGCTCATTAAGGAAACCAAGGACGTTTGTATAAAATCGATTGAACTTTCTGAATTTTAATCCGACAGATGATTCTCTTGTTTTCAAATCAATCCCCACTTTCTAATATCGTTGACTAAAGCAATTATAATCACATATAGTTGCTTTAGTCAACGATATGTTAGAAAGTGAGGTCTTTTTAATTTCCTGATTCCTTCCTTTTCCTTACCACAATCAATGTGATATAGGATAAAGCCAGAGAAACCAAGCTATAGACAACAGCCCATCCCAAAAATGATTGATTAAAAATGGTAAAGGTGAGCACAAGAGAAATCACCAAACTAAGCATTGGCATCAGATACGGGTTTTTACAAATACAGGTCCCGACAATCGATAGCAGCATAATTCCTAACGGTAAAATAAAGAATGCGATATCTAATTCATCCACCTTTAAACAGCCTCCCTCCAGATTTTTATGTTACTAGTAAAAAAATATAATTGCATTTAGTAAAAGGATAATATTTACTTCCCTAAGGCCCAATTTGAAAATTACCCGTTTACATTCGCTCCGGACTATGATAATTTAAGAAAGCGCTATCATGATAAGTTAATAGCTTGGATGGAGATGAGGAGAGCCAGGAATCCAAC
NZ_CP117986.1_gap74	2553730	2557653	3923	CCTCATGATTTCTCCATAAGGATGTGAAATACTGGCACCATAGCTTTGTATAGTCAACATATTCTCTGCAGAAGTGTTAGTTGCTTCTTGTAAAATAGGCTCCAAACCGTTTTCAATATCCGTCAAAAACAATACTTTTTTATTTTGGATTACATTCATACAGCACACCTCTTCCCTATGTTTATCATTTTTATTTTGAATAACAAATCCATTTGATAAATGCTTACATTCATCATTACCAGCTTTCCCAACATCCTTCTGGATCAATATTAGCCAGTCGGACCCATCCATTTTGAACTTTTTGCAGAAATGCTGAGTCATGATTTAATAACCGTTCTACATATTCTCTAGGTGCTTGGATGAGTATCAATAAACGAAGAGGAGAATGATAGGCCTCGTGATCTGATTCCATGACGGATTGCCAAGGCAGTCCGGCTAACAAGTCGCTTGCATTCCCCTGCATAACGCCGAGACCTGAAGTAACGGTTTGAGTTGCTTTATTTCCGCTGCCATAATAATGAGGTGCTACCGTTGATGCGTAATATTGTAAATTAATCCATTGGGCTACAGTTCCAGGTCCTGCAATAATATTTGCTAGGAGTTCACCGCTTTCATCCTGCTTCCAATCATAATTATGGAGAAAGGCTCTGCCTTCCAAATCACAATCCTGAGTTAGTTCACGTTTACCGATAATAAAAGCGGCATTACGAGCCAGTCCCCATTCCGGACGTATCTCACTCCAATCTTCCGCAAATCGGTTTGCCTCAGCCTTCGGATTTTTTAGCTTCGATTGGAAATTCGGTAATTGGGCTAGACGTTCTGCGTTTACATGATGTCTCACTTTCGGCATCACGGCTTCAATTTGTTCAAATGCTTCTTGTGCAGCTTCGGAAAGCTCTGGTACATAAAGCCAATGTAATTCATCCACCGTTGTATTATGTTCAGCTGCCGCAAAAACCGTATCCTCAGGGATTTTAATTCCTTCAGTTAAAAGAGCTTCTCGTACCTCTGATAGATTACATAAAGCAGCTAAAACTCTTGCATTGAATCCACCGGCCGCTCCACCGCAGGCGCCACAGTCAAGTGCTGCGGAATAAGGATTATTGGTACTTTGACTGCCGTGCCCGCATATCACAACCAATGGTGCGATATTCTCTGTTAACCCCATCATTTTTAATGCTTGGCGAGCATAGTTCACTTTTTCTTCATCAGTAAAACCCACAGGTATTTCCGCCTCTGTAGCATCATGATGAAGCGAGAGTTTTGTATCAGGTTTGCGCAACCAAGCCTCACGGAGATTACGAATGAAACGCCCCGCCTTTCTTGGCACAAAGCTACGGGCTGCCATTTGCAGAGTAAGCCAAGGTCCACTTAGCTCAGGCAGTAGTAAGCTCGAAAGCGCATTCTGCTTCATCGTTTTAAAGGTATGGCTTAAAGAATGAATTGCTTGCTTCCGTTGATTGTATTTTTTGAATACATCCTCATCTGCGAACTCTTTTATTTTATTTTGCGGTTTTTGTATGATCGGTAAGGAAGCATGACTGTGTTTACTGCCAAGTTCACAAGTTGCAATCGGCACCCCGAAGAAACCAGCAATACCAATCGTTTCAAACGGGCCTTCTTTTTCTAGTTGACGACGAAAAGGTTCTGATCGTACATCGATGCAGAATGCTATTTGAGCTAATGCAGATTTTTTACCGCCGGTTTCACGTTGTTTCGAGATGATCTTCTGGCTTAATCGATCAGTGTACGTTTGCTCCCAAGCTTCTAACCAAAGTTTCTTGCGAAGTTTCTCATCAAAGCTGTAGGCAAATGATAAATATTCGTTTTGTTCAATGGCCGTCATCTGTGACCATTCTTCTAATGTAAGCCCACCCCAATGAATCCAAGCTGCTATAAGGGGAGCAATTGAAATTTTTTTCTTAGATCGTTCATTAGTCAAAGGTAAGTATGGCTTTATAAGAGCCCACTCCATGGATATTCGAACCGCTAAATATTCTGTTAGGAGTGCATGTTCGTGGCTCGATTGCTGGGAGCGCCAAAGCATCATCCCTGCCCATCCAGGTAATGAAAGTAAATGACCTTCAAGATAAGTCTGGATTTCTGACTCTGGGATTTCTAGTGCGAATAAGGCTTCCTGTAAAGCCAAATGTGCCTCTTTCGGCCAATCCTTTACCCTTTCTCGCTGCTTTTTGCTAAGTGCTGGATCATATTGAATGAGATGCTGCCAAGCACGATAGAAACCTTCCTCACGATTAGGCATTGTCCAGCCTGCTTGAGAGTCATCAAGATATAATTTACTCCACTTAATGACATGATGATCTAGTATATTGACTAGCCTTTCACCATCTTGATTCTCTATATACGAACTTAGTGGCTGCATAAACACATTCTCGATATGATCCAATCCACTACATTCACCTACTAATTTCTCCAGCTCATGTGATGATAAAAGGTCGGAAGGCAGGGGATCTAACTTTAATGCAGCATGACAAAATCGCTCTGCCACGTCCCGTGGGATGTGATAAGAATGTGAATCAAGCCAACGCTGCAGCCCCATTTCCACAAAATCTTCATCAATCTCACCTTTATTCTTTGCTGAACGGATCATAGACGCACTAGGGTATATATCAACATCGCGAGTGTTTTTCAACCAACTTGCAACCTGATCAAAAGGTTGGTTTTCAAGTCCCATCCACGGATTACGTGCAGCAAATGTAGAAATAGGCCAAAGTGGCGCAATCACTCGGCTGGCAGATGTAATGAAAACGTTAAGATCCCTTTCTTGAACATCAATATCTGTATCTATCTTTTTTACATTATCTTTCGTTAATACGGATGTAATGCCCATCTCAGATTAGCTCCTTATGAAATATATTGTTTAAGGTAGTCTGGGTGACTCTCTACTGACTTTGGTTTTGCTTCACCTAATCGAACTAACCAAAGATAGAGCACCGCGAAAAAAACGGAAGAACGATAACGAGCAACCCATGTACCTAAAGCACTGCCAAATAATAAGAGACATACGACAATCATGACAGCTGACATTGGAGGTTGAACACTTTGAAAAATGGTTGTATGCAGCCACTTATAGAAAAGGTTATGAATGATAAAATATACGAGGGCTGCTCCTCCTAAAACAGTTAAGCCGGCAATTCGGCCAATTCGACCCTCTCCAAAAGCGACAAGCTGATTCCAAGAAACGGACAATGACCACCCTAAGATCAGCGCACTAATGAATTGATATACCTCTCCAGGAGCAGCGAGCCAAAAAGCAACGCCTATTACTAAGGATAAAATCCGACCAGCCATGACCCATAAATAGGATGTTCTTTCATTAGTGCGAGCCAATACTTCATGACGCCCTACTGCTGAACCAGCTTGTAGAAACAACGTAGCTTTGAATAAACCATGTAAAATAAGATGAATAATGGCTGCTATATAGGCGCCTAATGCACACTGAATGAGCATAAACCCCATTTGTCCAATCGTGGAGCCTACTAACTGACGTTTATAATCAACCTGGACTAAACTAATTCCAGTTCCAATCAATACAGAAATGCTAGCAAGCAGAAGTAAGATAATCGAAGCGATACCACCATGAAATAGAGGTGAAAATCGAGTTAGTATTATTCCTCCCGCATTTACTAAACCTGCATGCATAATTGCAGAAACAGGGGTTGGAGCAACAATAGACTCAACCAACCATCTTTGGAACGGCCATTGAGCTGCAGGAATAATCACTGCTAATACAATCAATAGCTGAATCCCTGTTCTCCCCCATTCTCCCAGCCCAGCTAAACTTTCATTTGTTACAACCAATGATAACTGCCATTGACCTGTGGCATGAAAAAGCCACGTCATCGCAAAAAACAAAGAAAACCAACTTAACAAAAATAACCGTCCAGAAATTTTGGCTGCTT
NZ_CP117986.1_gap75	2642638	2646745	4107	ATTCTTCTTCGATTGCTTTTACTAGGTCGTTCAATTCAAGTACAGTTGCTTCTTTAACGGAAGCAATGATTTCTTCGATATTTAAAGCCATTTGTAATTCCTCCATTTTGTTTTAATTTATGAAAAACTAATTAGATTAAGCGCCTTGTTCTTCCTTTTGTTCTGCCACAGCTTTTGCAGCAAAAGCAAGGTTGCGAACTGGAGCTTGAAGTACGCTAAGCAACATAGAAAGCAAGCCTTCGCGTGATGGAAGTTCAGCAAGAGCTTTCACTTCTTCAACAGTAGAAACTTTACCTTCGATAACGCCAGCTTTGATTTCAAGAGCTTCGTGATTTTTAGCGAAGTCATTAAGAACTTTAGCCGGAGCGACAACATCTTCAGTGCTGAATGCGATCGCGTTCGGTCCAGTTAAGAAATCATTCAAACCATTAAGCTCAGCTTGTTCAACCGCACGGCGAGTCATCGTATTTTTGTAAACTTTGAACTCAACGTTAGCTTCGCGAAGCTGTTTACGAAGTTCAGTTACTTCAGAAACGTTAAGTCCGCGATAGTCAACGATGATCGTTGATTTACTTTCTTTCAGTTTAGAAGCAATTTCTTCAACAACAACTTTTTTTGTTTCAATTGCGCTGCTCATGGTTACACCTCCTGTAGATTCTTGTGTAACACTTATACCGTTAGGTGATCACGACTGAGACGACGGATTCCATATAAAAAGCCTCCATGAGACATGGAGGCTGTATATACAAGCATACGTAACGTAATAGCTGTGATAATATACACCTCGGTAGGATAATTAAGCGGTTAGGCCCCTACTGTCTACGGTATAAATGATATTCTATTTTACAACATTTTGAATAATATCAGAATGTTGATGTCGTGTCAATATTATTTTACGTTAAAAGTTGAAGAGTCTACTTTGACACCAGGTCCCATAGTAGAAGTTACAGCAACGTTTTTCACGTAAACGCCTTTAGCTGCAGCAGGTTTAGCTTTAAGGATTGTATCGTACATTGTTGTGAAGTTCTCAACAAGTTTTTCATCCTCGAAAGAAACTTTACCGATAGGAACATGAATGTTTCCAGCTTTATCAACGCGGTATTCAACTTTACCAGCTTTGATTTCGCCGATCGCTTTTTCAACTTCGAAAGTAACTGTACCAGTTTTAGGGTTTGGCATTAAACCTTTTGGTCCAAGTACACGACCGATTTTACCAACTTCACCCATCATGTCAGGTGTAGCTACGATAACATCGAAATCGAACCAGCCTTGTTGAATTTTGTTGATGTAGTCAGTGTCGCCTACGAAATCTGCACCAGCAGCTTCAGCTTCTTTCGCTTTTTCGCCTTTTGCGAAAACGAGAACGCGCTGAGTTTTACCAGTTCCGTTTGGAAGCACAACTGCTCCACGGATTTGCTGGTCGTTTTTACGAGGGTCAACCCCTAAACGGAAAGCCACTTCAACTGTAGCGTCGAATTTAGCTGTGTTTGTTTTTTTAACGAGAGCTACTGCTTCAGAGACGTCGTAAGCTTTAGAACGGTCTACAAGCTTAGCAGCTTCAACGTACTTTTTACCTTTTTTAGCCATTTTAAAATTTCCTCCTTATGTGGTTATAGCGGAATAACCTCCCACGAATAAGGGTTGCGAACTTGTTAAAACTCGCAACCCGACAAGAAACAAATTAATCCTCGATTACAATACCCATACTGCGGGCAGTACCTTCAACCATGCGCATTGCCGCTTCAACGTCTGCTGCGTTTAAGTCAGGCATTTTCGTTTCAGCGATTTCGCGTACTTTATCGCGCTTAACGGTTGCCACTTTATTACGGTTTGGTTCACCAGAACCAGACTCAATTCCAGCTGCTTTTTTAAGCAATACTGCAGCAGGTGGAGTTTTTGTAATAAATGTAAATGAACGGTCTTCGTAAACCGAAATTTCAACAGGAATGATTAAACCAGCTTGGTCAGCTGTACGAGCGTTAAACTCCTTACAGAATCCCATGATGTTAACACCGGCTTGACCAAGTGCAGGTCCAACTGGTGGTGCTGGGTTAGCTTTTCCAGCAGGAATTTGCAATTTTACAACTTTAACTACTTTTTTAGCCACGAGACACACCTCCTTAAGTCCGTGATGTGGTAATAGGGTAAACCCTCCCACTCAAGGTTTCATTCTTTATATGAATGACGAAATATCATGCTAGTTGCCTTGGATAAGTCCAAGACGTACCTTTGCTATATTATCATTTATATATAGCAATTTCAAGTTTTTTCACATTACAATTTATCGATTTGGGTAAATTCCAGCTCAACCGGCGTTTCACGGCCGAACATATTAACGAAAACTTTGACCTTGCTTTTATCATAATCAATCTCTTCAATTGATCCTGTAAAGTTAGCAAAAGGTCCGTCTATTACTTTCACTGTCTCTTTCAGTTCAAAGTCAATATCAGTTTTGCGTTCATCCATGCCCATTCTCTTCAGAATGGTTTCTGCTTCGCCCGGAAGAAGCGGCGTCGGTTTTGAACCTGACCCGGCAGATCCTACGAATCCAGTAACGCCCGGCGTGTTTCGGACAACATACCAAGAGTCGTCTGTCATTACAATTTCAACAAGCACATAACCAGGGAACACTTTCTTTTTCACGACTTTTTTCTTGCCGTTTTTGATATCCGTTTCTTCTTCTTCGGGTACGACTACACGGAAAATTTTATCCTGCATCCCCATTGATTCAACACGTTTTTCCAAGTTGGCTTTTACTTTATTCTCATAACCAGAGTACGTGTGAACAACATACCAATTCTTTTCCATTCTATTCAGGACTGTCCAGTCCTTCCCTCCCCGCATTTGGTTTTAGTGAATTACCATAACGCTTCAAAAAATAGGCGGCAAGCCTATGATAACTATCATTTTAAGCCACAATAAAAAACCCGCTGAACGGGTTTTGGCAAGTAATATTATGATCTATTATAGCACGTATTGCTGATCATTATTCAACTATAAAACGAATTAATTGAGAAATTCCTGTGTCAAGGAGGGCAAAAAAGATAACAAAAAAGATAACTGTTGAAATTACCGTAATGGTATAACGCGTTAACTCTTTTCCTTTAGGCCAGCTTACCTTTTTCATTTCTTTCCCAACATCTTTAAAGAATTTCATAATACGCATGTAAAAGACCTCCACAATTTAAAAGCGCAAAAACTATTTTGTTTCAAGATGAGCTGTATGTGAATTGCAAGTACTGCAGTATTTCTTTACTTCTAATCGCTCAGCCGCTGATGCAGAGCTCTTCATTGTCGTATAATTACGGTTTCCGCATGTCTTGCATGCTAACGTAATCTTTTTTCTCATGTCATTACACCTTTTTCTAAATAGACATTAGTTCTTATCTTTAGTAACATATCATAGTCAGAAAAATACTGTCAATATAGCATAAATTCCTATTACAAACTGATTTCGCGAATTTCCAAGTACTTCTCCAGCTTGCGTTTCACACGCTGAAGGGCATTGTCGATCGATTTCACATGTCGGTTCAGTTCATCAGAAATCTCTTGGTAACTTCTCCCGTCGAGATATAAGACGAGTACTTTTCTCTCTAAATCACTTAATAGTTCTCCCATTTTCATTTCAATATCATCAAATTCTTCCTGATTAATGATCATTTCCTCAGGATTTAAGGTTTTCGCTCCTGAAATGACATCCAGCAGCGTTCGGTCTGATTCTTCATCAAAAATCGGTTTATCTAATGAGACGTAGGAATTCAAAGGAATGTGTTTCTGGCGAGTAGCTGTCTTTATTGCGGTAATAATTTGGCGGGTAATACATAATTCTGCGAAAGCTTTGAATGAGGTAAGCTTGTCCTCTTTGAAGTCACGAATAGACTTATAGAGGCCTATCATGCCTTCCTGAACAATATCCTCTCTGTCCGCCCCTATTAAGAAATAGGATCTTGCTTTTGCCCGAACAAAGTTTCGGTACTTCGTAATCAAGTAATCTAACGCATCACTGTCCCCAACATGAACCTTTTCAATGACCTGCTCGTCCTCCAACTGGCAAAACTGCTCTTTGTTGAATTTTCCCTTGTTGTTCTGTAGATTCACTCCGATCCC
NZ_CP117986.1_gap76	2654242	2657312	3070	GATCAATTCATCCTTTTTCTTAAAGCCCACCTGGAAGCCGAGATAACCGAGGAAGAAAGCCAAAAATACAGGAATTATTGTGCTGAATATGCGGTAAGGTATATTGTCTAAAGGAATAACATTTACGATAAGATAAGCAATTATAAGTCCAAAAACTAAGCCAAGACTTCCAAATAACAAATCTGGAACCGGCGCTTTTAACAATGAATCCTCTATCCACTTCACCCAGTTCACAACGTATTCTGTACCCCATATACTGATGAGAAAAAAGATAATTGCTCCTATTGCCGCAGACGTATATGCGTTTGTTATTAAAGGTATGTCCTGTATATTTAACAGTACAAACAATTCAGGTATCAAAAATATACCAACAACGCCGCCAAAAATAATGAAGAACGCCTGAACTATTCGTTTTAACATACCCCCACCTCCTTTTTTAACATTTTAATTTCACAAAGTCTTATGCATCCTACGAATATCAGAATAAACAAAAACCAACATTAATATACCCGTATTCATAAGGTTTTAACCGAAATCACAGTTGTCTGTCTAAATAATGCTTCTCTTGCAGGCGTTTTAATCCTTTTTTGATTTTTTGGGCTCGTACTTCACCGATTCCCTCTACTTCATCTAATTCTTCTGCACTCGCCTCAATAATCCTTGGCAGGACTCCAAATGCTTCTACAACATTTTCAACAATCGGCATCGGAAGACGCGGTATCTTATTTAACAGCCTGTATCCTCTCGGCAATACATAATCATCAAGATTAGTAGAAGCAGGGTAACCGAGAAGCTTATACACAATGGAATCATCCAGCAGATCATAACTGGACATATCCTGCAGCTCCTTCAAGAGGACAAACGGATCTTTAATCTTTTCTTTTACATAGTCCTTAATAAATAAAGCGGCCTCTTCTTCCATATCCGTAATCAATTCAATGACTTGCAGTTTGATCAGATGCCCTTCTGTCCCCAGCTCTTTGATATACATATTAATTTCGTTTTTGATTCTCAGTACCATTTCATAACGATGCATGACAGACAAGACATCACTGAAGGTAACAAGTTCCTCAAACTCTAACGCGTTCAGTGCATTAATCGTTTTATCGAGGATTGTCTTATACTTTTCAAGTGTTTGAATGGCTTGGTTCGCCTTGGTTAAAATAAATCCTATGTCTTTTAGTGTATACTTCATGTTTTCCTGATATAACGTTATGACATTTCTTCTTTCAGAAATAGCGATTACAAGACAGCCAGTTTGCTTAGCTACTCTTTCGGCAGTTCTGTGCCGCATTCCTGTTTCTGATGAAGAAATTGTGGCATCCGGCATCAGCTGAGTATTCGCGTAGAGGATCTTTTGACCCGAATCACTTAAAATGATCGCTCCATCCATTTTAGCCAACTCATATAAATGCGCCGGAGAAAAAGCCGTGTTTATGTGAAAGCCGCCGTCCACCACTTCTTTTACTTTATCATTATATCCAACAACAATCAGACCGCCTGTATTTGCTCTCAAGACGTTTTCCATCCCCGCTCTGAGCGGTGTACCCGGAGCAACAAACTGCAATATAGATGACAGGTCTAACTCGTGTTTCGCCCCTTTTTTCTCTTTTTCCATCTATTATCCTCCTAATGAAGTACGAAGCGCTTCTGCAACATTTGCTACTCCGATAACCTCAATCCCTTTTGGTTTTGTCCATCCGTCCAGATTTGCCGCGGGTATGATCATGCGTTTAAAGCCAAGCTTTGCCGCTTCTTTCACACGCTGTTCAATTCTTGAAACCCGCCGGACTTCTCCGGTTAATCCCACTTCTCCAATAAAACAATCTGCAGGATTTGGAGGTGTGTCTCTAAAGCTTGATGCGATACTAATCACAATCGCAAGATCAATTGCCGGTTCATCAAGCTTAACGCCGCCAGCCACTTTCAAATAAGCATCCTGATTTTGCAGCAGCAGTCCAACTCTTTTTTCTAACACAGCCATTAACAGAGAAACCCTGTTATGGTCTATTCCCGTTGCCATACGCCTTGGGTTGCCAAAGCTTGTTGGCGAGATGAGCGCCTGAATTTCAACGAGAATCGGTCTAGTGCCCTCCATAGAGGCAGTGATACTCGAGCCTGCGGAACCAGCAGAGCGTTCTTCTAAGAAAATTTCCGAAGGATTCAAAACCTCAGTGAGCCCCTCTTCCCGCATTTCGAAAATGCCCATTTCGTTTGTAGATCCGAAACGGTTTTTTACAGCCCGCAAAATACGGAAAGTATGGTGGCGTTCTCCTTCAAAATATAAAACAGTGTCAACCATATGCTCCAACAGTCTCGGACCTGCAATAGACCCTTCTTTCGTCACGTGCCCTACGATAAAAATCGGAATACCTTTTGTTTTTGCGATTTTCATCAGCTCAGCAGTACATTCTCTGACCTGTGACACACTGCCTGGAGCCGATGTAATATCGCTTTGGTAAACCGTTTGAATAGAGTCAACAACGACAAACGCTGGATTCATCTCTTGTATAGCAGACGAAATATACTCCATATCGGTTTCAGATAAAACATGCAGTGACGGATTATTAATGCCCAGACGGTCTGCTCGCAGCTTCGTTTGCTTTACAGATTCTTCTCCCGAAATATACAGGACACTGTTTGATGAGCCTGATAATTGAGCGGAAACCTGCAGTAATAGCGTTGACTTTCCGATACCAGGATCACCGCCAATTAAAACGAGGGAGCCTTTAACGACACCTCCGCCGAGTACTCTGTTAAACTCGCCAAGCTGGGTTTTGACGCGGGGTTCTTCTGATGTTTCGATTGATGTAATAGGTGAAGGTTTCTGTACAGTTTGAACAGAATGAGAAAAAGCCGCTCTCCGATTGGCCGGTGCTTTTTTAATCATTTCTTCCACCATTGTATTCCAAGCACCGCAGCCCGGACATTTCCCCATCCATTTTGGAGACTCGTAGCCGCAGGATTGGCAGATGAATTTCGATTTTGTTTTAGCCATATATAGTGTAAGACCTCTCCCTTGTTCTATTTCTTGATATGAAAGTGAGGCATACACTTACATGCTGTATGC
NZ_CP117986.1_gap77	2845724	2849779	4055	AAATGGGTAAAAGCTTTTCAGGAAAAAGGCAATCTAGATCATTCCGGCATTCAAGATATTGTTTCTCCCTCAGGGATCAAACAGTTGGAGGAGGAGAATGACCAGCTTAAAAAGCTGTTAGGCGAAAAAGATTTAGAAATTTCCATTCTCCGTGACGTACTAAAAAAGAAGAACCCTCACTTACTGAAACGCTTGAAATAGCGAATGAGTGGATTGCGAAAGGTTATGCCGTCCGTAAAGTCCTGAAGATTTTAGAGATTTCTCCTTCTACGTACTATTATCAATACAAGAAAGAAGAAAAGTCAGTAAGTGAGGGCAGACCCATTCCGGGCTATTCACTCACTAAGAACGGCAAAAAAATACCGGATGAACAAATACAGGAATGGCTGATGGAACTCATCTCAGGTGAAGCCGGTGTCTATGGCTATCGAAAGTTGTGCCTCCGCCTTCGAAGCGAGTATGCGCTACAGATTAACAAAAAGAAAGTGTACCGATTATGTAAGGAACTCGATATCCTACAGCCACAGCGAGAAGTGAAGTTCCACTATCCAAGAAAATTAGCGAGGAACCGGATCATCACTGAATCGAATCAGCTGTGGGAAGCAGATATTAAATACGGCTACATCGAAGGTGAAGAGCGTTTCTTCTTTATTCTATCGCTCATTGATGTATATGACCGTTCCATCATTGATTATCATATTGGTTTACATTGTACCGGACACTACGCTGGCCAACTCGTGCAGCGTGCCTTGTTTAAGCGTCAGCAATTTGAAAGAGAAACAAAGCCAGTCATTCGAACGGATAATGGTCCACAATTTATTTCTCTAGCGTTTCAGAAAGCATGTGAAACGTTCCACATCGAACATGAACGCATTCCGCCGAGAACACCGAATATGAATGCCCATATCGAGTCGTTTCACCGATTACTAGAGTATGAATGTTTGAGGCGGTTCGCTTTTCATTCCTACGCAGATGCGTATCATGAGGTGGCTGAATACATGGATTTCTACAATAATCGAAGAATCCATTCGAGTATTTTAGATTTAGCACCAAATGAATTTTATCAACGAAACCAAACAGAAGAGCTAACGATTAAAGAAGTGAGAGTATGAGGCAGGATGATTTTCTTGCCTCACCTAAAATAAAGAGCAATTCTATGAAATAATGAGCTAAGAGTAGTATGTGTCCAAAATTAGGGGGTTAAATAGAGATGCTTACTGAAAAGTTTCGGATGTTTCTTACAGAAGATGCTTGGCTATGGATTGAAGGAATTCGGGAAGAAGAGTTTATTATAACGTTACTTGCAAAGCTAATACTCGATGACTCTTATAATTTTAAAATGAAAGCTAATAACTATAGGCTGTTAAGAGGCATGTTTGAAAACAAGCTAATCACTGAAAAAATAACAGAGTATAGAAAAGACCCCAGAGTAATAACCCACATTCAAGAAATGATTGATAAGGAAAAGAACACTAATGAAGGTTGAGGGATGCAAATGAAGCTTCTAATGTGCCTTGAATGTAATGATATATTTAATCTGGATCTGTCAGAAAAAAGCTGCAGCTGCGGAAGAAGTAAGGGGAAATATATAAATCAGCAACTTGCCGAATATACTGGTGAATTTGCATTGCCCATTGGCTTTTCTAATCCATCTTTAATAAATGCAATTAAGGATCAACCGAATGAAGGATTGGGTAAGGAGTTCACTGCTTTTGTTGTCCCTAAGAACTGTAAGACTTTTTTAAAAAGTGGTGTCTAAGGATGTACAAGAAGATAGTTAATATTGTGGCCCAGAAGTATAAATCAAAGTAAATCAATGAATACAATAATGGAAGAACGAAGAAGGATAAGAGAAGAAAAAATAAGTGAGTTTCAGAAGCAAGTTGATGAACTCCTTGACTTAATCAAAAAGAGTATCTAGTGAATTAATGCTCTTTAGTATGGTGTGTATTACTGAAAGATACAAGCAAAATTAAATTAATTTGATAGAGATTGTTCGATAGTTTTATGGTGGTTAAAGGCATCTAGTATTTAAGAACTCTAATAAATGAACAAAACAGACAGAAAATTTGTATTCTGTCTGTTTTTTAATGGTTAAATACAAGGTTAGAATTTATTATAATGTTAAACAGGTATATTTAAAGAAGTGAGCATTTAGATATTTCTTGGGGTGAAAATACTTAGAGAAAAATACTCACTACACTAAATCACTATTTTATGAACTGACTAACAAAACCCGTAAAATGGAAATAAGGATTATTTTGGACAATAAGATGCGAACAGAAAAAACTATCGTGAGCAACACTTTATTTAATTTTTTTTCATTAAGATATCTTTGCGAAACAATGACTTTGAAGGAATAAGTTCAACTTCAATTTAAGAGAACTGATGCTAGTATAGTTCCATGGACACAACTTAGTTAAGTGTTAAAATGTTACTAAGAAAGGTTGTGTCCATATGGGAAACAAAAATACAGGCAAAAAATATAACGAAGATTTTAAAAAGATGATCGTTGATCTTTATAACTCTGGTAGCTCAGCTAAAGATTTAAGCAGTGAATATGGCGTTTCTGAAGTAACTATTTATGCATGGGTAAAGAAATTTTCTCCAATACAAACGGAGGATGGCTCAACTGTGACAGCTGATGAAATTGCCAATATGAAAAAGCAAATGCTCCGTCTTCAGGAGGAAAATGAAATCTTAAAAAAGGCTATGGCCATATTTGCGAAAAAATAGAAACAGACAAGCTCATCGATGTAATTGTAGATCTTCAAGACCAACATGCTACACAAACTCTGTGTAGTGTACTTGGTATACCTAAAAGCACTTTTTATCAATCGTTTAAAAAAACGGAATCTAATCGTGAATCTGAAAACAAGCAACTAACAAAAAGAATCAAAGAGATCCATGAAGAAAGCAAAATGCGTTATGGTGCCCCAAAAATTCACAAGATCCTGCAAAAAGGTGGATTTAAAGTGAGTTTAAAACGTGTTCAACGACTGATGAAGGCTGCTGGTCTCTTTTCCATTGTGAGGAAGAAGTTTCGTCCTCAGTCAAGTAAAGTGAAAGTAATTGATCGTGATAACCTATTAAATCAAGACTTTACTACTACTACAATTAATGAGAAATGGGTCGCTGACATTTCTTATATCGGGTTAACCCCCTAATTTTGGACACATACTACTCTTAGCTCATTATTTCATAGAATTGCTCTTTATTTTAGGTGAGGCAAGAAAATCATCCTGCCTCATACTCTCACTTCTTTAATCGTTAGCTCTTCTGTTTGGTTTCGTTGATAAAATTCATTTGGTGCTAAATCTAAAATACTCGAATGGATTCTTCGATTATTGTAGAAATCCATGTATTCAGCCACCTCATGATACGCATCTGCGTAGGAATGAAAAGCGAACCGCCTCAAACATTCATACTCTAGTAATCGGTGAAACGACTCGATATGGGCATTCATATTCGGTGTTCTCGGCGGAATGCGTTCATGTTCGATGTGGAACGTTTCACATGCTTTCTGAAACGCTAGAGAAATAAATTGTGGACCATTATCCGTTCGAATGACTGGCTTTGTTTCTCTTTCAAATTGCTGACGCTTAAACAAGGCACGCTGCACGAGTTGGCCAGCGTAGTGTCCGGTACAATGTAAACCAATATGATAATCAATGATGGAACGGTCATATACATCAATGAGCGATAGAATAAAGAAGAAACGCTCTTCACCTTCGATGTAGCCGTATTTAATATCTGCTTCCCACAGCTGATTCGATTCAGTGATGATCCGGTTCCTCGCTAATTTTCTTGGATAGTGGAACTTCACTTCTCGCTGTGGCTGTAGGATATCGAGTTCCTTACATAATCGGTACACTTTCTTTTTGTTAATCTGTAGCGCATACTCGCTTCGAAGGCGGAGGCACAACTTTCGATAGCCATAGACACCGGCTTCACCTGAGATGAGTTCCATCAGCCATTCCTGTATTTGTTCATCCGGTATTTTTTTGCCGTTCTTAGTGAGTGAATAGCCCGGAATGGGTCTGCCCTCACTTACT
NZ_CP117986.1_gap78	3028716	3029922	1206	CCATCACCCACGTAGAAGCAGTGATTCCCGCGAAAAGCCGGGCGGCCAGCACGAAGAAGAAAGAATCAAACATCAGAAAAAGCAGGCTGCTGAGGACGGAAAAGCCGAACCCGGCAATTAACAATTGCTTGCGCAAGGAAAACAGGATGTCTGACAAAAGGCCGAGCGGGAATCGCAGAAGGATTTGCGTGACCCCGTAGCTGCCGAGAATGATGCCGATTGCGCCATATGAAAAGTGCAGATCCTCCAAATACAGACTGAATACAGGAACGTAAATATAGCCTGAAAACCAGAAACAAAATACCATGCATAAAAAAACGGCGTGATCTAAGGCGCCGATTGTTTTTTTCTGAGGAATCAAGTCCTGCTGTAATTCCATCGTATCTCTCCACCCCTTTCCTTCCAGTACAACACAATTGTTGAAAGCGTTTCAATAGAAAAATAAAAAAACAGGGCTTCAAAAAAAGCCCTGTTCGCTTTTGTTAATACGGATCAGATGGATGGCTCTCCTGTTCAGCCTGCTTTGCAGCCTGTTCCGTTTCAGTTGTGCCGATCGGCCCGTTGCTGTTGTTTTCGGAAACCTTTTTTAGCCCTTCTGCTACACGTTTTCCGTAGTCAGGATCAGCTTTTGTGAAATTCTCAATCATTTGATCCTGAATTTCTTTTCGGCACGTAGAAAGCGTATTCACCAAATTCGTAATCAATTCGTTCCGCTCAAATTCAGTAAATCTCCGGTACGTTTCTCCAGCCTGTCCGAAGTTGTTTGTTCTGTCAATCGCTTCACGCTTTACATCACCTTCGACATGCGGCGTATGGTCTTTTCCGTCCTGCTTCGCTTCCTTCAGCCCGCCCATAATGGATGGCTCATAGTTGACGTGCGGGTTTTGTCCTTCTGCTCTATCGACCCGATATTGCATCTGCCCGCCTTCCTGGTTGGTGGCGACATGCTTTTTCGGCGAGTTGATCGGAAGCTGCAGGTAATTTGCGCCTACACGGTAGCGCTGCGTATCAGAGTAGGCAAACGTACGCCCCTGGAGCAATTTGTCGTCTGAAAAATCAAGCCCGTCGACAAGCACCCCCGTTCCAAATGAAGCTTGCTCCACTTCCGCATGGTAGTTTTCCGGATTTTTGTTCAGAACCAATTTGCCGATCGGTTTCCATGGAAAATCGTCTTTATACCACAGTTTTGTCGGATCAAGAGGATCA
NZ_CP117986.1_gap79	3053474	3058198	4724	TCTTTTAATTTTCATAGCTTTTTTGTCCTTTCATCCCCCGTTTTATGAATGAAAACGAATAAATCCAGTTATTCTGTCTCTTCTTTAAACCCGAGAAACAATGTAGCTATAAAAGCAGAGACGGCTGCGATCAAAAAACCGATCATATAATGAACAAAATTCGCGGCGCCAAACGGCAGCACAATTGAAATCATCGGAATGCCTGTCAGCCCGTAGGAATTTGCCACAACTTGTACCGCAACCACGTATGCTCCGCCAATAGCACCGCCGATGGCTGCTCCGATAAAGGGACGGATCAATTTGAGATTTACCCCGAATACAATCGGCTCAACAATGCCTAAAAACGCGGTCAGAGAAGCGGGGAGCGCAATTTTCTTCAGGCTTGATTGTTTCGTTTTGAGGAATACCGCAAGCCCCGCTCCGCCTTGGGCCACATTCGCCATCGACCATATCGGCACTAAAAAGTTGACACCGACATGCGGATTAGCAAGCAGCGTTGCCTCAATTGCATAAAAGCTATGATGCAATCCAGATAGGACGATGGTGGAGTAGATGCCGCCGAAAAGAGCTCCGGCGGCAATGCCGGCGTGATCATAAATATAGACGATCGATTGTGTCATGATCTGGCCGATGATGGACGCGGCGGGATTCATCACAATCAGCGCGAGGCATCCTGTCACCATGACCGTAATAAAGGGAATGATCACGACATCAAGCGACTTCGGCACAATCGATTTTAATAGCTTCTCAATTTTGCTCATGACAAAAACGGAAAGAAGAATCGGTATCATGGAACCCTGATAGCCCATCATTGGGATATGAAGCCCCCATATGTCTAAAGAAGACGGGGTTTTGCTGCCGAGCATAGACGGGTCCAGCAGATCAGGATGCGTCAAAAGCCCTGCAATCACTGCCCCTAGGTATGGGTTGCTGCCAAATTGCCGTGCGGCACTGAAGCCAACTAAAATCGGCAGTAAAATAAAGGCTGTGCTGGACACGAGGTCGAGCATTTTAATCCATGGGCTGCCGGCAGCGAACCAGTGAAACACTTTAATCATGCCGATCAGCCCCATGAGCAGGCCGCTTGCTGTTATTGCCGGAATAATCGGCACAAAAATATCGGATAGTGTTTTCGCAAAAGCTGCGGCGGGGTTCAGCTTCCGGCTGGCTTTTTTCTGGTTGACAGGCTCTTCAGAAGGCGCGGTCTCCCATTCATGAACGACTTCTTTATATATTTTGTTGACGACGCCTGTTCCGAAGATAATCTGGAAAAGCCCATAGCGGAAAAAGGTGCCCTGCACACCTTGCAGGTTCTCAATGGCATGTATATCAATTTTCGTCTCGTCCTTTACATCAAAACGAAGACGGGTCGTACAATGGCTGATGCTAATAATATTGTTTTTTCCTCCTGCGAGCAGCAATAATTCTTTTGCAATCTCTTTCTGCAAGCAATCAAAACCTCCTTTGCTGAAGAAAAGTCGGCTTGTTCATCGTATCAAATGAAAAGTTGACAATCAAAATGAAAAAAGTGAGAAATAACGGCTGAAAATGACAAAAATGCCCGCGTCGACGACGGAGCATGAGAATAGGGGTTGTCCAAGGCGCCGTTATGAGCCCAACACGAAAAGAAGAGTTAAAATGCCCTGCTTTTTAGGCACTAATACTCCCTTTGCATCATTGGGTCTTGCCTGCCTGCCCAGTCACAATCCCGCCATATGTGGTGATAACTGTAATAACGTTCATTTTATGCTGTTCATGGCTGTATAGCAATAGTATGAAAAGCCTGTACAATGGATGGGAAAAAGGTTGTGTGTGATGTTCTTAGAATGTAAAAAACCTTTAAGACCTGGAATGCAAGTCTTAAAGGTTTTTGGTTACTTTTCGGTTTGACGGCGTTCAGCCGTTTTTGCAGCTTTGTTTTTTCATTGGATGCTTTTAATTGATTCACTGCAGACTGAGCGGATGCCTTTGATTTCTTTGTTTTGTCTTTTTCCGCTTTCTTCACTTTTGCCTTGGCAGTTTCCACTTTTTTTGCTTCAGCCGCCGCCACCTTTTTCTTCACTTTGTCTAACCGTTTTTGCAATGCTGTTTTGTCCTTGCCTGCTTGAAGCTGATTGACGGCTGATTGTGCTTTTGCCGCATTTGCATCAGTTGATTTCTTTTCAGCCGCAGATACGGATTGCTGTGCCGTCTTCAAATTGGTGCTCTTCACTTTGTTAAGGCGTTTCTGCAGGGACGTTTTTTCTGAACTTGCAGGCAGCTTGCCAATTGCTGATTGTGCGCTGTCCACATCTGTTTTCTTTTTGCTTTTTTCCGCTTTCGCAACTTTGTCTTTCGCTTGCTTTGACGCGATGTAGCGTTTTACTTGGTCTAAGCGTTTTTGCAGGTTCTTTTTGTCTGTTCCGTTTGGCAGCTTGTTGATGGCGGTTTGTGCTGTATCAACGGTTTGCTGTGTTTTATATTTTTCTGCATTTGCGACTTTGTCTTTCGCATCTTTTACATTTCTGTATGACTGTACTTTATCCAGTCTTTTTTGCAGGGCAGTTTTGGCGTCGGAGCCCGGCAGCTGGCTGACGAGTTCTTGCGCTTTGTTGATATCGGTTTGTGCTTTTGTTTGTTCCGCTTTTTTCACCGCTTGCTCTGCTGCCGCGTACGCTGAATCTGTTGCCTGTGCTTTATATTGGATTAAGCCGTAGCCAAATTGCTGATCGCGGCCTGCGGTACCAAGATCAACGATATTTCTCCGCATTTCCTCGCGAAGCTGGACGTTTGTCTCGGCAGGATCACGCTGTTTTAACAAGGCAAACATGGCAGCGGCGTGCGGTGTCGCTTGGGATGTTCCGCTTCCCGTTGCATAATACTGGTTTAAGTAAGTGCTTGTGATGTTTGTCCCCGGTGCTGAAAATTCAACTTCATCTCCAGTTGTTGAGAAGGAGGCAAGCTGATTCTTTTCGTTTGTTGCTGAAACCGCAACGACACTGCTGTATGCCGCCGGATAATTCACTGGCTTGCCGTTTCCGTCGTTACCGCTTGCGGCAACAAGCAGAACACCTTGTTCATATGCTTTGTTCACGGCGTCATGAAGGATTTTGCTGTCTGACGTCGTGCCAAGGCTCATATTGACGATGTCCATCCCGTTTGCGATCGACCAGTCAATTCCTTGGAGAAGACTTTGAAGATCCCCCGAGCCGTTCTGATCAAGCGCTTTAACCGCGTATATTTGTGCTTCCGGTGCGATGCCGTCAATTCCGTAGCCGTTATGCTTGGCTCCGATAATTCCTGCGACATGTGTTCCGTGGCCGTTATCATCTTTGTAAGAAGAGGTATAACTGACAGCTGAATACCCGCCGGCAATCGACAGGTCATCGTGGGGGGAGATCCCGCTGTCAATGACGGCAATTTTGATATTCTTTCCTGTCAGTCCTGCCTTCCAAGCCTGTTTCACCTGAATGGGCTCAAGGTTCCATTGCTCAAAGTTGTCAGAGGTGTCAGTGCCGTCTGACAGCACTTTGAAATCCGTGCTGTCTGCTGCGGTAAATGATACGTTGTTTTCTACATACAAAATATCAGGATCCTGCTTTAATTCTTTTACTGTCTCCTGGTCTGCTGTGACCGCTACCGCGGGAAGATGTTTATACTGCTGTTCAACATCAGCATCACTGTCCAGGATGGTTTCCTTTCCGGCCTTGTTTTTATAAACCACAATAACCTCTTTCTCGCTGCTGTTTTGCGCATGAGCGAGAGGGCCTATGGTGAGAAAACTGAAAAACAGAGTGACTGATACAACAAGTTTGCAAGACATGTTTTTCATGATTCATCTCCTTTTTCTATGATGTTTGATATATATATCGGAGAAAAAAAGAGAGATTAATAGTAAGAAGGAAAAAAATTTTCATAGGCAAGGTTGTTTAGCAAAATACAGATTTTTTCCGCATGAAGAGGAAATTTTCCAAATGAATTTGTAAGCGTTTTCAAAATAAGATAAAGAAAACATTGCGGAGGTTGTTCACAAAGCAATGAGAAAAGGGGGCTTTTAAGATGAGCGCATTCACTCGGGTGATGGAGGAAAAAATAATGCCTGTCGCCGGGAAAATTGCCGGGCAGCGGCATCTCAGCGCTTTGCGTGACGGAATTATCCTGACCATGCCGCTGATTATTATCGGGTCTGTCTTCTTGATTTTAACGAGCCTGCCGATTCCGGGGTATGCTGATTTCATGGCGAGTGTGTTTGGGAACGAGTGGGCCGATAAGCTCGGATATCCTGTTAACGCTTCGTTTGATATTATGGCGATGATTGCCGCTTTTGGGATCGCCTATCGGCTGGCGGAAAGCTATGGTGTCGATGCCCTTTCTGCCGGAGCGATTTCAATTGCCGCATTTCTGCTGGCAACGCCGTTTGAGGTGCCGTTTACACCGCATGGCTCAACGGAACCCATCATGGTAGGGGGCGGAATCCCGATCACGCTGCTTGGCAGCAAGGGCTTATTTGTCGCCATGCTGATCGCCTTGTTTTCAACCGAAATCTATCGGTACATTATTCAAAAAAATATCGTCTTCAAAATGCCAGACGGTGTGCCGCCTGCGGTAAGCAAATCGTTTGTCGCGCTGATTCCCGGCTTTATCATTGTGTTTCTCGTGTGGCTGGCGCGCCTTCTGATTGAAATGACACCTTTTCAGAGTCTGCACAATGTCGTAGGAGACCTGCTTGGCACACCGCTTTCCAT
NZ_CP117986.1_gap80	3062781	3065459	2678	CACCTGCAAGTTGTGCATCAGGGTGCCTCCTTTGGTATCCGCAAAATACATTATATTGGAATTCGCCAGCTTTTCAATAAGGGGAAGCACATAAAAAAAACTGCCCTCGAGAGGACAGTTTTTTACATAAATGAAAGCAAAAACGGCGCCGCGCAAAGCGTCATAATCGCAGCTAAGATCATCGATACGCTGGAAATCGTGCCGGACACAGAGCTAAGCTCAAATGCCTTTGACGTTCCCGCTCCGTGCGCGCTTGTGCCGAGCAGCACGCCCCGCGCGATTTCGTTATCAATGCGGAAATAACGGATGACCATCGGACCGATCACTGTGCCGAGCAAAGCGGTTAAAATCACAAACACGGCTGTGACGGCAGGCATTCCGCCGATCATTTCAGATACGTTCATCGCGATCGGCGTTGTCACTGATCTCGGGACGAGGCTGTCAATTAAGCCGGTGCCGAGGTGAAGCCATTTCGCAATAAGAGCGGTAGAAATAATCGCGATGCATGAACCGACGGCCACATTCAAAATAATTTCCACTGCGTATTTCTTTAAAACAGGGAAATATTTATATAGCGGGATCGCGAATGCCACGGTGGCCGGCTGTAGCATATCGGTCAGCAATCCGCCGCCGAGATTATAGGACTCGTACGGGACATTCACCAGCAGCAGCAGACCGACTAACACAGCGGGCGTCACCAATAGCGGCGACGTATAAACACGCGGAAAGCGTTGATATACCTTTTTTGCTCCTAAATACACCAAAACCGTTAAAAACAAGCTTACAATTCCGATGAACACGTATGCTTTTTCTCCTTTCTCTTTGCAATGAGTTGTGTAAGCGTTCCTGTAGACACCATCACGACAAACGTGCTGATGATGACAACAAGCAGAATGCTGACACCAAATTTCGACATAATGTCTCCGTATTCAATCACTCCGACGGCAGACGGGATAAAAAATAAAAGCAGCTCCCCGAGAAGCCACGTTGCACCAAGCTCGATCCATTCAAGCTTGATAATGTTAAAGTGCAATAATGTGAAAAGAATCACAATCCCTATTATACTGCCGGGAATATTTATATGAAGAAGGGCTGTCACCCAATTAATCAGCCGAGCAAATATAAATAACAGAGCGATTTGAATAACGGTTAGCAACAGTTTTTTCATATTGATGCCTCCCTTATATACTTATTGTACATAAGGTCTCGCTATAGGTAAAATATATATTAAGAATAAGAAGTATTCCTTTTGTCTATAGAAAGGGTGAAGCGCATGGATATCCGCCATTTAACATATTTCTTGGAAGTCGCCCGTTTAAAAAGTTTTACGAAGGCTTCCCAATCCCTTTATGTTTCTCAGCCGACGATATCAAAAATGATCAAAAATTTAGAAGAAGAGCTCGGAATTGAACTGTTTTACCGAAACGGCAGGCAGGTAGAACTGACTGATGCCGGTCATAGCATGTATGTGCAGGCGCAGGAAATCATTAAATCATTTCAAAACCTGACGTCAGAATTAAATGATATTATGGAAGTCAAGAAAGGGCACGTACGGATTGGACTGCCGCCGATGATCGGATCGGGGTTTTTCCCGAGAGTGCTCGGCGATTTCCGTGAAAACTATCCGAATGTCACCTTTCAGCTAGTCGAAGACGGTTCTATAAAAGTCCAAGAAGGTGTCGGGGACGGCTCTCTTGATATCGGCGTTGTGGTCCTTCCCGCAAACGAAGATATCTTTCATTCGTTTACAATCGTAAAAGAAACCTTAATGCTTGTCGTTCACCCTTCCCACCGGCTGGCTGATGAGAAAGAATGTCAGCTGAGTGAGTTGAAGGACGAGCCTTTTATTTTCTTCAGAGAGGATTTTGTCCTGCACAACCGAATTATGACGGAATGTATCAAGGCTGGGTTCCGGCCCCATATCATTTATGAAACATCACAATGGGATTTTATTAGTGAGATGGTATCAGCCAACCTTGGGATCGGGCTTTTGCCGGAACGGATCTGCCGCGGCCTTGACCCGGAAAAAGTGAAAGTCATTCCGCTTGTCGATCCGGTCATCCCTTGGCACCTCGCCATTATTTGGAGAAAGGACCGGTACTTGTCGTTTGCGGCCAGAGCTTGGCTCGAACATACGAAATCGTATTTATGGGACCCGAAAAAAGAAAGTAAAGGATGATGCAAACATGGATGCACAATCAGCAGCAAAATGTCTTACTGCTGTCCGCAGGCATAGCCCACTGGTGCATAGCATAACCAACAATGTCGTAACGAATTTCACAGCAAACGGCCTGCTCGCGCTCGGCGCATCGCCCGTTATGGCGTACGCAAAAGAAGAGGTCGCCGATATGGCGAAAATTGCGGGTGCACTCGTTTTAAATATCGGAACGCTGAGCAAGGAGTCAGTCGAAGCGATGATCATCGCGGGAAAATCAGCTAATGAACATGGCGTTCCCGTCATTCTTGATCCTGTCGGTGCCGGAGCAACACCGTTCCGCACTGAATCGGCACGTGACATCATTCGTGAGGTGCGCCTTGCTGCAATCAGAGGAAATGCGGCGGAAATTGCCCATACCGTCGGCGTGACCGACTGGCTGATCAAAGGTGTTGATGCGGGTGAAGGCGGAGGCGACATCATCCGGCTGGCTCAGCAGGCGGCACAAAAGCTAAACACGGTC
NZ_CP117986.1_gap81	3079450	3080249	799	ATGCGATGGCAGGAATGCTGATGGATCAATACTTACAGGCTGACAAAGTGGGTACTTACGAAGGCCGCAACGCGAACTTCACAGGTGAACACTTTGCAGACCAAGAGTTTGATGTGAATGCAGTCACAGAAAAAGACTTTAACAGCTGGGTGAAAAAGACTCAGAACGAGGCTCCTAAGCTGACAAAAGAGAAGTATGATGAATTGATGCTTCCTGAAAATGTGGACGAATTAACGTTCTCTTCTACTCACTTGAAATACGTTGATCACGGACAAGACGCTGAGTACGCGATGGAGGCGCGCAAACGCCTTGGCTATCAAGCCGTTTCACCGCACTCTAAAACAGATCCGTTTGAAAACGTAAAGAAAAACGAATTTAAGAAGTCTGATGATACAGAAGAATGATATTGATCAGGAAAGGAGGAAGCCTGCATGAAATTCAAATGGGACGAATTTTTCGTAACTGGTGACCCATTAATTCTGGGCGCACAAGTTTCCATTGCGCTTTCAACCATTGCCATTATTTTTGTACTGACTTACTTTAAAAAGTGGAAATGGCTGTGGTCTGAATGGATAACTACTGTTGACCATAAAAAACTCGGAATCATGTATATTATATCTGCTGTAATTATGTTATTCCGCGGCGGTGTCGACGGTCTGATGATGCGTGCCCAGCTAGCGCTTCCGAATAACAGTTTTTTAGACTCAAACCACTATAATGAAATTTTTACAACTCACGGTACAATCATGATCATCTTCATGGCGATGCCGTTCTTAATCGGTCTTATCAACGTTGTTGT
NZ_CP117986.1_gap82	3125482	3130289	4807	CAACACATACAGAGATCAAGCTAATGAAAAACAGAGAACCGGGTTTAATAGAGTCGGCAGCCAGATTCGCAGGCTGGAATATGATTCCTAATATTAAAAAGGTCTTTGGCCTTGATATGGCGCAATTATTATTAGATGTCCTCTGTTTCGGAAAAGACGCCGATCTGCCGGACGGATTATTGGATCAAGAGCCTTATTATGTTGCCGACTGCCATTTGTACCCGCAGCATTTCAAACAAAATGGCCAGATTCCAGAAACCGCTGAGGATTTGGTCATTGAAGCGATCGATATTCCGGACGGGCTTTTAAAAGGGGATACTGAAATCGTTTCATTTTCAGCCGCAGCACCAGGCACTTCAGTTGATTTGACATTGTTTGAAGCTTTCAATTCCATTGCTGCATTTGAACTGAAAGGCAGTAATTCACAGGATGTGGCTGAATCAATCAGACAAATTCAGCAGCATGCAAAGCTGACGGCAAAGTATGTGCTGCCAGTATGAAACAGCTGAAACCCAACTCTAAATACTTGCTTTACGGGCAGGCGCTATCGTTCATGGGAGACTATTGTGTTCTCCCTGCCCTGCTCATTTTGTCTACATATTATCACGATTATTGGGTGACGTCCGGGGTCATCGTGGTCAGAAGCATTCCGATGGTGTTTCAGCCGTTTTTGGGGGTTCTGGTCGACCGGTTAGACAGAATTAAGATCATGCTGTGGACGGATATCATCAGAGGCATCATCTTTTTGGGGCTCACATTTCTTCCAAAAGGCGAGTATCCGCTGATCTTTCTGGCCCTGCTGTTTATTTCTTATGGAAGCGGCGTGTTTTTTAATCCCGCCCGTCTCGCTGTCATGTCGTCCTTGGAATCAGATATTAAAAGCATCAACACGTTATTTGCAAAAGCGACAACCATCTCCATTATCGTCGGGGCGGCTGCCGGAGGGCTCTTTCTGTTAGGCGGATCTGTAGAGCTGGCTGTTGCCTTTAACGGTGTGACATACTTGGTTTCGGCATTTTTTATCAGCCGCATCAAGCTGCAATTTGTGCCGATTCAATCTGAAAACATAAAAGAGGCCTTCCAGTCTTTTAAAGAAGGACTCAAAGAAATCAAAACCAATGCATTCGTATTAAACGCCATGTTTACGATGATTACGATGGCTTTGCTGTGGGGAGTTGTGTACAGCTATTTTCCGATTGTCAGCCGCTTTCTGGGTGACGGGGAAATCGGCAACTTTATCCTCACATTCTGCATCGGCTTCGGCGGGTTCATCGGAGCGGCGCTTGTCAGTAAATGGGGCTTTAACAACAATAGAGGCCTGACGTACTTTACCGTTTTATCCATTGTCTCGCTGGCGCTGTTTTTATTTACGCCGATTTTCGCTGTTTCTGTCATCGCGGCGATCCTCTTTTTCATCGCGATGGAATACGGGGAAGTGCTTGCAAAAGTGAAGGTTCAGGAAAATGCGGCAAACCAGATTCAAGGGCGCATTTTTTCAGTGGCCGAAGCGTCTATCGGATTATGCATTTCTATTGGTTCAATGTTCATTAACATCCTAAGCGCTCCGGTCATTATGGGGCTGATTGTCGTGATCGTATGCGGTTTGTTTCTGCATACGAAGCTCGTCAACAAATCGTTTTTGGAACGGGATAACAAAACGGAGCAAAAAGGAGTCTTTTAGATGGAAATAACACCGTCCGATGTCATCAAGACACTTCCAAGGCAAGAGTTTTCTCTCGTTTTTCAAAAGGTAAAGGAAATGGAAAAAACGGGGGCCCATATCATTAATCTCGGACAGGGGAACCCTGACCTTCCCACTCCGCCGCATATTGTGGAGGCTTTGCGGGAGGCTTCTCTGAATCCTTCGTTTCATGGATACGGCCCTTTCAGGGGCTATCCTTTTTTAAAGGAAGCGATCGCTGCTTTCTATAAAAGGGAATACGGAGTGACAATCAATCCTGAAACGGAGGTCGCGCTTTTCGGAGGCGGGAAAGCCGGTTTGTATGTGTTGACACAATGCCTGCTCAATCCGGGAGACATCGCTTTAGTCCCGAATCCAGGCTACCCTGAATATTTATCAGGGATTACGATGGCGCGAGCTGAGCTTTACGAAATGCCGCTGTATGAAGAAAATGGCTATCTGCCGGATTTTGAAAAGATTGATCCAGCCGTGCTGGAAAAAGCGAAGCTTATGTTTTTAAACTATCCGAACAATCCCACTGGAGCTGTGGCTGATGCGGCTTTTTATGCAAGAGCTGCTGCTTTTGCGAAAGAGCATAACATCCATTTGATTCATGATTTTGCATACGGAGCGTTTGAATTCGATCAAAAACCGGCCAGTTTTCTTGAGGCAGAGGATGCCAAAATTGTCGGAGCAGAGCTTTATTCATTTTCAAAAACATTTAACATGGCCGGCTGGAGAATGGCGTTTGCGGTTGGGAACGAAAGGATCATTCAGGCCGTCAATGAATTTCAGGATCATGTATTTGTCGGCATGTTCGGCGGGCTGCAGCAGGCAGCGAGTGCGGCGCTTTCTGGAGATCCGGAGCATACGGAATCGTTGAAACGAATTTATAAGGAACGAATTTATAAGGAACGAATTGACTTTTTTACGGCGCTTTGTGAAAAGGAATTGGGCTGGAAGATGGAAAAGCCAAAAGGAACCTTTTACGTATGGGCTGAAATTCCGAATACGTTTGAGACATCTCACCAATTTTCCGATTACTTGCTGGAGCATGCCCATGTCGTAGTCACACCGGGCGAAATTTTTGGAAGCAACGGAAAAAGGCATGTCAGAATTTCAATGGTGTCGAAGCAGGAGGATCTGCGGGAATTTGTCACGCGGATTCAAAAGCTGAACCTGCCGTTCGGGTCATTACAAGAAACATCCCGCTAAAAAGCGGGATGTTTTTTATATGCTTTTCATGCTGCCGCCGTCAGCGGAAATTTGCTGTCCCGTGATGTAGGAGGCTTCCTCAGAGGCAAGAAACGCGGCGAGCGCTGCGGTTTCTTCGGCTGATCCGACCCGTTTCATCGGAATCCCGGAAGCGACCTGTTCCTCTGCTTTCTGTTTGGATATGCTGTTCTTTTTCATCACATTTTCCACAAATTGATGATAACGGTCTGTAGCGATAAAACCAGGATTCAGACAGTTGACAGTAATGTTGTGAGGAGCAAGCTGGATGGAAATATTTTTACTGGCGTTAATTAAAGCGGCATTCATCATACTGTTTGTGAACATGTTGGCGCCGGGTTCTTTCCACAGATTTCCGACAATGTTGATGATTCTGCCAAACTCGTTTTGTTTCATCAGTGAGGAAGCACGCTTGATAGCGTCAATATAGGCAACGGTCTTTTGAGTGAACGTGGCCGTCATATCGTCTATATTGCAGTTATCAAATGTATCAGGCGCGCCGCCCGGGATATTATTAATCAGAACATCAAGCCGTCCGCATTGAGATTCGATTTCCTGAAAAATGCCCGCTCTCGTATGCCGGTCAGACATATCCCCCGCAAGGACAATGACGCTCGCCTCAGGATGCTTGGCAAAAATGTCTTCTTTGACAGATTCAATATTATCCAAATTTCGCGAATTAATGACGAGGGAAAAGTGCTGGTCTGCTAATTTCAGAGCGATTGCTTTCCCAATCCCTTGACTGGCTCCCATAACAAATGCGGTTCGTTTTGACAAATAACTGCACCCCTTTGAAAAAAATGGATTATTATCTACATCGTAAGAAAAAACGAAGAAAATAGCAAATTTTATTTAAATTCTGATAAAGGAGAATTGAAAAACTCCCGCCGGATAGGGCGGGAGGGGATATTATACATATAAGAATTGAGGAAGTGTATCAAGCGAAAGGTGATTGCCGACAAAGAATGAACCAAATTCGCCATAGCGAGCGCTGACTTCGTCAAAACGCATTTCGTACACTAGCTTCTTGAATTGAAGGACATCATCGCTGAATAATGTAACGCCCCACTCGTAATCGTCAAAGCCGACAGAGCCGGTGATGATCTGTTTGACTTTGCCCGCATAGCTGCGGCCGATTAAACCGTGGCTTCTCATCAAGTTTCTGCGTTCCTCCATTGAAAGCATATACCAGTTGTCGTTGCCGGATCTTCTTTTATCCATTGGATAGAAGCATACATATTTTGATTCCGGCAGTTCAGGGTAAAGGCGCGCGCGCACATGCGGATTTTCGTAAGGATCGCCGTCACCGCTTGCCAAGTAGTTGCTCAGCTCTACCACTGATACGTAGGAGTATGCCGGAATGGTGAACTCAGCAAGTCTTGATTTGTTGAATTCAAGCTCAATTTGATTTAATTCTTCCATTGTAGGACGAAGGATCATCAGCATAAAATCAGCTTTTTGGCCGACGATGCTGTAAAGAGTTTGCGATCCTTTTCCTTCTTTTTGGGCTACGCCCCATTTTTCAAGCAACCCAGTGAATTCATGTATGATAGATTGGCGCTCATCACTGGACAGAAGCTTCCAGGAAGTCCAATCCATTGTGCGGAAATCATGAAGCGCATACCAGCCGTCAAGCGTTTTTGCCGCTTCATTCGTCATTTGCTGTTCACTCATTTATCTTCACTCCCATTATCTTTTCATGATTGCCTTCACTATACCATAGTTTATCCGATTCTACTGTGGAGAAACCTTGAACATCCCTTCCGTATAACTCCATCAAAATAGAAGAACCTATAAAGGAAGATTGAGTCACTTAAATTAGTTAGAAAAATAAGATTTTTTTATGAAAGCGCTATAATGAAAGTTGGCTGTTTGAATTTGATTGGAAGAAGA
NZ_CP117986.1_gap83	3213820	3218266	4446	TGGGGATGTATTCTATCTTCATTCCCGTCTGCTTGAGCGTGCAGCAAAGCTTAGCGACGCGAAAGGCGCAGGATCAATTACAGCTCTGCCGTTCGTAGAAACACAAGCCGGAGATATCTCTGCTTATATTCCGACGAACGTCATTTCCATCACCGACGGACAGATCTTCCTGCAATCTGATTTGTTCTTCTCAGGCGTACGTCCAGCGATCAACGCCGGATTGTCTGTATCCCGTGTCGGCGGCTCAGCGCAAATCAAAGCGATGAAAAAAGTATCAGGTACTTTGCGTCTTGACCTTGCGTCATACCGTGAGCTGGAAGCATTCGCTCAATTCGGTTCTGACCTCGACCAAGCGACTCAGGCAAAACTGAACCGCGGTGCGCGTACAGTTGAAGTGCTGAAGCAGGATCTGAACAAGCCGCTTCCGGTTGAAAAGCAAGTAGCCATTCTTTATGCGCTGACAAAAGGATATCTCGATGATATTCCTGTGGCGGATATCAGACGTTTTGAAGAAGAGTACTACATGTACCTTGACCAAAACCATAAAGACCTGCTTGACGGAATTGCGAAAACAGGAAACCTTCCTGCTGATGAAGACTTCAATGCTGCAATCGAAGGCTTCAAACGCACATTTGCACCAAGCAACTAACTCGAATGCTGATGAGAGAAAAAGGTTCTCTTTTTCTCTCTTTTTACGCAGATGAAGAGAAAAGGTGGTGAAATCTTTGGCCTCATTACGCGATATTAAGTCAAGGATCACGTCAACGAAAAAAACAAGTCAGATTACAAAAGCCATGCAGATGGTATCTGCGGCTAAGCTGAATCGTGCTGAAAACAATGCAAAATCATTTGTGCCATATATGGATAAAATCCAAGAGGTTGTGTCAAACGTCGGAAGAGTTTCCGGCAACGTAAAGCATCCGATGCTTCTCAGCAGAGAAGTGAAAAAAACGGCATACCTTGTCATTACGTCTGACCGCGGTCTTGCCGGCGCTTTTAACAGTTCGGTTTTACGGAATGCTTATCAGGCCATGCAAGAACGTCATCAGTCTAAGGATGAGTATGCGGTGATTGCCATCGGAAGAGTGGGCCGTGATTTCTTTAAGAAACGGGAGATTCCGATCATTTCCGAGTTAACAGGACTTGGGGATGAAGTGACGTTTACAGAAATTAAAGATCTTGCCCGTCAAACGATCCAAATGTTTATAGACGGTGCGTTTGATGAATTGCACCTTGTTTATAACCATTTTGTCAGCGCCATTACTCAAGAAGTAACGGAGAAAAAACTTCTGCCGTTATCTGATTTGGGCAGCGGCGGCGGAAAAAGAACGGCGTCTTATGAATTTGAACCATCTGAAGAGGAGGTTCTGGAGGTTTTGCTTCCTCAATATGCAGAAAGCTTAATCTTCGGTGCGCTTCTTGACAGTAAAGCAAGTGAGCACGCTGCAAGAATGACGGCGATGAAAAATGCGACAGACAACGCGAAGGAACTTATCGATTCACTTTCGCTTTCTTACAACCGCGCTCGCCAAGCAGCCATCACACAAGAAATTACGGAAATTGTCGGCGGAGCAGCCGCTTTAGAATAGAAAGATTTTGTCAGGAGGGATAGCGATGAAGAAAGGACGCGTTAGCCAGGTATTAGGACCGGTCGTCGACGTGCGTTTTGAAGACGGTCACTTGCCTGAAATTTATAATGCGATTAAAATTTCACAGCCAGCTGCAAGTGAAAACGAAGTAGGTATTGATTTAACGCTTGAGGTCGCTCTTCATTTAGGTGATGATACAGTCCGTACAATCGCAATGGCATCTACGGATGGTGTTCAGCGCGGTATGGAAGCTGTAGATACAGGAGCGCCAATCTCAGTACCGGTTGGTGATGTAACACTTGGACGTGTATTTAACGTTCTCGGAGAAAATATTGATTTGAATGAGCCGGTTCCTGCGGATGCGAAAAAGGATCCGATTCACAGACAGGCGCCTTCATTCGATCAGCTTTCAACAGAAGTTGAAATTCTTGAAACAGGTATTAAAGTTGTTGATTTGCTTGCTCCTTACATTAAGGGCGGTAAAATCGGATTGTTCGGTGGTGCCGGTGTAGGTAAAACCGTATTAATCCAGGAATTAATCAACAACATCGCGCAAGAGCACGGCGGTATCTCTGTATTCGCCGGCGTAGGAGAGCGTACTCGTGAAGGGAACGACCTTTTCTACGAAATGAGTGACTCTGGCGTAATCAACAAAACAGCCATGGTATTCGGACAAATGAACGAGCCGCCGGGCGCACGTATGCGTGTTGCTTTGACAGGCCTTACAATGGCTGAGCACTTCCGTGATGTACAAGGACAGGACGTACTGTTCTTCATCGATAACATTTTCCGTTTCACACAAGCGGGTTCAGAGGTTTCAGCCCTTCTTGGCCGTATGCCTTCAGCGGTTGGTTATCAGCCGACGCTTGCAACTGAGATGGGTCAGCTCCAAGAGCGTATCACGTCTACGAACGTTGGATCAGTTACATCTATCCAGGCGATCTACGTGCCTGCCGATGACTACACTGACCCGGCGCCGGCGACAACGTTCGCTCACTTGGATGCGACAACAAACCTTGAGCGTAAATTAACTGAAATGGGTATTTACCCTGCGGTTGATCCGTTGGCATCTACATCACGCGCCCTTGCTCCTGAAATTGTCGGAGAAGAGCATTATGCGGTTGCGCGTGAAGTACAGTCAACGCTTCAGCGTTACAAAGAGCTTCAAGATATCATTGCGATTCTCGGTATGGATGAACTAGGCGAGGAAGACAAACTTGTCGTTCACCGCGCACGCCGTATCCAGTTCTTCCTTTCTCAGAACTTCCACGTGGCTGAACAGTTCACTGGACAAAAAGGTTCTTACGTGCCTGTAAAAGAGACGGTACAAGGCTTCAAAGAAATCTTAGCCGGTAAATACGACCATCTTCCAGAAGATGCGTTCCGTCTTGTAGGCCGTATCGAAGAAGTTGTTGAGAAAGCAAAAGAAATGGGTGTAGAAGTTTAATCTGGTCCTAGGAGGGTAAAAGCATGAAGACCGTTAAAGTCAATATCGTTACTCCCGACGGCCCAGTATACGATGCGGATATCGAAATGGTGAGTGTGAGAGCCGAAAGCGGCGATCTCGGTATTTTGCCAGGCCATATTCCAACCGTGGCTCCTCTTAAAATCGGCGCTGTCCGTCTGAAAAAAGACGGGCAGACTGAAATGGTTGCCGTCAGCGGCGGATTTGTCGAAGTCCGTCCTGATCAGGTCACCATCCTTGCCCAGGCTGCCGAGACAGCGGAAGGCATCGATAAAGAGCGCGCTGAAGCTGCACGCCAGCGGGCGCAGGAGCGTTTGAATTCTCAATCAGATGATACTGACATTCGTCGGGCTGAGCTTGCGTTACAGCGGGCTTTGAACAGATTGGATGTAGCAGGGAAATAAGAAAAAATCCTTCTCTTTATGAGAAGGATTTTTTTATGAACGAACAAGAGAATCAAACAGCGACAGCAGCGGGCGATCCTCTTCTTGGCGCAGGTATAAACCATCACAGGCATTCATTGTATGCCACGATTTGCGATGTCTTCTAAAGCCAAGTGTATAAGCGCCGTCTTTATAGGGATAAGGTTTTACAACCCATTCAGCATCTTCATGGCGGGCAATCACGCAATCTATAAGATAAACACTGATCATTTTCTCGAATTCTTCAATAGGAAGATTCCAATCAGCAAGCAAAAGCTCTTGTATACTTTGAAAATAAAGGTTTTCAAGCTCTTCAAGGCTTTCTCTCGTATAGGTAAGAGAAATGTTAAAAAACTGACACAATTCATTCAGTTCTTCAATCTGTGACTGTCTATAATCATAATAGAATGCAATTGCTTCCCATTCCTGATCAAAAATTGGCAGGTCCTCACCATATTGCTTTTCAGGCTGAAAAAAAGAATGATTCACATTTGCCAGCTCCTTTCCAATAAAGTATACCATGTAAAAGAATCGCACTTTAAGCGGGGATTAGCCCTAGATTTGGCTGATTATTCCGTTCTGTATAAAATGTATCATCTTTATCTGTGCTTCTTATATAATAAGAAAGGGTATGAACGCAGAGAAAGGAGTGTAATAGATGAGTGTATTGGGACAGCAGGCTGCAATCGGCATTGTCGTTCACCTGATTTTTATAGCAGTGACTTGGTGGGCGTTGCAAGCCGTCAATATAGATCCGTTAATCAAAAAAGGCAAAGTCGTGCAGGCTAGACTCCTGATGATTTTGCTGACAATTGCCATTGGAACGGCCGTTGCTAATTTCTTTTTAGATTATCTCAATTATTCACAGCAGCTTCCCTATCTATTTTAATAGGTTTTGAACATTATTATCATTAAATGGTTGGGAGAAGCGGGTTGAAGCGAATAGCTCGAGTTTTGACGAAGATTTTTA
NZ_CP117986.1_gap84	3231184	3235455	4271	CCAAATACACGATTAATCCGGCAATTACGCACGGGCTCAGCCATGAAGTCGGCTCGGTGGAAAAAGGGAAGCTTGCTGATCTCGTTCTGTGGGACCCGGTATTTTTCGGCGTAAAACCGGAACTGGTCTTAAAGGGCGGCATGATTGCACGTGCGCAAATGGGAGATCCGAACGCGTCCATCCCGACTCCTGAACCGGTTTTCATGCGCCAAATGTATGCGTCTTACGGAAAAGCCAACCGCTCAACCTCGATTACATTTATGTCTCAGGCAAGCATAGAGCGTGGTGTGGCGGAAAGCTTAGGGCTGGAAAAAAGGATTTCTCCAGTCAAAAATATCAGAAAGCTGAGCAAGCTGGATATGAAGCTGAATTCGGCTTTGCCGAAGATTGAGATTGATCCAAAAACCTATCAGGTCTTTGCTGACGGGGAGGAATTGTCTTGCCAGCCTGTCGATTATGTCCCCCTTGGACAAAGATATTTCTTATTCTGATAAGACGCGGCCGGAGTGCATCCGGCCGTTCTATTGACTAAAAACGGTGCACAAAACCCGTGTATTTAGTGTATATTAGATGTTGACAAACGAATCAAATGTAACTATTATAGTTACAACGGTGGTGAAAAAACATGATTAACAGCCGTCTTGCTGTTGCCATTCATATTTTATCCCTCATCTCGATGGATGAAAAAACATCTTCAGAAATCATTGCAGACAGTGTCAACACGAATCCGGTAGTTGTGCGAAGAATGATCAGCCTGCTGAAAAAAGCTGATATTCTCACATCACGCGCCGGGGTGCCGGGTGCAAGCCTCAAAAAAGATCCTGCTGATATTTCTCTTTTAGAAGTGTACCGGGCTGTCCAAAAGCAAGAAGAACTCTTTGCGGTTCATGAAAACCCGAATCCGAAATGTCCGGTAGGGAAAAAAATTCAGAACGCTCTGGATGAAACGTTTGAAAGTGTGCAAAGAGCGATGGAAAATGAACTGGCAAGCAAGTCATTAAAAGATGTTATGAATCATCTCTTTTAATCAAAAGGGATGACTTCTCACCGCTAACATGTAACTAAAATTGTTACAAATAAGGAGGAAATGAAAAATGAAAATTGGTATTATAGGCGCAAGCGGGAAAGCGGGAAACGAGATTTTGAAAGAAGCGAAAACAAGAGACCATGAAGTGACAGCCATCGTCAGAAACGCTTCAAAAGTGCAGGAGCAGGACGTAGCGGTTTTGGAGAAAGATGTGTTTGAACTGACTGTGGAAGACATCAAGCCTTTCGACGCGGTCGTAAACGCTTTTGGAGCAGCACCCGGCCAAGAACATCTTCATGTTGAAGCAGGAAGAGCACTCATCAGCATTTTAAAGGACGCGAAGCACACAAGATTGCTTGTTGTTGGCGGAGCGGGAAGCCTGTTTGTTGATGAAGCCAAAACAACCCGTTTAATGGATACGCCGGAATTTCCGAAAGAATATTTGCCAACTGCATCAAATCAAGGCGAGAACCTGAAAGATTTGCAGCAGACAGACTCCATTTCCTGGACGTTCCTCAGTCCTGCGGCATTTTTTGATCCAGCAGGAAAACGGACTGGCTCTTACCAAAAAGGAAAAGACAATGTCATCGTAAATGCAAAAGGCGGCAGCTATATCAGCTATGCAGATTATGCCATTGCCGTGTTGGACGAGCTTGAACATCCCGAACACAAAAATGAACGCTTCACAGTGGTAAGCGAAGCGGAATAATAAAAAACCCGGAGCCAGCTCCGGGTTTTTCTCATTAATAAGTGCTGTACGTATCGCTGAAAAGGCCATCAGCAATCCCAAGCATTAAAAAGATGAAGAAGGCGATAATCGCAAGAATGGATACAGCAATGCTTACGATCAAATAAATCCCTTGCATCTTTACGAATTTCGCGTAATTCTCCAGCATTAAGTCTTCAGACTGTCCGCTATTGTGTTCAGCCATTTGGCCTGCTTCCCTAGCTGACCTCATCAAAAAGATACCGGAAATAATTTGCAGTACGCCTGGCACGGCACCGATTAGAAAAAAGAACGCGCCTGAAAGCGCGGTAATTGCGCCCATAATAATAAATAAAATGCCTGTAGCTTTTCCCCATTTCGAAATGCTGATGAGGGTTTTGTTCATTGTTTCAGGATTCATGTATACTGGCTCCCCTTTACAAAAAAATACTCACTTTTCTTTTATACACTATTTGTGAGAAGTTTTGTATATAGAAAATAACATTTTGGGGATTGACCCTAACGTTGCGTGATTGTTTACGATAAAAAAGAGGAGGTGTTATGTATGAAATATCAAGTTAAACAAGTGGCGGAGATATCAGGTGTTAGCATTCGGACGCTTCATCACTATGACAATATTGAGCTTCTGAATCCTTCAGCGCTTACTGATGCTGGGTATCGTTTGTACAGTGACGCAGACCTGGAAAGACTGCAGCAGATTTTATTTTTCAAGGAATTCGGGTTTCGTTTGGATGAAATTAAAGAGATGCTGGATCATCCGAATTTTGACCGGAAAGCGGCACTTCAGTCGCAAAAGGAGATATTGATGAAGAAAAAACAAAGAATGGATGAGATGATTCGAACAATTGACAGGACGCTTTTGTCCATTGATGGAGGGGAAACGATGAATAAGAGGGATTTATTTGCCGGATTAAGCAAGAAAGACATTGAAGAGCACCAGCAGACATATGCTGATGAAGTCAGAAAGATGTATGGAAAGGAAATCGCAGAAGAAACAGAGAAAAGGACATCTGCATACTCGGCAGATGATTGGAGCACGATCATGGCTGAATTTGATTCGATTTACAGACGAATTGCGGCGCGAATGAAGCATGGGCCCGATGATGCAGAGGTTCAGGCCGCAGTGGGGGCATTTCGCGATCATATTTGCCACTATCATTACGATTGCACCCTCGACATTTTCAGAGGACTCGGGGAAGTGTATATCACTGACGAGCGATTTACCGATTCAATCAATCAATATGGAGAAGGTCTTGCCGCTTTTTTGCGGGAGGCAATCATCATTTACTGTGACCATCAGGAAAACCCCCGGCCGTAAAGGCCGGGGGTTTGCGCATCTTATAAGATCGGCGACAACAGCCGCGAGACGGATTCTTTTATTCGAATCCACAACGGGCGCTGCAAATACTCCTCATAGGTGAATTTTCTGGATACTAGCAAATCTTCTTTAAAAGTTGAAACCAGTTTTTTAGCAATAGTGATATCGTAAATAAATGCATTAACCTCAAAATTCAGCCTGAAGCTTCGGACATCAATGTTCGCTGTGCCGACTGAAGCGATTTCGTCATCCACCACGATGGTTTTCGCGTGAATAAAGCCGTTATCGTAAATATAGACAGTGGCTCCGGCTTTCAGCAGATCGCCGATATACGAAAGTGTTGCCCAGTATACAAAGGCGTGATCAGGCTTGTTCGGAATCATAATGTTAACGTCAATGCCCGAAAGGCAAGCGATCCTTAAAGCATCCAGCAGGCTTGCATCTGGGATAAAATAAGGTGTTTGTATCAAAATGGAACGCTTGGCGTTCGAAATCATTTTGATGTAGCCATTTTTAATTTGTTCCCATTCCGAATCAGGGCCGCTTGTGACAATCTGCATCCCGACGTTGCCTTTTGGGCCGTAATCAGGAAAGTGATTTGGAATATATGTCAGCGTATGGTGATGAGAAGCTTGGTTCCAGTCAAGGATGAATCGTGTTTGGATGGCATGCACGGCCGTTCCTTGCAGCCGGATATGCGTATCCCGCCAATAACCGAATTTCGGATTAAGCCCTAGATACTCATCTCCGACGTTAAAGCCTCCGACATAACCGGTCATTCCGTCTATGATCACAAGCTTTCGATGGTTCCGGTAATTCAGCCGCAGGTTAATCGGCCTGAGCTTTGAAGGGAAAAAGACCTCCACATGCCCGCCAGCCTCGCGAAGCTCTTTAAAAAACTTTTTTCTCAGCGTTCTGGACCCGAGTTCATCATAAAGCACTCTGACCTGAACACCTTCTTTCGCCTTTTGGATGAGAGCGTCCCGCAATTTTTTGCCTAATTCATCGCCTTTATAAATATAATACTGTAAATGGATATGATCCTTAGCCTTTGAAATGTCACTCAGCAGCCGCTGAAATTTATCCCGTCCATCTGTAATGACGTCAACTGAATTATCCTCTGTAAACACAGCATGGTTATTCATAATCAGCATATAAATTAAATCTTTGTTATCAAAGGTTGCCCGGTTATTGAACTG
NZ_CP117986.1_gap85	3242517	3245794	3277	GAGAATACTCCCCAGAAACAAACAGCTCCGCCGATGATGCCGATAATAATGGAAGCGAACGGTGTGACAAATCCGGCAGCCGGCGTAATGGCGACAAGCCCGGCGATTGCGCCAGATACCGCTCCGAGCATTGTCGGTTTTTTGTTAATGATCCATTCTACTACGATCCAGCCGGCGATCCCGGCTGCAGCCGCGGTGTTTGTGTTGATGAACGCGTACATGGCTACACCATCTAAAGTCAAAGCGCTGCCGACGTTAAAGCCGAACCAGCCGAACCAAATCAAAGCTCCTCCTAAGAAGGTGTAAATGAGGTTATGCGGAGAAGACGCTGTGCCGTCTTTCCGTTTGCCTAGCACAATGGCAAGAACAAGTCCTGCCACACCGGAGGAAATATGAACAACATTGCCGCCGGCGAAATCGAGCGCTCCAAGCTGGCCGATCCAGCCGCCGCCCCATACCCAGTGCGCTACGGGTGTGTAAACCAAAGAGGCCCATAAAACCGAGAATAAAAGAAAAGCGCCGAATCGCATCCGCTCTGCGAAAGCCCCGGAAATAATCGCTGTAGTCAGAACGGCGAACGTCATTTGGAACATCATAAATAACGAGTGGGGGATGGTATCGCTGTAATCTCCCGGATCAAATCCGACCCCTTTGAGGCCGGCCCACTCCAGCCCGCCGATGATTGAATTGCCTGGTGCGAAGGCAAGTGTATATCCGAACAGCACCCAAACGATGGAAACGATGGCAATGGAAGAGAAACTGTGCATGGCAGTACTCAGCACATTTTTGCTCTTTACCATTCCTCCATAAAATAACGCTAATCCCGGGGTCATCAGCCACACGAGTAAAGCGCAAAAGAACATAAAAACTGTATCGCCCATTTGCATGTCTCATTCCTCCGTATCTTTCAGAATAAAAAGCAATTATTATATTTCTTCATTATAGAGAAAAAAGAACGATAAAACATTTTCATGTAAGATTTCCTGACATGTTTTTTAAGAAATGTTATCGAGGGACGGAAAGAAAGGAGAACGGCATTTTTTACAATATAAGACTTTATATCTATAAAAGAAGCTATTCATATGGGCGGAAAAGGGAATTGACATTAATTAGAATACTCTATACTGTATTAAGTGTACTACATCAAATAATACACTGAGGGGGATGTATGATGAATAAAGGCGGCAGGCTGAGGAGAGCATTACGCAAGTCGATTCCTGCGACGTTCCGATTGTTTTTAGCCTTTAATTTTTTCGTGTACGGTCTGGCGAAAGTGGTAATTGGCCAGTTTGGCGAGGTGACGCCTGAAATCGAGGCGGCTGCCGGGAAGGGGTTTACGATCGCGTGGACATTTTTCGGTTATTCTCATGTCTATGAACTGTTTATAGGTTTTGGTGAAATCCTGGCAGCTGTTTTATTACTGATTCCGCGAACGGCTGCATTAGGGGCGGTTATTTTTATGCCCATTATTGTGAACATCGTCTTGATTAACTATTGTTTTGATATTGGCGTGCAGGATCTTAGCACGATATTAATGGTTATGTGTCTCATCCTGCTTTGGATGGACCGCCGCAAATTCATAGGCATTTTCAGGCAGGAACCGATAGACAGCAGGCAGGTGATGAAGCGATGACGCCCCTTATGATTACAGTGCTTGCCGGTTTGTTCGTATGCACAACCTGTTACTACTACATAAAAGAAAAATCATGAGACAACGCTCCTTCTGAGAATTTCACAAGCATCATAAAAGAACTTAGGCAGTGTGAAGAGTAAAATATGCAATGTGAGAAACACTAACAGTATCAGGAGGAGACGTATGATGAATACACTCAACATTGATTTTCAAAAAACAGCATTGGTTATCATTGATTTACAAAAGGGAATTGTGCCGATTGATCAAAGCGGCCAGGTTGTCCCGAACGCGAAAAAGCTCGTAGATAAATTTCGGAAACATAACGGGTTCATCAGCTTTGTAAATGTAGCCTTTCATGATGGAGCGGACGCACTGAAGCCGCAAACGGATGAGCCTGCGCAGGGAGGTTCAGGGGAAATGCCGGCGGACTGGGCTGAATTTGTTCCGGAAATGGGTGTGCAGGATGGCGATTATACTGTGACAAAACGGCAATGGGGTGCTTTTTTTGGCACAGATTTAGACTTGCAGCTGAGACGGCGCGGCATTGATACGATTGTATTGTGCGGCATCGCAACGAATATCGGGGTGGAAAGCACAGCACGGGAGGCATTTCAGCTTGGCTATCAGCAGATTTTTATTACAGATGCCATGTCCACATTTAGCGATGAAGAGCATGAAGCCACACTGCGCTTTATTTTCCCGAGAATCGGTAAATCGCGAACGACGGAAGAGTTTCTGGAACAAGTGAAATGATGTTGTCGAAAAAAAGCCGGGCTGTTTTTTTAACAGCGGTGGCTTCGGGAACAATGCTGAATCCGCTGAACTCGTCTATGATCTCTCTTGCGCTCCATAGCATCCAGCATGAGTTTCACCTCTCGTTTACAACGGTTTCCTGGCTGATTTCCTCGTTTTACTTGGCGAGTGCCGTAGCGCAGCCGGTTACGGGAAAGCTCGGTGATTTGATTGGGCGGAAACGCTTGTTTTTATTCGGGCTTATTCTTGTTGCGGTTTCTGCCATCGGGGCGCCGTTTGCGCCGACGTTTATGACATTATTGGTCATGCGGCTGTTTCAATCGGTGGGGAGCAGCGCGATTTATCCGTCAGGTGTCGGCTTGATTCGGAATCATATTCATGAGCGCCAAGCTTCAGCCTTGGCTGTACTCTCTATTTTTGCGTCCGCCATGACGGCGCTGGGGCCGACAGTCGGCGGTTTTTTGATTGTATGGGGAGGCTGGCCGGCGATCTTTATCGTTAATTTGCCGTTTATTATCCTCAGCTTCTTATTGGGCCTGTATATGTTCCCGAAAGATCAGAAAAAAGGGGCAGGAATCAAAACCATTATTCAGCAGCTCGACATTCTTGGAATTGTTTTATTTGCCGGGGGAATCATTTTCCTTCTATCCTTTTTGCTGTCGTTCAGCACGTCGCCGCATGCGGTTGAAGGTGTGCTTGGCTTGCTTCTGCTCTGTGCGTTTGTCTGGCGCGAGCTGAAAACGGATAAGCCGTTTATTGATGTCCGTCTGTTTAAAACACAGCGAAACCTGTCAGCCGTGTATGTTCAGTTTATTTTATTGAATGTTTTCTTCTATTGTTTATTTTTTGGTCTGCCAAGTTACTTTCAGGATGAAATGCATCTTTCTGTTC
NZ_CP117986.1_gap86	3273364	3276788	3424	ATGGGAAGAGCGCTTCTCCTATGTACTATGACAAAAAAGCCTTCCACAGCAATGAAGTCTACAAAAGCGTCATTGAAGTAGAAAATCAAGGAACAACCTATATCGATGCAAAAACCCAGCAAGCAGAAGCAAGACGGCTCCAGGAAAAAGCCGAGGAAGAAGCAAACAAACCGTGGTACGAAAAAACATGGGATGGAGTTTGCAACTTTACTGGAGAAGTCACTGGCTATTATGATTATAAAAGAGCAACCGAAGGCGTTGATCCGGTTACCGGAGAAAAACTCTCCACCGCAGAGCGTGTGACAGCAGGAGCTATGGCCGCTGCCGGATTCATACCAGTCGTCGGCTGGGCAGGCCGGGCCTTCAAAGGCGGAAAAGCCATCTACAAAACCGGAAAAGCAGCTATCGCGGCTGAACACGCTTTAGACGCCTACAAAACAGGCAAATCCTTAGACATTCTCAAAATGACAGAAATGGGTGCATACGGCCTTGTAGCGTCAAACGGATTCTCAGAAGCCGTCACAGGCCGGGATATGTTCGGAAACAAAGTGTCTGAGGAGAAGCGGAAAACGGGTGCGCTGGAAGCGGCATTGAGCTTGGTTGGTGCTGGTGCATTGGCGAAGTCGGTTGACAATACGCTATCGATGGGAAGAAATCTTGATAAGAGTTATTCTTTTTCTAAAATTAAGCAAAGTGGTCATATAAATAAAGAACAGATTGTTACTTCGACTGGCCATACATTTGACTTAAAGCCAGAGAAGAAACAATTATATACGAAGAAAGTAAATAATGATAAGTTACAATCAAGTAAAAAATCTGTCGATCCTGTCGAACAATCAGTAAGTTATTACAGAGTTCAAGGCGGAGGAGCGGGAAATAAAACAAGTCAGTATAGAATTAAAGTAAATAGTAATGGAAGCATTGTTATTCCTATTAAAAATGCTGATTTAAACATAAGTGCTTACAATTTAGAACACGCTAAATATTATCGAGATGTAGCAAGACCAGGCGGAGAAATTGTAGAATTTAAGGTACCTAAAGAGGTTGATGATTTAATCAAGGAGACAGTAATTGATCAGTATGGATATACTAAAAACCCTCGTAACCAGGGGAGAACTGCTCCAAAGCTTGTTGATCCTACGACACCGGGAGTTAGTTATGAACTTCCGGCGGAACCATGGATAGAGTGGTTAGAGGAATATGGGCATTCAGCCAAAAAAATAGAATGAGAAAGTGGTGTTTTCGTTGTTATTAAAACCGGAGTATGCCCAAAATATAATAGTCGGGGTAAAGACTTCTTCTCAATTCTCATGGTATCTAACAGAAAGAGATGTTTGGATACTAGATATCATGAAATATAAAGAAGCCTATGAAAAAAACGGGTTTAGTTTTGATATGGACTTTGCTCTTTCTCTAAGAAATAACATTTCAGTTGTAAATGAAGATAATTATCGTCTTTATTTAAAAGAATATACTGACTATATTATCCCGTCTTCAGAATTAAAGAAGTTAGTTGAACATCAGGATTATGAAAGTACTATTCTAGAATTAAGGCCATCATTATATATAGACTTTAATCAAAAAATGCTTCTTTCGCTGTATCCTGAGTTATTACCTTTTGAAAATTATGTTCCTAATAATTGGACAGGGGTTCGGGAAGACTTTACTAGTTATATTCCTGAAGAGGATAGATACTGGATTTTTGATGATGTAAATTATATAGACAAAGTTTTTAATGAGAAAGAAAGAGAGTAAAGGAGAAAATAAAATGTCAAAAGATGATAGCTTGGTAATAATAAATGAAAGTTTTAAAAAGGAGGGGAGTGAAGAAGATATAGAAGGATTAACAATAATGATTGATGGGGTTATAAAGCAGGTTTTTAATAAAATTAGAAATGAAAGAAATTATAACAGTAATAATGAAGTTATGAGAGATATTATATTTGAAGGAATTAATAGTATTGTTAAAAAATCTTAAGGCATTATTAAAAACAAATAAACGCTTCGAGTTGGTTTGATTTTCTACCTTGATTGGCACTGAAGCCTTTCAAGGTTTTTTTATTAGATTGTTGTCCACTGTTTTATATAGCGTAAATAAGTATAAGCTTTGAACGCGTCACAGTCGGCACCATGGCAGCCGTGGGATATATACCAGTCGTCGGCTGGGCAGGCCGGGCCTTCAAAGGCGGAAAAGCCATCTACAAAACCGGAAAAGCAGCTATCGCTGCTGAACACGCATTAGACGCCTACAAAACAGGCAAATCCTTAGACATTCTCAAAATGACAGAAATGGGTGCATACGGCCTTGTAGCGTCAAACGGATTCTCAGAAGCCGTCACAGGCCGGGATATGTTCGGAAACAAAGTGTCTGAGGAGAAGCGGAAGCAAGGGGCGCTCGAAGCGGCATTGAGCTTGGTTGGAGCCGGTGCATTGGCGAAACATATTGATAAAGGCATCCCGCTTGCAACCCATTCAAAATTCCAAAAAGCAAACAAAACACTAGAAAAAGTAAAACAATTCAAAGTCCCAACAAACGTCCGCGTATACGCAGAACGCCCAGTAACTCCGGAGGGCTTTACATTCGGAATCCCGACAGTACGTGTAGATGTGGAAAAGACGGCTGTTAAGGATCTTGGGATTGTGAAGATGGTAGTGATGGCGGTCGTAAGGGAAGCTCTCATAGTCCTAACATTTCTAAAAATCACGATAAAGTAGCTCACGATGGATATTATGGTCGTAAAGAATTTAGAACGATGCTTAATAATGCTTCGTTTACTCCGCATGGTCATAAACATGTTAAGGCTAAAACACCTGAAGAAGCAAAACGTTTTAGTATGACAGGTAAAAAAGCTGCTCAGTACTTACCAGATGTGAATAACAAAGCTTTAGAAAAAGAGGCACTTCTAAAAGGTCATATTATTGATAATGGAAATAACAACTATTATTTCATTTATGATGCAGGAAAAACAGTCGGTTATGATCTAGGTACACCAACAAGCTGGATTAGAGCGGAGTTTTCTGGTGGTGAATATCATGGTCATCCGATTGCTGGAAGTCGATTAGATAAGTATTTAAAACAACTTGGTATTGATAAGTAATAGGAGGCTTTTATGAGAAAGATAAAAAAAATGCCAGAAATAAGTTTACAACCCTTAAGGATTCCAAAAGGATGGACCATAAATCAAAACAGTTTTAGAGAAATTGATCCGAAAAACCTAGCACCAGACGATGAAAAATGGTTGTTTTTTTCACAAGATTTAATGCAATTAACATACTCTCGTAAAAATTACTTACTTGATTTAGGTTGGTATCCAGATGCGGATGCTAATGGATTTTATCAACTAGTTATGATGCAAAATGAGGATTGGGATCAACCCATATATGAATTTCAGACAAATAGCCATATTGAAATAGTTAAAAATAT
NZ_CP117986.1_gap87	3292654	3295604	2950	GATTTTGAACTGTCAGAGATTCCGAAATATGGAGACTTCGGTATCGGAACCTTTAACAAGCTTGACGGAGAGCTGATTGGGTTTGACGGCGAATTTTACCGTCTCCGTTCAGACGGAACCGCGACACCGGTCCAAAACGGGGATCGTTCTCCGTTCTGTTCATTTACGTTCTTTACACCGGACATGACGCACAAAATTGATGCGAAAATGACACGCGAAGACTTTGAAAAAGAGATCAACAGCATGCTGCCAAGCAGAAACTTATTTTATGCAATTCGTATTGACGGATTGTTTAAAAAGGTGCAGACAAGAACGGTAGAACTTCAAGAAAAACCTTACGTGCCAATGGTTGAAGCGGTCAAAACACAGCCGATTTTCAACTTCGACAACGTGAGAGGAACAATCGTAGGTTTCTTGACACCAGCTTATGCAAACGGAATCGCCGTTTCAGGCTATCACCTGCACTTCATTGACGAAGGACGCAATTCAGGCGGACACGTTTTTGACTATGTGCTTGAGGATTGCACGGTTACGATTTCTCAAAAAATGAACATGAATCTCAGACTTCCGAACACAGCGGATTTCTTTAATGCGAATCTGGATAACCCTGATTTTGCGAAAGATATCGAAACAACTGAAGGAAGCCCTGAATAAAAGAAAAAAGAAAGCCCCTTTTACAGGGCTTTCTTTTTATTTGGCTCTTTTCCTGATTTTAGATAAAATAACATCAAAACAGTAAAGGTGTGGTCTGATGAAAATATTGGTTTTGGCAGTTCATCCTCATATGGAGACCTCAGTTGTCAATAAGGCGTGGGCTGAGGAATTGAGTAAACATGACAATATCACAGTACGGGATCTTTATAAGGAATACCCGGATGAAGCGATAGATGTTGCGAAGGAACAGCAGTTGTGCGAGGAATACGATCGGATTGTCTTTCAATTCCCGCTATATTGGTACAGCTCTCCGCCGCTCTTGAAAAAATGGCAGGATCTTGTGCTGACTTATGGCTGGGCTTTTGGTTCAGAAGGAAATGCCTTGCATGGCAAGGAGCCGATGCTGGCTGTATCAACAGGGAGCGAAGCGGAAAAATATCAAGCGGGCGGAGCAAATCATTACTCGATCAGTGAGCTATTGAAACCATTTCAGGCCACGAGTAATCTGATCGGTATGAAGTATCTGCCTCCATATGTGTTCTATGGCGTGAATTATGCAGCTGCAGAGGATATTTCACACAGTGCAAAACGGTTAGCCGAATACATTCAGCAGCCTTTTGTTTAAAAGAAAGCCCTGTCGAACATACGGCAGGGCTGTATTTGTTTAAAAATCCGGCAGCTCAGACAGGTTATTTTCCTTGATGCCGTCCGGTTCACTTCGCAAAATGTCACGCCCGTATTTATGGAAGACATCAACATGAGCGAGTTTTCCTGATTTTGCTTCTGACAGCGCAGTAGGATAGTCGAGCTCTCTTCCTGTATTGGTTTTCACTGCGATAATATTGTCTTCCTCGTTTCTTCTAACCGCAATAATTTCTTCTTTTCCAGATGGAACATTTTCTTGATCGACAGTTGTTTGCCGGGCTTTATACGATTCATATGCTGCTTCAAATTGATCCATATTTACACCTCCGCTTTTTAGCGTGAACAAAAATGTCGATGATCATGTAAGGTTTCGACACAGCATACGACAATATTTCCTGAGAAATATCTTGGGAATGTGACAAATCAATTCATAATAAAAGGGATTCCGCATAAATGCGGAATCCCTCTCAGTTATTTTGTCATGTGTAAATCCTTTGTTTTCATATAACCTGTCGCACCGCCGTAATCAACGAATACCCAATCAAAATCAAAACCGCCTTTATTCGTTTTACTCCAGCCTAAAAAAGAAACGCTTGTGTCTGCTGGAAGAGTCTTAATGCTCTTTCCGTCAGCGGATGTGTATACTTTCGTTTTTGTTTTGGTTTTTACTGTTGTTGCTGCTTTTACAATATAATGAGTGGAGACAAAGCCTGTTTTTCCGTTTTTATAATGAACCTTTGCCCAGTCAGCATTTGAGAAGGAAATCAGCTTTAGGCTATCTCCTAAGTGCAGCGTATCGGCTTTCTGGCTTGATGCGGAAGGCTTCGTTCTGACATTTAGAGCCTCTGCTGATACCAAATAAGAATCAATCGGATAACTGTATAAATCATCAATGCTTACCGTTGTTTCTGGCTGTTGGGCATAGATCGTTCCAGCGCCGCCTGCAGTAGCCGCAGTCATTCCAGCCGCAAGTGCTAATGTTGAAAATAGTTTTGTTGGTTTGTTCATGCCGTTCCTCTCCTCACGTAAGAGAAATAATTCATTCTATAACTCTATTCACGTTATCGCAGGTTCCTAAACATCAGACAATTATTTTTGTGTTTCTAGTTTGAGAGGCGCGGATATTGTTTTTTGCACTTTTTTTCCGTGCAAAATATCATCTGCTGCTTCTGTAGCCAGTTTACCGATTAATTCAGGCTGCTGAGCTACGGTGGCTGACAGCTTTCCGTCTTTAATGGAAGCGAGCGCGTCTTTATTGCCGTCAAAGCCGATTACCAATATGTCTTTTCCCGAGCTGTTAATTGCTTCGAGAGCACCGAGCGCCATTTCATCGTTGTGAGCAAAAACAGCTTGGATATCAGGATGTCCCTGCAGCAGGTTTTCCATGACAGTCAGGCCTTTCGTGCGGTCAAAGTCAGCTGATTGTTTTGTGACAACATGGAGCTTTTGGTCTGCGATGTTATGAAATCCTGAGCCGCGTTCCCGTGTGGCAGATGCGCCGGGGACGCCTTCAAGCTCTGCCACCTTTGCTCCTTTTCCAAGTTTATCGGCAATAAACGCCGCGGCCATTTCACCGCCTTTTACATTATCGGAAGCAACGAGAGTTTCAACTTTTCCTTGTTCGGCAGATCGATCGATTGTTACGACGGGC
NZ_CP117986.1_gap88	3304135	3308204	4069	AGCGACACCTGCACCTGTGAAAAAAGACAGCCTTAAACAGAAAACCATTATTCGCGAACTGACGAAAGACTCTAATTTCGCTTGGAAAGTAGAAGACGGAAAACTGACGTTTGATATTGATCATAGTGACAAACTAAAATCTAAATAAACGGAGTGATAAAGATGAAATTTGTCAAAGCTATCTGGCCGTTTGTTGCCGTAGCCATCGTGTTCATGTTTATGTCAGCTTTTAAATTCAATGATCAGCTGACAGATCAGGAAAAACAGAAGATTGATATGGAAATGAATAAAATCCAACAGCAGGAAGAACCGGTAAATGCCAATAAATAATTCAAAAAAGAGAGTGTCTGATGAGACACTCTCTTTTTATTTGCCCAGCATATTCATTCTGTAAAAATATCAAAAAGTCTCTTAACATATTCAAAAAAATACCGATGTTAAAACTGCAAAAAGAGGAGGAGATAATAAAAGTGAACACACTGGCAAACTGGAAGAAGTTTTTGCTTGTGGCGGTTATCATTTGTTTTTTGGTTCCAATTATGACAAAAGCGGAGATTGCGGAAGCTGATACATCATCAGAATTGATTGTCAGCGAAGCAAAAAACCTGCTTGGATATCAGTATAAATATGGCGGGGAAACGCCGAAAGAGGGTTTCGATCCATCAGGATTGATACAATATGTGTTCAGTAAGGCTGATATTCATCTGCCGAGATCTGTAAACGACCAGTATAAAATCGGAACAGCTGTAAAGCCGGAAAACCTGAAGCCGGGTGATATTTTGTTTTTCAAGAAAGAGGGAAGCAACGGCTCTGTTCCGACACATGACGCCCTTTATATCGGAGACGGCCAAATGGTACACAGTACACAGTCAAAAGGGGTTATCATCACCAATTACAAAAAAAGCAGCTATTGGAGCGGAACTTATATCGGAGCGAGACGAATCGCTGCCGATCCGGCAACGGCTGATGTTCCTGTCGTTCAGGAGGCCGAAAAATATATCGGTGTCCCATATGTGTTTGGCGGAAGCACGCCGTCAGAGGGCTTTGATTGCTCGGGGCTTGTGCAATATGTGTTTCAACAGGCACTCGGCATTTATCTGCCGCGATCAGCCGAACAGCAGTGGGCAGTGGGCGAGAAGATAGCCCCTCAGAACATAAAGCCTGGTGATGTCGTCTATTTCAGCAATACGTATAAAACGGGAATTTCACATGCAGGCATTTATGCGGGCGCAGGCAGGTTCATCCAGGCGAGCAGGTCAGAAAAAGTAACCATTTCCTATTTGTCAGAGGATTACTGGAAATCGAAGATGACGGGTATTCGCCGATTTGACAACCTGACAATCCCGAAAGAAAATCCGATTGTTTCCGAAGCGACGCTTTATGTCGGAGAAGTGCCTTACAAACAGGGCGGAGTAACACCTGAGACAGGATTTGATACAGCTGGATTTGTCCAATATGTATACCAGAAAGCAGCCGGTATTTCCCTGCCTCGATACGCAACAAGCCAGTACAATGCCGGAACTAAGATTAAGAAGGCGGACCTGAAGCCGGGAGACATTGTGTTCTTTCAATCAACAAGCTTAAATCCCTCCATCTATATCGGAAACGGACAAGTTGTTCATGTCACATTATCAAACGGCGTGACCATCACCAATATGAACACGAGCACATATTGGAAGGATAAATACGCAGGAAGTATACGAGTGCAATAAAAGACAAAGACTCCAATCTCTGGAGTCTTTTCTTTATGCATATTGTCCTGAAAGAAGCTGGTCTATAAAGTAGGCCACACCATTTTCGTCATTGCTTTTTGTGACAAAGGTGCTTTTTTCTTTTAATTCATCAATCGCATTTTCCATGGCGATACGGTGTCCTGAGACTTCAAACATGGACAAATCGTTCGGACTGTCGCCGATCGCATAGATATCCTGTGTTTCAATTCCGTATATGTCAGCCAGCTTTGTTAACGCGCGTCCTTTTCCTGAAGAGGCCGGCAGGATTTCAATAATATGTTTTCCGGAAGAGGTTTGCGCCAGTTTTTTATGATGCTTCAGCTCTTCCTTCGCTTGTTTCAGCTTGTCCATATCAAAGGAGAAGCATAGAAGCTTATAAATATTTTCACCGCCCTCAAAAACAGATTCGATATGAGGGATTGGTTTAATTCCAAATTGCTTGAATTGAGTCATGGCTCCTTGCCACAGTTCATCTGTCTGCTCGTTTGGATTTGCGCTCTTTAGAATGTCTAGCTCCGCGTGCAGCTTAGCTTTGCCGTCAAAAGGAGAAAGCAGATGGTCATCTGTATATACCTCAAAGTAAATGTTTTTTGACAGTAAGTAATCAGCAATCGCTTTGCCGGCTTCCTGATCCATTAATGTCCGGCTTATCAAACGGTAACCCGTGTCATGGATCGTACCGCCATTAGCTGCAATGATAGGGATGTCCAAGTCATCCAGCAGCGCCTTTACATCAAATGTCGCTCTTCCCGTGCAAATGGTGACGAGGATGCCGGCATCAACGGCCCGCTTGATCGCCTCTCTGTTTTCCGCAGAAATGACGCTTTCTTTATTCAGTAATGTTCCGTCTAGATCAATCGCAATACATTTCATATGTAGGGGAACCTCCTTAAAAATGAAGCTGCTTCGTGTAGTATGTTCAGCTTGCCTGTGAAACATAATCCATATAAATTAAGGCTAATCGTTACTTTGATAATTTTCAAGAAAAAAACGGAATGGTAATAGACCATTCCGGTAAAATCAGTTATCTATGTCATTTTTTAGTTCGGTTTTGACTTCTTCTAGCTTTTCACTATCAAGTTTCAAATAATATAGTTTTTTTCGCTCACGAGAGCTGTAGAGATACATGTCAGAACCGGTAAGTTGTTCAGTATCAACTGATTTTAAAGAAGTTATAAAAGGAAATAAACCGATTGCATCATTTAAAGATAAATTCATCTTTAAATTTTCCCCTAAACTATCAACGATATCATCATATGCTGGTATTGAGCTTAATGATTTAGATTTTTTTATGATGGCATTTAGGACTTCCATCTGTCTTTGACCGCGTTGAAAATCGGTATCAGCTTTACGTGTCCTTACATAAGCTAGTGCTTCTTCACCGTTTAGTGTTTGAACGCCAGTTTTTAATGTGACTTTTCCTTTTGTATCTTTTTTAATTTGATTAACTATTTTTTCATTTTTTACATTTATACTAACTCCATTTAATTCATCCACAACATCTTTAAAAGCGTCAAAATTACTTTCTATTACATAATCTACTGGAATATCTAGAAGGTTTTCAATTGTTTTCGCCGAGAGTTTTACTCCTCCATATGCATGGGCATGTGTAAATTTATCATATCCATAACCAGGGATGTTAACATAAGAATCTCTCGGTATACTTAACATTGTTGCTGATTTGTTTTTTCGATTAAAGGTAACTAAGACATTAGCGTCACTTCGAGCATCGTCAACCGTCTCACCTTTGGAATTTCTTGAATCAATTCCTAAAAGTAATACAGTAAATGAGTCTTTTTTCGGATCAAATTCTTTGATACGTTTAACGGATTGACCATTTTCATTTAGATCAATATGTGCTTGTTTTGACGCATTGTTCAACTTTATATAAGCATAGGTACCAATTGAACCAGTTACGATAATTAGAATAGCAAACAAACCGATTGTGAATTTCACCCATTTTTTCAGACGTCTCTTTTTCTTCTTGTGTTGTAATCGTTCCTCCATATCAATACCTCACATTTCCTTAATATTTGAAGCGTACCATTTTTTTTGCCATAGGACAACTCAGAAAATTACAATATTAGAAAAATTAACTATATTATATATTAGTATTAGACAAATAAGATTACGGTTGTGTAGAACAGAACTACCTATATTGGACGCTGCAACAGGTAAAATGTTTCAGTGACATTGAAAAAAATACAAGTAAATGATTGGAAAACTCATGATCAACAAAATAAAAAGGTTTAATGACCGGAAAAAGAGGCTAAAAGATTTCTAAAAAAATCCCACAGACAATGTCATTGCAGCTGATGGAGAAAGGGAGTCATTTT
NZ_CP117986.1_gap89	3313492	3316647	3155	TACAGGGGAGGGGTACGGATCATGACGCAATCACCGATTTTTCTAACGCCTGTGTTTAAAGAAAAAATCTGGGGCGGAACCGCTTTACGAGATAGATTTGGATACAGTATTCCTTCAGAATCAACGGGGGAATGCTGGGCCATTTCCGCTCATCCAAAAGGACCGAGCACTGTTGCAAATGGCCCGTATAAAGGAAAGACATTGATCGAGCTTTGGGAAGAGCACCGTGAAGTATTCGGCGGTGTAGAGGGGGATCGGTTCCCGCTTCTGAAAAAGCTGCTGGATGTGAAGGAAGGTACGTCAATTAAAGTTCACCCTGATGATTACTATGCCGGAGAAAACGAAGAGGGAGAACTCGGCAAGACGGAATGCTGGTACATTATCGACTGTAAGGAAAACGCAGAAATCATTTACGGGCATACGGCCCGCTCAAAAACCGAACTTGTCACAATGATCAACAGCGGTGACTGGGAGGGCCTGCTGCGAAGAATCAAAATTAAACCGGGTGATTTCTATTATGTGCCGAGCGGAACGCTGCATGCATTGTGCAAGGGGGCCCTTGTTTTAGAGACTCAGCAAAATTCAGATGCCACATACCGGGTGTACGATTATGACCGGGTTGATGACAACGGGAAGCCAAGAGAGCTTCATTTTGCCAAAGCGGTCAATGCCGCCACGGTTCCCCATGTGGACGGGTATATTGATGAATCGACCGAATCAAGAAAAGGAATAACCATTAAAACGTTTGTCCAAGGGGAATATTTTTCGGTGTATAAATGGGACATCAATGGCGAAGCTGAAATGGCTCAGGATGAATCCTTTCTGATTTGCAGCGTGATAGAAGGAAGCGGTTTGCTGATGTATGAGAGAGAAACATGTCCGCTCAAAAAAGGCGATCACTTTATTATGCCGGCTCAAATGCCCGATTTTACGATAAAAGGAACTTGTACCCTTATCGTGTCTCATATTTAAACTTAATCTCACTTCGAGGTTAAGTTTTTTTTATTAGAAAATGGAAGTGATTCACCTATAAATGAAGCATGCGCGTGCCGATAAATAAACTAGTTTTATATACTCATAGAATAAGAAAGAGGAGAAGGAATGAAAAAGAGACTAATCGCACCTATGCTTCTATCCGCCGCGTCCCTTGCCTTTTTTGCCATATCTGGTTCTGCCCAGGCAGCCGCGTATACCGACTACTCACTATATCAAGTAGAGCCGTCGAATACGTTCAGTACAGAAAGCCAAGCCTCACAAGCTGTCGCCAAACTGGAAAAAGATACTGGCTGGGATGCATCCTATCAGGCTTCAGGCACAACAACGACCTACCAAATTTCCGCCTCAGGCATTCATAGCGAATCAGAAGCGAAAGCAATACTGAGCGGACTCGCCAAACAGACATCGATTACAGGAACGTCAAGTCCTGTTGGAAGCAAACAGCCATATGTCACCATCTCGTCAGGTGCCATCTCCGGAGAAAAACAGGCCAACACTGTCCTAGCAAAGCTGAAACAGGAGACGGGAGTGGCTGGCGCTGTAAAAGCTTACGGAGCAGCTCAGCCCTATATGAACGTCATGACATCAGACATTGCTGATGAGACAAAAGTCAAGGCGCTTATCCAGAACCTGGCCAAGCAAACGGGGATTAAAAGCTCGTATCAGCCCATCACACACACGGTGTCTGTCACAACCATTCGTTCTGGCACAATCGTGGGAGACAGCAGAGCAGCGCAGATCAAAAAAGCCTTCCAAAAGGAATCGGGGCTGAAGGCATCATTAAAGGAAACAGTGAAAGGACAAGCCTATTATACGTTCACAACTGCTGCCATTTCAGGTGAAGCGAATGCCAAGACTCTATTGCAGCAGCTGAAACAGAGCACTGGCATCACAGGCAGCTACAAGTCCATCAATCAAAAAACAACCGTTGAGTCATACAATGTCCAATCAGCTTATTTCAAAGGCCTGAATACAGTAAAGGACGCCATCAGCCAGATCAAGAAAAACACCGGTGTATCCGGCAGTTATCAACAGGTTGGAAAAAGCACATCATATACCGTGAATATGAAGGGGATAACAAAACAGCAGCTCCAAAAAGTAGATACTTTCTTTAAAAAGAAAAAATGGCATTATACGTCATCCAGCGTCAAAAAAACAACAACGTCTGCGGCTTACCAAATCACGACAGCCAAGATGTTAGGCGAGCAGCAAGCAAACAAAGCAGCAGCCTTCTTTGCTCAGAAAAAAGTAAAAGCCACAAAAACAGCAGCTGGATCAACAGCAGAAAATCAATATCAGCTCATCTCAGAAGAAACATCAGATCAAGCAAAAGTCACAAAGGGTTTGAACATATTAAAGAAAAATCAGCTGAGTGCTTCTGCGAAATCCGTCAAAAAACAAATAGCTGACACGTTTAAAATCACAACCGAATCTCTGTTTGACCAAACGAAAGTCAATCAGGCACTCACGTTTTTCAAATCGAATCATATATCAGCAGCAAGCCAGAAAACCGGTCAGACAGCTGCGAGCAGCTATCAAATCACAACTGAAGCTATCATCAGCCAAGAAGAGATTGACCGCGTTTTAACATTTTTCAAACAAAATCATATCGCAGTCACAACATCAAAAACAGGCCAGACAGCATATACACAATACAAAATCGTGACAACACAGCTCAGCAGCAAAACAGCATTGAATAATGGGTTAACCTATCTTAAATCGAAAAGTGTAACCCCTAGCTATACAACGAAAAGCAATACGCTTTATAAAATCAGCGTAAATGAGCAGTTCACAGGCAATGATACAGCTGCTGCGGCATCAACGAAGCTAAAACAATTATACGGATGGACATCATCTATCGTGAAGATCAAAAACGGTCCGCAAATCATGAAAACAAATTACAATCTCTCGCTTCGTGATATGGTCCAAAAACAAATGACAGTAAGTCCGCAAACAGACGGAGCGGCTTACGTATCGCTCACGTACATTAATACAGCAACATCAACCGTTACGGCTGACGTACTAAATATCCGGTCAACGCCGGAAGTCAGCCCGACAAACGTGATCGGCCAATTTAAAAAAGGCGATAAAGTGAAAATCATCGGACAGATAAACGGCTGGGCTAAGATCAATTTGGGCTGGCGAAACGCAAGCAGTGA
NZ_CP117986.1_gap90	3318132	3319809	1677	TTACACCTAAACATCAGGTATACGGCTTTAATGAGATGAATCGGATTTTTCTCGTTGATTATTTGCGATCGAACAGAAGGATATTCATCTGCAAGGGAAACGGCGTGCCTTGTTAAAAGGACTTCCATTTCAAACGGCCAGTTGCTGCTGACATACTCATCAAGCAGCTCGCGCGCATTATCCGGAAAGGAAGCAAGCAATACAGCTCTATCGCGAGCTTTTACCCTTCTGAAAATAAAACCGGTCAAAGCGAGACCGGCCGAGTAAATCATAACCAATAAAGAACGTATATTCATTCGTTACTCAAACTCTTTTCTACACATCGATTTTAGATTGTTCTTTGATCTGCTCCGGATAGTAGTGCCGCTGTTTTTGAACTCTTTCCTCTTTCAGAACGGAAAAGACATATTTCGGGATGTTCAGCATCCGCTTCCACCTTGTCGGATTGGTTAGCAGGCGGTACATCCATTCAAGATTAAGCTTAATGAATATTTTCGGCGCTCTTTTCACTTTTCCGCTGAAAACGTCGAAGCTCCCGCCGATGCCGATCGCAATCGCCTGAGGAAATAGATGCTTATGTTCATAAATAAACTTCTCCTGATGAGGATATCCGAGAGCCACAAAAACCATGTCAGGCTTGGCAGCCGCGATTTGCTTCGCAACTTCGTCTTTGTCTTTGACATAGCCGTGCGAGTATCCGGCTAGCTCAATTCCGGGATATTCGGTTGAAAGCCGATCTGCAACAGCTTGAATAATCTCTTGTTTGGCCCCGTATAAAAATACCCTTTTCTTTTTGCGGTCAGCCAGGCCGAGAAGGTTGATAAATACATCGTACCCCGCGATCCTCGATTTTAATCTGCTGTTGATCAGCCTTGACGTCAGGACGATGCCGATTCCGTCAGGCAGGATAAAGTCAGCAGATGAAACTGTTTTAAAATAACCCTTGTCTTTTGCAGCCGCATACCCGATCTCAGGGTTTACCGTTGCGATAAATGCCCCCTCATTGCGGTCGATAAAGGATTCTTCAAGATGACTCAAAAATCCGGGCAAATCCCCGTTAACATATGCAAGATGATGAACCGTTTCCGTTTGCAGCATAGTTTTTTTCCTCCTTCCGGTTTAAGAAGTGTAAGTATATACGAATGTATGAAAGTCGAAGATTAAGAGACCAGCCCATAAATTCAGGAAGTCTAACGTATATTTTAGCATAGATCATTCATAAAAGTTTAACAATATCTTTACATTAGTTTTAGATTTTTTACGTCTTATTCAGAAAAGGTTCAAATTTTTTTAGATAAAATTTGGAATTTCATTTACACTAAACAATACTTAACGTTTGATAGGCGATGTGCTATAATGAATGATCAGTAAAGACCTGTGAAATAAATGTAACTTATCGAGTGTTTTTGATATATTAATATAGCTTTTCGCCTTGAGATTAGAAAGGAGAGCGCATGACAATGAAGAAAGTCATCACATACGGAACGTTTGATTTATTACATTGGGGACATATCAAGTTATTGGAACGGGCAAAACAATTGGGGGACTATTTAGTTGTAGCGATTTCGACTGACGAATTCAATCTTCAAAAGCAGAAAAAAGCATATCACAGCTATGAGCACCGCAAGCTGATTCTTGAAACGATCCGCTACGTAGACGAAGTCATCCCGGAAAAAA
NZ_CP117986.1_gap91	3323575	3326059	2484	ATGATAAAGAGCAGTATCTGAAAAAAAGAGGCATGTACTTGGATGTTAACACACTAGCGGGTCCAATATGTAAAACAACAGATGAGCTTGCAAAATGTATCAAAGAAATTGAGTCTGTACAAGACCGATATCAGTCTGTATATCAAGAAATGAATGAGGTCTATATCAAAAGAGTTGGAGATTCTACTCAAAAAATAGTTGATATTATATTTAAAGGCAAACAGGAACAGTCTGACTGTGTCTTTGATGTTAAAGAACCTCACAAAAAAAACATTTTGATTTATTGTGGCGGTTTCTTGAATAATGGTATTACATCTTCAGCTATAAATTTATTAAACAATATCGATTACGAAAAGTATAATGTTATTGTGATTGATAAAGGAAACTACGATAAAGAATCTTCTTATAATATAAGCAGGATAAATGAAAAAGCAAAGCGGGTCTATCGAGTAGGAAGCATGAACTTAACCATAAAAGACTGGTATCTACATGGATTGATGAATAAAAGGGGTTACACCGAGGAATTAGCGAAAAGGAAGCCTGAAGAGATTTTTAAAAGAGAAATAAATCGTATGTTGGGAAACGCGAGAATTGATATAGCAGTCGATTTTAGTGGATACGTACCTTTCTGGACGATGGTCATGTCTTTGGGAGAATTTCCCCAAAAAAGCATATATCAACATAATGATATGCTTGCTGAGACCAATAAAATCATAAATGGTAAGTATAAGCATAAACGTAAATTAGGCATAGTCTTTTCTCTATATAAATGCTTTAATAAAATCGTGTCTGTTGCAAAACATACTAGGGATCTAAACGCTGAAAATTTAGCACAGCATGTTGATACAAATAAGATGGTTTATGTTCATAACTCATTAAATGTAGACAAAATTAAAGATTCTGTGGAAAATCATGGTTTTTTAATTGAGAGCTATGAGGGACAAGACTATATTATTCAAAAGGAAGAAAAGCCAGGAGCATTTAGTATTAAAGGCATTAGACTGCCTAAACATAACGAAATCAACTTTGTAAACATGGGAAGGTTATCACCAGAAAAAGATCAAGAAAAATTAATTAGAGCATTCTCTCAACTGATTAACAAATATCAAAATTTAAAAATGAAGCTTTATATTATTGGTGACGGTATCTTAAAGGGAACTTTAAATGATTTGGTTGAAACATTGGGACTAGAAGAAAGTGTTATATTCACTGGACAAATGAAAAATCCATTTTTCTTGATTAATAAAGCTGATTGTTTCGTTTTATCTTCTAATCATGAAGGCCAGCCAATGGTGTTGTTAGAAACGCTTGTACTAAATAAACCAATAATTGCTACTGACATTGCAGGGTCTAGAAGCATTTTAGAAGATGGGTATGGTACGCTTGCTCCGAATGATGTAGATGGACTTTTTTCTGAAATGGAAAAATTCGTGTTAGATAACTCGGAAGACAGGGGTAGGGCATTAAATAAGGATTTAAATTATAATAAAAGATTCAAGAGATTTGACTACGAAAATTACAATCATCAAGCAATGAAAATGTTTTATAGGGAAGTTTGTTCCGAAGAAGTTTAAGTAATGCTTGTTTAATTTTTGGACTTTAAGCCAGTCCAGTTAAAGCTTTTCTTATTACGGCCTTAACTCTTTTTTCTATTTCGAGTTAAGGTCGTTTATTTATGACTTCATGTTAAATTAAATTATGGAAAGTAATAAATTAAAGAACAGCGTGTAGCGTGTTGACTTAAAAGTTCGTGTTGCTTTATGTATGTCTATTTGAAAACTAGAGGGTAACATTACTTCCATCTTTTAAGCTTAAATTCCCCCCCGTTAAACACGTCCGGTGCCATTTCTTTTGGAAATTCAATATATTCTTCTGACTTCCCTTTAGAAATCCCTATAATAGCTTCAGGTAATTCCACTTCATTTCCTATTTTTCTAATTCGAGGAAGGGTATCTTGTGCATAAACTTTTGCATTATTTAATAACTTGACCTCATTATAAATAAAACCACTATCATACTTGGAAGGGTAAATCGAGTTAGTTAAGGTATTGGGCTGAGTATTTTTCAATTCCTCTATTTTATTTAAAGCTGACTCAAAATCTATTACTAGCATATATTGTAATGACTTTTCATTCTCTAGGTTAGTGTATCTTAAATCAATATCTTTTGTATTCAAGGGCTCAAATATTAGTTCTTCTTTAAAGCTTTCTTTATCAGTGCATTTATAAAGATATGAGAATAGATCATTGGGTGACAATTTTAAATTTCTGTCTAATAGATATTTATAAGAATTTCTCCAATGTACACCAATAGTGTATTCAGCATGTAATAAGGCAGGATTGTTAAACATTAGAGAGAGCCAATTCAATATATTTTTGTTGGTGAATTGATTGGTTGATCTATAAGGGAAATGAGCTAATTTCAGATTCAACTTACCGTCTATTTTTTGTTTTCCTTTATAATAAACGTAATGGTTCCCATTCC
NZ_CP117986.1_gap92	3342950	3343557	607	TTGATCGTCACGGTTATTCAAATTATACAGTTTGCACTGCTCGGCAATATCATGACAATTGCTGAATTCGGTTTGGTCGGGATGCTGACCACTGTTACTATTTTCACACAAATTGTACTCGATATGGGATTTGGAGCCGCTTTAATTCAAAAGGAGAATATCAGTGAACGCCAATTATCTACTTTGTATTGGCTGAATATCTTAACAGGTATCCTTTTGTTTATCGGCCTGTTTTGCCTGAGTCCCTTTATCGCAGACTTTTATCAGCGTGACGAACTGGTTTTTCTTGTGCGGATTTTGGCCGGCATGTTTTTAATCGCCCCGGTCGGGCAGCAGTATCAATATATGCTGCAAAAAGAACTGAAGTTCAATGTGTTGAGCAAAATAGAAGCCGGGGTCACCATTTTGTCATTTGTGCTCCTGCTCGTTTTGGTTTTTCTGATGGATCCAATTGTGGCCTATGCATTTTCACAAGTTTTTCTTAATTCGGTTAAAGGCATCTTGTTTTTTGCTGTATATTTTAAAAAATGGCGTCCTTCTTTTGTCTTTGCATTAGGGGAAGTGAAAGAATTTTTCTCTTTCGGCGCATTTCAGCTTGCTTCCAGGC
NZ_CP117986.1_gap93	3401787	3402667	880	ACCATCTTCCAAGACATTTTTGATGAGATCGTTCTTCAGGCCATCAATCATGACATGGTGGGCGGACGAGTCCTATTCACCGACTCCACACACCTTAAAGCCAATGCCAACAAGCATAAATACACAAGAAAAACAATTGCGCAGGATACCCAAAACTATATCAAGGATTTAAATGAAGCCATTCAAGAGGATCGGGAGGAACACGGAAAAAAACCATTAACAGCCAAAGAGGAGGTGAAAGCTGAAAAAGAGATCCGCCACAGTACAACCGATCCGGAAAGTGGCTATCTGTATCGTGAAAACAAACCAGAAGGTTTTTTCTATTTAGATCACCGCACAACAGATATGAAATACAACATTATCACCGATGCCTACGTCACACCTGGAAATGTCCATGATTCTGTGCCTTATCTTGACCGATTAGACCACCAAATCGCACGATTTGGTTTTCAAGTAGAAGCCGTCGCCCTTGATTCCGGATATTTAACGACTCCGATCTGTAAAGGATTATCTGACCGCCAAATCTTTGGTGTCATCGCACATAGACGTTATCACCCTATCCGAGGCTTGTTTCCAAAATGGAAATTTCATTATGACAGTGAACAAGACAGATACATTTGTCCAAATCACCAAACACTTACATACTCAACAACTGACCGAAAAGGCTACCGGTCATATAAATCAAATCCTGAAATATGTTCCTCATGCCCACTGCTTGAAAACTGTACAAAATCAAAGAATCGGCAGAAAGTGATTACTCGACATGTATGGGAAGATCATAAAGAAAAGGTCAGACAAAATCGCTTGTCTGTTTCAGGAAAAAACCTCTACAAAAAAAGAAAAGAAAAAATAGAGCGAAGCTTTGCAGATTCAAAACAGC
NZ_CP117986.1_gap94	3423183	3425107	1924	GTCATCATCGCCGCGAAAAACCGGGACCACGAGGAACTCAAATGGGAAGCGGCAGACCTGCTGTATCACCTGCTTGTCCTGCTCAGAGAACAAGCCTTGCCGCTGGATGATGTGCTTGACGTATTGAAAAAACGCCATTCTGAGAAAGAAGAGTAAAGAGCCGTATGATACGGCTCTTTTTGTTTTGTGAAAAAAGTAATAGGTATTTAGAGGTATATGAGGTGTTATACATGATTAGTTAATAAAAGGAGATCAAAACCGAGTCTGATTTCCTATTTATCCAAATTCCGCCATGATGTAACATGAAAAAGGATGAAATATTCATCTCTTAACCAGGTCAATAGAATTATTTTTGATATAAAAATAGAATACTATTCTCACAAAACCCGTGGAGGTTTGTAATGAAAAAGATCATCTTTATTTGCTTCAGCTTATTACTTGCCCTGACAGGAGGATGCAGTATGAAAGACAATGATAAAAACAGCACAAATGACAATAAAACAGAAGCGGTAAAACCAAAAGACATGGATCCCAAGGATCTGCCTCAAGTACCTGCGTTTCAGGACGAGAAAACGAGAGAGTACATGGTGTCAACAAAAGAAGAGGAACCAGGATATTATTTGCTGGAATCTAAGCTGAAAGGGTTTAGGATGTTGTTTCCGGAGGATGGGGAGTATGTACCTGATCTTTCAAGTAAAGGTGAAAATGAGGAAACAATAGTATTTGATAGTTTCAATAAAAAAACTAACATTCAATATGACGGGCAATTAGATTATCATCAAGAAAAAAGTTTTGCGAATGACAAGGATACAATGCTTGACATTGTAAGTGGCAGAAATAGCTATAAAGGAAAATACGAAGAAAGAGAGCTATCTGATAAAATTGTATATTCTGCTCAAAAGAAAAGCAGTTTTGATGATGTGGATGAAAAGAATAATTTTTCTTATAGATTTTTTGGTTATGTTAAATCTAAAAAAGAGGAATATTTAGGAATAGAGTATTCTTTTCGTTTTTCTTGCTATAAGGGTAAAGAGGTTTGTTCATTAAAGAAAGAAGAAGCAGAAAAAAAAGTTCGAAAAATAATTGATTCTATTACCTTTTTAAAAGTTAAAAAGGAGAAATAGAGAAAATGGAAAATAAGAATATATTTGAAAATGAAAATGTAAAGCTGCGTTTAATTGATTTGGAGTACGATTATAAAGAAAAATTCGCTTCTAATATTGAAAGTGAAATAAAGAGAGCTAAAACAGATTTTGAAGTCGAGGTGCGTCGAATATACAAAGAAGAAACACATCGAGATCTTCCAAAAAATCTGGAAATATACACATCTAATGAACTTATTAAAAAAAATTCGAAAATAGATACATCAATAAGAGAGTCCGGATATGATGGTACAGCTATTTATATTAAGGATGATAAACAACACGTTAATCAACTTCATATTATTTCAGAGGGGAGTGCTGATAACGAAGACTGGTCATACAATTTCTTTGGTCTCTTTTTAGGGATAGATGACAGCCAGTACCAAGCGACAAAAGAGTTTGTAAGAAATGCCAAAAGAGAAACAGAGAATTCTAATGATTTAAAGACCTTTGCTATGGGGCACTCACTGGCAAATAATAATCAGGTGATGGTTCAATTAATTGACGGAGAATTTGATGAAGTTTATGGGGTTAACGGAGCTCAAATAAGCGTTGACCACCTACTAGCAACTGATTTGAATTTGAGAGATAGGTTAATGCATAAATTTCATATTAGACGCTTAAAAGATATTAATGATATCCCGCCAGAAAAGTTAAAAAAAGAAATCCAAAAATATTATGAAGACAAAGGCGTGACAGCAAACATCACCCAACGCATCTCAAAAGATGACCCGCTGTATGGAGTCAGCGGCAAGGCCGATTTCATTACATTCGGTGATGTG
NZ_CP117986.1_gap95	3596276	3598485	2209	TGCTTTCTTTGAAACAAAAGAACGTTTTGTACAAATGCCTGTTCTGTATTCAATATCTGAGGACTCTAAAAAGATCATTGCTGACTGGCAAAAGGATGGTGCTGCGGAATGAAAATTACAGTAGACAAAAAAGTGAAGAAGTTCTATCTAGCCCTTAGTAATACACGTAAGCCAGAGGATGGCAAATGGAAGCCGGCGGTTGGTCATGAAATTCAAGTTGGAAAATATCGTTTCTGTGCTATTCCATCGTTTGATCATATTAACGTATCAGAGGTAACAACCGGACTACAGGTTCTTAAAATTCCGATGACCTCTAAAATCTATCAGATGACACTCGACAAAGAAGACACGTTGAAATTTTTCGAGAGCGTTGGTAAGGATTTAATCAAAATCATCAATAAGCACAGTGCGGCTGTTTTTGATAAATGTCTTATGGAGCAAAAAAAGCACATGTTCAGCAGGCTTGGCGAAATGCCACCGGTTGAAGTTTTTGACATGGAGGAGGATGCAAAATGATCCCTCTACAAGTAGAGCTTCAGCGGGCAGTCAAAGCCACGAAAGACGAAGCGATGACAGTTGAGCAGGCTGCGGAATATTTGAAAGTGCATCCAGATTACATACCGGTGCTTGTGGCAAAGTCAGACGATCTGAAAATGATCGGCGATGAAACAATCATTGCAAAGCGTGATAAGACGAATGGCTGGCTTCTCGGTGGGATCGTGGCGGTTTTATTCTTTGCAATTGCGGTTCTGCCGGGGATAGGGGGATGACAGCATGATCGAATACAGCTGCCCTGAATGTGGTCACAACGAATTAGATATAAAAATCCGCCCAGATGCTTGCTGCCCGAAATGCGGCTGCAGCATGGGCGTTGAGGAGGAAATAGCGTGAATCTACAAAAAATGTTCGAAATGCAAAAGGCGCTTGATGATCGGATCATCAAAGAGAAGGGGCTGGAAGGTCAGGACTTGCTGCCAAACCTCATTCTTGCATTACAAGTGGAGCTGGCCGAGTGTGCGAATGAATGGCGCGGCTTTAAGCATTGGAGCAATGACCGGGAGCCACGTACAAAAATAGAACATTTTTGCCCTACATGCGAAGGCACTGGCGATGAAAACCACGATATTAATTTGCAATATCTCGAAGAAGGACATGCAGCTGAACCATATTCCAAATGCCAAGACTGCAACGGCTCTGGAAAGATAGGTGAATCGAACCCACTGCTTGAGGAATACGTGGACTGCCTGCATTTTATCTTGAGCATCGGGAACCGGCTTGGCTGGAATGACACTGACACCATAGATGATGTAGTCGTACAGCATTTAATATCTGACAAAGAGTTTGACACAGCAAAAACATTCTCTTGCTTGTTATCCATTGCTTATGGATTCCATTTCAGCAATGTGGAAAAGCGGACATATATCAGCTTGTTTACAACGTTCTTTGAATTAGGCAACAAGCTCGGCTTTAAATGGGAACAAATCGAAGCTGCATACATGGACAAAAACGCCGTCAATCATCAGCGGCAGCAGGAGGGGTATTGATGAACCACACTGACAACCCGATCATTTCAGCTTTACAAACAATTGAAGGAGGAAGAACAATGAATTTCTATGAAATCACTGAACCATATTACGCACTTCTCAAAGCGGAAGACAAGGCCGAAGCCGAGAAAATTTACATTGAGAACGTCGCCGACACGGACGATTACGATAATTTTCAAGATGAAGAAATCAATGAGGTAAGCCGTGATTATGCCCTTAGTGAATACAAAAGAATTATGGAGAAATATGGCGAAACCAATCATCATCTGATTATGGAAACGTTCAATGTTCCGGCGGGTGAAATGCTTATTTGGGACGGTTCACTAGAATGAACACAGCATACAGAGTTTGGGACGGCGAGCATATGCATTATTGGGATGATGAAGGGATAAAGTTGTTAATTGAGGGAGATAAGTGGACTTTATATCTTGAAGTTGCCACAGGTCATTTGCTTGATGTCGCGGATAGTGAAGATGGGAAGTCCGTTCTCATGTGGGGCACAGGGTCGAAGGATAAGAAAGGTAAGGATATATATCAAAAGGATATTACTGAGGAATCCTATATACATCCTATGTCTAAGGAGAATATCATTGATCGTTATGTAATAGAGCGAAAAAACGGATTTGACAGAATTGAACACGTTAGTGGAAAAGAAGGTTTTTACA
NZ_CP117986.1_gap96	3618566	3623363	4797	ACCGTGTTGAGGAAACTGTCTCTAAAAAGCTAAGGCTAAAAGAGGCACTTGATATTGCGCTGAAAGGGACGGACTTCACTTATGTATTAGAAGCTCCTGAAAGTGATTTCCCGTCTGCAGAAGAGGAGAATTTCGGAGAGAAAAACAGTACAGAATTGATGGATCAGATCATAGAGGATTATGACTTAGAAATTGATGTTGATAATTATAAGATTCATGTTTACAAGAAAATGGGGCAGGAAGTAGACTTCACGCTTGATTCCCGTTATAACATGCCGGGAATTAACATTAAAACAAACTCGCAAAACTGCACGACTCGGGCATGGGGGTACGGTGCCATGGAAAAGGATAGCAATTCTACGGATAAGAAACCTAAGTATGTTTTTGAACCTATTCTTTATGTTCATCCCGAAGAGAAAAAATTCTTACGAGAAGATAAACCAAGATGGGCTGATCCGCTAAAAGATGAAACAATCAAAAAGGCTAGCAGCATGGTTTCAGCTTTAAAAAAACATGTAAATCCTTACCCGGAAACAACGGTAAGTGTTGATTATCAATATATCTACGAACCTAAGCTTTTATCCATAGAAAAACCTTTTTGGAAAGGTGACACAATTCATGTTTTAGCTGATACGGCCGATGGCATTACGTTTGAAGATGATGTTCGTTTAGTAACCATTCAGTATAATCCTTTGAACCCTTATAGCAGTCCTAAGCTTACATTTGCGAATTTCAGAAAGGATATTCAAGATATTGCAGTCAATCAGGCCAAGAAAATAAGAGATCAAAAACGTTATATTGATCAGTTATTGCAAACGCTCCGATAAGCGTTTTTTATTTTGCTCAAGAAAGGAGTGCTGCTGTTGTTAACGCTAAGAAAGTATTTTGGTACCATCAGAAACGCATTATATGAGGAACAGCTTGCAAATGATTTAGGAAGCATTGAAACTGCTGTGAATGGTATTGAGCGAGATGTTACGAATCATAAACGGACAGACAATGCTCATACATCCTCACAGATCGCTCATGGGGGCGGACTAACTGTTTATGAAGAAATCGAAATTGCAAAAGCGCGTATACGAAACCTAATTTTAAACGCGGACGGAACCAACATAAAAGAGGTTGTGGATGCACGCGTAGACGATGATGGTTTTGTGTATCCTGTATTGAAAGAAAGATTGGATGCAGATAAGGGAGAAATTAAGACTCAACTGGAAGCAAATAAGAACCAACTAGCAGAAATGTACAAGACGGTTGAATTAATAACCAATTCGCAGGATGCTTTAAGCTATTTGAATAATGTTGAAGCGATGACTACATTTAAGGCGCGGGAAGAAGCTTTATTTTGGCCGCAATCTGCAAATATAAACGAGCTGACAAATGAAATCTATGTTGCTTCACAAGAAAATGAAGGAACAGAACTGAGAATTGAAATTCGCGATCTTGATACAGGTAGTTTCAAAGAAAGAAAATCAATCCCTATAGAATCTGGCGCATACACTGAGGGGCTGTCATTTTTTTATAATGACCAAGATAATTTATGCTTTATCGTTAAAGCTTCAAAAAGGGCTGGATATAATATTTTTAATTATGATACAGGAGAACTCTCGGATTTAATTATAGCTAATGTAAGCAGTAAATATGCGGCTAACAAATACTATTTTGCTTCGATAACCGTAAATCAAACCAGTATTCATGCTTATGTGTACACTTGGGAATCGATAAAGATGGGGAATCCCGTTCTATACACCGATTTTACTGTAGACTATATACCTAACTTGGAGAAGGTACAAGGCCTAACCCTAAATGATGGGTTCCTATTCATGTCACACGGTAAAAGCAACGGGAGGCCGGCTATATCCGTGTACAACCTAACTGGGGAGCTTTTGAATTACTATATTTACACAAAAGACTCACTCGCTAGTGCGATCAATAAAAAGTTTTCTAACTTCATTCCGAATATTTACAACTATAACTTTGAAAATGAATCGTGCTGTGTGTACAAAGGAGATTTAGTTGCAGTTCAGGTCGTGAATAACGCTGACGTTGTTCTTGTAAGGCATAATCGAATGCTGGGGTATTCCTTGGATGTAAATGTAAACCAATCTCGCAAAGATACGGGATGGATGAACATAGAATTATTAAATGGTGCGACTGCCTACGTTCCAGAACGCAAACCAAGAATACGAAGAATAGGGAATAAAATACGACTAGAGGCCGAACTCAAAGGCGTAACGACTATGGACACAGAGTATATAAGTTACTATCCTGAGTGGTCGCCCGATAGAGTGTTGCCCTTTACGATTCCAACATCAGGAGGGCACAATGCCGTTTGTCAAATCCAACCAAATGGGAAAGTGAAAATATTATCCACAAGGCACCCTACTCCTGATGTGAATTCCTGGTACCCAATTGTTTTTGAATGGTATTTGAATTAATGTACGCGGCGACTATTTAAAGGGAGGTAACGGATATTGGCTATTTATAAAAACGGCTCTTACGCGTTCGATATAAACGCAATAACAGAAGGGAATTACCAATCATCTTTTATATTTTCAACGCAAGATATCAATACGGCAAAGTTGATATTTTATTTACGCAAGGACGGCATCCCATTGCCACTATCAGCCGTGACTGGAAAAGTTATCCTCGTTCCGTCCAGCGGTAAGCAGAGAATACGAGATGTCACGATAGTTGATCCGTTGAAAGGTATCGCAGAGTATGTTTTAGATGAGGATGAAATCAAAATGTACGGCAAATTCAACTGTCAACTCATTCTGAAATATACGAACGGCCAAGCACTCTCTGCTCACAAATTCGGGTTTGAAGTATCGCAAAGCCTTGCGGACCAGAACATCGCATCTCTCGCAGAGTATTACGTCGATGATTTCGAATCATTAAAGGCGTTAATCATAGCGATGTATGACGAAGAAACAGCAATTCTGGACGAATTAAAAGCGAAGTTCTCCGATCTCGACCAAATTGAAACGAAAGAGGGAGCGCAAGAAAAGGCAGATACAGCGGAAGCTAACGCAAAGGCTTATACGTCCGAACACGCAGCTAAGACGGATAATCCTCACAAGGTAACGAAAGCTCAGGTGGGGTTAGCTAACGTCGATAATGTCAAACAAGCGAAGAAAACTGAGTTTGATAACCATGTCAATGACACGAGTAACCCACACGCTGTAACAAAAGCGCAGATTGGCTTATCGAATGTAGATGACGTGCAGCAGGCGAGTAAGATAGAATTTAAGGCGCATGACGATGATACTACACGGCATATCACGGCTGATGAGCGAACAGCTTGGAACGCTAAAGAAACAACGAATGGCGCGCAAGAAAAAGCGGATAAGGCGCTTGCTGACGCCAAGACTTACGTATCTAACTTTTCGTGGGTTGTTGCGACTTTGCAGAACGGCTGGTCTCACTACAACGGCGGCGAAGATGTAGTTTTTGGAATTGACGCGTCGAAAACAGTATGGGTGCGAGGGGAAGCAAAAGGAGGCGTTGTTGGAACGACTGTTTTTACACTCCCTGAAAACATGCGGCCGCCACGATCTATGGGTTGTATACAAATAGCATCAGGATCGGCACAGGTTGCTCGGATTGCATACAAATCTACTGGGGAAGTCATCGTAGAAAGCGTATCCAGTAACCCGAACTATATTAAATTTGATTTCGCGTTTAAAGCGCTGTAGAGGAGGCGTTATCAAATGAAACAAATATACAAATACGACAACAAAATGAATTATGTGCCGTCAGAAAATATGATTATCAATGACGGCGAGGAGATTCCGGAAGGGTACACAGATATCCCTCCTGTTAATCCCGACGGCGCCGGCATGTATAAACCGGTGTTCGATAAAGGCAAATCGGAATGGCGCGAAACAGCTACACAAGAGTATATCGACAGCTTACAACCTCCGCCTCCCGAACCGTCAGAGCTAGACAAGCTTAAACAGCAAGTATCTGACCTCACATTCAAGCTGTTAACAGGTGGTGTGATTAAATGAGTGATTGGTACGAAACAATAAAAGATTATTATGATGACAAACTCTGGACTCCTGAAATGGTCAGGGATATGATACCGATAAAGATTTTAACGCCAGGAGAATATCAAGAAATAACAGGTTTTATTTATCCAGCCACGGAGCCGGTTGTCATAGATTTAGGAAGTTAACCAACACCCAGAGAGGTGTTTTTATTTTGCCTCTAAGGAGGTGATAACAAGAAATGGAGGATACAACTGTGTTTATTAATTTTGAAACATTGGATTTAGCGAGAGTTTATCTGTTTGGGGGTGTAAAATATCTTGATTTAATGCTGGTGCTAAACATCATTGATATCCTTACCGGTGTGGTGAAAGCGTGGAAGTTTAAGGAGCTCCGCAGCCGTAGCGCGTGGTTCGGTTATGTGCGTAAGATGCTGAGTTTTTTGGTGGTCATTGTGGCAAATATCGTAGATACAATCCTCAATTTGAACGGTGTCCTGACATTTGGAACCGTTCTTTTTTATATCGCCAATGAGGGGCTTTCCATTACGGAGAACCTGGCACAGATCGGCGTTAAGATTCCGGCTGCTATCACGGACCGGCTTCACGTAATCGAAAATGACAACGAACAAACAAATGAAAAGGATGAACAGGCTGCTGGATAACCCGGCGGCCTTTTCTATAAACAAAAAGGAGACGATGAAACATGGTAAACATTATCCAAGACTTCATTCCGAAAGGAAATAAAAACAGACCAGCATACCCTATGAATCCTCATTATATTACAGTTCATAATACTTCGAATA
NZ_CP117986.1_gap97	3627008	3627526	518	AAAATGATTTGATGTTATTTGCACCTTTACCTGAAAATTCACTATCATCTAAATCAGCGACAGCTTTGAATGCTTTCTTTAATTTGATCATTTTACTTTTTAAATCTTTGTATTCTTTTGCACGGTTTTCAGCTTCGGAAAGCAGTGTTTTGGCTTCAAATACTTTCATGATCATATCCCTTCTTTTGGAACTTTACATCTAAAATTTTACCACGAGGAAAAGAGGAATAATTGAAAAGGCTTTGTATTAGAAAAAAATGATTCGTTTGATCTGTGTCTTTGTTCCTGTTGTATAAAACAAAAAAAGTCCCGGCTCATTAGAGAGGGACTTTATATAATCCATAATTTCTTTTCTTTATCCCAAGAAAGCGCTCCTTTTCGAATAAGACTTTTTGTAGCCTCACGTATTTCCTGTTCGCTTTTCCCGGTCTTTCTTTTTAGTTCTGGCAAAGTCGGGTTCTTTCCGTAAAGACGCATATTAACAAAAATCTGATATAACTTTCGTTCGAAATCAGTCA
NZ_CP117986.1_gap98	3628760	3632962	4202	GCCCGCTTTCCTCTGCGATCAATGGCGCGGCACTTCGGGCAGACGGCGGTTTGGTCCGCAGTGTCTTTTAAACCTCTCCCAACAGGAGAGGTTTTTTTATGTATTGTTGATTTCCATAAATTTCTGCCGTATAATATTGGTACCGAAATAGTTTTCTTGGTACCGAAAGCGGGGGATTAATGTGGAAAAAAGAATGATGGCGGAAACCATCCGACTGATCAAGCAGAAAGGATTTTCATTTACGATGAATGATTTGGCGGCAGCGCTGGGAACGAGCAAGCGGACGCTCTATGCATATTATTCATCTAAAGATCAGCTTGTTGAGGCGGTTGTCGAACAATTTATAGCTGAAATGAAGCAAATAGAAAGAGACATCTATGAAAATGAAAGTTTAAATGTGCTCGAAAAGGTGAAACAAATGCTGATCAGCCTTCCGCAGGGGATGGAACTGCTGAACATGGGATTATTAAATGAACTAAAGAAATACCATTACGATGCGTGGCTTACATTAGATGCGTTTATTAAGGAAGAATGGGCGATTGTCCTAGCATTATTAAACGAGTGCAAACAGCAAAAGAGAATCAGAAACATCAATCCGGACCTGTTTGTTCACATGTATATAGGGAGCATCAATCAAGTGTATGACCCTGAATATCCACTGAAACATCAGTTCACGACAGGAGAGGTTCTTGAATCAATTGTAGATGTTTTGTTTAACGGTATAACAGCTGATGAGGAGGCTGATGCCACGTGAATTGGGTGTTTCTATGCTTGGCGATTTTGTTTGAGGTTGCGGGAACGGTCAGCATGAAGCTATCATCCGGTTTTACAAAGCTTATTCCCAGTTTGCTGTTGATTTTCTTTTATGGAGGGAGTCTTTTCTTTCTGACGCTTACGCTAAAATCAATAGATGTATCAGTTGCTTATGCTGTATGGTCAGGGATGGGAATTGTCCTGATTACAGTCATTGGTTTTTGGTTTTTTCAAGAACATGTGAGTGTCATGAAAGTCATTTCAATTGGATTGATTATTGCCGGTGTTGTGTCTTTAAACCTGATCGATCATGCTAGGGTGTCTGAGCCGGTACATAAAAGCGGGCAGTACAAATGAGATATATGAAGCTGTTTTTTCTCGTGACTGATATCGGTTTTATCTTGTACTGGCTGTCAGCCGGGTTTTCGCTCATACCGGAAAACTGGGCTTTTAAACATCATGACCATCCGTTTATGATTGCCTGGAACTGGTCTTTTTTTCCGCTGGATATCCTGATTTCTGTCACAGGGTTGTACAGCTTGTACCTACAGCGGGTGAATCGTGCTGACTGGAAGCTGATGGCGCTGATTTCTCTTGTGCTGACCTGTTGTTCAGGTCTGCAGGCGCTATCATTCTGAACATTCAGCAGGGACTTTGATCTTGTGTGGTGGCTGTTTAATGGGTATCTATTGATTTATCCTTTATTTTTTATTCACCTGCTCTTAAAGGAAGGCAGAAGGACAAAACAGTCCTGACAGGTGCCGCTTTTATGATAATAAACTGATGTAATGAAGCAGAGACGGTATAAGTCTCTGTTTTTTTATCGGGCGCACCAATTGAGAAGCTAACCGCGTTTTTGGGCATACTAAAGCGAAGAAACGGGAAAAGTTCTACACATTCATTGAAAAGGATTTTGTCAAATGAACAAAACTGCTGCGAACAATCAAAGAATCATGCCTATCGTGAAGGATGCCTTTCGCATTCATGCAAATCCATTTCCTTGGAAAAAGGCTATCGGATCAGGTTTCGCTTCAGGGTTTCCTGTGCTGGTCAGTGCATTGGCAGGTCACACGGATTACGGATTAATTGCAAGTATCGGAGGCTTTGTTTATTTATATGCGGGCGGTGAATCGTACAAAAAGCGCGCCTTGAAGCTGCTCTTGGTTTCTATTGGGATCGCCCTCTCATTTGGTTTAGGGACACTTTTGTCCGGGATGCTTTGGATGATGGCGGCTGTTTTGGGGCTGATCGGTGCAGCGGCGATGTTTATTTTTAGCGCGCTCGGCATTCAAGGCCCTGCGCCGATGTTTTTTGTCCTTGCCTTTTTAGTCAGTTCCGGGCTGCCGGCCGATCCTTCACAAGCGCTGTTCAGAGCGGGACTGACGTTTCTCGGCGCCATTTTCGCCATGGGTATCGCTTTAATCGGCTGGTTATGGAACAAACATGGACCGGAGGGAGCGGTGCTGCAAAAAACATATCATCAGCTGGCTGCATGTCTTTCAGCCGTCGGAACGCCAGGTTTTCATAACGCACAGCATCAGACCGTGCTCATGCTTAGAACAGCCCGCCAAACGGTTCTTGGGAAAGGGAACAGACGGAAAAAATCGCGGCATGATGAACGATTTTTCCGCCTCCTTGAAAAAGCTGACGACATATTCCTTGCCATTATTCATTTTTCAGCTGAAACGCCGGACAGAGAGACCGCGCAGATTGAAAAGGCACTTCGCCAAACCGGAGATATGCTTGCGCATGAGAACGAATCTGAGCCTAGGCGGAAGCTGTTTGAAGAAATCAATGAGGTTTTGCATATCGCTTCAGGACGTTTTGATAAGCAGCTTGACGGGGAGCCGAGCCGCCTGCCATCCTCTTTTTACTTTTTGAGAAATGCCTTTGACTGGAAGTCTCCGGTTTTGATTAGAGCGTTAAAGTATGGAATTGTTCTGTTTGCCGCCGATATGTTTGCCCTCGCATTCGGCTTTGCACGCTCCTATTGGATTCCGCTTTCGGCAGCAGCGGTCATGCTTGGCACTACTGTTGTGTTTACGCTTCACAGGGCTATTCAGCGTTCGGCCGGAACGGTGATCGGTGTTATGCTGGCAGGCGCAATCCTGTTTTTTAAGCCGGGCGGTGTTTATATTGCGTTTTGTATTGCAGCGCTTCAATGTCTTCTTGAGATGCTGATCGTCCGCAATTATGCGCTGGCTGTTCCCTTTTTAACCGCAAATGCGCTTGTTATCACAGAAAGTATGCATGGCGGCGCGAGTGCCGGTTATTTTATGATAGCGAGGCTGACTGATGTAGCTGTCGGCAGCGTGATCGGGCTGTTGGGAACAATACTTTTGTGGCGGCGGTTTTCAACCAAGCGACTGCCTGAACTGATGAGGAACGTCATCCGGCTGGAAGGGCAGTTTATGGAGAAACTGTTAACCGGGCAGAATGCCGACGAACACAAGTTAAGGGTGAGTCTTGTCAGGCTTCGGGATGCGTATGACAAGGCCCTTGGAGAGTTTCCTCATGCGAATGCGGAGGCGCTCTGGCCTGCCATTTCCGGTGCTCAGCACTTAGGGTACTATTTGCTTTCGGCCCAAGCTCACCGCCGTCCGCCTGCTCCGTTTTCTGATGAAGAGATCAACCAGCTGCGGGCGTTTTTTGAACAGGCTGAGCAATCCTTTATAGTGAAAAGGATGCCTGCGGATATTCAAGTGCCGCATGTCCCTCATTATCCTCGAATCAGTAAAGAACTGTCCGCGCTGTATTCCGGCTTGAGAACAGCTTTTGAAAAGAAAGCTGTTTGGAAAGTTAAATAATCTTTAATTCGAGATGTTTTACTTGAAAGTAAATTTCTTTGTCTCTATAATAAAGTCTAAGAGAGACAGAATAATCATTATGCATCTGTATGATAATAATTGATGTGTGATTTTTAAAAACGAAAGGGCTGGTAAAAATGGCAAAAGTATTATATATCACTGCTCATCCGCATGACGAAGCAACTTCGTACAGTATGGCAACAGGTAAAGCATTTATCGAATCTTACAAAGAAGCGAATCCAAATGATGAAGTTGTACATATCGATTTGTACAAAGAAAACATCCCGCATATTGACGCAGATGTATTTAGCGTGGGGAAAGCTTCAGTCAGGTACAGGCTTTGAAGAGCTTTCTGAAAGCGAAAAAGCGAAAGTAGGCCGTTTGGGAGAGCTTAGCGATCAATTTGCATCAGCTGATAAGTACGTATTTGTTACTCCTTTATGGAACTTCTCATTCCCGCCAGTGATGAAAGCGTATCTCGATTCTGTTGCTGTTGCAGGAAAATCATTCAAATACACAGAACAAGGCCCTATTGGCTTGTTGACTGATAAAAAAGCAATTCATATCCAAGCGCGCGGCGGCTACTATTCAGAAGGCCCTGCGGCTGAGATGGAAATGGGGCACCGCTACATCGGCATCATG
NZ_CP117986.1_gap99	3829363	3830054	691	CAGTTTCGACGATGCCGCCTTGGTCGATCGCTACATCAACAATGACTGAACCAGGTTTCATTTGTTTTACCATTTCCTCAGTGACAAGAGTCGGAGCTTTAGCACCCGGAATTAATACCGCGCAAATGAGGAGATCCGCTTCCGCTACAGCATCAGCAATATTGACCGGATTAGAAATTAACGTTTTAATCTGATGGCCGAAGATGTCATCAAGCTGGCGCAAGCGGTCTGCGTTTAAGTCAATGATCGTCACATCTGCACCGAGTCCGACAGCCATTTTCGCCGCGTTTGTCCCGACAACGCCTCCTCCGATAATCGTTACTTTTCCGCGAGAAACGCCCGGCACCCCGGCAAGCAGAATGCCTTTTCCGCCTTTAGGCTTTTCTAAGAATTGAGCGCCGATTTGCGCCGCCATTCTGCCCGCAACCTCTGACATTGGCGTCAGAAGAGGCAATGTCCGGCCTTCACTGACCGTTTCATATGCGATAGCAGTTACTCCTTTATCCTTCAAGGCCTGTGCAAGCTCAGGCTCAGCTGCTAAATGAAGGTACGTAAACAGCACAAGTCCTTTGCGGAAATAAACATATTCTTCCGGCAGCGGTTCTTTTACCTTCATGACCATTTCGGCGTCCCAGACCTGTTTCGGATCAGCAATGATTTCCGCTCCTGCTGACTCATAGGCTTCATTTTC
NZ_CP117986.1_gap100	3831267	3832760	1493	GCTGGTCCGTTTTTAAGAGAGCTGGAATTGTCCCGTCTTTCCACAACTTGTTAATCACCTTCTCCGGTACCCTTCTGCCAATAATGGTAGACGTCCGGGCAGGGTCTGTGCAGTCGCTGTGTGTACTGTAGGCAAGCAGCTTGTGGTTAACATCCTCTATGGTGATCGGGCACCGCAGAACGTCGCTGATATGATCAGCCACATCTTCAAGTCTGTCAAAACTATATTTAAACGGATCATTCGGCATGGTCATAAATCTCCCTACTTTTCGTGCTTGATTTCTCTTTGACATCTCATCCCCTTCCTTTTATTATGATTGTTGTTGTTTGTGAAAATCAACAACAAAGAACAGAAGCAAAAAAACAATTTCATGAGAGAAACGTTCTATATACATTTGGCGGTGTAATCGCCTTTTTGCAGGACAGTTGTATGCCTCATATAATACGACAGCTTATCCTATTAATCTTTTAAGTAAGTCATCGGAGGCGAGACTAATTAAGGAAAGAAAAAACTGAACCTTTCAGAAATGGTGCTGTAGCATCAAATTTTCTGAAAGGTTTTTTTTGGGAGTTGGGGAGTTATTTGGGTCTTTTGGATTATTCGGAGAATGAAGAGGAGATTAAGAAAATAAACCTATTTACTTTACAGTTTATGTCATTTTTAAGTGATTCGGGGTAAACCATTGGACTCATTTTGTAAAATTAAAACATATTTGTTTGACTATGCCGAAAAACTGTTTTTATAATAATGACGTTCTAAAAATAAGTGAATTAGCCCATATTTAGGCTGATGGCACAGGAGGTAATGAGGAATATGGCAGGATTAATTCGTGTCACACCCGAAGAGCTAAGAGCGATGGCGAAGCAATACGGCGTTGAAAGCCAAGAAGTATTAAATCAGGTTGATCGTTTAAACCGAATGATCTCTGATTTGAAAAGCATGTGGGAAGGTGCTTCAAGCGAAGCGTTCGCAGATCAATACGAGCAGCTCAAACCTTCATTTATCAAAATGTCAGATTTGCTTCAAGATGTGAATCAGCAGCTTGATCAAACAGCAAATACACTTGAGTCTACTGACCAAGACATCGCAAATCAAATCCGCGGATAACAGTATGAAAGGGAAGGAGCGCCTGATTCAAAAGAAGACGGCGCTCTTTCTATGTAAGGGTGATCCTAAATGTATATTGATATTACAATAGATTTGAAACATTATAACGGCAGTGTCTTTGATCTCAGATTGTCAGATTACCACCCGGTGAAAAAAGTAATTGATATTGCTTGGCAGGCCCAAAGCGTATCTATGCCCCCGCGCGAAGGGCACTGGATCAGAGTGGTGAACAAGGATAAGGTGTTTTCCGGAGAATGCAAGCTGTCTGATTGCGGCATTACAAACGGAGACCGGCTTGAAATATTATGAAAGGATCTGGTTGAATGTCAGGTAAACAAAAATCATATTTAGAAAACCAATTAGAAGCTGTTGCCGAGAAAACAGAT
NZ_CP117986.1_gap101	3835307	3836943	1636	CACATGCAGCGCGTCTATAAAGATATCCGCCATGCGCCGGTGACGGTCGATTTGGCAGAAGGTCCGATGGGGCTTGTCGGTAAATCGCAAATTGTAAAAAATGAGATTCACCAGTTGATTGGACAGCTGTCGTTCTTTAACAGCTATCACGATTTGCGTTTTGTATTTATTTTTCATGAAGAAGAGTATAAAGACTGGGAGTGGATGAAGTGGCTTCCGCAATTTCAAATGCCCCATATTTATGCAAAAGGATTTATTTATAATGAGCAAACCCGAGATCAGCTCTTGTCTTCACTTTACGAATTGATCAGAGAGCGTGATCTCGAAGATGACAAAGAAAAACTGCAGTTCAAACCGCATTTTGTATTTGTCATCACGAATCAGCAGCTGATCTCTGAGCATGTCATTCTCGAATATTTAGAAGGACAGCATGAGCATCTGGGCATCTCGACAATTGTCGCTGCGGAAACAAAGGAAAGCTTGTCGGAAAACATTACGACTCTTGTCCGCTACATTAATGAGCATGAAGGCGACATTTTAATACAAAAGAAAAAAGCGGTAAGAATTCCGTTCCGTCTCGATCATCATCAGCGTGAGGACAACGAACGGTTCTCACGCACGCTGCGGACGCTGAACCACCAGGTCGGCATTACGAATTCCATTCCGGAAACGGTATCGTTCCTGGAGCTTTTTCATGCGAAGGAAGTAAAAGAAATCGGCATTCAGCAAAGATGGCTGACAAGTGAATCGTCGAAGTCGCTGTCAGTGCCGATCGGCTATAAAGGGAAAGATGACATTGTGTATCTGAACCTTCACGAAAAAGCACACGGTCCGCACGGCTTGCTTGCGGGGACAACGGGATCAGGGAAAAGTGAATTTCTCCAGACCTACATCTTGTCACTTGCAGTGCATTTTCATCCGCATGAAGCGGCTTTCTTACTAATTGACTATAAAGGCGGAGGAATGGCGCAGCCGTTCCGCAACATTCCCCACCTCCTCGGCACGATCACAAATATTGAAGGAAGCAAAAACTTCAGTATGCGTGCGCTTGCTTCCATTAAAAGCGAGCTGAAAAAAAGGCAGCGCCTGTTTGACCAGTATCAAGTCAATCACATCAATGACTATACAAAGCTGTACAAGCAAGGGAAAGCAGAAGTGGCGATGCCTCACTTGTTCTTAATTTCTGATGAGTTTGCCGAGCTGAAAAGCGAGGAGCCTGATTTTATCAGGGAGCTTGTCAGTGCCGCGCGTATCGGACGAAGCCTCGGCGTTCATTTGATTTTGGCGACACAGAAGCCAGGCGGCATCATCGACGATCAGATCTGGAGTAACTCGCGCTTTAAAGTAGCGCTCAAGGTCCAGGATGCCACCGACAGTAAAGAAATTTTGAAAAACAGCGATGCCGCAAACATTACCGTAACAGGCCGCGGCTATTTGCAGGTTGGAAACAATGAAGTGTATGAGCTGTTCCAATCTGCATGGAGCGGGGCGCCTTACTTAGAGGAGGTCTACGGTACCGAGGATGAAATCGCGATTGTTACAGATACGGGTCTGATCCCGCTTTCTGAGGTTGATACCGAAGATAACGCGAAAAAAGACGTTCAAACCGAAATCGAAGCTGTAGTTGACGAAATTG
NZ_CP117986.1_gap102	3854682	3857828	3146	TGGATTCGCAGCTGAATTTGTACCGGATCATTCAAGAGTTTCTGTCTAATGCGGTCAAGCACTCTCAGGCGACGGATGTGCTGATTATGCTCATCAGTATTCAAAACAAAATCGTTCTTCATTATGAGGATGATGGCGTAGGATTTGATCAGGAAAAGAATACTGAGCATTCCATGAGCATGGGGCTTTCTGGCATTAAGGAGAGAGTCAGGGCTTTAGATGGGCGCCTTCGGATTGAAACAAGTGAAGGAAAGGGCTTTAAGGCTGATATTGAAATCGAATTGTAATGGATTTATAACGGAAACGACTTGGCACAGGCCAAGTCTTTTTTATAAAATGGAAAAGAGTGAGTAAAAGGGAGGAAAACATGAAAAAGATACTAGTGATTGATGACCATCCGGCTGTCATGGAAGGCACCAAGACAATTTTGGAAACGGATTCGAATTTGTCTGTTGATTGTCTCAGTCCTGAACCGAGCGAACAGTTTATCAAGCAGCATGATTTCTCGTCATATGATCTCATTTTAATGGATCTGAATCTAGGCGGCGAGGTCAATGGGATGGAGCTTTCTAAACAGATTTTACAAGAGAATCCTCATTGTAAAATTATCGTGTATACCGGTTATGAGGTCGAGGATTATTTCGAGGAAGCGATTCGTGCGGGTCTGCACGGTGCCATCAGCAAAACGGAATCTAAAGAAAAGATCACCCAATACATATACCACGTACTCAATGGAGAAATTTTAGTCGATTTTGCTTACTTTAAACAGCTGATGACTCAGCAAAAAACAAAGCCGGCTCCTTCCTCTCAAAAAGAACAAGATGTGCTCACACCTAGAGAATGCCTGATTCTTCAAGAAGTTGAAAAAGGATTTACAAACCAAGAAATCGCAGATGCCCTTCATTTAAGCAAGCGGTCCATTGAATACAGCTTGACATCGATTTTCAATAAGCTGAATGTCGGTTCACGGACGGAAGCGGTTTTGATAGCGAAATCAGACGGTGTACTTTAAATGTTGGGGGTGTAGATGATGGATACGAAACACACATTGCTTGAAGCGCTTGGTATAGAGATTGTTGAAAACACAGCGGAACGATGCGTTGCGGTCATGCCGGTGGATCATCGGACGGTGCAGCCGTTCGGATATTTGCATGGGGGCGCTTCAGTGGCCCTGGCGGAAACAGCGGCGAGCGCAGGTGCACAGAACCTGATTGATCATTCAACACAGGCTTGTGTCGGTTTGGAGATTAACGCCAACCATTTAAAATCTGTAAAGGAAGGAACGGTAAAGGCGATAGCCGAGCCCGTTCATATCGGCAGAACGACGATTGTCTATCACATTCACATATATGACGAGCAAGAGAGGCTGATCTGTATATCCAGATGCACGCTGGCTGTCATCAAGAAATAAAAAAACAGCCGGAACTCTGCCTGTCCGGCTGCTTATTTTTATAAATAAGAATCCTCTTTTCGTTTAATCACAAAGTTTCTGATTCCGTTATAGTCATCCTGTACGCTTCTCTCATCAAGCTTGACGCCGGAGTTATACGCAGCACGGCAGATCAAGTGCCCGCCGATAGGCGACGTAATAAAGATAAAGAGAATCCCAAGCAGGATTTTAGCGGAGAGTTCCCCCGTCACAAACCACAAATAGAAGAAGACACCAAGCAGAATCATATTGACACCCAATGTTGAGCCTTTAGAAGCAGCATGAGCGCGTGTAAACACATCGGGAAGGCGAAGTACGCCAAATGAAGCAATGAGGCATACAAGAGCACCCAGCAAAATGAATACAGCCACAACGACTTTAGCGGTTTCGATCATTTTCGATAATCTCTCCTTTCTCCAGGAACTTGGAAAATGCGATTGTTCCGATAAACGATAAAATCCCCAGCAGCAAAATAATATCCAAAAACGCACTTGTTTTCAGCAAAATGGAGACAAGCGCCGTGATTGCGATCAGATTGATGCCGATTGCATCCAGAGCCACCACCCGGTCAGGCACAGTCGGCCCTTTAATGACACGAATGACATACAAAAAGGTAGACACTGCCATAATGCCGAGCGCGATTTGCAGGATCAGCGTAAACATCACCGGCTCACCTCCTGTATGGCTTTTTCAAATGACTCCCGAATGTCAAAAATCGCTTTTTCCGCATCCTCGATATCCATTGCATGAATATAAAGTATTGTTCTGTCATCTGAAATATCCATCACCAAGGTTCCCGGCGTTAATGTAATGAGCAGAGAAAGCAGGGTGATTTCCCAGTCCTTCGTCAGTTCAGTTTTAAAAGCAAAAATACCCGGTCTGATATTCAGTTTTGGAGATAAGACTGATTTCATCACACTGACATTGGCAAGGTACAGTTCCTTTATAAAAATGAAACAGAGCTTGATGATAGAAATCAATTTCCATAGATAAAACTGGCGAGTGAAAAAGCGCCGGAAGAAAAAGAGAGAGAGCATTCCCAGAATATAGCCTGTAATGAAGCCTGCGGCGCTTGGACTGTTGCTTAAGAACATCCAGCAAAAAGCGAGAAACACATTTAATAAAATTTGAAAAGCCATGCGATCTACTCCTTCAGAACAGCTTCGATATATTTTTCCGGATTCAGCAGCGTCTCGGCCGCTTGATCAACGTAAGGCGACACCCATTCTGTACCCAATCCGAAGAGAAGAGACAGCAAGAGAAAAATAGCTGCCGGATAAAGAAGTCCTTTAGCTGTTCGATGATTTGGTTTTGGCGTTTCTTTTTCTTCGCCCCAAAACGCATGTATAAAGATCCTCAGCACAGAGTACAGTACGAGCAGACTTGAAAGCAGAATCAGCATGGATATCGTAAATTCACCTTCTGCGAAGCCGCCCTCCGCAATTTTAAATTTGCCGACAAATCCGCTCAGTGGCGGAATGCCTGCAAGAGAAATAGCAGAAATGAAAAACATCCATCCAAGAACAGGATAGCGTTTGATCAGCCCGCCCATTTTATGCAGGTTCGCAGTTCCAGTCAATGCGATCAGCGTACCCGCCAGCATAAACAAAGCGCCCTTAATCAGCATATCGTGAATCAGATAGTAGATCGCGCCCTGAATGGATGCGGGGGTGTGTACTGCTACACCGAACAAAATCACGCCGACAGCGGTAATAAT
NZ_CP117986.1_gap103	3861384	3864312	2928	GCTGACCGTAATCAAAAGTGATTTGGCTGCGCCATAGCGCGACTTTTCCCGCTTATACCAATAGCCGATCAGCAAAAAGGATGAAAGGCTTGTAAGCTCCCAGAACATGTAGAGAACCATGACATTGTCTACTAGAACGACACCGAGCATGGCGCCCATGAACATCAATAAGTAGACATAAAAGGGCCCAAGCTGTTCTTTTTCTTTCGATAAATAAAAAATGCTGTAAAGAGTGACCAAAGAGCCAATGCCTGTGATCAGTAAAGCGAATAATAACCCGAGGCCGTCTATATAAACGGTAAAGTTAATGCCGAGTGACGGAATCCACTCTAATACCGATCGAAGTGTTTCTCCAGACTGTGTCATCCTGATCATTGGGAGAAAGTATATAAACAGCAAGACGGGCAGGATCAACACAAACCAGCCCGTATGCACTCTTTTTGCGTATTTTGCCAAGAAGGGAATGATAAAAGCAAATAAAAAAGGCGATAAAATAGCAAGATGTAAGAGCTGCAAAGATAAGACCTCCTTTTCTCGTTCTCAATTGAAAAATGCGCTATGTATGAAATATACGGTCAAACGACCTAGTCCAAATTATATCGCACTTTTCTGCAAGCTGCCACGCTTCGAACTGCTGTAATGGGTTTTTATGAGTTCTTTTGACCTCAAAATAAGTCTAACAAAAAAGAGGTTATTTGTATATTTAAAATCAATCCTGATCAAGCTGAAGGAAAGGAGCTGGTCATGTGAAAAGAAAAGTCGTGATGTGCTCAGGTTTATTCTGCTCAGTATTTGCAGGGGCATTCATGTTGAATCAATATGACGGGCGCAGCGGTGTGGCGGCTAGTGATGAGTGGGAGCTGTATTTACTGGAGCACCATCTGTCAGCCAGAATGAGTGAGATGGAATCAAAGGATCTGCCGTTTGGTCCCCGAGAGTATATTCGGATTGTGAATAAATAAAAAAAGAGTTCCGCATAAAACGGAACTCTTTCTGTTTATGAAGTGAAAAAACGAAGCAGCACTGTCGCGCAAATAACTGTGCCTGCACCGCCGAGACGGGTTGAAATTTGGGCAAACGGCATAAGGCCCATTCTTCCTGATGCCGATAAAATGGCAACATCACCCGTTCCGCCGAGGCCGCTGTGGCAGCAGGTAACGATTGCGGATTCAACCGGATACATGTTCATCAGCTTGCCTACGAAATATCCAGAACCAATCATCGCGATAACAACTGAAATACAGATGATGACAAACGGTATAGAAATCACAGACGCTACGTCATCCAACGGAATAAAGAGGATGCCGAGACCGACCATCAGCGGCCATGTAAAGCTTGAAGAAATAAACTTATAAAGCTGGTAAGCGCCTTCTTCCATTTTTTTCGGAAGAATATTTGCATACTTGACAGCCGCAGCTGAAATAATCATTAAGATCGCGCCCGGGATGAAGATGAATTTCTCCAATAACCCGCCAAAAATAAAGAATGTACACGCGAGCAGAACTCCTGCTCCCATTAATTTGAAATCAATTTTTGCTTCGGCTTCTTTTTGATTGAAAATCTCATTTGCTTTTTTAGATTTTACGAGACGTCCGTTCCCGTTTAGATCTGGACGCTTATCGCCAAGCTTTTTCATTAAGGCTGCACATATGATAGCAAAAACATTTCCTATAATTGCTGCTGGAACCAGCTGAGACACAAATACATCAGCAGATGAGCCCAGTATTTGTGAGTAGGCGATTGAAAGCGGCAAAATTCCTTCGCCTATTCCCCCGGCAATAATCGGGACAACAACAAAGAAAAAGGAATCATAGGCACTATAGCCAAAAATAAATCCGACAAGGATGCCGGCTGCAACGGCCGCGATCGTTCCTGCAACCAGTGGAACGAACATTCTGATAAACCCCTGTATTAAAACAATTCTGTTCATACCGAGGATACTTCCCACAACAAGGCAAGCGATATAGAAATAAAGGAAGTTAGACGTTTTCATCAAGTTGGTTACAGCGTCTAAAGATGTTGAATTCAGTACATTGTAAAAGACTAAAAATGAAGGAACAAACAAAGATAAAATAGCAGGGCCGCCAATATCCTTCAATATCGGTATGCGTTGGCCTATGTCTCCGAGAAACACACCAAGAATCATAATGATGGCAAACCCGCCAAGCATATTTGCCGGCAGCTCATTGTAATAGGCTGCAAGAATAATAATAACAGCTAATACTGTGTATAATGGCAAAGGAATCACACCGATTTCCCAAGACCAAATTTTTTGAAACAGGTTTTTCTCCTGTGAGTCTTTTTGCTCAGGTGAAATTGTCCCCGTTTTTGGAATTGCTCCCATGTCATACACCCCCATGTATTGTTTGTTACAGTCTACAAGAAAGCGTTAACACTTCATATTTTTTTAAGTTAAAAAACTAATAAACAATTAAATTAAGAGGGTCTTTTGAATTAGAAAAAAACCCCTGAGAATCGTCTTCCCAGGGGAGAATGTTTATCTTTTTCCTTTAATATAAGGCACGCCATTGGCTTTTGGCGCATCTGCCCGCCCGATAAAGCCGGTTAAAGCGAGAATCGTTAAGACATAAGGAGCCATCAGCATATACACATTTGGTATGTCTTTAAAAAGAGGGAGCAGCGATCCAATGATGCTTAAGCTTTGGGCGAATCCGAAAAACAGGGCGGCCCCCAGTGCTCCGATCGGATGCCATTTTCCGAATACAAGCGCTGCCAGGGCGATAAAGCCTTGCCCGGAGATGGTAGAGTGCGTGAAATCAAGCGCAATTGTGGAGGCATATACGCCGCCGCCGAGACCGCCGAACAATCCGCTGATCATCACACCGATGTAGCGCATTTTATATACGTTGATTCCCATCGTATCGGCCGCCATCGGATGCTCTCCGACAGAACGGATACGAAGGCCGA
NZ_CP117986.1_gap104	3884701	3888442	3741	ATGCCGGCGGACTGGCGATTCTGTTCCCGAATTGGATGAGACACACATTGTCTGAAAACCCTGCCCGCATGAAACAGCTTGCAGTTCGCGTGTTTGATGTTGAAGAAGCAGGTAAAACAGATGAAGAAATCGCACTTGAAGGTATCGATAAGCTGTCCGCATTCTGGACAAGCCTTGGCGCTCCGAACCGTCTTGCTGATTATGATATTAATGATGAGCAGCTTGACACAATCGCTGACAAGGCAATGGCTAACGGTACATTCGGCCAATTTAAATCACTCAACAAAGAAGATGTGCTGTCAATTTTGAAAGCATCTCTATAAAAAAGGGGAAATAGCCGTTTGGCTGCTTCCCTTTTTCTTTTTGTCAACTTATGTTACATTGGAAAATCTGTTTTTTATCAGCATCATTTGGAGGTTTTACTATGGAAAATTTCACTTATTATAATCCGACAAAGCTGATTTTTGGAAAAGGTCAGCTTGAACAATTAAGAAAAGAATTCAAACGATACGGCAAGAATGTACTGCTTGTTTACGGGGGCGGCAGCATTAAACGCAACGGCCTTTATGATCAAGTCACAGGCATTTTAAAAGAAGAGGGCGCTGTTGTTTATGAGCTGTCAGGTGTAGAGCCGAACCCGCGTCTTGCAACAGTGAAAAAAGGCATAGACCTTTGCAGAGAGCATAACATTGATTTTCTGCTTGCTGTCGGCGGAGGCAGTGTGATTGACTGTACAAAGGCAATCGCAGCTGGCGTCAAATACGATGGCGACGCTTGGGATATTTTCAGCAAAAAAGTAACAGCGGAGGATGCGCTGCCGTTTGGCACTGTTTTAACGCTTGCTGCAACAGGCTCTGAAATGAACCCTGATTCCGTGATTACAAACTGGGAAACAAACGAGAAATTTGTATGGGGCAGCAATGTCACTCATCCGCGTTTCTCTATTTTAGACCCTGAAAATACGTTCACCGTTCCAGAAAATCAAACAGTATACGGCATGGTTGACATGATGAGCCACGTATTCGAACAATACTTCCATAATGTTGAAAACACGCCGCTTCAGGATAGAATGTGCTTTGCTGTTTTGCAGACGGTCATCGAAACAGCTCCTAAGCTTCTTGAAGATCTGGAAAACTACGAACTTCGTGAAACGATTTTGTATGCTGGTACAATCGCTTTAAACGGCACGCTCCAAATGGGCTACTTTGGTGACTGGGCTTCTCATACAATGGAACACGCTGTTTCAGCTGTATATGATATTCCGCACGCGGGCGGTTTGGCGATACTGTTCCCAAACTGGATGAGATACACGCTTGATACAAATGTAGGCCGTTTTAAAAACCTTATGCTCAACATGTTTGACATTGATACTGAAGGCAAAACAGATAAAGAAATTGCACTTGAAGGAATCGATAAACTGTCTGCGTTCTGGACAAGCCTCGGTGCGCCTTCTCGTCTTGCTGATTACAATATTGGAGAAGAAAAGCTTGAGCTGATTGCTGATATCGCAGCCAAGGAAATGGAACACGGCGGCTTCGGCAACTTCCAAAAACTGAACAAAGATGACGTGCTTGCCATCCTTCGCGCGTCTCTATAAACTCAAAGGGCGGAATCCAGTCATTCCGCCCTTTCTTCTTGACTTGATTTCACAGATAAGTTCATATAAAGTGAAAGATGAAAACATTATACCGTTATGGAGGGACAAGCAATGACGCATGTACGCTTTGACTACTCAAAAGCGTTGACTTTCTTCAACGAACATGAACTTACATATCTGCGGGACTTTGTAAAAACAGCACACCATAATATCCATGAAAAAACAGGCGCGGGCAGCGATTTTCTAGGCTGGGTGGACCTCCCTGAACATTATGATAAAGAAGAATTCGCGCGCATCAAAAAAAGCGCGGAAAAAATCAAATCTGACTCTGATGTCTTGCTTGTTGTCGGCATTGGCGGTTCTTATCTAGGAGCGCGGGCAGCGATTGAAGCGCTGAATCACGCGTTTTATAACACTTTGCCAAAAGCAAAACGCGGCAATCCGCAAGTCATTTTTATCGGAAACAACATCAGTTCATCTTATATGAGAGACGTCATGGATCTTCTTGAAGATGTTGACTTCTCTATTAATGTGATTTCTAAATCAGGTACGACAACTGAACCTGCAATCGCTTTCCGTATTTTCCGCAAGCTTCTTGAAGAGAAATACGGTAAAGAAGAAGCGAAAGCGCGGATTTATGCAACAACTGATAAAGAGCGCGGCGCATTAAAAACGCTTTCTAACGAAGAAGGCTTCGAATCATTCGTTATTCCTGACGATGTCGGCGGCCGTTATTCAGTTTTAACAGCTGTAGGTCTCTTGCCGATTGCTGTCAGCGGCGTCAACATTGATGACATGATGAAAGGCGCCCTGGATGCGAGCAAAGATTTTGCAACATCTGAACTGGAAGATAACCCAGCATACCAATATGCGGTTGTTCGCAATGTCCTTTATAATAAGGGCAAAACAATTGAAATGCTCATCAACTACGAACCGGCGCTTCAATACTTTGCGGAATGGTGGAAGCAGCTGTTCGGAGAAAGCGAAGGGAAAGATGAGAAGGGCATTTATCCTTCTTCAGCGAACTATTCAACAGACCTTCATTCTTTAGGCCAGTATGTACAAGAAGGCCGCAGAGATTTATTCGAAACGGTCCTGAACGTAGAGAAGCCTAAACATGAACTGACAATTGAGGAAGCGGATAACGATCTTGACGGCTTGAACTATTTAGCCGGTAAAACTGTTGATTTCGTTAACAAGAAAGCATTCCAAGGCACGATGCTTGCCCATACAGACGGAAATGTTCCGAACTTAATCGTTAACATTACTGAGCTAAATGCATATACTTTTGGATACCTTGTATATTTCTTCGAAAAAGCCTGCGCGATGAGCGGTTACCTCCTTGGCGTCAATCCGTTTGACCAGCCTGGTGTAGAAGCGTATAAAGTCAATATGTTTGCGTTACTCGGCAAACCTGGCTTTGAAGAGAAAAAAGCAGAGCTTGAAAAACGTCTGGAAGATTAATGTGAGAAAGCTGACTGGCATTTGCCGGTCGGCTTTTTATAAAATCAGAAAGGTGCTGATGTTCATGAAACAATTGGTTAAACATCTCATCATTGCCGGTTTTTCTGCAGCTATTTTAAGTTTCCTTATCTCCTTTGATGCCGTGTATACAGAGTTTTCTTCAAGCTTTGGCGGCACGCTGTCACATTTTTTCATCCACGCCTTTCTTCTCATTGGTTTGCCGCTTGCCCTTTTTACCGATGCGGTACATCGGATTTTGCATTTAAAACGAACCCATACTCTTTTCACTAAATTAGGACTCTATGCAACGGTTGTTTATGTGTCTTGGGATTCAGCTGTATGGCTTGCAGCGGCAATGGCTGTTTACTTCTTAATTGAATGCGCTTTCTTTCCTGTTGGCCGCGCGAAAGAAACAACGATTTCCATGTAGGCGCCTCTGAATGAAGTCTTGTTTGGCGGGACAGGATAAGTGAAAAAAGGGGCATTCTGATGATACCAATACCTTCCGCGATAGATGGGCAGTCTTTTCTGCTTCAAGAACTGGAACAAGTGATGAAGCCGCTCGGTTATGTGATAAACGGCGGCTGGGAATACGATCATGGCTACTTTGATTATAAAATTGATGATAGAGACGGCTATTTATTTTTAAGAATTCCCGTCAATGCGGTACAGGGCAGTCT
NZ_CP117986.1_gap105	3890198	3895045	4847	TTTTGCTGATTGGATTCTGTGCTCCAAGCCGGAAGAAAAAGCGCATTTCTGTACACGGGAAAGAAAACTCATTAAAATAATCGTAATAGAGAAATGATCATGGAAAAAGGATGATGAAAAAATGCTGTTTATATTTTTAACAATAGCCGCATTGGGATTGTCGTTTTGGGCACAATTTAAAGTAAAGAGCAACTTTGAAAAATATTCAAAAGTGGAAGCCTCAAGCGGACGTACAGGGGCAGAAACGGCAAGACGGATTTTAGATATAAACGGTCTTTACGACGTGCCGGTCGAACCGGTAAGAGGCACTTTAACAGACCATTACGACCCGACAAGACGGGTGGTGCGTTTATCTGAGCCGGTCTATTACGGCCGCTCAATTTCCGCCATATCCGTAGCTTCCCATGAAGTCGGACATGCCTTGCAGCATCAGGAGTCATATGGTGCGCTTGTGCTGAGACATAAAATCTTCCCAGTCGTGAATTTTGCATCCGGTGTAGCTCCTTTGCTTTTCTTAGGAGGCATGCTTCTCGGCAGCCTGAATTTGATCGGGCTTGGCATCATACTGTTTTCAGCGGCAGTCTTTTTCCAGCTGATTACATTGCCTGTCGAATTCAATGCAAGTTCACGTGCGAAGCAGATTATTGTGTCAGAAGGATTCATCCGAAACAATGAAGAAAATGGGGTAAATAAAGTGCTGAGTGCTGCTGCCTTAACGTATGTGGCCGCCGCCCTGGTTTCCCTGTTTGAACTACTTCGTTTTGTGATGATTTTCTTAAACGGTCGTGATGAGAATTAACGTTAAGGAGGTGGCCCCTTACCATTTATGGTAAGGGCTTTTTTTGCTTATTTTACAATTGATCGCCATTTTTGTTTTGATTGGCATTACGGCTGTTTTCGTTGCAGCGGAATTTGCGATCGTCAAAATTAGAGGTTCAAAAATCAATCAGCTCATCGAAAGCGGTGACAGCCGAGCACTAGCCGCACATAAAATCATCTCCAATCTTGACGAGTATTTATCAGCCTGCCAGCTCGGGATTACGATTACAGCCCTCGGCCTTGGGTGGCTTGGTGAACCTACATTTGAACGTTTTCTTCATCCCTTATTTACAATGACAGGCATGCCGGAACCGTTTAACCACATTGTCACATTTGTAGTTGCATTTATCATCGTCACTTTTTTGCATGTGGTGATGGGGGAGCTTGCCCCGAAAACGGTTTCTATTCAAAAAGCTGAAGCTGTAAGCTTATGGATTGCAAAGCCGCTGATCTGGTTTTATAAAATCACGTACCCGTTTATTAAAGCATTAAACGGCTCTGCAAGTTTTCTTGTGAAATTGTTTGGCTTTCATTCAGTAAAGGAGCATCAGGTTGTCATCAGCGAGGAGGAACTAAGACTGATCCTTTCAGAAAGCTATGAAAAGGGAGAAATCAATCAGTCTGAATTCCGTTATGTAAATAAGATTTTTGAATTTGACAACCGGGTAGCGAGAGAGATTATGATTCCGCGGACAGAAATTGCGGTTATCTCTCTGGAGCAGTCGCTTGAAGAGGCAATTCATCACATCATTAATGAACGGTATACACGCTACCCTGTCATCAAAGATGACAAGGATCATATTTTAGGGATCATCAACAGCAAAGATATGTTTAAAGCTTATTTTCTCGGCCAGCCGATAAAGCTGGAGCAAATCATGAGGCCCGTTATCAGGGTCATTGAAAGCATTCCTGTTCAACAGCTTTTAATCCGCATGCAGAAGGAACGGATTCACATGGCGATTCTCGTAGATGAATACGGGGGAACGGCGGGGCTTGTCACTGTAGAGGATATTATAGAGGAAATCGTCGGGGAAATCCGCGATGAGTATGATCAAGATGAAACACCGCACATCCTGAAAAAGGGCGAGCACCATTATGTGATGGATGGAAAAGCGCTAATAGACGAAGTGAATGACCTTCTCGACATTGCGATTGAAAATGAAGAAATTGATACGATTGCAGGCTGGCTTCTAACGCAAAAAATGGAACTGAAAGCAGGAGATGTGATACAAGCGGAGGGCTGTGAATTTAAAATCCTCGACGCCGAAGATCATCACATCCGTTTTGTAGAAATTAAAAAAACTGATTTTTAATAAAAAACAGCCGGGGAACGAACGGCTGTTTTTTGTGTCATCAAGTCATTTCTTAAAAAGCAATGCTGTGTAGCCTTTTTTCTACATAGGATATATAAGACCGGTACACTGGGAAGGAGTTGCTGTATGAAAAAGGCTTGGTGGAAGGAAGCCGTTGTTTACCAAATTTACCCCCGCAGTTTTAAAGATTCAAATGGCGACGGAATTGGGGATATTCAAGGAATCAGATCCAAGCTTTCTTACATAAAAGAGCTGGGCGCTGACGTCATATGGATTTGCCCACTGTATGACTCACCGAATGCTGATAATGGCTATGATATCCGGGATTATCAAAACATATTAAGCGAGTTTGGCACCATGGAAGATTTTGATGAACTGCTTGGTGACATTCATGATCTGGGGATGAAGCTGATTATGGATCTCGTTGTGAACCACACAAGCGACGAACATCCATGGTTCATAGAATCCCGTTCATCCATACACTCGGAAAAGCGCGACTGGTATATTTGGAAAGACGGCAAAAACGGAAAAGCGCCCAACAATTGGGAAAGCATTTTCGGCGGACCGGCTTGGGAGTATGATCAAGAGACAAGCCAGTATTATCTGCACCTTTTTGATAAAAAACAGCCTGATTTGAATTGGGAAAATGAACAGGTGAGGAATGCCGTTTATGACATGATCAATTGGTGGCTTGATAAAGGAATTGACGGATTTCGGGTGGATGCCATTACGCATATTAAGAAAAAAGAAGGGCTTCCCGACATGCCGAATCCAAAGGGGCTGGACTATGTCCCTTCCTTTCCTTATCATATGAATGCTGACGGCATTATGGATTTGTTAACAGAGCTGAAGGAAAACACATTTTCCCGCTATCCGATTATGACAGTTGGTGAAGCAAACGGCGTCGCTGCAAAAGAAGCAGCTGATTGGGCTGGAGAAAAAAACGGCATATTCAGCATGATTTTTCAATTTGAGCATCTCGGCCTGTGGGATGTAGAGATCAATGAAAGTATTGATATCGTTGCATTTAAACGAATTTTAACTGACTGGCAGGACAGTCTGGAAGGGATCGGCTGGAATGCTTTGTTTATGGAGAATCACGACCAGCCTCGTTCAGTTTCTGTGTGGGGAGACGACGGAGTGTACCTGAAAGAAAGTGCAAAAGCGCTTTCCGCTGTTTATTTTCTCATGAAAGGCACACCGTTTATTTATCAGGGACAGGAACTCGGGATGACGAACGTGGCTTTTCCATCTATTGAGGACTATGATGATGTCGCGATGAAACGCCTGTATGAAACAAAAACAGCGAAAGGCACATCACACGAGGATGTGATGAAGATTGTCTGGAAAAAGGGAAGAGACAATTCGCGAACGCCGATGCAATGGAATGCTGGTCCATACGCCGGATTTTCTGAGGCCAAACCGTGGATCGGAATCAATGACAATTACAAATGGCTGAATGCCGAGGCGCAAAAAAACGATAAAACATCCGTTTACCATTTTTACAAAAGCTTGATCAAGCTGCGCCAAACATATGATGTTTTTATTAACGGGACATACGAGCTCATTTTACCGGAAGATCAGCAAATCTTTGCATATCTTCGGAAAAACGAGAGCCATACTGCACTGATTGCGGCCAATCTGACAGGAACACCGGCGTTGTTCAGGCACTCTGGATTGCCATTGTCATCAGATGCACTCGTCTTGTCAAATATTGAAACAGAGCCGCACAAGCATATGACATCAGTACTCTTAAAGCCGTATGAAGCAAGAATATATCTATGGTGCTAAACTCCAGCCTTAGACTGGAGTTTTTTTGTTTTATCGGGTTTATGAGAGCGGTTTAACAGGAAAAAAAAGAACACAGAACGAATTAAGCGATGAGAGCGGACAAACGAAAGGAGAAACAAATGCTGAAAACACTGCAAATCAAAACAACCAAACGAGATGAAATGATTGATATCACCCGGGAGGTGGAAGCATTTCTTCAAGAAACAGGTATAACGAGCGGCGCAGCGCTGATTTACTGTCCGCATACGACTGCGGGCATTACAATTAATGAAAATGCCGATCCGGACGTCAAAAAAGATATGCTCAGAAGGTTTGATGAGGTATATCCGTGGGAACATGAGCTGGACCGCCATATGGAGGGCAATACAGCTGCACACATGAAGTCGAGTACGGTCGGAGCTTCACAGCATGTCATTGTGGAAAACGGCCGGCTCATTCTTGGAACGTGGCAGGGCATTTATTTCTGTGAATTTGACGGCCCTCGCACCCGGACATGCTATATCAAAATGATGGGATAATAGGCTGTTTTTTTGACAAAAGCATGATCGCTGAACAAACGCCGATAGCCGGAGGGCTTGTCACACCCGCCCCGGCTGCCGCTTTATCGAATGAAGGCGCGCTTGGCATTCGTCCATATGCGAAATAAAAAGCGAGGGAAAGAGACACGCGCCTCACCCTTTGTTTTCAGGAAAGCCTGCATGAGGGATAGTCAATCAATGGATGTAAACGTACCGAGCTTTGCCGAACGTAACTTGATAAACTGAGGTGACAGATATGAACATTCTTCAATATTCTTATAAAAAAAGAGGGAAAATTGAGTTTGTATTTGAAGGCTGGCCTCACTCAAAAGTTACAATGGTTCCTATCAAAGGCTACTATTTTGTCCGCTTTATCAAATGGAGCAGCCAGGATCCAATCGTGACA
NZ_CP117986.1_gap106	4076364	4080247	3883	GGTGTGTGAATATGTCCGTCTCGCTTTTGCATTGATGTCACCCCATGAAAAAATAGTCAAATCCTGCCGATTTTGCACAAAAAGTTTTTGATTTCTGGTCAAAAAATGTTTGTTACATGGTATCATAATAACAATGAAAACGACAGTTTTTCTCAATACATATCCTGAAATCTTTCTGAATAAATAAAACACCCTGACAGATTAAGGTAAACAGCAAGGGGGCTCATTATGGAGTTTGTCATTGGATTATTAATTGTACTGCTTGCGCTGTTTGCGGCAGGCTACTTTTTCAGGAAAAAAATCTACGCCGAAATCGACCGGCTGGAATCGTGGAAGATTGAAATTCTGAATCGGTCGATCGTGGAAGAAATGTCTAAAATAAAACATTTAAAAATGACGGGTCAGACAGAAGAGTTCTTTGAGAAGTGGCGTGAAGAATGGGATGAGATTGTCACAGCCCACATGCCGAAAGTTGAAGAGCTCCTTTATGATGCCGAGGAAAATGCAGACAAATACCGGTTTAAAAAGGCCAATCAAGTGCTCGTTCATATCGACGACCTGCTGACAGCGGCTGAATCAAGCATTGAAAAGATTCTTCGGGAAATCAGCGATCTTGTCACAAGTGAGGAAAAGAGCCGTGAAGAGATTGAACAGGTGAGGGAGCGCTATTCGAAATCTCGAAAAAACCTGCTGGCTTACAGCCACCTTTACGGGGAGCTTTATGACAGCCTTGAAAAGGATCTGGACGAAATTTGGAGCGGCATCAAACAATTTGAAGAAGAAACAGAAGGCGGAAACTATATTACTGCACGAAAAGTACTGCTTGAGCAGGACCGCAATCTTGAACGGCTTCAGTCATACATAGATGATGTGCCGAAGCTGTTAGCTGACTGTAAACAGACGGTGCCCGGACAGATTGCAAAGCTCAAGGATGGCTATGGCGAAATGAAAGAAAAAGGGTACAAGCTTGAGCATATCCAGCTTGATAAGGAATTAGAAAATCTGTCAAACCAGCTGAAACGAGCGGAACATGTCCTGATGACTGAGCTGGATATTGATGAAGCGTCCGCAATCCTGCAGCTCATTGACGAAAATATTCAATCTGTTTATCAGCAGCTGGAGGGCGAAGTTGAAGCCGGTCAATCCGTACTAAGCAAAATGCCTGAATTGATTATTGCTTACGACAAGCTTAAAGAAGAGAAAGAGCATACGAAGGCGGAAACTGAGCTGGTGAAGGAAAGCTACAGGCTGACAGCCGGTGAGCTCGGCAAACAGCAGGCTTTTGAAAAGCGCCTTGATGAAATTGGAAAGCTGCTATCATCCGTTAAAGATAAGCTTGATGCAGAGCATGTCGCTTACTCACTTTTAGTAGAAGAAGTTGCTTCAATAGAGAAGCAAATTGAAGAAGTGAAAAAAGAGCATGCCGAGTATCGTGAAAATCTGCAAGCGCTGAGAAAAGAAGAGCTTCAGGCGAGGGAGACGCTCAGCAATTTGAAAAAAACAATTTCTGAGACAGCTAGACTGCTGAAGACTAGCAACATTCCAGGGATTCCGAGCCATATTCAAGAGATGCTGGAGAACGCGCATCATCATATTCAAGAAACAGTCAATCAACTAAACGAACTTCCATTAAATATGGAAGAAGCCGGAGCCCATTTGAAGCAAGCAGAAGAAATCGTCAACAGGGCAAGCCGGGAATCAGAGGAACTTGTCGAGCAGGTCATCCTCATTGAAAAAATCATTCAGTTCGGAAACCGGTTCAGAAGCCAGAATCATATTTTATCTGAACAGCTGAAAGAAGCGGAAAGACGTTTTTATGCTTTTGATTATGACGACTCTTATGAAATTGCAGCTGCCGCTGTAGAAAAGGCTGCGCCAGGTGCAGTTGAAAAAATCAAAGCAGACATATCCGCTTAGATAATCACGACTATGAAAAAGAGCCCGCAGTGTAATGAGCAGGCTCTTTTTTTCATTGCAAAACGCCTGCGCAATAACGCAGGCGTTCTGTGACATTAACTTATTTCATTAAGCTGTTTGGATGGTCCGATGAATAAGGTCAGCACATAGCCGATAACCGCTCCGACGATTCCTGGAAGCACCCAGCCGATGCCGAGGCTGTAAAGAGGAAGATTCGCATTTAGAAACACATCTAAAGATCCAAGTGAAAAACCGGCTGCTTTGATACCGTCTAAAATACTGAAAAGTCCTGTACCGATCAAGCAAGCGATGTACACTTCGCGTCTTTCTTTAAAGATCTTATCGATGAAGGAAAGAACGATAATGACAATGGCAAGCGGATAGATAGCTGATAAAATAGGAACAGAAAACGCGATAATTTGCGCGAGTCCGAAATTCGCAATGATCAAGCTGAATAACGTGACAATCGTAACGACAATTTTATATGATAATGCCGGAATAAGTTTTGAAAAATATTGGCCGCAAGATGTGACAAGGCCGATGCTTGTTGTTAAACATGCGACTGTAATCGCTGCTCCGAGTACGATGTTGCCCAATGACCCGAATAAATAATGGGAAGACGCAGATAAAATTTTAGCTCCTTCACCAACAGGACCGATGGCATTTGTGCTTGTTGCACCTAAATAAGCAAGGGATACATAAATGAAAGTCAGGCCTAAAGCTGCAATCACACCTGCTTTAATGCAGGCTGCAGCAAGAGCTTTAGACTGTGTAACGCCTTTGCTTTTTACAGCATTTACAACGACAACGCCAAATACAATTGAAGCAAGTGCGTCCATTGTTTTATAGCCTTCTAAAAATCCTTTAAAAACCGGTGTTCCTTTATATGCTTCTGTCACGGCGCCCAATCCGCCCATCGGCGTGAAGATGGCTTTGAGAACAATGATTAAAATAATCGTGAATTTGATGGGAGTCAGAATTTTTCCGACTCGATCGACAACCTTGGATGGGTTTAACGCTAAATAGTACGTAACGCCGAAAAAGATAAGTGTAAATATTAATAAAGAAAGTCTTTCTGGTACGCCAGTCAAAAACGGAACAGCGCCAATTTCATATGAAACAGTTCCTGTTCTCGGGATGGCGAATAATGGTCCGATTGATAAATAAAGCACGACAGTAAAGATTGTGCCGAAAACAGGGTGCGCTTTGTCAGCAAGGCCTTTAGCGTCCTTACCGGTTAATGCGATGGCGATAATGCCGAGAAGCGGCAGGCCTACCCCTGTCAGTAAAAATCCGCCGATGGCCTTCCAGACGTTGTGTCCGGCTGCTTGTCCAAGTTCCGGCGGATAGATCATATTTCCTGCTCCAAAGAATAACGCAAATAGCATGAAACCAATAATAATGGTATCTTTGACAGGCAGTGAGTGTTTCATGAAAAAAATCCTCCTAATAATTATGTTAAAATATTCTGTCAATTAATTGTCAGATAATATGACGAAACGAACAAATCTTATTATATGGTAAAAAAATTAGAAGTCAATACTAGTTTTTCGTAATTTTCTATTAAATTTTGTTATGGTAACATAAATATCATACCTTGTACCGCTTTCATAAAGGAGTAAAAAAGATGATATATTTAGATAATAGTTCAACGACGAAGCCTTACGATGAAGTCTTGAACGTATATGAACAGACAAGCAGCCGATACTTTGGCAATCCTTCATCTTTGCACCGATATGGAGCCGAAACGGAACAGCTGCTTCAAGCAGCCAAAAATCAAATCAAAAGGTCCTTAGGCCTAAAAAAATATGATATTGTATTTACATCAGGCGCCACAGAAGCCAATAATGCGGCTTTAAAAGGAGCGGCTTTGTCAAAGATAAAAACAGGCAAACATATCATTGCCACTTCTATTGAACATCCATCCGTTACGGAATCGTTAGAACAGCTGAAAGAGTTGTTCGGG
NZ_CP117986.1_gap107	4105566	4107362	1796	AGCGTCTTGAAACGGCTGAAACCTTCGGGCCTAGAAGATATTGTGGCGGTCAATGCACTGTACCGGCCGGGTCCGATGGAAAATATTCCGTTATTTATCGACCGTAAACACGGCCGGGCGCCTGTTCACTATCCTCATGAAGATTTAAGGAGCATTTTGGAAGATACATATGGCGTCATTGTGTATCAGGAACAAATTATGATGATTGCTTCCCGTATGGCGGGGTTTTCTTTAGGCGAAGCGGACCTATTGAGAAGGGCGGTCAGCAAAAAGAAAAAAGAAATCCTGGACAGAGAGCGAAGCCATTTTGTTGAAGGGTGCTTAAAAAAGGAGTATTCTGTAGACACTGCAAATGAGGTCTACGATTTAATCGTCAAATTCGCAAACTATGGCTTTAACAGAAGCCATGCGGTGGCATACAGCATGATCGGGTGCCAGCTTGCGTATTTGAAAGCTCATTATCCGTTATATTTTATGTGCGGATTGCTGACAAGCGTCATTGGCAATGAGGATAAAATCTCTCAATATCTTTACGAAGCAAAGGGGAGCGGGATTCGTATCCTTCCTCCGTCAGTGAATAAAAGCAGTTTTCCGTTTACAGTTGAAAACGGATCTGTCAGATACAGCCTCCGCGCGATAAAAAGTGTAGGCGTCTCAGCAGTCAAAGATATATATAAAGCAAGAAAAGAGAAACCATTTGAAGATCTTTTCGATTTCTGCTTTCGCGTGCCGTCAAAAAGCGTAAATCGCAAAATGCTTGAAGCACTTATCTTTTCTGGTGCGATGGACGAATTCGGCCAAAACCGGGCCACGCTGCTCGCATCCATTGATGTTGCTTTGGAACATGCTGAGCTATTCGCCGCGGACGATGACCAAATGGGATTGTTTTTAGATGAATCGTTTTCAATTAAGCCGAAGTATGTGGAGACGGAGGAGCTTCCTCTGGTGGATTTACTTGCGTTTGAAAAGGAAACGCTCGGCATTTATTTTTCAAATCATCCCCTCTCCGCCTTCCGAAAACAGCTCACTGCGCAAGGAGCAGTCTCCATTCTGCAGGCTCAGCGGGCAGTCAAAAGGCAGCTTTCACTAGGCGTTCTGCTGTCGAAAATCAAAACGATTCGGACGAAAACAGGTCAAAACATGGCGTTTTTAACGCTCAGTGATGAAACCGGCGAGATGGAAGCCGTAGTCTTCCCTGAACAATTCAGACAGCTTTCACCCGTTTTAAGAGAAGGCGCTCTTTTGTTCACAGCGGGGAAATGCGAAGTAAGACAAGATAAGATCCAATTCATCATGTCCCGGGCAGAATTATTAGAAAATATGGATGCAGAAAAAGCGCCATCGGTTTATATAAAAATAGAAAGCAGTCAGCACAGCCAGGAGATCCTGGCAAAGATTAAGCGCATTTTGCTGGAGCATAAAGGGGAAACAGGCGTTTATCTCTATTATGAAAGGCAAAAACAGACGATTAAGCTACCTGAGTCGTTCCATATCAATGCAGATCACCAGGTGTTATATCGCTTAAAAGAGCTGTTGGGTCAAAAAAACGTCGTTTTAAAACAGTGGTAACGATTCGCTTTTTGTTATACAATTGGAGCAATTATGTGATCCTGTTTAAATATTCAGATAGATTTACTCCGCAGAATGCAGCAATCAACGCAGCAGTATACGAATCAAAAAATATCCATAAGGAGTGTTTAGGAGAATGTCATTAAGAGAAGAAGCATTACACCTGCATAAAGTCAACCAGGGGAAACTGGAGTCTAAATCAAAAGTAGAGGTCAGAAATGCAAAAG
NZ_CP117986.1_gap108	4113308	4115579	2271	GCAAATCAGCTTACGGTCCGGTTGTCGTTGCACAAAATGCAAAAGAAGCTGAGCAAAAAATGACTGACGGTGCGGTACTTGTTACCAAAAGCACTGACCGTGATATGATTGCATCCCTTGAAAAAGCGTCTGCTCTTATTACAGAAGAAGGCGGTTTGACTAGCCATGCGGCGGTAGTCGGATTAAGCCTTGGCATCCCGGTTATCGTGGGTCTGGAAAATGCGACATCTATTTTGACAGATGGCCAGGATATTACAGTTGACGCTTCCAGAGGCGCAGTCTATCAAGGCCGTGCGAGCGTTCTTTAATTACAGGTGAAAATGGAAGGGGAATCCCTTCCTTTTCTCTTTATCATGCCTTTTGTTGAACAGAACGTGTTACACGTGTGGGGGGCTTGGATATGAGATTATTGTTTTTGCTTTTTATTGTGTTTCCGGCAATAGAAATCGGCATATTCCTATTTTTAGGCAAGCTGATTGGCATTTTACCGACAGTTCTATTCATGATTCTGACGGGCATTATCGGCGCAGCAGCTGCAAAAAAACAAGGAACCGAAGTGTATTATAAGGTTCAGCGTGATCTTCAATATGGCAAAATGCCGGGAGAAGCGATTGCTGACGGTCTGTGCATTTTCATTGGCGGTCTATTGCTGATGCTTCCGGGCTTTTTATCAGATTTGGCCGGCGCCTGTCTTCTTATCCCGTTTACCCGCGGCTGGTGTAAGCCGATTCTGTTCAAATGGCTGAGAGGTATGTCGAAGAATAAGCGGATCATCATCAAATAAAAAGCGGCAGCCATGAAAAAACGGCTGCCGTTTTATTTTTGCTGAACGGTGATATAGGACCATATTTCTTTTAATGCGCCTGTTGTGATGAAAGCTTGGATGATGACGAGTACAGCGGGTCCCGCAATCAGTCCTAAAAACCCGAATAATTTAAAGCCGGCAAACAGGGCGATGAGCGTTGCCAGCGGATCGATCCCGATAGATTTACTTAGTATCTTGGGCTCTGTCAGCTGCCGCTGAATAAGAACGACGAGGTACAGGATACCGATTCCGATCGCTTGGGGCAGCTGGCCCGTAATCGATAAATACAAAATCCAGGGCACAAATACGGAGCCGGCACCTAAGTAAGGGAGAAGATCTACAAGCCCGATTAAAAAAGCAATTGTTGCGGCGTGTTCAACCTTTAAGAGAGAAAGGCCGATAAATACAATCACCATCGTGATGAAAACGAGGACGGCTTGTGCTTTGATAAAACCAGTCATTGCTTTTTTTAATTCGCTGCTGATCGCTTTGCTGTTAGCTGTCACACGATCCGGCAGAATTAAAACAAGCATGGCTTTCAGCTTATGCCAATCCTTTGTCATAAAAAAGGTTGCCAGAAGAGAAAAAATCAGAACCGCCGCCGTATTGGGAAGAAGAGCGAAAAATCTCGGGATCATCTCTAGAATGTGGGACAGCAGGAGCCCGGCATTTTTAGCGGCAGAATCTCCGAGTGTCTGGATATGAGTGACGATGGAAGCCTGCTGGTTCGTTTCCAATTCTTGAAACAAAAGAGTTAACTCGTTATAGAGCGGCTGAATATGAGTTGTAAACAATTTTTCGCAATATGAAATAAACGTGCTGATATGCGGAGGCAGCGTTTTTGCTAGATAGGCTGTTCCCGTTACGATTTCGGCTACCAGAATGGTAAGGACGCCGAAGGCTGCGAGCAGAAAAAAAGCAAGAACGCCCAGAACATTTATCGTTCGGGGGAATCCTGTCACTTTGTCCAAATAATCGACAACAGGATGAATCACTGAAGAAAGAATAAGGGCGATCAGGAACGGATAAGTTAACGGAAACGAATAATAGGCCGCAGCTATCGACCCTGCGGTCATTGATATGACAAAGAGGGTTCTGAAAAAAATAGTGATATAAGATTGATTCACGAAAACGGTCCTCCTCTCGTCAGCATGTCCTATTTTTTATATGTATTCACGCTGCGGCTGAATATGAATACATTCATCTTATAGGAGGGATGGCATGTGTTTACACAAGCGAATTTATTTTTAATTTTACTCTTGGCTATCGCACTTATCGCAAAAAACCAATCATTGCTCTTTGCTGTATCCGTCCTTTTGATCATCAAAATCCTAGGGCTTGATCAGAAATTATTTCCGACCATCCAGTCAAAAGGCATTAACTGGGGTGTGACCATTATTACCATCGCCGTTCTTGTCCCGATTGCCACGGGAGAAATCGGATTTAAGCAGCTTGGAGAAGCAATG
NZ_CP117986.1_gap109	4120144	4120644	500	CGACAAAGTATTAGGGCTGGAGCTCGGTGCTGATGATTATATGACCAAGCCGTTCAGTCCAAGGGAAGTAAATGCGAGAGTCAAAGCGATTTTAAGGCGTTCGGAAATAGCTGCGCCCTCTAGTGAGATGAAGAACGATGAAATGGAAGGCCAGATCGTAATCGGCGATCTGAAAATCCTGCCTGATCATTATGAAGCGTACTTTAAAGAAAGTCAGCTTGAACTGACACCGAAAGAATTCGAACTGTTGCTCTATTTAGGCAGACATAAAGGCAGAGTTCTGACAAGAGACCTGCTGCTGAGCGCAGTCTGGAATTATGATTTTGCCGGAGATACGAGAATTGTTGATGTGCACATCAGCCATCTTCGCGACAAAATTGAAAACAATACCAAAAAACCGATCTACATTAAAACGATTAGGGGATTGGGGTATAAACTGGAGGAGCCAAAAATGAATGAATAAATACCGTGTGCGCCTTTTTTCTGTATTCGTTGTCTGT
