gap_id	start	end	length	sequence
NZ_CP136680.1_gap1	20636	21155	519	ATCCTGGTTGGCGATGGACGTCGATCCCACGACCGCGCTGGCGACGCCGACCGCACTGGCAGCAGGAACGATCTGGAACGAGCTGGCTCTCAAGTACATGGTGCTCGACCGGATCAGGATCGTCGGTCTCGCGGCACCGTCCGTGACGGACGAGCTCGCACAGGGCTGGGTCACAGGGGCCATCAATGACCTGAAGGAACACATGGAAGAGGTAGGCGAGCTGTGAGGGTGCAGAAGAAGGACGTCGTCATCGAGATTGCCGACGCGCTCGGACGGGAGGCACCGAAGATGTCCACTGGGTCGACCGAGCCCCGCACGATCTTCGACATGGTCAACAAGGAGCTCGCGCTAGGTCTGTCGACTGAGCTGACGAAGCCCCAGATCGCGCAGGCGATCGTCGAGTCGACCGGCGAGGTCTGGGCACCGGACTTCGAGTCTCGCGGAGGGACCGTGACTCTTAAGGGCCTTCAGGCCGTCCGTGATGCGGTGAGGTTCTACGTCGACTAGCTGGGGCCAAGC
NZ_CP136680.1_gap2	115576	118361	2785	CGCCGCCGCGACGATGGGCCAGCTGCGCGGCCTGGTGCGCGCCATCGGCTACGACAGCGGCGCGACCCCGGCCCGCCTGCTCGAGCGCGTCGACGCCGCGATCGACGGCCTCGCCCTGGGGATCAACGCCGTGGCGACGGCCGTCGTCGCCCGCATCGAGCAGAGCGACGACGAGCGCTCCCGCGGCGTGCGGACCGTCCGCTGGTCCAGCGCGGGCCACCTGCCCCCGGTCGTCGTCCGCGCGGACGGCGCGGTCGAGGTGCTCACCGTGCGCAACGACCTCCCGCTCGGGCTGCGGCCGGGCGCGGGCCGGCGCGACCACACCGTCGAGCTCGGCACCGACGACACCCTCGTCCTGTACACGGACGGGCTCGTGGAGCGCCGCGGGCACAGCATCCGGGACGACGTCGCGGCGCTCGCCGACGCGCTGCGGGGCCTCGCGGGCGCGAGCCTGGACGACGTGGTGCGGGCGGCGCTCTCCCAGGTCCTCCCCGGCGACGCCGAGGACGACGTCGCGCTCGTCGCGCTCCGCACCGGTCCGCAGGCGGCGGTCGTGCGGCGCGACGTCCCGGGCACCCCGGTGGCCGTCTCGGCGTGAGTCCCACCGGGCGCCGACGTCAGGGCGCGACGTCCACGAGCGCGGACGGCGGTGCAGCGCACCCGATCGTCGGGTCGACCTCGCACACCGTGGGGGCGTGCCGGAGGCTCACCGAGACCTGGGCCTCGCCGGAGGGCACGTCGTCGGGGACCGGGAACGTGCCGTCTGCGGCACCGCCGTCACCGGGCTCGAGGGTCCCGAGGGACGCGCTGTACCGGCTGGTGGCGGGATCGCTCGCGGGTCCCCGGACCGTGATCAGCACCTCGTAGCGTGCCCGGTCCGGCAGGTCGTGCTCGCACCCCGTGCCCCCGCTGCTGCTCGGCACCTCGACACGCAGGTCGTCGCCCGGAGCGACGCGCTGCGGCGTCACCAGCGGGTCGTCGGGCTGGCAGTACGCCGTCGGCTCGCCGGTCCCGAGAGCGCAGCCGGACGCCACGGCCATGACGACGGCCAGCCCGCAGAGCGCCCTGCGGGCGACCTGTCCACGACCCGGGGAGGACGCCGTCACGGCCGCGGGTCGATCCGGCGCCACGGCTTCTCGTCGCGCCGGGCGCCCGTCCCGGCGGCGCAGCGGCGGCAGACGGACGTGACGGCGTCGGCGTCCCGCCCGGTCGCGGGCTGGACGTCGGCCCACGTCACGTGGGGGAACCGCACGAGACCCTGGCGGCTGAGCTGGAGGCGGCACACCGTCGCGTTGGTGCCGCGCTCCCACGCGTGGACCTCGCCTGCGGGCATGCGGACGCCGTCCGGGTCGACCCACGTCCCCGTCGCCGCCACCGCGGCCCCTGAGACACGCCTCGGCATCGTCGTCACCTCCGCTCCCATCCTCGGCCGGGCCGCGCGCGGTCGCAGCCCTGGTGGGGGTGGGGTCAGGTGAGGTGGTCGAAGTCGCCGCGGACCCACGCGGCGTGCCGCTGCGCGGAGCGGAGCACGACCGCGCGGGCGTCGGCGGGGATCACGCCCTCGAAGTTGTTGTAGAGCCGCTCGAACGGGCGCCGCGCCACGCGCTCGGCGACGCGCAGCACGACGGCCGCCGAGAGCGGGATGCGGTTGGGGTAGGACCGCATGAAGCTCACCGACGTGCGGTCGGGGTTGGCGAAGATCGTGTCGCCGGAGAGCAGCACGCCCCGACCGTCGGCGCCGGCGGCCCAGTGCACGACGGCGCTCCCGGGGAAGTGGCCGCCCGGCTGCGAGAGCACGACGCCCGGCAGCACCTCGCGCTCGCCGGTCCACGTCTCGACGACCCGGTCCGGCCGCGCGACCCAGTGCGCGTCCGCCTCGGCGACGAGCACGGGGACGTCGCCGAGCGCACGGCTCCACTCGACCTGGACGCCGAACATGTGGGGGTGGCTCGCGGCGATCGCGACGACCGGGCCGAGCGCGCGCACCTGCTCGACGGCGGCGTCGTCCACGTAGCCGGGCGGGTCCCACAGGAGGGTGCCCGCCGGGGTGCGCACGACCTTGGCCTGCTGCCCGATGCCGACGCTGGGCTCGCTCGTCAGGCCGAACAGGTCCGGCTCGAGCTCCTCCAGGACGAGGCGTTCGCCCGCCGCGGCGAGCTCGGCGAGCGTGGTCCACGCCTGGCCCGTCGCAGGCACCCACTGGCGCTCGTCGGCGCAGATCGCGCACACCGCCGGTCGCTCGGCGTGCTCGACCGCGCACGTGCGGCAGATCCACCAGCCCGCGTCCGGGGTCGGGTCGGGGGAGGGCGCGGGCGTCGTCGTCATGGCACAGGTCTACCGTGCCCCGCCGACACGCGACTCCTGAGAGACTGTCGCCCTCATGATCTCCACGCTCCTCGTCGCGCACCCCTGGATGTCGCCGCTCGCGCTCGCGGCCCTCGTCGTCGTCGGCCCGTTCGTGGGCTCGTGGCTCGTCGGGCGCCGCCGCCTCACCGGCGCGCTGCTCGCGCTGTCCCTCGTGCCGCTGCTCCTGCTGACGCTCGTGCCGGTCGACCGCGAGCTGTACGCCGTCTGCACGGTGAGCTGGGTGCTGCCGACGCCGGCCCGGGTCGAGCTGTTCGCGAACGTCGTGCTGTTCGTGCCGCCGGTCCTCCTCGCGGCGCTGCTGCTCCGCCGGCCGCTCGTCGCGCTGCTGGGCGGGGTCGTCGCGTCGGCGCTCGTCGAGGCGTTCCAGGCGCTCGTCCCGGCGCTGGGCCGGTCGTGCGACACGAACGACTGGCTCTCC
NZ_CP136680.1_gap3	123976	127517	3541	TCGCCCACGAGCCCGAGGATCGACACGAGCGCCAGCAGCGCGGGCGCCGACGCCAGCACCGCGTAGTACGTCAGCGCGGCGGCCAGGTCGGTGCACTGGTCGTCCATGAACTCGCGCACCGCGCCCTTGACGGCGAAGCCCCACGACGGCTTGCGCAGGTCCGTGGGGGAGTCGGGCTTGTGGTCGGCGTCGGGGGCGGGCCGCGACTCCTCGTCCCGTGCGGTGCCGGACGCGTGGCGTCCGCTGCTGTCGGTCATGGCGGCCTCCTCGGTGGGCGTCGCCTCGGCGCACGACGCTCGCGTCGGTGGACGGCCTCACGGCTCGTCCCGGACGAGCACCACGCTCCGTGCGCCGGGCTCCACCCGCAAGCGGAGCGCCCCCGCGCCGGCGGCTACTCCAGCCCGAGGTCCTGCTGCGCGGCGTGCAGGGCGTCGGCGGACGCGCGGAGCTGGCGCTCCTCGGCCGCCGACATCGTGAGGTCGAGGACCTGCTGGACACCGCCGGAGCTGATGACGCTCGGCACGGAGAACGCGACGCCGCCGATGCCGCGGTAGTCGTCGTGCACCGTGCCGACGGGCAGCACGGCGTGCTGGTCGCTGACGACCGCCTCGACGATCCGGGCCCCCGCGAGCCCGATCGCGTAGTTCGTCGCGCCCTTGCCCTCGATCACCCGGTACGCGGCCTGGCGCACCTGGTCGGTGATCTCGTCGAGCTCGCCGTGCGTGAAGTGGTGGCCGTCGGGCGAGACCCAGTCGAGGATCGGCACCGGCCCGATGCGCGCCTGCGACCACAGCGCGAACCCCGTGTCCCCGTGCTCGCCCACGATGTCCGCGTGCACGCTCGTCGCCGCGACCCGAGCCTTGTCGGCGATGAGGCGGCGCAGCCGGGAGGTGTCGAGCACCGTGCCGGACGAGAACACGCGCGACGTCGGCAGGCCGCTGATCTGCTGCGCCGCGACGGTCAGCACGTCGCACGGGTTGGTGACGATGCAGTAGATGGCGTCCGGCGCGTGCTCGAGGAGCTGCGGCAGCAGCGTCTCGAGGATGCGGACGTTCGTGCCCGCGAGGTCCAGGCGGCTCTGGCCCGGGTCCTGCTTCGCACCGGCGGTGATGACGACGACGTGCGACCCCTCCGCGACCGACGGGTCCGCACCGCCGACGACCTGGCTCGCCCCCGTGAACTGCGTGCCGTGCGCGAGGTCGAGCACCTCGGCCTCGACCTTCGCGCGGTTGATGTCGTAGAGCGCCACCGTCCGTGCGGAGCCGCGGATCAGCGCGGCGTACGCCAGGCTGGTCCCCACGCTCCCAGCGCCCACCACCGTGACCTTCGAGCTCTCGACGCGTGTCATGGGCACCACGCTACGCAGACGGCGCCGCTGCGGCTCGTGCGCGGCGTCCGGGGGCGGTGCCGGAGGGCCTGGGGCATCATCGGCAGTGCTCCTCGGGCCGCCCGGGGAGGCCGGGCCGCCAGGTCGGGCAGGGTGCGAGGCGAGGACGGTCATGAGAGCTCTGCGGTCCCGGGTCGCGGCGGTCGCCGCAGCGGGTGTGGTGCTGGTGTCGGCAGGAGCCTGCACGGCGGACGAGCCGAGCTTCTGCGACGCCGCCCGGTCCTACGAGGAGACCGTCAGGGCCAGCACGGAGTCGCTCACGCGCGAGGAGGCCGCAGACGCGTTCGCGCAGGACGCCGAGGCGATGCGCGAGGTCACCGCGCCCGACGCGCTCAGCGCGGACTGGGACCGCGTGACGACGACGGCCTCGGACGTGGCGGACGCCCTGGCCGACGGCGACGACGGGACCGAGCTCCTGCTCGACGACGACTACCAGGCCTCGTTCAGCGCGGTCACCGAGCACGTCGAGAACAGCTGTAGCTGAGACGCCTCGCGCGCGAAGGTCGGGAAGGGCGGTCGTGGCTCTGGGCTGACGCCAACGAGCGCCGCAGAGCCCGGGAGCGACGAGCCCCGACCGGCTCAGGGGGCAGCGACAGAGGCGTCGTCGTGCCGTACCCCTGTCGCTCGGGGGAGCGGCGCGCGCTGTCGCACTGGGTGCAGGCGCGGGCTGGGAGACTCGCCGGCATGGACGACGATGAAGGCGCGTCGACGCGGCGGGGCGTCGGGCCGGGACGGCCGAGCGGTGGCACCACTCCTGCGAACGGGAACGGCCCGAGGGTTCACCCGGTGCTCACGACGTCCGAGATGCGGAGACGACGAGATCGGGCAGCCGTCGGGGCGCTCGTCGCCTTCCTCGGGCTCCTCCCTGTCGCGGTGCACGCGTACATCGCGTTCATCTTCGGTGTCGACGCCAACCGTGACACGTGCGTGGACGTGTTCGGCGAGCCGTGCCGCACGGCGCCGCAGTTCTTCGGCGTGGTGGTCGCTCTCCTCGCGGCGCCGCTGCTCCTGGGGCTCGCGATCGCTCGACCGCGACAGACGCCTGCGTGGGTCGTCGCGACGGTCGGAGCGGCGCTCGCGCTCTTCGTCGTCCTGCTGGTCGCGACCTGAACCACCCCGACTCGCCGCCGGACGATGCGTCTCAATCTCTCGGCGGGCTCGTGCGTTGTCGTGGGTGACAGAAGGGTCGATGGCGGAGGTGCGGGTGGAGCAGGGGGTCGGGTCGAGCGGCGTCGAGGTCGAGGCGTCGCTCCCGCTCGCGGTGGGAACAACATCATTCGATTGGGCCCAACTGTGAAGGGTGGGCCATTTAGAGTATCCCTTGGGGCTCAGAAAAGGCACTGGGATAAGATGCCTCGGTGGCGCCAGGTTCTCCAGCCGATCCATGTTCACATGGAGCGCGCCAAGGCAGGGGTTACGTGGAACCCAAGCGGAAGATCCGAGCGATTGTGGGGAGGCTGGAAGGCTCCAAAATGAACACGTCTGATGCCATCAGAGAATTAGCTCTCTTCGAGGGTGAGTTTGGCGATCTCTCGCGGGATTTAGGACAGAAGGGTGACGCGGCATACCTATTGGTTCGTGATCCACAACAGCCTGGTCGCTGGGCTGCGATCGCGACCCCCGGCGATCGATGGGTCTCTCTCGAGGTCGCCGGTGGCTATTCAATCGACCAATTCGAGCAGGATGTTACGGACGAAGACATGCGCCGCACCATAAAGAAGTACGTGCAGGTCGCTCTTGCATATTTCCGGGACAGTCCCGCTCCAGCTCGTGCGCGCCTCACTGGCCGTTCATCCTTGAGGGTTGAGACAGAGTCCGGCGATGTCGTGCTTCGAAAGTCGCTCGCCGACGACCTGCGGGATCTTCTACGTCGGCGTCGCTCCTCTTGAACTCGGCCGACATTCACCCGAATACAGCTCGCGGGGGGGGGCTGCTCGTTCGACCAGTAGCGGGTGGCTCGCAATGTTCGCGGTCGTCGCCGTGTCGGCCGCAGGCATCGCCGGAATCCAGAGGGTGGCGTTGCCCATGTCTTGGCGGATTCCGTCGCTTTAAGAGTGCAGAACGCCGTCGATGGATAGTGGAAATTGCCTTTCACGAGGCTAGTGTTCAAGGTCTTGGCATGACTGTCTTGTCCAGTGTGGCCGATGTCGTCAT
NZ_CP136680.1_gap4	130898	132951	2053	TCGGTCGCCGCGTAGTCGGCGTCCACGGCCGCCGTGGCCGTCCCGGCGCTCGCACTCCCGGCGTCGACCGACGCCGCGCGGACCGCGAACGACTGGTACGCCGCCCGGCCCGGCTGGACGCCCGCCACCGTGCGCTCGCCGTACGGCGTGCGCAGCGTGACGTCGGCGGGCTCGTCGCCGGTGTTGCGCGCCGTGACCGCGACGTACGCGCCGCCGGCGAGGCAGCGGCTGGTCGCCTGGACGGCGAGCGCGGCAGGGGCGGCGGCGAGCTCGACCGTCGGACCGTCGAGCTCGACGACCGTCACGCTCGACCCGGAGGTCGAGGTCCACGTCGTGGCGGGCGTGAACGACCCGCGGTCGAGGTCGGCCTGCGTGACGACGTGGTGCGCGAACGTGCACGTGTACGACCCCTCGGCCGGGAGGTTCCGGTACCGGCAGTTCTGCGCGGCGTTCGCGGGGTCGAGCCCGGCGAGGTTGCCCGCCGGCACGACCTGGGTCGCGGCCGTCGAGAGGTTGCGCACGTCGAACGTGAAGCTCAGGCGGTCGCCCACGGCGTACGACTGCTGGGGGTTCGCGTGCTTCCCGCGCACGCTGATGTTCCCGGGCGCGCCGAAGTACACGCCGGGACCCTCGTGCTCCACGGTGGTGACGGTCGTGCCGGACGTCGATGTCCACGTGGTGCGCGGGGCGAAGAAGCCCGCGTCGAGGTCGGCCTGCGTGATCGTGTGCCGGGCGGACGTGCACGTGTACGCCGCGCGCGCCCCGAGGTTGCGGTAGCGGCAGTTCGGCGCGCCCTGCGCGGGGTCGAACCGGTCGAGGGTCCCCGTCGGCGAGACGGTCGTCACGGCGTCGGACAGGTTGGTCACCGTGAACGAGTAGGTGACGACGTCGCCGACCTTCCAGCCGCCGGCCGGCGTCGCGCTCGTGACGCTCGCCGCGGTGACCTCGACCTCGCCCGGCGTGCTGCTCGGGGCCGCGAGGAGCCAGTCGTGGTCGAGCTTGGCGAACCGGATGCCGCCACCGCCACCGCCGGGCTCGTAGAGCAGGCCGACGGTCCCGTCCGCGAGCGTGGCGAGCGTCGAGTACGCCATGCCGCCCGGCTGGAAGACGCGCGCGACGGGCCACGTCTCGCCGTCGTCGTAGCTGACGCGGACGGTGCCGTTGACGCGCCCGGTCTGCGACGCGGCGTTCGAGAAGAGCAGCACCTTCGCCTCGGCCGACCCCTGCGGCGCGTTCGGGTAGGCGCGCACGATCGACGCGTTGTTGGTCGGGTCGGGCAGCTCGGTGTCGAGGGTGACCGGCCCGTACGTCACGCCGCCGTCGGTCGAGTACGCGACCTTGCGGTACTTCGACCCGGCGGAGTCGCGCGAGTTGAGCATGACGCGCCCGTCCGAGAGCTCGACGGTCTTGTTCTCGTCCATGCCCGTGCCGACGGGCTGCCCGACCTGCCAGGTCGCGCCGTGGTCGTCGGAGTAGACGGACACGGCCTGGAACTGGCCGGAGCCGTTGATGATCGTGTACTGCTGCACGAGCCGGCCCGCGTGGGGGCCGTACCGGAGCTGGATGCCCTGGCCCGACGCGGCGAAGCGCGAGCGCCACCCGAGGTCCGCGGTGACGTCGGCGGTGATGGTGCGGTGGGTCCACGTGCGGCCGTCGTCCGTGGAGGCGGAGACGTTGGCGTGGATGACGTCGCGCGCGGTCGGGTCGACGCCCGGCCGGGAGCCGCCGAAGCCCTGGTCGTAGGACTTCACGTGGAAGTTGAAGATCGTCCCCGTCTCCCGGTCGACGACGTAGCTCGGGTCGGAGTAGCCCTCGATCGGCGCGGTGGTCTTCCCGGCGGCGACGACCTCCTGCGGCCCCCACGTGACGCCGTCGTCGGTGGAGCGGCGCTGGAGGATCGAGTTCGGCCCGGGGGAGTCGGCCGCGGTGGGGCGGCCGTCGTACGAGGCGAGGACGTCGCCGTTGGGCGCCACGGTGAGCGCGGGGATGCGGTAGTTGGGGAAGCCGCCCTGGCCGTTCGTCGCGAGCTGCTGCTCGGTGTACGAGCCCGGTC
NZ_CP136680.1_gap5	284525	289068	4543	CGGCGCTACCACCTCAAGGGCGAGGTCGACCTCGACCCCGTCGACCCGCCGCCCATGGACCGGGCCCGCGTCGTGCGCGAGGGCCACGACGTCACGCTCGTCACCTGGGGCGGCCTCGTCGGGACCGCGCTCGACGCCGCCGTCGCCGCGTCGGACGACGGCGTGTCCGTCGAGGTGGTCGACCTGCGCTCGCTGTCGCCGATCGACCACGACACCGTCGCGGCGTCGGTCCGCAAGACCGGGCGGGTCGTCGTTACGCACGAGGCCCCGCGCCAGGCCGGGCTCGGCGCGGAGATCGCCGCGACCGTGACGGACCGCTGCTTCGAGTACCTCGAGGCCCCGCCCGTGCGGGTCACGGGCCACGGCATGCCGTACCCGCCCGCGAAGCTCGAGGGCCACTACCTGCCCGACCTCGACCGCATCCTCGACGGCGTCGACCGCGTCCTGGGGCGCGTCGAGCCGTTCGTGCCGTCGTCCGGGCGTCCCGTCGCGGAGGTGGCCCGATGACGGCCCTGCGCGAGTTCCGCCTCCCCGACCTGGGCGAGGGTCTCACCGAGTCCGACATCGTCAGCTGGCACGTCCACGCGGGCGACCGCGTCGAGCTCAACCAGGTCATCGCGGAGGTCGAGACCGCGAAGGCCCTCGTCGACCTCCCGTCCCCGTACGCGGGCGTCGTCGCGTCCCTCCACGCCGAGGAGGGCCAGACGGTGAGCGTCGGCGAGCCGCTGGTCACCTTCGAGGTCGACGACGGCGCGGCCCCCGCGTCCGGCGGCGGTGCCGCCCCGGTGGCGGACGGCGCCGCGGCGCCCGGGTCCGCCGAGGTCCCGGCCCGGGTGCCCGACGCCGTCCCCGCCCTGGTCGGGGCGGTCGCCGGGGTGGGAGCCGCCCCGACGGGAGGCCTGTCCGACGGCCCGGCCCGCTCCTCGGGCGGTGACCCGGCCGCCACCCTGGCAGACCCCGCCGACGCACCCGAGCCGAACCTCGTCGGCTACGGGGCCCGACCCGACCGGGTCGGGCGGCCCGCGCGTCGACCCCGGCGGGCGGCGACTGAGACCCAGGTTTCACGGCCCGACGTCGCCGAGGCGCCCCGCCGCACCACCGTGACCGGCGAGCGGCCCCGGTCGACGCCGCCGGTGCGCGCGCTCGCGAAGAAGCTCGGCGTGCGGATCGACCGCGTCGAGGGCTCCGGCCGCGACGGGCTCATCACGCGCGAGGACGTCCTCGCGGCGGTGAGCTGCCACCGCGACGTCGCACGCCGACCGCGCGACGAGCACCACGCGCACCCTGCGACGTCCGCCGGCCCGGGGGCACCGAGCGGCGAGAAGCGAGAAGTGGCCCCTCCGGACCGCGGCCGAGGGGCCACTTCTCCCCTCTCGGCGCCGGGCGCGGTGACGGGCGTGGCCGCCGACCGCGCGGCCGGCCTCGAGGCGGAGGTCGTGCCCGTGCGGGGCGTGCGCAAGCACACCGCGGCGGCGATGGTGGCGAGCGCGTTCACGGCGCCCCACGCGACGGTGTTCCTCACCGTGGACGTGACGCGGAGCGTCGAGCTCCTGGAGCGGCTGCGCACCCACCGCCTCGTGCGCGGCGCGCGGATCACCGTGCTGGCGCTCGCGGCCCGCGCGCTGTGCCTCGTGCTGCCGCGCCACCCCGCGCTCAACAGCGCGTGGCGCGACCTCCCCGACGGCTCGGCAGAGATCGTGCGGTACCGGCGGGTGCACCTGGGGATCGCGGTCGCGACCGACCGGGGGCTCGTCGTGCCGCACGTGCCCGACGCGCAGGCGCTCGACCTGCCCGACCTCGCGGTCGCGCTGACCGACCTCACGACCACCGCGCGCGACGGCCGCACGACGCCCGAGCGCCTGACCGGCGGGACGATCTCGATCACCAACGTCGGGGTGTTCGGCGTCGACGCGGGCACCCCGATCCTCGTCCCCGGCGAGGCGGCGATCCTCGGCCTGGGGGCGGTGCGGCGTCGGCCCTGGGAGCACGACGGCGAGGTCGCGCTGCGCGACGTCGTCACGCTCAGCCTGTCGTTCGACCACCGCGTGGTCGACGGCGAGCAGGGCGCGCGCTTCCTCGCCGACCTGGGTGCCCTGCTGGAGGACCCGGCGCTCGCGCTCCTCGCCGGGAGCCGGCAGGAGGTGGTCGCGTGACCGTCCTGACGAGCGCCGTCGAGCCCGGGTCGGACGCGGCTCGGGCGAACGACGCCGCGCAGCGCGGGCTCGCTCAGGAGCTGCGCGAGCGCACGGCGGACGTCGCGCGCGGCGGCCCGGCGTCGGCGCGCGACCGGCACGTGGCGCGCGGCAAGCTGCTCCCGCGCGACCGCGTCGACCGGCTGCTCGACGAGGGCAGCCCGTTCCTGGAGATCGCGCCGCTCGCCGGGTACGGCGTGGACGACGGCGCGTGGCCGGCCGCGGGCGTCGTCGCCGGGATCGGCGTCGTGAGCGGGCGGCAGGTCATGGTCGTCTGCAACGACGCGACCGTGAAGGGCGGCACGTACCACCCGCTCACGGTGAAGAAGCACCTGCGGGCGCAGGAGATCGCGCTGGAGAACCGGCTGCCGTGCGTCTACCTGGTCGACTCGGGCGGCGCGTTCCTGCCCCGGCAGGCCGAGGTGTTCCCGGACCGCGACCACTTCGGCCGGATCTTCTACCACCAGGCGCGCCTCTCGGCGGCGGGGATCCCGCAGATCTCCGCGGTGCTCGGGTCGTGCACCGCGGGCGGCGCCTACGTGCCCGCGATGAGCGACGAGACCGTCATCGTGCGCGGGCAGGGCACCATCTTCCTCGGCGGGCCGCCGCTCGTGAAGGCGGCGATCGGCGAGGTCGTCACGGCCGAGGAGCTCGGCGGCGGCGAGCTGCACGCGCGCCGCAGCGGCGTCGTCGACCACCTCGCCGACGACGACGAGGACGCGCTCGACACCGTGCGGCGCATCGTCGCGACGCTCCCGCCCGACCCGGAACCCGCGTGGGACGTCGCGACCAGCGAGCCTCCCCGCGTCGCGGGTGCCGCCGTACAGGACCCGGGGGAGGATCTGTACGCCGCCGTCCCGGCCGACGTCCAGGCCCCCTACGACCCGCGCGAGGTCATCGCCCGGCTCGTCGACGGGAGCCGGTTCGACGAGTTCAAGCGCGAGTACGGCGACACGCTCGTCACGGGCTTCGCGCGCATCCACGGGCACCCGGTGGGGATCCTCGCGAACCAGGGCGTGCTGTTCTCGGCGTCCGCGCTCAAGGGGGCGCACTTCGTCGAGCTGTGCGACCAGCGCGGCATCCCGCTGCTGTTCCTGCAGAACATCTCCGGCTTCATGGTCGGCACCGACGCCGAGGCGGGCGGGATCGCGAAGGACGGCGCCAAGATGGTCACGGCCGTCGCGACGACGCGCGTCCCCAAGCTCACGGTGATCGTCGGCGGGTCGTTCGGGGCGGGGAACTACTCGATGTGCGGGCGCGCGTACTCGCCGCGCTTCCTGTGGTCGTGGCCCGCGAGCCGCATCTCCGTGATGGGCGGCCCGCAGGCCGCGTCGGTGCTGTCGACCGTCAAGCGCGACCAGCTCGCGGCGCGCGGCGAGACGTGGGACCCCGACGAGGAGGCCGCGTTCTCCGCCGGCATCCGCGCCGACTACGACGAGCACGGCAGCCCCTACTACGCGACCGCGCGGCTGTGGGACGACGGCGTGATCGACCCCGCCGACACGCGCCGCGTGCTCGGCCTCGCCCTCGGCGTGTGCGCGCGCACGCCCCTCGCCGAGACCTGGACCGGTGACCGGTTCGGCCTCTTCCGGATGTGAGCCGATGACCTCCCGCACCTTCCTCGACGCGACCGCCCACCCGTCCGGCGGGACTGGCTTCCGCACGGTCCTCGTCGCGAACCGCGGTGAGATCGCGTGCCGCGTGATCGGCACGCTGCGCCGCCTCGGCGTGCGGTCCGTCGCCGTCTTCTCCGACGCCGACGCCGACGCGCGCCACGTGCGCGAGGCCGACGTCGCGGTCCGGCTCGGGCCCGCGCCCGCGACGCAGAGCTACCTCGACGTCGACGCCGTCGTAGCCGCGGCGGTCGCGACCGGGGCCGAGGCGGTCCACCCCGGCTACGGCTTCCTCTCGGAGAACCCGGCGCTCGCCCGGGCGTGCGAGCGCGCGGGGATCGCGTTCGTCGGGCCGGGCGTCGACGCGCTCGAGGCGATGGCCGACAAGCTCGCCGCGAAGAGCATCGTCGGCGCGCGGGGCGTGCCCGTCGTGCCGGGGGCGGGCGAGCCCGGGATGTCCGACGACGACCTCCTCGCCGCCGCGGACGCCGTCGGGTTCCCGCTGCTCGTCAAACCGTCCGCCGGGGGCGGGGGCAAGGGCATGGTCGTCGTGCGCGCGGAGGCCGACCTGCCCGGCGCCCTCGCGTCCGCGCGCCGGGTCGCCGCGTCGTCGTTCGGCGACGACACGCTCCTGCTCGAACGCCTCGTCGAGGCGCCGCGCCACATCGAGGTGCAGGTGCTCGCGGACACGCACGGGACCGTGGTCCACCTCGGCGAGCGCGAGTGCTCGCTCCAGCG
NZ_CP136680.1_gap6	293441	295778	2337	GGCGCCGTCTTCACGTTCGAGGGCCGCATGGTCGACGAGCCGGTCCTCCGGCACGCACGGGCGGTCCTCGACCGGGTGGTTCTCGACCGGGCGCCGTCGGACGGATGAGCGCGAGGATCTCGCGCTCGCGGGCCCGGCCGACGGCGCCTCGTCGCGGCCGACCGGACAAATACCCCGCTCCGCCCGTTCCGCTTGCGGGCTCGGGCATCGTATGGTCACTCGCGTGAACGTCTACGTCGTCCTGTCCCGCAGTCGTACGGTCCTGTCCCGGACGATCGCGCTGGCGACGCGCGACGAGTTCACGCACTCCTCCCTGGCGCTCGACCAGGGGCTCGACCTCATGTTCAGCTTCGGCCGACGCCGGGCGGGCAACCCGTTCGTCGGCTGCTTCCGGCGCGAGCGGTTCGACGACGGCCTGTACCGCGGCATGGACGTCGTGCCGGGGGTCGTGCTCGCGGTGCCCGTGACCCCCGAGCAGCACGAGGCGATCCGCGTCCGGATCACCGAGTTCCTGCTCGACTCGCACGCGTTCTCGTACAACGTGCGCGGCCTCGTCGGCGCGCGGTTCGGCCGCGGGCACGAGGCCGAGGACCGGTTCTTCTGCTCGGAGTTCGTCTACCACGTGCTGCACGGCGCGGGCGTGTGGGACCTCGGGGTCGAGCGGTGGCAGGTGCGGCCTCAGACGCTGCTCGACCTGCCGGGTCGCGTCGTCTTCCGTGGGGACCTCAAGGACTACGTCGCCGCGCACCGCACGCTCGAGACGCTGCCGTCGCTGACGTTCGCCCCTGCCCGGGAGCGCGTGCCCGGCTGATCGCCGGGGCGCGCTCCGCGGGCCCGCGCCGTCCCCGTCGCCCGCGGCCCCTCAGCCCGCGCGGAGCGCCGCCACGATGTCCTCGACCCGCTGCTTGGCGTCCCCGAAGAGCATCCCGGTGTTCTCGCGGAAGAACAGCGGGTTCTGCACCCCGGCGTAGCCCGCCGCCATGGACCGCTTGAAGACGACGACCTGCTTCGCCTCCCACACGTGCAGCACGGGCATCCCCGCGATGGGCGAGCCGGGGTCGTCGAGCGCGGCCGGGTTCACGGTGTCGTTCGCCCCGATGACGAGCACGACGTCCGTCCCGGCCAGGTCGTCGTTGATCTCGTCCATCTCGAGCACGATGTCGTACGGGACGCGCGCCTCCGCGAGCAGCACGTTCATGTGCCCGGGGAGCCTGCCCGCGACGGGGTGGACGCCGAAGCGGACCTGGGCGCCGCCGTCGCGCAGGATCTGCACGAGGTCGGCGACGGGGTACTGCGCCTTGGCGACCGCCATGCCGTAGCCCGGGGTGATGACGACGCTCCGCGCGTCGCGCAGGAGGGCCGCGACGTCGTCGGCGCTCACCTCGCGGTGCTCGCCCTGCGGGCCCTCGCCGCCCGCGGGGGCCGCACCCTCCTCGGCCCCGAAGCCGCCGAGGATGACGGACACGAACGACCGGTTCATGGCCCGGCACATGATGTAGCTGAGGATCGCACCGGAGGACCCGACGAGCGCGCCCGTGACGATGAGCAGGTCGTTGCCCAGCATGAAGCCGGCCGCGGCGGCGGCCCAGCCGGAGTACGAGTTGAGCATCGAGACGACGACGGGCATGTCGCCGCCCCCGATCGACGCGACGAGGTGCCAGCCCAGCGCGAGCGACACGACGGTGAGCAGCAGCAGCGGCCACACGGACGGCGCGACGACGAACCACGCGACGAGCCCGAGGCTCGCCACGAGCGCCCCGAGGTTGAGCAGGTTCCGGCCGGGGAGCTGGAGCGGCGCCGACCGCGTGCGGCCGGACAGCTTGAGGAACGCGACGACGGAGCCGGTGAACGTCACGGCGCCCACGAGCACGCCGAGCGAGACCTCGACGAGGTGCGCGACGTCGTCGTGCCCCGCGGCCTGCGCGGTGAGGTAGGAGTTGAAGCCGACGAGCACGGCCGCGGCCCCGACGAAGCTGTGCAGGATCGCGATGAGCTCGGGCATCTGCGTCATCTCGACGCGGCGGGCCCGCCACGTCCCGACGGCGGCGCCCACGAGGAGCACGACCGCGACGAGCAGCGCGGTGACGAGGACCGGGCGGGCGCTCGTGCCGAGCGCGAGGACGATCGTCGCGGCCAGGGCGAGGACCATGCCGACCATGCCGAGGACGTTGCCGCGGCGCGCGGACTCCTGCTTCGACAGGCCTGCGAGGCTCAGCACGAACAGGACGGCCGCGAGGACGTAGACGGCCTGGGCGACGGACGTGGCGGTCATCGGGCCACCCCCTGCGCGCGGGCGGGGACGTCCTTGCGGAACATGCCGATCATGCGGTTCGCGAC
NZ_CP136680.1_gap7	302761	305809	3048	ATGTACGGCGACGGCGCGGGCAAGCCCGACGCCGCGAAGGCGCAGCAGCTCCTGACCGACGCCGGCGTCGAGACGCCCGTGACGCTCAACCTGCAGTACTCGAACGACCACTACGGCCCGTCGTCGGCCGACGAGTACGCGCTCATCAAGGACCAGCTCGAGAAGGACGGCCTCTTCACGGTCAACCTGCAGACCACCGAGTGGGTCACGTACGCCAAGGAGCGCACGTCCGACGTCTACCCGGCGTACCAGCTCGGCTGGTTCCCGGACTACTCCGACGCGGACAACTACCTCACGCCGTTCTTCCTCACGGAGAACTTCCTGGTGAACCACTACGCCAACCAGGAGGTCAACGACCTCATCCTCCAGCAGGCGGCGACGCCCGACGCCGACGAGCGCACCGCGCTCATCGAGGAGATCCAGAGCAAGGTCGCGGCGGACCTGTCCACGCTCCCGTACCTCCAGGGCGCGCAGGTCGCGGTCGTCGGGACGGACGTGGAGGGGGCCGAGGACACGCTGGACCCGTCCTTCAAGTTCCGCTACGCGGCGCTGTCCAAGGGCTGACCGGCAGCCGCCCCAGCCGCCCGGCCCTCCCCGCGCGACCCGCGGGGAGGGCCGGGCACCGCTCGTCCGGACCGGCGACCACGCCGACGCCCCGGGCACCTGAGGAAGAGACGACATGACGACCACCACCACCGACGTGCCCGTCGGCGAGGACGCGCCCCGCGGCCCCGGCCGCGCGGGGCGGGTGCGCACCCCGCGCACGACCCGCCGTCGCGGCGGCGGGCTCGGGAGCTACATCCTGGTCCGCGCGCTGCTCATCATCCCGACGGTCTTCATCCTCGTGACCACGGTCTTCGTGGTCATGCGGGCCACGGGCGACCCGATCACCGCGGCGCTCGGCGGCCGGCTCACGCCGGACCAGCTCGCCGAGCGCATCCACGAGGCCGGGTACGACCGCCCGGTGGTCGTGCAGTACCTCGAGTACCTCGGCGGCATCGTCCGCGGCGACTTCGGCACGACGATCAGCGACAACCGCCCGGTCACCGAGGTGCTCGCGACGTACGGCACCGCGACGCTCGAGCTCGCGGTCTACGCCCTGCTCGTCGCGTTCGTGGTCGGCATCCCGCTGGGCATGCTCGCGGGCTACCTGCGCGACCGCGTGCCCGACGCGATCCTGCGCGTCTCCGCGATCCTCGCCTACGCGACGCCCGTGTTCTTCGCCGGCCTCATGCTCAAGCTCGTCTTCTCGGTGTGGCTCGGCTGGCTGCCCGTGTCCGGGCGCGCGTCCACCGACGCGGAGATCGAGCTGCAGTTCCTCGACGACCCGACCGGCTTCTACCTGATCGACGCGATCCGGACGGGCGACCCCGCGATCGTCGGCGACGTGCTCCAGCACGCCGTCCTGCCGGCGCTCGCGCTCGGGCTGCTCACGGCGGGCGTGTTCCTCCGGCTCGTGCGCACCAACGTCATCGGGACGCTCTCGACCGACTACGTGGTCGCGGCGCGGTCGCGCGGCGTGCGCGAGTCCCGGCTCGTGCGCGCGCACGCGTGGCGCCCCGCGCTCATCCCCATCATCACCGTCATCGGTCTGCAGGTCGCGATGCTCCTCGCGGGCGCCGTGCTCACCGAGACGACGTTCGAGTGGAAGGGGCTCGGCTTCCAGCTCGCCGAGTACCTCCAGGCGCGCGACTTCGTCGCCGTGCAGGGGATCGTCGTGCTCATGGCCGTGATCGTCGCGGTCACGAACTTCCTCGTCGACATCATCGCGGCGCTCATCGACCCGAGGGTGAGGTACTGACATGGTCGCGGAGACCGTCGTCCCGGCCGGTCCGGAAACCGGGGGCCCCGTCCCCGTCGTCGTCCCCGAGCGCGGGCGCGTCGCGTGGTGGAAGCGCCTGCCCGTCGTCCACCAGCTCCGGCAGAGCGTCGGGCTGCAGCGCGGCATGCTCGTCACCGGCCTCGTCATCACGGGCCTCTTCCTGCTCACCGCCGCCCTCGCGCCCGTGCTCGCCCCCTACGGGTACAGCCAGCTCCGCACCGCGGACGGGCCTTTCGGCGCGCAGCAGCCGCCGTCGGCCGAGCACCTGCTCGGCACGACCGTCGGCGGCTACGACGTCCTGTCGCGCGTCATCTGGGGCGCGCAGACGGCGCTCCTCGTCATCGTCGTGGCGATCCTCGCCTCGATCGTCGTCGGGGTGCTGCTCGGGCTCGTCTCCGGGTACTTCGGCGGCTGGGCCGACCGCCTGCTCGTCGTGGTCTGCGACGCGATCTACGCGTTCCCGTCCCTGCTCCTCGCGATCCTCATGGCGATCGTCATCTCCGGCGGCCAGTCGAGCATGTGGGGCGGCATCCTCGCCGCGGCCTTCTCGATCACCGTGGTGTTCGTGCCGCAGTACTTCCGTGTCACGCGCGCGGAGGTCGTGCGGATCAAGGGCGAGGCGTTCGTCGACTCGGCGCGCGTGCTCGGCACGCCGCACCGGCGCATCATGGTGCGCCACGTCCTGCGGAACTCGACCCGCACGCTGCCGCTCATCGTCACGCTCAACGCGTCCGAGGCGATCCTCACGCTCGCCGGGCTCGGGTTCCTCGGGTTCGGCATCGAGCCGACCGCGGCCGCCGAGTGGGGCTACGACCTCAACAAGGCCGTGTCCGACGTGACGAGCGGCATCTGGTGGACCGCGCTCTTCCCGGGCCTCGCGATCGTGCTCGTGGTGCTCGGCATCACGCTCGTCGGCGAGAGCCTCAACGACCTCGCCGACCCGCGGCTGCGCTCGCGCCGCGCGTCCGCCGAGGTGTCGGGCGACGTCGCGGAGACGTCGGTCGTGCCGGGCGGCACGCTCACCGCCGGTCCCGGCGGCCTCGACGCGATCGAGGGCGCGGGCTCGCGCTCCGACGAGCTCGCCGCCGTCCCCGGGCAGCGCGACCCCGACGCCGTCGGGCTCGACGGGCGGCCCGGCGGCACGGCGGACGACGGCCCTCCGACAGGTCCGGCGGCGGGCCCCGCGGCCGGTCCTGCGCCTGCTCCGGCGGACGCGCCCCACGACG
NZ_CP136680.1_gap8	328595	330532	1937	AGAGGGTGGCCGACGGACGCCCGTCGTCGACCAGGAGCACCGTCGCCCCGCCACGAGCGGCCCGGGCGGCGCCTGACCGACGGCCCCGGGGCGCCCCGGGCGACGACGCCCGGTCGCACGTCGAAGAGGACATGGCATGAGACGACCACGACTCGCCCTGCTCGCCGCGGGGCTCGCGCTCGCCGTCGCGCCGGGCACGCTGCTGCCCGCCGCCGCGGGCGCCGCCCCCGCCGACGAGGGCACCGTCACCGCCGCCGCAGGCGACGACCTCACGCTCGAGGTCAACCCGTTCGTCGGCACCGAGAGCGAGGGCAACGCCTACCCGGGCGCGACCGTGCCGTTCGGCATGGTCCAGCTCAGCCCGGACAACACGAACTCCTACGCCTCGACGTCGTACAGCACGAACGCCGGGCGCGTGTGGGGCTTCAGCCACCGGCACGTGAACAGCGCGGGCTGCCCCGCGGCGGGCGAGCTGCTCGTCACGCCGGACACGAGCACCACCCCGCGCACGTCGCGCTCCTTCATCGCGATCAAGGACCAGAAGAGCACCGAGCGCGCGTCGGCCGGGTTCTACGAGGTGACGCTCGCGAACGACGTGCACGCCGAGCTCACCGCGACCACGCGCGTCGGCGCGCACCGCTACACGTTCCCCGCGTCGACGACGTCGCACCTGTCGTTCAACGTGGGCCAGACCCTGCGCGACGCGGGCGCGAGCTCGGTGACGTGGGTCGACGACCGCACGCTCGAGGGCTGGGTCGACAACGGCGGCTTCTGCGGCGGCACGCCGGACAAGCAGCGGTACTTCTTCAGCGCGACGTTCGACCGCCCGGTCGCGTCGAGCGGCACGTGGGGCACCGACGCGCGCTACGTCGCGGGCTCCACGACGAGCGAGGTCGCGGGCGGCAACAACGGCGCCGTCGCGGTGTTCGACACCACGACCGACCGCGACGTCGAGGTGAGCGTGGGCGTGTCGTTCGTGAGCGTCGACGGCGCGCGCGCCAACCGCGAGGCCGAGGCCACCGACGAGGGCGGGCAGGTCGCGTTCGACACCGTGCGCGAGGAGGCCCGCGACGCGTGGAACGCCGAGCTGGGCCGTGCCGCGATCGACGCGTCGCCCGACCAGCGCCGGATCTTCTACACCCAGCTCTACAAGACCCTGCTGTCCCCGACGATCGGCAGCGACGTCGACGGCCGGTACCGCGGCATGGACCTCGAGGTCCACCAGGCCGACGGCTGGGACTACTACCAGAACTTCTCGCTCTGGGACACGTACCGCACGCAGGCGACGCTGCACGCCCTCCTGCTGCCCGAGCGCGCGCAGGACATCGTGCGCTCGATGTACCAGCACCGCGTCGAGGGCGGCTGGCTGCCGCGCTGGTCGCTCGGCGCGCTGGAGACCAACATCATGGCGGGCGACCCCGTGACGCCGTGGCTCGCGGAGAACTTCGCGCTCGGCACCGTCCCCGACGACATCGCCGACGAGCTGTGGGACTACCTCGTGGAGAACGCCACGACGACCCCGCCGGACGACGTCGCGTCCGTCGGGCGGCGCAGCACCGAGTTCTACGCCGAGCACGGCCACGTGCCGTTCTACCCCGAGAACGAGGGCGGCCTCGGCGGCCAGTTCGAGGAGTACCGCCACGGCGGCTCGGCGACGCTCGAGCTCGCGCTCGCCGACGCGAGCCTCGGCGCCGCGGCCGAGCGCACGGGCCGCGAGGGCAGCCAGGCGTTCCTCGACAAGGGTCGCAACTGGCGCAACCTCTGGAACCCGGACGTCCAGCTCTCGGGCGGCTTCCAGGGCATGGTCAACGCGAAGCGCCCGACGGGCGATTTCGTCACCCTGCCCGAGCTGACGGACGTCACGCGCTCTGGCTTCCACGAGGGCGTGCCGTGGCAGTACCAGTGGATGGTGCCGCAGGACGTCACGGGCCTCCAGG
NZ_CP136680.1_gap9	334776	336373	1597	CCGCTCCGGTCAGCACGCCCCCGGCGACGAAGCCGCCGGCACCCCAGCCGGCGCCGAAGCCGTCGGCGCCCCAGCCGGCGACGCGGTACGTCACGGCCGCGTCGCTCAACCTGCGGGCCTCGGCGACGACGTCCTCGGCCGTGGTCGCACGCCTGCCGAAGGGCACGAAGCTCGCGGTCGCGTCGACCTCGGGCGGCTGGCTCAAGGTCACCGCGAACGGACGGACCGGCTGGGTCTCCGCCCAGTACACCTCGACGAGCGCACCGGCGGCTCCCGCGAAGCCGGCGCCCGCGAAGCCCGCACCGCCCAAGGCCGCGACGTCGTACGTCACCGCCTCGAGCCTCAACCTGCGGGCGTCGGCGTCGACCTCGTCCAAGGTCGTCGCACGGCTCGGGCGCGGGACCGCGGTGACGCACGCGGGCACCGCCTCGAAGGGGTGGCTCAAGGTGACCGCCGGGGGCCGGACGGGCTTCGTCTCGACCGCGTACCTCTCGGCGCAGAAGCCCCGCTGAGCCGACCCGGCGCCGCGCCCCTCCGGGCGGCGCGGCGTCAGCCCCCCGGCGTCACCGTGCCGGGGAACCGGGCGGCGGACCGGTCCGTGACCGAGCCGTCGCCCGCGGCGTTGATCTCGCTGATCATCATGACGAGGTCCAGGTCGGAGTCGGCCGCCCGGGCGAGGCTCGTGGCGAGCTGGTACGGGTCCGAGAGCGGCTGCATGTCGTAGTCGGTGACGACGGCCCGCGTCTGCATACCGAGGGCGTCGTTCTCGACGGCGGTCCGCACGCTGTCGGCGAGGCGGTTCATCTGCGACTCGGTGAGCGTCATCGTCACCTGCTGGCCGGGCGACACCTCGCCGGACGGCGAGAATCCGGAGAAGTCGCGCGTGTTGAAGTACTGCGACGACATGTCGTCGGCCGTGACGTCGAACGAGTACGTGCGCGCCGAGAGGTCCTCCGTGCCGGAGGCGTCGAACGACTGCGACAGGCGGAAGTCGCCCCGGTCGCCGTACGTCGCGGTCATGAGCTGCTCGGTGCTGCCGTCGGGGTAGGTCGTCGCGACGAGCGACCCGGTGTTCTGGCCGATCTGCCACTCGGCCCCGCCCACGGGCGTGTCGAAGCCGACGGTCGACGTCGAGTCGTAGTTGACGCGCTGGATGGTCGTCGTGCCGGAGATCCCGGTCGACGGGTCGCCGGGGATCTCGCCGGTGACGAGGTAGGTGTCGTAGGCGGCCTGGCCCTCGGGCGTCGACAGGTCGAACTCGGCGCTGCGCAGGGACGCGCCGTCGAGCGACGTCGTGTTGCCGAGCATGACCTTGACCGCGTCGAAGTCGAGGCCGAGTCCCGCGTGGTTCGCGATCGCCTCCGTCGGGCCCGCGGTGACGCGGACGGTGTCGTCGCCCGTGCGCTCGATGAGGCTGCTCACGCCCTCGGAGTCCTTGACGGACGACTCGAGCGCGATGTGCCGGAACGCGGCGTCGAGCTCGGTCTTGGAGTAGCTCCCGCCGTCCATCGTCACGGACGAGCCGACCGGCATGCTCCGCGGGTCGAACGGGTTGACGGACCCGGGGTCGACGTCGGTGCCGTCGGGCATCTTCAGG
NZ_CP136680.1_gap10	340252	341161	909	GTTCCCGTACACCTACCGGCGGGCGCACGAGGCCGAGATGCTCGGGCACCTGGTCGACGGCGCGCGGCCCGGGCAGTCGCGGCCGACGCGGGCCGAGCGGTGGGACCTGCTGCGCGCCGCCGCGCGCGAGTGGCTGCTCGCGCCGCTGGGCCCGTCCCCACGGCAGCGGCGCGCGGGGACGGGGCTCCTGCTCGTGGTCCTGCCCGCCGTGCTCGTGGTCATGGCAGCGCGCGTCCTCGCGTTCGCCGCGGCGATCGTCGGGGCCATGCTCGGCCCGAGCGGGCACGCACCGCTCCTGACGACCGTCCCGACGGCGTCGATGTGGACCCTCTGGCTCGCGGCGGTGGCCCTCACGCTCGCCGGGGCGCAGCGCGCCGGCCTCGCTGCTGCGGTGCTGGCCGCCGTCGCCGGGGTGGGCGGGCTCGCGGTCTCGCTCGGTGCGGGGAGCAGCTATGCGGCGTACCTCGACGCGCCGTGGGTCGCGGCGGTGTCCGTCTACGCGGGCGTGCTCGCCGCACGTCGGGCGTGCCGGGTCGGGCCTGAGCCGTGGACGCTCCGGGCCGCGACCCTCGGGGCGATGGCTCTGGCCGTCGGCGGGTTCGCCGCGGCGACCGCTGCCGACGCGGCGAGCTTCGGGGTGCCGTGGTGGTCGGGTGTCGCGCTGAGCCCGTGGACGCCTCCCGCGCTGGCTGCGCCGGTCGTCCTGCTCCTCGGGGTCGCGCTGCTGTGGCGCCGGACGCGGCCGGCCGTCCCGGTGCTCGGCGGTCTCGCCCTCGCAGGCGTGCTGAGCCGCTCGACCTTCTTCTGGTCGGGGACCGTGAACGTCCAGACCGCGGACCTCGGCAACGTGCTCGGGCTGCTCGCGCTCGCGGCCGCCGCGATGCTCGTCCTGACCTGGGTCGTCAACCG
NZ_CP136680.1_gap11	434997	438998	4001	TCGGGGCGGGGACCGGGACCGGGGCCGGGGCCGGCGCCGGAGTCGAGGCGGGCGAAGACGTCGACGGCTCGCCGACGCCGGACGGCGACGACGTGCTGCGGGCGGTCGGGCCGGCGTCGGGCCACCGGCAGACGCCGGGCGAGCTCGCCGCGTTCAAGGGCTTCGCCGAGTGCATCGACTGCATGCTCTGCTACGCGGCGTGCCCGCAGCTCGACGTCGCGCCCGACTTCCTCGGCCCGGCCGTCGTCGCGACGGCGCGCCGCTGGGACGAGGACTCGCGCGACGCGGGCGAGCTCGACCGCGCCGACGTCCTCGACACCGAGTTCGGCGCCTGGCCGTGCATCCAGATCGGTGCGTGCACGCAGGTCTGCCCCAAGGGCGTCGACCCGGCCCGCGCGCTCCGCGACGCCCAGCGCGTCGCGACGGACACGTGGGACGAGCGCGAGCGCCGTCGGACGACGTAGCCCCTTCTCGCGAGGGAGAGCCCTGGTCCCGCGAGGTAGAGGCGTGGTCCCGCGAGGTAGAGCCCCGGTTTCGCGAGGTAGAGGCGTGGTCGTGACCACGCCTCTACCTCGGCGGGGGCGTCAGCTCCCGAGGGCGGCGGAGACGACGTCCTTCGCCTCGGCCTGGACCTGGGTCAGGTGCTCCGCGGAGACGAACGACTCGGCGTAGATCTTGTAGACGTTCTCCGTGCCCGACGGCCGGGCCGCGAACCACGCGTTCTCGGTCGTCACCTTGAGCCCGCCGATCGGGGCGTCGTTCCCCGGGGCGTTCGTGAGCTTCGCGGTGATCGGCTCGCCGGCGAGCTCGGTCGCGGTGACCTGCTCGGGCGAGAGCTTGCCGAGCGTCGCCTTCTCCTCGAGCGTCGCGGGCGCGTCGACGCGCGCGTACCAGGACTCGCCGTAGCGCTCGACGAGGTCGCGGTGGTGCTCGGACGGCGTGCGGCCCGTGGTCGCGATGATCTCCGACGCGAGCAGCGCGAGGAGCAGGCCGTCCTTGTCCGTGGACCAGACGCGGCCGTCCTTGCGCAGGAACGACGCCCCCGCGGACTCCTCGCCGCCGAACCCGACCGAGCCGTCGAGCAGGCCGGGCACGAACCACTTGAACCCGACGGGGACCTCGACGAGCCGCCGGCCGAGCCCGCCCGCGACGCGGTCGATCAGCGCGGACGACACGAGCGTCTTGCCGATCGCGGCGTCGTCGCGCCAGCCCTCGCGCGCGCCGCCGTAGAGGTACTGGATCGCGACGGCCAGGTAGTGGTTGGGGTTCATGAGCCCGGCGTCGGGCGTGACGATCCCGTGGCGGTCGGAGTCGGCGTCGTTCCCGGTGGCGACGTCGAACGGCGCGCCGCCCTCGGCGTTCCCGGACTCCCCGGTCATGCCCGCGACAAGGGACGCCATCGCGTACGGCGAGGAGCAGTCCATGCGGATCTTGCCGTCCCAGTCGAGCGTCATGAACGCCCAGCGGGGGTCGACCTGCGGGTTGACGACCGTGAGGTCGAGCCCGTACCGCTCGCCGATCTCGCCCCAGTACTCGACCGACGCGCCGCCCAGCGGGTCGGCGCCGATCCGCACGCCGGAGTCGCGGATCGCGTCGAGGTCGAGGACGTTCGCCAGGTCGTCGACGTACGTGGTGAGAAAGTCGTGCTTGTGCACGTGCTCGGACGTGAGCGCCTGGGTCAGCGGCACGCGCGGCACGCTGCCGACGCCGGTGCGCAGGATCTCGTTCGCGCGGTCCGCGATCCAGCCGGTCGCCTCGGACCCGGCGGGGCCGCCGTGCGGCGGGTTGTACTTGAAGCCGCCGTCGCGCGGGGGGTTGTGCGACGGCGTGACGACGATCCCGTCCGCAAGGCCGGGGCCGGTGGTGCGGACGCCGTCGACCGTCGTCGCCTCGTTGTGCAGGAGGATCGACTGCGAGACGGCGGGGGTCGGGGTGAACGAGTCGCGCGCGTCGACGTACGTCTGGACGCCCGCCGCGACGAGGACCTCGAGCGCGGTCTGCCACGCCGGGAGCGACAGCGCGTGGGTGTCGCGCCCGATGAACAGCGGCCCGTCGGTGCCCTGCGAGCGCCGGTACTCGACGATCGCGGCCGTGATCGCGATGATGTGCGCCTCGTTGAATGCGTGGTCCAGGCTCGACCCCCGGTGGCCCGACGTGCCGAACACGACCTTCTGGGCCGGGTCGTCGACGTCGGGCGCGAGGTCGTAGTAGGCGCCGACCACGGCGTCGACGTCGATGAGGTCGCTGGGCTGGGCGGGCGTGCCGGCGCGGGGATCCATGGGTCGATCCTGCCAGGGGTGGCGCCCGCACGTCAGCCGGGACGGACGTCGTGCCGCGGGACCTTCGGCACGACCTCCCTAGCCCGCGGGGTCGGGGTCCTCCGGCGCGGCGGCGGGGTCGTCGGACCGGTCGGCGCTCGCGCTGTCGATGGCCAGCTCGACGGCGTCGAGCAGACGGTCGAGGCTCGCGTCGAAGGGCCCCTGCGGCGCGTCGAAGCCGCCCGCGACGTAGACGCGCGTCATGACGGGGTAGCGCTCGACGTCGAACCAGTCCTCCCAGAAGCTGCCGAGCGTCGTCCAGTACTCGTCGTTGCCCACGCCGGTCGCGTCGCGCTCGGTCCGTTCGGCGATCGTGGCGCGCGCGAGGCCCTGGACGTAGTTGTCGACGAGGCCGAGGGTGTCGACGACCTGCAGCTCGGAGAGGCCCGTGTCGACGATGGTCCGCAGCCCGGCCTCCTGGGCGTCGAGCACGTGCGGCGCGAGCGGGGCGCGCCACATGTTGGTCTGGAGGATCCACGGGTGGCGCAGGTAGAGGTTCCACAGCTCGTGCGCGTACTGCGCGAGCGCGGGACGCCACGGGGCTCCCGCAGCGGGCAGGTCGAGCTCGGCGTACGCGCGGTCGATCATGAGGTCGACGAGCTCGGTGCGGCCGGGCACGTAGGTGTAGAGCGACATCGCCCCGACGCCGAGCTCGGTCGCGACGCGGCGCATGGACAGCGCGTCGAGCCCGCCCTCCTGCGCGACGGCGATCCCCGCCCGCACGACGTCGTCGAGCGTGAGGCGCGGCTTGCGGCCGCGCGTCGCGGGGGCCGGCGGGTCCCACAGGAGCGCGAGGCGGCGCGTGATCTCGGGGGTGCGGACGATCTCGGTGAACTGGGCGCGCGCGTGCTCGGCCGCCTGCACCGCGGAGGCGACCCCGGCGTCCGCGGCGGCCGCGACGCCGCGCGGACGCTCGGAACCCTCGGGGTCCGGGGTCGCGGGCGGGGTCGGCGCGGTGGCCGACGGCGCACGGTCGGCCGCGCGGGCGTCGGTCGGGTCGGTCGTCACGTGCGTATCCTCCCCGACTTCCCGCGGGATCTCGCCTCCGGTGCGAGCGTGCGACGAAGGCTTGCCTTTTCCCGTACACCGTATGCTAGCGTGGTCGCTCCATTTCGGTACGGCGTACGAGAGGGTGGCTCCGGTGATCCGAGCCCGCGGCCTGACCAAGACCTTCCACCGCAAGAAAGAGACCGTCGAGGCCGTCAAGGGCATCGACGTCGACGTCCGGGAGGGCGAGCTCGTCGCCTTCCTCGGCCCGAACGGGGCCGGCAAGTCCACGACCTTGAGGATGCTGACGAGCCTCCTCGCACCGACCGCCGGGAACGCGGAGGTCGCCGGGTACGACGTCGCGCGCGACCCGGCGCGGGTCCGCTCGCGCATCGGCTTCATCGGCCAGGGCAACGGCGGCGGGTTCTCCTACCGCGTGCTCGACGAGCTCCACAACCAGGGCCGCTTCTACGGGCTGCCGCCCTCCGAGTACACGCGGCGCGCCGCCGAGCTCCTCGACGCCCTCGACCTCGGTGGGCTCGAGAAGCGGACCGTGCAGTCGCTGTCCGGCGGCCAGCGCCGTCGCCTCGACGTGGCGCTCGGGCTGATGAACCACCCGCCGCTGCTCTTCCTCGACGAGCCGACGACGGGCCTCGACCCCCACGCCCGCGCGAACCTCTGGGAGCACATCGCGGC
NZ_CP136680.1_gap12	443094	443967	873	GAGGTCGCGCTGGGTGTTGAAGACCTCGCTGTCCTTGTTCGCGTTCTCGTTGACGACCGTCGAGTCCTTGTCGAGCAGCCGCACGATCGAGTGGTTGAGGTCCGTCGCCCGGCTGCGCGCGAAGTCGCGCTGCACGCGGTAGTCGATGTAGGCGCGCGCGACGTCGTACTCGTGCGACTCGAGGAGCACGTGCTCGACGACGCCCTGGATCTCGTAGATCTTCACGGTCGCGTCGAACCGCGCGGCGATCTCCGCGTCGACCCGGTCGACGACCTCCGCCACGCGGCGGCGGTGCGTCGCCGTGAGGTCGCCGTGCACCTCCGCGAACGCCTTCGTCACGGCGGCGCGGATGCGGGCGTCGTCGAACGGCCGTCGCCGGCCGTCGCGCTTGAGGACCTCCAGCGTGGCGGTCGTGCGGTGCGGTGCTGCCTGGTCAAGCTCGATGGCGGTCATCGCTCGTCCCCTCTGCCCACCGGGTTCTCGCCGGCACGCAGGGGTTGCGCGACGGACCGTACCCCAACATGTGGGGTGTGAATCACGGCTGCGCCACCATATCTAGTCCGACGACCGCGTGTGACGGCGGACGACGGCGCGCCGCGGGACGCCGTCGAAGGTCAGGACGAAGGTCCCCCGCGGCCGGGACGTGCGGCCGCGCGCACGGGGGACTCCGCGCCGCCGGAGCCGGCCCCTGCGGCGCTAGCCTCGGGACGTGGCCCGACGTCCGCCCGGCTGGGTGCCGAACCAGCACGGCGCGTGGCCCATGCTCCTGCTGCCGTTCGTGGTCGGCACGGTGCGCGGCGTGCAGGACGCCGGGTTCCGTCCGGTGACCCTCGCGCTCGGCGCGCTCTGGCTCGTCGGGTACCTCGCCTACTC
NZ_CP136680.1_gap13	446865	450234	3369	CCGAGGCGCTGCGGGCGGTGGCCGCCGCGCGCGGGGACCGGCTCCCGGGGCGGCGCGGCGACGTGTACGACGTCGGCGCCATCACCGAGGACTCCGAGCTCACCCTCGCGCTGCGCACGCTCGGCTACGAGCTCGCGTCGCCGGTGCGGATGTCCTGCACGACGGAGCTCATGCCGACGTGCCGCGACCTGCACCGCCAGCGCGTCCGCTGGTACAAGGGGATGCTCGACAACCTGCACGCGTACGGGTTCACGCGGGTCACCGCCAGGTACGTCGGGCAGCAGGCGATGCTCGTGCTGAGCACGCTGATGCTCGCGAGCCTCCTCGTGCTCACCGCGCTGACCGTCGTCGCGGGCACGTTCCGGGTGGTCCCGGCGTGGCTCGCCGTGGGCGGGGTCCTCGTGCTCGAACGGGTCGTGACGGTGTGGCGGAACGGGCCGAGGGGCCGGCTGCTCGCCGTCCTCGTGCTGCCTGAGCTGCTCTACGACCTGTTCCTCCAGGTGGCGTTCGTCCGGGCATGCTTCCTCGCCGCGACGTCGCGCGACGCCGGGTGGCACCACGTGGCGCACGCGACCGCGTCCGGGAGCGCGACCGAGGACGCGCCCGCGACCGGTCCCGCGAGCAGCATCGAGAACTCCGACAGCCCGAAGCAGTTGACCTTGACGTGACGTCAACTTCTACCGTGGTCCCGGTGCCGCACGAGAGCACCACCGACGCACGGGAGGAGCGGGAGATGGGCACGACGGGCACCCGCACGGCCTACTGGTCCATCCAGGAGGTCGCGCGCCTGGCCGGGACGACGAGCCGCACGCTGCGTCACTACGACGCGGTCGGGCTCCTGCCCCCGAGCCGGGTCGCGGCGAACGGCTACCGCCACTACGACGCCGACGCGCTCGTCCGGCTCCAGCGGATCCTGCTCCTGCGCGACCTCGGTCTCGGCCTCCCCGCGATCCGCGAGGCGCTCGACGGCCCGCCCGCCCGGCAGGGTGACGGGCCGCCGTCGGCCAGCGCCCGGCGGGAGGCCCAGGTGCGGGCGCTGCGCGGCCACCTCGGGTGGCTGCGGGCGGAGCGGCAGCGGCTGGCGCGGCAGATCGCGTCGGTCGAACGGACGATCACCACGATGGAAGGAGGTGGCGAGCTCATGGCGGACGACATGTTCGACGGGTTCGACCACACGCAGCACCGCGACGAGGTCGAGGCCCGCTGGGGGAAGGACGCGTACGCGCGGAGCGACACCTGGTGGCGGGGGATGTCCGACGACGACCGCGCCGTCTGGCAGGACCGCACGCGCGCGCTCGGAGAGGACTGGGCCGCGGCGGCCGCCCGGGGTGTCGACCCGACGTCCGACGCGGCGCAGGAGCTCGCGCGCCGCCACGTCGAGTGGCTCGGCGGCATCCCCGGCACCCCGGGTGCCGGCGCGGCGCCGGTCAAGGAGTACGTCGTCGGCCTCGGCGAGATGTACGTCGCGGACGAGCGGTTCGCGAAGAGCTACGGCGGCGTCGAGGGTGCGACGCTCGTGCGCGACGCCCTGCGCGTCTACGCGGACGCCCACCTGTAGCCCCGTGCCCGGGCCGGGACCTCCGGCCCGGGCACGATCCGTTCGACGTCACTAGCCTGGAACCCCGGCGGGACACGGCGCCCCGCCGCCGCCAGGAGGCAGCCATGGCCACGACGTCGACGTCCACCGGCCCGGCCACGACCCGCAACGTCGCCCTCGTCGGGCACAGCGGATCGGGCAAGACCACGCTCGCCGAGGCGTTCCTCCACCGTGCGGGCGCCGTCCCGCGCCCGGGTTCCGTCGCGGAGGGCACGACCGTGTGCGACCACGAGCCCGAGGAGGTCGCGCGCGGCATCTCCGTGAGCCTCGGCGTCGCGCACCTCGACTGGCGCGCGCCCGACGGCACGACCTACCAGGTCACGCTGCTCGACACCCCCGGCTCGCCCGACTTCGCGGGGTCCGTGGACGCGGCGCTCGCGGTGGCGGACCTCGCGGTCGTGGTGGTGAGCGCCGTCGACGGGGTGCAGTCGGGCACGGAGGAGGTCTGGCGACGGTGCGACGAGGCGGGGATCCCCCGCCTCGTCGTCGTCTCCCAGGAGGACCGCGCGCGGGCGAGCTTTCGCACCGTCCTCGCCGCGCTCCGGGCCGCGTTCGACGCGCCGTTCGCGCCGCTCGAGCTCCCGCTCGGGGAGGAGCAGACGCTGCACGGCGTCGCCGACGTCCTCACCGAGCGCGCCCGCGAGTACGGCGGCGGCGGTCAGGCGGTCTGGCAGGGCCACGACGAGGAGGTCCCCGCCGACGTCCGCGACGAGGAGCACGCGCTGCACGACGAGGTCGTCGAGGAGATCGTCACGCACGACGACGACCAGCTCGAGGCCTACCTCGGGGGCGACGAGCCGGGCCCTGCCGACCTGGAGCGCACGCTCGCGCACGAGGTGCTCGCGGGCGAGGCCGTGCCGGTGCTGCTCGCGTCCGCCGTCACCGGGGTCGGGGTGGACCGGGTCCTCGACCTCGTGTGCGAGCTCGGGCCGTCGCCCGCGGACCGCCCGGCCGTCGTCGCGCTGCCCGACGCCGCCGGGTCGGGCGAGGCCGTGACGTCCGAGGTCGTGGCCGACCCCGCGGGCGACGCGCTCGTCCACGTCTTCCGGACCGTCGTCGACCCGTTCGTCGGGCAGGTGTCCGTGTTCAAGGTGCTGTCCGGGACCGTCGCGACGGGCGACCGGCTCGTGAGCACCGCGACCGGCGCGGACGACCGCGTCCACGGGCTCTTCCGGCTGCGCGGCCGCGAGCACCTGGCCGTCGACCGGGTCGTCGCGGGCGACGTCGCCGCCGTCGCGAAGCTCTCCGCCGCGTCGACCGGCACGCTCCTCGCGGGCCGCCGGATGCCCGTCGCGGCGCGAGACCTGCCACCCCGGCCACCGGTGTACACGCTCGCGCTGCGGCCCGTGTCGCAGTCCGACGACGACAAGCTGTCCGCCGCGCTCACCCGGCTGCGCGCCGAGGACGCGACGCTGCACGTCGACCTCACGGGCTCCCAGGCGGTCCTCGGCGGTCTCGGGGACACGCACCTCGCCGTCGCCGTCGAACGGCTCGAACGGTCCTTCGGCGTCCGCGTCACGACCGAGCCCGTCGAGGTCGCCTACCGGGAGACGATCACGCGCGCCGTCGAGGTCGAGGGACGCGTGAAGAAGCAGTCCGGCGGGCACGGGCAGTTCGCCGTCGTGCAGCTGCGCGTCTCCCCGCTCCCGCGCGGCGAGGGGTTCGCGTTCGTCAGCTCCGTCGTCGGCGGGTCGGTGCCGCGCCAGTACCTGCCCGCGGTCGAGCGCGGCGCCCGCGAGGCCATGGAGAGCGGCGGACCGCACGGCTATCCC
NZ_CP136680.1_gap14	455253	458017	2764	TGCCGAGCTCGGCGAGGGATCCGTCGGCGACCTCGGTCATCGCCGTGGCCCCGGCGGCGACGAGCGCTCGATGGGCCTGCTCGATGTTCTCGACCGTCCAGAAGACCAGCGGATGATCCACCCACGGCGCCGCGGTCAGCCCGATCTCCACGCCATCTCCGGAGAACGCGGCGAACTCGTCGCTGTGGAATGCGGGTTCTCGACCGAGCAACGCCGTCCAGGCCGCGATGCTCGCGGGCAGATCTCGCGCGGGCAGAACCACATTGCTGAAACCGTTCAACTGCATCATGAACACTCTCCTCTGAGCCGAGTACATGGCCGGTGGGCGTCACGCTACAGCAGACCTCGGACATTCCATGGGCTGTGCGCTGCGGGCTGCGATCGCCCGGTCCTCGTCCACACTCCCCCGGCCATCGCCCGGCCCACAGGCCGCGCAAGCTACGACGCCGACCCCACATCGTCAATGCCCTCTTCTGCGGCGCCACTTCTCATTAGTGTCGGACCGTCGACCAGTGCGGTCGAGCAGAGGCCGTCCCCGCCACGATCGAGGAGCAGCAGATGACCCCAGCAGCGGTTCCAGCGGATGCGGGATCCGAGCCCGCATCCCATGACCACTCGCTATGAACGTGTGCGTCTGCCGTCAGAGTCATACCGCACACCATAGCGAGGCGGACACCAGACGCCGAGACCAACCCCTTACGCCTGACGTTTAGGGCGCATTCTGCCGCCGTCGGCAACGCGGTCGCTGGAAACGATCGTGTATGGCGACCAGGCCGACGATGACCATCAAGTGCGCGACACGCTGAAACGTGACCCGCCGAAACGGCGGATTGTCGGACGGACATTCTCGACAGCGAATACGCCGGTCACGATTACGCCGGGTCACCAGTAACGGGCATATCGACGCGGGAGAACGGGTCGACTTCAGCGCGGACGACGTCGCCGATGTCGTTGCCAAAGTCGTGGGGCACGGACCCGCGCATGTGAGTCCTGCTGGATACCGTATCTGCACTCGAGCCTGGTCCTGTCCGCGTCGAACGAGTCGAGGTCGCCTCATCCGACGAGCCGCAGCGGTGCGCGGCGCGTCGAGGCAGCCGGTCGTGCCTGTCCCTCCTCGGGGGCGACGAGCAGGCTGCCTGGTGTCGGCAGGGTGAGCGTCCACCGGTCCGTCCTGCCGTTGGCGGTGCGGGCGACGCCGAGCTCGCAGGATCGCAGGTAGCCGGCGCCCCGGTCTGTGCCGGCCCAGTGATGCGTGACGACGTCCAGGCGGACCGCGGCGTGCTCCCATGGGCTCGTGCTCACCAGGCCGGCGCCGCGCTCGCGCGCCCGGGCGAGTAGGCGCCGTCGCTCGGACGCGGTGAGCCTGGCGTCCGGTCCGACGATGACGTACGTCATGCCGTCGAGCAGGGCCGCGACGACGCCGGCCGGGTCGTGTCCTGTGGCAGGGACGAGGGCGACGCGCTCGAGAGCCACGCCGACATCGGTGGCCGCGAGCATCCCGACGTCGGGCGCACCGACGACGGCGATCCAGTCCGAGGTGCCCTGCGAGGTCGCGAGCAGCGCGAGGAGCAGCGACGTCGACCCGGTGATGACGCTCGCCGCACCACGCGGCAGACGACCGTCATCGAGGACCGTGCCGAGCGGCCGCGGGGCGTCGTCGAGGTCGACGACGCCGGGCGTCGACGAGCGCACGCCCGTGCGCAGCTCGGCGCGGCGCAAGGTCGCGCGAGCCACCTCGAGCGCGCCTGGGGCGGTCGTCGTCACCCTTCCAGTATCGAACACCAGTTCCCCTGAGCAAGTCCGCTGAATCCGTTGCAAACACTGGTCTCTATCGTCGTGGACAGTGTCTTCAACGGGCGTCCTCCGCGCCCGGACGCAGGGTCGGTCGGCGCCTGGATCGAGGCCCTTAAGCGCATCCGCAAGAGGCCATATTCGTGCCATCGGTAGTGCGTGGAGTTCATCGCAGAGAAGCGGCCCCTCTCGCGATGGGAGAGGGGCCGCTTCGATGGCGATGCCCGGTAGGGCTACTTCTTGCGGTCAGGAATCACGAGCAGTGCGATCCACGGTGGTATCGCGGCAGCCCACGCGTACCAGGTGGGCTGCCAGCCGTTCAGTGCTGTGGGGATGAGCGCGAGAGCGGTCACGACCAGAGCAAGAGGGAGGGCGTGGCGTCTCCACCACGGGACGTCCCTGGCGGGCGGCTGCTGCTCTACTTGCATCGAGAGTCCTTGTACTCGCCGACGACGTAGTTCGGCTTGACGAACACGGGCGCGGGCGCGCCGGGACTGCTGCAGGATCGGTTGACACTCCATCTGCGGGACGAGGTCCTGCTGGAAGGATGTCGCTGTGCCCAAGAAGGGGGCTGCTGCACGGATCTGTGACATCTCAGATCGCTTGCTCGCCGAGCAGGCTGGAAGGATGTTGCTGTGCCCAGGCCCTATCCCCGTGAGTTTCGTGAGGACGTCGTGCGGGTCGCCCGGAACCGTGGTCCCGGTGTGACGCTGGCACAGATCGCCCAGGACTTCGGGGTCCATGAGATGACGATCACGAAGTGGTTGCGTGCCGCCGATGTCGAGGACGGCGTGAAGCTCGGCGTCGCCTCGGAGCACGCACGGGAGTTGCGTGAGGCTCGACGTCGGATTCGGTTGCTGGAGCAGGAGAACGAGGTCCTGCGGCGGGCGGCGGCGTACCTGTCCCAGGCTCAGCTGCCGGGAAAAGGCTCTACCCGCTCGTGAGAGAGCTCGCCGCGGCCGGTGCCCCGATC
NZ_CP136680.1_gap15	481397	482015	618	GGTCCGCCTGCCCGGCCACTTCGACGCGCTGCGCTGGGAGGAGCTCGACTACCTCGGGTGGCGCGACCCGCGCGCGCCCTCCCGCGCGTTCCTCGTCGCGGACGTCGACGGGCGCGCGGGCGGGGCGCTCCTGCGCCAGAGCCCGAGCCACGCCGAGGCCGGCTCGCGCGCCGTGATGTGCGCCCTGTGCCGCTTCTCGCGGCGCTTCAACGAGGTCGCGCTGTTCGCGGCGCACCGGCCGTCGCGCGACCCGCGGAAGCGGCTCAGCAGCGTGGGCCTCCTGCTGTGCACCGACCTCGACTGCCACCGCAACGTCCGGACCGTCCGGTCCGGCGGTCCGCTCGACCCCCCTCCCGACGAGGTCGTGCGGACTCGTCGGGAGGGCCTGCGGGCGCGTACCGTCGCGTTCCTGCACACCCTGACCGACGGCGCCCCGACGGCGCGGACGAGGAGTCGTTGATGGCCTACCTGCCGCGCGCGGAGCGTCGGGACTCCATCGTCGCGGCAGCGGCGGCCGTCGTGCGCCGCGACGGGCTCGGCGCCGTCACCGCGCGCGTCGTCGCCGACGAGCTCGGCGGGTCGCCGGGGCAGATCCACCACCACTTCGCGTCGACCGAC
NZ_CP136680.1_gap16	662949	667914	4965	GGCACGCGGGAGAGGTGCTGTCGTCGGCGCCGACGGTGATCCTCGGCGCGGTCGCGGCGCGGACGTCGCGCATCCTGCTGAGCACGGGCGTCACGGTGCTGTCCCTGCTCGACCCGATCCGCGTCGCCGAGGACCTCGCGACGGTCGACCAACTGAGCCGCGGGCGGCTGGAGATCGTCATCGGCAAGGGCAACGAGGTGCTGCAGTACCCGCTGCTCGGGCTGGACCTCGACAAGCAGTACGAGTACCTCCAGGAGAACTACGAGCTGCTGCGCCTGCTGCTGTCGGAGGAGGACGTCAGCTGGAGCGGGCGGCACCGCCACGCGCTGGAGCACGCGACGACGCTGCCGCGGCCGTTCGCCGGGCCGTTCCGGATCTGGCACGGGTCGGCGACGTCGCGCTTCGCGGTCGACCTCGCGGCCCGGTACGGGGACCCGATCGTCAGCGCCAACGCGTTGCAGCCGCGCGAGAACTACCAGGTGCTCATCGACCGCTACCGCGAGCAGTACGCGGCGCACGGGCACGACCCGGCGTACGGGTTCGTCGGGTCGGGCTCGGGCGGGCTGTTCCTCGCGGACACGACGGAGGAGGCGATCGAGCAGTACCGCCCGATCTACGAGGGCCAGGTCGCGGCGGCGGCGCGCCGGGGGTACGGGCCGGACGCCGTCGGGAAGGCACCGAGCTTCCGGACGGTCGAGGACGCCGTCGAGCGCGGGCCCGCGCTCGTGGGGTCGCCGGAGCGCGTGGCGGAGAAGATCCTCGACTACCACGCCTCGTACCGCCACGACCTGCAGTCCGTCTCGGTGAACCACCTGATCCCTGCGGCGCAGCAGGAGGACGTGCTGCGCCGGTTCGCGGAGGAGGTCGTGCCCGTCGTGCAGGCCGAGGTGAAGACGGACCTGTGGAGCCCGGCCGACGCCCGCCGCGCGGCGGGGTTCACGGCGGCCTGACGAGGCATCCTCGACGCCACGGCCGGTTCGCTCTTCCTCGAGCTGGGCGGCGCGGATGATGGAGGAGGCTGCGCTGCGGGCCCGGCGGCAGGCTGAGAACACCCCTGCTGAAGAGGCCGACGGTGTAGCGTCGCGTCCCGGGCGCAGCTCCGGTCTCGACGCAGGCTCTCGCACTCACGCCGCCCTTCCTTGACGCGACGACCCCTCCGCGAGGTGCGCCATGACGACCCACTACTCGCTCGACGCGTTCTTCGGCTCGTTCTTCCACCAGGACTGGGAAGAGGACTACGGGAGTCCCGCAGGTGCTCTGGCGCGTTTCCTGGACCTGGTCGGCCCCAGCAGGTACGACGGACTCGTCGACGAGATCGACAGCACCCTGGACCGCTACCGTTCCGACGAGCAGGTCGTCGAGTGGATCAACGGCCGGCTTCATGCCGAGCTCTATCGCGAGGCCGTGGGAATGCCGCTGCGCGACTGGCTCCTCGTGGTCCGGGGAGAAGTGACGGCGAGAATCACCGCATCAGATCTTGACGGTCCCTGAGGAGTTTCGCTCTCTCGGTCTCTCGCGTGCCGGCTACGGTCGGCGGGCCTGATCGCGACGGCTCCGGTGGCGCGTCGTGCTCGGCGTGCCGGCGCACGTCCGGGCGTCGACGACGTCGCTGTCGACGCCCGTGGCGCGCGCTTCGCTGTCGGTGGCGTCGCGGCGGTCCGTGCTGCCGCAGGTCGGGCGCCCGTCCGAGCGCGCCCGGTCCGTGGCGCCACCCCACCTCCCGAGTCGCCCTTCCCGGCGCGGTAACACGCGAGACGGCCGCGACTCGCGTCGTCTCGGCGGAAACAACCGTCCGCCTGGCGGGACGGCCGTCTCGATACTTGACTCAACCAGTCGAGATTGTCTTTCCTGCTCCCAGGTGACGAGCGTCAGCACGTAGGCCCGGCTCGCTGACCAGCAACCCTTCGACGTGACGGGGTGCTCCGGGAACGACCTGACCGCGCCGCTCCCGCGGCGCGGTAAGCACGGCACCCCGGTGGGCACCCCCCGCCGCGCCGGCCCTGGGCCCGCCGCGGACGACCACCGGCGCCGGACGACCGCCGGTCCTCAGCCGGCACACGAGGAGAGCAGCACGACATGATCCCCACACCTCACCGACGCCGGTCCCTGACCGTCGCCGCGGCGGCCGCCGCGACGGGCCTCCTGCTCAGCGCGTGCGCGGGCGGCGGCTCCGGCGCGTCCGACGGCGACGGGTCGCCCAGCCCGTCCGGCGAGCCCGTGGCGGGCGGCGACCTGACGTTCGCCCTCACGGTCGACTCGCACTGCATCGACCCGCAGCAGGTCGGCAACAACGACGCCATCGCGGCGGCCCGCCAGACCGTCGCGTCGCTCACGGCGCAGGACCCGGATTCGGGCGAGATCCTGCCGTGGCTCGCGGAGAGCTGGGAGGTGAACGACGACGCGTCGAGCTACACGTTCCACCTGCGCGACGACGCGACGTACGCCGACGGCACGCCGATCGACGCGGAGTCGGTGAAGACGAACTTCGACGCGATCGTCGCGCTCGGCGCGACGGCGTCGCTCGGGTCGCAGTACCTCGTCGGCTACGAGGGCACGACCGTCACCGACCCGCAGACCCTCACGGTGGACTTCGCGGAGCCGAGCGCGCAGTTCCTCCAGGCGACGTCGACGTTCTCGCTCGGCCTCCTCGCCCCGTCCTCGGCCGACCTGAGCGTCGAGGACCGCTGCGCCGGGAAGTTCGTCGGCTCCGGCCCGTTCTCCGTGAAGTCGTACACGCAGGACCAGGAGATCGTGCTTGAGAAGGTCGCGGGCTACGCGTGGGGCTCGGAGGCGAGCGACCACCAGGGCGAGGCCTACCTCGACACGGTGACGTTCAAGGTCATCCCCGAGGCGAGCGTGCGCAGCGGCAGCCTGCAGTCGGGGCAGATCGACGCCACGGCCGCGATCTCGACCGTCGACCTCCCGCAGTTCGACGGGAACGGGTTCTGGCTCGAGTACCGCGCCAACCCGGGCGTCGTGTTCAACCTCTTCCCCAACGAGTCGAGCCCGCTCGCGGGCGACGAGGCCGTGCGGACGGCGATCCTCCAGGGCATCGACCGCGAGCAGATCGCGGACACCGTGCTCAGCGCGCAGGACGAGCCGGCCACGAGCGTGCTGTCGCACTCGACGCCGCTCTACGAGAGCGTCGCGGACGAGCTCGCCTACGACCCCGAGGGCGCGAAGAAGATCCTCGACGACGCGGGCTGGGTCGAGGGCGCCGACGGCGTGCGCGAGAAGGACGGCCAGAAGCTCTCCACGACCGTGACGTTCTGGCAGGTGCCGGAGCCGCTCGAGCTCGTCCAGCAGCAGCTCGCGCAGATCGGCGTGGACCTCCAGCTCCAGCACGTGACCGTCGCGGAGTCGCAGGCCATCAAGGAGAGCGGCGACTTCGACTTCGACTACTACAACCTCACGCGCTCCGACCCGGACGTGCTGCGCACGATCTTCTCGGCGAACGCGCGCAACATCAACCAGCGCGACGCCGAGGAGGTCGACGACCTGCTCGACGCGTCGGCCGCGGCGACCGACCCGGCCGAGCGGCAGGAGCTCGTCACGGAGGCGTCGCGACTGCTCGTGCAGAAGGGGCACGCGATCCCGGTCTACGAGCTCTCGACGACCATCGCGGCCGCCGACACGGTCCACGGCCTGACGTTCGAGGCGTCGTCGCGCCTCGACTTCTACGACGCCTGGGTCACCCAGGGCTGACCCGCCGGGTCCGCCTGCCCGACGCCGCGGCGTCGGGCAGGCGGGCATCCCCCACGGAAGGAGGCCGACCATGGGCCGGTACGTCCTGCGTCGCGCCGGGCAGGGCCTGTTCGTGCTCTGGGCGGCGTTCACCATCTCGTTCTTCGTCCTCTACCTGCTGCCCAGCGACCCGGCCGCGCTCATGGCGAGCGGCGGTGGCGAGGCGGACCAGGTGGACCCCGCGCTGCTCGACGCCCTGCGCGCCCAGTACGGCCTCGACCGGCCCGTGCTCGTGCAGTACGCCGACGCGCTGTGGCACGCGCTGCGGCTCGACTTCGGGACGTCGTACGCGTCCGGGGCGCCCGCGACGCAGCTCGTGCTCCAGGCGCTCCCGGAGACGCTCCGGCTCACGGCCGCGGCGCTCGTCCTCGCCGTCGTGGCGGGCGCCGGCATCGCGATCGCGAGCACGTTCCCGCGCGCGGCCTGGCTGCGCCACGCGCTCGCGTCGCTCCCTCCGCTCGGCGTCGCCCTGCCGCCGTTCTGGCTGGGCCTCCTCCTGCTGCAGTGGTTCTCCTTCCAGCTCCCGCTGTTCCCCGCGATCGGCAACCAGGGCGCGATCAGCCTCGTGCTGCCGGCGATCACGCTCGCCGTGCCGGCGAGCGCCGCGCTCGCCCAGGTGCTCGCGCGGAGCCTGCGCGGGACGCTCGGCGAGCCGTACGTGGAGACGGCGCGCGCCAAGGGCGCGAGCCGCGCGCGCGTGCACTTCCGTCACGCGCTGCGCAACGCCGCGATCCCCGCGCTGACCGTGCTGGGGGTCGTCGTGGGCGGGCTGCTCGGCGGCACGGTCGTCACCGAGACGGTGTTCTCGCGCGCGGGCCTGGGACGGCTCACGGTGACGTCGGTGGACGCGCAGGACATCCCCGTGGTGCAGGCGGTCGTCGTCCTCTCGGCGCTCGTGTTCGTGGTCGTCACGCTCGTGGTCGACCTGCTCTACCCCCTGCTCGACCCCCGGATCGACGCTCGACAGAAGGCGGTGGCCGCATGAGCACCAGGCCGGGAGTGCGCATCGTGCTCCGGGACGAGGCCCGGGTCGCGGACCGTGCCGCGGTGGCGGACGTGCCGCCGTCGGGCGCGCTCGCCCCCGACGCCCCGCCCGCCGACGCGCCCGAGGGACGCACGCCCGCGGAGATCGAGGTCGAGGACCGCGAGGACGCGCGCGCGATCCTCCGGCACGGCCGCGTGCGGACCCGGGGCACGGCGGGCCGGTGGCGGCGCGGGGCG
NZ_CP136680.1_gap17	707302	710432	3130	GCGCCGAGCTCGTCGCCAAGCGGCTGCTCGGCGAGACGTCCGCGCGCCCGCTGCCCGAGCCGCTGCGCGAGGGCTTCCTCGCCGCGAGCCGCCGGCCCGAACGGCTCCGGCCGGCGGACCGGCCGGTGGCGGTCCGCCGGTGACGGGCCTCGCCTACCTCGGTGCGCTCGCGGTCTCGCTCGGCGGCCTGGCCGTGCTCGACCGCCGGTTCCGGCTCGCGTTCTGGTCCGACCCGCGGCGGGCCGCGCTCACGGTCGGGCTCGGCGTCGTCGGGTTCCTCGCGTGGGACGTCGCGGGACTCGCGCTCGGGATCTTCGCGCGCGGGGAGAGCCCCTGGATGACCGGGCTGCTGCTCGCGCCCGACCTCCCCGTCGAGGAGGCGGTGTTCCTGACGCTCCTGTGCTACAACGCGCTGCTCGTCTGGCGGGGCGCCGAGCGCGTGCTCGCGGCCCGGCGCGCCGGGGAGGACGACGCGTGACGAACATCGTGCTCAACGTCATCGTCCTCGCGGTGCTCGTCGCGGTGTCGTGGCGCGTGCTGCGCCGACTGCGACCCGGGCCGCTCGTGTGGACGGCCGTCGTGATGTGCGTGCTCACCCTCGTGTTCGACACGCTGATGATCGCGGCCGACCTGTACGTCTACCACCCGGACAAGATCCTCGGCGTCTACCTGTGGGGGGCGCCGCTCGAGGACTTCGCGTACGCGCTCGCCGCCGCGCTCGGGATGCCGGTGCTGTGGACGGTGCTCGGCGCCCGCGGTCGCGACCGCACCGCCGGCCGCGGGTCCGGGCGCGGGCGTGCCACGGAGGACGACCGGTGAAGGACGTCCTCGCCGCGTCGCGGCCCTTCTCCTGGATCAACACCGCGTACCCCTTCGCCGCGGGGTACCTCGTGGCGACCGGCGGGCGCGTCGACCTCGCGCTCGTCGTCGGGACGCTGTACTTCCTCGTGCCGTACAACCTGCTCATGTACGGCGTGAACGACGTCTTCGACTACGCGAGCGACCTGCGGAACCCGCGCAAGGGCGGCATCGAGGGTGCGCTGGCGGACCCGGCGACCGCGCGCGTCACGCACCGGCGCATCCTGCGCGCGTGCGTCGCGACCAACGTGCCGTTCCTCGTCGCGCTCTTGCTCCTCGGCGACCCGCTCGCGGGCGCGGTCCTCGCGCTCGTGGTGTTCGGCGTCGTCGCCTACTCGGCGCCCCGGCTGCGGTTCAAGGAGCGCCCGTTCCTCGACTCGTTCACCTCCGCCATGCACTTCGCCGGGCCGCTGCTGTACGCGCTCGTGCTCGTCGACGCGGACCTCTCCGCGCGGTCCGTCTGGCCCGTGCTCGTCGGCTTCGTGCTCTGGGGCATGGCCTCGCACGCGTTCGGTGCGGTGCAGGACGTGCGCGCGGACCGCGAGGGCGGCATCGCGTCCGTCGCGACGGCGATCGGCGCGCACGCGACCGTGCTCGCCGCGGCGGCGGCGTACGTCGGGGCGGCCGTCGTGCTCGCGGTGCTCCCGTGGCCCGGCGTCCTCGCCGCGCTGCTCCCGCTGCCGTACGCCCTCAACGTGCTGCGGTTCCGCGACGTGCGCGACGACGACTGCGAGCGCGCCAACGCCGGGTGGCGGGCGTTCCTGTGGCTCAACCTCGTCACCGGGTTCCTCGTGACGATGCTGCTCCTCGCGGACGCCCTCACCTGACGCGCCCCGCGTCGCCGGGCACGGACGACGACGGCCCCGGTCCCGCGAGGTCGTCGCGGTGCCGGGGCCGTCGTCGTGGGGGAGCGGCCCGTCAGGAGATGTCGCCGTACTCCCAGTGCCAGGGCTCGTTCTTCGAGCCGCCGGCGCGGGCCCACTCGGGGTTCTCCCACCCGTAGGCCGGCGCGTTGGCGCGCATCCACTCGTACTGCGCGGTGCCGTAGCTCTGGATGCCGCCGCCGAGGTCGAGCGCGAGCGCCCAGCCATGGTTCGACATGCCGGGCGGCGCCGCGAAGTAGCCGCGGGACGCCTTCACGGCGACCTGGGACGCGTACGAGCGGTACGAGTCCGTGACGGACAGGTTCGCGCCGAACGCCTCGCGGTACTTCTCGTTGAGGGCCTCGATCTGGTGGGCGGCGTCGCAGCGGAGCTGCTCGCCGGGCGCGAACGACAGCTCGCACAGCGCGCTCGCCGGGATCTGGCCGTTGCCGTAGCCCGCGGTGGACGTGGCCCACTGGTCGAGCTGGGCGGCGACCTCCTCGGCCGACGGCGGTCCGGGCACGACCTGGACGGTCACGCCCGAGCCGGCGGCGTCGAGCAGGGTCGTGAGCTCCGCCGTCAGCGCGGCGATCTCCTCCGTGCCGGCGGGAGCCGCCGGGTCCGCGGGTGCCTCGGCGTCTGCGGCCGGGGCACCGGCGTTCGCGTTCCCCGTACCGGTGGTGAGGTCGGGCGCGTCGGTCGCGGTGTCCGCGGCCGCCGCGTCCTCCTCGGGCGACTCGGTCGCCGCGTCAGCGCCGGCCGACGGCGCGGCGGCGTCCGTCCCGGGCGGGGCGTCGTCGGGCGCCGTGGCCAGGCCCGGCGTCGCGGTGCCGAGCGTCGGGACCGCGGCCTCGAGCTCGTCGAGCGGCGTGCGGGCCGAGGACCGGCTCGCACGGTCGTCGGCGCGGCCGTCGAGCGCGGGCACGCTCGCGCCGAGCGTCTCGGCGGCGGTGAGCGTGTCGTCGGTCGCGGGCTCCTCGGTGGCCTCGGCGGTCGCCGTGGCGCCGTCGTCCGGGCTCGCGAGCCCGGACCCCGCGGGGGAGCCGAGGAGCGTGGTGGCATCCTCGGACGGGGACGCCTCGGACACGGCCTCGCTGAGCCGCGTGCGCGCGTCCTCGATCTGGGCGACCTGCTCGGGCGTGAGCGCCGCGGCGCCCTCCCCGGTGAGGAACTGGGCCCGGACGAGCACGTCGCCCGCGGCGTCGACGGTCGCCGGGTCGGCGGTCGCCGGGGCGGCGACCGTCCCGAGGGACACGGGGGCGACCGCGGCGCCCGACGTCGGCGTGCCGGCGGGCGCCGCCTCGGTCGCGTCGGTCGTGGCGGACGGCGCCGCGCCGTCGGCGAAGGCCGCCGCGGCGGTGCTCGCGGTGAGCGCGACGGCCGCGACGGCGGCGCCGGTCCCGAGCGTG
NZ_CP136680.1_gap18	808511	810623	2112	CCGCCAGCACGACCGCCTCGAGCGCGCGGGGGCGGAGTTCCACCGCCGCACGCGCGAGGCGTTCCTCACGCGCGCGGCGTCGGACCCGGACCGCTGGGTCGTCCTCGACGCCGCGGGCTCGGTCGACGACCTCCAGGCGCAGATCCGGGTCGACGTCGCCGCGCGGCTCGAGCTCACGCCCGTCGTCGAGGAGGCCGAGGACACGGTCGCCGCGCTGCCCGACGACGGCTTCGACGACACGGACAGCGCGATCGGCTACGCGCCGGGCACGGACCTCCTCCCGGGCGCCCCGGCGCGGCCTGCCGGGGACGCGCGCGCATGAGCGTCTGGGACGACGTCGTCGGGCAGGAGCAGGCCGTCGCGACGCTCCGTGCCGCGGCCACCGACCCCGCCGCGATGACCCACGCGTGGCTGCTCACCGGCCCGCCCGGGTCCGGCCGCTCGAACGCCGCGCGCGCGTTCGCGGCCGCGCTCCAGTGCGAGCAGGGCGGCTGCGGACGCTGCCAGGCGTGCCGCACGACCCTCGCCGGGACGCACCCGGACGTGACGCTCGTCGCGACCGAGCTCGTGACCATCAAGATCGACGACGTGCGCGACCTGGTGACGGTCGCGAGCCGCAGCCCGTCGCAGGGCCGGCGCCGGGTCATCGTCGTCGAGGACGCCGACCGCATGGCGGAGCGCACCACGAACGTCCTCCTCAAGGCGATCGAGGAGCCCGCCCCGCACACGGTGTGGATCCTCTGCGCCCCGAGCCCGCAGGACGTGCTCGTGACGATCCGCTCGCGGTGCCGCGGGGTCGTGCTGCGGGTGCCGCCGGTCGAGGCCGTCGCGGGCCTGCTCGTGCAGCGCGACGGCGTCGACGAGCACGTCGCACTCGTCGCGGCGCGCGCGGCCCAGAGCCACATCGGCCTCGCCCGGCGCCTCGCGCGAGACGCGGGCGCGCGCGAGCGCCGCACGTCCGTGCTGTCGCTCGCCCGGCGGGTCCGCGGGGTGGGCGACGCCGTGCTCGCCGCGGGAGAGCTCGTGGACCTCGCGCAGGCCGAGGCGAAGGCGGCGACGGAGGAGCGCGACGCCGCGGAGAAGGCCGAGCTCCTGCGTGCGCTCGGTGTCGCGGACGGCGAGACGCTCCCGCCCCGGCTGCGGTCCCAGCTCCGCGACCTCGAGGCCGACCAGAAGCGGCGCGCGACGCGCCACCAGCGCGACGTGCTCGACCGCGCGATGGTCGACCTGCTCTCGCTGTACCGCGACGTGCTCGTGGTGCAGCTCGGGGCGCAGGTCGAGCTCGTCAACACCGAGCTCGCCGAGACGGTGCGCGCGCTCGCGCAGGACTCGACGCCCGAGCAGACGGTGCGGCGCATGGACGCGATCGGCGTCGCGCGCGAGCGGCTCGAGGGCAACGTCGCGCCGCTGCTCGCGGTGGAGGCTATGGTCGTCGCGCTGCGCCCCCAGGGCTGACTGCCGCTAGCTCGACGGCGCCGCCGCCCGGAGCTTCTCCAGGAGCGGCCCGGCCGCGGTCTCGAGGAACTCGCGCTGCCCGACCTCGCCCACCTGGACGAGCGCGAGGTCGGTGAACCCCGCTTCCCACCACGCGGACGCCGCCTCGACGACCGCGTCCAGGTCGGGACCGCACGGGATGGACGCGGCCACGTCCTCGGGCCGCACGAACGCCGTCGCCGCCTCGAACGCCTCGGTCGTCGGCAGGTCCGCGTTGACGCGCCAGCCGCCGCCGAACCACCGGAACTGCTCGTGCGCGCGCGCCACGGCGGTCTCCTCGTCCGGGTCCCAGCAGATCGGCATCTGCCCGACGACGCGCGACGGCGCGAGCTCGGCGCGCTCGCGGACGGAGGACCACCGCTGCACGACGCCGGCCTCGGGCTCGGTCGTGACGAGGTGGTCGGCCAGCGGGGCGAACCGCTCGATCGACTGCGGCCCGGAGACGGCCACGCCGATCTCGACGGTCTCGTCGGGCAGGTCCCAGAGCTTGGCGGAGTCGACGCGATAGTGGACGCCGTCGAACGTGAGGCGCTCGCCGTCGAGCAGCGAGCGGATGATCTCCACCGCCTCCTCGAGCATGTCGTGCCGCTCGCCGACGGCGGGCCAGCGCTCGCCCGC
NZ_CP136680.1_gap19	811677	814596	2919	CCCAGTTGAGCGCGAGCGGCGAGAGCCACGCGTGGACGGCGAAGAGCACGCCGACCGCGACGGCGCCCAGCACGTGCGGGAGCGACCAGCGCCCGCCCGTCGCGCGCCGGAACAGCGCGTTCCCCACGAGGTACGTCGCCGCCGCCCCGCACACGAGGCCGGCGGTCCAGGCGTCGGCGTGACCGCCGTCGTGCCCGAGCGGGTGCAGGAGCACGAGCTCGTCGGCGACGGCGGTGAGCACGATCCCGGCGACGATGACGAACGGGACGTACGTGTACGCCGTCTGGGCGACCATCCCGCGCTCGGCGCGCGACGTGAAGTACTCGGTGGCACGCCGCTCGGACCGGTCGAAGAACAGCAGCCACATGAGCACGGTGCTCGCGAACGCGGAGCAGAACGCGGAGACGGTCGTGAGGTCGAGGGGGAGCTCGGCGAACGCGGCGCCCGTGACGATGATCGACTCGCCCAGGCAGATGATGACGAACAGGCTGACCCGTTCGGCCATGTGCTCCCCGCGGACCACCCACGTGCTCGCGCGCGACGCCCCGAGCCCCGGGAGCCAGAACATCGCGCGCGGCCCGGCGACGTCGATCGCGGCCGCGACCGCCCACAGCAGCAGGCGGTGCTCCTCGACGAGACCGCCCGCGACCCACAGCGCGCCCGACGCCGCGAGCCACGTCGTGATGCGGACGAAGTTCACCGCGTTCTCGGGCCAGACGCGGCCCATCGCGACCATCGTGAAGAGGCTGCGCCCCACCTGCATCGCGACGAGCATGACGGCGAACAGCAGGCCCTTGTCGCCGAACGCCTCCGGGATCGCGCTCGCGAGGACGAGGCCCAGCAGCATGAGCACCACGAGCAGGCCTCGCACCGGAAGGCGCTCGGGGTCGAGCCAGTTCGTCACCCACATCGTGTCGACCCACACCCACCAGACGGCGACGCCGAGCAGGAGAGTGTGCCCGAGCGCCTCGACGCCGGGGTGCGCGATGAGCCCGTGCGAGAGCTGGGTGACCGCGAACACGAACACCAGGTCGAAGAACAGCTCCACGTAGCCGACCCGGCTCGAGTCGCCGCCGTCGCCGTGCCGCAGGAGGTCGGTGCGCAGGCCCCAGGGCAGCGGGGGCCGCTCGGTGCCGCGGGTCGGGTGCGGTGCGTCCATGCGGGGATGCTCCCACCCCGGGTCACCGTCGGGTCACGATCCCGCGGCGCGTCGGCGGTTCGGCGCGCGCGAGGTCCCGGCGCGGACCACGATGGTCGCGCACCCGTCGCCGACCGAGGAGTCCCCATGGTCCCCGCCCGTCGTCCCGCCGCCCGCACCGCGCGCCTCACCGCGGCGCTCGCGCTCACGGCCACGGTCGCCCTGCTCGGGGCGTGCGCGTCCGGAACCGACGGGGGCGGTGACGGCACGAGCGCCACCGAGGAGACCACGGAGCCCTCGACGGAGCCGACCGACGACGCCACCGACGAGCAGCAGGGCCTGCCCGACGCCGCGACGATGGACGTCGTCGCGGGCGCGCACGGCAAGGGCCTGCCGCCCGGCGCGGACGCGCCGACCGAGGGCGGCACCGGCGCCGCGTGGAGCGCCGAGCCGGGCCTGCTGCTCGTCGTGACGTTCGGGTCCAGCACGTGCCCGCTGCTCGCCGAGGACGACGCCGCGGTCGAGGGGAGCGACGTCGTCGTGTCGTTCGTCGACATCCCCGCCGACACCGCGTGCACCATGGACTACGTCCCCGCGACGTCCGTCGTCGCGGTGCCCGACGACGTGGACCCGGGCGCCGACGTGAGCGTCGTGCTCGGGGACCGCGGGACCGTCGTCGTGCCGCCGCCGGCCGAGGGCGCGGCCGGCGAGTTCGCCTGGACCGCGGGGTGACGACCCCCGCGGTGAAGAGCGCGTGAAAGGACGGGCCGCCGCCGGTGGGCCGTCTCCCGCGCGACGGGCGAGCGGCTACCGTGTCCGGGTGACGACGTCCCCCTCCTCCCGCCCCGCTCGCCGCGCCCTGGCCTGCGCCGCGACCCTCGTGCTGGCTCTCGTCGCGGGCGCGTGCTCGGCGCCCCCGAAGCAGCAGACCCCGGTCGAGGACGTCCCGACCGCGTCGTCGACCGGCACGGGCGAGACGGGACCGGAGGGCTTCGAGGAGTTCTACGGGCAGACCCTCGCGTGGGAGGACTGCGGAGCCGGCTGGGAGTGCACGACGGCGCGCGCCCCCCTCTCGTGGCAGGACCCGGCGGCGGGCGAGATCGAGCTCGCGGTCAAGCGCCAGCCCGCGACCGGCGAGCGCATCGGCTCGCTCCTCACCAACCCCGGCGGGCCCGGCGCGTCGGGCGTCGGCTTCGTCGCGTCGCTCGCGCCGACCGTCGGCGAGAGCGTCACCGCGGCCTACGACCTCGTGGGCTTCGACCCCCGCGGCGTCGGGCAGTCCTCGCCCGTCGTGTGCCTCGACGACGCCGCGAAGGACGAGTCCCTGTCGCGCGACTTCGACACGGACGAGACGGGGCTCGAGGCGCTCGCGGAGGACCGTCGCGCCTGGGCCGACGCGTGCGCCGACAACACGGGCGAGCTCCTCGGGCAGGTCGACACCCAGAGCGCGGCCCGCGACATGGACATGCTGCGCGCCGTCCTCGGTGACGAGAAGCTCGCGTACCTCGGCTACTCCTACGGCACGCAGCTCGGGGCCACGTACGCCGGGCTGTTCCCGGACAAGGTCGGCCGCATGGTGCTCGACGGGGCGATCGACACCTCGCTCGACCCGGACGAGATCTCCGAGCAGCAGGCCGTCGGCTTCGAGAACGCCCTGCGCGCGTACGTCGAGGACTGCCAGGCCGGAGCCGGGTGCCCCCTGAAGGGCGACACGGACGCGGGGATGCGCCAGATCCGCTCGCTCCTCGACGCCGCGAAGGCGAACCCGCTCCCGACGGACT
NZ_CP136680.1_gap20	900048	901816	1768	CCGGAGGAGGCGCTCGAGCACGTCGCGGGCTACGTCCTGTCCCACGACGTCTCCGAGCGCGACTACCAGATGAAGGTCTCCGGCGGGCAGTGGTCGAAGGGCAAGAGCTGCGAGACGTTCAACCCGCTCGGCCCGTGGCTCGTCCCCGCCGACGAGGTGGACGTCCAGAACCTCGGGCTCCGGTCCTGGGTCAACGGCGAGCCCCGCCAGGACTCGACGACGGCCGACATGATCTTCGACGTCGCGTACCTCGTGCACCACCTGTCGCAGTACATGGTCCTCGAGCCGGGCGACCTCATCAACACCGGCACCCCGCAGGGCGTCGCCCTGTCCGGGCGCTTCCCCTACCTGCGCGCGGGCGACGTCGTCACCCTCGAGATCGACGGCCTGGGCCGCGCCGAGCAGCGCGTGCGCGACGCCGTCCGCTGACCACCCGCGGCGCCGCTCAGCCCGCGAACGGCAGGGCCGGGAGCCCCCGGACCCCCGGGTCCGCCACGAACAGCGACCCCGACGCGGCCTCGTCCGCGTCGGGGTCGTCCAGCCCTTGGCGCGAGGTCGTGACGAACAGCCGGTCGAGGTCGTCGCCGCCGAACGTGCACGCGCTCACCTGCGACACCGGGAGCGGGACGACGGCGTCGAGCGTGCCGTCGGGGGAGTAGCGCCGGACGGCCCCGCCGCCCCACAGTGCCACCCAGACGCCACCCTCGGCGTCGACCGTGAGGCCGTCCGGCATGCCGTCGTCGGGGTCGATCTCCACGAACGCGCGACGCCGCACGAGACCGCGCGAGTCCTCCGCGACGGGGACGACGTCGAGCACGTCGATCCGTCGCGTCGCCGAGTCGACGTAGTATGCCCGCGACCCGTCCGGCGAGAACCCGAGCCCGTTCGACACCTCGACGCCGTCGAGCACGACACGCGACGACCCGTCGGCCTCCACCCGGTACAGCGCGCTCGGCCGCTCGCCCTCGGCCTGGCCGCCCACGTAGAACGCGCCGTCGGGCGCCGCCGCCCCCTCGTTGAGGCGGACCGTCGGGTCGTCGACGAGCGACGCGAGCGCGCGCACCGGCGCGCCCTCGCCGTCCGCCACCGCGACCGACCGCGCGAGCCCGACGACGAACCCGCCCCCGGTCCGCGGCCGCACCACGGCCGCGTGGTCGCCCACGTGGAGGCGGTCGACGCCGCCGTCGGGCCGCAGAGTGAGGAGGTCGCCCGCGAGCATGTCCACGTACCGCAGGCCGCCCCAGCCCGGCCACCACACCGGGCCCTCCGCGTGGTAGGCGACGGGACCGGTGACGTTCTCGACGGAGATCTCAGGCATCCGACCATTCTCGCCGAGGGCCGTCGGCCCGCGCGGCGGGCGTAGGGTGGACGCATGATCACGCAGAGCTGGTGGTGGCTGCCTCCGCAGCCGTGACCAGTCCTGCCCACGTCCCGAGCTGCGCGCCGCAGCCGGGACGTCGTCATGTCCGGGCCGGTCCGGTCCTCGACCGGGCGTGGTGCGTGGCTCCCCACCGAAGGAGAGCACCATGACCACGATTCTCGACCCCGCGCCGTCGGCCCTCTCGTCCGCAGCGTCGACCGCGTCCGTCGCGGCGGCCCGCGAGCGGTCCGCGCAGATCGAGGCCCGGCTCGCGACCGACCCGTCCGGCTTCCGCGTCCTCACCGGCGACCGCCCGACGGGCGCGCTGCACCTCGGGCACTACCTCGGCACCCTCGCGAACCGCGTCCGGCTGCAGGACGACGGCGTCGAGGTCGTGCTCGTCGTCGC
NZ_CP136680.1_gap21	939802	944592	4790	CGCGGGTTCCAGGCGAACTCGCGCGTGATCACGACGTCCGACGAGGTGCTCACCGAGCTCGTCAACCTCAAGCGCTGACCCGGGCGCTATGGGGTGCCTCCCGGCCCGACCGGGAGGCACCCCACCGCACCCCGGACCGAACCCCGGACCGGACCCCGCACCGACCCCCGACCCGCACCTCCGTCCCGAACCCGTCCGCACCTGACCCGGACCCGTCCCACCCGAAGGGAGAGCCGTGATCGTCCTCACGCGCTTCAGCTCCGAGCGCATCGCGATCAACGCGGACCTGGTGGCCCGCGTCGAGACCAACCCGGACACGCGCGTGACGCTCATCGACGGCTCGCGCTACATCGTGACCGAGCCCATGGAGGTCGTGATCCGCCTCGTCGAGGAGCACAAGGCGCGCGTGCTCGCGCTCGCGCGCTCCCTGCCCGCCCCCGCCGAGCGCGCGCCGCTCGAGGTCGTCCGGTCCGCGCCCGACGACGCCCCCGCCCCCGGCGACCGCCCGGTCGCCCTCGCACCCCTGCCCGACACGAGGACGAAGTAGGCCATGGACCCCGCAACCATCATCGGCATCCTCGTCGCGTTCGGCTCGCTCATCGCGATGGTGTACCTCGAGGGGTCGCAGATCACCTCGATCCTGCTCCCGGCACCGATCATCCTCGTGTTCGGGGCGAGCATCTTCGCCGCCGTCGCGTCGGGGACGCTCAAGGACTCGGTCCGGGCCTTCAAGACGCTGCCGCGCGCGTTCACGGGCAAGGCGCCCCGTCCCGCGGAGGCCATCGAGGAGGTGGTCCGGGCCGCGGAGATCGTCCAGAACGACGGCGGCCTGCTCGCCCTCGAGGCCGAGTCCCAGAAGACGGACGACCCGTTCCAGCGCAGCGCGCTGCAGTCGCTCGCCGACGGCTCGGACGCCGAGCAGCTGCGCACCCTGCTCGAGGAGCGGATCGAGACCAAGGCCCGCGAGGACGCCGTCGCGTACGACTTCTTCAACGCGATCGGCGGCTACGCCCCCACGATCGGCATCGTCGGCACCGTCGTCTCGCTGACCCACGTGCTGGAGAACCTGTCCGAGCCCGAGAAGCTCGGGCACATGATCGCCGCGGCGTTCATCGCGACCCTGTGGGGCATCCTCTCCGCCAACTTCATCTGGCTGCCCATCGGCGCGAAGCTCAAGCGCCTGTCCGACCTCGAGATCGAGCGGCTCCACGTCCTCCTCGAGGGCTACATGTCGATCCAGGCGGGCTCGCGCGCCCGGGTCATCGACGAGCGGCTCAAGACGATGGTCCCCGAGTGGTCGTTGCCCGAGGACAAGGCCGCCTGATGGCGCGGCGTCGCAGGGGCGGCCACGGGGGCGGGGGCGGCGGTGGCGGGCACGACACGGGCGGCTCCGGCCGCTGGATGGTGTCGTACATGGACATGGTGACCGTCCTCATGTGCCTGTTCATCGTCCTGTTCGCCATCAGCTCGGTCGACCAGGGCAAGTACCAGGAGCTGAAGTCCTCCCTCGCGGAGGGCTTCGGCAACGTCGAGGACGCCGCGGTCGTCGAGGAGGTCGTCGAGAACCCGGCCAAGGAGCCGGTCGACGTCGAGACGGACCTCGAGCGCGCGCTCGACGAGGTGTCGGACCTCTCGGCGCTGCGCGACGCGATGGCCCGCGACCTCGCCGCGCACGGGCGGTCCGACACGGTCCGGTTCGACATCGACGAGCGCGGGCTGACCGTGCGGCTCGTGTCCGCGGACACGTTCTTCTCGCCCGGGAGCGCGGACCTCACGCAGGAGGCGCGGGCGGTGCTCGACGTCGTGGGCCCGGCGCTCGCGCCGACCGCGCACGAGATCCGCATCGAGGGCAACGCGGACTACACCTCGACCGTGACGTCGGTCTTCCCGTCGAACTGGGAGCTGTCGTCGTCGCGCGCCACCGCGGTGCTGCGCCACCTCGTCGAGCAGGACGGTCTCGCCGAGCACCGGATCGCCGCGGTGGGCTTCGGCTCGGCGCGCCCGCTCGCCGAGGGCACGAGCCCCGAGGCGCTCGCGACGAACCGCCGCGTCGACATCATGGTGCTCTCGTCCGCGCCGGAGGCCGTGCGCGCGCTCATCCCGCAGGTGCTCTCGGGGCAGCTCAGCGCGGCGGACGTCCCGGCCGCGGAGGCGGACGCGCGGGCTCTCGCGCGGGCCGCCGAGACGGCGGGAGAGGCGGGCGCACCGGGGGAGTGACGCGGTCCGTCGAGCCTGCGCGGCGTCGCGCAGGCTCGCGTCGTGCGCGCCCGCATAGGAGCGGTCGTGAGCACGACGACACCCGAGCGGGTCCAGCAGCCCGCACCGAGCCGCAAGGTCGAGGTCTACGACTTCCGCCGCCCGACGACGCTCGTCCGCGAGCACCACCGCATCCTCGAGATGGCGTTCGAGAGCTTCGCGCGCCAGTGGGGCACGCAGCTCACGGCCCGCGTGCGGGTCGTGAGCCAGGTCAACCTCGCCGCGGTCGCGATGCGCACCTACGACGACTACGTCGCCGAGCTGCCCGTGACGACGACGTTCGTCGTGTGCGAGCTCGAGGGGATCGGCCCGCGCGCCGTCCTGCAGTTCCCGCACACGGACGCCCTCACGTGGATCGCCCACATGCTCGGCGCCGGACCGAGCATCCCGGTCGTCGACCGCAAGTTCACCGACGTCGAGCGCACGCTCGTGACGTCGCTGCTCACCGAGACGCTGCGCGACCTGCGCCACTCGATGGGCCGGCTCCTCGAGAACCCGCTGCGGATCTCGTCGATCCAGCACAACTCACAGTTCGCCCAGGCCGCCCCGACCGCCGAGCTCATGATCGTCGCCGAGCTCGACCTCCGCGTCGGCGAGCGCGCGTGCCGGGCGACCCTCGCCGTGCCGTCGGTCGCGCTGCTGCCGCACCTCGGCGAGGCCAACCCGGCGGACGACCCCGCCGACGCGACCCGGCGCACGCGCCAGCACGTCGCGCGCTCGCTCGTCGACGTCACCGTCGAGCTCACCGGCGCGTCCATGACGCCGACCGAGGTGCTGGACCTCGCCGTCGGCGACGTCGTGCACGTCCCCCACGCCCAGTCCCGCCCGCTCGACGTCATCGTCGACGGCCACGTCCTGGCCCGCGGCGCCGTCGGCTCGTCCGGCTCCCGCCTCGCCTGCCGCATCGTCACCACCGAGGAGAACTGACCCATGAGCACCGCCACCCCGGTCGAGCAGTCCGTCGTCGAGGCCGCGTCGGCCGCCGCCCACGCGCTCGTCGAGCTCGTCCCGACCAGCACCCCGCTGCGCGCGGCCCTGCGCGGCGGCGCCCCCGTCGGCCCGCAGGCCGCGCGGGCGGTCGTCGCCTCGTACGTGGGGGACTCCGGCACCGACCTCGCGCTCGCACTCATCGACCAGGACGCGCTCGCCGACGCCTCCCAGGAGGCGGCGCTCGACGTCACCGACGTCCTGCGCCCCGCCCTGGAGGCCGCGGGGGCGACCACCGGCGTCGGCGTGCTCGGGGAGGTGCGCGTCGCCGACGCGACCGCGCTCTTCGAGGACCCGGAGTCCGTCGTGTTCGAGCTCTCCACGGACGACGGCCCGACGGCGGGCTGGTTCGTCGTGCGCACGCGCCGCGCGCTCCAGAGCCTGCCCGACGAGGCCGTGACCGGCGCGCGGCTCGCGCGCATCTCCAACGTCGAGATGCGCCTCTCCGTGATCGTGGGCCGCACCCGGATGCCGGTGCGGGACGTGCTCAGCCTCGAGCCGGGCGCCGTCGTCGAGCTCGACCGGTCCGCCGGGGCGCCGGCGGACGTGCAGCTCAACGGGCGCACGATCGCCAAGGGCGAGGTCGTGGTCGTCGACGGCGGCGACTACGGGGTGCGCATCACCAAGATCCTCGACGCGGACGACTGACCGGCATGGACGTCACCACCGTGCTGCGCGTCGCCTTCTCGCTGGCGGTCGTGCTCGGGCTCCTGTGGGTCTCGTACCGCGTCGCGAGCAAGACCTCGCGCTCCGCGCCGCGCGGGCGCCAGGAGCAGCTGACCGTGGTCGCGCGCCAGGGGCTGTCGCAGAAGAGCGCCGCGGTCCTGCTCGAGGCCGGGGGCCGGCGGTACCTCCTCGGCGTGACGGAGTCGTCCGTGACCGTCATCGACGGCCCGACACCCGTCCCGTCCGACGTCCCGCCCACCGCGGTCACCGCGGTCACCGCCGCGGACGCGACGCCCGGTGCTCCGACCTCGGACGAGCCGTCGTTCGACGACGCCGTCACCGCGGCACGGCTGTGGCTCGCGCAGCCGCCCGCGAACGGGGACGCCCCGGCGTGGAACGGCGAGCGCGGCTCGGTTCCCACCGACGTGCCCACCGGCGCGCCCGCCGCCGCGCCCCCGGCCGTCTCGGGGCCTCGGGTCGGGACCCCCGGGACCGCCGTCGTCGTCGCGCCGCCCGTGCCGACGAGCGCCCTGCGCACCTTCCTCGCGCCCGACACGTGGCGCAAGGCCGCGCGGGTCGTGCGAGGAGGTGCCCGGTGACCCGCGCCCTCCCGTCGCGCCGCGCGCTGCGCGTCGCGGTGCTCGTCGGGGCGGTCCTGCTCCTCGTCGCGGTCGCGACCGTCCTGCTCGCGCCCCACGCGGGCGCCGCGGTCGTCGACCCGACCGACCCGGCCCCGCCCACCCAGCCGGTCGACCCGCAGGGCGGCGGGTCGACGCTCTCGGTGGAGATCAACGGGCCGAACGGCGAGCCGTCGTCGTCCCTCGTGACGCTGGTCGGCATCACGCTGCTGTCGCTCGCGCCGACGCTGCTGCTCATGATGA
NZ_CP136680.1_gap22	951409	954170	2761	CGCCGAGAGCACCGCGGCGGCGCCCCAGCGCACGGGACGACCCGGGCCGCTGGAGCGCGCGCGGCCCCGTACCCCGAGCGCACGGCGACGCTCCGGGCGTGCGGGGGCGTGCGCCGACGAGACCGTCGCTGCCGACCGGGACGTCGGGAGCGGGCGCGTGGCGGTGGCCTCGTCCAGCGGGTGCGGCGTGGACGGGAGCCCCGCCGCCACGGCACCCGTGCGGACGACCTCCCGCGGGGCAGGACGGTCCACGACGGCGGCGGTCTCCCGGAGCAGCAGCAGGGCGGCGCGGTCGGCCGCGAGGCGGTGGCGGTACGGAGGGACGGCGACCGCGCCCTCCGCGGCCAGCGCGCGCACGGCGCGCAGGGCCTCGAAGCGCACGGTGGGCGACCAGGCGCGGCCCTCGAGCGGACGACGGCCGGCGACGAGGTCGTCGAGCACGGCGCGCTGGGCGTCGGTCACGGCCCGCAGCGCGGCGACCTGGTCCGTCCCCGAGACCCCGGCGGCGCGGACGTGCCGCCGGGCGTCGCGCGCGAGCCCGACGGCGTGCGCGGCGACGAGGCCGGCCACCGCGCGCTCGCGCTCGCCCTCCGGCACCGTCGCGGCGACGACGCGTGCGTCCTCGACGACCGAGCGTCGAGACCCGGGTCCCTCGTCAGACATGTCCTGCTGCCCCCGTGCTCCTGCGCCCGCCCTGCGGCCGCCCCCTGGTCCCCGTGCGCGCCACGGTGCGGTTCTCCTGCTCGCCGCGGTACGCCGCGGGCCTCCCGGCAGGTGCGGGTCGTGGAGCGACGCTCGCGCTCACACGCTGTCCACGGCGTCGAGTACGATGCCGACGTCCCGGAGGTGCTGCGCCGCCAGCACCCGGACCCGGTCGATGTGGGCGACGGTCCGGTGCCGGGGCAGACCCAGGGTCCGGGCGATCCACACGACCGTGTCGTGGCCCGGTAGCGGCCCGCCGCCCCCGTACGCCTCGGACATCCAGAGCGCCGCGACCCGTCCGCGGGCCGGGTCCTCCGCGTGCGCCGCGTCGACGACGGAGCGGACGAGCGCCGGGACCTCGACCGCGTGCAGCACGCAGTCGGCGTGCGCGTCGGTCGTGCGCGCGGAGTCGAGGGCCTCGTCGAACGACAGCGCGCCGCGCAGCACGAGCTCGTCGGCCTCCGTCACGACCATGCCCTGCCGGACGACGTCGGCCCGGTGGGCGCCGAGGCGCTCGTTCGTGGCGCGGACGGCCTCCTCGACCGTGGGCGCCGCGCCGCGCAGCGCGGCGAGCTCCGAGCGCGTGCGCGCGAGCTCGCGGCGGCGACGCTGCGCGGCCACCATGCCCGACGCCGGCGCGGTCGCGTGGTCGAGGAACGAGCGGACCCGGGGCCGTGCCGTGTAGACGACGATGGCGAGGAACGAGCGCATGCTGCGCAGGTACGCGGGGTCGCGCCGGGACCGCTCGAGCATCTCCCAGGCGGTCTCCACGACGATCGCCGCGACGTCGTCGAGGTGCTGCGCCGCGGGCACCGAGTTGGTGCGGCACAGGCGCGCCGCGATCCGGCGCCACTGCGTCGCGTGGGCGGCGAGGAGGGCCGAGACCTCGGTGCGGTACCGGTCGTCGTGCTCGATCGCGACGACGCGGGCGACCTCGTCCCGGAGCGCCCCGGGGTCGTCGTCCTCCTGCGGGCCCTCGTCGACGGCGCGCACGGGACGCGCGTCGCGCGCCCGCTGCGGGCGCGGGTCGAGCAGGGTCCGGTCGGTCACGGTCCAAGCATGCGGACCCGGAGGGGCTCCTGGCGCGCGGGACACCGTCTTTCACACCGGACTTCACCCTCAGGTGCCCCGGGCAGCGGGTGATCTCCGCACGCTTCGCCCGCCGCGGGTGTTTCGCGGACGTCGCCACGGTGGGATGCTGTCCTCGGCGACGGGCTCGCCGGCTGGACAGGGCAGGACGAGATCAGGAGGTGGACCGGGTGCACGCAGCGTCCTGCGCTTCGACGGCGTCGCCGTGCCGGGCCGCCGACGCCCCGGGCGGGGTGGTGTCGCGGTGACCCCGGAGGAGGACGGCGCCGGTGCGCCGTGGGACGACACGACCTGGGCCATCTGGGCCGTGGGCCTCGTGGAGCCGCTCATCGACCCCGACGACCGGCTCGCGACCATGGCCGCGATGCGCGCGCAGGCGAAGGCGCACCCGCTGCGCGCCGTGACGCTCCTCGCCGGCGCCCTCACCGACCTCCTGGACTCGTTGCCCGACGACGACCCGTGGCGCCACCTGGACCCCGCGACGTTCGGCACGTACCGGGACGGCCTGGACCTGGTCCCGTCGGAGGCCGTCGTGATCGCCGAGGACATCGGCCTCGCGGCGCTCGCCCGGCCGCTCGGGCACGGCGGGGCGCGGGTCATGAGCGAGGCGCAGCACGGGTGGGAGAACGCCGCGCACGCGGCGAACGAGCTCGAGGACCCGGTGCGCACGCTCACGCGCGCCGTGGCGTGGGCCGCCTGGCGTCGCCGCGTGTACGTGGGCGAGGACAGCTACCCCGTCCTCGTGGTCTTCTCGTGGCTGCCGCGCGCGGCGCTCATCGCCGCGGGGCGCGAGATCGACGACGACCTCGCGCGCGCCGAGATGCGCGCGTCCGCCAAGATCGTCGACGACCTGGTCTGACCGGCCCGGTCCTCAGCGCCCGTCCGTGCCGCTCGCGGGCAGGGGACGCTGGGCCGGGAGGAGTCCCAGCTCGATCCCGCGGGCGAGGGCGTCCTCGCGCCGGCGCACGCC
NZ_CP136680.1_gap23	957202	958975	1773	CTGCGGCCGACGGCACGGGCCCCGACGCGGCATCGGGCACGGACCCCGGCGCGGGCATGGACTCCGGTGCCGGCGCGGGCGCCGGCACCGTGGGCGTCGGGCCCGTCGTGCCTGCCGTGCCCGGTGCTCCCGTGCCGGACGGACCGGAGCCTCCCGCGCCCGGGTCGGCCGCTCCGGAGGAGGGCGCGTCTCCCTCCGTCCCCGCTCCCGACCCGGCGGCCCCGGAGGAGGGCGAGACGCCCCCCGGCCCCGACCCCACCGTGCCCGACGGCGAGCCCGCGCCCCGCGTGGTCGTGCTGCCGCCGGTCCTCGTCCGCGCGGCGGCCGGGGACGCGGTCTACCTCGTGCCGGTGGTCGAGGGCGTGCGCTGGTCCCTGGGCGGCGAGCCGATGGCGTGCACCGTGGTCCTGGTCGACGGGTACCGGACCGTCGAGGCGCCGCGGGACGGCGGCGTCCTGCGGGCGACGGCCGTGGCGGAGGACGGCCACGTGCTGCAGCTCCCGGACGGGCGGTCCGCCGCCGAGGCGGTCACGGAGCTGCTCCCCGTCGTCACGGCGGTGCTCCCCGCCGCACAGGAGGGCCCGGGTAGGGCGGACACGTACACCGTGCCCGACGCCGAGGGCCTCGTCGTCCGCGACGCGACCGGCGCGGTGCTCCCGCCCGGCAGCACGCACGCCGTCGAGGGGTACCTCGACCATGTGGCGCGCGTCGTCCTCACGCTCTCCCCGGCGGCGGGCCTGCGGCTCGCGGCGGAGGGCGCGGCGGAGCCGGTGCTCCCGGGGTCGGACGGGTCGCGCGCCGTCGAGCTCGTGTTCTCCGGTCTCACCGAGGTCCGGGCGCCGGCGCCCGTGGTCGTCGCCGCGCGCCCGGGCGCGGCGGCCGCGGTCGAGGTGCCGCGGGCCGACGGCGTGGAGTTCGTCCTCGACGGGCGGGTCCTCGCCCCGGGACGCCATCCCGCCCGGGGCACGGTGACCGTGACGGCGCGCGCGCTCGAGGGCTACGTCCTCGTCGGCGAGACGTCGTGGGAGCTCGTGCTCGACGGGCCGGCCGTCCCCGAGGCGCCCGCCGCCCCGCCCGCGTCGCCTGCTCCGGCCGCCCCGGCGCCCGCTGTGACACCGGACGCGTCCGCGCCGACGACGGCGGACGGGCCCGCGCTCGACCTGGCGCCGGTGGTCGGCACGGCGGACCCGTCGCGCGCCGTCGTCGTGGCCGCGAGCGGGGCGCCCGCCGCGGTGCCACCGGCCCCGCCGCGCGGGGACGCCGGGTTCGACCTGCTCACGCTGGTGCTGGGCGGGGCGCTCGTGTCCGGGGCGTGGGTGCTGCGCGCGCGCCGCGACCAGATGGCCTGACTCTGTCCACCAGGAGTCAGGGGGCCTTGCTCCGCAGCCCGGCCGGCCGGGCGCGGCACACCTCAGGCGCGCGGGCCGCCGCGGGCGGCGAGCCGCTCGGCCAGGCGCGCGAGGACGTCGCCCGTGCGCAGGCCGTCGTGCTCGAGCTCGTTCGTCACCCACGTGCGGACGTTGCCCACGCGCGCCGCCGTCTCGAGCGAGAGCCCGGCGTCGACGAACATGTCGTCGAAGTACACCGCCGCCTCGACCGGCACCTCGTTGCGCGCGAGGACGTCGAGGTCGTACAGGTCGGGCCACTCCTCGCGCGCGGCGAGCGCCTCCGCCGCCGCGCGGAACGGCCGGAGCGCGGCGATCTCCTCGAGCATCCAGGGGTAGATCATCTCGCCGGTGAGGAGCAGCGGTCGCGCCGCCGGGTCGAGGGCCG
NZ_CP136680.1_gap24	977089	979719	2630	GACGACGTCGCGCTCGTCGAGCGGCTGCTCGCCGCGACGGGCCTCGTCGTGCGCGTCGCGGAGAAGGACCAGGACGCCGTCGGCGCGCTCTCCGGCTCCGGGCCCGCGTACGTCTTCTACGTCATCGACGCGCTCGCCGAGGCGGGCGTGCTGCTCGGTCTGACGCGCGCGACGGCGCTCGAGCTCGCGACCGCGACCGTGCACGGCGCGGCCACGATGCTGCGCGAGACGGGCGAGCACCCGGCGATCGCGCGCGAGCGCGTCTCGTCGCCGGGCGGCACGACGGTCGCGGCGCTGCGCCGTCTCGACGCCGGCGGGGTGCGCGCCGCGTTCCTCGACGCGCTCGAGGCCGCGCGCGACCGCTCGGCCGAGCTCGCGGCGGCGCTCGCGGACGCCCCGGCGCCGCGCGCGGGGACCGAGGGGGCCGGGTCGTGAGCGACGGGCCGTCGCCCCGCACGCGCCCGCCCGCGATGTCGGACGTCGCGCGGCTCGCCGGCGTCTCGCACCAGACCGTGTCCCGCGTGCTCAACGACCACCCGAGCGTGCGGCCCGAGACCCGCGACCGCGTCCTCGACGCGATCGCGACGCTCGGCTACCGCCGCAACAGCGCGGCGCGCGCCCTCGTGACGATGCGCTCGGGCACGATCGGCGTGGTGACCACCGGCTCCGCGCTGTACGGGCCGACGTCGACCCTCATCGCGGTCGAGGAGGCCGCCCGCGAGCAGGGCTACTTCGTGAGCGTCGCGACGATCCGGCGCTACGACGCCGACACGATGCACCGCGTGCTCGAGCACTTCATGGACCAGGGCGTCGAGGGCATCGTCGTCATCGCGCCGCAGACGGACGTCGCGGCGGCGGTCGACTCGTTCCGCGCACCCGTCCCCGTCATCATGATCGCCGCGCGCGACCTCCCCGCGGACGGCGAGGCGACCGACGTCGTGCGCCCCGCGCCCGGTGCGCTCGGCGCGCCGGGGGCGATCCTGTCCATCGCCGTGGACCAGCGCCTGGGTGCGCGCGTCGCGACGGAGCACCTGCTCGGCCTGGGCCACCGCACGGTGCTCCACCTGTCCGGGCCGCTCGACTGGTTCGACGCGCGCGAGCGCGAGACGGGCTGGCGCGCCGCGCTCGAGGAGCACGGCGCCCCGGTGCCCGAGCCGGTGCGGGGCGACTGGTCGTCGGACCGCGGGTACGCCGTCGGGCGCGAGCTCGCGGCCGCGGTCCGCGCGGGCGACGGCCCGACGGCGGTGTTCGCGGGCAACGACCAGCTCGCGCTCGGCCTGCTGCGCGCGTTCTGGGAGCAGGGCGTGCGGGTGCCGGCGGACGTCTCGGTGGTCGGGTTCGACGACGTCGCGGGCGCCGGGCACTTCATCCCGCCGCTGACGACGGTGCGCCAGCCGTTCGGGTCCCTGGGCCGCCGGTGCATGGGGATGATGATCGACGCGCTGGCGGGCGCGACGGTCCGCCCCGTCTCGATCCCGCCCGAGCTCATGGTGCGCGAGAGCACGGGCACGCCGCGCGACTGACCGCGCGCTCGCACGGGCGAGCGCGGAGGGAGTTGGCCTCGCCGGTTGTGAGCGCTAACATTCGAAGGACACTCAACGACCGAGGCGCGACGCCGCGACGAGGAGAAGCAGCAATGGTGCAGCAGGACGAGGTCGGGCGCCGTCGGGCGGCCGTCGTGGCGGGGGACACCGCGCTCGGGATCGAGCTCGGGTCGACGCGGATCAAGGCGTGCCTCGTGGACGGTGACGGCACGCCGCTCGCGAGCGGGAGCCACGCCTGGGAGAACCGGTTCGAGGACGGCACGTGGACGTACCCGCTCGACGCCGTGGAGGCGGGGCTGCGCGAGTGCTACGCGCGCCTCGTGGCCGACGTCGAGGAGCGGTACGGCGTGCGACCCACGACGTACGGGGCGCTCGGCGTCTCCGCGATGATGCACGGCTACCTCGCGTTCGACGCCGACGGCGAGCTGCTCGTCCCGTTCCGCACGTGGCGCAACACCTCGACCGGCCCGGCCGCTGCCGAGCTCACCGAGCTGCTGGGCCACAACGTCCCGCTGCGCTGGTCGGTCGCGCACTGGTACCAGGCGATCCTCGACGCCGAGCCGCACGCGACCCGCGTCGCGTCGCTCACGACGCTCGCCGGGTACGTCCACCGGCGGCTCACGGGCCGCCACGTGCTCGGCGTCGGCGACGCGTCCGGCATGTTCCCGGTCGACCCGGCGACGCGCGACTACGACCACGCGCTCCTCGCGCTCGTCGACGAGCGCGCCGCCACCCACCGGGCCGGGCCGAAGCTCGCCGAGCTGCTGCCCGACGTGCTCGTCGCGGGGGAGGACGCCGGGCGCCTGACCGCTGCGGGCGCGGCCTGGCTCGACCCCACCGGGTCGCTGGAGCCCGGCGTCCTGCTGTGCCCGCCCGAGGGCGACGCGGGCACGGGCATGGTCGCGACGAACGCCGTCGCGCCGCGCACGGGCAACGTCAGCGCGGGCACGAGCATCTTCGCGATGGTCGTGCTCGAGGGTCCGCTCGCCGCCGTGCACCACGAGCTCGACCTCGTCACGACGCCGGCGGGCGACCTCGTCGCGATGGTCCACTGCAACAACGGCGCGAGCGAGCTCGAGGCGTGGG
NZ_CP136680.1_gap25	983930	984944	1014	CCGGTCTCGTCCCGGGCGAGGACATCAAGATCGTCACCGTCGACGCGGTCAAGGACGGCATGCAGGCTCTCGCCGACGGCAAGATCAACTTCATCGTCGAGTGCAACCCGCTCCTCGGCCCGGACCTGGCCGACATCATCAAGAAGGTCGTCGCGGGCGAGGAGGTCGAGAAGCGCATCGTCGTCAAGGACGAGTCCTTCACGCAGGAGCAGGCGATCGAGGCGCTCCCGACGCGCGAGTACTGAGCGCACCGCGCGCGCCGAGCGGGCGCCCCGGACCTCCGGGCACCCGCTCCGCACCGCCCCGGCGGGGCCGGTCGACGCCGACCGGCCCCGCCACCACGGACGGGTCGCGCGCCGGGAGAGCACGGCTCCCCGGCGCGCGGCCGACGCACCACCGCCGGCATGCCGACCCCGCCGGCGTCCTGAGGCGCCCCGGGGCCCGGCAGCCCCGCCGCCACCGCTGCACGGAAGGTCACCCATGACTACCGCCGTCCCCGACGGTCGGCCCGTCGTCGAGATGACCGGGATCTCGATCGAGTTCCCGGGCGTCAAGGCGCTCGACGGAGTCGACCTCACGCTCCGGCCCGGAGAGGTCCACGCCCTCATGGGCGAGAACGGCGCCGGCAAGTCGACGCTCATCAAGGCGCTCACCGGCGTCTACTCGATCGACTCCGGTCGCATCCTCGTCGACGGCGCCGAGCACACGTTCTCCGGCCCGGGCGAGGCCCAGGCCGCCGGTGTCTCGCCGGTGTACCAGGAGGTCAACCTCTGCGAGAACCTCTCGGTCGCCGAGAACATCATGCTCGGCCACGAGCCGCGCCGCCTGGGCGCGATCGACTGGCGGGCCACGCGCCGTCGGGCGGGGGAGATGCTCGCGCGCCTCAACCTCGACATCGACCCGGCGTCCTCGCTCTCGAGCCACTCCCTCGCCGTGCAGCAGCTCGTGGCGATCTGTCGCGCGCTCGTCGTCGAGTGCAAGGTGCTCATCCTCGACGAGCCGACGTCCAGCCTC
NZ_CP136680.1_gap26	1104200	1105250	1050	GACGCCGGGGCGGCGACCTCAGCGTCGGGGTCGGGGGCGGGACGCACGCCGACGGCGACCGCCACGAGGGCGATCCCGACGGCGACGATCACGAGCACGACCGCTCCGGGGTAGCCCGCCCGGGCGGCGGCGTTCGCGCCGTAGGCGAGCGTGCCGGCCGCGGTGAGTCCGAGCGCGAGCTGGGTGCCGCGCAGGACGCGGTGCGCGGACGCGCGACGCAGCGCGAGGTCCCACCCGGGCTCGACGCGCGGGACGGCGGGGCGGCGCGCGACCAGCCGGAGCACGCCCTCCGCGCCGGCCACGAGCAGCACGGCGCCGGCCGCGAGCCAGGCGCCGTAGAACCACCCGGGATAGGGGCTGGTCGTCGACGTGACGTCGCCCAGCACGCGCGTCACGGACCGCCCGTCCGCCCCGGCGGTGAGGCCGCCGACCGCGGTGAGCACGAGCACGAGGGCACCGAGGGCCCAGGTGAGGCGGCGCAGGCCGCGCGGCGCGACGTCGGACACCGTGCGCGGGCGCAGCGTGGCCGCCCGGACCGCCGTGCGCTGGCGCGGCCAGGTGCGCTCGCCGACGGCGTGCGCCCCGAGGAACGCCAGGCCGACGAGCGCGGGGGAGAGCCCCACGAGCACGCCCTCCGCGAGGCCGCCGACGGCGGTCGTCACGGCCTGCACGAGGACGGCGCCCACGAGCGCGGCGGCGGTCGCCGCGGCGACGCTGACGGTCGTCGCGTGCCGTCGGGCGGCGCGGCGCACCGGGTCCCCGTCCGCGAGCCCGTGCAGGGCGGGCGCCGGCTCGCGCGTCAGCGCGCGCACGACGAGCACCACGAGGGCGCCGACGCCCGCGAGTACGGCGAGGGCGACGACGCTCCACAGCAGGTCGTACGCGGCGGGGAGGAACATGTTGACCCCGCCCGGCTCCTCGGAGACGCTTTGTATCAACACATCGATACATTCCCACGGACCCGTGCGCGGGTCAAGGGGCGCCGGGCGCCGCGGGCGGACTCGATGAGAGGACTCTCATCGGGCTCTCACCCCCGTTCCACGCGCGCAC
NZ_CP136680.1_gap27	1116452	1117209	757	CGGCGCCTCTCGGGGCGCCGTCGGCGCTTCCAGAAGAAGTCTTCGAGCAGTTCGTTGAGAAAGCAGGTTCGTTCGTGTCCCAGGAGTCGCTGGACCAGACGGAGAACGTCGACCCGACGCAGCCCGAGGGTGCCCAGGACGACGTCGACGAGACCACGGACGTCCCGGCGGTCGACGGAGCCGACGAGGCCCTCGACGCCGCTGACGAGACCGACGACGACGCGACGGACGACGCCGCTGACGAGACCGACGACGCGTCGGACGACGACGAGGCCGACGAGGTCCGCCCGGCCGACGAGGACGGCGACGTCATCGAGGACCCGGTCGCGGAGTTCAAGCGCACGCTGCGCTCGCAGCCGGGCGACTGGTACGTCATCCACTCCTACGCGGGCTACGAGAACCGTGTGAAGGCCAACCTGGAGAACCGCATCCAGAGCCTGAACATGGAGGACTACATCTTCCAGATCGAGGTCCCCATGGAGGAGGTGGCCGAGATCAAGAACGCGCAGAAGAAGATCGTCCGACGCGTGCGCATCCCCGGCTACGTCCTCGTGCGCATGGACCTCACCGACGAGTCGTGGGGCGCCGTACGCCACACGCCCGGTGTCACCGGCTTCGTCGGGCACACCCACCAGCCGGTGCCGCTGACGCTCGACGAGGTCTTCTCGATGCTCGCGCCGATGCTCACCCCCGCCCCGGAGGCCGGCAAGCCCGCGCAGGCCGCGGCGAAGGCTCCCGTCGAGGTCGACTTCACGGT
NZ_CP136680.1_gap28	1292955	1296217	3262	TCGTCGGCCTGCTGCTCTTCATGTTCTCCGGCCAGGGCGGGTTCGTGCTCACCGCCGTCGGGATCGGCGCCGGGTTCGGCCTGCTCTTCTCGGTGCTGTCGTACGCGCTGACGCAGGGCAAGCGCGACTTCACGTCGCAGAGCCAGATCGTCGCCTCGTCCTACGGCATCCTCTGCGCGCCCGAGCGCGCGGGCGAGGCACGCCAGCTCCTGGGCCGCATGCCCGAGGGCGCGGGCGGCGTCCGCGCGCCCGCCGCGCCGGCCAACCCCGGCTGGGGCACCCCCGGCACCACGCCCCCCGCCCCGGCCCCGGAGCCCTCGGCGGGCGTCCCCGCCGCGGCCCCTCCGGCCGCGCCCCCGGCCCGCACGCCCGACCCGCGCTGGACGACGCCGACCGGCGAGCCGCGCTACGGCGCCATGCGCCCGACGTCGGACCAGCCGACCGACGCGCCGGCACCCGACGCGGGCCCCGGGTCGGCGCCCGCCCCCGGCACGCACCCGGACCAGCCCGAGCGCCCTGCCTGACCGAGCAGGCGTCCCCGGACCGGTGGGACGACGAAGGCCGGCCGTCGGACGTCGTCGTCCGTCGGCCGGCCCTCGGCGGAAGCGCCGCTAGCGCTTCCGCGACTTCACCGCGGTCTCGGCAGCCCTCTCGCGCTTCTGGGCGCGCTTCTCCTTGATGGACATCGACGCTTCCTTCTTGATGCTCTTCGCCACGTGAGTTCACCTCCCCTCACCGGTGGATGAACGGGCCACCATAGCCCAGTTCCTCCGCCGGTGAGCCGGGCCCGCTCAGCCGCGCAGCCGCGCCATCCAGGCCTCGACGTCCTCGGGCCGACGGGGCAGCGCGGCCGACAGGTTCTCGTTGCCGTCGGCGGTGACGAGGACGTCGTCCTCGATGCGGACGCCGATGCCGCGGTACTCCGCCGGGACGGCCAGGTCGTCCGCCTTGAAGTACAGGCCCGGCTCGATCGTGAAGACCATGCCCGGCTCGAGCACCCCGTCGAGGTAGAGCTCGCGCCGCGCCTGCGCGCAGTCGTGCACGTCGAGGCCGAGGTGGTGGCTCGTGCCGTGCACCATCCAGCGGCGGTGCTGCTGCCCCTCGGGCGAGAGCGACTCGGCGGCGCTCACCGGGAGCAGACCCCACTCCTCGAGGCGCGCGGCGATGACCTCCATCGCGGCGGCGTGCACGTCGCGGAAGCGCGCGCCCGGCACCGCGACGGCGAACGCGGCGTCCGCGGCGTCGAGCACGGCCTGGTACACGCGGCGCTGGACGTCGGTGAACTCGCCGTCGACGGGCAGCGTGCGCGTCACGTCGGCCGTGTAGAGCGAGTCGACCTCGACGCCCGCGTCGAGCAGCACGAGCTCGCCGGTCCGCACGACGCCGTCGTTGCGGATCCAGTGCAGCGTCGTCGCGTGCTCGCCGGCTGCGGCGATCGTCTCGTAGCCGACCGTGTTGCCCTCGAGGCGCGCGTGGGCGTCGAACGTCGTCTCGATGACGCGCTCGCCGCGACGGTGCCCGAGGGCGCGCGGCAGGCTCCGCACGACCTCCTCGAAGCCCGCGATCGTCGCCGCGACGGCCTCGCGCATCTGCTCGACCTCGTGCGCGTCCTTGACCAGGCGCAGCTCGGAGACCGCCTCGACGAGCGCGGCGTCCGTGCGGCGGTACGCGGCCTCGGCGCGCGCGAGCCACTCGGCCTCGCTGAGCTGCTGGTCCTCGGCGGCCTCGTCGACGCCCGCCTCCGCGCGGATCGCCTCGACGAGCGCCTCGACGGCCTCGTCCGCGCCCGCGACGACGAGGAGCGTCACCCCGCCGGCGCCGACGTCCTTCGCGAGCGCGTCACGCAGCTCGTCGACGTGCCGCGCCTCCACGCCGGTCGCGGTCGTGACGTCGTCGAGGGACGGACGCGCGCCGACCCAGAACTCGCCGTACCGCGCGTCCGCGTAGAACTCCTCGGTGTCGCGCGCCGCGAGCGGGCGGACGTAGAGCACGGCGTGGTGGTCGGACCCGGCGTCCCCGGTGCCCGGCTCCACGGGGTGCAGCACGAGCACCGCGTCGGGCTCCTGGTCCGTGCCGTAGCCGGTGAGGTGCGCGAACGCCGAGTGCGGGCGGAAGCGGTAGTCCGTGTCGTTCGACCGCGTCTTGAGGGGGCCGGCGGGCACGACGAGGCGCGCGCCCGGGAACCGGGCCGACAGCGCTGCGCGGCGCGCGACGGTGAACGGGGCGGCCGGCAGCGGCTCGACGTCGAGCGCGGCGCGCGGCACCCAGCCGCTCGTGATGAAGGCCTTGAACGCGTCGGAGTCCGGGCGCTGGGAGCGGTTGCTCCCGCGCGCGGCCAGGTCCTGGGCCTCGCCGGGACCGGCGTGCTCGGTGGTCTGGTCGGGCGTCTCGGACGGGGGCGCGGGCGTGACGGGGGTGGCGTCGGTCATGCCCCCAGTCTCGCACCGCGCACGCGGCCGAAGTCCGCGAGCGCGCGCCCGAGCACGCGGTTGAAGGCCTCGGGGGCCTCGCTGTTGACGTCGTGGCCGGCGCGCGGCACGACGACGAGCGCCGCGTCCGCGGCCGCCGCGAGGTAGCGCTGCTCGTCGAGGCGCATGTGGTCGCGCGCGCCGTTGACGAGCCACACGGGGACGTCGACGTCGCGCACGTGGGCGAGCCACGACCGGCCCGCGAGCTGGGTGAGCGCGTCGGTGACGACGTGCCAGCCGGGCGCGACCGGCGTCGGCGGCCCGGCGTCGGCCGGCCCGGCCAGCGCGTACGACGACGCGGCACCGCCCGGCAGGCCGCGGCCGCCGCGGGCGATCGTGCCCCACGCGGTCGCGGTCGTGCGCGCGGCCCAGCGCGCGCCGCGACCGACGGCGCCGCCCCCGGCGACGACGAGGCGCGCGACGTCGCGGTACAGCGCGACGGGCTTGCCCTTGGGGTCGGACGTGCACGCCGCAGCGACCACGCCCGCGAGGTTCGCGGGGCGTCGGGCCGCCCAGGCGAGCGACGTGTAGCCGCCGAGCGAGAGGCCGACGAGCGCGACCCGGCGGTCGGGGCCGAACGACGCGGCCGCCTCGTCGAGCACCTCGAAGGAGCGGTCGAGCGTGAAGCGCTCGTGCGCTCGGGCGCCGTGCGCGGGCAGGTCGACCGCGACGGCGTCGTGGCCGAGGGCGCGCACGTGCTCGACCTGGTGGTCCCAGATCGCGCCCGAGGTGCGCATGCCGTGGACGAAGACCACCGCGGGCGGGGCCTGCGCGGGGTCGGGGGACGCCGGCGT
NZ_CP136680.1_gap29	1297810	1301287	3477	TGCTCGCGGCGATCGCCGTGCAGCTCGTCGCCGACGCCGTGATCGAGTTCGTCCAGACCGCCTGACCGCGTCCCGCCGTCGGAGGCGACCGGCGTCCGGGGGCGGGTTCCCGGACGCCGGTCGCGTGCGCGACCGTGACCCGCTCGTCAGGGCCAGTACGCGTCGAAGCTCCGGGAGAACTCCCCGCCGTTGAAGCGGTCCCAGTTGATCGACCACGTCATGAGGCCGCGCAGCCCCGGCCAGCGCCCGTGGGTCCGGTACGACCCGCAGCCCGTGCCCTTCGTGAGGCAGTCCAGGGCCTGGGCGACCTGCGCGGGCGGGGTGTGGCCGTTGCCCGCCTGCGTGCTGGCCGGGAGGCCGATCGCGACCTGCTCGGGGCGCAGCGGGGGGAACATCCGCGTCGTGTCGCGCGCGACCGGGAAGCCGGTGAGCAGCATGTCCGTCAGCGCGACGTGGAAGTCCGCGCCGCCCATCGAGTGGTACTGGTCGTCGAGCCCCATGATCGGCCCCGAGTTGTAGTGCTGGACGTGGAGCAGCGTCAGGTCGTCGCGCAGGGCGTGGATCACCGGCAGGTAGGCGCCGCAGCGCGGGTCCTGGCCGCCCCACGGGCCGGAGCCGTAGAACTGGTAGCCGTTCTGGACGAAGAAGGTCTCCGGCGCCATCGTCAGCACGAAGTCGTCGCCGTACCGCGCCGTGAGCGTCTTGAGCGCGGAGACGAGGTTGACGATCACGGGGGTGGTCGGGGAGCGGAAGTCCGTGTCTCCCGGGTTCAGGTACAGCGAGTGCCCCTCGAAGTCGATGTCGACCCCGTCCAGCCCGTAGGTGTCGATGATCGAGCTCACGGAGGCGACGAACGCGTCCCGCGCGGCGGTCGTCGTGAGCTGGACCTGACCGTTCTGCCCGCCGATCGACAGGAGCACCTTCTTCCCGGCCGCGCGGTTGGCGGCGACGGCGGCCTTGAACTCCGCGACCGACTCCACGTTCGGGCACTCTGCCCGCGGGCAGAGGCTGAACCGGATGTCGCCGGACGTGACGCTCGTCGGCTCGCCGAACGCGAGGTTGATGACGTCCCACGAGTCCGGGACGTCCGCCATCCGGACGTAGCCCGAGCCGTTGGCGAACGACGTGTGCAGGTAGCCGACGAGCGCGTGCGCCGGCAGCCCGGCGCCGGGTCCGCCCCCGGTGCCGCCGGTCGCCGTGGTGACGGCGCCGGCGGCGGAGCGGGGCGACTCGCCCGCGCCGTTGGTCGCGGTGACCTGGAAGGAGTAGGCGGTGGCGGCGGTGAGCCCGGAGACGGTGGTGGACGGGGCCGTGGTCGTGGCGACGCGGGTGCCGTCGCGGTAGACGGCGTAGCCGGTGGCGCCGGCGACGGCGCCCCAGGTGAGGGGCACGCTGGTGGCGGTGGGCGTCCCGGCGGTGAGGCCGGTGGGGGTCGCGGGCGGCTGCGCCGTGCCGCCGCCCGGGCCCACGAGACTGACGTCGTCGACGACGTAGGCCGGCTGGCCGTACCAGCCGTGCACGAAGACGGTCGCGGACGTCGCCGTCGCGGTCGTCGTGAAGGTCACGCTGAGCCGCTGCCAGGTCGCGGCCGAGGGCGTCCAGGTGGTGACGTCCTGCGCCGTCGCGCCGCTCGCCCCGAGGTACGCGTAGGAGCCCTGGACCCACGCGCTGAGCGTGTAGGTCGACGAGGGTCGAACGGCGACGGTCTGCGAGCAGCGCGCGGTGTCGGTCCCGGCGGGCGTGCCCCGGAGCGCCCCGCTGCCGGTGCGGACCGGGCTCGTGACCTGCTGCCCCGTGGAGCCGGAGCACGTCCACCCGGACAGTCCGGACTCGAACCCGCCGTTGACGGCGAGCTCGGTGTCCGCGGCCGCGGCGGTCGTCGTGCCGGTGAGGAGTGTCCCGACGAGCGTGGCGGAGGCGACCAGGGCGAGGAGGCTGCGCAGTCGTCGTCGGCGTCGTGACGGGGTGGGGTCCATGGTGGTCTCGCTTTCGTCGTCGAAGGAGCGGTCCTGTCGCAAGGTCCTCGCGGTTGCGCGCGCTGGTCAACCCCCGTACGCGGGACCCCGTACGCCCGTCTCACCACCGAGCCAAACAGGGGATGTTAGGTTCTTTCGGTGAACCAGCCGATCAGTCCTCCCCGCAAGGTGTCGGAGCTCGTCGTCGAACGGCTCATGCAGCGCGTCGAGCGCGGGGAGTGGCCCGTCGGCACCCGCATCCCGCCCGAGCCCGAGCTCGTCGCCGAGCTCGGCGTCGGGCGCAACACGGTGCGCGAGGCCGTGCGCGCGCTCGAGCACGCCGGGATCCTCGAGCCGCGCCGCGGCGACGGCACCTACGTGCGCGCGGCCGACGGGCTCGACGCCGCACTGACCCGGCGGGCCCGGACCACGGACGCGCTCCACGTGCTCGAGGTGCGCGAGATCCTCGAGCGCGGTGCGGCGCGCGCCGCTGCCGGGCGGGCCGACGCCGTCGCCCTCCGCCGCCTCGACGCGGCCCTCGCCGCCCAGGTCGCGGCACGCGACGGGGACGAGCAGGCCTTCCAGGCCGCCGACGTCGCCTTCCACGGCGAGGTCGTGCGCGCCGGGGGCAACCCCCTGCTCGCCGACCTCTACGGAGGCCTCGACCACGCGCTCGTCCGTACGCTCCCGTCCGGCGGGCAGCGTCGGCACCACCGCGACGTCCCCGGTCACGAGGAGGTCGTCGCGGCGATCCGGGCGGCCGACGCCGACGCGGCCGAGGCCGCCGTCGTCGCGACGATCGACGCCGTGCGGGCGCAGCTCGTCGAGGCCGCCGCGGACCGTCCTGGTCGCGCCGACGCCGACGCCGACGAGGTCGAGGCGTGAGCGGGCTGCGCCGTCCGCTGGGGCTGGCCGCCGTCGTCGCGATCGTCCTCGCGGCGCTCAACCTCCGGCCGGCCGTCGTCGCGATCTCGCCCGTGCTCGGCGAGATCCGCACGGACCTGGGCCTCAGCGCGACGGCGGCGGGCGTGCTCACGACGCTTCCTGTCCTCTGCTTCGGGCTCCTCGCGCCGCTCGCGCCCGTGCTCGCGCGGCGCTGGGGGCTCGAGCGCGCGCTCTTCGTGAGCCTCGTCCTGCTGTGCGTCGGCTTCGCGCTGCGCCTCGTGCCCTCGACCGCCGGGCTGTTCGCCGGGACGGTCGTCGCCGGGTGCGCGATCGGGCTCGGGAACGTGCTGCTGCCCGCGCTCATCAAGCGCGACTTCGCCGACCGCATCGGTCTCATGACCGGCCTGTACTCCATGGCGCTCTCCGGCGGGGCGGCGCTCGCGGCGGGCCTGACCCTGCCGGTCGCGTCGGCGGCCGGTCTCGACTGGCGCGGCGCGCTCGCGACCTGGGGCGTCCTCGCCGTGCTCGGGGCGCTCGTGTGGGTGCCGCGCGCGCTGCGGCCCGACCCCGCCGGCACGGTGGCGTTCGGACCCGGCGCGGGGCCGGCCGCCGCGCGGTCGGCGGTGTGGCGCAGCCC
NZ_CP136680.1_gap30	1319808	1324680	4872	ACTCCCGCACCCACCAACCTCCGGACCCGGACCGGGTCCGCGGCTCCGTGCTCGACCACGACGACGACGTCGGGCGCGGGTGCCCGTGCCTCCTCCGGCGCGACCGGGGTCGAGGCCGTCACGACGCCCGGAGCGACCTCCTCGACGATCCGCCGCACCGCGCCCTCGCGCGGTGACCCGACGTCCCGCAGCCGGTACGCCCCGCCGCCGACGTCCGTCGCGAGCACCGTGCCCGGGTCGTCGAGCACGAGCACGCCCACCCCCGCGGTCGCGAGGTGGACGGCGAGCGCGGCACCCACCCGGCCGAGCCCGACGATCCCCACCGTCGCCCGGGCGCGCGCCGCGAGGACGCGGTGCCCCGCGCCGTCGGGCAGCAGGGCCGACAGCACCGCGAGGTCCGCCGCGCCGTGGCCCGGGGCGGGCGACGCCGGCCGGCGCCGGCGCGCCGCCACGAGGAGGTGCGCCTCGTCGAGCAGGCGGACGAGCGCGGCGCGGCGCGTGCGCTGCGCGGGGGAGCCCGGGACGTCGGGCGTGTCGCCGCGCCGCGCGGGCCCGGCGAGCGCCCGCAGCCAGCGCTCCTCGTCGGCGTCGAGCCCGGTGAGCCGCACCGACCACCGGGGGTCGGAGCCGACCTGCACCTCGCCGGGTCCCCGCCGCAGGAGCGGCGCCTCCGGTCGCAGCACGCGTCGTCGCTGCACGGCTCCTCCGTCCGTCGTCGTCCGGGCGCCCGGCCGGCCGCCCGCCGTCAGCCTGGCACGGCCCCGAGGCGCGCCGACGGTTGTCCACAGGCTCTACGCGATGGTCCCGCGGGGAGGGTTTCTTTGCCGTCGCCACAGGTCTCCACGTCGTCCGCTCGACCGAACGTCGCGGAAGAGCGCGCCGCTCCGGGCGCGCCCCTGCCATTTCGTGGCGAGAACCACTACGGTCTGAGGCGTGGTCCGGGAGACGATCGTGGAGGTTCGGCGCAGCCGCCGACGCAAGAGCACGGTGAGCGCCTACCGCGACGGCGAGCGCACGATCGTCGCGATCCCGGCGCGGTTCACGCGCGCGCAGGAGCGCGAGTGGGTCCAGCGCATGCTCGACCGCCTCGCCGACTCCGAGCGTCGGCGGCGGCCGTCGGACGCCGAGCTGGCGCGCCGCGCCGTCGAGCTGTCCGACAAGTACCTGGACGGCCGCGCCCGCCCCACGAGCGTGCGGTGGGCGGGGAACCAGGACCGCCGCTGGGGGTCGTGCACGCTCATCGACGGCACGATCCGCATCTCGACGCGCGTCCGGGGGATGCCGTCCTGGGTGCTCGACTACGTGCTCCTGCACGAGCTCGCGCACCTGCTCCACGCCGGCCACGGCCCGGGGTTCTGGAAGCTCCTCGAGGCCTACCCGCGTACCGAGCGGGCACGGGGGTTCCTGGAGGGCGTGTCGTTCTCGCGCGACGCGGACCTCGAGCCGGACGACGCGGACGTCGAGCCGGACGACGTCGAGGCGGGGGACGGCGCCGCGGGAACCGCGGCACCGCCCGCGGGCGCCGAGGACTGACCCGGTCAGGTCAGCGCGGCGCGCCGCCCTGGCCGGTCGCGTCGCCCGTCCCGCCGTCGTCCGTCGGCCCGGCCGCGTCCGGGTCGTCCGCGGGCGCGTCGTCCGGGGTGTCGTCGTGCGAGCCGTCGGCCGTCTCCGCCGCCGGGTCGGCGGCGGGTGATCCCTCCGCGGCGCGGAAGATCTCCTCGAGCGCGCGGTCGACGTCGGCCTCCTCCGCGCGCGTCGCGGCGCGCCGGCCCTCGTAGCCGGACGGGTCGTCGAGGTCGGTCCCGTCGGGGAGCAGGTCGGGGTGGTCCCACACCGCGTCGCGCGCACCCGCGCCAGACTGCGCCGCGATGAGCGCCCACAGGGCGGCCGCGTCGCGCGAGCGCCGGGGGCGCAGCTCGAGCCCGACGAGCGTCGCGAACGTGTGCTCCGCGGGCCCGCCCGCCGCACGACGACGGCGCAGCATCTCGCGCAGCGGGACGGCGTGGGGCAGGTGGGGGAGCGCCGCGACGGCGGTCACCTCGTCGACCCAGCCCTCGACGAGCGCGAGCGTCGTCTCGAGGCGCGCCAGGGTCGCCTGCTGCTCGGGCGTGTTCTGCAGGCCGAAGACGCCGCCCGACAGCGCGCGCTGGAGCGCGTCCGTGTCCGCGAGGTCGACGTCGGCGAGCTGGGACTCGAGCGCGGAGAGGTCGATGGTGATGCCGCGCGCGTAGGCGTCGACGAGCCCGCGCAGGTGCCCGCGCAGCCACGAGACGTGCGTGAACAGGCGGGCGTGGGCGGCTTCGCGCAGGGCGAGGAAGAGGCGGACCTCCTCCGCGGGGGCGTCGAGGCCCTCGGCGAACGCCGCGACGTTCGTGGGCAGGAGGACCGTCGCGGGCCGGTCGAGCAGCGGCAGCCCGACGTCGGTCGCGCCGAAGACCTCGCGCGAGAGCGTCCCGGCTGCCTGGCCCACCTGCATGCCGAACACCGCGGAGCCGAGGCGTCGCATGAGCGCGGCCGGGTCGCCCGCGGGCAGCCCGAGCGCACCGGCCGGCAGGCCGGGCAGCGTGAACCCCACGCCCGGCAGGGCGGAGGTGTCGTCCCCCATGCCTTCGGGGAGCTGGTCGCGCAGGACCGTGGCGAGCGCGTCCGCGACGGACGCGGCGACCGGGGCGACGAGCTCGTTCCACGCGGGGAGCGTGTGCTCGACCCACTCGGACCGGCTCCACGCCTGGCTCTTCCCGCCCGACGGCGGCAGGTCTGTGACGGCGTCGAGCCAGAGCTCGGCGACCGACAGCGCCTCGGTGACGGCGCGCTGCTGCGCCGGCGAGATCGACGGGTCGCCCTCGGCGACGGCGACCTGGCGCGCGACGTCGTGCGAGACGTCCGTGTTGACCGGGCCGTCGCTCGGCGTCGACAGCATGCGCTGCACCTGCGCGAGGACGTGCTGGAAGAGCTGCGGGTCGGCCGCGCCGCCCGCGGCGAGCGCCTGCGGGTCGAGCCCGCGGGCACGCAGCTCGCGCAGCGCCTCGTCGGCGTCGGGCCCGAGCATCGAGCGGAGCAGCTCCTCGAACCGCGGGTCGAAGGGCGTGTCGTCGTCCGGTCCGGGCGTGCGGTCGGGGGGAAGGCTGCTCATGGCGACTCCTCACGGTAGCGTCGGTGATCACCGTAACCACGATCGAGCGCCGAGAACGGGGGCTGGGCCATGTCCGAGGGCCGGGTTCGCTCACGGCGCAGCGAGGCGCTCCCCGCGGCGGGCGAGCCCCCGGCCGGTCCGGGGGAGGACCCCACGGCGAGCGGGGTGACCGCCCCGGCGGACGAGGTCGCCGACCCTCACCCGGTGGTGGTCGTCGGCGTCGGGCAGGTCGCGGACGCGGTGCGCGCGGGCCTGGGCGCCGCCGAGGCGTCGCCCGTGGACGCGCTCGTCTGGCCCGCCGGGGCGCGACGGCTCGTCGTGGTCGCGCCCGCGGGGGAGTTCGGGACGCCGCGCGCCCGGACGGACGCCGAGCAGCGCGCGCGCCTCGCGCTCCTGGGCCGGCGCGCGGGGGAGGCGGCGGTCGCGGCGGGGATCGAGCACGTCGTCGCCGTGTCGTCGGCCGCGGTGCACGGCGCGTCGCCCGAGCGGGGCGTCATCGACGACGACGACCCCGTGGCCGCCGACGACGGGCCCGGCTTCGCGGGCGACCTCGTCGCGTTCGAGGACGCGCTGCGCGACGCGCTCGACGGGGTGCCGCTCGCGCTCGTGCGGCCGGCGGTCGTCGTCGGGCCGGGCGTGGACACCGTGCTCACGCGGCACTTCGAGGCCCCGCGCCTGCTCACGGTGCGCGGCGGCGGCCGCACGTGGCAGCTCGTGCACGTCGACGACGTGGTGGGCGCGGTGCGCGTCGCGCTGGACCAGGGTCTCGTCGGCGGTCTGACGGCCGGGCCGGTGCGCGACGGCGAGCCCGACGCGCTCGACTCGGAGACGGTGGCCGCGGCGGCCGGGATGCGCACGGTGCAGCTCCCGCCCGCGACGGCGTTCGGCACCGCCGAGCGGCTGCACCGGGTCGGCGCGCTCCCGTCCCCGGCGAACGACCTCGCGTTCGTCGTGCACCCGTGGTCGGTCTCGGCGCGGCGCCTGTACGACGCCGGGTGGCGCCCGGAGTGGTCGGGCGCCGCGGCGCTCGAGGTGCTCCTGGCCGAGGTGCGCGGCCGCACGGGCGTCGGGGGCCGTCGGTTCGGCGGCCGGGACGCCGCGGCGCTCGGCGCAGCCGGGGCGGCCGTCGCAGTCCTGGGCACGGCCGCCGTCTGGCGGCAGGCCCGCTCGCGCCGCCCTTAGGGGCGGCTCCCGGGCGGCGTCCACGCCGTCGGCAGGGAGATCCCAGCAACCTCGGGGATGATGTCCCGGTGAGCGACGCCCCCTCCTTCGACGCCCTCCTCACCGAGGACGAGCACGACCCGCCGCCCGTGACCCGGCGGTCGCTGACGTTCGGCATCTCCCTGCTCGCGACGACGTTGCTCGTCGCGGGCCTCGCGATCCTGCCCGCGCCGTACGCGGTGCGGTCGCCGGGCCCGACGGAGGACACGCTCGGCCAGCAGGACGGCACGCCCCTCATCTCGATCACGGGCGCCGAGACGTACGACTCGACGGGCGAGCTGCTCCTGACGACCGTGTCCGTCGCCGGCGGCCCGGGCTACCCGGTGAACCTCGGCCAGGTGGTGCAGGGCTGGTTCGACCGGTCGCGCAGCGTGCGCCCGGTCGAGGAGGTCTTCCCGACGGGCCGCACCAAGGAGGAGACCGAGCAGCAGGGCCAGGCGGAGATGATCAGCTCGCAGGAGAACGCGACGGTCGCCGCCCTCACCGAGCTGGGGTACGACGTGCCCGCGACGCTCACG
NZ_CP136680.1_gap31	1343648	1348418	4770	CACCTTCGATCTCACGGGCGCGACGCTCTACTCGAGCTGCGAGCCGTGCCCCATGTGCCTCGCGTCCGCCCTCTGGGCGCGCGTGCACGCCGTCCACTACGCCGCCGACCGGTACGACGCCGCGCGCGCCGGCTTCGACGACGCCGCCTTCTACGACTTCTTCGACGCCGACCCGGCCGACCGGGTCATGCAGGTCGTGCACGAGCGCACGGCCACCGCCACCGCGCCGTTCGACGCCTGGCGCGCCCTCGAGTCCCGGGTCGAGTACTGACCGGCCGCGCGGCCGGTCAGTACCTCAGGAAAGGGCACAAGGACGTGACTCTCCTCGGCATGCGGCGGGAGACCGCCGGGAACGACGACGCACGCGGCACCGGACCGGCCCCCGGCCGGCTCGACCGCTTCTTCCGGATCACCGAGCGCGGCTCGACCGCCGGGCGCGAGCTCCGCGGCGGGCTGGTGACCTTCTTCGCGATGGCGTACATCGTCATCCTCAACCCCCTCATCCTCGGCGGGACGAGCGCCGAGAACGCGCCCGTCGACGTCGCGGGCGGGTGGCTCCAGACGGCGCAGGTCGGCGCGATGACCGGCCTCGCCGCCGGCGGCCTGACCATCCTGTTCGGGCTCGTCGCGAACCTCCCGTTCGCGCTCGCTGCCGGGCTGGGCATCAACTCGTTCCTCGCGGTCGCCGTGATCGGCGACGTGACGTGGCCCGAGGCGATGGGGCTCGTGCTCGTCAACGGCCTGCTCATCGTGCTGCTCGCCGTGACGGGCGCGCGGTCGGCGATCTTCAACGCCGTCCCGCGCCAGCTCAAGGCCGCGATCACGGTCGGCATCGGCCTGTTCATCGCGTTCATCGGGTTCGTCGACGCGGGGTTCGTCACGCGCACCCCGGGCGGGCCGCCGGTCCAGCTCGGCGACGGCGGGTCGATCACCTCGGTCCCGACGCTCGTGTTCGTCGTCGGGCTGCTCACCATGGGCGTCCTCGTGGCGCGCAAGGTCAAGGGCGGGCTGCTCATCGGGCTCGTCGTGACGACCGTCGTCGCGATCGTCGCCGAGTCCGTGCTGCACCTCGGCCCGGCGTCGGAGACGAACCCCGGCGGCTGGCACCTCACCGTGCCGGCGATGCCGAGCTCGCTCGTCTCGGTGCCCGACCTCAGCCTGTTCGGGCAGCTCTCGTTCGGCGCGTTCGACCGGATCGGGGCGCTCGCGGCGACGATGCTCGTGTTCACGCTGTTCTTCACGAACTTCTTCGATGCGATGGGCACGATGACGGGGCTCGCCAAGCAGGGCGGCCTCGCCGACGCGGACGGCAACTTCCCGCGCATCAAGTCGGCGCTCGTCGTCGAGGGCGTGGGGGCGGTCGTGGGCGGCGCGACGTCGTCGTCGTCGAACACGGTGTTCGTCGACTCCGCGGCGGGCGTGGGCGAGGGGGCGCGGACGGGCCTCGCCTCGGTCGTCACGGGCGGCCTCTTCCTCGTCGCGATGTTCCTCACGCCGCTCACGGCGGTGGTGCCGATCGAGGTCGCGAGCGCGGTGCTCGTCGTCGTGGGCGCGATGATGATGGGCCAGATCAAGGAGATCGACCTCACCGACTTCACGGTGACGCTGCCGGTGTTCCTCACGATCGTGACGATGCCGCTCACGTACTCGATCGCGAACGGCATCGGCATCGGGTTCGTCACGTGGGTCCTGCTGCGGACCGCGTGCGGGAGGGCGCGCGACGTCCACCCGCTGCTGTGGGTGGTCGCGGCCGGGTTCGTCGTGTACTTCGTGCGCGGTCCGCTCACCGCGGCCGTGGGAGGCTGAGCCTCGACATCGACCGCACGGCCGACGGGTCGCCCGCTCCTGGGGGGTGGCCCGTCGGCGTGCGGGGAGCGGGAAGGGCGAGGCATGGCAAGAACAGCACGGGTGAGCGTCGACGAGCACCGCGCGGACGTCGCGGCCCTCCTCGCACCCCTCGTGGACGCGGCCCGACGCCGCACCCGCACCGAGGACGTCGACCTCGCCGACGCGCTGGGCCGGGTCCTCGCGGGCGACCTCGTCGCGCCCGTCGCCGTCCCGCTGTTCCGCAACGCGCAGATGGACGGGTACGCCGTCCGCGCCGCGGACGTCGCCGACGCGCGGGCGGACGCGCCCGTCCGGCTGGTCGTGGTCGCCGAGATCGCGGCGGCGCCGGGCGCCCCGCCCCGGCTCGCGCCGGGCACGGCTGCCCGCATCATGACGGGCGCGCCCGTGCCCGAGGGGGCGGACGCCGTCGTGCCCGTCGAGGACACCGCCACCGGGACGTTCGCCCGCACGCCCGCGGGCACGGCGCGCGCGGGCGTCACCGACCCGGCGGCCGGACAGGCCTCCACGACGCCGACCGACCCGGAGCCCGTCGAGGTCCGGGTGCCGCGGGCGGCGGGCGACTTCGTGCGCGAGGCGGGCTCCGACGTCCGCCCGGGCGACGTCCTGCTGACCGACGGGACCGTCCTCGCGCCGCACCACCTCGCGGCCGCCGCGGCGTGCGGGGTCGGGCGCGTCCGGGTCGTCGCGCGGCCGCGGGTCGCGGTCCTGTCGACGGGGTCGGAGCTCGTCGGCCCGGAGGAGGCCCCGGGGCCCGGGCAGGTCTTCGACGCCAACGCCGACGCGCTCGGCGCCGCCGTGCGGCGCGCGGGGGGCGACGTGGTGCTCACGGCCCGGTGCGGCGACGACGCCGAGCGGTTCGTCGCCGTGCTCGCCGAGGCTGCTGCGGTCGCGGACCTCGTCGTGACGTCGGGAGGCGTGTCGCAGGGCGCGTACGAGGTGGTCAAGGACGTCCTCGGCGGCGGTGCGTCGTCGGACGTGACGTTTCGCTCCGTCGCGATGCAGCCGGGCGGGCCGCAGGGGTTCGGCGCCGTGGACGGAACGCCCGTGCTCACCTTCCCGGGCAACCCGGTGAGCGCGCAGGTGTCGTTCGCGATGTTCCTGCGCGAGCCGCTCGAGAGGGCCGCCGGGCTGCCCGGCGCTGAGCGCGTGCGCACGGCGGTCCTCGCCGAGCCGCTGACGTCGCCCGCGGGCAAGCGGCAGCTCCTGCGGGGCGCGACGGGTCCGGGGGGCACGGTGCGCGTCGTCGGGGGAGCGGGCTCCCACCTCGTCGCGTCGATGGCGCGCGCGGACGTGCTCGTGGACGTCCCTGCCGACGTGACAGAGTGGGACGCCGGGACCGAGGTGGAGGTGCGGGAGCTGTGACGCAGGACTCGGACGGCGGCGCGCCGCCCACGGACCCCAGCCGTGTGACGACGGACGTGCTCGACGACGCCGTGTCGCGCGCCGTCGAGGAGGCCGTCGGGGGGCCCGAGTGCGGGGCGGTCGTGACGTTCCGCGGCGTGGTGCGCGACGTCGACGGCGGTCGGGGCGTGACGCGGCTCGACTACGAGGCGCACCCCGACGCCACGGCCGTGATCCGGCGCTGCGTCGCGGACGTGGCGACCGAGACGGGGCTGCGGGTCGCCGCGGTCCACCGGTACGGCAGCCTGGGGATCGGCGACGTCGCGCTCGTCGCGGCGGCCGCCGCGGGCCACCGCCGGGAGGCGTTCGAGGCCTGCTCGCTGCTCGTCGAGCGCATCAAGGCCGAGGTGCCGATCTGGAAGCGCCAGCACTTCGACGACGGCGTCTCGGAGTGGGTCGGGCTGTAGGACCACGCACCGGACCGCCGGCCGGACGACGAGAGGCGAGAAGTGGCCCCCGGCCGGAGCCGGGGAGGGGCCACTTCTCGCCTCTCGTGAGTTCCTTCTGATCCGCCGGGCGACGACGATGTCGGGCGGGGACCCGGCCGTGCGGGCCGGGAGGGGGGAGGGTCGGGTCAGCGCTCGGCGGGGCGGTTGTCGAGCAGCATGCCGATGCCGAGGCCGACGGCGGTGCCGAGGACGAGACCGAACCAGCTGAGCACGACGACCCCGACGACGGCGCCGACGGCCGCGCCCAGGACGCTCTTGGTGCCGGCCTTCCAGGAGCCGGACCGCTCGTCGGTGCGGTAGATCGGGAGCGCGGACGCGCTGTTGTCCGGGGTCGTCGAGGACGGGCCGGAGATCGAGGAGGAGGGGCGGTTGGTGGGTGCGGGAGAGATCGTCGTCACGAGATCCATGGTAGGAAGAGACGGCGGCTCTGACCTGGGCTGATGCACCGAGGTGACCGGCTTCACCCTATGATCTGCGCCACCGCTGCCGGTGGGCGACGGTGCCTGCGCGCGTGGAGCGAGGGCTGGTCAGGAGGAGGGTGCCGTGGGCAGCTCGCGGGAGACGTCTCCCGAGCTCGCGGCGCTCGCCGCACGAACAGGCGTCGGCCCGCCCGGGCCGGACGAGGACGAGCACTGGCGCTGGTGGGTGTACTCGAGCGCGGTCGAGGACCCGACCACGTGGAGCGCCCTCTTCCGGCTGGTCTCCGAGGAGCCCGATCCTCACGTGGCGGAGTCCGTCGTCCTCCTGATGGTCGAACGTGTCGACCCGACGGCTGCGACGGAGTGGGTCGACCTCCTGCCGGCGGAGCACCAGGGCCTTCCGCGGGCGCGCCTGCGGGACGTCGTGCTTCGCGACCGAGTGCTCGCAGGGCACGACCTCGCGGTCGACGACGTCACGGGATGGACACGCTGGCTCCAGCGTGAGGTCGCAGGGTCGTCGGAGTCTCAGGAGGTGCTGTCGGTGCTCGAAGCGTCGGGCGCGACGAGGCGGATCCGTGGACTGGCACGCGAGCGGATGATCGCGCTGCGCCGTCGCGACGTAGGGCGCTGAGAACCTCAGCCGCCGATCGCCC
NZ_CP136680.1_gap32	1448553	1453190	4637	CCCGTTCGACGACGAGACGGTCGAGCTCGCGACGGTCCTGCTCCTCGCGAAGTCGCGCACCATCACGTCGTACCTGCACCGCCGCCGCGTCGGCGAGCCGCTGCTCTACCCGGACTACTCGCGCGGGTACGTCGACGACTTCCTGCGCATGACGTTCGCGACGCCGTACCAGCAGTACGAGGCCGACCCGGTCGTGGTCGACGCGCTCGACAAGCTGCTCATCCTGCACGCCGACCACGAGCAGAACTGCTCGACCTCGACGGTCCGCGTCGTCGGGTCCTCGCACGCGAACCTCTACGCGTCCGTCGCGGCCGGGGTCAACGCGCTCTCGGGCCCGCTGCACGGCGGCGCGAACGAGTCGGTGCTCACCATGCTCGACAAGATCGCGGGCGCGGAGTACGACGTCGACACCTTCATGAAGAAGGTGAAGAACAAGGAGGACGGCGTCCGCCTCATGGGCTTCGGCCACCGGGTCTACAAGAACTACGACCCGCGCGCGGCGATCGTCAAGAAGTCGGCCGACGCCGTGCTCTCCACCCTCGGCAAGAAGGACCAGCTCCTCGACATCGCCATGGGCCTCGAGGAGATCGCGCTCAACGACGACTACTTCATCGAGCGCAAGCTCTACCCCAACGTGGACTTCTACACGGGCCTCATCTACAAGGCCATGGGCTTCTCGCCCGCCATGTTCACGCCGCTCTTCGCGCTGGGCCGCATGCCCGGCTGGATCGCGCAGTGGCGCGAGATGATGAAGGACCCGCAGACCAAGATCGGCCGCCCGCGCCAGGTCTACGTCGGCGAGACCGAGCGCGACTACGTCGCCGTCTCCGACCGCTGACGCCCGTCCACCGAGACGCCGCGCCGCTCACCCCACGGTGAGCGACGCGGCGTCTCGTCGTCCGCCCGGCGGCTACCCCCGGGACGAGACGCGAGACGTGGCCCCGACGCGGGGTGCGTGAGGGGCCACTTCTCCCGTCTCGGCGAGGCACCGTCCGCGACACCGCGCCGGCGCGGGCCGACGGCGGTCGGTCAGGACGCGTCGGGGACGGCGACGTGGACGCGCAGGACGCCCGGGTCGAGCGGGGCGAGGTCGGCCGGGTCGGGGGTCGTCCACGTCGCGCCGTCGCGCGACCAGCGGCGGTCGCCGACCTCGACGGCGACGACGTTCGTGGCGTCCGCCGTCGCCACGGCCCACTGGGCGACGGCCCACGCCGACCGCTCGACGCCGCCGTCCTCCGCGGCGCCGGGGAGCGCGGACGCGTCGACCACGACCAGGCCCCCGTCCCCGCCGTCCGACGGGGCGACGCGGACGGCGTCCCCGAGGTCGCGCGCGACGCGCTCCCGGAACGGCTCGGCCGGGTCGCCGTCGGCCGGGACCTCCTCCGCCGGGACCGCCGCGAGGTCGCACGTGAGCGACGCGGGCGACCAGCCGGTCAGCGCGGAGGCCCACGCGCGCGAGCGGGGCTCGTGCTGCGCGTACGCGTCGGGGAACGCGGACCGCTGGACGGTCTGCGCGGCGACGGTGACCTCCATGCCCTCGTAGCCCTCGACCGTCTCGAGCGCGTCGTAGAACGTGTTGGTCGAGTAGACCGGGTCCATGATCTCCGCGACGGTGCCCCACCCCTGCGAGGGGCGCTGCTGGAACAGGCCGACGGAGTCGCGGTCGCCGTAGTCGATGTTGACGAGCCGCGACTCCTGCAGCGCGGTCGCGAGCCCGATGGTGGCGGCGCGGGCGGGCAGCCCGCGCCGCACGGTGGCCCCGGTGATCAGCGCCGCGTTGTCGGCCTGCGTCACGGAGAGGTACCACGTGCGGCCGTCGGCGGTCGCGGCGCAGCGCTCCGCGACGGGCGTCGCGTCGTCGAGCCGGTTGAGCGCGACCACGACCGCGCCGACCCCCACCGCGGCCACCGTGACGAGGGTGACCGCGGTGCGCAGGGGGCGTCGGCGCGAACGGACGCGCCCCGGCGCCGGGGCGTTCGGGGAGCGCGGGGGCTGCGTCGTCGTCATCGTCGAGGCGGGGCGTGCTCGGCAGGGGCCGGTCAGTTCGCGTGCAGCGCGGCGTTGAGCTCGACGCCCGCGCCGGTCCGCGAGACCGCCTCGACCCCGCCGGTCAGCGAGTTGCGCCGGAAGAGGATGCCGGACCGGCCGGCGAGGTCGCGCGCCTTGACGACGAGCGGCTCGCCCGAGGCGTCCTGCTGCCCGAGGACCGTCACCTTGGTCCCGGCGGTGACGTACAGGCCGGACTCCACGACGCAGTCGTCGCCGAGCGGGATGCCGAGGCCCGCGTTCGCGCCGAGCAGGGAACGCTGCCCGACCGAGATGACCTCGCGGCCGCCGCCGGACAGCGTGCCCATGATCGACGCGCCGCCGCCCACGTCGGAGCCGTCGCCCACGACGACGCCCGCCGAGATGCGACCCTCGACCATCGACGTGCCGAGCGTGCCCGCGTTGAAGTTCACGAAGCCCTCGTGCATCACGGTCGTGCCGGCCGCGAGGTGGGCCCCGAGGCGCACGCGGTCCGCGTCGGCGATGCGGACGCCCGACGGGACGACGTAGTCCACCATGCGGGGGAACTTGTCGACGCCGAGCACGGTCACGGGCTGGCCGGTCGCGCGCAGGCGCAGGCGCGTCTCCTCGAAGCCGTCGACGGCGCACGGGCCGTGGTTCGTCCACACGACGTTCGTCAGCACGCCGAAGAGGCCGTCGAGGTTCAGGCCGTGCGGCACGACGAGACGGTGGGAGAGCAGGTGCAGGCGCAGGTAGGCGTCGGCGGTGTCGGCGGGGGCGGCGTCGAGGTCGATCTCGGTCCGCACCACGACGACGTCCACGCCGCGCAGCTCGTCGCGCTCGGCGAGCGCGTCGAGGGACGCGGGGACGGCGGCGTCCGCCGGGGCGGCGCCGAGCTCCGGCGCGGGGTACCAGACGTCGAGGGTCGTGCCGTCGTCGGTGACGGTCGCCAGGCCGTAGCCCCACGCCGTACGCGGCTCGGACGCGCCCGCCGAGGGGGCGGGCGCGGGGGTCGCAGAAGTCATGCGCCCACCCTATCCGGCACCGGTAGGGTGCTGGCGTGACGTCTCCCACCCCTGGTACCGGACCCGTGCTCGACCTCCGCGGCGACCTCGTCGCCCTGTTCCGCGCGGTGTGCGACGTGCCGTCCGTGAGCGGGGACGAGCGCGCGCTCGCGGACGCGGTCGAGGCCGCGCTGAGCACGGTCGCGCACCTGGAGGTCGTCCGCGACGGCGACACGGTCGTCGCGCGCACGGCGCTCGGCCGGGAGCGGCGCGTCGTCGTCGCGGGCCACCTCGACACGGTGCCGCTCACGGTCCCGCCGAACCTGCCGACGCGCGTCGTCGGCGAGGGCGCGCACGCCGAGGTCTGGGGCCGCGGCACGGTCGACATGAAGGGCGGCGTCGCCGTCGCGCTCGCGCTCGCCGCGGAGCTCGACGCCCCGGCGCAGGACGTCACGTGGGTCTTCTACGACAACGAGGAGGTCGCGGCGGACCTCAACGGGCTCGGGCGCCTCGCGCGCAACCGCCCGGACCTGCTGGAGGCGGACTTCGCGGTGCTCGGGGAGCCCACGTCCGCCGGCCTCGAGGGCGGGTGCAACGGGACGCTGCGCGCCGAGGTGCGCGTGCCGGGCGTCGCGGCCCACTCCGCGCGCTCCTGGACGGGGACCAACGCGATCCACGCCGCGCACGAGGTGCTGGACCGCCTGGCCGCGTACGTCCCCCAGGAGATCGAGGTCGACGGCCTCGTGTACCGGGAGGGCATGAACGCCGTCGGCATCACGGGGGGCATCGCGGGCAACGTCGTGCCCGACGAGTGCGTCGTCACGGTGAACTTCCGGTTCGCCCCCTCCCGCAGCGTGGCCGAGGCCGAGCAGCACGTCCGCGACCTCTTCACCGGGTTCGCGGTCACGCTCACCGACGCGGCGCCCGGCGCGCGGCCCGGCCTCGACGACCCGCTCGCGGCGGACTTCGCGGCGGCCGTCCTCGGCGTGACCGGAGGGGCGCCGGCCCCGAAGTACGGCTGGACCGACGTCGCGCGCTTCGCCGAGCTCGGCGTCCCGGCGGTGAACTTCGGCCCCGGGGACCCGCTGCTCGCGCACAAGGACGACGAGCGGTGCCCCGTCGGGCAGCTCGCGCTGTGCCGCGACGCGCTCCGTGCGTGGCTGACGGCCGCCCCTGCGGCATAGGCTCGTGACCATGAGCGACACGGTGCGTGACCAGCCAGGTTCCGACGACGGCGTGCCCCAGACGGGCAGCGGGTACCGCAAGGGTCCGGTGCTGCTGCGCGGGGACCAGATCCCGGGCCAGACGACGGACCAGCGCCTCCTCGACTCGCGGGGGAGCGCGGACTGGGTGCACTCCGACCCGTGGCGCGTGATGCGGATCCAGAGCGAGTTCGTCGAGGGCTTCGGGGCGCTCGCGGAGGTCGGCCCGGCCGTCTCCGTGTTCGGCTCGGCGCGCACCAAGCCGGACCACCCGGACTACGCGCTCGCCGAGGAGGTCGGGCGCCTCCTCGTCGACGAGGGCTTCGCCGTCATCACCGGTGGCGGCCCCGGCATCATGGAGGCGGCCAACAAGGGCGCGTCCGACGCCGGCGGCCTGTCGATCGGGCTCGGCATCGAGCTGCCG
NZ_CP136680.1_gap33	1493499	1495414	1915	ACGCCTTGTACAGCTCGGCCTCCTGCGCGGCGCTGAGGAACGGCGCGGGCGCCTCCTCGACGAGCTTCTGGTGGCGACGCTGGAGCGAGCAGTCGCGCGTGGACACGACGACGACCGTGCCGTGCTCGTCGGCCAGGCACTGGGTCTCGACGTGCCGGGGGGTGTCGAGGTACCGCTCGACGAAGCACTCGCCGCGCCCGAACGCCGCGGTCGCCTCGCGGACGGCGGACTCGTAGAGCTCGTCGATCTCGTCGGTGGTGCGTGCGACCTTGAGGCCGCGGCCGCCGCCGCCGAACGCCGCCTTGATCGCGATGGGCAGCCCGTGCTCGGCCGCGAACGCGTGGACCTCGCTCGCGTCGGCGACCGGGTCGGGCGTGCCGGGCACGAGGGGGGCGCCCGCACGGTGCGCGATGTGGCGGGCGCTGACCTTGTCGCCGAGCGCGTCGATCGCGGCGGGCGGCGGGCCGATCCAGACGAGCCCGGCGTCGAGCACGGCCTGCGCGAACTCGGCGTTCTCGGCGAGGAAGCCGTACCCGGGGTGCACGGCGTCGGCGCCGGAGCGGCGCGCGACGTCGAGGAGCTTCGCGATGTCGAGGTAGGTCTCGGCCGCGCGCGTGCCGCCGAGCGCGAACGCCTCGTCGGCGAGGTGCACGTGCAGGGCCTGGCGGTCGGGGTCGGCGTAGACCGCGACGGACGCGATGCCGGCGTCGGCGCACGCGCGCACGATCCGGACGGCGATCTCGCCACGGTTGGCGACGAGGACCTTGCTCAGGGGGCGGGTGGGGTTCGCGGGCACGGCTCACGGTAACGCGTGCGCACGGCGCGGTTCACGCTCCTGCGCGCGGTACCGGACAAGATTGGAGAACAAACCAAGCCGCGCCGAGGGCGGTTGTCGGAAACCTCCATAGCGGCCCGTCCCTGGGCTCCGAGAGGTGCGCGGCGTTGTCCGGCCTCGACAACGGGCGCCGCGCAGCGCGTCAGGCGCGCAGCGCGTGCCAGGCCACGCCGACCTCGCGCAGGAGCGACCGCACGAGCGGCAGGCTGATCCCGACGACGCCGTGGTGGTCGCCCTCGATCCGCTCGACGTACGGGCCGCCGAGGCCGTCGACCGTGAAGGCGCCGGCCACGTGAAGCGGCTCGCCGGTGGCGACGTACGCGTCGATCTCGTCGTCGGTGAGGTCGGCGAAGTGCACGACGGTCGAGCTCGTCGCGCCCACCGCCGCACCCGTCCCCCCGGCGTCGGCCGGGCGCAGGTCCACGAGCCAGTGCCCGGTGTGCAGGACGCCGGCGCGGCCGCGCATGGCGCGCCAGCGGGCGCGCGCGTCGTCCGCGTCGGCGGGCTTGCCGAGCACCTCGCCGTCGAGCTCGAGCATCGAGTCGCACCCGACGAGCAGCGCGGCGTCGTCCTCCGGCGTCCCTGCGGCGGCCGGGTCGAGCGTGCGCACGACCTCCTCCGCCTTGGCGCGCGCGAGCACCAGCACGGCCTCGACGGGCGCGAGCCCGCCGCGCTCCGCGGCGGCGTCGCGCAGCACGGCGTCCTCGTCGACCCCGGACACGCGCACGAGCGGGTCGACGCCGGCCGCGCGGAGCGTCGCGAGGCGGGCGGGGGAGCGGGAGGCGAGGAGCAGTCGGAGCACCCGCGCAGACTACCCGGCGCGCCTCGCTGCCCCGGCTACGCGAGGAGCAGCGCGGCGACGAGGAGCACGACGGGCGAGCCGACCGTCGTGACGAGGATCGTGTCGCGCGCGAGGATCTCGCCGCGCCCGAACCGCGCCGCGTAGTTGTAGACGTTCTGCGCGGTGGGCAGCGCGGCGAGCGTCACCGCCGAGGCGACGGCCGCGTCGTCGAGCCCGAGCACGAGCCGGGCGACGACGAACGCGACCACCGGCATGACGACGAGCTTGGCGGCGCTCGC
NZ_CP136680.1_gap34	1602206	1604937	2731	AGCGCGCGGACCTCGAAGCCGGCGCGGAGCAGCTCGGGCACGAGCCGCCCGCCGACGTACCCGGTGACCCCGGTGACCGCGGCCCTCATCCGAGGAGCTCCAGGACCTCGCGCTCGGCGCGCGTCTGCGAGCGCGTCGACCCGATGGTCTCGCCCCGCTCCCACAGGTCGAACAGCCGCGGGTCGATGTACGACGACCTCGCCACGGCGGGCGTGTTCCCGAGCTCCTCCGCGACGTCCTTGACGATCCCCGTGACGACGCGGCGCCGGGCGCGCTCGGACGCGGGCGCCGTGCCGGCGTCGGCGAGGGCGCGCGCCGCGAGCACCGTCGCGTGCCACGTGCGGAAGTCCTTGGGCGTCGCGTCGTCGCCCAGGCGCTCCTTGATGCCGGCCTGGACGTCGGCGCTCGTGACGTCGTGCCACACCGCGCTGCCGGTCGCGTCCGCGTCGCGCCACGCGAGCAGCTCGACGCCGCCCCGGCGTCGCTTGAGCGTCGTCACGAGCTCGGCGACCACCGGGTCCTCGACGACGACGTCACGCACCTGGCCCGACTTCGCCGGGTAGTGGAAGTGCACGCTCCCGTCGCGGCGGACGCGCGCGTGCTCCTTGCGGATCGTGGCGAGGCCGTAGCTGTTGTTCTGCTTCGCGTAGATCTCGCCGCCCGCCCGGAAGTACGCGAGGTCGAGCAGCCGGAACGCGAGCGCCAGCACCTTCTCGCGCGGCATGCCGGGGAGCTCGAGCTCGCGCGCGACCCGGCGCCGGGCGGCGGGCAGGCGACGGCCGACGTCGAGCACGTGGTCGTGCTTGCGTCGGGCCCGCCGCACCTGCCACTGCTCGTGGTAGAGGTACTGGCCGCGCCCGGCGACGTCCCGGCCGAACGCCTGGATGTGGCCGTTGGGGTACCGGCAGATCCAGACGTCGGACCACGCGGGCGGGACGGCGAGGCGCTCGCAGCGCGCGACCTCCTCCTCGTCGGCCAGGGGCAGGCCCTCGACGTCGAGGAACACCCACGCGTCGCCCTTCGGGCGGCGGGTGTACCCCGGCGAGGTCACGGTCACGCGGCGCAGTCGCACCAGGACAGTGTCGGGCCGACGCGCGTCCGTCGCCCGTCAGAGCGCGGGGAGGCGGACCATGCCCTCCTGGGCGATCGACGCGACGAGCGTGCCGTCCTGCGCGAACACCCGCGCGGCGCCGAGCCCTCGGCCGCCCTGGGCGCTCGGGGCCGACTGCGCGTAGAGCAGCCACTCGTCCACGCGCACGTCGCGGTGCCACCACATCGCGTGGTCGAGGCTCGCGATCGACATGTCGGGCGTGACCCAGCTCGTGCCCGCCTGGCGCAGGATCGGCTCGAGCATGACCTGGTCGCACGCGTACGCCATGAGCGCACGGTGCAGCAGCTGGTCGTCGCCGACGTCGCCCCGCGCGCGCATCCACACCATCTGGTGGTCCTTGGGCTCGTGGTCCGGGTGCAGGTAGAGCGACCCGCCCACGTGCCGCAGCTCGAACGCCGAGTGGTGCGACCAGAACCGCGCGATGGGGTGGTCGATGCCGCCGAGCACGTCGAGCGCGGACGGCACGTCCTCGGGGGCCGGGGCGGCGGGCATCTCGGACGCGTGCTCGATGCCGCCCTGCTCCTCCTGGAACGAGGAGATCATCGACAGGATCGGCTTGCCGTGCTGGATCGCGTGCGTCCGCCGGGCGCTGAACGAACGCCCGTCGCGCAGCCGCTCGACCGCGAAGTCGATCGGCACGTCGAGGCCGCCGGGGCGCAGGAAGTACCCGTGCAGCGAGTGGGGGAGCCGGCCCTCGGGGACGGTGCGGCCCGCGGCGAGGACCGCCTGCGCGAGCACCTGCCCGCCGTAGACGCGGCCCGTCGGCTGGTGCACGGAGACCCCGCGGAAGTGCTCCGGGTCGGCGGCCGACCCGTCGCCGTCGCCGACCCGCTCGAGGCGCAGCACGTCGAGGAGGTGGCTCAGCGGGTTCGGGACCTGCTCGCGCGGGGCGGCGTCCGACGTCGGGCCGGGGGAGGCCGAGGAGGTCGACGGCGGGGTGGGCTCGGGGGTCACGGGTGGGGGCTCCTTCGCTCGGGCGGCGGGTCGGTCAGTCCTCGAAGGTGTTGAGGAGGGAGTGCGCCGCGCGCTCCAGATAGTCCCACAGCGTCGCCTCCTGGATCGGCGGCAGGTCCAGGGTGTCGACGGCGGCGCGCATGTGCGCGAGCCAGCGGTCGCGCGCGTCGGGGTTGACCTTGAAGGGCGCGTGCCGCATGCGCAGGCGCGGGTGGCCGCGCTGCTCGCTGTACGTCGTCGGGCCGCCCCAGTACTGCTCGAGGAACGCGGTGAGCCGCCAGCGCGCCGGGCCGAGGTCCTCCTCGGGGTACATGGGCCGCATGACCGGGTCGTCCGCGACGCCCTCGTAGAACGCGTCGACGAGGCGCACGAACGTCTCGTGCCCGCCGACCTCGTCGTAGAACGTGCGGCTCGGGCGGACCGGCGCGGTCGCACCCGCGGGGTCGGCCGGCGCGCCGTTCGACAGTCCGGCGACGGGCAGCGTCGGGCGGGGGGTGGGCTCGGTCGTCACCGGCCCATCATCGCACCGGCGGCGGCGCGCTCCCGAGCCCGGAGCCGCCGCCCGGGGCGGTCCGGGCGCACGTCACAGCCCGAGCTCGGCGAGCACCGGCAGGTTCTCGCGCACGACGGCGCGCGCCTGGGCCGCGCTCTCCGCGTCGACCGCGA
NZ_CP136680.1_gap35	1611369	1615600	4231	CCGGGGCCACGTACGTCTTCGCGGCGAGCGCGAGCTGGTTGAGGGTGGTGCGGATCGTCGTCGACTCGGTCTCGCGGGCGATGTTGCCCAGCACGAGGCGCACGTAGTCGCTCGCCGGCGTCTCGCCGTCGCGCGTCGCGTCCCACGCGGAGCCCCAGACGAGCGAGCGGGCCAGCGGGTCGGCGAGGTCCGCGAGGTGCTCGGTCGCGACCTGGAGGGACACGGGGTCGAGGCGGATCTTCGCGTACGCGAGGTCGTCGTCGTTGAGCAGGACGAGCTGCGGGCGGTCGAGGCCGAGCAGCTCGGGGATCTCGGTGCGCGGCCCGGCCACGTCGACCTCGGTGCGGTGCACGCGCGTGAGCACGCCGTCAACGAGGTCGTAGAAGCCGATCCCGAGCCGGTGCGGACGCAGCGTCGGGTGGTCGGCCGCCGCCGTCTGCACCACGGAGAACGTGGTGAAGCGGCCGTGGGCGTCGAGGTCGAACTCGGGCCGCAGGGTGTTCACGCCCGCGGTCTCGAGCCACAGCGCGGACCACTCGGTGAGGTCGCGGCCGCTTGTGGCCTCGAGCTCGACGAGCAGGTCGCGCAGCTCGGTGTTGCCCCACGCGTGCTTGCGGAAGTACGCCGCGACGCCGGCGAGGAACTGCTCCTTGCCGACCCACGCGACGAGCTGCTTGAGCACCGACGCGCCCTTGGCGTAGGTGATGCCGTCGAAGTTGACGAACACGTCCTCGAGGTCGTTGATCGTCGCGACGATGGGGTGCGTCGAGGGCAGCTGGTCCTGGCGGTAGGCCCAGGACTTCTCCATCGCGGCGAACGTCGTCCACGCCTCGCGCCACTCCGTCGCCTCGGCGGTCGCGAGCGTCGACGCGTACTCCGCGAACGACTCGTTGAGCCACAGGTCGTTCCACCACTTCATGGTCACGAGGTCGCCGAACCACATGTGCGCGAGCTCGTGGAGGATCGTCACGACGCGACGCTCCTTGACGGCGTCGGTGACCTTGGACCGGAAGACGTACGTCTCGGTGAACGTCACGCACCCGGCGTTCTCCATCGCGCCCATGTTGTACTCGGGCACGAAGAGCTGGTCGTACTTGTCGAACGGGTACGGGTGCTCGAACGCGGACTCGAAGAACGCGAAGCCCTCGCGCGTCTTGTCGAACACGTAGTCGGCGTCCATGTGGTCGGCGAGCGACGCGCGGCAGAAGACCCCGAGCGGGATCGTGCGGCCGTCGGACGACGTGAGCTCGCTGCGCTCCACGACGTACGGGCCTGCGACGAGCGCGGTGATGTACGACGAGATGCGCGGCGTCGGGTCGAACGCCCAGCGCGCGACCTCGACGTCGCCGGCGCCGGTGCCGGTCGGGTCGGCCTTCGTGCCGAGCGCCTCGGGCGCGGGCGTCGGCTGGTTGCTCACGACCTCCCACGCCGCGGGCGCGGTGACCGTGAACGCGAACGTCGCCTTGAGGTCGGGCTGCTCGAAGACGGCGAACACGCGCCGCGAGTCCGGGACCTCGAACTGCGTGTAGAGGTAGACCTCGCCGTCGACCGGGTCGACGAACCGGTGCAGGCCCTCGCCCGTGTTGGTGTACGCGCAGTCGGCGACGACGCGCAGCTCGTTGTCGGCCGCGAGGCCGTCGAGCGCGATGCGCGAGTCGGCGAACACCTGCGCCGGGTCGAGCGCACGGCCGTTGAGCACGACCTCGCGCACGGTCGGCGCGACGAGGTCGACGAACGTGCTCGCGCCCTCGGTCGCGGTGAACCGCACCACGGTCGTCGACGCGAACGTCGTCGCCCCCGTCGTGAGGTCGAGGTCGACCTCGTAGGACTGGACGTCGACGATCGCCGCGCGCTCGCTCGCCTCGGCGCGGGTGAGGTTCTCTCCGGGCACTGCATCTCCTCGGTCTCGTGGTCGGGCCGGTCGGCCTCGACGGCGGCCTGTGGGCCACGGACGATCATCCCACGCGTGCCCGCGCCCGCTCCCGGGAATACGCTGCGGTCGCGCGGTGTCGGAACGGGGTGGGGACGCCGTCGGCCCGGCCGCCGCGCCCCGGCGACCCGGACCCCGGGCGCGCCCGACGACGAAGGAGACCGCCCCGTGACGCTCACCGCGACGACCGACCCCACCGCGACCGAGGACGACCTGCGCGTCGCCGACTTCTGGTTCGACCCCGTGTGCCCGTGGGCGTGGATGACGAGCCGCTGGATGGGCGAGGTCGAGCAGGTGCGCGACGTCACCGTCCGCTGGCACGTGATGAGCCTCGCGGTGCTCAACGAGGGCCGGGACCTGCCCAAGGAGTACCGCGAGCTCATGGCGAAGGCGTGGGGCCCGGTGCGCGTGGTCACCGCCGCGCGCGTCGAGCACGGCGAGGACGTCGTCAAGCCCCTCTACGACGCGATCGGGACGCGCCTGCACCCGGACGGGCGGAACGACTACGACGCCGTGCTGCTCGAGGCGCTCGCGGAGGTGGGCCTGCCCGCGTCGCTCGCCGACGCCGCGGGCTCCGACGCCTACGACGAGCAACTGCGCGCGTCGCACGCCGAGGGCATCGGCCGCGTCGGCGAGGACGTCGGGACGCCCGTCGTCGCGTTCGGGGGGACGGCGTTCTTCGGCCCCGTGGTGACGCCCGCGCCGAAGGGCGAGGCCGCCGGGCGGCTGTGGGACGGGTGCGTCCTGGTCGCGAGCACGCCGGGCTTCTTCGAGCTCAAGCGCACGCGCACGCAGGGCCCGGTCTTCGACTGACGTCCGGCACGGCGCCGCCGTCGTGCGGACGCCGTGCGGACGTCGTGCAGACCGCGGGGGCGTGGGCGTCGTGGGGCTCCCGGGGTTCGACCGGTGCGGGTGGCTCGTGCCATGCTTCGTCAGTTCGCGGGCGGTTCCAGGAGCGCCCGCCGCCCGGTCGCGCCGGGCGAGACCGCCGAGGAAGCCCGCGAGGAGCCGAGCATGTCCCCGAACGCACCCGTGCCACCGCCGCCGCCGCCCCCCGGCGGCGTCCCGGGGGCCGCGGTCGGTCGTGACGACGCCCGGCCGACCACGGCGTTCGCCCCCGTGCCCGCGCACGCGACCTCGGGGCCGCCCTCCTTCGCCCCGACGAGCGGCCCGACGGCCCAGGCGCCGCGCGCGACGCCCGCGGACGGCCAGCCGACCGTCGTCGCGTCGGCGGCGTCCTTCCAGGCGACGACGGTCCAGCACGTGACGCCGATCACCCAGCTCCCGACGGCGGCGCAGCCCGCGGTCCCGGCGCCCTCGCCACTGGTGCCGCCGCAGCGCGTGCGCTACGCGACCGAGCAGAACGGGTTCGGCGTCGCGGCCCCGGTCGGGACCGCCGCGGGCCGTCCCGGCTACGCGCCGGGCGACACGGCGGCCGGTCACGCTGCGGCCGGTCCGTACGCGGGCGGTACCGCGGCGTACGAGCCGACCGCCCAGCCCGCCTACGCGGCCGCCACGCCGCCCGCGCAGCAGCCCGCCTACCACCCGCCGGCCTCGGCAGCCCCGGCCGCCGCCGCCCCGCGCGCCACGTCGGGAGGGACGGGCGCCCCGTCCGGCCCGTCGACCGGCCGGCGCGACCGGCGCGGCGGGGACGGCGGCGGTCGCGGCTCGAACCGGCTGGGCGCGGGGTGGATCGCGTTCATCGTCGTCGACGCGCTGCTCGTCCTCGGGGCGATCGTCTTCGCGATCTCGCTGCTCGGCGGGGGCGACGAGGAACCGCTCGGCGGGGCGTCGACGTCCCCGGCGGCGACCTCCACGGACGGTGCTGAGGAGCCGGCGCCGGCCGAGCCCACGGTGTCCGAGACGTTCGCGTCGGAGTCGCGGAACATCACGTGCGAGGTGACCGACGTCAGCGCGACGTGCGTGATCGCCCAGCTCGGCACGCAGCCCGCCCCGGTCGACGGGTGCGACGGCACGGTCGGCTACAAGGTCGTCCTGGACGCCGACGGCAGCGTCGACCAGCCGTGCGTGCCCGCGGCCGAGCAGCCGCAGCCCGCGCCGGGGGACACCGCGATCCTCGACTACGGCACCTCCAAGACGGTCGGCCCCTTCACGTGCGACAGCGCCGAGACCGGCATGACGTGCCGCGACGACGCCACGGGCAAGGGCTTCACGATCGCGCGCGCGGGCATCCGGACGCTCTGACCGGCCCGACCACCACGCAGGAGGGCCCGCGGCGGGACGACCCGCCGCGGGCCCTTCGTGCGTCCGGGGTCACCAGATGCGCACGCGCTCCTCGGG
NZ_CP136680.1_gap36	1666025	1668581	2556	ACGTCCGCCCCGTCCCGGGCCTCCGGGGCGGGGCGTTCGCGTGCCCGCCGCGGTGTCCGCGGTCCGCCACGGCCGGTCGCGGACGTCCGCAGGATCGTGGGAGCGCCGCACTAGGCTCGGGTTCGTGCACCTCAAGACCCTGACGCTGCGCGGCTTCAAGTCGTTCGCGTCCGCGACGACGCTGAGCTTCGAGCCCGGCGTGACGTGCGTCGTCGGGCCGAACGGCTCGGGCAAGTCGAACGTCGTCGACGCGCTCGCGTGGGTGATGGGGGAGCAGGGCGCCAAGACCCTGCGCGGCGGCAAGATGGAGGACGTCATCTTCGCCGGCACGTCGGGCCGGCCCCCGCTCGGGCGCGCCGAGGTGTCCCTGACGATCGACAACACCGACGGCGCCCTGCCGATCGACTACACCGAGGTGACGATCTCCCGCACGCTGTTCCGCAGCGGCGGGTCCGAGTACGCGATCAACGGCAGCGCGTGCCGCCTGCTCGACATCCAGGACCTCCTCTCCGACTCGGGCCTCGGCCGGGAGATGCACGTCATCGTCGGCCAGGGGCAGCTCGACGCCGTCCTGCGCGCGACGCCCGAGGACCGCCGCGGCTTCGTCGAGGAGGCCGCGGGCGTCCTCAAGCACCGCAAGCGCAAGGAGAAGGCGCTCCGCAAGCTCGACGCGATGCAGGCCAACCTCACGCGGCTCGCGGACCTCACGACGGAGATCCGGCGCCAGCTCGGCCCGCTGGGGCGGCAGGCGGAGATCGCGCGCAAGGCCGCGACGATCCAGGCCGACCTGCGCGACGCGCGGGCCCGGCTCCTCGCCGACGACCTGGCCCAGCTCACCGCGACGCTCGAGCAGGAGATGGCCGACGAGGCGGCCCTGCGCACGCAGCAGGCGGAGGTCGAGCGCGCGCTCGCGACGGCGCGCGACACGCTCGGCCGGCTCGAGCGCGAGGCCGCGGAGGCCGCGCCCGCCCTCGGGGCCGCGACGGACGTCTGGTTCCGGCTCTCGTCACTGCGCGAGCGGCTGCGCGGCACGCGCACGCTCGCCGAGGAGCGCGTGCGTCTCCTCGGGCGCCCCGAGGCGGCGCCCCGCGGGCAGGACCCGGACGAGCTCGAGGCGCAGGCCGAGCGCGTGCGCGCGACCGAGGCGGAGCTCGAGGCGGAGGTCGCCCGCGCGCGCGACGCGCTCGCCGCCGCGGTCACCGACCGGGAGGACGCCGAGCAGGCCGCGGGGGAGGCGGAGCGCGCCGTCGCGACGCTGCTCCGCGGTGCCGCGGACCGCCGCGAGGGTCTCGCGCGGCTCGCCGGGCAGGTCGCGGCGCAGCGCACGCGCGTCGAGGCGGCGGAGGCCGAGATCGGGCGGCTGCGCGAGTCGCTCGCGGAGGCCGAGCACCGGGGCACGCAGGCGCGCACCGAGTTCGCGGTGCTCGAGACCCAGGTGGTCGGCGCCGAGGAGGGCGAGGAGGGCCTCGACGCCGAGCACGAGGCCGCGGCAGACGCGGTCGAGCGCACGACCGCCGCCGTGACGGGCCTGGAGGCGGACGCGTCCGCCGCGGACCAGGAGCGCGCGACGTGGAGCGCACGCATCGAGGCCCTCGAGCTGAGCCTCGACCGCAAGGACGGCGCGGGCGCGCTGCTCGCGGCGGACGGCGTCGGCGTCGTGGGGTCGCTCGCGGCCCTGCTCGGCGTCGAGGCGGGATACGAGGACGCGGTGGCCGCGGCGCTGGGCCCGGCCGCCGACGCGGTCGCGGTCGAGTCGGTCGACGCCGCGGTCGACGCGCTGCGGTACCTGCGCACGGAGGACGCCGGGCGCGCGGGCCTCGTCGTGGCGACCGCGGAGCCCGGCCCCGGCCCCGCCGCCGTCGACCTGCCCGACGGCGCACGCTGGGCCGTCGACGTCGTCACCGCGGCCGGGGGCGTCGGCCAGGCGGTGCGGTCCCTGCTGGCGGGCGTGGCCGTCGTCGACGACCTGGGCCAGGCGCGCGCGCTCGTGGCGCGGCACCCGGGCATCGCCGTCGTGACGCGGGGCGGGGACCTCCTCGCGGCGACGCGCGCGTGGGGCGGGTCGGCGTCGGCACCGAGCGTGCTGCACCTGCAGTCGGCGCTCGACGAGGCGCGCACCGCGCACGCCGACGCGACGGCCCGCGCCGAGCGTGCCCGGTTCGCGCTCGTGGGCGCGCGCGAGGCGGCGCAGGAGGCGCGGGCCCGGTACGAGGACACGCTCGACCGGCTCAACGAGTCCGACGCGCAGCTCGCCGCGGTCGCGGAGCAGCTCGGGCACCTGGGCGCGACCGCGCGCTCGGCCGCCGCGGAGGCCGAGCGGGTGCGCGCGTCGCTGGAGCGGGCGTCCCAGGGTCTCGACGACGCGCGCGAGACGCTCGCGGGGCTCGTCGAGCGGCTCGAGGTCGCGGAGGCGGCGCCGGAGCAGTCTGAGGACGCGGTGGCGGAGGCGAGCGCCGAGCGCGACCGCCTCCTCGCACGCGCCTCGGCGGCGCGCACGGCCGAGACCGAGGCACGGCTCGCCCTGCGCACGAGCGAGGAGCGCTCGCGGGCGGTCGC
NZ_CP136680.1_gap37	1680130	1683229	3099	GGAGCTCGCGACGGAGGAGCACCTCGTCGTCGCGTGCGGACGCTACGAGGGCATCGACGCGCGCGTGGCGGAGCACTACCGTGCCGCCGGGATGCGCGTCAGCGAGCTCTCGATCGGCGACTACGTGCTCAACGGCGGCGAGGTCGCGGCGCTCGTGATGATCGAGGCCGTCGGGCGCCTGCTGCCGGGCGTCGTGGGCAACCCGGAGTCGCTCGTCGAGGAGTCGCACGGGGCCGCGGGGCTCCTGGAGTACCCGGTCTACACGAAGCCGCCCGTGTGGGGCGACCTCGAGGTGCCCGAGGTCCTGCTGTCCGGGCACCACGCCCGGATCCGGCGCTGGCGCCGGGACCAGGCCCTGCGTCGCACCGCCCGCCGCCGCCCGGACATGGTGCGTGCGCTCGACGTCGCGGCCCTCGACCGGCACGACCTGGAGGTCCTCGCGGGGGCCGGCTGGGGCGTCGTCGACGGCCACCTGGAGCGCACCGCCCCTGCCGACGGCTGAGCGGGGACCCTCCCGGCGCGCGCCCGTGGCCCGCGAGGACTGCCGCCCCGGCCGACGGGTGTGGCAGAATGGTCGATCGGTGTGTGCCGCCCCGGACCTCTGCCACAGGGGAGCCCGCGCCCGATCCTCGGGCGGACTGGCACGACGGACCCGACGACCGCGAGGTCGACGACCGTCCACGCGCAGCACGGCACACCCCACCGATACGACGACGGCCCGGTCTGCCCGGGCCACGAGCACGCGTCCGACCTGTGGCGGGCGAGGAGAAGCACCATGCACACGCTGGACAGCGTCGACGCAGCATCGCTGCGCAGCGACGTCCCGGAGTTCCGCCCCGGTGACACGCTCAAGGTCAACGTCAAGGTCGTCGAGGGCACCCGCTCCCGCGTCCAGGCGTTCCAGGGTGTCGTCATCGCCCGTCAGGGCAGCGGCGTCCGCGAGACGTTCACGGTCCGCAAGATCAGCTTCGGCGTGGGTGTCGAGCGCACGTTCCCCGTGCACTCGCCGTCCATCGAGTCCGTCGAGGTCGTGACGCGCGGTGACGTGCGTCGCGCCAAGCTGTACTACCTGCGCGCGCTGCGCGGCAAGAAGGCGAAGATCAAGGAGAAGCGCGAGACCGCGCCCAACCGCTGATCGGCTGTCGGCGACACCGCCGCTCCGCTCGTCCCGACGGCGGCCGTCCCTCCCGGGACGGCCGCCGTCGGCGTACCCGGGGGGCGCTGTCCGCGGGCCGGTTCCGTTTCCCGGATCGCCCCCCGAGGTGGCATTGTGAACGCGTGACCGACAGCGCCCCGCCCCGCGGCCCGCACCCCGACGCCGGCACCGAGCGCGCGGCGCTCGGCCCCGAGGACGACGGGCGCCCCCCGCACGGCCAGCACCTCGCGGCCGAAGGGGACGAGGTCGCCCCGCGCGAGCGCCCGCGCAGGTCCTCGCTGCTGCGCGAGACCGCGATCATCGTGGTCAGCGCGCTGGTGCTGTCCCTGCTCATCAAGACGTTCCTCGTCCAGGCGTTCTTCATCCCGAGCGCCTCGATGGAGGACACGCTCGTCGAGGGCGACCGCGTGATGGTGTCCCGCCTCGTGCCCGGCGCGTTCGACGTGCACCGGGGCGACGTCGTCGTGTTCAAGGACCCGGGCGGCTGGCTGCCGCCGCAGGAGCCCCAGGACCAGAGCGCGGTGTCCGAGGCGGTCCGTGCGGCGCTGACGTTCGTCGGCCTCCTGCCGCAGGACACGGGGGAGCACCTCATCAAGCGCGTCATCGGCGTGCCGGGCGACCACGTCGTGTGCTGCGACGCCGAGGGCCGCGTGAGCGTCAACGACGTGCCGATCGACGAGACGTACATCAAGCCGGGGTCGATCCCCAGCCAGGACGCGTTCGACCGCACGGTCCCCGCCGACATGCTGTTCGTCATGGGCGACAACCGGCAGAACTCCCTGGACTCGCGCTACAACACGGGCAAGCCCGGAGGCGGGTTCGTGCCGATGAGCAACGTCGTGGGGACGGCGTTCGTCAAGGTGTGGCCGCTGTCGCACGTCGGTCTGCTGCGTAACCCCGGCGACGTGTTCGCCGACGTCCCCGAGGTGGAGCCGTGACGCTCGACGCCGTCGCGCGTCCGGAGCCCGCGCGGGCACCGGCGCGCCGGGCACCCGCGCGTCGTCGGCCGGACCTGCGCCAGGAGCGCGCCATGCTGCGCGACGGCGCGCGGCTCGTCGCCGGGATGGACGAGGTCGGTCGCGGCGCGCTCGCCGGGCCGGTGTCGGTCGGGGTCGTGGTCGTCGACCTCGCGACGAAGCCGTGCCCGCCCGGGCTCACGGACTCGAAGCTCCTCACCGCGGCGGCGCGCGAGGCGCTCGTGCCCCTCGCGCGGTCGTGGTGCGTCGCGTGGGCGGTGGGCCACGCGGGTCCGGCCGAGATCGACGCGCACGGGATCGTGGGCGCGCTGCGGCTCGCGGGCCGCCGTGCGCTCGCCCAGGTGCGCCGGACGGTCGGCGACGTCGACGCGGTCCTGCTCGACGGCAAGCACGACTGGCTGAGCCGCCCCTCGGCGGTGGACCTCTTCGAGGCGTTCGACCTCGACCCGCACGACGACGTCCGGCTCGTCGACCCGCGCGTGCGCACGCTCGTCAAGGCGGACCTGCAGTGCGCGTCGGTCGCCGCCGCGAGCGTGCTCGCGAAGACCGAGCGCGACGGCCTCATGACGAGCCTGGCGCGCCAGTACCCCGCCTTCGGGTGGGACCAGAACAAGGGCTACGGGGCGGCGGCGCACGTCGAGGCCCTGCGCGAGCACGGCCCGACGCCGCAGCACCGGCGGTCCTGGCGCCTGCCCGAGCGCGGTGACGAGGGCATCGGCGTCCCGGCGTACGGCGACCCGGTCGACGTGCTCGAGCTCGACCCCGAGGCCGGTCTGCCGACGAGCTGACCGGTGTCCTCCGTCCGGTCCGGTGGCCGCCGATGGTCCATGATGGAGCCGTGAGCGCCGAAGACCTGGAGAACTACGAGACCGAGATGGAGCTCGCGCTGTACCGCGAGTACCGCGACGTGGTGGGCCTGTTCTCGTACGTGGTGGAGACCGAACGCCGCTTCTACCTGGCGAACCA
NZ_CP136680.1_gap38	1731533	1733393	1860	GCGTCGTGCACGAGGAAGCGGTTCGCCGCCACGCACGACTGCCCGGCGTTGCGGAGCTTCGCGATCACGGCGCCCTCGACCGCCGCGTCGAGGTCGGCGTCCGCGAACACGAGGAACGGGGCGTTGCCGCCGAGCTCCATCGAGGTGCGCAGCACCTGGGCGGACGCCTTCTCGAGCAGCGTGCGCCCGACGGGCGTCGAGCCGGTGAACGACAGCTTGCGCAGGCGCTCGTCCGCGAGGAGCGGCTCGGTGACGTCAGCGGCGCGCGACGACGGGACGACGTTGACGACGCCCGTCGGCAGGCCGCGGTCGGCGAGCTCGGAGCGGATCACCTCGGCCACGAGCGCCGTCGTCAGAGGGGTGAGCCGCGCCGGCTTGACGACGACCGTGCACCCGGCGGCCAGCGCCGGGCCGATCTTGCGCGTCGCCATGGCGATCGGGAAGTTCCACGGCGTGACGAGCAGCGCGGGCCCCACGGGCCGGCGGAAGACGAGCTGGCGGTTGCCGCCCGCGGGCGCGGTCCGCGCGAGCCCGTCGGCGCGGACCGCCTGCTCCGCGTACCAGCGCAGGAAGTCGGCGCCGTAGAGCACCTCGGCGCGCGCCTCGGCGAGCGGCTTGCCGCACTCGGCCGTGATGAGCGCGGCCACGTCGTCGGCCCGCGCGACGACCCGGTCGTAGACGGCGCGCAGCACCTCGCCCCGCTCGCGCGGGGGCGTCGCGCGCCACGCGGGCGCCGCACGGTGCGCGGCGTCGAGCGCGCGCAGCGCGTCCGCCGGGCTCGCGTCCGCGACGTCGAACAGCGACTCCTCGGTCGCCGGGTCCTCGACCTCGAAGGTCCGCCCGCCCTCGGCAGGACCCCAGTGGCCGTCCACGAGCAGCCCGGTGGGCACGTGGGCGACGAGGGCGGGGGAGAGGTTCGACGTCGAGGCGGGGCGGGACATGCTCCGAGTATCGCCCTGGGGGTCGCGGGGACGCACCCGGGCGAGCGGTGCGGGGCGCCGTGCCCGTGCCCCGGGCGCCGCCCTGTCGCTGCCGGACGGGCGCGGTGCGACGACCCGCCGCACGGTAGTTTGTGCACATGGTCCTTCCCGCCACCCCCGCGCGCCCGTTCGGTGCCGTCCTCACGGCCATGGTCACCCCGATGACGCCCGACGGCGCCGTCGACCTCGAGGCGGCGGCCCGGCTCGCGAAGCGCCTGGTGGACGACGGGAACGACGGCCTCGTGCTGAGCGGCACGACGGGCGAGTCGCCCACGACCCACGCCCCCGAGAAGCAGGACCTCGTGCGCGCCGTCGTCGAGGCGGTCGGCGACCGCGCGGCGGTCCTCGCGGGCGCCGGGTCCAACGACACCGACCACGCGCTGCGCATGGCCGAGCAGGCCGCCGAGGCGGGGGCGGACGGGCTCCTCGTCGTCACCCCGTACTACTCGCGCCCCGGCCAGGAGGGCGTCTACCGCCACGTCGTCGCGATCGCCGAGGCGGCCGACCTCCCCGTCATGCTGTACGACGTCCCCGGCCGCACCGGGGTGCGCATCGCCCCCGACACGTACGCGCGCCTCGCGGCGCACGAGCGGGTCATGGCGACCAAGGACGCGACGGGCGACGTCTACGCCGCCGCGAAGCTCGCGGCATCGACGGGCCTCGCCTTCTACAGCGGCGACGACGGGCTGCTGCTCCCGTTCCTCGCGCACGGCGCCGCGGGTATCGTCTCGGTGTCGGCGCACGCCGTCGCGCCGCAGTTCGCGGAGGTCGTGCGCCGCTTCGACGCCGGCGACCCGGCGGGCGCGCTCGAGGTCTTCCTCACCACGACGCCCGTCATCGACGCGCTCAACGGTGCCGGCTTCCAGGCCGTCATGGCCAA
NZ_CP136680.1_gap39	1734702	1739367	4665	ACGGCGGCAACGCCAAGGTGCACGTGTCCGGCCACGCGAGCGCGGGCGAGCTCCTCTACTGCTACAACGTGCTCAAGCCCAAGAACGTCATGCCGGTGCACGGCGAGGTCCGCCACCTCGTCGCCAACGGGGCGCTCGCGGTCCGCACGGGCGTGCCGGCCGACCGCGTCGTGCTCGCCGAGGACGGCGTCGTCGTCGACCTCGTCGACGGACGCGCGTCCGTCGTGGGTGCCGTGCCGTGTGGGTACGTGTACGTCGACGGGTCGAGCGTCGGCGAGATCACGGACGCCGAGCTCAAGGACCGCCGCATCCTCGGCGAGGAGGGCTTCGTCTCCGTGTTCGCCGTCGTCGACTCCGCGACGGGCAAGGTCCTCGCGGGGCCGCAGATCCTCGCGCGCGGGTTCGCCGAGGACGACAAGGTGTTCCAGGACATCCAGCCCGAGGTCGTCAAGGCGCTCGAGGACGCGATCGCCGGCGGCGCGACGGACACGCACCAGCTCCAGCAGGTCATGCGCCGCGTCATCGGCCGGTGGGTCTCCAACCGCCTGCGCCGTCGTCCGATGATCGTCCCGGTCGTCGTCGAGGCGTAGCCTCCGCGACCGGCGTCGGACCGGTCTCCGCCCAGGTCGGGGCGCCAGTATGCTGGCGCCCCGACCAGCGCAGGAGGCACCCCTTGACGCACCACGACCCCTCCGGGGTCCCGCCCTACGGACAGCCCGGCGGCCCCGTCCCCGGTCAGCCTTCTGCGCCCGGCCGGCCGGTACCGCAGTACGGCGCGTACGGCACCGCGCCCGTCCCCGCGTACGGGCAGGCGGCTCCCTCGCCCGCGGGTCCCTCCGCGCTGACGCCGCCCTCGGCACCCGTGTACGGGCAGCCGACGGCCCCGGCGTACGGCGGCGGGTACGGCTACGTCCCGCGACCGCCCGTCCCCGGGGGCCTCGCGACGGGGACGATCGCGCTCGCGGTCGCGGTCACCGCCGTGCAGGTGCTGGCCTGGGTCACGTCGTTCCGCGCGGCCGAGGAGTTCGAGCGCGCCGCCCGCGCCGGCACCCCGAGCGCCGAGGTCCTCACCGGGTACGACGCCGTGGGCCTGCTGCTCCTTCCCGTCCAGCTCGCCGCAGCGATCGTGACGTGCCTGTGGCTGTGGCAGAGCCGCGTGCTCGCCGAGGCCGTGTCGCCCGCGCACGGGCACGCGCGCAGCCGGGTGTGGGTCTGGCTCGGGTGGATCGTGCCGGTCGTCGCTTTGTGGTTCCCGTACCAGGTCGTGCGCGACGTGCGCGCCGCGACCGTCGTCGCCCCGCGCCGCGGCCTCGGGTGGTGGTGGGCCGGGTGGCTCCTGTGGAGCGTCGCGACGAACGTCGCCACGCAGCTGACGACGCTCTCCTCGGCCGGTGCGGCCGGGACCTTCGCGCTGCTGCCCGTCGCGGAGACGGTGGGCACCGCGGGCGTCGTCCTCGCGCTCGTCCTGTGGGTGCGCACCGTCCGCGAGATCACCGCGGGCCAGCGTGCCGCCACGGGAGTCGACGCCCGGTGACCGCGCGTCCGCTCGCCGTGGGCAGGCGGACGGGCCTGCTGCTCCCGGCCTAGGTGTCGGCGTCGCGTCGCACGAGCCCCGGACCGACGGCGGCGAGCGTCGCGGCGTAGCGCGCCGCCCGGGCGTCGTCCCCGCCGGGCACGAGGCCCGCGAGCTCGAGCGAGACCAGGCCGTGCACGAGCCCCCAGAGGCCGAGCGCGACGTCGGCGGCACCCGCGTCCGCCGGGACGAGGCGCGCGACGGCGTCGCGCAGCACGCGGAACGTGGGCTCCTCGACCGCCTCGGGCCGGTCCGGCCCCGGCCGGACGCCGCGCGCGAACATCACGGCGTAGAAGTGCGGGTCGGCCAGCGCGAAGTCGCGGTACGCGCGACCGAGGGCCGCCAGGTCGGCACCGGGGTCGTCGGTGCGGGGGACCGTGGCGAGGTGTGCGGCGAAGCGCCGGAAGCCCTCCGCGGAGACGGCGGCGACGAGCTCGTCGCGGCTGCCGAAGAGCGCGTAGACGGCCGACGCGCTCGTCCCGGCCTCGGTCGCGACCGACCGGACCGTCACCGCGGCCTCCCCGTGTGTGGAGACGGCGCGCGACGCCACGTCGAGGAGGCGGTCGCGCAGGGCGTCGTCGTGCAGTCGGGGTCGTGCCACGCGCCGAGTCTAGGGGCCTTGACGAGCGTTCGCGAACGATGTTCTATAACAGTGTTCGCAAACCAGTGCGCGAGCTCTCGCGCCGCTCCCTCGGAGGTCCCCGTGCTCGAGCTCACCGACGCCGCCCGCCTCACCGCCGGCATCGTCCTTCTCACCGTCGTCGGCATCGAGTCCGGCGGGGCCTTCCTCGTCCGGGTCGTGACACGGCGGGTCCCGGCCACCGCGTTCCAGACGTCGTTCTTTCGCGCCGGGCACGCGCACGCGGGGGTTCTCGTCATCCTCGGTCTGGTGTGCCTACTCCTCACGGAGGCCACGGGCCTCGCCGGCCCCTGGCGCTGGCTCGCGGCGACCGGCGTGCTCGTCGCGGCGATCCTGCTCCCGGCCGGCTTCTTCCTGTCGGCCGTCGGCCCCGGTCGCGAGACGCCGAACCGGGCCGTCGCGCTGCTGCCCGCGGGGGCCGTCGTCCTCGCGGCGGGCGTCGTGACGCTCGCCGTCGGCCTCTTCCTCGGCTGACCGCGGGACTGCGCCGTGGGTGCTGCCCGCTACGGTTCCGGCATGACCACCGCCGAGGACTTCGTCCCGCTCGACCCCGTCCGTCTCGTCACGCTGGCCCAGGGGTGGAGCATCATCTACTCGCCCGGCGGGCCGGAGTGGCACCACCACCAGGGTGCGCTCGAGCGGCACGGCGTCGAGGGCTCGGGCTACGACTTCTCCGGCGCGCTCCAGGCCACGCTGACCGACCACGAGCCGGACGTGCTGGGGGCCGTCGGGTTCGACCCCGAGGGCGGCATGGTGAGCGTCTACGGCTCCGACCTCGACGCCCTGCACGTCGCGGCGCGGCACCTGCACCGCCTCGTCACCGACGAGCGGGCCCTCGACGCGGCGCTCGCCCGGTCGGTCGAGCTCGGGCTCGACGACTGAGCGCGGAGCGCGGCGGGCCCAGGAGGCCTCGTGTCGTCGGACCGCGGCTCCGCGATCCGGGCACGACCGCTCGGGCGGCCTCAGCGCGCGCGCAGCGCGGCGAGCTGCTCGTCGTGCCACGTCGCGACGTAGCCGGTGAGCCGGTCGTCGGCCACCACGGCGTCCGTGTGCACGACCGCGTGCTCCAGCGCGTCGAGGTAGGCGCGGTCGGCCGCGAAGCGCGCGGCGACGGCGGCACGGCCGACGGCCGGGCTCCCGTGGCCCGGGACGAGCGCGTCGACGTCGCGCGCCGCGAGCTCGAGCGCGTCGAGCGCCCCGCGGTACGTGCGCACCGGGTCGCGCGACCCGGTGTCGACGAGCGGCACCTCCACGTCCGAGAGCATGTCGCCCGCGAGCAGCACGCCCCGCACGACGAGCGCCGCGTGGCCCGGCGCGTGGGCGTCGTGCTCGACCACGACGACGTCGGTCTTCCCGTCGGCCTGCGCGCCGGGCCGCTCCTCGGCCTGACCGGGGGTCGGTGCGGTCGGCCACGGCAGGCGTCGTGCGCCGCGGGGGAGCGGCGTGAGCGCGCCGACGAGCGTCGGGTCGTGGCCGGGCGCTGCGGCGTCGGTCGCGGCGACCAGGTCCGCCCCCCGCGACCGGACGGCGTCGGCGCCGCGGGCCGTGGCGTAGCGCGGGGCGTCGCCCAAGGAGCGGGACCACAGCACGTGGTCCCAGTGCGGGTGGGTCGCGAACCCGGCCGTCACGCGCCAGCCGCGACCGTGGACGGCGGCGGCCAGCGCCTCGACCTCCTCGACCGTGACCGCGGGGTCGACGACGAGCGCCTCGCCGTCGGGCGCGACCACGACCGTCGACGTCGTCGCCCAGATCGTCGCGGTCGCCACCCAGACCCCCGGGCGGACCTCCACGAGGTCGCGCGCGTGCGCCTGCTCGCCGTCCGTGGTCGCGTCGGCGGTGCTGCGCCGCACGCCCGCGTGATCGTCCATCGGTCCTCCGCTCGTCCTCGCGGGACCGGGTCGCGGGCACGTGCCCGAACCCCGGTCCGCGGGGGACACGCGCCCCGGGGTCCCGGGCGCCGTCGTCCCTCGCAGGTAGGTTAGGACCACTATGGCGACCCGCACGTCCCCGCAGGCACGTCGGACCGCGAGCAACCGCACACCAGCGCCCCGCACCGCGGCGCGCGGCGGTTCGTCCACGGCCCGCGGCACGTCGCGCGCCGGAACCGGTCGCGGACGGTCCTCCTCGTCCAGCGCGCGCCGCCCGGCGCGTCGCCCGGCGGCAGGGCCGCCGTGGCCCGTCCGGGCGGTGCGGGGGGTCTGGCTCGGCGCCGCGCACGGCGTGGGATCGCTCGTGCGCACCATCGGAAGAGGAGCAAGAGAGCTGGACCCGGCACACCGGCGCGACGGCTTCGCGTTCACCCTCATCGCCCTCGCGGTCGTCGTCGCGGCCCGCGAGTGGTGGGGCATCCAGGGCACGTTCGGCAAGGTCGTCCACGGCGTCGTCGCGGGGACGTTCGGTCTCGCCGGCGTCGCGGTCCCGGTCCTGCTGCTCTGGCTCGCGGTGCGCATCA
NZ_CP136680.1_gap40	1742026	1744822	2796	CGACCCCATCGCGGACAAGCTGCTCGTGGGCACCGCCCTCGTGCTGCTCGCGTGGCCGCTCGGCGAGCTGCCCTGGTGGGTCCCCGTCGTCGTGCTCGCGCGCGAGCTGGGCGTCACGCTCCTGCGGTTCGCCGTCCTCAAGTACGCGGTCATGCCTGCGTCCCGCGGCGGGAAGCTCAAGACCGTGCTGCAGACCGTCGCGATCACGCTCTTCGTGCTGCCGCTCGCGCACCTGCCGGCGTTCGTCGGCGTCGTCGCCTGGATCGTGCTCGCCGCGGCCATCCTCGTCACCGTCGTGACCGGCCTGGAGTACGCGTATCAGGGCTGGCGCCTGCGCCGCGACGCGGTGCGCGCAGCCCGGGTCGTCGAGCGGGGTCCGAGCACGGACGGCGCGCCCGTCTCGTGACCGACGCTCCGGTCCCGCCGGGGAGCTCGTCGGTCACCGGCCCGGACGTGCGGCCCGACGTCGTCGAGCTGCTCGGCGCTCTGGAGGCCCGCGGGTGGACCCTCGCGACGGCCGAGTCGCTCACGGGCGGCCTGCTCAGCGCGACGATCGTCGACGTGCCCGGCGCCTCGCGCGTGCTCCGGGGCGCCGTCGTCGCGTACGCGACCGACGTCAAAAAGTCGGTCCTCGGCGTCGACTGCGGCCTGCTCGCCGCGCACGGGGCCGTGCACCCGGAGGTCGCACGCCAGATGGCCGAGCGCGTGCGCGACGTGCTGAGGGCAGACGTCGGGGTCGCGACCACGGGCGTCGCGGGCCCCGACCCGCAGGACGGCCGGGCCCCGGGGACCGTCTTTGTCGCCGCGAGCGGACCGGGGGGCACGGAGGTGCGAGAGCTGCACCTGGCGGGCGACCGTACGGCCGTCCGCGCCGCCACCGTGGCCGCCGCGGTGGCGCTCGCGCGCGCGACGGTCGGGCCCCGGCCACCGACGGCGTGACGATGCCCCGTGCTGGGTGAAATCGTCGGCGGGCGCGTCGGCCGCCCGGCCGGGCGTGGACCGGGCCGGAGGCGTCGTGGAGACGTCGTGAACGTGCCGCGGGGGAGCGGCCGGGAGGCCCGGCGCGGGAACAACACCCCACGTCGCGACGTTGCACAGCACGTGATCGCCAACAGGACCGTCAACCGACCGGTGGGACGCACGGGCAACGCGCCCGCGCCCCGTCCCGCACGGGGCACCGGCGACGTGAGCGGACCGCGGGCGGGGTACGGTAGGACGACCCCGTCACGCGGGGCAGTGAACAGGAAGACCGGCACGAGCAGTTCGCGCACCCAGGTGGGGGCCTCTCCGGCTCCCGGGGGCGCACGGGACACGGAAGGGGGTCGCCAGATGATTGTTCTTCGACGAGAGATCGGGGACGTGCTGCGAGACGCTCGCCAGCGACAGGGGCGCACCCTGCGAGAGGTGTCCTCCGCCGCACGGGTCTCGCTGGGCTACCTCAGCGAGGTCGAGCGCGGTCAGAAGGAAGCGTCGTCGGAGCTCCTCGGCTCGATCTGCGAGGCGCTCGACATCCCGATGTCGTTGGTGCTGCGCGAGGTCAGCGACCGGGTCGCCGTCGCCGAGGGTCTGCTGATCCCCGACACCATCCCGGCCGACTTCGCGACGGCCGTGCTGGGTCGCCAGCATCCCGAGGGCACGGCACGCCGCGAGGACCTGCAGCCCGTCGGCTGACGGTCGGGCCGGCACCGGCCGCACCGGGAGCGGGGGCAGCGACGCCGGCCGTCATCCTGCTGCGGGCGGTGCCTGGCAGGTCGGACACCAGAAGATCGGACGGTCGTACGGGGGCTCGTTCGCCGTACCTTCCGCGACAGGCGTGCCGCACACGTGGCACGCCTTTCGTGTGCGCCCGTGCACGTGCCGCACGACGCCGGCGCGCGGGTCGAACCCGTGCCGCACCGTGCGCTGCATGAGCGTGCGTGCCGTGAGCAGGAGGCCCTCGAGGTCCTCGACGTCGCGGACGGGCGTCCACGGGTAGACGTGCTCGGCGAAGAGCGACTCGGCCGTGTAGATCGTGCCGATGCCGGCGACGAGGTGCTGGTCGAGCAGGGCCTCCGCGACGGGCACACCCGTTGCGGCCCGCTCCGGCCGGTACCGGGGGCCGCTCCCGCCCGCCGCGTCGTCGGCCCGCATCCGCGCGGCCGCCTCGGGCAGCCCGGTCTCCGGGAAGTCGTCGCCGAGCACGTCGGGACCGAGCGGACCGACGATCACGCGCTCGTCCGCGGTGCGCAGCACGTGCAGCATCCCGATCCGGTTCCCGACCGCCGTCCACCACTCGTTCGCGAGGACGACGCGCACGTTCGGCTCCGCCCCTCGAGCGTCGTGCGTGCCCGTCCGGGCGAGCCGCCACGACCCCTCCATGCGCAGGTGCGTGTGCAGGGACCGGCCGTCGTCGAACCGCGTGAACAGGTGCTTCCCGTAGGCCTGGTTCCCGACGACCGTCCGCCCGACCAGGTCGATCTCCGCGGCGCTCGGCCACCGCAGGTCCGAGCGGACCAGCACCCGGTCCTTGAGCGCCTCGTCGAGGCGGGCCGACACGAGACGCAGGATGTCACCCTCGGGCACGCGACCGCCCCCCGTGGCCGGGGGCGCGCGACGACCGCCGCACGTCAGGCCGCCCGCAGGCCGCGCGGCGTCGCGCGGAAGCCGGCGTCGAGCAGCGCGCGCACCGCGTCGTCCGCCGGGGTCCGTGCCGTGCCGGCACCCGCCAGGGCCTCGACGCCGTCGACGCGCTGCACCACGATCTTCCCGAGCGTGCCCGCCCGCACCGCGCGGACCAGCGCCGCGCTCGCCTCGGCG
NZ_CP136680.1_gap41	1758643	1761213	2570	CGTCGGCCATTCCTGGACACTATGTCCCTTCTGTTGCACGGTGCCACCTCACCCGGCAACAACCGGGCAACAGTTCAGTAACACGGCACCCGGAGCCGTACCCTGGACGGTGATGTCCACGATCGCCCCCGCCCCCGTCCCGGCCGCCCCCGCACCGCACGCCACCGCCGCTGCGCCGGCCGACGGCGCGCACCCCCGCACCTACGTCGTGCGCACCCTCGGGTGCCAGATGAACGTCCACGACTCCGAGCACATGGCGGGGATGCTCGAGCAGGCGGGCTACACGCGTGCGAGCGCGCAGGACGAGGCCGCGAACCGCGCCGACGTCGTCGTCATCAACACGTGCGCCGTGCGCGAGAACGCCGCGACGCGCCTGTACGGCAACCTCGGCCAGCTCGCCTCGGTGAAGGCCGCGCGACCCGGCATGCAGATCGCCGTCGGCGGCTGCCTCGCGCAGAAGGACCGCGGCACCATCGTCGAGAAGGCCCCCTGGGTCGACGTCGTGTTCGGCACCCACAACCTCGACGCCCTGCCCGTCCTGCTCGAGCGTGCGCGCCACAACGAGGCGGCGCAGGTCGAGATCGCCGAGTCTCTGCAGGTGTTCCCCTCGACGCTGCCGACGAAGCGCGAGTCGGTCTACGCGGGGTGGGTGTCCATCAGCGTCGGCTGCAACAACACGTGCACGTTCTGCATCGTGCCGCACCTGCGCGGCAAGGAGCGCGACCGCCGTCCGGGCGAGGTCCTCGCCGAGGTGGGCGCGCTCGTCGAGGCCGGTGCCATCGAGGTGACGCTGCTCGGTCAGAACGTCAACAGCTACGGCGTCGAGTTCGGCGACCGGGGCGCGTTCGCCAAGCTCCTGCGCGCGTGCGGGACGATCGACGGGCTCGAGCGCGTGCGGTTCACGTCGCCGCACCCGGCCGCGTTCACCGACGACGTCATCGCGGCCATGGCCGAGACGCCGAACGTCATGCCCCAGCTCCACATGCCGCTCCAGTCGGGCTCCGACCGCGTGCTGCGTGCGATGCGCCGCTCCTACCGCTCCGAGCGGTTCCTCGGGATCCTCGACCGCGTCCGGGCCGTCATGCCCGACGCCGCGATCACCACCGACATCATCGTGGGCTTCCCGGGCGAGACCGAGGAGGACTTCGCGGAGACGATGCGGGTCGTCGAGGCGTCGCGGTTCTCCTCCGCGTTCATCTTCCAGTACTCGCCGCGCCCCGGGACGCCCGCCGCGACGATGGACGGCCAGCTCCCCAAGGAGGTCGTCCAGGAGCGCTTCGAGCGACTCCAGGCGCTCCAGGAGCGCATCGCCGGCGAGGAGTCCGCACGCCAGGTGGGCCGGACGATCGATGTCCTCGTCGGCGAGGGCGCAGGGCGCAAGGACGGCGCGACGCACCGCGTGACGGGCCGCGCCCCCGACAACCGCCTCGTGCACCTCGCGCTCCCCGCGGCCGTCGTGGCCGGGGCGCCCGACGACGCCCCCTCCGACGGGACCGGCACGCCCGGGTCCGTCGACCCGCGCCTCGCGGACGACCTCGACGTCCGCCTGCCGCGTCCCGGCGACGTCGTCACCGTCGAGGTCACCCGCTCGGCGCCGCACCACCTCATCGCGGACTCGGCGCTCGCGGGCGGCACGTTCGCCGTGCGCCGGACCCGCTCGGGTGACGCGTGGGCGAAGCGCGAGCGCGCCCGCCTGGGCGGTGGCGACGACGACCACGGCCACGGCGGCGGCGCGCCGTCGGGCCCGGTCGTTCTGGGGCTCCCCACGCTCCGCGCCTGAACGGCGGGGTCCAGGACCCGACGGCGGGCGCGCACGACGGCGCCAGGACGTCAGTCGTCCAGGGTCCCCGGCGGGAGCTGGGCGCCGATGGCGTGGAAGAGCTGCACGGCCGTGCCGAGCCCGCACGAGACGGTCTGGGCGAGCTGGTCGTCGGTCGCGCCGTGCTCGAGGTCGACGGAGACCTCGGCGTAGAGCGCGAGCCGTCCGCCCTCCTCGCGCACGTAGACCTTGGGCCAGATGCGCTCGCGGTTCCAGTCGTTGACGGTCTGGAGCGTGACGAGGCGCGACTCGACGGGGAGCGTCGTCGACCAGCGGCCGCGGACCTGCAGGATCTCCGACCGGTCGCCGAGCAGCAGGAACCAGAAGCGGTGCCCGTCCCAGGTGCCCGTGATGTCGCCGTCGTCGTCGACGCGGAAGTGGTAGCCGCGGCGCGTCAGGTGGTCGCCGATGCGCGCCATCGACAGCGCGCGCGGCAGCTCCTCCTCGCGCGGGAGCGAGTCCGGCGCCTTGGGCCGGCGGTTGCCGAACAGGCGCGTGAACCAGTTGGTGCGGGCCTGCGTCATGGCGCCTGCCTCGCGGGGTCGGGGTAGAACTCGTCGAGCGCGTCGAAGAACATCGATCCCGTGCTCAGGCCGCACTGGAGGAGCTGGTCGAGCTGGTCGTCCGTCACGCCGTGCTCGAGGTCGACCGTGACCTCGGTGAAGACCTGGATCATCCCGTTGTCGCGGACGCGCGTGTAGGTCTTGGGCCAGATCCGGTCGGCGTTCCACTCGTTGCAGAACTCGAGGAT
NZ_CP136680.1_gap42	1763255	1765950	2695	CGACGGGCCGTGGCGACGCAGGCGGGGCGTCCAGGGAGAGCACCGCCAGGTCGACGGGGAGTGTGCGCGCGTCCCGCTCCCACGCCGCGCGCAGCCGTTCGGACGCCGCCGTCGTGCCGTTGCGCGCGTCGAAGGACTGCGCGAGGGCGGCCGCCTCGCCGCGCACCCACGCGTCGAGCTCGGCGAGCGTCGTGGCGGGCACGTCGCGCAGCGCGAGCGCGGTGTCGCCGTGGTCGGCCCGCAGGACGCCCGTCGCGACGCTCACGCTCGTGAGGAAGCCGAGCCGGTCGCCCGGCGAGTCCGCCTCCGTGAGGAACGCCTGGTGCTCCACGAGCAGGCGCAGCGCGCGCGACGCGTTGCCCGTCCGGGCGAGGAACTCCACGTGACGACCCTTCGGGCCCGTCATCGTCACCCCGGTGTCGAGGTGGCGCAGCCCGCGGCGGTGCGTCCGAGCCGCCGCCTCGGCGTCGCCGACCTCCACGTACGCGAGCTGGAGGTGGGACAGCATGTCGCCGGGCTCGGTGGCGCACGACGGCGATCCCTGGAGCACGCCCTCGAGCAGGCGGATGCCCTCGTCGTGCCGGCCCGTCTCGAAGAGGTACGCCGCGCGGTCGCCCGGCTCGCACGCCTCGCACTGCGAGTAGTCGTCGCGCGGGGTCGCGACCCACGCGCGGTACGCGTCCTCGACGTCCGCGCCGCCACGTTCGCGCGCCCACTCGAAGCGCTCCAGGGCGACCGCGTTCGTGCCGTTGCCCGCGAGCGCGTACCGGCGCGCCATGTCGTCGAGCGTGCGCTCGATCTGCGCGGCGGGGACGTCGGGGAACTCCATGAGGTGCCCGACCATCCACTTGAACGACCAGAACAGCGAGTGCGTGTCCTCGGCGTCGAAGTGCTCGGGGTGCTCGTCCCACCAGCGCAGCATCTTGGTGAACGGCAGGTACGCCTTGGTCACCTCGCCGCCCCACACGTACGACTCGACGAGGACGAACTGCGCGTAGGCGCGCGCGGCGTCGGGGCCCTCGGCCTCGACGCGCTCGAGCTCGGCCGCGGCGGCCGTGGAGCGCGCGAGGCCGTAGGGCATGCGGCGGACGTCGTACAGGGCGGCGTTCACCTGGTCCACGGACCGGGTCATCGGTTCTCCTCGTCGGCAGGGGGGTCGGGTTCCGTGGCGGGGTCCTGCCCGGCCGCGAGGGCGCGGGCGAGCAGGAGCGACAGGGAGTCGTTCATGAGAGTCGCCTCGACGGGCTGGAGCGCCTTGCCGGACGCGAGCACCGCCGTGACGTAGAGGGAGCGGGCACCCGCGGCGCGCACCTGCGCGTCGGGGCTCGCGAGCAGGTCGCGCACCGTGGCGTTGGCGTCGTTGAGGACCAGGCGGCGGGGGCGGGCCGGGGCGCTGAGGCCCGCGAGGATCTCGCCCCAGAGGTCGTCCGTCTCCGCGACGCGTGCGGCCTCGCGCGCGTGGTCGCCCTCGCGGTCGTGCAGGAGCATGGCCGGGAGGGCGTCCGGCTCGTACCGGCGCAGCACGACGTCGCAGTCCTGCTCGGCGAGCGCGGCGTCGAGCGACGCGAGCGCGTCGGCGACCTCGAGCTCGCGCAGCGGCTCGACCTCCGTGAGGACGTGCGCGACGTCTGCGGCCGAGACGGGCGACAGCCGCCACTGCGGGAACCGCGCCGCGACGCGCTCGAGCAGGTCGGCGTCGTAGACGTAGCCCCCGTTGACGACCGCGAGCCCCTGCGCCGCCGCGACGGGCGCGATGCGCCGGAACTCCTCGACGCTCGCCGTGTACAGCAGGCGCCCGTCGGGGTGGTCCGTCGCGAGGTCCGCCAGGGTCGTGGACCCGGCCGTCGTCTCGAAGGGCAGCACGCGCGCGGCGACGTCGAGCATCTCGTCGTCGGTGAGCGCGAGCGCGCGCACGGCGAGGTGGTGGGTCTCGAGGAAGCGCCGCGCGAGGACCGAGTCCGTCGCGAGCGTCTCCAGCAGCCACCGGCGCACCTGCGCCCCGAGCGCGTCGCGGGTCGCGAGCAGCACCTCGTCCTCGTACAGCCCCTCGCGCGACGCCGTCGGGCGCAGCACGGACGCGTCGAGGACGCACCGCACGAAGAACGCCCACGGGGGCAGCAGGTCGTCGACCGCGCTGCCCAGGAGCATCCGCTTGAGGTAGACCCGGTGCCGCGACGTCGTGGTCGGCGCGACTGCGGCCGGGAGCACGTACGCGACGCCCGTCAGGCCGGCGAGCGGCAGGTCGAGGTCGATCCGTGCGAGCGGGGTGAAGCCGAGCGTGCGCTCGGCGTAGCCGGCGAGCGCGGCGTCGCGGGCCGCGGGCGTCGGGTGCGCAGCGCGCCACGGCAGGTCCTCCCCGCTGAGCCGGCGCACCGCGACCGGAGAGTCGGCGCCCGCACCACCGTCACGGTCCTCGCCGGGGCCGCCGTCGAGACGCGTCTCGACGAGCAGCTCGACCGGCAGGAGCGAGCCGAAGTCCTGGGCGAGCGCGACCACGGACTCCGGGGCCAGCCAGTGCTCGGTGTCCCGCCGCGGGTGCAGCCGGACGACGCTCCCGGGCTCGACGGGCGCCGCCGGGTCGTCCGGCGCGAGCTCGACGAGCTCGTACCGGCCGTCGGCGCGGCCGCGCCAGCGCACGGGGACGGGCGCGTCGCCCGCCGTCGTGCGGCGTGCGGAGCGCGAGACGAGCTCGATC
NZ_CP136680.1_gap43	1768580	1770835	2255	TCGGCAACCCTCACACCGTCCTCGCCGTCGCGCGCGAGGACGTGCTCGAGCGCGCCGACCTCACCGAGGCGCCCGTCGTCGAGCCGCACCCGTCCCACGGGACGAACGTCGAGCTCGTGGTGCCCCTCGGCGAGACGACCGCGGACGACGGCACCGTCGTCGGGCACGTTCGCATGCGCGTGCACGAGCGCGGCGTCGGGGAGACGCCGTCGTGCGGCACGGGCGCGTGCGCGGCGGCGCTCGCGGTCCGCGTGTGGGGCGGCCCCGACGCGCCGGACACCTACCTCGTCGACGTCCCGGGCGGCACGGTGCGCGTGCGGGCGCTCCCGGGCGGCCGCGTCGAGCTCGCCGGTCCCGCGGTGCTCGTCCACGCGGGGGAGATCGACCTCGCCGCGCTCGTCCCGGGGACGCCGGTCCCGCCGGAGGACGACGCGCACCAGGGCGCGGACGGCCTCGTGACCGCCCAGCCCGCCGAGCCGGTCGCGGCGGCGTCCGAGGGCGACCGCGCGCCGGTCTGACCGCCGGCTCAGCGGGGCGCGACGACCTCGAGGACGCGGAACCCCTTCGCGCTCGCGGCGCGCTCGACGACCGCGCCCGGCAGGAGCGGGGGCAGCGCCTCGGCGAGCCAGCGCTGGAGCGAGTCCGAGCCCAGGTTGCGCTGCACCACGAGGTGCGCGCTCGCGCCCGGCGCGAGCCGGGGCAGCCAGTGCAGGAGCATCCCGTGCAGGACGTCCTTGCCGACCCGGATCGGCGGGTTCGACCACAGCGCGGCGAGCGCGACGTCGTCGGGCACGTCGTCCGGGAGCACGGCCTGGACGTTGTCCAGCCCGAGACGCTGCGCGTTGCGGCGCACGAGGTCGAGCGCGCGCTCGTTGACGTCGACGGCCCACACGGTCGCCTCCGGCGCCTCCAGGGCCATCGTCAGGGCGACCGGGCCCCAGCCGCAGCCGAGGTCGAGGACATGGGCGGGGCCGTCGTCGGGCCGGGCCGCGAGGACGTCGTCGAGCGGCGGGGTGGTGCGCAGGAGCACCTGCGTGCCGAGGTCCAGGCGGCCGGGGGAGAAGACGCCCGAGGCGACCTCGACCTCGACGTCGCGGCCCGCGAGCCGCACGGAGATCGTGCGGCGCTCGGCGGCGGACGCGGGCCGGGCGGTGAAGTAGTGGTCCGCCGCGCCGTCGGGCGCGGCGTCGACGGCGGGGTCCTGGTCCTCGGTCACGTCGGCCGATCCTACGCGGGCGCGCCCACGTCAGGAGGCGGCGCGGCGCGTCCGGGCCGCTCGTCGTGCGCTTAACCGCTGGCCTCGGGACGATTTCGCGTGCCACGCTTGTTGTCACACCCGGGACGCACGAGCGCCCACCACCGACGGAAGGCGGCACATGAGCCCAACCCCTGCGAACACTCCGAACCCCACCTCGGCTCAGGACGAGCCGACCGGCGCGACGCGGGACATCGCGAGCGACGTCGTGGCGCGGGTGCTCGCTCGGGCCGGGACGGCACGCGCCGAGGGCGGCACGGTCCACACGGAGCACGACGGCGAGCAGCTCGAGCTCGAGGAGCGCAGCGCGCTGCGCCGTGTCGTCGGCCTGTCGACCGAGCTCGAGGACGTCACCGAGGTCGAGTACCGGCAGCTGCGCCTCGAGAAGGTCGTGCTCGTCGGGCTCTGGAGCCCCGGCTCCGACCCGCGCGAGGACGGCGCGCCCACGTCCGCCGAGGAGGCCGAGATCTCGCTGCGCGAGCTCGCCGCCCTCGCGGAGACCGCGGGCTCGCAGGTGCTCGACGGCGTGATCCAGCGCCGCGCGAAGCCCGACCCGGGCACGTACCTGGGCTCCGGCAAGGCCGCGCAGCTCGCCGACGTCGTCGCCGCCAGCGGCGCGGACACGGTCGTGATCGACGGCGAGCTCGCGCCCTCCCAGCGGCGCGCGCTCGAGGACATCGTCAAGGTCAAGGTCATCGACCGGACCGCGCTGATCCTCGACATCTTCGCCCAGCACGCCAAGTCGCGGGAGGGCAAGGCGCAGGTCGAGCTCGCCCAGCTCGAGTACCTCCTCCCGCGCCTGCGCGGCTGGGGCGAGTCGATGTCCCGCCAGGCCGGTGGCCAGGTCGGCGGCGCCGGCGCGGGCATGGGGTCGCGCGGTCCCGGTGAGACGAAGATCGAGCTGGACCGCCGGCGCATCCGCAACCGCATGGCCAAGCTGCGCCGCGAGATCCAGGCGATGGCCCCGGGGCGCGAGACGAAGCGCGCGTCGCGCAAGCGG
NZ_CP136680.1_gap44	1786154	1790642	4488	GCATGAGCCACGGCAGCAAGCCGATCGACGTCCTCCTGGTGGAGGACGACCCGGGCGACGTGCTCATGACCCGCGAGGCGTTCGAGGACCACAAGGTCACCAACCGTCTCTCGGTGGTGTCCGACGGCGTGAGCGCGCTGCAGTTCCTGCGCAAGGAGGGCGAGCACGCGGGCGCCCCGACGCCCGACCTCATCCTCCTCGACCTCAACCTGCCCCGGATGGACGGGCGCGAGGTCCTGGCCGAGCTCAAGGCCGACGACGCGCTGCGCAAGATCCCCGTCGTCGTGCTCACGACGTCGGAGGCCGAGGAGGACGTGGTGCGCAGCTACTCGCTGCACGCCAACGCCTACGTGACCAAGCCCGTCGACTTCGACCGCTTCATCGACGTCGTCCGGCAGATCGACGACTTCTTCGTCTCCGTGGTGCGGCTCCCCGGTCGCTGACCGCCGCCACCGCCCGGCCGGGAATGATCCCCGGCCCGGGTCGCGTTACCTCGTCAGGCCCGCGGCGCGCCACCGGCGGCGCACGGGCGAAGGACGTGACGAGGAGGATGCATGCTGGACCCTCGCGGGATCTACGAGCTCGACGAGCAGGCCGTGGCGCGCCTGTGGCCCACGCCGCCCGAGGCGGGCTCCGGGCCGGTGCTGCTGCACGCGGTCGCGGGGTTCGTCGACGCGGGCAGCGCGGGAGAGGTGGCCGTCGACCACCTGCTGGAGATCGGTGAGGTCACCCGCCTGGTGACGTTCGACGCCGACCAGCTCATCGACTACCGCTCGAAGCGGGCCACGATGACCTTCAGCACGGACCGCTGGTCCGACTACGACGAGCCGTACCTCGTCGTCGACCACGTGCGCGACGCCGAGGGCACCGGCTTCCTGCTGCTGCACGGCGCCGAGCCGGACGTCCAGTGGGAGCGCGTGGTCGCCGCGGTGCGCGACGTCGTCGAGCGCCTGGGCGTCTCGCTCGTCGTGGGCTTCCACGGCATCCCGATGGGCATCCCGCACACGCGGCCGCTCTCGGTGACGGCGCACGCCACGCGCCCCGAGCTGCTCGGCGAGCACACGTCGTGGTTCGGGACGGTCAAGGTCCCGGCCAGCCTCGCCGCGCTGCTCGAGCTGCGGCTCGGGCGCGCCGGCCACGACGCCGTCGGCTACACCGTGCACGTGCCGCACTACCTCGCTCAGTCGTCGTACCCGCCCGCGGCGGTCGTCGCGCTCGAGCACGTCCAGCGCGTGACGGGTCTCGACCTCGCCACGGGCGGCCTCGCGGAGGCGGTCCAGGACGCGAAGACCGAGGTCGAGCGCCAGGTGCGCGACTCCGAGGAGGTCGCGGCGGTGGTCCGGGCGCTCGAGGAGCAGTACGACGCCTTCGCCCGCTCGGTCGGGCGCACGAGCCTGCTCGCCGAGTCGGCCCCGATCCCCACGGCCGACGAGCTCGGCGCGGAGTTCGAGCGCTTCCTCGCGCAGCAGTCGGGGGAGTGACGGCGCGCTCGGCCCCGCCGGGGAGTATGTGCCGAAAAATCAGCACGAGAGGGCCCGTTCTCCATGGCGGACCTGACGTGGTCCATGCCACACTGTGACCCGTTGCAGTGACGTACTTGCGCACGACCCGGTGCAGGGCCGGTACGTGGGTCCGCCCGGCGGGGCGGTCCGGCGTCGGGCCTGCCGGCCGCACACGGCCGGGACGCCGGCGAAGGACGTGGGACATGGCATTGCGGCGCACGGGGGTGGACGAAGGGTCCGCCTGCTGATGTCCCCGGATGGACAGAAGGTCAGAGGAACAGCATGGCGCAGGGTTCTGTGAAGTGGTTCAACGCCGAGAAGGGCTACGGCTTCATCGCGCAGGACGGCGGCGGTGCCGACGTCTTCGTGCACTACTCGGCGATCGAGTCGAACGGGTACCGCACGCTCGACGAGGCGCAGCGGGTCGAGTTCGAGATCACCCAGGGGCCGAAGGGCCCGCAGGCGGAGAAGGTCCGCCCGCTCTGACGTCCACGACGTCCTGCGGTCGGGTCGCCCGGTCGTAGCAGCAGCGCAGGAGCCGCGTCCCCTCCCGGGGGCGCGGCTCCTGGCGTGTCAGCCCTCGCGCGGCGCCCGCGCGTGCTCGTCGGTCGCCGGCCGCGCGGTCGTGGCGTCCCCGGGAGCGGGTCCCTCGAACGTGGGGTCGGCGGACCCGGGGTCCGCGGGCGTGGGGTCCAGGAGGGGCGCCGCCGGGCCGACGAAGGTCCGCAGCTCGCTCCCCACGAGGACGCGCGCCGGCACGGCAAGCGAGCGCACGGTGCGCGCGAGGCCCGGGCCGGTCAGGGCAGGCTCGGCACCGCCCGGCGCGACCGCGGCGAGCACCACGTTCCCGTACCGGCGGCCCTTGAGCTGTGCGGGCTCGGCGATCGCCGCGACGCGCCCCTCCTCCAGGGCGCCGGCGCCCGTGCCCTCCCCGAACGCGGCCGCGAGCGTCGTCAGCTCGCGCCGCACCGACGCGAGGGGCGGCCGGTCCGCGCAGTTGACCAGGTAGACGCCCCCCGGTCGCAGGACGCGCCGCACCTCCTCGGCCATGCCGAGGGTCACGAGGTGGTCGGGCGTGCGGTCGCCGTGGAAGACGTCCCGGACCACGACGTCGAACGACGCGTCGGCGAGCCCCTCCACCGCGTGCCGGGCGTCGTCGGGCCGCAGCCGCAGCCGCGGGGAGCGCGGCAGGTCGAACCAGGTGCGCACGAGCTCCAGGAGGCGTGCGTCGAGGTCGACCCCGAGCTGCGTCGAGCCGGGCCGGGTGTGCTCGACCCAGCGCGGCAGGCTGCACCCGGCGGCGCCGAGGTGCAGCGCACGCACGGGCCCGGGGTGCAGCTCGTCGACCACCGCGGCCATCTGCTGCATGTACTCGAACGCGAGCATCCCGGGGTCGTCCAGGTCGAGGTACGAGCTCGGCACCCCGTTGACGTAGAGGGTGACCGCGGACGGGCGGTCGGGGTCGCGCTCGACGCGCGCGGTGCCCGTCGTGGTCGCGACGGGCTCGTCCGGGAGGTCGGACGCCGCGGGCCCGCCGCGCGCGGGGCCCCGACGCCGGGGCGGTGTGGGTGGTGCGGGGGACCCTGGAGGGCGTCGGGAGGTACGGCGAGCCATGTGCCCCACGGTACGGGCTGTCGGCGTCCGGCACGTTGACAGGATCGAACAGGTGTTCGATAGTGGAGCAGGAGGTGCGCGATGTCGAACGAAGCAGGCGCGAGGGCGCAGGTCGTGGTTCCCGCCGAGGTCCGGCGGCTGCTCGCCCGCGCGGACGCGGAGCTCGTCGCTGCGGCGCTCGCGCAGGACGCGGGGGAGCGGTTCGTCCACGCCCACCTCGGCGCGCTGCGGGCAGCCGCCGCGGTCGTCGCGCTCCGTGCGCGCCCCGTGCGGCGCGGGCGCGCCCGCTCGGTGTGGGAGCAGCTCGCGGACGCCGAGCCCGCGCTCGCCGCGTGGTCGGTGTACTTCGCGAGCGGCGCGCGCGTCCGTGCGGCCGTGGACGCCGGGCGGTTCGACGAGGTCGACCCGCGTCGCGCCGACGAGCTCGTCGCGTGCGCCGAGGACTTCCGCGACGAGGTCGCGATGCTCGTCGACCCGGACGCCGGCTTCGTCCGGCTGCCCGGGCTGCGGACGGTGGCGTCGTGACGACCCGGCCGGTCGGCCCGCGGGCACGGTGAGCACCCGATGAGCCGGGGTCCTCGTGCCGTCGTCCGCCGGGACTGGGGGGACGACGAGAGCGGCTGCTCGATCCTGCACGTCGACATGGACGCGTTCTTCGCCTCGGTCGAGCTCGCGCGGCGTCCCCAGTTCGTCGGGCGACCGGTCATCGTCGGCGGTGCCGAGCGGGGCGTCGTCCTGGCGGCCACCTACGAGGCGCGCGCGTTCGGCGTCCACTCGGCGATGCCCATGACGACCGCCCGCCGGCTGTGCCCGCAGGCGGTCGTCGTGCCGCCGGACCACGCGCGGTACCACGAGGTCTCGCGCTCGGTCATGGCCGCGCTCGGGGAGATCACCGCGCTCGTGGAGCAGGTGAGCGTCGACGAGGCGTTCCTCGACGTGAGCGGCGCGCGGCGCCGTCTCGGGCCGCCCACACGGATCGCGGCCGCGCTGCGGCGTCGGGTCCAGGCGGACCACGGGATCACGTGCTCGGTCGGGATCGCGACCACGAAGTTCGTCGCGAAGCTCGCGTCCACGCACGCCAAGCCCGACGGCATGCTGCTCGTGCCCGCCGCGGCGACGGTGCCGTTCCTGCGCACCCTGCCGGTGGGGGCGCTGTGGGGCGTGGGCGAGCGCACGGAGGCCGTCCTCGCGCAGTGGGGCATCCGGACGGTCGCCGAGCTCGCCGACACCGACGTGGCGTCCCTGCAGACGGCGGTCGGCAAGGTGTCCGGGGCGCACCTGCACGACCTCGCGTGGGGTCGTGACCCACGCCCCGTCCAGCCGGAGCGCTCGGAGCGGAGCATCGGCGCGGAGACGACGTTCGAGCACGACC
NZ_CP136680.1_gap45	1824924	1826240	1316	TGGGGACTCCCGACGTCGTCGCGTTCGTCGTCGACGCACCGGGACGCCTCGCGGCGTGCGCGCTCGTCGAGCTGCACCGGTCCGCGCCGTCGGCGCGCAACCCGCGCGGCACGACGGCGCACCTGTCGAACGTCTGCACGCACCCGGCCGACCGCGGCCGGGGGTTCGGGCGCGCGTGCGTCGGAGCGGCGCTCGACTGGGCCCGCACGGCGGGCGCGGACTCCGTGTCCCTGCACGCGACGCCGGAGGGCGAGCCGCTCTACCGCTCGCTCGGCTTCGTGGACACGACGTACACCGAGCTGCGCCTGCGCTGGTGACGCGGCCCGGTGTCTGGCGCGTCCGCGTCAGCGCACCCCGAGCACGAACGGGTGCACCGCCGCCGCCCCGGCGCGGCGCAGCAGGCGTGCCGCGACCGTGAGGGTCCAGCCCGACTCGGTGTAGTCGTCGACGAGCAGCACGCGGCGGCCGGCGAGCCCCGCGCGCGCGGCGTCCGACAGCTCGAGCTGGAGGCGGCTCGCGACGCCCGCGAGGCGCGTCGCGGAGTTCACGTCGTGCCGGCCCGGCTCCTCGCGGCCCGGGACCGGGCCGACCGCGCCGATGAGCGGCTTGCCGAGATAGCTCGCGAGCCCGTTCGCCAGGTGGAACGTGAGCCGCGGGCGCGTCGCGGAGCGGACCGCGACGACGCCGTCCACGAGGAGCCACCGTTCGGCCGGGGCTGTGCCGTCAGGAGAGTTGTCATCGACCCCGGTCTCCGGGTCCGGCTGCGGGGCGGACTCGTAGAGCTCCGCCCAGTCGTCGAGGACGCGCGCGGCGGCGCGCCGGAGCGCGACGGGGGTGTCGCCGTCGGGCGTCGTGGCCGCGAAGAGCTCGCGCAGCGGCGCGGACCAGCCGAGCCCGTCGAGGCGCGCGACCGCGCGCCCGGTCTCGGTGAGCTCGTCCGCACCCAGGCGCCCGCGCAGGTCGAGCCCCAGACGGTCCATGCCGCTCGGCCACTGCCGACGGGCCACGACCTCGACGCCGGGGCGGTCCATGTCGGCGCGCGCGGCGGCGACGGCCTCCGCGTCGGGGAGTGCGGGCAGCGTCACGCCGCCGCACGTGTCGCAGCGGCCGCACCGCCACCCGTCCTCGAGCTCCGGGTCGTCGAGCGCGGCGCGCAGGAACGCCATGCGGCACCCGTCGGTGGCCTCGTAGTCGAGCATCGCCTGCTGCTCGGCCGAGCGCGTGGCGTCGACGCGCGCATAGCGCTCGGCGTCGTACGTCCAGGGCTCGCCCGTGGCCTCCCAGCCGCCCTTGACGCGCCGGACCGCGCCGTCGAC
NZ_CP136680.1_gap46	1827957	1829293	1336	ATCGCGTTGATGTCGTCGAGCGGACGCACGGTGTACGTCGGGGTGATCTTGCCGCGCGCGAAGAAGTCGAGCGCCTCGGCCATGTCCTTGCGCGTGCCGACGATCGACCCGCGCACGGTCAGGCCGAAGAGGACGGTCGTGAAGATGTCGAGCGGGAACTTCTCCGGCGGCAGGCCGACGAGCGAGACCGTGCCACCGCGGCGCAGCGCCTCCACGGCCTGCGGGAACGCGTGCGCGTTGACGGCGGTGACGAGCGCGCCGTGGACGCCGCCGCCCGTCTGCTCGCGGATCTCGGCCGCCGCGTCGGGCGACGTCGCCGCGTTCACCGTCACCTCCGCGCCGTGCTTGCGCGCGAGCGCGAGCTTCTCGTCGTCGACGTCCACCGCGGCGACGCGGCGGCCCATCGCGACCGCGTACTGCACCGCGATGTGCCCGAGCCCGCCGATCCCCGAGACCAGCACCCACTCGCCGGGCTGGGTGTCCGTGACCTTGAGCCCCTTGTAGACGGTGACGCCGGCGCACAGGATCGGCCCGACGGCGGAGAGGTCGACCCCGTCCGGGATCACCGGGCAGTACCTCGAGTCGACGAGCATGTACTGGCCGAACGAGCCGTCGACCGAGTAGCCGCCGTTCTTCTGCTGCGGGCACAGCGTCTCCCAGCCCGTCTCGCAGTACTCGCACTCGCCGCACGCGCTCCAGAGCCAGGCGTTGCCGACCGTGTCGCCCACGCGCACGCGCGTGACCTGGTCACCGACCGCGACGACCGTGCCGACGCCCTCGTGGCCCGGCACGAACGGGGGAGCGGGCTTGACCGGCCAGTCGCCGTGCGCGGCGTGCAGGTCCGTGTGGCACACGCCGGTGTAGTCGACCTTGACCAGGGCCTCGTGGGGCCCGGGCGACGGGACGTCGAGCTCCTCGACGACCAGCGGGTCGGTGAACGAGCGGACGACGGCGGCACGCATGGCGGGCACGGAGATCACCTCGTTTTCTCGGGGAGAGGGGCCGGGGGACCGTGCCGACGGTCCTCCCTTCCCTCTCGACGCTACGCGTGCGCCGCCGCTCCGGCGCCCCGGACGGCCGGACCGGCGACCGACGTCCGTCCAGGTCGGGACCTCCGCCTCTCGTCGGCGAGGCCGACCGTCCTGGTCGACCGCGCGCCGACCGCGCCGACCGTCCCGGGCGGCCGCCGTCAGAAGGTCGCCCCGGGTGCCCGCGTGCCGGACGTCACGGGCGGCCGCGCGCCCACGCTTCGTAGACTGTCGGGGTGACCCCACCCTCCGTCGCGGGACGACCCCTGCTCCCGCTGCGCCCCGAGCTCGCCGGCGTCGAGCCGTAC
NZ_CP136680.1_gap47	1845419	1846787	1368	TCCCCGCGGACGACGAGCGCCGCCGGGCGCTGCGCCTGCTCAACCCGCTGGCCGACGACCGTCCCCTGATGCGCACGGACGTGCTGAGCACGCTCCTGGAGACCACGCGCCGCAACGTGGGCCGCGGGCTCGGGGACGTCGCCGTGTTCGAGGTCGGGCTCGTGACGCACCCGCGCCCGGGCGCCCCGGCCGCGCCGTCGCTGCCCGGCGGGGTGCGTCCCTCCGACGACGACCTCGCCGCGATCGAGGCCGCGCTCCCGGCGCAGCCGCGCCACGTCGCGGGCGTCCTGGTCGGTCGTCGCGAGCGGGCGGGCTGGTGGGGCTCCGGCCGGCCGGCGGACTGGACGGACGCGCTCGACGCGGCGCGCCTGGTCGCGGACCGCGCCGGCCTGCGGGGGGACGACGCCGTGCGCGTGGTCGCGGACACCGCGCGGGCACCCTTCCACCCGGGCCGCTGCGCGCGCCTCGAGCTCGCCGACGGGACGGTCGTCGGGCACGCGGGCGAGCTGCACCCCAAGGTGCTCGAGAACGTCGGCCTGCCCGCCCGCTCCGTGGCGTTCGAGCTCGACCTGTCGGCGCTCGTCGCGGGCGCGTCCGACGAGCCCGTCCAGGCGACCCCGGTCTCCGGGTTCCCGGCGGCGAAGGAGGACCTCGCGTTCGTCGTCGCCGCCGACGTGCCGGCCGAGGCGCTGCGGGCCGCGCTCGTCGAGGGCGCCGGCGAGCTCGCCGAGGAGGTCGCGCTGTTCGACGTCTTCACGGGCGAGCAGGTGGGCGCCGGGCGCAAGTCGCTCGCGTTCTCGCTGCGGCTGCGCGCCGCGGACCGCACCCTCACCGCCGACGACGTCGCGCGGGTCCGGGAGGGCGCCGTGGCCGCCGCGCGGGAGCGCGTCGGGGCGGAGCTGCGCGCATGAGCGGCGCACCGGGGGAGGGCACGACGCCGGACGTGGCGCCCGCGCGCACCGCGCTCGTCACCGGGGCGTCGCGCGGCATCGGCCGCGCGGTCGCCGTCGGGCTCGCCGCGTCCGGTCTCGACGTCACGCTCCTCGCGCGCGACGCGGGCCGGCTCGCCGGGGTGGCCGACGAGATCGCCGCGCTCGACGGCGCGGGCCGTGCCGTCGTCGTCACGGCGGACGTGACCGACGCCGCGGCGGTGGCCGCGGCCGTCCGCGAGGCCGAGGCCACGCTCGGGAGCGTGGACCTGCTCGTCAACAACGCGGGCCGGGTCGACGCCGAGGTGCCGCTCTGGGAGGCGGACCCCGACGAGTGGTGGGCCGTCCTGGAGACCAACGTGCGCGGGCCGTTCCTGCTCGCGCGCGCCGTCGTCCCCGGGATGCTCGCGCGCGGCGGCGGCCGCGTCGTCGACCTCAA
NZ_CP136680.1_gap48	1965091	1969229	4138	GCACACCTGCTGGAAGCGCACGACGAGCTCGTCGCGGCGCGCCTCGCGCCGTCGCCCCGCGCTGCCGACCTCGCGGCCGAGCACGAGGTCCACGACGACGGCGAGCGTCTCCGCGCGCTGCGGGTCGAGGTGCGCGCGGGCGCGCTCGGCCGCCTCCTCGACGGCCCGGACCGCCTCGTGCCGCGGCGGGGTGCCCGGCACCACGTACGCCCGGTAGCGGTCGAACGCGACGAGCAGCTCGCGCAGGCACTGGTGCAGGCCGCGCCACGTGTGGTCGCGCAGGCGCGGGTCGTCGTGGCAGACGGCGGCCGCGAGGTCCGTGAGCCGGTGCACCTCCGCGTAGAGCGGCCCGGCGACGACCTCGCGCTTCGCCTCCTCGACGAGCGCGCCGAGGCCGCCGGGCGGCGCGCCCGTGAGGCGCGTCATCACCGCGTCGAGGCCCGACCGGCCGCCCGGGTCGACGAAGAGCTGCTGCAGGCGCCACGCGACGTCGTAGCCGGTCGTCCCGACCGTCGCCCAGTCGGGCGGCACCTGCTCCTCGCCCGCGAGGATCTTCTCGACGACGACCCACGCGCCGTCGGTGCGGTCCGCGAGGCGCTGGAGGTACTGCGCCGGGTCCGCGAGGCCGTCGGGGTGGTCGATGCGCAGGCCGTCGACGACCCCGGACGTGACCAGGTCGAGCACGAGCGCGTGCGTCGCGTCGAAGACCTCCTCGTCCTCGACCCGGACCGCGACGAGCGACCCGACGTCGAAGAACCGGCGGTAGTTGAGCTCCTCGTCGCCCACGCGCCAGTAGGCCAGCCGGTAGTGCTGGCGCTCGACGAGCTCCGCGAGCGGCAGGTCCTCCGTCCCGGCGCGCACCGGGAACACGTGGTCGTAGTAGCGCAGCACGCGCCGGGGCCCGGGCGTGCCCGGCACCTCGACCTCGTCCAGCACGAGCTCGCCCGCCGCGAGCACGTCGCCGAGGCGCGCGCCGAGGACGGGCATGAGGACCGCGCCCTCGCCCGCCGACCAGTCGACGTCGAACCACCGGGCGTACGGGGAGTCGGAGCCCTCCTCCAGGACCGACCACAGCGCACGGTTGTGCCACGCGGGCGTGGGGACCGCCATGTGGTTCGGGACGACGTCGAGCACCATGCCCAGGCCCGCGTCGCGGGCCGCGGCCGCGAGCCGTCCGAGGCCCTCGCGCCCGCCGAGCTCGTCGCTGATCCGCGTGTGGTCGACGACGTCGTACCCGTGGGTCGACCCGGGCGCCGCCTGGAGCACCGGCGAGAGGTAGAGGTGCGTGACGCCGAGGGTCGCGAGGTACGGCACCTGGCGCGCGGCGTCGTCGAACGTGAGGTCGGGACCGAGCTGGAGCCGGTACGTCGAGACCGGGACGCGGGGCCGCGCGGCCGGCGCGCCGGCGGGGGAGACGGCGGTCATCGCAGCGGCGGGCGGGTCAGGACGATGACGCTGCGGCCCGTCACGGACACGGTCTCCCCGGGCTGCAGCACGTCGCCGACGTCGACCGTGCCGTCGGTGTCCAGCACGACGTCCCAGCTCTCCCCGTACGCCGCCGGCGGCACCGTGAAGTCCAGATCCTCGGAGTGCGCGTTGAGCAGCAGCAGGAACGAGTCGTCGACGATCGGCTCGCCGCGCCGGTCCTGCTCGGGGATCGCGTCGCCGTTGAGGAACACCATGACGGTGCGCGCGTAGGCGTGGTCCCAGTCCTGCTGGTCCATGCGCGAGCCGGTGATGTCGAGCCACTCGATGTCCGGGAGGTCGTCCGGACCCTCGGGCGTGCCCGGCTCCGCGCCGTCCTGCCGGCCCACGAAGAAGCGCCGCCGGTGCAGCACGGGGTGGTCGCGGCGCAGCCAGACGACCCGGCGCGCGAAGTCGAGGAGCGCGGCCCGCTCGTCGTCGAGGCCCTCCTCGCCGCCCCAGTCCATCCAGGTGATCTCGTTGTCCTGGCAGTAGCCGTTGTTGTTGCCGCGCTGGGTGCGCGCGATCTCGTCGCCGTGCGCGAGCATGGGCACGCCCTGCGACAGCAGCAGCGTGGCGAAGAAGTTCCGGCGCTGGCGCGCGCGCAGCGACCGCACGTCGGGGTCGTCCGTCGGGCCCTCGGCCCCGCAGTTCCAGGACCGGTTGTGGCTCTCGCCGTCGTTGTTGTCCTCGCCGTTCGCCTCGTTGTGCTTCTCGTTGTAGGACACGAGGTCGTTGAGCGTGAAGCCGTCGTGCGCGGTGACGAAGTTGATCGAGGCGATGGGCTTGCGCCCGCCGTGCTCGTAGAGGTCGGACGAGCCCGTGAGGCGGCTCGCGAGCTCGGGCAGCGTCGAGGGCTCGCCGCGCCAGAAGTCGCGCACCGTGTCGCGGTAGCGCCCGTTCCACTCGGTCCACAGGGGCGGGAAGCCGCCCACCTGGTAGCCGCCGTCGCCGAGGTCCCACGGCTCGGCGATGAGCTTGACCTGGGAGATGACCGGGTCCTGCTGCACGATGTCGAAGAACGCCGAGAGGCGGTCGACCTCGTGGAACTGGCGCGCGAGCGTGGCCGCGAGGTCGAAGCGGAACCCGTCCACGTGCATCTCGGTCACCCAGTACCGCAGCGAGTCCATGATGAGCTGGAGCACGTGCGGCGAGCGCATGAGCAGCGAGTTGCCCGTGCCGGTCGTGTCGAAGTAGTGCGCCTCGTCGCCGTCCACGAGCCGGTAGTAGGCCTTGTTGTCGATGCCGCGGAAGCTCAGCGTCGGGCCGAGGTGGTTGCCCTCCGCGGTGTGGTTGTAGACCACGTCGAGGATGACCTCGATGCCGGCCTCGTGCAGCGCCTTGACCATGGTCTTGAACTCCATGACCTGCTGCCCGCGCGTCCCGTGGGCCGCGTAGCCGTTGTGGGGCGCGAAGAACCCGATGGTGTTGTAGCCCCAGTAGTTCGACAGCCCCTTCTCGACGAGCGTGGGGTCGTTGACGAACTGGTGCACGGGCATGAGCTCGACCGCCGTGACGCCCAGGGTCACGAGGTGCTCGACGACGGCCGGGTGCGCCATGCCCGCGTAGGTGCCGCGCAGCTCGTCGGGGACGTCCGGGTGGAGCATCGTCATGCCCTTGACGTGCGCCTCGTAGATGACGCTGTCGTGGTAGTCCCGGTTCGGCGGGCGGTCGTGGCCCCAGTCGAAGAACGGGTTGATGACGACCGACATCATCGTGTGCCCGGCCGAGTCGTCGTCGTTGAGCGGGGGAGCGGGCGGGGGCGCGTCGTCCTCCTCGCCCTCGGCGGGCTCGACCGCCTGCGCGACCTCGTCCGCGTCGGCGAAACGGTAGGAGAACAGCGACTCGTCGCCGTCGATCTGCCCCTCGATCGCCTTCGCGTACGGGTCGAGCAGAAGCTTCGCCGGGTTGCAGCGGTGGCCGTTCGCGGGGTCGTAGGGACCGTGCACGCGGTAGCCGTAGCGCGTGCCGGGGCCCTTGCCCGGGAGGTAGACGTGCCAGACGTGCGCATCGATCTCCTCGACGTCGACGCGGGTCTCGTTCCCGTCGTCGTCGAAGAGGCAGAGCTCGACGCGCTCGGCGATCTCGGAGAAGAGCGCGAAGTTGGTCCCCGTGCCGTCGTACGTGGCGCCGAGGGGGTAGGGGTGGCCTGGCCAGGTCTGCATGTCCCTGAGGATGTCACGGGGTCCTGTTCGCTGTCGTCGCAGGAGACCCCTCGGTGACGCGATCGATCTCGACCGGGCTCTCCCGCCGCGATCAGAGCAGTAATAGTGTGCCAAGCGGCGATCACGCTGGTGGTCGCCCCGGCCGTGCGGCGCGGCGACCCGCCCGGAGGCGGACGGTCGTGCATCGCGCGGGCGGACCTGGTAGACCCGTGCCATGAGCACCCACGCACACCACCGCGACGACCTCAACCAGTCCGACATCGCGTCCGCCCGGCTGTCCCCGCGCCGTGAGGACGAGGGAGAGGGGTCCGGCGACGTGCTCACCGGGGGAGACGCGACGAAGGCCCCGCAGTCGCTCTCGGAGAACGAGCGCCGGCCCATCGACGGCGCGTCGTCGGGCACGTCCTGGGACGACCCGGACGAGCTCTAGGAACTTCGCGCTCGGCCCCTCAGTCGACGCGCGGCAGGCGGTCGGCGTCGACCGCGATGAGCCGTGGCATCCCCGCGGG
NZ_CP136680.1_gap49	1985229	1985914	685	GCGCCGCGACCACGGAGGGTGCCGGCGCGGTCGGCACCGCGAAGGTCAAGCGGGGGATGGCGGAGATGCTCAAGGGCGGCGTCATCATGGACGTCGTCACGCCCGAGCAGGCGAAGATCGCCGAGGACGCCGGGGCCGTGGCGGTCATGGCCCTCGAGCGCGTGCCCGCCGACATCCGCGCGCAGGGCGGCGTCTCGCGCATGTCCGACCCGGACATGATCGACGGGATCATCGAGGCCGTCTCCATCCCCGTGATGGCCAAGGCGCGCATCGGCCACTTCGTCGAGGCGCAGGTGCTCCAGTCGCTCGGCGTGGACTACGTCGACGAGTCCGAGGTCCTCACGCCCGCGGACTACGCCAACCACATCGACAAGTGGCAGTTCACCGTCCCGTTCGTGTGCGGGGCGACCAACCTCGGCGAGGCGCTGCGCCGCATCACCGAGGGCGCAGCGATGATCCGCTCCAAGGGCGAGGCCGGCACGGGCGACGTCTCCAACGCGACCACGCACATGCGCACCATCCGCGGGGAGATCCGCCGCCTCACGTCGCTCCCCGAGGACGAGCTGTTCGTCGCCGCGAAGGAGCTCCAGGCGCCGTACGAGCTCGTCAAGGAGGTCGCCGCGACCGGCAAGCTCCCGGTCGTCATGTTCACGGCCGGCGGGATCGCGACCCCGGCCGACGCCGC
NZ_CP136680.1_gap50	1988074	1989592	1518	AGGATCGTCGCAGTCCAGCAGGGATCGCTGCTCGCCACCTCGTTCCACCCGGAGATCTCCGGGGACACGCGCGTGCACGAGCTGTTCGTCAGAATCGCGAAGGGGTAGGAACGCATGTCAGGGCACTCCAAGTGGGCCACGACCAAGCACAAGAAGGCGGCCATCGACGCCAAGCGCGGCAAGCTCTTCGCGAAGCTCATCAAGAACATCGAGGTCGCGGCGCGCACGGGCGGCGGTGACCCCGCGGGCAACCCGACGCTGTTCGACGCCATCCAGAAGGCGAAGAAGTCGTCGGTCCCCAACGACAACATCGACCGCGCCGTCAAGCGCGGCTCGGGCACCGGCGCCGACGCCGTCGACTACCAGACGATCATGTACGAGGGCTACGGCCCCAACGGCATCGCCGTCCTGGTCGAGTGCCTCACCGACAACAAGAACCGCGCGGCCTCCGAGGTCCGCCTCGCGTTCAGCCGCAACGGCGGCAACCTCGCCGACCCGGGCTCCGTGTCCTACCTCTTCGCGCGCAAGGGCCTCGTCGTCGTGCCGAAGGCCGAGGGCGTGACCGAGGACGACGTCATGCTCGCCGCGCTCGAGGCGGGGGCCGAGGAGGTCACCGACTCCGGCGACGTCATCGAGGTGCTGTCCGAGGCGAGCGACCTCGTCGCCGTGCGCAGCGCGATCCAGGAGGCGGGGATCGAGTACGACTCCGCCGACTCGATCTGGCACCCGTCGATGGAGGTCGAGGTCGACGCCGAGGGCGCGCGCAAGATCCTGCGCCTCATCGACGCGCTCGAGGACAGCGACGACGTGCAGAACGTCTACGCCAACTTCGACGCGTCGGACGAGGTCATGGCGGAGCTCGATAACGACGACTGATCCGGCGGAGCTCGCGTCCTGATGGTCGGGTCGCGGCGCGGCCGGGAGGTCGGTGCGCGGTCTACCATCCGCGGCGCTCGTGCCTCGCGCCGCTCCCGCCAGGCCCGCCACGACCGCGCACCGACCTCCCGGCCCCACCGCTGGCTGGTCCGTCGCCGGACCGCGTGGCACGGCCGGTCCGTGCCGTTCACGTGAAAGGGTCGAGGGGTGCGCGTTCTCGGAGTGGATCCTGGGCTGACCCGGTGCGGTGTCGGGGTGGTGGACTCCGCGCGGGGGCGGCGGGCCGAGCTCGTCGCGGTCGGGGTGATCCGGACGGACCCGGAGCTGAGCGTGGACCTGCGGCTGCTGCGGATCGCGGAGCGGCTGGACGCGTGGTTCGACGAGCACGTGCCCGACGTCGTGGCGGTCGAGCGCGTGTTCGCGCAGCACAACGTCGGGACGGTCATGGGCACCGCGCAGGCCGCGGGCATCGCGATGGTCGGGGCCGCGAAGCGGGGCGTCCCCGTCGCGCTGCACACGCCGTCGGAGGTCAAGGCCGCGGTCACCGGGAGCGGGCGCGCCGGCAAGGAGCAGGTCCAGCGCATGGTCGCGGGGATCCTCGGCCTCGCGGAGCCGCCGAAGCCCGCGGACGCGGCCGACGCG
NZ_CP136680.1_gap51	1995896	2000360	4464	GCGTGTTCTCGTGGTGGACGACGTGCTCGCGACCGGGGGCACGGCGGCCGCGGGCGCCGAGCTCGTCGAGCGCGGGGGAGGCGTCGTGGTGGGCCTGGCGTTCCTCCTCGAGCTCGAGGGTCTGGGCGGCCGCGAGCGGCTCGCGGGCCGCGAGGTGGCCACGCTGGTCCACGTCGAGTCGTAGGATTGCCACTCCGGTCGTCTCGGCTGGTCGCCGGCATCGTGCCGGTGGCGGCCGCCCTGCGGAAGGAGGCGCGCATGAGCGAGAACACCCGGACGTCGCGCGCTCCTGAGCGCGCGGGCGCCCCGACCTCCGGCACCGGCGGGTCGGGCGGGCGCGGTGTGCGCTCGCGCCTCGTCCGCTTCGGCGCGCGCCCCAACGCGGGCAGCCCGGCGCTCGAGCCGGTGCTCCAGGCCGTCCGCACCAACCACCCGCGCACGGACCTGAGCGTCATCGAGCGCGCGTACGAGACCGCAGAGCGCGCCCACCGCGGCCAGCTGCGCAAGAGCGGCGACCCGTACATCACGCACCCCGTCGCGGTCGCGACGATCCTCGCCGAGCTCGGGTTCGACGGGTCGACGCTCGCCGCCGCGCTGCTGCACGACACGGTCGAGGACACCGACTACTCGCTCGCGCAGCTCACCGAGGAGTACGGCGAGGAGATCGCCATGCTCGTCGACGGCGTGACCAAGCTCGACAAGGTCACGTACGGCGACGCGGCGCAGGCCGAGACGGTGCGCAAGATGGTCGTCGCCATGGCACGGGACATCCGTGTGCTCGTCATCAAGCTCGCCGACCGCCTGCACAACGCGCGCACCTGGAAGTACGTGTCGTCGTCGTCGGCGGGGCGCAAGGCGCGCGAGACGCTCGAGATCTACGCGCCGCTCGCCCACCGCCTCGGCATGAACACGATCAAGTGGGAGCTCGAGGACCTGTCGTTCCAGGCCCTGTACCCCAAGGTGTACGACGAGATCGTCCACCTCGTCGCCGAGCGCGCGCCGGCGCGCGAGGAGTACCTGGCCGTCGTGCGCGAGCAGGTCACGGCCGACCTGCGCAGCGCGAAGATCAAGGCGACCGTCACCGGCCGGCCGAAGCACTACTACTCGATCTACCAGAAGATGATCGTGCGCGGCCACGACTTCGCGGAGATCTACGACCTCGTCGGCGCGCGCGTCCTGGTGGACAGCGTCCGGGACTGCTACGCGGCGCTCGGTGCGCTGCACGCGCGGTGGAACCCCGTGCCGGGGCGGTTCAAGGACTACATCGCGATGCCGAAGTTCAACATGTACCAGTCGCTGCACACGACGGTCATCGGGCCGGGCGGGAAGCCGGTCGAGATCCAGATCCGCACGCACGAGATGCACCGGCGCGCGGAGTACGGCGTCGCGGCGCACTGGAAGTACAAGGAGACCGCGAAGTCGGGCGGCAAGACGGCGAAGGACGACGCCGCGGCCAACGACATGCGGTGGCTGCGCCAGCTCGTGGACTGGCAGCGGGAGACGGCCGACCCGGCCGAGTTCCTCGACTCGCTGCGCTTCGAGATCGGCGGCGCGGAGGTCTACGTCTTCACCCCCAAGGGCGACGTCATGGCGCTGCCGGCGGGCGCGACGCCGGTCGACTTCGCCTACGCGGTGCACACCGAGGTCGGGCACCGGACCATGGGCGCGCGCGTCAACGGGCGGCTCGTCCCGCTCGACTCGACGCTCGAGAACGGCGACTCGGTCGACGTCCTCACCTCGAAGTCGGAGAACGCGGGTCCGAGCCGCGACTGGCTCGCCTTCGTCAAGAGCCCGCGGGCGCGCAACAAGATCCGGCAGTGGTTCTCCAAGGAGCGCCGCGAGGAGGCCGTCGAGCACGGCAAGGACGCGATCGCCAAGGCGATGCGCAAGCAGAACCTGCCGATCCAGCGCCTGCTGTCGCACGAGTCGCTCGTCGCGCTCGCCAACGAGCTCCGCTTCGCGGACGTCACCGCGCTGTACGCGGCGATCGGCGAGGGCCAGGTGTCGGCGGCGAACGTCGTCTCCAAGCTCGTCCAGGCGATGGGCGGCGAGGAGGGCACGGTCGAGGACGTCGCCGAGACCGCGCGCCCCGGGAACACCGCGCGCCGCGTGCGCACGGGCGACCCGGGCGTCATGGTCAAGGGCGTCGACGACATCTGGGTCAAGCTCGCGAAGTGCTGCACCCCGGTCCCGGGCGACGAGATCATCGGGTTCGTCACGCGCGGGCAGGGCGTGAGCGTGCACCGCGCGGACTGCGCGAACGTCGTCGGGCTGCGAAACCAGCCCGAGCGGATCGTCGACGTCTCGTGGACCACGGGCAGCAACGCCATGTTCCTCGTGCAGATCCAGGTCGAGGCGCTCGACCGCGCGCGCCTGCTCTCCGACGTGACGCGCGTCCTGTCGGACAACCACGTGAACATCCTCTCGGCGACCGTCTCGACCTCGAACGACCGCGTGGCGATGTCCCGCTTCGTCTTCGAGATGGCGGAGCCCGCGCACCTCGCGCAGGTCCTCAGCGCGGTCCGCAAGGTCGACGGCGTGTTCGACGTCTACCGCATCACGGGGACGAAGGCCGCCGAGACGGCGCAGCTCCCCGCCTGAGCCGGGGCCGGGAGGCGGCTCGGCGGCACCACGCCGCGCAGGGCGGCAGGCCCGGTGGCAGCATCGGCACATGGACCTGCCCGTCATGCCCCCCGTGCTGCCCATGCTCGCGAAGTCCGTGCCCGCCGTGCCCGAGCCCGACGCCGTCGACGGGGGGTACGTGTACGAGCCGAAGTGGGACGGCTTCCGCGCGATCGTGTACCGCGACGGCGACGAGGTGCGGCTCGACAGCAGGAACGCGCGGCCCATGGACCGCTACTTCCCCGAGGTCGTCGAAGCGGTCCGGGCCGCGCTCCCGCCCCGGTGCGTGGTCGACGGCGAGATCGTCGTCGCGCGGGACGGTCGCCTCGAGTTCGAGGTGCTCCAGCAGCGTATCCACCCGGCGGCCTCGCGCGTGCGCCTGCTCGCGGAGCAGACCCCCGCGGCCCTCGTCGTGTTCGACGTGCTCGCGCTGGGGGACGAGGACCTCACGCGCGCGCCGCTCGCGCGGCGGCAGGAGGTGCTCGACTCCCTGGGCCTCGACGGCCCGGCGGTGCACGCCACGCCCCGCACGCGCGACGTCGCCGTGGCGCGGGAGTGGTTCGACACGTTCGAGGGCGCGGGCCTGGACGGCGTCGTCGCCAAGCAGCTCGACGGCACGTACCAGCCGAACAAGCGCGCGATGCTCAAGATCAAGCACGGTCGCGAGGCGGACGTCGTGCTCGCGGGGTACCGCCTGCACAAGACGTCGACCTTCGCGAAGCCGCTGCTCGGCTCGCTCCTGCTCGGCCTGTACGACGACGCGGGCCAGCTCCAGTTCGTGGGCGTGGCCGCGTCGTTCCCGACGGCGCGGCGCGCCGCGCTGGTCGAGGAGCTCGCGCCGCTCGTCGTCGAGCCGGGCACGCCGGACGCGGACGCGCACCCGTGGTCCGGATGGGAGAACCCCGCCGGCGAGCGGATGCCGGGTGCGGTGTCGCGCTGGAGCTCGGGCAAGGACCTGTCGTTCACGCCGCTGCGTCCGGAGCGCGTGGTCGAGGTCGCCTACGACCACATGGAAGGCTCCCGGTTCCGGCACACCGCGCAGTTCCGGCGCTGGCGCGACGACCGGGACCCGGAGTCGTGCACCTACGAGCAGCTCGAGGAGCCGGTGCGCTACGACCTCACGGGCATCCTCCCCGGGGCGCCCGGCGTCGACTGACGCCGCCCGCACCCGCGTGGTCGCGGCACGTCAGTCCCGGGCGCGGTCCCGGTCCTTGCTCGGCTGGACGCGCTTGGGCTCGCCGGGCATCTTCGGGTACTCGGGCGGGTAGGGGAGGTCCCCGAGCCCGTGCTCGGCCTCGTCGCGGCGGGACAGCTCCAGGGCGGGCTCGAGCGACGCGCCCGGGTCCTCCCGGTCGGCGCGCAGGGGTGCGAAGAGGTCGCCCACCGCGGCGAAGCGCGCGGGCATCGACAGCACGTCGAAGTCGTCCGGGTGGACGTCGCCGAGCTCCTCCCAGCGCAGGGGAGCGGACACCGTCGCGCGCTGGTTGGAGCGGATCGAGTAGGCCGACGCGATCGTGCGGTCGCGCGCCATCTGGTTGTAGTCGACGAAGATCTTGGCGCCGCGCTCCTCCTTCCACCACTTCGTGGTGACCTGGTCCGGCAGGCGCCGTTCGAGCTCACGACCGATCGCGATCGTCGCGCGGCGCGCGGCCACGAAGTCCCACTCGGGCGCGACCGGGACGAACACGTGGATCCCGCGACCGCCCGACGTCTTGGGGTAGCCGGGGAGGCCGAGCTCGTCGAGGATCTCGCGCAGGTGCGGTGCGACGCGCACGGCGTCGTCGAAGTCGGTGCCCGGCTGGGGGTCGAGGTCGATGCGGAGCTGGTCCACCGCCTCGACGT
NZ_CP136680.1_gap52	2199069	2200711	1642	GCAGACGCCCAAGCCCTTCTGCAGTCCTCCGACCCCTCCCCGAACGGAACGGTGCCACCAGGTGAGACCGGCCAAGATCACGCCAGAGCACAACCCTCTGCGCGACCCCCTCGACCTGCGCCTGCCCCGGATCGCGGGCCCGTGCGGGCTCGTCATCTTCGGCGTCACGGGCGACCTCGCCCGCAAGAAGCTCATGCCCGCCGTCTACGACCTCGCCAACCGCGGCCTGCTCCCCCCGGGCTTCGCGCTCACGGGCTTCGCGCGCCGCGACTGGGAGGACCAGGACTTCGCGCAGGTCGTGCACGACGCCGTCAAGGAGCACGCGCGCACGCCGTTCCGCGAGGCGACGTGGCGCCAGCTCTCCGAGGGCATCCGGTTCGTCCAGGGCTCGTTCGACGACGACGAGGCGTTCGAGCGCCTGCGCGAGACGGTCGAGACGCTCGACGCCGAGCGCGGCACGGGCGGCAACCACGCGTTCTACCTGTCGGTCCCGCCGAGCGCGTTCCCCGTCGTGTGCCGCCAGCTCGCCGAGTCGGGGCTGTCCCGCTCGGCGGAGGACGCGTGGCGGCGCGTGGTCATCGAGAAGCCGTTCGGCCACGACCTCGCGAGCGCGCGCGAGCTCGACGCCGTCGTGTCGGAGGTCTTCCCGCCCGACTCGGTCTTCCGCATCGACCACTACCTCGGCAAGGAGACGGTCCAGAACCTCCTCGCCCTGCGCTTCGCCAACCAGATGTTCGAGCCCATCTGGAACGCGAACTACGTCGACCACGTGCAGATCACGATGGCCGAGGACATCGGCATCGGGGGCCGCGCCGGCTACTACGACGGCATCGGCGCCGCGCGCGACGTCATCCAGAACCACCTGCTCCAGCTGCTCGCGCTCGTCGCGATGGAGGAGCCGGTGTCGTTCGACGCGCCCTCGCTGCGGGCCGAGAAGATCAAGGCGCTCTCCGCCGTGCGGCTGCCGCGCGAGCTGTCCCGGCACACGGCCCGCGGGCAGTACGCCGCCGGCTGGCAGGGCGGCGAGGAGGTCATCGGCTTCCTCGAGGAGGACGGCATCCCCGACACCTCCACCACGGAGACGTACGCGGCGGTCCGCGTCGACATCGACAACCGCCGCTGGGCGGGCGTCCCCTTCTACCTGCGCACGGGCAAGCGCCTCGGGCGCCGCGTGACCGAGGTCGCCGTCGTGTTCAAGAAGGCCCCGCACCTGCCGTTCGAGAGCTCGCAGGCGTCGGACCTCGGGAACAACGCGCTCGTGATCCGCGTCCAGCCGGACGAGGGCGTGACGATGCGCTTCGGCGCCAAGGTCCCGGGCACCGCGATGGAGGTCCGCGACGTGACGATGGACTTCGGCTACGGGCACGCGTTCACGGAGTCGTCGCCGGAGGCGTACGAGCGCCTCATCCTCGACGTCCTGCTCGGCGACCCGCCGCTGTTCCCCACGCGCGAGGAGGTCGAGCTCTCCTGGAAGATCCTCGACCCGATCACCGCGCACTGGGCCGCGAAGGGCAAGCCCGAGCCGTACCGGTCGGGCACGTGGGGGCCGGAGTCCGCCGACGCGATGCTCGCGCGCGACGGCCGCGCCTGGCGGCGCCCGTGAGCGCCCCGGCGCCCGCCGAGCGGGCCGCGCGCACCCGAG
NZ_CP136680.1_gap53	2228647	2232569	3922	GCCATGCCGTAGAGCGCGGGGTCGAAGTCGTCCGACTCCGGGTCCACGCCCTCGTTGGCCTGCTTGAGCGACAGCGAGATGCGGCGGCGCTCGAGGTCGATGTCGATGACCTTGACGAAGACCTCGTCACCGACGTTGACGACCTGCTCCGGCAGCTCGACGTGGCGCACGGCCAGCTCCGAGATGTGCACGAGGCCCTCGATGCCGTCCTCGACGCGCACGAACGCACCGAACGGGACGAGCTTGGTGACCTTGCCCGGGACGACCTGACCGATCGCGTGGGTCCGGGCGAACGTCTGCCACGGGTCCTCCTGCGTCGCCTTCAGCGACAGCGAGACGCGCTCGCGGTCGAAGTCGACGTCCAGGACCTCGACCGTGACCTCCTGGCCGACCTCGACGACCTCGGACGGGTGGTCGATGTGCTTCCAGGACAGCTCGGAGACGTGCACGAGGCCGTCGACGCCGCCGAGGTCCACGAACGCACCGAAGTTGACGATCGAGGAGACGACACCGGGGCGCACCTGGCCCTTCTGCAGGGTCTGCAGGAAGGTGGAGCGGACCTCGGACTGCGTCTGCTCGAGCCAGGCACGGCGCGAGAGGACGACGTTGTTGCGGTTCTTGTCGAGCTCGATGATCTTCGCCTCGATCTCCTTGCCGACGTACGGCTGGAGGTCGCGGACGCGACGCATCTCCACCAGGGAGGCCGGGAGGAAGCCACGGAGGCCGATGTCGAGGATGAGACCACCCTTGACGACCTCGATGACGGTGCCGGTGACGACGCCGTCCTCCTCCTTGATCTTCTCGATCGTGCCCCAGGCGCGCTCGTACTGGGCGCGCTTCTTGGACAGGATCAGACGGCCTTCCTTGTCCTCCTTCTGGAGGACGAGGGCCTCGACCGCGTCGCCGACGTTGACGACCTCACCGGGGTCCACGTCGTGCTTGATGGACAGCTCGCGGGAGGGGATGACGCCCTCGGTCTTGTAGCCGATGTCGAGGAGGACCTCGTCGCGGTCCACCTTGACGATCGTGCCTTCGACGATGTCGCCGTCGTTGAAGTACTTGATGGTCGCGTCAACGGCGGCGAGGAAGTCCTCCTCGGTGCCGATGTCGTTGACGGCAACCTGGGGTGCGGACTTCGCGGGGGTAGAGATGGTCATTGAGTTCGATGCTCCGATGCGGACAGGTGTAGTCGAGCGGGTAGGGTTTTCGGCGCGTCTCCCGCCGACGCCCCCGGACGCTCCGGCGTCATGGTCGACGTCGTGGCTCGGGATGAAGGCAGGCGCAGCGCACCGCCGTCCACCTTATCCGGGTGTCACCCCGGCGGTCAACGCGTCTTGCGCGCCCCGCCGGGGCGTCCCGACTACCGGTTCCACGTCACGCGAGCACGCGGGCGACCCGCAGCAGCTCCTCCGGGACCCGCTTCGGCCGGCCCGCGACCTCCGCGAGCGGCACGAGCTCGACCCGCTCGCCCCGCAGCGCCGTCATGACGCCCGACGTCCCCGCGCTCACGGCGTCCACGGCCGCGACGCCGAAGCGGCTGCCGAGGATCCGGTCGGTCGGCGTGGGCTCGCCCCCGCGCTGCACGTGGCCGAGCACCGTGAGCCGGGTGTCGAACCCGGTGCGCTCCGCGATCTCGGCGCTCACGCGCTCCCCGATGGAGCCGGCGACGATCTCCCCGAACCGGCCGAGCTGCTGCGTGAACTCCATCGACGACCCCTCGCGCGGCACGGCGCCCTCGGCCACGACGACGATCGAGAAGTTCGCGTGCGCGCGGTGCCGGTGGCGGAGGAACTTCACGACCTGGTCGATGTCGAACGGCTGCTCCGGCGCGAGCACGACCTCGGCGCCGCCGGCGATGCCCGCGTTGACCGCGATCCAGCCGGCGTGGCGGCCCATGACCTCGACCACCATGACGCGGTTGTGGCTCTCCGCCGTCGTGTGCACGCGGTCGAGCGCCTCCGTCGCGATGTTCACGGCGGTGTGGAACCCGATCGACAGGTCCGTGCCCTCGACGTCGTTGTCGATCGTCTTGGGGATGGCGACGATCTTCACGCCCGCCTCCGCGACGCGGCTCGCCGCGTGCAGCGTGCCGTCGCCGCCGATGCAGATCAGGGCGTCGAGGTGCTCGGCCTCGACCGTCGCGAGCACGGCGTCCATGCTGCCGTCCTCCTCGCGCGGGTGGAACCGCGCGGTGCCGAGCAGCGTGCCGCCCACGGGCAGGACGTTCCGGATGTCCTGGCGGCCGAGCGGGTGCACGTCGCCGTCGACGACGCCGCGCCAGCCGTTGCGGAAGCCGATGATGGTGTGCCCGTACTCCCCCGTCCCCTGCTTGACCACGGCCCGGATCGCCGCGTTCAGCCCGGGGCAGTCGCCCCCGCCGGTGAGAAGTCCGATGCGCACCTGTTCCTCCGTCTCGTCGTCGCGTCGCGCGGCCTCGCGCGCATGCCGGGCGTCGACGGAGGTGCCGACCTCCGCGGCACCGCGTCGCCCTCAACCCTAGCCACCCCCGCGCGACGGGTCATCGCCCGTCCCGGTCCGCGGGCACGCCGACGACCAAGGTCCCGACCGGACGGGCCGTGCGGCGGGACCGGGAGAATGGGGGCATGAGCGCGTCCTCCTCGCCCGAGCCGCCCGTCGTCGCGCCCTCGGGCGCGACCCCCGGTCCGACCGCCGACGCCGGCTACCGCGACGTGCCCGCGACCGAGGGCGGCCGCGCCGGCCGCGGCTGGTGGGACGCCAACGCGCAGGAGTACCTCCACGAGCACGGGGCCTTCCTCGGCGCGGCGGACTTCTGCTGGTGCCCGGAGGGCCTGCGCGAGCGGGACGCGCGGCTGCTCGGCGACGTCGCGGGGCGCCGGGTGCTCGAGGTCGGCGCGGGCGCGGCGCAGTGCTCGCGCTGGCTCGTCACGCAGGGGGCGGAGGTCGTCGCGACGGACGTGTCCGGCGGCATGCTCGCCGCGGGGGCGGCGCTGGACCGGGCGACGGGCGTGCGCGTCCCGGCCGTCCAGGCCGACGCGCGCCGGCTCCCGTTCGCCGACGCCACGTTCGACGTCGCGTTCACCTCGTTCGGCGCGATCCCGTTCGTGCCCGACGCGGCGGCCGTCCACCGCGAGGTCGCGCGCGTGCTGCGGCCCGGCGGCACGTGGACGTTCTCGGTGACGCACCCGACCCGGTGGGCGTTCCCCGACGACCCGAGCGAGCACGGGCTGACCGCGAACCGGTCCTACTTCGACCGCCGGCCCTACGTCGAGACCGACGCGGCCGGCCGTGTCGTCTACGCCGAATACCACCGCACCCTGGGCGACCACGTGCGCGAGGTGGTCGCCGCCGGGCTGGAGCTGCGCGACGTCGTCGAGCCCGAGTGGCCCGCCGACAACGCCGAGGTGTGGGGCGGATGGGGACCGGTGCGCGGCGCCTACCTGCCCGGGACGGCGATCTTCCGCACGCGCCTCCCGGGCTGACACGCGCGGGTCAGTGACCCGCCTCGTGCCACGTGGCGCCGACGCCGACCGAGACGTCGAGCGGCACGTCGAGGTCCGCTGCGGCACCCATCTGCGTGCGCAGCACCTCCTCGACGGCGTCGCGCTCTCCCGGGGCCACCTCGACCACGAGCTCGTCGTGCACCTGGAGGAGCAGCCGTGAGCGCAGCCCGCGCTCGTCGATCGCGCGCTGCACGTTGAGCATCGCGACCTTGATGATGTCGGCCGCGCTGCCCTGGATCGGCGCGTTGAGGGCCATGCGCTCCGCCATCTGGCGGCGCTGCCGGTTGTCGCTCGTGAGGTCCGGCAGGTACCGGCGGCGCCCGAGGATGGTGGCCGTGTAGCCCGTGGCCCGCGCCTCGTCGACGACGCCCGTGAGGTAGTCGCGCACGCCGCCGAAGCGCTCGAAGTAGTCGTCCATGAGCTTCTGGGCCTCGCCCACC
NZ_CP136680.1_gap54	2258609	2260868	2259	AGCGCGCGCGGGAGCTCGCCGAGGACCCAGCCGAACGCGCGGACCGGCACGGCCATGACGGTCAGGAGGTACGCGGCGGTGATGATGTCACCGGGCGCGACGTCGCCCGCGGTGAGGCGCACGGTCCCGACGCCCAGCACGAGGAGCGTGCCGAGCGACGGCAGGAGCTCGATGACGGGGTCGAAGAACGCGCGCACGACACCGACCCGCACGTTCGCGGCGCGCAGCTCGTCGGTGCGCTCGGCGAAGCGGCGCTCCTCGCGGTCCGCGGTGCCGAGCGACGTGACGAGGAGCGCGGCCTCGAAGCTCTCGTGCGCGACGTCGGACACCTCGGCGCGCAGCTGCTGCGCCCGCGTGATGGCGGGCGACATGTAACGCTGGAACACGATGTTCACGGCGACGGCGACCGGGATGACCACGAGCGCCGCGCACGCGAGCCAGACGTCCACCCGGAAGAGCATCACGGCGGCGACGCCGATCATGACGACGACGCCCAGCGCGAACGGCAGCGGGTTGAAGACGCCCGTCGCGGCCTCGACGTCGGAGTTCGCGTTCGACAGGAGCTGCCCGGCCGGGTGCGAGCGGTGCCACGACATCGGCAGGCGCAGGTACTGGCGGGTCACCGCGGTGCGGTGGCGCGCCTGCAGCGCGGCGTACCCGTTGCCCGCGAAGATGCGCCGCGCGGCGACGCTCACCGCGAGCGAGAGCGCGATCCCGGCGAGCACGAGGCCCGCGACCCAGATGCGGCCGCGCGCGGCCTCGTCGCCCGCGAGCGCGGGCACCACGACCTCGTCGGTGACCCGGCCGACCGCGCCGCTCACGGCGACGGTCAGCGCGCCGAAGAGCGCGGAGGACCCGATCGCCAGCACGTACGTGCGGGGCTCGTCGCGGATGCCGCGCCCCATGAGCGCGAGCGAGCGGCGGACGCGGGAACCGGTGAGCGCGTGCGGTCGCCGGACCGACGGCTCGGCAGGGAGCCGGTCGCGGGGGCGGTCGTGCCGGGCGGCGGTGGCCGGCGGGTCGGTCGGGGCGGGCGGGGCGTCGGCGCCGGTGGGGCGCGTCCTGCTGCCGGGCACGGGACGGTCCTCGTCTTTCGTTCAGGGGGTGGCCCGATCCTCTCACGGGCTCCCGACACCGCCGCCGGGCGTCCGCGCCGGTCAGCGCACCTGCACGCCCTCGGCCCGCATCGCGTCCTTCACCTGACCGACGGTGAGGGCGCCGAAGTGAAAGACGCTCGCGGCGAGCACCGCGTCAGCCCCGGCGCGCGCCGCCGCCACGAAGTGCTCGGGCGTCCCCGCCCCGCCGCTCGCGATCAGCGGCACGCGCACCTCGGAGCGCACCGCGGCGAGCATCTCGAGGTCGAACCCGGCCGTCGTGCCGTCCGCGTCCATCGAGTTGAGCAGGATCTCGCCCGCGCCCAGCCCCGCGGCGCGCGACGCCCACTCCACGGCGTCGATCCCCGTGCCGCGACGCCCGCCGTGGGTCGTCACCTCGTAGCCGGACTCCGTCCGCACGTCGCCGGTCGTGCGGCGGGCGTCCACCGAGAGCACGAGCACCTGGCTGCCGAAGCGGTCCGCGATCTCCGCGATGAGCTCCGGGCGGGCGATCGCCGCCGTGTTCACGCCGACCTTGTCCGCGCCCGCGCGCAGGAGACGGTCCACGTCGTCCGCCGAGCGGACCCCGCCGCCGACCGTGAGCGGGACGAAGACCTGCTCGGCGGTCCGCCGCACGACGTCGTACGTCGTCTCCCGGTTGCCGGAGGACGCGGAGACGTCGAGGAACGTCAGCTCGTCGGCGCCCTCGGTGTCGTAGCGCGCGGCGAGCTCGACGGGGTCGCCCGCGTCGCGCAGGTTCTCGAAGTTCACGCCCTTGACGACGCGTCCCGCGTCGACGTCGAGGCACGGGATCACGCGGATCGCGACGGTCATGGGGAGTCTCCTCGGTCGGCCGGCGCTCCGCCGGTCGTGTCGGTGCCGGTCGTGCCGGTCGTGTCGGTGCCGGTATCGGTGCCGGCTGTGTCGTCGGCCGTGCCGGTGTCGCCCGCGCTCTCCTCGGTCACGGGGAACTGGGCGTCGAGGATGTCGACGACGTAGACGAGCGTCTCGCCGGCCAGCGGGTTGGCGGTGGCGCCGTAGGCCAGGTCGGGCGGCACGACGAGGAGCACCTGGCTCCCCACCGACTGCTCGAGGAGCCCTTGCTCCCACCCCTCGATGACCTCGCCGATACCGATCATCACCGACAGGGGCGCCGCGCCGTCCG
NZ_CP136680.1_gap55	2287154	2291773	4619	CTCGCGCGCCGCGTGCGCCCCGACGTCGTTCTCATGGACCTCCAGATGCCCGTGCTCGACGGGATCGCGGCCACGCGGCAGATTGTCGACGACGCGGCCCCCGGCTCGGGGCTACCGGACGGCGCGACGGGCGCGGACGGGGCGGCGGCCGGACCGCGCGTCGTGGTCCTCACGACGTTCGACGACGACACGAACCTCTTCGCGGCGCTACGGGCGGGGGCGTCGGGCTTCCTGCTCAAGGACGCGAGCCCGGACGAGCTGCGCGGCGCGGTGCGCACTGCCGCGGCGGGCGACGCGCTGCTCTCCCCCGCGGTGACGGCGCGCGTGGTCGCGCAGGCGGTGGACGCCGGGCGACGGGAAGAGGCGCTTGTCGCCGCGGTCGCCGACCGGCTCACGGACCGCGAGCGCGAGGTGCTCGCGCACGTCGGCCGCGGCCTGACGAACGACGAGATCGGCGCGGCCCTGTTCATGAGCCCGGCGACGGCCCGCACGCACGTGGGCCGTATCCTCGCCAAGCTGGGGGTGCGGGACCGGGCCGGCCTCGTCGTCGTCGCCTACGAGACCGGCCTGGTCCGCCCGGGCACCCCGCCCAGGTAGAGCCGAGGTCCGCGAGGTAGAGGCGTGGTCATGACCAGGCCTCTACCTCGCGCTACCACGGCTCTACCTCGCGACGGGAGGGGCCCACACCTCAGGCGTCGAGGCCGCGGCGCGCGAGGAGCGGCGCGATGTCGGCGTCGCGGCCGCGGAGCTCACGGAACGACTGGAGCGGGTCCTGCGAGCCGCCGCGCGCGAGCAGCACGCGGCGGAAGCGCTCGCCGTTCTCGCGCGACAGGCCGCCGTTCTCGCGGTACCACTCGACCGTGTCGGCGTCGAGGACCTCGGACCAGATGTACGAGTAGTACCCGGCCGCGTACCCGCCCCCGAACACGTGGTTGTAGTACGTCGTGCGGTAGCGCGGCGGGACGGGCGCGAACGCGACGCCCGCCGCCTCGAGCGCGGCGGCCTCGAACGGCACGACGTCGGCCTCCGACGCGGGGACGCCGTCGGGCCCGACCTGGTGCCAGGCCTGGTCGAGCAGCGCAGCGGCGAGGTACTCGGTCGTGCCGAAGCCCTCGTTGAACTGGCGCGAGGCGAGCATGGTGTCGACCCACTCGGCGGGCATCGGCTCGCCCGTGACGTGGTGCACCGCGTAGGAGCGCAGGACCGTCGGCTCCCACGCCCACATCTCGTTGACCTGCGAGGGGTACTCGACGAAGTCGCGCGGCACCTCGGTGCCGGACTGCGACGGGTAGCGCACGTCGGAGAACAGGCCGTGCAGCGCGTGCCCGAACTCGTGGAAGAGCGTGATGACCTCGTCCCAGACGAGCAGCGTGGGCTGGCCGGCCGGCGGCTTGACGATGTTGAGGTTGTTGACGACGACCGGCTTCTGCCCGAGCAGGTGGTTCTGGTCGACGAGGTTGTTCATCCAGGCGCCGCCGCGCTTGGACTCGCGCGTGTACCAGTCGGCGAGGAAGAGACCCAGGCCCTGGCCCGGCTCCCCCGGCGTCTCGGCGTCGAAAACCTCGAAGACGCGCACGTCCGGGTGGTACCCGACGAGGTCGTGGCGCTCGGCGAAGGAGATGCCGAACAGGCGGTTCGCGGCCAGGAACACGCCGTCGTGCACGACGCGCTCGAGCTCGAGGTACGGGCGCAAGAGCGCGTCGTCGAGCGCGTAGCGGTCCTTGCGCACGCGCTCGGCGTAGAACGACCAGTCGGACGCGCGCAGCGTCGCGCCCGGCTCGTCGGCCCGCAGCGCCGTCTCGAGGTCGGCCGCCTCGCGGCGCGCGTTCGCGACGGCGGCAGGGGCGAGCCGCGCGAGCATCGCGTTCACGGCCTCGGTCGTCTTGGCGGTCGCGTCCTCGGCGACGTACGCGGCGTGGTGCTCGTAGCCCAGCAGGCGCGCGCGCTCGGCGCGCAGGCGCACGGTCTCCAGCACGATCTCGCGCGTGTCGTGGTCGTCGCCGCTCGCACCGCGTGACTCCGACGCCTGCTGCACGCGCTCGCGCACGTCGCGGCGCGCGAGCGAGGCGAGGACGCCCTGCTGGGTGGGGAGCTGCATCTCCAGCAGCCACGCGCCCTCGTGCCCGCGCGCGGCGGCGGCCGCCGCCGCGCCCGCGACGGCGTCCTCGGCGAGCCCGTCGAGCTCCGCCCGGTCGGTGACGAGCACGCTCGCGGCGTTCGCGCCCGCGAGCAGCTTGCGGCCGAACGCGGCCTCGAGCGTGGTCAGGCGGCCGTTGAGCGCGCGCAGGCGCTCCTGCTGCTCCGCGTCGAGCTCCACGCCCGAGCGGCGGAACCGGACGAGCAGCGTGCGGAGCAGCCACGCGGCGTCGGGCTCGAGGGTCTGCTCGCCGGCGTCCACCGCGTCCTGGAGCGCGCGGGCGCGGGCGTAGAGGCGCGCGTCCATGTAGATCGCGTCGTGGTGCGCGGCGAGCTCGGGCGCGAACTCCTCCTCGATCTGCTCCAGGCCCGGCGTCGCGTCGGCCGAGAGCTGGTTGTAGAACGCGTTGAGCACGCGCGCGAGGTCGCGGCCCGACCGCTCGAGCGCCTCGAGCACGCTCGCGGCGGTGGGCGGCGCGTCGTCGGTCGCGACCGCCTCGATCGCCGCGCGCTGCGCGGCCGTCGCGGCCCGCAGCGCCGGGAGGTAGTGCTCCTCACGGATCGCGTCGTAGTCGGGCAGCTCGTACGGCAGCACCGACGGCGCCGCGAACGGGTTGGCGGGGTCGAGGTCGAGGAGGGCCGGCGCGGTGGTGGGCGCGGGCGCGTCGGCGGGCGTCGTGGGCTCGGAGGTCATGGTGCCCATCTTGACCCCGCGGGCAGGCGGGACGGAAACGGACACCCCGCCGCCCGGGAGCACGGCGGCGGTACGGCGTCAGGCCGCGCGGCCCGACGGCGGCGCGTCCGCCGGCCACGGCTCCGCCGGCTCGCGCGGGTCGTCGGGCAGGAGCGTGCCGAGCCACGCGTCGCGCCGCTCGCCGCGCTGGAGCGCGAAGCCGCGCACCGTGCCCTCGACCCGGAACCCGAGGCGCCACGCGGTCCGGCGCGAGGGCCAGTTGCCGACGTACGCCTGCCAGAAGAGCCGCGCGAGACCCGCCCCCTCGGGGTCGAACGCCCAGTCGACGACGAGGCGGCCCGCGGCCGTCATGAGGCCCCGCCCCCGGGCGCCGGGGGCGGTCCAGTAGCCGATCTCGGCCGACCGCCGGCCCTCGGGCGCGTCGTCGAGGCTGAGGCCGATCATGCCGAGGAGCGGGGCCACGCCGTCGGGGCCGGGGATGCCCGACCGGCCCGCGCTCTCGCGCACGCCCCACGTGAGGACGTCCCCGCGCTCCCACCCGGGACCGACGTACTCCTCGACGAACTGCACCGCGTCCGCGCGCGTGTACGGCGACGGCACGACCGTCCACGCAGCGACGTCCAGGTCCTGGCACGCGGCCGTGATCGCGTCGACGTCGTCGAGGGTCGGGGTGGACAGGTGGACGTGGCCGTCGTCGAGGGCGAAGGGGTGCACCCGCCCGAGCCTGGCACGCCGCGCCGCACGGCGTCACCCGGATTCCCGGCCCGGGGACGCGCAGCGACGTCCGCTCTCGACCGTCCCGGACCCGGGTGCGTCACCGGCGCAGGGCGTCCTCCACGGGCGTCCACGGCAGGTCGTGCGCGGCGGCCACCGCCGCGTTGAGGAGCGTGCCGCGGTGGGTGGACGCCCCCGACCGCAGGAGCGGGTCCTCCCGCAGCGCGTCGACCCCGCCGTCCGCGAGCGCCGCGAGGTACGGGAGCGTCGCGCTGGTCAGCGCGAGCGTGCTCGTCACGGGAACCGCGCCGGGCATGTTCGCGACGCAGTAGAACGTGGTGCCGTGGACGGCGAAGGTCGGGTCGTCGTGGGTCGTGGGCCGCGACCCCTCGAAGCACCCGCCCTGGTCCACGGCGACGTCCACGAGCACGGCGCCGGGCCGCATGCGCGCGACGAGGTCGTCGGTGACGAGGCGCGGGGCGCGCGCCCCCGCGACGAGCACGGCGCCGACGACGAGGTCGGCCTCCAGCACCTCGCGCTCGATCGCGTACGCGCTCGACACGACGGTGCGCACGTGCCCGGAGAACTCCCGGTCGACGGCGCGCAGCACGGGCAGCGCGAGGTCGACGACCGTGACCTCGGCGCGCATGCCGACGGCGATCTCGGCGGCGTGGCGCCCCGCGGTGCCGCCCCCGAGCACGACGACCCGGCCGGGTCGCGTCCCGGGCACGCCGCCGAGCAGGACGCCGCGGCCGCCTGCCGGGCGCTGGAGGAGCCACGCGCCGACCTGGGTCGCCATGCGTCCGGCGACCTCGCTCATGGGCGCCAGGAGCGGGAGGGTGCCGTCCGGGGCCCGGGCGGTCTCGTAGGCGACCGCGATGGTGCCGGCGTCGAGCAGGGCGCGCGTGCACGCCGCGTCGGCCGCGAGGTGGAGGTAGGCGAAGAGCAGGAGGTCGTCGCGCAGGAAGCGGTGCTCGCTCGCGACCGGCTCCTTGACCTTGCAGACGAGCTCTGCCTCGCCCCAGACCTCCTCGGCGGTCGGCACGATGCGCGCGCCCGCGCTCTCGAACTCCGC
NZ_CP136680.1_gap56	2383283	2387936	4653	CCTGCAGCACGGTGAGCAGCACGCCCACGAACCAGGTGCCCGCCAACGGATAGGCGAGGTTCATGAGGCCGACGTTCTGGACGAGCGCGCTCCCGACGGTCAGGCCGAGCCCGGTCCAGAGCATCGTGCGGGCGGTGAGACGGGGCGGCATCACGGGCTTCCTCTCGTCGGCGAGACGGTCCGGGGCCGCGACGTCGGCGGACGTACGGCACCCGGTCCGTTCCTACCACGCCGCCCGCGGCGCCGCGGTCCCCGCCTCCCGCCTCAGCGGAAGTCGCGCGAGGTCGTGCCGACCTGGAGCGAGAGCGGCGCGAGGTGCTCCGCGACGAGGTTCGTGGCGCCGTCGGCCCGCTCGAGCCGCCCGCGCACGACGAGCGCCGCGGACCCGCGCGCGACCTTCCGGAACCGCTGCCACAGCCCGGGCGAGCACACGACGTTGAGGATGCCCGTCTCGTCCTCGAGCGAAAGGAACGTCACGCCTCCGGCTGTCCCGGGCCGTTGCCGGTGCGTGACGACGCCGCCCACGGCGACGCGCGACGGCGGGTGCGGGCGCGTGCCCGGCACCTCGCCCGCCGCGCGCTCCGCCTCGTCGACCTCCTCGATCTCGCGCGACACCGCCACGGCACCGACGACGGTGAGCACCCCGGCCGCGGTGAGGCCGTCGCGGACGTACTGCGTCGGGTAGGAGTCGGTCGACACGCCCGTGGCCCAGACGTCGGCGACGGCGGTCTCGACGTCGGTCATGCCGGGCAGCGCCGGCGCGTCGACGCCGACGCTCACACCCGGCAGCGTCCCCGGACCCTCCTGCGCGAGCGCGCCGGCCGCCCACAGCGCCTCGCGTCGCGTCACGCCGAGGCCGTCGGTTGCGCCGGCGGTCGCGAGCCCTTCGAGCTGGGCGGTCGTGAGGTCGACGCGCCGCACGAGGTCGCGCAGGTCGCTGAACGCCCGCCCCTCCCCCGGTGCCCCGCGCGCCGCGACGACGCGCTCAGCCGCGTCCTTCCCGAGCCCGCGCACGCTCGCGAGCCCGAGCCGCACCGCGAGCCCGAGGTCGGGCTCCGGCCCGTAGCGGGTATCGACCCCCGCCTCCCCGCCGAGCATGCGGCTGTCGCCCGTCCGGGCGCCAGGGCGGTCCGTACCCGCATGCTCGGCGGGCGCAGCCGCATGGTCGGCGGGCAGCCGCTCGACCGTCGCCTCGACGTCGGACGCGTTGACGTCGGGGCGCAGCACGGTGACGCCGTGGCGGCGCGCGTCCGCCACGAGAGACTGCGGCGAGTAGAACCCCATGGGCTGCGCCGCGAGCAGCCCCGCGTAGAACGCGGCGGGGTGGTGCACCTTGAGCCACGAGCTCGCGTAGACGAGGAACGCGAACGAGTACGCGTGCGACTCGGGGAACCCGAAGTCGGCGAACGCCTTGAGCTTGTCGTAGATCTCCTCGCGCACGGCCGGGTCGGTGACGCCCTTCTCCCGCATCCCGTCCATGAGCCGCCCCCGCAGCTCCTCCATGCGCTCGACCGACCGCTTGGACCCCATCGCGCGCCGGAGCTGGTCGGACTCCTTCGGGGAGAAGCCCGCGACGTCGATCGCCATCTGCATGAGCTGCTCCTGGAACAGCGGCACGCCCTTCGTCTTGCCGAGCGACTTCTCCAGCAGCGGGTGCAGGAACGTCACCTCCTCCCGGCCCCGCGCCCGGTTGATGTACGGGTGCACGGAGCCGCCCTGGATGGGACCCGGGCGGATGAGCGCGACCTCGATGACGATGTCGTAGAACGTCCGGGGCCGCAGGCGCGGGAGCGTCGCCATCTGCGCGCGCGACTCGACCTGGAACACGCCGACGGTGTCGGCCGCGCACAGCAGGTCGTACACCGCCGGGTCGTCCTCGGGCAGCGTGTGCAGCGCGAGGCGCGGCCCGCCCTCGTGCCGTTCCACGAGGTCGAACCCGATGCGCAGCGCCGTGAGCATCCCGAGGCCGAGGAGGTCGAACTTCACGAGCCCCGCGTCCGCGCAGTCCTCCTTGTCCCACTGCAGGACGGTGCGGCCCTCCATGCGCGCCCACTCCACGGGGCACACCTCGATGACGGGGCGGTCGCACATGACCATCCCGCCCGAGTGGATGCCCAGGTGCCGCGGGAGGCGCAGCATCCGGTCGGCGAGGTCGAGCACCGCGTCCGGGATCTCGCCCTCCTGCGCGGCCGACGGCGGCCGGTGCGCGGGCACGACGTCGTGCGTGTCGTCCGCGCGCAGGACGTCGCCCTCGTCCACGGCGAGCGGGTCGACGACGCGCGCGCCCCGGCCGGTGAGGTCGGGCGACCAGTCCCGGCTCCCCCACAGGCGCGACGTCGCGGCGTCCTTCCGGGCGGTGCGCGTCGTGACCCGCGGCGCGGCCGGGCCGGTGGGCCCCGGGGTCTTCGCCGCGATCGCCCGCTCCTTCGCCGCCCGGTCGGCCGCGGGCGACGACGGGTCGGGACCGCGCAGCGACCCCCACCGCTCGATCGACTTGCTCCACGCGTCGGCCTGCCCGACGTCGTACCCCAGCGCCCGGGCCGCGTCGCGCACCGCCGACTTCGGCCGGTAGGAGATGACGTTCGCGACCTGCGCGGCGTGCGTGCGCCCGAACGTCTCGTAGACGTGCTGGATGACCTCCTCGCGCCGTGCCGACTCGATGTCGATGTCGATGTCCGGCGGGCCGTCGCGCTCAGGAGCGAGGAAGCGCTCGAACAGCAGGCCGTGCTTCACCGCGTCGACGGCCGTGATGCCGAGCGCGTAGCAGACCGCGGAGTTCGCGGCCGAGCCGCGCCCCTGGGCGAGGATCCCGTTCCTGCGGCAGAACTCGACGAGGTCGTAGACCACGAGGAAGTACCCCGGGAAGTGCAGGTCCTCGATGACGCGCAGCTCGTGGTCGATCTGCGCCCACGCGCCCGTGATCTTCTCCTGGCCGCGCGGCCCGTACCGGTCCTCGCCGCCGCGCCGCACGAGCTCGCGCAGCCAGGTCGCCTCGGTGTGCCCGTCCGGCACCGGGTAGGGCGGCAGGTCGGGTGCGACGAGGTGCAGGTCGAACGCGCACTCGTCCCCCAGCGCCGCCGCGGTCGCGACGGCCTGCGGGTGCCGAGGGTGGCGCGCGAGCATCTCCGCCGCGGAGCGCAGGTGGGTCGTCGGGGCACCGGGCAGCCAGCCGTCGAGGTCGTCGAGCGACGAGCGCGCGCGCACGGCCGCGAGCGCCCCCGCGAGGTCGGCGTCGCGCGGGTGGGCGTAGTGCGCGGCGGTCGTCGCGACGAGCGGCAGGCGGGCGTCGGCGGCGAGGTCGGCGAGCGCCGCGTGGAGGTCGGCGTCGCGCGGGTCGTCGGTCGTGGTGATCTCGACGGCCACGTTGTCGGCGCCGAAGAGGGCGACGAGACGGTCGAGCTCGCGGCGGGCCGCGGCGCGCCCGGACGTGACGAGCGCGCGCCGCACCGCGCCCTTGCGGCACCCGGTGAGCACGAGCCACTGCCCGGCGGCCTCCGCCGCGAGCTGCTCGAGGCGGTAGTCGGCGGCGCCCTTGGTGCCCGTCGCGAGGTGCGCGGTCGCGATCGCGCGCGACAGGTTGCGGTAGCCCTGCGTGCCGCGCGCGAGCACGAGCAGGTGGGTCGAGCGCGGGTCGGGGACGCCGGTGGGCGGGTCGAGCACGGGCGCGCCGGTCGTGGTCGGCGCGGGCAGGTGCAGCTCGGACCCGAAGACGGTGGGGAGATTGACCTTGCGCGCGGCCTCGGCGAAGCGCACGACGCCGTACAGGCCGTCGTGGTCGGTGACGGCGAGCGCCGACAGCCCGAGCCGCGCGCCCTCGGCGGCGAGCTCCTCGGGGTGGGACGCGCCGTCGAGGAAGCTGAACGCGGAGTGCGCGTGGAGCTCGGCGTAGCGCGGGCCGGTGGTCCGGTCAGTCATACAGGCCCTCCACGGTCCACCGCCCGCGCGCGCTCGCGAGGAGCAGGCCGCGGCCGTCGTCGAGCAGGACCTGCACGTGCACGCGGCGCCGGGGCGCGGGCGTCCACCAGCGCTCGGCGAGCGGCCACGGCCCGGCCCAGTCCACGACGGCGCGCGCGGACCCGGGCCCGGGCAGCGCCGTCTCGTCCCGGGGCGCCGCCGCACGGCGCGGGCCCTCCTCCGGCGCGGGGGCCGGCCACCGCACGGTCGCGGGCTCGCCGCTCATCGCGAGGCGCGCGTCGACGACGACGGGCCGCCCGGCGTCGTCGAGCACGACGACGTCCTGCGGCTCGACGGGCACGAGCGCGGGGGCGGGGCTCGGCAGCGCGCCGGGCCACGGCAGGGCCGGGTCGCGCGGGCGCACGACGTCCTCCCCGAACGGCACGAGGTGCACGCGGTCGGTCGCGTCGCGGCCGCCCTGGACCTGGACGCGCAGGACGGCGTCGCCCCCGAGGATGCCCTGCACGCGCCCGAGCGCGCGGTGGGCCCGCGCGTCCTCGCCGCTCGACGCGCCCCACAGGCGCGGCTGCTCCGCCCCCGCGGGCACGACCTCCTCGGCCGTGAGGGACAGGCGGGCCAGCGGCGCGACGCCCGGGACGACGTCGGCCCCGCCGGGCGAGCCGCCCCGCTCTCCTCCGCGACCGCCCCCGCGCCCGGCCCGGGCCGCGCGCCCGGCGCGGACGGACGTGGTGGTGAGCC
NZ_CP136680.1_gap57	2391479	2394794	3315	CCTCGACGCGGGCGAGGCCCACGCGCGCGAGCCGCTCGCGCCAGCCCTCGGGGAAGCCGTGGCGGGCCTGGGCCCGGTCCCCGACGACCGTGACGCTGCGCGACGGGCAGCGGCTGAGGACCATCTGCCACTCGGCGTCGGTGAGCTCCTGCGCCTCGTCGACGACGACGTGCGCGAAGGGCCCCGCGAGGCGGTCGGGCGTCGCGACGACGAGCGCGCCGTCGTCCACGAGCGCGTCGCGCAGGTCCTGGCCGCGCAGCATCTGCATGACCCCGAGCTCGCTGTCGTCGGTCGCCACGAGGTGGTCGACGACGTCGTCCATGCGCGCGCGCTCCGCCGCCACGGCGGCCTCGTTGCGGCGGCGTCGGCGTGACGCCTCCGGGTCGCCGAGCCGACGGCGCGCGGCGTCGAGCAGCGGGAGGTCCGCCGTCGTCCACGCGTGCGCGTCCGGGCGCTGGAGCGCGCGCACCTGCTCGGGCGTGAGCGACGGCGCGCACAGCCGCAGGTAGGCGGGCACGGACCACAGGTCGGCCACGAGGTCCGTCGGCTCCACGAGGGGCCACGCGCGGTCGAACGCGGCACCGAGCCCGCGGTGGCCGCGCAGGGCGCGGCGCACGTCGTCGGCCTCGACGTCGGCGCCGTCCTCCGCGGCTCCCCCGCAGGCCTTGTCCACGAGGATCTCGACGAGCGCGGCCCAGACGTCGTCGCGCGCCTCGTTGTGCGGGGTGCCCGGGTCGACGGACTCGAACGCCTCCGCCCAGTCGGCGGTGGAGAGCCAGACGCCGGCCCACGGCGTCTCGACCTCCATGCCCTCGGCGGGCGGACGTTCGGAGAACCGCACGGCGGGCTCGATCGCGGCGACGAGCTCGGCGGACGCCTTGAGCCGGGCCACCTCGGGGTCGGCCTCCGCGCGCGCCGTCGCGCCCTCGGGGACGAGGTCGCGCAGCGTGCAGGTCTGCACGCCCTCCTCGCCGAGGCCGGGCAGCACGTCGGCCACGTACGCGAGGTAGGGACGGCTGGGCCCGACGACGAGCACGCCGCCGCGCCCACCACCGCGTCCGCCAGCCTGCCCACCACCGCGCCCGCCAGCACGCCCACCCCCGTGCCCGCCGCCCACGTGCGGGTCGGCGTACAGCAGGTAGGCCGCGCGGTGCAGCGCCACGACCGTCTTGCCCGTGCCGGGGCCGCCGTCGACGACGAGCGCGCCGCGCGAGCCCGCGCGCACGATCGCGTCCTGGTCGGCCTGGATCGTGCCGAGCACGTCGCGCATCCGCGGCGACCTGCTCGCGCCGAGGCTCGCGACGAACGCCGACTGGTCGTCGAGCGCCGCGCTCGACCCGGCGCCGTCGGGCACGAGCTCCTCGTCCCAGTAGTCGGTGACGCGCCCGCGCGCCCACCGGTACCGGCGCCGCGCCGCGAGGCCGAGCGGCTGCGCGGGCGTGGCCGCGAAGTACGGCTCGGCGGCGCGCGAGCGCCAGTCGACGAGCAGGCGCTCCCCCGCCGGGTCGGTGAGGCCCACGCGGCCCACGTACACCGGCGCGGAGCCGTCGGCGAAGGTCATGCGGCCCAGGCACAGGTCGACGCCGTAGCGCTGGAGCAGCCGCAACCGGCTGCTGAGGCGGTGGATCTCCTGGTCGCGCTCGAGCGCCTCGGTGCCGCTCCCGCCCGGCGCGCGCCGGGCCGCGTCGAGACGCTGCGCGAGGTCGGCCACGGAGTGCTCGAGGCTCGCGGCGATCGCCGCGAAGTGGCGCTCGTCGGGGTCGACCAGCGCCGGGTCGGCCTTCGGGGCCAGCCGCGCGGGCAGGTCGAAGAACGGCGCGGGCCGCGGGTCCTGGTCCGCGGTGGAGTGGGTCGACGAGCGGCGGGACGGGTCGGTGGTGGCGGTCACGGGGGCGTCGGGCAACGTCATCAGCTCCGGTCCGGGTCCTGCGGAGGGACGCACGGGCCACGACGACCCGCGCACGAGCGGAGATTCTGCGCCCCCGAGGGGGCCTTGCCGCAAGACCCCCGGTGCGCTATACCTTGGAGAGGGAGGCCGGTCGAGCCTCCCTTTCTCGTTGCCGGACGTCGTGCCGGTGCGCTCGGTGCCGACGCTCTCGGCCCGGTCGTCGACCGCCCAGCGTCTGCGCGGCGCCGCACAGCCGACATGCGAGAAGTGGCCCCCTACCGTGCTCGGTGGGGGCCACTTCTCGTGTCTCGACGGGACCCTCGACAGGATCCCGGGAACGCCTCAGCTCTCGGCGCGGCCCTCGCGCCAGTAGCCCATGAACGCGACGGCGCGGCGGTCGACGCCGAGGTCGGCGACGAGGTGGCGGCGCAGCGTCTTGATGGCGCTTGCCTCGCCCGCGAGCCACGCGTAGAGGACGGTCTCCTCGTCGAGGAGCCCGGGGACCTCCCAGAGGATCGACGCGTCGACGTCGACGTCCTCGAGGTCCTCCGCGGTGCGGCACTGGACGGGCGGGTCCGTCCCGAGGACGCCCGCACCGAGCATGCGCGCGGCGGCCTCCTTGACGGCCGGCACGAGGCGCGCGCCGTGGGCGTCGTGCGGCCCGCCGGGGACGTGGTCGCGCGCGAGGAACGTCACGCGCACCCCGGGCGGGGTCACGAGGTCGCGCGCGTCGCCCACGTGCGGGACCTCGACGTAGACCTCGCCCCACGCGTCGGCGGGCAGGTCCTCGCAGATCGCCGCGATGGCGGGCAGCGCGGTCTCGTCGCCCGCGAGCAGGAGCGCGTGCGGGCGGGTGGGCGGGCGGAACTCGATGCCGCCGGCCGGGCCGTCGAACGTGGCGTCCGGGCCGAGCAGGACGAGCGGCGTGCCGACCTCGGCGGCGAGAGCCCAGCGCGACGCGGGGCCGGCGTCGCCGTGCAGCACGACGTCGACGTCGACCTCGCGCGCCTCGGGGCGCACCGCGACGGTCGTGTAGGTGCGCAGCGGGTTGCGGCGCTCCTCGGGCTGGTCGCGCCACGCGGCGTACCAGGACTCGGCGTCGCGCACGAGGTGCTCGTAGCCGCCGTCGGGCGCGGGGAGCACGAACTTGATCCGGACGTCGAGCCCCGGGTCGCCGAAGAGGTCGAGCTCCGGGCCGGTGAAGGTGAAGCGGCGGAAGCTCGGCGAGAGCTGCTCGACCCGCGCCACCTCGACGTCGAAGAAGCGCCAGGGGGCGGTCGCACGGGCGACGGGACGACGAGCGCGGGTGCGGGGTGCGACGACGGTCTGGCTCACACAGGTGAGGCTAACCTACGCGCCCACGGCGGGGTCAACCCGTCCGGGACGCGGACCTGCGCCCGGAGGGGTGAGACACGTCACGCTCCGCG
NZ_CP136680.1_gap58	2534394	2536295	1901	GGCGTGGACGGAGTGGAGGCGTCCGCGCTGGGCTCACCCCAGTCCGGGGACGGTCAGCGCCAGGGGGGCAGGGCACAACCCGACGCCGTTGAAGTCGTCATCGCCGTCGTCGATGTCAGCGTCGATCGTCACGGCACCAGAGGAGGCGCCGCTGTCTCAGGTCGGGCGGTGCGATGCGGACGAGCCGGTCTGTACGCCGGGTTCTGTTCCCGCGCGAGGTCACCCTCGCGCGGGCGACGGTCATCCATCTAGGCCCTGCGTCGCCGCAGGGCTCGAGCGGTCTACCCGACTGTGCTTCTCCGTGGAGAATCGGGCGGGCAGCCCTCAGACACAGTCTGTCTGACCTTGCTCCAGGTGGGGTTTACCGAGCCGGACCGGTCACCCGGTCCGCTGGTGGTCTCTTACACCACCGTTTCACCCTTACCGCACCGGTCGGGGCCGGAGCCCTTCCCGACGCGGCGGTCTGTTCTCTGTGGCACTGTCCCGCGGGTCACCCCGGGTGGGCATTACCCACCACCTTGCCCTTCGGAGCCCGGACGTTCCTCGGCGGGAGGCACGAGGCCTCCCGACGCGACCGTCCGACCGACTCGTCCGCGCCAGCAAGGCTACCGCTCCCGGGCGGCTCGGCGGACCAGCGACCGGCCCGCCGGCGGGTCATGGCCCGTAAGATGGCCCGCCCCCCTCGAAGCCTGCTCCCGGAGGTCTGTCGTGCCCGCCACCGCCGAACCGTCCGCCCCCGACGCCCCGAGCGCGGCACCCGCCACCGACACGTCGGCCGAGCTCGCCCGGGAGCAGGAGTTCTTCGCCGACGCCCGCAGGCAGCTCGCCCGCATGCGCGAGCGGGCCGGGTCGCTCGACGCGCTCGCGGGAGACCGGGTCAGCGCCGAGTACCTCGAGGCGGCGCTCGCCCGTCGTCTCGCCCAGCTCGCCGACGACCCCGACGTCCCGCTCTTCTTCGGACGCATCGACCTCGACGGCACCGGCCACGAGCCCGCCGAGGTCTTCCACATCGGCCGCCGCCACGTCTCGGACCCCGAGGGCGACCCGCTCGTCGTCGACTGGCGCGCCCCGGTGAGCACGCCCTTCTACCGCGCCACCCGCACCGAGCCGATGGGGGTCGCCGTCCGTCGCCGCTACGGCTTCCAGCGCGGCGTCCTCACCGGCTTCGAGGACGAGTCGCTCACCGCCCCGGGTGCGGGCGCGGAGTCCTCCGCGATCCTCGAGGCCGAGATCGAGCGGCCCCGTACCGGGCCGATGCGCGACATCGTCGCCACCATCCAGCCCGAGCAGGACGTCATCGTGCGCAGCGGGATCGACCGGACCGTCGTCGTGCAGGGCGCGCCCGGCACCGGCAAGACCGCCGTCGGGCTGCACCGCGCCGCGTACCTGCTGTACTCCCACCGCGAGCGGGTGAGCCGCGCCGGGATGACCGTCGTCGGGCCCAACGCGAGCTTCCTGCGGTACATCCGCGACGTGCTGCCCGCCCTCGGCGAGGTCGACGCGACCCAGACCACCGTCGAGCAGATCGTCACGGCGCACGGCCGCCTGCGCGGCACGGAGCCCGCGGACGTCGCGCGGCTCAAGGGCGACGTGCGCATGGCCGAGGTCCTCCGCCGCGCGGTGTGGTCGCACCTCGTCGAGCCGTCCGAGGCGCTCGTGCTGCCCCGCGGTGCGCGCCGCTGGCGCGTCGCCGCGCACGAGGCCCGCGAGTGCGTGGCGCAGGTGGTCGGCCGGGAGCCGCGCTTCGACGCCGGTCGCGACCACCTGCGGCACGCGCTCGCGCACCGGATCCTCGTGCAGATCGAGGAGTCGGGCGAGGCGCTCGACGAGCGGGCGTGGGACGCGCTCGCGCGCACCCGCCCGGTCCGGGACTACACCGCCGCGGTGTGGCCGAAGGTCAC
NZ_CP136680.1_gap59	2537529	2539864	2335	CCACGCTGTCCTCGGAGGACCGCCGCGCCGTGGAGCGCGCGCTCGTGGCGGGTGAGCTCGACCTGCTCTACGTGGCGCCGGAGGGGCTCCGCAGCCGCGCCACCCTCGACCTGCTCGACAGGACGCCGATCGCGCTGTTCGCGATCGACGAGGCGCACTGCGTCTCCCAGTGGGGCCACGACTTCCGGCCGGACTACCTCGAGCTGTCGGTGCTGCACCAGCGCTGGCCGTCCGTCCCGCGCATCGCGCTGACCGCGACGGCGACGGCTGCGACGCGCGCCGAGATCGCCCTGCGCCTCGACCTGGAGGGCGCGCGGCACTTCGTCTCCAGCTTCGACCGCCCCAACATCACCTACCGGATCGTGCCCAAGGACCGGCCCGAGAAGCAGCTGCTCGACCTGCTGCGGACCGAGCACGCCGGGGAGGCCGGGATCGTCTACTGCCTCTCGCGCGCGTCGGTCGAGAGGACCGCCGCGACGCTCGTCGAGAACGGGATCCAGGCGCTGCCCTACCACGCGGGGCTCCCCGCGTCGGTGCGCGCCGCGAACCAGTCCCGGTTCCTGCGCGAGGACGGCGTGGTCATGGTCGCGACGATCGCCTTCGGCATGGGCATCGACAAGCCCGACGTCCGGTTCGTCGCCCACCTCGACCTGCCCAAGTCCGTCGAGGGGTACTACCAGGAGACGGGACGCGCGGGGCGCGACGGGCTGCCGTCCACCGCCTGGCTGGCCTACGGCCTCGCCGACGTCGTGCAGCAGCGCAAGCTCATCGAGACGTCCGACGGCGACGCCGCGCACCGGCGCAACCTGGGCCGGCACCTGGACGCGATGCTCGCCCTCTGCGAGACCGTGGAGTGCCGCCGCGCCCAGCTCCTCGCCTACTTCGGCCAGGAGCACGCGGGGGCCTGCGGGTCGTGCGACACGTGCCTCGCCCCGCCCGAGGCCTGGGACGGGACGGTCGCCGCGCAGAAGGTGCTCTCGACGGTGTTCCGCCTGGACCGCGAGCGCGGGCAGCGCTTCGGCGTCGGGCAGGTCGTCGACATCCTCCTCGGCCGGGACACGGAGAAGGTCCGACGGTTCCGGCACCAGGAGCTGTCGGTGTTCGGGGTCGGGGACGACCTGTCCGAGAACGAGTGGCGGGCCGTGGTGCGCCAGCTCCTCGCCCAGGGGCTGCTCACCGTCGAGGGCGCGCACGGGACGCTCGTGCTCACCGCGGCGAGCGGGGAGGTCCTGGCCCGGCGCCGCGAGGTCCGGATGCGGCACGAGCCGGCTCGTCCGGTGCGTGCGGCGAAGGGACGGAAGGCGGCCGCCGCCGCCGAGCTGGCCGAGGCGGACGTCCCGCTGTTCGAGGCGCTGCGCGCCTGGCGGGCGGGCGAGGCGAAGACCCAGGGCGTGCCCGCGTACATCGTGTTCGGGGATGCGACGCTCCGCGGGATCGCGACCGCCCGGCCCGGCTCGCTCGAGCGGCTCGCGCTGGTGAGCGGCGTCGGCGAGAACAAGCTCGCCCGGTACGGCGACGCGGTGCTGGCCGTCGTCGCCGAGGCAGGCTGAGCGGCCCCGCACGGGGCTCGGACCGCCCCCGCCGCGCGAGGCAGGGGACGCGCGAGTCAGACGTCGACGCGGTACGACAGCGCGAGCTCGTCGCCGCCGACCCCGCGGATGCCCCAGTTCTCGCGCGGGCTCTCCAGGATCACGAGCTCCACGTCGTCCGCGGTCAGGCCCAGGGCTGGCACGACGTCGTCGTACAGCGCCGCGACCAGCGCGCGCTTGGCCTCGCGCGTGCGGCCCGTGAAGCAGACGACCTCGACGACCAGGTACGCGTCCGAGCGCGGGGCGACCAGGTCGTCGTCGTCCAGGAGCAGGAAGCGGTGGAACCGCTTGTCCGGCGGGAGCTGCCACGCGCGCACGAGCGCGTCGTGCAGCGCGTCGGACACCTCCGTCCGCCGCGCGCCCCACACGCTGCGCCGTCCGTAGATCTTCACCTGGGCCATCGGGCGAGCGTAGCCGTGACGCACCCCACGCCGTCGGCCCCGGTCACCCGCGGCGGCGACGTCGCGCGCGCTCGTAGAGTGACCCGGTGCTCGTGCTGCTCCCCCCGTCCGAGGGCAAGACCCCCGCGCCCGACGGCGCCCCGCCCGTCGACCTCGACACCCTGACCTCCCCCGCGCTCACCGCGCACCGCGTGTCGGTCCTCGACGCGCTCGCCGCCGCGAGCGCCCGGCCGGACGCCCACGAGGTCCTGGGCACGACGCCGGGGCTCGCCGAGGAGGTGCGACGCAACACCGTGCTGCGCTCGGCCCCGGCCGGTCCGGCAGCCGACGTGTACACGGGCGTGC
NZ_CP136680.1_gap60	2544061	2545418	1357	TTTGATGGATTGCGCAAGCCATCATCCCGTTGCCCGGAGGACCCGTGCCCCGCCCACCCCGACCCGACGACGGCGCCCCCGGCACCGACGAGACCGCTCCCCTCTACCGCATCAAGGCCGAGCTCTTCCGGTGCCTCGCGCACCCCACGCGGATCCAGGTGCTCGAGGTCCTCGCCGCCGACGCCGACCACACCGCGCCCGTCTCCGTGCTGCTCGACGTCACCGGGTGCGAGGCGTCCCAGCTCTCCCAGCACCTCGCGGTGCTGCGCCGGGCAGGCGTCGTCACCTCGACGCGCAGCGGGAACGCCGTCGAGTACCGCCTCGCCGAGCCGCTCGTCGCCGAGCTGCTCGTCGTCGCGCGGGCGTTCCTCCTGTCGAACCTCGCCGGCGCGTCCGACCAGTTCGAGGCCGCGCGGCGGCTCCCGGCCCTGCCCGGCGCGACCGCGCGCGCGGTGCTCGACGCGACCACGGCGTCGTCCCCCTCGGCATGAACCGCCTCGCCGCCGTCCGCGACCTGCTGCCCCGCCGCTCCGACTACGACCTGCGCCCCCGGACCCTGCGCGCCGACCTCCTCGCCGGCGTCACCGTGGGCGTCGTCGCGCTCCCGCTCGCGCTCGCGTTCGGCGTCAGCTCCGGCGTCGGGGCCGCCGCCGGGCTCGTCACCGCCGTCGTCGCCGGCGTCGTCGCGGCGGTCCTCGGCGGGTCGAACCACCAGGTGTCCGGACCGACCGGGGCGATGGCGGTCGTCCTCGCGCCCGTCGTCGTCGCGCACGGCCCCGGCTCCGTGGCGCTCGTCACCGTCCTCGCCGGGCTCGTGGTCCTCGTCGCCGGGCTCGCCCGGCTCGGCCGGGTCGTCACGTACATCCCGTGGCCGGTCGTCGAGGGGTTCACGCTCGGGATCGCGTGCATCATCTTCCTCCAGCAGGTCCCGGCCGCGGTCGGCGTCGAGGTCGCGCCCGGCCACAACACCCTCGTGTCCGCGGTGGAGGCCGTGCGCGCGGCCGTCACCGACGTCCCCGCCGCCCCGGTGCTGTGGACGCTCGGCTGCGTCGCGCTCGTCGCCGCGACCATGGTGCTGCTCCCCCGGCTCCACGCGGGGATCCCCGCGTCGCTCGTCGCGGTCGTGCTCGCCACCGTCCTCGTCGAGGTGCTCGGCGCGCCCGTCCCGCGCATCGGCGCGCTGCCGTCGTCGCTGCCCGCGCCCGTCCTGCCGTCGGTCACGCCCGGCGCGCTGCGCGACCTCGGCGGCGCCGCGCTCGCCATCGCCGCGCTCGCCGCGATCGAGTCCCTGCTGTCCGCGCGCGTCGCAGCGACCATGGTCCAGTCCGGGCCGGGCGGCGGATCCGTCTACCAGCCC
NZ_CP136680.1_gap61	2628286	2630077	1791	GACCGCTGGTAGTCTTGATGGCTGCGTGTCCGCCCAGGTCGGCGGGCACAGCTCCAGCACCTCTCCACGGGTTCCCCACCCCAGTCCCGGAGCTGGAGTCGCCCTCTACGACCTATCCGCTCGCTCCGGCGAACAGAACCAGAAAGTCCACACGTGGCCAACATCAAGTCCCAGATCAAGCGCATCCGCACGAACGAGAAGGCTCGTCTGCGCAACAAGGCAGTCAAGTCCGAGCTCAAGACGTACGTGCGCCGCGTGCGCGAGGCCGTCGCCGCGGGCGACAAGGAGGCGGCGACCACCGCGCTCCAGGCGGCGTCGCGCAAGCTCGACAAGGCCGTCTCGAAGGGCGTCATCCACGCGAACCAGGCCGCGAACCGCAAGTCGGCCATCGCGAAGTCCGTCAACGCTCTCTGAGCGCACGGTTCGCCCGCGGTGTCGTGACACGCTGATCGTCGCGACGCTCGCACAGGTTTCCCACGAGGGGCGCCGACCCGCACGGGTCGGCGCCCCTCGTGCGTCCGCGTCGGGCGCCCGGTCCTGACCGGCGCCGCCGCGCGGGACCGGGCGCCCAGTCGGAGCCCGTCGCCGACGCCGCCGTGCGGTGCTGGCGACCCCGAGCCCGGAGCCCGGTCAGGCGGCTGACAGGTCAGCGGCCGTGGGCCCGCGCGATCGTCAGCACGGCCCGCTCGACGGCGAACACCGGGTCACGCCCCGCGCCCTTGACCTCGGCGTCGGCCTGCGCGACGGCGCTGATCGCGGTCGCGAGCCCCTCCGGGGTCCAGCCCGCGAGCTCGCGGCGCGCACGGTCGACCTGCCAGGGCGCGAGCCCCAGGTCCTTGGCCGCCACCCCGCCGCGGCCGCGCATCGCGCCGACCTTCGCGAGGGCGCGGAGCTTCATCGCCAGGGCCGCGACGAGCGGCACCGGGTCCGCGCCCGTCGCGAGCGCGTGCCGCAGGAGCGCCACGGCCTCCCCCGCGTTCCCCGCGACCGCGGCGTCCGCGACCCGGAACCCGGTCGCCTCGACCCGGCCGCCGTAGTACCGGTCCACCACGGCCTCGCTCACGGTGCCGTCGGTGTCCGTGACGAGCTGGCTGCAGGCTGCCGCCAGCTCCCGCAGGTCGTTGCCGAGTGCCTCGACGAGAGCCCGCACGCCCGACGCGTCGATGCGTCGACGGGCCCTGCGGAACTCGGCGTTGACGAACGCCACCTTGTCGGAGTCCTTCTTGATCGCCTCCACCGCGACGACGGGCGCGCCGCTCCCCTTGATCGCGTCGAGCATGCGCTTGCCGCGCACGCCGCCCCCGTGCACGACGACGACCGTCGTCGCCGGGTCGGCGACCGGCACGTAGTCCACGACGTCCGCGACGAGCGCGTCCGTCGCCGACTCGGCGCCCTCGACGACGACCACCTTCGCCTCGCCGAACAGCGACGGGCTCGCCGCCACCGTGAGCATCCCGGCCTGGTACGTCGCGGCCTCGATCGTCACCTTCTCGACCTCGGGGTCGCGCTCTCGCGCCAGGTCGACGATCGCGTCGACGGCACGCTCCGCGAGGAGCGACTCGGGCCCCTGGACGAGCACCACGGGCGCGAGCCGGACGTCGTCCCACGCGAGGGACGGGCCGGCGGACGGACGGGCGGTGCGGGTCGGCGCGGGCATGGCCCAAGCCTGCCACGAGCCGCCCACCGGCAGTGCCGGTCGACGCACCCCGAGGCTGCGGTCCGCGACTCTCGCAGGAGTTCCGGCGACGCCGCACCGATGACGCCCTGGCGTCAGGGGCGCCCTGCCACCGG
NZ_CP136680.1_gap62	2642817	2646657	3840	CGGTTGCGGACGAGGGTGCGGCGCACGCCCTCGCCCGCGGGCAGGTAGCCCTCCTGCACGGCGTGGACCACCTGGTACCAGAACAGCGGGAGCATGGCGAACCACACGACCATGCAGTAGGGGCACATCGCGGAGATCGCGTACATCGTCGTCCACATGAGGAAGACGATCAGGCCCATGCCGAGCGTCGTCCCTCCGAGGAGTGCGAGCCAGTACCAGCGCGGCGGGCGGGCGCCCGCGAGCAGGACCACGCCCGTGGTGATCACCACGGGGAACGCCGCGATCCCGAGCAGCGGGTTGGGGAAGCCCAGGAGCGCGCCCTGCCACGAGTCCATCGCGTCGCCGCAGTCGAGCAGGGCGTTGACGCTGCACGAGGCGACGTGACCCGGGTCGGCGAGCTTGAGGTACTTCTCGATCGCGAGCGCCGCCGAGCCGGCGAGGCCGATCGCGCCCAGCACGACGAGCAGCCAGCCCATCGTGCGCGGCCTGATCGGGCGGGGGCCGGACGCGGGCAGCAGCTCGTCGTCGGGCCCGGCGGACACGTTCGCACCGGCGGTGGCGCTCTTGCTCACGGGGACGCTCCTCGTGGGTCACCGGCTCCCGCCGGACGTGACGGCGCGCACGGCGGTGCGCGCACGGCACAACCTACCGCGCCCCGCTGGGACCTGGCTGGGAGACACCGGACCACCGCACGGGCGCCACCTCGGTCGGTCGGCGGGCTACCGCGGCGGCGCGACGGCCGCCGACGGCGCGTGCGCGTCGTCGGGCAGCGTGGCGACCACGACGCCCGCGGGGCGGCGACCGGCGACGAGGATGATGGTGAGGCCGGCCACGGTGAGCACGACGCCCGTCCAGGCGGGCGCGAGGTAGCCCCAGCCGGCGGCGATGACGAGCCCGCCGAGGAACGCCCCGTTGGCGTTGCCGACGTTGAGCGCGGAGTGGCACAGCGCCGCACCGAGCGACGGCGCCGACGGCGACAGGTCCATGAGCCGCGTCTGGAGCGACAGGCCGAGGATCTGCGACGTGACGCCGAGGAGGAACAGCGACAGCACGGCCGGGACGGGGTGCTGCCCGGTGAGCGCGAAGAGGGCGAGCATCGCCCCGGTCGACACGAACCCGAGGTACACGGTGCGCATCACCGAGCGGTCGGCGAGCCGGCCGCCGAGCACCGTCCCGACGGTCATGCCGACGCCGAAGATCGCGAGCACGAGCGGCACCGCGCCGGACGCGAGCCCGGTGACGCGCGTGACGGTCGGCTCGACGTAGGAGTACACGGCGAACATGCCGCCGAACCCGATCGCGGCGCCGACGAAACCCGTCCACAGCGGACCGTTGCGCAGGGCGCCGAGCTCGCGCCGCACGCTCGTGTCCTCGTTGCCCGCCCCGGCGGGGATCAGCCGCCACAGCGCCAGGAGCGTCACGAGCCCGAGCGCCCCGACCACGACGAACGCGGCCCGCCAGCCGAGCTGCTGCCCGGCGAACGTGGAGAGGGGGACGCCGACGACGTTGGCGATCGTCAGGCCCGCCATCATCGTCGCGACGGCGCGGCCCCGGCGGCCAGGACCCGCGACGGCCGCGCCCACCGCCGCCCCGACGCCGAAGAACGCGCCGTGCGGCAGCCCGGCGAGGAAGCGCCCGGCGACGAGGGTCTCGATGCTCCCTGCCGTGGCGGAGAAGAGGTTCCCGAGCGTGTAGAACGCCATGAGCGCGAGGAGGAGCGTCTTGCGCGGCACGCGTGCCGCGGCGACGGTGAGCAGCGGCGCGCCGACGACGACCCCGACGGCGTAGGCCGTGATCGCGTGGCCGGCGGTCGGGATGGACGTGCCGAGGTCGGTCGCGATGTCGGACAGGAGCCCCATGGTCGCGAACTCGGTCGTCCCGATGGTGAAGCCGCCCATCGCGAGCGCGAGCAGCGCGGGTCCGGCGCCGCGCAGGCGGCCGGCGTCGCGCGGCTCAGGGGCGTCCGACGGCGGTGCGGTCGGGGTGGCGTCGGTCATTGGGTGTCCTCGTGCGTCGGTCGGGCGGGTCGGGCGAGCGGCTCGGACCGAGGTGTCGAATCGATTCGAGCCCGGTCGGCGACATCGGCGACGAGAAGAAGGGGCCGGCGACCAGTCTAGGCGGAGACGGGCTCGGCGCGCACGACCCACACGTGGTCCGCCGCGCGCAGACCGAGCTGGGCGGGCGCCGCCGGGCGGCCTTCCGGCACCGGCTCGACGCCCTCCGCCGGCGGCGACCAGACGACCGAGAGGATGCCCGCGTACTCGCGGCGCTCGCGGACCTCGACGCCCGTGTCGAGGCCGACGCCGATCTCGGCGAGGTAGCGCAGCACGTCGGGGTCGGCGTCGGAGATCCGCACCACCGTGCCGCGGTCGCCGACGACGAGCTCCGCGAGCGGGACCGCGGGCGGGCGGACGACGGTCCCGTCGGCGCCGGGGATCGGGTCGCCGTGCGGGTCGCGCGTGGGGTGCCCGAGGCGCGCGTCGATGCGCTCGATGAGCAGGTCGGAGACCGCGTGCTCGAGCACCTCCGCCTCGTCGTGGACCTCGTCCCACCCGTAGCCGAGCTCGGACACGAGGTACGTCTCGAGGAGCCGGTGGCGGCGCACCATCGCGAGCGCGAGGCTGCGGCCGCGCTCGGTGAGCGTGATCGCGCCGTACGGCGCGTGCTCGAGCAGACCCTGGGCGCTGAGCCGCCGGACCGTCTCGGAGACGGTCGAGGCCCCGACGCCGATGCGCTCGGCGAGGAGCTTCGTCGTCACGCGCTCGTCCGCCCACTCCTGGGCGGCCCAGACGACCTTGAGGTAGTCCTGGGCGACGGGCGTCAGGTCGGTCGGGTGGTCCACCCGACCACCCTAGGTCACGGCGTCCGGCGGGGGCTCAGGGGGTCGCGGACCGGACGAGCTCGAGCCGCACCTCGACCGTCCCCTCGTCGCGCACCTGCACGGGCGCGTCGGGCGGCACCGCGATGCCGAAGTCGGAGAAGCGCACGCCGATCGCCCCGGTCGCGAGCACCCCCTGGCCCGACCGCTGCACGTCGAGCGCGACCGTCACGGCCTGGGTCTCGTCGCGGATCGTCAGCGCCCCCGCGGCCTGGAGCCGGACCGTCTCGTCGGTGGCCGCGAGCTCGCTCACGTCGAGCGGCGAGGTGAGCGAGAAGAGCGTGGTCGGGTACAGGTCCGTCTCGAGCGCCTGCTGGAGCTGGCGGTCCGCGACGGACGACCCGGTGCGGAGCGCGGTCGTCGCGACGGTCACTGTCGCGGTCTGCAGCTCCCCGTCCGCGACGCGCAGCGTGCCGGTGACGTCCGGCGTGGTGCCGAGGAGCACCGCCTCGTCCGCCGGGACGTCGAGGACGTCCGCGCGGAAGCCCGCCTCGGAGCCCGGCGCGACGACCCACTCGCCGTCCACGTCGAAGGGCCCGGGCGCGGCCGGGGCCGCGGACGCCGTCTCCTCCCCCGGCGACTGCAGACCCAGCGGGGGCGGGGTGCGGCCCTCCTGCACCTCCGAGTACACGAACGGGGCGAGGAGCACCACGACGAGCGCGAGGACCACCGACACGACGATCCAGCGCGTCGACCTGCTCATACGCCCCATCCTGCCGTGCCGCGCAGCGCGCGGCGAGCACCGACGCGCAGCGGCTCAGCCCTCGCCCGCGGGTTCACCCCCGGCCGGGGCGTCGACGGGCGCGTCGCCGTCGGGCACGTCGCTCTCGGTGCCGACCTCGGTGCCGGCCTCCTCGACGACCGGCTCGCCGGACGGCGTGGGCCACGCGATCCGCGGCCAGACCTTTGCAGACTCGTCCGTCCCGATCTGCACGAGCTGCCAGTCGACGATGCGCCGCCGC
NZ_CP136680.1_gap63	2683605	2687765	4160	GAGCAGACCGAGGACGAACGCGACGGCGACGAGGATCAGGTAGTGCAGCCACGTGTACGACGGGCCTCGCCGCTCGTCCTCGAGGTGGTCGTCGTCCGACTCCTCGGGCTCGGCGGCACGACCGCGCACGCGGGGGAAGAGCTCGTCCGACCCGCCGGCGGGAGAGGGTGCGTGCTCCCGCACGCCGCCGAAGGGCGACGTCTGCTCGCGCTCCGCGCCCGCGGGCTCGGGCGCGGAGCCTGCCGTGATCGCGGACCACGGCAGGGCCGCGCCGCCTGCCTCGGCGGGCGGTGCCGGGGCGGGCGCGCGCTCGGGAGCGGGCGCGCGCGTCCCCGCCCAGGGGGAGGTCGCCGGTGCCGGCGCGGGCGTGCCGGGCGGGGCAGTGCTGGTGGGCGGGGCCGCGAACGCCGAGAGGCGCGGCGGCTGCGTCGCCTCGGGACGCGCGGGGCCCGAGCCCGCGGCGAGACCGCCGACCGGAGCCGACGGCGTCGCGGGCCGCACGGGGCCGGACGCGCCGGGCACCGGGGGGCGCTGGGCCGCAGCGGGGGGACGCGAGGACGTGCGCGTGGGCACGACGGGCGTCGGGGCCGGCGGGCGGATCGCGACGCGCTCGGCCGTCTCCTGGACCGGCGTGAGGCGCCCGGTCTCGTCCAGGCCACGCATGCCGCCCGAGGCGGCCGGGGGTCGCACGACCGACGGCTGTGCCGGGTGCTCCGCCGGGCCGGTCGTCTCGCGCAGGGTGCGGCGCGACGGCGGCGGGCCGGACGGCGCGGCCGGGCGCGCCGGCTGCTGCCAGCCGCCCGCACCCGGTGCCGGGGCAGGCGGGGGCGCAGCGCTCTGCGCGGACCGCTCGGCGGCGGCCGCCTGCTCGCGCTCGCGCATCTCGCGCCGGGTGAGCGGGCGGACGGGCTGCATGTTGCTGCCGTTGTCACTCATCGTGCTGACCTCGATACAAACCGTGCTTGGCGATGTACTGGACCACGCCGTCCGGAACCAGGTACCACACCGGCTGCCCGGCCTCCGCGCGCCGACGGCAGTCCGTCGACGAGATCGCGAGGGCGGGGACCTCGAGCGTCGTGACCACGCCCGGAGGCAGGCCCTCGACGCTCAGCTGGTGGCCCGGGCGGGAGACAGCCACGAAGTGTGCCATCTTCCAGAGCTCGTCGGCATCCTTCCAGGTGAGGATCTGCTCGACGGCGTCCGCACCCGTGATGAAGAACAGCTCGGCGTCCGGTCGCGCGGCCCGCAGGTCGCGCAGCGTGTCGACCGTGTAGGTCAGCCCGGGCCGGTCCACGTCCACACGGCTCACCGTGAACCGCGGGTTCGACGCGGTCGCGATGACGGTCATGAGGTAGCGGTGCTCGGCCGGGCTGACGGTCTGGTGCTGCTTGAACGACGGCTTGCCCGTGGGGACGAAGACGACCTCGTCGAGGTCGAACCGCGCCGCGGCCTCGCTCGCGGCGACCAGGTGGCCGTGGTGGACGGGGTCGAACGTGCCACCCATCACCCCCAGGCGGGCCCGGCGCGGGCTCATCGACGCGTCATCGGTCGCGGGCGCTTCCGTCGTCCGGGGCGGGTCAGTGCCGCGTGCCGACGCTGCGGAACGCGTAGGTCACGAGCAGCAGGGCCACGAGCCCGCCGAACCCGAGCAGCCCGTACGCGAGCGGCGGGATGGGCAGGTGCGACGCGGCCTCGGCGCCTTCCTCGGCGGCCAGCACGACGGCAGAGATCACGACGTCCTCCTCGAAGGTCGTCCCCGGGCCGGACGGGCACGTGCCGCGGGCCGGGGTGGTGCGATGGAACGGTACGCCCGCCGGGACCGGCCCGACGGCGGACCGGACGGGCGCCGGTCGCCGACCAGTCTCTCACGACCGTCCGGGGACCTCGTCCGGCGGGTATCAGGTACCCGCCGGCGGCCGTGCGTCAGGGGCGGACGTGGCCGTCCCCGTGCACGACCCACTTCGTCGTCGTGAGCTCCGCGAGGCCCATGGGGCCGCGCGCGTGGAGCTTCTGGGTCGAGATGCCGATCTCCGCCCCGAGGCCGAACTGGCCGCCGTCGGTGAAGCGGGTCGAGGCGTTGACCATGATGGCGGCGGAGTCGAGCTCGGCGACGAATCGCTCCGACGCCGCGAGGTCGCACGTGACGATCGCCTCGGTGTGGCCCGACGTCCAGGTCCGCACGTGCTCGATCGCGGCGTCGAGGTCGTCGACGACGCGCACGGCGATCTCGGGCGCGAGGTACTCGGTCGCCCAGTCCTCGTCCGTGGCCGCGAGCACGTCGGTTCCCGCGGGCGCGAGGCCGGCCGTGCGGTCGTCGCCGTGCACGACGACGCCCGCCTCGGTGAGCGCGGCGAGCGCGGCCGGGAGGAACTCGGGGGCGGCCTCCGCGTGGACGAGGAGCGTCTCCGCGGCGTTGCAGACGCCCACGCGCTGCGTCTTGGCGTTGAGGAGGATCTCGAGCGCCATGGCCCGGTCCGCGCTCGCGTCGACGTACACGTGGACGTTGCCGACCCCGGTCTCGATGACGGGGACGGTCGACTCGCGCACGACGGTGCGGATGAGGTCCGCCCCGCCGCGCGGGACGAGGACGTCGACGAGACCCCGCGCGTGCATGAGCGCGACGGCCCCCGGGCGCCCGTGCCGGTCGATCGACTGCACGAGGTCGCCGGGCAGCCCCTGCGCCTCGAGCGCACGGGCCAGCACGCCGACGATCACCTCGTTGGAGCTCGCCGCCGCGGACCCGCCGCGCAGGATCACCGCGTTGCCGCTCTTGAGCGCGAGTCCCGCGGCGTCGACCGTCACGTTGGGGCGCGCCTCGTAGATCATGCCGACGACGCCCATGGGCACGCGCAGCTGGCGCAGGCGCAGGCCGTTCGGCAGGGTCGAGCCGCGCACGACCTCCCCCACCGGGTCCGGCAGGCCCGCGAGCGCGCGCAGCGCGTCGGCGATCGCGGCGACGCGCTGCGCGTCGAGCGCGAGCCGGTCGAGCAGCCCCTCGCTCATGCCGTTCGCGCGCTCACGCTCCAGGTCGACGGCGTTCGCGGCCACGATCTCGTCGGTCGCCGCGACGAGCGCGTCGGCGAGCGCGAGGAGCGCGGCGTCCTTCGTCGCGCGGGTCGCCGTCGCGAGCGTGCGCGACGCGACCTTGGCGCGGCGCGCGACGTCCTCGACGGCCGCCGCGACGTCGGTCGGAGCGTCGGTCGGAGTGTCGGTCGCGGCTGCGGCAGGACCGGCGGTCCCGGGCTCGGCGGCGCCCGCGACGACGGGCGCGTCCTCGGTGGTGGTCATGGTCCGAGCCTACGTCGGCGGCCGTCGCGCCGGGAGCGTCGTCCGGCCCGCGGTCAGCGCGCGCGCCGCCGCACGAGGACGAGGTCGTCGCGGTGCACGACCTCGCGGTCGTAGCCCTGACCGAGCTCGGCCCGCAGCTCCGTGGTCGACCGGCCGAGGAGGTCCGGGATGTCGCGCGACTCGAACGCGACCAGGCCGCGGGCGACCACGCGCCCGTCGGACGTGACGAGCTCGACCGGGTCGCCGGCGTCGAACTCCCCCTCGACCGCGGTGATCCCCGCGGGCAGCAGCGAGGCGCGCCCACCCTGCACGGCCCGCACCGCGCCGTCGTCCAGCACGAGGCGGCCGCGCGTGCGGGCGGCGTGCGCGAGCCAGAGCCGACGGCGCGTCGTCCGCCTGCCCGTCGCGGCGAACCAGGTCCCGACGGGCTCGCCGGCGAGCGCGGCGGCGGCGTGCTGCGCCTTGGTGAGCACCACGGGGATGCCCGTGCCGGTCGCGATGGAGACCGACTCGAGCTTGGTGAGCATGCCGCCCGTGCCGACCGCGCTCCCCCGTCCCGTCACCTCGACGCCCTCGATGTCGGCCGGCGAGCGCACCTCGGCGATCCTGCGCGCGCCCGGGCGCGACGGCGGGCCGTCGTACAGGCCGTCGACGTCCGTGAGCAGGACCATGGCGTCGGCCCGCACGAGGTGGGAGACGAGCGCGGCGAGCCGGTCGTTGTCGCCGAAGCGGATCTCGTCGGTCGCGACGGCGTCGTTCTCGTTGACGACGGGCACGACGCCGAGGTCGAGCAGGCGCTCGAGCGAGCGCTGGGCGTTGCGGTAGTGCCCGCGACGCACCGTGTCCTCCGCGGTGAGGAGCACCTGCCCGAC
NZ_CP136680.1_gap64	2689104	2691254	2150	CCCTCGCTCGCTCCCGGGATGAGGCCCGGGACGTCCGCGACGGTGAAGCGCGCCGAGCCGGCCTGCACGACGCCCAGGTTGGGCACGAGCGTCGTGAACGGGTAGTCGGCGATCTTGGGCCGCGCCGCGGAGATGGCGGCGACGAGCGACGACTTGCCCGCGCTCGGGTACCCGACGAGCGCGACGTCCGCGATGGTCTTCAGCTCGAGGACGACGTCCCGCTCCTCGCCCGGCTCGCCGAGCAGGGCGAAGCCCGGCGCCTTGCGGCGCGGGGACGAGAGCGCCGCGTTGCCGAGACCGCCGCGGCCGCCCTCCGCCACGACGTACTCGGCACCCTCGCCGACGAGGTCGGCGAGCACCGTGCCGTCGGGGGACTTGACGACCGTGCCGTCCGGGACGCGCAGGACGAGGTCCTCGCCGTTGGCGCCGTCGCGGTCGTCACCCATGCCCTGGGTGCCCGACGTCGCGTGGCGGTGCGGCGAGTGGTGGTACTCGAGGAGCGTCGTGGTCTGGGAGTCGACGACGAGGCGGACGGTGCCGCCGTCACCGCCGTTGCCGCCGTCGGGGCCGGCGAGCGGCTTGAACTTCTCGCGCCGGACCGAGGCGCACCCGTTCCCCCCGTCGCCGCCGGAGACGTGCAGGACGACACGGTCGACGAAGCTGGCCATGGAGGGATCCTCTCAGAGGTGGGTCGTGCGGTGCCGCGGTCGCGGCGGGTGGTGCGGCCCGCGGGGACGGGCGCCGGAAACGGCAGGAGGGGCGCACCGCGTCGGTGCGCCCCTCCTGCTCGAAGCCTCTGTGGCTGTCGCTCAGCCCTCGGCGGAGACGATGTCGACGACCTTGCGGCCGCGACGGGTGCCGAACTGGACCGCGCCGGCGGCCAGGGCGAACAGCGTGTCGTCCTTGCCGCGGCCGACGTTCTCACCGGGGTGGAAGTGGGTGCCGCGCTGGCGGACGATGATCTCGCCCGACTTGACGACCTGCCCGCCGAAGCGCTTCACGCCGAGGCGCTGGGCGTTCGAGTCGCGACCGTTGCGCGAGGAGCTCGCGCCCTTCTTGTGTGCCATGACGAACCTGCTTTCGTGCTGGTCTGCTGAGGGAGGGTGCCGACGGCGCGGCGCGGCTCCGGGCCGCTAGCTCGCGCCGGGCGAGATCACTTGATGCCGGTGACCTTGAGGCGGGTCAGCTGCTGACGGTGACCCTGACGACGGCGGTAACCGGTCTTGTTCTTGTACCGCAGGATCGTGATCTTCGGACCCTTCTCGTCCCGCACGACCTCGGCGGTGACCTTGACCTTCGCCAGCTTCGCCGCGTCGGTGGTCACCTTCTCCCCGTCCACCAGCAGGAGAGCGGGCAGCTCGAGGGACTCACCGGCCTTGGCGGACACCCGGTCCACCACGACGATGTCGCCGACGGAAACCTTCTCCTGACGGCCACCGGCCTTGACGATCGCGTACACCACGTTGCTGCTCATCTCTCCTAGTCTTGGCGTGCTCGTCACGGCGAGTTCGTCTTGGAGACTCCGACCACGCCGCGGCGTGCGAGTGCGAGTCGTCCGTGGGCACACGGGACCGGCGCGCCTGGGCGCGCCGACGTCCAAGATTACGGACCGCAGGGCGTCCTGGTCAAATGGCGCGCACGGACCCCGGCGCGGGCGACCGCTCCGGGGCGCGTAGCAGGCGTCGCACCGAGGACCGCGGACGGCGGCGCCTCCGTGCGACGAGGCCGCCGGCCGACCCTACTCGAGGACGAACGTGACCTCCAGCACGACCTGCCAGGCCGTGATGCGGCCGTCGGCCACGTCGACCTTCTGCTCCTTGACCCACGCGCCCGAGACGTTGCGCAGCGTGCTCGCGGCGCGCTCGACGCCGATCCGCACGGCGTCCTCGAAGCTCGTGTCCGACCGCGCGCTGATGTGCGTGATCCGTGCCACCGTTCCGCTCATGCCGGCTCCCCGGTCCAGGGCGGGCGCACCGATGCGCCCGCGCACCCGTCGAGCATCCCGCCGTCCCCGCGGCCGCGCCACCGGGGCGCCTCCCGCTCAAGACCCTGCGCGGCCCGCCCGGGGGCGCGGCGTCCGCCCTCGTGCCTACGCTGGCCGTGGAGGTGGTCGCATGCGCCCCGCGGGCCCGCCCGACGACGCGCGCCGG
NZ_CP136680.1_gap65	2692321	2695779	3458	GAGGACGTGCCCGACCACCTCGACGCGGCGCCCCGCGACCTCCGCGCGCCGGACCCGGCGCAGGAGCTCCTCCGTCTTGCCGGCGAACATCGGGCCGCACACGACTTCGACGCGTCCGCCGGGTCGGGGCGTCGGGAGCCCTGCGTCACCGGCCCCGGGAACGGTCCCTGGGGCGCCCGGGCGTGCCGCGTCGCTCATGCGAGCAGTGAACCACCGGCTCAGTGGTGGCGCGCGCCGCCGTTCGACGACGGCCGGACGGGCAGCGGCTTCGGCTCGCCGGCGGGGCCGAGGACGGAGACGCGGTCGGGGGCGCCGGGCCGCGCGTCCCGGCGGCTGAGGAGCGTCGTGCCGGACGAGGTAGGGCTCGCCGTGCCGGTCGGTGCGTCGGCCTGCTCGTCGCCGGACGCCGCCGGGGAGGCGGCGTCGGCCGGGGCGTCGGGAGCGGGTGCCGTCTTCTCCCCCTCGGGCGCGGGCGTCGGCTCGGCCGGCACCCCCGCCGCGATCCCGGCGAGCCCGGGCCCGCCGATCCCCGGGACGGACCGGACGAGCGGGAGCTCGCGCGTCCCGGTGCCCGACGCACGGCCGCCCTCTGCGGTGCGCTCGCCCGCCGGGTCGGGAGTCGGCCGCTCCCCCGCCGGATCGTGGGCCGGCCGCTCGTCGTCCGCGTCGCGCTCCGCCGACGCACCGGGCGCGGGCGGGGTGGCCGCCTCGCGGCGACCGGGCGCGGGCGCCGCGACGTCGGCCGCGCGCGTCGACCGTGCGTCGAGGGCCGGGTCGGCCGGCAGGACGCCGCGGTTCAGCTCGCCGTACGGCACGTGGACCGACGGCGCGACCCGGCGCGCCGCCTCGACCACGGCGCGCTGGTCGTCGAAGAAGATGTGCGGCCGCAGCACCTCGAGCACGCCGCCCTTGTCCACGCCCCCGAGGAAGAACGCGTCGTCGACCGTCACGCCCCACGAGGAGAGCGTCGCGACCGCGCGCTCGTGCGCCGGGGCCGAACGGGCCGTGACGAGCGAGACGTGCACGCGCGGCCGGTAGGACGGGTCGGTCGCGTGCCGCTCGCGCTCGACCACCTGCACGCGGTGGATGCCGACGAGGAGCTCGCGCAGCGGCCCCCGGCCGAGCGGCACGTCGGCGTTGAGCGCCTCGTGCTCACGGAACGACGCGAGACCGCCGTCCTGGTAGCGGCGCTCCGAGGAGTCGTCGGCGAGGACGCCGTCGAAGTCGAACGCGATGCGCAGCTCGTCGCCCTCCTCGTCGGCGAACGTCGGGTCGAGCACGTACCCCGCGGGCAGGCCCAGGTCGACGGCGTCGCGTACGGAGCGCTCGTCGGCCGAGAGGAAGAGGTCCACGTGCAGGGGACGGATGAACTCGTGCGGGCTGCGCCCCTGGCGGAAGACGGCGCGCGTGATGTCGAGGTCGTGGTGCCGCACGGAGCGCATGACGCGCAGGCCGGTCTCCGGGGAGTTGCGGGACATGACGATGACCTCGACGAGCGGGTCGTCGGCGGAGGGCGCGAGGTCGTTGAGCGCGAGCAGGCGGCGCACGAACCCGAAGGCGACGCCGGGGGCCAGCGCGTCGTCGCGGTGGCGCTCCTGGAAGTCGCGGTACGCCGCCTCCCCCTGCGTGCGGAACACGCGGTCGGACTCGGTGAGGTCGAACAGTGCGGACGAGGCGACGCCGACGACGAGGCGGCCCGAGAGGTCGTAACCCATGCGCGCATGATGCCAGGTGCGGGTGACGTGCACGAAGACCGCCCGGGGACGCGGCAGGGGCGAGGGTCCGCAGACCCCCGCCCCTCCCGCACCGCTCAGCTCTCGGTGGGCTCCGACCCGCTGTCGTCGCCCGCCGTGGGCGCCGAGCCGTCCGCCGGTGCTTCGGCGCCGTCGTGCTCGTGGGCGTGCGCCGCGGCCGCCGCGATCGTCGCGAGCGTGGCCTTGACCGCGGCCCGCGCCTCCGACGTGACCTCCGGCAGGACCGGGACGGCGGGCTGCGGGAGGGTGATCCCGGTGTCCTTCGGCGCCGAGGCGCCCGAGCCGGAACCGCGCTTGCGGCGCGACCGCGAGCGGCCGCCCTCGGCGGGCTCGTCGGCGGCGCCGCCGCCCCCGTTGCCCCCGGCGTTCCCGTTGCCGTTGCCGTGGTTGCCGTGGTCGTGGCCGCCGCGGTTGCCGCCCGACTTCTCGATCGGGTCGGTGTGCACGATGAACCCGCGCCCGTGGCAGTGCTCGCACGTCTCGCTGAACGCCTCGACGAGGCCCTGACCCACGCGCTTGCGCGTCATCTGGACGAGGCCCAGCGACGTGACCTCCGCGACCTGGTGCTTGGTCCGGTCCCGGCCCAAGCACTCGACGAGGCGGCGCAGCACGAGGTCGCGGTTCGACTCGAGCACCATGTCGATGAAGTCGATGACGATGATGCCGCCGATGTCGCGCAGCCGGAGCTGGCGGACGATCTCCTCGGCCGCCTCCAGGTTGTTGCGCGTCACCGTCTCCTCGAGCGTGCCGCCAGAGCCGGTGAACTTGCCGGTGTTGACGTCGACGACGGTCATCGCCTCGGTGCGGTCGATGACCAGCGACCCGCCCGAGGGCAGCCAGACCTTGCGGTCCATGCCCTTGGCGAGCTGCTCGTCGACGCGGTGCACCGTGAAGACGTCCTGCGTGCCCGTCCACTTCGAGACGCGCTCGCGCAGGTCGGGCGCGAGCTCCTCGACGTACGTCGAGATCTCCGACCACGCCCCGTCGCCCTCGACGACGAGCGAGCTGAAGTCGTCGTTGAAGATGTCGCGGACGACGCGGATCGCGAGGTCCGGCTCGCCCTGGAGCAGGGCGGGTGCCGACGCGCTCTTCGACTTCTTCTCGATGGCCTCCCACTGGCCGCGCAGGCGCTCGACGTCGGCGCGCAGCTCCTCCTCGCTCGCGCCCTCGGCGGCGGTGCGCACGATGACGCCCGCGCCGTCGGGCACGACCTCCTTGAGGATCTTCTTCAGGCGGTTGCGCTCGGTGTCCGGGAGCTTGCGGCTGATGCCGGTCATGCCGCCGCCGGGGACGAACACGAGGTAGCGGCCCGCGAGCGTGATCTGCGACGTGAGGCGTGCGCCCTTGTGCCCGATCGGGTCCTTGGTGACCTGCACGAGCACGGAGTCGCCCGACTTGAGCGCCTGCTCGATGCGGCGCGGCTGGCCCTCGAGCCCGGCCGCGTCCCAGTTCACCTCGCCCGCGTACAGGACGGCGTTGCGGCCCTTGCCGACGTCGATGAACGCGGCCTCCATGCTGGGCAGCACGTTCTGGACGCGGCCCAGGTACACGTTGCCGGCCATCGACGCCTGCGACTGCTGGGAGACGTAGTGCTCGACGAGCACGCCGTCCTCGAGCACGGCGATCTGCGTGCGGCCGCCGCGCTCGCGCACGACCATCGACCGCTCGACCGACTCGCGGCGCGCGAGGAACTCCGCCTCGGTG
NZ_CP136680.1_gap66	2872713	2875640	2927	GGCCCACTGCCCGGTGAAGAGGGTGATCGGTCGTGCCATGGTCGTGTCTCCTTCGGTCGTTCTCGGTTCGTGCCCGGGGTCACCGGGCGGACGTCTTGGTCAGGGGGCGGGGCGTGTCCCCCGCGGCCTCGTCGGTGCCCGACGCGCGCGCGCGGCGCCGCACGACGACGTAGCCCGCGGCGAGCAGCAGCGCGGCGACCACGGCGACGGCGACCCACACGAGCGCGCTCGTCGACCCGTCGTCCGTGGCGGTGCCGTCGCCCGCGGCGCCCTCTCCGGCGGCGTCGTCGCCTGCGGCGGCGTCGTCGCCGGCCGCGTCGGCGCCCGCCGCGTCACCCTCCGCACCGGCGGCCTCGCCGCCCTCCTGCGCCGCCGCGTCGTCGCCCTCGCGCGGGGCGGGCTCCGGCAACGGCACGACGTCGACCTGCGCCGTCGCGGTGGCCTCGGCGGGGTGGGTGATCGTGGCGGTGAGCGTCCAGTTGCCGTCGGCGAGGACGCCGGGGTCGGACGTGTACCAGCCGACGCCCTCGGACGCCGACCGCAGCGTGAGGGGGCCGACGGTCTCGCCGGCCGCGGACTCCCCCGTCACCGAGACGTCGGCCGCCTCCTCCACGGGGTGGCCGTCGACCTTCCAGGTGAGGTTCGCGGACACGCCGCCCTGGCCGTCCGTGCCGAGCGAGATGACGACGTCGCCGCCGTGGGCGCCGGCCGGGGCCGCGCCGACGAGCGCGAGCACGCCGCCGAGCAGGAGGCCCAGCGCCGCGGTGAGGAGCGCGCGGGGGCGGCGCCGCACGGGGGCGGTCGTCCGGCGGAGCGGCAGGAGCCGCGTGCCGCCCGGAGGTCGGGGGCTGGTGCGCTGGCGGGGCGTACGGGACATCGGGTCATCACCTCGTCGTGGGTCCGTGTGCGGTGGGGGGCGGCGGTCGTCGCCGGTCCCCCGGGGTGCCCCGGCGCCGGGCCGGAGCGCCCGTTCCCGGGCGCCGGGGCCGGAGACCCGGAGGTCCCCGTCGTGCTCGTCGTGCGGGCAGCGTACGGTCGGCCCGGCCGATGGGCCGCCCGGACGCCCGAGCGCCCGCGCGCCGAGCGCGGTGCCCGGCGGGCCGGTGCTCAGCGCACCGACCCGCCGGAGCTCGTCAGGAGCAGGACCGGGCCGCGTAGTCCGCCGTCCCGGAGAACGTCCTCCCCTCGGCGTCCGTGGCGGTCACGGTCACGGTGCCCGCGTCGACCGCGACGGCGCGCGACGCGAACGACTGGTACGCGTTCGCACCCGGCGCGACGTCCGCGACCTGCTTCGACCCGTACGGGGTCTCGAGCGTGATCGCGAGCGGGACCGTGTCGTCGTTCGCCGCGCGGACCGCGACGAACACCTTGCCGGCCATGCAGCGCGTCTCCGCGGTGATGGTGACGGCGATCGGCTCGGCCTCGTCCTCGACCACCCGGAAGTGGCCGAAGGACGCCGGAGCACCGGTGTCGGCCGACGCCCCGAGGGCGAAGAGACCGACCTTGGCGTCCGCGGCGGGCGCGTTGGTCACGCTCTCGTCGAACGTGGTCCACGTCTCGCCGTCCGCGCTGTACGCGCCGGTGAACGTGTCACCGGAGCGCGTGAGGCGCAGGTGCCACACCGACTCGGCGAGGCTCCCCGTCTGCGGCTGCGGGTTCTGCACCACGCCGCCGACCTCGCTGCGCAGCTCGATCCGGGCGTTGCGCGCCTGGCCGGCCTGGTTGTCGACCACGTAGTCGAGCTTCACGTAGTCGTCGTCGCCGCCGTAGACGATCAGACCGCCCTGCTGGTACTGACGGTCGAACGCGGAGCCGTCGACGACGGTCTCGATCGTCCACTCGTCACCCGGCTGGTCCTGCAGCACGATGTTCGGCACCGGGCGGTTGTCCGTCCCGTAGATGTCCGTGGGCGTCGTGTCGATCTGCAGGGAGCCGTCCGCCACGCGGTAGCCGGTCGGGTCCTCGCGGACGATCGACCAGCGGCACGTGTCGAGGGCGTCGCCGTCGAACTCGTCGTCCGGCCCGGGGGCCGCCGCCGTGTCGTCGGGCGTGATGTGGAACCAGTCGAACTCGGCGTCGACGACCGGGGTGGTCGTGTTGTTGCCCTTGAGGGCCACGAGCCCGATCTTCGCGTTCTCCAGGTCGGCGATCGACTTGGTCTGCGGCATCGTCGTGAAGTCGATGCCGTCGGCCGAGTACGCCGCCTGGAGGCTCGCGCCGTCGCTGACGAACCGCACGTAGACCGTGTCGGGGTAGTCGGCACCGAGCGCGGCCGAGTTGGACTCGTTGACCTCGTTCGGCTGGGCGTTCTCCTCACGGATGAACTGGAAGATCCGCGTCGCCGGGTCCGCAGCGGCCGACCGGCCCTGGAGCACCATCTTCGCGTAGTTGTCCTGGTCCTCCCAGATCAGCAGACCGGCCTGCTGGTACTGCTGGCGGGCCGGCAGGGTCACCTTCGCGGTGGCCGTGAACGGTCCGTCCGGGAGGTCCTGGAGCACCAGGTTCGGCACGGCCGTGTTGTCCGTGCCGTAGAAGTCCCGCGTCGCCGTGGGGACCACCAGGCGCCCGTCGCGCACGACGAGGTTCTGGTCGCGGTTCGTCACGGTCCAGCGGTCCTCGTCCAGGTCGGTGCCGAGGAAGTCGTCCGAGCGGCCGGAGAAGCAGAGCCCCGGACCGGTCTCGGGCGCCTTGACGGTCACCGTCGTGTACTCGACCGAGTACGCGCCGCGCTCGTCGGTGGCCCGCACCTGGAGCCGGTAGGTGCCCGGCTGGTCGTACGTGACCGCGAACGAGTCGGTGCCGTCGACGAACCCGTCGCCGAGGCCCGCGTCCCACGCGAACGTGACGGCCTCGTCCTCGGGGTCGGTCGCCGTGACCGACGCCGTGACCTCGAGCGGCGCGGTGCCCTCCGTCGGGGTGACCTCGAA
NZ_CP136680.1_gap67	2900310	2904683	4373	GACGACACGAAGTACTCGAGCGCGAGCTCGTGGTACCCCACCTCGGCCGCGACGATGGACTGCACGACGCCCGAGAGCGTCGAGTCGCCCGTGGTCAACGGGTCGTAGTACTCGAAGTCGGCGAGCTTCTCCTCGGCGCTGAAGTGCTGCCCCTGGAGGAACAGCGCGAGCACGACGTCGGCCTGCTTGAGCACCTGGTAGCGGTAGATGACGAGCGGGTGGTAGTGCAGCAGGAGGGGCCGCTTGTCCTCGGGCGTGTGCGCGAGGTCCCAGATCTCGCGCTCGAGGAAGTGCGAGTCCTGCGGGTGGATGCCGATGCTCTCGGCGTACGGGATCGACATGTGGTCGGCCGCCCGGACCCACTCCGCGGCCTCGTACGCGCCGAGCGAGAGCCGGTCCACGAGACGCGCGTAGTCCTCGGGGTGGTCGGCCTTCATGCGCTCGACGACGTACGCCGCGGCGCGCAGGTTGAAGCGCGCCATGACGTTCGTGAAGAGGTTGTCGTTGACGACGGTCGTGTATTCGTCCGGCCCCGTGACGCCGTGGATGTGGAAGTTGTCGTCGCCGTTGGCGCGCCAGAAGCCGAGGTCCTCCCACATGCGCGCGGTCTCGACGAGGATGTCCGCGGCCTCGCGGCGCAGGAAGTCCTCGTCGCCCGTCGCGCGCACGTACTGCACGAGCGCGTAGCTCACGTCGGCGTCGATGTGGTACTGCGCCGTCCCGGCCGCGTAGTAGGCGGACGCCTCCTCGCCGTTGATCGTGCGCCAGGGGAAGAGCGCGCCCTTCTGCGACAGCTCCGCGGCGCGGCGCCGGGCGGCGTCGAGCATCTGGTAGCGGAAGCGCAGCGCGTTGCGCGCGTACCGCGGGCTCGTGTACGTGAGGAACGGCAGGACGTAGATCTCGGTGTCCCAGAAGTAGTGCCCGCTGTACCCGGAGCCGGTGAGGCCCTTCGCGGGGACGCCGTTGCCCTCGGCGCGCGCGGTGGCCTGCGCGAGCTGGAACAGGTTCCAGCGCACGGCCTGCTGGACGCCCGGCTGGCCGGGGATCTCGACGTCGGAGCGGGCCCAGAAGTCGTCGAGCCACTCGCGCTGGAGCGCGAGCTGGGCCTCGACGCCGGTCTCGCGCGCCCGGTCGAGCGTGCGCCGGCAGCGGTCCACGAGCTCGCGCGACGGCACGCCGCGCGACGTGTGGTACGCGACGAGCTTGGTGAGCCGGATCGGCCGCCCGGGCTCGGCGTGCACGCGGAACACGTGCTTCGCGAGGTCGTCCTCGGCGAGCGTGCGCACGTCCCACTCGTTCTCGGTCTCGAGCAGGTCGTCGGCCGCGACGGCGAGCGTCATGCCGGAGTTGGTGCAGCGGTAGGACAGCACGAGGCGCTCGTCGTCGCCGAACTGCGTCTGCGGCTGCAGCACCCGCCCGGTGAACTGGTTCGACTTGCGCGGGTCGAAGCCCTCCCCCAGCGACGCGGACCGCACGTGGTACTCGTCCTGGCCGTCCTGGCGGTTGAGGATCTGGGACGAGATCGCGACGGGCGCGGCCGCGTCGAGGAGCGTGACCTCGAACGTCATGACCGCGAGGTGGCGCTCGACGAACGACACCATGCGCTGCGAGCGGATCTGCACGCGCTTGCCCGACGGCGTGCGCCACAGCAGCTCGCGGCGCAGGACGCCGTCCTGGAGGTCGAGCGAGCGCTCGTAGTCGATGAGGTCCGCGACGGGCAGCAGGAGGGGCTCGTCGTCCACGTAGAGGCGGATGACCTTGGCGTCCGGGACGTTGACGATCGTCTGCCCGACGCGCGCGAAGCCGTACGCCTCCTCCGCGTGCCGGATGGGCCACGTCTCGTGGAAGCCGTTGACGAACGTGCCGTGCGAGTGGGACTCGCGGCCCTCCTCGACGTTGCCGCGCATGCCGAGGTAGCCGTTCGCGACGGCGAACAGCGTCTCGGTGACCCCCAGGTCCTCCGCGGAGAACTGCGACTCGACGAGCCGCCACGGGTCGGCCGGGAAGCGCAGGCGGTCGACGGTGCCGCGCTCGTCGGCGGTCCGGCGGATCACGCGCCCGCCTCCTCGTCGGCGGGGGCGGTCACGGCGGGACGGACGGCGTCGGCGGTCGCCGCGCGAGGACGGTCGAGGACCGTCGCGTCGAGCTCGCCGAGGTCGGCCACGACGACGTCGGCCCCGTGCGCGAGCAGCGCGTCCGCGCCCACCCCGCGGTCGACGCCGAGCACGAGCCCGAACCCGCCGGCCGCGCCGGCCTGCACGCCCGAGAGCGCGTCCTCCACGACGACGGCCTCCGCGGCGGGGACGTCGAGGAGCTGGGCCGCGTACAGGTACGTGTCCGGTGCGGGCTTGCCAGCGACGTGCTCACGCGCCGCGACGTTCCCGTCCACGACGACCGCGAACCGGTGCGTGAGCCCGGCCGCCGCGAGGACGGCGGGCGTGTTGCGCGACGACGACACGACGGCGACCGCCGCGCCCGCCGCGGTCACGGCGTCGAGGAACCGGACCGAGCCCGGGTACGGCGCGATGCCCTCCTCGGCGAACATGCGGTTGACGATCTCGTCCTTGCGGTTGCCGAGCGCGCACACGGTGGACTCCCCCGGCGCGTCCGTGACCTCGCCGCGCGGCAGCGTGACGCCCCGCGACGCGAGGAACGTCGCGACGCCGTCGTACCGGGGCTTCCCGTCGATCGACGCGAAGTAGTCCGCGGCGGTGTACGGGGCGAGGCCGTGCGCGGCGCAGTAGGGCGCGAACAGCCGTTCCCAGGCGCGCATGTGGAGCTCGGCGGTCGGCGTGAGGACGCCGTCGAGGTCGAACAGCACGGCTCGCAGGACGGGCATGGAGATCCTTCGCGGTGGGGGGACGAGGGTCTGCGCCCGGCCGTTCCCGCGCCGTCCGGAGGCCGCGGGACGGCCGTCCGCACGTCGCCGTCGTGACCGTCGCGCGAGGTCAAGCGTACGCACCCGGAGCCGTGCGCGGAAAGCGCTCAGGGCGTGTCCGGGCGACGCTCAGGCGTGGGCGCGCTCGGCCAGGACGTCGGCGACGCGGCCGAGGTTCGCGAGCAGCGCGCGGTGCTCGTCGGGCGTGCCGGCGACCCCGCCACCGAGGTCACCCCCGACGCCGGACCGCGGCGCGCCGAGGAGCGTCACGTCGTCGAGCGCGGGCAGCCCGAGCCCGATGCGGCGCCACGGCACGCTGACGAGGTCGGCGAGCTCACCCAGCGCCGGCCCCGCGCACTGCGAGACCTTCGCGGGCGGCAGCGCGGCCCAGAGGCGCACGCCGCGCTCGACCGCGCGCGCGACCGTCTCCCAGGACCGCTCGTCCCAGGCGCCGAGCGTCAGGCCGACCGCGTCGGCGCCCGCGAGGACGACCGGCGCGACGCCCACCCAGGCGGGGCCCACGTGGACGACCGTCGACGCGGACGCGGCGCGCGCGGCGTCGAGCACCGGGCGCAGCCCGTCCACGAGGTCCGGGCCTGGGACGGTGCGCAGACGCGAGTAGCCCGAGAACGTGGGCAGCACGCCCGCGCCCACCTGCGCGAGCAGCGGCTCGTCCACCTGCACGACGACGTCCGCCCCCGGGACCTGGCGGCGCACCTGCGCGACGTGCTCGGCCACGCCCGCGGCGAGCGCCTCGACGACCTCGCGCACCGCGCCGCGGTCGGACAGCACGCGGTCGCCGCGCGCGAGGTACACCTCGGCGGCGAGCGTCCACGGCCCGGTGACCGTCACGGCGAGCGGCCCCGCGTACCCGGCGCCCGCGATGGCGAGCGCCTCCACGTCCTCGCGCAGGTACGCCTCCGCGCGGCGCAGGTCCGCCCCGCCGTGGTCCGCGAGCTTCCAGCCGTGGGGGCCGAGCTCGACGGGCAGCCCGGGCAGCAGCGCCGCCGTCCGCCCCGTCGCGTCGGCCCCGGGCCCGCGGCCCGGGAGCTGGACGAGGAACGGCACGCCCCGCACGCCCGTCGGCACGTCGGCGAGGTCGCCGAGCACCGTGAGCTGCGCCTCGAGGACGTCCGCGCCCTCGCCGCCGGGCCACGGCCCGAGCCCGCTCACCGCGGTCATGCCGCACCCCCGCGGGCCGCCTCGCGCGGGAGACCGCGCACCTCGTCACGAACCACGTGCCGTCCACCTCTCTCCAGGAGCACACCGGAACACCGAGCCGTGCCGCGACCCCGCCGGGGTCCGGGGGCCGCACGGCCGTCCCGCGGAAGGACCCCGCCATGGGCACGCACGAGAACAAGGCCGCCGCCGTCGCCGTGCACACGCACGCGATCCCGGGCAACCACGCCGACGCCGTCGCGGCGCTGCTCGCGCCGGGCTTCCGCAACCACGACGCGGCACCGGGCGGCGACGGCGGCGACGAGGGCCTCGTCGC
NZ_CP136680.1_gap68	2911119	2913115	1996	GTTCACCGCGACGATCACCTGCGAGGCCTGCATGCCGCCGCGGTGGTGCGGAGCGCCCGAGATGCCCGCGCCGATGTACAGGCGCGGCGCCACGGTGACGCCCGTCTGCCCGACGAACTGGTCGTGCCAGCCCTCGTAGACGGCGTCGCGCGTCGCGCCCACGGCGGCGCCGAGCGCGTCGGCGAGCTCGACCACGGGGCCGAAGTCGCCGTTCGTGCCGCGGCCCCCGGCCACGACGATCGCGGCCTCCCCGAGCGCGGGGCGCCCCGCGCCCGCGGACGCGTCGACCGTGCGGGACACGACGCGCGCCGCGGTCGCCGCCGGCGTCAGCTCGACGCGCAGCGCCTCGACCTCGGTCGCGACGGCGGCGTCCGCCGGCTGCGGCACGACCGAGTTCGCGCGGAGCGTCAGCACCGCCGGGTCGGTGAGGATCTCGCTGCGCACGTCCCACGAGCCCGCGAAGACGCGCTTGTCGGCCACGAGGTGGGTGCCGTCGTCGTGCAGCGCGGAGGCGTCGACGACGAGGCCGGCGCCCGTGAGGAACGCGAGGCGCGCCGCGGCCTCCTTGTTCGGGAACGACGACGTCAGCAGGACGGCGTCGGCGTGCGACGCGCGCGCGGCGGCGGCGAGGACCTCGGCGACGACGGGCGTCAGGTGCAGCGCGTCGCCGGTGACGACCTCCCCGCCCGACGACGGCTCGGCCTGGCGCACGAGCGCGACGCCGTGCGCGCCGAGCTGGGCGAGGACGCCGACGCTCGGCGCCTCGAGCGCGACGGCCTCCACGCGCCCGAGCGCGCGGCCGAGGGTGATCAGCTCCAGCACGGGCGTCCGCAGCTCGGTGGCCGCGGAGTCGAGGAGGACGAGGACGGTACGGGCCCCGGGGGTGCTCATGTGCGGACGCCTCTCAGACCAGGTCGTTGCGGATGAGGAACTCGGCGAGGGCGCGGCCGCCCTCGCCCTTGTCGACGACGATCTCGGCGTCGGGGCGCGGCGGCCGCGGCGACGCGTCGAGCACGCGCGTGCGGGCTCCGGCGTCGCCGACGAGCGCGGCGTCGACGCCGAGGTCGGCGAGGCTCCACGCCTCCACGGGGCGCGTGCGCGCCGCCATGATGAGCTTGAAGTTGGGCATGCGCGGGTCGTTCGCGTGGTCGGTGACCGACACGACGGCGGGCAGCGGCGCCTCGAGGACCTCCTCGACGCCGTCGAGCTCGCGCGTGACGCGCGCGGTGCGCGCGCCCGGCTCGCCCTCGACCTCGAGCTTCCCGGCCAGCGTGAGCTGCGGCAGGCCGAGCTCGGCCGACAGGAGCGCCGGGACGACGGAGCCCAGGCCGTCGAGCGCGGCCATGCCCGTGACGACGACGTCCACCGGGGCCTCGTCCGCGAGGCGGCGCACCGCGGCGGCGAGCACGCGCGCGGTGCCGAAGTAGTCGGAGCCCGCGATCGCGTCGTCGCTCACGCGCACGCCGCGGTCCGCGCCGAGCTGGAACGAGCGGCGCACGGCGCCGTCGGCGTCCGGCCCCGCGACGGTGAGCACGACCACCTCGCTGGTCTCGCGCTCCGCCTCCGGCAGCGCCTCCTTGAGGCGCAGCGCGGCCTCGACCGCGTTCTCGTCGAGCTCGTTGAGCGTGCCCTCGTCGGCCCGGCGCACAACGCGGCCGTCCTCGAAGCCCCGGTCGGCGTGGATGTCCGGGACGTACTTCACGGCGACGACGATCCGCATCGGTTGCTCTCCCTGTGCGCTGGGCGGTCGGCCGGAGAGGTACCCGGCCCGCTCCGCCGAAGCCTACCGGCGGGCGACCGGAGGAGCCGGTGACACCCGCCACAATGGACGGGTGCACGAGCCGTCGCCCGACCCGAGACCCGCCCCGCCGACCGCGCCCGGGAGCGTCGACCGGCACGCCCTCGTCCCGCCGCTCGGGGTGCGCCCCGCCGGGGACGGCGTCGACGTCGCCGTGCTCGCGTCGCACGCGACCGCCGTCGAGCTGTGCCTCGTGGA
NZ_CP136680.1_gap69	2977151	2978483	1332	GTGATCGAGTGACCACGCGTCGAGGTGATGCGCTCCTGGAGCAGACCCATCTCGTCGGCGAGGTTCGGCTGGTAACCGACCGCGGACGGCATGCGCCCGAGCAGCGTCGACACCTCGGAACCCGCCTGCGTGAAGCGGAAGATGTTGTCGATGAACAGGAGGACGTCCTGCTTCTTCACGTCACGGAAGTACTCCGCCATGGTCAGCGCGGAGAGCGCGACGCGAAGACGCGTGCCCGGGGGCTCGTCCATCTGGCCGAAGACGAGGGCGGTCTTGTCGAAGACGCCCGCGTCCTCCATCTCGTGGATGAGGTCGTTGCCCTCACGCGTGCGCTCGCCGACGCCGGCGAACACCGAGACACCGCCGTGGTCCTGCGCGACGCGCTGGATCATCTCCTGGATGAGGACCGTCTTGCCGACGCCCGCACCACCGAAGAGGCCGATCTTCCCACCCTGCACGTACGGCGTGAGGAGGTCGATGACCTTGATGCCCGTCTCGAACATCGTGGTCTTCGACTCGAGCTGGTCGAACGCCGGGGGCTTGCGGTGGATCGGCCAGCGCTCGGTGATCTCGATCGTCTCGCCGGGCTCGGCGTTGAGGACGTCGCCCGTGACGTTGAAGACCTTGCCCTTGGTGACGTCGCCGACGGGGACGCTGATCGGGGCGCCCGTGTCGGTGACCTGCGCGCCGCGGACGAGGCCGTCCGTCGGCTTGAGGGCGATCGCACGGATGAGCGAGTCGCCCAGGTGCTGGGCGACCTCGAGCGTGAGCGTGAACGACTTCTCGCCCTCGCCCTGCGACGACAGGTCGATGTCGACGGTCAGCGCGTTGTAGATGTCGGGGATGGCGTCCGCCGGGAACTCGATGTCCACGACGGGGCCGATCACACGAGCGACTCGGCCCACGCCGGGACCGCTGGAGTGCTCGACCTGTGCTTCCACGGTGGTGGCGGTCATTGCTGGCCTCGCTTCGCAGTGCCGGAGTGGTCCCCGGCGGGTTCGGTCAGGATGTCGGTGATGGTGCTGGCCGCGCGGGCCGCGCGGCCCGTCATGACGCCGCCAGGGCGTCGGCACCCGAGACGATCTCGCTGATCTCCTGGGTGATGTCCGCCTGGCGCGCCTGGTTCGCGAGCCGCGTGTAGTTGCGGATGAGGTCCTCCGCGTTGTCCGTCGCGGTGTGCATCGCCCGCTGCCGCGCCGCGAGCTCGGACGCCGCCGCCTCGAGGAGGCAGCTGAAGATCCGGCTGCGGACGTAGCGCGGGAGCAGCGCGTCGAGCACCGCCTCCGGCGAGGGCTCGAAGTCGTACAGCGGGAGCACGTCGTGCTTGCCGGC
NZ_CP136680.1_gap70	3086259	3087273	1014	GGACGTCGAACGAGAGCGCCTCCATGATGCTCACCGGGACGCCTTCGCTCGCGCTCGCGTTCACGAACACGTCGACAGAGGTGCTGCGGAAGAAGTCGATCACCTCGTCGTGGCTCATCTGGCCCCGCAATTCGACCTCGAGCCCGGCATCGGCGACCGCACTCGCACGCTCACGGAGATCGTGCTCGAGCGGTCCGCCACCGAGATGCACCCACCGAACCGGGCGCGACCGGCTCAGCGCATGGACAGCGTCCAGGATCAACGTCGTGCGCTTCACCGGCGTGAGGGACGAACACGAGACGACGACGAGCGGCCCACCGGCCACCCGCTGCGGCTGCACGCCGTGGTCCGCTGTCCCCAAACGAGAAAGCTCGATCCACGAGCTGTCAACGTGCTCAGGGTAGTGCTCCAGCAAGTAGTCGCGCCCATGTTCGGAGATGGCTAGGACGACGTCCGCCCGGTTCATCAGGCTCGCCCGCAGAGGCTGACCGGACCTCTGCTCCTCTTCGTAGAGGTCGTACCGGTGGAGCCGGAGCGCGACCGGTCCGGACGATCTCGGCAGCCCCGCGACCGCCAGCCCCGCCCCAGCAGCCCAGTATGCGTAGACCGTCGTACGCCAACCCGGCTCGCGGAGCGCGGCCCGGAGTCGTGCGTCTCGACCGCGCTTGATGCTGGCCAGCGCCGCCATCGTCTCGGTCCGCCACCTTCCCCGAAGGCGCCCGGCACGCCACTCGCGGACGAGCATACCGAGCAGGCGGGACGCCACCGAGGGCACGGCCAGGTGCCCCAGGGCACGTCGGCGACTGCCGCCTTTGACCGAGCCGCCGTACCTGACGCCGGGCGGCATCGCGACAAGTTCCTCGTCACCGGGTTGCGGGTAGTTGAAGACCACGACGTCGTCGAAAGCGGAGGCGAGGTGCGGCACCTCCGTCTCAAGGAAGGCTGCGTCGCCACGAGCGAAGGGGTACTCGTTCGTGAGGAGGACGAGGCGGGAGCGCGTCACGTCGTGGTCCC
NZ_CP136680.1_gap71	3089714	3094177	4463	CGCGATACCCACGTCCGACAGCCGCACGAGTTCCGACGTCGTCCGCTTGAGGCGGTCGAGCCAAGGCGCCCGCATATACGACGCGAAGAGCTGGTCCCCAATCTCGAGCTCGAAATGCGCGAACCTGCGCGTGGCGAACCACTGGAGCGCGATGTTGGCAGCCGACTTCAGCAAGATCAGCGCCACGAGAACGACGATGATCCAAGGGTACTGCGACGAATCGACCCTCCCAATCAACGGGACCTGCCCTTCGCCTCCTGTCGCCATGACGCTCACCACCGCGGCGAGCAAGCCGAGCGCCACGACGTCGACGAGCGCCAGGAGGCTGGACACGATCGCATGCCACACCAAGAACGCTCGTGCCCCTGGGGGGAGATAGGGAAGGAGCGCTCGGATCCGGTCGACGATGATCTTCATCGGGCTCCTTCCGACAATGCCCCACGGATGATCTTCGCAGCCTCGCTCGCACGCGCGGTCCACGACGCGTTGGCGTCGACCCATCGAGCGAGCTGGCGGCGCTCCTCCCCGTCGAGAGCCTTCTCGAGCATCGTGACCATTTCGGCCGCGACGCTCTCGTCGTCCCAGTCGGCGGTGCGGCCGAGCCCTTGCTGCGCCACCACAGTTCGCGCGACGCCCGAGCCGGCGTAGAGCACAGGTGCGCCGGACGCCAGGCCGGCGAGGATCTTCGTGGGGAACGCCATGTCGTATCCGGCGCCCGGTCTCATGCTGACCAGGGCGGCCCGGGCTCCACGAAGCCACGCGGACGCCTCAGCCGGAGGAACAGGAGGCAGCATGCGCACGCATCGCCCACCGTCAGGGAGCTTCCGGGCCTCGCGTTCGATCGTCTGCCAGGATGCTCCCTGACCGAGATACACCAGGACCGCGTCGGGCACCTTCTCGCGCACGAGCGCCATCGCTCTGACGAACACCTCGGCCCCTTGCCACTGCGACATGGTCCCGGCGTAGACGACGTACGGTGCCGCTGGAGCGTTCGGGTGCGTGGAGCCGGCGGGCGTGAATACCGCCGTGTCGATCCCGTTGCGGACGAGTCGGACGCCACGAGCTCCCAGTTCTTTCGCGCGCTCCGCAACCCCGTCGGTCACGGCGATCACGGACGCCGCGCCCCGCATCACCCACGACTCGAGCGCGCGGAGTGCGCGAACCACGAACCGGGGCGCGAGCGCGGCCGACGCGTCGGACCAGATGTCCGCCGCGTAGTACACGTACGGGACGCGCCGGATCGCGCAGGCGAGGCGCACGGCGAGGCCGGTCGTCGGGGGCGGCTCCACCACGACAACGTCTGGGCGGGGAGCGACTAGCATCCGGAAGAGCAGCGGCATGTCGAAGCTGAGGTACGGCACGTAGCCTCGGATGCTCCCGGTACGGTCGCGAAGGACGGGAAAGCGTCGGACGTCGACGCCGGGAGAGTGCTCTCCACGTTCACCGCCGCGCAGGGGCGCGCGCGACGTAAGCACCGTGACGCTCAGACCCTCGTTCACCAGCGCTGTCGCCAGCGCGCGAAGCCGGAATGCCGCGGCGGCCGGTTCGGGTGCGTAGATCCTCGTCGCCAAGGTCACTCGACCCATCGGCGTCATCCACCTTCCTATCGCATGAGTCCCGTGCGACCCTCGCGTCCGCTCCGCGGACGCCGGGACGCCTCGCAAGACACGCGAACGCTCCGCACGACCGAGAGAACACTACCTGGCACGCAGAGCGCGGATCACCGCCAGTCCCCCGTCTGCGAGCTTGGTGTACCGAACCGTCACAAAACGTTCCGCTCTCCGAGGAGCTGGATCCGAAACGTCACAGGGCACCCCATGCTCCCGAGGACACCTGTCTCGCAAAGCGGAAGACACGCTCTAGCCTGGAGGGGAATCGTACGCAAGGAACGAGGTGGCACGATGACGTGGACATGGCTGCGAGGGTCGCAGCAGCGACATGGGGCGGCGGTGGTCGCAGGGCTCGGGCTCGTGCTCGCCCTGCTGGGTGGCGCCCCGGCCCAGGCGTCGATCGTGACGGCCGAGCGCGTGAACCTACCGCCGTCCGGGACCGTAACGATCGCCGGCCACGGTTACGGGCACGGGATCGGGCTCTCGCAGTACGGTGCGCGCGGGGCGGCGACGCAGGGTGTGGGATATAGGGCGATCCTCGACTTCTACTACCCGGGCACCGCGCACACCGGCCAGCGCGACTCCCCGATCCGGGCACTCGTCTCCGCTGACACGGACAACGACGTGCGAGTCGTCGCCGTCCCGGGGATGACCGTGAGGGACGCGGCCGGGACGGTGCGAACCCCCCAGTTCGCAGGACGTACGGTCACGCAGTGGCGCGTCGTCCGCTCGGGAGCCGACCTCCATGTCGACGGCCTCTCCGCGGGCAGCTGGGTTCGCTGGTCCACCCTGCGGACCACGCACCTCGATTTCGCGACCCCCGGAGATACAGTCCAGCTCGTTGTCCCTGACGGGACACGGCGAGAGTACCGAGGCTTGATCCGGGCTGTCGCCGACGGTTCCTCCCCGGGCTTGCGCTCGGTGAACCAGGTCTCGATGGAGAGCTATCTCCGTTCTGTCGTGCCCGCCGAGTCACCGTCCAGCTGGCCCTACGACGCCCTGCGCGCACAGGCTGTCGCTGCACGCACCTACGCCTCGTTCGACCGACGGGCCGCAGGTTCGCGTGCGTGGGACACGTGCGACACGACGCAGTGCCAGGTCTATCGCGGCTACCGGACCCTCAACGGGAGTGGCTCGGTCGTCACAGTCCACGAGGCCGCGCGCACCGACACGGCGATCCGCGAGACGGCCGGGCAGATTCGGACATACGGGGGCGCACCGGCGTTCACGCAGTTCAACTCGTCCAACGGCGGCTGGACGAAGACGGGGAGCCAACCGTACCTGGTGGCGAGGGCAGATCCCTGGGACGCAGTCGGCAATCCGGTCCATTCGTGGAGCGTCTCCGTTTCGGTCTCCCAGTTCGCCGCCGCGTTCCCAGGGATCGGCCAGATTCGGAGCATCGAGGTTCGTACCCGAACCGCCAATGGGGAGTGGGGCGGCCGTGTCGAGAGCGTGACGGTGACCGGTACGCAGGGTCAGCAGACCACGACGGGTGTCGGCATCCGGTCCGCGCTGGGGCTTCGGAGCGACTGGTGGAAGATCACGGGCTCGACACGCCTGGACACCGATTTCAGCACGGACGGTCGACCGGATCTTCTCGTCCAGAAGGACGACGGCGCGCTCGACCACTACGAGGGTACGGGTGCCGGAACCTTCGGTAGGGTCACGCAGGTTGGCGAGGGCTGGCAGGCGATGCGCATAGCCGTACGTGCCAACGACCTTACCGGGAATGGGCGCGTCGACGTCCTCGCGGTCGACGCCGCAGGCCGGATGTGGCGGTACCCGATCAACGGCGCAGGTCGGTTCGGACCGCGTGTGGCCGTAGGCCCGGGCTGGGGTTCGATGACGACCGTCGTCGCGCCCGGAGATGTCGACGGCGACGGGGACTCCGACATCTTGGCCGTCGACAACATGGGCACGATGTGGCTCTACGCGGGCAACGGTCGCGGGGGCTTCGGCTCGAAGGTCCGTGTCGGCCCAGGTTGGGGCTCCATGACGAACGTGGTCGGCGGAGGCGACTGGAACGACGACGGTCATTCCGACTTCCTCGCGACGGACGCGGCGGGGACCTTGTTCCTCTACCGGGGCAACGGCAAAGGGGGCTTCGCGGCGACGCCGATCGGCCAGGGGTGGTCGCCGATGCGCCTCGTCTCCACGACGGAGGACCTCGACGGCGATGCACGACCGGATCTGGTTGCAGCCGATCCCGGTGGAACGCTCTACCTCTACGCGTGGTCAGGGACAAGTTTCCCGCGCCGCACTGCCATTGGTCCGGGCTGGACTTCGGTGGAGCGCCTCGTCTGACTACTGGGAAAGAAAGCAGCCGAGTCCCGCGGTCCTGGGACAGCAGGCTCCCGACTCAAAACACCACTGCTCCCGACGACACCTGGCCGAACGGCCGGGCCGCAAGGAATCCACCCTTGCCGTTGCCCGGGTAGAGACGGACCGATCCGCCGGCGTCGACGAAGACGAGGTCAGGCACGCCGTCGGACGTCGCGTCGCCCACTCCGACAATTGCGGATGCACCGCCCCAGCCCCACCCGATCTGCTGGGCGGGCCCGAGCTGACCAGCCCCGTTCCCCTTGCGCAGGATCAGGTCGCCACCTTCCCGGGTCACGAGGTCGTGGCTCCCTCCGGTCCACGTCCCGACGCTCACGATCATGTCTGCACGGGCGGCGCCGCTCCCGATAAGCACTCGCGACTTAAAGGCACCGTGCGCCGTTCCGGGGTACAGCCAGATCCGGCCAGTGGAGGCCTCGAGCGCGAGGATGCCGGGCTCACCGTCAGCACCGAAGCCCGGTGCACCCACGATGTCACGCATGCCCTCCCATCCGCGACCGATCTGGTTGCCGG
NZ_CP136680.1_gap72	3197995	3199931	1936	GCACCGTGTCGGTGTTCTCGACGGCGCTGGTGGGGATGGCGCTGCTCTACGAGGGCGAGGCCACGGCGGACGTGGACCTCAACGACTCGGGCGTGTGGGTGACGAAGACGTCGGCCGGCCTGGTGGGGCGGTTCAACTACGAGTCCCAGGCGATGGACGGCACGCTCAACGCGGGCAGCGCGTCGTTCGACGTGCAGCAGGACGCGGGCCGCGTCCTCCTCGACGACCAGGGGACGAGCACGTCGTCCCCCGTGGACGTCGCCCACCTCAAGCTCACCGGGCAGATCCGCCTGCCGGCCGGGGCGCAGGTCGCCTCCGGCGGCGCGACGACCGCGATCCTCGACGGCGAGGAGGGCCTGCTGTGGGTCCTGCCGTTCGACGGCGCCACCTCGTTCGACGCCGAGAAGCTCGACCCGACGGCCGAGGTCGGCGGTGACGGCGCGCTGACGGTGTCCGAGGACGGGACGGTCTTCGCCGCGATCCCCTCGACCGGGGCCCTGTGGACCGTCGAGACCACGAGCAAGGGCGCCGTCCTCGGCGACCCGACGTCGACGTCCCTCCCGGTCGGGAAGGGCGCCGAGGTCGAGGTGACGGCCGTCGGTGACGAGCCCGTCGTCCTCGACCGCTCCGCCTCGCAGCTCGTGCTGCCCGGCGGCCGGACCGTCGCGGTCGAGGGCGCGGAGCAGGCGCGGCTCCAGCAGCCGTCCGCCGGGTCGGGCGACGTCGTCGTCGCGACGACCGACGCGCTCGTAACCCAGCCCCTGAAGGGCGGCGACGCCCAGCGCCGCGCCGCCCAGGGCGTCCCGGCCGCCCCGGTGCGCCTCGGGTCGTGCACGTACGGGGCGTGGGCCTCGACCGGCCAGGTGATCCGCGACTGCGAGGGCACCGACCGCGACGTCGACGAGCGCCTCGAAGGGCTCGACCCCCAGACCCGCCTGGAGTACCGGGTGAACCGGCAGGTCATCGTGCTCAACGACCTGTCGGCGGGGACGTTGTGGATGGCGGCGGACGAGTACCAGAAGGTCGACGACTGGGACGTCCAGATGCCCGAGGAGGCCGAGGGCGAGGAGGCCGACGCGGAGCTGACGAACCCCGAGCAGGTGGACCAGTTCATCGCGGACCGGTCCCAGCCGAACCGGCCGCCGCAGCCCAAGGACGACGCGTTCGGGGTGCGTCCGGGGCGCACGACGATCCTGCCGGTGCTGGGCAACGACGTGGACCCGGACGGGGACGTGATGACGGCGTCGCTCGTCGGGGACTCGCCGTCGAACGCGACCGTGCAGACCATCATGGGCGGCGCCGCGCTCCAGGCCGTGGTCCCCGAGGACGCCGAGGGCACCGGGTCGTTCCGGTACTCCGTGTCCGACGGCCGCGGCGGCGTCGCCGAGGCGGGCGTCACCCTCAAGGTGTCCCCCTGGGGCGAGAACGCTCCCCCCGAGCAGACCGGCGACCCGGTCCTGCGCGTCGCCCAGGGCGGCGCCGCGACGATCAAGGTGCTGCCCTTCTTCAAGGACCCGGACGGCGACGACCTGTACCTCGCCTCGGCGGCCGCGACGGTCGCGGGCGACGACGTGCGCTCGCGCCCCGACGGCACGGTCGAGCTGCGCGACGGCGGCGGCTCGACCGGGCGCAAGATCGTGACCCTGCTCGTCTCCGACGGCGAGCTGTCCTTCGAGGGCAAGCTGCTGGTCGACGTGGTGCCCGGTCCGCAGCCGCCGGTCGCGGTGAGCGACCACGTGGTGGTCCCGGCGGGGCAGCCGGTGACGGTGGAGCCGTTGCGCAACGACACCGACCCGAACGGGGACGAGCTGCGCCTGGCGTCGGTCTCGGAGTCCGCCCCGGCGCAGATCACGCCGAACTACGACGCGGGGACGTTCACGTTCCTCTCGATGGAGCCGCGCTCCTACGACCTGACGTACCAGGTGACCGACGGCCC
NZ_CP136680.1_gap73	3201967	3206869	4902	TCGAGGGCGCCGCGACCCTGACCGTCGTGGCCTCGACCCGGCCCCTGGCGCGCGCCAACCCCGACACCGTCGACGACGCCCACCAGGGCAAGGCCACCACCGTGCCCGTCCTCGCCAACGACTCCAACCCCTTCCCCGACACCCCGCTGGAGATCGTCGGCGCGAGCGTCGAGACGGGCAGCGGCGACGTGTCGTACAGCGGGGGCGACGTCGTCGTGACGCCCGCCGACTCGTTCGTGGGCGTCATGGTGGTCGTCTACCGGATCCAGGACGCGACGAAGGACCCCGACCGCATGGTCGAGGGCCGCGTCCAGCTCAAGGTGCTGGGCAAGCCCGAGGCGCCCGCGACCCCGCAGGTCGTCGAGATCCGCTCCAAGACCGTCGTGCTCACCTGGGACCCGCCGAACAACAACGGCGCAGACATCACCGGCTACACCGTGCGCTCCCAGAACGGCTACGAGAAGGCCTGCGGCACCACCACCTGCACCCTGGACGGCCTGACCAACAACGTCGAGTACACCTTCACCGTCTACGCGACCAACGCCGTCGGCGACGGACCCGCCTCCCCGGCCTCCGCCGTCGCCCGACCCGACGAGAAGCCCGACCCGCCCGCCGCACCCACCCTCGAGTTCGGCGACAAGTCCCTCACGGTCACCTGGACCAACAAGACCTACACCGACCGCTCGCCGATCGAGACGGTCGACCTCGAGATCTCCCCGGCGCCGAAGGGCGGCGCCGTCCAGGTCACGGCGCTCTCGGGCACCCAGTACGTGTGGAACGGGCTCGAGAACGGCACCGCGTACAGCGTCCGCGTCCGGGCGAACAACCTCGCCCCCGACCCCTCGGACTGGGGCGAGTACTCGGCCGAGGAGATCCCGGCGGGCCTGCCGGACGTCCCGGAGACGCCGAGCGCGGTCCGCGCCGCGGACTCGCCGCTCAACGGCGGCTCGATCGACGTGTCGTGGAAGGCGCCGTTCGAGAACGGCGACGCGATCAAGGGCTACACCCTGCAGCGGTACAAGAACGGCTCCCGCGACGGCGCCGCGCTCTCCCTCACCGCGACGAGCCACAAGGCGACGGGCCTCGACAACGAGTCGTCGTACACGTTCACGGTGACGGCCGAGAACAAGGCGGGCCGGACGGCGGAGAGCGCGGCGTCCGCGGCCGTGGTCCCCTACGGTCGCCCCGAGGCTCCGCCCCGGCCGAGCGTGCAGAACGTCGGCGGCGGCGGGCAGGACAGCGGCATCCCGCGCGTGTCCTGGGGTGCCGCCGACGCGAACGGCAGCCCGATCACGAAGTACACCGTCACGGCGTCGCCCGGGGGCGCGAAGAAGGACGTCGACGGCACGTCCGTCGACTTCACGGGCCTCCCCGCCGGGAACTACACGTTCACCGTCACCGCGACGAACAAGGGCGGCACGTCCACGTCGAGCCCGGCGTCCGGGTCGATCAGCGCGTACGGCAAGCCCAGCGAGCCGGGCGTGTCCGTGTCCCGACTGAGCGCGACCTCGGGCCGCTTCTCGATCTCCGCGCCCTCGTCGAACGGCGGCAACGGCGTCTCGCGCTACAACTGGCAGATCGAGGGCGGGTCCAGCGGCTCGGGGCAGACGGTCGACGTCGGGAACGACTACGACCAGACGTTCCGCCTCCGGGCGCAGGCGTGCAACGCCGCCGGGTGCGGGCCGTGGAGCGGCTGGGCGACGCACCGCACCGACCCTCGCCCGGTCCCGCCGACCATCTGGGTCACGCGTGGGCCCGGGAAGGCCACCGGCTCGTGGGGCGACTGCCAGAACACCAGCGTCTGCACGGTCTTCCGCGTCAACGCGAACGCGACGTTCCCCTCCGGCACCTACACCTTCGCGTGCTACTACGACGGGAACCGCATCGGCAGCTTCACGTGGACCGAGCACCTCAGCGCGGGCGGCTACGTCGACCTCGGGTGCATCCTGGGCAACCCGTACGGCACGCGGGCCACGGCCAAGGTCTACGTGACGATCAGCCCTGCACCGAGCGGCATCGTGGTCGAGCACCGGGACTGGCCCATCAGATAGCCCGGCGACGGCCGATCTGCCGTCGGCGAATGTGCCGACGGCAGATCGGCCTCCTCATGGGGCCCGGCCGGGCGCAGGGTGGTCGCATGACCACGCACCTGACCGGCCGACCCGCCGTCGGCGACCACCACCGGACCCCGCGCGCGGAGGCCGCCGCCCCGGCGGCCTCGTCGTTCGACGACCAGCTCACGACGCGCCTGCTCCACCAGCGCATCGTCGTCCTCGGCACGGCCGTGGACGACGCCGTCGCGAACCGCCTGTGCGCCCAGCTCCTCCTGCTCTCGGCGGAGGACCCGCGCGCGGACGTCGCGCTCTACGTCAACTCCCCCGGCGGCTCGGTGAGCGCCGGGCTCGCCATCTACGACACGATGCGGCTCATCCCCAACGACGTGTCGACGGTCGCGATGGGCTTCGCCGCGAGCATGGGCCAGTTCCTCCTGTGCGCGGGGACGCCGGGCAAGCGGTTCGCGCTGCCGCACGCGCGGATCATGATGCACCAGCCGTCGGCCGGGATCGGGGGCACCGCCGTCGACATCGCGATCCAGGCGGAGAACCTCGTCTACACCAAGGGGCTCATGCACCGGCTGCTCGCGGAGAGCACCGGGCAGTCCGTCGAGACCATCGCCGACGACTCCGACCGCGACCGCTGGTTCACCGCGCAGCAGGCGCTCGAGTACGGGATGGTCGACCGGATCGTCGAGAGCCTCGACGACGTCCGCCCCGCTCGCGCGGCCCGGAAGGTGGGTCTGTGATGGCGAGCTACACGATCCCGACCGTGGTCGAGCGCACGCCGCTGGGCGAGCGCGCGTTCGACGTCTTCTCCCGCCTGCTGTCCGAGCGCATCGTGTTCCTCGGCACGGAGATCGACGACGGCGTCGCGAACGTCGTCATGGCGCAGCTCCTGCACCTGGAGTCGGACGCCCCGGACCAGGAGATCGGGCTGTACATCAACTCCCCGGGCGGCTCCGCGACCGCGCTCATGGCGATCTACGACACGATGCAGTTCGTCCGCTGCGACGTCTCGACCATCTGCATGGGTCAGGCGGCCTCGGCCGCGGCCGTCCTGCTCTCGGCGGGCACGCCCGGCAAGCGGTTCGTGCTGGAGCACTCGCGCGTCCTGCTGCACCAGCCGTCGGGCGGCGGGGAGGGCACGATCTCGGACCTGTCGATCCAGGCCGAGGAGATCCTCCGGATCCGGTCCGAGACGGAGGAGGTGCTGGCGCGGCACACGGGCCAGACCGTCGAGCGCCTGCGCGCAGACACCGACCGCGACCTGGTGCTCACCGCGCGCCAGGCCGTGGAGTACGGCGTCGCGGACGCCGTCGTCACCTCGCGCAAGCTCGCCGCGGCGGCGTGACGCCCGACCGCGGGGGTGACCCGGGCGTCGTCAGCCGCGTCGTCGGAACCACGACCGGCGGCGCGGCTCGGTGGTCGTCTCCGCGGGCGACGGCTCGGGCACGGCCGGTTCCGACGCCGCGGCCTCGGGCTCCACCGCTGCGGCCTCGGGCTCGACGGCCAGGGGCGCGGCGGCCTCGGGCGCGGCGATCCGCCCGGACGACGCGGAGATGCCCGCGATCCGTCCGCGCTCGTCGAACCGCACGGTCACGGTGCCGTCGGGCACGTCCAGCACGACGGCGCCGGTCCCGTCCTCGACGGCCGGCAGGCCGCGCGCGCTCGCGTAGGACGTGACGGCGCGCCGGTGGTCGACGACCGTGACGGACAGCAGCCCCTCGCTCAGCGTGCGCACGACGCGCGGCACGCTCGGGGCGGGCAGGGCGAGGTCGGCGTCGTCCAGGAGGAACCACGCCCGCGTGCCGCCGCCGACGGGGGCGCTGTAGTGGGCGAACGAGCCGGTCACGGCCTTGGCCGCGAGCGCGAGCCGGTGGGCGAGGTCGTCGGCGAGCGGGAGCTCCGGCTCGGCGGCCTCGCGCAGCCCGGTCCGGCGCGTGCTCTCGGCGGCGGTGAGCACGGCGTCGGGGAAGCCGTTGACGTTCTGCCACGCCCACATCCACGTGCCCGGCCCGGGCGCGGCCGTGCCGAGGAACTGGAGGTGGCACGTCGCGGTCCCGCCGTCGGGCGCGGTGAAGGTGAAGACCCCGGTGGTCAGGTCCGCGGCCCAGGCGTCGTCGCCGTGGAGGTCCGTCAGGTGGAGCTGGTGCTCGTGGGAGAGGAACGCGGCGTCGTCGACGAGGTCCTGGAGGGCCGGGACGTCCTGGGCTGCCGTGCCGTGCGCGGTCTGCGGCTCCGTCATGGACCGACGGTAGCGGCGCGCACGGCGCCCGGCCCCCGCACGACACGCGGTGCGACGGGACCGCCGCTCAGGCCGCGAGGAGCAGGACGTCGCCGGCGCGCGCCGTCGGACGTCGGAGCGTCTCGGCGACGGGGAGGTCCCGCACGGGCTCGCCCACCGGGGCGACCTGCCGTGGCGCGGAGAGGGCACCGCGCTCTCGCGCGGAGGACAGCACGCGGACGGGCGCGAGCGGCCGGAGCTCCTCGCCCGTGCGGGCGACGAGGTCGACGAGCCGCAGGCCGAGGGCGCCGCACACGGCGGCGAGGACCTCGGACGACGCCTCCTTGCGCCCGCGCTCCACCTCGGACAGGTAGGCGGTGGAGACGCGCGCGGCGGCCGCGACGTCGACGAGCGTGCGCCCCTGCGCGAGCCGCGCCCGCCGCAGGATCCCCCCGATGACGTGGCGCAGGAGGGGCTCCGCCCGTCCGCCCGCCCGGGAGCGAGGGCTCGGCGTCACCCCGTCCGGCACCACGTCCGGCAGCGTGCCCGGCACCGCGCTCGTCGCGTCCATGCGTTCACGCTACCCGCGGCCCACCCGGGTGCCGAGGCGCCCGGGTGGGT
NZ_CP136680.1_gap74	3210564	3214819	4255	CATGCGGTTGAGCACGTGGTTGCGGACCGCGATGGCCTCCTCCACGTTCTTGAAGCCGATCGCGTTCTCCGCCAGGCCCGGGATGGGCAGCGTGCGCGACACCGAGCCGAGGCCGACGATCAGGTGGTCGTACGTGACCGAGTAGTCGTCGCCCTCCTCCGGGTGGATCGTCACGCGGCGGTCCGTGTGGTCGATCGCGACGACCTTGCCCTGGAGCACGTCGACGCCCTTGAGCGCACGGCGGTGCGGCGCGACGACGTCGCGGCCGTCGATCGAGCCCGCGGCCGCCTCGGGGAGGAACGGCGCGTACGTCATGTACGGGCGCGGGTCGACGACGACGATCGCCGCCTCGCGGCGACCGAGCTTCTTGCGCAGCCGGCGGGCGGCGTACAGACCCACGGAGCCGCCGCCGAGGACGACGACGCGGGGCACCTTGCGGGGCCGCGGCGAAGCGGTCTGGGCACGGCTGACCGAGGTCAGGTCATTCTGAGGCATGGTTCCAGAGTATTACCGGTTGCGGCACAGGCGAGCCGGAGCGTCCGCCTGACGGGCGTGACGCGCCCCACGCCGCGCGGACGGACGGGGGCAGAGGCGGGCACACGCGGGCAGAGGCGACATTCCGCAGGGCCCGGGACCGGGGTGGTGCGCCGCCGTCCGCCGTCGGCGCACCACCCCGGGCCTGCCGGTCAGCCGATCGCGCCGACGACGGGCGTCGGGCCGGTCGGTGCGGGCGGCACCCCGCCCGCGGGCGGGGTCGCGGGGGCCTCCTGCGACGGCGCCGGGTCACCCTCGGCCGGCGCGTCGCTCGCCCCGCCCGTGCCCGACGACGTCTCCCCCGTCCCCACGCTCGACGGCACCGCGGTCGGTGCCTGGAGGAACGGCCACGGCATGTCGCGCGTGCGCGTCCCCGTCGCCGGGACGGGGCGGCCGTCGCCCTCGGGGTACTCGACGTCCTCCTCGGCGACCGCGCGCAGCGGGTAGACGTTCCATCGCTCGCGCCCGTCCGTCGCCAGGGCGGGCTGGAAGTACCACGTGCCCTCGACGTCGGGCACCGCCCACGCCCCGGAGGCACCCTCCTCGGTGATCGTGCGGACCTGGCGGCCGCGGTCGTCGAAGACCTGGACGTCGCGGAGCGGCTCGCCCGCCGCGTCGTAGACGAAGAGGTTGGACACCTGCGCGCCGTCGACCCACACGCCCGCCGTGCCCGGGGAGTCCCCGCTCCCGAACGACACGCTGCTCACGAGGCCGCTGCTCGCGTCGCTGCGGCCCTGCTCGTAGCCGCGGTCCCACGCGTACGGGCTCGACGCGCTCGCCGAGGCGGCGACGAGGACGGCGGGCACGGCCGCGACGGCCGCGGCGACCGACAGCGGACGGCCGACCTTCCGCAGCCCGCGGGTGGGCAGCCACCGGCCCCGGCCCCACTGCACGCTCACGACGACCGCGATCAGCACGACGACGCGCGCGGACAGGTCCGGCGGGAGCACGGCCACCTGGTATCCCGCGACCAGCGCGAGCAGGAGCGTCGCCACGACCCAGCCGCGCAGGACCCACCACGCGGGCGTGAGGGCGCGCAGGAACTCGGCCGTCGAGGCCCACTGCGGCGACGAGGTGACGGGCTGCCACCCCGCGCGCCAGTCCGCCGCGAGCATCTCGCCGAGCCCGGCCAGCCGACGGCGCAGCCCGGGGCGCGGGCCCCGCGCGGCGCCCGGGGCGACGGGAGGCAGGCCGGCCGCGGTGCGCAGCTCGGCGGCGTACTCGGCGGGCGGACCGAAGAACGCGACGAGGTCGAGGCCGGTGTCGTCGAGCGCCCCCGCGCCATCCGTGCCGTCCGTGCCGGCCGGAGCGCCGTCGGACGACGCCGGAGCGGGGGCTCGGCGCGGGAGCGCGCCGGGCGCGTCGACGACCGCCTCGGCGAGGTCGGCCTCGAGCCCGTCGGCGAGCTCCTCGACCTGGTCGGGGCGCAGGTCGGCGAGGTGCGCGCGCACCTGCTGGGCGTAGGCGTGGACGTGCCCGTAGAAGGCCCGTCCGACGGGCGCGCCGGCGGGCGGCTGCGCGGGGGTCGTCGTGCTCATCAGGCGGCCACCTCTCCGGTCCGCAGCAGCGCGGACACGGTGCCCGCGAACGTCTGCCACTCCTTGCGGTGCAGGTCGAGCATGGCCCGGCCCTGCGGGTTGATCCCGTAGTACTTGCGGTGCGGCCCGGCGTCGGACGGCACGACGTAGGTGGTCAGCGCCCCGCCCGCGTACAGGCGCCGCAGCGTCCCGTACACGGACGCGTCCCCCACGTCCTCGAGCCCCGCCGCGCGCAGGCGCCGCACGACGTCGTACCCGTACCCGTCCTCGGCCTCGACCGCGGCGAGCACCGCCGCGTCGAGCACCCCCTTGAGCAGCTGCGTGGTGTCCATCCGTCCCTCCGTCGGGCGTGGCCCCGGTCCGTCCCGGTGCTCGGCCACCGGGATCACGGGATGCACACTACCGCGCGATGCGCAGTACCGTGCACACGACACGCCCCTCGCGCGGACACGCCGGAGCCCGGGCCGCGGGCACCGGCGTGTCCGGTGCCGCGACGCCGGGCTCGGCGGTCGGGCAGGAAGGGCCGTCGGGGCGGCCCCGGGTCAGGCGAGCGACCAGGCGATGCCGTCGAGGATGTCGTGCTCACTCGTCACGACCTCGGTGAGCGACCCGCCCGCGGCGGCGACGTCGTCGCGCACGCGGCGCACGACCTCCGACCACACGAGCGCGCCCGCGCCGATGACGTCGACCCGCCCGGGGTGCATGAACCCCAGGGCGGTGCGCTCGGCGCGCGTGCGGTGCAGCAGGTCGTCGCAGGCCGCGAGCACGGTGTCGACCGGCAGCACGGACCCGTTGATCCGGTCGCGGTCGTACCGGGCGAGGCCGAGCGCGTGGGCCGTGACCGTCGTGACGGACCCGGCGAGCCCGACGAGCGTCGCCGCCTGCCCGAGCGGCACCACGCGGGCCGCGTCGTCGAGCGCGGCCCGCACGTCCGCACGGGCCGCCGCCTCCTCCGCGGGGGTCGGCGGGTCGGAGCGCAGGTGCCGCTCCGTCATGCGCACGCACCCCACGTCCATCGAGTACGCGGCGTCGGGCGTCGTCGTGCCGAGCACGAGCTCCGTCGAGCCGCCGCCGAGGTCCACCACGACGTAGGGGCCGGGGCGCACGGCCGCGACGGTCGACGTCGCCCCGCGGAACGACAGCGCCGCCTCCTCCTCGCCCGAGACGACCTCGGGCTCGACGCCGAGCGCGTCGAGGACGCCCGCGACGAACTCGTCGCGGTTCTCGGCGTCCCGCGTGGCCGACGTCGCGACGAAGCGCGTCCGCGTCGCGCCCAGGTCGGCGATCACCTGCGCGTAGCGGCGCGCGGCGTCGAGCGTGCGCGCGAGCGCCTCGGGGGCGAGGCGGCCCGTGCGGTCGACGCCCTGGCCGAGCCGGACGACCTCCATGCGGCGGTCCAGGTCGACGAGCGTCCCGGCCTGCGGGTCGACGTCCGCGACGAGGAGGCGGATCGAGTTGGTGCCGCAGTCGATCGCCGCCACGCGCGAGGCGCCGGGCGGGACGGGGGCGGGCGAGGTGGCCGGCGCGGCGGTCGCGCCCGGGTCCCGGGTGAGCGGAGAGGTGGAGCCAGAGGTCATGCGTCCAAGCGTGCCACGCGGTCAGCAGGTGCAGCGGTCGGGGCGCCACACGTCGCGCACGCGCTCGAGCGCCTCGTCGCCCAGCGGGTTGACGCCCGGCCCGGCCGCGAGCGCGTGGCCCACGAGGACGTGCAGGCACTTCACGCGCGTGGGCATCCCGCCCGCCGAGATGCCGTCGATCTCCTCGACGTGGCCGAGCGCCTCGCGCTGCGCGAGGTAGTGCTCGTGCGCGTGCCGGTAGGCGGCGGCGAGCTCCTCGTCCTCGGTGAGCCGCTCCGACATCTCCTTCATGACGCCGTTCGCCTCGAGCGTCGACGCGGCCGCGACCGCGCCCGGGCTCGTGAGGTAGAAGGTCGTGGGGAACGGCGTGCCGTTCTCGAGCCGCGGCGCCGTGCGGACGACGAGCGGTCGCCCGCACGCGCACCGCGCGGCGATGCCGACGACACCGCGCGGCGTGCGCCCGAGCTGTTCCGCGAGCGTCTCGAGGTCGCGCTCGGTGACGACGGCGTCCGGGTCGTCGGCGGGGATGGCCAGGCGGGCGTCGGGCACGGGACTTCCTTCGGGTCGGTCGGCGGCGTCGGGACGACGCCTCACCCATTCTCCCCG
NZ_CP136680.1_gap75	3218519	3222348	3829	CCCGCCCGGCGACCCGCCGCCGTCGCACGGGTCGCCCGCCGTGACCGTCCCGCCGGAGACGGCGACCGCGGCGCCGGACAGGGAGTAGTCCTTGCCGCCGTTGCTGTCCCAGGCGCCCGAGCCGTTCGTGAAGGCGGCGGTGACGGTCGCGGCCGCGCCCGTCGCCCCGCTGGGCAGGCTGATCTGCCGCGAGACCCAGCCCGTGCAGGCCGCCGTCATCGGGACCCCGGGGACGGCGGTCCAGGCGCCCGTGCCGACCTTGTAGTGGACGTTGTACGCGTTCCAGCCCTTGTCGGTCGCGTAGTAGACGGTCGTCGTGCCGGCCGGGTCGACGGGCCCGGGGCCCCCGGTGCCGCCGTCGCCGCGCGCCCCGACGTGGAGCGCGAGCGCCCCGTACGCGGGCACCGTCGCCGTGAAGGTGCCCGAGCCGGAGACGGAGACGGTCTTCGAGCAGTCCTTCGACGCCACGACGTCGCAGTACGTCCCGGCGGGGAGCGAGGTCTGGTAGGTGCGCGTCACGGCGTTCGCGGAGTTGTTGATCGTCACGTAGCCCTTGGCGCCCCGCCCGTAGGCGATGTGGTTGTTCCCGTCGTCCCACCAGCCCGTCACCGGGGTCCCGGCGACCGCGTTGTGGAAGCCGACCATGCCCGCGATCTCGGTCCAGCGCTGCGTGCAGACCCACGCGCTGTCGGCACAGCTCGCGTCGGGCACGGAGGTGGCCGAGGCGCCGGGCGCACCCGCGTCCTTGTCGCTCCACGCGTAGCCCGAGTAGACGCTCGGTGCGCCGTAGGGCCACGAGAGCATGAACGCGTTGGCGAGCCGGTACTTGGCGCCCCACTTGTAGTTCATCGTCTCGCCGTTGCGCTCGGTGTCGTGGTTGTCGACGAAGACGCCCGCGCGGTCGGAGGGGAGCTTGTTGTCGCCGATGGTGCGCAGGTCCTTGATCTGGCCGTCGAACCGGGACTTGAGCTCGCGCGCGTAGAAGAACTCGTGCGAGTCGCCGGAACCGAGGTACTCCGAGGGCTGGATCGGCTCGCCGCTCGCGCCGATGACCTCGTGCACCCAGAAGACGTCCGGGTTCGTGAGCCGCGCCTTGATCGCCGCGAGGTCAGCGGCCGGGATGTGCTTCGCGGCGTCGATGCGGAAGCCCGAGACGCCGAGCGACAGGAGGTCGTTGAGGTAGCCCGCGATCTTGCCGCGCACGTAGTCGGAGCCCGTCCGCAGGTCCTGGAGCGAGACGAGGCGGCAGTTCTGGACGTTGTACCGGTCGCCGTAGTTGCTGATGTTCGACCGGCAGTCGTTGAAGTCGTTCGGCCCGTACGGGACGCCGGGGAAGCTGTCCACGGAGTAGCCCGTCCCGCCGGTCCCGGTGCCGGACCCGGTGTCGGCACCTGCCGTGTGGTTGACGACCGCGTCGACGATCACGCCCACGCCCGCCGCCTTGCACGTGCTCACCATGCGCTGGAACTCAGCCCGGGTGCCGAGCTTGGACTCGAGCTTGTAGCTGACGGGCTGGTAGGAGGTCCACCAGGCCGTGCCCTGGATGTGCTCCTGCGGCGGCGAGACCTGGACGTAGCCGAACCCGGCCGGGCCGATGGTGCTGGTGCACTCGGCGGCCACGGAGTCCCACGTCCACTGGAAGAGGTTGAGGATCACGTCGCCCCGGCCGTTCGGGGAGTCGACGACGGGCGTCGGCACGGGCGGCGCGGCCGCGGCGGGTGCGGCGAGCGGGACCGCGGCCAGCGCCGCGGTCAGCGCGAGAGCCGCCGAGGCGCCCGCCGCGAGGACGCGGCGCAGGCGGCCGCCGCGCGGGCGGGCGAGGCGTCCTGCGGGGACGGGGATGGGCGCCGGGGGTCCAGCGAGGTCGGTGGTGCGCGTCATTGCAGCTCCTTCGAGGATGCGGCCGCCCCTCGCTCGGCGTCGAGCACGGACGGGCCACGCGGTGATGACAAGCGCCCCGGGGTGGCGGGCGCGACCGGCACCTGCGGCTTTGCAGGATGTTTCCGGATGTTGCTGCAACCTTACAGAGACCGGCGCGGGCTGTCACGACCCGTGTCGACGGGTCGTGCGGACGGGTCGTGCCGGTGCGGCGGCGGCCCGGACGGCATAGCGTCGGAGGACGAACCGAGAGGAGACGCCATGGGAACCAAGCGCCGGTGGAAGGACCTGACGACGGGTCAGCGGATCGCCGTCGGGGTCGTGGGAGCCGCCCAGGTCACGCTCACCGCCGCGGCGTACCGGGACCTCGTGCGTCGGCCGGCGGAGCAGGTGAACGGGACCAAGCTCGCGTGGGGCCTCGCGCTCCTCGTCAACTGGGTCGGGCCCATCGCCTACTTCCTCGACGGCCGCAAGAGCTGACCGCGGGAGGGCTCAGCCCTCGACCGTGAGCCCGGCCGTCGGCTCCAGCAGCGTCAGCGCGCGCCGCAGCGCCGTGCTCGACGTGTGCACCGTGTAGGGGAAGTAGACGACCTCGACGCCCACCTCGGCGAAGCGACGCTCCAGCTCGGCGCCCTTCGGGGTGCCGCGCCAGTCGTCGCCCTTGAAGAACACGTCGAACGGGCGCTGGCGCCAGGTCTCGAGCTTGTCGGGCTGGGTCTCGACGAACACCTCGTCGACGAACCGGACGTGGCGGACGATCTCCGCGCGCTCCGTGACGGGGACGACCGGGCGCCGGCCCTTGGCGAGCTCGAGCATGTCGTCGTCCACGACACCCGCGACGAGGTAGTCGCACTCGCTGCGGGCGTGCCGGAGGACGTTGAGGTGCCCGACGTGGAACAGGTCCCACGCACCGGGGGCGTACCCGACCTTCATGCCCGTCCTCCCGTCCTCGGCCGCGCGCCCCGCACGGCGAGGGGGCCGCGTCCAGGCTAGGACCGGGAGGAGGCCCGCAACCACGCCCTGCGAGGGTGAAGAAGGCGGCCCACCGGGTGAATTGTGGGCTCGACGAGCGCGTGGGAGCGCACCCGCCCGCCCGCCCGGCAGGGGCCCGATCGCTGCGTGCTACCTTCGGTCGGTCGCCTTTCCGGACGACGTCCCCGCGCACCGGAGGGAGTGCCGACCTCAGTCATGCCGTCCCAGGTCCTCACCGTGTGCACCGGGAACGTCTGCCGCTCCCCCACCGCCGAGAGGCTGCTCAGCATCCGCAGCGACACGAGCGTCACGGTGTCGAGCGCCGGGACGCACGCGCTCGAGGGAGCACCGCTCGACGAGCCGATGGCGCGGCTGCTGACGGCACGCGGCCTGGAGGCGTCGACGCACACCGGGCGGCAGCTCACGGCGGCGATGATCGAGCAGGCGGACCTCGTCCTCACGATGTCCCGGGCCCAGCGGGCCGCCGTCGTCACCCTCGTCCCCCAGGCCGTCCGACGCACCTACACGCTCCTGGAGCTCGCCGCGCTGCTCTCGGCGATCGAACTGCCCGTCGACCCGGACGAGAGCGACGCCGACCGCATCGCCCGCCTCCCGGAGATCGCGAGCGCCCAGCGCGTCCGGACGATCACCCCGCGCACGCCCCTCGACATCCCGGACCCGCACGGCCGCTCCGAGCGGGCCTACCGGCAGGCGTTCACGACGATCGACACCGCGGTCGCGGCGGTCGCCCGCGTCGTGCACCCGCCCGCCGCCCGGCGCCTCGAGTGGTCCCCCACCCTCACCGAGCGGGGCGCGCGCACGCCGCCGTTCCCCGGCGGCGGGGACGGCACCGACCCCACCGGGCGCGGCGGCAGCAGCTCCCCCCGGCACGGCGGCCGGCGGAGCTGGCGCCTGCGCTGACCGCGCGTCAGCGGGCCGACGACGTCCCCACCGTCGCGGCCGCGCTCACCTCGCCGAG
NZ_CP136680.1_gap76	3295822	3298953	3131	CGACGGTGCGCGGTGGTGGTCGCGGGGCTCTGGGGGCTCTCCGCGAGGGTCTCGGTGGTGTCGGGGGTGATGTCGGCGCCCTCGGGGGCGCCGGCCGCGTCAGCGGTCCGGTGGAAGGGGTTCTTCACTCGGGTCCAGTCGTCGTGCGTCCCGGGCACGGAGGCTCGACGGCGCGTGGCACCACCCGTGGCCCACGGCGGACTGACGTCCTCCGCGGCGGGCGCACACGTGCGACCACGGGTCTCGAGCGGCCGATCCGGCTGCCGGCGCCACCCTCGGCACCCCTTCCCCAGGGCCCGTCGACGGCGCACCGCTCGCGTCGGTCCGGGCACGTCCCGCCGGTCCGGGTGGACCGTCGGAGCACGCCGTTCACGCGCGAGCGACGATCGACCGTAACCGATCTGTTATCGAAGTCCAACCCCTGGGGGGATACGCTGGCGAGTTCTGTCCGGATTTCGGCGTGAATGTCGTGCGCTCTCCACGAGTCCCGCACGCCGCCTCACGCGCCCTCCCCCTCCCCGTGCTCGTGCCCGTGCGCGCGCCCGGCGCGCGCGCCGCGCGCCCCGAGCCGCGCCAGGACCGTCGCGAGCTCGGGCGGGTCCAGCACGGTGACGTCCACGTCCAGGCTCAGCAGGAACCCCGCGACCTGGGCGAGCGACGTGCCCCCGGTCTCGAGCACGCACGCGTCGGGGCCGTCGTCGGCGAGGGCGCCCGCGACCGGGGAGAGCCGCTCCGCCACGACGCCCGCCGGGGCGTGCAGCCGCACCCGCACGGGCCGCGCCCACGCGGCGGAGCCGACGCCCCGCACGACGTGCGCGACGGCGTCGCCGCCCGGCACGGGGCGCGGGACGAACCGCGGGCCGCCGGGCGTGCGCAGCGTCAGCCGGTCCACGCGGAAGGTGCGCCAGTCGTCCCGGTCGAGGTCGAACGCGAGCAGGTACCAGCGGCGCCCCACGTGGACGAGGCGGTGGGGCTCGACGGCGCGGGACGTCGTCGTGCCGTCGTGCGCGCGGTAGTCGAGGCGCAGCCCCGTGCGCGCGGCGACCGCCGCCGCGACGTCGGCCAGCACCTGCGCCCCGACGGCGGGACCACCGCCGGGTGCGCTCGCGACGGCGGCGCGCAGGGCGTCCGCCCGGACGCGCAGGCGGGCGGGCAGGACCGTGTCGAGCTTGACGAGCGCGCGCGCCGCGACCTCCTCGACCCCGGCGATCGACCCGGCGGCCGCGGCGCGCAGCGCGACCGCCACGACGGTCGCCTCCTCGTCGTCCAGCAGGAGCGGCGGCAGCGCCGCGCCCGAGCCCAGCCGGTACCCGCCCGCCGCCCCCGGGGACGACCGCACCTCGTAGCCGAGCAGGCGCAGGCGCTCGACGTCGTTGCGCACCGTGCGGGTCGTCACGCCCAGGCGGTCGGCGAGCTCGGGCCCGGACCAGGACGCGCGCGCCGGCAGGAGCGCCAGGAGGCGCAGGAGCCGGACCGAGGTGTCGAGCACGTCCCCATCGTGCCGCACGATGCGGAACCGCACGTTCCGCAGCGGGGTCTACGGTCGACGTGTCGGCCCCGCCGGGGGCGACGGGAGGACGGCACCGGGCACCGCCCGACGACGGAGGAGACGACGATGCTGCGTGGGATGGCGACGCTGAACCTGTGGGCCGACGACCTCGAGGCCGCGGGCGCGTGGTACGCGGAGGTGCTCGGGACCGAGCCCTACTACGTGGTGCCGGGCGGGTACGTGGAGTTCCGCGTCGGCGACCGGCAGGACGAGCTGGGCATCATCGCCCGGTCGTGGTCGCCGCGCCCTCAGCCGGGCACGCCGGGCGGCGCGATCGTGAACTGGCACGTCGACGACGTGCGGGCCGCGTTCGCCCGCCTCCTCGCCCTGGGCGCGACGGAGTACGAGGGCGTCGTCGAGCGCGGGCAGGGCGAGGGCTTCGTCACCGCCTCGGTCGTGGACCCGTTCGGCAACGTCCTCGGGATCATGCAGAACCCGCACTACCTCGAGATGCTCGGGCGGTAGCGGCGCGACTGCGGAGCGGTCAGTACCAGCCCTTGGCGACGGAGTGGGACCACGCGGAGCACGGCGTGCCGTAGCGGCCCTCGATGTACCCGAGGCCCCACGTGATCTGCGTCGCCGGGTTGGTGCGCCAGTCGGAGCCCGCGCTCGCCATCTTGGAGCCGGGGAGCGCCTGCGGGATCCCGTACGCGCTCGAGCTCGGGTTGTCCGCGTCGACGCGCCAGTTGCTCTCCTTGGTCCAGAGCTTGTCGAGGCACACGAACTGGTCGTCGCCCCAGCCGCGCTGCGCGGCGAGGGAGCGGCCGACGGCGCGCGCCGAGCCCGGGTCCACCGAGACCGAGACGTCCATCGTCCCGACCTTGATGACCTCGTTCCGCGGCTCCGTCGTGACCGTGCGCGTAAGGACCGTGCGCGACACCTCGGCCCCGCCGAGCGTCTGCACCGAGTAGGTCGTGACCGCCTCGCCGACGCGACCGGACTGCACGACGACGCGGTGCCCCTGCGGGAGCGTCGGGTCCTCGCGCTCCTCCGTCTCGAACGGCAGGACCTCCGTGACCGTGTCCGCCGTGGCCGCCGCGCGGCTCACGAGCACGAGCATCCCGTCCACCGCCGCGGCGTCGAGCGGCGCGGACGTGCCGTCACCCTCGGCCAGCACGATGCCCGCGGTCGCGAGGACCCCGCGCACCGTGGGCTCGGCCGTCGTGATGGGCATGACCGCGCCGTCGACCGCGACGTGGACCGTCTTGAGCGTGGAGACCCGGATCGGCTCGCGCCCGAGGGCCTGCGTGCGCGACACCTCGGTCACGGCGCCCTCGGCGCGCGGGCCGAGGTAGGTGAGCAGCTCGCCCACGGTGCGGGCCGTCGTCGGGATCGTCTGCACCTGGCCGTCGATCTCGACGGTGACGTCGTGGCTCGTGCGCACGACGATCGTGCCGCCGTCGCGCGCCGGGTCGGCGAGCGCGGGCTCGACGAGGTCCTGCTCGCCGACCGCGACGCCCTGGTAGTCGAGCACCGCGGCGACCGTGCGCCCGTACGCGGAGACCTGGTGCAGCTCGCCGTCCACGTCGAGCGTGACGTCCTTGTGGAGCGTGGCGAACGCGCCGGTGACCCCGACGAGGCT
NZ_CP136680.1_gap77	3315747	3318264	2517	ACGCGCTCGACGCCGTCGACGTCGCCCAGGGTCGCGCGCGCGGGCTCCTCGCCCGCGTCCTCCTGGCCGGGGGGCGCGGGCGGCTCGCCCACCTCGACGACGGCGACCGTGCCGAGCCGGCCCAGCTCCGTGCGCAGCCCGCCGTCCGAGATGGCGCCACCCACGAGCAGCACGGGCGCGGCGAGCTCGACGGCGGCCGCGGCCGCGGTCGCGCGCGCGGCCTCGTCGTCCGCCGTCGCGAGCACGACGACCGGCGCGTTGGTGAAGAACGCCTGGCTGCTCGTCAGCGCGAGCTCCGCCGGCTCGGTCGAGCCGAGCACGAGGACGCCGTCGCTCGGCTCGGCGGCACGGGCGACGAGCCCGGTCTCACCCGAGGACGGCCCGTCGGCCTTCGCCGTCTCCGCGGCACAGCCGCCCAGCGCCACGACGGCACCGAGCGAGAGGACGACGGGGAGGGCGACAGGGACGAATCGGACCTTCCGAGTGTTCACGCCCCCATCATCGCGCACCCGGCGCGGCTCGCCGACCGAGGGATGTGAGGGACTCGTGATGGTCGGACCCGACCGGCCGCGGGGTCGCGTGACCCCCGCCACCCGGACCAGCCGCCGGGCGCGCCGCGCAATCACAGGGCGGGCGGCGCCCCCGACCGGCATACTGGGCAGGCCCCGACCGAACGCCGAGGAGATCGCATGTCGACCCCCGACCAGCCCGACCAGAACCCGCAGCAGCCCGGCGGGACGCCGTCCGGCCCGCCCGCCTACGGCGCGCCGCAGCCCGGCGAGCCGCAGCAGCCGCCGCAGGCCCCGCAGTACGGCGCCCCGCAGGCCCCGCAGTACGGCGCACCGCAGGCGGGCGCCCCGTCGTACTCCGCCCCGGGCCAGGACCCGGGCAAGACGATGGGGATCGTCGGCCTCGTGCTGTCGTTCCTCGGCTGCCTCTCGATCGTCGGCCTGATCCTCAGCATCGTGGCCTTCAACAAGTCCAAGAAGGCGGGCTACAAGAACGGCCTCGCGCTCGCCGGCATCATCGTCGGCGCGATCGTGCTCGTCCTGACGATCATCGGCTCGATCGTGTTCTTCAGCACCGTCGGCGCCGTGACGCAGGAGGTCCTCGACGCGTGCTCCGGCGTGCCCTCGGGCACGGTCGTCGAGGTGCGTGGCGAGCCCGTCACCTGCCCCTGACCTCGTCGCGGCCACGCCGCTCCGCGAAGGCCCTCACCGCTCGGTGGGGGCCTTCGTCGTCCCCGGGCGCCAGCGGGTCACCGACCCGCGGTCAGCGGACGTCCGCGGCGCAGCGGAACCCGAGGTGCGTCGTCGCGCTGTCGTCGGACTGCGCGGACCGCGCCGCGGGCCGGTAGCGGCGACAGTACTCGGGCGCGCACAGGTACGAGCCGCCCTTCGTCACGCGCAGGACCTCCGGCGACGTCGTGGGGGCCAGCAGGTTCGGTCGCCCACCGGCGTCGGGCCCGCGCGTGCCCGGGACGACGTGGCGCGGCGTGAACGTGTCCGCCGTCCACTCCCACGTGTTCCCGATCAGGTCCACGAGCCCGTACCCGTTCGGCTCGTACGAGCCGACGGGCGACGTCCCGCCCCAGCCCGCGTCGTCGTACGGGAACCGGCCCTGCCACGTGTTGGCCATCAGGCGTCCGCCCGGTGCGAGCTCGTCGCCCCACGCGTACTCCGCGTCGTCGAGACCACCCCGTGCGGCGCGCTCCCACTCGACCTCGGTGGGCAGACGCCGTCCCGCCCACTCCGCGTAGGCCGAGGCGTCCTCGAACGCGACGAGCACCACCGGGTGGTCCGGCCGGTCGTCGACGCCCGACCCCGGCCCCTGCGGCGACCGCCACGACGCCCCGGGCTGCCACCGCCACCACTGCCGCCAGTCGCGCAGGTCGACCGGTCCGGCCGTCGGGGTGAACACGAGCCCCCCGGGTACCAGGTCCGCCGGGTCGGCGCCCGGGAAGTCGGCCGGGTCGAGGGGGCGCTCCGCGACCGTCACGTAGCCGGTGTCCGCGACGAACGCCGCGAACTGCGCGTTCGTCACCGCGTGCCGCTCCAGGAGGAACGGCTCGACCTGCCGGTCGTGGGCCGGCCCCTCCTCCGGGTAGTGCCGGTCCGAGCCCATGCGGAACGTCCCGCCGGGGACCGGGACCAGCTCGGTGAGGGTCACGTCGCCAGGATAGGTCCGGCGCGTCAGCCGAGCGCGCGGGCTCGGCACCGCCTCCAGGACGTCGACGTCGGGGCGCAAGCACGGACGCCGGCATGGCGGGAAGATCCCGGGAAAAGACGAGACCCTCGCCGTCTCAGATCGTCGACCTGGTCTGGCGAGGTCTCTCCGGTGGAGCTAGGGGGATTCGAACCCCCGACCTTCTCCGATCGGGTCGAGTCCCGCACCCCACGCCCGCGATCCGTCTTTGCCGCCCGGGCGGCGCAAGAAGACCGCCAAAAACGGCGGACTTTCGGGCACACGAGCGCTTCGCTCAAGGGTCACACCCACCAGGTCAACCGGTCAACCGGT
NZ_CP136680.1_gap78	3320271	3324478	4207	GATGCTGGGAACGCCCGTCCGCTCATTAGTGGGCTAGCGTGTTCGACCGCCCTAGAGAAGGCACGGCCCGGCACCCTCCTCTGGGACATCGCACAACGTGACCCCGGGTTCTCCGCGACCCGACAAGCACACGAGTTGGTGTCAGATGCGGGACTGGATGCCCAGCGAGATGCGGAACGGTTGAGGGACTGGCTCGCTCCGTCTGAACCCCCTCACCCTGCAGTACTCCACGCAGGTGAGTTGCTGGACTCTGCTGCGTGGGCTGTGGACGAAGACTCTCGGTGGGGCCGAACCCTGGCGAGGGCAGCATGGCTAGCCGGTGCCCTGGCCACCGAGACCGCCGTCGATGACGAGTACGCAGCCGCACTGGTCGCGCAGGCCAACGGCACCGCCCCTGGGGACGAACAAGTCGAGGCGACGGAGTTGGCGCTCGACAAGATCGTCGAGGGGATTGCGAGCGCGTTCGGCGTGATCGTGAAGAACACGGCGCACTTCTACCCCACCGCGACAGTGAGAACCGACCCCACAGCTGACGTGCTTGTGGAGGTCGACTTACTCGACGATGAGCTGATCAAGCCGGAGGCAGATCCGATCGTCCTGTCAAACGAGCGCGGCGCGAAACTCGTGGGATACAGGCCGATTTCACTCTCGGTCTCTATTGACGGAAAGTCGGTATCAGTCGACTATCCGTTGTGGCAGCTCCTGTTGCGCGCATCGACGGGCTCACAGCCGTCCGCAACAGAACTCGAGCGATTCCTAGGCCTCCGGCAGGCCATCCGACGCCTTGGCGTGAAGGCTGGCGCCGCGGACCGCGCCACCCTTCTTGTGCGCGAGACCGGCTCCGGCGGCCGGAAGTATCAGATAACGACGCGGGCCGGCCGCCTACGCGCGAGAGAGGTGATTTGATGAAGGACCCGGTCACGCGAGTGATTGGCGAGATCCAGTCCGCGACGGGCGTCAAACTTGACTGGAACGAAAAAGGGCTGTTCGTAAACGGGCTCTTCGTCGATCTGGTGGGGAGTGACACGCGGGGCGTGATGGTCGGGGTGTAGGGGTCGAGGTCCCCGAGGATCAGAAGCGCCAACCACTGATCCACCTTCGAGGACCTCGACATGTCCGACGCTACGGCGTGCACTGGTGCGCGTGCTACTTCTGTCCCCTGCCCGCACTGTGACGTCCTGCTCGGACTGCAGGACACGGTCCATGTTGAGAGGGTCGAACGCGACGTCGACCAGTTGGTGGTGACGGTCTCGACTCCGTGGCAGTTGATGGGTTGCCCCTCGTGCGGGGTCGTCGCCCCGAGCCGCGGTCGGCGCCGGCGGGTGCTGCACGACGTCCCCCATGGCACTACCGCGGTCCATCTCATCTGGCGGCAACGGGTGTGGCGCTGTCCCGACCCCGGGTGTCCTCGAGGAACGTTCATGGAGCAGGTCGGAGCGCTGGTCGGGCCGCGAGGCTCGATCACGACCCGCGCGATCAGCTGGGCGATCACCTCCCTGCGCACCCAGCACGCCACGATCGCCGGCCTGGCCCGCCAGCTCGGGGTGAGCTGGTGGACGCTGTGGCGCGCGATCAAGCCAGAACTCGAGCGGCTCGCCGCTGACCCCAAGCGTTTCGTCGGAGTCAGTTCGCTGGGAGTCGATGAGCATATCTGGCACCACGGGGACCCCAGGAAGAAGGGACCCAAGGAACTGACCGGGATGGTCGACCTCACCCGAGACAAGAACGGAAAAGTCCATGCCCGACTGCTCGACCTGGTGCCTGGCCGGTCGAAGAAGGCCTACGCCGACTGGCTCACCGAGCGCGGCGACGACTTCTGCACGGGCATCAAGATCGCCGCGCTGGACCCGTTCGGAGGTTACAAGAGTGCGATCGACGCCGAACTTGAGGACGCGGTCGCGGTCCTGGACGCCTTCCACGTCGTCAAGCTCGGCACCACCGTGGTCGACGAGGTCCGCCGCCGCGTCCAGCAGGACACCCTCGGGCACCGGGGCCGCAAGGGCGACCCGCTCTACGGAATTCAACGCCTCTTGCGCGCCGGGGCCGAGAACCTCACCGACAAGCAACTCGACCGTCTTGCCGCCGCCATCGAGGCCGACCCAGCCCACGAGGCCGTCTATGTCGCCTGGCGCTGCGCCCAGGACCTGCGAGCCGCCTACCGCGCCAAGAATCTCACCGAAGGTCGCACGCGGGCCGAGAAGATCCTCGCGACCTTCCACACCTGCCCGATCCCCGAAGTCGCCCGCCTCGGACGGACCCTGCGCAAATGGCGCGGGGCGTTCCTGGCCTACTTCACCACCAGCCGAGCCAACAACGGCGGCACCGAAGCCGTGAACGGGATCATCGAACTTCACCGCCGTCTCGCACGCGGGTACCGCAACCGCGACAACTACCGACTACGCATGCTCCTCGCCGCCGGCGGACTCACCTGATCCCCACCAGATCGACGAAGAGCCCGTAAACGACGCCTTGATAAACCTCCCGAGACTCAAGACCGGCGATCGCCTGGTAACCCTTACAGGCGAGCGCGTTGACCTTTTCGGGTTCCAGACGCTGTTCCCCAACGTGGCCCGCGGCGATGACCGGGACAAGTTGCTGTGGCAGGTCATCGCAGAAGCCCGTGATGAACAGGCTAGCCCATCGGCTTTGCTTAAGGATGCTGAACTGAAGCGCGAGCTCTCTGCGAGACTGGACCTCGGTCCTGAGGCTTCGCCGGTCGTGTCGGAAGCCCTTGTGGGCCGGTTCTTTAACCGTAAGAAGGGTGTACGCGTGCTCCTCCCGACGCACGCCTCGCTTCCACTGAACTACAAGCACACTTCTAAAACGGGCACGCCAAGCCGATATCGCCTCTACAATGGTGGGCTGGTGCCTTTCCTGCTATGGAACGGTCACGGCGTCGCTCGGACACCGTTGATAAGGTTGCTCGATGTGGTCGAGAACGAGGGCGAGTTCACCGCTCTCGACCGCAAGTTCCTGGATATCGCGCGCGACGGCTCGGCGTTTCCCGATCTGAAGGCGAGCGCCGAGTCGCTCATCGTGCGCTATGAAGAAGACCTGAGGGCGGACTTCGACAGGTTTGGCGGGCCGTTCTGCCAGCCGAGTCTCGATCGGTTCGCGCGGGATCTGGAGACGGTCCTCGACACCGACTTGCCCCGTCCGGACAAGATCCACTGGCTGACGCTTCTGCTGAGTCTCCACGTCGGCATCCGTCTGTACCGGATCGCGGTCGTGAAGGGTTTCGAGCTCGACCGCGCGGTGGCCGCCGCGGCATGTATGGATCCTCCGGCCGAGGCAGTCGTGGACGATCACTGCTGCTCAGGGGACGGCAGCGGCCGACTTGAGAAGTGTGCGCTGGCGGGACGGATCCGCTTCCGTACCGGCACGGGCCGCTACCGGCCAATCAGGCAGCGCGACGGCGCCCGCACATCGTGGATGGACGTCGATCACCGTCGGCTGCTGGATATGCCGGCAACCCTCGTGACGCGCACCTTGGCTTCTGCAGCGTGGGAGGCGCTGGGTGGCGGTGAGCGCGCCGCGCGAATGGACGTGGATGCCTTGGCTCGGGCTCTCAAAGCCGACTCAGACCTCCGCGTCTCCCACGGTGCCGCGTGCGCGGCCATCGCCGTGATTCATCACTCGCAGTGGCGGCAAGGGGCTACGTTCGAGGAGCTGCTCGACGTCTCGCGAACGTCAGAGCGCCGTCCCGGACTCCATGCGCTCCGGAACGAAGTGCGCCACATGCGTCGAGGCGATCTGCGACACCAGGGCCGCGACATCGTGAACCAGTTGCTGCTCGACGTGAACGTCGGTAGCCCGGGTTCGCTTCTCAGCAGGAACGGCAGCCTCACCTTCTTCGAGGTCGACGAAGAGATGCTTCTCCTGCTCGTTAGGCTCACGTGCCGCGATGCACAGGTGCCCTTTACCGAGTTTGTCGAGGGACTGCGAGCCTACGGGCTAGAGCCTCAAGACGACTCCGAGTTGGCCGCGTTGGCCGACGCTCTTGAACGGCTCGGGCTTCTTGCTCGCTACTCGGACTCCGGGGAGGCATCCTTTGTCCACTTCAACTGAACACGCAGCACGCATCATTGCCGACGCCCTCATCGAATGCGCTGCCCGCTCATCTGATCACCGGCGACTGTTCGCCTCAGCACTCCTCGACCTGCCGCTCACGGCGGTGTTCAAGGAACTGGAAAGCCGCTGCGACTCC
NZ_CP136680.1_gap79	3325986	3329970	3984	CGTCCGCGAACTAGCCGACCAGACCCTCGACGACGGCCTGAGTGGGCTTAGCCTCGAGGCACAGATCCTCGCAAGTCCGGATGTCCTAGTTTTCCAAACCGACAGGACTGGTGGCGAGCCAGTCCTCAGACCCCTCCATGCCCTCGACAGCCTGGAGATGTCCGGTACGCCGGTCGAGAAGCTCTCGGTGTTTATGGACGCTCGACGTGCGTTGTTTGCGGCGCTCTCGCCGTACGGCTCCGCGCACGCGCTTGCCGCTGGAGTGGCAAGAGACGAGGCCTCGCTCTACGTCGCTTCGTACTCGGAACTCCTCCTGTCACTCACGGAGTCAGGACGGTTCCGGGCCGAGTTCGAGCGAGTGGTACTCGCCGATGCCGTTTTCGACGCGGTCAGCGGAGACGTGTTCATTGCGCCGACAAATCCCGTTACTGTCCGATACCTGATCGAATTGACGGAGACGATCGACTCGTGGCTGCCGCGCAGCAGTGAAGTGATCGATGCAGACCTAGCCACTCTCTCGCCCCGATACCTCGTTCCGATATTCCATACAAGCCGGACCTGGTACGAGATTGCCCATGCGAGCCGCATGCCCCTGCTTTGGCGGCGGTACGGGTCGATGAGTCTGGTCAACCCCGGAGATGACCGGCCTGCATATATTGCGCGCCGAATCAACCACTTCTTGCGTGTCCATCCCGAGTACCGCGACCCGCGACAGAAGCTCGCCCTGTCCTTCTACGAAGCGGGGCAGGGGAAGGCAGTGCTCGATGCGCTCCGGAGGCTCGTCAAGCCCTCGACCACGCGCACATCGCCGCCTACTCTCCCGCAACTGGAGGTACTGATGGTGAGCGCGAATGCGCAGCGTAGCGAGCTCGAGGCCGCGCTTCGCAGCAGCACCACCGGTGGCGGCAATGCCGAAGATCGAGTGCTTCGCGACATCGTGACCATTCGACACCTGACCCCAGACGAGGCACGTAAGGAGTGGTCCCATATCGGCTTCGTGTTCCAGTCCTCTTTGGATCGCGCGCCAAAGGAACTCACGCTCTCCACACGATCCTCGACACTCTTCTGCCGAGGACTAGGAGCCACCCCCGGCCGCGTGACGGACCAGGCAACTAACGAGACGTCTTTTCACTGGGGAACCTTCACTGGCAATCGCCAGCTGACCCCGTTGGGGACCATGGTCAAGTCAGTCCTCGAGTTGGTTGGCGGAATGCCCCGCGACATGGTCGAGAGGGGCAGGACAAGGGTTCCGTCAACTGTCGTTGAGCGCAGATTCCTGGGAGACGTGTACGAGAACTCCGCGTGGGTCGTGCACCTCGATCGCCTCTTGGGTCTCGAGGCATTCGCCCCGGACGCGAGCGGGAAGCAGGCACGTTACCTCATCGACTATGAGGATCGAGCGGACCCTGGGCAGCCCGGTCTTGACGCGATTACGGCAACCAACAGGGTCCAGCCTTACCGGCTGGCCCTCCAAAGAGCCTTGGCGAGGTATGGGCGGGCGTCAGAGGGTGCGCTGGACAGGCTGCTTCAGATCTTCAATGGAGTCAGTGGACAGTGGGCGCTTGACATTGTTGGCGCAAATGTCAACGATCTACACGAGCGAATCGGTCTCGCGGTCGCCATCGCGGCGCTCTCGGATCTCGATGAGGCTTTCACAACGGGGGCATCTGTCGGGCTCGTTCTTCCCCTGCGCGAGATCATCTACTCGCTGCCGCTGGAGGCACGTCCTCCGGGCGGTCGGATCACCGACGACCTGCTCTATCTTCGGGTGCCGCTCGGAACGCAGGGGCCGGTTCGAATCAGCGGTCGCGTCATCGAGGTGAAGTTCCGGGGAGCCACCGATCAACGCACCGTCGAATACGCCCGCGAGCAGTTGACGAACACGTATGAGTGGCTACAGGCCACTTTTGGTCCCGAAGATACTCCCCGCCGCCTGTTCAGGGCGCGCGACCTCTCAGAGTTCATCAGAGCCGCCGCTGTTCGCAGCCAGTCGTTCGGACTCGTCAAAATCGGCGACCGGGCCGGCTTTGAGGACTCAATTGACGCAATCGCCAGTGGCAGTTTCACACTGGAGCTCGACTACAACGTCGGATACACCCGCGTCTCGGGTGACTTCCTGAGCATCGAGGCGGACAACGGTGTAGCGGTACACCGCCAGTGGCTCGCGGGCGAAGGAAAGGTATTCGGCCACATCAGGCTGGGGCGCGAGGCGATCACGGCAATCATCACTGGGCAGCCTCTGCCCAAGCCGACGACGTGGCCGAGCGTTACCTTTGGCGCGACGGTCGAGCGGGTCGACCCGGCGCCGCAACCTGCCCCCGAGGACGGGCGACCGAGCCCAGGCGCAGCAGCTCCAATGCCTGCCGGGTCATCCTCTGAGGACACCGCGGAACAAGGCGCAGGCCGGGCTTCCAGCACGCCTCCGACCGGAGAGGTTCGCTTGATGGCTGGTCGACTCGATGAAGCCTTTGCTAAGTACGGCCTCGGCGTCGAGCCCTTCGCGCCCGATACAGTGCAGGTCGGGCCGAGCGTCCTTCGCTTCCGGACCAGAACCCTCGGGCGCCTGTCGATCACCGACGTGGAGCGTCGTGCAAGGGACATTGGGCGAGAGATCGCCGCAGTAGGCGAGGTGCAGGTCGGGGACGAGCCTGGCTTCGTCACGATCGACGTACCGCGCAGCGAGCGCACGACGGTTCCGATCGATGCCGCACTGGCGGAGCTTGACCGTCATAGGGGTGAGCCCGGCGCGCTCTCCTTCGTCGCTGGCGTCGCTCCGAGCGGGGAGTACAGGATCGCCGACCTTGCGAGGCTTCCGCACCTGTTGGTTGCCGGCGCGACCGGTTCCGGGAAGAGCGTCTTCCTGCGGGGGCTCCTCATCGAGCTCCTGCACGGCCGAAGCGCCAATCAGCTCAACTTAATGATCGTTGATCCGAAGCGGCTCGACTTCGCACCGTTCGCAGCTGTCCCCCACCTGCGGGGGACGGGAATCATCAGCAACGCTGCGGACGCGCTGACCGCGCTCCAGGAGACCCTTGAGCGGGAGATCGAGAGACGCCTCCCGATCATTGCCGGGGCGGGAGTCAGTTCTGCAGCCGAGTTTTACGAGGCCGACGGGTCGACCGAGGACCTTCCCCAGTTGGTGATCCTCGTCGACGAGTTCGCGGATCTCGTTCTCGCCGGACACGACCGCAAGTCCTTCAGCGAGTTGATTCAGAGGTTCGCACAGCTGACGCGCGCATACGGGATCTACCTGGTCCTGGCGACGCAACGGCCAAGTGTCGACGTCATCACCGGGAGCATCAAGGCCAACCTGACCGCACGCATGGCGTTCTCTCTCCCGAGCGCGCGGGACTCGATGACCATCCTCGATCGAGGCGGCGCCGAGGACCTCCTGGGTAACGGCGACCTGCTCTTCTACCGAAACGGGAGGGTAGAGAGGCTCCAGGCGCCGTTCGCGAGCGGACGGGACGTGGTCCGCCACCTGGCGGAATGAGAAGAGCGTGAGGACCCCCACGAGGGGGTCCTCACGTCCTTCTCTAGGCTGCTGCTTCGCCTTCGGTCGTGCTTGATCGCCCGGCGGAGGCCTTTTCGAGCGCCTCGATGATCGACTTGCCAACCGCCCGAGCAACCGGCGGCGGGAAGGCGTTGCCGACCTGCCTGTATCGGGCAGTCTTCCCGCTGCCTTCGAACTTCCAGTCGGCAGGGAATCCCTGGATTGCGGCTGCCATCTCGACCGTGAGCAGGGGTTCTCCGGTGAAGCTCGCGCTCGGAACGGGCGAGCTGTCTGCGAGCTTCATCCCGTTCACGCCGAGTTTCTTCCAGGCGGCCTTCGCGCTCGTCGGCCCAAGATCCGCGCCGCCATGCTTTTTCGAACCACCGACGAGGGCAGGCGCGCAGTCGTCGGCACCCTTCGCCCAACGCTCCGCGTGGTCCCAGCCCGTCAGGAACGGAAGGAGCGCATCGGCCACGGTGACACGCTCGGTC
NZ_CP136680.1_gap80	3333336	3335900	2564	CCCGGCGTGCTCACGACGGCGCTGAACGACGTGATCGCCTTCGCACAGCGGGCGGGCCTTACGACCGGACCGCGGCAGCGGCAGCGGCCAGGTGCTCCGCTGCCGATGCGTGCTCGACGATTGCCGGGACCTCACCGACAAGCCGGTCCGGGCCTCGACGGACCGTGACCCTGGAGGGATCACCAACCCGTCGCGGCTTCGAGGGCCTCAACCTCCGTCCGGCGCGGTTTGACCTCTTCGGCGGCAGCATGTCCGGAGAGTCCGCCGTCCGCCGCTTCCTCGGCAATCTCGATGATTGCCTGGAGAACCGCCGAGACGTCAGGCGCGATCCGAAGTCGCTCGATGTAGTGCTTCTCCGTGATGCCGCCGCCAACCTTGTGTCCGAGGAGCATGGCGGCGTCACCGGTTCCCCGCTCCCGCGCGACGAAAGTAGCGACGGTCGAGCGGAGGAGGTGGGGATGGACATGGCCCTTCATCCCAGCCGCGTCAAGGGCGAGCCGCAGGGACCGCCGGACATTCGCCGGCGTCTGTGGCCTTGGCCCCTTCCTCGCAAGGCGCCGCGACGGGAAGACCGGAAGCTCCGCGGACATGACCTCGGGTCGAATGGAGCGAAGTGCGTTGACGGTGAACGGCGGGATGATGATGGTGCGCTTGCTCGCATCGGTCTTGGGCATTTCCTGTCGGACCGTCCCGTGCCCCTTGATGTCGACCATCGTCGCGGTCACCGTGACGGTAGGAGGCCCGTCCTCGGTGAGGTTGACCTCGCCCCAGTTCAGCGCAAGCACTTCCCCGATCCGCAGCCCCGTGCCGAGCATGACGTCGACGGCGACTGGAAGGTGCCCGCTCGGAGGGGGCCCCGGCCGCCCCTCCCGGGACTTCTCCCACTCCCTGACCGCGCGGCGCAGCCGATGGACGTCTGGAACCGTGAGCGCCTTCGGATCTGGCTGCTTCCTCAGCGGAAGAGTTGTCTTGTCCAGGGGGTTTGCCCGCAGTGCGTCATGCACGATGGCGCGATCCAGGACTCCCTTGAACGCGACCCGCACCTGCGACGCGGTCGCCGTCATGTCGTTCGGCTTTCCGCTGCCGGACTCCACGATCCCGTTGAGCCACGCCTGGCACCGTGCGGTCGTCAGTTCGTTGAGCCGCAGCTTTCCCAGCTTCGGATCATGAGCGTGCCGAGCAGGCGCTCGTACTCGTCGATCGTCTGTGGACGTCGCCGCGGCCTCGGCCATGTGGCCTCGACTCGCAACTGCTCGATCCACTGCCGTGCGGCGAGCCCCACCTTGCTGTCCGGGCGGAGCTCCACGGATCCCTTGGGTCGCTTGAGCAGCTCGTCGATCTCGTTCTGCACGGCCAGGCGGGCGGCAGTGTTGGACTTCCGCGTGCGCGAAACCTCGGTCATCTCGCCGTCGAGCGGCCTGACCCGCGGTCGGGCCTTGAACTCACCGCTCGCCGTCTCCTTGACGAAGATCTCTCCGTGCTCGCCAGGCTTCAGGCGTTCGTGAGCCATCGGGCCTCACCACCCGCTCGAGTGAGCGCTCTCGGCGCTCGCGGGTTCGTCGGCCGCGGTGCGAGCGTCCAACCACGCCCTGACGTCCGACTCCTCGAACATCAGGTGACGGCCAATGCGGTAAGCCTTGGGCGCGGTGCCGCGCTTGCGCCAGGTGTGGACGGTCTCGCGCGAGACATGGACCTTCGCGCACAGCTCGTCGAGGGTCCACATCGGGGTGTGGGTGACTACGGGGTCCGTCTGCTTCGCCATACGAGGCAGGTGCGCCACGACCACCGTCGTCGTGAGGTGGACAAGGCCATCGGCGGGCACCCTCAGGTGCCGCTCGCGCGGACTCACGCGCGGACTCATGGGCTCTCGATCCTCTCGTTCGAGGACCGCAGGAGAAAACCAAAAGCCGCTGACCAGGATGTTCATCCCGGCCAACGGCTCTCAGGTGGTGGAGCTAGGGGGATTCGAACCCCCGACCTTCTCATTGCGAACGAGACGCGCTACCAACTGCGCCATAGCCCCTCAAGCGAGGAACAGATTAGCACCCCGAGGGCGGGGTCTCGCAAACCGGCCGCCCCGAGGGGGTCTACTGCCCTGCCGCCCGACGACGCGCCAGGATCTCGTTGAGGTCCAGGCCGAGCGTCTCCGTGGAGGGCTTGCGCTCGTCGCCCGCGGCCGGGGCCGGGGCGCCGGACCGGGTCTCGGCGGCCACCACCGGCTCGACGCGGGCCGGCACCGTGGGCGAGACGACGTCGTCGTCCGTGAGCGGGGCGGGCTCGCGGCGGGGCGCCGTGGGCTTCATGGTGTACGTCGGCGGGGGCACGGGCACGGGGTCCCACGCGCGGCCCGTCGGGACGCGCTCCGCGTCGACGGCCTCGACCTCGACGACCGGGGTCGTCTCGCGAACGGTGGTCGGCTCGTCGGCCGCTGGGGCGGGCTCCTCGGACGCGGGACCCTCGGCCGGACCGGACGCGGTGGCCCGCTCGCGGGACGACGCGCCCGTCGTGGTCGGCGCGCCGGCGTCCGCGGAGGCCGCGGCGTTCGCCCGCGCGAGGTCCTGCGG
NZ_CP136680.1_gap81	3415832	3417135	1303	CTCCTCGCGCCGACCGTGCTCGCGTCCGGCGCACCGGCCGGGGAGCTGCAGGACGCGCTGCGGGCGCGCGGCGTGCCGTCGGTCGTGGAGGGCCCGGACGGGCGCGTGCTCGTCGCGGACCGTGCGGGCCGTCGCGACCTGCCCGACGCCGCGGGCCCGGCCCGGCGGGGACGGGCCGGGGCGGTCGTGGGCCGGCGCGGGAGCCGCGCCCGGACCGGCGTCGTACCGGGCTCCGGGGCCCGCGTCGACGAGGCGCGGGACGGGGCCGGGCGTGGCGAGCAGCGGTTCGCCGACCTCGTCGCCCGGCTGCGCGCCGCCGACGCGCGCTCGGCGGAGCAGGCCCGGTCCCGCGCGACCGGAGGGGTACGCGCGGACGGCGACGGGTCGCGCCGGGGCGGGGGGACGCCGTCGGGCAGGGCGGGACGCGGGGACGACGGCCCCGAGGGAACAAGCGACCCGGTGGCGGCGTTGGGGCTGCTGCGCGAGGCGATCGCGGACGGCGCCATGGTGTGGCTCGAGGTCGTCGGGTCGACGGGCGCGCCGGACCGCCGCCGCGTGCGGCCCCTCACGCTCGACGCCGGACGGCTGCGCGCGCAGGACCCGGCACGCGACGCCGAGCTCACGGTCGCGGTCCACCGCATCGCGTCCGTGACCCCGGACTGACCCCGGCCCGGCCCGGCACTACCCCCGGACCGGCACCCGACCGACCCCGGACCACCACCGGCCCGCCCGGCGACCGCCCGGACCGCACGACCCTCGGCCACCCACGGCAAGGAGAACGCATGACCGACGGACCTCTCATCGTCCAGAGCGACAAGTCGCTCCTGCTCGAGGTCGACCACCCCCGTGCCGACGACGCGCGGCGGGCCATCGCGCCGTTCGCCGAGCTCGAGCGCGCCCCCGAGCACGTCCACACGTACCGGCTCACGCCGCTCGGCCTGTGGAACGCGCGCGCGGCCGGGCACGACGCCGAGCAGGTCGTCAACACGCTCATCGAGTACTCGCGCTACCCGGTGCCGCACGCGCTGCTCATCGACGTCGCGGAGACCATGTCGCGGTACGGGCGGCTCACGCTCGCGCAGCACCCGACGCACGGGCTCGTGCTCGAGGCGACGGACCGCGCCGTCCTCGCCGAGGTGCTCAAGTCCAAGCGCACCGCCGGGCTGGTGGGCGACCGGATCGACGACACGACCGTCGTCGTGCACCCGTCCGAGCGCGGCCACCTCAAGCAGGTGCTCGTGAAGCTCGGCTGGCCCGCCGAGGACCTCGCGGGGTACGTCGACGGCGAGAAGCACGCCATCGC
NZ_CP136680.1_gap82	3577624	3580670	3046	TGGCCCTTGCGCGACTGGCGGGTGGCTGTCGTCGTGTGCAGGGCCTGCCCGATCGCCTGGAACACCGTCTCGGTGTCGAGGCCGAGCAGCGTCCCGATGCCCGCGGCGGCCGACGGCCCGAGGTGCGCGACGTGGTCGATCTTGTGCCGGTGCAGGCTGATCGCGCGCACGAGGTCGACCTGGATCTCGTAGCCGGTCGCGATCGCCCGGACGACGGCGGCGCCGTCGGACCCGGCGTGCTGCGCGACGGCGAGGATCGGCGGGATGTTGTCGCCCGGGTGGGAGTACTCCGCGGCGAGGAACGTGTCGTGGAAGTCGAGCTCGCGCACCGCGACGCCGTTCGCCCAGGCCGCCCACTCGGGGCTCGTGCGGGTCTCGAGGTCGCAGCCGAACACCGTCGACCCCGGCGTGTAGGGGTGCGCGAGCGCCTGGCCGCGCGCCGCGATCGCGGGGCCGCGCGTGAGGCTGGCCGCGGCGACGGCCGCGTTGTCGATGACCCGGTTGACGACCATGTCGACGACCTCGGGCGTGACCTCCACCGGGTCGGTCGCGAGCTCGGCGAGCTTCCACGCGAGCTGGTCGGTGCGGTCGAGCGGCTCCGCGCTGGGGTAGACGCGCAGGTGGTGGGTGTACGGCATCGGTGTCTCCGTCGTGCGGTGGGCGGTGGTCAGGGGAGGTCGTCGGTCGCCGACCCCGCGCCGCGCAGCGACTGCTCGGCGAGGGCGGCGCTGCGCTCGATGTGGGCGCGCATCGCCGCCTCGGCGGCGGCGGCGTCGCGGCTCGCGATGGCGTCGGCGACGGCGCGGTGCTCGTCGACGTGGTCGGTGGTGCCGACACGGCGGCGCGCGGCGAGCGCGCGGTACCGGTCGACGTGGCCGCGGATCTGGCGCAGGAGCGCCGACCCCCAGCGGTTGTCGGCGAGCGCCTCGATCTCGCCGTGGAACTGGGCGCCGATGCGCAGCACCTCGTCCTCGTGGTCGCGCACCGCGTCCATGAGCGTCACGAGGCGCGCGAGCCGCGCGACGTCGTCGGGCGTGGCGCGCTCGCACGCGTCCCGGGCGAGGAGGCCCTCGAGGCGGGCGCGCACGTCGTAGACGCGCCGCGCGTCGGCGAGGTCGAGCGGCGCGACGCGCACTCCCCCGGTGGGCAGCTCGACGACGAGCGCCTCGGCCTGGAGCAGCCGCAGCGCCTCGCGCACCGGGGTCCGCGAGACGCCGAGCTCGGCGGAGAGCACGGGCTCGGTGAGCCGCGCGTCGGGCGCGAGGGAGCCGTCGATGATGCGGCCGCGCAGCAGGTCGTAGACCGCGCGGGCCCCGGACTGGCGGCGCGCGAGGCCCGCGTCGCCGGGCGCCGAGGACGGCCCGACGGCGGTGCGCAGCTCGGGCGTCGTCGTCACCCGGCCATCGTGCCACACGTCCTGCGCACTTGTATACAACTCTCGCCGCGGCTGGGATGTCACATCGGGGGGCGCCGCGTCGTCGTCCGGGTATGAGGATCGCTGTGGTGGGTGGGACGGGGACCGTCGGTCGGCACGTCGTGGCGGGGCTGGCCGCGCGCGGCCACGAGGTGCGGGCGCTGAGCAGGCACGCGCGGGAGCACCCCGTCGACCTCACGACGGGCGCAGGTCTCGCGGCGGCGCTCGACGGCGTCGACGTCGTGGTCGACGCGAGCAACACCGCGACGTCGCTGCGGCACGTGCGCGCGGCGGTCGTCGACGGCACACGGCGCCTGCTCGCCGCCGAGCGCGCCGCGGAGGTGCGGCACCACGTGCTCGTGTCGGTGGTGGGGTGCCACGATGTGCCGATGACCTACTACGCCGCCAAGGTCGCGCAGGAGCGCGAGGTCGCGGACGGGGGCGTGCCGTGGACGGTCGTCGCCGCGACCCAGTTCCACGAGCTCGTCGCCGGGACGCTCGGGGCCGCGGCGCGCCGGGGCGTCGTGCCGCTGCTGCGCGCGCCGGTCCAGCCGGTCGCTGCCGCCGAGGTCGGCGCCGCCGTCGCCGACGCCGCCGTGCGCGACCCGCTCGGCGGCACCACGACCGTCGCGGGTCCCGAGGTGGTCGACCTGCGGGACGCGGCGCGCGCCTGGCGCGACGTCACCGGCTCGCGCGCCGTCCCCGTCCGGGTGCCGCTCCCCGGCGCGCTCGGCCGCGCGCTGCGCGCCGGCGGCCTCACCGACGCACAGCCCGACGTGCGCGGCACCACGACGTTCCGCGACTGGCTCGCCGCGCAGCACGCCGAGCGGGCGGCGGCCCGGTGACCGGCCCGGCCGCCGACCACCTCGCGCGCGCGTTCGAGGCCGAGCGCCCCCGCCTCCTGCGGCTCGCGTACACGACGACCGGCTCCTGGTCCGACGCCGAGGACTGCGTCCAGGACGCGTGGCTGCGGCTGCGCACCCAGGACGCGGGCTCGATCCGCAACCTCGCGGCCTGGCTGACGACGACGGTCGGGCGGCTCGCGCTCGACGTGCTCGGGAGCGCGCGGGCGCGCCGCGAGCGCTACGTCGGGACGTGGCTGCCGGAGCCGGTCGTGACGACCCCGGGCGCCGCGTCGCCGGTCGCCGCGGGCGCCGTCGACGCGACGGACCCGGCCGACCGCGTGACGCTCGACGAGGAGGTGAGCATGGCCCTCCTCGTCGTGCTCGAGCGCCTCTCCCCCGCGCAGCGCGTCGCGTTCGTGCTCCACGACGTGTTCGGGCTGCCGTTCGACGAGGTGGGCGACGTCGTCGGGCGCTCGCCCGCCGCCGTCCGCCAGCTCGCGGCGCGAGCCCGCAAGGACGTGGAGGCGGGGCGGCCGCGCGGGACCGCGACGCGCGCCGAGCAGGCGCGCGTCGTCGAGGCGTTCGTCGCGGCCTGCACGGACGCCGACCTGCCGGCCCTGCTCGCGGTGCTCGACCCCGACGTGGTGCTGCGGGCCGACGGCGGCGGCAAGGTCCGGGCGCTGCGGCACACCGTGCGCGGGGCGGGGACGGCAGGTCCCGTGCTGCTCAGCTACCTCCGCCGGCCGCCCGAGGCCGTGCGCGCGGTCGACGTCAACGGCGCGCCCGG
NZ_CP136680.1_gap83	3731680	3736443	4763	ACCGCCGGGGTCGTCGCGCAGGACGACGCCGGCGCAGCCCCGTGGCTCGACGTCGCCGTCGCGGTCCTCGCCCTCGCGGCGCTGCCCCTGCTGTGGTCGCGGACCCCGCGCGACGCCCCGGTGGTCGGCGCGCTGGTCCTCGCCTCGCTCGCGGCGTACTCGGGCGCCGCGACCCCGGCCTCGACCGTCGCGACCCTGCAGGTCGCGCGCTGGTACCCGCTGCGCACCGCGCTCCCGGTCGCGGTCGCCGGGTTCCTCGGCCACGCCGTGCAGGCGCTGTGGCGGCCGCAGGCCCTGCCGCTCGGCTGGTGGCTCCTGTGCGACCTCGCCGTGCACGCCGCCCTGCTCGGCTGGGGCCAGTACGCGCAGGCGCGCGACCAGCTGCTGTGGTCGCTGCGGGACCGCGCCCGCCGCGCCGAGCGCGAGCAGGAGCGCCGCGTCACCGAGGCGCGCGTCGCCGAGCGCACCCGGATCGCGCGCGAGATGCACGACACCCTCGCGCACCGGCTCTCGCTCCTCGCCGCCACGGCGGGCGCGCTGGAGTACCGGCCGGACGCCGACCCGGAGCGGCTCGCCCGTGCCGCGGGCCTGGTGCGCGCGGGGGTGAGCTCCGCGCTCGACGACCTGCGCGACGTCGTGCGGGTGCTGCGCGCCGAGCCCGGGCCCGGCGGTGCCGACGCGCTGTCGCCGCAGCCCACGCTCGACGACGTCGAGCGGCTCGTCGTCGAGGCGCGCGACGCGGGCGGCGAGGTGACCTACGAGCGGACGGGGTCCGCGGAGGTCCCGCCGACGGTCGCGGTCGCGGCCTTCCGCGTCGCGCAGGAGGGGCTGACGAACGCCCGGCGGCACGCGCCGGGCGGCCCGGTGACGCTCCGCGTCGTGGCCCGGGCGGGCGAGGTCCGGGTCACGGTGTCCGACGGCGGCCCGCGCCGCGTCCCCGTCGGCGCCGGCGGCGGTGTCGGCCCGGAAGGTGGCGGCGTCGGTGACCGAGCGGGCGGCGGCACCGGCACCGGGCTGGTCGGGCTGCGGGAGCGCGTCGACCTGCTCGGCGGGACCCTCGGCGCCGGGGCGCGGGACGCGGGGTTCGTGCTCGACGTCCGGCTACCGTGGGCCGCGTGACGGAGCAGGGTGGGCGCGCGGGCGCCCCGCGCGGGAGCGACCACCACGACGACGGGCCGGTCCCCCCGGACACCGCGCGCACCCGCCTGGTGATCGTCGACGACGACGCGCTGGTCCGCGCCGGGCTCCACCTCATGCTCGACGGCGCGCACGGCATCGAGGTCGTCGGCGAGGCCGCCGACGGCGCGGAGGTGGCGGCCGTGCTCGACGCCCACCCGACCGACGTCGTGCTCATGGACCTGCGCATGCCGCGCGTCGACGGGATCGAGGCCACGCGGCGCGTGCGGGCGCGACCGGACGCGCCGGCCGTCGTCGTGCTCACGACGTTCGACACGGACGAGGAGGTCGTCGGCGCCCTGCACGCCGGCGCGTCCGGCTACCTGCTCAAGGACATGCCGCCGGAGCGGATCGTCGCCGCCGTGCGCGCGGCCGCGACGGGCGAGCCCGTGCTGTCACCGGAGATCGCGCGGCGTCTCATGACGTCGGTCGCCGACGCGGGCGGCCAGCGCGAGCGGGCCCGGGCCGCGCTCGACGCGCTCACCGGGCGCGAGCGCGACGTCGCGGTCGAGCTCGGCCGCGGCGCGACGAACGCGGACATCGCCGCGCGCCTGTTCCTCAGCGTCCCGACGGTCAAGGCCCACGTGTCGAGCGTGCTGCTCAAGCTCGGGCTGGAGAACCGCACGCAGGTCGCGCTGCTCGTCCACGCCGCGGGCCTCGACTGACCGTCAGTCGCCGGGCCACTCCCCCGTCCAGCGCTCGAACGCGCGTGCCCCGCCGCGGTCGATGAGCGCCTTCACCACCGCGTAGACCGCACCCTGCAGGAGTGCCGCGAGCACGATCTCCTTGAGCGGGTACTCCGACTGCAGGGGTGTCGGGGCGTCCTTGCGGTGGCCGGGCGAGACCCGCTTGTAGATCTGCTTGAACACCTGCCCGGCGACGAGCCCGCCCACGACGGAGCTGACGATGCCGACGGGGCGGTACAGGATCTTCGCGGACTTGCTGCCGTTCTTCTCCGGGGGGTGGTCACCGGTCGTCACGTCGTCCATCCCCCGACGCTAGGTCGGCTGCGGCGCTCTCGCTCGTCGCACGGCCACGGGCGGCCCGCCGCGGACGTCAGGCCGGCACGACGGCGCACCCCGCCGGGTCGACGACGACCCGCACCCGGTCGCCCGGCTCGACGACCGACGGGGCGCCCGCGAGCGCCACCAGCCGGGCGGGCGCACCGCCGTCGGCGCCGGGCAGGTCGACGTCGACGGTCACCTCGACCGCGCCGCGGCGGAACACGCTCCCGACGACGGTCGCGTCCCACGCGTCGTCCGACGACGGCACGCCCTCGCCCGCGAGCCGCAGGCCGCGCGGACCGACCGCGAGCAGGTTCCCCGGCCCGTGCGGGACGAACGCCTGGTAGCCGAGGAACTCCGCGACGCGGCGCGACCCGGGCGCGCGCCAGAGGTCCTCGGGCGGCGCGACCTGGAGGAGCCGGCCCGCGTCCATGACGGCGACGCGGTCGGCGACGGTGAACGCCTCGTCGTGGTCGTGGGTGACGAAGACGGCCGTCGTGCCGGTGGCGCGCAGGGCCTCGCGCAGGTCGAGCGCGAGGCGCTCGCGCAGCCCCCGGTCGAGCGCGGAGAGGGGCTCGTCGAGCAGGAGCAGGCGGGGGCGCGGCGCGAGCGACCGCGCGAGCGCGACGCGCTGGCGCTCGCCCCCGCTGAGCGTCGCGACCGCGCGCCGCTCGTACCCGGCGAGCCCGACGACGTCGAGCAGCTCGGCCACGCGCGCGTCGCGCTCGGCGCGCGGCAGCCCCGCGATCCCGTAGGCGACGTTGCCCGCGACGTCGCGGTGCGGGAAGAGCTGGCCCTCCTGGAACATGAGCCCGAACCCGCGGCGGTGCACGGGGACGCCCGTGAGGTCGCGGCCGTCCCACGCCACGGAGCCCGCGGCGACCGGCTCGAGCCCCGCGACGGCGCGCAGCAGGCTCGACTTGCCGCAGCCGCTCGGCCCGAGCAGGGCGAGCACCTCGCCGGGCGCGACGTCGAGCGTGACGCCCGCGACCGCCGTCGTGCCGGGGTCGGTGCGCGCTCCCCCGGTGCCGCGCCCGCCGTACCGCACGACGACGTCGCGCACCGCGAGCCCGGCGGTCTCCCCGGTGCCGGGGCCGGGGCGCGACGGCTCCGGCGTGCCCGCGGGCGCGGGGGCGGGGTCGGTCTGCACCATCAGAACTCTCCTCCGGGTCGGTCGCCGCGCAACCGCTCGGCGAGCAGCATCACGGTCGCGGTGAGCAGCGCGAGCACGACGCTCGCCGCGAGCGCCATGCCGTAGTTCTCGGCGCCCGGGCGCCCGATGAGCCGGAAGATCACGACCGGCAGGGTCGCGCTGTCCGGGCGGGCGAGGAACGACGTCGCGCCGAACTCCCCGAGCGAGACGGCGAACGCGAACCCGACGGCGAGGCCGAGCGAGCGCGCGGCGATCGGGCCGTCGACCGTGCGGAACACGCGCCCGGGCGCGGCGCCGAGGGTCGCGGCGGCCTCGCGCAGGAGCGGGTCGATGGCGCGCAGCGTCGGCAGGACCGTGCGCACGACGAGCGGCGTCGCGACGACCGCCTGCGCGATCGGCACCAGCAGCCCCGACGTGCGCAGGTCGACGTCGAGGCCGAGCGGCCTGTCGAGCGTGACGAGGAACCCGAACCCGACCGTCACGGCGGAGACCCCGAGCGGGAGCATGAACACCGAGTCGAGCACCGAGATCGCGCGCCGACCCGCGCGCGAGCGCGGGCGCCGGGACACGACGAGCGCCACGAGTCCGCCGATCACGACGGCGAGCACGGTCGCGAGCGCGGCGGTGCGCAGCGAGTTGCCCGCCGCCTCCCACACGGTGACGGACAGGGCGTTGCGCCCGCCCGTGGTGCCGAGGTTCGCGTAGTTGTCGAGACCCCAGCCGCCGCCCGGGACGCGGAACGAGCGCACCACGAGCGTGCCGAGCGGGAGCCCGACGAGCACGACGACCACGGCCGCGGTGAGCGCGGCGGGCGCGAGGTCGCCCGTCGGGCGGCCGTCGCGCCACAGGCGCATGGGGTGCGCGGACGACGCCGAGGACGACAGGTTCAGGGCACGCTCGCGCCGGGCCCGCGTGCGGTTCGCGACCGAGAGCGCCGCCGCGACGACCACGAGCTGCACGACCGACAGCACCGCCGCGGTGCGCAGGTCGAGGAACTGGGTCGTTTGGATCCAGATCTCCGTCTCGATCGTCCCGTAGCGGATGCCGCCGAGCACGAGCACGACGCCGAACGCCGTCGCGCAGAAGAGGAAGACGATCGACGCGGCGCTCGTGATCGCGGGCGTGAGCGCCGGGAGCGTCACGGTGCGGAACGCGCGCCACGGCGTCGCGCCGAGGGCGCGCGCGGCCTGCTCGGCGCGCGGGTCGAGGTGCTCCCAGAGCCCGCCGACCGTGCGCACCACCACGGAGTAGTTGAAGAACACGAGCGCGACGACGATCGCCGCGAACGTCTCGTCGAGCCGCAGGAACCCGAGCGGGCCGCCCTGCACGAGCAGGGACCGGAACGCGACGCCGACGACGACGGTCGGCAGCACGAACGGGACCGTGACGAGCGCGCGCACGACCCGCCGCCCGGGGAACCGGCACCGGTA
NZ_CP136680.1_gap84	3755616	3756698	1082	GCACGAAGACCTGGTCCGCGTCCTGCGCGAGGAACACGTCGCCGCTGCCCGAGACCTTCATGAGCGACATGCCCTCGCCCGTGAACGCCTTCTTGAACATCTTGCCGAGCCCGCCGCTGCCCTCGTACGCGAAGTCGACGTCGCCCTGGTAGGCGACCATCGAGCCCTGCTTCGCGAAGAAGAACCCGCCCGTGCCGCGGAGGTCGACCTTGAGCATGCGGTCGTTCTGGAGCTGGAAGCTGCCGGGCTCGACGGAGCGCTCGGCGTGGTCGAGGAGTGAGCTGCGCATGGGTCGATCCTCGCGGTCGCGGGCCGCGAGCGCACCCGAGCCCGCGGCCGACCCCGAGCGTGGCGCCGTGCGCTGCGCCGCGTGCGAGAGTGGCGCCATGAGCTTCACGCACCTCGACGAGCGCGGGCACGCGCGGATGGTCGACGTCACCGCCAAGCAGCCGACCGTCCGCTCCGCGACGGCGACCGGGACCGTGCGGTGCTCCCCGGAGATCGTCGCCGCGCTGCGCGACGGGACCGTCCCCAAGGGCGACGTGCTCGCCGTCGCGCGCATCGCCGGGATCGCGGGCGCCAAGCGGACGGCCGAGCTCCTGCCGCTCGCGCACGTCATCGGCGTCCACGGGGCGGTCGTCGACCTCGTCGTGGGCGACCACGGCGTCGACGTCACCGCGACCGTCCGGACCGCGGACCGCACGGGCGTCGAGATGGAGGCGCTGACGGCCGTCGCCGTCGCGGGCCTCGCGGTCGTCGACATGGTCAAGGGCCTCGACAAGTCCGTCGAGCTCACGGACGTCCGCCTCGTCGCGAAGACCGGTGGCAAGTCCGGCGACTGGCACCGCGAGCCGTGACGGCCCACCCCGACGACGGGTCGGCACCCGACGCGCCGGGTCGGCACCTCGAGCTGCCGATCCCCGCGCGGGGTGCCGAACCGTCCCTCGCGTTCGACGCCGTCGTGCTGGCCGGGGGCCGGGCGGAGCGGCTCGGGACGCCCAAGCCCGGGCTCGTCGTCGGGGGTCGGCCGCTGCTGGAGCACGCGCTCGCGGCGACGGCGGGCGCGGGGCGGACGGTCGTCG
NZ_CP136680.1_gap85	3759401	3764034	4633	GCCCACTTCATGACCGAGGCGCGCTACCGCGGTCAGAAGGTGATCGTCGTGTCGCCCGACTACGCGGACAACACGAAGTTCGCCGACGAGTGGCTCGCCCCGCACCCGGGCACCGACGGCGCGCTCGCCCAGGCCATGGGCCACGTGATCCTCACGGAGCACTACGCGCAGCGCCGCACCCCGCAGTTCGCGCAGTACGCGGCCCGCTTCACGGACCTCCCCCACCTCGTCGTGCTCGAGGAGCACGACGACGGCTCGGGCACGACGTACGTGCCCGGGAAGTTCCTCACCGCGGCGGACCTGCCCGACGGCGTCGGGCGCCCCGGCGACGACGACGCCGGCTCGGCGAACGCGCGCTTCAAGACCGTCGTGCTCGACGCGGACGGCACCCCGCGCGTCCCGCACGGCAGCCTCGGCCACCGCTACGGCGAGGCCGACGCCGGGCGGTGGAACCTCGACCTCGGCGACATCGACCCGCTGCTCTCGGTCGCCGACCCGCACGGCGTCTTCTGGGGCGCGCCGCAGGCCGCGCCCACCCGCGACTCGGTCCCCGACCGCCCGGTGTCGCCCGACCGCGGCTCTACCTCGGCAGACCGCGGCTCTACCCCGGCGGACCAGGGCTCTACCCCGGCCGGGCTCTCGTACGAGACGGTCGCCGTCGGGCTGCCGCGGTTCGACCTCGACCCGGCCCCGGGCGACGACGCGGGCGCGCACCTGGGCGGTGCGGGCGTCGTCGTGCGCGGCGTGCCGGCGCGTCGCGTCGGCGGGCGGCTCGTCACGACGGTGCTCGACCTGCTGCTCGCGCAGTACGGCGTGAACCGGCCGGAGCTCGGCCTGCCGGGCGAGTGGCCCGCGGGCTACGACGACGACGCGACGCCCGCGACCCCGGCGTGGCAGGAGCGGTTCACGGGCGTCCCGGCCGCGGCGGCCGCGCGCATCGGGCGCGAGTTCGCGCAGAACGCGCTCGACTCGGGCGGGCGCTCGATGATCATCATGGGCGCGGGCACCAACCACTGGTTCCACTCCGACACGATCTACCGCGCGATGCTCGCGCTGACCACCCTCACGGGCTGCCAGGGCGTGAACGGGGGCGGGTGGGCGCACTACGTGGGGCAGGAGAAGTGCCGTCCCGTCACGGGGTGGGCCCAGTACGCGGGCGGCCTCGACTGGTCACGACCGCCGCGCCAGATGATCGGCACCGCGTTCTGGTACCTCGCGACGGACCAGTGGCGCTACGACGGCCTGCCCGCGGACGCGCTCGCGTCGCCGCTCGCGCAGGGCCAGTTCTCCGGGCGCACGACGGCGGACACGCTCGTCGAGTCCGCGCAGCGCGGCTGGATGCCGAGCTACCCGACGTTCGACCGCAACCCGCTCGACCTCGTGGACGAGGCCCGCGCGGCGGGCAAGGAGCCGGCGCAGCACGTCGTCGACGAGCTCAAGGCCGGGAACCTCCGGTTCGCGTGCGAGGACCCCGACGACCCGGCGAACTTCCCGCGCGTCGTCACGGTGTGGCGCGCGAACATCCTCGGGTCGTCGGGCAAGGGCAACGAGTACTTCCTCCAGCACCTCCTGGGGACGGACGCCGCGGTCAACGCCGCGGAGTCCGGCCCCGAGCGGCGCCCGCGGTCGATGACGTGGCGCGAGGAGGCGCCGCGCGGCAAGCTCGACCTGCTCGTCACGCTCGACTTCCGGATGACGTCGACGACGCTGTTCTCGGACGTCGTGCTCCCCGCCGCGACCTGGTACGAGAAGCACGACCTGTCCTCGACGGACATGCACCCGTTCGTGCACTCGTTCAACCCGGCGATCGACCCGCCGTGGCAGACGCGCACGGACTTCGACATCTTCCACACCGTCGCGGCGAAGGTCTCCGAGCTCGCGGTGACGCACCTCGGGGTGCGGGAGGACCTCGTCGCCGCCCCGCTCGCGCACGACACCCCGGACGAGATGGCCGTCCCGCACGGCGCGCTCACCGACTCGGGGCAGCCCGTGACCGAGCGCGAGCTCGTGCCGGGCGTGACGATGCCGAAGCTCGTGGTCGTCGAGCGCGACTACCCGGCGTTCGCCGCGCGCATGGCCGCGCTCGGCCCCCTCACCGAGAAGGCGGGCATGGCGACCAAGGGCGTGCAGTTCTCGCCCGGGCCGGAGGTCGCGGACCTCGGCCGGCGCAACGGCCTCGTGCCCGACGGCCCCGCCGCCGGACGTCCGCGCCTCGACCGCGACACGCACGCGTGCGAGATGATCCTCGCCCTCTCGGGCACGACGAACGGTCGCCTCGCCGTGCAGGGCTTCGAGCACGTCGAGCGCCGCACGGGAACGCCCCTGGCGGACCTCGCCCGGGGCGAGCAGGGCAAGCGCGTGACGTTCCCGGACGTCCAGTCCCGCCCGACGCCGGTCATCACCTCGCCCGAGTGGTCGGGCTCGGAGCACGGCGGGCGCCGGTACTCGGCGTTCGTCGTCAACGTGGAGCGGCTCAAGCCGTGGCACACCCTCACGGGTCGGCAGCACTTCTACCTCGACCACGACTGGATGATCGAGCTCGGCGAGCACCTGCCGGTCTTCCGGCCGCCGCTCGACATGCACCGGCTGTTCGGCGACTCGCCCGTCGTGGGCGACACCTCGCCGTCGGGCTACCCGGGGTCCGCCGGGCACGCGGAGGTCGCGGTGCGGTACCTGACCCCGCACAACAAGTGGGCGATCCACTCGGAGTACCAGGACAACCTCTTCATGCTGTCGCTGTCGCGCGGCGGGCCGGGCATCTGGATGAGCCCGGCCGACGCGGCCAAGATCGGCGTCGTGGACAACGAGTGGATCGAGGCCTACAACCGCAACGGCGTCGTGGTGGCGCGCGCGATCGTCAGCCACCGGATGCCCGAGGGCACGGTCTACATGTTCCACGCGACCGACCGCACGATCGACGTCCCGCTCGCCGAGACGTCGGGCCTGCGCGGCGGGATCCACAACTCGCTCACTCGCATCCTGCTCAAGCCGACGCACCTCGCGGGCGGGTACGCCCAGCTGTCGTACGCGTTCAACTACCTCGGGCCGACCGGGAACCAGCGCGACGAGATGACGGTCGTCCGGCGCCGGAGCCAGGAGGTGCGGTACTCGTGACGCGGACGGACGCAGCAGGCGGCCTCGGGCCGGCCGGCCGGGAGGGGGTGGCGTCGTGCGGGTGATGGCGCAGATGTCGATGGTCATGAACCTCGACAAGTGCATCGGGTGCCACACGTGCTCGGTGACGTGCAAGCAGGCGTGGACGAACCGCACGGGCGTGGAGTACGTGTGGTTCAACAACGTCGAGACGCGTCCCGGGCTCGGGTACCCGCGCACCTACCAGGACCAGGAGCGCTGGCAGGGCGGCTGGGTGCGGACGAAGAAGGGCCGGCTCAAGCTCCGCGCCGGCGGCCGCCTGAAAAAGCTCGCGACGATCTTCTCCAACCCGAAGCTCCCCTCGATCCACGACTACTACGAGCCGTGGACCTACGAGTACGACATGCTGCTCTCGTCGCCGCAGGGGCAGCACACGCCCGTCGCCCGGCCGAAGTCGCTGCTCACGGGCGGTGACATCAACATCTCGTGGTCCGCGAACTGGGACGACGACCTCGGCGGCTCGACCGCGACCATGCAGGACGACCCCGTGCTCCAGCACATGTCGGAGCACGTGGCCACGGAGCTGGACAAGACGTTCATGTTCTACCTGCCCCGCATCTGCGAGCACTGCCTCAACCCGGCGTGCGTCGCGTCGTGCCCGTCGGGCGCCATGTACAAGCGGGCCGAGGACGGCATCGTGCTGGTCGACCAGGACCAGTGCCGGGGCTGGCGCATGTGCGTCACCGGGTGCCCGTACAAGAAGGTCTACTTCAACCACAAGACCGGCAAGGCCGAGAAGTGCACGCTCTGCTACCCGCGCATCGAGGTCGGCCTGCCGACCGTGTGCTCGGAGACGTGCGTCGGGCGCCTGCGCTACCTCGGCCTCGTCCTCTACGACGCCGACAAGGTCACCGAGGCCGCGAGCGTCGAGGACGAGCACGAGCTCCTCGCCTCGCAGCGCGCCGTCTTCCTCGACCCGAACGACCCGGAGGTCGTGGCTGCCGCGCGTGCCGAGGGCATCCCCGACGACTGGATCACGGCCGCCCAGCGCTCGCCGATCTGGGACCTGATCTCGCGCTACGAGGTCGCGCTGCCCCTGCACCCCGAGTACCGCACGCTGCCGATGGTCTGGTACATCCCGCCGCTGTCCCCCGTCGTCGACGTCGTCGCCGCCTCCGGGAACGACGGCGAGGACGGGCGCACGCTGTTCGCCGCGATCTCGAAGATGCGCATCCCGCTCGAGTACCTCGCGGGGCTGTTCACCGCGGGCGACACCGCCCCGGTCGAACGGGTGCTGCGCCGTCTGGCCGCCATGCGGTCGTACATGCGCGACATCAACCTCGGCCGCGAGGCCGACGAGCGGACCGCGGCCGCGGTCGGCATGACCGGTGCCCAGGTCGAGGAGATGTACCGCCTGCTCGCCGTCGCGAAGTACGAGGACCGGTACGTCATCCCGACCGCGCACACCGAGATCGCGCGCGAGCTCGACGAGCTCGGCAGCCGTGACGAAATGTCATGTTCCCTCGACTACGACGGCGGC
NZ_CP136680.1_gap86	3773810	3776945	3135	GACCGCCCGGGCAGCTGCCCGGGCGGTCCTGGCGTCTCTGGACGTCAGCTCCGGTCGGTGAAGACCGGGGCGTAGGCGTCCGGGTCCGCGACCCAGGACTTCCGGCGGAAGCGCTGGAGCGACAGACCGAGCAGCGTCAGCAGCCCGGCCATGACGAGCAGACCCAGGTCACCGCCCGCGCCCGTCGTGGCGAGGGCGGTCGGGCCCGACGCCGTGACGGCACCGGACGCGGCGGTCACCGCACCGGTCGCGGCACCGGCCGAGGTGCCCGTCCCCGTGCTCACCGGGTTGAGCACCCGGGTCACCGAACCGCCGGTCGTCCCCGGGTCCGCCGGGCCGGTCGGGCCCGTGGGGCCCGTGGGGTCGGTGGGGTCGGTGGGGTCGGTGGGGTCCGTCGGGTCGGTCGGGTCCGTGGGGTCCGTCGGGTCGGTCGGGTCCGTGGGGTCCGTCGGGTCGGTCGGGTCCGTCGGCACGACGGCGGACGTCGGGCACCCCGCCGAGGCGTCGCCCAGGAGGCCCACACCCACGCCGCAGACCGTCACGGGCACGGTCACCGGCAGGTCGACGTCCAGGTCGGGCAGCGCCCCGAGGACGCCGTCCTCACCGAGCACGCCGTCCAGCACGCCGCCGTCGCCCAGCAGCCCGTCCTCGCCCAGCACGCCGTCGAGCAGACCGTCACCCGACGAGCCGCCGAGCAGGTCGTCCACGAGGCCGTCCTCGCCGAGCACGCCGTCCAGCAGGCCGTCGCCCTCACCGAGCAGACCGCCCCCGAGGAGGCCGTCGCCCAGCAGGTCGTCGACGAGGCCGTCCTCGCCGAGGACGCCGTCGAGCAGGCCCGAGCCGTCGGTGCCGGTCGAGCCGGTCCCGTCGCCCGAACCCTCGCCGGCCGTCCCGCCGCCGACCGTGGCGTCACCGCCCACACCGACGGCGACACCCGACACGTCCACCGGGACGGTCACCGGCACGTCGAGGTCCACGCCGGACGCCTCCTCGCCGGTCGAGCCGTCGGCGCCACCACCGGCCGCGGGAGCCGACGGCTGCGCCGGAGCCGGCGTCACCTCCGCGTCACCCAGGACACCGGCAGCGACTCCCGACACGTTCACCGGGACGGTCACCGGCACGTCGACGTCCACCCCGGCCGCCTCCTCGCCGGTCGAGCCCTCGGCGCCACCACCGGCCGCCGGAGCCGACGGCTGCGCCGCCGGAGCCGGGGTCACCGCGGCGTCACCCAGGACGCCCGCAGCGACGCCCGACACGTCCACCGGGACCGTCACCGGGACGTCGAGGTCGACGTCCGCCGGGTCCGCCCCCGTAGCAGGAGCAGGCTCCGGCGCAGGAGCAGGCTCCGGCGCGGGCGCCGGCTCGGCCGGTGCCTGGGTCACCGCGGCGTCACCGAGGACGCCGGCCGCGACCCCGGACACGTCCACCGGGATCGTCACCGGCACGTCGACGTCCACGTCCGCGGGAGCCGCCGGGGCGGGCGCGGGTGCAGGTGCGGGAGCCGGTGCCGGTGCCGGCGCGGACGTGACGGCGGCGTCGCCCAGGGCGCCCACCGCGACGTCGGACACGGTCACGGGGACGTGCACGGGCACGTCGACCGCGACGTCGGGCAGGACCTCGGTCACCTGGCTCAGCGGAGCCTCGACCGACACGTCCAGTCCGAGATCGCCGAGGAGGTCGCCCTCCGCTGCGTGGGCCGCTCCGGCCCCGACGACCACGAGGCCGCCTGTGACGAGCGCTGTGCGCAGCGCGCGCCGGACGAAGGTGTGCATGATCGTTTCTCTTTCCTGCTCAGAAGTGGCTGGCGCACGACGGCGCCGGGTCGCGTCTGCCGCGCTCGGGGCGCGACGCGAGCCACGTCAGGCAGGAGAGACGGGAACCTCGAAGAAGGTCGAGGGGTGCTTCGACCGCGCGTCGTCCACGACGGCGGTCCAGGAGGAGAGCGCGGGGGCGTCGGCACCGCTGCCGACCGCCGCGAGCTCGCCGCCCGCCCCGGCGCGCTGCGCGCTGCCGGAGGGCGAGGGAGTGGTGCCGGGGCCGCCGTCGGAGGGGACGCCCCCGGGGCCGGCCGGCCCGTCGGAGGGCAGCGCCGCGCCCGGCGGCGCGCCGGTCGGTGCGACGTCGACCGCCGCCGTCCGGGCGCGCGCGTCCCGCGCTGCGGCGACATCCTCGGGGCCGCCGCGGCCCGTCGTGGTGGCGCTGGGCTCGGCGGCCGCCGGTGCGGCGGGCGGGAGCGAGGGGACGGCGGTCGCCGACGGCACGGCCACGGCGCCGCCCGGGTCGACCGCGCCCGGCGTCGACGGGACGCCGACCGGCGGGTCGTCCGCGCCGGGGGTGCCCGTGCCGGGGGTCCCGGGAAGCAGCGGCGTCAGCGGGTCCAGCGGAGCGAGCGGGCCCGTGATCGGGCCGAGCACCGGGTCGGTCACGGGGGCCAGGACGTCGAGGACCGGCGTCAGCGCCTCCAGGACCGGGGTCACCGGGTCGAGCGCGGGCGAGACCGTCTCGAGCACGGGGTCCACCACGGGGGCGACCGCCTCGACGACGGGCGTCGCGGCCGGCACGACGGCGTCGAGCACCGGCGTGGTCACGGGCGCGACGGCGTCGGTCACCGGCTGCACGACGGGCGCCACCGGCTCCACGACCTGCTCGACCACGGGGGCGACCGGCTGGACGACCTGCTCGACCACCGGGGCGACGGGCCGCGCGACCTCCTCGACCACCGGGGCGGCGGGGGTGACGACCTTCTCCACGACCGGGGCGACGGGCTGGACCACGGGTGCGACGACGTCGCGCACGACGGGCTTGACCACGTCCTGGACGACCGGGTCGACGACGGTCTGCACCGTGGACGTCACGGGCGAGAGGGCCTTGCCGAGTCCGAGCGGGTCGTCCGCGGCGGACGCGCCGCCCGCGGTCGCGACGGCGAACGCGAGGCCGGCACCGAGACCGCCACCGGCGACGAGCGCGCGCACGAGCCAGCGACGGGCGGCCGGTGCGCGCCTGCCCTGCGCGTCGTGAGTCGCGTCCATCGTGTGCCCCGTGGGTCGTCGGTGCAGCGAAGGGGCGGGCCGTGGGGCCCGTCCGAGGTCACGGTAGGCACGGGAGTGTGACGCTCACCACTCGACGCGCCGGATT
NZ_CP136680.1_gap87	3823913	3826782	2869	CGGCTCGTGCCCGGCCCGGTGGCCGGGGAGGTGGGGCCCGGCGCGGCGCCGCGGGGCGCGCCCGAGGAGCCCGGGGACTCCGGGGTGAGAACGGTGGTCACAGCACAGGTCCGCTCGTCCGAGGGTGCAGGTCACGGCCGGCGCGGCACCCGTCCTACGGGTGGGCGGCCTCTCGGAGCATAGGAAGCGGCGGCGCCGGTTTTGTCCGGGAATGGGCGGGTGCGGGGACGGGCGTCGGGCAACGTTCACCGAGCCGTGCCCGCCGCGCCACCCGCACCTGTGGAGCGGTCACGTGGTGGACACCTCGTGACGCGTCGTCCACAGGGCGGGACGGACGGTTCCGCCTCGCGCGGCGTTTCGCTAGGTTCGTGGCGTTCGCGCGGTGCCGCCCGGTCCGGGCCGCGCCGCCCGGTTCGCGGGCAGGGGGTCTGGTGAGTCGTGCGCGTCATGCGCCGGTCGGAGGACGACCGGCAGGAACGGTGGGGAGCGCCCGAGCGCTCCGGTCGAGGAGCAACGCCCGACGGCGAGCGCTCGCCCTGGGCGTCGTCGTGACGGCCGGGTGCCTGGTCGCCGGCTGCACCGGCGGGGGTGAACCCGCACCGTCACCTCCGGTCGAGACGTCGGCCGAGGCGTCCGTCACGGAGACACCCGAACCCGAGCCGACCACGACCGGGCCGCCTAAGCCCGAACGACCCGCGGCCATGGAGCGCGACGACGCCGAGGGTGCTGCTGCGGCGGCGGAGTACTTCCTCGAGCTCTACGACGACGTCTTGACGACTGGCGACACCACCGAATGGGATTCGATGTCCTGGACCGAGACATGCGAGTTCTGCACAAACGTCTCTGCTGACGCAGCAGAGATCGCGTCGTCTGGAGACGACTACGCAGGATCAGCAATCGCGCTCAGCAACATCAACGTCGGCGAGCTCGACACACTGATCGGCGGATACCCGGTCACGGCCGAGTTCAAGCAAGACGCGCTCGTCCGAACCGATAGCGCCGGAACGATCGTCGAGAAGAGTGGTCCGAGCGACGGCCGACTACAAATCGACATGCTGCATGACGGTGCAGGTTGGCGGGTCCTGTCACTGACGGTTGAGGACTGAAAGTGGCCGCGAGATGGTCTAGGCACATCCTCGCTACCTTCGCCGTCCTTGGAGTCGCTCAGTTCGCGGCCACGGCGGCGGCAAGCGCGGTCGAAGAAAGCGAAACAACGCTCCGTGGTAATGCGCAGAAGAACAACGTGCTGGTGGACGGGCGCCGCGATGTCACGCTAGACGGTGGAGAGCGAGCCCCTGGCTCCGCTGACGACAGCCCGTCTACAGAGGCGTTTCGGCGAGGTCCTGCCTACCGCTGCTTCGACGGCGACACCGCGACGACGTTTCCGGGGCTGGTGCAGGCATGCCCGGGCGGACAGACCCCGGTCGACCACACCCAGGAGTGTGCCGCGGAGGAGTTCGCCATGGACCCGCTCTTCCGCCAGACGTGGACGAACGCCGCCGACGGGTCGCGCAGCGCGGTGTCGGGCTGGGAGTTCGTCGACGACGGCTCGTGCGTCGGCGCGGCGGACCTCACCGCCGAGGCCGAGGCGGCGTTCCGCCAGCTCACCATCGCGCCGTCGCCCGTCGTCGTGCAGCCGCCGGACGGCTGGACCGTGGTCAACGTGCCGACGATCACCTACACCGAGCCCAAGGAGCAGGTGCTCGACACGACGCTGCTCGGCATCCCGGTCCAGATCCGGGCGACCCCGCGATCGTTCACCTGGGACTACGGCGACGGGAGCGGTCCGGTGACGACAACCGACCCGGGCGCCGCGTACCCGCACCACACCGTCGCGCACACGTACGACCAGCCGGCGGACCGGGTGACGATCACGCTGACCACGACGTGGTCCGGGCAGTTCCGGATCACCGGCACTCCCGACTGGACCGACGTCACGGGCACCGCGACGACGACGAGCGCGGCCGACCCGCTCCAGGTCTACGAGGCCAGGTCGCGCCTGGTCACCGACGACCTCCCGGGCGGTTGACGCGCACCGCCGCGCACCCCTGCCCCCGGCGTCCGGGTGCGGGGTGCGCGGCGGTGCAGCGAGCGCGGGACCGTGTCCGTCCGTGGCTCCGGCACGTCGCGGCGGCGCGGGAGGGGACGCCTCGCGCTCAGCCGAGCGACACCTCGACCCCACCGGAGAAGAAGGAGTCGTGCAGCGTCACGCTCGCGGGCACGGCGTCGGCGGGGACGTCGAACACCACGGTGCCCTCGACGCTGTTGCCCGGGTTGATGTCGGTGAGGAACGAGTTCGCGTCGCCGAGGTAGATCGCCGCGCTGGTGTCGGCGGAGTGCTCGCGCCCGGCGGTGTCGACGAGCTTCTGGCTGCTGCCGTCGAACATCTGCGCCTGGTCGCCGATGTTCGTCACCGTCACGTGCACGAGCACGAACTGGCCCTGCGCCTGCGCGTTGAGGAACTCGTCCCCGACGGTGGGGACCCCCGTCTCCACGGACGTCACGGTGAACTCGAACTTGCCGTCGCGCACCGGCGTGCCGACCACGGCCGCCGCGGGTTCCGGAGCGGGCTCCTCGGCAGGCTCGTCCGGCGCCTCGGGGGCGGGCTCGGCGGGATCCTGGGGAGCGCTCGACCCCGCGACCGGTGCCGGCGCCTGGGGCTCGTCCCCTCCCCCGCCACCGAGCGCGGCCCCGATCACAGCGAGGATCACGACCACCCCGAGGCCCGTGAGGATCTTGTGCCGCGCGAACCAGCTCTTGCGCGGCGGGACGCCCGGCGCCTGCCCCGCGAACGCTGCCGCACCCGGCTGCCCCGGAAAGCCCGACTGACCCGAGATGCCCGGCTGACCCGGCTGACCGGCCCAGCCCG
NZ_CP136680.1_gap88	3873560	3877013	3453	GCTGGCGACGGCGGTCGGCCCGGTCGTCGCCCGCGCGGTGCTCCGCGAGGTCCGCACGCTCCCCCTGCCCGACGCCGCAGCGCGCGTGGGGGCGCTGCACCTGACGCTCGCGCGCGAGCGGGACGAGGCGCTCGTCGCCCGCCGCGCGCTGCTCGCGATCCGCGCGGAGGGTGGGCCCACCGGCGAGGCCGGACCCGACGAGGGCAGCCCGTCCGTGAACGTGCCCGCGGGTGCGGCCGGCGACGAGGACGACGTCCTCACCATCACCGGGCTCGCCGCGGCGCTCGGCGTACGGGCCTCGACGCTGCGCCACTGGGAGCGCGAGGGGCTCGTCGCTCCCGAGCGCGTCGCGACGCGCGCCGGGACCCACGGTGCGCGCGCCTACCCGCCCGCCGCCGTCCGGGAGGCGCGGATCACCGCGGCGCTGCGGTCGGCCGGGTACCCGGTCCCGGCGGTCCGCGAGACGATCGCGGCGCTGCGCCGGCTCGACGACGTCGCCCCGACCCTCGCGGCCCTCGACGCCCGGCTCGACGCGATCGCGCGCCGCACCGTCGCGCTGCTCGCCGCGGGGTCCGACGTCGCACGGCTCCTGACGGGCGCGACGGAGCCGTCCGGGTGAGGCTCGGGGGGATGCCGAGGGGGCGGCGGCGTCCCGACACCTGACCGTCCCCGAGGCGTCGCCCGGCGTCCACCGGAGCGCAACGCCGCGTTCCTAGGGTCGCCGGGGCAACCGACCCGACGCTCGGAGGACCCGATGACGACCACCCGACGCCGCGCCGTGCGCGGCACCGCCGCCGCACTGGCGGGGACCCTGCTCGCGACGACGCTCGTCGCCGCCACGGCCACGACCGCGACCGCGCCGTTCGCGGCCCCGGCCGCCGCCGCACCCGGCGACGTGCTGCTCGCCGAGTCGTTCGACGGCGACGACCTCCCCGAGGGCTGGACGCCCGTGCTCGGCGACTGGCAGGTGCGCGACGGCCGGCTCGTCGGCGACGCACCCGACGGGTCGTCGCCCGCGCGGATCGTGTTCGGCCGCGCCGCGGAGAACTACCGGCTCGACGCGACGCTCCGGTTCGAGAGCGTGGACAACGCGTCGCGCTGGGCGGGCGCGATCCTCGACGTCGCGCCCGACGGCACCACCCCGTGGTGGCAGGCGGTCCTGCGCACCACGACGACGGCGCCCAACGGCGTCGAGATCGCCCAGCGCACCGCCGCGGACGCCTGGAACGTCCCGTACACCGGCTCGGCGCCGACCGACGCCGCGACCGGGCGCGACGTGCACCTGTCCGTCGAGGTGCAGGGCGCGGCCGTCACGTACGCGCTCGACGGGCGGACCGTGCTGGAGGGGCGGATCGACCGGTCCCGCGACGGCGCGCTCGGCTTCGTCACCGCCGGGGCGACCGTGAGCGTCGACGACGTGACCGTCACGGAGATCGAGCCCGCGTCGTACGTCGGCGGCGACGGCGAGCTGCCCGTCACCGTCGCGCACCGCGGCTACTCCTCGGTGGCACCCGAGAACACGCTCGCCGCCGTCGCGGCCGGGATGCGCACGGGGGCGGAGTACGTCGAGGTCGACGTGCACACCACGGCCGACGGCGTCCCCGTCGTGCTGCACGACCAGACGGTCGACCGCACGACCGACGGCACGGGCGACGTCGCCGTCCTGGCGGGCGAGCAGGTCACCGCGCTCGACGCCGGGTCCTGGTTCTCGCCCGCGTTCGCCGGGCAGCGGCTGCCGTCGTTCGCGCAGCTGCTCGACCTGCTCGAGACCGGGTCGTCGTCGACCCTGCTCCTGGAGATCAAGGGGCCCGAGACGTCCGCGGAGGTCGAGCGCGTCGTCGACATGGTCGTGGAGGCCGGGCTCGAGGACCGCGTGGTGCTCCAGTCGTTCGACGTCGACGCGCTGCGCGCCGCGCGCGAGCACGCCCCGCAGATCCCGCGCGGGCTGCTCCGCGGCGCGCTCGACGCCGACCCCGTCGCCGTGGCGCAGGACCTCGGGGCGGTCATGTACAACCCGTCGGCGAGCGCGCTGCTCGCGCGTCCGGGCGTCGTCGCCGACCTCAACGCGGCGGGCGTCGCCGTCATGCCGTACACCGTGAACTCCGCGGCCGACTGGGCGCGCCTCACCGAGATCGGGGTCGACGGCATCATCACCGACCGCGCGGGGGCGTTCGTCGGGTGGAAGCAGGCGCGCGAGCAGGAGGCGCCCGCGCCCGGCGCGCCGACGGTCACGATCGTCAGCCCCGCGGAGGGCACCGAGGTCGAGCGGGGCGGCACGCTGGTCGTCGCGGCGAGCACGACGGACGCGGACGAGGTGGTCGTGACGGTCGACGGCGAGCCCGTGGACAACGGGGCGGTCGTCCCGGCCGCGGACCTCGCCCTCGGCGAGCACACGGTGACGGCGACCGCGCGGGGCGCGGGCGGCGAGGCGACCGCGGAGACGACCGTCGTCGTGACCGTGACGCCGGAGGGCCTGCGCTCGCGCCTCGCGGCGCTCGACCTCCCGCCCGGCCAGCTGACGAAGGCGCTCGACGCCGTCGAGGCCGGGCGGTGGGCGTCGGTGCGCAAGGTCGTGGAGAAGTTCGTGCGCGACACGGCCACGCGCGAGCGTCTGCTCGAGGAGGTCGACCACCTCGACGGCCGCTGACCGGGCAGCCTGACGGGGCGCCTGACATCGACCGGGCCGCTGCGCGCAGCGGCCCGGTACGTCGCCCGTCCCCGGTCGGAGCCGACCGGGGACGGGCGCTCACGCGTCGGCGAGGAAGCGTCGCCGCTCCCCGCGGGCGGACCCGGCCCGCACCCAGCCGGTGAGGACGAGGGCGCCACCCGCGACCCACGGGACGACGTCCCACCCGGGCGGTCCGTCCGACCCGACGACGGCGCCGTCCGTCGCGAGGATCGCCGCCCCGAGGCCGAGCAGCGCGAGGCCCAGCACCAGCAGGACGACGTCCCACGCCGCGCTCCCCGCGCCGCGCCGGGGCGCGCGGGCGACGAGAGCTGCCTTCTCGGTCGCGGTGAGCGGCGCCGTCGGGCCGAGGGGCTGGACGCGCTCGGCGCCGTGCCGGAACCGGGCCGGGTCCTCGACGGCCTCGACGAGCGCGGCGGGCAGCCCGAGGAGGTAGGCGAGCTCGGCGACGGGGTCGCCGGGCCAGGTCGACGAGGCGAGCAGCGCGCGCAGCCGGCCCGGGTCGCGCGGCGCGCCGAACGCCTCGACCAGGGCCTCGTACGCGCCCTCGGGGCCGGACGTCGAGAGGTCCGTCCAGGTGTCGTTCCAGCTTCCGAAGACCCACGGGCGCCCCGGCGTGCTGAGCGTCCAGGCGACGCCGCCGCCGGTCCGTTCCAGGCTGACGACGACCTCCCCGGCGCGCAGGCCGCGCTCGATCGTGGACCGGGCGCGGAACTCGCCCGAGAGGGCTGAGCGGAACGCCTCCTGCGCCTCGTCGTCCGACGCGC
NZ_CP136680.1_gap89	3880951	3883965	3014	GGTCGTCACCGCCGAGGCGGCGGCGGGCCTCGGGTGGCCCGCGTGCGTCGTCGGGCAGACGTACTGGTTCGAGCCCGTCCCGACGGACGTCGAGGTGGGCCCGCGCGGCGTGCTCTACGTGACGACGCTCCCCGGCGGGCCCGAGGACGCGAGCCTCGGGGCGCGCGGCGCGGTGTACACGGTCGATCCCTGGCGCGGCGCGGTGCGCCGGCTCGCCACCGGGTTCCTCGGAGCGACCAACCTCGCCGTGTCCGGCGACGGCACGGTCTACGTCGCCGAGCTGTTCGGCGGGAAGGTCTCGCAGGTCGGCAAGCGCGGGCCGAGCACCCTCGTCGAGGTCCCGCTCCCCGCGGGCCTCGAGTGGGACGGCAAGGGCCTGCTCGCGACGACGAACGCCCTCCCGGCGGACGAGACGACGCCGCCCGACGGGCACCTCGTGCGCATCGACCTCGGCCGGCACGGCGGGCGCTGACGCACCACCGACCCCGGGCGTCGCACCGACGCCCGGGGCCGGTCGTCAGGCGCGGGCCGCGGCGACCGCCCGGCCGAGCGCGTCGACGCTCACCGCGACGTCGGCGTCCGTCGTCGCCCAGGAGCTCACGGAGACGCGGAGCACGGCGCGGTCGTGCCAGCGCGAGCCGGACATCCACGCGGTCCCGTCGTCGAGCACGCGCCGCACGACGTCCTGCGTGCGCGCGTCGTCGCCGAACGCCGCGCACACCTGGGTGAACACGACGTCGTGCAGCACCTCGCCCTCGAGCGCGCGCACCGCGTCGGCGAACGTCGCCGCGTGGCGGCAGAACCCGTCCACGAGGTCGGCGACGCCCGAGCGGCCGAGCGCCCGCAGCACCGCCCAGACGGGGAACGCGCGACCGCGCCGCGAGAGCTCGGGCACCTTGTCGAGCGGGTCGCCCGCCTCGCTCTGGATGAGGTAGTCGCCGTGCATGCCCATCGCGGCGCGCAGCGGCGCCGGGTCCGCGACGATCGCGAGCCCGCAGTCGTACGGGACGTTGAGCGTCTTGTGCGCATCGGTCGCCCACGAGTCCGCGCCCTCGTACCCCGCGACGAGGTGGCGGTACGTCGGCGACGCGGCGGCGAAGAGCCCGAACGCGCCGTCGACGTGCACCCACGCGCCGTGCCGGTGCGCGACGTCGACCGCCGGGCCGAACGGGTCGAACGCCCCGGAGTGCACGTTGCCCGCCTGCAGCACGACGATCGTGGGCGCCGGGGTAGGGCCCCGGTCCCGCGAGGTAGAGCCCCGGTCCCGCGAGGTAGAGGCCGGGTCGGCCAGCGCCTCCTCGAGCGCCGCGACCGAGACCCGGCCCTGGTCGTCCGCGGCGACGACCTCGGGCGCCCCGAGCCCGAGGTACGACAGCGCGAGGTCGACCGACTCGTGCCGCTCGGCACCGACGAGCACGCGCACGCGCGGCGCACCCGTGAGGCCGTCGCGCCGCACGTCCCACCCCGCGCGGCGCAGCACCTCGCCGCGCGCGGCGGCGAGCGCCGTGAAGTTCGCGGTCGTGGCGCCGGTGACGAACCCGACCGCGCCCGACGCGGGCAGGCCCAGCAGCTCGAGCAGCCACGCGCTCGTCACGTCCTCGACGGCCGTGTGGGCCGGGGTGACCGTGCGCAGCGCGGAGTTCTGGTCCCACGCGCTCGTGAGCCAGTCGGCCGCGAGCGCCGCCGGGTGGCTGCCGCCGATGACCATGCCGTAGAAGCGGCCCGACGGCATCGCGGTGAGGCCCGGCCCGCACGCCGTGGCGAGCAGGTCGACGACGTCGGCCGCCGGGCTGGGACCGTCCGGCAGGTCCGTGCCGAGCGCGGCGACGACGTCGGCGACGCCCGCCCGGGGCGGGACCGGGCGCGTCGCGAGGGAGTCGAGCCACGCGGCGGCGTGCTCGTGCGCCCGCAGGAGGGCGGCGTCGCGATCGTCCATGACCGCTCCTGACCGGGCCGGACCGACGCCGGCCCTCCCGCCAGGCTGGACCCGTGGGGAGCGCGGGTCAACCGCTCCGGCGGCAACCGGCACGTCCGTACTTCTTACGCCCAGGCAATCCCCAGGCAACACGCGGTCCCTAGCGTCGGGCGGGCCAGATGTTCCCCCCGACGGAAGGCCCCCTGTTGAGAACGTTCACCCTGACCCTGTCCGGCCGCGCCGTCGCGGCCGTCGTCGCGCTCGTGCTCGCGTGCGCCGCCCTCGCCGCGACGGTCGCGTACACCGTCGCCGACTCCCGGGCGTCGGCCGCCGCCGCGCGCGCCGAGGGTGCCGCGGCACCGGTGCTCGCGGCCGGTACCGCACCGGCCAACCCGCTCGGCATCAGGTCCGCGCAGTACGCGACCGCGACGGCGACCGCCGCGGCGGAGAAGCCGAAGGTCGTCGTCGTCGCGACCGGCGGCACGATGGCCGGCAAGGCGACCGGCCGCGACACGTTCACGAGCTACCGCGCCGGCACGTACCGCATGGAGGACATGCTGAACACGCTGCGGCCCGAGCTCGACGCGGTCGCCGACGTCACCGCCGTCCAGTTCGGCAACGCCGGCTCGTCCGGCTACTCGATGGAGCAGTTCCACGCGCTCACGCTCGAGGTGGAGAAGCAGCTCGAGACGGCGGACGCCGTCGTCGTCACGACCGGCACGGACACGCAGGAGGAGTTCGCGTACTGGCTCGACCTCACCGTGCGGTCGCGCAAGCCCGTCGTCACGTCCGGCTCGATGCGCCCGTGGGGGTCGGGCGCCGGGCCGGACTCGAGCCTCGTGTTCGGCACGGACGCGCCCGCGAACCTCTACAACGCGATCAAGGTCGCCGCGTCCCAGCAGACGTTCTGCTTCGGCACGGTGCTGATGCTCAACGACGAGATCCAGGCGGCCCGCGAGGTCACGAAGTCGAACTCGTACCGCACCGACACGTTCCAGACGCGCGAGTACGGCGTGCTCGGCTGGATCGACGGCGACAACGTCACGCTCGGCCGCGCCCCGGCGCGCGTGCTCGCGTGCGACACCGAGGAGTGGTTCAC
NZ_CP136680.1_gap90	3987714	3992579	4865	CTCGTCGAGTCGACCGGCGAGAGCGCGCACCTCGCCGTCCTCAACGGGCGCGAGGTCCTCTACCTCGTCGAGCAGCGCGCGCCGCGCCGCCCCACGCTCGTGACCGACGTCGACGTGCGCCTCCCCGCGCACCTCACCGCGAGCGGGCGCGCCGTCCTCGCCGGCCTGCCTGCGGCCCAGGTCCGCGCCCTCTTCCCCGGCGCCGCGGCGTTCGCCGACCGCACCGGCGTCGGGCCGCAGACCCTCGGCGCCCTGCGCGAGGTGCTGCGCGGCGTCCGACGGCGCGGCTGGGCGGAGGAGGACGGCGAGGTCACCCCGGGCCTCGCGTCCGTCGCGCACGCGGCCGTCGACCACACCGGGCTCCCCGTTGCCGGCATCGCCCTCACCTTCTGGGCCGACGACGCCCCGCCCGCCCGCCGCGCGGAGCTCGCCGCCGCCGTCGGGCGCGCCGCCGCCGAGGTGAGCCGCCGTCTCGGCGCCCGCACCACCCCGACCCGCCCGGCGGGCCCGACCGCCCCGAGGTAGAGCCCCGGTCTGCCGAGATAGAGCCGTGGTCTGGCGAGGTAGAGCCCTGGTCTTCCCCCTCGCTGAACCAGGGCTCTACCTCGCGGGACCGGGGCTCTACCTCGCGGGACCTGGGCTCTACCTCGGCGGACCGGGGTGGAAGCGGCGTTGCGTGCGGCCGACGTGCCGACTAGATTTTTCGGTATGCCGAACTTTTCGACGCGGAGGTCCGCATCCCGCGCTGCCGCAGCCGTCGCGCTCCTCGCCGCGGCGACGCTGAGCGGCTGCTCGAGCGCCACGGACGCGGGGGCGACCCCGCCCGACGACGGCCGGCCCGTCGTGCTCACGACGTTCACCGTGCTCGCCGACATGGCGGAGAACGTGGCGGACGACCACCTGCGCGTCGAGTCGATCACGAAGGTCGGGGCGGAGATCCACGGCTACGAGCCGACGCCCGGCGACGTCCGCAAGGCGGCGGACGCCGACCTCATCCTCGACAACGGCATGGGGCTCGAGGCGTGGTTCGGGCGGTTCGTCGACGGGCTCGACGTGCCGCACGTCGTCGTGAGCGAGGGCGTCGAGCCCATCGCGCTCGGCGACGACACCGCCGAGGAGTACCAGGGCAAGGAGAACCCGCACGCCTGGATGTCGCCCGTGAACGCGCAGGTCTACGTGCAGAACATGGCCGACGCCTTCGCGGAGCTCGACCCGGCCCACGCCGACGACTACGCGGCGAACGCCGCGGCCTACTCCGCCGAGCTCGCCGCCGTGCACGACGAGCTCACGACGGCGCTCGACGCGCTGCCCGAGGGCCACCGCGCACTCGTTACCTGCGAGGGCGCGTTCCCCTACCTCGCGCGCGACGCCGGGCTCGCGGAGAAGTACCTGTGGGCGGTCAACGCCGAGCAGCAGGCGACGCCGCAGTCGGTCGTCGGCGCGATCGAGTTCGTCGAGCAGCACGACGTCCCGGCCGTGTTCTGCGAGTCCACCGTCTCCGACGACGCGATGCAGCAGGTCGCGCGCGAGTCCGGCGCGGCGTTCGGCGGGACGCTCTACGTCGACTCCCTCTCCGCGCCCGACGGCCCCGTGCCGACCTATCTCGACCTCCTGCGCCACGACACCGAGACCATCGTCGCGGGCCTCACCGGCACCACCGCGGGCGGTGACGCGTGAGCGGGGGCGGGCGGGCGCCGTCGGGCACGCCCGCGATCGACGTGCGCGACCTCACCGTCCACTACGGCGACGTCCTCGCGCTCGACGGCGCGACGCTCACGCTCGGGGCGTCGAGCGGGCGCGGGACGGTGTGCGGGCTCGTCGGCATGAACGGCTCGGGCAAGTCGACGCTGTTCAAGGCGGTCATGGGCATGGTCCGGCCGGACCGCGGCACCGTCCTGGTCGACGGCGCACCCCCCGCGCGCGCCCGGCGCGCCCAGGCGGTGGGGTACGTGCCGCAGAGCGAGGACGTCGACTGGGCGTTCCCGCTGAGCGTGCGCGACGTCGTCATGACGGGCCGGTACGGCTACCAGGGCTTCACGCGGCGCACGCGGCCCGCGGACCGGGAGGCGGTCGAGCGCGCGCTCGCGCGCGTCGAGCTCACCGACCTGGCCGACCGGCAGATCGGCGCGCTCTCGGGCGGGCAGCGCAAGCGCGCGTTCGTCGCCCGGGGGCTCGCGCAGGGCGCGACGATCCTCCTGCTCGACGAGCCGTTCGCCGGCGTGGACAAGCGCACGGAGGCGACGATCACCACGCTGCTGCGCGAGCTCGCGGCCGGCGGGGCGACCGTCCTCGTCTCGACCCACGACCTGCACGCGCTGCCCGAGCTCGCCGACGAGGCGGTGCTGCTCCACCGCCGCGTCCTGCTGCACTCGACGCCCGCGGAGGTCCTGCGGCCCGAGAACCTCGCGCTCGCGTTCGGCGTGGAGGTGGCCCCGTGACCGACCTCCTCGCCACCCTCCTCGAGCCCCTGTCGTTCGAGTTCCTGCGCACCGCGCTCGCCGTCACGGTGACCGCCGGGATCGTGTGCGGCGTGCTGTCGTGCTGGCTCGTGCTCGTGGGCTGGTCCCTCATGGGCGACGCCGTCTCGCACGCCGTGCTGCCCGGCGTCGTGCTCGCGTACGTGGTGGGGGCGCCGTTCGCACTCGGCGCGCTCGTCTTCGGGCTGCTCGCGGTGCTGCTCATCGGCGCGGTGCGCGACACGTCGCGCGTCAAGGAGGACGCCGCGATCGGGGTCGTGTTCACGACGCTCTTCGCGCTCGGGCTCGTCCTCATCTCCGTGACGCCGAGCCAGACGGACCTCAATCACATCCTCTTCGGCAACCTGCTCGGGGTGTCGCGCGCGGACCTGCTCCAGGTGCTGGCGCTCGGCGCGGTGACGCTCGCGGTCGTCGTGCTCAAGCGGCGCGACCTCACGCTCTACGCGTTCGACCCGACGCACGCGCACGCGATCGGGCTCTCGCCCCGACGGCTCGGCGCGCTGCTGCTCGGCCTGCTCGCGCTGACGGTCGTCGTCGCGCTCCAGGCCGTCGGCGTGGTCCTCGTCGTCGCGCTGCTCATCACGCCCGGCGCGACGGCGTACCTCCTCACCGACCGCTTCTCGCGGATGCTGTGGATCTCGCCGCTCGTCGCGGCGGTGTGCGGGGTCGTGGGCATCTACGTCAGCTACTACCTCGACACGGCGTCGGGCGGGACGGTCGTCGTCGCGCTGGGCGTGGCGTTCGCGCTCGCCTACCTGTTCAGCCCGCGGCACGGGCTCGTCGGGACGCGCGTCGCGGCGGCCCGACGCCGTCGGCTCGCGCGCGTCTGACCGTAGGCTCCGGCGGACCGGAACCCGGTCCGGGCCGCCGGACCACGCCTCCTGCGTGCGCTGTGTGCGAAATCTCCATGAATTCGCCCTCGATTCCCTGGTGCTTCTCAGGTTCGCCCGGGAGACTTGTCGCCATGTCAGCGAGGACGAGCGAGCCCACGACGCCGCAGCGCACGCGCACGTCTGCCCGGTTCGCCGCGGCGAGCCTGCTCGCGCTGTCCATGATGCTGCCGATGTGCTCGACGGCGAGCGCCGCCGAGGTCCAGCAGCTCATCGCCGACGCGCAGGTCCAGACGGAGACCATCGGGAACGACCTCGACCGCGTGCACGCCCAGCTCCCCGCCCTGCACCCCGTGCTCCGCAACGACGTGCTCGACGCCGTCGAGTCGGTCCAGGCCGCGACGGACGAGGCCCGCTCCGCGCTCGAGCGCGCGACCGACGACGACGAGGCTGCCGACGGTCGCGCCGCCGTCGCGCTCGCCGACGCCCAGGTCGCGCTCGACGCGGCGTCCGCCCAGCTCCGCCACGTGACGAACCTCGCGCACGACGCGGGCGAGGGCGTCGCCGTCGCGCTGGAGCGCCTGCAGGCGCACATCGACACGCTCCGCGGCGAGACGAGCCGCGCGGGGGCCTGAGCCAGACCACCCGGCCCAGGCGGGGTCCCGGGGCGGCGTCGCCGCGCGGTCCTCGACCGCCCTTCCTACGATGGCGAGATGCCTCGTGTCACCGGGATCGTCAAGCCGCACGAGGCGCTCCCCGGCGTCGCCCGCCTCGACCGCGCGGTGAACCGCTGGACGAACCGCCGCGCGCTGGGGGCCGCGGCCGACACCGCGCTCTCGCGGCTCTCGACGTGGGCCGACCACAGCGTGCTGTGGGCCGGGGCCGCGGTCGGGATCGCCGCCACCGGGCGGCGCGGGCGCGATGCCGCCCTGCGCGGCTACGGCTCGCTGCTCGTGTCGAGCGTCCTCGCGAACGTCGTCGGCAAGACCGTGTTCGGGGGCGTGCGCCCGTCGCTCGACGGCCTTCCCCTGTGGCGGCGCGTGGCGGACCCGCCGACGTCGCCCTCGTTCCCGTCGGGCCACTCGGCGTCGGCCGCCGCGTTCGTCACGGGCGTCGCCATCGAGTGGCCGACGGTCGGGCTGGCGCTCACGCCGCTCGCCGGGGCCGTCCTGTACTCGCGCCTGCACACGGGCTCGCACTGGTTCTCGGACGTCGCCGCGGGCGCGGCGCTGGGCGTCGGGGTCGCGCTCGCGGGTCGGGTGCTCGTCCCCGGCCGTGCCGAGCAGCGCCCCGACGTCCCGGCGGGGCCGCCCGCGGACGTCCCCGCGCTCGACGACGGCGCGGGCCTCTTCGTCGTCGTCAACCCGGCGGCGGGCTCGGGCCGGCTGCTCAAGGAGGACCCGCTCGCGGCGGTCCGCGACGGACTTCCCCGCGCCGACCTCCACGTGCTCGCCGAGGGCGACGACCTGCGCCGTCTGTACGACGACGCCGTCGCGTACGGCGCCCGCGCGCTCGGCATCAGCGGTGGTGACGGCACGGTGTCGACCGCGGCCGCGGC
NZ_CP136680.1_gap91	3995011	3995698	687	GCACCGTCCGCCTGCTCGGCGCGGGCCGGTTCGACCTCAAGTACTCGACCGGCACGCTCCCCCACTCGACGATGCTGCGCAGCATCGAGCTCTACGGCACGCAGGTGATCCCGCGCGTCCGCGAGCTCCTCGCGGAGCACTGACACCCACCGAACCGACCCAACCCCCTCGCCGAACACGACGTTGCTGTCGCCATCGGGGCGAGAACGACAGCAACGTCGTGTTCGGCTGCGGGCAGGCTCGTGCTCGACGGCGGCTGGTCGGCGGGTCGGCGGGTCGGCGGGTCGGCGGGTCAGCGGGTCAGCGGGTCAGCGGGTCAGCGGGTCAGCGGGTCAGCGGGTCAGCGCGTCGGCGGGTCAGCCGCGGCCGGCGGCGCGGAGCGCGGCGGCCTCGAGGTCCGGCGGGAGGCCGACGGCGGGGCGGTCCGTGCGTTGCGGCGTCGCGTCTCCCGCGGCATCGAGGGCGCGGAGCCACGCCCAGGTGTCGCGCACCGTCTCGCGCACGTCGCGCGGGCGCAGGCCGAGCGCCGCCGCGCGCGACGTGTCGGAGCCGTGCAGCGCGTCGTGCAGCTCGCCCGGAGGCAGCCAGACCGGGAGCTGGGTCCACGGCTCGATCCCGGCCGCGAGGACGACCTCCGGGTCGACCCACACGAGCTCGGCGGGCGGGTTGCCTGCCGCCGCCGCGTCG
NZ_CP136680.1_gap92	4000163	4003397	3234	GTCGCGCGCGCCGGCTGGGCCGTGCACGCCCGGATCGTCGTCGACGCACCCGCCGACGAGGTCCTGCGACGCATCAACCCGACGGTCGGCACGGTCGAACCGCTCGCCGACGACCGCTGCGTCCTCGTCACCGGCGGCGACAGCGTCGAGGTCGTCGCGGTGTGGGTCGGGATGCTCGGCCTGGACTTCCACGTGACGGAGCCGCCGGCCCTCGTCGACCACGTGCGCACCCTGGCGACCCGCTACGCCCGCGCGACCCCGCCGTGACCCGAACCGGTCGCGGGCTCCCGCGTCAGTCAGGTCGTGCCGGGGTCCCACGGGTCGACGACGTCCACTCCGGTAGCGGCGAAGTCACGGACGTTGCGCGTCGCGAGCGTCGCGTCGTGCACGCGGCAGATCGCGGCGATCTGCGCGTCGGCCAGGCTCATCGGCCGCCCCGCTCGCTCGCGGAGCGCCAGGAGGGTGCCCCCGACGCGCGCGGCGTCGGCGTCGTACGGGAGCACCCGGCCCGCGAAGGTCGTGGTGACGTGCTCCTCGACGAGCGCGGCGAGGCGGTCACGGCGCCGCCCTTCGGGGAGCCGCGCCACCCCGTGGACGATCTCGCCGACGGTGACCGCCGTGATCGACAGCGCCTGCGGAGCCTGCGCGTCGAGCCAGCGGAGCACGCGCGCCTCGGGCACCGGGCGGATCACCTCGGACACCACGTTCGTGTCGAGGACGATCACGTGTCCGCGGTCTCCCGGTCCGGCGTGCCCGGTTCGTCGGAGAGGTCGACGACCCGGCCGTGCTCTGAGCGCGCGGGGAGGTCGAGCTCGACCGCCAGACCGGCGTCGGCGAACGACCTGTGGATGAAGGTGCCCAGCCCCCGTTCCAGCCCGCTGGGGGCTGTCACCGCGGAGGTGAGGATCTCGCGCACCTCCGCCTCCATGGACCGCCCGTGCTCCGCCGCCCGCGCCCGCAGCCGTTCGCGCACGTCGTCGTCGAGCCCTCGGATCGTCAGCGTCGCCACCTGAACCACCTCCCACGTACGACGCTAGCAAAATGACAGCACGATGCGCCAGGGTCGGCCCCTCCTCGAGAGCAATGAAGTTGCGAGAGGTTGAGAGAATGGACCGTCGTGAGTACCGAGCCCGCAGCGAACCAACCTGACGCGCGCCCTCCCCAGCGGGACGGCGCCGCCGAGGGCACCCCGCGCGAGGGTCGCCGACGCCGCGGGAACCGCCGCGGGCGCGGGCGAGGCGAGCGGACGGCGTCGGGCACCTCGACGACCACGGAGCCGACGCGTCGCGGGCGGGGCGAGCGGACGACGTCGGGCCCGCGGCAGGTGAGCCGCGCGCAGCTCGACCGGGCCGCGCAGGCGCGCGCTAACGTGACGGTCCCGCCCATCACGTACCCCGAGCAGCTTCCGGTCAGCGCCCGACGCGCGGACATCGCCGCCGCGATCCGCGACCACCAGGTCGTCATCGTGGCGGGCGAGACGGGCTCCGGGAAGACGACGCAGCTCCCCAAGATCGCGCTCGAGCTCGGCCGAGGCCGCTCGGGTCAGGTCGGGCACACCCAGCCCCGCCGCATCGCCGCGCGCACGGTCGCCGAGCGCATCGCGGAGGAGCTCGGCACGGAGCTGGGCGGCGTCGTCGGGTACCAGGTGCGGTTCACCGACACCTCCAGCGAGGACACTCTCGTCAAGGTCATGACGGACGGCATCCTGCTCGCGCAGATCCAGCGCGACCCGGAGCTCCTCGCGTACGACACGATCATCGTCGACGAGGCGCACGAGCGGTCCCTCAACATCGACTTCCTGCTCGGCTACCTCGCGCGGCTCCTGCCGCGCCGCCCCGACCTCAAGCTGATCATCACGTCGGCGACGATCGACTCCGAGCGCTTCGCGCAGCACTTCTCCCCCGCGCACCTCGCCCAGCTCGGCGGCGCGCCGGAGTACGTGGTCGACGCGCTGCCCGACGCCGCGCCCGTCGTCGAGGTGTCCGGCCGCACCTACCCGGTCGAGATCCGGTACCGGCCGCTGTCCCCCGGCAGCGGCACGAAGGCGAAGGGCCGCTCGGGCGCCGAGGAGAAGGACCTCGTGACCGGCATCGTCGACGCGTGCGACGAGCTCATGCGCGAGGGACCGGGCGACATCCTCGTGTTCCTCTCCGGCGAGCGCGAGATCCACGACGCCGCCGACGCGCTCACCGGCCACCTCAAGGACCGCGTCACCGACCCGAAGCACCCGCAGCGCGTCGAGATCCTGCCGCTGTACGCGCGGCTGTCGTCGGCCGAGCAGCACCGCGTGTTCCAGGCGCACTCCTCGCGACGCATCGTGCTCGCGACGAACGTCGCCGAGACGTCGCTCACCGTGCCCGGGATCCACTACGTCGTCGACCCTGGCACGGCCCGCATCTCGCGCTACTCCAAGGCGACGAAGGTCCAGCGCCTGCCCATCGAGCCCGTCTCGCAGGCGAGCGCGAACCAGCGCTCCGGCCGCTCCGGGCGCGTCGCCGACGGCATCGCGGTGCGCCTCTACTCCGAGGACGACTTCCTCTCCCGGCCGGAGTTCACCGAGCCGGAGATCCTGCGCACCTCCCTCGCGTCGGTGCTGCTCCAGATGATCTCCGTCGGCGTCGTCGAGACCCCCGACGAGGTCGCGCGCTTCCCGTTCGTCGAGCCCCCGGACACGCGCGCCGTGCGCGACGGCGTCCAGCTCCTCACCGAGCTCGGCGCCCTCGCCACGTCCGACGGCGTCACGCGCCTCACCGAGGTCGGGCGCGTCCTCGCGCAGCTCCCCATGGACCCGCGCCTCGCCCGCATGATCTGGGAGGGCTCGAGGCTCGGCGTCGCGCGCGAGGTCGCGATCATCGCCGCCGTCATGTCGATCCAGGACCCGCGCGAGCGCCCCGCCGAGGTCCGCGCCCAGGCCGACCAGGCGCACGCGCGCTTCACCGACCCGCACTCCGACTTCCTCACCTACCTCAACGTCTGGGAGTACGTCCGCGAGCAGCAGCACGAGCTCTCGTCGTCGGCCTTCCGCCGCCTGTGCAAGGCCGAGTACCTCAACTTCCTGCGCATCCGCGAGTGGCAGGACGTCGTCGCCCAGCTCCGCGAGATGTCCAAGCCCCTCGGCATCGACATGTCGTACAAGCCGCGCGCACGCGGCGCGGCCGGTGACGACGGGCGGCGAGGTCCAGGACGAGCGGCGGCTGCGCCCGAGGATGCGAAGGGCGTGGCGGGCCTGGCGGG
NZ_CP136680.1_gap93	4032084	4034506	2422	GCGCGCGTGCCCGGGTCGTGGGAGAAGCTCGGCGACGGCGCGCCCGTCACGCTCCTGGGCCGCCACCGCATCACCATGACCAGCGACGACGTGCGCCTCGCGCCGCTGACGCGCATGCCCGGTCACCCCAACGGGATGCGCTTCACCGCGCTCGACGCCGACGGCACGACGGTCGCCGAGGAGGCGTACTACTCCGTCGGCGGCGGGTTCGTCCTCACCGCGGCCGAGCTCGAGGCAGCGGCCGCGAACGAGGCCGCCCAGGTCGGGGCCGAGCTCGCGGGCGAGGCGATCGACCCGCGGACCGAGCCGGCCGGCGTGCCGTTCCCGTTCGCCAACGCGGCCGAGCTCCTCGCGGTGTGCGAGCGCGAGCGGACGTCCATCGCCGCGGTCGCGTGGGCCAACGAGACCGCCCTGCGCCCGGTCGCCGAGGTCGAGGCGGGCGTCGACCGCATCTGGGACACGATGAGCGCGTGCGTCGACGCCGGGCTGGAGCGCGACGGCGTCCTGCCCGGGCGGCTCAAGGTCCGGCGTCGGGCCCGCGCGCAGCGCGAGCGCCTCGAGCTGGCCGACGAGCGCGGCGCCGACACGACGATCGAGTGGCTCCAGGCCTTCGCGATGGCCGTCAACGAGGAGAACGCCGACGGGCGGCGCGTCGTGACCGCCCCGACGAACGGCGCCGCCGGGATCATCCCGGCCGTCGGGCGGCACTTCCTGCGCACGCACCCGGACGTCGCCGCCGACCCGGCCCGCCGTCGTCGGGCGATGCGCACGTACCTGCTCACCGCCGCCGCCATCGGCGCGCTGTACAAGCGCAACGCGTCCATCTCCGGCGCGGAGGCCGGGTGCCAGGGCGAGGTCGGGTCGGCCTGCTCCATGGCCGCCGGCGCCGTCTGCGCGGTGCTCGGCGGGACGCCCGCCCAGGTCGAGAACGCGGCCGAGATCGCGATGGAGCACAACCTCGGCCTCACGTGCGACCCCGTCGGGGGGCTCGTCCAGGTCCCGTGCATCGAGCGCAACGCCATCGCCGCGTGCACCGCCGTCTCCGCCGCGCGCCTCGCGCTCCAGGGCGACGGCTCGCACGTCGTCTCGCTGGACACCGTCATCGAGACCATGCGCCAGACGGGCGTCGACATGTCGACCAAGTACAAGGAGACCTCGACGGGCGGCCTTGCGGTCAACGTGGTCGAGTGCTGAGCCGGCGGCCCCTCACCAGGTGCGGCGGACGTCCGCCCGCGGCCCGGTCACGAGGCTGCGCGGCGGGACGTCGTCGGTGACGACGGCGCCCGCGGCGACGACGGCGTCGCGACCGATGGTCACGCCGGGCAGGATGGTCGCGCCCGCGCCGATCCACACGTTCTCGTGGACGTCGATCGGGCCGCCGGTGAGCCAGACCTTGCGGTCGTCGGTGTCGACGGGGTGCCCGACGGTGACGAACGTGACCCGCGGTGCGACCAGCACGCGGTCGGCGAGCCGGATGCCGGCGTAGTCGAGGAACGTGCAGTTCTGGTTGACGAAGACCCGCTCACCGAGGTCGAGGTGCAGGCCGTGGTCGGTGAAGAACGGCGGGTAGATCGTCGTGCGCGGGGGCAGCGGCCGCCCGAGGATCTGCTCGAGGAGCCGGGCCCTGCCGTCCTCGTCGTCGAACGGGAGCACGTTGAGCCGCGAGGTGAGCGCGGTCGCCTCCAGCACGCGCTCGGACATGGCGCGGAACTCGGGGCCATGGATGCGCATGAGCAGGTCGCTGGGCATCCCCCGATCCTCCTCCCCCGTCAGCGTGCGGCACGGGGCGCGGCGCGCCGGGCGACGACCTCCTCCACGACCGCGACGACGCCGTCCTCCCCCGGCGCGACGGCGATGCGCTCGCCGAGGCGCGCGGCGGCCCGGGTGTACGCGGGGTCGTCGAGCAGGCGGCGCACCGCGCGTCGTATCTGGGCGGGTCGCGGCGTGCTGGTCCGCAGCCGTACGCCCGTCCCGGTCCACGCGACGCGGGCCGCGACCTCCGCCTTGTCCTCCGTCTTCCCGGCGACGACGACGGGCACGCCGTGCCGCAGCGCGTGGTGCACGCCGCCGTAGCCGCCGTTCGTCACGAGGACCGACGTGCGCGGGAGCAGCGCGTCGTACGGGAGGTACTCGGCGGCGCGCGCGTTGGCGGGCAGCGTGCCGAGCGTCTCGACGGGCCGCCCGCCGGTGGCGGCGACGACGAGCACGTCCTCGTCCGCGAGCGCGCGCAGGGTCGGGACGAGGAGCTGGTGCGGGTCCTCGTTCGCGACCGTGCCCTGCGTGACGTGGACGACGGGGCGGCGCGTGCCGAGGTCGTCCCACCAGGCGGGGAGGTCGCCGTGCGCGGCGGCGGGTCGCGGCGGGCCGACGAACCGGACGGGCGTGACGACGTCGGGCCGCGGGTACTCGAGCTCGGGGACGG
NZ_CP136680.1_gap94	4036367	4040502	4135	GCCGAGCTGCTCGGCGGCAAGGCGTGGGTCGTGCACACGTTCGACGGCGCCCCGCTGCACCCCGTGCACGGCGGCCCCGCGCGGCTCCTCGTGCCGCACCTGTACTTCTGGAAGTCGGCGAAGTGGGTCAACAGCATCACCCTCATGCCCATGGACCGCCAGGGCTTCTGGGAGCGGCTCGGCTACCACGACCTCGGCGACCCGTGGCGCGAGCAGAGGTACCAGGGTGACTGAGGCGCCCGTCCGCCTCGGCGCGCGGTACGCGACGCCGTCGCGCTGGCAGGTCGCGACGCTCGTCGACGCGTGGGCCGAGAGCCCGTCCGCGCGGACGCTCGTCCTCGAGGTCCCCGCGTGGCCCGGCCACCTCGCCGGCCAGCACGTCGACCTGCGCCTCACCGCGCCCGACGGCTACACCGCCGAGCGCAGCTACTCGATCGGCAGCGCCGCGACGCGCACCCCCCTGCCCGACGACGACCCCTCCCCGGGCGGTCCGCCCGCCGTCCCGCGGGACGGCACGGTGCCCGACGGCGGCGCCCCCGCGCGCGTCGAGGTCACCGTCCAGCGGGTCCCCGGCGGCGAGGTCTCGACCTACCTCACCGACGTGTTCGCGGTGGGCGACGCGATCGAGCTGCGCGGGCCGGTCGGCGGGTGGTTCGTCTGGTCGCCGGAGCGCGACGCCGGGACGCCCGTGCTGCTCGCGGCCGGCGGCTCGGGCCTCGTCCCGCTCATGGCGATGCTCCGCACCCGGCGCGACGCCGGCGACCGCACGCCGTTCCGGCTCGTGTACTCGGTGCGGCGGCCGGAGGACGAGCTCTACGTCGACGACCTCGGCCGCCTCGCCGCCGCGCACGACGGGCTCGACGTCCACGTCGTCCACACCCGTTCGACCCCGCTCGGCTCGATGCGCGGGCCCGGCCGCGTCGAGCGGCGCGAGCTCGCCGCGTGGGGCTGGCCGCCCGAGATCGACCCCGCGTGCTTCGTGTGCGGGCCGACGGGGTTCGTCGAGGCCGTCGCACGGCAGCTCGTGGCGCTCGGCCACGACCCGGCGCGGATCAAGACCGAGCGCTTCGGGCCCGCGGTCGACTGACCGGGGCGGAGCGCGTCAGAGCCGCAGCGGTACCGCTGCGCAAGGATCGCGCTCCCGCCGACACAGTCGGAGAGAGGGCGGCGAGCGCGCCGCCCCCGACGGCCGGGGGGATCGATGACGACGACGACCGCAGGACCGCACCGGGAGCCGAGCCCGCCGCGGCGCACGCTGACCGCCCTGGCGACGACGGCAGCGCTGGCCGCGCTCACGGCGTGCGCGGGCGGCGCGCCGGCGGACCCGGGCCTGCCCGTCGCCACCGCCGACACCGCGCGGGACGTCGTGCGCGTGGCCGACGCCGGTGCCACGCCGCGCGTGGTCGACGCGACCGAACGGCTCGGCCTGACGATGCTCGCCGCGGCACCGCCCGAGGGGAACGTGGTGGTGTCGCCCGCGAGCGCCGTGGTCGCGCTCTCGATGCTGGCCGAGGGCGCGCGGGGCGACATAGCGCTCGCTCTCGACGACGCGCTCGGCGCGTCCGGCCAGGAGCGGACGGACGCGGTCAACGCCCTCCTCGCGTCGCTCGAGGCCTACGACGGCGACCCGGCGCAGGTCCGGGCGGACGATCTGCCGGAGAAGCCGCTCGTGCACGTCGCGAACCAGATCGTGCTCGACGACGAGGCCGAGGTCCACGAGCCCTACCTCGAGTCGCTCGCGGCCGGGTACGGCGCCGGGGTGCTGCACACGGACCTCGGGACGTCGTCGGGCATCGTGCCGCTCAGCGAGTGGCTCCGGTTCCACACGGGCGGGCTGATCGAGGAGAGCGCCATCGAGCCCGACATCTACCTGCGCCTCGTGCTCCAGAACGCGGTCCTGTTCGCCGCCCGGTGGAAGGCACCGTTCGACGTGAGCGACACGGCGCCGTCGCCCTTCACGCTCCGGGGCGGCGACACGGTGGACGTGGAGTCGCTGCGGCTCACGGAGACGTGGGCGTACGCCGAGGACGACGGGTGGCGCGCGGTCCGGCTGCCGTACGTCGAGGGGTTCCACGCCGACGTCGTGCTGCCGCCCGAGGGAGTCGATCCGGCGTCCGTCACGCCGGAGCAGCTCCTCGCGCTGCGGGAGGCGCTGGCCGCGGCACCCGGGCAGACGGTCGCGCTGACCCTGCCGACGCTCGACGTCCCCGCCGACGACCCGCTGGACTTCCGGCCCGCGCTCTCCGCCGCCGGGCTGGGCGGGCTCCTCGACTCGGTCACGCCGCCGAACCTCCGCGGCATCAGCGACGACAAGCTCTACGTCTCGCAGGCTTGGCAGCAGGCGCTCCTCCAGGTCGACGCCGAGGGCACCGTCGCGGCGGCCGTCACCGAGATCGGTGTGGCCGAGGACGCAGCGTCTGGCGTGGCGGAGAGCATCTCCTTCCGCGTGGACCGGCCCTACGTCTTCTCGGTGTCCGCCGACGACACCGGCTGGCCGCTCTTCACCGCGGCGATCCGGGATCCTCGCCACTGACGGCGTGCACCGCCCGGCCGTCGCTCGCGTCGAACCGCCACCGCATCGCCGCGTGCTCGGACGTGCGCTCGTACGCGAACACAACCTCGGGCCGCACGGCGAAGACGAGCGCCGGGTCGCCGTCGTGGAGGAAAACGCCGTCCCCGACGTCGAACGTCCAGTCGTCGCCGTACTTGCAGCGCCACCGCTCGGCGAGGCGGTGCAGCGCGGCGGCGTCGGTGACACGCGCGGCGGTGCCCTCGACGACGACGTCGAGCGCGTCCTCGTAGGCGTTCGTCCCGGTCGTGAGGACGACGCGTGCGTTCTCGGCGAGGTTGCGGGCCTTGCGCTCGTCGGGCCCGGTGGTCACGTGGAGGCGGCCGTCGGCGACCACCGTCATGAGCGGCGTGACGTGCGGGCGCCCGTCGGGCCGCACGGTCGAGATCCACGAGATCTCGGCCCGTTCGAGCGCGCCACGCACCGTCTCCCACGGGACGGGGCTTGCGCCGGGAGAGCTGAAGCCGGGGACGAGGGTGCGCTCCGGTGCGTCGGGGGCGGCGGGTCGGGCGGCCGGCTGGTCGGCGGTGGTCATGGCGGTCCTCTCGTCGGTCCTGCCCCTGGGACCGACGAGCGCGCCCGGACTCATCGGTGGCGCCAGCAGGGGACCTGCGCCGACCGGCGGGACCTCACCGCACGTCGTCGGGGCCGGCCTCGTGACCGGGGCGGCCCACCGTGCGCCGGTCCTGCTTCATCCTGGCCTCGAAGAGGTGCCGCGCGCCGCCCGCGAGCTCGTCGCGCGCGGCGCGCTCGTGCTCGCGGAACGCCGACCAGTAGCCGTCGTCGTACTCCTCGACGAGCTGGAACGTCCAGCGGCCGGGGACGACGTTGCGGCCCACGAGGTCCGTCTCGATGCGGTCCGCGACCTCGGCGTGCCCTGCGGCGCGCAGCTTCTCGGCCGCGTCGCCGAGGGCGAGGTCCGCCTCGCCGGTGAGCTGGTGGAACGTGTAGAGGTGCCCGCGCGCGCGTTCCGTCGTCTCGAGCGCCTCGCTCAGGGCACCGAGCGCCTCGACGGTCGCGTCGCTCACGCCGTCGGGCACGGGACGGCCGGGCAGGTCCGCAGGATTCCGGGAGGTCTCGTCGCTCACGCGGCCACGCTAGGCACGGCCCGCCGGGCCCGCACGCGCTCGTCGGCGACGGCCGCCGTCCCGAGCGACGACCGCCGCCCCGAGCGACACCCCGCGCGCGTGGGCAGGCTGTGACAGGGTTGGACCCGCCACCCCCGACCGAGGACAGCGCCGCGAGCCATGCCACAGACCGCACCCGTACCGACCGTCACGAGCGAGCCCACCCCGAGCCAGCGCCCCCACCGGGCCGCGCGGCTCGAGGACCGGTGGCGCGCCGTCGTCTCCCGCTTCCAGAAGGCCCGCGGGTGGCGCCCGCGCGTCGAGCCGTTCGCCGGCTACGGGAGCCCGCGCCGCGTGCGCGTGCTGGGCCGGGTGCTGCTCGCGAGCCCCGCGTTCGACCCGGCGCTGCACGAGCGCGAGTCCGCGGACCGCCGCGGCTGGCGCTACTTCTTCACCGCCCCGGCCCCGCGCGAGGAGGTCCGCGTGCGGGTGGGCAGCA
NZ_CP136680.1_gap95	4235187	4240042	4855	CCGGCCACACGCGGGAGGCGCTCCAGTCCGGGATCGACGGCCTCTGGCTCGCCGTCGGGCTGGGTGCGCTCCTCGCGGCCGTCCTGTGGACGACGGCACCGTGGGCCGTCGGCGCGATGGGCGGCACGGGTGAGGTCGCCGAGCACGCCGTGGTGTACCTCCGCTGGTCCGCGCTCGGACTCCCCGGGATGCTCCTCGTCCTCGCGTCCACCGGCGTGCTGCGCGGCATGCAGGACACCCGGACGCCCCTGTGGGTCGCCGCGGGCGGCGCGACCTTCAACGCGGTCCTCAACGTCGTCCTCGTCTACGGGGCAGGGCTCGGGATCGCCGGGTCCGGCATCGGGACGGCCGTCGCCCAACTCACCATGGGCGCGGTACTCGTCGTGGTCGTGGTGCGCGGCGCCCGGCGGCACGGCGCGTCGCTGCGGCCCGCCGCGGGCGGGATCTGGGCCAACGCGCGCGCCGGCGCTCCGCTCTTCGTCCGCACGCTCTCGCTCCGCCTCGCGATCCTCCTCACCGTGTTCGTCGCGACCGGGCTCGGGGAGGTCACGCTCGCGGGCTACCAGGTCGTGAACTCCGTCTGGGGTCTCGCGGCCTTCGCTCTCGACGCGCTCGCCATCGCGGCGCAGGCGCTCGTCGGGCACGGGCTGGGGGCCGACGACGTCCCGCGCGTCCGCGCCGTCCTGCGCCGCACCCTCCAGTGGGGAGTGGCCGCCGGGGCAGGGCTGGGCGTCGTCATGGCCGCGGGTGGCTGGTGGTTCGCGCTCCTCTTCACGTCCGACCCCGAGGTGCGCACCGCCGTCGCCGTCGGCATGGCGGTGTGCGGCGTCCTCCTGCCGATGGCGGGGTGGGTGTTCGTGCTCGACGGCGTCCTCATCGGCGCCGGGGACGGCCGCTTCCTCGCCTGGGCGGGCATGCTCACGCTCGTGGTCTACGCGCCGTTCGCGCTCGCCGTCCGGCACTGGGCGCCCGACGGCGCGGCGGGCCTCGCGTGGCTCTGGCTCGCCTTCGCGGGGGTCTTCATGGCGGCACGCGCCGTCACCACCGGGCTCCGTGCGCGCGGGAGCGCCTGGATGGTCACCGGCACCGCCTGAGGGCTCGACGCGCGCAGCCGGCGACTGGGCCGGACGCGACGAAGGCCCGGCCCCTCCGAGGAGGGGCCGGGCCTTCGTGGACTGCTCAGCAGCAGATCAGGCAGCGACGACCTTCACCGCGAGGGTCGCGGAGACCTCCGGGTGGAGGCGGACGGAGACCGTGTAGTCCCCCGTCGCCTTGATCGGCTGACCGATCTCGATCTTGCGCTTGTCGACCGACGCACCGGCGGCCGTCACGGCGGACGCGATGTCCGCCGTCGTGACGGCGCCGAAGAGGCGACCGGCAGCGCCGGCCTTCGCCTCGACGACGACCGGCTTCGCCTGCAGCGAGTCGCGGATCGCCTTCGCGTCGTCGAGCGACGCGATCTCGCGGGCCTTGCGCGCCTTGCGGATCGCAGTCACCTGCGACTCGGCGCCCTTGGACCACGGCGTGGCGAGCTTGCGCGGGACGAGGAAGTTACGGGCGTACCCGTCCTTCACCTCGACGACGTCGCCGGGCTCACCGAGACCGGTGACCTCGTGGGTCAGGATCAGCTTGGCCATGAGTTCTCTCCCTTCCCGCTCAGCGAGCCGTCGACGTGTACGGCAGCAGCGCCATCTCGCGCGCGTTCTTCACCGCACGGGCGATCTGGCGCTGCTCCTGGACGGAGACGCCGGTCACGCGACGCGCGCGGATCTTGCCGCGGTCGGAGATGAACTTGCGCAGCAGCGCGGTGTCCTTGTAGTCGACCGACTCGATCTTGGCCGACTTCAGCGGGTTGGACTTCTTCTTGGGCTTGCGCACCACAGGCTTCGCCATGGTGTTGCTCCTCTACAAGGTGCGATCCCCGCGTGCGGACCGTGCCGACGAGCGGCGCAGCACCCGCGGGGACGGGTGTGTGTTCTGGGAGTGGCGGACGATCAGAACGGGGGCTCGTCGGAGAACGAGCCACCGGACGACGCGGGACCAGCCGTGGCCCACGGGTCGTCGCTCTGCTGCTGACCGCCGCCGGAGCTGAATCCGCCGCCGGAGGCGCCGCCGGAGTTGGCGCCACCTCCGTAGCCGCCACCGCCGCCGAAGCCGCCGCCACCGCCACCCGAGCGCTGAGCGCGGGTGACCTTGGCAGAGGCGTAGCGCAGGGAGGGACCGATCTCGTCCACCTGCAGCTCGACGACGGTGCGCTTCTCCCCCTCGCGGGTCTCGTACGAGCGCTGGACGAGGCGGCCCTGCACGATGACGCGCATGCCCTTCGTCAGCGACTCCGCGACGTTCTCCGCAGCCTCGCGCCAGATCGAGCAGCGCATGAACAGGGTGTCCCCGTCCTTCCACTCGTTCGACTGGCGGTCGAAGGTCCGCGGCGTGGACGCCACCGTGAAGTTGGCCACCGCCGCACCCGAGGGGGTGAAACGCAGCTCCGGGTCTCCCGTGAGGTTCCCGATCACCGTGATGACGGTGTCACCTGCCATGGCCAGCTCCTTCGTGTGTCGTCTGTGTCGTCGACGGCGCCGTGCGCCTCGCTCGTAACGTTCTCGCGTCGCTCATCCCACCACGCGGCGCCCACACGCGCTACGGCGTGCAGCATCCCGGTGCAGGACGGTCGAACGGGGGAAGCGGGGAGGATCAGCGAGCGTCCGTGCGCAGGATCTTGGTCCGCAGGACGACCTCGTTGAGGCCGAGCTGACGGTCCAGTTCCTTGGCGGTGTCGGAGGTCGACGTGAAGTCGACGACCGCGTAGATGCCCTCGGACTTCTTGTTGATGTCGTACGCCAGGCGGCGACGACCCCAGATGTCCACCTTGTCGACGGAGCCGCCGTCGGTCTTGATGACCGACAGGTACTTGTCGAGCGACGGGGCGACGGTGCGCTCCTCGATCTCGGGGTCGAGGATGATCATCAGTTCGTACTGACGCATGCGGATAACCCACCTCCTCTGGTCTTCGCGGTCACGGTCTCTCCGTGACAGGAGGGTTCATGCTTCATGCTGCTGCCGCCCGACGGGCGGACGGCAGCTCCCCAGGGTACCCGCTCGGCGCGGGCGCCCGGAAATCTGCGGCGACGGGCCGGTCAGCCCCTGCCCGGGATGATGCCGCCGACATTGCCGCCCCCGTTGCCGTTGCCGCCACCCGGGTTGCCGGTACCCGGCTCGCCGGTCTCGCCGGGATCAGGAGTCTCGGGCGGTCCCTCGGTGGGCTCCGGCGGTTGCTGGCCCGGATCGGTGCCCTTGGAGACGACGAGCGCGATGGTCGACCCCGGCGGCACCTGGTCCATCGAGGACTGGCTGATGACGTAGCCCCGCGGCTGCTGGTCGGAGAACTCCTCGGTGATCCGCACCTTGAGGCCGGCGGCCTCGATCTGGGCGCGCGCGGCGCGGGCCTCCATGCCGACGACGGACGGCACGGCCACGTTCTCCGGCTGCTGCGGCTCCTCCGTCTCCTCCGGCGTCGGCTCCTCGGTCGGGGTCTCCGTCGGGGTCTCGGTGGGCGTCTCCGTCGGCTTCGGCTTGGGCGGGGTGTAGTCCGGGAACTCCCCCGCCGGCAGGTTCGCCGCGGCGGTCTGCATGTACGACGTCCAGGCCTCGACCGGCCACGAGCCACCGGTGATCTCGCTGTCGACCCACTTGCCGAACGGCGTGATCTGCTCCTGCTCGCCGTTGGGGCCGGACTGGTAGAGACCCACGACCGTCGCGAGACCGGGGGTGAAGCCGGCGAACCACGCGGACTTGTTGTCCGTCGACGTACCGGTCTTGCCCGCCGCGGGACGACCGATCGCCTGCGCGGGCTTGCCCGACCCCGTCTCGACGACCTGGGAGAGCGCGTACGTCGCCGCCGCCATCACCTCGGGGTCGAACTCCTGCGTCCGGTCGTCGGCGCCCGGCGCCTGGTAGACGAGGTTGCCGCGCGAGTCGGTCACGGACGCCACGATGTGCGGCGTGGCCTTCAGACCCTGCGCCGCGATGGTCGCGTACGCGTTGGTCAGCTCGAGCGGCGTCACCGTCGCGTCACCGAGCACGTTCGCCAGGTTCACCCCGACGTCGGCCTTGATGCCCAGGCGAGCCGCGACGTCCGCGGTCTTCTCCGGCCCGACCTCGAGGTTGAGCTCCGCGTACGCGGTGTTCACCGACTGCGCGGTCGCCTCGGTGAGGTCGACGTTCCCCCAGTCGTGGTCGCCGAAGTTGCGGACCTTCCAGTCCTCGCCGTTGTTGGCGCCGGGGAAGGTCTTGGGCGAGTTGCCGTCGAAGCGCTCGTCGAGCGTGTGCCCGTTCTCCAGGCCCGCGATGAGCGTGAACGGCTTGAACGTCGAGCCGCCCTGCGCCGCACCGGGGGTCGCGCTGTTGTACTGGTTCTCGAGGAAGTTCTTGCCGCCGTAGAGGGCGCGGATCGACCCGTCGTTCGGGTCGACGGAGACGATCGCGGTCCGGAGGTTCGGGGAGACCGGGTTCTCGTCGCGGCCCTCCTGGGGGAGCGAGTCCGCCGTCGCGACGGCGGCCTGCTGCATGGCCGGGTCGATCGTCGTCGTGACCTTGTAGCCCTTGCTCGTGAGGGCGTCCTCGCTGATGCCGATCCCCTCGCCGGCGAGCTCCTTCTCCACCATGGCGAGGAGGTAGCCGGTGGGACCCTCGTACTTCTGGGACTTCACGTACTCCTGCGCCTCGGGGAAGCCCGCGTCCACCGCCGCCTGGTGCTCCTCGGCGGTGATGTGGCCGTCCTCCTCCATGTTCCGCAGCGTCCGCTTCCACCGCTCCTCGGCCTGGGCGTGGTTGACGGCCGGGTCCCAGTTGGTGG
NZ_CP136680.1_gap96	4268166	4268666	500	GACGATGCAGTGACAGGCTCCGGTTGGCTCCTGCCGGTGGTTCGGGTCGTGCGCCGGACGGTCCCCCGCCCGGTCACCGCTCAGGCGCGCGGACCGGATGGCCATTGCTGGGGGCACCGGGTCCTCGCAGGGATTTCCTGACGTGAGGCCTCGCGTCGAGTTTCCTCCACGCGGGCGCGCCAAGAACACCTGGAACGGCTGTCTGACGTTACGCTGCGCAACCCCTCCGGGTCAAACCACGACGGGTGACCTTCGCCGCGTGCGACGATGGCGCGGCGTCGTCCCGGATCCCGGCATCCTGCCGGTGAGAGCATCCTCACCCTACAACCCACAGCCTGTGGACAACTATGTGGATGAGGGGTTCCCGTGGCACGATCGACCCCAGCATCACCCCATCCGTGACCTTCTCCTCGTCGGCGCACCCCCGCCCGGCTCGTCAGCGTGCTCGACGGCCGGAGCTCTGCCCGGCGCACGCTGTCGACCCCCGTGAGGAACTGCCC
