gap_id	start	end	length	sequence
NZ_CP169425.1_gap1	31656	32819	1163	AAGTACGGGTTGCCGGTGCCGGCCCCAAAAATGACGACCCGTCCCTTCTCGAGGTGCCGGATGGCGCGGCGGCGGATAAACGGTTCGGCGATTTCCTCCATCTTGATGCTCGACTGCAGGCGCGTGACGAGATCGACCTGCTCGAAGGCATCCTGGAGCGCCATGCCGTTGATCATGGTGGCCAGCATGCCCATGTAGTCCGCATGAGCCCGTGTCATGCCCTCCATGGCGTGCTCCACCCCCCGAAAGATGTTGCCGCCCCCGATGACGACGGCCACTTCGGCCCCGGCCTCGACGGCGGTCTTGACCTCGTTCGCGTAGGTGCGGAGAACGGCCTCGTCGATCCCAAACTCCCGGTCCCCCAACAGGGCCTGGCCGCTGAGCTTCAGCAGCACACGCTGGTGGTCAAGGGATGAAGTGGATTCGTCGTCGGGGGAAGCGCTCATAAGGGAGGCACCGTCAGGTGCGTGTTCGGGTTCGCTGTGCGGGCGTCGGACGACTCCCCGCTGGGAAAGGGGAACAGAGTTGAGGCAGCTTGGGCGGACGAGAGGGGCCGCGCGGCGGTCCGGTGCGGGCGCGAGCCGATTGCGGCCCGATGCGGGGCCGACGAGGGGCAACACGCCCGCATCGTCAGTCGCCGAGGGCGTAGCGCGTGAATCGCGCCACCGACAGGTCGGCGTCGTCGAGCATGTCTTTTACCGACACCGACGAGTCCTTCACGAAGGCCTGCTCCATCAATACGTGGTCCTCGAAGAACCGCTCGAGCTTCCCCTCCACAATGTTGTCGATCACATGCTCGGGCTTGCCCTCGTTGACGGCGGCCTCGCGGGCCACTTCGCGCTCTTCCTCCTTCACCTCGTCGGGCACCTCGTCCCGGGTGACGGCGATCGGTTCGAGGGCGGCGACCTGCATGGCGACGTCGCGGCCGGTCTCCTCCGCCTCGCCGTCGCCGTGCACCTCCACGAGCACGCCGAGCTTCGAGCCGGGGTGGACGTACGAGATGATCTGGCCCTCCTCACTCTCGAGCACGTCGAAGCGGCGAATCGTGAGCTTCTCGCCGATGCGGCCGGTGAGGGCCACCAACTCCTCCTCGATCGTCACGTCGTCCTCGTAGGGAAGGCTCTCCAGCGCCTCCAGGTCGTCGGGGGTCTCTTCGAGCACCC
NZ_CP169425.1_gap2	35143	39358	4215	ACGTAGTCGCCCGTGTCCACGTGCGGCGTGAAGGTCGGCTTGTGCTTGCCGCGGAGCACGCGAGCAATTTGGGAGGCAAGGCGGCCCACGACCTGGTTCGTGGCGTCCACGACGTACCAGTCGCGCTCCACCTCGTCCGGCTTGGCGTTAAAGGTCTTGAAGCTTTGCGTGTCCATCGGTCGGAATCCGTCGGTTGGCACAGGTCCGGAGGACGAGGCGGATGCACGAGGTGGTGCAACACCACGAGAATGCCCCGCAAGGCGGAGAAGCCCGCCGGGGGCGGAGGCATCAGCAGCGTGCGAAATGCTCTTCGGCGCCGCGTCCCCACATCAAAAGATTTATTGCAGTCACTGTCGCACGGATGAGGGCGGACCAGGTTTTCGCGCCCCGAAGGGATTCCTGTAATCTTGACGGAGGTGGGGGCGGGAAGAGGGGGGGCGAAACGGGAGGGGCCCCGCCGGAGGTCGGGACGAAGAGGAACTCTGACCGGGGGGGATCATTCCAATTGGGCTTCGTAGCGCTGACTGAATGGTCCCGCTCGGTCGCATGCTGACCATCGACATCACGTCCCTTTCGACGGGCATCCACCATGTGGAGTTCGCCCCTTCGGCGAGCCAGGCCGACCTGGACCCCACCACGTTCAGCGACGTGCAGGTCGACGCGGAGCTGCAGTATCACCGCGACCGCATTCTGGTGAAGATGCACGCGACGGCCACGGCCGAGCTGACGTGCGATCGCACCCTTCAGCCCTACGACGAGGCCCTGGAGGGCCAGTACAACGTGCTCTTCGGGCCGCCGTCCATGGTGGGGCAGGAGGGGGACGAGTTCGAGGAGGTGCGGCCGCTCGACGCCTCCGACCGGGAGATCGACCTCACGGACATGGTCCGCGACACGCTGCTCCTCGCCATTCCGCAGCGTCGCATTGCCCCGGGGGCCGAAGACGAGCCCATTGAACGAGAGTTCGGGGGCACGGACGACGCCGACGAGGACGACAGTGCCCCCGTTGACCCACGCTGGAGTGCCCTGGAAGAGCTGAAAGACGATGAGTAGCGCCGTGCGCCCTCGTCAGGCCCGCTCCACCGGTATAAATTCTACGCGAAATGAGGCCGGGCTTCTGAACACCGACGGGGATCCTTCCATCATACGGGAGCCTTTGCCCGAGGCGCTTGGCGGACTTCCGCCACGAATTCGACGTTCATTGTCCCGACGACCCTGAGTCATGGCTGTCCCGAAACGACGACATTCGAAGTCGCGCACCCGAAAGCGCCGCTCGACCTATTACAATGAGCTGGAGCCCCCCCAGCTCATGGAGTGCAATAACTGTGGCAACCCGAAGGTGATGCACCGGGCGTGCAAGCACTGCGGGCACTACCGCGGCCGTCAGGTTATCGAGCCGTCCGACGAGCTGATCGCGTAGGGGATGGAACGGGCAGTCGCCCGGCACCTCCCCACCGATGCGGCCCGCATTCGGGGCCGGCCCATCCCATGCGTCGCGCGTCCTGCCCCGGGTTGGCTACTTTTTTGTCGGGTCTTCGTTCCGAACACGGAGGCGCGTCCGGCGATTGTCTCTGCGTACGCCTATGTTTGCGCCGGAGTGGCGCCGCACTTCTGAGGGGAACAGTGCCCTCCCTTCCGGCGAGACGACAGGCGTCTCTCCGGCACGCATGTTCTGGCAGACACACGGACGGTTCGTATGGCAGCATCGCGTATCGCAGTGGACGCAATGGGGGGCGACAACGCCCCGGAAGCAGTCGTGGAGGGGGCCATTCAGGCCCTCCACCAGACGGAGGGCGAGCTGTCGGTGCTCCTCGTGGGCCCCGAAGAGCAGCTCCACGGCCTTCTGGCGTCGCGCCCGGAGGCGCCTGAAGAGCGGCTCCGCATTGTCGATGCCCCCGAGGCAATTGGCATGGGAGAGACGCCGTCGACCGCCGTCAAGCAGAAGCCCAATTCGTCCATCCACCAGGGCCTTGCGGCGCATCACGACGATCACGCCGACGCCTTCGTGAGCGCCGGCAACACGGGCGCCATCATGGCGGCGTCCATGTTCATCCTGCAGCGCATCCCGGGTGTGGAGCGCCCGTCGATCGCCGGGTTCTTCCCGACCCTGAAGGGGTCCTCCGTGGTCCTCGACATCGGGAGCAACGTCGACTGCAAGCCGGCTCATCTCCTCCAGTTCGCCCGAATGGGCACCGTCTACGCACGGCAGGTCCTCAAGACCGACCCGCCGTCGGTCGGGCTTCTCAACATCGGCGAAGAGCCGGGCAAGGGCAACGAGCAAGTCAAGGCGGCCCACGAATTGCTCCGAGACGCCGACGATGTGCACTTCGTGGGCAACGTAGAGGGGGGCGACCTGCTCTTTTACGCCGCCGACATCATTATCTGCGACGGGTTTGTTGGAAACGCCCTCCTCAAGTTTGGGGAAAGCATGTCGACGGTCCTGTCGGACATGTGTCAGCAGGAGATGGAGCGCCAGGGCCTCGCCCCCGACGAACAGAAGCTCGTGGCGGGGGTGCTCGACGAGGTGCGCGAGGGGTTCGATCCGGAAGCCCTGGGCGGAGCGCCGCTCCTCGGGGTCAACGGAAATGTGCTCGTGGGGCACGGGCGCTCCACGGCGGACGTGATTGCCCAGATGATTCACTCGGCCCGCACCATCGCCACCGAGAACGTCGCCCACGCCTTGGAAGAAGCGTTTCAGTCCTCCTCCGCGTAGTGCCCGGGCGGGTCCCGTCTTCTTCGCACTGTCCGTTTGTCCCATGCCTTCCCCCTCGTCCGCTTCCCCGCAGGCCGCCATCACGTCTGTCGGCCACTACCTTCCCGAGACGCGGCTCACCAACGGCGACCTGGAGGAAATGGTGGAGACCAGCGACGAGTGGATCCGCACGCGGACCGGCATCCAGGAACGGCGCATCCTCGGGGACGACGGCAAGGCAACGGCCTTCATGGCGACGGCGGCCGCCCAGGAGGCCCTCGACAGCCGCGGCATCGAGCCGGACGCGGTGGACCTGATCGTCGTCGCCACGGTGACGCCCGACATGCTCTTCCCGGCCACGGCCTGCCTCGTGCAGGACAACCTCGGGGCGTCGAATGCGTGGGGGTTTGACCTGTCGGCGGCGTGTAGCGGCTTTATCTACGCCCTTACGACGGGGGCCCAGTTCATCGAGACGGGCCAGGCCGAGACGGTGCTCGTGATCGGGGCCGACAAGATGAGCTCGATCGTCGACTACACGGACCGCACCACCTGCATCCTCTTTGGGGACGCGGCGGGGGCGGTGGTGCTGGAGGCCGACGAGGAGGCGGGGCTCCACGACGCGGTCCACCACGTCGACGGGGAGCACAGCGAACTGCTGCGCATGCGAGGGGGCGGCAGCCTCAACCCGCCGACCCACGAGACCGTCGACGCGCACATGCACTATCTCCAGCAGGAGGGACGGCAGGTCTTCAAGCTCGCCGTGAACCGGATGGCGAACGTATGCAGGGAGGTGCTGGACCGCAATGGCCTCGACGCGGCGGGGGTGGACTACCTCGTGCCCCACCAGGCCAACCAGCGCATCATCGACGCGACCGCGAAGCAGCTCGGGCTCTCCTCCGAGCAGGTCATGGTCAACATCGACCGCTACGGCAACACCACCGCCGCGACGATTCCGCTGTGCCTGTACGACTGGGAGGACGAGCTGGAGCGGGGGGACGACCTCATCGTGACGGCCTTCGGCGGCGGCTTGACCTGGGGCGCCGGGCACCTCACCTGGGCCTACGGCTGACGATGGAAAGGCGACCGGGGGCGCCGGTCGCCCGTCCTCATTGCGATCCTGAGCGCACCTCTCGAACCTTGCACTTTAATCGTGACATGGCAACTGCATTTCTTTTTCCCGGACAGGGCTCGCAGGCCGTGGGGATGGGGCACGAGCTCTACGAACAGCACGACGAAGCCCGTGCCTGCTTCGAGGCCGCCAACGACCTCCTCGATTCTGACCTGCTCTCGTTGATGTTCGGGCTGGGGGCGGAGGCGGACACGGCGACCGAAAAGCTGAAGCAGACGGAGATCACGCAGCCGGCCCTCTACACGCACAGCCTGGCGGCCATGGCGGTGCTCGACGCGGGCGGCCCGGAGCCCGACATGGTGGCAGGGCATAGCCTTGGGGAGTACAGCGCGCTGGCGGCCGCGGGGGCCCTGTCGTTCGAAGATGGCCTGCGGGTGGTGCGCCGGCGCGGAGAGCT
NZ_CP169425.1_gap3	61800	66039	4239	CGCTCGTTCTTGTAGACCACCTTCGGCATGCGGAGCCGCTCGCCGAGCAGGCGGAGCCGGGCGCCCGTGAGGAGGTTCTGCACCGGCTCCGGCGCGTCGCCGAAGCGGTCCTCCATCTCGTCGAGGAGGTCGACCAGCGTCGTCTCGTCCGGCGCGTCGCTGATGCGGCGGTAGAGGTTGAGGCGCTCGGTGTTGTCCCGCAGGTACGACTCCGGGATGTAGGCGTCCTCCTCCACGTCGACGGAGGTTTCGGGCCCGGGCGGCACGGCCTCCCCGTCGAACACGTCGTCGAACTCTTCCTCGCGGAGCTCCTTGACGGCCTGGTCGAGGATCTTGTGGTAGGTCTCGTAGCCGACGTCCTCGATGAAGCCGCTCTGCTCGGCGCCCAGCAGCGAGCCGGCGCCGCGGATGTCGAGGTCGCGCATGGCGATGTCGAACCCGCTGCCGAGGTCGGAGAACTGCTCCACCGCCTTCAGCCGCTCGCGGGCGTCGTCGGTGAGGCCGTGCACGGAGGGCACCAGGAGGTGGCAGAACGCCTTCCGCTGCGATCGCCCCACGCGGCCCCGCAGCTGGTGGAGCTCGGAGAGCCCAAAGTGCTCGCCCGCGTGGTTGATGATCATCGTGTTCGCGTTCGAGATGTCGAGCCCGTTCTCGATGATGGAGGTGGAGACGAGGACGTCGAGCTTCTCGTTGACGAAGTCGAGCATCACGTCTTCCAGCTCGCTCGCGCTCATCTGGCCGTGGCCCACGCCGACCCGCACGTTCGGGACCATGGCGCGCACCATCTCGGCCACCTCGTGGATCGTCTTCACGCGGTTGTGGATGAAGAAGACCTGCCCCCCGCGGCTCGTCTCGTAGACGATCGCGTCGCGGATGACGTCCTCGTCGAAAGTGTGGATCTCGGTGTTGATCGGCTGGCGGTTCGGGGGCGGCGTCTCGATGAGCGACAGGTCCCGCGCCCCGAGAAGCGAAAACTGGAGCGTTCGAGGGATGGGTGTGGCGGTCAGCGTGAGCGTATCGATGGCTTCCCGCATCTTGCGGAGCTTCTCCTTCGTCTTCACGCCGAAGCGCTGCTCCTCGTCGACGACGAGGAGCCCGAGATCGTCGAACGTAATGTCGTCGGACGTGATGCGGTGCGTGCCGATGAGGATGTCGACCTGGCCCTTTTCCAGCTTCTCGAGAACCTTGGACTGTTCGGTCCGGGAGCGGAAGCGGGAGAGCACCTCCACGTTCACGGGAAAGCGCTCCATCCGCTCGCTAAACGTGTCGTGGTGCTGCTGGGCGAGGATGGTGGTGGGCACGAGCATGGCCACCTGCTTGCCGTCCTGTACGGCCTTGAAGGCGGCGCGCACGGCCACCTCGGTCTTGCCGAAGCCGACGTCGCCACAGACGAGTCGATCCATCGGCACCGGCTCCTCCATGTCGCGCTTCACCGCCTTGGTGGCCTCGGCCTGGTCCGGCGTGTCCTCGAATTCGAAGCTCGCCTCCATCTCGCGCTGCCAGGTCGTGTCGCTGGAGAAGGCGTAGCCGTCCGACGCCTTCCGCTTCGCGTACAGCTTGATGAGGTCGCGCGCGACCTCCTTGACCTGATCCTTCGTCCGCTGCTTTTTCTTCTCCCACTGCTCGGAGCCGAGCTTCGTGAGGGTGGGCTGGTGCCCCTCCTTGCCGGTGTACTTGTTGAGCTTGTGGAGGGCGTGGACGTTGACGTACAGCACGTCGTTGTCGGCAAAATTGAGGCGGACGGCCTCCTGCTGGTTGTCGCGGACGGTAATCTTCTTCATGCCGTCGAACCGCCCGATGCCGTGGTCCACGTGCACCACGAAGTCGCCCCGCGTCAGGTTCTTGATGTCGCGGAGGTTCATCCCGTCCGCGTGGCCCTCCCACTGCTTGGTGGAGGGGCGGTGGTAGCGGTTAAAGATCTGGTGGTCGGTGAAGACGGCCAGACCCGCCCCGGGCCACTCGAAGCCCTCGTGCAGCGACTCCACGACGAGCCGCGCCCAGCCGTGGTCGATCTCCGACTCCAGCAGGTCGCGGAGGCGAGAGCTCTGGCCGTGGCTGTCGCAGAGAATGAACGTATCGAGGTCGCGGTCGCCGTTTTTCTGGAGCCGCTTCCGCACCAGGTCCATGTCGCTGTTGAAGGACGGCTGCGGGTCGGCCTCCAGGTCGAGCGTGTCGGTGGGCGTGCCGTTGGTGGAAGACTGGCTGAACGTCCCGAACTGAAGGCGCGGGTGCCGCGTGAGGGCCGCCGCCATTTGGTCCCCGGTGAGAAAGCGATCGTCCGGCGGCGTGAGGTCCTCGGGCGTCTGTTCGACTTCGTCGTTCTCCGCGAGCTCCGCCCGGCGCTCCTCGTAGGCGGCCGCGGCCTCCTCGAACTGCGCCTGTGCGCCCTCCCGCACCTGCGCCTCGTCGAGCGTCGCGAGCACCGCCTCGTCGGGCAGGTACTGGAAGAGGGCGATGGACCCGCGGGCCGCCTCCTCGCGCTCCAGGTTGGGGACGAGGCGGGCGGTGGTGAGGCGGCTCACCGAGCGCTGCGTCTGCGGGTCAAACTCGCGCAGGCCGTCCACCTCGTCGCCGAAGAAGTCGATGCGGATGGGATAGGTGCCGGCGTAGGGAAACACGTCGAGGATGCCGCCGCGCCGCGCGAACTCGCCGGGCTCCTCCACGAATTCGACCGGCGAGAAGTCCTGCTCCAGCAGCCGATCGGCCAGCGCCTCCAGCGCGATTTCTTCGCCGTTCTCCACGGTCAGCGTTTCCCGCTGCACGGCCTGGGGCGGGGGCACCAGCTCGCCGACCGCCGGGACGCTCGTCACGAGGATGCCCTCGAAGCCCTCCGCCAGCCGCTGCAGGGCGTCGGCCCGCTCGATGAGCGGCGTTGAGTCCGCGATCTGGTCGGGGTCGTAGGGCGTCTTCTGCGTGGCGGGGACGCGGAGGATCGCCTCGTCCGGCTCCCCGACGAGCTGCTCCAGGTCGCTCTGCAGGTACGCCGCCGCGTCCTCGTCGGGCGTCAGCACGCAGAGTGGGGCCCCAGGCTCCCGGTGGAGGTGATATAGAAGAAAGGCCGGAAGGGACCCGGCGGCCCCGTTCACGTGAAGGGCAGGAGAGCGGTCGCCCCGTTGCGCCTCGGCGGTCCAGGCGCGGAGGCGACTGACGGCCGCAGTGGTTTCGATGCGGTTGGCGATGGCGGTGAGGGACACGGGCGGCGGGTTTTCTGATTCGAGAGAACGGTCGTCCTCGAGCGTGCAGCTTCGCTCGGACGTGCCTGGGAGGGAGGAACCCCAGGGGAGAGGGCGAGTGGGCGAAAGGGCGATTCCCACACTCTGGTCGCGTGGTTCGCGCCCTCTCGCCCTTCACGCATTCGCAGCCCCCAAACACCGAAAGCCCGACGCCGCAACATCAGCGGCGGTCGGGGAGGGGGAGGCAGACCCGAGTGCGGATGGCAAGAGGATTCACTTCGGAAGAATCAACGGCGCAAACGAGCGAGGAGGTTCCTCCGTCGTTGCGCGTTGACGCAACGGGTGGCGAAGAGTCGCAGATGTTTCACGTGGAACGCGCGGTCGAGCGTCGAGGGTGGAGAACCGAAGGGAGGGCACGTTTCACGTGAAACGGGGTGGGCACGTCCACGAGTGCTCTCCCCGTTTGGTCTGTAATCGCGAATCGTCTTCCCCAATCCGCAGGAGCGATGGTCACGGACCCGAGGAAGGCCTACGACCGCTGGCCAGGGCACGTCGAGGCCCTCGGCCCGGTCTTCCAAGAGGCACGGCGCGTGCTGCGGGACGGGGGCACCTTTTACCTCGCGGAGCTACACCCGACCCGGCAGTTCGGCGGCACGCAGGCACATTTCGAGGACGAGGCCACCGGCGAGACGGTTGTGATCGACGCCTGTGCGCATCCGGTCTCCGAATTCGTCAGTGCGGGCGTGGAGGCCGGGTTTGCCGTGCGGGGGATGGGCGAGTGGCGGGCGGATGGCGACGAGCAGCCGCGGCTGTTGTCCATTCGCTTCGGGGCGGGGCTCGATGTGGCGGATTTGCAGCAATAGGATTCCCGGTGCAGCCGGGAGGGGCGAGAGATCAACAGTGTCGGGACACATTGGGGCTCCGTTCTGTAGGAAAGAACGCCTACCTCGACACCGAGCTGTGAGAGCCATGCAAGTCACCCGCACGCCGGCCGACGTATTGGCGACGCTCTCGCGCCGCTACCGGGAGCACTACGGCGACCGTCTGGTGGGGATCTACGCGGTGC
NZ_CP169425.1_gap4	67528	71223	3695	GCGAGGTCCTGAAGCTCGTCGAAGAGAGAGGACGAGTCGGGCATGCGGGGCAAGGGGGGGGGCAATGCGGGCGTACTGCGAAGGGAGACGCTCCTACACCGGAGGCGTCCCTTTATTGCTGCGAGGCTGTGAGCCCCAGCTGGGAGCGAAATCGAACGATGGACCAGCCGAGAAGAACCACGAGGAGCGCGAGGGCGACAGGGCCCCAGGTCCGGAGCGACGAGCCGTCGGAGGCGTTCATCTGGAGAGGACGAGGGGACCCGTAGAGCACTGCGGACGCCCAGAAGAAGGGGCTCAGGTTGTCGGGGTGATTCTCCAGGTACGTGAGTTTGGCCCGCCGAAGGGCCTGGTCTTTGGGCTGTCCCGCTCGAAGGTTCTCGTAGAAGCTCTCCATGAGCGCGACGCTGGACCGATCGGCCGTGGGCCACAGGTTGGACACCGTGGACTGGGCCCCCATGATCCGGAAGGCATACTGGAGCCCCGCCATGCCCTCCCCCCCTCGGAGGGCCCCGCGGGCGGTGTTGCACCCACTGAGGACGGCCAACGGGAGGGCCCGGTCGCGGGTCTGGAGCTCGTGGAGAAACAAAAGCCCGTCCGAGCTGGAGTCGGGGTGGAGAAGAAAGGCGTTCCGGAGGGAGGAGGATGGGGAGACGAGGGCGTGCGAGGCCAGATGCAGAACGTCGGCCTCTTGGCTGGCGGCGGCGAAGGCCGGCTCCGTCGCCTGCTCGTCGAGGAACGTCTTCGCGTCGTCGAACAGCCGGTCGAGGGCGTTAATCTCGGACTGCACGCCGGGCAGAGGGGGCAAGGACAGGGACGAGGCTGCGGTCGTGTCGGCGCGGGAGGACGGCAGGGACGGAGGCGGGGGGCGGAGGGAATCAAACGAGGACACCCCGAAGGCCGCCAGGTCGGACGAAGACGATGCGGCGTCGCCTCGTGTTGCCGAGGTGTCGGTCGCCAGCGAGGCCGAGAGATCAAGTGCCGTCGGGCGTTCGTGGAGCACAAAGCGGGCCTGTTCGTGGTCGTAGCGCCCCCCCGGCGCCGCCGTGGCCAGCATCGAAAATGGCACGTGAAACATCGGCCCGTCGGGGATGACCGTTAGGGGCTGTCCGTCGGGGAGGTGCGCCGCCACGGGGGCGTAAAGGTGGTCGTGCAGCGCCCGAAGCGGGCGGAGGTCGAAGTGCATCGCGCTGATGCTCCGAGACGCCTGCCGGTCCGCGAACAGGGAAGAGATGGTGTTGACGTGAGCCCGGATCGAATCCTGAGAGAGGCCCGGAAGGGCGACTGCCTGGAGCGTGTCCCCCGTCAGGACGAAGGCCGCAGAGCGAGGGGGGCGGTCGTACACGGGCCACGGGTCGTCGAGGAAGTACGAGACGAGGGTCCGATCCTGCTGGGCGATCGACGCAGCGATTTCGTCCACCGACGGTCGCGGCGTCCTTGCCGAGTCGAGACGCAGGACGCGCTGCCGGTTGGCCATGAGGCTCGCCTTGCGGGCGCGGAGGGCGGCCTCCGTGGCGTCGGACAACGAGTCGGTGCCGAGCCGGTTGCGCACGTCCGTGAGGGCACGGCCGAGGCTGTCGAACCGGGCCCGAGTCGCGGGGGAGAGCTGGGTCGCCACCCGGTTCCGCGTACGCAGGTCCCGGAGATAGCGGGCCCGGGTGCGGTCCAGAGCGGCCAGGGCCGCACGGGGCTGGTTTTGAGCCAGAAGGGTGCGCACGAGCCCGCGGTGCACGTCGCGCCACTGGGTAAAGGCCGTTGAGGCCCACTGCGTGGCGGTAAGCGACTCCCGATACCGCTTGATCACGGCCACGCCCGCCCGGTATTGAGCCTCTGCCGTGGCCCAATTTTGCTGTAGCTCGTGCAGGCGCCCCAATCCCCGGCGGATGCGTCGCTGCTGGTCGAGGTTGCCCATCCGTTCGGCGATGGCGAGTGACGTGTTCAGCACCGACTCGGCCTCCGTCCAGCGCTCGGTTTGCATGTGTAGCACGCCGAGCTTGAGCAGGGCGAAGGCGCGGAGCTGCGCGTCGTCCCGGGCCTGGGCGTACCGGCGCACCTCTGCGTTCAGCGCGTAGGCACGGTCGAACGACCCTAGGTACCCGAGGCTTTCGGACAGCGCAAGCGCAAGGTCGATGCGTCGGTCGGAAGACGTGGCGAGCGAACGGCCCTTGCGGGCGAGATCGCGGGCTCGACGCAGGGACGCCCGATCGAACTCGGTGTTGAGGGTTTCTTCCAGGAGCAGGTTGGCCTGGAGGTAGAGCAGGCGGGCCCATTCGGAAGGGTGTTCCTCGGACGTACGGTCGTGCTCGCGCGCCAGCCGCCGTGCGCGGGTGTAGTAGCGACGGGCTGACTGGTAGTCCTGGGTGTACTGATGCAGAAGGCCCACATCGAGAAGGTGGGTGACCCGGAGCCCAACCTCGTGCTCCGAGGTCTTCCGAAGGGCCGTCGAGTAGTGGGTGATGGACGCGGAGAGGTTCCCGATCCGGAAGTGAAGGAATCCCTGATCCTGATGGAGGGCGCGGATCCACCCCGTGCGGGTGCCCTCGGCGGACGGAATGTTGGGGGCGGCGTTGAGGTAAGAGCGGGCGTCTTCGAAGGTCTCAAACGCATCGGCGAACCGGCGCAGGGCGGCGAGCAGGGCTGTTTCTACCTGAAACGTGCGCATGATGTTGCCGAGGTAGGGCCGTTCGACCCGCGAGGGGTCGAGGGTCCGGAAGCAAGCCCGCGCCGCACGCACTTGAGAAAGGTACGCTCGCACCGTGTCCCGGGGCACGGGCGGGGTGCTGGACCACATTTGGGGCACCCCCTCTCCCCAGTTGATCGGTGGGGGCGACTGGACCGGCGCCTGACGCAGGCACGCATCCAGGTCGTCGGCCGCGTCGACCGAGAACGGCGGGACGACCAACAGCGATGTGGCCAAGAGAACGACGAGCATCACCGGGGGCTAGACGGAAAGCGGTCTGTTTGTTAGGTTAACAAACGCTTCTCCTCAAGAGGGACACCAACGTTCACGCTTCTTTCCATAGTGTCCGGTATCACGCCATGACCACAGCAACTGAGCACCTGCGCGACGCCTTTCGACGTTCTGTTCGTTATGCAGGCGGCGGGGCCGACCCCTCGTCGGGAAGCGGTGGGGGCGGTGGGTCAGGCGGCGGTGGGTCAGGCGGTGGGGGGAGTGAGGAGGACGAAGAACTTGAAACCTAAAGACAGGCCCCGACCATCGCAAAGGCCCACGAGGTCGCGACGAAAACGAGACGGGGGCGTAGACAACACGTCGCGGAGCGCCGGTCGCTCAGAACGATTCCGGGCGCCCGTAGAGGGAGGCCGTGCACGTGCAGGTGCCGCCACAGGCGGGACAGTGAGGACGACTGTTCGTCCGGGCGTAGTAGCGCTCGATGGTGGCAATCCGCGTGAAATCGTGCTTTTCGAACAGCACGCGGCTGCCGACGGGGGCGGGCCGGTGCCACGCGATGCCGAACACGCGGGAGACGCCCCGATCGGTAAGCCGCTCAAGCCGGCGCTTGTAGAAGGCGGTCCCGACCCCACGGTTTTCCCAGTCCGCCCGCACACAGGTGAGATGGAACAGGCCGTTCTGGGACGCGAGCGGCACGTCCAGGTCAAGCGTGTCGAGCCCAAGGTAGTGGCGGGTGTAGCGCCGGGTGCCCACCTCAAGGAACGAGACGCCCACGAGGGCATCGTCC
NZ_CP169425.1_gap5	72418	72956	538	GGCCCTCAAGCTGGCGCAGTACTTCTACCTGCAACAGCGGAACGACACCGAGCCGCTGCTGCTCCTCGACGACGCCTTCGGCAAGCTCGACGCGGAGCGCACCGGGGTCTTTCTCGACCTCCTCCGGTCGGACGCCGTGGGGCAGAGCCTCGTCACCGCCACCCGCCGGGGGCCCTTCGAGCCGGCGCTCAACGCAGAGCCCGCGTCGCACCGTGCCCTGCAGGTCCGCCCGGGCGGCGGGACGGCGGCGGTGACGCCGGATCCGGAGTACGCCCGTGGAGAGGCGACGGCCGCCAACGGCGCGGCGTCGGCGCCCACAGGGGCTGACGCGGCGTCCACGTCCCGCGACTGAGCGGAGAACGACGCACCTATCTTTGCCAACAAGCGACAGCACGTCTCCGATGAGCAGGTCTTTGACCGCACGCCGCGCCCCCGCTCGACGCACGAGGCTTTGGGCCCTTGTGCCCGTCCTCGTACTGCTCCTGGCGGTCGGCACCGGGTGTGTCTCGACGGGCACGAACCCGGTTTCCGGAAACAC
NZ_CP169425.1_gap6	258840	263745	4905	GTGCTTTTGGAGTGCTCTTCTCGTGCTCTACTCAATAATGTAATTCGACTTCTGCTTCGGCGCGGCCTTCAGCGCCAGAGCAATCTTCCACAGGTCTGTCGTCGTCAGCCGAAGCAGCGCCGAGGTAAATCGAGCCATGAACTTCAGGTGGGCGCGGCGGGGCGAGGTGATCAGAGAGAACGTTCGTGATTGAGGCGACCTGTCGCATAATCAGCGGGGCTGGCGCGTGGCAGAGATCGCGACTTGGTGGTCACGATCTGTATTGCCGGGCACCGGTCCCGTTCACATGTTGAGACCCGCCTCATTTTTGTCACGTACAGTGAGCCACCTGTCGGTCTTTTGACCCACTCCCCCGGCTAATCCAGCTGTCGCTTGGCGGGAGATTCTGCGGTCTCGCTACTTGCTCGTAGCATCGCGGGCCGCCGCCCCTGACGGTCTTACGCCCGCTTCCGCGCTGGAGAGGGCCCTCTCCAGTACATTTCGTGCTGCATTCAAATCACGATCATGCAAGGAACCGCATTCTTCACAAGTCCAAGTTCGTTCCTCAAGCGACAGGTCTTCGTATCTGTGGCTACAGTCGGAGCACGTCTGCGAGGAGGGAAACCAGCGGTCAATCTTGCGGACTTCTTTGCCCTCTTTTTGGGCAACGTGCTCCAGAATCTTGACGAAGGAAGCGAAGCCGAGATCACTTACTTTCCTTCCCCAAAGCTCTTTCATCGCTCCGACGTTGAGCTCCTCAATATAAACAACGTCGTATCGGGAGAAGAGCCTGCGGGCGAGCTTGAAGTGGAAGTCTTTCCGCTGGTTGTCAATCTGGCGGTACTTCTTCGCCAGCCGGCGTTTCGCCTCCTTTCGATTGTTGGAGCCACGTTCTTTGCGAGAAAGCTTCTTGTGAAGGTCCTGGACCTCTTCCAGGCTTTTCCTGAGCAGCTCTGGAGCCTGAATCTTCTCTCCATCGGAAGTCACAAGAAAGTCCTTGAGTCCAAAATCCAGCCCTCTCGGCACCTACCTGTTCGTGGCAGTTCAGGGGTAGACGGTTTCTTCTCGACGGAGAAACAGATCCAGAGATACCCGCAGGCATCTCGCTTGATCGTGACGGTTTTGATCTCGCCCTTGATCGGGCGCGACTTGACGAATTTGTAGTTGTGGTTTTGGATGCGAACTCGGTTTCCACCGAGGAGCTTCCAACCGGTCTGCGTGAGCGTAAACGAGGTGTATTTCTCGCGCTTCTTGAACCCAGGACGCCCGGCAGAATCGATCTCGAAGAACCGCTGGTACGCCCGGTCTAGGCGCTCAATCACGTTCTGAAGCGCCTGCGAGTTGAGGTCGTACCAGTGGCCCTTGTCCCGCTGCTTCAGCTTCGTGAGATGCTTCTTGAGCGTGTAATAGCCTGGATACTCATCGTAGATTTCGTAGTACCGGCGAGTCAGAGCGACGAAGTGATTCCACACCTCCGACGCAAGCTCAATGCCACGCACGAGGTGTTTGTTACGCTCGTGTCTATAAAGCCGGTACTTATACGTCTTACGCATCGGCTGGAAACAGAAAAGCCCCCGCAGTCCTCGACAGGTGGAACTGGGTGCAGAGCAACCCGGCTGTCGAGTACACGGAGGCATCAAAACTCACAATGCTCTGCTTGTGGAGTTCCACCTCCGACTTCAGCACTGTTATGTGTAGAAAGACAATCCGGGAGAGTTTCGGAGAGAATACTCGTTTTGAACTCGCATTCTCACTGTGAAGGAGTCCGTGTATCCCCCGGCTGAAGCCGGAGGGTTTACTGCTCCTTCACGCATCCTCAATACTCTAATCGCCTGTCGGTATTCCGCCTTCCGCCCCCGGCAGCCGGACGGTCATGCAAGTGCCCTCCCCTTTCTGGGTGTCCACCTCGATGGAGCCGCCCATCTGGGCCACCGCCTCCCTCGTCACCGCCAGCCCGATGCCGGTGCCCTCGTACTCCCGGCTGAGGCCCTCGGAGGCCTGCCGAAACGGCTCAAAGAGCCCCTCGGCCACCTCCGGATCCATCCCGATGCCGGTGTCCTCCACCTCCAAGACAGCCCAGCTATCCTTTCGTACCTGATCGCTCTTTTCGGCCTGCCCATCCTCTTGGGAATCCCCGTCTTCCCGGTAGGTGCGCACCGTCACCCCGCCCTCATCGGTGTACTTGATCGCGTTGGCCAGGAGGTTTCGGATCACGATCTGCACGCCCCCCTCGTCGGCCTCGGCGAGGACCGCCGGGCCACCGCCGGTCTCCAGCTCCAGCTCGATTCCCTTCTCCTCCGCATCCGGCCGGAGCTCCCCCGCGGCAAGGCGGGCCTGCTCCGGCAGGTCTATCGGGCCGGCCTCCATCTCCATCTGCCCGGCCTGGAGCTTCGAGAGGTTCAATACCCCATTCAGCGTCTCCAGAAGACGCTTTCCGCTCTGTTCGATCGTAGAGGCGTAGCCTGGTAGCGGGCTCTCCTCCGAGAGCTCCAGCCCGGAGGCCTCCCGCCCCAGCATCTCGGCGAAGCCGATGATCGAGGTCAGCGGCGTGCGGATCTCGTGGCTCATGTTCGCGAGCAAAGCGCTTTTGAGGCGGCTGGCCTCCTCGGCCTCCTCTTTTGCCTCCTCGGCTTCCTGCCTCGCCTCTTCAGATTCCTTCCTTGCCTGCTCCGCTTCTTTTTTCGCCGTGAGAAGCTCTTCCTCTCGCTTGAGACGTTCCAGCACGAGGGCGGCGTAGCTCCCGAGCACCTCCACCAGACGCAAGTCGAAGGGCCCGATCCCACCGGCCTCGAAGCTGCCCACGGAGATAAGCCCGTAGCGGCCCATCGGCACGTACGCCGTCGCCCGAACGTCACCGCGGTCCATCGCCTCAAATTCGGCAGAAAGGTCCTCGAAGGCGCGCGTCTCGCCGGACCTATGCGCCTCGGCCGCAGGCGTGTCTCCGCCGATGTCGTAGGAAGGGCGCCCTGGCATCCGCTCCTGCACGACATCCGGCACGTGGGCGGGCACGAGCTTGCCGCCTCTAGCCAGGCGAATGGTCGTCGCCGGGTAGCCGAGCGACTGCCGGATGAGGCTCGAAAGCCGTGCGCTCAGGTCCTCCGGGCCCTCGGCCTGAAGCAGGTGATTGGTCGCCTCGTAGAGGCTTTCGAGCTTTTCCTGACGTTCGCGGAGGGCCTCCTCCCGCTTTTTGCGCTCGGTAACAACCTCAAAGTAGAAGGCAAGGCCTCCATCTTCGTTTGGGTATACCTGCACCTCGAACCACTCGCCCGTGCCTGAATACTGCTCCTCGATCGCCGTCGGCTCCCTAGACTGCATCACCTCGCGGTAGACCTCCTCGAAGCGAGTCCCTTCGAACTGAGAAAACACGTCCCAGAAGTTCTTCCCGAGCAAATTGTCTTCAGCCTTCTCGTAGAACTCTTCGGCCCGGTCGTTGACGAGCGTGAACCGCCACTCCGAATCGACCTCGACAATTGCGTCGGTGACCCGCTGGACCGTTTGCTTCCGGCGGCGCCTCTCTTCCTTCCGCTCGGTGATGTCGGTGATGGCCCCGTCGAAGTACGTCTTCCCCTCCTCCTCTTCCTCAACTTGCTGGCTGCTGAGCAGGCCGACAAACACCGTCCCGTCCTTCCGGCGGTAGCGCACCTCCTCCTGGTGGAGCCGGCCGTCCCGGTGTTCTTTCTCGATCAGCTCCTCCCGCCGACCCGGGTCTACGTAGAGGGCCTCCGGCCCAGCCTCCCTCAGTTCCTGCAGGTCCCGGTAGCCAAACATCTCGATGAAGGCGGAATTGGCGTAAACGATTCCCTCCTCCTCCGTCGAGCGGTAGATGCCCTCCGAGACGTTCTCGGTGATTGACTCCGCGCGCCGCTTCTCCCTGCGCAGCTCCTGCCGGCTCTCCCTTAGCTCCTGCTCCCGCCGTTTCCGCCCGGTGATGTCGGCGAGGGTGCCCCAAAACACAACCTCTTCTCCTTCAGGGCTGCTCTCCGAGTTCGGCTCCGCGGACCCGAGAAGCCAGACCCGCTCTCCATCCGGCCGCTCGAACGGAAACTCATGCCGCCACGCGGACCGGCCCTCCACTGCCTCCTCCACCGACTGAAGAAACTCCTCCCGGTGGCCCTCCGGGACGCGCTCTGCAAACCGCCTGTAGAACTCCTCCGGACTTGAGGAGAGGCCGAGGAAAGCCTCCGCCTCCTTGCCGATAAATTCGACGGAGCGCTTCCCGCCGGGGCCCGCCCAGAACTCAAACGCCAGGCCCGGCATGCTGTCGGAGATCGCCTCCAGGCGAGAGGCCCGCTCCCGGCGCCGGAGCACCCGCTCGCTCAAGTCCTGCAGGACCACCAGCCGACCGGCCCCCGGCCCTGCCTGGCTCTCGACCGGCCGGTAGTACCGGGTCTCTCCCCCACCAGCCGTTACTTGGAGCATTCCGTCCTCTTCGGGGGGCTTCTTTCCGGAACGTCTTCCGTTCTCTTTCAAGCCTCTTCTCTTTTCCGGCTCCTTGACTGTCACCTTCTCACCCAGCCCCCCTCCATCCAGCGCTCTTGCAAGTCGGGGCAGCGCCTCCTCCAGGCGGCGTCTTGTTGCCCCTTTTTGAGGGGTCTCTTCCTGAAGGGTCTCTTCCTGAGAGGCTCCTCCCCGGAGCGCCGGGAAGAGCTTGGCGGCCGCCCGGTTGTAGTTCCGCAGGCGGCCATCTCCAGAAAGAATCAGGGCCGGCTTCGCCTGGATGCCCGCCTGGCTAGTCCTCTCAAACCGTTCCCGGTAGACAAACAGCGCCCCGAGGGCAAACGCCGCCACCCCGACCGGCTCGTGGTTCAGGTTCAAGAGGTAGTGCGTGGCCTGCCCGACCGCGTTGGCCCCGAGCGGCAGGGCCGTCAGCGCGAACAGGCCCGCCAACCTCTCCCCTCCCACCTGCGCTCGCCGCAGGGGCTCGGA
NZ_CP169425.1_gap7	265203	270091	4888	GGTGCCTGCGTAGGCAGACCCACCACTTGAATCGGCAGCGGGTCTTCGGCTGTCGCTCCTGAGGGGACCTCCGGCCAGTTGCCCGGCACCTTGAAGGGCCAAGGCCACTGTTGAGTCTCCAATCTCCCGATGATGTCGGCGTGGTAGTGAACCGGCCAGCTGCCAAAGCACTACGTAGATCACCCGAGCTTCCGAGTAGCAGTCAGCGACCTCCCGATAGAGATCGAGCAAGACCTGTCAGCCGGTCTCCTTGGCCCGGCGAGCGTGTACCGTCCCGGTAGTGGCATTCAGGCAGGCCGCAACGCGCATCTGCTGGTTGGAGCTCTGCGATGGGGCAGCGGTCGGCTGCTTCTCTCCCTTCGCCTCGTAGCCTTGGGTTGAGGGTGGGGACCTTCTCGTATCCACACTCATCGAGATAAAGCAGTGTCACATCAGGGTCGGTACGGGCCTCCTCAAGCCGCTCAGCGGCGTACTGACGCTTTTCTTCGTAGTCTGGATCTGGACTTCACATTCGCCGAGAGGCCCCGCTTGTAGGAGATGCCCAATAGGAGATGCCCAATAGGAGATGCCCAGTCGGCCGAGCAGCTTCGAGAATCCTCCTCGGGCGGATGATGTCTTTAGGGATGTCTCCGATCGAATCCATGTTCTGGGCAGGAGCCCCAAGGTCCAGCGCGTCCGATCGAGACCCGCGCTGCGCGGGGTGCGGCGCACCAGGTAAAGTACCTCTTCCCGGGCCTCCTCCTCCAGGCTGTGCTCAGGGGAAAAGCGGGCCTAAAGCCTGCGGCCTTCCTCGACGTATAAGGCAGCAATTCCGTGATCCTGCCAGTCGTGACAGGAGGTGTAGACAGTATCGGGGACGCGGGACTGCAGGAGTACGGGACTGCAAAAGACCCTCGCGGGCAACTTTGCGGCTGGACCAACCGTCGTCGATCTTCAAGAGAGCAGCGGCGCGTTCCCGCATATGTTCCCGCACATGCGGCTTGTCGTGGCGCTTGCGAGCATCGCAGAGCGTGCGTCGTTCAGGGTCGGTCAGGTCGGGTCAGCGCGGAGGGCATGGGCAGAAGGGTCGGCGTGAGAGAATAGCGTGATGACAGGTGCTGATTCTCACGGTAACACAGCCCACATGTTAGAGTATTGAGGATGCGTGAAGGAGCAGTAAACCCTCCGGATTCATCCGGGAAATACACGGACTCCTTCACAGTGAGAAGTCGAACGCAATGTGAGGCTTCTCTCCCGGAACACCGGCCATGAGGGTCTGTTGATTGAGTGATGCCAATCAACAAAGAACCATACCGCAGAGGCCGTCACGCCGTCCATGCGGTGAAGTACCACTTCGTGTTCTGCCCTAAACGTCGGGCGAGTGTTCTCAAAGACGAAGTGGCAAACCGCTTGGGAAAGGTGCTTCATGAAGTGGCTGAAGAACATGACTGGGAGATCAATTCCCTTGCGATTCGGCCCGATCATGTTCATCTCTTCGTCCAGGCAGACACTCGACACGCTCCCTACCAAGTAATCCATCGATTCAAGGGAACCAGTGCTCACGTTCTTCGAGACGAGTTCGACCATCTGCATAGACTTCCATCTCTCTGGACCCGCTCCTACTTTGTCAGCACGACCGGCAAAGCGGGTGAGCAAGTCGTCCAGCAGTATATCGAAGATCAATCCTGACGCATGTACCTGACCCGCAAATTCCATATCGAGGGCACCGAGCAGCTTGAACGGCTGTCTCGCTCGTCTGCGGATCTGTGGAACTCGATCTGCAAGTGGTACTGGCGTACTGTCGACCGTCAAGACCACTGGCTCTCGAAGACGGCGATGCGTCGGTGGCACTGCAAGGGTCACGACGTGCTGCCGTCTCAGACGGCCCAGGAAGTTGCAGAGCAGTTCTACGAAGCGATTGACTCCTGGCATGACAACGACCGGAAGGGTGATCCTCCGAAGCGCTCGGACAAAACCTACAACGTACTCCGATGGACGTACCAGGGCGTCACGCTCCGAGATGACGGTGTGCTTCGACTGTCTACGAAGCGTGGAGACGACTCGATTCTGATTGACTGGCCCGCCCGTGAAGAACCTCGCACCGTCGAGATCGGCAAGACCTCGGGTGGTTTTGTCGTTCGTGCTCAGTATGACACAGAGCCCGTTGATCGGACGACCGGAAATAAGGTTGCCGGGATCGATCTCGGAGAGAAGCACCTCGCCGCTGTCTTCACGGGCGGGGATGCCTTCACGGTCAACGGTGGTGAGCTTCGAGCCCTTCGTCACTATCAGAACAGCCTCAAGGCCAAGCTCAACGCGAAGATAGACCGCAAAGAGCGCGGTTCGAATCGCTGGAATAAGCTGGTCGAGACGAAGCAAGAACAACTGGACCACATCGATAACAAGATCACGGATCTCCTTCACAAATTGTCGAGGAAGACCGTGGAGATGCTCCTTGAACGAGGTGTCTCTGCGGTCGCAATCGGCGATGTTCGCGGCATCCGTGATCGGATGGGCTACGGAACGAAAATGAACCAACGCCTCCACCAGTGGGCCTATGGCGAGTTTGCTCGGATGATCGAGTACAAAGCCAAGCTCGCTGGAATCACGGTTGAACGTGTTGATGAGGCATACACGTCCCAAGAATGCCCACACTGCGGCCACCGAAAAAAGTCGAGTGGACGGAGCTATACGTGCAGTGGGTGTGGTTTTCATGGGCATCGGGACGTTGTAGGTGCTGCGAACATTCGAAGGAAGTATGTCGGGTCTGACGATCAGACCCGTCTACCTGGGGTCATGGCTTCCCCCTCGGGAGTGAGGTTTCGCCCTCACCTCTCGTGTAGCTCGCGGAGCAGGCGTAGGACCTCACGGCAGCCTGTGTAGAACGCGAAGAATCTCCCGGCTTCAGCCGGGGGAGAAGTCAACGAAGGTCATCCCGTGTGGTCGTCCGTCGACCGCGGTCGCCGCACATAAAGGCAACCACTTCCGCGATCAACTCAATAGCTTTAAAGTGCAGCCTGAAGGTCTACGTTGTGCCCAGGGAGGACCTGATTATTTTGAAAATTGCGTGGGCGAAGGACTCTCGATTCAAGGTCCAGGAGCGCGCCGTTCGAAACCTACTGGCGACTGACCACGACGAAGACGACGTGGAGCACTGGCTGAGAGAACTGGATCTTCATGACTTCGCGGAACGCTGGCTGGCATGAACGACACCACTCCCCAGATGCAGGACCTCCATTGGGACCTACTCATGGCCCGATCGAATGAGGAGCGCTTCCAGATGGGCATCTCCATGTGCCAGACGGCCCGTACGATCGTCTGGTCATCCCTCCCCGAGGACCTCAGTCCAACCGAGCGCTGCGTCCAGTTCTTTCTGCGCTACTACGGCGACGACTTGCCGCCGGACCGGTGCGACGAAATCGTGGCTGAGATGCGGTCCCACGACGAGAAGACGACGTAAGACACTCCTTGTTGGGACTCCCCATCAGATCCAGAAGGAAGGCTCACGACTGGCCCTGTGGGTCCGGTATGTATGTATCAGGCGTGTGCGCCGCCGCGGCAGGCGATCATGGGACCGCCCCGTCCGTTCGGGGCCCGAATAAAATACACAAAAGACGAGAGCGCACATTCCAGAGGAGAAGTCCCCTCGGCTCTACAGATGCGCCGGCACCCACTGGACAATCCGTTCGATGGCGTTCTGGAATCCCTCCAGGTATTCTGCCCCCTGATGTCCCGCGGGTGAGGGGACCTGAATCCGGTTCGCGTCGAACGCTCCCCCGAATTCTTCGAACAAGTCGCGGGCGCGGGTACTGGCCATGTACTTGCTCAAAGATTCCGCCTCGTGGGCCCACTCTCGGACCCGCGTCAGAAAGGCAAAGACCTGTGCCCAATACCTCCACTTCGGGACACCAGTCTCTCGAGTCTGTTCGGCAGTTTCGGATCTGTGGAGGAGGGCCATCCACGAACGAACAGGCGCCCGGTACTCTGCCGGTCGCCCCCCGCTTTTCTCAATGAAATCGGCCCGCACAAGGTCTTCGAGAGCACCACTGATGGTGGCCCGGGAGTACCCGGTGGCCTCAGTCGCCTGTCTGGTCGTTGCCGTCTGGCCCTCGATTCCCAGAAGGAAGGCAAGAACGTCGGCCTTTGCGCTTACCCCGAACCCCGCTCGCAACTGGAGAAGGAGGGAGGCGGGGGAGCGAAGCTGAGGATCCTCGGGACCCTTGCGGTCTCGCTCGGAGTCATTTTTGGTTCCCTCACTGGCGTATTTCTTCCACCGCTTGTCCCCGGCCCGGGTGGCCCAGCGGCTATACTCGTGGAGGCGCTCCTGTACGTCTGGGGGGAAGTCCTTTGCGAGCGTCTTTGTCCGCTGCACGCTCAAAAGGCCCGACCCGACCTCGGCCCACCATCTCGCAAGGTCCCGAAGTCGACGCTCTTCCGGAATCAGGTGGAGGGACAGGAGAAGCAGGGCTTCTGGGTCGATGATCGCGGAGGCGCTCCGGCCTTCGTGAAGCGTGCCTGCTCCGAGCGCGGACCACTGTGCCCAGGCGGCCCGAGCGCCGATCTCCCCTAAACGCTCCTTGAGGCTACTCAATGTCATCTCGGACATGGCGGATCACCTGGTCGATGTGATCTGCGACAATGGGAGATGGGTCTTCGGACGTGGCCCACCCCCGAGCCTCCTCAAGTTCCTCCTCGGTTGGGTTCAATCGGACCAGATCCTGGTAGTGGACACTTTGAGGGCCTCCCTGATCAACAGCTGCGAGAAGCTTCAGCGCAATGAGGGGCCGGCGCCCCGCAACGCCGACCCGAAGCCCTCCGAAGCGGTGCCACGTGAGGTTCTCTTCAAGGGAGGGTGGAAGGCTCGTTTCCCACTGGTTGGCGACCGCCGTATTCAACCACCCTGATGGAA
NZ_CP169425.1_gap8	404630	409421	4791	CGGGAGCGGCATTACGGACGAGAGCACGTGGGCCGGCCTCGTGGACCTGCTGGCCAGCCTCGCCGCCGAGTTCCCCGCCGTCCGTGCGCTGAACGTGGGGGGCGGGCTGGGCGTGCCGAATGCCTCGGGCGGCCGCCCGCTCGACCTCGACGCGCTCGACGCTGCCCTGGGTAAGGCCGCCGCCCGGCACCCGCAGTACGACCTCTGGATGGAGCCGGGCCGCTACCTGGTGGCGGAGGCCGGCGTGCTGCTCGCCCGCGTCACACAGACGAAAACGAAGGACGCGGCGGCGTACGTGGGGCTCGACACGGGCATGAATAGCCTCCTGCGTCCGGCCCTCTACGGCGCCCACCACGAGATCGTCAACCTCAGTCGCCTCGACGAACCGCCCGCCATGACGGCGGACGTGGTGGGGCCGGTGTGCGAGACCGGCGACGTGCTGGGCCACGACCGCCGCCTGCCGCCCACCGAGCCGGGCGACACGCTGCTCGTGGCGACGACGGGCGCCTACGGGGCGAGCATGAGCAACCGGTACAACCTGCGCGAGCCCGCCTCGGAGGTCATGCTGGCCCCCGAACCGGCATGAATCGGCGTAGCCCCATGGTCTGCGCTAAAGCGTGTCTGGAAAGTCGGGGGCACGGTCCGACTGCTCCAGCTCCTCGTCCGCGAAGAAGTGAACGCGGCCCGTCTCATCCACGACCCACACCTCATCGGCCCCGGCGTCTCGATAGAGAGCAATTTTCTCCTCCATCTCGTCCCAGTCATTTGAGGCGCTCATCACCTCGACGCAGACCTCCGGGGCAAGCGTCGGCGGCTCCCCGGTTTCCTCCATGTTTTCGAATCGGGTTTCCGATGCCCAGATCACGTCGGCCTGCTTTGTCCCACCGGCGGTTGCAATGGGCCATTCCGAAAACGCCTCTCCGGCGTCAAGAAGCGCGTCGAGCGTCTCCTGAATACGCTTTTGCTGGCGGGCGTGGTGTGTGGTGTGTGGACTCAAGACAATCTGGCCTCGATGATTGGTCTCGACCTTGTAGGGGAGGTCGCGGAGGATCGGATCGGCGACAATCTCCTGCCATTGCTCCTGGTGCTCTTCCGCGTGGGTCTTGGTGGTGGGCATGGCGTCTGGGACCAGTCTTGGGTACGGCAATGGGGATGAGAACAAACGGTGAAGGTAGAGGATCCCCCTTTGTTCGAAGGGCCGTCGGTCCCGCGCACGGTTCATCGCCCCCCTTTCTTCCATCGCTGCTGCTTCGCATATTGAAAGCCCAAGCCGACCGCGGCCCATGGCGCAGCGGCACGTCCCCTCCCACGAATCAACCCCGCAGGTCCAATGAGCACCATCCGCACCGACGGCATCGACTACGACATCATCGGCGACGACATGCAACTCGTGGAGGTGGAGCTCGACCCCCAAGAAGGCGTGCGCGCCGAGGCCGGTACCATGATCTACATGGACGACGGCGTCCGCATGCAGACCGATACCGGGGGCGGCCTCTTCAAGGGCTTCAAGCGGATGGTGTCCGGGGAGAGCTTCTTCATCACGACGTTCGTCCACGAGGGGCAGGGCAAGAGCCATGTCGCATTTGCGGCCCCGTATCCCGGCAAGATTATTCCCGTTCAACTCGACGACTTTGGCGGCGAGTTCCTGTGTCAGAAGGACGCGTTCCTCTGCGCCAACGCCAACGTCGAGATCGAGGTGGCCTTCACCAAGCGCATGGGCGCGGGCCTCTTCGGCGGCGAGGGGTTCATCCTGCAGCGCCTCACGGGGCAGGGCTGGACGTTCATCCACGCCGGGGGCACCGTCGTCGAGCGCACGCTCGAGGCCGGTGAGACACTGCGGATCGATACTGGTTGCCTCGCGGCGTTTTCCAGCAGCATCGACTACGACATCGAGTTCATCGGCGGCTTCAAGAACGCGCTCTTTGGCGGCGAGGGCCTCTTCCTCACCACGCTCACCGGGCCCGGCACCGTGTACCTGCAGAGCCTTCCGTTCTCACGCCTTGCCGACCGCATCGTGGCCGGCGAGCTTGCCAACCGGGGAGAGAGTGAGGGCCCGGGCGGGACGGGCATCCTCGGCGACCTCATTTCCGGCAGCTAGACCCCTGTTTTCATGCAGGCCTCGGGGCCGCGAGCGGCCTCGCCTCTCCCGACGACCGGTCCGGGAAGGGGCCCTTCCGCGAGGGAACGTCGACATGCCAGGTTCTGAGGCGTGCGGGGACTGGGAGAAGGGACATGTTTGAAATATGTGTGCTGGTTTGTATTGTGGTGGGGCATCGACGCCATGCCCCGCTCAGCAGATCCCACCGCGCCCATGTCGCTTTTGTGCAGTGCCGATGACCCGAACCACTCCTCTGTCCAGTCCGACGTCGTCGTGACGGCCGCGCGTCCGGCCCGTCACACGCCGCGCCTACGCCAGCCCTTTTTCCTGACCCGGGTCGAGGCCGGCTTCCCGTCGCCCGCCTCCGACTACGTGGAAACCGAGCTCGACCTGGCCGAGCACCTGATCGAGCACGAGGCCGCGACCTACTACCTCCGGGTGTCGGGGACGTCCATGACGCGGGCGGGCATTCACGACGGGGACATCCTGGTGGTCGACCGTGCCGTGGAGCCCGCGGACGGAGACGTCGTGGTGGCCGCGCTCGACGCCGAGCTGACCGTCAAGCGGCTCCGGACGCGCGACGGACGGGCCTTCCTCGTCCCCGAGAGTCAGCACCACGACCCCATTCCGGTCCGGGACGGGCAAGAGCTCGTGGTATGGGGCGTCGTGCAGCACGTGGTCCATGAAGTGTCGTGACGGCACGCCCCACGCGTCCTCGCGTCGTCCCGTCCAGTTTGCTGCCTCCTGCCCGTGGATTCCGTCATCGCCCTCATCGACTGCCAGGCCTTCTACGTCAGCTGCGAGCGCGTCTTCGACCCCGCGCTCCGCGGCCGCCCCACCGTCGTGCTGTCCAACAACGACGGCTGCATCATCGCCCGCTCCGCGTCGGTAAAGGCGGCGGGCGTGCCGATGGGCGCGCCGGTGTTCAAGTGGCGGGACGAGCTGGAGGCGATGGACGCGGCGGTCCTGTCGAGCAACTACGCGCTCTACGCCGACCTGAGCCGTCGCGTGACCGCGGTGCTCGAGACGATGAGCATCGACCTGGAGCGGTACTCCATCGACGAGTGCTTCGTGACGCTGCCCGCGCTCGACCGCGACGCCCTCCGGGCGCTGGGCGAGCGCATCCGCCGTCGCGTGCGGGACTGGGTAGGGATCCCGGTGCGTGTGGCGATCGGGCCCACCAAGTCGCTCGCCAAAATCGCGGACGAGAAGGCCAAGGCCGACAAGCGGGCGGGCGACGGGACGGGGGTGTACGTGTGCCCGCCGGAGCCGGACCTCGACGTGCTGCTCTACCGCACCGACGTGGGGGACGTGTGGGGCATTGGGCCGAGCTACGAAGAGACGCTGCGCGAGCACGGGGTGACGACGGCGGCGGAATTCCGGGCGCTGCCGGACCCGTGGATCCGGTCGACGATGACGGTGGTGGGGCTGCGCCTCGCCCGCGAGCTGCGGGGGCAGCGGTGTCTCGACCTGGACCTCGTGGGGCCCGACCGCCAATCCCTCGTCCGGTCGCGCTCGTTCGGCGCGCCCGTGGAGGCGAAGGCGGAGCTTCGACAGGCCCTCGCCAAGCATGCGCAGCGGGCCGCCGAGAAGCTGCGGGAGGAGGACCTCGTGGCCCGAGGGATCAGTGCGTTTATCACTACCAAGACGCACGGCCCGCCGCCCCACTACGCAGACGAGGCCCAGGCCACGCTCGACGAGCACACCGCGGCGGCCCCGCCCTTCGTCCGGTCGTCCCGTCGCCTTTTAGACGCCATATACCGGGCGGGCCCGGCCTACCGAAAGGCCGGCGTCATGCTGTACGCGATCCGGCCCCGGCGCCCTCATCAGGGCAGCCTGTTCGGGCGTCCCGTTCAGGACGACGAGGCCCTCATGCAGGCCGTAGATCGGATCAACGGCACGATGGGGCGGGGCACCATCGGGGTCGCGGCGGCGGGCCTGCCGGGCGACCGCGACTGGACCATGACGCGCGACAACACCTCCCAGCACTACACGACCCGGTGGGACGAGCTGCCGGTGGCGAGGGCGTGAAAACGTCGGGGCCCGTGCGCCTCCCGTACGCCCGGCTCGCACGACAGGGGAGTGGATGAGAGAAAATGAGTCGGGTCGAGGAACGAGCGTACGGTGAGGGCCCGTTGCCGCTCACCGATCATGCTAGACTGAACTTCCCGCCGAGCCGACGACACCCGTGGTCAACAGCTACTACACCCTCCGCGCCCTCGCCCGCGAATGGCACGCCGACCTGGAGGGCACGACGGTCCGGGACGTCTACTCGCAGACGAAGAATGAGCTGACCGTCGCGCTGAGTGGAGCAGAGCAAGACTGGATGGTGCGCGGCTCGGTGCAGCGGCCGTTTCTGTACCTGTTTCGCCGCCCCGGATACCACAAGGCCCGCCGCAACGTCGCCACCCTCTTCGAGGGCACCATCGGCCAGTCCGTGGCGGGGGTGTCCATCGCCGACCGGGACCGGCTCGTGTCCATCGAGCTGGGCAGCGGGGGCCGGATTCTGTGGCAGCTCTTCGGCGCGCGGGCCAACGCCTTCCACGTGGCGCCCGACGACACGGTCGTTGCCGCCTTCCAGCGCCACGACGAGCTCACCGGAACGGCGGCGCCGGAGCCGTACGCCGCGCCGATGCCGGACACGTTCGAGGCGTTCGAGGACCGATGGAAGCCCAGCCGCAACAAGACGCGCC
NZ_CP169425.1_gap9	411421	415749	4328	CGTAGCGCGTACCGCCGAGTGAAAACTCGAACCGTCGGGTGGGGCTCAGCGGGTAGGAGGCGTTGCCACTGGCGGAGGTGATGTAGGCGCGCTGCACCACACTTCCGAGGCCGACGAGCCGTCCGGCGTCGTTCCGAAATGGAACCGTGTTGGCGGAAAAGATGAGCGGCGTGTGGCTCAGGGAGCCGCCCCAGTTGAGTTGGCCGCGCTGGTTCATGTACGACACCCCACCGCCAATGTCGCGGAAGGTGCCCTGGGCCTGCACGGCCACCCCGAGGGTGCGGTGCCCTAGCATGTCGCCAAACCGGAGCCCGATGCCGCCGGCCAGGCCGCCCCCGAACGGGCCGCCGACGGAGACGCCAATGCCGCTGGCCCGGGAAATGGACTCCAGCGACAGCGTCGGGTCGTAAGGGTCGGCGTCGTAGTGGGTGGAGTCGGGCGGAAGGCCGGTGGTGGCGTCGCGGAGGTTCGAGGCGATGAGGCCGTCCCTCGCGGCGGCGGGGGAGGGGAGGAGACCGGCGACGCGCGAGGTGTCGGCGGATTGCGTGCCCGCCTCGTCCGTCGTCGTGTCGGCCGCGGCCGGAACGCGAGCAGCGGAGGCCCCCCCTGCCGTGGAGGCGGCCCTCAGGGGCGTGCCCTGCGCCTCGGGGGCGGGCCGACGGACCCCGGTGTAATTGCCGTCCGCGAAGACCGACAGCATCATGTCGCCGCTCTGGGAGGCGATGGATAGCGCCGGGGACAGCGCCGTAATGCCGCTCACGCCCGTTTTGAGGCGGGTTACGCGGAAGCGGTCGCCGCTCGACAGGTCCATGCGGTACACGTCCTTGAACCCGTCCTGGTCGCTGATGAAGTAGAGGCTCTGCCCGTCCGGGGCGAACTGCGGGTTGTGGTGCAGGGCGTCCCCGAACGGCGCCCGGACCGTCACCTCCCCGCTCGACACGTCCACCAGCCCGAGGTCCATGTTCGAGGACGGACTCAGCGTCTCCAAATTCGTCTCCGCCCGGTCGGTCGCAAAGGCGATCGTCTCCCCGTCGGGCGCCCACGTCGGCTGGAGGTCCGCGTAGCGGTCGTTGGTGAGCTGCCGCACCGACTCCGTCTCCAGGTTCAGCACGTAGAGGTCGCTGATGCCCCCGTCGGTGCCCGCGAAGGCGAGCCGTGTGCCGTCGGGGGACCACGCCGGGTTCTTCATCGACGTGACGCCGTCCACCGAAAAGCTGCGCTCAATTTCCTCGTCCACGACGTTCCAGACCGTGATTTGATTGTCGCCGTCCTCGGAGCTGACGAAAGCGAGGCGCCGCCCGTCGGGCGACCACGTACCGGAGGAGCTGATGAAGCGCAGGGCATTGAAGTGGCCAGTCGTGCCGGCCCGGTCCAGCTCCGCGATGACCTCCCCGGTCTCGGCGTCCGCCACGTACAGGTTGAAGGAAAACAGCTCCCGCTCCGAGATGAACGCGACGTAGCGCCCGTCCGGGCTCAGGGACGGGGCGATGTTGATGCGTCCGCCGTTCGTTTCCGGGGCGAGGACCGTCTGCCCGGCGGAGTCGGGCGGCGTGCGGCCCTTCATGAGCGGCTCGTATGCATCGCGGGTGGCCTCGGCCCACTCGTTGGTGAGGGAGTCCGCCGACACGCCGAAGAGCTCGACGTAGGCGGAGTCGAGCCCCACCTGTCCGCCGCGCTTAAACAGGTCCGGAACGGCCTGATCGCCGTACTTGCCACCGATGTACGCGAGGTACGCCTGGCCGTAGCGGTAGGGGAAGTACTCGCGGGGATTGGCGAGCCCCTCGAACGAGGGCATGTCGTCCCGGCGCACCGCGTCGCGCATCCACATGGCCGTGTGCGAGTCCTGCCGCCCCACCGACAAGTACTCGGCCATCCCTTCGATGAGCCACGTCGGGAGATTGCCAAGCTGAATGCCCAGGCTGTCCGCGTTGAGGCCAAGGTCGAACTGAAAGGAGTGCACCAGCTCGTGGCCCAGCACGTGGTCCGTCTCCCCGTACGACGACGCGAACGGCATGACCACGCGCTCCCGCAGCGGCTCGGTGAGCCCGCCGGTGCCCTGGCTGATCGGCTGCGGCGTCACGTTGGTCTGCTGAAAGTCCGCGTCGTTGGCGTAGAAGATAATCGGCTTCTTCTCGTCGAAGCGGTGCAGAAAGACCTCCGTGTGGCGGTCGTACCAGCGCTCGGCCATCCGCGCGGCATCGCGCACGGCCTGCTCCTCCTCCGGGTAGAAGTGGAAGACGAAGTGCTCCGTCTCCAGCGTCCGAAAGTCGAACTGGTCGTACTGCACCTTATTCTGCCCGAAGTACTGCGCCCGGGCGTCCGGCACGCCGAGGAGCGCAAGGCCTGCGAGGACGAACGCAAACAGGGAGGCAACGGGGGCAACAGATCGCATGTCGGGGTAGGGGCCTGCGACAGAGCAATCGCGTGGGATGCCTTCGTCGTCAAGGAAAAACCAACGTGCGCGGCGGGGGCAGTATTATTGTGGGAGCATGGGGGTGTGGCCCGTGGGTGTGCATGGACGGAGCATCGTTACGGCACGGCCAATCTCATGCCTCCGGCGCCGAGGAAAGGGCCTCGTCTCTCCTGTGGGCGGAGTGCAAAGACAATGTCAATCAGTGCTGCACATCCCCCGGAGTTGAGATAGATCAAGGCGGCTCTCGGACAATTCCGATAGCATAAACCCCGAATTGCCTAACGACCTCCCCATTCCTCCCGTGCACCCCCGATATCCGGTCGTGCCGCTTCGCACCGCCGACGTCGGGACGATCTGCGGCGCTGCAGACAGGCCGTTGCCACTCGGGGCGGGACGGAGGGGGGCGTGCTGGCAGACACGTTCCGTGGAAGGCCCGCTTTTCCTTCTGGGGTAAAAAATTGTTTCGTATCTTTTTGTCTAAAATACGACCCCCGATACCTATGCGATCACTCACATACCTCTTCCTGCTCGTCCTCCCGCTGGGCCTGTTGGGCTGTGGCGGGTCGTCGGCTTCTGACGACGGCGCGCCCGCCTCGTACGTCCCCCCCGGCGAGAAGGACGACTACTACCTCTTTTACTCCGGCGGCCACTCCGGCCAGGTCTTCGTGGCCGGCCTGCCGTCCCTTCGCGAGATTCAAGAGATCCCCGTCTTTACCCCCTCCCCCGGCCACGGCTACGGCTTCAGCAAGAAGTCGAAGAAGATGATGGGCGAGTACCGATGGGGCGACGTGCACCACCCCGGCCTCTCGAAGACGGACGGCACGTACGACGGCCGCTGGCTCTTCGTGAACGACAACGCCAACAACCGGGTCGCGCGCATCAGCCTGCGGGACTTTAAGACGAAACAGATCCTCGGCCCCATCCCCAACTCGATGGGGAACCACGGCTCCTCCTTCGTCACGCCGAACACCGAGTACCTGCTCGTCGCCACCCGCTTCTCGGTGCCGCTGCCGAAGGGCACACACGCCCCCGTTGAGACCTACGAGGAGAATTTCAACGGCATCGTCAGTGGCGTGGACATCGACCCGGAGACGGGCGAAATGGAGGTGGGGTGGCAGGTCAAAACGCCCCCGTTCAACTGGGACCTCGGCTCCACCGGCAAGGGGCCGAGTGACGGCTGGGCGTTTTGGACCTCCTACAACACCGAGATGGCGCACGACTCCCTGGAGATCAACGCCAGCCAGCGCGACCGCGACTACGCCGCGTTCGTGAACTGGGAGCGCGCCGAGGAGGTCGTCGAGAACAACGAGGGCCTGAACCGTCGCAACGGGGTGCCGCTCATCGATCCGGCCGAACACGAGGGCGTCATGTACTTCGTGCCGGTCAGCAAGTCCCCCCACGGCATCGACGCCTCGCCGTCGGGCCGCTGGATCGCGGCCTCCGGCAAGCTGCAACCGACCACCACGGTGTTCGACTTCAAGCAGTTCAAGACCGCGATCGAAAACGAAGACTTTCAGGGTGAATTCCGCGGTGTACCCGTTGTGAACTACGACGCCGTCGTGGAAGGCGAGGTGCCGGTCGGCCAGGGCCCGCTCCACACGCAGTTCGACGGCGAGGGCAACGCCTACACGTCGCTCTTCATCGAGTCGAGCGTGACGAAGTGGAAACTGCCGCCCTGGGACAAAGAGACCACGGAGGACATGAGCAAGGCCGTGACGGACAAGATCAGTGTTCACTACAACATCGGCCACCTCGTCATCCCGGGCAGTGACACGAAGGAGCCGTACGGGAACTGGCTCGTGGCGATGAACAAGCTCCAGAAGGGCCGCGGGCTTAACGTCGGCCCCGAGAAGCCGGAGACGAGCCAGCTCATCGACATCTCGGGGGAGGAGATGGAGATGATCGAGGAAGACTA
NZ_CP169425.1_gap10	440498	444522	4024	CCGCTACGGGGTGACGCTGGTCGGCGGGCTCTCGCTCCTCGTCGTCACGTTTAGTCTCGTGGCGAACGGGTACGTCAAGAACGAATTCTTCCCCAGCATCCCCGGCAACGTGGTGACGGCCCAGCTGGAGATGCCGCCGGGCACCAATGCCGACGAGACCGCCCGCCGGGCCGAGCGGCTCCGGGCGCAGGGCCTGGGCGTGCTCCGCGATCTGGAAGAGGAGGCGGACGAGCGGCTGCTCGAGAACACCTACACGACGGTGAGCCGCCAGCCGGTGGCCTCGGGCGGCCGCACGCAGGCCGGCTTCACGGCCCCGCGCCCGAACGTGGCGGAGGTGAGCATCGAGATGGTGGACGCGGAGGCGCGCAGCGTCCCCTCCCCGGTTCTCGAAGAGCAGTGGCGCGACACCGTCGGAACGCCCGCCGGGGTGCAGTCCCTCGCGTTTACCAGCACCGCGGGCGGGCCGGGCGGCGACCCGGTCTCTGTGCAGCTGTTTGCCCCGACGACCGACGTCATGACGCGTGCCGCGGACGTCGTGCAGGACACGCTCCGGCGGTACGCCGGCGTCCAGGACGTAACAGTTGACTGGGAGGAAAAGCGCGAACTGTCCCTCCGCATGAAGCCGGCGGCCCGCTCCCTCGGGCTCACGCTGAGCGACGTGGCCCGGCAGGTGCGGGCGGCCTTCTTCGGCACGGAATCGTTCCGCCTGCAGCGGGGCGAGGACGAGGTGCGGGTGTACGTCCGCCTGCCCGCTGCGCAGCGGAGTGCCGTGGCGGACCTGAGCGACTACCGCATCCGCGCGCCCGGCGGCGCCGAGGTTCCCCTGGAGGAGGTGGCGACGGTTTCGCTCGGCTACAGCCCCACCCAGATCGACCGGCAGGACGGGCGCCGCGTCGTCACGGTGAGCGCCGACGTCAATCCCGCCGTCACGACGGGCGGGGCGGCCACGGCCCGCCTCGAACGGGCGACGCTTCCGGCCCTGCAGGCGCAGGTTCCGACCCTGTCCTATCAGTTCGGCGGCCAGCAGCGCGAGCAGCGGAAGGCACAGGGCTCGCTCCAGATTGGCTTCTTGCTGGCCCTGTTCGCGATCTACGGCCTCCTGGCCATCCCCTTCCGCTCCTACGTGCAGCCGCTCATCATCATGAGCACGATCCCCTTCGCCTGGATCGGCGCCCTGTTCGGCCATTTTCTGCTCGGGTACAACCTGATCCTGCCCAGCATCTTCGGCATCATCGGACTCAGTGGCGTCATCGTGAACGACGCGCTCGTGATGCTCGACTTTGCGAACGAGGAGCGGGACGAGGGGGCCTCGTGGCGCGCGGCCCTCGTCCGGGCCGGACAGGTGCGCTTCCGGCCCATCCTGCTGACCTCGCTCACCACCTTCTTTGGCCTCGCGCCCTTCATCCTGGAGCGGAGCGTGGAGGCGCAGTTCCTGGTGCCCATGGCCATCAGCCTGGGCGGTGGCATCCTGGTGGGCACGGCCGTGCTCATGCTGATCGTGCCGGCCCTGGCGATGCTGCAGCGCGACGTGGTGGCGGGCCTCCGGTCCCTGTTCTGAGGTGATGCGCGCCCTTGCGTCTGAACACCACGGGGGCGCATTGCGGCGTCCCCGCGGCCATCCGACCGGCCTCACTTTCTACTCCTCTCCCATGACCTTCTACCCCATGACCGTTCACCGCATGAACGCTCTCGTTTGCCGCCGTGCGCAGTCCCTTTTGCTCCTCGCTGCGGCTCTCTTGCTGCCGCTGGGCGCCCAGGCACAGCCCACCACGTCTTCGCCCGATGCGCCCTCGCGGGCCGCGGCAGAGGCGCCCCGCACGGCCTACCTCGTCCGCAGCGCCGACATGCTCCCGGTGGTGCTCATGAGCGCTCGCACCTCGCTCACCGGCGAGGCGGACGGCTTTGCGGCCGCGGCCGCTGACGTGGTGGTCGTGGGGCCCGCCGTGAAAGGCCTCGTGACGGGCGGCCCGCACGCCGCCGCCCTGACCGAGAGCCTCGACGCCGGGGTTCGCGTGGTGGCGTGCGGCCTCGCCATGAAAAAGACAGGCGTGACTGAAGGGGATCTTCTCGATGGCATCGACACCGCCCCAAACGGCTTCCACGAGCTGTTTCGGCTGGAGGCGAAGGGCTACGTGACGCTCCAGTTGTAGGCCGCTCCGGCGCCGGACCCGCAACGCGGAGGCGCTCCTACACCGGCCACTCCTGCTGCGTCCAGGCCTGGTCCCAGAACATCCACTCGTAGCGGACGCTCGTGGTAAACGCCGTCTTGGCGCGTTCGCGTGCAGCGTCGTCGGCCGCGTCGGCAAACCGTTGCAGGCGTTCCAGCAGGTTGTCCATGTACTCGTTGAACTCCGGGTCGCGATACATGGCGAGCCACTCGGCGTAGGGATGGTCCTCGGGAATCGCGCCCATGTCTCGTTCGAGGCGCTGCCCGAGCTCCACGTAGAGCCAGGGGCAGGGCGTGATGGCGGCCGTGCCCGCCACGAGCGTGCCGCGCTGGGCCCGCTCGATCATGTGGTTCTGGTAGGCCCGGTTGTTTGGGGTCAGCTGGAGCTGGCGGATGTCGTCGGGGCCGTACCCGAGCTCGTCGCCGTAGCCCTCGTGGAGCTCCCCCTCGACGACGATCGCGAGGCGGGCCGCGTCGATGAACCAGAGCGTGTCGTCCGGGTCTGTGCACTGGGTGGAGAGGAGAGAGGCGGCGTCGGCAAACGCCTCCAGGTAGCGCGCGTCCTGCATCTGGTAGAACATGAAGGTGTCCGCGTCCAGCGTGCCCTCGGCGAGGGCGTGGACGAACGGGTGGTCGAAGGCCGCCGTCCACGTGTCGTCGGCGTGGTCCAGGCAGGCCTCCGCAAAGGGGGGCACGGAGAAGGCACGGGTGTCGAGGGGGGCAGTCAGGTCCATGGGGGCTTCGCGGGGTGGGTTGCAGAACGAAATGAACGCGAAGCCAGGGGCGCGAGGCCCACAGAAAGACGGGGGAGAACTGTGCTTTCCTGCGCCGGCATGACCCGGATCAGGTTCGGAGGGACTCTCTCAGCCCGGCCGCCGTGCGGCGCCGAACACCCCTAGCTTCATCCCAAACGATATGCAGGAGCAGGGAAAGCGTCCAGCGTGTGGGGGCGGCTTGGCGCAGGCCGCGGGCAAATTTCCAAAACCTTTCTCCGTGTCCCCACGCCTGCGCCGCTAGGCCGGGTCCGGGGCGTCCGCCGCGGGCACCCGCACGGTGAAGCAGCTGCCCTCGCCCTTTGCGGTCTCGACCGCGATCGTGCCGCCCATCTGCTCGATCGCCTGCTTCGTGACGGCCAGGCCGAGGCCTGTGCCCTCGTACGTCCGGCCGGTCCCCTCCGACTCCTGGCGGAACGGCTCGAAGAGCTCCGGCACGTGGTCGGGGTCCATGCCGACGCCGGTGTCCTCGACCTCCAGGGCCACGTCGTCCCCCCTCCGGCCGGCCCGGACGCGGACCGTCCCGCCCTCCTCGGTGTATTTGAGGGCGTTGGAGATGAGGTTTTGGAGGGCAATGCGCAGGCCGCCCTCGTCGACACGAGCCCAGAGGGGCCCCTCCGCCGTCTCCCCCTGCAGGTCGATGCCTTCGGTGAGGGCCTGGGGCTCGAACAGGTCGGTGGCCTCCGCCACCTCGTCCGCCAGGTTCAGCGGGCTGCAGTCAAGCTCCATCTCGCCGGCCTCCAGCCGCGAGAGGTTGAGCACCGTGTCGAGCGTCTCCAGCAGGCGGTGCCCGCTCTCTTCGATGAGGTCGGCAAACTGGTCGAGGGCGGTGACCGCGTCGGGGGGAGAGTCCGAATGCTCCAAGAGACTCGTGGCCTCGTCCCCGATCACCTCGGCGAACCCAATGATCGAGGTCAGTGGGGTGCGGATCTCGTGGCTCATGTTGGCGAGGAAGGCGCTCTTCATTCGATTCAGGCGCTCGGCCTCCTCTTTGGCCGAGACGAGTTCGCCTTCGTATTCGATCCGGTCGAGCACGAGGGCGGCGTAGGTGGAGAGAATCTCGATCAGGCGGCGGTCGAAGCCC
NZ_CP169425.1_gap11	459298	461913	2615	TTTCCTGCACCAACACGGTGTCCGCCCCTGGCCGGCGAAGGGTCCACTGCACAGTCATCTGAGCGTGGCCGTCCGGTGGGGGGGCATCGTCGTCGGCGTCCGGCCCTGGGGGGCGCGGCCCGACGCCCTCGAAGCTGAGGACGTGCAGCCGCAGGAGGTAGTCGAAGGTCGCCCCGCGCGGCCACGGCACCCCATCTACCGACCGGATCCCCGGACGGGCCTCCAGCGTGCGGGCCACGGTGCGGCCGATGCCCCGGTCTAGGGTTTCGCCCCACCGGTGAAATTCGGAAAACGCGACCGCGTTGGGGCCGTGGCGCGTCACGAGGCGCGTCTCGTCGAGGTAAGGGGCCAGGCGCGGGCTTTGCAGGCCGATCCGCAGGCCGGTCGGGTCCGTGGATGGAGGCGGCGTCGCCGCGGTATCGGGGGGCGACGCGCCGTCGAGCAGGTAATAGGTGGCGTCGCTCGTGCGCGGCTCCAACAGGCGCACACACCCGGCCGTCGAGAGCGCGACCAGGCCGACGACCACGGCGCACCATCCGAGCCGACGGAGAAGAACGGAGGGGACGGGCACAGTCATGGAACTACTGCTGGTTCGAGGGAGGGGGCTCTTCGCGGCCGCGGAGGAACATGCTGGGGTTGCGCTCCAGGGACTGCACGAGCACCCGCAGGGCCTCCGTGGCCTCCGAGAGGTTCGAGAGGGCCTCGTTCATCTGGTAGCCGATGCCGGAATTGGGGGAGAGGGTCTGATCCACCTCGTCCATCGTGCGGCGCATCCGTTTTAGGGTCGCGCGGAGCTGCCGGCTCGTCTTTTCGAGCTCGTCGGCCGTCGGCTCCACGCCCCGATCGAGCCGCTGGATCAGGGCCTGTGCGTCCTTGATGGTGGCCCGCAGCCGCTCGGTGGCCTTTGGCATGTCCTGCAACGCGGTGCGCACCTCCTTGGACTCCACCACCTTCCGCACCGACTCGATGGTCGACAGGGCCGAGCGGTTGATCGCCTCGGCGTCGAGCGCCTCCAGCTTGTCGTTGGCGTTCACGAGGAAGGTGACGAGGTTCTCGTTGATCTGCGTCACGTCGAACTGGCGCAGGTTTGTCACCAGGCCGGACGCGCCCTCGCCGAGCTTGGCCAGGGGGGAGAGCTCGGTCGGAATGGAGAGACGGGACGGCGGGCCCTGGGCGTAGACGGCCGAGTCCGGGTCGGAGATGTACGTGAGCTCGACGTACAGCTTGCCGGTGACGATGCTTTCGAGCTGCAGCTGCGCCCGCAGCCCATCCTCGATCTGGTCGCGGAGCAGGGTCGGGTCGTCGAGGTTGAGGCGCGCCCCGGTGGTGTCCGTCACGGGATCGAGGTTGATTGCGTACTGCACCGGCACCTGAAACGTCTCGTTTTCGAGGTCGACGCGCAGGTTGATGTCCGTCACCTCGCCGATGGGCACGCCCTTGAACTTGACCGGGGCGCCCACGTCGAGCCCGTTGACCGACTCGTCGAAGTAGCTGATGAACGTCGTTCGCTGCTCGAAAAACTGCCCGGAGCCGAAGGCCCCCACCCCCACGACGCCCAGCGCCAGGGCGCCGACGACGAAGAGGCCGATAAGGGTTGGGCTGACACGTTGGCTCATAGATTGGGGGGGCGAGCGGGCGGGGGCCCGGTGCTATTCGTTGTCGAGAGACCGAGTCAAAAACTGGTACACGCGCTCGTTGGGTGGGTTGCTTCGCAGGTCCTCAGGGGGGCCGAGGGCCGTCATCGTCTTGGTGTCGATGTCGAGGTAGAGCGCGCGGTCGGCGATGGTAAAGATGCTTTCCAGGTCGTGGCTCACCACCACGACGGTCGTGTCGAGGCTGTCGCGCAGTTGTAGGATGAGGTCGTCGAGGCGCCGGGCGCTGATCGGGTCGAGGCCGGAGGTCGGCTCGTCGAAGAACAGCAGGTCGGGATCGAGGGCGACGGCCCGGGCGAGGGCGGCCCGCTTCCGCATGCCCCCACTGATTTCGTGGGGACGGAAGTCCTCGAAGCCCCGCAGGCCGACGAGGGCGAGCTTGAGCGACACGATCCGGTCAATGTCCGGGGCCGCGAGGGCCGTGTGTTCTTCGAGGGGCAGGGCCACGTTCTCGGCGAGCGTCATGGTGCTCCAGAGCGCGTCCGCCTGGTAGAGGATGCCCACCTCGCGGAGCATTGCGGCGCGTTCGTCCGCGCTCATCGCCCACAGGTCGCGCCCGCCGATCCGAATTGTGCCCGCGGACGGGTGCATCTGGCCGAACAGGTGCTTGAGCAGGGTGCTCTTGCCCGACCCGCTCCCGCCCATGATGGCAAAAATCTCGCCCGATTCCACGTCAAACGTGAGGTCCTCCATCACCACGAAGGACCCGAAGGCGAGCACGAGATCCTCGGCCGAAATGGCAGGGGCGGATTCGGGGGGGGACATGGGCGAGAAACCGGGATGTCGAGCGGTACGGGAGGACGATCCGGAATGATGCGTGGCTCACGGTGCGGGACGCGTGATTCGGGGCAATTCAAAATCGGAGCCCTGCCTCACCCCTCACGGTCCACGGAGCACCATCCCACAATCTACGCCAAGCGGTCGAGGCGCATGACGCGCTGCGGATCCTACGGGCCGTCCCTA
NZ_CP169425.1_gap12	463008	465080	2072	ATGGGTCTCGACCTGCATCGCGGCAGATCCGGGTCACGAGGAAGGAAAGAGCACCGAGCACCTCCAAAATGTCGGTCGCGGGGCATGAAGGCAACCCGCCTGCCTTCTGGCGGTCGCTCCGAGACGCTACCAGCCAAGGCACGCCCCATGCTCCCTGGACCACGGGGACCACGCGCGACGCGTTCTGCGCCCCGTCGTGTCGCGTTCGGCTTCCTGTGGCCCCTGTGGCTGTCGCCGCGGCCTGGGGCGCCCCCCAGTGCCTCCGCCTGCCCCCTGGGTGCCCCTTCACGAAGGGCAAGCGGGGCCCTTTCCACGGATCATTGGCGTGTCCCTCGCTTTATACCAAGTGCACACTTGTGAAGAGGGCGTATCCCTCGGGCCGTTTGGGCGTGCGCCCCTCGTTTGACTGGAAGCAGGCCCCGTAGGATGCACGTGATGCATCGGAGGGCCAGGGCCTGTCCGAGGGCCTGGCCCCCGACCCCGCCTTTGTGCCACGAGACCCGCCGCGCCATGCCCGATGCCCACTCGCGTTCTGCGGATGAGGGCGCGCCCGCGACTCAGATTGCCGACGTCACCTGCCGCAGCCTTGCGTCGGCCCTGGCCCAGCGGTGTGCCGATCTGCACGGCATGGACGTGGAGGTCGCCCGGACCGATCCGGGGCCGCCGGTGAAGATCCAGGTGCGGTGTGGGGACCGGTTCGAGGTGGGGCTTCGGGTCGCGGTGGAGCATGTGGGCGGCAACGTGTACGACGTGTTCTGCACGATCGAAGAGGGAGCATCGTGCCGGCTCACCTACAGCCGCCCGGAGGGCGCAGGCGCCCCCCTTCCGCTGTGTCCCCGTCTGGGACGGCGGTTCTCGGCGTTCGTCTTGGAGGAATTGGAGCGGCGGCTCGGGCGCTGGCACCTCCGCGGAGAAGAGGACTAGTGGGCGACGGTGGGCTCTCGTGGAGGGGAAGCGGAGACCAGTGTGGGGAGGCGGAGGGGGACGTGATCGCGTTCGACGCCCGGTTGTGCAGCACGACCTGGATGCCGCCCCTGTCGGTCTGCGCCGGGTGCTCGCGTCTGTGTCGGGACGGACGGCCCCCTCTTCGGCTCGGGGGGATGAGGAACCATGTCCGCAACCTGGTCGGCCCGGTTGCGGGCGTCCGGCTGAAGGGGCCTCGCCCCGGCCCCAGCGTTGGTCGGCTCAGAGCCGCCTCGAAGGGGGAGGCTACCGCTACCGGCCGCCGCTGCCCTCCGTCTGCGCCTGCACGCGCTCCCGGTACTCCTCGTTGGCGTAGATGGCAACCTCGACGCGCCGGTTTTGCTGACGGCCCTCCTCCGTCTCGTTGGAGGCGACGGGCTCGGTCTCGCCCCGTCCCACAGACGTCAGGCGGCTCGGATCGACGCCGCGGTCCACGAGGTGCCGTGTAGCCGACTCCGCGCGTCGGTCCGATAGCTTCTGGTTGTATTCTTCGGAGCCCTGGGCGTCCGTGTGGCCCACGACGAGAATCTTGGTGTCCTCGAACCCCTGCATGCTTTCCGCGAACTCGGTCAGGTTCTGGCGGGCCTCGGCGCGGAGGGTGGAGGAGTCGAAGTCAAACAGAATGCCGCTGTCGAAGGTCACCTTGATGCCCTCCCCGACCCGCTCCACGTCGGCGTTGTCGAGTTCCTCGTCGAGCTCCTCGGCCTTGGTGTCCATGCGGTTGCCGATAAGGGCCCCGGCCGCGCCGCCCACGGCCGCGCCGATGATGGCGCCCTCGGCGGTGCCCCCGGCGGCCTTGCCCACGGCCGCGCCGCCGGCCGCGCCGGCGCCGGTTCCGATGATGGCTCCTTTCTCCGTATTGCTCAGTGACGAGCACCCGCCCAGCAGGAGGGCCGTGACGAGGAGAACCAGGGGCGTGGAATGACGAACAGACGACATGGACATGTAGAACGAGAAGGGAAAGCGAGAGAGAAGGTGTAGAGGGAAGTCTAGTCGGTGCCCCGTTCCCAACGACGGTCCGGACGCGAAGTTGCCGCCGGGTTCCGCCGGCGGTTGTGGGACCGCGGCCGGGCCGTCCCCTACGCCTCTTGGGGATACGCGACGCCCCA
NZ_CP169425.1_gap13	476606	481440	4834	GAGGACGACTCCGAGAACGCGGAGGCGATTTACGCCGGCTTCGCGATGGCCTCGGTCGAGGTGGGGGCCCTGACCGCCCTCGGCGGCCTTCGCGTCGAGCATACCTCCACCGAGACCGACCGCTTTCAGCTCCGGGAGGACGAGGAGTTCGACCCCGAGGAGGACGTGGTTCGGCAGACCTTCGAAAACGCCTACACGAACGTTCTCCCGTCCCTGCACCTGACGCTGCAGGCAACGGAGGCCCTGCAGCTGCGGGCCGCCTGGTCCAACACGATTGGACGGCCGGAATACGACGACCTTGGCGCCTTCAGCGAGGTCGAAATCGTCGAGGAAGGCGGCAATCTCTTGGCGAGCGTGAACGAGGGGAACCCGACCCTCGACCCGTTCACGGCCATGAATTTCGACCTCGCGGCCGAGTACTACTTCCCCAACGGCGGGCTGGCGTCGATCGGCGGCTTTCACAAGCGGATTGACAACGCCATCTACACGTTCAGCTCCGAGCAGCGGAACGTACAGGATCCCTTCGGCCAGGGACGCACGTTCGACCGCATCTCTCGATCGCAACTGCGGAACGCGGATTTGGGAACGGTAACCGGCGTGGAGATTGCCTACCAGCAGCCGTTCACCTTCCTGCCGGAGCCGTTCAACGCGCTCGGCCTCAACGCCAACACGACCCTCACCACTTCGGACGTGGACGTCCCGGAGTACGAGGACAGTCCCGCCCGGCCCGACTATTCCTTCTTCCAGCAGTCGGACCTGGTCTACAACATCATCCCCTACGTCCAGACCGGAGGCTTCGAGGCGCGTGTGGCGATCAACTACCAGGGCGAGTACCTGGAGGGCATCGACGGCAGCTCGCCGCTTGAGGACGAATACGTCGGCGACCGCACGACCGTGGACATCAACGCCACGTACCAGTTCCAGTCGGTGCTGGGGGAGCCGGAGCTGTTGCTGCAGGTGCAGAACATCACCAACGAGCCGGAGGTCTTCCAGACGGGGCGGGCCAAGAACCTCGGGTTCCACTACCGGAGCGGCCGCACCGTGACGGTGGGCCTCTCGACGGAATTTTAGGTCGACACGGCGCCCCACACTTGTCGTTCCTCACACGTCCCCTTCCCCGTCGCCGGGGGAGGGGGATGCATGTTTCTGCCCATCCTGCGGGAGGCGCAACGCCAACGCGCCGTTCCCAACGCCCTTTGCGGGAGCGGCCGCCTCGACGTGAAGCCCTGCAGGGCATCTCCAAACTACTACGGCAACCCCGGGTCCGGGGTCGTGGTGCCGGTGGGGAGGCACGGCACCCTCGCGGTGGCCTCCCAGGAGCCGCAGGCAATCGGGCCGTTCGACCGGCACCTGATCGAGGTGCTTGGGAGCTACGCGGCGGTGGTGCTCGATCAACTTGGACACGAGCAGAGCCTCCGGGAGCGACAGGAAAAGATCGAGGCCCTCTACGAGGCCACCCAGCGCCTGCTTACCGCCGAGTAATTCGAATCGGTGTCCACGCGCATCCACAAGTTGCTCGAAGACATCTTCGACTACCCCCTCCAGAACACGGGATTCGTGGACGGCGAGAGCATTGTCCTGGACCAGACCTCGGCCGAGCATGCAGTGGGCGTGCCGCCTCCGGAGCGCCGGTCGACGGACGGAGACAGTCTCTCCGCCCAGGCCTTGCGCGGGCCGGCAATACGGTCGTGGTCGACGATGCGGGCTCCCTGGACAACGATGTGGAGTACGGGGCGCTCCGCACCGCCACGGCGGTTCCCATCGGGGAATGGGGCGTTGTCGTCATCGGCAAAACAGAGGTGGAGGCCTTCGATCCATTCAATCTCCGCCTGATCGAGGTGCTGTCGGGCTACGCCGCCCTCGTGCTCAACCGGCTGGACCGGGAGGCAACCCTCCGCGAAGCGAAGGAGGAGGCCGAAGAGGCAAGCCGGATGAAGTCGGCCCTGCTCGCAAACATGAGCCACGAGATCCGAACGCCCCTCACCTCCATCATCGGGTTTGCCGAGGTGGTTGGCACCGAGACCAGCACACTCGACCTGCCGACGGGCAGCCCGCTGCCCGACTGTGCCGACCGGATTGAACAAGGGGGAAGCGACTTCTCGATACGCTTGAGGGGGTGCTCAACCTCTCGAAGCTGGAGGCGGGCCAGATGGAGCTTGACGCCGAACCGGTGCCCCTGATCTCGGAGGTCCAGCGGGTCGCCGAAGAGCTTCAACCGAAGGCCCGGGAGAAGGAAATCGACCTTCGGTTGGAGACGGAAAACGCGTGGGCGGAGGCCGACGAGGGGGGCGTGCAAATTATCGCGCGAAACCTGCTTTCCAACGCGATCAAGTACACCGAGGCCGATGGAACCGTCTGGGTTCGGAGCTACAGGGCGGACGGCCGTGCGGTGCTGGAGGTCGAAGACACCGGCATCGGGATGGCACCGGAAGCGGTCGACGATCTTTTTGAGCCGTTCCGACAGGCGTCCGAAGGGTTTAGCCGCGAGTATGAGGGGACGGGCGTGGGACTGGCGGTCACGAAGAGGGCGGCCGAAGAGATGGACGGGAGTGTCGACGTCGACACCGAAGAGGGAGAAGGAAGCCGATTCACGGTGCGGCTTCCGACGGCCGGAGGGGGAGAAGCGAGCGAGAATGGAGAGCGGACGCCCTGATCGCGAGGGCGGACCCGTCGGTTGCTCTCGCCGGCCGACCGGCCCAGGGAATCCGGCTCGTCTTTCCTCGACGGGTGGGCCCCTCGACTGGCAGGCCCCTTGACTGGCGAGGCGTCGCCTGCATGAGAGGGGCCTCGTCCCTTCGAACGGCCCGTCGCCGGAGGGTCCCTTTTGCCCCGGCAACTTTGTTCCGGCAACCAGAACCGCCCGGACGGACCGCCCCCCCATGCTCCTTCTGAAAATTAATGTTGTGTAATCGAAAGCGCTTGCGGCAAAACGACGGAGGGCACTTGGGGTTGTTGGACCCGGCACTGACTGGCAGGGGCGAACCGCAACGGCGGGGCGGTCGTCCCCCGAACGAATTCTTCTCACGATCAGAGGGCACGCCCCATGACACCTCTTCGACGCCTGGCTCCGACATGCCACGGCCGCTCACGTCACCGAGTACGGCGGGGACTGTCCGCACTACCGCACGCGGACGACGTGGACGGTCCGCGTTCTCGACGGCTACGTCCGTTGCCAGGCGTGCGGACACAGTCCACTTGAACGAAACGGCTCCGTGCCGACGTGAGGGACGACCGTATCTTGTGGCTTGCAGCCCGCCTCAGGAGGAAAGGGACGGCGGGCGTTACCAGAAAACGACCAGCATCACCGCCGTGAGGGCGAGCACCGTGGCCGCGTGGACCCGGTAGTTCTTGTACCAGGCCATTGCGGGGCCGGTCTCAAGCACCCGATTCGCCCAGGTCAGGTCGTCGATCTCCTCCTCGGCCGGGGGAGGGCCCAGTGTCAGCGAGAAGGCGACGAGCATTCCGAGGCAGAGCGCCGTGAGGATGCCGGCGATGATCGTAAAGTGGAGGTCGATCGGTGCGTCGGCAAACAGGAGGCCGTCCTGGGCACACAGGAAGACGGCAATCGAAAGGGCATGGCCCCCCAGCAGCGTCGCGAAGGCCCCGCTGCCGTTTGTGCGCGGCCAGAAGATCCCGAGCAGAAAGACGGCCACCACCGGCGGCACCAGGTACGAGAGGACGGACTGAATGTAGCTCCACAGGCCCGGAAACTCGCGAATCTGCGGGGCCCACACCGCCGCGAAGAGCATCAGGATGATCGTCGTAACGCGGCCAACCGTGCCGACCTGTTGAGGCGTAAGGTCCGGCCACCGGGGCTTGACGAAATCGATGGTGATGAGCGTGGAGGCCGAGTTGAGCGTCGAGTCGATGGTGGACATGATGGCGGCGATGAGGCCGGCCATGACGAGCCCCACAATGCCCACCGGCAGCAGGTCCGTCACGAGCGTGGGAAAGACCTGATCGGGGTTGCCAAGGTCCGGGTACAGTTGCAGGGCGAAGGCCCCGGGCAGCACCATGATGAAGAGGGGGAGCAATTTTAGGAGGCCGCCGAGCATGGCCCCCCATCGGGCGTTGTCTAGGTCACGCGCCCCCAGGATGCGCTGCACGATGTACTGGTTGAGGCCCCAGTAGTAGAAGCCGAGGATGGGCACGCCCACGAGCGTTCCGAGCCAGGGGAGCCCCTCGGCCCCCATCGGGCGCATCAACGATAGATGCCCCTCTGGCAGCTGCGCCGTGGCCTGCGCCCAGGAGAAGTCGAACTCGGCGAATGTGATGCCGGCGATAAAGACAGACCCCACCAGCAGAATGACGGCCTGCAGAATGTCGGTGTAGACGACGGCCGCGAGCCCGCCGGCGGCGGTGTACACGCCGGCAATGAGCGCGAGGATGAAGCACGTCACGTAGAAGTCCATCTCCGGTCCCATGCCCGGGATAAGGTCTGGGAAGAACGTTTTGATGACCAGCGTCCCGGCATAGATCCCACCCGCCGTGTCGATAATGACGCTCGTAAAGATCGTGAGCCCCGAAAAGTACTTCCGGGAGCGGACGTCGAACCGCTTTTCCAGGTACTCCGGAATGGTCGTGAGGCCCGACCGGATGAAGAAGGGGACGAAGAAGACGGCGATGAACACGAGCACAATCCCGGCCATCCACTCGTAGTTCGAGACCGCAATGCCCGTCCGGTAGGCGTCGCCGGCGAGCCCGATCAGGGTCGTGCTCGAAATGTTCGACGCGAAGAGCGAGAACCCAATGGTGCCCCACGTGAGCGTGCGCCCGGCGAGAAAAAGGTCCTCACCACTCTCGATGCGCTGGGCCACGACGTACCCGATGATCC
NZ_CP169425.1_gap14	530430	533080	2650	ACAACGAGGAAAAGGAAAGCTACGTCGCCACGTTCGGCGGGGACCGGCTGGACGCAAGCCTGCTCCTGCTTCCCACCTACGGGTACAAGGAGGCGACGAGCCCACGCATGAAATCGACCTTTGCCCGCATCCACGAGGAACTGGCCCAGAACGGGCTCCTCCACCGGTACCCCCCCGACACCAACGACGGATTTACGTCCGAGGAAGGGGCCTTCGGCCTCTGCAGCTTCTGGGACGAAGAGATGTTCGCCCGGCTGGGGCGGCTCGACGAGGCCCGCGAAAAGCTCGGCGAGACGATCGGGTACGCGAACGACCTTGGGCTCTTTGCCGAAGAGATCGATCCGGAGACCGGGGCGTTCCTGGGCAATTTTCCCCAGGCGTTTACGCACGTCGGGCTCATCAACGCCGCCATCACCATCACGAAGGCCGAGGAGGAGGCCCCCACTGCCCTACACGAACAGCCCGATCCACAATGACGTCCCTACTCGCCCTCAATGTTGGCTCGGCCCTCCTGTGGGGCCTCTTCGCCACCGGCCTGCTCACGCTGCTAATGTCGGGGAGCCAGGGCCTGGGGTGGTCCCGGATTAGCTTTCCGTACATGATCGGGAGCATGTTCACGTCCCACCGAGGACGGGCGATGGGGATCGGCTTCCTGGTGCACCTGGCCGTCGGAATGAGCTTCGCGCTTCTCTACGCGCTGGTCTTCGAGAGTTGGCAGTGGGCCACGTGGTGGCTCGGGGGCCTGCTCGGCGTCTTCCACGGGCTGTTTCTGCTTGCCGTCCTGATGCCCGCCCTCCCGGACCTCCACCCGCGCATGGCGAGCACCCACCACGGGCCCACGCCCACGCGGCAGTTGGAGCCGCCCGGCTTTCTGGCGCTGAACTACGGCCGCAGTACGCCGGTGCTGACGATCGTGGGGCACATCGTCTACGGCATGCTGCTCGGGCTTTTCTATCCGCTTGGGGGTGGGGGGCTGTTGTAGGGACTGCGCGATGCGGCGCGGGGCGCTTCGCCCTGGCCCTCGTGTCCGCGCCGGCTGGCCCGGACAACGGGAAACGAAGCCCTGCCGTCTGCACGAGGAGGCGGGCTACCGGCCGGCCAGGCTATCGATGGGAACGGGGGAGACGAACAGCTTCGGTTCGCTGTAGACGGGCTCCACACCACCCGCTCCGTCGGCACACAAGACCCAGGTCGCGTCGACGTTGTTGGGCATGTAGAGGCCGTTCGGCTCCCGCTGTGGCAGCGTGTTGGCGGCCTCGCCGAGGCCGTTCTGAAATTGCTTCGGATTGGTTAACTGGGTCGAGTACGGCAGGCCATAGCCGATGGACTTGCAGATGAAGTGACGGCGCCCGTTGCGATCGACATGGTACGTGTATGTCGTGATGCGCTCGTCCCGCATCTCCATGATTTGCTTGGCGAATTTGTACTCCTGGAAGTTGTTGATCTCAGGCGTTCCCACCTCGGAGTAAAGGCGCTGAGCAAGCTGCTGGACGTCCTCACTTGCCTTTTCCGTGGCGGAGTCGCCGCAGCCCAGCAGGGCGAAAACGAGTCCCAAGAAGAGGAGACCGGAGGATGGTGTGCGCATGGACGGGGAAGCGTAGAGAATGGATGGGAAAGGTCGGCGAAAACGAAATTCAGTCCGTGGACCTGTTCGTTGTTCGGGCTACGGGTCTGTTCGCGTCCGGAGGTGCTCGACCCACTGGCGAAGGTCCTTCGGCATGTCGGCGCGGTCAATGTCTCGGGCCCGGCGTAGGATCAACTTCCGGACTGCGTCCTTGTGGGTGCTGTCTGCCTCTTGGTACTTCACGCGGTAGCGCATGAGGTCCTCCACCGTCCCCTCCACGTGCTGCCGGCTCTGCTCGTAGGTTTCTCGCTGGGCTTCTTCATACTTGGGGGCCGTCCACCGATACACGTAGTATCCGCCGCCCACGAGAATCGTGACAAACGCGAGAAGGGAGAGGGCCGCGGTCACCGAAAAGCGGATCGAATCCAGAAATGAGTCGTCGCTCATCCAACAACGAAACCGGTGTTCGTGAAAGTGCAAACTTGTGCTGGTGCAAGCATCAGGGTACAGGGGTGACCATTCAATTAAGGAAAGGCGGGAACGCAGTGAATATCAGCGCGCATGCCCACGGGCCCTCCCCCATGCCCGGACGACGATCAACCGTGAGCGCTGCTCGTTCCCACTCACCGTTGGCACTCGTTTCCTGGATTCTGCGTGTTCGCACTCATGGTTCGCCTGCTTCTGTACGTCCTGATCGGATTTGCCGCCCTCGTCGTCGCGGGCTACTTTACCGTTGCCGCCCCCATCGCCGACGCCCGCTACAACACCGTCCAGGCCGAGCCGCCCTACGATCCTTCGGGGCGGGCACAGGCCCTGCACGACACCCTGATGGTTGCGGATCTCCACAACGACCTGCTCCTGTGGGGGCGCGACCCGCTGACGCGCCACGACCGCGGCCACACCGACGTGCCGCGGCTGCGGGCGGGCGGGGTGGGCCTCCAGGTGTTTGCCGCCGTCACGCAGGTGCCGCGGGGCCGCAGCTACGCAGGGACGGACGCCGATGCCCTCGACCAGATTCCGTTTCTTGCCGCCGCCCAGCGCTGGCCCGTGCGGACCTGGACGAGCCGCCTGGAACGGGCCCGGTAC
NZ_CP169425.1_gap15	574823	576049	1226	GCGCGTGGGGGGACGGTGCCGAAGCCCGGCCGTCGGCCCCGACGAGGTGCGCCTCGACCTGGGGGCCGCCTGGCACTGGGCGGAGCACCGGCGGGTGCGCGCGCTGGCGGAGCGCCTCGGCCTTGAGCGGGTGCGCCAGCACGAGCCGGGTGTAGCGGTCCAAGAATGGGCCCGGGACGAGCCTGTGGAGCACTTCGAGTGGCCCGACGCGCCGCCGCCCTCCTGGCGCCTGGTGGAAGGGACCCAGGCCCTGCACGAGCGCCTCGCCGCCACGCTTCCGGACGCCGCGCTCCGACGTCGCCACCGTCTCCGGTCCCTACGGCGCACGGGCGCCTCGGTGCAGGCCACCGCCCAGACGCCCAACGGCCCGCAGACCACGTCGGTCGACGCGGTGGTGCTCGCGGTCCCGCCCCGGCTGGCCGGGCACACCCTTCAGTTTGAGCCCGCCCTCCCGGACGCGCTGGCCTCGGCCCTCCGCGGCACCACCACCTGGATGAGCCCCTCGGCCAAGGCGGCCGTGACCTACGCCCGTCCGTTTTGGCGCGAGCAAGGCCTCGCCGGGCGCGTGCGGAGCGCGGCCGGTCCGGTGCACGACTGGCACGACGCCACGCCCCCCGACGGCCCCGCCGCGCTCGTCGGGTTCATGCATCCCCCGGGCCCCGACTCTCCCACGCCGAGCGATCCGGGGGAGCGGGAGGAGACCCTCGTTCGTCAACTCGTCCACTGCTTCGGCGAGGCGGCCGGGGCGCCCACCGGCCTCGCAACGGCCGACTGGCGTCACGACACGGCCACTACGCCGCCCGCGGGGCCCACGCCGGGGCCGCACACGCCGCCGGACCCGGCCCCCATCCTCCAACGCCCGCACTGGGAGGGGCGGCTGCACGTCGCCGCGGCGGAGACGGCTACCGAGCACCCGGGCTACCTCGACGGCGCCATCGAGGCGGGCCGCCGCGCCGCACGGGCGCTGGCGTAGTGAGCCGGAGGGGGCGTGAAGACGTTTAGGTCGACCACGCCGCCGCCCACGCATCGTTGCCGCCCGCCTGGGGCCGGTCCTCGCAGGCTGGAGCTTTTGTGCCGGCCGTGCGTTACCCTTTTGTCAGGAATAGAATGCCGTCACGGCTGAACTGGCGCAGAAGCACGCACGATCGCGTTCCTTCCACAAATTTCCCGACGCCGCCATGTCCAAATCCATTCTGATGATCGTTGGCGACTTTGCCGAGGATTAC
NZ_CP169425.1_gap16	619849	621045	1196	CGAGGGCCACGCCCCCCACGATGCCCAGCGGCTCGCGGCCCGGGTCCAGGATCACTTGGGGCGATGAGGGGCCCGGTGCACCGATGTCGCGCGAACTGTTCGTCTCCCTATGACCCTGACCCTCCCCGAGCGCTTCCGCGACGCCACGTTCGAGAGCTACGAGCCGCAGACGCCGAGCCAGGCCGAGGCCCTCCGGGTCGCCCGCGCATTCGTGGCCGAACTGCGCCGGACCCCGTCGTGGGCCGAGCGGCTCAGGGCGCTTCTGGGTGTGGGGGACGAGCGGCTGCCGCAGGGGCTGTATCTGGTGGGGCCGACGGGGACGGGCAAGACGCACCTGCTGGCCGCGACGTGCAACGCCCTGATGCCCGAGAGGGCCTGTGCCTTCCTGCACTCCAGCACGCTGTTTCGGCAGACCGAGCCGCCGGACGCCTTCGCGCACCGGCTGGCCGACCAGTACGCGGCCTGCTGCCTCGACGAGGTGGAGATCGACGACCCGGCGAACGAGATGCGCCTCGCGGGGGTGATGAAGACGCTGGCGGCCCGGGACGTCCCGCTCCTGGCCACGAGCAACGTGGCGCCGGAGGAGTACCTGGCGACCCAGCTCGGCGACGGCCGCGTCCAGCGGTTCCTCCGAACGGAGGTGCGGGACGCGTACCGTGTGGTTGGGGTCCGCGGGGACGACTACCGGCGGACGCGAGCGGTGGAGCAGTCCGGGCGGGGGTGGGTGGGGCCCTCCGACGCCACGCAACGGGCCATGCGGCAGGCACGGGCGGACGCGACGGGGGCGGCGCGGTGGTGGACGTTTGCGGACCTGCGGCGGGCGACGACGGACACGGCCCATACCGACCTCATTGAGGACCTGGTCGGGCTCGACCACCTCTTCATCGAGGGCGTCGCCATCGCGGACACGGACGACGCCTTCCGCCTCCTCCGCGTCGTCGACGCACTGTACCTCCACGAGGACGCCCCCAGGCTCTACTTTACCGCCGCCCGGCCGCCGGACGACTGGTTTGATCCCGACCGGCACGCCGGCCTTGCGCGGGCCGTGGCCGAGAAATTCGACCGCACCGTCTCGCGCCTCCACGCCCTGTGTCAGATTCGCCCCGTCGAGCAGAAGGAGGCAGGACAGGTCTGATCCCGCACCGGCACGCTATTCCACGTCCGGCCCCGCCGCCAAGCACTGGGCGATCTCCTCG
NZ_CP169425.1_gap17	636503	638449	1946	CAGGGCCGCCCGGTCGGGATCGGACAGGTGGGCATACCGGACGATGCCGACACCATCCAGGTCGGCCACTGCCATTGCGTCGGCCCGAGTTGCCGAGAGGGTCAGCACCACACTTCCGTCGGCGAGGGCCCACTGCTCTTCCGCCGTTGCGGGAGAGCGGTCCACCACGCAGAACCAGTCCGTTACCGGAGGGGTAGGCGGGTCAGAATCTTCTTTCGATTGGCGAAGGGTAACGGTTGGGCAAATGCGAACGGGTCTAGGGGGTGATAAGGAGGGACGCAAACTGGGATGCCTCGGGGCAAAGTCCGGAAGAATCTTCCGTCTGTTGTAGGGCAACAAAAATGCCAGTCTTTTCTTTTGGGCTCACTTCGGACGCCCGTACGCTTCTGTTATATTCTATTTTAAAGTTTTCTCCTTTTTGAGAGGATGAGGGGTGCCCTTACGCTTCAGTACACGCGCCGTCGTCTTCTCGGAGAAGGACGTCGCTCCGATATGGTCTCTGCGTCGGTAATTTCGCCCCCTGCGTTGAGAGTCTCTGTAAGGCAGTCGGTCCAGCCGCGTGTTGTAGCAGCGTGGTTGTTGACCAACAGTCCAGCGCCGGTCGTCCTTCCGCTGGATCTCTCCGGCCCCGATCGACTTGCTTGACGGCGGTGGGTCGGTCTAGGGCGATTTACACAAGCAGCTTTTTGGCTCTTCCGGACTCGAATCCTGCATCGTAAGGAATGCTTTCTTATAAGATATACTCCAAAAGATTCCCTACGCGGTGACATACACTCACGTGTCACCGGGAAAGGTGCAGCTGATGCCCGTCCAAATGCGATGGCCTCGTAAAATTCAGCCATCTCTGTGTACCGTCGCGTCTTTCATGCCGACCAGGTGTTGAGGAGCCATGCCGTCAAGAGCGGCCCAGGCGAGAAGGCAAATGCATTCTGGGGCCGCCTGCGCCGACATGGGCGCTGCCTCCGTGCCCACTCGAATCTCCCCGCGCGTCTACGGCCGTTCCTGGAGCCAGCTCGCCGTGATTGCACAGCGGCAGGGCAACACCGCGGATCCAAACTCCGCCGACGAGGGGGATTGCCGGTTTGCGTGTTCGGTCCCGTCAAACGGCGGTTGACCGTCAGCGGGATCTGCGAGCAGGCGGAAGACTACTTCGTGGAGTGGTGTCCCGACCTGCCCGCATAAGAGAGCTGCAATCGTCGTCTGAATCGGTGGGTGTCGTTTTTGCCCCGCTCGCTCCTCTCGGATATCAGCTGCACAAAGACACAGAAAGAGGGGGGCGGAGCTGCTAAATCGACGCCGATTACACTGGCAAAAGGACCGCGGGCTTCCTGAGTGAAAAGGAAATTCTGGAGGGATAAGAAAATTCTGGGCGGCAGGGGAATTGCTGAAACGAAGAAAAGTCGCCACAAGCTTCACTCGGAGCCCCTGTGACGATGGCCAAAGCCTTCTCGTCCTGTCGGATGAGTCCTACACGAGCACAGGACGTGAATCGGGTAGCTCCGGTGCGCGGCCGGAAAAAACGCTACAAAAAACAATCCGGACTCGTGCCGGATCGTGCGGGCCCCCAGGCCTGTGCGTCGCCTGGTGAGGAGGTTAAGACGAGGGGGCAAGATTCGGAATCTGGTGGCGGGTCAGGAGCCCCCCTGTCTTCAACATGGCCCCCTGAACATAGCCCCCTGGGCCCAGGCGGACGACTACGAGCGAATTTCGACCCCGGTAAATTCGAACCGGGCCCCGCCATCGGGAGACTCCGTGAGGCGGACGCCCCAGCCGTGTGCCTCGGCGATGCGCTTCACGATCGAGAGCCCGAAGCCGGTCCCCTGTTCCCGCGAGGTTTCCCCGGGCTTGAACGCCGTCTCGCGCCGGGCAGGCGGAACGCCGGGCCCGTCGTCCTCCACGTACAGGACGGCGTCGTCGGCACGCCCGACCCGCACCGTGACGTCGCC
NZ_CP169425.1_gap18	649187	650174	987	CCCGGCCACCAACGCCCGGGCCGTGCCCATCTACGCGACCACCTCCTACACCTTCGACGATGCGGAGCACGGGGCCGACCTCTTCGCCCTCGAAGAGTTCGGCAACATCTACAGCCGCATCATGAACCCGACGAACGACGTCTTCGAGAAGCGGGTGGCCGCGCTCGAAGGCGGCGTCGCGGCCGTCGCCACCGCCAGCGGGCAGTCCGCCCAGTTTTTGGCCCTCAACACCCTCTGTGAGCACGGCGACAACATCGTCTCCACGAGCTACCTCTACGGCGGGACCTACAATCAGTTCAAGAACTCCTTCCCCCGCCGCGGCCTCGACGTCCACATCGCCGACGGCGACGACCCCGACTCGATCGAACGCCTGATCGACGCGGACACGAAGGCGGTCTACCTGGAGACGATCGGCAATCCGCGCTTCAACATCCCGGACTTCGAGCGGATCGCCGACATCGCCCACGCCCACGGCGTGCCGCTGGTGGTGGACAACACGTTCGGGGCGGCGGGCTTCCTGTGCAGCCCGATCGAGCACGGGGCCGACATCGTGACGGCCAGCGCGACGAAGTGGATCGGCGGGCACGGCACCACCATCGGCGGCGTCATTGTGGACGCGGGCACGTTCCCGTGGGACAACGGCCGCTTCCCCGAGTTCACCGAGCCGAACCCCAACTACCACGGCCTGCAGTTCTGGGAGACGTTCGGCCCGGACGGCGTGCTCGACACGAACGTCGCCTTCGCGATGCGGGCCCGGGTGGAGGGGCTACGCGACTTCGGCCCGGCCCAGAATCCGTTCGGCTCGTTCCTCCTGCTGCAGGGCCTCGAAACGCTGTCGCTGCGCGTGCAGCGGAGCTGCGACAACGCCCTTGCGCTCGCCAAGTGGCTCCGAGAGCAGGACGCGGTGTCGTGGGTCAGCTACCCGGGCCTGGAGGACCACCCCTATCACGAGCGGGCGAATCGGTACCTGGAGAACGGGTACGGGGC
NZ_CP169425.1_gap19	661230	661841	611	CAACAACGACGACATCGTGCTCAAAAGTCATGGTGCGTGTTGCGTATTTCGTATTGCGTATCTCGTGCTGCGTATTCCGTATTGCGTGGAGAATCTGACTGGTGCCGATTGCTCCGATACGCAATACGCACTACGCACTAGTTCTCGTCACCACCCGGCCGTAAGCACCGAGTAGGTTCCAATGATGAGCAGCCCGAGGGCCACCGTCCACGACAGCGACTTGGCCACCAGTCGGCCCATGGGGTCGCGGATGTAGTCGGTCATCACGTTGTTCAGGCCGTAGAAGCCGTGGTGGAGGGCCACGACGAGGAACAGGATGTTGAACCCCTTCCACAGCACCGCATAGACCGGGTCGGCTAGCCGCTGCATCACCACCTGGTACGGGGTGGCCTCGGCGTCCGGCCCGAAGCGGGCCTTCACGCCCTCCTTCGCCTCGTCCGGGTAGTCCGGCATCTCGTTCTTCTCCGTCACCACCTCGTGGGTGACCGAGGCGGCCTGGTGGTCGTAGTGCTGCACCCAAAAGTGGGTGATCAGCATGAAGATGAGGAAGGTGCCGGTGATGCGGTGAAGAAACCAGTTCAGCGCGTTGGTCTGAGCCATAGCAACAGGGG
NZ_CP169425.1_gap20	665569	670110	4541	ATCGACCTGCGGGATGAGGACGACAAGAAAAAGGTCTACGACGAGGTCAAGAAGGGCTTCGAGGAAGACCGCGCGGTGACGAAGGTGCTGCCGATGAGCGACTTTGGGCTCGTCGAGATCACCCGCCAGCGGCTCCGCCCCAGCATCACGACGACCTTTTCGTCGGCCAACGGGACCCCGTCCGACGACGGCGACGACGGGGCCGACCCCGAAGAGCTCCGCCAGGCCGAGCGCAAAATTCAGAGCCTGGAGAAGGAGGTGGAGAAGCGCGAGCGCGAGGTGAAGCGCCTGAAGGCGGAGGACGACACCCCGGACGAAGAGGTGACGGCCCTGCGGCAGAAAATTCAGGCGCTCGAAGACAAGCTCGAAGCGGCCCGGGCCCAGCAGACGGCGGAGAACGCGACGCCACGTCCGTCTTCGTCGGATGGATCCGCCGCCTCCGCAGAGGGGGACGCCGCCCCCGACGAACTTGTGGAGGACATCGAGCAGTGGCTCGTGGCGCACAGCGACACCCACCGCGCCGTGACGCTCCGGGTGCATCCGTTCGTCGCGGCGTTCCTGCGGCGCCCCGTGCCCACGTACACGACCCGCTGGTTCATGGAGCACCTGGTGCGCGTCCACGTCGAGGCGGACACCGAGGTGCCGCCGCACACCTTTCAGGTGACGGACGAGTCCGGCGCTCCCCTGCCGGAGTCGCCGTAGCGGGGGCCGGCGACGGGGAAACAACTGGGGGGCAGCCCGGGATGAAATGGGGCGCGTTTTTGTTGGAGTGTGACTGTGCGGTATGGACACCACTACGATCATCGACGAACTGGAAGGGGTTGCGGCCCGGCTGGGGATCGAGGTCCGGGCCGAGGCTGGCAACTTCCGTGGGGGCCGCTGCGTCGTGGCGGGGGAGGAGGTGATTATGCTCAACACGAACGACCTGCCCGAGACGCAGCTGGTGGTGTTGGCCGAGGCGTTGCGGGACGCCCCGCTCGATACCATCTACCTGAAGCCGGCGGTGCGACGGGCCCTCGAAGAGGCCTGGGCGGAGCACATGTCGGCGGAGGCCCCACATGACCACTAGTCCCCACGTGTCCACAGACGTCCCGCCGGCCGACCGCCACGCCCGTACGCCCCCGGTCACCGCCACCTTGTTGGGGACGGGGACCTCCACCGGGGTGCCCGTCATCGGGTGCGACTGCGAGGTGTGCACCTCCGCTGATCCGCGTGACACGCGCACCCGCTGTGCCTGCTACGTGGAGGTGGGCGACATGGGCCTCCTCATCGATACAGGCCCGGACTTTCGGGCGCAGGCCCTCCGCGAAGACATCGACCGCATCGACGCGGTCTGCTACACCCACCACCACTTCGACCACGTCGTGGGGCTCGACGACCTGCGGCCCTACTTCCGGGACAACCGGCGCGTGATGCCGTGCTACGCCCACGCCGAGACCGCCGCGGTGCTCCGGCGCAACTACGACTACGTCTTTGGGGGGGACCCGTATCCCGGCGCCGCGAACGTGGAGCTGGAGGTCGTGGACGGCCCGTTCCGCGTGCCGAGCCGCACCGCCGCCGACACCGCGGTTCCCGTCGACCCCATCTTGCTGATGCACGGCGACGTGCCGGTGTACGGCTACCGCCTCGGCCGCTTCGCGTACCTGACGGACGCGAGTGCCATCCCCGAGGCCAGCTACGAGCAACTGCAGGGCATCGACACGCTCGTCCTCGACGGCCTCCGCCCCCGGCCGCACCCCACCCATTTCTCGTTCGACGAGGCCGTGGCCGCCGCCCGCCGCATCGGAGCACGCGAGACGTACCTCGTCCACATGACCCACGACGTGCGCCACGCCGAGGCGGAGGCCGCCCTCCCCGACGACGTCCACCTCGCCCACGACGGGCTCACGCTGGAGGTGCCGGCGTACGATTCTGCCGGGCAGGACGAGCGGTGAATCTTTCCGCCCGGTCGGCAATTGATGGGAGGGAGTTTTTCTCCGTCACGACCCGTTGCGCCCCGTGCCCCTCCTTGTCCTCAACGGCCCCAACCTGAACCTGCTCGGTGTCCGCGAGCCGGAGACCTACGGCACCACGACGCTCGCCGACATTGAGGCGGATCTCACCGCGGCGTTTCTCAAGGTCACGCTTCGGTTCGCGCAGGAGAACAGCGAAGGCGCGCTCATCGATCACCTGCACGCCGCGCACGAGGATGGCGTCGACGGCGTCGTCTTCAATCCAGGCGGGTACACGCACACGTCCGTCGCCCTGCGGGACGCCGTGGCCGCCATCGATCCGCCCGTGGTGGAGGTGCACCTGTCCAACGTCCACGCCCGCGAGGACTTCCGGCGCACGTCGCGGATCGCCCCGGCCTGCGTGGGGCAGATGAGCGGGTTCGGGGCGGCGGGGTATCGGCTGGCGGTGGAGTACTTCGTGAACCGTGACACGTGAGGCGTGAGGGAGTGCGGGGGACGGACAGGGAGGCCGTTCCGGAGAGACGTGCAGTGTGGGAACGTGGAGAGTTGAGGGTTGAGAGTTGGGAGAGGCTGTTCATTCCCACCGTGGCCCTCTCTCCAATCTCTCCGTTTGCTGTTGCTGTTGCATTTCGGTACTGACTAGATGGCGGGCTACAAGGGTCACATTGCGGGCGCGACGGTCTTTGGGGGCGCGTACCTGGCGGCCCTCGGGTACGCGTTCTCCGTCGACGCGGCCTACCGGCAGTTTACGGCGCTGGAGCAGGTGGGCTACCCGCTCGCGCTCCTGGCGCTGGCGCTCCTGTTTGGCCTCTGGCCGGACGTGGACACCGATTCGAAGGGGCAGGAGATCTTCTACTCGATTTTCTTTGCCGTAGACCTGTTCCTGGTGGTGACGGAGCAGTTCCGGGCCGCGGCCTACCTGGGCCTCGTGGCGGTGCTGCTGGTGCTGAGCACGCACCGGGGCTGGACGCACACCTGGTGGGCGATGGTGCTGGTGCCGTCGCCGTTGCTCATCCTCCCGTACCTCCACGTGCCGGGGCGGCCGCTCGTGGGGCTCCCGTTCTACGGGGCGGCGGTGGTGGGGTATTTGAGCCACCTCGTCGTGGATCGGCTGTGGTAGGTTTCTGGTTATGGGTTGAACGGTGAGGGTTTTGCGTTGAGAGTTGAGGGGGCATCGGGTGGGGTCGTTGGTTGGAGGTTGGGTTATTAGAACAAGTGATGGGTGACGAAGCGGAGACCGTATCGGCGGAGGCAGAGTCCGCGTCGGACGCGGAGGGGGAGAGTGCGGCGGGATCGGTGGCGGGCGGCATTTTCCTGAGCCGGATGTTTGGGCTGCTGCGGGAGCGGGCGGTGGCCTACTTCTTTGGGGTGGGGGCGCACGCGGACGTGCTGCAGGTGGCCTTCAAGTCGCCCAACCTGCTGCAGAACCTGCTGGGAGAGGGCACGATCTCGGCCGCGTTCATCCCCATCTACAGCCGCCTGCTCGACGAAGACCGGCCCGCGGCGGCGGGGCGCTTTGCGGGGGCCATCTTTGGGGTGCTGCTGGCCGCGGCGGGCGGCGTGGCGCTACTCGGGGTCGTCTTTGCGGAGCCGATCGTGACGGTGCTGGCGCCGGGCTTCCTGGACGATGCAGCCCAGGTAGCGGCGGGGGACCTTCCGTTCAACCGATTTGACCTGGCGGTGCGGGCCGTGCGCCTCATCTTTCCGATGGCCGGGGTGCTCGTGCTCTCGGCGTGGGCGTTAGGCGTGCTCAACAGCCACCGCCAGTTCTTTGTCCCTTACGTGGCGCCGACGCTGTGGAACGCGGCCATCATCGCAACCCTCTTCGGCGGCGGGTACGTGCTGGCCGGCACGCCCGGCGCGCCGGACGCCCTGTCGAGCGACGCCCTTACACAGCTGCTTCTGGTTGCCTGCGTGGGGGCCTTCGGCGGCGGGTTGTTTCAGTTTGGGGTGCAGCTGCCGTTCGTGGTGCGGGAGATGGAGGGCTTCTCGTTGTCGCTGTCGACGCGCGTGGAGGGGGTGCGCGAGGCGCTCAGCGCGTTCGGGCCGGTGGTGGCGAGCCGGGGCGTGGCGCAGCTGTCGGCGTACCTCGATCTGTTTCTGGCGTCGTGGCTGGCGGTGGGGGCCCTCAGCGCGCTCCGCTACGCCCAGCTGCTCTACATGCTGCCCATCAGTCTTTTTGGCATGTCGGTGGCCGCTTCGGAGCTGCCGGAGCTGTCGCGCCTGACGCAAGAGAAGGTGGCGGCGTTCTCGGCACGCCTGCGCCGCTCGCTGCGGCAGATTGCGTTCCTCACGGTGCCGACGGTGGTGGGCTACCTTGCCTTCGGCGTGCTGCTGGTGGGGGCGCTCTTCCGGACCGGCCAGTTCCAGGCGGCGAGCACGTGGCTCGTCGCGATCGTGCTCGGCGGGTATAGCCTCGGCATCCTGGCGACGACCTTCTCGCGCCTCCTCCAGAACGCGTTTTACGCGATCGGCGACACCACGACGCCGGCCTGGATTGCCGTCCTGCGCGTCACGGTCTCGACGCTCGTGGCCGTGCCCGCGATGTTCTGGCTCGACACGATTGCGCTCGAACGGGTTGTGGGCCCG
NZ_CP169425.1_gap21	671205	674046	2841	TTGACGGAGGGCAGACGCGAGATGGAATCCTTCTTCCTGCAGTGCGTATACTTCATGCGCCTGTTGGGATCACTCCCCCGACTCTTGCCTCCTTCATCCTGAACCCCTAACTCTCAACTTTTAACCCACAACCCCCATGCCTGGCACGCCCGAGAACACAAAGAAAGAGAACGAGCGGGACCTCAATTTCTGGGAGAGCCTCTACCTGCCGGAGCTGTTCAAGGGGCTCGGCTACTCGTTCGACCGGATGGCCAACGAGCCGACCTACACGTTCGAGTACCCGGAAGAGCAGTGGTATCCGCCGGACAGCTACCGCGGGCGGCCGGTGCTCGTGGAGGAGGACGATCGGCCGCGGTGCGTCTCCTGCAACCTGTGCGCCCGGGCCTGCCCGCCGCTCGCCATCTCCATGCAGTCGAAGGAGGTGAACAATGTGAAGGAGCGGGAGCCGGAGTGGTTCGAAATCAACATGCTCCGCTGCATCTACTGTGGCTTCTGCGAGGAGGTGTGCCCGGAGGAGGCGATCGTCATGTCGAAGGAGCACGACCTCACCTTCCAGAGCCGCGACGAGGCGGTCTTCGACCTCGACGACCTGCTGCGGCCGAGCGAGCAGATGCAGGATCGCCTCGAGTACCTGGATCAGTACAAAAACAAGCAGTTCGGGCAGCAGTGGGACTTCAAGAAGGAGAACAACCTCCACAGCGTGAAGGACCAGCACTTCCTGGACTGGCTGGCCGAGGAGGGCATGGACGACCTGGACACCACCCACCAGCGTGAAGATCGCATGGCCACGGAGGGCGATCAGGACTGGGGGGGCGACCGGCAGGGCCCGCCGCAGACCAAGCACGCCGCGGAGTAGTCGGGAGGCGGCTGGCCGCACCGCCATCGCAAAGCCGAAACAGTCGCCACGGTCGGGTGGGAACGGGTGCCCCCGTCTCGGCACGTCCCCTTTCTCCCCAAAACACGTCCACACGCAGATGGAAGAGACCATTGACATTGCCGAGGCGCGGGCCGAGGACCCCGAGGCCCTGCGAGACGCCCTGGTGGACCAGTTCGGGTACCTCGTTGACGAGATTACGGCCCTCCGGACGGTGGTGGACGGCCTGCCCGACGAGATTCTTGGCGGACGCCCCGAGCCCGACGCCCTTACGATGAAAGAGTTGTACGGGGCCATCGCGACGCTCGACGCCGAGGTGCGTCGGACGCGGGTCGACCGGATTGTTGACGAGGAGGAGCCGGACCTGGCGCCGGTCGACGTGGACGCGGAGGTGTACGACGCGGGCTGGAATGATCGGGCCATCGACGACATCCTGCAGGAGGTGAAAGGGGCCCGGCGTGCGCTCACCGAGCGACTGGAGACGCTGCCCCTCGACGCCTGGCACCGCGCCGCCACGCTGGAGGACGAGACGCTTACCCTCTTCGGGCTGGTCCACCGCATGACGAAGAACGACTTCCAGCGGCTCCGCGATCTCGGCTACCGGCTCCACGGGGCCCACCTCTCCGAGGACGATGAGCCCCTGCCGACCTGACGCCCGCGGCGCGCGAACGGGGCGCATCGGAGGGGCACACGAGCGCGTTCATCCGCAATTCGGCATTGACCCACGCCAATGGCAAAAGACACGGGCCCGTCCTACGACGATCTGGCCACGGCCTTCCGGCACCAAAACTTCGAGCCCCTCTACTTTTTCTTTGGAGAGGAGACCTTCCTGATCGACGAGCTGCAGGAGCTGCTCATCGACGAGGCGCTCGACCCGAGCCAGCACGACTTCAACCTCGACGTGGTGTACGGGTCGGAGACGGAGGCTTCAGAGGTGATTGGGCTGTGCCAGGGCTTTCCGGCGGGGGCGCCGAAGCGGGTCGTGGTGGTCCGCGAGTTCGAGAAGCTCGAGAACAACCGTCAGTTCAAGGACTACGCCGCCCAGCCCAATCCGCAGGCCATCGTCCTGCTCGCCTGCACCAGCAAGCCGAACCTGAGCGCCCATCCGTACCGCGCGCTGAAGGAGCACGCCACGTGGTCCGAGTTCGAGTCGCCGTACGACAACGAGATGCCGGGCTGGATTCAGGACTACGTGCAGGGCCAGGGGTACGAGATCAAGCCGAAGGCCGTCCAGATGCTCGCCGATTACGTGGGCACCGACCTGCAGCGGGCGGCGAGCGAGATCGAGAAGCTCATCACGTTTGCCGGCGACGCCACGCGGCTCACGGCCGACGACGTGCTTGCCGCCAGCGGCCAGACGCGCGAGTTCAACGTCTTTGAGCTGCAGAGCGCCCTGGGGGAGGGGCGTCCCGCCGACGCACAGCGTATCGTCGACCGCATTCTGCAGCAGGCGTCCAACCCGCGCAGCGAGGCCATCATGATGGTGGCCGTGCTCAACGGCTATTTCGACAAGCTCTGGAAGTTGCAGAAGCCCGGGGCCCTGCGCGAGAACAAGTACGACCTTGCCGGCTACATCGGGGTCAGCCCCTACTTCGTAGAGGAGTACAAGCACGCCGCCCAGCGCTACGACCGCTCGGCGATTGCCGACGCCTACTCGGCCCTCGTGGCGGCGGACTACGAGCTCAAGGGCGGGGCGTCCCGCGAGGCCTCGCTCGTGATGACGCTCCTGTTGCGGCGGCTGCTTCCGCCGGATGCCCGTCCGGTGGCGGCGTAGGGGGAGAGCGTTCCCGGACGGTGACGCGTCGTCGCCATGGCGCCGTTCAGATCCGTTTGCGCCGGCCAGGCCCGGAATTCACGGAAACAAGGAGTGCGTAGCCCGAATACGTATCGATGACGAGCTGCCCCCAGATCCGCAGCGCGTGTTCGCACCGCATGGGACGATCGTTTCCCCATGTTGTGGGGCCCGA
NZ_CP169425.1_gap22	685920	688110	2190	GGCGCGAGGGAATGGTGCCGTCGAGCGCCCGGATCAGGAAGACGGTGTGGAATTCGAGGCCCTTCGCCGAGTGGATGGTCGACAGCACGAGGGGGGGCTCGTCGTCCTCTCCGGTCTCCTGGTCCAGGGCGGTCAGCTCGATGGGATCGAGCGTGAGCGAGGAGAGGAAGCGCTGGCGCGACTCGTGGTTGGCGGCGAGGCCGGCCAGGTGCTCCAGGTCCGGGGCCCGCTTCGGGTGGTCGTCGGCGTACTTGTTTTCGAAGAGGGGCTGGTAGTAGTCGAGGATGGCCTCCACCTGCTCGGTGACGGACGTATCGTCGGAGCGGACGTGGCGGAGCGTCGAGAAGAGCTGCTTGAGCCGGGCCGCGTACCGGTCGGAGAACGGGGCGCCGTCCCCGAGCGTCAGGGGGTCCTCGGCCGCCTCCGTCGTCCACTCGATGAGGGACTGGGCCGTCTTGGGCCCGATGCCGTGGATGAGCTGGAGCGCCCGGTTCCAGGAGGCGGCGTCCTGCGGGTTCTCCACCACCTTCAGGTGGGCCAGCACGTCCTTGATGTGGGCCGCCTCGTTGAGCTTCATCCCGCCGTACTTTACGAACGGAATGTTGCGCTGGTTGAGCTCCACCTCCAGGTCGTACGCGTTGTGGCTGCTGCGGAAGAGCACCGCCACATCGCTGAGCGGAACCCCGTCTTCGCGCAGGCGAAGCACCATCTCGGCCACGAACCGGGCCTCCATGTCGCCGTCGGCGGCCGGGACGAGGGCCGGGAGCTCTCCCTCTGTCTTCTCGGTAAAGAGCGTCTTGTCGTACGAGCGCTCGGCCTGCTCGATGACGCGGTTGGCCAGGTCCAGGATCGGCTGGGTCGAGCGGTAGTTGTGCTCCAGCTTCACGACCTCGGTGTCGTCGAACTCGTCGGGGAAGCGGAAGATGTTGCGGAAGTCGGCGCCCCGAAATTTGTAGATGCTCTGCGCGTCGTCGCCCACCACGGTCACGTTGCCGTGGACCGACGAAAACTTTTTGACCAGTTCGGCCTGGAGGGCGTTGGTGTCCTGGTACTCGTCAACCAGCACGTGCCGGCAGCGGCTGGCCACCTGGTGCCGCACATCGTCGTCCGTCTCGAGGAGCTCCAGCGTGCGCTCCAGCAGGTCGTCGAAGTCCATGAGCCCGTGCTCCTTCTTGTACCGCCGGTACGCGTCGCGGAGGGCCTTGAGCTCCGCGTGCAGGCTCGTGAACTGGGGGTAGCGCTTCGTAATCGTCTCGCCGAGCGTCTCGTCGCGGTTCGTGGCCGAGGAGAACATCGAGTAGAGCGTGTTCTTCTGGGGAAAGCGTTCCTCCCCGTCGCCGTACTCGCCGCGGGTGCGAATGACGCTGAGCACATCGGCGGCGTCCGCCGCGTCGAGGACCGTAAAGTTGCGCGGGAAGCCGAGGGCCTCGGCGTGCTGCCGCAGGACCTCCAGGCAGAAGGCGTGGAACGTGCCGCCGCGCACCTTCTCGCAACGCCCGTCGAGCAGATTGGACGCGCGGGCCGTCATGTCGTTGGCCGCCCGTCGCGTGAAGGTGAGCAGCACGATCTGCTGGGGGCGCGTGCCCGTCTCGACCAGATAGGCGAGGCGGTAGATGAGGGTGCGCGTCTTGCCGGTGCCCGCCCCGGCCACGATGAGGAGCGGCCCCTTCCCAGCCGTCGCCGCCGCATACTGCTGCTCGTTGAGGGCCTCCGCGTACTCGATCGTAAGGTCTTCGGTCGACCCCGACGGCTCGTCCCGGTCCGACGACAGTACAATGCGGCGCGCCATGGTGGGGAGCGAGGACGTGGGCGAGACAGCGAGGTGAGACAGCGACGGGGCGGGGGGCAGGCCGGCGTGGCGCCCGCGGTGGGCAGAACACTGACCGGCAGCGGCCGGTTGGGAGACAGTCCCAGGATTAGGGGCCGGGCAAAAAGAACCACGTACTAAACCTCCGTGCCGGGACGAGTGATCCGGTCGCGGGGGGTAGACATTGGGGGGGCGTGGTTCGTAGGTTATAGTCCCCCGTCGTCATGTCCGGGCCCGTCGTCAAGCGTGGGGCCGGGTGAACCTCTTTGCGAGCGAGATTGTCTTCGGTAGTTTACTATGGGAAAAGTTATCGCGATCGCCAACCAGAAGGGCGGGGTGGGCAAAACGACCACCGCAATCAACCTGGCCGCCTCCCTGGCGGC
NZ_CP169425.1_gap23	807199	809902	2703	CAGAAGCCCAGTGCCATCACCTATTAAGGAAACCATGGCTACCTACGCTAGAAAAGATTGATGGAAATATTGCCGTCTTGGCTTCTGATCGTGGCTCGGAGTTTTATCACTGGTTTGTTGATGTCCTGCCACGGATATATCTTGTGAACAAGAGTAAAGAACGGATCGATTATTACTATGTCCCCGATGACGACTCGTACAAAAAAAAGACACTACAGAAAATAGGTATAGATTCCGGTAAAATAATAAACCCATCACAAGATCATCATATTGAAGCGGCAAAAGTTATAGTACCATCGTTGCCTAGAACATTCGGCAACGTCCCGAGGTGGTCTACTGAATTTCTTCGAAAGAGACTTATACCTACTGTAGATGAAGCGAACAGTAAGCTGCCTTCACGTGTATATATTGACCGGGTCAATGTGTTGAGAAGAAAGGTAGCTAACAGGGAAAGGACTATCAACTTTTTAAAAAAATACAATTTTAAGCCCGTAAGGCTTGAAAATTACAAGTGGGATAAGCAAGTAAGCATTGTCAGAAATGCTAGTATAATAGTGGCACCTCATGGAGCAGGATTAGTTAACACTATTTTTTGCTCGGACGGGTGTAATATAATAGAAATATTTTCGCCTAACTATATGAATCTATGCTACTGGAAGTTGCTACAAAACTTAAATGTGAGGTACCACTATATAATAGGCAGCGGTAAAAGACCGAAAAAGGGCAATGACCCACACTATGGCTGGGACCCAATAGAGGTGAATATTGATGCTCTGGAAAATACATTAGAAGCCATCCTACGGTGAGAGTGTTGATTTATAGAATAGGATAGGGGTGCCTCATAAATACAGTTATGTCAACTGGGCCTATCAGTTCACAGAAGTGTAGTAGGTTCGCCGAAAGGTAGTTCGAGAAGATTAAAGTTTATGGTCTCGGTATAGAACTCTCGTCTTTCTGGAAAACCGTCTTGTCTATTATCTTATCGGGTAAGGGCTTTCCACGGAGACCGAGCGATCAAGGCCAACTCTTGTGCAAAAGTGCACTGCGTCAGGTTCGGTCAGGTAGCCGCTACTCAGTGTTGGTGAGGAAATTGTCGGCGTTAGGTTTGGACCTAGTGGTTGGCTCACTCCTGCTGAGGATGGCGCTCATGTCCAAGACTTTCGCCCTGTCGACGATTCATCGTGTTTCTCGGCCAGCACGGCGCCAATCCGTCGGCAGGCCGAGTCGACGTTTGTGAAGATCCGGATTGCTTTTCGGGCGCAGACGAACTCTCTCGATCAACGGTTCGGTCATATTCATTGTGTGTGCTCGGTGCCCGTACCTGCCGGACGGTACAACGAGTACCGTAGCGTCCTCTAAGTTCTCCTCGACTGCGGCGAGGTTATGGGCCGCTTCTTCTCGAAGCCTCCCATAGGCATCTACCTCTTCAATTCGGCCCTTCTTGCCCACGACAGTCACGATCTTCTGGAGCTCTCACTCAAAGACCAGCCTGGCCTCCAATGGAACGTAGGTGCTATCTGGGACTCACAGCTCGCAGCGACTATCGGCCGGAAAATCGCCTTTTACAAGATCTGGAGTGAAATGCCTTTCAGCTCCGCGAACCGACATAGAGGGTTGTGTTTGAGGCCTTATCTCGCTAAGTGATCCTCTTTCATCGGGCGAGCCACACGCTTTTCGGCTGCCTCGTAGCCTTCAGTCCGGAGATCGTCACCGGGAGCGGATACGGTGGACGTGTTGTAGCCAAGTGTAGAACTATTTTTGCGGAAATACAATGTCACATTGAGCGAAAGAGCTCCAATGTGTAAGCACTGTCCCTGTTACCTCACAAATGAATTAATCTACACCACCTATGTCGCCTATTCTCGTGGACAAAAGCTCTCTTTTGAACCCATTTTTTTACGCACGTAAGGCTTGGCTATACGCCGGCAGCCTCTATAAGCTATCTGAAACCGATATAATAATGGCATTTTACCCCAAGACTGGGAGTACATGGGTCAGGTTTTTCTTATATAATATACTGCGGGATAAACCTTTAGGGAGCGAACCACCGAGCTTTAATGAGCTAAACAAATACATGGCTGAGTACGGCAATCCGAGTATGTTCAATACGTGGCCCTTCGAAGACCAGCCAAGACTTATCAAAACACACCGTCCATACAGCAGGGTATTCCGTAACAATAAGTCAATGATGGTTGTTCGAGATCCAAGAGACATAATGGTATCATTTTACCATTATGCAAAAGAAAATACGGACTTTTCCTTCGACGGTAGCATGAAAGAAATGATACACCACCCGAGAATGGGAATGGAAGTGTTTTTTCAGCACTATAAATCATGGAGGAATAACGTTAGCTTAATCAAAAGGTATGAAGATCTTAAAGAAGATCCGTTAAGTAACTTCGCAGATATAGCAGATTTTTGTCAAATAAACACAAGCAGGAAAAAAGTAAAGCGAGCCGTCAAGCAATCAAGTGTGAAGAATGTTCGTAAAGCACAACAAAAAAGCGAGCTCGATCATCTTGACGATGAGTTTACATTTGCACGCAAGGCGACTAGCTCACAATGGAAAGATTATTTTGATAATAGTGACCTAAAGGAATTTCATAAACTTTGCGAAAAGTACGAGTTCGACTTATACACTTAACGGAAATAAGGTATTATGACAAAAGCTAATACGGGTTCGGACAGACCAGTTCTTCTCTT
NZ_CP169425.1_gap24	1004707	1007188	2481	GCCCGACGTCCGACGAGTCGCTGCAGGCGGTGAGCGAGACGAGCAAAGCGCCCCCAACGAGAAGTCCAGGGAGCCAGGAAGACCTCATAGACATCGGCATTGCGAGCGGCGAACGCCGGTTCGGTACAAAAGGCGAGGAGGGTCCCCCGAATGCACGACGCATTGACGCAGGACATCCGAGCGGGTGCGGTGCCGTGGGGGCCCGACGGGTCTACGCCAACGGCACGGGCCCATCCCGGAATCGGGTCCCTGAATGCCACCTGGAAGCAGGGTGTTTCTCGGCGGGCGAACCCTACGCAGGGACTTCACCGAGCATTTGATCGTACAGCGCCACCGTTTGCTCGGTGCGCGGCTGGGGATCGGCCTGAAATCTCGACACGTCCTCGGCCTGTGCGCCATTGGCCGACGTCCCGTTCGGGGGGAGAATTGTGGCGTCCGCGTGGGTGCGGCCGACCTCCGAGAGCGTCGCCCCGGCATTGCCGTCGATCGGAAGGTTCATCGTGTCGGCAAACGAGGCCTCAAGGGTCGTTGCCGGCGCCTGTCCCCCGGGCGTGAAGACCGACTTCGTGGCGCCCAGCAGGTCGTCGTCCGCGTAGGTGGTGGAGAGAAGGGTCGGAAGGAGGCCACTGATCCACCCGAAGCCGTGGATCAGGTCCGGGCCCCAGCGCAGCTCCCGAAGCGTCTCCAGCACGGAGCGGTTGAAAAACAGAGCCCGGTCCGCGTTGTCGTCGAACGCGCTGCCGTCGCCATCGGTTGCGCGGCCCGACCGGCCGAAGTATCCCTCATGATCCATGAAGTAGACCTGCAGCTGCACGTCCGGCACCGAGGCCACCTTCACGGAAACCGACTCGGTGTTCGCCCCCATCGGGACGTCTGTGTCCGAGAGCCGGATGACCTCGTGGAGGCTGTGCTTTCGCTCGTTGATGTCCCCGTAGCAGGGCATCATGATTCGTACTTCGAAGTCCCCGGCTTCTTGTACCTGTTCGGGGAGCGACCGGGTGAGGGTGGCGAGTGGAGACTGCTCGGTGAACGGTGCAAGTGCTTCGGCGACGTACAGAAGACGATAGGAGGAGGCCATGTGCATCGATGGATTTGGGAAGACAACGGTGGGTGCGGACGAAGGGCGTCCTGCCCGGACGAAATGCCCGGGTGGCCCTCGTCCAATCGGTGGGGCGACGTGCGGCCGGGCTGTCGCTGAGGGAGCGCACGAGGCAGGAGTGCCCCCTCAGGAGAAAGATCCCGGGTCGGAAACGGAGACTGGCCCGAAAACTGCGGCAACCAGGCCATAACGGCTCCGTGCCTCAGCGTTGATTCTGAAGGTTCTGTGTCAGCGGATGCGATGATCCACTGGTGTACTTTTCATAAAAACAAAGGTATCGCTATTTGCCTCGGAAATCAACTTCAAAAACCACTGCCCCGAAGAAGTCGCGTCAAAACCGTGAAAATTTGAAATTGGTCGGGGGCTGATTCCCCCCTCGGGAGGGTACGACGCCCGTCTGCGCTCAGCCCCCGTTAACGAAGTCTTCCAGCCGGGAACAAGGACGATGTCGGGGCGACGCGTGAGTGACGAAAGGGTCCTTATCGAGGGGCCCACGGGGAAGAGAGATGCTGGTTGGCTGAACCCATCCTTCTGGAGGGGCACCGTCCGGCCCTTCGGCGTCATGCCAACACCCCTGTGGTCCCCTGGCCCTGTAGTCCAGGGGGAGGGGGCGCCGAGGGGCCGAACGGAGCCTCCCCTAATTTATGCTGGTTTACCCAATTTTCAGAACAAAGTGCATGCCAGACAGAAGTCCATCGACCCGTGGACCGAGAACGCGTCCAGTTGAGGGGCTTGAAGAAAGTGAAGCCCGTACAATGCATGTGCGACTGGGGAACCCGAGTGCAGGGGAGGTAGAACGGTCGGGTGACGGGGAAACAGTGGGGGGCCCCGACGGGCGTACGGGAAAAGAGGCCTCGTTCGTCGATGCGCACAGCGGTATGGCGGTCCGGGCGACCGGCACGACGTCTCCGGATTGGCCGGCAATTTCTTTGGGGTTGGTCGGAGAAGGCTGTATTTTCCGTGCCACGAACGACTCCTCGCGACGATCCGTTTTGCCGCCGCATGCCGACCCTTACGGCCGAGCACGTCGGGCACTACTTTGGACGACTGTTGCTCTTCCGAGAGCTGTCGGTGACCCTGCACGCGGGGGAGACGCTGGCAGTGACGGGGGCCAACGGGGCCGGCAAGTCGACCCTTCTCCGGATCCTGGCCGGCCTGCTCACGCCCCGCACCGGTCGCGTGGTGCTTACCGTAAGCGGGGCCCCCGTGCCGGACGAGGAGCATCCGCTCCGGGCCGGGCTCGTGGCCCCGGCCGTCGGCGTCTACGAAGAGCTTACGGCGCGAGAGACCCTTCGCTTTCTGGCCCGTGCACGGAGGGTGGCGGACCCCGCGGCCCGGATCGACGAGGTGCTCGCTCGGGTCGGGCTCGCCGGTCGGGCCAA
NZ_CP169425.1_gap25	1013294	1015092	1798	TCGCGGTCCACGCCATCGGGGACCGGGCGAACCGAGAGACGCTCGACCTGTACGCGTCGCTGTTTGAGGCGGCCGACGGGCGCGGGGCGGAGCGGCGCTGGCGCGTCGAGCACGCCCAGCACCTCCACCCGGACGACATTTCCCGCTTCGCGGACCTGGGCGTTATGGCCTCCATGCAGGCCATCCACGCCTGCTCCGATGCCCCGTACAATTACCAGCGCCTCGGGGCCCAGCGGGTGGACCAGGGGGCCTACCTCTGGAATACGCTGTGGGCGGACGGGGCCGTGGTGGGCAACGGCACCGACGTGCCCGTCGAGAAGATCGATCCGCTCGCCAGCCTCCATTGCACGGCGACGCGGCAGGTGCCCGGCACCGACACGACGTTCACCCCCGACGAGACCCTCACGCGTCGCCGGGCGCTCCAGTCCTACACGATCAACAACGCCCGGATGGCGTTCGAGGAGGACGTGAAGGGCACCCTCACCCCCGGCAAGCTGGCCGACGTGACGGTGCTCTCCGAAAACATCCTGACGGGCCCGCCGGAGCGGCTCCGGGAGGCGACGGTCGACTATACGATCGTGGGGGGAGAGGTGGCCTACGCCAACGAGTGACGATTCCGAATGGAGGGAAACGTCCCCGCGGCTGGCGAATTTCTATATTCCACTCGGTCATTTTCACGAGCCCGTCCCCTTTATGGAAGCGGTTTCCCCAAACTCGGTTCGTCCTGCTGAGGTCAAAGAGCTTCTGTCCGAGCACATGCTGACGAAGGGCATGATGCCCATGGTGCTCGACATGGAGGCGAGTCAGGGCGTTCGGCTGCACGACCAGAAAAGCGGCCGCTCACTCATTGACCTGTTCGGCTTCTACGCCTCGAACCCCCTCGGGATGAACCACCCGAAGATGAGTGGGGACGAGGCGTTCATGGAGCGGCTGGTAGACGCGGCCCTCAACAAGGTGACCAACTCCGACGTCATGACCGGGCACATGGCGCGGTTTGTGGACACCTTCGATCGGGTGGGCATTCCGGACTACCTGCCGTACACGTTCTTCATCTCCGGCGGGGCCCTGGCCGTGGAGAACGCGCTGAAGACGGCGTTCGACTGGAAGGTGCGCAAGAACCATCAGAAGGGATACCGCCGCGAGGTGGGGCACCAGGTGCTGCACCTGGACCAGGCCTTCCACGGGCGCACGGGCTATACCATGTCGCTCACGAACACGGCCGACCCGCGGAAGACGATGTACTTCCCGAAGTTCGACTGGCCGCGCATCACGAACCCGAAGGTCCACTTTCCGCTCGATGCCGACGAGAAGGAGCGCGTGCGGGCCCACGAGGAGGAGGCCCTCCGACAGGCCAAGCGCCACTTCCACGAGCGCGAGGACCAGATTGCCGCCGTCATCCTGGAGCCGATTCAAGGGGAGGGGGGCGACAACCACTTCCGGCCCGCCTTCCTGCGAGAGCTGAAGGCCCTGGCCCACGAGAACGACACCCTGCTCGTGTTTGACGAGGTGCAGAGTGGCGTCGGCATCACGGGCGAGTTCTGGGCGCACCAGGCCCTGGGCGTAAAGCCCGACATCATGGCGTTCGGCAAGAAGTCCCAGGTGTGCGGCATCCTGGCCGGGCGCAAGCTCGACGAGGTGGACGATCATGTCTTCGAGACGCCCAGCCGCATCAACTCCACGTGGGGCGGCAACATCGTGGACATGGTACGCTTCGACCGCATCCTCGAAATCATGGAGGAGGAGCAGCTCGTAGACCACGCGGGACGGGTGGGGACGCACCTCCAGCACCGGCTGCACG
NZ_CP169425.1_gap26	1036308	1040040	3732	TGCCGACGGGAAGGTGCAGGTCGTCGACGATGACGAGCAGCCGGTCGATCGGAAGGTCGTAGTGGGCCCGAAGGCCCGCGACGGCGTCGCCGCTCCGGTTCATGTAGGTGAGCGGCACGGCCAGCCCGATTTTCTGATCGACGTACCGTCCCCAGCCGACGAGCGCGTCGGACTGGTGCTGGAGCGAGATGTCGAGGCGCCCGGAGAGCCCGTCGATGACCTGATGGCCGACGTTGTGGCGCGTGTCTTCGTACTCGGCGCCCGGGTTGCCGAGGCCAATGGCGAGCAGGGAGGGGGTGGACATGCGGTCTCAGGGAGTGGGGGGAGAAATAGAAAAGGGCGACCGGGGTCGGCCGCCCTTCTGGGGGTCAAATGGAGGGGCGTCGGCGCGCGGCCGACTGTGCTTACTGATACTCCTCGTCCGCGCCGCCCTCGCCGGCTGCCTCTTCGCCCTCGGCGGGCTCGCCTTCTTCCGTGTCGACGGCCTCGCCCTCTTCGGCAATCTCCTCCTCTGTGAGCTCCTCCTCTTCTTCTTCAGCCTCGGTCGTGGGTGCGGTCTCGATCTGCGGCGCCACGACCGTGACGAGCGTCTGGTCCCTCGACGTTTTGATCTCGTAGTCGGTCTCGAGGTCGTAGACGTGCAACGAGTCGCCGATGACGAGCTCGCCGATGTCGACCTCGATCTGGGCGGGAATGTTCTCGGGCAGCACCGAGATCGTGAGCTCACGGGCGATCTGCTGCGTGTCGCCGCCGTTCTGCTGGCCCACCGGAATCCCGGTGTAGTTCAGCGGCACCGTCAGCGTAACCTCGTCGCCCTCTTCGAGCGCCTGGAAGTCGGCGTGCAGGGGCCGGTCCGTGAGTGGGTGCAGGTCGTAGTCCTTCAGGATGCAGTTCCACGTGTCCCCGTTCATCTCAACCTCAGCCACCGGGGCCGAGCGCCGATAGATCAGCTTGTTGAGGGCGGCGATCGGAATCTGCAGCGGCGTCGACTCCACGGTGCGCCCGTACAGCACGCACGGAACGCGATCGTTGTTGCGGATTTCGCGGGCGGCCTTCGAGCCGGTCTCGCGCGGCTGGGCTTCGATGACGGGGGCGTCCATGACGGGAAGACGGTCCGGTGAAAAGGGTGACAGCAACCGGGGCAGATGACCGGTCACCTCTCTATGCAGAATGCATGCTAAGTCCACCCCTCCGTTTGGTTCCAGGGGGGCGGGACCGATTCAAGCAAAATAGACGCCGACGGGCTGGTGGGGCCCATCCGGGCCGCCCGGACGCCTCGCCCCAACGCCTCCTGGTTCCTGCCGCACGGGACAGCGGCCCCCGCTAGTCGGTGAAGAGCGTGGAGACCGACCGGTCGGTGTAAATGTGGCGGATGGCCTTGGCGAACAGGTTCGACACGCTGACCACCTCGATGCAGTCGGACGGGCGCTTGAGGGGCACCGTGTCGGTGATCATGAGTCGCTCAAGGGGGGAGTTCTCGATGCGGTCGTAGGCCGGGCCGGAGAGGAGGCCGTGCGTGCAGGCCGCCATGATTTTCAGGGCGCCGTGGTCCTTGAGTGCCTTCGCGGCGCGGGTTAGGGTGCCGGCCGTATCGACGATGTCGTCGATGATGAGGACATCCTTCCCCTCCACGTCCCCGATCACGTTCATCACCCGTGCTTCGTTTTGACGGGGGCGGCGCTTGTCGATGAGGGCCAGGTCCACGCCCAGGCGCTGGGCGTAGGCGCGGGCCATCTTGAGGCCGCCCACGTCCGGGGCCAGCACGACGAAGTCGTCGAGGTCGAACTGGCGAACGTGGTCGGTCAGGACGGTGGAGCCGTACAGGTGGTCCACCGGGACGTCGAAAAAGCCCTGGATCTGGGCGGCGTGAAGCTCCATGGTCAGGATGCGGTCCACGCCGGCGGAGGTGAGCATGTTGGCCATGAGCTTCGCCGCGATGGAGACGCGCGGCTGGTCCTTGCGCTCCTGTCGGGCGTAGCCGAAGTAGGGGATCACGGCCGTTACGCGTTCGGCCGAGGCCCGCTTGGCGGCGTCGATCAGGAGGAGCAGCTCCATCCAGTTGTCCGCCTTCGGATGGGTGCTCTGAATGATAAACAGGTCCGCTCCCCGAATGGACTCCTCGAACCGCACGTAGATCTCGCCGTCCGCAAAGTCGCGGATGCTGAGGTCCCCGAGGGTCGTGCCGTAGGCCTCGGCAATCTTGTTGGCGAGGGCCGGGTTGGAGCGGCCCCCGAAGATGGCGACGCGGTGTTCATTGCTCGACGCACGCATGAGTGGGCGGGGCACCGGGGCGGCAGCGGTCAGGGGGATAGAGAGCTGGTTGCCCGGGGTGGATTCGAACCACCACTAACGGCTCCAAAGGCCGCTGTCCTGCCATTAGACCACCGGGCAATGCGGGGCGCACGGTCTCCTCTTCGTGCTCCTCCTGTAGAGTAGAAAAGAACAGGGACTGAGTCAACGAGCCAACGGGGGATCAGTTCGTGAAGAGGGGCTGAGAAGTACCGGGTTACAGACGGGACGGCCCTCCCAGGCCCAGCCGTCAGGTCCAGGCGCGGAGTTCGGTGAGCTCCTCCGTTACGGTGTCGATCGCGTCGGCCGCCAGCCTGCCCCGATCGGTAAGCAGGCCCCCGGTGACGAGGGCGGCGGGGGTGGTGTCAAACCGAGGGGCCCATACCTCCACGTCCCGAGAGCCGTCGTACACGGCCCGGTCCGCGGCGGACTCGTCGGACGCACCGTCGTCCACTGCGATCTTGTCGACGGCGCACGCAGCGTACACGGGCACATCGGCCCGATGCGCCGCGAGGGCGGCCCCGTACGTTCCGGCCTTATTGACCACCGCCCCCGAAGGCTGCACCGTGTCCGCCCCCACGAGCACGGCGTCGACGCTGCCCCCCTGCAGGCGACGCGCGACGGCGGCGTCGGGGAGGAGCGTCACGTCGAGGCCCGCTTCGGTGAGGCGCTCGGCGACGGCCACGCCCTCGTCCCCGGGCGCCGAGACGGCCACGCTGACGGTGGGGGACGGGTCGGCCGCCTGCAGGGCCGACAACACGGTGCCGGAGCGGGACAGGGTGAGCACGTGGGTCCCGCTTAGCTGAGTGGCTGCGGTCTCGGCCGCCGCCGCGTCGGCCGCCAGGGCGTTCTGGATGGCCTCGTGGGCGTTGGTCTCGACCGCATCAGGGGGGAGCTCCGGGAGGCTCGCGTGCATGGCGCGGTGCAGCCGGTTCGCCAGCGCCGCCATCGACGGCCGGGCGTCCAGCAGGCGATGCGCGGTGCCGATTAGGCGGCCCCGGGCATCCTCAATCGTGGCGGCCTCGGAATGGGCGAGCATGCCGGCCCGGTCGCGCAGTACCTCCAGGGCCCGAATGGAGAGATAGGCCGACCCGTGCGTCGTGTCGTTCGTGAGGCCGAGGATGGACGGCGCCACGCGGCGGTACGAGGTCCAAAGGTCCGGTACTGTGTCGCGCCGCAACAGTACGGTAGGGGAGGCCCACTCGACCGCCTCGGTTTCCCAGTTCGTCTGGATCGACCGGCTGTCGACGTCGAAGAGGAACGGGTGCACCCGCCAGTGCGCCCCGTGGTCGTCGTCCTCGACCGTGAACGCCGAGCCCTGCCGCCGGGGATGCACGTCGGCGCCACGCAGGCCTGTCTCCTCCTCCACCTCCCGCAGCGCGGACGCCGCGGGATCGCCGTCCTCGACGTGCCCGGCAACGGCGCCCCACCGACCGGGATAAG
NZ_CP169425.1_gap27	1071997	1073531	1534	GCATCGACTACGTGCTGCCGGCCGCCACCGTGGCTGTCGACGACGCCGGGGTGTGGCGGCCCGCTCCCGCCCGCGTCCCCGACGTGCCCGTGAGCGACCACTTTCCGGTCTGGGTGGACGTGCGCGTCGGCCCGTAGACCGCGCCCCCTCACCGTCACGACAATTCCCAATCTTCTCTTCGTTGCTTGTTATGGAGTGGAGACAGGACACCGTCCGCCTCGCCCCGAAGCCCCGCGGGTTTCACCTCGTCACCGATCAGATCCTGGAGCGTGGACCCCGCCTGGACGACTTTCAGACGGGCCTCCTGCACGTCTTCATTCAGCACACCTCTGCCTCCCTCACGATTAACGAGAATGCCGCCCCGGCGGTGCGCGGCGACATGGAGCGTCACTTCAACGAGATGGTGCCCGAGAACCAGCCCTACTACCAGCACACCGTGGAGGGCCCCGACGACATGCCCGCCCACATCAAGGCGTCGCTGCTCGACACGAGCCTCTCCGTTCCCCTCCAGGATGGGCAGCCGGCCTTTGGCACCTGGCAGGGCATCTACCTGAACGAGCACCGCGACAACGGCGGCGCGCGCTCGGTGGTGGTGACGGCCTATGGGGAGACGGCGTAGTGCCGCAGAGGGCAGGTTAAGCGACCGACTTGGCCCGTGGCGCGATTCGTTCGGTGAGGCGTCGGGCCCGGGCGTAGAGGTTGTGCACGTGGGTGTAGGTGAAGCGGGCGCTCCGGCCCAACAGGTGAAGATTGTTGAAGTGGTCCAGGTACGTCTTCAGGCGGTTGGCTTTGTCGTGGGCACCGACCTCCAGGATGGGGTACGCGAAAGGGAGGGCCCGGTGGTCGACCGCGACGACATCTCCGTCCCCCTCGATGAAGCCCTGGGTTGCCAGCAGGTCCACCGCGCTGTTCCGAAGGGTGTCGTCCGACTGCTCCCACGCCTCGGTGTGCGGATGGCAGGGGCGTTCCAGGACGACGACGGTCTGGTCGTCGGGGGCCATGTGGGGGCTGCGGTTCTTCGGTTCGTAGAGGCGGGTGAACGGGACCGACCGTTCGGGAAAGTAGAGGGAGGCGTTTGCGGTAAGGCGGGGGCGGTCCAGCCCCAGCACCACGAGACGAAGGTGGCGAAACCGCATCGACTCGGCCACCGACCGCACCGCCTCGGGCGGCGGCGGGTCGAGCAGATGAAGCACGCGCGTCAGGGGCAGGGTGCTCACGATTGAGTCCACGCCGACGCGGGCATCGTCGTTGACCGTGACCTGACGGATCTCACGGTCGTCGTGCGACAGCCGGGTGATGCGGGCCCCGGTACGGATCCGGTCGCGGCCGATGGCGTCGGCGGTGGCCTCGGCGATCTGGCCGTAGCCGTGCTTGGGGTAGTAGAAGGAGCCGTCGAGGTGGCGCGCCTTCTGGGTTGGGCCGCCAAAGGCCTCAAGTAAAAACGTCTTGAGGTCGAGGCCCTCCAGGCGATCCCCCGCCACGCGGGGCGAGAGCGTGGTGGCGTCGGCGCCCCACAGCTTCTCGGTGTAGTTGA
NZ_CP169425.1_gap28	1231883	1232548	665	GGAAGAAGCCGACCAGGAGGAAGAAAACGAGGGGACCGATGAGCCCTGGTTTGTCATCCTCTTCAATGACGAAGTCCACACCTTCGAGGAGGTCATTGGGCAGTTGGTGAAGGCCACGGGCTGCAGCCGCAGCGAGGCCGAGGACATGGCCTGGACGGTCCACAATGAGGGCAAGGCAACCGTCTACGAAGGCACGTTTGAGGAGTGCTTCGAGGTGCAGAGCGTGCTGAAGGAGATTCAACTCGTGACGGAAATTCAGGGGTAGGCCGTCCCGGTGGGGCCTACGAGGCGGAGCGGCGCCACACGTGAAGGAGGGTTTGAGGGGTGGGATGGGCGTAGCGGGTCGTTCCGTTCAGGGCCTTCACCCGCACGGAATCCGGGCCCGGCACCACCACCGAGCGATCGTCGAGCCAGCCCCACACCGCCCCGTCGACCCGGCCGAGGCGTCGGGTCTGCCCCTTCACCCGCACGGCGGCCTGCGAGGACGCGTCGCTCCGCAGGGTAAAGGCGATGCGGTTGCCCGACGGCGACCATCGGGGATGCACCTGGTCGGCCGTGGTTTGGTCGGGAGAGACGAGGAAAGTGGGGCGCGAGCCGTCGTAGACCACCACCTGACGGTGGCCGGACGCCTCGACCCGTACATCGAGGGCCACCTCGTTCGTCTC
NZ_CP169425.1_gap29	1311058	1315003	3945	CCCGGTGGCGCCCCAGGCCCTCTACGGGTTGGCCCAGGCGCACCGGGCGCAGGGCGATACGGCCGCCGGGGACGAAGTGTACCGGCGCCTCATCGACGAGCACCCCGACACGCCCATCGCGAAGCGGGCCCGTGAACAGCTGGGATTGGCGACGACCGACGAGGACCCGGAGCGGACGGTGAGCCGGGCGGATTCGGCGTACGCCAGGGCCTACGAGGCGTGGCGAAGCGGGCGCCACGATGCGGCCCTCAGGGCGTTCTTAAAGGTGGCCGACGCGTATCGCGAAACGAGCGTGGCGCCGCGTGCGCTGCTGGCCGCCGGGGTCGTGTACCATCGAACCGCCCGCCACGATTCGAGTGGGCAGGGGCGGGCCCGTTTCACGCGCTACGCGGATTCACTGGCGCAGGCCGATGCCCCTGATCCCGGCCCCGACCCGACAGGCAGCTCGTCCCCGGACGCGACAGCCCCCGCGCCCCCCTCGTCGGACGCCGCGGCCCCGGCGCGGCCGGCTCCCGCCGACACGACGGACGCCAGTGCCCCCGAAGGGCCGCCGCGCCGGATGATTGACTCAACGGCCGTAGCGAACCAGGGGGCGTCGGGCACGCCGTCGGACAGTGCGGTGGCGTCGCCTTCTGTCGTCCGGGACACAGCAACGGGTCCTTCGGGGCGATCCGAGCCACCGGATACGACCACGTCCGCCGTAGCGAGGGAGACGGCGAGGTCGGATTCCACGAGTGCTGCCCCCCAATCGCGGAGAGAGCCGGCCGATCCGTTTGAGATTCTCCTGTCCCACCTTGTGGCCCGCTATCCCGAAACGGCCGAGGCGGAGCGAGCACAGGCCCTTCTCGACCAGCTGCGCGAGCGGCGCACTGGACAAGGGGGCACCACGCGGGATTCGACCGGTGCGGGAGCGCCGGACGGCCCCGGAGCGAACCGGGAATCGGGGACCGTTGCTCCGGAGGTAGACACCACCAAGGACCGCCCGCGGCCCCCCGACGAGGCAGCAGGCCCTGCTGCCCGTCGTCGGCCCGCGCCCACCACTCCGTCCCAATCTGGACGAGAGAGGGCCACGCCCTCCCAGCGTCGTGATTCGTCCGCAACGCCGACCCGGAGTGCTTCTTCCCTGCAGGCGAACGCGTCGCGCCGCCCCCCGACCTGAGCCAGGGATAATCCGAACGACCTCTCTCGCCTAGGTTTGTGTTTCTGCATCGTGTCGTCGCCCGAGGCCATGCACTCCAATGCTGATTCACCGTCGAGCGGCCCCGGCCTGCAGCCGGTGTGGACGACCCTGCGCTCCCCATATGTGTTCTGGATCGGGGGCGCCATCCTCCTGGCTCTTCTCGTTCATCTCGGGATCAAGTGGCAGCAGGCGAGCGCCCCCGTGCGTATCGAGTACAGCACGTTTCTCGAGCACGTGGAGTCGGGATACGTCGAGCGGGTCGAGATCGTCAACGGCAAGCGCATTAACGGGACCTACACGGCCGCGGCGGTACAGAACGACCGGGTCGAGACCCGCCCGCCCCCGGCCGCCCCAATGGGGGCCGTCGTCGACCGCTCGCGGCGTGCCTTCGCCACCCACAAGCCCACCGCCCACGAGTTGACGGCGTTCCTGCGACGCCACAACGAGGCCGCGACGGGGACGGGCACGGCCCCGGTCACGTTTGCGGCCACGCAGGAAAGCGACTGGGTCGGGACCCTTCTCTTGTGGGGGCTGCCCCTGGGGCTCATCGTGGGCATCTGGCTCTTCTTTATGCGACGGATGGCGACGGGGGGACGTGAAGAGCAGATTGGGAGTGACACGGCGGCGCTCTTCGAAGAGGCGGGCGGGCGGCGCGTAACCTTCGACGACGTGGCCGGACTCGCCGAGCCGAAGGAAGAGGTGGCGGAGGTCGTTGAGTTCCTACGACGCCCCCAGAAGTTTACGCGGTTGGGGGGCGCCCTCCCCACCGGCGTCCTGCTGGTGGGGCCGCCTGGCACCGGAAAGACCCTCCTGGCGAAGGCCGTGGCCGGCGAGGCGGGAGTGCCCTTCGCATCCATTTCCGGGTCGGACTTCATGGAGATGTTCGTGGGCGTGGGGGCGAGTCGGGTTCGGGACCTCTTCGACCAGGCGAAAGAGCGGGCCCCCTGCATCATCTTCATCGACGAGGTGGACGCCATCGGGCGGACGCGGGGCGGACCGGGAGGTGCAGGCACCGGGGAGCGGGACAACACCCTGAATCAGCTGCTCGTCGAGATGGACGGGTTTGACTCCGACGAGGGGGTGGTCATCATGGCGGCCACCAACCGGCCCGACGTGCTCGACGCCGCCCTCCTGCGTCCGGGGCGGTTCGACCGACAGATTTCCATCCACAAGCCCGATCGACTTGAGCGGGCCGACATCTTTCGGGTCCACGTCGCGGACCTTCGCCTGGACGCGTCGGTCGATCCCGAGGCACTGGCGCGTCAGACGCCCGGCTTCGCCGGTGCCGAAATTGCGAACGTCTGCAACGAGGCGGCCCTCCTGGCGGCGCGGCGGGGCAGAAACGCGGTGCAGATGGACGACTTCGACCAGGCCCTCGACCGCGTCATGGCGGGACTGGAGCGAAGCAACAAGCTGATCTCACCGGAGGAGCGGCGCGTCATCGCCCACCACGAGTCGGGACACGCCATCGTCGGGTGGTTCCTCGAGCACACCGATCCGGTCGTGAAGGTCTCGGTCGTGCCTCGGGGCCTGTCCGCGCTCGGCCACGCCCAGCACCTCCCCAAGGAACGAGACCTCTATTCGAGGGAGGCGCTGATGGACCGGATGACGATGGCCCTTGGGGGACGGGGGGCCGAAGAGATCGTCTTTGGGCGGGCGACGACCGGGGCAAAAGACGACCTCGAACGGGTCACGGAGACGGCCTACGCGATGGTCGTGGATTACGGGATGAGCGACCGCATCGGGCCCCTCAGCTACAACCGGGCCGAGCGCCGCGCCGACGGCCCCCTGTTCGAGAAGCCCTACTCGGATGCCATGGCCGCGGCCATTGACGAGGAGGTGGCCGACATTGTCGGGGAGGCGCGGGCCCGGGCGAACGACCTTCTCCGAGAAAAGCGCCCGCTGCTGGACGAGATGGCCGAGAGACTTCTTCGGGAGGAGGTGCTCGGGGTCGAGGCGCTCGTGGCGCTCCTCGGCTCCCCTCCGCATGGGGAGTACGCATGGCTCAAAGAGGGCGATGGGACCTCTCGGAACTCCGCCTCCGCAGAGGGGGCATCTCCCTCCTCACAGGGATAAGATGGAAGTTCGTCTGAATCCGACGAAGTGTCGTGGCGCGTGGAAACCCCGTCGATCATGGTTTCGTAGACCCCTTCTGCAGAGAAGACACCCGGCTTGGGTACGCCTTGGAACAGTTAGGCAAGCACAGTTGCGGCTTGCCTTTTTCTTAGCCCTCGGTTCGCAGAAAAGATTGGTCAACCGATACAGAGCGGTATACCAAAATAGGCGGACTTTCGGGCCCCTGTGCCGGCGGCCCGGGCCGGAAGAGTTGTTTTCATTTCTTCTTTGCCCCGCATTTAGGACCCTAACTGCCGGACGGACGGTAGTTAGAAAGTGTGCATACTTGAGAACGGTCAAGTACGCACCCGTGACGTCCCTCCGACATCGTCCCGACAAACGACCAACACCGACGTGCCGACGACGCAGCAGTTGATTCGAAAAGGGCGAAAGACCGAAGAGGAAACGAGCGACGCCCCCGCGCTGGAAGGCAGCCCGCAGCGACGCGGGGTATGCACGCGGGTATACACGACCACCCCGAAGAAGCCGAACTCGGCGCTCCGAAAGGTGGCGCGTGTGCGGCTCACCAACGGCAACGAGGTCACCGCGTACATCCCGGGCGAGGGGCACAACTTGCAGGAGCACTCCATTGTGCTCGTTCGCGGTGGGCGCGTGAAGGACCTGCCGGGCGTGAAGTACCACATCGTGCG
NZ_CP169425.1_gap30	1476989	1478263	1274	AGACCTCGGCGTCCGGCAGACCGACGACGGCACGGTCGCGACCGACGACCGCCTCATGACCGATGTCGACGGCGTTTTCGCCGCGGGGGACGCCCGGATGGGGGCCTCGCTCGTCGTGTGGGCCATTGGGGAGGGGCGCGATGCGGCCCGCCAGGTCGACCGGTACCTCACCGGCGATACGGAGCTTTCGGCGAGCCTCCAGACCGCCAACCCGCCGCTCGGGCGGTGACCTGTCCAGTTACTCGTCCGCCCGGCGCTCCACCCAGAGCGTCACCGGGCCGTCGTTTGTGAGGCGGACGTCCATCATCGCGCCGAACTCGCCGGTGGGGACGTCTTGACCGAGGTGCCCTTCGAGCTCGCGAACGAAGTGCTCGTAGAGCCGGTCGGCCCGGTCGGGCGGCGCGGCCTCCGTAAAGGAGGGCCGGTTGCCTACGCTTGTGTCGCCGTAGAGCGTGAACTGGGGCACCACCAGGGCGTCGCCCCCGGTGTCGAGGAGCGACTCGTCCATCTTGCCGTCGGCGTCGGGAAAGACGCGGAGGCGTGCGCACTTCTCGGCGCACCAGGCGCTTTCGGTGCGGGTATCGTCTTCGTGCACACCGAGCAGGATCAGCAGGCCGTGTTCGATGGCCCCGACAGGGGCGCCGTCGATCTCGACGGCGGCCTCGGAGACGCGCTGGACGAGGGCAACCATACGGAATGACGTGTAAGCGTGACAGACAGAGACGAACGGCGGGGGTCAGCGGCCCGGGTCGGATTTGAGGCCTGAAAGGAAGGTCCGAAGGGCGTCGAGGGCCTTTCGGCGGTGGCTAATCTCGTTCTTGTCTTCCGTCGGCATCTCCGCGAACGTTTGGTCGGAGCCGTCCGGGCGGAAGAGGGGATCGTACCCAAAGCCCCCGTCGCCGTGTGGGGCCGTGGTGATGGTGCCTGCACAGCGGCCCTCGAAGGTGTGTGCGGTTCCGTCCGCGTCGATGAGGGCCACTACGGTGCGAAAGCGCGCCCGTCGGTCGTCCACCTCCTCCAGGACTCTCAATAGCTTCTGCTTGTTGTCTTCTGGGGTGGCGTCGGCACCGGCGAATCGGGCCGTATGGACGCCCGGCCCGCCGTCGAGCGCCGCCACCTCCAGGCCCGTATCGTCGGCGAGGGCGGCATGGCCGGTGTGTTCGTGGTACGCCCGGGCTTTCTTCTGGGCGTTGCCGGCGAGGGTGTCGGCGTCCTCCACCACGGTGAGGGAGTCGTCGAGGTCGCCGGCAGGGAGGAGCGACAGGTCGAGGTCG
NZ_CP169425.1_gap31	1491162	1492019	857	GCCCGCCGCGGCTGCACCGTGGAATCGGGAAGCCAGGACCAGTCCGGAAGCTTCGACCGCACGGTGCGGGCCGTCAGTTCGAGGCTCACGTAGGCGACCGGAATGAGCAGCAGCGTGATGAGCGTCGACGCCGTGAGTCCCCCGATGACGACTCGGGCAAGTGCGGCCTGAATCTCTGCTCCCGCCCCGATGCCCAACGCCAGGGGCACAAGGCCCAGCACGGTCGTGAGCGTGGTCATGAGGATTGGACGCAGGCGCAGGCGCCCCGCCTCGGCCACGGCCTCCGTAAGCGGAAGATCCCTATCGCGCCGCATTAGATTGATGTAGTCGACCAGCACGATGGCATTGTTCACCACGATGCCGATGAGCATGACAAACCCCATCACGCTCTGAATGTTGACGGTGGTGCCGGTGAAGACAAGCGTAGGCAATACGCCTACGAGAACGAGCGGGACACTGAACATGACGATGAGCGGGTCCAAGAACCTCTCGAACTGACCGGCCATCACCATGTAGATGAGCACGAGCGCCATGAAGATTGCGATGAGGAAGTCGGTCTGCGCCTTCTGTTGCTCGCGATACTGGCCCCCGAAGGTGACTGAAAACCCCTCGGGAAGGGATAGGGTGGAAACTTTCTGCCGGGCCCGATTAACGACCTCTCCGAGGACGGCGTCGCTGGTCAGGTTGGCTGAGATATAAGTAACGCGCTGCCCATTAATGCGCTGAATCTCAGTCGGGCCGCGGCCGCGCTGAGTGGTCACGAGTGTCGAAAGAGGAACCGAATTTCCGTCTGGCGTCTGAATCGACACATTATCCAAGTCCTGTACGGAGAGGCGATCCTCGGGGCGGAGGCGGAC
NZ_CP169425.1_gap32	1521308	1526046	4738	CCCGTCCGCGGCCGTCGACGACCTGCGGGCGGAAATCGACCCCCAGGACCTCGCGACCATCATCTACACGAGTGGCACCACGGGGCGGCCCAAGGGCGTGATGCTGTCCCACGAGAACATCTCGTCGAACGCCATTACGTCGATCGCGGAGATCGACGACTTCGAGACCGGTCCGGAAGGGGAAGTGGTGATCTCGTTCCTGCCCCTCACGCATGTGTTCGCCCGCATGCTGCAGTACGCCTACATGATGCGGGGCATCAGCATCTACTTCGCCCACCCCGACGACCTCGTGGACGCCCTGCCGAAGGTGCGACCGACGGTCTTCGCGTCGGTCCCGCGCGTCCTCGAAAAGGTGTACGCCGGCATCAAGAAGAAGGTGATGGGCATGCAGGGGCTTCAGAAGCGCATCGGGGAGTGGGGGCTCCAGGTGGCGCAGGACTACGACATGACCCGGTCGCAGCCGCCCCTCTACGCCCTCAAGCGCGCAGCGGCGGACCGGCTCGTGTTTCGAAAGTGGCGAGCTGCCTTTGGGGGCCGGGTGAAATACGTGGTCGTAGGAGGGGCGGCCCTCCAGCCGGACCTCGCCAACATCCTGGCGGCGGCGGACATCACGACGCTTCAGGGATACGGCCTGACCGAGACGAGCCCGGTGATCTCCTACACCCGCCCCCAGCGCAACAAGCCCGGCACGGTGGGCGAGCCCCTGCCCGGCGTGGAGGTCAAAATTGCGGAGGACGGAGAAATCCTAACGCGGGGCCCCCACGTAATGCAGGGCTACTACAAGGCCCCCGACGAGACGGACGCCGTCATGGAAGAGAACGGATGGCTCCACACCGGGGACATCGGCGAGTTCGACGAAGACGGCTTTCTCAAAATCACCGACCGCAAGAAGGCCCTCTTCAAACTCTCAACCGGAAAGTACGTGATGCCCCAGCCCATCGAGAACCGAATGGGAAGTGACCCGCTGGTGGACAACGCCGTCGTCGTAGGCCGGGACCGCAAGTTCTGTGCGGCCCTGCTGTTTCCGGCCCCGGACCAGGCGCAGGCGCTGGCGTCCGAACGGGGCCTGGGCGCCGAGCGAGACATTGAAGATCTCCTGACTGAGCCCGACATTGTGAATGCGTACCGGTCGATCGTGCAGAGCGCGAACGAAGGGATGGAGCCCTGGTCGACCGTCAAGCGCCTGGCCCTCGTCCCCGACGAACTGACCGTGGACTCGGACCTAATGACCCCGACCATGAAGATCCGCCGGCCGGAGGTGCGGACGGCCTACGCCGACGAGATTGAGGCCCTGTACGACGAAGACGGAGCGGGGGGCGGACGGGGGGTGGTTCTGGTGGAGGTGTGATGCACGCAGAGAGGCGGGGCTGTCTAGGCGCCTCCCTCGGGCTGGAAGCGATTCCGGATCTTGATGCCCGCGGTTAACGCCGTTAACGTCGACAAATCTGTTCTCATTCACGTCCCGAACTGACGCCATGGACACCACATCCCTTGACACGCGCGCTCTCGACCTGGAGCCCCCCCCCACGCACCCCCCGTTCCGGACTGCGGCCGTGCTGGGGGCCGGCACCATGGGCGCGCAGATCGCGGCACACCTCGCCAACGCCGGCCTGGAGGTGCACCTGCTCGACATTGCGCCGGACGACGACGATCCGAACGCCGTCGTGCGGGAGGGCTTTGAGCAGGCCCGTGAGGCGAGCCCCGACCCCTTCTTCGCCGACGAGGCGGCCGACCGGGTCCACCTCGGCAACTTCGAGGAGCATTTCGATCGAATCGGGGCCGTTGACTGGATTGTGGAGGCGGTCGTGGAGCGGATGGACGTGAAGCGCGACGTGCACGCCCGCATCGAGGCGCACGCCGCGGACGACGCGGTCATCTCCACGAACACCAGCGGGCTGCCCATTCACGCCATCACCGAGGGGCGGTCCGCAGACTTCAAGCGCCGCTTTCTGGGCACCCACTTCTACAACCCGCCGCGCTACCTGAAGCTTTTGGAGTTGGTGCCCACCGACGCCACCGATCCGGACGTCACGGAGCGGGTGGCGCAGTTTGGGCGGCTGCGGCTGGGCAAGGGCATCGTCGTGGCGAACGACGTCCCCTACTTCATCGGCAACCGGATCGGCGTCTTCGCCCAGCTGCAGGCGATCCGCTACTTCACCGACGGCGACTACACGATCGAAGAGATCGATACGCTGACGGGAACGATCTCGGGCCGGCCCAAGTCCGCGACCTTCCGCACCGCCGACCTCGTGGGGCTCGACGTACTGATGGACGTGGCTACCAACCTGCGGGAGCTGGTCGACGACGAGGCGCAGCGCGAGGCGTTCGCCGTGCCGGACGTGCTGGAGCGCCTCGTGGATGACGGCCGGCTGGGGGAGAAGACGAAGGCCGGATTCTACAAGAAAGAAGATGGAGAGATCAAGTCGGTGGACCCGGACACCCTCGGCTACACGAGCGCGGCGGACGAGGAGCTTGGCGATCTCGGGGCAGTCTGGAACGCGGGGGGGCTGTCGGCCCGCCTCCAGGCCCTCTACGAGGACGACGGCCGAGCGGGGCGGTTCTTCCGGGAGACGACGCTGGAGCTGCTGGCCTACAGTGCGAACCGCCTCGGAGAGGTCTCCGACAACCCGGCGGACGTGGACCGGGCCATCCGCTGGGGATTCGGGTGGACGATGGGGCCGTTCGAGATGTGGGACGCCCTCGGGATGGAGACCGTCCTCGACGGCCTGGAGGCGCAGGCCTTCGACGTGCCGGGCTGGGTCCACGCCATGCACGAGCGGGGCGAAACCTTCTACGACACGCGAGACGGCGAGCAGGCGGTCTTCATGCCCCACGCCGACCGGCACGAGCCCGATCCGCGGCCGGCAGACGAACTTCGCCTCGCCCCGATCAAGCAGGACGCCGCGAACGAGCTCTGGAGCACCGACGACGCGGCCCTGCTCGACGTGGGCGATGGGGTGGCCCTCTTCGAGTTTCGGTCGAAGGCCAATACCCTGGGGCGCGACGTGATGATGGGGCTCCGGGAGTGCGTCGGGCGGGTGGAGCAGGACGCCAACCTGCGCGGAATGATCGTGGGCAACGAGGGCAAAAACTTCTCCGTCGGGGCCAACCTGGGGGAGATGGCAATGGCGGCCTCGGAGGGCGCGTTCGACGTGATCGACCAGTACATCGACGAATTTCAGCGGACGATCCAGCAGGTGCGGTACGCGTCGTCGCCGGTGGTGGTGGCCCCGCACCAGCGCGTGCTGGGGGGCGGCTGCGAGATGGCGATGGCCTGCCCGCACCCGGTGGCCGCCGCCGAGACGTACATCGGCCTCGTGGAGCTGGGCGTGGGGCTCATTCCCGCCGGGACCGGCACCATGCGCCTCGCCGCCAGGGCCGCGCAGGACGCCCCGAACGACAACCACAACGCGATCCAGGATCACCTGCGCCCCTACTTCGAGACGGTGGCGATGGCCGAGGTGGCCGAGAGTGCCGCGCAGGGCATCGAGATGGGCTTCCTGCCCGAGAACACGCGCGTCGTGATGCACGAGGACCGACGCCTCTACGCCGCGAAGCAGGAGGTGCTGCGCCTCAGCGAGCAGGGCTACGCCCCGCCGCCTGTGATGAACAAGATCAAAGTGCTCGGGGCGAAAACGCTCTCCACCTTCAAGGTGGCCCTGATGCAGTACCGCGAGGGGAAGTACATCACCGAGTACGACGAGCACCTCGCCACGCAGCTCGGGAAAGTGATGTGCGGCGGGAAGCTGAGCAGCCCGCAGGAGGTGCACGAGGACTACCTGATCGAGTTGGAGCGGGAGGTCTTCCTAAGCCTTCTGGGCGAGGAGAAGACCCAGGCCCGCATCCAGCACATGCTGGAGCACAACAAGCCCCTCCGGAATTAGGTGTTTGGCGTTGGTGGGTTGTGCGCTAAGTGTTTTCGTCTACGGTTCCTGTCCCACCGCTCACCCCCAACCCAAAACACTCAACGCCCAAACTCTCCAACCTTCAACCCAGACCCATGAAAGCAACAAACGACGCCTACATTGTCAGTAGCGTCCGCACGCCCGTCGGCAAGGCCGAGAAGGGCACCCTCGCACACTACCGGCCGGAGGACCTCGGCGCCGAGGCCGTGACAGGGGCGCTGGGCCGCGTCGACGGCCTGGAGCCCGAGATGGTGGACGACGTGCTGATGGGCTGCGCCTTTCCGGAGGGCCCGCAGGGAATGAACGTGGGCCGCCTGATCGCGCAGAAGGCCGGATTGCCGGACCACGTGCCGGGCGCGACGGTCAACCGCTTCTGCTCGTCGGGCCTGCAGACGATCGCCCAGGCCTCGCAGCGAATCGCCACGGGAACGGCCGACGTGATCGTGGCGGGCGGGGCGGAGTCGATGAGCCAGGTGCCGATGAGTGGCTTCTTCTTTCAGCCGGACCCGGAGCTGACGGAGGAAAAAGTGGGCACGTATGTCTCCATGGGCATTACCGCCGAAAACGTGGCCGACGAGTACGGGGTGTCGCGGGAGGACCAGGACCGCTTCGCGCTGCGCTCCCACGAGCGAGCGGTGGACGCCATCGACCAGGGGCGGTTCGAGGACGAGCTGGTGCCGCTGACCCTGGAGGAGACGCACTACCAGTCGGCAAACGGGCACGCAGGGGAGGCCACGACCGAAACCGTGACGTTGGAGGTCGACGAGGGGCCGCGTCGCGACACGAACCTGGACGTGCTCGCCAAGCTGCCCGCCGCGTTTCGGGAGGGCGGC
NZ_CP169425.1_gap33	1536081	1537199	1118	CTGGCCTGGCCCACCGCCAAGATCGCGGTGATGGGCGGGCAGCAGGCCTCCAAGGTACTCAAGCAAATCAAGGTGCGCCAGCTCGAGAAACAGGGCAAGGAGTTGTCGGAGGAGGACGAGCAGGCGCTGCTGTCCAAAATCCAGGACCGCTACGAGGAGCAGACGACGCCGTACTACGCGGCGGCCCGTCTGTGGGTAGACGCCCTCATCGACCCGCACAACACGCGCGAGTGGCTCGCCCGCGGCCTGGACATGGTGGACCACAACCCCACGCTGGAGCGCTTCAATCCCGGCGTGATGCAGACGTAGGCCGAAGGGGATGAGGGGGCATCAATCACCGACCGGCGACTGCTCGTCCTGCTCGTACTGCTCGCCGTTGACGGTGAAGGCGAACGTGATGGTGGCGGTCTGGTCGACCATGTTCGACACCGAGCAGTACTTGTCAAGGCTCAGGTTGATGGCCCGGCGCACCTTGTCCGGGGCCACGTCGCCGTCGAGCCGGTAGTGCAAGTGCAGGTCGGTGAAGACGCGGGGCGGCTCCTCGGCCCGCGTCCCGTCAATCTCGGCGTGGAAGTCGTCGACGGTCTGTTTCTGCTTCTCCAGAATCGTCAGGAGGTCGATGCTGCTGCAGCCGACGACACTCAGGGCGGCCATTTCCATTGGGCTCAGGCCCTCCTGGTCGCCCGTCGAGGCAATCGTCACGTCGTGGTCGCCGTTCGTGCCGCGAAACTGGACGGCATCGTTGATCTGCTCTATGCTCAGGTGCATGCGCACGGAAAGGGGGTGGTGAAAAGACCTCGGGGCTCAGTATAAAAAACGGAAGGGAAAGAGTCAGTGGGCGTAAGCTGCCGTTATTGCAAACTGGGTTTGGCGTTGATCGGAAAAACGATCGGGAAGCAGGGAGGGAGCATTCGTTCACGCATCCCGTAAACTCTCCCCGTGTTTCTCACATCGCTCCGCCCGACATGGCCGACGGTCAGCCCACTCCTTCGCCTGCCCCGCAGGGCGATCCGTCGGAGAATTCCCCTTCCGCGTCCGTCTTTGCCCGACTCCGAGAGCGAATTCAGGGCGTCCGGGACACGCGTCTCGCCGACCGGCTGGCCCAAATCGATGCCGAG
NZ_CP169425.1_gap34	1614658	1615932	1274	TGCAGGACCAGACCCTGTCCCGCTCCCCGCAGACACGCCTGCTGGACGCCGAGGTGTCCCTCTACCTCGGGCTGGCCCGCTCGGTGCTCCAGCTGCCGCCCGGCACGCCCGAAAAGACCATCTTCGTGCGGTCCGGCACCGACGACACGCTCGTTCTCTTCATTGAGGGCAACACGCTGCGCCAGTCGGAGCACCTTCCCGAGCTGACGGCGGAGGACTCCGCCGAGACCATCTGCAGCCGCGTGCTTCTGCTGCAGGACGAGTACGGAATGGGGCAGGTGCAGCACCTCATGCTCGTCGCGGAGGAGGACGAAGAGGTGCTCGCCAGCGCGTTCAAGTCGTACTTCTCCACGGCGGAGCTGCACGTGCTCCGGTCGCATCTGCCCGGCGGGGACGACACCGACGCCGAGGCGTACGTTGGGGCCACCGGCGCGGCGCTTCGGCTGCTCGACGACGCCGCGTTTGCGCCGCATTTTCAGCCGGTCAACCTGCTCGCAAAGGAGTACGTCCCGAGCCGCCTGCGGCTCCCGGTGGGGTGGCCCGTGCCTGCGATGCTGACGCTCCTCGCCATCGCGACACTCGGGTTCGTGTGGCTCTACTTCGTGAATGCGAGCACCATCAGCGAGAAGCGCACCGCGCTTCGGGCCCTCGAGCAGAAGGTGAACCAGGTGGACCAGGAGGCGCTCCAGCGACGCATCGACAGCATGAAGGCCATGACGACCGAATACGCCGCGGCGAACAAAACGATTGGCGGGCTCCTGCAGGGGAGCAACAAGTGGAGCAGCGGGCTCGCCACCGTTACGGGGCAGATGAATGACCTCCGCGGCCTCACCATCAACCAGTGGAGCCCGCAGTCCGGAACGGAAGTGACGATCCTTGGGCGGTCCAACGACCGGTCGAAGGTGGTCGAACTGGCACAGCGACTGGACGGCCGCATCCTGGGGCTCACCTTTACGGAAACGCGGGACGTGTCGCTGTACGACTTTGAGCTCACGGTCCCCCTGGATACGACCAAGCCGGAGGCCATCGAGTACTGGCGGGAGCAGCGGGGCGAGCAGCTGGCCGCCGGGACGGAGGCGGTGGACGTGGGGCCGGACGCCCCCGCGCCGGATTCATCGACGACCGGGCCGTCCACCACGGCCCGGGCGAGCCCCGGCACGGGGGCGCCTGCCGCCCCGCCGGAGGCGGAGTCGACCGGCGATGCGCAGGCCCGCCGCGACACACTCGACGCGTCGTCGGTCTGGACGGTCGTCGTGGCCTCGGTGCTGGAAAGT
NZ_CP169425.1_gap35	1624236	1626739	2503	TCACGTCCTTCCTCACCGGAAACGCGGTGCAGTCGAACACGGTGGCCGACGTCATGAACGCGGAGTTCGGCGTGGCGGTATGGCTCTCGGGGCTTGTACTGGCCACCATCATCGCCCTCGTCATCCTCGGCGGCGTGACCGCGATTGGGCGCGTCACGGGCATCCTCGTGCCCGTCATGGCCGCGGCGTACGTGATCGGCGCGCTCCTCGTCCTTGCCTTCAACTACACGGAGATTCTCCCGACGCTCGGGAGCGTCTTCACGAACGCCTTCAATCCGTCCGCGGGGGTGGCAGGGACGGGGGCTGGGGCCTTCTTACTGACGTTTACGTACGGGGTGCAACGCGGCCTCTTCTCCAACGAGGCCGGCATGGGCTCGGCCCCCATTGCCCACTCGGCCGCCAAGACCGACGAGCCCGCCTCGGAGGGCGTGGTGGCCCTCCTGGAGCCGTTCATCGACACGATCACGGTCGTCACGCTGACCTGCCTGGCCATCCTCGTGAGTGGGGCCTGGGGGGCCGAGGTGCCCACGGAGTTCAACTTCGACTCCGGCAACGCGGACTACCGGGTGGAGAACGAGGGCGGCATCTTTCCCAGCTCCGATACGCCGGAGGAGATCCGAATTGAGAACGGCGAGCAGCAGGTCCCCAATCCCGACGAGGACGCGCAGTTTGCCTGGCGGCAGGCCGTGGTAAGCTCCTTCTACACGTCCTGCGCCAACGACTGCGACGAGGCAGAAGACCTCCAAGAGCCCTTTACGGGCACGCTCTACCCGACGAAAGAGGTCGCCGTGGCCGACGACGGGACCGAGTACCAGGTCCTGTACGGAGAGGGGGTGCGCAGCGGGGCCCCCCTTACCCGCCTTGCCTTCGAACGCGGCCTCTCTCCGCTCGGCGACTGGGGCGGGTACGTCGTCATCCTGAGCGTGCTGCTCTTCGCCATCTCGACCTCCATCTCGTGGAGCTACTACGGCGACCGCTGTGCCTACTACCTGTTCGGCGAGCGGGCCATCTTCCCGTACAAGGTCGTCTTCGTGCTCATGAACTTTACCGGTGCGGTGACCGCCCTTACGACCATCTGGACCATCGGGGACATCGCCCTCGGGATCGTGATTGTGCCGAACCTGATTGGCGTGATCCTGCTGACGGACAAGGTGAAGGAGATCACCGACGACTACGGGGCCCGAAAACCGTGGCTGGAGGAGTCGGAGACGTGATGGGCCCGGGGGCGGGGCGTCGCCTCGCCTCCTGTTGTCCCACGTCGGTCGTGCTGTGCCCACCATTCTCAATTTCCCATGGAGAACGTGACTGTTGTCGACCACCCGCTCTTGAAGCGTGACCTGACCCTCCTGCGCCGGGAGGAGACGCCGCACGGCCAGTTCCGGAAGACGGTGTCCGACGCGGCGGCGATTCTGGCCTACGAGGCGATGCGGGACATCGAGCTGGAGGAGACCTCCATCGAGACGCCCCTCGAACAGACGACCGGCTACGAGATCGCCGAGGAGGTGATGGTCGTGCCCATCATGCGGGCCGGGCTCGGGATGGTGGATGGCTTCGTGCGGTACGTGCCGGAGGCCCGCGTGGGCCACCTCGGGATGCAGCGCGACGAGGAGACCTACCGGCCCGTCGACTACTACAGCAACATCCCCTCGACCATCGGGCACGCCCACGTGTTCGTGGTGGACCCGATGCTGGCCACAGGGGGCAGTGCGTCCTTTGCCATCGATCACTTGAAGGAGGAAGGGGGACAGGACTTTACGTTTGCGTGCCTGGTGGCGGCGCCCGAGGGGGTCCAGAAGCTCCGCGAGGAGCACCCCGACGTGCCCGTGGTGACGGCGGTATTGGACCGGGAGCTGGACGACAATGCCTTCATTCGGCCCGGCTTGGGCGACGCGGGGGACCGAATCTTTGGAACTCGTGAGTCATGAGTCATGAATTGTGAGTCACGAGTGAGTTGTGAATCACGAGGGATGAGTCAAGAGCTCCTGTTTTTGCCGATGGAGCGGACATAGCCATTTGGCATCTTTCGGATCTCGGTCAATTCGTCGGACAGTTCCTCGTAGCGCTCATCCGTGATGAGACCGCGCATTTTTGCTTTCTGCAACCACGTGATGGTTTCTTGCAGTGAGCCGCGAGCATCGTAGCAGAACTGACGATTTTCGCCGAAGTGGTACCGCCCGTGGCCTTCGCTGATGTTCGCCGCAATTGAGTCCGCCGCCTGGACGAGTTGCTCACCGATGGAGTACTTGGCAAAAGACGGCCACTCCTCCACCTCTGCCCAGATCTCCTCCGCAAGTTTCAATGAGCGCCTGTACACGGCTAGGTCGTCTACATCCATCGACTTGGCTCCCTTCTATGGGAGGCCCGTTCATCCAAAAACACACAGCCACCTCGATGGTGTAACGCCCCGTTTCGTTTTCCATGCCCATCGGCACCCAACCCTTCAACTCATGGCTCTTCTCTCATGACGCGTCCACTCGTGAAACCGCTTGGGATGCGCGCTCTC
NZ_CP169425.1_gap36	1633368	1636770	3402	CGCACGGCCCCGGCGGGGCCCCATCTCGCGAACCGGTAGCTTCTCCAAACTGGGCGCTCGTGGAATGTCCCTCTCCCTCCACAGTCGGCAGGTTGAGACGCGCGGGCCGCTCCTCCTCGTGCACGGCGGGGCCTGGGACATTCCGGATGCCGCCCTCGAGTCGCACCGCGAGGGGCTTCAATCTGTGCTCGAGGCCGGAACCGCCGCAGTTCAGGAGGAGGCGGAGGCCCTGGCGGGCGTCACGACGGCGACGCGGGCCTTGGAGGCCCACGGCGCCTTTAATGCGGGCTACGGGGCGATGCTGAATCAAGACGGGGCGGCGGAGCTGGACGCCGGGGTCATGACGGGGGCCACCCTGGACTACGGGGCCGTCATGGCCGCGCAGCGCCTGGAGCACCCGGTCGGGGTGGCCCGCCGGTTGTTAGAGACGGGGGAGGGGCGCGTGCGAATGCTGGTGGGGGAGGGGGCGGAGCGGTTTGCGGACGCCACGGGGACGGAGCTCGTCCCGAACGAGACGCTGGTCCACCCTCGCGAGCGACGACGCCACGAGCGGATTCGGGCGCAGGCCGAAGCGAATCACCCGAGCCGGTCGTTTCGCCCAGGAGGCGCCGATCCGCAGGGGCGCGATACGGTGGGGGCGGTGATGCGGGACGCCACGGGTACGCTCGCGGCGGCGACCTCCACCGGGGGGACGCCTTTCAAGCCGCCGGGACGGGTGGGCGACTCGCCCCTGCCGGGGGCCGGCTTCTACGCGGACGCCCACGTGGCGGTCAGTACGACGGGCTGGGGTGAGGCCATCGCGGCCGTGGGACTGGCCCGGAGCGTGCGGGAGCGCGTCCGGGCGGGCGACTCCGCCGAAGCAGCCGCGCGGGCCTCCCTCTCCCGCATGCACGAGCAGGTGCGGGCGCCGGACGGTGGGGGGGCGACGGGCGGATGCATCGTGGTCACCCCCGAGGAGGCCGCAGTGGCCTTCACGACGCCCCGAATGGCCCGGGCGTGGACGGACGGGACCGACGCGCGTCAGCGTCTGTAACCGGACTACCACTCCACATTGAGGCCCGCAGAGAACGACCGCTCGGGGGCGGGTTCGTAGTAGCGCCCGCCAAACGCGTTCACGACGACTGAGCCGGCGTAGCGCTCGTTGAGCACGTTGTTGACGGTGACGAAGGGCTTCAGGGTAAGCCCAGCCATGTCGATGCCCCTGTGCCCGAGGTTGAGATTCACCAGGACGTATCGGGGCGCCTCGGCGGTGTTTGCGTTGTTGGTGTAGTAGCTCGGCACCCCCTGGCCCGAGATCCGCCCCCACCACCCGCCGTGAGAGAATTCGGTGTGGAGGTAGAGGCGGCGGCTGGGAATGCCGGGCACCCGATTTCCGACCAGGGAGTCGTCGTTTGATTCGTCGACGACGAACCGGCTTCCCGTATAGCGCGTCGCCACTTCGAGGGCGTCCGTGGCCTGCCACGTGAGGCTGGCTTCAATGCCGTCGTGGGTGTTGGCCGCAAGGTTGTCGTACACGTCGCGCCCGTCGGCGTCCTCGTAGGCAGAGATGAGGTCGTCGACCTCGAGGCGGTACAGGGCCACGTCGAACCGCAGCCGAGCCTCCGGAAAGGCGCCCCGGGCGCCGATCTCGAAGCCCCGAGTAAACTGTGGCTCCACCTGCTGATTGAAGCCGCCGCCCCCGCCCGGGCGGTTGGAGAGTTCAGAGGCTGTGGGCGTCTCGAACGCCGTGCTGTACTGAGCGAACACCTGGGCGGGACCGGCATCGAACGAGAGCCCAAAGCTCGGGCTGACCGACGAGAACGTGCGGGTGCCGGACTGATCTCCGTCCTTGGTCAACCCATCGTCGGCTTCGAAGCGCATTTGGTCGAGTCGGAGCCCCCCCGTGAGGGCGAGCCGATCCGTCGCGTTGAGGCGGGCGTAGCCGAACGCGGAACCGTTCAGTACGGTCTCCAACTGGTCGAGGCCGACCTCGGGGCCGGGATTCCCGTCGGGCGTCGTAGACGTAAATTCGATGCGGTCGTCGGACTGAATCCCGGCGTCCACGCCCAGGCCGCCCTGCAGACGCCCCTCAGTGCGACGCAGAGTGAACCGGGTGCCCCCGCTCCACCGTGTGTACCGCACGAAGGCAAAGTTGAGGGGGTTGTCGAGGGCCCGTCGTAGGCCGTAGGCGGTCCCGGAGAGGGTAGCACCGCCCAGATCGTGGTCGATGGAAGCCCCAAGCTGGACCTGCGAGCTTTGCTTGCCCGCGTTCACGTCTACGAATGCGGCGCGGGCCTGGGAAGGGTCATCGTTGAACTGCTCGCGTGTGAGGCTGCTTGGGTTTTCGGTGTCCTGCTGGTCGGCCGCCGCCACAATTCGGAGCCGCGTGTCGGGGCCCAATCCCCGTCGAGCCGTGCCGCCCGCTCGCACACGATAGCCCTGGCTGTGGGCCCGGTACCCCTCCTGGCGCTGGCCGGAGGCGTATCCGTGCACGGTCCAGGGGCCGACCGTGCCCCCGCCCTCCGCGAGGCCCTGCCACTGCCCGTAGCTGCCGCCCTGCACCCGTATCCGATTCGGGGGAGGCGCCGTGCCCGACGACGAGAGAAAGAGCACGCCCCCGCTTCCATTGCCCCAAAACACCGAGGCGGGGGAGCGAACCAGTTCCACCTGTCGGACCACGGCCGGGTCCACCACGTCGAGAAAGGCCTGCCCGTCGGGCAGGGTGAGCGGAATGCCGTCGTAGAGGACCTGGACCCCACGGACCCCAAAATTGGACCGGTAGCCCACGCCCCGCACGCTGATGCGCTCCCCGAGGGCAAAGTGGTGGCGATCATTTACCCACACGCCGGGCAGGGGACGGAGCACATCGTCCAGAGACGTCGACGAGGTCAGGGATACCTCCGCCGGCGACCGGGACCGCACCGTGACGGCGAACGGTGCGGACGCCTCCGTTTCGGCGCCACGGACGGCCTCAACCGTCACTTCCGGCAGCTCGACGATCGTGGAGTCGGGGGATTGCCCAACCGCGAGGTCGGGGCCGACACCAGTCCACAAAATGGCCAGGAGGAGGAAGAGAGGGGGACGTCGTGTTACGAAAACCATGCAACTGGAAACGGGAACGGCGGAAAGAGAGCGGGCGGAGGGCGGGTGCTCGCAGTAGCGGGTGGGGATCTCGATAGACGGGTCCTCAACTCGTGGTTCGGAGACCTCGTGTCGGGCCTCGTGCAGGCCAAATTGCGAGGGTCCCTTACCATCCAATCCGAGAGGCGGTGGAGTCGTCGGGCGGGCTGGGCGGGTCCTGGGCCACCGCGGGGAGGGGGGACGCCTCGTCCAGTTGCTGAATCTGGACGCCCGTGTAGTAGAACGAGAGGATTTCGCGGTAGCCCTTGCCCTGCTCGGCCATGGCGTGGGCGCCCCATTGAT
NZ_CP169425.1_gap37	1809671	1810712	1041	GATTCGGACGGAGGGGCCGGTGAGTCCTCCCCGGCAGCCGGGCGATACGTACCGAATCGTGTCCTTCCCTACTGAACTTGACGATCCGGAACTGTCGAACATATTCGAGCCGCTTGGCTCATACGACTCGTTGGAGTGGCGGCTCTTTTCGATCGGTCCCAGTGGACTCACGGCGGATGGGGGGTACGTGGAGCAAAACGAGTTGGAGGGGGCGTCCCTGAGTGCCGGCCGGGCGTTGTGGTTTATCCGCCGGAATGGCGGGGCACTGGACCCGGTAGAGGGCACGTCGATTCCCGTAGACCAGCCCTACGAGATACAACTGGACGAGGGGTGGAACCTCATCGGCAACCCGTTTGCGTTCGACGTGCCGCTGAGCCAAGTTCGGGTGGAGAACACGGCCGGCTCCCTGCAGGACGTGTTTGGCTACAACGGCAGTTTCGTCAATCAGGCGGGCGGCGCGCTTGAGCCCTACCGGGGCTACCTTGTCTACCTCTCCGGTGGGCAGAACGGAACGCTTGTCGTTGACCCGAGCCCGGAGGAAGCGTCCGCCACCACCTCGTCGGCCCGCGCCCCGGATGCCCGGTGGGCGGTCGACCTGTCGGCCCGGGTGGGGCAGGCGCGCGATCCGATGAACACGCTCGGGACGGCCCCGAACGCCACGGACGGCGTAGAGGCGGCGGACGGCCGAGAGCCCCCGCCCATCGGCGATTACGTCTCCCTCAGCTTCCGTGCCCCCTCGCAGGACAGGGGGCTCTGGCGCGACATGCGCTCGACGGGCGGCGGCCTCCGCACCTGGACGGCCGAGGTGCGGACCAACGTGTCCGGACTGGTCACCGTAAATGCATCGGACATCTCGTCGGTGCCCGACGACCAGTCGGTATGGCTCGTAGACCCGGTCCTGGACCAGACGCAAAATTTGCGGGAGACGCCGACGTACCAGTTCCCGGCGTCCGAGGCGACCGACGCCCGCTCTCTGCGAATCCTCGTCGGGCCCTCCGCGGCGGTCCAGCGCCGACTGGGTCGAGATGCGGATCGGCCGGA
NZ_CP169425.1_gap38	1867828	1871285	3457	GAACGTCCGCGATCGTGTATCCGACCTGAAGGGCCACGATGGTTCCCGGGGTGTTGCTCGGGAACGCCTCAGGGAATGCCATCGGGATCATGTACGCAATCGGGTAGAAGCCCCAGGTGGCCAGCAGCAGCAGCCGGGCGTTGCCGAGAAGCGTCGACACGCGACTGCTCTGCCGCTGAATCGTATCACCCAACTGGGTGAAGAGGATGTACAGGATCCAAACGAACGGAATGGTGCTCAGGAAGCCCCAGAGACCGCGGGTTCCGAAGAGGGCCGCGTTCTCACTGACCTCACCGGGGTACCCGAGCACGATCATGAGGGCCGCCAGGAATCCAAGCTTCGCGGCCAACGGACCGCGCTCGTTCTTCGGAAGGCCCATGACGAGCACCAACTCTACGGTCAGCAGCGGCACCGTAAGGAGCCAGTCCACATAGCGGTATGCGTCGTTAAATAGCTCACCGGTGGGCTGGTACATCCCATTCTGCAGGGCATACGCGGCTTCCCAACTGCTGGTAATGCGGAAGTAGTGGTAGCCGGCAATGAAGACCACCAGCGCCGAGACCATCATCGAAATCCGGTACTTCGGCGCTACGTTGTTGCGCGCCAGGACGAAGAACACAAAGGAAGCCGTCATGGTCGCAACGGTGAAAGAGAACATGTTGAACACCAGGCTATACTGGCCCGGCGTCAGGGTGGGAAGTTCTTGTAGCATGGATAGGTTCGGGTTGTTTGGGTGATAGTGTGAGCAGGTCCGGTCGGGCCGCTAGGGCCGATTCGGAACCGTCCCAGTTGTGTTTGCTGACGAGACTCAAGTCGCGAATGCTCCTCGCAGTGAGTAAAAAACTGGGAATCACTTGTGGTAGTATAACTGCGAGGACGTGCGACTGCCAACGGGAAAATCCGGCGCGTCTTCCCAAATTGTGAGGGAAAAGTTATATATTAGGTCGCGGACAGGCGCGTCGCCTGGTCCGGTGTAACTGCCCTGTGCGATCCGTACAGGAGCAGGAGAATGCCTTGCACTACCAGAAGGTTTGTGAACAGGAAGAACAACGCTTCTTCCAGGGGCAACCCGAGGACCGATGCCCCGACGGTGTACTCGGGCGAGATCGTCCAGATGCGGGAGTGGATGGCCACTGCATCGGCCGCCCAAAGGTACGCCGTTGGGAGGGCCGTTGTCACGAGGACGCTGTCCCGAAAGGCCCAGAGCGTCTCCCCATCGTAGAGCCACATCCCCGCCAGGATGGGCGGGGCCCACACCAGAATGAGGGCCAAATAAAGCGTTGAGGCACGGCCGTCCATTAGCAGAAACGCCCCTAGCCCGGTGATTCCGGCAAACAGTGCTGCTCCGCTCCAAGACGCCGCCGACGCGTATGTGTTTGGGGTTGGGGAAACCCGGTACAGATACTGATAAAGGAAGAGCCCAGTCAGGATGGGCTGCAGCACGAAGAACATATATTCCTCGACGGGCACATACCCGATGGTCCCGACGACTCGATTGGCGCCGTACCACCACACCTCCTGGGCGACGAGGTAATTGTCCCACGGAGTCGTGTACGTAAATGCGATCAAGCAGACAATCGGAATCGCCAAATCAACCCGCATGTCGTCGTCCATCCGTCTCGGGCGTCGGTGAAACGCCACCATGAGGAGGATTGGAGGGACTAGGAAGATCAGATGGAAAGATAGATAGCTCATTCAGTGGCATTATCAGCTATTATTGAGTGGAATATCACGCCACGTTTTTCAGCACCACACGGGCAGCATTTCGCCCGGACGCCCCCATGATTCCTCCCCCTGGATGTGTGCTCGCCCCCGTCAGGAAAAGGTCGTCTACCGGCCCCTCGTAATCCGAGGCCCCAAAAAGAGGTCGTGCCGAGAACATTTGGTCGATGCTCATCTCAAGATGCATCACATTTCCCCGATACAGCCCTAGGTGTTCCTCCAACCACTCGGGGTGCTGGAAGAGCTGGCCGACAATTGACTGCCGCGTTCCGGGTGCATACTGCTCAAATTGGGCGAGCAGCGTGTCGGCCACCTCCTCAGCGATGTCCGGCCACGTGCGTCCGCTGGCCAGCTCGTAGGGAAAGTACTGCCCCCAAAGCCAAAGCACTTCTCCGCCGGGGGGAGCAAGTGTATCGTCCGCCGCGGAGAATGTCATTGCGATTAGGGGCGGGTCCTGTGCCGGCCGGCCGGCCAGGTGGTCTCCGTAGGCCGCCCGTAGTTGCGTCATGTCCCGGCACAGCAGCTGCAGGCCTGTTCGGGCCTTTTGGTCGTCGGCGGTCGCCGTGTACGAGACGGGCTCGTCCAGCGCGAGGCGCATCATCGCCCCGAACCCATTTCCAATCCGCAACCCGTCGGCCCCGTCCGGCCGGTGCCGAGCAGGGAGGAGGTGGTCGAACGTTTCCTTCGCGTGTGTGGCCGAACACACGGCTCGACTCGTGTAAGAGGTTCCGTTGACCCGAATGCCCTCGGCGTGTTCGTGGTTGACCAGAATGTTCTCGACGGGCGCGTCGGTGTAGATGTCGCCTCCATGTGCCTCAATGTGGCGCTTGAGTGCCTGCGTGAGCTCGCCGGATCCGCCCTTGGGACGCGCCACGCCCCCTTCGTGGTACAATGGGTGCCACAGCGCAAAAGGCCCAGTGAGGGGATCGGTCGGCGGGGGGCCCGACTGAGCGGCCATCCAGGCAATGGCCGTTCGCAGCTTCTCTTCCTCGAAATAGGACCCCAGAACCTCCTGATACGGACGGAGGATGTGACGAAGCTCCTCCTGCCAGGGAAGTGGAGAGCTGGCCCCACGAATCAACTGCTTGCCCAACTCCAAGGGACTCGGGGAGGTGAGAAAGATGTCCCGCATGGTGCGGGCAAATCCTATCCAGTCCGTCACAAACTCGCGGTAGGCCTTGCCCTCTCCGGGAAAGAGCCGTTCGAGGTGGTCAACGGTACGGTCTAGGTCGCGGTAGAAGTAGATTACGTCGCCGTCGGGGAACGGCGCGACGAACATCGGGTCGAGCTCAATGTACGTGAGCCCATACTGCTCCAGCTCAAGCTCTTCGACGATGGGGGTTTGCCGTATCAGGATGTGCGCGCTCCCCCCCAGGTCGATCTGGTATCCCGGAAAAAGCTCTTTGGTGGACACCGCCCCCCCAACCATCTCCCGCTCTTCAAACACCGCAACCCGGTAGCCTGCCTGGGCGACGTAGGCGCTCGCAATCAGCCCATTGTGCCCCGCGCCAATGGTAATCAAGTCGTAGTCAGTGGACATAAAGATGGCCGCACTAAGGAGAATGAAACCGCACTACAAGAGAACGATCAAACACGTCATTTTCACGGTGCGAGAAGATAGTTTCCGAAACCGTTGTGTCGTTTATCCGTGAACATTAAGGCGTAGTGAAGTTCTTATACCACGTGACGACTGGCGCCCGCTCACGGCTCTGTCCCCGCACCTGTTCTCTCGCCG
NZ_CP169425.1_gap39	1873488	1874196	708	CCCGACAGCAACACGGTCAGGGTGCACGATTCGCAAGAGCCAGGAGACGGTGATCTTCTGAACTACGCCGCCCTCAAATCTTATTTGAGCGGTGCCGCCGTACATGTTCTGTCGCCGGAGGAGATGCCGGGCGGCCGCAGCGTCGCGGCCATCTTTCGGTACGAGGCGGACGTTACCGCGACCGAGACCGACTGACCCCGCTCTGAATCAGCCCTCAACGCGGCTCCTGCACCACAGGGGCCGTACCCACCTGTGTACATGATAAATAAAATTATTGTGCACAAAAGCACCTGTGATAAAATGACTTATCGCAGATACGAATCAGGCGCATGAAGCTTCTCGACTCGTTCCTACGCAGTCTCTCTTCGTCCCAGACGCGCCGGGCGTACCGGACTGATCTGCAGGCGTTTTTTTCGCAGGCGGAGGACATAACCGCTGACCTCGTGCAGGCAATCACGCATGAGGACATTCGTGCCTTTGTGGAGACTATGCATGATCTCGACTTGGCAGCGGGGACCCAGCGCCGACGCCTTGCGGCCCTCCGCTCATTTTTCGATTGGGCAATGACGGAACGCATTTACGACCGCAACCCGGCGCGCCATCCTGACGTAAAGCCGATGCCTCCGGCCGACGCATCTTCGTCCGTGCGCTCACTTACGAAGCTAGAGGTGCGCGACACGCTAGAGGCGGCCGGCGCGTCAGACGAGA
NZ_CP169425.1_gap40	1875640	1877372	1732	CTCTCCACCCCATCCGTCCGCAACGATCGCGCCGAGCGGATTTTGTCGGAGGCGGACCTGTGGGCCCTCCTGCGCGACGAGCGCGACCTGCGCAACCACGTGCTGCTCCGCCTGTTCTACGCCTCCGGCGGGCGGATCTCGGACGTCGAAGATCTTCGCTGGCGCGACCTGAAGGACCGCCCGGACCTGAACGGCCCGGACGGGCGGCCCGGCGGCCAGGTCACCTTCTTCGGAAAGGGCGGCAAGACCCGCGCCGTTACCCTGTACAGCAAGGTGTGGAGCCTGATTATCCGCCTGCGGGAGAACGAAGAGTCCGAAGGCCACGGAGCCGCCGACGATCCCGTCTTTCGATCCCAGAAAGGCGGATGCCTCTCGCGATCCCAGATCTGGCGCGTTGTGAAGAAGGCGGCCGTGCGGGCCGGGGTCAAGCTCACCGAGAAGACCGGCTCGGAGGGCGCAGTGAAACGCGACGAAGAGGGCGAACCAATTATGACATCCGAGGTATCGCCGCATTGGTTTCGGCACGCCCACGCGTCTCATGCCCTGCAGAAGGGGGCCGACCTGGAACTCGTCCGCGAAACCCTGGGCCACGAGAGCATCGAAACGACAAAGACCTACCTCCACGCCCAACCCGGAAAGTCCTCTTCCTACTACGTGGACGAGGCGCCGGACTTCAACGGATAGAAGCGCTCAGTCCGTTCGGGCCAGCACGTCCAATTGATGGGCGATGTAGGTAAGCCGGCCTTCGTGAATCTGGCGGCGGCGATCCGACAGCCAGTCCGCAAACGCGTCATCGTCGAGGGCCGGGTGGCCGCGAAGCTCGTTTTCAATGAAGTGCAGAATGTGGTAGAGAAAGTACGCCTCGTCCGCCGGGTAGTCCCCGTCCTGTGGCCAGACGATCCAGTCCGATCCGCCGGCCTCGAGAAGGGTACTCCCCGCGTCTCGGAGATGCGTCAAGAGACGTCGCCCCGATTGGTCACCGGCCCGACCGTCGTCGTGGTCGGTCGTCATGCTCTCGTGGTACAACGTTTCGACGCGCCCATCCAACCCCGAGTCGTGCGGCGGCTCGAAGGCCGTCACGCCGTCGAAATGAATCGGCAGGTACCACAGGCCCCGGTCACGGAGCAGCGGCCGGAGCGCCTGAATCGCGTCGGGGATCCGCAGCAGATCAAACAGCGCTTGTCCGACAATTGCGTCGAATCGGCCCCCATCGTGCGCCGCGGCGAAGTCGTACAGGTCTGCCGTCACGAACTCGAGGGCAACGGACTCGCCGTCCGCCGACCAGACCTGCGGGGATCGGCCGGTCACCTCGAACCCCTGTTGCTCCGCCCACGTCCGTAGTTCGGACGACGCGGTATCGAGCACCGCCGGATTCCGGTCTACGAGCGTATACCGGAGCGACGGGCCCGTTCGAACGTCCAGGGCAGTGACGATGCGCTCCACAGTCGCGCCAACGCCGGCCCCAACCTCTAAGATGCGGAGCGACGAAACGCCACCGAGCTCTTCGACGAAACGGGACCACACCCGATGATTGAGGGCGCGGCCGTCAATAGACTTTTTGGCCGTTAGGTACCGGGACAGGCGGTACGCGTCCGGAGCATTCACAGACAAGAGGGCGGGTCGGATAGAAAAATTACGCCGTATAGGAGGCCCAGGCGGTATCGTCCTCCCAGATCTTGACGGTAACGGTCTCCAGCTGTGCCGTATTCAGCTGCTCCGTCAGGGCCGTGCA
NZ_CP169425.1_gap41	1879174	1881716	2542	CCGTCCCCCGCAAGAAGTTGTGCGTCGGAGGGGAACCGCAGCGACGAATCCAGCACGATTGGGACCGGGTGCGTTCCATCGTTGTGTCGGACCGTGAGACGCGGGTCGTCGGCCAACACGGTTCCGATGCCGACGAGAATGCCGTCATGGAGCGCACGGAGTTGGTGGGTGAACCGAAGGGCCTGTTCACTGCTGATGGGGAGTGGTGTGCCCGACGTCGAAGCGATCGAGCCGTCTAGGCTCTGGGCGTACGTCAGTGTTACGAACGGCCGTCCCTTCTCTGCAAAATAGCGGTCAATCCGCTGCTTCAGGTCACGGAGTGATGTCCCATGGGCGTTGCCCTGAGCGTGCCCGTTCGCGGGTCCCAAATCCAAGATGTGACGCATCCGGTTTACCTTCGTCCGGAGGTACTCCGCATTGTGCCGGTTCACGTGGGGCTCAAGCGAAATCCGCTCGGTAATTTCAACCCCATGTTCGGCGAGGCTCTCAATCTTCTGTGGGTTGTTGGTCAGGAGGCGAGCGGACGACACACCCAGGTCATCGAGGATTCGTGCAGCGATGGCGTAGTCTCGCTCGTCGGCTCCGTGCCCAAGAATCCGGTTGGCCTCGACGGTGTCGTACCCGTCGTCTTGGAGGTTGTAGGCACGGAGCTTACTGAGAAGGCCGATCCCACGCCCCTCCTGACGCAGATAAAGAAGGATCCCCCGGCCGTTTTTTGCAATCCGTCGCATCGAAGCGTCGAGTTGCTCCCCACAGTCACAACGCAAAGACCCAAGGACATCACCGGTAAAGCACTCAGAGTGAACGCGTACCAGCACATCCTCCCCATCCGCGACATCCCCACACGCGAGTGCCAGGTGATCCTTGTCGTCCTTGCTGTTTTCGTACAGAGAGAGCGAGAACTCGCCGTCTACAGTGGGAATTCGAGCACTCGTCAACCGTTCGACGGAGGGAATCTCCATATCAGGGTTCATGAGCCGAGATCGGAATAAAAGGAACCACCACCGGCCGTTGGACGGCCAGCGTATGGCTGCTTACAAGGGCCAATCAAATTCGACTTTGGATCAACCAGTTCCGTTGCGTAGGGTTTTGGGAAAACTGTTACGGAGCCGACTCGAAGAAAGCCACCACACGATTGCTTACTTTGCAATAACAGAAGTTACAGATACTCCTCCAGTCCGTCCCTTGAATTATAGTAGAAGGCATCGTCCTTACGAGGAGCTTTTCGTATTCCACCACCGAACTAGCAAACGTTCAGGCCCCGTAGTGGTAGAGAGAGTATCCTCTTTGTGATAGAATACCGCCCTGAGTCGCACCTTCAGACGCAGCTCCCATGCGCTTTCGTCCAATTGTTGTTGGGGCCTTGTACCCCGGCATCACACGCGGCCTAAGTGCCGACCTTCTCGCCACCCAGGCTCTTTCGGGGACGGGGTATCCAGTTTGCACCTCTCACGTCGTTGCCGGAGACGGCGTCGTGACGGACGTCCTCAATGTCCCGACGGACACCGTGGCCGCGCAGCTCGAACATTTGTTTGAGACCCGGACCCCGACCAGTGCCAAAGTGGGCATCATCGGGGCCACACCAACCGTGGACCGAGTGTTCGACCACCTTCACTCGCTGGACGGCCCCGTCGTCTACGACCTCACCGTGAGCGGTCCGAGTGGCGAGGACGTTGTCGAACAGGAAGGATTGGAGGCGATTGTCGAACGCCTCAGTGAGCCGGACCTCGTCACAATCCGGCGCACAGATGCCGCCCTGGTAGCCGGCATGGAAATCCCCAGTCTGGACGATGCCCAGGTGGCCGCCCAACGGATTGCCCAGCAGGGGGCCGAGCACGTTCTGATCCGTTGCGGAAAGCTTCCAACTCACTTCTACGACCAGGAAGGGTCTCCACCGGATTACGCCCTGGATCTCTTTTTCGACGGGGACGACTTTGCCCTCTTCGAGGCCCCACATCTTGACGGCCTCCAGTCGCACCATGGCGCATCGAGTGGCCTTTTGCTTCCCTTGCTCCATCACCTCCAGACCGGGATGGAACTCGAACCCGCACTCCAAAAGGCCAAGGGCCGGGTCTCCGAAGCCCTCCGGGCCCTTCAACAGGACGAGGGAGACAATCCAGACGCTACCTTCTTCGAGACCCTCGAAGAGGAACCGACCATGGCTGAGGTTCAAGAGTAGCCGCTCCCAGCCTCTTCCCCCTCTCAAATACGTGTTGCCTCATGCCCAACGATGCGAAGGAGAACTCGAACCAGTCCAAGGCCACCATCTACGATGTGGCCGATCACGCAGGCGTTGCTATTTCGACCGTCTCGCGGGTGCTGAACGATTCGGAGGACGTGGCCGACCAAACCCGAGACAAGGTAGTGCGGGCCATTCAGGAACTCCAGTTCCGCCCGAACCGGACCGCAAAGTCGCTCGCTCAACGCTCCACGCGGACCATTGCCGTGGCGCTTCCCACGTTCACGACGCCCTTTCACAACGAACTGTTGAAGGGGGTGCGTGACCGGCTCGACGACGAGGACGTGGATCTGTTGCTCTGCG
NZ_CP169425.1_gap42	1888102	1892074	3972	GCGGGGTCTGCCTACAACCTCATGCGCTGGGTCTCTCCTCGTGCCATCAAGGAAAACCTGAACCCGCCGACCCACCACGGGTACGCCTGGAATCAACCCGACGCCACGAAGGCGACGGACGCGCCCCAGGAGGCCGGGGACGGTGCGGTCGCGTCGTGACGGAGCCAGCAGATTGACGGGAAAACCAGGGACCGACGATTCATCCCTCATGGTACCGCCCCGATGGACGTGCCCACCGTTTTCGAGAGCACTCACCATCCCGACGAAGACGCATGGGGACTGGTCTATACACGGTTTCTGGGCCGTCCCCTCGGGGTGTGTACCGTCCCGTTGATGGTGGGCGCCACCACCTCGGCCCTCCTCAAGCAGCCCATTTGGGCATACCTCGTCTGGGGGCTCCCCGTCGCCCTCATCCTGGCGACGGTGTGGACGCACTTTTCCTTGAGCCGGACCCCTGCTGAAATCAGCTTTCGCCCCGGCCAGGCGGCCGTCCGGAGCGTCTACGACGTGCTCCTCGATCGCCCCCGAGACTGGAAGCCCATCTTTAATGTGCGCACGACATCGTTCGACGTCGAACTCGCGGTGGGGCGGACAACGTACCTCCTGCAACCGACCCAGTGGCCAAGGTTTGGGGCGCTTCGCGACGCTGCACGCGAGTCGTTCCGGCCCCAAGAAGCATCGTCTCGTGCGTAGAAGGGCAGTGCTCGCTCTCCTACCTGGTGTCATGTGTTGGTCTTATCACTCCATTTGCAATAACGGAATTAGCGGCCATGTCCACCTTGGACATCGATCCTGACGCGAACGTGTCCGTGCGGGAGCAGCTCGTCAACCAGCTCCGCTACCTCATCGCGTCTGGGCACTACAATGTCAACGACACGCTTCCGTCCACCCGAACGCTGGGCGACCAGCTCGACGTTTCCTTCCACACGGTCCGAAAGGCGTATCAGGAACTGGAAGACGAGGGGCTTCTCAGCTCTCAGGTTGGAAGTGGATACACCGTCAAAGAGCGGAGTCCCCTGGCCAAAAGCGAGCGGATGGAGCGCGGGGCGAAAGTGGTCAACGACACGCTGCAGCAGCTGGTCGGGCTGGGGCTCAGCGACGCAGAGATCGAATCCCTCTTTCAGGAGCAGGCCACCCTGCTCGACCACGCGGGACTGGAGCGCAAGCTCATCGTCCTCGGCCCCCACGACGAATTGAACCGCCTATGTGCGGACCAACTGAGCACCGCCCTCCAAAAAACCGTGCTACCGGTCTCCCTCTCCCGAATCGAGCGTCACAAGGACGCGGACTACGCATTCTCACCGTATCCGTACCTTGCGCAGGTGCTGGAGACGCTCTCCCGAACCGACACCATGGGATTTTCGACCCACCTTCCTCCCGCCGTCCTCGAAACGGTGGCCCGGCTCCGCGACCGTGAGACACTCGGGCTGGTGACACGCTACCAGGACACCATCCCCCCTCTGTCTGAAGAGCTTCGGTCCCAAACAGCCTACGATGGACAGGTCATTGCCGCGTCAATTGATCGTGAGGCAGACCACCTTCAGAGCTTCGTCCAGGAGACGGACCTGTTGCTCGCCACCCCGGCGAGTCAGCGTCGCCTCCGGCCCTACCTGGACGACTCCCTCCACGATGTCGAAGAGCTGAAGCTGCTGGTCGGCAAGGATTCAATTGAGGCCATCGCGAATGCCGTGCCGGCTTGACTGTCCCCTACCGCCCTTGTGGCGACGCCTCCTCGCCCCCGGACTCCGACCCGGACGCGCTCTCCGTCGCCGGGGCCTCCTCCCTTCCATTCTGGTCGGCCCGGATCTCCTCCGCGTCCGGGTAGGCGGAGGAGTGAGGGGACGCGTCTGCAAGCTGGGGCCGCGGCTCCTTCCGCGACCGTGCCGGCGAGGCCGGTTCGGGCTCCACCCAGGCCCCCCACGCGTCCTGGCCGTACGCCACGGACACGTTGACGTACGGCCGGTCCGCCCGGAGCGACACCACCTCAAAGTCTGGCTCGGCGGATTCTTCCTCCTGATCCGGGTACTTGACCCGCACGTGGTAGATGCCAAGCAGCATCTTCAGGAACGTGTCCTTGATTAGCCGGAGGTCGCGGAACGTGAGGTTCGTGTTGTCGAGTTGCCCATCGTCAATCCGCTCGCTGAAGAGCAGATCGATGAGGTTCTCCAGGCGGCGGGGCGACGGTTCATCGAGACTCCGACTCGCGGCCTCCACCGAATCGGCCAGCATCAGAATGCCGGTTTCCTTCGAGTCGGGCTTGGGCCCCGGGTAGCGAAACTCCGACTCCGGCACGGATCGGTCCGTATTCTCGGTCCGGCTGAGGGCCTTTTGGTAGAAGTACTCGATCCGGGCCGTCCCGTGGTGCATGGGAATGAACTTGTGCACCTGCTCCGGGAGTCCGTCGTCCTTCCCCATTTCGAGGCCCTCTTTGACGTGGCTCGCAATGATGAGCGCACTCATCCGGGGCTTCAGTTCATCGTGGGGGTTCGACATCGTACGCTGATTCTCGACGAAGTACTCCGGCTTCTTCATTTTGCCGATGTCGTGATAGAGGGCGCCGACCCGGGTCAGCAGCGCGTGGGCCCCAATCCGGTCGGCGGCCGCCTCGGCAAGATTGGCAACCTGGAGCGTGTGGTTGAACGAGCCGGGCGCCCGTAGGCTCAGCTCTTTCAGCAACGGACGGTTCGTGTCCGAGAGCTCCAGCAGGGTCAGGTCCGTGGTGATGTCGAAAATGCGCTCCAGGGCCCACAGAAACAGCGACGACGTGATCGTGATGGCGGAGGCGATCGCCGCGTAGGCCAGGTCGGGGGCCACCCGTCCGAAGGGAAGGTCGAGATACAGCCAGGTGGCGAAGAGCACGAGCGCGTACCCCGCGAACGCCAGCCCCCCACTCACAAAAAACTGCCCGCGATTTTTTATGTCCCGGACGCTAAAAATCCCGAAGGCACCGGCAAAAAAGGTGGCGACGGTATACTCGAGCTCGAGGCCCAGCATTTGTCCCCCGGTCAGGGCCAGCACCAGCGTCCCGATGAGGGCAATGCGGGAGTTGAAAACGATGGTGAGCAGTACCGACGCGAGCGGCACGGGCACGACGTACAGGGACCAAGGCGCCCGAATGGCAATCCCGTAGAGGAGAATAATGAACGCGAGGACCACCGATACCAGTACAAGATCCCGGTTCTTGGACCAGATCTCGGGCCGGAGGAGATAGAGGTAGAAGAAGAAGAACCCAAAGCCGAGCAGGGTAAAGAGGACCTCTCCGCTCAGCTGTTTCGCTACAATGTTGGACCCAAGCCGATCACTCTTCGCCCGTTCGAGAGACGTGAGCTTGCGTTTGATTTCTCGGGTGACCCGTTGCCCCGTCCGTACGATGGGCTCCCCTTCTTCCACCCCGCCCTGAATGGCGGTCACTTTCTGGGCACGCTGATCGCGCTCCTCCATCGTGTCTTCGCGGAGATACTGGAGCGAAGGCACGAAGATCGCCCGGAAGAAGGAGGCCGCAATGCGGGAGTGCTCCCGGTTTTCCGAAAATCGCTCACGGAGTTGGCGCTCGGCGTACTCGAACGACTCGTTGAGCCCGTAAAGGTTGTCCTTTTCGACCCTGCGCTGGGTCTGGTCCTGCTGATTCCGGACGATGATCTCGTCGGTCACTACCGAATCGCGCGGCCGGTTCATGACCCCGAGACTGAGAAGCTGTCCGCCCACCTCAAAGGCCGCCTCAAGCAGGCGGCCATGCAGACGGGACGACATCTGGCCCGCGGACTGGCGGGAGGGGGAACGAAGGTCCTGTACCTCCTCCGCATACTCGGACGCTAGGTACTCCCACTGTGACGCACTGAGCGTGACCTGGGCATTCCGGCGGCGCCGAACGTAGTCGAGCGAGTCTTGGCGCGCGGCCTCCCGTTCCCCCTGCTGTCGATGGTAGCGGTAGCTCGCGTAGGCCTCCAGGATGCGGTTCAGTTGGCGACGCAG
NZ_CP169425.1_gap43	1895940	1898189	2249	TTCCGACGAGCACATTGAACCCGTTGTACTGATCCGCCTCCGTTTCCAGGCCGTCGAGATACGCCTCCGGCGCGAGCTCCTCCCGCAAGTAGTCCGCCACGAGACGCCCCCGCGACGGCGCGTCGTCCCGACGGGGGCGCTCGTCACGCACGTTGGTCACCGTCGCCCAGTGCCCCTTCCGAGTGATGCCGAGCCACGTCCCTCCTGCTTTCAGGTCGCGCCCGCCCAGCACATGCGGTGCGTCGTCCCAGAAGGCGGCAGGAGCCGTCGGCCGGTCGTAAAATTCATCCCGGTTCCCCGCAAAAATGAGGGGATACTCCGGATGCACGTCCTTTGCGAAAAGAATCAGACACATGGCGCGTCCAGGATATGAGCAAGGAGAGAGGGACAGGCCCCAACACGGCGGGCTCGGCCCGCGCTTAGGCGTCACGCTTCTCGACTGCAAACAGGCGCGGCGGGTCGTTGCTCCAATTCGGAAACCGATAGGACAAGGCCCGAAACTGCGCCTGCGGGAGGGCCGACGCCCAGGCCTCCACGGCGTCGGCCTCTTCGTCTCCCCCCTCATGGCCCGTATAGGCGACCACCGTGATGACGCCGCCCGGGCGGAGCGCCTCCGTACCGGCATCGAGGGCCTGACGGGTCGTCTCGGGGCGAGTCACAACCGAGTGATCTCCGCCGGGCAGGTAGCCCAGGTTAAACATGATGGCGCCGACCCGCCCCCGCTCCGCCTCTTCTAGGTGCCGGGCGAGGGTCTGATGCCCCGCATGCACCAGCCGAACGGGGGCACTGAGGGCTTCCCGCTCGAGGCGGTGTCGCGTCTCGACCAGGGCCTCCTCCTGCACGTCGAATCCCACGACGGCCCCGCCCGCCCCGACCGCTTGGGCCAGGAACGCGGTGTCGTGTCCGTTGCCGACCGTGGCGTCGACCGCAATCCCGCCCTCTCCGACCGCCCGGCCGGCGAGGGCGTGCGCCTGCTCCAGGATCGACGGAATCACCATGTGGACGGGATCAGGGCTGTTGCGGGGCAGCGTGTGCGGTTGATCAGGGGGCGAGGACGCTCCGGAAACGCGCGACCAAACTCCTCAAATTCCGAAAGGGCGAGGAATCTCACGCCCCGCCAGTCCGTGAGGCAGAGAAAGACTTATGCCGAGCCCACTCGCCCCCATGGCCGTTTTCGTTGACCTTGACGAGCGAAGTTACACCGTTCATTTCGATTCCCTCGCCACGGTCCCGTCTCTGCTAGAAGACGTTGGGCTCGCGGCCGGACGGTGTCTCCTCGTCACCGACGAGAACGTGGCCCGCCACTACAAGACACCACTCATCGAGGGCCTTTCCAACGCAGGCTGGACGGTGCGTTCCCTCGTCCTCCCCCCTGGCGAGCAGACCAAATCGGCCTCGTGCCTTCACCGCATCTACGACGACGCCCTCGCCTGGGGCATCGATCGGCAGACCCCGGTGCTCGCCCTCGGGGGCGGCGTCGTCGGCGACCTGGCCGGGTTCGCCGCGGCCACCCTCCTGCGCGGGCTGCCCCTCGTGCAACTGCCAACCTCCCTTCTCGCCCAGGTCGACGCGTCGGTGGGGGGCAAAACGGCCATCAACCATGACACCGGCAAGAACCTGATCGGCGCCTTCTACCAGCCGGAGCTCGTCTGCGCCGACCCGCAGACGCTCGATACCCTGCCGATGCGGGAGTACACAAGCGGCATGGCGGAGGTGATTAAACACGCCCTCATCCGCGCCCCCGATCTCTTCGAGGCCTTGGAAGACCACCTGGTCCCCGTCATGGCCCGCAAAGATCGGGAGATTGTCTCGTCGGTGATTGAGGACGCCGTGGGCGTGAAGGCCGACGTCGTCAGTGCCGACGAACGGGAGGAGGGCCGGCGCGCCATTCTTAACTTCGGTCACACCTTCGCCCACGCCCTCGAACGCGTGGCGGGGTACGGGGCGTTTACCCACGGCGAGGCCGTCGCCATCGGAATGCGGGCGGGGCTCTACCTTTCCCATCAGCGCCATCCCGAGGCGGTGCCTCGCGAGCGACTCGATCATGTGATCCGTGCCGTGCCGATTGAATCCGACCCCGCCGAGGTGCCCTTTCCCGACCTCTACGCAGCGATGGCGGCGGACAAGAAAAATGAGGGGGGCACCATCCGCTTCGTGCTCCTCGAACAGTTGGGCCAGGCGTACGTGACCGGCGATGTCACGGAGGCCGACGCCCGTCATGCCTGGCAGTTTGCGTGTTCGAACTGAAA
NZ_CP169425.1_gap44	1903868	1905341	1473	CCATGAGCATGGACGTGAAGGCCGACTTCCCCGACGAGGTGGAGGCCGAGGCCGAGAGCATTCCCGTGAAGATTCCCGAGGATGAGATTGAGCGCCGTCGCGACCTGCGCGACAAGCCGGTCTTTACGATCGACCCGGTCGACGCCAAGGACTTCGACGACGCCGTCCACGTCGAGGAGCTCGACAACGGCAACTACGAGGTGGGCGTCCACATCGCGGACGTGAGCCACTACGTCGAGCCCGACACGGCCATCGACGCGGAGGCGCTGGAGCGCGGCACGAGCGTGTACCTCGTGGACCGCACCATCCCCATGCTTCCCGAGAAGCTCTCGAACAAGGTCTGCTCCCTGCGGCCCCACGAGGACAAGCTCGCCTTCTCCATCTTGATGGAGCTGACGACGGAGGGCGACGTGGTGGACTACGAGATTTGCGAAACGGTCATCCACTCGAAGGAGCGCCTCACCTACGACCGTGCTCAAGACTACATCGAGGGCGGCTACCCCGACGACAAGATGGCGGCGGACGTGGTGCAGGCCAACCGGCTTGCCAAAACCATCACCCGGCGCCGGATGCAGGAGGGCGCCATCGACTTCGGCTCCGACGAGGTAAACGTGATCCTGGACGACGACGGCACCCCCACGAACATTGTGCGGAAGGAACGGCTCCAGGCCAACCGCCTCATTGAAGAGTTCATGCTGCTCGCCAACCGGACCGTTGCGAAGCACATCGCCGCGCCGGAGCACGTGGACCGCCACCGCTCGAACGGCACCGACGAGCCGCTTCCGTTCGTGTACCGGGTGCACGACAGCCCAGACAGCGAAGAGATTCAGCAGCTCGCCGAATACGTTCGCGTCTTCGACCACGAACTGCCCCTGACCGACGGCAACGCACGTTCCTCGGACCTCGGGGCCCTCATCGACGAGGTCCAGGGCCAGCCCGAGGAGCAGGTCATCGTGCGGGCGGCGCTCCGCGCCATGTCGAAGGCCGAGTACGCCGTCGGCAACATCGGCCACTACGGCCTCGGCTTCGACTACTACTCCCACTTCACGAGCCCCATCCGGCGGTACCCCGACCTCATGGTACACCGGCTCCTAAAGCGGTACGCCAAGGGCGGCTCCCCCGCCGACATCGAAGACCTCGCGGCTCGGTGCGAGCACTGCTCCGAACAGGAGCGAAATGCGGAGGAGGCCGAGCGGGAGTCCGTGAAGCTCAAGCAGGTCGAGTACGTGAAAAACCACGTCGGCGAAGAATTCGACGGGGTCGTCAGCGGCGTGACGAAGTTTGGGGTCTTCGTCGAGATCACCGACCTGCTCGTGGAGGGACTGGTCCACGTCCGCGAAATGAACGACTACTACGTGTACGACGAGTCGACGTACACGCTTCGGGGCGAAAACAACGGCACCTCCTACCGGCCCGGCGATTCGGTCCGTGTGGAGGTGGCGAGCGCCAGCGTCGAGGACCGCGAGATCGACC
NZ_CP169425.1_gap45	1914352	1915953	1601	GTTTCCATACAGGCGGAGTAGACTGATGAACAGCCAATGGAGTAGCCCGAACGTCCCCACCCCGCACAAGTTCGTTCGGGCCGGTTGCCCCCACTTACGCGTCGCCGGGACCGTTCGCCACGAATTGCGCCGCCGCGGGACGCGCGCCCGATGCCAGACAGACGCCGCACAACGATGCTCCCGTGAGGGCCCACCAGAGAGATGCCGTCGAAGACCCAACGGTCCAGAACCAGACAAGACGATGCATTCGGGATCCATCGATTGTCGGCCCTCGGACGTCTGAACCCCAGTGCGCGGAGGGCGTTGTCCCGACTCGAAAACGAGGCACCAAAATGGGTGCCTCTCGGGCCTTCTCTGCAATGCCCCCCCGGCTACGGCCGCACTCCCGCTCTACTCAGTGTCCGTTCTGACCAATGACATTCACCCTCGAAGCCCGCTGGTTCGGCTCCGCCCCCCTCCCCGATGCCCTCCGACAATGGTTCGCCGCACTGGGGGCGGTGGAGACCTCTACCCAGACCGACCTGTACCTCCCCGCAGAGGATCCTGCGTTCAACCTGAAGATGCGAGACGGACAGCTCCAGATCAAGCGCCGGCTCGCCGGCCCCCTCAGTACTGCCTTCAGCGACGCGGCGAGTGGACGCTGCGAACAGTGGGGAAAGTGGACCTTGGATCTGGCCGACCCGCCGGTCGCTGTTTGGGACGACGATCCCACAGACCTGTGGGTGGCCGTGGAGAAGACGCGCCACCAACTGTCGTTTGCCCCGGAGGAGCAGTCTGCCCTCTCGGAACGCCTGCCCACCACCCCCGCAGCGACCCTTGACGCCGAACTGACGACCGTGGAGGCCGCCACGGACACCGCCTGGACCTTCTGCCTAGAGGCTGAGGGGCCTGTGGCAAGCCTCGTGGACACGCTCACGGCGGCCGGCCCCGCCGTATTGGACGAGACGCTGCCGGTCGCCCTTGCCCCCAACCAGTCGTTTGGGTACGTACGCTGGCTGCAGCAGCGCCCCTCCGTTACGACACGCCCCGCCTCCGGTGTCCAAATTCCCCGCAACTAGCCGGGCATCCTTCTTCGGAACGCCGGGGGATCGCCCTCCTCTACAGGGGGGCCACCTGCCCCACCCCCACTGCGTGGGGCGCACCCGAGGCAGAGTGGGCGATCCGGCCCATCGAGAGGCGTAGAACCTGTCGTAATTCGTGCCCCGAGGCTGCACCTCGACCGTGGCCCGATTTTCGGCCCATCGGGGCTCGTCCTCGCGGGTCGGTTCAAAATCAGAACGGGCTCCTAGGGGCAACTCCACTGCGGAGCTTCCTACAAAGCAAAGCCCCCCACGCACACCGTCTGTCGGTTCTCCGAAGAATCGTTGACGACAGCCTCTGGGAGGGACCTGTGTCCCTACGCAGTGCTAGAAGTGAAAGGGGCAAGCCCCATCGGCCATCCGGTCCTGGCGCGCACCGATGCCACCACGATTCGCGTTGGAGGCCGCGACCACGCATGTTTTTGAGAAAATGGGGGGCTCTGTACCGCAAATGCGACTCCACTCTACACCGTGAGAGATTCTCCTCGGCCACGCCCCTCGGCGTGGCTCCTCCTTTGCACG
NZ_CP169425.1_gap46	1919945	1921194	1249	GGATCACTCGCCTCGGGGCGTGCATGCCATCTACAGTCGGTCCATCTACAGTCGGTCGGTCAAAGCATCCGGAGCCCGTAGGCGCCGTGAATAAGCCCAACGCAAAGGTGTATCAGCAGCTTCTTGAGCTCGAACGGCAGGCCCGTCCCTGCCTTTTGGTTCTCCCAGAGACTGTCATCGCCGCGAAGACGATTCAGCGCGTTGACGACCGCTCCGCCTCCGTGCCGACGGTGCGTGTGATTGGTTCCACCGGCGAAAAGAGGGACGTCCCACTCCGGCTCATCGAGAGCATCGAGCTCCCGGTGTGATGGGTGGCCCTCAAGGAGGCGACACGACTGGTCAGTCGTCGTGTTGCTCACGGGCTTGCTGTTCCCTCGACCAGTCAGAAGAGGCACGTTGCTCACTGCCAAACCGTCTCTCGAGCAAAAGACCCGCCCATTTTTCCCCTGTGCTGCTTCCTGCACTCTTCCCACTGAATGCCCCCCCGACGTGCGCACGCACCGCGGTCGTGGTGCTCACCGTGGCGCTCCTGCCACTGGCCGCCGAGGCGCAGGTGCTCGACACGCTGGCGACGGGGTCTGATTCAGTAGATTACGAGGTTGAGACGTACTTCGTGAAGGTGGACACCGCCTCGTTCTTCAAGCCGCATGACGACAAGAAGGCCGTCCGGGCCCTTCTCAACCGGACTGGAAGGGGACGATGCAGGGTGGTGACCGTAGTGCGCGCAGTTAACCAACGGAAGGCGAACGTACTTGCCAAACGCTACAGCGGGGGGGTCATTAACATGCGTCTCATCGTACGATGTGCACCGCTCCCCCCCACCCGATCTTCCGTTCCCACCCTCACACTAAGCCAAGGGCGAGGAGGGCCCCCTGAATCCAAACAACGAGCTGCATCGCTCCCGGCGTGGAGTACCAGAAGATCTAGTCTCTTCTCAGCAGCGATTCAAGAGCAGTGACAGTCTCTGTCTGAACTGCGTCACGCCCGGCCGGTCCGGACTGTCCGATGACCCAGGGGGCCCGCAGGTGCAGAGAGTGCGGCGCCTCGAACATCGTCGACAACGGCGGTCGTCACTTCGGGAAGGGCGCGCGAGCGATTCTGTCACCTACCAATCGCCGCCGAAGAGATGCTCCGAGTCGATTACTGATTGGTCAGGTCGCAGATGCCTGAGGCGTCCTACTTGCCTACGACGTTGACCGACAAGGGCGCATTGATGGCAGAACCGGAGATGACGTTCTGCTGAGACAGG
NZ_CP169425.1_gap47	1996686	1998345	1659	GACCGGCCCAGGTCGATCCAGAGCTCGTTCCGGCCCTCCTTCCGCTCCACAGAACGACGTGTGCCCCGCTCTCCGATCTCCCAGGCCCGCCGCACGGACAGACGGCGGTCGAGATTGAGGACCAGGACCTCCAGCGGCTCCTCGACGACCGCCCGCACCTCGACCGTCCCTTCAATTCGCTCGCGGGCCGGGTCCACCGCGACGTCCAGGTCGTAGTGAAATACATCGTAGGCCGCCTGCTCGGGCGGGAGCGACCCGCCCGAATCCTGCGCCGAGGTGGAAGAGCACCCCCCAAGCCCCGAGAAGAGCAGGAGCAGCACGAGGATCCGGACGGAACGGCGACAGACCATTGAGGCAGTGGATCGAAATGACAGAGCTCCCCCGCCGCCGGCTCTCAGGCCGCCGCTCATCGACCGGTCAAGAAGATTTCCGCGTACGCCCAGACGCTGCCCAGGGCGAACCCGCAGGCGCTCCCCACGAGCCCGACGAGGAGAACATCGAATAGAAAGAGGCCGGTTCCGTGCATCGTGAGCGGATCGTACAGAAACACGGACACAGTGAGCACCGCGCAGGCCGGGATCGTAATTTTATTTTTTTCGCGGATGAGCCGATATTCGCCGGACAGCCCCGACACGCGATCGACGACCTCTTTGCGCACTCGCACCTTCTCCGCACTGCGCCACCGCTCCGCGAACGACCGCCGTCGGCCGCGCCCGCTCGCCCCCTCGTCGTCCGAGGAGTCTCCGTTGCGGGCGCCCCGCGACCAACGCTCGTCCTCCGAATCGCTCAGGGTCTCGAAGGCCTCTCGGACCCGCAAAAACTCGCGCTGGGCCTCTTCTTTTTCCCCCTCGTCGGCCTGGTCGGGGTGGCACTCCAGCGCGCGTCGGCGGAACGCGTGCTTGATTTCCTCCTGGGACGCCCCCGGGTTGATCCCCAAAATGTCGTGGTACGTGCTCATGGCGCCACGCAACCGGCTGCAACGGACAGGACTCGTGCCCCTTCGTGGTTCGTTGAACCCGTCCGCGGACCGTCTGTTGCGGCGCGGTCAGTCCGCCAGCGTCTCCTTCATCTCCGCCAGCTTCATGAGCGCCTCGACCGGCGTGATTCGGTTCGGATCGATCTCGCCGAGCATCTCCTTGATCTCTTCCGCCGCCGGGTCCGGCTGCCCGAAGAGGTGCATCTGATTGGCCTGACTGTCCTCCAGGTCCGGCACCGCGTCGGCCTCGCCCTTCTTGGCACGCACCCCGTCCCCCGAGGGCGGGTCCTCCGAGGGCGGGTCCTCCGAGGGGGCCCCGTCCGCCTCGTCGGCCCCCACCTCCAGGTGCTGGCTCTCCAGGTTCTGGAGGACCTCCCGAGCCCGGGCGATCACCGCGTCCGGCAGGCCCGCCATCTTCGCCACCTCGATGCCGTAGGAGTGATCCGCGCCCCCCGGAATGAGCTTGCGGAGGAAGACGATCTCGCCCTCGTGCTCGCTCACCTGGATGCGGTAGTTGTGCACCCGCTCCAGGCGGTCGGCCATCGCGTTGAGCTCGTGGTAGTGCGTAGCGAAGAGGGTCCGCGCCGCCACCTCGGGCCGCTCGTGCAGGTACTCCACGATGGCCCAGGCGATCGAGAGGCCGTCGAACGTGGACGTGCCGCGCCCCACCTCGTCGAACAGGA
NZ_CP169425.1_gap48	2038225	2042020	3795	TTTCTTTTCGCTGAAAATGACCGAACCCAACCAACCGTCTGATGGCTGTTTTTCTTCCGGGTCGCCTATGTGACACGGTAGTTGACCACGACCGGTTGCCTTTCACTACCATTGTAATAATGAGTTCGGGGCTCGTCCATTTCCCATTGGGGAATGCGTTCAAGGACCCATCGGGTGCGTACAGTACGCTGTGTCTTTCGATTATCGGCACGTCAGGCCCCCGATGTGCCCGGGGGCAAAGCATTTTCCCCTGGCGGAGTGGATCGCCGAGGCGTCCCGGAACGATCACCCCGAGAACGTCGAGGGGCCGTGTGTTGCTCCGCACTGCGCAGGAGAAGGCGGCGTCCGGACGTGTACGATCTCACAGCAAATTTGCCGGCGAGGTGCTAGCATTTACTGTTCCCCACCCGCATCTTGGGGAAACGAGTAGCGTACGTCCCGTCCTACTGCCCAACCGCCGGCCGGTCAATGCGTCTCGCTGTCTTTGCTTCCGGGGAAGGCACCAACTTCCAGGCCATTCTCGACGCGGTCGGCGGTGACCGCCTCCCGGCCGAGGTGGCGTGTTGCATCAGCAACACCAAGGACGCCGGAGCGCTCAAGCGGGCGGATCAACACGACGTGCCGACGGAGGTGATCCCGCCCGCGTCGTTCGAGAGTCCCGAGGCCTTCGGGCACGCACTCCTTGATGGCCTAGCCGCACACGACGTGACCTTCGTCGCGCTCGCAGGCTACATGCAGAAAATTCCGCCGAACGTGGTCGACGCCTACCGGGGCTCCATGACGAACATCCACCCCGCGCTCCTCCCGGCCTTCGGCGGCCAGGGCATGTACGGGATGCACGTCCACCGCGCCGTGATCGACTACGGCGTCCACTGGACCGGGGCCACCGTGCACCTGGTGGACGAGGAGTACGACCACGGCCCCATCGTGCTGCAGGAACCAGTCCCCGTCTACGCCGACGACACCCCCGAGGCCCTCGCCAACCGGGTCCGCGAGGTGGAACACCGCCTCTACCCGGAGGCCCTCCGCCTCTTCGCTGCGGGTCGGGTGCACCAGGACGACCGCTGCATCCGGATCGACGCCCCCGACCATCCCCGTCGCTCCCCCACTGATTCAGAATAACTCCCTCTCCCCCCTCCGCATGCCCCCCGACGCCCCCTCGCCCGTTCGCCGCGCCCTTCTCTCCGTCTACGACAAGACCGGCATCGCCGACTTCGCACGGCGGCTCCGATCGCTCGACGTAGAACTCATCTCCACCGGCGGAACCGCCGACACGCTCCGCGACGCCGGCATCGACGTCACCGACGTGGCCGACGTGACGGGCGTGCCCGAGGTGCTGGAGGGACGCGTCAAGACCCTCCACCCGGCCCTCCACGCCGGCATCCTCGCCCGCCGCTCGCGCGAGGACGACATGGCGGCACTGGACGAACACGACTACGCCCCCATCGACCTCGTCGTTGGCAACCTCTACCCCTTCTCCGAAGCGGTCCAGGATCCCGACGCCGACCCGGAGACGGTCATGGAGTACGTCGACATCGGCGGCCCGACGATGCTGCGCGCCGCGGCCAAGAACCACTTTGACGTCGGCGTGGTCTCGGCCCCCGACCAGTACGCCGCCGCCGCCGATGAGCTGGAGCAGAACGACGGACACCTCTCCGCCCCCACACGCCGGCGCCTCGCCGAGGCGGCCTTCGCCCACACGGCCGCCTACGACCAGGACATCGACGCGCACCTGTCTCGCGCCTCCGGGGCCGATGCGGACGGCGATGGCGACCTCCAGCCCACCTACAACGTCGCGTTGCCCCAGGCGCAGTCCCTTCGGTACGGCGAGAACCCGCACCAGGAGGGCGCCCTCTACGGCGATCCGTCCCCGTTCTACGACAAGCTGCACGGCAGGGCCCTCTCCTACAACAACCTGCTCGACACGAGCAGCGCCCTCGCGCTCATCGACGAGTTTCGCGACGCGGGGCCGACCTGTGCGATCCTCAAACACACCAACCCCAGCGGCGTCGCCACCGCCGACACCCTGGAGGAGGCGTGGCACCAGGCCTTTGCCACCGACACCCAGTCTCCCTACGGCGGCATCGTCGTCGTAAACCAGGCCCTCGACCAGGCCACCGCGGAGGCCATCGACGAGATCTTTACCGAGATCGTCATTGCGCCCGAGTTTGAACCCGGCGTGCTCGAGTTCCTCACGGAGCAGGACCGGCGCCGGGTCGTCCGGGCCAAACAGCCGGCTCGGGGCACCGACCGGCTGGACGTCCGCTCCGTGCTGGGCGGGCTGCTGGTGCAGACGCGCGACCCGGCGCTGCCCCCCGCCGCCACCGCCCGGGACGGCTGGGAGGTCCCGACCGCCCGCGCCCCCTCCGACGACGAGCGCGCCGACCTCGACTTTGCCTGGCGCGTGGCCAAGCACGTGAAGAGCAACGCGATCGTGTACGCCCGCGATCAGGCCACCCTCGGCGTCGGGGCCGGGCAGATGAGCCGCATCGACGCCTCCGAGCTGGCGGTGTTCAAGGCCGAAAAGTCGGAACTTGACCTCACCGGCTCCGTGGTAGCGTCCGACGCATTTTTCCCGTTTGCCGACGGCCTGGAAGCCGCGGCCAACGAAGGGGCTCGCGCGGCCATTCAGCCCGGTGGGTCCATCCGCGACGACGACGTCATCGAGGCCGCCGACGCCCACGACGTGGCCATGATTCTCACCGGTCAGCGGCATTTCCGGCACTGAGCGCACGCCGGGGAGCGCCCTCCACGCTCGGAAGGGCCGCCGTGCTCGCGCCCCCTTCCGGGCGCAGGCCATTTCTGAACCGCCGCCCCCACCGTCTCTGCTCCACCGGCCGGCTCAGCCACACCCCCGTTCTCCTCCTCCGGCCCTCATCCGTACAGAACAATCGATGTTTTTCAACCTCTCTCAGGACGTTGCCATTGACCTCGGGACGGCGAACACCCTCGTGTACATCCGCGGTGAGGGCATTGTCCTTAACGAGCCGAGCATCGTCGTGGTCGATTCCGACACGAACGAAGTGCGGGAGATTGGCCACGAGGCCCTCCAGATGCACGAGCGCACCCACCAGGACATCGAGACGATCTGGCCGTTGCGGGACGGCGTCATCGCCGATTTCAAGGTCGCCGAGGAGATGATCCAGGGCCTGCTCCGGAAGGTCAAGAACAACTGGCTCACCTCCATCCGGAGCATGGTCGTGTGCGTCCCGAGCGGCATCACGGAGGTCGAAAAGCGCGCCGTGCGGGACTCCGCCGAGCACGCTGGGGCCCGGAAGGTCAACCTCGTGTCCGAACCGATGGCGGCGGCCATCGGCATTGGCCTCGACATCCAGGAGGCCGTAGGCAACATGGTCGTGGACATTGGCGGCGGGACGACCGAAATTGCCGTGATTGCCCTCTCCGGCATCGTGCTGGACGAGTCGCTCCGGGTCGGAGGGGCCGAACTCGACAAGGCAATCGTGCAGTATTTCAAGCGCAATCACAATCTGCTCATCGGCTCCCGGACCGCCGAGCGCATCAAATGTGAGGTGGGCAGCGCCATCGAGCTCGACACAGAGCTGGACCTGTCCGTAAAAGGACGCGACCTCGTGAGCGGGATCCCCAAGGTGCGCACGATCTCGTCGGTCAATGTGCGCGAGGCCCTCCACGACAACCTCGAACAGATCAGCGCCGCCGTCCTGCGCACGCTCGAGCGCACCCCCCCGGAGCTGGGGGCGGACGTGCTGGAGCGGGGCATCATGATGACCGGGGGTGGGGCCCTCCTCGAAGGCATCGACCAGATGCTCCGCGACC
NZ_CP169425.1_gap49	2069219	2073777	4558	TTGCGGCGGGCGCCGGGGCGACCGTGGCCAAGCACGGCAACCGCTCGGTCTCGTCCCAGTCCGGCTCCGCCGACGTCCTGGAGGCCCTAGGCGTACAGATCGACCTCGAAAAGGAGGGCGTGGAGCACTGCCTCCACGAGGCCGGCATCGCGTTCCTGTTCGCCCCCTTCTTCCATCCCGCCATGCGGCACGTGATGCCGGTGCGCAAGGCGCTCGGGGTCCGGACCTTCTTCAACATCCTCGGCCCCCTCTGCAACCCGGCCGGCGTCACCCGACAGATCGTGGGCGCCTTCGACACGAGCACGGCCCAGACGATGGTGCGCATCCTCGCCGAGCTCGACGCCGACCACGTCATCACACTCCACGCCGACGACGGGCTGGACGAGGTCAGCATTTCCGCCTCCACCACGCTCTTCGAGTACGACGCCTCCGACCAGAACCCGGTCCCACGGAGTCACGAGGTGGGTCCGGAGCGCCACGACCTGGATCGGGCCTCCATATCCACCCTCGAAGGCGGTACCGCTCAGCAAAACGCCTCCATCCTCCGCAACATCCTGTCCGGGGAGGACCAAGGCCCCCGCCGCGACGTCGCGCTGTTGAACGCCGCCTATGCGCTCCACGTCAGCGACCAGTACGCCGACCTCGACGCCTGCCTGGAGGCCGCCGCGGAGAGCATCGACTCGGGCGCCGCGCTCGACGCCCTCAACACCCTCGCAAGCGTGTCGAAGGAGGCCAAGTCCGAGTAAGGCGCCGGACGGCCCGCGACGGCACGCACCGCGTCCTTCCCAACACCGCCCCCACTCACCGTGAGCATCCTGGACGACATTATCGACGACACCCGCGAGCTCGTGGAGCAGCGGAAACAAGAAACCCCGACCTCGGAGCTCAAGGAGCGTCCGTTCTACGACGAGCGGGAGCCCCTCTCCCTCGCGGAGGCCCTGAAAGAGCGGGGCCTCTCGTTCATCGCGGAGGTCAAAAAGGCGTCTCCCTCCAAGGGCGTCATCCGGGACCCGTTCGATCCCGCCGCCATCGCTCAGCAGTACGCCGAGCACGACGCCGCCGCGATCAGTGTGCTTACGGAGCCGCTCCACTTTGAGGGGGCCCTGGAGCACATGGCCTGGATCCGTGCCCACGTGCCCGAGACGCCGCTGCTGCGAAAAGACTTTATCATCGACCCGTACCAGCTGGTGGAGGCGCGGGCGGTGGGGGCCGACGCGGTCCTGCTCATCGCGACGGCCCTCGACCCGGGTCAGCTCGCCGAGCTGCATGCCGCCGCCACCGAGCTCGGGCTCTCTTGCCTCGTGGAGGTGTACGAGGAGGAGGACCTCGACAAGATCGATTGGGAGCAGGTGAGCGTCCTCGGGGTGAACAACCGAGACCTCCACACCTTCGAGGTCGACCTCGACAACTCGCTCCGCATCTTCGACCAAACCCCGAAGGGGGTCGGGCGCGTGGCCGAAAGCGGGTTGAGCGACCCCGAGACGCTCGTCCGCCTCCGCAAGGCCGGCGTCAACGGCGTCCTGATCGGCGAGCACCTGATGCGTGCGGAGCATCCCGGCGAGGCGCTCTCTCGGCTGCGCGCCGAGGGCAAGAAGATCGCCGCTCAGCAGGCCGGCTAACGGCCACTGGGCGCCGGCCTCGCGACGGCTATCCCTCCATCCGCTTTCCCTAGTCACAGAGCAATGCCCCATGGGAGTTGAGCTCAAAGTTTGCGGCATCACAGAACTCGAAGACGCACGCTACCTGGCGGGCGCCGGGGCCGACTACCTCGGCTTCGTCCAACACGAGGAGAGCGCCCGCTACGCCCCTCCGGCCCTCGCCAGCGACATTATCGAATGGGTGCACGGGCCGGCCCCGGTTGGGGTGTTCGTGAACGACGGCGCCGACACGATCAACGAGGCCGTGGACACCGCCGGCTTCGAGCTTGCCCAGCTCCACGGGCAGGAGCCCGCCCACGTCGTGGAGCGCGTCGACTGCCCCGTGATCAAGGCGATTCACGTGCGGCACGACGCGGCCCCGAACCAGCTCCGGACCCTCTTCGAACGCTACGAAGACGGGGTCGAGTATTTTCTGCTGGACACCCACGACTCGAGCGTGTGGGGCGGCACCGGCGAGTCGTTCAACTGGCGCCTCGCCCGCGAGCTGGCGGAGGACTATCCGGTCTTCCTGGCCGGTGGGCTGAACGCCGACAACGTGGCCCGGGCGCTCGAAACGATGCGCCCGTTCGCCGTCGATTTGTCCAGCAGCCTGGAGTCCGCCCCCGGACAGAAGAGCTTCGAGAAGATCGACGCGTTCATGGATGCGTTTCAGGCCGCGGCGGCCGAGTTGGAAGAAGCCGAAACGCATGACCCCTGACCCGGACCGCAACGCGAGTGTCGCGTAAGAGAGTACCGGTATTCCCGACCGCTATTCACTCTGCAAGAGTTGCCCGCCATGTCCTCTCCCGCTACCACGTCTCGTGCGGACACCCTCCCCGATACCGATGGCCACTTCGGCTCGTACGGGGGAGCGTTCGTGCCGGAGACCCTTACCCCTGTACTGGAGGAGTTGAAGGCCGCCTACGACACGTATAAGGACGACCCGGACTTCCAGGCCGACCTCCGCGCCCTCCTCCGTGAATACGCCGGGCGGCCCACCCCCCTCTCCTACTGCGACCGCCTGACCGAACGGATCGGCGGGGCCCGCATCTACGCGAAGCGGGAAGACCTTTGCCACACCGGGGCCCACAAAATTAACAACACGCTCGGCCAGATCCTGCTGGCGACGCGCATGGGCAAGGAGCGCATCATTGCCGAAACCGGGGCCGGGCAGCACGGGGTGGCCACCGCCACGGTCTGCGCCAAGTTCGGCGTCGACTGCGTGATTTACATGGGGGCGGAGGACATGGAACGCCAGCGCCTCAACGTGGAGCGCATGGAGCTGCTGGGCGCGGAGGTTCGGGCGGCGACCTCGGGCAGCCAAACCCTGAAGGAGGCCACCAACGAGGCCATTCGGGACTGGGTGTCCAACCCGGACGACACGTTCTACATCATCGGCTCCGTCGTGGGCCCGCACCCCTATCCCATGATGGTGCGCAACTTTCACCGGGTGATCGGCACCGAGACGCGTCGCCAGCTCCGTGAGGAGACCGGCCGGGAGACGCCGGACGCCATCGCGGCCTGCGTGGGGGGCGGCTCCAACGCCATCGGCATCTTCCATCCGTTCCTCGACGACCCCGAGGTGCAACTGCACGGGACGGAGGCGGCGGGCGGCGGCCTCGACGGCGACCACGCGGCCACCCTTGCCGAGGGGTCGCCGGGCGTCCTGCACGGGGCGATGAGCTACCTCCTGCAGGACGACGCCGGTCAGGTGAGCCTCGCCCACTCGCTCTCCGCCGGCCTCGACTACCCCGGCGTGGGGCCCGAGCACGCCCACCTGCGCGACGAGGGACGCGTCTCGTACCACCCGGTGACCGACGACGAGGCCCTGGACGGGGTGGAGCTTCTCTCCCAAACGGAAGGCATCATCCCGGCGCTCGAAACGGCGCACGCCGTCGCCCTCCTGCCCGAGCTGGCGCGCACCCTGGCCGAGGAGCGCGGGGACGACGCCGTCCTCGTCTTTAACTGCTCCGGCCGGGGCGACAAGGACATGCAGACCATCGCCGCACACCGGTAAGGACGAGCCGTCCGGTGCCTCTCGCCTCCCCTGCTGCCTTCCCCCGCCCTCCATGTCCCGACTCGACGAGACGTTCGATGCCCTCGGCCCTGACGAAAAGGCCATGGGGCTCTTCCTCACGGACGGGTTCCCGAATCCCGACGCGACCGTCCCCCTGCTCCACGCGATCGATCGCGGGGGGGCTGACTTCATCGAGCTGGGCATGCCCTTCAGCGATCCACTGGCCGAAGGGCGTCCCATCCAGCGGGCCAGCGCCCGGGCCCTCTCCCACGGGGTCACACTGCCCGACACCCTCCGGACCGTCGAGGCGTTTCGGGAGGACAGCGACACGCCCCTCCTGTTGATGGGCTACGTCAACCCGGTGTTCAAGTACGGGGTCGATGCCTTCTGCCGGGACGCGGCGGAGGCCGGCGTCGACGGCCTCATCCTGCCGGACCTGCCCCCGCAGGAGAGCGACGCGCTCTGCGACGCGGCCGCCGCCCACGGCCTGGAGCTGGTCTTCCTGATCGCCCCCAACACCTCCGACGAACGGATTCGGGTCGTCGACGAGCGGGCCACGGGCTTCGTCTACGCCGTGAGCGTAACCGGCCTCACGGGCAGCGACCTGGCCGAGACGCCGAGCGTAGACGAGTATCTGATGCACGCCCGAGATTTTGTGGCACAAAACCCCCTCCTCGTCGGCTTCGGCATCAAGACCCACGACGACGCAATGGAGCTGAGCCGGCACACCGACGGCTTCATTGTCGGCTCCGCCCTCATCAACCGCGTTGAGGCCCTTTGGGAGGACCCGGAGCGGTCGACGACGGACCGCCTCGATACGGTGGAGGGGTTTGCCCGCCACCTCAAATCGGGGACGCCGGTCCCTACCCCTCAACCCAACCCGGCATGAGGCCGGGCGGCGCGC
NZ_CP169425.1_gap50	2076972	2077814	842	CTCGCGCAGTGGGCCTCGTCAACCGCCATGAGCGACACGTCCAGGCGCTCCGCCCGGGCCTGAAAGACCTCCGTCGCGAAGCGCTCGGGGGCCATGTAGACAAGATCGTACTGCCCGTGCTCCGCATTCGTCCAGCGCTGTTCCACCTCGTAGCCGGGGAGGGTGCTGTTGATGAACGTGGCGGCGATGCCCTGAGCCTGAAGCGCCTCCACTTGGTCCTGCATCAGCGCGATGAGCGGCGAGACGACCAGTACGAAGCCATCGCCGAGAACGGCGGGGAGCTGGTAGCACAGCGACTTCCCGCCCCCCGTCGGCATCACACCCAGTACGTTGCGGCCTTCCAGGAGCGGCTCCAGCACCGCCTCCTGGCCGGGCCGGAACGACTCGTGCCCCCACCCGCGCTGCATCGCACGGCGCGCCTCCTCAACCGAATGCGACGTCAGGTCGGCCATCAACAAGGGGGGCTCAAGTCAAATTCCATTTTCCGCGATCAGCTATTATGTTTGCCCGGGCGCAGCGTTCGTTCTCTTCCCCACGCGGTTCGGCCGCAGGCCGGTTCTCTCATGTCCGCCCCGCCGGTGTCCATCATCATCGTCACCTGGAACGCGAAGGAGCTGGTGCAGACGTGTCTCCCCTCCGTGGTGGCCACCGACTACCCGAACTTCGAAATTATCCTGGCCGACAACGCCTCCACGGACGGCACCGCGGCCTGGGTCGCCCGCGAACATCCGGAGGTCAAAATCGTCCGCCACCCCGGCAACTGGCTCTTCTGCCGCGGCAACAACGCCGCCCTGCCCCACGCCTCCGGCCGGTTTGTGGTGCTGCTGAACAATGACGTGGAA
NZ_CP169425.1_gap51	2079846	2083885	4039	GCGGCGGGGTCGCTCCAGGGGACCTCGAAGAGACCCGTGGCCGCCAGTGCGAGGGCGCCGAGGAGCAGGTAGACGGTTTGGATGCGTTGGATCATGGCGGTCAGGTCGGGCAATCAGTTACGCTTCAACTTTGCTCGCCACTCGGTCCGAGAGGGCGTCGGCGAACTCGGACGTCGAGGCGTCCCCCCCCACGTCCTGCGTCAGCGTGTCGCCGTCCCGGTACATGGCAAAGAGGGACTGTTCGATCGCCGCGGCCGCCTCGTCCTCGCCAATGTGCTGGAGCATCATCGCGGCCGTCCGGGTCATCGCCGTGGGGTTCGCCACATTCTGGCCCGCAATGTCCGGCGCGCTCCCGTGAACCGCCTCAAAGACCGCCAGCTCGTCCCCGATGTTGGCCCCGGGCGTCACCCCCAGCCCCCCGACGAGCCCGGCCGTCAAGTCACTTAGGATGTCGCCGAAGAGGTTCGTCGACACGATGCAGTCGTAGTTCTCCGGGTTGGTGACGAGCTGCATGCACAGATTGTCGATGATGCTGTCCTCAAACTCAATGTCCGGATACTCCGCCGCCAAATCGCGGCCAATGTCCAGGAAGAGCCCCGACGTTTTCTTGAGAATATTGGCCTTGTGGGCGAGCGTGACGTGCTCACGGCCGTGGGCCTGCGCGTACTCGAAGCAGAAGCGGATGATGCGCTCGGCCCCCCGCTTGGTCACCCGGGCAATCGAGTCCGCAATGTCGAGCCGTTCGTCGTAGTACTCGATGCCGGAGTAGAGCCCCTCCGTATTTTCGCGGAAGATGATCAGGTCGACGTCGTCGAAGGGCGTGTCCAGCCCCTCCAGGCTCGTGGCGGGCCGGACGTTCGAGTACAGGTCCAGGCGCTGACGGAGCTGCACGTTGACACTCGTAAACCCTTGTCCCACCGGCGTCGTCACGGGCCCCTTGAGGGCCGTCCCGCGTTCTTGGATGGAGTCGACGATGTCCGACGGCAACGCGGGGCGCCCTCGTTCGACCGCATTCGCTCCAATCACGCGGTGGCGGTCCCAGTCGATGTCTACACCGGCGGCCTCAATGACTTGGAGGGTCGCCTCGGTAACTTCGGGGCCGATGCCGTCGCCGGGAAGCAGGGTGAGTTGATGAGCCATAGATGGGGATGTGGTTCGGAATCAGTGAGAAAAGCGGAACTGCAATTTGAGGGCCCTCCGTTCCTCGACGCAGGGCCGCGAAAGACACGCCGGGCCAAACAAAAAAGCCCTGCCGGGAAGCAGAGCTTTTTTGGGGCGAGGGCGCAACTCATCAGGACGGAGGGGGGCCCTCGCGGTTGGACGAGTAGTTGATGCGGAGCGCATTCGCCTCTCGGAGCTCCTGCTGCACCTCGTTGACGATCTGCATCTCGGACTCCTGGTCGACCTTGAGAGACACAATCAGCTGCGGCTGCTCCTGCAACTTGTTGTACATGATCTGGCGGATGGTGCGTCGGTTCTCGATCAAGGCGTCATCGATCTGGATCGCGGTGTCGCCCTGATTCTCGCCCCGCTTGAGAGGGCCAATGTGCACCTTCGAGATGAGCCGCTTCTGGTCGATTTTCGTCAAGGCTTCCGCCTGTGGGAGCTGGGTCCGGACCTTGATGTCCGTCTCTCGGAGCACCGTTGCTACCATGAAGAAGATCAGCAGCATGAAGACGATGTCCGGGAGCGAAGCGGTCGTAAACTCCGGCTCCGTGCTCGAGCTTCCCCGTTGAAACTTCTGCGACGCCATGAGAAGGAGGTATCAGTGAACAAAAACGGATGGGTCGGACGCTCCTGTCCGGGAGGCGAAGCCCCTACTCACCGGTGTCGGGCTCGGCAATCGAGATCTGAGCGCCGAAGGTGTCCCGAATCTGATTGTCCTCGTCCGGGCCGAGCTGGTTGTAATACTCCCGGTAGCTCGAATAGGTCTGGTCGAGCCCGGCCGACCCGCCATCGGGGCCCGGAAGCCGGTTGGTCCGGGCAATTTGGTCCCAGATCTCGCGGTACGACATCCACACCTCATCGAGAACCTCGATATACGTGTTGTAGGGCGTCGCCGCGTCGGTCTTGATCGAGATCACCGCGTCGTCCGGGCTCGCGGACAGGCTCGGGTCCTCTCCATAGTTCAGCACGTGCTTCTTGACGCGGTCGCGGATTTCGGCCACGCGAGCCCGCTCCTCGTCGACCAGCACGTCCCCGGAGGCGTTCACCAACACGTTCATGAGGTTGCGCTCCTTCACCGGGGGGGGCTCCTGCTCCGGCTTCAGCTTCGGCGGCAGGGTCATGCCGATTCCGGTGTCGACGTTAATGGTCGTGGTCACCAGAAAGAAAATGAGGAGCAGAAAGGCAATGTCCGCCATTCCCGCGGTCGGGATGGACGCTTCTTCTCGGTCGCTGCGCCGCTTTTCCAGCAGTCCAGGCATAATTGTGAGATCGCTACCGGTGGACAGTTCAGTGCATTGTCGGGGGCCGGGCGGCTACATCATAAAGAGTTTGCGCAGGCCCGTTAACAAGAGGCTCAAGGCAGCCAGGCCAAACATGACGACGAGGGTGTATATGCCCGCCTGGACCCACGTTTGCATCGTGGCCCCGAGGACGGCAATGAGCACCCCGGGGATGGCGATGATGGCGATGCTAAGGGGCTGCACCTTGCCGTACACGAGGCTGCGGAGGCCGAAGATGCCCATGCCCAACAGGCTGAGCCCGGCGAGGGCGATGGCGGCCCAGATGGCAATGGGGAGAATGGCATTTTGACTCATAAAAGGACTATCGGTCTATCGTTGGAAAAAGAGAGAAGGGGACCCGGGAACCAGGCCCCTGCGCCCGCGGGGTCGGCGGCACGCAGGGGGCCGTCCGCATCCCTACTCTTCTCGTTCGCCAACGCTTTCCGGAATTGACTTCTCGGCCGTGGCGGACTCGCCCCGCTCCAGGGCCACGAGCGCGTCGACCAACTCGATGGATGCATCCTCCATTTCGGCCACCAACCGGTCAATCTTCGACACGGCGTAGTTGTAGAAGAATTGAAGGATGACCGCCACGATAAGCCCAAAGGCGGTCGTCAGGAGGGCAATCTTAATGCCGCCGGCCACGAGCCGCGGGGAAATGTCTCCGGCCTGCTCGATCGAGTCAAAGGCCTCGATCATGCCGATAACGGTTCCGAGGAAGCCGAGCATCGGGGCGACGCTAATGAAGAGCGAAAGCCAGACGAGTCCCCGTTCGAGGAAGCTCATCTCGATGGAGCCGTAGGAGACGACCGCCTCTTCTACGGCGTCGATGCCTTCGTCGGCCCGGAGCAGCCCGGCCTGAAAGACAGACGCAACGGGGCCACGCGTGCTGGCGCACTCCTCCTCGGCCGCCGGGATCCCCCCCTCGTCGAGGGCCTCCTTCACACGCTGTAGAAACGCCTGCGTGTTGATGTCGGCACGGTTCAGCGAAATGATGCGCTCAAACGAAATTGCAAGCCCAATGATGAGGCAAATGAGAACGGGCCACATCCACTCGCCCCCCTCGTTGAAGCGTTCAACGAGGGCATTGATGGCACCGCTTCCGCCGGACTGTTGGGGCAGCAGAAGCAGAAGGTGAACCGACAATTTATCCAGGATGACCATAAGTGGCTAGTGCTCAGTCGAGTCTATTGGAGGATGAAAGTCAGGTGTGAGGGGTACGAGACTGGGACAAGCCCGGTTGATGGGACCGGCCGGAGCGGCCCTGAACGCTACACGCCAGCAGGGGGAAGGCCCGTAGAATCAGTCTCTCACAAGCGAATACAGCAGCATGCGTGCAAGCAGATCCGTAGGCTCTGCTTCACAATTACCTAGTATACACAGCCCGGCAGAGGGTGTCAAAGGACGAAATTGACGAATTTACGCGCACCCCGGGTTTTTGCGGCTGCTTTTCGTGAACGAAGTGGGAAGAACACGTTCAGGCAACATTTACGGCCGTGCACAACACGCCGGGGCGCGATTCTCGAAATGCCCCCATTCCCAAGGGACCCGCCCGTCCAGGGTTCCTCTCCGTTCCGCCCCTGACTGCCGTG
NZ_CP169425.1_gap52	2207545	2211176	3631	GTCGTGGTGGGAGTCGTGGTGCAAACGAAAAGGAATTGTGGAAGCGACAAGTACGGACCGTCCGCTCCCGAACCCCAAAGAAAAAGGACGGCTTCCGACAGGGAAGCCGCCCTTTGTGCGTCAGGAATACGTCGTCGTAGCCCGGGAGGACTAGCTGCTTACAGAGCCCGTCTCGTCGAACTCATCGAGGGCGTCGGAGATCTCCTCCGCGTAGGCAGACCCAATGCCGTCGAGGTCGGTGAGGTCGTCCACCTCACGGGCATCCGCAAGGGAGGTCACGCCCGCATTCTCAAGTCGCGAGACGCGTGGGAAGTTCTCCGGAAAGCCGGCCGTTTCGTCGAAGGTGGACGCATCGTCGTCCTCCGACGGCGCCTCGGCGTCGGGCTCGTCGCCCGCCTCGCCCTCAGACGCAGCCTCCTCCTCGTCGGGGGTTTCGGCCTGAGCATCGTCGGCTTCGGCGTCGTCGTCCTCCGCGGCAGTCTCTTCCTCGGCCTCCTCTTCCTCCATCTCACGGCGCAGGTCAGCCAGGCCGGAAAGCTCACCGAGCGTGGTGGGTCCGGTCGTCGGCTCGTCCGGCTCGGGCTCCGGCTCGTCCTTGAAGTCGCGCACGGCCTCTTCCCGCTCGCGCTCTTCTCGGCGGGACTCGCGCTCTTGTTCGTCCTGCTCCTCTTGGCGTTCGGCCTCTTCCTTGGCCGTCTCGCTGAGGACGATGTCCTTCTGGTCCTTGTCGAACCGAATGACCTGCAGTTCGAGCTCGTCGCCTTCGTGGTAGTGGTTTTTGAAGGCCTTCGGGCCGTTCTTCAGCTCACTGCCCGGGACAAAGGCCTCCACGTCCAGCGGCAACTGGACGACGAGGCCCTTGTCCTCCACGCGGACGACCTCGCCGGTTGTGTCGTTGCCCTCCTCGTAGGCGTCGGCAAACTGGTCCCACGGGTTGGTCTTCACCTGCTTGTGGCCCAGCGAGATCCGACGCCGCTCCTCGTCGATATTGAGGATCACGACATCGAGCTCCTGTTCCTCATCGACCATGTCGCCCGGGTGGCGAATCTTCTTGGTCCAGGAGAGGTCCGAGACGTGCACCAGCCCGTCGATGCCGGGCTCGATCTCGACGAAGACGCCGAAGTTGGTGATGTTGCGCACCGTGCCGGTAAGCACCGTGCCCGCCGGGTAGCGGTCGCTGATGCCTTCCCAGGGATCGGGCTCCAGCTGCTTCATCCCGAGCGAGATCTTCCGCTCCTCCTGATCGATGTTGAGAATCTTGACATCGACCACCTGGCCGAGCGACACCATTTGACTGGGGTGCTCGATGTGGCGCGTCCACGACATCTCACTGATGTGGACGAGCCCCTCGATGCCCTTCTCAATTTCGACGAAGGCCCCGTAGTTCGTGATCGAGACGACCTTCCCCTCCACCACGTCGCCCTCGTCGTACTTGTTGCCGATCTGATCCCAGGGATGGTCCCGAAGCTGCTTCAGGCCGAGGGAAATGCGCTGGCGCTCCTCCTCGTAGTCGAGGACCACAACTTCGAGCTCCTGGTCGAGCTCCACGACCTCGCTCGGGTGCGAGACGCGGCCCCAGGACAGATCCGTAATGTGCAGAAGCCCGTCGACGCCCCCCAGGTCGATGAAGACCCCAAAGTCGACGATGTTCTTGACGGTGCCCTCAAGCACCTGACCAACCTCGAGCTGCTCAAGAATTTCTTGTCGCTGCTCCTCGAGCTCGTGCTCGATGAGCTCGCGGTGCGAGACGACGATGTTCTCGTTCTCGGGGTTGAGCTTGACGATCTTGAATTCCATCCGCGTCTCCAGGTAGGACTCGAAGTCCCGAACCGGGCGGACGTCGATCTGCGAGCCGGGCAGGAAGGCCTCCATTCCGTCGAAGAGCTCCACGATCATACCGCCCTTGATGCGGCGGATGATCGTGCCTTCGATGACCTCCTCGTTCTCGTAGATCTCTTCGACACGCTGCCAGCGTCGGACCTTGTCGGCCTGCTCCTTCGAGAGCACGAGCTGCCCGTCGCGGTCTTCCTTCCGCTCCAGGTACACCTCCACGGTGTCTCCGGGGTGGATCTCCTCCTCCCCGAACTCGTCCCGGGAGACAATCCCGTCGCTCTTGTAGCCGATGTCGATCACCACGTAGTCTTCGTTGACCCGAAGCACGCGGCCTTCCACGATGTCCTGTTCGCGGACATCGATGGAGGTCTCGTCGACGACATCGCGGAACTGGTCGTACACCGAGGTGTCGGCCGGGGCCTGCTCCTCGGTCTCCAGCTCGTCGAGCGAAACCGTCTCTCCATAGGTCTCGCCCGTGAAGCCCTGTGCCTCTTCCGTCCGTTCGAGCTCGTCGGGCGAGACGGTCTCCGTTGGCTCATCAAACTCGGACACGTCGACCGAAGCCTCGTCGCCCGACGGCATCGGGAGGTCCTGGGAAGCTTCCTCGACGGCCTCCTCGAGAATGCGGCTCACGAAGCCGGGCTCCGGCGGGGGATCCGCAGGGGCCCCGTCGCCGCTCTCGTCCGCAGCATCCGCCGGGGCGTCCTCGGCGGGCGCCGGCTCTTCGGCGGCGGGCTCGTCGACGTCTTCGCCCCCCGCGTCCGGGGTCGACGGGGCCTCGGGGTCCGCGGCCTCCACGTCGTCCCCCGAATCCGCAGCGTCGGCGGGCGGCGCTTCGGCCTCGGCCGCCTCCTCTGCCTCGGCGGGAGCGGGCTGAGCGTCAGCAGTATCTTGAGTGTCGTCCTTGGAAGCTACTTGTTCTTGTTCTGCCATATACGGTGTGGTAGGTTTGCGCGGCGCTGGCCCTCTCGCCGGCCAGCGACAAGTGCAATTTGTACCTGCCTGGTCCTGACAGTCCAGGAGGGAAGGTGAAGAGGGTGAAGGAAGCCTGCGGACGGATCCGTCCGCATCAAAGCACAGGTTTGAATGTCAGGCGGGCCCGTAGTGAGCACGAGTGACTCACTGATAGGCGACAGTTGTATCATGCCCGGACCTCTACGTTCCACGGCCGTCCTGAGCTTTAACGCGATCTACGACAAAGTCAACCTGCTCCGCAATGGTACAGTCGGTCGTGTCGAAGACGATGGCGTCGTCGGCACGCCGAAGGGGGGCGATGTCCCGGGTCCGGTCCTGCTGGTCCCGCTGTTCGATCTCGGCGCGGACCTCTTCGAAGGTCACCTCCTCCCCTGCTGCCTCGTATTCCTGAAGCCGGCGCCGGGCCCGCTCGTCGATGTCGGCCACCATGAAAATCTTGACCGGGGCCTTCGGGAAGACGACCGTGCCGGTGTCGCGTCCGTCCAGCACCACGCCGCCGTGTCGGTCGGCCTGGGCGCGCCCAATCCGACGCTGCTGCTCCACCATGTACTCACGAACCGGCGCCAGGGTCGAGATGTCGCTCACGACGCGTCCCACTTCCGCGCTTCGGATGCGGTCGGTCACGGCGTCGTCGCCGAGGAAGACCTGCATCGTGTCGCCCCGGTACTCCACGTCGACCGTCAGGGACGGGAGCACGGCCTCCGCCCCCGAGCGGGTGGCGGGCGCCTCGGCCCGCAGAAAGCCGAGGGCCACGGCCCGGTACATGGCCCCCGTGTCCAGATATACGTATTCGAGCCGGGCGGCGGCGCGTTGGGCCGTGGTG
NZ_CP169425.1_gap53	2221364	2222834	1470	ATGCGATCCTGGACCAGCCCGCAGATGGTCTGGAGGCGATCGTCACTCACGTCGTAGCCGGCCGCCTCCACGTGGGGACGGGCCTTTTCCGCGAGCGCGTCGACCGAGAGGGCGCGGACGTAGTGCTCGTTGACCCAGCGCAGCTTGTCGAGGTCGAACTGCACGCCACTGGCCCCCACACGATCGAGACTGAATGTCTCGACCATCTCGTCGAGGGCGAAGAGCTCCTCCTCCGTCCCGGGGCTCCAGCCCAGGAGCGCGAGAAAGTTGAGGAGCGCCTCGGGCTCGTAGCCGGCCTCCCGGTAGTCCATGACGTAGACCGGAATGCCCAGCTCGTTGGCGTCCCGCTTCGAGAGCTTCCCGCCGTTCGGGCTCAGAATCAGCGGCAGGTGCGCAAAGGCGGGCGGCTCCCACCCTAGAGCATCGTACATGAGCACGTGCTTCGGGGTCGACGAGAGCCACTCCTCGCCCCGAATCACGTGCGAGATGTTCATGAGGTGATCGTCGACGATGTTGGCCAGGTGGTAGGTGGGCATGCCGTCGGACTTCACCAACACCTGGTCGTCGATTTCCGAGGTGTCGAAGGACACGGTGCCGCGGATTTCGTCCTCGACCTGCACCGACTCCTGGCGCGGGACCTTGAGCCGAATGACGTAGTCGTCGCCCTCATCGATGCGCTGTTCGACCTTCTCGTCGGACAGGGTCAGCGAATTTCGCATCTGGCGACGCGTCGAGCCGTCGTATGCCCCATGCTCTTCCCGTAGCTCTTCGAGCTCCTCTTCCGTGTCGAAGGCGTAGTACGCCCGGCCGGCCTCAACGAGCTTCTGGGCGTACTCGTGGTAGTGCTCCGAGCGCTCGGACTGCCGGTACGGGGCGTAGTCCCCGCCCTGCTCGGGGCCCTCGTCGTGCTCCAGCCCCGTCCAGGCGAGGGCCTCCCGAATGTCGTCTTCGGCCCCGGGTTCGTAGCGGGCCTGGTCGGTGTCCTCGATTCGCAGCACGAAATCGCCGTCGTGCTTGCGGGCGAAGAGATAGTTATACAGGGCCGTTCGCAGCCCACCGATGTGGAGGCGACCGGTCGGGCTTGGTGCGAAGCGAACACGAACAGGGGCGTCGGAAGCCATCGTGGACGAGATCGGTGCGTCAGAGAAAGAAGTCGAGACAGGGCACGGGCCCACCCGCCCTGGCGTGTCTGATCGAACAGCGCCGACCAAACAACACGCGGTGCGGAGTTATCAGACGGCACTTTGTAAAGTGGGGTCGCCCCCCGGTTCCCCCACGCACTGGAATTGGCGGGGGATTTGCGAAGCACAATTCCCACTGTCGCCGAGACCAGTCGAGCATGGCGACACGGCTTCGTATCAATCCCTGGTGCAGACGAGGGCTTTCGGTTGGAATCTGCGAGTCCGGGTCGGTAGCATGTAAATGTTTCTCCGGGCCTCTCGTCAAACCGGTGCCCCATTTGTGCGGCCT
NZ_CP169425.1_gap54	2224753	2225458	705	GGTGCTGCGCCGGCTTCGGGAGCGCTACGACGCGGAGGCGTTCCCGGAACGCCTCCGCCCCCCAGTCAGTGACGCCCCCACCGCCCCTTGATCGCACGGCTTTCTCTGCACCCATGCCCGTCACCGCCCTCCACGCCACGCGCCTCCGTGTCCTCCTTGTGCTTCTTCTCAGCGCAGGGCTGGCCGGATGCCAGACCGAGGCCCCGCCCGACTCGTACGTGGCCCGCGTGGGGACCCACTACTTGACTGGGGCCGACCTAGACCGGATGCTCGCCGGCATGGGCCCTGTTCGCGACTCCACCGAAGCCCGGAAACAGGCAGTCGACCAGTGGGTGACCCGCACGCTCCTGTACCGGGAGGCCGAGCGGCTGAACCTGAGCTCCAACGACGAGGTCCAGCAGCGGTTGCGGCGCCAGCGGCGCGCCGTTCTCGTGTCGGCCCTGCGCACACGGCTCGAAGAGGAGGCCGACGTGCGTCCCACACCGGAGAAAGTGCGCACCTACTTTGAGCGCCACAAGGAGCAGCTGCGTCTCCGGGAGCCGTACGTGCGGGTCCAGTACCTGGCCGCCCCGGACCGCCCCACGGCCCAGACCGCCCGGCAGGCCCTGCGCACGCCCCCCGCGCCGCCCGATACCACTTGGGCCCGCCTTGTTACCGAGTACGCCACGGACACGACCCGGGCCCGCCGGCTGTCTCGCCGCTTCG
NZ_CP169425.1_gap55	2235263	2237357	2094	TGCAGGCGAGCAGGTCGTGAAAGGTAAGCCGCCCCTCCGCCTGACGGAGAGACGCGAACCGCTCCACGGCCGGGCGGACGAACGCCACGACCTCCTCGTGGACGTAGGCCCGCCACCGGCGCAGGGCCGGCTGCACCACGTCGCGCACCAGCGCGGGCAGGTGCTCGTCTCGCAGGGTCCGCGCCCAGTCGTAGGCGTCCGTGTGCGGGCCGCGCCAGCACTTTAGCGTCACGTCCGCCGACTCCTCGTCGGCCACGCCGGCGAACAGCTCAAGGAGCTCGGCGCGCTGTGCCGGGGTCTCCACCCCTGTCTGCGCAATCAGTTTCTCCGCCCTGTCGAACGCCTGCATTGCGTCGTCGCGGCCTTCGGGCAGCGCATCCGGACGGCGGGCCTGCCACGCGTCGAGCTCGGCCCGCACCGCCGCCGCGGCCTGCGTCAGGTCGGGGACGGTGTCCGGGGCGTTGACGTACGGGTCCAGCTCGGGGTGTTCGCACAGCCGTTCAAAGTAGGCGTCCAGGTCCTCCGGCTCCAGGCCCAGGCTCGTGAGCGCCTCCATGCGGGCCGGCCGGTCGGCCCGTACGGTCTGGAGGTAGTCCTGCCAGGCGCGGTCACGGAGCTCTCGTTCCTCGCGGTCCTCCAGGCCCGCGACGAAGCCGGGCGGCAGGTCTGCGGCGATCGGCCGCTCCCGCAGGAGGCGCGCGCAGAAGGCGTGGATGGTGCCGATGAAGGCCTGCTGCGCATCCCGGAGGGCGGCCGTGACCCGTCGTCGCTGCGGGCCTTCCGCCGGCAGTGCGGTCTGGGCGCGCCGGAGCTCCTCGTAGAACCGTTTGCTCATCTCCCCGGCCGCCTTCCGGGTAAAGGTGATGGCCGTAAGGTCCTCCACCGGCACCCCCGAGCGCACGAGGGCCACCATGCGGGCCACGAGGGCCGTCGTTTTGCCGGAGCCGGCCGCCGCCCGGACGAAGAAGTTCGTGTCCGGTTCAAAGGCCGAAAGGGTCGGCACGTCGTCTTCCTGCCACGGACCAATCCGCCGGCGGACGGCGGCGTCGTCGTACGTTGAGGAGGCCGAGTGGGGGGCGGACATGGGCGCGGTTCAGTGTGGGTGAGAAACGACAGGTGAAACGGCCGGCGACTATCCGAAGGACGGTGGGGTGGGGCGCTCGTCGGGATACGCCTTCGCCTGAAGGGCCGTGCTCCGGGCCGCTAGATCGCGGAAGAGGCGGTCGTAGCCCCGGTACCGCCACGCGTTGAGGTACCGGGCGCGAGGGTGCATCGGGAAGCTTCCCGAGGCGGCGAGGGAGCTCAGCCGGTCGAGAAGCCGCTCCACCTCAGTCCGGTACCGGCCCGGGTCGAAGGCGAGCCGCGTGCCCCGCTCTCGGGTCGTTGGGAAGTAGTAGCCGGACGTCCCCACCGTCTCGTCCGTCAGTGTGGAGAGCGCATAGGCGTAGAGCGCCCACTGCAGTTGGGCGCCGTCGGCAACGGGGTCGCCCTCCTCGAATGAAGACGCACGCCCCGTCTTGTAATCCCAGACCGCCAGGGTCCCATCCGGCCGGCGGTCCACCCGGTCGATCCGTCCTCGGAGCGACATCTCGCGCCCCTCGACCGGGATTGTAACCGCCCCGAAGTCTTCCTCCTGGCGTCGATACGGGCCGTAGCCGAACCCGACCTCGTGGTACAGCGGCGCGTGGGTGCGACAGTGCGCCGTCTCGGCCCGCAAAAACACGAGCGCATCCGCCCGGAGCCGGCGAAACGCCGCCTCTTCGACGACGTCGCTCGGGGGCGCGACCTGTTCGGTTTCCGCTTTAAATGCGGCCTGGAGCGTGTCTTCGAGAAGCGGTTCGTGCTCGGCCGCGGGCCGCTCGTCCCCCTCCCGGAGGGTCGTCATGAACGCCTCAAAGGTGGCGTGGAGAATGCTGCCGCGGCGAAGGGCGTTGAGCCAGGGCTCGTCGTCCAGCGCGGGCTCGTCCAGGGGCTCGACGCCCAGGACGTATTTCAGAAAGTACAGATACGGGGTCTCGGCGAAGGTCTCCAGTCGACCCGCCGACATCGGCCCGCCGTTTTCGCGGTCCCGAAGAAAATCGAGCTCCGGATACG
NZ_CP169425.1_gap56	2239698	2244547	4849	CCGGGCCCGCTGCTCCAGGCGGCGATACCGATCGGCGTGAGGGGCCTGCCGACGGTCCCACCACGCGAGCCCGCGTCGAAGCAGGTGCTCGTTCAGCACGCGATCGTCCATGCGCACCACGAAAAGGGAGCGGCCGTCGGGGCCGTCCGTCTCCGCTCGGGCCCGCACGTCCGTCCGGAAGACGACCCGTCGCACGGCCCGGGCCGCCGCGTCGGCGAAGGGCTGCCCCCGCTCCGGCGCATCAATGCCGTACAGCTCAACCCGCACGATCTGTCCCGTCTCGCGGAGGAGGTAAATGGTGTCTCCGTCCAGCACCCTGTGCCCTTTGCCCACGTACGACTGCCCCCGAGCGAGGAGGGGGCCCCACAGAAGCAATGCGAGGCCCGCGAGCACGCCTCGCCACGCCCACGCGGACACGGACCGGCGGCCTCCAGAACCTACAGCGATAGGGATACGGGTGTGCACGGCCATCGAGCGGCGGGCCTTATCAAAACAGCAGTCCTACGAGTCCGCCCAGGGCCGCCGCGAGCCACACCGCAAGGCTCAGTCGACGCAGCGTCTTCTGTCCCGGCCGGTTCCGGCGCGCCAGCCATCCCCCCACGGCCCGACACGCCATGCCCAGCCCCACCCCTACGAGGACCCAGGTCTCGAACGCGCGGAACGGATCGGTCCAGTGGGGCGAAAGCGCAATCTCCAACGCCAGCGCCCCGAGCAGCAAAGCGACGATCACACTGAACACCCGCCACGACGCCAGGTCCGGGGGCCTCCAGCGGTTGGGCGTGTCCATTCGAGGGTGGGTTGTCAGGAAAATCGTCGGGACCGGAGGAGCACGGGAGGGGCCCTCTCGCCTCCCCATCCCAGCGACGTTATGATCGCATCGGGCAGGTGTCTGACACACAGAGACGCCAAACGATCCCTGTCCCCGTTCAGCCTGCATCATGCCGACGCTCGATGCTCCCCATCCCGGCTCTGGGACGCTGCACGAACCCGCCCCGGAGGCCGCTACGGTGCCGGAGGCACTCGTGCAGGACCTCTGGGCTCAGCAGCGCTTCGACACCGAGGGCCTCAAGACGACCGACGGGGAGCCCATCGCCATTCGCGATCCGGGGCGCCTCAACACCGACGCCGGGCCGGACTTTCAAAACGCCCACGTTCGCATCGGAGGGATGGACTGGCGCGGACAGGTCGAGGTCCATACGACCTCCGGCGGGTGGTTTCGTCACGACCACCACACCGACCCGCGCTTCAACAGCGTGGTGCTCCACGTGACCCTCCACGCAGACATGTGGACCGGGGGCCTTCTGCGGGCCGACGAGTCTGCGCTCCCCGAACTCGCGCTCTATCCGCGCCTCGACACGCCCCTCCGCGAATTGCTCTACTCCTTTCGGACACGGGCCGACGACGACACGCTGCCCTGTGCGTCGCGCTGGGACGAGGTGCCCTCTCCCATCCGCACATCGTGGATCCGCCGGCTCGCCCAGGATCGACTCACCGAAAAACGCGACCACCTGCCGGACCCTTCGGACACGTCCCCGGCCACGATTCTCCATGAACGCCTGTTCGCCGGGCTCGGCTACGCGAAGAACGACGCCCCCATGACGACGCTCGCCCGACGGACCCCGCCGGCCGTGCTCCGCCCCCTCGACACGCCTCCGGAACGCGAGGCGCTCCTCCTCGGAACGGCGGGCCTCCTTCCCGAGCCCGGTGACTTGCTGGAGGCCGACCGCCCCACGGCCGACTACACCATGGCCCTCCGGGACCACTTCCGGCGGCTCCAGGTCCGCCTCGACGTCCGGCCGATGGCCTCGACGGCCTGGACCTTCTTCCGGCTCCGGCCCAACAACTTTCCGCCCCTTCGTATTGCACAGGCGGCGGCGTGGTACGCCGAGGGAGGACTGCTGCACGAGGCTCCGGTCTCGACGCTCCGCACGGCCCTGGGGCAAGACACCCCCGTCGCGACGCTCCGGGAGGCGCTTGCGGCCTCTCCCCCTGCCTTCTGGCGCACGCACTATCACCTCACGAAGCGGGCCGCCGAGCACACCCCCAGTCTTGGCACGTCTCGCCGCGACACGCTCCTCGTCAACGCCGTGGTGCCGGTGCTTCTGCAGGACGCCGATCAGCGCGGGAACGCGGCACAGGCCGACGCGGCACTGGACGTGCTCCGCGCCCTTCCGGCCTCCCAAGACCGCGTGGTCCGTCGCTTTCAGGACCTCGGCACCGACCCCGAGTCGGCATACGACGCTCAGGGCCTCCACGAGCTCTACAAAAATTACTGTTCTGCGGGAGGGTGTCTCGACTGCCAGATTGGCCAGCATCTCCTCGGTGACTGAGACGCCTCCAACCTACTGCACCCCGATCCATAGAAGGCGACGCGCAAGGCTTTCCAAGACGTCCAGTCGCCCGTGCTCGTTCGCATCGTTCAGATGACGTTCGCTCCCGACAAGGTCGATCAGTTCCTGGCCCACTTCGACGAGGCCGCCCCGCACATCCGATCGGTTCCGGGCTGCCGGCACCTTGAGCTCTGGCAGGGCGCGGAGGCCCCCACCGTATGCACCACCTATAGCCAGTGGAAACGCGCGGAGGCACTCGACGAGTACAGGGACAGCGACCTGTTCCGGCGTACCTGGTCGACGGTAAAGCCCCTGTTCGCCGAGCGCCCTCGTGCCCGAAGCTATACCGTCGCCCGCCCGGCGGACGCGATTGATGCAGCCGCTCGGGACGCCACGGATCCGGGACAGCCCTGAGCGCTCACCTTGGATGGAGGCGCCGAGCCCACCAAATCGACCCAAGCGCGCGATAAAGTCAGTGTACAGGTCCCTCAACGGTCGCCGAGGGCCTGCTCCATGCTCAACCGCTCCTCGTCTCGGAGCGACGGGAAGTTGACGGGGCGGATGGTATATCGCCGCTCCGCGTCCGGGGCCGTGGGCCCCACCTGCGTCCCCTGAACGGTCGCGTGCACGGACCGCACCAGGTGTCGGTACTTCTTCATCATGATGTTCTTTTCTTTGACGGTGGCCCCGTACCCGCGCTGAAGCGATCTGTAGGCGCTACTGGCCGAGAGGCGCTCAACGCGGCCTCGTTGGGTCTCCAGTAGGGCCTCATGTTCGTCCAACAGGGCCTGGTAGTCCTCCGCCAATGCCTGGAGGGTATCGGACGCCTCCGCGGCGTCCGCGAGGGTGCGAAAGTCGGCCTCGGCCCGGTCGAGCTCGTCGGCGAAGGCCTCCACCGACCGCTGCATCGCCTGATAGGTCTTCGGCTTGGTGTCGTACCCGCCGTACGTGCGGCACCCACTGGCCAACAGTCCCACGAGGGCGAGCAGGAGTACGAAACGATTTGCGCGTAGCATAACGGAGACGAAGGAAATGTAACGGCACGCAAAGGGATCTACTGTAGGAACGCACGGAGGTGTCCGGCAAAGATGCTCCTTTCGTCGCGTAAACGCCAATTTGCGGCCATTTTCACGTTGGTTTCCCCCAAGCAGGTGCAAACCTGGTGGACCGATGGGGGCCACTCAGGATGAACACTCAGAGAAACACCAAACGTCACGGGGAGGTACGCTGACACGGAACGATAAGATGAATGGCCCCACCACTCGACCGTCTCGCCCACGGGGGACTGCCTTTATCGCCCTCCCTCAGCGGCAGAGCCCGCAGGACGACCTTCCTTGTCCCGCCGGACATACGCTTTCCGATCAGCTTTTCCCGCCCATGAGCGAACAGACGGCCCGACTCGTCGAGCGCCTCCGCACCCGTCTTCGCCGGGCGACGCGACGCATGTCGTGGGCGCAACTCGCCTTTGGGGGCGCCCTTGCCGGGGGCACGGCGGCCGCCCTCTGGCTTCTCGCCGCCACGCTGGAGGCGGCGCTGTGGCTTCAGCCCAGCCTCCGAACCGGCCTGCTTCTTCTTGCCGGCGCCGTTCTGCTGGGCATCGGCGCGGCGTTCATTGCCCGTCCGGTGGGCCGCCTGCTTGGACTGCTCGACGGCCCGTCCGAGAAGGACGTCGCCCGGACGGTCGGCGAGCACCATCCAGTGGTGGCCGATCGGCTGGTAAACCTGCTGCAGCTGGCGGAGGGCCAGCGGTCGCACGCCCCCGCCCCGTACGTGGACCAGGCCGTCCAGCACCTCGCCGACCAAATCGACGAGGTGCAGTTCGACGAGGTGGCCGACTTCCAGCCAGCACGGCGGGCCGCCCGGTGGGCGTTGTTTCCGGCCCTGGCCGTCCTGACGTTTCTCCTCGCCGCCCCCTCCACGTTCCTCGACGCCTCGGAGCGCCTCCTCGCCCCCCGAACCGAATTCGAGCGCCCGGCCCCGTTTCAGTTTGACGTGCGCCCGGGGGACGCCCAGCTCGTCCGGGGCGACTCGCTCCGCGTCACCGTCCGGGCCACCGGCACCGTCCCCGAGACGGCCACCCTCCTCCTCCGCCCCGCCGAGAACGAATCGCCCCGGCGCGTCGCCATTGAGGCCGACTCGATGGGCACCTACCGCCACACCGTTCCGAACGTACGCCGTCCCCTGCGCTACCGCGTGGCCGCCTCACCGGTCCGCACGGAGTGGTACACGGTGGAGGTGGCCCGGCGTCCTGTCGTCCGACGGCTGCAGCTCCGCGTGAGTCCCCCCGCCTACACCGACCGCCCGGCCCGGGAGCTCGCCCCCAATGTGGGCGCCGTGACGGCCCTTCCCGGCACGGAGGTTACGGTGTCGGCGGCCCTCGGCGGGGCCCCGGTCACGAACGCGACGCTCGACTTCGAAAACGGCCCGGCGCAGTCGCTCACGGTCGCCGACGACTCGGCCACCGGTCGCTTCCGTCTTCGCCGGGAGGACACCTACGCCCTGCGCCTGGAGAGCGCAGG
NZ_CP169425.1_gap57	2246024	2249006	2982	GGGCAGCAGCGCCGGATGAACATGACGGGGCTCCGCAGCGCCCTGGCAAACACCCTGCGCCTGTCCAACGACCAGGAAGGCCTGCGCACGACCCTTGAAGGACTGGAGGGGGAGGGCTCCGCCGTTCGTCGCTTTGCCCCTCAGCAGAAGGAACTACAGGACGGCCTCAACCACGTCGCCGACTCCCTGCAATCCATCGCGAACCGGCTTCCGCGAATGTCGAAGGCCGTTCAGGAGAAGACGGGCAACGCGCTGCGGGCCATGGAGGACGCGACCACCGCCCTGGACGCCCGCGAGGGAGACGAGGCCACCGGCTACCAGAAAACCTCGATGATGCACCTGAACGAGTTGGCCCGGCTGCTCTCCGATCTGCTGGACCAGATGAAGCAGCAGCAAAGCAGTGGCGGAAGCGGCAAGATGTCGATGCAGCAGGCCATGCAGCAGCTGCAGCAGACCTCCGGCCAGCAGCAGAAGCTCAACCAGAAGATCCAGAAGTTCCTGAACAAGGCTCAGGGCGAGCGCCTCTCGAAAGACATGCAGGCCCGGCGGAAGCAGCTCGCCAAGCAGCAGCGCCAGATCAAGCAGCAGCTCGACGAAATGAACATGGAGGAGGAGGCGAAACAGAAGTTGATGGGCGACCTGCAAAAGATTGCCGACCAGATGGAGCAGTCCGCCGACGACCTGCGGAGCGGCCGCCACAGCCGAGACCTCATCAACCGCCAGCAGCAAATTCTCAGCCGTCTTCTCAACGCCCAGCAGTCGCTTCGTACGCAGGGCAAGAAACAGAAGCGACGGGGGCGCCAGGCAGACGACGACTTTGATCGGCAGCGTCCCGGCAACCGCCCCGACTCGGAGGCCCCCGACACGCTCCGGCGCGGCCTCATTCGCGCCCTGGAAATGGGATACGACTCGGAGTACGAGGCGCTCATCAAGAAGTACTTTGAGCTCCTCGAACAGCGCGAAGGGGCGGCGAAATAGACGGCGGCCGTTCACCTCGGTCCCTTCCGGAAACTGAGACCCTCAGCTCGCCGACCTCCATCCTGCTCCTCGCGCCGGTGCACCTGGTGGCTCAGCGTCTAGCACCCGCCCCACGGGAGACAAAAACGACGTAGGAGAGGCGAACGAAAATCCACATCGGTGGGCCGCGGGGCTATAGCCCAACCCCCTTCGGTCGTTGGGCACTCAATAGATCCCCCGACCTCACGTCAACGACGACGCCCATCCCCGTCCAACTACAAAAACGGCTCCGTCGACTGACGGAGCCGTTCAGGACAGGTGCTAAAGTCAGTAGCGGGGGCGGGATTCGAACCCGCGACCTTCAGGATATGAGCCTGATGAGCTACCACTGCTCCACCCCGCGGTGTAAAGCACGATCTGGTATTAGCCAAATTCCTTCGGGTTCCGCCGCTTGTCAGTTTCACGGCGATCTAAAATCAGCTCCACCTCGTCTCGAAATCCGACCGGTACCAGATGCTCGGAGCCGCCTCCCGGACTCGAACCGGGGACTTCATCCTTACCATGGATGTGCTCTACCACTGAGCTAAGGCGGCGACTGCAACCTGTGGGAAGAGCGGGAGACGGGATTCGAACCCGCGACGTTCACCTTGGAAGGGTGATGCTCTACCCCTGAGCTACTCCCGCAGGGCATTCTCAAGCGGGTGCACCCAAGCATGTCTCGCCCGGGGCATTCCGCTCGCGATCAAGGTGGGCCGGGGAGGATTCGAACCTCCGAAGGCATAAGCCGGCAGATTTACAGTCTGCTGCGTTTGGCCACTTCGCTACCGACCCGGGCAGGGCGTCCGGCACTCATCCAGCCAGTTGGTCAGCCCGGCGTTGCGATTTCTCTTCTAGGTTTTGACGGCGGAAAAGTTGCCCGGGAGGGGGGCGAATTTCAAATGAAGAGGGCAGCCGGTTCATCGTACGGATCGTCGGGGCCGGTGTCCGCGATCCCTCTGCCGGTGAACTCCGCCTCCGATGAGTGGTTGGAGGGGCCAACTTAGTACGTTGATGTTCTCGATCCGTCTCCCCCTCCACGCATGAGCGTCATCGCGACGATTCTGGCCTACGCGGGCCTCGCGATCGTATCCACCGTCGTCGTCTGGAAAGGCAGCGAGCTTCTCGAATCGTCTACCGAGAAGCTGTCGGGGTACTATCAGCTTCCCCCTCTCGTGCAGGGGTCCATCGTACTGGCGGTCGGGTCGAGCTTCCCTGAACTCTCGACTGCCGTATTGTCCGCCGCCCTGCATGGCGATTTTGAGCTCGGGGTGGCGGCCGTCGTGGGCTCTGCCCTCTTCAACATCTTGATGATTCCGGCCCTTGCCGGCCTGTGGGCGGAGGAGCGGCTGGAGTCGACCCGCGACCTGATCTACAAGGAGACCCAGTTCTACCTCATCTCGATCGTGGTGCTCCTGCTGATGTTTTCCTTCGCCGTCATCTACAACCCCCTCGCGGGTGGAACGGACGCCCAAGTTGGCGGCGTGACTCGGGGACTGGCCCTGCTCCCCCTCGCGCTCTATGCCGTCTACGTATACCTGCAGTACCAGGACACGCGAGACCATCAGCCCGAGGCCCCGCCCGAAGACATCCATCTTCCGAAGCAGGGGACACGCCTCGTGGGATCGCTACTGATCATCCTCATCGGGGTGGAGGGGCTCATCCGGTCGGCCGTGGCGTTCGGCGACATCTTCGGCACGCCGAGCTTCCTGTGGGGCATCACGGTGGTTGCGGCCGGCACCTCGGTCCCGGATGCCTTCGTGAGCATCCGGGCATCCCGGGCCGGCAATCCCGTGACGAGCGTGGCGAACGTGTTGGGCAGCAACATCTTCGACCTTCTCGTCTGCATCCCTGCCGCGGCCCTCGTCGCCGGCACAGTCGCCATCAACTACTCTGTGGGGATGCCCATGATGGGGGTGCTTTCGCTCGCCACCCTGATTGTCCTCCTTACGATGCGATCCGAGATGGTTCTAACCACCCCTGAGGCCT
NZ_CP169425.1_gap58	2261083	2265036	3953	CCCAGGGACTCAATCTTCTCGATCTCTTCCAGAATGGCCTTCGGGTCCAGCACCACCCCGTTCCCGATGACGCAGGTGACCCCTTCGTGAAAGATTCCGCTCGGCACGAGGTGGAGAACGAACTCTTCGGTCTCCCCCTCCTCGTCCCACACAATGGTGTGTCCGGCGTTGGCGCCGCCCTGGTAGCGGGCCACGATGTCGACGTCCGGGCTCAGGAGGTCTACAATTTTCCCCTTCCCCTCATCGCCCCACTGGCTTCCAATTACGATAGAGACTGGCATAGCACACGGTATCGATTCAACAAGCAGGTCGGTGTCGTCGTCCGCGCCGCCCCTTAGGCCGCGCTCTTTTCGAGACGACGGTTCAATTCCACAATCGTGGGGGAGGCGACGAAGATCGACGAGTACGTTCCGATCACGACCCCGACGATGAGCGCAAACGAGAAGCCCCGCAGCACCTCGCCCCCGAAGACAAACAGAATCGTGACCACGATGAGGGTCGTCAGCGAGGTCACGACGGTTCGGCTCAGCGTCGCGTTGATCGACCGGTTGACGATCTCGTCGAAGGCCTCGGTCTTGAACAGATTGACGTACTCCCGCACGCGGTCGAAGACCACGACCGTGTCGTTCAGCGAATATCCCACAATCGTGAGGAACGCGGCGATGAGGGACTGGTCGATCTGGACGGAAAACGGCGCGATGCCGGCCAGGACCGAGAAGATGCCGAGCGTAATCGTCACGTCGTGCACCAGGGCCGCCACGGCCCCGAGACTGTAGCGCCACTCAAAGCGCACCATAATGTAGAGGAACACGACGAGCAGGGCCCCCAGCACGGCGTAGATGGCCCCCCGCTTCAGGTCCTCCGCGAAGCGCGGCCCCACCACGTTGGTGCTTTCGATCGCAATGTCGCGCCCCGAGAACTGCGCATTGAGCGCCGACACCACCTGATTCTCCATCGTCGTGATGTCCCCCTTCTTCGAAATGCGGACCAGGTGGCCGACGTCCCCAAATCGCTTCACCTCCGGTTCCTCCTCAAACGATTCGGTGAGGGCGGACCGGACGTCGACGGTGTTGAGGTCCGTCGTGTTGCCCACGACGAACTCCATCCCCCCGCGGAAGTCGATGCCCAGGGCGAGCCCCTTGGTGAGCAACGAAAGGATGCTGATCGCAAGCAGCGTCCCCGAGATGATGTAGCCGATGCGGCGGTTCGGGATGAGACTGTAGTCGGCGTTTTCGAAAAGACGCATGGTAATCCGTCGTTGAAGAAAAATCCCGTCGTGATGACAGCCTGGGGTGGGGGCGGCGCCCTACCCGTAGCTCACCTGCATGCGGCGGTCCTCGACCATGTAGTCGAAGATGATGCGGGTGACGATGATGGCCGTGAAGAGCGAGGCGAGGATGCCCGCCATGAGCGTGACGGCAAAGCCCTTAATCGGGCCGACGCCGAAGGAGTACAGAATGACGCCGACGAAGAAGGTCGTGATGTTGGCGTCGAGGATGGCGCTCAGGGACTGCTCGTAGCCGGCATTGATCGCGGCGCGGAGGGTCTTGCCGGTGGCCTGCTCCTCGCGCACCCGGTCGTAGACCAGCACGTTGGCGTCCACGGCCATACCAATCGTGAGGACGATCCCGGCGATGCCGGGCAGGGTCAGGGTGGCGCCGAACCCGGCGAGGATGCCCATGATGAGAATCAGGTTCAGCAGCAGCGCAATGTCGGCCACGACCCCGGCCGTGCGGTAGTACATGATCATAAAGAGCACGACCAGCAGAAACCCAGCCACGACGGAGATGAAGCCGGCCCGCGTCGACTCTTCCCCAAGGCTAGGTCCGACGGTCCGCTCCGAAATGATGTTCAGGTCCGTTTGGAGCCGCCCGGACTGCAGGACCGTGACGATGTCTGAGGCCTCCTGCCGCGACTCAAGCCCCGTAATCTCGGTCCGTCCCCCAGAAATTCGGCTCTGGATGTTCGGGCTCGAGTAGACGATGTCGTCGAGAACGATCGACACCCGGTTCCCGATGTTCGCCGCGGTAATTCGGTCCCAGCGCCGCGCACCGTCCGAGTTCATCGTGATGGAGACCTTCGGCTCGTTTGTCTGCCGGTCGAATTGGACCGACGCCTCCGTAACCACCTCGCCGGTGAGCTCCGGCTCCGCCCGGACGGCCAGAAGGTGAAATGCCTCCCGCCCGTCCTCGGTGGTCAACACGGGACTGGCCGTCCACATCGGCTCGATCCCCGGGGGCAGCATGTTCTGAACCGACGGGTCCTGAAGAAGCTCGTTCACCCGCGACGTATCGGACGCGAAGGCCCGCCCGATGATCGGCTGCTCCTGGCCCGGCATCGGCTGCATCGCGGCCAGAAGCGAATTCTGGGGCCCCGTCTGCGCGCTCTCTCCGGGTTCCGTAAGGGCCGTTCCCTGCTGCTGGCCGCCGGATGCCTCCTGTCCCGACGACGCCGCGAGCTCGGTGCCCTCCGTCACGCCGGACGTGTCGGTCGAGGCCTCCGTCGCGGCCGTGTCGGCGGCCTGGGCCTCCGCAATGCGGGCGGAGTCCTCCGCGGTCGGCTCGTAGTACTCAATCATGCGCTGTACCGACTCCCCCAGCTGCTGGGGATTCGCCATCAGGTGAAAGGTGAGCTGCGACGCGCTCTCCAACAGGTCGCGGACGCGCTCCCGGTCACTCACCCCCGGCAGCTCCACCACAATCCGCTCGTCGCCCTGCCGCTGGATGGACGGCTCCGTCACCCCGTACTGGTTGACGCGGTTGCGGACGACCTGAATGCCATTCTGAACCGCCGTGTCCGCCTGGCCCTGGAGGTACTCCTGCACCTCGTCGTTCGAGGAGCGTCGCGTGATGTCCTCGCCCTGGTTGCGGAAGTACCGGGACAAGCGGCCGTCCGGGTTTTCGGCCTCAAACTCCTCGACGAACGCCTCCACGACCGACACATTCTCTTCCTCCGCGCGCTGCTCGGCCGTCCGGAGGGCCTGCTGGAAGGCCTCGTCCTTGTTGACCGCCAACTGATTGAGGAGATTCCCGATTTCCACCTCCAGCGTCACGTGCATGCCGCCCTGCAGGTCGAGCCCCAGGTTGAGGGAGCTTGCGTCGACCTGCTGAAGCCACTGGCGGTTGTCCTCCCGGTACTCCACCCGCTCCTCCTCGGACATGTTGTTCATTTTGTAGCTGACGTACAGGTTCTGCACCGAGGGAAAGAGGTAGAACCCGCACAGCCCGACGAAGAAGATCGTAAGTCCAACTTTAAAGCCGTTCCCCTGCATAGAAGACACTCGTTCAATTCAAGGTAGAACCAAATTCAGAGACGGGCCCATTCGCCAAGCCGTTGCAACGGTCCACGGGGAGGGCCGACACGGGCCTCTCCCGGGACGTCCCGTCGTAGCGGGCCCACGGGACGAGAGGTGGAGGAACGACCCTACGGACCCAGCGGGCGGGACGCAACCAGCACGCGGGCCAATCGCCGTGCCTGAAGGGGAAGGAGAACGGCCCGCTCCGCAGGTGGGTCTTTGAGGATCCGAGACTGGGGACGGAGCGTGTCCCAGATGGGCCGCTGCTCTCGTCGCACACTGCGGCCCTTGGACACCGCCCACTGTGAGAACTGCTGGACGAGGCGGACGAGCCTCCGGAACGGCAGCGCAACGAGCGCCGGGCAGGTCCAGAACAAAAGGAAGAGACGCATGAAGAGGGCTCGCCGTCCAGTTTAGAGTCGACGGTTACCAGAAATAACAGGGTCGATGTAATTGTTTCCCCGGCGGCGGCCCCGCCTTCTTCTCGACTCCAAATTGTTGGGGGTTTCACCCGCCGGAGTCCCGCTTTTTTGTTGCTTCTCCGCCGGGCCTGTCCCTTTATGGAGCATCCCCATCCGGTTCTCTTCTCCGTCCCCTCGTCCCCCATGCCTCCTTCCGGCGAAACGGGCACGTTCCGCACCCACGACGGCCTCTCGCT
NZ_CP169425.1_gap59	2445910	2449436	3526	AGCCTGCGCATTCGGTCCGACCGCTACGCCGAAGGCATGGCCCGCACCACGGATCTGCTTCAGGCCGAGGCCACCCTCGCCGAACGGCGCCTCGCCTACCTCCGGGCCCTCTACCAGCACAACATCACGGTCTACCGCCTCGAGCTGCTTACGGAGCAGTCGATGACCCGATAATCCATCTTGCCTCTCGTTCCCATGGCTTCTTTCACCGCCTCCCTCCCGCCCATGACCGCACGTGGCTCCCTTATCCTTCCGCTCGTTCTCGGTCTGCTCCTCTCCGCCTGTGGCGGGGACGCCCCCACGCCCCCCGCGGATGAGAGGGATCCGGTTGCCGTCGAGACCGCGACCGCGGCGACGACGACCGCCCCCCAGGCCAGACGCTACACCGGCACCATTCAGGGCACGCGCCGGGTCCCCCTCTCCACCAAAATGATGGGCACCATCACGCGCCTCTCGGTCGAGGAGGGCGACCGTGTACAGAAGGGGGAGACGCTCGTCCGCATCCGCAGCCAGAACGTGGAGGCCCAGCGCGAGCAGGTGCAGGCCCGCCTGCGGGAGGCCCGCGCCGCCCGCGACAACGCCGAGACCCAGTTCGAGCGGATACGGGCGCTCCGCGAGAAAGACAGCGCCACGGAGCAGGAGTTCGACAACGCGCAGACCGCCTACGAGCGGGCCCAGGCGCAGGTAGAGGCCCTCGAAAGCCGCCTGGCGGAGACCGAGGACATGCTCACCTACGCCACGCTGGAGGCGCCCATCGACGGCTACGTGGTCGAGAAGCAGTCCGAGCAAGGCGCCCTGGCCGCCCCGGGCCGACCGCTGCTCACCGTCGAGACGCTCGACGACCTGAAGGCCGTGGTGCAGGTGCCGGCGGAGGACGTGAATCAGTTCGCGGTGGGCGACAGCACGACCGTCACGATCGGAGCGGCCGCCAACGTGCACAAGCAGGGCGTGGTCACGCAGGTGAACCCGTCCGGCAACGCTGTGAGCCGGCAGTTCACCGTGCAGGTGCGCCTGCCCCGCACGGCCCCGGACGACCGGGAGGCCGCCACCGCCCTCAAGTCCGGGATGTACGCTGAGGTCCGCCACCAGACCGGGACTCATTCGACGCTGACGGTCCCGCGGGCCGCCCTCATCGAGCACGGCCAGCTGACGGGCCTCTACGCCGTACGCGATGGCCATGCGCTGCTGCGCTGGGTACGGACCGGTTCGCAGCGCGGGAACCGCATCGAGGTGCTCTCGGGCCTGCGTCCGGGCGAGACCTACGTGACTGACGCGACGCCCCGCATCGCAAACGGGCAGCCCATCCAGGCCGAGTAGCCCCGTCTCTCCCTCCCGTCGCTCCACGCACCAGTCGTTTCGTTCCATGGCTACGACCTCCGGCATCGCGGGCCGCATCGCCCGCACCTTCATCAACAGCAAGCTCACCCCCCTCCTGATGGCGGCCTTTCTCGGCATCGGGCTCTACAGCGCCTGGGTAACGCCGAAGGAGGAGGACCCCCAGATCGAGGTCCCGATGATGGACATCGCCGTGCAGTACCCGGGCGCCACGCCGCAGGAGGTGAAGAGCCGCGTCGCGGAGCCGATCGAACGGCTGGCCTCGAATATCGACGGCGTCGAGTACGTCTACTCGACGGCGATGCCGGGCCGGGCGATGGTGTCGGTCCGCTACTACGTCGGCGAGGACCCGTCGACCAGCACCGTGAAGCTCTACGAGGAGCTGCTGAAGAACATGGACGAGATGCCCCCGGGGGCGAGCCGGCCCCTCATCAAGAGCCGGGAGGTGGACGACGTGCCCATCCTGACGCTCACCCTCCACAGTGAGACGACGGGCGACTACGAGCTGCGCCGGATCGGGGAGGAGATGGCCGCCGACCTCAAGACGACCGACGGCGTGGCGGAGGTAAACGTGCACGGCGGCCGTCCCCGGCAGGTGCGCGTGGCGCTTCAGCCCAACCAGCTGGCCGCCCACGGGCTGGACCCGCCGTCCGTCGCCGAACAGCTCCGGGCCGCCAACCAGGAGACCGACGCCGGGGCCTTTCAGCGAATGGACGAGTCCTACCTCGTGGAGACCGGCGGCTTCCTCACCTCGGTCGACGACGTGAAGACCCTCGTCGTGGGCATGCACCAGGGCAGTCCGGTCTACCTGAAGCAGGTGGCCGAGGTCACCGACGGGCCCGCCGAGCCGAAGAACTACGTGTCCTTTTCCTACGGGGCGGGCACGCCGCGGCCCGACAGCCTGGCGCCGGGCGGCACGCGATCGGCCGTTACGGTGGCCGTCGCCAAGCGGAACGGCCGCGACGCCATGACGATCGCCGAGCACTCGCTCGACAAGCTGGAGACACTGGAGCAGACCCTCGTGCCGGAGGGCGTGACCGTGAGCACGACGCGCAACTACGGCGAGACGGCCTCGGAGAAGACCAACGAGCTCATGCTCCACCTGCTCGCGGCCATCCTCGCCGTGACGTTCGTTGTGAGCCTCGCCATGGGCTGGCGCGGCGGCCTCGTGGTCTTTCTATCCGTGCCCATCAGCTTTGCGCTTACCCTCTTCGTCTACTACTTCTTCGGCTACACGCTGAACCGGATTACCCTCTTTGCACTCATCTTCGTAACGGGGATCGTGGTCGACGACTCCATCATCGTGGCCGAAAACATCGAGCGCCACTTTAAGATGGGGCGCCTGCCGAAGCTGCAGTCGGCCCTCGCCGCGGTCGACGAGGTGGGCAACCCCACCATCCTCGCCACGCTGACGGTCATCGCCGCCGTCCTGCCGATGGCCTTCGTGTCCGGCCTCATGGGGCCGTACATGAGCCCGATGCCGATCGGGGCCTCGGTGGCCATGACGTTCTCGCTCGTGGTGGCGCTCGTGATTGCGCCCTACCTGGCCTTTCGACTGATTCCCTCGCACGAAGACCTCACCGGCGAGGAAGGCGGCGGGGACGACGACAATGAAGAGAACGACTCCGAGTACGAGCTCGAAGAGACGGCGGTCTACCGCGCGTACGCCGCCACCATCGAGCCGCTGCTCGACAGCGCCTGGAAGCGGTGGGCCTTCCTCGGGGGCACGACCCTTCTGCTGCTCGGCTCGGTGTCCCTCTTCTACTTTCGGGCCGTGACGGTGAAGATGCTGCCCTTCGACGACAAAAACGAATTCCAGGTCGTGGTGGACATGCCGGAGGGCACGCCGCTGGAGCGCACGAACGCCGTGCTGCACGAGATGGCCGCCGACCTCACCGACCGCCCCGTCGTGACCGACGTGCAGACGTACGCCGGGGACGCCGCGCCGGTCAACCTGAACGGGCTCGTGCGCCACTACGACCTGCGCTCGGCCCCGCACCAGGGCGACCTGCAGGTGAACCTGCGTGCGGCCGAGCACCGCACCCGCCAGAGCCACGCCATCGCCAAGGACCTGCGCGGCCCGCTCCAAGAGATTGGGGAGAAATACGACGCCGCCGTCAAGGTCGCCGAGGTCCCGCCCGGCCCGCCCGTGCGCGCTACGCTCGTGGCCGAGATTTACGGGCCGGACAGG
NZ_CP169425.1_gap60	2451111	2453071	1960	TCCGTGGATTCCGAATGGACGTGGACCGGGCCGTCTGACCCCCGCTCGCATTCGCCGTTCTCCCCACCTTCCCCCCCAGTTTCGATGTCCGCCAACGCCCCTACCTCCCCCGACACGTCCGACGCCCCAACGTCCGGCGTCTGCCGCGTGCCCTCGACCGAAGAACAAATCGTCCGCCTGCTGGCCGGCACCGTCTCCCTCACGGGCCTGGCCCTCGGCTTCTTCGTGAGTCCCTGGTGGTACCTGCTCACCGTCTTCGCGGGGCTCAACGTCATCCAGAGTGCCGTCACCGGCTTCTGTCCCCCCGAGATCGTCTATCGCTGGATCAACCAGTAGCGAGGCGCCGCCCGGAATGCCCCCGGCGCTACTCGTGCGGATGGGCGCCCCGGACGAGGTGCCAGTGGTGGCGCTGATGATGCTGCCCGTAGGCCAGCAGGCCGATGTAGCCGAGTCCGCGAATTTTGTCGACCTCCCGCGGATTCGGGGTCGTAACGCGCAGCACGTAGGCGTCGCCGTCCTCAGTGACCGTCATCGTCCAGCCCGTCTCCTGGCGCAGCATGTGCGGGTGCGCGTCGAGCACCCGGTCGAGCGATGCACGGGCCGCCTCCTGCGTGGGCCGTACACGAAGACGGACGCCCCCATCGATGGGCGTCTGTGCCTCCACGGCCACGTCCATCGCCACGCGCTCCATGTCGAGCAGATGCTGGCGCAGGGCCGCCATGTCGACCCGGGACCAGTCCGTCGTTGAATCGGCTTCGAGCCGCCGGACCGCCTCCTGTACCGTCCCGAAGACAGACTGTCCTGAGGCCTGGAGTACGGGCGAGGGGGACGACATTGCGCCTCCCGAACCATGATGCCGTCCCTGGTCGTGCTGCTGTGCCGAGGCGACCGGCCCAAAGAGAACCGGTCCGGCGACAAGAACGAGCACGGACATGCAGAACCGGAATGAAGATGCGGTCATACGGGATATCGGGTCCATTGGTACAGAGAGTCTACGAGGTGGACGGCCGGCACCACACGAGACGAACCGTCGCCGCGGGGCCCCGGTGCATGCCCTCGTCGAGGGTCGGCTCGGCCGCTTCGAGATGGTCGATGCCCGCCTCGGCGAAGTGCCCGCGGAGCTCGTCGGCGGTGACCATCATGGCAGGATCGGGCGGGCCGCCGCTCGTGTAGCCGTCCGTGCGCTGCTCCGGGCGAAACCACTCCGCCACGAGGCGCCCCCCGGGCCGCAAACAGCGCTGAACGAGGCGGTACAGGCCCGGTCGCTCGTCGGCGGGAAGGTGGAGAAACGTGACGACGACCGCGTCCCACGCCCGGGCGGGCTTCCACTCGCGCACATCGGCCTGGATCGCCTCGACCTCCACCCCGGCCTCCGTCGCGAGGCGTTCCGTCTTGCGGAGCCCCTCCACGGCGTAGTCGACCGCGGTGACCGTATGGCCCTCCCGGGCCAGGTGCACGGCGTTGCGCCCCTCGCCCGCCCCGAGCAGGAGAACCTCACCGGCCTCCGGCAGCCACGTCCGGGCGGCGCTCGCGACGAAGCGGTTGGGGGCCTCGCCGTACACGTACTCCTCGTTGGCAAAGCGGTCGTTCCAGAACGCAGCGGGCTTGGGCATGGCGGCCATTGACGGTTCGAATGCCGGCGGGACGGTGCGAGAAAAGACTACTTCTGGCTCAACGGCCTCGTCACCGCCCCAAAGTTAATGCGATCGGCGTCCTGGGCCATCACACGGAGGCGCGTGGCGCCGCCCTCCGGCACGGAGACCGTGCCCCTGTACTCGTTGGTGGTGCCGGCGAACGCGAGCGGCGCCTCGGCCACGACGGCCCCGTCCCGAAGCAGCTGCGCGCGGATCGTGTACCTGTTCGCGTCCCACATCCCTCCCGGCTCCGTGGGGCACCCACAGAGCATGCGCACCCGGGCCCGAACCGACAACTCCGCCCCCGGTTGGGGCCCTGTCGACGA
NZ_CP169425.1_gap61	2461594	2463135	1541	ATCGCCTCGTCGCCATCGAGCGCCGGGACGAGGCCCGCCTTCAGGGCCATGCGTCCCTGATGTCGGAGCCGGCCGCGATGCCGGTCCCCCGCGGCGCGGAGGACCTGATTGCCTTCGCCGAGAAGGCCAAAAACGGCGGCAACTACAATGCGGCCAACGCGGCCTTCGCCCTCGCGCTTCACGCGTACTTTCCGAGCGTCACGTGCTCGCTGTCCATCCGGGAGCGCCCCAAGACCCCGACGGGCGACATGACGGACGGCTACTACGACCTCGCCTACATCCGGGACCGCGAGGAGGAAACCTGCATCCCCATTCCAAAACTGCAGGGGGCGGTGGCCTACTGGTTCGCGGCCCACGCCGACCGGCGGGAGCCAATCGACCACAACCGGGACACCTCGGGGGCAGGGCCGACCATCGCGGACCTGGAGACGGCGGTCGGGCCGGCGACGGTGCGGGAAGCGGCCCGGTCCATTCTGGACGATGACTTCGTGCGCGAGCGGTACGGAGCGTAGCGCCGCCGGTGTGCGGAACGGTCGGCGGTGCCGGCCGCGCTGCGGGCCGGCGGCCGGGCGCCACTCGGTCCTCTATGCGGCCGGCGCCTCGCGCTGCACCGCAACGTGGTAGATGGACGCCCCCAGCGTCTCGCCGGAATCCGCCCCGTCCACATCCATCTCGCTCTCGGCAACGGGAATGACCTTCCACTCCATCGTAAATTCGGAGCCGTCCTTTCGGTAGTTGGTCGCCCGGCCGTGAAAGACCTCTCCGGCCCCAAGCTTCCGGCCGAGGCGGTCCAGCACCTCCTGCTCGGTCTTGGGGCCCTGCAGGACCCCGGGCGTCTCCCCCATCACCTCCTCGGCCTCGTAGCCCGTCAGGTCCACGAACGCGTCGTTGACGTAGACGATCTCGCCGGGCTCCTCCGCACCGGAGGCACGAGTGATGGTGAGGGCGTTGAAGGAGTGGTCGGCCACGGCCGTCAGCAGGTGCCGGGCAAACGCGTCGGGGAGATCGGGGTCAAGCATACAGGAAGGAGCAACTGGGCAGATAGAGGGGCAAGCGCGCAACGAGAATCGGGGTTCGACCCTCGGGAGTTGTCGCCACGCGGCGCCTCCCGTACGGTTTCCTGCAGCGGTCCTCTGCCGGTGGATTTACCGTATCGGAAGATTCGTGGAGGCCAACGGCGGTACGAAGGGCTGCCCGAACGGTCTCCCCCCGGACCGAAAGGCGGACGGGAGTGAGGCCCGGCAGGCGGTGCGGAGTGCCCCACAGCGCAGGGGCGCGGCGAACAGGCTGGGGAATCCCGGCACGACCGCCACGAAAGGCATCCAGAAGCCCCAACCGGGCGAACTCACGCGCCCGAGAGGGTTTGAAGGGACCCACGGCACCCCTTTCAGCCAGACGCAGCGCTACCATGACGAAGCAAAACGGACACAGCGACTCTTCGGGCGGGTCTCAATCGGACCGCGACGAGTCGGGCCGCGACGACGTGGTCGGGCAAAGCTTTTCGAGTGAGCGCGTCCTGCTCGACGGGACGCACTTCGAGG
NZ_CP169425.1_gap62	2471996	2474999	3003	GAGCCTCCTCACCCCGCCCCACGACCGGGACCGCCTCCGGGCGTACACGCACTCCGACCGGCTGGCCGCCGACGAGACGGTTGCCTCCTAGCCCAACGGCACGGCGCTTGCTTCACTATTCCTTTCTACACAGCTCGCTTCCTACTCTCAACTCCTCCTCTTCCCCCATGCACACCCTCCAAGCCCGCCTCCTTCCGTTCCTGATCGTCCTCGCCGTCCTGGTCGTCCCGCCGAGCCAGGCCCAAAATCGGGACACCGACGAACTCGGCGGCGCCCTGAGCAGCATCGGCCAGCAGTATGCCGACAACTACACGCAGCCGATCACCGACGCCCTCGGGGCCAACCTGAACGCCGGGCTCTTCCGCACCGCGGAGGTCGGGGGCGAAGGCATCGTCCCCGTGATTGACCTCTACGTCGGCGTGGCTGGTATGGGTGCCTTAACGTCCGGATCCCAGACGGCCTTTCGGCTGGATCAGGATCAGATTTCAACCGACGACGGACGGACCCTTACGATCACCTACCCCGATGAGGACCTTCCCACAGTGTTTGGGGAAGAGACGTCTCCGGGACAGGCGATCATCTCCGACAATGATCCCTTGACGCCCAACGAGACGGTCGACCTTCCCCCTGGCCTGCTCAACACCTCGATCGCCCCCCTCGCGGTCCCCCAAATCGGCGCCGGCACGGTTCTGGGGACCGACGCCCAGGTCCGCTTTCTTCCCGAGACGAGCGTCAGCGACTACGGCTCCGTCTCCCTCTTCGGCCTCTCCGTGCGGCACAGCCTCAGCCAGTACATTCCCCTCTCGCCCGTTAACCTCGCCGTGCAGGGCACGTGGCAGAGCCTGTCCCTCTCCGGCAGTGACGACAGCATCAATTCCGGCGAGATCGTCGACGCCTCCGGCTGGGCCCTCAACGCGCAGGTGAGCAAGAGCGTCCCCGTCGCCCCCATCACGTTCTACGGCGGCCTGCAGTACGAGCAGTTCGGGGTCAACGTGGGCTACACGTTCCAGACGAGTGCCGGCACGTCGACCGTATCGTTCGAGCAGGACGCCTCGAACAACGTCCGGGCCCTCGCGGGCGTGTCCGTCACCCTCGCCGTCATTCAGCTCAACGTCGACTACGCCCTGGCCAGCAACAACACCGTGAGTGCGGGCGTGGGCATCACGCTGTAGGTCCCCGTGCCGGGCCCCTCCCGACGGCCCGTGCCGAACGGATGCGAGGGGCCCAAAACACCCGGGCTTGAGTGCGATCGCGGGCAGCCTTGCTCCTGCAGACTCGTCTGGAACGTTACGGGTTACCCGTCCCGCATCGGGGCAATCTCCTCCTCGTAGCGTTGGAGGGCCCCGTCGACGATTCCTTTAGCCCGGTCCGGCCCGAAGAAGTCTTTCACCTGGACGGTCTTGTCCTCCAGGGCCTTATAGTCCTGAAAGAACCGGCGCAGCTCTCGGAGGCGATGGTCGGGAAGCTCCTTGATGTGCCAGTAGTCGTTGAAGGCCGGGTCGTCCAGGTGGATGCAGATGATTTTCGCGTCCTCCTCATCGTCGTCGAGCATGTTCATGAGGCCGATGGGCCGGGCGCGCAGAATGCTCAGCGGGTCGACGCTCTCCTGGGCCAGCACGAGCATGTCGAGCGGGTCCCCGTCGTCCGCGTAGGTGCGCGGAATAAAGCCGTAGTTGGCCGGATAGACGACCGAGGAGTGGAGCATCCGGTCCACCCGAAGCAGCCCGCTCTCTTTGTCCAACTCGTACTTGACCTTGCAGCCCTGCGGAATTTCGATGATGCAGCTGAACATGTCGGGGGCTTCCCCCCCCACAGCAATGTCGTGCCAGGGATGGCTCATGGGCGGTCGGCGGGCGGTGGACGAAAACGAACGTGCAGAATTCCTGCGGGAAGGGATTGAGGGCGTGCGTCGTCTCCCTGTTGTGTGCTCGGACGAGGGCTCGTGTTAGAACCTGTTTCAATTCATGCCCCGAGGCTGCGGGCGGCATCGATGGCCTGCAAATCGGGACCGGGCTCGGGCGGTCGATCCGCTACGGCCCTCGACCATATCCCGGGTCTCGGCCCATCGGTGCGCGTCCTCGCGGGTCGGTTCACAATCAACATACCAGGCTCTTAGGCCCCCGCGTCCGTTTGGGGGGATGTTTTCAGGCGCTGGGACGGATCGAACGACCGCTCCGACCCGAGCCACACCGCAAGGGCGGCACTCGTGATGTGCGTGGCCGACGGGTCGAACGACAGGCCGTCGGTCTGCGTCTCGCCCAGCGCCTCCATGTCGCCGTCGATCTCGTCGAGCCGCTCGGACAGGGCCTGCACGTCTCGGGCCAGCCGGGAGGCCGCCTCGGTGGCGTGGTTTTCAAGGCGGAGCCGCCCGTCGCGGTGGAGGTTGACGAATCGACGCAGGACATCCCCGCCGCCGAGATGGACCCCAATCTCGTCGGGGTCGCCGGCCACCGCCCCCCCTCCACTCGTAAGGGTTGCGGCGACGGGGTCCATGCCCCGATCTTCGAGGGCCCCCACGAGCGCCGCCCCAAAGTCGGCCCCTCGGTTCACGATCAGACTCGTGCGGCCGATGTAGGGCTGGTCGGCCACGAGGCCCTGGACGTGATCGGCGAGGTCGTCGGCCGACGCCACATCGGCGTGGTCTCGGATGCGGTTGAGCCGGTAGGCTGCCGGCTCGTCGGAATCCTCTTTCGACTTCTCGAACAGCGCGTGGGTGACGTCCGGGGCGCCGTCCCCGTCGGCAGGGGAGACGTCGACGCCCAGAAAGAATGCGTGGGCCATATCGGGCGGGGAGCTGAGTGACTTGAAGTGTGACGAGCAGGGCCCATACGGATGGACCGCACCGTCTACTCGTTCCGTCTCCGGGGGACGGGGGCCGCCCGATGCCCCGTAAATTCACGCCGAATCGGAGCGGGTGGTGCAGTACTGCACACTAAAGTATGAGCGATCGTCCGTCCACACCGACTCGACCTCGAACCCCGTGTCGGCCGCGAGGCTCGCGAA
NZ_CP169425.1_gap63	2562782	2567653	4871	TGGAGCAGATTCAGGCCCACAACCATCCGGTGGCACTCCTTCTCTCGGGGGGATACGCCGACACCCCCGAGACCACCGCCGACCTCCACGCCATCATGTACCGGGAGGCCGCCCGCGTTTTCGAGACGCCCCGCTCCTCCACGGTCAACTAGCCGTTGCCCGCTCGGTCCGCCCCCACACGATGCGCGGCCGCCCGCTCAGGTCCTCCTCGGTGTGCACCGCCCCCACGCCCTCTTCTCCGCGGAACAGCCGCTCCACCTCGGCGGCGTGCTCGGCGTGCACTTCCAAAACGAACGAGCCCCCGGGCACACAACACGCCGACACCCAACGGACGAGGGCGCGGTAGAAACGAAGCGGATCGCGGCCGGCGAAAAGCGAACGATCGGGGTCGTACTCCCGCACGACGGGCGGCAACGACTCGGCCTCCGCGTCGGGAATGTAGGGCGGGTTGGAGACCAAAAGATCCACGTCTCGCGGCGTCGCGGCCGGCACCTCGGCACACAGGTCGCCCTCGAAAAACCGAACGTCGAGGCCCAAGTCTTGGGCATTGGCCCGGGCCACCGCAAGGGCGTCCGTACTGACGTCGCAGGCATGCACCTCCGCGTCGGGCCGTTCATGCTTGAGGGCGAGGGCAATGCACCCGCTTCCCGTGCCGGCGTCGAGCACCCGGGGCCTCGACACCTCCTCGATGCAAGTGAGCGCCCGGTCGACGACCGTCTCCGTCTCGGGGCGCGGCACCATCACGTCCGGGGACACCCGCAGTCGCAGCCCGTAAAAAGAGGCGTACCCGAGGATGTGCTGCAGCGGCTCCCCCTGCACGCGGCGCCCCACCATCCTGTGGAACTGCTCTGCCGCCGCCGCGGCGACCGTCCGGTCGGGGTGGGCGTACAGGTGCGCCCGGTCGCAGTCCAGCAGCTCTGCCAGCAGCCACTCCGCCGTTCGACGCGGGGCCGATCGGTCCGCCGCCCCCAGCCGCCGGGCCGCGCGGTCGATCAGTTCAAGTCGCGTCGGGGACGCCTCGGCGGTCTCCGCGTCCGACCCTGGTGGATGCTCCATAGCGGTCCCTCCTGATGGATTCGTGGCCGTCCATTGGCTCAGCGACGCACCCGAAACCCCTCAAACGCGTCGGCGGCGTCGGACCAGTCCACGTCGACCGTCTCTACACGCGCCGTCCGCGGGCCCTCGTGCACGGCCTCAATGAGCGATTCGAGCGCATCTGTGGGCCCCTCGGCCTCCAACCGCACCGACCCGTCGGATTCGTTGCGCACCCAGCCGGTGACGTCCAGCCGCCGGGCCCGCCGCCGTGTAAAGTTGCGAAACCCAACGCCCTGCACGCGCCCTGTAATTCGTGCGGACACCCGCTTTTCCGTCCCTGTCTCCATGAAAACTCGTGAGAGGCTGATCCGAGATCGTGACTCATGCCTTCAACCGGCGCCCCCCCAATGGTTTCCGTCGGGGCCGGTCCCAACACGGAAACGCCCCGCCGCCGGTCGTCCGGCAGGGCGGGGCGCAGCGCTAGCGTCTCAACCGGCCGCAGACGAGACGGCTACAGCAACCCGTTCTTCGAGGTCCAGTCGCGGAAGCCGTCCACGAGCTGCTCGAAGGAGTCGAGGACGAAGAGCTCCTCCTGCAGGTTGTAGACCTCGTAGTCGTCTTTCTCGACGATGTGCTCGGGATCGAAGGGGTGGAGCGTCACCTCTTCGGAGAGGGCGTGCGTCACCTCCTCGTTGGACGACACGATGCCCGCCCCGAAGATGCGCTTCTCCCCCTGTTCCTGAATCAGCCCAAACTCCACCGTGAACCAGTGAAACCGCTCCAGGCGGGGACGGTCGGCCCCCTCCGCGTTCTGGGCCGCCTGGCCGTAGAGCTGGTAGAAGTCCGCAAACTCCGGCTGCGTGAGCATCGGCATGTGCCCGAAGATGTCGTGGAAGCAGTCCGGAGCCGGGGTGTAGTCGAGCTCCTCCCGCCCACGGACGTAGTTGGTGGAGGGAAACTTGCGCTGCGACAGCAGCGAGAAGAAATTCTTTTCGTGGATGAGACCCGGCACGTTGGCCACCTCCCATCCGGTCTCCTCGTTGAGGCGCCGGCTCAGGTCGGCCAGGTCCGGAATTCGATCCCCCTCCAGCCCCAGCACGTCCTGCCCTCGCATGTACGCCTCGCAGGCCCGGCCCGGAAGCTGCTCCATCTGGCGCTCCACGAGAATCTGCCACGTCTCGTGGTCCTCGTCCGGGTAGTCCGGATACTCGATCTCGTCCCCCACCGGGGGTGGCTCCTCCAACGTCTGCGGAATGGTGCGCGGATCGACGTCCTCCTGCTCCTCCTGGGCCGTTTCGAAGGCCGATCGCTCTTCGTCCGGGGTGCTCTCGACGGTGTCGCTACTCATGGTACCACCTCAGGGGTTGAATGCGTGGGGATGACGGCTTGGGGACGTGCCCCGTGAAGCCCGGAACCGCTCCCAAGTCTGGAGAAAGTAGAACTGATTTGGATCACGTCCGACGCGGACCTAACGAAACATCTCCCACTCGTGATTCTCGTCTTCCCAGGGGCAGCCGCCGCGCAAGCGACCCTACGGGCGGGCGTCGTCGCGGCGGATCAGCCAGGCGATCCCGATGTACCCGAGGAACGCCGCCGCACTTACCGTGAGGCCCGCCCGCGTGACTCGCGCCCCCTCCCCAATCACCGCTTCGGCCATCACCATCACGACGAGGAAGAGAAGGGCGATGCCACAGGCCCCAGCGACGACGTGTGTCCAGGTCCGGAATGCGCGTCCGCGGAACATGGCCGTTGGGCAATCGCACGGGGGATGTGGAAGGCCCCTCGCGCCCGTAGTGGCGGGGCCTCACGCTTCGGCACACGCCTCATTGCGCCGCGTGGGCCGGGGTCGAGTTGGGCTTCCACTTGATGTTGCACCCCATGGAGGGGGCCTGCTCCATCGTCACCGCGCCGTCGGCGAGAAGCTCGTCGAGGGCCTGGCGGAGGTCGTCCCCGTGTGCCTCGTCCCCGTCGGGGCGCGTATCGTCGAAGCGCCCCCGGTAGGCGAGCGCACGATCGTCGTCGAAGACGTAAATGTCCGGCGTGCAGGCCGCCTTGTAGGCCGTGGCGACCTCCTGCGTCTCATCCTGGAGGTACGGAAACGGGTAGCCCTTTTCGCGGGCCCGCTCGGCCATGTTGTCGAACGAGTCGTCCGGGTAACGCTCCGGGTCGTTCGAGCAAATGCCAACAAACTGCACGCCTCGGTCCTGATACTCCTGCGCCACGTCAATCAGGGCCCCCTCGATGTGCTGCACGTACGGGCAGTGGTTGCACATGAACACGACGACGAGGGCGTCGGCCTCGTCGTAGTCTGCGAGCGAGCGCTGTGCGTCGCCCCGATCGTCAACCTCGGGATTGGCCACGGGCAACGAGAAGTCGGGGGCCGATTGGCCCAGGTCCATCATTGTCGATTCGGTAAGCGCCATGGGCGTCGGGGAATCGTGTCGGAGAACGTGACGGCATCCCGCCCGGGCACGCAGGGCCATGCCGAATTGGGACGGGATAACGATGCCGGACCACGCAAAGTTCAGGCGCCGACGCGACGGCCGTAGACGTGTGCCCCCGCCCGTCAGTCCGTCGGGCGGTAGAGATCATGCGTGTCGATGTAGGCGCGTACCGCCTCCGGCACCAGATACCGGATGGACCGGCCGGCCCGGCGGCGGGCGCGGACCTCGGTCCCCGAGATCTCCATGACGGGCGCAGCCGCGTACCGGACGTCGTTCACAAAACGGGGGTCGGCAACCGACTCGATGGCCCCTGGGCGCTTGTACACGATGAACGGCACGCGCTCGGCAATCTCGTCGGGCCGGTGCCAATCGGCAAAGTGGTCGAGACTGTCACTGCCGAGGATGAGAGCAAAGTCCGTGTCGGGATGCTGGTCCTGCAGGACACGGAGTGTCTCGACCGTGTACGACACGCCGTCCCGTTCCACCTCCACGCCACACACGCGGAACGCCGGGTTGCCCTCCACCGTGCGCTCGGTCATCGCCAGTCGATGCTGTACGGCCGCCAGCTCGTCGTTTGGCTTGTGGGGCGGGGTCGCGTTGGGAATCCACCACACCTCGTCGAGCCCGAACTGATCGCGGACGACCTCCGCGACGACGAGGTGGGCGACGTGGGGCGGGTTGAAGGACCCCCCAAAAAGACCAACAGTCATGGGCACGATGGGCCTACAAAATCCCTCCGTCAATTGGAGCCGCTCGACGCATCTTCCTGCGCCAGCGACTGCTCCCCCTGCTGCGCCTGGGCGCGGTCGAGCTTCTCACGGGCCTCGCTGTAGAGGTCTTCCGCCCGTCCGAGGAGGGTGCTCTCGGGGAAGAGCTGCGTGAGCCGGTTGTAGTTCTCAATCGCTTTCTGGTAGCGCTCGGCCTGCTTGCTCTCCACGCTTCGGTCCGCGTACCGAATGTACGTCCGGACCGCGCCAAGCAACGCGTCGTCGGCCCAGGGGGTATCCGGGTACTGATCGAAGGCCCGTTCGTAGACCGTCGTGGCGGCCTGCCACATGTCCCGCTGCTCGTAGAGCCGGCCCGCCTCGTACTTCTTGCGGGCGAGCTTTGCCCGAAGCTCGTTGATTTTCTCTTCGGCCTCCGGCACGAGTTCGTGGTTCGGATGCCGGTCAATGAAGAGACGAAAGAGGGAGATGGCCTGCTCCGAGTCCGACTGGTCGAGCCGGTACGAGGGGGACCGGAGGTAGTACGAGTTGGCCCGTTCGAACTCGGCCCGAGGGAGAAGCTCGTCGTTGCGGTAGAGCTGGGTGAAGCGCTGAAACTCGTTCGCGGCCACCAGATGCTTGTTCAGCCCACGCTGCGCCATGGCGAGCTTGAAGCGCGCGTCGGGGG
NZ_CP169425.1_gap64	2589546	2591642	2096	CCCATCGATAACGCCTGCCGATAACGACGTCCCTTTCGACGGGCTCGGCACCGGCGTCCCGGCCGCCGAGCCCGTCTTTTGTTCTGGAGGGTGGCCCCCTCCTACGCCGCCTCTTCCTTCTAGGCCACCTCTTCGTGCATGGGCTCCACGACCTTCTTGACCGTGTCCGCGCTCGACATGATGTAGAAGTGGATGCCCGGAACCCCCGCCTCCATCAGTTCTCGGGCCTGACGGATCGCCCAGTTGACGCCAATTCGCTCCACGTCGTCGGGGTCAGCCGCGTCCACCTCCGCAGCGAGCTCCTCCGGAATCTCCGTGTGAAAGTACTTCGGCAGGAGCCGCAGGTGACGCTTCCGCTTCAGGATCTTTAGTCCGGGAACGATGGGGACTTCGATGCCCACCTCTCGGCACTTGTCGACGAAGTTGAAGAAGTACTCGTTGTCGAAGAACATCTGCGTCACGATGTAGTCGGCCCCCGCATCGACCTGCTCCTTGAGCCGCATGATGTCCCAGGCGAGGTTCGGGGCTTCGAAGTGCGTTTCGGGGTATCCCCCCACGCCCACGCAGAAGTCCGTCGGCTCGGCGTCCATGAGGTCCTCCAGGTACGTCCCCTCATTCATGTCCTGAATCTGCCGCACGAGGTCCACCGCGTATTCGTTGCGCGACCGGTTGCCCGAGATGGACTTCTCGTAGCCGTTGTCGTCCCCCCGAATGGCAAGCACGTTCTCGACCCCGAGGTAGTTAAGCTCGATGAGGGCATCCTCCGTTTCCTCGCGCGTGAATCCCTTGCAGAGGATGTGGGGAACGGTATCGATGTCGAAGCGTGCCTCGATAGCCGCGCAGAGGCCAATCGTTCCGGGGCGCTTCCGCTTTACGCAGCGCGTCCAGGTCCCGTCGTCTTTCTGCTTGTATTCCACCTCCGCCGAGTGACTGGTAACGTCGATGAACGGCGGCTCGTAAGGCATCAGCTCCTCAACCACGCCCAGAATCTGGTCCGCCGACCCGCCCCGCTTGGGGGGAATGATTTCGTACGAGATCAGGGGCTCCGATTCGCGATCAAAATGCTCGGTAACCTTCATGCGGTCCGTGATATTCGGTTGCGAATTTGTTTGATTGTGGCTGGGCGTTATTGTACGCCAACCGTCATACTTTCCAAAATCCGGGGTGTTCGATGCTCGGCGTTATATTTTCTACACCTAATGAGGCTGCTCCCTTCATTGAACAGTACGCCGGAGACCGGCTCGGGGAGCTGGAGGAGGGAGCCCACCTGCAGACCGACGCCGTGGTCGCTACCGTAGTCGGCCCCGGCAAAATCAAGGCCACCCTCGGAACCGAGCGCCTCCTCCACGAGCACGACATCGACACGCTCGTGCATGCGGGCGGGGCCGTCGCGCTCGCCGACGAGCTTGAGGTGGGAGCGGTCGTGGAGACGGCCTTCGTTTTGGAAGGCGACCGCGTGGAGCTAGAGGCCCCGGACTATCCTCGGATGCCGCTCGAATGCCCTTTCGACCTCGATGTGGAGGGCACGCTCGTCTCGCAGGATCACGTGCGTGGGGACGCGGACGCGTCGAGCTACTGGGAGCGCATTGCGGACATGCGAGACGCCACCGGGTACGCCGTGGCCTACGTGGCGGCCCAGCACGGGACCTCGTGCCACATCGTGAAGGGCATCACCGGCCGGGCCGACGGGGACACCGGCACGGCCGCGGATCGGCGGGAGGCACACCGGGCCGTGGCCGCGTTCCTTCAACGGCACGTAGACGCCGACTTCCCCGCGTCGTAGCGCCTCCGGATCGCCTTCGTCAGTTGCGGCGGGTCCACAGGTCCTCACGCCAGGATTCCGGGATGTCCTCAGATCGGCCCCAGACGTAGTCGCGGCGGCTCTCGCCATCCCGACGCGCGCGGCGCCGATCGGCCCGAATCTCGCGCACCCCCACCGATACGTATTCCCCCTCCGCGGTAGCTTGCTCCCGCTGAACGACGGGGTGTTCGCGAAAGGGGCGCGGGTGTTCGGGATTGTAGAGCCGGTACACCATGGTGCCGGCCCACACCAGCAGCGCAAAGAACGTAACCCCGACAAGTCCAGCGAACAGAAC
NZ_CP169425.1_gap65	2604976	2606038	1062	ATGGGCTCGTTGTTTGCCCAGCTCTCACGCACCGGCAGCAGCTTGGGGGAGTTGGTTTTTACCTGGCTGTGGCACGTCATGCAGGTCTGCGTGGAGGGCACATTGGCGTGCTTGGAGTTGGCCACGTTGGTGTGGCAGTACTGACAGTCCATCCCCAGCTTCTCAACGTGGGTCTCGTGGCTGTAGGGCACGGGCTGTTCCGGTTGGTAGCCCACCACCTTGAACTCGGGCGAGAAGTAGTACCAAACCAAAAACACCAGGAGAACGCCCCCGAGGACCGAAGCCCCTAGGGAAAGAACGGGCAGCGCATTGGCCTTCTTGGGAAAGAATTGCGGCATACTAGCGCATCATTCGACAGTGAGCAATCGGGAACCGCTGTTCTCCCGTCCAAGCAAGAGAAATATACGATGTAACGATCAACAAGCCAAGCCCCCCGTTGGCTTTCCACTAGATCCTACTAGATCTATGCTGAACCTTAACGTTCTTGACGGGTGAGCACTCGGTGGGACATACCGTACTTATCTCCAGGGGGTGCGATCAGAAGATGTGACTAATTTAATACGTATTCACGCCACTCTCTGTCCTGAAGACGGGCGGGTGATTGCAGAAACAACGCGAACTCGTCGAATCACGGCTCTCTCCACGTTAGGCCCGTGCGCCGGCGGCAGGAGGCCGGGGCTGCGCCGTCCCTTCGGCAAAAGCCCTCCCGCTCCGCCCTCATGCCCCCCTTTGCCACTCTCCCGTACGCCCAGTGCCTACCGGCTACTGGCCTCCCCGCGTTCTTTCTATCTGTCTCTTCCCGGTCGTTCTCGGCACGGATTCCCTTTCGTTGATGCCCGGGCGCCCCGGTTGATGCGGAATTCGCCTTGCTTCTCGCGGGCCGTTCGCCCGCCGCCGGGACGGCTTGAACGGATTGCGGTGCCATGTGTCGTACACATGTCGTACACGCACCGCAACGTTACGTTCGTCGGTCGCGTCCAACGTTCTAAGCAGGCTGACGTCCGTCCTACCGGGACGCGGCCCAGGCCCGACGGGCCGCCTCCGCCCGGGATTAACTTCTCC
NZ_CP169425.1_gap66	2607202	2608302	1100	CCGAGAGCGGCGCCGTGAGCATCAGTGCACCGCTCACGTTGAACTCCCGTCGGTCGAGCGCATCCGCATCCAGCGCCCCGTTGCCCGGCTTGGCAATGTCGAGATACACGTCGGTCACCTGCTCCTCGTCGGCCCCGGCCCAGACCATGTCCGCGCGGACGGTGCCGGTGGCCTCGACGGGTCCGAGCAGGCGCGTGGCCTGCGCAAAGACGCCCGCATCGGCGGTGACAACCCCCGGCCAGATCTGTTTGCTCTCGTAGAAGCCCGGCGTCGTCGGATCGCCGTTCTTGACGACCTGGAAGGGACGCTCGGCATCGCGGTGGGCACGGTACCCGTCGGCCCCAACCTTGAGCCGCAGGTCTTGGGAGGGCGCCAGTTGCGTCACCACGCGTCCGCCGAGCGTCGTGATGTCGGCATTGACGGCAACGCGCAGCGGGGGCCCCGGAAAGTTCTCCGAGGCGTAGGTCACCTTCCCCTCGTTGTTCATCGTGTGCAGGGTCTGGTAGCCATACGCCTTTGCCTCCACCGAACGCACCAGGCCGGTGCCCGAGGCGTACTCGTACCCGAGGCGCGCGCGGCCAGTTTTGAAAAACTGGGCGTTGAGCAGGCGGCCGGGGTAGTCGACGTCATCCTGTCGCTGGTATCCGCCCCCGGCAGTCAGGCGCTGATTATCGCCAAGTTTGTAGCCGACCTTCGCACGGAGCTCGCGGTTCAGAAAGTCTGCGGGCACCGACGTGCCGTCGCCGGTCTCGTAGTCGTTGCCCGTTCTGTAGGCCCCATCAACCCGGTAGGCGAACGCGTCGCTTCGCCCGCTGACCGTGCCCGTCACGTCGTAGGAGCCGAAGTTGCTGTCGTAGCCGGTCTGTAGCTGTCCGCTCAGACGCTCGCCACGGGCCACGTTGAAGAGGTCATTGGTCTCGACGCGAATGGCGCTAAGCTGGCCGCCCCCCCAGGTGAGCGCGTACGGGCCCTTGGCAACCTCGATGCTCTGCATGGTCGAGGGGCCGGTGTGGCTCAGCGGCGAGTCCATGCGCGCCGGGCCGGCCGGGAAGGTGCGCATTCCGTCTACGTAAACGCCCACCTGCCTGGAGCGCAGCCCC
NZ_CP169425.1_gap67	2637642	2640338	2696	TTCCCAATTGGTGCGCCTGAATCACCTCCGGCACCGTGCTCATCCCCACTGCGTCGGCGCCCAGCTGCTCCAGCGCCCGCACCTCCGCCTTCGTCTCGTAGCTCGGCCCCAGGGTCCAGGCGTAGGTGCCCCGCCGTGCGTCCAGCCCCAAATCGAGGGCCACCTGCTCGGCCCGGCTCGTCCACCCCGGCTCGTAGAAGGGAGCCTGCTCCTCGTCCGATCGCTGACGGGCCGGCCCCGCCCCGGCTCCGACCCCTGGACTGGCGAACGCCATGTTGAGGTGGCTCGTGATGAACATGAGCGTCCCCGGGTCGAAGGTGCGGTTGATGCCGCCGGCCGAGTTGGTGACGAGCATGCGATCGGCCCCCAGGGCGTGCACCAGCCGCACCGGCATCGCGATCTTCTGCACCGGGTACCCTTCGTAAAGGTGCACCCGCCCCTGCACAAAGACGACCCGGGTGTCCTCCAGGGCGCCAAACACGAGTTTCCCGCTGTGCCCCTCCACGGTCGACTCCGGATAGCCCGGAATCTCGGCGGCGGGCACGACCGTCGTCTCGTCCGCCGCCTCCGCCAGGCGCCCCAGCCCCGACCCCAGAATAAGCGCCATCTCGGGGGCCCAGCCGACGCGCTCCCGCACCGCCGCCCTCGCAGCATCGAGGTCTTCGTCGTCGTACACAGCGGGGTCGGAACGCATAGACGCGGCGGTCGAGCGGGGCATGGCGGAAGCGACACGTGGGAAGGAAGGAAGAAGCGAGAATTCGGAAAACGGCTCGGGACGATCGTCGGTCCCCGAGAGACTGGCCCGGGCGGCCTACCCCGCCCGCAGGATCCGGTAGTTGCGGAGACTCCAGAGCAGCTGCTCCACGATCACGCGCAGCGTCGTGGTGAGGGGAATCGCCATCAGCATCCCCAGGATGCCGCCCAGCTGGGCGCCCGCCAGCACCACGAAGAGGATGACGAGCGGGTGGGTCTGGGCGGCCCGCGAGAAGATGAGGGGCTGGAGCAGCACGTTGTCCGCCAGCTGCGTGAGGGCCATGGCCAGGGCCACCCCCGGCACCAGCGACACGTCCCCCGTCTGGGCGATGCCGACGAGCGTGCCCGCCAGGAAGCCCAGAAACGGACCGAAGTACGGAATCGTGTTGGCCAGGCCGGTAAAGATGCCGATGGCGATGGCGCCCCGCAGGCCCACGATCCACAGGAGCGTGGACGCGATGACCGCAATGGCCGTCCCCTGCACGAGCAGGGCCCGGAAGTAGCGCCCAATGTTCAGCTCCACCTTCGCGAGAATCGAGAGCGTGACCTCGAAATACCGGTTGGGCACGAGGTGGAGGAGGCTCCGCCGGATCCGAAGCTCGTCTTTGAGTAGGAAAAACGTGACGAAGGGCACAATGACGACGGCGTACACGATGTTCGTGAAGACGCTCACGACAGAGCTCACCGTCTCGGCCACCTGTTGGCCCTCCACCAGATCGCCCCGCATGAGCGACTCGGCCGCCTGGCGGACATTCTCCTCCAATACGCCTTGCTCCAGCGGGACGACGCCCTGAACCTGCGCCTCGATGAGATTGGCCACGTACGCGGCCGTGTCGATGGTAATGAGCTGCGACAAGTCCTGGACCTGACGCGTAATGAACGGCACCACCGACGTCACGATCACCACGATCACCCCCAGAAAGACCGCAAAGGCGACCAGGATGGCCGGGACCCGTCCAACGCCAAGTCCCTGGATGTAGTCGACCGGGGGACGGAGCAGGTACGCGAGCAGGCCCCCGACGATGAGGTACAGCACAATGCCGGCGAAGTACCACACCATCCATCCGACGGACCCGACGGCCGCGGCCCCGAGCAGAAAACGAACCACCCGGTCGAACGTGAATGTGCTGGCGGACTCGTCCGGGGAGACGGGCATTCGCTCTCGGGCGTGGCCCCGGCGGGATGCCGTGGTCGTCCGGGCGTGGCGTGCCGGCGCCGTCTCCGACGACGACGGTTCTTCTGGGTCGGGGCCTGGCGATTCGTCGGGACCGTAGGAAGACGGATCGGGGCCGTCGGGCATGCAAGCGGGCGTGGCGGATGAAAGAGAAACGTCGTCCGTCGGGCGCGGGCGGCCGCTCTCGTTCGCGTCTGTCTACACGGGAGAGCGCCCCCCCTCTCGCTCCAGTTCGTCGAGGATGGGACGGATGGTTTCGGACGTGAAGCCGCGACGGCGGAGATACCGGTACATTTTCTGCCGGCGGCGACGCGGGTCGTCCTCGTCGGCCAGACGCGGCCACCGGGATTCGGCGTGCTCCCAGGCCGCCGCGGTTGCGTCTTCGTCCTCAAAAAGCGTGTCGACCGCCGCGTCGGCCAGGTGCCGGTCGATGCCCCGCTCTTTCAACTCTCGTCGGATGCGTACCGGGCCGTACTTCTTGCTGGAAAAGCGGTTGTGGGCGTAGTCGTGCGCGTAGGCCTCGTCGTCCAGGTACTCCAGTTCGTACAGACGGGCAACCACGTCGTCGATCACGAACGCCGGCGCGTCGTTCCGCTTGAGTTTCCGGCGCACCTCCGTCTCCGTGCGCGGTTTGTGCGCAAGGTAGTCGAGCGCCGCCTGCTTGGCCTCCACGTACTGCTCGTCGGCCTCAATCTCGCGCACGTCCTCCGCCGTGAGGGCCGTCCCGACCGTCAGGCCGTGCCTGACCACGAGGTCCTCATGCACCCCG
NZ_CP169425.1_gap68	2642150	2645805	3655	CCTCTTTCTCCTGAAACACGTCGGCCGGCACGAGGATGTCGCGGGTTTCTCGGGCGTAGGCGTCCAGCTCCAGGCTCCATCCGGGCCGCAGCTGCGTGTACGTCCCGAGTCCCAACTGCCCCCCGGTTGCAGGCCGGACGCGGTCACTCGCCGGGATCCATCGACTCGATACCAGGTCGTACGCCAGCGAGTACCGATCTCGGAGGCGCTGCAGGTGCTGCACGTGCAGGCCCACGCTGCCCTCCACGACGAGCCACCGCGGATGCACCACGTGCTGCGCACTGAGCCGGGGCGCGAGGTGCACGTAATCCCCCCCGCTGAAATAACCCGCCCGCACCCCCGACTCCACGGTCCATTGGGGCGTCGGGGTCCAGGTGTCCTGCAGATACCCCACCACTTTCGCGGCGGCGACGCGGCTGTCCTGGACGCGGCGGCTGGACGTTCCGCTCGACCGCTGCAGGGTGCTGTTGAGCGTGCTCTCGAATTGCAGTGTAGAGACTTCTAGCCCCCCGGTCCACTCGTGGCTCACCGAGTGGTGATAGTCGGCCCGCACCTTCACCCCTGCGTCGGAGAGCCGGACCCGGTAGTCGGACGTGAGCGACGCGGTCGTGGTCGGTTGCACGAACGACGCCTCCTGGGCCCGATACCCGGAGTAATACCCTGTCGTGGTAAGAAACAGGTCATCGCCGGCGAGATAGCGGTGCTGTGCGCTGACGACCCGATTGTCCCAATTCTGGGCCACCTCAAACAGGAGATCGGGCGGGCGCAGCCAGGACGAAAAATCCAGGGACAGATCAAACGGGAGGCGAAGATCCAGGTCATCCCCCCCGTGGTAGTAGCTAAACGAAAGCCGGTGGTTCGGCCCAAAGCGGTGCGTGAGCTTTGCGCTGGTGTCGAAGAAGTAGTAGCCCGTGCGGAGGGTGTCGCGGCGCCCACTGTCCCCCGTCACCGGATGGCGCCGCCCGATGAGCTTGTCGAGATACGAGCGCCGCCCCGACACCATGAACGAGGTCGACTCCGTGAGGGGCGATTCGACGCGAAACCGTCCGCTGAACACGCTGAGCCCCGCCACGGCCTTCGGGGCGCGTCGGCTTCCGTCCTTCATCTGGGCGTCGAGCACGGCCGACAGGCGCCCCCCGTGCTCTACGGGAAAGGTCCCGCGGTAGAGCTCAGTGGAGCGGAGCGTCTGGGTTTGAAACGTCGAAATCAGGCTGAAGGCGTGCCACGGGTGGTAGACCGGGGCGCCGTCGAGGAGATAGAGGTTTTGGTCAGGGTTGCCCCCCCGCACACTGAGCCCCCCGCTCGTCACGCCCGATTTTCGGATGCCGGGCGTCCACTGAAGGGCACGGAAGAGGTCCGGCTCCCCGAACGAGGGCAGTTGATCGAGCCGATTCAAGGCGACGGACCGCATGCCCGGGAGACGCTCATTGTCGTCGACACTCGTGGACCCCGCCTCCACGACGACGCCTTCCGACTGGATGGACGTGCCGGCCAACGAGATGCGGGCGGGCCCGGCCCCGGCCGTGAGCGTGGTGTCTATGGACTGGTACCCCAGGTACGAAATGCGCACCCTGTAGTCTTTGGGAGGCAGGCCGGACATCACGAAGTAGCCGTCCTGGTTCGTCGTCGCGCCGGCCTTCAGTTGGGTTAGGTAAACGTGCGCGCCCGGCAGGCGCTCACCCGTCTCTGCGTCCAGCACGTACCCTTTGAGCGAGGCGCGCGGCGTGGCCTCTGCGTTGCGCTCGTCGTCGGGCCGGGCCACGAGCACGTATTGCCCCCGGCGCACCCGCTCGGCCCGGACGTCCGTGCCGTCGAGCACACATGCGAGTGCGGCCCCCCGATCCGCTCCCGTGTACGAGCAGCTCGCCGTGCGGTCTTCCACGAGCCGCTCGGCGTAGACGAGATCAAGGTCCGTCTGGGCGCGCACCTCTTCGAGCGCTGCCGTCAGTGGGGCCTCGTCAACACGAATGACAATGGGCGCCTGCGCGCGGGCCTCCATGCCCCCTCCGACGGCCCCCATCAGGACAACAACGACACAGAGAAGGCGCGGCACGGTCCTCGCTGGTGTGGACCCGGAGAGCGAATGAACATCATTCTACTCTCGGCATGGGCCTTCGTTCAGCGAGCGTCAAACTCCCTGAACGTTCTATAAGGGATGGACCTACGTGCACTCCTGCCCGAACGCCCCTCAAGAGCCGGGTTCGAGTCGGTAGGCCTCCCCTTCCTTCCGCACATCCGCCCCCAGCGCGCGGGCGATCGTGTTGAGCACTTGCCCCACCGACCGATTCCGCTCAAAGGTTCCCGTCACGGGCTCCTCGGCAAGGGCCGGCGCGACGGAGATGGACACGCCATAGTGGTTGCGCAACCGCTCCGCAATGACACGCGTGGGCGCGGCCCGGAAGACGAAAAGTCCGGTCCAGTCCAGCGTCGCGGTAAGGTCCACGGGCGCAGGAGAGGTGGGGGCGTCTCCACTTCGGACCGTGCTGCGCTCGCCCGGGGCCAGCACCACCGGCTCGGCCTCATTGTTTCCGCCCGGCCCCACACGCACCCGCCCGTCCACGAGCACAACCTCCGTGGTGTCGTTTCCGGCCGCGACCCCGAATTTCGTTCCGAGCACTTCGGTTCGGGCTGCGGGCGTGGTCACCACGAATGGCACGTCCTCCCGGGCGGTCACATCGAAATAAGCGCGGCCACGCGCCAGCGTGACGCGTCGCTCTTCGGCCGCGTCCATCCCGGGCGTGTAGGACAGCGTGGACGCCCCCACGAGCCGAACCGTCGAGCCGTCCTCAAACTCCACCTGCCGCTGCTCCCCCGCCTCCGCGGTCACGGTCGTCCGCTCCGCCCCTTGCGGCCCGTACACCACAGCCAGGACGGCGGCGCCGAGCAGGAGCGCCGCAACGGTGAGGCGCCACGCCCACTGGCGCCCAGCCCCCTCCCTGCGAGCACGTCCGGGGCGCCGCGGGGCGCGCTCGTTTCGGTCCGTCTGCGAGCGGCGGTCTGTCTTGTCTTCCGCGGCCCAAATCTCTTCGCGGTGCTGTGCCCACACCGTTTCGAAGTCGGCCCGTTCGTCCTGCACTCGTTTCACCACCTGCTGGAGGGCCGGAACCGCGTCGAGGGCGTCGGCAATGGCGGGGCGTGCCGCGTCGAGGGCCTCGGCCTCCTCGGGCGTCAGAAGGTCCTCCCGGCCCTCTTCGGACAGCGCATACAGGACGAGAAGGCGCCGGTCGGGGACATGCTCTTGGAGGCGCTCCCGCAGCCGGGCGCGCACCTGCTGCCAGCGCGCCCAGCCGTCGGCCAGCGCCGGGTCTTCAGCGAGTCGTGCCCGCAGCTTCGCCCGCTGCTCGGAAGAAAGGGCGTCCTCAAACAGAAGAGGACCGTACGCGTCGTCCATGGTCCGAGTAATCGTATCCGTCAGGAAAAGAACCGACTCCGAGGCCGGGGGCCGAGGGGGCCCTTCCCGCCCCGAACGGACCCGACCAAAGGGGTAGCCGCTCCCGACGCCGGGAAAGTAACAGTTCCGGAAATATGATTACAGCCCAAAGAACCAGGCGAGAAGGAGCAGGGCCGTCAGTGCATCCTTCATGGTTTCGAAGGCACGCTTTACCTGCATCTTGACCGCCGCCTCCGTCGTGTCGAGCATCTGGGCAATCTCTCG
NZ_CP169425.1_gap69	2672005	2675279	3274	GCGTCGGCGTGTCGGCGCCGAATTCTCCGTCGAGCGGCTGGCCGGGGCGGGTCAGGTAGAAGGCCTCGCCCGTCCACTGGTTGCTGCCGGACTTCGTGGTGACGTTGAAAATGCCGTTCCCGGTGCGCCCGTACTCGGCGGAGTAGGTGCTGGTCAGCACGGTTACGTCTTTCACGATGCCCGTCGGCACGTCGAACTGCGGCCCGCCCAGGAACTGTTCGTTGTTGTCCATGCCGTCGATCAGGTACTGGGTATAGAGGCCGTTCGTCCCGTTGATGGTGACGTTGGGGGCCTCGGCAAAGAAGCCCGTCGACGGCGTGACGTTGGGCAGGCGGTAGAGGCTCTGTGTGAAGTTGCGGCCCTCCACGGGCAGATCCTCCAGGGTGGCGGCCGATAGGCTCGAGGACACCTCCGCGTTCACCCGATTCACGTCCGCCACGCTTCGCCCCCCTTCCACCACGACCTCGTCGAGCTCGTACGCGGCCACGGGGCGGAGGACGAGGGTCACGCTCCGGGTCGCGTCCGCCCGCAGCTCGACGTCGGACACGCGCGCCTCGTAGAACTGATCGTTTTCTTCGATGAACACCGAATAGGCCCCTGCCGTGGAGAGTCCGCCCCACTGCGCGGTGCCCTGGTCGTCGGTTCGGCGGTTCGACTCGAAGCCGATGCCCTCATTTACGAGGTGGACGACCGCGCCGGACACCGACTCGTTTGCTTCGACGTCGAACGCGTGCACCTCCAGGGCCGCCTGGCCGTGGGCATTCGGGGCGGTGAAGCCGACAAGCAGAAGGAACAGACATGCCGTCCACAGCGCACGGTGGCGTCGTGGAGACAGAGTAGGGGTGGTACGTGAAGTCATGGGACACATTGACGCTCGATACGAAAAACCTACAGTTCACGGACAACGTCCAGCGCGGGCGCACGAGTCGGGTGAGACATCGGCCGTTCGGGGGAGGCATACGCCTCCCGCACAGAATCCGCAGTGCGCCCTGGATAGACACGGGCAGATGAGAACCGCCCATCTTTGATGAGCCGCCATGCGACGGGAGGAGCCGTCAGGCCCTTCAGCGGCGGCTCAGGAGAGAACTGTAGGGGGGTGCCCGGGACCGACGCTCCAGGACCGGACGCGTCGTGCTTCGAGCCGGGACGTGAGAGGTGCAGTGGGTGCTTCCAAGCACTCGACGAAGACGCGCCGCGAGGGCCCCAGCTCGATTTCGACGCAGCAGCGCACGGAGCTCCGCGGGCTCATTTACATCGTCGCGCACGGCGAGACGGACGGGCGCGACCCCGGACGCGGCCACGAGGTGGCGGTGTAGGGCCGGAAACAGCCTGTCGGTCGTCCACGGAAGCGCCGCAAACGCCGCGTGCTCAAACTGATCGCGGGAGAGCCCAATCAGGTAGGCCCCGTCCTGGCCCGACGTGGGCCCGAGCACGGGTCGCCCCGCTTTCAACTGCTCGGTGACTGCCGCCCAGTCGACCTCGTGCAGGGCCGGGCAGTCGTTGCCCACGGCAATGACGTGCTCGTACCCCGCCGCAAACGCGTCGGCGACGGCGTTGGCGAGGCGCGCGCCGAAATTGCGCCCGCGCTGCTGCGCACCGTTGACCTCGATCGCGGGCAGCCCGCTGTCCGCCACCGCCCGTCGGGCATGGTCGTAAAACGCCGCGGCCACCCGTCGACTTTGGGCGTAGTCCTGCCCCACGAGCTGTTTGTTCAGCCCCTCCCGTTCCGGGCGGCGGCTGAAGAACAGAATGGCGGTGTCTGCGTCAGGGGTGCCGATGGCAATTCGTCGCGTGGGCCGGATTTAGTGCAGGAACGAAAGGGACCGATGCTTGCTGTCGGTGATTCCCCTCTGTCCATGTGGGGTATGTTCGGGGACGGTGCCGTTACGTGCTCAAGTATGACCATTTCGCAAACCGTCTCGCCCCCTCCCCGGTCTCCGCGTTGCCCTACGTCTGTACGCGCTGGTCTGTCCGCGCCCCGTCCCCCCGCGGTGCCACCTGATCGGCGTACTGCAGGTCGTACAGCTTTCGGTAGAGGCCGTCCGCCGCCAGCAGCTCCTGGTGCGTGCCCCGCTCCCGGATCTCCCCCTTGTGCATCACCAGAATCTTGTCCGCGTCCTGGATGGTGGAGAGGCGGTGCGCGATGGCGAGCGTGGTGCGCCCTTCCGTCACCCGCTCCAGGGCCCGCTGGATGAGGGCCTCCGTCTCCGTATCGACGCTGGAGGTGGCCTCGTCGAGCACCATCACGTCCGGGTCGTACAGGAGCGCCCGCACGAACGCAAGGAGCTGCCGCTGGCCGCGCGAGAGCGACGAGCCCCGCTCCTTCACGTCCTGGTCGTACCCGTCCGGCAGCCGCTCGATGAGCTGATCGGCCTGCACCGTCTCGGCGGCGCGTCGCATCGTCGCCTCGTCGATGCTCGGGTCGTCGAGCGTCAGGTTGCGCCGCACCGACCCGCTGAACAGGAACACGTCCTGCGGGATGAGGCCGATGTGCTCGCGCAGGTCGCGGAGCCGCAGGTCGCGGATGTCGTGCCCGTCCACCCGAATTTGGCCGCGCTGGATCTCGTAGAAGCGCAGCAACAGGTTCATCACCGTGGACTTGCCCGCGCCGGTCGCCCCCACCAGCGCCGCCATCTCGCCGGGCTCCACCCTGAACGACACGTCCTCCAGCACCCAGTCGGGGGTTCCCGCGTCGTCCTCCTCGTAGGCGAACCACACGTTCTTGAACTCGATGGTCCCCTCGACCGCGTCGAGCTCGACCGGCGCGCTGGGCGCCTCGATGCTCTCGTCGGTGTCGAGCAGACTGAAGACCCGCTCGGCCCCCGCCATCGCCTTCTGCAGGGTGTCGTACTGGTTGGACAGGTCGCGGATGGGCCGGAAGAACTGCCGCGCGTACTGGATGAACGCCACGAGGACGCCGAGCGTGAGGGCCGAGCCGCCCAGGGCCCGAAAGCCGCCGAACCAGAGCACCGCCGCCAGGGCCAGGTTCGAGATAAACTCGATGGACGGCCAGAAGATGGCGTAGTAGAAGATGGTGTGGAGGTGCGCCGCCCGATGCTTGTCGTTGATGCCCTCAAACCGGTCCTCCTCTTCGTCCTCCCGATTAAAGAGCTGGACGATGTGCATCCCCGTCACGTGCTCCTGAATGAAGGAGTTGATCCGGGCCATCTGCTTGCGCGTCTCGCGGTACTGCTCCCGCACGTTGCGCCGAAACCAGAACGTCACCCACACCATCAGCGGCATCACCAGGAGCGTCACCACCGCCAGCATCCAG
NZ_CP169425.1_gap70	2738012	2740749	2737	CCGAAACGTGGCGTTCATGGTGGACCGGTCCTCCGGGTCGACGGTGCCCCGGTAGAAGTCGGTCGCGTCGATCGCGTCGTAGAGCATGCGCGCCTTCCGCCGGTTGATGGCGTGGATGGCGTCGATGCCCCCCTGGTTGCGGAGCCAACGGCAGACCTTTTCCACCATGTAGATGGCAAAGACCGGCGGCGTGTTGTAGCGACGCTCCGCGTGGGTGCCGTAGTCGAGCATCGTCGGGAGCGGCTGCGTGCGACGCTGCAGAAAGTCGTCGTGCACGAGGACGACGGTGACGCCCGCCGGCCCGACGTTCTTCTGGGCCCCGGCATAGATGAGCCCGTAGCCCTCCAGGTCCATCGGGCGGCTCAGAAACTCGCTCGACGCGTCGGTGACGACGGGCACGTCGAGCACCGGGTCGTCGGTCATCTGGTTGCCATTGACCGTTTCGTTGGTCGTGATGTGGACGTACGACGCGTCCGGGGTGAGGTCCCATTCCGCCACGTCCGGCACGTACGAAAAGTCCGCGTCTTCGCTGGAGGCCGCGACGTTCACGCCGCCCACCCGTTCGGCCTCGGCGACGGCCTTCACGCCCCACCGCCCCGACACGACGTAGTCGGCCACGCCGTCCTCGGGCAGAAAGTTGAGCGGCACCTGGTAGAATTGCATCCGGGCCCCGCCCTGCAGAAACAGAATGTGCCAGTCGTCATCCAGGTCGAGCAGGGCACGAAGATGCTCCCGGGCCGACGCTTCGATCTCGTCGTACGCCGGCGATCGGTGGCTAATCTCCATCACCGAGGCCCCCACGTGGTCGTACACGGGCAGTTCGTCCTTCACCTCACGCAACGCCTCCACGGGAAGCGTGGCCGGCCCGGCCGAAAAGTTGTACTGGCGCTGGCTGCGGTCGGCGGGCCCCGCAGCGTCGGAAGTAGACATGAGCGAACGGTTGATTCAGTAGGAGAGAAGCACAATGGGTCGGCGACAGGGCCCCCTACCGCCCCGAGGCAACGCAAAGTGGCAACGCACACAATGCGGCGGCGCCGCGCAACAAAGCATCCCCCGCACAGGGTGTGTCGGGCTTTTCCATATCGTCCACTTAAGATAGCAACGTGCGCGCGGGAAAGACACCTGCGCCCTCCCCACCCTGCTTGCCGTTACACGAACATTGCGCCGGGCTCACGCCGCCCGTCCGGCTGCCTCCCACAGCAATGCCCCTGCACAGATCGACCATGCAGGGGCACGGAAAATCCGAAAATGGGACGATGTCCGCGGCGTCCGGACGGTCCGTCCGCACTACGGCGTGACGATGTTTCCACCTTCGCCGCCGCCTCCGCCGTCGGGCGAGCCACTGCCTTCGGCAACGTCGATCACTTCGATGTCGAAGATCAGCGTGCGTCCCGCCAGCGGGTGATTCGCGTCGATGGTCACCGAGTCTTCCCCAAGGGCCGTGATGAGCACCGGGACGGTCTGGCCGTTCTCCAGTCGCAGCTGAAGCTGCTGACCAACCTCCGGCTCCACCTCGTCGGGAATCTGGTCGTGGTCCATCTCCATGACCATGTCTTCGCGGTGCTCCCCGTAGGCCTGTTCCGGCTCCACCTCTACGGTCTTCTCGTCGCCCGGCTCCATGCCCGTTACGGCCTCCTCAAACCCCGGAATGACACGATTCTCCCCAATGGTAAAGCTCAGGGGCTCCTCCTCGGACTCGTCGAACTTCGTGCCGTCTTCCAGTTTTCCGGTGTAGTGGACCTGGACCTCGTCTCCTGTATTCGCTTGTGCCACGACGCTATATCGGTCTGTTGCGATGGGTATGAGTAATAGCAATCACGACGGTGTAACGCGTCGTGCAAACCAGTGTTCGGGAATCCCGGCAGATCGCGCGTTCTTTACCTGCCCATGCCTGCGCGGTAGCGCCCGCAATTCGGCCCGTCTCCGAGGTGCGACGAACTCGTAAGGGATGACGGCGGCCCGTCGGTCCAGGGAATATTCCCACGGGTTAGGGATTGAGGCTGGTCCGTAAGTCTTTTCAACTACTCCAAATAGCCAATGACCACCTACGCATCGCGCTTTGTCTTTCTTCTCGGCCTCGGCCTCGCCCTCCTTGCCGGCCCGGCCGTCGCCCAGCAGGACGACACGGGCGCCGACCAGCCGGACGTCGTTGATACGGCCGTCCAGGCCGATGGCTTCAACACCCTGGCCCAGGCCCTGAAGGCGGCAGACCTCGTGGAGGACCTGAAGGGCGAGGGGCCGTTCACCGTCTTCGCCCCGACCGACGCCGCGTTTGAGGCGCTGCCCGACGGGCAGCTTGAGTCCCTCCTGCAGCCCGAAAACAAGGAGCAGCTCCAGGCCATCCTGCGATACCACGTCGTGAGTGGCGCGGTCATGGCGTCGGACGTCACCGGCGCGGACGCCGTCCCGACCTTTGAAGGGCGCTCCATTCAGGTGCAGGTCGACGACGGCACCGTCCGCCTGATGGGCCAGAACACCGCCACTGTTGTGCAGACCGACCTCGAAGCGTCAAACGGGGTCATCCACGTCATCGATAGCGTTCTGCTTCCCCCGGAGGCCAGCGACGGAGGCATGTAGTCCCCTCCTTCTTCTCTCGTCCCCAAGGGCGTGGCCGGGTGCCACGCCCTTTTTTGTTTGTCGGGATCGGGTGTCGGTGATCGGAATCAGGAGACGGCCTGGGGGGCGCCCTTCTCCCGCTCCCGGTACATCTTCTCGACGATCACCATGTGGGGAAGGG
NZ_CP169425.1_gap71	2748686	2750261	1575	GGCGCCACGCCCTCGTCGGCCACCCACTTCCCCGACCGCGACGGCAACGTGCGGCCCTACAAGGTGCTGGGCCACCAGCACCGCCCCGAAATCCGGCAGACGCTCGGCACCCACGTGTCGCTCGATTTCGTGCCCGCTTCCGGCCCGTGGACGCGCGGCATCTGGGGCACGGCGCAGATCGAGTGGCCGAAGGCGACCGATCCGAACACGGTATCTTCGTGGTACGAAGAGGCGTACGCCGGCGCGCCGTGCGTCCGCTGCTCGTCAGACAGACTGCCTTCGCTCCAGCCCGCAGTGGGCACCCCGTTCTGCGACCTCGGGTGGAAAACGGACGGCTCGACCCTCGTCGTCGGCTTTGCCCTCGACAACCTGCTGAAGGGCGCCGCGAGCCAGGCCGTCCAGAACCTCAATCGCATGCTGGGACTGCCGGAGACGGCGGGACTGCTTACTTCGCCCGTGTCAGTCTCCACTTGACAGAACGACCGCGGACGGCCGACGGCGGTCCGCGGTCTCATATCTCTTCCACCCGTAACTAGCACGCCAAATGACCACCGCCGAGACTATCGACATCGAGCAGCAACTCGAGATCCCGACGTACGACAAGATGCCGATGGCGCTCGTGCGGGGGGAGGGGCCCTACGTGTGGGACGCCGAGGGCACCCGGTACCTCGACTTCTACGGGGGGCACTGCGTGTCGCTGCTCGGCCACTGCCACCCGAACGTCGTGGCGGCCGTGCAGGCCCAGGCCGAGCAGCTCATCTTCTACTCGAACGTCGCGCACAGCCCGGTCCGCGCCCGGGCCGCCCGGCGGCTGGCGGACCTGGCCCCCGACGGCCTCGGCAACGTCTTCTTCGCCAACTCCGGCTCGGAGGCCAACGAGACGGCCCTGAAGCTGGCCCGGACGTACACGGGACGGTCCGGCGTCGTGGCGATGGAGCAGGGCTGGCACGGACGCACCCTCGGCAGCCTCGCCACCACGCACGACGAGACGTACCGCGCCCCCTACACGGACGTGCTTCCGGAGACGACCTGGGTCCCGGTGGGCGACCTCGACGCCGCGGAGGCGGTGCTGTCCTCTGAGGAGATTGCGGCCGTCCTCCTGGAGCCGATCCAGAGCATCGCCGGCATGCGGGCGATGCCCGCCGACTACGTGCAGGGCCTCCGTGCCCTCTGCGACGCGACCGGCACGCTTCTGATTTTCGACGAGGTGCAGACGGGCGTGGGGCGGACCGGCACGTTTTCCATGAGCGCCCCCCTCGGCGCCACGCCGGATCTCATTGCCCTCGCCAAGAGCCTCGGGGCCGGGGTGCCGGTGAGTGCCGTGCTCGTGGACGACGCCGTGGCCGCAGCCGTGGACCCCGGCGACCAGGGCTCCACGTTCGGCGGGGGGATGCTCGCGATGGCGGCCGTGGAGGCCACCCTCCGGACGCTGGTGGAGGACGACCTGATGGGCCGGGCGACCGACATCCACACACAGGTGGCCGAGGCCGTGGGGCCGGTCGTCGAGGAAGTGCGCGGGCGCGGCTGCCTGATGGGGCTCAAGCTGAACCGGCCGGCCGAGCCCGTGATCGATGC
NZ_CP169425.1_gap72	2770626	2774305	3679	CGCACCCTTGGACTCTCGCTTCTTTGGCTCCTCTTCGTCGTCGCGCCGACCTCGGCCCAGGACGCCGATCCGTTCGTGCGCCACCCAGCCGTGCACCCGGACGGCGACCGGATCGCCTTTTCCTATCAAGGGGACCTCTGGACCGTCCCCGTCGACGGCGGTGCGCCCGAGCGCCTCACGATCCACGAGGCCTACGAGGGGGAGCCCCGCTGGGGCCCCGACGGCGACCGGATCGCCTTCACGAGCGACCGCTTTGGCAACGACGACCTGTACGTGATGGACGCCGCCGGCAGCACGCCGACGCGCCTCACGCACCACTCCACGGGCGACGCCATCGGGGGGTGGACCCCGACCGGGAAGCTCCTCTTTACCACGCGACGCACCTACGCACAGGCCGAGTGGTCGGACGAAATCTACGCAGTGGACGGGGACGGCGGCACGCCCGACCGGCGACTCGACGCCGTGGGCAGCGCGCCTCGCATGTCGCCCGACGGCCGGTTCATCGCCTTCGAGCGCGGGTACAACGACATCACCAAGAAGGGCTACGAGGGCCCTGCCGACCGCAACGTGTGGGTCTACGACACCGAAAACGACACGTACACGCAGGTGACCACCTACGCGGGCAACGACCACACGCCGGTCTGGACCGGCCCGCGCACGCTGCTGTACGTGAGCGAGCAGAGCGGCACCTACAACGTTCACCGGCTCGCCCTCACCGACCAGGGCGCGGCCGACGGGGCGCCCGAGGCCGTCACCACGTTCGACGACCACGACGTGCGGAGCCTCAGCGCAAGCCAGGACGGGTCGGTCGTCGCCGTCCAGCGGCAAACCGACATCTACCTGATTGAAAACGGCGGCGAGCCGCGCCCGCTGGACGTTACCGTTCCGGCCGACTACCGGTTCGACCCCACCGAAAAGATGCAGATGACCGACGGCCTCCGCGACTACGCCGTCTCGCCCGACGGCGAACAGGTGGCCCTCGTGCTCCGCGGAGAAATCTTCCTCATGCAGAACGACCCGGAGGAGCCCCGCACCACGCGCCTCACCGACCACACCCACCGCGATCGGGGCGTGGCCTGGATGAGCGACTCCACCCTCGTCTTTTCCTCGGACCGGGGGGGGAATCAGTACGACCTGTACAGACTCGAGTCCGCCGACCCCGAGCACCCGGGCGACCTGTACGACGCCCTGCAGCACCACGTGACCCAGCTTACGGACACGCCGGAGGATGAGCGGGTGCTGGCCATGGATCCCGACCGCTCGCACGTCGCCCTTCGCCGGGGCGCCATGACGCCCTACGGGGCCGGCCAGCTCCTAACGGCCGCCGTGGCGGACGGAACGATCGAGGACGCGACCGTGCTCGCAGAGGGCTGGAACGCCCCCACCGACGTGGCCTGGAGCCCCGACGGCGACTGGCTCGCCTATAGCCAGAACAACCTCAACTTCAACGCCGACGTCTACGTCCACGCCGCCGACGGCTCCACCGGCCCGGTCAACGTAAGCCAGCATCCCAAGAGCGACACCGAACCGGTGTGGAGCCCCGACGGCTCGAAGCTGGGCTTCGTCTCCGACCGCAGCGGCAACGACGCGGACATCTGGTTCGTGTGGCTGGAGGAGGAGGACTGGGAAAAAACGAAGCGCGATTGGGAGGCACTTGAGGACGAAGACGAGTCCGGTGCGGAACGCTCCGAGGACGACGCGCCCCCCGAGGTAAACATCGACCTCGCAAACATCCACGACCGCCTCGAGCGCGTCACGGCCCTGCCCGGGGGCGAGGGCGATCCCGTCATCGCCGCGGACGGCGACACCTTCTACTTCGTGGGCGGCCGGGACGCCGGCCCGGCCGACTACGATTCCGAGGTCGACCTCTACCGCATCCAGTGGGACGGCTCCGAGCGGACGCGCGTCACGGAGCGCAACGTCGGCCCTTCCGACGTCCGCCTCTCGCCGGACGACTCCCAGATCCTCTTCACCCACTCCGGCGGCCGGCTGGCCCGCGTGCCCGTCGCGCAGAACGAGCTGGAGCGCCTCTCCTTCACCGCCTCGATGACGGTGGACCACGAGGCGGAGCGGACCCAGATCTTCGACGAGGTGGGCCGGGCCCTGAACCAGGGCTTCTACGACCCCGACTTCCACGGCGACGACTGGGACGCACTGCTCGAGGAATACCGGCCGCGCGCCCTGGAGGCCTCCACCGCCCAGGACTTTCAGGCCGTCGTCAACCGCATGCTCGGCGAGCTCAACGCCAGCCACATGGGGTATTACGCCGGCGACCGGGCCGAGACGCAGGACGAGCGCACCGGCCGCCTCGGCGTGGAGCTTGACCCGGTCGAGGCCGGCGTGGAGGTGCAACGGGTGGTGCCCCGTTCCCCCGCCGACCGGGAGGTCAGCACGCTTCGGGAAGGAGACGTGATTACCACCGTGAACGGACAGTCCGTGGCGGCGGCCAACAACTTCTACGGGCTGCTGGAAGGGACCGTCGAGGAGAAAATCCTCCTGGGCGTCACGAGCCCCGACGGGGAGACGCGCACGGTGCGGATCCGCCCCACCGGGAGCCTCGACGATGCACTGTACCGCGAGTGGGTGGAGGACCGCAAGGAGCTCGTCGACGAGTATTCCGACGGGCGCCTCGGCTACGTCCACGTGGAGGGCATGAACTGGGAGAGCTTCGAGCACTTCGAGCGGGAGCTGTACGCCAGCGGCCACGACAAAGAGGGGCTCATCATCGACGTGCGCTACAACGGCGGCGGCTGGACGACCGACTACCTCATGACGGTGCTCAACGTGCGCCGGCACGCCTACACCGTGCCCCGCGGTGCCACGGACGACCTCGACCGGAACCACGAGCAGTTCCGCGGGCACTATCCGTTTGGCGAGCGCCTCCCCTACGCGGCCTGGACGAAGCCGGTGGCCGCCCTCGCCAACGAAAACAGCTACTCCAACGCCGAGATTTTCTCCCACGCCTTCAAGAACCTCGACCACGGAACGCTCGTGGGCCAGCCCACCTTCGGGGCCGTCATCTCGACCGGCGGGGCGGGCCTGCTCGACGGCTCCTACGTGCGCATGCCCTTCCGGGCGTGGTATGTCTACCAGACCGACAAAAACATGGAGCACGGCCCCGCCCGGCCCGACATTCAGGTCGAAAACCCTCCGGGCATCAAGGCGGAGGGCGAGGACCCACAGCTGCGACGCTCCGTGGAGGCCCTCCTGAACGAGAACAGCGAGTAGGCAGGCGGGTCCTTCCCTTTTCCCTGACGGACGCCACGTCCCCGGGCGAGACGGCCTCCGGGCCGTGACGCCCGCCCCGACGGGCAACTCCGGAACCGAACGGCCGGCGCGCTGTGTAGAAAGATTGGTCGCAATCGTCTTCCCCACACCCACAACTCCGCTCCATGCCCGAGAACGTAGACCTCAATGCGTTGCTGTTCGACATGGATGGCGTCCTGGTGGACGTCTCCCGCTCGTACCGGCGCGCGATCGAGGAGACCGTCGAGCACTTCACCGGCCGCCAGATCGGTGAGAATGCCATCCAGCGGTACAAGAACTACGGCGGCTTCGAGGACGACTGGAAGCTGACCCACGCCATCGTCACCGACACGGCGATGGAGGTCCCCATCAGCCGCGTGATCGACGAGTTTCAGGACCGCTATCGCGGCGACGATTGGGACGGCTTCATCAC
NZ_CP169425.1_gap73	2785879	2788991	3112	CGTGTCCCACCCGGCACACATCCACAACAACAGTGCATCGGAGGGGGGTAACATCGCGATCTACCTCAGCCCAATCGACGGCACCGGCGGAGGGGGGACAAGTGCTCGGGTCGTGGACCGATCGTTTGATCAGCTTGCCGACTTCGACGGATACATCAACATCCACCAGAGCGCCGCGAACCTCGGCAATGTCGTCGCGCAGGGCAACATTGGGGCCAACGCCGACGGCCAGACCAGCGAAGGCTTCAACGTAGTGGACAATCCCCAATCAACGACGTACTCACTGTCCGCCAGCTCGAACGATGGCAGCGTCGCTCCGGACGGCATCCCGGGCCAGGTGACGTTTAACGAGGTGACCAACGGAATGACAATCGTCACCTGGAAGCTCGATGTCGACGGTGACGAGCAGTACGAGGACGATGCAACGGGAGCGAGCGTATCCCACCCGGCGCACATCCACAACAACAGTGCATCGGAGGGGGGTAACATCGCAATCTACCTCAGCCCTGTTGACGGCACCGACCCTGCGGCTCGGAGCAGCAAGCTCGTCGACCGCTCCTACGACAACCTGACGAGCTTCGACGGCTACGTTAACGTTCACCAGAGCGCCGCGAAGCTTGGCAATGTCGTCGCGCAGGGCGACATCGGCGCCAATGCCAGTGGCGGCGACGATGGCGGCGGGGGCGGCGGTGGAGGTGGGGGCGGCGGATACTAGTGCATCCCCGCTTAGCGTCACGTATCACACGAACCGGAAAAGGGACCGTCCGACCACGTGTCGGGGGGTCCCTTTTCCTGCTCGTGTTTCTGCCCCGTACGTCCATTTGGACCGACGGGCCTGCCTCCGATCACCTTCGTTGCTGCATTCCTGTGTTACTGCATTCCTGCTTCCAATGGACGACGAACCCGCAATTCTCAATAATCCAGGTTTTCAGTAACGACAACGACCTTGGCACCCTCGCCTCCGCGCTCCAGGCCGCGGATCCCGCCGAAACCCTTGGCAATGAGAATGCCACCTTTACGGTCTTTGCCCCGGCCAATCCGGCGTTCGACAACGTCGACGTGCAGAGCCTGACCAACAACCCGGACCCTCTTCGGGACCTCTTGAACTTCCACGTCGTGCAGGGGGAGGCGCTCACCGCCAGCGACTTGGAGGGACGCGAGAGCGTCACGACCGTTGAGGGCCAGGAGCTCCAGATCGGATCCGAGAATGGCACGCTCACGGTCGGGGGCGTACCGGTGAGCCAGTCCGACGTTGAGGCCAGCAACGGCGTCGCCCACGTCATCGGCGGCGTGCTGATTCCGGAAAGCTTTCCGCGACGCGTAAGCTACGACCTCGCCGCCCAGTCCAACAGCGGCGCCATCTCGAGCGGGGTTGAGGGAACCGTCACGTTCTGGGAGTACAACGACAGCCAGACGCTCGTGACGCTGTCGTTGGACAACGGCCCGACCGGGGCCAGCGTCTCGCACCCGGCGCATATCCACAACGAGGGGGATGGAGAAATCGCGATTTACCTCTCATCTCTGGACGGAACGAATAGAAACGAGGCAAACGACGGCACCTCGGCCCGTCTCGTAGACCGGTCCTTCGATACCCTTGCGGGCTTCAATGGATACGTGAACATCCACGAGAGTGTCGAAAACCTCGGCAACATTGTCGCCCAGGGCGACATCGGGTCCAATGCGACGGGCACACTCGGCGCGGGACTCTCGCTGGCCGATAACCCGACGACGAACACGAAGGAGCTGACCGCCCAGCCCAACAACGGCGACTTTTCGAATGGCGTGCCCGGCCAGCTTCGACTCCGTGAACTCACGGCCGATCAGACCCTCGTCACTGTCCGGCTCGACCCGGATGGCGACGGCGAATTTGGGGATGGGCCGACGCAGGCCACCGTTTCCCACCCGGCCCACATTCACGGTTCGGGGGGCGCCATTCAGGACTACCTCAGCCCGGTGGATGGGACCGATTCGAAGGCGCGAAGTAGCCAGATTGTACCGAACGACGTCCTCAACAGCGACGGCATCTACGTGAACGTGCACGAGAGTGCCGCCAACCTGCAGTACGTCGTCTCTCAGGGTGACGTGGGCTCCAGCAGCGGGGGAGGCGGCGGCTACTAAAGGCGCTTCCACGTCCGATGACCGATGTCCCACGGGCCTCCTTCTCCTTCAAGGAGAAGACCCCTAGCAACCCGTGGCCGCGCCGGATCTCCTCCCTCACCCAGGGGGGGAGGTCCGGCGTTTTTTATGATCGACGCTCGCGGAGTGGGTGGAGGATCGGCGTCCTGGTGCGCTCTCGTCTACGAAGAGAAGTCTTGTTACATTATTTTCATTACTATGGGTGGTTGTGATCAAGATCGTACGGGTCTAACGGATGCTTATGGACGTGCTTATTGGGTCGGACAACTTTTGATCGACGAGTTTCTCTCGGTGGTTCTTCATCCATTGCTGTTTCGCCCTTCCGATGACGATGTCCCCCTCCTCGTCTGAGGATTCGACGCCCCGGCCCGGCGCTGCGCCGCGGGCGGGTGCTTCGCCCCCGGAAGACGACGAGCTCTCCTTCGACGTCTTGCGGAACCGCCTTGGGACGGGCGACGAGGCGGCCTTCGAACGCATTTTTCGGCGGCTCTCCGAACCGGTCTTTCGCTTCGTGTGCGGCATGGTGCAGGATGAGGCTCTCGCCCACGACATCACGCAGGATACATTTGCGAAGCTCTGGTCGATTCGCGACCGGATGGACACGGTCGACTCGCTTCAGGCCTACGTGTTTCAGATGGCCCGAAATCGCGTGTACAACCATCAGCGCGACGAGGCGGTACGCCGCGATCATGAGCAGGACGTGCGGGACGCCCATCCCGATGCCTCCCCGCCCGCTCCGGACGAGACCCTCGACGCCGATCTGCTTCGGTCCCTGCTCGAACGATGGATCGCGGAACTGCCCGACCGGCAGCGCGAGGCATTGACGCTGCGCCGGCAGAAGGACCTCAGTCACGACGAGATCGCCGAGATCATGGACGTGTCGCCGAACACGGTCAACAATCACATCGTCCGGGCCATGCGTACCCTGCGCGAGCGTCTTGGTGAATACCGTCCAGATGTACGGTCCGAGCCGTGA
NZ_CP169425.1_gap74	2820927	2824971	4044	GTACCTGTTGAGCGGCACCGGCAGCTTCGCGACGCCCATCAACGCCATCTTCGAGAGCTTCAGCGGCTTTTCGGCGACCGGGTCGACGATCCTGCTCGACATTTCGATCGAGAAGCATGGGGCGGCGCTCATGCTCTGGCGGCAGCTCACGCAGTGGATTGCCGGCATGGGCATCCTCGCACTGGCGGTCGCCGTGTTGCCGCGCCTGTCGGCCGGCGGCGCCCAGTTTCTGGATGCGGAGGTGCCGGGCCCGCGCCTGGAACGGCTCACGCCCCACATCGCCGAGACGGCCCGGCGCCTCTGGCTGCTGTACATCGGGTGCTCGGTGGTGCTGCTGGTGCTGCTCCTCGGGGTGCACTACGCCGGGCTCGCCCCCCGCATGACGCCGTACCAGGCCCTCGCGCACGTCTTTACCACCATTCCCTCCGGCGGCTTCTCGCCCCAGGCCCGGAGCATCGAGGCGTTCGGCCCTGCGGTGCAGTGGATCCTCGTCCCGTTCATGTTCGTGGCGGCGATGAACTTTACGCTGCTCTGGCAGGCGATCGTGTCTACCCCGACGGCCCCTGCCCGCGATACGGAGTTTCGGGTGTACCTTTCGGTCTTTGCCGTCGGAAGCCTCCTGGTGAGCGCCATGCTGTGGGGCAACGGGCAGTTTGCCGGCCTCGAAGAGACGCTCCGGCACGGCACGTTCCAGACGGCCACCCTGCTCACCACCACCGGCTACGCGAGCACCGACTTCGCGGTGTGGAGCGAGGAGGTTCTCGTGGTCCTATTGCTCCTCATGTTCGCCAGCGGGTGCGTGGGCAGCACGTCCGGCGGCCTCAAGCTCATGCGGTGGACCGTGGGCTTCAAGGTGATTGGGCGCGAGCTCTTTCAAATGATTCACCCCTCGTCCGTGCGCCCGATGTGGCTGGGGCGCCGCACCGTGAAGGAGCCGGTGGTGCGGGGCATTCTCATCGTGATCCTCACCTATCTGCTGCTGGTGGTCGGCGGCACCGGCTTTATCGCCGTGGACGCCCACCGCGTGGGGATCGACCTCTCCATCAGCGAAGCCCTCTCCGGCACGCTGGTGGTCCTGGGCAACATCGGCCCGGGCTTCGGCGCCGTCGGGCCGATGGGCGGGTTCGAGGCCCTGCCGGTCCCGACGAAGGTCTTCATGTGTCTGCTGATGGTGGCGGGCCGCCTGGAGGTAATGACGTTCCTGGTAGTCCTGAGTCCCAGTTACTGGCGGGGGTAGCGGAGAGCGTGGGCGAATGGGCGCGTGGGAGAGAGTGTGAGCGCAGGGGCACGAGAATGGAGCACCGGTGCTGCTTTTCGATGAGACAGTGGAGGGCCGACGGCGGACCGCCGCCTCCCGTTCACAGGACTGCGTTTTCTCCCCACGCGGGCAGGGCTGGGGCGCCCCCGCTCCGACAATGACGCGGGCCACCGCGTGCATGGCGCTCTCCGGCTGTATCGAGAAGACGGCAACGCCCCATTCCCTGGGTTCCGGATTGTGTCTTCTTCGCTCGCCCGTTATTCTGGATCTGTGCCCCCCGCATGATGTCCGTCCGGTCCCTCCCTCCTCGACAGCCCCCCTCGCATGGTCGAGTTCGAGCTGCTCCGAAGCTTGGGCATCATGCTGCTGGCCGCCCTCGGGGTCGTGCTCGTAGCCCGGACTGCACGCGTGCCCAACATCGTGGCGTACATCGGGGCGGGGCTGTTGCTCGGCCCAGCCCTCGGGGTGCTGACGGTAACCCATACCATCGAGCTTATCGCCGAGTTCGGCATCATCCTGCTCCTCTTCCTCGTAGGGCTGGAGCTGAGCCTCGACAAGATTAAAGCGGTGGGCACGACCGCCTTCGTAGCCGGGGGCGTGCAAATGGGCGGCACGGCGCTCGGTGGGGGCCTGCTGGCAGGGCTCGTCGGGGTGCCGGTCGTCGAGGCCGTCGTGGTGGCCGTGGCCATTATGTTCAGCAGCACGGTCGTGGTCGTCAAGATGCTCGAAAAGCAGAGCGACCTCGACGCGCCGTACGGGCAGATTGCCGTGGGCGTGTTGTTGGTGCAGGACCTCGTGGTGGTGATGGTGCTCACGTTCGTGGCCGGCCTCGCGGGGCCCGGCGAACTCGCGTGGGCCGACGTGGCCCGGGGCCTCGGGCAGGCCTTCGTGGGAATGGTGCTCCTGGGCGGCCTCATCGCGGCGGCAGCCCGCTACGTGCTGCCGCCGGCCATTCAGTGGATTTCCCGGATGACCGAGGGCCTGTTCATCTGGAGCCTCTTCTGGTGCTTCCTGGTGGTGCTGGGGGCCGAGGCGCTGCACCTCTCGCCCGAGCTGGGGGCCTTCCTGGCCGGGATTGCGCTCGCCCAGCTGCCGCAGTGCCACGAGCTGCGCCAGCGCGTGCACCCGCTGATGAACTTCTTCATCATCGTCTTCTTCGTGTCGCTCGGCCTGCAGATGGAACTGGGGGCGGCCCTCGCGCGGTGGCCCCTTGCCCTCGCGCTCGCGGCGTTCGTGATGGTGGTCAAGCCGCTGCTCTTCTTTGGGGTGCTGCCCCGGCTGGGGCACGGCGAAGAGACCTCGTTCCGGACGGGCCTCAGTCTCGCACAGATCAGTGAGTTTTCGCTCATCTTCGGCGCGCTGGCGCTCTCCTCGGGCCTGATCGACGAGGCGCTCCTGTCGGTCATCACGCTGGTCGGCCTCGTCACCTTCGCGCTCTCCTCGTTTCTGTTGCTCTACAGCGACCGCCTCTACGCCGCCGTGAAGCCGTATCGGCCGCTGGCATGGCTCGGGGCGCGGCAAGAGGCCCCTGCCCCTCCGCCGGACGGGCTGCAGGGACACGTCATCGTCGTGGGCCTGAACACACTCGGCCGCTGCCTCGTCGACCGGCTGACCGCGGCCGGCGAAACGGTCGTCGCGGTCGACACCGACCCGGAGAAGCTCGCGCGCCGCTCCGTATCCACCGTCCACGGCAACGCCGTCCACGAGACGACACGGGAGGCAGCCGACTGGGAGGACGCCAAGCTAGTTGTTTCGAGCCTCAGCATCGAAGGCACCAACAACCTGTTGGCCTACCACGCCCAGCGGGCCGGCGTGCCGTGCAGCATCCACGCGTTTGATCGCACCAGCGAGAACAGCCTCCGCACCTTCGGGGTGGACCACCTGATTCGGTCGAAGCACGAAGGGGCCCGGCGCCTGCTCGATGAGCTCAAATCGAGAGCGGTGTTGTCATGACGGAGCTTACCATTCTTCTCGGCCTGGCGGCCGCCGGGTACGGGGTGTCGCACTGGACGCAGCTTCCTGCGATCCCGTTCCTGCTCATGGGGGGCCTCGCCCTGAACGCCACAGGGGCCGTGGGCGACGCCGGATTCGTGGAGGACGTTTTGTTTTTGAGCGTGTCCATCCTGCTTTTCGTCGCGGGGACGGACCTCAGCCTCACCCGCGTTGGGCCGTTCAAGAAAACGGCGTTCGTGATCGGCGTCGCGCAGTTCGCAGGCCTCGCCGCGGCGGCACTGGGGATTGCGTACGGGCTCGACTATGCCCTCACCGACGCGCTCTACCTGGGACTAGCCCTGGCGGCCAGCTCTACGATCGTGGGCGTGCGCCTTCTCCAGCGCCGTCAGCAGATGTTTGAGCCCTACGGGCGCACGGTGCTCGGCGCACTGCTCCTGCAGGACGTGATCGTCGTGCTCCTTTTGCCGCTGCTCGTCCGGCTCCCAGACGGATCGGCGGCCGTGCTGGGCAGCCTGGGCGGGACGATCGTTCTCCTCGTGGGGGTCGGGGTCGTGATGAAGGGCGTGGTGCCACTCCTGCTCAAGCGCGAGCTGGACGCCGAGACGCAGCTGCTCGCGGTCCTCGGCGTGCTGTTCGGGTTCATGGGGGCGGCGGCGTGGCTTGACGTGCCCCTCTTCGCCGCCGCCTTCCTCGCGGGCGTCTCGCTTTCAGGGTTCCCCTTCAGTGGCATCGTGCACAGCGAGATGCAGCCGCTCTACGACTTCTTCTCGGCACTCTTCTTTGCGTCGCTCGGGGTGGCGGCCCCCCAGCCGGCCCCTGTCCTCTTCGGCCAC
NZ_CP169425.1_gap75	2899809	2902003	2194	GTGGGGGCTCATGGCCGCGTTCTGGACGACCGTGGCCCTGCTGTCGGTCGGGCAGACCCTCCTCGGGGACGCCTCCAGCGAGGTGCACTGGGGACGCACGGTGGCGGAGCTGGTTGAATATGCCCTCTGGGGCCTCTTTACCCCGATCATCTTTTGGCTCGCGAAGACCCTCCCGGTCGTGGAGCCGACCGATACGGAGCGGACGACGGTGACGCGGAATGTGGGCGTACATGCGGCCGTCGCCCTCGCCGCGTCCATCGCGGTCGACCTGACCGAAGACGCCGTCGAGGCGGGACTGGGGGAGCGCCCCCTCGCTTTCGTTCAGTCGGTGAGTCAATTCTGGTTCACCGACGAGCTGCTCTTCTACCTCGTTATCCTGATGGCCGGCTTCGCGCGGAGCTACTACTTTCAGCAGAAGGCGCGACAGGAGGAGGCCGCGCGCCTGGAGGAGCGCGCCGAGGCGCTCGAAGCCCAGCTCACGGAGGCGCGGCTGGAGGCCCTCCGCATGCAACTCAACCCCCATTTTCTGTTTAATACCCTGCACGCGGTGAGCACACTCGTCGACCGGGACCCGGCCGGCGTACGTCGCATGATTGCGCGCCTCAGTGAACTCCTGCGCCATGTGCTGGACGAGGAGGCCCCTCAGGAAGTCCCCCTCTCCCAGGAGCTTGAGTTCCTCGACGACTACTTCGAGATTCAGTCGATCCGCTTTCAGGGCCGGCTGGACACGGCGGTCGACGTCCCGTCCGACTTGTACGACGCTCAGGTGCCCAACCTCATCCTGCAGCCCATCGTCGAGAATGCCATCAAGCACGGGGCCAGCCAGGTGCGCGGCGTGGGGCGCATCGAGGTGCGCGGCCGCCACGAGGACGACCGGCTCGTGCTGACGGTGACGGACAACGGGCCGGGCCTGCCCGAGTCCCAGGAAGACGGGTTCGGCCTGCGCAACGTCCGGGCTCGGTTGGAGGGGCTCTACGGCGACGACCAGGCCCTCCACATGGAGACGGTACCGGACGGGGGAACGCGAGCCGTACTCGCACTGCCCCATCACACGAGCGCGTCGCTGTACACCGCCTCGGGAACCTCTTCCCTCACCGCGCCCGACATGGACCTCGACTGACTGCCCGCCCCCACCTTCGCCATGGCTTCCGAGACGCCCGCCATTCGTGCCCTCATCGTGGACGACGAGCCGCTGGCCCGCGAGCGCCTGCACGAGCTCCTGACAGACGCCCCGGCGGTGACCGTGGCCGGTACGGCCGAGGACGGCTTCGAGGCCGTCGACGCCATCCACGAACAGGCCCCCGATCTCGTCTTCCTCGACGTGCAGATGCCCGGCATGAACGGCATCGACGTGATCGAGGAGATCGGGACGGCCGACATGCCCGTCACCGTGTTCGTGACCGCCTACGACCAGTACGCCATCAAGGCGTTCGACCTCGCCGCGGTGGACTATTTGCTGAAGCCGTTCGACGACGAGCGGTTCGAGGAGGCCCTGCGGCGCGCCCGCGAGCAGATTGCCAACCGGGAGGGCGAGGCCATTTCCGACCGGCTTCTGCGGCTTCTCCAAGAACGCGACCCGTCCCTTCTGGAAAAGGAGAGCGCCCGGGACGAGCCGTACCTGGAACGGATCGCCGTGCAGGGCCGCGGCAAGGCCCGCATCGTGCCCGTCGACGACCTGACCCACATCACCGCCGACGGCTCCTACGCGGAGCTGCACACGGGCGACGACACCTACGTCATTCGCGAGCGCATGAAGACCCTCGCCGCTCGCCTCGACCCCGACACGTTCGTCCGGGTGCACCGGTCGGCCATCGTGCGGCTCGACGAGATCGAGCTCATCTTGCGCGGGGGCGGCGGCAACTACGCCGTACGCCTCCGAGACGGCACGCGGGTCAGCGTGAGCCGCAGCCGCGTCGACGAGCTGCAGGACCGCCTCGGCGTCGACGTGCTTCAGCGCGACGATGCGAACGGCGCGTAATTCGCAATCCGGCCGAAAATGTCACCGCGTCGGGACCGCTCCGTCTTTCGGGACGGAGGCTCCCGCTGACCCGTCCAACCGCCAACGGGCACTGTCCGCCGGTTGAAGGCGGGGCGGACTCCTCGCGTCGGAGGCCCTCTCCTCCGGCAGACGACAACATTTTGACTCGGAAACGCTATCCCTGCACCGGCGCCGACTTCAGTCGCGGAAGGACCT
NZ_CP169425.1_gap76	2905777	2907647	1870	ATGGGCGGGGCGAAAGCATCGATTTGCGTGCAGTTGATGTACTGCTCTCGTCCCCCTCCGATTCCCCAAAACTCTTCCCATTCTGCAAGATCTGTCGGCGGTCGTCCACGGACATCGTGCGGGGCGGGGCCCACCGCTCAGCGCGGCAGACATGCACGTCAAATCTACAGCCCTGCTCTGTCGGGGCGACAGGGCCGCCTGTCGGGGTTTCGGACTGGCCCGGGCGCTCGGTGGGATGGCACGCGCGTTGATTGTGTGGATGGGCGGATGTGCTGACGACGCGGGCACGGCCGGTGCCCGCCCTCAAGACTTGTTCGCACCGCTACGACCCTGCTCGCCAAACTGTTGAACGAGACAATTGGACGAGGTGATACTCATGACGCAGATGACGCGCCGAACGCCCACCCGCACCCTTCGCACCCTGCAACGCGAGGTGGACGACCTCTTCGACCAGTTCTTCGGCCGCACCGACGGCGGGGACCGCGACACGTCTCCGGCGTGGTCGCCGAGCACCGACCTGGTGGAGACGGACGAGGACGTTCGCCTCCACCTGGACGTGCCGGGCATGAGCGCGGACGACATCAGCATCAATCTCCAAAACCGCACGCTGACGGTGAGCGGCGAGCGCACCAGCGAGCGGACGGGCGAGGACGAGAACATCGTCCGTGTGGAGCGTGCCGTTGGCACCTTCCACCGCACGTTCACGCTCCCGGACGCCGTCGATGCCGACAGCACTGAAGCGACCTACGACAACGGCGTACTGACGATTCGCGTCCCGAAGACGGAAGAGACCACGCGCCGTCAGATTGAAATCCAGTAGCCACGCGGCTCCGCGCACCCGATCCCTGCGGGCTTCCCCGGGCGCTTGGGGCCCACATCGACGACGAGTTGTAATCGGGTGCGGCTCCGTCCCCCGGTCGGCCCCCTCGGTTCCGGCCGGGGCCTTTCTATTTGGCAGAATTCGTCCCGGACGCGTCCCTCAGTCGCCCGCGTGCCGCTCTCCGGATCCTCGGGCTCCCATTATTGCCTTCCAGAGTGCCCGGAGCCAAAGCGCGCGATGGAGGCGGTATACAGCCCCCAAAGCCCGGCCTCTCGATGCGCCACAAGATCCAGGTTCGTCCCCGTAAGCATCGGCCGCAGCTGACGGTTGAAGTCCGAGACGAGCACCCGGGCCGCCGGGTTGAGCGCCCGCCGGAGCAGCGAGGGCGGCGTCTCCGGCGGTAGAAATTTGTCGTAGATCGAGATGCGTCCGCCCGGGGCCAGCACGCGCGCCGCCTCGGCCAGGACCGCCTCGGGATCCGGAAGCACTGAGAGAAGCAGATGAAGCAGGACGACGTCGAAAGAGTCGTCCTCGAAGGGGAGCGCGTGGGCGTCTCCGACCTGGGCATCGACCGCTCGTCCAAGCGTCCGTGCCCGTGCCTTCGTGCGGCGCACCATCGCCGGCACCGCATCGAGGGCCGTGACCTGCGTCTCGGGGGGCAGGTACGCGAGGTCCAGTCCAGTGCCGCACCCCGAAAGCAAGATTCGGGCGTTCGGGGCTGGGTCGAGCCACCGGAGGGCCCGTTGCCGCCCGCGCTCCATCGGCCACGCGAGGGCGTCGTAGACCGGCGCGTAGAGCCGATACCGGGTCCGATTCCACCAGCGTGCCCACGTTCGGGGCGGCGGGAGAGAGGCCGTGGACTCAGTGGGCATATCGCGGGCCGCGTCGTTCCAGCATGGTCGAACTCATCGGGGCATGTTCAATTCAAAGGGGACCAATTGTTCGCCGGGGCCTGCCCTCGTGTTGCCCGACCATACCTCTTCCAAAACGCGCTTCCCCCGTGCTCGATGATCTCGTCGTCCTGGAACTCGCCTCTGTCCTCGCCGGCCC
NZ_CP169425.1_gap77	2918886	2919540	654	CCTGTTCCAGGGCCTGTTCGCTCGTGCGTCGGTTCTGCGTCTCGATGGAGGACTGGCGGGGCACGTCGAACGTTCGCTCGGGGTCGTGAAGGGTCGGCGTCAGGGAAGCGTCGAGGCGTGCCTCCCACCGCTCCCGGTAGTCGTTGGGGAGGGTGTCCGGCAGCTCGCCGCCCAGAACGATCAGCGCGAGAAGAGCCCAGATTCGTGACACCGTGTCGAGCTGGTATCCCCCGCCGAGGGTGCAGAGCAGGCGTCCCTCGGCGTGGTCGTCGGCGAGGGCAAGGAGGCGGCGAAAAATCGTGTCGTAGGCCTGCGTCGTGAGAAGAAGATCGGCCAGCGGGTCGTTGAAGTGGGCGTCGGCCCCGCACTGCGCGACGATCACGTCCGGCTGGAAGTGCTGGAGGGCGTGGGGCACCACGTGCTCGAAGGCGTCCAGGTAGCTGTCCGGCTCGGTGTACGGGGCCAGCGGGACGTTCAGCGAGAAGCCCCGGCCAGCCCCCTTGCCAATCTCTTCGACGTGTCCGGTACCTGGGAAGAGGGCGCGGCCCGTCTCGTGGAGGCTAACCGTGAGCACCCCAGGATCGTCGTCGTGCAGATGCTGGACGCCGTCCCCGTGGTGCACGTCCACATCCACGTAGGCGACGCGGAGCCCCT
NZ_CP169425.1_gap78	2928354	2928885	531	TCCCACTCCACCCCGCCGTTCTTCATGCGCTTCCTGTCGACCCTCGCCGCCAGCGTGATCGGGACCCTCGTTGCGCTGGGGCTTATCGTCTTCTTCTTCGTCTTCTTCTTTTTTGCCGTCTCCCTCTCGGCCGACCAGACGCCGACCGTCCAGTCCGGGTCGGTCCTTACGGTGCCCCTGTCCGGCGACATTCCGGAGCGCGTGACCAATGATCCCTTCCAGAAGGCGTTCGGGGGCGGCCCGAGCGTTGACCTTCGGGGCCTTCAGACTGCCCTCCGGAAGGCGAGCAGCGACTCTCGGATCGAGGCCGTCTGGCTGCGGACGAAGGGGGTGAGTGCCGACTGGGCCACGCTCGAAGAGGTGCGGCAGGCCGTCGTGCAGGCCCGCGAGAGCGGCCTCCCGGTCCTCGCGTCCAGCGACGAGTTTGGCATGACGGAGAAGGACTACTTTCTGGCCAGCGCCGCCGACAGCGTCTTTACGGCCCCGCAATCCGCATTCGAGTACAACGGCTTCGGGACGACGGTCACCTTC
NZ_CP169425.1_gap79	2932025	2935863	3838	CACGTGCGTCTCGGGGTCGTCGAAGTAATGGTCGCTGGTGGTGCAGTAGTAGGTCCCCGCCGACGAATCCAGCCCGTCGATGGGGTCCGGCAGGCGCTGGAGACGGTCGTAGTGTTTGCACTCCTCGTGGATCGGGCAGTCGTGGCAGTCCGGCGAGCGGGCCGTGCAGGTATACCGGCCGTGCAGGATGAGCAGATGATGTGCCTCGCCCCATTCCGCCTTGGGGATGACGCGCTTGAGCTGTTGCTCCACCTTTTTGGGCGTCGTGGCGTCCTCCTTGACGAGGCCGATCCGGTTGGCGACGCGGAAGACGTGGGTGTCCACCGGCAGCGCGTCGGCGTCGTGGGCCACCTGCGCCACGACACGGGCCGTCTTGCGGCCCACGCCCGTCAGGGTCTCCAGGTCGTCGATGGTCTCGGGCACCTTCCCGTCAAAATTGTCGACGACCTGCCGGGCCATCCGGGCCAGGTAGCCGGCCTTGTTGTTGGGGAAGGTAATGGACTGGATGTAGGGGTGAATGTCGTCGGGCGTGGCCTCCGCAAGGGCCTCCACCGCCGGGTACGCGTCGAAGAGATCGGGGGTCGCCTTGTTAACGCGCTCGTCGGTGCACTGGGCCGACAGGATGACCGCGACGAGGAGCTGGTATGGGGTGTCGTACTGGAGTTCGGTCGTCGGGCGGTCGATGCGCTCGCGGAGTTCCTCGAGAACAACGTCGGCACGGTCGGATCGTCCCACGGGGGAAGGGTGCGCTGGTTCAAAAATGACATCCGCGCGTTGAACCCACGGGGCGGGGGAACGTTCGAGGCGCGACCAATTTGCCCAGTGCTTCACGTCGTGCCCCATGGCCCCTTCCGTCTCCATCCGATCCCTCCTGTGCGCGCTCGGGGTCGCGCTGCTGCTCGGCGGGGGGGCCGCCCCGCTTTCGGCCCAGCCGCCCCGGCTTTCGGCGGAGTCGGAGGTGTCGATGGTGACCATCCTGCCCGGCGATCCGGTATACTCCATGTTCGGGCACAGCGCCCTCCGCGTCCACGACCCGGCCCAGAACATCGACCGGCTCTATAACTACGGCACCTTCGACTTCAGTGACCCACTGTTCATTCCCAAGTTTGCGTACGGACACCTCCGTTACTTTCTGAGCGTGGTGCCCTACCAGCGGGCGCTGCGGGCCTACCGGCAGCAGCGGCGGCCGGTCCTCGAACAGACGCTCAACCTGACCCGCACGCAACGAACGGCGCTCTTTCGGGTGCTGCAGGTAAACGCCCGCCCCGAGAACCGCCACTACCAGTACGTCTTCTTCTTTGACAACTGCTCCACCCGCGTGCGGGACGCCCTGGAGCAGGCCCTCGGCGACGCCGTGCAGTTTGGGAGGCGGCCCCGCCCAGACGCAACCTTCCGGCACATGCTCGACCCCTACGCGGCCAACCTGCCGCTCGTCGACCTGAGCTTCGACCTTGCCCTGGGCACCCCGGCCGACCGTCGCGTGACGCCGCGGGAGGCGCACTTCCTGCCCGACTACCTGTTCGAGGCGTTCGCCCACGCCACCGTGCAATCGGGCGACACGACCCGTGCACTGGTGGCCCGGACCGACACGACGCAGTGGATCGACGGCTACGAAGCAACCCCCACGGCCTTCCCCTGGCCCCTCGTGGCGGGGTGGACGATTCTCGTCCTCACGCTGGGCTGGACCGGCTGGCAGGCCACGACCGGACGCCGGCCCGGTGGGGCCGGCGACGCGCTGCTGCTCGCGGCGGTCGGCGTTACGGGACTGCTCGCGTGCTTTCTCTGGTTCGTGTCCACCTACGCGGTGACCGAGCACAATTGGAACCTGCTCTGGGCGTGGCCCACACACCTCATTGCGGCCACGGTGTTGCTGTGGCGCCCTTCGGCACCGGGGCTCCGGACGTACCTGGCCGCGACGGCCGTCGGCGCGGCGGTCGTCGCCCTCGGCTGGACGTGGTGGCCGCAAGACCTGCACGCAGCCGTCTTCCCCATCGTACTGACGGTGGGGGTCCGAACGGGGTGGCGAGCACTCGGTGGGGCGGGGCCGCGCGGTGCCCGGGGGCTTGAGGGATGAGGCGTTTCCTACTTCTCCTACTTCGACGCGGGACGCAGGCGTCCCCTCGTGCACGACCGCCCACGGGCACTCCTCTTCTTCAGGGAGAGCAGGGCTAATTTTGCCGGGCCTGCACCAGCTCGTAGCTCCGGGGCGGGGCCGGCGTGCCCTCCACGGCGTAGACGCGGAGCGAGCCGTCGTCGTCGGACATGATGACGACCGCCGACTCGTTCGGGTTGTATGACTGGAAGCGCGTGTCGAGCCACTCCGTCGGGAGTCGCTCCTCGTGGTGCTTCAGCCAGCCGCCGCTCGCGGGGCTGTAGAGCAGCTTGTGGGTGCCGATGCTCTCGTGGATGGGGCTGGAGGCCGGATCGCGCTGCGTCACCACGACGGTGCCGATGCCGTGGCGCTTGAAGCCCAGGTACGACGCCGCGGCCACGTCCATCCAGTGGTCCGTCAGGAAGTCGTGGTGGGCGTCCTCCTTCGGATCGTTGGTCGGCTGCTCGTCCGGCGCCTTCACCGTCACGAGATGCCCGTTCTCGTCGATGAGCGTGGTGCGTCGCATCGGAAGACGGCGTCGGTGTGAGGGAGCGAAAACTACCGACTCCAAGGATTCCCCGCCGGTGGAGGTTTCCCCGCCACCGCCCACAATCGTGAAACTCGTTGCAGATCCCTCGGGCCGCCCCGGCCCCTCTCCCCTCCAACAAAGCCCTCCAATGAAAAAAGGCCCCTGCCCGGAGCATCCGGACAGGGGCCTGCATGGACGCCCCCTCCCTCCCGACAGGACACTGAGGGAGACGGCGTTCGGGGCGTTCGGGACGGTGGCCCTACTGAATCTCAATCTGGCGCGGCTTCACCGCCTCCGTCTTCGGCACGCGGATTGTCAGCACGCCGTTGTCGTAGGTCGCCTCAATGTTGTCGGCGTCCACGGTCTGGGGCAGGGTGAAGGCGCGGCGGAAGTGCCCGAAGGAGCGCTCCACGCGCACAAACTCTTCATTCTCGTCGGTGCGGCTGCTCTCGCGCTCGCCACTGATGACCAGCTCGTCGTTCTTGTAGCTGATCGTCAGGTCGTCCGTGCTCATGCCGGGCATGTCGAGGCGAAGACGATAGGCGTCCTCCGCCTCAGTGAGGTCCATGCGCGGGCGCCACACGGCCTGCGGGGACGTGTCCTCTTCGTTCTCGTCCCGGGACGGGAAGAACCGGTCGAACACGCGGTCGATCTCGTTCTGGAGGCCGTTCAGGTTGCGGTTTCGGGTGCGGGTCAAGCGAGTCATAATGGGAAAAGGGGGTCGGTTGCAAAGTCTGTGAGGACGCTCGGAGGCCGTCCCGTGGACTGACCTCTCGCGTCGAATTCCACCCACTTACAAGAGCAACTCGTGTACCATCCCAAACACACCCCAAAACAGCCTGCCACTTCGACGGAGCGCACGGACGAGGTGGCAGGCCAGACGCAGGGGCCCGCAATTGTGACAACGGCTGCGGCGGCGGCTCTGCCACGGCGGCAACCGTCTCGGCTCCGGCCCTGCCAATTCGTCTACGTGCCGGCCCCCGCGCCGCCGTGCACCGCCCTCGGATCACGCACAGGACGCCGGGAGCACCCGACCGTCCGCCGTTCCGAATCCGACGCGGTAGTCGTCCGCCTGCGCGTAGGCCCGCATGATCACCCGATCGCCGTCTTCGAGGAACGAGCGCGTCTCGTCCCCCGGCAGAGACACCGGCTCCTCCCCGCGCCACGACAGCTCCAGCATGCTGCCGTAGCTGTCCTCCGTGGGCCCGCTGATGGTG
NZ_CP169425.1_gap80	2969651	2972828	3177	ACCCTGCGGCCGTCGCGCTTGCCGTAATGATGAGCGCCTGTCCCCGCATTGCGAAACGCGCCTCCCCCTCCCCCCGGAGGAGAACACCGCTCGTTCTCCTCCGGGCACAGGGAAGTGGTGGAGGGGCCGCGCCGCTACCGGGCAACGACCTCGTCCGCCTCGGGCGCCGGGGCCTGACGGTCCCCGTCCGTCGTGAATTCCGGGTACGCCTCGACGTCGTGCTCCATGCGGTCGAGCCCGACCGTCTCTTTCTTGCCGTTTAGGCGAATGCCAATCGCGGCGTCGACGATCGAGAAGACGAGGTAGCTGACGGGGAAGGTCCACAGGAACGCCGCCGCCACGCCCACAACCTGCACGCCCACCTGCGACAGGCTGAAGCCGGCGGAGTTGAACAGGCCCGCGGCGATGGTGCCCCAGGCGCCGGCCAGCCCGTGCACGGCGATGGCCCCCACCGGGTCGTCGACGTACCACTCCAGCGCGCGGGTGCCATAGACCACGACGGCGCCCGCGATGGCCCCCGTGAGGATGGCGTACGGCGGCGTGAGGGCCGCGCACCCCGCGGTAATGCCGACCAGGCCGCCGAGCACGCCGTTCAGCGTCATCGTGGCGTCCGGCGTGCCGCCGTCGATCCAGGTGATGGCCATGGCCGCCACCGCCCCGGCCCCCGCCGCGACGAACGTGTTCATGGCAATCTTGGCGATCGCGGTGGACCCGGCCGTCGTGGAGCCCGCGTTAAAGCCGAACCACCCGAGCCACAGGATAAACACCCCCAGCGCCGCCAGGGGAAGACTGTGCCCCGGAATGCTGCGCGGCGTGCCGTCGTCCGCGTACTTGCCCACCCGGGGCCCCACGACCAACGCCCCGGCCAGCGCCGCCCAGCCGCCGACGCTGTGCACGACCGTCGACCCGGCAAAGTCGATGAAACCAAGCGCCTCCAGCCAGCCGCTGCCGTTGAAGAGGCCGCCCCACGCCCACGCCCCAAACACCGGATAGATGAGCCCCGTGATGGTGACGGAGAAGATCAGGTAGCCGCTGAACTTGATGCGCTCGGCGACCGCGCCGGAGACGATGGTGGCCGCCGTGGCCGCAAAGACCGCCTGGAAGAAGTAGAAGGCGTAGACCCAGGTCTGCGGCTGGTCGCCCGTGCCGGTGAGGAAGAAGCCGTCGGTCCCGATCAGGCCGCCCCAGGAGGTGCCGAACATCAGCCCGAAGCCGACCGCGAAGAAGACCAGCGCCCCGGCCGAGGCGTCCATCACGTTCTTCATGATGATGTTTACCGCGTTCTTCGCCCGCGAGAAGCCGGACTCCAGCAGCGCAAAGCCCGCCTGCATAAAGAAGACCAGCGCCGCGGCGAGGATCGTCCAGACGTAATCCAGATTCGTCTGTGTTTGCTCGGCCGATTGCAGCGCCTCGGCAACGTTTGCGGGGTCCGACAGCGGCATGGCCGCAGCCCCAATGGGTACGAACAGAAGACCGACGACGGCGAGAACGAACGTGCGTATCCGCATTCCGAAGGCGAGTATTTTTTGTGGTGGGAGCGATACTGACGCCACTTACTCTACCAATACTCCCCTAAAACCACAAAAATTCGACCTTCATAAAAGCGCTCCCAACGATTACGGAACCGCTTCCGGGCGTTCTTTTAACAGGATCACCACATTTCAGGAGCTCCTGTGCGGACGCTCCTCCCACCTCGTCACTCCGCCGTCGGCTCCGGCTGTCCCGACGAGAGGCCGTCGCCCGATTCGCCGACGGGGGCCGTCTTCTCCGCGTCGGTCTGCGCGGTTCGGGTGCGCTCCAACTCCTCCCGCAGGTAGGCCGACGTGTGCGTGTCGGCCTCCGCCAGGGCCTCGGGCCGGCCCTCAAACAGGATCTCACCGCCCTCGCGCCCGCCCTCCGGGCCGAGGTCGATCACGTGGTCGGCCTGCTTGATGACGTCCATGTTGTGCTCGATGACCATCACCGTGTTGCCCTCGTCGACGAGCCCGTGCAGGACGTTGAGGAGATGACGCACGTCCTCGAAGTGCATGCCGGTGGTCGGCTCGTCGAGAATGTAGAGCGTATCGCCGGTGCCGGGGCGGGAGAGCTCCTTCGAGAGCTTCACGCGCTGCGCCTCCCCGCCGCTGAGCGTGGTGGACGACTGGCCGAGGGTGAGGTAGCCGAGCCCCACCGCGTCGAGCGTCTTGAGGGTGCGGACGAGGCGCGGCTGGTTCTCGAAGAAATCGACCGCCTCCGCCACGGTCATGTCCAGCACCTCGGCGATGTTCTTGCCCTTGTACTCCACCTCCAGCGTCTCGGGCCCGTAGCGCTTGCCATCGCACGCGTCGCAGGTCACGTCCACGTCCGGCAGGAAGTTCATCTCCAGCGTGACCGTGCCGGTGCCCCCGCACTTATCGCAGCGGCCCGGGTCGGTGTTGAAGCTGAAGCGGCTCTTGGTGTAGCCGCGGATCTCTGCCTCCGGCAGCTGGGCGAAGAGGTCGCGCAGGTAGTCCATCAGCTTCGTGTAGGTGGCCGCGTTGGAGCGCGGCGTGCGGCCGATGGGCTGCTGGTCGATCTCGATGACCTTGTCGACGTGGTCGATGCCCTCGACGCGGTCGTAGGGCAGCGGCACCGTCTTGGCGTTGTGGTGGTGCCGGTGTAGAATCGGAAAGAGCGTCTGGTTGACGAGGGTCGACTTGCCGGAGCCGCTGACCCCGGTGACGCAGATCAGCGTTCCCAGCGGAACGTCCACGTCCTCCCCCTTCAGGTTATGACCCGTGGCCCCCTTCAGCGTGATCGACTCGCCGGTACCGTCACGGCGCTCGTCGGGCAGCGGGATGACGCGCTCGCCCTGCAGGTAGGCGGCGGTAAAGCTCTCGAAGTCGTAGTGGTCGCTGTCGTAGTCCGCGGCGCGCTCGGCCACCTGCTGCCGCGCCACGCCGTTGTCTTCGATCTCGTGCTCGGCCGCGCCATTGGCCGCCGTACCGTTGGTCTGCTCCACCGGATCGACCGTCAAGACGGACGGCGGGCCCGTGGTGATGACGTGTCCCCCGTGGATGCCGGCCCCGGGGCCGAGGTCGACCACGTGGTCGGCGGCCTCGATCATGTCGCGGTCGTGCTCTACCACGACGACCGAGTTGCCGAGGTCGCGCAGGCTTTCGAGGCTCTCGATGAGGCGGTCGTTGTCGCGCGGGTGCA
NZ_CP169425.1_gap81	2981799	2982513	714	ACCAGCTGATTACAGAGTGGTGGCGAACGGACCTTGAGGAAGGGCGGCGCCTGTGTCTGGGCGTGGAAATCACCGATCGCAAGCGTCAGGAACGGGACCTGCGCCGGGCAAAACAGCACGCCGAAACGGCCCGGCGGGAGGCGGAGGAAGCCAACCGGCTCAAGTCGGTCTTTCTCGCGAACATGAGCCACGAGATTCGAACCCCGCTCACGTCCATCATTGGGTTCGCCGAAACCATTGGGGACGCGGCCGGGGACGCGGCTGGGGAAAACGTTGTGCGGTTTGCCCGCCTCATCAAAAACAGCGGACATCGGCTCCTGAACACGCTCAACGCAGTGTTGAACCTGTCGAAGTTGGAGACGGGAGAGATGGACCTCTCTCTCGAACCGGTCGACCTGACCCAGGAGGCCCGAAGCAGCGCCCGTCAGCTTCTCCAGAAGGCCGACGAGCGTGGCATCGACCTCCATGTAGAAACCCCCAATCGACCGGTGGTTTCGCGGGCGGACAGCGGGGGGGGTTCAGATCATCCTTCGCAACCTCATCTCGAATGCCATCAAGTACAGCGCGGAAGGGTCGCGGGTGTGGGTGCGCGTCCACGAAGACGACGCGGGGGCTGCGGTCCTGGAGGTAGAAGATGAGGGGATGGGCATGGATCCGGGCGAGGTCGAGGACCTATTCGGGGCGTTTCGACAGGCCTCCGAGGGGCACGACCGC
NZ_CP169425.1_gap82	2991309	2995632	4323	CAACAGCATGAGCGCGAGGCAGGCCGCATAGATGCGGTCGTAGGAGGCCGCGTACTGGATGTAGAGCGCGTAGCTGAACGTGTCGTACCGCATGAGCGACACGACCCCGAAGTCGCCCAGCACGTGGAGGGCCACCAGGAGCCCGCCCGACAGGAAGGCCGGGCGCAGCTGCGGCAGCACCACCTGCACGAAGACCCGCCACCGGCCGCGCCCCAGCGCCTGGGCCGACTCCTCCAGGGACGGATCCAGCCCCAGGAAGGCAGTCCGGAGGTTCAGAAAGAGGTACGGGAACGTCGAGAGGCTGAGCGCAAGCCAGGCCCCGGTGTAGCCGCTTAGCCGGGGCACCACGAGGCCGAGTGTCTGCGCGAGCGTGCCGTATTCGCCCGTCGTGGCCATCAGGGCGTACGCCATCACGTAGCCGGGCACCGCGAGGGGGAGCACGCCCAGCAGGGTGAGCGCCTTTCGGCCCGGGAGGGCCGTGCGGGTGGTCAGCCAGGCCAGCGGGAGCGCCAGTGCGCTCGTGCCCGCGAGCACGCCCGCAGTGAGCCCCACCGTGTTCCACAGGAGCCGCAGGGTGCGCCCCCGCACCACCAGGTCCCACAGCGTCCCCGGGTCCGCCTGGAAGGCGCGGAGCAGCAGGTACACCAGCGGAATGAGCACGCCCCCCAGGACGACCGCCACGGGGATTGTCACGTACCAGCGGCGGCGGATCGTGTCCAGCACGCGAGCGGGAGATCGGTTTTGCGAGTGCGGGTGAACGGACGGACGCGTGGACGCGTGCGGAGTGCCCTCCTCGTTCCTCCGCACGCCCACACAACGTCCCGGCAAGGCGCTAGAGCGCCCCGGCGTCGCGGAGCAGATCGAGCGTCGGCTCCATGTTCTGGAGCTTCTGCAGGTCGAACTCCGGACTCATCTTCAGGGCCTCGTCCGCCGGCATCAGGTAGTCCGGCACCGACGCGCCCGACACCACGGGATACTCGTTTACACGGGTCGCGGCGAAGGACTGCGCCTGTTCCGAAAGCAGGAACCGCAGGAACCGGTTCGCCGCGTCGGGCTGGTTGCTCGTCTGCAGCGCTCCCGCCCCCGTTACGAGGGCAAGGTTGCCAAGGTCCCCGTCGGCAAAGTGATACATCTCAACCGGCGCGGAGGCCCGGGGCGTAGCCTCCTCCTCGTGCTCCTCGCCCTCTTCCTCCTCCCCCTCGTACTCGCCCTCCGCCCCCTCGTACTCGCCCTCCGCCCCGCCGTGCTTCAGGCGCAGGACGTAGTAGTGGTTCGTCAGCGCCACGTCAATCTCGCCGGCCTCCAGGGCCTGCACCATCGGCGTGTTGGAGGTGTAGCTGTTCGGGTTCAGCGCCTGCATGTCCGACAGCCACGTGCGGGCCGTCTCCGCCCCTTCCGTCACACGGAGCGCCGTCACGAAGTCTTGGAAGCTCGAGTAGGCGGGCGTCCATCCAACGCGGCCCTCAAACTCCTCGTGCTCCGGCAGGTCGAGCACCGAGTCGGGGAGGTCTTCCGGGCTCACCGCGTCGCTGTTGTAGGCCAGCACGCGGAAGCGGGTCGTGACCGGGGTCCACCGCTGGTTCGACGGGGTGAAGCGGGCCGCGCGATTCGCCAGCGTGTCGGGCAGCTCGGTCAGCAGGCCGTTGTTGACGGCGTTGCCCAGGGCGCCGGTCGTGTTCGCCCAAAACACATCGGCCGGAGACTGGTCGCCCTCCTCCTGGAGCGCGGCCAGCAGCTGCGAGTCGGTGCCGTAGCGCACGCGGACCGGCACGTCCGCCTGCTGTCGGTACTGCTGGACGAGCGAATCAACGAGGGCCTTGCTGCGGCCCGAGTAGATGACGAGCTCGTCCTGCTGCTCCCCGCCGCATCCGAGCAGGGACAGGACCAGGGTGACGACGAGGCTGAGGCTGAGAAGTCGCTTCATGAGAGGTGCGTGTAGGGTTGGGTGAGCTGAATTTGTTTAGATTGATTCTAAAGAAGGCGGGCGAGAGATGACACGGGACGCGCCGGGGGACGCGTTTAAATCGCAGAAACTCCACACAAATCGCAGACTCACCCGCCTCCGCTCGACTCCTTCGTCGCCGTAGCCCCACGGATCCGGCCCCGCAGGCCACACATGATTGCCTTCGCGGCCTGGGTCTCTTTTCTTCGTAGGTACGCGACTCGTCCCCTGTGCACTTTCCTCACGCCCCCGATGGCCCGCCGCGTTGTTCTCGCCCTGCTCGTTGCGCTCGCCCTTCCCGCCCTCGCCCACGGCCAGGACGCACCCTTCTCCCGCATGGACGTGTTTGACCTGGAGTGGGTGACCAACCCACAGGTGTCTCCCGACGGCAGCCAGATCGTGTATCAGCGGCGGGGCATGGACGTGATGGAGGACCGCCGCACCTCCGCCCTCTGGCGCCTCGACGCGGACGGCACCGACCACACGAAGCTGACCTCCCGCACGGCCGACGAATCCTCGCCCCGCTGGTCCCCGGACGGCTCGAAAATCGCGTTCACCAGCTCGGACGAGGAGCACGGCACCGAGATTTACGTCCACTGGGTGGAGCAGAACAAGACCGCTCGCATCACGCAGTTGGAGAATGCCCCGAGCGGGCTCTCGTGGTCGCCGGACGGAACGCACCTCGCGTTTTCCATGCACGTGTCGGCCCCCGAGCCCACGCTGGCCTCGCGCCCGGAGCCGCCCGAGGGCGCCGACTGGGCGGAGCCGCCCCGCGTGGAGACGCGCCTCAACCACGAGTCGGACGGGACGGGCGTCCTGGACTACGGGCACGACCACCTGTTCGTGGTGCGGGCCGACGGCGGCCGCGCCCGCCAGGTAACCGCCGGCGACTACAACCACTCCAGCCGCCCGGTGTGGACGCCTGACGGGGAGGCGCTCCTCTACTCGGCCAACCGCCACGACAACTGGGAGCGCGAGCGCCGCAACTCGGAGCTCTACAGGGTGCCGGTGGACGGGGGTGAGAGCACGCCGCTGACGGACCGGTTCGGCCCCGACCACACGCCCCGCGTGTCGCCGGACGGGGAGACGATCGCCTACCTCGGGTACGACGACGAGGTCCAGACCTACCAGGTGACGCGGCTCTACGTGATGGACCGGGACGGCTCTAACCGGCGGGTGGTCGACCTGGGCCTGAACCGCTCGATCGACGACATCGCCTGGGACGAGGACGGCGAGGGCCTGTACGTCCAGTACGAGGACGAGGGCACGACCAAACTGGGGCACACGACCCTCGACGGCTCGACCTCGGTGGTGGCGACGAATCTGGGTGGCACCTCGATCGGCCGCCCGTACGGCGGGGGCGACTTTTCCGTCTCTGAGGCAGGACGCCTTGCCTTCAACCAGACCTCGCCCGCCCACCCCGCCGAGCTGGCGGTCACGCGCCGGGGCCGGGACACGACGCGGCGGCTCACGGACCTGAACGGGGACCTCCTCGACGACCGCACCCTCGGCGCCGTGGAGGAGATCCGCTACTCCTCCTCGAAGGACGGGCGCGAGATCCACGGCTGGGTGGTGACGCCGCCGAACTACGACCCGGACCGCGCCTATCCGCTGATGGTGGAGATTCACGGCGGCCCGATCTCGAATTACGGCGACCGGTTCTCCGCCGAGATTCAGCTCTACGCGGCGGCTGGGTACGTCGTGTTCTATCCCAATGCGCGGGGCAGCACCAGCTACGGCGAGGCGTTCGGCAACCTGCTCTACAACGACTTCTCGGGCGGGGAATACCAGGACATCATGGACGGGGTCAATCAGCTCGTCGAGCGGGATTACGTGGCGGCCGACAGCCTGTACGTCACCGGCGGCAGCGCGGGCGGCACCTCCGCCGCCTGGATCACGGGCAAGACCGACCGGTTCCGGGCCGCGGCCGTGCAGAAGCCCGTCACCAACTGGATCAGCAAGACCCTGGCGGCGGACAACTACTACGGCTACGCCGAGTACCGCTACCCGGGCCAGCCGTGGGAGAACCCGATGGAGTACTGGGACGTGTCCCCGGTCTCGCTCCTCGGCTCCATGAGCACGCCGACGGTCGTCATCGTGGGGGGCGACGACCTCCGCACGCCCCCCTGGCAGGCGAAGCAGCTCTACAACGGACTCAAGCTGCGCGGCGTAGAGGCGGCCTACGTCGAGATCCCGGGCGCCTCCCACGGCATTTCGTACCGGCCCAGCCAGCTCATCACGAAGGTCGACCACGTGCTCGGCTGGTTCGACCGGTACCGGCAATAAATTCTCGGGGCGCCGGGCAGCTCTCCTCTCAGCCCGCGTGCCTCGCCGCGAGCCGTTCGATGGCCTCCATCAGGCGGGCGGGCTGCTGGGCGCGC
NZ_CP169425.1_gap83	3159800	3162536	2736	ATCCGTTCTCGTTTGAGCGCTCCCGGTCCGTGAACCGCTCCCGGTCGCGGTCAACCTCTCGGTCGTCACGGTCGTCCTCTCGCGCCGAATCGTCGCGCTCCGATCGCTCGTCTTCGGCCTCCCGGGGCTCGCGGTCCTCCCGTTCGGACCGTGGGGAATCAAGCCGGAGCAGCCGGAGTGACGAGGACGACCAGTAGTCCACCTCGCAGCCGGGACGGCGGCCCCGCCCCGGCTCCTCGGCCCCCAGACCTGCTCTGTCACACAGCAACACCCGATCTATGTCGACGCGGTCGTTTTGCTCTCGGCTCCTCCTGCTCTTTCTCGTTGGCCTTGTCGGGGGGGGGCCCGCCATCGCCGCCGCACAGACAGCGGATGATGCGTACCGCTTCTCCAATCGGTTTCCGGCGGTCGGGACACGTGCGACCGGAATGAGCGGCGCCGGCGGCGTGGGGGGATGGGCCGACCCGAGTGCCCTCTACACCAACCCGGCGGGCCTCGGGTACTACCAGGCGTCGGAGATCAGCGGGAGCCTCAGTGGACTGCTTAGTCGAGATGAATCTACCTACCAGATCTTCGTCGACGGGCCTGCCTCCCAGAATACCGGCGACAACGCGACCGCCCGGCTCGGCCATCTCACGGGCATCTACAACGTGGATACGGAACGAGGATCGCTCGTTTTTGCGCTCGGCTTTAACCGGACGTCTGCGTTCGACCGCGAGTTGACGTACAGCGGTAAAAATTCCTCTAGCTCGATTACGGACACATTTTTGCCATTCGGGGAGGAGTTCGACGTCTCGGAGGACAACGGCACCGTCAACATCGATGTCTTTCCCGTCGTCCCCTTTGTCGCCTTTCAGGCAGGAGCCGTTGAATTTTTCAATTCTCGATTTCAGAACGACCAGTATCCATTCCTTCAGGCCGTCGCCCCAGGCCAAAGCATCCAACAAGACGGTACAGTAACGCGGGGCGGCTCCATGAACGAATTCAGCTTCGCCGGCGCCGTCGAGGTCGCGCCGGACGTAATGATTGGAGGGGCCGCCAATATCTCGTACGGTACGTACGTGTTCGAGAACGAGTTGACGGAAACGGCGACCCGCCCTGGCTCTAACGACGGGTACTCCGTCGTCGTGGGCGACCGGCTACTTGAGGGCTTCCGGAGCATGTTCTTCCGTGAGCGATTCACCTCCGACCTCACGGGCTTCAACCTTCGCCTCGGCCTCTCGGCCAACGCAGCCGAAGACGTCCGGCTGGGGTTTACGGTGGAGACGCCCACCTGGTACTCCATTGACGAGACGTTCACGGACGCGTTTATCCGCACCGAGTTTGGGAACGGATCGCTGGCCTACGGGGACGACCCCGACGAAGACGCCGCCCGCGGGGAATTTCAGTACCAGTTGCAAACCCCGTGGCGTCTCAGCACCGGCGTGAGCTACACGCGCGACCCGTTCCTAATTTCGGCCGACGTGGAGTTCGTGGACTGGTCCCAGACACGTCTCGATGCCGACGAGACTGAGTTCGATGTGACGAACGAGACTCTCGAGGAGTACGACTATGTGGTGAACTGGCGGGGCGGCATCGAATACCGTTCGGAAAACGGCCTCTCTCTACGGACCGGGATCGCGTACCGCCCGGGGGCTCGCGGGTTTGACTTCACCCTGGCCGATGGCGAAGAGACCGATCGCTCACGCTTGTTTCTGTCGGCAGGGGCTGGCGTCCAGTTGAGCGAGCGCCTTTCCCTGAATGCCGCCTGGATGCAGGAGCGCTCGACGGATCAGTTTCTCCCCTACGCAAGCGTGACGCCCCCCGGCGAGTCCGAACCGATTGACGTTCCGGTCATCGACGAGGACGTCGTCCGGAACCAGATTCGGGTGGGTTTTCGCTACTCGTTCTGAGCGGACCCGTCCGCCGGCAGCACATATCGCCCTAGGGCCTGCCATCTGACCGACGCTCGTCGAGCATCCGCTGGTACTTCTCCGCCGCCCGGTTGTGCTCCCGGAGCGTGCGGCTGAAGGTGTGCCCGCCGGTCCCGTCGGCCGCAAAGTAAAGGTACTCGTGCCGCTCGGGACGAGCCGCGGCCCGCAGGCTGGAGGGGGACGGATTCGTGATGGGCCCGGGCGGCAGGCCCTGATTCTGGTAGGTGTTGTACGGGTGGTCGATCTCGAGGTGCTCGTAGAGAACCCGGGTGACGCGGGCCCCCTTCGTGTCGAGCAGGACGTACTGGATGGTCGGGTCCGCCTGGAGGGGCCACCCGCGGGTGAGACGATTCAGGTACACCCCGGCAATCGCCGGCTTCTCGGCGTCGACGAGGGCTTCCCACTCCACAATCGAGGCAAGCGTGACGACCTCCCGCTTTGTGAGCCCGAGGCTGTCGGCCCCGGCGGCAAGCTCGCGCTCGTAGAAGCGATCGAATCCCTGTTTGACGCGCCGAACGACGGCCTCGGGGGGCGTCTGCCAGTAGAACTCGTACGTCTCGGGGAGCATGTACCCGAACAGCCGCGCGGGGGTGCTGTCGAGCGCCTCGGCGAGGCTCGTGTCGCGAAGGGCCGCGCGGAATGCGCCGGCGTCCCGTTCGAGCCGCCGGCCCAGGACCGACGTGAGGGCGCCGGGCTGCACGCCCGGCGGGAGTGTAATGCGCACCGGGTCCTGCAGGCCCCGCCGCAGCTTGTCGAGCAGGGCGTAGTTGGAGCGGCGGGGAGCAATGCGGTAGTGCCCCGACTTGATCTGCTGCCCCCACCC
NZ_CP169425.1_gap84	3174219	3176167	1948	GACGAGGCCCGTTGCTCCCCGTCCCGGAGGGCCGTCAGGTCGGCCTCGCCGTACTGGTCCTCCTCCGGGACCGGCAGCAGGGTCTCCGTGTAGTCGTTCGCCTGATTCACCAGCCGGGCGCGCTCCCCCAGGTCGACCACCGCCACCGCCTGCCGGGTGTTTGCCTGGCTCCCCACCTGCTGCGTGATTTTCCACACCTCCACCTCGGTAATTTCGTCGAACCCCCCGAACGTCCGGATCGTCGTCGGGTCCTCGTGGGCGCGGTTCCAGTTGTTGCGGAAGTAGTAGCCAAGAAAAAAGTGCCGGTTCTCGTCGTAGTCCGTGGGCTTGAGGTCGAATTCCGTCTCCTGCGCGCCCCCCTCAATGCTGAGGCTGTTGGACTGGCCCTCCTGCTGGCTCGCAATCGTCGTGAGGCTCAGGTTGCCGAACTGAAACTCACTCTTGATCCCGAAGAGGCTCTGCCCCCCACTGATGAGCTGCGACGGCGTCTGCATGGACACGTTGCCCGCCTCCACGCTCTGCAGGATTTCGTCCTCGTAGCCGGTGTAGTCGAGCTTGACCTGATTCTGGTAGTCAAACTGACTCTGCGTGTCCCAGTCGACGTTGATCTGGAGCTTGTCCCCGATCGTCCCGGTGATGCCGAGCCGCAGATCTTGCTTGAAGTCGGGATTGAGCTGGCTGGCGTTCCCCGTCACGTTGACCTGCTGGTCGCTCTTCCGGTACTTGAACCCGGCGTTGATGTCGGCCTGGCCGTTCACCCGAAGGTCCACCTGCGGCTTGCCGAAGACGGTGGAGAAGGCACTCTCCCGCCCCCCCGGAACCACCATGTTCACCCCAAACCCACTGCGTCCGTCCCCCTGCTGGCGCTGCTCGGTGAGCGTGCGCCAGTTCTCGCGCAGGTTGGCACGGTAGCGCTCCTGCCGGTACGCGTCTGCGTCCATCCCCACGCGCTCCCCGGGACGCGTGTCGCCCGTGAGGACGTAGCGGTTCTGAGTGGAGTCGAGCGTGACGGATTGTGCCCCCGCCGTGGGGGCGCGCGGCCCCAGAAACGGAGACGCCCGTCCAAACAGGCGGACCGCCCGCTTGCGCCGTGCCGGCAGGTACCGGCCGACGACGCCGGTGTCGGGGGACGGGGACGGTGCCGAGAGGCCCTCTCCCTCAGTTCGCGGAAGACCGCCCACTCGGTCCGAGAGGGATGCGCTATCTCCAGGGGGTGGGGGCAGTCCCTCCAACTGCAGGACCGGGGTGCGGCGGGTCGTGTCGGGGGCGGTCGTGTCGGGGACAGTCGTGTCGGGCGGCGGCCCCTCCTGCGCTCGGGCCGGCGATTCCCCCCCGGCGAGGCTTCCAATCAGGAACAGCGCCACCGTCGACATGAATACACGTCCCTCTCTCGACAGCCCCATGCAGGGGGCCGGGGACGGCAACATCGATGAGATCAGCGGCACGGGTCCAGGAACGCTCCGAGGTGCTACGGCGTGCACCGGTGCTCCGGCCTAGGCATGGACGGAGGCCCCAGTGCGTATTTGAGGGGGTTTGTAGCGGTTCCTGCCGATGCGCGGTGTTGCGTCTGGGAATGAGAGCAACGGACGAGGGGTGTGCGACCAGGCGCCGCCCCAATGGATCTTCACCTCGAATGTAAGATGTGGCGTTTTTTTCGTCAAGCACAAGAGCAACTCGTTCGGCCTGGGGGCGGGCAAGCCGCAAACCCCGTGCCCACTCGTGGCGGCCGGCCCGTCAGGCCCGCTGGCCGTCGAGGGGGCGCTTGGCGGTGACGTCTCGGAAGTCGTCGTGCCGCTCCGTCTGAATGTTAAGCCCGCGATCAGCGATTTTCTGCAGAAACTGAGCGCGCGGGATCACATTTTCCGGCACGTCGGCCCCACCGGTGGAGACGGCCTCCTCACGGGCCAGGAAGAGGGCCGAGACGACCGTCGGGATGGCCGTACAGCGC
NZ_CP169425.1_gap85	3192312	3193233	921	GCGCCCCCACCACGAGGCCCGCCTCCCACATTCGACGGCGCGGGCGACGGGTCGTCGCGAGCCGCCGCACGGCCCCTGGGTGCCCAAACTGCTCCCGGGCCGCCCGGCGCCGACGCACCGCCCACCCGTAGATCCCCAGGGCCACCGGGCCAAGGAGAAGCGTCCACACGTATGTGGGGTGAAGCCAGTCCATGTCTGGGCTGTGATTGCAGGGGTGAGCACGGGCTTTCGGGGGTCCCGCGGATCCCTCGCTGCGTGCTACGGGAAGCGCCGGAACAGGGTGGCGGAGAGGCCGACCTCCAGGAGCGCGAGCCCCAGGGCCGGCAGCAAGAACCACGAATACCGCTCCGTCCGGTCCGTGTAGACGCGCTTGTCGACCGGGGTGGCCTCCATGGTGTCGATCTCGGCGTAGATGCGCTCCAGTGCGTCCCGGTTCGTCGCGGAAAAGTACTGCCCCCCGGTGGACACGGAGACGGACCGGAGCATCTCCGCGTCCACGCCGGCCGACTCGTCCCGCTGGCCCTGCGGCAGGGGCTCCTCCCAGGTGTCCCTGTCCTCCGACGACCCGACCCCGATCGCGTAGACCCGCACGCCCATCGTCCGGGCCACCTCGGCCGCCGTGCGGGGATCAATTTGGCCCCGGTTGTTGCGGCCGTCGGTAAGCAGAATGGCCACCTTGCTCTCCGCCTCGCTGTCCTTCAGCCGGTTGACGGCCGTCGCCAGGGCCGTCCCCACGGCGGTGCCGTCCTCCACCGCCCCAACCTCCACGTCCTCGAGCATGCGCTGAAGGAACGAATAGTCGAGCGTGAGGGGGGCCTGCGTGTACGCCTCGGCGGCAAAAACGATGAGGCCCACCCGGTCGGACACGCGCCCCTCCACGAACGCCCCCGCCGCCTCGCGCGCAGCCTCGAAGCGGGTCGG
NZ_CP169425.1_gap86	3195069	3198098	3029	CTGTCCGGGGCGGGGTCCCCACAACCGTCGTGTCGCCCCCCGACGCGAGGCGAACAGGCAGGACGGGCACGCGGGCCGAGTCGAGGGCGAAGGTGGTCACCTCGTAGGCCACGCTGTCGACCCGACGGGCGGTCGACGGGCGGCGCGTCCGGACTGCCCCCCGCCGGACCGCGTGCAGATCCCCGAACACAGCCGACCCGGCGTCCACGCCCGGAAACATCGCGTCGCGATTCGCGGCGCGCGCAGCCACCAGGATGAGCGTGAATCGCTCGCCGATCTTTACACTGTCGGCCGACACGCGGGCCTCGATGCGGGGCTCCGACTGGGCCCTTGCAGGGTGCCCGCCCGCGTGCAGCAGGCCCAGGACCACGAGAAGAGGGCCACCGATCCACGTCCACCCTCGCATCCGTCGCTGCATACGTCCCGAGTCGATCAACGGACGGGCGCGCCTCGTCGCTAGCCCCGCCGGGCACGCCTCCGAAAGAATGCAATGAGTGGCTCCAGGTAGTCGCCGTCGGTGCGGACGATGACGTGCCCGACCCCGGCCCGCCGAAGGATCTCGCGGGTGCGCTCCCGACGCGCCTGCGCCGCGGCCTCGATGGCCGCCCGGGCCGCCGGATCGCGGGGGTCCACCGTCACGGTCTCTCCGGTCTCGGCGTCGGTCAAATCAACCAGCCCCACCGGGGGCAGTTCCTCTTCGCGGGGGTCTTGGAGCTCAATGCCGATCGTGTCGTGGCGTTGCCCGGCGGCCCGCAGCACCGAGTCGTAGCCGGCATCGAAGAAGTCGCTCACCAGCACAAGAATCGACCGGCGCTGCAGGATGCGGAGCACGCGCCGGAGCGCCCCGCCGATGTCCGTCCCGATCGATTCGGGCTCGGCCGTAAACAGCTCGCGAATGCACCGCAGCACGTGCCGCCGCCCCGACCCCGGCCGCACAAACCGCTCCGTCTCGTCGGAAAACAGCAGCAGCCCCACCGTGTCGTTGTTCTGAACGGCACTGAAGGCGATCACCGCACAGATTTCCGCGGCCACCTCCCGTTTCAGCTTCCCCTGCGACCCAAAGTTCTCCGACCCCGACACGTCGACACACAGCATGACGGTCTGCTCCCGCTCCTCCTCGTACACCTTCACGTAGGTGTCGTCCATCCGGGCCGACACGTTCCAGTCGATGTTGCGGATGTCGTCCCCCACCTGGTAGGGCCGGACCTCCGCAAACTCGATGCCGCGCCCCTTGAAGGCCGACTGGTACTCGCCCCGAAAGACGCTCTCGACCCGGCCGCGGGTGCGGACCTCCAGCCGGCGGATCTTTTCGAAGAGCTCGTCGGGAATCATGGCGAGGCGCACGCTGGGAAGACGCGGCCGCCGGGACGAGGAGGCCGCACGCGAGAGGCTTTCGGCACCACATCGTTGTAGTCCCTCTCGACGCGAATCGTTCGCCGCGGCCGCCGCCCGCCGGGCCAAACGCCTCCCGTGGGCGCGGTCGGCCCGAGCGCCCCCAACGCTACTGCTCGTCGCCAGGGGACGAGCCGGCGTCCGCCTCCGAGGCCGCCCGGGGAAGCCGCAGACGAACACACGTGCCGGCGTCTTCCTCCGTATCGACCTCAATGTCCCCGTTCATTTTCTCGATGACCTGTTTGGTGACCGCAAGCCCGAGCCCGGTGCCCTCGTACTCTCGGTTGAGGCCCTCCGAGGCCTGTCGAAACGGCTCGAAAACGTGCTCGACGGTGTCCGCGTCCATCCCAATGCCGGTGTCCTCCACCTCGACCACGGCGGCGTCTTCCGCCCGGTAGGACCGGACGCGGACGCGTCCGCCCTCCTCCGTGTACTTGATGGCGTTGCTGATCAGGTTCCGGAGGGCAATCTGCATTCCGCCCCGATCCACCCGGGCAACAACCGGACGCGGAGTCTTCTCTACCTCGCAGTGGACCCCCGCCTCCTCGGCCTGCGGATGGAGCTCGTCCACGAGCCCCTTCGCCAGTTCATCCAGCGGGATCCGCTCCGCGGCAAGGTCCATCTGGCCCGCCTCCAGCCTCGACAGGTTCAAGACGCCGTCCAGTGTGTCGAGGAGGCGACGCCCGTTCTTTCCGATGAGATGGGCAAACCGGCTCAGGGTGGACGGATTTGCGTCCGCGGGCGTGGCCTCAAGGAGATCCGCCTCTTCTTCGATCGTCTCGGAAAACCCAATGATCGACGTGAGGGGGGTGCGGATCTCGTGGCTCATGTTCGCCAGCATGGTCGACTTGAGCCGGCTGGCCTCTTCGGCCGCCTCTTTTGCGTCTCGAAGGGCGGCCTCGCGACGGAGCCGGTCGAGGACGAGCGCGGCGTACCCGCCCAGCAGCTCCAGAAGATGAAGGTTGAACTGGCGGTACGTCGTTTCGTCGGCCTTCCCCACCACGATGGCGCCGTGTCCGCCAATTGGGACGGAGGCGGCCGAGCGGAGATCGCCGTAATCGATGGAGTCTGCCAGGGATTGAATGGTTTCGCTGACGACGGCCTCGCCGGACCGAAGGGCCTGCCCGGCCACCATGTTCTCCTGTGGGGGACGCGCTTCGGGCATTGGCAGCGACAGCCCCGACGCGGCCTCTGTGCGCTCCGGGACAATCAACCCGTCCTCCAAAAATCCAGTGTGGGCGAACGGGTAGTCGAAGACCTCTTTCAGCACCCAGTGGATCCGGTCGGAGACTTCCTCCTGGGAGCCGGCCCGCAGCAGCTGCTTGGTCGCCTCGTACAGGGCCTCAATCTTTTCCTGTCGCGCGCGGAGGTCCCGCTCTCGCTCCTTGCGCTCGGTGATGTCCAGCCCGCCCCCCACCACTTTTCTCACCGTCCCGTCCGGGTCCGTGATCGGCACGTGGATGCGGAGGTAGTGCCGGGGGCCCTCGTCCGTCTCGATGGTCTCCCGGAGGCGGTTGATCGATTTGGTCTCGACCACCTCTCGAATCGATTCGTCACGCCGCCGGCCCAACGCCACGTCCAGATCGTGCCGGCGGCAGTATCCCTCGTTGGTGAGCCCAATCAACTGCTCCCGCACC
NZ_CP169425.1_gap87	3208452	3213015	4563	CCAGTCGTGCACCTCGTCCAGGTGAGTGACGGCCGCCGCCGTGGGGCGGAGGGGCAGCCGGGCGAACGTCGCCTCGTCGATCCCCCCGAGCGCCCGGGTGGCGTCGACCACGAAGTGGACATCGGGCCGCGGCAGGGGCCGCAGGAGGCGCCGGTACCGCCGCAGCACCGGGCGGGCCTCCGACAGGGGCATGGGGAGCGGTGGTGTGTCGATGAGCACCTGCTCGAAGTCGCCGACGCACCGGAGCGCCTTCGCCATGTCTTCTTTCGTGCGGACGCTCCGCACCGGGAGGCCGAAGCGCCGGTACAGGGCGGTCGGGTTCTGATAGGACGCGTTGCGCCCCGCCTCCGGACACAGGTGAAGCACGGCGGTGTCCTGCCGGGCGAGCATGCGGTCGTGCACCGCGAGCTTGAGGGCGAGCGACGTCTTCCCGGCGCCGCTGGGCCCCACCAGGGCGATCACGCCCGTGTCGTCGGTCAGGGGGTCGGTCTGGATGCGGCGACACACCACCTGTGCGAGGGCCCAGTGCAGCTCGTCCCGGGGGCTCTCCCTCGGGTCCACGCCCCGCTCCGTCAGGTCGCCGAAGAGGGCGGTCGCGGTCTTGGGACGGAGGCCGTCCTCCAGCAGGCGCCCGTAGAGGGGGTGGGTCGCCCACTCGTCGGTCTCCGCTCCGGCGAGGCGGGCGGTCCGGTCGTGCCCGTCCCCGCCCCGGGCCCGGAGCTCCGCCAGGCGCGACTCGACCCAGGCCTCGTGGTCGCCGGTCGTCGAGGCACCGTCGCCCTCCGCATCCGAGGCCGGAAACACCCGTCCCCGCCCCGGGCCCTGCCCCGACGCATCCGCCTCCGGCCGGGATTGTGCCTCCAGCTCCGACTGAAAGCGCGACGCCCGCCCCGCCCCGGGCGGCCCCGCTGCCTCGTCCGCCTCGTACCCGAGGGCGGCCCCGTCGTCCTCGCCCCCAGGGTCCGGGGCGGGCGACGTGCTCGGGGGCGACGTGCTCGGGGCCGACGCAGGCGCCTCCGACGGCTTCGGCACGTGTCCCCAGGACGGCTCGCCCTGCGTGGCGGCCTGCTGGGCCGACTCGTCCACCATCACGGTGACCTGCGCGGGCGCCTCGTCGGTGGACGGCTCCGACTCGACCAGCACAACCTGGTCGCCCAGCTTGTGCCGCGCCTTTTCGAGGGCCGCCTGAATGCTCGAATCGGTAAAGGTCTTGACGTCCATGGCAGTGTGCGCGCGGCGCGGATGAGGTTATGCGTTGGAGACCCCGGCGGTCGCGGCGGACAGGTCGGGGGACGACGAGCCCTGCGGGATGCTGACCTGGTCGACGATGTCGACCGGGGCGTCGGGCGTAAGGTCGTTGTAGGAGAGAACGGTAATGTCCGAGACCATCGGGTCCAGAAACTGGTAGACCGTCGCCCGCAGCACGGGGGAGATCAGCAGGATCGGCGCCCGGTCGTTGCTGATAAGCTCAGTCGCCTGCTCGTCGATCGCCTTGACGAGGGCGTCGGCCCGCTCGGGCTGCAGCCCGAGGGTGTTGGCGTCGAGCCCCCCGGACTCGGCCGTTTCGAGCAGGTGCTGCTCCAGGGCCGGGTCCATCACGAAGGCCTTGATGCGCCCCTCGGGCCCCGAGAACTCGCGGGTGATGGTGGGCGCCAGGGCCGCCCGGCAGTGCTCGGTCAGCACCTCCACCGTCTGCGTCTGCGACGCGTGGTCGGCCAGCGTTTCGAGGATCGTCACGAGGTCGCGAATCGGAATGCGCTCCTCCAGCAGCCGCTGGAGCACCTTGCGGATGCTGCCCAGCGAGAGGAGGTCCGGCACCAGTTCGTCGACGAGGGCCGGCGCCGATTCTTCGACCTTGTCCAGCATTTCTCGGACCTCCTGCCGGTCGAGGAGCCGATAGGCATTCTTGCGCAGCTCCTCTAGCAGGTGGGTCGAGATGACGGCCGGCGGCTCGATGACGGTCAGCCCCATCTGCTCCGCCTCCGACAGGTTGCGCTCCGCCACCCAGACGGCCGGCAGCCCAAAGGTGGGGTCTTCCACCCGGATGCCCGACGGCGCCTCGTCGACGTCGTCCGGGAGCAGCGCGAGCTTGTACCCCGGCATCACCTGGCCCTCGCCGATGGGATTGCCCCGGAGCCGGATCACGTATTTGTTCGAGTCCATGTCGACGTTGTCCCGAATGCGCACCGGCGGGATGACGAGGCCCATCTCCTCGGCCAGTTGCTTCCGCAGCATCTTGACGCGCTCCAGGAGGTCCCCGCCCTGGTCCGGGTCCACGAGGGAGATGAGCCCGTAGCCGATCTCCAGTTCGAGCGGGTCCACCAGCAACAGGTCGGAGGGGTCCTCCTCGGCCTCCTCCTCGGCCTGCTGCTCCTCGGCCTCGCGCTGGCGCTCGGCCTCTGCTTCGTCCTCCGCCTTCTTCTCTTTGCTGCGCAGGTACCACAGCAGGAGCACCCCTGCGCTCAGCAGCCAGAACGGAATGATGGGCAGCCCCGGCACAAAGCCCATGACCCCCAGGAAGCACCCCGTGATCAGCAGCGGGGGCGGCTTGTCGAGGAGCTGGCCCTTCATCTCGCTGGCCAGCGACCCCTCCTCCCCACTGGCCCGCGAGACGATGATGCCGGCCGCCGTCGACACCATGAGCGCGGGGATTTGCGACACGAGCCCGTCCCCGATCGAGAGCAGGGCGAAGGTGCTCGCCGCCTCCCCAATCCCCATCGCCTGCTGGGTGACGCCGATCACCAGGCCCCCCACGACGTTGATGGCCGTGATGAGGATGCCCGCGACGGCCTCGCCCCGCACAAACTTCGTGGCGCCGTCCATGGCCCCGTAGAAGTCGGCCTCCTCCGTCACCTCGTCCCGCCGCTCGCGCGCCTCCCGCTCGTCGATGAGGCCCGAGTTGAGGTCCGCGTCGATGGCCATCTGCTTCCCCGGCATCGCGTCGAGCGTAAACCGCGCGGCGACCTCCGAGATGCGCTCGGTGCCCTTCGTGATGACCACGAAGTTGATGATGACGAGCACGAGGAAGATGATGGCCCCCACCACGTAGTTGCCCGCCACGACGAAGCTCCCAAACGCGTTGATGAGGGCGCCCGCCTCCGCGTTGCCCAGGATGAGCCGGGTCGACGCCACGTTCAGCGAGAGCCGGAAGAGGGTGGTCGTGAGCAGCAGGCCCGGGAAGATCGCAAATTCCAGAGGCCGCTCGGCGTAGAACGACGTCAGGAGCACCCCGAGGCTCAAGGCGATGTCCGTGGCCAGGAAGAGGTCCAGCAGGTAGCTGGGCAGGGGCACCACCATCATGAACAAGATCGCCACGATGGCGCCAGCCACGAAAATCTCGCTGTCGATCCCCCCAATCCCCAGCGACCCGGTGGGCGACGATGACGTGCGGGACTCAGCAGCGCGGGACAAAGCACCGACGGGGGTGGATGACAAAGCATAAGCGGGTTAGACGTCGCCGCGCTGCTCGTATACTTCGGCGAGGATGGCGGCGACGGCCGGGTAAAGCTCCTCCGGAATTTCTTCCTCCTCTGGCACATTCTCGTACAAGGCGTGTGCCAGGGACCGATTCTCGAACGTAGGCACGTCAAATTCGGCGGCGAGCTCTTTAATCCGGAGTGCGCGCTTGCGCACGCCCTTCAACAGCACCCGCGGGGCCGGCGCCTCGTCGGGGTCGTAGCGGAGGGCAATGGCGTAGTGCGTCGGGTTTGTAACAACCGCGTCCGACTTCATGACGGCGTGGTCCATGCGCGGCTGCTCGGCCAGCTCCTTGGCCTTCTCCCGGCGCTTCTCTTCGAACTCCGGGTCCCCCTCCGTTTCCTTCTGTTCGTCCTCCATTTCTTTTTTGCTCATCTTGAGGTCCTCGTAGTACTTCCAGCGCTCGAACGCGTAGTCGAGCGCCGCAATCACGACGAGGCCCATCAGCACCCGCCACATCAGCGCAAAGAACCAGTCGGCCGCCTGGTTGAGCAGGGCTGGCAGCGGCAGCGTGTAGACCTGCACCATCTCGGGAATGAGCGGCCGCATGGCGAAGTACGCGATGGGCCCCACCACGCCGATCTTGAGGAGGGTTTTCGCGAAGCCGAAGGCCCCCTTCGAGGAAAAAATCTGCTTCAGCCCCTCCAGGGGATTCACGCGGCTCAGCTGCGGCTGGATCGGGGTGAACGATACGTTCCACCCGGACTGGACCATGTTCAGCCCCACCGCCGCCACGATGAGCACAATGAAGAGGGGAGCCAGCATCCCGGCGACCTGCGCCCCGATCTCCGCGACGAGGCGCTGGAGCGACGCCGGGGTGAGGGACATGCGCGCCGACCGGAGAAAAATGCGGGCCGCCATGTCCTGCAGGGACTGAAACGCCGAGGCGCCCCCCACCGAAAAGACGGCCATCGCCGTCAGCAGGAGCCCCACGGAGACCGGCTCCGTGGCCCGGAGCACGTTTCCCTTCTCGCGCGCCTTTTCGAGGCGTCGGGGCGTGGGGTCGTACTGTTTTTCCTGCGTCTCACTCATCGGTGGCGCTGGGAGGCAATCACGCGATCGCGATTACTCGGCGTCCCCGCACGG
NZ_CP169425.1_gap88	3231434	3234310	2876	TGCGCACGAGGTGCAGCAGGGGATCTCCAATCTCCTCGACCAGCGACTTGTCCAGCTCCGTGTCCTCCCCCTCCACCGTCAGGTCGATCTGCTTGTCGAACTCGCGGGCCAGGTCGCGCACCACGCGTGGGAACTTGCCGAAGACCTGTCCGACCTCCACCATGCGCGTCTGCATGATGGCACTCTGCAGCTCCGTGGTCGTGTAGTCGACCTTGTCGCTCGCCTCCTCCAGCTCCCCCAGCAGGGAGTCGAGACGGAGGCGCTCGTCCGTGTCGGCACGCGCGTCGTGCTCGGTGCGGGCCTCGGTGATGAGCTGGAGGAGCCGGTTGCGCCCCAGCACCAGTTCGCCCACCAGGTCCATCAGCTGATTCAGTCGGCTCACCTCCACGCGGATGGTGTCCGGCGCTTTTCGCCCCGAGTCGCCGTCCCCCCCGTCGCCGTCGGTGCTCGACGTGTCGTCCGACGGCTCGCCCGCGTCGGGCGAGGCGGCCCCCTCTGTGTCGCCCGTCCCGTCCGCGTCCGTCGGCTCGTCGGCGCCCCCGGCGGCGTCGCCCCCAACCTCCTCGGGCGCCCCCCCGTCCGGATCCGGCAGCGAGACCGCTCCGGCCTCGAACGTGCCCTCGTTGATCGCCTCAAGGGCATCGAGCAGGGGCTCCATTTCGAGGGGCTCCAGGTCGCGGTCGATGACCTGCTGGGTGAGCACCTTCATGTGGTCGAAGGCACACAGCATCACGTCGGTCATGGCCGGCTCGAAGTCCACCTCCTGCTCCCGCATCGCGTCGAGCACCTCCTCGAACCGGTGCGCGAGCGTGCTGAGCTGTTCGAGGTCGAGGAAGCCCGCCGTGCCTTTCACCGTGTGCACGTCCCGGAAGACGCTGTCGACGAGCTCTTCGTCCTCGGGCGTTTTTTCGAGCTGGAGGAGATCCCCCTCAAGGCCGTCGTAGATCTCCGTGGCCTCCACCACGAAGCTCTCGACGATCTCCTGCATGCCGTCGTCGTGAATAGGGTGCTGTTCGCTCATGGGACCGGAAGCAACTTGTGCGCCTTGTGAAGAACCTGGGGCCGCGCGGGGCGCGTCGGGCGCGGGCCCTACTGAAAAAGCTCGTCGATTTCTTCCTGGGAGGCCGCCTCGCCCCCCTCGTCGCCCCCACCGGAGCCGCCCCCGCCGTCGTCGAACATGTCATCGATGTCGGACTGGGAGGCCGCCTCCCCTCCGTCCGAGGAGGCGCCGTTCGCGGACGCCCCGTTCGAGGAGGCCCCGTTCGAGGCGGTCGACTGCGACGCGGTGCCCCCCGTGCCCCCTCCGCCCCGGCCCCCCGTCGACGTACCGCCGTCTTTCCCCGCCATCACGTTGTCGGCCATGCGCTGCTGATCGCCCGAGCGGTCGTACTCGGCATTCATGTTGAACGCTGCCGTGCGCGAGGGCTCCCCCGACGGCGCGTCGCTCCGGTCGGCCTGTCCCGTTCCGAGCCGGGCCAGCAGCGCGTCGATCCGGTCGCGGACCGTCTCGATGAGGTGATTCACGCTGGAGAGCTGCTGCTCGGTGACGTCCTGCACCTGCAGAGACATCATAATCTGGTTCATACGGTCCCGGATGGGGGACAGGGAGTCGCGGGTGTCCTGGAGCTGGGCCGCCCACTCGTCCCGCAGGTCCTGCTTCCGGCCCTGAATGCGCGCCACCTCGTCCAGCAGTTCTTCGTGCCCCTCGCCGAGCTCCTCCCGCAGCAGGGCCAGAACCTGATTGTCGGCCTCCGCCTCCTCGGCGAACTGTTCCTCAACCGTCGACAGCTGGTCCTCGATGCTCCGGAGGTCTTTCAGGACCTCGTCGGAGTGGTCGAGGATCTCGCTCGTGGCCACCTCCGTGGCCTCCGACACGCTTTTGAGGTGTTCGGTGGCGCGCTCCATGTGTCCGGAGCGCGTCCGAATGGTGGTGTTCACCTCTTCGAGAAGCACAGTGATGTCCTGGACGAAGTCGAAGAGCTCGTCCAGGAAGGGGGCAAACCGACGGCTGAGCACAAAGATCGCTTGCAGCTCGTCCAGCTTGTCCAGGAATTCTTGGACTTGCGGGCGCGATGACATAACAGAAAAAAAGCAGTTACGTACGGGACAAAGACAGTGGAGCACGAAGACGCCTACGCAGCCGCTTCGAGGCAGCTATCTACCTTCTCCTCGAGCACCTCCGGCTCGAAGGGCTTCACGATGTAGTTATTCACCTCCGCCTTCATGGCGGTCTTCACGTCCTCCTTCATGCCTCGGGTGGTAATCATCAGGATCGGGAGGTCCGAGTACTCGGGGTGATTTCGGATGTTGCTGGTGAGGTCCACCCCGTTCATGTTGGGCATATTCCAGTCGGTGACGACGAAGTCCGGGGCGTTTTCCTCCAACTTTTCCAGCGCGTCCTCGCCGTCCTCGGCCTCCACAATGTCGTTGTAGCCGATCTCCTGGAGGGCATTCCGGATGATGCGGAGCATCGTAGGCGAGTCGTCGACGATCAGGAACTTCATGGGTACAGCAAAGGGGGTCAGTGAAAACAAATGCGTGTGAGTGAACGGCTACCGTCGGGGCGTCCCCGTCATGCTCGCGAGGAGACCGACCCGTTGGTCGGGCGCCGGTAGGCAAGCGCGCCTTCGTGGCGGACGGGCTCCAGCGGGACGTCGAGCCCCCCGAGCGCCTCCGAGCCGCCGACGAACAAGTAGCCGCCCGGACGGAGCGACCGGTACAGCCCTTGGAGCACGTTCTTTTTGGATGTCTCGTTGAAGTAGATGAGCACGTTGGCACACATGATGAGGTCGAAGTTGCGCATCCGCCGCATGTCCTGGGCATCGGTCAGGTTGAGGGGCCGGAACTCCACCATGTCGCGGATCGCGGGATCGACC
NZ_CP169425.1_gap89	3290205	3292156	1951	GTAGGCGGAGCTGACGTACCCGAAGCGCTCCAGGCTCGGGCACTGCGCGAGCAGGTCGAGCACGTGCCGCGTGCCCTCCACGTTGACCTGCCACCCGACCTCCCGGGGAATGGTGAGGTCGTACACGGCGGCGAGGTGCACCGCCCGCGTGATCTGCTCGGCCACCGCGTCGTAGTGCGCCCCGAGGCCGAGATCCGGCTCCGTAATGTCGCCGGGCAGCACCGTGGCCCGGTCGGCCAGGCCCCGGTCGGCGAGCAGCGTGTGCGTGCGGCCCTCAAACTTCGGCTGCACGAGGAGCAGAAAGGACCGGTCGGGCGCCGCCGCGGCGAGGCGACGCAGGAGGCGCGTCCCGAGGAAGCCGGGGACGCCGGTGAGGAAGGTCATGGCGAGAAAGGTCGAAGGATGGTAGTGCCACGAAGAACGTCTGGAGGGCATCTCGACAGCAGTCGGCGGTCGGCAGACCGCAGGACGGGGGCCGTACCCCAATGCTAGGGATTCCGGAGTGCAAATACGTCGACCTCCGAACGAGGTGCCGCCATCCACATCTGGCCCCCTTTTATCTCCCTCTCTGGCTTTGGAGGGACGGACTTGGAACCAGCACAGCCTCATTGTGTGCAAATGACACAATAAGTTTATGTTTTTGAACGTCGCCGCCGAGTTGAATTCAGTTCTACGGATCCATGTCTCCGACAACACAGCAGTCCGCCCCGCCGGAGACAGAGGACAACTGGGTACGCTGGGTGGCGAACTGGGACGATGCCACCGCGAACGTTGAGATCCGTCAGGGACTTCCCATCGCCCTCGTGGTGCGCCTCCAGGAGCTTCTGGACCTCACCGACGAGCAGGCGGCACGCCTCATCGGTCGGTCCCGGAGCACGTACTCCCGCCACCGAAATCAAGACAAGGAGCTCGGCGTGCCCGAAGCGGAGCGGGCCGTACGCTATGCCCGACTCCTGGCCCTGGCCGCCGAAACGTTTGGTAGTCTTGAGGATGCCGCGGCGTGGATGCAGGAACCGAACCGGGCGCTGGACGACGACACGCCGCTGGACATGGCCGAGACCGCTCCGGGGGCCACAATGGTGCGAGACCTCCTGCTCGGCGTGCAGCACGGATTTGTGCTGTAGCACATCTCGGAGGAGCCCCCTCCACGCTTCTCTGATACGCTCCTTCTACTTCCAGTGGCCACTCATCGAATCGTTCGTGTCACCCACCGCAACCACGCCGAAGACGCGTATTCGGGACGGGGCGGGCTCTACGCCGCCGGACGCTGGCACCGCCGTGGTCGGCTCGTAGTGTACGCGGCGGAATCGCTCGCCCTTGCAACCCTGGAGAAGATCGTGGCCGTTAACGACGTGCAGCGGCTCCGGGAGATGGTCTACGTGCCGGCCCACCTCGACGAGGAGGCGGCTTGGGCACCGTCTCTCGCAGATCTGCCCGACGGCTGGGACCAGCGGCCGCCCACCGCGGCGTCACAGGACTTCGGGACCGACTGGCTCGACTTGGAGCGCTCGCCCGCCCTGCAGGTGCCATCTGCCCTCTTCCCCACCGAGGCGCACAATTACGTCCTCAACCCGGCCCATCCCGAGTTCGACGCTGCCGTGGAGGTGGACAACTCCGAACCGCTCAGGCTCGACCCGCGCATCGAGGCGCGGCTCGCAAAGGACTCCTCCTGAGCACATTTTGCCGTCTCCACCGGGATGCAGCCGGCCCCTCCCAATTCCCCACGAAGCAAGGATCCATCCCCCCGCCCCCTCATACCCACGATTGCATCTTGGATCGGGGGTTCCGCCTGCTCTGACCTGCCCCCCGCCAGCACCGCCCCTTCAACCCTCCCCCCGCAACGCCCACGCCCCCATGCCCGACACGCTTCCGCAGCCCCCCGAGGTCGATCGGGATCTCGCCCTCGACCACGGCCTCACCGACGACGAGTACGATGAGATCCTGGACCGGC
NZ_CP169425.1_gap90	3294084	3296960	2876	CGCCTCGACGCGGCCCTCTTCGGGGAGGCGCAGTCGCGCGTGGTGGTCTCCGTGCGGCCGGACGACGCTCTTGCCCTCGACGCGGCCCTCACGGACCATAACGGCGTGCGGGCCCGTCGCCTCGGGGCCGTCACGACCGGCCCCCTTCGCCTCACCGTGGGCGACGAGCCCGTCCTCGACGCCTCGCCCGCTGCCCTGACCGCCCCTTACGAGGCGGCCCTCCCTGACGCCGTGACGTGACACCCGCCGGGATTGCAGGCTCTCTTCCTGTCAGTTGGGCACAACGCCGGGGCGCTTGGGGCCCCGTCCTGTAACGCAACCGGGAAATGCTCCGCCATAGCCTTGCCTGTCCGACGTGGCACCCTCTTTGTGCTAACACACACTGATTGCGTCGGCGCCGCTCCCGCGGCGAGAAACTGCTAGGGGGCGTCGGCGATACAGGAGAAAGTGTGTTGAGACGCTCATTCTCTTCCCCACAGAACGACCGACCCCATTATGGCCGAGAGTGCCAATGTTATCACCCTGACCGACGACAACTTTGAGGACGAAGTCATCGGCGCCGACCAGCCGGTGCTCGTGGACTTTTGGGCCACCTGGTGCGGCCCCTGCCGCCAGATCGCCCCGATCGTTGAGGAGCTGGCCGACGAGTACGAGGGCCAGGCCAAGATCGGCAAGGTCGACGTCGACGAAAACCCGCAGACCGCCCAGGAGTACGGCGTGCGCTCCATCCCGACCCTCCTGTTCTTCAAGGATGGAGAGGCAAAGGAGCAGGTCGTCGGCGCCGCCGGCAAGCAGCCCCTGAAGGAAAACCTGGAGGCCCTCCTCGGCCAGCCGGCGTAGCGCCACGCCAGGCGCTATGTTAGGCGCCGCGATAGGCGCCAGGCTGGGCGCAGCGCCGCCCGGGGAAACATCGCCCGGGCAGGGCTTCGCCCTGAACGCCCCTCTACTTCGAATGGCAGGCGGCACGGGCCGAATGCATTCTCCCAGACATCCTCCGGGAGCGTTCGGCACGTGCCCGCTCCATTCGCCCGCTCAGTTCTTACATTCAGCACTGCCCTTATGCACGAGAACGGAGCCCTCGCGAACGGAAATCAGACGAATGGACACCAGCATCCAGACCTTGCGGCGTTCGAGGACGTCGACTTTTCGGAGGCGGAGATGCGGGACGTCGTCGTGATCGGGACCGGTCCGGCCGGCTGGACGGCGGCCCTCTACACGGCGCGGGCCGACCTAAGTCCCCTCATCTTCATGGGCCCGGAGCCCGGCGGCCAGCTCACCACGACGACCGACGTGGAAAACTACCCCGGCTTTCCCGAGGGGCTGATGGGGCCGGAGATGATGGACCGCTTCCAGGACCAGGCCGAACGGTTCGGGACCGAATCCCGCTACGGGACCGTCACGCACGTGGACTTCCGGGAGCGCCCGTTCCGGCTCCTGATTGACGGGGAAACCCCGGTCTACGCCCAGACCGCCATCATCTCGACCGGCGCATCGGCCCGGTACCTGGGGCTGGAGAACGAGCAGCGCCTCATCGGGAAGGGCGTAAGCGCCTGCGCGACCTGCGACGGCTCCTTCTTCCGCGGGGAGACGGTGGCGGTGGTCGGCGGCGGCGACAGCGCCATGGAGGAGTCGACCTTCCTCACGAAGTTTGCCGAGAAGGTCTACGTGCTCCACCGGCGGGAGGAGCTGCGCGCCTCGGAGATTATGCAGCAGCGGGCCTTCGAGAACGACAAGATCGAGTTCGTCTGGAATACGGAGGTCATCGACGTACTCGGCGAAAGCGCGGTCGAGGGCATCGAGGTGATCAACAACGAGACCGGGGAGACGCGCTTGATGGGCGACGTGACCGGCTTTTTCCTCGCCATCGGCCACACGCCCAACACCGGGCCGTTTGAGGGCTGGGTCCAGATGGACGAGACCGGCTACATCCAGACCGAGGGCGCGTCCACCTACACCGACGTGCCGGGCGTCTTCGCCTGTGGCGATGCCCAGGACAGCACGTACCGGCAGGCCGTGACGGCGGCGGGGACCGGCTGCAAGGCCGCCATCGACGCCGAGCGGTGGCTCAGCGAGCACGGCGCGGCCGAGGCCCCACGCGCCGACGCCAACCGGCAGCCCGTGGAAGCGTAACGTGTCCCTTTGTTGCGTGCCGATGTCTGCCCGCTCGCCTCTTTTTCTTCTCGGGGCCCTCGCCCTCGGTGCCAGTCTCGCGTCCGCCTGCACGCCGGGATCTTCCCGCTCCTCCCCGCCGGACACGACGGCCGCAGCAACTGCCCCCGAGGCCCCGGAGGACCCGTCTCCGAAACGGCCGTCGGTGGCGCCGTCCTCCCCCACCGACACAGCGTCCCGATCGGTGTCGCAGCGACTGGCGGACGCGAGCGTGGCGGCCCGGGCCAAGCAGGCCCTCGCCCGGCACCGAACCCTTCGGCGCTTCGACTTCTCCCCGTCGGCTGTGCGAGGCCGCCTCGTCCTGCGCGGCGATGTCGATACCCGCGAGCAGTACCGCGAGGCCGAGCGCGTGGCTGCGGCCCTGGATGCCGTCCGCGCGGTCGCCAATGAGGTGACCGTGGACGGCCGCCCGGTGGCCAGCGCCGACCCGTCCTCCGCCGGCACGGCCTACCACACCGTTCGGCGCGGAGACACCCTCTCCGAAATCGCCCGCCGGTACGGGGTGTCGGTGCAACAGCTTCGCAGGCTCAACGACCAGACCTCCTCCCTGCAACCGGGCGAGCGCATCCGCGTGCGGTAGCGCACCTCCCATCAACACGGCCTCTGGGGGTCCCCCGATTGTGAAGTCTGTGGTGCCGCCGCACGCATGTGACGTGTGGCCCACTGAGAGACCTCGGCGTTGGGCGGTGGCGGCCGTGTGGACTCGA
NZ_CP169425.1_gap91	3462156	3466023	3867	CGGCGACGGAAGAAAATTCTAAACAAGGCGAAGGGCTACTGGGGCCGTCGGAGCAAGGTCTACAAGGTGGCCAAGCACGCGGTCGAGAAGGGCCTGCAGTACGCCTACCGGGACCGCCGTCAGAAGAAGCGCCGGTTTCGGCGGCTGTGGATTACCCGCATCAACGCCGCGACGCGCCAGCACGACGTGAGCTACTCCCAGTTCATGGGCCAGTACCGGAAGTCGGACCTTGACATGAACCGGAAGGTGCTCGCCGACCTGGCCGTCCACGACCCGGACGCCTTCGAGCAGATCGTAGACCACGTGATGGAATAAGTGGTGCGCGAAGCGTAACACGTGGAGCGTGTTGCATGAGGGCTTCTTTTCTCCTCTCACGCGTCACTCCTCTCGTTTCCCGCTCCCCCGCCGCCCCGTTGCGATGCCGTTGATTCGTGCGCCGTTTCGGTTTGCCTTTGCGTTTCGGGTCTCTCCGAATCCGCAGGGGCATTGAACGTCGACCGCCACCATTGCTGGTGACCTCGTCCCGCCCCTGCCCCGCAGGCTCGGCGGGATTTTTTATTGCCCCCTGCGTTTCGAGCCCCCGGCGCCGCGTCGCTCTCTGTGACCCTTGACTCGCGATTCCCTTCCATGCCCGACGAAATCGACCAGCTCCGTGAACAGATTGAGGCCGAATCGATCGAGAGCGCCGAGGAGGCCGAGGCCTTTCGCATCAAGTACCTCGGCCGCAATCAGGGCGCGATCCCAGACCTGTTCGATCAGATCGGCGACCTGCCCCCGGAGGAACGCCCCGAGTTTGGCCGGCGTCTCAACGCCCTGAAGGACCGCGCCCAGGAGCGAATCGACGAGGCAAAGGCGCGCCTCGAGCGACAAGAGCAGGCGGGCGGCCCCGACATCGATCTCACCCTGCCGGGCCGATGCGGATTCAAGGGGTCGACGCATCCACTCACGCAGACGCTCGACGAGATCCTGCGCATCCTGCGCGGGCTCGGCTTTTCCACCCACGAGGGGCCGGAGGTCGAAACCGACTGGCACAACTTCACGGCCCTCAACTTTCCGCCCGACCACCCGGCGCGGGACATGCAGGACACCTTCTTCCTCGAGGACCCGCCCGAGGGGACGGAGCCTCGTGTCCTCCGCACCCACACCTCGCCGGGCCAGATCCGGATCATGGAGGCCCAGACGCCCCCCATTCGGGTCGCGGTGCCGGGGCGGGTGTACCGCAACGAGGCGATCTCGTACAAGTCGTTCTGCCTCTTTCACCAGGTGGAGCTGCTGTACGTGGACGAGAACGTGACGATGGCGCAGCTCAAGCAGGTGCTCTACAGCCTCGCCCGCGCGCTCTTCGGGGAGGACGTGACGCTCCGCTTCCGTCCCAGCTACTTCCCCTTCACCGAGCCGAGCGCCGAGGTGGACGTCTGGTGGGACGATGAGGACAGCGACGACGGCGGACAGTGGATGGAAATTTTGGGCTGCGGCATGGTGCACCCCAACGTCTTCGAGTCCGTCGACGTGGACCCCGAGCGGTACACCGGCTACGCGGTGGGGATGGGCGTGGAGCGGATGGCCATGCTCCGGCACGGCATCGACGACATCCGGATCTTCTACGAGAACGACGTGCGGTTTCTCGACCAGTTTTAGTCAGTCATCAGACGCTCAAAGCCTCCTCGTGAGCGCGTATTTCGTATTGTGTATTCCGTGGAGCAGAGGGCCTTACGGAATACGCGATACGCCCCGTCACTCGAAGTTGACTGTTCTCATCTCTACGACCTGAACCGTGGACGTAAGCTACAATTGGCTCAACGAGTACGTCGATCATGACTGGAGCCCCAAGGAGTTGGCCGAGCGCCTCACCATGGCCGGGCTTGAGGTGGAGACGGTCCGCCCCCTGGGCCAGTCGCTCGACGGCGTGGTGGTCGGCAAGGTGACCGCCGTCCGCGAGCACCCAAACGCCGACCGCCTCGTGCTCTGTGACGTGGACCTCGGCGACGGCGCCCCGTCCCAGATTGCCTGCGGCGCGCCGAATGTGGCCGCGGGGCAGAAGGTGCCGGTCGCCACCGTCGGCACCACGCTGTCGCGTCCCGACCCGGACGATCCCGAGGCGCTGCAGGAGCTAACCGTAGAGGCCCGCGAGCTGCGGGGCGAGGCGTCGAACGGCATGATCTGCGCGGAGGACGAGCTGGGCCTCTCCGACGACCACGCCGGCATCATGGTGCTCGACGACGACACGCCCGTCGGCACGCCGTTCCCGGAGTACCTCGACGCCCACGGCATGCCGAGTACCGACGCGGTGCTCGACATCGAGCTCACCCCGAACCGCCCCGACGCCGCCAGCCACCTCGGCGTGGCCCGCGACGTGTCGGCCCTCGCGGATAGCGAGCTGCGGACGCCGACGGTCGACACGCCGTCGCCGGGGGGCCCCGTGGCCGAGGAAATCACCGTCGACCTCCGGGACGAGGCCGGCTGCCCCCGGTACGTGGCCCTGCTGGTGCGGGGCGTAGACGTGACCGAGTCGCCCCTCTGGCTGCGCCGCCGCCTCACGGCCATCGGCCTGCAGCCGCGCAACCACGTGGTGGACGTCACCAACTTCGTGCTCCACGAGTGCGGCCAGCCGCTCCACGCCTTCGACCTCGATGCGATTGCCGACGACACGATTGTTGTCCGTCGCACCGACGACGAAACGCCCTTCACGACGCTCGACGGGGAGGAGCGCGACCTGCCCGAGGATACGCTCCTGATCTGCGACGCCGAGGCCCCGGTGGCCGTGGCCGGCGTGATGGGCGGGGCCAACTCCGAGGTCTCCGCCGACACGACCGACGTGCTCATCGAGAGTGCGTACTTCGACCCGTCCACGATCCGCCGCACGGCGAAGGCCCTCGACCTCCAGACCGACTCCTCGTACCGCTTCGAGCGGGGCGTGGACCGCGACGGGCAAGTGTGGGCCGCCGCCCGCGCCGCCGAGCTGATTGCCAAGCTGGGCGGCGGCACGGTCGTCCCGGGCCTGGTCGACGAGCACCCCAGTCCGCCCGCCGAAAAGACGATCGCCCTCCGCCCCGATCGGCTCACGCAGGTGCTGGGCACCGAGGTCCCGACCGACGAGGGGACGCGCCTGCTGGGCGCCATCGGCTTCGACGTGGAGGCGGGCGAGGACGCGCTCCACTGCACCGTCCCCACCTGGCGCCCCGACGTGTCGATCGAGGAGGACCTGATCGAGGAGGTGGCCCGCCTGCACGGCTACGACCAGATTCCGGAGCCGGAGCGCGTGCCGGTGCCAAGCCGCACCCCGGAGCAGCCGCCGGAGGAGACGCTGGAGCGGCAGGCGCGCCAGTTGCTGAAGGGCCTCGGCTACCGCGAGATCTACACCAACAGCATGCTGCGCACGGACCGCGCCGAGCGCTTCAACGTGCCCCCGGCCGGCAGCGATCGGGCGCCCGTCGTGGAGACGAAAAACCCGATCTCGGAGGAGATGGCCGCCCTGCGCCCCCGGCTGCTGCCGGGCGCGCTGGAGGTCATGCAACACAACCGCAACCACGGGCAGGAGGCGCTCCGCGTGTTTGAGTTCGGCCGCGTCTTTCGCCGCGCCGCCGAGCCGGACGACCCAATCGTCCCCGGCTACAGCGAACATCCTGCGTTGCTGGTTGCCCTCAGCGGCCCCCACGCGCCCACCGGCTGGGACACCGAGCCGCGCTCGGCCGACATTTTCGACCTGAAGGGCACCGTCGAGACCCTCCTCGACGACCTGCGCGTGCCGGCCCTTCAGGTGCGTCCCCGCGATGCGGGCGCGACGGACGAGGCCCCGCCGGTCACGCAGCACCACATCGACGTGGCCGCCGGGGACACGCCGCTCGGCACCGTGGCCCGGGTCCGGGA
