gap_id	start	end	length	sequence
NZ_CP138975.1_gap1	23551	24152	601	AAAACATTACTGATGTTGGTAGAAGATCTGTCAGAACTTAATATTGAGTGAATTTCATCAATAAATAGAATCATTCCTTGGTTTGGATTATTTAGTTCCTGTATTATTAAACTTAGTCTTTCTTCTAGTTGACCTCTAAATTTGGTCCCAGAAACTAATGCACCTAAGTCAAGTGAAATAATTTTTAAGTCCTTTAAAGTATCAGGAACTTTTTTGTCTACAATTAATTGAGCAAGTAATTTTGCAATTGAGGTTTTACCAACTCCAGGATTGCCAATGAGTATAGGGTTATTTTTGTTTCTTCTGCAGAGTACCCTCATTAAATTATTGATCTCATTTTCTCTTCCTAAAATGGGATCCATTAAGCCTTTTTTAGCTGATTCTGTTAAATCTTTTCCATAAATTGAAAGAGCATTTTCATCTTTTCCAACTTGTTTTTTGGTTTCAATTTGAAGTTCACTTTTCGGTAATGGAACAATAGCTTTTTTCAATTTTTCTTCTTTAACTAAAGTTTCTTTATCTGATTCAAAATTAGATTGATTATTTATTTCAATTACATTCCCATAATTAAAAGAATCTTTTGATTGATTAATATTTGGGT
NZ_CP138975.1_gap2	26311	27865	1554	CCTAAAGTTTTTTGAGCGGTAAACATTTTTTTGAATTGCCTATCAGACTCTCCCATTCTTATTTGCAATTGTAAATCGCCCTGTTCTAATCTTTCTAAACTTTCATCTATTCTTTTGGGAATTCCAACAGCTTTAGATCCTAGTTCACCTACTTGCCTTCCAAATTGGTTAATTAAATCGTTGGGAGTTTGGTTATTTGAAGTCATAAGTTCTATTAAATAAGGCTTGGTAACTGATACAAGGTTAAACCCTGGATCGAGCATTCTGCCAACTCCTTCAAAAGTTGATAAAGCTCTCATCACAAAGATTAAATCTACTGGTAGTTGAAATGGTGTTTCATAAACAAGTTCGTATAAATCTCCAGATAATTTTTCAATAATATTTGGGCTAAATGGGGGAGTTAAGGCCTCTTTAAGCATCAGTCTGACTAATCTTCTGACTGGTCCAACATCAATATCTTTTGAAATTAGCCCAGCTTGCTGTAATTGGCTAACAAGTGATGAGGCGTCTCTTAATGCGGCAGCCTTAACCATCCCCCCTAATCTTGTTTGAAGATTATTTGAAATGTTGCCCATCATTCCAAAATCATAAAAAATCAATTTACCTTTTTTTGAAACTGCTAGATTCCCTGGATGAGGATCTGCATGGAAAAAACCGTAATTTACTAATTGTTTTAGATAGCTTATAGCCCCTATTTCTGCAATTTTAGGCAAATCAATTTCTTGTAATTTTAATTTTTCTAAATCGCTTATTTTCGTTCCCTCAAGATAACTTAAGCAAAGCACTTTTTCACTGCTCATATCCCAAATCACTTCAGGAACTTCAACATTTACATCATCAAGAAATTGCTGTCTAAATCTTGCTGCATATTGTGCTTCACAATTAAAATCAAGCTCCTTCATGAGAACTTTTCTGCACTCTTTAGCAATCTCAACCCAGTTTCTACCTCGACTCCAGTTCTTGTTTTTTTGCAACAATCCTGCTATCTGCTGCATTATGCCCAAATCGATAATAAACAATTCTTTTAAATTGGGTCTTTGAACTTTGAATACTACTTTCTTGCCATCTTTTAAAGTCGCCCTATGAACCTGAGCTAGTGATGCTGATCCAACCGGATCAGCTATTATTTGATCTATTTCATAAAACTTGGACCCTAGTTCTTCTCTTATAGTTTCTTCAATTTGCTCAAATGAAAAATTAGGAACTTGATCTTGCAATTTAGACAATTCCTGTATCCAGGTATTAGGAATTAAATCAGGTCTCGCTGATAATAATTGTCCAATTTTAATAAATGCTGAACCAAGATTTATTAATTGATTAGTAAACCACCTAGCTCTTTTAATTTGGACCCTACTTTTTTCATTGCTTTTAATTTGGAAAATTGTAAATCTAATATTATCTATCCACAAATTTATTAAAAGCGAAATAAGAGTTTTCCAAATAAGAAAAGCCCTCTTCAATTTTTTTAAACGATAATGAAGAATTTGAAAACTCATTTAATTTGATTATTTATTGTTTTATTAAACAGATCAATTTGTTCATTAATATCTTCAA
NZ_CP138975.1_gap3	33844	36760	2916	GTTGGCCCTTTACATGAACATAGAGATGGAACAGCATCTTTTTATATGAAGGATACTGAAGGAAATTGGCTAGAGATGCTTTATGTTCCTCCTGAAGGGATTCAATCGAATGTTTGATTCTTTTTTTTTTGTATGCAAGAGAAAAGTTATTCAAAAAAATCATCTTCAAATAACACCTTAGAAGAAGAATCTATAAGCCTTTTAGAGTGGGACTCATTAAAAACGCATTTATCTTCATTCGCCCTAACGGAAATGGGTAAAAGAGCAATTTTAAGTTTTGATATCCCTTCAGAATACGAATCATCTAAAAGACTTTTGAATGAAACTGTTGAAATAACTCAGCTAGAAAATAATTTAGATAAATCAATTAGTTTTTCTGGTGTTTTTGATATTAGTAGAAATATTGAAATATGTTCTAAGGGAGGTGTAATTTCATCTTCTGAATTGTTAGAAATAGCAAAAACAATTGCTGCAGCAAGAAATTTAAAAAAAATCTTATTAGATTTTGAACAAAGGCCTTATATTTCATCATTTACAAAAAATTTAATTGACCATCAGAATATCGAAACGATTTTTAAAAAAGGCATTGAATCAAATGGAAGGATTTCAGACAATGCTAGTAATGAACTATCTATTCTTAGAAAAGAATTTTTATCTAAGAAACTTGAAAGAAAAATATTAGTTGAGAAATTTATTCAAAAGAACTTAGCTTATTTGCAAGATACTACTATTGGAGATCGATATGGAAGGCCCGTTTTAGCAGTGAAAGTTAATTATGTAGATAAATTTAAAGGCATAATTCATGACTCTTCATCTTCAGGAAATACAGTATATTTTGAGCCTGATAGTGTAGTAAATAAAGGTAATAAGATTGCTTCTTTAGAGGCTAGGATCACAGCAGAAGAATTTAAATTACTTAAAAAATGGTCTCTGGTTGTTAGTGATAATTCAGAAAATCTTATTGAAATGGCAGCCATTTTATTGAGATTAGAAAATGCCCTAACTCGTTCAAGATATTCGAAATGGATTGGAGGCAAAACTCCTACGTTTGAGAAAAGTCCTATTATTTCTTTAATTGGCTTTACTCATCCGTTATTGATTTGGGAACATAAGAAAAAAGGAGCCTGTCCACCAGTAGCTGTTGATTTTTATATAAATAGAAATATTAAGGTTGTAGCTATTACAGGTCCAAATACTGGAGGTAAAACAGCAGCTTTAAAAGGCTTGGGCTTGTCTTTACTTATGGCTAGAGCAGGATTATTGATACCTTCAACTAATAATCCTATTATCCCTTTTTGTCCAAATATATATGTGGATATAGGAGATAATCAATCATTAGAAGAAAATTTATCTACCTTCAGTGGGCATATATCCCGCATAAAAGAGATATTAGATTTACTTGATCATAAGAAAGGATTATCAGTTGTTTTGCTAGATGAGATTGGATCTGGTACAGATCCTCTTGAAGGTAGTGCTCTAGCGATGGCTTTATTAAAAGAATTTGCAAATAAATCTGATATCACTTTTGCCACTACACATTATGGGGATATTAAGGCTTTAAAATATAACGATTCAAGATTTGAAAACGTATCAGTTGCCTTTGATGAGGATTCTTTGAAGCCAAAATATATACTCAACTGGGGTATTCCTGGGAGAAGTAATGCTTTGTCAATTTCAAAGAGAATTGGTCTTGATGAAAGCATACTCAATGAAGCTGCAAATTATCTAAAGCCAAAAGAAGTTGACAATATTAACAGTATTATTAAAGGACTTGAGGAAGAGAAGATTAAACAACAAAATTCTGCAGAAGCTGCTGCAGAATTGATTGCAAGGACTGAAATATTACATGATGAACTGAAGAGAAATTATGAATATCAAAAATTAAATGCTGAAAAAATCCAGGAAATTGAAAGGTCTAAATTATCAAAACATATTGTATCCGCTAAAAAAGAGGTGATAGATTTGATTAAAAAATTAAGAGATAAAAATGTTAATGGAGAGGATACGAGAATTATTGGAAAAAGATTAAAGGAAATTGAGACGGAACATTTAACCCAAAAAAAATCTGAAAAGTCAATATCATGGAACCCTCAGGTAGGTGATTTTGTAAAGATTAAAAGTCTAAATAGTACGGGACAAATTGTAGGTTTAGATAAAAAAGGTGGTTTTTATGAAATTAAATGTGGTTCATTTAGAAGCACATTATCTGTAAATGAATTTGAAGGTATTAATGGAGAAAAGCCTAATTTCAAAAGTTCAAAAATTGAGATCAAGTCTACAAGAGAAGATTTTTCTTTTTCTAAAATTAGAACGAGTAAAAATACAATTGATGTAAGAGGGTTAAGAGTTCATGAAGCCGAAATAATTATTGAGGAGAAAATTAGAAAATTTCATGGACCGCTATGGATTGTTCATGGAATTGGCACAGGAAAATTAAAAAAAGGACTAAGAAATTGGTTATCAGGTTTAAATTATGTTGATAAGATTGAAGATGCAGCCAATAACGAGGGTGGCCCTGGTTGCAGTATTGCGTGGATAAAATAAAATTAAAAATACCTAGAAAACGATTTAATAAGCGTATTAAGTGCAATTTATTGATCAAGCCAATATTATTCTAAAAGCTGGAAAAGGTGGAAATGGAATAGTTTCATTTAGAAGAGAAAAATTTGTTCCTGCTGGAGGACCTTCGGGGGGAAATGGTGGAAGAGGGGGTTCAGTTATTTTGATGGCTGATAATAATCTACAGACGTTATTAGATTTTAAATTCAAACGTGAAATAATTGCTGAAGATGGATGCAAAGGAGGTCCTAATAAGAGATCAGGTGCTTCAGGTCAGGATACAATCCTTAAAGTACCCTGCGGTACAGAAATAAGGGATATTAAAACCGGCATTATTTTAGGAGACTTAACTAAAGA
NZ_CP138975.1_gap4	185092	188377	3285	ATAACCCTTCTTCTTTCAATTGACATGGATTCTGGCATTGTAAGGATTAGTTTATAACCTCTTGCTGAAGCAGTAAAAGCTAGAGCTATGCCTGTATTTCCAGAAGTTGGCTCAACAATAGTTTTGTCTTTTGTAAGTTTCCCACTTTTCTCGGCATCCCAGATCATGTTTGCGCCGATCCTACATTTGACACTATAAGCGGGGTTTCTACCTTCAATTTTTGCAAGTACTGTAGCTTTCGCGTTTTTAGTAACTGATTTTAATTTTACTAATGGAGTGTTTCCAATAGCAAAACTGTTGTCCTCATAAATTTTTGCCATTTATATATTGAGAAAATATATTTTAATACTAACTATTATTCAGAAAAAGAGTATATAAGTTTCTATACGGTAAATACTAGGAATTTAGAAATTATTTAGTGCTTCAGAAAAGGTTTTCCATAATTGATCTTGGTCTTCTAATCCAACTGATACTCTAATAAGGTGCGAGGGTATACCAAAACTTTCAGCCCAATCCAACTCGTCATAATGAGCTAGTAAAACATAAGGACAAACTAGAGTAAATTTTGTACCTAAACTAGGTCCTTTAGATACTTTTAGAGAATCATAAAAATTTTTAGCTTTGTTCAATCCTCCATTTAATTCAAACGATAATAAGCAGCCGTATCCCCCATTAGAAGTAAGTAAAGAATTAAAATTTGGACAATTTTCAGGATGGAAAATATTTTTAATCTCGCTATGATTCTCTAATCTTTTTTTTAATTCTAAACATGCTTTATTTTGTTCAAAAACTCTTTGATTTACATCTCTACTAACTTTCTCTAGATAAACTATATCTCCATCGGAAAGTATTGGAATATTAATCTCGTTTAATGCATTTCTAAACTGATCAATCCATTTGCTTTTTGGATTTAGTATTAATGATCCGGCAAGAATATCACCACTACCTGAAAAAATTTTTGTAAGTGAAGTAAAAACTATATCTGCATGTTCTGTGGAATTTATATTTAAATTCGAACCAATTGTATCGTCAACAATTAAAGGAATATTTAGCTTTTTTGCAATTTTTGAAATTTTTTTAATGTTTACACATTTGAGCATTGGATTACTTGGAAGTTCAATAATTAATGCTGATGGATTTATTCTTTTGATTTCTAATTCAATATCCGCGCAATTTTCTTCTGTAATTAACTTTGCTCCGTGAAAGATTTTCATTGGTAATTTAAGTACATCTACATATGGAAAACCAACTTGGAGTGTTGGTTTAGCTGGAAATAATTTATATATGATTTCTAATGATGTATGCAATGCAGACATTCCAGATGAAGTTAAGTGAATATCATTAGAGTCAATTTTTGTAGATTTAGAAATTCTATTTTTTATTATTTGAGAACATTCATTTACGTAAGATTTTGGAGGGCAATCTTCAAGACCTAGTTCTATAGCGGCAGCTCTTGAAGATAGACCAAGACCAGTATGTTGCCAAAAATATTTTGCATAAATACTTCCTTCTTTTTCAGTTATTAAGAAAGCTAAATTATTTCTTTTTTCTATTAACGAGAATTGTTCAGAAGTATTTCTATCAATGTATTTTTTAGCTTTAAAAGCTATTCTTTCATTCGGATATGGCCAGATACTTTTATTGTTGTAGTAATTTTGTTTTTTTACCTTTTCGCATAATCTTTTCACTATGGGGTTTAGCCCGAATCGTGGGTAAATGGACTTCAATAAATTTATGCATTCTTGATCTTTTTCCTCGTAATTTATTACATCATTCCAAGTTGGTAATGCTACAGAAACAGCATGAATACTATCAGGAATTGCATATCCCAACTCTAAATTTTTCCATATAGGTTTTTTAAGTAAATCTCTCAATTTTCAGAATTTATTTAAAGCAAATAAAATGTCCGAGATTAAATCGTCTGTATCTTCACATCCAATTGATAATCTGATAAGAGCATCATCTATCCCTAGTAGATTTTTTGTTTTGTCATCAACAGAAGCATGAGTCATCGTTGCAGGGTGACAAATTAAACTTTCAACTCCTCCAAGGCTTTCTGCTAGAGAGAAATATTTGAGAGATTTGCAAAATTTAAAAGTATCCTCTTTATTTAAGTTTAATTTTAGGGTGATCATTGAACCTCCAGATTTCATTTGCGATTTTGCTAAATTAAATTGCGGATGTTCTTGATTAAAAGGGTAAATTACTTTACTAATAATTTTATGATTACCTAATTCTTCAGAAATAAATTCTGCACTTTTAGTTTGTTGTTCGATTCTTAAAGGAAGAGTTTTTACTCCTCTCGTAATGAGCCAACTATCAAAAGGAGATGGTTGAAGCCCTAGAGCTTTTTGAGAGAAAAGCATCTTACTATTCCATTCCTCATTATTTGTAAGTACTGCTCCGCCAAGTGCGTCACTATGTCCATTAATGAATTTTGTGGTGCTTACAAGCGATAGTGTTGCACCAAGGTCCAATGGTTTTTGAATAAGAGCTGTAGAAAATGTGTTGTCTACAACTACTGGTATTTCGAGTTTATTCGCTTCATCACAAATCGCCTTAATATCGAGTACCTTCAAAAGTGGATTAGTTGGACTTTCTAGCCATATCAAGTTTGGCTCCAATTTTGAAATCTTTTTGACGTTATTTTCGTTTGTAAAATCTGTGTATAAAACTTCTAGTCCAAATTTCTTGAAAACTTTTTCGAACATCCTCACTGTACAACCATAGAGATTTGACTCGCAGAGTACCTTGTCACCTGATTTCAGTGTTGATGAAATTGCAGTTACCGCGCTAATTCCAGATCCAAAAACTGTACAGTATTTAGATTCTTCTATTAATTTAAGGATGTTTTCTAGAATTCTAAAGTTTGGATTGCCTGATCTTGTGTAGTCGAAATTATCTTTATTTCCATGTTTGAAAGTAGATGTAGAAAAAATAGGAGGCATAACGCATCCAGTTTCTTCTGCAAATGTTTTCCCATGGTGAATAGATAAGGTCTTAACACCTGGCTTTTCTATATTATTTTCCTTATTTCCCATTATTTTTAAAAATAAGAATTAAATTAAATCTCTCTTTTTTTTTAAAGAGAGATTTAATAATCCAAAGAAAAGTAGTATTAAACTTTTCTTGAATAATATTCAACAACTAGTAGTTCGTTTATTTCAAGAGCTACCCACTCTCTATCGCATTTCCCATTTATTTTTCCCGTTAATTTAGGCTTGTCTAAATCAAGATGAGGTGGGACATTTGCTAAGCCAGGGAATTCTATATTACCTTCTACAA
NZ_CP138975.1_gap5	212761	213746	985	CGCTTCAATGGGACACGTAAGAGATCTTCCAAAAGGAGCTGCTGAAATACCTGCTGCGGTTAAAAAGGAAAAATGGTCAAGGATAGGAGTTAATACAACAGAAGATTTTGAACCACTTTACATAGTTCCTAAAGATAAGAAAAAGGTTGTTAAAGAGCTGAAAGATGCTTTGAAAGGTGCTACCCAACTATTACTGGCAACTGATGAAGATAGAGAGGGAGAGAGTATTAGCTGGCATCTTCTGCAAATACTGAAGCCTAAAATACCAACTAAGAGAATGGTTTTTCATGAAATTACAAAAAAGGCAATTAATAAAGCTTTAGATCAAACAAGAGAAATTGATATGGAACTTGTTCAGGCTCAAGAAACCAGAAGAATCTTGGACAGGCTTTTTGGATATGAATTATCTCCTTTACTTTGGAAGAAGGTAGCCCCCAGATTATCTGCTGGTCGGGTTCAATCAGTTTCTGTAAGGCTTCTTGTTAGAAGAGAGAGAGAAAGAAGATCCTTTAAAAAAGCTAGTTACTGGGGAATTAAAGCTTCCCTAGTAAAAGATAATATAACTTTTGAAACTAAATTATTCAGTTTAAACGGTCAACGAATTTCTAACGGTTCCGATTTCGACGAACAAACCGGTAAATTAAAAGAAGGGAACAAATCTTTAATAATTGGAGAAGAACAAGTAAATGACTTATTGAAGACTTTTTCCTCTGAGGATTGGTTAGTCTCAAAAATCGAAAAAAAGCCATCCACTCGTAAGCCAGTTCCTCCATTTACAACAAGCACATTACAACAAGAAGCAAATAGGAAGCTTCGTTTGTCTGCAAGAGAAACTATGAGATGTGCGCAAGGGCTATATGAGAGAGGTTTTATAACGTATATGAGAACTGATTCAGTTCATCTCTCCGAACAAGCCACAAGAGCTGCTAGAGAATGTGTTAGTTCTATGTATGGAAAAGAATATTTATCTAACTCACCAAGACAA
NZ_CP138975.1_gap6	226562	230757	4195	AGAGAATTAATTGGTTATGTTGCCCAAGACATTGCACTTGATAAAATATTAACTGGACGAGAGCTTTTGGACTTTCAATCAGATTTATATCACATCAACAAAAATAAAAAATTTGAGAGGATAAATCAATTAATAGATCAATTAGAAATGAATGATTGGATTGATCGTAAGTGTGGAACTTACTCAGGGGGAATGAAAAGAAGAATAGATCTGGCAGCTGGACTTTTACATTTACCCCAAGTATTAATTTTGGATGAACCTACAGTTGGTTTAGATATTGAAAGTAGAAATATTATATGGCAACTTTTGAAAGATTTGAGAAATAATGGAATGACCATTATTTTAAGTAGTCACTATCTTGATGAAATAGATAAATTGGCTGACAGATTAGTGATAATTGATGATGGAAGAGTTATAGCAAAAGGGACTCCTGCAGAGCTCAAAAATAAATTAGGAGGAGATAGAGTAACTTTGAAAGTAAGAGAATTTAGTAATCAGGAAGAAGCAAAAAATATATGTAAAATTTTATCTTCAATAGATGGAATTAGTCAGATTATCATAAATGAAGCTCAAGGTTTCTCGATAAATTTCGTAGCAAATAAGCAAAAAGATTTACTTACGAAGCTAAAAGTGGAATTGGCCTTCTCAAAGTTTGAAATTTTTTCTCTTACCCAAAGTCAGCCAAGCTTGGATGATGTATATCTTCAGGCAACTGGGAAAACATTATTGGACGCTGAAATTTCTATGGCAGGGAAAAGAGACTTTAAAAAAGAATCAAAGCAATCCATGCGATAAAAAAAACTTTTGGTTAACTAACTATAATGAATAGTAATTACTGCTAATTATGGAATTACAACCGTATAATTTATTTTTTTTATATCAAGAAACATTTGCCTTAACAAAGAGATTATTTATTCAATTAAAAAGGAGACCATCAACTCTTTTAGCAGGAATATTACAACCAATAATTTGGCTTTTTTTATTTGGGGCATTATTTTCTAAAGCTCCTGAAGGTTTTTTACCAGGAGTTGATTCTTATGGGAATTTTTTAGGAGCAGGACTTATTGTTTTTACTGCTTTTAGCGGAGCCCTAAACTCTGGTCTTCCTTTAATGTTTGATAGAGAGTTTGGATTTCTTAATAGATTACTTGTGGCTCCTTTAACCAGTAGATTATCCATAGTTTTATCTTCTTTTTTTTACATAACAATTTTGAGCTTTGTTCAGAGTATTGTAATAATGATTGTTTCATACATTTTGGGTTATGGATGGCCTAACCTATATGGTTTAGGAATTGTATTTACAACACTAATTTTATTAGTTCTTTTTGTGACATCAATAAGTTTATGTTTAGCGTTTGTTTTGCCTGGACATATTGAACTAATCGCTCTTATATTCGTAATAAATTTACCTCTTTTATTTGCGAGTACTGCTTTAGCTCCAATCTCTTTTATGCCAAATTGGCTGGGCTGGTTGGCTTCATTAAATCCATTAACTTTTGCTATTGAACCTATTAGGACTGCCTATACACAAACTATGGATTTAGAATTAGTGGCTTTACATGCCCCATATGGTGATTTAACTTGTAAGAGTTGTATCTCGATTTTATTTTCTTTAACAGTTTTTTCCTTGATTATTATAAGGCCTCTGTTAAATAGAAAGTTAAATTAGAAATTTTATGCTTTTAAAAAATCATTTAATAGAAGTTTTTAAACAAGCTTCTTTAGAAAATAATTTTTTGCTTAAAGAAAATGTTGTTCTTAAGTGGGTCCATAGATTTGGGATTGATTCATTAAATGATTTATTAATCCATAGTTCACTACAAAAAGAAAATCAGCGTGAAGAAGAAAATCAAGAACATATATCCTTAATTGACGAAGTGCATGAAGAAAATCAAGAACATATATCTTTAATTGATGAAGTGCATGAAGAAAATCAAGAACATATATCCTTAATTGACGAAGTGCATGAAGAAAATCAAGAACATATATCTTTAATTGATGAAGTGCATGAAGAAAATCAAGAACAAATTAAGCTTGAATTATCAAAAACTTTTGAAAATATTGAAGAAAAAAAGAGGGAATTAAATGACTTGGGAACCGCTAGCATCAATGAAATATCAAGCAAAAATCAAAATTCTAATAAAATAAATCAATTTACTGAAAATCCAAAATTACCCCTACCTTATATTAAAAATTTAAGAAAGTGGATTAACAACGATAAAAAAGCTAGTTAGCTTCTACATCATACCTGGCATTCCCATGCCACCCATACCTGGCATTCCCATGCCACCCATACCTGGCATTCCCATGCCACCCATACCTGGCATTCCCATGCCACCCATACCTGGCATTCCCATGCCACCCATTCCTCCCATTGGATCTGCACCTGGTCCTCCAGGGCCTGCGGCTTCAGGCTCTGGAATGTCTGCCATCGCAACTTCTGTTGTGAGGAGCATAGCTGCAATAGATACTGAATCTTGAAGAGCTAATCTTATTACTTTGGTTGGATCTAATATCCCTGAATCTTTTAAGTCCTCATATTTTCCTGAATTAGCATTAAAGCCTTTGTTAAGTCTTTTAATTTCAGCGACAACTACATCTCCATTAAAACCAGCATTTTTTGCTATTTGTTTGGTGGGTTCCAAGAGGGCTTCTTTGACTATATTTATCCCTGTTCTTAAATCATCTGTAGATGTTTTACTTAAATTTAAAAGGTCATCTGATATTTCAATTAGAGTTTGTCCTCCTCCAGAAACAACACCCTCTTCAATAGCAGCTTTCGTAGCATTAAGGGAATCTTCGATTCTCAATTTTTTATACTTCATCTCTGTTTCTGTGGCAGCTCCTACTTTGATAAGAGCTACTCCTCCAGCTAGTTTGGCTATCCTTTCATTGATTTTATCTTGATCATACTCAGATTCAGTTATATTAACTTCTCTCTTTAATTTCTCTACTCTCCCTTTAACTAAATCTTTAGTGTCTTCGAAGGCAACAATTGTAGTTTTGTCCTTTGTGATAGTTATTTTTTTTGCTTTACCTAAATCGTTAATCGATACTTTATCAAGTGTCATCGATTTATCTTCGCTAATTAACTTAGCCCCTGTAAGAATTGCAATATCTTCGAGGGCAGCTTTTCTTCTCTCACCAAATAATGGAGCCCTTACGGAAGCAACATTTAAAACCCCACTATTCTTATTTAAAACTAGAGTAGTTAAAGCCTCTCCTTCGATATCTTCAGCAAGAATTAGAAAAGGTGAGCCTGACTTCTGAATTTCTTCAAGTATTGGAACTAGATCAACTAAAGTTGAGATTTTTTGATCAGTTATTAATATTTTTGGATTTTCAAGTTCACAAACTTGTCTTTCTTGGTCCGTTACAAAATATGGAGAACTATAACCTCTATCAAAAGACATACCTTCAGTTATATCTAATTCTGTTTCTAATGATTGCGATTCTTCGACAGTTATTACACCATCTGAAGTAACAATATCCATTGCTTTCGAAATTATAGATCCAATTTCTTCATCACCTCCAGCACTAACTGTTGCAACTTTTTGGATGTCAGAACCACTTAATGAAATACTTTTGGAACTTAATTTTTCTAAGACAAAAGATAGGCCTGCCTCCATACCTTTTTTTAACTCCATAGGGTTTGCGCCAGAGGCAATATTTTTCAAACCCTCCTGAACCATCTTCTGAGTCAAAATGGTTGCTGTTGTTGTTCCATCACCAGCACTCTCTTTTGTCTTGGATGCAACTTGTTCTATTAATTTCGCACCTAAATTAGAGATGGGGTTTTCAATCTCGATCTCTTTAGCAACTGTAGATCCATCTCTTACTATATCTGGCGAACCAAATTTCTTCTCTATTACAACGTTTTTTGCTTTTGGCCCAATAGTAACCTTTACTGCATTAGCTACGAAATTCACACCTTTTTCTAGCGCTTCTCTTGACTCATTAGAAAAACTTAACTGTTTGGCCATGTTTACTCGATCTTTATTCCTATTCTAATCTCCCATAGAATCATTTTTAAGGGATATTTAATTAAGTGGGGAAAGCCGAATTTCTTTTTAATGAGACATACAAATTAACTCAAATAAGAGTATCTTTAAGTTATGGAAGAAACAAATAATCTTATTTTTACTCTTACCGCAATCCTCGCGATTGCTATGACACTAATATATTTTCCTTTAAG
NZ_CP138975.1_gap7	251071	252138	1067	AATTTTCTCTACTCAAATCATATACACCATGGTTCAAAATTAAAATGTCTATATTCTCTAATTGTTTTTTTAATGACGACTCCTTCCCACATTCCCATTTAATCCATTCATTTGGAGATTCAAGATTTATTTCATAATTATTTTTACTATGAGTAAATCCAATCACTTTATACCCTTTTTGACGAAACAACTTTGTCAATTCTTTCCCTAGCGCACCTGAGGCTCCAGTAATCCCTATGGTTTTTTTGTTTTTGGTTGGATTTATCATTTTGCTTGATTTTTATGAGATACCAAAGAATTAAAATAAATTTACCAAAAAAAGATTATTTATTTTTTTATTTGATTAAAACTCATAAATAAATATTTGTTTAGTTCTGAAAAAAATATTATCTTAAACCTATTAATAAATAATTTACTAAATTATGAGCGATATATTATTAATTGGCTCATGTGAGCCATTTAGTGGTAAGTCTGCAATGGTTCTTGGGATAGCAAAAAAACTTTTACAGAAGAAAAAAAAAGTACGCATTGGAAAACCTTTAGCAACGTGTATTGAACTTACAAATCTTCCCTCAATGTCTTATGAAGGATTAATAGATGATGATGTGAAGTTTATTGGATCAACTTTAAATATCGAAGAGGAGAATTTAATTTCTTCAGTAGGGTTATTGGATAATATCTCAGCTGAAAAAAGAATCTTCAATAAAGACTTACTCCCAGGAAAAGGTTTTGATCAGATTGAAGGATTGGTCAATGATGATTTTGAAGGTCTTAATATTTTAGAGGCAGCAGGAAGTCTTCATGAGGGTATGATTTATGGCTTAAGTCTCCCGCAACTAGCTAGGGATTTAGATGCGAAAGTTCTAATTGTGAATTTATGGGAAGATTGTAAAAGTGTGGATGCATTACTTGATGCGAAAAAACAATTAGGTGAAAAATTGGCTGGAGTTGTATTAAATGGAGTTTTGACGCAAGAACTCGAAAAAGTAAAAAATGAAATAATACCCTCTCTTAAAGATCTGGATATTGAAGTGTTTGGAGTGATGCCTAAATCACCACTTCTTAGA
NZ_CP138975.1_gap8	272184	273506	1322	ACTGTTTCTAAAACTTGCTCATAAGTTTTCATAGTTTAAGCGACTATCATTGTCCCTATTCCGGTATTTGTAAAAATTTCAAGAAGTAACGAATGTTGTACTCTTCCATCAATGATGTGAGCAGCTTTGACTCCTTGAGCTAAAGCCCTAATGCAGCATTCTGTCTTTGGAATCATACCTTCAGTCACAATTTTTTTATCAATTAAATCTCTTGCCTCTTTGAGATTCGTTTTTTCGACAAGACTATTTTTATTATCTTTTTCTTTTAAAATCCCTTGAGTATCAGTAAGAAGAATAAGTTTTTCCGCACTTATTGCAGCAGCAATTTCTCCAGCAACAAAATCTGCATTAATGTTATGTGAAATCCCCTCCACTGTTGATCCAATACTTGAAATAATAGGGATATATCCTTTAGAAATAAGAGGATCTAATATTTCAGGATTGATTTTTGTGACCTCACCCACTAACCCATGGCTCCCATCTCCTAGTTCTCTTGATTGAATTAAGTTGCCATCAAGACCTGATATTCCCACTGCTAAGGATCCAGTTTTATTAATGCCTTTTACAATTTGTTTGTTAACTCTACCCATTAGAACCATCTCGACAATTTCCATTGTTTTTTGATCAGTAATTCTTAATCCATTTTCAAATTTAGGAGATATTTCTAATTTCTTTAACCAATTATTAATCTCGGGTCCACCTCCATGAATTACTATCGGACAAACCCCCACAGTTGATAAAAGTGCTATATCTCTAAAAAAAGCATTTTTTAAATCATCATCCTCCATAACAGAACCGCCATACTTGATAACAATTTTTCTGCCTGAGAAACTTTGTATATATGGAAGTGCTTCACTTAATATTGATACTCTTTGAGAATCATTCATTATTAAAAATCATTAAAACTTGATTGAATTGAGAAGTTAGGTTTTTACAAATATATCCCTATATTCAATAAAAGAGAATAAAATCAAATTCTTTTTTATTATCGTCGATAATAAATTCTGATTCAAGACCTTTGACGAAAAACCTGTTTAGTCTTTCTTGTTTTTCAATCCATTTTTCTAGAGGGACAGCATTTAATTCGAAACGCATTCTGAGACCATTTTTTTCTTCTTTTGTAATTTCTTCTATTTCTTTAAGTTGAGGGGGATTATCCTCGTCCCACAAATTTAACGACTCTAATGACGATTCAAGATGAGCTTTTATCCCATATCTCCATCTTGTAACATCTTTAACTAGTGCTGTTAGTTCTGTTGGTCTATTAAATTTATTTGTCGCAAAATTTGTCTTGTCAAACAACTCCACAGGAGGTATTTCGG
NZ_CP138975.1_gap9	299958	304588	4630	TTTGTTGATGAAATTATCAGTGAAGTTTTTAAATTATTTTCTGCCGATATTCCATTAAAAAAACTTCCAACTCAATATATTGGTTTTTCTCCAGAACATAAGGGTTTTGCTGGGACAATTTCACTTTCCTCAAATTTAATAACTTCAATGATAAAGGAAGTCGGAAGTCAATTATCTGAAATGGGTTTTAAAAGATTGATACTAATTAATGGACATGGAGGGCAAATTTCACTATTAAATACAGCTGCAAGAGAGTTAAGAAGTGTCGCACCAGGGATGGCGGTTTTTCCCTGTTTCTTATGGAGTGGTGTGAATGGATTGAGTGAATTGTTAACAAAAACTGAGATTGAGGATGGGCTTCATGCTTCTTTAGCTGAAACAAGTTTGATGCTGGCTTTGAAACCAGAACTAGTAGGTGATGACCGCCCAAATGAGGGAAATAAAGTAGAGATCCCTAAAGGTTGGAGTCTAGAGGGCAATGCGCCTACCGCTTGGCTTACTGACGACTTCAGTAAATCAGGGGTTATTGGAGATAGTAGAGGGGCAAATGAGTCTTTAGGGAAAAATTTAAAGGAATTATTGATTAATCACTGGTCCGAATTGATTATGAATCTGATGCAATCAGATTGGCCAAACAATTCTTAAATCATCTTAAGTAAAAAAAGTGACTTAACAATTGAAACTATTTTCATGATATTTAAATAAATTCTCTATAATCGTGTAATATTCATGCATAATGAGCTAAAGATTACTGACATGCAAACTCTAGAATCAAATAAAAAAACTATTGAAGAATCGACTAATTCGATTTCTTTAGATTTGCCCGACTTCACTACAGATTCTTATAAGGATGCATACAGCAGAATAAATGCAATTGTTATTGAGGGAGAGCAAGAGGCTCATGATAATTACATTTCAATAGCAACTTTAATTCCAAATGAGTTAGAGGAGTTAACTAAATTGGCGAGAATGGAAATGAAGCATAAAAAAGGCTTTACTGCATGTGGAAGAAATTTAGATGTAGTAGCTGATATGGAATTTGCAAAAAAATTCTTTTCTAAATTGCATGGTAATTTTCAAGTTGCTCTTAAAAAAGGAAATGTAACAACATGTCTTTTAATACAAGCTATATTAATTGAAGCATTTGCAATTTCTGCTTATAACGTCTACATAAGAGTTGCGGATCCTTTTGCAAAAAAAATAACAGAGGGAGTAGTTAAAGATGAATATCTCCATTTAAATTATGGTCAACAGTGGCTTAAAGAGAATTTATCTACTTGTAAAGATGAATTAATGGAAGCAAATAAGGTTAATCTTCCCTTAATCAAAAAGATGTTAGATGAAGTAGCAGATGACGCTTCAGTTTTAGCTATGGACAGAGAAGAATTAATGGAAGAATTTATGATTGCTTATCAAGATACATTGATGGAAATAGGTTTAGATAATAGAGAAATTGCAAGAATGGCTATGGCAGCTATCGTCTAATTACCTTTCAAATTAATTAAGGATTTTAATAATTAATCAATACTATTTAAGTAGTTACCTCTGTGCTATTGTTCATAACATCGTATAGAAACCATTTATAAATTTTAAATGTTTGGGTTAATAGGCCACTCAACCAGTTTTGAAGATGCAAAAAGAAAGGCTTCGATGCTAGGATTCGATCATATTGCTGATGGAGACTTGGATGTTTGGTGTACTGCTCCTCCTCAGCTTGTTGAAAATGTAGAAGTAAAGAGTGCTACTGGAATATCTATCGAAGGTTCTTATATAGATTCGTGCTTTGTTCCTGAAATGCTTTCTAGGTTTAAAACCGCCAGAAGAAAAGTTCTCAATGCTATGGAACTAGCTCAGAAAAAAGGGATTAACATTACCGCTTTAGGAGGATTTACTTCTATTATTTTCGAGAATTTTAATCTTCTTCAGCATAAACAAATTAGAAATACATCATTAGAGTGGGAAAGGTTTACTACTGGAAATACTCATACCGCCTGGGTTATTTGTAAGCAACTAGAGATAAATGCGCCTCGCATTGGGATTGACCTCAAAAAAGCAACTGTTGCTGTAATTGGTGCTACAGGTGATATTGGTAGTGCTGTTTGTAGGTGGCTTATCAATAAAACTGGGATTTCAGAACTTCTTATGGTAGCAAGACAACAAGAACCACTAGCTTTGTTACAAAAAGAATTAGATGGTGGCACCATAACAAGTTTAGATGAGGCATTGCCTCAGGCTGATATTGTTGTGTGGGTTGCAAGTATGCCTAAAACCATTGAGATTGACACTGATAATTTAAAAAAACCATGTTTAATGATTGATGGTGGATATCCCAAAAATCTTGATGAGAAATTTCAGGGTGAAAATATTTATGTTTTAAAAGGAGGGATAGTAGAGTTTTTCAATAATATTGGTTGGAATATGATGGAACTTGCGGAAATGCAAAACCCTCAGCGAGAAATGTTTGCTTGCTTTGCAGAAGCTATGATTTTAGAATTTGAAAAGTGTCATACAAACTTCAGTTGGGGAAGAAATAACATTTCCCTTGAAAAGATGGAATTTATTGGAGCAGCTTCTTTAAAGCATGGTTTTTCAGCAATTGGACTTGATAAACAGCCTAAAGTATTAACTGTCTAAAATTATGGCTAAACGTTACCTCCTCGATTTTGAAAAGCCTCTTGTTGAACTTGAGAAGCAGATAGAGCAAATTAAAGAACTAGCTCGAGATTCGGAGGTAGATGTTAGTCAACAGCTTCTACAGCTTGAAACCCTAGCGGCTAGAAGAAGAGAAGAAATCTTTAAATCTCTCACACCTGCTCAAAAGATTCAGGTAGCTAGACATCCTCAAAGGCCAAGTACTTTGGACTTTGTTCAAATGTTTTGTGATGATTGGATCGAATTACATGGAGACAGAAATGGTGGCGATGATATGGCACTAATTGGGGGGATAGGTTCGATAAATAATAGACCAGTATTGATGTTAGGACATCAGAAAGGAAGGGACACAAAAGAAAATGTAGTAAGAAACTTTGGGATGGCAAAACCAGGAGGTTACAGAAAAGCTCTTAGATTAATGCAGCATGCTAATAGATTCTCTTTGCCAATTCTTACATTTATTGATACTCCTGGAGCCTATGCTGGTTTAAAAGCTGAAGAACATGGTCAAGGGGAAGCGATTGCAAGAAACCTTCGAGAGATGTTTGGATTGAAAGTCCCAATTGTGGCTACTGTCATTGGAGAAGGAGGTTCAGGAGGCGCACTTGGAATAGGTGTTGCAGATAGGTTACTAATGTTCGAACACAGTGTTTACACAGTTGCTAGTCCTGAAGCATGTGCATCAATTTTGTGGAGAGATGCTGCGAAGGCACCAGAAGCTGCATCAGCACTTAAAATTACAGGTAAAGACTTACTCAAATTGGGGATTATAGATGAGGTATTACCAGAACCTTCTGGTGGGAATAATTGGGCTCCTTTAGATGCTGGCAACACACTAAAAGAGGCTATTGAGAAACACCTTAACGCTTTACTGAAAATGCCTGAAGACGAATTAATTGAGGAAAGATACAAAAAGTTTAGGGTTTTAGGTAAATTTATCGAAGCAAATAATATTGAAGAGATTTATAGTGAAATCCCCCAAAAAACTGAATAAATTGAAACTAGCTTTTATAACGGGTGCTACGAAAGGTATTGGTAAATCTACCGCAATTACTTTTGCTAATGCTGGCTGGGATTTAATTTTACTTTCCAGGAATATGGATTTAATGGAGAAACTAAAGAGCGAACTATTGAATACTAAATCAAAAATTAACCTAATTAAATGTGATTTATCTAATTCTCTAGAAATAGAGCATTGTGTTAAAGAAGCAATTGAGAAATATGGGTGCCCTTCAGTTTTGATAAATAATGCCGGTTGCGCATTTAATAGCCCTTTAGTTGAAATGGATTTAGGTCAATGGGAAAAAACTATTCAAATAAACCTCACAAGTGTTTTTCAAATTTGCAGCGCAATAATCCCTCAAATGAGAAAGAATGGTGGTTTAGTGATTAATGTTAGTAGTCATGCCTCATATAATGCATTCCCCCAATGGGGAGCTTATTGTATTTCAAAATCTGCATTAGCGATGTTTACTAAATGCCTGAGGGAAGAGGAGAGATCTAATTCAATAAGAGCTTGCACAATAACTTTAGGTTCAGTAAATACTCCTCTTTGGGACTCGGAATCTATCAATGCTGATTTTGATAGAACTTCTATGCTCTCCTCAAGCGAAGTATCAGATACTATTCTCTATATGGCTCAACAACCTGAGTCACAACTGATTGAAGACTTAACTTTAATGCCCTCTGGTGGAGCCTTTTAAACATTCTGTTTATTTGCTTAATCTTAAAATAGTGATTTTTTTTAGTGCTATTTCAACCCGATTGAACAAGAGAATGTGATATAGTATATGAGCAATTAAGCTTTGGAAGATACAGTAAATTAAGTTGCATACAATTTTCTGTTTAAAATTTTATGACCTCTACATTACCCAACGATAATATTAGAAACTTTGACGACCAGATTACTAATAAACTAATTTCTGAAATTATAAGAGACAGAATTAAGAATTCTGGGAAAAGATTCAGTGCCAATGAT
NZ_CP138975.1_gap10	313109	314376	1267	ATTAACGAATCTCACTTGACCTAAAAATCTTTTATTTAATTTCTCTGCGACAGTGGCAAGATCTAATTTGATTACCTCACTTGGACAAGATCCAACTAGAAAAAGAGTTTTTATTTCTGGTCTTCTCTCAATAAGATCATTTACCACTCGATCTAATTCTTCATGAGCGTCAGCAAGACCAGCAAGATCTTTTTCTTCAAGAATAGCCGTCCCAAATCTTGGCTCAGCAAAAATCATAACTCCAGCAGCACTTTGAATTAAATGAGCACACGTCCTTGAGCCTACAACGAGAAAAAATGCATCCGGCATTCTTCTGTGGAGCCAAACTATTGAAGTTAACCCACAAAAAACTTCCCTAGGCCCCGTTTCCTTCTTAAATTCAACTTTACTCATTAAAAATTTTCGAGAGCTTATATTTCAAGCTTGCATAAACTTTTTAATTTAAGAAAGTAATTAATAAGTTCTCTTACAAAACGAACACATTTAAAAAACTTATATGAATGTTTAAATACTTAAATGGAAATTATGAAAAAAACTTTTGGTGCATATTTTAATTTCTGTAGAAGGAATTTCCTTGACTTGTTTTTGAAATCTTCCACACATTTCTAGCTATTTTCGTTGCTAATAATCCTGCTCTTTCCAACTTAGATTTTCCGGGCTTTGCCCCAATTAAAGCAGTCACTTCTGAAGTGGTTAAAGGGGCCCCAGTATTTATAGCTAATTGCGTTAACTCCAATCTATCTCTAAGGTTTTTAAGATTTACTTTTTCAATTTTATCTTCTTCTAACCAACTAAAAGATGGGTCTTTCTGAGATAGTTTTTGCATCAAGCTTAGGCTAACTAATCCGAGAGTTTGATCAGGAGTTAATTCTTTTTCAGTACCAGAAACATTTGGTTCTTTTTTTTGAGAAGTTCCCATAGAAATGCATATCTTTTACTTGAAGTTATCGTTTTGTTGAAAGCATGCAAGTAAATTTAATAGAAAAAATGAACCATTATCCGTTATAGTCTCGTGAATGGAACCAACTTCTAGTTTAAACAGAGGAGAACGAAAAAAAGGTAGTTCTCTTGTCACAGGATCTGAGGTGCAATCTCAGGCCAGTGGTGCAAGCTGTTTTATTACAACTGATTCAGAAAAGTCTTTGGTATCCAGACAAGCAAGTCAAGTTGAGCAGATTGAGTTGAGAACATATGTTTTTTTGGATTCTCTTCAACCTCAACTAGCTGCATATATGGGAACGGTTAGTAGAGGTTTTTTACCTATACC
NZ_CP138975.1_gap11	323716	326318	2602	ATCTTGATCTTTTGGCTTGAGATTCAACGCCCACAATATATTTGACTTTGTATATTCATGTGCACAATATATGAGAGTATCTTTTGGTAAAGATTTGATTCTTTCTAGTGAAGAATACATTTGTTGATAAGTTCCCTCAAAAATTCTGCCACAGCCGCCAGAAAATAATGTGTCACCAATAAAAAGAACAGGGTTCTCCCCATTCAAAAAGAAGGCAATATGTGAGCTTGTATGTCCTAATACTTCAATTATTTTTACTTCTTCACCTAAAATATTCAAAGTTTCTCCATCTTCTACAGATACATTTTGAAAAGGGATTCGCTTTTTTTCTTTGGAGGAAGCAATCACCTTTACATTTTGCCATCTTTCAATAAGAGGCTTAGTCCCTCCAATATGGTCTGAATGATGATGAGTTTGTAAAATAGCTTTTAAGTGTAAATTGTTTTCATCTATATATCTAATTACTGGTTCGTGTACTGATGGATCTATAACTACAACTGATTTATCTTTTACCCATAACCAAATAACATTATCATTTAAAACTCTTAGTCCGATTATATTTTGAGCTTTATTAAATTCCATTGTTAACTTAGAATGAAGAATCCTTGGAAGAAATTGATCTATGTTTACTATAGCTTTACCAAAAGGAGCTCTGTTAAAAGATTCAATTTCAACTTTTAAAAGAGCTGGGTTAGATTTCTCTGATGCATTGGAGAAAAATAATAGATCATTAACTTTCGAATCAAATTGCAAACGGGCTAAAGCTTTATTGGTAAGGAATGGAGATGTTCCTGTTTATGTAAGTTATGGCCAAGCTGATTTGGGTATTGTTGGGTATGACGTTTTACGAGAATCTGAATTAAAAGTTGCAAAGTTATTAGATTTAGGATTTGGAGGCTGTCATATGTCGTTGGCAGTTAAGAAAAATAGCAATTATTTAAAACCAACTGATCTCCCAGCGAATTGTAAAGTAGCAAGTAAATTTATAAAGACAGCAAGATTTTATTTTGAAGAATTAAATATTCCTGTAGAAATTGTTCATTTGACAGGATCCGTGGAGCTTGGTCCTATTACAGGTATGGCAGAGGCAATAGTTGATTTGGTGGCAACCGGAAAGACTCTTAAAGAGAATGGTTTAATTAAAATAGATGATCTTTTCTACTCGACTGCGAGACTAATAGGAAACCCTTTATCTATGAGGTTAGATGATAATCATCTCAGAGATACGATTTTATCAATAGAATCTACTAACGATACATAAAAAAAGCTTAATGTTTAGTGATTTTAGAAGGATTAAAAAGTTAGGTAAATATTTAACTAAAGATAAAAAAACAATCTATCTAATCTTGATAGTATTGTTACCTGTTTCTTTCTCTGGAGCTATACAACCGTTATTAGTTGGTCAAGCGATTACCATTCTCAAAAATGAAACTACAGATGTATGGCTAAGTAAAACTTTTTTTGGGCAGTCAATTAATGCCATAATCCTAACTTTATTTATAACTGTTATTTTTAGGTTGGTTTTGCAAGGATACCAAACCTACAATATCCAAGCCGTGGGTCAACGTTTGACAGCAAGGATAAGAAGAGAACTTTTTGATCATTCAATATCTTTATCCCTTAGGTATCACGATAAAATGCCTGTAGGGAAATTATTAACGAGATTAACAAATGATGTTGATGCTTTGGCTGAGGTTTTTGGTAGTGGGGCAGTTGGAGTTATTGCTGACTTTGTAAGTCTTATAGTAATTTCTTTGACAATGCTTTCAATTGATAGAGGGCTTGCCATTTTACTATTGTTAACTCAGATTCCTGTTTCATATTTCATTATTTGGCTTCAAAAACGCTACAGAAAGGCCAATTATCAAGTGAGAGAAGAGTTATCTCAACTCAACTCTGATTTTCAAGAGAATCTTCAAGGTCTAGAAGTCGTTCAGATGTTTAGGAGAGAGGCTTTTAATAGTAAGAAATTTTCTAATACAGGAGTTGCTTACAAGAAAGCAGTAAATGGAACTATATTTTATGACAGTAGCATTTCAGCATTTATAGAGTGGATTTCTCTTGCCGCAGTTTCCTTGGTTTTAGCAGTTGGAGGGTATCTTGTTACTTCTGGAAATATTGGTTTAGGGACATTAACTACTTTCATTTTATATTCTCAAAGGCTCTTTGAACCTTTAAGACAACTTGCAGAGAGATTTACTCAGATTCAAGGAGGCCTTACAGCTGTTGAGAGAATAAATGAGTTATTGGATGAAGAAATTCAGATTCAAGACTCTATTTCTGCAAGAAATTTTGCAAAAGATGCTCAAACTGCCAATAAGAAATTTACGGGTAAGATTGAATTCAAGAATGTTAATTTCTCCTACAAAGAGGGAGAGCACATACTAAAGAATTTATCTTTTTTGATCAATCCTGGAGAGCATGTGGCTTTCGTAGGGCCAACTGGTTCTGGTAAAACAACCATAATTAGATTGTTGTGTAGATTGTATGAACCTCAATCGGGTCAAATTTTAATCGATGATATAAATATTAAAGATATTCCTATCGCAACACTAAGAAACATGTTGGGAGTTGTTCTACAAGATACTTTCATCTTTAGTGG
NZ_CP138975.1_gap12	328776	331846	3070	TTAATAATCTAGAGAATAAAATTTTGCAAACAATTAATCCTATTTGGGCGGAAGTTCAACAATCACTGAAAAAAACTTTAAGTAAGCCTTCATTTGAGACATGGATAAGGCCTGCTAAATTTAATTGTTTTGAAAATGGCTTATTGACTTTAATCGCTCCAAATACATTTTCCAGTGATTGGTTAAGAAAGAATTATTGTCAAACTATCGAAAAGGCTGCAAAAGAAATATGCGGCCATGATGTAAAAGTTGTTTTTAAATCTGAAAAAAATATAAGCAGAGATTCAACAAATAAAGAGAACCTAGATGATCAGATTGTGAATCATAAAACAAAATCATTTCCTAATAATAGTCAAGAAATTTCTTCAAAAAATAGATCCAAAAATCCCAACGGTCTAAATTTACGTTACGTCTTTAAAAGATTTGTTGTAGGTCCAAATAGTAGGTTGGCTCATGCAGCGGCTTTAGCAGTTGCCGAATCACCCGGGAGAGAATTTAATCCCTTATTTATTTGTGGTGGAGTAGGTCTCGGTAAAACTCATTTAATGCAAGCAATAGGCCATTATCGAGTAGAAATAGATCCAGAGGCAAAAGTTAAATATGTATCTACAGAAACTTTTACTAATGACGTTATTAGTGGTATTAGAAGAGACGGAATGACAGCTATTCGAGATAAATATAGAAATGTAGATTTGATTTTAATAGACGATATACAGTTCTTAGAAGGCAAAGAGTATACACAGGAAGAATTTTTTCATACTTTTAACGCTCTTCACGAATCAGGAAGTCAAATAGTAATCGCTAGTGATAGACCTCCAAATCAATTGTCTGGAATTCAGGAGAGATTAATTTCTAGGTTCTCGATGGGCATGACTGCAGATATTCAACCACCTGACCTTGAGACAAGGACAGCAATCCTTCAAAAAAAGGCAGAACAAGAAAGTATGAGTCTACCAAGAGATTTAATTCAATTTATAGCAGGAAGATTCACTTCGAATATTCGAGAATTGGAAGGAGCATTTACTAGAGCTGTTGCATTTGCATCAATAACAGGCTTGCCAATGACAGTTCAATCAATTGCTCCAATGCTTGATCCGAATAGTGTTGGAGTAGTTGTCAGTCCAAAACAAGTTATTAATAAAGTGTCAGATTTCTTTAAAGTTTCTACTGATGAATTGATTAGCTCAAGTAGGAGAAAACCAGTAAGTCAAGCTAGGCAAATAGGTATGTATCTTATGCGACATGGAACGGATTTAAGCCTACCAAGAATTGGAGATGAGTTTGGGGGCAAAGACCATACAACGGTTATGTATGCTATTGAACAAGTTGAAAAAAAATTGTCTATTGATCCTAATATTGCAAGTCAAGTTCAAAAAATAAGGGATTTGCTTCAAATAGATTCAAGAAAAAATTTATAGTTTTACTTTAACTAGAGATAAAATTTCTAGGATCTTGATCATATCTATGCCTGAAAGGTATATTATCTATTTCATTAATATTACTAAGCGATTCAATTTTATTTAATGATTGCCTTAATAACCTTGCTGAAATAATTGGCATATCTCTTGGAACTGAAACTCTATTTTTTAAGTATCTTAGAGAGATTCCTGAAAGTTTTTTAGGGATTAATACTTCGCCTGTGATCATATGGCTCAAAGCTGATCTCAATGATTCGTCAAAGGATTCTTTATTGTATGGATTTACTTTTAGTAAATTTTCTTTATGCTTTATCACTCTTTTAAGAGCAATTGTTGCATAATATTTTGAGTCATAATTTTGGTTTAATTCATAATTACCTAAACCCTCACCAGTATCTATTAACTTTGAGAAAGTAATCTGTTGTTCATTGCTTTCTTTATAGCATCCTCCCATTTGTGGGGGTAAATCATGAGAGTGAGTATGGAAATCTCCTTGAGTGCCTCTATAAGCACTTGTCCCCTCAAAAAGGGTAAGCCAGTTATCTACATGACGATAATTAGATCTTAAATTAAACCCTTTATAATAAATAAGTGAAGCGTTCATTCTCTCCATATAGGGAATAAAAATTATATCTCCAACACCAGGCTCTACATTACCCGTGTTAGAAACTGATGGATCAACAAATCCTGATTTTGAGCTACTTAAGATTTCATCGAGTTTAGAAATGGATTCTTTAAATCTTTTTTTTCTAAAGGAGTTATCTATAAAATTAAAACTTTCTCGGCAGAGCCAATTACACCAGGATCTAAAAATTTCTCTTTCTAAATTTCGAATTTTGATAAGGTGACTAGATGTAATAAAAGATCCAAGTGCTCCAAATTCATTTTCTAAAAAAGCTATTATATTGTCGCTTTCAGTTATAACTTTCCCTTTAAATTCAATTGCAGGTAATTTTCCCGATCTGACTTTTTCAAGGAACCAACCTTCTTTTTGGCCGTAGCAAAACATATTTATTTTCTGGACTCTGTATGGAATTTTCTTAAATTCAAGCCATAACCATATCTTCTGACAGTAAGGACACCAAGAATGCCTATCCCTATAGAGGGTAACTAATACATCATTTTCACTATGCCCAAATAATCTTAAATTTGCATAGGAATTATTTATACCATGGACTCTATCAAGATCTTCAACTTCAAATTTATTTAAATCATCCCATGACAAAATCCCATTCATTATTTGAATTAAAGCTATAAACTAACGTTATAATAATTGATTAAAAAAAGTCTTGGAATTTGAATTTGATTTAATTGTTGTTGGCGCTGGATCTGGAGGACTCGCTGCGGCTAAACGTGCGGCTAGTTATGGAGCAAAAGTCGCAATCATAGAAGCAAATCAAATAGGAGGAACTTGTGTGATAAGGGGATGTGTGCCAAAGAAATTAATGGTTTATGCAGCCAAAAGTAAAAAAAATATGGATTCTTCTGAAGGATATGGATTAAAAAATGAAGGTATTAATTTTGAATCAAATATTTTGTTGAAGAACGTTAGAGAGGAGGTTTCTAGATTAAGTAATTTACATAGAAATTCTTTAAAAAAGTTGAATATAACTATTTTTGAAGGCTTAGGAAGATTTATTACTCAAAATGAA
NZ_CP138975.1_gap13	391530	392708	1178	GACAATTAGAGGTTTTAAACATACCTTATGTAGAAAACTTTAATCTTGTAAGAGGTTTAGATTACTACACTCATACAGCTTTTGAAATTACTAGTGGGGCTCTGGGCTCCCAAGCTACAGTTTGCGGAGGAGGGAGATACGACGATTTAATAAAACAAATGGGAGGGCCAAACACTCCTGCAATTGGTTTCGCTATTGGTTTAGAAAGATTAATTTTACTCGCAGGAAAAGAGCTTGAAATTCCAAGAAATACTGATATCTATATCATTAATAAAGGCTTAATTGCTGAATCATTCGCAATGGATTTATCTAGAAAATTAAGAAATTACGATTTGTTAGTTGAGTTAGATTTAAGCGGAGCCTCATTCTCTAAGCAATTTAAAAAGGCAAATAAACTTAAATCTAAAAGTATTATTGTTATTGGTGATGATGAGGCAGTTAATGGGGAATTTATTATAAGGCTCTTTGGTCAATCAGGTAATGGGAATAAAGAGGAGGTTATATCTTTTGAGAATGATATTAAATTAGAAAATTGGATAAATAATAACTTACTTTTAAAGTGATGTTCTTGAAGATAGTGATAATTTTTCTTTTTATATTTATTTTTTTTAATTTAAGGAATTTTCTTAAATTAAATAAAAAACAAAAAGTTTTTAATTCTAAAAAAATAACAACTTTCAATAAAAAGAATCTTAATAATTGGATGAATTTAACTAAAAAAGAAAGATATAACTTATCAAAACAAGATTCTCTAAACTACATGGATAAAAGAAAGCTTTTATTAGACGAAATTAGAAATGAATATAAGAAAATATCTAGAAAAAATTCTGAGGGGAACATTAAGAAAAAATAATTATGGAAAATTACTGGACTTCTAATAAAAACATAAAAGGATTAAGACATTTTGTTTTAGTAAATGAGACTAAAGAAAAAGGAAATATTAGTTTTTTAATGGTTTCTGTCCTTGATTCTGAAATTAACTTAAAAACTACTTATGAAGAATTAATAAATAGTGGAAATTGGCACAAGGGTTGGATCAATCTTTCAAAGCATCAATCGATTACAGAAGAATACGTTAACTATAAATCCATCAATAAAGGAAAGGGTATCGATGAGATATTCATTAATGAAGATTCTTTATTTAATATTTCATGATTTGATATAAATCTTTCAAATCT
NZ_CP138975.1_gap14	394444	398779	4335	CTTGAATTGAAGTTTAGTATTTCTCCTTATTGGGTAGATACTGTTGATCTTCCTGATGGTGAGTACACTTCAAGGGCATGGTTAGCTAATGTTCATTACTATTTTGGATTCTTCTTTATTCAAGGTCATCTATGGCATGCTTTAAGAGCACTAGGCTTTGATTTCAAGAGAGTTACAAATGCTATCAGTAATATTGATAGTGCAACAGTTACTCTTAAAGATTAATTTTCAAATTTTCTTACCAATATCAAAAGGCTCCTCTTACCGGAGCCTTTTTTATTTGAAAAATTTTGTTTATTAATTTAGATTTAGAGTTATATGTTTTTGAAATCATTGAATATTTTTTCGATACAGAATAAAGATATTTTTTCAAATTCTCTATTGATAAGTTTTTTTGGATTGTTAATTATATTTTTTTTGTTGATTTTTGGAAGGAAATTTAAACTAGCTGTGCAACTAGAAAGATTTGGATTGCCGATAGCAGTCATATCAGGAATCTTAGGTATATCTATAGGCCCATTTGGTGCGATACACTTTTTACCAAAAGAAACAATAAATGTTTGGAGTAATTTTCCTACTCCTCTTTTATCATTAGTCTTCGCAACTTTAATGATGGGAAGACCTATACCGAATATAAATGGTTTAGTTAAACCTATTTTTAATCAATTTCTATTAGCTCTTTCACTGGGTTTCGGACAATTTTTTGTCGGTGGCCTTGTTGTTAAATATTTGCTGCCTCCATCTATGGACGCAAATCCTCTAATGGGTTGTTTAATAGAGGTAGGTTTTGAGGGAGGTCATGGTGCTGCATCAATAATCGGTGAAAGTTTTAATAAACTAGGTTTCCCAAATGGCTTAGATCTTGGTTTGGCTATGGCAACAATGGGTCTTTTATCCTCTTCAATATTGGGTAGCATATTCATCTTCCTAGGAAGAACTTTAGGTCTTTCAGATACTGAGGAAATTCTTGAACAAAAAGATACTCTAAAGGAAAAAAATAAGACAGGAATTTTTGCGGATTTAAGAATTTTTATAATAAATCTTGGATTCTCTGGTTTGGCAATTTCTTTTGGTATTTTGCTACTTAAATTTTTAAGGTATATTTCAAGTTCTTTTGGAGATTTTTCGAAGGAAATTATTTTTTCACTACCAGTATTCCCTTTTATTCTTATAGGTTCGCTCCTCATAAGATATATTTTAGAGAAAACCAAAAATACAGAATTTATTTCAAATATTCTGCAAAGGGAGATTGGTATTTTATCCACAGATTTGTTGATTTTTACAGCTATGGCGAGTTTAGATATCGCAGTTGTTTTTGATAATTGGATACTTATTTTAGTGTTTACTATTTTCGGTTTATTTTGGAATTTAATCTGCATTGCTTATTTCGCATACTTTATTTTTGATGATTATTGGTTTGAAAAGAGCTTGATAGAGTTTGGGAATTCTACAGGTGTAGTAGCTTCTGGGTTACTTCTTTTAAGGCTTGCAGATCCTAAAAATATTTCTAAGACTTTACCAATTTTTACGTCAAAACAGCTTTTCGCTCAGTTAATTCTTTCTGGGGGACTATTTACAGTTCTTGCACCATTAATGATTTCTAAAATTGGGTTAGATTATTGGACAGAAATTTGTGCCCTAATTACATTCGCAATTCTCTTTATTGCATTGATTTTTAATAAAGTAGAGATGAAAAAGTTTCAATAAGAACCCTAGAATAGTATTAGCCTAAATTTTATTTTAATGTCATTTACTCCCTACGATATTCCACCTCAAGAAAATAAAGGGAAGTGGTTTAGGAGTCATTTACTCGGAAGGGAAATTGAACTAGGAGAATTGTATAGTCTTGGATCAAATGATTTAGATTTGCTAATGGCGGAGACTGCAGAAATTAGAAGCGATCTTGATTTTAAGGAAAAAAATATTGGAAAATTTAGGACTGCAGGATATTTTTTGGAGTTAGCAAGAATAATTGAAAAAAGAAAGTTGTTAGAAAGTTAATTAAAAGGAAAATAATTCTTTCTATAATTTGGTTCCCATAATTCGTATTTATACATTAAGGTTTTAAATTCTTTATTTTTCTCAAATAAATCTAGCCAGTTTTTTATCGAGGGTTCAAAATAATTTATCCTTTTTTGACTTTCACAAGCAATTCTAAATTGTCTTACAAAAGGCCAAACAGACCAATCAGCGATTGTGGGGCTATCTCCAAAAAAATATTTGTTTTCTGCAAGTAGTTCGTTCCATCTCTTTATAAATTTCATAGCATTTGTGAAATGAAATTCTTCATCACTATCTTTATATCTAGTTGCATATTTAAATCGATCTAAATGATATTTGAATTCGTTATCGTTTTCATTAATTATTTCAAAAATATCTTCCTTTTTGTTCTCAGGAAAATAAATTAATTTAATGTTTTCCTTTTTCGACTCTGAGAGAGCCCACAGGATAATTTCAAGACTTTCTTCAATAACTTCACTATTTTTTTTTATAAGAATTGGAACCGTTTTTGTCTTTGAATTATTTAAAAAATCTGGAGGTTTATTTTTTAAATCTATTTCTCTAATCTCTACTTTTATTTCGCAAATTAACAGGGCCCATCTTGCACGAATGGCATATGGACATCTTCGAAATGAATATAAAATATCGTTTTTCATATTGTAAAAACTTTTAATTTCCCTAATTCTTTTAGTATTATCTAAGTAGGAACAGTTTTAATTTTACAACGCAAATGTCGGGATATGTTTACCTTATTAGAGTAGGAGATCTTTATAGGATTGGGAAAACGGATAATCTTGAAAAGAAAATTAAAAAATTAAAGCCAGATGAATTATTAACATCAATTATGACTAAGGAGCCAGAAACTCTTGAGGCAAGATTACTAAGAAAATATAAGTCGCAAAGAATCCCTGAAACTGGTTATTTAAAGCTTTCGAAAAGACAAATTAGAGAATGTAAAAAGCAATTTGAATTAAAGGGTAGCTTGCCTCACACTTTAGATGCTGAAGTTTCCATAACTCTTTTTGCATCTTTTTTATTGTTTTCATTAGGTTTTTTTATTTTTAATTATTTAAATTTTGGATTTGTAAGATCTATATCTTATTCTTTCGGAATGGCATCTCTACCAATGGTTATATTATTTGTTACAGGTAGTTTTGGGGGATACTTTTCTGAAGATTTATCTCTTTTTTCATTATTAACTAATCGAATAAAAGGTTTATTTATTGCAATTGCAATGCTTTCAATGGCTTACTTAATTTTTAATTTAGGTTAAATTTCATAGTTACAATTTAAGGCGATTTCAAATGGAACTGATTGGGTAGGTAACTTAAGAATAGTTGAGCATATTTCAGCAATATCCTCAGGTTGTGTCATGCTTGATTTGTCTAAGGAAGAAATATTTTGGGCCATTTTTGTATTAACCCAGCTTGGGCAAATTGCGGAAATCCTTATATTTTCATCCCAACCTTTATTTTTCATCGTTTGGCATAATCCCATCAAAGCAAACTTTGAAGAAGAATAAGCGGCTAAATCACCTTTGGATCTTTTCCCACTCATTGATACTAAAACAATAATTCTTCCTCTTCTAGAGGTACATAAATGATCCCAAGAAAGCTTACATAAATGCCAAATTGCCAAAAAATTGATATTTAATGTATTTAAAATATCTTCTTCATCACCATCTTTGTATAAGAAAGGAACTTTCGATAATACTCCAGAGCAATTTATTACTGAATCAAATCCTCCAAATTTATCTACGGTATTCTTTATCCAATTTTCGGCTGTAATTTTTTTTAAAGCATCATAGTGGTTGATTAGAATTTTCCCTTCTGGCCATTTTTTTGGATCAATAGCGCTTCCTTTTAATGATTCTAAATCTCTTATGCCAAGACTAATTCTATTGCCTTCTTTTAATTCTTTATGTGCAATATTTAGTCCAATACCTCTACTGGCTCCACTTATTAATATGGTTCTCATTTTAACTATATGTTTGGAAATATTATCCTAAGTAACATTTTAAATTCTCTTCCATGCATAATCATAAGACCCTTCTTTACACTCCATGGAGCCTTTATAAACATTACGCACATCGCATACACAATCTCTTTTAAAGAAAGAGTATCAGTTAGAAAACCATACCATTGATTTTTAGGTAGTTGGAAAAAACTTCCAAAAAATTCTCTCAACAGTTTCTCGTCAAACCTCATGAGTTTTTCTAATCCAAATTGGTAAAGTGATTTCTTCCTAATTAATTCTTTTGACCATAAAGTTTCCCAACCTTTTCTAGCAATATGATAGGTACTTAGATTTTTGTTTTTAATTGCTTCTGAAACT
NZ_CP138975.1_gap15	491844	493242	1398	GTGATGAAGTGCAATTTTGTCATCCATCTCTGGGAGAAAAAACTTAAGACATTGATACCATCTTTCAGATTGATTTCGGGTATTGGTGAATAATAAGGTGCTTTTATTTTTATCTAGGATTTTTAATAGTGAAGAATGACTTCTAATCCCAAGATGCCCACTCCATGGAAAGGTAGTTTCCTCCTCTGGTAAAACACTTACAATTTCGATCTCTTTTTGAATATTTGTACTAATAATTTTGGGTTTAATAGCGCTCATCCCAACTATTGCTCTTGCTGCTTCTTCAACATTTCCAATAGTTGCAGACATTGCCCAAATTTGTAAATTTTTTATATTACCTCTTAGCCAACTTAAAGATAACTCGCACTGGTTTCCTCTTTTACTACCCATTAATTCATGCCATTCATCAATAATTATTGATGATAAGTCCTTGAACAGATTATTAGATTCTTTATTAGAAAGTAAAAGAGATAAAGACTCTGGAGTTGTAATAAGAATATTAGGTGGTTTAGCTAGTTGCTTTTTCTTTTCATATGGGGTTGTATCCCCGTTCCTAATTTCAACAGTGATTTCTTTATTAAAATGAAAAGCTGCTAGTTGTATTGAATTTTTTAGATCTCTACTTAGTGCCTTTAAAGGGGTTATCAATAATATATTCACACTTTTATTATTTTTGGGATCTTCTATCTTTGATAGAGGTCCCATTAATGCAGCATAAGTTTTGCCGCATCCAGTAGGAACTTGTATTATTCCACTCTCTCCATTTAAAAATGCTTCCCAAGATTCGATCTGATAGGGTATTGGCTCCCATCCATTTGTGGAGAAAAACTGTTTAATTTTAGAAATTAAATTATTTTGCTTATTATTTTTCGTAATATTTTTCATGATATTTTTTTCATTAGTTCATAAGCATTCTCTAAGCTATCTGCATCTTTAATTTTTTTATCTTTTCTCCATTTTGTTATTCTTGGAAATCGTACCGCTATGCCTGATTTATGACGATTAGAAATTTGTATTTTCTCAAAAGATATTTCGAATACCATTTCTGGTTTTAACGATCGAACAGGACCAAATTTTTCTATTGTATTTTTTCTTATCCATTTATCTAGCTCTTTAATCTCAATATTCGTTAACCCAGAATATGCACTTGCAAATTTAATTAATTCTTTGTCTTTCCATAATGCAAAACTGTAATCTGTATACAGACCAGCCCTTCTACCGCTACCGCCCTTAGCGTAAATTAGAACAGCATCCAGTTGCATAGGATCAACTTTATATTTCCACCAAATACCTTTCTTTCTACCAGAGGAGTATATAGAAGTCTTTTTCTTAATTATTAATCCTTCAGTATTATTTTCTCGAGATTTTTCTTTATAGGCTAAAGCATCAGGCCAATCT
NZ_CP138975.1_gap16	516691	519799	3108	AAAAAACGTTTGGTTTTTGATGAGTTATTTCTACTTCAAATAAAATTCCTACTTAGAAAAAGAAAGACGAATAAAAATGTAACTTCCCAACAATTACCTCAAAAGAAATCTTTATTAAAAGAATTTTTAAATAATTTTCCTTTCGAATTAACAAAATCTCAAGAAAATGTTTTAAATGAAATTAAGAAAGATTTATCTAATCCCGTACCAATGTCTAGATTGCTTCAGGGAGATGTGGGAAGTGGTAAAACCATAATTGCAATTGCGTCTCTTTTACTTGTCATTGAAAAAAACCTGCAAGGTGCATTTATGGTCCCAACTGAGGTATTGGCAGAACAGCATTATAAAAATTTATTAAAATATTTGAACCCTCTTTTAGTTTCTGTTGAACTACTTACTGGGAATACTCCTCAAAAAAAGAGAAAAGAAATTTTCTCTAATTTGAACAATGGATTAGTTGATATCCTCGTAGGTACTCATGCATTATTTGAGGATAAAGTCATCTTTAATGCATTAGGAATGGTCGTAATTGATGAACAACATAGATTTGGAGTTACTCAAAGAAATAGATTACTAAACAAAGGAGATAATACTAACTTGTTATCAATGACAGCAACACCAATTCCAAGAACTCTTGCGCTTTCCATTTATGGTGATTTAGATGTAAGTCAAATTACGGAACTCCCTCCTGGGAGAGTTCCTATAACTACAAAAATAATTTCAGAAGATAATTTAACTAACTTGTTCAAAATTGTTGAAGATGAGATTAATAAGGGAAAGCAAGCTTATGTGATTTTGCCACTTATTGAAGATTCAGAAAAAATGAATTTAAGCTCCGCAAAGAAAACATTTAAATATTTATCAGAAGAGGTCTTTTTTAACAAGAAAGTTGGATTATTACATGGCAAATTAAGTTCGCAAGAAAAGAACGAAGTGATTAATTCTTTTTTAAAAAATGAAATTAATATTTTGGTTTCAACCACTGTAATTGAGGTTGGCATTGATGTTCCCAACGCCACAATTATGATTATTTATAATTCGGACAGATTTGGCTTGTCCCAACTACATCAATTAAGGGGGAGAGTTGGGAGAGGATCAACAAAATCTTTTTGTTATCTGGTAACCTCCGATAAAAATGGATTAGAAAATAAACGACTTTGTGTTTTGCAAAAATCTAATGATGGCTTTTATATCGCTGAAAAAGACTTGGAGCTTAGAGGACCAGGCCAGATTTTAGGATATAGACAATCCGGATTGCCTGATTTTGTACTGGACAATTTACCTAACAATAAATTCCTTATTGATAAGGCTCGTGAAGAAGCTATTAAGATTGTTAGTGGTGATCCTGATTTAAAAAAAAATATTGTTTTAAGGAATATACTTATTGATAATTCTGATAATAAATTCATTCATGATTTCTTAAATTGAGAACTATCATTGTAATTTTTGATATATATGTCACTATAAATCAATTGCAAATTTCAATTGAAAATTTGGAATAAAATACCAATTAAAGATAATGGAGATAAATTAATAGCTATACCTAGCTGCCTAAAGTTTTTAGATCCCCACCCTTACTTTCATTTAGGAGCCCCTTACAAAGATAAAACTTCTATTTGGAAATTAAGAAAGGAGGTTGTAAATAGATTAGTAAAAGTAAATGATTATTTGATATCAAAGAGTAGTTTTAACCTTTTAATTTATGACACTTGGCGACCTTTGGAAGTCCAGGAATTTATGTTTAAAAGAGCATTTTTATTAGAGTGTGAAAAATCCGATATTGATATTTCTTTTGAAAATATAAAATCTTATCCATCTATTTTAAAAAAAGTTGAAAAATTTTGGGCATATCCTTCTCGTGACACTAGGTGTCCCCCCCCACATTCAACTGGGGGTGCTTTGGATGTTTGTTTTTCAGATAAAGACGGAAATCTTGTTGAAATGGGAAGCATGGTTGATCAAATGGATGAGACCTCAAATCCATATTTTTATGCAAACATAAAGAATGAAGGAGCAATTATTTGGAATAGTAGAAGAAACTTATTAAGGGAAATTATGACTAAATTCGGATTTGCTCAACATCCTAATGAATGGTGGCATTTTAGTTATGGTGATCAATTATGGGCTTGGAAAAATAAAAAAGCAAATGCCCTTTATGGAAAAATTTAAATTCTATTGATTTTCATTTAGTAAATTTAATATATAATTTTCATCTTGAGTATTTATAAAATCTCCGAAATCCAAATCCAAATTACTCTTCCAATTATCAAATAATGGTTGTAGAGTTTTTTCTAAATCGTTAAGTTCCATTCTTTGTAAAAATGGTTTAGCAAGCCTTTGTAGATTTTTACTTCCCCCCAACCATAATTGGTATTTGTTTTGCCCACTACCAACAAGTGCTAATTCGGCCATATAAGGCCTGGTACATCCATTCGGACATCCTGTCATTCTAAATAATATTGTCTTTTGTATTTTTAGATCTAAAAGTAAATTTTCAATCCTTTTTAGTACATCAGGTAATATTCTTTCAGCTTCAGTCATTGCAAGACCACAAAGTGGTAAAGCAGGACAAGCTAAAGCGTGTCTTTGTATTTCATTAATGTTATCTAAATTTTCGTATCCAATTTTTGAAAGAGAATTTTGAATTGCGCTTTTGTTTTTATTGGCGATATTACAAAGTAAAATATCTTGATTAGGTGTGAGTCTTAAATCTAAATTATATTTTTTAACAATACTCGAGATGGTATTCTTCTTCTCTCCAGATAATCTTCCCGATAATAATGGTAAACCTACGAAATGGGAGGTTTTATTTTGTTTATGCCAACCTAGGTAATCAATAAGAGCCTTATCAGGTTCTTTTCTAATTTTTTTAATTTCTTTTTTGAAATATTTATCAGAAAGTATCTTTTTGAACCATTTAATACCTTTTTTATGAAGAAGATATTTCATTCTCGAATTTTTTCTTGATTTTCTATCACCATAATCTCTTTGAATAGCCACAATGCTTTGTATTAATTCATAAACATCAGGTTCTTCAACATATCCAAGTGGATCTGCAATTCTGGCAAAGGTCTCCTCATTATTATGTGTGCGACCCATACCACCTCC
NZ_CP138975.1_gap17	567821	568544	723	AGAGGCATAAACAAATAAAATTGGAAATATTAAAATTACTGTGCCAATAACTACTAACTCTATTTTACCGATCCCCATCTCAGTTACTGTTAAGGCAAAATAATGAATCATTATCGTTATTCCATTAAAATTTATATCTAAATAATTTACAAAAAATTTTAATTATTTCACTTCTTTATAAAAAAACTTAATTTTTTATAGTGAAATATTTGTATAAAGTACCTATTTTATTGAGTTAGACTTTTTAATAAATTTAATAATATACTTTTGTTAGATGGTTATGAATCATGGAATAATTTTTTTCACACCTGTTATTGCAGTATTGGTTGGATTTATAGTTTTTACAATTTTAAAAAAGAGGAAGAGATCAGCAAAAAGTATTTACAAATTAATAGATGATTTAGAAAAAAAATACATATATTAATCTTTTTTTTAGTAAAAAAGATTAATCAAATTCTATACCAACTTCTTCTTTTAAATCTCTCTCCAAATCTGGTAGATGGGGTTCAACCCAATGATCTTTGTTATCAATACCAGCTGCATTTACATAATTCATAATGTGTTGATCCACTTGCTTGTAAAGATCATGCAAATTTAAATCCATACGAATATCATGTGCTATTTCAGAGACTTGTTGTTCTGTTAGACAATGATCAGGATGGAGTAAATCACAACATGGAATTCTCTTCTCAATCAATTCATTTAAATTGATTTTTATTTCGT
NZ_CP138975.1_gap18	597549	601473	3924	CCAACGACGCCCACTACTTATCAAATATGGATGTTGAAGCACATGACGCTTTGCTTTGTGTCTTAACTGGAAAACTAATTAGTGATGAAAAAAGATTGAGATATACCGGAACAGAATATATAAAAAGTGAAAATGAAATGCTTGAGCTTTTTAAAGATCATATTGATGATGAATCAATTATTGAGGCAGTGAACAATACTGTAGAAATTTCTCAAAAAGTTGAAGTATTTGATTTATTTGGTAATTATAGAATGCCAAAATTCCCTCTTAATGAAGATACAGATTCATTTTCTTTCCTTACACAATTATCTAATAAAGGCCTTTTAAAAAGACTTAAAAAAAATGATCTTACAGAAGTTGATGAGAACTACAAAAAAAGACTATCTTCCGAATTAAAAATTATTAAAGATATGGGCTTCCCAGATTATTTTTTGGTTGTTTGGGATTACATCAAATTTGCTAGAGATAACTCTATCCCTGTAGGACCAGGAAGAGGTTCTGCTGCAGGCTCATTAGTAGCTTATGCTCTTCAAATTACAAATATAGATCCTGTTGAGCATGGATTATTATTTGAAAGATTTTTAAATCCAGCAAGAAAGTCAATGCCAGATATTGACACCGACTTTTGTATTGATAGGAGAAATGAAGTTATTGATTATGTAACTAATCGTTATGGAGAGGATAAAGTTGCACAAATAATTACTTTCAATAAGATGACCTCTAAGGCGGTTTTAAAAGATGTTGCAAGGGTTCTCGACATACCATATGGAGAGGCTGATAAATTGGCTAAGTTAATACCGGTAGTAAGAGGGAAACCTCATAAATTAAATGAAATGATTGATAAGAATTCTCCTAGCCAAGAGTTTAGAGACAAATATATTAATGATAATAGGGTGAAGAAATGGGTCGATTTGGCTTTGAGAATTGAAGGAACTAATAAAACATATGGAGTTCATGCTGCTGGAGTTGTTATAGCATCAGATCCTCTTGACGAACTTGTACCTCTTCAAAGAAATAATGAAGGACAAATAATAACTCAATATTCTATGGACGATATCGAATCACTTGGATTATTGAAAATGGATTTCTTGGGTCTTAAGAATCTTACGATGATTGAAAAGACAGTTTCTCTTATTAATCAATCTACTGGCAGGAAAATAAATATTGATGAGTTACCGCAAAATGATGGTAAAACATTTGAGCTTATTGGGAGAGGAGATCTTGAAGGTATTTTTCAACTTGAATCTTCTGGTATGAAACAGGTCGTTAAGGATTTCAAACCCAACTCTCTAGAAGATATTTCGTCCATACTGGCTCTTTATAGACCTGGTCCTCTTGATGCTGGTCTTATACCTAAATTTATAAATCGAAAAAATGGGAACGAAAAGATTGATTTCCCTCATCCTTTTATTAAGTCAATTCTTACTGAAACATATGGAATTATGGTTTACCAAGAACAAATCATGAAAATTGCTCAAGACCTAGCCGGTTATTCTCTAGGTGACGCTGATTTACTTCGAAGAGCGATGGGGAAAAAGAAAGTTTCTGAAATGGTAAAGCATAGAAATATTTTTGTAGATGGTTCTAGGAAGAAAGGTGTAAATGAAAAATTAGCAAATGATCTTTTTGATCAGATGGTTTTATTTGCGGAATATTGTTTTAACAAAAGTCACTCAACTGCTTACGGTGCTGTAACTTATCAAACGGCATTTTTAAAAGCCCATTTCCCTGTTGCATATATGGCAGCCCTTCTAAGCGTAAATTCCGGCTCTAGCGATAAGATGCAAAGATATATTTCTAATTGTTATTCCATGGGAATAGAAGTTATTTCACCGAGCATTAATTTTTCTGGGGTTGATTTTACTATTAAGAACAATCAGATTTTATTTGGTTTATCTGCAATTAAGAATTTAGGGGATTCTGCAATAAGAAATATAATTGAAAACCGAAATAGTTTTGGAACCTTTAAGTCATTATCTGATTTGTGCGACCGTTTGCCATCTAATATTCTTAACAAAAGAAGTCTTGAATCTCTGATTCATTGTGGAGCACTAGACGAGTTTTCAAAAGATAATAATAGAGCTCAGTTATTGTCAGATCTTGAGCATGTTGTTGAGTGGGCCTCTTCAAGAAATCGTGATAGATTATCTGGCCAAGGAAATCTATTTGACTCTAAAGATGAATTTTCTAATGTTGCTTTTTCGGATTCACAATTAGCTAAGGTTGATGATTATTCACTTATTGAGAAGTTAAAGTTAGAAAAGCAGCTATTAGGCTTTTACTTATCTGATCATCCTCTGAAGCATTTAACTAAGCCAGCAAAACTTGTATCACCTATAAGCATTTCTCAGTTAGAAGAAATAAAAGATAGAACAAAAGTCTCTTTAGTTGGAATGATTCCTGATTTGAAGCAAATTACAACGAGAAAAGGAGATAGGATGGCTATAGTTCAATTAGAAGATCTTTCTGGAAGTTGCGAAGCAATAGTTTTTCCAAAAACCTATTTAAGATTATCAGAATTTCTTTTGACTGATACTAGATTATTGGTTTGGGGAACAATAGATAAAAAAAGTGATAAGACTCAATTAATAATTGATGATTGTAGAGAAATAGATAACCTTAAATTGCTTATTATTAATCTTGATAGTTCTCAAGCATCAGATGTAAGAGTACAAAATATATTAAGAGACTGTTTAATTAAATTTAAACCAGCTAAAGACACATGTGGAATCAAGATTCCAGTTTTAGCTGCGGTAAGAAATAAAAATAGTGTTACCTACGTTAAATTTGGAGATCAATTCTGCATTGGAGATATTCAAGGAGCTCGCAAATTATTAGAAGATAAATCATTCCAAGTTAATTTTAAATCTTTAGTTTCCTAGATTAACTTTTATCTTCAAAATTTTGAGTTGCAGGTTTAAAGGCAGCTTTTGCACGTTGTATGTTCATTGGTATATTTTCAATACCAAAAAAAGATCCAGGCTCTTTATCCCAACTAGCTGATAATATTCCAAAACTCAATCCTGCTAGACCTAACAAGAAAAACAATGCTGAAATTGCAATGGTTGAGGAAGGAGGTATTTCAGCAATATTTCTTGTAACTATAATGTAGCTAACAACAAAAACAGACATTCCTAATATTGTCGGTATTCCAGCTGTAAAGAATATTCTTCTTGCCATTCTGTCAGCAACATATTTTGGGATGCCACTTGATGATCGCTTTGGCTTGGTTGGAGGAATAGATGTTTTTTCTATGTTAGCGAAAGCAGTTGTTTCAGAATAGTTTTTTTTCTTTTTATTTTGAGTCTTTTTTTTTGATTGCTTTTTTTTCATTAATTGAGATCATCCTCTGATTCCAATTTTCTTAACTAGTTCTTGATATTTTTGAACGTTTTTGTCTTTTAAGTAAGACAGTAATCTTTTCCTTTTACCAATCATTTTTAATAATCCTTGCCTTGAAGCGAAATCATGAATGTTTCCTTGAAGATGGTCACTTAATTTTGATATTCTTTTAGAAAGCATTGCTACTTGTACTTCAGCTGAACCTGTATCAGTCGGATGTACTTGATGATTTTCAATCAGCTTCTGTTTTTCAGCTGTATCTAATGACATAAAATTTATTTCTTTTAATCTATGATACTACGTCATCTAGCTATATTACTACTATCCTCATCTAGATAACGCATAGCTAATTTCAATAGTTTTTCAAATGATAAATTATTTTCTTTTTTACCTAAGAGATCAATTTCTTTAATAATAATTGGCAAAATGTTATTTATTTCTTTGTTTTTGTAACTTAATGATTGAAGGGTTAACTGAAGGTCTTCTATCATTTTATTTATTTCAGGATCCTTAATCTCAAGTTCACCTTTGCTTTTTTCTTCTTCAGATAATATTTCGCTTTTAAATTTACTTTTTAATTCT
NZ_CP138975.1_gap19	611173	612606	1433	ATTTTTCGAACATGTTCTTCTATATAATTTGTCTGAAGAATTACCTGAGGGTGATTATATTTGCGCTTTAGATCAGGCTGACGTTGTAAAAGCAGGTAAAGACATTACTTTATTAACTTATTCAAGAATGAGACATCACTGTCTTAAAGCTGTTGAAGAATTAGAAAAAAAAGGAATTGATGTTGAGTTAATAGATTTAATAAGTTTAAAACCATTTGATATGGAAACTATCTCAAAATCAATAAGAAAAACAAATAAAGTAATTATTGTTGAAGAATGTATGAAGACTGGAGGTATTGGTGCAGAATTAATTGCCTTGATAACAGAAGAGTGTTTTGATGATCTTGATGCCCGACCAATTAGATTATCAAGTCAGGATATTCCGACTCCGTATAATGGAAATCTTGAGAATTTGACAATAATCCAACCACATCAAATAGTTGAAAAAGTTGAAGATTTAATTAGTGGGAGTATATAAGCAATGAAAAAAAGGCAAGGCTGGCTTTTTTTTATTATATTTCTACTTACTTTATCTGTTTATCTATTAATAAATTATCCTTTACAGTTGGGATTGGATCTACAAGGGGGTTCTCAACTTACACTACAAATTATTAAAGATGAAGGTAAGGTAACAACGGATGAACTTGAGGCAGTTAATTCGGTTATAGATAAGCGCGTTAACAATTTAGGAGTTTCTGAGTCTAATTTGCAGACCCTCGGTGGAGATCAATTGATTTTAGAATTGCCAGGTGAACAAAATCCATTAGTTGCTTCAAGAGTATTAGGTAAGACTGCTTTATTAGAATTTAGAACTCAAAAAGAAGGAACATCTACAGATTTAAAAATCCTGCAAGTACAGAGATTGAGTATTAAAGATTTAATGGAACAATATTCCTTTGCAAAAAATAGTCAAAATGAGGATAATTTCTTAAATGTTATTAAAGATGATCTTAAAAAGATAGAGCAAGAATTGAATTACTCATCTACTAGTAATGATTTATATGGGAAGTTAATTGAAATCAAAAAATATGTTGATAACGAAATTACAAATTTATTTATTAAAACAGATTTATCAGGTAAGGATCTTATTAACGTAGGAAGGAGACAAGAACAAACAAATAGTAATTGGGAGGTTTTATTAACTTTTAGTAATTCAGGAGGTGAAAAGTTTGCAGAAATTACAAAGTCAATTGCTGGTACTAATCAACTATTAGCTATCATTCTAGATGGTGAATCAATAAGTGAAGCCAGTGTTGGTATGCAGTTTGCTAGTACTGGGATTACAGGTGGATCAGCAACAATAAGCGGTAATTTTAGTGCTGAAAATGCTAGAGAATTAGAAGTTCAACTTAAAGGAGGCTCATTGCCATTGCCAATTGAAATAGTAGAAACTAACACAATAGGGGCTCTGTTGGGATCCAAAAATATTTTAA
NZ_CP138975.1_gap20	678393	681158	2765	ACCCTGATTTATTGCTTACAAAATATGGAAATGATCCTGTAAGGTGGTATCTCATTAAAGACATATCACTAGGAAATGATGGAGATTTTCAAGATAAAAGATTTGTTGACATTATTAATAATGACTTAGCTAATACGATTGGTAATCTATTAAATAGAACATCATCTATGTCTAGAAAGTGGTTTAATAATAAAGTTCCAAATAAGGAAAAAATTTTCAATGAAAAAAAATTAGAGAATTTTGCCAAAATTGCTGTCGAAAACTATATTTATAACTTTGATAATTACAAATTAGATCTAGCAGCTAATGAAGTACTTAGCCTAGCAATTAATACAAATTTGTATTTGAATGATAATCAGCCATGGCTGTTAATAAAAGAGAAAGATAATCTACCTTTAGTTAAAGAAATTATCTATAACGTTTTAGAAAGTACACGAATAATAGGATTATTATTAATACCTTTATTGCCCGAATTATCTACAAAAATTAATGACCAACTTGGTTCTATATACAGAGAAGAAATTCCATGGAAAAAACAATTAATTTGGGGATTATTAGTTAGTAACTCAAGTCTTCCTAAACCCACTCCAATCATAAATAAATTGGAGTATGAAGAACATTTATAGATTAATAATATTCCTTCCATTATTTATGCTTGGTTGCACCCCAAATGTAATTGATGAAAATAAAGTTATACAAAAAATTGACAGTTTAGATATGACTATTTTCTCTAATAGTGGAGATAAAGTATATTCAATTACCAGTCCCAATTCAAGTTATGACAATATCGAATTAAAATTCGAATTAAAAAAACCTATTATTAATATTCATAATGGGACAGAAACTAAGTATATTATTAGTTCCGAAGAATCTACTTTATCAGACAACAATAAACTCTTGAAATTGAAAGGCAATGTTAAATTAAAAACTCTTAAAAAAGATGAGTATTCTTTAAATGCTGATAATTTTATTTGGAATATAGAAAGTACTAACTATCTATTAGAGGGTAATATAAGATTTGAAAATCAAAACATCATCTTAAATTCAGGAAAAGCCATATTGGGTTCGGATAACATAATTGAATTTTTCAAACCAGTAAAATATATTATTAAAGATGAAAATAAGGAAAATAAATATGAAATAAATTCAGAAAATGCATTTTATAATTTAAATACTGAATCGGTAAGTTTTGAAGCAAAAGATAAAAGAGTTAAGTCAATAATTTATTTTTAAATTTTATTTTTTGAAAAAATATTATTAATTTTTTTGGACCAGTTATTAATCCATTTTTCATCAGACTTCGTGAAACACTTAGCACTCCAGCCTCCTATCAATATAAATGCCTTATTATTTATAGGAACAATTAAAATAGATGGGATTTCAGCACAAAAATTAAAAAATTCATCTCGTCTAGGATAAAATTTTGTGTTTGCCAATGATATTAATTTCATATCTTTTATTGATCTAAGACAAGTTTCGCCAGGTTTAAAATCATTACTTGAAGTGATTCCCCTCCTCAATATATTAACGCCATCATTGTGGATTAATATTGCTGCTGCTGCCGTAGAAGTTAATATCGCTTCAGAACCCCATGCAAGTTCATCGATAACTTCATCAGGCATGTTTCTATCGAAGAGAAACTTATTTTCTCCTTTTAAAGCAGCTTTCTCACCAGCTAATGGTTGGAATTGTTTAAATAAAAAACCAATTAAAATAATAATTAATGAAGCTATTGCAGCTAACACTTGCGCTCTTTCAAGCTCAGGAGTGATTGTCTCTATTGAAATGAAATTTGCTATCTGAAATACAAAGAGAATTGCACCGACTAATATTAATGATTTCCCATTGAATCCCATATTTTAAATATGTTATTTCTAATTAAATTATGCAAATATTATATTGTTTAGTAAATTTAAAATTACTCAAACATATGATTTTTAATATATAATTAACCAAAACAAACTAAAATGAACCTAAAAATCAATAAATATATATTTTCGCTTATCTTTACTGGCTTGATTTTTATTCTTATCCCCTCGACTTCATTCGCAAACGAAGTTAGTAATATAAATAAATTTTTTGGTATTACTCAACAGAAGACTGTTATAAATTACGAGAAAAGTCAGCCTTCATCTATTGATAACCCTGTAGTGGATCCAAATTTTAACACTATGAGATCAAAAGATACTGAGAGTTCAACTGCTACTTATATAGTAATAGGTTTGTTAATTGCTGCCACAATTATTCCTCTAGCAACATGGTGGTATTTCTCTAAATAATAGAGAATTTATGAATGCCAATGATTTAAGTATTAGTGAATATTCATCTCATATAGTTTTTATTACAGGAGGGACAAAGAGTGGGAAAAGTGAATTCGCAGAGTATCTTGCAAAGAAAGTAAAAAAATTATCATATGTTGCCTTATCTGAAAACAATTTGGATGATAAAGATTGGCAAGATAAAATTAAATTACATCGAGAAAGAAGGCCAAAAGATTGGAAATTAATAGAAACGACAGATCTATTAAATACATTAAGGAAAGAAGAAGGTCCACTATTAGTAGATTCTATTGGCGGATTCGTTATGAAAAGTATTGGGAAGGAACAAAATGAATGGTCAATAAAAATGAATTTACTTATGAGTCTCTTAATGAAAAGAAAAAGCATAACAATTATTGTTGGAGAACAAGTAGGTTGGAGTCTCGTCTCTGAATATAAAATTGGTAATACTTATATTGAAAGAATTGGCGAACTTCAAAAGAGAAT
NZ_CP138975.1_gap21	711622	714377	2755	GTGAACTCGTTGGTTCTTATCAACAATTAAGAGAAAATAGCAGAGGTATTCAAATTGTTAATGCAATAGTTGAGACTTCTAAACAATGTAACCTTGACAAGGATGTAGAGCTTCCTCCAAAAGACGTAGAAGAACTTTCAATAGATGAAAGAGATTTATTTGTTGGAAATGTCTATAAACAATTGATGGAAATTGAAAGTAGATTGTTACCATGCGGTCTTCATACTATTGGGGAAGCTCCAACAGCAGAAGAAGCTGTTGCAACACTCGTAAATATTGCATCTTTAGAAAGAGAACAAGAAGGATTAAGATCTCTTCCTGGATTACTTGCAGAATCCATCGGTCTAACTATTGAACAAATTTATGATGGGAATAATAAAGGTGAACTTAAATTTGTAGAGTTAAATGAAAAAATCATCAAGACAGCAAGAGAATCGATTTTTGCGATGGTCAACTCTTTAAAAATTGTTGATGGCAGAGTTTATTTAGAAAAATCACTTCTTTCCAAACTTTTCGATTTACTTAAAGTTTTTGGTTTAAATTTACCTACCCCTTGGCTAAGAGTCTGCAGATTAAATGGATTTAATGAAGTTAATCAGAAGGAATTAAATAAATTATTTGATTACTTACTTTTCTGTCTGGAACAGGTCTGCGCAGACAAAGAAATGGATAGCCTCATAAAAGCACTAGATGGAAATTATGTTTTACCTGGACCAGGTGGAGATCCTATTAGAAATCCAGGCGTTTTGCCAAGTGGTAAAAATATCCATGCACTTGATCCTCAATCAATCCCAACTACAGCAGCTGTAGCTGCAGCTAAGTCTGTTGTTGACAAATTAATTGAAAGACAAAAAGAAGAGCAAGGAACATGGCCTGAAACAATAGCTTGTGTTTTATGGGGTACTGATAACATCAAAACTTATGGAGAATCACTGGCACAAATTTTATGGTTTGTTGGGGTAAAACCAAAACCAGATTCTGTTGGAAGAATCAACAAACTAGAATTAATCCCTTTACAAGAATTAGGTAGGCCAAGAATAGATGTAGTAGTTAACTGTTCAGGGGTATTTAGAGATCTGTTTATCAATCAAATGGCATTAATTGATCAGGCAGTCAAATTAGCAGCTGAAGCTGATGAACCATTGGAATCTAATTTTGTGAGGAAACATTCACTAGAACAAGCAGAAAAAGAAGGCACCTCTATCAGAGAAGCTTCAGCGAGGGTATTCTCTAATGCTAGTGGAAGTTACAGTTCAAATGTTAATTTAGCAGTAGAAAATTCAACATGGGAGGAAGAAAATGAACTACAAGAAATGTATTTATCTCGCAAAACATATGCTTTTAATGCCGATAATCCAGGTGAGATGAATCAAAAAAGAGAGGTATTTGAGTCAGTAATGAAAACGGCAGATGTTACGTTCCAAAATCTTGATTCCTCAGAGATTTCATTAACAGATGTAAGTCACTATTTTGATTCTGATCCAACAAAATTGATCAAGACATTAAGAGATGATGGGAAAGAACCAAGTAGCTACATCGCGGATACAACCACTTCTAATGCTCAAGTTAGAACACTTGGAGAAACTATCAGATTAGACTCAAGAACAAAACTTTTAAATCCTAAGTGGTATGAAGGTATGCTCAAATCTGGCTACGAAGGAGTTAGAGAACTTTCAAACAGACTTAATTACACTCTTGGTTGGAGTGCGACAAGTGGTCAAGTAGATAATTTTGTATATGAAGAAACTAATGAAACATTTATAAATGACGAAGATATGAGGAAAAGATTAATGGAACTTAATCCTAATAGTTTCAGAAGAATTGTTGGAACTTTGCTAGAAGTTAATGGTAGGGGATATTGGGAAACTTCAGATGAGAATATAGAACAATTGAAAGAACTATACCAAGAGGTAGAGGATAAAATCGAAGGAGTTAAAGAATAATAAATTTACTATTTTCTGTAAATCCTATCCGCTACTCTCAGTATTTGATAATTTAATTTGACGTTGTGGACTCTCACAATGTCAATATTAAATTGAGAACAAAGACAACTTATTGCAAGTGTTCCAATATCCCTTTCTTTTGGATTTTTCTCATTCAATATTTCCCCTAGAAATCTCTTCCTAGATGCACCTACCAAAATTGGCAAATTCCATTTTTTAAATACATCTAAGTTTCTCAAGATTTCCAAATTATGAATGATATCTTTTGAAAAACCAATTCCAGGATCCACTATTATATTTCCTTCAGATATATTTTTTTCTAAAGCATTCTTTATTAAATTATCAAGCGAACACTTGACATCACTCAAAACATTCTCGTAATTGGAGAGTTGATTCATATTTTGACTATTACCACGACTATGAGTTATGACGAATGGACAGTTGAATTTTGATACAACATCCAAAATTTTTACATCTCTTCTTCCTCCCGTGACATCATTTATCCAATTAGCACCATTTAAAAGAGCTTCGTAAGCAACTTCAGAATTAAAAGTATCAACAGAAATTAAAACATCTGGAAATTCGGATTTTATTAATTTTAGGTATGGGATCAATCTTTTTATCTCTATACTTGATCCAACTTCTTCAGCCCCAGGTCTCGTACTTTGGGCACCAAGATCAATAACATCAACACCATTGCTCATGAAATGATTTACTTGATCTAAAACTTTTTTTGAAGAGTTTATTTCCCCACCATCACTAAATGAATCAGGAGTTAAATTTATAACTCCCATAATTGAAGTTTTTTGGCC
NZ_CP138975.1_gap22	841621	842761	1140	TTTTTTGGAAGAAATTCCCATTGAAAAAAATGAAGACTAATAATAAAGAACTGTAAAAAAACAAGCATTAGGTCATAAGCAGCTTTAAAAAAATTTTTTAACTTAAATTTAGACATTTTTTATTTCTTTAATGCTTTAATTAGAGGACCATATAATCTGTATGATAATTGATCAAAATTATTATTTCTAAGAAAGAAATCTGGTTCTTTTTCATTACCAAAACACAATTTCATTACGATATTATCTCTTTCTCCTTTAGAAAAATTTTTATTACCAATCCATTTATCTGTAAAAGCTTTTTTTTCATTTTTTGATTTTATTTTTGCTTCTACATATTTATAAGTACTTTCTGGAGGAAGAGGTAAACATTTTTCAGAATAATTTTTAAAAATATTTATGTAATCCTCCAAAATTAGATTTGATTCAGCTTCTCCGGGTGATTGAATAATTTGCGATTTGTAATTATTTTCTGTTCTAAAAATTACTTTACTCCTTTTTATATTCCTCTTTAAAGAAGAAATAAAGAGTAATTTTATCCAAGCCTCAGTCAAACTACTTAAACTTAACTTCGCATTAATTAATTCAATTACGGTTTCATCAGCGATTAAATATTCTTCTTTATTCGCATTTAACTTGACATAGATTTTATTAATTTTATTATGTTGACTCAAACTTGCAGCTAGGCTGCTTAATAAGTCTTTGATTTCTTTTTCTTTTGTAAAAATACTATTTTTGGGCATAATAATACCATTTTCAGCCAATTGATCATTAATATTTAATTCATTTAAATCATCAATAATATTATGCTTATCAATCTCTATTTGCTGGATTATTTTTGTAATTAATTGCGACTTTTGCAGATTGCTTACATACTCCTCGTCTGGATGATGAATAAATATTTCATTGGGAGAAATATTGTTTTTATTAAGCCAATATTTTTGTGGATTCTTGAACCAATAAATCAATTCTGATAACTTGTAATTTTTAATATCAGATTTTTTTTCATTCCAATTTATATCTTCTATTAAAGAATAATTACTTTTAATAATCTGACATTTATCAAGATCAATTATTTCATTTTTATTTAAATCAGAATCTTTAATTATTAGTTCTCTTTGGCTTTGGTTTAAGAAACTATCA
NZ_CP138975.1_gap23	849053	852601	3548	AATCATCATTATCGAAAGTAAAGTCAATAACTTATAAGTCCATAGTGGTGATATGTAAGATATTTCATTAATATCAATCCCAGTATTACTAGAAACAATTAATAAAAATTTTTCAAATTTTTCCACTCTTTGTGGGACAAGGTAGTTTTCACCTTGATGCGTATTAAAGTAATAAACTTTACTACTCTGACTCGTTGGTAAAGATTTGATTAACTTAATATCTTTCCAAGAAATCTCCCAATTTTTTTTTCCTAAGAATTTAGAAATAAAGCTACTTTTATATGAAATTTTATTACTGCAAGTTTCTACATAATCACTAGTAATATTGATTATCAAATAAAGGCCTAGTGCAAAAATTATAATAGAGGGTATTTTTAATTTTTCGATTGAAATAAATGGTAAAGGAATTGTAAGCGCTAAATAAAGAGAAATTAACGAACTTTTCACAAAAAAAAGAGTTTTAAATTTTTCTATCATTTCATAAAAATCCTTTTAATCTGGCAATTTAAAACTGTTTAAGTTTAACTTTGCACCTATTTTATGAGCGCATGCGTATCCACTAAAAGCAACGGCATTTAGGCCTTGGCCAGGGAAACATGAATCCCCTACACAATAAAGGTTTTGAATTTTTGTAGTGTTGAAAGGCATTGGCAAAAGTCCAAGCAACTTTTTACTGGGAATTGGCCCATAACTACCTTCAAATCTTCCAAGAAACTTTTTATGAGTTTTGGGAGTACCAATTTCTTTGTGGTCAATATTTTGTTCAAGATTAGGAAGAATAGTTGATATTTTTTCAACAAGGAAAGAAAAATATTTATCTTTCTTTTGCAAATATTCTTTCCTTGTTAGGCCTTCCCATTCACTAATCGATGAAGGAGTAAATGCATGCACGATATGTTTACCTTCAGGAGCCAAAGACGAGTCAAGCAAAGTAGGTATAGAAACAAAAATAACTCCCTTTTCGCTTTCTAATTCATCCCAATTTTTAACTATTATATGATGACAATTAAAATTGTCGGGTATTAGATTTTTTTCTACTCCAAGGTGAATCGAAACAAAAGAAGGTGAGGGTTTATAAGTTTCTGACCACTTATATTCACTTTTTGGCACGTTTTCACTTGAAATTAATCCTTTAGTATTATCTTTCAATCCAAATGTATCCCATCTAGTAGAGTTGGATACAATAATATTTGAATATATCTCTTCTCCATTTGAGAGCTTAACTCCTACCGCCTTCTCATCCTTTAAGAGGATTTCAGTCACGTTGGCTTTATATCTTACTTTTCCTCCTAATTTTTCAATACCAGAAACAAACTTCTCTGCTATCGTTCCAACTCCCCCTTTTGGATAATTTATACCCCCAGCATGCCTATCTGTAAATACCATCCCTGCATTAATCATAGGGGTTTTTAGAGCTGGCATTACAGACCAACAAAAACATTCGATATCGATAAATTTTAAAAGTTCAGGATCTTTTATAAACTTTCTCGCAACATCTCCTGCATTTGCAGGTAACCATCTAGCTAACCCTAAACAGGATAATGGGGATTTAAAGAAGACTTTAAAAAGATAACTTGGATCCTCTATTGATAAAAGAGGCATTGAATCTAAACATTTAAATACACTGGCACAAGTATCATAGAATTTCTTGATACCTTTTTTTTCATTGGGGAAACTAGCTGATAATTTGCTTATAAATTGCTCATAATTTTTATCTACTGAAATATTAAAGTTATGTGGTAAGTGATATTCCAGTTGAACAGGATCCGGAATAGTTTCGCATTTTTCGTTTACATCCTTTAATGCACGAGTTAATAAATTGGTATAACCTTTTTCTCCAAATCCAAAAATCATTGAAGCTCCTACATCAAAGGTATAGCCTTTTCTTTTAAAAGAGCCTCCACTCCCTCCTGGAATAATATATTTTTCAAGAACTAATACTTGAGCTCCTTTCGCTGCCAATTGTGAAGCAGTTACTAACCCTCCTATTCCTGAGCCAATAATAATTGCATCGAAGTTTTCCTTATTTAATTCCATTTTTTGATCCTTGATAATTTATCTTAGTAAATTTTGCTGAGTAAGTGGTCTTTATCAAAACAAGAATCTAGTTTATTTTTAAAGTCATTCAAGGCTTCTGTAGATCTTTCTTGATAAGCTTTGTACCTTAATCTTTTATCTTTTATTCTTTTAGTTAGTTCTGGAACTAAACCAAATGAAGCAGGCATTGGTTGGAATTTATTCTTTTTCTGATTAGATAATATTTGATTTTTGTTACTAATAAAATTCATTAGAGAACCAATCATTGATTCATCAGGAAAACTTACTGGTTTTTTACCCTTAGCTAATAAGGATGCATTTATTCCTGCAAGCAAGCCTCCTGCAGCTGCTGCTGCATAACCTTCCGTCCCAGTTATTTGACCCGCTGCAAAAAGGTTTTCTCTTTTCATAAATTGCAATGTTGGTAAAAGTAATTTTGGAGATTCTAAAAAAGTATTTCTATGCATTACTCCAAAACGTACAAACTCGGCCTTTTCTAAACCAGGAATCATCCTAAATATTCTTTTTTGCTCAGACCATTTGAGGTTAGTTTGAAAACCTACCATATTTAGTAATTTCCCTTCTAAATCTTCTTTCCTTAATTGGACAACTGCATGAGGTCGCTTTTTTAACCTATTTTCCCTATCAAATAAATCTCCCCATTTTGGATTCCACAAACCAATAGATTTCAATGGCCCATATCTCATTGTATCAACTCCTCTTCTAGCAATTTCTTCAATTGGTAAGCAAGCCTCAAAGAAATTAGCTGATTCTTTCTCAAAGTCTTTTAAATTAGCTTGTTCTCCTTCTATAAGTTCATTCCTGAAATGGATGTATTTATTTTCATCCATAGGGCAATTTAGATATGCAGGATCTCCTTTGTCGTATCTACTAGCTTTAAATACAATCTCTTGATCAATAGAATCTCCATAAATTATGGGGCTAGCCGCGTCAAAAAAATGACAATCATCGATACCAGTAAAATCTTGGATTTTATAGGATAAATCATCGGCAGTTAATGGCCCAGTTGCAAGGATAGTTATATTTTCTTCACTTGGGATATCTAGTTGTTCAAATCTCTTAATTTCGACTAAAGGATGATTTGATAATTGTTCAGTCAAAGCGTAACTAAATTTAGATCTATCAACCGCCAAAGCACCTCCGGCTGGAACAGCAAATTTATCAGCTGTTTGAACAATCAAAGATTTAAAAAACCTAAGTTCTTTTTGCAATAAACCTGCAGCTCTATCAGGACTTAAAGCTCCAAAACTATTACTACAAACCAATTCTCCAAATTCACTCGTATGATGAGCTGGAGTTGATTTAATAGGTCTCATTTCAACTAACTTAACTGGTACACCAGAATTTGCTAATTGCCAAGCAGCTTCAGATCCTGCAAGACCAGCTCCAATAACTAATACTTCTTTATCTAACAAATTAGATTAATCCTTGCCCAAAAAGTCCCTATTGAATTGCTCTCTTGCTGGTTTTTGTATATTGAATATAACCCA
NZ_CP138975.1_gap24	891323	893496	2173	TTTTCATGATTATTTCTTGCTCTGAGTATTTTATTTACGATATCTCCATCATTAGTTAAAAAAATCAATCCTTCACTGAGCTTATCTAATCTTCCGATAGGGAAAATTCTTTTAGGGTATTTAATGAAATCTATGACATTATTGGGTTCTAATTTTTTATCTGTTGTGCAAACAATTCCTACAGGTTTATTAAAAGCTAAGTATATGTTTTTTTGTCTCTTTGATTTTTCTATTCTTTGACCTTTAACTTCTACTTGATCATTATCTTCTACTTTGGTTCCAATTTCTGGAATTTCGCCATTTATAGTTACCTTTCCTTCTAGGATTAACTTATCTGCTTCTCTTCTAGAACAATAACCGACTTCACTTAAATATTTATTTATTCTGGTAGCCATTTTTGATGTTTCATTTGTATCTGCACTAAATAAAATAATTTACTAATCTCCTCATATTTTAGATCGGCTGTCAATTTTAGTTAGAATTCTCATTTTTGAATTTCAGATTTTTTTCATGATTAATTTACTTCGCAGAGATCTAACTCTCTTTCTAAGTCCAAACTTCTTCAATTTTCCTCCATCCCTTAGAAAGTAATCTTACATAAATTTCCCTAGCTAAATCTATTTCAACAGAAACTGTATTCTTCATTACTGGTGGTTTGTTTCCTAATCCCCCAACTATTTTTCCAGTATCTATAAACATATACTCAAAAACTCCATCAATACTCTTATCGTTTTTCATAAATCTTTTAACTTCTGACCTATTTGAATTAATCAACCAATAAGATTGAGCCATTAATCTAACCTTGGGATTAGTAAGCGTTCCATTTAAAACAAACTCATTTGATCAGTTTCTTTTTTCTTTAAATCCTCTACTAGCCAACCATCAGGGGACCAATTCATCATGATTGCAAATAACCCTTTTAATTCATCTGCATCTTTAACTTGCTCTGTCCATTGTTCCTCATATCCATTAGGCACGATCACAGGCATTCGGTCATGTAAAGGTTTAATTAAATCATTTGGATCAGTAGTTAAAATGCAGCAACTCTCAAGTTCTGCTCCATCTGGTGAGGTCCACTTACTCCAAATTCCTCCTAACCAAAAAGTCTCATGATTTACTTTTCTAACACGATATTTTTTTTCAAAAAAACCGCTCGCAGGTATTAGGCATCTTTTATGTTTCCAACTTCCACTAAATAATTTTTTTTCTTCTACGGTTTCTGATCTCGCATTAAATGGTCTTGGTCTCTCTTTATCAAATGGGTCTTTAGCCCAAGGAGAAATAAAGCCCCATGTCATAAAAGTAGTCTTAATTTTTCCTTCGTTTTTAATTACAAGCACAGGATCATTAGGTCTTATGAGATTTTGAGTCTCGTATTTAGAATCAAGTCCACTTGGATAGTCTTTTTTCAAAACCTTTGGCAACTTCTCAAATTTAGTTTTCAGCTCAAATCTTCCGCACATTGATTTTTAAAATCTTTTTAAACTCACTTTAAAAAGTCAAATTTTCCCTATTTTAGATCTACTTTCAATTTTCTCAAATAAAAAACAATTATTTTATCTTAGAAAGTTTTTCATCTAAATAATTAAAAGAAAATATAGATATTGAAAAGCTTCCTCAAATTTAATTTGAATGTTTCAAGATTAATTTATGGCAGATCCAATTCTTTACTTATCTTTGTTACTGGGACTTGGAGGAGTTTATGTATTAATCTCCTCCTTTCATGATGATGACGATGGGGATGATGATGGAGAAAAATACATTTATAAATTAGAACACACTAATCTAGCGAAATAAATAAGGTATTCATAAAGATTTTTTTTAAAGTAAAAGATGCTTGAGATAAAAGGATACCTTCGAGAATAATCTTCTAAGATTAAAGGAAATATTTTCTAACTTTAACTATATTTACTGAATCATTATATTCATTTTTAAATTTAGTTGTTGGTCCTCTATCCGTATATGTTTGTGCCTTAAACCGTACATTTTTATTAGTCGATTGATGAGCATGCTTAGTTAGAACTTAGTGGTAACGTAGTTAATTCAATGCCTTCAAGACCAATAAAATCTTGTAATAAATATGTGTTGAGTTACAAAGATTCATCAAATAAGACACATGAAGTTGGCTTCTACGCACGCGATGCATACGATTGCCTAATGCTTGCTAGAGAAT
NZ_CP138975.1_gap25	904288	907325	3037	GCAAGCACATTGCTTGCTCCTGTAAAGCTGGCAGGGAAGAATTGGTATCCATTAGGAATTCTTTTCTTTATAGCTCCTTTAGGAATAGCATCATATTATTCAGTGATAATGGGATGGACTGCAGATACCTTGTTCCATTCTTTATTTTTTGGATTACCAAAGAATTTAACTGAAGCAGAAACCTTCTTTGGCTCGATTAGTAGTGGCAGCAGTGTTTTGTTGGGCCACCTATTAAGTCTTGTACTTACAGCAATAATAGTTTCATCAGGTATAAAAAAAGGTATAGAAAAGGTTACTAGATATTTCATGCCAATACTTTTCATAATTATTGTGATTCTTGCTATTTGGGCTACTTCACTTTCAGGTGCATGGGAAGGATATAAAACATTTCTACTTAAGTTTGACTTCAATGAATTGAGAAATCCTCAAACAATAAGAAACGCTTTTACACAAGCATTCTTTTCATTAAGCTTAGGGATTGGAATTATGGTTACCTACGCATCCTATTTAAATAAAAAAAGTAATCTTCCAAAACTAAGTGTAGGAGTTGCATCATTAGATACTTTGGTTGGACTAATGGCTGGATTTATAACTTTCCCAATAGTTTTAACATTCGGTTTAAGTGACGCTATTTCTGAATCCACTGTTGGTGCTTTATTTATCTCAATTCCAACAGGTTTAGGTTCATATGGTGCGGCAGGAAGAATTGTAGCTGTTGCATTTTTTGCACTAGCTTATATCGCAGCCATAACTTCATCTGTTTCATTATTGGAGGTTCCAGTTTCATCTTTAATGGATAAATTCGGCTTTAAAAGAGAAAAATCGGTTTGGTTGATAACTCTTTTCCTATTCTTAGCAGGCATCCCTTCTGCATTAAATTTAAATATTCTTGGAACTGTTGATTCGATTTTTGGTGGCGTATTACTGATCTTTGGTGGATTCTTGGTTACTTTCTTTATGGGATGGGTAGTCCCTGGAAAATTTAATGAAGAACTTAATGATTCAAAAGTTGGAATCAAAACGACACGTTATTTAAAATTCATGACAAGATGGATTGCTCCCCCAATTATTGGTTTTGGACTTTTTATTAGTGTGTTTGATTTGATGAAAAGCTGGGTGAGTTAAACAATATTTTACTGGTGAACTTTTTTAAGTAAATATTAAATTTAACTTCTTTTAAATATCAAAAATAACGAAAGAAAACATCCCTGATAAAAAGATATATAAGATATATCTAGATGTTGAATTTAAAGAAATTACAACGTAATCAACAATAGATTAAAAATTTAATGTCAACCAAGTCCAATTCATTAAAAGAAAAGCTTACGGAAAATTTTTCTGAATTTTCTCAATTATCCGACTATTCTTTTATGAATTCTCTTAATGCAGATCCTCAATCAACAAAAGATGGAAATGATCATAAGCCGCGTTCAGTATATTCAGGTCATTACGTACCAGTTGTACCAACTGCTATTCCAGAACCAGAATATATTTCCCATAGCAAAAAACTTTTTAAAGAACTAAGGCTAAGCTCAAATCTTACAAAAGACCAGAATTTTTGTCGTTTTTTCTCAGGTGATATTTCTGTTGCTAATTATCCAATGAGTCCTGTTGGTTGGGCAACAGGTTATGCATTATCTATTTACGGGACTGAATATACCCAACAATGTCCCTTTGGCACTGGTAATGGTTATGGCGATGGCAGAGCAATTTCTGTTTTTGAAGGTTTATTTAATGGGAAAAGAATGGAAATGCAACTTAAAGGAGGAGGTCCAACTCCCTACTGTCGTGGAGCAGATGGTAGAGCTGTCTTAAGATCTAGCGTACGAGAATTTCTTGCACAGGAATTAATGGATGCCTTAGGAATCCCTACCTCAAGATCCTTAACACTTTATGTTTCACGTTCAGAAATAGTTAGAAGACCGTGGTACTCCAAAGGGTCCAGGTATTTTGAACCTGACATCATGATTGATAATCAAGCGGCAATTACTACGAGAGTTGCTCCATCTTTTTTACGTGTAGGCCAGATTGAACTTTTTGCAAGACGAGTTCGTAATAATGCACATGATGAGGCCCTCAATGAACTAAAGATGATAGTTAAACATCTTATTCATAGAAATTATAAAGATGAAATTGATAATGAGATTTCAATTGAAAGTAAGGTAATAAAACTGGCTTCTTTATACAGATCAAGACTGATATCACTTATAGCCAACTGGATGCGAGTTGGTTATTGCCAGGGTAACTTCAATAGTGATAATTGTGCTGCTGGAGGTTATACCTTGGATTATGGCCCCTTTGGATTTTGTGAATTATTTGATCCAAGATTTCAACCATGGACAGGTGGAGGTGAACATTTCTCATTTTTCAACCAACCTTTTGCTGCGGCAATCAACTTTAAAACATTCTGTTCCTCTCTTAGTCCGTTACTTTCAGGAAACAAACAAGATCAAGGAAAGTTAGATCAAATCGAAAAGGATTTTTCAGAATTGATGAACAAAGAGTTGAAGAAAATGTGGGCAAACAAGCTTGGTTTAGAACATTACAACGAAACTCTAATAAATGAATTTTTTAATCTCATGGTCATTTCAAAAGCAGACTATACAATTTTGTTCCGTAAACTCTCTGAAATACCTGATAACTCATATTCGTTAAAAGACAGTTTCTATTTTCCAATTGATGATGAGCTCAATAATAGATGGGAAGTATGGCTTAAAAACTGGCAATCAATCTTGAAGAAAGAGGGAAATATTAAAGCGAAATCAGCATTAATGAAATCCCTTAATCCAGTCTATACTTGGCGCGAATGGATGGTGGTTCCCGCATATGAAGAAGCTGAAAAGGGAAATTACAAAAAGATAAAAGAGTTACAGGATATCTTTAGCAATCCATATATAGAACAACCCTCAGAAATAGATCAAAAATATAATCGACTAAAACCAAGCCAGTATTTTAACTATGGAGGCGTATCTCACTACAGCTGTTCTTCATAAAATTTCAATCCTCATGTAGATTGAACAACTTTGAGGAAAATCTT
NZ_CP138975.1_gap26	1059870	1064136	4266	TAGTTTGCCAAATAGCTACTGGATATTCATAATTTCTTTTTATTGGAGTTTTTAAACCTCCAAATAAATGTAAGAAAATAAAAACCAAAAGTCCTAAAAGAAATATTTTTTTAAAGTAAAGTTTTCTTTCCCATCTACCTTGAATATAAAAAATCCAAAATCCAATCAATATTTGTAATACGCATAAACCACTTGCACCAATCCATCTTGCTAAACCAGCAAGATAAATATCACCTGGGATAAGGCTCTCTCCTAAACCTATCCAAAAAAAAGGAGTTTGAGAAAGTATCAATTCACCCAAACCCCAAGTCAAAGATAAAAAAAATACTTTTACTGCTAAAGATAATATTTTCATTTTGAAAACATCCTCTTTCCAGAGAATAATTTCAACTAACCATCCCCATAAATAAACTAATATCCCACCCAAAAAAGCGCAAAATAGTAATATTAAAGTGGAAATTATTAAACTTGCCAGCCATGAAAACCCGAGCCATGTCAATGGATGAAGATCATAAAGCCAAGAATGACTTATCAAGATAAAGAAAAAACCCCAACAAAAATTTGATATTCTCCTTTTACTTCCCTTCCATAAAATAAATAATGATATCGGCATAAAAAGCAGCCAAAAATGAGTTGAGACTGAAATTCCTCCTAAAATCCCTCCTAAACTAGGGTAAAAATATTGTCTTAGAATTTTAATTTGATTTGGGATTAACAATCTAAAATTACGAAATTAAATTTATAATCACCCATTTATTGTACCTTCATTCTGTAGACTAAGTTTTAGTAACTTTCAAAATTTAAGTGAAAGAAGTATTTATTAGTTTTGCAATTTTTGTTTTTTGTGTTTCATTAACTATTTTCAGTCAATTTAATTCACCTCAAGTTGTTAATGCTGCTGAATCAGAAACTCAGTCAGTTCAAAGAACACCTGTTGCAAAATCATCAAATGTCTCAAATAATAATTTATTTGAACTAGACCCATCAGATCCAAATCCTATACTTTTCGCTATGGCAGAAGAAACACCAATAGACATTAATTCAAGGACAACAGAAAGTGGTCTAATTATTGCAGATATCGTAAACGGGGAAGGAGATGAGGCTAATGCTGGCCAAACAGTTACCGTAGATTACACAGGAACACTAGAAGACGGGACACAATTTGATACCAGTATAGGCAGAGCTCCATTCAGCTTTCCCTTGGGTGCTGGACGAGTAATAAAAGGTTGGGACGAAGGTGTAGCAGGTATGAAAGTTGGAGGCAAAAGAAAATTAACAATACCTCCGGAACTTGGATACGGGAAAAGAGGAGCTGGAAATGTAATACCTGCTAATGCGACATTAATATTTGAAGTTGAATTATTAAAAGTCAATTAAATTAAGTAAGAAAAATATCTAAGACTTTTCAATTTAGTTAATCTCCAAGTAATATATATACAACACCAAATATTTGAAATGTTAAGTAAATTCATCAATTCTTTTCTAGATAAAAAATCCCCAATGACGGTCCATGCTCACTGCGATGGTCCTTGTGGTGTTTACGACCCAGCATCTACGAGAGTTGCAGCTGAAGCAGTTTTATCAATGACAAAAAAACTTATTGCATTAGAAGCTCCTTCTAGCACTGATTCAGCAGAGTGGGCCACATACAGTAATACATTTTCTAGATATGTTGCAGTTAAAGAAGATCAAGCTAAAGAAACAAAGAAAGAGATCCTAATTTTGTGGACAGATTACTTTAAACCAGTTCACTTAGAAACTTATCCAGACTTACATGAAACCATTTGGAAGGCGGCCAAATTATGCAGTGCATGCAAAGTTAATATTGACTTAGCCCAAGCTGAAGAACTCATGAGTTATGTAGAAAAAATTCATAATATTTTCTGGGCTTCAAAAGGAAGATCAGACGCTTTTGTAAAAACTAGTTAATCAGAGTTATTTTCAAAAGTTTTTTTGATTTTATTTTATTTTTTTTAGGTTTAAGAAAAATCGCGATTATTAGTGGTGAATCGATGTTTCCTTACCTAAAAGAAGGTGACATTGTATTTTTTAAAAAATATAAAAAGAATAAATCAATACTTAAAAATCGGCAAATAGTTATTTTTAATCATCCAGTTAAAAATAAAAAACTAATAAAAAGGATAAAGTCAGTAAATCAAAATAACGTTGAGGTTATTGGCGACAATATTAAATTTAGCGAAGATAGTAATAAATTTGGATTAATCAATAAAGAAAAAATAATTGGGATTTTCACCTCTAAATTAATTATTCCTAAATTAAAAAATTTTTTAATTCAAAAAAACAGAAGCACTTCTTTGAGTCCAAAATAATCCCAAAGAAAAGGAAAGCCCTCCTGCTACAGCTATTAATCTTTTAATAAATTTTTGACTCGCTTTAAAGGTAGTAAAAGATATTAAACAAGTAAAAAGATTCATACTTATGAGTGAACCAATCAAATATGAAATCAAATATAAGCAAGCGCTTGTTAAAGGTAGTGCTAAAGCAGGAAGAACTGCAAGAAAATGTGAACCTCCAGCTATACCATGTAGCAAACCTAAACCAGTCAAAGCATGTGAGTGCTTATTCTTATTTTTTTGTTCCTTAACATGAAAATGAAAGTGACGATGGGCAATTCCATTCTCATGCTTATGGGAATGAGAGTGGATACTTAATTGAAAAGAATTTTTTATAGCAAATACTCCAACAATTAGAAGTGAAATTCCAACTAAGAATTCGGCAATACTAGAAAATTTGTTTAATGGCGTAATATCCTTAATAAAAATCGCTAGAAAAGCTAACAAGAGGACTCCAGAAGAATGTCCCAAGCCCCATGAGAAACTATTTTTAAGAGCTTTTTGGGGATTATTAATCGCTGCTGGTGCCATTGCAATTAGATGATCAGCGCCACTAACTACATGAACAAATCCTGCGACTATACCTGTTAAAATTACAGCCTGCATATATATTCAGTACAACTCTGTTTATTCAATTTTATAGCACGATTTGAAGTCAATATTAAATTGAGGTAAATAATTTCTTGAACGATTGTTCAATATCCGTTTCTCTCATAAAAGTTTCACCAATTAATACTCCCTTGATGCCAATAGATCTAAGCGATTCTAAATCTTCGGCACAATTAATTCCAGATTCACTTATGGGAATAATATTTTGTTTTAGAAATATATCTGCATATGTATGCATCAATTCTATTGATGTTTTTAAATCTGTTTTAAAAGTCTTTAAGTCCCTATTATTTATTCCAATCAAATTAAAAGATTTTAACTTTAGAATCCTTTCTAATTCATCTGCATTATGGACTTCAACAAGAACACTCATCTTTAAATTATCAGCTATTTTCTTTAAATAAATTAAATCGTCATCACTTAAAATCGCAGCGATTAATAATATTGCATCAGCACCAGATACCCTTGCTTTATAAATCTGATAAGCAGAAATAATAAAATCTTTGCAGAGTAGAGGGAGATTAGTTGATCTCCTTACAGTTTCGAGTATTTCATAACTACCTTGAAAGAACCTTTTATCGGTAAGTACTGAGATACATGATGCACCTAATCCTTCGTAACAAATTGCTATGTTTTCAGGGTTAAAATCTTTTCTAATAACTCCTTTACTTGGACTAGCTTTTTTTATTTCAGCAATAACTCCTGGTTTTATTTTTGACTCCAAAATATTTTTATAAAAATCTTTGGGAGTTGGAAGTTTTTCAATCTTTTTGATGAGATCTTCTAAAGAGACTATTTTTTTAAAATTCTTAATTTCAATATCTTTGTGCCATACAATTTCTTCCAGAATATTTTTTGCTTGTGCTTCTCTATGAGGTACAGCATATTCTAAATTTTCTACCCTTACTGTTGGATTTGGTGGCCTGCGTCTTATCTCCATTAATTTTAGAAATTATTTTATTTGAGAAGCTGCTTGTTTATATGCGACCTCAACTACTTCACTAAGAGTAGGATGAGTATGAACTTCTTTAGATAATTGAATTACATCTTGGTTCCTTGAAATAGCGTTCGAAATTTCTTGAATTAAATCAGCTGCATGTAACCCAAAAATATGAGCACCTAATACTTTCCCATTATCTTTGTTGAAAATCAACTTTAGCAATCCGTCACTCTCCAATTCAGCCAATGCTTTTGAATTAGCCTTAAAGAAACTTTTGACAACTCCCAAAGTAAAATTTTCTTTTGCAGATATCTCCTCAGCTTCAGCTTCTGAGAGACCAACTGAACTTATCTCTGGGTGAGT
NZ_CP138975.1_gap27	1156087	1157478	1391	AATTAAAAATAAAATTCAACATGCATTTGGTAGTTTGTTTGAAACGTTATCAATTGAGAGAAAACTAACTGATGCTCAAATGGAATGTATGCAATTCGGAATTTGTGATTATGCTCCAAGACAAGTTAAGAAAGTTCCCTTTTTTCATTATTAATCTTAATTTATTTTAAACGAAGTTCGATTAGCTCCTTCTCACCCAATCAGGAGATCCACTAAACCAATCAGCAAGATCATCATTTTTGGGATCAAAATGATTTTCAGTTTCTAAACCATCAAGGCCAAGATTCTGGATAAGTCCATTTACTCCATCTGATTTTTGTTTGCCATATCTCCTCAAGCTATTAGCTTTCTTAAGCCATGTCCATATAGTTGAATTATGTTTTGCAAACTTTTCTACATAAATTCTTTCTTCCAATGCAACATGTTCATCTAATGAAATCCTCTTTACGATATCCTTAATTTTTAAACGAGTCTTGTTGGTTAGAAACATAATTCATAAAAGAAGTTAATGTTTTATAAAAGTTTTTTTTATGAATGTCTTGTCAATCTTTATTTCAAGAAAAAGTATTTTTTAGGAGCTTTTCAAGGACAAATATATTTATTTAACAACAGGTGTATTCAATTGGTAAAAAAGACTACTTAATTCGATTTATATAACTTATATAAAAACGAGTTCAATATAAGTTTATCTACATAAATTTAAGATTTAATTTATAAAATTGAATAAGGAAAATTTACAATTACTATCGATCTAAACTAAGAGAAAAAATAACTCTTTTTTTTGACAAAAACTTTTTATGTAATCACAAATGAAAGGTCAATGGACAAACGTTTATAGTGATGATTTACCTCTTAGATCTTGGTGGGTAGATTCAGATAGTGAGTGTGAATATATATCTATAGTTTTACCAGAGGTGTTTGGGATAAATCACTGGATAAGGAGTTTTTCTGAAAAATTAGCCAAACAAAATGTACCTGTATTAGCCTTACCTCTTTATGGTAGAACAGCTCCAAAATTAGATTTATCATATAGAGAAGAAGATTTGAAATTAGGAAGGCATCATAAAAATTTAACCACTTCAAAAAATATTATTAAAGATATTTCTGCAGCTCTAAATTGGGTTAAAGAAAAATATCCAAAAAAGAAAATTTCAATTGTTGGATTTTGTTTTGGGGGTCATGCAGCAGTCATAGCCTCTTCCTTAAAAGGAATAGATATTACATTTTGTTTTTATGGGGCAGGTGTAACCGCGCCAAGAAAGGATACTAATTTTGCACCTATAGATTTACTGGAAAAAGTTTCCGGCAAATTAAACTTCATATGCGGGTCTTCAGATGATTTAATTCCCTTACAAGATAGATTAGAAATAAAAAAAAGATTTAAAAAACTA
NZ_CP138975.1_gap28	1238757	1241948	3191	TACTTGAGCATTTTACTTCAGCAATAAAAGATGATTCTGCTAGGCCTCAAATAGCTCAACTTACAGAATTAGGATTGGTAGAGTTAACAAGAAAAAGACAAGGTCAAAATATATATGAATTGTTTGGTAAAAAATGTTCTACATGCGATGGGACAGGGCATGTAGAAAATATATTAAATCAAGAAATTTCTAACTTAAAAATTAAAAATGATGAAAATAAATTTAATCAATCAGACAATCTAAAATCTCAAAATATATATACATCACAATCAACTGATGAGCAGGAAAAAATAATTAACAAGGAATTACTTAACTCCAAAGACCTAAGTAAAGAGAATTCTTCTTATAAAAAAGAAAATGATAATGATAATTTGAACCAATCAAATTCAAAGGAAAAAAATACAATAACAGTTGATCTTACTAATGAAGAAAAAATTGTTTTCAGTCAATTAGGTATTAATCCTCTTATAAAATTAGGTAAAGAATATCTAACTAGCAATAATTTTGTGCGTTTAAAAGACAGTAATAAGGAAAAGGAAAAAACCTTAGATAAAAAGACAAAATCAAAACAAATTAAAAAAAGCTCAAAATCGGGAGAAGAAAAGATTCAAATTACTATTGAAGATAAAGCAAATTCGAAAGACAACTCAACAAATAAAATTAATGAAGTTATATTTACAGAAGAAAAGGACGAAATTGAAGCTACAGATGATCTAAAAAATGCAAGAAAAAAAAGAAGAAGATCTTCAGCAAGTATTGAATAATGTATCCGAAGTTGGGATAGATGAAGTGGGAAGGGGATCAATTTTTGGTCCAGTTTTTTCAGCAGTTGTTGAATTGACTGAAAAAAATAAATTTACTTTAAAAAAATTAGGAGTAACAGATAGTAAAAAATTAACTCCCAAAAAAAGAAAATTACTTTTACCAAAAATTTTATTACTCTCTTCAGATTATGGAATTGGGCAATCTTCGGCCAGAGAAATAGATAAGTTAGGTATCAGAGTTGCTACTGAACTTTCAATGATAAGAGCTTTAAAAAAATTAAAAAAGAAGCCATCTGAATTGTTAGTTGATGGCCCCTTATTATTGAGACCATGGAAAGGAACACAGAAAAATATAGAATCTGGAGACTCAAAGTTTATCTCGATAGCTTCAGCAAGCATAGTTGCAAAAGTTTCTCGCGATAATCTAATGGTGAGGTTAGAAAGAAAGTACTCTGGATACTTGATATTTAAAAATAAAGGATATGGTACCAGAGAGCATCTTTCATTAATTAAAAAAAATGGAATAACTAAACTACATAGGAAAAGTTTTTTAAAGAAATCAAATCTTATTTAATTCACACCAATCAAAAAAATCTTTTACCAGTTGCTGTTGAACCCTCGACTTTATCCCCAACAGAATCCCATTTAATACCGAATGACCAGTAGATTCCAAAATTTTCTTTGGTACTAGCTTGAGCAGAGGGGGTTGGCTAACAGACACCCCTAAAAGCGCCTCACCTTCTAACCCAATATCAGTTGCTTCCAAATTCGCTTTTAAAATAAGATTAAAATCATCAATAATACCTAAGCCATCCAATGTACTTTCAAGGGCACTCATTTTTAAAATTCCATCTTTATTTTCTACCGCAATTGAGACAACAGGTTTAATATCTAATTGAAAAACCTTAAAACTTGTTACTGTATACTTATATCTACCTTCCCCTTCTGGTACTAATTTTTTGGAGTCAAGCATTGCTCCAACAACTCTTTCTTCTTCCAAAAGATATTTAGAAAGATAATCTTTATTACGTGTTACAGAAAGCTTTAATTTCTGTTTAGCATCAAAAGACAATAGCATTTTCTATATTCCTCCAATGCTTATTTGATCACTTTTTTTTTAAGATTAATCATGCGCAAACAAGTTGCATATTTAGGTCCAAAAGGAACATACGCAGAAAAAGCAGCTCATATATTATCAAAGCTTGCCAATTTTCAGACACCTATATTTGTACCATGTAATGGGTTACATTCGGTCATTAAATCGTTAGCGTACAACATTTGTGATGCTGCTGTAGTTCCTATAGAAAATTCCGTAGAAGGGGGCGTTACAGCCACTCTAGATTCCCTTTGGAAATTTCCTGAAATATTTATAAATAAAGCAATTGTTTTACCTATAAAACATGCATTAATTAGTGATGGTGAACTTTCAAATATTTCAGAAGTATTATCTCATCCTCAAGCACTAGCTCAATGCTCAGAATGGTTATCTGAAAATCTTCCAAATGCAATACCTCTTCCAACAAATTCAACATCAGAAGCTGTCAATATGGTTAAGGGAAGTAAATTCAGAGCTGCTATCGGTTCAAAATCATTAATTCAAATTGAAGGACTTAAAGAATTAGCCTTTCCTATAAATGATGTTCCAGGTAATTGCACTAGATTTGTCTTATTAAGTAAGGAATCAAATTCAAATTTAGCTAATATTGCTAGTTTCGCTTTCTCATTAATATCAAATAAACCTGGTGCTTTGCTTAAAGCAATAAATTATACTGCAGATTTTGGGTTTAATATGAGTAAGATTGAATCTAGACCTTCAAAAAGAGAACTAGGCGAATATATAATTTATATTGATTTAGAAATAAATAATCAAAATAACATTGCAAATTTTCTTGAATTGAAAAATAAGCTAGAACCACTTTGTAATAATTTAGTAGATTTTGGAAGTTATTTTTCTAAAAATATTGAACTAAATTAATTTATCCTCTACATTTATAAACTCCAAACTCCATTAAACCTTTTCTAAATGCCCAGTTCATGAGAAGTATTGTTGGAATCTCTCTAATCGACTTCAATATGGCAAATGGGCCAAGTGACAAAATTGCGAAAGGCCTTCGAATGCCTTCAATAATGGAGTCATACCATGAAGGATTTGTATAGGAATTCCAATTTTCAGCAATAACTCTTCCTGAACTATTTTTATTAGATCTGAGAATATTACCGAAATCATTAATGCTAATAAAATTAGGATGTACCCATTGTTCGAGTAATTGTTTAAGAACTAACTTTTCAAAAAATGATGGGGGGTATGCCTCAAGGTCTCTTGAGTTCCAATCAGCCAATGCCAAATAACCATCAGGTCTTAGAATTCTCAGCATTTCATCTGCAAACCTAGTTTTATCATTCATATGTGCACCAGCCTCAACACTC
NZ_CP138975.1_gap29	1351627	1352552	925	TCTAAGTGCCATTAATCCTGGCATTTCAGTTTCGGCAATTTTAATTTCTTTACGACCAAAATCTGATAGTGAAATATCAGAAATGATGAATTTCGGTGTTGATGTTTTAACTGAATTTGCAATAACCATTTCTATCGGAATCTATACCCATTAAACTATAAGTGATTTTTGCATAATTTTGTGTTTGTTGAGAATTTAAAAGAGACTTTAAATTTAGGAATAAAACTCTCACACAATTTAAATCCCCAATCGATTGTTTTATTACAAGGTCCAATTGGGGCCGGGAAAACTTCATTTGTGCAAGGGATTGCTAAAGGCTTATTAATCACTGAGGATATTACAAGCCCTACATTTGCTTTATCGCATCACTATAACTCCGGAAAAATTCCGCTAATTCACCTTGATTTATACAGATTAGAAAATGTTTCTTTAGCAAAAGAAGTTTTTTTCTCAGAAGAAGAAGAGGCAATACAAAGACAAGCTATTTTAGTTATTGAATGGCCAGAATTAATAGAACCAATTATCCAAAATTTCTGGAAAATAGAAATTAGTTATGCAAAAAATTACGGAAGACACTATGAAATAAGAGATCCTAAAAATTTATTAACATTCTCGTAATATGGCTGTTGCTCGATGGCGCCTTCACCAAGACAAGTTAATAATCCACAAGCACCTGCAAACTTAATGCAATCTTCTATCTCTTGTTCATTTGAAGGATAACCAGAAGAAATTAATTTTGAAATTAACCCAGCTAAAAAAGCATCTCCTGCTCCAGTTGTATCAACAATTTCTTGCGAAGAAGGAGTTTCGGTAATTCCCTGCAAACCATTTATGTACCATGTAACAGGATTTTTTCCATCAGTTATTATTACATCTGGTCTATTAGACAATTGTTGAGATATTAGGAAGGGATTTTCATCCTCAA
NZ_CP138975.1_gap30	1355361	1356310	949	CGGTTGTAATGAAAGGGGAGGACATTAGGGCTGGATCCAATTTCATTTTGTCAAACAACAAAGGGAGAATCGCTCCAGTTGTAGCAGCTAAAGTTGTTATGGATATCAAACTTATTCCCACTGCAGAGGCGATTAGAGGCCCTTCTCCTTGCCACCAAGCAAAGGGAAATACTACAAGCATCATGAAAACACCTAAAAGAGCGCCGGTTATTGCTTCTTTAACTACTGCCCTAATAGCACCAAGAGACTTCAATTTTTGAGTACTTAAACCTCTAATGACAACAGTTGAACTTTGAGCACCAACATTTCCCCCAGTACCTATAAGTAGTGGAATAAATGCAGCTAATAAAACTATTTCTTTTAATATTTGATCATTCATAGCTATAACTTTTGTCGTTAAACCATTTGCTAAAACCAAAATTAACAACCATAAAATTCTTCTTCGGGCAATCGTAAACAAACTACTTTGGAAATAATCATCTTCATCTCCAGGTTGTACTGCCCCCGCTGCATAAATGTCTCTTGTTGCTTCTTGTTCTATGACATCAATTAAATCATCAACAGTTACAATCCCAACTAGTCTTTTTTCTTTATCAACAACTGGCAGAGCTAAAAAATCATATCTTTGTATTGCTCTCGCAACCTCTTCTTGATTCGTATTAGTTGAAATATTAACTACATCTCTTGTCATAACGTCACCAATTGGCCTAGAAGGATCTGCAGTTACAAGGTCTCTTAAAGAAAGGATACCAGTTAAATGTCTTTCTTTGTCCGTGACATATAAGCTATAAATAGTTTCAGTAAATGGGGCTCTTTTTCTCACTAAAGAAAGAGCCTCAGCTGCTGTTTGCATCTCTTTAAGGTCTATAAATTCAGTCGTCATTAATCTTCCGGCAGTTTCAGGCTCATATCCAAGTAATTCAGCTGTTACTTTCCTTTCTCCAGGACT
NZ_CP138975.1_gap31	1405656	1408311	2655	GGCTCAATAACTTTGAAGGAACTCTTAAAAAGACCAGATTTTCATTATTCAGATCTAATTAAATATAATTTGACTGAAAAAAATCTAGGTTCTTCAATACAGGAAGGTGTTGAAATAGATATTAAATACGAGGGTTATCTAAAAAGGCAAAAAAACAACATTGAACAAATAAATCGTCAAAGCTGTAAATCTCTGCCTCAAGAAATAAATTATGAAAAGATAGAAACATTATCTTTAGAAGCTAGAGAAAATTTGAATAAAATAAAGCCAAAAAATTTTGGTGATGCCTCAAAAATTCCTGGAGTAAGCAAAGCTGATTTAACTGCATTACTTGTTTGGCTAAAAATAAGAGAAATAAAAAAAGAAAAGGCAAATATTTTTATCGAAAAAAAGTTATCATCTAAAAAGCATTCCGTCTGAGCACTGAATAATAAACTTTTTAACTCACCAAATATCTTATGGGAAGAAAAAGCCTCTACTTTTTTAGTGAAAAATTCACTACCAAAAATATCTGGTCCATGGAAATTAATGTTGCTTGGGGATGGAAGTCCAACTAGACATTTACAACTTTTAACTAATCAAGAGACAAAAATTAAGTTAATTTCAATGCGAGTTGATCCTCTTTTCATTGAAGAAGGTCCTAAAGAATTAAATCAATTAAATGGACCTTTAATTAGAAGACAAGTATGGATTAAAAACAATAATAAAAACCTAGCATGGGCTGAAAGTTGGTGGAATGCAGAACAAGTTAATGAAAATTTAAAAGCCAAAGAAGAACCAATCTGGAAAAATTTAACACAAGACAGATCAGAATTGTTTAGAGAAGTTGACCGAATTTCACTTGTTAATTCAAATTGGTTAGAAGATCAATTTTGTTGTAAAGGCCCATTCTGGTCAAGAAATTATAGATTTTTCCGAGACAAAAAACCCTTAACAATTATCAGAGAAGTCTTCAATCCACATTTAGAAACTTTATTAGGCTATTCAGGAATTAAAGAATTTACAAAACTATACTCTTCTTCTTCTTGATCTGGGAAGATTTCTTGATTTTGATTGAACTTGTTGAATTGATGGATCTCTCGAAGTATTATTCTCATTTTCTGAAGCTCTTTGCCATCTTTCAACTTTGAAATCCATTTCATCTGGCCAATCTTCGTCCTTACTCTCTTTCACATAAGGTAATTTTTTTTGGTCAGTTGTCTTTAAATTTTTTGGTTGCCTTAAAGATATTGCTTCTAAAGGTCTTTTTGAATGCTGTGTAGATGATTCATAAGAATTTGAATCTCTTGAAAATGTCTTAATATCGCCTTGATCATCGTAAAAATTCTCATCATTCCAATCATCATTTTCTTCATCAAAAAATAAATCCACTTTTTCAGATACCCATCTTCCTACTCTTTTAACACTCTTACTTGTTATTCCTTGAAAATCTGAGTTCCTTCTTTTACCTGGCCTAGCACCAGATACTCCATCAACGAATTGTCTTCCAGTTTCAAAAATTTTATCAACTTGTTTATCAACAATATTTCTATCAAAACTATTTCTAAGATTTCTAATTTTCCTTGAATCCATAAATTATTGTTCTTTTTAAAATATAAATTACATTAAAAAAATAAATAATTCCAAAGATAGAAACAAAAACACATCTAATTATTTCTAATCAAACAAAATTAAACACTTTTTATTCCATGATCCATTAAAGAAATTTACACAACATTTTTTACAGGCTATATTCTTTATTCTTTTTCTATAAAAAAATTTCTCACCACAATTTTGACAAGTTCCTATATATTTTAATTCTCTCCTTTCTATAGGAAATGAGTGCCTTACAGAAATTTGAAAATTCTTCTCTTTCTCATTAATTTGATTCATCTTTTCTAGGAAATTTGGACCATGTATCTCATTTTTCTTTAATATCCTATCTACCCATGCATGAATCATTTCATGACACAAAGTACTATTTATTTCACTAGTGGATAATTTACTCAAGATAGGTTTCGATAAGATAATTTCAGAATCTATAAAACCATTAATACGTTTTCTTTTATAAAAACCAGCAGTAGTTTTTAATCTATTATCACTCCATCTAACTTTTACTAAAGGGTGATTATTAACCGTTAAAGAATTTTCAAAATATTGGCTATTGAATCTATGGAATAAGGGTAAAAGAGGAATTACCGGCATTATGGATTAAAATTAGTATTATTTTGACAAAAAAAGCCATCAAAAACGATTTCTTTTCTTAAAGTAATAAAAAACTTAAATTAACATGGATGCAACACTAGTTAAAGATATCGGAATTAAATCATTATTAGTTGGCGGAGCTGTACTAGTTTCTTTTTGGACTTTTAATGCAGTCAAATTAGTTATAAGCGCCAGAGGAATTAATCCATTAGTAAGAAAGTTTTTCGATCAAATAGCCGCTGGCAGAATTGATGCAGCTTATGGTTTGACTACAAAAACTTATAAAACTCATGTAAAACGACAAGACTTTCTTAAATTTTTAGCTAGTCTTAATCTCAATAAATACAGAAATTTAAAATCAGGAAGGCCTAGAGTCCAAGAAGATCAAATCATAATAACTTTGAATTTAAAATCAGAAGATAAACAAGATGAGCTCCCATTAGATTTTACTTTTGCAAAAACTGACAATGA
NZ_CP138975.1_gap32	1575521	1580174	4653	CAATCTAGAGAAAATTTGTATTCTCAAGCAGATTTAAGAATTCAAGTAAAAAAAGAAAATATTGAAGAAGTTGCTTTGAAAATAATTAATGCAATTAATAAAGAAATAATTAGTTAATCTGGTTCAATTCTTACTGCAAACCATTTGATAACGTATCCTAATTTTATTTCTAATTCATAAGTGCTTTCCAACAATTCTTCAAAAAATTCCTGATCAGGATCTTCTATATTTTGATATATTGTTTGTGTTTCTGTCTTACTAAGCCAATTCTTCAACCATAAAATTGCTTCTTGCTTAGATACAATTTTTTCTTTTGAATCTGGCTCTAATAATACATAATGATCTGATGCTCTTATTAGTGGATTTGACATAATGAAAATTCTTCTTGGATTAATTCTTTGCTTGATTTTTCAAGGAATTTTTTTAGAAAATTCTTTTGCTCTAGTAGATTCTAACGTAAGAGAGTTTTTGGAAAATCGTGTAAATCAATGGCCCGAATTATATTTACCAAGTTTTAAATTGTCGGATACTTCTAAGGATTTAATTTATCCTAAATGGTTCGAGGGGAATTGGCTTGTTACTTCTCAAGATATAGTTAATGATTCAGAAGAGCCAGTTATTTATAAAGTAAATTTCTTTAAGAATGATTCAGATTTAATTGTTGGTGATCGTGCAAAAAATTCTGAATCTATTGGAAAAGCAATATTTGGTGAAACCTTAATAAAGGTTGTAAATGATCCTCAATCTATTAATAATCAAATTACTTATTTAAAAGATGATTTTTATATTGATTCACGAATTACTGGGAGAAATCAGATCCAAGATGATGATATTTTTTTCGCAGATGAGCTAATTATTCAAACAGCACATAAGCCAGGTGCTTCAAGGATTAATCAGGTAGAGACCATAACTAAATTTCAAAAATGTTCCGAAGAAATATTGGAAGTTGATAATTCAATCAAACCATCAATTTGTGGAGTGCAATATGTAGCTTCTTATGGTTCAAAAGTTGGTGATCCTTCTATTCGTGCTATAAAAACAAATAAATATAAATTGAAGTTTGAATTTATTGAGAGTTAGCACTAAAAAGGTATTCTTCTAAGTTGTTTCTCCAAATGAAAAGATTTTCTAAGTAAGGGTTGTTTATGTATTCTTGGCTTCCCTCTCCTGAAAGAATTGGTCCTGCAGACTTTGGAAATTTTAGAAGGGATAATTGAGCAGCAATTGAAATATCTGCGATTGATAAACTATCTCCAACTAAATATTTCTTGTTGATCAAGGATTTTGATAAAGCTTCTAGTAATTTTTGGAGTTCTAAATTATCTTTAGAAGACAAAACTACATTAGAAATTTTGCTAAGATTTTTAAAAGGTAATTTATCAACAATACTTTTAACTGAAGAAGGTATTTCATCTGGAAGTAATGCAGTCCTTAGTTGTGGATTTTCAATTGCAGATTTTATTAAAGCTTTTCTACAAGTTGTAGCCATTGTAGTATCTGCCCAGTCTTCAATTAGTTTGCATTGTGCAAATAATATTGGATCCTCCGGAAAGAGTGGATTGTTTTCATTTTTTTTATCTAAATATTCACAAATAGTTGAAGAGTCATTAATAATTTGATCATTACTATCGACGATTATAGGTACTTGTTTTTGACCTGATAATTTAAAGATTTCAAATTGGCCTATTCCAGGTGTTACTTCTTCAACTCGATATTGTAGTTTTTTTGCATGAAGAGCCATTCTTGTTTTTAAACAAAAAGCACTATGCCTAAATTGATATAATGTAATCATGCTGTTTAATGTTTGTTAAAACTTAGCTAAAAAAGTAATCTATTTGTGGAGCTGATGGGCGAATTTTTCTCTAATGTTGCGAGATATCCAAAGTATTTGATATCTATCATTATTGGGGGACTTGTTGCTTTGCTTGAACCTTTATTCAAGAATAGATCAAATCCACTCACAATAGTAGGGTTGATATCTTCTGTCTTAAGTGCTTTCATAACTGTTTATTTTGTCTTGCAAGCGATGACAAACCCAATAAATTTACAACCATAATGCCAAATAATTACCGTCTTGCAAAAGTTTCTTCTCTTTTGAAGAAAGAAATAACCCTTATTTTGCAGAATGATTTGGAAAATGATCTCATTAGAGATCATTTCGTCAATATTTCTAAGATTGACTTATCAGGTGATTTGCAACACTGTAAAATTTACATAACTTCAACTGCTGAAGAGAAAGTCAGGAAAGAGATTGTGGAAAACTTGAATACTGCTAAAAGCTCTATAAGGCATAGTTTAGGAAAAAGAATTGAGATGAGAAGAGTTCCAGAGATAATTTTTAAAGACGATGTTGTTCTTGATAAAGGATTATCAGTCTTGAAACTTCTTGATGAATTAAAAAATAAAAATCAAAATAATAATGTTGAGGAAAAGGATGCCAAAAGTTAATCTACCCCTTGATCAAAGAAATATAATAATTACTCGATCAAAAGAAGGGATATTGGATATAAAAAAGATTTTCACAAGCAAGGGCGCTAATGTATTTGATTTGCCTGCAATAAGTATTGGTGATCCTGATGATTTGAATCCTCTTGACGAAGCATTAAATCAAATAAATGATTTTCATTGGATTATTTTTTCCAGTAGTAATGGGATTAAATTTGTAGATAAAAGACTTAGATACTTTAATAGTTCATTAAAAGAATGTTCTAAAAAAACAAAAATAGCCGTAGTCGGAGAAAAAACCTCTAAAACTCTTGATGATTTTGGGATTAAGGCTGATTTCATACCTCCAGAATTTGTTGCTGAAAGTTTAATTGATAATTTCCCAGTATCTGGTTATGGACTTCGAGTTTTTGTACCAAGAGTTCAGACAGGTGGTAGGGATCTAATTGCAGATCAATTTAGAATGGCTGGTGCTCGTGTATTTGAGGTTGCTGCATATGAAACTAGATGTCCTGACTCAATTCCGGAAGAAACAATTGATATTATTTCTAATCGAAAAGTAGATGCAATTATTTTCTCAAGCGGTAAAACCGTAGTAAATGCTGCTTTTTTACTAGAAAAAAAACTTGGTAAACAATGGTTAGATTATTTTGATCAGATTAAGTTGTTATCTATTGGACCTCAGACAACAAAAATATGTAACAAGATTTTTGGAAGAGTTGATAGTCAGGCACAAAAATATACCTTTGAAGGACTGCTAGATCTGGCAATTAATATTTTTAGTTAGAAAATTTTTTTGAATAGTTCTTTTCAACTAAATCTTTGAACCTATCAATATTGGCCTGTAATTCGTTTGTTACCATTTTGCCTAATATATTTTCTTCCATAAACCGTGCGATCATTTTAGGTAGCTCATAAGTTATTGCTAAATTTACCGTTGTGATTTGATCAGTTTTACTTTCGAAAACTACTGATCCCTCAGTTGGTAAACCTCCTATTGATTTCCATTTAAGTTTGCTTTTTTCAACCCTTTCTGTAATTTGAGCTTTCCATTTAAATCTAAAGCCATTTGCAGCTAAAGTCCATTCTGTTAAATCTGGTAACGTATTAGTTTCTTCGTCAACTGTTTTTACAGATTCAATCCAGCTCATCCAAAGTGACATTGAGTCCAAATCGCTCCATGTGTCCCATACATTTTCAAGAGGCGCATTAACAACTGTTATTACGTCATGTTTTAGCCAAGTACCCATTAATTAACTTACTGCAAGATTTTTTGCTAATTCGGCTTTCTTCTCTAAAATTGCAGCGGCAGCTAAATGACCACTCATTGTGGCTCCCTCCATAGAGTCTATATAATCTTGTTTTGTATAACTACCAGCCATGAAGAAATTAGATATAGATGTTTTTTGATCGGGTCTGAAAGGTTCCATACCTGGAGCTTCTCTATAGAGTGATTGTGGAATTTGTACCACGTTACTCCAAAGCAATTTAAGGTTTTTTGAGGATGGGAATAGACGGCGAACTTCTTTATCAATTTCTTTTGTAATTCTTTCTGTGGATCTTCCCATCCATCTATCGCCAGGAGTTAAAACACATTGGAGAAGCGATCCCATATCTTTTTTTCTATAGTCTGCTGGACTTGCTAGTGCTAAATCAGCAAAACAACTGAAAGAGGCATCAGCAGAATAAAGAAGGTTATCTAGTCCAATTGGTTTGTTTCCAGTATTATCTTTTTGTAATTCAGTAACCCAACCGTCATATCTTAATTGGATTGTGGCAACAGCTACAGCTCTAAGTTTTTTTAAACCTTCAAATTCTTTAAATTGATACCATTCCTTGGGAATTATTTTTTTTATTCCAGGAACATCACAGGCAGCTAGAAATTTATCTGCAAATACTGTTTTAATTCCTTCAGGAGAAGATATTTTTAATTGATTTACTGAATAAGAGGAAGATTCCTTTTCAAAAATGATTTCTTCTACCTTATGGTTAAGATGTATTTCTGCTCCTTTGCTTGTTATGTAGTCCACGATAGGTTGAGTTAACCACTTATGTGGGGAACCTTTTAAAAGATTAAGTTTTGAAGCTTCTGTTTTTGAAGCAAACATCATGAATATAGTTAGCATGCATCTTGCTGAAATATCTTTGCAATTAATAAAACCTAATGCATACGCGATAGGATCCCACATTCTTTCTAAACTTTTTTCA
NZ_CP138975.1_gap33	1585059	1588412	3353	TAGATTCAAACATTGCTGTTGATAAATATCTTTCACCAAAACTTGGAAGAATAACTATCAATCTTTTGTTAGTTAGTTCTTTCCTTTCACCGATTTTAATAGTTGCTGCTAGAGCTGCACCGCTACTTATGCCAGATAAAAGGCCTTCCAATCGAGCTAATAAACGCCCATAATAAAATGCTTCATCGTCATCTATTTTTATAATTTCATCAATTAATTTAGTATCCAGTACTTTCGGCACGAAACCTGCTCCTATTCCTTGAATCGAATGAGATCCAGCTTTTTCTCCAGAAATCACAGCACTTTTTTGGGGCTCTACAGCATAAATTTTGCAATTTGGATTAACTTTTTTCAGGAAACGTGCGCAACCCGTGATTGTTCCTCCTGTTCCTACTCCTGTAACGAGTCCATCTAAATTGTTATTGGATTGAGACCATATTTCTTGTGCCGTTGTTCTTTCATGAATATCCGGATTAGCAAAGTTTTCAAATTGATTAAATTGATAGCTATTTGCAATGGTTGAAGACAACTCATTAGCTAAATCTAAAGCTCCTTTCATTCCTTCTTTCCCAGGCGTTAACTGTAATTCAGCTCCATATGCTCTCAACATTGCCCTCCTCTCAATACTCATCGTATCCGGCATAGTTAATATCAATTTATAGCCTTTTGCTGCAGCAACCATTGCTAATGCGATGCCCGTATTACCACTTGTAGCTTCAATCAATGTTGTTTTATCTGGTTTTATCAAACCGTCTTCTTCTGCTTTGCATAACATTGAATAAGCGATGCGATCCTTCACGGACGCTGATGGATTGAAACTTTCTAATTTGGCTATTATTTCTGGATAGCAATTAAAATGATTTCTAATTCGATTTAATCTAACTAATGGGGTATTTCCAACAAGAGAAGTTATATCATTTGCTATTTCCATGAAATGATTTTTTAAATTTAAAAATACAATCTTCTAAATACATGATAAATGTATTTGTAGATCTTTTATAAAATTTTCTCAAAAGAATTTAATTAAAAATAACTTTCTGCCTAAAAAAATTTACTATTATAAAAGGTAGTTTTTATAATTATTATGTATTCTCTGGAACTAAGTCTGAGATATTCGCCTTTTCCACTTTCAATTCAGAAGAAAGAATTTGATGATGTTAAAAGAATTTATGATGAAATAAAAACTGCTATGAATGAAACTTTAGAATCCTCAAACTTGATCGAATTAAGTTGTGACAAAGTGCAAGATAAATTAATTACTGTAAGAGCTAAAGAAATCATTTCTGTACAGATATATGAAAAATCTTCAGTAGCAGGAGGAGCTAAAAGACCAGGTTTTTCTCTAGATATAGATTGATAAAATTAATGCGAGATTCCCTTGAAAGTGAAATACCTCATATTAAATTTAAAGATGTTTCTTTTTCATATCCTGGAGAGAAAGAAAATTTAATTTTTCAATGTAACTTTTCAATAAAAAAACCTGGATTTTGGATGGTCGTTGGTAAAAACGGAAGCGGAAAAAGTACTCTTTTAAAATTAATTAATGGAATAATCAAACCCCAAAATGGTGCAATTGATTCCAATGCTAATGTTGGCATGGTGTTTCAAAACCCTGACCATCAAATATTGATGCCAAATTGTAGGAGTGAACTTCTGATTAATATTAATCAGAATATAAGTCAAAATGAAATTAATAAAAAAATTGAATATGTGCTTGATCAGGTAGGAATGACTGGTTTTGAAAAAAGGCCAGTTCATACTTTGAGCGGTGGACAAAAACAACGCTTAACTATTGCATGCGCTCTGATTAGTAATAGAAATTTTATTCTTTTAGATGAGCCTACAGCGTTACTTGATCAAACCAGCCAATTAAAAGTTTTACAAACTATTAAAAATCTTACAAGTGACCATATAAAACCTTTATCAGCTTTGTGGATTACTCATCGTTATGAAGAATTAACTTATGCTGATGCAGTAGCAGAGTTGAAAAATGGATTTTTATCTAGCTGGCAAGAACCATCAAAATTTCAATATAATTAACTTTTGTACTTGTCATAAGGTACTTTAAAGAGCTAAATTCATTCTATATTCCTCGGTAGCTCAGCGGTAGAGCGATCGACTGTTAATCGATTGGTCGCAGGTTCGAATCCCGCCCGGGGAGTTTTAAAGTCTCGAAAAGTCATACAAAGTCACCCTTAGGTGACTTTTTTTATGTCAGTCAATCAGTTATAAGAGAAAAATGTCTAGACGAATGGTGACATTGTAGTGCAATTCTATTAGTCCAGTATTCGTCTTTTTATTCGTCTTTTGGTGAAAATATTCGTCCATATTTTTATCACTAATAAGACATAAAAAAAGACCCCTATTTCTAGAGATCTTTTTCTGGTTTTACTAAATGAAGTGTTTCCTTGTTTCCACTGTTTCAGTAAAACCTCTCCTACACACATCTATAACTTATTACGCATATTTCTTTTTTGTTAAAGGGGTTTGGTAATGTTACTTATTCGACACATATACCAGTTATACCTTTTACGACTTAGTTGCATTAAAAAACACCCTAATTTAGAGAAAAGGGTGTTTGGTTATCAGAAATTAGTGTGTGAGGAGTTTCTGATGTATATAACTTACTGGAACAATGGCACAAATATCTACAGTATTAATTCCTATTAATACTAATTTGTTCTTTTTTACATTGACGGGATAATTAAAAATAAACAATTAACTATTTTGAAAGAGACTGCTAAAGAAGTTGGGAAAAAATTATTAGAAATTGTGAGATTTATATTCTTTATTCCTGCAGGATTTTTGGCAGGAACTTTAGTCAAATTTCCGTTGCTACTACTTGCAAGAATACAAGAATCAATGTTTGGTTTAAAGATGGACAGTTGGGGAACTCATCTATGGCAAACATTGATATTTTATGTCGTATGTTTTCTTGCTTCTATCTATGTAAAACCTAAGTTTTTAAAATCCAAATACTTTATACTCGCTTGGTCAGTTCTCCTTGGTTTCAATGCATTCATCTTTATGAGTGCTTTGCCAAATCCTCCTTATTCAACACCAATCAAAATTATTATTGATGCTTTTGCTCCTATTGGAGTTTTAATTTATCTAATAGTAGATAAACAAAATGATTTTTTGAAATTAAGTAAAACAAATAATTCACCTAAAGAATGAAAAAAATATTTTTAATAAGTCTATTTTTTGCTTTATTGTTTCCTGCTAATGCAGAGCAATATCAAAGGCACAAATATACCTGCCCAGAATCGCAAGGTGAATGTTCTGAAGGAGAAAAAGCAGCAATTAAATTAGTTAATGAAACTTACTGGGAGATGCTTACAGAAAGAATTAAA
NZ_CP138975.1_gap34	1614867	1616157	1290	TGGAGAATTAATAGGCGATGCTTTGGGATCAGCAGGAGGATTAAAAAAAATTCAGGATTTTCAAAGTTTTTTTGATGAAACTTTTGTTGTTTTATGTGGTGATGCTTTAGTTGATTTAGATTTAACTCAAGCTGTTAAAAAACATAAACAGAAAGGAGCTATTGCCAGCTTGATAACAAAGAAAGTAACTAAAGATCAAGTATCAAGTTATGGTGTAGTAGTTTCTGATGAAAATGGAAGAATAAAGGCTTTTCAGGAAAAGCCAACAGTTGATCAAGCTTTAAGTGATTCTATAAATACAGGAATTTATCTTTTCGAACCCGAAATTTTTAATTACATACCTTCAGCAGAGAAATTTGATATTGGAGCTGATCTTTTTCCTAAACTTGTTGAAATGGATTTACCATTTTTTGCATTACCAATGGATTTTGAATGGGTAGATATTGGGAAAGTTCCTGATTATTGGAGTGCTATTAGAAATGTATTGCAAGGCAAGGTAAGACAAGTACAAATACCAGGTAAGGAAATAAAACCAGGAGTTTTTACTGGTTTAAATGTAGCGGCTAACTGGGAAAAGATTAATATTACTGGGCCTGTTTACATAGGAGGAATGACTAGGATCGAGGATGGAGCAACTATTATTGGCCCCTCCATGATTGGACCAAGTTGTTGCATTTGCGAGGGAGCAACTATAGATAACTCAATTATTTTTGATTATTCTAAAATTGGTAAAGGTGTAAGACTTATGGATAAGTTAGTGTTTGGTAAATATTGTGTTGGGAAAAACGGAGATCATTTTGATTTGCAAGATGCATCTTTAGATTGGTTAATTGCAGATTCAAGAAGATCTGATTTGACTGAGCCATCGCCTCAGCAGAAAGCTATGGCAGAATTATTAGGTACTGATTTGATTAATATTCCAGACTAATATCAGCTTTTTCAAGAATATCAGGAATTAAATGCTCTGCTTTTACGGCCATTATATGAACACCATCTGCGATATTAATAAAATCATGAGCTTGTTCTGCTGCAATTTTAATACCCTCTTGTAAAGGGTTTTTAGCATTTTTAAGACGATTTAAGATGTTTTCAGGGATGTTTGCGCCTGGAACGTATTTGTTTATAAAGAGAGCGTTTTTGTAAGACTTTAATAGGAAAACACCGGCAATTACAGGAATTTCAAGAGGATTGCTAATTTGTTCACAAAAATCTATCAAATTTTGTCTTTCCATAACCATTTGAGTTTGTACAAATCCAGCTCCAGCCTCTTTTTTTTTTCGCATTCTATTT
NZ_CP138975.1_gap35	1641276	1641776	500	CATGGTAAGACATCCAAAATATTTCATAATCAAAAAGGATTGTTTAAAGATATCGAGACACCATTTGTGGCTACTAGATACCATAGTCTTATAGTTGATTCAAGTTCTTTACCATCATGTTTCGACATAACTGCGACTTTAGAAGACTCAACAATTATGGCTATATCTCATAAAGAATATAAACATTTACATGGAGTACAGTTCCATCCTGAAAGTGTGTTGACGCAATTTGGTCATAAATTAATTAGTAATTTTCTAAAAATGGCTGAACAAAAGTAAAATAAAAAAAAATTAATATTATGATTTCTCAAATTAAAAACTTTTTATTTTTGATATTAGTTAGCTGTTTTTTACCTACCTCATTATTGGCAAGGAATTTAGGAATAAAAAGTTTGGGACATAGTAGTTTTTTAATTACTAGTGCAGATAAATCTATTCTTATAAATCCCTTTAAAGCAATAGGTTGTACAAGTGATTTAAAGGAGCCAAAAGAAGTCAAC
