gap_id	start	end	length	sequence
NZ_CP077182.1_gap1	4596	5098	502	AGGAATAAAAATAGAAAGATATCAAACTGCTACACCTCCAAGATTGGATAAAAAAACAATTGATTTTTCTCAATTAGAAGAATTAAAGGGGGAGGAACACCCAAGATATTTTTCACTTTTTACTAAAAAAGAAAAAAATAATACTGTTCCAACTTGGCTTACTTATACTTCGGAAGAAACTATTGAAGTTGTTAGAGAAATGATGAAATTTTCTCCAATAGTTAGTGGAATGGTAAATACTCATGGACCTAGACATTGTCCATCAATAGATAGAAAAGTTTTAAATTTTCCTGATAAGTCAAAACATCAAATATTTTTAGAAATGGAATCTGAAAATTCAGATGAAATCTATGTAAATGGGCTTACAACGGCTATGCCAGCCTTTGTTCAAGAAAAGATTTTAAAAACTATTAAAGGTTTGGAAAATGCTAAAATAATGAGACATGGTTATGCAGTTGAATATGATTATGCACCTGCAAGTCAACTTTATCCAAGTTTAGAA
NZ_CP077182.1_gap2	7370	11110	3740	AATTATCCCAATATATATTATCTAAATCATAGTGAGGAATATTATATTTATTTGATAATTTCTTTGCAAGATAAGTTTTACCTGTACCACTACAACCAATAATATGAATTTTCAAGGAAATATCCTCCTAAAATTTTATTTTTGTTCATAAGAATATACATTAATAAGTATAGCAATATTTTTTTAAAAATACAATTATAATTTATAATATTTAATATTTTATGATATAATTTATCAGTAGTAAATAATAGAAGTTGAGGGAAAGATATGGGATTGATAACAAATTTTTTATCTATAATTATTGGTGGAATTTTAGGATTGACAATAGGAAAAAAATTTAATGAAGATATAAAAAATATCATTGTAGATTGTGCTGGAATTTTTATTATGGTAATAGGTATTAAAAGTGCATTAGTTGCCCAAAAAGATATAATGATATTGATATATCTGATTATTGGGGCAGTGATAGGACAATTAATAAATATAGATAAGAGAATAAAAAATTTTAGTCAATTTCTTGAAGACAAATTTGTTAAAGAAAAGGATTCTTTAAATAATAAAAAATCTTTTGCAAAAGGTTTTTCAACAGCAACTATACTTTATTGTGTAGGAGCTATGGCAATTCTAGGTTCAATAAATAGTGGACTTACAAATGACAATACTATTTTGAATATAAAAGCTATATTAGATGGAGTTATATCAATAGTTTTGACTTCTATATATGGAATAGGTGTTATTTTTTCTGCTATTTCTGTAACTATTTATCAGGGAATATTTTATCTTTTTGCAAGTCAAATTAAAGATTATTTAAATCCACAAGCAATATCAGAATTGAATGCAGTTGGAGGAGTGTTAGTTCTTGCAATAGGAATAAATATGACATTTAAAAAAGATATAAAAACTGCAAATATGTTACCTGCAATTTTTATACCTTTATTGGTTTCAATTTTTTCTTAGAATATATAAATATACAGAGCTAAATTTTCATTAGTAAGTTTATTATAAAATTCTTTAAGCTCATTAAATTCATTAGTTGTTGCTTTAACATCAAAAATATATTCTTCTTCCTCCATAGAAGAATAGAATTTTCTAATAGTTTTTATCCCTAAATAAGAAAAATCTTCTCCTTTGAAATTTTTACCTGTTATTTCTTCAATACTTCCTATTTTTTTAAAATAATCTTTTATATCAATCTTATTTAAAAAATTAGCTATTTCTTTAACTTTTTCTTTACAGCTACAATAGGAATAAATATCCTCAGGAGCAAAGCTAACAGTAACCTCACCTAAAAGAGCTTCTGTAAAAATATCTCTTTCATTTTTTCCTTGAAAGTCTACTTCTTCTAATTCTTTTCCTCCTGTGTATAGATAGTAAAAATCTTTTGCAGAAAAAACTCTTGTTGTATACGAAGGTTCTAATTTAGAAAAATCTACATCAAAGTTCTCATCAAGAATTTTTGGAATTTCTTCTTCTTTAATACCATAGTAACATAAGTCCATACCCATACTAAAACCCCCTAGCTTTTTTCTTAATTATAGCACAAATAAATATACTTTACTTAAATATAAAAATACGATATTTTATATTTAAGGAGGATAAAAATGTTAGATAAATATGAAAATTTAATAAAATTATATTATAAAAAGAATAGAAAATCCATCTACATTTATTACAGATTTAAAAATTAATCCTATAAAAAGAGGAAATAAGATTTTTGAAAAAGAATACAATCTATTCTATGTGAATTTAATGGAACATACTTTATTACAACAAGAAATTTTTGAGAATAGTAATAAAATTCTTTCTCTTTCAGATCCGAATGAATTTCCTCTAATAGCTATAAAAGAAATTGTTAATAAAATTTTGTCCAATGAGTTATATAAAACTAATAAAATTGAAGGTATAGAAAGTAGTAAAAGTCAAATATATTCTTCATTAAAAGAGAATGGAAAATCTAATAAAAAAGCAAATAAATTGGAGGGGATTATTAAAAAATATAAGGATATAATGGAAAAAAATTTTAAAGATACTCAACATATAGATAAACTTGCTAGTTTTAGAAAGATATATAGTGAGATGTTTGAAGACTTTGAAAAAAGTGGAAATTATAAATTAGATGGAAAATATTTTAGAAAAGATACAGTAAAAATTATTAACAGTGTAGGGAAAACTATACATATAGGCATTGATGGAGAAGAAGCAATAGAAAAAAATATGGAAGATTTAATTCAGTTTATGAATAGAAAAGATATTCCATTTTTAGTAAAAGCTAGTATTAGTCATTTTTTCTTTGAATATATACATCCTTTCTATGATGGAAATGGAAGATTTGGAAGATATCTATTATCATCATATTTAGCAAGAAAACTAGATATTTTAACAGCTTTTTCACTTTCTTATTCAATATCAAAAAATTTAGATGATTACTATAAATCTTTTGTTGAAGTTGAAGATGTAAATAACTATGGAGAAATAACATTTTTTGTTGAAAATATTTTAAAAACTATAAAAAATGGGCAAGAAATGATAATAGAATTATTAAATGACAGTATTATAAGATTTAATCATTCAATGGAAATTTTAAATGAAATATCAAAAAATTTATCTGAAAAAGAAAATATAATGTTACAAATATATTTACAAAATTATTTATTTAACGATTATGGTGAAATTACTAATATTGAATTAACAGATATTATAGGTGGTTCAACTCAACAAACTATAAATAAATATACAGAAGAATTAGAAAAGAAGGGATATTTGATTAAAATAAAACAAAGACCTTTGACTTATACTTTATCTAATAAAATAACTGATAAAATATAAAAGTAACTGTATTTATGTATAAGCTAATTAATAATGTTATTATCAAAAAGTTTTTCTAAAATTTGTAAATTAGTAAATTTTAGAGTATAATACATTTAAAATATTAGAAATATAAAAAAAAGTAAAGATAAATTAGTAAAATAAAGTGATAAAGAGGTGAGAAAGTATGTCAACATTAACTATAAATTTCAATGATATGATTGAAAAAATGATTGGAAATAATGAAGAACTTAGAATAAAAGGTGAAACTAGAAGCAAAGATTTAGTAGTTTTAAATGCCGATAAATATGATAAATTATTAACAGAATTAAATAATCTTATGTACATACAAAAAATACTAAAAAGAGCTGAGGAAACAAGTGCAGAATATCATACATTTGAAGAAATGGAAAAAATGATAGAGGAGATAAAATAGTGAAAGATAGTATTTTATGGCATCCAAATGAACATAGATTAGTATATGATGTTTTTGATGATACAGTTAGGGTTTTGAGTTGTAAAGGACATTATAAAGATAAAAACTTTGATGAGTATTAATAAAAAGAAAGTTGAAAAAAGACTTTCTTTTTATTTTGCAATAAAAAATAATAGAAATATCTTGTAATAATTGATATAATTAAAATTAGAGTAAATTAGGAGAGGATATGGAAAAGAAATTTAGGGGGGAAATCCCATTTTGGTTGAAGAATAAAAAAAATAATCTTGTGTATATCTGTTCATCTAACAGAAATATAGATGATTATTTTTTTGTGTTAAAAGATTTTTACAAAGGAAAAATTCTTAGAATAAAAAAAGAAAATGAAGCTGGGGAATTAAAAAAATATAATTATGATTTATTAGAACTTATAGACTCAAATGAAAAATTTATAATTCTTATTTCCTTGGATTATTTTTTAGAGGATTACTATTCAGAA
NZ_CP077182.1_gap3	17315	20519	3204	GTTCCCCAACCAAAAGTTCCAAAAAGATAAACTTTTTTATCTTTAAATTTTTCTGCATTTCTTTTCATAAAAGGTTGAAAATAGTTTTTTTCAATTTCTTCTGTTTGGTTTGCTGGAGAAGCTAAAGCTAAAATTTCACAATCAAAAGCTTCATTATCATCTTTTAATTCAACAACACTATAAGATTTGAAAGGAACATCAGTCTCTTGAAGTCCTTTTTCAAAAGCCTTAACCATTCTTAAAGTATTCCCTGTAAAACTATAATAGACAATATTTACCTTATTCATTTTTTACCACCTTAATTTAATTTATTCATTCTATTATTCTATTTTAGCACTAAATGAAAAATTTTCAATAGACATTTAATAATATTATTGAAAATTATGATAAATTAGATTATAATAATTCAAACTATAATTAAGAGGTGAAATAATGAGAAGAAAGGATAGAGAAGTTTTAGATGAAATAAAAATTGATGAATTTATAAGAAATTGTGATTGTTGTAGAATAGGTTTTTATGATAAAGAAAATGATGAAGTCTATATTGTTCCATTAAATTTTGGATATTCTAATATGGATAATAAAAGAATTTTCTATTTTCATGGGGCAAAAGAAGGAAGAAAAATAGATTTAATTTCAAAGAGTACAAAAGTTACATTTGAAATGGACACTAATCATGAGCTTATAGTAGGAAAAATGGCTTGTAATTATTCTGAAAGATATCAATCTGTTATGGGAATAGGTATAATTTCATTTGTAGAAGATAAAGAGGAAAAAGCTAAGGCTTTAAATGAAATTATGTTTCAAAGTACAGGGGAAAAAGATTGGGAATTTCCAGAACCTATGCTCAATGGTGTTGTAGTGTTTAAGATAGAAGTTACAAGTATAAGTGTTAAGGAAAGACTATAAGTATATTTTTTAATTTTGAAATAATAAATCTCCAATAAAGAGGACAAAAATGTCCTCTTTTTTATTCCTCTATTTTAGTTATAATAACTCCTCTATCTAAACTCTTTAAATTTAAAGCTTTTAGATTTACTTTGTCATAAGAACCTTCAGTAATATTATATTTTGAATAATCTGACCATATTATCTTAGCTATTTTATCATATTCTTTTAATATTTTCTTTTGTTTTTTAGCATCATTTGTATCCGTGTAAGCCTTATCTAAGGCTATAATTTGTTTAATATAATTTTGAAAAGTTTTATCATCATTATTTGGAATATTATAATTGTTTTCTATTTTAGGTAAATTAGCTTTTGGATTTTCCATATCATAATTACCAACAGAAATAATATTGGACTTTTTAAAGTGGTAAACTTCTATTGCTTTTCCTTTAGTATAATCAGGCTCTTTGACCTCAGAAGGACTGTATATTTTAGTGAAAACATGAATATCCTCATCAGGATGAAGTTTCTTTGGCATACTTTCTTTAGTAACTTCTTCAAAAATATCATATTCCCAAGCTATATAATTTTTGTCTATTATGAAATCATCAAATGTAGGAAGAACAGTATCTTCTGGTTCTCTCCAGTCAACACTTATTCTTGGACTTTGGTAACGAAAATAATTTATAGTATAAGTTGCCCCAGTTGGATTGATAATACCTCCCTTAGAGTTAGCAAAAATCTTAAAATATACCTTTGTTCCATCTGATAGTTCTGCAATATGTTCTCCCATTTTTAAGTTTAAAACTTCATAAGTCTTTGGTTTCAATTTATATAACTTGCTATCTAAGGTTATCTCTATATTTTTATTAGTTGGATTATCTAAATAGAAAATATACTTATCACCAGTAGTAGCAAAAATATTATTAGAAATGAAAAATATAGAAACGAGTAATAATAAAATTTTTTTCATAAAATTCCTCCTAAAAAATAATCATTGTAATTATTATAATAATTTTTTATTGTAATTATAAATTAATTTATATTAAAAAGAAAATTTTAATCTTTTATCAATAATAAATTTTTTTTGTTTTGGATTTCCCTCACATCTATAAATAACTTTATTCTTTATATCAAAAATAGATGACCAAATTGTATCAAATTTCTTTGTTTTGTCATATTGACATATAAAGCCATTTTTTCCTTTTAATAATTCAAAAATATCAGATAAATTAAAACCTGTATAATTTTGTGAATTTAATGTTTTATACCTAAGATGAGAAAAAACATCATCTTCTCCAAGATATTTATACTTTAACATAGTTTGTTCAATGAAATGATTTGTCCTATATACAGCATTAGCTTCATTAATTTTAATAGTTTTATGAGAGCTATTTAATTCAGCTACTGCCAAATTTCTAAAACGATCAATTATGATAATATTTTGTGATGAACCAATTGGAACTTTATTTAAAAAATCAACTGCTTGTTGTGTAGTTTCACACTTTTCAAGTATATATCTAATCAAAAAACCTGCATTGAAACCATAGTTTTTGACTGTTGGATATACAAAAGTTAATCCACAAGCAAGACCTTTTTCATTTATTCCATCTTCTATTTGTATCATTGCTGTGGTATTTCCAATAAATGAAAAATTTGAATTTAATTTATAAAAAGTGCTATCAGAAACCTTTTTGATATCAACTAAAAAATCACTATTTCTAGCAAAAACTAAGCAATTTTTATTTGTTAATGCAAGCATTGAACAATAATTATTATAAGTAAAAATATACATAGTTACTAAAAAAGCAAATACTATTTTAAAATCTGTATGTTGTCCTTCAGCAAATCCTTTTATTTCTTCAATTATTTCAGGATAATATTCATTGTAAATATCAAAAACTTGCTCTGCATAATCTATTTTTTCTTTAGTTAAATAAGATTTGAAGTTAATAATAATATTATTTTTATATAATCTATCTCCATAGGTAAGTCCTGCTTCTCTATGGCTATTTTTCCATCTTGAATGATACATAATTTCCACCCCTTTAAAAAACTTTAACATAATAAAAAATTTTAGTCAAACTAATTTTAAAGATTGGCTGTTAATATAAAAAATAGCACCTACTGGCATAGGTGCTATTTTAGCCATTTATAAACTCATATTACTTATTTAAGTAATTTTAGCATAATTATATAAAAAAATCAAGTTTTATGATATAATAAAATGCCATTTTCCCCTCTAACATCCCTTTTTAAAGGAGGTGAAAGAGTGAAAAAACTTGTGTTACTTATTGTGATAGTTGTAATATTTTT
NZ_CP077182.1_gap4	22437	26374	3937	AGCAAGTTCCTTACTATTATCTTTTTCACTTGGATAACATGCTTTCAATAAATGGCTAAGTACTGATTTTTTAGTGTCATTTCCTCCCCAATAGTAAGAGGCTCTATCCAAAGTTTCTTTTCCTAAAGCTTGAAGTATTTGAACAAGATATTCTATACCTTCAATTCTATATATTCTGTTAAGTGATTTAGAGTATATAGTTGGACTATCTCCTCTTTTTAATTCATTTTTAACAAGATAATCAAGAATTTTTATACCTTCATTATAGATAATCTTCAATGCTTTGGTAAGCATAAATTGATTAAGAGTAGATAATCTCTTATTTTCTTTTTTATCTACTATACTTCTATAGTCATTCATATAAGTATCTAAGTTAGAGAAAATTACTCTATTTTCATCTTCGGCTTCATTATTTAATTCTAAAATATTTTTATAAATCAAATCCTTTTCAGCTATTTTTAAATTAACAGCTATTGCATAATTTCTAAGTCCTAAACTTTTTGTTCCTCCTGAAATTTCACAGCTTTTTAGGTTTTCATCAATATATTTATTGATTTTTTTATCTAGCTTATATCTAAGAATAAAGCTTTCAATAAAAGATTTCTCATCAGTATAGAAATCTAGGTAATCTATTATTGACTTAGCAAAAAGAGTATAAAGACCAGAATTAAGATTAAACATAGCAACACTATAGTAAGGATCATTATTATATTTTTCTCTTTTCTCAATAACATCCTTAATTTCAATATTTTCTAAGGCAGAACTAGTACACACTTTTCCTATTTCAAAAAGATATCTCTTATTTTCCTTAGAATATTCTGTGAAAAGCATATCTAAAATTTTCAATACAGGCCCTGAATAGAGGTCAATTGTATATACATATTTTAAGTTAGCTTTTTTAAACTTCTTTTTAAGCTCTGTTATATCTATACCAAAGACTTTTTGATATAAATCTTGATAGCCCTTTTCAGTAGCTTTGTTATAGCCATTATCATAATCAACTGATAGAGCTACATTAATTTGCCATAAAATAGAGAAATCTTTGATTTCCTTTTTATAGAACTCTCTCCAAACATCTTCTAATGGATAGTTAGTTAATTGTTCTCTATCTCTGTATGGAACATTGCTAACATCTTTTGTAATGTGAAATCTATCTCTAAGTAAAACATATTCTTTATTATAAAAACTCATATACTCATAATTTTCATTTTTTATATATAGTTCACTCAATTTTTTTATTATTTCAAATAATTCATCAGCAGTCTTAGAAAAAATTTTTTTAGGATTAAAAGTATTCTCAATTATATATTCACCTTTTTTATTTTTCTTAATTGTTTTAGAAAGTTTTGAAACTTCCTTGATTTCATAAGCTAATTCTAAGTCATATTCAGTGTTATATAATTTACTTAAAGTATCTTCACTTTCTTTTTTCTTTTTATCAGAAAGATTTTCTATTAATATCTTCTCAGCATCAGTAGGTTTAGATATTTTTGCTATTAAATTTTTTACTTCCTTTTTATCATATAAAGGTTTTTGGTTAGAATTAGTTTGATTTAATATATCTAAAGCTGCCAATCTTTTATTCTCATTCTTAGCAGAAATTAAATTATCAATAGATAGCAACAAAGCTTTTTTATCTTGGCTCATTAATAAATCTATTAACTTCTTTCTTCTGTCCCCACTTTTTAATCTCAATAAGTCTTCAATCTCTCTTGGATATTCTTTAATTAAGTTATTGTCCTTAACTATTTCATAGGCAAAAACTCCTGTATAAGTTCTATCTGATAACATAGATATTACAAAGTCTTTTTCTTCCTTGTTGCTTGGTTTTTCAAATAGAATTTCAAGATAATAATGTCTATTCCAAGTGTTAATTTCTTTTAGATACTTCATCATTCTCTTTTTTAAACTATCATCAGGATAAAAAACAGTTATAAGTGCCATAGCTGTTGCTATTGTATTTGTACTTATACTTTGATAGAACCAAGGGAAGATACAAGGCTCAAATAATTTTTCTTTCCCATTCATAAGGTTTAAAGCATTTTCTAGAATATCAAAAAATTCTATAGCTTCGTTTTTATCTTTAAAATATGTCTTAGCTTCTATTCCACCATTTTCTATATTTTGTTTTAAATTACTTGCAGAACCATAATTTATTACAAAATTAAGATAACAAGCTAAAATTTCAATAATATTCTTGTTGTCCTTGCTATATTCTTTTATCACTTTTTTAGCAATTTCTCTTTGATATTTCTTATTTTCTATAATATGTAAATAATATGAAATTAATAATTTTATATGGTATTTAGAAGACTTTAAAAGTTTTTCCAAAGCTTCAACAGAATTTTTTATATCTCTTGTAGATTTGTTCCATAGTCCCAAATATACTTCAATATTATCATCACTTTTTAAAAGTTCATTTTCATAATCTGGATTATCTATTAATTTATTTATGATTTCTAATTCTTTTTTACCAATTTTACTTATATCACCACCTTCACTAGCTAAACCTGTCCAAGTTGCTAAGGCTCTTTTTACAGAAGAAAATCTAATTAAATTATTATCATAGATAATTTTAAACATATATTCAAAATTTTCTTGTAAACCACTGTCCATATTTTCACAGATTTGTTGTCTAACTCCTTCTTGAAGTTTGGCAGCCAGTAGCAACTTTCCTGTAAGTTCAATTAATTCTTTATTGTTTGAAATAAAGATAGCTTTCATATTATTATAAGTTAAATCTATTTCTGATTTTTGAGAACCTAATGCCCCTTTTATTAAACCTATTAGTTCTTGATTACCATTGTCTATTTCATAGGCTATATAATATGGATTATCTATGCTATATACTCCTTTTTCATATTCTCTTTTTACTATTGTAATGACATCAATATTCAAAAAATATAAATTTACAAAATTTCCTAATAAATTGAACAAGAGATTTATATAATTAAAGTAACTTTTACTTCTTACCATTCTACGATAGTATCCAGAGGAGAATGGGTATTTTGTAATATTTTTTGATATTTCTATAAATATCTTAAAAAACTTTTCTCCCATAAGTAATTTTAGTGCTGGATATATATTTTTAGGAAAAATATCATTAAATTTAACATCCTTTTTTGTTTCTAATTCCTGTATTTTGTTTTTAATTAAAAATCCACCATAAGAATAGTAATATTTTGTATCTCCATGAGTAAAAATATCTTGTACAAATTTTTGATTTTCCTTATCTAGCTTTTTGCTATCATTCTTAATCTTTTCAATAAATTCTTTTGCTCTTGTTTGAAGCTCTTGATTGTAAAAACTTAACATAAATCCCCCTTATATTTTTAATTTGGCTGGTAATCAATTATTTGTAAATATTTTAGCATATTTTTTATATAAATGCTTGTTTTTTAACAGAAAATAAAAAAATGGAGTTTTATAACTCCATTTTCTTTTTATATCAGCTGGTATTCAATTTTTATTATGCTATATATTTTTGTACTGCTTCCAGTTCAACCTTTTTAAACTCTATATTTTTAAGAGTATTTTCAGATTTCTTTATTTGTTTTTTTATTGTTTCTATCCAAGCATCATAACTTTCATAGACTGTGTTATCAAAGGCTGCTCCTGATGTTTTTTGTCCTTCCAAATATTTTATCAGTGCCTTATCATTTTCCATTTCTTTTATTACTGCTCCTTCTCTTTTTATAGCATTTTCCAATTTTTTAGCATATTTCCCCATTAGTTCTTTCTTTTCTTCTTGATTCATAACTTTTACCTCCATAAATTTTAATTTTTATTTTCTAACTTGGCTGCCTTGTTATGAATTAATAATAACTTATTTTCTTTGTTATTTCCTTTTCTAAATGGACTAATATACTTTTATGGAATATTTTTAAAATAGCATTAAAAAAAAGCTATTGCAAATTTACAACAGCTTCTTCTATCT
NZ_CP077182.1_gap5	83565	85221	1656	TAAACTAGCAGATATGTTTATTTCAGCTGGTTTTGACTTGTTTTTTGATAAAGATTTAATGGGTAAATTTAAAGAACAAGGAATATTTAAAGATATGACAGGTATAGAAAAATATAACTCAGATTTTGATAATGAGAATGTTCATTTAAAAGATCCTCATGGAGATTATTCAATGATAGGTGTTGTTCCTGCTATATTTATTGTTAATAAAAGTGTATTAAATGGTAGAGAAGTACCAAAATCTTGGGCAGATTTATTAAAACCTGAATTTGAAAAATCTATTTCTTTACCAATAGCAGACTTTGACTTATTCAATTCAATACTTATACATATTTATAAATTATATGGTTTTGAAGGAGTTAAAAATTTAGGAAGGTCTTTACTTTCTAATTTACACCCTGCACAAATGGTTGAAGCAAAAGAACCAGCAGTAACAATAATGCCTTATTTCTTCTCTAAGATGATACCTGCAAAAGGACCAAAAGAAGTTATATGGCCAGCAGAAGGAGCAATTATATCCCCAATATTTATGTTGACTAAGGCATCAAAAGCAAAAGAATTAGATAAAATTATTAAATTTATGAGTGGAAAAGCAGTTGGAGATACTTTGGCTAATCAAGGATTATTCCCAAGTGTTCACCCAGAAGTTAAAAATCCAGTAAATGGTAGACCAATGCTTTGGGTTGGTTGGGACTTTATCTATTCAAATGATATGGGAAAATTAATTAAAAAATGTGAAGAAGCATTTAAGGAAGGAGCAGGAGAATAATGAAACTTATAACAGTGTCAGGACCACCTTCATCTGGAAAGACTTCGCTTATTATTAAAACAGTAGAAAGTTTAAAAGCACAAAATATTAAAGTTGGAATAGTAAAATTTGACTGTCTATATACAGATGATGATGTATTATATGAAAAAGCAGGAATACCTGTAAAGAAAGGATTATCAGGTTCAGTTTGTCCAGATCACTTTTTTGCAAGTAATATAGAAGAAGTCGTACAATGGGGACAAACTAATAATTTAGATTTGTTGATAACAGAAAGTGCTGGACTATGTAATAGATGTTCACCTTATTTAAAAGATATTAAAGCAGTGTGTGTAATAGATAATTTAAGTGGAATAAACACTCCCAAAAAAATAGGACCTATGCTTAAACTTGCAGATATTGTTGTTATTACAAAAGGAGATATAGTTTCACAAGCAGAAAGAGAGGTTTTTGCTTCAAGAGTACAAACTGTAAATCCTAAGGCAGCTATAATTCATATAAATGGTTTAACAGGACAAGGAACTTATGAATTTGGTTCTTTGATAATGGAAAATAATGAAGAAATTGATACAGTATTAGAAAGAAAATTAAGATTTCCATTGCCATCAGCAGTATGTTCTTATTGCTTAGGTGAAACTAGAATTGGAAGTAGCTATCAACTTGGAAATATTAGAAAGATAAATTTTGAGGAGAACTAGGGAAATGAGTATAGATAATAAAAAATTAGATGAAATGGACTTTGACCTTTTGGATATACTTGGAGTTACAGAACAAAAAGTTGAAAGCATAACTTTACTTCCAGGATATAATAAAAAAGACGAAAAAGAGGGATATGAAGAATTAGTAATAAAGGCAGGAGAAATTGTTGCCATAGTAGGACCAACAGGTTC
NZ_CP077182.1_gap6	86749	88270	1521	TTACCTTATTATAGTTTTGTTGCTAATATAGTAAAGGATAGGGCAGAAGTTATTCCCATAGTAAAAGCAGAGTCTTTTGATTCTCACACTTATCAACCTAAGGTTGAGGATATAGAAAGAGCCTCAAAAGTAGATGCCATTGTTGTAAATGGAATAGGGCATGATGAATTTATATATAAAATTATAGATGCTGTTGATAAAAATAAAAAACCAGTTGTTATAAATGCAAATAAAGATGTGTCACTTATGCCAGTTGCAGGGACATTAAATGATGAAAAGATTATGGATTCTCATACTTTTATATCTATAACAGCTGCAATTCAACAAGTACATAATATAACAAAAGAAATTATAAAATTAGATCCAAAAAACAAAGATTTTTATTTAAAAAATTCAAGAGAATATGTAAAAAAATTAAGGAAGTTAAAAACAGATGCTTTAAAAGAAGTTCAAAATGTAAATGGAGAAGATGTAAGAGTTGCCACTTTTTTAGGAGGATATAACTATTTATTATCTGAATTTGGAATAGATGTTAAAGCAGTTTTAGAACCTACACATGGTTCACAAATAAGTATGGCTTCATTGCAAAAAATGATAGAAAAGATAAAAAAAGACAAGATAGATATAATCTTTGGAGAAAAAAATTATAGTGACGAATATGTAACAATTATTAAAAATGAAACAGGAATAGAGGTTAGAAAGCTAGAACATTTAACAACAGGAGCTTATAGAGCCGATAGTTTTGAAAAATTTATTAAAGTAGATTTAGATGAAGTTGTAAGTGCAATTAAATATGTTAAGAATAAAAATAAAAAATAGGGAGGTAATTAAATGTACAAAAAATTATTGGCAATTTTAATGGTAATATTTAGTTTTTCAAGTTTTGCAAAAGAAAAATTAAAAATAGGGGTTACTTTACAGCCATATTATAGTTTTGCTGTAAATATAGTAAAGGATAAAGCAGATGTTATACCTGTTGTTAGACTTGATCAATATGACTCTCATAGTTATCAACCAAAGCCAGATGATATTAAAAGAATGAATACTTTGGATGTGCTTATAGTAAATGGAATAGGACATGATGAATTTATATTTGATATTTTAAATTCAGCTGACAGAAAGAAAGATATAAAAGTTATTTATTCAAATAAAAATGTTTCATTAATGCCAATAGCAGGGTCAATAAGAGCTGAAAAAGTTATGAATCCTCATACTTTTATATCAATTACAACTTCAATTCAACAAGTCTATAATATAGCTAAGGAATTGGGGGAAATAGATCCAGCCAATAAAGAATTTTATTTAAAAAATTCAAGGGAATATGCTAAAAAATTAAGAAAATTAAAAGCAGATGCTCTAAATGAAGTAAAAAATTTAGGGAATGTTGATATAAGAGTTGCAACTTTACATGGAGGATATGACTATTTATTATCTGAATTTGGAATAGATGTTAAGGCAGTTATAGAACCATCACATGGAGCTCAACCAAGTGCAGCAGATTTAGAAAAAGTTATAAAAATA
NZ_CP077182.1_gap7	104788	105591	803	ATATTTTCATCTCCAAGATATATAGCGCCACTATCTGGTGAAATAAAACCAGCTATCATTCTTAAAAGTGTCGTTTTACCACAACCTGATGGACCTATTATAGAAAAAAATTCTCCCTGTTCTATTGTTAAATTAATGTCTTTTAAGATTTGAACTCCATCAAAACTTTTATTTACATTAACTATATTTATATCTTTTTTTTCCAATTTTCTTTGTACCTCCCAAATTCTTAAATTACCATATTTCTATTATTTTATCATTAAATCCTAATATTTTCAATCATTCATTACAGTCTAATAAAAATAGGTTAGTTTTAATTTTTCTTGAAAAGATAATTAGATAACTTTTAAATGAAACTACTGCGACGTCCATAAATGTTTGGAGAGCCTTTGTGGAGCTCAAAAAACATTTATGGCTAATCATTTTCTTCTTCAATTAAATAATTCATTTGTTGCCAGTCATAATAATCTATTAATTTATAAGGAATTGTATTATTTTTATAAGCAATAGCAATAATTTCATCAGCTCCCACTTTATATACTATGTGATGTTCCTCAAAGTCATCTAAAAGCATTTCTTCATATTCTTTATATTTTCCAGATTTTTTTAATTCATCTGTAATTTTTTTAATTTCTTCTTGTGTCAATCTTTCCATAATTTTCACCTCATTTTATATTCATATATTTTCTATATAGTATAGTATAAATAGATTAATTGCAAATAAAAAATAAATATATTAATTGGCTTATTTTTTCATAATTAAAGATAATATTTTTACCATAAATTTTATTGACAAAGCAAAA
NZ_CP077182.1_gap8	207869	209371	1502	TTTTAAAGAAATTAGATTAAAAAATAACGACAGTCTTAGAGGACTTGGAGAAAAAATTGATATATCTTTTTCTTATATAGACCAAATAGAAAAAGGATTAAGACCAATAAATAAGGATATTTTAGAAAAGTTTATAAAAGTTTATCCTTTATATAAAAAGCAACTTGAAAAAGCATATCTTGATGAAATTATGCCAGAAAGTTTAAAAGGTAGCACCTTTAATATGGAAAAACAGAAAGTAAATACTGTTATCCTACCCGTCTATGGTAAGGCTTCTGCTGGAAATGGATATATAAATTTAGACCAAGAGATTTATTATTTCCCAATCAAAAAAGGAGATTTTTCAGATAGAAGCTTCTTAGTTGAAATAAGTGGTAATAGTATGGAGCCGACCTTAGAAGATGGAGATTATGCTTTGGTTGACCCAGATAATATAGATTATGTAAAAAATAAAATTTATGTTGTAACTTATAATGACGAAAGTTTTATAAAAAGAATGGTTATGGATGCTAAAAGCAAAATTGTTATGTTAAAAAGTGATAACCCAGAATATGAGGATATTTTAATAACTAAGGATATGCAAGTATATTTGAAGATTGAGGGAAGAGTTATACAAGTTATTTCAAATAAATATTTATAAATAAATGGAGGGGATTTTATGAAGAAATTTATTGCTGTTTTATTTTTAATTTTATCTGTTGGAGTTTTGGCAGAAATAGTTTATATTACACCAACTGGCAAAAGGTATCATCCAACTAAAAATTGCAAAGGTTTGAAAAAAGCTAAAAAGATTATAGCTATTGAAAAATCCGAAGCAATAAAAAGAGGTTATACACCTTGCAAGGTGGGATATTGATGAAAAAGAGAATTATTATATTTTGTGTTTTCTTAGGTATATTAACAGGTTTTCTTAATATTAAAGAAAATATAAGCAGAGATATTGGATATTTAGAAAATACTGTTGGAGTTAAAGCAGAAGTTTTAGAAAATTCTATTGATGATGTTAGAAGAGCAGTAGAAGATTTAAAATATTGAGGGGGTATTAATGAGAAATAAATTTATTGTATTAGACACATCTTGCATTATTTATTTTATGTTTCTTTGTTTACATAACATTACTACTTTTAGCTATTATAACTCTCATTATAGAGTTAGATACAATGACATCTATATTTTTATACCTGTATTGATTTTTATAAGTATTATCATTCAAGAAAAAATAACAAGTAAAACTGTTACATTTTTTAATTTAATTAAGTTATGTTTTCCAATTATGTTTTTTTCTTATTTATACAGGCTTATTTTTACTTTGTTTAAAGTTTTAGATTTATTTGATGCTGAAGATATTTCTCATTTTTTATCAATTTCAATCCCAATTTTAATGTTAGAATTCATATTAGAACAAATAATATATAATTTTTTAAGAGATAAAATAATAAAATAATTATAAATAGATTAAGAGAGATTTATTCTCTCTTATTTTTTTCTTGACTTTGTAAAGC
NZ_CP077182.1_gap9	220943	225734	4791	ATCATGCAACAGATGGTCTATCTTGGCATTTGCAAATAACAAAAACAGGAGGAGCTGTACTTATAGAAGCTGATAAAATAGCAAAAATTTCATCAAAAGCAGCATAACCTTTAAGGGTAGGGGTAAAACCCTACTCTATTTTTATGGAGGAAATATGGATTTTAAAACAGGGAAAATCATAGAAATAGTAAGAGAATTTCTAGCAAATGGCGAAAATAAATTTGAAATAAATGGAATAGATTTATCAAAAGCTGTATTTATGTACAGAGAAAGAAATACAAGTTTTATACCTATACCAAAAGGAAATTATACTACAAAGTTAGAAAGTAATGTTTTATATCTAAATATAGATGACAATATAAAAACTAAGGCTTATGAGTATCAAATAATTTATACAACAGATATGAAGGCTGGAAAATATTTAGAGGAATATCCAGAACTTAAAGTATTAGTAAGTAAATACAATGATTTAATTGAAGATGTAAACAATATTATTAAACACATAAAATCAACTGGAGTGAAAGTAGATACTTTAAAGATGACACAAATATTAACTCCATTAGAGCCAAATACATTTTGGGCAATGAATGAAGATGAAAAAATAATTACTTTTCCATTAGGAGATTTAAACAGTAAGTATGAACAAATGGTAAGTAAATTAAAAAAAGAAACTGAGGAATTAATTAAAACAACAAAAGAAACATCTTTATCAGAAATAGAAGCAGCAGCTAAAAATAAAATATTTGAATTTACGAAAGAATTGAAAAATAAAATCAATGAGTTAAATGTAATTTTTAACAAAGCACAAGAAGATATAAAAAGTTCTGTTGATAGGTTAAATAACAATGAGAAAGAAGCTATAAAAGAATTTGAAAGAATATTAGGAGAAAAAATAAATTCTTTAAACACTTTATCTGATGAATTGAAAAACAGCTTATCAAGTGCAGTAGAAAAGTATATTTCAGATAATAAAGAAATTCTAAAAGGTGAGCAAGGGCCAATAGGTCCAGCAGGCCCAAAAGGAGAACAAGGTATTCAAGGACCAATAGGTCCAAAAGGAGATAAAGGGGAAGGAGCCAATATAGATGTTAGTCATTTTTTAAGAAATGATAGGAGCGAATCTATTAATGGAAATTTAACAGTCACAGGAACAGTATTGTCTAATAATAATATAACTGCATTTTCTGACATAAGATTAAAAACTAACATAAAGAAAATAGATTGTGCTTTAGAAAAGGTGTGTAAAATAAATGGATACACTTTTGATATCAATAATAAAAAAGGAACTGGAGTTATTGCACAAGAAATTCAAAAAATTCTTCCTGAGGTGGTTATTGAAACAGATACAGAAGAAAAATATTTATCAGTAGCTTATGGGAATATTGTAGGTTTATTAATAGAAGCTATAAAAGATTTAAAATCTGAAATAGAGGTGTTAAAAAATGCTGCCAAAGAACGGAACTATTAGTATGGATGATATAAGAAAAGAATTAAATAAAAGTGGTTCTATTAATTTGAATGATAGTGATGTCAGGAAATTAGCAAATAAACCTAGCGGGTCTATTAGTTTAAAAGATTTTTACGGCAAATCAAATATAGAAGTTATTTTGGACAGATATATTTCATATATTCGTGACCAAAATGATTATTATATTTTTCATGAAGAAGATGTAAGTGGTTATAATGTTATAGATAAATATGGGTTTTCCGCACTTGCTGTCAATCATATAAGATTTCATGTTGAAATGGATTTTAGAGAGGAAATAAAAGGATTATTAGGCAAAGATATATATGTTAGTTTTATTCTAAATGATATGAAAACACCTGAGTTTATTTTTAAGGTAATAGAGGTAGATTATACATATCATATGACTACAACTTCAAAAGAATTGGCTGATATTTTTAATGACTATGTAAATAGTTTAGATGATACACCATTTATTATAAAAGCTTATATTAAATAATTGGAGGCATTAAATGAAAAAATATGTATACAGTGAAGAAAAAGCAATCAATGGTATATGGTTTTGTTTAGGTATTTTTGAAATGCATGAACAAATACCAGAGTATTTAAAAAACGAAATAATTTTTAACTCTAACTCTCCATTAGACAATTTATACTATTGGGATAAAGAATCAAAATCTGTAAAGATAAAAGATAATTATAAACTTTATCAAGAGGGAAAATATAAGTTAAAAGATGGGGAAAAAATAGAAAATAATACAATAATAAAAATAGAGCAACCAACAAAATATCATAAATGGAATAAAGATAAATGGAAATTAAATTTGTATGAAGTAAAAAAAATATTTGAGAAAAAATTTAAATATGAAAGACAACAAAAAATAGATGCCGATTTTGAATACAAAGGCGCTATATTTCAAATGAGAGAGAACGAAGATTTAAAAAATTTTGAGCAAAAGTTAATGCTGTTATTGTTAAATAAATTAAAACCAACAGATATTGAAAGTTGGAGATTAAAAGATAATACATATAAAGATTTTACAATAGCTGAACTTTTAGAATGTGCTGATTTATGGGGTGCAAGAAAAAAGACTATATGGAAAGATTTTAAAAGAGTTTGTGAAGAATTAGAAAAAGCTAATAGCATTGAAGAAGTAGAAAATATAAAATGGGAGGTTTAATTGAAAGTAGCATTAGTTATTGGACATAATAAAAGAAGTAAAGGAGCATATTCAAGCGTAGTTGGAAGTGAATATGACTATTGGAAAGGAATTGCAGAAAAAATAAAAACTGAAATTCCATTAATGGTAGATATATATGAAAGAAAACCAAATAAATTTTATGTTCCTGAGATGAATGAAGTTTTAAAAGAACTTAATAAGAAGGATTATAGTTTCTGTATAGAACTTCATTTTAATTCTGCAGGAAGTGAGCAAGCCAATGGTTGTGAATGTCTTGTGTATTACAAAAATAAAAAGGCAGAAGAACTGGCAACTAACTTTATGGCAAGATTACAAAATGTATTTGGAAGTAAGATAAGAAATAATCACGGAATAATAGAAATTCAAGATAGCAAAACAAGAGGAGGCTATGGAATATGTAATAGCAAAGATACTTATATTTTAGTTGAGCCATTTTTTGGTAGCAATCAAGATGAAAGTTTAAAGTTTTCTGTGGAAAAAGATGTTGTAGATTTATTTGTTAATTTTATAAAAGAAAATATTTTATAAACAGTCTGGCCAGACAGTTATTATAAAAATTTTAGGAGGTTTAAAAATGAAAGATTTAATTAATCAAGTGGTAGGATATTTGGCAGGTTTTAGTGTAGAACAATGGATATGGCTAGCAGTAGCAGGAATAATTTTAGCTTATCTTATTTACAATAGAAAACAATATGTAAATGTATTTAAACAATCAGTTATTTTTGCAGAAGAAAGTTTCAATCATGGGGAAAATAGAAAAAAATTAGAAGCAGCAGTAAATTTTATACTATATAGAACTTCTAGTTTACCTTGGATAGCAAGAATTATAATCATAAAATTTATCAGTAGAAAAAGAATGATAGACATTATAGAAAAGACATTGCAAAAATTTTCTGATATCTTCGCAGCTGGCTATAAGGTAGATATAAAAGGTAATGAAGATGGAGAAAACTAAGTTATTAATTCATCCACTTTCTAATGGAAAAGCAGTTTTACTCCAAGATTATATCTACTCTATCAATGGCTATGATATTAAGGTATTTAGAGGTTTCATCACTGATGGAGCCTCTGTACCTAAATCTTTACAATGGTTATATAATCCTTATGGAAAATATATTAATGCTGCTGTCGTGCATGACTATTTATATAGTGTTTACAATAACACTGGTATAAATAGAACTCTTGCAGATAAGATATTTAAACATATTATGAAAGAAACTGGTATTGATAATAGAACTAGAAGAAAGTTTTATATGGCAGTTAAGTACTTTGGAGCAACATCTTGGAAAACAAAACTTGAAAATGATGGGTATAAGGATAGAGCTATAATTGATAGAACTAAGGAGGCTAAGGAATATTATAACCATTGGTATAAAGTGTTAGGGATTAGGTGATATTATGGAAAAAACTTTACTAGAATATGGTGTAGTAGGGGCTATTTTACTGTACTTTCTTTGGAAAGATAGTAAGACATTTTAAATTTACAGAACTACTATGCAGAAGATAGTAGACCAGTTAGAAGCAATGCAAAAGGACCAGACAGAATTAAAAAAAGATGTGGAGGAGATTAGAAAATTCATAAAGTAATGGGTAGGTTTATTACCTACCCGAAAAGGAGTATACAATGGATAGAGGAGAAATAATAAAACAAGCATTTCTGAAAGTTGGGGATAATAACGCTTTCAATGATAATAAAGGAGACAAATATCAAGTGGCAGACGGACTACTTGATACAGTCATTAAAAATATAGCAATAGAAACAGATTTTTTATTCAATGCAATTACAGTTAAATTAACGACAGTAGGTCAAAATAAGTTAGGAGAAAATAAATTTAATATACCTATTGATTTTTTAAATATTATACAAGGAAATGCTGATTTTAGAATAGAAGGAGAATTTATTTATTCTAAAGCTAGCGAATTATATATCCAATATTGTAGAGAAATTAGTTTAACTGAAATTCCAAATAATATGTTTAATATCATAGTTATGTATTTAGCAAAAGAAATAAGCCTTGCATTTAATGCTTATAATAATCGTTATCAATTTTTGCAACAACAATTTGAAGAAGAAAAAAGAAAAATAATATATCAACAAGGATTTATGTATAAACCTTGGGAGGT
NZ_CP077182.1_gap10	233179	236081	2902	AAAGTTTTAAATTATGGAAACAAGAAGTAAATAGCAGCGATAACGGATTAAAGAAAGCATTATATCAAGATGGGTATTCAGATATAACTAAAAAAATACATCAACTAATAACAAGAAGTGCTTATGAAGAAGATACACTAAGTCCACTTAGAAATAATACAGAAATAAATGATATGACAGCACAAATAAAATTAATGTTTACAAGCTATAATAGAAGTATATTAAAATATTTTGGTGATGCTGTAAGATTTGCAGAATTAGAAGATGGGACATATATAAATAGATTTTCAATAGAAGCTATAGGAAGAGATATAAAAGATTTAACTTCTGTTGGTTTACCTGGATTAACATTATTAGGTATAGCCTCTCTTGCTGGAAAGTATGGAGAAGCTAAAATATTAGGAAGTTCTGAAGATGAAAGAATGGAATCACAATTTAAAAGCGCTTTAGATGGAAATATTGGTTCAATGTTAGGTATAGTTCAAGATGGATTGGAAGGAGCTATACCAATTGATGTTATTTATCAAAGAAGAGAGGGATCTCCTATATCATCTGTATATAATCGTATACATAGTGGGATAACAGGAGACTTGACAAATTTAGTTCCAGAGAAAGTAGAGATTTTTTCAAGAAAATTTTTTAATAGTAGAGAATATAAAAAATATAGTGGTTTGAATAAACAAGAAAAAATAATTTATGACAGGTTAGTATTAGCAGATAAGGTAGCAAACGATAAAGAAAATAATTTTATAGATTATTTAATTGCTAAATTTACATCTGATAGAGCAGTAGAAGATGGAGAAATGACAGCAATAGATGCTTTAGAATTAAAAAGACAGTATGGATATAATGATAAAGAAATTATGAAAAAACTTAAAGATAGAGGAATAGATACAGTGAAAAAGTATGCTATAATTAACAGCGAAAATGAAGAAGAAGTTATAAAAAATGTTCAAAATGGAATTGAAATAATTTCTGAAAATAATTTATCTGAAAAAGAAATTGTAGAAAAATTAGATGAAAAAAATGAATTTTTCAACGATTACAAAGAATATAAAAAAGAAGTTAAAGAAGTAGAAATAAATCAGGATGAACAAAAAGAATTAGAAGCATATCAAAAAAAATTAGAAGCAGAGGGATGTGATGAATTTGAAATTTTAGAGAAACTTACTATCTATCAAAATGAGCTACATAAAAGTAAAAATCTAACATATAACAAATAAAGAGGAGATTATTTTTTTCTCCTCTTTTTATATACACCGTATTCTTTATCAAAATCTTTTAAATCCCATTTTATACAAAGCATATTAAAAACAAAAATTAATATAGGAAAAGGATAAAAAGTATTATTTTTATAAAAATCCCATACAAGTTTAGGGATAAAATATTTATCAAATTTTATAAATATACTTACAAAAAAAGAACCAATATGCCAAGTCATACCTAAAATTAAAAGTAGACTATACACACCTAAAGTTGCACCAAAGAATGCATATACTAAGTTTCTAAATATTGAAACACCGATACCATCTTGAAGATAAAATTTGATTTTGTAATGCAAATATAAATAACATACAATAGGGATAATCCAGTCTAAAACAAGCCAATATGGCTTTGAGTAATAAAAAGTAAAAATATGAGTAAAGTGATAAAAAATAGCTGCAATTAATCTAATTAAATTTTCTAACCATTCTCCCATATATTAACCACTCCTTTTCTTTTATTATGAATTTATTTGATTTTCTATTGCTTTTATAATATCAAAAATATTATTTTCTAAGTCTATACCTAATTTTAAAAGTTCTTCATTAGTTGTATTTATTTTTAATGTAACTCTATATCCTGAAGTCTCTTTATAAACTGGTTGAGATTTTAAATTTAAAAAATTATCTGAACATACAAAATCCACAATAGTATTAAAAATTTTTCTTGCTTTATTTTCTTTATCTTTTCCTAAATTTTCCATTAATTTTACTGTTAAAAAATGAGTAAGTACATTTGCTTTCTCATTATAAAAATATCTTAATTTATCTATATTTTCTTGTGCTTCTTTATATATTTGTTCAAAGATAGCGTTTCTATCTGTTATAGTATATTCTTTTTTTATTTCCACTATATCATCACTCCTTTTTTATTTTTATTATAACATAGATTTATGAAAATGCTCTCTCTTTTTGATGTAGCCAACAAGTAGCCAACAAACTATATATTTATATGATAAAAAGTATTTAGAAGTATAGAAAAAATTGAAAAATTATAATTTCTATTGTAAAATATAAAAAGTGAAATGTGAAATTAATATAAAAATAAAGTTTTTCTTGAAATAAAAAAAATTACTATTTTAAAAATTATATTTTAACTGCTTGATAGCCATTATTGTTTTGTGAGCTCCACAAAGGCTCACTCAACAATAATAGACATCGCAGCAGTTTAGTTAGAAATTATTCAATTTTGTTTTCAAGAAAAACTTAGATCATTTATATGTAAATAGAAGTGTATAGGGAGTAGAAATGAATAAACATAGTTTTAATGTTTTAGAATTTGATAAATTAAAAGAATTGATTTTAGCGAATATAGTGATAGGTGACAATAGGGAAGTTATAGAAAATTTAGTACCATATAAAGATTTATCTGCACTTAATAATGAATTAAAAACAGTTAAGGACTTTATGGATTTACTTTCTTTTGATGGTGGTTTTGAAGCCATAGGTCTTAGAAATATCAATAGTCTTATGGAAAAAATAAAACTTATAGGGACTTATCTTGAAGTTGAAGAACTTTGGGATATAAATGTAAATTTAAGAACTGTAAGAATTTTTAAAACAAGACTTGATGAATTAGGAAAATACAAACAACTTAGAGAAACGATAGGGAATATTCCTAATTTAAGAGTAATTGAAGA
NZ_CP077182.1_gap11	253552	254223	671	TAATACTGATTCTGATGGAAAAAACTGGGTTTATGAATTAGATACTATCAATTCTGGAAAAAGACCAGGAGTTATGCTTTATTTAAACGATTCAACAGATCGTAAAGATAAGAATAACTTCCCTAAAAGAGGATTTTATTTAACAAATACAACACTTCATTTAGCTGGGGATGTAAATGGAGCTGGACTATCTGGTGGTACAGTAAAACCAGGTGCAACAGAAAAAAGAGTAAGAGGTCAAATAGGAATACACACTGTTTCAGATGGAGAATTAGAAAATATAACAGCACATCTTTATGGAAAAGCAGCTTTTCACTCTATTGAAACATGGCATACTGGAAAAACTAAGTATACAAATGTAACAGTTAATATAAAAGGTGAAGATAACTCAGTATTTCTTATTTATCCTTCAACATATGATAACCTTCTATGGCATACAGGAAGAACAGCAAAAAATTCTGGGAAAGAAGCACTTAATGGACCTTATAATAGAAGAGGTGGCTTTGAAGGAAAAGTCAGTGTTAATATGGATGCTAAATCAAAAAGAAATATTATTTATAACCAATTAGGTGTTCAAGGTGCTTTTGATATAGTAAATGAAGGGGAATATAAGCTAAAAGGACAAGGAAATATGGTTTATTCTGGTTTAGGTTATTCTCCAGATTTTGAAA
NZ_CP077182.1_gap12	278366	281808	3442	ACTACTCTTTCATTAGGTGGAGAAGATGCTAAAAATGGTTTAAAAAATTGTTTAGCAGTTGGAGCAGATGAAGCATTCTATATTAAAGATGAAAATTATCAGGAAAAAGATGCTGTTATCATTGCCCAAGCTCTTTCTAAGGGTATTAAAAAAATGGAAGAACAAAGAGGTAAAAAATTTGATATTATTTTCTGTGGAAAAGAAACTACTGATTTTGCAACTGGACAAGTTGGAATTATGTTAGCAGATGAACTAAATTATGGAGTGGTAACTAATTTAGTTGATATAGACGCAGAAGGTGGAAAGGTTACTGCTAAAAAAGAAACAGAAACAGGTTATGAAAAGGTTGAGATTACTTCTCCTTGTATAGTAACTGTAAATAAACCTAATTATGAACCTCGTTATCCAACAATCAAAAGTAAAATGGCAGCTAGAAAAAAAGAAATAGCTGAAGTTTCTATTGAAGTAGCAAATGAAAGCGCAGTAAAAGAAGTTAAATTATTCTCACCTCCAAAAAGACAAGCTGGAGTGAAAATAAAAACTGGAACTGCTGAAGAATTAGTTGCACAAGCTATTCAAAAAATGTTGGAAGCAAAAGTATTTTAGGAGGTTATAACATGGGAAAAAATATAATAGTATATATAGAAACAGCTGATAACTCTCCTATCAATGTTTCTTTGGAGGCTTTAACTTTAGCAAAAAAGATTTCAAAAGAAAATAATGAACAAGTTATGGCAGTTTTAATTGGAGAAAATTTAGATGAAGCAGCAAAAAAATGCTTTGATTATGGAGCAGATGAAGTTTTATATGTAGAAGAAAATAAAAAGGAATTAGAAGCTGTTGGAAATGCTTTAATAGATGTAAAAGAAAAATATAATCCTTCTGTTATTTTCTTAGGATCTACAATAAATGGAAAAGATTTAGCAAATATAGTAGCAAGTAAAATGAAAACTCCAGCTTTTGTTGATGCTGTAAATGTAAAATATGAAAATGGAAAGTATTTAATGACACTTCCAATGTACAGTGGAAATATCTTAAAAGAAGTAACTTTTGAAGGAGATAAAACACTGGTTATTGCAGTTCGTTCAGGAGCTTGCAAAAAAGAAGTTTGTGAAAATACTAAATCAGGTGAAGTAAAAAAAGAAAAAGCAGCAGACAAAAATTTATTTACAAAAATAGCAGAAATAGTTCAAGAAATATCAGAAACAGTTAATTTGGAAGAAGCAGAAGTTATTGTTTCTGGTGGTAGAGGTATGGGAAGCAAAGAAAACTTTGAGCTAGTAAAACAATTAGCTGAAGTATGTGGTGGAGTTGTTGGAGCAACAAGACCTGCAACAGAAGATGAATGGGTACCTCGTTCTCACCAAGTTGGACAATCTGGAAAAATTGTTGCACCAAAATTATATATTGCCTGTGGTATATCAGGAGCAACTCAACATGTATCTGGTATAATGGGTTCAAATTATATTGTAGCAATAAATAAAGATGAAGATGCACCTATTTTTGAGGTTGCAGATGTTGGAATTGTAGGAAATGTTATGGATATAATACCAATTATGATAGAAGAAATTAAAAAAATAAAATCTTAGAAATTATTCTATAATTAGGAGGCAGATTGTATGGGACAATGGATTATAATTTTAGCACTTGCTCTTGTAGGGCAATTTGTTAGTGACCTTATTTCTTTTCCCATTCCAAAAACAATTATTGCATCTATAATATTATTTTTGCTTTTGGAATTTAAAGTTGTAAAGGCAGATTATTTTAAAGAGGCTTTGGCAAGTTGTAAAAAACATTTAGCTTTTCTTTTTCTTCCTGTTGGAGTAGGAATTATGACACAGTTAAACTCTCGTCCAGTAATGGATTATATTAAAGTGTTAGTTATTATGATAATTAGTACAATCTTGATTATGTTAGTTACAGGAGTGTTAGCTGACATTATCATAGGTGCTCAAGAAAAAATACTAGGAGGTAAAGATAAAAAGGAGGGTAAAAATGAATGATATAATACAAAAAATTCTTTTTAGCCCATTCTTTGGGATAGTGTTATCTTTAATAGCTTATGAAATTGGAAAGTATTTCTTTTCAAAAACAAAATCTATATTTTGTAATCCTCTTTTAATAGGAATTATATTAACAATAGTATTTTTAATGGTTTTAAATATTCCATTTGAAGCTTATGATAAAGGTGGAAGTATTATAAAAATATTTATAAGTCCTGTTGAAAGTGTTATAATAGGAGTTGCTTTATATGAACAATTCCAAATTTTAAAAAGAAACTGGTTCCCTATTCTTGTTTCAACTGTTTTAGGAAGTACTTTTTCAATTATTATTTTGTATATATTAGGAAAAGTTTTTGGACTTCCTGATGATATTTTCCGTGCAACTTTACCAAAATCAGTAACAACAGCTATTGCACTTGATATTGCTTCAAAGTTTGGTTGGCAAGAATCTTTAATACCTATGATGACAGTATCAACAGGTATCATAGGTGCTGTTATTGCTCCAGTAGTTACTAAATTTATGAAATCTCGAGTAGCTAAAGGTTTAGCAATGGGAACAGCAAGCCATGCTGTTGGAACAGCAAAAGCAATAGAAATGGGAGAAGTAGAAGGAGCAATGAGTGGATTAGCTCTTAGCTTATCTGCAATTTCAACTTCATTTATGATTCCACTTTTAATTAATACAATTTTAAAACTATAAGTATTTATTAAAATAGTATTGAAGAATTTGACAGTTGGCAGGCAACAGAAAAACCTGAAGATAAAATAATTTTAAGAGTGTCTTAAACAGACACTCTTTTTTTGCAAGTTCTCTCCAGAAAAAGGAAACAGAAAAATATATTAATTATTTTTATTGAAAGGGAGGGGAAAAAATGATATAATGTATCATGCCAAAATGAATATTAGATGAATATTTTTAAGGAGGGTGAGTTTATTATGAAAAAATTTATTTTAACATTATTTGTTTTATCTTCTATTGGGATATTTGCAAATGATGAAATTATCTCTGAGTTAAAAGGACTTAATGCAGAGTATGATAATTTAGTAAAGGAAGAAGAGGCTCGTTTTCAAAAGGAAAGAGAACTTTCAGAAAGAGCAGCAGCTCAAAATGTTGAGCTAGAGAAGTTAAAAGCAAGTATTGAAGAAAAACTTGAAGCAGCTCCAGAAGAAAGAAAAACAAAATTCTTTAAAGATACTTTTGATGGTTTAGTAAAAGATTATTCAAAATATTTAAGTCAAATAAATGAAAAAATAGCTGAAAACAGTGAAATAGTAAGTAATTTTGAAAAAATTCAAAAAATAAGATAGGAGGGTGAGAAATGAAAATAAAAGAAATGTTGTTAATTTCTCTAAGTATAGCATCTTTAGTTGCATGCAGTAATAACACAACAAACAATGAAGATAGAGATGCTATGAAAATATTGGAAGAAAAAAGAGAA
NZ_CP077182.1_gap13	284356	285553	1197	CCAGAAAGTGGGATTTATTTAAATAAACCAGTACATTTATATGCAGATGGGGCAAGAGGCTTATATATACCAGGGGATATATCAAATTTACCTGCAAAGAATGTTATTGTCCGTGTAAAAATCGGAGAAAAAGGAAATGATACAGCGGGCTTTAACTGGACAGATATTCAAACTGGAAATACTAAAAATATAAAGAGTAATGGAAATTTTGAAGGTGCAGAATACTCAACAGATTATGTAGACAATGCAATAGGAGTAATGTATACAAATGCAAGTACTAATGCTAAAATGCAAGTTCCTGATATTACTTTAGAAAAACATTCTAAAAAAGGTATAGGAATATTAGCATTAAATGGAAAGCTAACAGTTACAAATGGAAACATAAGTATAAAAGGAGGAATAGGAAATACAGCACTTGTAGCTAAAAAAGAAAGTGCAGCTTTACCAGGAGGTGAAATTGACTATACAGGAGATATTAATATAGGAAAATCTGATATAGATAATAATGTTGAAGCTAAAGAGGCAATGGTAGCCTATGCAGAAGGTAAAGATATCAAAATAACTGGAAAAGTTACTGTAGATTCAGCTGATTCAGTATCAATTTACTCAAAAAATGGAAAAGTTACTGTAGAAGGAGATGTATCAATAAAATCCAAAGGTAAAAATGTAGTAGCCATGTATACAGATAATGGAACTATTAATGTAAATAGAACTGCTCTTAGTGGGAAAACTGATATTGATATTACTGGTGGTATTGACAAAGGAAAAGCTACAGGAGTTGCACTTTATGCAAAAGATGGTGGAAAAATAAATGCTCAAAAATTAAGTTTAAAAGTTACAAATGGAAGTGCTGGAATTGTTTCAGTTGGAAAAAATACAGATCCTTCTAATCCAGAATCTAATATTGATTTTACTGGAGGTAAGTTAGAATATACAGGAAATGGCTATGCAGTATATTCAGATGGAACAGGAAAGATAGATTTATCTGATGCTGAATTAAACTTACATGGAAGTTCAACAGCTTTTGATGTTGATTTAGGAGCTTCAACTTTACCAACAAAATTAAATTCAGGAACAAAGATAAAAGTACACTCTGATGATGTTATTGCATTTAATTTAAAAAGAGCAACAGGATTAACAACAGTTGGTGGAATAGAAACAAGTATAAAAAGTAAAATAGAAACTAAATTGGGCTTA
NZ_CP077182.1_gap14	293673	296376	2703	GAAGAAGTACTTGAAAAAGTAAGTTTAATTTTTCAATAAAACTGAATAGCACCTATAATCCATATTTTTGAGATTATAGGTGCTGTTTTTTAATTATAAATTATTTATTTCTTTTGTAAAATAACAAGCTACTTCATGATTTTTCTCAATACCTTCTAAAATAGGTTTTTGTCCTTTACACATATCTTTCATAAATTTACAACGCCCTTGAAATACACAACCACTAGGCAAGTTAATAGGACTAGGTACATCTCCCTCAATACTAGTTATCTTTTCAGAAAAATCCATATTGATAGAAAATAAAGAACTTAAAAGAGCTTTTGTATATGGGTGATAAGCACTATCCTTTAATTTTTCTCCTGGCAAAATTTCTAAAATATTACCCAAATACATAACTGCAATTTCATGAGCAAAGGACTGAACAAGTGCAATATCATGACAGATAAAAACTATACATAAATCTCTTTCTTTTTGTAATTTAACTAAAAGTTCAATTATATTTTTTTGTATAGAAACATCAAGAGCAGATGTAGCTTCATCACAGACTAAAACTTCTGGTTCCAATGATAAAGCTCTTGCTATACCAATTCTTTGCTTTTGGCCCCCACTCATATTATGAGGATATTTATGAATGAAATCAGCAGGTAGGTCAACCATTTTAAGAAGCTCAATAGCCTTTTTTTCCTTATCTTCTTTTTTTAATCTACCATAGTTAATAAGTGGTTCAGTTAAAATATCTATTACTTTCATCCTTGGACTAAAAGAAGCCCCAGGGTCTTGATAGACCATTTGTATATGTTGTCTACTTTTCCAAATTTCATCTTTAGAAAATTTACTAATATCTTTGCCTTTATAAAAAATTTCCCCACTTGAAATTTTTTCTAAATTCATAAGCATTCTTAAAAAAGTAGATTTTCCACAACCAGATTCTCCAACAATTCCTAATGTTTTACCTTTATACATAGATAAATTTATATTATCACAGGCAGTCAGAGTATTATTTTTAGAAACTTTAAATTGCTTTGTTACATTTTTAGCTTCTAATATTAATTCATTATTCTTAGACAAATCTCTCACCATCCATTTCAGGAATTGCTTTAAGTAATTTTTTTGTATACTCACTCTTAGGATTATTTATAACTTCTTCCCTTGTACCACTATCAACAGCTATACCATTTTGCATAACTATAATTTTATCTGCCATATATGCAGCAACTCCCATATTATGAGTAACTATAATTATACCAGTATGAAATTCATCTCTTATTTCCATCATTTGTTTTACAATTTGAGCTTGAGTAGTAACATCTAAGGCAGATGTAGGCTCATCTGCTAAGATAAGTTCTGGCTCAAATGTAAGAGCCATAGCAATCCCAACTCTCTGTTTCATACCACCAGAGAGTTCATAAGGGTAACTGTTCATAATATTTTTAACTTCTGGCAAACGAACTTTTTCTAGCATAAAAAGAGCTTTTTTTTCTGCCTCAGCTTTGCTTAAATTAGTATGAGCATTTATATATTCAATATATTGAGAGCCTATTTTTCTAATAGGGTTTAATGTAGCACCACAATCTTGAGAAATCATTGAAATAACTGTTCCTCTTAATTCTCTCCACTCATTATTTGAAAGATTTAACAGTGATTTTCCATTGAAAATTATATCCCCAGAAACAACTTTACCCTGTCCTAGAAGCCCACCTATTATTGAACGAAGAACAGTAGATTTACCACTTCCAGATTCTCCAACAATACTTATAATTTTAGCTTTTTCCATAGTTAAAGAAAAATTTTCAACAACAGCATTTTTCTCTCCATATTGTATCGTTAAATCTTTAATTTCTAACATTTTTTCTCCTTCTATTCAGTAACTGTAACATCTTTTGTTAACCAATAATAATCCATTGGGAACATTTTTAGATTTTGTACTTTTTTATTTGAGTATAAGAAAGTAGTTTCATATCCAAAGAATACTGTTGCAGCATCATTCATTATTAATTGTTGAATTTCTATTGCTAATTCTTTTCTCTTTTCTGGATCAAATTCTACATTTAATTTATCTAATAATTCATCAACTTTTGCATTCTTATATCCTGCTTGGTTAGATGCAGATTCACTATCCCAGTTTTCATATAGATATTTTTCAGGGTCTCCTGTATTAGCAGCAAGTACATTCCAAATTAATAAATCAAAATTACCAGAATCTCTCATATCTAAAAGAGTTTCATAGCTAACAGTTTTTAGAGTAACTTTAATACCAACATCTTTTAAATTAGCTTGAGCAGCTTGTGCATAAACTTTTAATTCTTCTCTGCTTGTATATATAACAAAGTTTAAATCAAGTTTAGAACCATCTGGTTTTTCAACAAATCCATCACCATCTACATCTTTATATCCAGCTTTTACTAATATTTCTTTTGCACTTTCAGGATTATAAGCATTTTCATCAACAAGTTTATCAAAACCAAAATCTAATGTAGGAGGGATAGGTGCTTTACCAGGAGTAGCTGCTCCACCTAATAAATTTTCACAATATGCTTTTTTATTTAAAGCTCTAAGTAATGCTTGACGAAGTGCAATATCTTTTAAAACTCCATTTTGATTCATAAAAGCATAAGTAGATCTAAGTGATTTTAATTCTTGAATATTTATATCATCTTGTCCTTCAAAATCAGCCTTGTTTTCAATTTTTAGGTTGTAAGCGAC
NZ_CP077182.1_gap15	299641	302782	3141	TTTGAAGCCTTAGGAGCAAAAATAAATATAGAACACGGATATGTTGAAGCTACAACAGAAAATGGATTAATAGGTGGAAATATAGTTCTTGATTTCCCAAGTGTAGGAGCAACAGAAAATATAATAATGGCAGCAGTTAAAGCCAAAGGAAAAACTGTTTTAGAAAATGCTGCAAAAGAACCAGAAATAGAAGATTTATGTAATTTCTTAATAAAAATGGGAGCAAAAATAAGTGGAGTAGGGACAGGCAGACTTGAAATTGATGGAGTGGATAAATTGACTGCTTGTGAATATAGTATAATTCCGGATAGAATAGTTGCAGGAACATATATAATAGCTTCTATCTTATTTGATGGAAGTATAAAAGTTTCTGGTATAGTTCCAGAACATCTATCAAGTTTCTTATTAAAACTTGAAGAAATGGGAGCAAAGTTTAAAATTGAAGGAGACAGATTAGAAGTTTTAACAAAATTATCTGATTTAAAACCTACAAAGGTAACAACTATGCCTCACCCTGGTTTTCCAACAGATTTACAATCTCCAATGATGACACTTATGTGTTTAGTAAATGGGACAAGTGAAATAAAAGAAACAATATTTGAAAATAGATTTATGCATGTGCCAGAACTTAATAGAATGGGAGCAAAAATAGAAATTGACTCATCAACTGCTAAAATAACAGGAGTTGAAAATTTCTCATCAGCAGAAGTTATGGCAAGTGATTTAAGAGCAGGAGCATCACTTATACTTGCTGCACTGAAAGCAAATGGAGAAAGTTTAGTAAATAGAATTTATCATGTGGATAGAGGATATGAAAATTTTGAAGAAAAATTTAAGGCTTTGGGAGCAAATATAGAAAGAATTAAGACAGAAGCCTAAGGAGATAAAATGGAAAGAATAATAGGTATCAATCCAGTGACAGAGGCTTTATTAAATAAGGAAAAAAATATAGAGAAATTAGAACTCTATAACGGACTAAAAGGTGAAACTGTACAAAAATTAAAAGATTTAGCTTCTAAGAGAAATATTAAAATATTTTATACTGGTAAAAAAATAGATAATTCTCAAGGTGTAGCAGTGTATATAAGTAACTATGATTATTACAAAGATTTTGATGAAGCCTATGAAGAACTTGCTGGAAAAGACAAATCATTGGTTTTAATCTTAGATGAGATACAAGATCCAAGAAATTTTGGGGCAATAATAAGAAGTGCAGAAGTATTTAAGGTAGATTTAATAATAATACCAGAAAGAAATTCAGTGAGAATAAATGAAACTGTTGTTAAAACTTCAACAGGAGCAATAGAATATGTAAATATTTCTAAGGTAACTAACTTGTCAGATACGATAAATAAACTTAAAAAGTTAGATTATTGGGTATATGGAGCAGCAGGAGAAGCAAATATAAGCTATAATGAAGAAGATTATCCAGATAAAGTTGTTTTAGTTCTTGGAAATGAAGGTAGTGGAATTAGAAAAAAAGTTAGAGAACATTGTGATAAATTAATAAAAATACCAATGTATGGGCAAATTAATTCATTAAATGTTTCTGTTGCAAGTGGTATTCTGCTGTCAAGAATCATAAATAGATAATGGAGAGAAAATGGAAGATATCAATGCTATTTTAAAAAAAGCACAGTCTGGGGATAGTGAAGCTATTGATTTGATATTAAAAGAATATTCAAAACTTTTGTCTTTTAATGCACAAAAATATTATTTGATAGGTGCAGAAAAAGAAGATTTAGTACAAGAGGGAATTTTAGGCTTATTAAAAGCAATAAAATTTTATGATGAAACTAAATCATCTTTCACTAGTTTTGCTTTTTTGTGTATAAGAAGAGAGATGATAAGTGCAATAAGAAAGGCTAATACTCAAAAACATATGGTATTAAATGAAGCCTTAAAAACTAATGCTATACTTGAAGATAGTGCAAATTTTGATGATGAGGAACATAATATAAATAACTATAAATCATCAGAAAGTAACCCAGAAGAAGCCTATTTATTGAAAGAAAAAATAGAAGAATTTAAAAAGTTCTCAGAGAATAATTTTAGTAAATTTGAAAAAGAGGTTTTAACTTATTTAATAAGAGGTTATTCATATAGAGAAATAGCAAAGATTTTATCTAAAAATCTAAAAAGTATAGATAATACTATTCAAAGAATTAGAAAAAAGAGTGAAGAATGGATAAAAAAGGAAGAAAATATTAAGAGGTGAATAAATTGAGAGATTATGAGTTTAAGGAAATTGAAAAGAAATGGCAAGAAAGATGGAATAAAGATAACATTTTTAAAACTGAAAATGAAGTAGAGGGAAAAGAAAATTATTATGTACTTTCAATGTTACCTTATCCATCTGGAAAATTACATGTTGGACATGCTAGAAACTATACAATAGGAGATGTAATTTCAAGATATAAAAGAATGAAAGGCTATAATGTTTTACAACCTATGGGTTGGGATTCATTTGGACTACCTGCTGAAAATGCTGCAATTCAAAATGGAACTCACCCTGCTATTTGGACTAAGTCTAATATAGAAAATATGAGAAGACAATTAAAATTAATGGGATTTTCTTATGATTGGGAAAGAGAAATAGCAAGTTATACACCAGAATACTATAAATGGAACCAATGGTTATTTAAAAGAATGTATGAAAAAGGTTTAATCTATAAGAAAAAATCTTTGGTAAACTGGTGCCCTGATTGTCAAACTGTTTTGGCAAATGAACAAGTTGAAGATGGAATGTGTTGGCGTCATTCTAAGACTCATGTTATACAAAAAGAATTGGAACAATGGTTCTTTAAAATAACTGATTATGCAGATGAATTGTTAGAAGGACATGAAGAAATAAAAGATGGTTGGCCAGAAAAAGTTTTAACTATGCAAAAGAATTGGATAGGAAAATCTTTTGGAACAGAGTTAAAGTTAAAAGTTGTTGAAACAGGGGAAGATTTACCTATATTCACAACAAGAATAGATACTATCTATGGGGTTTCTTATGCAGTAGTTGCACCCGAACACCCAATAGTAGAAAAGATTTTAAAAGTAAATCCTTCAATCAAAGATAAAGTAACAGAAATGAAAAATACAGATATAATTGAAAGAGGAGCAGAAGGTAGAGAAAAAAATGGTATAGAC
NZ_CP077182.1_gap16	311144	312937	1793	AAAAAAGATGGAAGTAAAGCAACTTTAAAAGATATTAAAGATGGTGATTTTAAAGTTAATAATAACTTCTATGCGAATATAGGAGTAAATTTAGGAATTAATAAATCAAGTTCTAAATCAAACTCGCATAGTGAAAGAGCTGTTGTAACAACAATAAAAGGAAAAGATGAAAATTCAAGTATAACTTACAACAATGTAAAGAATGTTGAATATGTTGGAACACAAGCACAAGATACTAAGTTTATCTATAACAATGTAGAAAATATTAATAAGACAGCTGTTGAATTAAAAAATTCATATTCATCTACTGGTAAAAGTAGTGGAATATCAACAGGAGTAACTGTTAATTACAATAATGGTTTCCAAACAGAAGGAAATGGAGTAAGTGTTTCAGCTTCTAAATCTAAAATGAATAGCAATGGAACTACTTATCAAAATGGTAGATTTGTAAATGTAGATGAAGTACATAATAATACAAAAAATATGACTCTTTCTGGCTTTAACCAAGAAGGTGGAACAGTTACTGGAAATATAGAAAATCTAACTATTGAAAGTAAACAAAATACATCTACAACAAGAGGAAGAACAATAGGTGGAAGTTTAAGTATAGCACCAAATGGAATGCCATCAGGAAGTATAAACTATTCACAAACAAATGGAGAAAGAAGATTTGTAGATAATGCAAGTACTTTCATAATAGGAGATGGAAGTAATCTAAAAGTAGCTAAGGTAGAAAATACAGCTTCTGCGATAGGAACAACTGGAAATGGAAAACTATCAATAGATGAGTATGTAGGACATAACTTAGAAAATGTAGATAAATTAAAAACAGCAGGAGCTTCAGTAGGAGTATCAACTTCTGGAGTAAATAACATAGGAGTAAATTATTCTGATAAGAAACAAGAAGGAATAACAAAGAATACAGTAATAGGTAATGTAGAAATAGGAAAATCTTCTGGAGATGAAATAAACAGAGATTTAGATACAATGACAGAGATAACAGAAGATAGAGATTTTAAAACGAATGTCAATATAGAATCACAAACTATTAAGTATGCTTTAAATCCAAATCAATTCAAAGAAGATTTACAGATTGCATTAATAGAAGGAAAAGCAACAGGAAGAACAGTAGTAAAAACAATAGATAATGTGATAAATGGTGATAAGAGTCAAGATATAGGAGATGCTGAAAGAAGAAGTCTAATAGAAATAAAAGAAGCAATAGTTAGAGTTCAAACAGCACCTGCGATGGATATTATTGCAGAAAAAGATTTAGCAGATAAAAATATACAAGCTAGACTTGGAGTAGTAATAGAAAAATTTGATCCAAATGACCCAACATTATCAGAAAAAGTAAGAGAAAGAATAGATGAGTTAAAAGCAGAAGGAAAAGAAATAGTAGCTTTTTATGATAAAATAACTAAAAAGATATTTATAAATCAAAATGCAAAAGATGAAGAAGTAAGAGCTTCTATAGCAAGAGAATACAAGATAAAAGAAGACTTAGAGCTAGGAAGAGGAAAAGTAAATGATAAAGGACAACTACGTTCAACAGTAGCAGGAGAGATAGCCTATGATGAAATAAAGGATAGATTAAAGAAAGGTGATAAAAATCCAATAAGTGCTTCAAGTTTTGATGTAGCAAAGATGGATAAGGATAGTGAAGTTACAGCAGATTTAGCAGATAAAGATGTTGAAGCTCAATATTTTAATACACTTAAGTACGTAGAAGCAATGAGTAATGGTGCTTGGGAAAAGAATCCTAAAATTTTAAAAGAAATGAGAGGAGATAA
NZ_CP077182.1_gap17	494316	497511	3195	CCAGTTGATGAAAAAGAAGAAGATTTAGTTCAAAGAGCAGATGACACAGAAGAAGTTGTTGTAAAAAGATTAGAAACTTATCATAATCAAACTGCACCAGTTTTAGATTACTATAAGGCACAAAATAAAGTGACAGAAATTGACGGAACTAAAAAATTAGAAGATATTACACAAGATATATTTAAAATTTTAGGATAGAGGAAATAAATGAGATTAATTAAAACATTAGATGAAATTAAAGGAATAAAAAAAGCAAATCAAATAATTGCAAAAATATATGCTGATATTATTCCACCATATTTAAAAGCAGGTATCACAACAAGAGAAATTGACAAAATAATTGATGACTACATTAGAAGTTGTGGAGCAAGACCTGCTTGTATTGGAGTTGAAGGATTCTATTCTCCTTTTCCTGCTGCAACTTGTATTTCAGTAAATGAAGAAGTTGTACATGGAATTCCAGGAGATAGAGTTATAAAAGATGGAGATATAGTAAGCCTTGATATAGTAACAGAACTAGATGGGTACTATGGAGATTCTGCAAAGACTTTTGCCATTGGTGAAATAGATGAAGAAAGTAGAAAACTTTTAGAAGTTACAGAAAAATCAAGAGAAATAGGAATTGAAGCAGCTGTTGTTGGAAATAGATTGGGAGATTTAGGACATGCTATTCAAGCTTATGTTGAAAAAAATGGTTTTTCTGTTGTAAGAGATTTTGCAGGACATGGTGTTGGTTTAGACTTACATGAAGAACCTATGATACCAAACTATGGTAGAAGAGGTAGAGGTTTAAAAATAGAAAATGGAATGGTTTTAGCAATAGAACCTATGGTAAATGTTGGTACATACAAAGTTGCAATTATGCCTGATGGTTGGACTGTTGTAACAAGAGATGGTAAAAGGTCTGCACACTTTGAACATAGTATAGCTATTATTGATGGTAAAGCTGTTATTTTAAGTGAATTAGACTAAATAAAATATAAGTTATTTTTGGAGGGATTAAATGAAAAAAATTATTATTTTTTTATTGTTAGTTTTATCAATTTGTGTATTTGGGAAAACAGAAGCCCAATATAAACCATATTTGAATTTAAAATCTGAAGCAAATAGAAATCCTAATGTCAACAGTTTAGTTTTTTCTGGACAAATGGAAGAAAATGGAAAAGTTGTTTCTGTATATAAAAAAAATGGAAATCTTATTTATGTTTATGGAATTGAAGGAGAAAAGCCAGAAATAACAATAGTTGGAGTATCAGGAAAAAATCTATTTAGCAATTATGGAAAATGGGCAATAGGTGAAAATTATGATAAAATTAAAGCTAATTTTTTAGTATTTAAAAATTCAAATTATACTTATGTTCTTTCTTTCTACGATGCCAAAGGGAAAATAGCAAACCGTTATATCTTAGAAGTTTATAAAAGAGGAGAATGTTGCCCAGTATTTAGTAAAGACTTGGATAATTTTACTATTTATGATGAAATTTTTACTGGCACAGCTAATAAAGATATTTTAAATAAGATACCTGAAGATTCAGATGAAAGTTATGTTCCTCAAATTTAGGTAAAATTATGATAGAGATAAGACAATTATTAAATAATAAAAAAGATGAAGCTTTATTATTTGCAAAAAAAGTTTATATTGAATGTAAAGATGAAAGTTATAGTGAACAGGGAATAGAAACTTTTTATAACTTTATTAATAATAAAGAAATAACAAAATCATTTAAGGTATATGGTGCTTTTGAAGACAATGTTTTAAAGGGAATTATAGCAACAGATAGTCAAAAAAGACATATAAGCTTATTTTTTGTAGATAAATCTTCACAAGGTAAAGGTATTGGAAAAGAATTAATAAATATTGTTGTAAATAATAATGAAAACTCATATATAACAGTTAATTCTTCAAGATATGGAGTTCCTATTTATGAAAAATTAGGCTTTGTTAAAATGGTAGAAGAAAAAGAACAAGATGGTCTTAAATTTACTCCTATGAAATTGATATTAAAAGATAAAATTATTAATAATGTTTAAAAAAGTTCTGATTTAATCAGGACTTTTTTGTTCTAAAAATTAGTTTAAATTGAATGGAAATAATTAAAAAAAATATAAAAGTTGTGCTATAATTTGATTAAAAGTTAAATTTGGAGAAAAATTATGAATGCAGAAATTGATATCAGTAATGTGAAATTAGAAACAGAAAGATTAATTCTTCGTGCTTGGGAAATTACAGATTTAGATAATTTTTTTGAATATGCTTCTGTAAATGGTGTAGGTGAAAAAGCAGGTTGGGAACATCACAAAAGTAAAGATGAAAGTTTAGAAATACTTAAAATGTTTATAGATGAAAAAAAGTTTTTGCTATTGTTCTAAAAGAAAATCAAAAAGTTATTGGTTCTATTGGTATAGAAGAATGTAGAGAAGATTTGGATACGAATTTAGAAAATTTACTTGGGAGAGAACTAGGTTATGTGTTAAGTAAAGACTATTGGAACAAGGGGATAATGACAGAAGCTATTTCAAAAGTTATTGAATATTGTTTTAAAATATTAAAATTAAATTACCTAGTAGCAACATGTTTTAATTATAATATTGAGTCAAAAAAAGTTTTAGAAAAATTAAATTTTAAATTCTATAAAGATATTATTATAAAAACAAGATACAACACAGTGGAAAAATCAACTTTAATGATTTTAAAAAATAATTAGGAGTTAAAAAATGAAAGTAAATAATCAAAAGAATTCAAATATAATGATAAAAACTTGTATATTTATCTCATTAATAATTTTTTTATTATGTTTCATAGTTATACTTTGTATTGCTTTTTCTAGTGATGATACTTATGAAATTGAAAATAATGGTGAAAGATATGGGAAGAGCGAATTCTATAAGTATAAAGATAAAATCTATGTTTTAGTTATTGGTAGTGGAATGTTGGAGGTTGAAGGAGTAGATATTCCTACTTTTAAAGTCTTTGATAAAGATAAAGAAGATGAGAGAGAGAATGTTGGCTTTGATAAAAATAGAATTTATTTTGGAAATATTGCAGTTTCAGATTTAGATACTGATAAGCTGTATTATGTAGGAAATAATTATTATAGTGATGGTACTAATAGTTATTTTTGCTCAACATCTCCAAAATCCAATGAAGAATTGTCAGCAGAAAATGCAATTATACAAAATATATCTCACTTTTTC
NZ_CP077182.1_gap18	505121	507756	2635	ATGCAACTCCACCAGCTTGGTTGGAATTAGATAGAGCTGCATTCTCAGGAAAGGTTCTACAAAACCCAACTAAAGATGATTTGGATTTTGATTTGAATGAATCTTTAATAGTTGAATTTTATTCAAGATAATGTAATCCTTTTGATAGGAGTTGATATAATGTTAAAAATAGAAAAGCAGGCTAAAGCAATAAAGATAACAGAAGTTAAAGAAAGCAATTACAAAGGGCAATTTATTGTAGAACCTTTATATAGAGGTTATGGAAATACTTTGGGAAATGCACTTAGAAGAGTTTTACTTTCATCTATACCTGGTGCAGCAATAAAAGGTATGAGAATTGAAGGAGTTTTAAGTGAATTTACTGTTATGGATGGTGTTAAAGAAGCTGTTACAGAAATTATTTTAAATGTTAAAGAAATAGTTGTAAAAGCTGAAAGTTCTGGAGAAAGAAGAATGTCACTTTCTATAAAAGGTCCTAAGGTAGTAAAAGCAGCAGATATTGTTGCAGATATTGGACTTGAAATAGTAAATCCTGAACAAGTTATTTGTACTGTAACCACTGATAGAACATTAGATATGGAATTTATAGTAGATACAGGAGAAGGATTTGTTGTATCAGAAGAAATAGATAAAAAAGATTGGCCAGTAGATTATATAGCAGTTGATGCTATTTATACACCAATTAGAAAGGTTTCTTATGAAATTCAAGATACAATGTTTGGTAGAATGACTGACTTTGATAAATTGACTTTAAATGTTGAAACTGATGGAAGTATAGAAATAAGAGATGCTATATCATATGCTGTTGAACTTTTAAAATTGCATTTAGATCCATTCTTAGAAATAGGAAATAAAATGGAAAATTTAAGAGATGATATAGAAGAAATGATTGATGAACCAATGGATATTCAAGTTATTGATGATAAATCTCATGATATGAAAATAGAAGAATTGGATTTAACAGTAAGATCTTTTAATTGCTTAAAAAAGGCTGGGATAGAGGAAGTATCTCAATTAGCAAGCTTATCTTTAAATGAATTATTAAAAATTAAAAACTTGGGAAAAAAATCTTTAGATGAGATTTTAGAAAAGATGAAAGATTTAGGATATGATCTTGAAAAAAATGGATCTCCTGAATAATTTTGAAAAGAGGAGGAAATTCTACTAATGAATCACAATAAATCATATAGAAAATTAGGAAGAAGAGCTGATCATAGAAAGGCTATGCTAAAAAATATGACTATATCTCTTGTAAAAGCTGAAAGAATAGAAACAACAGTTACAAGAGCTAAAGAATTAAGAAAATTTGCTGAAAGAATGATAACTTTTGGTAAGAAAAATACTTTAGCAGCTAGAAGAAATGCTTTTGCATTTTTAAGAGATGATGAAGCAGTAGCTAAAATATTTAATGAAATAGCACCAAAATATGCTGAAAGAAATGGTGGATACACTAGAATAATTAAGACATCTGTTAGAAAAGGTGACTCAGCGGAAATGGCTATAATTGAATTAGTTTAATAAAATTATAAAGATTTTAATTTTAAAAGCAACTCTATTTTATTTTTAGAGTTGCTTTTTTTATGTTTAATGAGAATTTTTATTTAATCCAAATTGATTTGTATCAACCCAGTCCATAGAAATAATTGACCAAAAATCTTCAGCTAAGCCATTTAAAACATAGTCATAAGGTAGCCAACCATAACCTTCTTCACCCCATGATTTTCCCCAAGAATTTCTTATTAAAAGTGCACCAGTTGTTTCAGTACCATAACGGGTATTTTTTATTTTTTTCTTATCATCATAACCAATTGCTACAACTGCATGTCCCCAATTTGCCTGTTCATCATTTCCTGGATAAGGAATAGAACCTGCTAAATCAGATGCCTCAAAAGATGAAAAACCATAAAATCCAAACATAGATGGAATCCCAGCAGCAAGATATTTTTTTACAGAATTTAAAATTTCATTTTTTGTTTGTTTTTTCCCATGGGGATCATGACAAAAATATTGAAGAGTAGCATAATTTTTTGCCATGGAATATAAAAAACTATCCGGGTCTTGATCCCAATTTGGATTAATATGACTTCCATCAAGAGTATAAGGAAAATATTTTTCATCAGGAACTCCAAATAAAACTAAAGCTCCCATAGTAGAACGCAACCATGCTCCTGAATCCCCTTCTGTCATCATTAATTTTCTTGTTGCTTTATAAATAAAAAGTCGAGATCCTTCAATATGAATTCCATGTGCTCTTCTTTGAAAATATTCTACAATCCCAACAGCAGCATTTGCTGTACAAGAACCAAGAGTTAGTTGATCTTCAATAGGTGAACACCATTCTCTTAAATCAACTGATTTAGGGAGTTTTTCTTCTTTTTTATCATTTTCTATTCCTAATTTTTCAGCTAACTTCATAATCTTGGGGTGATCACTTCCATAATCTCTCATATCTGGTAAAGGAGGAAGCCAACCAGTTCCAATGATTTCTCCTTCTTTTTTCCCTTTTGAAAATTTTCTTTTAGTGTAGGCTTGATACATATTTATCATTCTTTACCTCCCATATTTTAAAATTTAATACTTTCTGGACTTGTAATAACTATTCCAGTAGCTTCTATATTTGCCATAGGGTCAAATT
NZ_CP077182.1_gap19	511500	514219	2719	ATATATGTCTAATTTATATTATGACGGAGCATGGATAGATTTAATTGCAGTTGTGGAAGGGCATAGAAATAAGGGTATAGGCAAAAAATTACTTAAATTTGCTGAAAACAAAGTGAAAGAAAAGAAAGGTACAGTTTTAACTGGCTTAGTAAGAAAAGATAATTTTTCTTCTTCTACAATGTTTTTAAATTCAAATTTTAAACCTAGTGAAAAAAATTTTATTTTATACTTAAAAGATATCTAAGAATAATCAATAATACTTAGGGATTATTGTAAAAAGAATTTTAATTTTTATAATATTCCTTTTATTTTTTGAGTAAAATAAATAGTTAATATAGCTGAAAAATAATATTTGCAATTACCATATATTTAATGTATAATTACAGAAAAAATTTTTTAAATTTCTATAAATTAAAGGAGATAAAAACATGAATAATTTATTAGACAACTTTGGTACTAACTGTTTCTCAGAAAAAAATTTAAAGAACAGAGTCCCAGATTATGTAGTTAAGAAATTTTTAGAAATCAAAAATGGAAAAGCAGAACTTACACTTGAAATTGCAGATATAATAGCAAATGCTATAAAAATGTGGGCATTGGAAAAAGGGGCAACACATTATACACATTGGTTTCAACCTCTTACTGACCTTACAGCTGAAAAACATGAATCTTTCATATCTATTAATTCAGATGGAACAAATATGGCAAAATTTTCAGGAAAGGATTTAATGAAAGGAGAATCTGATACTTCTTCATTTCCAAATGGAGGGTTAAGATCAACTTTTGAAGCAAGAGGTTATACTGCTTGGGATATAAGTTCACCTATGTTTTTAAAAGGGGAAGAAGGTTGTAAAACATTATACATTCCAACAGCTTTTATAGCATATAATGGTGAGGCTTTGGATAAAAAAGTTCCTTTACTTCGTTCTATAAATTCTTTAAAAGAACAGGCTTTAAAAATTCAAAAATTATTAGGAGATAATGAAACTGAAAATATAAATGTAACTCTTGGTGTAGAACAAGAATACTTTTTAGTTGATAAAAAATTTTTCTATAAAAGACAAGATTTAGTTTTGTCTGGTAAAACAGTTTTTGGTTGTTTACCACCAAAAGGGCAACAAATGAATGATCATTATTATGGAATGATAAAAGAAAGAATAGAAAATTTTATGGCTGAACTTGACAATGAACTTTGGAAAGTTGGAGTTATGTCAAAGACAAAACATAATGAAGTAGCTCCAAATCAATTTGAAATTGCACTGATGTTCAGTACTGCTAATGTTTCTGTTGATCAAAATCAAATTACTATGGATATGATTAAAAAGGTTGCTAATAGACATAATATGGTAGCACTTTTACATGAAAAACCATTTCAAGGTGTAAATGGTTCAGGGAAACATTGTAATTGGTCATTATCTACCGATAAAGGAGTAAATCTATATGACCCAGAAACACTTACAGAAAATAATTTAAGCTTTTTAGTTTATTTGCTTGCTGTGATTGAAGGTGTGGATAGATATGCTTCTGCACTCAGAGCAACAACTGCTACTCCTGGAAATGATTATAGATTAGGAGGACATGAAGCCCCACCAGCAATTATATCTATTTTTTTAGGTGATCAATTAGAAAATATTTTAGAAAATATTGAAAGTGTAAATTTTAATAATAATTCAAATTCACACCCAAGTGAGATAACAATAGATAAAAATATTTCAAGAATTCCAAAAGATATTTCTGATAGAAATAGAACTTCTCCTATGGCTTTTACTGGAAATAAGTTTGAGTTTAGAATGCCAGGTTCTAGTGCCTCACCAGCAACACCTATATTTGTTTTAAATACAATAGTTGCTGATATATTAAAAGAATATAGTGAATACTTAGAAAAAGAATTAAAAAATAAATCTGTTAAAGAAGTTGTTATAGCCCTTGTAAAAGATAGATATAATAAACACAAGAGAATTATATTTAATGGAAATGGCTATGAACAAAAATGGGTGGATGAAGCTAAAAAAAGAGGACTTCCTAATTTAAAAGATACAGTTGAAGGCTTACCTGCATTGATAGAGGAAGATATTATACAATTATTTGAAAGAAATTCTGTACTTTCAAGAAGTGAATCACTTTCAAGATTTCATGTCTATGTAGAAAGATATAATAAACAATGTAATCTTGAAGTTTCAACTGGAATTAAAATTGTAAGAAATCAAGTTTATCCATTTGTAATAAAATATATTTCTAATCTTTCAAAATCTATACATCGTTCAAGAAAAATTTTCCCAGATGAAGATTTATTCAAGTATGATATAGACATTTTAAAAGAAATAATTTTGCTAAAAAATGATATGTTAATATATACTGATAAATTAGAAGAAAATTTGGCTAGTGCTATAAAAATTAAAGATTTGTATCAAAGGGCTAGATTCTACGCAAATGAGGTTAAACCAACATTAGAAAAACTTAGAGAAAAAGTGGATAAATTAGAAGAAAAGATTGCTACTGATGCTTGGCCTATACCAAGTTATTATGACTTGTTATTTAATTTATAAATTTAAACTCCTTATAATTTTAAAAGTAGATAAATTTTTTCTTTTTAAATATGGTATAATATTTTATAAGTAAATAATTTTTAGTGAGGAGTGAGAAAATGTCAAGAAAATTAGAAAACTTAAAACCAGAAAGAGTATTTTATTATTTTGAAGAATTATCTAAAATTCCAAGA
NZ_CP077182.1_gap20	611187	614583	3396	TTATAATCAAAACCATTAAGGTCATAAGCTGTTTTCGTGGATTGATTCATATGCTTTCTATTAAAGCCTTGTCGGTTAAATCCATTTGCTGCATATCCTTCTGAATCAAGTCCATCTTTTCCATATACTCCCATAGTATGCCAATTATGTTTTGTGTTATTATTAAAACCATTTTTAGAATAATATGAAGCACATCCTCCAAATAATAGTAAAAATAATAAAATTATTCCTAAATAAACTTTTTTATTAAATAACTTTATTATATTTTTCACAAAATTTCCTCCTACTTTATATTCAAAATTTTGCCAAAACATTGTACTATAATTCAAATTTCTAAATACTTTTGGAAAAACAAAGATTGCAATCCCAAAAGTTAAGAAAGAAGCTATAAAAAATCCTACTCCTGTGTATTGTTTTCCAAGTTTTCCAAAAATATATGTAAAGAAAAAATTAGAAAACAATAAAAAGAATGCTATACATATTCCATGTATTCTTAGATCAAAATACAAGTAAAGAGTAATTAATATAGACACAAAGGTTGCACAATAAGTTGAAAAAACGCTTACCCTAAATAAATCCAGCAAATAAATATCCATATCAAAATATGTGAAAACTGCATTTGCCAATAAGACACAAGTAAGTGAAATTAAAAATTGTAACTCCATTCCATATAGAATCTCTTGATATAATGTTTGTTTCATTTTGCTGAGAGAATTTTCAATTTCAGAATATGTCCCTGTTTTACAAATCTTTTTATAATATTCCTTGTATACAGGTAAAAATTTTGTTTCTAAGAAAATAGCAAAATAGACTATACTTGGTATAGAAATACAGTAACAATAGAAAATAGCAACTTCATATAAAGGAGAAACTTGGAAAACTCCAGCTATTCTATAAGAATCTCCGACAATCCAGTTCATAAAGACATGTCCCCAGACTCCAACAGAATAAAAGAATCCTATTAAAACCAAGCTGAAATATCCTTTTAGATATGTTAGAAATTCAAAATTATTTTCACTTTTTCCTTTAAAGGCTCTTAAGATGTAACTTGAAGTAAGTATAAAATTAATAAAAATTCCTATTCCATAGGATAATAACATCCAAAAAATAGGCTCTTCTTCAAAAAATGTTACTGGGTATTTCAAAAAATAAAAACCTAGTGCCATTGAGATAAAGTTTCCAAAAAAGAAGCTAAAAATTAAGAAGTGATATTTCTTTAAAAGGGAGATAAAAATCATAGAAACCCATGATAAACTCATAAATACAAAAAGAAATACAAAACTTGCTTTATATGGAATTGATAAATCTCCATTCTTAATAAATAAAAAACTAATAAAAAATGCAAGAATAGCTACCAATTTTATACTCCCAAAATATGCACCTCTAATTTTAGAAATCTTTTTTTTAAATACACAATCAGATACATACCTTGTTATTATATATTGAAAAATACAAGTTAATATTTGTGAAAATATAAAACAATAAAAAATGCTACTCATAAAAATTAGCTGTTTAGGTCTAGCTAATTCTATTTGGTTAGAAATCCAGATTATTATATTTAAAGATGTTGCAGTGATAAGCCATGGACCAACACTTACAATAATTGAAAATATAATTGCTCTTAGATTTGCAAAAGGAAGCTCTTCTTCCTCTGAAAATAATTTTTTTAATTCAAAGCCTATACCAGCCATTTTAATCTCCTAATTCTTCATACAATTCACGATATTGTCCTATAAAAGACTCTTTTGTATAATATTTTTTAACTATTTTTTTTCCATTTTCAGAAAATTCATTTAATTTTTCTGTATTTTTATATAACTTTAAAAATGCTTCTGCTAAATCAGTATAAGATGTTGGTGGAATTATTAATCCTGCTTCCCCAATATCTTTTTTTTCTAAAAGTATTTCACGACAATTTCCAACATCTGTTGCAATAAAAGGGATTCCAGAAGCAAGACCTTCTAAAATGCTTAATGGCTGCCCTTCTGAAATAGATGTTAAAATTAATAAATCTAAAAAGGAATAGTATTCTAAAACATTAGCTCTTCCAGTAAAAATTACTTTTTCTTCTAGTTTCAAGTTTTTTACTAACTCTAAACATTCTTCATAATATTCTTTATCTTCATCTGTTGGACCAATTAACCAAAGAGTTGCATCAGGCATATTTTTTTCTGCTATTTTAAATCCTTTAATCATCATTTTTATATCTTTAATTGGTACAACTCTTAACACAGAACCAATATGAAAACCTTCTCTTTTCTTCTTTATAATATCTCCATATTTTTTTTCATCTACACCATTTGGTATTACTTTAGTCTTTTTTTCATCAGCCCCATAGTATATCTGAATACCTCTGGTATATTCAAAGAGTGAAATAATCTTGTCACTATATTGATAAGCTAATTTAGATAAATAATAGAAATAATCTATCCAAATATTTTTAAAATCTGCATCTATCCAATTTGCTCCTAAAATTTCTTCTTCTCTTTCTCTTGGATAAATTCCGTGTTCAGTCAATAAAAACTTTCCCATTTTTCTATGTGCAACTAAACAGCCTATAAAACCAGCATATCCTGTTGTTACACAATGATAAATATCAGCTTTTGGGATATCTTCTTGCCCAATTTTTAATAAATTTAAAATAATATTTCTATATGTCCAATAGTATATGCTAAAATTTCCTTTTTCATGGTATTTTTCATATTGTTTTAATAATACATCCCAATATTCCTGACTTAAAATAATTTCAAGGGGACTTCCCATTTTTTTAGAAAACAATTTTTCTATTATATTTACTTTCTCATCAGTATTTCCATCTATTTGAAAATGTATCAGTTCTTTTATACTATCTTTTTTTTCTTCATTTTCTTGAAGACCAGCTTTAATAAATGAAGAATATGAGAAATACAAAGAAGAATCCATAAAAATATTTTTTATCTCTACAACATTTTTAGGAATTTGATATTTTAATTTCGCAAACTTTTCATCTGGTATAATACATAATATTTTAAAGTCATGTTGTGGATTTGAAGTTATTAACTCATGTACCCATGCTGATACACCCCCTACAACATAGGGATATGCCCCCTCACACACAAAACATATTGTAGCCATTATTCATTTACTCCTTTACATATTGTTTAAAACAATAAGGAATCTCTATATTTTTTGATTTATATTTTTTCAATATTTCCAATAAATCCTCAAAACGATTTTCCTGATATAAAAAATAACAGTAATCTTGAATATCTTTTTTTTCTTCCTTTTTCTTTATCCTCTTTTTCAAGATATCTTCATAGTCTTTTTTTTCATTACCTAATTTACAAAGAGAAAGCAATTCTTCTTCCTTATCAATAGTATTTTTATCCAAGCTTCCTAATAATTCAGCTGCTTTTC
NZ_CP077182.1_gap21	616606	619867	3261	CTTTCCCTGTTTTTTGAATCCCAGAAATAGAATTAAAGGGATTATATTCAGAAGTATTTAAAAAAATTAAGTTTTTTCCATTATAAGTTGCCTGTTTAACAGCTTCAAAAGTTGATTTTTGTAATCCTATAAAACTGTCTGTTGCAAAAATAAAAGTATCATACCCATCTGTTGATACAATATTTCCAATATCAGCTAAAGTATAATTTATTTTATTAAATATAAAGCTTTCTTCTAAATTTTTTAATATGTCCTTAGATTGAGATGATTTTTCATTATAAAAAACTAACATTTTTTGTGGCTTATCAAAGGTAAATGCGGTATTTTTAGCTGGTTTTTTATCAAAAGAAAAATTTTGTTCCAATGAAAAAAATCCTCCTTTATCTATAACACGATTTATTTGCAAAATTAGAACTATAATAAAAATAGCAATAAAAAAGTAAATAAACTTGTTAGTCCCCTCTTTTTTGTAGAATTTCATTTATTTCCTCCATTAAAATTTTAAATAATTCAAAATTATATTTTTCCCCAGTTGTGTAACTAAAATTTTCTATTTCTAAAAAGCCTATTATATTTTTTTTATTATATAAAGGTCCTATAAAAATTGGCTGTTTTCCAGTGATATCAAATGGAAAATTTAAACTAGTACTTTTTTTAGATACCTCTAAAAACCTTTCTCCCTCTTTTGTATTCAATAAAATTTCCCTTTCCATTTTACTTTTTCCTATTTCAAATGTTCTTATCAATCTGTTATCAATCAAAGAGTATATAGAACAGACCTTGCAATCTAAAAGTTGTCCAAATATTTCTAATATTTTTTTATATAATTCTTCTTTTTTTGATTGAAAAAGTTCTTTTTTTAGATTATGAAATGATACAATGCTTCCCTCACTTCTTATAATTTGATTTTTTAAAGAAATGTTTATATCTAGTAATTGTTGATTTTTTTCTTTTTCTTCTTGAAAGTTATTTTCTAAGTGTTCAAATCCATTTTTTAAATCCTCTTCACGATTTTTATAATTCAATTTGAATTTTCCAAGTATCATTGCAGTAAATAAAAACATTAAGAAAAATTTATAATACTGAAATTTTAAAAGAAATAGAATCATATCATTACCAGAATGTAAATAGGCAAAAATATATCCAGAAATTGCAATAAAAGAACTTAAAATACCTAAGTAGGTTCCATATCGTAAGGACATTAAAGCAACCATTATTTCTAAGGGATGCAAATTTAAAACCAAAAATTCCTTTTTAGTATAAGGCAAAAAATAAAAAATGAGTAAAACCAATATGGTATAAACTACACTTTCTAATAAACAGCGAAAAATTATTTTCATTTTAGTACTCCTCTTTCTGATTTTTGTTACAAAACTATATTTTATGTAAGTAATTAGTATTCAACATTATTTATAAGACATTTTTTTATTTTAGCAAACACATGTTATTTTTTCAAGTCTTTTTATATAGTTTTTATAAAAATTTAGTTTAAACAGCTAAAATTATACTTTTTGAGTATTCTTTAATTTTTTTATTTTGTTAAAAACAAAAAATACTAGACTTAAAAAAAATATTATATAATAAGGACTGAACATTTTTTAATATTCATATAATATTCATATAATATCCATATAATATATATATAATACTTAAATGAATATTATATGAATAAATAACAAAAAATAAAAAAATAAAACAATTTATATTAAAGGAGGAGATAAAAAATGCAAACTATCCTAGTTACAGGAGGAGCTGGGTATATTGGTTCACACGCTGTTGTAGAATTATTAGATAATAATTATGATGTTGTAGTCATTGATACATTAGAAAATGGATTTAAAGAATTTGTTGATAAAAGAGCAAAATTTTATCAAGGGAATGTGCAAGATTTTGAATTAATGTCAAGAATATTTCAAGAAAATAAGATAGAGGCTGTTATGCATTTTGCTGGTTATATTAGAGTTCCAGAAAGTGTAGATAATCCTAATAAGTATTATTTTAATAATACCTATACAACTATGTGTTTAATACAATCAATGGTAAAACATAATGTAAAAAATATAATTTTTTCTTCAACAGCAGCAGTCTATGGAGAAATTATAGAAGATCAACCTATTGATGAAAAACATTCAACAATTCCTATTAATCCTTATGGTGCAAGCAAATTAATGTCAGAAAGAATTATTTTAGATTGTGCTAAAGCCTATGGATTAAATTATTCCATTTTTAGATATTTTAATGTTGCAGGGGCACATGAAAAATATCCTATTGGTCAAAAAGGAGAGGGAGTAACATCACTTATAACTTTGACTTTACAAGCTGCAAAAGATTCAAATAGAGTTTTAGAAGTTTTTGGTGATGATTTTCCAACAAAAGATGGTACAGGAATTAGAGATTATATTCATGTAGTAGATTTAGTAAAAGCTCATATTTTATCTTTGAAATTACTATTTAAAAATGAAAGTAACATTTTTAATCTTGGTAATGGAAATGGTTTTTCTGTATTGGAAACTGTTGAAGCAGCTAGAAAAGTAACTTGTAAAAAAATTTCATACAAAATAACAGGTAGAAGAAAAGGTGATCCTGCTTGTGTCATTGCTTCTTCAAAAAAAGCACAAAAATTATTGGGATGGAAAACTCAATATACAAATGTAGAAAAAATTATTGAGACAGGTTGGCGTTTTGTAGAAAATCTATAAATATAAAAATCTCTTTTAGTTTTAAACTTTATTATACTAAAAGAGATTTTTGCATTTTTACATCATCACATTTTTATTTTTAGATACTCTCATAAATATTAATAGTGAAATAACAGTCATCAAAGTTAAAATTGCTGACATAGCAGCAGCTATTCCATAACTTCCTCTTGATACATAAACATATATTTGTAATGTCAATGTAATTGTCTTATAATTATATAAAATTATACTTGAAGAAAGTTCTGTGATAATTGTTATCCAACTTAAAAGAGCACCAGAAATAATACCATTCATCATCATAGGGGTTGTTATCTTAAAAAATGATTTCATACGAGAAGCTCCTAAACTAATTGCTGCCTCTTCAATAGAAATAGGAATTTGTTGAAGTATAGCAACAGAAGATCTTATAGTATAGGCATTTCTTCTTATAATTAAGGATATCACCATTATTAAGAATGTTCCAACTAAAACAAAAGGTTTTTTATTAAAAGCACTTACCAAGGCTATTCCCACAACTGAACCAGGAATAACATAAGGTACCATAGATAAAGTATCTATTGTC
NZ_CP077182.1_gap22	621121	624503	3382	AATTATACTATCAATTTTAGATTCTTGAACTATTTCAATTTTTTCTCCACTTTCTAAATGAGCAAAATAATGAGTGTTTAAACCTAAAAATACACTACTATCTATAAAGGCTTTCATTCCATCTTTTGTTTGATTTTCATCAATTACAAATTCTTCTGGTCTTATTGAAATAACAACATTTCCTTTAATATTTTTATCTTTTATATTATTTAAGGTTACATCATATTTTCCAGCCACTTTTAAAATTGAACCATTTAGATTTCCATTTAATACATTTGTTTTACCTATAAAAGTTGCAACAAATAAATTAGCTGGTCTTTGATAAATATCTTTTGGTTGCCCTAAATGTTGAATTTCACCATCTTTCATAACTGCAATTCTATCACTAACAGCCATAGCTTCTTCTTGATCGTGAGTTACATATACAGTTGTAATTCCAATACTATTTTGAATTTCTTTTATAGCTGTTCTCATTTCAACTCTTAATTTGGCATCTAAGTTACTTAAAGGCTCATCCATCAATAAGACATCAGGTTTTATAACCAAAGCTCTTGCTAAGGCAACTCTTTGTTGTTGCCCTCCTGACAATCTTTCAGGCATTCTATCCCTATATTCATCAATTTGCATAAGTTTTAAAAATTTCTCTGTTTCTATTTTCATTTCTTCCTTAGAAACTTTTCTATTTTTTAAACCAAACTCTACATTTTGCTCAACGGTTAAATGTGGAAAAATAGCATAATTTTGAAATACCATTCCAATATTTCTCTTAGCAGGGTCTAAATCATTTATTCTTTTTTCATTAAAATAAAAATTTCCCTTTTCAATGGAATTAAAACCAGCTATCATTCTTAAGAGAGTAGTTTTTCCACATCCAGAAGGTCCAAGGAGAGTAAAAAACTCCCCTTGTTTTATATCAATAGATAAATTTTCAATTATAATATTATCTCCATATCTTTTTTGAGCATTTTCTATTTTTATATTTACACTCATTAATTTTCTCCTAACTATTTTGTTAATATATTAGTCCATCTTTCTTGCCATTCTTTTCTGTGTTCTGCACAGTAAGGAATATCTTCATAGGCAACTTTAATTTCATCAAATGGTTTTATAAATTCACTTGTATTTTTAATAGAAGTATTTACTGGTCTTGTTGAAGTTTCAGCAACAACTTTTTGCCCTTCATCTGAAATTAAGAAATCAACAAACTTTTTAGCATTTTCCATATGAGGTGCATTTTTAACTATTGCAGCAGCTCCTGGTAACCATACAGAACCTTCTTCTGGATAAACAAGTTTCAAATTAGTAGCTCCATCTTGAAGTAATGTTACAGCTGGATTTTCATAAGTAACTCCTACTGCATATTCTCCATCAGCAGTAGCTTTATAGATTTGAGAAGATGAAGATAAGATAGTTCCATCTAATTGAGCAATAAATTTTTCAATAAATTTCCAAGCTTTTTCATCATAAGGTTTTTCTCCCATAACGAGTAACATATTTGTAAGTTCAGCTATTGCACTACTACTTGCTGTTGGATCTCCCATAGCAATTTTACCTTTTAATTCAGGTAATAATAAATCTTTATATCCAGTAAATTTATCAGGGTCTAGTTCTAATTTTTTAAATACATCTTTATTTACAAGTAATGCTGCACTACCATCTAATTTGTAGTTTGTAAAGAAACCAGTAGTATTTTTATATGCATCAGGAACATTTTTTTCATTTTCAGAAGTATAACTTTCCCACAAATCAGGAGTTGTTGCAAGTACACCCATACTTATAGCTCCCCAGTTAATATCAGCTTGAGGATTTTCTTTTTCAGCAGAAATTCTTGCAAGAACATCTCCACTTCCCATTGATTGTAAAATAACTTTTATTCCAGTAGCTTCTTCAAAAGCTGGAATTATTTTATTTACTTCATCATCAGCATTGGGAGAGTATATTACTAATTCATTTGAACCTTGAGTTTCAGGAGCTGCTTCTGTTTTTTCTTTATCTCCTCCACAAGCAGCGAACATAAAAATAATACCAATTGACATTAATAAAAATTTAACAAACTTTTTCATTTCTTTATTGAGACTGTATAGTCTCGTCCTCCTTTTTTATAAAATTAATGAATTTAATACATTATAACTAATTATAGAATAAAACCATATAATTTTCAAGTATCTAAAAATGTACAATTATTTCTCTTGTTGAAAATACAACTTTATTTTCCCTTATCAACTCTAACATATTATTTTTTTCTTCATCAGTTAAAAATGGATAATATAAATTATTATTTCTTTTAAAAACACTTATATCACTATAATCAACATACTCAATATTCTTAGGTATAGAATAATCATCTATAATTTTATTAAAGTTATTAACTTCAATATTTTTATTTGAAATTATAAGAATATTATTTGTCAATAGAGAATTGATTTTTTCTATTTCAGTAAAATTTTCAAAAATATAAAAATCTGCTTTTTCTTTTTCATTATTTATAGAAAGCCTTAAATTCCTATATTTACAATAAAATTTAATAGTGTCAATTATTGTCGTTGCTCCTCTTTTTCTATCTATAATAGCCAAAGTTTTTTTCTTATCTTTAAAAATTGAAGCCAAAACTTTTTTCTGTATAGAATTATATTCAAAATTTCCAATTAAAAGGTTTTTAATCTCTTTAAATATTAAAGCATCTTTTAAAGGAAAAGATTTTAAACCACTATCTTTTATTACATCAATCTCTAAATGTAAATTTATATTTTCACTTTTTAAATATTTCTTTTTTATTTTCACAGAAAATTCATAATTAAATTTATTTTTTAAAATAGTTAAAATTTTTACTAAATTACTATCTATATTTTCTATAATTGTTCTATCTTTTGTTATAGCTACTCCATAATCATTAAAAATCAAATTCAAAGGTTCTTCTATATCTGATCTTTTAGGATATACAACTGTTTCTATTGGAAAAGAAATATCTCTTCCATTCAATTCTAAATAATCATCTTTAAAATCAATATTATCATTAGAATTTTTAATATCTTCAAGCTGTAATTTACACATATATCTATCTTTAAAAGTTTCTAATTTTAATTTAAAAGCTATATCAATATTTTTTGAACTTGAAATAATATCATAATAATCTCCACCACCAAAAAATATACAGTTTTTAAAGTAATATCCATCTTTTTTTATATCTAACATCAAATGTTCTGTGCTATTTTTTGTAAATCTTAAATTTTTATATTCACAATTTCTAAAAGTAAAAATAGGAGTATAATTTTTAGCTCCATAAGGTTCTAAGATTTCTAACTCTTTTAAAAATTCATAGTTTACTTTATAAGGTGCTAATATTTTTTCTATTTTTAATTTCTTTATAAATAAATCTTTATCA
NZ_CP077182.1_gap23	627544	631874	4330	TGCTGGAAATTATAGAGAAGCTCTTGAAGATGCTGGAATAAATGTTGATAGTATTGTAAAAGAGGCTTTTTATAAGGAATCATTTGAGGTTTTTAAAAATATTTATTACAATTTAAAACATAAAATTTTTGACAAATTAAATATAAAATATGATATTACAGAATATATTAATCATAGAGATGATTATAGAAAACAAGGAGCCTTTTCTATTGTAGGAATGATTATGCCTAATTTAAAGTTTGTTGTAAATGGAGAAGAAACAGGACCTATTTTAGATTTTATAACAGATAAAGGTGTCAGAAATAAACTTTTAAATGGAGAAACAGTAGAAGTTATTTTAGATGACAACTATTATTTAGCATTAGGAGATAATACAGACAATAGTAAAGATTCCAGATACATAGGGTTTATCAAAGAGAGTAGAATAAGAGGAAGAGCCTTAGTTAGATTCTGGCCTTTAAACAGAATAGGATTGGTGAAATAAGGAATATTAATGATAAAAAAATTGACAAGTAATAATATAGACTATATAGAACAAATTTTTAATTTAGAAAAAGAAATTTTTAAAAGTTCTGCTTTTAGTAAAAGTTATTTGAATACTTTAATAAAAGGAGATAATTCTTTTATCTATGTTTATTTAATAGATGATAAAGTTTGTGGATATTTAATGATTCTTGATAGTATAGATGTCTATGAAATTCTTGCAATAGCAGCTGTTGAAGAATATAGAAATAAAGGTATAGCACAAGAACTTTTAGATAAAATAAAAACAAAAGACATTTTTTTAGAGGTGAGAGAAAGTAATAAAGTAGCCATAAATTTTTACAAAAAAAATAATTTTAAAGAAATATCAATCAGAAAAAATTATTATTCAGAGCCAACTGAAAATGCTATTATAATGAAATTGGAGGTAAATGTAAATAATGAATAATGAAATCTATTCAAACCCATTATGTGAAAGATACAGTTCAAAAGAAATGATGTATAACTTTTCTCCTGATAAAAAATTTTCAACTTGGAGAAAACTTTGGATTGCTCTTGCAGAATCTGAAAAAGAATTAGGACTTAATATATCACAAGAACAAATTGATGAAATGAAAAAAAATATTCATAACATAGACTATGAACTGGCTGCAAAAAAAGAAAAGGAATTTAGACATGATGTTATGGCTCATGTACATACATTTGGTACACAAGCTCCAGTAGCTATGCCTATAATACACTTAGGAGCTACAAGTGCTTTTGTTGGTGATAACACAGATTTAATACAAATTAAAGATGGTCTTCAAATTATAAAAGCAAAACTTATAAATGTTATGAACAATCTTTCTAAATTTGCATTGGATAATAAAAGTGTAGCAACTTTAGGATTTACGCATTTTCAAGCAGCTCAACTTACAACTGTTGGAAAAAGAGCTACATTATGGTTACAATCTTTAATGTTAGATTTAGAAGAATTAGAATTTAGAGAAAAAACTTTAAGATTTAGAGGAGTTAAAGGAACTACTGGTACACAAGCAAGTTTTAAAGATTTATTCAATGGAGATTTTTCAAAAGTTGAAGAATTAGATATTTTAGTTTCTAAAAAAATGGGCTTTGATAAAAGATTTTCAGTAACAGGTCAAACTTATGATAGAAAAGTTGATTCAGAAATAATGAACTTACTTGCAAATATAGCTCAATCTGCTCATAAGTTTACTAATGATTTAAGATTATTACAACATTTAAAAGAAGTTGAAGAACCTTTTGAAAAAAATCAAATTGGTTCATCTGCTATGGCATATAAAAGAAATCCTATGAGAAGTGAAAGAATTTCATCTCTTGCTAAATTTGTTATAGCATTACAACAAAGTACAGCAATGGTTGCTTCAACTCAATGGTTTGAAAGAACTCTTGATGATTCAGCTAATAAGAGATTGGCTTTACCACAAGCATTTTTAGCTGTAGATGCAATATTAATTATTTGGAATAATATTATGGAAGGTTTGGTAGTATATGATAAAATAATAGAAAAACATATAATGAGTGAACTTCCATTTATGGCAACTGAATATATAATAATGGAATGTGTAAAAGCTGGTGGAGATAGACAAGAATTACACGAAAGAATTAGAGTTCATTCTATGGAAGCTGGTAGGGAAGTAAAGGTTGAAGGAAAAGATAATGATTTAATAGATAGAATAGTTAATGATGAGTATTTTAAATTAGATAAAACTAAATTACTTTCTATTTTAGAGTCTAAAAACTTTATTGGTTTTGCTCCTGAACAAACAGAAAAATTTATCAATACTGAAATAAAACCAATATTAGAAAAATATAAAAATCTTTTAGGAATGAATTCAGAATTAAAGGTATAACAAAATATAATAAGGAAGTGGAGTGAGTTTATGATAAAAAAAGAATATAGAGAAGAAATTTATCTAATTGCCTTGGTACTTTTAGGCTTATATCTTTCTCTTATTGAAAATATAATACCTAAACCATTTCCTTGGATGAAAATTGGTTTATCAAATATATCTGTACTTATAGCACTTGAAAAATTTAATTCAAAAATGGCTCTACAAGCTATTTTGCTTAGAGTTTTTATACAAGCTCTTATGTTAGGAACATTATTTACTCCTAATTTTATTATAAGTTTTAGTGCTGGGCTTATAAGTACACTATTTATGATTTTTTTATATAAATTTAGAAAATATTTATCATTATTATCTATAAGTTGTATTTCAGCATTTACTCATAATCTTTTACAGCTTATAGTGGTCTATTTTTTGCTATTTAGAAATATATCTTTAAATAGTAAATCAATAATAATTTTTATAGTTATTTTCTTAGGATTAGGTGTAATTATGGGCTTAATAACAGGGATTATAACTACAAAAATAAATTTAAAAAGAAATAAAATTTAAAAAATATATAAAAGGAGTGATTTTTGTGGGCAGATACTTTGGAACAGATGGCATTAGAGGGGAAGCCAATAGAGAATTAACTGTTGAAAAAGCACTAAGGCTTGGCTATGCTCTTGGCTATTATTTGAGAAATACTTATAAAAATGAAGAAAAAATAAAAGTAGTTATGGGAAGTGATACTAGAATATCTGGATATATGTTAAGATCTGCTTTAACAGCTGGACTTACTTCAATGGGTATTTATATAGATTTTGTTGGGGTTATTCCTACACCAGCAGTTGCTTATATAACAAGGTTAAAAAATGCCAAAGCAGGTATTATGATTTCTGCTTCACATAATCCAGCAAAAGACAATGGTATAAAAATATTTAATTTAGAAGGTTATAAATTTTCAGATGAAATAGAAAATCAAATTGAAGATTATATGGATAATTTAGATAGTATTTTAATTAATCCTTTAGCTGGGGACAAAGTTGGTAAATTTAAGTATGCAGAAGATGAGTATTTCCAATATAAAAATTATCTTACTCAATGTGTAAAAGGTAATTTCAAAGATATGAAAATTGTGCTCGATACAGCTAATGGAGCTGCATATAGAGCAGCAAAAGATGTATTTTTAGATTTAGGAGCTGAACTTGTTGTTATAAATGATGCTCCTAATGGAAGAAATATAAATGTAAAATGTGGATCAACACATCCAGAAATTTTAACAAAAGTGGTTGTAGGTTATGAAGCTGATTTAGGTTTGGCTTATGATGGAGATGCTGATAGACTTATAGCAGTTGATAAATTTGGAAATATTATAGATGGTGATAAGATTATTGGGATTTTAGCTCTTGGTATGAAAAATAAAGGAACTTTAAAAAATAATAAAGTTGTTACTACTGTTATGAGTAATATAGGTTTTGAAAAATATTTAAAGGAAAATGATATAGAACTTTTAAGAGCAAATGTTGGTGATAGAAATGTTCTTGAAAAAATGTTAGAAGAAGATATTGTTATTGGTGGAGAACAATCAGGACATATAATCTTAAAAGATTATGCTACAACAGGAGATGGTATTTTATCATCTTTAAAACTTGTAGAAGTTATTAGAGATACAGGAAAAGATTTACATGAATTAGTTTCTGCTATAAAAGATGCTCCTCAAACTCTAATAAATGTAAAAGTTGATAATGCTAAAAAAAATACTTGGGATAAAAATAAGGGTATTATATCTTTTATTGATGAAGTAAATAAAAAATATGGTGAAGAAATTAGAATTTTAGTGAGAAAATCTGGAACAGAACCTTTAATAAGAGTTATGACAGAGGGAGAAAATAAACAACTTGTACATAAATTAGCAGAAGATATTGCTAAGTTAATTGAAATTGAATTAAATTAATAAAAATATTTATTAAATAGTGTGAGAACACCTGCAATAC
NZ_CP077182.1_gap24	658418	662966	4548	TTTGGACGTATGAATAAAGCCAAAGAAGAGAGTAGTTCTGCTTTTGGATATTTGAATGAAGCTAGTGGAAAGTGGAGTAATGCTTTTGGTAGTCTATATAAAGTTACTGGCGAAGCTTCTGGTGCTTTTGGTGTAGGTGAAGTTTATGATTATGTTCATTATAATCATAAATATATAAATGAAGGTAAAAATTCATATATGTTTGGTAATTATAATAAAATAGCTGCAGGTACTCAAAATAACTTTATCTTAGGTAATAATGTTTCTATTGGTAGTGGTATTAATAATTCAGTAGCTCTTGGTAATAACTCAACTGTTTCTTCTTCTAATGAAGTTTCTGTTGGTTCTGGAACTTTAAAAAGAAAAATAGTTAATGTTGGAGATGGAGAAATTTCTAACAGTTCTACTGATGCTGTTAATGGTAGACAATTATACAGTGGAGAGGGAATTGACACTGCTGCTTGGAAAGCTAAATTAGGTGTTGGTTCTGGTGGAAGTGGAGGAGCTATTGATGCCTATACCAAAAATGAAGCTGATAATAAATTTGCAAATAAAACTGATTTGAATGATTATACTAAAAAAGATGATTATATAGATGCTAAAGGCATTGATATTGATAAATGGAAGGCTAAACTTGGTACTGGAGCTAGCTCTACTGATATTCAAAATTTAAGAAATGAAGTATATGAAAAAATTGATAATGTAAAAGATGAAGTAAGAGATGTAGGTTCTTTAAGTGCTGCTCTTGCTGGATTACATCCTATGCAATATGACCCAAAAGCTCCTGCACAAGTTATGGCTGCATTAGGACATTATAAAAATAAACAAGCTATTGCTGTTGGAGCAAGTTATCACTTCAATGATAAATTTATGGTAAGTACAGGTGTTGCTCTTTCAGGAGAAAAGAGAACTGAAACTATGGCTAATGTAGGCTTTACTGTTAAACTTGGTAAGGGTAGTGGAGTTAGTTATAATGAAACACCTCAATATGTTGTTCAAAATGAAGTTAAGAGATTGACAGTTGAAAATCAAGATTTAAAATCTAAAATTAATAATCAAGACAATAGAATAAAAGAACAAGATGAAAAGATTAAGAATTTAGAAGAAAAGTTAAATAGATTATTGAAAATTAAATAAGTAGATTAAAAGGGGTTATAAAATAACCCCTTTGTTTTTAAAAGAAATCCTCACAAGATTCAGCCAAATTAACACAAGCATTTGGGTCATATTTTTCAACAGAAACAATTTTAATTTCTTCATCTATTGTTTTTTTAGCAAAAATTCTATCATAGACAGCAAGAAAAATAAAACCTACTCCCAATCCTAAAAAACTTCCAATTATAGATTTTGTTTCAGAAAATTCTAAGTAATCTGCCACTATATATCCCAAAATCATAAATATTGGTGGGAAAATATAAGCTATAAAAGCTGCTTTTACAACATCTTTTTCAGAAATTTCTAGGGTAACTAAATCTCCTAATTCAACCTTTTGATTTATTTTAAACTCAAAGTTACTTCCCATTTTATTAGCTTCACTACAACAACTACAATGTGAGCAAGAAGAACTTTTATATAACTTTATAGCGATAGTATCGCCATTAATTTTAGTAACAATACCTTTATTAACCATAATACACCTCTTTTATTCTTAAATATATTCCAATTATATCACAAATTTTTAAAAAGTATAGTTGATAAAATTTGTCAAAAATAAAAAAATATTATATAATAAAAAAATATCACAAAGAGACTTAATTGAAAGAAGGAATAGTATGAGAAGATTTCAAAATGCTACTATGGAATATAATGTAAACAAAAATGATTTAGTGCTCAGAGATGTTAACACAAATGGGATATTTTTTGCTATTGAATTTTTTGAAAATACTAAACAAATAAAAAGAGTTTTTACTCTATATCCTGTCAGTATTGAGATAAAAAAGGGAAATATCTTAGAATTGAAATTTTCAGTACAGAATGAAAATAGTAATCAAAGTTTATTAACACTTATTCTTGAACTTAATCAACTTGTTGCTGATAAAAGAAGTATTATAAATATTTATAATGAAGATTTAAATAATATAACATTAAATTAAGAAAAATGTTTTATTACCAAAAATATAGTTTATAAATCTTATAAAGAATATATTAAAAAAGTCTAAAAAATATGAAATTAATAATATTTTTTATAATTGAACGATTTTGATAACTGTGTTAAAATATACAAATAAATAAATAATTTAAACTATAAATCTGGAGGAGAAATGGATAAAAAGAAAATCTTATTATTTATGTTAATGATAACTATGTCTTTTAATATAAATGCAGCACCAAGTGCTTCATTTGCTGAAACAATAAACAATGAAAATATAAAAATTATTGCTACTTATGATAATGAGATGCCACAAGAGATAAGAAGAATTTATAAACCTAAACACACAGGAGAAGGGGTGTCATATTTTGATTATATATTTATTAAAGCAAGAGTATCAAATTTAAGAAAAAAACCTGATCCTAATTCTCAAATTGTAGGAAAGTATACTTATGATAGTAAGTTAAAAGTTTTGGAAAAAGTAAAATATCAGGGTAATGTTTGGTATCTAGCTGAAGATACTAAGGGAACTAGAGGATATATAGCAGCTAGCCAAACAGAAAAAAGAGATTTTAGATTCCAAATGGCTCTTGATAAAATATATGATTTAGAAAATTTTATAAATAAATCCCTTGATGAAGGTGCAACTTTAATGAGTGTAAATACTTATGTACCAAATCCAAGTAATGTAAATCCAAAAAGACAAAAAGATAAATATGGAACAAGCTTAGATCAAAATTTATTAGGTATAAGTAAAAAAGGTGAACAAATAATAATACCTGATAGATCTGTGGTTAAAGTAATTGAAAATAGAGGAGATAAAGCCTTAGTAAAAGCATTATCAATTCCAGAAGAACTTGAAGTTTCTAAGGAAAAACTTTCAGCTTATCCTTCTATAAAAAAAGGATTTAGAAAGGTTGTAGCAATAGATATAGAAAATCAAAACTTTATGGTTTTTGAAAAGTCAAAACAAACTAATGAATGGGACTTAATTAGTTATGTATATACAAAAACTGGTATAGATAGTCAATTAGGATATGAAACTCCAAAAGGCTATTTCTCTGTACCAGTGGTAAAATATGTGATGCCTTATACAGATGAAACTGGACAAAAAGCAGGTTCTGCTAAATTTGCTATAAGATTCTGTGGAGGAGGATATTTGCATGGAACTCCAATCAATGTACAAGAAGAAATTAATAAAGAATTCTTTTTAAGGCAAAAAGAATATACATTAGGAACAACAACAGGTACTAGAAAATGTGTTAGAACGAGTGAAGGTCATGCAAAATTCCTATTTGACTGGTTAGTAAATAGTCCTAATAAAGATTCTAATAATCAAAGATTATCAGAGGATGCTTATTTTATTGTATTTTAATATCATTAAAATAAATAAATTTAGTAAAGAAATGGAGGAAATATGAAGAAAAAATTATATGCCGTGCTTTTATTAGCTCTTTTACTAACAGCTTGTAGTAGTACAAAGACAACAAAAAAAACAAATATAGGTGTTGATTCAACTAATAAATATGCTGTTGAAGATACAGAAGCAAATAAAAAACCATTAGAAGATATTATAGTTTTTAATGAAGAAGGAGTTACAATTAGAAGAGAAGGTAATAACTTAATATTATCAATGCCTGAATTAATATTATTTGACTTTGATAAATATGTAGTTAAAGATAAGATAAAACCTTCACTTTCAACTTTAGCAAAAGCTTTGGGAGAAAATAAAGATATCCATATAAAAATAGATGGATATACAGACTTTATAGGAACTGAAGCATACAATTTAGACTTATCTGTAAAGAGAGCAAGAGCTATTAAAGATTTCTTAATTTCTAAGGGTGCTATTGGATCTAATATCTCAATAGAAGGTTATGGTGAACAAAATCCAGCAGATACTAATCAAACTGCTGCTGGTAGATCAAGAAATAGAAGAGTTGAGTTCATTATATCAAGAGGATAATATAAATAGTTAAAGTTTTAGACTAAGAGAAAGTGTTGATTTTATTCAAACTTTTTGTTAGTCTTTATTAAAATAAAGGGGAGTTATATTATGTTAGCAAAAAGATATACAGGAAAAAAATTAGTTGACAATATATTTGCAACAAGTAAAAAAGCTAAACAAGCTATTAAAGAATTTGGAAAAGAGAATGTAATCAATGCAACTATTGGTTCACTTTATAATGAAGATGAAAAGTTAGCTGTCTATGATGTTGTTGAAAGTGTATATAGGAATCTTCCACCAGAAGATTTATATGCTTATTCTACAAATGTAATAGGAGAAGATGAATATCTTGAAGAAGTTATAAAGGCAGTTTTTTTTGATGATTATAAAGAAGCATTAAAAGAATTACACATTGCTTCTATTGCAACAACAGGTGGAACAGGGGCTATATCTAACAGTGTCAAAAACTATATGGATACAGGAGATAAAGTTCTACTACCAAATTGGATGT
NZ_CP077182.1_gap25	673422	678247	4825	TCAGCTAGTTCTCTTGTTAAAGAAGCACAAGAAAGATTGAAATTAAATGAAGATAATTTACTTTTTAAGGAAATCAATGGAAATTTAGGAGAACTTGAAGCAAAAAATATTTTTGATGCTGCTAGAAAAGGAGATGAGTTTTCAAAAGATTTAATAGAATATGAAAGTGATTATTTGGCCTTAGGTATAGGAAATCTTTTAAATATAATCAATCCTGAATGTATAGTTATAAGTGGAGGTATGTCTCTTGCAGGAGATGAAATTTTACTTCCAATAAAAGAAAAATTGAAAAAATATACTATGCCTCCTGCACTTGAAAATTTAGAAATAAAAGTTGGAGTTTTAGGTAATGAAGCAGGTATAAAAGGAGCTGTGGCACTTTTTATTTAATATTATTTAGGTAAAATAGATGGAATTATTTGTTTTATAAAAGTACATTTTCTTTATAATATGGAAAAATTATTTATTTTTAATAAAAAGCTATTGACAAATCATAATAAAAAATTATATATTGTATTAGGTGTGGATTATAAAACACAAATAAAAAATCATTATTTTATTAAATTATTTAGGAGGCTATTTATTATGAAAAAAATTGGAATGTTATTGGGTTCAATTATTCTTGCTTCAGCATTGGTTGCTTGTGGAGAAAAAAAAGAAGAAGTTAAGACTGATGCTCCTGCAGGTGAAAAATTATCAATAGGTTTAACTGCTTATAAATTTGATGACAATTTTATTGCTTTATTCAGAAAAGCATTTGAAGCTGAAGCAATGGCTAAGGCTGATACAGTTGAGGTAACTGGAATTGATTCTCAAAATAGTGTTGCTACTGAAAAGGAACAAATAGAAGCAGTTTTAGAAAAAGGAGTAAAAGCATTTGCAATTAACTTAGTTGATGCTTCAGCTGCTGATGGAATTATAAATTTATTAAAAGAAAAAAATGTGCCTGTTGTATTCTATAACAGAAAGCCTTCTGATGAAGCAATAGCTTCTTATGATAAGTTATATTATGTTGGAATTGACCCTAATGCTCAAGGAATTGCACAAGGGGAATTAATTGAAAAATTATGGAAAGAAAATCCAGATCTTGACTTAAATAAAGATGGAGTTATCCAATATGTAATGTTAACAGGAGAGCCTGGACATCCAGATGCAGTTGCAAGAACTAAATATTCTATTTCTACTTTAAATGACCACGGAATAAAAACAGAAGAATTACATAAAGATACTGCTATGTGGGATACAGCTAATGCAAAAGATAAAATGGATGCTTGGTTATCAGGACCTAATGGTTCAAAAATAGAGGTTGTTATTTGTAATAATGATGGAATGGCATTAGGAGCTATTGAATCAATGAAAGCAGCTGGAAAAGTGTTGCCAACATTTGGTGTTGATGCATTACCAGAAGCTATAGTTAAGATAGAAACTGGAGAAATGGCTGGAACTGTTCTTAATGATGCGAAGGGACAAGCAAGTGCAACATTTAATATGGTAGTTAATTTAGCAGAAGGAAAAGAACCTACTGAAGGAACTGATTTAAAATTAGATAATAAAATAATATTAATTCCTAGTATTGGAATAGACAAATCTAATGTTGCAGACTTCAAATAAGAATTAATTGTATAGTAATCTTAAAGGAGATTGTACATCAATCTCCTTTTTTTAAAAAATGGAAAATAAAGGAAAAGGAATAGGATATTTATGGAAAATCTGAAATATGTGTTAGAAATGGAAAATATTTCCAAAGAGTTTCCTGGCGTAAAAGCACTAGATAATGTTCAATTAAAACTAAAACCTGGAACTGTTCATGCTCTAATGGGAGAAAATGGGGCTGGAAAATCAACATTGATGAAATGTTTATTTGGAATTTATGAAAAAAATAGTGGAAAAATTTTATTAGATGGAGTGGAAGTAAATTTTAAATCTACAAAAGAAGCATTAGAAAATGGTGTTTCAATGGTTCACCAAGAGCTAAACCAAGTTTTACAAAGAAATGTACTTGACAATATTTGGCTTGGTAGATATCCAATGAAAGGATTTTTTGTAGATGAAAAGAAAATGTATAATGATACAATTAATATCTTTAAAGATTTGGATATCAAAGTAGATCCTAGAAAAAAAGTGGCAGATTTACCCATTGCTGAAAGACAAATGATAGAAATAGCCAAAGCTGTATCATATAAATCAAAAGTAATAGTTATGGATGAGCCTACTTCTTCACTTACAGAAAAAGAGGTTGATCACTTATTTAAAATTATAAAAAAATTGAAAGAAAGTGGAGTTGGAATTGTTTACATTTCACATAAAATGGAAGAAATAAAAATGATTTCAGATGAAATTACCATTTTAAGAGATGGTAAATGGATATCAACTAATGATGTTTCTAAAATTTCAACTGAACAAATTATAAGTATGATGGTAGGTAGAGATTTAACAGAGCGTTTCCCTAAAAAAGACAACACAACTAAAGAAATGATATTAGAAGTTAAAAATTTAACTGCTTTAAATCAACCTTCTATACAAGATGTAAGTTTTGAACTCTATAAGGGGGAAATTTTAGGAATAGCTGGACTTGTTGGTTCTAAAAGAACAGAAATAGTTGAAACTATTTTTGGAATAAGACCAAAAGAACATGGTGAAATTATTTTACATGGTAAAACTGTAAAAAATAAAAGCCCAGAAGATGCTATAAAAAATGGTTTTGCCTTAGTAACAGAAGAACGCAGAAGTACAGGGATATTTTCAATGTTAGATGTAGCATTTAACTCTGTTATCTCTAACTTAGATAGATATAAAAATAAATTTAAACTTCTTAAAAATAAAGATATAGAGAAAGATACTAAATGGATAGTGGATAGTATGAGAGTAAAGACTCCTTCATATTCTACAAAAATTGGAAGTCTTTCTGGTGGAAATCAACAAAAAGTAATTATTGGAAGATGGCTACTAACTGAACCAGAAGTTCTTATGCTTGATGAACCTACTAGGGGGATTGATGTTTTAGCAAAATATGAAATTTATCAATTAATGATAGACCTTGCTAAAAAAGACAAAGGAATTATAATGATTTCTTCTGAAATGCCTGAACTTTTAGGAGTAACAGATAGAATACTTGTTATGAGTAATGGTAGGGTTGCAGGAATTGTCAAAACTTCTGAAACTAATCAAGAAGAAATAATGGAATTATCAGCTAAATATCTATAAAAATTAAGAAGGAGAATAAAAATGATTGCAAGAACTAATGAAGGAAAAATAGACTATAAAAAAATTATTATAGAAAGTGGACTATATCTTGTATTATTTTGTATGCTTATTGCAATAATAATAAAAGAGCCTACTTTTTTAAGTATAAGAAACTTTAAAAACATTCTTACCCAATCTTCTGTAAGAACAATTATTGCACTTGGAGTTGCTGGACTTATAGTAACACAAGGTACTGATTTATCAGCAGGTAGACAAGTTGGACTTTCTGCCGTTATATCTGGAACACTTTTACAATCAGTGACAAATGTAAATAAAGCATTCCCAACACTAGGAGAATTTTCAATATTTACAACTATATTGATTGTAGTAGTAGTTGGTGTAATTATAGCAAGTATAAATGGTATAGTTGTAGCTACATTAAATGTTCACCCATTTATAGCTACTATGGGTACTATGACTATTGTGTATGGAATAAACTCTCTTTACTATGATAAAGCAGGAGCTGCTCCAATTTCTGGATTTGTAGAAAAATATAGTAAATTTGCACAAGGCTATATACAAATAGGCTCTTATACAATACCATATTTAATTATTTATGCTGCTACTGCAACACTAATTATGTGGACTTTATGGAATAAAACAAAGTTTGGTAAGAATGTATTTGCTGTTGGAGGAAATCCAGAAGCAGCTAAAGTATCAGGAGTAAATGTTGTTTTAACTCTTATGGGAATATATGCATTATCTGGAGCATATTATGCTTTTGGTGGTTTCTTAGAAGCAGGGCGTATAGGTTCTGCAACTAATAACCTAGGATTTATGTATGAAATGGATGCCATTGCTGCCTGTGTAATTGGAGGAGTTTCATTCTATGGTGGTGTTGGTAGAATTTCAGGAGTTATCACAGGGGTTATAATCTTAACAATTATAAACTATGGACTTACTTATACAGGTGTTAGTCCATATTGGCAATATATTATAAAAGGTATAATAATTGTTGTAGCTGTTGCATTTGACTCTATTAAATATGCTAAGAAAAAATAAAATTAGTAATATAAATAAGAGAGTATAGAAAAAAGTATGTATATTTATAATAGTTTCGTAAGATAAATCTTTTAAAATAAAAATATTGTGTTATAATCTAACTATTAACATTTTTAGGAGGATAAAATGAAAAAAAGTTTAGTTCTATTATCTATGTTAGCACTATCTGTTTCAGCTTTTGCTGCAAAAGCATCACTACCAAAATCTTATACAGTGAGATACACTCATAATTTTGGAAGAATTGATGGCTTTGTCCAAATTCCAAAGGGAGGACAATTTAATACTACTTCAGAAAGAAGACCTACATTTGAAGAATTAAATATAAAAAATATTAATTATCCAGAATTATTTATAGGAGCAAAATGGGATAATTTTGGAATTTATTATGGAATGAAATATAAGTCTTTTAAAGGAGATACAACTTTAAATGAAGATTTAAAGACACATGATATTCAACTTAGAAAAGGAGATAAAATATCAAGTAAGCATTTATATGCTTTTCATAATTTAGGACTTTCTTATGATTTTAAATTAAATTCTAAATTTACTGTTACTCCAAAAATAGAATTTTCAGTTTTTC
NZ_CP077182.1_gap26	775432	779887	4455	ATAAGGTATAGAACAGCCACCATAGGTATTAGATGAAACTGAAGCAATTATTTGCACTATATGTCCAACTGCAACATCAACAGAATTAGGCTCAAGCATTTTAGCATTACCTATATTGCAACCACCTCTTAACATAGTTTCTATATTTACAAGTTCACAGTTTGTTTCTCTAAAAAGTAAATAATCTAAGTCATGTAAGTGAATTTCACCTTTTATATGTGCTAATTTTATATGCTCTGGAACTATTTTATTTAAGTAATAATCTCTTGAGGAAATTCCAGCAAGTAAATCTCTTTGAACAGAAATAGTTTTTGCATCTTTATTTGCATTTTCAGATAATAACTTTTCATTAGAAGCATCTACAAGCTCTCCAATTTGTTTATATATTCCCTTTTCTTTTTCTCTTATTTCTGCTTTTAAAGTTCTATAACTTTGATAAGACATAGCTATATCTTTTTCAGATGAGCCCATCAATTTTTTTACCACTATATCTTGTATTTGTTCAACAGCTAAAACTTTATCAGGCAAATCTTCTACTTGGGAGGCAATTTTTTCTATTAATTTCATATTTGGTTCCCTAGAAGCTTGCTCAAATGTTTTTCTAATTGCATTTATTATTCTACTTTTATCAAACTCAACCACTGAACCATCTCTTTTAATAACTCTTTTCATATTGCCTCACACCTTTCCATTTACATTTTATCTAAACAAAAAATTTTTATATCTTCAATCATTTTAACACTTTTTAAAAAAAATAACAATATATAGTATATATAATTAAGAAATACCACTATATATTGTTATTTAAATATATGCTTAATATGGAATTTAGAAAATTTTTTAAATAAAAATAGAGTTATTATATAAAAATAAATTTCTAATAACTCTATCTTAATTTTATATTTTTAATCAAAATATTATGTCATAATTTTAATTTGATCTTTTCCATCATCTTCAAAAATAAAATAATCTAAGATTTTTATTTTTACTTCATCACCCTCATTTAAAGTGTTATAAGTTGAGGCTCTTGCAATTATTCTTAAAATATTTCCATTTCCAATTTCAACTCTTAAATCATTGCAATCTCCTAAATAAAATTTTGAATAAACCTTAGCTGTAATTTCTCCATCATCAGAAAGAATAGCATTTTCTGGACGAATTGCTACAACGACATTTCCTTTAAATGAGCTTGTGTTAGGAAGTGTTTGCCCATTGCTGTTATCAAGTAAAATTTTACTTCCTTCAACCTTTCCTTTAATAAAATCAACCTTACCAACAAAGTTTGCAACAAACATATTTTTAGGTTTAGAATATATTTCTTGTGGAGGAGCAACTTGTTGTACTTCTCCTTTATTAATCAATACAATTCTATCACTCATTGTCATTGCTTCTATTTGGTCATGAGTTACATAAATAACTGTTATTTTTAATTTTTTAGTTATTTCTTTTATTTCATATCTCATTTCTTCTCTTAACTTTGCATCTAGGTTAGAAAGAGGTTCATCTAACAACAAAATTTCTGGTTGAGCAACTAAGGCTCTTCCCAATGCAACTCTTTGTTGTTGTCCTCCTGATAACTCAGATGGAAACCTATCTTTATATTGTTCTAAGTGTACAATTTTTAAAACTTGATTTACTCTTTCTTCTATTTCGTTTTTATTAATTTTTTGAATTTTTAATGGATAAGCAATATTATCAAATACATTCATATGAGGCCATACTGCATAAGATTGAAATACCATTCCAATTCCTCTTTTTTCAGGTGGTAAAAATTCTTTTTCACTTGATACTAATTTATCACCTATATATATTTCTCCACTGCTTGGTTTCTCAAATCCTGCAATAAGTCTAAGCATAGTTGTTTTTCCACAACCAGATGGGCCTAGTAATGTTATAAATTCTCCATCTTCAAATTTTTGATTAAATTCTTGTAGGACTGTTACATTTCCAAAGGATTTTGTAACTCCTGTTATTGTTACTGATGCCATATTTTCCTCCCATTCTATATTGAAAATTGTCCCTTAGTCAATTTATTTAAAATATAATTAACTAAAATAACAAATAGTAAAATAGCTGTTGCCAATGCACTTGCAACCTGTTGACTATGATATGTTTGGTAGATATATAATTCATATCCAATAGTCTTGGTATTTGATGAATAAAGCAATGTTGACATTGTCAATTCATAGAATGATGGCATAAATATTAAGAAAATTCCTGCAACAATACTTGCTCCTATCAATGGTAAAGTTACATCTTTTAACATACGAAGCCAGTTTGCCCCAGAGATTTGAGCAGCTTCTTCAAGTGAAGGATGAACTTGGCTCATTGCTGAAACAACAGTTCTCATACCCATTAACATATATTTAATCATATATGCAATTACCATTATTGTCAAAGTATTATAAATATTTATTCCAAATTTACCACTCATTGATATTATAAGTGCCAAAGCTATTGTTACACTTGGTGTTCCAGAACCTAATGTTATCAAAAAGTCTGGGATTCTTTTTCCTTTTACATTTGTTCTTTGTAATAGATATGCCATTACACAAGAGATTAAAATTCCAAAGAATGCAGCAGCCGTTGCTGTTAGGAAACTGTTTGTTGTTGAACTTATAATAGAAGCTCTTGAAAAAACTTTTTCCCATGCTTTTAATGATAAATTTGACAAAGTAAGTGGTTTTCCCATATTTACAGTAAATGATGTTATAGCAACTGTTATAAATGGTAAAATTATTACAAAAAATGAAAAAATTGAAATTATTATTGTTATAGGTAATCTCCATTTTCCTAATTCTACAATATTTGGTCTTGTTGATTTACCACTCATAGTTATATATTGTTTTCTTCCAACAACAAATGTTGAAATATATAAAATTATATTAGATATCAACATCAAAAATACAGCAAGAGTCATTGCATCTGTAAGTCCTTCTTCTGAACCAATATGAACAAAATCTATTATACGCATAGTTACTGTATAAATCTGTCCTGGTGCTCCAATAATAGATGGAATACCATAAGATGAAGCTGATGCAACAAAAACTAAAAGTCCAGCAGCTATTATACTTGGAGTCATCATTGGAATAGTAACTTTAAGTAAAGTTTTTAAAGGAGAAGCTCCTGAAATTCTCGAAGCCTCTTCCAAAGATGGATCCATTTTTTCCATAGCTCTTGATATTGTTATAAAAGCATAGGGATAGAAAAAGCAGGTTAATACCCATACAATTCCAGAGGTTGTATAGATATTAAAAGGTGCAGTTCCTAAGCCAAAAATTTTCATTAAAAATCTATTTAGAACACCAGCATTTGGATTTAAAAGTCTTAACCAAGCCATAGCTCCAACATAAGGAGGAACCATATAGGTTACAACAAACAAAGTTCTAAAAAATTTTTTTCCATACATATCTGTTCTTCCAACTAGAAATGCCAATGGAAATGCTATGGCAACTCCAAGAATTGTTGTAAAACCAGCTGTAATTATAGTATTTTTTAAAGCTATCCAGTTTAAATCATAGGTATAAACTCTCCTATATGCTTCCCAAGAAAAACTTCCTCCTGAAAATAAAGATTTAATTAATAAGTAGAATAATGGAAAAACTTCAAATATAAGCAGAAAAGCTACTATTGCTAATATAACTATCCATTTTATATCTATTCTCCATTTTTTTTGTCCAACCATATTTTCCTCTTTTCTTTATTAATTTGCCTTAGTTATAAATTTTTCAAACATTTTTCTTAATTCTTCTCTATCCTTATAAGTTTTTTCCCAATTTATAGGCATAGATGCTTTTAATATTTCATCAGTAGCTTTTGCATCATAAGGTGCTTTTTCAGGATTCTTTAAAACAGAGTGCATCCAGCCTTCTACTATTGCTTCTTGTCCAGCTGGTGATAAGAACCAATCTGTTAGAGCTTCTGCTGCTTTTATATTTTTATTTGCTGACATATCTTCTTTAACAGTCATTATTGTACTTGGTATAGAAATTATTCCATCTTCTGGATATATAACTTCTAGTGTAGAATTTTCTTCTTCTCTTTTCTTTAAAATAGATTCTTCAAGTATCATAATTTCAGCGGCTTCTCCTGTTTCTAATTTAGTAACAGCTACTGAACCAGATTCAACAACAACTTTTAATTTAGATAAATTTTTGAAATATTCTTCACCATATTTATCACTTAATGCAGAAACAGCAGCCAAAGCAGTTCCAGATTTTAGTGGATCAGGAATTGAAATTTTTCCTGCTAAATCTTCTCTTTTAGCAAAATCTTCAAATGTAAGTGCTAAGTCTTCTTTTTTGTATTTATCAGGATTGTATGCTAAAACCATATTTAATAAACGAACTGGATACCAATATCCTTCTTTATCATAATCTAATGCTAGATTTTCAGCATTTTTAGAAAGATATGCATGTAATATTCCTTTTTCTTTTAATTCTAATGAATAAGATG
NZ_CP077182.1_gap27	783066	786923	3857	AAGATAACATCTAACAAGAGAAGCAGTATTTTCAGGTCTTAATGTTATAGATCTGTCTCCTCTATCTTTAAAAGTATACATTTCTTTTTCAACAACATCAGTTGCCTCTCCAATTCCTCTTTTAAATAATTCAGTTTCTTCAAAAATTGGTGTTTTTACAAAATTGTAACCGTAATTTTCAAACATTTTTTGAGCTACATTTGAAATATAAGTGTATTTTTTAGCCTCTTCTCCAATAATATCTTTTGTTCCTCTTACAGCTTTTATTAATTTCATAATTCTCCCTCCTATTCATTCCATAATTTGTTTAATTTTTCAGCTATCATTTTTTCATTTTTATTATTACCAGGTTTGTAATATGTTTTCTTTTTATTCATATATTTTTGTTTAACAAAATTATCAGTGTAATTATGTGGATATTTGTACCCTACATTATCATGGCATATATTTAATGGGACTTCTTGTAATTCTCCTTTTTTAATATCGGCTAATGCAGCATCTATTGCTTCATATACAGAATTTGACTTAGAAGAAATTGCAAGATATATAGTAGCATGAGCCAAAATTATTCTAACCTCTGGCATACCTATTTTTTCACAAGCATTCATAGCTGCATTTGCAATTAAAAGTGCCTCTGGGTTTGCCATTCCTATATCTTCACTTGCTTCAATAAATAGTCTTCTTGCCATATATTTTGGATCTTCTCCACCATCTAAGAGTCTAGCTAGCCAATACACTGCTGCATCAGGGTCGCTTCCTCTCACAGATTTTATAAAGGCTGATATCATATCATATTTATCTTGTTTTTTGTCAAAAGAAACTTGCCTTTCTTTAAAAATAGAAAAAATTTCATTTTCACTCATTTGAGTATGTATGTTATTGTACATTTCAACATAATTTAAAGCTATTCTTGAATCTCCCTGTGATATATCAATAATGATTTCTTTTATTTTATCACTCATACTTATATTTAAAAAATTTAACCCTTTATCTATCAATTTTAAAATATCTTCGTTAGTAAGAGCTTTAAACTCAAAAACCATAACTCTTGAAAGTAAAGCATTATTTATATTGTAATAAGGATTTTCTGTTGTTGCCCCTATAAGAGTAAGTGTTCCATCTTCTGTATAAGAAAGTAGGGCATCCTGTTGATTTTTATTAAATCTATGAATTTCATCTAAAAATAATATAGTCCTTTTATTGTAAAGTTCTATATTTCTTCTAGCTGTTTCAACTACATTTCTTATATCTGAAACACTTGCAGTGGTAGCATTTAATTTTTCAAAATTACAATCCAAAGTATTAGAAATAATCTCTCCTAAACTACTTTTTCCACAACCAGGAGGACCATAAAAAATAGAATTGGATAGAGTAGAATTTAAAATAAGTCTTGTAATCACTCCATCTTTTCCTAAAAGTTTTTCCTGTCCTACAAAGTCATCTAAACTTTTTGGTCGTAATTTATATGCAAGAGGTTCAACATTTTTATAGTTTTTTTGAAATAAATTCATAATAGTCCCTCAAATCTTTTATTTTGTATTTTACCACAATTTCTAAAATAATTAAATAAAAAAAGATATTATTTTATATATTCCAAAAATCAAGGGATAAATTTTTATAACTTGATGGAAATTAATGGATTTTTAAGAAATAGTGAGGAATAATATATTAGATTTTTAAACTAATCTTATAGTTAAAATTATTGCTTTTTTAAAACTTGACAAAGTTTTTTTTTTTTAATACACTTTTAATGTAAAATATGTTAAGGGGTGTATTAAAAATGGAAGAAAGAATTTTAAAAAAATTGAGTGGGCAATTTTATACAATATCAAACCCATTTAAAAACAATTATTTTTTTAAATGGTATAAAAATATGCTTAATTCATACAATGAACAAAATTTAGAATTTTTAGAACCTTTTGCTGGAACAAATAATATAATAAAACTTATAGAGGAATTGAACTTACCTCAACCAAGCAATTGGAAATGCTATGATATAAAAGAGCCTGAAACAAATAAAACACCAGAGTATAAAATTGAACCAAAAGACACATTGAAGGATTTTCCTAAAGGATATAAAGTCGCTATAACTAATCCACCTTATCTGGCTAAAAATAAGGCAACAAGCTTAAATTCAAATAACTTTGACTATAGTTATGATGATTTATACCTTAAAAGTTTAGATTTAATGCTAAAAAATGTAGATTTTATTGCTGCTATTATTCCAGAGTCCTTTATTACATCAGGAAAATACCAAAGTAGGCTGTACTGTATTATTTCACTTGAAATGAAAATGTTTAATGATACTGAAGTCCCTGTATGTTTAGCTTTATTTAATAAAGAAGAAACAGAAGACTTTTTTATAGTGAAAAATAATATTAATGTAGGAATGTATAAAAATTTACAAGAATATTTAATTGAATTTAATAGTGGAATTAACTGGAAATTCAATGATGAAAAAGGTAATATAGGTTTGTATGCTGTTGATAATACTGATAAAGAAAGTATTAAATTTGTAAAAGGTTCAGAAATTAAAAATGAAATAAAAATTAGTTCTCGTGCTATAACAAAAATTTCAGGTTGTGATTTTAAAAACGATAAAGAATTAGAAGCTTTTATAAAAAAAGCTAACAAAAACTTAGAGAAATATAGGAATGAAACTAATGATATTTTTATGACATCTTTTAAGGGGCTTAGAAAAGATTTTAAATATAGAAGAAGATTAGACTATAAAACAGCTAGAAATATTTTGAATAAAACATACATTGAAATTTTTGGTGAGAATTATGAATAATATATATGAAGAAGAAGCTAAAAAAAGAATAAAAAACAATATGAAAGATGTCTTAAAAAATACTAAAGAATATCAAAAAAATTTAGAAAAATATGCTGAAAAATTTGAGTTAGAAATAGAATTTTTACAACAAATTGTATTAGAAGATATTTTTTTAATAAATCAAATTTTAAAAAGTCCTACAAAACAAAATTATCAAGAAAATACTGCTAAGAAATATATTTTACAAAATTATCCTGAATTTAAAGATTTTAAAATATTACCTAAAAATAGTACGAAATCTCTTTATATAGCAAATGGACTAATAATAGATAAAAACAACTTAAGTACTAATAATCATACAAAATCAATAGATTTCCAATGGAAATATCTTAAATTTAATATTTATGCAACACATAAATATACTAAAGAATCTGGTGGAGCTCAAGATAATCAATATAAAGATATTATTTCTTTTTTAGAACATGCAAAACAGCATACGAAAGGTGAAAATCTCTTTGTAGCTATATGTGATGGAGAATATTATTTAAAAAATAATCGTTTAAATGACCTAAAGACTAAAGTCTTAAATACTAACTGTGTTGTGTGTACTATAGAAACTTTAAAAAAAGAGCTAGATGACTTAATAAATAAGAAAAAGAGAGAGTGAAATAATTTCTGTAAATTTTAATCTTCTTTGATATATATAAAGAGATAAAGGGGCAGTTATGTACTGCCCCCTTTGAAATTAAATATTTATTTTAAGTTTTCTTTAACCATAGAAATTAATTTTGCAGCAGTTAATTCATATTTTTCTAACATTTCTGTACCTTTTCCACTTTGTCCAAATTTATCATAAATACCTAATTTTTTAATTAATGTAGGGTGAGTTTCTGATAAAAATTCAGAAACAGCCGAACCTAACCCACCTATAACTGAATGTTCCTCAGCAGTTATTATAAATTTAGTTTCTTGTGCAGCTTTTAAAATTGTTTCTCCATCTAGTGGTTTTATAGTTCCACAGTTTATAACTCTAACAGAAATATTTTCTTTTGCTAACTCCTCAGCTGCCTTTAATGCTTCT
NZ_CP077182.1_gap28	817848	821920	4072	TAACTGGTTGGTTATTAGCATTAAATATAGGTAAATATGGACTTCCAATAGTTGGGCTAGCTTCAATTTTGTTTATGTTTATGAAAAAAGAAAAAGCTAGAACAAATTTAAGTGCAATAATTGGAGTTGGATTAATATTTTTTGGTTTACAACTTATGAGTCAAGCTCTTAGCCCTTTAAAAGATATGCCAGAATTTATTGAAATGTTTAAGATGTTTAAGGTTGACTCATACTTTGGTTTACTTAAAGTAGCAGCAACTGGTGCAATTATAACAGCTTTAATACAATCCTCAGCTGCTACTATTGGGATAACAATAGCACTTGCAACACAAGGGCTTATTGATTATCAAGCAGCAGTTGCTTTGGTTTTAGGAGAAAATGTTGGGACAACAATAACAGCTTTACTAGCTTCATTAGGAGCAAAATCAAATGCAAAAAGAGCTGCTTATGCACATACATTGATTAATTTGATAGGTGTTATTTGGGTAACTTCTATATTTAGAATTTATTTACATTTTTTAAATCATTTTGTTGATCCAGTAAATCATATGGGAGCAGCAATAGCTGCAGCACATACAATTTTTAATATAAGTAATGTTATAATTTTAACTCCTTTTGTAAGTCTATTAGATAAATTCTTATTATTTGCAGTAAAAGATACAGGTGAAGATGAAGTGAGAGTAACTAAATTAGCTTCATTAAAAATGACTTTGCCTAGTGTAATAATAGAGCAAACTAAAATAGAAGTAAGTTCTATGGTAACAATGATAGAAAATGTATTTTTAAAACTAGAGGAAGCTTTAAAAGAAAAAGAGAAAATTGCTAAATATAATGACAGCATAGTTGAAGCAGAAGATAAACTTGATTTATATGAAAAAGAAATTTATGATTCAAACTTTTCTTTATTGAGCAAATCTTTAAGTAAAGAATTAATTGAAGATACTAGAATGAATCTATTGACTTGTGATGAATATGAAACTATTGGGGATTACCAGAATAGAATAGCTAATAGACTTTATATGCTTTATGAAAATTCTATTGAACTTGATGAGACAAGAGCAAAGATGACATTTAAACTTCATTCTCTTGTAGTTGAGCTATTTAATGATATAAGTAGGGCAGCAAGAACAGGAGAAAAAGAGTTATATTCAGCAGGTATTAAAAAATATCAAACCTTAAAAACTTACTATAAAGAAGTAAAAAGAGAGCATTTTTTTAGATCTGAAAATATTCCTGCAAGATTAAATACTGGTTATTTGGATATAATAAACTACTATAAAAGAATAGCAGACCATATTTATAATATTATTGAATATGTTATGAAAATATAGAAGAATGTATGAAAAAAGGTTGTTTATCAAATAGTGTTGATAAACAACCAAAATCCTCTTATCAGTTTCTTATTTTGGTATTCTATAAATTTCTATTTCTTTACCTAAAAACTTTTCAGCAGTTGGTTTAAAATGATATGTCTCTCCTGTAACAAAAAATATAATCCTACCTTTTTCTTTTTTATCATTTAAAAGATTGAGCGAACTTAAAGTTTGAATGGCTCTTTCAACTATTTCTACTGCTGGGTCTACTACTTTGATTTTTATATTTTTTTCAATATCTTTTCTTATAAGTGGATAATGAGTACAACCTAATACTAAAGTATCAGCATTCTTAGGAATTTCAGATAAATATTTATTTAGAAGTTCCTTTCTATTGTCAAAAGTATCCCAACCACTTTCTATCATTTGTGCAAACTCAATACAAGCAATTTCTTTAACATTTAATTCACTATCAAGCATTTTAGCTTTATTTTTATAACCATGAGATTCTGCTGTAAATTTAGTTGATATCACAGCAATATTTTTATTTTTAGTATTTTTACTTGCTATTTTCACTCCTGCTTCTATAATTCCAATTATAGGTAATGAAAATTTTTCTCTTAAATAATCAATAGCAGCAGTTGAAGCAGTATTACAAGCCACTATTACTAATTTACAATTATTTTTTACAAAAAAATCTAAAATTCTTTCAGTTAATTTTTGAAGTTCATTTTTAGTTTTTCCAGAACCATAAGGAAAATTTCCATTATCTCCATAATATATATAATCCTCATTAGGAAGAGATTTTATCATTTCTTTTAGTACAGTTGTTCCACCTAAACCAGAATCAAATATACCTATTCTTTGAGTTTTTTCTGCCATATTTTTTCCTTCTTTTTATAGATTATAGTAATAAATACTTTCTTATAATATCATATTTTTTTTATAATATCAATTATTCTAACTTGAATAAATCCAATAACCGTTCTTTTGTCAAACTAGAAAAACTTCCCTTAGAATTTTCTACAAAAATATCACTTAACTCTTTCTTTTTATAGTTAGAGAAGTTTCATTTTCATAGCCAGCAATTATATTTTCCATCTCTATAAGTGTTGCAAATATGTAACAACCCTAAATATTTTATTATTTTACCAAGTGAGTAATTTTTTCATCTTTAAAATCTAAATTATGTATAGAATTAATGTATCTGATTGTTTTTGATAAACCTCTTACAACAAGAGTTTGAGTTCTAGCAATACTTCCCTTTCTTTTTACACCTTCTAACAAATCTCCACCTGTGATACCAGTAGCAGAGAAAATTATTTCATCATCTTTTGCTAAGTCTTCAAGTTTTAGGATTTCTCCAACTTTTAATCCTTGTTCTTCACATCTTAATTTTTCAAATTTAGATATTTTATCATTTTCAAGAGAAGCACCTTTAACTTCACTTCTAAGTTTTAATCTTGCTTGCATATCTCCACCTAATGCTCTTATAACAGCAGCAGAAATAACTCCTTCTGGAGCTCCACCAATACCATAAAGCATGTCTACATCTGAATCTATCATACAAGTAAGTATTGAACCTGCAACATCTCCATCAGGTAGAGCATAAACTTTTATACCCATAGCTTGTAAATCTTTTATTAATTCTTTATGTCTTGGTTTATCTAAAATAACAATCATTAAATCTTTTAATTCTTTTTTTAATGCTTTTGCAACAGCATGAATATTATCTTCAAGAGGTTTTGATAAATCTATTTTTCCTTTTGCTTCTGGTCCAACAATTAATTTTTCCATATACATATCAGGAGCTTTTAAGAAACTTCCTTTTTTACCAACAGCTAAAACAGTTATAGCATTTGGCTGTCCTTGAGCAGTCATTCTAGTTCCTTCAACAGGGTCAACAGCAATATCAACAGGGTCAACATAAGTAACTGAATCTTTTTCTTCTTCATTATAGATTTGTCCAACCTTTTCCCCTATATATAACATAGGAGCTTCATCAATTTCTCCTTCTCCTATTACTATTTCTCCATCAATTGCAAGTCTATTAAGCATAGTTCTCATAGCATCTACACCAGCTTGATCAGCTGATTCTTTCTTTCCTCTACCAACCCATTTATATGCAGCAAGTGCAGCTGCTTCTGTAACTCTTGCAAATTCCAAAGCTAGTTCTCTTTTCATTTTTCCTCCTCAGTATTTTCAGTTTTATTATTATTTTTTTCTACATATTTGTATATTACTTCATTTTCCTTTACCATCTGAAACATATTTCTAGCTACTCTTTCTTTTTCAAATTCATCATCTAAGGAAACTATTTTCTTATCATATTTCTCTATATCAGCCTTTATTTCTTCAATTTTCTTATTGACAGCAATAATTTCTTCCTTTGTACTCTTTTTTTTAGAAAGGCTATGTCTTATTTGAGGTACAACATTAAAACTTGATAATAATAAAATAATTATTACTATAAGCCATAACAATCTTTTATTCATTTTCTTCTTTTATCCTTTTTGTTTCTTTTTTCATATTTGCTAATTTTTTGGCTATAAGCCTTTTTGCCATAGGAGAAATTTTTTCAACAAATAAAATACCATCTAAATGATCATTTTCATGTTGCACTACAACAGCTAAAAAATTTTCTGCAATTTCTTCTACTTCTTCACCATTTTCATTTAAGTATTTTAATAGAACTCTTTTAGGTCTTTCAACTTTTTTATATATTCCAGGAACACTTAGACAACCCTCTTCAAATTCTT
NZ_CP077182.1_gap29	829753	832420	2667	TATGATAATGGTGTCTAGTATAGGTGCTTCTGCAATAAGTTCTGTTGGAGTTGGGAGTGCAGCATTCAATGCTATTATTCCTGCATTGATAGCAGTAGCAATAGGGACAACTGCTATTTTAAGTAGAGCTTACGGTGCTAAAAATAAAGAAGAAGGACAAAAGGCTTTAATGCAGAGTTATTTTATAGCTGTTCCTATTGGAATTTTTCTAATGCTTTTATTTTTCTTTTTTGCTGAACCTATTATAAAAATTGTAGGAAATGCAAAAGACTTAAATTTAAAAGATGCTATTATATATCAAAAGACAACAGCTATTGGCTTTATATTTTTATCTATTGGAATAACTACTTTTTATGCTTTTAGAGCCTTAGGAAAAAATAAAATTCCAATGATAGGGAATACTATGGTACTTGTTATAAATATAATATTTAATTATCTTTTTATATATGTTCTAAAATGGGGAGTTTTTGGAGCAGCACTTGCTACATCAATAGCAAGAGGTTCTGTTGTAATTATGTGTGTATATTTAATTTTTATCAGTAAAAAACAATGGATTTCATTTAATATAAAAAAAATGAAATTTGATTACTTCACTGCTAAAAGAATTATTAAAGTTGGAATACCAGCTGCTGTTGAACAACTTGCATTAAGATTTGGTATGCTTATTTTTGAAATAATGGTTATATCACTAGGAAACTTAAATTATGCTGCACATAAGATTGCACTTACAGCTGAGTCATTTTCATTTAATTTAGGTTTTGCAGTATCTCTTGCAGCAACGGCTTTGGTAGGACAGGAATTAGGGAAGAATTCCCCTAAAAATGCTTTAAAAAATGGGTATATTTGTACTATCATAGGGCTTATAATTATGTCTTCTATGGGATTACTATTTTTTATAGCACCTAATTTATTGATTTCATTATTTACAGATGATCCACAAGTTATTTCTTTATCAACAATGGCACTAAGACTTGTTTCCATCTGTCAACCTTTTCTAGCAATATCAATGATACTATCTGGTGCATTAAGAGGAGCAGGAGCAACAAAATCTGTACTTTTTATTACATTTTTTGGAATATTCTTAGTAAGAATACCAATAACTTATGTATTTTTATATATTTTTAATATGGGACTTGCTGGAGCTTGGATAGTAATGACAATAGATTTAATTTTTAGAAGTTCACTATGTTTTTATACATTTAAAAAAGGAAAATGGAAATACTTAAAAGTATAAAAGGGGAGATTATGAATAAATTAATTTTTAATTATTTGGCTTATAATAATCAAAATCAAAATGAATTATATTTTAAAATGGATAAAATTATAAATGAAGATAGTTCAGATGAAACTCTTGTTGTTGTAGAAAGTGGAATGGCACAAAAACATTATTTTGCTTATGTCAATAAAGCAAAATTATTAGTAAAAAATAATATTATTGCTTTTGAAGATTTTTTAGATAGGATTTTTCTTTCAAATAAAAAAGTTTTAGGAGATATTAAAAGATTTTTTCTTTTTTATTCTTGCTTAAAAGACAATATAAAAAAGAAATTAAACATAAGTAATTATTTTGAATGTATAGAAATTGCTGATGATTTTTTTGAATTTTTCTCCTATATAAAAAATCAAGATATGTTAAAATTTTTAAATTTATCTAAGTGGCAGGAAGAAAAGTTTGAAATATTTTTTAAAATAAAAGAAGAAATAGATAAATTTTTAGATGAAAATTCATATATTCCAAGTGACTGGCTATATTCTTTGGAAAATTTAGATTTAACTTATATTAAGAAATACAAAAAGATAGTTTTTTATGATATAGTTGATTTTCCACATAATTTTTTAGAGATAATAAATAGCATTCAATCTACTTGTGAAGTAGAAATTCTTTTACAAATGGAAAATAAAGACTTTGATATGGAAAATTTAAAATTAAATAAGCTTACTCTTCCTGATAAAAAAATAGATATAAAACTCTCAAAATATACAAATGATTTAGAACTTTATGCAATGATTTCAACTAATCAATATGATGGCTATTTTTCTACTGATTTGAATAAGGAAGATAGATATTCAATATTTACAAAATCTAATAAATTTTATTTGAATGACACAAAGTTTTATCAAGTTATAGAAACTTACTTAAATCTTTTAAATGGAATAGATTATAAAAATAATAAATACATAGATATTTTCCTCGTGAAAGAGAATATTTTTAAAAATGCCTTTATGAGTTTTTATGGTTTAGATATTGAAGATTACAGATGTTTTGAAAAAATAATTTCTACTGATTATAGATATATTTCTTTGGAACTTTTAGATGAAAAATATTTATATTATTTAAAAGATAATGAAAATTTAAAAATTAAGTTAAAATTAATATTTGAAACCTTAAATGATATAGAAAAAATAAAAGATATAAGTAGTTTAAATGAGTTTTTATGTGATAAATTTTTTAGCTCAAAAACTGATATAGATTTTTTTACAGAAGAAAAATTTGATACTTTATATGATAAAATTTATGAAATTTTAGGACTTCTAAATTCAAATGAAAATATTGACTTTTTTAAGAATTTCAATAAATTTTTTAAATCCAATTTAGGAAAAAATATCTTTACATTATTTTTTAACTATCTAAATAAAATTGATATTTATTCCGTACAAAAAAATAAA
NZ_CP077182.1_gap30	882729	886831	4102	ATAAATACTTATTACAAAAGTTATTCCTAAATAAATAATTAAACCTATTAAAATTCCTGTCATATTTTCCCTCCAAAATAAATTACTTTTTCTTCTTATTATTTTTATTTTCTGAAAAATACCAAATTAGACACAAAATAAGACCAATATATGGCAATATAAAAATGTTTATTATTTCAGCTAACCCAATATATTTAAACATGTTTAATCCTCCTTTTTTAACAATAAGAGTATTTAGCAGATAAATTTATTTTTCATTTATATTATTAAAAATTTAATCCATTTTAAGGATGATTTCACTTTTCCCACCATTTACTGTGATTCCCTGAGAAAATATTAATTTTACAGTATTTTGTTCCTCTGCAACTACTTTTCCATTAGAATCAATTTTAATCCATGAATCATGTCCTGGAAGGATTCTATTTCCAGAAAGTTTAATTTTTTTTATACTTCTAATAGTATCTTCCATATTAGTTGATAATTGAACCTTTTCTGTAGTTAATTCACCTCTATTTTTAGCAGCATCTCCTGCTAAAACCCATTTTTCTCCATTTTCTTGATGAAGAATATATGAACAAGAACCTGGAGTATGTCCAGGAGTTAAGATTGCAGTTATTCCTTCTAATACTTCTTGATTATCATATTCAATAAAAATTTTTTTTCTTTCTTGAATAATAGGTATTGCGGCCCTTTCAATAAAAACATCAGAATTTTTTGAATCATTAGCATATTCCCATTCAAGTTTAGATAAAACTATAGTTGCATTTGGAAAAAGATCTACATTATAAATATGATCAAAATGTAAATGTGTAACCAATATATAGTCAATATCTTCACATTTTAAATTTCTTTTTTTTAAAATTGAGGGACAATCTTTTCTTATTCCAACAAAACCAGTATCTAATAAAATATTATTTTTTCCATTTTTAATTAATGCCCATGTTCCCCAACCAAGGTATCCAACAGAAAGTTTTCCTGAAAATCCATTAAATAAAATGTCTACATTGAAATTCATTGTTACTACCTCCTTGTATAATAATGTTCTAGTTAATAACTCTAACTATATATATTTTTTAAATATTCTTTTATTTTAAATTTTTTAATTTTGATAAAAGTTTCTAATATTTAAAAATTTAATTTTTGATTGATTTAGTGCTTCTATAAAATATTTTCTTAAGTTTATCCTTTATAATAAGGTAATTGTTCATCAAACTTTTTTTTATTATTTTTATACCAGGCACATAAATGTTTTATTGTTTCTTTAGCTTTAGATATTGAAGCTAAATCTGAATTAAAACCTTGATGTGGTTGGACATAAAAATTTTCACTAAGAGCTAAAGCCTTTTCTTCTATTTCTTTAGCAGCTTTTAAATTTTTGTTTTGAGTTTCTATCTCATTTTTTAAAAACTTTGAAAATATAGATTCATTTGAAAAAACATCTAATGCAATTCCACTTAATGTACCTTCTTTATAATATTTTAATAATATACTTTCTGGAGCTATCTCTCCTCTTGTTACATTTATAAAAATTAGACCTTTTTTTGCCATTAAAAATTCAATATCTGAAAAATAGCCGACATTATAAAATTTACTATCTGGATTTTTAGTTAAATTCATAACATTAATGATTACATCACTGTTTTTCATAGCTTTTTCCTTTGTCACAAAATTAAAAATATTCCCAAATTCTTTTTTTAATTCATCTTCTCTAATATCAACAGCTTGTGTAGAAAAACCATTTATTTCCAATAATTCATAAATCTTTTTTCCTATTTTTCCTACTCCAAATACAGTTGCAATCCTATTTTTATTTATTTCAATAAAAGATGAAATATTATTTCTTTCAAAATTCTTTATTTTTGATGTATACTCATTTAGCTTACCACAAGTTGCATAAACAAACTTTATAGCTGTTTGTGCTACTGCATCAACACAGTATTCTCTTAAAGAAGTTAAATTAATTTTATCTTGTAAATGTTCAAAATGATCATAACCAGCACTCCTAGTTATTACACTTTTCTTTTCACCCATTAGATATTCTAAAGGTAAAATTGAATGTGTTTTTGTTGTAATAATATTGGGTAATTTTGTATTGGGGTATTCTTCTAAATAAGTTTGTAAATTTTTTTCTGTTATTAAATAATTTAAATTTTTTGGTAAAAGATTATTTTCTTGTGCTTTTATTGTTTCTGTTTTTAAATGTTCAGCTTCTTTTCCTAAAGCTTCAAAATGTATGATATCGTAATTCATAAGACCTCCTAAAATTTTTAGTTTATTTTAGGAACAAAATATGATATAATTTGACTTGCTTAGGGTATGATTATATCATATCTGTCCCATTTTGTACTTTGTGCAAAGTGGGATTTTTTATTTTAATGCTTCCCATAATTGCTTTACTATAATATTTTTAGTTATATTTTTAAAAAACATATTCCCTCCTTTCGTTCTACAATATAGAACTAAGTTTGTTATTATTGATTATAATATACACCTTCTTAATTTTTATGTCAATATTATTTTATAAAAATACATATTATTTTGAAATATATCATGGATGTAATATATATTAATTATAAACATTGAAAATATTTATTTAAAATGTTAGAATAAATAATATAGATTTATTGAGATAGGAGTTATAAATAAAATGATAAAAAGTTTAAATAAAGCTATAGAAATATTAGAATTATTAAAAAAAAATACTTCAGGTTATAGCTTATTACAAATTTATACTACTCTTGGGATACCAAAAAGTACGGCTTATGGTTTACTTCAAACATTACTTTCTAAAATGTATATTTTAAAAGATGAAAATTCACTTTATAAACTTGGACCAGCTCTAATTTTTTTAGGAAAAGTAGCCGCATCACAAAATAAACTTCAAGATATTGCATATCCAATTTTAAAAAATTTAACATCAGAAATAAAAGTAGATTCTTTTTTGATGATTCCAACAGGTTATAAAGGTTGTGTACTTGAAAGATTTGATGGTGAGCAAAGTATAAAAATTATAGAAAGATTTGGAAATGAATTTTTCTTACATTGTGGTGCAACTAGAAAGGCTATACTTGCTCATAAATCAAAAAGTTTTATTGATGAGTATATCAAAAATGTGATTGAAGATAAGAGAAATAAAATAACTTTGACTGCTGAGGAATTAGAAAAAAGTTTAGAAAAAATAAGAAAAGAGGGAGTTGCTGTTTCATATGGAGAATATGCAAAAGGGACTATTGGAGTGGGAGCTCCAATTTATGACTATAACAACAATGTAGTTGCTTCCATTGGGATAAATCTTCTTGAAAGCAATGAGCTAACTGATAAAAAACTAGAAGAATATAAAAAGATTATAAAAGAGAAGGCTGAGGAAGTTTCAAGAAGTATGGGTTCATCTAAATAAATATAAATAAAAAATGTAAAAAATTGTAAGTTGGCTCTATAAAATTTTTTACATTTTTTATATTTTTTGTTTTTAATTTATAGAGTTCCCAAAATTCTTTTATCTAAACCAAATTTTTCCAAATATTTTCTAACAGTTTCTATTGACATTTTTATTCTTCCAAAGTTACCTTTAATTTTGTAGAAAAGTATAACATAAAATTTTATTTTTTAAAAGTTTTTAGTTTTAATACTAAAAAAAATATTTTTTAAAAAGTTTTTAACATTAACATTAATACTAAAAATATAAAAACTGCTATAATTTTAAGCAGCTATTATACTCATTTAATTATAACAGTTAATTTTTATATTTTCTTCTAAATATTTAATATCTTCTTTTGTTTAAATAACATTCTTACTTTTTATTTTCTTTCCAAATAATATTATAAAAAATATTACACCAATCACAACTGCTATACTTCCAGATATTGAAACATCTAAAAATACTGCTAAATGATAACCTAATATTGATGAAATAGCTCCAATTAAAGCACTGTAAACTAACATCATCTTTAAACTTTTAGAAATTATATAAGCAGTGGCAGCAGGTCCTATCATAAAAGAAATCATAAGAGTTGCTCCAACAACATCAAAAGAAACTACTGCTGTTACCGATACTAAGCTCATTAATAGGTAGTGAAATACTTCTGGAAATAATCCCAATGTC
NZ_CP077182.1_gap31	899196	903315	4119	TACTCCTATTCTAATTTTGTTTTTCTATATCTTTAACAGCATTTCTAATTGCTCTTCTAAAACCAGCAGAAGTTGAAGTAGCCCCTGCAACACTATCTAACTTATTATAGTTTTGTTTTGTTTTAACCTCTTCTATTAACTGTTCTATTGCAGCTCCACCAACTTTATCAGTTTCTTGATGTTTAGCAACAATATCAGTGACAACTACCTTACCATCTTTTTTAATAGCTTTTACAGTTAAAACTATTGGTATTCCTTCTTCATTATAACCTTTTGCTTTTGCTGTAGTTTCATATACCTTATCAGCTGCAAAAGCTCCTAAACTTAATACTGCAAAAGAAATTGCTATTAAACTTTTAAAATTTTTCATAACTTCACACTAATCTATCTTGATATAGATTATTCTCCTTCCTTATTTATTTGATATTGCTTCAACTCCTGGTAAAATTTTTCCTTCTAAGAATTCCAAAGATGCTCCACCACCAGTAGAAATATGAGTAAATTTATCAGCATAACCTAAACTTATTGCAGCAGCAGCCGAATCTCCACCACCTATTATAGTTACAGCATCAGTAAGATTAGCTATTGATTCGCAAACTCCTATTGTTCCTTTGGCAAAGTTAGGCATTTCAAATACTCCCATAGGTCCATTCCATACAACAGTCTTAGCAGTTTTTATGTAACTATCAAATAGTTTAACAGTTTTTTCACCAATGTCAAGTCCCATTTTATTATTTGGAATATTATCTATATCAACAGTAGAAAATTCAACTTCATTTTTAAATTCACTTGCAACAACTGTATCAACAGGTAAAACTATTTTTTCATTTGATTTAGCTAATAAATCTTTAGCCAAATCTAATTTATCATTCTCAACTAGTGAAGTTCCAACATTTTTTCCCTCTGCTTTTAAGAAAGTAAACATCATAGCTCCACCAATTAGAATTTTATCAGCCTTAGTCAATAAATTTTCAATAACTCCTATTTTATCAGAAACTTTTGCTCCACCTAAAATAGCAATTAATGGTCTTTTGGGGTTATTTACTGCCTCTCCTATAAATTTTAATTCTTTTTCAATTAAGAAGCCAACAGCAGAATTTCCATTTCCAATATTTTCTGCAATTCCTACATTAGAAGCATGAGCTCTGTGAGCAGTTCCAAAAGCATCATTTACAAAAATATCTCCTAGTGATGCCCAGTATTTACCTAATTCAGGATCATTTTTAGATTCTTTTTTAGCATCTAAATCTTCAAATCTTGTATTTTCAAACATTAAAACTTCACCAGATTTTAAATTATTGATAGCATTTTCTAATTTTTCTCCTCTTGTTTCAGGAATAAAAGTTACATTTTTCCCTAAAAGCTCAGATAATTTTTCAGCAACAGCTTTTAAACTTTTTGTAGCCTTATCTTCTTCTGTTTTTACTTTTCCTAAGTGAGAAAATAAAATAAGTTTAGCATTATGTTCTAAGGCATATTTTATTGTAGGTAATGCTTGGATTATTCTATTATCATCAGTAATTTTTCCATCTTTAATAGGAACATTAAAATCTACTCTCATAAGAACTTTTTTATTATTCAAATCTAAATCAGTTATAAGTTTTTTCATAGTTGTTCTCCTTACTAATTTTTAAAAAAGTGGAACAAACTAATGTTCCACTATTTAATTGCTAATTATTAAATTTTATTATGAATTATTTTGAAATTTCAACAAATTTCTTTAATGTTCTAATAAGTTGAGAAGTGTAAGACATTTCATTGTCATACCAAGCAACAGTTTTTACTAATTGTTTTCCATCAACTGTTAAAACTTTTGTTTGAGTTGCATCAAATAATGAACCAAAACTAATTCCTATAATATCACTTGATACTAATGGTTCTTCTGTATATCCAAATGATTCATTACTTGCAGCTTTCATAGCAGCATTTACTTCATCAACTGTAACATCTTTTCCTAAAACTGTTACAAGCTCAGTTATCGAACCAGTTATAACAGGTACTCTTTGAGCAGCTCCATCTAATTTCCCTTTTAATTCAGGAATAACAAGCCCAATAGCTTTTGCAGCTCCTGTTGTGTTAGGAACAATATTTTCAGCAGCGGCTCTTGCTCTTCTTAAATCTCCTTTTTTATGTGGAGCATCTAATGTATTTTGATCATTTGTATAAGCATGGATAGTTGTCATTAATCCTTCAACAATTCCAAATTTATCATTTAAAACTTTTGCCATTGGAGCAAGGCAGTTAGTTGTACAAGAAGCTCCTGATATTACAGTTTCAGTCCCATCTAATACATTGTCATTTACATTGTAAACTATTGTTTTTAAATCTCCAGTAGCTGGTGCAGAAATTACAACTTTTTTTGCTCCTGCTTTAATATGAGCTTCTGCTTTTTCTTTGCTTGTAAAAAAACCTGTACATTCAAGAACAACATCTACTCCTAAATCTCCCCAAGGTAATTCTTCTGGATTAGCCTTAGCAAATACTTTTATACTATCTCCATTTACTATAAAACCATCATCTGTAACTTCAATAGTTCCATCAAATCTTCCTTGTGCTGAATCATATTTAAAAAGATGTGCTAATGTTTTTGCATCTGTTAAATCATTTATAGCAACAACATCAAAATCTTTATTTTTACTCATAACTCTTAATGCTAATCTTCCTATTCTTCCAAATCCATTAATTGCAACTTTTACTGCCATTTTTACCTCCTAAAATTTTTACTGTACTATTTATAAATAAAACCAAAAATTAACTAAATTAAAATCAATTGTTCTTATTGTAAATATATACTTTTTTTAAACATATGTCAAATTCTATACGGATATATTTTCATCTTAAAAATGATTATTTTTTTACCACAACTTCAAAACTTAAGCAACATCATTTTAAAACTTCTTTCATATCAATAGGAATATCAATTTCAATTTTTAAATTTTCTAATGTTTTTGGATTTTGAAATTCTAACTTATAAGCATGTAACATTTGTCTTTTTGCCAAATTCATATCTCCACCATAAAGTTCATCTCCTACCAAAGAATGACCAATAAGTGATAAATGAGCTCTTATTTGATGAGTTCTACCTGTATATAATCTTGCTTCAAGAAAGGTAATATTTTTTTTATAATTTCTTTCTAAAACTTTTATATGAGTTTTAGCAGATTTTCCACCATCTTTTTCAGAAAGTTCTATTCTTCTTAAATTATCTCCTACTTTTCCAATAGGTATCTCAATGAAAAAATCATTTTTTTCTATTATTCCACTTGCAATAACCTTATATGTTTTTTTTACTTCTGTTTTATCTTGTAAAAAAGCTTGAGTATATGCATTTTTGGCAATTATTATAAGTCCAGAAGTATTCATATCAAGGCGATTATAAAATCTAGGAACAAGTGTTTTTCCTAATGTTTTTTCAAAATAATTTACAATAGCATTTGCCAAAGTTTTATCCACTTTTTTTTGTGTAGGATGAACTATTATACATGGCTCTTTATTAACTATAAGTAAATTCTCATCTTCATAGGCTATATCAATGGGAATATCCATAGCTTTTATTCCTGTACTTTTTTCCTTTTCAATAATCACTATCCTATTTAATTTTTTAATTTTTTTAGCATTATTTTTTATTCTTTTTCCATTCAAATAAATTTCCAAATTTCTAAGTCCTCTACTTGAATAGCCTTTTGTCTCTTTTAAATATGTCCCTATTTCATAACCATCGTATTCATGTTCCACTATATACTTTTTCATTTTCTTCCCCATTTTTTTATTTATTAATAAAATTATAACATAGAAAATAAAAAAACTTTATAAAAATAAAATTGTTTAAAAATATGTTTTAGAAAATATATAGTTTTTTATAAAAAAAGATTTTTAAAACGATAAAAATACAAAAAATAAAATATAAATATTTATAATATAAATATAAGAAATAAAAACTATAAAATTTTATTATTAAGGAGATGATTTTATATGGAAAATCAAAGTAATGTAAAACAACCATCTTTGTGGTTATGTCTAAGTATTGTTCTATTTTTAATTGTTTCTTTTTTATTACAGTTGATAGTAAAAGGAGAACCTGATGTACATATGACTTTATTTTTTGCATCAGTTTTTGCT
NZ_CP077182.1_gap32	1019798	1020396	598	TAAAGAAAAATAGCCTGAAAATGAATTATTATTTATATAAAAACCAATAATTATTAAAGATAAAAAAACAGAAGAACATAAAATTTTTAAAGGCATATCATATTCTGTTGATAGCAAAAATTGTGGAGTTATCTCAAAATGGTATAATTTTAAAACAGCAATAATAACTGAACCTAGTATACCTGCTGTAAAACCTAAATTATACAGGTCATATCCCTCATGAAAATCATAAAGACTTTTTGACAGAGGAACTACTATAAAACCAATTAAAATACCAATTAAAATTGCATTTATATATGATGTTTCATAGGATATTTCTCCATAAAAAGCAACACTGCTTACAAAAGGAGCTAATGCACTTGAAAAAGCAATAGGAACTATATGTTCAGAAAAATCTGTTGAAGTATAGATACTATATAAAATACCTCCTAAATAAAAGGGTAGAATATTTAAAATATTTTTTCCAAAAAATGAAAAACCAAAAACTGTAAAAAAAGCAGCAATGGTTATTCCATTAATCTTTACTTTAAATAATTTTACTAAGAAAAAATTAAAAGAAAAAATTAAAACTGCATTAAGAAAGGCAGCTCCTATTCCC
NZ_CP077182.1_gap33	1021922	1023746	1824	TACATCATCTTTATATTGAATATTTTTTGCCATTTCTTGAAAGCCTTCAACTTTAGCCAAAATATCTAAGCCTGTTTTACCAATATTTGTTTTATAGTTTGGAATGGCAATAGATGAAGTCAACATTTGAGATAAATTATCTATTTTTCTACGACCTATTATAACTAAATTATCTTCAAAAAAATCTTTAACTTCATATTTCTTTTTAATATTATTATCAACTTTTGAATCTTCATTAGTAAGTATAATATCATAATCTTCAAGTGAATTTAAAGCATTTATTTTTATTGCCACACCCTTATCAGTATTTTCATATTTTTTAGCTAATTTTCCAATAAAAATTTCTATTTCTCTATCAGTATAAACATTAATAACTTCTCTTTTTTCCCTTTGACAAGATTTTACTATACTAAAAACTGAAATTATTATAATAGCTAGTATTAAAAATATCCATCTTTTCATAAATTTTCTCCTATATTACACAGTCTGTTCTCCACAGATTGAACTTGTAAAAGCATTTTTAATTTCTTGTAAACTTAAATTTTTTCCCAATAAATACATCATCTTAGTTAAACCTGCTTCTGAGGTTATATCACTTCCATTTATAATACCTAATTTTGAAAGTTTATCAGTGGACTCATAAAGAGGCATTTTTACACTACCTGAAATACACTGTGTAATATCTAAAATTGGAATACCTTTTTTAGATATGGATTTTAAAGTTTCTATAAAATCTTCACTTGTTGGAGTATTTCCACTTCCATAAGTTTTTAATATTAAAGCCTTTATATTTTTATTACTTTCAATAAAATCAGATATATATTTTGAATTAAGTCCAGGAAATAACTCTAATAGTAATACATTAGCATCTATATTTTTTTCAACATAAAATTTTTCAGTTGGAACTTTTAATATTCTATCTGAAATAACTTTTATTTCAGTTGCTATTTCAGCAAGTGGATTATAGTTAGGTGAAGAAAAACCATAATAGTTATTACTATCAGTTTTTTTACTTCTATTAGCTCTTAATAAACTATCTCTAAAACATATACATACTTCTGGAATTAGAGGAATATCAAATAATTTATGTCCTGCAATATAGATAGAGTTTATTAAATTTTGAAGTCCATCACTTCTTGGATTTATCATTGGAGCTTGAGCCCCTGTTAAAACAACAGGTTTTGCTAAATTTTTTAATAAAAATGATAACATAGAGCCAGTATATGCCATAGTGTCTGTACCATGCAGTATAACAAAGCCTAAATATTTATCATAATTTTTTTCTATAACCTCTACTAATTTTATCCAAAAATCTGTTGTAACATCCGATGAATCTATTAATTTTTCAAATTGGAAATAATCAGTAGGAAATTTTTCTAACATAGAGTATTCCTTAGTAATTTCAGCCCAGTTATATGCAGGTCTTAAAGGCTTTCCAACCATACCAATAGTTCCACCAGTATTTATTATAAGAACTTTATCTTCCATTATCTATTTCCCTTATCTTTATATTATAATTTTTTTATATCCTCTAAAAATTTTATAAGAACCTTACTCATTTTTTCTGTAAAAGGAGAATGTCCAGTTCCTTCAACTATTATAAACTCACAATTATTTAACTTTTCAGCTAATCTATATGCAGATGCAACTCTTGTGTTTAAATCAAATCTTCCATGAGCTATATAAATTGGAATATCTTTTATTTTTTCAACTCTATTTAATATATAATTTTTATCCTCCCAAAACATATTATTATAAAAATAATGTGCTTCTATTAGAGCAAGTGATATTTCAGATGCTTGTATTTCCTCTTCTTCTGGAGTC
NZ_CP077182.1_gap34	1026880	1030580	3700	TACTACCACCAGGAACTCTATCTAAATCCCAAGGGTTAGATGTCATATGATGAAAGGAAGTTTTTGTTGTAGATCCCATAGCAAACTCATCCATATTTGTTACACCAATGATGATTGCATCTTCTTCTTTTAATTTCTTTACAACAGTTGCATCATAAATTCCAATATAATTTTCTAATATTTTAGAACAAGAAGTAGATTTTTGTCCTTCCATTAAAATATTATCTTTTATTGCAATAGGGATACCAGCAAGTTTTCCTAATTTTTCTCCATTTTTTTTCTTTTCATCTAGTTTTTTAGCTTCATTAAGTGCAATATCTTTTCTTAGAGAAACAAAACTTTTTATTTTATCTTCAACTTTTTCTATTCTTTCATAAAAGGAATTAACTATTTCCACGGCTGATAGTTCATCAGATAAAAATTTATCTCTTAATTCTTTTGCAGTCAATTCATAAAGATTATTCATATACCCTCAATATCCTCCTACTCTCCAATAACTTTTGGAACTACTATTGCATTTTCAGCACTTTCAGGTGCATTTAATAGTACTTTTTCTATTTTTAAAGATGGTTTCTCTTCTTTTTCTCTAAAATTATTGACAGCTTCATTAATATAAACTAAGGGCTCAACCTTTGATGTATCAACTTCATTTAACATATCAATATATTTTAGTATATCATTTAATTCAATCTGAAATTTTTCTATTTCTTTTTCTTCAAATGATAATTTTGATAATTTTGCAATCTTTAAAACTTCTTCTTTTGTAAGTGCCATTTTCCCTCCTAAATTGAATATAAGTATTCCACTTCCTGTTTTGTTAATTCTCTATATTTACCCTCTGGTAAATCACCTAGTGATAATTCACCAATTTTTTCTCTTCTTAACATCAAAACTTTATATCCAAATTTTTCTATCATTCTTCTAATCTGTCTATTTCTACCTTCTCTTATTGAAATATACATAGAAGTTTTATTTTTATCATATTTTATTCCAGATATTTTAGCTGGTAATGTTTTACCATCATCTAGTAAAACACCTTTTTTTAGTTCATCAATTTCTTTTTTTTTAATTTCTCCAAAAATTTTTACATAATACTTTTTATAGACTTCTGATTTTGGGTGAACTATTCTATTAAATAACTCTCCATCATTTGTAAGTAAAATCAAACCACTTGTCATATAGTCAAGCCTTCCAATAGGAAAAATTCTTTTATCAGTTTTAATCAGATCAACTACTGTTTTTCTACCTCTGTCATCACTTGAAGCAGATAATACCTCTAAAGGTTTATTCAACATAAAATAAACTTTTTCTTCATCTATATTAGTTTCAACTTTTTTACCATCTATGAAAATATCATCATTTTCACTTATGTCCATTCCAGTCGTTGCTATATTATTATTTACAGTAATTCTACCTTCTTCAATATATTTGTCAATAGTTCTTCTTGAAGCAATGCCAAGAGTAGATAAAAATTTATTAATCCTCATTAGTAGCTACATTCTCCATACTTTTTATTTTTTCTTTTAGTAAATCATAATCAGGCAATTCTGTTATATTTTTGATACCTAAATATGATAAAAATTTATCAGTTACTTCATATAAGTTAGCTCTTCTACCTGTTTCTTGCCTACCACAATTTCTAATAAATTTTCTTTCTTCTAAGTTTGAAATAATTCTATCAACAGAAACTCCTCTGATACTTTCAATTTCTGATTTTGTAACAGGTTGTTTATAAGCTATTATAGATAAAGTCTCTATTGAAGCTGATGATAATTTTTTAGGTTTAGTTTCCTGTTCAAAATAATTATTTATAACTTCCCCGTATAGAGGATTAGTTGATAAGTATACTATTTCTGAATCAACTTCAATATTAATTCCAGTGTCTTTTCTATCATCTTTTAATTCTAAAAGAATTTTTAACATATCTTCAATAGAAATCTTAAAAAATTTTGCTAAATCTTTTATTTTATTTTCATCTCCACCTAAAAAAATAATAGCTTCAACCTGACTTTTTATACTCATTTTTTATATTCCTTAAAAATATTAATATTCTGTTTCTGTTGATACCAAAACTTTACTATATAATGAGAAGTTATTTAATAATACACCTATACCATTAATAACAGCATTTAAAGGATCTTCTGATATAGTAACCTTTAAATTTAAACCTGCTGATATTTTTTTATCTATTCCTCTAAGTAATGCTCCACCACCACTTATATATATTCCTCTTTTCTTAATATCAGCTGCTAATTCAGGAGGAGTTTTTTCAAAAACTACTCTTATTTCTTCAATAATTTCTTGAACTAATGTAGATAAAGTATCAACTAATTCAGATGATGTCAAAGTAATATCTTTTGGTAAACCATTTAAAACATATTTACCACTAACTTCTATTTCCATTTCTTCTTCTTCTGGACTAACAGTACCTATTTTAATTTTTATATCCTCAGCTGATTTTTCTCCAATCAATAAATTATGCTTTTGTCTTACATAATCAACAATGGCAGTATCAAATCTATCTCCAGCTACTCTAAAAGAAGACTTTTTAACAACTCCACCTAAAGATACAACAGCTAATTCTGATGTTCCTCCACCAATATCAACTACCATATTTCCTTCTGGTTCAAAAATGTTTATTCCCACACCTATTGCTGCTGCCATAGGTTCTTCAATTAAATATGCTTCTCTTGCACCAGCTTCTCTTGTAACTTCCATAACTGCTCTTTTTTCTACTTGTGTTATTCCTGCTGGCACACAAATAATTACCCTTGGTTTATTTAAAAATGTTCCTGATTTTATTCTTCTATAAAAACATCTTAACATTTTTTCTGTAACTTCATAATCAGCAATAACTCCATTTCTTAAAGGCCTTATAGTTTCATAAGTAGTAGGAGTTCTCCCTATCATATGTTTTGCTTTTTCTCCCACTTCAAAAATTTCCTTTGTTTTAGTAGAAATAGCAACAACTGATGGTTCTTTTAGAATTATTCCTTTATTTTTCATACAAATTAAGGTATTAGATGTTCCTAAATCTATACCTAAATCGTCTGAAAATATACCTAGAATTTTGCTTACAAATTTTTTCATTATTTTACACCTCATCATTAAATTTTATCTATTTGACTTATTTTATAACCGATTTTTCTTAAATTTTCTAAAAAATTTGAAATAGGGAAACCCATTATAGAATAATAATCTCCATTTATTTTTTCAACTAAAATTCTTCCATATCCCTGAATACCATAAGCTCCTGCTTTATCAAAAGGTTCAGCAGTACCTAAATACCAATTTATTATTTCATTATCAAGCTCTAAAAACTTTACTTCACTTATAACAACCTCTTTTATAAGTATATTTTTTGAAATATTTTTAAATACATAAGCAGTAATTACTTTATGTGTATTTCCTGATAAAGTCTTTAAAAAGCTAAATGCTTCTTCCATATCTTTGGGTTTTCCAAAAATTTTTCCATTTAATTCAACAACAGTATCTGCTGCTAGAATAAATTCATTTTTATTATCTTTTGCAATTTGTTCCAATTTTTTTTCTGCTATATCTAATACTTTCTCAGTGATAATTTTTTTGTCACTTATTTCTTTAATATTGGATGTTATGACTTTAAAATTAAAACCTGCATCTTTTAATATCTCTTGTCTTCTTTTAGAATTTGAAGCTAAAATCATTTTAATCTTCCTTA
NZ_CP077182.1_gap35	1043347	1047836	4489	TACTTTCTATGCACTCTGTAAGAGAGCTGGGTGGAGTTGATGATCATTATAATTTATATAGATTAATTAGTGAATTTTTTAAAATTTAAGTATAGTTATACTAAATTTTTTATTGATAAAATATATAAATGGTGCTATAATTTTTCCATAATTTTAAATATATTGGGGGTAAATTATGGCTTATATTTCAAGTTTAGATATTTTAGAAACAGAAATTGCTATTAAAAAAGTTAAAGATTTTTTTGAAAGTCATCTTGCAAAAGAATTAGATTTATTAAGAGTTTCAGCACCACTATTTGTTATTCCAGAGTCTGGATTAAATGACAATTTGAATGGTACAGAAAGACCAGTATCTTTTGATACTAAAAGTGGAGAAAGAGTTGAGATAGTTCATTCACTTGCAAAGTGGAAAAGAATGGCACTATATAGATACAATATTGAAAATCATAAAGGTATCTACACAGATATGAATGCTATAAGAAGAGATGAGGATACAGATTTTATTCATTCTTATTATGTTGACCAATGGGATTGGGAAAAAATAATTTCTAAGGAAGATAGGAATGAAGAATATCTAAAAGAAACAGTTAGAAAAATTTATTCTGTATTTAAAGCAACAGAAGAATATATTACTACTGAATATCCAAAACTTACTAAAAAATTGCCAAAAGAAATAACTTTTATAACTTCACAAGAACTTGAAAATAAATATCCTAATCTAACTCCTAAAAATAGAGAACATGCTGCAGCAAAAGAGTATGGAGCAATATTTTTGATGAAGATAGGTGGAAAATTATCTTCTGGTGAAAAACATGATGGTAGAGCACCTGACTATGATGATTGGGATTTGAATGGAGATATAATATTTAATTATCCTCTTTTAGGAATAGGACTTGAATTATCTTCTATGGGAATAAGAGTTGATGAAAAGTCATTAGATGAGCAATTAAAAATTGCTAATTGTGAGGACAGAAGATCTTTACCATATCATCAAATGATTTTAAATAAAGTTTTACCTTATACAATAGGTGGAGGAATAGGACAATCTCGTATATGTATGTTCTTCTTAGATAAATTACATATAGGAGAAGTACAAGCATCTATATGGTCACAAGAAGTTCATGAAATTTGTAGACAAATGAATATTAAATTATTGTAAAATAATGGGGGCAATTATAGCCCCCAAATTTATTATTTAATCATTTAATTTTAATACAGAAACAAATGCTTCTTGTGGAATTTCAACATTTCCTATGTTCTTCATTCTTTTTTTACCTTCTTTTTGTTTTTCAAGAAGTTTCTTCTTTCTTGTTATATCTCCACCATAACATTTAGCAATAACATTTTTTCTATATGCTTTTATTGTTTCTCTAGCAATTATTTTTGAACCTAAAGCAGCTTGTATAGGTATTTCAAATTGCTGTCTTGGGATAACCTCACTTAATTTTTGACATATAGCTTTTCCTCTATGAAAAGCATTGTCATTATGGGCTATAAATGAGAAAGCATCAACAGGTTTGCCTGAAACTAATATATCAACTTTAACTAGATTTGATACTCTATAATCACTTAATTCATATTCAAATGAAGCATAACCTTTTGTTCTTGACTTCAATTTATCATAGAAATCTATAACAATTTCTGCAAGAGGAAGTTCATAGCTAAGCATAGATCTAGTTTCATCTAAATAGTCCATTGAAATAAAAATTCCTCTTTTTTCTTGACAAAGTTCCATTACATTCCCAACATATTCTTTTGGAACAATAACTTTTCCTCTAATATATGGTTCTTGTATTGTTATTTTTCCACGACCTGGATCAGGAAATTCACAAGGATTATCTATAACTTTTTCTTCCTGATTATCTATACTAACCTTGTATTTAACAGATGGAGTAGTAGAAATTAAATCTATATTGTATTCTCTTCTCAATCTTTCAACTATAATTTCCATATGTAATAAACCTAAGAAACCACATCTAAAACCAAAACCTAAGGCAATAGAAGTTTCTGGTACAAAAGTTAAGGAAGCATCATTTAATTGTAATTTTTCTAAGGCTTCTCTCAATTCTTCATAGTCATCAGTAAATAATGGATACACTCCTGCAAATACCATTGACTGAGCAGGTTTAAATCCAGCTAATGGAAATAGAGCAGGATTTTTTGCACTTATTATTGTATCTCCAACTCTTGTATCATGAATAGTTTTAACACCTGTAATTATATATCCAACAGAACCACTACTTAAAATATCAGTTGATTTCATTGTAGGAGAAAAAATACCAGTTTCTAAAACTTCTAATTCTTTTTCAGTTGACCAAATTTTTATTTTATCCCCTTTTTCAATTTTTCCATCTAAAACTTTTACATAGGTTATAACTCCTCTATAATCATCAAAGTATGAGTCAAATATCAGTGCCTTTAAAGGTGCATTTTCATCATAATTTGGAGCAGGGATTTTATGAACAATAGCTTCTAAAATATCTTCTATACCTATTCCATTTTTAGCAGAAGCTAAAACTGCATCATCAGCTGGTAAACCAATAATATCTTCAATTTCTCTTTTTACTTTTTCAGGTTCAGCAGCAGGTAAATCTATTTTATTTATTATAGGTAAAATTTCTAAGTTATTTTCAATAGCAAGATAGACATTAGCAAGAGTTTGTGCTTCAACACCTTGTGCAGCATCTACAACAAGTAATGCTCCTTCACAGGCAGCAAGTGATCTTGAAACTTCATAAATAAAGTCCACATGTCCAGGAGTATCTATTAAGTTTAATTCATATTCTTCTCCATTTTTTGCTTTATAAAATAAGGTTACTGCTTGTGCTTTTATTGTTATTCCTTTTTCTCTCTCTAAGTCCATTGAATCTAGAATTTGCTCTTTCATATCTCTTTCAGATACAGTTCCAGTATATTCTAAAAGTCTATCAGCAATAGTAGATTTTCCATGATCTATATGAGCAATTATAGAGAAATTTCTCTTATTTTTTTGTAACATTGTATCCTCCAATTTTTATATAATCTTTTTAATTATATGGTATTTCAATATTTGTGTCAATTAAAAAATATTTTTTAGTCAAATCTTCTAATAAAGGTTTAATTCCTAAAAATCTTTTTAATTTATTATATTCTTTTAATTTTTCTTTTAAATTAGAAGATTTAGATTTTATAGCTCTAATTAAAATATTTTTAGGGGTATGTTCGGTATCAATAAATTCTATCATTTTTGTTTTATATCCACATAACTCCAATGTCAATGAACGAAAACTATCAGTTGCTAGTGTAGCAAATTTATCTAAAACAACTCCATTATCAGCCATTATTTTTAAAGTGCTATAAAAATTAGAATTTTTATTTTTTTGTATCTTTTCAAAAAATTCATGATGACAACAAGGAACTGCAAGAATAGCTTTGGCATTTAAACTCAATGCTTTTTCAAGAGAATAATCAGTGGCATTATTACAAGCATGCAAAGAAAAGACTAAATCTACTTCCTTAGCTTTATCATAATCTTTTATATTTCCATTTAAAAATTCTAAATTATTATAATTTAATTTTTGAGCTAATTTATTACAAAATTCTATAACATCTTTTTTTAAATCTAAACCCACTATTGAAAAACTTAAATTTTTTCTATAATTTTTTAGATAATAATAAAGTGCAAAGGTTAAGTATGATTTTCCACAACCAAAATCTAAAATATTTATATGATTATTTATAAGTTTCTTATCTTTTAATTCCTCAATAACATCATCAATAAATTCTAAATATTTATTGATTTATTTAAATTTATTATAACTAGATTTTAAAATTTTGCCTTCAACTGACATCAAACCTAATTCAATTAAAAAATCAATTTTATCTCCTTCATTTAAAATATATTGTTTTTTCTTATTATGCTCATTAGAATTTTTTATTAAATTATTTTTATTTTCTTTTTTTAGAAAATTTTCTTTTTTCTTTATAAAAGAAATATCTAAGTTTTCAATCTGTAATAATATTTGTTTAAAATTTTCTATATATTTTTTTAATATATTTTCAATTTCTTGAATATTGTTTAATTCAATATTTTTATGAAATGCTTTATTTTCTTTAAAACTTTCAATTTGAATATTTTTTCCAGATTTTAAAAATAAAGACTTTATAATAATTTTATTAAAATCTCCATTTTGTTTATCTGAAAAAACTATTTTTATAAATTTATCTTTTTTAATATTTTCTATTAATTCGAATAATATATTATCTTTTTGCATAATACCTCTTATATATTTTTTAAATTTTCAATATCTAAATTATTACCAATAATAACAATTTTAGTTCCCTTAGCATCTGTTATAGGTTCCATTTCAAAATTTTTATATACAAGATTAAATTTTCCCCAATAACCATCAATTTTTACTATACCCTTAGCTCTATAAATTTTTCCAAAATCTCCATTAACTAATTTATTTAAAAGTAATCCCAATTCATCCATAGTTTTTAAATTAAT
NZ_CP077182.1_gap36	1049492	1052977	3485	TCATATTTATGTATATTAAGAAGAATTTTATGTATTTTATTAATTTTATCTAAGTTATTGGAAACAGTGTAAATTCTATTAACTTCTGTTATAGTTTCTCCATCTCTTTTTTTGGCAGAAGTAAGAACACAAGTCATAGTAACAAATGTTTCAGCTTTTAAATCAAATCTTTTACATATAATAGATATTGCTTTTTCAACTCTATAGGTTTCAGCACCACTTGTCAATAGGATTTTACCAATAGTATTAGCTGTTGAAAGTACTTTCATAACAAAATTATCATATTGCATAGTTTCCCTCATTATTCAAACATTTTTAAAACCTCATCAGTGTACTCTCCATTTTCCTTGTTAATAATTAAAGGTGGAAGAATAGTTAAACCAGATTTACCATTTTTAATAGCTTCTATTAAAAGTATTTTAGCATTTTTATATTTAGTTGTATAACAAAATTTTATTTTTTTAGCTTCAAACTTATATTTTTGTAAAATATTTAGTATTTCACTTAGTCTATCTACTCTATGAACAAGATAAAAATATCCTCTGTCTTTTACTAGTTCAGAAGCAATTTTTATAAGTTCATCTAAATCAATTTCTACTTCATGTCTAGCAATACTTAATTGCTTTAAATTGTTTAAAAAATTCACATTTTCATTAATCTTAAAAAATGGTGGATTAGAAATTATAATATCAAAAAGCCCCTTATTAAAGTATTTTAAATAGTTTTTCATATTATCATATATTATATATATCTGATCGTTTAAATTATTGATGTTAATATTTTTTAAAGCAAGATTATATGAAATTTCCTGTATCTCAATTCCATAAATTCTAGCAGATGTTTTTTTTGAAAGAAAAAGTGGAATTGCTGCATTCCCAGTTCCTAAATCTAAAATTTTTTTAGTATTTTTTTGAATGTTTACAAATTCTGAAATTAGTAAGGAATCTATGGAAAAATTAAAATAATCACTACGTTGAATTATTTTTAAATTCTTATTTAATAGTGGTATAATACTTTCAAGATTTGTATTCATAGTTTTTGAATCACTCCTTTAATTTTAATATTATATCATAAGTAATAAAAATAAGACAGAATATTAATTTAGTCCAGTAAAAGTACAAAATATATCATAACTAGAAACATAAAGATAAAAATATATAAAAGGCTTGACATAACTATCAATTAACGATAAAATTAGAATAAAGTTTTTATAAAATCCATAATGAGGAGGAAAATAATGGAATTTAATGTACCTAAAACACATGAACTTTTCAGACAAATGATAAGAGAATTTGTTGAAAATGAAGTAAAACCTATCGCAGCAGAGGTAGATGAAGAAGAAAGATTTCCAATAGAAACTGTTGAAAAAATGGCAAAAATTGGAATAATGGGTATCCCTATACCAAAAGAATATGGTGGAGCTGGAGGGGATAACTTAATGTATGCAATGGCTGTTGAAGAACTATCAAAGGCTTGTGCTACAACAGGAGTTATTGTATCAGCACATACATCTTTAGGAACTTGGCCAATTTTAAAATTTGGTAATGAAAAACAAAAACAAAAATATTTACCAAAATTAGCTAGTGGAGAATGGATAGGAGCTTTTGGACTTACAGAACCAAATGCAGGAACAGATGCTGCTGGACAACAAACAATGGCAGTTCAAGATCCAGAAACTGGTGAATGGATTTTAAATGGAGCAAAAATATTTATAACAAATGCAGGATATGCACATGTTTATGTAGTATTTGCAATGACAGATAAATCAAAGGGATTAAAAGGAATTTCGGCATTTATAGTTGAAGCAAATACACCAGGTTTCTCAATAGGTAAAAAAGAAATGAAACTAGGAATTAGAGGCTCAGCTACTTGTGAATTGATATTTGAAAATTGTAGAATACCAAAAGAAAATTTACTTGGAGATAAAGGAAAAGGATTCAAAATTGCTATGATGACTCTTGATGGAGGAAGAATAGGAATTGCTTCACAAGCATTAGGAATAGCTGCTGGAGCATTAGATGAAGCTATCAATTATGCAAAAGAAAGAAAACAATTTGGAAGAAGCTTAGCTCAATTCCAAAATACTCAATTCCAAATTGCTAACTTAGATGTTAAAGTTGAAGCTGCAAGACTTTTAGTTTATAAAGCAGCATGGAGAGAATCTAATAACCTTCCTTATTCTTTAGATGCAGCTAGAGCTAAGCTATTTGCTGCTGAAACAGCTATGGAAGTAACAACTAAGGCTGTTCAAATATTTGGTGGATATGGATATACAAGAGAATATCCAGTTGAAAGAATGATGAGAGATGCTAAGATTACTGAAATCTATGAAGGAACTTCTGAAGTTCAAAGAATGGTAATAGCAGCTAATGTTATAAAATAATTACATGTGGAGGAATAAAGATGAGAATAGTAGTTTGTATAAAACAAGTTCCAGATACAACTGAAGTTAAAATAGATCCAGTAAAAGGAACAATTATCAGAGATGGAGTTCCTAGTATAATGAACCCAGATGATAAAGGTGGATTGGAAGAAGCTCTAAAATTAAAAGATTTATATGGAGCAGAAGTTATTGTTATAACAATGGGACCACCACAAGCAGAAGCTATATTAAGAGAAGCTTATGCAATGGGAGCTGATAGAGCTATCCTTATAACAGATAGAAAATTTGGAGGGGCTGATACATTAGCTACTTCTAATACTATTGCTGCTGCAATTAGAAAAATATCTGATATAGATTTAATAGTTGCAGGAAGACAAGCAATAGATGGTGATACTGCACAAGTAGGACCTCAAATTGCAGAACATTTAGGATTACCACAAGTATCTTATGTAAAAGAAATGGAATATAAAGAAGATACAAAATCATTTGTTATTAAAAGAGCAACAGAAGATGGATACTTCTTATTAGAACTTCCTACACCAGGATTAGTAACTGTACTTTCAGAAGCTAATCAACCTAGATATATGAATGTTGGAGCTATTGTTGATGTATTTGAAAGACCAATTGAAACTTGGACATTTAATGATATTGAAATAGACCCTGCAAAAATAGGTTTAGCTGGATCACCAACAAAAGTTAATAAATCATTTACAAAAGGTGTAAAAGAACCTGGCGTATTACATGAAGTTGATGCAAAAGAAGCAGCTAACATTATATTAGAAAAATTAAAAGAAAAATTTATAATCTAATCTTAATGATAAAGGAGAAAATAATATGAATTTAAATGATTATAAAGGAATCCTAGTATTTGCTGAACAAAGAGATGGTATATTGCAAAATGTAGGGTTAGAATTATTAGGAAAAGCAACAGAGTTAGCATATGAAATAAATAAACAAATAGCATTAAAAGATGCAGGAGATGAATTAGCTGACTTTGCTGGAAAAAAAGAAGCAGCAATAAAAAGTGTAGATGTAGCTGCTGCAACTCTTGAAGAAGATGATCAAGAATTAAAAGATAAAGTTGCTGATGTTAAGAAAAATA
NZ_CP077182.1_gap37	1080422	1082977	2555	TTTTATAATACATCAATAGAAAGTTGGCAAGAAAATCATAGTTGTATCTTATTTGGAGTTGAGGGAAAAAGTGTAAGAGGTTTTGAGTTTTCATATAATACTACAAAAAACTCTTATGTTATAAGAGAATTTACTCCTGCTTCTGAAAATGATTGGTTTATAGTATTGGAATTTATGAAAGTATTATCAGAAAAATTAAATTCTAAAATTCTGTCTGAACAAAGAGAAATTTTTACTTCTGGAACTATAAATACTTATGATTATAAAAGTGATATAAAATCAGGAATTAAAGCTATTTTAGATTTATTAAATAAAGAAAATGAAAAAGGTTTTAATGTGGATAATATTTATGGAATTAAAAGACCTGTTTCTTTTGATAAAGAAATAATTGAAAGGATAGTAAATTCATCTGATGAGATAAAAGAATTTTCAAAATTTTGTGAGAATATACAATATATTGATGCCTACTCAGCAAAACAATTTTTTGTAGATGATAAAGAGCATAATAAAAAATGGGCTTATTATGTATTAATAGAAAATCTTAGAACAGTTCTTCCATATAAACCAAGTGTAGAAATTTTTTCTATGAATTATATAAAAAATGAGGAAGTTGCTTTTTGGAAAATATTTTTTTGTGCTTATAAAGTTGATGAAAATGGAAAAGAAGGTGTTGAAAAAATTGCAGAATTTGTATATGATGATTTTATAAAGAGACTTCCATCAAATAAATACAAATTCATAGATGCTTCATATATAGTGGTTGAACCTTTAAATAAGGATGAGATACTTGAAATATTAAAATAAATAGTTCATATAATAAAGTAAAATGATGTTAAAAGAAAATTTCCATTAGCATCATTTTTTTATAATTTTAAATATATATAATTAAAATAAAACAAAATATCTAAAATTAGAAATAAATTTTTTTAAAAAAATACTTTTATTGACATAAAAATTAAAGAGATGATATAATCAAATAAAGTTTACTTTGCAAAATAATTATTTAATTTGATATAAATATTTTTTTTAGATAGGAGAAATAATATGATTTTAAAAAAAATAGGCATTATACATAGTGTATATGAAAGTAAGGATAATGTTCCAAGTCAAGGAAAATATTCTGATGAAAAATCTGTAATTGAAATTTTTCCAGAATATATAGCTGCTTTAGATGGAGTTGAGTTTTTAAAAAGTATAATAGTTTTATATTGGGGAGATAGAGCTGATAGAAATGTATTAAAATCTACTCCTCCGTTTGCTACTTTAGAAAAAGGAGTATTTTCAACTCGCTCACCTAATAGACCTAACCCAATAGCTATATGTGTTTGTAAAATACTTTCAATTGAAGGAAATAAAATAACTGTCATGGGCTTAGATGCTCTTAACAATAGTCCTGTATTAGATATAAAAGTTTTTATACCAAGGGTTGATACAGATAAAGACTATAAAGAAAGTTCTAAAATTACTAAATAAAATAAAAATATCACTAGGAGGTAAGAAATGAAAAATTTAAAAAGATTATTTTTTATTTTAAATTTTATTTTAGCTTTTATTTTTTCTCAAACATTATATGGAGAAAATAAAAATTTGGTTACAGGAAGTAAAACAGGAACAGCAGTAGGTTATCATGGAAAAATAACTGTACTAACAGAACTGAAAGATGGTAAGTTTACAAATATTTCTATTAAAAGTCACACTGAAACAAAAGATGTTGGAGATATTGCAATTTCAAAAATTCCAAATGAAATTTTAAAAAAACAATCATTAGATGTAGATAGTGTTGCAGGAGCTACTGTTACAAGTAAAGCAATTGTAGAGGCTGTTGCAAATGCTTTGGAAAAAATGGGAGTAGATCCTATAAAATATGCTTATAAACCTGATATAACTAAAACTGATAATTTAAATGCTAAATTAGATTTAAAAAAATTACCTAAAAAGAAAGATATTAAAGAAACTGTCATTATCACAGATGCAAAAGGAAGAAAAGTAGAAATTGGACTGCCTATTTCTACTTATGCAATAAGTACAATGGATGTAATTGATTATATTATTCCATTAAAAGGAAAAGAAGCATTTAATATGTTAGTTGGTTCTGGACAAGACGGAGGACATGGTTTAAACAAATATGCAAAATTATATACACCTGTTGTTGGAAATTATATGGAACACACTGCTCAAATATCTGAACATGCATCTCCATTTGATCTTGAAATGTTGTTAGCAGTTAAACCAGATGTTTTAATCGTAAATTCAGCAATGGCTGCTCATAAATATGCTCTTGAAATAGAAGATCAATTAGCTGAAGCAGGAATAAAAATTATTTTAATAGATGTTCCAGGGAAAGATTCAGAAAAATCTGTACAACAGGCAATGAGAATTTTAGGAGATGTTTTCCAAGAAAAAGCAAAAGCAAATGAAGTAATAAATTTTATTGATAAACAATATTCAATAATGAATTCGAAAAATTTAAAAAATAGAAAAGATAAACCGACAGTTTATTATGAAAAATCTGGATATTCAGAAGTATTTGGACCAACAGCAACAAATAAATCTGG
NZ_CP077182.1_gap38	1104772	1106199	1427	AGGAATAACTTCTATTCTTTCTATATTTTCAACAGGAACAATATTATAATTAGTTTGTAATGGGTGATTTACCAAAGTTGTTATAGGTGCACCATCTACTAAAACTTGTAAATTTTTTGCAGAACTTCCTTCTCCTTGTCCTCTAATATCAATATCACCCCAACCACTTTTTCCAACATTTATACTTGGAATATCGTCTAAAATAGCTGATAAATCTTTGTAACCTTTCTCTTGGATGTCTTTTTTCTCAAGAACAATAACATTTTTAGTGTTTTTCATTTTGTTGATTTCAATATAGTCTGACTTAATATTACTTTCAGGTAAATTTACTATTTGTTCTGAGAATACTGAAAAACTTGCAATGATAAAAATTAATAATAACTTTTTTTTCATAATTTCCTCCATTTTAAAATAAAATATTTAAATAATTTTTTTAACAAAATATTATAAATGATGTTATTTAAAAAATCAAATATTTTTTAAAGAAAAAATTAATTTTTTTATTAATAATTGAAAATAGATAAAATTTAAGTTATAATTACTTATAAAATTTTATAAAAAATAAAGGAGTTGTTGTGTGTTATGGGACTTATGGATTTAGTAAAAAAAGCATTTTTAGGAGCTACTGATGAGGAAAACAGAAAAAATAAAGAAAAAATGAGAGCAATATTTAATGATAGTGTTCCTAATGGTGATGATTACAAATTGATTTATTGTCACAGTGAAGATACTACTAATGCTGTTGTTGTTAAGGTTACAAAACATAATAATTTTATTGTGGGATATAAAGAAGGTGAAGTTGTAGTGATTCCTGTTAATCCAGATTTATTAGATTATGGAAAAGCAATTATATTTAACAAGAAAAATGAAAGTAATACTCAGGCATCATTTGGTTTTTGTAAAGTATCTAATCCAGAAACTACACTTTACTTTCATCCAATTACTTATGAACCAGCATTAGGAGGAAAAGGCAAATATTCAGTGGCTGTTACACAATCTAGTGCAGAAGTTTCAGAATTTAAAAACTTTTTTAAGAAAGGTTTATAAGATCTAGTATAAAAAATAAAAAATCCTATTAATTTAGGATTTTTTTATTGTATAATATATGTGTAATAATTAATTGGAGGAAAAGATGAAAAAAATTTTAATCTTCATATTTATAATAGCAATTTTTATTGCAGGAGGCATATCTGGCTATAAAAAAATTGTTTCTGATGAAAGAGAAAAGAAAATTATTCAAATGTTTAATAAAGATATTTTAAATAATTTTGTTGAAAATAAAAAATCTGTTATAGAAAGATTAAAAACTTCTAAGCCAGAAGAAGCCAATGAAATCTATAATGATTATTTAAAAATTAGCCAACTTATAATAGAAAATATAAACACAGAGCATTTAGATTTTTTAAATAATATCTATAATGAAGATT
NZ_CP077182.1_gap39	1241980	1244324	2344	ATATTCTTTTAAAGAAATTTTTTCATTATAATCAGTAAATACTTTTCTTACTAACGAATATCCATTGCTATGAAATCCACTTGAGGCTACTGCTATTATTTTATTTCCTTCTTTAACTTTTGAACCATCTATTAAATTTTCTTTTTCAACTATTCCAACACAAAAACCAGCTATATCATAATCTCCTTCTTTATAGAAACCTGGCATTTCAGCTGTTTCTCCACCTATTAAGGCTGCATAAGATTGTAAACAACCTTCTGTAACTCCTGAAACTAATTGTGCTGCAATTTCTGCATCAAGTTTTCCACAAGCTAAATAATCTAAGAAAAATAATGGTTTTGCACCATGACATAATACATCATTTACACACATAGCTACACAGTCTATACCAACTGTATCGTATTTTTTTTGTTTCATTGCAATTTCTAATTTTGTTCCGACTCCATCAGTACCAGAAATTAAAACAGGATTTTTGTATTGTCCTAATTCATACATAGCTCCAAAGCTACCTAAATTTGTTAGAACAGATTTATTATGAGTTTTTAAAACATTTTTTTTCATTAATTCAACTGCTTTGTAACCTTCTTCTTTATCAACACCTGAATCTTTATAAGATTTTATCATTTTTCCCCCTATTACTCCTCTTCTTTCTTAAAGCAACCCATATAGAAATCATTTCCACCATTTAAAATCTTCTTTAAATTTTTTAATGAAAGGTAATCCAAAGTTGTTGCTCCTATTGCTTTTCTAATTTCTTCAACACTCATATAGCTTCCCATCAATTTATTATTAGGATCTATATTTACTCCAAAATATGATTCTTCTACAACAACAGGAGAAGCTGATCTAAAATGAACTTCTTTTGCTCCTGCCTCAAATAAAATATCTATCAATTTTTTTGAAGTTGTTCCACGAACAATAGAATCATCTATAACAACAACTCTTTTTCCTTTAATTAATTCTTTAATTGGATTTAATTTAACTCTTACTGCTCTTTCTCTTAACTCTTGGGCAGGAGCAATAAATGTTCTTCCTACATATTTATTTTTTAAGAGTGCTGCTGAATAAGGTATTCCACTTGCTTCAGCATATCCTATCCCTGCTGGAACACCTGAATCAGGAACTCCTATAACAATATCAGCCTCTATTGGATTTTGTTCATATAGACATCTACCTGTTTTATGTCTAAAATCATAAACACTTATACCATCTATAACACTATCAGGTCTTCCAAAATAAATATATTCAAATGAGCTTGCTTTTTTTGTACTAGGTTTATATTTTATGCTTTCCACTCCATTATCATCTATAACTACCATCTCTCCTGCTTCTATATCTCTTACAAATTTAGCACCAATAGCATCTAATGCACAAGATTCAGAAGCTAGAACATACATATCATCTTCAACTATTTTTCCTAAACATAATGGTCTTAATCCTTCTGGGTCACGAACACCAATTAATTTATCATTTATTATCATTGCAAGTGTAAAACAACCTCTCAATTTTTCAACAGTTTTTAAAACTGCTTCCTTATATCCATATTTTCCATAGATACTTAAAAGTTTTAAAATTATTTCTGTGTCTATTCCTGTTTGGAATAATGAACCATTAGCTAATAATTCTTGTTTTAACTCAACTTTATTTAGCAAATCACCATTATGTACAAGAGATATATAACCCATAGCAGATTCTCCACCAATAGGTTGACAATTTCTTGCAGAAACTGTATTTTTGCTACCATATCTTGTGTGTGCTATTAAGATATTTCCAATATATTTTTGGAAATCTTCAACTTTAAAAACATCTGATACAAGCCCAACATTTTTAACAGTTTTTATTCTCACTTCTCCATTAGTGATTGAATCACAAATAGTATATCCTGCCCCTTCTTGCCCTCTATGTTGTAAAGCATACATTCCATAATATGCAATTCCTACTAAATCCTTTCTAACTTTCTTTGAGTGTAAAGCCAATATTCCCATTTTTTTATTGATACTCCTTTTATAGTTTAACTAATTATTTACTTTCAGTTAATCTTTTAACCACTTCTATATATGCTTCTTCTATATTTCCTAAATCTCTTCTGAATCTATCTTTATCTAATTTTTCTCCTGTTTTTTTATCCCATAATCTACAAGTATCAGGAGTGATTTCATCGGCAAGTAAAATTTCTCCCTTAGAATTTTTACCAAATTCAATTTTAAAATCTACTAATGTTATTCCTATCTTATCAAATTTTTCTTTTAAAAGATTATTTATTTTAGCAGTTATTTCATAGATTTTATTTAGTTCATCATAGGTTGCTATTCCTAAAGCAACTGCATGATGGTCATTTATTAAA
NZ_CP077182.1_gap40	1274705	1279235	4530	TATTATCTGCAAATATTGTATAAGGACAATTTCTAATTATTCCTGCTTTTTCCTTTGCAATTTTATAGATAGTATCTCCTAAATATTCTGTATGTTCTAAGCTAACATTTGTTATAACTGATACTATATTATCACAAATATTTGTAGCATCATATCTTCCACCCATACCTGCTTCTAAAATTACATAATCTGCTTTCATATCTTTAAAATAATCAAACATCATAGCAGTTGTAACTTCAAAGAATGTAGCTTGAATATTATGTTTATCTATAATTTTTTTAACTTTTTCATAGTATTTAGCAACATCTTCATTACTGATATACCTATCATTAAAAGATATTCTTTCATTAAATTCAAGTATATGAGGTGAAGTATATTTTCCAACCTTATAGCCTGCTTCCAATAAAATTCTTTCAACTGTTGTTGAAACAGAGCCTTTACCATTAGTTCCAGTTATATGTATAACCTTATATGAATTTTGAGGATTTCCTAAATATTTACAAATTTCTTTAATATTATCTAAACCAAGTCTTATACTAAACATAGAATAAGCATATAATTCTTCAAGTAAAGTATCAATATTCATTTTTTCCTCCATTATTTTATTATTGATAGAATTCCTTCTACTATTGATTTTGAATGTTTTGCTGCTATTTTAACAAATTCATCAAAAGTCATTCCTGCTTCATCATCTGCTTTATCAGAAATTGATCTTATAACTACAAAAGGTATATTCATTACCTCACATACATGAGCAACAGCTGCTCCTTCCATTTCAACACACTCAGCTGAAAAAATTTCTCTAAGTTTATTTACTTTTTCAGATGAAGCAACAAATTCATCTCTACTTATTATTCTCCCTTTATGTACTTTATCACTTCCAAATAACTTTACTGCAACTGATTCTGCCAAAGTGAATAGATAAGGATCAGCTTTAAAATATGAAGATTTCATTCTAGGAATTTCTCCTAATTTATAATTTCCACCAGCTGTTACATCCATATCGGATTCCACTAAATCTGTTCCAATGACAATATCTGTCACTTTAATTTTAGGATTAACTGCTCCTGCTACACCAGTAAATATTATTTTTTCAACTTTAAATTGTGAGATTAAAAGTGTAGTAGAAATTGCAGCATTAACTTTCCCAATTCCACTTTCAACTAAAATTATATCTTTTGAACAAAGTTTTCCTTCATAAAATTTTAAATTACTAATCTGTATTTCATTTATGTCTATCATTGAATTTTTTAATTCCATTATTTCTTCATGCATAGCACCAATTATTCCAATTTTCATTTTAACCTCCAAAGTCTTTTATTTAACTAAAATATTATATCATATATAAAAAATTTATAATAGAAGTCTAGCAAAATATGTTATAATAAATTGAAAAAAATTTTGAGGGTGAGGCAATATGTACTATATACAATATATCGTAGCAAGATTTTTTATTTTTTTATTACTCTTATTTCCAGAAAGATTGAGATTTAAGTTTGGAGATTTTTTAGGAACAGTAGCTTATAGGTTAATTAAAAGTAGGAGACTAACAGCTCTTATAAATTTAAGAATGGCTTTTCCTGAAAAATCAGAAGAAGAAATTGAGAAAATTGCTAAAAAATCTTTTAAAGTTATGATAAAAGCATTTTTATGTTCATTATGGTTTGAAAAATATTTAACTAATCCTAAAAATATAAAAATTATTAACCAAGAAAGTATAGAAAATGCATATAAAAAAGGTAAAGGTGTTATGGCAGCAACTATGCACATGGGTAATATGGAAGCAAGTACAGTTTCTGCTGGTGAACATAAAATTATCACAGTTGCTAAAAAACAAAGAAATCCATATATAAATGACTATATAACAAAACTTAGAGGAAAAGCCAATTATATGGATGTCATTGAAAAAAATGAAAGAACAAGTAGAATTTTAATTTCTAAGTTAAAAGAGAAAAAAATCTATGCACTATTCTCTGACCATAGAGATAAGGGAGCAACAGTAAATTTCTTTGGAAAAGAAACAAAAGCACCTAGTGGAGCAATCTCAATGGCTTTAAAGTTTGATATGCCCTTTGTCCTTGTTTACAATACTTTTAATGAGGATAATACAATAACAGTTTATGTTACAGATGAAATAGAACTAAAAAGGACTGATAACTTTAAAGAAGATGTACAAAATAATGTTCAATATCTAATAAATATTATGGAAGATGTAATTAGAAAATATCCAGAACAATGGATGTGGTTTCATGATAGATGGAATAATTTTAGAGAATATAAAAAAAATTTAAAAAAATAAGGTTCAGTACATATTTTTATTTCAGAAAAAGAAAAGGTACTCAATAATGAGTACCTAATTTTTTTATTATTTAGTGTAGTCATAGAAACCTTTACCAGTTTTTTGTCCTAATTGTTTTCCACGAACCATTTTTCTTAATAAAGTGTGAGCTCTGTATTTACTATCTCCTGTTTCATGATATAGAACATCCATTATAGCAAGACAAACATCAAGTCCAATTAAATCTCCTAATGCCAATGGTCCAATAGGATGATTTGCTCCTAATTTCATAGCTGAATCAATTCCTTCAACAGAAGCAATTCCTTCTGCATAAATTCCAACAGCTTCATTAATCATAGGGATTAAAATTCTATTAACAACAAATCCTGGTGCTTCTTGAACTTGTACTGGAACCTTTCCAATATCTTCAGAAATTTTCTTTATTTTGTCTACTACTTCAGTTGGAGTATTAAGTCCAGCTATAATTTCAACAAGTTTCATAACTGGTGCTGGATTAAAGAAGTGCATTCCTATCATAGGTCTTTTTAAACCTGCTCCAATTTCAGTGATTGATAAAGAAGAAGTATTAGTTGCAAATATAGCTTCTGGTTTACAAATATCATCTAATTCTTTAAAAGTTTGTTTTTTAATTTCCATATTTTCAATAGCTGCTTCAATTATTAAATCACAATCTCCACAAATATCTTTAGTACCAGTTGTAATTTTTTCTAATATTTTATCAGCAGCAGCTTGTTCCATTTTACCTTTTGCTATTCTTTTTTCAAAACCTTTTGCTATTTTTTTCTTTCCATTAGCTGCAAATTCATTGTTAATATCACATAGTGCAACTGTAAAACCTTCTGTTTGTGCAAATGCTTGAGCAATTCCTGCACCCATTGTTCCCGCTCCAATAATTCCTACTTTCATAATTTAACCTCCATTTTATTTGTTTTTATATTCAACACCTTTTACTTTATCTAAAAATGCTTTCATTCCAACTTTTTGATCTTCTGTTGCAAAACAACTTCCAAATAATTTTTGTTCTATTATTATTGCTCTATCCATGTCAGTATCTATACCTTCATTTATTGCTTTTTTACATGCTCTAACTGCAAATGGAGCATTCTTAGCAATTTTTCCAGCCAATTTCATAGCTTCTTCCATTAGATTTTCTTGAGGATATACATAATTAACTAATCCTATATCTAATGCTGCATTAGCTTTAATATTATTAGCTGTATAAATCATTTCCTTAGCTTTTCCTAATCCAATAAGTCTTGCTAATCTTTGAGTTCCACCAAATCCAGGAGTGATTCCTAAACCAACTTCTGGTTGCCCAAATATTGCATTTTCAGAGCAAATCCTAAAATCACAACTCATTGCTAATTCACAGCCTCCACCTAAAGCAAAACCATTAATAACTGCTATAACTGGTAAAGGAAAAGTTTCAATTTTTCTGAATATCTCATTTCCCTTATAACCAAATTTAGTTCCTTCATCACTATTTAAAGTAGACATTTCAGCAATATCTGCTCCTGCAACAAAAGACTTTGTTCCTGAACCTGTTAATAAAACTACTCTTGTTGTTTCTAAATTAATATTTGTGAAAACAGAACTCAACTCATCTAACACTTGAGAGTTTAAAGCATTTAATGCTTCGGGTCTTTCAATAGTTACAATACCTATAAAATTTTCTTGCTTGTAAGATACAACAGACATTTTATCATTCCTCCTATAACTAATATTATAATGTTTGCTTTACATTTTTATAATATCATAATTGAATATAAAAATCAATAAAAAGTCTATTGATTTTATATATTCCTTATGCTATAATTGTTCACATCATAAGAAACTTAAAATATTTCTCATAATAAAAGGGAGTAGTTATAATCACAGTATCAACATCACGAAATTTATTTCTGGTACTGTAACCATTATTTGGTAACAAGACTTTTGGTATGAATTTTTTCATATCAAAAGTTTTTTTTATGTCTATAAATTATAATAAAAGGAGATATAAAATGAAGCATTTTACAAAATCTAAAAAACAGTTATTTGAAGAATTTAAAACACTTTCTACTGGTTTAACTGATGAAGAAGTAGAGAAAAGAAGAAAAAAATACGGAGAAAATAAATTTATTGAAAAAGAAAAAGATGGACTTATAAAAATCTTTTTTAATCAATTTAAAGATTCTCTTGTTATTATTTTGTTAGTTGCTGCAATTATTTCATTTTTTTCTGGAAATAAG
NZ_CP077182.1_gap41	1288248	1291866	3618	CATTTGGTGTCCAAGTTGCTATAAATGGATTTAATTTTCCAGCTGTTGCCATAACAATTCCAACATTTAAAAATATAATATAAGCAAATACTATAATCATTGCCAAGATAAATGAATATTTTTTAGATATCCTATGATGTCCCAAAGAAAGGCAAAATCCTATAATTGCAAGAGGGATAGTTGAAAAAACTAAGGCTAATTTTCTAAAAATTTCTATTTTATATTTTATAACCTCTGTAGTTTCAACTTTTTTTAATCCCCTAATAAGTTCACTTATACTAAGTGCTTCAACATCTTTTATCTTTATACTTAATTCTTGAAAATTTGGTTTTAAGACAATTCTGTTTTCATCAAAAGTTCCTATTAAATTTTTCTTCCCTGTCTCATCAAAACTAATAAATTGAGATTCTTTTATGATAATAGCACTATCCTTCCAAAATGCTTCCTTCCCTGTTAACACCATAGGGAATTTATTTTTGTCTTTGGACTTTTCAAAAGCAATAATATTTTTTGCTTTACCATTAGAATCTACCTCATCAACATAGATACTATATTCATCTAAATTATCTATAAAAGTTTTCTCTTTTAACTGAAAAACTGGATTTTCATATGCTATTTTAGTACCTACATACTTTAATTTTATAAAAGAACGCGGTATTATACTTTCTTGTAAGAAAACTATAAAAATTGCTGCTCCTATTGCAATAGCAAGTATAGGTTTTAAAATATCTTTAATAGACATTCCTGCTGATACCATAGCTACTGATTCACTATTTCTACTAAATTTTGTAAAACATATCATTATCCCCAAAAACATCCCTATTGGAATAGTTTGAGTAAGTATAGGTGGAATATAAAAGGAAAGTAATCTTAAAACATCAAAAACTGAAATCCCTTTTACTATTATATGTTCCATCATAGCTACTACTATATCCAATAAGAAAATAAAAGTAAATATAAAGACTGCCAATATAATTGGTCCTTTTAACTCATCTAATATATATTTATTTATTATTTTCATAATTCACCTTATAACATTGTATTAATATTTTTTTCAATAATTTTTTTTGTTGCATTTTTATTAAAATCTTCCACAAGTATATCAGGAATGTATGTTTCAAAAGTTGGAACAATTTCATAAAATATACTTATTGCGGAACTTCCTTGTGAATATTTTTCCAATGATGGCACTAATTTTATACTATAAGTGTAAACTAATATTATTACAAGTGAAACTATTAATGCCTTTATAAAACCAGCTATCCCTCCCATTGCTTTATTAAAAAAACCTTTTTTTAAGCCTTTAAATGCCTTTTTTACAAATACTAATATCATTGATACAACTAAATAAACTGTTATAAAAGTTACTATATATGTTATGATATAGTTGTTTTCAAAAGAAGCATCTGACCTTTTTAAAAATTTTAAAACAACTGGTGTATATATTTTTGTTATAAGCAAATTAACTGCAAAGCCAAATACTGAAATAATCTCCACAAAAATACCATTTTTTATTCCACTGAATACTCCTAATATAAAAATTATTAAAATTAAAATATCTAAATACATTATTTTCCTCCTAGTTTATCTCTCTTCTATCTTAACCCACAAGGCTTTTAGATACAATGTTTCAGGAATATGTAATATCCAAGGGTGATCTTCTGGTTGATAGTTTATCCCTACAACACTTAAAAGTTTATTATTTTTTGAAGCAGACATTCTAGTTACTTCAATCAAGTCTTGCAAACTTATATGATAAGCACAAGTAATAACACCTAAAATGCCACCATTTTCTAAAAGTTTAAAGCTCTTATCACATAAGTCTAAGAAAAAATCTCTTCCTCTGTAAATTTCAGTTTTCTTTTTTATAAGTGAAGGTGGATCAAGAGTTATAATATCAAATTTTTTATTTCTTGTAGCTAAACTATTTAGCATAAGAAAAGCATCACCCTCTATTGTAGAAAAATCTGCTGTAAATTCATTTAATTTATAATTTTCATAGCATAATTCAAGTGCATGACTATCCTTATCCATGGCTATAACTTCCTTAGCACCATTTTTTAATGCAGCCATAGAAAAACCACCACTACTTGAAAAAACATCTAAAAATCTTGTTTGATTATTGATATATTTAGCTATAAATTTTCTTGAATCCCTCTGATCTAAAAAGAAACCTGTTTTTTGTCCATCAACTATATCTATATTATATTTGACTCCATTATCTACCATAATAGTTCTTTCAGGAATTTCTCCAAAAATTATTCCAGTTTTTGTTTCAACTCCCTCAATAATTCTATTTTCTACATCACTTCTCTCATAAATTCCTTTTGGCTTTAAATATTTTTTTACAGCTTCTATAACATCTTGCTTAAAAACTTCTACACCAGAATTTCTAAATTGTATAGATACATATTTATCAAATTTATCTATTATTAATCCTGGTATAAAATCTGCCTCAGAATAAAAGACTCTCACACTATTTGTTTCATCTAATAGATGTTTTCTTTTTCCATAAGCATTTTTAATTCTTTCAAATATAAATTTCTTATCAATTTTTTCATCTTTTGTTGTTAAAATTCTTACAAAAGCTGATGTCCCTTCTGTAACATAACCTCTTGCTAAAAATTTCATATCATTTGTAATTACATCAACTATATCTCCTGTTTTGACATTTCCTATTACATCTTTTATTTCATCTTTATACACATTAGGATAAAAATTTAAAATTTTTTGTTCTTTTTCTTTTTTTATAATAATTTTTGACATTTCAAACCCCTAAATATTTTCATAATTATTTATTATATCACAATTTTTATAAAAAATATCAAGAAAATTAAAAGGAAAGTTAATTTTTACACTATAAAATTTTTATTTTTCTCTTACTATTGACTTTATTTTATTTGCTATATACAATTATAGTATATGTAAATTTATTAAGGGGACGATAAAATGGATAAAAAAAAATATTTTGGTGATTTGATGCTATTTTTAGCAGCATTTATATGGGGAACTGCTTTTGTCGCCCAAGTTACAGGTATGGATAGAATAGGTCCTTTTACTTTTAATATGGCTCGTTCTGTTATTGCAATTATATGTTTAGGTGCTTATTTAATTATTACTAAGGCTAAATTACCAAAAGATATTGGAATTTTACTTCAAGGTGGTTTAGTCTGTGGATTTTTTATATTTATGGGAACTTCTTTACAACAAATTGGTTTACAATATACAACAGCAGGTAAAACTGGTTTTATAACTTCATTTTATATTTTAATTATTCCTTTTTTAACTATGATTTTCTTAAAACATAAAATTGATTTATTGACTTGGATAAGTATAATTATAGGTTTTATTGGACTTTATTTGCTTGCTATTCCAAGTCTAAGTGATTTTACAGTAAATAGAGGAGATTTTATAGTTTTTTTAGGCTCATTTTGTTGGGGAGGACATATTTTAATTATAGATTATTATTCTAAGAAAGTTAACCCTGTTGAACTATCATTTTTACAATTTGTTGTATTAACTATTTTATCAGGAATATGTGCTTTATTATTTGAAAATGAAACTGCAACAATGAATAATATTTTTCTTTCTTGGAAATCTATTGCCTATGCAGGATTT
NZ_CP077182.1_gap42	1394599	1395965	1366	TGCTTCATTTTTCATTATTTTATCTTTTTCAATTTTTTCATCTTCTTTAACGCTTATAAAAACATTGATTAGGAATATAATAAAGGCAATTACAATTAAAATAATCCATTTTAATATATTAGAAAAACTATTTAAATACTCTAAAATTTGATAGTATTTATTATTTTCAAAATTTGAATTGTTAATTGCATTTGTATCAAGGTTATCAACTTCATTTACAGAATTTTCCTCATAGTTATTAACCTTATATTCTTTAGTATCAACTAATTCTCCATTTTTATAAGTTTTCTCTAATTCTAAATTTCCATTATCATCATAAAATTTTTCATAACCATCAAGCACATTTTGATAATTAGCATTCTTAAATAAATTAGACATTATTATTTTTACATTATCAAAATCTAAATTCTTTATAGTATAAGAACTCTCCATTATAAGAATATTATTATTGTTATATGCCTTTACCCCAATTTGATTATAATCAAATGAAATGTATGTTTCGTTTAAAAGTTTACTATTTTTACCATATTTTTTAAATATAAACTCATTTTGCTGGATATTATTTTCTGTTTCATTTATCAACTTTCCATTACCATCATATAATGATGTTCTATGATAAAATCTATCATTATTGGCTTCTCTTATAAGAGCTCCCTTGGAATTATAAAATTTTGCATTAAGAAACATTCCAATAGGATGTTCTTCATTTGTAATATTTATTAGTACTTTTATTTTTTGATTTGAATATTCATTTTTTAAAGTATCATAAAATTCTTGAAAAGAATTAATATCCCAAAAATTTTCCCAGTTCTTTTTGGCTTTCACTTTATTATTTTTACCATCATAGAAAACAGCATTATAGTATCCTTTTCCATTATCCCAATCTATATTTATTTTAATATTTCCATTAGGATAACTTTTAAAAAAATCTGCTGGTCCTGCAAAAATATTCACACAAAATACAAAAAATAAAGTCAAAATTAAAAAAATCTTTTTCATAAACTCCCCTCATGCTTTCTAAATTAATTTATTTTATAATCATCTGTTCTATTATAGTCTGTTTTTTTTTTTTTCAATCACTTAATAAAAAATTTTAATTATTTAGAAGAATATTTAAAATAAAAAATCTTTTCTTATGCTATAATTAGAATAAAGAATATTTTTGAAAGGATTAAAAATATATTATGAATGAAGTAATATTTATTATAATGATGATAGTTTTTTCACTTTTAACTTTTTTAGTTGACATAGTTTTACTTATCAGATTTATTACATTAATAAAACAAATATTCTATAAAGATTACTCACTTACAATAGAAAATCAATTATTACCAAATTATTTTCCTAAAATTAAAAATAAATATAT
NZ_CP077182.1_gap43	1399508	1400033	525	TTTTTATGTGATAAAGCTTCCTCATAAAGTTTTCTTAAATAGTTGACATCTGCATAAGTATTTGTAAAATTTTGAAAATAAGCAATATATTTATTACCTTTGTATTTATTTGATACTAATTCTATCTGTTCATCTATCTGGGTATGAATAGATTTTAATTTTCCAGAGGTGAAATCCCCACTTCCATTTTCACTACAAAATATGCAACCTCCTTTTGAAAATTTTCCATCTCTATTAGGACAGGTAAAACCTCCATCAAGAGAAACTTTATATATTTTTTCATTAAATTTTTCTTTTAGAAAATCATTTAATGTATAAATTTTTCTTATCATTACTATTTCCTTTATTATAAATGAGGCTTATTAAAATTTTTTTATATACTAACTTATCCTACACAGTAAATCAAAAAAAAGCAAGTAAAATTTATTTAAAATTTTTAAAATGCTTTTAATAATTTAAAAAATTTAGTATAATAGCTTTGGAAAAATAAAACATATGGAGGGATATTAAATGGCTGATGGACAC
NZ_CP077182.1_gap44	1402396	1403757	1361	AAAGCATCTTCTGTTACAACTATAAATTGTAAAGAATTTAAAAGTTTGTCCAACCCATGATTAATTTCTGGATCAATATGATAAGGTCTTGATGCCAATATAATCACTGGATAATTGTTTTCCTCTGCAAATTTTAGTACCCTACTTCCTTCTTGTCGTACAGTTTCTCTATATTCATAATATGACTTAAAAGCATTTTCTACTGCTTTTTCCATTTCTTTTTTACTTAATTTTGGAATGATATTTTTAAATTCTTCATACATTCTTTCTGCAAGCAATTTATGATTTTCAATCCCTAAATGTGGATATACAAAATGTGTCTTTTCTATATCAGAGATATTAGCTTGTATTAATTCAGGATAGTAAGCAACTACGGGACAGTTATAACAATTATCTGAAATTCCTTCATCAAAAGTATAACTCATACAAGGATAAAAAATTGCATCTAAATCTTTTTCCAATAAATCAATAATATGTCCATGTACTAACTTTGCTGGATAACAAACAGTATCTGATGGAATAGTATTTTGTCCTTTCATATAAATATTACGACTTGACACTTTTGAAAGAACAATGTCACAACCCAAAGAGCGAAATAATTCTGCCCAGAAAGGTAGCATTTCATAAATGTTTAAAGCTCTTGGTAATCCAATTCTTGCTCTTCCAACTCCTTTTAATGGAATGGAATTAAAAAGTTGATTTTTATAAGCAACCATATTTGGTAAATCACTTTGTAATTTCTTTCCAGCACCTCGTTCACATTTATTTCCACTGATAAATTTTTGTCCATTTGTAAAAGTATTAATTGTCAATTGACAATGATTAGTACAGAGCTTACACATTCCTGATGAGGAAATATGTTGAAAATTTTCTAATTCAGTTAAAGTTAATAATTTTGATTTTTCTTTTTGAACTTTTTTTCCATATAAAGCAGCTCCATAAGCACCCATTAATTCTGAAATTTTTGGACGCAATACCTCTCTTCCAATCTCTTGTTCAAAAGAGCGTAGTACAGCATCATTTAAAAAAGTTCCTCCTTGTACCACTATATTTTTTCCTAAATCATCTACATCACGAGCACGAATTACTTTAAAAATAGCATTCTTAATAACACTTCTGGCAAGACCTGCAGAAATATCCTCTATTTCAGCTCCATCTTTTTGTGCTTGTTTGACAGAAGAATTCATAAATACAGTACAACGAGAACCTAATTCAGCAGAGGATTTTGAAAAAATAGCTTTTTTTGCAAAATCTTGTACACTATATCCTAAGGATTTAGCAAATGTTTCTAAAAAAGAACCACAACCAGAGGAACATGCTTCATTTAAGACAATAGAATCAATAGCTCCATCTTTAATATG
NZ_CP077182.1_gap45	1407799	1411985	4186	GCCAACTTAGATATTCCAACTTTTTCTAAACAATATAAAGCTCTTTCATATTCTTGTTTAGAGAATTGATTAAAAAGAACTTGTATAAAATTTTTTCTATTTAAAAATGGAATCAAAACATTTTCTATTACATACATATTATCTATTATATTTAAATCTTGAAATACATAAGCCATCTGCTTTTTTATGGAATTTTTCTCTTTTTCTTTCAGTTTTGTTATATCTATATCATAAAATTTAATATTTCCAGCATTGACACCTTCAAGTCCATTTAAACATCTCATCAATGTTGATTTTCCAGCACCACTTTCACCTATTATAGATATAATTTCTCCCTTATTTATACTAAAAGAGATATTTTTTAATATTTGCTTATCTCCATAATTTTTAACTAGATTTTTCACTTCTATAATCGTTTCCAAGTTGACACCTCCCTTAAATATTTTTATAAAAAGAAGCTATCGCAAACAATAAATGTACTAAAAATAGTTCATTGCTATATATAAATTTGCAATAGCCCTCTATATTTTAAATATTAATTAAATTATTTTATTTTTTCAATATCTATTCCCATCTTGCTTAGTTTATCTTCAATAAGTTTATAACTATCAATATTAGCTTCTTCAAAACCTTTTATACCAAATAATTGAAGAGTTAATTCTTGCCCTTCTTTTTTAGCAATAACCTTTAAAAAAGCATCTTTAATTTTTTGTTTTGTTGCATCATCAACCTTAGATGAAACAACTAAAGTTATTCCAGGAATTAAATCACTTTTTTGTAAAACTTTTATTTTACCATCTGCTTCTGGAAATTCTTTAGAAAACTTTGTAATGGCACTTTCATAAGTTCCAATAGCATCTACATCTCCATTTATCAATAATTGTAATGCCTTATCATGACCACCAGCAAATTGATAAGTAATATCTTGTTCTACATTTATTCCATGATCCATTAGTATTACTGCTGGAAAAATATACCCAGAAGTTGATGATGGATCTACAAAGGCAACTTTTTTACCTTTTAAATCTTCAACTTTTTCTATTCCACTATCAGTTCTTACAAGTAAAACAGAATAATACCCAGGTTCATCATGTTTATTTATACTTGTAAGTAATGCTTCTGTTCCATTCTTTTTATTTGCTAAAATATATGCAAAAGGTGGTATTAGTGCAAAATCAATAGTTCCTGTACCTAATGCTTCTACAATACCAATATAATTTGTTGCAATAAAACCTTCAACAGGTCTACCAATTTCATCACCTAACATCTTATGTAATGGTGCAGTATCTTCAATTAATTTTTCTGAATTAGCTATTGGAACTAACCCCATTACCAAAGGCTTTTCTTCCTTTTTCTTCCCACAACTAATTAAAAGAAATATAAGTGATACAAGCATAAGTAATTTCCAAACTTTTTTCATTTTTCCAACCTCCAATATAATTTTATAGTATACAAATGTATATTATCTTATATATTATAAAATGTCAAATAATTTTGTATTTAAACTGTACATTTTTATATACTTTTTATCTTTTATTTTTATAATAGTATTCTATATTTATATCTCTACTTTAAATATTACTTTTTTTATCTCTTTCGGTGTATCAACCTTTAAAAGTGCTAAATGAGGTTCTTCTGGGAAAAAAAGAAGAAAATTTTCAGTATTCATCATTAACTCAACTTGTGCTTTTCCCTTTACAAGTCCATAATCTTCTTCATCATTGTAACTTTTAGTTTCTATACAATCTTCAAATGGAGTATATACGATGATTTCTTCACCTTCAAGAACAATATGAATATCTATATATTTTTTATGATATTCTAATTCTAAGTCTGTATTTTCTCTTGTTGCTGCCTTTTCAGGATAATTAAAATATATAGTATCTCCTTCTATAATATTTTTCCCATAACTTGCATTCAAATATTTTCTTTCTACAATAAAATCTATTGCCTTATCTAAATTCTTATTAATACCTTTGTAAGTTTTGATATTTTTTAATTCAGCATATATCATTTTTGTCCTCCATAAATTACTTATAATTTTTCTCGCTTTTATATTTTATCTGTTCTACTGTAAATTTGTCAATAATAATTATTGATTTATTTTAAATTTTACTATAAAATCTTAAAGGGTGATTAAAAATGAAAAAATTATTATTAAAAAATGCAAAATTAGTTTTAGAAAATAAACTAGTCAATGGTTCTATTTTGGTTTTTGAAAACAGAATAGAAAAAATTTTTACAGATGAAGATAATTTATCTGAATTTACTTTTGATGAAGTTATAGACTTAGATGGAAAATATTTAGGACCTGCTTTTATAGATGTTCATACACATGGAGCTGATGGAGCTGATGCAATGGATAGTAGTGAAGTGGCTCTTAGAAAAATTTCTAAGTACTTAGTTCAAGAAGGAACAGCAAATTTTTTAGCTACAACTTTAACAAGTACAAAAGAAATTTTAAAAAATGTTTTAAAAATTGTTGCTAATTTACAGGATAAAGATATTGAAGGTGCAAATATTTTTGGAGTTCATATGGAAGGACCTTATTTTTCTATTGAATATAAAGGGGCTCAAAATGATAAATATATGTTACCTGCTAATATAAAAGAGCTTGAAGAATATTTATCAGTCAAAGAGGGGCTTATAAAATTATTTTCAATATCTCCTCATAATCAAGAAAATTTAGAAGCTATTAAATTTTTAGTTGATAAAGGAGTTATTGCTTCTGTTGGTCATTCAGCTGCAAGTTATGAAAATGTTATGAAAGCAGTTGACTATGGACTTTCCCACGCTACTCACACTTACAATGGAATGAAAGGTTTTACTCATAGAGAACCGGGAGTTGTTGGAGCAATATTTAATTCAGATAATGTTATGGCAGAAATTATCTTTGATAAATTTCATGTTCATCCAGAAGCAGTAAGAACTCTTATAAAAATAAAAGGTGTGGATAAAATAGTTTGTATTACAGATTCTATGTCAGCAACAGGTTTATCAGAAGGAAAATATAAATTAGGTGAGTTTGATGTAAATGTAAAAGATGGACAAGCAAGACTTGTTTCAAATAATGCATTGGCTGGTAGTGTACTTAGAATGGATGTAGCTTTTAAAAATTTAATAGAATTAGGATATAGTATAACAGATGCTTTTAAAATGACTTCAACTAATGCTGCAAAGGAATTTAAATTAAATACTGGAATTTTAAAAGAAGGAAAAGATGCTGATTTAGTTGTTTTGGATAAAGATTATAAGGTTTGTATGACTATGGTTAAAGGAAAAATTAAGTTTACAAATTTATAAAATATAATGAGAGTTATTGTAGAATTTTACAATGACTCTCATTTTTAATCTATATATTCTTTTTCAATTAGATTTTTAACTTTTTCATTTACAAGTCCTGAAATGTCTTCTTTATTTTTAACCTTATTTCTAATTTCAGTTGAGGATATATTATAGTATTCATTTTCTAAAATTATAATATTTTTATTATTTAAAAATTCACTATCAATTTCAGTATTTTTATCATCTTTTCTTCTAAAAACAATAAACTTACATAAATTTAATAGTTCCTTATAATTTTTCCAAGTTTTTAGATTTTTTAATGAATCCTCTCCTATAATTTCAAAAAATTCATTATCTTTATCATAAATTTGAATTAATTTTAAAAGAGTATCATAGGAATATGATTTCCCTTCAGCTTTTATTTCAATATCTGAAACTTCAACCTTCTCATTATTTTTAAAAATTTCCTTACAAATTTTTAATCTTGTGTTAGACTGCTCTAAATTATTTTCTCTATGTGAGGGAATACCAACAGGAATTATTATTATTTTATCCATATCTAAATTTTTTAAAACATAGTCAACTATCTTTTCATGTCCTATATGCATTGGATTAAAACTTCCACCATAGATAGCTATTTTCATATCATTTTCTCCATTAGAATATTTTTTAAGTCTTGATTTAAAATAAAGTCTTTTTCAAAATATTTATATAAACTTGCTCTAAATTTATTTTCATTTTTTAATTTATATTTATTTAAAACTTTTTCAAATATATTCAAATAAATTTTTTTATCATCAAAATAATTTAAAATATCAAGGTTTAAATTATTTTTATCAACTTCCATATAAATGGAATAATCATCTCTAAATTTAGTTAAGTATGCAATTATGATATAGAA
NZ_CP077182.1_gap46	1554272	1555762	1490	GAACATTGAAGCTTCTCCAACTTTTATATATCTAAAATTAGATTTTTCATTAACATTTCTAGCAGTATATGAAGTTTTTGAAGTAGGAAAAATTATAGCTTGTATAGGAAATTTCATTTTTCCTTCTTTAAAACTAGAATCATAACCTATATTGTGGTAATCTATGACTTTTTTTGAAATACCTCTTTTTTCTAAATAATCACAATTTCCCATTCTTTTTTTGCACTCATAAAAATAAAAAGCTTTTTTTCCATGTATATTAATTAAATCTTTTTCTACCTTTTTTTCCCTTGCATAATCTAATTCTGCACTTGTTCCTTTTTGAGAATATATTACATTAATATCTTTTATTAAACCTCTATTATTATAAAGTTCTTCAGCCTTTTCTACTTGTTCTTTAAATGTTTTAAGACCATATTCCTGACCCACTAATTCAAATATATTGTAAGTTTTTCCACAAGCAAAGCATTTACATATATTAGCTCTTTTATAAAAGCTCATACTTGGATGCTTATCTTCATGTGTTTTTGAAAAACATCTCATAAATTTATTCGTATTTACTTGTATAATAAATACTTTATGTATTTATCATACAAGATTAAAATGAATAAAAAAGAAGAATTATTAAAAAAGGCTGAGGAATTAGAAAATAAAATTAATGAAGAAAAAGAAAGAGTTGAAACTATAACAATTGAAATTGAAAAAATGAAAAAGAAATTAGAAGAATTAAGATTAATGTTAAATTAAGTAATGTAATAAGGAGGAGCAATGAATATTTTTAAAGATTTTAATTCAAGAAAGAAAAATTTGTTAATAACTGCAAAAACTAGAACAGGAATTACAAGCTCAATAATGATTCCTGTTGTTTTAGAAAATAATGATACAAATTTTGTTATTTTAGATTTTAATAAAGAAATTTATTCTGTTACTAATAAATATAAAGAAAAATGTAGTAATGTCTATTTTATTGATAGAAACATCACAATAGAAGATATTAATAAGATAGATTATTCAAAAAGATTTACAATCTACATCTGCTGTGATTCTCATAGAGAAAATATAGAAGAAATTAAAATTTTTGAAGAAATTTTAAAGATTATAGATAATAAAAGAGTTAAATGCATTACTCTGATAGAGCATTACGAACACATAGCTAATATATTAAGAGAAATTGAAATTGGGAATAATAATAAATTTTTAATATCTACTCAAGAAGGTGGTAATTTAGAGCCTATTAAAAATGATTTAGAAAAATTTGATACTGGCCACATTAATTTATCTAATAATTCAATTTGTATTGATAATAAAGAATATAAACAAGATTTTTATTTTAAAAATGATAAGTATATGAATTTGTTAAATCTAAACAAAGATTATGAGAAAACAGGAGAAATTTGATATGTTAGAAGGATATCCTGATATTTTAAAAGTACCTGAAGTATCTAAAATTTTAAGAATTGGTACACAAAAAGTATATAAGTTATTAAGAA
NZ_CP077182.1_gap47	1665030	1665993	963	GACTGTTCTGATAAAGTTGTTATGCCTGGATATGTAGATTGTCATACACATCTTATTTTTGGTGAAAGCAGAGTAGATGAATATGTTGCTTCTTTTACTATGACTAAGAATGAAATTAAAAATAAGATTGCTAGAACTGGAATAGAAGCTTCTATATTTTCAACTAGAAATGCAACTGATGAAGAACTTATAAATTCTTCTTTATTAAAACTAAATAGAATGTTAAAACATGGAACAACTACTGTTGAAATTAAATCTGGTTATGGTATTGATAAAGAAACTGAAATTAGACTTTTAAAATTAATAAACATTTTAAAAGAAAAAACTTTCCAAACCATATTAAGTACATATTTAGGAGCACATTATTTTGATATTAAAATGGGAAAAGAAAAATATATAGATTTTATGATTAATGAAGTTATGCCTATAATAAAAAAAGAAAATCTTGCTCAATTTTGTGATATCTGGTGTGATGAAGGTTATTATGATGCTAAAGATTGTTATAAAATTCTAAAAGCTGGCTTAGAAAATAATATGCTTCCAACATTACATACAGAATGTTATTCAGCAATAGGTGGTGCTAAGGTTGCAGCTGAATTAAAAGCTGCAAATGTTGGACATCTAAATTATGTAAGTTTAGAAGATATAAAATTGTTAAAAGAAGCAAATGTTGTTGGAGTTTTAATTCCAACTACTGACTTTTCTGTTAATCATAAGAAACCTTTTGATCCTAAACCTATGTTAGACAAAGGAATGACAATGGCAATTGCTACTAACTTAAATCCTGGAAATTGGGTAGAGGATATGAATATTTCAATGATATTAGCTTGTAGAAATCATAAAATGACAGAAAATGAAGCTATTAGAGCTACAACACTTGGAGGAGCTAAAGCATTAAAAATAGAAAAAGACTATGGTTCATTAGAGGTTGGAAAATTTGCTGATATACAAATTAGAAACTCT
NZ_CP077182.1_gap48	1732406	1735013	2607	TCCTGAATTTCCAACAGAAATATCAGAATCATTTTCAGTATTTACAGAATGTCCATAAATTCCTATTGACTTAGCTCCAACAGATATTATCCCTTTATTTTTTATAAGGCTATTTTTATTATTTGTATAAACTCCTATATTAGGAGTTTTCAATTCTGAAGATGAACCCATTAAAATTTTTCCTAGATTTTGAATTTCATAATTTCCAGTTCCTGAAGCATACATTCCAATGGAATTTTCTCCTGTCAATTCAATTTTTCCTGTTGTTTCATTTATTATTTTTTTAGAATTATGAGAACTTTCAAAATTCATTCCTATTGCATTTTTAGCAGTAGATTTTATTTCTCCAAAATTGAATATTCCACCATCTAATGCTTGATATTTTCCAGTTGTTGCTGATTTATATAACATTCCTGATGAATATTCACCTAAAGTAATAAGACCATTATTTTTAGCACTTCCTGCTAAAGTTTTTCCTCCATTATCCTCTACTAAATATATTGCTGCTGATTTTTCTCCTACAGAAATACTTCCTTTATTATCAATCTCTGCTCTTTTTCCATAAATTCCTACAGATTCTTCCCCAGTTAATTCAATTTTATTATTATTCAATAATTTAATTTTAGAAGCTGGATTATCATCAGTATTTTCTTGAGCAATAGCAAGTTGCCCTTTTTTACTTCCTTTTATTGTTTTAGAATTTTTTATAGAAGAACTAAGAATTTCTAATTTTTTATAGCTGTCTTTATTATCATCTAAATTGATATCTTTATCTAAGTCTAAATTGCTATTAACTAATGAAGCATAAATATAATTATTTCCACTAACTTCAATTTGATTAGCTAAAGAAAAATTACTTATCATGCCTGATAAAGTTAAATTTCCATTTGATAAAAATAAAATTCTTCCTCCATCTTCCATATTTAATTTTAACTTACTATTATTGTTATGCTCAAAGTTATTTGCATACCATGTTGAAAAATTAAAATTTCCACTTGATGAGGAAAGATCATAATAAAAAGCTGTTCCTCCCTTTTTTATATTAGCAGTTACAGTTTTATTGAAAACTATTTTCCCACCTGAGTTACCAGAACTATATGCAGTATAAAATGCAAGTGAATTTTTTTCTGTATTTAAGGTAACTTTATCTCCTAATGTTATTTTTCCACCTTTATTAGCATATAAATTGAAAGCTCCATTTTTAGCATTAATTTCTGCATTAGAAATTTTTATTTCTGCATCAGCTGAGTATTTTGAATCATCGCCTTTATTCTCAGCAAATAGCCCAACAGATTTAGGATTAGAAACAGTAATATTAGTTTTGCCATTAGTTTCTACGGTTCCACCTTGTTTTGCATATATTCCAATAGACCCTTTTTCAGTATCTGTTGTATCTCCATCAAATGTAAATTCTCCACTATTAATAATTTTTCCATTTTTTAAAGCATATAAGCCTTTTACTTTATCTCCTTTAATAGATAATTTACCTTTATTTTCAACTTCACTTTCAAGTGAGCTAACAATTCCAGTGGAATTTTTACTCACTCCAGAGCCACTTTCTTTTATAGTGATATCCCCTTCATTTACAACACCTTTACTATTTTGAACATAAAATGCAAGATTACCTTCTCCACCTTCTATAGTAAGCTCATGGTGTTCTCCACCTTTTAAAAATTTTATATCATTTTGTTTTTGTACCCTTACTAAATTATTTCCTTCTCCATTGATTGATTTTATTTTAAAATTTTGGAATATTACTTCTCCACTTTCTTCAATTCCACCAATTCCAATACGCATTCCAGTATTCTTTTTTCCATATAATTCTATATTAAAAAATGATTTTTCTAACTTTCCATTAATCATTGCTTCAAATTTTCTACTTCTATTTAATCTTCTGAAATAAAAAGCTGAAGAGCTCTCTCCATCAATAATAATTGGCTTATTTAATTGTATTACTGAAACTCTTTTATATTTTTCTCCATCATACTCTGAAACTTCAATTCCTCTATTATATTTTCCACTTATTTTAATATTTCCATTATTTATGAAATGATAGTATGATGAAAATCCATAATTATCCGAAATTACATATGCATGTTCTCCCTCAATATTAATATTTCCTTTATTTATAAAAGTCCCAAGATCTTTATTTCCTTTCCAATTTATAAAAGCTACTACAAAACTATTTTGCTTGTTAATTTTAATTGTTCCTTCATTAGTAAATTTTAATTTACTATTAGGTATATAATTAAAAAATAATACAGATCCTGTTCTATCTGAATTTACAGTTATTGTTGAATTCTTTTTTAAAGTCAAACTTGTAGTTTCATTTTCATTTGCATTCAATTCTAAAATATAGAATATATTTCTAAATCTTCCTATGGGGCTTTTAATTTTTCCTGATGATATAATATCAGTATTTTCTATTGAAAAATCATGTCCTCCTCCTGCTCTTAAAGCTAAAGGTCCAAATTCTCCAATATACTTAAATTTATAATCTAAATTTTTATCATAGGTAAATGTTGTATGATGATCACTTCCTTCTTTTCCAGTAAAAACAGTATTTTTTGTTTTTATAGAAAAATAATCAGTTTCATCATGCTTAAT
NZ_CP077182.1_gap49	1752561	1757179	4618	CATTAACTACTTGTGGAAGTAGTGACATAGTCGTTAGAGTTCCAACATGCCCTCCACTTTCCATTCCTTCAACTATAACTGCATCTGCTCCAATTTTTTCCATTCTTTCTGCAAGTTTTACAGTTGGAATAACTGGTATAACTTTTATGTTAGCAGCTTTTAATTTTTCCATAAAAGCTCCTGGATTTCCAGCACCAGTTGTTATAACCTTTACACCTTCTTCAATACAAACATTCATTTGTTCTTCAACATCAGGACGCAAAAGCATTAAATTTACTCCAAATGGGTTAGTTGTTATAGCCTTTGCTTTTCTTATATTTTCTCTTAAAAGTTCAGGTTCCATTCCACCACCAGCTATTATTCCAAGTCCACCATCTCTTGAAACTGCTCCTGCTAACTCTCCACCAGAAACCCAAGCCATAGCTCCTTGAAATATTGGATATTTAATTCCTAACATTTCACAAATTTTATTATTTTTCATTAAAACTCCTCCATATATCTTAATAATTAAAATACATATTTAAAAATATAAAGATACCCTCAGAAAGACATGCATATACTATAAATCTTAGTGCTGCTTCCTTCCAGATCTGACACGGTTCGACAATAATACATCATATCCCCTAAGGGCAACATATATTATCATTTTTATTATTATTTGTCAACTTTATATTAACCAGCTATTTTTTTTAGAAAATCATCTTTTATTCTTTCTCTTATTTTTGTTTTCAAAGAAGAATTTGCACCATTTAATATATCATCAAATACCTCAACTACATTAGTTTTAATTGTAAGTATTCTTGTATCAGTATTATAACTATAATAAATTTCACCTGTATTTAGTTCTCTTAATAATGGTGCAATGATTTCTTTTATAACCTCATCTTCAATTTTCATAGATTCAATAACTTTGTCTATATCCAACTTCATATTTTTTAAATGTATACTTCCTTTTATAGCTAAATGGTATCCATTTGTGGATAGGCTTTGGAATAAAACTCCTTCCCCACCTTTTAATAAATCACTTCCTAAATCTTTTAAATCTGCCTCAGGTATATTTAAAGTAGATTCTGTAAGTTCAGTATTAAAATTAATAAAACCTTTAAATTCTCCTATTGTATTTCCTTTTTCACCAAATAACTTAAATACTGTATCTCCTTGATTTTTAGAAAGTCTTGTTGAAAAATTCTTAACCTCACCATTAAAACCAATTCCATATACATTAGATGTAATACTAATGCTATTAAAGAATAATTCCCAGATATCTCCATCTGATAATTTAGAATCTTTTTGTTTTCTCAAACGAATTTCATCTAAGATATCCCTATATTTTAAAGATAAATTGTATATTTTCTGTTCATAGACTAAGTTTAAATATATATTGATATAGCTATCTAAATCAAATAGAATCAATTTATTTCTATCTAAAAAACTTCTAACTACTCTATCTAATGATTCTTCCAATGTCAAATTCTCTCTTATCTCTTCTTCTGTTTTACTTAAATTACCAAGTTTTAAGTTCTTTCCTAATTTTTTTGTGCTTTTACCAATATTTGAAATTTCTCCAACTACATCAGAGATATTGAGATTTTTCTCATTACTTTCTTTAATATTTTTAATACTTTGTTTTATTTTTTCAAGTTCACTTAAATTATCTCTATTACTTAAATCTCTTGAAAGAATTTCATTAAGATTTAAATGATTTTCTTCTATCTTATTAAGATAAAGAGTTTTTAATTCCATTAAAACCTTATCCCTTTTAGTTTTTTCTTCTGCCTCTGTAACCTTATTCTCAAAAGTTATAACTCCTTCTCTATCACTATTTTCATAATTAGCATCTTTAAAGAAAGCTATTCCTCCTATTTCAGTATCATCAAAAGTTATAATTTTTTTTCTAAAATCAATATTATAATAACTTTTTAATTCTTCAATAGAAATAAAAATTTCATCTTTATGTAAATTACTCATAACCTTTATATCTTTTAATGTTATATAACTTTCAAAATAATCTAAATCCACACTTCCTATTTTTACTGGTGCATTATTTGCCTTAGACATTTTTCTCTCTAAGTATTCTTTCAATAAAAAATCTCTTGCAAAATACAAGACTGTAACAACTACAACAATAAAAAGTAATAATATTCCTATAAACTTTTTCATTTAAACCTCACTTATATATACTTTCTAACAATTAATTTTACCTTATCTTTTTTTGTTAAGCCATTTTCTTCTTCAATTCTGAATTTGCCATATTTTTTTATTATTATAGTATCTCCAACCAATATCCTATAACTTTTTTCCCTTTGTATTTCATAATTTACTTGAACATTACCTAAATCAATATAATTAACTGATAATGCTCTTGATAAATTAGTAAGTTCTGATACTAAACTATCCAATCTTAAAGATGATAGCCTTATATTCAATTCTTTAAACTGATTTTGAGGAACTTCATTTTCTCCTATTTCAATAATCTCAACAGGAGAAGAATTTATCCTTAAAAGATTTTCTTTTAAAAAATCAAACATATTTTCTAATATAATACCATAACATTCATCATTTTTAACTATTAAATCTCCTAAAATTTCTCTTTTTATTCCTAATCCTAAAATATTTCCTAAATAATGCTTGTGTTCTAAATTTATGAATTTTGATTTTTTTATTATTTTAAAATATTTTACTGGAAAATACAAATAATCTTCTGTAAAATATTCAGGATATACTGCTAATAATTTTTTCTCACAGTCTTCATTTAAACCTTTAAAAGAAAATTTTATTCCATAATATTTTAAATTATTAAGTTGTGATACTGGAAAAAATTGATTACTATATATTACTGTATCTGTTTTCTCGGCTAGTTTAATATAATTTTCTATCTTTTCTAAATTTTCATTCATTCTATCACCAATTTTATATATTAATACATTTTATCACTTTTTTGCTAAAATGAAAATAAAAAAAAGTCCGTTTTTGAGGTGGACTTTTAGTGGGATTAGTAATATTAGGTCATCTATATTTATGTCGTTATTATTATGGGAAATTACCCTCCTCTTTCAAGGAGGGCTTTTTTTCTTTCTGGGGGGAGAGAAAAAAATTTTATTATCTATAACCTTTAGACGAGACCCTATATAAAAAAGTTTAAAAATTTTTAAATTTTTTAAAAAAAATTTTTTTAGTCTGAACTTTTATTCTCAAAGCTAATCATTATTGGGCTTCCATCAAAGCCAAAAGCTTCTCTAAATTTATTTTCAATATATCTTGCATAAGAAAAATGTATAAGCTCTGGATAGTTACAAAATAAAACAAATCTTGGTGGTGCAACAGAAACTTGTGTTGCATAATTAATTTTAATTACTCTACCTTTTCTTGTAGGTGGGTTATTCATTAAAACTGCATCTTTCAATACAGTATTTAATAGCCCTGTTGAAATTCTCTTTGTGTATTCTTCATATATTCTATTTGCTATTTCAAGAAGATTTGTTGTTCTTTGTCCTGTTAAAGCTGAAACAAATTCAATAGGTGCATAAGATAAAAATGGTAATTCAGCATACAATTCTTCTTTAATTTTCTTCATAGTAGCATTATTTTTATTTTCTACTAAGTCCCATTTATTCATAACAATAATTATAGGTTTTAATTCCTCTGCTGCTATCCCAGCAATTCTTTTATCCTGTTCTGTAAGTCCCTCTTTAGCATCCAGCATTAAAATACAAACATCTGCTCTCTTTATAGCTTTTAATGCTCTTAACACAGAATAATATTCCAAACTTTCTTCAACTTTTGATTTTCTTCTTATCCCAGCTGTGTCAATTATCATATATTTATTATCTTTATATTCAATTAAAGTATCAATAGCATCTCTTGTTGTTCCTGCAATATCACTAACTATTGTTCTTTCTTCCCCTGATAATTTATTTACCAAAGATGATTTCCCAGCATTTGGCTTTCCTATTACTGCTAATTTCAAAACTTCTTCATCTTCTTCTGGAAAGTCCATCTTCCCAATAATATCTACAACTATATCTAACATATCCCCTAAGTTTACTTTGTGTTCCCCAGAAATTGGTACAAGATATTCAAAACCTAAACCATAGAAATCATAGACATCATCTTGTTGTTCAAAAAAGTTATCTACTTTATTTACACATAAGATAACAGGTTTATTTTTCTTTCTCAATATATATGCTATTTCTTCATCTAATGGATTAAGCCCAGATTTTCCATCTACAACAAATAAAATAACATCTGCTTCATTCATCGCAACTTCTGCTTGCTCTTTTATTTTTGCCATTAAAAAATCATTATTTCTTGGTTCTAATCCCCCTGTATCAACTATTACAAATTCAGAACCACTCCATTCAGTATCTCTATATAGCCTATCTCTTGTTACACCCGGCAGGTCATCAACTATTGCTATTTTATCTCCTACCAAGTTATTAAAAAGAGTAGATTTTCCAACATTTGGTCTTCCTACTATTGCAACTATTGGTTTCATTTTATCACCTCTTTAATTTTTTACTCTACATTATACCATAACATATTAAAATATGTTAATTTTAAAAGAAAATAATATTACATTCCACTTCAAACCAAGCTCCTTCTTCATCTTCACCTTCAA
NZ_CP077182.1_gap50	1759277	1763077	3800	TAATTTTTTAATGATATTGCATTACAGTTAAAACTATTAGTTTCAATTATATCTGCTCCTGCTTCTATATATTTTTTATGTACTTCAAAAATTATGTCAGGTCTAGTTTCATTTAATATTTCATAGCAACCTTTTGCTCCATTAAAATCTTCTGCTGGTAATTCATATTTTTGTAAAACTGTCCCCATCGCCCCATCTAAAACTAATATTCTTTCCTTTAATTCTTTTTCAAGTTCAAACATTATTTTTTTCATAATTATTTACCTACTAATAACTATACAAAACTTTTATTTTGCCATTTTCTACTCTTCCATCTAAAATACATTGCAATTCCTCTAATCCACTCATCCATAGCATTTGCAATCCATATTCCAACAAGTCTCCAAGCAAGTGAAATTCCAAATATATATGAAAATAGAACTGCTACTGTATATACACAAGTTATAGACATAAACATAGGAAACTTAATATCTCCTGCTGCATGAAGTGAATTTATTATAACTATGTTGAATACTCTACCCATTTCTAGTATAATCATCAAAGGAAATATCTTTAAAGAAGCAGCTAAAATATCTGGGTTAGTTGTAAAAATATTCATAATAGGTTTTCTTAAAAGACAGACTGTTGAAGTTGCAACAAAGGCAAATACAAATGCAATCTTGACACTTTTTAAACATTTATGATAAACTTCTTCAACTTCTCCTGCACCAACTAAATGTCCAACTTGTATTGCAGTTCCTTGCCCTAACGCTATTGATAAGGTCATAATAAAGTTACTTATTAGCATTAAGTATGTACGAGAGGTAATAATTGTTGTTCCCATAGTATTTACCATAGCAACTATTATAAGTTGACCTACATTCCAAGATAAATTTTCCCCAGCAGTTGGAAAACCTATTGATAAAATATTCTTTACTATTTTAAATGGAAAAGGTCTTATATACTTCTTTCTAAATGTAAAATTACAATATTTACACATCATATAGAAAGCTACAAGACAACCTATACCTCTTGAAATAACTGTTGAAATTCCAACTCCTGTTGGTCCTAAAACTGGCATTCCTAACCAACCAAAAATAAATAAAGCATTACCCAAAATATTTAAAATATTTACTCCTACATTAATAATTAAGGTTTCTGTTGCTCTACCATGACTTTTAAGTATTGCTCCACAAGATAAAATTATACCTTGAAATATACAAAGTCCCCCAACCAGTTGAAAATAGTATTTACCTATTCCAACCAGTTCTTCTGGAAGATTCATCTTTTGAAGTAAGCCTCTCCAAAAAAATAAATATATCCCTCCTAAAACTACTCCTAAAAGAATATTAAGAACCAGTGAAACACTTATAACTTGTTTTACTCTTTTATAGTCCTTTGCCCCTAAAAATTGTGCTGTTAATATAGATGTTGCCATATTTATAAAGCTGAATATTACGTTTTGAATATTAAGCAGTTGTGTTATTCCCCCTATTGCCCCTACTGCTTCATCATTGTAATAGCCAAGCATTATTGTATCAATATTTCCTACAACTGTTACTAATAACAATTCTAAAAATATTGGTATTGTCAAAGAAATCAGAGTTTTTTTACCAACATTACCAATACTGTTCATTTAATTCCCTCCAAAAAATTATTCTATATTATTTAATTTTAACAGGAAAATTTTATTGTCTCAACTTTTTTTATTAAAAAATGATGCTGATAGAAATATCTTCTATCAACATCATTTATTATACAACCTATTTTATAAACTTTTATTTCCTTTGTAATTTAAAACATTTAAATATACTTTAAATCTATGCTTTCAAATATATCTAATGCTTCATCTACTTTATCTTTCATTCCTAAATCAACTTTTCCATCCTTTATATTTGATTTTGTAATTAAAATCTTATAGAAAATGGATAGCCAAACTAATAAAGATGTTGAAAGTAAATATACTATAAAAGCATCTCCCATTTTTTCATCAAGTTGTATTATTTTTTCTTTTAATTTTTCGTCATCAAGCAAAGCTAATTGATAATTCTCAAAATTTTTAGTTGCAGATGTATCTATTTTTTGTTTTTTCATATAAAAACTATAAATTAAAATTTTAAAAAAAGATATTGAATGTGCAAATCTTATTTGTGCATTTATTCTATTTTCATAATATCTATATATGTTATCATTACAAGATAATTTTGAATTAAATGTTAAAAGCAATAACTCATATCTTAAAGTAAAAAGTTCATCTCTAAAAGAATTTAAACGAATTTTTTTATATTGTTTTAGAGAATAAAATATAATAATTAATGAAAAAATTGAAATTAAAGCATTCATATTAATTCCTCCTTCTATTCATCATTTTTATTGGTATCTCCATATTCAGTCAAATTACTTGTCCCTTTATTCTTATCAATTTGGGCTATCAGTGTACTAATTTCTCTACTCTTGGCTTTTATTAATTTTTTTCTACTTTTTCTTTCTAAATACAAACAAATACCTAAACATGCATTTGCTCCATAACTTAGCTTCTCTGTAACAGTTCTTTCCATAAAAAAGGATATAACAATACTTGTTATTGTCGTAGTTCCTGCTAAAGATTTTATTGATAAATATGTATAATAAGAAATTATCCATGTTACAATAATTTTTCCTGTCATATTTAAAGCTTTTGTTACAAATTCCATTATTGCTACAAATTTAACTTCCTCATTTTTTGATAAATCCATAAATAACCCCTTTTAATGAATAATTAAAGCTATTCCATATTTTTATTACCACCAATAAATAAAAGTAAATTAAAAAAATGGTGGCCATAACAATTTTTTACATTTTTCTTCTCAATAAATTGTATACTATAGATTATAATATTTTATTTGGAATGTCAAGTTATTAACTTCTATAACTTTATAGTATCATAATTTAAAAATAATAACAAGCACTCTTATCTTTGCATTTCTATCGTAAATTTTAATCTATTAATTCCTGCTCTTAAAGCCTTAATTTTAAATTTACTTATCTTTATAGCCGATAAATCTTCATCAGTTACCTCTTGAATTTCAGATATATCTTTATATGTATTTACTATTTTTTCTATGTCTTTTTTTGTTAATTTACTTATTTTTTCAAGAACTCTATAACCCTTTGCAGCTATTTTATTATCAAAAACACTTGAAGATTTACTATATCCTAATGCAACAACCACATTTTCTATATCTAATAATTCAGAATCAGATAATGAATGTAAATATCTTCTTACACTATCTGTATCTGTTCCATCATCAATATAGTCTTTCAAAAAACTTTCTTCTTCATCATCTAAATCCCAGATAAGTTCCGAAACTTGCATATTTACTAATCTTCCTCTTGTTCCTAATTCTAAAAGATATCTAGTTATCTCTTCACTAATTCTTCTTACCATTTCAAATCTTTGTAAAGTGTTAGCAACATCAAGAACTGTTACTAAATCATCTAATTCAAGGATTGTTAGGTTATCAAGTGAACGATTTAAAACATGTCTATAACTTTCCAAAGTTTTTAAAACTTGCCCAACTTCTATATTTAATTCATCAAAATTTTTAAGTCTATATTTCAAATTTCCTTTGTATAATGTGACATTCTTTTTTCTTTCAGATATAGCTACAACCTCTCTTTTAAGATGTTTTGCTGTTCTTTCAGCTGTTCTATGTCTTGTTCCACTCTCTGTTGTAGTAAATGAAGTATCAGGTTGAATATGAACATTGGCATACAAGATTTTTGAACAGTCATCATTTAAAATTATTGCTCCATCCATTTTAGATAATTCAAAAATTCTT
NZ_CP077182.1_gap51	1766766	1768354	1588	GTGAAATGGTCCTGATATTATTACTCCATCAGCTGTTAAATCTTCGGCTGGTTGAAGTCCTACTCTAATCACATTTATATTTTTAAGTTCTAACAATGAATAAATAGGAACTGTTCTATCAACTGCTTCTTCTATACTCAAAGATTGATATAGATTTTTTTTATACATAAATTCAAGCTCTGTTCGCTTTATTACAAGAGTTGGATATATTCTTGCTATATCAGGATTTAGGTCTAAACTTTTTATAGCCGATTGTAAGTCACTGTTAAAATCTGATTTAGGTAAACCTATCATAAGTTGAATACCCAATTCAAAGCCATAGCTTTTTATTAAATCACAAGATTTTTTTACCATACCATAAGTGTAATTTCTACCAGTAGCTTTTAAAACTTTATCATCTAAGGACTGTATTCCTAATTCTATAGTTTTGACACCATATTTTTTTAATTGAGTTAAAATTTCATCATCTATACACTCTGGTCTTGTTGAAATTCTAACTCCTTCAACATCATTATTATCTATATATTTTTTTACAACTTCTAAATATTCTTTTTGTAAGTTCATAGATATGCCTGTAAAAGTTCCACCAAAAAATGCCACCTGCTTAATGGAATTTTTTGGAAGAGTTTTTAAATAGCTATCTATAATATTTTTTAAATCATCTAAACTAACATCTGTTTCTCTTCCATTAATCTTCTTTTGGTTACAAAATACACAAGCATTAGGACAACCAAAATGACTTATAAACACTGGGATATTATAATGCTTCATGGTAATTTACTCCCAACTTTATACACAATGCCTTTGCCGATAATTGCTCTGCTTTTTTCTTATTCTTTGCAACTGCTTTTTCTCTATAATTACCAACAATTACTTGAATTTCAAATTCTTTCATATGGTCGGGTCCTCTTTCTGCTACAAGTTCATAAGTTGGAACTGTTCTAAATTCTTTCTGTACATATTCTTGTAAAATACTTTTGAAATCCAAAATATCCTCATTTTCTTCTATATGGTCTATATATTGTTTTATATGGCTTAAAGTAAAGTTTCTTGCATCATCTAAATTAGAATCTATATAGACTGCCCCTAATATAGCTTCAAATGAATCAGCAAGTATTGATTCTCTATTTCTTCCACCAGATATAACTTCTCCTCTACTTAACATAAGAAATTTTCCAACTCCTATTTGACGAGAAATTTTTGCAAGTATTGGCTCACTAACTATCATAGCTTTTAATTTTGCTATTGTTCCCTCTGAAGCATTTTTATAATTTTTATATAAATATTCAGCTACAATGAGATCTAGAACTGCATCTCCCAGCAGTTCTAGTCTTTCATTGTTTTGATTTTTATATTCTTTTCTTTCATTACCAAGTGATTTATGAAGAAGAGCATTTTTCAATAAATTTCTATCATTGAAGTAGTAGTTTAGTTTATGTTCTAAATCTAATAGATTCTTCATCTCTTTTCCTCTTCTTTATTTTTCAAATTTTTTCATAACAATAACTGAGTTATGTCCTCCAAAGCCTAGTGAGTTAGACATTGCTACTTTTACATCTGTCTTTACAGCTTTGTTAGGAACATAATT
NZ_CP077182.1_gap52	1807313	1810119	2806	ATTAGCTCTTGCTAAATAAGAAGCATACTCATCTTTTTGAGATTGTTTCTCCTCTATTGTATATAGCCTTTTAAATATTTCTTCTGCTTTTTTATAATTTTTCTCTAGGAAATAAATTTTTGCAACCTTATCTCTCATACTTTTTTGATGTTTTGATTCGGGATATTTTTGTAAAAACTTTTCTGATTCAACCAAAGCAGCTTTAAAATTTCTTTCTTTATAAAGATTATCAACTGCTTTAAAATCTTCTGATTCTCCTGCAAAAATTATACTATAACTAGCTAAAAGTGATATTATCAAATACTTTCTCATAGCACTCTCCTATAAATTTATTTCATCTAAAATTTCATAAATATCTTCCATAACAACTGTTGTGTTAATACAAGGCTCACCTTTTATTTTATTAAATACACCATAGACCAAAAATGGTTCTGCATCCTTTATTCCACTTATTAAATCTCTTTTACAAGCTACTGCAATTATTAAACTAGGTTTTATTTCTTTAATATACTTTCTTGCAAGTGTTCCACCAGTTGCTATTTTTATTTCTATACCTTGATATTTATTTTGTATGTCCACAAAATTATAGACTACACATTTTCCACAAACTCTACAGTTATTAATATCAGATGTTATTTTATACTCACAATCATAAAGTTGTATACAATGAGGTAAAAGTATCAAAATTTTACCATTTATTTTCTTTTTTATCTTTTTCAATACATAATTGTTATTTATTTCTAAAAATTTTCTAGAAAAATAATCATTTAATTTTTGCTTTTTAAATTTTATTGTAATAATAAAAACTATATATAACAAAGATTTTAAAAGACTTATATAAAATTTTTTCACCTTACTCTCCTCAAAAAATTTGCTTAAAAAAATTATAACATATTAAGTCTCTTATTACAATTTTTAGATTAATTATTCACCTTAGACTTTAAAAAAATATTAAAAGTTTGTTTAAATTTTTTACAAAAAAGAAAATAGCTAATCTATTTTCATTGGTTATTTTTTATAAAAATAATTAACTATATTGATACTTTGTTATAGGTATAGTGTCAATTAAGATAGAGTAGTCTTATATAATTACAATTTTTTTGATTAATACTCTTTATTATATATAAAAATATGATATAATATATCTATATATAGAAAGTGCAATCAATATATTTTTTATATAAAAGGAGGCTTTTATGAGTAATATGAGTTTGTACATGGGAGAATTTGTTGGAACAACACTTTTACTATTATTAGGAAATGGTGTTAATATGACTTGTAGCCTAAAACACAGCTATGGAAAAGGTGGAGGTTGGATAGTAACTACTTTTGGTTGGGGATTTGCTGTTATGACAGCTGCCTATGTGAGTGGTTGGGTATCTGGAGCACATTTAAATCCTGCTTTAACAATAGCACTTGCTATAACAGGTAGATTTCCATGGGATTTAGTCTTTGGTTATATTATTGCTCAAATGTTAGGTGGAATTTTGGGGGCAACTTTGGCTTATTTAACTTACAAAGCTCAAATGGATGCAGAACCAGAACCAGCAGTGAAACTTGGAGTTTTCTCAACAGGACCTTCTATTGATGCACCAATATGGAATGTTGTTACAGAAATTATTGGAACATTTATTTTAGTTTTAGGAATATTAGCTTTTGGATATGGAGAAGTAGGAATACAAGTAGGAAATGGAGCATTTTTTGTTGGTCTTTTAGTTGTTATAATAGGTATGGCAACAGGGGGAGCAACTGGATATGCAATCAATCCTGCAAGAGATTTAGGACCAAGAATAGCACATACTATACTTCCTATAAAAGGGAAAGGTGGATCAAATTGGAAATATTCTTGGGTACCCGTTGTAGGACCAATTATAGGTGGAATTTTAGGGGCTGTTATATTTGATGCATTTTTATCAGCTGTTTTATAATATTTAGGAGGAAAACATATGAAATATATCGTAGCACTAGATCAAGGTACAACAAGTTCAAGAGCAATTTTATTTGATGAATCTCAAAATATAATTGGAGTAGCTCAAAAGGAATTTACACAAATATATCCAAATGAAGGTTGGGTAGAACATGACCCTATGGAAATATGGGCTAGCCAAAGTGGAGTTTTAAGTGAAGTTATTGCCAGAGCTGGAGTAAGTCAACATGATATTATAGCCTTAGGAATTACAAACCAAAGAGAAACTACAATAGTTTGGGATAAGAAAACTGGAAAACCTATATACAATGCAATAGTTTGGCAATGTAGAAGAACTGCCAAAATTTGTGATGAATTGAAAAAGATAGATGGATTTAGTGATTATGTAAAGGATAATACAGGACTTTTAGTTGATGCTTATTTCTCTGGAACAAAAATAAAATGGATTTTAGATAATGTAGAAGGTGCAAGAGAAAAAGCAGAAAAAGGAGAATTATTATTTGGAACTGTTGACACTTGGTTAATTTGGCAATTAACTAATGGAAAAGTACATGCAACAGATTACACTAATGCTTCAAGAACTATGCTTTATAATATTAAAGAATTAAAATGGGATGAAAAAATACTAAAAACTTTAAATATCCCTAAATCAATGTTACCAGAAGTAAAAGATTCAAGTGGAACATTTGGTTATGCAAATCTTGGTGGAAAAGGTGGACATAGAATACCAATAGCAGGAGTTGCAGGAGATCAACAATCTGCATTATTTGGGCAAGCATGTTTTGAAGAAGGAGAATCTAAAAATACTTATGGAACAGGTTGTTTTTTACTTATGAACACAGGAGAAAAATTTGTAAAAAGTAATAATGGACTTATCAC
NZ_CP077182.1_gap53	1811537	1812652	1115	TGGAACTCATAGAGAAAAAATGACAACAGCTAATAAATTTACTGAAAAACTATTTGAAAAAGTTTATACTGAATCTAATGCACAAAAAGGAGATAGATTTGCAGTTTTAGTGAATGGACTTGGAGAAACAACTTTAATTGAATTATTTATTATAAATAATCATCTTCAAGATTTATTAAAAGATAAAGGAGTGGAAGTGGCTAGAACTTTGGTTGGTAACTATATGACTTCACTTGATATGGGAGGTTTCTCTATAACTTTATTAAAATTGGATAAAGAAATGGAAGAACTTTTAAATGCCGAAGAAGACACAATAGCATTTTAAAATACTTAAATAATTTTTCTTGAAAGAAAGTTATCTAATATTTTTTTACTGTATATCAATTGCTTGATAGCCATTAGTGTTTCGTGAGCTCCACAAAAGCTCACGAAACACTAATGGACATCGCAGCAGTTTCATTTAAAAGTTATTTAATTATTCTTCAAGAAAAATTTTAATTTATTTTAAAATTCTATTATTAAGAGGTAAAGGGAGAGATAAAATGTTTTTAGAAATAATTAAAAAAATATCTGATGAAATAATAAAAAATGAAGAGTATCTGACAGAACTAGATAGAGAAATTGGAGATGGCGATCATGGAGTTAATTTAGCAAGAGGTTTTTCAGAAATAAAAAATCAATTAATAAATTTTAAAGATTTACCAGTATCTGATGTATTTACAAAAATGGGTATGATACTACTTACAAAAGTTGGAGGAGCTTCTGGTGCTATCTATGGTACAGCTTTTATGAGTGCTGGAACATATCTAAAAGGAAAAACAGAATTTGACAATCAAATTTTGCTTGGAACTTTAAATTCTATGATAGAAGGTATACAAAGAAGAGGTAAGGCAGTTTTAGGAGAAAAAACAATGCTTGATACAATAATGCCTACTTATAATTTTTTGGAAAAATCTTTTAATGAAGGGAAATCTTTAAAAGATATTAAAAACGAAGTTATAGAAGTGGCTAAAAATTCTATGGAAGCTACAAAAGATATTATTGCAACAAAAGGTAGAGCCTCTTATTTAGGTGAAAGAAGTATAGGGCATATTGACCCTGGTGCAATGTCTTCA
NZ_CP077182.1_gap54	1814537	1818096	3559	AAAGGGCAAGGAATAATTTTAAATGTTTGCTCAACTGCCGCACTATATCAACATCCATATATGGCAGTGTACAGTTCAGCTAAGTCAGCTCTTTTACATTATTCTTTGGCACTAGATGAAGAATTATCTCATAAAAATAAAAATGTAAGAGTTCTATCTGTTTGCCCTGGACCTACTGCAAGTAATTTTTTTGACAAAGATATACAAGAAAAATTTGGAAGTTCTCAAAAATTTATGATGAGTTCAGAAGATGTAGCTAAAAGAATTATAAAAGTGATAGAAAATAAAAAAAGATTTTCTATTATTGGTTTTAGAAATAAACTATCTATGTTTTTAATAAATTTACTACCTGTTTCACTGCAATTAAAACTTGTAGGATTGATTTTAAAAAGGGTGATTAAATGACAATATTATTTATTATTTTATTGACACTAACTATAATTTTACTTATTTTAAAATTATTTTTTTCTTTTGTTTATTTTCAAAAAATAAATAGTTTAGAAAAATCAAAAATAGATGAAAGTAAATATACCATAGTTCAACCTATTTTATCTGGTGACCCTAGGCTTGAAGATGATTTAACAGCCAATTTAAAAAATACTACTGATATAAAATTCATTTGGCTTGTAGATAAAAGTGATAAAATAGCTATACAGACTGTTGAAAAAATTTTAAAAAATAAGAATTGTTCTAATAGGATTGAAATTTATTATTTAGACGATGTTCCACAGGAAGTAAACCCTAAAATATTCAAGTTAGAGCAAGTTGTAGATAAAATTAAAACTGAGTATACAATAATTTTAGATGACGATAGTGTGATAGATATAAAAAGACTAGATGAATTGAGCATTTATGAAGAAGATAAAACTGAATGGATAGCAACAGGAATTCCTTTTAATTATAATATTAGAGGCTTTTATTCTAAATTAATTTCTGCTTTTATAAATTCTAATTCTATTTTTTCATATTTTTCTCTATCTTTTTTAAAAGAAAATAAGACTATAAATGGAATGTTCTATATTTTAAGAACTGATATTTTAAAAAAGTATTCTGCTTTTGAGAATATAAAATATTGGCTTTGTGATGATTTAGCATTGGCTACACATTTACTTTCAAAAGATGTAAAAATTATTCAAAGTACAATTTTTTGTAATGTAAGAAATACAGTTCCAAGTTTTAAAAGATATATACTTCTTATGAAAAGATGGCTTTTATTTAGTAATGTGTATATGAAAAATGCCTTTTCTATAAAATTTTTATTTATAATATTATTGCCAACATTATTACCAACTATTCTATTGTTTTTAAGTTTTTATTTAGGAATAAATTATCTTGTGATGGTGCTTAATCTATTCATAGGAAAGGTTGCCCTATTTCATATAATTAGATTATTTATTTATCAAGGAGTTAGAGAAGAAAAAATTTCTAAAAAATCTGATTTTATAGTATTTTCTTCTCAAACTAAGGAACTTTTATATGAATTATTGAGTGAATTTTTACTGCCTTTTATGTTGATATATACTCTTTTAACTCCACCTGTAATTCTATGGAGAAATAAAAAAATTAGAGTTAAAGATGGGAAGATACATTATGAAATTTAAAGAATATTTAGAGAAATTAGAAAGTTTAGATATTTCAAAAACTCTTTTAAAAGAAGATAAAATTGTCTTTGTTATAAGTGGAAGTAGTAATCTTAAAGCTGCTGCCTTAGAGCCTGATAGATTTGAAATCTTAAATATTTTTAAAGATTTTGGTTATAAAATAATAAATTCAAATTTTCCTTATAATGAAGATTTTGAACATGGTGAATTTGAAGATATTAATATTTTAAAAGCTAGTCTATCAAATATTATTTATTATCCTCATACTCTTTTTAATAAAAGGTTCGAGAAGGAAATTTTAAGACATTTAGAACCTATTAAATCTTTAAAAGATGTTATAATCATTTCTCTGAGTTCAGGGTTAAATGTCTGGAAAAAATTTATGGATTTAGCAAACTATGATAATGAAAATATTAAAATGTTTGCACTAGGCCCTGTTGGTAAAGGTTATGGCAAACTTAAAAATATGATAGTTTTTAAAGGTGTTTTTGATATTTATAGCTGGCTTTTAGATTTTCATAGAACTGATAAAATTGTAAATTGTGGACATTTAGGATATTTTAAAGATAGAAAAGTAAAAGAAATAATCCAAGAACTAATGAAAGGGGTAGAATAATGAAAGTTTTACTTACAGGAGCAACAGGATTTTTAGGAAAATATGTAATTGAGGAATTAAAAAATAACTCTTATCAAGTTGTTGCCTTTGGAAGAAATGAAAAAGTTGGAAAGACATTGATTGATAAAAATGTTGAATTTTACAAAGGTGATCTAAATAATATAGATGATTTATTTAAAGCTGCTAAAAATTGTTCAGCTGTTATCCATGCTGCTGCGCTTTCTACTGTTTGGGGTAAATGGGAAGATTTCTATAATGTAAATGTATTAGGGACAAAAAATGTCGTTCAAGTTTGTGAAGAAAAAAAATTAAAATTAGTTTTTGTTTCATCTCCAAGTATATATGCAGGAGCAAAAGACCAATTAGATGTTAAAGAAGATGAAGCACCAAAAGAAAATAGTTTGAATTACTATATAAAAAGTAAAATTATGGCAGAAAATATAATTAAATCTTCTAATTTAAACTATATGATAATTCGTCCTCGTGGATTATTTGGAGTAGGAGATACAAGTATAATACCAAGGCTTTTAGACTTAAATAAAAAAATTGGTATTCCTCTTTTTGTTGATGGAAAACAAAAAGTTGATATAACTTGTGTTGAAAATGTTGCCTATGCTTTAAGATTAGCATTAGAAAATAATCAATATTCAAGAGAAATATATAATATTACAAATGATGAACCAATAGAATTTAAAGAGATTTTAACTTTATTTTTTAATGAAATGGGAACAGAAGGAAAATATTTAAAATGGAACTATAATTTAATTTCTCCTTTGGTTTCATTTTTAGAAATATTTTATAAATTTTTTAGAATAAAAAAGGAGCCTCCTATTACTAAATATACTCTATATTTAATGAGATATAGCCAAACTCTAAATATAGACAAAGCTAAAAGAGAATTGGAGTATTATCCAAGAATGACTATATTAGAAGGAGTAAAAAAATATGTTGAACACAGCAGAAAAAATGATAGAGAAAGTTGATTATTTTACTTGTGGCTATTGTACCAATGATTTAAAAAGAGTTTTTAAAGGTTTTGATAAAACAATAGTTAATTTCTATGCAGGAGTTTTTTTAATCAAACATAAAAAATTAGGATATATTTTATATGATACAGGTTATTCTATGGATATTTTAAAAAATAATCTTAAATATTTTTTATATAGATTTGCCAATCCTATCACTTTAAAAAGAGAAGATATGATAGACTATCAACTTAAAGAAAAAGGTATAGATAAAGAGGAGATAAAATATATTATTATTTCTCATTTACACCCTGACCATATTGGTGGTTTAAAATTTTTTCCAAATTCTAACCTAATCTTAACCAAAACTTGTTATA
NZ_CP077182.1_gap55	1989930	1994055	4125	AATATTTCCAGCAGGATTAATTTTAACAAAATCTAAAACTTGCACTTTTCTATCCATAAAATTTCCTCCTCAAAATTTATCTCTTGTTACTATTATAACATTATTTATATTTTATTAACAAAAAAAGCTGATTGAAGATTTAAAAAAATCTTTTCAATCAGCTGGAGAGGGGTAAATCAAATTTATTATGTTTAAAGTATATAATAATTCTTCTAAAATTTCTGTAACATTTATTACTAAAAATAATAAATCTTTTTAAGCATCCTTTTGTAACATTTGTTTTACCTTCATAAGTCTTGTTATAGTTGCTCTTTCATTTTCATCTAGTTTCATTCTAATATCTTTCACTGTTTCTTCAAGATTAGGGATTGTACTATATTCAAGGGCATTAACTCTTCTTCTTGTTTTTTCAATTTCATCTGCCATAAGTTGACAAGATTTTTCTATTTCTGCAAGAGATAAAAGATTATCTAAAACTTTTTGTAATTTTATAACAGTGTCATCTAATTCTGCTGATGTTTGTACAAAACCATAAGGAAATATACCTCCTTCAACTTCTTCTTTAACAAATTTCATTTCAGGAACATTGACACTCATTATATTTTTTAATTTCATTTCCAATGCTACTTTTGCTTTAGGAAATGATATAGCACTTTCCAAAAATAATGGACTCATTGTAGCACTAGCAAGAAGAAAAGATTTAAAAGAGTCTGAAAGCTCTTTTTCAACTTCTACACGAAGTTTTTTATTTTCTTTAATAAGATTAATAAATTGTCTCATCAATTCATCTTGCTTATCTTTTAAAAGTTTATGTCCTCTTTTAGCTGTTACAAGTCTTTTTTTCAATTCAGAAAGAGCCATTCTAGTAGGATTTACTTTTAGCTTAGCCATAATATCCCTCCTAGTCTTTATCTGCTAAATATTTATCTAAGTATTCAACTCTTATTCTCTTCAATTCAGTATGAGGGATAACTTTTAAAAGTTTCCAACCTAAATCCAAGGTTTCTTCTATACTTCTATTTGTTTCATAGCCTTGATTTACATATTCCTTATCAAAATTTTCTGCAAACTTTGCAAAGGCTTTATCTGCATCAGATAAAGCTGAATCTCCAAGAATTACTGCAAGTTCTCTTGCTTCTCTTCCAGAAGCATAACCTGCATAAATTTGGTTCATCGTATCTGCATGGTCTTCTCTTGTTTTTCCTTTCCCTATTCCTTTATCTTTCAATCTTGATAGAGATGGGATTACAAAGATAGGTGGTTGAATACCACTCTTATATAATTCTCTTGAAAGGATTATTTGCCCTTCTGTTATATATCCTGTAAGGTCAGGAATTGGGTGAGTTATATCATCTTCTGGCATAGTTAAAATAGGAATTTGAGTAATAGAACCAGGTTTTCCTTTTATTTTCCCAGCTCTTTCATAAATTTGTGAAAGGTCAGTGTATAGATATCCTGGATATCCTCTTCTTCCTGGAACTTCCTTTCTGGCTGCTGAAACTTCACGAAGAGCTTCTGCATAGTTAGTAAGGTCAGTTAAAATAACCAAAACATGCATTCCCTTTTCAAAGGCAAGATATTCTGCACAAGTAAGTGCCATTCTTGGAGTTGAAATTCTTTCAATAGCAGGGTCATTGGCAAGGTTTATAAATAGAACTGCTCTATCAATAGCTCCTGTTTTTGTAAAATCATCTATAAAAAATTGTGCTTCTTCAAAGGTAATTCCCATTGCTCCAAACACAACAGCAAACTTTGCATCATCTCCAAGCACCTTAGCTTGTCTAGCTATTTGAGCAGCAACATTATTATGAGGAAGACCAGAGCCAGAGAAAATTGGCAATTTTTGTCCTCTAACTAAGGTATTAAGTCCATCAATAGTTGAGATTCCTGTTTGAATAAATTCTGATGGATAGTCTCTTGAAACAGGATTTAGTGGAGAACCATTTATATCCACTCTTTTTTCAGGAATAATTTTTGGTCCCTTATCAATAGGATTTCCTAATCCATCAAAAATACGACCTATCATATCTTCTGAGACTCCTAATTCAAGTGGCTTTCCTAAAAATCTAACAGTTGTATCTTTAAGATTTATTCCAGCAGAGCCTTCAAAAAGTTGTATCATTGCTCTATCTCCATCTATTTCAAGAACACGCCCACGCCTTTTTTCTCCTGTTTGAGTTTGAATTTCTACAAGTTCTTCATATTTAATTCCTTCTACCCCTTCAACTATCATCAAAGGTCCTACTACTTCTTGTACTGATTTATATTCTTTAAGCATTAGGTTTCCCTCCTTCTGCTATTAATTTTGACACTGCTTCTTTTATTTCTTCTTCTATTTTATCAAAACTATCTAGCTCTTTTTCACTTATATTTTTTGCTCTTGTTATCTTTTCACGAGCTGGAAGAGCTAAAATTTCATTCAAATAAGCTCCTTCTTTTAACCCTCTTTGAGCTTCATCATAGAATGATAAAATTAATTTTAACATTTTAAATTGTTTTGGCAAAGAGCAATAAGTATCTACTTCATGAAAGGCATTTTGTTGTAAAAAGTCTTCACGAAGAGATTTTGTAATTTCTAATTTTAATTGGTCAAATTCAGAAAGTGAATCTCTACCAACAAGTCTTACAATTTCTTGTAATTTAGCTTCTTCTTGTAAAAGTGCCATAGCTTCTATTCTAAACTTTGGAAAATCTTTATCAATTTCTTCTTCCTTATATTTATCCATCTTTGCTTGATAAAGTGAATAAGAATTTAACCAGTTTATAGCTGGAAAGTGTCTTCTATACGATAGAGCATAATCAAGTCCCCAGAACACTTTCGCAATTCTCAATGTTGATTGAGAAACTGGCTCTGAAATATCTCCACCAGGAGGAGATACTGCTCCAATTACAGTTAATGCTCCTTCTTTTCCATTACCCAAACATTCAACAAGTCCGGCTCTTTCATAAAATTCGGCTATTCTACTTGCCAAATATGCTGGATATCCTTCATCACCAGGCATTTCTTCCAAACGTCCTGACATTTCACGAAGTGCTTCTGCCCAACGACTTGTTGAATCTGCCATAAGTGCTACTGAATACCCCATATCCCTAAAATATTCTGCAATAGTTATACCAGTATAAATTGATGCCTCACGAGCAGCAACTGGCATATTAGAAGTATTAGCTATAAGAACTGTTCTTTTCATTAAAGATTGTCCTGTCTTAGGGTCAATAATTTCTGGAAATTCCATAAGTACATCTGTCATTTCATTTCCACGTTCTCCACAACCAACATAAACAACTACTTCTGCATCTGCCCATTTAGCAAGTTGATGTTGTATTACAGTTTTACCAGAACCAAATGGTCCAGGAATTGCAGCAGTTCCTCCCTTAGTAACAGCAAAGAAAGTATCTATAATTCTTTGTCCTGTTATTAAAGGTTTTACAGGATTAAGTTTTCTCAAATATGGTCTACCTTTTCTGACAGGCCATTTTTGTATCATATTTAATTCTCTCACACCATTTTCTGTTTCTATCAAGCAAATAGTTTTATCTACTGCAAATTCTCCTTCTTTAATATCTATTATTTTTCCATAGACTCCATTAGGAACCATTATTTTATGTAAAACAATTTCTGTTTCTTGTACAGTTCCTATAACTTTTCCAGGCTCTACTTCATCTCCAACTTGCATAGTTGGTGTAAATTGCCATTTCTTTTCTCTATCAAGTGCTGGTACACTAACTCCCTTTAATAAAAAATCTCCAACTGCTTCTTGAATTTTCAAAAGAGGTCTTTGTATACCATCAAACATTTGTTCTAACATACCAGGTCCAAGCTCAATGGAAAGTGGACTTCCAGTTGTAACAACAACATCTCCTGGTCCTATCCCTGTTGTTTCTTCATATACTTGTATAGAGGCTTTATCTCCTCTCATTTCTATGATTTCACCAATGAGCTTATTATCTGAAACTTCTACAACATCATATACATTAGCTTCTTCCATTCCCTCAGCTACAACTAAGGGACCTGAAACTTTAATAATTCTACCTTCTTTCAATGTTAAGCCCTCACTTTCTACAATATATTTGAACCAATAGCTTTTTCTACATTTTTATCTATATTTGCCAAGCCTATATTTAAAC
NZ_CP077182.1_gap56	2004773	2009616	4843	CTCTGCTCTATTTCCTAAACAATTAGCTTCTTCAATAAATTTAATTGCTATATTCATAATCTGCTCACTAACTTTTATTTTTTTTAATTTTTCTTTAGCAGAAAAAATTTTTTCTCTTAAAAGTTCTTCATCTTCAGAATATTTTTCAGAAAACTCTATTGGATTTTTTTCAAATTCCAATCTCTTCTTTATTATATTTATCCTTTCTAAAATATCCTTTGAACCTTCTGCATTTACATATAGTCCAAATTTATCTAAAAGTCCTGCTCTTAAATCCCCTTCTTCTGGATTCATTGTTCCTATTAAGATAAATTTACAATCATGAGAAAAACTTATTCCTTCTCTTTCAATATAGTTTTTCTCTCTTGATATAACTTCTAAAATAGTGCTGATTATACTCTCTCCTAAAAGATTTATTTCATCAATATACAAAATATTATTATGACATTTTTTTAAAATTCCTTCTTGAAAAACTTTTTTTCCAGTTTTTAAAGTTTTTTCTATATCTATGCTTCCAACTAAATTATCTTCTGTTATATTAAGAGGTAAATTTATAACTTTTTTATCTGTTAAAATTTTTTCTAAACCTCTAACTAAAGTTGACTTTGCACTTCCTTTTTCTCCACTTATCAGAACTCCACCTATTTTTTCATTGATTATATTAAGCAACAAGGCTTTCTTAATTCTTCCTTGACCTTCTATTGCTACAAAAGGAAATATCATACTTCCTCCTTACATAGTCAAACTATTTACCAATTTTTCTATTTGATCTTTGTCTAAAATTCCATCTTCAAAAGGTGTTTTCCTCATTCTGTGAGGTAGAGCTAAAACAGCAGCTCTTAACATATCTTCCTTTATAACTTCTTCTCTATTTTCAAAAGCAGCAATAGTGATTGCTGTTTTTACAACTGCAATATCTGCTCTATGTCCATCTACATTTAAAGCAATGGAAATTTTTGCTGCCAGTTCATATATCTCATCACTACACTTTATATTTTCCAATATCTTCTTACTATTTTCAATTCTATTTTTTAATTTTTCCTCTTCTGCTAAATATTTTTTTATAAACTTTTCTGGCTCTGCTTCAAAATCCAGCCTCCTTTTTATAACCTCAACTCTCTTACTTGTCTCTCTTTCTCCTATAACATCCACAACAAGCCCAAATCTATCAAGCAACTGAGGTCTTAAATCTCCTTCTTCTGGATTCATCGTTCCAACTAAAACAAACTTAGCTGGATGGGAATATGAAATTCCCTCTCTTTCTATTGTATTTACCCCCATTGCTGCTGAATCTAAAAGTACATCAACTATATGGTCATCTAAAAGATTTATCTCATCTACATATAGAATATTCCTATTGCTTTGAGCAAGTATCCCTTTTTCAAACTTCTTCTCTCCAGTCTTTATTGCATATTCAATATCAAGAGTTCCTACAACTCTATCTTCAGTTGCACTTATAGGAAGATTTATCACTTTCATAGTTGATTTATGTTTTTCTATTTTTTCTCCCTTTAAATATTTTTCACTACATTGAGGACAATAATTATCTATTTTATCAGGTTCACAGTGAAACTCACAAGAATTTTCTTCTCTTTCTGCCAATAAGTTTGCTAAAGCCCTAACTAAAGTTGATTTAGCTGTCCCTTTTTCTCCTCTTATAAGAACTCCTCCTAAGCTAGGATTTATTATATTTAAAATAAGTGCTTCTTTCATTTTTTCTTGTCCCACTATGGCAGTAAATGGATATAAAAAATTTTTAGCCATTCATTTCCTCCTGTATTCTATCTTCTTTTAAAATTCTAAAAATTGCTTTTCTTAAAGCACAGTCTTTGTCTTCAACATCGTATTTTTCATTAAAAACCATTCTTGATGGACAGCAACCTTTACATATTTTTTCATATTCACAAGAACTACATTTTTCATATTTACCTGAACTTAATTTTATTATATTTATACTTTCATTTATATTTCCCATATAGTAATCTTTATTTCCAACAAAAGAACTACAAGGATAAGTATCGCCATTTGCTATTACAACCATAGCTTCTCCTAATGAAGAATAACAATAATTTCCTGAATAACAAAAAGTACACTGTCTAAGTTTTGCATCTTCAATCTCCCTTATAATGACTTTTTTATTAGTCAGTTTTGTTAAAAGTTTTACTCTTTCATTTGCTTTTTTCAAATTAACATAGATATCTTCATCATTTACCACTTTTAAATCAATATTTTTTTGTAAACAGTTTCCTGATATTCTTAACAAATCTAATCCAACAGCATTTATATTCCCAAAATAATATGCTATATCAATTAAATTTTCTAATTTTTCTATATTTTTATTGGAAATAACAGTATTCAAATTTATATTTTTCTTATACAGAGCAAGTAGCTTAATCCCCCTTAATGTTTCTTTAGTTCCACCTCTTAAAGTTTCATTTATCTCTACATCTCCATCAAAACTGACACCTATATTTATATCCATATTTGATATTTTTTTAGCTATTTCTTCATCTATAAGTGTAGCATTAGTTTGTAAACCAATTTTAACCTTATATTCTTTATTAGATTTTATATAAGTATATATTTTTTCTATAAGAGAAAAATTTAAAAAAGGTTCTCCTCCAGCTAAAATTAAAGTAAAATTTTTATCTGCATATAAATCTATTGCTTTTTTTGCAATTTCAAAATTCATAAATTTATTTGTAAAATTAGGATGTGCATAACAATACTTACAATTTAGATTACAACTATCTGCAAGCCAAAGAACAAGATATTTTATTTTTATCTCATTCTTATTCTTCATAAGCCTCCACATCTCCTTCAATATTTAAATAAATCTTTCTCAATATTTCTAATTTTTCTTGAGAAGCTCTCCACATATTTCTTTGATTTGCCTCCAATAGCCTTTCACTTATATTCAATACTGCATGAGGGTTATGCTCTTCAAGCCATTCTCTATTTTCCCTATTTTCTATATAAGTTTCAGTTATCCTGTCATACATCCAATCTTCAGCTACTTCTGCTGTGGCGTCCCAACCAAAAAATATATCTACTGCTCCACTGACTTCTTGAGCTCCTTTATAGCCATGTCTTTTTAATCCCTCAAACCACTTAGGATTTAATATTCTAGCTCTTATTATTCTAGCTGTTTCTTCCTTTAAATTTTTTATCTTTACTCTTTCTGGATTACTTGCATCTCCACTATATGATTTTGGATCTTTTCCACTTGCATATTTAACAGCTGCAACCAAACCTCCATGATATACAAAATAATCATCACTTTCCAACATATCAATTTCAATTGAGCTTTCATTTTTTACAGTAACTTCAGATTTTTTCATTCTTTGTGTAAAAATATTTTCAACTTTTGTTCCATGAAAATCTGATCCATAAGCATAAGAACTCCAATTCACATAGGCCCTTCCTAAATCTTCTCTTGTATCCCATTGTTTTGAACAAATCAATACTCCAACTCCTGCTCCATAAGTTCCAGGAGGACAGCCAAAAATCCTCATTTTAGATAATCTTTCTGATTCTTCTAAAGAATAACCTTCCTTTAAAAGCTGCCCAATATCTTCATTCATATTTTTCTTAATATAATTAATTTCTTCTGACTCATCCAATTGAGAAACTAAATTTACTGCTTCTTCTAAAAGTCTAATCAATATAGGAAAAGTATCTCTAAACAATCCTGTTATTCTTAAAGTAACATCTATTCTTGGTCTTTTTAATTCTTCATAGGGGATAACTTCAAGTCCTATCACTCTATCTCCATTATTTAACCAAATTGGTCTAACTCCCATCAAATAAAGTGCCTCTGCAATATCATCACCATTAGTTTTCATTGTTTCTCCACCATAGACTAACATTGCAATATTTTGTGGAATTTTCCCTTCATCTGAAATATATCTTTCTATAAGCTGATCTCCCAATTTTTTACCAACTTTCCAAGAAGCTCTTGATGGAATTTTATTAGGGTCTATTGAATAGAAATTAGTTCCAGTAGGTAAAATATTTATATTTCCCCTGGTTGGACATCCAGATTGTCCTGGAAGAATAAACTTTCCTTCAAGTCCTTTTATTGTACTTGTTTTTTCCCTGACAGTTTCATTTATTTTAGGTAAGATTATTTCTAAAATATTTTTTCTTAATGTTTTTAAATATTTTTTTTCTATTACTTTATAATTTGAATATTTATCTTTAAATATTTCATTAGACATATTTTTATTAGAATATATAATTTCTTTGATTATATCAGTAGTAATATTTTTTATATCCTCTAATATCATTAAATTTGTTTTTCCATCTTTTAATATATGAGGCTTATCTATAAGTTCTTCTGTATCATAACCTAAAGACTTCCCTACTGCTCTGTCTGCTGCTAACATTCCACAATTATCTATTCTTAAAAGTGCCTGAATTAAAGTTGCACACCTATCTCCAGTGACAACTTCTCCTAAAATATGTAAACCATCTTTTATTGTTGAAGATTTTAGCTCCTCTATGTATGAATGAAATTTATTGATAAAATTCTTATAATTTTCTCTAATCTCTTCCTTACCAATATTCATATCTAAATTATAGCTATATTTAAAAGTTCTCTCTAAAATATCTTCCTTTATTTCTTCTATTTTAGTGTCACCTGAATTTTCTGCTTGATAATACTGTTTTATCAGTTCATCTATCTCTTCAATATCTTCATATTCTCCAGCCAAAGTTAAAGCAGGAATCATATATGAAATAAGGGCTGCATAACTTCTTCTTTTTGCTTGCAAACCTTCTCCAGTTACATTAATAGAATAGTCATATAAATGAGGAATATCATCTATATTGAAATCTGGAC
NZ_CP077182.1_gap57	2054707	2056586	1879	ATCAGGGATTTTTATATCTATATTAGCAAGTCCATTTTCTCTTTGTGCTTGTTTCAATAAGAATTTTTGTGCTATATGTAATTTTTCAAATTCTGTATAAGAAGATAGTTGTAAAATATCCATTCTATCTCTTAAAGGTGCGGAAACATTTCTTAAATCATTAGCAGTTGCCACAAAGAATACCTTTGATAAATCAAATGGCATATCTATATAGTGATCTTCAAAGTTTTTGTTTTGTTCAGGGTCTAGCACTTCAAGCATTGCTGATGCAGGGTCTCCTTTAAAATCATTTGACATCTTATCAATTTCATCTAAAAGCATAACTGGATTATTTGTTCCTGCTTCTTTCATAGCTTTCATTATTTTTCCTGGCATAGAACCTACATAAGTTCTTCTATGTCCTCTGATTTCTGCTTCATCTCTAACACCACCTAATGAAACTCTTACAAATTTTCTTCCCATTGATTCTGCAATAGACTTGACAAGAGAAGTCTTACCTATTCCTGGTGGTCCTGCAAGACATAAAATTACTCCATTCATAGATGGATTTAATTTCTTAACTGCAAGATAATCTAAAACTTTTTCCTTAGCATCTTTCAATCCATAGTGGTCTCTTTCTAATATTTCAGAAGCTTTTTTTAAATCTAAGGCATCATCTGTTTGTGAGTTCCAAGGTAGGTCTAAAACTGCTTCTATGTAATTTCTAATAACTGATGATTCGGCTGAAAATGGTTGCATTTTAGATAATTTCTTAACTTCAATCTCCAATTTTTCTCTTACTTCTTTTGGAATATCAGCATTTTTTAATCTATCCACAATTTCTATTACATCATCATCTTGTGAAAAATCTCCTAATTCTTCTTTCATAACAGAGATTTTTTCTTTTAGATAATAAGCCCTTTGTGCTTCATTCATCTTAGTCTTAACTTTATCATCAATAGTTTTTTCTAATGTTGCTATTTCCATTTCAGCAACTATTTCATCTAAAATTCTATATCCTCTATCTCTGACATTACTTATTTCTAAGATTTCTTGTTTCTTTTCAGAGGAGATATTCAAATTAGATGCCATTATATCTAAACCATTTGAATAATCTTCTATCTTCTTTAAATTTAAAATAAGTTCTGATGAAAACTTTCCTATCATACTTACATACTTTTCAAATCTTGTGAAAACTTTTCTATAAATAGCTTCTGTTTCTTTGCTATCTTTTAAAGTTTCTTCTATAACTGTATATGTAGTTACATATTCATTTTCTTCTTTTTTTATATCTTTAATTTTTACTCTATTTTCTGCTTCAACTAAAACTTTTATATTATTATTAGGCATTCTAATTATTTGCACTATATTTGCTATAACTCCAACTTCATAGATATCTCCATCAAAAGTAGGATTTTCTTGACTTGCATCTTTTTGTAAACCTAATACTAATTTTGTTTTATTTGCTATTGCTTTCTCTAATGTTGCTATACTGTTAGCCCTACCAACATATATTGGTGTTACAACATTCGGGAATATCACTAAATCTCTTATTGGTAGAAATGGTGCTTTTAACATTTTTCCTCCTTATCATTTTTCACAACAAAAAAGTTCATTATTGATATTTTTTATATTTTCCTTGAAATATAATATTTAATATTTTCAATTCTATATATAACTACTTGATTGCCATTAGTGTTTCGGTAGCTCCACAAAGGCTCCCTCAACAATAATGGACATCGCAGCAGTTTATTTGAAATTTATTTAACTTTTCTTTCAAGGAAAACTTTAAGTTTATAATATAACTCACTTATTTTGTTATTCAGTACCTATATTTCTATTATTTGTACTCTATCTCTGCTTTTTTATAATTATCTATTGTTTCCTTAGTTATTGTTAT
NZ_CP077182.1_gap58	2081107	2081701	594	AGTACTCTTCCAGGAGTAGTTTCAACTAAATCTCCATTCATTCTAACCTTTATTAGAGCATGAGTTCCCACTTTATCATTTTGATAAGCTGTAATTACTTGTTCTATATTAGAGAATATCTTACCTTCTCCCTTTTCTCCATGTCTTTCTTTTGTCATATAGAAACAACCCATTACCATATCTTGTGATGGAACTGCAATAGGTTCTCCACTTGAAGGAGAAATTATATTGTTAGGAGCAAACATTAATAGTTTAGCTTCCATCATTGATTCAGGAGATAAAGTTAAGTGTACAGCCATTTGATCTCCATCAAAGTCAGCATTGAAAGCTGAACAAACAAGAGGATGTAATCTTATTGCTTTACCTTCTATCAACACAGGTTGAAATGCTTGTATTGATAGTCTATGTAATGTAGGGGCTCTATTTAAAAGTACAGGGTGATCTGCAATAACATCTTCTATTACTGCCCAAACTTTATCATCAGATTCTTCAACTAATTTTTTAGCCATTTTTATATTATTAGCTAATTCTCTTCTTACCAATTCTCTCATTATAAATGGTTTATATAACTCAAGTGCCATTTTTTTAGGTATA
NZ_CP077182.1_gap59	2087734	2089923	2189	AGGTTATTTAAGGATTATATCCCCCTACGGTCTTTGGTTTGGATTTATATTCAATTTAATTATCCAACAATTTTACCAACTATAGCAGGATCCATTTTTACTCCTGGTCCCATAGTTAATGATACAGCTACTGTTTTTAGATATTGTCCCTTAGAAGAAGCTGGCTTTAATCTAATTATTTGATCCATAAATGTTTTGAAATTTTCTTCAATCTTATCTAAATCAAAATCAACCTTTCCAATAGGTGCATGAATAGATCCTAATTTATCTACTCTAAATGCAAGTTTTCCTTTTTTAAATTCAGATACTGCTGCTGCTATATCAGGTGTTACAGTTCCTGATTTAGGGTTAGGCATTAAACCTTTTGTTCCTAATATCTTACCTAATCTTCCAATCTTAGGCATCATATCTGGTGTAGCAATTACTAAGTCAAAATCTAACCAACCTTGTTGAATTTGGCTGATGTATTCTTCTGCTCCAGCATAATCTGCTCCAGCTGCTAATGCTTTTTCTATATTTTCACCAGAAGTGATTGCTAATATTTTCACACTTTTACCTGTTCCATGAGGTAACACAACTGTTCCTCTAATTTGTTGATCAGCATGTCTTGGATCTACTCCAAGTCTTAACGCTACTTCAACAGTTTCAATAAATTTTGCAGTTTTAGTTTTTTGGACAAGTTCTAGTGCTTCTCTTATATCATAAAGTTTCCCTGTTTCAACTAATTTAGCTACTTCTAAATATTTCTTTCCTCTATGTTTTGCCATTATTAAATTTCCTCCCTTTGTGGCTTAACGAGTAAACTCTACCACTAAATTATCACACAATTAGTCTTCTATTTTTATTCCCATAGATCTTGCTGATCCTGCAATTATCTTCATAGCTGCTTCAACAGATGAAGCATTTAAGTCAGGCATTTTTGTTTCAGCTAGTTCTTTTAACTTTGCAGTAGTGATTTTTCCTGCAACTTCTTTTTTAGAGTTTTTAGCTGCAGATGTTATTCCAGCAGCTTTCTTTAATAAGTCTGATGCAGGTGGAGTTTTTAGTATAAATGTGAAAGATCTATCACTAAAAACAGATATTTCAACAGGAATTATCCATCCAGCCTTATCTTGAGTTTTAGCATTAAATGCCTTACAAAATTCCATTATATTTACACCATGTTGTCCTAATGCTGGTCCAACTGGTGGAGCAGGGTTTGCTTTACCTGCTGGTAATTGTAGTTTTATTATTTGAATTACTTCTTTTGCCATTTTTTAAATTACACCTCCATAAGATTGTGTATACTACACTTTCAAAACACCATCTACTTCAATTTCAACTGGTGTCATTCTTCCAAAAATATCAACCATTACTTTAGCTCTACCATGCTCATGATCAATTTCAGCAACTTGCCCTTCTTGATCTTTAAATGAACCTTTTAAGATTTTTACATAATCTCCCTCAGTAAAGTCAATTTTTATAGTTTCTTTAGGTGTTTTTACACCTATTATGTTAAATATGTTTTTTACTTCTTCCTCTTCCATAGGAATAGGATCAGAACCAACTCCAACAAATCCAGTAACTCCATTGGTATTTCTTACTTCATACCATACACGAGGATCTACTTTATAGCTTATACCTTGTTCGTTTTCTTCTCTTGTAGCTTCCATTTCAAGCATAACATATGCTGGGAAAAGCTTCCTATAAATTTTCTTAGGCTTTCCTCTAACAATTTCTGTTAACTCTTCTTCTGGAACCAATATATTAGTTACAACTTCTTTGAAACCTAATGTCTCCATTTTTTGTTCAAGGTCTGTTTTTACTTTTTTTTCATATCCAGAATAGGTATGAATCATAAACCATTTTCTGACATTTTCTACACTCATATTAATGCCTCCAAAAAGTTTAAGGCCCTTACTGCAAGAACATCAAAGATACCAAGATAGATAGATACCAAAACAGTCATGGTTACAACCCATAGAGTAGAATGAATAACTTCTGTTCTTGAAGGCCATTCAACTTTTGAGTATTCCATTTTAACCTTTTGAAATAAATTCATGCTATCTCCTTTCAATCAATAAAAGTGGCAGGTCAAGAGGGACTCGAACCCCCAACCCTCGGTTTTGGAGACCGATGCTCTACCAATTGAGCCATTGACCTGCATGTGTTGTTAACTAAACTTTCATCCTACTTTTTTGTTTCTTTAT
NZ_CP077182.1_gap60	2091836	2095190	3354	AACATCATTCCAAGAGAATGAGGCATACCATTTAATAATAAAACTCCCATAATACAACTTGTTAAAGTTATCATACTTCCTGATAAGTGAATAGTTGCACATAGAGGTATAACAAAGTCAACTATTTCAGGACTTGTTCCATTTTTTAATCCACATTGTACATTTACAGGAATAGTCGCAGCTGATGATTGAGTTCCAACTGCTGTAAAATATGCTGGTATTTGATTTTTTATAAGAGTAAGTGGATTCTTCTTTGATACTCCACCAGCAATAGAAAACATAACAAGCATATAGATATAGTGCATAGCAAATATACATAGATAAATAGCTAAAAATACACCAAGAACTTTAAATACTATACCAGAATATGCCATTTCACTAAATATTCCTAAAATATGGAAAGGTAATAATGGAATAACAAATCCAGCTAATACTTTTGTAATAATTTCTTCATATTCTTCAAATAATTTAAATGTTATTTCACCTTTCTTTTGGCTTCTCATAACACTGATTGTGATACCCATCATAAACGCAAAAACTATTGCAGCTGTAACATCTATAGGTGGTTTTAAAGGAATTGTGAAATATGGAGCAACATCCTTTCCTTCAAAATTTATTCCTGCTGATATTCCTGAAACTAATTTAGGATATAGATTAGCTGCTACTGTATATGAAAATGTTCCTGCAACTATTGTTGAAATATAAGAAACAACAGCTGTAAATCCTAAAAGTTTTCCTGCACCCTCTGTAAGTTTTGCTATTCCTGATACTACATATCCAACTATCATTAGTGGGATAAAGAATGATAGGAATAAGCCAAAAAATGTACTGAAAGTTTTAAAAATTCTTACAAACCAAAGTGGCAAAAATTGTCCAATTAATATACCAACAATTATTGCAACAATTAACCTTGGCACTAAACCTATTTTTTTACTCATAACACTCCCTCCTTAAAATTTTTATATTATTTATATTTATATAGAACACTCTATACTATATATAAATAATTTATTTTATTTTGTTAGAGATAAATCTATCATAATTTTCTTATTAAGTCAAGTATATAATTATAATCCATTATTTTATTTTTTATGCAATATTGTCCAAAAAATGTTATAATCAAGGGAAAGAAAATAATTTTAAGGAGGAAAAATGAAAAAAATAAGTTTAGATTATTCAAAGATTTTCAAATTTATTAATGAAGATGAACTAAATCAAATGAAAATTTTAGTTGATGAAGCTGCTCACAAATTACATAATAAAAATGGAGCAGGAAATGATTTTTTAGGTTGGCTTGATTTGCCTATTAACTATGATAAAGAAGAGTTTTCAAAAATAAAAAAAGCCAGTGATAAAATAAAAGCTGATTCAGAAGTTTTAGTTGTTATTGGTATAGGTGGTTCATATCTAGGAGCAAGAGCAGTTATAGAATGTCTTAGCCATACTTTCTTTAACTCTTTAAATAAAGAAAAAAGAAATGCTCCTGAAATATACTTTGCAGGACAAAATATATCAGGAAGATATTTAAAAGATTTAATAGAAATTATTAAGGATAGAGATTTCTCTGTAAATGTAATTTCTAAATCTGGTACAACAACTGAGCCTGCAATAGCTTTTAGAGTATTTAAAGAACTTTTAGAAAATAAATATGGTGAAAAAGCAAAAGATAGAATCTATGTTACAACTGATAAAAGCAAAGGTGCTTTAAAGAAACTTGCAGATGAAAAAGGCTATGAAGAATTTGTTATTCCTGATGATGTAGGTGGAAGATTTTCTGTGCTAACTGCAGTTGGTTTACTTCCAATAGCAGTTGCTGGAATAAATATAGATGATTTAATGAATGGTGCAAAAACAGCAAGAGAAGATTATTCAAAAGATTTCATAGATAATGATTGCTATAAATATGCTGCAATAAGAAATATACTATATAAGAAAAACTATAATATTGAAATTTTAGCTAACTATGAACCAAGATTTCACTATATTTCTGAATGGTGGAAACAACTATATGGAGAATCTGAGGGTAAAGATAAAAAAGGTATCTTTCCTGCTTCTGTTGATTTAACAACTGATTTACACTCTATGGGACAATATATTCAAGATGGTAGAAGAAACTTATTTGAAACTATATTAAATGTTGAAAATTCTGATAAAGACATAGTTATTAAAAAAGAAACCGAAGATTTAGATGGACTTAATTACTTAGAAGATAAAGGACTTTCTTTTATAAATAATAAGGCTTTTGAAGGAACTCTACTTGCTCATATAGATGGTGGTGTTCCTAATTTAGTTATCAATATTCCAGAAGTTACATCTTTTAATATAGGATATTTAATTTATTTCTTTGAAAAAGCTTGTGCTATAAGTGGATACTTATTAGAAGTTAATCCTTTTGATCAACCTGGTGTAGAATCATACAAAAAAAATATGTTTGCTCTTTTAGGTAAAAAAGGTTATGAAGAATTATTAAAAGAATTAAATGAAAGATTAAAAAAATAATTTAATATAAAAAAGCCAATTACAAAAAATTTATTTTTAAATCTGTAATTGGCTTTTTTTATCTTCTATTTAAAACTAATTTTAATCTCTTTACCACAAAATGCTATTCCTATATATGTTATTTCATTTATTCCATTTTGCTTTAATGATATATCATATTTTTTACCTTCTATTTGTTTTAAGGCTTCTTTTGATACTTCTTCTAATTTTTCTACACTATCTGTTGATTTAAATTCCATTATAAAGGCTCTTTTACTCTTATTCTTTGGCTCTATTAAAAAATCATATCTTCTTTCTATATTTGATTTTGTTATATACTCTCCCTCTAAATATAAGCCCATTCCCATTATTAGTCCGTGGTAAAAGGCTTCATTTCCTTTCTTAGTATCATTATAACTAACTGATGTTAATAATATTTCTTGTAGACTTTCTTCATAATCTTCTATCCTATTTTCTGTTAAGGCTTCCATCAAATCTGATAACTTATTTCCTCTTCCAAAATATTTTTCTAAAAAACTATCTTTAAAAAGTTCTTTTACTTCTTTATTTGGTAATCTTAATATATAATTCTTTTGATCTATTTTTTCTTCTATTGTTAGATAACCACTAAATAATAATAGTTCCCATAATTCATTCTCATCTAATAGTTTTGATAAATCTGATGTTCCTGATATATTTTGTCTTAATCCTTCTCCATCAAATAGTTTTTCCAAGGCTTTTACTGTATCTTTTGTCATTTTCTTTAATACATCATTTATTAAATCATTTCCTGATGTATCCACCCAATAAGCTCTTAATTCTTTAAATCTTAAAAAATTTATTATACTCCAAGGGTTATAGACTTCACTATCTCCA
NZ_CP077182.1_gap61	2098390	2102221	3831	TTTCCTTTGTTTGTTGCTTTTCCATTTGGTGCATAGATTCCAATGCTTCCCTTTGTATTTGAAAAATCAATAGTAGCATTATTTGTGAAATCTCCTTTACCTTTATTAGTTCCTTTAATATAGAAAGCTATTAAACGATCTGCATTAGAAGAAATATTTCTTCCATTATTTATTTTAGCTCTTCCACTAGAATATAGAAATACACTGTCGTTACCTAGACTTACAGTTCCAGTATCTGTACTATTATATACATTTTCTTTTCCTGCATCTTCATTATTTAGGATAAATCCATAAGATTTAGCTCTAACAGTAATCTTAGAAGCATTGTCAGTTATGTTAGCTCCATCTTCTGCATATACTCCAGCAGGCTCACTATTCTTATCTGTTGCTGTATGGGCATCTATATCTAATTCTCCTTTAACAGTCAATGTTCCATCTTTTTTATAAATTCCAATTCCTTGATCTTTTACATGGATTTTCCCACCATTCATTTCAACAGCTGAATTAGTAGTTGAATAGATACCTATTGATTTTTGTCCAACTTCTATTATTCCAGAATTATGTTTAATATTAGATGTTCCTTCTGATGTATAAATACCTATTGTCTTTTCATCATCTTTTGTTGAAGTTGTGTCAGCTATATTTATATTACCAGTATTTACAAAAGTTTGGCTACCTTTTAAGAAAACTCCTAATGTTTTCTTTCCAGATAAAGTTAATTCTCCCTTATTAGTAACAGTTTTTCCATTTGCATTAGAATAAATTCCAATAGAGCTATCTCCACTCAAATTAATTTTACTGTTATTAGTTAAATCAGATTCTATTGCAAGAAGCCCTTTTGCTCCTTCTTTTGTACCTGTAATTTTTTCTATATCAGAAGTAAAAGTAGCATTTTTTAAGAAAAGTCCACTAGAATTTTTACCTAATTCTACTGTTTTAATTCCTGTTAATTTTGAAGTTCCTTCAATATATGCACCTGTATAATTATCAGCAACTGTCATATCAACTTTTGTTCCACTTCCAGCTAGGTTTGCTTCACTATTTTTTAAATACATCATAGTATTTTGAGTAGCACTTAAATTTCCCAAATAAGAAGTAAATTTAGAATTTTCTAAGTATGCTAATACTCCTTTATTTTGGAAGTTAGCTGTCCCTTTGGCTGTAATTTCACTATGTTTTCCATAGAAAGCTATACCATTTTCTCCAACAGTAACATTAGAATTTGTATCTAATTTTGTATTTTCAGAATATATACCAACTGATGGTGCATCTGTTAGGCTCTTTCCCACTGTAACATTTCCTGTATTTGTTACAATATTTCTATCAGCTGTTTCAGTTCCTTTTCCTCTACTAAAAATACCCACTGAACCATCACTTAATGTAATATTTGCCTTATTGTTCATTGTTAAAATATTATAATTTACATCTTTATCATAAGCAGCTTCGCCAATTGCTCCATTTAATGCATAAATACCAACATTCTTAGTTGCTCCAGTAGTAGATTTTATTTCTCCTCCAAGATTATCTAGTTTTTGAGCATTTACTAGATACATGCCTGTTGAATTATTCCCTAAATTTATCTTAGAATTTGTTGTTGTAGTTATTTCTAATTTATTTTTAGCTCCTGATCCAGAACCTTCAAATTTTCTTGTACCATCTTTATATATTCCATAGATACCTGTTGAATTTTCTCCAACTTTGATAGTTCCATCATTTTTAACTCTTGCCGATTCAGAATAAATAGCAGTTGACTTTTTAGCAGCAGAGAAATCAATAGTTCCATAGTTTTCTATTTCATAGTTAGCTTCTTTCCAAGTAATTCCTGGAACAGTTGGAGCTTTTAAACCTTGTGCCATAAGTCCTATATTTTGCTCTGCTTTAATAGCACCATCATCAACAGAAGTTACTGTTTTTCCAGAATCTAAATATGTTTCACCATTTATTACATGAGTTAATACCATTTTAGGATTCAAAGATTTATTTCCAGTTATTGGAGCTTGTCCTTCTTCCAACCTAACTTCTTCTGCTTCATTACCATTGTTTTTAAATTTCCAGTTATCTACATTTACAGTAGAGCCTTTTTTTCCATAAACTCCTATTCCTGATTTTGTCAAATTGACAAGAGCTTTTCCTCCATAAAATTTAGAATTTTCAGTAACATAAGCTACAACTCCACCTGCCAAGTTGATAGTTGCTGCTCCTTCTGTATTCTTATCTAATTGCATTTCTCCATTTACATAAAAACCTGTTGCTCCTTCTCCAAGGGTCATAGTTCCTTTATATTCTATATAACTTTTATTATTAGAACTATCTTTATCAGCAAAGATTCCTACACTCTTTTTACCTGCTGTAATATTTGTATTAATTTTATATTTATTAGTAGAAGTTCCTTGTCCTTCTGCATAAATCCCCATTGCATATTTACCAAAAACTGTATCTCCAACAGTTATACCACGATTATATGCAGATATATCAGTACTTCCTTTTAAATATAAGCCAATAATTCCATTTCCTTCTGTTCCACTTTGTTTAAAATTAAGTACTGGAGAAGTAGAAGTTAATTTAGCTATATCTGTTCCTCCTGTTCCTTCTAAATATACTCCAACTCCATATCCAGTAATTTTACCTAAATGAGCAGCTGCTCCTAAGGAAGTATCTTTATTTTTTACATAGTAAGCAATATTTTTTCCAGATGTTCCTAAGTTAATTTCAGCAGTGGAAGTGTCTGTTATTTTAGCTCCACTAGAAATATATGTAGCTACTGATTTTGTTACACTATCAGTCAATGATATTTTTCCTACTTTTGAAACAGTAGATTTAGGAGCATAAATTCCTATTAATTCTTCTCCATTATTTAAATCAATTTCACCATTGTTTTCTATTTTTAAATTTTCTTCAAGATTTGATCCTGTTGAAGCATTTTTTACATATATTCCAGCTGATTTTTTCTCACCAATATTTATTTTTCCAGCATTTTTAACAGTAAATTTATTTGTGCCTGCTCCGTCAACTTCACCATACATTCCTACTGATTCTTCTTTTTGTGTTTCAATTACTTTATTTGCTTGGTTTTCAAGAGTAGTTATATTTTTACCATACATACCTACTGCCTTTTTACCTTGCATAGTTATTGTTCCAGCATTTATCCCTTTACTTCCTTTATCTTTGGAATAAATTCCTATTCCATCATTAGCTCTTGTAGACAGAATAGTTCCATTATTTTGAGCTGTTGAACCACTACCTGCTGTTGATGTTCCATCTACTGCTGCTAAGGCAACATTAGTATTAGTTGTTAATTTCTTTCCACTTTCAACACTTACTGTTCCTTTATTTGAAGCTAGTAATGCAATAGTAGAAGTATTGCTTCCCTTGGTAATAGTATAATCTGTATCTAATTTTGCTTTTGCTTCATTACTAGCATATACTACACTTGAGCTTTCTCCCATTTCTTCTTCTAAATTTACTTTTGAATCTCCAAAAAATTCTTTTAAAGTTGTTGTTGTATCTCCATCTAAATATGCAAATGTTGATTCTTTACCTATTTTTATTCCTAAAGTTCCATAATTTTTAAAAGTATCATTAAATTTATCTTTATTAGCAGAGTGTACACCTACTGAATAATCTCCAACATAAACCTTAGAATTATTATAGAAATTTACTTTTGAAAATCCATCTGAATACACTGCAATATTTCCTCTATTATCACTAGGAGAAGACACTTCAATTGTTCCATAATGATTAAAAGTCATACCTGCATTTTTTGCTACAACAGCATGAGCTATCTTTCCACTTGCTTCAATAGTTCCCCTATTTGTAAATGTTCCTTTTTCT
NZ_CP077182.1_gap62	2106351	2109568	3217	TCATTCTATCTAAAATATCCATTGCATCTTTTTGTTCCTCTGCACTCATTGTTGTATTAGCTTCTGCTACAACAGGAGCTGCTTCATCTGCATAAGCTAAAGAAGATAATGCACACAAAAAAAGTATAGCTTTTAAAAACTTTCTCATATTCTCCTCCCGATTAATTTAATACTTCTAATAATTTTGTTAATTCTACTATTTGTTGTTCTTTGTCAGCAATTTTTTGTTCTAGTTTGTTGTAGTATTCATCAAATCTTTTTAACAACTTTTTGTATTCATCTCTATGCCATCTTATTTTTGCATCTTCTTTTAATTTCGCATAAAGTTCTTCTCTTCCAAGTTGTCTTTCTTTTAGCTCTTGTACTTCTTTTTCAAGAGTTGCTTTTTCTTGTTTAAATTCTTCCTTTCTTTCCATTTCTTTTTGTACTAATGCTTGGTATTCTGCTTCAATGTTTTTTACTTCACTCATTACTTCTTGTACTACTGAATCTTTTGGTGTTGTTTCAGCTGAATAAGATAATGAACCTAATATTAGCATTGAGCATAATAAAATCTTTGCTTTCATATTTCCCCCTTTATACTTTTTAAGTAAAAATTGATAAAATTTTTTATAAATAAAGTATACTTTTTTTCTTTAAATTTGTCAATAAAATAAATGGTATTTAAAGAAATTCAAGATTAAAAAGATTATTTTTTAACAATATTTATTAAAATAGTTCAGTATCTCTCAGATATTGCTTCTCTTAAAAAAGGTAATAATGAACGAGTTACAACTATCTTTCTGGTTGAAATAGTAAAATACATTATCTTTCCTTCTTCTAATGCTTCATACCATATAGTTTTACTTACTTTGAACATCTCTACTAAATCTTTTATTGATGTAAATTGTCCTAACTCATCTAATAATAATTTTTCTAAATATTTTTCTATATCATTTCTTGCTTCCCAGTTATGAAAATTATTTACTTCAAAATCTTCTTTTGTAAGTGGATTGTCTATTACATTATTATTGTATGATAATTCCAGATTTTTTATAAAATCTTCCATATTATACTCTGTTCTACCATTTTTTACTCTATTTCTTATTTTATTATTATTTGCTAAAGTATAGGTATAGCTTAAACTCAAATTTAGCACATCATGAATTCTATTTGCACTTGCATATTCCCCAGTTAATTTTAAAATATATTCAGCCATAAAATTTGTATGTATATTTTTCATTATTTTACCTCCATAATTATTTTTGTTTTACAAATTATTTTATTGTTAGTTTGTATTTTACAAAAATAATATAACTCTATATTTTTATTTTGTCAAATAAAATTTTAAGTTTTTACAAACTTTTTATAAAATTTATTTGTAAATTACAAAATTATATGCTATTATTAATTTAAATGGAGGTATCAATATGAAATTAATAAGTGATTTTGCAGAAAGGTTACGAATGGCTTTGAATTTTAGGAATATGAAAGCTACTGAATTATCTGAATTGACTGGAATTAATAAATCTACTATCTCACAATATTTATCAAATGAATATGTAGCTAAAAGAGATAGAATAGAGTTATTTGCAAAAATTTTAAATGTGAATGAGGCTTGGCTTACAGGTTATGATGTTCCAATGGAAACAAATAATCAAGATAATTCAATAATAGAAGGATATGAGTTAAGCCCTGATGAATTAAAAGAATATGAAAATATTAAGATGACTACATCAACTTTGATGTTTAATGGTCGCCCTGCCTCTGAAAATGATAAAATAGAATTAGAGAAAATATTGAAAGAATTTTTTGTTAAAGCATTGCTTAAAAAGAGAGCTGATGAAGAAAATGACAGACAAAAGAAAAAAAGAAATTCTAAAATTGATTAATAATTTACACTTTGAGTTTGGAACTAAAAATCCTATTCGCCTTTGTAAAGGTTTAGGAATAGAGCTTGTTTCAGCTAATATTGAAATGAAAGGCTTATATACAGAAGTTTTTTCCTCAAAACTTATTATTATTCAAAATTTACTTGACGATTTTGCAAAACTTTTTGTTGTAGGTCATGAATTATTCCATGCTCTTGAACATGACTGTGAGCAAGTTAGATTTTTTAGAGAATGTACTGGTTTTAAAACTAATATCTATGAGGAGGAAGCAAACTTCTTTGCCACTCAACTTTTAAAAGACTTTATTCCCTTTCATCAAGATGAGATTGCTGATTTTGAAATAGCTGAGGAATTGGAAAAATATTTGGATATGTAAAAATCAGGATTTTACTCCTGACTTATATAATATTATTATTTATTTAAAGTTTCCTCAATAATCTTTCTTAATTGTTCCTCATTAATAGCACCACTAACAAAACCCTCTAAATTTCCACTCTTATTTATCACATAGGTTGTTGGAAATGCTCTTATTCCATATTCACTAAAAGACTTTCCAGCCTCATCCATTAAATTTGGATATGTAATTTTATGTTCATTTAAAAATTTAATAACTTCTTCTTTTTCAACATCAACATTATTCAAATTTTCTTTGGATTTTGGTCCTGCTACTCCTAAAAATATTACATCCTTTTCATTTGAGCCAAATTCTTTATACACTTTTTCAAATGCTGGCATTTCTTCAACACAATACCCACACCAAGTTGCCCAAAAGTTTACTATAATGACTTTTCCTTTATATTCTTCTAAATTATGTTCTTTTCCATATTGATCATACAAAACAAGATTAGGAACTTTTACATCTGTATTCTCTTTCACACTTGTTTCCATTTTTGTTTTTGATTTAAAAATAAAAAATACTGCAACTACAATTATAAGTAATAATACTACAATTAATTTTATTTTCTCTTTCATACTTCCTCCTGTAAACTTATCATGCTTGAGATATTTTCTTTAATTCTTCTATAACAATTTTTTTGGCTTCTTTCTTATATTTTTTAGGAACAAACACAAAGAAAGCCATAGTATGAAACTTTCCAAACTCTTTTTGTGGTAATAAATCAGATAATTTTCTTTCTTCTCCATTTAATAAAAGAGTAATTGGTGCTTCTTTATTTGAGTTATAGAATTTATTATATTTAGTTATTATGAATACTTCCCCTTCTTTTAAATTTAATTTTTTTAAAAGAGTATTTGTAATATCCTCAATATTTTTTTCATTTCTCAAAATATCTTCTAGTTCATCATAAGATTTTATTATCTTTTTGTCAACCAGATTTTTTTCAAAA
NZ_CP077182.1_gap63	2160360	2160860	500	TGCTATACATAGTTACTCCCAAATCTTCAAAAGTATATTTAAAATTTATTCTTTTATTTTGTTTTTGTGGTGTAAAAAATGGAAAGTAAATCATCTCAATAGGAATATTTATAAAATTTTCATGTAAATTTAAATAATTTCCTGTTTCTCTTATATATATTTCTTGAACTTCTATATCTGGAACTTCTTGATTTTCAATTTTTATATCATTAATATTTTCAAATTTCATTAAATCATCAGCAAGAGAACCAGTCTTTGAAACTTCAAAATTTTCTGTTTCTATAACTTCAATAATTTTTTTATCTTCATCTTGAATATTTTTTTCTTTTTTCATTTTAAACTCTCCATATAATATATTATTGTAATATTTTTAAAATATGTATATAATTAAAAATAAAAAAAATATTACAAAGAAATTTTAACATAATTTTTGTATATATTCAATAATAAAAATATTAATTTTTAGTTATAAAATTTACTGATATTAAAATTTTATCTAC
