gap_id	start	end	length	sequence
NZ_CP097562.1_gap1	15346	20079	4733	TATCCGTAATTTAGAACAAAAAATGTTGCACTATCAGCATTTTCTATTTCCATGCTTCCATAAAAAACTTTACCATTATCAGCACCATAGCCAACACCAAGAGATGTAAATGTGGCAGGGCTGGCGTTTGGAACAATTTCTCCTTTATCTGTTATTACATGTCTGCCGTCAGTTTTATATTTTGCATCAGGCGTAATCACTGCAGGATGCTCTGGAGATGAAAATAAAATAATATCTTCTAAATCTGTTTTAAGCCTTTTTGTAATGAAATTGTAAAATAAATTATATAAATCTTTCTGCATATAGTTTTGCAGAGTATTTTCTTTATGAAGCATATCATATATAAGGCTGTATTTATGTGGAATAACTGCATTTTGGCTGTTTATTTTAATAATTTTAATGCCATTTTTAGTTATTTCTATAGCATAACAAATATTTGCAAACTCTTTACTGCTTATTAAGCAGAAATCAGCTTTATCATTATTTTTAAATGATGTGATACTTAAAAGAAGTGCTGTATTATAAACAGCAGTATTAAAGCCATTGTATCTGTTTATTTCAAAAGCAAAATTCAATGTGCTGCTTATATTATTGTAGTATAAAAGCAAAGATTCTCTATCAAAAGAAAGTATCATTTCAGAAAGCTCATTTGCAAAAAACTTGGCAATAGAGCCGTATGTAGCTTTTATTGAGCCGCCTAATAATATATTGACAAAGGGGTCATCACTGTCACAGTTAAAAAGCTCTGCATGTGTAGTAAATTTTGCAGATGAAGCAAGCCATAATTTAAAGTCTGCTTCAGAAATATGAATTTTTGCAGTTATTATCCAGTTATTTTCCATAGCACACCATTTTTATCCTATTATACTTATATAAAATAATTATAATTATTTCAACTAATTTATGTATGCAATGTGTTTTTTTTTATTTTTAATTTAAAAAAATCTTGAAAGTATTAAAATAATAATATACACTCTAACCAATTTAAAAATAAATGAGGTTAACTATGAAAGGCTTAATTGCTTTATTATCAATAACTATACTCATTACTGCATGTTCTCAAAACACAAACAGGCAGGAATTTGCTAAGGCTGAAAATGCTTCTCCAGCACCTGCTGTAACTCCTAAACAATCAGCTGCTGGTATGAAACTTACAAAACCAACAGAATTACTTCCAGAGATTACTGAAAAATATTCAGGTATTAAAATTGAAGCAGTTAATAAAAACGATGGCAGTAAAATAGAAATAACTGCTCCTTTTGGTCAAAAAATACCTATTGGCAGCACTGGACTTGAAATCACAACATCTTCTTATTTTACAAGTTTTACAATGGTTGATGGTGGTGTTAAAAATGTAAGTATGGAAGAAAGTAACCCTGCTGCAAAAGTGATTATAACAGATAACGGCTCACAGTTATTTGATGGATGGCTTTTTCAAGAGTATCCTGATATGCATCCATTTGAACACCCTGTATGGAAAGTTGTATTAGCTGGTGCTGTAAAAAAATAACATTTTACTAATTATATTATTGTATATATAACCCCGCATATTTATTTAAGGCGGGGTTTTTTGTTTAATTAATATTTTTTTAAAATATATATTTTAATACAATAATATACTAAAAAGTTTGCAACTTTAATTGATAGTTTTCAAAAACAATATTTCCTGAGCGGAGAGAAATAAAAAATATTGGTTGTGATAGCATTAGATAAAACATATTAACAAATACTGCGAACTTATTAAGACATTATCTTTAACACTTGACTAAATATGATTTAGGTTTTATCCTATACTATATAGTGGTTATAATTTTTGGGAGTTTTGTGATGGTGCTGGAATTGTGTGAAGATAATGCCGGGCTTTTAAGTTCTGTTACAGTCTTATACCTTAATACTGATAAAGATGAACATAAAGAAGAAGAGCTTATATCTATTTTATCTAAATATATCAAAAATATCATTGTTACTAATAATCTTGAAAAAGCAAAAGAGAAAGCAGAGGGCAGAGATATTGATATTCTAATTACTGATTTTAATCTAGCAGATGAAGAAAGTATGAATTTTCCTATGTATATTCGCAGATACAACCCATCATGTTCTATAATTATTTATACAAATAAAAATGACCCAGAACATTTACTTGAAGCACTTAATATGAAAGTTGATAACTATATTATCAAACTTTCCTGCTTTAAAGAACTAATAAAAGCTATTATTAATTTAGCAGAGCATGCTTTTACTTTAAAGGCTCTTTATTCTATAGTGCCTGAAAAATCTACTCATTTAGATACAGAAGCTTATGATACAATAAGCCAGACAATAGATGAGCTGCGAACTATAATTGCAAAAATGGCAGCTCGGCACTGTATAGAGTCTATGCCTATTATCCATTCATTAAAAGGTATTATTGAAAGAATGAAAATACTGCTTAAAAACAGCTATTAATTTATTCTGCTGTTTTTGGTGGATATTCCTGTGGCATAAATAAAGTAAGCCATAGATAGTCTTTATAATATGCAGGGTATATTTTTTCTAATGTGGTATAAAAATCTTTTGAATGGTTTGGCACTAAAATATGAGCAAGTTCATGGTAAATAATACTGTCAATTGTAGTTAATGGTGATAAAATAAGCCGCTCATTTAGTTTAATAATACCTGCACCACAGCTGCCCCAGCAGCTTTTGAACACACCTGTTTTTACAGCTTTTACCTCCAGCTTTATTTTCTCAGCACACATATAAGCTCTTGCAGGCAAAATGTATGAAGCCTGCTGATGATAAAATTTAATCAGATTATCTTTATTTAAAAAATTTCTACCTGCATAAATAATTAAATTGGTTTCATCTATTTTATATGTATTATGTATCTCTGGTTTTAGTTTAAAATCATATAATCTGCCTAGATAAAGTATTTTATTATGCAGCATTTCTGCTTTTTTAGGATAAAAGCAGTGGTAGGCAAGTTTATAAATAATATCTTGATTTTTTAAAAGATAAGCATCTACAGTATTTTCATTAAATGATAGTGATGCATACAAAACTACTGTTTTATATATTCTTTTTTGAATAATATATTTTTCTTTTTTTAATTTAAAATTTTTATAACTGCCATATTTTACTGTAACAATATTTTTTAAAAAATTAATGATTTCTTTTTCTTCTTCTGTAAAAGAATAAATTTTAGCCATTATTGCACATATATATCAGTATAAACTTTTATTTTATATAAATAGATAGTTCCTTCTGTAGTTTATTTGTATCAAAATTTAATACTGGAAGTGTTTTATAAGTATCATTTTTTAATTTAAGTGTGATAGATATATTATCTATATTATAAGAAGAAATATCTTGCCACTTTATTGTGCATGGATTTGTTCCACGATACTGCAGCTCATCAATTGTAAATCTGTATATAATCTTATTACGCATACCTATTATGAATATAGGCAGCACACATACAAAAAATACAAAAGGTAATACTAAAATAATATATTCTGGTTCAATAACTGTAAAAAACAATATTACAGTAATCAAACTTATTAAAAATATAATGCCTAAACTAATGATTAATTTTTTATTTAAAACTGTAAAAATGATATTATTATTTTCTATTTTCATATATTTCTCCATTTAACATTATTAATATAATATTTTTTATTAATAAAAGCTACATTAATAATGAATTTTTTCATAATTTATGCTATATGTTCTAAAATTGAGGTGATTATGTTTTTACCTGTAAGCATGGAAGAAGTAAAAAAGCTGGGCTGGGATTATATAGATGTTATTATTGTAACAGGTGATGCCTATATTGACAGCCCTTTTTCTGGAACAGCTGTTATTGGAAAATATCTTTTAAAACATGGGTTTCGTGTTGCAGTTATCAGCCAGCCTGATACTGAAAGTGATAAAGATATAACAATTTTTGGTGAGCCTAGACTTTTCTGGGGGATAAATGCAGGGTGTGTTGATTCTTTAATTGCAAATTATACTGCCACAGGAAAACCTAGGAAAATGTGCGATTTTACACCAAATGGTATAAATAATAAAAGACCAGACAGAGCATTGATTGTGTATACTGGTCTTATTAGAAGATTTTATAAAAATACAAAACCTATTTTGCTTGGTGGAATAGAGGCAAGTTTAAGGCGTATTGCTCATTATGATTTTAAAACTGATAAGGTTAGAAGAAGTATATTATTTGATTCAAAGGCAGACTATATTATATATGGTATGGGGGAGCTGCCTGTATTAGAATTTGCTAATGCACTTAAAAATAATGAAAATGTTAAAAATATAAAAGGGCTTTGCTACATATCAAAAGAATTATGTGATAATACAGTTATTCTGCCGCATTATGAAGAAGTGTTACAGGATAAAAAATTATTCCATAAAATGTTTAAATTATTTTCAGATAACAGTCAGGCACATTCTGCAAAAACATTAGTGCAGAAAACTGGAGACAGGTATCTTATACAAAATCCACCTGTATATTATAATGATGATATATTAGATGAAATAAGTGATATAGAATTTGAAAGGGCAGTGCACCCTAAAATAGAAGGTAAAGTGAAGGCTTTAGAAACAATAAAAACATCTGTTATAAGCCATAGAGGCTGTTTTGGCGGCTGTTCATTTTGTGCAATAGCTGTGCATCAGGGCAGGCAGGTTATTTCAAGAAGCATATCATCTATTGAAAAAGAAGTAAACAGCATAGTTAATATGAAAGGCTTT
NZ_CP097562.1_gap2	45094	46956	1862	TTAAAACTAATTACAACCTTCATATGTATTGTTTTCTTTAATTTACTTGTAGTTAATCATTTTTAGATATAATTTATCTTTAAAGTTCTTTTTTATATTCCAATCATTATCTACACATTGGTCATTTTGAATAAACAAAACCACTGATTTACCACTTCCAACAGAACTTTTATATATGATGCCATCTATTGGTTTATTATTTATTGTATAGTTATAACGCAAATATTCTGTAATAATTTGTGTTGGTATATATTCTAAGTGTTCTTCTTTTCCATCTCTGTCAATTGGTCTAGCAAACCAATCAATAAAAGATTGCATAAATATATAGTAAGGTCTTTTATCACCTTTAACTTCATCATATATTGAAGGAATTTCTAACTTTGATGGCAAGGAAATAAGATTTAGTGGTCTTGAAGCTATAAAAGTAGCTGTATGTATATAAATATTGCAATTATTTTTATTACTATTAAGCACTTCATCAACGGCAGTTTGTTCATCAAATGCACCATAGAACATAGCTATCCCAACAGGACTCATTCTATTAGCTTGTAATGCATATTCTATGGGTACTGTTCCCATTTCAGATGCTGAATTTAAATTTTGCTTGTTATTTGTAATTCTAATTCTATATATTTTATCATTACATATTTGTTCAAATTTTAAATCACTAATAATTTTTGCAACTTGTTCAATTGGATAATATTTATTATTGTTATTTTCACTAAAAATAGTAAAACGCAACTTATGTTTAACTCTATATATAAACTTATCCCATTCTTCTAATAAATGTTGTTCTTTGAAAGGCTCTGCAAAAGGTCTAGCCCACAAGTTAGTATTTATTGTTGAATATATATCTTCAAAAAGAGTTTGAGACACAGCATTTATAGGCTCTTGTTCACTTAATAAATCCCATATATCAAATTGATAATTATTTAAATATCCTCCTTCTGCACTTTCATATGGAGAGTTTTCAACCGGATCTTGCCATTCATTGCTTATAGAAGATATAATATGTTTTATTACTATTTCTAAATCTAAAACATCAGTCTTTTTACCACAATAGGAACATAAACCTTGTTTACCATTTTTCTTTATGAAGTTGCTTAATCCTTTTTCGTCAAAGCAATGATGACAAACATATTTATTTGGTACTTTGCCATATCCTCTAGCTTCATATTCCATCAAAAGTTTTTTTGCCAAACCCATTATAATATCCTCTATTAATATTTATACATTAATTAAATAAAATATTGCTCTTGACTTACAGGCACCTCTGTTGCTCATAGTGCAGTATAAAGATAGTTTAAAGTTATAAAGTATATATGGAAAACTGCTTTTACAAACTTTTATTATTTTCACAGGCTTTTGATTGTTTACCAATAAAGATACATTATCTTTTAAGATTCTATATTATCTTCTATTGTTTCCTTATTTTTAGATTTAATTTTATTAAGCCGTTTTTGCAATTGCTCTATAATTAAAGCAATACCTGGAATATTTGATAGATTATCTAATGATTTTTCTGATTTCATTATATTATTTAAAACTTCAATTAAAGGATGATCTGATTGGTCAAATCCTTTAATTAATTGTCCTGGATTATCTGATGTCATATTTATTATATTGTATAATAATTTAAGATTAAGTTCGCGTACATTATCACTATCTATTTGTTCTACTTGTTTAGATAGTCCTTCAAATGTTTTGCTTATAACTTCTTTGTGAGTATATTCTTCTATAAGTCGCTTAGAAAGCTTTGCTTGTTTATTAAAATTTATGGCAGCCCATAGTAAAGGAATATATAATGGAATTATCAAACTTACTAATTTTGGCATATAACCTATTATTTCATACATAATTTT
NZ_CP097562.1_gap3	80404	84276	3872	TTACTGCATCTAATCCTGCTAATTTAATAGAAGCATACAAAGTGAGAATAGCTAACAGCCATAAAACATTATCAACAAATATGTTTGCTAGAATTTCAGCTTATAATTATAAAGAAATAATATTTAGGAAAAACATAAAAATAGCAGTATTAAATAAACTAGAAAAGAAATCGTCTCGTTTAGACTTTTATTTTCATAAACTTAGTTTATTTAATCCTGCTAAAAAATTAGATGGTTATAAATATAAGTTTGATATAATAGAAAAATCTCTTTTAAAAGCAGTAAAAGAAAAATATGCAGTATCATACAGGCAGTTAAAAGATGGAAGCAGGTGTTTAGAGCAGTATATAGTTGATTATCTATTTAATAAAAATGCAGATATTTCGCTGCTTGAAAGTAAACTATATCTGCTTGACCCACAAAATGTCATAGAAAGAGGCTATGCTGTTGTTACACAAAAAGAGAAAATAATATCTTCAGTTGATAATGTGGAAATGGAAACTGAACTTACTATAACATTAAAAGATGGTGTAATTAGTGCATATCCTGAAGAAAAGAATAAAAATAATACTAAAAACATTACAGAATTAGATAACATAGAAAAAATTTTAAAATAGTATTTTTTTTATACCGCTTTTTTAAAAAATATGGTATGATTTTAAGATATTTTAAAAATGCCAGTATATATGGTATAAATAATAAGGAATATAAATAAAATATAGATATGAGGAGATGTACATGAGCAGAATACCTATAACACGCGGTGGTTATGAAAAATTAAAGGCAGAGCTTGATAAACTGCGTAATGTAGATAGGAATGAGGTAATACTTGCTATTCAGGAAGCAAGAGGACATGGGGATTTAAGTGAAAATGCTGAATATGATGCAGCAAAAGAAAGGCAGGGTATGATTGAAGCACGCATTAATGAACTTGAATATAAAATGAGCCTTTTTGAAATTATAGATATATCACAGATGTCTGGTGATAAAGTTGCTTTTGGTGCTACTGTCACTATTGAAAATATTGATACAGAAGAAAGAAAAACTTATACCATAGTAGGCAGTGATGAAGCAGATATTTTTAATGGAAAAATATCTATTATGTCACCACTTGCAAGAGCTATGATGGGTAAAAAGGAAAGTGATGATTTCACTGTTCAGGCTCCAAAAGGTGAAACTGAATATGAAATTATTAAAATTGAATTTATAGAAGGATAATCTATTATTTTATCAGGAGGAAATTATGAAATTAGAGCTGAATATTGCTAACCAGTTAACAATAGTAAGAGTTGTGGCAATACCTCTTTATCTTCTTGTGCTTTACATTAATAAAGATTGGAGTAATGTAGCTGCAACTATTATTTTTATATTTGCAGGCGTTTCAGATTTCCTTGATGGTTATATTGCAAGAAAGTATAATATGGTTACTGATTTAGGTAAAATATTAGACCCTATTGCTGATAAAATACTTGTGGCAGCAGCATTGATTGCATTAATTGATTTAGACAGGCTTTACTGGTGGATAGCAGTATTAATGCTTGCAAGAGATTTTGCAATGGAAGCTTTGCGTAATTTTGCTGCAAGTAAAGGTGTAATTATTGCAGCAGGTATATGGGGCAAGTTAAAAACAACTTTCCAAATGGTAGCAATAGGTATGCTTTCATTTAAAATTACATGGCTTGGTATAAACTGGTTTTTAATGGGAACTATTCTTATGTATGCAGCATTAGTATTATCTATATATTCAGCATTTGTATATTATAGAGATTACTTTAAAAATGAAAATAAAGGGGAGCTTGTTTAGTTATGACAATACCACAAATATTATTAATTACAGCATCATATTTCATTGGTGCAATACCATTTGCATATATTATAGTGAAGCTTGTTAAGAAAATAGATATAAGAACTGTTGGCAGTGGTAATGCTGGTGCTACAAATGCGGCAAGAGTTCTTGGAAAGTGGGGTTTTATAAGTGTATTTGTGCTTGATGCACTAAAAGGCTTTATTCCTGTATTTATATCACTTCATTTTTATGGACAGACTATTATTACATTGATTACAGCAGCAGTCGTTGTGCTTGGTCATACATATACAGTCTTTCTTGGTTTTAAAGGCGGTAAAGGTGTAGCAACAGGTGCTGGTGTATTTTTAGCACTTGCTCCAATTGAAATAGGCATAGGACTTGTTGTATTTATAATAGTTTTTTTTGCTACAAAAATGGTATCTGCTGGCTCTATTTTAGGCTCTCTTACACTGCTTATTGCAGTGTGTGCCATAAGTGACTGGTTTGCACTTAAAGTGCTTACTGCTGTTATAGTTTTTTTTGTTATATTTAAACACCGTTCAAATATTGTGCGTATTATTAAGGGTGAAGAAAACAAATTTGTCCGCAAAAAAGAAAAAGATGCAGAATAAAGAGCTTGTTATGGGTAAGTGTATTGAGCTTGCCCGAAATGTTAAAGGATTTACTTTAACTAACCCGTTAGTTGGGGCTGCTGTTATTAAAGGCGGTAATGCAGTTTATGGTATACATGAAAAATATGGCAGCTTTCATGCTGAAATAAATGCTATAAAAAATGCAGGTGAAGATGTTTCTGGCTGTGAGCTTTTTGTTACATTAGAGCCATGTTCTACTTATGGTAAAACACCACCTTGTGTGGAAAAAATTATTTCATCAGGTATAAAAAAAGTGTATATTGGTGTGCTTGATGTAAACCCTAAACACAGAGGGCGTGGTGTTAATATTCTTAGAAATGCTGGAATAGAAGTAGAATATGGTGTTCTTGTAAAAGAATGCAGCTTATTAATAGAAGATTTTATTAAATATCAGACATTAAAACTGCCTTATGTAACATTAAAAACTGCAAGCAGTATAGATGGTAAGATTGCATGTAAAACAGGACATTCTAAATGGATAACTGGCGATGATGCAAGAGAGCTTGTTCATAAAATGCGTGGTTTATCTGATGTTGTTTTAACAGGTATAGGAACAGTTGAAGCAGATAATCCTTTAATGACAGATAGAAGAAAAAATGCTGTGCGACAGCCTGTTAGAGCAGTGCTTGACAGCAGCTTAAAAATAGATATTAATGCAAATATAGTAAATAGTGCAGAATATGCCCCAGTGATTATTTATACTTCAGAAAATGCTGACAGCAGCAAAATTATGCAACTTAATGATAAAAATGTAAAAGTTATAAAAGTTCCTTGTGTAAATGGGATGTTAGATATAAAAGAGGTATTATATTCACTATATGAATTAGGATATATGAATGTATTTGTTGAAGCTGGCAGCAGAGTAAATGGCTCATTTTTTGATAACAGGCTTGTAGACAGGCTGGAAGCATTTATTGCACCAAAAGTAATTGGTGGAAAAGATGCAGTTTCATCAATAGGCGGCTTAGGTATTAATAATATGAATGAGGCTTTAATATTTAAAGATTATGAAATAAATATCTGCGGTCAGGATATATTAATATCTGCAAGAATAAATGATTATGCAATGCAGGCTGTTGAATTTACTAAAAATTATAATGTAGAATAATATGTTTACTGGGATAATAGAAGAACTTGGAAAAGTAAGTGCCTTGATAAAAGGCGATAAAAGTTTGAAACTAAAAGTAGAATGTAGTAAAGTAACTGATGGCTTACTTTTAGGTGATTCTATTGCTGTTAATGGTGTATGTTTGACTGCCGTTAGCTTTGGAAGCAGTTTTTTTGAAGCGGATATAAGTTATGAAACAATTGCAAAAACATCACTTAATAATATTAGAAGTGGCAGTGTTGTTAATTTAGAAAGAGCATTAACTTTATCATCAAGGCTTGGTGGTCATATTGTTCAAGGTCATGTTGATGGAACAGGCAGAATA
NZ_CP097562.1_gap4	86474	87896	1422	ATGAAGCAATAATATCTGAGCTTATTAATAAAAACTGGACTATTGATAGAATAGGTGCAATAGAAAGATGTATTTTAAGGCTTGGTGTATCAGAACTTTTTGAGGGAGATGCTCCATATTATGCAGTTATTGATGATTATGTTACTTTAGCAAAAAGTTATGGAGATGAAAAATCTGCCTCTTTTGTAAATGGTATTTTAGAAAATGTAAAAAATAAATTTTCCATAGAGTTTGATAATGGAAGAAAATAAAGAAAAACTTATTATTGATTTTGGTAAGGTTGAATACAGTCCTGCAATTATTGATTATGATTTTATTAATAACCGTCCACGAGGCGGCTCCAGCAGAATAGATTTCTTTTCCCATGGTGCTGTATCTTCATCTTTAGAAGGATTAGAGTTTGATACAAAAATATATCTTAAAAAAGATAATATATTTTTTGAAAAAGGTGTATTTTTATTAGATTTTCAAGAAGTGCAAAGAAACCACCATATTTTTTTAGATATGGTAAATAATTTAAAACTTGAGAGAATATATCTTGAAAATTCAATACACTTTAATATAGCATCTATTGCTGCTAAACTTGAAAATGTTGATGTAATATTAATGAATTTTGGGTGTATATAACAGTGGATAATGAATTTTATACAATAAGAATATGTTTCTCCTGTAATAAAGAAGATATTATTATTGTAAATTCTATATTAGATTCTTATGGTGGATTAGGGCTGATACGCACTATTGATAAAGAAAAATGCAACTGTGCTGTATTTACAACAAACTCTGTGTATAATACTACATTAGAAGTAATGCAGGCATTGCAGCAGGAAGGTTTATCCATAACTGATATTATAGTTGATAAATCTGAGAATGTAGATGAATTTGCACTGCAGGGAAGGGAGATATAAATGGATTTAGGAATTACAAAAAAATATATGATTTTTAACCTTGTTACAAATACAACTAAGGATAACAGACCTTTTATTCGTATGACTCTTACAGATACAGATGGCGGTAGTATGAATGCTATAATGTTTGACAGTAACAAACTTTCTTTTGAACCTGCACGAGGTCAGGTGGTGAATGTTACAGGAGCTTTGCAGCAGTATAATGGTGTAACTCAGCTAAAAGTCAGTGATATGGTTTTACTTGAAGGGGAAGATGCTAATGAATTTCTTCCAAAATCTGATAAAGATGCAAAAGCTATGGAAGATGAATTAAAGGCTGTTTTGCAGAAGCATATTAAAAGTTCTTATTTTAAAAGCCTTTGCAATGCTTTTTATGCAGATAAGGCAGCATATACTCTTTTTAAAAAATCTTCTGCTGCTAAAAGTGTTCATCATGCTTATATTCATGGCTTATTAGAGCATACATTATCTATGGTAAAATTATCTGCATTAATATGTGATTTTTATGGAAAAG
NZ_CP097562.1_gap5	99548	102773	3225	CTTTTGAACTTGAAAGTAGCAGCGGGGGTATAGTATCAAATGAAAGTTTAAAAGGCTCTAAATATGTTTTATATTTTTATCCAAAAGATAACACATCAGGCTGCACAAAAGAAGCAGTAGAATTCAGCCAGTTAATAAATGATTTTAAAAATAAAAATATCCAAATCTTTGGTGTAAGCCCAGATAGTATTCAAAAACACCATAAATTTATTAATGACCATGATTTAAAAGTGACTTTATTATCCGACCCAGAAAATACTGTTTCATCAGCATATTTTGCTTATGGTGATAAAACTATGTATGGCAAAGTTTATAAAGGTATAATCCGCTCTACATTTATAATTAATGAAGAAGGCATAATAGAAGAAGCATTTTATAAAGTAAAAGCAAGTGGTCATGCAAAAAAAGTATTAGGATGTGCTTTATAATGAAAGCTGTTGTAGATTTTGAAAATAATTTAAAAAGATTAGAAGATATTGTTACAGCATTAGAAAAAGAAGAACATTCATTAGAAGAAACTGTTAAACTTTTTCAGGAAGGAATGAACCTTTCAAAAGAATGCCGTAAAGCTTTAAAAGAAGTTGAAAACTCTGTAAAAGTAGTTATGGAAGAAGATGATAACGGCAACATAATTACAAGTGATTTGAAAACAAATGAATAATATATTGTCTTTTTTTCAAGAAAGCTCTGAAAGGGTGGAGCATTTTTTAGATAAGAAGTTTGTAAATTCTTCAATTTATACTGTAAAATTAACAGAAGGTATGCGATACAGCTTATTTGCAGGTGGTAAAAGACTGCGTCCAGCATTGGTATATGCTTCTTATGGTATATTTTCAGATGATTATGATTATGTTACACCATTTGCAGCAGCTATTGAGGTGATTCATACTTATTCATTAATTCATGATGATTTGCCAGCTATGGATAATGATGATATGAGACGAGGAAAACCATCTAATCATATTGCCTTTGGTGAAGCAGAAGCAATTTTAGCAGGTGATGCACTTCTTACAAAAGCATTTGAAATTATGTCAGACTATACAGTATCTCCAAATATTCCAGATAATATTCGTGTTAATGCAGTGTATAAACTGGCTCTTGCAGCTGGTGATTTAGGTATGGTTGGCGGTCAATATGCAGATATAGCAGCAGAAGGCAGGAAAGCAACATCTGAACTTGTGGAATTTATACATAAAAATAAAACTGCTGCTTTAATAGAATGTGCTGTATATTTAGGTGGTATAGCAGGCGGAGCAGATGATAAACAAATTGAGCAGCTTATTTCATTTGGCAGATATGCAGGACTTGCTTTTCAAGTAATAGATGATATTTTAGATATTACTTCATCATCAGAAACACTTGGTAAAAATATTCAAAAAGATATAAACAGTCATAAAGCTACATATCCTGCTGTTTATTCTCTTGAAGGTGCAAAAAATAAAGCAGAGCAGTATATAGATAAAGCATGTAAAAGTTTAGAAAGTTTTGGTGATAAAGCTGATACACTGCTTTCTATTGCTGAATTTATTATGGAGCGTAAATCATAGAAAATAGTAATGCAGAGTTTCTGCAATCATTAAATCTGCCTTATGATATTAAACATTTATCTTATAATGATTTAGAAAAAGTTGCAAAAGAAACCAGAGAATTAATTATTGATGTAACATCTAAAAATGGCGGTCATATTGCACCAAGCCTTGGAGTTGTAGAACTTACTATTGCATTACTGCGTGTTTTTGATTTGCCAAAAGATAAAATCATATGGGATGTTAGCCATCAGTCCTATGCTTATAAAATATTAACTGACAGACTTAATTCTTTTCATACACTTAGGCAGTATAAAGGGATAAGCGGTTTTTCAAGACCTGAAGAAAGCATATATGATACATGTATATCAGGTCATGCAAGCACATCTATATCTTCGGCAATAGGTATTACTCTTGCAAACTCAATATTAAATCAAGAAGGGCAGGCAGTAGCTGTTATTGGTGATGGTGCTTTAACTGGTGGCTTAGCTTTAGAAGCTTTAAATAACATTGGAGTATTTAAAAAGAATATTATTATAGTTCTTAATGATAATGAAATGTCTATTAGTGCAAATGTTGGCGGCTTTTCGTCTTATCTTTCTAAATCATTAACAGGTGTTCTGGCAACAAAAATGCGGTATGATTTTAAAAATGCAGCAGAAAAAGCTCCATTTGGTGATGCGGTATTAAAAATATCTAAAAAAATGGAAAATGTTATGATAGGTATGTTATCTCCTGGAGCATTTTTTGAAAATTTAGGTATAAGATATATAGGTCCAATAGATGGGCATAATGTAAAAGATATAGAAAAAGCTCTATCCAATGCAAAATTGCAAAAAAGGCCTGTTTTAGTTCATATTGCAACAAAAAAAGGCAAAGGTTATGTGCCTGCCGAAAAAAGTCCTGATGTTTTCCATGGTGTTTCAGCTTTTGATAAAGAAACTGGTGCTGCAAAGAATAAATGTGATGCTTTATCATGGACAGATGTTTTTGGCAGAAAAATATTATCTATGGCAGAAAAATATAATAATATTGCAGCAATAACAGCAGCAATGGGTGATGGCACTGGGCTTAGAAGCTTTGCAGAAAAATTCCCTGATAGATTTTTTGATGTTGGTATTGCAGAACAGTATGCTGTTACATTTTCAGCAGGACTTGCCATTGCTGGTATGAAACCATATTGTGCCATTTATTCTACTTTTTTACAGCGTGCTTATGACCAGATTATTCATGATATAGCAATAGCAGAACTTCCTGTTACGATATGTGTAGACAGAGGTGGTTTTGTAGGTGCAGATGGTTCAACTCATCATGGTATATATGATATTGCATATTTAAAGACTGTTCCAAATTTAAATATAATGCTGCCAAAAGATAGGCATGAGCTGGAAGCAATGCTTGATTTAAGTTATGAATTAAATAAACCTGTTGCTATACGATATGCAAGGGGCAGTGTATATGATAATCAAGAGCTGATATATAATAAACTGGAGCTTGGAAAGCCAGAAGTTATTTCTGATAAAGGAAAAACAGCAGTTATTTCTGTTGGGCATATATTCAGTGAAGTTTATACTGCATATAAAAAACTGCTTGATGAAAGTCTTGATATTACACTTATTAACCTTAGGTTTATAAAACCACTTAATACAGAATATTTATTAAATATTTTAAAAGATAAATCTTTTGTTGTAATAATAGA
NZ_CP097562.1_gap6	106689	107947	1258	TATATCATTTCCTGCAGGGCTTGTTCGTATGAATTTAAAAAAATTTATATTTTATACAGGTTTAGGTGCAGCTATCTGGTGTACAGTGCTTGCTTATGTTGGATATTTTGTAGGAAATAATATAGATATTATTAAAGAAAATATTGACTATATTATGTATTTTATATTTCCGGCATTAATTTTGCTTGTAATTATTTATATGATAATATATAAATATCATAAAAAAAGAGAAACAATCTCATAGTCAGGTGTATAGATGTATAAATTATTAACTGTATTATTATTTTTATTTTCAGCTTTTTTTGTTTATGCTGAAACTTATGAAGTAAAATCAGGAGATACTCTTTATGGTATTTTATCAGACAGATTTACTCCGCAGGAAATGGCAGAAATAAATGCACAGATAAAAAAAGATTATAAAAGATTTATCCTGAAACCTGGTATGAAATTAACATTAGAACCTAACAAAGTTACTTTGAATGCTGCTCTTGATAAAGAGATTATAATAGAGCATATGCCTGATGGCTCAACAAAAGTAAATATAAAGGAATATCAGTATGATATGATGAATGTTCTTGTAAGGGGAACTATAGAAACAAACTTATTTGATGCAATGTATAAAGCTGGTGAAGATGCAGAGCTTGCTGCAAATCTGGCAAGTATTTTTGAATGGGAAATAGATTTTTTTAAAGATTTACGACCAGGAGATAAATTTATTGTATTAGTTGAGAAAAAATTTATCAAAAATAAATATGCAGGTTATGGTAAAATTGTTGCTGCTGATTTTTATAATCAAGGCAAATTAAAAAGAGCAGTGTATTATAATGATGGCAATAAAAATAAAGGTTACTATAATGAAAAAGGGGAGGGACTGGAGCGTGGTTTTCTTCGTGTTCCATTAAATTATTCCCGTATTTCTTCAAGATATACTACATCAAGACTGCATCCAGTGTTAGGATATCACAGACCTCATTATGGTGTTGATTATGCTGCACCAACAGGGACACCAGTAAAAGCAACAGCAAGTGGTATTGTAAAAATCAAATCCCGTTCAAAAGGCAATGGTAATTATATTGCACTTCGCCATCCAAATGGTTATGAAACATTTTATCTTCATTTAAATGGTTTTAATAGAGCTATAAAACAGGGAAGTCATGTGGAGCAGGGTCAGATTATTGGTTATGTTGGTTCAACAGGTTATTCAACTGGTCCACACCTTGATTATCGCATAAGAAAAAATGGCACATGGTTAAATCCG
NZ_CP097562.1_gap7	272153	273765	1612	CTAAAAAATGACCTAAAATCAAAGGCAGAATTTCAGCCATACAAAACCTATTTTACATCATAAAATACATAAAAAACTCTTTTATTTCCATCCATATATGTAATATCAGCTTTAGTATACCATTTAGTTCTGCCAGACATACATTTAACCAAAACTTGAGTAACAGTAAAAACATTATCTGAAATTTTTTTACCTTCATATTCATATTTTCCCATATCCATTTCCATATTAGAAGTAAATTTAACAGATTTGACTGCTTTATCAAATGTATAAGTTAAAGTAAATTCTTTCATTGGTTTAATTGGGCGTGTGGCAGAAACAGATATACCATAAGTATCATTTTTAAAACTACCATCCTTATCAGTAATATCATAAGCTGCTTTATAATTTACAGGAAAAGCTGCAAAACTAAAAAATGGAACTACCATTATTATTAATGTTAAAACTAAAATGATTTTTTTCATATAAATCTCCATTTGCTATAATAATCAAAACCATATCATACATAAAATAATAGTGCAAGTTATTTTATATATTATGTCCGATAAGATATATTATGTAAAATAAAAGAAGAAATATAGAATAATAAGTTTAAAATTTTGCCCTGTAAATGATTTTGGTATATTTTTATATGCTGATAATTTAAAACCCCTTTAAAAGCTAAAATTTGAATTTGTTTAAAATAATATAATGTTTTGCAGCATTTATTTATTGATTAAAAATAATCTTTATAATATATTATACCTGATAATAAATAAAATTTATTGGAGTTACACTATAAATACTCAGTTAGTTATTTTTGATTTAGACGGCACATTATGTGATACATTTGATGATATATATTTGTCATTAAAACATTCTCTTGATAATTTTAATGTTTTTACACCTTCTCTTAATGAAGTTAAATCTTTTATTGGTGATGGTCTTGCTTTGCTTATAGAAAGAACATTGAATGTTACAAATCAGGCATATTTAAAAAATGATATTCTGGCTTCTTTTATGCAGTATTATAAAGAACACTGCACAGATTCCACTTTATTATTTCCTGGAATGGAAAATGTTTTAAAAGAATTATACAAAAAAAATGTATATATGGCTGTTGTATCTAATAAAGCATATCATCTAGTTGATATTATCATTAAAGAGCTTGATTTATATGATTATTTCAAATTTGTTTATGGTGGCGACAGCTTTGATGAAAAGAAACCGTCAGCTAAACCACTATTAAATATCATAAACTCTTTAAGTGTAATTCCAGATAATTCATTTATGATTGGTGATAGTGATAATGATGTGCTTGCTGGTGCTGCTGCTGGCATGAAAACAATCTACTGCTCTTATGGTTATTCTCCATTAAAAAAATCAACTTCAGATTATATTGTTGATAATCCACTAGATATTTTAAATTTTATAAGGTAAATATGATGAATAAAATGGCTTTTTATTCTGATTTTATATATTATAATAATGAAATACATAATAATTCATATCTTTTAGTAACTGACAATATTATAGATGGTATCAGTAATAATATTGAAAGTTATCCAGATTATAAAATAAAAAAATTTAACAATTCTGCTATTTTTCCAGGTTTAATTAATACTCACAATCA
NZ_CP097562.1_gap8	282079	285398	3319	TATTTCTGCTACTTTCATTAAATTAAAATCTGTAGTAATAATAGCTGCATATATTTTCATACTTAAAGCAAGTAATTTTTCATCTACCGTGCCTATATCATCAAAAGATGTATTATCTATTTCAACTTTAACATTTGTCTGTTCCTGCAGTCTTTTCAATACATTTAAGCCACGCCTGCCTTTCTGTCTTCTTAAATGGTCATGTGAGTCTGCAATATTTTGAAGTTCCTTTAAAACAAACCCTGGGATAACAAGACTTCCTTCCATAAAACCACAGTCTACTATATTTGCTATTCTACCATCTATTAATGTAGATGTATCAAGAACTTTTGGCTGAGAACCTAATTTTATTTTAGTAGAATTATGCTTTAATGCAACATTTGTAATTAATGATTCAAAAAACTTATGATTTTTATTTCCAATAATAATACCAGCATACAGAAAAAGAAAAAGAACTATTAAGTTAATTTCTTTCTGCTGAAACACTGACTGAAATGACTGGATAAGCAAAAAACCAAGCACTAAGAATGCTATACCTATAAGCAGTGAAGAAATAATACGATAGCTTTTAATACCGCCTAATAATAAGTCTAAAAGTAAAATACATAATACAGTTACTCCTGAATAAAGAAATGCCATATACATACTTATATCCATACTTTGTCTGAATATAATATATACTGCAAAAATTGCTATTGAATAAACTATTCTAAATAAAATCATAAGAACCTCATATTAAATAAATAAAAGGCCGCACAATATTTTGAAGTATCATACCGCCAAAATAAAAACCAATCATAGCAATAAGTGCTGAAAAATCAATAATGCCAATAGGTGGTATTATGCGTCTTAATGGTTCAAGCACAGGCTCAGTTATAGTATATACTAACTGAACAATGATATTTCTAGGGTCTGGGCTGACCCATGATATTAATGCTCTGAATGCAATTACAAAACTCATATAATATAATAAACCAAATATTTTATATGCACTAGAAGCAAATGCAGAAATAAAAACATTTGCCACATTACCAATGGACTGATATATGATAAGATTAAAAATAGTATTAATAACAGCAGTTAAGCATACAGTTAAAAGATAGACAACAATAATAGCTGGAATAATAATTTTACCACTGTTTATTGGAATAAAAAGTCTTGTCATTTTTACCCATGGCAGTCCTAATCTAAAAAATAATGCAATAAATCCTCCGCCAATAGGTCTGTTGCCAAAACTGCCAAATATCATAGAAACTATATAAAAAAGCATAAAAAAATGTGCATAATTAATCAAAGCTGACAGTAATTTAGTTTGAAATTCTACAGCAGTAGATGAAATAGAATATAATAATGATGTGATTATTATAATAGCAGTAATTAATAAAGGAATAAATTTTTCATTATTTTTTGGAAGCAGTGGATTAACTGCTTTTGCAAGAACTTTTCCTAATGGATTAAATATCAGTTCCTGCTTTGTGGTAACAAATCTAAATAAAAGTATAACTATATAACACTTTGCTAAAAAAAGTATAAAAGCCATTTATCTCTCCACACAACTATATTGCTTTTTATAATGAACTAAAAATAAAAAAAATTCAATATCTTTAAGTTATTTTTAAACTCTTTCTCCAAAAATACTGGTGCCTACTCTTACAAGTGTAGCACCACACATAACAGCTTCTTTAAAATCATGACTCATACCCATAGATAATATATTAAAAGTATCATTTTTATACTTATAAAATAGTGCTGCTGCCTGTTTAAAATAAGGTATATTTTTAGTTACATCTTCTTCATAAGGCGGCATAAACATTAAACCTTTTAATGTAATATTTTTATAATCTAATGCACTTTTTATAATATCATCAAGCAAAACTGGGTCTATACCATTTTTCTGCATTTCATAAGCTATGTTTATTTGTATTAAGATATTTTGTTTCTTATTAAGTTCATGAGCATATTTATCTATTAATGGTAATACATCAAGTCTATCTACAGAATGAATTAAGGAAAAATATTCTACTATTTTTTTCAGCTTATTTGTCTGCACCTTTCCTATAAAATGAAACTCTAAGTCATTGTATTTACTGGATAAATATTCTATTTTAGGAACTGCTTCCTGCACTTTGCTTTCACCAAACATTTTAACATTATTCAATGCAAGCTCTGTCATTTTTTCTACACATTGTGTTTTTGATACTGCAAGTATATCTACATGATGATTTGCCTGCTTTGATACTTCTTTTACACTATTTAATATTTCATTATAATTTTCTATAACACTCACTGTCTTACTGCTCTTTGTATAGTTGTAACCATGCGGCCAGTTTTTCCATTTTCTAATCTATATGAGTAAAAGCCTTTACTACAGCATGAAGAATATTTACTTATTTCTATATTATCAATACTTAATCCATTATAAATTAAAGCATTAGATGCAAGTTTTTTCATATTTAGTAAATACTGTCCCTGCACTTTTTCTGTTAATGCCGAAGCTGGATTATATGCAGGGTTTAACTGATTTACTAAATCATCACGAACTTCATAACATTGTTCACATATTCCTGCACCAATATAAGCATAAACTGGCATATCATCATATTTTTTAAAAAGTTTAAAAGCATTATCAATAATACCAGCATTTAAACTTCTCCAGCCACAGTGAAGTGACGAAATACATTTATTTCCTGCAAGCATTACAGGCAGACAATCTGCTGTAATCACACCTAATGGCAGATTATTTTCATAAGTGAATAAACCATCTGCTTTTGAAAACATAATATCTGCAGCATTTTCTTTATTTACTTCTAAAACAGTATTACAATGAATCTGATTTAAAGTAACGATATTATATGTTTTTGTAATATTTTGATAATAATAGTAATTTTTTATTACAGCAGTAATATCATCTCCTGTAAAATATCCCATATTTAAGCTGTTATATGGAGCACTGGAAAAACCACCATAACGAGTAGATGTTTTGATTTCTATCCCTATTGGTGCATTTTCTGCTGTAATGTATGATTTAGTTTTACTAATATCCATAATTTATTTTACACCTGTTAGACATTTATTTAATCCATTTTGGTATTTTTTTTCACTTGTTTCAAATACTCCATCACCATATATGATAACAGTTTTTATTCCGGATGGTGAATATTTTGCATCATTATTATATACTGTATATGTTTTATCTGCTTGTTTTATTACTCCCATAATGCGTATATCCATTTTCATACCTTCTGTATGAAAGTAATGAGTTTTAGCCTTATCATCTTTTTCTATAAAAAGCATACCGTCTTTTATAAATGTCTCATCT
NZ_CP097562.1_gap9	295668	296322	654	ATTCATACATAGATGCTTTATCTGGGCATCTTTCAAATTTATTCAAAAACTTAATATTATATAACTTTTTGCCTATAATATATTTACTGTATTCGCAAAGCTTTAAAGTATCCTGAACAGTTAAGGTGCCTATAAACCATGAGATTTTTTCTTTATCTTCTTTTCTCATATAACATGCTAATTTTGTCTTATTAAAATCAGGACTTTTTGTGCCAAGACATTTATCCACTAAATCACAGTCAAAATTAATCATTTCTTTATTAGATGCTTCTATCATTCTGCAATATACTACTTTATCAAGCTTATAATCATTTTTTACTTCTTTTTTAAATGACTCAATATATTTCTTATAATCACCATTTTTCCATATATCATCAAGCACAAATGAAGTAAGTTCGCTGTCCTGATATATTTTATAAAGAGCATAAAACTCTGCTTTCATATTATTAGAGTAAAAATATTTACCATAAAAATTCATAAGTTTAGGTGTGCGTTTTTCTGCCTTTAAATTATCATAAGTAGAAAAAACAAGTTCCTTATCTTTATGCACTCTTTCTAACACAGTATACAGTGTTTCAGAAGATACATCAATTCTGCTTAAAAGATTAGTAATATCTTTATCAACTATACATGAACTTTTTGCATAAACTTCAA
NZ_CP097562.1_gap10	299032	300585	1553	ATATCAGTTTTTGCTATATTTGAAAAAGTATCTATATGCCCATCATGAAAAACTACTTCTGCATCAACTATATAATCTGCCACATTACCATACTTGACAGAATATCCACCACCAGCATTTGTGCCATACATTCCACCAAATGTTGCATATTCACCACTTGATGGAGCAGCAGGAAACCACATTGAACTGCCTTTTAAAAATGCTTCTAATTCTCCATATTTATACCCCGGCTCACAAGTAAAAGTGCCTTCTATATCACTTATTTTTTCATAACCTAGCATATTATTCATATATTTACAGAAATCAATAACTATGCCTCTGCCTATAGCTGCACCACATAAACCAGAACCTGCACCACGACTGTGAATGGAAATCTGATATTTATTTGCAAATTTTACTATTTCAACTACATCATCAGTAGATTTTGGATACACTATGCATGCAGGCTCTACTCTAAAAATACTTCCGTCAGTAGAGTGCATATATCTTCTTATTTTATCAGTATAAATATCGCCTGTTACTTTATTCTTTAATTCATCAAAAATATTTTCATTTGAATTACTCATATAATCCTCATATAAATTATTATATCTTTTTTTATTATATCAAATTTTAAAACAAATTTACAGCATAATTTTTATATTGTATAAAATATATTTTGTAAATAATTTTATACTTGATTTATGTAGATATTTCATAATATAAATATGACTGACAATATAAAAAAATAAGGTAATGTATGCAAAAATTTTCCCTAGTTATTACAGCAGGCGACCCAGCTGGAATTGGATATGAAGAAGTATGTAAATTTTTCTTAGATGATGAAAGTAAAAAATATGATATTGCATTAATTGGCCATAAATGGATTGTAGAAAAGACATATAAAAATATATTAAAAAAAGATATACCAGATCACTTAACAGTATTAGAACCTGATAATAATATATTTCACTATGAATATGGCAAAATAAGTGCAGAGTGTGGAAAAGCTGCAATTTCATATATTGATATGGCAGTTCAGGGTGCATTAAACGGTGATTTTGATGCTGTTATCACCTGCCCTATCAATAAGAAATCTATTAAAGATGCAGGATATAATTTTCCAGGTCATACAGAATATTTAGCTTATCTTTCAAATATAGATAATCAAGCCATGATGCTTGCAGGAAAATATGTAAAAACTATTCTAGCTACAACACATTATCCATTAAAAGATGTAGCATCCCATTTAGATGAAAATACTGTTATAAATGCAATAGAAAGTGCTTATGATGCAGGCAGGTATTTTGGCAGATTATCACCTAAAATTGCTGTATGCGGCTTAAACCCTCATGCTGGTGATAATGGAGCATTAGGTTATGAAGAACAGACTATTATTTTGCCAGCCATAGAAAAAAGCAGAAAAAATAATATAAATGTATATGGCCCATTTCCAGCTGATACTATATATACAAAAGCACAAGAATGGGACTTTATTATATCAATGTATCATGACCAGGGAATGATACCTGTGAAAATGGATGCCTTTGGAGAAGCTGTAAATATTACACTTA
NZ_CP097562.1_gap11	304475	306826	2351	CTTTAAATAAACCAAAAGATGAAACAGAATGGGCAATGAATAGATTTGGTGCTTATGGCAGGCTGTATGTTCCAATAGATGCAAAATTTTTAACAATTACCCCTTCTGCATATATTGGATACATTAGATGGCAGGACAGCTCACTTCCATTTAACTTTAATGATTATTACAGCCCAGATTTTGGAGGCATATATACATTAAATGACAGCACTGCAGAAAAATACTGGGGTGGAGCTGATTTAACATTGACAGTAAAAGAAATATATAAAGATTATGGAATATTCAGGCACTCTATACAAAATAATATCACTCTTTCATATTCTCCAAAATTAAAACATCCCACAGTTAATACTATTACAAACTACCCTAACCTGCTTTTTAATGATGTTACTTCATATCAAAGCTCTATTTCTTATGAATTTATAACATCTTTAATAGGTAAAGGATGGAATGTTGAATTTAAAGCTGAACAAGGCTATGATTTTATGGCAGAAAAAAATAATGTGCTCCCACTTAAATTAAAATTAAAAGCAAGTGTATTAGGATATTTAACAAATTCTACAGAGCTTAATTATAAACATACTGGAGAATTTGAAGAAAACGAACCAAAAATCCAATATTTTTCAAATACTACAACACTTAGATTTTTTAAATATTTTTTTGTAACAGGCTCCTATACTTATAATGGAGCTGTTTATAAAAATATAACATCAAATACTTATAATACAACTGCACAGATATCTTCAGGTATAAATATATGGCGTATTGTTTTACAGGGCTATTATAACTGGAGTGGGTATAATACAGATATGAGTTTTAATGGCTTAATTCCAAAAAGCTATGGTGGATCTGTTTTATATAATGCAGAATGCTGGAGTCTTGGATTAAATGCTGAAATTACAAATTCCATAGTGAACTCTATTGATGGAAGATATAATAAAAATGACATTAAATTCTTCCTTTTATTTAGTTTAAGAGGTCTAGGTGACAGTAATATTCAAGTCTTTTCTATAAATCAGGAAGAACCTATTTAGAAGATTTATTGCAAATAATAAAAAAATATGATATAGTGAAAAAAAATGTGTATTATACAGGAATAATATGAAAAAAATAATAACAATCATAATATTAATTACTGCAATATTTTATACTTCTGAAAGTTATGCATATAATGTTACTGTCATTGGTAAAGCAACTATTAAAAATTTACGGCTTAGAGATGCTTATTACAGTGCATTATATAATGCAAAGATTTCTTCTATACGCTGGTATTATAAAGAAAATAAAATTACAGATATGGAAGTAAATGATGATTTCTTTAAATTTATAAGAAGTTATTCTATTTTAGAGCAGAATATTGAAGACAATACAACTGTTACTGTTAAATTAAAAATTGACCTTGATGATGCTGCATTAAAAGATGCAAGACTTTTATTAAATCAGTATGCTGATTCTACTGTATATATATACAGGGGTATAGATGATACAATACTTCCTGCAAAACAAATTCAAAATACTATTACTAATACTCTTTCATCAAAACAGTTTTCTTTAGCAGAACAGGCTTTATTTTTAGGAAAAATAGATGATATATATGATGAAAAGAAAATAAACAAAGCATTTCGTGAAGTAAACAGTGCTTCTTTAATTATGTTTGATTTTAGAATTATTAATAATATTGAAGATTTTAAAGAGCCTGATAATATATGTGAAGTAGAAACAACAGTAACTATTGTAAATAAAAAAAATAACAGCAAAACAATACAAATAGTTACAGGAAACGATAATAATAATATTATTAAATGTTATAATAATGCTGTAAAAGAAGCTGCAACTGATACTGTTGCTTATGTAAGGGATAATATTATACAGCTTCCAGAAACAGCTACAAAACTGCAAAAATATAATATCAATTTTGTTAATGCAAGTAATCTGGTATTAACAAAAAATATTATAGATACTCTTTCTCAAAGAGGACTTATTAAATCATATAAAACAGTTTCCTACTCACATAAAAATGTTGTTTTTGAAGTAGATTCTTACTTTTCTACAGAAGATTTAAGCAGAAAAATACAAGAATTAAATTTTCCAAAACAACCTAATAAAATAGAGTTTAATGATAGAAAACTAATACTAGATTTTTCAGTTGAATAAAAACAGGATTTTTTATGATTAACAAATTACTAGAAGCAGTAAAATCAAAAAGAAAAGTTTTAATTCAGACTCACAATAACCCAGACCCTGATACTATTGCTGCAGCTTTTGCATTAAAAAACTTACTTACTGCTACATTAAAAAAACGCGTAACAATAGCATATATGGGAGTTATTGGACGAGCAGAAAACAAAGAG
NZ_CP097562.1_gap12	307849	310190	2341	CTGAAAATACTTTTTCAGCAGTCTCCCCTTATATTATAACTATATTTGCAGCATTTAATATAAATATATCAAAAAACAAATTTGGATATATAATATTACAATTTTGATTTGTCAGATGAAATCAATATAACTATAATAAATAGTATGATATTGTCTTAAATAATCTGCAATTTATAGAATATATATATCTTAACAATAAAGTTTTAAATAGTTCATAATTTTTATTTATTAGAATTGCAGAGAATAATATATTAAATTATCTAGTTTTTAGATACTTCGCCTTTCGGCTCAGTAAGACCTGCAGTTTTCACAATATAAGTCATTTTGAGCCTGATTTTTAAAGGCGAAAAATCTATATTATATATTTTACAATAGTGTATGAAATATTTAAAGTATCTAGTTTTTAGATACTTCGCCTTTCGGCTCAGTAAGACCTAGTTTATTTTAAACTCTCTTGATATATTCATTATAATTAATCTAATTGTTTGAACAAGTCAACTTTATTCATACCATTTTGGTTTTGGTATTTTTGTGCCATTAAGCATACAGTATGTGTCTACACTGCCTTTTTCTATATCCCAGCTGTTAAGGTTATATCTAAATGATTTTGCATCTTCTAAAAACCACGACAATCTTTTTATACTTTTTGGTTTCCAGTTGCTTAAATCTTGATTAAAATGCTTGGCACCACTAAACATAGAACTCATCTCTGTAACCTTTGATACATCCCAGTCGCCAATATATTGATTAAAACTTTCTGCTTCCTCAAATAAACTATGCATATTTTTGACTTTTGAAGTATTCCAATTATTTAACGGTTGATTAAAAGATTTATTTCTAAAAAACATAGATTTTAAAGATGTTGCATTTGATATGTCCCAGTCATTAAGTGGCTGGTTGAATGAAGCTGCTTCTCCAAACATTCCTGTAAAGTTTGTTACTTTAGATACATTCCAGCTGCTGATATTTTGGTTAAAAGCATTATTGTTGTAAAACATTGATTCCATATTAGTAACTTTACTGGTATTCCAATTATTTAGTGGCTTATTAAAAGACATGCTTTGAAACATTCTTGACATATTTTTTACTTTTGATGTATTCCAAGAATTAATATCCATATTAAATTTTTCTGCCAACAAAAATAAACAATACATACTTTCTACATTTGAAGTATCCCACTTATCTAAGGGTTGATTAAATTCTCTAGCACAAAAAAACATCATGCTTATATCTTTTACATTTGATATATCCCAGTTATTGATATTTTGGTTAAAAGCAGTTTCTTGAAACATGCCATCCATATATTTTACTTTTGATGTATTCCACATACTAATATCATGGTTAAAGTTTCTGCTAAAAGCAAACATGTGGCTCATATTTTCTACATGACTTGTATCCCATGTTTCTAATCCATCAAAATTCCTGTTACAGTGAAGAAATAAAACTGATAAATCATTAATATTGGAAATATCAATATCTGCTAATGATACATTTTTATCCCTGACAAGCATCATTAATTCCATTTTAGTTTTAGGTATATATTTATCGTTTTCTCTTTCTGGTGTTTTTATCCATGCAGGAACAGTAGGACAGTTTTCAAATTTTATATATCTGCATAGTTTTTCAGGATCTAGAAAATTATACATTTTTTCATTGGATTTTCTATAATCCTTATTTATACTGCTGGTATCCCAGTTATCTATATTTTGTTTAAAGCTTTCTGCTCCGTCAAACATTCCAACCATACATAATACATTTGAAGTGTTCCATGAGCCTATATCTTGATTAAACTTTGACGCATTTTTAAACATATAACTCATATTTATAACATTTGATGTATCCCAGTCACTTATATCCACATTAAAATCTTTTGAATCTGCAAACATATATCCCATATCTTTTACATTTGATACATCTAAACTGCTTATCCATTTAAAAAGAGGACTATCATCGCTAATCTCACTAAAATCAAAGCCATAAAACATTTCGTCCATATATTCTACATGGCTTGTATCCCAGCGGTCTATGCCGCCATAATCTGTTCTACATACTTCGTCATAATGAAAAACATTATCATAATCATCATAATAATCTAATCTCATAGTTTTTGTCTTATGCATGTCCTTAAACAAGCCTGACAAGTCTTTTATTTGTGAAATATCAATATCACCTAAATATTGTCTTTTAAGAGTTATAAGTTTCCTTAATTCATTTTTATTTTTGGGAGTAATTATTACACCTTTACTTTTTAGAGAGTTTGTTTTTCTGTTAAACATACTGTTAATAATAGTATCAAGTTTTTGACCTTTTGCATATCTTGATACTATTCTGTATATATAAT
NZ_CP097562.1_gap13	311229	314632	3403	TATTGTTTGTAACAGGAAAATAAAGATTGCCATTATTACTTGAAAGTTTTATTTCGCTGAACTGAGTGTTGCTTGTATTTAATGTAATATTATAATTATTAGATATTTCTAATTTATATGGATTAGTATTATTATTTGTAATATTTAAAGTTAATGCTGTTGCTCCATTTCCCGCAATAGATATAACATTTGCATTTTGTGTAGTAATATTAACAGGGTTCTTAGACTCCAGCCCAAATATATATAAATCACCTATATTAAAATCTGGTGGTAAAGTAACTCCCGGAATAGATGAACCACCAGAAGTTCCAACTAAATTTACATTGATATTACCATTTAATGCTTTTAATGCTTTTATACTTATTGGACCAGCTTTGTGCGTATAATTAATACTACCTGATGCACTTTCTAAAGAAATACCACCTAATAAGTATGATGTAACATTAATATCATTTAAAGCATTAGCAGAAAAATACATGGCAGAAATATCTGAAATTGATGTTATTGCTCCATTTCTTGATATTAATTCAACACCACTTTGTAGTAAATCTTTTGACATACTGCCTAAATCAACATTAATATTTCCATTAGTTTCAAATATATATTTATCAGCTTTTTTATTACCTAAAAATGAAGAATCAAGTGTAAGCAGATTACTATTATTTTCTATAAAATGTATAGTATTTACATCAATTTTAAGCCCTGCATACTGTTTTAGAGCATCTAATCTGTCAACTGCTTTTACAGTGCCATAAGTGCTTTTAATTGTTAAATCCTGCCCTATTGCATTTTTAGGTATATAACTTAAATTAATAATACCAGTATCCTGTGTATAAGTAGATGTTTGATTACCAAAATATTTATCTAAAACTGTTTCATTTCTATTTAAATTAGTAATATCTAAACTATTGTTTATGCTTTCTGCTGATAATTTTTTTGTATCTACAGAAATATTAACTGCACCATCTGCTTTTAATACAACTTCCTGTCCTGTTACAGCAGCTTTATCGCTTGTAACAGATGTATCCATTGATATACCACTGCCTGTTTTTGTCACTTCTACACTTACATTGTGACCTTTAATATTAGTAATAAGCCCTATATTATCACCAACTAAATTAACATCACCATTTGATGATATATATGATGATTTACCAGTAATATCTAATTTTGTTAATAATATTTTATTCAAAGCATTTGCAGTAATTTCACCTGCAATAATACTGTTATTGCCTGTAATTCCACCACCTGCATTTAATGTAAGAGAAGCAAGATTATTAATATCACCTAATAAATTAATATTATTAGCTGCATCAAGAGTTAACCCATTTGTTCCAGTTAATGTTACACCAGCATTTAATGTAATATCTCCACTGCCGTTACCTTGTAATGTCTGTAGTGTCATATTAGATGTATTAAGCATATTATTAAGCCATGCAATATCAATATAAGTATTGCCATTACTTGATACTTGATTATTTTCATCATCAGATAAATTAGAATAGTTACCAATAAACATATTTGATGGGTCTAATAAAAACTGACCATATACACCATAAAGTGATTTTGTATTAAAATCACTAAAAGCATAAAGAGAATCATAACCGCTTAATTCTATAAAACCACCACTTCCATATACAGATGTTGCTTCAATTAATGCACCACTATATGATTCTGCCCTTTTATGGGATATAAGTTTTATACTGCCGCCATTTCCATATCCAAAGCTGTTTGCCTGTATAATACTTGAATTATTTATTTTTAGTAAATCTGAACTAAGCATATTAATTATACCACCATTTAAGCCGTTTGCATCAATAGTGCCATTATTAATAATATTTGCTGCATTTATATCAACAGAACCACCTTTATCTGCCTGAGATGAAACATTTATTTCTCCAGCATTAACTATCTGACCATTTTCTGCACCTAATATTACTTTACCACCTTCATAAGAGATAGAAGAAGCATCAATAATTCCTGTATTATTAACAGCATGGCGTATAACATCAGAAGCATTTTTTGCAGTCATAACAATAGTTCCACCTTCTGACTGAATATGACCTGCATTAGAGATATAAGCATCAGTTATACCTTTTTCAACAGCTACACCGATTAAATCATTTCCGCTCATATCCATTCTAAATGTTTCACCTGATGATAAATATATCTTGCCAAATTTTGCAGAAATAAGCCCATTATTTTCTACTTTTTTACCCATAAGCACAGCATATCCGCCATCTTGCACTTTTATACTGCCGTTATTAATCACATTACCTTGAGCACCATAAAAATTATGTTTACCAGCAAGAAAATCTTTATCATTAATACTTGCTGCACCTGCTAAAAAACTGTTAGTATTAATTTGTGCACCATTTCCTACTAATACTCCAGCCTGATTTAAAATAAATACATTACCATTTGCTGAAATATTGCCAAAAATATTAGTAGGCAGACCACTTGTAACTCTGTTCAAAATAATACTTGATGATGAATTCTGATTAAAAAGAACACTTTCACCTTTATTAACATCAAAAGAATTCCAGTTTATAATTGCTTTATCTGTATTTTGATTAATAACAGTATTAGAGCCGCTTTGAGAAATATTTACATCACCATACACCACATTTGCACCATTTGGAGCAGCATAAACAGGAATATTAAATAAAAAAACTAAAATAAAAGCTGTGTAATATTTAATTTTAGAAATCATAGCTTATTCTCCCGTATACAACGCCCCAGCCTGCTTCACGATTTTGTGATGACATTAATGGGTAACCATAATCAATTTTGATTGCAAGCCCTTTCCATGGATAAAAACGAAGCCCTGCACCTGCAGAATCAAGAGACGCACTGCCATACCCATGATAATCTGCATTATAATTAAATACCTGACCTCTGTCATAAAATACTAATGCTTTGATATGTGGAATACCTAAATCAAATTCAGCTTCTAAACTAACTCTGTATCCATTATCCCCTGCTTCTATACCACTTTCAAATCCACGGACACTATAAATTCCACCTATGTAAAACCTTTCACCTGAAAAAGTGGTGCCTGATGTCCACTGACCTGAAAAGAATAATCTCATTCTAAAAAACCAAGTAATAAACTGATGATACTCATAATCTAAATATAGTTTTTCATAGTAACCGCTTGCATTAGGGTTAGAAGAATTGCTGCTGTAATGAGAAACTCCATAAAGACCGCTTAAACCTTGAGAAAAAGCAAGAGAATAATACATATTAGCACCAGTCCATGGATAAGCTTCACCATAAAGACTAAGAGATGCATTAGTTAAAATATCCTGAGAATTTTTTTCACCAAGTATTTTATCTGCAGATTCTTTTACACATATGCCAGCACCTAAATTTAAAGTGCCTTTATTTCTTAAAATAATTG
NZ_CP097562.1_gap14	397266	399564	2298	TAAAGGAAATATTATGAAATTTACAGAAGGCGGCTTTAAAAAATGGGGTTATGAAACAGCTGAAACAGAATTTGCTGATTTTACTTTTACTATGAATCAGTATAGCATTATAAAAAATGAAAAAGGTGAAGAGGCTGCCAATGCTGCATATAAAAATGCAGTTGAAAGCGGTAAAATAATTATAAAAGACAATATTGCAGATGCATTTCTTCAAAACACTTTATTAAAACCAGAAGATTATTCTGTAATAGCAACACTTAACTTAAATGGTGATTATGTTTCTGACCAGCTTGCAGCTATGGTTGGAGGTATTGGTATTGCACCGGGAGCAAATATTAACTATAATACAGGTCATGCAATATTTGAAGCAACCCATGGCACAGCTCCAGATATTGCAGGTAAAAATATTGTAAATCCATGCTCTATGCTGCTTTCTTTTGCTATGCTTTTTGAATATATTTTCTGGAAAGAAGTCAGTGAAAAAATTAAAAATTCTCTTGTAGAATCTTTTGAGAAAGGATATGCTACCCATGATTTAGCCAGATTTATGAATAATGGAAAAAGCCTTTCTACAACAGATTTTGCTGATAATATTATAAAACTAATTAAATAGGTGAAACAAATAATGAGTTATGATAGTTTTTCTGAAGAATGTGCTGCCATTAAAGAACATTTAATTTATGATTTATCTGATGCTATGCGTGAAGCAACTACAATGGATTTAGATCTTTTTAAACAGTATAATGTTAAAAGAGGGCTTAGAAATGAAGATGGCACAGGTGTATTAGTTGGTCTTACAAGAATTGGCAATGTTGTAGGTTATCAAAAATCTGATGCTGGTCTTACTCCTATTCCCGGTAAATTATTTTACAGAGGTATTGATGTAAATGATATAGTTTATGCTCTTTTAAAAGAAAAAAGACTAGGGTTTGAGGAAGTATCATATCTTCTATTATCAGGTAAACTGCCAAATAAACAGCAGCTTGAAGAATTTAAAAGCTTAATAGCACAAGAAATGCCATTAGAAAAAAAAACAAGGCTGCATTTAATTGATTTAGAAGGCTCTGATATAATGAATATACTTGCAAGAACTGTTCTTGAAATGTATATATATGATAAAAATCCAAATGATGTATCTCAAAGTAATTTAATGAGACAGTCACTTTATCTTTTATCAAAATTTCCTACAGTTATATCTTATGCATACCATGTTCTCCGTCATGCATATAATGGCAGAACTATGCACATAAGACACCCTAGAGAAGATTTATCTATTGCAGAAAATCTTTTATTTATGATTAAAGGTGAAGAATATACAGAGCTTGATGCCCGCACTCTTGATTTATTATTATTGTTACAGGCAGACCATGGCGGCGGGAATAACTCTACTTTTACCGTTCGTGTTACAAGCTCAACAATGACAGACACATACTCATCTATCGCAGCAGGTATCGGCTCATTAAAAGGACCACTTCATGGCGGTGCTAATTTAATGGTAGCAGATATGCTTGACCATTTAAAAGAAAACATAAAAAAATGGGATGATCAGGAAGAAATAGATGCTTATTTATATCAAATGCTTAATAAAGAAGTATATAATAAAACAGGGCTTATTTATGGTATAGGTCATGCAGTATATACAATTTCTGACCCTAGAGCAATTCTTTTAAAAGAGTTAGCTAGAGATTTAGCAAAAGAAAAAGGTAGAACAGAAGAAATGGACTTTTTAGAATTAGTAGAAGCACGCTCTATTGAAGCATTCAGTAATTTTAAAAAAGGGACTAAAAAAAGAGTATCTAGTAATATAGATTTTTATTCTGGTTTTGTTTATGATATGATAGGTATACCAAAAGAAATATTCACTCCACTTTTTGCAATGGCAAGAATTGTTGGCTGGTGTGCCCATAGAAATGAAGAAATAACTTTTGCAGGAAAAAGAATTATTCGTCCAGGTTACAGCAGTATTGCTCCAGAAAAACCATATATAGAAATACAAAGTCGTTAAATTCATTTATATTACCTTATAGTGCTTTAAGCATTATAAGGATTTTCAGTATCTAAAAAATATATATTTTAAATATATTATTTGCTGCTGTAATAATAGATAATTTAGATTTTTTGCCTTTTAAAATCAGGCTTAAAACAAAATTCTTGTAAGTCCATAGTATCCCAACATTTAATACACTTATAAATATGGGAGCAGATATTAACTATGTTAATAATTTAGGAAAATATATATTTATTATATATTTAAAAATCTTAAATTTTAGAATTTCTTAATTTTATAAAGAATTCTTT
NZ_CP097562.1_gap15	403782	406091	2309	TTAAAATAATTGTAATAGTATATGCAATTTTATTTTTTTTCAATATTTTTATTAAATTATAATTTCGGCACGGTTTATGCTAGTAAATGATTGGAAAAATGTTTCAAAAGCAATTTGGAAAAAATTTCCTATTATTGTAATTATTAAAATGATTAAAGTAATTCATACTTTTGACGAATAAATAACAAAGTATGAGTTCCTTTTATATGGAGGATATATGGAAGGCTTACGAGTAAGCGGCTTAATAAGTGGTATGGATACAGACAGTATTGTTGAAGCATATATGAATTCAGCAAAAGCTCCAATTGTTAAACTTAACCAGCAGATAGATGAATTAACTTATGAAAAAACTACTTATAACAATTTTATCACTATGATAACAGATATTAAAAATTCTATGTTAAGTTTAAAAATGGAATCTACTTTTAAAAGCAAAACAACTTCATCTTCTGTAGAGACTGTGGCTTCTGCTATTGCTTCAATCACTACTCCACCAGGAACATATACATTAAAAGTAGACCAAGTCGCAGAGCCTGCTTATGCTACAAGTATATATACAAACAAAGTTTTATCACAAACAGGAGCAGGTATAAAAAGTTTTTCTCCATCATTCTCACCTTATGACCAGTTGGAAGGAACACATACAGTTAATGTGTATACAGGTTCAAACTATGGTTATAATGATAAATGGTTTGCAAAAGATACATTCAAAGGCAATTTAAATGAAACTTATATGGTAACTCATACTGGTAAAGCGGATAAAACATTAGTAAATGGTAATGGTGAGCTAAATCAAGATATTAAAGGCGATTTTACTTTTGTATATAACTATAATGGTGAGCAAAAAAACTTTACCATAAGTATGGATTATAAAGCTGGCACTTCACTAAATAAACTTGCTTCTGATTTAGATTTGGAAATAAATGCAAAACTTGATGCACTTCATGGTAACAATTCTCAGCAGACTATGAAAGTAACACTTAATTTAGATGATAATGGATTTAATTTCTCCTTTTATGATGTAGATACACAGAATGAAATAGAAGTTTTAGGTTTTGTAGATGCTGCAGATACTGGTGACCCAAATGACCCAGGTTATGTGCCAACCTCTACTTCTAAATTAATTGATGCTTTAGGGCTTAATACCAGATATAAACCACAATCTACTAAAGAAATTACAAATATAATGGTATCAACTTCCTCAGAAAAACTTGGCACAAAATTAAATTCAGCTGATCAAGGCGGTTTTTTTGCACCGGGTAAAATAGAATTTGAAGATGGAAAAGGTCCAACTAAAGGAACTTTTAAAATTTATCAAGATGCATCTGCTGTATGCAGACCAGAAACATATACAACATTTTATGGTGATATATTTGATAAAATAGCAAATGCAAACCCTGCAATAGATAGAGATGAAATAGATAAATGGCTTGATACTAAGATAGGCTCTAAAACAACTGCTGGCAATACCTTTTTTGATGATGGCACAGTATTTAAAGATTTAAATGGTGTATTTTATATAAACGGAACAAAAATAGAAATTGAAGATTATACAAAATATACTCCAAATGAATTAATGGCAAAAATAAACGGCTCTGGTGCCGGTGTTACTATGACTTATGATTATGAAAAAAATATTTTTCAAATCAGTAATAACAAAGGCGGTGCTGTTGAATTAACAATGGGTAATGATACTGACACTTCAAGTTTTTTTAGTGTATTTAAAGTAGGCATAAATAGTGGTGCTACTTATGTCAGGGGGCAGAATAAAGGCACACTTGATACTTCTGCAGTAATTTCAAAACTAGACCCTTCTTTTACATATCCTATAAAAAGTGGGACATTTACTATTAATGGGGTATCCATTTATGTAGATACTAGTAAGGACTCTATTAATGAAGTAATTAGTAAAGTAAATAAATCTGGTGCTGGTGTTACTATGACTTACGACTCTACAACAGATAAATTTTCTTTAACTAGTACAAATGGAGAGAGAATAAAAGTTGGCGGTCCTAATGATACATCTTCATTTCTACTTTCAACTGGATTACTTTATATGCAAACTCAAGAAACTACTATCGGCACAGAAGGTAAAGATGCTGTATTTACAATGAATGGTGTTAAATATACAAGGGAAAATAATGAAGTTAATGATGTAGTGCCAGGAATGTCTTTTACAATTAATACAACAGGCACAACTGTTTTTAATGTAAAAATAGATACTGATAAAGCAGTAACTGCATTAGCTGAATTTGCTGCAAAATATAATAAATTAATAAATGCATTAAACCCAACAGAAATTTCTTATA
NZ_CP097562.1_gap16	598681	600383	1702	TTCTGTGCAATAATAACAGTAGAAACTGGCACTTTCTCTGTAACTTTTGGCACAATAACCATTGGCATTAAAGCAGGGTTTAAAAGTATTGCTTTACAGCCTGCTTTTGTAGCAACATAAAGAGCAAATAAGCCGCCAAGAGAACTGCCTGCAATACATACTTCGTCATTACTATTTTTTATTTCATCTATCAATTTATCAAATAAATCAGATACTTCCTCTGCTGATACATTAAAATCTGGTGCGGATATATTTTCTGCTCCCAAAATTTCACGCATTGCTTCTGCTTTGCATGCACTTGGTGAGCTGCCATATCCATGAAAATAATAATATTTCATATAACACATCCTACTTTGCTAAAGTTTTTAATGTTTGATATAAAAGGCTGGCACCCTGCTCTATATCTTCTTTTAATATCTCTTCATTCTGGTGGTGGCTTACACCACTGTCATTTTTTACAAATATCATACCACACTCAGTAATTTCTGCCATATTCATTGTATCATGACCAGCACCACTGATTGTATGCATATAAGGAATATTTAACTCATGACATGATTTTTCTATAATATCAGAAACATAATTATTTAACATACAAGGTTTCTCTGAAGACATTAACTCTATTTCACATGATACCTTATATCTAAGAGCAATTTTTGAAGATTCTGCTCTTATTAAACCAAAAAATTCATCTATTGTTTTACTGTTTATACCCCTTATATCAATATACATAATTGCTGTGCCTGGCACTACATTCATAGCAGAAGGAAAAATATCAAGCTTTCCAACAGTTGCAATAGCATTTCTTTCATCATAAGCAAGTGATAAGTTACGAACAGCAAGCACAAGTTCACTGGCTATAACAAGAGCATCTTTCCTATACCGCATAGCAGTAGAGCCAGAATGAGCTGCTTCCCCATGAATAATCACTTTAACTCTTAATGGAGCAGCAATACCATCTACCACAGCTACAGGCTTATTTTCATATTTCATTTTTTCACTTTGGTCTATATGCAGCTCAACAAATGCTTTATACTTATCCTTTTCTACAACACTTTTATGAATATCATAAAAATTATAGCCTGCTTTTTTCATAGCTTCTACAAGGGTTATGCCATTATTATCAACACTTTGCTCCCACTGCACAAAATTATCCAGCTTTCCTGCCATAATTTTGCTTCCCATAGTAGCATGACCAAAACTGCTTGATTCTTCTGCCTGAAAAACAATTAATTCTAACGGATGGCATATTGGAATATTTTTTTCTTTTATTGTTTTAATAGATGCTAAACTTGAAACAACACCTAAAACACCATCATATTTACCACCGTTTGGAACAGTATCAATATGTGAACCTGTGCCGATTACCTGCCCCACTGCTCCAGCAGGCTTATATAATGCAAACATATTGCCAAAAGTATCTTCTCTATACTCTAATCCTATATCATCTATCAGCTTTTTAAGATAAGCTCTTGCCTGCATATCACTTTGTGAAAAAGCATGCCTTGTAATGCCATTTAATGTCATACCTATCTGGCTTATTTTATCTATTACATCTAAAATCCATACTGTATTCATCGGCTGCCACTTCCTTTTACTGCCAGCATATTTATTAAATGTGCCTGATTTGCTGCCCCAAAACCATTATCTATGTTTACTACACTCACTCCTGATGCACATGAGTTAAGCATACCAAGCAGTG
NZ_CP097562.1_gap17	606016	608651	2635	TGTATTTCATTATATCATACTGAGCTTTTGGAAGTATTTTAATATTATTCTTTTCAGGAACAAACTGTTTTATTAATTCATCGCTTATATTATCTGCTTTGCTTATTACAAAATCTATATCATCATACTCCAAAGCTGCATCAATAAAAGCAGACATAAGTGAAGATATTTCTCTTTTTCTACTGCCGGGAAGTATACCAACAATCTTCCTATTGCCTGAAAAAGATAATGTTTTCAAAAATTCATTTTTATTTGAAAAATTAAATTTAAAATTATCTATTACAGGGTTACCTACATATACAGCATTAACATTTTCTTTTTTAAAATATTCCATTTCAAAAGGTAATATTGAAATAGTTAAATTGCAGTATTCTTTTAATGTGAATATTCTGCTGTAATGCCATATCCAGAATTGAGGTGCTATGAAATATATTACTGGTATATTATATTTTTTCAATTTTTTTGCAAACCGCAGATTAAACCCCGGATAATCTATTAATATAACAGCATCAGGTTTTTCTTCTGCAACAGCATTTTCAAGAGTAGAAAACATATTAAAAATAAAAGGAAGTTTTTTAAACACTTCAACAAACCCAATAATTGCCATATCTGAATCAGTAAAATATTGTTTTTGTCCTAATGATTTTAAATTTATACCGCCAGTGCCTGAAAATTCTGCATTTGGATATATTTTTAAAAGCTCCCTTGCTAAATTTGCACCATGAACATCACCTGATGCTTCTCCTGCTACTATAAAAAATTTCATATTATTCCCCAGTAGATTTTATCTGCCTGCATATATTATTATATTATTATCCACTTTATCAATAGATATAAACTGTTCTTTTACCATTGTGCCTGCATAAAGCCTTATTTCTGTAACTTCTGATTTAGAAGTAATTATAACCTGTTTAAAAACTGAGCCTTTTAAGAATTTACTGTATGGTATGTTCTGCAAAGGTTCATACCTGCCCTTTAAAATAATAGTTGTATAATATGGTGTTATATTTGATGCTGTTATATCTATATTTTCTGAAAATTCCAGCTTAATTTTTCGTGTTTTTAATGTTTTTTCTTCATTAATATCTGTTAAATACATTTGACTATCATTATTGTCATTAGAAATAATAATATTTTTGCCATTGCTGTATAAATTATGGTTTTTATAATTTAAAAAATAACGCACTCTTTTAGGAAAGCTCAGAGAAACAGGTGCTGAAACTGAAAAACATTTATTACTGTGAATATAATTTTGCTTTAAAGAAATATTATAAATATCTATATATTTCCTGCCGTTATATAAAACTCCGTTATAAAAAACAACTGCTCCATTGCTTTTTATAACTGTTTTATCATTACTGCACACTGTTTCTTCAATATATTCTGCTTTTTTTTCAGGTATATTTAATGAAACATTCTGCTTATATGTAAAAGAACTGCCATTTTTATTTTGAGTAAGGCTGCCCTTTGATGCAAAAAATAAAAAAATTTCTTTATCATTTTTCTTAATTACTGGCAGATTTTTTTTTGCTTTCTTTTCTACAAGCGGAGTAAATGCAGCAAATGAACCATTTTCAACTTCTATTTTCCAAATATTTTCAGGCATTTTTTTTATAGTATATTTACAGCCGTTATCCTGCATAGAAAGATTAATATTATCATTATTTTTACTTACTAAAAGTGATGATGAAATACACCCACTTTCCTGCTTTACTGCACAAGATGACATCATGAATGCTATGCAGAAATATAAAACAAACTTCATATAATTAATACACCAGCCCATGCAGAGCAAGCCCTAATACTACAGAATAGCTGTATTTATCTTTCTGCTGCACTTTGCCTGTATTTTCTGGAAGCACAATAAATTCCCAAGGGTTAAGGTATTCAACAGGCACACCATATTTTTCACGCAGAGATTTTTCAAGCCCAAAAGTCTGGCATGCACCACCTGAAAGATATATATGATTAGGCAGAGAGCCGCCCCGTAAAAGATAAAACTTTAATACATAATCAATTTCCTGAATATATTCTATAGAAAAAATTCTATCTAATGTAGTGCGGACTTTTTCAGGCTCAGAATATTCTTCTGGATTTATTTTAATTTTTTCAGCTGTTGCATTATCTACATCTAAATCATGCTTAATAAGGTCTGTAAAATATTTACCACCACGGCTTACTTCCCTGCAGTAATCAAAAAAACCATTTTTCATAAGTATAACAAATGAGCCTATATAACCCACATGTAAAATAAGCTGTATTTCTGAATTATTTGTTTTTTTAAGAGCTCTAAAAAGACGGACTATTGACATAGCTTCTGATTCTATAGCATAAGTCTGTAATTTTGCTGATTCTATTACAGAGACAAAATCTGTTATAATATCTTTTTTCGCAGCAGTCATAACTATACTTGTATGGTTATATAAGTCCTGAGACGGCAGAGTTTCAAAATCCATACACATTTCTTCAGGCTCAACACAGGCATACTGGTCTGCTATCCAGCGAAATTCTTTTAAATCACCTAAACTGTCATTATTTACAAGCATTTTACGCACAAGCACTGATGGACCTTTTAAGGCAACAGCTACTGTTCTAACAGGAAAAGAAGCATCTATTGTTTCTAATATTCTGTTTA
NZ_CP097562.1_gap18	610030	613792	3762	AGTGCTTGTTTCTATATGAGAAGAATCACCTAGATTATTTAATATATCATTATCAAAATATTTCAATATAATATCTTTTATAAAATTAGCGGTCTGCCTGCCACCACCGCCAATGGAAAGTGTTACTATTTTATCATCCATAATACACCTATCTTAAAAATTTGTAATAAGCTGCACATGTTCCTTCACCAGAAACCATACATGGACCAACAGGGTCTTCTGGAGTGCATCGTTTTGCAAAAAGAGGACAGTCCTGCGGCTTGATTTTGCCAGTTAAAACCTGCCCGCATTTACAGCCTTTTATCTCTGTAATATTTTTAGGCTTTAAATCAAAGCGTTTTAAGGCATCATATTCAATATATTCCTGCCTTATTGCAAGTCCGCTTTTTTTAAGCTCGCCAAGTCCACGCCAGAAAGCATCACTTTCATAAAATACTTTTGCAAGTATTTCCCTTGCATTTGCATTGCCAATATCTGGCACAACACGCCTGTATTTATTTACTATATGAAAGTTTTTATTATTTGCCTGTTTTACTATTTCATACACTGCATCAAGCATTTCAACAGGCTCAAACCCAGCCACAACAGCTGCTTTGCCTGCTTTTATTAAAGGCTCATATAACTGCACACCTGTTACTGCTGTGACATGACCGGGACACAAAAACCCATCTAAATACATATCTTTATCGCTTAATATTAAGTCAAAAGCTGCAGGCATTGTTTTACAGAAAGATAAAACAGATAAATTTTTTAAACCTTTTTCTTTTGCTTCCATAATTAAAGCAGCAATAGTTGGTGCTGTTGTTTCAAAACCAATCCCTAAAAATGTATAATGTTTATCAGGGTTATCTTCTGCCAGCTTTAAAGTATCAAGTGGAGAATATACCACATTTACATCTGCTCCACGGGCTCTTTTATCAATAAGAGTTTCTCCATTGCTTCCGGGAATACGGAGCAAATCACCAAAACTTGCAACAGATACACCACAATCAAGCAGCTCAAAAAATAAATCAATCTCTCCCTGACTTGTAACACATACAGGACACCCCGGACCTGAAATCAGTTCCACATTTTCAGGCAGCATACTTTTAAGCCCAGAGCGGGCAATAGCCATAGTATGAGTGCCGCATACTTCCATTATTTTATATGTTTTATGAGTATCTGCTTCCTTTTTTATAGACTGACTTACTTTTAAAGCAGTTTCTTTATCTCTAAAAGGAATGTTTGGATTCATCTGTATAGTCCAGTAAAAATTCTAATGTTTCTTTTGCTTCTTTTTCGTCTATTTTAGAAATAGCAAACCCTGCATGAACAACAACCCAGTCACCTGCTTTTACATCATCACCTAAAAAGATAGTGGAAATCTCCCTTTTAGTGCCAGCAACATCAACAGTTGCCACATGCACATCTAATTTTTCAATTAATCCCGGAAACCCTAAGCACATAATCACTCCCTTTATCTATTATTTGATTTTCCTTTAATTACTTCTGCCAGTTTAATAAAAATACCAATTATTACACCAGATAAAAAGCCGCCAAAATGCATCCAGTATGCAACATTTGATATACTTATAAACCTGTTTTTAATACCAATATATTCCTGAAAAGAATGAAGGTATTTATTTAAATTAAAAAACTGCTCACTATACCATAATAAAAGCTGAAATATTAAAAACAGTAAAATAATAATAACTGCAGGTATATTTCTTATTATTGCATATATTAATAAAAATATAAATGTTTTTATTTTTGAAAACGGGAAAAATATTCTTAACTAACAGGACAAATGTTACACTTTTAGTAAAAAATAAATCTTAACTTAATATAAATCAAGCAATAATTTATTTTCAATAACAATCTCATATGGAGATTTAAAATTTAAGCATGTTTTAGCAGTATTATTATATCTATCTTCATGCTTTTTAAGAGCCTTAATTAATTCATCTTTGGAATAGAATTTATTATTTGCATATAAAATTTTTCCATCCTCTCTATGACTTCTTTCCACCTTTCCATTCTGCCAAGGTGAATAAGGTCTTATTCGTTTAATAGTATATCCTTTCTTTTCAGCTGTCTCTTCAAAATAGCTTTTCTTGTTTGTAACTTCCTTATCATTTACAAACTCATAGCCATTATCCACTTGAATTGTTTTTAGTGGAAAGCCAAATTTACTTTCCAGTTCGTCTAAAAACTTACCTGTTTCAAATGTGCTTTTTTCTTCTACTATTTCTAATACTCTCATTCTGCTGTATTCATCTATCGCTGTTATCTGATAATATTTTTTACCATAGCTGGAAAACATTATACATTCCTGTGGAACATATTTTATATCTATCTGAACCTTGTCGCCTATATACTGACCTGTTATTGGTTCATATCTTGTATAGCTCTTTTTTGACTTGTTTAATGACTTTAAGCCTTTCTTCCTTATCTGCATACACATACTGCCAAAACTACGATTATAACCAATTTCTAGAAGTCTGACATATACCTCCGCATTACCATACAAACCATGCTCGGCATATGTGTTAAATATTAAATCAAGCTCTTCTTTACTATGCTTATTTGGACTGTTTCTTGGTCTACGACTTTTAAAAGATAAACTCTGAACTGTTCCATCATATTTCTTTAAATGCCTGTATACAAACATACGGTTCACTTGATATTTGCGGGCTGCTTTCGTTGCTCCTTTTTTTAATGCATACTCACATAACCGTTGACGAAATCGCATTTCTTCTGTTATTATCACTTTATTCATTGTGATACCTCTTAGTTTAGTTTAGTTTTTTGCTTAATTTTATACTATATACTAAGAGGTATTTTTTTATACTTATTTTTGTAACATATGTCTCATAATCTTACATTTATTTTTGAAAACGGGAAAAATATAATAAACAAACCCATAATACCTGCAACTGCACCACTTGACCCTATTATAGGATATTCAAGAGAAGGCATCATAAATGCTTCAGTAATTGCAGCCATAACACCAAGCACAATATACAGGCATACAAATTTTACAGAGCCAAGATATTCTTCCACATTTTTACCAAAAATATATAAAAAATACATATTTACAGCAGTGTGTAAAAAACTGCTGTGTAAAAACATATATGTAAAAAAAGATGACATTTTTTCACTGATACTCACTATCTCTGAAGGCATGGAAAGCTTTAAAGGCAAAAAACCGTGGTCTGCAAAAAGCAGCCCGTGAAAATTAATACGAAAATATATATAAATAACTATATTTATTAATATTATAAGCCATACACCATAAGCAAATCTTGTTACTGGAATATTTGTTTTTAATGGAAACATAGCTCCTCTCATTATTTTGAAAAGTATTATAGTAGTTTGCAAACATAATTGCAAACAGTTTTATAAAAAAGAATAAATGAAATGAAAAGGCAGATAAAACCATCTGCCTTTATAATATAATTGATAAGTTAAAAAATTTACTATTTTGTTCTTGTATATGCAACAGGACCGCCTACTCTGCCCCATGGGTCTACATGGAAGAATAATGAATTGCCTCCGCTGTCTTTAACATAAACTCTAAAAGCCTGCATACCTCTGCCAGCTTTATTAAAAGTTTCTACTGATTCTATATAGTAGCCTTTTAAGTTCTGTATATATTTTTCAACAGCATTTTTTGCCTGTTCAGCAGTAATAATCACTGGCTCACCCACAGCCATACCTTTTTTGCCTGTTTTTGGTCCATAAACACTGCTTGTGCATAATGGACAGTCTGGATATGGGCAG
NZ_CP097562.1_gap19	634198	639161	4963	ATAATCATATTGCTCTGTAAAATTTGTTTTAATATATTCTTTATATGGATTTTTATCTGAAAAAAAATCATCTATACTCTTATGGTCACTCCATTTATTACATGGGGCAATTTCATTAGATGGATATTTAAAATCAAAAAAACAGGCAGGATTGATTTTTTTATCTAATCCACCTAATCCTTCTGCACCTATACTTCTTATTTCTATATGTAAATGTGGTGAATCTGAACCTTTTGCATTTCCACTAGAACCTGTATAGCCGATTAAATCGCCAGCTTTAACTTCTTTTTTAGTTCCTATTAATTTATGGTCAAATTCTTTTAAGTGACAATAAGAAAATGTATATACATTATTATCTGTTTTATAGCCATTTCCCATAAGTTTTTCATAAAGATTTGGATATAATAATTGATATTTTTTTCTTTTATCCTATTTTTATATATATCTAACCCTTTTTCTGTATTAATTTCTAGAAATATTCTATATCCATAACCATAATTTTTTTTTCATCAGTATAATTATAATGTATAATTCCATCCATACATGCATACACTGGTGTTCCATCTAATGCAAATAAATCAAGCCCTGTATGTATTTTACCTCCTTTTTCTCTCATATTACCAAAAGCTCCATGCGATGGCCGGTATTGTTTCATATTAAACAAAGCAATTTCCATTTTATCCAATGGGTCACACCAGTCTTTACTATATTTCACTTCCAGTTTTATTGGTACTTTACCATATACTTTATATAATTTATCTTTATAAGTATTATCTATTATATTATTTAAAGCATTAAAAAAATTATCTGCTTTTTCAGATAAATCTATACCACCATAGATTATGTTTGATGTCATAAATTTATTATAATGACTTGTAACATTCATAATATAATCTTTTATAGTAATCATTGTATTAAATGATTCTTTATCTGTAAAATCAATATTATAGTGTTCAAATATATGCATATATCTAGAACCTTGAACATTTAAAGCTTCTTTTAAAGCATTAGGGTTAGTTTTTATATCATTTGCCATGATATAATAAGAACCCTCTGGTATTGTATTAGTAGCTTTATCATCATAATAGAACTTTTCACTTTTTTCAATATTTAATGTATTACCTGCTGAATAACCAGGATAATGTACAGCCTTTAAATTATCATTTAACATATTAAGCGATATTGTATTATTATGCTGTATTTGATTATCACTTATAGTCTGGTTGTGAACTTACCCAAAAATTTTGAACTAAGCCACTAAATAAATTTCTTTTTCCTGTAAAGGTGTAAGTCCATTAGCTTTTATTCTGTAATTATTATAGAAATCAATATATTTTTCAAGTTCATATTTAAACTGTTCTATATTTTTGAATTTGTTAATATAAACCAATTCACATTTTAAAGTAGCAAAGAAACTTTCCATAACAGCATTATCATAGCAGTTGCCACGCCTTGACATACTCTGCTCTATATTATTTTCCTTTAATAACTTTCTAAATTGATTAGCCTGATATAATATACCCTGGTCTGAATGTATCATTAACCCTGTTGTATCTTTTGTTTTATCTATTGCCTGTTTTAAATTATCTATTACCATTTCTTCATTATTATATTTGCTTACACTGTATGCTGTTATTTCTCTGTTATACAAATCCATTATTGCTGATAAATACACCTTTTCATTATTAATTTTTATCTCTGCCACATCTGTTACCCATTTTAAACATGGTCTCTCACTTGTAAAGGCTCTGTTTAATTTATTGCTGCATATATGACTTACTCTGCCTTGTTTATACCTTTTCTTAACCCTGATTAGTGATGAAATATTTAATTCCTTCATTAATTTTGCTACTGTCTTCTTATCATAAGTATAACCCAGTTTCTCTAATACCTTTGTTATTCTTGGATAACCATAAGTCTTGTTAGATTTTTCATATATTTCTAATATAGATGCCTTGACTTCTGCATATTTATCTAATGCAGCAGGCTTTTTAACATTATAATAGTAAGGGCTTCTTTTCATATTACTCACAGACAACAGGATATCCAAACTGTAATACAGCTCTTTTTCAAGCTCTGCTATTCTTGCTTTCATTGATTTGTATTCTTCACACACTTCTGCTTGATTATTAATATCTTTTACAAAGTGAAGATGTCTATTATTCGGGCTCTTATATGACATATTATCTCCATTATAATTACAGCAGAAATTATGCCAATCATATATTACTGATGATGATGGTATATTAAAATGTATTGCTGTCTGCTCATAACTTAAATTATTTGATGCCTTATAAGTTAACACATTTAATTTAAAAGCTCTACTATATTCATTGCGGGTAAAGATATGATGTAACCTTGATTCGCCTGAATGCTTATATCTGTTATAGATATTACATATTACTCCTTTATGGATTTTACAGCATCTTGATAATTCACTGACACTCATTATTCCATTTTCTAATATTGTTACTAGATATTTCTTAAACTCATAGCTATATTTTCTTGCCATATACACTCCTTATATGGCTCGTCCAACTTTTTTGGGTAAGTTCAAAAAATCTAATATATAAGCTGTAGTTAAAATTGTATATTTATTCAGGCACTATAATCTATAAATTAAAGGCTTCCATAACTATGCAGACCTGAAAATAATAAATTAACCCCTAAATATGTAAAAATAGTTACTAAGAAGCCAATTAATGCGATTGATGCTGCCATTTCTTTTGACCACCTGAGAGAATATCTTCCATGTAAATATATACCATATATTACCCATGTAACAAATGCCCATGTTTCTTTTGGGTCCCAGCTCCAGTATCTGCCCCATGAAGTTTCAGCCCATACAGCTCCAAAAACTAAACCGCCTATTGTAAATATTGCAAAGCCTGCTGTTATAAATTTATATATTATCCTTTCAAGCATATCTAAATCAAAATCTATATTTTTAAATAAATTTTTAATAGAAAGACCATAAATAAAAAACAGGACACTAAAAATTATCATAAAAAGCACATATAATATATTTATAAAACTGTTTGTTCCAAAAACTTTTATTAAAATTAAAAATATTATAGATGCAGAAGATAAACCTAAAACTAATGTCCATATAATATAATAGTAACTTTTTCTCATCTTTGATACTTTTATTAAATAAAGCAAAGCAGCAATAGCAGAGACTGCAAAACATACATAAGCTGTAAAACTTAATGATACATGGGCTAAAAGCCAGTTACTCTGCAAAGCTGGAACAAGTGGGTTTAAATTAGAAGATGCTCCTATTGCATTTATAAAAAGCACTGTTGCACCACATAAGGCAAAAGCAAAAGCACCAAGAGATTTATTTTTTGTTTTAAATTCTAATATAACATAAAAAACTGCAAGTAAAAGAGCAAAAAACATAAGCGATTCATAAAGATTTGTAATAGGAACAGCTCTTAATATACCACCACCTGCAAATTCATAAAACTCTGCCCATCTCATAAAAAACGAAACTATGTGAATAAATGTGCCTATTACACCAGCAGCTGTTGCTGCAATACCAGTATTTTTATTTTTAAAAATCAAATAAAATGTATATAATACCATAGCTAAAATATACAATATACCTGCTATGCCAACCATCTTATCAGTCATTACAGTAAGAATTGATGCTGTATTTTCCATAATAGCTGTTTCTCCTTAACTTATATTAAAATATTTATAAAATTTATCAGCAGGGTTTACAAGCGGGAATTTTCTGTGAGTAAAAACTTTATACTTTAATATTCCATTAGAAACTGTAAAAATAATGGCTGTATAGTTTAAAAGATAAATAAAAACTACACCAAAGCATAACAGTATACCGCCAAAATATACAATGGAAATGCCCGGATTATATTTTACAGAAAAACCACTGTATACTACATCTTTTAATTCTTTAAACTGAAAAGCCATATTAAGTGGCTCTACATAAGTAGGCTCTTTAGAATAAAGCAGCAGCCAGCCACCCATAAGCCCCCTGCCGTCTTTATCATATACAGCTAAATATAAAGCAGGATTTGAAAGATTATATGATTTATTATAATATTCTCCTGTCTGGCTGTTGTAGGCAATATCAGAATAAAAGTCCCTTACTACTATTTTATAATCATTAAAATCATAAGCCTTGCCATATTTTAAACCCACTGTTTCTGATTTATTATCTTTTGATATTAATACATTCATAACCATATCATTATGTGGTGACTGACCATAACTCGCCTGATAAAAAACTACATCTTTATATTTTAATGGGTGATTTACATTAATATCTACATTTTTTACTTCGTTATCATTTTCTATAAGGCTGATATTACTTGTAAATGCTTTTGCAGTTTTTGAGCCTTCATAAAATTCAATATTAAAATCATTTAATTTAACAGCAAAATTTAACTGTATTTTTTCACCATTCTGTTTTTCCACTTCATTTAATATTTGGTTTTCAAAAACAAGCATAGAGCCAGAAAAACCCATATAATGCCCTATAAATGCACCTATCATAATAAATATTATACCAAAATGAGTGATTATTACACCATATCTGCCCGGTTTGTGATGTTCTGCTTTTACTAAATTATTATTTTCATGGCTTCTACTGACATGCCAGCCTTCTTTATAAAAAAAGTCTGTTACCGCTGATATATCATCTTTAAAAGCTGCTTCATTTTTTAATGCACTTTCATCTATAAAAGGAAACCCTTTTTTTGCAAAAGGAAAAAGTTTAAATGTGCATATAAGCAGATTAATTGTAAAAAGAGAAAGTAATGTAATAAATAATGGGCTTGTATAAATATTTAAAAGTCCAAGTGTAGATACAAAATCTCTAAATTCATTTGAAGATGTATCAAAAAACAAAGAAACTATAAAATTATACTTAATTTTATCAATAGAAGCATCTGAAATAATACTGCCAATTATAGATAAAATAATAAGAGATATAATT
NZ_CP097562.1_gap20	642319	644638	2319	CTGTTGCATACTATGGCTCTGGTCAATGCACAACAGAAGAAAGCTATACTTTTAATAAAATATGGAAAGGCGGCTTTGGCTCAAATATGATGGATGGTAACCCTAGGTTATGTATGGCTTCTGCTGTTGCAGGCTACCTTTCATCATTAGGTTCAGATGAACCAGCAGGTGCTTATGAAGATATAGAAAATGCAAAATGTATATTTTTAACTGGTTCTAACACTTCAGAAGCTCACCCTATTCTTTTTAGAAGAATTGCAAGATATAAAAAAGAAAACCCTAATGTAAAAATAATTGTATGCGAGCCAAGAAAAACTCAAACCTCAAATATTGCTGATTTATGGATGCCATCGCTTCCTGGAACAGATTTAGCAATATTTAATGGTATGGCTAGAGAAATTATTAAAAATAACTGGCAGGATAACGAGTTTATCTCTAAACATGCAAGATTTACACAAGGAGATGGCTCAAATGTCTCATCTTTTGATGAATATATTAAATTTATAGATAAATATACTCCAGAATATGTGGAAAAAGTAACAGGCTGTCCAGCTGCATCTATTAAGCAGGCTGCTGAATGGTTTGCAAAAAGCGGAGCTACAATGTCACTTTGGTGCATGGGCTTAAACCAGCGTTCAAATGGTGTATGGGCTAATAATCTTATCCACAACCTTCATGTTATTACAGGCAACTTTGGAAAACCCGGTTCTGACTCTTTCTCTTTAACAGGTCAGCCTAATGCATGCGGCGGTGTTAGGGAAACAGGCTCTCTTTCTCATCTTTTACCAGGGTGTAAACCTGTTGTAATTGAACCATGGAGAAAACATGTTGAATCTTACTGGAAAGTTGCAGAACACAGCATAAACCCAGCTAAAGCAATTAATCCAAAACCGGGATTTCCTGCAGTAAAACTTTTCTCAAGTTTAGGTGGTGAAAATGAAAATGATAAACCTGTTAAGGGTATTGTTATATCTACAACTAACCCAGCACAAACACTGCCTAATTTAAATAAATTTATACCTAATATAAAAAATGCTTTTACTGTTGTTATAGATATTTTCCCAACAAGAACAGCTCAGCTTGCATCAGTTGTTCTTCCTGCTGCATTTTTATATGAAAAAGGTGGTGTATACGGCTGCTCTGAAAGAAGAAGTTTCTTAACAGAAAAAGCTGTAGAAGCACCTGATGGCACAAAACCAGACCTTTGGATTGCCTGCCAGATAGCTAAAAGAATGGGACTTGAAAAATTTATTGCATGGAGCAATGAAGAAGATATAGTTAAAATGGCAGAAATGGCTTGGAACGACTATACAGGCTGCACAGCAAACAGTGAAAAAACACTTGCTGGTGCAACTTATAAAAGACTTAAAGAATCTACAACAGGTGTTCAGTGGCCATGTCCTTCTGAAGACCATCCAGGCACATATAAAAGATATGTAAGGGGGATGGACCCAATTTTTGATGACCCTAAAAAATATGGTTTAAATATACCTGCTGATGCTGATATGTATTTCTATGGCAGACCAGATGGTAAAATTAATGTGTTTATGCGAGATGCTGAGCCAAAAGACAGTGAAAAAATTTCAAAAGAATATCCATTTTTAATGACTACAGGTCGTGTTATAGAACAGTGGCATACAGGAACTATGACTATGCGTATACCAGAGACTGCATCAGCTCACCCTAACTCATACATTGAAATACATGTTCAGGATGCGAAAAAACTTGGACTTTCTCAAGGGGATATGGTAAGAGTAGAAAGTATCCGTGGCATGAATATATTACCAGTAAAAATAGTTAATATGACACTTGAAGGTGTATGTTTTGTGCCAATGCATGACCAAAAAGGTAATCGTATGGTAAACTTTATATGCAGTGATGTAGTAGATGCTACATCAGGTGAACCTGATTACAAAGTGTCTGCTGTTAAAATAGTTAAAATCAGCGGACCTGAAAAAGTTGATGATAGATATGTAGTTACAAAAGAAGAGCTGGATAACCCTACATTCAGTTAAACCACCCATATTACAACTACCCTGCTAAGTATCCCTTTACTTGGCAGGGTTAATATTATAACTCTTATGGTGATATATGATTATTGCAGCAAGTGTATTATATTTTGATGAAAAAAAATATGATGAAGTTTTAAAATTATTAGAAAAATATGATAATATAGAAACTCACCAGCAGGATATAGAAAATGGAAAAATGGTTATCACTATTGAAGCTGAAAATAATAAAGCTATAGAATATATAGAGCAGGATTTTATTAAACAGGATTTTATTGTAGATTTAGCCCATTTTGCTTTTCATTTTGGT
NZ_CP097562.1_gap21	663247	665068	1821	AAAAATCCTGATTTTATAAAAATGGCGGCTAATAAATTTGGCTCTCAGGCTGTTATTGCTGCAATAGATGCTAAATCAAAAGAAGATGGCTCTTATGAAGTAGTTATTGCTGGCGGCAGAAAAAGAACAGGACTTGATGCAGTAATGTGGGCAAAAACTATGGAAGATTTTGGTGCTGGAGAAATACTTCTTACAAGTATGGATAAAGACGGTATGAAAACTGGCTATGATATAGAGCTTACAAAGGCAGTAAGTCAGGCAGTAACTATACCAGTAATAGCGTCAGGCGGCGTTGGCACTATGGAGCATTTTTATGAAGGCTTTAAATATGGTCTTGCAGACGCAGCCCTTGCTGCAAGTGTATTTCATTTTCAGGAAATGACAATATTAGAAGTAAAAAAATATTTAAACAATAAAAATATACCTGTTAGATTATAGAGGATATAATATGGAAAATATACTGCTTATACTAAACGAAACAATTAAAGATAGACATCAAAACCCAAGCCCTGCTTCTTATACTACTACATTATTTGAAGGTGGTGCTAACAAAATCATAAAAAAACTTGGTGAAGAAAATGCAGAGTTTATTAAAGCATTTTTAACAGAGCCACCTTATGAAACAGCAGCAGAAGCAGCAGATTATATATATCATTTAATGGTTGCACTTCGTTTTAAAGGGATAGACTGGACTGATGTTTTAAAAGAACTTGAAAAAAGACATGCACTAAAAGGAGATAAATAATGAGTGAAAAACCATGGGCTGGCAGATTTAACCTGCCTACAGATATATTTGTAGAAGAATTTAATGCATCTATCTATTTTGATAAAAGATTATATAAGTTTGATATTAAAGGAAGTATTGCTCATGCTGTAATGCTTAGCCGTCAAGGAATAATAGCAGAAAGCGAAGCAAGAGCAATAGTATCAGGTCTTGAACAGGTGCTTGATGAAATAGAAAAAGGTGAATTTCATTTTGATATAGGCGATGAAGATATACACATGGCTGTTGAAAAAAGACTTACTGAAATAGCAGGTCCTGTTGGTGGTAAACTGCACACTGCACGCAGCAGAAATGACCAGGTAGCTGTTGATGTTAGAATGTATGTTATGTATGAAGCAGAAACTGTAAAAGCATACCTTATTAACCTAATAAGAGTGCTTGTTGATAAAGCAGTGAATAATATAGGTATAGTTATGCCGGGATTTACTCATTTGCAGCAGGGACAGCCTATTTTATTTTCCCATTATTTAATGGCTTATTTTCAAATGTTTAAAAGGGACTTTCAGCGTATAAATGATTTAATGATTAGAGCAAACTACTGCCCATTAGGTGCTGGTGCTCTTGCTGGCACAACTTTTCCCATAGATAGAAACTACACTGCAAATACTCTTGGTTTTTATGGACCTACTGAAAACAGTATAGATTCTGTGTCTGACAGAGATTTTATTATAGAGTTTTTGTCTGCTGCAAGTATCTGCATGATGCATTTATCAAGGCTTTCTGAAGAAATAATACTTTTTTCTAACCCTGATATTAATTTTGTCACATTAACTGATGACTACTGCACAGGCTCATCTATTATGCCACAGAAAAAAAATCCTGATATTCCAGAGCTTATTCGCGGCAAAACTGGCAGAGTGTATGGCTCTCTTATGACAATGCTTACAATTATGAAAGGGCTCCCGCTTGCATACAATAAAGATATGCAGGAAGATAAAGAGCCGCTTTTTGATGCTGTTGATACATTACTTGCTTCACTGAAAGTTTTTGCTCCAATGATAGAAAAAATGAAAGTAAATGTTGATAAAATGCAACAG
NZ_CP097562.1_gap22	737609	741117	3508	ATTACTTCTTCAAAGTAGCTTAAATATTCATCTACACTTCTTGTATTGCCGTCTCTTGTTGTAAGCATTAATTCAACAGACGCAAATGAGTCGCTGTCTGCTGAGCGGATAGTTGGTTTATCCATATCATCAGGATACCCTTTAACTTCATCAAGTTTGTTTGATACAAGAAGTATTGCATCATCAACATTAACAGATAAATCAAAAGTAAGTTTTACATTACATCTGCCTTCCATAGCAGCACTTTCAAACTCTATCAAGCCCGGTATACTTTTTAATACTCTTTCCTGCCTGTCTATAATTTCTTTTTCCATATCATAAGGGGATGCACCTGTCCATGTTGTGCGAATAGTAATCTGCGGATATTCTATATTTGGAATAAGACGGTATGGCATATTCAAAGCAGCCTGCACACCAAAAAGCACTACAAAAAAGACTGCTACTAATACTTTTACAGGGTTCTCTAATGCATATTTAATCATAATATCAGCCTATTTTAGAAGTTATTTTAATTTTTACACCATTATTTACTGCATTATTGCCGTCTAATACTATCTGGTCATCTTTCTTTAATGAGCCTTCTGTTACAGAGCTTACTGCTGCATAGCCACCGTTATAGCCTATTATTTTCACTGGGATAAATCTTACTCGCTCATCTTCTGATACTTTAAATACTCCCTTAACACTGTTTCGCTCTACAACAGCATCTCGCGGAACTAATAAGGAATGGATTTTACTGCCTGATGGGATTAAGGCGATTACAAAAACTCCTTCTTTTAAATCTGGGTCTTGACCTAAATCTATCCTTGTTAAAAATAATCTGGTGGCTGGGTCACCTTTGGAATTGATAGATAACACTTTGCCAGTATATTCTTTACGGCTTGTCTTAACTGTTACTGACTGACCAGCTTTAATATAGGGAAGCACTGTTTCTGGAATATAGACTTTTGCTTCATAAGTCAAGGTAGCTACTCCTGCTACTACTCCGCCAGAATTAACCCATTCGCCAACTTCCACATTCTTACTAATCACTACTCCTTTTAACGGGGATTTGATTACCATTTTATCTTTCTGAGTCTCTAACTGCTTCTGCTGTGACAAGGATGATATATACATACTTTGTGCATTTGTGTAATCTGTTAATGAGTCTTGATATTTCTGCTGAGATATGGAATGCTGGTTATATAAGGCTTTATTGCGGTTAAAATCTCTTAATGCTTTATCTAAATTAGATTTTGCCTGCTTAGTAGATGCTTCTGCACTTGATACACTGTAACTTAATAAACTGTCATCTAAACTTGCAAGTGGCTGACCTATCTCTACTGCATCGCCTTCATTTACATATACTTTTAATACTTTGCCTGCACTTTCTGCTGCTACTTCTGAGCTTTCACTAAAATAGGCTGAACCCGTTATCATCATTGTTGGAAAGCTCATCCCTTCTGACACTTTCTCTACTGTTACTAATACTACACGCTCTTTACTAGATGATATGCCTGATGGTTGTTTTTGTGCTGATACTAAAAATGGAATAAAAAGAAGGATAATTAAAATTACTAAAAAGCACTTTTTCATAAACAGCCCCATAACACTGACATATATTTTAATAGATTATTACTATTAGTAAAAGTTCAGCAATTTTGCAAGCCCAAATTAAAATATAAGCAGTGTTATGAAGCATAATCATACATTTTAAATTATAAAATTATCGTAATACCCTCATAGAGTTTAATAATGCAAGTAAAGCAACACCTACATCGCCAAATACTGCCATCCACATTGAAGCAATATCAAATAAGCCTAAAATTATAAACAATGCCTTAATACCAAGGGCAAAAACAATATTCTGCCATATAATTCTTTTTGTTTTTTTAGCAACTTTTACTGCATCTGCAAGTTTAACTAAAGAATCATTCATTATAACAACATCAGCTGTTTCAATAGCTGCGTCACTTCCTGCTGCTCCCATAGAAACACCAACATCTGCCATAGCAAGAACTGGTGCATCATTTATACCGTCTCCCACATATAATGAATAACCGCTTCCTTTATATTTATCTGCAAACTCTTTAAATTTTACTGCCTTGTCACTAGGCAGTAAATCATAATAATATTCTTTAATACCAGTATCTTTTAATGTGGTTTCTGTTGCATATTTATTATCTCCTGTTAAAACAGTAATGTTTTTAATGCCTGTTTCATACAGTTTATTAACAGCTTCAATAGTATCATCTTTTAGTTCATCGCTTATTATAATATAGCCTGCATATTCTTTATCTATTACCACATGGGCAACACTGCCTAAAATATTACATACACTTTCATCATGAATAGTATTTGTAAAGTGCAGCAGGCTGTCGTTTCCTACCATTATTTCTTTATCTTCTATAGATACTTTTACTCCCCTGCCGCTTATTTCTTCATATTCATTAATGGAATAATTAATATTTCCTGCATAATCTACAATAGAGCGTGCAATCGGGTGGCTTGATTTACTTTCTGCAACAGCAGCATATTTAACTATTTCATCTTCAGAATATTTACCAAAAGATTTTACTTCTGTAACTGTAAAAATACCTTTTGTAAGAGTGCCTGTTTTATCAAATGCAACAGCTTGAATATTTGATAATGCTTCAAGATAATTTGCACCTTTTATCAATATGCCTTTTTTAGATGCTCCACCAATGCCGCCAAAATAACCTAACGGAACACTGATTATTAATGCACAAGGGCATGACACAACTAATGCAACTAATGCACGATAAAGCCACTGACTAAATGAGCCCATATCTAAAAGCGGCGGCACAACAGCTATTATAAAAGCTGTAAAAAACACAACTGGTGTATAATATGATGCAAATTTTGTAATAAAATTTTCAGTTTTTGCTTTATTTGCAGCAGCATTTTCCACCATATCTAAAATTTTTGATGCTGAACTTTCTGCAAATATTTTTTCCACCTGCACTTCAATAATACCTGTTAAACTTATCATACCAGATAAAACTTTATCGCCAATTTTAGCACTTCTTGGAACAGATTCGCCTGTTAATGCTCTTGTATCAAGAGATGTTTTTCCTTTAATAATTTTGCCGTCAAGTGCTATTTTTTCTCCAGCTTTTACAATTATAGTTTCGCCAATATTTATAGTTTCAGGGTTAACTCTGCATTCTTTGCCACCACGCAGAACAACAGCATAATCTGGGCGTATTTCTAAAAGTGAATGAATAGAACGGCGGCTTTTATGAACTGCCAAATCTTGAAAAAACTCACCAGCTCTGTAAAAAAGCATAACTCCAACAGCTTCTTCATGGCTGCCTATTGCCCATGCTGCAAGTGTTGCAAATGTCATAAGAAAATTTTCGTCAAATATTTTACCATGACGAAGATTTTTTATAGATAGTAAAATTACATCTTTACCTGCAACTAAATAAACTATTACTAATACTGCATAACTTACATAAGACATGGGTGGTGTTTGAAAAGTATGCAGCATATAAAACCCTGCTCC
NZ_CP097562.1_gap23	810315	814668	4353	TTTGTTCCAAATATATACAAACTCCATAGGGCGAATACCTGCCTTGTGAAGTATATCTTCATCAATTGTAACACTTCCATGATAATGCAGTGCACTTTCTGTTATTTTTATCCCATGCAGTTTTGCAGATATAACTTCAATCAGCTCCACTAATAAGCCTCCAAAAAATATAGTAGAATAGGTATATATTAAATTGTAGAATAAATCAATTGAAATAATTACAAATTTATATTATAGATTACTCTGGGGGAATTATATGGAATATATTTCTGATTCATACTATATACTTGCATTTTTAATTGCTGCTTCATTTTGTGCAGGCTTTATTGACAGTATTGCAGGCGGCGGCGGGTTTATCCTTGTGCCTGCTTTAATGCTTGCTGGTCTTTCTCCAACTATGGCAGTAGCTACAAATAAACTGCCTGCAGTATTTGGCACAGCAACTGCCGCATATAACTTTATCCGCAGTAAAACTGTAATATGGCCTATTGCATTAATTGGTCTTGTGTGTGCATTTTTAGGCGGGATGGCAGGCTCTCATATAAACTTAGGGGTTACTCAAGATACTCTAAATAAAATCATTCTTTTTATTCTTCCTATTGCTGCTATTGTAACATTTATTCCTAAAAAGAATTTAAAACATAATGTAAAAGATTTTTCCAGAAAGGAGCTTTATATTGCTGCACCATTTATCACTTTTGTTTTAGGAATATATGACGGCTTTTTTGGTCCTGGAATGGGAACATTTTTGATTATAGCATTTTATTCAATTCTTGGTATGAATATGGTGCAGGCTTCAGCTGTTGCAAAGATAGTAAATTTTGCTTCAGGTGCAGGTGCATTAGTAATGTTCTTAAAAGCAGGACAGGTGATAATATATATTGGCATACCGCTTTTAATAGCTAATGTATTAGGCAGCTATATAGGCAGTAAAATGGCTATTAAAAACGGGCAGGCTTTTGTTAAAAAAATATTAATAATTGTATTTATTGTGATGTTTGTATCACTTATTATTAAAATTGTTAAAGCATAAAATTTGCAGGATTTTTGATTTAGACTTACACAAAAAATTAGACTAATACATATAATGAATACTGCAATAAAATAAAGTAAATTAGGTCATACTGAGCTTGGTTTAAAGCGAAGTATCTAAAATATATAAACTGCAATAATTATAAAAATAGTATGTATAATTATTGAAATTTATACTATATAGATTTTTCGCTTTGCTAAAAATGACTTACTAGTGTGAAAGATGTAAGTCATACTGAGCTTGATTTATAAGCGAAGTATCTAACATATATAAACTGCAATAATCATAAAAATAGTATGTATAGTTATTGAAATTTATACCGTATAGATTTTTTGCCTTTAAAAATCAGGCTCAAAAAGACTGATACACAAAATTACTGGATTCAAAAAATAACAAGTTGCATAAATAATTATAATATTATTTAGCTTAATGGGAAGATAAACTTCCCATTAGGCTTATATACTTATTTCACTCTGTTTGCACTGCCTAAAACATTTTCGTTTTTAGCTTTATATGCTTTTACAAGTTCGCTTCTAGCATTACCTAAATATTTTCTAGGGTCAAATTCACTTGGTTGTGTAGCAAGTGTTTCTCTAACTTTTGCAGTGAAAGCAAGACGACCATCAGAGTCAATATTAATTTTACATACTGCTGATTTAGCAGCTTTTCTTAACTGGTCTTCAGGAACACCAACTGCATTTTCCATTTTACCACCGTATTTATTGATTAACTCTACATATTCAGGAAGAACAGAAGAAGCACCATGTAAAACAATAGGGAAGTTTGGAAGTCTTTTTTCACATTCTTCTAATATATCAAAACGAAGTGGTGGAACACTTTCGCCCGGTTTTAATTTAAATTTGTATGCACCATGTGATGTTCCAATAGATATTGCAAGCGAATCAACACCAGTGCGTTTAACAAAATCTTCAACCTGGTCTGGGTCTGTATAGTGAGAATGTTCGCTTTGAACTTCATCTTCTATACCAGCAAGCACACCTAATTCACCTTCAACAGTAACATCAAATTGATGAGCATAATCAACAACTTTTTTAGTTAATGCAACATTTTCTTCATAAGGCAGATGAGAGCCGTCAATCATAACTGATGAGAAGCCTTTTTCTATACAGTCAACACAAAGCTCATAGCTGTCTCCATGGTCTAGATGCAATGCTATAGGTATGCTGCAGCCTAATTCTTTTGCATATTCAACTGCACCAACAGCTAAATATCTTAAAATTGTTGCATTTGCATAATTTCTTGCACCTTTTGAAACCTGCAGTATAACTGGAGATTTTGTTTCAGCACAAGCCTGAATAATTGCTTGAATCTGCTCCAAATTGTTAAAGTTGTATGCAGGAACTGCATAACCATTTTTCATAGCGTCTGCAAACATTTCTTTTGTGTTTACAAGACCTAATTCTTTGTAAGAAACTGCCATTAGAGTATCCTCCTTTAATTAAAAAACATTGATACATTCATTTTTATTTCATCAAGTTTTATTTTTACACCATCAGTATTATCATAGCCACAGTTTGGTATAACAAAAGTAAAAGTTTTTAATCCATATTGCTCAAAAAAACCTTTTGCCCAGTTTACTGCCATATTTCCATGGCTTCTGTCTGCTGATTTTTGAGTTAATATAAAAAACATTTTTTTGCCTTCTTCAAATTTAGTTTTACGCTCTGATGTTTTCAAACAGTAAAATCTGTCTGTTAAAATCTTTGCATGGCTTGAAATAAAACCCATAATATTTGGGGAAATAAGAATAATTTTATCAGCAGATAAAAGTTTAGAATAAAGCTCAGAAATATCATCTTTAATAACACAAAAACTGTTATTAATTTTACAAGAGCGACAGGAAGTGCATGGCTTTATATTAAGCTCTGCAAGATTTACTACTTGACAGCTATCTCCATACTTTTCCTTTAAACTTTCAGCTATAAATGTTGAATTGCCACTTTTTCTAGGGCTTGCATTAATTATTAATATGCTCATAATAAGTTATAGTATTATATTGTTTAATATCTTTCAAGATATATTTTATCTTAAATCAAAATATTTCACTACATTTATTAAATTGATGACTAGAAGCCTTTTTAAGATATATAAAAAAAATTACTTAGTTAAACTGTTTAGACAGAAGTTATTTTTTATATTTAGAGTTTATAGCATCATCTTGAACTTTTGACTGACTCATAATAATAGCATTTCTATTTTCATATTCTTCTATCATTTTAGAAAGCTGTTCAAGCTCATCACCTTCTGGCGTGCCAGGAACTGCATGAAACATTAGTGTATCAACTCTATTCAAGGCTGATAAAAACTCTTTTTCATTGTTTATTCTTTTAATCATACATCCTCCTTATATTATTTTATTACTAATACACCATCAACAGGTATATCATTTGAAACAGGTATAGGATATGAACCAAACCTGTCTGTATATATAAACCCACCGTCTTCCTGTGGATAATAAATATACTTTAACACTAAACTTTTACATTTATCATAATCTATTTGAAAGACTACATTTTTGTAAAAGTATGCTTTTAAATTGCTTAGTGAATGAATATCTGTGATTATATTCCCATTATTATACTCACATTCCATAGACATATTTAAGTTTGTCATAAATGTGCTGCTTACATTTTTAACTGTGGAAGTTATATAGCCATCTGTAGTGTTATAATATACACTTATATCCATATTTCTTATATTATTTTTATACAGGCTGTCTAGATTATCATAACCAAATAATGTTCCAGAACAGCCTGTTACAACACATATAAGCAGTATAATAATATAATTATTTATTATCCTCTTTTTTCTCATCATTTTCAACAGTTTCTGGTTTAACATCTACAATATTTTCATTATCATCAGATTTCTTTTTACCAAATCCATATTTTAAATTGCCTTTAATAGCTTCAACTTCTGCTTCCATTTCTTCTATTTTTTCAGAAATCTGCATAATAGAGCTGTATTCTGGCTCAAAAAGAGATGCATCTATTTCTCCCTGCTCTATAAGTTTAAGCAGGCGTTTGCTTATTTTATGCATCTTCTCATTATAAGTTTTATTAAAAGAATTGATTTCTAATTTTAAACGAGAAATTTTGTAAACTTTTGCTGTTTCTTCTGTAACATTGTTAAGTGTTTTTGCAAACCAGTCTTTTCCTTCAGATTTATCCATAATCAGCCTCCTGTTATTTGACCTACTAAATTGGTTATTCTGCTATTCATCATATATAATAATACAATTAATGTAAAATTAATTGCAATAGAAATTATTAGAAGAAACACAAGCATATTAATAACTG
NZ_CP097562.1_gap24	890297	892699	2402	CAACCATATCACCAGTGTAACCTATCACAACACCAATTTTTTTGCCTTTTAAATCTTCAAACTTTTGAATATCTGAACCATCTGGCACAATAACAGCTTGTTTTGATACAAAATAAGGCATGCTGAAATTTACATGCTGGCGTCTTTCGTCAGTTGCAGTCATACCGGAAATAATACAGTTGATTTTACCTGTCTGCATAGCTATTAAAAGGCTGTCAAAAGCCATATTTTTAAATACTACTTTTTTGCCAATGATTTTTGAAACTTCATTCATTAAATCTACATCAAAACCAACAATATTGCCCTGTTCAATATATTCAAATGGCGGAAATTCTGGGTTTGTCCCTACAATTAATGTATCAGCAGATGCTGCATCATTTTTCTTACAGCCAAAAAGCATAACTGATGATAATACTGATACTAAAATTAATAACAATACTTTTTTCATATCTTCTCTCCAAAATTTTATTTTAAAAGTAAGTAATACATTAATATTGTAATTATGTCAAAGAGTAAATGAATAAAAGAGAATATAATCAAATTTAGAATACAGCTGCTTATCTCATAATAATCTTTATTTATAAGCAAAGTATATAAATAAATAATCTAAACATATTATGTTCTGCTGTAACAAGAAATAACTTAGATTTTTCGCCTTTTAAAATCTCAAAATGACTGATACATAAAATTTCTGGGTAAATTCATTTTAACTGCTGTATTTTTCCTGTAATTTTTTGCATACTATTTCTGGCACGAGTTTAGATACATCACCTTTATTATATGCTATATCACGCACTATTGTTGAGCTTAAAAATAAATATCTGCTGCCTGGCACCATAAAAATAGTTTCCACATCATTATTTATACTTCTGTTAGCAAAAGCCATTTGAAACTCATATTCAAAATCTGAGACAGCTCTTAATCCGCGGATAATATACATTGCATGCTTTGATTTCATATAATCTACTAAAAGTCCATTAAATGATTCTACAATTATGTTTTCATTTCCTGCAAATACTGCACTTATCATATCTACCCTTTCTTCAAGAGTAAATAAATGCTTTTTATTAATATTTTCTGATACTGCAATATAAAGTTTGTCACAAAATTTTGCTGCACGCTCCACAATATCTTTATGTCCTAATGTAAAAGGGTCAAATGAACCCGGATATATTCCCGTCATATACTTACTCCTTATTATAATGCAGAAATCTTATTATAGTATCTCCATACCTGCGTTCATCTATTATCTTAAATTTATCATGATTTATAAATTCTGTTTTATAAAATTCTTCATAAAGTATTATGCCATCTTTTTTTAAAAGATTACTGCTGCTTACTGCTGCAAGTATTTCATTAGTCTTATAAATATTATACGGCGGGTCAAAAATAATTAAATCATACTGTTTGTTTAATGTGCTGCATATTTTTAAATAATCGCCTTTATATATATTATAACTTCCTTTTTCCATTAAAGCAGTGTTTATTTTTAATGAAGAAATATCTTTATCTATAAAATCAATATGCAACGCACCTCTGCTGTATGCTTCTATGCCTAATGCTCCAGTGCCTGCAAAAGCATCTAATATTTCAGGATAGCACTGCATATCAGATATTATGGAAAATACTGCGGAACGAAGTTTATCTGTTGTTGGTCTCACTTTTGAGCTTACAGGCGAATGAAGCTGCCTGCCCTTTAATAAACCGCTTACTATTCTCAAGATAATTTCTCCTTACTTCTATACATATATCTTTAAAGTCACTTTCTTTTATATCAGAATATAATTCATAATTTCTGCTGAATAACTTTCTACCTGTTTTTTTAAAGCCTGAATACCGCACATGACCGCCCATATCCATATATAAAAGCATAATAAATGTTTTTACAATATCGCCAAATGATTTATGATATGCCCCAGCTGCAATCTGACTATTTTCTGCTGCATTAACTGGCAGCCCCATACGGATAACCTGCACATTTTCTGCTGTAAAATGAGCATACATTCCACCTGCTGCTAAAATCATATCTGCTAAATCTGCTGCCTTATATTCTCCACTTAAATACATACCATAAAGGGCAGTATTTTTAAACACCTGAGTTGGATATATTCTTGCTGTTTTTATATTTTTTTTAGCAAGCAGTGCAGCATCATCAATGCAGGAATATAAGCTCTGTTTATACATGCCTGCCATAAGCTGGACACCACATTCTGTAATATTTAATATATCATCTACTGCTTTTTCTGCCTGTATGTTTGTATAAGGTCTGCCGTTTGCTTTTAATACTTTATCATCAAGGCTTTGTATTCCAAGCTCCACAAGAGATATATTATAATCTTTTATCTCTGCAAGTGTTTCATTATTTATTGTATCAGGTCTTGTGGAAAATCGGATTTTACTAA
NZ_CP097562.1_gap25	975063	979842	4779	GTTGATGCAATACGCGGTGCCTCTGATTTTGCAAGTGCAAGCATTGCATTAACATCATTTTCTGATATAGGCACAGGGTCAACACCACCAACAAAGCCTGTAACTTTTGGCAGACTTTTTACAACATGCCATAAATTTTTATTCATTTCCATATTCACTAATATATAGCCAGGAAATGTTTTTTTCTTACTAACTTTGCGTTTACCGTTTTTAAGTTCTACAACATCTTCTGTAGGGATTAAAACTTCGCCTATTTCTTCTTCTAACCCTTGAGTCTGCACTTTATTTTCTAAAAGAGTTTTAACATGCTTCTCAAAGCCAGAATATGTGTGAACTACATACCATTGTTTTGCCATAGAATTAACCTATTATCTGCCCAGCAAGTCTTGACACTATCGCATCAACAACTCCCAAATAAGCAGTAATCAAGCCTACTACAACTACAACAACTATAGATGTGGATATAGTTGTTTCTCTTGCAGGCCAGTTAACTTTTTTAAGCTCATCCCTGACCTGATTGTAAAATGATACTGGATTAAAACTTTTCACAATAAGCCTCTCTTAAAGCTGATGGCAGACCAAGAGGGATTTGAACCCCCAACCCCCGGTTTTGGAGACCGGTGCTCTGCCAATTGAGCTATTGGTCTATATCATCTAAAGCTTCCTGCCACCAATATGGCAGCTAAAGCATATTTATATCTTTAGCTTTTGCAAAAGATACTCGGGCATAAATACTGTATTTCTAATATCAGACTTATACCATTATTCCACAATGGGAATCTTAATGTGGTAACACCACTAAAAACTTAAATCAATTATCTGCTATTTAGTTTCTTTATGCAGAGTGTGTTTTTTGTCAAACTTGCAGTATTTTTTGATTTCAAGTTTGCCAGTCATAGTTTTCTTGTTTTTAGTAGTAGTGTAATTACGACGCTTACATTCGCTGCAAGCAAGAATGACAATTTCTCTCATTGAACCAAACCTTCTTTTTTTTAGCGCCGTCATACCATATAAGGCTCCCGGCTCCCGCTCGATTTGGAGCGGTAATCATTATGCTTATACACTTACATTAAAAATAATGCAAGTATTTTTTTAATATTTTTAAATTGATGCATAATAAATCTGCATTCTATCTTTATTCAAATAAAAGCCCGAACCCGGAATTGAACCGGGGACCTCGTCCTTACCAAGGACGCACTCTAACCGACTGAGCCATTCGGGCAGTTCCTTTCCGTTTTTGGTTTATATGCTTTTAATTGATAAGCGGGCGACGGGATTTGAACCCGCGACCCTCAGCTTGGAAGGCTGATGCTCTAGCCAACTGAGCTACACCCGCATAACAAAGATGGTGGGGAGAGGAGGATTCGAACCTCCGAAGGAAATTCCAGCGGGTTTACAGCCCGCCCCCTTTGGCCACTCGGGTATCTCCCCGTAAAAAATCACCGCCTTATTATAGGCGGGTCATTTATAAAAAGCTGGTGATAGGAATTGAACCCACAACCTGCTGATTACAAGTCAGCTGCTCTACCGTTTGAGCTACACCAGCATATCGCTTTATTAAGCGGAAATAGTTTATACTCTTTTCCGAAATGTTTGTCAAGAAGTTTTTTAAAAAAATTTATTTTTTTATTCACTTTGCTTGACGAAAATATTTCTACATAATATTTAATTGTTTGTCAATAGATTTTTTTATATTTATGTTATTTTTTGTAGATTAGAAATAAAAGTATTGATATTACATTATTTTATTGGTATAGATACATACCATTTAAGGAGGTATTAATGTTCTCCCTGTTTAGTAATATATTAAACTACTTTTTTATTAATTTTTATGCACAGGTAACTCCTGCGTATGATGCAGCAAGCAAGCACTTATCATCAAAAGGTATACAAGGTCAAGATTTACTTGTATTTATTATATTTGGTATAATTGCAGGCATTTTTATTATTTTTTTGATTTTTGCTTATTTTAGAGAAAGAAAACGACCAAGATATTAACAGCATATATGTACTTATGTGAATCTAGTCTGCATTTTTATTTTTTAATTTTGTTTTTTTATGAACATGCAATATATTAAGTTTTATTTTATAAATTATCTTTGATTTACTAATATATTACAAAAATGTAATTTAAACATAATCTTTATTTTTTTCATATATCTTCAAATGAAAATATATGAAAACAAGTATATTTTTATTATAGATAGAATATCTGGTGCATGTTTTGCAGGTATTACTCTAATGGCAGTAATGATTACTGCCATAAAAACTTGTCTGCTGGTTTTATATCAGCAGTTATATACAGCTTGACTGTGTATATCCTTTTTTAATTCTGTAAATTACTGCACTATATATTTCCTGCTAATATAGTGATGATAACATTAGAGACAGTCTTTTAAGAAAGCATCTATAAATAGTCTGTTTAACTTTCATATACACTTTTACTGCAAGTTATAATTATTTACTGTATTATTAATAAATTTATTTCTATGTGTATTTCTAAAAAAAGCAAAGTTAAGCCATAATGATTAAAATATGATATTTAAACTAAAGATTTATGCCTTTTTATACGATTAGTAATTAATGGGAGTATATATGGAACTAAACAATATTAACAACTTTAACACACTAGATATATATAGTAATAAAATTGATTCATCTGATATTCAAGATAAATTTAATAAAACAGATACAAATGCTGTTACCTCTTCCAAAAATAACCCTCAGTCCTATAATATTGATATTTCTTCTAATGCTGCACAAAAATCAAAAGAACAGTCATACTATCATTCATCTAATTCTGATACATCAAACGGTGTTCAGGCTATTAATGATAATTATATGACTGAAATTGTTAAAAAATCACAGGAAAAAACAAAACCTGACTGGGTAGAAATGGATGATGTTTCATGGGGACTACTTGTAGAAATGGGTGAACAAATTGGGCTTACTGATACAGAAAAACTTGCAAAATTAACAATCAAAGATATTGAAGCATACTTTTATACAAAAAATATTATAGAGCGTGGCAAAAACCTTTTAAAAGATAATTTAACTGCAAATGAATATGTAGAATATAAAGATAAAAAATTTGATTCTAAAAGCTACTGGGATAATGTATTTGATGAGAATGGGAACAAAAAAGATTATAGCATATATACTGTAAACCAGTCAAATACTGGTCTTTCACTTTCTTATGCAGAGTTTTTCTCAGATAAAGGAAATATTAAACTTAAAGACCTTTCTGCAGCATCTATTCATAATATTTTGATTGCAAATGAAAATAAAGATACTGCATTATTTACCTATGCAGTTGATAATGCAGCTATTGCAGGCAGTAAAAAAACTATATATGAAAACCAAAAAGAAATGATAGATTATTATAATACCATGCAGGAATATGCAGCAGGTGTGCCATCTTTATATGAACAAACTCAGATTATGATAAATGTTTTAGAAAGCAGCAGCCTTATGCACCATATAATCTAATAATCACTTTTCAATTAACACTTTATTTGAAATATAAAAAGCTGGATATTTGATACTTTCTATATAGTTTGCATTTTTTAAATATACTAAGAAGCAATACTTATGCATTTCTGCCATGCTTATATTACAAATACCTTGCATTTATGCTTATTATGGCATAATTGTTACAGCTTTATCAGACAGTCATGCGATGTATAATTATCATTACAACAAAAATCTAATATAAATAAGATATAATTAAAATTATCAGAATAATATCAGATATTTAATACAGATTGTTTATCATATTCCAGACATTTTGGGTAAAACTTTATGTATTTCATTTTCTTATGTATATTGAAAACATATTTTATTTAATTTTATATCTGTTTTCATAGTCTTCTAAATAATTATTTATATCTTTTATTATGTTATAATTAGGATTTTTTAAACTATTTACACCAAGTATATTGTATTTTAATTCATTATCAGAATAATCATTAATAGACTGCATTAAATCTTCAGTAACTATTTTTAGAAAATATATTCATATCATAATCTATTAAGATGAATTAATGCAGGAATTTGAACTCTTGCAGCTTAATTAAACATATTGTTTTTTACAATATTATTTTTTGTAGATTAATCTTCTTCATTTTTTTCTACCTGCCTGTATGTATCCAGCTTTTTACCATCTTTATCATACCAGTCAGACCAGCCATTAATTGATTGGTTCATAATCACTACACCTGCAAAACTTGGAGTGCATTCTCCTAATTTTGTATCTTCTAATAATATTCCTTTTTCATCAAACTTCATACTCTCTCTTGCTGCTTTTGCTTTTTGTGAAACACCCTTATCTTCATTAATTCCTAATATACTGCCCTTTGACAGTGTCCAAAAACCATTTTTTATAACAGCTGTTGCCTGAACTGTTTTTCCACCATCAGATGATTTTTGTTTTTTAAAGTAGTATTCTCCATCTGGAATAAGCCTGCTTTCTCTATTTTCAGTTGCATTGTCAAATATTTCTTCTTTTTCTTCATTTCTTGGAAATATTACTTCACCATCAAATGATGACAGTAACTGTATTGCAATGTTCCTATCAAGTGCAAATAATTCAGTATTGCCTATTCTATTTTTATCAAAAATCGTCTTTAACATGATTTCTTTTTTATCATATTCATCAACTTCTATGGCAAATTCTCTCTTTAAACCAGTAACATTACGGTATCCGTTGGATTCTAAATAACGCATTCTCTCTTTAAATTGTTTTGTTTCGGTTTGACCTATTTTAATCAATCCATCAAC
NZ_CP097562.1_gap26	992211	993252	1041	TAAATGCACTTCTACAGGGTATTTTTGGAAAAAACTAAGAGAAGTGTTGTCTAAATCAGGCAGCACTCTTTTATAGTCATCTCTAATGTAATCCGGCTTAATATACTGCGGAAGATTATCATTTTTTTCAGCCTGTCTTGAAATGAAAAAATCATAAGCATTAGGCAGGGAGTATTCTGCAGCATAAGCAGAAAGCGAAAAAAATATACAGCAGAACAAAATTGCAGACAGTGTTAATCTCTTCATAAAAACTCCATTATTTTAAACATAGGCTCTCATTATATATATTAAACAAGTAATGTCAATATATTTTACCATGTATGTAACCCATTTTGATAATAATTTTTGATTATCATTGACATGTAAAGATAAAGGGAAGCAGGTTCAGGATGAGCTCTCTGAAAGTAAGTAAGTGAGTGAGCATTTACTGCGACCAAGCGTAGTTTTTCAAATTCAAAGACGAATTTTAAAATAAAGGATAAATTAAGATACTTCGCCTAAAAGGCTCAGTATGACATAATCGTAATAGTTATTATCATGAACAAGTTGTTTTATACTTATAGTTATTATGCTGAACTATATTATAGTTATTACATTGAACTTATTGAAAAATACCTGCTCTTATAAGCAGGTATTTATATAATGATTACTATTAGTCAATAGTAAATGTTGGTTTTGGTGTATTAATAGTAGAAGCAGGAAGAACTGGATATTCCACTTTTGGCATTTCACCAGTAGTAGTTTTTAAGAAAGCTACTATTTGCTCTATTTCTTCATTAGATAATTCAATACCTAATTGAGAAGAGCTCATAACTGCAACTGCTTCTCCTAAATCCCATACTAAACCAGAATGGAAATATGGAGCAGTGTATTCAACATTTCTTAAAGTTGGTGCTTTAAATGCAAATTCATCACCTTCAGCCTCACTGATACCAAAACGACCTTTGTCGCCAGCTAATAATCTTGCTTCTGGAGTTTCTTTTAAACCAAATGGATAGTAGCCGTCGCTTGTTAAGTTAATACCTGAATGGCATGAAACAC
NZ_CP097562.1_gap27	994904	996387	1483	TTTGGTATTGAAAGCCTGTTTATCTCACCATTATCAGATAACTGCTGTAAATTTCTATATACTGTTCCCAAACTAAGCTGTGGGTTATCTTTTTTCAAGTAATTGTAAACAAACTCTGCTGTAGGATGCACTTTATTTTCTATTACTGTTTTGTAGATAAGCTCACGCTGGCGGGAATACTTTGAAATTGCCATATTACCTCCAGAGATATGTTTGTATTTACTTTTCAGCCACCATATAATTTAATGCATGTAGCACAGCACTATTTTATATCAATATTAGTAATTATTCTTATTACTATATTTTTTATATATTGTCAAATATTTTCTATATTATTTTTAAATTTTGTAAAATCTAAAAACGAATTTACCCTAAAATTTTATATTACAGTCTTCCATTTCAAGCCTTATTTTAAAGATGAATATCTAAATTATATGTATTAACATATCGCATAATAACTTTAAATTATCTTATTTTGTTATATACTTTGCCATTCAGGCTCAATATAACATAACAGAAGTATTTATATTTTAAATCATCCTTTATAATTGTCTATTATTATCAGAAGCAAAAATCTGCATAATAAGTTACAATTAAAATTGCAGACTTTTTTAACATAAACTAATATAAGAAAAAACATATATGGAAATAGCAAAATAATAAATGCTGCTGAAAAAATAATTCAGTAATATAATATATACTTTTCCTGCTTATTATTTAAATATATAATTTTCTTAAATAAAATTACTTTATTTATTTAATACTTTGTCTAAAAATTCTTTTGCTCGCTCACTTTTTGGATTTTCAAAAAAAGTTTTAGGGTCAGTATCTTCTACTATTTTGCCGCCATCCATAAAGAGAAGCCTGTTTGCAACATTTTTTGCAAATCCCATTTCATGAGTAACTATAAGCATTGTCATACCTTCTTGTGCTAATTCTTTCATAACATCAAGCACTTCTTTAATCATCTCTGGGTCAAGAGCACTTGTTGGCTCATCAAAAAGTATAACTTCAGGTTCCATAGCAAGAGCTCTGGCTATGGCTATACGCTGTTTCTGACCGCCAGAAAGTTTGTTTGGATATACACCTGCCTTTTCTTCAAGCCCTACTTTTTTCAGCAGTTTTTCTGCTGCTTCTACTGCTTTTGCTGTTGGTATTTTTTTTACAAGAGTAGGTGCCAGAGTAATATTTTCAATAACTTTTTTATGGGGGAAAAGATTAAAATGCTGAAATACCATTCCCACTTTCTGCCTTACAGCATTTATATTACACTCTGGCATCATTATATCTTCATCATCAATAAAAACATGACCAACAGTTGGCTCTTCAAGTTTATTTATACAGTGCAGAAGTGTAGACTTGCCGCTGCCTGATGGTCCAATTATTGCAATAATATCTCCTTGATTTACCTGCAAATCAATACCTTTTAATACATGCAAATCACCAAAACTTTTATGAAGGTTACTTATTTTAATCACTTTCT
NZ_CP097562.1_gap28	1005055	1007982	2927	CCAAGTCCTAAAAGCCCTGCAAGCATAATATCGCCAGAAATACCAGAAGTCATATCCAAATATAATTCACGCATATTATTTTACCAGTTTATTTCCTGCAGGACAGTATGCAAATATTTTACATTCATTGCAGTTTGGTTTTTTAGCAGTGCAGAAATATCTGCCAAACAGCACAAGCTGATGTGAAAGCTCTGTCCATCTATCTCGCGGAAATATTTTCATTAAATCCTGCTCTATTTTTTCAGGGTCTGAGTTTTTTGTAAGACCGTATCTATTAGATATTCTTTTAACATGAGTATCTACAACCATCCCCGGCACTTTAAAAGCATTGCCAAGCACTACATTTGCCGTTTTTCTTCCTACTCCGGGAAGTTTTACAAGGCTTTCCATATTATCAGGCACTTTGCCATTATGTTCATGTATAAGTGCATGAGACATACTTTTAATATTTTTAGCCTTGTTTTTATAAAACCCAGTAGAATGTATTAATTTTTCTATTTTTTCTATAGGTGCTTCAGCCATACTTTCTGCATCAGCATATTCTGAAAATAATAAAGGTGTTACTTTATTTACCTGCTTATCTGTGCACTGAGCAGAAAGTATTGTTGCCACTAAAAGCTGAAATGGGTCATTATATGTAAGCTCGCAATGAGCCTCTGGAAAAAGCTCTTTTAAATATTCCATAAACGGAGCTAAATCTTTTTTACCACCCATCTTATAAACCGTATTCTTTCCAGCGTTTTGTTACAAGCTCACGAATTTCATCACTCATAACAATATCTTCAGGCCATTCTCTTAAATGTCCTTCACCGGGCAGTTTTTTAGTTGCATCTATTCCTATTTTATTGCCCCAGAAAGCATAAGGTGATGAATGGTCTAATGTATCAACAGGACCTTTTACAATACATGTATCTCTTTCCCAGTCCACATTGTTACCCATTCTCCAAAGCACTTCATTTGTATTTTTAACATCTACATCTTTATCAACTATAACTATCATTTTAGTAAACATCATCTGACCTGTGCCCCATACATAGTGCATAATTTTATGTGCCTGCATAGGATATTTTTTATCAATAGATAAAAACATAATGTTATGAAATACACCTTCTAACGGCATATACATATCAACAATCTCTGGAACCTGTTTTTTAAGAATAGGCAGGAATATTCTGCCAGTTGCAACTCCCATATAGCAGTCTTCCATAGGCGGCTTACCAACTATAGTTGTAGGATATACTGCATCTTTTCTATGAGTAATACATGTTATATGAAATACTGGAAAATCATCAGCTAAGGAATAGTAGCCTGTATGGTCGCCAAAAGGACCTTCCCTGCGAAGTTCATTAGTTAATACATATCCTTCTAAAACTATTTCACTATTTGCAGGCACTTCTAAATCTACAGTTTCGCATTTTATCATTTCAACAGCCTGTTTTCTGATAAAGCCTGCAAAAAGCATTTCATCTATACCATCAGGCACAGGTGCAGTTGCTGCAAATGTAACAACAGGGTCTGGACCAAGAGCAACAGCTGCTTCTAATTTTTCAAGCCCCATTCTTTGTGCTTTTCTAAAATGGTCTGCTCCACCATGATGAATATGCCAGTGCATACCTGTAGTTTTGCCATCATATACCTGCATACGATACATACCGCAGTTTCTTGTGCCTGTTTCTGGGTCTTTAGTAAATACACAAGGCATAGTTATAAACCTGCCTGCATCACCAGGCCAGCATTTTATTACTGGAAATTTCAATAAATCTACATCATCGCCTTTTATAATAACTTCTTTACATGCACCTTTTTTTACTGTTTTAGGCAGTATATTGCTAATTTCCATAATCATAGGCAGGCTTTTTAATTTATCCATAAAATTCTGTGGTGTATTTTTATCAACAAGGTTTATAATACGCTCACCAAGGTCATCTAAATCATCAACTTCCAAAGCCATACACATTCTTTTTATAGAGCCAAATATATTTATCACTATATCATGGTCTGATCCATCTACATTTTCAAAAAGAAGAGCTTCACCATAATTTTTTGATACTCTGTCAGTTATTTCTGCCACTTCTAATACAGGGTCAACTTTGGCAGAAACCCTTTTTAATTCGCCATTTTTTTCTAAAACCTTAATAAACTCTCTTAAATCATTATAAGCCATATCTCACCAACTAATTTATTTGTTAAATAGAATAATTAATTTTGATAAAATATACAAGAGTTTTATATATTGCAGAAATAATTTCTATATATTTGAAAAAACTCCGCCCTGCGATGCAGAGCGGACAATATATTAATGCAGGATATTTTACAAATATCAATGCAGTTACTTCACAGTATGCAGAGCACCTGATTTTGTTACAGGTCTTGTTTTGTGACATACAAGACAGTTTTTAGATGGAGTGTTATTCCAGCTGCCTACGGGAACTACACAGCTTGTGCCACAGTGGGAGCCTGCTCCTGATACAAATCCTGCTCGGGCATGGCTCATTGGATAGGATGTCTCATGACAGCTGTCACAGAAATCTTCTTTATGACATGTCTGACATGTTGTTCTGTTCCATCTGGATTCTAACCCGTGTGTTTTATTCACAAAGGTTACTGTATGATTTCTTGGAGCAGTATCTTCATGACAGGATATACATTCTACTCGTTCTTCATGGCACATTATGCATTCGCTCATATTAGTTTTGGCTGCCTGACCATGCTTCTGCTCCCAGCTGCTGTTATGGGTAGACGGCTTAGTGGAATCTACTGCTGATGTTACACCTGCTGTAAAAAGAAATAATAAGATGATTAGTAATAAGTTCTTTTTCATATCCTGCACCTACCAGATAAAGTTTGCCCAGATACTTAATGTATGAATATCTGGCTGTAAGTCAGCACTTTTAAAAAGGTCTGCATATTCATAACTATAATCAACC
NZ_CP097562.1_gap29	1073779	1076667	2888	TGGAAGAAATGATAAAAGTCTTCTAGCAAGTCCTAATGCTTCAGGACCTGATTTTGCAACAAAGTGCACAACACCAGAATAGTGAGCCTGTGCATCTACACCGCCAAGCTGTTCAAGAGAAACTTCTTCACCTGTAACTTCTTTAATGATTTTAGGTCCTGTAATATACATCTGACCTTCTCTTTGAACTTGTATGATAAAGTCTGTCAATGCTGGAGAATAAGCTGCACCACCTGCACATGGACCAGCAATAACACTAATCTGCGGAACAACACCAGAAAGAAGAACATTGCGATAGAAAATACCGCCGTAACCTGACAAGGCACTTACACCTTCTTGAACCCTTGCGCCGCCTGAATCGTTAATAAATACGAAAGGTGAGCCAGTTTTAAGTGCTGCATCCATTAATTCCTGAGCTTTTCTAGCACCTGCTTCACCCATAGTTCCTGCATTAACAGTAAAATCCTGACTGGCAACAAATACTGACCTGCCATCTACAAGCCCCATTCCTGTAACCATACCGTCAGCTGGCAGGTCTTTTTTATCCATACCAAAATCACTGCAACGGTGTTGAACCATAAGGAAATCTTCTTGGAAAGTATCTTCATCAAGAAACATTCCTATACGCTCTCTGGCTGTGTATTTGCCTTGAGAGTGCACTTTCTCAATCTGAGCATCACCGCCCCCTTTATATAAACGGGAACGAAGCTCAACCAGATCTTTAATTTTGTCCTTGCTCATTTGAACCTCATATCAAAAAATTATATTATAATGTTTTATCCTTAAAATACTAATCCTAAGCAATAATAAATTCAATACATTTATTACTTTTGCATATATTTTTTAAATGTAAAGAATATAATTTACTGTTTAAGGCATTATCAATTTTATACATTGCATATATTTACATTATATATTTCTATAAACTGAAGCTGATTTTATACCCTTTTTCCCCAGTTATCAAGTATAAATAACTGCAATATATTATCACTTTATAGATTAAATGATAGTATCCTAAAAATTTCGCAATATTTGTTACTGATATTTAAGTATATATGGCATAATATATATCCATCTTGCCACCGCAAAGCTCATAAAGTAATATTTTATCTATATTCCATCTATTAAATAAGTAAGATTATATTGATTTATACAATTAAACTCAAAAATTTATTAATGCATTATCTTAAATATAGTCTAGAATTTTTTATATTTACAACCTTTTCTACTTTTTTCTTTTAACAGGTCGCCTATTTGATACTTCTTTTCTGTTTTTCACTCTTTTTTCTCTGAAAGAGCCGGTTTTTTTTCTTCCTGCTCTGCCTGATTTAAACTGTTTTAATATTTTACTTAAATCATTAGGCACAGCCACAAGATTTTCTTCTGGGTTTATATAATTTAACTTATGTTTTGTATATGATTCTATTTTAGGAATAAGGTAAGAATCTTCTTCAGTTGCAAAAATAACCGACACTCCCTTTTCCCCTGCTCTGCCAGTTCTGCCTATTCTATGAACATAATCTTCAGGATCATCAGGCAGTGAGTAATTAAATACATGAGTAATGCCATCTACATGTATTCCGCGGGCAGCAACATCTGTTGCACATAATATGCGTATTGTGCCGTTTCTAAGTTCTTCTAATGTTTTAATTCTTCTTGACTGAGTAACATCACCTGAAAGCAGACCACAGGAAAGACCGCATGCTTTAAACATATCTGTAAGCCTTGCAACTTCATCCCGCCTGTTGCCAAAAATTATTACTCTGTTTAACATATCCTGAGAAACAATATTATATATTATAGCAAATTTTTCTTTATCTGATGCAATATATGCAATCTGTTCAATATTTTCAGAAGTTATTTCCTTTGATTCTACTTCAAAACTTACTGGGTCTTTTGTCCACTGAGAAGCAAGCCTTAAAATATCCTGATTTAATGTAGCACTAAAAAGCATTGTCTGTCTTTTAGATTTAGGTGGTGCTGCACTAATTATTTTCTTCATATCAGGAATAAAGCCCATATCAAGCATTCTATCAGCTTCATCAATAACAAGTATCTCTACTGCACTTAAATCAAGCACCTGCTGCTCTTTGTAATCAAGAAGTCTGCCGGGAGTAGCAACTAAAATATCAATAAATTTTTGTTCAATCTGGCGTTTTTGTTTTTCATAATTTATACCGCCAAAAACAGACTGTATAGTTAAGCCGCAGTATCTGCCAATATTTCTTGCATCTTTTTCTATCTGTATAACAAGCTCCCTTGTTGGTGCCATAATTAATGCTCTTGGAGTGCCTTTTTTTCTGTCACTTAATTCATTATTCATAAGCCTTGTAAATAATGTAATTAAAAATGCAGCAGTTTTGCCTGTGCCTGTCTGGGCTTTTCCTGAAACATCTTTACCTTTTAAACTTTCTGGCAAAATAAGCTGCTGAATTGGTGTGCAGTATTTATATTCACATTCATATATGCCTTTCATAAGTCTTGGAGAAAGCCCCAAATCATGAAAGCGGAGTATATCTTCTTTTTCTTCTACATGAAATTCGCTTATCTCCCAGCTGCCAAATTCTACTATTTCATCTTCTATGTTAATATTTTTAAGCTCACCACTTTTACTGTGCCTGCTTTTTGCTTTGCTTTTAATATTTCTACCATTTTGCCTTTTTTCTACATGCTTGTTTTCTGGTATTACTGCTTGATTTTCTCTATTTATTTCTTTCTGTGCGATTTTTTTTGAAATCTCTTTAATGATTATTTGATTTTGTGCAGTCTTATTTTTTTTAATAATTTGTTTAATTCTTTCCAGTATTGACATTTTACCCTTCATTATATTTGATTATCTCATAAAAAATTTATAAGCATTCGCAATATATAACATAAATTTAGATTTT
NZ_CP097562.1_gap30	1154394	1158233	3839	AATAATGTTTGACCCAGATGTATTAATAGCAGATGAAGTATTATCAACTGGAGATTATAAGTTTAAAGCAAAATGTGAAACAAAAATAAATCAAATGCGTAAAAACGGCCTTACGATTTTATTTGTATCTCATCATGCTGCACAAGTAAAAAATGTATGCTCTAAGGCAATATGGCTTGACAAAGGTCAGATAAAAATGCATGGCAATACAGACGAAGTTTGCAAGGCATATGAAAACAGTAATAAAAAATAAGTAATGGACTTTGAACTCAGCCAAAAAATTTTTGCAGCAGACATTTTTTTAAGCCTGATTTTTACAGGCAAAAATCTATATTATATATCTTGCAATAATCTATAATATTTAAATTATCTATGTTTTAGATACTTCGCCTTATCAGGCTCAGTATGACCTATGGCTTTCATCTTGCAGTCATTTTGAGCCTGATTTCATAGGCGAAAAATCTATATTATACATATTACAATAATCTATAGTATATTTAAATTATATCTTTTAGATACTTCGCTATATCAAACTCAGTATGACAATGCAGGGACAGGAAGTCCCGTCGCATAGCGTAAGCGATGGGAGCATTTACTGCGACCGAGCGTGGTTTTTCAAATTCAGGGATGAATTTGAAAATAAAAGATAAATTAAGATACTTCGCCTTATCAGGCTCAGTATGAGCCATCTTTATTATACATATTACATTACTTCATAATATCTTAATTATCTTTATGAAATAAATAAGCAGACTTCACTATATCATATAAATTATTATATGTAATATCCCAGCCAAGTATATCTTTTGCTTTTTTATTTGATGCTATAAGCACAGCAGGGTCACCTGCACGCCTGCTGCGGATTTCCTTATTTATTTCCTGCCCTGTGACTTTTTCGCACACTTCTATTACTTCTTTAATAGAAAAGCCAGTGCCAGTTCCTAAGTTTATTTTTTCACTTTTACCGCCTGCTCTTAAATAATTTAATGCTGCATAATGAGCACAGGCTAAATCATAAACATGTATATAATCTCTTATACATGTGCCGTCTTTTGTATTATAGTCTGTGCCGTTGATATATAATTTTTCTCTTTTTCCAAGCGGCACTTGTAATATAAGTGGTATCAGATGTGTTTCAGGGTTATGTTTTTCTCCACTGCCACCCCATGCACCACATGCATTAAAATATCTTAATGCCACATATCGCATATTATATGCAGTATCAAAAGAAGAAAGGATATTTTCTGCTAAATATTTACTCATACCATAAGGATTAACTGGATTCAATGGGTGATTTTCATCAATCGGTGTATACTTAGGCTCTCCATATACAGCTGCAGTAGAAGAAAAAACTATCTTTAATACACCATTATATTTTAATGTATTAAATAAAATAAGAGCTTTTGACATATTATTTTCAAAATATTTATATGGATTTGCAACCGATTCTGCCACTTCTATGTAGGCTGCAAAATGCAGACAGGCTTCTATATTATGTTTTTTTACTATTTCACTTACCTTAACAGTATCTGCTATATCACCTTTATAAAAAATAGCTCTACAAGGCACATCTTCAATATTAGATGAAACAAGACTGTCTAAAATAACAACCTGTTCACCATGTTCTATCAAATATCTTGCAGTTGTGCTGCCAATATATCCTGCACCGCCAGTTACTAATATCATAATTATCTACTTAACTCAGCTTTTTTAATAATGTTTATTTCAATATCAAAAATAATTTGCAATTTCTACTTTATAAGATTCTTCGGCTTCGCCTCAGAATGACAATGCAGGGACAGGAAGTGAACTTACCCAAAAATTTTGAACTAAGCCACTAAATAAATTTCTTTTTCCTGCATAATAAAAGCCATACTTTTTCTGCTGCTGTCATATCACATATTAAATAACAAATTGTAACAGTATCTATATTTTCTGCCCTGATTTTTCTTTTATATATCTTTTAACAGCATCTTTCCAGTCTGGCAGCCTTTTAAACCCTGCATTATCAAGGCTTGCTTTACTTAGTCTTGAATTTTTTGGTCTTAATGCCTTTGCAGGATATTCTTCAGTTTTTATATGATGAACTACTATATTCTGACCTGTTACAGAAAATATATATTCTGCCAAATCTGCCCATGAGCAGCAGCCTTCATTTGTTGCATGATACAAACCATATTTTTCTGTTGCTGCCATATCACATATTAAAGGTGCTGCATCGCAAGTAAAAGTTGGGCTTCCTATCTGGTCTGCAACTACATTTAATTCTCTGCGGCTTTCACCAAGCTTCATCATAGTATTAATAAAATTGTTTCCATTAATGCCAAATACCCATGAAATGCGGATAATAAAATATTTACTCAATATCTTTTTAACTGCTTCTTCACCTTGATATTTTGTAAGACCATAAGTATTATTTGGAGCTGCATTATCATTTATTTCATAAGCAGTATCACCTGCCCCTTCAAATACATAATCAGTAGAAATATATACCATTTTTGCATCTATTTCTTTACATGCTTTTGCAATATATTCTGTGCCTTTTACATTTACATTATAGCACACTTCTTTTTCATCTTCTGCCCTGTCAACAGCAGTGTATGCAGCACAGTGAATAACTACATCAGGTGCATAATTTTTAATATAAGCTGACACTGCATTTTCATCTGTAATATCACAGCTTTCTCTATCTATGCCCTTATTTTCTATATTTCTTCTATCAAGCTCTTTACAGACATCAAAGCCAAGCTGACCATTTACACCTGTAACTAATACTTTCATTTTATACACTCCGCCTTAATGCAGTTTATAATATATTTAAAAGAAAAAACATATACTAAACCAGACTATTATTTTTTGCTGTAATGCTTTTCATAATAGTCTTTATATTCCCCATTTATTATGTGCTGCCACCAGTCAGCATTATCAAGATACCATTTTATAGTTTTTTTAATGCCATCTTCAAATTTTGTAACAGGCAGCCAGCCTAATTCATTATGTATTTTTGATGGGTCTATTGCATATCGCATATCATGACCCGGTCTGTCTGTAACATACTTTATTAAATCTTCACTTTTTCCAAGCTCTTTTAATATTATTTTCACTACTTCCAAGTTAGTTTTTTCATTATGACCGCCAATATTATAAACTTCACCAACTCTGCCTTTATGTATAATTAAATCAATAGCTGAGCAGTGGTCTTGCACATAAAGCCAGTCGCGGACATTTTCCCCTTTGCCATATACTGGCAGCTCTTTATCTGCTAATGCATTTGCAATCATAAGCGGTATAAGTTTTTCTGGAAAATGGTATGGTCCATAGTTATTAGAACATCTTGAAATTGTAACAGGCAGTTTAAATGTCCTGTGATATGCCTGCACCAATAAATCTGCAGATGCTTTTGATGCTGAATACGGGCTTGATGTATGCAGTGGAGTAGTTTCTGTAAAAAATAAATCAGGTCTTGAAAGTGGCAAGTCACCATAAACTTCATCAGTTGATACCTGATGATACCTTGTTATGCCGTATTTTCTACATGCATCCATTAATACACCTGTGCCTATAACATTTGTATGCAAAAATATACCCGGGTTATCAATAGAGCGGTCTACATGGCTTTCTGCTGCAAAGTTTACTATAATATCTGGCTTTTCTTTTTCAAATATTTCATAAACTGCCGTCCTGTCTGCAATATCTGCCTTATAGAATTTAAAGCAGGGGTTATCTTTTACTGGCTCTAATGTTTCCATATTGCCTGCATAAGTTAGAGCATCAAGACATATTATTTTATAATCATTATAAATATTCAGCATATAGTGGATAAAATTGCCGCCAATAAA
NZ_CP097562.1_gap31	1162456	1163581	1125	AGCCTGTTATATTATTAAATTTTCCCTGAATGACTGTTCTTATCTTTTCTTTTTCAAAAACAGTTTCCGCTTTTATTAAATTTAAACCCTGCACATATCCGCCGGCTTCCATATTATCTGGGTCTTTTATTATGCTTGTAAGCATCTGGTAGCCGCCACATACTCCTATTATACCTTTGCCAGTTTCTGCATACTGCATTATTTTTGTAATAAGCCCTGATGAGCGAATATATCTCATATCATCAATAGTGTTTTTTGTGCCGGGAATTATAAGTAAATCAGGCTCGCCAAAATCTGCAATATTATTAATATACCTGACTTTTACTTCATCATAATATTCAAAAACTGCAAAATCAGTAAAATTTGATATTCTAGGAAGTCTAATGACTGCTATATCTATTAAACCTTTTGTATTATTTTTTAATATTTCTGCAAGGCTGTCTTCTTCATCTATATTAAATTTTTCATAAGGCAGCACACCTAATACATCTATGCCGGTCAGCTTTTCAATCTGCAAAAGTCCGGGCTCTAATATTGCTTTATCTCCCCTGAATTTATTAATAATAAACCCTTTAAAATATTTTTTATATTCTTTTAAAAGTTCTACTGTGCCGTAAAGAGATGCAAATACTCCCCCCTTGTCAATATCCCCTGCTAAAAGCACAGGTGCATGAGCTGTTTGAGCCATACCCATATTTACAAAATCTTTGTGGTTTAAGTTTATTTCAGCAGGGCTTCCTGCCCCTTCTATAACTATCACATCATACTCTTTATTTAAACTTTCATAACTTTCTTTTATATATTTAAAAAACTTATGCTTTTCTGCAAAATATTCACCTGCCGTCATATTGCCATATATTTCACCATTTATTATAATCTGGCTCGTTTTACTGCCTGTTGGTTTTAATAATACAGGGTTAAACCTTACATCTATATGCTGATAAGCGCATTCTGCCTGCACAGCCTGTGCCCTGCCTATTTCAAGACCGTCTTTTGTAATATATGAATTAAGTGCCATATTCTGTGACTTAAATGGAGCAGTTTTATATCCAGCCTGAGCAAATATTCTGCATAACCCTGCACTAATCAGACTTTTTCCAACATTTGATGAAGTGCCCTGCACCA
NZ_CP097562.1_gap32	1165000	1165673	673	TATATCATCAAGCCTTGCTGCTGCTTTTCCAAAATACTGATATTTTTTATTTTTATAGCCTATCATAGAATCAAGAGTATTTACTGCTTTATAAAGCATACCAAAACTTGCTCCGCCTATAAGCATATAAAAAAGAGGTGCAATAACTCCATCACTTGTATTTTCTGCAACACTTTCAACAGATGCTTTTATAACAGATTTTTCATCTAAATTTTCTGTATCTCTGCCTACTATATGGGTTAAATTTTTTCTTGCTCCATTAAGTGAGCCTGTTGAAAGTTCTGTATATATTTTCATAGCCGCTTCTTTTAATGAGCCAAGAGCAAGCAGCTGGAAACACATAAATATTTCTACTGATATACCAAGTATCATATTAATACTGTAACATATACTTAAAATAATATATGGAATAATAAATGAAATTATAATTACAAATAAAGTAAGAATAGTGCCTGCAATAGTTTCTGAAACTGCCCCTTTTCTAAATATCTTACGCAGAGATATTTCTCCATATTTAATTATTTTGCCAATCATTACAACAGGATGGGGAATATGTTTAGGGTCTTTAAATATTAAATCTAAAATAAAAGCAATAATAATCATAAATCCTATTTTCATAAAAACCCGCCTTGCACCGTATGTGCTATAATTTTTCTATAATAATTAATTCTTT
NZ_CP097562.1_gap33	1354709	1355845	1136	CATCTTTAAATCTCTCAGCCTGTATTTTATGCGCATTAATTACCCGACAGCGAATATCAGCAGAAGATTCTCCCTCCTGCAAGTCCATTAAATCTTTATAATCAACAGCTTCTACATGAGATATTAAATCAATCCTGTCAAGCATAGGACCTGAAAGTTTTGCACGGTATCTGTCTATTGCATTCTGCGAACATGTGCAGTCTTTACGGCTGTCCCCTAAATAACCACACGGACATGGGTTCATTGCTGCTACAAGCATAAATTTAGCAGGATATGTTACAGTTCTGCCTGCTCTTGCAATAGTTACAAATCTATCTTCCAAAGGCTGTCTTAAAACTTCTAAAACACTTCTTGAAAATTCAAGCATCTCATCAAGAAATAGAATACCGCTGTTAGCAATGCTTACATTACCGGGCTTAGCTTTTGTTCCACCACCAATAACTGCAATATTACTTGATGTATGGTGGGGGCTGACAAATGGTCTTTTATTTATAAGCCTGCCGCTGTCTTTAATTAGACCTGCAACTGAATGGATTTTTGTTGTTTCAAGAGCTTCCTTTAATGTCATTGGCGGAAGAATAGATGGCATACGCCTTGCAATCATTGTTTTGCCACTGCCGGGGCTTCCTATCATTATAAAATTATGCATACCGCTTGCTGCCACTTCTGCTGCACGGCGGGCTGCAAACTGACCCTTTACATCTTTAAAATCTATACCGTAATCTATAAATGATATTTCATCTAAAACTTTACTGTTTATTACAGGCTGTTTCTCAATATCACCCCTTAAAAATCCTATTACATCTGATAAGCTTTCAAAGCCGTAAACTTCCACATCTGGTATTAAAGATGCTTCCATAACATTTTCTACAGGCAGTATTATTTTTTTTATACCTGTTTCCATTGCATATTCTGTCATAGATAATATACCAGTTACTGCACGCAGCCTGCCGTCAAGAGAAAGCTCGCCAAGTATTAAATATTCATCAAGATTTTTATCTATAATACCCACTGCTTTCAATATAGAGACAGCAACAGGCAAATCAAAATGACTTCCGTCTTTTTTCATATCAGCAGGGGCAAGGTTTATTGTTACAGGATGATTAAAAAAATGATAGTCTAAATTTTTAAGAGAT
NZ_CP097562.1_gap34	1376336	1379527	3191	TTCAATAGTTTCTTCTTCATTTTGTATGACTGGTTCAGGCTCTAAAACAGGCTCTTCAAATGGTGCTGCTTCTGCTGTATCATCAAGAGCAGAATTTTCTGTTTCTTCATTATTATTTTCTATAACTGTGCTGGTATCTTCTTCCAGACTTTCTTCAATGACTTCATTTTCTGCTGTGCCACTGCTTTCTTCTGATTCTTGTGATGAGTTATCAAGTTCTAATGATGGAGCAGCAGTATCTAAATCTTCAGCATATCCGTTATCTGTTAAATCATCAGGCTGCACTTCTTCTAAATTTTCTAAATATTCTTTTTTTGAAAGTCCATCTATAACATCACCAGTAGTTAAAGATGCTGTTGGAGTAATATAGTCATCATTATCTCTGGCAAAATCTGCTTCAGCTATTTTTTCAACAATACCTGCAGGCATCATATCTGCATCAGATGATAATTTTTCATTTAATGACTGAGAATCAAAAGGCTTAACAAGATAATCATCTGCACCTGTTTTTTCCAAATCACTCTCATCAAACCTGTCAAATGCACCTACAAGAAGTATGATATATGCTGATGTCTGTGCTGTTTTCAGCTCCTTAATGTATTCTGAGATAACAATATTATCAAGCTTATTATCAAGCAGAATATAATCATACTGCTCAGACTGCATTTTTAAAGCTGCATCTTCTTTGGAAAAAACTTTAACAATGTCATACCTGTCTACATCAATAGAAAGGTCAATCACTCGGTGTATTGTAACACTGTCATCAATAAGAAGAACTTTACTTTTCATTATATGCCCTCGGAAAGTTATATTATAAGTAATAGTAACATATCATTATATAAGAAAAAAAGCAAATTTTATTTATTAAGACAAGCGAAAAAATACATTTTTTTGATATAATCATTGTATTATAGTGTAAAAAATTACAAGTCTTATCTATGATAGTGCAGGCTTATAAATATCACAGCTTATGATTATGTATTGTGAAATATTTAGCTGCTAAACTCAATAAGTTAAGCATATTATAAAGCACTGCAATATGTATCATTTATATTTTTCGCATTTAAAAAATCAGGCTCAAAATGACATATAGTGCGAAAACAGCATGTCAATACTGAGCTTGAAATACAGCGAAGTATCTAAAAATATATATCTTTCTGAAAAGTTTTTAGTTTAACTGTAAGAAATAAATATAATCTTATTTAATAGGAATATCTGCTGAATAAAGATAAGGTTTTTATTCTGCATATATTTTTGGAGCATTAAAATATGTATTCATGAGTGAGTATCAGAAAGCAAAATAAATATTAAAATTACTATATATGAAAGCTGCTGCCATTAAATTAATCAGAATAAATGATTATATACTGTTTATATTACTTTCTTTTTATATACATAGCATCGCCGTAGCTAAAAAACCTGTAATTTTCCTGCACTGCCCTGTGATAAGCCTGCATAATTAAATCATAGCCGCCAAGAACTGATACCATAGCTAAAAGAGTAGATTTTGGCAGGTGAAAATTGGTTATCATATTATCAACTGTTTTAAAGTTATACGGCTCCATAATAAATATATTTGAGCTGCTTTCTCCTGCTTTTATTATACCTTTATCATCTGACGCAGTTTCTAATGCTCGGACACTGGTAGAGCCTACTGCTGTAAGTTTTTTGCCTTTAGATTTTAATAAGTTAATTCTTTCTGCTGCATCTTCTGATATATAATACCTTTCATAGTGCATTTCATGGTCTTCCATATATTCTGTCTTTACTGGTCTGAAAGTTCCAAGACCTACATCAAGAGTAATCTCAATGACTTCCACCCCTTTATTTTTTAAAGCTGAAAGCAGCTCATTAGTAAAATGCAGACCTGCAGTTGGTGCTGCTGATGAGCCTGTGTATTTTGCATATACTGTCTGATAATCTGTTTTATCCTGCTGTGTATCCTGCCTGTTAATATACGGAGGAAGCGGCACATGACCTTTTTCATACATAATCTTTTCTATATCGCTTTCTGCCTGAATAATCCATAAACCGTCCTGCAGTTTTTCAAGCAGAGTAAAATACATACCTTCTGAAATAACTTTGTCCCCCGTCTTAAATTTACCTCGGACAAGACCTTTAAAGTGGGTATTATCAATAACATCAGTAACAAATATTTCTGATAAACCGCCTGTTACTTTTTTTGCGTAAAGCCTTGCATTTCTCACTTTTGTATTATTTACAACCAAAAAAGATGTATCATCTAAAATATTCACTATGTCGGAAAAGATATGATTTGTAATACTTTTATTTACTGTATCTACCATCATAAGCCTGCACTTATCCCGCTTGGAAGCAGGATAGAGTGCTATTAACTCTTTTGGCAGATTATAATCAAATTTATCTACTTTTGTTGCCATTATTTTGCATGCTGAGAAATAAAACTTTTTAAGTCCTGTAATTCAGGCATTATTTTATATGAAACTTTCTGCCTTTCTTCTAAATCACGAAGACCATCTGGTATTTCTGGCCATGCACCTAACACTTCATGTATTACATCTGGAAATTTTGCAGGGTGGGCCGTTGATAGACATACTGTATTATCTGCAACTATATCCATCTGATTTGCAACATATACTCCGCATGCAGTATGTGGGTCTATCATATAGTCTGACTGAGCAAAAACTTTTCTTATAGTATCTTTCATGTCATCATCAGATGCTTCCCCTGCAATAAAATCTCTCTGCAGCTGACCTAATAAATGACCTCTAATATCTATCTCTTTTTCTACCCTTAAAAGCTCCATAGCATCTGTAACTTTTTCACAGTCTCCACCATAAAGATAGTAAAGATACCTTTCAAAATTGCTTGCAATTTGTATATCCATAGCTGGACTAATTGTAGGATGCACCCTTTCTATGCTGTAATCGCCAAATTTAACTGTCCTTGTTAATATATTATTTCTGTTAGTTGCTATCATAAGTTTTGCAATAGGCAGCCCCATTTTACGAGCTAAATATCCTGCAAAAACATTACCAAAGTTACCTGTTGGCACTATAATATTTATTTCATCACCCACTCTGTGGACAGTTTTAAAATATATCCAGAAATAATATACAGTCTGTGCTAAAATCCTTGCCCAGTTAATAGAATTAACTGCACCAAGATTAAGCTCTTCTTTAAACTCTAAATCATTAAATGTGCTTTTCACT
NZ_CP097562.1_gap35	1385726	1387338	1612	ATCATTATAAACATCATATATAGCAGAAAGCTGGTCTTCTGTTTCTGTATATTCAAAATTTCTCTCAAATATTTCTATTAAAGAGCCGTCATCAATAAAAGCATAACCTTTCCTTGCCTTTCTTTCTGCATACAAACGGAGCAAATCTTCTGCAATATGTTTTGCACTTTCCTTTGCATGCTTTTTCAGCTTCTGCCATGCAGAACTTTTTAAACTGTTTAGTTTTGGCTGCTGGTTCTGCATACCTATATATTTCTGCAGCTGACCTATTGAATGAAGTGGAACATAAAGCAGGTCATCCCCTTCATACATAATTGATAAAAAATCACCTTCACTGCCTGCAATAGCTATATGTTTTATACCCTGATATATGCCTATACCATGGTTTACATGAACAACATAGTCGCCTTCTTCCAAATCTGAAAGTTTAGTGTTAAATGCGTCTTTCTTCTTAGGCTTTGGCTTTCTTTTTGTAAAGCCAAATATATCCATATCAGAAATAACTGCATAACCACTATCTTTATCAATAAAGCCGCCAGAAATATGCTTTCTATATAAAGAAATAGATGCTTTTTCTATTTCTGAAAGTTTTTTTATTTCTTTTGGGAAAATATCATAATCTCTAAGAAAATCTTTAAATATGCCTGCAAACTTTTCACTTTCTACAGAAAATACTATTTTCATATTTTCTTTTAAAAGTGCAAGCAAAGTTTCAGCAGCATTTGTCATGGACTGGTATAAGTTTTTTTTCTCAAATGAGAAGCGTGTCTTTGAACTTGCAAAAGTTAACGGCACACTTTCAACACTGTCTGTTATCTCTGATATTATATAAATATCATTTCTTCTTAATTTTTCTACTGCTTCTTTTGCTGTAATAAAACTTTCTTTCTGGATAGCATTCTGCACAGATGACTCTATTATGTCATAATATCCATATATGCTGTTCTGTATATTACTCATAAAACATACAGTGTCATATTTGTCTAAATATTCAAAAATATCTGACTGCTCTTTATTAATATATGGCACAAGCCAGTGGAAGCCTGCAAATTTGCCAAAACTTTCCGCCTTTTCTTTTAACTCTCCATCTTTTAGTTGTGCTTTGAATTCTTCTGTTGTAATAAGTAAATCTGATACTGGCAGTATTTTTATACCTGTTATTTCTTTTTTCCTTGTCTGACTGTCTTTATTATATATAAAAATACTTTCTATCTCATCATCAAAATACTCTATGCGGACAGGGTCAATATATCCTGCCGCAAAAATATCTGCTATACCGCCGCGGAATGTATATTCACCCGCATCTGTTACAAATTCAACATGGATATACCCAAGTTTATCAAGCTCCCTTTCAAGCTTCTGCATGGGATATTCCTTATTTTTTTCTAATGTAATTATGCTTTCTAAAAATTCATTTTTAAAAGGTATTTTTTTAAGCATAGAATATGGAGATAAAAGCAGAATATAATCTTTTTCATTAATTATATTATAAAGAGTTCTGCTTCTTGCTGCCATTATGGAAGTAAGTGGTCTTGCTTCTTCAAAAGGGTTTTGTGTATAAGATGGATAGTCTAATATTTTTAAATCAGAGAACAGCTCTAATTCATTTTTA
NZ_CP097562.1_gap36	1394418	1397809	3391	TGATATTAAGTGCATTATGTGATGATTTCTCTTTAGAAGATGCTAAAAAAATTGGCGGACCACTTACTGCTTATATTGATAAGCATTTAAAAGAAAATGCACTTTCTTATTTTGCCGTTTCTGCACCTGATAGAAAAGTTATTGGTATTGCTCCGGGCAGTGTATGGTCAACTAAAAGATACCCTGTAGAATATTTTGTTAATGTGGCAGAAGATTTATATAATAAAGGTTATGCTGTAGCATTATTTGGCGGAAAAGATGATAAAGAAAGCCTTGATGAATTTGCTTCACTTTTCAAATATCCTTACTTTGATTTTGCATATAAAACATCTTTAAAAGAGCTTCCTGCTATTCTTTCAGCAGTTGATTTGCTTTTATCTAATGACAGTGGAGCAATGCATATAGCTATTGCAGCAGGTACACCAGCAGTTGCAGTATTTGGACCTACTGTTAAATCACTTGGTTTTTTTCCATATGATGAAAAAAGTATTGTAGTTGAAAATAATGATATTAACTGCAGACCATGTGGAAAACATGGTGGCAATACATGCCCAAAAGGTCATTTTAAATGTATGAAAGATATTGAGCCTGAAAGAGTTTTAATCGCTGCTCTTTCTATTTTACAGCAGGGTTAATGTATGAAAGAAATTTTAATTGTAAGGTTTTCTTCCCTTGGCGATATTGTTCTGCTGACAGGTGTTTTAAAATATGTAAAAGAAAACATTGCAGAAGATATTGCAATAGATTTGCTTACATATTTCCACTTTGCAGGTGTATTGCAGGATTATCCATATATTAGGAATATATATACTATCAAAAAAGGGGCTTCTTTAATTGATTTAAATGAAACAGTATCTACTATGCCTAATTATGATGCAGTTTTTGATTTGCATAATAATATTCGCTCTGCTTTTGTAAGGTTTATTTCTTCCTGCAAAAGCTATGTATATGATAAAAATTCTCTTGGAAGAAGACTTTATGTAAAAAAAAGATTGTGCCGCTCTAAACTACAGGAACATACTGTTATAAAATATTTTAAGCCATTTATGAAAGCTTTTAAACTGGATATGCCTGATATTGAACTGCTGAGACCTTATCTGCCTTTTCCTAATATTGAAAAAAATAATTCATTAAAAAATGCAGTTATCCACCCTTTTGCTTCAAAAGCTACAAAAGAATGGCCTTTTTTTGCTGAACTTGGATGTATGCTTTCTGATGATGGTTTAAATGTTATATATATTGGCAATGGTGAGATGAATATACCAGCCTGTGCAGATGATAAAACTGGTAAAGTTTCTCTTTCTGCCTTAATAGAGTTTATTGCTCAGGCTGATGTATTTATTACAACAGATTCAGGGCCATTGCATATAGCTACAGCTTTAAATATCCCTACAATTGCAATATTTGGACCTACTACAAAAGAACTTGGATTTTATCCACCATTTAAAAATACAAAAGTTATAGAATATGTTGGCTTAAAATGCAGACCATGCCATATTCATGGCAGCAGCTGCTGTTATAAAAAACATTTTAAGTGTATGCTTGATATTGGTGTAGAAGAAGTGCGGTATCATGTTAATAATATACTTAGTAATAATCCAAAAATGCAGGATTAAGTTATGAAATATATATTAACCTTAATTTTAATTATTTTTGCCACAGATGTTTTTGCTCAGAATGTTTTTAATCCTGTTGTTATTGATGACTATAAAGCCTTAGACACACAAAGTGCCATAGAATATCTGCAAAGAAATTTAAATCCAAAATTTCCTAAAGATACGCAGATTAATATTGATGATATAGTCCTTTCTGGCGAACATTTTAAAATGATTTCATTTTATTATTCAGAGTATGATGGAACAACTAGGGGAACAAGCCAGTATTTTATTTCTTTTTGGAAAGATAATAAAGAATATTTTACATGCACAGGCTCTAATTTGTTAAACATATATAATCCTGTTATTACAGTATCTAATAATATTATAAATATAAAAGCATATAAAGTATATAAGCCATTATCTATCTATTATTATTCTTTTATATATAAAAGACCAAACATCTTTTTTCATTCTGTTATGGAAATATCCACTGATGGAGATAATAATACTGAAATAAAATACCACTATTCAAGCAGTGATTCACCTGTGAATATTAACTCAATATATGCTGATAAATTAATTAAAAAATAAATATTTTATCAGGCTAGTCTCTATAATGAGCTATATGGATTTGACTAACTTGTTTTGGTAAGTTCACAGTTAAAGCAAAATAGGTCATACTGAGCCTGAAAGGCGAAGTATCTAGATTATGAAAAATATAATAAATATAAGATATTATTAACTATTATTATAACTAGCAGTAAGATAGTTATAGCAAAGTATAAGTATATATTTAGTATCTAAAAAATAGACAGTTTAAATATGTTATGCACTCTTATAATATATATAATTTAGATTTTTCGCCTGTAAAATCAGGCTTAAAATGACATATATAATAAAATTTTTGGATAAACCCATTATTTTACATTTTTCTTAATAGTTAATACTCTGCCTGCATAAATATTAGATGATTTTAGTTTATTTATACTTTTTATACTTGCAACTGATGTATTAAATTTTTTAGCAATGCTCCATAAAGAATCACCATTTTTTACTCTGTATTTTACATTTGCAACCTGACGGGATGATTTTTTTGCAGTATAGCTTACATTAGTATAGCCATCTCTTGTTACCATAATATACTGACCTGGATATATTCTACTTGGTTTTATATTTGGATTTAGTTTCTGCAAGTCTTTCATGCGCATATTGTGATTATGAGCTATGCCTATAAATGTATCGCCTTTTTTAACTTTATAATATTTTGGGTCTATTTTTTCAAGAACTTGTGCAAACATACTATCTATTTTTATGTTACTATATTCTTTTACAGGAATAAATATTTTCCTTGAAGTTAAAAGACTTTCTCTTTTTATACCATTTACCCTTGATATATCTTCTTTTGACACATCAAACTTCTGTGCAATTTCTGCAACACTTTCCCCACGCTTTCCTTCATATATTTTATATCTTGCTCTCTCTATTGCACTTGCTCTGGCAAGTATTTTTTTTGCTTCATTATCTCTTAAATAAGGCACTCTTATTTTATAAGCATGGGGTGGAGTGATAGGCAGTTTTAATGCAGGGTTTAAATCACGCATTAATTCATAGCTTACACCAAGCTCATCTGCAAGCCAGTATATGTTAGTTGATGCAGGTGCTTCTATTGTAGAAAAAAGAAGTGGCATATCAGCAGGCATTGTAAAACCATATTTTAAATAGTTTTTATAAACAATAAGCTGTGCCAAATATTTAGGGACATAATCTCTTGTTTCAAGTTTTAAAGTGTTTCG
NZ_CP097562.1_gap37	1402621	1403992	1371	GTTTAAATTATATTTTTTAGATACTTAGCTATATTTCAAGCTCAGTATTGACAATATAGGAACAGAAAGTCCCGTCTGAAAGTAAGTGACGGGAGTATTTACTGCGACCAAGCATGATTTTTCAAATTCAGGGGTAGCGTCTTTTACTATGCTCCGCTCCAAGTGCAGAAAACGGCTTGCATTAATATAAACAAGACCCCGTTTTTGCGATGCAAGCATTTTCAGACCAAATAGGGAGGAAGCAGAAATGCATAGCTGGACTGAATTTTTTAATATAAATTTATTATATCATTTTGAGCCTGATTTTTAAAGGTGAAAAATCTAAATCATATATATTTCAGCAGTGCATAATATATTTAAATTATCTGTTTTTTATATATGACAATAGTATTATAATATTTTCTTTGAAAACAAGCTTTTAATACCACACTCATATAATTTTGCTTATGTTAATCTTAAAATAATTGCAGTTATTAATGCAGTAATTACTGCAAAGATAAAGCTGTTGCTTTGTTTTTTTCCACGCCAAATATAAGCAAAATTTATCAAAACTAAAAATAATGGTATTAAATAAATATTTTTAAATCCTGTATCAAAGTATGTTCTTATAACTGCTGATAATGTGCCTGTAATTATGATTAATGACATAGCAAAAAAGAATATAATTTTAACAGCTTTCCATTTATTTATATTTTTCATATTATAACTATTACTCATTGTTTATACATTATGTTTCACGTGAAACATAATATAGTGTTATGATTTATTAATTTTATTATGCTTATATATTTCAACTGCTAAAACAGAGACTGCGGTTTTTGTAAGTCCCGGTATTCTTAAAGCCTGCCCTAATGTTTTAGGTTTTATATTTTTTAATTTATCAGAATATTCAAGCCTAAGACCAGATATATTATCATAAGAAAAATTATCAGGTATAACTATACTTTCAATATCTTCTTTATTGCTTTCTTCCATACTTTCTATATATCCTGAATATTTTACTTTAATTTCTACCTGCCGTGCTTTCCTGCCACTTAAACCACCACCGGTTAATTTTATAATATCATCATAACTTAACTGTGGTCTTTTTAATAATTCTTCAGCTTTAAATGACTGGCTTATGCTTACACCAATTTTAGAAAGGTATTCTTCATTTCCACTATTTTTCTTAATAAGTGTATTTTTAAGCCTTTCTATTTCATTATTTACTTCCTGCATATCCTGCTGATACCTTTCATATCTTGTTTTAGAAATAAGTCCTAATTTATATCCGTAGCTTATCAGCCTTTCTTCTGCATTATCTTCCCTTGTTAAAAGCCTGAATTCACTGCGGGAAGTAAACATTCTATATGGCTCTGTTATTCCTTTTAA
NZ_CP097562.1_gap38	1411178	1413584	2406	ACATCCTTTTGGCAGTGGCAGCTGCACAAGTATTCCGTGTATTTTATCATCGCTGTTATATTTATTCACAAGAGCAAGCACATCTTCAGTTGTAACATCAGCACTTATCCTTTCTACAACTGAATAAAATCCTGCTTCTACTGCTGCTTTTTCTTTTGAATTAACATATACTGAACTTGCAGGGTCATCTCCCGCAAGTATTACTGCAATACCAGGCATTTTACCAGTTTTGCTTTTCAACTCTGCTGTTTCTTTTTTTAGATTTTCTCTAAATTTAGCAGATAACATTTTACCATCAAGAATTACTGCCATTATCTTCTCCCTGCATTTCTTCATTATCGCTGTCATCTTTTGGAACAACAGTAAATGAAACTATTTCATCATCTGATGTATTCATAAGTCTGGTGCCTTGTGTATTTCTACCTATAACTGATACTTCAGATGCTGCAATTCTTATTGTTTTACCATTTTTAGTAATAAGCATAATATCATCTTCGTCTTGATGTATATGCCTTACACCTACTACAAGCCCTGTTTTAGAAGTAAGTTTCATAAGTTTTAAGCCTTTTCCACCGCGAGACTGCATCCTGTATTCATCCTTATCTGTTCCTTTACCATAGCCAAGTGATGTTACAGCTAAAAGTGGACTGTCTTCTTCAACAACTTCAGCAGAAACAACTACATCATCTCTTTCAAGAAGTATACCGCGAACACCTGTAGCAGTTCTTCCCATAGGACGCACATCTTCTACACTAAACTGGATAGTTTTGCCATCCCTTGTAGCAAGAAATATTTTATCATTATCACCTGTTAATAATGTAGTAACTATCTCATCATTATCTTTTAAGTTGAGTGCTATTATGCCGCTTCTGCCGCTTTTAAACTCAATAGTTTTAACTCGTTTTACAACACCAAATTTTGTAGCAAAGAAAATAGATTTTGTTTCGTCCTTTTCAGGCAGAGTTAAAAATGATGCTATTTTTTCATTTTCATCTAATGTTAAAAGGTTAGAAATATGTCTGCCTTTAGAATCTCTTGACTGCTCTGGTATTTGATAAACTTTTAAGAAATGCACTTTACCTTTAGTAGTGAATATAAAAAGGTGGCTTTTATTTGTTGTATATATTATTTCTTCAAGAAAATCTTCATTTTTATTTGCAGCACCTATTTTGCCTTTACCGCCTCTTTTTTGTGCCGTAAAATTATTAAGAAGCGTCCTTTTAACATAGCCATTATGAGTTATTGTAACAACCATCTCATCATTTGGTATTAAATCTTCATAATTAATATCATCAACACTGTCAGCAATTTCAGTTTTTCTTTCGTCACCGTATCTTGTTTTAATATCAACTATCTCCTGCCTGATAACACTTATAAGTTTAGATTTAGAGTTAAGTATAGAGTTATAATATTCTATATCTTTTTTAAGCTGTTCATATTCTTCATTTAATTTATCAATTTCAAGTCCAGTAATTTTTGCAAGACGCATATCAAGTATTGCCTGAGACTGAATTTCTGATAAATCAAACCTATCCATTAATGCTTTTTTAGCAGACTGAGTATCTTTTGATTCTTTAATAATTTTAACTACTTCATCAATATTTTGAACAGCTATTCTTAAACCTTCAACAATATGCATTCTTTCTTCTGCTTTCATAAGTTTATAGCGTGTTCTTCTAGTAACAACTTCTATTCTGTGGTTTAAAAATTCAGTTAAAATATTTTCAAGTGTTAAAAGCTGAGGTCTGCCGCCAACAAGAGCAACCATATTAAAACCAAAGGAAGATTCAAGAGCAGTAAATTTGTAAAGTCTGTTTAATATCACTTCTGCTGATTCGCCTTTTTTAATATCTATTAATATTTTAATACCTTTCATACTTGATACATCTCTAATATCAGTAATACCCGGTATTTTTTTCTCATTAACAAGCTCAGCTATTTTTTCTACAAGCACAGATTTATTTACCTGATAAGGTATTTCTGTAATAACAATCTGCTCTTTACCGCCTTTAACTTCTATAATATCAGCTCTAGCTCTAATTCTTATACTTGCTCTGCCTGTTTTATAAGCATTTATAATATCGCCTTTTCCCATAATAATACCGCTTGTAGGAAAATCTGGACCTTTAATAATATTAAATAAGCCTTCTTCAGTATAGTTTTCTTCATCTATCATATAAAGAAGTCCATCCATAATTTCTGTTAAATTATGGGGTGGGATATTTGTAGCCATACCAACAGCAATACCAGAAATACCATTTATTAAAAGATTAGGTATTTTAGTAGGAAAAACAGTAGGCTCAGTCATAGAGCCATCATAGTTTGGCATAAAATCTACAGTGTCACAGTCAATATCTGCCATAAGTTCATCACTAATCCGTGCCATTCTAGCTTCAGTATAACGAG
NZ_CP097562.1_gap39	1425994	1428220	2226	GCGGTCCTGCTGTTGCAAAAAGAAATAATGTTGAATATACAGCAGTTACTTACAGACTGGGATATGAAACAACATTAGACTATCCTAACAAATTTGTAGGACCAGAAAAATGTGCAGAATGTCACCCTGCTCAATATGAACAATGGAAAATGAACTTACCCGAAAAAGTTGTACTAGCCATATAAGGAGTGTATATGGCAAGAAAATACAGCTATGAGTTTAAGAAATATCTAGTAACAGTCATAGAAAATGGAATAATGAGTGCCAGTGAATTATCAAGATGCTGTAAAATTCATAAAGGAGTAATATGTAATATCTATAACAGATATAAGCATTCAGGCGAATCAAGTTTACATCATAGCTTTACCCGCAATGAATATAGTAGAGATTTTAAATTAAATGTGTTAACTTATAAGGCATCAAATAATTTAAGTTATGAGCAGACAGCACTATATTTTAATATACCATCAGCATCAGTAATATATGACTGGAATAAGTTTTGCAGTAAGTTTATTGGAGATAATATGTCAGATAAGAATATCCCGAACAGTAAAAAGAGTAAACACTCAAACTCTACTGATATTAAACTCACTAAATCAGATGATAGTGAAGAAGTAAGACAATTAAAAGAGAGAATATCAGAGCTTGAAAAAGAGCTTTATTACAAGTCAGCGGAGAATGCATATTTAAAAAAGCTGGAAGCCTTAATGCAGTCAAAGGAACAGAGAGTTCAACAGAAAAAGCACAAATAATAACTGCATTAAGGCTGTATTACAGTTTGGATATCCTGTTGTCTGTGAGTAATATGAAAAGAAGCACTTACTATTATAATGTTAAAAAGCCTGCTGCATTAGATAAATATGCAGAAGTCAAGGCATATATATTAGAAATATATGAAAAATCTAACAAGACTTACGGCTATCCAAGAATAACAAAGGCATTAGAGAAACTGGGTTATACTTATGACAGGAAGACAGTAGCAAAATTAATGAAGGAATTAAATATTTCATCAATAATCAGGGTTAAGAAAAGGTATAAACAAGGCAGAGTAAGTCATATATGCAGCAATAAATTAAACAGAGCCTTTACAAGTGAGAAACCATGTTTAAAATGGGTAACAGATGTGGCAGAGATAAAAATTAATAATGAAAAGGTGTATTTATCAGCAATAATGGATTTGTATAACAGAGAAATAACAGCATACAGTGTAAGCAAATATAATAATGAAGAAATGGTAATAGATAATTTAAAACAGGCAATAGATAAAACAAAAGATACAACAGGGTTAATGATACATTCAGACCAGGGTATATTATATCAGGCTAATCAATTTAGAAAGTTATTAAAGGAAAATAATATAGAGCAGAGTATGTCAAGGCGTGGCAACTGCTATGATAATGCTGTTATGGAAAGTTTCTTTGCTACTTTAAAATGTGAATTGGTTTATATTAACAAATTCAAAAATATAGAACAGTTTAAATATGAACTTGAAAAATATATTGATTTCTATAATAATTACAGAATAAAAGCTAATGGACTTACACCTTTACAGGAAAAAGAAATTTATTTAGTGGCTTAGTTCAAAATTTTTGGGTAAGTTCATGCTCAGCTTTACAATTCTGCTCACTATGATAAAGGCATGAGATGTAATACATGTCATGACCCACACATGGTTACTAAAAATGACTGGAAAGATGAATATACTTTAACTGGTCTTAAAAAAGAATGTGCAGACTGCCACGCAACACAAAAAGAATTCTTTAAACCGGGTGGAATACATGCAGAAGATATATGATAAAGGCATGAGATGTAATACATGTCATGACCCACACATGGTTACTAAAAATGACTGGAAAGATGAATATACTTTAACTGGTCTTAAAAAAGAATGTGCAGACTGCCACGCAACACAAAAAGAATTCTTTAAACCGGGTGGAATACATGCAGAAGATAGATGCACAGCATGTCACATGCCTAATATTATGAGTTGTGAAAACTTTGGTGCTGTTCAGTTCCCAGACCATGCACTTGCTGATAATGTTCGTGCATCACACATTTGGAATATTAAAGTAGATAAAACAGCTAAAACATTAAACCCACCTGAGGGAGAGCCAAGAAAATCAAATGTTAAAGGATGGACTATTGCAAGAGATGAAAAAGGCCACTTCTTTGTAGATTTAATGTGGGCATGCGGTAGAACAAGTTTTAGTGATGTAAACCTTGTTG
NZ_CP097562.1_gap40	1450270	1454607	4337	GAATTTGTCTTTTTGCTGGTTTTAATATTAATGGTATAATAGAAGATTATGTTCTTTATTATTTGCAGGAACTTTCCAAAATATCAGATATATACTATTTAGCAGATAATAAAATAATGCCGAAAGAATTTGAAAAAATTACCCCTTATGTAAAAGGTGCTTATGGATATAAGCATGGCAAATATGATTTTGGTTCATGGCAGGAGTTAATAAATAAAATCAGCTGGGAAAAGATAGCAGAATATGATGAACTAATTTTAACAAATGACAGTGTCTTTGGTCCGTTGTATGATTTACAAGAGTTTATAGAAAGCATTGAAAAAGATAAAGAGTGGGATTTATGCGGCATAAATACTGCTTATGATTTCCATACATGGCATCTAAGCAGTTATTTTTTAGTTTTCAGAAAAAATGGATTTTTGTCAGAAACATTTAAAGAGCATATTAACTCTATAGAAAAAGAAAATTCTGTTAAAAAAGTGATAGAAAAATATGAAATAGGACTTTCAAAAAAAATGGTGGAAGCAGGGTTTAATGTTAAAAATGCAGTAAAATTTAGGAAAAATATATATATTTCATGGCGTAGTTTTTTTACTGCCGGTTCTCCATTGATTAAGCGTAAAATTTTTAATGATGAATTATTTTTAATATGCAGAACATTGAACTGGGAAAGTTTTTTTAAAAAGCATACAAAGTATAATACTTCATTTCTTTATACCTATGTAAACCAGTTTAAAAGCAGGTTTAGAATATTCAGGCTGATAAACAATAAAATTTTCTGGCAGTATGCAGGTAAAGGAATAATTAAAATAATTTGGACAAAGGAAAGAAAACTAATTCGTCTATTTGGAATATATCTGCTTAATATTTATAACTATGACAGCAATAAAATCAAACTGGTGGAGTATTAAAGTATGGATAACTGTAGATTAATTGAGCTAACATCTCATGGAGATAACAGGGGAAGTTTAATAGCTCTTGAAAAAGAACATGATGTGCCTTTTGATATAAAAAGAGTATTTTATATTTATGATACTAAAAGAGGAACACCAAGAGGTCAGCATGCAAATAAAAAATCAGAGCAGATGCTTATATGTGTAAGTGGTTCATGTAGAGTTAAAGTGGATAACGGTAAAGGTATGCAGGAAGTTTATGAATTAAATACACCAGAACAGGCTCTTTATACTGGCACTATGCTTTGGCGGGAAATGTATGATTTTTCTGGAGGCTGTGTTTTAATGGTAATAGCAAGTGAATATTATAATCCAGAAGAATATATCAGGGATTATGATAAATATATAGAATTAGTAAATGGGGGGGGGGATATAGGTAAATGTATATTCATCCTCTTGCTGATGTTAAAAGTAAAAATATAGGAAAAAATACAAAAATATGGCAGTTTTGCATTGTATTTGAAAATGCTGTAATTGGTGAAAACTGTAATATTTGTGCCCATGTTTTAATAGAAAATGATGTAGTTATAGGTGATAATGTTACAGTGAAAAGCGGAGTTCAGCTTTGGGATGGTATCTGTATAGAAGATAATGTTTTCATAGGTCCAAATGTAACATTTACAAATGATTTATATCCCCGTTCAAAAAAATATCCTGAAAAATTTTTGCAGACAGTAGTAAAAAAAGGTGCATCAATTGGAGCAAATGCAACAATTCTTCCGGGGATAATAATTGGCGAAAATGCTATGATAGCAGCAGGAAGCATTGTTACAAAAGATGTGCCGTCTGATACTTTATATAAAACAAACATAACTGTTGAAACTAGGAGCCTGATATGATTAAATTTTTAGATTTACACAAAATAAATGAAAGATATAGAAAAGAAATAGATGAAAGAATAAAAAAAGTATTAGACAGCGGCTGGTATCTTTTAGGCAAAGAAAACGATGAGTTTTGCGATAATTTTGCAAAATTCTGCGGCACAAAATATGCTGTTGGTGTTGCAAACGGATTTGATGCATTAAGGCTTGCTGTTATGGGTTTAGGTTTTAAATATGGTGACGAAATACTTGTGCCGTCAAATACATATATTGCTTCTATACTTGCCATATCAGAATGCGGCTGCACTCCAGTTTTAGTTGAGCCTGATATTAATACATATAATATTAACCCTGCTTTAATAGAAGAGAAAATTACAGATAAAACAAAAGCAATAATGGTTGTTCATTTATATGGTCAAACTGCTGATGTATCAAATATTAAAAAAACAGCAGATAAATATAATTTAAAAATAATAGAAGATGCAGCACAGGCTCATGGAGCATGTCATAATGGTAAAAAGGCAGGTAATCTTGGCGATATTGCAGGCTTTTCATTTTATCCGGGTAAAAATTTAGGCTGTTTAGGTGATGGTGGTGCGGTTACTACAAATGATGAAGAACTTTATAATAAAGTGAAAGCATTGAGAAACTACGGCTCACATAAAAAATATGAAAATTTATATACAGGCTTAAATTCCCGATTAGATGAAATTCAAGCTGCAATATTAGATGTAAAACTTAAATATTTAAATGATGATAATAATTATAGAAAAAAAATTGCAAAATATTATATAGAAAACATTAAAAATGATAAAATAATACTTCCAAACTACAGCGATGAACATGTTTATCATATTTTTGCTGTCAAAACAGAAAAAAGGGATGATTTGCAAAATTATCTTAAAGAAAACAATATAGAAACATTAATACATTATCCTATTCCACCACATAAGCAGGTTTGTTATAAGGGAATACTGGGTGAAAGCTATTCTGTAAGTGAAGAAATACATAAAACAATTTTAAGCCTGCCAATCTCTCCAGTAATTAAAATGGAAGAAGCAGAATATGTAGTAAAAGTTTTAAACAATTATTAAATGGTAAAAAAAAATGAAAGATAATATAGAATTATCAGTAATAATACCTGTATATAATGCAGGAAAATATTTGAAACAGTGTATAGATAGCCTTGTAATGCAGTCTTTAAATGAAATGGAGATAATATTTGTAAATGACTGTTCTCCATGCAGCGATGATGAAGAGCTTATTAAAAATTATATGAAAAAAGATGGCAGAATAAAATATTACAAGCATGAGAAAAACAAAGGCACTGCCGGAGCAATTAATACAGGACTTGAAAATTGTGCTGGAAAATATATTACAATTGTAGGAAATGATGATTATCTGCTTGATAATAAATGCTATGAATATCTTGTTGATGTGGCAAATAAGAGCAATGCAGATGTAACAGGATTTGGTGCATATTCTTTTAATGACGGAAATGATAAGGAAAAAACACAGATATACAAAAATTCATACTATAAAAAAGCAAAGAAAGTTAACCCTGATTATTTCCCATCAGAAGTTACATGGAATAAGCTTTTTAAAACTGAAAGCATAAAAAAAAATAACCTTATATTTAATACAAATGCAAAATATGAAGATATAGAGTTTTGGTATAGATATGTAATTACAGTAAATCCAGTTATGCTGTATATTGATAAAAATTACTATATGTATAGGCAGAGAGCAAATTCTGTGATGTCTACACCGTCAAATTATATTAAAAGATTTGATGTATATAAAATGATATATAATTTTATCAAAGAAAATAATAAAGAAAAAGAATACAGAAATAATATTATCAAATGGCTTAATTATCCAGAACAGTATGAAAACTTTACTGATGAAATAAAAGATATATACAGACAGCAGACAATAGAATTTATGAAAGAAATAAATATAAATGCTGAAGAAATATTTAATACCCTTGATATGAGAATATTCAAACTGTTTTTTAGTAATAACTATATTGCAGATAAATACAGCGAAGTAATAGAAAATTATAAAGCAGTAAAATATAAATATACAAAAGTAAATATATTTTTCCATAAATTAAAAAGAGAAATAAAAAGAATTGCAGCAAAGTTTAGGGGATAATATAAAATATGAAAATATCTGTAATAATGTTAACATACAACCATGGAAAATATATTGAAAAAGCAGTCCAAAGTGTATGTGCTCAGCAGGGCGATTTTCAGCTTGAAATTATAATTGGAGATGACTGTTCAACAGATAATACAGCAGAAGTCATAGATGAACTTGCAGCAAAACATAAAGAAATAAAAATATTCAGACCAGAAAAAAATATAGGAATGCATGCAAATTTGAAAAAATGCTTATCACTTGCAGAAGGTGACTATATATCCATGTGTGAGGGCGATGACTGGTATATAAGCCCATATAAACTGCAAATGCAGATGGAATTTCTTGAAAAAAATAAAGACTGTGTTATGTGCAGCCACAGTTATATAGAATATAATCAAAAAGAAGATAAATACAGCAC
NZ_CP097562.1_gap41	1588106	1590208	2102	TTATATTCATCAGTAGTATATTTTTCTTTCCACATATTATAATAAGCATTTGGAGTTTTATATGTGCCATATTTTAAGTTAGTAATATTTGTAGCTATATATATCTGCGGAAATAAGAAAAAGTATAGTGCATCACTGCCAGTGCTATTTTTTATAATCTGCTTAATTGCTTCATCAACTGCAACAGAAGGCTTTTTATTTTCTATAATTGCACAAGGTATGCCATTTATAAATACTACAATATCTATACGGATATTCTTTTTATCTATAATATTATATTCTGTAGTAACATGGTATATATTATTTTCTACATTTTCCCAGTCTATTATTTTTATACTGCCATCAGTTTTTTTACCATCTACAAACTCTTGGGCACTTTCTGCCATAGTTAGCATATTATATATATTTAATGAAGCACTTTCACTACCATTATCAAAGTTCGTTTTTTGTATCTCATATATTCTATTTAATATACTTTTATCAGAAACACTTTCATCATTTAGCTTCCGCATAGCTTGGAAAGTGATTTCTTCTAACAGATATTTATAGTCCTGCTTATGTAAAATATCTCTAACTTTTTCCCTAGTAAGATAATTATAACCCATATTTATAAGCTGCTTAACAGCAGAAAATTGAGATGTACTTTTTTCATCGTAATTAGGTAAGGTGTTATTCATGGTTAGGCTCCGTAAGTAACTATATATTATTCTTTAATCATTGCCTTGAAATGATGTGCATAATTTTTATCTTTAAATAATTGTTCAAAAAGAGCAATATATTTATCAACTGGCAATGTTTCATATTCATCAGTAAAGAAATGTGTTTCTTTATTAACAAATCTATATAGGCTTGAATATTTAGAATCATTTTTTAATTTATTAAAATCATCTTTCAAAATAATAGAGTAAAAAAATTCAAGTATATTTCTCATAGTATTTGGTAATAAAATTTGATTTATATTTTTTTTGATAGTTATTTCTTTGTAAGTTTGCCAAAAAGCAAGATATTTATATAAGTTTTTCTCATTTAGAGAGCCAATAATGGAGCCTTTATCTGTTCTATAAATTTGAAATAGTTTACTAGCATCATGATTAATAGTCCTTTTTAACTCATCAAAAAAATAGATGTTATGTGTCAATATAAAAAATTGTTTAAATAATTCAGTTTGTTGATTTTTTAATTCAGTTAATTTTCTTATGATAAAAGCTATTTCAAATAAATTATTATTTGAAATACTGCTGATTGGGTCATCAATAACTACAATAATATTTTTTATTTTTGCTGCTGACTTACATTTTTCTATGAAATATAGAAAGCTAATAATCATTTTTTCGCCTTCACTAAAAGAATGAAAGTCTTGATTATTATTTTGGTCTTTTCTTACTAATTTATATTTATGTTTATCTTCTTCTGGACTATTAATAATTGTTTCATCTATATAGTTATCAATATAAAAATAATCAAATCCCATATTTTTTAATTGATTATTAATATTTTTTTTTGCTTCTTCTACATTTTTAAATTTTGTAAGATTTTCTTCATATTCTTTTTTAAGTGTAGTTAATTCTTTATTTTTTTCTATGATTTTATTGTTACATACAATTATTTGTTTGTCAAGTTGCTTAATTTCATTATTTATATCATTTATATATTGTTGCAATTCTGTTTTTTTGATACTCCAAAATATGTTAACTAAATATGTTTTTGTTGCTTCTTGATTATTAATTTCATTATTATCATTATCAATTTTTTTATTAATATAATTTATAAAATTATTAAGTTGGTCTAACTCATTATCTATATTTTCTAAATTAATTTCTATATTAGGTTTTAAAATTTTTTCTCTTATTTGTCTAGAGATTATATTTAATTTATTAATTAGACTATAATATTTTTCATCAAAAATTTTTATTTCTGCCTGTATATATTTATTATCTATATAATTATTTTTATTTAATAAATTTAACTCATCATCAAAATTATTTAGTAACTTGTTTAATAAATTAATATCATTATTATATGAAATATCAAAATATTCTTTTAAAGAATTAATAAACTCATTAGTTATTGTTTCTTTTTGACAAAATGGACATATATTATTA
NZ_CP097562.1_gap42	1747932	1750979	3047	AAAAAATACAAGACTGGATGAATAATTATCCTAGAAAATTATTTAATTATAAATCGGCTAATGATATATTTTATGAGAACTTAAACAACTGCTTAAAATGTTGCAATCGTTTTTAGATTTTACAATATAGCAGACTTTTACAATTTTTACTTGTCAAAACAATATAAATATATTATCTTTATGGTTTAACAATGAATAATGAAAGTTATCATTTTTGTTTTTATCTGTGGCACAATTTTTTAAAAAACTAATTTATTTTATTTTGTCTTTATCTGCCACGCCATTATTTTTTATATGAGGTTTTTTATTATGGCGAAACGAGCTTATATTAAGCATATTACATCTTACTACCCAAATAACTTTGAGTTTAATAACCCAGAGAACCGTATTACAAGTAAAATAGGGGTTTTAAGACGCCCTGTTGCACTTCCTAATGAATGTGCGTCAGATTTAGCTGTAGAAGCAGCAAAAATTATGTTTGCAAAATACAATGTGAATAAAGAAGATATTGATGCACTTGTATTATGCACAGAAACACCAGACCATATTATGCCTGCAACATCATGCATTATACACGGCAGGCTTGGTTTAAAAACAAACTGTATGTGTCTTGATTACAACCATGGCTGCACAGGTTATATTTATGGGCTTTCTATTGCAAAAGCATTAATAGAATCAGGTCAGGCTAATAATGTCCTTTTGCTTACAGCTGATACATTAAGCAAACTTATTCACCCAAAGGATATGAGAACGAAACCGCTTTTTGGTGACGCAGCTGCTGCAACATTGGTAGCTTCTACATATTCAAGAACAGAATATCTTCGCGGATTCCAGTTTGGAACAAACGGTGTAGATTTTATGAAAATCATTATAAACTATGGTATGATGCGAATGAAGTATGCTTCAAAGGAAGAAGCATATAGAGAGATAGAAGACCAGTATGGCAATGTCCGCACAGATGCTGCTGTATATATGGACGGTAAAGGTGTTGTGCAGTTTACTCAGACAGTTGTGCCGCCAATGCTTAACTCTATTTTAGAAAAAAATATGCTTTGTCTTGATGATATAGACAACTTTATTTTTCATCAGGCAAATAAATTTATGCTGCAGACTATCCAAAAAGCGTGTAAAATACCAGATGATGGCAGATATTTTAATGACTGCGAAGATACAGGCAACACTGCTTCTGCAACTATACCTATAGCTATTAATAAAATGCAGTCATTAAATATTCCACTTGGCAGAAGAGCATTGTTAATGGGCTTTGGTGTTGGTTTAAGCTGGGGTGGATGTCTTGTAGATTTAACACTTATGGACCCTGAAGAATAATTTTAAATTTTTTTAAAAAAAGTTGTTGACAACTGAAATAAAATATGGTTTACTCTGCAAACACTGAATAGATAATCTTTTCAGACATTCCCCGATAGCTCAGTCGGTAGAGCAAGTGACTGTTAATCACTGGGTCGGCGGTTCGAGCCCGTCTCGGGGAGCTTCTTTTTATACCTTATTAGTAGTTTGCTATTAATAAAGGGTTATTATTAACTAAAAGCAAATTTATAATTTTGTCGCAAATCTTTATAACTTCCTTGCTTTTAGTTTTAGATTTTACCCCCTATTTAATAGGGGGTATATCCAACACTACAATTTATCAATTATCTCTTTTGGTGGTTCTTTATGGTAACCGCTGAAAGACGCCAAAAGCAAATCCGCTTTCACAGTGTAGATTTATATAATTCTATACAAATTCCAGTGCGTGATTATTTACTGGAATTGACGAAAGATTTAGAACTTGCCGTCCTGCTTAATCAGATGATATTTTCTAAAAAAGAATATATGACATTGAATGACATAAAACGGCTGTCATTAAATGAGAAAACAAAACAGACTATTCGGGTTAAGCTGGAGCAGCTTATAGAATTTGGTTTAATAAAAAAGTATAAAAATAATAAGATTATATATAATCAAGATTTATATACAGTATCTGACAGCATAATATCTGCCCCAGAAGATAATAAAATATTAGGAATAGTAGAGGGGAAAGACTTAAATTATGAATTTCACTATTTAATGGCAATGATTATAAATAAATTTAGAACTTATGCATTAAGTGGCATAAATGAGCTAACTATATCAGTATATCAATTAAAAATAATGCTGGGTGTAAATAACAGTGAAAGTTCTATCCGTAATGTTTTAAATCAGCTTGAAGAAGATAACTATATAACAATTGAAAACAGTAATAACATAAATACATATATTATTAATACAGATAAAATCATAAATAATTACAGCCTTGAAGATATAAAGAAATATACTGATGAACTGGTAAAATATTATGAAGAATATTTAAAACGAATGGCATATTATATTTATAAAAACAGGTTGAAAAATCAAATCACTATTGACTATTATATTAAAAAACATTAGACAGATTTAAAAATATGATTAAAAAGATGTTTGAAACTGGTAAAGCTGATTATTATATATTAAAGCATATAATAATCTACTTAATCCATAATATAGATTTAGAGAAATATACAAATCCAAGTGCTATCAAAAAAGAATATAATGAGCTGGCGGAATTATCAAAAGATTTATCTAAAAGAAAGGCTAAACGGTTTATATATAAATTTCAAAATAACTTACTTAATGAAGAAAGCTGTAAGGCATTAAATAAAATCTACTGGGAAGAAGCATATAAATTAATAGATAACTATAAAAATATATTTCGTTTAAAATATTTTGAAAGCAGGGCAGGTGTTAATTTAATAGATTTTGAAGACTACAAGCAGGAAGCAGTTTATACTGTATATAAAACATTAAAAAAATATAATATTATTGATATAAACGATAATACAAAATATGATGCAGAATTTTTATTAAGTGCAATATTATACAGATTAAAAGAGAAAATGTTTAACAACAGGGAAACCGTAGAAACAGAAGAAAATAAACGAACAATAGTGAAATATTCAACAGATATAAGTAATTTAAATTTATCAGCCTATTTAAATAACGAAGAGCAGGAACAAGAGCAGGTAGAAATA
NZ_CP097562.1_gap43	1804690	1809595	4905	TGATACTTGTCGGCAGGTGCAAAAGTGTCCATTATTTGTCCTGCCAGCTGAACTCTTGAAGACATCTTTAATTTATTATTTTCTATGGATACAACAGCAATACCATCTAAAAGCTCAGCTATTCCTTTCTGAGGATTACCATCATTATCTTCAGTTGGGCATTGGTTTTTCATATTAATATCAATTATGTCAGGATATAATTCTTTAGCTTTGGCACAGTCATTTGATATATACATTAAATCTGCCATGCCTACTATCGTTTCATTATTTCCTTTTGCATTTGTAACTTGTGTTCCAAAAAAAGTAATTTCATAAGTTCCTGTAAGCTCTTTGCTATAATCAAGTGTAGTATTGCCACCTTCAGTTCCAGTGCTGCTGTTTCCACTGTTATTGTCAGAATCTTCTGAACAGCCAGTAATAATAAAAGCGGCTAACATACATGATAAAATAATAAATAAAGACTTTTTCATATCCTTACCTCCTAAAAAAATTTTTCTGATTATATCAGGGGGGGGAAATGTCAAGTATTATTTAAGGGTTATAAATAAAATTGATAATTATTGCAGCTTATACTGCATAAATTCTTTATTGTGTTTAGAATAGACAGTGTGTAGATTAATATAAAAACTGTTACAGTTATGTCTTACTGAGCCTTTTAGGCGAAGTATCTAGAATGTAAAACTGCAACGGTCTTAAAACAGCATTGATAATTGTTGAAACATATACTGTATAGATTATTCGCGATGCTCATAATGACAAATGGGGTTAAACAAAAATTTTAGATTAATCCACTAAATAAATTTTTTTCCTGTAAAAATGTAAATCCATTTTTTAGTTTTCTATATCTATTAAATTAAATTTCAACCTTATATATAATAAACAGGGGCATAAAGCCCCTGCAATACAGAGCGAGTTAAATTGTTTCGTTTACTAATTGTTTTTGAGATTGCCTGACCTTAGTTAATAAATTTAAATAAAGGTCTGAAGGATACTGCCCAATAACATGGTCCGTTTCTGTATTGACTATCTGCAAAACTGATATTTGAGTATTTTCATCAATATAATGATTTCTTTCAACATACTCTTTTCTTAAATCTTCTACCAGTTTTGATAATGCTTCTTTTTGATAATCAACATTATCTGGGTTATTCCCACTTGTCTTATCAGCAGTTTGAGCATGAAAGATGGCTGTATCTTCCTGCATACTATTGTCATTTGATACTGTGCTTTCTGCACTTGTATTAATAGCAGCATTATTTTGTGCTGTCAGACTTGCTTTATCTTTTTTTTGCGGAGCATTATTAGGCGTAGATGTTACTGCGGTTTGTCCGCTTATAATGTTTATCATATTCTACCGCCTTTAATAAGCGTATATGCTTATTTATTAATGCAAAAAAATTGTCCTTATAATATGAGACTTGATTCGCATTTGTGCATCCATGCTTTTTCTGCCCTTTAATATTTACGCACAGGCAGTTAAAGTGTTTTTTGAGATTATTTCTCTAAAATTTAGGTATGGTGCTAATATAGACTGGTGTTGTTCACCTGGACATAGATAGTCTTAAATCTTCCCTGTATTCAAGGACATCGTCACTTATAAAAGTGTATTAGCCTGCTTCCATGCAGCCAAAGGCATAAATCCATCTAAGCCATATACCTAAAGTATCATTGTTTAAACCAGACCCTCGCTCCAAAGCCTGCAATATTTACAAAAAAAGCCAAGAGAATATTATATATCCCTTGGCTTACTTATTGCAATACCTTAAACAACTTTACAATTTAAATTATATAAAAATATGTATAAAAGTCAAGAATATTAAAAAATATTTTGCAATTTTTTTATTTTATTATAATAATACTAAAATTATATTATTTTGGAGAGCATAATGGGGTTTTTTGATATTTTTAAAGTTAAAGATATTAATGGAGAGCTTGAAAAAGCAAAAACTATTGAAGGAAGTGTTATATTGGATGTCCGCACTGTTTCAGAATATAAAGGCGGTCATATCCCTAAAAGCATTAATATTCCAGTTGATGAAATAAGTAAAGTCTCTGTCAAATATCAAGATAAAGCAACGCCGTTTTTTGTTTACTGTTTGAGTGGTGCAAGAAGTGCTGGTGCTGTTAGGATAATGAATCAAATGGGCTATGAGAATGTTGTAGATATGGGCGGCATATCACGCTATTATGGAGAGATTGAACACTAAAATTTTTCTAAAATGGTAATTATTTCTTCACAGCTTTTATCTGTATTTATATCTAATATTTTTAGCCGTGAAACATGACCTGATGATATTGTAACATCAGATTTTGGTATATTTAAAAGTTTTGAAAATATTTTAATAATTTCACTGTTTGCTGCACCATCTACTGGTGGTGCTGTTATTTTTATTTTTGGCAGTCCGTCATAAAGCCCTGCATAGCCTGATTTTTTAGAATTTGGCTGTATATATACTTTAATTTTCATAATAATATCCTTATATGTTTTATTTCAAAATTCGTTTATGCTCACTAAAGAAGTCTTATCCTAAGGATTATATGTCATTCTGAGCATAGCGAAGAATCTAGAATATACAAATTTCTACTGCCAGCATCAAATTAGAGTGTGATAATTATATGCAGTATTTACAATCTAGTTCCTTCGCCTGTCTGTCAGGCTCAGGAAGACATATTTTAGTATTTCAAAAATTTATGCAGTATAAAAATGTTACTTCATTAAAAAATATACAAAGTTAAATAAAGCTCTCATACACTTCAACTTATGTCTTACTGAGCCTGAAAGGCGAAGTATCTAAAAAACAGATACTTTAAATATATCATATACTATTGCAATATATATAATTTAGATTTTTCGCTATGCTTAAAATGACAATATATTAATTATTATAATAACTATATGTAGTTTAATATAATGACTATAAGTATAAAACAACTTATTAATAATAACTATTACGGATTATTTCATACTGAGCATTTATGCGAAGTATCTAAAAAGCATACAATTTAAATATATTATTCATTATTATAATATATGTAATACAGATTTTTCGCCTCCAAAATAATTATAATATGATATTATAAATTATTGACCTTATATTTTCACAAAATGTATTATTTGCCGCACTTAATTCTATATATGCTGTATTGGATAGTTTCTAAATCTTTTGGAGTAAATTTATAGCCATTAGTGCATCTGCCACTGACAACATAGTCATTTTCAAAATTAACAACAGCATATATTTTGCCATCAGCAGAATATTTTACGGCTTTACCATGTTTTATGCCTTCTACAAAATCTACAAATAAAAAAGGTCTGCCAGTTTCTTCATCAAATACTTTTAATGTGCCATTCACAATGCCATCATTAAAGGGTATTTCTTCTGTTAATATACCTTTTTCTGTATATGACCTTTCATATCCGTGTTTTCTGCCCTGCTTATACATTCTTTCTAATTTTAATTTGCCGTTATGATAATATTTTTTGGCAGTTCCTTCTTTATAATCATTTTTGTATACAAACCTTGCACTTAATATGCCGTCCATATAATAATCTTTTCTTATACCTTCTACTTTGCCATTTTTATATGGTATTTCAGATTCTACACCACCTATTTCATAATACAATCTTTCAATGCCCTCTATTTTATCATTTTTATATGGTGTTGCTCTTAATAATGCACCGCTTGGAAAATATCTTTTTTCTATCCCATCTCTCTTGCTGTTTTTATATATGGTAGTTTCTTCTATAAAATCATCATAATAATACATAACAGCTGTGCCTTCTATTTTTCCATTTTTTATTGGGAAATAAATATTTCTGTTATCATAGTTTTTAAGGCAGGCTGTGCCAGTTGTGTTTATAGAATTATATAATTTACCTTTTCGCATTCCTGATAAGTCACTTTTAGTTATAATAAAATCACATTTTTCATCACTTAGAGAAACATTAGGATATATAAAGAGAGAAAAACATAATAAAAAGATACCAGCTAGTTTAGAGCAGCTCATCACTGCCCTTTGTTATCATCATTTTTAATTAAAACTGTGCCAAGAGAATCTATCTGAACATTATCTGCCACTTCCGTATGCGCTATAATATTAAGGCTGGGGGAATATTTTTCCACAAAGCGTCTCATAGCAAAGCGAATAGGCTATGAAACAAATAAAACTGGTGGTATACCTTTTGCTGTAACTTCTTCTGTTTTATCCATAAGCCCTGTTAAAATTTTTCTAGCAGTGGCTGGGTCTATTACAATCTCTTTGCCCTCATCTGATGGGTGCATATTTTTAATAATAAGCTGCTCAACAGGCTGCGGCAGAGCAAATACATAAAGTTTGCCATCTTGTGCTAAAAGGCTTTCTGTAATCTGTTTACGCAGTGCAAAGCGGACTTTTTCTGTTAAATACTCTATATCTTTATTCATAGTGCCATAAGTTGCAAGTGCTTCTAAAATAGTCTGTAAGTTTCTAATTGAAACACGCTCTTTTAAAAGATTTTGCAGCACTCTGTTTAATGTGCTTAAATCCAATATTCCAGGCACAACATCTTCCACTATTTTTGGATGTTTTTCTTTAAGTTTATCAAGCAAATCTTGAGTTTCCTGTCTGCCTAAAAGTTCAGCAGAGTTTTTCTTAATAACTTCTGTTAAGTGTGTAGCAATAATAGTCGCAGGGTCAACAATAGTATAGCCAGCAATTTCTGCTTTTTCTTTTTCTATTTCATCTACCCATTTTGCAGGCAGACCAAATGCTGGCTCTTTTGTAGGGATACCACTAATATCATCCATTGGACCTGCAGGGTTCATAGCCATATATCTGTCTGGCATAACACTGCCTTTTGCAGTGCGGACACCACGGAGCAGCACCACATATTCATCTGCATCAAGCTGTAAATTATCCCTTATT
NZ_CP097562.1_gap44	1810826	1813008	2182	TATTTATCCTTAAAATATTTAATTATGGATATAGTATATATATTATAAAGATTATTATATCCATACCCTTTTGATATTATATAAAATTTATATTATTTTTTCCATAAGAAAATAAAAAAGGCGGGATATAAATATACCCCGCATAAAAAATAACTGAATTATTTATTTGTTTTAAACTGCTCAATTAAGTTTTTCAGCTTTTCTGTTCTCTGCTGAATATGGCTTACTGTATTATTTACTTCATTTACTGCCGCATTACTTTCTTCAATACCTGCAGCAATTACCTGTGTATTATCCACAACTGTCTGAATTGTTGCATACTGCTCAGATACTGCGTCTGATACTGGGCTCATTGCCTGATAAAGAATTGTAACATTTTCTACTGCTTTTTTAATTTCAGTTGTAACATTTGTAATGTTCGTTGTTCCTTCATGAACACTTGTTACTGATTTATCCATAGCATTAGAAGCATTATCTGCATCTTTTAAAAGCTCACTGATAATGTTTTCAATCTCTTTTGTAGCTCCTTGAGTTCTTTCTGCAAGTTTTCTCACTTCATCTGCAACAACTGCAAACCCTCTGCCTGCTTCCCCTGCCCTTGCTGCTTCTATCGCTGCATTTAATGCAAGCAGGTTAGTCTGGTTAGCTATATCATTAATAACATTTAATATATTGCCTATCTGTGCAGAGCTTTCTGATAAGTGGCGGATAGTTTCTGAAAGATTTACTGTATCCTGTTCAATTACTGTCATTTTTTCACTTACATTATCAAGTTTTTCAGTTTCATGTCTTGTTGCATTTGCAGTAGTTTCAAGTGACAGCATATTTTCTGAAAGTGCATCACTTGTTCTTTTTGAAATACCGCTTACATTTTCCATTCCCTCTACCATAGAAGATACTTGTTGTGACTGAGAGTTAAATGTAGCTGATAATTCTTCCATAGTAGCTGCAAGCTGATTATTAGCAGAAGCTACTTCTATAATAGATGAACGAACTTCGCTTACAACATCCTCTGTGGACTGATTAAGGGTATTAATAGCTTTTAAGATAAAGCCAAGCTCATCATTATTATGAATTTGCAGTTTTACAGATAAATCTTTATTTTCTGCCATTTTATATATTTCATTAGCAAATACACCAAGTGGATTTAATATTTTACGCAGTAAGAAGTAAAGAACTATAACACCCATAATTGATATAACAAGTATAATTATTGCTATTTCTAAAGCTAAAAAAGCAATATCTTTTGCAAGAGTGTTTTTATCCACACCGTAAAGAATCACAAAATCATAGTCTCTTACAGGCATTACCTGACCAAGCCTTGTAGAGCCGCTGACACTGTTATATTCCTGTGGTTCACTAAAAGCCATTGAGCGTGTTTGAATTTTTTCATTAATATAATTTACAAGTGCAGTGTCATATAATTGTGTAACATTTTTCATTAAATGCTCTTTATTTAAAGCAGAAGCAATAATACCGCTGTTATGAACAACATATAAACGACCATCTAATCGTTCATTTGGAAGATTTTTTAAATACTGGTTTACATTTAGAACAAAGTCCACACTCATTAATCCTTTAACTCCACCTTCTTTTTTAATAGGGTATGTTAAAGTTAAACATATTTCACCAGTTGTTGTATCCTGATATGGCTCAGAAAAATATATATCAGCAACTTTCATGCCCTCAATATACCAGTCTCTCACTTTATGGTCATAATCTTCTGAAATTGAATTAATTGATGCTGTATCAACAGTAAACTCACCATCTTCATAGGCAAGTGATACATTCAGCACACCATTAATGCTTTTAAATTCTTCTAAAACAGCACTAAGTTTTACTCTGTCTTCGTTTGGATTAAAACTATTAACAAATGATTTGACAGCTAAACTTCTTGACCTTAACTCTTCATAAACAATATCAGAAAGAAATGATGCTACTCTATACTGTGTTAATTTAGAAGTTGCAAAAATGTTCTTATAAAAAATATTATAACTTGAAATAATTGCAGCAATAGTGATAATTGCAATAATAACTGAAACAACAATTATTACCTTGCTTTTAATAGTAATGTTTTTGCCCATGATAATCTCCGCATAACATATAATCAAAAATTTATTCAAATTATTTAATAACTATTATATAGACAGCTGTAAATGGCTTTATTAAAATATATACTTAA
NZ_CP097562.1_gap45	1814797	1817936	3139	CTGGCGGAACAGGCGGCATGAACTCTGCTGCAATGACAGCAGCTGGCTTTGAAACAGCAAGTGCAGCAGCAACTGGTGCAAACTCATATTCAATAGAGTTTGAAGCAGTAGGCGACAGGACAGCAAGCGGCACAGGTCAAATCCGTTTCCGTGTAATGAATACTAAAACTGGTGAAATCAGTGAGTGGGCAACAGCAGCAGTAAATAGTGCAGGGGCAGTATTAAATGCATCAGCCATATCAACTGGTTTAGTAGGTATTAGTAAAGCAGTGTTGTCATCAGCTGCTGCAACTTTTACAGCAACAGCAGCTTGGACAAATGGAGATAAAATGCTTGTGAGTGTTGCAGGTGCAAGAGCAGCAAACTCAGCTGGTGCATCAATACAAATAGGCTCAACAGGCTCTACTTTACATATTACTGCAGGTGCTACAAGTGAGGATAAACAGCTTACTCATGTAATACACACAGCACAGATGGATAAAGCTGGTAATGTATACTATGGACAAATGGATATAACTCTTGAAAGAGGCAAAGTGGTATCTGGAACAGGAACAATAGATATTCTTGGCACAGGTGATGTTGCTTCTAAATATACAAAACTTTCTCAGCTGGCACAGTTTACTAACTCAGATGGTAGAATGATTTTAAGTAATACACAAGAAATCAGCATATATGCAGGCAATGGTAAAACAGCAAAAATTACTCTTGAAGGCAGCGATACAATAGCAGATTTAGAAAGCAAATTAACAGCAGCTTTAGTTGAACAGTTAGATATGGGGGCAGATAATACAAATACAGCAGCAACTACAGTTAATAATAACTTAGTAAAATATGTAGAAACTCCAACAGGTGGAGACCATGCAGTAGAAGGCACATTTGTAATACAAAGTGCAGTGCTTGGTGAAAAATCTAACTTAACATTTGTAGGTGATGAGGCTGTGTTATCAGCATTAGGTATCACTCAAATTCAGGAAGCTGCAGACTCTGCATTAAATGTAAGAGTAACAGATGCCCACACTGGTGAGTTTATTGGCGAAGATGTAGTTACAGATAACAGATTAAGAAATGTTATACAAGGTGTAGATGTTATCATTAATCCAGAATCTGCTGCAGATGTAAACTTTATAAATGGTAAAATGGTGTTTACAGATAAACTTGGTGCAGAAGAGGCATTCCTGCATATTAAAGATAACTCCACAAAAGCAGCAGTTGGTGCAAATGAAGGACAAGTGATTGATATATCAATAGGCAGATTAGACACAGTAGGTATGGGAATTGATGGCATAAATGTAGCAACATTTAATGATGCACAAAAAGCAATAACAAAATTAGACATGGCATTAGAGCAAATCTCAGCTGCAAGAGCGATAGCTGGTGCACAAATGAACAGGTTAGAGTATACAATTACTAACTTAAATACAACAAGAGAAAATATGGTATCAGCAGAAAGCCGTATAAGAGATTTAGATATAGCTCAAGCATCAAGCGATTTAGCAGCACAGCAAGTATTACTTCAGTCTGCAACAGCAATGCTTGCACAAGCTAACCAAATTCCAAGCTATGCAGCACAATTATTACAATAACTATAAAACTCCCCCTTTTAAAAGGGGGAGTATAAAAAAACTTTGGCTTTTGCAAAATAGTTTTAAGAAAATATTTTACAAAATCCAAAGATATACAAAGCATCTCTCCACAGCTTTGTATATTCCATAAAAAGTGTAGTGCCAATACACAAAAAAAATGGTTTAGGTCCTCCAGCCTAAACCATTTTTTTATTTTCATGTATGCTTATATGAAAAAATTTATTGATTATTTATCCAAATATCTGCCCAATTATTTTTTATGTATTGTTTAAATTCAAATACTGCTTTATTAATATCATTCATATTTTCCTTAAACATAGTGCATTTGGCTGGTATATTATCTTGACAGTATTTAGGATTACCGCATTTTTTATATAGTATACATATAGGTGGTTCATCCATTAAATCATTTTTTGCCTGCCATTTGCAAAGCTGACAACTTTTCTTTAAATACCCAGCATGATATGCCATGGCTTGTCCCATAGTGTAAAGCGAACCACAATCAAAAAACATTGGTATACAGTCATCATATGGAATACTTATTTCATATATTCCTTTTCTTATTTTATCATAGTTTTTACAAGTATATGAAACTTTATCAACATGACTTTTAAGTGAAGGAAATAGTATATATTTTTGTATATCTTGTTTAGTATTATATGTAGTATCTTCTTGTCTTTTAAAATTGTATAGTTGAATATTTTGGTTTTCAATTAATTCTGATGAATTTATAATATTTATTATATCTTCTTCTGATTGTATTCGCAGCTCAATAATATGAATTCCTGAATTTTTCTTTTCTAGACTACATTCATGTGTTACATATATTTCTATAAAAATAGGAGCAGACTTATGTTCACAATATATATCTGCAACAAAACCATTATATTTATGTTCAAGTATACATTTTTTGTAATATTTTTTTAAATCAAATGTTTTTTTTATTGGTATACTGCAAATATCTTTATTATATATTTTACATTTTTCATATTTTCTACATTTATTTTCACAGTTCAATTTCAATGTGATATGCTCATTATTATTAAACCAATCAGCAATCATTTTTTTTGCAATAGAGTGTAAATAACTATCATATGAACATTTATTTGTTTTATGGGCAAAGTGCCATTGGCGTATTTGTCCGCGTTTTAATATCATTTTAGCATGACAATTAGGACAATAATACTTATTATTATCAACTGTATTTTTTATATCAACAATATTATTATCTTGGTCAAGTGCAAAATGTTGATATTTATGAGAATTTCTTTTCATAACAAACTTTTATTATATAGAATAATTTCCTTTATATTATAGTCAATAATATAATAAATCAATATAGTTTAATTCTTTTGGATAAGTTCATATAATTTAAATATATCATACACTGCTGCAATATATATAATTTAGATTTTTTGCCTGTAAAAATCAGGCTCAAAATGACTTAACAAATTTATATTAAAAAATACTTTCCAGCTACGGACTTTTAATTCATTGCTACTCACTCGGAAAGTTCTTGTGTCGCAGAAGATGCTCCCCATGTATTTTTTTAATAA
NZ_CP097562.1_gap46	1835047	1838519	3472	GTTTAAAAGGTATTCCATATATGCAGTGCCAAGAGTAATATTTGTTTCTGTATCAAAAAGATTACTGTTTTCAGGCATACCCTGACCAGTTTTTTTATTAATATATCGTGCAGTATCTGGTAAAAGCTGCATTAGACCTTTTGCCCCTTTATGAGACTGAGCATAAGGATTAAAAGTGCTTTCAACCTGTATAAGTGCAATAATAAGCAGTGGGTCAAGGTTATGAAGTTTTGCCTGCTCTGTAATTATAGAAGCAAGCTCTATACGCTCTTTAGAGCTTAATCTTTTTGCAGAACACTGCCGTAGAGCATAGTCAGTCATAAGTATTGTTTGCTGGTCTGTAATAGTTTTGTTTTTCTCATATATTTCAAGAGAAAGATTGTTAAGACGCATAGTTTCCTGCATAAGTGAGATTTTATATTCGTCATTTTTTTTATCAATATATGGCGAAATAAGCATAGGCAGGACTGTTAAACAGCCAAGTATTACAGCTGTCAGATAAAATGGCGGAGTAATATGAAAGAAAAAATTTTCTAATTTTGATAAAAAGGATTTAATTTTCATAATCATATAAGTTAATATAAAATCATTTAGTGTCAAGTGAAAATGTGAAGTATTAGACTAATTTACACATTTTATATATTTTTTAAGGAGCAGCAGTGGAATATACATTTAACAGTATGATTTTTAATGATGTAACAATATGTCAGCTTAAAAATAATGGCTTTCGCTTTGGCTGTGATTCGCTTGTGTTAGCATGGTTTACTCATGCAAGGCAAAAGTGGCATATAGCGGATGCAGGCAGTGGAAGTGGTGTTATTGCTGCATTAATTGCAAAAGCATATAAATCAAAAGTAACTGCCATAGAAATGCAAAATGAAATGTTTGAATGCTTAAAGCAGACTGTATCATTATGCAATATGCATGATAAAATAACACTTGTTAATCAAGATATAAGGCAAATGAAAAAAGAAAAACTTTATGACGCAGTAGTATGCAACCCGCCATACAGACATGCAGGTACAGGCAGAACAGCTGAAAATGAAGTAGCAAATAAAGCACGCTTTACAATAACTATGAATATAGAAGATGTTGTAAAATTTGCAAAAGGCAGTTTAAAGCATAATGGCAGGCTGTTTTTTTCATACGATGCAGATATGCTTATAGAAGCACTGTATATATGTAAAATAAATAATTTACAGCCTAAAAGAATGTTATATCTGCATAAGGATATATCATCAAAAGCAAAACTGGTTTTTGTAGAATGTATTTTGGCAGGTGGCGAAGAACTGTGTATTGAGCCGCCACTTTTTCAGCAGGGAAAAGAAGATGAAACAAAAAGATATAATGACATATTTAAAGGAATATGGGAAAGTTAGAGAAAAATTTTAAAAAAATATTCTAATCAATTATAGACATGGCATTATAGAAAAGCAGGATTTAAATGAGAATGCAGTTATTTTGCAAAAAATAGATTTAATAAATAATGATTTTAAAACAACTTAAAATATTATTATATATTATGCAATATATTATATATTTATACTTCATATTTTTGGATAACTGCTTATGAAAAATTGTATATAAAAATATTTATTGCTTGACAAAAATCATATAATAAGACTAGTATATAATAAACCTAAAATATCGTTTTATAATTGTAAAAATGGGGGCTTATATGCGTGGGGAAAAAAATAAAATTAAAAGAGAAAAGTCTGAGTATGCTGTTCAGGCTGTAAGCAATGCAATAGATATTTTAGAGCTTTTAGGTAACTGCGAGCATGAGCTTTCCATGAGTGAAATAGTCTCTACATTAGAGCTTACAAAAAGCAATGTTAATAAACTTTTAGCTAATCTTGAAAGATATGGTTATGTGGAGCATAATAAATATACAGGCAACTTCCGTCTAGGTGTTAAAACATTTCAGATTTCGCAGGCATATATTAATAAGTTAAATTTAATAGATATTTCTCATCAGGTATTAACTGATTTAAAAAATAAATTAAATGAATCTACATATATAGGTGTTCTTCGTCATGGTAATGTGGTTTATTTAAATGTTATAGAAACAGATGAGCCTGTCAGAGTAATGCCAAGGATTGGTAATGTAGGTCCAGCTTATGCAACTGCTATTGGTAAGGCACAGCTTTCCACACTTGGTAATAAAGAGATTACAGCACTTTATGAAAATAAAGAGTTTAGAAAGTTAACTGATAAAACTATTTCTGATATAGATGCACTTTTAAAAGATATTTCAAATGTGAGAGAGTGCAGATATGCTCTTGATATAGAAGAATATGAAAATGATGTTCATTGTGTAGCTGCTCCAGTGCTTGATTTTATGGGTAAAGTAATTGCAGGTATTAGTGTATCTGGTCCAAAAGTCCGTATGAGTATGGAAAGAATAGAAAATGAAATAGCACCGCTTCTAATAGAAGCAGCTCAAATCTTATCAGGTAAGTTTGGATATATGGGGTATGATGCATCAGCAGAATAACCATAAAGCTGTAATATAAAAATTATAATTTTTTTAAACTTATGCCTTATAAAGAAAAAATACATTTATTTAGTGGCTTAGCCATAATTTTTGGGCAAATTCATGTTTTGTCACTGCATAGTCTTACTGAGCCTTTTAGGCGAAATATCTAAAAATGATATAATTTAAATATATTATACATTTCTGTAATTATATAATCTAGATTTTTCGCCTTTAAAAAATCAAGCTCAAAATGATTTATGGTATGCAAACCTGTATGACTGCAATACATAATTTTAGTAAGTCCAAAATAGTCATATATTAATATAAACAATAATACTTTTATCTAAAAAGTATCTGTTTTAAAATAAATGTTTTATTTAATTTAATTAAAATTCAATGTTATAAGATATAATTTTTAGTGAAAAAAGTTTTTTTATGTATTATATGTCTTAATATGAAATAAATATTCTTTCATACATCTTGAAAAATACTAATAAATTGTTAAAATGTGTAATATTGTCTGCTTTTTCTTGTATATTATAAAATATAACAATGTTTTATAATATTTAAAAAAATAAAAATATGTTTATAAATAAAAACGAAATTTATGGTATAATATATTGATAAATAAGCAGTTATAATGAAAGATATATATTTTTCTATATATAATGAGACTAATTTTATCTTGTAATAATAAAAAATATGTGATAATATAGAAATAAGGAAAAAGATTGTTTTTGAATATTTATACAGCAATCAGATTTTCTACCTTTATTGAAGTTAAATATGCTAAGCATTCTTTTATCCAAGTAATATTGGGAGGTGCTACTTTGAAAGTAAGCAGAAGAACATTACTTAAAACTACAGCTGCAGGAGCAGGTCTTTCACTGGCAGGCTTTGGTTTTAATATCCCATCTGTAAAAGCAGCAGTCAAAGGCTTTAAGCTTGATGATGCACAAGAATACACATCTATTTGTACATTCTGTGCCTGTG
NZ_CP097562.1_gap47	1856078	1856745	667	TCACTTCTGCAATGCTTGTATCATCTCTAAAAGCTGAATACATAAGGGGAGTTCTGCCTGTAACATCAAAAATATCAACATTATCAGTAGATTCTATGGCTTTTAATATATCTTCTTTTGTTCCTTTTCTAAAAGCTTCAAAAATAGGGTTGTCATTTGATACATACTGAGAATCAAACTTAGTAACAGGCACATCAAGAGGGGCACCAAGCTCATCAAAATCTTTTGATGCATTATAATCTGCAGTAATATACTTTTTAACTTTTTCAGGAATTTTTGACATTACAGTTTCTGGAATACGCGGTGTAATGTATTTTTTTATAAGATTAAAATCAGTAAAATATAAATAAGCACCGCCGCCAGCTAAAAGCCCTAAAAAGAATAATAAAAATAAAATTTTTTTCATAACCTACCAGTGTATTTTATATAATAAATTCAGTATAAATCAACTATTATTTTTTATTTAGCAAAATTCGTGCCTTGCATAGAATTATCCCAGTCTTTTAATACTGGGTCAAAGCCAAGTTTTTTTACTGCACTGCAAAATTCTTCAACAGACCTGTTATCTTCTATGGAAAACTGAGCAGCATCATCCTGAGCAGCACTGTATCCGCCGGGCTCTGTTTTTGAGCCTGCACTCATTATTGTTGCACCAAGGTATATAAGT
NZ_CP097562.1_gap48	1900207	1901452	1245	AATAGATGGTGCATCAAACAGAGGGGTGGAAGAAATCCGCTCTTTAAGGGAAGCCGTAAAATTTGTGCCTGTAAAAAGCAAATATAAAGTGATAATAGTAGATGAAGTGCATATGTTGACTGAGCAGGCTTTTAATGCTCTTTTAAAAACATTAGAGGAACCACCTGAATATGTCATATTTATATTTGCTACAACTGACCAGCATAAAATACCTGTAACTATACTTTCCAGATGCCAAAGATATGAGTTTAAAAAAATCTCTTATGAAGAAATGAACTCTAATCTGAAAAATATACTTGTAAAAGAAAATATAGAGTATGAAGAAGATGCATTAAATTATATTATCCGCAATTCTGATGGCTGTATGAGAGATGCTCTTTCACTGTTGGACCAGATAATAGCTTATGGTGGTGGAAAAATAACATTAGAAGATACAGCATATCTTTTAGGCATAACAGATTCATATTTATCTAATGATATTTTTAGTGCAATATTAAAAGAAGAAGCTGAAAAACTTGCTGATTTAGTAAGTATGGCAGATGAAAAAGGCATAGATTATAAATATATGACAGAGTGCCTTATTGAGCATTGCAGAAATATGATGATTTACAGCATATCTAATAAACTGCCAAGCAGGGATTTTACAAGCAGAGAAGAGGAATATTATTTATTACTAAAAGAATATGGGGAAAAAGCTAAGCTTTACAGCTTGTTTCAAATACTTACAAAGCTTATAAATGATTTAAAATATTCTGATTTTGCAAGATATGTTTTTGAATTTGCAGTTATAAAGGCAGCAAATATATCATCTCTTATCAATTTATTAGATGGAGAAAGTCATGCTGCTGCACCTGTAAAAAAAGAAGTATCTGCACCAGTTAAAGCAAGTGAAAATGCAGATAGACCAGTAAAACAGGAAACTATATCTCAGGAAAAATCAGCTGATAATGAGCCTGCCCCTGTTCTTAAAGGTAGTAATGAGGGTATATGGACAAGGATATTAAATATAGCTTCATCAAAAAATCCTATGATATATGCTATGCTGCAGCATGCAAGGCTTATAGAAGATACAGCTGAACATTTATCTATCAGTTTTCCACTAGAGCGTAAGTTTCAGTATAATCAGTTAAAGTCTGGCAACTCAAAAGATATATTTGAAAATATTGTTTTTATGGTAAGTGAAAAACATACTAAAATAGATATTGAGCTTGACAGCAGCATAGAAAACAGTAAAAAAAAAGCTCT
NZ_CP097562.1_gap49	1917917	1920665	2748	GGGACATACTGATTTACAGCACTGCTTCCGTAAGAATATCTGTATATAACATCACCTGATTTATAATTACTTCCGTTTGGCTGTGCTGGTGCAAGACGGTGTGAAATATTTGGTCTGCCTAATGCACCGTGAGTAAGCCCTGTGCCGCCTATTTTTTCAGGTATAGAGCCGTCATTATTACGCAGCACTTTCCATTCTTCCCACAAGCCGTTACTAAAAACTCTGCCAAAATATTTTAACAAACCATTATTAGAAATACCGGCAGGATAAAACCTTTGCCAGCCGCGATTATTAGATGTATCTATATATGTTATATACTCTCCAGTTTGAGCACCACCGGGGAAGTTTGTATGGTCAAAGCCAGTTAAATTCATACACATTTTATTTTTTATATAAATGCTGTTATCATTTAAATCTGCCTTATTTGGCAGCTGATTTTGAGCAAATGTTCCTAAATTTTTTCTTGCTTCATCTATATTTGATGAGCCGGTTCCGCCTTTACTGACTGGCAGTATTCCTGTTATGGCATTATCAGTAAGTGCAATATTATCAAGCTGGGCAAAGGCACCTAAATTTTTGCTTAAATTGTCTGCATTAATTTTGCCATTACTGTTTATAATTTTAAGCCAGAAAGAAGATGATGATACTGGGTCTTGTGGGTCAGATGAGCTGTTTGCTTTTATGCAGTAATAAAGAGCATTATCACTGCCTAAAACAAAAGCACCAATTTTATAGTCTGCTTTTTCATGCCAAAAAACATTATTTCCTGCCATAAGGTTTAGGGCATTATTTACATTTTCATTTATGCTTTCATCAAGTTCATCTTTACTAAATTTTGTTAAGCTGCCATTTTCTTCTGCTATAATGTTTGTTATATCAGAATATGATGAAGTTAATGATACATTTATTTTATTATCAGATAAATCAATATTTTCTATATTTTCCTGTTTTATAAGTTTTTGCTGCCAGCTGCTCCATATATTACTGCTAAACTGGCGAATATAACCTGTATTAAATAAATAATCAGGGCTTATAAACTGATGTATTTTATTATTTTCTTTCTGCACAAGTAAACAGCCTGTTTCTATATCAGAGCTGTTATTCAGCTGCTTTTCTATTATATATATTCCTGCTGTTGTAATGCTGTTATAATCTTCTATACTGCTGTTGCTGTCTATGTTTGTGATTTTTATCTGCCTTGTATCAAGGCTGGTGCATTCAATAAGCAAATCATCGCTGTATACTGGATACTGAGAATTATTTTTGCCAGTTCTATATGCAAGATAATCTTTTAAAGTTTTGGGATTTACTGCTTTATCTACATCTTCATTTTCTATTATTTCATGTAAGCTTGCAAACATAATGCCAGTAAGTCCGCCATTAGATGAGCGAATTGCATTTAAGTTATTTTCTTCATCAGCTGTTGAAAATATCATAAAAAAGTAATCTGTTCTTAAAATATTATTCCATGCTCCATAATGGCATGGTGTTTTTATCCACCTGATACCGTCAAAGCTTGCAAGAGTAACCCCAGTTGATGAAGCAAGGGTATATACATTTGCTCCGCAGCTTATATCTTTCCAAGGCTCATTATAATTTAAACTAATTTTCTGCCATACTGGGTTTTTATTAAGTATATCTTTTTCAAGACAGTAAACAAGGCGGGTTTCTCCATCATAAGCACATGCTGTAAACCTGCCATTACCATAAGTTAAAGATATCCATGATGATAAAGGCATATTTATTTCATTCCATGTTAAGCCGCCATCTGTGCTGTATATTGAACGAGTGTTTCCAGATACTCCAACTGCCATTATAATATTTGAAGAAGAAAATGATATTTTTGAAATCTGTATACTGCTGTATTCGCATACTTTTCTCCAGCTTTTGCAATAATCTTCTGATATATATATTTTGCCAGATACTGTGCCTGCGATAAATTTATTATTGTTATATGTAATACATGAAAAATTATCTTCTGCTATTATGCTTTCTTCCCATAAGTTACCATTATCCGTGCTTTTAAAGCATTTGCCAGTATTAGAAAGCAGGATAAATATTCCACTGCCATAAGTTATAGCAGTTAATTTATTATTTATCTGTTTTTCTTCCCAGTCTGCTCCATAATTATAAGACAAACATATCTTCCCGTCAGCTGCTGCTGCAATAATAGTATTACCGCCATAGGCAGAAGATATCCATAATCCTTTTGGCATATATACTGCGTCCCATGGTGCATATTTTATTTCTGCAGCTTTAAGATTTAGTGCATTATGAAGCCATGATATATCTATCTGTCCGTTAAAATCAGCAGGTTTTTCAGATAATATATCATTAAGAGAAAGTTTTCCTTTTTCCTGCACATAAACTGGGCTTGTTCTGTTTTCTGGTGTATTTTTAGACACTTCTACTGAAATATAAGCTGTATTATTCATTTACATAACCTTTACTGCTAGATATTTTTGCATAATGAAGTGCAGAATAAAGCCCATTTTCCACAGGTATATTTAAAGGACTGCATGCCCATTTTTTGCTTAAATCTGCATATTTTTTACACTCATCTGTTTTAGAAGATACTGCATTAATATATTTATTATAAATATTATCCATATTTAAGCGGACAGCCATATATTTTGCAGCCACTTTATTTTCTGCCTGCTCCATAAGGTCTGATATATTCACTTGTGCTTTATTAAAAGAAAACTCAGCTTCTTTTATTTTTGTATCAGTATCTTTCTGAAAAAGTGA
NZ_CP097562.1_gap50	1925051	1928978	3927	CGAAGAAGACTGGCGTCCTAAAAACTTTGACGGTCAGTTTATGGGGGAAATGACACTTGAAAGAGCGTTACAATTATCAAATAACTCTATAACTATAAAACTTGCACAGGCAATAGGCATTAAGAAAATTATAAGATATGCACAAATGTTTGGTTTTACAGGAGAAATTCCTGCTGATTTATCTGTAAGTATTGGCAGCCTTTCTGCATCTCCGCTTGAGCTTGCTGTTGCTTATTCTACTTTTTCAAATCAAGGCATGAGACCTTCAAAACCATTTTTTGTTACAAGGGTAGCAGATATAGATAATAAAACTTTATTTGAATTCCAAAAACCTGAAATGACTCGTGTGCTTGATGAAAAATCTGCATCGTTAATTACAGACAGTTTAGTAAAAGTTGTGGAAAAAGGTGGTGCATGGAAAAGCAGAAATGCAGTAAACAGAATACTTGGTGGAAAAACTGGCACATCAAATGATTCAAAAGACGGCTGGTTTGCTGGAGTGCTTCCAAACTTTGTAACTGTTGCATGGGTTGGTTATGATGATTATAGAAAAATGGGAAGTTATGCTGTTGGGGGAAATACTGCCCAGAATATATTTATAGATTACTTTAAAAGCATAAATGAAAAAGTGCCACTTGCTCTTTTTAAAGCTCCAGCAGGTGCATCTTATTTTAAAGTAAATAATGATATGCATGAGATAACTGACTCGCTTATTGGAAATCTTGGATATTCTATTTATCCAGTTGACAGCAGCAACAATCCAACAGTATATGATTTTAAAAAGTAGTGCTTATGTATAATGAAAATATAGAAAATATTAATAAATTTAATTTGCAGAAAACAGCAGAAGAGCAGCAGCATGCAAAATATAAGAGCAGAAGCATTGCAAATAGTTCTGCAAAAATGAAAAGAATATATGATTTAGTGGAAGTTGTTGCACCTATTGATGTAAGCATACATATTACAGGAGAAGATGGCTGCGGCAAAGACAAGCTGGCAGAATATATCCACAGTCAAAGCGGAAGAACTGGCAATTTTATAATAATTAACCCTGTAGAATTAAATGATATAGTTGGGTCTCTTGGTTTCAGTAAAGTATATGATTACTTTAAAAAGGCAGAAAAAGGCACGCTCTATATTTCAGATATTGCCTCAGCTAATGCAAAACTTCAGGAATACCTGCTTAATTCTATTATTAAAATAGAACAGGAATTAGGTATGTTTTCTCCAAGATTTATTTCTTCTACCAATAGAAACTTAACTGAGCTTTCCCGCCAGCAAAGGTTTAACCAAAGGTTAAGGGACAGTTTTGCTATTATCATAAATATACCACCTTTAAGAGAAAGAAAAGAAGATATAGTAGATTTAATACGAATAATTATGCGTGATTTAGGATATTTTGGTCAGAAAAGCATACCAATATCTGAAGAAGCAGAAGAAATGCTGCAAAGCTACGACTGGCCGGGTAATGTCCGACAGCTTGTAAATACAATATATCATGCAGTAAATCATACAAGCAGTGGTATGATAGTGCTGTCATCTTTACCTAAAGATGTTAGGAAAAAACAGGGATTTGTTGAAGCAGAAATAAACACTATTAATGAACTTTATAAATTTGCCCGCGGATTAATAGAAAGCGGCATTCATTCAGAAGCTATTAATCCTTATGAAGAATACTGCAAAACTATAGAAAGGCCCTTAATACAGGCAGCTCTTGATATGACAAAAGGCAACAGGTCTCAAGCAGCTCAGCTTATCAGAATAAATAGAAATACACTGCATAAAAAAATACAAACTTATGATATGGAAGAGTAATTGATGAAATATATAAAATTAATAATGATTATATTACTGCTTTTTCAGAGTATGTGTGTTTTTGCAGAAGATGAAAGAGTTATAATGGTGCTTGAAGTAAATAATATTGAAAAATCAACAGGAAATATTATGATACATTTATGCAGAAATCAGCAGGAGTTTTCAGGCAGTGTGCCTGTGGCGTATGCTTTTTTCTTCCCAGCAAAAAAGAATACTGTTACTGCAAAAATAAATATTCCTAAGGGGATGTATGCTGTAAAAGTTTTCCATGATGAAAATGAAAATAAAATACTTGATTTAAATGCAGCAAACCACCCAATAGAAAAATTTGGATTTTCTAATAATTTTTTTGGCTCATATTCAGAACTTCCACCTTATGATAAAGTGCTTATAAATATTGATAAGGCAGAAAATTTTGTAAGAATTAATTTAAGATAATAATATAATGATATAATTATACAAAAATTAAATTTTACTCTTGTATTATTTTATAAAAAGAGTATATTCAGACAAAAGAAGTCTTTTTAATAAGATTATGTGGAAGTGATAAAATGAGTGAAATACAAAATAACACAAGTTCTTCTCGTTTACAGTTTTTTCCTGTTATGATGTTTGCTGTTATAATGGGGTTTTCAGGTATTACACTGGCTTATAAAAAAGCAAGTGAAGTTTTTTTACTGCCTGAAATAATATATCAGATATTATCATATATTACTGCATGTATTGCTGTAATAATCACATTTATATATCTTTTGAAACTGATAAAATACCCAAATGAAGTAAGACAAGAAATAAAACATCCTGTAAGGGTCAATTTTTTTGCAGCAATATCTATTTCCATGCTTCTGATTTCTACTGTTTTCCATGAATATGAAAATATTGCATTACCTTTATTTATATTCGGAGCAGGTATGCAGACATTTTTTACATTTTATACTATTACATACTGGCTTAATAAAAATATTGAACTTGCTCACTCAAATCCAGCATGGTTTATTCCAGTTGTAGGCAATCTTATAGTGCCTATTGCAGGTGATGGGTTTGCTGATATTTATCTGCTTGATTTCTTTTTTTCTCTAGGTATTTTCTTTTGGATAATATTAACTGCTATCCTTTTTAACAGAATTATTTTTCATGGCATGCTTGCTCAAAAATTTTTGCCAACACTTGCAATATTTATTGCTCCCCCGTCTGTTGGAATGTTAAGTTACTTAAAATTACAGGGTGCTTATGATATGTTTGCAGTTATACTTTTTAATGTGGCTTTAACTTTTGGTTTAATACTTTTAGCATTAATAAAAAATTTCTATAAAATTAAATTTTTCATATCTTGGTGGGCATTTACTTTCCCAATGGCAGCATTAACTATGGCAATTATTACTGTATATGAAAAAACAAGTTTTGAATATTTAACATTTAAACTGCTTGGCTATGTTTCCCTGATTATGACATCTATTTTAATATTAATTGTATTGATAAGAACAATAATTGCAGTTAAAAATGGCGAAATATGTGTAAAAGAATAAAATAGGGTAATTTTAAAATCAGACTGTGGGATAAATCCAGATATTTTAAATATATTATACATCACTGTAATATAAATAATTTAGATTTTTCGCCTTTAAAAATCAGGCTCAAAATGACATAATTGTAATAGTTTTATTGTTTAGATTTGCCGCTGCAAAATGTCTATTCTGAGCATAGCGAAGAATCTAAAATATACAAACGACAATAATCATAAAAATAGTATGTATATTTATTGAAACTTATCCTATATATATTTTTCGCTTTGCTTAAAATGACAATATGTGAATTATTGTGATAACTGTATATGGTTCAACATAATAACTATGAATATAAAACAACTTATTCATGATAATAATTATTACGATTATGTCATACTGAGCCAAAGGCGAAGTATCTACAAAACATATTTTAACTTTTTAGAACATTATCCTTTTCTTTATCTTTTTACTTGACAAATTAAGCTATTCATATACATATATCATAATATTATTTTATTGGAGGATTACTATGGCTCATATTGTAAACCAAGATATCTGTACTTTTTGCACTTCCTGCATGGAAGTATGTCCTGTTAGTGCAATAAGT
NZ_CP097562.1_gap51	1993141	1993745	604	TTATCATATTATATGTCCGCTCTAAATCCTGATTATATAAATCATTCTGCTTTAACTGTTCATCCAGCAAAAGTATACTGAAAAAAAGCTGGTTTACTCTGTATTTAAGGTTATAAAGCTGCACTTCAAGTGAACTTTCTTCGCTTTTTGACTGAGCTTTTATATTTTCCTTTTCTGCTTCTATTTTGCCGCCGTCCCATATTGGCTGCACAATATCTAGGGAAATTTTATACTGGTCTTTTGGCAGAACAGGTATATTAATATTAGATAATATTGGTAAATTATCAAAAGGCATTTTTGTAACATCTGATTGATAGCTTGCACGGGCTGAAAAAAGCACTTTTGGAATATAGCCCATATTGGCATTAGTTATGCTGTAATCTTTTGTTTTTGTGATTAAATCTGCCTTTTTTATCTGTGGATAATTATTTTTTGCTAAAACATAACATTCTTCCAGTGATATTTGAGCACAAACAGTGCCTGCATTAAGTAGTATAAAGATAAAAGCAAGTAACAGTTTATTCATTTTCAATACCCTTTAAAATAAATGATTTAATGTGTTTTATTTGGTTATCGTTATTTTTATCATCAAGCAGGAAATCAA
NZ_CP097562.1_gap52	1995601	1999952	4351	ATGAGATATTAAAAGATATAGTATATAAACTATTGATATTATAGTAAAAATAATTTTTTTAAAAATATTTAAAAAAATATATTGACAATATAAAAAAGTTTTGTTATATATACTTTCCCTTGATACAGAAGCTGCTGATATTCTTGGTTTAATATAGAAAGATGTGGCTTTAATATTGTTTTAAGAATTTTTATATAAAGTTTTGAGTAACTTATTTAAAAAAGTTCTTGACAATAATGAAAAAAAGTATTAGGTTATGTGACCCTGTTTATATTTAAGGGATTATGTATTGACAACAGAATAGGTTAAATTGTGATAGACAGCTTAAGTAATTAGTTAGGTAAGAATTTTTTTGGAATACAATAAATTGTATGGAGAGTTTGATCCTGGCTCAGAACGAACGCTGGCGGCGTGCTTAACACATGCAAGTCAGGGAGAAAGTCTCTTCGGGGATGATTAAACCGGCGCACGGGTGAGTAACACGTGAGTGACCTGCCTTTTAGACTGGAACAACTTACCGAAAGGTGAGCTAATGCCGGATGAGTTATATAAGTGCATGTTTATATAGGAAAAGTTGGGGAGACCTGACGCTGAAAGATGGACTCGCGTCCCATTAGCTAGTTGGTAGGGTAATGGCCTACCAAGGCGACGATGGGTAGCCGGCCTGAGAGGGTGGCCGGCCACACTGGGACTGAGACACGGCCCAGACTCCTACGGGAGGCAGCAGTGGGGAATTTTGCGCAATGCTCGTAAGAGTGACGCAGCGACGCCGCGTGAATGACGAAGGCCTTCGGGTCGTAAAGTTCTTTCGACAGGGAAGAAAATGCCTATAAGTAACTGTGTATGTATTGACGGTACCTGTATAAGCAGCCCCGGCTAACTCCGTGCCAGCAGCCGCGGTAATACGGAGGGGGCGAGCGTTGTTCGGAGTGACTGGGCGTAAAGAGCACGTAGGCGGTGTTGTAAGTCATTAGTCAAAGACTAGAGCTCAACTTTAGTAAGGCTAGTGATACTATAATACTAGAGTATCAGAGAGGATTGCAGAATTCCTGGTGTAGCGGTGAAATGCGTAGATATCAGGAGGAATACCGTTAGCGAAGGCGGCAATCTGGCTGGAAACTGACGCTGAGGTGCGAAAGCGTGGGTAGCAAACAGGATTAGATACCCTGGTAGTCCACGCTGTAAACGATGGATGCTAGGTGTTGGGCTTTTAAGTTCAGTGCCGCAGCAAACGCGATAAGCATCCCGCCTGGGGAGTACGTTTGCAAGAATGAAACTCAAAGGAATTGACGGGGGCCCGCACAAGCGGTGGAGCACGTGGTTTAATTCGATGCTAACCGAAGAACCTTACCTGGGTTTGACATCCACAGAAGGCGTTAGAGATAATGCTGTGCCTGATTTATCAGGAGCTGTGAGACAGGTGCTGCATGGCTGTCGTCAGCTCGTGCCGTGAGGTGTTGGGTTAAGTCCCGCAACGAGCGCAACCCCTATTTCCAGTTGCTAACGGTTGAAGCTGAGCACTCTGGAGAGACTGCCAGCGATAAGCTGGAGGAAGGTGGGGACGACGTCAAGTCATCATGGCCCTTATGTCCAGGGCTACACACGTGCTACAATGGCATAATCAGAGGGAAGCATCTCCGCAAGGATAAGCGAATCTCATAAATTATGTCTCAGTTCAGATTGCAGTCTGCAACTCGACTGCATGAAGTCGGAATCGCTAGTAATCGCAGATCAGCAAAGCTGCGGTGAATACGTTCCCGGGCCTTGTACACACCGCCCGTCACACCACGGGAGTCGGTCGCGCCTGAAGCCGGTGGCCTATCAGTAATGGGGGAGCCGTCTATGGCGAGATTGGTAACTGGGGTGAAGTCGTAACAAGGTAGCCGTACCGGAAGGTGTGGCTGGATCACCTCCTTTCTAAGGAAAGTAAGCAAGTCTGTCACGATATTAACCTAAACAATATGGGGGATTAATATCCCCCAGTAATTGAGTTAGTTTATCTTAAATATTTTTAATAAAGTATGAAAGATATTTAAATTAAACTAATAAGCTCTATAAGGGCATAAAGGTAAGAATATTTTTAATAATATTTATTCTGTATCAAGGCGATAATTTAAAGACCGCAGAGAGTTTACATATAAGTAAATGAGCAAGGGGTTTAAATTATCAACACAGAGACAGTATAAATAGATTAAAAAGATAGGGCCTATAGCTCAGGTGGTTAGAGCGCACGCCTGATAAGCGTGAGGTCGATAGTTCAAGTCTATCTAGGCCCATAGTATTAGGCGTATTTATAAGAATATTTTTATCAGGACAAGGCGATTTTTTAGAGCGAAGAGAGTTTACATAAAGGTAAATGAGCAAGTGAGAAAAAATCAACGCAGTAATGATGAAAATAGATTATAAAAAGGGGTCTATAGCGAAGGATGATTAGAGCGGATGCCTGCTGCGTAGGCGATAGTTCAAGTCTATCTAGGCCCATAGTATTAGGCGAGCGATGTCTGGAAAGATTTTTTCAGCCATTAGTGAAGAAAATATGTTAGTTTGTTGTTTTAGAAAAGAAAATAATAAGTTTTAAATGTAAGAGTTTAAAATGACTTATAAAGAGGGGATATAGCTCAGCTGGGAGAGCACTTGCCTTGCAAGCAGGGGGTCAGCGGTTCGATCCCGCTTATCTCCATAGATATTAGAAATACATTTCATTTTTTTGATGGAATGTGTTTCCATCATTTATGGAATGAAGTAATGATTGACATAAGAATAAGAATTAAGTGAGAGGAGTATAGAGAGAACTGCAATTTAGGTCAAGCTACTAAGGGCGCATAGAGGATGCCTAGGCGATGACAGGCGAAGAAGGACGCGGCAAACTGCGAAAAGCCACGATAAGCTGTTAACAGGCGTTACAGTCGTGGATATCCGAATGGGGCAACCCAGTGGAGCGACCCTCCACTACCCGTAAGGGAGCGAACTCAGGGAAGTGAAACATCTCAGTACCTGAAGGAAAAGAAAGAAAACTCGATTCCGTGAGTAGCGGTGAGCGAAAACGGAAGAGCCTAAACCAGTCATAAGGCTGGGGTTGTGGGGCAGGTGTTATAATACTTGCGACTATAGAAGAACGGCATGGGAAGGCCGGCCATAGAGGGTTAGAGCCCCGTAATCGAAATGGTCAAGAGATTAAATCTGTACCCGAGTACTGCGGGAAACGTGAGGTCCTGCAGGAATCAGGAGGGACCACCCTCTAAGGCTAAATACTAGTCATCGACCAATAGTGAACGAGTACCGTGAGGGAAAGGTGAAAAGAACCCTTGTTAAGGGAGTGAAATAGAACCTGAAACTATGTGCCTACAAGCGGTCGGAGCATATGTTAATATGTGACGGCGTGCCTTTTGCATAATGAGCCTACGAGTTATCGTATGCAGCGAGGTTAAGCCGATAGGTGAAGCCGGAGGGAAACCGAGTCTGAATAGGGCGAATTAGTTGCATGCGTTAGACCCGAAGCCAGTCGATCTATCCATGGGCAGGTTGAAGCAGCGGTAAGACGCTGTGGAGGACCGAACCAGTTTGGGTTGAAAACCATTTGGATGACCTGTGGATAGGGGCGAAAGACCAATCAAGGCTGGTGATAGCTGGTTCTCCCCGAAATGCATTGAGGTGCAGCGTTGATATTTAATTTTCTGGGGTAGAGCACTGTTTGGGCTAGGGGGCATACCGCTTACCGAACCCATACAAACTCCGAATACGGAAGAGAATATATCAGCAGTGAGACTACGGGTGAGAAGATCCGTGGTCGAGAGGGTAAGAGCCCGGACCGTCAGCTAAGGTCCCTAAATATACACTAAGTGGTAAAGGATGTGGAAATGGAGAAACAGCCAGGAGGTTGGCTTAGAAGCAGCCATCCTTTAAAGAAAGCGTAACAGCTCACTGGTCTAGCGTTTCTGCGCCGAAGATATAACGGGGCTAAGTGTATTACCGAAGCTACGGACTGTGTAAGATTATTATACAGTGGTAGGGGAGCATTCTGTTCAGCGGAGAAGCCGAACCGTAAGGTTTAGTGGAGCGTACAGAAGAGAGAATGTAGGCATGAGTAGCGATAAAACGGGTGAGAAACCCGTTCGCCGTAAACCTAAGGTTTCCACCGGCAGGGTAATCCGCGGTGGGTTAGTCGGTCCCTAAGACGAGTCCGAAAGGGGTAGTTGATGGGAAACAGGTCAATATTCCTGTACCGGCATAAATCGTTTAACGATGGGGTGACGGAGAAGGTTAGGTGAGCAGATTTATGGATTAGTCTGTTTAAGTATGTAGGCAGACTGTGCAGGCAAATCCGCACAGTTAATGACCCGAGATACGAGCA
NZ_CP097562.1_gap53	2008492	2010058	1566	TAGCGGTTAATCACAGCATCTTTTACTTCTTTAATATCAGGTATTGTTTTAGTTTCTTTATCATGGTTTAATAAGTTGGCACTTCCTTTAAACCCAGTAATAACAATAGGCTGACCAAGCTCAATAGAGCGTTCCCATTCTGCTTTTATAAGTTTATCTATATAATCAAGCTGCGGGTCTATTCCTACACTTTTTGATGTAAATTTAGGAGTTAAGCTCATAAGACCTATGCCTATAATAAGCATAACTATCATTATTTCCATTAAAGTAAATGCTTTTTTATATTTTCCTATTTTATACATAGATGAAAAACAAAGGGAAAGTATAATTTTTACAGCTTTCCCTCATATATTTAAATTACTGTCCTATCGTATATGATGCAATATCTGCATTATAATTTTCACCACCTTCCTGACCATCAGCTCCAAACGATATAATTTCATAATCTCTATTTTCATCTTCAGTAGGGCTTCTGTATATATAGTCGTTGCCCCATGGGTCTTTTGGAACAGTAGATGTTGAAAGGTATCCGCCCGGGCTCCAGTTATTTGGCACAGGTTCTAATTCAGGTTTTTCAACAAGTGCCAGTAACCCCTGGTCAGTAGTAGGATAGTTGCCGTTATCAAGTTTATACATATTTAAGCCGCTTTCTAAGGCTTTAATGTCATTTATTGCTTTTGTAACTCTTGCTTTATCTGGTGCACTCATAATTTTTGGACCAATAAAAGTAGCTAAAAGCCCTAAAATAACAAGAACAACCATAAGCTCAATCAGTGTAAACCCTGGATGCATTCTTCTTTTTTTCATATTTAACAACCTCTTTCATCTATTAAATTTATCAGAAAATATCATAAATCATTAAAAAAATCAATAAATCATTTAATTTTTGTAATTATTGAGCTATACATATTAGTATATGAAAAAAATATATTTCCAATAATAGTCTTTACTGCTGTATCAGTATATTTTATATGCTGTATTTTTCTTTGTGGTATATCTAATATCTCTTTATATAATATTATCCTTTTTTTATTTGCTGTGCCTTTATTTGAAGAGTTTATTTTCAGGGGATTAGTTCAAGACAAGATAAATAATTTTTTCAAATCTTGTAATTTTCTACATATTTCATTTGGCAGTTTTATATCATCGCTGATATTTACATTTATCCATTTGCTGTTAAATGATTTTGCATTGTTTAACCTTATGGTATTCATTCCATCTTTATTTTTGGGATATTTATATGATACATATAAAACACTTACTCTGCCAGTTTTGTTTCACAGTTTCTTTAATATTAATGTATTTCTGTCATATTCTTTTTGATAATGTCTTGATAAGTTAGTAATTTTTATTACTGAGAATAAGTTATAGAGAATAAAATATGTATCTGTCTCGCCGCCGCAAATCTCATAAAGTAATATTTTGTTATTTCATTCCTTATGCTCCAATTGTATAACCATTCTCAATTTTTTCTCCATTGTCACTATAACTCGCTATGCTCAGACAAATAGCTGACAAACCATTCCAAAAAAAATTGTTCATATAAAATTAAGTCGCAAAGATAAT
NZ_CP097562.1_gap54	2060380	2061442	1062	TATGCAGGCTTAAATAAGTAGAAAAAAGTAATAAGAGAAATAAAATACAAACTCTAATTACAATTAATATTTCTTAACTTTAAATGTTTCAATTAAATTTAAATCTTCAAGCAGACTGTAAAGTCTATCATCTTTTACATATACATGAATAGATACTTTATCTTGAAAGATAACCTTAATAAAAAAACCAATAACAGAAGATGTCATAGAAAAACTTTCTGGAGTTTTAACAATAATACTTTTTGCACCTGACTGCACAAGTGCATTAACATTATCTTTAATAGACTGATAATCACTAGTGTTTTTTATATTACCAGTAATGACTATTTCTGAACCTTGTCTTTGTATTTCCATACTATACCTCATAAAAAAATTTTATTTTTCTATTTAATTTTTATACCTATAAATATTTCTCTTCTATCCTCAGAAAAAAAGAAAATATCTGTATAATAGTCTATTATCTTGATACCACGACCATTAAATTTAGTAGTATCTCCAATAGCATTTTTGAATACTGTTTCTGGGTATCCTGCACCCTCATCACGAATACCTACGATAATGTATTTGCTTTCATTATCATTACAATATACATACCTGATAGTTATCATCTTATCATTATTTTTTTCTTTTTTCAAGAGTTCTTCTTCATAATCGCCATTTTTTATTAATTCATGCTTAATAGCAAATGTAATTGCAAGATTTCCATGTTCATAAGCATTCATAATACATTCAGACAGTGCTGTAAAAAATGAATCATGTCTATCTACATCTATACCGCAGTCAACCATTTCCTGACGAATAGTTTCTGATGCCTCATCAAGTTTATCATACTTTGTAGGGAAATAATAAACTTTTTCTTTTATTATATTTGTAAATGGTCGTCTAATAAAAAATAAAGTTACATCATCATAAAAATCATCTAAATAAGTATAAGCATTATTGAAAAAAGATTTAAGAAATGGTGACTGTGAAAAATTTTCATTTAAGTAAGCAGAGTATAATACACCATCTTTTGTTTCTGATTCTACAATGCCGTCTGTAAATAATGCAACTTTTGAAACA
NZ_CP097562.1_gap55	2086507	2088731	2224	ATGATATAGTAGTCTGCAATCCTCCATATATATCAGAAAATGAATATGATTTATTGCAGGAAGAAGTAAAAAAAGAGCCTTATCATGCCTTAGTTGCAGATGATAATGGGCTGATTTTTTATAAAAAAATATTGAGTAATTTTGAAAATTTGTGTAAAAGTAACGGAATAATATTTTTTGAAATAGGGGCATATCAGGCAGGCAGTATTTGTGATTATGCTGCTGAATGTAACCTTTATGCAGAGTGTGTGAAAGATTACATTAATAATGACAGAGTAATTGTAGTTAAAAACAGTAAAAGAGGTATTTAATGGAAAAACTGATTATAGAAAGCTGTCCAGCATTACATGGCGAGGTGGTAATAAGCGGTGCAAAAAATTCATCACTGCCTATTCTTGCTGCAACTATTTTAGCAGCAGGCAGATACCATATAAGCAATATTCCAGCTTTAAGAGATATAAACACAATGTTTAAACTTCTTAAAAATGCTGGTATAGAGTCCAGTTTTGAAAATAACAGTGCTGTTTTAATAAATAATGATACAGAAGATTTTGAAGCACCTTATGAGCTTGTGAAAACAATGCGTGCATCTATTTTAGTATTAGGTCCGCTGCTTGCAAAAAAAGGCAAAGCAAAAGTATCACTTCCCGGAGGATGTGCAATTGGAGAAAGACCAGTTGATTTGCATATTGCAGCTCTTGAAAAAATGGGTGCAAAAATAGAAGTAAAAGATGGTTATATATTTGCTGAATGTGAAAAATTAACAGGCATAGAAATAATATTTGATAAAGTAACAGTTACAGGCACAGAAAATATTATGATGGCGGCAGCAATAGCTGAAGGAACAACAATATTAAAAAATGCTGCACAAGAGCCAGAAGTGCAGGATTTAGCAGATTTTCTTCGTAAAATGGGTGCTGAAATTGAAGGTGATGGAACAAATACAATTACTATACATGGAGTTTCTAACCTCCACAGTGCAGACCATCAAGTTATGGCAGATAGAATTGAAGCAGGCACATTTTTATGTGCTGTAGCAGGTGCAGGCGGCGATATTACATTAAAAAAATGTCCTGTATATGCTCTTGATGCTGTAATAGAAAAACTTCGCCTTGCAGGTCTTGAAGTAAATATTATTGATAATGAAACAATTAATGCAAAAATGAATGGTAAAATAAAAGCAGTAAATGTGCAGACAGCACCATATCCTGCTTTTCCAACTGATATGCAGGCTCAATTTATGGCAGTAATGCTTAAAAGTGACGGGGTATCAGTTATAAATGAGTCTATTTTTGAAAACAGATTTATGCATGTTCCAGAGCTTAAAAGAATGGGAGCAGATATATCATTAAATGATTCAAATGCAGTAGTAAAAGGTGTGACAGCTTTCAGTGGTGCACCAGTTATGGCATCTGATTTAAGAGCCAGTGCAGGGCTTGTTATAGCTGCACTTATGGCAGACCATACAAGCTCAGTGCATAGAATATATCATTTAGACAGGGGTTATGAAGGTTTTGAAAAGAAACTTAACAGCCTTGGTGCAAAAATAGTCAGGACAGAAGATAATGAGTAATACAATACGAGTAGCACTGCCAAAAGGCAGACTTGCGGAAGAAACTCTTGAATTATTTATAAAAAAAGGTATTTGTAGAGATGATGTTGTGGATTTTGATTCCAGAAAGCTTATTTTTACAGATGAAGAAAATGATATAAGTTTTTTATTAATTAGAAATACTGATATACCTGCTTATGTAGAATATGGGGCTGCTGATTTTGGTGTTGCAGGAAAAGATGTGCTTGCAGAAAGCAAAAGCCCTCTTTATGAGTTTATGGATTTAGGTTTTGGCTTTTGCAGGCTTTGTTCTGCAGGCATTGCAGGCAGAGATAATTCTTACAGGCAGAATATGAAAATAGCTACAAAATATCCACATATAACAAAAGAGTATTTTGCTAAAAAAGGTATTATGGTAGATATTATTAAACTTTACGGCTCAATAGAGCTTGCACCAATTGCAGGTCTTTCTGATTTGATTGTGGACTTAGTATCAACTGGAGAAACAATGCGGAAAAATGGCCTTTGTGAAGTGGAAACTATTATGGAATCAACTGCACGCCTTGTTGCAAATAAAAGTTTATCAAGAGCAAAGCATGTGCGAATAAAAGAAATTTTAAACTTACTGGAGCAATAATTATAATGACGAAAAGAATATGGCTTATTTTTTTT
NZ_CP097562.1_gap56	2099951	2100686	735	GTTAAATATATTATAGTTGCCTGTTTTATCATTCATACCTACCATATATTCAATATTCTGGTGTTCAATAGGCAGTATAAACCAGTTATCTTTATGAGCATTTGTAATAAACATATTATTATCATTACTATCTAAAAATCTTGAAGAAATATCGCCAATATTATGTATAGCTTCTTCTATGGACGCATAACCAAAGAAATCTAAAAATACTTTGTTGCACCTTGTAAGCATGTGATTTTCATTAAAAACAGCAATCATATTTGGCTGAATATTAAAAATTTCTGATGTGAAATCAGTTTGGTTTTCCATTAATCGTGCAACAGCAATATGTTCCGTTAAATCTCTAACAATATATACCATAGAGTATTTATTTAAGTTATCAAAGGACTGCACTTTTAATGCACCGTTGAACTGTGTTTTATCTTTTCTAACACCAACAAACATAATAGATGAGCCTTTTACTATGGAAACATTATCAATATATTGAGATGCATCTGGTATAAGAAGTGAAAGCGGCTGATTTATTAATTCTTCTTTATCATAATGCCATAAATTACATACAGCATTATTAACATCTATTATTATACCGTTATTTACAATAAGAATACCATCAGAAATAGAGCGAGTTAAAAACTGATAGCAGAGAAAATCTTCACTGATTTGGTCTCTTTGTATTTCTATTTCTCCAAAAATATCTCTCAACATAAATATAACTTTATATTCTTTTTTACAATC
NZ_CP097562.1_gap57	2132910	2137812	4902	TTAACAAGTTCAAAAATATAGAACAGTTTAAATATGAACTTGAAAAATATATTGATTTCTATAATAATTACAGAATCAAAGCTAATGGACTTACACCTTTACAGGAAAAAGAAATTTATTTAGTGGCTTAGTACAAAATTTTTGGATAAGTTCAAGAGTTCCCACATTGCAGTCATTTTGAGCTTGATTTTTTAAAGGCGAAAAATCTAAATTATATATGACAGTGAATCAGGCTAAGGATGAGCTAATTTAGCTTAAATTCTCTTGCTGTATTCATTGATTATATACAGTTTTCATATTACATTATACCTGCCTAAAAAATAAGCTGTCCCAGTAATCATTTATCTTCCCATTACCTGTTTTATAACCAAAGTATTTCGCCATAGAATAAAGCCCAATATAGTAGTTACTGCTTCAGCCAGCGGAACTGCTGCATAAATACCTTTTTCCCCTAAAAATAAAGGCATAATTAATATAAATGCAACAGGAAGCATCAGCCCCCTTGATACTGCTACTGCAACAGAGTGAAGTGGTTTTTGGAAGGCTGTAAAAGATGAGCTGAATATTATATTTAATCCAATAAATAAAAAGGCATATTTTACATAGTCTGCAAAAATAAGTGCAGTATCAAAGGCATCTTTATCTGAAACAGGGTTTAAAAATGTTGCTATTATTTTTTCAGGTATGAATGTAAATAATGCAAATACAAATAAGCCAATAAATATTACAGAAATTCGTGAAAGAGATATTATTTTTTGTATTCTTGTATATTTTAAAGCACCAAAGTTAATAGATATTAATGGCACAAGGGAATCGCCTACTGCATAGCAGAGCATATTTGCAGCCCATAGAGCATAGTTTATAACAGTAAATGCTTCTACACCATAAGTGCCAAGTCTTTGCACCATTATATTATTAAATAAATAAGCAACAACAGCAACAGAAGCTTCACTTAAAAGTTCAGAAGAGCCGTTATAAGATGCATATATTATTTCTTTCCATTTTCCTATTCTGCATGTTAAATACAGCCTGCCTTTTTTAAAGAAAAAGTGTAATAATATTAAAAATGTAGAAGCCATAAATGACAAGCCTGTGCCAAGTGCTGCTCCAGATATTCCCATATTCATATGGACTATAAAAATATAATCAAGTATAAAGTTTAATACTGCACCAAATAATACAGCAGTAGAAGCAAGATATGGATTTCCGTCAGTTCTTATCATTACAGATAGGCAATATTCTAAAGACTGAAATAAGAAGAAAATAGATACCATTTTAAGATATGGCACAGCATATACCATAATCTCATCATTAGCACCTAAAAGTCTTGAAACATTTTCACTAAATATAAAACAATAAGCAGTAAAAAATAATGACATTACAGTTATAGTGATTATAACTTTTGTAAAGACAGCTGCTGCTTTATATTCTTTTCTTTCTCCAAGATATTTGCCTATAAGCACTGCTACTCCAATAGTCAGCATAATGGATATACCAAAAACTACTGTTATAAGCGGTATTATAATATTGACAGCAGCAAGGGCCACACTGCTTACATATCTGCTTACAAAATATCCGTCCACCAGTGAAACAGAGCTCATGGCAATAAGCCCTATCATATTTGGAAAAGTAAATTTAAAATAAGTTTTATATATACTGCCAGAAACTATTTCTAATTCATCATATTTCATAATATTATCTTTTTAATAAAAATTTTCTGCTAAGCATAAACAATGTTAAAGCAGCAGCAAAAGTTAATAATTCACTTACTGGAATAACTGTGTAGATACCTGTTTTGCCAAAATATAAAGGCAGTATTAAAAGCATGGAGCATGGCAGTATCAGCGACCTTAATGTAGCAATTATGGCAGATTCTTTTGGTCGCAGCATTGCAGTAAAGTATGATGAAAACACCATATTTACTCCGCTTAGAAAAAATGCCCATTTAATTATACTCATAAACTCAACAGCCATATTAAAAGCAGCAGATGAAGTATTTTTAATAAATAAAGCAGTAAGAGTGTCTCCAAAAAAACTGATTAAGAAAAATATAAATATTCCATTAGATATTGTAAATATCAGCCCTGTTATTAAGAAGTTTTTAATACGGTTAAATTTACCAGCACCGTAGTTTGTGGAAATAAGTGGGTTAAGAGAGTCTGCTGCTGCATAGTTTACCATATTTCCAAGCCATAAAATATAATTAATAGCAGTAAATGCTGCAACACCTTCTTCTTTTGCATATTTCATCATTATAATATTAAATAAAGCCATAGTAACCCCAACAGATATTTCATTCAAAAATTCTGATAATCCATTAAAGCTTGATTTTAATATTTCAGAGAAATTATTTAGTTTTAATGATATTCTTAACACACCTTTTTTCATTGCAAAATGTATGAAAAGAATGATAAAACCTGCTAAAAATGATATACCTGTTGCATAAGCTGCCCCTGCTACTCCCATATTAAAAACTGCAATAAATAATGCATCTAATACTATATTAATTACTGCTCCAGTAATGAGAGCAAAAGATGCGGTATATGGGAAACCATCCACCCTTGCAAAAACTGATAAACCATAGCCTATTGTAGTAAACATTACAAAGGGGATTACTATTTTGATATATAAAACACTAATAGGTGTTGTTTTATCACTGCCGCCAATTAAATATATTATTTCTTCTGTAAATATAAGAATAATAATAGAGATTATAATAGTAATAACGGCAACTGTAATAATAGATTTTGTAAATATCTGGCATGCTTTTTCAGTATTTTTTTCACCAAGATATTTGCCTGTTGAAACAGCACCACCTACCATTACCATCATGGCAAGACCCCATATAAAGCTGAATACAGGATATGAAATATTAACTGCTGCAAGAGATAACTCCCCAGCATAATTTCCAATAAATATACCATCAACAATACCTGCTGATGACATAAGTATAAAACTTAATATATTTGGCAGGGCAAATTTATAAAACAGCCCTGTTTCATTTAAAGATGTAATATCTGACTGATTAATGTTCATAAAATAATCCTAAAATAACAGCATAAAATACATAAATGCATATTTTACTGCAAAAATATTTAAAAATTTGAAAAATTATAAAAAAATATGTGCTGAAAATAATATTCAGATACAAAGTGGTGGTTTAATGAAAAACCTGTCAAAAGAGAGTTTGTTAGAAAATGCATATTGCGGATATAAGTTCATATTCTAATCCCAGTCTTTAAGCATAACACATTTGTAACATGATGTCAAAGGAAAAAATAAATTGAAAAAATCTATCTTTATTTGTTGACATATAAGTAATATACCGCTATCTTCTATTTCAAGTAGTTATGTTTTAAGTAACTGTATTATAGTATGAAGGGTTAAGATTATGGACTTTCAAAGTTTTTCAGATAAAATAGCAGGTCTTGATTACAGCAGGTTAGAGCAGGAAGCTCTCTTATGCAGAGGCGATATTCTTACAATGACAACACTTGCTGCAAGCGGTCATCCTGGCGGCTCTATGTCAACTATTGATGTTCTTTTAACAGTTTACAATATTGCAAATGTTAACCGTAATAATCTTCATGATTTAAACAGGGACAGAATTTTTGTTTCTCATGGTCATATTTCTCCTGCTGTTTATTCATGTCTTGCTAAAAAAGGTATTTTACCGCAGGATGAGTATATTGCATATTTTAGAAAAGCAGGCAGTATGTATGAAGGTCATATTGAACGCTCTATTCCCGGTGTTGAATGGACAACAGGTAATCTTGGGCAGGGGCTTTCTGCTGCATGCGGAGCTGCTGTTGCTGGCAAAGTTAATGGCAATGAGTTTGATATTTATGTCTTTATGGGTGATGGAGAGCATGAAAAAGGTCAGATTACAGAAGCAAGACGATTTGCAGTTAAATATAACCTTTCAAATATTACAGTAATTGTTGATTATAATGCATTGCAGATTTCTGGAGATATTTCTAATGTAATGCCTTCTATGAATATTGCAGAAAGCTATAAATCTGATGGATGGGAAGTTCTGCATATAGACGGTCATAATTTTAAAGAAATAGCTGGTGCTTTATTAAAAGCAAAATCATGCAGCAGACCAGTATGTATAATTGCAGAAACTTCTATGGGAAGCGGTGTATCATTTATGGAGCATAAAGCATGTTTTCATGGTGCTCCACTTTCAGAAGAGCAGTATTATGAAGCTGTGAAAGAGCTGAAATTAGAGCCATCGCTTGAAAAATATAAAGAAATGCGTAAAGGCTTTATGTGGGCAGCTCCACATATAAAAGCAGAAAATCCTAAAATAAATATTAATCAAGGCAGCCGCATTATATATAATGCTGATGTTAAAACTGATAACAGAAGTGCATTTGGTGCTGCTTTATTAGACCTTGTAAAAATAAATAAGCCGAAAGAATATACAGATGTGGTTGTTTTTGACTGTGATTTAGCAGGCTCAGTAAAAACAAATGGTGTTGAAAAAAATTATCCTGAAAATTTCTTTCAGTGTGGTATATCTGAGCATCATACAGCAGTATGTGCCGGTGCGGCATCAGTTAATGGAGTTATCAGCTTTTTTGCAGATTTTGGCATGTTTGGTGTTGATGAAGTTTATAACCAGCAGCGTTTAAATGAAATTAACTCTGCTAATATAAAATTAGTTACTACCCATGTAGGAATAGATGTTGGCGAAGACGGCAAAACTCACATGTGTATTGATTATATAGGGCTTTTAAGAAACATATTTGATTTTAAAATCATTGTTCCTGCTGACCCTAATCAGGTTGATATAGTTATTAGACATGCAGCAAAAGAACAGGGCAATTTTCATATAGCTATGGGCAGGTCAAAAGTGCCTGTAATTACAAAAGAAGATGGCTCAGTATTTTTTGA
NZ_CP097562.1_gap58	2138979	2141988	3009	TTTTATCAGCGAATATCAAAAACGCCTGTCGCCATACTTTAAACTGGAGCTTGCAGAGCTGGGAGAAGGTGGCAGATATTTTGAAAAATTAAGTAAACAGCAGGCTGCATCAGAAATATTTATTGCTATGGATGCAGGCGGAAAAAAGTTTACAAGTGAGGGGTTTGCAGAATGGTTTAATACTAAACGCAGCCTTTCAAAAAATATAACTTTTGTAATAGGTGAGGCAACAGGGCTGTCTAAGCAGGCACGAGAGACAGTGAGTGAATTTATATCCCTTTCTGATATGACATTTTCATATAAACTAAGTCTTATGGTAATGGCAGAGCAGATATACAGGGCTGTAACAATTATCACAGGGCATCCCTATCACAAGTAGGAGAGTAAGATGGATAAGGCGACTAAGGAACATTTCCGAGAAAAACTTCTTGCTATGAAAAAAGAGCTTATAGAAGCACTAAACAACAAGTATAATGAAGCATTAGAACTTGGTTCTGACGGTATTCAAGATACAGCTGATGAGGCATATAATCTTTATAATAAGAATATCATGCTTGGCAGAGTTGAAACAGATGCTCTTAAATTAAGACTTGTTGATCAGGCTTTGCAGCGTATTGAAAATGATACTTACGGTGTATGTATAGAATGTGAGGAAGAAATAAACCCTCGCAGACTTGAATATGTGCCGTTTGCAAGATACTGCACAGAATGTAAAAGTGAACTGGAGAAAAAAGGTTTAATTAAAATGTAGTATGGCTTTTTTAAGGGGCATTTTTCCCCCTTTTACATATATAAAAGCTGTCTTATGCTGTATAAGACAGCCTTACTGTATTTTATAATTTTCATCTGCTTTTACTATTATTTTCACTTATTATTCACCATACTAAATAATAAGCATGGTTTTGCTTGCTCTAAATTCCCTAAAAACTTTCATAATATTACATTTTAAGCCTGATTTTTACATGCGAAAAATCTATAATTATATATGTGACACGGAAGCAGATTCAGTAAGACAATGCAGGGACAGGAAGTCCCGTCTGAAAGTAAGCAAAGGGAGCATTTACTGCGACCAAGCGTGGTTTTTCAAATTCAAGGGGAGCGTTTTTTGCGACGCAAGGACTTTCCAAGCGAGCAGCGACGGAATTAAAAGTCCGCAGCTGGACAAAATTTGAAAATAAAGGATAAAATAAGATACTTTGCTTATAAATCAAGCTCAAATTTATTGATTTTGATTACTGCCATATACATTAATAAGTAATATTTCAGCATCTGTTCCTACTCTCACAGGCGGACCCCACAGCCCTATACCGCTTGAAACAATATAATAAAAACCATCATCCACAAGCATACCGTGAGAAAGAAGTGTCATTTTTCGCACAATTAAGTTCAGTGGGAATGTCTGCCCGTCATGAGTATGACCAGAAATTTGAATATCTGCATTTATACTTTTGCCGTCTTTTAATCCTTTTGGCACATGGTCAAGTATTATTACAGGTTTTGCTTTATCTTCTACTTTATCATATAGAGTTTTGATATTTTGCCGCATACTCCCATCATCATTTGTATGGCGAAGGCTGTCTCTTCCTATAATATAAACCCCTTTTTCTTGGATATAAGTAACATTATCTATTAATATATTTATATCTGCCTGTGTTAGAAGTTTTTTTATTGTTTCTGCATCTGAACTGTAATAGTCATGGTTGCCAATAACTGCATAAACTCCAAGAGGTGCATTTAGTTTTTTTAATTCATGTATATGAGCCTGTGTTAAATCTTTTATATTATTATCTATAATATCACCTATAATAAAAATAACATCAGGTTTCATATTGTTAATAATTTGGACTTCTTTACTAAGTCTTTTTGGGCTCATATCTGCCCCAATATGTAAGTCAGAAAGTGCGGCAATAGTTATATTTTCTTTCAATTCTTTTTTTAGAGTTACAGTATATGCTGTAATTTTTGTATTATGACTATTTATATAGCCGTATATTATAGTAACTAATGTAAGCACAAGGACAATAATCATCTGCACTTTATGGCTTAAAAATGGAGTATGCAGCAGTTTGAAAATAAGCCTGATAATATCTGTTGCTGCAAGATAGATAAAAAGATAGTTAGTAAAAGCAAGTATTAAATGTGTTGCAAAGATAATGCTGTTTGGAATATGTATGCCAAATGTTTTAACTAAAATTCTTGCGATTAAAAAAGTGCTGAATAATATTAAAAAAATAAAAATAATAAGCCACATATTATACTTTTTAAAAAATGCCTGATAGAGCCTGAATGCAATATATGAGCCAAAAACAATATTTTGAAGTATAATTAATAAAATGATACCCATACTTTCTCCAAGTTTTACTCTATATTACTGCTGTATCCACTATCTTTATTTGTTTGTTACATTAATCAGCACTATTTCTGAATTAGTGCCTACTCTGAAAGGCGGTCCCCATAAACCAAGTCCGCTTGTAACCAAAAAGTGAAATCCATCATATTTTTTCATACCATAAGATACTTCATACATTTTTTTTACAATAAGATTTACAGGAAAAAACTGTCCATCATGAGTATGACCAGAGATTTGTATATCTGCATTTATTTTTATGCCATCTTGTGGTGATTTTGGTATATGGTCAACTATTATGACAGGCTTTGTTTTATCATCTATTTTGCTGTATAAAATTTCAATATCTGTTCTTTCATTATTAGATGAGCTGCTGTGACGCAGACTGTCTCTGCCTATAATATAAACTTCCTTTTCTGGAATATATGCAATATCATCAATTAAGGTTGTAAACCCTGCTTTATTAAAAACTGATAAGACATCTTTTTGACTGCCACTGTAATACTCATGGTTGCCAAATACTGCATATATTCCAAATGGTGCTTCAATTTTTTTAAACTGTTCAATATATTCTTCTGTAAAATCATTTATATTATTATCTATAATATCTCCAGCAATTAAAACAAAATCAGGCTTTAAATTATTTATAATTTGTATTTTTT
NZ_CP097562.1_gap59	2144634	2148655	4021	ATAGCCATAGGGGTGCCTATACCAACAGTTACATCAACACCATCTGATTTAAACTTATTTGCAATAGATGTTGCAATATTCATGTCTGCATTTGCGTTTTGAAGGTCATAATTTACTTTTATGCCTTTTGCTGTTAGTTCGTCCTGAATACCTTTTTCAACAGAATTTAATGCAGGATGAGCAAGCAGCTTTGCAATTCCTATTGTTGGAAGTTTTTCCTGAGCTGTATTTTCATTTTTTTTACAGCCTGAAATTGAAACAGCCATTAAAACTGCTGAAAACATAATAATAATTTTTTTCATTTTTTTCTCCAAATCATTATATTATATTTTGTTTTATTTAATTTTATTATTTTCTATTATTTTTGTATTTTCTGTAATTAATGCTTTTGGTATTTCAATATTTAAAGCTTTTGCCCTGTCCATATCTATAATCATAAGTGATTCATCAGGATATTTCATAAATGTAACAGGCATTTCATCTGGTTTTTTACCTTTTAAAATCTCTACAGCCATTTTGCCTGTTTTTCTTCCTGCTTTATAATAGTCAAATCCAACAGCATATAAAACACCACCATTTACTGCTGATGTATAATCTTCTGAAAATATTGGTATATTATTATTTGATGCAGCAGTTATTAGGGCATTTAATCCAGAAACAAGAGTGTTATCTGTTACCACATAAAAGGCATCTACTCTTGAAACAAGGCTTTCTGCTGCCATATTAACTTCTACTGAGCTGTATATTGTAATAGGCAGAAGCTCTATACCCATTTCTTTACATACTTCTTGAGTTATTTTAAGCATTGTAATAGAGTTTCTTTCTGCACCATTATATATAAAGCCAAGTTTTTTAAATGGATATATAGAGTGGTATATTTTTAAATGTTCTTTAATAGGCAATGCGTCAGAAAGCCCTGTTACATTATTTTTACCTTTATCAAGGCTGTCAACAAGTCCTGCACCAATCGGGTCATTAACAGTTGCAAAAAGAACTGGTCTGTCTTTAATGCTGTTTGCAAGAGCAACGGCAGTAGGTGTTGCAATACCTATTGATAAGTCCTTTTTATCTGTCGCAAATTTAGAAGCAATAGCATTAATAATATTTGCATCATTATTAGCATTCTGGCTGTCTATTAAAACATTCATATTTTGAGCTTTCAGCTCATCAATTATACCTTTTTCTATTTCAAGCAGAGCAGGGTGGTTATTAATAACCGCTATCCCAACTTTATATGAAGCACTGTTATTATCACTATTTGCAGCATTTTTATTGCATCCTGTATAAATTATAAATATAACTGTAATTAGAAGTATATATATTTTATTTTTCATAATGTATAACCTGTTTTATTAAAATCTTTGTAAGAATAACATAAAAATTTTTATTTTAAAAGGTTAATTTAGAAAAAATAATAGTATGTGTTAAATCTAGAAATAATTGCAATGTTAAATATTCAGGTCTTACTTAGCCTAAAAGGCGAAGTATCTTAATTATCCTTTATTAAAAAATTCATCCGTGAATTTTTTAAAACATGCTCTGCCGAAACAAGTTCGGCTATCGCTTACTTTCAGACGGCTCGTCCTGAGCCTGATTCTGTATCATGCTGGGCCAAAGGCGAAGTATCTATAATGGTAATGTTTTATAGTTCCTTCGCTCGCAGATACTCACTCAGGAAGACATATTTTAGTATATCAAAAATATATGCAGTATAAAAATGCTACTGCATTAAAAAATATACAAAGTAAAGTAAAATATTTATATACTTCAACTTATGCCACACTGAGCCTGCTATAGTATCATACTGAGCCAAAGGCGAAGTGTCTTAATTATCCTTTATTAAAAAATTCATCCGTGAATTTTTTAAAACACGCTCTGCCGAAACAAGTTCGGCTATCGCTTACTTTCAGACGGCTCGTCCTGAGCCTGATTCTGTATCATGCTGGGCCAAAGGCGAAGTATCTATAATGGTAATGTTTTATAGTTCCTTCGCTCGCAGATACTCACTCAGGAAGACATATTTTAGTATATCAAAAATGTATGTAGTATAAAGATACTGCTGATAAAAATATATACAAAGTTAAGTAAAGTATTCATACACTTCAATTTATGTCATACTGAGCCTAAAAGGCGAAGTATCTAAAAATTATACAATTTAAATATATTATGCAATGTTGTAATAAAATATAATTTAGCTTTTTTGCCTGTTAAAATCAGGCTTACAATGAATTATATAATAAAAATTTTTGGATAAAGCCATTTTTATTATGCTTGTAATCTTTTGGTTATAATAGTAGAATAAGATAAATAATTCAGGGGCATTAAATTGCAGGAAAGGCATTTTTATTCTACAAATGAGATTATAGAAAAAATAGATATTGAGCCTGTTGAGCTTATTAAATCATTTTATCCACTTACACTTTTAAGGCGTATATATTTAACTTTTACTTTTTTTTCTAATAAAAGTCTTATTAATCATGCAGCTTCTGGAGCATTTTATTTCCTGCTTTCTATTGTGCCTCTTGCTTTGTTTTTTGTATATGTGCTTGATTCGTGGCTTTCAGGATATGGCATAGTATCTGATTACTTTTTTCAGCTTTTATCTGAAATAAATCCAGAAATAGATAAACAGTTTTTTGAAAATCTAGGTCTTTTAACGGGTGGAAGTTCTATATATGGTATTGTGAGTATTTTTGGGCTTTTATGGAGTTCAAGGCTTATTTTTACAAGTATCAGAAATGGTTTTGATGTTATATTTCCAAGCAGCAGCCAAAGGGGATTAATAAAAAACAACCTTGTTTCACTAATATTTTTGCCTATTATATTTATTGCAACTACTGTTTTCTTTTTAGCTGGTGCAGTAATTAAGCAGTTAAATAAATTAATATATACATTAGAATTAAATGATATTATAGATTTATCATTTTTAGATAAACTTGCAGGTATCTATCCTGTAATTCTTGCTGTTTTTGTTGCATTTATGCTTTACAGATTTATTCCTAATGTGAAAATAAAAGGCACTTATACTTTAACAGGAGCTATCTTATTTGTGGCAGTTATGATTTTTACACAGAAAATATTAGGGCTGTTTATCTCATGGACTCAATACCATATATTATATGGTGTTATCAGTGCATTAATCATTGCTCTTTTTTGGACATATATACTTTTTTCACTGTTTTATTTTTTTGCAGTTTTTATATATGTGCAAAGCCACTATAAAGAGCTGGAATTTATTAAATGGTATAGTGCTGTTAATGGTAAAGCAGGTATAATTGACAAATTATTTTTTCGTAACTCTTTATCTTCTTTAAAATGTTTTCAAAAGGCAGTATCAAAAGATGAAGTAATATTTAAGCATGGAAGTAATGGCGGTTTTATATTCCTGCTTTTATCTGGAATAGTATTTTTAGAAAAGGATAAAAAGTTTGTTTCAGATATTGCAGTAAATTCATTTTTTGGAGAAAGTGGGGTAGTAGGTGAGTGCATATATGATATTGACGCTGTATGTCAGGTCCCCGGATTTATTTTGCAAATACCGCAGGACCTTTATGAAAAAATAGTTTCAGCAAGCCCAGCTATTTCTCAAAATATGCTTCAAACTGTAATTGAAAGAAAGTATTAATAGTATTTGCTGGATATATCCAAAAATTTTGCATATCAGTCATTTTGAGCCTGATTTTTCAAGGTGAGAAATCTGAATGATTTATTATTATATAAGTGCATAATATATTTAAACTATCTTATTTTTTAGATAATTTGCTTAAAAATCAATCTCAGTATTGACATACTGTTTTTTTAAACATTTATCCTTATCACTCTCATTATTACTGAATTTATTTTATAAGTTCATTATATAGATTAGTCTAAATTTACTTATGTGTTTCAATAAATAAATCTACTGCCTTTTTTAAAGATACACAGGCATTATTTATATCCCACTGCTGTTTTTCAATATTTCCGCAGTAGTTGGAAACAGCCCTTATTTGATATGGTTTTATACCAAACTTATTAGCAGCTA
NZ_CP097562.1_gap60	2259916	2261121	1205	GTAAAATTTACCTGCTTTTTTAGGGTATTATTTTATTTGTATGTAAAATTTCTTATTAACAATCTTATAAATATATGTTAAAATAGACATATGAAAAAAATATTTATTAGCGAAGTAATTAAGTATGCATTGATTATCAGCATAAGTGTTATTGCATTAGTATGGGCGTCTCTTTCTCGTTTAACTATGGCGACCCTTGAACGCACACTTGAGAGTTATCTTCAAAGCAGTATAAATATTATTGATTATGATAAATCTCAGCATAATATGATGTTAAATGAATATAAATCATCTACATTAGTAACAGCGTCAGATATTGCTCTTTTAATAAAAGCTGATAACTCTTATTTAACAAATCAAGCCAAACTTAATGAACTCCGCAGAACATTAAAATTAGATGAAATCTTGGTTACTGATGTTAATATGCAGATAGTGGCATTATCATCTTCTAATGCAGCTATACAGTCAAGCTGTGTCCATTTTAATGATTTTGTTTCAGGGATACATCAAAATAATTTTCAAAAATATACAGAGCCTTCTTTTTGCGATAGATATAAAGAGTTTATGCAATATACAGGTGTTTCAAGACTTGATAAAAATGGTATTATAATAACAGGAAGAAAAAGTTCTAATATAAGCAGTATTAATAAATCATCTATAATGGATAATTTATCATCTATATATTCTATATATAAAAATGGTTTTATTGTGGTTATAGATAAAAATTTGCATACAATTATCAGTTATAAGGATAATAAATTTTTAGGAATAAATATTGCTGATTTAGGTTTAAATATTGACGCTCTGCGTTCATCAATGGATGTATCAAAAGTAATGCTTGAAGGATATGATGCTTTTGCACTGTTAAGAGACAGTGGTGATTATTCATTTATCGCTGTTGCATTTAAAAAAGATGTATATTCTAGTGTATATGTATATTTATTTATAATTATTATATCTATTGCTTTAATGGTAATTTTTATGCAGTTATTTATGCTGCAGGTTGTAAATCAGCATATTATCAGTGGAATATCATATATTATATGCTGCTTAGACTCCATAACAAAAGATAATCTTGATACTAAGGTTGAATTGAATACATGTGATGAGTTTTCAATTCTTTCAGACAGTATTAATTCTATGGTAAGTCGTTTACGCAATCTTCTTTTATCTGAAAAACAGCTTGTGCAGGAAAAAGCATATCT
NZ_CP097562.1_gap61	2265832	2270637	4805	AAAAATGCAACCACATTTATTCGGGCAAATGGAGCCAACAACAATTAATCAGCAGAAGAACAAAACAGATAAGGGTGTAGGTAAATCTGAGCTTGACCAACAGGATTTTTTAAAACTGCTTGTTACTCAGTTGCAGAATCAAGACCCTTTAAACCCAACTGACCAAGCTGAATTTATGAGTCAAACAACAGCATTTTCTCAATTAAATGAGATGACAAGTATGAATTCAAGTTTAGAAAAAATGCTTGAGTTGTTAAGTATGCAGGCTTATAACAACAGTTCACTAACAGCTGGTGCTGGTTTTATTGGTAAAGAAATTGAATATCAAACTAATACTGTAACAGTTGGTGGCGACAGCTTGAAAAATATTTCTTTCTATCTTGATGGTGACGCATTATCAGAAAAAACTCAAATCAATATTTATAATGAAGAGGGTGCATGTGTTGCTATTGTAAAACCAGATAAAAACTTAACATCAGGACAGAATACTATCCACTGGGACGGAAAAGGTGTTGGTGGTGTTGAAGTTCCAGACGGCACTTATTACTTTGAAGTGGAAGCTTTTAATTCAGCTGGTGAAAAAGTGGCTGTTCAGGAATACGGCACAGGTGTTGTTAAAGGTGTTAAAATGTCAAATGGAGTGCTTTACTTTGATATTGGTGAGGGTGTTGTATCTAGTGAATATGTTTACTCTGTTAGGGAGCCGGGTTCTTCTGGTGAAAATAATAATGATTCATCAAATGGTGACTCTGCTGGCAGTGATAAAGATAAGAAAACAAATTAATTAAAAAAATAAATAATAAAGTTAAGTATACAGATAAGTTTGAATGGAGCGTCAAATTTATCTGTCAGGCATTCGGAGGTGCTTTTATGTTAAGGTCAATGTATAATGCAGTAAGTGGATTGGATGGAAATCAAAAAGCTATGGATGTTTTAGGTAACAACATTGCAAATGTAAATACAATAGGTTTCAAAATGGGTCGTGCTGTATTTCAGGACTTGATGAGCCAAACATTAATTGGAGGTAAAACTCCAACTGATTCAAGAGGTGGTATCAACCCTCGTCAAGTTGGTAATGGTGTTTATTTAGCAGCAGTAGATAATATATTTACTTCTGGTGTGTTAAAATCTACTAACAGCACAACAGATTTAGCAATTCAGGGAGCTGGTTTTTTTGTAGTCCGTGGTGAAGGTGTAAATGAAAACTTTTATACAAGAGCTGGTGACTTTAACTTTGATAATACTAATACATTAACAACCCCATCAGGTTACAGGGTTCAAGGGTGGATGTCTAACCCAGATACTGGTGAATTAAACAAGCAGGTGGGTGTGGGTGATATTGTTTTAGGGACAAATTATCAGGTGATGAAACCAAAAGCATCAACAAAAATTAATATGTCAGGTGCATTAGATACTACTGCAACAGCTTCAACAGTAACTTATGGCAAACTTTTAACTCAAGCTTCTGCTAAACAGGATATTAATACAATGCTTAGTTCTGGTGGTGCTGCTATGGATTTAGCAGATGGGGAAAAAGTAAGAATTTCTGCAAATCCATCTCTTTATACTCCAATGAGCCAGTTATCTGATAAAAATGGCACATCGTTAGGAGTTAGTGAACTTAATGGTAATGTTACTTTTAGAATTAATGGTTCATCTTATTCTTTAAACTATAATTCTCTTGGTGGCGGCTCTTTAAATGATGGTAAATATACTACAATTGAGGATTTTCTGCAGGAAGTAAACAATATTTTTATGCAGGCAACAAAAGAACATGTTGATACAGCTACTAACACAGCAGGAACTCCAATTGCAACAATGACTTTTAAAGATGGTAAATTTGCTATTGAGGCAAACTATGGTCATCAGTTTGAAATTAATGGCATCAGCGGTTCATCTAAATTAGCCGCACTTCTTTCTCCACTTGCGACTACATATAATGCAGGTAAAACAGAATATTCTTCTGAATTAACTTATCAAAAAGAAGTAACATATAAAGAAGATTTTACTTCTGTTGAACAGTTAACAGATAGAATTACAAACTCTATCAATGGTGGAGTTGTGCCAGGTGGTTTCAGTGCTGAATTTTTGGAAAATGATTTTGGCTTAGAAGAAGGTGAAGGAATATCATTTAATGATATTACAGTTTATGACCCTGTAACAAATTCTGCAATAGCAACTTTACAAATAGGGCCTTTTACATATACTGAAACTGTAAATCCTACTATTAGAAACCAATTCCATACTATTCAGGAATTAGGCAGATTAATAACAGATGAAGTTAATAATGCATTGCAAAATTCTGGTGTTGCTAATCTTACTACAAAAGTATCTTTTGGACTTGATGGCAACAGATTAAGCTTTTCAGTAACAGGTGCAAGTCATTCAATATCATTTGGGGAAAGCACTCTGCATCAGGCGATAGGCAGCACTGCTCAGCCTAACACATATTTAAAAATGATTTTTGACAACTCATTAAATACTTATGGTGCAAATAATGTTGTTACACCTAAACAGTTAAATGATGCAGTGTCTACTGTTGATATTGAAGCAATAGCTGGTAAAGGCAGAATAGTTTATAATTTTGAAGATACAGATGACAATACACTTGTTGATATGTCTACAAATAAACTTCACATGCAGAATAAAGAAAATCTTATATTCAGAATTCAAGGTATGACAAACCCTATTATTTTAGAATACAATACAGCTGGAACTGCTGTTACTCCTCCTGCAACTGCATCGTTTTCAAGTTCTGCAACACTAGCAACAGCATTACAAACTGCAATTAATGCTGCAGGTGGTAATTTTATAGGTGCAACTGTTGCATATAATCAAGCAACTAATGAGTTTACAGTAACCGCTGCAGCTGGTCAAACTATAGCTTTTACAAGAATAGAAACTACTGCTAAAACTCCATTTTTACAGGAAATGTTATCAAATGGTTTAGTAGGGCAGACTATTTCAGACCAAGGTTATACTATAGATGGTGAATCAAATATTGTAGATAATATTACAGGTCTTGATATTACAAAAGCAAATAAAGGTGAAATCTTTAATGAAAATATGTTTGAAGGAAATGTTACTGGCACATTGGGTATAGGTAAATCATTTACTTCTAAACAGTTTTTAACAACTGCTGATGAAACAACATTGATGATGAACCTTTTTGATGAAAATGGTAACTATATGAACTTTGTAGAAAACCAATCTACACTGGAAATTAAAGGAAGTATCAATAATGAGCAAATTACTAATAATGGCTATTTTTCAATAGGTGCTACAAGTTCACTTGCAGATTATATGCTTGCTATTGAAAAATTTGTAGATTTAAATGGCGGCCATAATACTTTTGATAATGTTACAATAGAAAATGGAGTTATCAAAGTAGTTGGAGAAAAGGGTAAAAGAAATAATCTTGATTATTTAACTATTACTGCAACAGGCGGTTCTGAAACATCTAATATGATTTTTAATAACACTATGCAGGGCACAGCAACTGCAGCAACTGGCGGTATAGCTTATAGAACTATGGAAATATATGATGAACAGGGCAATAAGCATAATATTAATTTTACATACAGCTTATGGAATGAAGAATTAAATGAATGGAGAATGGAAATAGAGACAGACGACCCATTAAATGATGTTGCAATTAATGGAGCAAGCCAAAATGAACTTATTATAAGGTTTAATGCTGATGGAACTTTAAGCCATATGTATGACAGATTTACTACTCCATCAAAAGTAATATCCAACCCTACACTTAGGTTCTCTGCTGCAAATGGGACAAATATTATTGACCCAATAGCCTTAAACTTAGGAACAGCAGGTGAAAATGATGGATTATCAATAGCTGCAAATGGTGGAGGCATTACAAGAGCATCAACAGATGGTTATACTGTTGGCGACCTTGAAAATAGAATGTTTAACCCTGCAGGTGAGATTATCGGAACATATACAAATGGTCAGACACGAGTATTAGGTCAAATTGCTCTGGCAACTTTCGTAAACGAAAGAGGTTTGGAAAAAGTGGGTGATACTATGTTTCAGGCAACAGGTGCATCTGGTCAAGCAACAATAGGCGAGCCTATCACAGGTGACAGAGGTGAAATTGCAGCATCTATGCTTGAAAATTCAAATGTTGATTTATCAACAGAACTTGTAAATATGATAACAACTCAAAGAGCATATCAATCAAACTCTAAAGTTATCTCTACCTCCGATGAGATGATTCAAGAGTTACTTAACATGAAGCGTTAAGATAGATAGTTGATTAAAATATTTCCTTAGGATAAGCCATTCGCTCCGGCTGGTCCTAGGGGATTTCAAAGCATTTTCCGCAAAAGAGAAACAACTCAGTGTCGGGCTTTGATTCGCATATGAAATGCTGGGGTGTGAGTGTATACGCGCATGTACTTCACCCCCTCATTTCTATTTCATAATTTCATTTATAATCCAGTGGTTTCATTTTTATATTGAACTTTTTTGGGTAAGTTCATTTTATAATATCTATAAAACCATTCCCTTATGTCATATTAAGCCATAAGGCGAAATATCTAAAATGGTAATATTATAAAATTTTTGCAAATATAAATAATTAATATTCTAGATTATTTGCTATGCTCATAATAGGCAATGGGTTGTATGGATTTATGGTAAAATTTTTTATAACCGTTTTATATTTTTCATTCATATTACATATTAAAAAAGAAATTATAATAAAACTTACATAGTTAAGCATAACTTTATGGTATTTTTTAAAAAAAAAATAATCAGTAATTATTTTCTTCAGCTAGATATTC
NZ_CP097562.1_gap62	2344056	2347083	3027	TATTATTTTCCAGTAACATTAAAAGTTACATTTCTAGCTATGATAGTAGTTATAATTGTAAGTATTCCGCTTGGTATATTAGGTGCAGTAAAAAAAGGCAGTTTAGCAGATAAATTAATAAAATTTTTCTCATTTATTGGTGTATCAACGCCTAGTTTTTGGTTTGGATTTCTGATTATATATGTGTTTTCTCTAAAATTAAATATTCTGCCGCCTTTTGGATTGGACGGTTTTTCAAGCTGGATTATGCCAATTTTAACTCTTGGTTTAATGTCAAGTGCTATTAACACCCGTATTACAAGAACAAGTTTTTTAGAGCATATAAATAACCGCTCTGTATGGTATTTAAAAGTAAATGGTGTGCAGAAAAAAACTATTATTGGAAAATATGTGCTTAAAAACTCCATGCTTCCAGTGATTACTTCACTTGGTATGCATTTTGGTGAATTAATAGGCGGTGCAGTTGTGGTGGAAGTGCTTTTTGCTCTGCCCGGAGTAGGAAGATATGTTGTATCATCTATTACTAACCATGATTACCCTGTGATACAGTGTTTTATGATATTAATGACTGGAATATTTATAATAGTAAACTTAATTATAGATGTAATATATGTTTATCTAAACCCTAAAATAAAATATGGAGTATAATATGAAAGATAAAGGGTTAATTATACTTTTTTCATTACTTGCTTTAATTATATTAAGTGCATTATTTGCTTCATTTATTGCTCCATACAGCCCTTATGACACAGATTTAACAAATAAATTTGCACCTGTAAGTTTAGAGCATATTTTAGGAACAGACCATTTAGGCAGAGATGTTTTTTCAAGGATAATATATGGTTCAAGAATGTCACTTATTAGTGTTTTAACAACTATATTAATAGTGCTGATACTTTCTTTAATAGTGGGAAGTATTGCAGGGTTTCGTGGCGGACTTTTTGACAGCATACTTATGAGAATATGTGATGTATTCCTTACATTTCCTACATTTATACTTGCTTTATTTTTTATAGGTGTGCTTGGAGCAGGGCTTATAAATGTAATCACTGCAATAGCTTTAACTCACTGGGCATGGTATGCGCGTATTGTTAGAAGTATAGTGCTTGAAACAAAACAGAAAAATTATGTGCTTGCTGCAAAATGTTTAGGTTCATCAAGGTTTAAAATAGTGTTAAAACATATTATGCCAAAAGTATTATCTCAGGTTATTATTTTAGCTGCATTAGATTTAGGGCACATGATGCTTCATGTGGCAGGGCTTAGCTTTTTAGGGCTTGGAGTGCAGGCACCAACAGCAGAATGGGGTGTTATGATAAATGATGCAGCACCATATATTAGAGAGCATCCAGAATTAATGTTGTATCCTGGTATTTGCATATTTATCACAGTAGCAGTGTTTAACAGCATTGGTGAAAAATTAAGAGATAAATATGAGACAAAGGAATACAGCAGTGAGAGTGAATTATGTGTGAAAAGTTAATAAGTATTAATAAGTTATCAGCTGGCACTAAAAATTACCAGATACTTCATAATATATCATTTGATATAAATGCCTGCGAAATTGTATGTCTTTTAGGTTCGTCTGGTTCTGGCAAAACTATGACAGCTCTCTCTATTTTAAATATGCTTCCTTTAAATGTAACACAGACTTCTGGCAGTATATTATATAATAACAAGCCATTTAACGAAAATATATGTGGCACTTTTATAAGTATGATTATGCAGGCACCAGCTTCATGTTTTGACAGTGTTTTTACAATAGGTACTCAGTTTAAAGATATATTAATATCTAATCATAAAGAATATTCTATAAATAGAGTATACACGATGCTTGAAAAAGTGGAGCTTCATAACCCGCAGGATATTTTAAATTCATATCCGTTTCAGCTTTCAGGTGGTATGCTTCAAAGGGTAATGATTGCAATAGCATTATCCCTTGACAGCAAAGTTATTATTGCAGATGAACCAACATCAGATTTAGATGTTGCAGGTCAGAAAGAAATTATTGATTTAATATTAAAACTTAAAAAAGAAAATAAATCTGTGCTTATGATAACACATAATCTTGCAGTTGCAAAAAGCTGTGCAGATAAAATTGCAGTTATGGAGCATGGCAGACTTGTAGATATTTTTAAAAAAGATGAGCTGCTTTTAGAAAACCGCCACAAATATACAAAAGAGCTGATTGCTGCAAATAACTGGCTTTATGCTAATAAGTGGAATATTGATTTAGGGGAAAATTATGCTGAAATGTGAGAATATTAGTAAAATATATAATGATAACAGCTGGTTTTCAAAAAAAGAAAGTATAAAAGTGCTTGAAAATATATCATTTCACTTAAAGCAGGGCAGAAGTATGGGATTTGCAGGCAGAAATGGAGCAGGCAAAAGCACACTTATGCGTATAATATTAGGGCTTGAAAAAGCAACAGAAGGCAGTGTTTTATTTATGGAAAAAAATATACACGGCCTAAAATATAATGAATTAAAAAAAATATATAAAGATATGCAGGTAGTATTTCAAGACCCGCAAAGTTCTATGAACCACCAGTATACTGTATATGATGTAATAAAAGAGCCTGTTGAAAATTATTACAGTTATGCAAAAGATGAAATGAAAAATATTGTTCTTAAATTACTTTCTGCAGTAAGACTTAGTGAAGATAAACTTTATAAAAATATAATGCATTTAAGCGGCGGTGAACAGCAGAGAGTAGCTGTTGCAAGAGCATTATCTGTCCAGCCTAAGTTATTAATACTTGATGAAGCATTAAGCAGCCTTGATATGATAATTCAAGCAGAAATAATTAAACTGCTGGAAGAATTAAAGGAAAAATATAAGCTTTCATATCTTGTAATATCTCATGATATAAGAATAATCTTAAAACTGTGTGATGATATTATTTTTTTAGAAAACGGTATAATAAAAGATAAGTTTTCAATAGAGCAGGGGATAAATAATCCAAGTGAAAGCTTTAAAAATATGATGATAGTATAAATTAGCCCCTAATGTCATATAGATTG
