gap_id	start	end	length	sequence
NZ_CP180088.1_gap1	9328	13567	4239	TGTACTACATTGTGTCCATAGCAATGACGAGTGACATCACGTTAGTACTACAAAGTTGCGGTTAAAACCGCCTGTCGCGGTAAAGTAGAGAGACATCCAGAGCACAAGGACTTTCCATGACTCTCAATAAAACCGATCGCATCTTCATCACGCTGGGCAAGCAGATTGTCAGCGGCAAATACGTTCCCGGCTCTGCGCTGCCCGCTGAAGCCGACCTGTGTGAGGAGTTTGCCACCTCGCGCAATATCATTCGCGAAGTGTTCCGTTCGTTGATGGCTAAACGGCTGATTGAAATGAAGCGCTATCGCGGCGCGTTCGTTACCCCGCGCAACCAGTGGAATTATCTCGACACCGACGTTTTACAGTGGGTGCTGGAGAGTGATTACGACCCGCGGCTGATTAGCGCGATGAGCGAGGTACGTAACCTGGTTGAACCCGCGATCGCCCGCTGGGCGGCAGAGCGCGCGACGTCGAGCGACCTGGCGCAAATAGAAGACGCGCTCAACGACATGATCGCCAATAACCAGGACAGGGAAGCGTTTAACGAAGCGGATATTCGCTATCACGAGGCGGTGCTGCAGTCGGTGCATAACCCGGTTCTGCAGCAGCTCAACGTGGCGATCAGCTCGCTACAGCGGGCGGTATTTGAAAGAACGTGGATGGGCGATGAGGCCAACATGCCGAAAACGCTCCAGGAACATAAGGCGCTGTTTGACGCCATCCGGCATCAGGACAGCGAAGCGGCGGAGCAGGCGGCGCTCACCATGATCGCCAGCTCGACACGAAGGTTAAAGGAAATCACATGACATCTCGCTACATCGCAATTGACTGGGGATCGACCAACCTGCGCGCCTGGCTCTATCAGGGCGAACGGTGCCTGGAGAGCAGGCAATCGGAAGCAGGCGTCACGCGTCTGAACGGACACTCCCCCGCCGCGGTGTTTAGCGAAATAACCCGGGGCTGGCTCGACGGCGCGACCCCGGCGGTGATGGCAGGAATGGTCGGCAGTAACGTCGGCTGGCAGGCGGTACCCTACTTGCCGGTTCCCGTTCATTTCTCCGCCATTGGTGAACAATTAACTGCCGTTAGCGACAACGTCTGGATTATTCCCGGACTCAGCGTCTCTCGCGACGATAACCATAATGTGATGCGCGGCGAAGAGACTCAGCTCCTCGGCGCGCGGGCGATAGCCCCTTCTTCCGTCTACGTGATGCCCGGCACCCACTGCAAATGGGTGCAGGCAGACCGCCAACAAATTAACGACTTTCGCACGGTGATGACCGGCGAACTTCACCACCTGCTGCTGCGCCACTCGCTGGTCGGCGCCGGGTTACCGGAGCAGGTCTCCGCTCCTGACGCGTTTAACGCCGGGCTTGAGCGCGGCCTGCATTCGCCAGACATCCTGCCGCAGCTTTTTGAGGTTCGCGCTTCACACGTGCTGGGTTCGCTGCCGCGCGCGCATGTCGGCGAGTTTCTGTCGGGACTGCTGATTGGCGCGGAAGTCGCCACCCTGAGCCAACGCTTTCGCGACCAGCAGGTCACCATTGTCGCCGGCGAGACGCTGGCGAACCGCTATCAGCAGGCACTGAGCGCCATTGGCCGTCAGACCATCGTGGTGTCGGGCGACAACGCATTTCAGACAGGAATAAGGAGCATCATCCATGCAGTGGCAAACTAACTTACCGCTTATCGCTATCCTGCGCGGGATTACGCCGGAAGAGGCGCTGGCGCACGTGGGGGCGGCGATCGACGCCGGCTTCGACGCCGTTGAAATTCCGCTCAACTCACCGCAGTGGGAAAAGAGTATTCCCGCCGTTGTTGAGGCTTATGGTGATAAGGCGCTGATTGGCGCGGGCACCGTGCTTAATGCAGAGCGGGTGGACCAGCTTGCCCGAATGGGCTGCAGGCTTATCGTCACGCCCAATATTCAGCCCGAGGTCATTCGCCGTGCGGTGAGCTACGGCATGACGGTTTGTCCCGGATGCGCGACGGCGACGGAAGCGTTCGCCGCGCTGGACGCCGGGGCTCAGGCGTTGAAAGTCTTCCCATCTTCGGCTTTTGGCCCTGACTACATCAAAGCGCTAAAGGCCGTTTTGCCGCCGGAGGTGCCCGTTTTTGCGGTGGGCGGCGTGACGCCGGAAAATCTGGCGCAGTGGATAAAAGCAGGCTGTACCGGTGCCGGGCTGGGCAGCGATCTCTATCGCGCTGGCCAATCCGTAGAGCGTACCCAACGGCAGGCGGCAGCATTTGTTAAAGCGTATCGAGAGGCAGTGCAATGAAAATAACCAAACTCACCACGTATCGTTTACCCCCGCGCTGGATGTTTCTAAAAATTGAAACCGACGAAGGCGTGGTTGGCTGGGGCGAGCCCGTGATTGAAGGGCGCGCGCGCACCGTAGAGGCGGCGGTGCATGAGCTCGGCGATTATCTCATAGGCCAGGATCCGGCGCGGATTAACGACCTGTGGCAGGTGATGTACCGCGCGGGCTTTTACCGCGGCGGCCCGATTTTAATGAGCGCCATCGCCGGTATCGACCAGGCGCTGTGGGATATTAAAGGCAAAGTGCTGAACGCGCCGGTCTGGCAGCTAATGGGCGGCCTGGTGCGTGACAAAATCAAAGCCTACAGCTGGGTTGGCGGCGACCGTCCGGCAGAGGTGATTGATGGCATCAAGAAGCTGCGCGGTATTGGTTTTGATACCTTCAAATTAAACGGCTGCGAAGAGCTGGGGCTGATCGATAATTCTCGCGCGGTGGATGCGGCGGTGAATACCGTCGCGCAAATTCGCGAAGCGTTCGGCAATGAAATTGAGTTCGGTCTCGATTTTCACGGCCGCGTTAGCGCGCCAATGGCGAAAGTGCTGATTAAAGAGCTGGAGCAATATCGCCCGCTGTTTATTGAAGAGCCGGTTCTTGCCGAGCAGGCGGAATATTATCCGCGGCTGGCGGCGCAAACCTCGATTCCTATCGCGGCGGGCGAACGCATGTTCTCGCGCTTCGAGTTTAAACGCGTGCTGGAAGCCGGTGGGCTGGCCATTCTCCAACCCGATCTGTCGCACGCGGGCGGTATTACCGAGTGCTATAAAATCGCCGGAATGGCCGAAGCCTACGACGTGGCGCTGGCGCCGCACTGCCCGCTGGGGCCTGTTGCGCTTGCCGCCTGCCTGCACGTCGATTTTGTCTCCTATAACGCCGTCTTCCAGGAGCAAAGTATGGGCATTCACTATAACAAGGGCGCGGAATTACTCGACTTTGTGAAAAATAAAGACGACTTCAATATGGAAGGCGGTTTCTTTAAACCATTAATGAAGCCCGGGCTTGGCGTAGAAATCGATGAAGCGCGGGTCATTGAATTAAGTCAGAATGCGCCGGACTGGCGTAATCCGTTGTGGCGGCATGAGGATGGTAGCGTCGCCGAATGGTAAATGCGCGTCATACTTTGCGCTGCTGATGCGTTGGCTGCATTTTCTTATCCCAGTCACATACTAATGTATGCTCCCGGGAATGCGAAAATTTGCCGCCTTTCCCCAGCACAAATTATTTAGCGCATTACGGTTAAGTTATTAATAAAAAATTTAAATAAACCCTCTGTAAATTACCGGGCATGGTGAGCGGCCTCGCTATGCCCAAAATCTGGAGACAGATTGCGATGGATATTTCAGTTACAGCTGCAAAACCCGGGCGTCGTCGTTATTTGACGCTGATTATGATCTTTATTACCGTGGTGATTTGTTATGTTGATCGCGCCAACCTTGCGGTGGCATCGGCGCATATTCAGGAAGAGTTTGGTATTACCAAAGCGGAAATGGGATATGTATTTTCCGCCTTCGCGTGGCTGTATACGCTTTGCCAGATTCCCGGCGGTTGGTTCCTTGACCGCGTGGGCTCAAGGCTGACCTACTTTATCGCTATTTTTGGCTGGTCGGTGGCGACGCTACTGCAGGGATTTGCCACGGGGCTAATGTCGTTGATTGGCCTGCGCGCGATTACCGGGATATTTGAAGCGCCGGCGTTTCCCACCAATAATCGCATGGTGACCAGCTGGTTTCCGGAGCACGAGCGCGCATCAGCCGTCGGTTTTTACACCTCAGGCCAGTTTGTCGGGCTGGCATTCCTGACCCCGCTATTAATCTGGATTCAGGAAATGCTGAGCTGGCACTGGGTATTTATCGTTACCGGCGCTATCGGGATCGTATGGTCACTGATTTGGATTAAGGTTTATCAGCCGCCGCGTCTGACG
NZ_CP180088.1_gap2	128870	132020	3150	AGCGCTTTCAGCGCCTGGCCTTCGGTTTCGCGGGCGACGATAAAGTCATCCAGCGCACCGTTCAACGCGCCCAGAATTTCGGCGGCAATGGCGTCCAGATCCTGTTCATGGGCCGACATCACGCCAGGCCAGCGCAGAATATCTACCGGATTGATTTCGCCTTCGTCGCTCTGCATTTTGACCCAGTTGGCGGCGTTAACCAGCTGCTTTGCCAGTTTTTCGTTAAGGATCAGCTCACCCTGCGCGCTCGGGTCCTGCTCAAAACGCAGGGTACATTCGACTTTACCGCGGGTCAGACGGGAGCGAATACGTTCACGCACCACGGGCTCCAGGCTACGGAACTGCTCCGGCAGGCGGAAGTAGGTTTCCAGATATCGTTGGTTTACCGAGCGCAGTTCCCACGCGGCGCTACCCCATTCACCCTTGATTTCACGCCGGGCGTAGGCGGTCATACTGCGGATCATAGACGTTCCTGTTTTTAAAGGAGAGTGGGGTGGATTATAGCTTTCGAGGCCTTATCAGGATAGGAATAAGCGCGCATTATCCGTATAATGCGCAGCCACATTCGTTTCAAGCCGGAGAACATCATGCGTCCAGCAGGCCGTAGCGCTAATCAAGTGCGCCCAGTAACCCTGACCCGTAACTACACAAAACACGCAGAAGGCTCCGTGCTGGTCGAATTTGGTGACACGAAAGTATTGTGCACCGCTTCTATTGATGAAGGCGTGCCGCGCTTTCTGAAAGGCCAGGGCCAGGGGTGGATCACCGCCGAATACGGCATGCTGCCGCGTTCTACCCATACGCGTAACGCGCGTGAAGCCGCAAAAGGTAAGCAGGGCGGACGCACCATGGAAATCCAGCGCCTGATCGCGCGTGCGCTGCGCGCGGCGGTTGACCTGAAAGCGCTGGGTGAGTTCACCATCACTCTGGACTGCGATGTGCTGCAGGCAGACGGCGGCACCCGTACCGCGTCTATCACCGGAGCCTGCGTGGCGCTGGCCGATGCGCTGAATAAGCTGGTCGCGGCCGGTAAGCTGAAAACCAACCCGATGAAAGGAATGGTGGCGGCGGTCTCCGTAGGCATCGTGAATGGCGAAGCGATTTGCGATCTGGAATACGTTGAAGATTCCGCGGCGGAAACCGATATGAACGTGGTGATGACCGAAGATGGCCGCATCATTGAGGTGCAGGGTACGGCGGAAGGCGAGCCGTTCACCCATGAAGAACTCCTCACCCTGCTGGCATTGGCCCGGGGGGGTATCGAATCCATTGTCACGACGCAGAAAGCGGCGTTGCAAAACTAGTTTTTAAGGCGACTGAGAAGTCGCCTTTTTTTTGTCCGTAGAAAAGTAAGATGAGGAGCGAATCCATGAAACCGTATCAGCGCCAGTTTATTGAGTTTGCGCTTAACAAGCAGGTACTTAAGTTTGGCGAGTTTACGCTGAAATCCGGGCGCAAGAGCCCCTATTTCTTCAACGCCGGCCTGTTTAATACCGGGCGCGATCTGGCTCTGTTAGGCCGTTTTTACGCCGAAGCGCTGGTGGATTCCGGGATTGATTTTGACCTGCTGTTCGGCCCGGCCTATAAAGGCATCCCTATCGCCACGACCACGGCGGTCGCGCTGGCGGAACATCATGACCGCGATCTGCCTTACTGCTTTAACCGCAAAGAGGCAAAGACCCACGGCGAGGGCGGAAATCTCGTGGGGAGCGCGCTGCAGGGCCGCGTCATGCTGGTGGATGATGTTATTACCGCAGGCACCGCGATTCGGGAATCGATGGAAATTATTCAGGCCAACGGCGCTGAGCTGGCCGGCGTACTGATCTCTCTGGATCGTCAGGAACGCGGACGCGGCGAAATCTCCGCGATTCAGGAAGTTGAGCGCGACTACGGCTGTAAAGTAATTTCCATCGTGACGCTGAAAGACCTGATTAGCTATCTGGAAGAGAAGCCGGAAATGGCTGAACACCTGACTGCCGTTCGCGCCTATCGCGAAGCGTACGGCGTATAAACATCTGCCCGGCGGGCAACGGTCTGTCGGGTCGATTGCTGGCAAAACGGCCAGCCGCGGCGAGAAGAGCGCCTGGGTATCAATGCGGATAATGCCGGGCATTCCTGCGGGAAGAGATGCAGCCCTTCGGGCTGCACAGAGACCGGCGAGAATTATTTCAGCTGGGCGGCGACCAGCGGCCAGCGGGCGTCAAAATCGTCCGTCGGGCGATATTTAAACTCGCTGCGCACAAAGCGCGATAGCATCCCTTCGCAGAATGCCAACAGCTGGCTGGCCAGCAGGGCTTCATCGACGGTATAGCCTTCGCCTTCGCGCATTTTCTTTTCACGCAACACCTGACGCAGCTGAACTTCAATGCGCTCGAACAGCTGATTGATGCGGTCCTGAAGCCGGTCCTGTTCAAACATCAGCGCATGGCCGGTCAGAATTCTTGTCAGCCCAGGATTACGCTCGCCAAACCCAAGAATCAACAGCACAATCAGACGCAGGCGCGCTGAGGTGTCTTTTTCATCTTTTAAAATCAAATTGATGCGCGTAATCAGGCTGTCTTCGATAAATTCAATCAGGCTGTCAAACATGCGGGTCTTGCTCGGGAAGTGCCGATACAGAGCCGCTTCGGATACGCCAACGGACGCCGCCAGTTTCGCTGTGGTAATGCGCTGACTTCCATCGCTGGATTCAAGCATTAGCGCCAGAGATTGAAGTATTTCTTCGCGACGATTCCTTTTCGCAGTTTGTTTTTCTGCCATGTTTTAAAATACCCCTGAAAAAAAGCACTTGTCAGGCAGGCACCCACAAAGCGACCGCAAGCTGTTGCCTGCGGTGATGTTATTGCATTAGTGCGCTTTGCGATGCTGGTTCCACTTCATCCTTCAGGCAGCCCTTTTGCCGGCAGCGCCCCGAAAGAGTTTTGTCTATCGCCGGGCTTATTGACGCCCTGAGTGACCGAAGCCGCCTTCGCCGCGATCGGTGGCGTCAAAATCTTCCACCAGGTTAAATTCTGCCTGCACAACGGGCACAAACACCATTTGCGCGATACGCTCGCCGGGTTCGATGCTGAAGCTCTGCTGGCTGCGGTTCCAGACGGAAACCATCAGCTGGCCCTGATAGTCAGAATCAATCAGACCGACCAGGTTACC
NZ_CP180088.1_gap3	133267	134089	822	CTGTCGGAAACCGGATAACCGGATACCGCCTGCAGACTTAATGGCGTAATGAAGGCTTTTGCGGCTTCCGTCATGGCGACGCGGACATCCGCGCCGCGGTCACGCAGGCGGCGCACCAGTTCCGGCGTTTTATAGGCAGCAATGCCGCCGCTCACGCCAAGAACGATCTTTTTACCAGCCAGACTCATCATGATTTTTTCCTGTTGCGGTACACCAGAATTCGCGCATCTTATCACAATCCTGACGGCATCGTGTGCCTCGCGCAGATACACTTTGCGAGGCGCTACGCAGGGATAAAACTTGCGTCTCGGCGGCGCAAAAAGGCTGTGCCAGGATAGCGCGCAGTGGGAAGGAGATGCCGCGATGGAAATACAAGAATCCCTGATGCCGAGGGAAAAGATGCAGCGCTACGGTATCGAAGTTTTGTCGGATATTGAGCTGTTGGCGCTATTTTTACGTACCGGTACCCGCACGCAGGACGTGATGACATTTTCGCGGGAGCTGCTACAGCGTTTTGGCTCGCTGTACGGCCTGCTATCGGCGGAGGAGTCGCAGTTTGCTGAGGTGGAAGGCATTGGTCTGGCGAAATATGCACAGCTAAAAGGGATTGCTGAACTGGCGCGACGCTATTTTAGCCTGCGAATGACGGAAGAACCCTCTCTGGTTACCCCGTCGATGACGCGGGAATTTCTGCAAAGCCAGCTGGCCGACGAAGAGCGTGAGATCTTCATGGTGATCTTTTTAGATAATCAGAACCGGGTATTGAAACATAGCCGCCTTTTTTCTGGTACTCTTAGCCACGTTGAGGTGCATCCGCGAGAA
NZ_CP180088.1_gap4	233222	237188	3966	TGAATACCTCAAGCGCGCGAAAGCGGGCGAGCATCAGACCGTCATGATGGGCTGGACCGGCGACAACGGGGATCCGGATAACTTCTTCGCCACCCTGTTCAGCTGCGCGGCGGCAAAAGACGGTTCTAACTACTCCCGCTGGTGCTACAAGCCGTTTGAAGACCTGATTCAGCCGGCTCGCGCCACCGATGACCACAACAAACGCATTGAGCTGTATAAGCAGGCTCAGGTTGTGATGCACGATCAGGCTCCGGCGCTGATCGTCGCCCACTCCACCGTCTATGAGCCGGTGCGTAAAGAGGTCAAAGGCTACGTGGTCGATCCATTAGGTAAACACCACTTCGATAACGTCTCTATCGAATAATAACAGCGTGTTTCCCCTCTCCCCGCCTTGGGGAGAGGGAATTGACATTTGTGAGCAATACAGACGTCCTGTCACCAGGCGGGCCGTCTCCAGAGAGAATCCGGGTTATGTTGCAGTTCATTCTCCGACGTTTGGGACTTGTCATCCCAACATTTATCGGTATTACCCTTCTCACTTTTGCCTTCGTTCATATGACCCCCGGCGACCCGGTGATGATTATGGCGGGCGAACGTGGTATTTCCCCTGAACGTCACGCGCAGCTGCTGGCCGAAATGGGCCTCGATAAACCGATGTGGCAGCAGTACGTCAACTATATTTGGGGCGTTATGCACGGCGATTTGGGCATCTCGCTGAAAAGCCGAATTCCCGTTTGGCAAGAGTTTGTGCCGCGCTTTAAGGCCACGATGGAGCTGGGCGTCTGCGCGATGATTTTTGCCGTCATCGTCGGGATCCCGGTGGGCGTGCTGGCGGCGGTTAAACGCGGCTCTATCTTCGACCACACCTCCGTGGGCCTCGCGCTGACAGGCTACTCTATGCCCATCTTCTGGTGGGGCATGATGCTGATCATGCTGGTGTCGGTACAGCTTAACCTGACGCCGGTTTCCGGGCGCATCAGCGATACCGTCTTCCTTGACGATACCCTGCCGCTGACCGGATTTATGCTGATCGATACCGCGATTTGGGGCGAGCCGGGCGACTTTATTGATGCGGTAATGCATATGATCCTGCCCGCCGTGGTGCTGGGGACGATTCCCCTGGCGGTGATCGTGCGTATGACCCGTTCATCAATGCTGGAAGTTCTGGGCGAGGATTATATCCGTACCGCGCGCGCGAAAGGCCTGACGCGGATGCGGGTGATCATCGTTCATGCGTTGCGTAACGCGATGCTGCCGGTGGTCACGGTGATCGGTCTGCAGGTCGGTACGCTGCTGGCGGGGGCCATCCTGACCGAAACCATTTTCTCCTGGCCGGGCCTTGGCCGCTGGCTGATTGACGCGCTGCAGCGCCGCGACTATCCGGTGGTGCAGGGCGGGGTGCTGCTGGTGGCGACGATGATTATTCTCGTCAACCTGCTGGTCGACCTGTTGTACGGCGTGGTGAACCCGCGTATCCGGCATAAGAAGTAAGGGGCCATCATGTCACAAGTTACTGAAAATAAAGTTGTCGCCGCGCCGGTGCCAATGACCCCTCTGCAGGAGTTCTGGCACTATTTTAAACGCAACAAAGGCGCCGTCGTGGGGCTGGCCTATGTCGTGGTGATGATTATCATCGCCATCTTCGCCAACTTCCTCGCGCCCTATAATCCGGCGGATCAGTTCCGCGATGCGCTGCTGGCTCCGCCGTTCTGGCAGGAGGGGGGCAGCGTGAGCCACCTGCTCGGCACCGATGACGTCGGCCGCGATATCCTGTCGCGCCTGATGTACGGCGCGCGCCTGTCGCTGCTGGTCGGCTGTCTGGTGGTGGTACTGTCGCTGATCCTTGGCGTGGTGCTCGGCCTTGTCTCGGGCTACTTTGGCGGCGTGGTTGACTCGGTCATTATGCGCGTTGTCGATATTATGCTGGCGCTGCCGAGCCTGCTGCTGGCGCTGGTGCTGGTGGCCATCTTCGGTCCGTCGATCGTCAATGCCTCAATAGCGCTGACCTTTGTCGCCCTGCCGCACTACGTGCGTCTGACCCGCGCCGCGGTGCTGGTGGAGGTAAACCGCGACTACGTGACCGCTTCCCGCGTGGCGGGGGCAGGCGCGATGCGTCAGATGTTCATCAACATTCTTCCTAACTGCCTTGCGCCGCTGATTGTTCAGGCGTCGCTGGGCTTCTCTAACGCCATTCTCGATATGGCCGCTCTTGGCTTCCTTGGCATGGGTGCGCAGCCGCCGACACCGGAGTGGGGCACGATGCTCTCCGACGTGCTGCAGTTCGCGCAGAGCGCCTGGTGGGTCGTCACCTTTCCGGGTGTCGCTATCCTGCTGACGGTGCTGGCATTTAACCTGATGGGTGACGGTCTGCGTGACGCGCTCGATCCCAAACTGAAGCAGTAAGAGGTTCGAGATGGCGTTATTAAAAGTAGATAAACTCTCGGTGCACTTCGGCGACGAAGGGACGCCGTTCCGCGCCGTAGATCGCGTAAGCTACAGCGTAAATCAGGGCGAAGTGGTCGGTATCGTCGGCGAGTCCGGCTCGGGTAAATCGGTCAGCTCGCTGGCGATTATGGGGCTGATTGACTATCCCGGCCGGGTGATGGCTGAAAAGCTGGAGTTTAACGGTCGCGACCTGAAGCGCATTTCCGAAAAAGAGCGCCGCCAGCTGGTGGGCGCGGAAGTGGCGATGATCTTCCAGGACCCGATGACCAGCCTGAATCCGTGCTATACCGTCGGTTACCAGATTATGGAAGCCATTAAGGTGCACCAGGGCGGCAACAAGAAAACCCGCGTGCAGCGGGCGATTGACCTGCTGACGCTGGTGGGGATCCCCGATCCGGCTTCGCGTCTTGACGTCTATCCGCACCAGCTTTCCGGCGGTATGAGCCAGCGCGTGATGATCGCGATGGCCATCGCCTGTCGGCCAAAGCTGCTGATTGCCGATGAGCCCACGACGGCGCTGGATGTGACCATCCAGGCGCAGATCATCGAGCTGCTGCTGGAGCTGCAGCAGAAAGAGAATATGGCGCTGATCCTGATTACCCACGATCTGGCGCTGGTGGCCGAAGCGGCACACAAAATTATCGTCATGTACGCGGGGCAGGTGGTGGAAACCGGCGATGCGGAGGATATCTTCCGCGCGCCTCGCCACCCCTATACGCAGGCGCTGCTGCGCGCGCTGCCGGAGTTCGCTCAGGATAAAGCGCGTCTTGCCTCGCTGCCGGGCGTGGTGCCGGGCAAATACGACCGTCCGAGCGGCTGTCTGCTCAACCCGCGCTGCCCCTATGCGACCGACAAATGCCGCAGCGAAGAACCTGAGCTGAACCTGCTTAACGGCGGTCGCCAGTCGAAATGTCATTACCCACTTGATGATGCCGGGAGGCCTGGGCTATGAGTACGCATGAGGCCACCACGCAACAGCCTCTGTTGCTGGCCACCGATTTGAAAAAATACTATCCGGTGAAGAAGGGGCTCTTCACGCCGGAACGCCTGGTCAAGGCGCTGGACGGCGTCTCGTTTACCCTTGAACGCGGTAAAACGCTGGCGGTAGTGGGGGAGTCCGGCTGCGGTAAATCCACGCTCGGTCGTCTGCTGACGATGATTGAAATCCCCACCGGCGGCGAGCTCTATTACCAGGGACAGGACCTGCTTAAGCACGATCCGCAGGCGCAGAAGCTGCGCCGGCAGAAAATCCAGATTGTGTTCCAGAACCCCTACGGTTCGCTGAACCCGCGTAAAAAGGTGGGGCAGATTCTGGAAGAGCCGCTGCAGATCAACACCAGCTTGAGCAAAGAGCAGCGCCGGGAGAAGGCGCTGGCGATGATGGCCAAAGTGGGCCTGAAAACCGAGCACTACGACCGCTATCCGCATATGTTCTCCGGCGGCCAGCGTCAGCGTATCGCCATTGCCCGCGGTCTGATGCTTGACCCGGACGTGGTGATCGCCGACGAACCGGTTTCCGCG
NZ_CP180088.1_gap5	240984	244847	3863	TCTCCTACGCGCTGCCGCATCTGTTCCTCGCGATCTATGTCGGCTCGCGCATGAACGGCCGCTATCGCTACAGCTTCTGGGGCGAAATCTACGATATCGTGCTGGCGTTCCACCTGGTGCTGCCGACGCTGGTGACCATGATTTTCCCCAAACGCGGGAAATTCAACGTGACCGATAAAGGCGGCCTGCTGGACGTGGGCTACTTCGACTTTACCGTCGTCAGACCGCACCTGGTCGTCGCCTGTCTGCTGGGCCTGGGGGTGGTGGTCGGTATCGTCCGCGCCATCGGTCACGACTACTTTGGCTCAGACCCGAACGTTATCGCGCTGAACGTCGGCTGGGGGATTTACAGCCTGATCTTCCTGCTGGCCGCCATTGCCGTGGCGCGCGAAACCCGTCAGGTGCGAAAAACGATTCGTATTGATGTCGATATTCCGGTACTGATCCACTACACCAGCGGCATTGTCTCCCGCAGCCACACCGCGGACCTGTCCATGGGCGGCTGCCGCGTAAGCGCGCCGGATAAGCGTCACCTGCAGGATGAAATCGAAGAGATTGAGCTGATTCTCCAGTCCGGCGCGATTTCGATCCCGGTGCGCCAGGTCACCGCTGACGACCAGTTTATTCGTCTGCAATTTGATGAAAATATTCAGCTCTCCCGCCGCCGCGAGCTGGTGCGCGTGGTGCTGGCCCGCGCCGATGCGTGGATTAACCCGCCGCGCCCGCAGGACAACCCGCTCCGCTCTTTTGCCACCATTTTGCGCTGCGTATTCGAACTGTTCTGGCTGACGTGGAAGACGCGCCGTAGCCAGCGTCGTCAGCCGCCTGCGGCGAATCCCGCGCAGGAGGATGGCAGCCTATGAAACGTTTAACGACGCTTGCGCTGCTGGCCGGTATGCTCTCTGCGCCAGCGCTGCATAGCGAGGAAACGCCCTCTGACGCATTGCCGCCGCTTAATTTTCCGCTACCTGATGCGGAAGCCAGCGGCGCGTCGGCGCCTGCCAGCGAAGCGAATTCGCCCGCCACGACCGAGCCCGCGCCGGCAAATGTCCCTCAGCCGGCTTCGCTACCCGCGATGCCGTCGCCGGTTGCCTCTGGGGTCGCTGATACGGTGCCGCTAACGCCGATTGTCGGCGGAGACCTGAACCTCATGCAGATGGGCATGCCGGACGGCATCATCCTTAGCGGTGGACAAAACCAGGGCGGCGCCAGCTTTACGCTGCCCTCCGATCAGGTGGTCACCCATGCCCAGCTGATGCTGGATGTTAAGGTCTCGCCGGAGATGGCGTCCCGCAACGCCACGCTGCAGTTAATGCTCAACGGCCAGCCGCTCGGCACGCTACCGCTGGGCGCGGACGGCGAGGAGATCTCGCACTATCAGCTGGATATTCCGGCGGCGCTGATGGTCTCCAGCAACAACCTGAGCTTTAAGATTAACGACGGCGATGCAATGCAGTGCCGGCTCGATATTCACGACACCTCGCGGGTGACCATTTTGCCCGCCTCCCACTTTAGCTGGGAGAGCCAGCAGCTTAATATCAGCAACGATTTAGGCCATTTCCCGCGCCCGTTTTTCGACAGCATGCAGATGACGCCGGCGGATATCGCTATCGCGTATCCGGAGAAACCAACGGCGGATATCTTCAGCGCAGCGGCGCTGGTGTCGTCATGGCTGGGTATTCAGGCCGATTATCGCGGTATCGCTTTTGACGCGCTGCGCGATCGCCTGCCCGAGAAGCACGGTATTATCATCGGCCACCCCGGCGATCGGGTGGGCGGCCTGACGCTGCCGCAAACCGACAGGCCGCTGCTGCGGATCGTTGAGAACCCCGGCAATCCGGCCTATAAGCTGCTGCTCATCGTCGGCCAGAACGACGCGGCGCTGCGGATGGCCGCCTGGCGCCTGACCCGCGGCGATTTCGCCCCGCAGACGGCCAGCATGGATGTTGATCCGCAGACGATAGCCGTCAGCAAGCCGTACGATGCCCCGCGCTGGATCGCCACCGATCGGCCGGTAAAAATCAGCGAGCTGATCCGCCAGGATCAAAGTATGACCGTCAGCGGCGTATGGCATGAACCGCTACGCGTGGCCTTCCGCGCCGCGCCGGACCTCTACCTGTGGGATGGCGAAACCATACCCCTGCAGATCGGCTACCGTTTCCCGTCGGAGAGCTGGATTAACGAGGATAAGTCGCTGCTGAGCGTGACGCTCAACAACACCTTCCTCAACAACCTGCCGATGAATAAACAGGGTCCGCTGGAGAAGCTCTGGCGTCACCTGGGCGGCGACGCGCGTCAGGAGCGGTTCACTATCCCGCTGGCGCCGTATCTGATTTACGGCGATAACCAGCTCTCGCTCTATTTCAATCTGGTGCCGAAGGACAGCGCGCCCTGTTCGGTCCTGCTGAACAGCACGATTAAGAGCCGCATCACCGACGACTCGTGGATCGATTTGAGCGGTACGCGGCACTTCTCGCTGCTGCCGAATCTTTCCTATTTTGTCGGCGCGTCGTTCCCGTTCTCCCGGTTGGCGGATTATTCGCAAACCACGCTGCTGCTGCCGGAACAGCCTTCGGAAACGCAGGTCGCGACGATGCTGAATCTGGCCGCCCGTTCGGGTAATTCGACCGGTAAAGCGCTTGCCAATAACCGCGTGATGCTGGGCGTTCCTGACGACGGCGCGAATGCGCTGTTCCTGCGCGATCGAGATGTCCTGGCGGTGAGCGCCCTCGATCAGAAAGCGTTTAATCAGCGCCTGCTGGCCGATTCTCCCTATCAACCGGTCGATAACCTGCTGAGCGTACGTGAACCGGCGCTATGGACAAAAATTCAGCGCAGGCTGAGCGGCGACTGGGCCTCCGACGGCGTGGATGCCGATCGCTATTTCTCTTCCAGCAGCGCCTGGCGCGGGTTTATTAGCTATCGCTCGCCGTGGAACCCGCAGCGGGTGGTCGTGGTGGCGATGGCCAGCAGCGACGATCAGCTGGCGAAACTGGAAGACGATCTTAATTCACCGCGCATCAATGCCGGTATTCGCGGCGATACGGCGGTGATTACCAGCGATAACGGCGTGCGTAGCTTCCAGGTCAGTACGCCGTTCCCCAGCGGCCAGATGCCGTGGTACATGATGGCGGTGTGGTATGCCAACCAGCACTCCGGCCTGCTGGCGGTGCTGGGGTTAATCGCCACGTCCATTCTGGGTCTGGCGCTGACCGCGATGTTCAAACGTCATGCCCGCAAGCGCCTGGAGTCGGGAGATAGCCAATGAAAAGAGTCAGTAAAATGAATACGAAGGCGGCCCGTCAATTTTCCACGCTGTGCCTGTCCGGCGCGCTGACGCTCGGCGCCTTCGGCGAGGCGCAGGCGGCGGGTAACGATGCGGCGCTGCAGGCGCTGTTTGCGCAGGCCAACTACTGGCACGAAAAATCGCACGACGAGCTGGCGATGGAATCGCTGCAAAAAGTGTTATCGGTGGATGCCAACAACGCTCAGGCGCTGTACCTGATGGCGCTGTGGGCGCAGCAGGGGGGCAACCTGCAGGCCGCGGCCCAGTGGCGGGCGCGACTGGAGAAAGCGGCGCCCAACAGTCCCGGCTTGCAGGATCTGGATAGCGCCAAAAAAATGGCGCAGGTCCCGCAGGGGCAGCTCAACCTGGCCAGACAGCAGGCGCGCAGCGGCAACGTGCCTGCCGCGCTGGCGACCTGGCGGAGTATGTTCAACGGCAGCGTTCCGCCTTCCGGACTGGCGGCGGAATACTACATGACGATGGCCAGCGACAAATCGCTCTATCCGCAGGCGTTGAGCGAACTGCGTCAGTATGTCGCTCAGCATCCGCAGGAGAACGGGCCGCGCGTGGCCCTCGG
NZ_CP180088.1_gap6	377706	379465	1759	AGAGCGTTTCCACAGCATAAAATCATACTGTTCGAGCGCATCCGCTTTGGTGCGCCAGGTCCCACTGGCGGTAGCGATGATTTTCTCAAACAGGCCGTCGGCGATGTCCGCCAGCGGCGTGCCTTCGATAATCGGCCCGCAGTCATAATCGATAATATCCGGCATCTTTTTCGCCAGCGCGGAGTTGGTTGAAACCTTAAGCACCGGAACGATAGGGTTCCCCGTCGGCGTACCCAACCCGGTTGAGAAGATCACCACGTTGCACCCCGCCGCGACCAGGCCCGTTACCGCGTCCACATCGTTGCCCGGCGTGCAGACCAGCGAAAGGCCGCTTTCTCCCATCGGTTCGGCGTAGTCGCATACCGCGCTTACCGGCGCTCTGCCGCCTTTTTTCGCCGCGCCGGCGGATTTGATGGCGTCAGTGATCAGCCCATCGGCAATGTTTCCCGGGCTGGGGTTATCGGCGATGGTGGTGCCGAAGAAGTTCGCGACATGCTCATAGTTTTTCATCAGCGACAAAAACTTCTCTTTCAGCTCGCGGGTCGCGCAGCGTTGCACGATATCCCCTTCCGCGCCGCACAGCTCGGGGAATTCCGCCAGCCCCGACGCGCCGCCGAGGGCGACAAGACGATCCGACACTTCGCCCATCGCCGGGTTAGCGCTGATCCCCGAGAACCCGTCAGAAGCGCCGCACTTCACGCCGATTTTGAGGTGGGAGAGCGGGACGTCCTGCCGCTCGGCGACGGGGGCTTCGCGGATCGCGTTATAGGTTTCGGTCAACGCATCCTGCATCATTTTTTCTTCGCTACTCCAGTCCTGCTGCCTGAAGTAAATAATCGGTTTGTTGAAATTCGGGTTGCGCTTCGCCAGCGCGGCGTTGAAATCAACAATTCGCGCTTTTTCACAGCCGAGGGCGAAGACCGTCACGCCAAGAACGTTAGGATGATCGGAATAGGCGGCCAGCACGTCGCACATCGTCATGCTGTCCGAGGTGGCGCCGCCGCAGCCGGAATTGACGGTAATACAGCGGATGCCGTCAAGATGCGGGAAGGGCAGATGCCGGGTATCGTTTAATGCTCCTGCCGACGTCACCTGGCGAGCAAAATTTTTCAGGCCGTTATTGGCGTAGCCGAGGGCGTCGTTCAGCGCATCGGTGACGCGCTGAACGTTGCGGTTTTCACAGAATACCAGCGGAATGACCAGCCAGTAGTTCGCGGTGGCGACCCGGCCATCTTCGCGCACGATCCCCTTGAAAGACCGCTGCTGCCAGGCGGAAACATCCGGCTGCTGCCAGTCATAGGGCGCGACGTCGTCAAGAGAAACCGGGGCCGCGTAGTGTTTGATATTCTCAGTGGTAATGGCTTCGCCGCGGGTGATGGGGCGCGTCGCTTTGCCGACCGGTACGCCGTACAGCGACACGATATCGCCGGGCGCAATATCCTCGGTGGCGAATTTATGTTTGGCTTTGACATCGCTACGCAGAACGTAGGCTTCATCGTTCCAGTGAACCCGCTGCTCTTTGCGTAAGTCCTGCAGCGCAACGATCAGGTTATCGGTAGGGTCAATTTTTAAGATGGTCTGCATGTTCATTATCCTTTGTTATAAGCGCATCAGGACTTAGTGATGGGGGACCGCGACGCCGTTTGTCGCTTTTCTGCCGGCAAGGGCGGCAATCAGCAGCGCGCAGCAGACGGTGATGAGCGACAGGGCGACCAGACCCGCCGAATCGTTGCCGAAGAAGGCATCGACCTCAACGCGA
NZ_CP180088.1_gap7	434614	435970	1356	GCCTGGCGGTGATGGATACCGTTTTTACCGCGCTATTGCAAAAACCACACGGCCGCGACACGACGTTAGTGGCGCTCGGCGGTGGGGTGATTGGTGATTTAACGGGATTTGCAGCGGCCAGCTACCAGCGTGGCGTGCGCTTTATTCAGGTTCCTACCACTCTGCTGTCGCAGGTGGATTCTTCGGTCGGCGGCAAAACGGCCGTCAACCATCCTCTCGGCAAAAACATGATTGGCGCCTTCTGGCAGCCGGTTTCTGTTGTTGTCGATCTTAACTGTCTCAAAACGCTGCCGAAGCGTGAGCTCTCTTCCGGCCTGGCTGAAGTGATCAAGTACGGCGTTATTCTTGACGGCGAATTCTTCGACTGGCTGGAAAATAATATTGATGCATTGCTGGCGCTGGATGAAAAAGCGATGGCGTACTGTATCCGTCGCTGCTGTGAGCTGAAAGCTGAAGTTGTCGCCGCCGACGAGCGCGAAACCGGGTTACGTGCTTTACTCAATCTTGGCCATACTTTTGGTCATGCTATCGAAGCTGAGATGGGCTACGGTAACTGGTTACATGGTGAAGCGGTCGCTGCCGGTATGGTGATGGCGGCGCGTGCATCCGAACGTCTGGGGCGGTTTAATCCGCAGGATACGCAGCGCATTATTCATCTGCTGCAGCGTGCTGGCTTGCCGGTAAGTGGCCCGCAGGAGATGGCAGCAGAGGCGTATTTGCCCCATATGATGCGTGATAAAAAGGTGCTGGCGGGCGAGATGCGGCTGGTGCTACCCCTCGCGATAGGGAAGAGCGAGATACGCGGCGGAGTCCCGCATGATGTTGTTCTTGGCGCGATTGCTGATACTCAGCAGGCGCAACAATAAGAAGGTCTGGCCGCGTTCGCGCGGCGTTATCATTTCGGGTGACGTGCAATAGTCGTGAGCATAAGCCTTTTAGTGGGGTGTTAAATGGATGAATTAAAACCAGAAGACGATATGAAAGCCGATCGCAGCGATCGTCGTACTGGTCGTTCTCGTCAGTCTTCAGAGCGTGATGCCGATCCGCAAATCAATTTTGATGATGTCGAACTTGATGATGCAGACGATGGTCGCCCGACGCGCGGCGGCAAAGCACGCCGTGAGCGCGATGAAGAACAGTATGAAGAGTACGAAGAAGAAGTAGAGTCTGACGAAGACGATGACGAAGAGCGTCAGGTTGAGCGTCGTCCTCGTAAGCGTAAGAAGGCGCCTGCGAAACCGGCTTCCCGTCAGTACATCATGATGGGCGTGGGGATCCTCGTTCTGCTGCTGCTGATCGTTGGCGTGGGTTCCGCGCTGAAATCACCATCCTCATCCAGCGAGCAAACGGCTTCCG
NZ_CP180088.1_gap8	449338	452037	2699	CGTAACGTGAATTTTCAGGCCAGCCGACGGCTGGAGGGCGTCGATGTTCCGCTGATAACCCTTACCCCCGAAGAAGCCCTGGCGCGCATTGCGGCGTTAAGGAGTCACTATGAGCGATAAATTCGGCGAGGGGCGGGACCCCTATCTCTACCCCGGTCTTAAGGTGATGCGCAACCGCCTGGGGATTCGCCAGGCTCAGCGACTTGAGCAGGCGGCGTGGGAGCTGACCGCATTACGCGCGGCAACCATTGAACTCGGGCCGTTGGTGCGGGGATTGCCTCATCTCTGCGCTATTCATCGCCAGCTCTATCAGGATGTCTTCGACTGGGCGGGGCAGCTGCGTGAAGTGGATATCTATCAGGGCGACACCCGTTTCTGCCATTTCGCCTATATCGAAAAAGAGGGAAACGCGCTGCTTCAGGATCTTGAAGAGGAAGGTTATCTGGTGGGTCTCGCGCAGGATAAATTCATTGAACGTCTTGCTCATTACTACTGCGAAATTAACGTCCTGCATCCTTTCCGTCTCGGTAACGGCTTGGCGCAACGCATTTTCTTTGAGCAGCTGGCTATCCATGCGGGCTATACGCTGGATTGGCGCGATATTGCGGTCGATGCGTGGAACCAGGCCAACCAGAGCGGAGCGATGGGCGACCTTTCTCCACTGCGGACGATATTTCGCAAAGTGGTAAGCGAAGCGACGGAAACTGAGTAGAATAGCGCGGTTCTTTGTTCCCGGAGCCGCTATGATCCTGCTTATCGATAACTACGATTCTTTCACCTGGAATTTGTACCAGTATTTCTGCGAACTTGGGGCGGAAGTGCTGGTCAGGCGTAACGACGAGCTGACGTTAGCGGACATTATTTCCCTGGCGCCAGCGAAAATAGTTATCTCGCCGGGCCCCTGTACGCCGGATGAGTCGGGGATTTCACTGGCGGCGATCCGCCATTTTTCCGGCCAAACGCCGATCTTAGGCGTTTGCCTCGGCCATCAGGCCATCGCCCAGGTTTTCGGCGCCGCTATCGTACGAGCCGCCAAAGTCATGCACGGAAAAACGTCCCCCGTTAGCCATACCGGTCAAGGGGTGTTCCTTGGACTGAATAACCCGCTTACGGTGACCCGCTACCACTCCCTGCTCATTGATCCGCTAACGCTGCCTGAATGCTTTGAGGTGACCGCCCGCAGCGAAGAGGGGGAGATCATGGGCATTCGCCACCGCGTGTTCGATCTCGAGGGCGTGCAGTTTCATCCGGAGAGTATTCTCAGCGAGCAGGGCCACCAGCTGCTGGCAAACTTCCTCAATCGGTGATTTGTAGTTGCCATGAGTTGATTTTTTATGCATATTTTGTGATTAGATTATCATAATCATTGCTGCATAACGTAAAGGATGGGCACCACATGGCAACTGAACAACCGGCAATCACCCGCGCTACATTCGATGAGGTCATTTTGCCGATTTATGCACCGGCAGAATTTATTCCGGTGAAGGGTAAGGGAAGCCGGGTATGGGATCAGCAGGGTAAAGAGTACGTTGATTTCGCCGGTGGGATTGCCGTGACCGCGCTCGGTCATTGCCATCCGGCGCTGGTGGCGGCACTGCATGAGCAGGGTGAAAAGCTGTGGCATACCAGCAACGTTTTTACCAACGAACCGGCCCTGCGACTCGGGCGGAAGCTGGTGGATGCGACTTTTGCCGATCGCGTCGTGTTTATGAACTCCGGTACGGAAGCTAACGAAACGGCTTTCAAGCTGGCTCGCCATTACACCGTGACCCGCCATAGCCCGTACAAAACCAAAATCATCGCTTTCCATAATGCGTTTCACGGTCGCTCGCTTTTCACCGTCTCGGTCGGCGGTCAGCCGAAATATTCCGACGGGTTTGGGCCGAAACCGGCCGATATCGTTCACGTGCCGTTTAACGATTTACACGCGGTGAAAGCCGTGATGGACGATCATACCTGCGCGGTGGTGGTCGAGCCGATTCAGGGTGAAGGCGGAGTGACGGCGGCGACGCCGGAATTCCTGCAAGGATTGCGCGATCTCTGCGACCAGCACCAGGCACTGCTGGTGTTTGATGAAGTACAGTGCGGTATGGGGCGTACAGGCTCGCTGTTTGCCTATATGCACTACGGCGTGACGCCGGATATTCTGACCAGCGCCAAGGCGCTTGGCGGCGGCTTCCCTATCAGCGCGATGCTGACCACCCATGATATCGCCAGCGCTTTCCACGCCGGTTCTCACGGCTCAACCTACGGCGGTAACCCCCTGGCCTGCGCGGTCGGCGGAGCGGCCTTCGATCTGATTAACACGCCGGAAGTGCTGGACGGCGTCACCGCGAAGCGCGAGCTGTTTGTTGAGCACCTTCAGCGCATTGACGCGCGGTTCGATCTGTTCAGCGATATTCGCGGCATGGGTCTGCTTATCGGCGCCGAGCTGAAGCCGCAGTATCACGGGAAGGCGCGCGATTTCCTCTACGCCGCCGCAGAGGCGGGCGTCATGGTGCTCAATGCCGGACCGGACGTGATGCGCTTCGTACCGTCGCTGGTGATTGATGATAGCGATATTGCTGAAGGCATGGCGCGCTTTGCCCTGGCGGTTGAGCGGGTGCTTAGCGCTTAGTGGCGCGCAGCCAGATGCCATGATGCGGACGCTGACGCCATGCCACCGATGAAATGGTGTGCATGGTGTTCAGATGCCCGAG
NZ_CP180088.1_gap9	469335	474105	4770	AAGCACATCTCCCTGGCACGCCGATATGGCGGCTATGCTCCGTTTGCTAAAAGAGGGCGACGATCTTCTGCTGCTGTCGGACGGCGTTATCGCCGCTCTCGCGGAAGGCCGTTTCCTTGAAATCCTGCAATCTGCCCCCATATCCCTCTACGCTCTGCAAGAAGATATCGAAGCCCGCGGGCTGGCTGGTCAAATTGCGGACAGTGTCGTCAGGGTTAGCTATACTGATTTCGTCAGACTTTCAGTCAAACATGCAGGTCAGTTGTCCTGGTAATGGCGGGATCGTTGTATATTTCTTGACACCTTTTCGGCACCGCCCTAAAATTCTGCGTCCTCATATTATATGAGGCGATTTATTACGTGTTTACGAAGCAAAAGCTAAAACCAGGAGCTATTTAATGGCAACAATTAACCAGCTGGTACGCAAACCACGCGCGCGCAAAGTTGCAAAGAGCAACGTGCCGGCGCTGGAAGCCTGCCCGCAGAAACGTGGCGTATGTACTCGTGTATATACCACCACTCCTAAGAAACCGAACTCCGCACTGCGTAAAGTTTGCCGTGTGCGTCTGACTAACGGTTTCGAAGTCACCTCCTACATCGGTGGTGAAGGTCACAACCTGCAGGAGCACTCCGTGATCCTGATCCGTGGCGGTCGTGTTAAAGACCTTCCGGGTGTTCGTTACCACACCGTTCGTGGTGCGCTTGACTGCTCCGGCGTTAAAGACCGTAAGCAAGCTCGCTCCAAGTATGGCGTGAAGCGTCCTAAGGCTTAATGGTTCTCCGTTAAGTAAGGCCAAACGTTTTATATTAATGTCAAACTAAACTCTTAGAGTTTTGGACAATCCTGAATTAACAACGGAGTATTTCCATGCCACGTCGTCGCGTCATTGGTCAGCGTAAAATCCTGCCGGATCCTAAGTTCGGATCAGAACTGCTGGCTAAATTTGTAAATATCCTGATGGTAGATGGTAAAAAATCTACTGCAGAAGCAATCGTATACAGCGCGCTGGAGACCCTGGCTCAGCGCTCTGGTAAAAATGAACTGGAAGCTTTCGAAGTCGCTCTCGACAACGTGCGCCCGACTGTAGAAGTTAAGTCTCGCCGCGTTGGTGGTTCTACTTATCAGGTTCCAGTTGAAGTCCGTCCGGTTCGTCGTAATGCTCTGGCAATGCGTTGGATCGTTGAAGCTGCTCGTAAACGTGGTGATAAATCCATGGCTCTGCGTCTGGCGAACGAACTTTCTGATGCTGCAGACAACAAAGGTACTGCAGTTAAGAAACGTGAAGACGTTCACCGTATGGCAGAAGCCAACAAGGCGTTCGCACACTACCGTTGGTAATCCCTTCGGAGTATTAGTCACCAGGCGGGCGCTTCAGATAAGTCGCCCGTTTTGGATAACTTAACTGAACGCCTAAAGAAATAAACGAGGAATCAAATGGCTCGTACAACACCCATCGCACGCTACCGTAACATCGGTATCAGTGCGCACATCGACGCCGGTAAAACTACTACTACCGAACGTATTCTGTTCTACACCGGTGTAAACCACAAAATCGGTGAAGTTCATGACGGCGCTGCCACCATGGACTGGATGGAACAGGAGCAGGAGCGTGGTATTACTATCACCTCCGCAGCGACTACTGCATTCTGGTCAGGTATGGCTAAGCAGTATGAACCGCATCGCGTAAACATCATCGACACCCCGGGGCACGTTGACTTCACCATCGAAGTAGAACGTTCCATGCGTGTGCTTGATGGTGCAGTAATGGTTTACTGCGCAGTTGGTGGTGTTCAGCCTCAGTCTGAAACCGTATGGCGTCAGGCAAACAAATACAAAGTTCCGCGCATTGCGTTCGTTAACAAAATGGACCGTATGGGTGCGAACTTCCTGAAAGTTGTTGGTCAGATCAAAACCCGTCTGGGCGCGAACCCTGTTCCGCTGCAGCTGGCGATTGGCGCTGAAGAAGCGTTCACCGGTGTTGTTGACCTGGTGAAAATGAAAGCCATCAACTGGAACGAAGAAGACGCAGGTGTAACCTTCACTTACGAAGATATCCCGGCAGACATGCAGGAACTGGCCGAAGAATGGCACCAGAACCTGATCGAGTCCGCTGCTGAAGCTTCTGAAGAGCTGATGGAGAAATACCTGGGTGGTGAAGAACTGACTGAAGAAGAGATTAAAACTGCTCTCCGTCAGCGCGTTCTGAACAACGAAATCATCCTGGTAACCTGTGGTTCTGCGTTCAAGAACAAAGGTGTTCAGGCGATGCTGGATGCGGTAGTTGACTACCTGCCATCCCCGGTTGACGTACCTGCGATCAACGGTATCCTGGACGATGGTAAAGATACTCCGGCTGAGCGTCACGCTAGCGATGATGAGCCGTTTGCTGCTCTGGCATTCAAAATCGCTACCGACCCGTTCGTGGGTAACCTGACCTTCTTCCGCGTATACTCTGGTGTGGTTAACTCTGGTGATACCATCCTGAACTCCGTGAAAGCTGCACGTGAGCGTTTCGGTCGTATCGTACAGATGCACGCTAACAAACGTGAAGAGATCAAAGAAGTTCGCGCGGGCGATATCGCTGCTGCTATCGGTCTGAAAGACGTAACTACGGGTGACACTCTGTGCGATCCTAATGCGCCGATCATTCTGGAGCGTATGGAATTCCCTGAGCCGGTAATCTCTATCGCTGTTGAACCGAAAACCAAAGCTGACCAGGAAAAAATGGGTCTGGCTCTGGGCCGTCTGGCTAAAGAAGACCCGTCTTTCCGCGTATGGACTGACGAAGAATCTAACCAGACCATCATCGCCGGTATGGGTGAGCTGCACCTCGACATCATCGTTGACCGTATGAAGCGTGAATTCAACGTTGAAGCGAACGTCGGTAAACCTCAGGTTGCTTACCGCGAAGCGATTCGCGCGAAAGTTACCGATATCGAAGGTAAACACGCTAAACAGTCTGGTGGTCGCGGTCAGTACGGTCACGTCGTTATCGACATGTACCCACTGGAGCCGGGCTCTAACCCGAAAGGTTATGAGTTCATCAACGACATCAAAGGTGGTGTAATTCCTGGCGAATACATCCCGGCCGTTGATAAAGGCATCCAGGAGCAGCTGAAAGCAGGTCCTCTGGCTGGTTATCCGGTAGTTGATCTGGGCGTGCGTCTGCACTTCGGTTCTTACCACGACGTTGACTCCTCTGAACTGGCGTTTAAACTGGCCGCTTCTATTGCCTTTAAAGATGGCTTTAAGAAAGCGAAACCAGTTCTGCTTGAGCCGATCATGAAGGTTGAAGTAGAAACTCCGGAAGAGAACACTGGTGACGTTATCGGTGACCTTAGCCGTCGTCGCGGTATGCTGCGCGGTCAGGAATCCAACGTGACTGGCGTTGTGATCCACGCTGAAGTTCCGCTGTCTGAAATGTTCGGATATGCAACTCAGCTGCGTTCTCTGACCAAAGGTCGTGCTTCTTACTCCATGGAGTTCCTGAAGTATGATGATGCGCCGAACAACGTTGCTCAGGCCGTAATCGAAGCCCGTGGTAAATAAGCCGCAGGGTTAAAACCAAAGTCCCGTGCTCTCTCCAGAAGGGGAGAGCACTATAGTAAGGAATATAGCCGTGTCTAAAGAAAAATTTGAACGTACAAAACCGCACGTCAACGTCGGTACTATCGGCCACGTTGACCATGGTAAAACTACTCTGACCGCTGCAATCACTACCGTTCTGGCTAAAACCTACGGTGGTTCTGCTCGCGCATTCGACCAGATCGATAACGCGCCGGAAGAAAAAGCTCGTGGTATCACCATCAACACTTCTCACGTTGAATATGACACCCCGACTCGCCACTACGCGCACGTAGACTGCCCGGGCCACGCCGACTATGTTAAAAACATGATCACCGGTGCTGCGCAGATGGACGGCGCGATCCTGGTTGTTGCTGCGACTGACGGCCCGATGCCGCAGACTCGTGAGCACATCCTGCTGGGTCGTCAGGTAGGCGTTCCGTACATCATCGTGTTCCTGAACAAATGCGACATGGTTGATGACGAAGAGCTGCTGGAACTGGTTGAAATGGAAGTTCGTGAACTTCTGTCTCAGTACGATTTCCCGGGCGACGACACTCCGATCGTTCGCGGTTCCGCTCTGAAAGCGCTGGAAGGCGACGCAGACTGGGAAGCGAAAATCATCGAACTGGCTGGCTACCTGGATTCTTACATCCCGGAACCAGAGCGTGCGATTGACAAGCCGTTCCTGCTGCCGATCGAAGACGTATTCTCCATCTCCGGTCGTGGTACCGTTGTTACCGGTCGTGTAGAGCGCGGTATCATCAAAGTTGGCGAAGAAGTTGAAATCGTTGGTATCAAAGAGACTGCGAAGTCTACCTGTACTGGCGTTGAAATGTTCCGCAAACTGCTGGACGAAGGCCGTGCTGGTGAGAACGTTGGTGTTCTGCTGCGTGGTATCAAACGTGAAGAAATCGAACGTGGTCAGGTACTGGCTAAGCCGGGTTCTATCAAGCCGCACACCAAGTTCGAATCTGAAGTGTACATTCTGTCCAAAGACGAAGGCGGCCGTCATACTCCGTTCTTCAAAGGCTACCGTCCGCAGTTCTACTTCCGTACAACTGACGTGACTGGCACCATCGAACTGCCGGAAGGCGTAGAGATGGTAATGCCGGGCGACAACATCAAAATGGTTGTTACCCTGATCCACCCGATCGCGATGGACGACGGTCTGCGTTTCGCAATCCGTGAAGGCGGCCGTACCG
NZ_CP180088.1_gap10	479643	482598	2955	ACTTCTCAGCTGGAACGTCGCGTTATGTTCCGTCGTGCTATGAAGCGTGCTGTACAGAACGCAATGCGTCTGGGCGCTAAAGGTATCAAAGTTGAAGTTAGCGGCCGTCTGGGCGGCGCGGAAATCGCACGTACCGAATGGTACCGTGAAGGTCGCGTACCGCTGCACACTCTGCGTGCTGACATCGACTACAACACCTCTGAAGCGCACACCACTTACGGTGTAATCGGCGTTAAGGTATGGATCTTCAAAGGTGAGATCCTGGGTGGTATGGCTGCTGTTGAACAACCGGAACCGGCTGCTCAACCTAAAAAGCAGCAGCGTAAAGGCCGTAAATAAGGAGCGTCGCTGATGTTACAACCAAAGCGTACAAAATTCCGTAAAGTGCACAAAGGCCGCAACCGTGGTCTGGCGCAGGGTACGGATGTTAGCTTCGGCACTTTCGGTCTGAAAGCTGTTGGCCGTGGTCGTCTGACTGCACGTCAGATCGAAGCAGCACGTCGTGCTATGACCCGTGCAGTTAAGCGTCAAGGTAAGATCTGGATCCGTGTATTCCCGGACAAACCGATCACCGAGAAGCCGCTGGAAGTTCGTATGGGTAAAGGTAAAGGTAACGTGGAGTACTGGGTTGCCTTGATTCAGCCGGGTAAAGTCCTTTATGAAATGGACGGCGTACCGGAAGAGCTGGCCCGTGAAGCATTCGGCCTGGCAGCAGCGAAACTGCCGATCAAAACCACCTTTGTAACTAAGACGGTGATGTAATGAAAGCAAAAGAGCTGCGTGAAAAAAGCGTTGAAGAGCTGAACGCTGAGCTGCTGAACCTGCTGCGTGAGCAGTTCAACCTGCGTATGCAGGCTGCAAGTGGCCAGCTGCAACAGACTCATCTGCTGAAGCAAGTGCGTCGTGATGTTGCACGCGTTAAGACTTTACTGACTCAGAAGGCGGGTGCGTAATGACCGATAAAATCCGTACTCTGCAAGGTCGCGTGGTTAGCGACAAAATGGAGAAATCCATTGTTGTTGCTATCGAACGTATGGTGAAACACCCGGTATACGGCAAATTCATCAAGCGTACGACCAAACTGCACGTACATGACGAGAACAACGAATGCGGTATCGGCGACGTGGTTGAAATCCGCGAATGCCGTCCGCTGTCCAAGACTAAGTCCTGGACGCTGGTTCGCGTTGTAGAGAAAGCGGTTCTGTAATAGAGTACGCATTCTCGATACGGATAAACGGCTCAGCGATGAGCCGTTTATTTTTTCTACCCATATCTGATTTGCGGTGTTATAATGCCGCGCCCTCGATATGGGGCTTTTTTAACGACCCTATTTTTGGGTCTCAGTAGTAGTTGACATTAGCGGAGCACTAAAATGATCCAAGAACAGACTATGCTGAACGTCGCCGACAACTCCGGTGCACGTCGCGTAATGTGTATCAAGGTTCTGGGTGGCTCGCACCGTCGCTACGCAGGCGTAGGCGACATCATCAAGATCACCATCAAAGAAGCAATTCCGCGTGGTAAGGTCAAAAAAGGTGATGTGCTGAAGGCGGTAGTGGTGCGCACCAAGAAGGGTGTTCGTCGCCCGGACGGTTCTGTCATTCGCTTCGATGGTAATGCATGCGTTATTTTAAACAATAACAGCGAGCAGCCCATCGGTACGCGTATTTTTGGGCCGGTAACTCGTGAACTTCGTAACGAGAAGTTCATGAAAATTATCTCTCTGGCCCCAGAAGTACTCTAAGGAGCGAATCATGGCAGCGAAAATCCGTCGTGATGACGAAGTTATCGTGTTAACCGGTAAAGATAAAGGTAAACGCGGTAAAGTTAAGAATGTCTTGTCTTCCGGCAAGCTCATTGTTGAAGGTATCAACCTGGTTAAGAAACACCAGAAGCCGGTTCCGGCTCTGAACCAACCAGGCGGCATCGTTGAAAAAGAAGCTGCTATTCAGGTTTCTAACGTTGCAATCTTCAATGCGGCAACCGGCAAGGCTGACCGTGTAGGCTTTAGATTCGAAGACGGCAAAAAAGTCCGTTTCTTCAAATCTAACAGCGAAACTATCAAGTAATTTGGAGTAGTACGATGGCGAAACTGCATGATTACTACAAAGACGAAGTAGTTAAAAAACTCATGACTGAGTTTAACTACAATTCTGTCATGCAAGTCCCTCGGGTCGAGAAGATCACCCTGAACATGGGTGTTGGTGAAGCGATCGCTGACAAGAAACTGCTGGATAACGCAGCAGCCGATCTGACAGCAATCTCCGGTCAAAAACCGCTGATCACCAAAGCACGCAAATCAGTTGCAGGCTTCAAAATCCGTCAGGGCTATCCGATCGGCTGTAAAGTAACTCTGCGTGGCGAACGCATGTGGGAGTTCTTTGAGCGCCTGATCACTATTGCTGTACCGCGTATCCGTGACTTCCGTGGCTTGTCCGCTAAGTCTTTCGACGGTCGTGGCAACTACAGCATGGGTGTCCGTGAGCAGATCATCTTCCCAGAAATCGACTACGATAAAGTCGACCGCGTTCGTGGTTTGGATATTACCATTACCACTACTGCGAAATCTGATGAAGAAGGCCGCGCTCTGCTGGCTGCCTTTGACTTCCCGTTCCGCAAGTAAGGTAGGGTTACTTAATGGCTAAGCAATCAATGAAAGCACGCGAAGTAAAGCGCGTGGCTTTAGCTGATAAATTCTTCGCTAAACGCGCTGAACTGAAAGCTATCATCTCTGATGTGAACGCAACCGACGAAGATCGTTGGAATGCTGTTCTCAAGCTGCAGACTCTGCCGCGTGATTCCAGCCCGTCTCGTCAGCGTAATCGCTGCCGTCAAACAGGTCGTCCGCATGGTTTCCTGCGGAAGTTCGGGTTGAGCCGTATCAAGGTCCGTGAAGCCGCAATGCGCGGTGAAATCCCGGGTCTGAAAAAGGCTAGCTGGTAATTGTCACCAATT
NZ_CP180088.1_gap11	496474	501062	4588	GATGAGCTGCCATATGTTCTTCCTGAACCAGATGACGCAAATAATTGCGGTAATCGGCCTTCTGTAGCATTGCCATTTCCAGAGCTCCTGGCTAACGTAGGAGATGAGGTAACACCTGTTGACGTTGTCGCTGAACGTGCCGGCCAATCTGTGCCAGTAACCGTAGCCCAGCTACTAGAACTGGAGTTAGCAGGCTGGATCGCAGCTGTACCCGGCGGCTATGTCCGATTAAGGAGGGCAAGCCATGTTCGACGTACTGATGTATCTGTTTGAAACTTACATCCATAACGAAGCAGAAATGCGCGTGGATCAGGACAAGCTGACTCGGGATCTGACCGATGCCGGTTTTGAACGAGAAGATATCTATAACGCCCTGATGTGGCTGGAGAAACTGGCTGATTACCAGGAGGGGCTTGTTGCGCCAATGCAGCTTGCTTCTGACCCACTCTCGTTACGAGTCTACACCGACGACGAGTGCCAGCGTCTTGATGCAAGCTGCCGGGGATTCTTATTATTCCTTGAGCAAATTCAGGTGTTGAACCTCGAAACACGGGAAATGGTGATTGAGCGTGTACTGGCGCTGGATACGGCAGAGTTCGATCTGGAAGATCTCAAATGGGTGATCCTGATGGTGCTGTTCAATATTCCCGGTTGCGAAAATGCCTACCAGCAAATGGAAGAATTACTCTTTGAAGTAAATGAAGGTATGCTGCACTAACTTTTTTGCTGCGACATTAGAATTGTTATGACCAAAACAGCGCTGTTCTCGGTGCGTAAAAACGAACCCTGCCCGCAGTGTGGGGCTGAACTGGTAATACGCTCCGGGAAACACGGGCCTTTTCTCGGCTGCTCGCATTATCCTGACTGTGACTATGTCCGGCCCCTGAAAAATCAGGCGGACGGACATATTGTCAAAGTTCTGGAGGGGCAAACGTGCCCGTCTTGCGGCGCAGTGCTGGTACTACGCCAGGGGCGTTTTGGTATGTTTATCGGTTGTAGCAGCTATCCAGATTGCGAACATACTGAACTTATCGATAAGCCGGATGAAACCGCAATTGCCTGCCCACAGTGCGGGCAAGGGCATTTGGTTCAGCGCCGCTCACGTTTTGGAAAAAACTTCCATTCCTGCGATCGTTACCCCGATTGCCAGTTCGTCATAAACTTCAGGCCAGTGGCGGGCGAGTGTCCAGAGTGTCATTACCCGTTGCTAATCGAAAAGAAAACGGCGCAGGGCGTTAAACGCTTCTGTGCCAGCAAACAATGTGGAAAGCCGATACCGGCGGAATAAATCTGTGAATAATAACCTGCCCTCAGAAGCCATCGTACGTGCTGTGGCGCTTCTGAATAATGAACATGTCATCGCCTATCCAACAGAAGCCGTTTTTGGCGTCGGTTGCGATCCCGATAGCGAAAAGGCCGTCATGAGCCTGCTTGCACTTAAACAGCGTCCCGTTGAAAAGGGGCTGATCCTGATTGCGGCGAACTTCGAGCAACTCAAACCCTATATTGACGATACGCAACTTAGCGATGAGCAGCTGGAGACGATTTTTTCTTGCTGGCCAGGACCTGTGACATTTGTCTTCCCCGCTTGCGCTTCAACGCCGCGTTGGTTGACGGGGCGCTTCAATTCACTGGCTGTGCGAGTCACGGATCATCCGCTGGTGGTCGAACTGTGTAATGCTTACGGAAAACCGCTGGTTTCAACCAGCGCAAATTTGTCTGGCCAGCCTCCTTGCCGCACGACGGCAGAAGTTTATGCGCAGTTTGGCGCTGATTTCCCGGTCGTTGACGGGGCTACGGGAGGGCGTCAAAACCCATCTGAAATACGTGATGCCTTGACGGGCGAACTCTTCCGCCAGGGGTAACTCATGGAAACTTATGCCGTCTTCGGACACCCTATTGCCCATAGCAAGTCGCCATCTATTCATCGGCTTTTTGCTCAGCAGTTGCAAATTACGCATCCCTATGGCCGTATTCTGGCTCCGCTCGATGATTTCGTTACGACGCTCGATACCTTCTTTAATGAAGGCGGTAAGGGAGCGAACGTCACCGTGCCTTTTAAAGAAGAGGCCTTCGCGCGAGCAGATGAACTAACCGAACGCGCAGCGCTGGCCGGTGCGGTCAATACGCTTAAACGGTTGGAGGATGGCCGCCTGCTGGGGGACAATACCGATGGTATTGGACTACTGAGCGATCTGGAACGGCTGGGTTTTATTAAACCAGGATTCCGGGTATTGCTTATTGGCGCAGGTGGGGCTTCACGCGGCGTTTTGCTTCCTCTCCTGTCGCTGGATTGTGCCGTGACTATTGTTAATCGTACCTATTCTCGCGCCCATGAACTGGCTACGCTTTTTGCTCATACCGGCAGCGTCCGCGCTTTGGATATAGAAGCATTAGACGGTCAGGAATTTGATCTCATTATTAATGCGACATCCAGCGGTATTGACGGCGGTGTTCCCGCGATCCCTGTTACCTTAATAAATCCCCATGTCTGTTGTTATGACATGTTTTACCAGAAAGGTAGTACGCCATTTTTATCTTTATGCCAGCAACACGGTGCGACAAAATGCGCTGATGGGTTGGGAATGCTGGTGGCGCAGGCTGCTCATGCGGTGCTGTTGTGGCACGGCGTTCTGCCAGAAATTACGCCAGTCATTGCGGCTTTGCAGAAGGAACTGAATGCATGAACCAGGCAATTCAGTTTCCAGACAGAGAGGTATGGGATGAAGCGCGTCAATGTATCGCTTTTCCTGCATTAGTTAACGGCATGCAGCTTACCTGCGCCTTAACGCTTACGGTGCTCAAGAAGCGTTTTGGCGGTGAAGAGCCGGCGCAATGGCTGGCCGCTTTTCGTGAACATCGCTGGGATCTGGAAGATGAAGCCCAGGATCTCATTCTCGACCAGCAAGAAGATGCTCAAGGTTGGATCTGGTTTTCCTGAGCCAGGTAATCACCTTTCCACTTTACATAGTTGTTCGCTGAATATTGTAGCCCGGCAATTTCCGCCTCTGTCAGGAGGCGTATCTGTTTTACCGGGTTACCAAAGTAAAGATAGCCACTCTTGAGACGTTTGTTCTGAGGCACCAGACTGCCAGCCCCAATCATTATATCGTCTTCAACAATCACGCCATCCAACAAAATCGAACCCATACCGACCAGGACCCGGTTACCAATAGTGCAGCCGTGTAGCATCACCTTATGGCCGACGGTAACATCCTCGCCAATGATAAGTGGATTGCCCTGTGGATTAGATGAAGACTTATGCGTGACATGTAAGACGCTACCGTCCTGAATGTTAGTGCGGGCGCCTATTTCCACATAGTTCACATCACCGCGAATGGCGACCAGAGGCCAGATACTGACATCGTCAGCTATTCTGACATCGCCGATCACCACGCTGCTGCTGTCGATCATCACGCGTAGGCCCGTTTTAGGGAATAAATCTTTATAACGACGCAAGCTGGTGGTCATGGTTACCTCAATAAAAGAAGGGAGTGCAGAGACTTTGGTTGCTTTTCTGGCCGTCTGCAACCCCTTATTGTGGTAAAAATTGAGCGGATTGAGCAAGAACGCCGCGAAGCGGCTGAAAAACCATCATTTGGAAAAAAAGATCGAAAAAAGGCTTGTGCAAAAAAATGGGATCCCTATAATGCGCTCCCACTGACACGGCAGATGAGAATCACTTCACAAACAACCCGGTCGGTTGAAGAGAAAAAATCCTGAAATAACGGGTTGACTCTGAAAGAGGAAAGCGTAATATACGCCACCTCGCAACGGTGAGCGAAAGCCGCGTTGCACTGCTCTTTAACAATTTATCAGACAATCTGTGTGGGCACTCAAAGTGACATGGATTCTTAACGTCGCAAGACGAAAAATGAATACCAAGTCTCTGAGTGAACACGTAATTCATTACGAAGTTTAATTCACGAGCATCAAACTTAAATTGAAGAGTTTGATCATGGCTCAGATTGAACGCTGGCGGCAGGCCTAACACATGCAAGTCGAACGGTAGCACAGAGAGCTTGCTCTCGGGTGACGAGTGGCGGACGGGTGAGTAATGTCTGGGAAACTGCCTGATGGAGGGGGATAACTACTGGAAACGGTAGCTAATACCGCATAACGTCGCAAGACCAAAGAGGGGGACCTTCGGGCCTCTTGCCATCAGATGTGCCCAGATGGGATTAGCTAGTAGGTGGGGTAACGGCTCACCTAGGCGACGATCCCTAGCTGGTCTGAGAGGATGACCAGCCACACTGGAACTGAGACACGGTCCAGACTCCTACGGGAGGCAGCAGTGGGGAATATTGCACAATGGGCGCAAGCCTGATGCAGCCATGCCGCGTGTATGAAGAAGGCCTTCGGGTTGTAAAGTACTTTCAGCGGGGAGGAAGGCGATAAGGTTAATAACCTTGTCGATTGACGTTACCCGCAGAAGAAGCACCGGCTAACTCCGTGCCAGCAGCCGCGGTAATACGGAGGGTGCAAGCGTTAATCGGAATTACTGGGCGTAAAGCGCACGCAGGCGGTCTGTCAAGTCGGATGTGAAATCCCCGGGCTCAACCTGGGAACTGCATTCGAAACTGGCAGG
NZ_CP180088.1_gap12	541873	545888	4015	TCCGGTAACCCCGGGCGTGGCGGTTGATCTAAGCCATATCCCTACCGATGTAAAAATCAAAGGTTTTTCCGGCGAAGACGCCACCCCTGCGCTGGAAGGCGCTGATGTGGTGCTGATATCCGCGGGCGTAGCGCGTAAGCCCGGCATGGATCGCTCCGATTTATTCAATGTTAATGCCGGTATTGTGAAAAATCTGGTACAGCAAATCGCCAAAACCTGTCCGCAGGCCTGCGTCGGGGTGATTACCAACCCGGTGAACACCACCGTGGCGATTGCCGCAGAAGTGCTGAAAAAAGCCGGTGTTTACGATAAGAACAAGCTCTTTGGCGTTACAACGCTGGATATTATCCGCTCGAATACCTTTGTTGCCGAACTGAAAGGCAAATCTTCATCAGATGTTGAGGTTCCGGTGATTGGCGGCCACTCAGGCGTGACTATCCTTCCTTTATTGTCACAAATTCCGGGCGTCAGCTTCAGCGAGCAGGAAGTGGCCGATTTGACTAAGCGCATTCAAAATGCCGGTACTGAAGTTGTGGAAGCAAAAGCCGGTGGCGGCTCAGCAACGCTCTCGATGGGACAGGCCGCCGCGCGATTCGGTCTCTCCTTAGTTCGCGCCATGCAGGGAGAGAAAGGGGTAGTGGAATGCGCCTACGTTGAAGGTGATGGTCAATATGCCCGTTTCTTCTCACAGCCGCTGCTGTTAGGCAAAAATGGCGTAGAGCAGCGTCAGTCTATCGGCACGCTGAGCGCGTTTGAGCAGCAGGCGCTGGAGGGGATGCTGGATACGCTGAAGAAAGATATCGCCCTTGGCGAAGACTTTGTGAATAAATAACGTTTCATGAAAAGAAAAGCCGGAGCCTGGGTTCCGGCTTTTTTATGGCTTTCTCCCACCCCTGAATGACTCAACCTGCTGGTAAATCTGCTAAACTCCCCGCGTCTTGAGCGGTAATAAACGAGGACGTTGTGAAAAAAATCGAAAGAAAGCAGACCAGGGACCACATTACGCAAATGCTCCGTTACGAGATCCTTTCCGGTAGCATGAAACCGGGGGATGAACTCGCGCAGGAGAGTATTGCGGAACAGCTGGGGCTTTCTCGTATGCCGGTTCGGGAAGCGCTACAGGCCCTTGAGCAGGAAGGGTTTCTGGTGCGTTTGCCAAACCGCCATATGCAGGTCGCCAGGCTGGCGCCTGACCACGTCAGTCATATTTTCCGGGCCATTGCGGTGATGGCAACGGAGCTTTTTTCATTGGTACCCGCAGCGGCGTGCGAATCGCTGGCGGCCAGCGCGCGCGCGCTGGGGCATCCCGGTGAGCGAGCGCGAGAGCTGGCGTTCCACGAGACGCTCATTTCTTATATTGATAATCGCTATCTGGAAAAAATTTATCAGCAATTTTTGGATGGTTATATCGGTTATGTCATTCTGTATCTGAAAGAGGATAATCAGGAGTCGGCGCAAATACTCAGCTCTCTGATGGAGGCTATTCGTCAGGGCGATCGCGCCGAGATCGCGCAGGAAACGCAGCGTTATTTCCTCTCTCTGGCAGAAATAATGCGTCAACACATGAAGGATTGGGAAAGTGCAGAAGCCTCGATTAGGGAAAATTAAGCTTCTTTCAGCGAAAGAGCAGGTCGCGGCAGTATTACGTAAAGCTATACTGTCGCGAGATTTAGTTGAAGGGCAAGAAATTACCCTTGAAGGGATCGCCACCATGGTCGGCGTGTCCAGTATGCCCGTGCGTGAAGCGTTTCAGATACTGGCTGCGGATGGGCTGATTAAAGTCCGGCCCAATAAAGGGGCGGTCGTGCTGGGAATTAACGAACAAACGATCCGCGAGCATTATGAGATTCGCGCGCTGCTGGAGAGTGAAGCAGTCGCTAAAGCGTGCCGTCCCGGGACGGACATTTCGCGCATTGCCGAAGTGCATTACTCTGCGGAAAAAGCGCTGGCGGAAAATAACTCAGCTGAATATTCAGACCTGAACCAGGCGTTTCATATGGAGATATGGAACGCGGCGGGAAATGGCAAAATGAAGCTGCTGCTCAGCAATATGTGGAACGGGCTTTCGATGGGGCATAAGGTCACTGAGGAAGAGTACGCGATCATTTCCATCCGCGAGCACAAGGGGATTTTACAGGCCCTGGAGCAGCATAATGAAGCGCTGGCGCGCCAGCGAATGCGCGAGCATATCATCCGTTCGATGGAGAACATGCTAACGCGCTACGTCGAAGAACCCTCCGCTTGATCGCATCGCCTGTAGGATCGCTGCAGGCGTCTTACTTATTCATTTCATAAATAAGTTTCGATAAGTGACTGCTTTCGCGAGATTTTGATAAAGATCTCAATCCTGAAGCTTTCGAAAAAAACGCGTTGACTTACTCTTTGTATGGGAATAATTTCCCTCTCGTCAATATTGGATACAATATCATATATCATTGATGGGATAACTATAAATATGGAACCGATTACCATTACCCTATGTTTGCTGGTGTTTGCTATCGCCATGTTCGTGTGGGAAAAAATCCCCCTTGCGGTCACGTCTATGGTGGTTTGCGTCGCGCTGGTGCTCACCGGCGTGCTCAATCTCAAGCAGGCTTTCGCCGGCTTTATCGACACCAACGTTATTCTCTTCGTCGCCATGTTTATCGTCGGCGGGGCGCTATTTGAAACCGGAATGGCGAATAAGGTGGGGGGCGTGATTACGCGCTTCGCGAAAACGGAAAAACAGCTGATTTTTACCATTATGGTCGTGGTTGGCGTGATGTCCGGTTTTCTCTCCAATACCGGTACCGCAGCCGTACTGATCCCGGTCGTTATCGGCGTGGCGGCGAAATCAGGCTTTGCCCGTTCCCGGTTGCTGATGCCGCTGGTTTTTGCCGCCGCGCTCGGCGGTAACCTGTCGTTGATTGGCGCGCCGGGCAACCTGATTGCGCAGTCAGCTTTGCAGAATATTGGCAGCGGTTTTGGCTTTTTTGAATATGCCAAAGTCGGTTTACCGATGCTGATTTGCGGCATTATTTACTTCCTGACCATCGGCTATAAATTCCTGCCCAATCACCCGAACAGCGGTGCAGTTGGCAGCATCGGTGAACAGCGCGATTACAGCCACGTTCCGCGCTGGAAGCAGATCCTCTCTTTGGTTGTTCTGATCGCCACGATCCTCGGCATGATTTTCGAAAAGCAGACCGGTGTGAGTCTGGCGGTAGCGGGCTGTATCGGCGCGCTGGTGCTGGTGGTTACCGGCGTACTTACAGAAAAGCAGGCCTATAAAGCCATTGATTCTCAGACCATTTTTATCTTCGGCGGCACGCTGGCGCTGGCGAAAGCGCTGGAAATGACCGGGGCGGGAAAACTGGTGGCGGATCACGTGATTGGCATGCTGGGACAAAACTCTTCGCCGTTTATGCTGCTGGTGGTGGTCTTTGCGCTGTCCATCATTATGACTAATTTCATGTCCAACACCGCGACCGTCGCGCTGTTAGTACCGGTGAGCCTGTCGATTGCCGCGGGCATGGGCGCCGATCCTCGTGCGGTGCTAATGGCGACGGTTATTGGCAGTTCTTGCGCCTACGCTACGCCAATCGGTATGCCTGCCAACATGATGGTGCTGTCGGCAGGTGGCTATAAGTTTGTCGACTACGCCAAATCCGGCATCCCTCTGATTATCGTTTCCACCATTGTCAGCCTGATTCTGCTGCCAATCCTTTTCCCTTTTCATCCGTAATGAACGGAAGCTGTCCTGACTAAGGAGCCTGTATGAGCAAAAGTGAACAGATATCCCATATGACCAATGTGATGGCCAAATTTGTGGGGTATACCGGCAAAGTCTTACCTGATGACGTCACTGCAAAACTGGAAGATTTGCATAAGAAAGAGACCAGTAAACTGGCTGACGTTATCTTTACGACCATGATTGAGAACCAGCGTCTGGCAAAGGAGCTGGATCGCCCTTCCTGCCAGGATACCGGCGTGATTCAGTTTCTGGTGGAGTGCGGGGCTAACTTCCCGCTGATCG
NZ_CP180088.1_gap13	552609	554987	2378	CCGCCGACAATCAAACCGATAAGTATCGAACGTAAAAACTTTCCAGGCATGATGCAGATATCGTTGATGGATAGACAGGCGCAGCATAACACGTCTTGTCCGGACATCGCACTGCACGCGATGCCCGGAAGGCGAGTTAACGCAGCAGCAGATAGATGCTTTCGCTGCCGCGAATGACGTTCAGCGCAATCACCGTCGGTTTGCTTTCGAGCACTTTGCGCAGTTCGGCAATGGAGCGCACGCGCTCGCGGTTGAGGCCAATAATAATATCGTCTTTATGCAGGCCCGCCTGCGCGGCCGGGCTGCCTTTATCGACATTATCAATGACGATGCCTTTGGTTCCGTCTTTCATCTGACCGTCGCTTAACGATGCGCCCTGCAGGGCCGGTGCGATAAGCTCGGCGCTGGCGGAAGAAGAGGTGCTCTTGTCCAGAGTGACTTCCACTTCAACGGGTTTTCCTTCGCGCAAGAGTCCTAGCTTCACTTTGGTGCCCGGCTCGGTCGTGGCGATGCGTGAACGCAGTTCGGCGAAGCTGTTGAGCGGTTTACCGTTGAGGCTAACGATAACGTCGCCAGATTTAATTCCCGCTTTGGCCGATCCGGAGTTTGGCAGGACCTCGCTGACGAACGCGCCGCGCTGGACGTCAAGGTTCATCGCTTTGGCGATATCCGCGCTCATTTCCATACCTTTAATACCCAGCAGGCCGCGTTTGATTTCACCAAACTGAATAAGCTGCTGGGAGAGGATTTTCGCCATATTGCTGGGGATCGCGAAGCCAATGCCGACGCTGCCGCCGCCCGGGGCCAGAATAGCGGTATTGATACCAATCAGCTCGCCGTTGAGGTTCAGCAGCGCGCCGCCGGAGTTGCCGCGGTTGATTGAGGCATCAGTCTGGATAAAGTTCTCCAGCCCCTCAAGGTTCAGGCCGCTGCGGCCAAGGGCTGAAATAATCCCTGAAGTGGCGGTCTGGCCCAGGCCAAACGGGTTACCGACGGCGACGGCGAAGTCGCCCACCCGCAGTTTATCGGAGTCGGCGATCGCGATTTGCGTCAGGTTGCTGGGTTTTTGCAGCTGCAGCAGGGCGATATCGCTCTGCTCGTCGCTGCCGACCAGTTTGGCATCGAACTCACGCCCGTCGTTGAGCTGGACGCTGATTTTCTGGGCCTGATTAATGACGTGATTATTAGTCAGTACGTAGCCTTTTGCGGCGTCAATAATGACCCCTGAGCCCAGGCCTTCAAAAGGCTGCGCCTGCTCTTGCGGCGCGTTGTCGCCAAAGTACTTCTTTAGCTCTTCCGGCATATTTTGCGCGGGTGACGCGGTACCCTCAACCTGTACGCTCACCACCGCCGGCAACACTTTCTCCAGCATCGGCGCGAGGCTTGGCAACGCGCCTTGGCCGGGAACCTGTGTCGGTAAAGACGCTGCTGCCGGAGGTAAGGCGGACAACGACAACCCAATGCTTAACGCTAACGCACTCAACAGCAAAGTCGGTTTATTCATTAGTTGCTGGCTCTCGTAACCTAAGGTGTATGGGAAACGTCCCGAATGGCCCGATGTTATTGAATTTTCGACCCGGTAACAACGTGGGCAATCGTTAAATTGTAGCTGGGATGGAAGGTGGAAACGGGCGCAGAGGGTGCGCCCGGAAAATATTTTTACTGTCGTTGCCGGTTTAGTCGCGCTTTACGCCGCCGCGCAGCAGACCGGATGCGCCTTCAGAGTAGTCGCGCGGCATCTGGACCGGGGCCTGATCGTTGCCCGCTTCGGACTCTTCCAGACGATTGCGGAACGGATTGGCGTCCGCCATGCTGTCCGGCAGCAGGTTGTTGGAGCTTTTCGCCATATGCTGATACAGCTGGCGGTAATCATGCGCCATGTTATCCAGCAGCTCTGCGCTCCGGGCAAAATGGCTCACCAGCTCTTCGCGGTACTCTTCCAGCTCTGCTTTATTCTTTTCCAGTTCGAACTGCAGCGCCTGCTGTTGGCGTAATTTGCGATTGCCAAAACGCATCGCGACGGCGCCGATAATGATGCCGACAACTAGCCCAATTAGCGCGTATTCCCAGGTCATGAACATCTCCCGTTGTTTTGTGGTTCCGTAGGGTGGCTGTGAGGCTCTCCGCCTGCGCCCGATAGTGCCACTATAACCGCTAATTCCACAGAAGTGGAATCCTGGCGTATCATCACGTAGTGTAGAGCGGCCTTTTTTTCGTCAATCGTGAGCTACGGCATTACGGTTTTCAAGGAATAACAATTAGATCATGCAAAGCCTGTCCCCAACATCGCGTTACCTTTCCTCTCTCAAGGAGGGGAGCCATCAACCTGACGACGTCCAGCGAGAAGCGGTCAGCCGCCTCGATACGATTTATCAAGA
NZ_CP180088.1_gap14	570070	574970	4900	TACGGGACACCCTCCGATACCGATTGCGCACGGGCACAGAAAGAGCATGGCGACGGGGTTTACACCTCGCATTCGCCCTCTTTAAATCCTTTTCGCATCGGTACACAAGTTTGAGGACTTGCTGTTAAGAGGGAATCTCAATTACTGCATAAATATGATGAGCAGAGCACTCATCCAGAAAGCTTCCAGCGGATTCCCAACTTATCGGGAATCCACACATACGTCAAATGGCAATCTTATTTATACAAAAATGTGCTATACAACACCTAATTTAATGATTTTTAAGAAAATAATGGCATTTTAAATGCCAGGGAAACGTACCGGTCGTCATAATTGAGTGTGATCTGTCTCACTATATCGACGGCGAGACATTATCCTTCTGTGCTGAATTGTTTTTTCATTGCAGTTTTTTAAACTGGTTTTTGTTTGATTTGCGGTGACTGATACTGTTTTATGCCCTGGTAAAGATAATGGCAAATCAGCGGCTATATATAAGGAAAACTCATTACCATAAGGATGAATTAAATTGCAGTTATCTTGAGTGTTTATGCAATGAGATAGGCGGCCGCGTTGACGATTGATCCAGGTCATCGCCGTCGGTAGCTAAAAATGGCAGGCTTGGCCCCTTTCTTAAGGCCGGTCTATCAGATTATGCAGTTACAAAAATTAGTCAATATGTTTGGTGGGGATCTTCTGCGCCGCTATGGTGAAAAGGTTCATAAACTGACGCTGCATGGTGGATTTAGCTGCCCAAATCGCGATGGCACTATTGGTCGCGGCGGCTGTACGTTCTGTAATGTGGCTTCTTTTGCCGATGAAGAGCAGCAGCACCGCTCGATTGCGGAACAGCTGGCCCATCAGGCGCAGCGGGTGAATCGTGCAAAGCGCTATCTGGCCTATTTCCAGGCTTATACCAGCACTTTTGCCGAGGTGCAGGTGCTGCGCGCCATGTATCAGCAGGCGGTCAGCCAGGCGAATATTGTCGGGCTATGCGTAGGGACTCGCCCGGACTGCGTCCCCGGCGCGGTACTGGATCTGCTGACTGAATATCGGGAGCAGGGGTATGAAGTCTGGCTCGAGCTGGGGCTACAGACCGCGCACGATAAAACGCTGCACCGAATCAATCGCGGCCACGATTTTGCCTGCTATCAGCGAACCACCCGTCTGGCACGCGAGCGCGGCCTCAAAGTGTGTAGCCACCTTATCGTGGGCCTGCCGGGCGAAGGGCAGCGTGAATGCCTGGAGACCTTAGCGCAGGTGGTGGAGACCGGCGTAGACGGCATTAAGCTGCATCCACTTCATATTGTGAAGGGCAGTATTATGGCCAGGGCGTGGCAGGCCGGCAGGTTAAACGGTATTGCGCTGGAAGCGTATACGGTCACCGCAGGAGAGATGATTCGCCATACTCCGCCAGACGTGATTTATCACCGTATCTCCGCCAGCGCCCGACGCCCGACGCTGCTGGCGCCGCTGTGGTGTGAGAACCGTTGGACCGGGATGGTTGAGCTGGATAAATATCTCAATGAATACGGCGTGCAGGGGTCAGCCATCGGGCGTTGCTGGATCTCTCCGGCTGCTGCCGAATAACGTCATTTCCGGCTGACGGCTCTCCACCGTCAGGCGCGTAACTACAATCCTTCCCGCATTTTTGGCACAACTTACAGCGTCTTGCTCAGAATTGAGTATTATTGTGCGAAGTTGTCGCGAAGGAATCCCTTATGAAGCAAATCCGTATGCTGGCGCAGTATTATGTTGACCTGATGATGAAGCTGGGTCTGGTGCGCTTTTCAATGCTGCTGGCCTTTGCGCTGGTGGTGCTGGCGATCGTTGTGCAGATGGCCGTGACGATGGTGCTGCACGGCCAGGTGGAAAGTATTGATGTGATCCGCTCCATCTTCTTTGGCTTGCTGATTACCCCGTGGGCGGTCTATTTCCTGTCGGTGGTGGTTGAGCAGCTGGAAGAGTCCCGGCAGCGCCTCTCGAGGCTGGTGGAGAAACTGGAGGAGATGCGCGAACGCGATCTCAAGCTGAATGTGCAGCTTAAGGACAACATCGCCCAGCTTAATCAGGAAATCGGCGAACGTGAAAAGGCGGAAGCGGAACGTGAAACGACGCTTGAGCAGCTGAAAATTGAGATGAAAGAGCGTGAAGAGGCGCAAATTCAGCTGGAACAGCAATCCTCCTTCTTGCGCTCCTTCCTGGATGCCTCTCCGGACCTGGTTTTCTATCGTAATGAAGATAAAGAGTTTTCTGGCTGTAACCGAGCGATGGAACTGTTGACCGGTAAAAGTGAAAAGCAGCTTATTCATCTTAAGCCGCAGGATGTTTACAGCGAAGAGGTGGCGGAGAAAGTGCTGGAGACGGATGAGAAAGTCTTCCGCCATAACGTATCGCTCACCTACGAGCAGTGGCTGGATTATCCGGACGGGCGCAAGGCCTGCTTTGAAATCCGCAAAGTGCCTTATTATGACCGCGTCGGTAAGCGGCGCGGCCTGATGGGGTTTGGCCGCGATATTACGGAGCGTAAGCGCTATCAGGACGCGCTGGAGCGGGCCAGCCGTGATAAGACCACCTTTATCTCAACGATCAGCCACGAGCTGCGTACGCCGCTTAACGGCATCGTAGGCCTTAGCCGAATCCTTCTGGATACCGATCTTACCGATGAACAGGAAAGATACCTGAAAACCATCCACGTCTCAGCGGTAACGCTGGGTAATATCTTCAATGATATTATTGAGATGGATAAGATGGAGCGGCGTAAAATTCAGCTGGATAACCAGCCGGTGGACTTTACCGGCTTTCTGGCCGACCTGGAAAACCTCTCCGGCCTGCAGGCGCAGCAGAAAGGCCTGCATTTTGTGCTGGACCCCACGCTTCCGCTGCCGCATAAAGTGATCACCGACGGAACGCGTTTGCGCCAAATCTTGTGGAATCTTATTAGTAATGCCGTGAAATTTACTCCGCAAGGCGGGAATGTGAACGTCCGCGTGCGCTATGACGAAGGCGATATCCTGCACTTTGAAGTAGAAGATTCAGGGATTGGCATCCCTGAAGCGGAACAGGATAAAATTTTCGCCATGTATTACCAGGTGAAAGATAGCCAGGGCGGCAAGCCAGCGACGGGCACCGGCATCGGCCTCGCCGTATCGCGGCGCCTGGCGAGGAATATGGGCGGTGATATTTGCGTTACCAGCCTCCCGGGTAAAGGCGCGACTTTTACGCTTACCGTACACGCTCCGGCCGTGGCTGAAGAGGTCGAGGACACGCTGGCGGAAGATGAAATGCCATTACCTGCGCTGAACGTGCTGCTGGTGGAAGATATTGAGCTCAACGTGATCGTGGCGCGCTCGGTACTGGAGAAGCTGGGCAACAGCGTGGATGTGGCGATGACCGGCAAGGCTGCGCTGGAGATGTTTGTACCCGGCGAGTACGATCTGGTTCTGCTTGATATTCAGCTGCCGGATATGACTGGACTCGATATTTCTCGTCAGCTGAAACAACGCTTTGCCGCCGATGAGCTCCCGCCGCTGGTGGCGCTTACCGCTAACGTGCTGAAGAACAAGAATGAGTATCTGGATGCGGGAATGGATGATGTTCTTAGTAAGCCATTATCGGTTCCGGCATTAACCGCGATTATCAAAAAATTCTGGGATGCGCCGGAAGAAGAGGAGAATGCAATGCCATCTATAGATAGCAGTAAATCGGCTTCTGTACTGGATATTCCGATGCTTGAGCAGTATATCGAACTGGTAGGGCCGAAGCTGATTAATGACGGTCTGGCCGTTTTTGAAAGAATGATGCCGGGCTACCTGGCAGTCCTGGAATCCAATTTAACCGCTCGCGACCAGAAAGGCATTGTCGATGAGGGTCATAAGATTAAAGGGGCTGCGGGCTCAATCGGTTTGCGCCATATCCAGCAGTTAGGGCAGCAGATTCAAACGCCGGATTTACCTGCGTGGTCGGATAACGTGGGTGAATGGGTTGAAGAGATGAAATCAGAGTGGCAAAACGATGTCGCGGTGCTGAAAGCGTGGGTCGCGGCGGCAGATAAAAAATGACCCCGGATAAACCGGGGTGCGCGAATACTGCGCCAACACCAGGGAACTGGTCGTTACGCCAGAATCATTTGAGTGATTTTTTTACACGGCGCAACCTGAGGATTTGGCTTACTCGCTCATTAAGATAGCAAACCTTAAATAGTTTGTTACATGAAACAGTAAAATATGTGAAGCATAGCGAGTAATTCAAAATTTTTGACTGCTTTCATAAACTTGTACTAAGGGGCTGATGTGATGAAGAAAATTGGTGTGGTGCTGAGCGGCTGCGGCGTTTATGACGGAAGTGAAATTCATGAAGCCGTCATTACTCTGCTGGCAATAGCCCGCAGCGGCGCTCAGGCCATCTGCTATGCGCCAGATAAAGTGCAAACCGATGTTATCAATCACCTGACCGGCGAAGCGCAGGCGGAAAGCCGTAATGTGCTTGTGGAAGCGGCGCGTATCGCACGCGGAGAGATTCAGCCTTTGGCCAATGCCCGAGCGGATGCGCTGGATGCGCTGATCGTGCCCGGCGGTTTTGGTGCAGCAAAGAACCTCAGCAGCTTTGCTTCACAGGGGAGCGAATGTGAAGTCGATCGCGATCTCAAGGCGCTGGCGCTGGCGATGCATCAGGCGGGTAAACCGCTGGGCTTTATCTGTATCGCTCCGGCACTGTTGCCGAAAATATTTGCTATACCGCTACGCGTGACCATTGGTACCGATCTTGATACTGCCGACGCGGTTGAGGAGATGGGGGCTGAACACGTGCCTTGCCCGGTCGACGATATTGTGGTGGATGAAGACAACAAAGTGGTGACGACCCCCGCGTATATGCTGGCGCAGAACATCGCCGAAGCGGCGAG
NZ_CP180088.1_gap15	579654	582140	2486	GAAACTCCTCCATCAGCTCTTTCGCCCGGTCTTCACGCTGCTCGTTGCTCAGGTCGTCGCGAATCTGCAGTACCGCCATCAGGTTATCGTAAACGCTCAGGCGGCGGAATATGGAGGCCTCCTGCGGCAAATAGCCGATTCCGCGACGCGCGCGCGCGTGCAGGGGTAGCAGGCTGATATCTTCATCATCGATGATAATGTTGCCGGCGTCGCGCGGTACGATACCAACGACCATATAGAATGTGGTGGTTTTACCGGCACCGTTCGGACCGAGCAGACCAACAATCTCGCCCGAATTCACGGTCAGGCTGACGTCTTCTACAACGCGGCGGCCTTTATAGGCTTTAGCAAGATTCTTTGCAGTTAATGTTGCCATAACGAATTACTTACCCTTCTTTGACTGATCGCTACCCTTGTCCTGCAGCTGCGAAGGAACCAGAACCGTGGTCACGCGCCCGCCTTTATTGCTGAAGGCCTGCATTTTTTGCTCTTTCACCAGGTAAGTGATTTTGTCGCCCTGGATATTGCTATCGATCTGTTCCAGATGCGCATTGCCGGTCAGGACGACAAAGTCGTTTTGCAGTTCATAATGCATTTTCGACGCGCGGCCTTTTACCGGCTTACCGTTGTCCTGCATCTGGTAGAAGGTGGCCGGGTTACCGTAGCCATCAATAACCTCTTTGCCTTTCTCTCCACCCGGACGGGTCACAACAACTTTGTCGGCGTTGATTTTGATCGTTCCCTGAGTGACGACAACATTCCCCGTAAAGGTGACGACGTTGCCCTGCATATCCAGCGACTGCTGATCGGATTCAATGTGAATCGGCTGATCGGTATCACCTGTCTTTGCCTGTGCCGACAGGCTGGCGGCCAGTAAGGCGCTGGCGAGCGCAATCTTAAGGCTGAGTTTGTTTGTTCTGAATTTCATATGAGGTTCTAACCTTTTCAATCAGCTCGGCATTTTTACTGCGCAGGTTCCCGCGCATTTTCAGGCCGCTGGAATTAAATGTTGTTCCGTACAACGTCACCATGTCATCGGAGGTAACATCCTGCGTCACCAGGTTTATCTGGGCGTTATCCGTCGTAATTTTGCGCAGTTGAGAATCCGCCGTCAGCGCATTTACCTCAACGTGCCCGTAAAGATACAGCATGCGGTCATTCGTCAACTTAGCTTTATCCGCTTTGATAGACCAGGTTGGTACTTTATTGGTATCAAAGGTGGTCATCACCGGTTTTGTGAACCACGAGAGCTGCTGTTCGGAAAAATACTCCACGTGTTCCGCGATGAGCCGGTAGTTAAGCGCTCCTTCGGGGCTATACACGACGGTATCAGTATGCTCGCTGGTATACGTTGGATCGTCAGGATTGATCGCTTGCTGGGTGGTATCGTCCGTACTCGCCAGGTTCAGGCCGATCAGGATCAGCGCGACCAGCGACAGTAAAATGATAACCCAACGTCTGGTTTTACTCATATAGATTGCCCTTTGGCCTCATCCAGCTTGCCCTGCGCCAATAGTAGCAAATCGCACACTTCGCGTACCGCTCCGCGACCCCCGTTGATACGAGTAACGTAATCCGCGCGCGGGAGCAGCAACGGATGCGCATCGGCTACCGCTATGCTTAAACCCACTTCAGCCATCACCGGCCAGTCGATCAGATCGTCGCCAATATAGGCGACTTCATCCGCGCTAACGGCCAGTTTATTGAGTAGTTCACGAAACGCCAGCAGCTTATCCGACTGCCCCTGGTAGAGATGCGTAATGCCCAGCGTTTGGCAGCGATCTTCCACCAGTTTAGCGTTTCGCCCGGTAATTATCGCCACTTCAATATCTGAAGTCAGGGCGCAGCGGATACCGTAGCCGTCGCGCACGTTAAACGCCTTCAGCTCTTCGCCGTTGTTACCCATATAGATAAGACCGTCGGACAAAACGCCGTCTACATCAAGTATCAATAAACGGATCTTCGCCGCCCGGTCAAGAAAGTCCTGGCTTACCGGCCCGTAGCAGGTCGCTATCAGGGCATCAGCATTATTCATTATTTTTTCCTTACTTACACTACGCCCGCGCGCAGGAGATCGTGCATATGTATCACACCTACCAGACGGTCGCCATCAGCAACCAGCACGCAGGTGATATGACGGGACTGCATCAGGTTCAGCGCATCAACGGCCAGCGTGCCGGGACGGATGCGGATTCCGCCTCGCGTCATCACTTCGGCAATACTGGCGTTACGCATATCAATGCCGGTATCAAATACGCGGCGCAGATCGCCATCGGTGAAGATGCCGATGATATTCATTTCATCATCGCAAATGGCGGTCATGCCTAAATTTTTGCGCGTGATTTCCAGCAACGCATCGCGGAGCGTGGCCTCCAGGCCAACGTGCGGAATTTCATCGCCGGTGTGCATGATATCATTGACCCGCAGCAGTAGCTTACGGCCCAGAGCGCCGCCGGGGTGCGATAGCGCAAAATCTTCAGCGGTAA
NZ_CP180088.1_gap16	603051	606962	3911	CTGCTCCCTTTTTACGCATCCACAGCAGCGCGGCGCTGGTATCCAGCCCACCAGAAAAAGCAATACCAATACGTTGGCCAACCGGGAGATGCTTGAGAATCGTCGTCATAAAATAAAACCCTGCTAGATAGACTGTGGTGAGTTTGACTCAACAATCTTTATTGCATGTTTATGCATTAATTGTGAGTTTTCATTTAATCATCTTTTGCTGGCGACAGGAAGAGGCTGAGCCGCTTTTTGCCAAAAAACCCAGAAATACCAGCATGAACCGAAACCTGGCAATGTGAAATTCATGTTGACAAAATATATGAAGTATCAATACAATTCACTACGATTTTATGTCCCGTCTCTCGGTACCAAATCCCAGCAGTATTTGCGTCTTTTACTCAAAACGAGTAAAATATGCCACGTTTCAGGCGCGGGGTGGAGCAGCCTGGTAGCTCGTCGGGCTCATAACCCGAAGGTCGTCGGTTCAAATCCGGCCCCCGCAACCACTTTCCCATTAAGTACTTTTTCAAATATACTGTGAGGACCGGGTCCTTCGTAGACGAATTTGAAAGAATTCTTCTGGAAAGTGTTCCAGATCGCAGTTGCGATCTCAGGGTTCAGTTATCTAAAGCCCCGATTTATCGGGGTTTTTTGTTATCTGACTTCAGAATAACTGGGCTATACGCCCTTTTTTTATGTCTTGGGGGTGGGTTTGTCCACATTAGAGCAAAAATTAACAGAGATGCTCACAGCGCCAGTTGAAGCGCTTGGCTTTGAGCTGGTCGGCATCGAATTTATTCGCGGTCGCACGTCCACACTGCGCATCTATATTGATAGTGAAGATGGCATCAATGTTGATGATTGTGCTGATGTGAGCCACCAGGTCAGTGCTGTTATGGACGTAGAAGACCCGATTACAGTCGCTTATAACCTGGAAGTTTCTTCTCCAGGTCTCGATCGTCCTATGTTTACCGCCGAGCACTATGAGCGTTTCATCGGCGAAGAAGTTTCGCTGGTTTTGCGCATGGCGGTACAGAACCGACGCAAATGGCAGGGCCTTATCAAAGCGGTAGACGGTGAGATGATCACGGTAACCGTCGAAGGCAAAGATGAAGTGTTCGCGCTGAGTAACATCCAGAAGGCGAACCTGGTTCCCCACTTTTAACAGTCTGGATTGAGGTGAAAGGCCCCGATGAACAAAGAAATTTTGGCTGTTGTTGAAGCCGTTTCCAACGAAAAGGCGCTGCCGCGTGAGAAAATTTTCGAAGCGTTGGAAAGTGCGCTAGCAACGGCTACCAAGAAAAAATATGAGCAAGAGATCGACGTTCGCGTAGAAATCGATCGTAAAAGCGGTGATTTCGACACATTCCGTCGCTGGCTGGTTGTTGAAGAAGTGACCCAGCCGACTCGCGAAATCACGCTGGAAGCTGCGCGTTTCGAAGATGAAAGCATGAATCCTGGCGATTACGTCGAAGACCAGATTGAATCTGTCACCTTTGACCGTATCACTACGCAGACCGCGAAGCAGGTTATCGTACAAAAAGTACGTGAAGCCGAACGCGCAATGGTCGTCGATCAGTTCCGTGAGCACGAAGGTGAAATCATCACGGGCGTAGTGAAGAAAGTGAACCGCGACAATATTACGCTGGATCTGGGCAACAACGCTGAAGCCGTGATCCTGCGCGAAGATATGCTGCCGCGTGAGAACTTCCGTCCGGGTGACCGTATCCGTGGCGTACTGTACGCAGTTCGTCCGGAAGCGCGCGGCGCGCAGCTGTTCGTGACTCGCTCCAAGCCGGAAATGCTGGTTGAACTGTTCCGCATTGAAGTGCCGGAAATCGGTGAAGAAGTTCTCGAAATTAAAGCGGCGGCTCGCGATCCTGGCTCTCGTGCCAAAATCGCGGTTAAAACCAACGACAAGCGCATCGATCCGGTTGGCGCCTGCGTCGGTATGCGCGGCGCGCGCGTTCAGGCAGTCTCGACTGAACTGGGCGGCGAGCGTATTGATATCGTGCTGTGGGACGATAACCCGGCGCAGTTTGTCATTAACGCCATGGCTCCGGCTGACGTCGCATCTATCGTGGTAGATGAAGACAAGCACACCATGGATATCGCAGTAGAAGCGGGCAACCTGGCGCAGGCCATTGGCCGTAACGGTCAGAACGTCCGTCTGGCGTCTCAGCTGAGCGGTTGGGAACTCAACGTCATGACCGTTGATGACCTCCAGGCTAAGCATCAGGCTGAAGCCCATGCAGCGATTGATACCTTCACTAAATATCTTGATATCGATGAAGATTTCGCCACGCTGCTGGTTGAAGAAGGTTTCGCCACTCTGGAAGAGCTGGCCTATGTGCCAATGAAAGAACTGCTGGAAATTGACGGTCTGGACGAAGCGACCGTTGAAGCACTTCGTGAGCGGGCGAAAAACGCGCTGACCACGCTGGCGCTGGCCAAAGAAGAGAGCCTGGGTGACAGCAAACCTGCCGACGATCTGTTGAATCTGGAAGGTTTGGATCGCGCTCTGGCATTCACCCTGGCCGCCCGTGGTGTTTGTACGCTGGAAGATCTCGCCGAGCAGGGCATTGATGATCTGGCTGATATCGAAGGCTTGACCGACGAGAAAGCCGGAGAACTTATCATGGCCGCTCGTAATATTTGTTGGTTCGGCGACGAAGCGTAATAAACTGTAGCAGGAAGGAACAGCATGACAGATGTGACCATTAAAGCGCTGGCCTCAGAGATTCAGACCTCTGTGGATCGCCTGATACAGCAATTTGCTGATGCAGGGATCCGCAAATCGGCTGATGATTCTGTGACCGCGCAAGAGAAGCAAACCTTGTTGACGCACCTGAACCGTGAACACGGCTCAGCGCCCGACAAGCTGACGCTGCAGCGCAAAACGCGCAGCACGTTAAATATTCCGGGTACCGGTGGAAAGAGTAAGTCGGTACAAATCGAAGTCCGCAAGAAACGCACCTTTGTGAAACGCGATCCGCAAGAGGCCGAACGCCTTGCCGCGGAAGAGCAGGCGCAGCGTGAAGCGGAAGAGCAAGCCCGTCGTGAGGCAGAAGAAGCTGCCAAACGCGAGGCGCAATTAAAAGCTGAACGTGAGGCCGCAGAACAAGCGAAACGTGAACTCGCCGATAAAGCGAAACGTGAAGCCGCGGAAAAAGACAAAGTGAGCAATCAACAAACCGACGATATGACCAAAACCGCCCAGGCTGAAAAGCAACGCCGCGAAAACGAAGCTGCGGAGCTGAAGCGCAAATCGGAAGAAGAAGCACGCCGCAAACTTGAAGAAGAAGCGCGCCGTGTAGCGGAAGAAGCACGCCGTATGGCTCAAGAAAATGAAAAGAACTGGACTGAAGCGCCAGAAACCCCTGAAGAGACCACTGACTATCACGTAACGACTTCTCAGCATGCACGTCAGGCTGAAGACGATAACGATCGTGAAGTTGAAGGCGGTCGCGGCCGTGGACGTAATGCGAAAGCGGCGCGTCCGGCTAAGAAAGGCAACAAACACGCTGAATCGAAAGCCGATCGTGAAGAAGCCCGTGCGGCCGTTCGCGGCGGTAAAGGTGGCAAGCATCGTAAAGGTTCTGCTCTGCAGCAAGGCTTCCAGAAGCCGGCTCAGGCGGTTAACCGTGATGTTATCATCGGCGAAACCATCACCGTTGGCGATCTGGCCAACAAGATGGCCGTCAAGGGTTCTCAGGTCATCAAAGCGATGATGAAACTGGGCGCCATGGCGACGATTAACCAGGTCATCGACCAGGAAACCGCACAGCTGGTTGCCGAAGAGATGGGCCACAAAGTTATCCTGCGTCGTGAAAACGAGCTGGAAGAAGCGGTAATGAGCGACCGTGACACCGGCGCTGCGGCTGAACCGCGCGCACCGGTTGTGACTATCATGGGTCACGTTG
NZ_CP180088.1_gap17	620278	620882	604	GGACGCTGGATGGTTAATGAGCTGGGATTTTAGTTAACCTTTTGGTGACAATTTTTGATTTGAGGCAGTTAAAAGCGTATTGGCGGGATCAATACCTGCGGCCCGGCATCGTGATTTTGTTGATTTACGCCGCTATGTCGTTTATTTGATATGGCACAATAGAGGAACTATTGCATTCATGGAGTAAAGCTTGTGTTGGATAAACTGCGTTCCAAACTGGTTCACTTTGGCCCGTCGATGATGAGCGTGCCGGTTAAGCTGGCGCCATTTGCCCTCAAGCGCCAGGTGCTGGAACAGGTATTAAGCTGGCAATTTCGCCAGGCGCTGGCGGATGGGGAACTGGAGTTTCTCGAGGGGCGCTGGTTAAGTATTCATGTGCGCGACATCGGCCTGCTGTGGTATACCTCGGTGGTGGACGGTCGTCTGGTGGTCAGCCCTGCGGCTGAAGCGGACGTCAGCTTCAGCGCCGACGCCAGCGACCTGCTGATGATCGCGGCGCGTAAGCAGGATCCGGATACGCTGTTCTTCCAGCGTCGCCTGGTTATCGAAGGCGATACCGAGCTGGGACTGTATGTAAAAAACCTGATGGATGCCATTGAGCTGG
NZ_CP180088.1_gap18	622049	622606	557	CGCGGCGTACAGTTCAAAGGTAAAATTCGCCGCCTCACCGGGGAAGAAGAGGCGGCGATGCGCAAGCGCTACGTCAGCCGTTTTCCTGTCGCCCGCATGCTATCGGCATCCGTCTGGGAGATTCGTCCCGATGAGATCAAGTTCACCGATAACACGCTGGGCTTTGGGAAAAAGCTGCACTGGCTGCGCGAATCAGGCGCCGAGCAGGCGTAAGGCTTCACGATTAAAGGCCGGCAGGTCGTCCGGGGTTCTGCTGGTCACCAGCTGTTCGTTGTCGATAACCACTTCCTGGTCATAGAATTCGCCACCGGCGTTTTTCACGTCGACGACGATAGGCTTCACGGCCGTCAGCTTGCGCCCGCGAATCACATCGGCGCTAATCAACAGCTGCGGGCCATGGCAGATGGCGAAGACCGGTTTGCCGCTGTTGACAAAATCGCGGGTGAAGGTGACAAAGCGTTCGTCGCCGCGCAGCGAGTCCGGTGAATATCCGCCCGGCAGCAGCAGGGCGTCGAAGTCGGCAGGGCTGACGTCATCAATGGCTTTATCGATAACGA
NZ_CP180088.1_gap19	630303	633479	3176	ATTCTTTAGCGGGTTATCAGCGTACAAAACGTGATGGTCAATAGGGCAGATGTCACCGCATCTGCCTTATTTTCTATACGATGTGTAACTCAATCCCGGTACTTTTTAATGCCTTCCGATGTTCTTCATTTATTTCGCTGTCGGTAATCACGCAGTTTATTTTCTCCATCGGTAGAACTTGATTGAACCCGCGGCGATTGAATTTGCTGGCGTCCAGCACGGCAATGACCTTATGTGCCGCGGCGGCCATGACGCCGCTGATGGAGTAACCTTCGTTGAAGGTGGTGATGCCGTTGGTGGTATCGATGCCGTCTGCGCCGACGAACATCAGATCGGCGCTGATGCCCTGAAGAGAACGTTCGGCGATGGTGCCGTGCATGGAGTGTGTTTTGTGGCGTACGGTGCCGCCGCAGACCACCAGGGTGATATCTTTGTTTTCGGATAGCGTAAACGCCGCGGGCAGGCTGTTGGTAATCACCGTGATATTGGTCATACGTACCAGCGCCTCGGCAATCAGTAGGGTAGTGCTGCCGCTATCCAGGATCACCGTCATGCCTTCGCTAATCATCGCCGCCGCGGCCTGGGCTATCCGTTTTTTCGGATCGCTGGCCAACTGATAACGATCTTCAAGTACTACTTCCAGATTATCTCCTTCGGTCAAATTGCTGCCGGGCCTTGCGGCACCGCCGTGAAAGCGGGTGAGTAACCCTTTTTCTTCCAGCAAACGGAGATCGGCCCGGATCGTCACTTCGGAGATGCCAAAGAGATTCGAAAGGTCCAGCACCAATACGCTACCCTGCGCATTGACCATTTCGACAATTTTATTCCTTCGCTCGAATGAGTTCATATTAATTTGCCTGATAATTAACTGATCTTAGTGTAATCGAAGGGTAATGAAAGTTGAACGATAATTTTCGAAAGGTTATGTGAGCCAGCTCTGATTGCTGGCTCAGTTGGTCAGGAGAGTTTAAGCAGGATTTTCCCCTGCATCGGCGCACCGTTGAGCGCCTGGACTTCGCGGGCAAAGCTTTCGGCATCGCCGATGTGGGTGATAAGCGGGGCAAGCTGAATGCGTTTTTCCGTCAGCAGGCGAACCGCCGTTTGCCACTCTTTTCCAGGCCACGGGCCCGAGTAGTTCATCCAGCTGCCGACAATAGTCAGCTCTTTTCGAAGAATCTGGCCAAAGGTGGCGAAAGGCAGCGTTAAGTCATGGTGCAAGGTACCCACCAGCGCCAGCTGCGCGCGCGGTCCGGCGACCTCAATGCCCAGCGCCACGGTTTGCGGCGTACCGGCGGTTTCCAGCACCAGCTGGTCGAACTGAATCTCTTCCAGCGCCGTTTGAATCTGTTTGCCGCTCATCTCCTTGCTGTTAAAGACGTGCGTTGCGCCGAGCATTTTTGCCAGCGCCAGCTTCTGCGGGTTGATATCGATTGCCGTAATGCTTTTGGCGCCCAGTTCGCGGGCGCACTGCAACGCCAGCAAACCAATTGTGCCTGCGCCAATAATAATGACGTTTTTCCCTTCGCAGCCCTGAGCCAGATGGAAGGCGTGCAGGCCGACGGTCATCGGTTCAATAAACGCGCCGTCATCAATCGGCATCTGGTCCGGCAGACGGAACAGGTTGGCGCGTTTGACCACCACGTACTGCGCATTTCCGCCTTCGCTGCGCGAACCGACAAACTGGTACTGTTTGCAGAGAGAGAAGTATTCGCGCTGGCACTGGGGGCAGTTAAAACAGGGGAGCAGAGGCACGCAGGCTACCGCGTCGCCCGGCTGCAGGTCGGTCACCGCTGAGCCATAAGATTCAACATAGCCGCTGAACTCATGACCCAGGGTGATGGGATAGTAGTGGGCGCCTTTGGCGAAGATGCGCGGAATATCGGAACCGCACAATCCGGAGCTGACGACTTTGACCAGGACATCGTTTTCCGTTTGTAGAGTCGGTATCGGGCGTTCTTCAACGCGCACTGTCCCCTCAGCATGGATAACCACTGATTGCATAATATTCTCCAGAAATGTCCGGGGGAGCGGATGCTCCCCCTTGAGATTAAGAAACGCCTGGGCTTTGTTGCGCGACGGCGGCTTTCTCTGCGGCGGCGAAGCTGCGCGCCCGACGCCACGTCAACAGCACGCCGGCAACATAGATGACGCCGATAACCACAAAACCCACCACGTTTTGCCAGGTGAAGAGCTGAATGAGCAGCCAGGTAACCGGTGAACCGCCCTGGTCCATAGAGGCCACAAGGCCGCCCGTCTTCAGAGCCCCGGCGTTAGCCGCCAGCTGGGTATGCAGGCCGATGGTCTGCGTGGCAATCCATAGCGTTATCCCCATCAGGATGATCCCGGAAATCAGCGTGCGGAACAGGTTCCCCTGGTGTACCGCCACCGCCATGGCGACAAAGAATCCAATGGTCGCGAGATCGCCGAACGGCAGGACCTGGTTGCCCGGCACCACAACCGCGATCAGAATAGTTAGCGGAATAAAGATCAGGCTGGCCGATACGACCGAGGTATGACCAAGCAGCAGCGCCGGATCGAGACCAATCAGGAAATCCTGGCCGCCAAACTTCGCCTGCAGACGTTTACGCGCCTGTTTGGCAATCGGGTTCAGGCCATCCATGATAGGTTTGATGACGCGCGGCATCAGCAGCATGACGGCCGCGGTTTTCACCGCCAGCTGGAGGATGCCCTTCAGGTCGTAGCCCGCCAGCGCGCCGATGACCAGACCCATTACAAAACCGACGGTGACCGGTTCGCCAAACGGACCGAAGCGTTTCTGGATGTCGTCAGCGCTGAAGTGGATGCGGTTCAGGCCGGGAATTTTTTCGATAATCGTATCGACCAGCACCGCTATCGGTCCTAAATACGCCGAGCTACCGTGCGGAATAGCAATACCATCGAGGCCGAAAAAGTCGCGGGTATCCTTCGCAAACCAGTCGCCGAGCTTGTAGACGAAAGCCGCATGCACCACTACGCCAAGAATCCCAATCCAGTAAGAACCGGTCGCGATATGCAGCATTGCGCCGGTAAAGGTCATATGCCAGATGTTCCAGATGTCGACGTTCACGACGCGAGTCATTCGGGTGACCAGCATGAAGATGATGACCGCGATGGCGATGGGAATCGCCACCAGCGCGATTTGCGAGGCCCAGGTCATCGGCGACGACCCCGGCCAG
NZ_CP180088.1_gap20	634627	638999	4372	TCGTTCAAACTGCACGGGCATATACTGGCTGATAAGGCCCAGCGGCAGCTTAGTTTCGGTCAGGTTTGCAATTAACTTTTCCACGCTCTGGCGAATACGCGGATGCGGCCAGTAGTAGCGAATGCGATCGGACAGGCTGAAGTGGATATCCACCATTGCCTGGCTCCAGGTCGGGCGGTAGTACTTCTTCCAGTAGCCCGGCTCGTTAAGCATTACTTCATCAATCACTTCCATCACGCGGCTGCGGGATTCCGGAGCGATCAGCTCATTTTCCATTTGCGCGAGGGCAAAAATGGCTTCGCGCAGCGCGAAGGTTAGCGCCGGGCCAACTTTCAGGATGGCGTAATGGTCGCGCACCAGCGCCCGGTAGGCCTGACGAGACTGGTAATCAGTCGAGTGCGCTTCGTAGACCATCGGCGTGCCTTCGATCCACGCGGAGAGCGCTTTGGCGGCCTCTGGCTGGTAATGAATAATTTGCGTATGGTCGAACTCAACGCCGGGCTGTACCACGATAGCGATGACGCGTTCCAGCGCTGCGTTAAGACCCAGCTTGCGGAAGGCGGCTTCATGGGTTTCCAGCGTTGCCGCCGCATCCTGGGCGCGGGTTACGTGGACGCTGCCGATGGTGCTGGCTTCGCCGCCGGGAACCGGAACTTCGGTGCCGATGACGTAGGTCAGATGGCGTTTCTGCGCGTCGGTTGCCGTCTCTTCCGCGGCCTGGCACAGGCGAGCGGCACGTTCGGCGACGACGGCCGGGTCCAGCGGTACCGGATCGTCAGCGCAGGACATTGAGGCATCGAGATGGATTTTGCTGAAGCCCGCGGCGACGTAGGCTTTAATCAGATCGACCGATTTTTCCATCGCTTCGGCGGCGGGTTCGCCCTGCCAGCAGTTCGGCCCGAGATGATCGCCGCCAAGGATGATGCGATCTGACGGGAAACCGACTTCGCGGGCAATTTTATTCACGAAATCACGGAAGTCCGCAGGCTGCATTCCGGTGTAGCCGCCAAACTGGTTAACCTGATTAGAGGTTGCTTCGATAAGAACCTTGTTGTTGGTATGCAGATCGAAACGTAGCGCGGCTTCGATAACCAGTGGATGCGCGGAACAAACTGAGCAGATGCCGATGTGTTCGCCAGCTTTGTGGCGGGAAATAATATCTTTCATTTAAAACCTCCGTTTTCTTTCGAATATATTCGTTATGTTTTGTTTTGCCCGCAAACTCCTTTGTTTTGATTTGTGATCAATCTCGAAAAAAAGAAAGATAAAACGTAATGTTACGAAAGTTAAAGATAAAAAAACGCTCTGGCGATGACGGCAGAGCGTTTTTAATTTATTGAAATTTAACTAAATATTCGTGAAATCCAGCTCCGTTTAGGCTTTTCTGCTGGCTGAACGACCTGCTGCGGTTGAGCGGCAATTTCGCCTAATCCGGCATTAAAGGCCGTACCGATAGCCTCCAGCGCCTGATGGGCATCTTCCCCGCTGGCCATAAAGTGCAGCCGATGTCCCTGTTTTGCGCCGAGAGACACCACCCGCATCAGATTTTTGGCGTCAACAATAGCGGAACGGGTGTCGAGATTTTCCACCCGAATTTGCGATCGCCACTGCTTCACCGCTTTCACCAGTACAGCGCTTGGCCGCGCGTGCAGTCCGTGGGGATTGCGCAGGGTAAAAGTCGCCTCTTCATCGAACGCCGGGGGCGGTTCCATCTCTTCCCCTTCGGCCGGGAAGATATTGCCGGCCAGAATCTCCAGCACCGCCTGCGGACTCTCAGCGCGCGATAGCGCTGCAGGTACGCGTTCGTCACTCAGGGCGTGGGTAAGCTGGCGAAGAATATCAAGGTGTTCGTTGTCCTGCGCGGCGATCCCCACAATCAGATAAGCCGCTTGTTCTTCTCCCCAATCAACCCCCTGCGGGCAGGCCAGTACTTTGACACCGGTTTTCAGTACCGCATCGCGGCTCTGCGGCGTGCCGTGAGGAATGGCAATACCGTTGCCAAGATACGTGCTGATTTGCCCTTCGCGTTCGCGCATGCCGTTCAGATAAGCGGGCGTGGTATGCCCGGCTTCGGTTAATCTGCCAACGACGCGTTGCAGCGCTTCATCTTTCGTTTTGATCGCGCGATCGAAATGGATATCTGCGCAAGTCAGTTGCATAAATAGCTCCTTATTTAATGGCACCGGCAAGCGTCGCTGCTTCCTGGGTCCGTTTTTGCCATAGCCTCCAGCATCCCAGCATGACCGCGCCGCAGGCGGAACCGGCGAGAATACACAGCACCCACATTAGCGGTTTACTTACCAGCGGCAGGATCAGGAAGCCGCCGTGCGGAGCAGGAACCTGGATTTGCAGGCTATAGCTGAGAATCGCAGAGATGGAAGAGGCGATCATCATCATGGGGATGACGCGTAAAGGATCTTTCGCGGCGAATGGAATAGCGCCTTCAGTAATATGGGTGCAGCCGAGGATATAGTTGACCATCCCGGCGGCGCGCTCTTCTTCACTGAAGCCTTTCGGGAAGAAGGTTGTCGCCAGCGCGATAACCAGCGGCGGCGTAATACAGGCGGCGGAAACCCCGGCCATAAAGAAGTAGTTCCCCTGGCCAAGCAGCAGCGTACCGGTGACGTAGGCGGCTTTATTCACCGGACCGCCGAAGTCGAAGGAGCACATCGCGCCTACCACAATGCCCAGCAGAATCGGGTTTGCTTCCTGTAATGAACTCAGCCAGTTCATCATCGCGTTGTTGATGGCGGCGACAGGTTGACCCAGCAGCACCATCATCACGCCTATTACCAGCACGCCAACGAGCGGCATAATGAAGATCGATTTCAGCCCTTCATACTGACGCGGCAGGCCGTTGAGCATATTGCGGATCAGCAACATAAAATAACCGGCGGCGAAACCAGCGATAATCCCGCCGAGAAAGCCTGCGCCGGTCGCGTTGGCCAGTAAGCCGCCGACGAAGCCCGCAACCATACCGGGGCGGCCGGAAATAGACCAGGCGATATAAGCGGTAAAAATCGGCACCATGATTGAGAAGGCCTGCTGGCCTACTTTCATCAGCGTCGCGGCAATAACGTTATACTGCGGCGAGTTCGGATCGGCTGAGTAGATACCCCACAGGAAGGAGATGGCAATTAAAATCCCCCCGGCAACCACAAACGGCAGCATGTTGGACACGCCGCTCATCAGGTGCTTATAAACCTGGCGTCCGAAAGACTCTTGCGCGTATTTCTCCGGTGACTCCGGCGAGGAAGAAATACCCTGACGGCGCGACGCCTGGCCGCCGATCACTTTATTAATTAAATCGACCGGATGATGAATGGCTTCTTTAACCGGAACCTCAATGACCGGCAGACCATTAAATCGCTCGGCGTTAACGTCTTTATCGGCGGCAATAATTACACCATAAATATCTTCTAAATCCGCGGGGGTAATGGCATTTTCAACGCCGGAAGCTCCGTTGGTTTCCACTTTAATGTCGACATTTAATTTCTTCGCTGCGGTTTTTAAGGCTTCTTCAGCCATAAAAGTATGCGCAATACCCGTAGGGCAGCCGGTAACTGCAATAATTTTTTTCATAATCGGACCTTTATAATTGAACGACCTGAATTTGCTGTAATAATTCTTCTGTGCGTTGTAAATTTCCTAATCCGGCGGAACCGGCGACGTCGGCGCCGGTCGCGCTGGCGAGTGCCAGGGCGTGAGCGACATCGTCTTCGTTAAGCCATTTACTGAGAAAGGCGCCCAGCGCGGCGTCGCCGGCGCAGGCGGAGCTGACCAGTTCAATTTTCGGTGCGGAGCAAAACCACACGCTTGCGCCATCGGAAAAGTAGAGGCCCTCCGCACCCATCGTCAGCAGCACGTTGCGAGCGCCCAACTGATGCAGGGTACGCATAGCTTCGCGTACCTGCTGATGGTCGCTGACGTCGAGACCAAATATTTCCCGCAGCTCGTCATCGTTGGGTTTGATCAACAATGGCCGTAATTCCAGCAGCTGGCGCAGAACCGGATGGCTGATATCGAGGATAACCTCGCAGCCTTTCTGCTGACATAATTCAATGATCTCGCTATAGAACCGGCTTTCAATTCCCGGCGGCAGGCTGCCGCTGATCGCTAAATAATCCCCGGAGGTGACGCATTGCAGATGATGAATAACCTGCTGTTTACACTCGTCATCAATTTTTGCACCGGGGTTAACGAGCTTATATTCCTCTGCACCGTCATTTATAAAAATATTAATTCGGGTTGGCTCAGATACCCATGTCGGCGTCACTTTAATTTTTTTCTGACGTAACTCTTCCACGATATAACGGCCAGTGAAACCACCGAAAATACCCATAATGTGAGTGGGTTGCTGATAGTGATTTAA
NZ_CP180088.1_gap21	641938	644740	2802	ACGGGAGCTGGCGACTGCTTCGGTGCGACCTTTGTCAGCCTGTTCCTGTCCGGCGCATCGCCGCAGGAGGCACTGAGATGGGCCAACGCCAGCGGTTCTCTGGCGATTTCCCGCCGTGGCCCGATGGAGGGAACGTCCACGAAGGCGCAGATAGAGGCCTTTCTTAACGCGCATCAATAGCAGAGGTATCCCGCCCGAAGCATCACGAGCGGGATAAATTGCTGATTCGATCACGTCACCGGCGCCGGGTTAAACACCGCCAGCTGATTGTGCAATCCCCACTGATCCGAGAAGGTCTTCTTGCGGCCGCTGGCGACGTCAAGAATAAATTCAAACAGCTTCAGCCCAACCTCTTCGATGGTTTCTTCTCCGGTGGCGATGGTTCCCGCGTTGATATCCATTAAGTCATACCAGCGGTTTGCCAGCTCGGTACGCGTCGCCATTTTTATGACCGGCACGGCGACCAGGCCGTACGGCGTACCGCGACCGGTAGTAAAGACCTGCACCGTGATCCCGGAAGCCACCTGCTGAGTACCGCAGACAAAGTCGCTCGCCGGCGTCGCGGCGTAAATCAGCCCGCGTTTGGTCGGGCGCTGCCCCGGAGAGAGCACTTCGGCAATCGCGCTCTTCCCGGATTTAGCGATAGAGCCCAGCGCTTTCTCGACGACGTTCGCCAGGCCGCCTTTCTTGTTGCCCGGGGAGGGGTTGGCGCTGCGGTCGGTTTTGCCCATATCGAGATAGTTATCGTACCAGGCCATCTCCTCCAGCAGGCGTTTTCCGACTTCTTCGTTGATGGCGCGCGGCGTCAGCAAGTGGATCGCATCGCGCACTTCGGTGACTTCCGAGAACATAACGGTCGCCCCGCAGCGCACCAGCAGATCGGATGCGTAGCCCACCGCCGGGTTGGCGGTGACGCCAGAAAACGCATCGCTGCCGCCGCACTGCATACCGACAACCAGCTCGGAGGCCGGGCAGGTTTCACGCTGGCGCTGGTTCAGCTTCTCCAGGTGGCGCTCGGCGACCTGCAGAATGTCATCCACCATTGATTTAAAACCAACGTGCTTCTCATCCTGCAGGCTGACGATGCTGGCGCTATCCACGGGGATACTTTTCACATCGTCGGTGCCTTCCAGCAGGCGCTCCGGCTGCAGTTTTTCGCAGCCAAGGCCAATCACCATCACTTCGCCGCCGAAGTTTGGATTGAGCGCCAGGTTATGAATGGTGCGGATCGGGACGATCGCCGCCGGGGCGTTAATCGCCACGCCGCAGCCATACAGGTGGTTCAGACCCACAACGCCATCGACGTTGGGATACTTCGGCAGCAGATCGCGTTCGATAATTTTCACCACATAATCGACGACGCCCGCCACGCAGTGCACGCTGGTGCTAATGCCGAGCAGGTTTTTGGTGCCCACGCTACCGTCGGCGTTGCGATAGCCTTCGAAGGTATAGCCTTCCAGCGGCGGCAGCGGCGCCGGGACTTTGGTCGCCAGCGGTAGGGTATGCAGCGGCGGCGCTTTCGGTAGTTCGACCAGCGATTCGTCAATCCAGCTGCCCTGCGGAATATCGCGTACCGCATAGCCAATCACTTCGCCATAGCGGATGATTTCACCGTGGACGGGAATATCGACCAGCGCGACTTTGTGGCCTTGCGGGATATGTTCAACGAGCGTGACCCCGTCGGGGAAACGCGTTCCGGCCTTTAAACCTCGATCGTTAACAATAATCGCCACGTTATCCGTTTCGTCTACTTTTATATAAAACGCCGTTGGCGATTCTTGTCTAATTTCAATGTCAGCCATTGTCCAGTATTCTCCAGCAAGGTGCGAATAATAAAATAAAACGTTTATATCCGTCATATTTCAAGCTGCATGTGCGCTGGATTTCCTCGCTCACCCCAGTCACTTACTTTAGTAAGCTCATGGGGATTCCCTGCGTTGCCGCCTTCATGCAACTCGAAATATTTAGGGTATATTCAATTTCTGATGTGCAGATTTGTGAAATAGAGAATGTCAGGTGTTTGAATCTGAAAATGTGATCTAAATCACCCATTGCTGCGCGGGCGAATACGTTAAAGAGGGAAATCGCTGGAACTGTGGAACAGCGCCCACTGATTATTGCATTTGCACAACAATAACGATAATTAAACGCCATTTACAGGTTATATGCACAGTGTTTAACGCTCGCAAGCTGATTATACTGAGTCATGCTTGCAATGCGCCGGATAAGTAAATCGATACCTCCTGATATTGATTTCTGAATAATAAAGAATCACACCAAAATAAATAATGGAAGGTGTGTTGTACCTGAGGAATATTAGATGAGTCTGGATGCAACGATAGAACAGAAAAAGGAAGTGCCAACTCGATATTTAATTTTGTTGATCATTTTCATTGTTACCGCCGTTAACTATGCCGACCGGGCGACGCTCTCGATCGCCGGTACAGAGGTGGCGAAAGAGCTGCAGCTGAGCGCAGTCTCGATGGGCTATATTTTCTCTGCTTTCGGCTGGGCCTACCTGCTGATGCAGATCCCCGGCGGCTGGCTGCTCGATAAATTTGGCTCGAAGAAAGTCTACTCTTACAGCCTGTTCTTCTGGTCGCTGTTTACCTTCCTGCAAGGCTTTGTGGATATGTTTCCACTGGCGTGGGCGGGTATCTCAATGTTTTTTATGCGCTTTATGCTGGGTTTCTCTGAAGCGCCATCTTTCCCGGCAAACGCCCGTATCGTCGCGGCGTGGTTTCCGACGAAAGAGCGCGGGACCGCATCGGCGATCTTTAACTCCGCGCAGTATTTCTCCCT
NZ_CP180088.1_gap22	657363	660739	3376	CTGCAACAGCTCAAAAGGACCGTAATTGGCAAATTCCAGCGATTCGTCGGCAATTTGCTGATGTTTTGGATGATTAGAGATGACGTGGATGCCGGAGCCTTTGCGGACCTCAACGTAGCCTTCAACTTCCAGCATAATGATGGCTTCGCGAACCACGGTACGACTTACGCTTTTTTCATCAGCGATAAACCGCTCTGCGGGTAGCTTATCGCCCACAAGGTAGACACCTTGTTCAATGCGCGTTTTAAGCTCAGCAGCAAGCTGCTGATACAGACGACGCGATTCAGTGATTTCCATATTCGCTCCCGGGAGATGGCGACAATATTGGATTTGTTATACCACTTTTACGCGCTTCTCACCATAAGAAGAGACGAAAAAGCCGCCTTAATCAAGGCGGCTTTCGGAGGGGATAACTCGCGTGCCTCTAGCTTTGCGTGGCGGGTTTACTCGTTTGCAGCGGCGTCTTGTCGTCATCCGCCGGTTTATTTTTCAGCACGGTCCAGATAACCACGGCGCCCAGCACATCGAAAACCGCCAGCACGGCGAACAGCGGGCTAAAGCCGATAGTGTCCGCCAGCGCGCCAACCACCAGGGCAAACATCGTGCTCGCCAGCCAGGCGGCCATACCGGTCATGCCGTTCGCCGTCGCCACTTCGTTACGCCCAAACACGTCGGAAGAGAGGGTAATTAACGCACCGGACAGCGCCTGGTGAGCAAAGCCGCCGACGCACAGCAGGGCGATAGCGACAAACGGGCTGGTGAACAGACCGATCATCCCCGGGCCAATCATCAGCACCGCGCCCAGGGTGACGACCATTTTGCGCGAAACGATGAGGTTAACGCCAAACCAGCGCTGGAACAGCGGCGGCAGATAGCCCCCAACGATACAGCCAAGATCGGCAAACAGCATCGGCATCCACGCAAACATCGCGATCTCTTTCAGGTTAAAGCCGTAGACTTTAAACATGAACAGCGGGATCCAGGCGTTGAAGGTCCCCCACGCCGGCTCGGCAAGGAAACGCGGCAGGGCGATACCCCAGAACTGACGGTTGCGCAGAATCTGCCACGGCGACATTTTCTTGCCGTTGTTGGTCTGATGCTGAGATTCCTGGCCGCCGATAATGTAGTCGCGTTCTTCTTCAGTTAATTTTTTCTGATCGCGCGGGTGTTTGTAGAAAATCAGCCACGCCATCGCCCAGGCAAAGCTCAGAACGCCGGAGATAATAAACGCCATCTGCCAGCTGTGCATCACGATGGCCCAAACCACCAGCGGTGGGGCAATCATGGCGCCGATCGAGGAGCCGACGTTGAAGTAGCCGACGGCGATTGAACGCTCTTTTGCCGGGAACCATTCGGAGCTGGCTTTCAGGCCCGCAGGGATCATTGCCGCTTCGGCGGCACCCACCGCGCCGCGCGCCAGCGCCAGACCGCCCCAGCTTCCCGCCAGCGCCGTAGAGCCGCAGAACACCGCCCATGCGATAGCAAAGAAGGCATAGCCGATTTTAGTGCCTAAAACATCCAGCACGTAGCCGGCAACGGGTTGCATAACGGTGTAGGCAGCGGAATAGGCCGCGATGATATAGGAATACTGTTGGGTGGAGATGTGTAACTCTTCCATCAGAGTCGGCGCAGCTGCCGCCACAGTGTTACGCGTTAGGTACCCCAGCACGGTACCTAACGTCACCAGTGCGATCATGTACCAACGTAACCCTTTAATTTTACGCATGTAAACCTCATCGTTTGTTATATATCCGCAGCGGGTGCGGCTATCTTCCAGCCCTGTAACTGAGGCGAAGAAGGTGAAACGGAGGGTTCAGGAGAGGAAACCTCGTATGGCCCGAACCTTGCCATTAACTGTTGTGTCTAATTCGGTGTCCATACCGGTAAATCCGACGTGATAGTTCGTCGGTAATGCATTCCGTCGGTTTATATGTTTCGACGGCAGCAAGATAACTTGTCATACAACTTCAAAAGTTGAGTGACGTCACAAAAGTGGGAAAGTTTGTGTGGGCATTCGTTCATGCGAAAAAGGCCAGAGCTGGCGCGCTCTGGCGGGGCGTTTACTCCTTTGATGGTACTTTTTTTGTCATCGTTTATTGATCTAACTCACGAAAAATACTTCGGCCTGTGGAAATTGGTGTGATAACTTTGTCAGCATTATAGTCAATCATCTGATGGGCTCCCCAGGGGGCGAAGAGGACACGAAAATGACACCGTTTATGACCGAAGATTTTCTGCTTGATACCGAGTTTTCCCGCCGCCTGTACCACGATTACGCGAAAGACCAGCCGATTTTTGACTATCACTGCCACCTGCCGCCGCAGCAGATCGCGGAGAATTATCGTTTCAAAAATCTGTATGACATCTGGCTGAAAGGCGATCACTATAAATGGCGCGTGATGCGTACTAACGGCGTAGCCGAGCGTTTGTGCACCGGCGATGCTTCCGATCGCGAGAAATTTGACGCCTGGGCGGCCACCGTACCGCATACCATCGGTAACCCGTTATACCACTGGACGCATCTTGAGCTGCGCCGTCCTTTTGGTATTACAGGTAAGGTTCTCTCTCCGGCGACGGCGGATGAAATCTGGAATCAGTGCAACGATCTGCTGGCGCAGGATAGCTTTTCCGCTCGCGGCATCATGCAGCAGATGAACGTGAAAATGGTCGGCACCACCGACGATCCGGTCGATTCGCTGGAGCATCACGCCGCCGTCGCTAAAGACAGTTCATTCTCCGTGAAAGTACTGCCGAGCTGGCGCCCGGACAAAGCCTTCAATATCGAACAGGCCACCTTCAACGACTACATGGCGAAGCTGGGCGAAGTGTCTGACACCGACATTCGCCGCTTTGCCGACCTCCAGTCCGCGCTGACCAAACGTCTGGATCACTTCGCCGCTCACGGTTGTAAAGTGTCTGACCACGCGCTCGACGTGGTGCTGTTCGCCGAAGCCAACGAAAGCGAACTGGATAGCATCCTGGCGCGTCGTCTGGCGGGTGAAGCCCTCAGCGAGCATGAAGTCGCGCAGTTCAAAACGGCGGTTCTGGTCTTCCTCGGCGCGGAATACGCCCGTCGCGGCTGGGTGCAGCAGTACCACATCGGCGCGCTGCGCAACAACAACCTGCGCCAGTTCAAACTGTTAGGGCCGGATGTAGGGTTTGACTCCATTAACGACCGCCCGATGGCGGAAGAGCTGTCCAAACTGCTCAGCAAACAGAACGAAGAAAACCTGCTGCCGAAAACGATCCTCTACTGCCTGAACCCGCGCGACAACGAAGTGCTGGGTACCATGATCGGCAACTTCCAGGGTGAAGGCATGCCGGGCAAGATGCAGTTCGGTTCCGGCTGGTGGTTCAACGATCAGAAAGACGGTAT
NZ_CP180088.1_gap23	680385	681095	710	CGGCGGGATCTCGCTGCTTGGCGGTACCGGCACGCTGCTGGGCGCTTTTCTCGGCGCCTTCTTCCTCACCCAAATTGACACCGTGCTGGTGCTGTTCCGTCTCCCGGCGTGGTGGAATGACTTCATCGCCGGCCTGGTGCTGCTCGGCGTACTGGTGCTCGACGGGCGTCTGCGTCAGGCGCTGGCCCGCCATCAGCGGGCGCTGAAGTACAGCCGCTTTCAGCCCGGTAATAAAGGGGGCAAGCGCGTGGCCCCGTTTCCCGAACGCAAAAACAAAGAGGTGGCGTAAATGAAGCTCAACTGGGAAAGCGCGCTGCTGGCGCTACTGGTGCTGGAGATCCTGCTGTTTGGCGCCCTGAATCCGCGCATGCTGGATCTCAATATGCTGCTGTTCAGCACCAGCGACTTTATCTGCATTGGCATCGTGGCGCTGCCGCTGACGCTGGTAATTATCAGCGGCGGGATTGATATTTCGCTCGGTTCCACCATCGGCCTGTGCGCCATCGCGCTGGGGGTGATGATGCAGGCGGGCTGGCCCATGAGCCTCGCAATCCCCCTGACGCTGCTGCTCGGCCTGCTGTGCGGGTTGCTGAACGCGGCGCTGATTCATTACACCGGTATTAGCCCGCTGGTGATTACGCTCGGCACCCTGTACCTCTACGGCGGCGGCGCGCTGCTGCTTTCTGGTATGGCCGGGGCAACCGGCTACG
NZ_CP180088.1_gap24	691133	693214	2081	TTTGAGCCACACCCGCCAGCTATCCAGCACCTCGCTCCCCCAGGAGTTAGAGCCCAGGCCGAGCAGTTGGGCGTCGATATTCAGGGTGATGTCATCGCTGCGACGCAGTTCGTTACAGTGCTGCGCGGCGTGCAGATTCTCCGCCGTATAGTGCCAGGCGCTGATGTTGAGCGGATCGCGCGGGACCACCATCAGACCGCTGCCGTGACGGTCGGTAAACGCGGCCCAGCGGACGTGCTGGCGGTTGCCGTTGTTCTGCGGGAACGGATAGTTCACGAACATGTCGTCCACGGTGGTGCGCCAGAGGTCAATGATGTTGCTCTGCTGGCTGTCGGCGTAGTTTTCGCCGGGACCGCGACCGTAGTAACCCACCTGTTCAAACTGACCGTTAATGCCCAGCATAAAACCGATGCACGGCACGATGTGCGGATAGTCGCCGTAACGTTCGCCCGCAAGCTCAACGTTAATATGGCCCTGCGGGGTAATCTGCCAGCGATAGGTGCAGCGCATGCCGAAATCGAAAACCGGCGGGGCGATGATGCTGCGGGCGGTGATAATCACCGTATCGTCGCGCTGCTCGGCGCTGAATTCGCGCAGATGCTCCTGCATGATTTGCAGATGATTGGGCTGCCACAGCCCTTCGTATTCCTGCTTGTGGTTATCAATCATTGGCTTGAAGAAGTTAATCTTCGGTTCACGGGTCACCTGGTCTACGCCGTTCACCTGCCATTCGCTCAGTTTGCCGCTGACTTTAGAGAAGACCACGCGGAAGTTATGCCCGGTGATGCTGTAGCTCAGACGTTCATCGGCAATGTGCAGCGAGGTGGCGCTGGTGTTAATCAGCGGTGTTTTTGCTGCGGTCTGCTCTTTGAGCTGGAACTGGTAGACGGCGATCGGATGGTTGGCCTCGCTGTACGGCGTACGGGAATCTTTGGTCACTATGATGTTGACGAAGGTTTCGCGGTCGTCGAGCGCCGGCAGGTCGATTTTGATATCGCGGCCGCTGTTTGGCGCAAGATCGCGCACCTTAAGCTGCTGGCTGGCAAGCGTAGCCCCCTCGGCGCGCACTTCCACGCGCAGGGTGTAGTCATCGAGGGTCGAGAACCAGAGCTTATTGTCGATGCGCAGCTCGCCGCGGGCGATGTCGGTCGCCTGAACTTTTACCGGGGCGATAACCTGCTTGTACTCTCTGAGCCCGGGTCCAGGCGTCTGGTCGGAGAAAATCAGCCCGTCGAGGCAGAAGTTGTAGTTATTGGGATAGTCGCCGTAGTCGCCGCCGAATTTGTACCATACCGCGCCGCTGTCGTCGGTGGCCTGGATTCCGTGATCGCACCACTCCCATACGTAGTGGCCCTGAATACTGTCATGCTGATAGAACACGTTCTGGTATTCGCTCAGCCCGCCTGGACCGTTGCCCATCGCATGGGCGTATTCGCAGATAATCCGCGGCTTGGCATGCGGATATTCCCCAAATTCGTTCATCAGCGGCACGCGGGTATACATGGTGGAGATGATATCCACCACCTCCGCGTCGCGATCCTCTTCGTAATGCACCAGCCGGGTATCATCGATCGCCTTAGCGGCGTGATACATCGCGCGAATGTTGCAGCCGTAGCCGGACTCGTTGCCCAGCGACCAGATGACGATCGACGGATGGTTTTTCTGCGCGTGGACGTGGCGCACGATCCGCTCAACGTAAATATGCTCCCATGCCGGGTCATCGGTGATGGCGCTCAGGTTGCCGACGTTGGCGAAGCCGTGGGATTCGACATCGGTTTCCGCCATCACGAACAGGCCGTAAATGTCGCACATCTCATAGAAACGCGGGTCGTTGGGGTAGTGGGCGGTACGTACCGAGTTGATATTGTGCTGCTTCATCAGCAGCAGATCTTTCTCAACGCGATCCATCCCTACGGCGCGGCCCTTCAGATGGTCGTTGTCGTGACGGTTAACGCCGTGCAGCATCACGTAGCGGTTATTGATATAGAACAGGCCGTTGCGCACTTTGATATCGCGAAAACCGACGCGCTGCGGGATAACTTCGATAATCTCCCCGGCGGCGTTTTTCAGCGTCATCACCA
NZ_CP180088.1_gap25	733450	736727	3277	TGGCTGCTCGACGACCAACATCATCAAGAAGATCCAGAAAGATAACAAACAGTAATGTTTTCTCTTCGCACCGTAGCGGCGGTATGTCCGGAATTACCGCGCTAACCGAGGCGTAACCGGCGATAACGCTGCAAAACAGGACAAAAGAGGCCCGCGATCGCCTAATCGCGGGCCTCTTTTTATTTAATGACGGCATAAATGATTTGGCTCAACAAATCGCCATTTGAGGCGCATTTTTCGTACAAAAAAAGCTAAGGTAAGGATAAATACTGAAGTCAGTAAAAAGCATATGACCAATCAGAACACCAACGGCTGAAGGAGTATGCGTATGAAGAAAAACGATATGTATTTAATGAAGAATTTTGATTTTCTGGCCCAGAGCTTCGCCAGAATGAACGCACAAGGTCAGCCCGTCGATCTTCAGGCCATTGTTGGTAATATGGATGAAGCGCATCGCGAATGGTTTTGTCAACGCTATGAACTTTACTGCCGCCAGGCGAATAAAACCATGACGCCAGAAGCGGAGCTGGAGCACTAATCTACTTACCGCAGTACAGATACGACAACGGGCCTGACGGCCCGTTGCTTGTTTTACGGCTTCTCTTCGACGTCCGGCGCTGCCGGCGCGCTCGGCGAACGGTTTTCCAGATCGTTAAGACGCTGCTCCAGAAGCGCCAGCTTTTCACGCGTGCGCAACAGCACCTGCGTCTGCACGTCGAACTCTTCGCGGCTTACCAGGTCCAGGCGAGTTAACTGCGACTGGAGCACCTGACGGATTTTTTTCTCCACGTCTTCCCCCAGATCGCGGAGCCCCTTCGGCATTGATTCATGAACCTGACGGGCGATTTGTTCAATTTTTTTCGGGTCAATCATGGTGGTTTCCTGCTCTGGTCGGTTATCCGCTCATTGTAGTGCGATCGTCGGCGCCTATAAACCATAAATGTTTGAAGCTTATGCATTGCCGACGATAGTCAATAGCGTTATAGTTGCTTTGCTTATTCTCAGGGCGGGGCGAAATTCCCCACCGGCGGTAAATCAACCATAGCGTTGAAAGCCCGCGAGCGCTTTCTGCAAATGCAGAAAGGTCAGCAGATCCGGTGTAATTCCGGGGCCGACGGTTAGAGTCCGGATGGGAGAGAGTAACGGCTCAGTCGGGTTTGTACCCGCTTGCGTTGACTTTTGCCGCTAAACCGGCGCTCCTAAGACTGCCCTGATTCTGGTAACCATACAATTAATGAGGTTTTTTTACCATGAATCAGACGCTACTTTCCTCTTTTGGTACCGCTTTTGAACGTGTAGAACGTGCTCTGGATGCACTGCGCGAAGGCCGCGGTGTGATGGTGCTTGACGATGAAGACCGTGAAAACGAAGGCGATATGATTTTCGCCGCTGAAACCATGACCGTTGAGCAGATGGCGCTGACCATTCGCCACGGCAGCGGCATTGTCTGCCTGTGCCTGACGGAAGATCGCCGTAAACAGCTCGACCTGCCAATGATGGTTGAGAACAACACCAGCGCCTACGGTACCGGTTTTACCGTGACCATCGAAGCCGCTGAAGGCGTGACCACCGGCGTTTCCGCCGCTGACCGCGTGACCACCGTGCGCGCGGCAATTGCCGATGGCGCGAAGCCGTCCGACCTGAACCGCCCTGGACACGTTTTCCCGCTGCGCGCGCAGCCGGGCGGGGTTCTGACCCGCGGCGGCCATACTGAAGCAACCATCGATCTGGTCACGCTGGCTGGCCTCAAACCGGCGGGCGTACTGTGTGAACTGACCAACGACGACGGCTCTATGGCGCGTGCGCCGCAGTGCATCGAGTTTGCTCAGCAGCACAATATGGAAGTGGTCACGATTGAAGATTTAGTGGCCTACCGTCGCGAACACGAGCGTAAAGCCAGCTGATTGCAGTTGGTTGCTGAATAAAGCCTGCCTTATGGTGGGCTTCATTGTTTTTAGCTTTTGTTTAGCCAATGCCCACCGTTTGCAAAACCACCAGGCTTAATCCCATCACTGACATCCCGCACAGCACGCCATAGCTCGGGTTGCTTTGTGGATCGAGCTCTTTCGCCAGCGGCATAAGCTCATCAACCGACAGCGCAATCATGATACCGGCAACCGCGGCCATAACGGCGCCCATCATCACCGGGGATATCGCGCTGCCCAGCACCAGCCAGGCCAGCACGCCGCCGAAGATTTCCGCCATGCCGGAAAGACCCGCCCAGAACACCGCTTTACTTCTGGAGCCCGTAGCGGCATATACCGGTCCGGCTACCGCCAGTCCTTCCGGGATGTTGTGTAGCGCAACGGCTAACGCGACCCCCATGCCCAGCTCGAGATTATTGCTGGCCGTCACGAAGGTCGCAATGCCCTCGGGGAAGTTATGCAGGCTGATGCCTAAGGTCAGTAAAATCGCCGTACGGCGCAGGTTACGCGGGCGGGAAATGCCGGGAGACATCAGATCCTGCGGGTGGGCGTGAGGCAGCATGCGGTCAAGCGCAAAGTAGCCCAGAAGGCCGATAATAAACATGCCGTAGCCGAGCAGGGGGGACATGCCTTCGGTAGCCAGCGCGGCGGGCAGCATCTCCATCAACGAAATCAGCAGCATGATCCCGGCGGCGAATCCCAGCGAGAACCCCAGTAAGCGATTCGAGGGTTTCTGCCCGATAACGCCGAAAATGGCGCCAATAAAGGTAGCGCTCCCTGCCAGCAGGGTCAAAATGACGGGTGAGGACAACATTCACCTCCTTATGAAAATGATTCTTATTAAGAGTATCGTGATCCATTGACGATCGCGAGCGCGCGGATTCACTCTTTACCGCCGCTTACATTCAAATTTTCTGACGATCATCATCATGCTTATCTGAGTTTATCCTCCATAGAAAGAGCGTAATGTAAATACATCAACTTTCTTAATAAAGGATATCACTATGTCCCGTACCCGCATGCCCGCGCTGTTTTTAGGTCACGGTAGCCCGATGAACGTGCTGGAAGATAACATCTATACTCGCGCCTGGCGGCATCTGGGCGAGACGTTGGCGCGGCCTAAAGCCATTGTGGTGATCTCCGCGCACTGGTTCACTCGCGGTACAGGAGTGACCGCGATGGAGGCGCCGAAAACGATTCATGATTTTGGCGGTTTTCCCCAGGCGCTCTACGATACGCATTATCCGGCGCCGGGTTCGCCTGAGCTGGCCCAGCGTCTGGTCGAGCTGCTGGCGCCGGTGCCGGTGACGCTGGATAAAGAAGCCTGGGGCTTTGACCATGGTTCCTGGGGC
NZ_CP180088.1_gap26	783283	784605	1322	AGAGAAAACGGCTGACTGGGGCGTGCTGTTATTATTCGGCGGTGGTATCTGCTTAAGTAATGTGTTGAAAGAGACGGGCACCAGCCTGTTCCTGGCAAACCAGATTAGCGGGATGGTGGCTCATATGGGGATATTTATTATTATCCTGGTGATTGCAACATTCGTGGTGTTTCTGACCGAGTTTGCCAGTAATACGGCCAGCGCCGCTTTGCTCATTCCCGTATTTGCCTCAGTGGCCGAAGCGTTCGGCATGTCGCCTGTGATTCTGTCGGTATTGATTGCCATTGCGGCTTCATGTGCTTTTATGCTGCCCGTGGCGACGCCGCCAAACGCTATCGTTTTCGCCACCGGCCATATCAAGCAGCAGGAGATGATGCGCGCCGGCCTGTTTTTGAATGTCGCTTGTATCGTCGTTTTGACCGGATTTAGCATGTTGTTTTGGGTATAACTTCTGATAAGCGAGTTTCCACCCAATATCTTGCAAATTAAGACTGCCGTGCGGCGAATAATCGAACGGAGTTCGATGGAGAGTCCGGCCGCAGAAAAGCAAAAACCCGCCTTTTGGGCGGGTTCTTTAGATAGTGGTGCCTGGACTCGGGAACATTCAGTTACTTATCAATTTGATTTTTATCATAAATTCTTTCCCCTTATATTGTCAAGACCCATAGGTTGATCCGTATTTTTGCTTGTAAATCATAATGGTGGATTAAAATAAGTAGAAAACCTTTTGGTTCGATACTCCGATTCCTTATAAATTTATCGTAATGACATCTACGTTACGCGTGCTGTATACTTAATATCCACAGAAACACAAGAGGACAACACTATGCCAGCCGCAAACAGTATGGCGATGAAACGCGAAACTCTGAACCTGCGCATCAGGCCCGCTGAGCGCGATCTTATCGATCGGGCGGCGAAAGCCAGAGGAAAAAACCGCACTGACTTTGTGCTGGAAGCTGCCCGCGCTGCTGCCGAGGAAGCGTTGATCGAGCAGCGCATCATTATGGCCGATCCGCAGGCTTATCAGGAATTTCTTGCCCGTCTGGATCAGGCTCCTGCGCCCAATGCCGCACTGCGTAAAACTATGCAGACCCCTGCGCCGTGGGAGCAGGAAAAATGATCTCCACACCAGAGCCGCTTCATGCCGGGCACATTCTAACCCCGTTCTGCTGCGGCGTGGATTCTATGGATAACTGGCTGAAACAGCGGGCGATGAAGAACCAGCTTTCTGGCGCGTCCCGTACGTTTGTCTGCTGCCACGATGCTAAGGTGATGGCTTACTACTCGCTGGCGTCCAGCGCGGTAACGACAAACACCGCCCC
NZ_CP180088.1_gap27	857545	860926	3381	GCACGCCGTGCGCGCCGCCGGTAAGCACGTCGCAGATGCTCGGGCCTTTGCCGTCTTTATTCCAGCCGCCTTCAACCTGGTGCGCGGCGACGGCGCCACCCCATAAAAAGTCTTTTGGTAAAGGAATTTTCTTCATCTTTGCTCATCTCGTCTTAATGACTTGTTGGCTGCGAGTCTAACAAAGGGAATATAAATGTCACGATATAACAATTTGCCCGGAATGGAATTTGTTACATCGAAAAAACACCCTGTTATTTTCAGGCGAGTTTGCGCGCTAATTTACGCCCAAGCGTTTCCAGAATATAAATGACCGGGATCTGGGTGGTAATGTCATAGACGCCGCCGATGCGCGTTTGCGGAACGTGCCAGGAGAGATTAAAGTCGGCAAGCTTTGCCAGCCGCGAGTGCTCGTGGCTGGTGATGGACATCACTTTACAGCGATGCAGGCTGAACTGGCTGGCGAAGCGCAGGATCTCTTCGGTTTCGCCGGAGACCGACAGCACGATGGCCAGCGCATTACGCGCCATATCATTGGTCACCGGAAAATAAGGGTCGTCGATATGGTTACTGAATTTTCCGACGTTAGAAAAGAAACGCGCGCCATATTTTGCCAGCGCGCCGGAGGTGCCGGCGCCAACAAAAATAATACGTTCTGAAGACAGAATAATATCGACCGCCTGCTCGAGCAGCTGGTCAAATTCATCGTTATTAACGCTTTTAAAAAAGCTCATTATTTCGCTGGCGCCGATATTTGCCTGTTGAGGCTCATTCTGCTCCAGATATAATTTAAAGCGTACGCGAAACTCCGAGTAGCCTTCGCACTGCAGCTTGCGGCAGAAGCGCAAAACGGTAGTCGTGGAGACTCCGGCCGCTTCCGCCAGCTCGCGGATGGTCATGTACATCACTTTGTCGCGATTTTTAATGACGTAGTGATAGACCATCATCTCAAGGTTATTGAGACTGGCGATAGCGGCGTGGGAGAAGATACTCACAGTGGCGAACTCACAATTCATAATGACCAGGACGGAATGATATCATGCAGCCAAATGACATAACCTTTTTTCAGCGTTTTCAGGACGACATCCTCGCCGGACGCAAAACCATTACCCTCCGCGATGCGGCTGAATCACACTTTAAAGCAGGCGATGTGCTGCGCGTTGGCCGCTATGAAGATGACGGCTATTTTTGCACCATTCGCGTGGTGGCCACCTCAACGGTGACGCTGGATACGCTGAGTGAACTGCACGCGCAGCAGGAGAATATGACCCTGGCGCAGCTGCGTGAGGTGATTGCGGAGATCTATCCTGAAGAAAAGCAGTTTTATGTTATTGAATTCGAAAAGCTTTAATTAAATAGTGAACGTCTGTTAGTTGAAATTTTTATGTAACATATTGATTTTATACTGTTCATAAATATTCATCTTTTTATTTTAGCGAACAGGTGTTCACTGGAATCATTCTCAGTTAACCTAAGTGTGCATTGAAAGCGTACTTGTTTTCGGAGTCAAATATGGTTCGCAAATCGTTAATCACACAGGGATATTCTCTGGCAGAGGAAATTGCCAACAGCGTCAGTCACGGGATTGGGCTGGTGTTTGGTATCGTCGGTCTGGTGCTGCTGCTGGTGCAGGCGGTGGACAGCAACGCCGGCGCCACGGCCATTACCAGCTACAGCCTGTACGGCGGCAGCATGATTTTGCTGTTCCTCGCCTCGACCCTCTATCACGCGATTCCGCATCAGCGGGCTAAGCTGTGGCTGAAAAAATTCGACCACTGCGCCATCTATTTGCTGATTGCCGGGACCTACACGCCGTTTCTGCTGGTGGGGCTAAATTCGCCGCTATCGCGCGGGCTGATGATCGTCATCTGGAGCCTGGCGCTGCTGGGGATCCTGTTTAAGCTGACCATTGCGCATCGTTTTAAGATCCTCTCTTTAGTGACCTACCTGACCATGGGCTGGCTGTCGCTGATCGTCGTTTATCAGCTGGCGATTAAGCTGGCGGTGGGCGGCGTGACGCTGCTTGCCGTGGGTGGCGTGGTCTATTCGCTGGGGGTTATATTCTACGTCTGCAAACGTATTCCGTACAACCACGCTATCTGGCACGGTTTTGTCCTGGGCGGCAGCGTGTGCCACTTCCTGGCCATTTATTTGTACGTCGGGCAGGTTTAAATTTCGCGAAATCTCCCGGCTCGCGCTACGTTTAGCCGGGCTACAGGTTCACCGTCGTCTGAGGGCTGGTAGCCCGGACATGGCGCGCCAGCGCCGCCTCCGGGACATTCTTCGTTGGTGATGGCCTGCCTGCCCGGGCTACGGCCTGGTGTTTTTTATTCAGACCACGGCTTTCACGATATCCATTAATCTGCGGATATCTTCTGGCCGGGTATTGCCGGTTTGCGGGTCGATTATCGAGCTGTAAACATGGGGCATCACGCGAGGTACGCCTGCTTCCAGACAGCTTTGCAAAATAATGCCAAAGTTATCGAGATCGATTCCGCCGGTTGGTTCGATTAACGTCATCCCGTTACGGGCTGCCGTGGTCGCCAGCATATACAGCTCCGGTAGCGACTTTTCGCCGCCCATGGGGAAAAACTTCGCCGCATGGGCCCCCATGTCCTGCATCATGCGTACCGCCGCATCGCAGGAGACGCGGGCCGGCGTGCCCTGACAGCTGCTGACGCCGGTGGAGATAAGAACCTCGCCAGGGGTTCCCGTCGGGCTGACCAGCGCGTTAATGCAGGTCTGCTGCCCCCCCGTAGCCGCCAGCGCCCCTGCGGCAAACCCGCTGCCGGTAAAGGTCTGATTAACGTGCGCCGGGTGAAGCGCTGACGCGATCATCGCCGCTTTGTAATATTGCGCAGGATCGCCGGCGCCCAGGCCTACGGAGATGGAGGGTATCTCCGCCATCCAGCGTTTTACCTCCTGAACACCTTCTTCCACGGAGGCAAACTGTGCCGAGAGGACGCCAATCGCCGCATGGCCTTCGGCGGCATCATAAATGTCCCGGGCGTTGGCGATATCTTTCGCCAGCACGTTAATCGCGACGCGTTGACGGTAAAAATTAATTTGCTGCATGGTTGGCAATCTCCTTTAAGCGCGCCACGATCAGGCTCATTTCACCCTCGGCTACCGTTCGTGGGTCCAGGCTAAAAACCCCCTGATGGAGGTTATAGCGCCGGGCGTAAATGGCGATATCGCCGTTGCGCAGCTGTGCTTCGACTTCGCGGGCATCCAGGCCGAGTTCCTGGGCATTCACCTGAATGCGGATACGCCAGATAGCGCGTCCGGCTTCATCCTGCTCAATATCGGCTTGTAAGCCGTTTATCGCTGAGATCGCTTTCGCGACGGGCAGGAGTTCCTCGGCAGTGACCCCCTTCTGCCCCT
NZ_CP180088.1_gap28	872894	873986	1092	GAGTTCCAGCAGCGCTTCGGCGAGCTGGTGACCGAGTGGCTCGATCCTGCGCTGCTGCAGGGGGAAGTGGTCTCCGACGGTCCGCTGGCGGCGGCAGAAATGAGCATGGAGGTCGCGCAGATGCTGCGCGACGCCGGACCGTGGGGGCAGATGTTCCCGGAGCCGCTGTTTGACGGCCGTTTCCGTCTGCTACAGCAGCGCCTGGTCGGCGAGCGTCATCTGAAGGTGATGGTTGAGCCGGTCGGCGGCGGCCCGCTGCTGGACGGTATCGCGTTCAATGTTGATACTTCCCTTTGGCCGGATAACGGCGTTCGCGAAGTTCAGCTTGCCTATAAGCTTGATATCAATGAGTTCCGCGGCAACCGCAGCCTGCAGCTGATCATTGACCACCTCTGGCCAAATTGAGAACAGTATATTAATGAGGGCGCGAATCCGGTAGAATTCCGCTCTTATCACCGCATTTTGACGAATCCATTAAAAGAAACCGACCATGTTTGAAATAAATCCGGTAAAAAACCGTATTCAGGACCTCACGGAGCGCTCGGACGTTCTTAGGGGGTATCTTTGACTACGATGCTAAGAAAGAGCGTCTCGAAGAAGTAAACGCCGAGCTGGAGCAGCCTGACGTCTGGAACGAACCAGAGCGCGCGCAGGCGCTGGGTAAAGAGCGTTCCTCGCTGGAAGCCATCGTTGATACGCTGGATCAGATGTCTCAGGGGCTGGAGGACGTTTCCGGCCTGCTGGAGCTGGCCGTTGAAGCCGAAGACGAAGAGACCTTCAACGAAGCCGTCGCCGAGCTCGATGTGCTGGAAGAGAAGCTGGCGCAGCTGGAATTCCGCCGGATGTTCTCCGGTGAATACGACAGCGCCGATTGCTACCTCGATATCCAGGCCGGTTCCGGCGGAACGGAAGCGCAGGACTGGGCCAGCATGCTGATGCGCATGTATCTGCGCTGGGCCGAAGCGCGCGGCTTCAAGACCGAGATCATCGAAGAGTCTGAAGGCGAAGTGGCGGGCATTAAGTCTGTGACCATCAAGATTATCGGCGACTACGCCTACGGCTGGCTGCGTACCGAAACCGGCGTTCATCGCC
NZ_CP180088.1_gap29	875202	878418	3216	TATTGCGCCGGAACTGTACCTGAAGCGTCTGGTGGTTGGCGGCTTTGAGCGCGTGTTCGAAATCAACCGTAACTTCCGTAACGAAGGTATCTCCGTTCGCCACAACCCTGAGTTCACCATGATGGAACTCTATATGGCGTATGCGGATTACAAAGATCTGATCGAACTGACCGAATCCCTGTTCCGCACTCTGGCGCAGGACGTTCTGGGCCATACTGAAGTGCCTTACGGCGATCAGACTTTTGATTTCGGCAAGCCGTTTGAAAAGCTGACCATGCGCGAAGCGATCAAGAAGTATCGTCCGGAAACCGAGATGGCCGATCTGGATAACTTCGATTCTGCAAAAGCCATTGCGGAAAGCATCGGTATCCACGTTGAGAAGAGCTGGGGTCTGGGCCGCATCGTGACCGAGATCTTCGAAGAAGTGGCGGAAGCGCACCTGATTCAGCCGACTTTCATTACCGAATATCCGGCAGAAGTCTCTCCGCTGGCGCGTCGTAACGACGAGAACCCGGAAATCACCGACCGCTTTGAATTCTTCATCGGCGGGCGTGAAATCGGTAACGGCTTTAGCGAGCTGAACGATGCGGAAGACCAGGCGCAGCGTTTCCTCGATCAGGTTAACGCGAAAGCCGCCGGTGACGACGAAGCGATGTTCTATGACGAAGACTACGTTACCGCGCTGGAGCACGGCCTGCCGCCGACCGCGGGCCTGGGTATCGGTATCGACCGTATGGTGATGCTGTTTACCAACAGCCACACCATCCGCGACGTGATCCTGTTCCCGGCGATGCGTCCGGTAAAATAAGCATTACGCGAATAAAAAAACCCAGCAGAGCTGGGTTTTTTTATGCCTGATTGCTAAAGCTGATTAATGCGTTACGCGCATTATCGTCCGCTGCCTGCAGCACCATCCACGGACTAAAAGCCCAGGGCGTCGCGCGAATCCCGCTTAACACATCCGCAAGATTGCTCCACTGAAAATCCATCACTTCGTCAGGATTTATCCGTAACGCGCTGGCTACTCGTGCCGCATAGACCGGACAGACCTCGTTTTCGACAATGCCATTCGGCGCGACGGCCCGGTAACGGAACCCCGGAAAGACCGGGACGATGCGGGTTATCTCGACGCCGAGCTCAAAGCGGCAGCGGCGCTCAACGGCCTGTTCAAAGGTTTCGCCGGTTTGCGGATGCCCGCAGACTGAGTTCGTCCATACGCCTGGCCAGGCTTTTTTGCCCAGCGAGCGGCGCGTGACCAGCAGTTGGCCTTGTTCATTGAACAGCCAGCTGGAAAACGCGAGATGCAGAGGGGTGTTGAGGGTGTGGGCGGCATACTTCTCCAGCATACCTGTAGGCTTATCTTGCTCGTCCAGCAAAATGACATGTTCCCCGGCCATGACAACTCCTGAAATAAAAAATGACCCGGCACAAACCCGCCGGGTCATGTACTCAGGCCACTAGGGTAGCCCATAAATGGGACAAAGGCATTACCAAAACAAGCCCTGGCAGCATGTTGGCTACCGGAAAGAGCTTAATGTTACAGATACGCAATCCGGTCGCCACCATCAGCAGCCCGCCGGCGCAGGAGAAATCCGCCATCATGTCAGGCGAGATCGATGGCAGAATAACCACCGCCAGCATCGCAAGCGCCACCTGAATAATGACCTGCGGGACAGCAATGGTCATTACCGCGTAGCCCAGCAGCGTCGCAAAGATCCCGGAGGTAAATAGATCGAGAATCGTTTTGATATACAGAATCGACGGATCGCCGCTCATGCCTTCGGTCATCGCGCCGAAAATGCCGGTGCCGCTGGCGCAAAAAAGAACCAGGATAGCGACGAATTTCTCGGTAAACTCTTCGTGGCCGAGGCCATTGACCGGCGGCAGCACCTTGTTGATCAAGCCGCGCGTGGAGCCTGCGGCTTTACCGATGCCTTTTTCCAGATGCAGCAGTTCGCCGAGGATGGCGCCAATCACCATGGCCAGCACGACGGCGGGCATATATTTCACTTTGAGCACCAGCGTGATGCCAAGACCAACGGAGCACAGGCCGAAGGTCATCGGCAGCGCCGTTTTTACGCGCTCGGGGAGCTTGCCGCCCGCCGCAGCGCCGATGAGTCCGCCGATAATCACGGCGGCTCCGTTTACATATGGGCCAATTAACATTGAGTCATTTCCGGTTAATTAATACGTAGCTCGCCTTCACCCCAGCGGGGGATGTTGTTGACCTGCAGGTCAAACAGATCGAGCGCGCGATTGACGCTATGGGTAACGATGTCGTCCGCCGTTTGCGGACGCTGGTAAAGCGCCGGGACCGGCGGAAAGATAATTCCGCCCATTTCGGTTACGGCGGCCATATTGCGGATATGGCCAAGGTTCAGCGGTGTTTCCCGGGCCAGCAGCACCAGGCGGCGACGCTCTTTCAGCACCACGTCCGCAGCGCGGGTGAGCAGGTTGTCGGTCAGGCAGTGGGCGATGGCGCCTAAAGAACGCATTGAACACGGCGCGATCAACATTCCCAGCGTTTTAAACGAACCGCTGGAGATAGCCGCCCCAAGATTGGCGATGGGATACACCACGTCGGCCAGCGCCATCACGTCGTCCAGGCGGTAATCCGTCTCCAGCTCGCAGGTTTTTTCCGCGCCTTTAGAGACGACCAGATGGACCTCAACGGGATGCGGGCGCAGCAGCTCCAGCGCCTTAACGCCGTACTGAAACCCGGATGCGCCGCTGATACCAATGATGATGCGTGTCGCCATGGTGTTCTCCTTTTATTCGAAATCCGGCAGGAAGCGCTTCACGTCTACTTCTTTAAATCTGGATCGCTGGAAGTTGTGCTTCAGATGGAACGGCACCGTGCAGTCGAATATCGTTTTGCAGGACATTCCCTGCTGCAGGATGCTCGGGCTGTATTCCGGTACCTGCGACGGATCGAGCGGATGGCAGCGAACGCCGGGAATAGTGATTGTATCGACATCGCCCTGGTAGCGGGTTTGCATGGCCCAAAGTACGTCATCGCTATCGAAAATATCGACGTCTTCATCGACCAGAATCACGTGCTTCAGTTCCGGGAAGGCAGAGAACGCCAGCAGGGCTGCCTGACGCTGACGCCCTTCGTCCGCCGGGGAGGATTTTTTAAACTGCAGCACCGCCAGCAGTTTGCCGCCTCCCGCCGAATGGGCGAAGACGTTCAGCAACTTGCCGGGCATCGCGCGC
NZ_CP180088.1_gap30	880394	882257	1863	CAGGCGGCGACGCTGCTACCTTCTTCTGAAGTGGAAGCCGATAAACTTAGCCAGTGTTACGTAGTCGATGTTTTCCCCTCGCCGCAAATATTCTACCCGGCGCTGGTCAAATTGCCGTCTATGCCTTATCTGCCCGCGTTGATGGATATTATTACGCATGGCTATCCGTTTAATACTTCTGTATGACGGGTAGCGATTGGGGAATGCCCTGGGGACTGGTATGATAATCGCCCTGGTTTTGAGGTGAATGTTAGTGTTAAGCGCAGGACGCCTGATGAGAAAACGCTTTGTTATTGCAATAATGTTGCTGAGCAGCCTGATCGTCGCGGGGTGTTCCAGCTCATCCGATTCCGGTTCAACCTACACCGTGAAGCGCGGCGATACGCTGTACGCTATCTCACGTTCCACTGGCACCAGCGTCAGGGATCTCGCCCGTCTCAATAATATTTCACCTCCTTATACCATCGAAGTCGGGCAAAAGCTGAAGCTAAACAGCGGTTCCGGGACCACGGCGAAGGCGGGGGCATCCGGCAAGAAATCGTCGACGAAACGTACCGCCGCCGTGACGCCATCTTCGGCGGTGCCGCAATCCTCCTGGCCGCCGGTCGGGCAACGCTGCTGGCGCTGGCCAACCAGCGGTAAAGTAGTGCTGCCATACTCCACCAGCGATGGCGGCAATAAAGGTATCGATATCGCCGGTAAGCGCGGCCAGCCGGTGTATGCGGCAGGGGCGGGCAAAGTGGTCTACGTGGGCAACCAGCTGCGCGGCTACGGCAACCTGATTATGATTAAGCATAATGAGGACTATATCAGCGCCTACGCGCACAACGACAAGCTAATGGTGAATAACGGCCAGAGCGTGAAGATTGGCCAGCAGATTGCCACCATGGGCAGCTCGGATGCGGACTCCGTGCGCCTGCACTTCCAGATTCGCTACCGGGCGACGGCGATCGACCCGCTGCGCTATTTGCCGCCGCAGGGCAGTAAGCCTAAGTGCTAAAAGGTTATTTTATCGACAGTTAGCCTGTTATGGGCTTGTCAGCGGGTGCGTAAGGTCTATAATGGCCCTCGCACCTCTTCGCGGGCGTAGTTCAATGGTAGAACGAGAGCTTCCCAAGCTCTATACGAGGGTTCGATTCCCTTCGCCCGCTCCAGTAATCTCCCCAGGTGGAGAAGCCTTAAAAAGCCTTCTCTTTCAGCATGTTAGACAGATGCCTATCTAAAATGCTTCCTGTGTTCTACCATTGAAACTGCCCTAAGTAACTGCTACGAAATGTTATCAGGCAAGGTGAGATTATAACGCTTCGTTGGCAGTAGTTCCACCGTTCATACTGCGATAGCCCAACATGAACAAGAAGCCTCTCCTGTGGCATAGATACATCTCATCGACAGACTGATCACACGCATTTAAGCCCGATGTGCGGCCCTGTGGCTGCGTAAACAGGTTTATGGTGATATTGGTACTTGCACACCACATGCAAGCTCTATCAGCGTTTCAGCCACGCTCCGAAAGGTACACGGTTATCCTGATAAGGTGTGATCCTTCTGACAACCTGATGAAGTCGCTATGCTCCGCTTGTTGCTGTATCACCAACGGGGCTTTATGGCTCCTATTGTCCAATGCCTCTAAAACGCTCTGTAACGCATTCTGAGAGGTTTTATTGTTAAGCTGTAGGGTAGTTGCTTTAAATAGATAAAGGGGCTTAAAAGCCCCTATGTACCGCTTATATTTGATTTATAGTGTTGCTCTCAGCACTGACAGCCATTCCAGCAATAGTTTTAGCTCTTTCCCGGTTAAACGGGGGATTGTCACCCGGCTATTTGTTCCGGCGTTGCACAGCGCGAGCGCTAACGCCATAATGT
NZ_CP180088.1_gap31	885498	889754	4256	GGTTGATGTTTGATGAAGAGAAACACTTCTTCTGTTATGGAATCTCTCCGATACTCATTAGCGTTAACTGGTGCAAAAGCTTTGTGATTATGGGCGCTGGTGTGAGCCGTAGTGAGTTTTTATGGTGGGCTAAAGAGGTTGCACACTTCATCTGTATACCTGCTCCTGAATACCTACAGCCTCATACAGAGCGTAGACAGCATAAGCTTGTGCCTATTGAGATAAAAGCCCTCACAGATAAGAACGCTACACAGGAATCATTAGCATATACCCTTAACAATTTTAATAAAGAAGTGAGAACATTGTTAGGTGATGGCTACATCTTTGCAACTAATAAAGATAAGTCAGTATGCAACTTTGAATCTTATGGAGATGAAATCTTTGGGGAGTCTAACAGGGTTAGCATGGCAAGTTACGGATTGAACAACTACCAACACACAACAAAAGCTGCTTTCATTGGATGCTCAAACTTCCATCCTTCTGTAACAGGTAAATGGAAATTGTATGCAGAACTAAACGGATGGGATGCAAATGAATTAGCAAGCAGACGTAAAGCCGCAATGAATTATGAGCAATGCTATCAGTTTGTTTCACGGTGTTCTATAAGAGACTTTGAATCTAATAGACCTCAATTATACATTGTTCCTGATTTAGCTACTGCTAACTATCTGCAATCTTATTACTTTCCTGGTGCAAAGATAGAGAGTCTAGGCTTTGACCTTCCAGTGAAAGAAAGGAAAGCGAGAGAAGTAGTTAAACCATACAATACAACAAAAGGGAATGAGACAAGGGAAATGGTCCAAATGTATAAAGCACAAGGGATGAAACAGAAAGATGTAGTGAAACTATTAGATTTAGGTATTGCCACAGTAAAAAGAAATTGGAAATAGGAGGAATAATATGAATAAACAAGTGAACTTTAATATTCTAAGTATTATTATTGAAGAAGTAGGGGTGAAGGGAAAATCTTACATCCGTAAAGAAGATTTCATACGTGCAGTGGTAGAATCTCTAGACTATAAAGAGATTACAGCTCGCCGGGCTATAGATAGCTTCTACAAAGATGATATTACATACCCATATGAATGTGGTGGGAGGGTGGTAGTATTACGGCCTTCATTCTACAAAGAGTATTATACGTCAATTACCCCTGAAAGAATCTATAAATATAAACTACAACTTGCTAAAGCTGAGTTGAAACGAAATATAGGAGAATAAATGACGAATATCGATGCTGTATACAGGCATTTATTGTGCTCTCATACACGTAAACTAAAACAGATTCAGGAAGATTTAGGTCTAACACGCGAGGATGTATTATGGAGCATCAAGAGTCTCATTGAAGAGGGCATTCTCCACACTAAATCCCCAGCCTTGAAAGGCTTTAATAAAAACCTAATCAGAGAAATCACTCAGGAGTAAATAATGCAGGAATACGAATATACAGAAAATGAAAAGGCGCTCTTTAGAAGTATAGCTGAAGGCCTTAACCTAACATACGAAGAACTCGAATCTAAAATTATCAAGGAATATCTGGAAAACCTCCTCGATAGAATCAAATATAACAGAGGGGAATAATGGCGACAATTAACGACACAACCTCCACCAAATCGACTAGTAAAACTAAATCAGAGAACGGATTTTGCGTAATAGCGAGCATGAGCAACGACTCCTCTGCGAGCTATATTCAGGAATATAGTGCTCTATCATTTGATAGCGTCCCTCAAATTGGTGTAAAGCGTAGAGCAGACGTCTCTAGCTATGCAATAGAATCTGGTAGTGAGGTGAGCGACCATATTCAGATTAAAAACGATTCAATCAATATATCAGGCTGGATTACTGAGTCTCCTATTGAATTACGGGGAGATATCATCTCCTCCAGTGGTGCTAACGGGACAAGGGTAAAACAGGCTATTGATTGGCTTAACGCCACATTCGAAGCACGTAGAACCATCTCGTTAGTCACCCGCGATTCTGTATTAGAGAACGTTGTTTTAACAGGTGTCAGTTATAACTACGATGATGCACTGGATGCAATGCAATTTGATTTGAGTTTTGAGAGAGTGAGGCTAGTGTCCTCTAAAACCGTCGATGTAATCGCCACCAAAACAAAATCTACTACGAATAAAGGAAAAACAGTTAAAACTAAGGCCAATACAGCTACTAAAAAGGACACTACTGTTTCAGATATTTCATCTAAATACAATTCCTAAATAAATACATCGGAGCTACCAATATGCAATATGCAGAAGCTATTATAAGTTTTGCCTTATGGGGCATTTTAATATCAGAAGTAACACATACACTAAAAATAAAATATAAAAACTGGAGGAACGTTGAGTAAGAATAGAAATATATTGAATGTTAACAAATTACAGCTTAGAGCAGTAGGCAGAAGTAAAAGAAAATCTAAAGAGAAGAGCGTCCCTAAGTGGGATGCAATACCAGAATATAAAGACTCTCCGCCTCTAACAGAAGAAGAGCAGGAAATAATTGATAGTATTTGTGATAACAATAATGTTTATTTTAATCCTCGTAAGCGAATGACCACTAAATTTAACGATGAGATCGAGAGATGGCAGGCATTAGGATTTAAAAGTGAAGATGAGCACATTGCTTGGAAGAGGCTGAATAACAGGGATGAGGCGTCTAGCACCTATACAGACCTTGCAGACACTATCCTAAAAATTACACAAGGCCAGAAAATTGACTGAATATAATACAATATATGAAATGTGTCAGGCATACGCCGATTGGTGTAATGAGAATGACCATTTGCACGGTAGAACAAATAGCGATGATTACTACTTGTATTTTGTGTCTAAGAAAATTTCTGGAAAAGATACAAAAGACACAGTGACATTTTGCTTCACAGGAGCAACAAGACCCGACGGAAGCCATCCAGGCTACCTGATTCAAACATCATAAACAACAATTCAAATATAAGGCCCCTGTAAGGGGCTACAATCAACTTTAAATAAAAAGAGGTATAATGAGTAATATTAATAGTATGAGCCGTGGCAAGGGCAGAGAAGCATTAGAGGCGTATAATCAACAACAAGCTATCCTGGAAACTCCTGTAGGGACCTCAGAAGAAGCAGAAGCCTATAATCATGTTAAGAATAATAAAATAACTTATCTGGATATCTTTTCTGCATACAACGATGAATTAAATGGAAGTATCTTAATCAACCTCACAACAGCCATTGATAATTTCTATAACACCCCTACAGCTAATAATTTGAATAATGTCAGTGAAGAGATTAAGCTTGCTAACAAATTCATTAAAGAGGCTTCTGGAGTTCTGGAAGTTTGTATTGCTAGCTACCCTGATAATCCAGAATTAGCTACAGAAATTGATATTTATCAAAGTGCTACAGATTGTATTCTGGGTGAAATTGCACAATTAGCAGAGAATATGACAGGAGAGGAGGCTTAAGCCTCTTCTTATTTATTGGGCATCTTCAGGTGCCACTTGAAATAAAACTCGTTACAAGATGATTCTCACTTTAATACAATTTTAATTGTCACTTGAGCGTATTTTATTTCACTTTTCTATTGACAAATATATATTTTCATGTTACTATTATCTTAAGGGTAAGATATTTCAGAGAAGACACTACCTCCTTATAGATTCTTCATTCTTCTGATATTAATATTTTTCGTTTTGTTAATTGGTTATTGACTCCAAATCAGAAACGTTTACTTTCCAAGGGTTTTGTTTCTGATGGGAATTAGGCTGCTTTATATTGCAATCACAGTATAAACGCTTTTAGCCTTCTTCTCTGAACTATTTTTCCCCATCATTTATTAGAATATACTAATAAATACTACCAAACCGCACATCTTTTTATTTATTTATTTTTATCAAAGGTAGGTGAATGGAAGTCCTCTAATTTAAGTGGATGGTAGTATTTTTTAGTGTATATCTAGATAGATTGCACATTTTTGTTATTGACAATAGTCAGTAGCTTTTATTTTATTATCTATTACGGATAGATAGTTTAACAACAGGTTAAGAATTAAGCCCTCTGGCATGTTGGGAAGCATTACTTTGTCATTATCAAAAAGCATCATTGGGTAGCTCCGATGAAAAACAGGAGACAGAAAAACTCCTCTTATCAACTGAATTAGGAAGCGGTTGGATAGGTTAATAATGTTGGAACATTTATTTTCTACTCAAAGAAAGGCACCTATTGGTGCCTTCTTTTTTACCTCACTTGAAATAAATCTATTTCAATAAAAATAGCACTTTA
NZ_CP180088.1_gap32	963070	964087	1017	ACCTCAACTACGGCGTGTCGACCACGACCTCGACCGGCGGCCAGCACGATGTGGCGCTGAACGGCAGCTACCGTACCCCGTGGACCACGCTGAACGGCAGCTATAGCCAGGGCGAAGGCTATCGCCAGAGCGGCGTAGGCGCCAGCGGGACGCTGATCGCGCATCAGCACGGCGTCGTATTCTCGCCGGAAAGCGGCACCACCATGGCGCTGATCGAAGCGAAAGACGCCGCGGGCGCGATGTTGCCCGGCTCGCCGGGTACCCGCATCGACAGCAACGGCTACGCCATTCTGCCGTATCTGCGGCCTTACCGGATAAATTCCGTTGAAATTGACCCGAAAGGCAGCAACGACGATGTCGCCTTCGGCAGTACCGTGGCGCAGGTGGTGCCGTGGGAAGGGAGCGTGGTCAAGGTCTCCTTCGATACCACGCTGCAGAACAACGTCACTCTGCAGGCGCGTCAGGCAAACGGTCTGCCGCTACCGTTCGCCGCCACGATTTACAACCCCTCCGGGAAAGAGATCGGCGTGGTGGGCCAGGGCAGCATGATGTTTATCAGCGACGCCAGCGCGCCGAAGGCCACGGTTAAGTGGAGCGGCGGACAGTGCTCGGTGGAATTAAGTCAGGAAAAAACAAAGGAAACGCTATGTCGCTAATGAAAAAACTGACGCTTTTTATTGGCTTAATGGCGATGGGGACCACGTCGGCATGGGCGTACTGTACGCGCCTGTCGCAGCCGACGGTTAGCCTCGACATGGTTGTGGGCCGGGTGGTGGTTCCGCCGGATCTGCCGGTAGGCTCGGTGATCGTGTCCCGGGACTGGACCATGTCGGCGCCGGGCGGGGCCAGCTATAGCTGCAGCAGCGGCACTAACCGCTTTGTGGCCAAAATCGTCGCCCCCGGGGCGACCGATCTGGGAAATAAAATTTATTCCACCAACGTGCCCGGGATCGGCCTGCGGTTCAGCCGCGGCGGGGCGACGGTCAATATTATCTACCCTGACACGTTCTCCAGCTA
NZ_CP180088.1_gap33	1121139	1121929	790	TGCTCCGTCAGGTGCTTCTACTGGCTCCCGCGAAGCGCTGGAACTGCGCGATGGCGACAAATCCCGTTTCATGGGTAAAGGCGTACTGAAAGCTGTTGGCGCGGTTAACGGCCCGATCGCTCAGGCAATCCTTGGCAAAGATGCCAAAGATCAGGCTGGCATCGACAAAATCATGATCGACCTGGACGGTACTGAAAACAAATCTAACTTCGGTGCGAACGCCATCCTGGCCGTCTCTCTGGCTAACGCCAAAGCTGCCGCTGCTTCTAAAGGTCAGCCGCTGTACGAGCACATCGCTGAGCTGAACGGCACCCCGGGCAAATACTCCATGCCGGTTCCGATGATGAACATCATCAACGGCGGCGAGCACGCTGACAACAACGTCGACATCCAGGAATTTATGATTCAGCCGGTTGGCGCTAAATCCCTGAAAGAAGCCGTACGTATGGGTTCTGAAGTGTTCCACAACCTGGCTAAAGTTCTGAAAGCTAAAGGTATGAACACCGCTGTTGGTGACGAAGGCGGCTACGCGCCGAACCTGGGCTCCAACGCTGAAGCGCTGGCTGTTATCGCTGAAGCGGTTAAAGCTGCTGGCTACGAGCTGGGCAAAGACATCACCCTGGCGATGGACTGCGCGGCTTCTGAATTCTACAAAGACGGTAAATACGTTCTGGCCGGCGAAGGCAACAAAGCGTTCACCTCTGAAGAATTCACCCACTTCCTGGAAGAGCTGACCAAACAGTACCCGATCGTCTCCATCGAAGATGGCCTGGACGAATCTGACTGGGAC
NZ_CP180088.1_gap34	1123575	1125409	1834	AAATGAACATAAGGTGCGGTTTATTAAGGTTATTTTAAGATAATTTAGCGTCGTGGATCGAATTTGACCCTAAGCTATGACAATAAATTCATTATTTCGTGTATCCATTTGTACATCGTTGAAATTTATTATTTTTAAGTTTGTTATTTTATTTTTGGCTTTCAAAATTATACATGTTTTGTTACACCAAAAATTTTAGCCGTGCCGCTTAATAGTCGCCTGATGATTATCAGGCTAATTAAATCAGCCGGTGCGGGATAATGGAATCGGCCAGCTGCCGGAGGTTTATCATTAAGGTTTAGGTTCTACCCACCACGCGGCGCAGCGCGGGACAAGATCTGCGCGGGCAAATCTGCGATAATGCGCGCTCACAACCCTAAGCAGAGATGATTATGCAGTACCCGATTAACGAGATGTTCCAGACCTTGCAAGGCGAAGGTTACTTCACCGGCGTTCCCGCCATTTTTATTCGTTTACAGGGATGCCCGGTTGGTTGCGCCTGGTGCGATACCAAACATACCTGGGATAAGCTTGCCGATCGGGAAGTGTCGCTGTTCAGCATTCTGGCAAAAACCAAAGAGAGCGATAAATGGGGCCCGGCGAGCAGCGAAGATCTGCTGGCTATCATCGGGCGTCAGGGCTGGACGGCCCGCCACGTGGTCATTACCGGCGGCGAGCCCTGCATTCATGATTTAACGCCGTTAACCTCTTTACTGGAGCAAAACGGATTTAGCTGCCAGATTGAAACCAGCGGCACCCATGAAGTGCGCTGCACGCCGCATACCTGGGTGACGGTGTCGCCAAAGGTGAACATGCGCGGCGGCTATGACGTACTCTCTCAGGCGCTACAGCGGGCTGATGAAATTAAACATCCGGTTGGACGCGTGCGCGATATCGAAGCGCTGGATGAGCTGCTGGCAACGCTGGCCGATGAAAAGCCGCGTATTATCGCGCTTCAGCCGATTAGCCAGAAAGATGACGCGACGCGCCTGTGCATCGAAACCTGTATCGCCCGCAACTGGCGCTTATCGATGCAGACGCACAAGTACCTCAATATCGCGTGATATAAAAAACCCTGATAGCGCAGGGCTATCAGGGTCTTATTCAGCTAAAGGCACTATCACTCGCCGCGATAGACGCAGCCCGCGGTGCAGGTTTCTTTGATCATCACCGCGCTCAGCAGCGGTACCCGCGGTTTCATCTGCTCCCAGATCCATTTTGCCAGCACTTCGCTGGTCGGATTGGACAGCCCGGGAATATCGTTTAGGTAGTAATGGTCGAGGCGATCGTAGATGGGTTTAAACGCGGCCTTCAGCTCGGCAAAATCCATGATCCACCCGGTATGGGGATCGACTTCACCGGTAATCTCCAGGCGCACCATAAAAGAGTGGCCGTGCAGGCGACCGCACTTATGACCTTCCGGCACGTGCGGCAGGTGGTGAGCGGCTTCAAAGGTGAAATCTTTAAACAGCGTGGTGGACATCTTTTCTTCTCAATATGGCAAAAAACCGCCGTAGGGTACCGGAAAGCACATTTTTTCGCATTAACTAAAACGGCCCTGAGCGGAAAATAGCCACATTCATCCAGCCTGTTCAAATTAATTGCCTATATTTCATGGGCTTATTTAATCGATTTTGTTGTTAATAACTATAACTAAAACAGGTTAGTCCATTTGGTTATTTGTTATTTCCATCCTTTATTTAGTTGTTACTATTTGCACCGTTAACCTACTCACTCGTCATACTTCGAGCCGCATGTGCGTTGGCAATAACTCGGCCCAGCCTTGGGCTTTGCCCTGATGGGCGCTGTGTCGCTGCCTGCAACTCGAATTATT
NZ_CP180088.1_gap35	1136946	1140449	3503	TTAAAAAATGAAAACGCATCATGGCGACAGTCCTTGTTGCCTGATTTTATCGTTAGTCTATTTTGAGGCGGGTCTCTTCTCCGCCTTCGCCAGCTCTTTCACCAGCGGCAGCATCACTTTCATCACATCGCGTCCGCGATGCTCAATACGCCCCGGCAGCGCTTTATCAATATACTGCAGGTTATCCAGCTGTACGTCATGCCAGCTCGTGCCCTGCGGGAAGCTGCGTGATTTGCTCCGCTGCTGATAACCGTCTTTCTTACCCAATGACCAGTTGGTCGCTTCCACCGACAGTACCGGGATCCCGGCGCTATCAAAAACGCTGGCGTCGTTGCAGCAGCCGGTGCCTTTCGGGAAGTCCCGGTTCATCCCTGGATTGGTGAAGGCCGCGATGCCGTGGCTACGGGCGATAGCCAGCGCCCGGTCGCGAGTGAGCTTGCGCACCGATGCTGGCGTGCTGCGGCCGCTATTAAAGTACAGCTTATCGCCCACGACCAGGTTATCGAGATTAATCACCAGCAGGGTGTTTTTCTTTTCCGCGTCGCTCATGCGCTTAAGCAGATTCTGCGCACCCAGCCGGCCTTCTTCTTCGCCGCTGGTGGCAACGAAGCGAATACCGTAACGGGTAGGAACGTTCTTTAACTGTTCAGCAAGTTCCAGCATGACGCCGAGACCCATCGCGTTGTCGTCTATCCCCTGCAGGGTCAGGCCGCCGAGGTTGTTTTCAACATCTTTATCGCTCTGCGGCGCGTAGGTATCCAGGTGCGCCATGATAATAATCTGCTGGCGAGATTGGCCTTCATGAGCGGCGATCACCGTACTGCCGGTGGCGTTATGCCAGTTTTTACGCTGATTGCTATCGGTATAGACGTAGCGGGTATTGAAGCTGCGCACATCGCTCTGGTAACCCATCTGGGCGAACTGCTGGCGGAGATAATCGGCCGACAGCATCTCGGCCGGCGTGCCGGTCATTCTTCCGGGATAAAAGGTGGCGATATGACGAGCCTGGGCATTGGCAGTTTCGCCCGGGGCGCTGAATGCCGGGGCGGCGGAGAAGACAAAACCTGCGCCCAACGCCAGGGGGAGCAGGCGACGGCACAATGCGGAAAACATAGGGGGGTCCTTTAGCACTTAAAACAATTTCACCCGCGTAGTATGAAACTGTGACCGGGGTTAAACAATTTCAATCGCTCTTAAATGGTGGAAAAACCGCGTGTTAAGCACTTTTTGATATTTGCTTTCCCAGGTCGTTATTCTTTTGAGTAACAACTCATTCCATTTCGTAATTTCATTTGCTCTAAACCGCACCCTATAGTCGCTCTATTGCTGATTGTAAGAGAGTTGTTGCGCAGTGGAATACTTGCCGATATTTGCCGAAGTGAAAGACAGACCCGTGCTGGTGATCGGCGGCGGCGAGATAGCCGCGCGTAAGATTACGTTTTTGCTGCGCGCTGAAGCGAAGGTGCAAATTGTCGCCGAAACGTTGATGCCGGAACTTGCCGAAAAGGTCGAGCGCGAGGAAATTCAGTGGCGGGCAACCGTATTCGAAGAGCAGCAGCTTGACGACGTATTCCTGGTGATTGCCGCCACGGAAGATGACGAGCTGAACCAACGCGTTTATGTCGCGGCTAACGCGCGCTATCGGCTGGTCAACGTCGTGGATAATCAGGCGCTGTGCTCGTTTGTCTTTCCATCCATTGTCGATCGCTCTCCGCTGCTGGTGGCTATCTCTTCCAGCGGAAAAGCGCCGGTGCTGTCGCGGATTTTGCGCGAAAAAATCGAAGCGCTGCTGCCCACCAACCTTGGGCGGCTGGCTGAAACGGCGAGCTACTGGCGTCACCATATTAAAACCCATCTGAAAACCACCGCCGAACGCCGCCGCTTTTGGGAGCGCGTGTTTACAGGTCGCTTTGCCAGCCTGATGCTGGCGGGCAATAAAGATGAAGCGGAAAAAGCGCTGGAAGATGAACTTCGGCAGCCGGAAAAACGCCCTGGTGAAATTATTCTCGTCGGGGCAGGGCCAGGCGATGCCGGATTGCTGACCCTGCGCGGCCTGCAGGCCCTTCAGCAGGCGGACGTGGTGTTTTACGACAACCTGGTCACCCCGGAAGTACGTGAACTGGTGCGCCGGGACGCGGAGACAATCTGCGTCGGCAAAAGCGCCGCCGGCGTATCTGTACCGCAGCAGGAGATCAACCGCCTGCTGCTGGAAGCGGCGAAAGCGGGCAAGACGGTGATTCGCCTGAAGGGCGGCGACCCGTTTATTTTTGGCCGCGGCGGTGAAGAGCTGCAGGCCGCAGCCGAAGAGGGCATTCCGTTTCAGGTCGTTCCGGGCGTCACGGCGGCGGCGGGCGCAACGGCCTATGCCGGTATTCCGCTGACGCATCGTGATTATGCCCAGAGCGTAACCTTCATTACCGGGCACTTTGGCGCTGAAAATTCGCCGCTCGACTGGGCGCGACTGGCGCAAAGCGGCCAGACCCTGGCGATTTATATGGGCAGCCTGAAAGCGGCGGAAATCAGCGCTCAGCTGATCGCCAACGGTCGCGGAGGCGATACCCCGGTGGCGGTAATCTCGCGCGGCACCCGCGCCGATCAGCAAACGAAGACCGGCACATTACAACAGCTTGAAAACCTGGCGAAAGACGCCCCGATGCCCGCGCTGCTGGTGGTGGGTGAAGTGGTGCAATTACATCAACAGCTCGCCTGGTTTCAACACACCTCATCCTCAGACGCCTTCAAGGCTTCTGTAGTAAATCTGGCTTAAGGAACGGTTATGGACCAAAAACGACTTACTCACCTGCGGCAACTGGAGGCGGAAAGCATCCATATCATTCGTGAGGTGGCCGCCGAATTCTCTAACCCGGTGATGATGTACTCCATCGGCAAAGACTCCAGCGTGATGCTGCATCTGGCGCGTAAAGCGTTTTATCCAGGCACCCTGCCGTTCCCGCTGCTGCACGTCGATACCGGCTGGAAATTCCGCGAAATGTACGAGTTCCGTGACCGTACCGCTAAAGCCTACGGCTGTGAGCTGCTGGTGCACAAAAACCCGGAAGGGGTGGCGATGGGGATTAACCCGTTCGTGCACGGCAGCGCCAAGCATACTGATATCATGAAAACCGAAGGCCTCAAGCAGGCGCTGAACAAATACGGCTTCGATGCCGCGTTCGGCGGCGCCCGTCGCGATGAAGAGAAATCCCGCGCTAAAGAGCGTATTTACTCCTTCCGCGACCGCTTCCACCGCTGGGATCCGAAAAACCAGCGCCCGGAGCTGTGGCACAACTATAACGGCCAGATTAACAAGGGCGAAAGTATCCGCGTATTCCCGCTCTCCAACTGGACCGAGCTGGACATCTGGCAGTACATCTATCTGGAAAATATTGAAATTGTTCCGCTGTACCTGGCGGCGGAGCGTCCGGTGCTGGAGCGCGACGGGATGCTGATGATGATCGATGACGATCGCATCAATTTACAGCCCGGCGAGATGATCAAAAAACAGA
NZ_CP180088.1_gap36	1180968	1182630	1662	CGCCGCTTTGTCCTGCTTAAAAGCGATATCGGTTTTTCCCGCCTGCTGAATAATCCGCTGCGTTTTTTTGAAAAACGCGCGCCGGGGGACGTTTTCAGCCGTTTTATCGCCTGGCAGGGCGGGATGCTGCAAAAAATCGAACTGGATAACGGGCTCCGCTCGGACTGGATCATCTGCGTTATCGCGATCGGCATTATGTTCTGGATCTCCCCGGTGCTGGCGCTGATTTCCGCCGTGGGTATTGTGGCGATGGGGCTGATTAGCGTCTGGGCCATTTTTCGCGACCGCTGGTATACGCAGCAGCTGCAGCTGAAAAGCGCGACGCTGAATGACTTTTTTATGGAAACGCTTCAGGGCGTGTTAACCATCAAGACCGCCGGACTGGAGACGCAGCGTAAAGCGCAGTTTGCCCGTCTGTCTCATGACCTTTTCACCTGCCTCCAGCGGCAGAAAGTCTATCAGCAGGTCAAAGAGGGACTGTACCAGCTGACCGGCAGCCTTGAGATGGTGGTTTTCATGCTGGTGGTGCTGCCGCTGGTGCACGCAAAGCTTATCTCGCTGGGCGACTTTTTTGCCTACAGCTTTTTACGACAGATTTTTACCTCCTACGTCACGCGGATATTTTATGCCGTGATCCGTAAATCACAGCTGCACGTGATCGATACCCGCGCGCAGGGCCTGTTCACCCGCCATGAGCCTGCTGCGCCCCAGTTTGCTCCGCTCAGCGGTGAAGCGGTTCCGCGGCTGACGTTCGAGCAGGTGAGCTTTCATTACAACCCGCAGCGTCCGGTACTCAATGCCGTTGATCTCATCCTGGAGCCCGGCGATCGGCTGGCGATCGTGGGTGATTCCGGCGCCGGAAAAAGCACCCTGCTGCGGCTGATGGCAGGGCTTTTTTCCGCGCAGCATGGGCGAATTTTGCTGAACAACGACGAGGTGAGCGCGCAGCAGCTGGCGTCGCAGGTATGGCTACAGAGTCAGGAAGACATCCTGTTCAACGCCTCGGTGCTGCAAAACATCACCCTGTTTGACCCGTGGTACAGCGACAGCGATCGCGGGCGAGTGGAGGCGCTGGTCGAAAAAATGGCGCTGGGGCCGGTGGTTCAGGCGCTGCCGGGAGGAATGGAAGCGCTGATCCGCGAGAGCCACTCGGCGCTCTCTTTAGGCCAGCGTCAGCGGCTGATGCTGGCGCGGGCGCTCTACAGCACCCGGCCCATACTGCTGTTCGACGAACCGACCGCCAATCTTGATGATGAAACCGCGGAAACGGCGATCCTCGCGCTGTGCCAGTACTGCCGCGAACAGGGCAAGACGCTGATCGTCGTGACCCACAGCGAGCAGATCCTGCATCACTTCACGCGGGTTTATCGCCTGAAGAAAGGCAAGCTGCGCGATATCACACAGGGAGAGGTGGAGCAATGAGAAGAGCATTTTTACGCCGCCGTAAAACGTGGCTGTTTGCGCTGGTCGCTATGCTGGCCATTGTTGCCGCCGTCTATTATCAGCGCTCATTTCCGGCACAGGCCGAGTCGATTGATACCGTTACGCTCGATCGCGGGGATATCGAAAAGGTCGTGCTGGCGAGCGGGATTATCAAACCTGCCGTCCAGGTGAGCGTCGGCGCGCAGGTCAGCGGCCAGCTGCGTAAGCTGTACGTGCGCC
NZ_CP180088.1_gap37	1320997	1322328	1331	TCCGTTCCTTATTCAGTTTGCGAGGTGAATTCAACAAAATGCTGCTGTTCACGCTGGGCCATCCAGGCGTTCAGCGACCACAGGTCGGCGACCGGAACGTTGGTAAACGGCAGGTGATGCAGGTAGCCATCGGGGCCAAATTCCGGCGTAAGCGTGGTGTACTGGTAGCCGCGCCGGCGCTGCGATTGCCAGATCTGTTCCCAGAAGCGCTGCTGAAACCGCAGGGCCGCCCGATATTCCGGCGCGGCGGGGTGCGGCACCTGCGGCCCCTGGTCGTACCCGGCGCGGGCCTGAATATGTTGGACCCGTTCGATAAAGGCGCTGAAGTCATCGCAGGGGTCATCCAGCAGGCGTTCGCTTACCACGATCCAGTGGCTGATATCGGCGGTAAAGCGCAGCTGCGGCAGCTGTTGAATTATCTCCAGCGTTAGCCACGGGCTATACAGCGACGTGGCGCGATGGGTTTCAAAGCTGCAGAACAGCTCATATTCGGTGGCGAGCTCATGCGCTCTGCCGAGAAAATCCACCTGCTGCGCCAGCGGCCAGCGGTCGTTACCGGCCAGCAGATTGACGAAGCGCGGATTAAGCGCTTTTGCCGCCGCAAAACGTTCTTTTAAGCGCTCCAGATGCTGCGCGGGCGTCTCGGCCTGGGCCGGAATAACGCCGCCGCCGCTGAACACAATGGCGATATACTCAAGCGCGGACGCTTCGATGCGTTGGGCCAGCGCCCGCTGCTCTTCTCGCGTCAGCGGAACCCGCGCTTCAATGCCGCAGCAGCCGACGCTCCGGAGTTCGCTGACTGTTTGCTGCCACGGAGTGGTTACGCCCCACAGCGTGCGAAAGACGTTAAGCTGCATGGTTTTTCCTCTATGGATATTTCACGCCCGGGAGAACGCAGAGCATTTCATACAGCAGGTTGGCGGCCAGCTGGGACGTGTTGCCGCTGACGTCGTAGGGGGGCGAGACCTCGACCAGGTCGCAGCCAATCAGGTTCAGGCCGCGGCAGCCGCGCACGATTTCCAGCGCCTGAATCGACGTCAGTCCGCCCACTTCCGGGGTTCCGGTGCCGGGGGCCCAGATCGGGTCGAGGCTATCAATATCGAAGCTGAGATAAACCGGGCCAGCCCCCATTTGCTGGCGCACTTCGGCCATTAGCGGGGTCAAAGATTTGTGCCAGCACTGCTCGGCCTGAACCAGACGAAAACCGCGATCGACGCCCCACTGGAAGTCACCGGCGGCGTAGCCCTGCGCGCGCTGGCCAATCTGCACGACGCGTTTAAGATCCAGCAGCCCCTCTTCGACGGCGCGGCGGAAGGTGGTGCCGTGGGCAA
NZ_CP180088.1_gap38	1362004	1363344	1340	TCCAGTTACCGTCCTGCAGCTTTTGCTGAGCGGTCGCGTAGATCTCATTCGGCGGATTATCGGGCACCTCCTCCTTTGAGCCAGAGCAACCCACCAAAGCCAGGCTCAGTGTGGCTGCTGCCACCAGGTATTTCATGCGCGTCATGACGTTTTGACTTCCTCAAAATGTTTATGCGGGAGAATCTCTGTTCCTGCTCCCGATTAAGACCAGCTACAATAGCACACTATATTAAACGGCAAAGCCGTAAAACCCAACGTTAAAACGAAGAAGCTGTATATGGCACAACGAGTACAACTCAACGCAACGGTGTCCGAAAATCAACTCGGACAACGCTTAGATCAGGCTTTGGCCGAATTGTTCCCGGATTATTCGCGTTCGCGCATAAAAGAATGGATCCTTGACCAGAGAGTGCTGGTAAACGGCAGCGTCAGCGACAAGCCGAAAGAGAAAGTGCTGGGGGGAGAAACGATTGCTATCGATGTTGAAATCGAAGAAGAAGTCCGTTTCCAACCACAGGATATTCCGCTCAATATCGTTTATGAAGATGATGACATCCTCGTAATTAATAAACCGCGCGATTTAGTTGTGCACCCTGGCGCGGGCAACCCTGACGGTACTGTGCTGAATGCGCTGTTGCACTACTATCCGGCCATTGCTGACGTGCCGCGTGCGGGGATCGTGCACCGTCTTGATAAAGACACCACCGGCTTGATGGTGGTCGCGAAGACCATTCCGGCGCAAACCCGCCTGGTGGAATCCCTGCAGCTGCGCGAAATCACCCGCGAGTATGAAGCGGTGGCGATTGGTCACATGACCGCTGGCGGAACGGTGGAAGAACCGATTAGCCGCCACCCGACCAAGCGTACGCATATGGCGGTACATCCCATGGGAAAACCTGCGGTGACGCACTATCGGATCATGGAGCATTTTCGCATTCATACTCGTCTGCGTTTGCGCTTGGAGACTGGCCGTACGCATCAGATTCGCGTACACATGGCGCACATCACTCACCCGCTGGTGGGCGATCAGGTCTATGGCGGGCGCCCGCGTCCGCCTAAAGGCGCATCGGAAGAGTTCATCACCGCTCTGCGTAAGTTCGATCGCCAGGCCCTGCATGCCACCATGCTGCGTTTATACCATCCGATGAGCGGCATTGAGATGGAATGGCATGCGCCAATTCCCCAGGATATGGTTGATTTGATTGATGCCATGCGCGCTGATTTTGAAACCCATAAAGACGATATTGACTGGCTATGACTAAACTGATTGTACCGCAATGGCCAATGCCGGAAGGCGTGGCAGCCTGTAGTTCCACGCGCGCTGGCGGGGTGAGTTTGTC
NZ_CP180088.1_gap39	1370515	1371184	669	CGTAGTCGATGGGAAACAGGTTAATATTCCTGTACTCGGTGTTACTGCGAAGGGGGGACGGAGAAGGCTATGTTGGCCGGGCGACGGTTGTCCCGGTTTAAGCATGTAGGCGGATGTTCCAGGTAAATCCGGAACGTTATCAACGCTGAGGTGTGATGACGAGGCACTACGGTGCTGAAGTGACAAATGCCCTGCTTCCAGGAAAAGCCTCTAAGCATCAGGTAACATCAAATCGTACCCCAAACCGACACAGGTGGTCAGGTAGAGAATACCAAGGCGCTTGAGAGAACTCGGGTGAAGGAACTAGGCAAAATGGTGCCGTAACTTCGGGAGAAGGCACGCTGATGGTAAGTGAAGCGACTTGCTCGTGGAGCTGAAATCAGTCGAAGATACCAGCTGGCTGCAACTGTTTATTAAAAACACAGCACTGTGCAAACACGAAAGTGGACGTATACGGTGTGACGCCTGCCCGGTGCCGGAAGGTTAATTGATGGGGTTATCCTCGCGGAGAAGCTCTTGATCGAAGCCCCGGTAAACGGCGGCCGTAACTATAACGGTCCTAAGGTAGCGAAATTCCTTGTCGGGTAAGTTCCGACCTGCACGAATGGCGTAATGATGGCCAGGCTGTCTCCACCCGAGACTCAGTGAAATTGAACTCGCTGTGAAGAT
NZ_CP180088.1_gap40	1398504	1400598	2094	TCTCTTCGGTGTTGACGTCCAGCGAGGCGTGCATGGCCGCGACGTTATCTTTAATCAGCTTTTCGCCAACCAGGCGCAGGGGATCGTCACCGCGAATCTGGTTATGCACCGGTACGGATTGCGGAGTCGGCGCGCTTGCCAGGGCTTCGCTCAACGCCAGCTTTAACGCCGGGAAGCCTTTGAACCCCATCTTCTGCGCAAATTTCACTACGCTTGACTGGCTGACGCCGGCTTCGCCCGCCAGCTGCTGCGAGCTGAGGTGGCGGGTTTGATCCGGTTGAGCCAGAATGAAATCGGCCAGTTTTTTATCGCTTGCGGCCAACGTCGGATAGCGCTGGCGAATACGGGTCAAACAGTTCATAGCGGCTCCGGAGGACAGCTTCACCCTCGGCTGAAAGAATTTTGTATTCGATTATAAGAGGATTATCGCGAATTAAAAATTCTGTGCCTAAGATTTCTCGGCAAAGACGTTTTCTTAATACGGATTCAACAGCAGCGTATGTTTTCGCTATTGGCGACGTAAGGCTGTTAAGCTATTGGTTATCATGCGATCGTTCAGGGGAGTGGGTTTTGAATAGCAGCACGCGGAGAGTGGTTTTCTTTGATCTGGATGGAACCTTGCATCAGCAGGATATGTTCGGCAGCTTTTTGCGCTATGCCCTGCGCCATCAGCCGCTGAACGCGCTGCTGCTGCTTCCTTTATTGCCGGTTATCGCGGCCGGACTGATGTTATACGGTCGCGCCGCGCGCTGGCCGATGAGCCTGCTGCTCTGGGCATCAACCTTCGGACGCAGCGAGCAGCAGCTTAAACGCCTGGAGGCCAATTTTGTTCGCTGGTTTCGCCAGCACGTCACGGCATTCCCGGTTGTTCAGGCGCGGCTTAAACATTATCTGACCAGCACGGACGCTGACGTCTGGCTGATCACCGGTTCGCCGCAGTCGCTGGTTGAACAGGTCTATTTTGATACCGCCTGGCTGCCGCGGGTGAATCTGATCGCCAGCCGAATGGAGCGACGCTACGGCGGTTGGGGGTTAACCCTGCGCTGTCTCGGTAATGAAAAAGTGACGCAGCTGGAACAAAAGATCGGCGCACCGCTGCGCTTGTATAGCGGCTACAGCGACAGCGAGCAGGACAACCCGCTGCTCTCTTTTTGCCAGCACCGCTGGCGGGTGACGCCGCAGGGCGATCTTCAGCAGTTAGAATAGTGTGTAATACATAGCGCCCATGTATAATGCGCCCCGCTTTTCTGCAGGAGTGCCCGCTTTGTCTGACCATGAATTAAATGATGAATACTGGATGCGTCACGCCCTGACGCTGGCTAAACGCGCCTGGGAAGAGGGCGAGGTGCCGGTCGGCGCCGTGCTGGTGCATAATCATCAGGTCATCGGCGAGGGCTGGAATCGGCCCATTGGCCGCCACGATCCCACCGCGCACGCCGAGATTATGGCGCTGCGTCAGGGCGGGCTGGTGTTGCAAAACTATCGCCTGATTGACGCAACGCTGTACGTTACTCTCGAGCCCTGCGTGATGTGCGCCGGGGCAATGGTGCACAGCCGTATTTCCCGACTGGTGTTTGGCGCCAGGGATGCGAAAACCGGCGCCGCCGGGTCGCTGATTGATGTGCTGCATCATCCGGGCATGAACCATCGGGTAGAAATAGCGGAAGGTGTTATGGCGGAGGCCTGTTCCGGCATGCTGAGCGATTTCTTCCGCTGGCGGCGGGAAGAGAAAAAAGCGCTAAAGCGAGCGGGCCAACAGGCGCAAGATTAATGCCCCATTCCGGGGATTTTTAATTTTGCGTTATCGACCAGCGTTTCGGCGCGAAAGTTAAAAAAGGACCTGGTGTACTGCTCTTCTTTATCCAGCTCATCCGGCATGACCGCCGGATAGTGTTCGCCTAAGGCCGCCATCTGCGCGTCTTTTTTCTCTTTTTCAGAGAGATAGCCCACGAGGCTAATATGATATTTGCGGATATTTTCGACGTAGGCGTAGGCTTCGTGCCCGCGTGCAAAGCCGTACTTCAGTCGGCTGTAGTAGTTTTTCTGGCTTAGCAACGGCAGACGCTGCTTCACATCGGCCCAGCTATTCGGGTT
NZ_CP180088.1_gap41	1436630	1437290	660	CACGGGCGGCGGTCAGCAGCATGGCGGTATGGGCGTCATGGCCGCAGGCGTGCATTTTCCCGGGAGTTTGTGATTTATAGTCGAGCGGGTCGTTCAGCTCCACCACCGGTAACGCATCCATATCGGCGCGCAGAGCCACGGTTTTACCCGGCTGGCCGCCGGCGATGTCGGCGATGATTCCGGTGGGATGCGTCCGGCGGTAAGGGATACCGATGGCCTCCAGTCCGGCGGCGACGCGATCCGTGGTGCGCTTCTCCTCCCAGGGAAGTTCCGGATGGGCGTGCAGGTCGCGACGAAAAGCGATCATCGCCTGTTCTTCTCTGGCGATAATCGCGGTGATGTCAGGGTTAATCATCAATGGCTCCATCATTTGCTAAAAATTCAACGCGCTCAGCCGACAGCGGGGGTCAGATAGCCGACCAGAATTCCGGCTAACACCACCGAAACCATGGTGACGGAGACGAATCCGCCGACCAGCATCGGGCCCAGCATATGGTGGGTCAGCATCTGGCGCTCTTTTTCATCGTGGGTGAGGGCGTTGATGGCCTCGTTGGTAATAATATAGTCGGCGGGGAAACCGTACAGCGCGGTCAATGAGATGGCGAAAGCCATCGGGCCGCTGACGCCAAGCAGTTTCCCGACCAGCCAGGAGACAACAAA
NZ_CP180088.1_gap42	1439867	1444703	4836	GCTCCCCGAGCAGCCGGTGAAGCTGGAAGTCGTGCAGCCGGATGGCCAGGTTATTCGTTCGACGGTCAGCAAACCGGTTAACGGCCTGTATCAGTTGACTTATCCGCTCGATAGCGGCGCGGCGACCGGGATGTGGCACATTCGCGCCAGCACCGGCGACAACCAGCCGCGCGAGTGGGATTTTCACGTTGAAGATTTTATGCCTGAGCGCATGGCGCTGAATCTCACGCCGCAAAATGCCCCGGTTTCGCCGGCTGCGGATGTCAGCTTTGCCGTGAGCGGGGCGTATCTGTACGGCGCGCCGGCCAGCGGCAACCCGCTGCAGGGTAAACTGTTCCTGCGTCCGCTGCGCGATGCGGTGCCTGCGCTGCCGGGCTTCCAGTTTGGCGACATTGCCGAAGAGAACCTTTCCCGCAGCCTGGATGAAGTACAGACCACCCTGGACGATCGCGGACATGCGGAAGTCACCGCCGCCAGCCAGTGGCAGGAGAGCCGCTCGCCGCTGCAGGTGATCCTGCAGGCCAGCCTGCTGGAGTCCGGTGGCAGACCGGTCACGCGCATCGTCAGGCAGCCGATCTGGCCGGCCGAAACGCTGCCGGGTATCCGACCGGAATTTGCCCTGAAAGAGGTTTACGACTATCGCACCGACAGCACTATCAAGCAGCCGGTGGTGGATGAAAACGGCACCGCCGCGTTTGAGATTGTGTATGCCGACGCCAAAGGTGAGAAGAAAGCGGTCTCCGGGCTGCAGGTTCGGTTGATTCGCGAACGCCGCGACTACTACTGGAACTGGTCCGAGAGCGAAGGCTGGCAGTCGCAGTTCGATCAAAAAGATCTTCAGGAAGGCGAGGAGTCGCTGGATATTTCAGCCGGACAAACGGCGAAAGTGAGCTTCCCGGTCGAGTGGGGTTCTTATCGCCTGGAAGTTAAAGGGCCGGATGATGCGGTCAGCAGCGTGCGCTTCTGGGCCGGATACAGCTGGCAGGATAACAGCGATGGCCAGGGGGCGGCGCGTCCGGACCGCGTCACCATGAAGCTGGACAAACCGGCCTATAAACCGGGCGATACGATCAAGCTGCATATCGCCGCTCCGGCAGCCGGTAAAGGCTACGCGCTGGTGGAATCAAGCGAAGGGCCGCTGTGGTGGCAGGATATTGACGTCCCGGCGGAAGGGATGGAGCTATCGATCCCGGTGGATAAAGCGTGGAATCGTCACGACCTCTATCTCAGCACCCTGGTGATTCGTCCGGGGGATAAATCCCAGTCCGCGACGCCAAAACGGGCGGTGGGTCTGCTGCATCTGCCGCTTGGCGATGAAAATCGCCGTCTGAACCTGACGCTGGAAGCGCCGGATAAAATGCGCCCCAACCAGCCGCTGAAGGTCAACGTTAAGGCCAGCGTCAAAGAAGGCGAGACGCCGAAACAGGTTAACGTGCTGCTCTCCGCCGTCGATAGCGGCGTACTTAATATCACCGACTATGCAACGCCGGATCCGTGGAACGCTTTCTTTGGCCAGAAACGCTACGGCGCCGATATTTACGATATCTATGGTCAGGTGATCGAAGGGCAGGGGAGACTCGCCAGCCTGCGCTTCGGCGGCGACGGTGATGAACTCAAACGCGGCGGCAAACCGCCGGTTAATCACGTGACGATTATCGCTCAGCAGGCGCAGCCGGTGGTGCTGGATGAGAAAGGCGAAGGGACGGTGACTTTGCCGATTGGCGACTTTAACGGCGAACTGCGGGTTATGGCCCAGGCGTGGACCGCAGAGGATTTTGGCAGCAGCGAAGGAAAAACGATCGTGGCGGCGCCGGTTATTGCCGAGCTGAATATGCCGCGCTTCCTCGCCAGCGGAGATACCACTCGCCTGGCGCTGGATCTCAGCAATCTGACCGATAAGCCGCAGACCCTCAACGTTGCGCTGGCCGCCAGCGGTCTGCTGCAGCTTGAAGGGGGAGAAATACCGCCGGTGCATCTGGCTCCCGGCGCGCGCAGCACGCTGTTTGTGCCGGTTCGCGCGCAGCAAGGCTTTGGCGATGGTCAGGTGAATGCCACCATCAGCGGCCTGAACCTGCCGGGTGAAACCTTCGCGCCGATGCAGAAGCAGTGGCAGCTGGGCGTGCGTCCGGCTTTCCCGGCGCAAACCGTGAATTCCGGCGCTGTCCTCCAGCCGGGTGAAAGCTGGCAGGCTCCGGCGGCGCAAAGCGAGGGCTTCTCGCCCGCGACGTTGCAGGGGCAGCTGGTGTTCAGCGGTAAGCCGCCGCTGAACCTGGCGCGCTATATACGCGACCTGAAAGCCTATCCTTACGGCTGCCTGGAGCAGACCACCAGCGGGCTGTTCCCGTCGCTCTATACCAACGCCGCCCAGCTTAAAGCCCTGGGGATCGGCGGCGATAGCGATGAAAAGCGACGCGCGGCGGTGGATATCGGCATTTCTCGTCTGCTGCAGATGCAGCGCGATGATGGCGGTTTCGCCCTGTGGGATAAAGAAGGGCCGGAGGAGTACTGGTTGAGCGCCTACGCGATGGACTTCCTCGTCCGGGCGGGCGAGCAGGGCTACAGCGTACCAACGAACGCCGTCAATAACGGCAACCAGCGCCTGCTGCGTTATTTACAGGAGCCGGGGCTGATGACCGTCCGCTATAGCGATGATGCCCAGGCCAGCCGCTTTGCCGCTCAGGCCTACGCCGCGCTGGTACTGGCCCGGCAGCAGAAAGCGCCGCTCGGCGCGCTGCGCGAAATCTGGAGCCGTCACGACCAGGCGCGTTCCGGTCTGCCGCTGCTGCAGCTGGGCGTGGCCCTGAAATTGATGGGCGATGCGCCGCGCGGCGGCGAAGCCCTGAAGCTGGCGCTGACGACGCCGCGGCAGGACGCGAATCGCTGGCTCGGCGATTACGGCAGCGAGCTGCGCGACGATGCGCTGAAGCTGGCGCTGCTGGAGGAGAACAAACTGCTGCCGGAAGCGCAAAATACGCTGCTCAGCCATCTGGCGGACGAAGCCTACGGCCAGCGCTGGCTCTCGACGCAGGAGAGTAACGCCCTGTTCCTGGCCGGGCGTACGCTGCAGGATCTCCCCGGCAGCTGGCAGGCGCAAACCTCCGTGCAGGCCGAACCGCTCTCCGGCGAGAAAGCGCAAACCCGCAACCTGACCGGCGACCAGCTGGCGGCCTTGCAGGTGACCAATACCGGCCAGCAGCCGCTGTGGCTCCGTCTCGACAGCAGCGGATATCCGCAGAACGCGCCGCAGCCGGGGGGCAACGTACTCGGCATTGAACGGCAAATTTTCGATACCCAGGGCCAGCAGAAATCGCTCTCTTCGCTGCGCAGCGGCGAACTGGTGCTGGTGAAGCTGGAAGTGACGGCTAAGCGTAACGTCCCGGACGCGCTGGTGGTGGATTTACTCCCGGCGGGGCTGGAGCTGGAAAACCAGAATCTGGCCAACAGCAGCGCCAGCCTGCAGGAGAACGGCGAGGTGGTGCAGAATCTGCTTAACCAGATGCAGCAGGCCGATATTCAGCACATTGAGTTTCGCGACGATCGCTTCGTCGCCGCGGTGGCTATCAATGAAGGCCAGCCGGTGACGCTGGTTTATCTGGCGCGCGCGGTGACGCCGGGCACCTATCAGGTACCGCAGCCGCAGGTCGAGTCAATGTACGTGCCGCAGTGGCGGGCAACCGGCGCGGCCAGCGGACCGCTCACCGTTGCACCCTAAATGCGGGCACTGAAGCGCATTAAACGCCGCTGGCGCTGGCTGGCGGCGTTTATTTTTTTGCTGTGGCTGCTGCTGCTGGCCGCCGATCGCCTGTGGCCGCTGCCGCTGCGCGAGGTGACGCCTGCCCGAGTGGTGGTGGCGGAAGACGGGACGCCGCTGTGGCGTTTCGCCGACGTGCAGGGCGTTTGGCGCTATCCGGTGACCCTGGCTGACGTTTCGCCGCGCTATTTACAGGCGCTGATCCAGTATGAAGATCGCTGGTTCTGGGATCACCCCGGCGTTAATCCGTTCTCGATCGTTCGCGCTGCCTGGCAGGATCTCACTTCCGGGCGGGTGATCTCTGGGGGCAGCACCCTGACCATGCAGGTGGCGCGCCTGCTCGATCCGCATCCCCGAACCTTTGGCGGCAAGCTGCGTCAGCTATGGCGCGCGCTGCAGCTGGAGTGGCATCTGTCAAAAAGCGAGATCCTCACGCTCTACCTCAACCGGGCGCCGTTCGGCGGTACGCTGCAGGGGATCGGCGCAGCCAGCTGGGCCTATCTCGGTAAACCGCCCGCGCAGCTCAGCTATGGCGAAGCGGCGCTGCTGGCGGTACTGCCGCAGGCGCCGAGCAGGCTGCGTCCGGATCGCTGGCCGGAGCGAGCGCAGGCGGCGCGCGATAAGGTGCTGCTGCGGATGGAAAATCAGGGCGTGTGGCCGGCGCAGCCGGTACGAGAAGCTATCGAAGAGCCCGTCTGGCTCTTTCCGCGGCAGATGCCGCAGCTGGCGCCGCTTTTTGCCCGCCGCGCGCTGGCGAGCAGCCGCGCAGAGAAGGTGGTAACGACGCTGGATGCCGGACTGCAGCGGCAGCTGGAAGACCTGGCGCTGAACTGGAAATCGCGTCTGCCGCCGCGCAGCTCTTTAGCGATGATCGTGGTCGACCATACCAATATGAAGGTGCGCGGTTGGGTAGGGTCGGTGGATATCAACGATGATAGCCGCTTTGGTCATATTGATATGGTCTCGGCGATCCGCTCCCCGGGCTCGGTTCTGAAGCCGTTTGTTTATGGTATGGCGCTGGATGAGGGGCTGATCCATCCGGCTTCGTTGTTACAGGATGTGCCGCGACGGTTTAGCGACTACCG
NZ_CP180088.1_gap43	1456410	1458836	2426	GTGATGCTCCAATAAGGAAGATGGCTGCACCTAATATTAAATCCTGACGGGTGATTCTTAATTTCTTAAAATAAAAAAAAGAGCCAATAATTACTACTGAGGAATAGATGTAAAATATATTCCGACCAAGCAATTGCTCAGGGATGATAATGCTATTTGATATTACTGCTAAAAGTAATACGAAATTTATATATTTCTCCTTTATCATATCAATTTACATCTCAATCTCAAACTTTGACGTTTTTCCTAACTTACAACTTAGCGTGTCCGATACTTTCTGACATGCAAATTCAAAAAGTGTATTATTCTCAAGATCATCATTCAGGCAGATTTGCGGAACGTTGCTTTTCAGGGCCTGAATGGCGTGATCAAGCTGCTGCCGATCGCCAGTTAAATTAAAATGACTGCCTAATCTTTTAGGATTGCATGGATTAAATTTTCCTGAAGCTAAATGCCAATATCTGAAAATATATTGATTTAAATTATAGCCGTCTCTGAATCTGGATTTTGAGGTTCTTTCCAGTATTTCTCTTATTTCACCATGAGACCAAACTTCCTCAAAAGTAGATTTTAGGAAGGGTTGTGGTAAATGCCTTCCGAAAAAACCAGTGAAGTTTCTTGCTTTCTTTTTAGATATATTTTTCTTAATATATCGACCATATTGCAAGTTATAATATTTTGTTATGTTTTTTTTGATGGACTCTCTGCGATTGAAAAATGTATTAATAACTGAGGCATTGGTCGTTAACATTAGGTTTGAAATGTTATTATCAATTGATATAGGGTTAATGTCATTCTCGATTAAAAAATCATTAGGTAAATTTTTTTTAAAGTAAAACTCTGGAGTGATGGGAGAGTTTAATAACATATCGTCATTGAAATATACAAACTGATCACTTAATCCTTTTATTTTATGAATATTAACTTCAATTGCTCGTGAATTGAATGTAGGTAAATATTCTTTATCAATGATGTCGCTATGTCGGACAAGATTTATTTTATGATAGCTTTTATCCAGCCATGAAGGAACCTGTCCACAGGTGACCAGATGGACTTTGCGAACCCAAGGTGCGTAATTTTCGACAGCCCTGAACCAGTATTTAAACAACCCCATATCTCTGAAGCGTGATGGCGTGACTGCCAACTTATAAGTATCACTGTAGATAGTTTTATAACGTATAAAATCGTCCTGCCAACACCTATCATCGGAGTCGACCCATAAAACAACAAAATCAATATCGGACACCGCTCTCTCCTTTAATAGCCAGGTTGGTTATTTTAATCTCTGTTAATATTTGTTTTGTGAATGTTTTATCTAAACATATTTTCGCTATGTATTAAATTATTGTGAAATCTCGTTTTATGTGATAGTTATCAAAGTTAATTTTGACGGTAATTTATCATTGCTGATTTTTATTTTTTGATGTTGGGTGCGTTTTTATATTTATGTGATGTTTTTATAAGTTATTGAATGCAAACGTTGAGTTTGCTAATGGTTAATTGTCAGAAGGCTTTGTTAATAACGTTGTTATCAGAATTACCTTGTAACATTTTTGATAATCTTCTTATCAAAGTTTTGCACTGTTCTTCGATAATCAATCTCTAACTCTTTATCAAAAGGTATCGCCAGATAAGTTGAGTCGATGGCAAACGTATTCATTATTGATCGCGCTCAGGGGCGATTATGAACAATTATCTCGGCGGATATATTTTCGGTGAGCACAGCCTAATTGAACGTGATCTGGAAGAAATTCGCGGGCTCACCCTGCGGCGAACCAGTGAGGCTGAACAACCCCTACAGCGACAGCAGCAACTTCGCGGACTGTACTCGCTATTGACGTGATAAACTAGCGGTATTCAATGTGAGAAGGAGTCACCATGGAATTTGATTGCCCCGTGTGCCATACGCAGCTTGCTGTGCAGGGCAATAGCGCCCACTGCGAGCGTTGTGCGAAAGAGTATGTTGTCGAAGCCCGCTGCCCGGACTGCCACAAGCCGCTGGAGGTGTTAAAAGCCTGCGGCGCGGTGGATTATTTTTGCCAGAATGGCCACGGGCTGATTTCGAAAAAACGCGTCGAGTTTGTGCCGATTTAATCTTTATCGCTGACGCAGCCTTCGCCGTCGCGCCAGAGTTCAACCAGTGAATCTGGCGCACGATCCTCCGGGATGAGAATAATCAGGCTGTGGTAGCGCTGCTCGCTGACGATCTGGATGCGAAAAAAACGCTGGTCGCCCCGGCCAGGCGAGTCGGGCTGGCCGGGCGGCTTGCCCAGCGGTAGCGACTGTTGGAGAATCGTCGCGATCCGCTGCTTCTGTTGCTCGTTGAGCTTCGCCACGACGATCTTACGCATTCCGCTGAGCGCTGGGATCCAGGCAACGCCACCCTCGCGCGCCAGCTCAATCACCGCGTCATCGCTAAGATCGGC
NZ_CP180088.1_gap44	1460176	1464305	4129	ACGTTGCTCGCCAAGACGCGCGCGGATGTTTTCCGCCAGCCGGTATTCCAGTTGTTGAATACGGCTCTGGGCGCGGTGAATTCGCGGCTGTGGGTTTTGTTGATTCAGGCGCTGCGCGGCGCGCTGCTGGCGCTGGTCGGCGCGCTTTATTTGCGTCTCAAGAGCGAAACGCATGCGCTGACGCAATCTTTCAAGCTCCGTTTGCTGACGGGCCAGCCGCAGCTGAGGATGCTGCTGCTGCAGGCGGTGAAAAACCTGGGTAAAGCGACGATGGCGGTTGGCAAGGAAGTAGTCCATCGCCATTTCAAGGCGCTGCTGCCCGGACTGGAGCTGGCGCAGCAGCTCCTGCTGGTTGCGGCTGACCATTTCCGCCGCCGCGGAAGGCGTCGGGGCGCGCAGGTCGGCGACAAAATCGGCGATAGTGACGTCAGTCTCATGGCCTACGGCGCTGACGATGGCAATAGGGCTGGCAAAAATCGCCCGCGCCACTCGCTCATCGTTAAAGCTCCATAAATCTTCCAGCGAACCGCCGCCGCGCCCGACAATCAGCACGTCGCACTCCTGGCGCGCGTTGGCCAGCTCAATCGCGCGAACGATCTGCCCCGGCGCATCTTCCCCCTGGACGGCGGTCGGGTAAATAATCACCGGCAGGGAAGGATCGCGGCGCTTGAGCACGTGTAAAATATCGTGCAGCGCAGCACCGGTTTTAGAGGTGATGACGCCGACGCAGTGCGCGGGAGAGGGGAGCGTTTTTTTATGCTGCTGATCGAACAAGCCTTCCGCCGCCAGCGCGGTCTTGAGCTGCTCATACTTCTGCTGAAGCAGACCTTCGCCCGCAGGCTGCATGCTTTCCACGATGATCTGATAATCGCCGCGCGGCTCGTACAGCGTGATATTGGCGCGGACCAGCACCTGCTGCCCGTGCTGCGGACGGAACGTCACGCGGCGGTTGCTGTTGCGGAACATCGCGCAGCGCACCTGGGCGTTATCGTCTTTTAGGGTGAAGTACCAGTGGCCGGAAGAGGGCTGGCTGAAATTGGAAATCTCGCCGCTGATCCATACCTGGCCCATTTCACGTTCGAGCAGCAGTCGAACCGACTGATTGAGGCGGCTAACCGTGTAAATTGAGGGGGATTGAGATGGCAACATGTGAGCAAGATCAAATTCTAAATCAGCAGGTTATTCAGTCGATAGTAACCTGCTGGGAGGGGATCGCAAGTATTATTTGCAAAAAAGGGTAGATGCAATCGGTTACGCTCTGTATAATGCCACGGCAATATTTATCCACCCTGGTCGAGATATTGCCCATGCTACGTATCGCTAAAGAAGCCCTGACGTTTGACGACGTCCTCCTCGTTCCCGCTCATTCAACCGTTCTGCCAAATACCGCCGATCTCAGCACTCAGCTGACGAAAACCATTCGTCTGAATATTCCAATGCTCTCTGCTGCAATGGATACCGTGACGGAAGCGCGTCTGGCAATTGCCCTGGCACAGGAAGGCGGCATCGGCTTTATTCATAAAAACATGTCCATCGAGCGCCAGGCGGAAGAAGTTAAGCGCGTGAAGAAGCATGAGTCCGGCGTGGTTACCGACCCGCAGACCGTCCTGCCGACCACCACCCTGCGCGAAGTGAAAGAGCTGACTGTACGCAACGGTTTTGCTGGCTATCCGGTGGTGACCGAAGACAACGAGCTGGTCGGCATCATCACCGGTCGCGACGTGCGTTTCGTCACCGACCTGAATCAGCCGGTGAGCGTTTATATGACGCCGAAAGAGCGTCTGGTGACCGTTCGCGAAGGCGAAAGCCGCGAAGTGGTTTTTGCCAAAATGCATGAAAAACGCGTTGAGAAAGCGCTGGTTGTGGATGACAGCTTCCATCTTCTCGGCATGATCACCGTTAAAGATTTCCAGAAAGCGGAGCGTAAACCGAACGCCTGTAAAGATGAGCAGGGTCGCCTGCGCGTCGGTGCGGCGGTGGGTGCGGGCGCCGGTAACGAAGAGCGCGTGGATGCGCTGGTTGCCGCGGGCGTAGATATTCTGCTGATCGACTCCTCTCACGGCCACTCTGAAGGCGTATTGCAGCGTATCCGCGATACCCGTGCGAAATATCCTGACCTGCAAATCATCGGCGGCAACGTGGCGACCGGCGCGGGCGCACGTGCGCTGGCGGAAGCCGGCTGCAGCGCGGTGAAAGTGGGTATCGGCCCTGGCTCCATCTGTACGACTCGTATCGTGACCGGCGTGGGCGTTCCGCAGATCACCGCCGTTTCTGACGCGGTTGAAGCGCTGGAAGGCACCGGTATCCCGGTTATCGCCGACGGCGGTATTCGTTTCTCCGGCGATATCGCGAAAGCGATTGCCGCAGGCGCAGCCGCCGTCATGGTTGGCTCAATGCTGGCCGGTACCGAAGAGTCTCCGGGCGAAATCGAACTCTATCAGGGCCGTTCGTACAAATCTTACCGCGGTATGGGTTCCCTTGGCGCGATGTCTAAAGGTTCCTCCGATCGCTACTTCCAGACCGATAACGCCGCCGACAAACTGGTACCGGAAGGTATCGAAGGCCGCGTCGCCTATAAAGGCCGCCTGAAGGAGATCATTCACCAGCAGATGGGCGGCCTGCGCTCCTGTATGGGCCTGACCGGTTGTGGTACCATCGACACCCTGCGGACCAAAGCGGAATTCGTGCGCATCAGCGGCGCGGGTATCCAGGAGAGCCACGTTCACGACGTGACTATCACCAAGGAATCCCCGAACTACCGCATGGGCTCCTGATTTTCATCGCCCGGCCACGCGCCGGGCGATTTATTTAACCTGTATCACTTGCCTCGGAATTATCGTCAATGACGGATAACATTCATAAACATCGTATTCTTATCCTGGACTTCGGTTCTCAGTACACCCAGCTGGTTGCGCGTCGCGTTCGTGAATTAGGTGTCTACTGTGAACTGTGGGCATGGGACGTGACTGAAGCTCAAATTCGTGAGTTTAATCCTAACGGCATTATTCTTTCCGGCGGCCCGGAAAGCACCACCGAAGATAACAGCCCGCGCGCGCCGCAGTATGTCTTTGAAGCCGGCGTGCCGGTATTCGGCGTATGTTACGGCATGCAGACCATGGCGATGCAGCTGGGCGGCCACGTTGAAGCCTCTAATGAACGTGAGTTTGGCTATGCGCAGGTTGAAGTGCAGACCGATAGCGCCCTGATTCACGGTATCGAAGATGCGCTGAGCGCGGATGGTAAGCCGATGCTGGACGTCTGGATGAGCCACGGCGACAAAGTCACCGCCATCCCGTCTGACTTCGTCACCGTTGCCAGCACCGAAACCTGCCCGTTCGCCATTATGGCTAACGAAGAGAAACGTTTCTACGGCGTACAGTTCCACCCGGAAGTCACCCACACCCGTCAGGGTCTGCGCATGCTGGAGCGTTTCGTACGCGATATCTGCCAGTGTGAAGCGCTGTGGACCCCGGCCAAAATTATCGACGATGCCATCGAGCGCATTCGTCAGCAGGTTGGCGACGATAAAGTGATCCTCGGCCTGTCCGGCGGCGTGGATTCCTCCGTGACCGCCATGCTGCTGCACCGCGCCATCGGCAAAAACCTGACCTGCGTCTTTGTGGATAACGGTCTGCTGCGTCTGAATGAAGCCCAGCAGGTTATGGATATGTTTGGCGATCGCTTCGGCCTGAACATCGTTCACGTCGAAGGCGAGGCGCGTTTCCTGGCCGCGCTGGCGGGCGAAAACGATCCGGAAGCGAAGCGTAAAATCATCGGCCGCGTGTTCGTTGAAGTGTTTGACGAAGAAGCGCTGAAGCTGGAAGACGTGAAATGGCTGGCGCAAGGGACCATCTACCCTGACGTCATCGAGTCCGCGGCTTCCGCAACCGGTAAAGCGCACGTCATCAAATCTCACCACAACGTGGGCGGCCTGCCGAAAGAGATGAAGATGGGCCTCGTTGAACCGCTGCGCGAGCTGTTCAAAGATGAAGTGCGTAAGATTGGCCTCGAACTGGGTCTGCCGTACGATATGCTGTACCGCCACCCGTTCCCGGGGCCGGGTCTGGGCGTGCGCGTGCTGGGCGAAGTGAAGAAAGAGTACTGCGACCTGCTGCGCCGCGCGGACGCA
NZ_CP180088.1_gap45	1499373	1499980	607	GGATACTGAGCGACAAAACGTTCGGCGGCGACGACCATTGCCGCGAGCGAGCCTTTCATATCCGCGGCGCCGCGGCCAAACAGCATGCCGTCGCGAATGGTGGGTTCAAAGGGGGGATTAATCCAGCGATCGGCGTCCCCCGACGGGACGACATCGGTATGGCCGGCAAACGCCAGCGTTTCCCCGCGCCCGCGCCAGGCCCAGAAGTTTTGGGTATCCCCGAAATCCATCGGTTCAACGGTAAAGCCAATCGCACGCAGGCGTTCAATCATTAACGCCTGGCATCCCGCATCATCGGGGCTGAGGGAAGGGCGGCGAATAAGCTGCTGAGCCAGCTCAATGACCGGGCAAGACATAGACTACACCTCGTTAAACTGCTGATAACTTGATTCACTGAAACCCAGCAGCATAGGCTGACCGGGCGCGCAGAGCAATGGGCGTTTAATGATTGCCGGCATTTCCAGCATCAGTTTTGCCGCAGCGTCGGCGTTATTGATACCGGCGCGGACCGTTTCATCCAGCTTGCGCCACGTCGTCCCCCGGGTGTTAAGCAGGGCTTCCCAGCCGAGTTCAGCGATAAAGCTATCTAATAAAGTGCGATCCAGAC
NZ_CP180088.1_gap46	1652316	1654251	1935	TGTGTTTTAATCATGGTTGTCGAGTGAGCGAAATTCGTCACTGGAAGCTCTCTGATATCGATATTCAAAGCGGGGTCATTTATATTCGTCGACTGAAGAACGGCTTTTCAACCACTCATCCTATTTATAAACAAGAGGTAAAAGTACTCAACGAATGGCTGCGCGTGCGTAATAATTATCCCGGAAATAATTCTGGCTGGCTCTTTCTGTCACGAAATGGCCAGCCTTTATCCCGGCAGAGAATATACCAGATGATGAAGAACCTGAGCCTCGTCGCCCAGCTGGAAATTAACGCGCATCCGCATATGCTGCGCCACGCATGCGGTTTCGCGCTGGCTAATAAGGGGGTGGATACGCGATTAATTCAGGACTTTCTGGGACATCGGAATATTCAGCACACGGTTATCTATACAGCCAGTAATGATGCGAGGTTTAGAGAGGTTTGGTAAACGGAATAGTCATTTTGTATCAAACTGACTCCTATGCTATCCACAGGTAGTAACAATGTCAATTTATGATTAACAATATTTTTTACTATTATTTTCATATAGTTATATTAAGTATAGGTGTCATTTATTTTTTAATTGTTTTAATTGGCTTTATGTATGGTTTGTTCCGCCTCTCATTCTTTAGCTTTTTATCGTGTTTATTGGGATTTTTCCTGATAAATATGAAATCAAAAACGCCTTCCCTGGCAATTTATATTCTAATTAATTGAAGTGGTCATATTGATACATAATGACCACTTCAAAATATTATATCCATTTCATGGGTCAATGTTTTGTTGCGTTATTAATATCAAACGTAAATAAAAGGATGCGCAGGGTATTGCGCTTATAAGTTAATGCATCGACTGCATTGAAAAGGATAAATCATGAAAAAAACATTACTTGCTGCTGTTGTCGCCGGTTGCGCGGCGTTCTCTGGTGCTGCGCTGGCGGATGACGGTCAGGTGAAGTTTATCGGCGATATCATCGATGCGGGCTGCGACGTGGTGAACGACCTGTCCAACCCGCTGGAAGTTCAGATGGGGCAGATTGCCAAGACCGCGTTTAGCGGTACGGGGTCTACTGCGGCTGAACAGAATTTCGCGATTAAACTGGAAAACTGCCCGACTACCGTCACCAAAGCATCGGTACTGTTCTCCGGCGCTAACGTCAACGGTGATAATGATAAACTGCAGCTGACCGGAGCGGGTACCGATCCTGCCGTTGCCGAAGGCGTGGCCCTGCAGCTGGTTGACGCCAGCAGCAACGCGACGCTGCCGCTCTATACGCGTTCTGCCAGCCTGACCATCCCCGCTACCGGCAATATCGATCTGCCGTTCCGCGTCCGTTATATCCAGACTGAAAGCACTATCGTTGCGGGTAAAGCTGACGGTACAGCCAACTTTACCATCAGCTATAACTAATTTTCCGTCTAAATGACAGTGTTAGCGAGCCCTATGTGGCTCGCTTTTCCAGGGAGCTGGAGATGCAAAAATACCTGAAAGTGCTAATAGCTGGATGGCTGTTGGTCGGCGCTGCGGCGCATGCGGGCGTGGTGACCGGCGGTACTCGTCTGATTTATCCCGGCGGTAAAAAAGAGTCCTCACTGAGCGTAACTAATAATGATGCTACGCCTTATCTCATTCAAAGCTGGGTTGAAAGTAATAAGGGCGCAGCCCCATTTCTGTTAACGCCGCCTTTATTTCGCCTTGAGGGCGAGCAGCAAACCCGACTGCGGGTAATTTACAGCGGCGGCTTACCGGAAAATAAAGAAAGTATGTTCTGGATGAACATCAAAGCGATTCCCTCCTCGCAGGCTAAAGCCGGCGCCAATACCCTACAGATCGCTATCAAAACGCGCATCAAATTAATTTATCGACCTAAATCCATTGAAGGAACGCCGGAGATGGTGACGGAGCAGCTTCGCTGGACGCGCAGCGGCAATACG
NZ_CP180088.1_gap47	1678013	1682061	4048	GATTGGCTGGAAACCATGACCCGTTTCTTTGCCGAGCGCGGAAGACCCATGGCCGCCAGCAATCGTAAACAGGCGGAAATTCCGCAAAGCGCCGAGATGATCAACAACCCGGTCGGGACCGCCTGCGGTTTTGCCGTGCAGCTAAACCGCTGCCTGATGTTTTTCACTCCCGGCGTGCCTTCCGAATTTAAGGTGATGGTTGAACAGGAAATCTTACCGCGCCTGCGCGAACGTTTCCCGCTATCCGCTGCGCCGCTGTGTTTGCGCCTGACCACCTTCGGCCGTTCCGAAAGCGAACTGGCGCAGAGCCTCGACCATCTGCAGCTGCCGCCGGGCGTCGTGATGGGCTATCGCTCCTCGATGCCGATTATCGAACTGAAGCTGACCGGGCCTGCCGAACAGCGCGAGGCGATGCTGGCGCTGTGGCCGGAAGTGCAGAAGGTGGCCGGAGAGAGCATGATTTTCGAAGGTACCGAAGGCCTGCCTGCGCAGATCGCCCGTCGCCTGCAGCAGCGTCAGCTAAGCCTGACGCTGAGCGAGCAGTTCACCGGTGGTCTGCTGGCGCTTCAGCTTTCTCGCGTCAACGCTCCGCTGTTGGCCAGCGAAGTCATTCCGGCGCAGGAGGAGACCCTGGCGCAGTCTGCGCGCTGGGCGGCGGAACGGCGCGAAAAACACTTTGCCGGCCTGGCGCTGGCGGTGAGTGGTCAGGAGAGCGATCACCTGAACTTTGCGCTTTCCACGCCGGACGGCACCCACGCGCTGCGGGTGAAATTCACCACCAACCGCCACAGCCTCCAGGTGCGTCAGGAAGTGTGCGCGATGATGGCCCTCAACATGCTGCGCCGCTGGCTGAACGGCCAGCCGGTGGCCGGTGAACACGGCTGGATTAACGTCGTCGAATCTCTCTCAGCGTAAACCCACCTCCGCGTCGGGAGCCCCTCCCGGCGCGCGATGAGTCCAGCCTGTTGTACTTGCTTTAAAAAATTCTGTGCACTATCTCGCATTTTTCTCCCTCTGAACGTCCACCCGGCTGGAATAGCGTCGTCATTTGAAGTCGCTCACAATTTACACGCCCGACAACCGCAACACTGATTCCAGTATTCAGGATTGGAGTCCAGTATGTTGGAATCAAGCAAAGTCCCGGCGCTGACCCGCGCCATTGATATTCTCAATCTGATCGCCCGCATCGGCCCCTGCAGCGCGGCGACCATTATTGACGAACTGGGTATTCCGAAAAGCACCGCCTATCTGCTGCTGGGAGAGCTGAAAAAACAGCGCTTCCTCAGCATGGATAATCAGGATAACTACTGCCTGTGGACCAAGCTGGTTGAGCTGGCCGGGCAGGCGCTGAGCAAAATGGACCTGCGCGAACTGGCGCGCCCGCGCCTGACGCAGCTGATGGATCAGTGCGGGCTGCTCTGCCACCTGGGCATCATCGACAGCGGCAACGCCTACTACATTCTGAAGATTGAATCCCCGGCCACCATCAGCGTGCGTTCGCATGAAGGTAAGAGCCTGTCGTTATATCGTTCCGGCATTGGTAAATGCCTGCTGGCCTGGCAGCCCGAGCGGGTTCAGGAGTCGATTATCAGCGAGCTGCAGTGGGAGCGGGCGACGCCAACCACCATCACCAGCGCCCAACAGCTTCGCGATGAACTGGGCCGTATTCGCGCCCGCGGCTGGAGCTTCGATAACGGCGAAGACTATCCCGACGTTCGCTGCGTGGCGGCGCCGGTTTTTAATGCCAATAACGAGCTGACCGCCGCCATTTCCGTGGTGGGTACCCGTCTGCAAATCAATGAAGACAATCGCGATTACCTCGCCGGTAGGGCGATTGCCTGCGCCAAAGATATTTCCCGTCTGCTGGGGTGGAAAAGCCCCTTCGAACAACAAGCCTCATAATAAGGAGAAGATCATGACCCTACCGAAAATTAAACACGTCCGCGCCTGGTTTATTGGCGGTGCTACCGCAGAGAAAGGCGCTGGCGGCGGCGATTATCATGACCAGGGGGCAAATCACTGGATTGACGATCATATCGCCACGCCGATGAGCAAATATAAACAGTATGAACAGTCCCGCCAGTCGTTTGGCATCAACGTTCTTGGCACGCTGATCGTTGAGGTCGAAGCCGAAAACGGGCAGACCGGCTTTGCGGTATCGACCGCCGGCGAGATGGGCTGCTTTATCGTGGAAAAACACCTCAACCGCTTTATCGAAGGCAAATGCGTCAGCGATATCAAACTGATCCATGACCAGATGCTCAACGCCACCCTGTACTACTCCGGATCCGGCGGCCTGGTGATGAATACGATTTCCTGCGTCGACCTGGCGCTGTGGGATCTGTTCGGCAAAGTGGTTGGGCTGCCGGTTTACAAACTGCTGGGCGGCGCGGTGCGCGATGAAATTCAGTTCTACGCCACCGGGGCGCGTCCGGACCTGGCGAAAGAGATGGGCTTTATTGGCGGCAAAATGCCGACCCACTGGGGGCCGCACGATGGCGACGCGGGGATCCGCAAAGATGCTGCGATGGTGGCCGATATGCGCGAAAAGTGCGGCCCGGACTTCTGGCTGATGCTGGACTGCTGGATGAGCCAGGACGTTAACTACGCCACTAAACTGGCCCACGCCTGCGCGCCCTCTAACCTTAAGTGGATCGAGGAGTGCCTGCCGCCGCAGCAGTATGAAGGCTATCGCGAGCTTAAACGCAATGCGCCAGCCGGCATGATGGTCACCAGCGGCGAGCACCACGGTACGCTGCAATCCTTCCGCACGCTGTCGGAAACCGGCATCGATATTATGCAGCCTGACGTGGGCTGGTGCGGCGGCCTGACCACGCTGGTGGAGATTGCGGCGATCGCCAAATCGCGCGGCCAGCTGGTGGTGCCGCACGGCTCGTCGGTCTATTCGCACCATGCGGTCATTACCTTTACCAACACGCCTTTCAGTGAGTTCCTGATGACCAGCCCCGACTGCTCAACGATGCGTCCGCAGTTTGACCCGATTCTGGTTGATGAGCCGGTACCGGTGAACGGGCGCATTCATAAAACCGTGCTGGACAAACCGGGCTTCGGCGTGGAGCTGAACCGCGACTGTAATCTGAAACGTCCTTATAGCCACTGATCCCGTCGTGCCGCACAGCGCAGATGTGCGGCCTATTGTTGAGGATATTACGATGAGCAACGCCTTGCTTGAGAGCGTGGTGAAGAAAAACCGCGCCCGTTTGATCCCCTTTATGCTGGCGCTGTACGTGCTGGCGTTTCTTGACCGTTCGAATATCGGCTTTGCCAAAGAGACCTATCAGCTGGATACCGGCCTTAGCAACGAAGCCTATGCGCTGGGGGCGGGGATTTTCTTTGTGGTCTACGCCTTTCTCGGGGTGCCCGCTAACCTGCTGATGCGCAAATTCGGCGCAAGAAAGTGGATCGGCTGCACCACCTTGCTGTGGGGGCTTCTCTCCGCGGCGATGGCGTGGGCGGATACCGAAGCGAAGTTTCTGCTGGTGCGCACCCTGCTGGGCGCCGCGGAAGCGGGTTTTTTCCCGGGCATGATCTACCTGACGTCCCAGTGGTTTCCGCAGCAGAACCGCGCCAGCATTATGGGGCTGTTTTATATGGGCGCGCCGCTGGCGCTGACCCTCGGGTCGCCGCTCTCTGGCGCGCTGCTGGAAATGCATGGTTTTATGGGGCATCCCGGCTGGTTCTGGATGTTTATCATTGAGGGGCTGCTGGCGGTCGGCGCGGGGTTCTTCACCTTCTTCTGGCTCGACGATACGCCGCAAAAGGCGCGCTTCCTGAGCGCTGCCGAAAAACAGGCGTTAATCAGCGAGCTGGCCAGCGAAGAGCAGAAAAAGGTGACCTCGCGTTTGTCCGATGCGCTGCGTAACGGCCGCGTCTGGCAGCTGGCGATTATCTATCTCACCATTCAGGTGGCGGTTTACGGCCTGATCTTCTTCCTGCCAACCCAGGTTGCCGCGCTGCTCGGCACCAAGGTGGGGTTCGTGGCGTCGGTGGTGACCGCGATCCCGTGGGTGGCGGCGCTGTTCGGTAC
NZ_CP180088.1_gap48	1822969	1823482	513	AGTACAATCTGGTGGTGACCTTCCACAGCCGGGAGACAGAAGAGTGGGGCGTGCGCGACGGCAGTAAAGAAGAGGTGCTCTCCTACTTTAAAGGCATTCACCCGCGTCCCCGGCAGATGCTGGATAAGCCGACCTCCTGGCGGCGCTGGTCCACCGCCGACCGCGAGCCGGTAGAGAAATGGGGCAACGACCGCATCACGCTGGTTGGCGATGCCGCTCACCCGGTGGCGCAGTATATGGCCCAGGGGGCCTGTATGGCGCTGGAAGACGCGGTGACGCTGGGTAAAGCCCTGGCGCAGTGCGACGGCGACGCCGCCCGCGCTTTCGCGCTGTATGAGTCGGTACGTATTCCGCGTACCGCGCGGATCGTCTGGTCGACGCGTGAAATGGGGCGGGTCTATCACGCCGCCGGCGTTGAGCGCCAGGTACGCAACCTGCTGTGGAAAGGCAAGACCCAGAGCGAGTTTTATCGCGGCATCGAGTGGCTGTACGGCTGGAAAGAGGATAACTGCC
NZ_CP180088.1_gap49	1883146	1886151	3005	TGGCCATCGCCCGGCGCGACCGGCATGCGTTCGCCTTTGCCGTTTTCCATATGCTCGAGGGTAAAGTTAACGTTGCCCTGCGGGGTCATCAGCTCAAGGCTGTCGCCGACGGAAAATTTGTTTTTCACCGCCACCGCCGCCAGCTGGCCGTTGCGCTCGCCGGTAAATTCGCCGACAAACTGCTGGCGTTCGGAAACAGAGTAGCCGTGCTCGTAGTTCTGGTAGTCATCGTGCGTGTGGCGACGCAGGAAGCCTTCGGTATAGCCACGGTGTGCGAGGTTTTCCAGGGTATCCAGCAGGGAGATATCGAACGGTTTGCCAGCGGCAGCATCGTCAATGGCCTTGCGGTAGACCTGAGCGGTACGGGCGCAATAGTAATGTGATTTGGTGCGACCTTCGATTTTCAGCGAGTGGACGCCCATCTGGGTCAGGCGCTCAACGTGGGCAATCGCGCGCAGATCCTTCGAGTTCATGATGTAGGTGCCGTGTTCGTCTTCGAAAGCGGTCATGTATTCGCCCGGACGTTTGGCCTCTTCAATCATAAACACCTGGTCAGTCGGCGCGCCGATGCCCAGCGTCGGCTCGACGTTCTGCACCGGGATCGGTTCGTGCTTATGCACGATATTACCGACGTCGTCTTCTTTACCTTCCTGCACGTTATACTCCCAGCGGCAGGCGTTAGTGCAGGTCCCCTGGTTTGGGTCGCGTTTGTTGATATAGCCAGAGAGCAGGCAGCGGCCGGAGTAGGCCATGCACAGCGCGCCGTGAACGAAAATTTCGATCTCCATTTCCGGCACCTGGCTGCGAATTTCGGCGATTTCATCCAGCGACAGCTCGCGGGAGAGAATAACGCGGGTGAGCCCCATTTGCTGCCAGAACTTGACCGTCGCCCAGTTGACGGCGTTGGCCTGTACCGACAGGTGAATATCCATATGCGGGAAATTTTCGCGCACCAGCATGATCAACCCCGGGTCGGACATGATCAGCGCGTCCGGTCCCATTTCCACCACCGGCTTCAGATCGCGAATAAACGTTTTCAGCTTGGCGTTATGCGGGGCAATGTTGACCACCACATAGAATTTTTTACCCAGCGCGTGGGCTTCGTTGATGCCGAGCTGCAGATTTTCGTGATTGAATTCGTTATTACGCACGCGCAGGGAGTAGCGCGGTTGGCCCGCGTAAACGGCATCTGCGCCATAAGCGAAAGCGTAACGCATATTTTTCAGCGTTCCCGCCGGGGAAAGGAGTTCCGGTTTAAACATGATTTTCTCGTTCTGATGACAGGTCAGATTCGCCGCACCCGGTACGGCGAGTTGGGGAGTGCCCCCACATTAAGGGCGGGCATTGTAGCGCCCTGGGGGAGGGGAGTAAATATCAGTCGGGTATCTTTGGCGATAAGCGGACGGCAAATCAGTTCCGGGTATGCATCAAGCGGCCGCTATCTGCCGGTTTCAGCCGCTGCTTTTTCCCCGGAGGCGGCGCTTGACGCGCCTGTCCGGGCTACCCCGCCCGCAGACGGCGGTGAGCCAGTAGCCCGGCTAAGCGCAGCGCGAGCCGGGGAAAAGTCGGGCAGGGGCTAACTATGCCAGCCGGCAGGCGTCGGCTTCCCAGCGGTACCCTACGCCGTAAACGGCGCGGATAAACGACTGCTCGGCGTCCAGCGACTCCAGCTTACGCCGCAGGTTTTTGATATGGCTATCGATCGTTCGGTCGGTCACCACGCGGTAATCATCGTACAGGTGATTCAGCAGCTGTTCGCGCGAGAAGACTTTACCCGGTTCCTGGGAGAGGGTTTTCAGCAGGCGGAACTCGGCGGGCGTGAGGTCCAGCAGCTTGTCGCGCCAGGAAGCCTGAAAACGACCTTCGTCGACAATCAGCGGGCTTTCCGCATCCAGCGCCTGCAGATCGCGCTGCGGTTTGCAGCGGCGAAGAATGGTCTTCACGCGGGCCACCACCTCACGCGGGCTGTAGGGCTTACAGATATAGTCATCGGCGCCGATTTCTAACCCCAGCAGGCGGTCGATCTCCTCGATTTTGGCGGTGACCATCACCACCGGAACCTCAGAGAAACGGCGGATTTCCCGGCACAGGGTCAGGCCGTCGGTACCGGGCAGCATCAGATCCAGCAGGATCAGATGCGGCGGCGTCTGGCGAACGTACGGGAGAACCCGATCGCCGTGATTAATCAGCGTCGGCGCATAGCCCGCCGCCTGAAGATAATCGATCAGCAGCTGACCCAGCTTGGGCTCATCTTCCACGATAAGAATGCGTGGCGTGTTTTCATCAACAGGTAATTCAGTCATACGTCTCTCGATAAATTACGTTCCAGAGGTAGTTCTACTTTAATGCTAACCCCGCCCAAAGGCGAATGGCCGGCACGCAAACTGCCGCCGTGGGCCGCGACAATGTTAAGGCAAATCGCCAGCCCTAAACCAGAGCCGCCGCTGGCACGATTGCGCGACCCCTCAGTACGATAAAAACGCTCAACCAACCGCTCCAGCTGTTCATCGGTGACGCCGGGGGCGCTATCGGCAAAATCGAGAACCAGCATATCCCCGCTCTGGCTGGCGCTAATCTGCAGGCCGCCGCCGCTATCGGTATAGCGCAGGCTGTTTTCCAGCAGGTTATTAAACAGCTGCATCAGGCGATCCCGGTCGCCGAAAATCGTTGCGCTTTCCGGCAGCGAAACGCCGATCGACAGCCCGCGGCTGGCGAAGCGCTCGCGAAACGCGCCGGCGGCGACCTCCAGCAGATTGATGATATCCACCGAGGTTTTCTGGTAGGAGAGGGCGCCTTCATCGGACATCGACAGCTGGTGTAAGTCATCGACCAGTTTGGTGAGGGTGGCGACTTCCGCCTGCAGGGAGGCGATGGAGTCCGGGGTAAATTTGCGGATCCCATCCTGAATCGCCTCCAGCTCGCCGCGCAGCACCGCCAGCGGCGTGCGCAGCTCGTGGGAAATATCGGCCATCAGGTCCCGGCGCATCTGCTGGTTGCGTTCCAGA
NZ_CP180088.1_gap50	1977039	1977676	637	TCCGACACCGTGACGAGAACGCCGCGGCGTTTGTCGAATCTCGATAACCATGCAAAGCGTGCGCCCTTATCGGCGTGATAAGCAGAAACATTGATCCGGTAGGGGAAAAACCAGCGCTTTTTTCATTTTAAGCGCCCCGCCGGCCCCGCTGCGGGCGGCGGGAGGGCGCGGAAGCGATCGTTTTGGGGCAGGGGTGAGCCGCGATAGTGCAAAGAAACCTGGCACAGCCTTCGCAATACCTCTGCGAGAACGCGTATTTTCAACCCCCTTTCCGACAGGAGCGCAATATGGCGAACATTGGTATTTTCTTTGGCACCGATACCGGTAAAACCCGCAAAATCGCGAAAATGATCCACAAACAGCTGGGCGAGCTGGCGGATGCCCCGGTCAACATTAACCGCACGACGCTGGACGACTTTATGGCCTATCCGGTGCTGCTGCTGGGCACGCCGACGCTCGGCGACGGCCAGCTGCCGGGGCTTGAGGCCGGATGCGAAGGCGAATCATGGAGCGAATTCATCAGCGGCCTCGACGACGCCAGCCTGAGCGGGAAAACCGTGGCGCTGTTCGGCCTCGGCGACCAGAAAGGCTACCCGGACAACTTCGTTAGCGGGATGCGTCCGCTGTACGACGCTCT
NZ_CP180088.1_gap51	2000360	2004856	4496	CGCGGGCGATTATTCACGGCGAGCCGGACGTCTACCATATGTACAGCCAGAAGAGCCTGACCTGGAACGGCATTACCCAGCAGAACCGCAACGGGCTGCTGTGGGATAAGACCATGAACGTCGATGGTCTGAAGACCGGCCACACCTCAGGCGCCGGCTTCAACCTGATTGCCTCCGCGGTGGACGGCCAGCGCCGGCTGATTGCGGTGGTGATGGGGGCCGACAGCCCGAAAGGGCGTGAACAGCAGGCGGCGAAGCTGCTGCACTGGGGCCAGCAAAACTTCGATACCGTCCAGGTCCTGCAGGACGGCAAGCAGGTCGGCGTTGAGCGTATCTGGTATGGCGATAAAGAGCAGATTAAGCTGGGGACCGATCAGGACTTCTGGTTAGCGCTGCCGAAGTCGGAAGTCTCGCGCATTAAGGCCAAATACGTGCTGGATAACAAAGTGCTGGAAGCGCCGATCGCCGCCCATCAGCGGGTTGGCGAAATCTCCCTTTACGATGGTGATAAAGTGGTGGCCCACTGGCCGCTGGTGACGCTGGAAAGCGTTGGCAAGGGCGGCGTGCTGTCGCGCTTTAGCGATTATCTGCATCAAAAACTGTAACTTCTCCGCCGCTCCGCCCGGAGCGGCATCTCGTAGCTGTTTGATTATTATGCCGCTTCGGTTGGCGCTTCGTTTACTTTCACTCCATTACCTTACCCGGTCACCCTTCAGGAAAAAGCCTGGCGCTTGTGCGCCATAAATGGAGCTGGGAAAATGAAATACTTTGCGCGTAGTGCGCTTTCTCTGGGACTTTTCGCCGTTTTTAGCACTTCTGGTTTTGCCTCCGGCCTCGTTCTGGCCGATAACGAATTCCGCAATGATTTAGCCTGGTTATCCGACCGCGGAACCCTCTCTTTAAGTTTGTCCACCTGGCCTTTGAGCGAAGAGGAGATTAAGCGCGCGCTGGCCAATGCCCATCCGACAACGTCCGCAGAGCGGGTGGTTCTGAGCCGGGTAAATCAGCGTTTAAGGGCGCTCAAAGCCGACGTGCGCGTTACCGGTTACAGTTCCACTGATAAGCCGGGAACTCCGCAGGGGTTTGCCCAGTCTTATCCCGCTGACCAGTCGCTTTCTCTCGCCCTGAACAACAGCGGCGAATGGTGGGATCTGCACCTGCAGGGCAATGTTGAAGGCGACAAGCGCATCAGTAACGGTTCGAGCGTGAACGCCAACGGCGCGTACGGCGCGGTTAAGCTGTGGAACCAGTGGCTGGCGTTCGGGCAAATCCCCCAGTGGTGGGGGCCGGGCTATGAAGGTAGCCTGATCCGCTCCGATGCCGCGCGTCCCATGACCGGTTTTCTGCTGCAGCGCGCCGAACAGCGGGCGCCGGAAACCTCATGGCTAAGCTGGATTGGCCCCTGGCAGTACCAGCTTTCCGCCAGCCAGATGAACCAGTACGCCGCCGTACCGCATACCAAAATCTTCGGCGGCCGCCTGACTTTTTCACCGCTCACCTCGCTGGAGCTGGGAGCCTCGCGCGTTATGCAGTGGGGCGGCGAAGGGCGGCCTTCCTCATTCAGCAGCTTCTGGGACGGCCTCACCGGCAATGATAACACCGGCGACTCGGCCGACGATCCCGGCAACCAGCTGGCCGGTTTTGATTTCAAGCTGAAGCTGGCGCCCACCCTCGGCTGGCCGGTGAGCATTTACGGCCAGATGATCGGCGAGGACGAAGCCGGATATTTACCCTCGGCGCACCTCTATCTTGGCGGCGTGGAAGGGCATCACCAGTGGAACAGCAATGCGGTTAACTGGTATCTGGAAGCCCACGATACCCGCTCGAACATGGGCCGTACTAACTACATCTATAACCACTTTATCTATAAAGACGGCTACTACCAGCAGGGCTATCCGCTGGGCGATGCGATGGGCGGCGACGGGCGTTTATATGCCGGTAAGGTGGAGCTGGTAACCGAAGATAATCAGCGCTGGAGCGCGCGGCTGGTCTACGCTGAGGTCAATCCAAAAAACCAGCGAATCAATAAAGCCTTCCCGCGCGCCGATACGCTGAAGGGCGTACAGCTGGGCTGGAGCGGCGATGTTATGCCAACGGTACGCCTGAATACCTCCCTGTGGTACACCGACGCTAACCACAGCGCCAGCGACGATGTTGGGGCCAGCATCGGCGTTGAGCTACCGTTCAGTTTATAATCGTATGGCGGCGATTTTTTCATCTTCTTGCCGCGCGGATTTGTGAATTGCCGCACATACTGTGGGTGATAGTACTGCTAATTTATGTGTATATACATACAGTATTTTATCAACAGTGGAGGCAGCATGGACTATAACGTTAAATCCGTAGGCAAGAAGAAAATTGCTGGTTTTCATCTGGTCGGTCCCTGGGAGCAGACGGTAAAACAGGGGTTTGAACAGCTGATGATGTGGGTCGATAACAGCCAGGTGCCGGCGCAGGAGTGGGTGGCCGTTTACTACGACAACCCGGACGAAGTCCCGGCGGAAAAGCTGCGCTGCGATACCGCCGTCACGGTGGCGGACGACTACCAGATTCCTGAGGGTAGCGAAGGCGTGATGATGACCGAAATCGCCGGCGGGGATTATGCGGTTGCCCGTGCCAGAGTCGAGAATTTTGACTTTGCGACGCCGTGGTACCAGTTCTTCGAGAGCCTGATGGAAAGCAAAACCCATCAGATGGCGATGAAGCCCTGTTTTGAAGTCTATCTTAACGATGGTAACCAGGACGGCTACTGGGATATTGATATGTATGTCGCGGTCGAGCCGGCCGTGAAGTAGAACATTGTCCCTTCGTTTGACAAGGTTTATTACATTCGCGTGATGCTTGCGGCGAAAAAGCAGTTACAATTGGCCTTTTCGTTGTGTCGGAGTAGGTTGTGCGCGCGGATAAATCACTTAAGCCATTTGAAATTCGGCTGTATCGCCATTACCGCATCGTCCATGGCGTGCGAATAGCATTGGCCTTTGTGCTCACCTTTGTGCTGGTGCGCCTGCTTAACGTTCCTGAAGGCACCTGGCCCCTCATCACCCTGGTGGTGGTGATGGGGCCTATCTCCTTCTGGGGAAACGTCGTACCGCGCGCGTTTGAACGTATCGGCGGCACGATCCTCGGCTCGGCGCTCGGGCTGGTGGCGCTCAAGCTGGAGCTTATCTCTCTGCCCATTATGCTGCTGTGGTGCGCGGTGGCGATGTTCCTCTGCGGCTGGCTGGCGCTGGGCAAAAAGCCCTACCAGGCGCTGCTGATCGGCATCACCCTGGCGGTAGTGGTCGGCGCGCCGCCGGGTGATATGACCACCGCGCTGTGGCGAAGCGGCGACGTTATCTTCGGCTCCCTGCTGGCGATGCTGTTTACCGGTATCTGGCCGCAGCGGGCCTTTCTGCACTGGCGTATCCAGATGGCCAGCTACGTCACCGCCTTCAACCGTCTGTATCAGGCGGGCTTCTCGCCGAACCTCGTTGAGCGTCCGCGTCTGGAAAAGCATATGCAGAAGGTGCTTAACGATGTGGTGAAAATGCGCGGATTAATTACCCCCGCCAGCAAAGAGACGCATATCCAGAAGGCCATCTTTGAGGCGATCCAGACCGTCAGCCGTAACCTGGTGTGCATGCTGGAGCTGCAAATCAACGCCTACTGGGCGTCGCGTCCCGGCCACTTCGTGATGCTCAACGCCCATACGCTGCGCGAAACCCAGCAAATGACCCAGCAAACATTGCTGACTATCGCCCACGCATTGTATGAGGGCAATCCGCAGCCGATTCTTGCCAACAATGAAAAGCTCAACGAAATCGTGGCCGAACTGCGCCAGCTCATCAAAGAGCAGCAGGACGACAATTTCTCCGAAACGCCCATTCACGGTTATGTCTGGTTAACTATCGAGCTGGCGCGCCAGCTCGAACTGCTGTCGCATTTAATCTGCCGTGCGTTGCGTAAATAAAGACCAGACTCACGTGGTTTTTCCATCGCTTGCTTCGATTCAGCAGCGTTTAGGGTTATGATAACGGCAAAGGAAAAAACATTGTCATCAGCGGCTGCTAACAGTTATGTTAGCCCTATGTAGCAGTCGCTTTAGCGAATCCGAATCTCAAATATTAGGGGTATAAAAATGGAAACAACTAAGCCTTCTTTCCAGGACGTACTGGAGTTTGTTCGCCTGTACCGTCGTAAGAACAAACTGCAGCGTGAAATTCAGGACGTTGAGAAAAAGATCCGTGATAACCAGAAGCGCGTACTGCTGCTGGACAACCTGAGCGACTACATCAAGCCGGGCATGAGCGTTGAAGCTATTCAGGGCATCATCGCCAGCATGAAGAGCGATTACGAAGATCGCGTTGACGATTACATCATCAAAAACGCCGAGATCTCCAAAGAACGTCGCGATATCTCTAAAAAGCTGAAAGCGATGGGCGAAGCGAAAGTCGAAGATAAATCTGCCGAGTAAGCCCCGTTAATGCGCTCCGGCGGCGCTCGCCGCCGGAGTT
NZ_CP180088.1_gap52	2039373	2042679	3306	CGCTATGGGTTTCAAATAACTCGGCAACGGACCGGATATGATTAAAGTCTCCCGCATGAACCACGTGAGGGATCGTTGACTGAATAAAGGTCCAGATAACCGTACTCGTTACGGCCACCTGATCGGGAACCGCGGCCGCCGGACGCTCCTCCAGCAGCCTGTTCCACTCCCTGCAGGCTGCCAGCAGCTGAGTCGTGATGCGCGCTATCCACGGATTATGCTGCTTTTCCGCCGGGCGCAGATTGTGTTCATAGACATTTTGTACCGCCTTTTCACCCGCGGCGAGAATAAAGCCCAGCGTTTGCAGATCCCTTGCCAGCGCGTCCGGCGCGACCGGCAGCAGCTTGCGCCCCGGGGCTGCCTGGGTTTCAAAATAAGAGAGTATCAGCGACGAATCCATCAGGCGAATTCCGTTATCCAGCACCAGCGTCGGCGCTTTGACCGCAGGGTTTATCCTGGAAAAGGCTTCAAAGCTGCTGAATACGGACAGCGGGTGACTTGCAAACTCGACGCCGTAGAGTTCAAGGGAAATCGCCACGCGCCTTACATAAGGTGAATCCATCATGCCAATAAGCTTCATCATGATTTCTGTTTTCCTGTGCTGGTGAAATAGGCTGAGGTTAATGCTTCATTGCCGGCGGTGAAGAAACAGTACAATAAATTCGTCATGGCGAATATCTTCAGTATCTTACCGGTTGGGTTAGTATTACTGACAGATTGTGGGTCACGTTTTACGCGTCAGGTTGTGGGAGCGGTAACATGGCGGATTTTCCCCCTATTGCGAGTTTACGTAGTTTTGAAGCCGTGGCGCGTCTTGGCAGCGTGACGCTGGCGGCGAAAGAGCTACACGTTACGCATTCAGCCATCAGCCAGCAGATTAAAGTGCTGGAGGAGATGGTCGGCCTCAAGCTGTTTATCCGTCACGGCCGCGGCGTGCAAATTAATGAAGAAGGGCGGCTCTATGCCTTACAGGTCCGCGAGGCTTTGCACCATATTGCTGATGCCACCCGGCTGGTGCAGGTCAACCCCCGCCGGCAGGAGCTGACCCTGGCGATGGTGCCCTCGTTCGGCTGCCACTGGTTGTTGCCTCGCCTGGAACGGTTTCGGGAGAAATACCCCCATATCTCGCTGCGAATACAGGCGAGCCTGGCGATAACCAGCATGCAGCAGGAAGGGGCGGATTTGGCTATACGCATGGGAAAAGGCGACTGGGAAGGAACGGAGAGCCATTACCTTTTCTCCGATCAGCTTATCGTTGTGGCCGCGCCAACCTATAACGGCGGCGTGCTCCCCCGTACGCCGTCAGAGATAGCGAAGAGCAACATTATCTTTTCCATGGAGTCGTGGAAAGCATGGTGTATCAACGCGGGGCTTGAAAGAGAGATTGTGCCAGGCGGTTTGTGCATCAACGACTCGAACCTGGTGCTGGAGGCAGTCCGGCTCGGTAAAGGTATCGCGCTGGAACGCCGCTCTTTAGTCCAGGATGCGCTCTCCAGGGGTGAACTGGTACAGCTTACGTCTTTCACCGCCCCTTATCCGTGGCCTTACTGGCTGGTTTCATCGCAGGGCGCAGAGCAGAAAAACGAAGCCGTTCTATTTAAGGCCTGGCTTGATGAGGAGGTTACCGCATGGCGCCAGCAAACTGGCGCGGTGGAGGAGAAATGTGCGCGAGACGGTAAACCTTAGCTCCCGCCGGAAAGGCGGGAGAATTTATAGCAGGATGTTACTTATCGATTAAATGAAAATCACCCTGGGTATATCTTAATCCGTGAATATTGTCAGGGGTAAAGATGCGATCGATGAGTTTAATATCAACATCGGAAATAGCCAGGCTGGCTGCGCCGGCATTATCCTGCAAATGCGCGATTTGGCGCGCGCCGGGAATGGGGACAATATCATCGCCTTTACTCATCACCCACGCGAGAGCGAGCTGGGCCAGGGTACAGCGATATTTATCGGCCACATCCCGCAGCTGGCTGAGTAGCTGCTGGTTTTTCCGCATGGCATCGTGCTGGAAGCGAGGAAGATTGCGCCGAAAATCATCCTCGGCGAAGCCGGACCGATCGGTGATTTTGCCGGTTAAGAATCCACGACCCAGCGGGCTATAGGGCACAAATCCTACCCCTAATTCGCGGCAAGTTTTGAGAATGTTTTCTTCCGGCTCGCGGGTCCAGAGAGAATATTCGGTCTGAACGGCGGCGATCGGATGAACTTCACAGGCCCGGCGCAAAGTATTGGCAGAGACCTCGGAAAGTCCGATATGGAGAATTTTCCCTTCCTTGACCAGATCTGCCATTGTTCCCACTACGTCTTCAACGGGGACGGTGGGATCAACGCGGTGCTGATAAAGGAGATCAATAGTCTCGACGTTGAGACGTTTTAGGGAGCCTTCTACCGCTTCGCGGATATGTTCAGGACGGCTGTCAACGCCGGCCATACGCTCAAGCCCCTGACCGCCAGGAAGAATGCGGAAACCAAATTTGGTCGCAATCTGTACCTTATCGCGAACGCCTTTGATTGCTTTTCCGATCAGCACTTCATTCTCAAATGGGCCATAAACTTCTGCGGTATCAAGGAAGGTGACGCCCAAATCAACCGCAGCGTGAATGGTGTTAATTGCCTGCGACTCTTCGGCTCCGCCATAGGCAAAACTCATTCCCATACAACCCAGACCTAATGCCGACACCTGAAATTTGTTCTTTCCCAGATAACGTGTTTCCATTTTATTTTCCTCACTCGTACAATGTGCTGAAATATATACTTTCCTTTTCCATTCACAACAATTAATCTCTTTCTAATGCAGTATTTTACGGATGTTAACAATGAAAAATATTCCCGAATTGCAACATGTAGAAATGCTTATTCTTATTGTGAAGCATGGAAGTTTTCGTCAGGCAGCAAAAGAGTTGAATATTTCTCCACCAACGTTAACTATTGCCATAAATAATCTGGAAGAGAAACTGGGCGCGAGGCTTTTAAATCGTTCTACGCGCAGTCTTTCCCTGACCGCTATCGGCCAGGAATTTCTGAATGACGTTACTCCTGTGCTCAATGACTACAGGCGGGTGATTGATAACCTTAATGAGCACAGAGCAAAGCCGGAAGGAGTGGTGAGACTAAACTTGCCACGCATTGTGCTGGATCTCTTCTTTCAACGTTACTTCGCACCGTTCAAAAATGAGTATCCGGATATTAAACTTGAGTTATTCACCACGGACAGAAAAGTCAATATTATAGATTCAGGATTTGATGCGGGTATACGCTATACGCAAGATGTACCTAAGGATATGATTGCCATACCCTTTG
NZ_CP180088.1_gap53	2053105	2053978	873	CGCGCTCGGTTCAGCATCGACTATTATCACCGGCCGACGCCTCGGAAAAGGGCAGATCGCTCAGGCGGAGCGTCAGGCGTGGCACGTCTTCTGGCTGTCGACCATCATTTTGACGGCGATCGCCTGGGGAACCGCGCCGCTTGCCGGCCTGATCGCCTCGTTCTATACCAGCGAAGAGGACGTCAAAGTGGTGGTGAAAGAGCTGCTGTGGCTGAACGCCTTCTTTATGCCGATCTGGGCGATGGCCTGGACGCTGCCGTGCGCCTTTAAAGGCGCGCGCGACGTGCGTTACACCATGTGGGTCTCAATGCTCGGCATGTGGGGCTGTCGCGTGGTGGCGGGCTACACGCTGGGGATTGTGCTGGGCATGGGGGTGATCGGCGTCTGGCTGGGTATGGTGCTTGACTGGGCGGTGCGCGGCGTTTTGTTTTACTGCCGGATGGTCAGCGGGCGCTGGCTGTGGAAGTATCCGCGAACGAAAGCGCAGGCCGACGAGACCCGCGCGCAGGTTGAAGAAACGTAACACGCGGTGGGCGAAACGGGACTTTTCGCCCAAAGTGGAGAATTATTCGGCAAACGGTTTGAAATGTGAAAACAGCCTTTGACAAGGTGAGGCGCCATCGATAATATGCGCCTCGTTCAAACGATTCCTCTGTAGTTCAGTCGGTAGAACGGCGGACTGTTAATCCGTATGTCACTGGTTCGAGTCCAGTCAGAGGAGCCATATTTAAGAAGCCCGCTTAAGGAAACTTAAGCGGGCTTTTTGCTTTCCTATTCCATAGCCACGATGGTGGCAACGCCGGGGCACAAGAACATTCCCGGCGCACCGTCAGGGTCTTAAAACCAGGATACAATAAGGGAAATTAGCCCGAT
NZ_CP180088.1_gap54	2055079	2056245	1166	CATGGGCCAGCACGTAGTCGCCGATATTCTGGCTTTCACGCAGGCCGCCGCAGTGGCCAATCATCAGCCAGACGTCCGGACGCAGCACCGCCAGATGGTCGCAGATATTTTTGGCATTTGCCGGGCCGACGCCAATATTAATCAGCGTGATCCCCTGTCCGTCTTTGGTTATCAGGTGCCAGGCGGGCATCTGGTGCTTTTTCCACGCCAGATCGGAAATCGCTTCCTCCGGCTCCTCCGTGTCCGCCGTTATCCAGATCCCGCCCGCGCAGGAGAGGGCGATATAGGGACTCTCGGGATCGAGAATTTGGCTACAGCCCCAGCGCACGAACTCATCGACGTAGCGGGTGTAGTTGGTAAACAGCATATACGGCTGGAAATGGTCAACCGGCGTGCCGGTATAGTGGCGCAGGCGCGCCAGCGAGAAATCGACGCGGCGGGCGTCGAAGTGGGAAAGTGGATAGTATTCCGTCGAATGAAACAGGCCATCGGCGGTTTCATCGCCAATTTGCGACAGCTCGGTGGTGGGGAAAAAACGCGTCAGGCCGGCGCTCATTGAGCGATCGAGCGTGAGTTCAGAGCCATCAATAACGTACGGATAGGGGATCTCATGCTGCGACAGCCCGACGGTAATCGCGGCATCGTAATCCTGATACAGCATGGTGAGCTGCTCCAGCAGATAGGCGCGAAACAGTTTAGGGTTGGTGATGGTGGTGGTATAGCAACCGCTATGGGTGAAGCGACCCCAGGCCCGGGTTTTTAACGCTTTATGTTCCGCTCCGTCCCACGATACCGACAGCTGCGGGTAAACGAACAGTCCTTCCGCACGGGCGCTATTCTCGGGGAGGATATTATGGTGAATATAATCGCCGAGGGCTTTACGCAGCGCATTGACCGATTTTTCATAGAGCGCTTCGAGCTGCGTAAGCGCCTGTTCTGGGGTCAGCCTGGCGGCTTTCTGATTCATGACGTACTCCTTGTTTCTGCTCTGCTGACGTTTTGCTTAGTATGTCACAGACTGAAAAAGGCGCAGGACAATTTAACCCGCTTAGTTGAGAAAGTACTGAGATTAGAACCAGTTGATGCTGGGGGATGTCGATTAATGCGCGGTGATATTCGCGATGGCGCCCCAGCGTTCAGCGCTGAAATGCGTGGCGTTGAGCACT
NZ_CP180088.1_gap55	2062733	2063779	1046	AGCATGCTCAGGGCGATAATCAACGCCCCCAGCGAGATACGCTGCAGCTCGATACCCCACAGGTACATGATCAGCAGCGTACCGAGCACGTTGAGCGCCAGCGACAGGGCGATAATAATGCCGCTGCGTACGCCCATAAAGATCAGCAGCACGCCAACCACAATCGCCAGCGCCATCAGGAAGTTGGTGATAAAGCCGTTGACCGAATGGGCGACTTCCGCCGCCTGATCGTAGAACAGGTCAATGTTGATCCCGGCCGGTTTTTCCGCCGACATCTGCTCCAGCTTGCTTTCCAGCGCGCGGCCAACGTCAATCACGTTAACCCCGGGTATAAACGACACCCCCATAGTGACCGCCTGTCGGCCGTTGGCGTGGTAAATGCTGGAAGGCGATTCGCTCAGCCCGCGCGAGAGCGTGGCAATATCGCGCAGCCGCGTCGCCGTTGCCGAGCCGTGCGGGCTGATTAACAGGTCGCCAAGCTCGTCGAGGTTGGCAAACTCGCCCGTGGGATGCAGGCGGATCGATTCGCTGCCGGATTTAATCTCACCGGCGTTAGACACCACGTTCAACCTGCTCAGTATCGCCGCCAGCTGGTTGAGCGTGATTCCGCGGGCGGCCATTTTCGCCAGCGAGATATCGATGTTGATTTGCTGGGGGATCGCCCCGCCGATGGCGACTTTGCCGACGCCGGGGACCAGCACCAGTTCGCGACGCAGCTGCTCGGCATAGCGAACCAGCTCAGGGTTGGTAAAGCTCTCGCCGGAGAGGGCAAAGAAGAAGCCAAAGACATCGCCAAAATCGTCGTTCACAAACGGAGCGGCGACGCCGGGAGGGAACTGGCGGGCGGCGTCGCCCACCCGGCGGCGCAGTTCATCCCAGATTTGCGGCAGCTCGCGGGAGTGGTAGCGCGAGGCGATATTGACGGTAATTTGCGACAGGCCGTTGGAGGAAATTGAGCTGACGTTGTCGAGATACGGCAGCTGCTGCAGCGCGTTTTCCAGCGGCAGGGTGACTTCTTCTTCCACCTGCTGCGCCGACGCGCCGGG
NZ_CP180088.1_gap56	2171890	2176269	4379	TTTTGATCAACACGCTGAATACGTACCGGCTCTTTTTCATCCGCGCCCATTTTATGGTTGACCACGACGTCAAGGAGTACGGCGATATCGTGCTGGCGCAGGGCGGATATGGCGGCCAGTAGCTGGGTTTTATCGCCATATTTCGTGGCGACAGACCCCTTCTGGTCGAATTCGCCGAGGTCAAACAGATCGTAGCAATCATAACCGACAGAGTAGCCGCCGGAGGCGCCTTTGTAGGCAGGAGGCAACCAAATCATGTTAATGCCGATTTCGTTGAGGTTTGGCGCCAGGGCTTCGACTTCACGCCATAATTCGCCGCCGGTGGGGTAGTACCAGTGAAAGCACTGCAGTAACGTGGGTTTTTTCATCTTCCATGCTCCATACGTCATCAAGCTGACCATTGAAGTATGAGAGATATCCAGCAAAATGGAGATGTTTTCGATACGTTTTCACTATGCCCTAAAAGGCATCATATATAATAATTTGGAATAAGATGTAGCGTATCGATGTTGGTGACTAAGGTTAAACGCCTTACACTACAGCAAAATATCACTCTGTTAGGGGTATCTATGAAATTAGCACTTCTGGGTCGTCAGGCGCTGATGGGCGCAATGGCCGTCGTATTAATGACCGGCGTCAGCGTAAAAACTTTTGCTGCTGAAAATCTGCTTAATCAGGTTAAAGAACGCGGCACGCTACGCGTGGGTCTGGAAGGGACATATCCGCCATTCAGCTATCAGGGAGATGACGGTAAGCTGACCGGCTTCGAGGTGGATTTTGCTAATGAACTGGCGAAACATCTGGGCGTGAAGGCTGACCTTAAACCCACGAAATGGGACGGCATGCTGGCTTCGCTGGACTCTAAACGTATCGATGTGGTGATAAACCAGGTCACTATTTCCGATCAGCGTAAGCAAAAATATGACTTCTCGACGCCGTACACCGTTTCCGGGATCCAGGCGCTGGTGAAAAAAGGTAACGAAGGCGTGATTAAAACCGCAGCCGACCTGAAAGGTAAGAAAGTTGGCGTCGGCCTGGGGACCAACTACGAAGAGTGGCTGCGCCAGAACGTACAGGGCGTCGACATTCGGACTTATGATGATGACCCGACGAAATACCAGGATCTGCGCGTAGGGCGAATTGACGCTATCCTGGTTGACCGTCTGGCAGCGCTGGATCTGGTGAAGAAAACCGGTAACACCCTTGCCGTCACCGGTGAAGCCTTCTCTCGCCAGGAATCCGGCGTTGCGCTGCGCAAAGGTAATGAAGACCTGCTGAAAGCGGTTGATGGCGCCATTGCGGATATGCAAAAAGACGGCAGCCTGAAGGCGCTGTCGGAAAAATGGTTTGGCGCTGACGTCACGAAGTAACGGCCAGCGGTGAAAAAAGGCGCTCCTGATAGCGCCTTTTTTTATTTCGCGCGTCACAGCGTGCATAATCAAGGATAATTCAGTCAGGAGGTCTTATGTCACTGCAAAATTTAACCCTATTCCCGCGTCTGGAACTGATTGGCGCGCCGACGCCGCTGGAATATCTGCCGCGCTTGTCCGATTACCTTGGCCGCGAAATTTTTATCAAGCGCGATGATGTGACCCCGCTTGCGATGGGGGGCAACAAGCTACGTAAGCTTGAATTTCTGGCTGCCGAAGCGCTGCGAGAAGGGGCGGATACCCTGATTACCGCCGGAGCTATCCAGTCCAACCATGTGCGCCAGACGGCGGCGGTGGCGGCTAAGCTGGGCCTGCACTGCGTGGCGCTACTGGAGAATCCAATGGGTACCCGGGCTGAGAACTACCTGACCAACGGTAACCGCCTGCTGCTTGACCTGTTTAATACTCAGGTCGAAATGTGCGACGCGCTGACCGATCCTAATGCTCAGCTGGAAGCGCTGGCGACCCGCATTGAAGCTCAGGGCTATCGTCCGTACGTGATTCCGGTTGGCGGTTCGAACGCGCTGGGCGCGCTGGGCTATGTGGAGAGCGCGCTGGAAATTGCCCAGCAGTGCGAAGGGGCGGTCGAGCTCTCCTCCGTGGTCGTCGCCTCCGGCAGCGCCGGTACGCATGCCGGCCTCGCCGTGGGACTGGAGCAGCTGATGCCCAATGCCGAGCTTATCGGCGTGACCGTATCGCGCAGCGTGGCTGACCAGCTGCCAAAAGTGGCTGCGCTGCAGCAGGCGGTGGCAAATAGTCTGGAACTGGAGGCAAAGGCCGGTATTCAGCTGTGGGATGAGTACTTTGCGCCGGGTTACGGAATACCGAACGACGAAGGGATGGCGGCGGTGAAGCTGCTGGCGCAGCTGGAAGGTATCCTGCTGGATCCGGTGTATACCGGGAAGGCGATGGCCGGATTGATTGATGGTATCAGCCAGAAGCGCTTTAAGGATGAAGGCCCAATACTGTTTGTTCACACCGGTGGCGCGCCTGCGCTGTTCGCCTATCATCCTCATATCTAATGCAGAACACATAGAATGCAAGAGAGTATCCAACTGGTTATTGATTCCGCGCCTTTTCTGCTGAAGGGCGCGGTATTTACGCTACAGCTCAGCATCGGCGGCATGTTTTTTGGCCTCGTGCTGGGGTTTATTCTGGCGCTGATGCGCATGTCGCCCGTCTGGCCGATTAAATGGCTGGCGCGGATGTACATCTCCATCTTTCGCGGAACGCCGCTGATTGCGCAGCTGTTTATGATCTATTACGGCTTGCCGCAGTTCGGCATTGAGCTGGATCCTATACCCGCGGCGATGATCGGCCTGTCTTTAAACACGGCGGCCTACGCGGCGGAAACGCTGCGCGCAGCGATTGCCTCCATTGATAAAGGGCAGTGGGAGGCCGCGGCGAGTATTGGTATGACGCGCTGGCAGGCTATGCGCCGCGCGATTCTTCCTCAGGCCGCGCGCGTGGCGTTACCGCCGCTTTCCAACAGTTTTATCAGCCTGGTGAAAGATACCTCGCTGGCGGCAACTATCCAGGTGCCAGAACTGTTCCGTCAGGCTCAGCTGATCACCTCCCGGACGCTGGAGGTATTCACCATGTACCTGGCCGCTTCGCTTATCTACTGGGTAATGGCAACGGTGCTTTCCACGCTGCAAAACTATTTTGAAAATCAGCTGAACCGCCAGGAGCGAGATCCAAAATGAGTGCGATTGAAGTCAAAAACCTGGTGAAAAAATTCCATGGCCAGACGGTGCTTCATGGTATCGACCTTGAGGTTCAACAAGGGGAAGTGGTGGCGATTATCGGTCCCAGCGGTTCGGGGAAAACGACGCTGCTGCGCAGTATTAATCTCCTGGAGCAGCCGGAAAGCGGCACGATTCGCGTAGGCGACGTGACGATCGATGCCGGGCGCAGCATCAACCAGCAAAAAACGGCCATTCGCCGCCTGCGTCAGCACGTGGGCTTTGTGTTTCAGAATTTTAATCTTTTCCCCCATCGTACGGTGATGGAAAACATTATCGAAGGGCCGGTCATCGTTAAAGGGGAGGATAAAAATGAGTCCATCGCCCGGGCGCGTGAACTGCTGACGAAAGTTGGGCTTACCGGTAAAGAAAATAGCTACCCGCGTCGTTTGTCCGGCGGGCAGCAGCAGCGCGTGGCGATTGCTCGCGCGCTGGCGATGCGTCCGGATGTCATTCTGTTTGATGAGCCAACGTCGGCATTAGATCCTGAGCTGGTAGGGGAGGTACTCAATACCATTCGCCAGCTGGCGCAGGAGAGGCGCACGATGGTGATCGTGACCCATGAGATGAGCTTTGCCCGCGACGTGGCGGACCGCGCTATTTTTATGGATCAGGGGCGTATCGTTGAACAGGGTGAAGCAAAAGCGCTGTTTGCCAATCCTCAGCACTCGCGTACCCGCCAGTTCCTCGAAAAATTCCTGATGCAGTAATCGCCCCGCGCCGGCCGCATTCGCTCAGGCTTGTCTGACGGATGCGGCCGGGCAGCGCTGAATAACCGGTTTATCAGCAAAAAAAGTATGTCCGGATGGTGGTCATAAGCAACGACGATACATCTGTCAAGGTTTTGTGCCACGTCAATTGGCATAATTTTTTAACGTATCCGGTACTTTCGCCGGACGTAGTCTAATAAATGCGGTAGCTGCCATTTTTTATACATATAAGCAGGGTTTATGTGTTAGTTTTATGTATTTATAATAATGATTATCACTCAGGAGTTATTTGGTTAGTTATGAGGGACAATGATTTTTTCAGCTGGCGGCGGGAAATGCTGCAACAATTTCAGTCCGTTTCTGCAGGCGAGGGGGTTTATCATCTTCTCCAGCAGGAAGCAAAAGGGCTGGAATATGACTACTTCGCACTCTGCGTACGGCATCCCGTGCCTTTTACTCGGCCCAGGGTGACGCTGCAATCGACCTATCCTCAG
NZ_CP180088.1_gap57	2243399	2245551	2152	CGGCAGGACATAGCGCATGCGCATTTTCAGCCCGGCGGCGTTCTGTTCCGTCTGCGCCGCGGGTTGCGCGGCAGGGATCTCATCGATAACAATGCGATAGGAGTGCTCTTTGCCGTTTGCGATGGGGGCGACGCGCATGAGCCGCACCAGCTGGCGCTGCCCCGGCGCTACCGTGGTAAAAGGCGGGCTGGCGACAACATCCCGCTGATCGGCGTAGACGTCCGCTGACGCTTTTTGATCCCAGGCAAACACGCGCAGCTGCAAATTAACCGGCGCGCTGCCGCGATTCTCCAGCCACAGTTCAGACCCTGTTTCGTGGCTTTCGATCGTTTGAAATATCGGCCATACCAGAACGGAGCTGGCGGCCAGCGCGGATGAGGGAAGCAATAAAGCGAATATAAACGGCGCAAAGCTACAGCGAATCATAGTTAACCTGTGAATTATCTAATAGGTCAGCGTGACGGTGACCGTGTCGGTATAGGAGCCCACCGCCGGGAAGCCATTCGTTGCAAAAAGGCGGCCATAAACCGTGTAGGTTTGCGTGGTGCTCGGAAAGGATGCGACGCTCAGGGCCAGCGTACTGCTGCCCCAAACGTTAGCGCGGTTGGCGTCCTGATAAAGCTGGTACGCCAGCGTGCTGCTGTTGCCGTTCGACATGTAGCGCTGAGTGGCTGAGCCGCCGTTGACGCCATAGTCGAGGGCGATTGAAATAGCGGTGCCGGGCGTGCAGGTCACGATGATGGAACCTGCGCCGGCTGTACTCGCGACATCCACGTTGCTGTAAAGCGATGACAGGGTGCCAAAATTCAGCGTGCCGAAGTCCGTCGTTTGGGAGCCGTCCCCGGCGCCCAGCGCGCAGCCTGCGGTTATCTGCGCGGAGACTTTGAACGTCTTTTGGGCAACGGCGGCATGGGCGCCCGAGGTAAAAAGCAGAAGTAATGTAAGCCACTCTGGTCGAAGCATGAAGCCCATTTTCCTTATGCGGTTACCAGGCTAAGGTCGCGGTGACAATGTCGTCATACACATCGGCTGTCGGCGCGTTGACGCTCTGGTCTTCGGGGCGAATGCGGGCAAAAACAGGAATCGCCTGTGGATTCCCTGTGCCAACGATAGGTATCGTGCCGCCAGGCAGGATTTCGTTATTGCGGGCGGCATCCGAATAGAGCCGATAGGCAATCTGCTGGGTGCCACCGGCGTTTTTCATATAGCGCAGCGCAGCATCGCCAGACTGGCCGCCGTCAAGCGTCAGGGTCGAGGCAAGATCCTCGGTACAGGTCACGGTTAGGGCGTTTCCGCCGCCGCTGCCGGTGATCTCCGCATCAATGGAGTTGGCTAAATCGCCATAGGAGCCGAAATTAATGTTGCCCCAGCGGTTGTTTTCGCCATTGCGGACATTCGATACGCTGCATCCGCTGCCGAGCGTCACCTGGACGCCAATCTGGCCGCTTAAGGTTCCCGCTGCAGAAGCCGGTTGAAGAATGACTATGGCGCTCAGTAAGCCGCCCAGGAGACTGCGCGAGATCGTTGTGACGTTCATAGAGAACCTCTTAGTGGAAAGCCGCTGAAGAAAAACAACAATATAGCGATAGACGTTGGTCACCGATTAAGTGCCGCGGTTTTGTTGGTTAACGTATAACTACTCCTGCAAGATATGTGTAATTTTGTATTTATGGCTGGTTATGTGTTTTTTATTGGATTGTTGTTCTGTGTTTATGCCTTTTATGTGGATGCAAACTCTTTTTGTTAATTAATTGTTGGTGTTATGTTTTTTGATTGTGTTTTGAAGGGGCGTGAAAATAGGGCGATTTTTTCTTAAATCACAATCTGGCGCAAAGTTTGCAACAAAAAATCTGGACAAAAAGGCGGGTATAGACACTGGAGGCGCCGTTGAGCAAGGGCGAGGAGAAAACACCTGCACAAAATCAGGCCCATAGTGCAGGTGAACTTTACGGGCCAACATCGGAAGTGACCCAGTATACACATTTGTATGACAAATGAAATAATAGATAAGAGACGGTTTTTCACTTTTTTGGCGATTATTCTTCTGACCGCGCTATGGGTTATTGTCAGGGAGGCAAAGGGGGCGAACGGCGGCGTGAAAATAATGGACAACGATTTATTCTGGCGCCACAAAAGAGGGGTACAGCCATGT
NZ_CP180088.1_gap58	2258896	2260149	1253	GCGTAGCCCGCTGACGGCGGCCGCGACGACGGCAAACGTTCCGGCCAGCAAAAGGGCGGTGTGGGTTCCGCTATCGCCCAGCAGGTTAAACAGCAGCGCCACCAGCGCGGCGCCAGTGCTCTGTCCAAGCAGGCGCGCGGTCCCCAGCATGCCGCTTGCGCCGCCGCTGCGATGAGCCGGCGCTGACGAGACGATGGTGTGATTGTTGGGGGACTGGAACAGACCAAAGCCCGCGCCGCAGAGCGCCATTCGCCAGATAATATCCAGGTCCGACGGCGCGGAGGGCAGTAAAGCCAGGCCGAACAGGCCGCAGGCCATGATGATTAGACCCATCGCGCCCAGCAGCCCGGCGTGAACTTTCTCAATCAAATATCCCGCCAGCGGCGCCATGACCATAGTGGCCAGCGGCCACGGCGTCAGGAGCAGACCGGTTTCCACCTCGCTACGCCCCATCATTGACTGCAGGAAGAACGGCAGCGAAACCATCGCCAGCATCTGGGCGCAAAAAGAGCATATCGACGTACAAATTGACAGAGAGAATAGCGGAATGCGCAGCAGGTCAACCGGCAGCAGGGGGACCGGCATTTTGAGCTGGCGGCGGACAAAAAAGAACCCGACAACCAGCATGGCCATAACCTCCGCCGCAACCAGCGCGCCTGACTGGCCCTGAGCGAACCCGCCGAGGGCGGTAATCAGTAAGCCAAAAGTGAGAGCATTCATGATGGCGCTCGGCAGGTCGAAGCGGGTGACCTTGCTGCGGCCGGTGTTAGCTGGCAGATAGCGCATCGCGAGAAGCAGTGAAATAATCCCCAGCGGAACGTTAATCAGAAACAGCCATTGCCATGAAGCCATTGAGAGAATCGCGGCGGCGATGGTCGGCCCCGCCGCGGAGGAGACGGCCACCACGAAAGAGTTGATCCCCATCCCGCGGCCGAGAAAGCGCTGAGGATAAATCAGGCGAATCAGCGCGGTGTTCACGCTCATCAGCGCCGCGCCGCCGAGCCCCTGCGCCACGCGCGCCAGGGTCAGCATTTCGAGGCTTCTGGAGAGCGCGCAGGCCAGTGAGGTGAAGGTAAAAAGCACCAGGCCGATTTTATAAATACGCCGGTAGCCGACCATATCGCCGAGGAAAGAGAGCGGCAGCAGCGCGATAACGATAGCGATTTGGTAGGCATTGACTATCCAGATTGAAGAGGCCGGGGATGCGTTTAAATCGCTGGCGATGGTCGGCAGGGCGACGTTGGCGATAGCGC
NZ_CP180088.1_gap59	2362841	2364080	1239	TTGAGTTATCGCGGAACACGGAAATACCCAATCCGCTGTTAAACACTTTGGTGGCGATATTTTCAGCGCGTAGCGTTTTTAGCGCGGCGGCGACGTCCAGCACCTGTTTCAGCTCATCCGGCGATTGTTCCCAGGTCAGCAGAAAGTCTTTCTCACTGAGATGAGAGTTAAGTTTATTGATATCCTTAATCAGTTCGTTAACAGTTTTCATGTTTCAATCCTGGTCGTGAATGACGGCTTATTGATTGCTGTGCGGTCGGATATGCAGAGTTGCCGAATTAGCGACTGCCAGCGCTGTATTACCACTAACAATAAGCGTGCCAAATCCTCCGGGAGAGGCGGCGGAGAGGATTGAATAGTTAAGATTATGCCAGGTCTGTCACGAATTCAGGCGAGTTATCCCGGGAAGATAAAGGTGAAAATTTCCCCCCCACCGTCCATTTCTGCGGGACAGGCGCGGGTTGCCGCCGTAAATAATGCGATTATCATCTTCACATTGCGCCAATATGATAAAAACCGCGGCAAATTTATCATAATGATAAGAAACTGTGATAGCTCTTGCATATTTAAGATAAGGTGGGGGAATTGGCCCTATCTATATCAACGCGGGTGGCTAAAAGGAGTGGTATCATTCCCCGCAGATAAATAAAGCCGCTTCGCTTGACGCCGAACAGGTGAGCAATAATAGAAGGCCGATAGACATGATACCGTCCAAAGCACCCTCCATTTTAATGCAGATTCAGCCTACAATTCAAAAGTTTGCAAGGATGTTATCCAGCGTGCTGCAGCTGGAGGTCGAGATTGTTGATAACGAATTATACCGGGTCGCCGGAACTGGCGCTTATAGTAAACAGATTGGCTATAAATTAAATTCAAATTCACGGCTTCTGCGTTACATTATTGAAACACAGACCGAGAAGGTCGTTACCCATTCCCGCTTCGACCCCCTGTGTAAAGACTGTAACAATAAGGAGAAATGCGAAGAGAAAGCCTTTCTTGGCACGCCGGTGATGTATCACGACCGCTGCGTCGGCGTTATTAGCCTGGTTGCGCTGACGCGCGAGCAGCAGGAACGTATAAATGCGAATATCCAGGAGTTTTCTGATTATGTTCGTCATGTCTCAACCATATTCGTTTCCCGCTTTTTGCAGGAGCGGGCGGTCGGCGACAATATCCATAAAATATTTTTAACCATGATCGAAAATATGGATCAGGGCGTACTGGTCGTGGGCAACGATC
NZ_CP180088.1_gap60	2365613	2367857	2244	GAAACCTTGATATAATGAGTGCAGATTACACATTCGATAGCTGAGGAATCGCGATGAGCAATGACAAGAAAACGCAGGTGTATTACGTTAAACCGTCTCGCGCTGACATTGTTCGCTCGGTAGCAACGTCAACCGCCGTTGAGACGGGGCAGTCTTCTGAGAAGATCGAAGCTTCGCTTGAAGCGACGCGCAAAAAGTTCGCCCATCTTCGTCTTGCTGTTTAATCACGTCTTAACGCAGTACCGACCCAATAACACATCGGGCCGTAGTCCATTGACATACCTGCGTGGATAGCCGAAATATATTCGGCTTTGTTTTGCTCCCAGCTTTGATAATCCAGCGGCCTGTGTCCCCCCTGAACTGCCATCACATCAGCTAAAAGTCGTGATAAACGTCCATTGCCTTCCCGGAATGGATGGATGAGTATCAGCTCTACATGGGTTACAGCAATAGCCTCTATGATCTGTTCTTCGCTCATGTTAGTGCATGGTGTATATCGGGCAAGGTATTTAGCGTCGAATTCGTGTATTAGTTTTGGCAACTGTGCAGAGGGCGCGAACATAAAGCCCCCTTTGCTGATATTGACAGTCCTTTCTTGCCCGGCCCACTCATAGATGTTTCCCAGCCAGCGGCGATGCCAGCTTTTCAGCAAAGCAACGGTGATCTGCCCTGCTGGAAACTGCTCTTCAAAAATGCAGTGATAGAGCTTCTCTAACAGCACAAGCTCCGCTTCGTCCATCTCACCAGAATCAGCAATCCCCAGCTTATTTGCCAGAACTTGCTCATCGGAGTTTTTCTCATATTGTCCTTCACTGCCAGAGACACGGTATCGGCTCATGGGAACATCCTGCGCTAATGGGTGCTAAGAAATTATAACGCTGGGTGAGGAGAGTAACAATGGTCGTATAATCAGATAGTTACAAAAGTGTAGACTGAAATATAGTTTTTATAATCTGATGGGAAATTATCGTTAGTAATCAGCATTAACAGACCAATACATCATGGTTTACGAAACATCAATAGTGCTGCGCGCGCTTCCTACCCATTCTTCAGGTTTATTTGCCCAGTCCTGCATCATAACCTTTCGCTCATCAAGATAAGTTGCATGGTTGTATGTGCGACGAACATTGTTGGTATCAGCGTGCGCAAGTTGGGCCTCAATAGCATCAGGTCGATAGCCCATCTCGTTTAAACGGGTACTTCCTGTGGTTCGGGTTGCATGTGGGCTATATGTACCACTCCAGCCGAGGCTTTTACGTAGCTGGCGCAGCGAGTGCGATGTCATTGGACCTAACGGATTATCCCTGCCCGGGAAAAGGTGCTGCCGATGCCCGGTTAATCCCTGTAGTGTTCTGAGCATTTTGATAGCTTGGGAGGGTAGGGGAATAACGTGTTCTCTGCGGGCTTTCATTCGCGCTGCCGGAATTGTCCACAGGGCGTTATCAAGATCGAATTCTGTCCATTCTGCTTCGGTGGCTTCTGCAGGACGCGTCAATGTCCACCACATAAGCCACATACAATAGTTAACCTGGTACGAGCCACGACTATTATCAAAACAGTTTAATAACTTTCCGATTTGCTGAGGATTCAGTGCTTGTTTGTGCTGTGTCTTATTGGCCGGAAGGGCCTTGCGCACAGGCCGTACAGGATCGCTATCAGCTCTAAGCGTTGCAACTGCTAACTCAAAAACTGATGAAACGGTGCGGCGAGCTTCAGCGGCAACTGTCGGTGCTCCTCGTTTAGCAGTTTCTTGAAGAATTCTAAGGATGTGGTGTGGAGTGACCTCTCTGATTGGGAGCTTACCTATTGCGGGGAAAACCACACGTTCAAGCATATCCAGTCGGCGCGTTTTGGTAATTTCGGCCCAGTCTTTCATCTGCAACCACTCTTTAGCGATCAGCTTAAAGGTGTTGGAGACGTCGTTGACCTTGCGGATCTTATCTAACTGGCGAGCCTGTGTCGGGCTAACTCCATCTGCGACTTGCTTACGCGCTTGCTGAAATGAAAAATCCACGCAATTGCGTGGATTTTGTGGTTTTTTTCGATGTTCATGAGGTTCAATGAAACCTCATGAGACAACAAATTTTATTTAGACGTTGAACAGGAAGTTCATCACATCGCCATCTTTCACGATGTAGTCTTTACCTTCAGCGCGCATTTTCCCGGCTTCTTTGGCACCCTGTTCGCCTTTATAGGTAATAAAGTCTTCATAGGCGATGGTCTGCGCGCGGATAAAGCCTTTTT
NZ_CP180088.1_gap61	2428014	2432760	4746	TAAATCTTTACCCCGGCAGCCAGCAGCTCGGTAAAGAAGGCGCGACTGGCCCAGCCCACCAGCAGCGAATCGTTCTTGCGCGGCAGGATGATGCTGACATCGACGCCGCGCTGGGCGGCGGTACAGATGGCATGCAAAAGGTCGTCGCTGGGCACAAAGTAGGGGGTCGTCATGATCAAATGCTCTTTGGCCGCGTAGGCGGCAGTCAACAGAGCCTGATGGATCAAATCTTCCGGAAAACCCGGACCCGAGGCGATAGTGTGAATTGTGTGCCCGCTGGCCTCTTCGAACGGCATAATGTTCGCGTCCGGCGGCGGCGGTAAAATACGTTTGCCGGTTTCAATCTCCCAGTCGCAGGAGTAGACAATGCCCATCGCTGTCGCTACCGGACCTTCCATTCGCGCCATCAGATCGATCCACTGGCCAACGCCGGAGTCCTGCTTAAAGAAACGCGGGTCGACCAGATTCATACTGCCGGTATAGGCAATATAGTTATCGATCATAACCATTTTACGATGCTGACGCAGGTCCATACGGCGCAGAAAGACGCGCATCAGGTTGACCTTCAGGGCTTCGACGACTTCAATGCCGGCATTACGCATCATGGCGGCCCAGGGACTACGGAAAAACGCCACGCTCCCGGCGGAGTCGAGCATCAGCCGGCAGTGTACGCCGCGCCTTGCCGCCGCCATCAATGACTCGGCGACCTGATCGGCCATGCCGCCGGGCTGCCAGATATAGAACACCATCTCAATATTGTGACGAGCGAGCTGGATATCGCGGATGAGCGCCTGCATGACGTCATCGGATTCGGTGAGCAGCTGGAGCTGATTGCCTTTGACGCCGCCAATGCCCTGCCGACGTTCGCAGAGCTTGAACAAGGATTCCGCGACCGGACTATTCTCCTCGGCAAAGATATGCTTGCAGGCTTTGAGGTCCTTTAACCACTTGGCCGTTGAGGGCCACATGGCCCGCGCGCGTTCGGCGCGGCGTTTACCCAGATGCAGTTCGCCAAACGAGAGATAGGCGATAATGCCCACCAGGGGAAGAATATAAATGACAAGCAGCCATGCCATCGCTGACGGGACCGCGCGCCTTTTCATTAATATCCGTAATGTTACACCGGCGATAAGTAGCCAGTAACCGAGTATAACCAGCCAGTTCACCACCGTGTAAAAGGTTGTCATAGATGAAAAATCCTTTTGAATGACTTGATGACATGAGTTTACGCATCATCATCCATCTGGCAAATAAAAACGCAGCGAAAGCGTTGGTTAGCCAGATTCATCGGTCTATAATGCAGGCTGTTTTTACTTGTAGAGTAGTTGCAATGAAGCGTAGTAGAACGGAAGTAGGGCGCTGGCGCATGCTTCGGCAGGTGAGTCGCCGTAAAGCACGCTGGCTGGAAGGCCAGTCGCGTCGTAATATGCGCATCCTCTCCATCAGAAAGGAGCTGGTTAAACGGCAACGTCACTCTCTGCTGTTCACCTTCTCTGAATGTTGAGAGTCGAAACAAAAGGCACCGCTCGCGGTGCCTCTGTTTTATCAGCGTTTCGTTCTTAGCATACATTCTTATACTGTCATCTCTCTTTCTTCTGCCGGCGAAACCCGGTTTCTCGCGGGCTCCTGCGTTATTGTTTGCATCAGCAGCGGCGGGCAGGAAGTCGCATCGCGCCATACCTCATAAGACTGGCCCAACGCGTATAAACGCAAAAAACGGGAAGTGCCATGCATCAGCACATGCTACTTATAATGTCCGTAAGGCGTCTATTATTGAGAGGTATCTATGAGTCAACTTTTTAGTCCGGTGCGAATCGGTAAGCTGGAACTTGAGAACCGTATTGTCATTGCGCCAATGTGCCAGTACTCCGCCGACAATGGCAAGGCGACGGCATGGCATCGTATTCATCTCGGACAGCTGGCTTTTTCCGGCGCGGGCTTACTGATTATCGAAGCCAGCGCTGTAGAGCCCGCCGGACGCATTACCCCGGCTGATTTGGGCTTATGGAATGACGAAACGGAAGCCGCATTACGCACCGTGCTGAACGATATCCGCCAGTACGCTTCAATCCCCATCGGTATCCAGCTGGGCCATGCCGGACGAAAAGCCTCTTCCGCAGCCCCCTGGCTGGGGGGACACCAGCTGGCGCATGATTCTGGCGGATGGGACACGGTTGCGCCATCAGCGCTGGCCTATGGTGAAGGTGAACGACCTCCGGTTGAACTTACTCAGGACCACATGAAACGCATCAAGCAGTCATTCGTAGACAGCGCCAGACGCGCTGAGCGGATGGGTATTGAATTGATTGAACTGCATGCCGCGCATGGTTACCTGTTGCACCAGTTCCTTTCACCGCTCAGTAACCAGCGTACCGACGAATACGGCGGCTCGCTGGAGAACCGTTTGCGTTTTCCGCTCGAGATATTCCGGGCCATCCGTGAGGCCGTCAGTCAGGACATCGCGGTGGGCGTCCGACTTTCAGCAACAGACTGGGTGGATGGCGGCTGGGATAACGCACAATCGACTATCTTCAGCCAGCAGCTTGAGGCGCTTGGCTGCGACTATATTCATGTTTCCAGCGGCGGGCTGTCGCCTCATCAGGCGATTCAGGTGGGGCCCGGCTATCAGCTGCCGTTCGCGCGTGAAATCCGCGAGAAGGTGAATATCCCGGTGATCGGTGTGGGTCTGGTGACGGAAGCGCAGCAGGCGGAAGAGGCGCTACAAAATGGCGACGCCGACCTCATCGCCCTTGCCCGCGCCGTGCTCTACAATCCGCACTGGCCATGGCATGCCGCGGCAGCCCTGGGCGCTCAGGTGAGCGTTCCGCCGCAGTATCTTCGCTCAGAACCGCATGGTCTTAAGGGAACGCTGAAGTCCAACAGGTAATTAACCATAGAAAGTCGGCGGTGCTGATGCACTGCCGGCAAATGGCTATCATCAGGGCGCGACCTAAAGAGATCGGAATGCAGAACCGGGGAAGTGGAGAGACATAAGGATGGCGACCATTCCGTACTCGCGTACTTAGAAACGTCCTCTAATGAACGATCGCCATAGATTAAATTTTAACCGCGTTCTTATTGCTTAAGCATTTTATAGGCTAAAACACCTTTTTATACGGTTTCACCGAGACTTTCTGATAAACCCCTGCGGCGATATAGGGATCGTCATTGGCCCATGATTGCGCCGCTTCCAGCGATTCAAATTCCGCAATGACCGTTGAGCCGGTGAAGCCCGCCGCGCCGGGTTCATTACTGTCTACGGCAGGCATTGGGCCGGCGGTCAGTAAACGACCTTCATCATGTAATAATTGCAAACGCGCCAGATGGGCGGGACGTACCGATGTCCGTTTTTCCAGAGAGTCGGCGATATCTTCAGCGTAGATAACGTAAAGCACGGCATGGCTCCTTATCAATAAATTGGCGAATCACGTTAAGTGAAACCGTCGTTGACTGCAATGCAAAGATGATCACGATCCCCAGAATGCCACGTCCCGGGAGCTTTTTGTCAGAAAACAGGGCAAATTTTGATACAAGCCAACAACCCTAGTTGAATATGATTGCTATTTGCATTTAAAATCGGGGCATCATTTTTCAACAGAAACGACTATGAGCGCAATGACCTTTGATTTACCTCGCCGCTTTCCGTGGCCTACGCTACTGTCTGTGGTTATCCACGGCGGTGTTATCGCGGGGTTGCTCTATACTTCGGTACATCAGGTTATTGAACGGCCGGCACCCTCACAGCCCATTGAAATCACTATGGTGGCCCCGGCAGATCTGGAACCGCCTCAGGCGGCTCAGCCGGTCGTTGAGCCCGTTGTTGAACCGGAGCCAGAACCGGAACCGGAAGTGATGCCTGAACCGCCAAAAGAGGCGCCGGTTGTTATCCATAAACCAAAGCCAAAACCGAAGCCAAAGCCGAAACCGAAGCCGGAAAAAAAGGTCGAACAACCGAAGCGTGATGTAAAACCGGCGGAAACGCGCCCGGCCTCGCCGTTTGAAAATACAAATACGGCGCCGGCACGCACCGCGCCGAGCTCCTCAACCGCGACCGCTAAACCCACCGTGACGGCGCCTTCCGGGCCGCGGGCGCTAAGCCGCGGAGAGCCGAGCTATCCGGCTCGTGCCCAGGCGCTGCGCATTGAAGGAAGCGTACGGGTTAAGTTTGACGTCACGCCGGACGGGCGCGTGGACAACGTGCAGATCCTCTCCGCCCAGCCTGCCAATATGTTTGAGCGTGAAGTGAAAAACGCTTTACGTAAATGGCGCTATGAACCGGGTAAACCGGGAACCGGCATTACCATGACCATTCAGTTCCGTCTGAAAGGCGTACAAATTAGCTAATCCTCAAAAACAAGGCCCCTTACGGGGCCTTATCCATGAACACCTCATCAAGCGCTTTCTGCGCCGTCACCAGATGCTGTCCGCCAAACAGAATCGCCCGATTCAGCAGCGTATAGAGCTGGTAGATGGGCTGCCGCTCGAGAAAGCCGGACGGCAGCGGCGATACGGACTGATAGCCGTCATAGATTTGCGGCGGCTGTTCCGGATGCAGCGGGAGCATCGCCAAATCGCATTCGCGATCGCCCCAGTAGCAGGCAGGGTCGAAAATATAGGGCCCGTTTGGCCCGAGCGCGCAGTTACCGGACCATAAGTCACCGTGAAGCAGCGACGGCTGCGGCTGATGACTGCTTAGCCGTTGCTGAACAATATCAACAAGATGATCGATATCACCAAAATGCAGGC
NZ_CP180088.1_gap62	2433769	2436738	2969	TTATCCAGCGAGCAAAGGCGGGTGCCCTGATTGATGGTTGCCGCACTACCCGCCGCAACGCCAAAGCGAACCATATCTTCAAGCGAGGCGTTTTCCGCCAGCCTTAAGGTCATTGCGCCGACCATACTGTCACCGGCGCCGACGGTGCTCTGGCTTTTCATCGGCGGCGGTACCACCTGAACGCTACCCTGGGCATCAACGCCGAGCGCACCCTGGGCGCCGAGGGAGACGACGACGCGCTGGACTTTGCCCGACCGAATGAGCTCCTGCGCCGCAAGACGCACATCATCCGGCTGGCTCAGATCGCGCTGTACCAGCGCGCTAAGCTCTTTCTGGTTCGGCTTAACCAGCTCGATATTGCCGACATCAAGCGCTGCGGCGAGCGCGTCACCGGAACTATCAACAATACAGCGCAATCCATGCTGCTGAGCGTTTTTGACCAGCTGCGTCAGGTTATCGACGCTGATGCCGGGCGGGAGACTTCCGCTAATCACCAGCAGGGAACCCGGGGCGATGGCGAGGACCTTTTCCTCAAGGAGCTGGAGCTCCTCCTTAGTTAACGCTGCGCCCGGCATCACGAAACGATATTGCTCGCCGCTGGCGTTCACATGCACGTGAAGATTCTGCCGCGTCCAGTCATGGGTCTCTACCGTATCGACGGGAACATGTTCATCCGTCAGCAGCGCCGTCAGGTGTTCGCCTGTCGCCCCGCCGACGGGAAAGATGGCTGTGGCGCTGCCGCCAAGAAAAGTGATGGCTCGCGCAACGTTAATTCCGCCGCCGCCGGGTTCAAACACGGGAGCGCTACAGCGCAGTTTGCCTTCCGGGTAAATTTGCGGGGTCTGGGTTGCGCTATCGAGCGAGGGGGCTAACGTGAGCGTATAGATTTTGGTCATCCAGTTTCCTCCATAATACGAATTTAGCTGCTCTGGTTTTAAGCATGGCACTTAAAGGAGGGAAGGGGAAGCGACGCGCCACTTATACAACGCAACCTCTTTTTATCTTTATGAAATAAAAATTGTTTTGAGAAGCGTCTTATACAAAAAATGAAAGAGTAATTGATTGCTAAGTTAATCGTGCTTTTTTATAATTTACTCCCTTTCTTAGGACCGGCTATCCGCGATCCTCGCGAAAGCTCCCGGGACCCTCCAGGTCTCCTTATAGGTTGTACGGACTTAAAATTAAATGAAGCTTTTGAAGACAGTACCCGCAGCGGCGTTGCTCGCGGGAGGGCTTTTTGCGTCTGCGTGCGCAATGGCCGATGATTCCGTTTTTACTGTCATGGATGACCCATCTTCTGCTAAAAAACCTTTCGAAGGTACTGTTAACGCCGGTTATCTGGCGCAGTCCGGCAATACGAAAAGTTCCTCAATGACCGCCGACTCCACGTTGACCTGGTATGGCAATACCACCGCATGGTCGCTGTGGGGGAATGCCAGCAATACGTCGTCAAACGATCAGCGCTCTTCGGAAAGGTACGCGGTGGGGGGACGTAGTCGTTACAACCTGACTGACCAGAACTATATATTTGGCCAGGCCAGCTGGCTGACGGATCGTTACAATGGTTATCAGCAGCGGGATGTGTTTACCGCAGGTTATGGTCGACAGATTATGAACGGACCGGTACACAGCCTGCGTTTTGAATTTGGTCCTGGCGTACGCTACGACGAGTATACCGACGGCGATACTGATACTCAGCCGTTGGGCTATGCTTCCGGCACTTACGCCTGGCAGATGACTGATAACGCCAAATTTACGCAAGGTGTTTCGGTATTCGGCGCTGAAGATACGACGCTGAACTCCGAAAGCGCGCTGAACGTTGCCATTAATGCTCACTTTGCCCTCAAGGTCGCCTATAACTTGACGTGGAACTCTGAGCCGCCGTCATCGGCGCCGGAACACACCGATCGCCGTACCACGCTATCTCTCGGTTATAAAATGTAATATTTCAGGCCAGATATTCTGGCCTGATTGTTTTAAATTTGGCAATAAGTGACATTATTATTTTTGGTCTCTCGTTTTGTTTTTTATAAAAAGAAATCGTCTTCATAATTTCCCCACAATTGCTATTTTGCTGACAAATATGCAGTTAATTTGACACGAAAAGATAAATATTGGGTCGGACAAAAATGTGATCTGGATCTATACTGTTGCACACAGGCGGCGATAACGACGCCGTTCTATTTATCTGAAACAAATAAGAGAATGACTATCATGAGAAATAGCAAAATCGCACTCGCGGCCGTGATGCTGTGCACGCTGTCTTTTGGCGCATTTGCCGCCGCTCCCGCACCGCAGCCGGGTAATAACGAGCATACCCAAGTTGGTATCGCCAAAGCTACCGATGTCGAAGCAGGCTCCAACATAGCGCCGGGCTCACAGTCTACCGGGCAGTCAATGAATGATGCTTTTGATGTTCATAAACTTGTCGCCGGCGAATGGTCCTGATATTTCATTGTTCTTGAACATCATCCTTTAATTATTTCGTGAAGCAGCAAACCGGGTAATGCCGTACCGGTTTTGCTTTCCGCACTTTGTGTTAAACATGCATAATTGATGTGAAAGCATAAATATTCTTTATGCGTCATATCGTCCTGCCGCGCTCTTTTGCCGCACGGTTCCGCAGCAATTACGCTGGGTTTGTTGCGCCGCGACCTTTTTTTTCCATCAGCAATAACCATTTAGTCTCATGTGACTTTTATCACGCACTAATGATGTGTAAACTAACCGTCGGTGTTATCAACAGGCGGCTGCAGGTGGGTACGCGTCGGTGAACGAGCGTGCACATATTTTCGCAGAGTGAAGCGGGAACTGGGCCTGAACGTGTTGATAATTATGATTATATTGTTTTGTATGTGCTCTTTCGTGCGGGGCACCACTGCAAATAAGGACATGAAATGCCTGTAATTACGCTTCCTGATGGCAGCCAACGCCATTTTGATCACGCTGTGAGCCCGATGGACGTCGCT
NZ_CP180088.1_gap63	2438348	2442842	4494	ACTACAAAATGCGGGCATTCGCGTAAAAGCAGACTTGAGAAATGAGAAGATAGGCTTTAAAATCCGCGAGCACACTTTACGTCGTGTCCCTTACATGTTGGTCTGTGGCGACAAAGAGGTAGAAGCCGGCAAAGTTGCCGTGCGTACCCGTCGTGGCAAAGACTTGGGCAGCCTGGACGTAAATGAAGTTATCGAGAAGCTGCAACAAGAGATTCGCAGCCGCAGTCTAAAACAACTGGAGGAATAAGGTATTAAAGGCGGAAAACGAGTTCAAACGGCACGTCCGAATCGTATTAATGGCGAGATTCGCGCCCTGGAAGTTCGCTTAACTGGTCTGGAAGGCGAAGCTTTGGGTATTGTGAGTCTGAGAGAAGCGATCGAAAAAGCTGAAGAAGCTGGAGTAGATTTAGTTGAAATCAGCCCTAACGCCGAACCGCCAGTTTGTCGTATCATGGACTACGGCAAGTTCCTTTATGAAAAGAGCAAGTCTTCTAAGGAACAGAAGAAAAAGCAAAAAGTTATCCAGGTTAAGGAAATTAAGTTCCGCCCTGGCACCGACGATGGCGATTATCAGGTAAAACTCCGCAGCCTGATTCGCTTTCTGGAAGATGGCGATAAGGCCAAGATCACGCTGCGTTTTCGCGGCCGTGAGATGGCCCACCAACAGATCGGTATGGAAGTGCTTACCCGCGTCCGTGACGATCTGAGTGAACTGGCAGTAGTCGAATCCTTCCCAACGAAGATCGAAGGCCGCCAGATGATCATGGTGCTCGCTCCTAAGAAGAAACAGTAAGGCCTTCAAGTAGCAATGTCTGTGGAGCCTGCGGGTTCCGCAGCCGTTGTTCGCCTATGTTTCGTTTATTAACAATGCGAAGTGGAAGTTATTAAAATGCCAAAAATTAAGACCGTACGCGGTGCTGCTAAGCGCTTCAAAAAAACCGGTAAAGGTGGTTTTAAGCACAAGCACGCTAACCTGCGTCACATTCTGACCAAAAAAGCTACCAAGCGTAAACGTCACCTGCGTCCGAAAGCCATGGTTTCTAAAGGCGATCTGGGCCTGGTCATCGCGTGCCTGCCGTACGCATAAGTCGTTAACCCTTTTAACTTTTTAATTAGAATAGATACAGGAGAGCACATATGGCTCGCGTAAAACGTGGTGTAGTTGCCCGTGCACGTCACAAGAAAATTTTGAAACAAGCTAAAGGCTACTACGGTGCGCGTTCTCGCGTATACCGCGTTGCCTTCCAGGCTGTTATCAAAGCTGGTCAGTACGCTTATCGTGACCGTCGTCAGAAAAAGCGTCAGTTCCGTCAACTGTGGATTGCGCGTATCAACGCAGCAGCACGTCAGAACGGTATTTCTTACAGCAAATTCATCAACGGCCTGAAAAAAGCCTCTGTTGAAATCGACCGTAAGATCCTGGCTGACATCGCCGTATTCGACAAATTAGCGTTCACCGCGCTGGTCGAAAAAGCGAAAGCAGCTCTGGCATAAGCCAGTTGAAAGAGGGAGCTTGTCTCCCTCTTTTCGTTTCAAGACTATCAATACATTGACTTTTATCCGCGTAAGCTTTTCAATATCGATCTTACGTTTTTTAGCAGACAAGGTAATGCAAGCATGAATGCTGCTATTTTCCGCTTCTTTTTTTACTTTAGCACCTGAACTCAGGAGGCTAGCGCGTGAAAGAAGAAACGGAAAACAGCGCCAAAAAGCCTCCCACTGTGGAGGCTTTTTTTGTATCTGAACTGGCTTGTTCTATTTCAAGCTCCAGACGTGTGGATTGACCGGGTCATTCGGTCAAATGGCGAATGACCCGCCGTCTGCGGCTCGAAATAGTGAAAGCAAAATAATAACCATAACCGGTGTCTGCACCGACATAATGAGGAAAACCATGTCACATCTCGCAGAGCTGGTTGCCAGTGCGAAGGCAGCCATTAACGAGGCATCAGATGTTGCTGCGCTGGACAACGTCCGCGTGGAATACCTGGGTAAAAAAGGGCTCCTGACCCTTCAGATGACGACCCTGCGTGAGCTGCCTGCTGAAGAGCGCCCGGCAGCCGGCGCGGTTATCAACGAAGCGAAAGAGCAGGTCCAGCAGGCGCTTAACGCGCGTAAGTCAGATCTTGAAAGCGCCGCTCTTAACGCGCGCCTGGCCTCGGAGACCATCGATGTCTCTCTGCCGGGGCGTCGTATTGAGAACGGTGGCCTGCATCCGGTGACCCGTACCATCGATCGTATTGAAAGTTTCTTCGGTGAGCTCGGCTTTACCGTCGCGACTGGCCCGGAAATCGAAGATGACTACCACAACTTCGATGCGCTGAATATTCCTGGCCACCATCCGGCACGCGCTGACCACGACACTTTCTGGTTTGATGCCACGCGCCTGCTGCGTACGCAAACCTCAGGCGTGCAGATCCGCACCATGGCTAACCAGCAGCCGCCGATCCGCATTATTGCGCCAGGCCGCGTCTATCGTAACGACTACGATCAGACCCATACCCCAATGTTCCATCAGATGGAAGGCCTGATCGTTGATACTAACATCAGCTTTACCAACCTGAAGGGAACGCTGCACGATTTCCTGCGTAACTTCTTTGAAGAAGATCTGCAGATTCGTTTTCGTCCGTCCTATTTCCCGTTCACCGAGCCGTCGGCCGAAGTCGACGTTATGGGGAAAAACGGGAAATGGCTGGAAGTGCTCGGCTGCGGGATGGTGCATCCAAACGTACTGCGCAACGTGGGTATCGATCCGGAAATCTATTCCGGCTTTGCCTTCGGCATGGGTATGGAGCGTCTGACCATGCTGCGCTACGGCGTGACCGACTTACGCGCGTTCTTCGAAAACGATCTGCGTTTCCTCAAACAGTTTAAATAAGGGCAGGACAGAACAATGAAATTCAGTGAACTGTGGTTACGCGAGTGGGTTAACCCAGCTATCGATAGCGAAGCGCTGTCGGACCAGATAACGATGGCCGGCCTTGAGGTTGACGGCGTTGAGCCGGTTGCGGGCAGCTTCAACGGCGTTGTCGTTGGGGAAGTGGTTGAGTGCGCTCAACACCCTAATGCTGACAAACTGCGCGTCACAAAAATTAACGTCGGCGGCGAACGCCTGCTGGACATCGTCTGCGGCGCGCCAAACTGCCGTCAGGGCCTGAAGGTTGCCGTTGCAACCATCGGTGCCGTACTGCCGGGCGATTTTAAAATTAAAGCGGCAAAGCTGCGCGGCGAGCCGTCGGAAGGCATGCTGTGCTCCTTCTCCGAGCTGGGGATCTCCGACGATCACAGCGGTATTATTGAACTGCCCGCCGACGCGCCGCTGGGTACCGATATCCGCGAATACCTGAAGCTCGACGATAACACTATCGAAATCAGCGTCACGCCGAACCGTGCCGACTGCCTGGGTATTATCGGCATTGCCCGCGATGTCGCCGTGCTCAACAAGGCGCCATTGAATGTCCCGGAAATGGCCCCGGTTGCCGTGACCATCGACGACGTTCTGCCAATTCAGGTCGATGCGCCGGAAGCATGCCCGCGCTACCTGGGCCGTGTGGTAAAAGGCATTAATGTCAAAGCGCCGACGCCGTTATGGATGAAAGAGAAGCTGCGCCGCTGCGGCATTCGCTCCATCGATGCCGTGGTTGACGTGACCAACTACGTTCTGCTCGAGCTCGGCCAGCCGATGCACGCCTTCGATAAAGACCGCATTGAAGGCGGAATTATCGTGCGTATGGCGCATGAAGGCGAAACCCTGGTCCTGCTCGACGGCTCCGAGGCTAAGCTGGATACCGATACTCTGGTTATTGCTGACCACCAGAAAGCCCTGGCTATGGGCGGAATTTTCGGCGGCGAGCACTCCGGCGTAAACGATGAAACGCAAAACGTTCTGCTGGAATGCGCGTTCTTCAGCCCGCTGTCCATTACCGGTCGCGCCCGTCGCCATGGTCTGCATACCGATGCTTCCCACCGCTACGAGCGCGGCGTGGACTCCGCGCTGCAGTATCAGGCAATGGAGCGCGCAACCCGCCTGCTGATGGATATTTGCGGCGGTGAAGCGGGCCCGATTATTGACGTGACCAATGAAGCGACTCTGCCGAAGCCTGCGACCATCCGCCTTCGCCGCAGCAAACTGGATCGTTTGATTGGCCATCACATTGAAGATGCGCAGGTTAGCGACATTCTGCGTCGTCTGGGCTGTGAAGTTACCGAAGGCCAGGATGAGTGGCATGCCGTGGCGCCGAGCTGGCGTTTCGACATGGAGATCGAAGAAGACCTGGTCGAAGAGGTTGCCCGCGTCTATGGCTATAACAATATTCCTGATGAACCGGTACAAGCGGGCCTGATTATGGGCACTCACCGCGAAGCGGATCTGTCGCTTAAGCGCGTGAAAACGCTGCTCAACGACAAAGGCTATCAGGAAGTGATTACCTACAGCTTTGTTGATCCGAAAGTACAGCAGTGGATCCACGCCGGCGAGGAAGCGCTGATTCTGCCGAG
NZ_CP180088.1_gap64	2537595	2539275	1680	CAGGTGATTCTACAGCTTCAGCTGAATACTCAATCAGTGCATTCAGCACTTTTAGCGCTGGTGTTCTTGGTATTTATGCTGGTTTGGCCGGTGATTTTGCTCTTTTGGGGCCTGTAGGTATTTGTATTGGTTTGGCCATCTTAGGCGCGGTACTGGCAACCATGGCGGCAGATGAAGTTCGTTCACCGCTGGAAGTATGGCTCAGTGACACCTGTTTCGGCCTCAAGCGAGCCGAACATGAAAAACACTGGGATGCTAACAGTCTTACGGATCTTCAGGCCGCGATGAAAGCATACTACACCATTGCTAGCGGCGTCTCTGCAGAAATCCGGCGTGAAAGAATGGCCGAAGTGGTGCTCAATTCTGCCGGGACGGGGCTGATTGCCGTGCAGGTGAAGCTGCCGGGGTGCAGTAAGATGGGTTCGGACTGGCTGATTGAACTGACGGCCAAAGGAAACGGTGGCAGTCAACTGCTGGCTCAGTCGGCGTGTTCAGGGAAGGTGACAAACGTGGAAACTGCGGCTAAGCAGAGTTTTGATATCACCCCGATGGGAATGGGATCGGCCACCTTGTCTGCTGATTCAGTAATGAAAGAAAGCTGGGAGACAAATGGGTTACTGCTGCAGGGAGAGTTTGCGTTTAACCGCATGAAATTCAGCAATGTGGAGCTCAACGTGACCTACTGGCCAGATAAGCACAAACCGGAAGAAAGTCTGCAGCTAACAACCAGCGCTTAAGGCAATTAAGGATAAAACGATGTCACAAGACGCTTTTTTTCAGGAGCAAAGTGAAGTTCAGCCAAAGCTTAATCCTCCCATATATCGCTGGCAGGAGGATATGCCAGAGAATAACCAGCCTCAGCTAGTGCCTCCCCAGCTGATTTGGTTAAATACGAAAAATAGTATCTGGATGGAAGTTCCACGCTACGAAGGGGTTGTCTGGGGGGGGATGATTTTGGGTGCCATTATGACATTGGCTATTATTGTTTTCATGACGGTTCTAGGATGGTTAATTGAGCAGGAGCTTAATGGGGAGGGAATTTTAATTATTTATGCTTTTGGTGATTTCTTTCTCATTACGCTGATGTCCATGTTTTTAAAAATTTATTTTTTTGAACCCCGAGATCAGCCTATACGACTGAACAAGCAACGACAGGCGATTTATACTTTCAATTATAAAAGAAAATGGTGGAATCCCTGGGCCAGATGGCCAGCCACTGTCAAAGCCTATCACTGGCCCGATATTCACGGCGAGATGCGGTTTTCCAGCGACCGCTATACCGGGGGTTTTCAGCTGTTTGCTTCCGTCTGTCAGCCAGGAACGCTGAACGTGACGGAACGCTTCCAGATTGCCAGCGGCTCGCCTGCTCAGCTGCAGCAGCTCTGGAGCTATCTGTGCCTGTATATGAAAGGTGAGCCCGTGCCGGATGAGGCGGTGAATAAAGGCCGCCCTGATTTCTGGTGTCCGCGTAAAGCGGATAAATGGCCTGCAGAAATGGAACGTGAATCCACTACTGCGCCGGACAGTGAACTTTCTGCTCTCCGCGCCTGTAGCGAACTATCTGATAAGACGAGTTAATCGCCAGTGCTAAGGACAAGATAATGTCTCAGGACGCAATTTTTCAGGGCCAGAGCGAGGCTCGGCCAAAGCTTAATCCTCCCATATATCGCTGGCAGGAGG
NZ_CP180088.1_gap65	2701553	2704357	2804	GTGCTGCAGCAAATCCTGCGGCTTTCGCGGCTGCGGCGCTTGCGCCAGATAGTGCGGCGAGGCGACGACTTTCATTTCAAGGTCGCCGCTCAGCCTGACGGCAACCATATCCTGATGGAGCTTTTCACCGAGACGAATTCCGGCGTCAAAACCGGAAGAAACGATATCGACTAAAGCATCGTCGGTAACAATATCCAGCTCAACGTTGGGATAGCGTTGCATAAATCCGCCCAGCAGCGGCGCCAGATAATGAATCGCAGCGATGCGCGACACATTGAGGCGCAGGCGGCCCGCGGGCGCGCTGGCCGTCCGGGCATCGGTAACCGCGTCTTCCAGCGCCGCCAGCGCAGGAGCCAGCCGCTGCATCATGCGCTTGCCGGCCTCGCTCGGCGCGACGCTGCGCGTTGTCCGGTGTAATAAACGTACGCCGATGCGCTCCTCGAGACGCCGGATGGTTGCGCTTAAGGTGGAGGTCGTGACGCCGAGATGCGCCGCCGCCCGGGTAAAACTGCCTTGCTCAACGACCATCGCGAAGGCTCTTAATTCCGCAAAATCACTTCCGCGCATTATGGCTATTACCCCAAACAGTCTTATTGATAGTACTGGTATTATCAAACAGTTCTTCGCTGGTTACCATCCTGATAAATGTGATTACGCAGAGAGGGGCAATGACCATGGCGAGATTTAGCGCAAAAAGAGTTCTTATCACCGGTGCGACAAGCGGAATCGGGCTTGCCGGGGCAAAGCGCATCGATAGCGAAGGCGGTTGGGTGATCGCCACCGGGCGCGATCCCGGACGGCTGGCGTCTCTTCGCCGGCAGCTCTCGGATCGGGCGCGGGTCATTGACAATGATGCCAGCGATCCGCTGACCGGCGCGGCGCTGGCCGAGGCGATCGATTCATCCGGCGGACTTGATGGCCTCTGGCTCAACGCCGGATACGCAGCGGTTGGGGAGCTGTCGCAGGTGGATGCCGCGGCCTTTGATCGCATGATGGCGACCAACGTGCGCGGGCCGGTTCTCCAGATGGCGGCGCTCGCCGGAAAGCTTAATGCGGGAGCCTCGGTGGTGGTGACGGCGTCCACTTCCGCTTATGAAGGGGCCGCGGCGGCAAGCCTCTATTCGGCGACTAAAGGCGCGCTGATTTCGTTAACCCGCTGCTGGGCCTCGGCGTTAGGGGAACGAAATATTCGCGTTAACGCGCTGATTCCCGGCCCGATTGACACCCCATTTCGCCATTTTATGCGCGACGAGGTGCGCCGCGAATTTGAAGCCTCGGTGGTGAGCCGCCTGGCGCTTCACCGCCAGGGGACGGCGGCTGAAGCGGCTGATGTGGCGCTGTTTCTGCTTTCCGACGCGGCGTCCTTCGTGAGCGGTAGCCAGTATGTCGTGGATGGCGGGCTGACGTTGCGCTAATAGCGCATTGGCCTCGCCTCGCAACCTCGGCGCGCCGAACGCGCCGCTGGTTGGATAACGACCAATCGGCAGCTGAATGGCTTCAGGGGGATGAAAACTGTGACTCCGGTGGCGGTAAAGCGCGTCGCTTAAGCCTTACACTGCCATTAATAGCCATGGTCAATGAAAGGGTTTGCCTCAGGCCTGCGCTTTCGTCCCGGAAGGTTCTTTCGCGTTTAAATGGAGGTTTTTATGAGCAGTAAGCCAACCGCTTCAATGATGGAACGACGCCACCCTGAAACCACCCATATTGATAGTCTTGCCACCCTCGATATGCTGACGCTGCTGCATAAGGATGATAAGCGGATTGCCGATGCCGTTGAGGCCTGTTTGCCGGCGATCGCGCGCCTGATGGATAACGCGACGGCGACGCTCAGCCGGGGAGGGCGGCTGGTGATTGTGGGGGCCGGGGCATCGGGTCAAGCCGCCGCACAGGCGGTGAATGAATTTACCCCGGAGGGAAAACATTCGCTGGTCGCCCTTATCGCCGGAGGAGCGACCGCCGCGCGGCAGGAGATGGAAACCGCCGCGAGTCATTACGATCTTGGCGCTTTCGAACTTGAGGCTCTGCGATTCAGCAACCAGGATATGCTGCTGGCGCTGACGGTTAGCGGCAAAACGCCGTGGGTCTGGGGCGCGATGCGCCACGCCTGGTCGCTGGGGGCGCCGATTGCGGTTGTGACGCAGCAGCCCGCCAGTGAAGCCGCGCAGCTAGCGGATATCATTATCGCCCCGCAAACCGGGCCGGAAGCGGTGGCGGGTTTCGGGAATCCGAAAGCGCGCATCGCGCAGCGGCAGATCCTGACGATGCTGACCACCGGGCTGGCGATTCGCGAAGGACGGGTCTATGAAAACCTGCGCGTCGATCTGCAGGCCAATACGCCGCACGAGGCCGAGCGGCAGATAGCGATCGTGATGGCGGCGACGGGGTGCTCGCGCAGCGAGGCCAAAGCCGCGCTGGCCAGCTGCAATCAGCACTGCCGGACGGCAATACTCATGCTCCTCAGCGGGCTCGATGCCTGGCAGGCGCGCGAGCTGCTGGCAGAGCATAACGATCATCTGCGGATTGCGCTACGCGCGGCGCAGACGGTTGCCTGAACTTAACCCGACGGCGCGTATTTCCACAATACGCGCCGGATAACGCAAAATAATCTGGTCATCAACAGCATCGTTATTCCATACTCTTCATCCGCTTACCCGGGTTTAATTCCCCGTTTGAAAATGGCCATCGCAAGGCGTATTTATTGCTGCTGGCGAGGCTTTTACTTTTTTAAGTTAAAAAACCAGGTTAACAATAATTAGCTATGTGTGCGGATGTGTAAATGATATTTTAAAATAAAGTAAAAGTGC
NZ_CP180088.1_gap66	2706424	2709415	2991	CGTCGGCTGCCCGCTGTTTATTCATAAAGGGCGCAACCTGCTGCCGCTCCCGGCGGCGTGGACGCTGCTGGAGTACTGCCAGGACGTCATGAGCCTGATGACCCGCGGCCTGGAAGCGACGCGTAAAGTAGCCGGCGTCGGGCAGGGCCGGCTGCGCATCGGCACGCTTTACTCCCTGACCCTTGAAACCGTGCCGCGCATTATTATGGGCATGAAGCTGCGTCGGCCGGAGCTGGAGCTGGATCTCACCATGGGCTCCAATCAGATGCTGCTGGATATGCTGGAAGATGACGCGCTTGATGCGATCCTGATCGCCACCAACGAAGGTGAATTTAATAATTCGGCTTTTGATGTGGTCCCGCTGTTTGAGGACGATATCTTCCTCGCCGCCCCGGCGACGGAACAGCTGGATACCACCGCTCCCGCCGAGCTGCGCGATTACGCCAGGCGCAAGTTTGTTTCGCTGGCGGAAGGGTTTGCCACCTATGCCGGATTTCAGGACGCCTTCCAGGTGGCCGGATTCGAGCCTGAAATCGTCACCCGGGTTAACGATATCTTTTCGATGATTAGCCTGGTGCAGGCGGGCGTAGGCTTTGCGCTGCTGCCGGGACGAATGAAAAAGGTGTATGAAAACGACGTACAGCTGCTGAAGCTGGCGGAGCCGTATCAGATGCGCCAGCTGATCTCCATTGTCTACTCACACCATCGTGAGCGCGACGCCGACCTGCTGGCGCTGGCGGCAGAAGGGCGGATGTACGCCCGCAGCCTCAGCCGTTAAGCCGGTTCGCCAGGTGACGGGCAACGTCGATACCGCTGCGCTCCAGCGCAATACACTCCCCCTGCCAGCCCGCCTGGCGGGTGAGACAGGTCAGTACGCCGCCGGGCGGCATCTCGATCGCCAGCCGCGCGTCCCGTTCATCAGCGGCGATCATCGCTTCCTGCCAGCGCACGGTTCGCGCCATATTCCGCGCTAAATCGTCGGCAATGCTTAACGGGTCCCATAAAACGCGCGCCGTGGAGCCGCTCAGATAGGCGCAGCGCGGGCGCTGCAGCGTGACGTCAGTGAATGCCTTTGCCAGCTTAGCCGCCGGTTCATCCAGCAGCGCGCAGTGGGAAGGTACGCTGACCTCCAGCCGCTGTGCTTTACCGGCGCCAGCCGCCAGCGCCAGCCGGGCTACGCGGGCCATCTCGTCGTCGCGTCCGGCAATGACAATCTGCGTTTCCGCGTTCAGGTTGGCAATATAGAGGTCGCTGCCGGCAATCAGCTTTTCCACGCGGTCGAGCGTCAGGCCCATAATCGCCGTCAGCCCGTAACCGTGAGGATACGCCTGCTCCATTAAATCGCCGCGCAGCGCCACCAGCCGCAGGGCGTCGGTGAAATCCAGCGCGCCGGCCATCACCGCCGCCGGGAAAGCCCCTATCGACAGGCCGCTGACCATGTCCGGATTTACTCCCTGACGCTGCAGCTCCCGCGCCCAGGCTGTGCCTGCGATCAGCAGGCACAGCTGCACCGCACGGGTATGTTTTAACGCGGCGGCGGTATCTAAATGGTCTACTTCATCGCCAAGCACGGTTCGCGCTTCAGCGAGGATATTCTGGCGGTCGGGAAGCGCGGCGAGCATATCCGGCCGCTGGTTTCCCTGACCGGGAAAGGTAAAGATAATTTTCATGCTTCCTCCCTGTTCCACGGCGCAGCGGTCAGGCGCGCGCCGCGGGACGTTTTCAGCAGGGCGCGGCCATCGCGCAGCCACTCATTTAGCGCGAAAGCCCCTGCGGGCGTTTCGACCTGGGTATCCGCCCGGCAGGGCAGCTGCGCGACGCGGGACTGCCAGGCGAGCAGCGCTTCGCGAGCGATCGGCTGCGGCGCGCGGATCAGCAGATCGAGATCGCTGGCGGCGTGAAGCACCGGAATCTCGGTGGCCAGCGCGTAGCCGGTGCTGCCGGTAATGCCCCAGCGCCACGGCCAGGGGTGTAAGGTCAGTGATATCGCCGCCTGTACCGGCGGCTGGGAGACAAACGGCGAGCGCAGGAGCTGTTGGCGATCGGCGAGGGTTTCCGGGCTGACGGTACGGACGATATTTTCCCTCTGTACCCAGCCTGCGGCCCGTTGCTCGCGCTTCATACCCCGTACGCCCACCGGAATGCGGGCGTTAGCATCAACGTCGCGTCGTACCACCACCGGCAGGCTAATACGCCAGTACTGTGCGACCCAGGACTCCTCAATCGCCTCCAGCGCGGCGGCATTATTCAACCAGACTAAATCATGAGGACGCGGCGTTGATGACATCGTTAGATTCCTGACGTTAAGGTGATAAACAGCGGCAGCGACAGAATACACAGAACCGAGCTTAACAGCAGCACCGCTTCCGCATCCGGCGACTGCACGCCAAAGCGGTTGCCGAAGACCACGCCAAAGAAACCGGCCGCCAGCGCAATCATCAGAATGGCGGTAATGGCGATAGAGCCGTGCAGCCCCAGCAGCATCACCAGACCCCAGGCGATAAACGGCTGCACCAGCAGTTTGACAATAGTGGAAGTGGCAATCAGCGCATTGAGCTGCAGCTTACGCGCCGACAGAATCACCCCGGTCAGGAACAGCGCGGCGGCGGTCGCCGCCAGGCCCAGCGGTTTGATAGAGGCCAGCAGCAGATCCGGCATTTTGATACCGATGGCCGAAAGCACGACCCCCAGCAGCGGACCCCAGACAATCGGTTTTTTCACCGAACGCCACATCAGAACCGGCAGCATTGCCAGCGTCGAGCCGCTGTTCTCTCCGGCGGCGAGCGCTTTTTCACGTTCCAGAATCAGCAGGCAGAACGGCGTCATCAGTACCGATCCGCAGGCGATGGAAACGGCGACGGAGAGGGAGGTGGAGGCGCCTTCGCCGAGCACGCTGCCCAGAATCGGCAGGCCAAGCGCGGCGTAGTTAGGCAGCGCGACGGTCAGGGTCAGCACGGCGGCATCCTGCGGCGAGCGCTTGAAGACGCGGGT
NZ_CP180088.1_gap67	2710482	2712093	1611	CGGTTTCACCGTTAAAATCGGCGTCGGCAACCTGCACCGATGGGCACAGACCGGTCATTAGCGGGGCGTTCGGCGCCAGCTGGTTTAGCCACAGCGCGGCGCGATTTGTGAACTGGCTCATTATTTCTCCTCCCGGGCGAATAGCTGTTTGATCTGCGCGGTATCCGCCTGCTGGCGGGTATCGAAATGGGTCAAACGGGTCAGGAAATCTTCATATTTGTCGCTGCGATGCTGCGCGGGCACGCCTTTGGCAATGGCTTCGTTCATCGCGCTTTTCACCGCGTTGATGCCATCGCCCACCAGGGCATCCACCAGCCCGCTGGCGTAGCGAATTTCGCCGCCGGTCATGCTCCAGATAAACGGACGGTCGCGGGAGTCGTACTCTTCAATCCCCGCTTCCTGTTCAATCACCTGCGGTCCGTTGAGGCCCAGACGCGCTTCACGGGTGACAATCAGGTAGCTGCACAGCGCCGCGGCGATGGACATCCCGCCGAAGCAGCCGACGGTACCGGCGACAATGCCGATTACCGGGGTGTAGCGGCGCAGGTCGACAATCGCGGCGTGAATATCGGCGATGGCGGCAAGGCCCAGATTGGCTTCCTGCAGGCGCACGCCGCCGGTTTCCAGACACAGCACCGCCTGGGTAGGAATGCCGTTGCGGTTATCTTCCGCCGCCAGCTCAAGGGCGGCGGCCATTTTCGCGCCGGAGACTTCGCCCATGCTGCCGCCCTGGAAGGTACCTTCGATGGCAATGACTACCGCCGGCTGGCCGTTAATGGTGCCTTTTGCGACGACCATACCGTCGTCGGACTGCGGGACGATGCCCTGCGCGCCGAGCCACGGGGACATAATGCCGTCAAAGGGATCCAGCAGTTCGCGATAGCTGCCGTCATCCAGCAGGGTACGGGCGCGTTCACGGGCGCGGAGTTCAATAAAGCTGCGATCGTTACGCATGTGCCACCTCCTCAAAAACCTGTTCAATACGGATCCGCGCGACGCCGGGCGTGGCGCCGAAATCGTGGATGATCAGCTGTCCGCCGGGCAGGCCGTTAATCAGGCTCAGTCGTTCGAACAGCGCGTTCCAGCGCGCCTGGCTGTTGTCCACGGAGGTGGTGATTTCGACGTTGAGCATATCGCTCTGTCCGGCGGTATAGAGCACTTCCATATCGCCGGAGCCGACAACGCCTGCCAGCGCTTTGCCGCTGAGGGCGCGGTTGGCAGGGAATGACAATTTAATCTGTTCCATAACATCCTCTGAATGCGTTAAGCGGAAACCCGGTCGAGAAACAGGGTGGCGGCAAGAAGATCCGCCGCGCCACCCGGCGAGGCGTTCTGCGCCAGCATCTGCACGTCGAGACGCGCCAGCGCGGCGCGCCCCCTGGCTGTCGCACATCCTCCTGCCGCCAGCACCTCGCCTGCGCCTTGCCGCATCGCCTCAAGGCCCGCCATTCCGGCGCGGGAGAGCACGCAGGTATCGCTAAGCGAGGTCATAATCGCCATCAGCGCGTCAAGCCGGGCCTGATCCTCGCTGGCCCCCGCGGCCCGGCTGCGCAATAGCTGCGGCAGCGCCAGGGTGGTGATGTGCGGAAAAGCGCGCTGCGCTTCTTCCCG
NZ_CP180088.1_gap68	2732739	2736399	3660	TCTCTTTGCCACGCACGCCGTCGCGGGTGGCGGTCATTTCCGCGCCGCGATCGATGGCGTCGGTCCAGCTAAAGCAGGAGATCTGGGTTTTCACCGGGTTTTCCGGCAGCGGCATGCGTTCGATGGTGATAGTGTAAGTTGACTCGCGAGCGCCGCTGTTGCCGCCGTTGATGCCGACGTTGCCGGTCAAAATAGGCAGCATGGCGATCGCCCGGGAGGTCAGTTCGCCGTTAGCCTGGCGCTGCGGACCCCATCCCTGGCAAATGTAAGCCGGCCTGGTGCTGCCGATTTCCCTGGCCAGCTTGATGATGCGGTCGACGGGAATGCCGGTGATCCGCGAGGCCCATTGCGGCGTTTTCGCCACGCCGTCATCGCCCTGTCCGAGAATATACGCTTTGTAATGCCCGTTCTTCGGGGCATCTGCCGGCAGCGTTTTTTCATCGTAGCCGACGCAGTACGTATCGAGGAACGCCTGATCGACCAGATTTTCATTAATCAGCACCTAGGCGATGCCCGCCACCAGCGCGGCGTCGGTGCCGGGGCGAATCGGGATCCACTCATCCTCCCGCCCGGCGGCGGTGTCCGTGTAGCGCGGGTCTATAACGATCATTCGCGCGTTAGAGCGCTCTCGCGCCTGTTCTAAATAGTAAGTGATCCCGCCGCCGCTCATGCGGGTTTCCGCCGGGTTATTGCCGAACATCACCACCAGCTTGCTGTTTTCGATATCGGAGGTGCTGTTGCCGTCGTTGCTGCCGTAGGTATAGGGCATCGCGCAGGAAATCTGCGCGGTACTGTAGGTACCGTAGTGGCTTAAAAAACCGCCGTAGCAGTTCATCAGACGCGCGACCAGCGAGGCGTAAGGGGAGGAGCGGGTGATATTGCCGCCGACAATCCCGGAGGAGTAGTTAATATAAACCGCTTCGTTGCCATACTCTTTGACGATGCGTTTGAGATTGTCGGCGATCGTATCCAGCGCCTCCTCCCAGCTAATGCGGACAAACTTGCCTTCGCCGCGTTTGCCGACGCGCTTCATGGGATAGTTAAGGCGGTCGGGATGATTAATGCGGCGGCGGATGGATCGGCCGCGCAGGCAGGCGCGCACCTGATGATCGCCATAAATATCCGCGCCGGTATTGTCGGTTTCGACCCAGACGACTTCATCGTCACGCACGTGTGAACGCAGGGCGCAGCGGCTGCCGCAGTTGACCGAACAGGCGCCCCAGACGATACGCTCCTCGCCGTGAGCGGCGTCTTGCACCGCGGCAGCGGCGTGACTCAGGCTGAAAGGCAGCGATAAACCGCCGGCGGCGAGAGCCAGCGAGCCAAGGGCGGTTGATTTGATTAGCGTTCGACGGGTAAGGCCGTCGGTATGTTCCTGGTTAGACATTGCTCACTCCATGATTTTGTTATAATGGCGTAATGCCAACGCCTTCGTAAGGTCGGCGTGGAGAGTGAGGAATGATACTTAAAATGGAGTAGAGAGATCTTATCCCTGGTCAACCGAGGGATAAGACTTCTCCAGACATTCGGCGAGGTTACTGCGCACCGCTGTCGCGGGTATAGATGATTTTAAAGGTGTCGTTGGCGCAGTGGCCGACAACCTGTGCGCCGGGCTGATCGGGCTGGTCGTTCGGGACTATCGTCAGGCTGAAGCCCGATTCCGGGACGCCGTTGTTGATGATTTTTTGCTGAATATCGTTTTTTACCCGCTCGCAGGAATCCGGCGCCGCGAAAGCAGCGGTCGAACCCAGAAGCAGAGCCGCACATAGCCAGGGTGATAGTTTCATCATAAACTCCTTATTAACGTTATCCAGACTTAAGCATAGCAGAAGTGGTGTAAACAATTGTATTTGCTAATATGATTGAACTATGCACAAAAGGAATCGCGCGTGAAAAAACGGTTGTTGCTGTTACTGGCTGTCGGGGCGCTTAGCGCCTGCGATGAAAAGGGCGCGCCGCAGGCCTTCACCCCGGAAATGGCCAGCTTTTCTAACGAATTTGAGTTCGATCCGCTGCGCGGGCCGGTGAAAGCGTTTAGCCAGACGCTGTATGACGAACACGATCAGGTGGTGAAGTGGGTTAAAGGGCGTTTATCCAGCGAAGGGTGTTTTGACCTGCTGGCATTTGAGGATCGGGAGAATAAAACCGGCGCGGCGTTGGTGCTGGACGCTAACTACTACCTGGATGCGCAAAGCCACGAAAAGCGCCTGCGTTTACAAGGCAAATGTCAGCTGGCGGAAATGCCCTCGGCGGGGGTCTCCTGGGAAACCGATGATAACGGGTTTGTCGTCACCGCTCGCGGCAAGGAGAGTACAGCGACGTACCGCTACGATAGAGAAGGCTATCCGCTGGGCAAAACCACCATAGCCAAAGGTGAACAATTTACGGTGGCCTCAACGCCGTCATCCGATCCGCGCAAAAAAATGGACTACACCGCAGTGAGCACCTTCAATGACCGCGCGCTGGGCAACGTAAGCCAGACCTGCGATTACGACAGTCACGACAACCCGGTAAGCTGCGAGCTTAAGGTTGTCGACGACAGCGTGCAGCCTGCGTTAACCCGCCACTACACCATCAAAAGCACTATTGACTATTACTGAGCCGTCGGTTTCAGCAGCGTCTGGCCCTGCGGTTTATGCTCGGCCAGATACTGGTGCTGGAACAGGCACATGCGGATGGTATTGCGGTATTCGCCGTTAATAAAGAATTCATGAATCAGCTCGCCTTCCACCATAAATCCGAGCTTGCGGTAGATGTGGATCGCTTTTTCATTTTCTTTATCGACGATGAGGTAGAGCTTATACAGGTTGAGCACCATAAAGCCGTAGTCCATCGCGAGCTTAGCGGCGCGGGTGGCCAGACCTTTTCCCTGATAATCGGGAGAGATAATGATCTGAAACTCGGCGCGGCGGTGCACGTGGTTGATTTCAACCAGCTCAACCAGTCCGGCCTTTTCGCCGTCGCATTCAATGACAAAGCGGCGTTCGCTCTGATCGTGAATGTGTTTGTCGTACAGGTCGGAAAGCTCAACAAAGGCTTCATAGGGCTCTTCAAACCAGTAGCGCATAACGCTGGCGTTGTTGTCGAGCTGGTGGACAAAGCGAAGATCTTCGCGCTCAAGCGGGCGGAGTTTGACGTGATAAGCGTCAGTCATGGGAGTACCTGTGTGTTATAGCGAAGTTTTGGTGATTGTGGCGCCCGTGCGGGCGCCATTCATTACGGGGTAATGGTGCGACCGGTGCGGCGGTCAAGGCAGCGCAGGGTGTTGGGCTCCCAGTACGCGTTGACGTTCGCGCTCTTCTGGCAGTTGTCCTGGGCGTCAAAAGCCACGTCGGCTTTATCCCACTCTTTTTCGGCGCGCTTGTTGACCTTCTGGCGTAAAGTGCGGGTGTCATTCCACTGCTCTTTTTCCATGGCGGCCTGCTGGCGGCTCTGGGCGCTGTCGCCGGATTCGATGACCAGCTTGTCCGTTTTGGCGAATGACGATGCGGTAAAGACCACCGCGCTCAGCGCCAGCAGGGCAGTCAGGCACCAGCGTTTGTTCAGTGTTGTGTTCATCACGATTTCCTTTAAGCGATTCCCTTGGATTGAGTTTACTACATCTCCTTTCGACGGCATACCCGACAAAACAGAGTAAACGACGGCCATTATTGCGTAGAA
NZ_CP180088.1_gap69	2857415	2859772	2357	CGCTGCGTTTTGATGGCGGAAATATTGTGGTGCCGGGGCCGGTCTTGACGGAACCGGCATCGGTCGCCGCGCCGTACGACCTGGTATTTGTGGCGGTAAAAGCGACACAAATTGCGGCTATTGCACCGTGGCTGCAAGCGCTGTGTCACGATCGAACGGTAGTCTGCGTGCTCCAAAACGGCGTTGAACAAAAAACGCTGTTCGCGCCGTACGTGGCGGAAGCTACCGTGCTGCCATCGGTCGTCTGGTTCCCCGCCCAGCGTGAACCTGAAGCGTCAGTCTGGCTGCGGGCGAAACCGCGCCTGACGCTGCCGGATGTTGAGGGGGCCGAGCGGGTGCGGCACGCGCTACGGGACACGCGCTGTGAAGTGGATATCAGCGCGGATTTTCTCTCCGTTGCGTGGCGTAAACTGCTGCAGAATGCGGTCGCCGGTTTGATGGTGCTGGCGGGGAGGCGGGCAGGGATGTTTGCCCGCGACGATATCACGGCGCTTGCTTTAGCCTATTTGCAGGAGGGGCTGACGGTGGCGCGCGCCGCAGGCGCCAGCCTGGACGACGGCGTGCCGCAGGAAATTCTCGCCGGTTTTCACCGTGCGCCTCCGGATTTAAGCACTTCAATACTGACGGATCGCGAGGCCGGGCTGCCGCTGGAGTGGGATATTCGCAACGGGGTCGTTCAGCGATATGGCCGTATTCACCATATCCCCACGCCGTTAAGCGATGTGATTGTGCCGCTGCTGGCCGCCGCCAGCGACGGGCCGGGCTAAAGGCGCGGGACGCCGGCGTGTTAACGTTCCCCGGGATCAGATTGATTCCGCCAGCCGGTCGACAACCACTTTGCCGCTATTATCAAACTGGGTGATGCGGTAATTCACGCAATAGGAACGGCGGGTGGTAAATTGATTGAATAACGCCACCCGGCCTTTTTTATCACCATTTTTATTCACAATAATCCATTCGGTGACGTCCGTTGAATTCTCTTTACCGCTGCTGGCGTCCTGTTGTTCGACCAGACGATCCTCTTTTTCTACCTTCAAAAAATCACGTAACATTTATTTATCTCCGCTCATCATTGTTTTTAACAATACTCTCTTTATCGATTCATTCAATTAAACATTTTAATCAAAGCTATGAATTATTAGTCAGGAATGAATTGGCTTAGTGAGTGTGTATCCCGTTGAATTTAAGTAACATAAATTTAATCACCTCACCCGGGATACGTATGTTTTTCCATGAGTAACGGTTTTTTTATCCCGAATCCATTTATGTGACAACGTCACATAAATGTTAATGTCGACCTACCTCACAGATAGAAATTTTATATGACGGATGCGAACTTGATCACTTGACTGGTCAAGTGGGGCGCACCTATGTTGAAAGCACCTTCTTATCCGTTCCGGGGAGCAAGAAACATGGGCATCATTCGAACGTTAAACGGGGATATTTCCGCTAATCAGCTGGGCGTCACCTACAGCCACGACCATATCTACTGTATTCCGCCCTATTGGGCCGAGCGTCAGGATGACGATCTGTTACTCGACGATCCGCAGGCTTCAGAGCGTGAATTAAGCGACTTCCACCGGGCGGGTGGTAACGCCATCTACGACGCCACCGCGCCGGATTATGGCCGTCAGGCCGCAGCCGTCGCCGCCATGGCGCAGCGCCAGCAGCTGCACATTATCGCCACTGCGGGTTTTAACAAAGGCTTTCTGTGGAGCAGCAAGCGGCCGGGCTCCGCGCAAACTTTCGCCGAATGGATTGCACATTCAGAGGTTGATGAACTGGTTGAACATGTCTGTCGCGAGGTCACTGAGGGGATAGAGGGCACCGAACATCGGGCCGGCGTGGTGAAGTGCGGTACCGGCTATAACGCCATTTCCCCTCTGGAACAAAAAACCATGGAGGTTATCGTTCGCGCCCAGCAGCGCACCGGGGCGCCGATGCACAGCCATACGGAAATGGGGACGATGGGACTCGAGCAGGCGCAGCTCTTTAAAAAATGGGGGCTGGATCTCTCCCGCTTATGTTTTGCTCATATGGATCGTAACCCCGATCCCTGGCTGCACCGTCAGATCGCCAACACCGGGGCGTTTCTCTCTTTCGACGGTATCAGCCGCATAAAATATCACCCAGAGCACATCCGTACCCAGGCCATCCTGGCGCTCTGCCAGCGCGGTTATCAAAAGCAGATCTTAATCGGCGGCGATTTTGCCCGTAAATCCATGAGCGCGCATTACGGCAAAGGGGGGCTGGGACTGAAATTTATCCTTAGCGACTGGCGGCCAAGATTCATTGACGAGGCCCGGGAAGCCGGGTTTGACGGCGAAGCGCTGCTGCATGATTTCTTCGTCGACAAC
NZ_CP180088.1_gap70	2880058	2884993	4935	TAACCTCGAAAAATGGACGGGGGTGCTGGAGGATAATTACTTCCTGCAGGAGAAAAGCGAATACGGCAATACTAACCAGACAAACGCCTTCTTTATGGGGCCCGTCGTACCGGGCAAACTCGGCGTCAGCGTGGGGGCTGACTATCTTGACCGTCGCGATGATGACAGCCCGACCCAGGAACGTTTTGTTAAGCATCAGGCGGGGAATCTGGACGCCACAATTTCTCTTTCGCCAACCGATACCCAGCTCTGGGATCTGAACGCCTCCAAAGGCAATCAGGAGAAAACCCATAACGATAAAGCGTGGTACTGGGGCTTTGACCGCGATGCGGTCTCGCTGTCACAGCATGCCTGGTACGGTGATGACCTGGTGGAGGTGAAGAACTTTATCAGCTACGAAAAGGCCCGTACGGAGTACCGCGTGCCCGGCATGGACTCGCAGTTTATCAAGCAGAATAATTTTGAGGCCAATAGCGCAAACACCTTTACACTGGCCGATCACAAGCTGACGCTAGGCGTAAACTTCACGCGCAATGAGCTGAATGACACCTTTGGTATTGCGGACAAGCAGGCGCCCGGGGTCACCCCGGTGAGTAAAATCACCCGTCACGGCTGGGCGGTTTTTGCTGAAGACGCGTGGATGATTGTACCGGACTTCACGTTGACCACTTCTGCGCGCCTGGATCATGACAGCTATTTTGGCTATCACGTTACGCCTAAGCTCTACGGCAACTGGACCATTGACGAAAGCTGGGCGCTGAAAGGTGGCGTATCCGCCGGCTATAAAAAACCGGACCTGCGCCAGAACAACGCCGGCTTTACCAGCGTCTACGGCGCTTATCCCTATTCTGAGATTGGTATCGGCAACGACGATCTCAAACCGGAGCAGAGCATCAACACCGAGCTGGGCGTGTACTGGCAGCAGGATGCGCTGGCGCTCGACGCCACGCTTTTTCATACCAAATTTAAAGACAAAATCAGCGACCATACCATCTGTACCGCCTCGGCTACCCGGCAATGCCAATACAACGGCTATACCGCGGATAGCGTGTCGCAATACATTAACGTCGGGGATGCGGAGATCTACGGACTGGAGCTGAACGGCGACTGGCAGGTGACCGCAGCGCTGAAAGCGAACGCCAACTATACCTATACCCACAGTGAACAAAAAAGCGGTGAGTATAAGGGTTATGCGCTAAGCGATTTCCCCAGCAGTATGGCCAACGTTTCGCTGACGTGGAACACCGCTTCCGATCTTGAACTGTGGACCAAGGCGAGCTGGCGCAGCAGATCGCCGGATATCGGCAAATCCAGCTCAACGGATGCCTATGCGCTGGTAGATCTAGGCGTGCGTTATCGCCTGAGTAAGCACGTCACGCTGATGAGCGGTATCTACAATCTGTTTGATGTGAACCCGGTTTACACTACCGCTTACCGGCAGAAGGCGATGCTGGAAGGGCGACGCTATAATTTCGGCGGCCGCGTGGAGTTCTGAAAATCGTGCAGGGGCCGAATAGCCCCTGCGATAACATGCAAAAATAGCTCTCAGGGCCTGAAGTCCAGAACCACATGACTGAATGTCTGATAGGTTTTTTCATCCGGCGCGGGCGGAATTTTGGCTTCTTTCAGCGCGGACATTACCGCCGCGCATAACGCCGGATCGCCGCTCTCGACCGCTGGATTATGCACCGTCCCGTCACGCTGTAGCGTTAAGCGCACCGAGCATTTTTGCCCCTGCCAGGACGCCGGCTGGTCTATTTTCGCGAAGATAGCCCTCTGGACCTGCGTCAGATAGCGTGAGACGTTGGCCTGCGGTGATTGATCTGAACCCGTTTGATAATCGCGAAACATCTTATCCACTTCTGCCGATACCTTCGCGTCTTCGGCGCTATCCGGCGCAGAAGCACTACCCGAGCAGGCGGAAAGAAGTAAAGAGAGAGTGCAAATGAGCACCGGGCGGATTTTCACGGACATGGTAATGCCTCCTTGCTGGTGATGATGCGTTTCTGACGCGAGACGGTTATCCTCTGTTATTGCGCGATATTATTCAAACGCCGATCGCCTGGTATGCGCTTTAAAGTGACACTGTCACTCATTCTTTGCCTTCGCTGCGGGCGGCTACGCCATCCAGTCGCGGATAATGTCTCCGTATAGCTGCTCAGCCTCCTCCAGCCGGCTGAGCAGGCAGTACTCGTCGGTCTGATGGGCCATAGACGGCTCGCCGGGACCGAGAATAATACAGGGTGGATCGGCCAACGCAGGCAGCAGCAGCGAGGCGTCGGTAAAGTAGGGCACCACGCGCGGTTCAATCGGCTTAGCGTGCAGCGGCTGGCAGCGCTGATAAACCTGCTTAATCCACGCATGATCCTCCCGGCTCAGTACGGCGGGCAGGTCGACCAGCGTGGATACCGTGACGCTTTCGCCAAGCAGCGTGGTCAAGCGCTGCCGGATAGTGGCGTGCTGTAAATTGGGCGCGCTGCGGATATCGACATCAAAACGCGTGCGGTCCGGCACGGAATTAATATTGAGTCCGCCTTCGATGCGTCCGACGTTGAGGGTGGGCTGCTTCATCAGCGGGTGCGCCGCGCCAGGGGAAAAATGCTGAATCTTACCCAGCGCATCCGCCGCAAGATAGATAGCATTTATCCCCAGCTCCGGCATCGCGCCGTGGGCGGTTTTTCCCCGCGTTTCGCAGCGTAGCCAGAGCGCGCCTTTATGGCCGATCGCCGGATAGTTGGCGGTGGGCTCACCGACGATCAGCGCGCCCACGTCCGGCAACGTCGCGGAGGCGATCAGCGCCCGTGCGCCGTCGCAGCCGGTCTCTTCTCCGCCGGTAATCAGCAATACCGCGCCGCATCCGGCGAGGATCGTTTCCCGCTGATGAACGCAGGCGACGGCAAACGCCGCTATCGCCGCTTTCATATCGCTGGACCCGCGGCCATAAAGACGCCCGTCTTCTATCTGCGAGCCGAAAGGATCGTACTGCCACCGGGCATTTCCCAGCGGCACGGTATCCAGATGACCGGTAAAGGCCAGCGATTTACCGGTCTTTGCCCCGGGCAGCCTGGCGATAAGATTGCAGCGTCCCTCGCCGAACGACGACAGCGAAACCGCAAAACCGCGATCGTTAAGCCAGTCGGCAAAGAACCGCATGCAGTCTGCTTCGCTGCCCGGCGGGTTGATGGTGTTAAAGCCCAGCAGCTGCCGGGCGAGCTCAAGGGTGGCGGCCATCAGCGACGTTCCGTCAGCCAGTCAAGGCAGTTAATCCACAGCTGGCGATAGCCGGGCCATTGAGCAAACTCTTCCGGCAGCCAGTGTGCCGACATATCGCTGGTCCACACCAGCGAGCGACCCTGCTGATATTCGCGAATGGCCAGCAGCGGATGACCGGTACCGGCCACGGTCGCCAGCAGTTTGCCTTCCGGATGCATTTCTACTTCGTTATAGCCCAGCAGCCACGGCCATTCGCCCGGAATATCGTTGAACAGGGCGTGGGATTCCGTCACTTCGGCATAGCAACCCTCCGGGGTTTCAATGCGATCGTCCCACGCCAGACAGCGGACCGGCAGAACTTTCTCCACCGCGGTATGGCGATAGCGCGCGCCGCCGTTAATCCCCTGGAAACTGTAATAGCCGCCAATCATCATCAGCGAGCCGCCGCCGGCCACGTAGTCATGCAGTAGCGTCAGACGGTTGGCGGTTCGGCGGCTTTTCAGCCAGGTGTCCGGATGCAGCAGCAGCGTATTGGCGCCAATATCCGAAAGAATAATCGCATCCCACTGCTGCAGCGCTTCCAGCGTCAGCGGAAAGTCTGTCGCCGCCGCGTGGGCGGGCATATAGGTAATGGCGTAGGCACTGTCCGCGAGCGCGGCCAGAAAATCCGTTGCGCCGGTGTGCCAGGTGGCGGTGGCAAACTGGTCGAAGCCTTTAACGTGCGTTGAGGTGCTGGTCCAGGATTCACCGACCAGTAAGATTTTTTTCTGCATTATGACTTTCCTTTTATCCGCCAAAAACCCGTTGGGGATTTCCAATCATCAAGGTTTCAAGCTGTTCGCCGCTGACGCCGTGGCGCCGCAGGCGGGGAACAAAATGCTTGAGTATGTAGCCGTAACCGTGGCCGCCGTAGCGGGTGAGCATGGTTTTCAGGAAGACGTCCTGCGACAGCAGTATTTGCTGGATATAGCCGTCGTCAATCAGTTCGCGAATCGCGCGGGCGTTCTCCTCGTCGGAGGGCGACTGCGCCGACTCGTCGGCGTAGTAATAGCTCATGCCGATCATGTCGTATTCGAGAAACGCCCCGCGCTGCGCCAGCTCCCGCTGGTAGCGCTTATCGGCAAAGCTGGGATTCATATGGCACAGGACGGTATGGCGTAAATCGGCGCCTTCCTGTTCGAGAATATCCAGCACCCGATGACCCAGCCGCTCCCAGCCGGGCAGATGGACCTCGATCGGCACGCCGGTCGCGGCGCTGGCCCGGCCCGCAGCGCGCAGCGATTTCTCCTCATCCGGCGTAAAGCGGCTCGAGATACCGATTTCGCCGATGAGCCCGGCGAGCACCTCCGGTTTCTCCTCCGCGCCGCCCAGATCGTAAATCAGCCGTTCGGTCAACTGTTCGACGCTGCTGGTTCTTACCCACTCGGGGTGCGAAGGTTCCAGATAGAGGCCGGTGCCCATAATAATGTTCAGACCGGTCAGGCGCGCGATGCGCGCCAGCGCGTTGGGATCGCGGCCGATACCGATATTGGTCGGGTCGACCACCGTTTCTCCGCCAAGGGCGCGATATTTCGTCAGCTCTTCAATCGCGACGTCGACGTCAAACAGCTGGCAGTTATCGCGGCTCATCAGCGGATTCAGCGACAGTTCGCCGAGGTTTTCCATTTTCACCGGCATTTCGGCAAGATGGCGATCGCTACAGCAGCAGGGCGGTACCCATTT
NZ_CP180088.1_gap71	2892635	2893346	711	CATGGCATTGACCTCTTCAAGTCTGGACTGAAGCAGGGGCATACGGCTGGTAATGTACTGGATGAGGCTGAAAAAGCAGATCGAGCAACACGTGCTGCGGATTGTCAGCCTGGATGTGCCCACCTCATAGCAGGCTCTGTCAGATAAGGAGCCTTCGCAGGCTGACCCAATAACCCGCGCCGTGATAACCGACATCAATGACATACTTATCGACCTGATGGCCGCGATGTCGCATAAGGACTGGCTGGGCCGCCGCCAGCGACAAAAGCAGGGTATTGAACGGGCGCATACACTGGGTAAATACCGGTGAAAACAGGCCGATCAGGACGGCATCAGAAAGTCCTGTACTACCGGCAGGTCAAGAAACTGAGCATCCGTGAAACGGCAGATGCGACAGGGTACTGCCCCTCCCAGATATGCCGCATTCAGGCACTGTACCGGCAACCAGAAGCCGAAGATTTTGGTTAAGTTGTGATTGTTGTATGATGCCGGTGAGTATAACCGCTTATATATTGAGGGATTAATAATGGCAAGAGCACTGGCCTGTTTGGGTGATAAAACGAGTTACGGAGAAATCATTTCAGCGACTGCGTCCTGGTTTGAAGGAAGTAATGCAATAGCCCGGACCGGCGACAAGGCATCATGCAGTAAATGTAACGGGTATTTTGAAATTCTGGCCTCCGCGCAGGACTGGGCAGAAGAAGGCAAAGC
NZ_CP180088.1_gap72	2951596	2955396	3800	CCTGGCCCAGGAAATGGAGCACGACGAACGCGTCGTTCTGATTGGTGAAGACTTGCGCGGCGGTCACGGCGGAAATGCGCCCGAAGAAGCAAGGATAGAGGCCTTTGGAGGCGTGCTCGGAGTCACTAAAGGGCTGTGGACGCAGTTCGGCTCCGACCGGGTGATCGACACCCCCATTACGGAGTCGGCGATCGTCGGCATGGCTGCCGGCGCCGCTGCAACGGGTCTGCGGCCGGTGGCGGAGCTGATGTTTATGGATTTTTTCGGTGTTAGCCATGATGCGCTGTACAACCAGGCGGCAAAGTTTCGCTATATGTTTGGTGGCAAGGCCAAGGCGCCGCTGGTGATGCGGGGCATGATCGGTGCTGGTTTTTCTGCAGCAGCCCAGCATTCGCAGTCACCCTATAATATTTTTGCTACCACACCGGGGCTTAAGGTGGTCGTGCCATCGACGCCTTATGATGTCAAAGGACTGCTGATCCAGTCGATTCGCGACGACGATCCGGTGGTGTTCTGCGAGCATAAAATGCTTTATGACCTCAAGGGCGAGGTACCGGACGAGATTTATACCCTCCCCCTGGGCGTCGCCAACTATACCCGTGAAGGTGAGGATGTCACCATCATCGCGTTGTCTGCAATGGTACATAAAGCAAACCAGGTCGCCGACAAACTGGCCAGGGAGGGGATCTCGGTGGAGGTGGTCGATCCACGTACAATCTCGCCTCTGGACGAAGAAGGTATTCTGGAATCAGTGGCTTCTACCGGCCGCGTGGTCATTGTCGACGAGTCAGCCGCGCGTTTTGGCTTTGCTCATGATGTCGCAGCGCTGATTGCTTCCCAGGCATTCCATTTCCTCAAAGCGCCTGTTGTTCTGGTGACACCACCACACACCCCGGTACCGTTCTCCCCTGCTCTCGAAAAACTCTGGATCCCTGGCGTTGAACGTATCGAAGCTGCCGTCCGTCAAGTACTGGAGGATTAAGCTATGAGCGATATCAGGACACTTGAAATGCCGAAGTGGGGCCTTTCAATGGAGGAAGGCGTGCTCGCGCGGTGGGCCATCCAGGAGGGTGACCGCTTTGCCAAAGGGCAGGAAATCTGTGAAATTGAGACCAGCAAAATCGTCAATGTTCTGGAGGCCCCCTTCGCCGGTACGCTACGGAGGATAATCGCCCGGGTGGGAGATACCCTCCCGGTCGGCGCTGTTTTGGCGCTGGTAGCTGACTCTTCGGTAAGCGATGCTGAACTGGATGCCTTTGCCGCCAGCCTGGCCGCGGTGCAGCCAGCAGCGCCTGTCACGCAGACTACCGAGCCTGCTGTAGCGGCCGTCGCGCCCTCCGTTGTACCGGCCCCCGCCAATAAGCCTGCGGCATCCATTGGGCAGACCGAGGTACCCACCAGCCTGCAAGGCATAACCGATCCGACTCAGGTGAATGCCACTCCCCATGCGTTACGTCAGTCTGCGCGGTTGGGCGTTGACTTGAAAAAGGTCCAGGGTAGCGGGCGCGGCGAGCGTATCTCTGTCGCTGACCTGGAGAGCGCGATCGTTGCCGCAGGCGGCCGTATCGCCTCTCCGCCGCCGCCCGTTCGTTCCGGCAAAGCGCCGCGATCGCATACCGATGATAGCCAGGTATCGGCAACCCCCTTGGCGCGCCGTCTGGCCAACAAACTGGGGATCAACCTGCACGACTGCCGCAAAAGCGGTTCACTCGGACGGGTGAGCCGTGATGATGTGCTGGCGGCCGCTTTGCTGCTTGATGGGCTACCCCAGGCCGGGGCTCCACAAGCCACGTCAGCGACAGCCTTTGAGACGTTGCCGATGTCCAGCATGCGGCGAGCGATCGCTGGCCGTTTGCAAATGTCCAAGCAACATGCACCTCATTTCCGTTTGACCGTCGATCTCGATCTGGAGCGACTCTTAGCATTGCGTAAGGAAATCAACAGCGAAGTACCCGGCGTCAAGATTTCGGTTAACGATATGCTGGTTAAGGCCTGCGCCATGGCGCTGATAGCCGTGCCGGACGTCAACATACAGTTTGATGAGGCTACCCAGAGCATCCGCCGTTTTGCCGATGCCGACATTTCCGTGGCCGTTGCGCTGCCAGACGGGTTAATTACCCCTATCGTACGTTCGGCCAACAGCAGGTCGATAAGCGACATATCAAACGAAATTCATTCTCTGATAACCAAAGCCCGGGCGGGCATGCTCAAGCCCGAAGAATTCCAGGGCGGCACCTTTAGCGTGTCAAACCTGGGCATGCTCGGAGTACGGCAGTTTGACGCCATCATAAACCCACCCCAGGGCGCGATCCTTGCGATTGGCGCAGGCGAGCCCCGAGCGGTAGTTCGCGACGGACAGATCGTCGTCCGCCATCAACTGACCGTATCGCTGTCCTGCGATCACCGGGTCATCGATGGGGCGTCAGGCGCGGCTTTTCTCCGGGCGCTCAAGCGGCTGGTTGAAACACCGACGCTGTTGTTTATCGAGGAGACGAGCTATGCACGACAAATATGATGTACTGATAATAGGTGGCGGGCCTGGGGGGTATGTCGCCGCCATTCGTGCCGGCCAGCTAGGGCTTCGTACAGCATTGGTGGAAAAGCAGCATTTAGGGGGGATCTGCCTGAACTGGGGATGCATTCCAACCAAGGCGCTGCTGCATGGTGCAGAGGTGGCGCACAGTATTGCGCATGCCGATCGGCTGGGTTTTAGTCTCAGAGAGGTGAGTTTCGATGTGCAGAAACTGGTGCAGTTTAGCCGCGCCGTGTCGCAACAGCTGACCGGAGGTGTCGAGTACCTGCTGAAGAAAAATGGCGTTACGGTCATTACCGGCACCGCCCGGCTGCGTGGTAAGGGGCAAGTCACGGTCGCCGATCCCCGAGGAGAAGAGCGAGACTATCGCGCGGGTCATGTGATCCTTGCGACTGGTGCCCGGCCGCGAGCGTTGCCAGGAGTAGAGCCAGATGGTGAGCGAATCTGGACCTATTTTGAGGCCCTGCAGCCTGAGCGCTTACCGGAGTCTCTATTAATCATCGGATCAGGGGCCATCGGAGTCGAGTTCGCCAGCCTTTATAACGATCTTGGCAGCAAAGTGACGCTGGTCGAACAAGCCGCGCAGATTCTGCCCGTTGAAGACGCCGAAGTCTCCGCTACCGTGCGTAAATCATTCGAACGACGCGGTATACACGTCCATTGCCAAACGCTGCTGACGCAGGTACAGCGCACCGATACGGGCGTGCGCTGCACCTTGAAAACCACCGGCGCCGAACAGACCCTGGAAGTCGAACGTGTGCTGTTGGCAGCGGGCGTACAGCCTAATGTAGAAGGCCTGGGGCTGGAAGCGCTGGGAGTCGAGTTGGACCGCGGATTTATCAAGACGGATGCAGCTTGCCGAACCAACGTATTTGGGCTCTATGCTATCGGCGATGTGGCCGGCCCGCCGTGTCTGGCGCACAAAGCCAGCCACGAAGGCGCGATCTGCGTCGAGACGCTGGCCGGCGTCAAAGGCGTACGCCCTCTTAACCGCGACTATGTGCCCGGTTGTACCTATGCCCGGCCACAGGTTGCCAGCCTGGGCTTGACAGAGGCGAAGGCTCGCGAGACGGGACGGCCAATCAAGATCGGTAAGTTCGCATATCAGGGGAATGGTAAGGCGCTGGCCAGCGGGGAGACGGAGGGTTTTGTAAAGACTGTTTTCGACGCCGAAACCGGCGAACTGCTGGGCGCGCATATGGTTGGTGAGCAGGTCACTGAACAGATCCAGGGTTTTGGTATCGCGCATCATCTGGAGGCCACAGAT
NZ_CP180088.1_gap73	3030885	3034714	3829	ACATGCTGCGGGCTGACCGACTGCTGGAGATGGAACAGCTCCCCGTTCCCCCCGCGCCCGGTCTGCCGGCCCTGTTTACCGCGGGCCTGGCTCGCCTGAAAAGCGGCGATCGGGTGGCGGTGATGGGCCGTAACGGCGGCGGCAAGTCTTCGCTGCTGCGTCTGCTGTGGCGGCAAATGCAGCAGGAAACGGCGGAGAGCGGTTTGCGCCTGCATCCGCGGCTGAAGCCGGGTTATTACGACCAGACCCTGCATCAGCTGGCGGATGACGATACCCTTCTCGACGCGCTGGAGCCCTTTGAACCAGGTCCGGATGCGCGCAGGCGGGCGCTGATTTCCGCCGGATTCAGCTGGCCGCGTCACGGGCAAAAGGTCGCCACCTTAAGCGGCGGCGAGCGTTCGCGCCTGCTGTTCGTCGGCCTCTCTCTGGCCCGCTATAGCCTGCTGCTGCTGGATGAGCCCACCAACCATTTAGATATGGATGGCAAAACGGCGCTGGCGGCTACGCTGCGCGACTATCCCGGCGGCCTGCTGCTGGTGAGCCACGATCGCGAGCTCATTAACCGCAGCTGCAATCGCTTCTGGCTTATCGACGAGCGCGGGCTGAGCGAATGGCACAGCAGCGAAGAGGTGTATGAGATTTTGCGCACCGCCGTTCGTCGTCCGGCGACGCAGGCCGTGACGGTGAACAGTAGCGAACCGGAGGAGGACCAGGATGCGCTGCTGGAGCGGTTAGTCACGCTTGAGCAGCTGCTGGCCGACGATCTGGCGCGCAAGCCAAAACATCAAAAACCGCAGCTGCAGGCGCAGTGGCGTAAGGAGATAACAACGATTGCGACGTTATTAGGCTAACAGGCGCTCTCCCGGCGCGGCGATCCGCGCCGGGAGATTATTCCGCGCCGGCAGGCGCAACGGGTTTGACCCGACTAAACTGCTGCTCGGTCATCATCCGCCCCCACTGATCCCCCTGCCACGCTTTATCCAGCGTAAAGCCGAAGGATTCATACAGCCTGCGGGCGGCGTTCAGCCCGCTGAAGGTCCACAGCCGCACCGCGGCGAAGTTCTGGCTATCGCAAAAGGCCATCGCTTCATTCAGCAGACGTCGGCCAACGCCGCTTCCCCGGCAGCTATCGTCGAGGATAAACCAGCGCAGATGCGCTTCATTATTACCAAGATCCTCGCCGTCAATCGCCACCGATCCGACAATCTGCTCACCCTGAACGGCAAGCCAAACCCGGTTGCACGGTTTCTCAAGACGACCGGAAAACTCCGCTAGCCCGCTGGCCACTTTGCTCTCGAAAAAGTGACCAAATTCATAATGCTTCGCATAGTACTCGCCGTGCATCTGCGTAATGCGGCCAATCATTCCCGGACGATAGCCGGTAACGATATCAATCCTGGCGGTTAAGTCGATCATTTTATCTCCTCGTCAGAGCCAAGGGAGGCAATGGCCTCCCTTGGTACCATGTGCGGGTGTAGACATAGCATTTCCTTATAAATAAATTTCAAACAATGCTAAATTTTGATGTTTTGATGATTACCATTTCACGTATCGATAAAAAACAACGATCACAAAAATGCAGAATATGGGGACAGGCCATATTGGTCCATCAGGGAAAATTTGAAAAAGGACAATTGCAAATAAAAGTGTCAATAAGGCAGGACCGTACATCGATATCAATGACCTGAATATCCGTCTGAAAAACCTTTTAATAAGACTCATCATTATTATCGAATCATCCTGGTGATGATGTCTGCAATCTCATCATCCTGTTGCCCAGCGCCAGCTTCACGCCACGGGCCTGAAGGGCATCAGCAATATCTCTTGCATCCGGAACTGAACGGGCCAGCCTGTCCAGTTTCGGTACGACCAGCGTGTCTCCCTGGCGAACTGCCGCCTGAGCCAGATCCTGGCGGTCAGTTGAACATCGGGCATAGCCAATGCGTATTTCTGTCATAAATATGTACGTATAAGGACCGTGAAAGAGATTTATATCGTACCAGTGATATGAGACAACGTCAGCAGTGAGATTGACCTGGACTTATTACCCGTGAAAAAAGCAATTTCGAGCGCATCGTCGCCACGCTGGGGCTGAAGAAAAGGACGCAGGGTAACGGAAATTTCGGCGGTTCCGGCGTAGTCCCCCGTATTACCTCGCTCTGCGGAGAATAAGGCGAAGAAAAAGCGACAGGCACCGGGCGATGCCTGTTTTTCCGCTTATTGCGGATTTTTCTCTTTCCAGGCATCCCATGCCGCTTTAATTTCCTGCTTCGCGGCGGCGGCATCGTTAAAGCCGTTCAGCTCCACTTTTTTACGCCCTTCCGGCAGCTGTTTGTAAACGCGGAAGAAAGCCTGCAAACGCTCCTGCTCGATTTTCGGCAGATCGCCGATGGTGTTGATGTCATCGTAGGTTGGGTCGATTTTGCTTGCCGGAACGGCAATGATTTTGTCGTCCTTCTCGCCGCCATCAATCATCTTGAGCACGCCAATCGCGCGCAGCTTAATCAGCGTTCCCGGCGCCATCGGCGCGCGGGTGTAAAACACCACGTCCAGCGGATCGCCATCCCCTGCCAGGGATTGCGTCAGCGAACCGTAGTTAGCCGGATAGGCCACCGGCATTGACTGGAAACGATCGGCGATCAAAAAGCCGGTTTTGGCGTCGGTTTCATATTTGATAATGCCGCCCGCGGGAATTTCGGTCACGGCATAAAACTCTTCAGGATTGTTTTTCGGCTGCGGGAAATCCAGTACGTTCTGCGCCTGAACGGTAGCGGAAAGCAGAAGGCCTGAGGCAAGGAGTGTTTTTACCAGATGCATTGTCGTGTCGCTCTATCGTTATAAGAAATTGAAAAGCAGAACGATAGAGGCCGCAAATGAAGCGTGTATGACGTAACGATGACAGTAATGTGACGCGAATTTCATTAATAATTCTGATTAAAAAATCGGCACACCAAGCTCACCCCGGCAAGGAATATCTATTATTCCCTTGATTTAATGAAGATTTAAGCTAAACCTTAGCATGCGTAAAAAACAAAATTGTGTTAATACGCTTATGTTCAATAAGGAGAACAGAATGAAAGCTGCTGTCGTCACGCAAGATCATCAGGTCAATGTTACGGAAAAAACGCTTCGTCCCCTGCAACATGGCGAAGCCCTTTTAAAAATGGATTGCTGCGGCGTATGTCACACCGACCTGCACGTTAAGAACGGCGACTTTGGCGATAAAACCGGGGTCATTCTGGGCCATGAAGGCGTGGGCGTTGTGCAGCAGGTCGGCCCGGGCGTTCATTCTCTGAAGCCGGGCGATCGCGCCAGCGTGGCGTGGTTCTTCGAAGGCTGCGGGCATTGTGAATATTGTAACAGCGGCAACGAAACGCTGTGTCGCTCGGTGAAAAATGCCGGCTATACCGTGGATGGCGGTATGGCGGAAGAGTGTATCGTCATGGCCGATTATGCGGTCAAAGTGCCGGACGGGCTCGATTCTGCGGCGGCCAGCAGCATCACCTGCGCGGGCGTCACCACCTATAAAGCGGTCAAAGTCTCACATATCAAACCCGGCCAGTGGATTGCCATTTATGGCCTCGGCGGCCTCGGCAATCTGGCGCTGCAGTATGCCAAAAACGTGTTTAACGCCAAAGTCATCGCCCTTGACGTTAATGATGAACAGCTGAAGCTGGCCGCGGAAATGGGCGCGGACCTGACCATCAACTCCCGCAGCGAAGACGCGGCCAAAATTATTCATGAGAAAACCGGCGGCGCGCATGCCGCGGTGGTAACCGCCGTCGCCAAAGCGGCGTTTAACTCAGCGGTGGATGCGGTTCGCGCGGGT
NZ_CP180088.1_gap74	3143044	3144838	1794	GCCAGACCCTCATCGCGCAGCGCGAGGTCCGCGGCGCGGAGATCGTATATCGCTTCGATATTCACCTGCAGGGCGAAAACGAAACCGTCTTCTTCGATATCTGAGTTTTTTCTTCCTTTTTCCGCCCCTGCCGGTCAGGGGCGACGCTATATGGCAAACTCAATAAAATCAACTTGTAAAATAATAATATAAAATGTTAATAATATTTTGCTATGAAGTTAACAATTTTAATCGCCCTTACTTGTCACTGGGACGCCTCTGTTTTTAACATTGATTATGCAAAAAAATGGTCTTTTCAGTCAGCGCATTCGCTTGCGCCATCTACATACTTTCGTGGCCGTCGCTCAACAGGGAACTCTTGGGCGTGCGGCTGAAACCTTAAATCTGAGTCAACCGGCTTTATCTAAAACGCTAAACGAACTGGAGCAGCTGACCGGTACCCGGCTGTTTGAGCGTGGACGCCTCGGCGCGCAGCTCACGCTGGTCGGCGAACAGTTTCTCACCCACGCGGTTAAAGTGCTCGACGCGCTCAATACCGCGGGACAGGCGCTAAACCGTAAAGAAGGCCTCAACAGCGATATCGTGCGCATCGGGGCGCTCCCCACCGCCGCGCTGGGGATCCTGCCCTCGGTGATCGGCCAGTTCCATCAGCAGCAAAAAGATATCACCCTGCAGGTGGCGACCATGAATAACACCATGCTGCTGGCCGGACTCAAATCGGGAGAAATCGATATCGGTATCGGACGGATGTCCGATCCGGAGTTGATGAGCGGGTTGAACTATGAACTGCTGTTTCTCGAATCCCTGAAGCTGGTGGTTCGTCCGGGGCATCCGCTGCTGCAGGAAACGGTTACGCTGAGTCGGGTCATGGAGTGGCCGGTGGTGGTTTCGCCCAAAGGTACGCTGCCGCGACAGAACGCCGAAACCCTGCTGCAAAGCCAGGGCTGCAAAATTCCGTCTGGCTGCATCGAGACGCTGTCGGCTTCCCTGTCGCGCCAGCTCACCGTCGATTACGACTACGTCTGGTTTGTCCCCTCCGGTGCGGTCAAAGACGACCTGCGCCGTGGGCTGCTGGCCGCGCTGCCGGTGCCCACCCAGGGCGCGGGCGAACCGATAGGTATTCTCACCCGAGTGGACGCCACGCTCACCGCGGGAACACAAACCCTGCTGAGCGCCATTCGTAAATCGATGCCCGTCTGATCGCCCTCTCCCCGACAGTTACCCGCGTCGGGGAGATCTGACCGCCTGATTTCCTTTTCGCACCCACCATATTCACCACAATAATCAATTAGTGCGAAATCATTCATTAACAATTGCGTAAATTTCTTTAACAGATCTATCATAGCCACGATTTCACCAAATGGTTCACTCGAAATCAATAACAGTAAAAAACCTGCTTTTATGAAGGTCAACATCGCTTCATTCAAAAGCCTTCACTTGAGAAATTGATTCATCTGGTTCACGCCTGTTCAGGTGTGGTTAAGGAGAAAAAATGGCAACTGGCAACGCGCCGCGAGGATTCCCCCGGGTCCTGCAGTGGCTTCTCGCCGGGCTGATGCTGATCATCGGCCTGGCTATCGGTATTCTTGGTGCAAAGCTCGCCTCCGTTGGCGGGACCTTCTATTTTGCGATTATGGGCCTGGTGATGGTTATCGCCGCGGTGCTCATTTTCCGCAGCCGTCGCGGCGGTATCATACTGTACGCGATAGCGTTTATCGCCTCGATCGTCTGGGCCATTAGCGATGCCGGCTGGACCTACTGGCCGCTGTTCTCGCGCCTGTTCGCGCTCGGCGT
NZ_CP180088.1_gap75	3284618	3288079	3461	TTGAGCATGACACCCGCCTTTGCATAGTTATGTCCTTCTTTCCAGATTTTATCCAGAGCCCGGCCCGCTGCCGCGATAATGTCCCGTGTATCACGTGATGGAATGCAGAGCTGTTCACTGGAGACTTTGCTGTAATAGGGTTCATGTTTTGAAAAGGCGAGGTTTTTATGAAAGCTGATACCTGACCGCAGTACTGACGTTCCTGGTGTAATTTTTCCGCAGCACATTCAGCATACTGATAAATTGCCTGCCGCATGGATTCATACGTTGTTATACGCAGCCCAAGGCTCCTGCTGCATATTATCTGTTGTTTTGGTGGCGGGGCATCCTCCAGACTCTGACGCGTACCATCCTGAACATGCGTGTGCACGCACCTGCTGGATAAAAATGTCGTCCCCAGATTTTGACGGGCTCCGGCATGCCCTGCTCGAGCCGGATAACTGTGTTCTTTTCGATCAACTTCCCCCCGAGAAACCCACTTCGCATTTACGTAATCTGAAGCTCAGAACCCGTTACTGCCAGCCTGTAGATCAGGACGCAGCGTCGGTAGAATTTAGTCCTTTTTATAACGCCGTAATTGGTTCCAGGGGCAGCTGTAAGTCCACGCTCATCGAAAGTATTCGTCTTGCGATGCGCAAGACCGCGGGACTGACTGCATCCCAAAACCGGAATCTGAGTCAGTTCAGTGAGTCGGGGATGACAGAAGATTCCTTCATCGAATGTGTGTTTCATAAAGAAGGCACCGATTTCAGACTCAGCTGGCGACCGGGTGGTAACCATGAATTACACATCTTCAGTGACAGCGAATGGATGCCTGACAAACACTGGTCGGCCGACCGTTTCCCGCTCTCAATCTACAGTCAGAAAATGCTCTACGAGCTGGCTTCGGACACCGGAGCATACCTGCGCGTCTGTGACGAGAGTCCAATGGTGGATAAACGGGCCAGGAAAGAGCGATGGGAAGAGCTGGAAAGAGAATATCTGAACGAAAAAATCACCCTGCGTGGCCTCCTGGCCAGACAGGTGACAGCTGATTCGCTGCAGGGCGAATTATCTGATGCACAGTGTGCCGTAAGCCAACTGCAGTCAAGCGCCTACTATCCCGTTTGCAGCCGGCTGGCTCTGGCCAGGTGTGAGCTTTCTGCAGCGATCTTCCCACTGGAACTCTACGAGCAGCATATTGCAGCCATTCAGGCTCTGGCAGCAGAACCGCAGCAGATACCCGTCATTCCGCTGACTCCGGCCGGCTCACTGACGGAATTCATGGCACGCCTGTCATCTGTACAACAGTATTACGACCAACGATTTGATGCTCTCCTGGCAGAACGTGCTGCTGAGCTCAGTGGCATCGGGCAGGAACAGTCTTTTATGGCTCTGGGTATTGCCGTCAGTGAGCAGGAGGCTGCAGTGGAAGCTGAAGCTGTTGCTCTCCGGGCTCAAGGACTGAATCCCGATGTGCTCAACGAACTGATGACCCGTTGTGAGTCACTGCAAAATTACGACTGCCTTGATGGAATGATTACTGCTTCACTGGTGCGGTCTGAGTGGTTACCGGCTGATATGCGTGCTCACCGAATGACATTGACATATAACCGGAAAGCGTTTCTGTCTTCCCTGACTCTCAGCGATCTGGAAATCAAGATCCTGCCCCTATAGTGGTTAACGGAGATGCAGAAGCGCTGAACCAGAGCTGGTCTGTGGGCGTCGTTTTCGCACGTTCAATGTCGTTGATGACTTTAACCGTGAGGCGTTGTCGATTGAAATAGATCTGAATCTGCCAGCTCCGCGAGTGGTCCGTGTGCTCGACAGGGTCACGGCAAACCGCGGTTATCCGGTCATGCTGCGTATGGATAATGGCCCGGAATTTATCTCTCTGGCACTGGCTGAATGGGCAGAGAAGCATGCAGTAAAACTGGAGTTTATCCAGCCGGGTAAGCCGACGCAGAACGCTTTCATTGAGCGCTTTAACCGGACATACCGTACAGAAATACTCGATTTTTATCTGTTCAGAACGCTGAATGAAGTGCGGGAAATCACGGAAAAATGGTTGTCAGAATATAACTGTGAACGTCCGCATGAATCGCTGAACAATATGACGCCGGAGGAATACCGCCAACACCATTATCTGGCCGGGATCTCAAAAAATGCATGGAACTAAAACGGGTCTATTTACAGTATGATTAGGCAATGTGACCGCCTCCTCATTCAAAGTAGTTCGAATGCCCACATCTAACTGCTTCGTAACAACAGCGGACTTTGCCAAGTCCGCATTTTAAATAAACAGTATCGAGAACAGCCTCAGACACCTGAGGATTTCATCAGAAAGGGGGCGATAGCTAACATTAAACCCGCAACCCCAACGATGAAAAATGATAGCCGAAAGCATCTACCATAGGTCCAAGTAGAAAACACTCCTTTATTTACATCATAGTTCTCGCTATCTCCGGTAATAATTTTCATGTTGGCACCATCAAATTGCTCCTCAATATCCTGGAGTGCCCGCTCAGCATTTTTTATCAATATTGACACGCGCTGATCGAGTTTCCAGAAAATGAATGAAATAAACGAGATAAATACCCCCATCAATGTCGTAAAAAGAGCAAATCGCCCTCCTTGCTGAAGGGTAAATCCGATGCCTGCAGCCAGAAGACCAGTAATCGCAATGTAAAAGTTGAACACTGTCATTCTTTGTTGTGCATGCAATTCAAAATATCGCCAGACATGTTCACTGGGAAAACTTAAGTTTTTACTCATATGTATATTAAATCCATTTTATTTAACAAGGGGGACCTGAGAAAATGATACACTCAGCCAGTACTATTCGGTTACTATTATTCACTAACAATAAAAATCAGCGATAATGTCTCATTTTCTATTTAACTCATAAATTAGGCGAAAAAGCTCTGCCTGGTATCTCGCATCATGCAATGCATCATGGTCTCCAAAACTTTCTGGCTTGACAATTTTCGCGATTTCACTGGAACGTGTCGCTTTCCAGGAAACCTCGGCTGTTCCGAAGTACATCGATTTGATATCCAGAGCCGCAATGCCAAATGGATTACCCCCCAGAAATGAATGAAAATAATAATTGATAAAACTCCAGTCAAATGAAGCATTAAAACCAACAAAAACCACCGTCTCGTCATTTTTAACCAGTGAGTTGACCCAGTTTTTAAACTGCTTCATAGCCTCTATAGGTTCCAACCCTTCCTTCTGAAGCTGTTCCAGAGATAATCCAGTCACCTCCATTGCTTCAGGAATAAATTCATCAGATATCGGCTTGAGATAGCATGAGAAGTGAAGAGAGGGATCAAAAGCCACGCATGCGCCAATGGAAAGCATGCTGTATTTTCCTGGAATAGGGCCTGAAGCTTCCACATCTACCGATACAAAAATTTCTTTCTCAATACTCATATATAAGGTCCTGCAATAATGGGGGCGATAACTGAGTTGTCGTATAT
NZ_CP180088.1_gap76	3289633	3294596	4963	GCGTTCGGCCTCAGTAATGCGACTTGCAACGTTATTCGTATCACAGACAGGATCAAGGATAACGACAGGATCAGTAAATGCTGGAACTGTGTTGTTTTCAGGGAAGGTAATAACTTCCTGCAATCCCGAGTCAGCTATATATAGCAGGAAATCACGAAAACGTTTTTCAAGCGTTCCCTCTTTACCATTGATTTCCAGTACATGAGCCATAATCAATTCAATGTGGAATGATTTAAGTGGACATTCCATATGCGTCCGCCAGCGCTTTGCCAAACGAACCAAGGTGCGAAAGTCCGGATCCTGATCTTTACGCCCCTTCACAAATTTGATCTGGCAAGGTGCACAAGTCTCAGTCTTGGAGCCATCAAGACGGTCAAACTGCCAGCCATAGCCCTCTTTATCAGGATTTTCGATAACGGGAACAATATCAACATCTAACCCAGTCCCCACAAAGGATACAGTGGCCGCTTTGCGCTGGATTTCAAAATCTTCCACGGCTTTACTCGGGTATACTTTCAGAAGGGCTTCGTAGATTTTTTCACTCAGACTTGCGAATGATTCCTCCGCGACCTTCTTCCCACTGATGTAAAACACAACATCTACATCGACTGGATTATCTGAAGTCTTGCGCAAAATAGTATGTTTTGCGAAGGAACCTGCTTTCACAACCCTCTTGATGGTTATTTTGTCTTGCTCTTTAAGCGCCTTACGTAACGCTCCAATAAGACGGTCAACCTGAGCATTGTAGATTTCACGCTTATCCTTAGGTAAGCGCAACACATTACTGTCGTAGTACCGGATTTGAGTATTGCTGAGCGACATCTACGTGTCTCCAAAATGATTGTTTGAAACCACAACAGCTCTCTCAGTATCTTCTGAGATCTGGTTGCACTCGAATGTTCCATATCGTATCATTATTATACGAATATTTTTTATGCTGCGTCTAGTTTTTATATTGTATTGAGAGTCAGAATGTCAGATCAGTTAAAAAGAGGGGATGAACGACAAGTCCAAAAAGGACGGCAGGGAGCCCGTTGGGGCCAGGAGCGCCGACTTGAATTTATAGATTACCGGCTTCGTTGGGACGGACACATAAATCGAAGTGATCTCACTGATTTTTTTGGTATATCGGTACCTCAGGCATCGCTCGATCTTAGTGAATACGCTAAGCTGGCTAAGGACAATCTTGAGTACGACGTGCGCGCTCGCGTGTATCGTTCGACCAACCTTTTTAACCCTGTTTTTGCCACAAGTTCTCTAGAGTGCTATCTGAATGACCTACTGAGTATGGCTGTCAAGTCCGACATGCAATATGGGAGTTTCTTGGGTTGGCATGCGCCCGTTGCGGCAGTTCCCCGGCTTTTACGCAGACTCGACGTGGACATTACCTGTAAAATATTAAGGGCCATTCGTGAGAACGAAGCCGTCCAAGTTCTATATCAATCAATGAAAACGCCTGAAGGCAGCGAGCGTAAACTAACCCCTCACTCACTGGTTCATGATGGTTACCGCTGGCATACACGGGCCTGGTGTCACAAGAGTCAGACGTTTCGGGACTTTTTATTGTCGCGAATCATTCAAGCTGGGCAGCCGGAACCCGATGAAGACCGGTCGGAGTGTGATATGGCCTGGAATAATTGGGTTGAGGTCGTCCTGATCGCGCATCCTGAACTAAGTCCATCACAACGTCATCTAATTGAGAGTGATTACGCAATGGCTAACGGTGAAGCTCATCTACAGTGCAGACAGGCTCTGCTTCATTATCTCCTCTTCCAGCTTAACCTAACGGAGGCTCAGTCCAAACAGACTCCAGAAGCACTGCAATTGTCATTGAAAAATAAAGAAGAAATCTATTCCTTGCTCAGGCAATGACAAATATCAAATCCTCAGGAAGCATTGCGATGACTCTTACTCATAATAAATACGTTTTAATTGCTGGCAGCATCTCAGATAAAACAGAAAAGATTTACATTGATCGGGCACAGAATTTCATTCGGTCGCTAACTAAAAGCGCTTTTGATGCGAATATAGGTTTAGTGATTTATCTGGCTGGAGAACCGGTAAATGGCAACGGTGATCCCCTCATCTTCGACTGGACTGTGGCCACTACTGCAGCAATATTGATGGAACATTATACTCCCACCCATCAACTCTTCATTGTAACGTCCCGTTCTGCAATGCGTGAAAAGATGTCGCACGAAAAGAGGGCTATTATCCGAAAACTTCAGGCTGCACAATTCGCTGAAGTCAGGTATCTGGATGATGATCTTATTACGGGTGGGAACATCGGAGATGAACAGGTGGAAGTGGCTAACGCGATGATCGCGCTGGGAGGAGGCAAAGGCGTTTCTGATCGAGCTAGTAAAATGCAAAAGGCGAATCATCCGGTATTGCCGTTCGATTTACAACTTGCAGGAATATGTGAAGACGGGCGAGGTGCGAGGGGGCTCAACGAAAAATTTTTCAAAGAACCTCAGACGATGTTTCCTTACACTGGGGAAAGCGTTATACAGCAACTTGATACATTGTCACTGCAGGAACCTTGTTTTTCCCTGGAACAAATATCTGACACCTCTGTGGCACTGATAAAACAAGAATGGGCTGCTCAACGGTCATTGCGTGAACCTGATGTGCTGATCCTGACTGCGCTCCCCGTGGAACTGGCTGCTGCAAAAAAGGTGTTTGCTATCATGGATGATGTTTCCCCTACCTTAACATCCAACGGGATTCATTTCTGGACTGCAGAGATTGCACGCCCTGATGGTTCACTTAAATGTGTAGTGGCATCCTTTGCCGGTGCCGGGAATGTTAACGCTTCATCCATCACAACGCATTTATTGACTGAGTTCAGGCCGAAGAAAGTTGTCATGATGGGGATTGCCGGGGGGCTTAGGGATAAAATGGTGATGGGTGAGGTCATTATTGCCGAGCGAGTCGTTTATTATGAGAGCGCCGCAGCTCTGGCAGGTGGAAAACTTGCCCCCCGGCCTGAAATGCTCTCCCCTGACATGCCAACCAAGCAAAATCTTAACACGTATCTTGCAGCATCGATGTTACCAACGCGTCTCAATGAGCTTGCACGATCTTTTGGGTTAGAAATACCTGCAAGTTCTGCGGCAGGAAATGTGTCCAAAGGGTTAACAGTGTCACTCGCTACTATTGCATCAGGTGAGATACTGATGAAGGATCCTGACCTGATGGGGAGTTTAAGGGAGTTTCATGACAAAGCTCATGTAGTAGAAATGGAAGCTTATGGTGTGTTTGATGCCTGCGAAAAACAGAACATTCCCGCGATAATTGTACGCGGGATAAGTGATTACGGAGACGGTACCAAGGACGATACTTTCCATGCAATTGCTTCACTGGCCGCAGCCATCATTACTATTGATTTTATAATCCACGGATGGGGCGTACTTCAATGAAAAGGTGCGTCTGAAGCTGAATCACAGATCTTATACGCGAGATAATGCTTTCATCAGGTGTTATAAAATTATGAACTCCCGCTCCTCGCTCATAGTAGTCGGAGGTCTTCGAGGGGCTGCAGAGTACCAAGAGCGGGCGTTGCTAACTCTGCTCTGCATTAACCATTTGGGAGCAGGTCAGATCCCTAGAATGTCACCGTCTTCACTTCTGCGTATCACCATAGAGCCTATCTACGGGGCTTGGAAGAAATGGAAACGACATCCCCACTATAGACTGCCCTCAACTCGGCCATTTCGAACAGCAGGCGTTGATTTACAGAAGCAATTCGGGCTAATTCCTCTAAAAGCTGCTTATTTTCAACGCGAAGAGCCCGATTCTTTTCCTTTTCAACCATCAGCGCCTGATGTTTCGAATCACGCTGGGTGCGCACTGACTTGCCCATCATGATGCGAATTCTCTCCGCCACTGCTGGGTAGGTGTTATGGATGAGGCCGGGTGTAACCCCTGCAGATCGGGCAACTGAGGCGATGGAAATCTTTGCGTTACTTTCGGCAAGATCATCAATAGCTTTATTAAGGACATCTAGCGTCCTTGAGCGCGAACGGACAAGAGGCTGCCGCCCAGTGAACTTAATTGTCATTCTCAGCCTCGCCGGTATCGTCATTGACAGGAGACAAGCCTAAACTCGTGATGACGTCTAATGCAACCTGTAAATCGCGCTCTGCCCGCTGTCTGACAGCAGGCCCAGCATCTTCGATTTTGAGCAACTCCTGCTGTTGATAGTATATGTCCTGCCACGTATCTGCGAAAAGCTCATCAATCACCGCGTTTTTACATGTTGGGCAGCGTGTTGCCTCGTATAATCCAGCTCCGCCACAACCCCGCTCTGTTGCTATACACCAGCCGTGTCCGGTCGCACGAATGTTTGCATATGGGGCGGTTTGGGCAAGCAATGAGGCCCTGTCTTTGATTGGAATGGCTCGTGTCTTGGCGATTTTTTCACCAGCGCCACCTGCTAAAGGTTGTTCATCGAACCATGATTCGATCAAATCAATTTTGTATTCTGTCATCTGCTGTAAGATTTCATCAAAAAGTGCCAAATCTTGCTGCGGATTAGACGCATACAGTTGGGTCATGCTCATGCTGCTGTGTTTAAATTGCCACTTGAGAAAAATAAGCGAAGCTCTTCCCATACGGGACTCCACAAAGTACCTTGCATATGTTCTTCTGCATTGATGTGTCTTTAACGGCCAATCGCTTCCCGCAGCTTTAGCTAAACGGCCAAATGCAATATTTGAACCCTGGCCGCTAAGTGCTTCAACGTGATACCCTTCCTTAATTTTTCCACCCTGGCTGTTTCGTCCTAAAAATAGTTTGTTCGAATCCTTACGAGCTTTTTCGAGCCTAAGAATATGTTCGGTTGAATTCAAAAAATTCTTGTTTTTTTCAAGCAATCTAATTTCTTGCTCCAACTCCTTTCTGATAGGTGCGGAATATTTTGCCAAAAGACTCAGAGCTTCAAATGTCAGTTCCGGCACAA
NZ_CP180088.1_gap77	3313755	3317002	3247	TCATCACCACTAATTTTCTCGGGCCGGTGAACTGCCTGGCGGCGCTTCAATCGCAGCTGTCAGCCGGGAATCGCGTGGTGCTGGTGAGCTCGATGGCGCACTGGCTACCCTTTCCTCGGGCCGAAGCCTATGGCGCCTCGAAAGCGGCGCTGACCTGGTTTGCCAACAGTCTGCGCCTGGACTGGGAGCCAAGAGGGATCGCCGTCACGGTCGTTTCGCCGGGGTTTGTTGACACTCCGCTGACGCGTAAAAACGATTTTTCTATGCCCGGCCAGGTGAGCGTGGAGCAGGCGGTTAAAGCGATTCGCCGCGGCCTGGCGAAAGGGCACGATCGTATCGCCTTCCCGACGGGCTTTTGCCTGCTTCTGCGCCTGCTGGCCGGGCTTCCTGAAGGACTTCAGCGCAGGCTATTGCGCAGGATGGTGCGCCCATGAAAATCGCGATTATTGGCAGTGGCATTGCCGGGCTGACCTGCGCCTGGCGCCTTGCCGGGCAACACGAAGTGACCCTGTTCGAAGCGGCGTCCACGCCGGGGGGGCATACCGCCACGGTGGATATCGCCACGCCGCAGGGTACCTGGGCCATCGATACCGGATTCATCGTGTATAACGATCGCACCTATCCGCGCTTTATGGGCCTGCTTAACGAGCTTGGGCTGAGCGGTCAAAAAACGCAGATGAGCTTTTCGGTCCACAATCCGCAAAGCGGGCTGGAGTATAACGGCCACAGCCTGAGCTCGCTTTTCGCCCAGCGGCGCAATCTGCTAAAGCCGGCCTTCTGGGGGTTGCTGACGGAGATCGTCCGCTTTAATCGCCTGGCGAAGCAGGCTCTGGCGGGAGCGTTCGACCCGGGCGCCACGCTGCAGACCTTCCTTGAGCGGCACCGTTTTAGCCCCTTTTTCGCACGCCACTATATCCTGCCGATGGGGGCCGCTATCTGGTCTTCGTCGCTGCAGGAGATGCGCCGCTTCCCGCTGGCGCTGTTCTTGCGCTTCTTTGATAATCACGGCCTGCTGGATATCCGCCAGCGCCCGCAGTGGTACGTGGTGCCCGGCGGCTCGCGCGAATACGTGCGCGCCCTGCTTGCCCGGTCCGGCGATCGCCTGCGCCTGCGCCTCAATGCGCCGGTGCAGAACGTGATCCGTCATCAGGATAGCGTCACGCTCCAGCTGGCATCGGGGGAGCAGCACTTCGATCAGGCGATCTTCGCCTGCCACTCTGCCGAAGCGCTGGCCATGCTGGCGGACCCGACGCTCGCCGAACGCGAAATACTGGGGGATATCGGCTGGCAGCGAAACGAGGTGGTCCTGCACAGCGATCCCCGCTGGCTGCCGGTGCGCAAGCGCGCCTGGGCCTGCTGGAACTATCGCCTGAGCGAACAGGATCAGGCCAGCGCCTGCGTCACCTATAACATGAATATTCTCCAGGGCCTGCCTGCCGACGCCCCGCTGTTCTGCGTCACCCTCAATCCGCCAGCGCCGGTGGACCCGCGCTTCGTCTGGAAGCGTATGGTCTATGAACACCCGCTATTTAATCCCCAAAGCTGGTCCGCCCAGATGCGGCGCGAGGAGATTAACGGCCGCCAGCGAAGCTGGTTCTGCGGCGCGTACTGGTACAACGGTTTTCATGAAGATGGCGTGCGCAGCGCCCTCGATGTGGTCAACGGCATCATCGCGGCGGAGAACCTCTGACATGAACAGCTGCCTCTATCAGGGCGTATTACGCCACCGCCGTCTTCAGCCGAAAGCGCACCACTTTCGCTATCGCATCTTTATGGCCTGGCTCGATCTGGATGAGCTGGATCGGCTCGGCGAAGCGGGTATCCGCCGCAATCGCTTTGCTGCCGCCTCTTTTTACGATGCGGATTATCCGCTGGGCACGCCGCTGAAAGCGCAGGTTCTGAACCGGCTGGAAAGCCTGACCGGCGCGCGCCCGGATGGCCGCGTCATGCTGCTGACCCAACTGCGCTACCTGGGCTTTCATTTTAACCCGGTCAACTTTTACTACTGCTACGACGGCGCCGGTACCCTGCGCTGGGTGCTGGCCGAAGTGCGCAACACGCCGTGGAATGAGCGCCATTACTACGCGGTAGACGGTCAACGGGCGCGTCCGCTGGCGAAAGCCTTTCACGTCTCGCCGTTTAACCCGATGGATATGGTCTACCTCTGGCGCTTTAACAGTCCCGGTAAAACGCTGCACATGCATATCGAGAACCATCAGGCCGCGAAAGTCTTCGACGCCACGCTGGCCCTGAGCCGCGCGCCTTTAACGCGGGCCAGCCTGCGCGAGCTGCTGCTGCGCATTCCGCTGATGACGCTGAAAACCGTCCTCGCGATCTACTGGCAGGCGCTGCGGCTATGGCTCAAGCGCGTGCCGCTGTACAACCATCCTGTCAGCAGGAGTGAACGCTCATGACCGATCCTGTCTTTGCGCTTGAACCCGATATCCCGCGCAACGTGCGTATCGCGCGCTGGTTGCTCTTTCGTCTGTTGAGCGGCATTCGCGAAGGGGCGCTCACCGTACGCGAAGGGGCGCAGACCTTTCATTTTGGCGACCCCGCCGCCGCGCTGCGCGCCGAGGTGCACGTGCTCTCCTCGGGCGTCTACCGGCGTTTACTGACCGGAGGCAGCCTCGCCGCCGCGGAGGCCTGGATGGACGGCGAATGGGAGAGCCAGCAGTTGACGCCGCTGCTGCAGATCCTGGCGCGTAACGGCCAGGTACTGGGGCGGCTGGAGCGCGGCTTCCGGCTGCTGGGCAAGCCCGTCGAGCGGCTGCGCCACTGGACGCGCCGCAACTCGCGCGCGCAGGCGAAGGCAAATATCGCCGCCCATTACGATCTGGGCAACGACTTTTACGCCCACTTCCTTGACGACGAGCTGCTTTACTCCAGCGCGCTGTTTACCGACGACGGCCAGGATCTCACCCAGGCCCAGCGGGCCAAAATGGCGCGCCTTTGCGAGCGTCTGGCGCTTACGCCCGGCGATCATCTCCTGGAGATTGGCACCGGCTGGGGGGCGATGGCCGAATACGCCGCCCGCCACTACGGCTGCCGGGTCACCACCACCACCCTGTCGCAGGAACAGTTCCAGTGGGCCAACGCGCGAATTGCCCGCGCCGGGCTGCAGGATCGCGTCGAGGTACTGCTCTGCGATTACCGCGATCTGACCGGCCAGTACGACAAGCTGCTGTCGGTGGAGATGATTGAAGCCGTGGGGCAACGCTATCTGCCGGCTTTCTTTCGCACCTGC
NZ_CP180088.1_gap78	3319020	3320438	1418	TTAACCTTCGCGGTGCGCTTGTTATCCACCTGGCCGCCGGTCACGTAGAAGCGCAGCATCGGGCGGAACTCCGGCCCCATACCGATGGCGATATTCTGCGACAGCGTCAGCTTCCAGCCGTGGTTATCGCCGCCCTGGTCGTAATCGACGCGCTGGTAGCCCGCTTCCAGCCAGGTGGAGTGCACATCGTTCCAGAAGTACATCGGACGGACAATGGCGCCGTAGTTTTTACGGTTATCGGTGTTGTCCTTGCCGTTGTCATAGTCGTGGAAGGCCAGCAGATATTCGATCTGCGCCTGCCGGGTAAATTTATGCAGCCCTTCAAAGCTGGCGTAAATCGCGGTCAGGTCATCGGTTTTGTTGTAGACGCTGTTATCCGAGTTATCGGAGTAGCGCAGGATCACTTTATTGACGCCGCTGTCGTTGGTGTGGCTCAGCACCAGCCCGCCCTGCCAGGCGTCGAGACGTTCGTCGCTGTCCACCGCTTTCGAATCGAAACCGTAGTTGGCGTACACCTCAACGTCGATCGGCCCGGCCTTGATGTTGTGGGTTTTGGTGGTCAGGGCGTAGTGGCCGTTATCGCCGGTACCGGAGCCGCCGGTACAGGTGATGCGCGACGGGTTGGCCTCGTCCGCCATCACTTCCGGGCTACAGGACTCCACCTGCGACACTCCCGCCACGTCAAACTGCACGCCGCCGATATCAAAGTTCTTCACCCCGGCGCCCTGGCCGTCGTGGTTCATCCAGAAGTAGTCGTTGATCCCCTGCTGCGGGCGCTGATGGAAGTCGCGGCCGGCCCAGATATAGGCGTTGGGGTTAGACTCGAGCACGTTGGTGACGCCGACGTAGGCTTTTTTCAGGTTAACTTCATCGCTCCAGTGGTCAAACATGACGTTGATATCCCAGATAGCGCCTTTACTGCTCCTGAAGGCTTTGGTTATCTGGAATTCGCCGCCGTTGCCTTCGTTGCCTAAACGGCCGATCGCCGAGGCGCCGTTATAGGAGCCATCGACGCCGACAAACTTCTGATCGCCGGTCTGGAACTGCGCGCCGTAGCGGGCGTAGCCGCTGAACTTCAGGCCGAAGGGGATCGCCATATCCGGCGTGGCCGCGGTGGTCTGCGGGTTGGTGATAACATCCACTTTTTTATCAGCCGCGGCGTCGATTTTCGCCTGGCGTTCGGCCAGGGCTTTATCGACGGCTTTCGCCACAATGGCGTCGATCTGTTCCTGAGTGAACTCTTGGGCGACTGCAGAGGTAAATGGGAAAAGCGCGGCGATAACCGCCATGGGTAATGGAAGTTTTTTTATCATTGTCATAATTATCTCAATATAGGTTAATTTTATTCAGATAATAACAATCCCATTCTGGGCAATCAGAATATGTCGCTATCATAAGAACGATTTAATTTTTATTTT
NZ_CP180088.1_gap79	3352403	3356249	3846	TGGTAATCGCCATACCATTTATTGACCTGATTAAACAAAATCATCGGGATCATGATGTTTCCTTATTAAGTTTGCGGTTGGCAAAGAAAAGAGGATCGTTCTGCTCTTCTCCCTGCTGCGGCCGCGCATTGAGCCGTTTGTTGGCAATCCAGCTTTCTAGCCTGTTTGCCAGCCATGTCAGGCTGAAACAGATGATGTAGTAGCTCAGGGCCACGATGGCGAAGACCTGAAACGGCTTGGTCAGGAGCTGGTTGCTGACCTGGTTTGCCGCATAGGTCAGTTCCGGCACGTTAATCACATAGCCCAGGGTACTGTCCTTGATGATCGACACCAGCTGGCTCACCAGGCTTGGCAATGCGTTGAACAATGCCTGCGGTAAGATCACCAGTCGCAGGGTTTTCAGATAACTCATCCCCAGCGCGCGTGATGCTTCATATTGCCCCTGCGGTAACGCCTGAATGCCGCCGCGGACAATCTCGGCGATGTAAGCGCTTTCGTAGATAACCAGCGTGCAGAGCATGGTGGAAAAACCGCTGATATTCTGCCCAATCAGCAAGGGCACGCAGAAGTAGGTCCAGAACACTACCATCATCAGCGGGATACCGCGCAGGGTGTAGACCCAGCAGGCCGCCGCCCAGCGCAGCCCGCGCCACGGAGACAACCTCGCCAGCCCAACCAGCACGCCCAGCGGGAAAGAGAGCACGACCGCCAGCAGTGAAATTAACAGCGTGCAAAGAACGCCCCCGAGCGGCCCGTTCGGATACTGCCCCATCAGGAACAGCATGCCGTGGTCCTGCAAAATGGTAAAAACGTCAAACATGGTGTTTACCTCGCGTACACGCGTTGAAAATGACGGCCTAACAGCGCACCCAGCCCCATCAGTAGCAGCGAAAACGCCAGATAGCCCAACGTGCCAATGGCATAGGCCTCAAAAGTGCGGAAGGTCTGATTCTCAAGATCGCGCGTCACATAGGTTAACTCGGTCACCCCGATGACCATCGCAAGGCTGGTGTTTTTAAACAGCAGCACGGTGTGGTTAATCAGTGCAGGCAAGGCATTGCGGATCCCCTGCGGCAGGATCACCGAGCCCATTGCCCGCATATAGTTCATGCCCAGCGCACGCGCCGCCTCGTTTTGCCCGTCAGGAATGGCACGCAGGCCGCTGCGAATATCTTCGGAAAAGTAAGCCGCCTGGCATAATCCCAGGGCGAACATCGAGAAGAGGAACTCGGCGTTGAAATCGTTAATCCACATCTGTACCGATTCCGGCAGCAGCGTCGGAATGGCGAAATACCACATCATCAACTGAATCAGCGTGGGCACATTGCGGTGATACGAGACGTAAGCTGCCACCAGACGCACAGCGATGCGGTTTTCCGACAGGCGGATAACCAGCAGCAGCAGTGCGATAAACATAGCCAGCAGCCAGGCGCCCAACGCCAGTTCCAGCGTGACGGTCGCGCCCTTCACGATCATCTCGCCATAGTGGCCTGTTAAAATGGTACTAAAATCAAGCGCCATAATGAGCCTCCTGTTAACCTGCTTAGACTGCGCTTTCGCCTGGACGCATCGTAGAAAGCCCGCCGGGTACCTGCAGCGTCGGCGTTATTTCAATATTGCCGATGTTCACTGCTATCGGGGCACTAACGGCAAAGGCCACGCAATCGGCAATGTCTTTGGCCTCCGGCAGCTCAAAACCATCGATAAAACGCTTGCGCGCATCTTCATGATCGCCAGAAACATTGCCGAAAATATCGGTCGCCACGCGTCCCGGACAGATTTCGGTAATTCGCACGCGCTTGCCGTAGCAGTCAACGCGTAGCTGGCGTGAAAGCGCATGAACGCCCGCTTTGGTGGCGTGATAAACGGAGTTGCCGTTGAAGTTGTAAATCGCGGCAATCGACGTGATGTTGATAACGTGACCGCGGTCGCGCGCCATCATCCCTGGCACCAGCAAACGACACAGATGCAAAACCGCGCGCAGGTTGACGTTGAGCTGAGTTTCAATCACCTCTTCACTGGCATTGAGAATTGAACCGGGATGCGATACACCGGCGTTATTAACCAGAATGTCCACTTGCAGATCGCTGCATAAACGCGTCAGCGCGTCGAGGTTGGCCACGTCTACGGCATGGGGAATACAGCCAGTCCGCTCCGCCAGTGTGGCTAATTGTTCCCGACGGCGCGCCACGGCGTGCACCGTAATCCCTTCCCGGCATAAACGCTCGACAATGGCTTCGCCCATACCGGCGGATGCACCGGTGACCAGGGCGACTTTATAATCTGAAAATGGCATATTGCCTCTCCTGTCATCACGGCATTTCTGAGATGCCGCATCGTATTTATTGTGTATTTTGACTCTATTCAGTTATGCCTCAGCGGTATAAGACATAAATGATTTGAGGCAATAAGGGGGACTTATAATCCTGAGAGAAATGAGTCATCTGATTGAATTTTCGCGATTTCCTGACCAAACTCCACGGCATCTCCCTCACTCACATGAAAGGAAACAAGCCGCCCGGCAACCGGGCTGCGTACGGGTAAATAGAGTGCACCCACTTTGACCAGTGCCAGTAAATCATGCTGTTTGATCGGACTACCCGGAGCGGCGAAATTCTCTGCAAGCAGAGGATGGCGCAGTAGTACCCGCCCAGGTGCCGGAGAACACATTAGCGTAAAACGCGGCAGTACATCCGCCGCAGGAAGGGGAGCAATAGACGGCGTAGTGGTGATATACACGGACCACGCCCTGCCCTTTAGCACAAGGTGAGAAATTGACGTGGCGCGCAGGCTTTGTGTGAGCTGCGTCAGCGCCTCAAGAGTAACTGTTTTTTCCATAGCGACCCGGTACTGGCTGTTGTCTTCAGTGAATGCTTTCACTCTATCCCGCACACGTGACTGGCCAGTAAGAGGGTTTCGCTTTACGGCAATAAGGGAGACTTATTAGCTCACCAGCGTCAGGGGGCGGTTATCCGGTGTGCGGTTCGAGACCAGTGACAGCAGGATCGATTTCACCGCTTCGGCAGGTTCAGACAGCGGCAGATGATCCGAAATACAGAACGACAGTGACGCATGGACATCCGGTTCAATGATTTTTGCCATCCAGGCATCAGAGGCTTTCAACATCGCGCGGGCGGCCGATTCCGGCATGACCGTGCATCCCAGTCCGGCAGCCAGCGCCGCATTGAGGGTGGTTTGCGATTCAATTTCACAGGCGACCCGGTAATCCAGGCCCTCTTTGACGAAGGCGTCATCCACCACTTTACGCATGATGTTGTAAATGCGGGGCAGAAACAGGTCGTAACGCGCCACATCAGCCAGCGCGATCTCTTTAATGGGCTTATCAAGCGCATTGGGGCAAACAAAGCACAGGTGCTCTTTCATCAATGGAATAAAACGCAGTCCGTGGATCGCGCGGTTATCGTAAATCACCGCCATATCCATCCGCCCGTTCATGATGAGCTCACTTAAAGTGGTGCCGAAGTTTTCATTGAAATAAAGCACGACGCCAGGATGCTGACGCTGTACCTCCTGCATCAGCGGAATGGCAAGCTGTTGCGCCGCGGTTCCGGGGGCGAGCCCCACAGAGACATTGCCACACAGCTCCATGCCTGAGCGGTCAATGGCGCTCTGCGCCTGCGCGCACTGGCGTAAAATCGCCTGCGCATGGGTATACAGGATTTTACCTGCGGTGGTTGGCGTCACGCCACGCTTGGTGCGAATCAACAGTTGCTGATTGACTTCCCCTTCCAGCGTCGCGAGCTGCTGGCTAAGCGCGGGCTGAGCAATATGCAGGATATCCGCCGCCTGGGTTAAACTTCCCACATCGACAATCTTGATGAAATA
NZ_CP180088.1_gap80	3357862	3358510	648	GGCCTGATACTCACCCCCCGATCCCGATATTCACATTCCTCGCCATAAAAAAAAGCCCGACGGCCTTGACGCCTGTCAGGCTTAAAACACACCGCAATCAACGCTACTGCTGTAACACTTCCGCCGCCGGAGCCACGATGCCGCCACAGGCTTCAATCTCGCTGCGTACAATCTTCGCCAGCGCTAATGAACCCGGCGTGTCGCTGTGTACCAGAATCGAGCGGGCGCGTACGGCAAGAGGATACCCTTCAATGGTGGTCACCGTCCCTTCCTGCAAAAACTGGCGAACCCGCCCTCGCACGACACCTTCTTCTTTGATTACCGCACCTGGCTTGCCGCGCGGCACCAGACGCCCGGCGGCATCATAGGCCCGGTCAGCCAGAAACAGCGTTAACCCCGGTAAACCGACACTTTTCGCCGCCTGCTCAATAAGGGTGTCTGGCTGGGAAAAAACGATCAGGCTCGGGTCGAGGCGATAAATCGCCTGCATCACCTGACGCGCCAGTGCTTCATCGCGGTTAATCATATTGCCCATTGCCGCATGGAAACTCACATGCGACACCGTCGCCCCTTCATGCTTCGCAATCGCCTGCAGCGCGCCAATCTGGTACACCACCTGCTGGCAAATCTCATCCGGGCTAAAGGCCA
NZ_CP180088.1_gap81	3525274	3529887	4613	CGAGTTGGTCGGCTACGGCCGGAGTCCGTGGCTACCGCTGTGGGGGCGGCTTTCCGCGCAGGATCGACAGCAGGTCGACAGCGCGCTACAACGAACCGGCATCGCTGCGCTGGCGGAACGACCGCTGACCGCCCTTTCCGGCGGCCAGCGGCAGCGGGCTTTTCTGGCGCTGCTGCTGGCGCAGGATACGCCGCTGGTGCTGCTCGATGAGCCAACGACCTGGCTGGATATTCATCATCAGGTGGCGCTAATGACGCTGATGCGCGAGCTGCAGACGATGGGCAAGACCGTGGTCACCGTACTGCACGACCTGAACCAGGCCAGCCGCTACTGCGACCATCTGGTGGTGCTTGAAGGGGGCCAGGTGCAGGCTCAGGGCCTGGCGGAAACGGTACTGACGCCGGAGATGCTACGGGAGATTTTTCACCTGGAGGCGGAGATTCACCCGGAGCCGGTGTCGCAGCGCCCGATGTGCGTGGTGAAATAACCCGGGTAAGGCGCGCTGCGCCCTACCCGAAGTTGATCAGTAGGTGTGGAAGTACTGCTGGATCACCTGCGGATTTTTCGTTTGCGTCAGCGCCGTCATCAGCAGGATGCGCGCTTTTGCCGGGTTGAGCGAGTCGGCTACCAGCCCAGGCTGGCCGTCATCAACCGGCACGACGCCGCTGCCGGTACGCGAGGCGCGAACCACCACGATTCCGGCTTTTTCCGCCTTTTCGATCCCCGCCGCGCTGCGTACGGAGACCGACCCCGCGCCGGTGCCCGCATAGATAATCCCGTCGGCATGGTGCGCGATCGCCGCGTCATACATATATTCAGGGTCATCCTGATAGCCATAAATAATGACCACTTTCGGTAGCGCGTTAAGATTGCGGACGTCAAAAACCGAACGCACGGTGTGAATTTTATCCACGCGAGTTTCGAACTGCGGTTTGCCGCTCACGATAACGCCCAGATAGCCCTCTTCCGGCGCCTTGAAGGTATCCAGCGTCGTGGCGTTGGTCTTAGTGACAAAACGCGCCGCGCCGATGCGGTCATTAAGCACTACCATTACGCCGCGGCCCTTCGCTTCCGGATCGGCCGCCACGGTCACCGCTTCCAGCAGATTCATCGGACCGTCGGCGCTGATGGCCGTGGCTGGACGCATTGCCGCCGTGAAAACGATCGGCTTATTGCTTTTTACCGTCAGGTTGAGGAAATAAGGCGTCTCGTCCAGGGTGTCGGTACCATGGGTAATCACTACGCCGTCCACATCATCGCGGCCAGCAGTTCATTGACGCGCTTTGACAGTTTAAGAATGATGTCGCTGGTCATATTTTCGCTGCCGATATTAGCGACCTGCTCGCCGTCAACGCGCGCGACCTTGCTCATCTCAGGCACGGCATTAATCAGCGTCTGTACGCCAATCGCGCCGGCTTTGTACCCGGTAGTCTGGGTATTGCTGGCCGCTGAACCGGCAATCGTCCCTCCGGTCGCGAGGATTACGATATGCGGCAGACGCGTCTCACTCGAGGCGAAAGCGCTTATCGCCAGTAACGTAATTGCCAGTAATGCTCTAAAATTCATCATGACTCATCCCAAAATAGATATTAAATAAATTCGCGCAGAGAGAATGCAAACGGCTTGCCAGGATTTAATGTATTTTACTCGGTAAAAATGATTAACTATCGGACAAAAAAGGATTTTTACTTCGCCCGGAGCGCTACTTTGGTGCAGGCACGCGCTAAAAATGGGCAGGATAAAAATGCGAAACCCGAATGGACTTATTCAATCTATTTTGTCATGTCGGCATCGCTATCAACGAAATAGAGCAAAACGGTGCGGGTAATGCGATGGAGAAAAACGATGCATAATATCGCCTTAAAATCAGCATTGATGCTTACCACCCGCGTCATACAAATTATTAACCCTGAATTACACCTGCATATGCAACGAACGGCGCTGATCGCGCTGGAGCTTGCGCAGGCGTCAGGGCTCTCGCGTCAGCAGCAGCAGACGATCTTTTGCGCCGCGCTGCTGCACGACATTGGCGTTCTGGGCGATAAACGAGTGTTCTCCTCGCTGAACGCCATCGATAACCTCAACGATCCGCATCAGCACCGGGGAGCAGAAATGCTGGCCGGGTTAGCGACCCTGGCCCCCATCCTGCCGATTATCCGCGATCACCATTTTAGCCCACACCACAAAGGCAGCCTCGAACAGCATATCGTCTATTTCGCCGACGTGTTTGAACGCCTGCTTGCTGGCGATAAGCACGCGACAACCTTTCAAACCGATATGATTATTGGTAAATTTCGCGCGCTTTACCAGGCGATAGATCCGCCGCTGTGCCAGACTTTGTGCCAGCTCGCACAAAAAGAGCATTTTTGGCTGCACCTCAATCCCGGACATATTCAGCGAATGCTGGAGATCATCGGCCCTATCAACCATGTTTATATCGATATCGACGGTCTGAAAGATATCTGCCTGTTAATTGCCAAAATCGTCGATACCTACAGCAGCTTCACCGCCAGCCATAGTCTGAAGGTCGGGCGAATTTCGCGCACCCTCGCCGCTTATATGAATCTGCCGGAGATGGAGTGTAAGAAAATTGAGATTGCCGGCTATTTACACGATATTGGCAAAGTACACATTCCGCTGAAAATCCTGGAGAAACAGGGCGAACTGAATGACGAAGAGCTGCTTCAGGTGCGGGAACATAGCTATATGACCGGCGAAATTCTTAGCACCTTCAGCGAACTCGGCGAAATAATTAACTGGGCCGCGAATCATCATGAAAAGCTGGATGGCAGCGGCTATCCGCTTCATCTCAATGAGCATTACCTGCAGCTCCCGGATCGGATTATCGCCATCGCGGATATTTTCACCGCGCTTACCGAAGACCGCCCCTATCGCCCCGGAATGAGCCGTCAGCAAGCGTTACAGCTGATAGAGAGTGATGTTATAAATGGCGCGCTGGATAAAGACGTGTACCGCATTTTGCATCACCATGCCGAAGCGCTGCACGCTATTATTACTCACACGCTGCACCCGTAATCACCGCTTTTTTTCCGGTGAAGCCGGAGTGTGACGATAAAAAAATAATTAATTCATCTGCACGCAAGGAATATCCGGTGAGAATCGCCACCATGACTAACTGGGCCTACGGGATCACCGTCGCCCTGACCCTCGCCTCAGGCATCGCCATGCTGATGGCCTCAAGTGCGGATAATGCCGAACGCCGCGCCGTCGAACAACGCCAGGCGTTTGACCAGCTAAGCGAAGAAGTAGAAAGCGGCGCCTGGGAGCTTTCCGATCTCGCGCGACTTTACATCATTCAAAAAAATCAGGATGTGCTGCAGGAGTACCGGCAGCAAGCCCAGGCCACCGCCGCCATTGAACATCGTCTGGAAAAGCTGAAAGACAGTGGCGCAACCGCTGAAGAGCTGGCGCTGCTGCGCGAGGGTTTACAGATAGCCGATGAACTTCAGGATGAACAGCAAACGGCGCTGGCGCAGGTTGCCAGGGGAGAAGAAAAAGCGGCGGTCAGCCTGCTTTACGGCGCTGCCTATGAGCAGGAGCTCGAGCGGGTCCAGACGCAGCTCGATCACTTTCGCCTGATGCTCGAAGGCCGGGTGAATAAAACCATTGCCGAGGCTACGGAGAAGTCACGGATCTGGCGTACGCTTTCTGAGATCATGGTTGGGCTCACCGCGCTAATGTTCCTGTTTGTGCTGGGGTTTATTCTTAAGCGGCGGGTGCTCTATCCCGTCGTTCGCCTGAGCGACGTGGTGCAGCGGCTGGCATCGCAGGATTATGCGGTTGAGACGCCGCAGTTTACCCAGATTGATGAAATTGGCGATATGGCCCAGGCCATTCGTATCTTTCGCGAGAACGGGCTGGCGCGGCAGCGGCTGGAACAAGAGCGCGATGCGGACTGGGCGGTCCGGGAGCTGCTGGCGAGGATGACCCAGCGCTTGCAGGGCTGCGAATCGTTCGAGGATGTGATCAAGGTTGCCGAACTGTTCGCGCCAAATATCGCCCCGGAGATCCCGGGCCGGCTGTATATTCTCGATACCGATCCCTGGCAGATGCGCTGCGTGGCGCAGTGGCTTTCTCCGCCGCTTGAAGCCGACGTCTTCCATCCGGATAACTGCTGGGCCGTGCGGCGCGGGCTGAGCCATCCGCCGGTCAACGGTGAGCCGGATATCGCCTGCTATCACCTGTCGGAATCGCAGGCTCAACGGTCGCTATGCGTGCCGCTGATTGCGCAAGGAGAAGCGATTGGTCTGCTCTCCTTCAGCAACGTCACCTCCGCGACCGCCCCGTCCCGCGCCTATCTTGAACTGATGGCCGAAGCCCTGGGTCTGGCGCTGGCGAACCAGCGTTTACGCAACGCGCTGCTGGAAAAGGCGCTGTTTGATTCATTAACCGGCCTGCGTAACCGCCACCACCTGGATGACGCTCTGCATACTCAAATGAGTCTGGCGGTACGCAACGGTACGCCGCTGAGCTGCCTGATGATCGATATCGATCACTTTAAGGCGATTAATGATAGTTATGGTCACGAAGCGGGCGATCTGGTCATTAAAAACGTCGCGGCGATTATTCAACGTGCGGTGCGCGATATTGGG
NZ_CP180088.1_gap82	3556207	3558938	2731	ATTGCCGTGGCCTATTACGATCAGGAGCAAACCCAGGAAGAGATTGCAAAACGCTTTGGGATCTCACGCATTAAGGTCGGTCGGCTGCTGAAAAAAGCTCGCCACGAAGGAATTGTCGAGATCAGCGTGAAATACCACCCGGTCTTCAGCTCCCAGATTGAGCAGCAGTTTATTTCCCATTTCGGCATCAAGCGCGCGCTTATCGCCCTGGACCATCACGACGAGGATGAACAGCGCCAGCAGGTCGCGGCGCTGGTCAGCAACTATCTCGCCGGGATCCTCAAAAGCGATATGACGGTGACCGTCGGGCAGGGTCGCAACGTCGCCGCCGTGGCCAACCACGTGGGGATTTTTCCGGAGCGCAACTGTCGCTTTATTTGCGGTATCGGCGGCACCAAGCGCGACAACCAGCTGATCGATGCCGATCACATCAGTCGAAACCTGGCGCGTAAATTCAACGGTTTTAGCGAAACGCTGTACGCCCCGGCCTATGTCGAAACGCCGGAACTGCGCTCGGCGTTTATGCAAAACCGGCTGATTAAAGCCACGCTCGAACAGGCCAGCAAGGCGGATGTCGCCATCATTGGCCTTGGCGATATGAATGAAAATAGCTTTATGGTGCAACTCGGCTGGTTCTCCCCACAGGAGATTGCGACCGCGCGCCAGGAACAGGGCGTAGTGGGCGATCTCGCCGGCTATAGTTTTTTCAATATCCAGGGTAAACCGGTTGATACGGTGATGAACGATCGGGTTATCGGCCTGAGCCTTGAACAGCTCCGCGCCATCCCGTGCGTGATCGCCATTGCTTCGGAAAGCACCAAGGCAACGGCGATTCTCGGCGCGCTGCGCACCGGCGTGATTGACGTGCTGGCCACCAGCGCATCCAATGCCCGGGCGGTGATTAATATGCAGAAGGCGCTATGAATAAAGGGCGCCGCGGCGTCCTGAATTTCATGAGCGACCTGCCCTGGCGATTGTCGTACGCTTTTTCTCGGGCGGTGGCAAAAGCGTGGATTATTTCTTGTCCTGGTTTTCGTTAAGACAGCAGCAAGCTTTCCCGCAACATAATTCAGCGGCTTCCACAACGCGCTCAGCACGATAAGCGGGCCGAACCACGCCGAACCGCCCCTACTGCGGCCAAAAATATCGCGGCAGATATTGCTAATGGGCTATCCATAGCCACTCCTGTTTTCCGTAACGCTGTAGTGATGAGGTTGCGTTTATCCTGCCAGCTGTTTAAGCAGCTTTTCCACAAAGAGCGGCACCACTTCGCTTGCCAGGCCATAGTGCTTTTCGGCAAATTCGCTGCCCACCTGGCTTGGCTCGAGGTTGAGCTCTACCGTATGGGCGCCCTGCAGCCGCGCTTCGTGAACAAAGCCTGCCGCCGGATAAACGTGCCCGGAAGTGCCGATGGCGATAAAGATATCGCACTCGGCCAGCGCAAGGTAGATCTCATCCATATCCAGCGGCATCTCGCCGAACCACACCACGTGCGGGCGCAGCGGCGCGGGGAACTGGCAGCAGTGGCATTTGTCTTCCGTCGTCACATCGCCGGTCCACGCCAGCACCTGGCCGCTCCACGAGCAGCGCACCTTCAGCAGCTCGCCGTGCATATGAATCACCCGGCGATTGCCCGCGCGCTCGTGCAGATTATCGATATTCTGGGTGACCAGCAGAAAACGATCGCCCAGCGCCTCTTCCAGCCGCGCCAGCGCCTGATGCGCCGCGTTGGGCACGATGTCCGGTCCTTGCAGCTGGCGGCGGCGGTCATTGTAAAACGCCTGCACCAGCGCCGGATCGCGGGCGAAGCCTTCCGGCGTCGCCACGTCTTCCACCCTATGCTCTTCCCACAGGCCATCGGCGGCGCGGAAGGTTTTAATTCCCGACTCTGCCGAAATACCCGCGCCGGTTAGCACCACGACTCTTGGTTTTTCCATCGTTTCAGGGGTCTCCTTATCTTCGCCGAAGAAAATCCGCTGACGCAAACGGTCTCGTAACCGACGCTTATTGCGGCGAAATCGGCTTAATCGATGTAAGCGGCGCGACTGCATAGCTACCTCTGTCGTTATTGAGTCAGATGAAGGAAGGCCGCACCGCGCATGCCTCCGGCATCGCCATGACGCGCGCGCTCAATGCGCGGCACGCTGGCAACGGGAAGCAGATGTCGCGGCAGGCGCTGCGCCAGCCCTTCGGTTATTGCTGTAAAGTTAGACAATCCACCGCCAAGCACCAGCAGATCCGGGTCGACAATCGTTAAAATATTGCCCAGGCATACCGCCAGTAAATCGAGATAGCGCTCGACGTGCTCGCGCGCCTTCGCGTCGCCCTGCTGCCATAGCGCGACGATCTCGGGCGAGGTTAAAGCGTGTTGGTAAAAATGTTCATACAGCCAGGCGAAGCCGCGTCCGGAAAGGTAGTTTTCAATGCAGCCCAGCTGGCCGCAGCCGCAGCGCGTAAGCGGAAAATCGCGCCCCACCACCTCCAGCGCATCCACCGGCAGGCGGATATGGCCGAATTCGCCGGTAATATAGCGATGCCCGGTAATCGATTTTCCGTTGAGCACCAGCCCCCCGCCAACCCCGGTGCCGAGGATCATCCCCATCACCAGCGGATATTGGGTGAACTCGTCATCCCACGCTTCGGAGAGGGCAAAACAGTTGGCGTCGTTATCAAGCCGCACATCGCGGCCCAGACGTTCGCTCAGATCGGCCCGCAGCCGCCTGCCGCTGGC
NZ_CP180088.1_gap83	3573007	3576809	3802	CGTTTTGGTTTCACGGTTAATATCCACCACCGATCCCAGCTGGAACTGGAAGTCGTGGTTACGGGCGTGAGCAAGATAGCTCAGCGCGTCTACACCTTCATCAAGTGAACCGGTCGCCACTTCATGCAGCAGCGGTTTCCACAGGTGGCTGTGGTTACGATCAACCAGCGTGATTTTGGCCTTTTTATTACGGCCCAGCTTTTTACCCAACTGGGTAGCCAGCTCCAGCCCACCGGCACCACCACCCACAATCACTATTTTTTTCAATGGCGTAGTCACGCGACCCCCTAAAATTATTAACCAATTGTTAATTAAAAGTTATACATATAACCTTTAATTAACAACAGGTTACGGCAGTGAAACCATTCAGCGAGATCGAGAATAACATGAACGGTGCATTGGTCATACCAAAATTGATATGCATCAAGTTTTACCGCATATTTTTTGAGCGCAGAATCGCAAAAATGAATAAAAAAAAGCCCGCGATGTTTTCACATTGCGGGCCGGCGCGCGTTTAGCCGAGGGTTTTGAAGGCTTTTATGCGCTGGAGATGCGGGGAGATATTCTTGAACTTGTGGGTCTGCTCTTCATCCCAGATTATCTCATAGTAATGGTGCAGCAGGTCCGCCGAACGCTGGCTATTCAGCGCTTCGTCCTGACGAGATAGCACCACCAGGCAGCGATCGCGGTTTTTTTCGCGGAAATTATTCACGCATTTGGTGGCAATATCCGCATACTCTTCCGGCCGATCAATTTTCCCTTCCATGTTTTCATTGGGAAACAGGTTCGGGTTAAAAATGGCCTGGCGGATATCGCAAAGAAAGCCAATTCGCTCCGCCCAGAAGCCGCCGAGACCCACGCCGCAAATCAGCGGCCGATCGTCGGCGCTCAGCTGCAGCATCTTATCGACCTCTTTTAATAAGTGCTGCATATCATGTTTGGGATGCCGCGTGCTGTAGCTAATCAACCGAACATCGGGGTCAATAAACTGAAGCTGAAGCACCTTCTCATGGTTACCGGGGCTGTTTGAGTCAAAACCATGTAAATAGATAATCATCGCATCCTCACCAGACAACAACGCCTTTCAGGTTTATTACGCGGATTTCGCCTCTTGCCAACGCGCGTGAAGCTGCTCAAGCTGCGCGCTGATCGTCTTCCAGCGGGCGGAATCCCTTAACGCCTGACGGCTAAAGGAACCTTTATGATACAATTTCGTAACACGTTCTGCTTTGATCGGCGACAGGTTATCCAGCACGCTGACCGCACCCTTACGATTATTGCAGACAAGGATCATATCGCAACCCGCATCCAGCGATGCCTGGCCGCGCTCGGCGTAGCTGCCCATAATCGCCGCCCCTTCCATCGACAGATCGTCAGAGAAAATCACCCCTTCAAATCCCAGCTCACCGCGCAGAACCGTTTTTAGCCAGTGCGCAGATCCGCTGGCCGGACGCGGGTCAACGTCGCTGTAGATGACGTGGGCGGGCATGATCGCATCAAGCCGCTGCTCGCCAATCAGCGTACGGAAGATGGCCATATCTCTGGCGCGAATTTCCGCTTCCGCGCGCGGATCGCGCGGCGTCTCTTTATGGGAATCGGCCGTCACCGCGCCGTGTCCGGGAAAGTGCTTACCGGTGGTTTTCATTCCCGCGGCGTGCATGCCGTCAATAAAATGACGAGCTATCGCCAGGGCTTTGTCGGGATCGTCGTGATAGGATCGCTCGCCAATAGCGGCGCTGATATGCCCAACGTCCAGAACCGGCGCAAAGCTGATATCAATATCCATGGCGATCATTTCGCTGGCCATGAGCCAGCCGGCCTCTGCGGCCAGCTTACCGCCCTCCTCCATGCCGAGCAGCGCGGCGAAAGATTGCGCCGCGGGAAGGCGGGTAAAGCCCTCGCGGAAACGCTGTACGCGCCCGCCTTCCTGATCTACCGCTACCACCAGATGGTTGCGCGAGGCCTCGCGGATCTGGCGGACCAGCTCACGCAGCTGCGCCGGATCGTGATAGTTGCGGGTAAACAGGATCAGCCCGCCAACCAAAGGATGCGCCAGAATCTCACGCTCTTCCGCATCCAGTTCAAAACCTTCGACATCCAACATTACCGGGCCCACATCCACCTCTCTTATCCTTTTACTTTTTGTCTAACTGGCGCCATACCTCATCCGCCAGCACAATAAACTGTCGGTCGCCGGTTTGCTGCCAGCGTCGCTCGTACCAGCCCGCCATCAGCAGCTGCACCCACGGACGCCAGCGCTGAATTTGCCGCCAGAGCTGAAGCTCATCGATGCTCGCCCGTCTCGCGTATTCTGCGGCTAGCCGACGATGCGCGGCGGGCTCGATCCACACCGCCGCCAGCTCCAGCGCAACATCGCCATCGCCCGCATATTCCCAGTCAATCAGCCGCAGTCCCGCCTCGCCGTGAACGATGTTGCCCGCATGGACATCCATATGTAACGGGGCGAGACGCAGCGGCCGGGGCTCGCCGCGACGCAGCAGCCGTTTGTGCCAGCGTAGCCACCGCGGTGTGCGCCGCGCGGGGCTGCACTGTTGCCAGTACCGCTCAAGCAGCGGCCGCAGCGCGATACGCCAGCCAAAGCGCGGCTGCTGGTGCAGATGATACAGTAACCCTGCGAGCGCCGGACACTCCGGTAATGCGTTAACCACATCGCCTGAGCAATATTCCACCACCATCCAGGCGGGAGAATAAAACACCGGCGCGGGCGCTAACGAATCGGGAAGGCGTGACAGAACGTGATATTGACGGCGAAAGTCGCAGGCCGGCGCATGCGGATCGTGCGGCTGGCGCAGCACCCGCTTTTGCCGACCATCGCTGAGAATGCAGCTGCCGCCGCTCAGCCCGTTTTGGAGCGGCGCGGCGACAGGCGTATAGCGCGGGAAAAAGCGCGACAGCACTTCGTCGCGCGTGAGCTTATTGTTGCTGAACAGCACCTTTGCCTGACCAGATAATTTCGCCGGTCTGGACCAGCATTAGCTGCATTTTCAGCTCAGGGGAATTAACGTTGCCGGTCGCGTTGGAATAGAGCACGTACTGTGCGCCAACGGTACGCGCAATGCCCATCGCTTTACTGCGGCTGCCAAGGCTATCCTGCGGCGACAGGCCAAGCTGCTGTTTGGCTACGCCCAGCTGCTGCTGCGAGACCAGGGTGAATTTTCCATTGCCTTCCAGCGCGTTGCGCAGCGCCGTGGTGGCCTCTCCCGCATTCAACGTGCCGTTGGTGCGGTTATTGACGCTGTCGACCAGCAAAATGCTGCCCGCATTTACGCCGCTGGCCTGCAGCATCTGCCCAATCATCGGCTGCACCGCGGAATTCCAGTCAAAATGACGCACGCGCGGCGCCGGCTGCGCTGGCTGCTCGCCGTGTTCAATCGGACCCGGCTGCGTAGGTATCACGGGAATAGTCGGCACAGTCGGCTGCGGCTGAACGGGCTGCTGCGGCTTCGGCTGCGCTTCCTCAACGGGAGCGGGTTCCTGACGTTGACCCACGCATCCGGCAAGGAATATCGCCAGTGCGGTAACTAATGCATAGCGACATAGTTTAATCATTACGATTACCTCTTACAGATAAAGATAAAGTCGGGCCTTGTGCGCCCCCAGAATATTGGCGCTGCCATAAAGCGTAACGGAAGAGTGCGCAGGCACCGTTATGCTGCGCGCGGACTCCAGCGGATGCATTTCCAGCCCTCTGGCGTCATACCAGAAAAAGCGATAATGCACGGTCACCGGTACCTGGCGTTCATTGAACAATCGGGTGGTCGCCGTCGCCTGAATCTCGGAT
NZ_CP180088.1_gap84	3610045	3611976	1931	TGCCTGCCGATCCTGAAACGCAATATTCACCAGCAGGCGCTGCGCGAACTGGTTGCCAGCGGTTTTGACCGCGCTTTCCTCGGTACGGATTCCGCTCCCCATGCCCGCCATCGTAAGGAAGCCAGCTGCGGATGCGCAGGCTGTTTTAACGCGCCGACCGCGCTGGGCAGCTACGCCACGGTATTTGAAGAGATGAACGCCCTGCAACACTTTGAAGCCTTCTGCTCGCTTAACGGCCCCCGCTTCTATGGCCTGCCGGTCAATGAAGGCTACGTGGAGCTGGTGCGCGAAGAGAGCCAGGTGGTCGAGAGTATAGCCCTGCCAGGCGACGCGCTGGTGCCGTTCCTTGCCGGGGAAACCGTGCGCTGGACGATGAAAAAATAAATAGCCCGCCCCCTGTTGTAAATCTTCAGAGTGTACTGTATAAATAAACAGTACATTATCCAGGGGGCAATTATGCGTATTGAAGTCTCTATCGCCAAATCAACAGCCTTACCCAACGGCGCCTTAGATGCGCTGAACAATGAACTCTCGCGTCGTATCGAACAGCAGTTTCCCTCTACCTCAAGTCAGGTAACGGTTCGGTACGCAGCTAATAACAATCTGTCGGTTATCGGCGGCCTGAAAGAAGACAAAGACCGGATTAGCGAAATCCTGCAAGAAACCTGGGAAAGCGCTGACGACTGGTTTGTCCGCGACTAGTCAATTAAATTTGCTCCCTCATTGTGCAATTTTTTGCCGGGTCGCCCCGGCTTTTTTATTTTTTTCATAGTCAGACTCTCCCCTATTGCTTTTCCTTAGCACCTTCATAAATAACAAATAACCCTCCCTGACTTGCCTAAAAAATCAGCACATGGGCGCGTATGTGTCTCTATTTCATTTAATTTCTCGAGTTTATTCTTGACTACTGATATAATTAACTTGCTTCAAAAAACACGCATTAAACCTCGAGAACTGTTGTCTTTTAACATATGAATAAGGGGTTATGATGGAAAAGAATAATGAAGTCATCCAGACCCATCCCCTCGTCGGATGGGACATCAGCACCGTTGATAGTTACGATGCGCTGATGTTGCGCCTGCACTACCAAAACCCCGCTCAAGAAAGCAGTAGAGACGCAGAGATTGGCCAGACGCTATGGCTAACGACGGACGTCGCACGTCAGTTTATTTCGATTCTGGAAGCAGGTATTGCGAAGATTGAATCTGGCGAATACCAGGAAAATGAGTATCGAAGGCATTAAAATTTAGCGCTAATGTCAGAATATTCACTTAACAGGCACCCTCGGGTGCCTGAATTATTTTCGGGCTTGTATAACAGCAGGTTGTTAATTACCCTGCTAATAAAGCAATAACCTGGAACTCACCATGCAATACGATCTTATCATTATCGGTAGCGGCTCGGTCGGCGCTGCCGCAGGCTATTATGCGCGGCAGGCAGGGCTCAACGTACTGATGATTGATGCCCATCAGCCGCCGCATCAGGAAGGCAGCCATCACGGCAGCACCCGCCTCATTCGTCACGCCTACGGCGAAGGCGAAAGATATGTCCCCCTGGTACTGCGCGCGCAACAGCTATGGGATGAGTTTGCCGCCGCCAGCGGTGAAGCCGTCTTTGAACGTACAGGAGTGATTAACCTCGGGCCTGCCGGTTCCGACTTTCTGCGCAATGTTGCCAGCAGCGCGCGCGAGTTCCAGCTCAATATCGAAGAAATGGATGCGCAGACGGTGATGACTCGCTGGCCGGAAATTCGTATTCCTGATGATTATCGGGCGATATTTGAACCCGCATCCGGCATACTGCGCAGCGAACTGGCCGTTGAAAGCTGGATCCGTCTGGCACGCGAAGCGGGCGCCGCACAGCTCTTCAACTGCCCGGTATCGGCCATTCACCACGCGCCGAACGGCGTAACCGTCGAGACGATTGATGGT
NZ_CP180088.1_gap85	3636877	3639036	2159	ATAAATATGCGTATCCACCACGCGCTCAAGCGCTTCGCTCTCAGGAAGGCAGCGCTCCAGCAGATACTGTCGCGAAAAGGGACGGACGGGGGCGCGCATCAGCGTAGCCAGAAGCGAAAACTCGGTCGGGGTAAGATCGAGAACATGGACAGATTCCCCCGGATTGCTGACGGCCGCGACGATGGCAGCGACGTCCACCTCCAGCCCCTGCCAGCGCAGAATGTCTTCCTGCGTCTCCGCTTTGCGGCTCCGCCGGAGCACGGCCTGAACTCGCGCCACCACCTCGCCAGGATGATAGGGTTTCACCACATAATCGTCGGCGCCATAGCGCAGCGCGCCAATACGATCGGGCATATCCCCCATCGCGGTAACCATAATCACCGGCACATCGCTTTTCCGCCGCAGGCTGGCCAGCACCTCGGTGCCGTTCAGCCCGGGCAGCATCACGTCCAGCAGAATCAGATCGGGTTTCCAGCGCTGCGCCATATCCAGCCCAGCGAGGCCATCCACGGTGACCGCCACATCATAGTTTTCCCGGCGTAAATAGGCCTCAAGCACCCCGGCCGCATCGGCGTCATCTTCAATTATCAACACTCTTCTGGACAACATCTGTTCACCTTGACCGTTTCTTAACACTATCCCGACCGTTCATTGATTTAGCAAAACCATACTGCACCGGCATTCTGCGGCGCGTCCTTATCGACGGCGCCCGCGTCCACGTGGAGAACAGTATGATAGCCAGAAAAATTTCGCCGTATATGGTCGTGCCGTTTTTAATGGCGATAACACCCGGCGCGCGTGCCGATGAAGCCGCCGCGCCTTCCGATGGGCTGACTATCGGGGTGGGCGGAAAATACGCGCCTCGTTACAGCGGCTCTGACAAGCAGAGTTGGCAGGTGGTTCCCGTACTACAGGGGCGGAAAGGCGCTTTCTTTATTGATAGTCAAAAAGGCATAGGCTATGACCTGGCTGGCGACAGCGGTCTCTACTTCGAGCACACGCTCGGTTATGACCTCGGGCGAGCGGAAAAAAACTCAGGCTGGCGCGATGGGGCGAATACGCTGAAGGGGATGGGTAATATTAAAGCCACCATGAATACCGCCTTCGCCGTCGGCTGGTCGGTCACGCCGTGGCTCACCGTTGAAGGTAAGGCTACGCTTCCGCTCACCGACGCCCAGGGCGTGCATTATCAGACCTCCGCAACCCTCCTGCTGCTCCAGAATTCGCAGGATATCGTTGCCTTACAGTCCGCCGCGCTGTTTGGCGACGACCGGTACGCCAATACCTTTTACGGGGTCGATCAACGGCAGAGCGCCCGTTCCGGCTATCGCCCCTATCGCGCACCCGGCGGATTTTACGGCATCGACAACGCGCTGACCTGGAGCCATCAATATGACGAGCATTGGGGATCCACGCTCAGCGCCGGCTATACCTGGCTCGGAGAACATGCCGCTGACAGCCCGATAGTCTCACGGCGCAATGAAGGTTCCGTGACCGCGGCAATCACCTGGACATTTTAATCGATTCTGCGCTCGTCCAGACACCCACCGCGTCAGTTGATTAAAAAAACCTGAAGCCCTGTTCACGTGAATGATAAGCTTCTGCAGCGTTACATTTAAATGTTAAGGAAGGAAAATGAGCACCATTGCCGTTGTTGTTCTGACTTACGTTAAACCGCTTGATCAGGTAGACGCCCAGCTTGCTGCGCACGTGGAATGGCTAAAGCAAGGCTATGCTGCCGGAATATTTCTCGCTTCGGGGCGTAAAATCCCCAGGTCCGGCGGCGTGATTCTGGCTAAAGGCGATGATATGGATGGGCTGCAAAACTGGCTGAGCCAGGATCCATTTCAGCAATCGGGCGTAGCGAAAGTCGAGATCGTTCCTTTTGAAGCCACGATGGCCACTCCTTCACTGCAGGCTCTTCTGTAGTGCAGCAAAAACAAAGCCCGGTCACCCGGGCTTTGCAGACGCAGAAGAACTCAGTAGTAGGCTTTCAGCGCACGCTGGCAAAGCGTTGAGCGCACGCAATCATCGGTTGTAAAGCGCACAATACCCACCATCTCATCCTCTTCAAAACGCGCTAGCGCATCGGTCAGACCCGACCGTACGCCTGAAGGTAAATCGCACTGGGTAATGTCGCCGTTGACGATAACCGTCAC
NZ_CP180088.1_gap86	3642561	3645358	2797	CATCATGACCATCCCTTTCGATAAGTATGTTGTCACTATTGCAATCCGCGATGCCCGACTACGCTGCCCGGGATGCGGTGGTTTTTTTACCCGGCGGCGAGACGTACAGCACCAGCGCCGGGATCAAATAGATAAAGTAGACCGCCACTTCGCTGACGGTCGGCGTTTCCTGATAGCCGAAGATCCCTTCCAGCAGCGTGCCGAATAGGGTGTGCGTCGAAATGACGTTGCTCAGGTCGAAGGCGACCGCCTGGAAATGGTTCCACAGTCCGGCCTCATGGAAGGCGCGGATAGCCCCCGCGGCGAGGCCTGCGGCCACCAGTAAAATAAACAGGCTGGTCCATTTGAAAAAGACGGCGAGATTCATGCGGATGCCGCCCCAGTAGATCAGGAACCCTAAAACGATGGCCGTCGCCAGGCCGAGCATCGCGCCGATGGGCGGCCAGATTCCGACATCCTGCTGGAAAGCGGCGAGCAGGAAAAAGACCGATTCCAGGCCTTCACGCGCGACGGCGAAAAAAACCATCATCACCAGCGCCCAGCCGTGGTTATTTCCGCGCTGGAGGGCATTATCAACCGCCTGCTCAAGCTGCTGTTTGACGTTGCGCGACACTTTACGCATCCAGAACACCATCCAGGTCAGAATGCACACCGCCACCACCGCCACGATGCCTTCGAACAGCTCCTGCTCGCGCTGCGGAAACTCGCCGGTGGTTTCGTTGATAAAAATGCCGAGGCCCAGGCACAGCGCCGCCGCAAGCAGCACCCCAATCCACATGACGCCAATCCAGCTACCGCGCTGGGGGCGTTTCAGATAGCTGGCAATCAGGCTGACAATCAGCGCAGCTTCCAGGCCTTCACGTAACATGATGAGAAATGGGACAAACATGCCAACACCCTTAAATGTGAACCGCAGTCAACTGATGCAAAGATAGGTAAATATTTATGATAGTGATTATCATTACAATAATCAGAAACACAAGTGAAATGTGGAGTGAATGATGACGATTTGTAAATCAGTCGCGAACAAATAATGACTTGCGCGATTATCCCGCAGCCCAGGCCCCTCGGGGCAGGAGGACGGGATTTTTTGCGCCAGATATTTACCCGGCTGCCCAGCTGTGGCTAAATGGCGGCCTTATTGACCTGCGAAATAAACGACATGACTCAATTCTTGCACTTCCTGCTGGCGCTGGTGGTTATCCTCGCCCTTGCCTGGCTTGCCAGCTACGACCGTAAAAAAATCCGCATTCGCTATATTATCCAGTTAATTATTATTGAAGTTGCCCTGGCTTTCTTTTTTCTCCACGCCGAAAGCGGCCTGTGGCTAGTGAAAAATATCGCATCCTTTTTTGAATCACTGCTCGGCTTTGCCGCCGAAGGCACCAACTTTGTATTTGGCGGCATGAGTGAAAAAGGGCTGGCGTTTATTTTCCTTGGCGTGCTGTGCCCCATTGTCTTTATCTCCGCGCTCATCGGTATTCTTCAGCACTGGCGTATTCTGCCAATTTTTATTCGCCTGATTGGCACCCTGCTGTCAAAGGTTAACGGTATGGGTAAGCTGGAGTCCTTCAACGCGGTCAGTTCGCTGATTCTCGGTCAATCAGAGAACTTTATTGCCTATAAAGGCGTGCTCGGCGATCTCTCTTCCCGCCGCCTGTTCACCATGTCGGCCACCGCGATGTCGACGGTGTCGCTCTCCATCGTCGGCGCTTATATGAGTATGCTCGACGCGAAATACGTCGTCGCCGCGCTGATCCTGAATATGTTCAGCACCTTTATTGTGCTGTCGATCATTAACCCGACGCGTCCGGGCAGCGAGGAGGAGATCAAGCTTGAAAAACTGCATGAATCCCAGAGCTTCTTTGAAATGCTCGGTGAATATATTCTGGCCGGTTTTAAAGTCGCGATGATTATTCTGGCGATGCTGATTGGTTTTATCGCCTTAATTAGCGCCATAAATGCCCTGTTCGCCACGATATTTGGCCTGAGCTTCCAGCAGATCCTCGGCTACGTCTTTTATCCCCTGGCGTGGCTGATTGGCATTCCGCTTAGCGATGCGCTGAACGCCGGGAGTATTATGGCGACGAAACTGGTGGCCAATGAATTTGTCGCTATGATTGAGCTGCAAAAAATAGCCGCCAGCATGACGCCGCGCGGGCTGGGAATTTTATCCGTGTTCCTGGTTTCCTTCGCCAACTTTGCCTCTATCGGCATTATCGCCGGGGCGATTAAAGGCCTGAACGAGCAGCAGGGGAATATCGTTTCCCGCTTCGGCCTGCGCCTGGTGTATGGCGCAACGCTGGTCAGCCTGCTCTCCGCCAGCTTTGCGGGGCTGGTACTGTAACCGAAGCGCGTTTGGCCTGTTACCCCGGGGTAACAGGCCCGCGTAGCTATGTAGCCCGGGTAAGGCGTTAGCCGCAACCCGGGAATTTCACCTGATTCAAATTAAAAATGTACGCAGACCGGCTGGTCAACGCGCATCACCGACTCCTGCGCAAAGCGTGATTTATAGGTCGTGCGCAGCGCCTCAATCCCCTCTTCGCTCTTCGCATCTTTGCCGTGAATCAGCATCAGCGCTTTGCTCTGCTCGCGCGCCACGGTACCGTCATTGCCCAGCCACTGCCCGCGCGCGTCAAAGACCGTCAGGCCATCGCGAAAGCGCGGCGTCACGTCGCGGTCAACGAACTGCTGCCACTCCTGCGCGGTAATATCCTTCCCGGCCGGACGGCTTAAGCCGAAATAAAGCGTGGTTTGCACCATGGCGTTATCCGCCGGGCAGGCGTTAGCGTCCGCC
NZ_CP180088.1_gap87	3757976	3762741	4765	TTTCTTCAAGTAAACTGGCCTTGTTCTTAAAATGCCAGTACAACGTCGCTGATTCCACCCCCAGTTTTTGTGCCAGCTTACGGGTCGTAATCGCTTCGAGGCCGACCTCATCTAATAATGCTAATGCTGCCTCAATCACCTGATCTCGCTGGATTTTCGCCATGATATTCCCCCTTTATTGATGCATCAAACCGGCCAGTGGTCTGAGAAGCGCCATTTTGTCTGAACTCAGCGCCTGGCGGAATCTTTAATGCAAATAAATCTATCATTGATAGGTTTATTGATCAATGATAGATTTCTTCGCACATCGTCCTTAGGGGGCTTTTTATGAATATCAATCAAGACAAGCGGGTCAAGGAAACAACCCATCCGCGACCGATAAACGCCATACCTCCGATGCTGTGGATGCAGGCGGCCATCATCACCCTGGGGGCGTTTGCAACGATGCTCTCATCAACGATGCTGAGCGCGGCGCTGCCCGCGATGGCCGCCGGCCTTGGCGTGACGGACACGGCAATACAATGGATAGCAACGGCGTATCTTATGGCCCTTGCGGCAGGCGTTCCGCTTAGCGCATGGGCGGCCAGGCGGTTTGGCGCTACGCAGCTTTGGCTCTATGGCCTTATTTTATTTGCGATTTTTTCGGCAGTTTGCGCCCTTTCCCCGCGTTTTGAGGTGCTGCTTGCCGCAAGAGTTATGCAAGGCCTGGCAGGGGGATTACTCGTACCGGCAGGGCAAACGATCCTTGGTCTGGTCGTCGGACGCGAACGTCTGGGGCGGGTGATTGGCACGATTGGCGTGGCGATCGTCATTGCTCCCTTGCTGGGAACATCGCTGGGCGCGGTCCTGCTTGAAATCTGCGGATGGCGAGGGTTATTTTGGATCACGGTGCCGTTCTGTCTGTGCGCCTGTCTGGCCGGATGGAAGCTGCTTCCCCGTCCAACAATAAAAACTGACAGGCCCCTCTCCCTGGACTGGCTGGGACTGGCGCTGGTCTTCTGCAGCCTGCCGATGCTGATGGAAGGCATGAAAGAGCTCAGCCTGAATAGTGGTAAATATGGCTGGAACGTCATCATGCTCAGCGTGGGCGCCCTGTTCACCTGCTTGTTTATTTATCGCTCTTTGCGCATTGAGTCCCCCTTACTGCATCTCGAGCTTTTCAAGCATCGGGGTTTCACTTTATCTGCCGTATTGATGGCTATCGGCGGCGCGGTGAATTTTGGCGGTCAGTTCCTGCTTCCTTTATATTTCCGCGACGTTTGCCATGTAACGCTTGCTGAAGTGGGCCTGCTTCTCACCCCTCAGTTAATCGGCTCGGCGATAGGATTTCCGGTGGCCGGCTACTTCTCCGATAAGCTGGGGCCACGAACGGTGCTTATCATTGGCGGTTTACTCGCGGCATTTGCCACATTGCCACTGGCAATGATTGATGCGGGAAGTCGCTATACGCTTGTGGGGGGCGCAATAGCGGTCAGAGGGTTCGGTTTAGCCCTGGCAACGGTGCCCGCGATGGCTGCGGGCCTGGCTATGGCTGGCAGCCGTCACGTCGCTGATGCCGCACCTGTTCTGAATATCCTCCAGCGCGTTGGGGCGATGGCGGGCGCGGCGCTGGTGACCGCCTGCTACGTCAGATTTGCCCATACCCGGGGGAGCTTAGCCGCGTTTCACCACGCCGGGTGGCTACTTACCGGCGGGGCCGTACTGCTCGCGCTTTGCGCATTATTTATGGTGAACCATTCCACTTTAACAACGCAGGTAGAATAAAAGTTTAATCAGAAAAGTTATCGTTTTCAGACCCGATCCCAATGCCTGCTGGTTAAATTTGCAGTAATGGATTTCGTTGCCTGCAAAATAAACAATTCGGAGCGGCTGATAGGCAGTCATGCCAGCCCGATGCGAACCGGCTGGCATGGCGCACTCTCGCTGGCTAAATCGCGCCGATCAATCCCCCATCAACCCGAATCACCGCGCCGGTAATGTAGCTGGCAGGCTGGCTTGCCAGAAACGCAGCGACGGCGCCGTACTCCTGCGGTTCGCCATAGCGCCCGGCCGGAATGCTCTGACGACTCTTTTCGGCGACCGCTTCCGCACTGCTGTTTTCCCGTTGCGCCTTGAGAGCATCCAGCTGGCTGACGCGGTCGGTCGCGATGCGCCCTGGCACCATCACATTCACCGTCACGCCGTCGCCAGCCACTTCGCTGGCGAGGGTTTTCGACCAGCCGAGCAGGCTCATGCGCAGCGCGTTCGACAGGGCGAGGCCGGGAATGGGGGTTATCACGCCGGATGAAGTGGTGGTAATAATGCGTCCCCAGCCGCGGCTGCGCATGGCGGGCAGGAGTTTATCGGTGAGCTGAATCAACGAGGCGACCATGACTGAAAACTGCTGTTGCCAGACTGCGCCATCCGTCCCCTGCGCCGGTGCGGGCGGCGGACCACCGGAGTTGTTAACCAGAATATCGATATCGCCCCACCGCTCGCGGATATCGGCAATCACTCGATCAAACTGCTCCGGGGCGGCGAGATCCAACCGCCAGGCGCGGGCAGTACCGCCCAATAAGGTGATACGTTCCACCGTTTGCGCCAGTTTTTCCGCGCTGCGGCCGGTGACCGCCACCTTCACCCCTTCCTGCGCCAGGGACAGGGCAATAGCCTGTCCCAGACCACTGCCGGCACCGCAGACCAGCGCCACACGTTGTTGTATCTGAAAATCCATAAGTGCTCCTGATTGTATTTTCAGAAGCAACATGTGCAAGAGCGATGCCAGTTATGCGTGGGCGTTTTTAACATTGACCTGGTCAAAGGCGTATTGCAGATGCGTTCTCATCAACTCTGCCGCCAGTTCCGGCTTGTTCTCTCGCAGAGCATCGATGATGGCAACATGCTCTTCACACCACGCTTTTACGCGGCGCTTATTGTGATAGCTGCCAAACTCCAGCAGACGGCGCAGCCGGTTTTGTTGCTGAATGGCCTGTAACACGAACAGGTTGCCGCTGGCTTCTGCCAGCAGCTCGTGAAACTCAGCGTCGGTTTCGAAAATCTCTTTTGCCGGCACCTGAGTAATGTCCGGGTGGGTGATGAGCCGCAGATGCCGGGCGCGCAGGCGTTTAAGCATCTGCCTGTCCACATGCAGGCCGGGCGTCAGCAGCGCCGTCGGTTCAATCATCAGGCGAAAACCGTAGCTGTTGCGCAGGGCGACATCGGAGTTGAGGGTTTGCAGGAAGCGCCAGCCGTGCCCCGCGTTACGGGCAATCAGGCCGTCCTCCGATAGCTTGACCAGCGTACGGGTCAGCACGCCGCGATCGACATCATAGCGCTGGCTGATTTCGGTCTGGGTAAACGATTCCGGCAGCGCACCCGCAATACGATCGTGTACCAGCTGCTCGTACAGCTTCTGGTCATTGCTCTTGGACTGCTCAATCTCCAGCAGCTCCAGCTCATTGCTGCGTTTAAGCAGGAAAAAGCCCTGATTCGGACGCGCTTCAACCGCCCCCATTCGGGTCAACTCTTTTAGCCCGGCGCGCACCGGCGTACGCGACACGCCCAGCGCATCGGCAAGATGTTGCTCCCGTAAATGATGACCTGGATCGAATTTTGCTTCGGATATCAGGTCGAGTATTTGCCGGGCAATCCGGCGACTGCTCGCAGTGGAGTCAGGCTGCATGGAGAACGGTTCCCTGAAATGCATTGTTGTGATCGATATATACAATATCACGGGCAACAAAACGCAGCAAAACAAAGCAAGGACTGCACGATTAGCGTGCAATACGCACCAGGATGAGACATTTTTTCACACGCTTGATTGTATTTATTGACTCAATAAATTCAATTTAAATCTTAACCAGGAGACGACTATGTCCAGCAATTCTTTACTGTTTCGCCGCGTGCGTACCTTGATGTTCGCGCTGACCGCACTTCCGCTGGTAAGCCATGCTGCGGTGGAAACCATCGCCCCGGGCAAGCTGACCTACGGCACGGCGGCGACGTTTATGCCTTTTGAGTTCGTGAAAGAGGGCAAGCTCACCGGCTTCGATATCGACCTGATTAACGCGCTAAGCAAAGAGATCCAACTGACGCCTGCGCCGATGCCGATGGAGTTCAAAGGGCTTATCCCAGCGCTGCAGGGGAAACGTCTCGATATCATCAACTCCGCCATGTACGTCAATCCGACCCGTGCCGCGCAGGTCGACTTCGTGCCCTATCTGAAAATCGGCAGCCGCGTGGTGGTGAGCAAAGGTAACCCGGCAAAAATCACCGGACGCGACCTGAGCCTCTGCGGCAAAAACATCGCCGTGACGCTCGGCGGGATCGAAGAGAGCCAGGCCCGGGCAGACAACCAGCGCTGCCTGGACGCCAAAAAACCGGCCATTAACGTCATGACCTTCCCCGCCGCCACCGACTCCGCCGTCGCCGTCGCCCAGGGCCGCGCCGATGCCGAGTTCCTCTCCACGCCGGGGACCGTCGCCCTGTTAACCGAAAAAGCGGGCATGTTTGCCGCGGTTGGCGACGAATTCGAAGCGGATACCCATATCGCGTTTGCCGTGCGTAAAGGCGACACCGAAACCCGGGCCCTGCTGGAGAAAGGTCTCCAGGGTCTCGTCAAAAATGGCACCTATAAGCAATTGATTGAGAAATGGAACTTCCCTGACTCCGTTGCCCTTTTCTAAACCGTTTTGCCATTAACCGGAGAAAGCTATGTCGATCGAACTAATGTGGCAGTACTTCCTCTCACCCGAGTTTGTTCAGGGTGCGTGGATGACGCTACTGA
NZ_CP180088.1_gap88	3780557	3784590	4033	TGTTCAGGCTGTAAAGCACCAATTTATTCAACTGCCTTAAAATTAAACAAAAACGCGTTATTCGTCTGAAATTCAGGCAGTTTGCGCAGATTTTCAGCGCAAGCCGCCCTCTTCGCGTTAATGTTTTTTGATGTACATATCTTTGGTGTAGTAATACCCCAGCTTATCCGACGTAAATCCCCCTACCCATGGCTTGACCAGATGGGTGCGCACGTAGTGATAGACCGGAATGGCCGGGACATCCTGACCTAACAGATCCTCCGCCTGCTGGTAGAACTTTCCCCGTGCCGTCGTGTCAGAGGCTTTTGCCGCATTGCGCAGCGCCTCATCGTAGGCCGGGTTGCTGTACTGGCTGGTATTTTCACTGTCGCCGGTGCGGAAGTTATTGAGAAACGTCGCGGCGTCGTCATAGTCGGCTATCCACGCGTAGCGCACGGCGTCAAAATTATGCGTATGCATGGCGTCGAGCATGGTCTTCCACTCCTGGTTTTGCAGCTTTGCCTCAACGCCAAGATTCTTTTTCCACATTGAGCTGGCGGCGATGGCAATTCGCTGGTGAGATTCGGACGTGTTATAGAGCAGATTAAAGACCAGCGGATGGGTCTCATTATACCCGGCTTCGCTCAATAGCTTTTTCGCCTCGGCGATACGCTTCTCGCGCGGCCAGCTGGCGTACTCGGGATTGTGCAGCTTCACCCCGCCGATGTCAGGCTGGCTGATAAGCCAGGCCGGACGCTGCCCCTGCCCCAGCACCTTCTCCGCGATAATGTCTTTATCGAGGGCCATATTCAGCGCCCGCCGTACGCGCGGGTCGTTAAACGGCGGCCGGGTGGTGTTGAATTCGTAATAATAGGTGGCCAACTGCGGCGAAACATCCAGCTGATCGCCCATGGTTTTTTTGAGCTGGGCAAACTGATTAATCGGTACCGTATACACAATATCGATCTCTCCCGCCTTATAGCGGTTGACGTCGGCGGTTTCAGAGCTTATCGGCAGGTACGTCACCTTATTGATGACCGTATGCGCGTTATCCCAGTAGCGAGGATTGCGCTCGGCCACAATGCGCTCATTCACCACCCACTGCGACAGCTTATAGGGCCCGCTGGTTACGATATGCTCCGGTTTGGTCCATTTGTCGCCGTAGCGCGATATCAGCACTTTATCGAGCGGAACCAAAGATGGGTGCGCCAGCATCGCCAAAAACGCCGCATTCGGCTGAGTTAAGGTGACCTCAAGGGTGACATCATCTATCGCTTTGACGCCCAGCGTCTCGGGCGCTTTTTGCCCCTGCGCGATCTCCGCCCCGTTGACGATATGCATATTGCCGGGATAGCTCGCGTAAGGCGACGCCGTTAGCGGCGACACCAGACGCTGCCAGCTCCAGACAATATCCTGCGCCGTGATCGCCGTACCGTCGGACCAGGTCACACCGGGACGCAGGTGGAACGTCCAGACGGTGTTGTCCTTATTCTCCCACTTCTCCGCCAGCCGGGGCTCAATCTCTCCTGCTGGCGATACGCTGACCAGCCCTTCAAAAAGATCGCTGATAATGTTGTTTTCAACGTCGCTTTCCACTTTATGCGGATCCAGCGACGACGGTTCGCTGCCGTTATTTCTGACCAGTTCTTGCTTTTCGGCCAACGCCGTTCCCGGCGGTACCTGAGCGGCCAGCGCCGGGATGACCATGGAGAACAGACCGACGGCCACCAGTACGCGTGTGATGTGATTATATTTTTGTGTTTTCATATCCCTTGCCTTTGTTACGCTTCGTGAGTACCCTCTCCAGAGTTAGTCGCAGAATGGCTATAACGCAATATTTTTCAGTGAGTTATCAGATTTCGATCTGACTCCGGAAGGCGAACAAATAAAAATGCCACTTATCCCGATTTTCCTGGAATAATGTGCTGCATTCAGCCCGCTGACTTTGAGTAAAGATGGGTAAAAGCATTAGGGCTTAGGCCCTGTTTTTTTTATGCTTCGTTATTAATTACATCTGTCATAAGAGAGTGACTCATGGATCGTATAATTACATCGTCGCGAGACCGTTCATCGCTACTTAGCACGCACAAAGTTCTGCGGAACACCTATTTCCTGCTTAGCCTGACGCTGGCATTTTCCGCTATTACGGCGACGGCCAGCACGGTGCTGATGCTGCCTTCTCCGGGTCTGATTCTGACGCTGGTCGGTATGTACGGCCTGATGTTCCTGACCTATAAAACCGCGAATAAGCCAACGGGTATCATTTCCGCGTTCGCCTTTACCGGTTTTCTGGGCTACATCCTGGGGCCAATGCTTAACGCCTACCTGTCTGCGGGTATGGGCGATCTGATTGGCCTGGCGCTGGGCGGTACCGCGCTGGTGTTCTTCTGCTGCTCGGCCTACGTGCTGACCACCCGTAAAGATATGTCCTTCCTCGGCGGAATGCTGATGGCGGGCGTGGTGGTCGTGCTTATCGGTATGGTTGCCAACATTTTCCTGCAGCTGCCGGCTCTGCATCTGGCGATTAGCGCGGTGTTTATCCTGATCTCTTCAGGCGCCATTCTGTTTGAGACCAGCAACATCATCCGCGGCGGTGAAACCAACTACATCCGCGCGACCGTTAGCCTGTACGTCTCGCTGTACAACATCTTCGTCAGCCTGCTGAGCATCCTTGGCTTCGCCAGCAGAGACTAATCCTCTCCCCGTCTGTACTCAGGCCCCGCTTATGCGGGGCCTTATTTTTTGCTACACTGCCGCCATTTTCAGCGGTATGTGAAGAATCATGTTTATCTTTGAAGGCAATGAAATAGAGACCGATAGCGAAGGCTATCTGAAGGACACAACCCTGTGGAACGAAGCGATGGCGGCCGTTATCGCTGAGCAGGAGGGCATCAGCCTGTCCGTTGAGCATTGGGAAGTGGTGCGCTTTGTGCGCGACTTTTATCTGGAATTTAACACCTCACCGGCGATTCGTATGCTGGTGAAGGCCATGGCGAACAAGTTTGGCGAAGAGAAAGGCAACAGCCGCTACCTCTACCGCCTGTTCCCGAAAGGCCCGGCTAAGCAGGCGACAAAAATCGCCGGACTGCCTAAACCGGTTAAATGCATCTAATACAAAATGGCGAATTTCTGCCACTCTCTGGTGGGCTGATGGGGCTCGGTCAGAACCCTGTCCACCCGCGCGCTGCGCGGCCCACCGGCCTTCAGCCAGGCAATAAGTTTCTCCACCTGGTCCGGTTCTCCGCAGGCCAGAACCTCCACGCCGCCGTCGTCGAGATTGCGCGCGTATCCCGTTAATCCCAGCTGCAGCGCCTCGCGCTGGGTCGAATAGCGAAACCCGACGCCCTGAACGGAGCCGTATACCCACGCCATCGTGCAAACCGTTGCCATGTTCCCCCCTTTTCGGCCAATGACTCAATACAGAGGATAGCAAATTCCGTCAGCGTACATGCTTAGGTAATAATCCATAGTGCTGACGAAAACGGGCGCTAAAGCGCGAGCCTGACAGGTAGCCGCTGCTTTGCGCGATGTCGCCAATGGGTCGCGACGTCGACTGTAATTGCCCCAGCGCGTAGGCCATACGGACCTCTTCCACGATCTGGCGGAAGCTCCGGGACTCCTGCTGCAAACGACGGCGCAGCGTCGATTCGCCAAGAAAGAGCATTTTAGCCACTTTCGCCACGCTCCACGCTTCAGCAGGCGACAGCATAATAATTTGCCTGACCTGACCGGTTATGTCCTCGCGCCGCTCGTTGAGCAGCGGCCCGGCGTAGCCAGCCTGATACAGCGCCAGCAGCAATCCCATCGCCTGATGGTGCTGCAGCTCGGCGCTGAGCCCCTCCCGTACCGCCCGCAGGACGCTTTGCCACATAAACGACATTTCCGGCGCCAGCGGCGCGCAAAGCGACGTCAGACGACCGGTCTGCGGCTCGCTCATATAGCGGTGCTTAAAATCCGCCAGCAGTTCCGGCGTGAGAGAGAGCAGGTCGGAGCAAAAAAGCCCGTTTTCCGGCTGATTAATCACCTCGAGCTCAACCTCGGCGGGCAAAATAAT
NZ_CP180088.1_gap89	3896814	3898453	1639	ATGCTGCTTGATGAACCCACTGAAGGCCTCGATGCGACGACCGAAAGTCAAATCCTTGATTTACTGGCGGAAGTGATGCGTGAAAAAACCGTGTTAATGGTAACCCATCGTCTGCGCGGACTGGCGCGTTTTAATCAGATAATAGTCATGGACAACGGGAAGATTATTGAGCAAGGTAGTCACGCAGAACTGCTGGCTGAACAGGGGCGTTACTACCAGTTTAAGCAGCGCCTGTAGGCTACTATTGAATCATTGCCTGATGCGTTGAGGTAAAAATGCGGCTGGTTCAGCTCTCTCATCATTCCATCGCCTTCCCCTCCCCGGAAGGCGCTTTACGCGAACCTAATGGCCTGTTAGCGCTGGGCGGCGATCTTAGCCCGGCGCGTTTACTGATGGCCTATCAGCGCGGTATTTTTCCGTGGTTTTCGCCCGGCGACCCTATTTTGTGGTGGTCCCCCGATCCGCGAGCGGTACTGTGGCCAGAGAAATTTCATCTCAGCCGCAGTATGAAGCGTTTCCATCAGCGCTCGCCTTATCGCGTCACGCTGAATCACGCCTTTGGTCAGGTTATCGAGGGCTGCGCCGACCACCGCGATGAGGGAACATGGATAACGCCGGGGATCGTTCAGGCGTACCACCAGCTGCATGAGCTGGGACATGCTCATTCTGTTGAAGTATGGCAGGGAAAGAAATTAGTCGGCGGGATGTACGGCGTCGCGCAGGGCGCGCTGTTTTGCGGAGAGTCGATGTTCAGCCGTGCCGAAAACGCCTCTAAAACCGCGCTGCTGGTCTTTAGCCAGAGATTTTCGCAGGATGGCGGAAAATTAATCGATTGTCAGGTGCTGAATAAGCATACGGCGTCGCTGGGCGCAGTGGAAATTCCCCGCCGCGATTACCTCGACTATCTTTCCGTGCTGCGGACGTATCGTCTGCCGGAGCGATTCTGGGTACCAAGGATGCTATTTGCAGGAGAAGCATAAATGTTTTCAGCACATTTTTTGTTGGGATGTTATAATTGCGCGGTAGAGTAGCTTCTGCCCGTTGCCCCGCCGCCGTTTGGGAATAATAAGAGTCAGATAACACCCATTGTTCTGTCACTCCCCCTTTACGTTTGCGCCTGTCACCCGGTTTATCCGCGTGAATTACGGGTAATGCGCCAAAACTACTTCGGCGATTTGACGTAAAACTTTACATACTTGCTGAACTTCGGCATTATCTTGCCGGTTCAAAACTACGGTAGTGATACCCCAGAGGACTAGATGGCCAAAGAAGACAATATTGAAATGCAGGGCACCGTACTTGATACGCTGCCTAACACTATGTTCCGCGTAGAACTGGAAAACGGTCACGTGGTAACTGCGCATATTTCCGGTAAAATGCGTAAAAACTACATCCGCATTCTGACGGGCGACAAAGTGACTGTTGAGCTGACCCCGTACGACCTGAGCAAAGGCCGCATTGTCTTCCGTAGTCGCTGATCGTTTTCGCGCTTAGCGCGCCAGATGCTGAAGGCCGGGATAATTCCCGGTCTTTTCATTTCTGCGTCATTTACAACTTAAAGCGCGCAGATAAAAAAACCGGCCCTGAGGCCGGTTTTGTCACTGAGTACCGAAACTTAATGCGCCGCTTCCGGTTTGTG
NZ_CP180088.1_gap90	3906994	3911520	4526	TCTGGCTGGTATTTGGTGGTTGCGGCAGCGCCGTTCTGGCTGCGGCATTCCCTGAGCTGGGAATTGGTTTTGCCGGCGTCGCGCTGGCTTTCGGTTTAACCGTATTAACCATGGCGTATGCCGTCGGTCATATTTCCGGCGGGCACTTTAACCCGGCGGTAACTTTAGGTTTATGGGCCGGCGGTCGTTTCCCGGCCAGGGACGTGATTGGTTATATTATCGCCCAGGTTGTCGGCGGTATTATCGCCGCCGCTATTCTGTACGTTGTCGCCAGCGGTAAAGCGGGCTTTGACGCCGCCGCTAGCGGATTCGCATCGAACGGCTATGGCGAACATTCTCCCGGCGGTTTCTCCATGCTCTCCGCTATTGTGATTGAGATCGTCCTGACCTGCGGCTTCCTGCTGGTCATTCACGGCGCCACGGATAAAAACGCACCGGCCGGCTTCGCTCCTGTCGCTATTGGCCTGGCGCTAACGCTTATCCACCTGATCAGCATTCCGGTCACCAACACGTCGGTAAACCCGGCGCGCAGTACCGCGGTAGCGATATTCCAGGGCGGCTGGGCGCTGCAGCAGCTGTGGCTATTCTGGGTGATGCCGATTATCGGCGGCATTCTCGGCGGCGTGCTCTACCGCACCCTGCTGGAAAAACGCAGCTAAACTTCCTCCACTTTTCTTGAGGCCCGGTGCTGCCGGGCCTTTCTTTTTTTCCACCACTTTACTCAGTCCGGCGATTTGGGTAGTGTCAGGGGCGCTGTTTTCATTCTGCAAGGACCAGGTCGTTCATGTTTTCGGGACTTTTAATCATTCTGCTGCCGTTGGTTATAGGCTATCTTATTCCTCTTCATCGGCCATCAGCCCTTAAACTCATCGCGCGACTTCTGAGCTGGATTGTCTACGTTATTCTCTTTTTTATGGGCATTAGCCTGGCCTTCCTGGATAATCTGGCCAGCAACCTCCTGGCGATCCTTCATTATGCGGCGGTCAGCGTCGTTATTATTCTGCTATGCAATATTGCCGCCCTGATGTGGCTCGAGCAAAAAATGCCCTGGCAAAATCATCATCGTCAGGAAAAATTACCCTCCCGTCTGGCAATGGCTCTGGAATCCCTTCAGCTATGCGGCGTGGTATTTATTGGTTTTATGATTGGTCTGAGCGGTATATCCTTTTTACAACACGCCACCGAGGCCAGCGAATATACCCTGATCTTCCTTTTGTTCCTCATCGGTATTCAACTGCGCAATAATGGCATGACGCTGCGGCAGATCGTACTGAATCGCCGCGGAATGATTGTCGCGGTAGTGGTCATGGTCAGTTCACTGCTGGGCGGTATCATCAACGCCTTTATTCTCGACCTGCCGCTAAAAACCGGGCTGGCCATGGCTTCCGGGTTTGGCTGGTATTCGCTCTCCGGGATTCTGCTGACCGAATCCTATGGCCCGGTAATTGGCAGCGCGGCCTTCTTTAACGATCTTGCCCGCGAGCTGCTGGCGATAATGCTTATCCCCGGACTGGTGCGCCGCAGCCGTTCCACCGCGCTGGGCCTTTGCGGCGCGACATCAATGGACTTTACGCTGCCGGTACTGCAACGCTCTGGCGGGGTGGAGATTGTGCCGGCGGCCATCGTTCATGGCTTCATTCTCAGTCTGCTGGTGCCCATATTGATGGCTTTCTTCTCCGCTTAATACCTCTCTGGCGGTAGTCTTCTGCCGCCAATTTTGCGCTAAATCAATCTCCCCGTAAGTTGTATCAGAAATACCTTTTATCTTCTCGCGCTCGGGCATAACCTTAAACATGTATATTAAATATAACTTTAAAAAGGTGTGACCATGTTTTGTGTGCAATGTGAACAAACCATCCGTACCCCGGCAGGGAACGGCTGCTCTTACGCGCAGGGTATGTGCGGAAAAACGGCCGAAACGTCCGATCTGCAGGATCTGCTGATTGCCTCTCTGCAGGGGCTCTCCGCCTGGGCGCTTAAAGCCCGTGAATACGGCATCATCGACCACGACATCGACAGCTTTACGCCGCGCGCTTTTTTCTCCACGCTGACCAACGTTAACTTCGATTCCCCGCGTATCGTTGGCTATGCGCGCGAGGCCATCACCCTGCGTGAAGCGCTGAAAGCCCAGTGCCTGAACATTGATGCCCACGCGACGGTTAACAACCCGATGGCCGATCTGCAGCTGGCGAGCGACGATCTGGGCGACCTGCAGCGCCAGGCGGCGGAATTCACCCCGAACAAAGACAAAGCGGCCATCGGCGAGAACATTCTCGGCCTGCGCCTGCTGTGCCTGTACGGCCTGAAAGGCGCTGCGGCTTATATGGAGCACGCGCACGTTCTGGGTCAGTACGACAACAACATCTACGCCCAGTACCATAAAATCATGGCGTGGCTCGGTACCTGGCCTGCCGATATGAACGCGCTGCTGGAGTGCTCGATGGAAATCGGCCAGATGAACTTCAAAGTGATGAGCATTCTGGACGCTGGCGAGACCACCAAATATGGTCACCCCACCCCGACTCAGGTCAACGTCAAAGCGACCGAAGGCAAATGCATTCTGATTTCCGGCCATGACCTGAAAGATCTGTACAACCTGCTGGAGCAAACCGAAGGTACCGGGGTTAACGTCTACACCCACGGTGAAATGCTGCCAGCGCACGGTTACCCGGAACTGCGTAAATTCAAGCATCTGATTGGTAACTACGGCAGCGGCTGGCAAAACCAGCAGGTTGAGTTTGCCCGCTTCCCTGGCCCGATTGTGATGACCTCTAACTGCATCATCGACCCAACCGTCGGCGCCTATGACGACCGTATCTGGACCCGCAGCATCGTCGGCTGGCCAGGCGTCAATCATCTGGAAGGCGAAGATTTCGCCCCGGTTATCGCCCAGGCGCAGCAGATGGCGGGCTTCCCGTACAGCGAGATCCCGCACCTGATCACCGTTGGCTTCGGTCGTCAGACCCTGCTGGGCGCGGCTGATACGCTAATCGACCTGGTGAGCCGTGAAAAACTGCGCCATATCTTCCTGGTGGGCGGCTGCGACGGGGCGCGCGGCGAACGTAACTACTTCACCGATTTCGCCACCAGCGTACCGGACGACTGCCTGATCCTGACCCTGGCCTGCGGTAAATACCGTTTCAACAAACTCGAATTCGGCGATATCGAAGGTCTGCCGCGTCTGGTCGATGCCGGTCAGTGTAACGACGCTTACTCTGCCATCATCCTGGCGGTCACCCTGGCTGAGAAACTGAGCTGTGGCGTGAACGACCTGCCGCTGTCTCTGGTGCTCTCCTGGTTTGAACAGAAAGCGATTGTTATTCTGCTGACCCTGCTGTCGCTGGGCGTGAAAAATATCGTCACCGGCCCGACGGCGCCGGGCTTCTTCACGCCGGACCTGCTGGCCGTTCTCAACGAGAAATTCGGTCTGCGTTCCGTGACCACCGTTGAAGAAGACATGAAGCAGCTGCTGAGCGCGTAAGGAGTAAAGAATGACAATGCCAACTCATCAGTGCCCATGGCGGATGCAGGTTCATCACATCCATCAGGAAACGCCGGATGTATGGACAATTTCGTTGCTGTGCCACGACTATTATCCGTACCGTGCCGGGCAGTATGCACTGGTCAGCGTACGTAATTCAGCGGAGACGCTGCGTGCTTACACCATTTCATCGACGCCGGGAGTAAGCGAGTACATCACGCTGACCATCCGTCGGATTGACGATGGCGCAGGCTCACAGTGGCTGACCCGCGACGTGAAGCGCGGCGACTATATCTGGCTGTCCGATGCCATGGGTGAATTTACCTGTGAAGATAAGGCTGAAGATAAGTTCCTGATGCTGGCTGCTGGCTGCGGCGTTACGCCAATCATGTCAATGCGTCGCTGGTTGGCAAAGTACCGCCCGCAGGCCGATGTGCAGGTGATCTTTAACGTTCGTTCACCGCAAGATGTTATTTTTGCCGACGAATGGCGCGAATATCCGGTGACCTTAGTCGCTGAAAACAATGCCACCCACGGTTTTGTTTCTGGCCGACTGACGATCGATCTGCTGAAAAGTGTACCGGATCTGACCTCCCGTACCGTGATGACCTGCGGCCCGGCGCCGTATATGGATTGGGTTGAGCAGGAGGTGAAAGCGCTGGGCGCGACGCGTTTCTTTAAAGAGCAGTTCTTTACGCTGGTAGCGGAAGCCGCTACCAGCGGCCTGAAGTTCACCAAACTGCAGCCGGCGAAAGCGTTCTACGCGCCGGTCGGCACCACGCTGCTCGAAGCGCTGGAAAGCAATAAGGTGCCGGTTACCGTCGCCTGTCGCGCAGGCGTCTGCGGCTGCTGCAAAACCAAAGTGGTTTCCGGAGAATATACCGTCAGCAGTACCATGACGTTAACCGATGCGGAAATCGCTGAAGGCTACGTGCTGGCCTGCTCCTGCCACCCGCAGGGTGATTTGGTACTGGCTTAACCCTCAGCTGCCGGATGGCGCAACGCCGTCCGGCAATGTTTACCGCCAGGCCGAATTGCCGCCGAT
NZ_CP180088.1_gap91	4052765	4053629	864	TGACAACCACTCCCACGACCAGTAAGGGCGAGCAGGCGAAAAGCCAGCTTATCGCCGCCGCAATCGCCCAGTTTGGCGAATACGGCCTGCACGTCACAACCCGCGATATTGCCGCCCAGGCCGGGCAGAATATCGCTGCCATTACCTACTATTTTGGTTCCAAGGACGATCTCTATCTCGCCTGCGCCCAGTGGATTGCCGATTTTATCGAGCACAATTTCCGCCCCCACGCGCAGGCGGCGGAAGCGCTGTGCGCTGAGCCTGTTCCGGATAAAGCCGCCATGCGCACCCTGATACTGGGCGCCTGCCAGAATATGATTTTGCTGCTGACCCAGGACGACACCGTCAATTTGAGCAAATTTATCTCCCGCGAGCAGCTGTCGCCAACGCCGGCCTACCGGCTCATCCACGATCAGGTGATTGCTCCGCTACACTGCTACCTGACCCGCTTAATCGCCGCCTATACCGGCCTTAACGCTGACAGCACGGAAATGGTCCTCCACACCCACGCGCTGCTGGGCGAAGTTCTCGCTTTTCGCCTTGGTAGGGAAACGGTGTTGCGCCGCGCGGGCTGGGCTGAGTTCGATCGGGACAAAACCGCGCAAATTATTGAGGTTATCACCTGCCATATTGATTTCGTTCTGGAAGGATTATCGCAAAGGAGTCTGGAGTCATGAAAAAACCGCTCATCGTCGTTGTGCTGCTTCTCCTGCTGGCCGCTGTCATTGGCGGAGGCTGGTGGTGGTACCAGAGCAGCCAGCAGAAAGCGCTCACGCTGTATGGCAACGTGGATATTCGTACCGTCAACCTCAGCTTCCGCGTGGGCGGGCGGCTGGCGTCGCTCAGCGTCGACGAGGGCGATGC
NZ_CP180088.1_gap92	4056160	4057448	1288	GCGGTAAACTGCTATCGTGGCGGCGCGTACGCGCCCTGTGCGTGAAAGAGACGCGGCAGATTGTCCGCGACCCCAGCAGCTGGCTGATTGCGGTGGTCATCCCCCTGCTGCTGCTGTTTATCTTTGGCTACGGGATTAACCTCGACTCCAGCAAACTGCGGGTGGGCGTGCTGCTGGAGCAGCAGAGCGAAGAGGCGCTGGATTTTGTCCATACCATGACCGGCTCCCCTTATATCGACGCCACCATCAGCGATAACCGCCAGGAACTGGTGCAGATGATGCAGGCGGGACGCATTCGCGCCCTGGTAACCCTGCCGGTGGGCTTCGACCAGAAGATGGCCCGCCCCGGCGACGATGCGCCGATCCAGCTCATCACCGACGGCAGCGAACCCAATACCGCTAACTTCGCCCAGGGCTACGTCGAAGGCATCTGGCAAATCTGGCAGCAGCAGCGGGCGGAAGATCGCGGCGAAAACTTCGAGCCGCTAATCGACGTGCAGACGCGCTACTGGTTTAACCCGGCCGCCATCAGCCAGCATTTTATTATCCCAGGCGCGATTACCATCATTATGACGGTAGTCGGCGCGATCCTGACCTCGCTGGTGGTGGCCCGCGAGTGGGAGCGCGGCACCATGGAGGCGCTGCTGTCGACCGAGATTACCCGCGCCGAGCTGCTGCTGTGCAAGCTGATCCCCTACTATTTCCTCGGCATGCTGGCGATGCTGCTGTGTATGCTGGTGGCGGTGTTTATTCTCGGCGTGCCCTTTCGCGGTTCGCTGGTGATTCTGTTTTTTATCACCAGCCTGTTTTTGCTGAGCACCCTGGGAATGGGGCTGCTGATTTCCACCATTACCCGCAACCAGTTTAACGCCGCGCAGGTGGCGCTGAATGCCGCATTCCTGCCTTCAATTATGCTGTCCGGGTTTATTTTTCAGATAGACAGCATGCCGGCGATAATCCGCGCGGTGACCTATGTGATCCCGGCGCGCTATTTTGTCAGCACCCTGCAAAGCCTGTTTCTGGCGGGCAACATCCCGGTGGTGCTGCTGGTGAACGTGATGTTTTTAATCGCCTCGGCGGTGATGTTTATCGGCCTGACGTGGCTGAAAACCAAACGGCGTCTGGATTAATTTGCCTGCGCGCCCCCCGGTACAAGGGCTGGCAAACGGGTAGCCCGGATAAGCGCAGCGCAATCCGGGGCTCACAAAGAGAGAATATGAGATGTTTCATCGCTTATGGACGTTAATCCGCAAAGAGCTGCAGTCGCTGTTGCGTGAACCGCAGACGC
NZ_CP180088.1_gap93	4060664	4063609	2945	GTCAAATTCGGCGCGCGCCTGCTCTACCACTATCTGGTAAAAGGCGGCGTGCAGATTTTCGAATATCGCCGCCGTCCGCTGCACGGCAAAGTGGCGCTGGCGGACGATCACTGGGCCACGGTGGGCTCCAGCAACCTCGACCCCCTGAGCCTGTCGCTGAATCTGGAAGCCAACCTGGTGATTCACGACCGCGAGTTTAACCAGACGCTGCGCGATAATCTCAATGGCTTAATCCTTAACGACTGCCGCGAGGTCGATAAGCGCATTTTGTCGAAACGAACATGGTGGCGGCTCGGCATTAGCGTGCTGGCGTTCCACTTCCTGCGCCACTTCCCTGCCTGGGTCGGATGGCTACCGGCCCATACGCCGCTGCTGTCGCGGGTTCAGCCCCCGGTACAGCCAGAAATAGAAACCCAGGACCGCGTGGACCCGGAAAACCAGGAGGTGAAATCCTGATGGCGAAATCTCACCCTCGCTGGCAGATGGCGAAAAAAATCCTGACGGTGCTCTTTTTTATCGCCGTCGTCGTTCTGCTGGTGGTCTACGCGCAAAAAATCGACTGGCAGGACGTGTGGAAGGTCATTCGCGATTACAACCGTACGGCGCTGCTCAGCGCCATCGGGTTGGTTATCGCCAGCTACCTGATCTATGGCTGCTACGACCTGCTGGGGCGCGCTTACTGCGGCCACAAGCTGGCGAAACGCCAGGTGATGCTGGTGTCGTTTATCTGCTACGCCTTTAACCTGACGCTCAGCACCTGGGTGGGTGGGATTGGTATGCGCTATCGGCTCTACTCGCGCCTCGGCCTGAGCGGCGCAACCATTACCCGTATCTTCTCTCTGAGCATTACCACCAACTGGCTGGGCTATATTCTGCTCGGCGGCATTATTTTTAGCTCCGGCATGGTGAAGGTGCCCGAGCGCTGGTATATCAGCCAGTCGTCGCTGCAAATTCTGGGCGTCGTTTTACTGCTGATTTCCGCGTTTTACCTGTGGGCCTGTGCCTTTGCTAAAAAGCGCCATCTGACGATAAAAGGCCAGCGGCTGGTGCTGCCGTCCTGGCGCTTCGCGATATTGCAGATGGCGGTTTCCAGCCTGAACTGGATGGCGATGGGGGCGATTATCTGGCTGCTGCTGGGCCCGCAGGTGGACTATTTTCTCGTGCTCGGCGTGCTGCTGGTCAGCAGCATTGCGGGGGTTATCGTGCATATTCCGGCAGGCATTGGCGTGCTTGAGGCGGTATTTATCGCCATGCTTTCCGGGGAAGAGATTTCGCGCGGCGCGATTATTGCCGCCCTGCTTGCCTATCGCGCCCTGTACTACTTCCTGCCGCTGCTGCTGGCGACCATCGGCTACCTGATTCTGGAGAGCCGGGCGAAGCATCTGCGGGAGAAAAACCAGCGCAAGCTGGCGGGCGAGTAGTCAAAAAAGCCCCGGTCGCTGATGCTGACCGGGGCTACAGGTTTACCACCGTCTGAGATCCGGGAACGAGTTAACGACGGTTGCCGAAAATGCGCAGCAGCATCAGGAACAGGTTGATAAAGTCCAGATACAGCGTCAGCGCCCCAAGAATCGAGTATTTGCGCAGCGTTGACGCATCGCGAACGTCAATCTGCTCGCCGATGTTTTTCAGCTTCTGGGTGTCATAGGCGGTCAGGCCGACGAAGACGATCACCCCGATGTAGGTCACCGCCCACATCAGCGCTTCGCTCTTCAGCCAGAAGTTAACCAGCGACGCCAGCAGGATACCGATAAGCGCCATAAACAGCATATTGCCGAAGCCGCTCAGGTCGCGTTTAGTGGTATAGCCGTAAAGGCTCATCACGCCAAACATCCCGCCTGCCACCACGAAGGTACTGGCGATCGATGAGTAGGTATAGACGAGGAATATACTGGATAAGGTGAGCCCGGTTAGCGCCGAATAGAGCATAAACAGGGTGGTCGCCATTCCCGCGCTCAGCCGCTGCACCATGCCGGAGAGCACGAATACCAGCCCCAGCTGGGCGATGATCAGGCCGAAAAAGGTTATTTTGCTGGAAAAGACAAACATCATCACCGCAGGGGTGTTGGCCGCAAACCACGCGATAAACGCCGTGAGCAGCAGCCCGACCGTCATCCAGCCGTACACCTGCGCCATATAAGTTTGAAGTCCGCTGCGACCCTGTACGATCGCCCCGGAACGAGGATATCTATCCATGACTGTCTCCTGATTAACGAAATTTATCTTCTAAGCGTACCACACTACCAGCGTTCTGCCGCTTCACGGTCGCTATCTCGCGCATCGACCCAGCGCTCGCCTTCCGGCGTCGCCTCCCGCTTCCAGAACGGCGCGCGGGTCTTCAGGTAATCCATAATAAACTCCCCCGCCGCAAACGCGCTACCGCGGTGGGCGCTGGTGACGCCGACAAAGACAATCTCCTCCCCGGGCCACATCTCGCCGATACGGTGAATCACCGTCACCCGGCCCAGCGGCCAGCGCTCGCGCGCCTGTTCCACAATCTCCGCCAGCGACTTTTCCGTCATCCCCGGATAATGTTCGAGGGTCAGCGCTTTGACGCTGTCGCCAAGGTTGTGGTTGCGGACCTTGCCGGTAAACGTCACTACCGCGCCGTCTTCATCGCGCTCGGCCAGCCAGGGGTATTCGTCGCCGACCTTAAAGCGGTCATGGCTGACGATAATACGCGTCTGCGTCATGTTATCCCCCGGTAACCGGCGGGAAAAACGCCACTTCATCACCGGCCGCCAGCGGGTGATCAAACGTCGTCAGCGTCTGGTTTACCGCCGCCAGCAGCTTGCCCTCCTCCAGCGCCAGCGCCCAGCGGTCGCCGCGGGCGATCAGCTGCTGGCGAACGGCTTCAACCGTGGTCAGGCCTTGCGGATCGAGCGTCAGGGAGTCGGTGCCGAGCAGTTCGCGCACCTGGGCAAAAAAAAGAACCTTAATCATGG
NZ_CP180088.1_gap94	4077188	4077822	634	ATCGCGCACTTTATCGAGGGTATCGAGGCGCTCCTGGTAGGTGCGGGTGGTGATGATATTGCCGTAGAATTCCGGCGAGGTATCGAGATTGTGGTTGTAGTAATCCAGACCGGCGCCGGCCAGACGCTGGGCCTGGCTATCGTTGAGCGTGCCAAGGGTCATGCACGCTTCCAGCCCCAGCGCTTTTACCCCTTTCACCATCTGCTCAAGATACGGCATATCGCGATCGTTCGGATTCTTCCACGCCGCCCCCATACAGAAGCGGGTTGAACCGGCTTGTTTCGCCTGTCGCGCCGACTCAAGCACCTGTTCAACCTCCATCAGGCGTTCGGATTCCAGACCGGTTTTATAGCGCGCGCTTTGCGGGCAGTATTTGCAGTCTTCCGGGCAGGCGCCGGTCTTAATCGACAGCAGCGTGCTGACCTGAACCTGGCGCGGGTCGAAGTGCTGGCGATGGATCTGTTGCGCTTCAAACAGCAGATCCAGAAAGGGTTTATTAAATAACTCAGTAACTTGCGACATTGTCCAGCGGGGGTGGTGAGCCATTAGCCTCTCCAAAGGGTTTTGTTAATTGTTGGTTCGGTTTATACTAGTAAACCTAAATGTTTTCAAAATGGTTTACAAGTCGATTATG
NZ_CP180088.1_gap95	4092155	4093161	1006	AAATCCCTGTGTACGAAACTGCTGGGTCGCCTTGAAGTGGCTTCAGAACCTGAAGAAGAAAACCATTATCAAACGTTGATTGGTCTCTTGTTTGAGCATCAGTGATAAAAGTGGCTTCAGCTATCTGGTGATTTAAGTCGTTACTGAATGAGGAAATATAAGGGATGGGCCAGTATCTGACACGGATTACCGGCTTGCTACTAAATTCCCAGTCAAGGAGATGACAATGATCAGAGATACCGTTATGAATCGCAATGATTATGATCCACTAACCGATTTATTGATTGGAGAGGCTGTCCTCTCTCTACTCAAAAATAAGGGGCCTATTAGTAAACAAGCACTGATCGGGAAACTCCAGGCCATGCAGGCTGGGGAACAGGATAAAAAGCGGCGGAATGCAATTGGGCGTATTATCGATGAAATCAGTAATATGGTAGCTCGCCGTGGGAAAAACAATACCGTGGGTACTTCAGGCGCTAAGCATAATTGGGATGAGCCGAATTCGTTATTAGGTTCCCCTCAGCAGCCAGGTACGAATAAAATACACTGACCACTACTGGTCTAATGTTTAACTTACAAAGTAGAGAATATGATGAGACAGACTATGCATCAGCAACCGGATATTTACGCAGGCCTGAACGATACCGCACTCTCTGAATATTTCCGCAACGCAGGCGACAGACTGATCGATGAATCAGCGGTGATGTCGCTGGCTATCAGCAGCATCCTTGAGTCTGAGGGTCACCTCAGCAACAAGGCGATTATTTTGTGGTTAATTACGGCGCTGGAAACCACCAGCGATGTCGTAACTGCAGACGTTATCCGCAAAACCCTGGAAATCGTCGTCAGCTACACCATGGATGATATCTGATTTATTAACCGGCTGTAATTAAACAGGGAAGTCACATATCGCTAAGCGAATGGTTGTATTATTACAGAAGCCGTGGATATACGTTAAATCCAGGCGCGGTATCTCTCTTTTTAAAACTCTGCCCCTGTTGTCAGA
NZ_CP180088.1_gap96	4095105	4096981	1876	CTTCCACCGCTCCACCTGGGCCGAAAGCGACTACTGCTATCTGGAGGACCTCTTCGTTGACCCGGCCGTTCGCGGTCAGCATATCGGCAAACAGCTGATTGAGTATGTTCAGCTGCAGGCGCGCAAACGTCACGCAGCCAGCCTGTACTGGCACACGCATGAGACCAACCTTCGGGGCCAGCGTCTGTATAACTGGGTCGCGGAGAAAAGCGGCATGATTGAGTATCGTATGCGGGTGAAGTAGCCCCTGCGCAGGCGTAAAAAAACCTCGCCGCGGCGAGGTTTCGTCACTGACAGAGAACTTAGCGAGCGTTGACCACGACCCACATCGGGCCCTGGCCTACGGCATAGCGCCCTTTTTCCTGGAGCAGTCCCTGCTCGCCTTTGATTTCATACACCGCGATATGATGCGATTTCTGACCGGCGGCGATCAGATATTTGCCGCTATGATCGAGGTTAAAGCCGCGCGGCTGGGTCTCGGTATTCTGATAGCCTTCGATGGACAGCACGCTGCCGTCTTCCGAGACGCTGAAGATAGTGATAATGCTGGCGGTACGATCGCAGGCGTAGAGATGACGGCCATCCGGGGTCAGATGGATATCCGCCGCCCAGCGCACGCCGGCAAAATCAGGCGGCATCATGTCCAGCGTCTGCACGCATTCGATTTTTCCGTACGGATCTTTCAGCTCCCAGACGTCAACGGAGCTGTTCAGTTCGTTGACGCAGTAGCCGTATTGCTGATTCGGATGGAACACCATGTGACGCGGGCCCGCGCCTTCAACGGTGGTCACTTCAGCCGGCTCCTGCTCTGCGAGGAAACCGTCGTCGCTCAGGGTAAACAGGCAGATACGATCCTGCTTCAGCGCCGGTACCCACAGGGTGCGATTATCGGGAGAGATATTTGCCGAGTGGCAGCCTTCCAGACCTTCAACCACCGCCACCGCTTCTCGCGGCAGGCCGTCCACCAGCGGCGTAACGCTCACGCAGCCCGCGTTATAGGAAGCGCTGAACACAAAGCGCCCCTGACGATCGGTAGAAATATGCGTTGGGCTACCCGGCAGCGCGGCTTCACCGGCGAAAGTCAGGGCGCCATTATCGGGCGCAATGCGGTAGGCCAGTACGCGAAACTCCGGACGCACGCCGACGTAGAGAAACTCTTTGTTCGGGCTCACCACCATCGGCTGCACCTGGCCCGGGGCATCAACAACCTGCACCAGGGTCAGTTTCCCCTCAAGATCCAGATCCCAGACGTGAATCTGCTGGCTTTCCGGGCTGGCGGTATAAACGGTTTGTTTCATGAATACTCCTTCCTCACTGCACGTGGAAATTTCATTTTTCAGACTAACGACACCCTGAAAAACACAATATGCATACACAACGCTCTTCAGGTTGCCTCCTGGCAGCCTGAAAGATCAAGTGTATCGGCTCTTTAGCGGTAGATGCTGAAAAGTTTGCCGGAATGGCACAGCGGTGTACCATCATAGCCTGCTAACTTTTCATCATTAACCGGAAACAACCCATGACCTCACGCGTGATTGCCCTCGATTTAGACGGCACGCTCTTAACCGGCAAAAAGACCATCCTCCCCGCCTCGCTCGATGCGCTGGCTCGCGCCAAAGACGCGGGATATCAGATCATCGTCGTCACCGGCCGACATCACGTCGCTATCCATCCTTTTTATCAGGCGCTGGCGCTGGATACACCTGCAATTTGCTGCAATGGCACTTATTTGTATGATTATCATGCAAAAAAGGTGCTTGAATCCGACCCGATGCCGGTAGATAAAGCCCTGAGCCTGACGGAAATGCTGAACGAGCATGATATTCACGGCCTGATGTACGTCGATGACGCCATGCTGTACGAGCAGCCGACCGGG
NZ_CP180088.1_gap97	4286386	4291039	4653	CGCCCTGAATCTGCGTCGCCAGATGCCACAGGGTCGGCGTGGTGATCAGCTGCGGAGAGTCCGGCAGGGAGAGTTCGCTGCTGCGCGGCGCTAATACGGCCTTCATCGCCTGGGTCACCAGCTCATGTTCGTGGCGGTCTTTTTCCGATGCCAGCAGCCTGTGCCCCGCTTCGCGGTCCAGCACATCGTCCGGCTGGCGACGGGCCGAACCGGCCAGCGGCAGAGAGCTGAAATGCGCGCCTTCTTTACGCAGCAGCAACTCCGGGCTGGCGCCCAGCAGCACGCCGCCGTCCGAGAGCGGCACGTGGAAGTTATAGCTGGCCGGGTTCTGGGCGATCAGGCGCTCGAGCAGCGCCCCGCTATCCACCCGTTCGCGGGTGGTGATATCAATCAGGCGCGAGAGGACCACTTTGTCCACTTCCGGCGTCGCGGTGAGGGCCGCCGCGCGCGCCACCATCGCCATGAAGGTGTCCTGTTCAGGGATCTCCCGGCGCTGCACCACGTCCATCGGCTGCTGCCCGGACGCATAGCGCGCGGAGTGCTGCTTTTCTGGTCGGGAGAAGGTTTCCCAGCTTGTGGGTATAAACAGCTCGGACGGCTCGCTGGTATCAAACGGAATGGCGCCGACCATTATCGGCTTAGCGATCCCGGCAGCCCGCGCCGCTGCAAAGGCGGCAGCCATTTTGCGCTGGAATTCCCCGTCCAGATTTTCGCCATCGGCGGCAGGATGAGAAAACCGACTAAAGCAGCCAGCGGTGGTGAAGCTGCGGTACGGCGACATAAAGAAGAAGCTTTCCGGCGGCAGAGTCATTTTTTTCTCCCGTACTTCCTCAGCCAAAGACGTTTCCATATCATCCTCCAAAAACGATAAAGATATTACGAATAATTATCATTTATATTTTGGTTGGGTAACCTAAAAGGTATTGCGCGCTATGTCAACCGTACAGGTAGCATGTTGTGCGACTTAAGCTTGCATCGACGCCGCTCACAGCTGAAAATGAGAAGCATTTATCACTACTTAACCAGGATGCGAATACGTGAATTTCTCCACCTTTTGCCGCCGTACCCTCCTCGCCAGCGGCCTGGCGATTTTCGGAATTAGCTCAGCGCTGGCGGCAGACTGGCCGCGCCAGATAACCGACAGCCGGGGACCCCATACGCTGGAAAGCCAGCCGCTACGCATTGTTTCCACCAGCGTGACGCTGACCGGCTCGCTGCTGGCGATTGACGCGCCGGTGGTGGCCAGCGGGGCCACGACGCCCAATAACCGCGTCGCCGACGGTCAGGGATTTTTACGCCAGTGGAGCGATGTGGCGAAAGCGCGCAAGCTGTCGCGCCTCTATATTGGCGAACCGAGCGCTGAGGCCGTCGCGGCGCAAATGCCGGATCTCATTCTGATTAGCGCCACCGGCGGCGATTCGGCGATGATGCTCTACGACCAGCTTTCCACCATCGCCCCGACGCTTATCATTAACTACGATGATAAAAGCTGGCAGGCCCTGCTGATCCAACTGGGGGAGATTACCGGCCACGAAAAACAGGCGGCGGAGAGAATCGCGGAGTTTGATAAAAAGCTGGCGGCGCTGAAAGAGAAAATGAAGCTGCCGCCGCAGCCGGTCACCGCGCTGGTCTACACCGCCGCGGCCCATAGCGCCAATATCTGGACCAAAGAATCCGCTCAGGGACAGCTGCTCGAGCAGCTGGGCTTTACCCTCGCCGACCTGCCCGGCGGGCTGCATGCCAGCCAGAGCCAGGGAAAACGTCATGATATCGTGCAGCTGGGCGGGGAAAACTTAGCCGCCGGACTTAACGGCCAGAGCCTGTTCCTGTTTGCCGGCGACCAAAAGGATGCCGACGCGATTAACGCCAACCCGCTGCTGGCGCATCTGCCTGCCGTTGAAGGCAAACGCGTTTATCCGCTGGGGACGGAAACCTTCCGCCTGGATTACTACAGCGCCGTGCTGGTGCTGCAGCGCTTAGCGGCCCTCTTTGCGTAAGCCACGCTTCCCGGCGCCGGTCGCCGGGATCTCATCGCGCCTCATTTCATACATCATCGTGTTGTTATAACAGGCTTTTTCACCGTTTAACGCCTTATCACCCTCATCGCCCATCAGCCGAAATATCATCGTTTCAGGTGTTAATTTGTGATTAGCCCCGGCCGCCGCGTTGCCCGATTATCTGCCCCACACCGCTTGAGGTGGTCATTCAACACAGAAGGAAATTAACGTGGCAACGAGCAAATTGATTAAGGGCGATACGCTGACCGAAACCAGCAACGCCGCTGACGGCTTTAACCCGGCAACAGAAGTGAGCGCATACAGCTATACCTCCGCTCGCGTCGCTAAACCGGTCTATAACAAATACAAAGCCTCCACCACCAAACCCAAAGTCTTCGGCTACTACACCGACTGGTCACAGTATGATGGTCGTCTGCAGGGCGATAATTCAAAAGATAACCGCGGTCGCGGCTACGACCTGACCAACGTTTCTCCTACCGCCTACGACAAGATCATCGTCGGTTTCGTCGGCGTGACCGGCTTCCACAAAGTGGACAACCTGTGGCGCGACGTGGTTGCCGAAGGTGCCGATCAGTGCGGAAAAGTGAAGTACGAGCCCACCTTCCTCGACCCGTGGGGCGACTTCCAGTCTTACGTTAACGTTGGCCATACCGTCAGCGGCTGGGATGTCGATCCGAAGACCGTGACCCAGAGTAATACTAAGGGCCTGCTCGGCGGCCTGCGCGATCTGCAGGCTAAAGCGAAGCAGCAGGGCCACGACCTGGTGCTGTCCATGAGCATCGGCGGCTGGAGTATGAGTAACGGTTTCCATGAAACCGCCGCGTCTGACGCCTCGCGTAAGGTCTTTGCCAAAGGCGTAGTAAAACTGTTCAAGCAGTTCCCGATGTTCAGCGAAGTGGACATTGACTGGGAATATCCGAATGCCGAAGGCGCTGGCAACCCGTACGGCCCGGAAGACGGCGAGAACTACGCCCTGCTGATTGGCGAACTGCGTAAGCAGCTGGACGCCGCAGGCCTGAGCAACGTCAAAATCTCCATTGCCAGCTCCGCGGTGGTCAAGACGCTCGGCTACTCCAACGTCAATGCGCTGCTGAAAGCGGGCCTGTACGGTATCAACGTCATGACCTATGACTTCTTCGGTACCCCGTGGGCGGAGAGCGTGACCCACCACACCAACCTGAAGGCGCTGGAAGAAGGCGGCTGGGGGGTGGATACCGTTGTCGGCCATCTGCTGTCCGAAGGCTTCCCGGCAGAGCGAATCAACATTGGTTACGCTGCCTACACCCGTAACGGCCGCAACGCGGAGCTGGAATCCCTGTCCCCGCTGAAAGGCACCTATAGCCCGGGCACCGGCACCACCGTCGGCTCCTTCGAATCGGGTACCACCGAATGGTACGACATCATTTATAACTACCTGGACCTGGAAAACCAGAAAGGCCGTAACGGCTTCAACGTCTACACCGACAAGGTTGCCGACGCGGACTACCTCTACAACCCTGACAGCAAACTGTTCATGTCCCTGGATACGCCGCGCACGGTGAAAGCCAAGGGCGAATACGCCGCCAGCCTCGGCCTGGGCGCGCTGTTCACCTGGACAATCGACCAGGACAACGGCGTGCTGGTTAACGCCGCCCGTGAAGGTCTGGGCTATGAAATGGCGTCTGAAGTTATCGATATGGAGCCGTTCTATTTCGAAGGCATCAACGTCGACCCGGCGGATGAACCGGCTGAACCGGAGGAAGAGGAGGAGGATACCGTCCAGCCTGAACCGTCGGTAAACCATGCGCCGAAAGCCGCTATCGAACTGATGGTGGTAGGCGGCTCCCGCGTGCGCCTTTCCGGCGAAAAATCTTCTGATGAAGATAACGACGAGTTGACCTTTAGCTGGGGCGTGCCCGCGGCGATCAACGTCGCCGATAAAACCGCGGCGGTCATTGAGTTCGATGTGCCGAAAGTGGCTGAGGATACCGAGTATACCTTCACCCTGTTCGTGCGCGATACCTGGGGTGAACCGTCAACGCAGCAGCGCTTTGTGCTCTCCGTCGTCGCCGCGACTCAGACCGATGATACCGAGGACGAGCCGGCTGACGACCAGGATCGCACCGATGATACGCCTCAACCGGCAGATGATGATGTTGTTCCTTCTGACGAAACCACGCCTTACCCGCTGTGGAATGCCAGCACCGTCTATGGTAGCAACTGGGGCAGCTTTGAAATCGTGAGCTGGAAAGGCCATAACTACCAGGTGAAATGGTGGTCTCAGGGCAACCAGCCGGATCTGAACTGCGGTCAGTTCCAGGTCTGGAGCGATCTCGGCGCGTACTAAGCGTAAATCGTCACTGACGAGTGATAGCCAGCCCCGGAGCGATCCGGGGCTTTTTATTATCGCTCTTTTCGGTTTTCCCGGTGGCGCTACCGGGCAACTGCAGGTCGGTAGCCTGGGTTGCTCCGGGATGAATGCATCGGTGCGGCTTCTTCCCGGGTCGCGCTGCGCTTACCCGGGCTACGAGTCCACCGCCGTCTGTGGGCTAGTAGCCCGGGTCAGGCGTTTACGCCGCAACCGGGAATGTACGGGGATAAATACATCGATGCGGCTTCTTCCCGGGTTGCGCTGCGCTTACCCGGGCTACGGGTC
NZ_CP180088.1_gap98	4403971	4406832	2861	TAAAGCCTAAATAAGCAGATAAAACATCAAAGAAGAGGCGCAAGGATGATATTTTCAACTTTGCGGTTTTTAAGCGGATTTGATGTGAGAACAGGAGCGGGTGGGCAGTGCCCAATAGCGCCAGGCTGGCCGGACTACCGTCCCGCAGACGCGGAAATCGGTAGCGCGAACAGGTGCACAGCACCGCCTCCGGGGGAGGCGGTTGCGAGGTTAAAGCAGAAAAGGTTAGTGGCTCAGCGCGCCGTTAATCAGGATCGACGTAATAATCCCGGTCGCGGCGGCAATCAGCACATAGTTACCGTCAATATAGGACCAGTGCTGCCCGTGCGGCGGTGCCGGTAATCCGCGATCGTTCCAGTCGTTTATCCGGTAATCATTGCCGCGATAACGTTCCGGAGCCGGCTGACCTTTGCGAAAATCATGGCCGTTCCACGCGAAGTGGTCCCGCTCATGTCGCTCCTGATGAGGGTTACCCTGCGGCCCCTTGTCACCGCGCGACGGGCCACGGTTATCGTCGTTACCCTGATGATTGTTGGCCTGCGGCCCCTTGCCCGGCCCCTGCTGACGGTTGCCGTCCGGACCGCCGCGGCCGGCATCTTGCTGCCAGACCTGCTGCTGACCGTGGTTGTTGCCGCCAGGACCATCCGCCCAGGAGACGGAAGTCAAAGCACAAGATAGAATAATCGCCAGTGAAAGAATCTTTTTCATAATACACCTCCTGATATATTTCCTTTGTACCGGGAAAATGTGGAGGAATAGTGAGTAACAATATAACCAGGACAATTCCTGGCTTATACCTTTCATCTTTTAAGGCGCATGTCCTGGCTGCGTGCATTCCCCCCGTTCACCTGGCAACCGGTGCTCCCGGGGACTTATGAACCTGCCGCCGCAGTGCGGCTAAAAATTCAGGGAGAGAGCATTATAACGTTTTAAAAATATTATCCCGACGCTGAACAAAGCGCACCAAATAACAAAAAAGGCCGCTTTCGCGACCTTTTTTAGAAAATAGCCAGAGATTACTCAGTGACTTTAGTTTTTAGCTCTTCGGCACCCTGCTTGGTTTTATCCCAGCCTTCTTTGCTGACCTCTTTGGTCTTATTCCAGCCTTTTTCGGTGCCTTCTTTGGTCGCGTTCCAGCCCTTCTCAGTCCCTTCTTTGGTCTTATTCCAGGTTTTCTGCGCGCCTTCGCTGACTTCGCTGCCTACGCTGTCGCTTTTGCCTTCTGCCGCGTGTTTGGCTTTCAGCTGCTGCTCTTCACCCTGGTGCTGGGCCTCGTGCAGTTTTTCTTTCGCGGTGTTCGCCCCTTCATGGGCCGCCGCGACGGTATCGTCGGTTGCGTGTGTCGTTGTTGCAGCAAAAACAGGAGCTGCTACCAGAATCGCAGATAACGCAATCATTGCTTTTTTCATAATGTCCTCTCTCGCTAACGAACTTAATGTTATGAGTCGCATTTAGCATGGCACAAGATTTTACCGTCTGGCTTTAGGGATTGTTCTTAAAACTGATTTCGGACTTTTCTATCGACTTTTGGTCTGCCGCGTCCCGCTTCTGATTGCGCGAATAAATTCCAACAAATTTGTTACATTTTAAGTCATTTGCCGTTGATATACTTGCCGTTTATGTTTACACGAGAATAATTCTCAGAATCATTATATTTATAAATTAGCAAACGGAACGCATATTATGGCAAGAAAATCAGTAGGTTCGTTCATCCTTACTGCCCTGATTTCCACTCCTCTCTGTAGCTTTGCCGCGCAATATCCGCTCACCGTCACCGATCTCGACGGCCGCGCGATTACGCTCCAGCATGAGCCACAGCGCATTATCCTGCAGGATGGTCGCGATATTATGGCCATGGCTCTGCTCGACCGCGACAACCCCTTCAGGCGCGTCGTGGCATGGAATAACCTGGCCAGAAAACAGGACATCAATACCTGGAAAATGCTGCAAGAGAAGTGGCCGCAATCCGCTCAGATCCTCGATATGGGCTTTAGCGATAAGGGCAACGTTGACCTTGAGAGCGTCATTTCCCGCCAGCCGGACCTGATGATCGCCCAGCTTCGCGCGAAGCCCGCGCTGGAGGAGAGCGGTGTCATCAGCAAGCTCAGCGCGCTGAATATTCCCGTGCTGTTCGTCGATTATGAAATCAACCCCGGCAAAGACACCGCCCCGAGTATCGATCTGCTGGGGAAAGTCCTTAACCGTGAAGAAAACGCCAAAGCCTATACCGACTATTACCGTCAGCAGCTGGACGCCATCCGCCAGAAAACCGCGAACATCACGCCGAAGGCTAACGTTTTTGTCGAGGCGCTGGCGGGTAATAGCGATGCCTGCTGCTTTACCCACGGCCACAACGGCTGGGGCGGTCTGGTCGAAGCCGTCGGCGCGAACAATATCGGCTCGCAGCTGCTGCCGGGCGCTTCCGGCTTTGTGTCGCTGGAAAAAGTGATTAGCATGAAGCCGGATGCCTATATTATGACCGGTTCAAAACGCGGGAATAGCCAGGTGCTGCCGCTCGGTTTACAGGCCGATCCCCAGGAGGTCAATCGTCAGGCGGAGCGGCTGCTGTCGCGCACCGGCGTGAGCAACATCCCGACGATTGAAGCAAAACGCGCTTACGGCATTTACCACCACTTCTACAACCATCCGTGGAATATCGTCGGTATGGCGTATCTGGCGAAGGATATCTATCCCCAGACCTTCAGCGACCTCAACCCTGACGATAGCTGGCACTACATTGTCCGTCATTTCACCACCCTGCCCGATCTGCCGTTTGTTTTTTCCTGGCAACAAGGTGAGTAATTAGCCATGAGTCTCTCTCCTGAATCCGATATCGTCGCGTTCGGCGTCGATAGCCGTGA
NZ_CP180088.1_gap99	4408854	4409747	893	ACGTTCCCCTCATTCTGTCGCTATGCTTTAATGTGCTAAACCGGTTTAATTAAGTTTAGCTATGGAGAATTTTCAACATGAATGCAAAAGTTTGGGTTCTGGGAGACGCAGTAGTGGACCTGCTGCCGGAGAGCGAAGGCCGCCTGCTGCGCTGCCCCGGCGGCGCCCCGGCTAACGTGGCGGTCGGTATCGCCCGCCTTGGCGGCGACAGCGGATTTATCGGCCGCGTCGGCGACGATCCGTTTGGCCGCTTTATGCGCCATACCCTGCAACAAGAGCAGGTCGACGTCAGCCATATGCGCCTCGACGGCCAGCACCGTACCTCAACCGTGGTGGTCGACCTGGACGATCAGGGGGAACGTACCTTTACCTTTATGGTGCGCCCCAGCGCGGACCTGTTCCTGGCGGAAGAAGACCTGCCGCAGTTTACCGCCAACCAGTGGCTGCACGTCTGCTCCATCGCGCTCAGCGCCGAGCCCAGCCGCAGCACCACCTTCTCGGCGATGGAAAGCATCAAACATGCCGGCGGCCGGGTCAGCTTTGACCCCAATATCCGCCCGGACCTCTGGCAGGATCAGGAGCTGCTGCACGCCTGCCTCGATCGCGCCCTGCGCATGGCCAACGTGGTGAAGCTGTCGGAAGAGGAGCTGGTATTCATCAGCGGCAGTGATGATTTAGCCTACGGAATCGCCAGCGTGACCGAACGCTATCAGCCTGAACTGCTGCTAGTGACCCAGGGCAAAGCCGGCGTACTTGCCGCCTTTCAGCAGCAGTTTACCCATTTCAGCGCCAAGCCCGTTGTCAGCGTGGACACCACCGGCGCGGGTGACGCATTTGTCGCCGGACTGCTCGCAAGCCTTGCTGCCAACGGGATGCCGACGGATATCGCTGCG
NZ_CP180088.1_gap100	4463302	4464625	1323	GTGACCTACGGCTTAGAAGGCCGTTGCTCTATCCAGCTGAGCTAAGGGCGCATTGAGAAGCGAGCTTCATGATGTGCAATCGCCGGAATTATACGGTCCACGCCTGATGAGTCAATGTATTTTGCCGCGAAACTGCGCTTGCCTGTGCAGGCTGGCGGCTTATGCCGCAAAAGCAGTATAAAGTTTATCCAACCTTATGTTTCTGCACGTTAACCTTTCTTCGGCTCCCGGGCTCCTTTTTGCGCCATTCGCAGCGCGGTCAGGCCCGTTTTTCAGCCTCGGCAACGCCAAAGAAAGATAAAATCTTAAACGAAGACTGACAGCGGGGCTGGCTTCTGACAAAATATCGCCATCCCCCTTTCGTAAAGATACAGATGGAATCCTCTCTCTGATGGCAGCAAAAATTATTGACGGTAAAACGATTGCGCAGCAGGTACGCTCTGAGGTTGCGGAAAAAGTGAAGGCGCGCGTTGCGGCCGGATTTCGTGCTCCAGGGTTAGCCGTCGTGCTGGTCGGCAGCAACCCGGCATCGCAGATTTATGTCGGCAGCAAGCGCAAAGCGTGTGAAGAGGTAGGCTTCGTCTCCCGCTCGTACGATCTCCCGGAAACCACCAGCGAAGCGGAGCTGCTGGAACTTATCGACACCCTGAATGCGGATAGCGCCATCGACGGCATTCTGGTCCAGCTGCCGCTGCCCGCCGGCATTGATAATGTCAAAGTGCTGGAGCGCATTTCGCCGGACAAAGACGTTGACGGTTTCCACCCGTATAACGTGGGCCGTCTGTGCCAGCGCGCGCCGCGTCTGCGTCCGTGCACGCCGCGTGGGATCGTCACGCTGCTTGAGCGTTACAACATTGATACCTACGGCCTGAACGCGGTGGTCATTGGCGCCTCCAATATTGTCGGACGCCCGATGAGCATGGAGCTGCTGCTGGCAGGCTGCACCACCACCGTCACCCACCGTTTTACCAAAAACCTGCGTCATCACGTCGAAAATGCCGACCTGCTGATCGTGGCTGTCGGTAAACCGGGCTTTATTCCGGGCGAATGGATTAAAGAAGGCGCGATCGTGATCGATGTCGGCATTAACCGCCTGGAAAGCGGCAAAGTGGTCGGCGATGTGGTCTATGAAGATGCCGCCGCGCGCGCATCGTACATTACGCCGGTTCCCGGCGGCGTCGGCCCGATGACCGTAGCCACCCTCATTCAGAACACGCTGCAGGCGTGCGAAGAGTATCACGATATTCAGGAGGCCTGAGATGGCGAATTTTTCTTTAGGCAAACACCCGCACGTTGAACTGTGCGACCTGCTGAAGCTGGAAG
NZ_CP180088.1_gap101	4501676	4505895	4219	CGCCCTGCTCCAGCAGTTCATCAACCGCGCTCTCCAGCGACGGCGAACCGTAGCTCATCCCCAGCGCCACCGGCGTATCCGGAAGCCGCGCGGCCAGCGCCTGCCGCTGCTGCTGGCTATAGACCATCAGCGGCGAGCCATCTTCCATCCAGATGGACTGATAGAGCTTGGCGACCCGGGGCGCGCGCAGGGGCAGTATCACGCCGCGCAGCAGCGGCCACCACAGTAGACGGGAGGTATCCACCACGCGCCGATCGCTAAGAAACTGTCGTAGATAGCGCTTTACCGCGTCGGGCGTGGGCGCATCGGGAGTGCCTAAATTGGCTAATAAGATACCTGTTTTCGTCTGATGCATTACCGCCTCTTAACCATTTGAATCGCTGACAATTGTAGCTGAAATGGCGCTAAACGGAACCAATCATAGAAAAAGGTAAAATGAGAGGAGTTCTCACCCCGCCGCGGCGGGATGAGAACTAACGGAATTAACCGAGGATTTTTTCCAGTTCAACGCGAACGTCGGCCACCGCTTTGGTGCCATCGACTTTCGCGTACTGGGTATTGCCCGCTTCGGCTTCTTTCTGATAGTAGCCGATCAGCGGAGCCGTCATCTGATGATATTCAACCAGACGCTTACGCACGGTCTCTTCCTGGTCGTCTTTACGGGTGGTCAGCTCTTCGCCGGTCACGTCGTCTTTGCCTTCAACTTTCGGCGGATTAAATTTGATGTGGTAAACGCGGCCGGAAGCTGCGTGAACGCGACGCCCGATGATGCGGTCAACGATCAGTTCGTCAGGAACATCGAATTCCAGCACGTAATCCACGGTGATACCCGCTTCTTTCATGGCGTCAGCCTGCGGAATGGTGCGCGGGAAGCCGTCCAGCAGAAAACCGTTGCGGCAATCTTCCTGAGTAATACGCTCTTTGACCAGGGCGATAACCAGTTCGTCGGTGACCAGCTTACCGGCGTCCATAATATCTTTCGCCTGTTTGCCCAGCTCGGAGCCTGACTTCACCGCGGCACGCAGCATGTCGCCGGTGGAGATTTGCGGAATACCGTATTTCTCCATGATGAACTGAGCCTGAGTTCCTTTACCCGCGCCCGGAGCGCCAAGCAGAATAATACGCATTACGAAAATCCCCTCAAAAGTTGATTCAATTTTTCAAAAAACGCTAAACCATACCACCAGAACGCGGATGGCTCAAGGAAGGCGGGGCGGCTGAAACGGTTAATGGTGAGATATTTTACGTAGAGTGCGGTTTGATGCCCTCACCCCGGCCCTCTCCCAGCGGGAGAGGGGTAGAGTGAGGGTAAAGATTACGACGCCAGCAGCTGGTTCATGCGGCGGATAAACTGGTTCGGATCTTCCAGCGTACCGCGCTCGGCCAGCAGCGCCTGATCGAGCAGCAGCTCAACCCACTCGCCGAACTGTGCATCATCCTGGGTATCCGCCGCGCGTTTTACCAGCGGATGCAGCGGGTTCAGTTCAAAGATGTACTTCACTTCCGGCGCGGCCTGGCCCGCAGCGGCAAACAGTTTTGCCATCTGGGTGCTCATTTCATCCGCGTCGGTGGTGACGATGGCCGGCGTATCGGTCAGACGATGGGTCAGACGAACCTCTTTCACCCGGTCGCCGAGCAGCGTTTTGGCACGCTCAACGAACGGCTCCAGCGCCTTCTCGGCTTCTTTAGTGGTTTCATCCACTTCGTCCGTCAGCTTATCCAGCGACTCATCGGCTTTCGCCACCGACTGGAACGGCTTACCGTCGAACTCGGTCAGATAGCTCATCATCCACTCGTCGATGCGATCGGAAAGCAGCAGCACTTCAATGCCTTTTTTACGCAGCAGTTCCAGATGCGGGCTGCTTTTCGCGGCAGCGTAGCTGTCGGCGGTAATGTAGTAAATCTTCTCCTGCCCTTCTTTCATGCGGGAGACATACTCTTCCAGCGACACGGTCTGCGCGGCGGAGTCGGTATGGGTGCTGGCGAAACGCAGCAGTTTGGCGATGGCCTGCTGGTTGGCCTGATCTTCCGCCGGCCCCTCTTTCAGCACGAGGCCAAACTGCTGCCAGAAGGTCTGATATTTTTCCGCGTCGTCTTTCGCCAGTTTTTCCAGCATCTGCAGGGCGCGTTTGCTCAGCGCGGTTCGCAGATTGCGGGTGACGCTGCTGTCCTGAAGGATTTCACGCGACACGTTCAGCGGCAGATCGTTAGAGTCGACCAGGCCGCGGACGAAACGCAGGTAGTTCGGCATAAACTGCTCGGCGTCATCCATGATGAAGACGCGCTGCACGTACAGCTTCAGGCCGTGTTTATGATCGCGATTCCACATATCCCACGGCGCCTGCGACGGGATATACAGCAGGCTGGTGTACTCCTGCTTACCTTCAACGCGGTTGTGGCTCCAGGTCAGCGGATCGCTGTAATCGTGGGCAATGTGCTTATAAAACTCGTTGTATTCGTCGTCTTTGATTTCCGACTTATTGCGCGTCCACAGCGCCTGGGCTTTGTTAATTTTCTCCCAGCTAATGACGGTTTCGCCGTCAACGTCTTCGCGCTTTTCAATTTCCACCGGCAGCGCGATGTGATCGGAGTATTTGCTGATGATCGAACGCACGCGCCAGTCGTTGAGGAAATCGTCCTCGCCTTCGCGCAGGTGCAGCGTGATCTCGGTACCGCGATCGGCTTTGTTAATGTCGGCAACGGTATATTCGCCTTCGCCAGCGGATTCCCAGAAGACGCCGTTTTCGGCGCTGTCGCCCGCCGCGCGGGTACGGACGGTAACTTTATCGGCAACAATAAACGCCGAATAGAAGCCCACGCCGAACTGGCCAATCAGCTGGCTGTCTTTCGCCTGGTCAGAGCCCATGGACTCAAGGAACGCTTTGGTGCCGGACTTGGCGATGGTGCCGAGATGGTCGATGACCTCATCGCGATTCATACCAATGCCGTTATCGGCGATGGTCAGGGTGCGGTTGTCTTTATCAAATGAAACACGCACGCGCAGTTCGCCGTCGCCTTCGTACAGATCCGGCTGGGACAGCGCGCGGAAGCGCAGCTTGTCGGCCGCATCGGAGGCGTTGGAAATCAGCTCACGCAGGAAAATTTCTTTATTGGAATAAAGAGAATGGATCATCAGGTGCAGAAGCTGCTTGACCTCTGACTGAAAACCACGAGTTTCTTGTCCTTTCATCTAAATCAACCTCAACAATGCCATTGTTAATGGTAAAAAAACCGTTGAGGGTGAGATGGGGACAGAGGGAGAAGTTTTCAAGCGGAGGCCCCGAAAAGCGCCTCCGTTTGATTAAAAACGAATCTTATGCCGCCCGGCGAGCGAGTGGGATAGCGTCGTGCCGTCAACCATCTCCAGCTCGCCGCCGACCGGTACGCCATGGGCGATACGGCTCGCGTCTACGCCATACTGCGCGCAGAGCTCGGCGATATAATTGGCCGTCGCCTCCCCTTCTACCGTTGGGTTGGTCGCGAGGATCACTTCCTGCATAGATTCGTCACGCAGACGCTGTTCCAGACGATCGAGCCCAATGTCATCCGGCCCGATACCGTCAAGCGGCGACAGGTGGCCCATCAGCACAAAGTAGCGACCGGAAAACTGCCCGGTCTGCTCGATAGCGTAGATATCCGCTGGGCTCTCTACCACGCAGATCTGGCCGTTTTCCTTGCGCCGAGGGTTGCTGCAAATATTGCACACCTCCTGCTCGGTGAAGGTACGGCAATCGGCGCAGTGGCCGATTTCCGACATCGCGCGCGTTAGCGCCTGCGCCAGGCGCATTCCGCCGCTGCGGTCGCGCTGCAGCAGGGTAAACGCCATGCGCTGCGCCGACTTCGGGCCGACGCCCGGCAGGCAGCGCAGTGCTTCCATAAGCTGCGTTAACAGCGGACTGGTCTGCATCAGAACGGCATCTTAAAGCCTGGCGGCAGCTGCATACCGGCGGACACGGACGCCATTTTTTCTTTCTGCGTCTCTTCAATGCGGCGGGCGGCGTCGTTAAACGCGGCAGCCACCAGATCTTCCAGCATCTCTTTGTCGTCTTCCAGCAGGCTCGGGTCGATCTCAACGCGACGGCAGTTGTGCGCGCCGTTGATGGTGACTTTTACCAGGCCAGCGCCGGATTCACCGGTCACTTCCAGTCGGGCCACTTCTTCCTGCATCTGCTGCATTTTTTCTTGCATCTGCTGGGCCTGCTTCATCAGGTTACCCAGA
NZ_CP180088.1_gap102	4507147	4509171	2024	CAAGGGTGCCGAGCATGGTGCTGACGGATTCAGCCGTCAGGCGACCGTCGCCGCTGGCAATGGCCTGATCGGTCAGGCTTAACGCATCGCGCAGGCTACCGTCCGCCGCGCGCGACAGCAGCTGCAGCGCGCGCGGTTCAAAAGCGATCTGCTCGGCGCCGAGAATATGCTCCAGCTGATGGCGAATCTGTTCGACGTCCAGCGCCTTAAGATGGAACTGCAGGCAGCGGGAAAGAATGGTCACCGGCAGCTTCTGCGGATCGGTCGTCGCCAGCAGAAATTTAACGTGCGCCGGGGGCTCCTCCAGCGTTTTTAACAACGCGTTGAAGCTGTGGCGCGAAAGCATATGGACTTCATCGATCAGATAGACCTTGAAGCGACCGCGGGCCGGCGCGTACTGGACGTTATCCAGCAGATCGCGGGTATCTTCGACTTTGGTGCGCGAGGCGGCATCGATCTCAATCAGATCGACAAAGCGCCCCTGTTCTATTTCACGGCAGTTATCGCAGACGCCGCACGGCGTGGCGGTAATGCCGGTTTCGCAGTTTAATCCTTTTGCCAACAGGCGCGCGATAGAGGTTTTACCGACTCCGCGGGTACCGGAAAAAAGATATGCGTGGTGAATGCGCCCTAACGACAAGCCGTTCGCCAGTGCGGTCAGCACATGTTCCTGGCCGACGACGTCAGCAAAGGTTTGTGGGCGCCATTTACGGGCTAAGACCTGATAACTCATGGGCTGGCTCTGAAACGCTGGAAGGTGAAATCACGAGGGGTCATGCTATCACAGCCCCGCTCAATCAGCGAGGCTATGTGGTGGGATTTGCTTAGTGGCCCGGGAAAGGGACCAGGCTATAGCAGTTGATTCCCAGTTTTTCCAGGCGCTGCTCGCCGCCCAGATCGAACAGATTAATAATAAAGGCCGCATCGTGCACTTCACCGCCCAGGCGACGAATAAGCTTCACGGTGGCGTCAATGGTGCCGCCGGTTGCCAGCAGATCGTCAACCACCAGGACTTTATCGCCTTCTTTGATCGCATCGACATGGATTTCCAGCTGATCGGTGCCGTACTCAAGCTCGTAGCTTTCTGCGATAGTTTCACGCGGCAGCTTACGCGGCTTGCGTACCGGAACAAAGCCTACGCCCAGCGCCAGCGCAACCGGTGCGCCAAATAAGAAGCCACGCGCCTCGGTGCCCACCACTTTGGTAATCCCCGCGTCTTTATAACGCTCGGCCAGCAGCTCAATGCTGAGCGCGTAGGCCTTCGGGTCTTCCAGCAAGCTGGTGACATCACGGAAAAGGATGCCAGGTTTCGGATAGTCCTGGATGCTTTGGATGCTGTTCTTCAGATATTCAAGCTGCTGTGCTGTTGCGGTCATAAGTGTATGCCTGATTAAAACGGTGTTACTCACGGGCATGCCAAATGGGCCAAAGAAACTTTTGTTTAACCTTTGACCAGGCTTACCCGCGCTCGAAAACGCCAGAATTTACTGGCTGTCAGCGACAATTGCAACCATCATTATTGCGCATCAGTGCTTTTGTTGCTTTGCATCAACCACCGGAATGCGCCACATAAATATCAGCAGACAGGTCAGAATGATCAGCAGCAAGATGCGCACCCAGGTAAGATTAACCAGCCACAGCGAAATGGCAAAGGTCAGCAAAATCATCGCGACCGCCCGCGGCTTCGCGCCCGGCGGCATGGCGCGGTATTTCTGCCAGTGACGCAGGTAGCCGCCAAACCATGAGCGATACAAAAGCCAGTGGTGAAAGCGCGGCGACGAGCGCGCAAAGCACCAGGCGGCAAGCAGGATAAACGGCGTCGTCGGCAGTAGCGGTAAAAACACGCCCAGCGTTCCCAGCGCTACCGCCAGCCAGCCAATGATGATCAAAATAATACGTGGCATAATGCGAATCGTTATCACGAAGATAACGCTAATGTAGCACAGTTGCTTATCAGGGGATGGAGGAGTTATTTGAAAACCGCCCGGCTTTTACATTCACTGGAAAACCAGCTTGCGGAGCTG
NZ_CP180088.1_gap103	4512595	4516661	4066	CTGAGTGTCATTGCGCAGTTGCCCCACCTGTGAAGCCAGCTTCGCCTGATACGCTTTCAGCCAGTTAAGGCGCCAGCGAATCAGACCGGCAATCAGCAGCAACGGCAGGCCGGCAAGGAAAGCGATAAATACCGCAGGCCAGGCTTTTTCCCAGTTTACGGTGATTTTCATCGCCTTAAACTGCCCTTTCAGCGCTTCCGGGAAGGCTTTAACCCACTCCCAGTCCATCGGACGGTTACTGTTTACCCAAAAAATCTGCTGCGTCAGAATGGCTTTCAGGTTGGTCGACACGCTCATTAACTGCTGCTGATTGATCTGCAGGTTAATGGCCATCATCAGCTGGTTACCCAGCTGTTTGTTGAACTGATCGAGCAGCTCCCGGCGCATATCAACGATTTCGAGAAGCGCGCTATGCACTTCGGCATTGACATCGCTGCTGTGCCCTTCCTCCAGCTTCGCGACGTACGCATCGCTCTGGAACAACGCATCGCGCTGCTGGTTAACCTCAAACTGTTCGAGGCGCAGGTCGGCGATGCGGTTCGTCATATCGCTCAGCTCCTCCGCAGAGGGCAGCGTTTGCTGCTGCTGATAAAGGATACGCGACAGCAGCAGGCTGCCTTTCAGCACGGAAATCTGCTCTTTTATATCACGCTCGGATTGCAAAGCGCGATCGAGCCAGGTCTTCACTTTGATGTTGCGCTGAACCAGCTGATTACCATTTTCCGTCGCCGAAATCAGTCTTTCGCTAAGCTGGTGGTTAATCTCCAGCTCCTGCTTCACCAGCGGGTTTGCCTGAATACGCGCCGTTTCGTCCGGGGAAACCGCTTCCTGAGCCGTCTTTTCCGTCAGCGTCAGGCGCTTGCTATTCACCGCTTCCTGCAATAACTGAAGCTGGTGTTCAAGACGGTTGCTGTAGGCGGTGATGTAATCACGCTGCTTTTGCAGGGTATCCTGCAGGACCGTGTTACCTTCCAGGCTTTTGCGCTGCTGGTCTATCTGCGCATTCAGCAGAGCCTGCTGCGCCAGCAGCAAACTCTGCTGGGTAGGACGCAGCGTCTCCTCGCCCGTCGAGGTGCCATTCAGGCGGTTACGGATCTGCTGCAGCTGCTGCGAAGCGGAGTACATCGCATTCTGCACACGTTCCGGCTGGGTTTGTAGGGAGACTAACTGGCTGTTATAGGTTGCCAGATCGTTCTGCGCGTTTTGCAAATCGTCCAGCGTCTGAGAGACGCGCGATTCCAGCTGACGTAGCGATAACGTGCTCAACGTTTTACGCGTCGCCTCATCATCGGGAACATCGCTTAGCGCGTTGAGGCTATCGATAGCCTGATTCATTTTCGCTGGCGCCTGAGCCACCTGCTGACGCAGCTGCGTCGTTTCCGACTTAATGCGTTCGATTTTATCGAGGGTTTCCAGGGTCTGGGTCAGGTCCTGCTGAACCAGCTTGTCCTGCGGGGTCAGCTCTTTTTGCTTATTCAGCGTCGTGAGCTGGCTTTGCACCTCGGAACGTTCGGGTAAGTCAGCCGCCAGCGCCGTGTTAACGCTAATACAGCCGATAAAAAACATCAGGGTAAGAACAAAAGCGGATATGGCGTTTCGCCAACGGATAGTATGCAGCATAGTGTTAACATGAGTGATTGCAAAAGCCGGAGAATACCGGGGATCGTCGCAGCGCGAAGAATAGCACTTCTGTTATCGCGCGAATAGCGGCGGACAGCAGGAAAAATACCCCTTTTGTCCGCGAGGATACTTAAGCTTCCGCGCCTTCAGAACTGCGCAGAGAGGGGCACAATTGATACATTTCAAGCAGCGTTTCGACATATGCCCGCGCTTCATGCTGCAGATCGAAAGCGTTGGGCGCCAGCAGCCAGTTCTCCATCAGGCCAGAAAGATAGCTGCGCATTAAAATCGCCGCCCGCCGGGTGAGTAAATTGGCGGGCAGCATCTTCGCCGCAATGCACTCGTTTAATGTCTGCTCGATACGATCGTAGCTCTCAAGGCATAAACTTCGCTGCGCTTCTTGCAGCGTGACCATCTCTCCGACGAACTCGCATTTATGGAAAATGATTTCCATCATCAAGCGCCTGCGTTTTTCTGTCACCGTTGCTTCAAGGATATACACTAAGATCTCTCTGACAACTGACAGTGGATCGTTGGGGAATTTTGCCCGATACTCAACTTCGAGATCGTTGATGTTGGCTTCTGAAAGCACCCATATTTCATTAAATAAATCTGATTTATTTTTGAAATGCCAATAGATAGCGCCCCTCGTCACACCGGCCTCTTTTGCAATTGCGGCCAGCGAGGTGGATGATACGCCTTGCTGCGAAAACAGACGCAGAGCAACATCCAGAATATGTTGCCGGGTCTCAAGCGCCTGTTGTTTGGTTTTTCGTGCCATAGGTCGATGAGTTTACAGAGGTTACGTTTACATACATTTGTGAATGTATGTACCATAGCATGACCATAATAGAAACACAGCAGTGGGTTTGTGGTCGATTGAGCCACTGAACAATTTGAAATTGGACACTCGAGGTTTACATATGAACAAAAACAGAGGGTTAACGCCTCTGGCGGTCGTTCTGATGCTCTCAGGCAGCTTAGCGCTAACAGGATGTGACGACAAACCGGCTCAGCAAGGAGCCCAACAAATGCCGGAAGTCGGTATTGTGACGCTCAAATCCGCTCCTCTACAAATTACTACCGAACTGCCAGGCCGTACCAGCGCCTATCGTGTTGCGGAAGTTCGTCCTCAGGTCAGTGGCATTATTCTTAAACGTAACTTCACCGAAGGGAGCGATATCCAGGCAGGGGTGTCTCTTTATCAAATCGATCCGGCGACCTATCAGGCCACTTATGAAAGCGCGAAAGGCGATTTAGCCAAAGCGCAGGCCGCGGCAAATATGGATCAGCTGACGGTTAAACGTTATCAGAAACTGTTAGGCACTAAGTACATCAGTCAACAGGATTACGATACTGCCGTCGCGACCGCGCAACAGAGCAACGCCGCCGTGGTTGCCGCCAAAGCAGCGGTTGAAACCGCGCGCATTAATCTGGCCTACACCAAAGTCACCTCGCCAATCTCAGGCCGCATTGGTAAATCCGCGGTCACGGAAGGTGCTCTGGTGCAAAACGGCCAAACCACCGCCCTGGCGACCGTGCAACAGCTGGATCCTATCTATGTTGACGTGACGCAATCGAGCAACGATTTCCTGCGTCTGAAACAAGAGCTGGCCAACGGCAAGCTGCAGCAGGAAAACGGTAAAGCGAAGGTTGAGCTGGTGACGAACGACGGTCTGAAATACCCGCAGAACGGTACGCTGGAGTTTTCTGACGTCACCGTTGATCAGACCACTGGTTCTATCACGCTGCGCGCCATTTTCCCGAACCCGGATCACACTCTGCTACCGGGGATGTTCGTCCGCGCGCGTCTGGAAGAAGGCGTCACCCCGGATGCGCTGCTGGTTCCTCAGCAGGGCGTAACCCGCACCCCGCGCGGCGATGCCAGCGCGATGGTCGTCGGCGAAGGTGATAAAGTCGAAGTTCGCCAGATTACCGCCACTCAGGCTATTGGTGATAAATGGCTGGTCACCGAAGGGCTGAAAACGGGCGATCGCGTCATCATCACCGGTCTGCAAAAAGTCAGACCTGGCGTGCAGGTTAAAGCGCAGGAAGTCGTTTCTGACGATAAACAGCAAGCCGCAGGCAACGCTCAGTCAGAACAACCCAAGTCTTAACTTAAACAGGAGCCGTTAAGACATGCCTAATTTCTTTATCGATCGCCCCATATTTGCGTGGGTGATCGCCATTATCATCATGCTGGCTGGGGGGTTATCGATCCTCAAGTTGCCGATAGCGCAATATCCGACGATTGCGCCGCCGGCAATTTCCATTACAGCCATGTACCCCGGTGCCGATGCTGAAACCGTGCAGAACACCGTGACCCAGGTTATCGAGCAGAACATGAACGGTATCGATCACCTGATGTACATGTCTTCAAATGGCGACTCCACCGGTACAGCAACCATCACCCTCACCTTTGAATCCGGTACCGATCCGGATATCG
NZ_CP180088.1_gap104	4615124	4619682	4558	GCAGCTCAGGTAATACTCTGGCCGATAATCATTCAGCCCCCACAGGCCACCGACGCCAAAGGTAAACAGCAGGCCAAGCAGATTAAGCTCCCGCCAGTGCTGGCGGATGCTGATGGTAAGAATGCCCACCGACAGCAGAAGATAGAATGAGAACAACGCCACATGACTGCCGCCGCCGGTAGAGAGCAGCAGCGGCGCAAGATAACCGCCAAGACTCGCCAGCATGGCCAGGCTGAGCGCTTTTTGCACAATCGCCAGCCCTACGCTCGCCGCGCAAATCACCACCAGCAGCGCAAACGCCAGGGTCATCGGCAGCATCTGCCACAGGCGAAAGGCGCCAAAAACGGTGAGATAGAGCGCCCCCGTTGCCCCACCCTGTAAGATCAGGGCGTACATCGGTTGCTTATGCCGCAATCGCCATCCGACAGCCAGCAGGACAATGGCGAACAACGATGCCGCGACCAGACGTAACTCGAGGGGGAAAAGAGCGTGTTCCACGGTATAGCGCAGCAGAAAGGAGAGGCCAAGAAACAGCAGCAGGATCCCGAGCTTCGCCAGCGGGTTACCCTGCATAAACCAACGAACCAATGACGATACCATCCCGCCAAACGCGGAAGGTTGTTCGGTTTCAGGAGCCGATTTCGCCATCTGCTCCGGCTTCGGCGTTGGCTTCGGCTGCGAAAGCCATGGGTCAACGGCTTCCGCCACGGGCGCCGGTGATGGCTCGTGTTCTACCAGCGCTGTTGCGTCAACAGAGGCAACGACTTCCGGAGCAGTCGGCACGACGCCACTTGCCTCCGCCACCGGTGCCTGCGCAACGCCGCGCAGCTCAAGCTCCTCAACCCGACGCTGCAAAGCCGCCAGTTCCACACGGACCGCCGCGCTGCGCCTGAGCGCGGCAATCGCCACGAGCGGCCCAACCACCAGCCCACAGAATAAAATCACAGCGCCAAAGATCAGTAGATCATCCATGTTCTCACCTTCACTGTTTGAAGAGGGAGCAGAATGACACACATTGTCTTATCAGCGCTATCCGAGAAAATGAAAAAGGCCAATGAGGGCGTGGATGCTCTCATTGGCCTACCGGTACTAATAAGCGTCCGTCGCGCTAAAAAGCAAAGCAGGAGCAGCCGAGTACGCCCCAGAACGCCTGCTCATCGGCAACCGGAATCGCCGATTTGCGCGCAATATCATGCTGATGCCCATGTACGCCGCAGCTGCCGCAGCACTGGTGCATCTGAACTATCGCGCCGATATTCGCGGCCGTCGGCGGCGCGGAACGGTAATGGCCCGGAACTTTCACCACCGGCGACCACTCGGGCAGCACCGGAATGGGCGGCGGCGCCAGCGGCGAAAAGTGTCCCGCCGCGTACACCACCTTGCCGTCCACCACCGTCAGCACCGACTCGATCCCCTTGATTTCCTCTTCCGCGACGCTGAAGTAGTCTTTCGACAGCACCACCAGGTCGGCAAGCTGGCCTTGCTCAATGCGCCCTTTCTTGCCCTGCTCGCTGGAAAACCACGCGCTTCCCGCCGTCCACAGCTCCAGCGCCACGTCGCGCGGCAGGCGGTTGCTGTCGTCGTACATCGCCATCCCGCCGACGGTACGCCCTGATACCAGCCAGTAAAGCGCGGTCCACGGATTGTAGCTCGCCACGCGGGTGGCATCCGTCCCCAGACCCACCGGAACCTCCAGTTCGAGCATTTTCGCGACCGGCGGCGTATGTTTGACCACGTCTTTACCGTAGCGGTCGACAAAATATTCGCCCTGGAAAGCCATACGGTGCTGCACGGCAATGCCGCCGCCCAGCGCTTTAACGCGTTCGATATTGCGCTCGGTGATGGTTTCCGCATGATCGAAGAACCAGTGCAGCCCGTTGAACGGAATATCGCGATTCACCTTCTCGAAGACGTCGAGCATCCGGCTGATGGATTCATCATAGGTGGCGTGCAGGCGGAACGGCCAGCGGTGTTCAACCAGATGGCGCACCACCCGCTCCAGCTCATCTTCCATCCCTTCCGGCAGATCCGGACGCGGCTGGAGGAAGTCTTCGAAATCCGCCGCCGAGAAAACCAGCATCTCCCCGGCGCCGTTGGCGCGGTAAAAATCGGTGCCCTGTCCCGGCTTGAGCATATCGGTCCAGCGCTCAAAATCTTCCAGCTCCTGCTTAGGCCGCTGGGTAAACAGGTTATAGGCGATACGTACGGTCATCTGCTCTTTGGCGTGCAGCTGTTCAATAATTTCATAATCTTCCGGGTAGTTCTGGAAACCGCCCCCGGCATCAATAGCGCTGGTCAGCCCCAGACGATTAAGCTCGCGCATAAACTGCCGCGTTGAGTTGACCTGAAGTTCCAGCGGCAGCTTCGGCCCTTTGGCCAGCGTCGAGTAGAGGATCATCGCATTGGGTTTGGCGATCAGCATCCCGGTCGGGTTGCCGTTACCGTCGCGAACGATCTCGCCGCCCGCCGGATCCGGGGTCTCTTTGGTGTAGCCCACCGCCTTCAGCGCCGCGCGGTTTAGCAATGCGCGATCGTACAGATGCAGGACAAATACCGGCGTATCCGGCGCCGCATCGTTAAGCTCCTCCAGCGTCGGCATCCGCCGTTCGGCGAACTGGAACTCGCTCCAGCCGCCGACCACCCGCACCCACTGCGGCGACGGCGTGCGGTCGGCCTGATCTTTTAGCATCCGCAGCGCGTCCGCCAGCGAGGGAACCCCCTCCCAGCGCAGCTCCAGATTGTAGTTCAGGCCGCCGCGGATCAGGTGCAGGTGGGAGTCGTTCAGGCCGGGGATCGCCGTATGGCCTTTGAGATCGATAATTTGCGTCCCGTCCGCGGCAAAGCTCATGATCCGATCGTGGCTACCGACGGCGAGAATTTTACCGTCAGCGATCGCCACCGCATCGGCCAGGGGATTTTGACGATCGAGAGTATGAACCCGACCGTGGGTCAGGATCAGTGTGGCAGTTTGCGACATAACGCACTCCTTCAGGAGGCTGGCTCAGTTTTTCTTTAACCAGCCAGCAAACAGACGGGTCACGATGGGCATCCAGAACCAGACCACCAGCGCGACCACACAGGCATCATTGATCAGATGCAGCAACAGGCTTCCCTTCAACGAGGGCAACAGTATTCCGGTTATTGATGGCACCAGATTAGTACTGGGGAAAATCACCAGCAGGGTGATTAAAAATTGCTTCCAGCGTCGCGGCTGGCGCACGTTCGCCGCGGGCGGCGTAAACCAGAAGGCCGGTTCAGTCCGGACTTCGGTACGATCGCCTTCGCTCAGCAGCGGCGCAATTTCCGCCACCAGCTGGCGGCGGGTCTCCGACTGGGTCCAGGCGTAAAGATGCTCAATGGTGTCGAAGCGAATAATCACGCTCCATAAATTCTGCCCGGGGGCCGGACGAATGACGTTTGCGCCAAGATGGCCGGGAAACTCTGCCGCAATCGGCATAATTTTGCCCAGCCACGCTTCATACTGCTGGCCATGCTCCGGGTCGAGCACATGGCTGATCACCAGGGTCACCGATTTCTGTTGCGCCATTAAGAGTTCCTTGCTTCAGGGAATGGCGGGTTGTCCGCCGCCATTCGCTATACATGACCATACAAAAAATCATTCATGCTGCGTCGAGGCGGGCAGACGAAGCCAACAAAGAGGCAGCTTGAAGGATGAGGCCAATACACAAAATCATTCATGCTGCGTCGAGGCGGCAAGGTTGTTCGTCCCCGGGAGCTGACATGAGTCAGTGACCGGGGCGGGCAGACGAAGCCAACAAAGAGGCAGCTTGAAGGATGAGGCCAATACACAAAATCATTCACGCTGCGTCGAGGCGGCAAGGTTATTCGTCCCCGGGAGCTGACATGAGTCAGTGACCGGGGCGGACAAACGAAGCCAACAAAGAGGCAGCTTGAAGGATGATGCCAATACACAAAATCATTCACGCTGCGTCGAGGCGGCAAGGTTGTTCGTCCCCGGGAGCTGACATGAGTCAGTGACCGGGGCGGGCAAACGAAGCCAACAAAGAGGCAGCTTGAAGGATGAAGTGTATTTAAGCTTTACGCTCTGGCGCGCCGTGCACCATGGTATAAGCGTAATCCACGCCCATCCCGTAGGCGCCGCTGTGCTCGCGCACCAGGTCCATCACCGCGTCATACGTCTCTTTACGCGACCAGTCGCGCTGGTACTCCAGCAGCACCTGCTGCCAGGTTACCGGCACCGCGCCGGCCTGCACCATACGGTCAATGGAGCGTTCGTGGGCATCAACCGAGGTGCCGCCGGAGGTATCGGTCACCACGTAAACTTCATAGCCCGCATCCAGCGCCATCAGCGCCGGGAAAGTCAGGCAGACTTCTGTCCACAGTGCGGAAATAATCAGTTTCTTGCGTCCGGTCGCCTTTACCGCTTCAACAAAAGCCGCGTCTTCCCAGGAATTCATTGAGGTACGTTCAATAGGTTTCACATCAGGATGTACGGCCAGCAGTTCCGGCCAGATATAGCCGCTGAAGCTTTTGGTTTCTACTGAGGTATAAATCACCGGAACATTAAAAATTTTGC
NZ_CP180088.1_gap105	4621173	4625546	4373	CTGCTGCTTATAGACGCGCACGAACACCACCACGTTATCTTCGGCATAAATCACCTGACAGCCGCCGTAGCGCAGCGCCTGATTGGCCTTACGCAGCTTGCTCATCCGCTTGTACAGTTCGAGCAGAGCGCCATCCTGCAAAGCCGGATCCCACGGGAACGGCTTACGGCAGAACGGATCGTTATTGCCGTCCACGCCCACTTCATCGCCGTAGTAAATGCACGGCACGCCCGGCCAGCTAAATAGCCACACCACCGCCAGCGGCAGGCGGGCAACATCTTTGCCGAGCAGAGACTTAAAGCGCGCGGTATCGTGGCTATCGAGCTGGTTAAACATCCGCAGCTGCTGCTGGTGCGACAGTCCGGCGCGATAGTTATCCATCCACGCCATACAGGTCTGCGCATCGATTTTCTGCGGATCGTAGGAGATATCGGTGTTCGCGAGAAAGCCCCACAGCGGAAAGGTAAAGCCGCGGTAGTTCATCGCCGAGTCTTCAACGTCGGCCTGTAGCCACTGGCGCGCGTCGCCGAAATGCTCACCGAACACGAAAGCGTCCGGCCGCTCCAGCTTCGCCGCCTGGGTAATGCCGGCGATATGGCGCAGGTTATTGCGCGCCCCGCCCTCTTCGCCCAGCATATGCACCACGTCCAGGCGCCAGCCGTCCATGCTCCATGGCGCTTTCAGCCAGTGGCGCACGATACTATCTTCCCCGCCATAGATTTCATCGATCAGCGTCGACGACCGGTAGTCCAGCTTAGGCAAGCTGGCGTATCCCAGCCAGTCGTGGGCAACGCCCTCGGGGGAAAAATTATACCAGTCGCGCCACGGCGAATCGGCGTTATGGCAGGCGCCGCCGCTACCGCGCTGGTGGCGGTCGAACCAGGCATGCGAATCGCCGCTATGGTTGAACACGCCATCGAGGATCAGACGCATTCCCTCTTTTTGCGTATGGTGGCGCAGGCGCAGCAGCGCCGCATCGCCGCCAAACTGCGGATCAACGCGACGATAATCCTCGGTATCATATTTATGCACGCTGGGGGCGACAAATACCGGGTTCAGGTACAGCGCCGTTACGCCAAGCTGCTTCAGGTACGGCAGCCGCTCGCTGATACCATCGAGATCGCCGCCGTAAAAGGTGGAGCCGCCCGCCTCGGCGGTTAGCGGTTCATCCCACGCTTTGCGTACGATGTCGTGACCGGCGGCGTGATGGTAATAAATCGCATCCTGTCCCGCTTCGCGAGACTCGCTGCGGGCAAAACGGTCAGGGAAGATTTGATAAAATACCTGATCGGCTACCCACTGCGGTCCGCTGTCCGGCAGATCGACCGCAAACTGCTCCAGCCTCGCCGGCGGAAAGCGGTTGAACCCCTGCGGCGTGAACCACAGCTGGCGGTCGGCCCACAGCAGCTTGAAGCTGTAGCGCCGACGCGGCTGCCCGTTAACGAGGCTGATTTCCCCGCGCCACGCCACCACGCCCGGATGCGGCTCCTGCCGCAGGCGGTGCATCGGCAGCGACAGCTCTTCGTTATCCTCTTCCGCGCGCAGCGTGACCCGCGGCGGCAGATCGTCCCCGCTTAACCATAGCGTAATAATCAGTCGTTCCTGCTGTTCCTTAATAAACGGAGCAACCGGGAGGTGCCATGCCTTCAACATCATTATTCCTCTCTTTGCAGAATGGGCACACCTTGCCACAGCGTACTGGCGTATGACTCATCATCGGCAGAATTATTGGGGGAGGATGGCGGGGGTGGAGGGATAGCTTGCCGGATAGCCCGTGCGTATCCGGCAAGAAGAGAACGAAAATGACTAGGCTTTCGCCAGTTTTCGCTCGCGGCGGGTTTTAAACTGCCAGCCAATCAGCAGCAGGAGAATCCACGCAAAGCCAACGTACAGCGAGATGCGGGTATCAGGATGGTAGCCGATCAGACCGATAATAAAGACCAGGAACAGCAGGCCAATCACCGTGGTCGCGACCCCGCCAGGCACCCTGAACTTCAGCGCCTTCGCCTCTTCCGGCGGCAGGCGGCGACGGAAGGCGATCTGCGACAGCAGGATCATAATCCACACCCAGACGGTGGCGAAGGTCGCCAGCGAGGCGATCACCAGGAAGACGTTCTCCGGCATAATGTAGTTAAGATAGACCGCGAACAGCAGGGCAATCGTCATCACCGTCACCGTCACCCACGGCACCCCGCGACGGGAGGTTTTCGCGAACATCTTCGGCGCGCTGCCCTGTTCCGCCATGCCGTGCAGCATACGCCCCACGCCAAAGACGTCGGAGTTAATCGCCGACAGCGAAGCGGTCAGCACCACAAAGTTCAGGATGCTGGCGGCAAAAGTGATGCCGAGATGCTGGAAGGTCAGAACGAACGGGCTGCCGTTGGTCCCCACCTGGTTCCACGGATAGATAGACATAATCACAAACAGCGTCCCGACGTAAAACACCAGGATACGCATCGGCACCGAGTTAATGGCGCGCGGAATGGATTTCTCCGGATCTTTCGCTTCGCCGGCGGTGATACCGATGATTTCGATTCCGCCGTAGGCGAACATTACCATCTGCAGCGACATCACCATCCCCAGCCAACCGTTGCTGAAGAAGCCGCCGTTGCTCCAGAGGTTGTGGATACCCGTCGGCTGCCCGCCGTTGCCAATACCCCAGATAATGATGCCGAAACCGGCGAGGATCATGATGATAATCGTGGCGACTTTGAAGAAGGAGAACCAGAACTCCAGCTCGCCGAAGACCTTCACGCTCATCAGGTTGACGGCGCAGATAATCAGCACCACGCTGAGTACCCAGATCCAGTGCGGTACCGCCGGGAACCAGACGCCCATATAGATACCGAAGGCCGTGACGTCGGCGATGGCGACAATCAGAATTTCGAAACAGTAGGTCCAGCCGGTGATATAGCCCGCCAGCGGACCAAGATAATCCTGCGCGTAGCGCGAGAATGAACTGGCGGCCGGGTTATGCACCGACATCTCGCCCAGCGCGCGCATGATAATGTAGGCCGCGGCGCCGCCGATAATATAAGCCAACAGAACGCTCGGACCCGCCATTTTAATCGCATCAGCCGAACCATAGAAAAGGCCGGTACCGATTGCCGACCCCAGCGCCATAAAGCGAATATGCCGGGTACTTAGCCCGCGCTTAAGCTTGTTACTACTTTCCATCGTGTTCCATGCCGTTTTTCTCCTCTGGCCTTCGCGGGGGCAAAGAACAAAGGAGGGTGACCAAAAAAACAAAAAACCACGGGACCTGAAGTCCCGTGGTTAAACACCTGTGTAAAGCGTCGGTTAATGCGCGCTGGATGTCACCTGACGTCCCGCTGCGCGATCCCAGATAACCGCCAGCACCACCATAACGGCGGTTGGCATCAGCCAGGCCAGGCCCTGCTCCGCCAGCGGCAGACGCGCGGTCCAGGACGGCATTATCTCTGCAAACGCCGACGCTTTAATGCCGTCAATGATACCAAACATCAGGCTGATAAACATTGCCGGGGCGATAACGCGGGACGAATTATGCCACCAACCGCGGGTAAAGCTTAATACAACCAGTGCGATACACGGCGGATAGATAGCCGTCAGCACCGGAATCGAAATCTGAATCAGGTGGCTCAGGCCGAGGTTGGAGACCGCCATCGAAAACAGGCCGAGGATAAACACCAGCGTACGGTAGGAGAACGGCAGGTACTGGGCAAAGAACTCCGCGCAGGCGCAGGTCAGGCCCACCGCCGTCACCAGACAGGCGATAAAGATCAGCGCCGCCAGCAGGAAGCTTCCCGCGCCGCCGAAGGTGTGCTGGACGTAAGCATGCAGAATCGCCGCGCCGTTAGCGGACTGCTCCACCAGCGTGCCGCTATCGGAACCTAAACGGAACAGCGCCAGGTACAGCAGCGTCAGGCCCACGCCGGCCATCAGGCCAGCCCAGACGGTGTAGCGGGTCAGCAGACGGGCTTCGCTCACCCCGCGAGAACGCGCGGCGTTGACAATCACGATACCAAAGACCATTGCCCCGAGGGTGTCCATGGTCAGATAGCCGTTGACGAAGCCGTTAGAGAACGGCGCGGTGCGGTAGGCTTCCATCGCGTGGCTCAGGGGACCGGCAGGCCAGACGATTGCCGCCACGGCGAGAATAATCAGGGCGATAATTTTCAGCGGCGCGAGGAAATTCCCCACGGTGTCCAGCAGCTTGCCCGGGTAGAGCGAAACGAGGATCACCAGCGCAAAATAGATAACGCTGTAAATCAGCAGCGGCAGCGGGCCGTCGCCGGTCAGCGGCGCAATCCCCACCTCAAAAGAGACGGTCGCGGTACGCGGGGTCGCGAACAGCGGCCCAACGGCCAGGTAGCAGACGACCGCCAGCAGGA
NZ_CP180088.1_gap106	4723984	4726926	2942	GTACCGCCACTCCAACGAGATAAACCCCGAGCCCCGTCACATTCCACGCCCGATATTTCCCGTTCGGATCGTTCAGCGCCTCCATGTCTATCGCCTGATGGTTGAAGAAATAGTAATCCACCAGGTTAATCGCGCTCCACGGTGTAAAGAAAGTCAACAGGAACAACAGGAAGGATTTAAAAGCCGACAGGAAAGAGTGTTGCCCGATAATCGCGATAGCGGTCGCCAGGGTAATAATCATCGCCAGCACCAGCAGACGTACCGACTGGCTTATGCGCACTCGCTGCTTCCCGCAGCTGTACACCGTCGCCAGGCACATCAGGCTGCCGTAGGCATTCAGGGTATTGATCGTCAGTTTACCAAACGCGATGCTCAGATATAACAGCGTGGCAATCGCGCCGGTGCCGCCCAGGCCGACGATATAGTCCACCTCATGACCGACCAGTTTTCCCTGCGAGAGAGCGGCAGCCAGCACCCCGACGGTCATGGCGATTTGCGCGCCAATCACCGAACCGCTCCCGACGGCGAAAAAGACCTTCCCGGGAGAGGTGCTGCGCGGCAGATAGCGGGAATAATCGGCAACATAGGGGCCAAAAGTGATCTGCCAGGAAGCCGCAAGGCCGGTGGCGGTTAAAAACGTACTCCAGCTAAAGGGTCGGATACTCAGCAGGTCGCCAATAGCCGGAAAGGAACTGATTTTCCACAGCAGGTAGATAAACGCGATAATCCCCACCAGGCTCGCCAGCTTACCCAACAGGTGGATCAATCGATAGCCGACATAGGCGATAACCAGCGTGGCGGCAGCAAAAAGCAGAATGCCGCTGGTTTCCGTAGTATGGAAAACCGCTGAGATCGCCTGGCCGGACAGCACCGCCCCGGTGGCGATAAAGCCAAGGTACATCAGGCAGACCAGCAGAATCGGCAGGCAGGCGCCGTAGACGCCGAACTGTACCCGGCTGCTGATCATCTGTGGTATCCCCAGCTGCGGCCCTTGCGCGGCATGCAATGCCATCACAATCCCGCCGGCAATCTGCCCCAGCATAAGACCGGCCAGCGACCAGAAAACATCCCCGCCGAATACAATAGTTAATGCGCCAGTGACCATGGCGGTAATTTGCAGGTTAGCCCCCAGCCACAGGGTGAACTGGCTAAAAATGCTACCGTGGCGTTCACCGTCAGGGATGGGTTCAATAGAACGTGTTTCGATGTATGTTGTGTTGTTATTCTTCATGGCAGCACTCCGGTGAGGCGAAGGGGATACATTGTCCCCTTCGCCGGAGAAATTAGTCCGCAATCATTGGCAAGTTGAGTCCTTGCTCTCTGGCGCATTCAATCGCGATGTCATAACCCGCATCCGCATGGCGCATCACACCGGTGGCCGGGTCGTTGCTCAGCACCCGGGCGATGCGCTCCGCCGCTTCATCGCTGCCGTCGCATACAATGACGACGCCGGAGTGCTGGGAGAAGCCCATCCCTACGCCGCCGCCATGGTGCAGGGAAACCCAGGTCGCGCCACTGGCGGTATTCAGCAGCGCGTTCAGCAACGGCCAGTCGGAGACCGCGTCGGAGCCGTCCTGCATCGCTTCCGTTTCGCGGTTAGGGCTGGCAACGGAGCCGGAGTCAAGATGATCGCGGCCGATCACGATCGGTGCCGACAGCTCGCCGCTGCGGACCATTTCGTTAAACGCCAGGCCCAGCCGGGCGCGCTGTCCCAGGCCGACCCAGCAGATCCGGGCCGGCAGCCCCTGGAAGCTGATGCGCTCTCTGGCCATATCCAGCCAGTGGTGGAGGTGTTCGTCATCGGGTATCAGCGCTTTAACTTTCGCGTCGGTGCGGTAGATATCCTGCGGATCGCCGGAAAGCGCCGCCCAGCGGAATGGGCCAATCCCCCGGCAGAACAGCGGACGAATATAGGCGGGAACAAAGCCTGGGAAGTCAAAAGCGTTTTCCACCCCCATCTCTTTCGCCATCTGGCGGATGTTGTTGCCGTAATCGAAGGTGGGAATGCCCTGCTGCCTGAAGGCGAGCATGGCTTTAACGTGTTCGGCCATTGAGGCTTTCGCCGCGTGGATCGTCTCCACCGGGTGGGACTGCGCGCGAGCGCGGTAGTCTTCCCAGCTCATGCCCAGCGGCAGATAACCGTTGAGGGGATCGTGTGCGCTGGTCTGGTCGGTCACCATATCCGGGCGCACGCCGCGTCTTACCAGCTCCGGTAAAATTTCCGCCGCGTTGCCATGCAGCGCGATGGATACCGCTTCTCCTTTTGCGGTATAGCGGGCGATGCGGGCCAGGGCGTCATCCAGATCGCTGGCCTGCTCATCGACATAGCGGGTACGCAGACGGAAGTCGATACGCGACTGCTGGCATTCAATATTCAGCGAACAGGCTCCCGCCAGGGTTGCGGCCAGCGGCTGAGCGCCGCCCATGCCCCCCAGACCCGCAGTCAGCACCCAGCGTCCGCGCAGGCTACCGTTATAGTGCTGGCGCCCGGCTTCCACAAACGTTTCGTAAGTGCCCTGAACAATGCCCTGGCTGCCGATGTAGATCCATGAGCCGGCCGTCATTTGCCCGTACATCGCCAGACCTTGTGCATCAAGCTCGTTGAAGTGCTCCCAGTTTGCCCAGTGCGGTACGAGGTTGGAGTTGGCGATCAGCACCCGCGGGGCGTTGTCGTGGGTTTTGAAAACCCCCACCGGTTTACCGGACTGGATCAACAGCGTTTCATCATCATTGAGCTGCTTCAGGGTCTCAACGATCTTGTCGTAGCATTCCCAGTTGCGGGCCGCCCGGCCAATACCGCCGTACACCACCAGCTCTTTTGGATTTTCGGCGACATCAGGATCCAGGTTGTTCATCAGCATGCGCAGCGGCGCCTCTGTGAACCAACTTTTTGCGTTCAGCTTAGTGCCTCGCGGGGCTCTGATTTCAACATCGCGAAAACG
NZ_CP180088.1_gap107	4729911	4732842	2931	GAAAAAACGTATTTTGACGCTGTGTTCAGCGCTGCTGCTGTCGGCGACCTCATCGGCCTGGGCCGCGCCGAAAGTCATTGTCGGTTCTGCAGACTTCCCGGAAAGCCAACTGCTGGGCACCATTTATGCGGGTGCGTTAGAAGCGCAAAACATCCCGGTGGAGAAAAAGCTGAACATCGGCAGCCGCGAAGTGTATATCCCGGCGCTGCTGGACGGCTCCATCACGCTGATCCCGGAATACAGCGGCGCGCTGTTGAGCTATCTGGATGCGAAAAATGCGGCACACGGTAGTGAGGACGTCGCCAGAGAGCTGGCCGCTAAGCTGCCGGAGAAAGTTAAAATGCTGCAGATCTCCCAGGCTCAGGATATCGACGTTCTGGCCGTGACGCAGAAAACCGCCGATAAATATAAACTGAAAACCATCGCCGATTTACAGCCTGTTGCCAGCCAGCTGGTGCTGGGCGGCCCGGCGGAATGGAAAACCCGCCATGAGGGGCTCTCCGGCCTGCGCGACGTGTACGGGCTGAACTTTAAGAGTTTTAAAGTGCTGGATGTCGGCGGGCCGCTGACGCTCAGCGCCATGAAAAATAACCAGGTCCAGGTCGCCGATCTGCTTTCAACCTCGCCAGCAATCAAAAAAGATCGCCTTGTCGTGCTGGAAGACACAAAACATCTGTTCGCGGCGCAAAATATTGTGCCAATCGTCGCCAGTGAAGCGCTGAATGACGCCGTGACCACCACGCTGAATAAAGTATCTGCTCAGCTAACGACTGAAGATCTGATCGACATGAACGAGAAAATTGCCGAATTTGTCAGCATCGACGATATCGCGCATCAGTGGCTGGTAAAACATGGATTTAGCCAATAAGGTCGCAGACATGACAACTCCTCTGAACGGCAGCATTACCCTCGGGCAGGCACCGGGTACTGTGGATGAGATAGTGCGGATTGCCGACGGCGCGCCGATCGCGCTGGAGAAGGCCGCGCTGGATAATATGGCGCGGGTCAGCAGCCGTATTCAGCGCGCCATTGAACAAGGCCAGGTAATCTACGGGCTGACGACCGGCGTCGGCGATCTGGTCACCACCCGGCTGTCCCCGGACAGGATGACGGATACTCAGCTGAATATGCTGCGCAGCCACGCCTGCGGAGTCGGTCCGGACCTGACGGTGCGTGAAGTGCGGGCCATGATGGCGGTGACGTTAAAATCCCTGCTGCAGGGATACAGCGGCGTCACCCCGGCGCTGGCGCAGCGTATCGCCGATATGTTGAACCGTCAGGTCACGCCGTGGTCACCCGCCGGCGGCTCCGTCGGTTATCTGATTGCCACAGCCCATATCGGCCTTGCGGTCTTCGGCGAAGGCAAATGCTGGTATCAGGGAGAACTGCTGCCGGCGCAACAGGCGCTGACGCGGGCGGGTATCCCGCCCTATGTTCCCGGCCCCAGAGAGGGTCACGCGTTGGTCGGCGGCACCTATGAGATCACCGCGCTGGGCTGCCTGGCCGTGGCGGATTTCCAGCGTCTGCTCCCCGTCGCCGATATGGCGGGCGGGATGTGCCTCGAGGCCATGCGGGGCAATACGCGCGGCTACGATGCCCGCCTGCACGCCCTGCGCCCTCATCCCGGACAGCAGGAAACCGCGCAAAACCTGCGCCGCCTGCTGAAAGGCAGCGAGATCCTGGCGCGTTATCGCGACCACCGGGTTCAGGACGCGCTTAGTTTACGCTGTATCCCCCAGATCCACGGCGCGGTGCGCGACCAGCTGGCCCACTGTCGGCAGATTATGACCATCGAACTCAATTCGGTGACCGATAACCCGCTGTTTCTGGTAGAAGAAGACAGGCTTATCGTGATGCCAGGGGGCAACGGTCACGGTGCGCCAACGGCGCTGGCGCTGGATGCGCTGGCCGTTGCCATTGCCCAGTTGAGCACCGCTTCCCAGGCCCGTTGCGACCGAATAACCAATACGCATCTCAGCGGGCTGCCGGCCTTTCTTATCTCGCCGGATTCGGGGTACTCCGGGATGATGATCCCACCCTACGTCGCCGCTGCGCTGGCGGGCGATAACCGCAGTCTGGCCGGCCCGGCCAGTATCCACACGGTATCCACCTGCGCCGGTCAGGAAGATCATGTCAGCATGGGGGTTGCCGCCGCACGTAAAGCGCTTAAGGCGGTAGAAAACGCCGTAGACATCGTCGCCATCGAACTGCTGTGCGCCTGTCAGGCGCTGGAGTTCCATCGCCCGCTGCGTGCCGCCGTGGGCAGCGAGGCGACGCTGGAGAGAGTGCGTCAGGCGGTGCCGTTCCGGGATAAAGATACGCTGCTCTACCCCGATATACATGCGCTACGCGCCCTGATTCATCAGGGCGAACTCAGCGCGATGCTGCAGGCATTGTGCGAAGAGGAGTGACAACAGGCGCCGCAGAAGGAGCCTGCGGCGTGATTAAAGGGGAATCAGCGTGATGCGGGCCAGACGCGCGCCCGGAGAGTCCTGGATAACCAGCGCCACCGCTTCATCCACCAGCAGGCTGTCGTAATGTTCCAGTAAATAGCGTTGGTCGCCGACGCTCACCCGCAACGCGGGCCCGGCATTAAACAATATCCGCAGTCCGCCCTGATGCGACCACGTCCCCGCCCCGCACCAGCTCACCGTAGCCCGCAGAGCGGCTTCCCGGTAAATCACATTAAAATCCAGCAGCGGGCCGCCGACAATCTCACAGGATACGCCGCTCGCGCCGTTAAACCCCAGCGCCTGGAAAGGCGTAATCAATGCGCTGCGCTGCCCATCGATTGTCAGGTACATCCCGCCGCCTTCCAGCACGCTGATATTGCGCAGGTAGCCGGGAAATGCGGAGAACGGACCAGGCTGGCGAATGGTCGCCAGGGAAATACGCCAGTCATATTCCCCCGCTTCCGGATAGCGGGCCACT
NZ_CP180088.1_gap108	4767294	4767993	699	GCGCGGTCTGCTTATCGTGATGGCGACCCTGATGGCGCTGGCGCTGTACATCATGTACCTGATAGTCAGCACCGCGCTCGACAAAACGGTGAACAGCATCAGCGAACTCAAAGCCAAAACGGGCCTTGATGCCAGCGGTGAGTTTCCGCTGTTGCCTCAGGCGAACAGCGCGAAGCTGACGTTCCAGAACCTGCTGTATGCCGATATGCTCCACAGCCTGCGCCTGGCGCTGCTCGGCCAGAATACTCATAGCGGGACGATACTGGTGACCTCGGCGCAGGCAGATGCCGGCAGCAGCCTGATTGCCGAAATGCTGGCGTGGTCCGCCGCTAAGTCAGGTAAAACGCTGCTCATTGATGTGGACTACCTGGCAAGCGATGGGCTCTCCGCGCGCTATCCGCAGCATAAAACGGGCTTTAGCGAGCGTCTTGATGGCCGCAGCGCCGCGCCTCAGGCGGTGGTCTTCCTGGCCGAGACGCTGGATTTTATGCCGCGAGGCGAACTCAGCGACTCAGCCCTGCTGCTGCTCACTTCTGAACGGCTCCCGGCGCTGCTGACGACGCTGCGGCAGACCTACGATTATCTGATTATTGATGCGCCATCGCTCGGGCTAGCCCAGGACGCCCTGCTGCTGGCGCCGCACGTCGATATCAGCCTGCTGGTGGTCAACGCAGGCGAGCAGGCGTCGCGCATCCGCGA
NZ_CP180088.1_gap109	4774830	4777621	2791	AATCCCCGCCTGGCTTATCAAAAAAGGCATTCAGGGACAATGGGTCGAAAATGGCAAAACCTTTGTGCCGGACCTCAGCGATCCGACCTTTATCGCCTATGCGCAAAAGCTGCTTAACGCCCTCGGCGCGCGTTATGACGGCAATCCGAACCTCGCGTTTGTCGATATCGGCATGGTGGGTTCGTGGGGGGAATGGCACAACTCCAATTTCACTGACGTTGCGCCGTTGCTGGAAAAGTACGCTCCGGAGCAGCTCAATCGCTACGTTGATATGCACTTCAGCAGCTTCCCGAAAACGCCCAAAATCATGTTAATCAGCGGCGGTAATTCGCTGGCCTGGGCCAGCCAAAAAGGCGCGGGGTGGCGCGCGGATTGCTGGGGAGACTGGCATAACTTTTCCGCAGCGTGGAGCCATATGCGCGATGATTATCCTCAACGCCTGGCCGCGGCGCAGACGGCGTGGTCCGGGTTTAATGATAGCTGGCAGCACGCCCCCGTTAGCCTGGAAATTTGCGGTTATATGGCGGAGTGGGAAAGCGTGCAGCACTACACCCGCGAAGAGGTCCAGGCAAGCTTCGACTGGGCATTAGCGCAGCACGCCAGTACCCTGAATCTGAAATCGCGTCCGGTGCCGGCAGCGTATCGCGATATCGTTGATAGCGCGTTATTGCGAATCGGCTACCGCTACCGGGTGGGTCAGCTGGAATGGGATACGCCCGTACGCAGCGGCATGCCGCTTACGCTAAACGTCACCTGGCGTAACGACGGCGTCGCGCCAGCCTATCTCCCGTACCTTGTGCAATGGCGGATAGTCAATGACGCCGGAACGACCGTTACGCAAATCAAAACGGCGGATGACGTTCGCCAGTGGCTGCCCGGCGATCATCACAGCAGCGCTACGCTGCCGCTGCCTGCCGGACTCCCGGGCGGCCAATATCGTCTGGAAGCGGCCCTGACCAATTATCAGGGCCAGCCGCGTATTCAACTCGCTAACGAAGGTAAAACCGGTGATGGATGGTATTCACTGGCTTCGTTTAACCTTAAGGAATAACCATGTTTGAGGCTATCAGGCTGGTCGCCCGGGAAATCAAATCCTGCGGCGGCATAAAAGCGAAAATCGCGGTTCTGCTTTATCGTCTGGCGACGCTCTATCGCAGCCGTAATCCTCTGTGGAAGATCTGCGGTATCCCCTTCGTTATTCTCAATATCGTGATTAACGAGTGTTTATTTTGCATTGAGCTGCCGTGGCGAGCGCGCATTGGCTATGGGCTGAAGCTGTATCATCCGCACTGCATCGTGATTAATCGGGGAACGGTCATCGGCCAGAACTGCACCCTGCGCCAGGGCGTCACGATTGGCAGCGTGACCGACAGTCAGGGCCGTGAGGGCGACAGCCCGCGCATCGGCGATAACGTCGAATTTGGCGCCCACGCCGTGGTGATTGGCGCGGTCACGCTGGGCGACAACGTCAAGGTTGGGGCAGGCACGGTGGTGACCAAAGATCTGGCCGCAGGAATGATTGCCGTCGGTCAACCCTGTCGGGTATTAAACGGTATTTAGCGCGGGTTTGCCTGGGAAGGAAACCCGCGCTGGTCGAAACGCGGGTTTTATTGCGAGCAGGATGACAGCCGCTGACCGGAACTCAGGCTCTCAGCTTAACCGGTTCGCTAAAATCATCGGCGGGCTCCAGCTTAAGACTGAACGTCGCCAGCAACGCTTCGGCTCGTTCGTGAAAACCACGTAGCGTCTTTTCAAGCTTTTCAGTGACTTCAGGATCGTCAATCGCGACCGGACGCCAGACGCCCTCTTTGTCGAACAATCCAAACTGATAGCTATAGGTGAAGCGCGATTCCTGCGCTTCCATCTCCATCCACCATCCCCAGAACTCGCGTTTTTCAGGCGCTGGTTTTACGTTGACGCAAACAGCCAGGCAATCGAAAAAGAAGCGGTTGTCTTCACATTGCTCCTCACGGATGTAAGGGCCAAGCGCCGTGAATTTCTTAATCAGCTTACTCTTCAGGTGTCCACTCGGTAACGTCATTGCGATCTCCTTTAGTGATGCCATGACGTTACCAAATCGATAGAATTTAGCAATATATTAACTAAATCTATGGCTAATCCAGCGGGCGATCTGCCGCAGCGCGTGATCGAAATTGCGATAGACCGGATTGAACGGGATCTCCAGCAGCTTGCCATCGGATGATGATGAAGTAATCAGCCGCGACTCCTCCTCCGGGCTGAACGGATCGTCTTTCCAGAAGCCTGAGAGCATCGGCGTGGGGCAGCGGCGCCCCAGCAGCCCCTGAACCTTCAGGGAATAGCGGTTAAGCTCAACGCGCAGCGCGTCGTCGGAAGCGTCATGCATCCCCAGCCGCGAAGCCAGAACGTCAAGATACATCTCCGGCACCCGCCCCTGATGCAGCGGGTCCACCAGCAGGCCGTGTACCACCGGCCCCAGGCAGGCCACCGCCTTCAGGCGCTGGGACTCAAGATAGCCCAGCCGCACGGCGATATTCGCGCCGAAACGGAAACCAAAGGCGGCCACGCGGGTATGATCGACCCAGGGCACATTAGCCAGATGCTGCAGCACATACTGGTGCAGCAGACTGGTATCCTGGGTCAGCTTGCATTTTGAGGAGAAACCGATGGAAGGCATATCCACGGTCAGCATAGCGATACCCAACGGCGCAAAATAGTTTTCATACAGGTTGTAATAGTCGGTCTGTAGCGCGTCAAGCCCGCCGCACATCAGTACCGTCGGGAACGGCCCATCGCCTGGCGGCATATGCAG
NZ_CP180088.1_gap110	4783688	4787000	3312	CTGGTCGAAAATATGCGAGCGCATCGGCGCCATCCCCGCTCCGCCGCCGATAAAGACCATCTCAGCGTCCGTTTCTTTGGCAAAAAATTCCCCAAACGGCCCGGAAATCGTCACTTTATCGCCCGGCTTCAGCGACCAGATATAGGAGGACATGATCCCCGGAGGCGCATCAGGTACCTGCGGCGGCGGCGTTGCAATACGCACGTTGAGCATGATGATACCCTTCTCTTCCGGATAGTTAGCCATGGAGTAGGCGCGTAGCGTTGGCTCTTTCACGTCAGAGACGTAGCGGAAAAGGTTAAATTTATCCCAGTCGCCGCGATACTCGTCCGGAACGTCAAAATCGGCATAGGCAACCTTGTGCGAGGGGCATTCGATCTGAATATACCCGCCGGCCCGGAACGGAACCGCGTCACCGTCCGGCACGCGCAGCTTCAGCTCCTTGATAAAAGTGGCTTTGTTATCGTTCGAGATAACTTCACACTCCCACTTCTTAACGCCAAAAATCTCCTCCGGCAGCTCAATTTTCATGTTCTGCTTCACCGCGACCTGGCAGGCCAGACGGCAGCCCTCTCTCGCCTCACGCTTGGTGATATGAGACAGTTCGGTAGGCAGAATATCACCGCCGCCCTCTTTCACCGTCACCCGGCACTGGCCGCAGGAGCCGCCGCCGCCGCAGGCGGATGAAACAAAGATACCGTTGCTGGAGAGCGTATTCAGCAGCTTGTCGCCGGCCGGAGTACGAATTTGTTTATCCGCTTCGTTATTGATTTCAATGACCACGTCGCCCGCATTCACTAATTTCGAACGCGCGGCCAGTATCAGCCCCGATAGTACCAGGACGATCAGCGTGAACATCACTACGCCAAGAATTATTTCCATACTTTCCGCCCTTATAGCTGCACACCGGAGAATGACATAAAGCCCAGCGCCATCAGACCCGTGGTAATAAAGGTGATCCCTAACCCGCGCAGACCCGCAGGCACGTTTGCGTATTTCATTTTTTCACGAATGCCCGCCATCGCCACAATTGCCAGCAGCCAGCCGATGCCGGAGCCAAAGCCGTAAACGATGGATTCGGTGAAGTTATAGTCACGCTGCACCATGAAGGAGACGCCGCCAAAGATCGCACAGTTGACGGCGATCAGCGGCAGGAAGATCCCCAGCGCGTTATAGAGCGTCGGGAAGTACTTATCGAGGATCATCTCCAGGATTTGCACCAGCGCGGCAATCACGCCAATAAAGGTGATAAAGTTCAGAAAGCTTAAGTCGACGCCTTCAACCAGCGCACCGTCGCGCAGCACCAGGTTATACACCAGATTATTGATCGGCACCGCCAGCCCAAGTACGACCGTTACCGCCACGCCGAGTCCGAAAGCGGTCGAGACCTTTTTCGATACCGCGAGGAAAGTACACATCCCAAGAAAGAAGGCCAGCGCCATATTTTCAACAAACACGGCGCGAACAAACAGGCTAATATAATGAGCCATAATCGGTTACTCCTTTTCCTGCTGTTCAGGCTTCCAGCTGCGCACCGCCCAAATCAACAAACCGATAATGAAGAACGCACTGGGCGCCAGAAGAAACAGACCATTTGGCTGGTACCAGCCGCCGTTCTGCACCGTTTCCAGCACGGTAATACCGAATAGCTTACCACTGCCGATCAGCTCTCTCAGGAAACCGACGATGATTAGGATCGCCCCGTATCCCAGACCGTTGCCAATACCGTCCATAAAGCTCGCCAACGGCGGTGACTTCATGGCATAGGCTTCGGCGCGCCCCATCACGATACAGTTAGTGATGATCAAACCGACGAAAACCGAAAGCTGTTTCGAGATCTCATAGGCAAACGCGCGTAGCACCTGATCGACGACGATAACCAACGAAGCGATAATCGCCATCTGTACAATGATGCGCACGCTATTCGGAATGTGGTGGCGAATCATGGAGATAAACATGCTGGAGAATGCCGTAACCAGCGTCACCGCAATGGTCATTACAAAAGCGGTCTCCAGCTTGGTGGTCACCGCCAGCGCGGAGCAGACGCCCAGAACCTGCAGAGTGATAGGGTTATTAGCGATAAGCGGCCCCACCAGCACGCGCTTCATTTCTTTCATGTCGCCCAAATCAGCCATTATTCAGCTCCCCTTCACGCACCTTTTGCAGGAATGGGCCAAAGCCCAGTTTGCCCATCCAGAAATCAAAGCTATGCTGCACGCCGTTTGACGTCAGCGTTGCGCCCGACAGGCCATCAACGGCGTGCAGGTCGCCAGGACGCGCGCCGCCTTTGACGATTCTCAGCGCAGGCATCCCTTTATCATCAAGCACTTGTTTACCGACGAACTGCTGGCGCCAGTTGGGATTTTCAATTTCCCCGCCCAGCCCCGGCGTTTCACCGTGATCGTAATAGGTGATCCCTTTGACCGTGCGGCCATCGGTTTCCAGCGCAACAAAAGCGTACATCACCGACCACAGGCCGTTACCGTAAATTGGCAGTACCACTTCCTGAATCTGCTGCTTTTCATCGCGCACCAGGTAAATTTCGGCAATATTACTGCGGCGTTTGATACCGGCAGGATCCTGACTCGCCTCCAGCTGTAGGCTCTGCTGAGGGTCTTTCAGGGCCTGAGCCTGATTAAACTTGCCCGGATCTTTATCCAGCAGCTCACCGCTGGCTAAATCGACTAAACGCGGAGAGATATGGGCCTTAAAAATGTCAGCCACTTCATCTGCGCTCATTCCCTGCTTCATCAGACCGGCAACCGCCAGGATATTGCGCTGTTTATCGAGAGCGCGCTGCTCCTGCTGGCGCGATTTTAGCCCCACGGCAGAACCGGCGACCACGATTGAGCAGACCAGACAAAGCACCAGCACCACCAGCAGCGTTTTGCCGATGCTATCGTTACTTTTATTCTCAGCCACGCGATTTCCTCCGCTTAATATTGGCCCGCACCACCAGGTAATCAAACAGCGGCGCGAAGAGGTTGGCGAAGAGGATCGCCAGCATCATCCCTTCCGGATAGGCCGGGTTGACCACGCGAATCAGGACGCACATCACGCCGATCAGCAGGCCATAGCTCCATTTACCTTTATCCGTAAACGACGCGGACACCGGGTCCGTCGCCATAAACATCATGCCGAAAGCAAAACCGCCGAGCACCAGATGCCAGTACCACGGCATGGCAAACATCGGGTTGGTATCAGAGCCTATAAAGTTAAACAGCGTCGCGGTGGCCACCATGCCGATGAAAACCCCTGCGACAATGCGCCACGAGGCCACGCGACCAAAAATGATGATGGCGCCGCCGATGA
NZ_CP180088.1_gap111	4789432	4792572	3140	ACCTGAATATTCGCTATAACGGAAAACTAAAACGTAAACGTGGCACGTCGTGCTTGCGAAAAAATGCCGTGATGCTAATGTGAGCGCTCTAAAACCAGAAAACTCTGATTTCGGGTCTCTCTTGCCGTCCTGGCAATGTGGTTATTTGTTTTATCAAGGAACAAGTAGTATGCGCAAAATCGCATTATTTATTGCGATGCTTCTGTTGCCGTGCGTTTCATTCGCAGGGCTACTTAGCAGTAACAGCTCGACAACGCCGATGAGCAAAGAGTATAAGCAGCAGCTCATGGGTTCGCCGGTCTACATTGAGATCTTCAAAGAAGAGCGCATGCTCGATCTTTACGTCAAGATGGGCGAAACCTACCAGCTTCTCGACAGCTACCGAATCTGTAACTACTCCGGCGGGCTCGGTCCAAAGCAGCGCCAGGGCGATTTCAAGAGCCCCGAAGGTTTCTATAACGTTTCCCGCAATCAGCTAAAACCCGACAGCCGTTTCTACAAAGCGATCAATATCGGTTTCCCGAACGCCTACGATCGCGCGCATGGCTATGAAGGAAAGTATCTGATGATTCACGGTGCCTGCGTATCCGTTGGCTGTTACGCCATGACCGATACCGGCATTGATGAAATCTTCCAGTTCGTCACCGGCGCGTTAGTCTTCGGCCAGCCCAACGTTCAGGTGAGCATTTATCCTTTCCGCATGACCGACGCCAACATGGCCCGTCACAAATTTTCCTACTTCGCGGATTTCTGGCAGCAGCTGAAACCCGGGTACGACTACTTCCGGCAGACGCATAAGCCGCCGGTGGTTTCGGTAGCCAATGGCCGCTACGTGGTGAGCAAACCGCTCAGCCACGAAGTTGTGCAGCCGCAGCTCGCGTCAAACTACTCGGTCCCCGAGGCAAAATAACGCCCACTCGCCTGGCATAATTTTATTCCAGGTTTCGTTGCCGGTAAGCGGCTGAGTGGCGATAACGGAGACCACATCATTCGGTGTGGTCTCGCGTTGAAAGTCAATTTCTACATCCTGATCCAGCAGCGTCGCTACGCCAAACGGCGCCCTTCGCGTAATCCAGTATAAATTCGTCGAGCAAAACGCCATCACGTAGCGCCCGTCGGAGAGCAGCATGTTAAACACGCCTTTTTCACGCAGCGCTCCGGCAAGCGTGGCGATAAATCTGAATACCTCAACCATATCGCCCGGCATTTCCGGATAGCGCTCGGTGATGCTATGCAGCAGCCAGCAGAAGGCCTTTTCGCTGTCGGTCTCCCCGATAGGATGCAGACTTCCCGTCTCGAGGCTCTCATACCCCTCCAGTTGACCGTTATGGGCGTAGGTCCAGTTGCGCCCCCATAGCTCCCGGGTAAAGGGGTGAGTGTTTTCCAGCGCAACGATACCCCGGTTGGCCTGGCGAATATGGGCGATGACCGAGCAGGACTTGATAGGATATTCCTGCACCAGCTTTGCTATGGGCGACTGGAAGCTAGGCTGCGGATCTTTAAATGTGCGACAGCCCTTACCTTCATAAAACGTAATGCCCCAGCCGTCTTTATGTGGCCCGGTTCCGCCACCGCGCTGCACCAGCCCGGTGAAACTGAAGCAAATATCTGTGGGCACATTCGCGCTCATCCCGAGCAATTCGCACATAGTTCACCTCATACCACTTACTGAAACATAAAAGGCGTAATTGGTGCAGCCAGTTTGGACACGGCCAGCGCGCAGAAACCGGAGCGTACTTCATGTACGTGAGGATCTTGAGCACTGCCCGGGTTCAAAATGGCTAACAAAATAGCCTTTTAAGCTTTAACCATCTCTTTTTCGATCAGCATAATCAGGATATGAATCACTTTAATATGGATTTCCTGAATACGGTCGGCGTAGCCAAAATGCGGTACGCGAATTTCTACATCCGCTGACCCCGCCATTTTACCGCCATCTTTCCCGGTCAGAGTAATCACTTTCATCCCCTGGGCGCGGGCGGCTTCAATCGCTTTGATAACATTACCTGAGTTACCGGAAGTAGAGATCCCCAGTAATACGTCGCCTGCACGACCCACTGATTCTACATAGCGAGAGAAAACATATTCATAGCCGAAATCATTGCTGACGCAAGAGAGATGGCTCACGTCGGAAATCGCAATGGCCGGATAGCCGGGGCGATTTTCACGATAGCGCCCGGTCAGTTCTTCCGCAAAATGCATCGCATCGCAGTGCGAACCGCCGTTACCGCAGGAAAGGACTTTGCCGCCAGCTTTAAAGCTATCCGCCAGCAGCACCGCAGCACGCTGAATCGCGTGAATGTTGGCTTCGTCCTGCAGAAAGTTAGCCAGCGTTTCAGCGGCTTCATTCAGTTCGTTACGAATAAGATCCTGGTACATGAGGATAATCCTTCAGTATTTGTGGGATAACCCAGGCAGTTTACCGGATAGCCGACGCAGCGAGAAGCAGCACGCGATGCAATCCCCTGTGCTTTTGATTTTATGTGCCGCATTTCCGTACAACAATGTGAGCAAGGTTGTAATTATTTTGTAAACACATTGCTAAAACAAATTACATCCACTACAACCATATCATCACAAGTGGTCAGACCTCCTACAAGACAGGGAGCATTTCTCTATGATGATTTTGAGTATTGTTGCAACCGTTGTTTTACTCGGTGCGCTCTTCTATCACCGAATCAATCTGCTGCTGAGCAGCGCGATTTTGCTTGTCTGGACCGCCGCGCTCGGCGCTGCGGGGCTGTGGAATATCTGGCTGCTGATTCCGCTGGCGATCGTTTTACTGCCGTTTAACCTTGCGCCGATGCGTAAATCCATGATTTCAGTCCCGGCGTTCCGCGCTTTCCGTAAGGTCATGCCGCCGATGTCGCGCACCGAGAAAGAAGCGATTGACGCTGGCACAACCTGGTGGGAAGGCGATCTGTTCCGCGGCAACCCGGACTGGCAGAAACTGCACAACTATCCGCAGCCGCGCCTCACCGCTGAAGAACAAGCCTTTATTGACGGCCCGGTCGAAGAAGCCTGCCGTATGGCGAACGACTTCGAAATTACCCACGAGATGGCCGATCTGCCGCCGGAGCTGTGGGCCTATCTGAAAGAGCATCGCTTCTTCGCGATGATCATTAAGAAAGAGTACGGCG
NZ_CP180088.1_gap112	4801051	4802451	1400	GGGACTGAATTCAACTAGTAGCGGGTTGTGGTCGGACGCGCGGGTCACCAGCACGGAAGCATCGTGCACGCTTAACCCCCGGTAGAACACAAAATCAAGCGGGCGGCCAAAAGTACGGCGGCGCTGATCGTCAGAGAAGCGGACTTCGCGCAGCGACATTTCACGCGCAAAGCGATACAAAGCGTTCATTCGCGGACGACTCCAGGCGTTAAAGTCACCCGCCATTATCACCGGCCCGCTGTGATGGGCAATCTGGTCGCCAATCGGCAGCAGCTGCTTGCTGTAGACATCCACGCCAAGACTAAAGTTGACCGCGTGGATATTTACCACCATCAGCAGCCGGGTATCCGGTAACGGGTAAACGGTGACCAACGCTGACTTTGCCAGCCGCAGGATAGGCTCGCGCTCGCGCAGTGGGCAGCAGTAAATGGGGTGGGCGGAAGCTAACGTCATCACGCCGGAAGGATGCTGCGGAAGCACCAGTGCCGGAACCTGGTCAGCGGCCAGATAATTGGAGGTGGCGAATTTCACTAACTCAGGCGTGGTTTGCGCTTCCTGTAATAACACCAGGTGCGCATCTTTACCAAAGTTGTTAAGAACTGATTTCCACTCGGCGCGCTGCTGCTTGAAGATGTTCCACACCAGTACGCGGATTTTTTCATCCGAACTTAACGGTACTCCCGCCGGAAAAGCCGGAGTCATGCCAGCAAACGACCCCGGAGGTAAGATTCTCTCCGCAGGCTGTCCGGCGACGTAGCGCATGGCATAGGTATTCTTTCGCAATTTAGGCATCAAACCTCGATAACAGGAAACCAGCCCGAGACTGCAGCTGGTCCTTCTGTTATAGGGATTTTTGTATACACTTTCAATGCAATTTGCCAGAAACCTTTATCCTTCTACGGAAAGAACCGTAGCACAGCGCTGAGGCTTATCGAGCCGGCCGCTAAGAACCACCAGCAACAGCGCGACCAGAACTATCAGCGCGCCAATCCAGGGCGTCTGATCCAGACCATAATGTTCTACCGTCTGCCCGCCAATCACCGATCCTAAGGCAATCCCGATGTTAAAGGCGGCAATATTCAGGCCTGAGGCAACGTCAACCGCGCCTGGAGTATACTGCTCCGCTTTCTGCACAACGTATACCTGCAGACCCGGAACGTTACCGAATGCGAAGATGCCCATCACCAGTACCGTCGCCAGCGCCGCATACTGAATGCTGGCCGTAAACTGAAAGATCAGCAGTAAAGCAACCAGGGCGGCAAAAATCAGCTTCAGCGCGGGCACGGCGCCATGCTTATCCGCCAGCTTTCCGCCCCATACGTTGCCCACCGCCACAGAAACACCGTAGCCCAGGAGGATCCAGCTAACGGCCGCCGGGCTAAATCCGGCAAGATCCTGCA
NZ_CP180088.1_gap113	4828505	4829868	1363	CGGCAGGATTTTCAGCCCCATCCGCCAGCACTCATCCACCAGGCCGACGACCTTCTCGGTGTTATCCATATCAGCGGTCATTACCGCCGCCATAAATTCAGCCGGATAGTGCGCCTTCAGCCACAGCGTCTGATAGGACACTAAAGCATAAGCGGCAGAGTGCGATTTGTTAAATCCATAACCGGCGAACTTCTCTACCAGATCAAAGATTTTAATTGCCAGTTCGCCGTCAACGCCGCGCTTTCTCGCCCCTTCTTCAAAGGTGCCGCGCTGCTTGGCCATCTCTTCCGGCTTTTTCTTACCCATCGCACGACGCAGCATATCCGCGCCGCCGAGGGTATAGCCGGAAAGCTCCTGGGCAATCTGCATGACCTGTTCCTGGTACAGGATAATGCCATAGGTTGGCTCCAGTACCGGTTTCAGGCATTCGTGCTGCCACTGTACGTCCGGATACGATATCTCTTCGCGACCGTGCTTACGGTCAATAAAGTTATCCACCATTCCCGACTGCAGCGGCCCCGGTCGGAACAGGGCCACCAGAGCGATCATATCTTCAAAGCAGTCAGGCTGCAGACGCTTGATCAGATCCTTCATACCGCGCGATTCAAGCTGGAAGACGGCGGTGGTTTCCGAACGCTGCAGCATGTCGAAGCTTTTTTTATCGTCCAGCGGGATAGCGGCGATATCCAGCGGCCCCTCGCCGTTCTTCTCGCGGCGGGCGTTGATCATCTCCAGCGCCCAGTTAATGATGGTGAGCGTACGCAGACCGAGGAAGTCGAACTTCACCAGCCCGGCATATTCAACGTCGTTCTTATCAAACTGGGTAACCGGATGCTGGCCCGCTTCATCGCAGTACAGCGGGGCAAAATCGGTTATTTTGGTGGGCGCAATCACCACCCCGCCCGCATGTTTACCGGCGTTACGGGTGACCCCTTCGAGCTTACGCGCCATGTCGATCAGCGCTTTAACCTCTTCGTCCGCCTCGTAAATCTCCGGCAGCTGCGGCTCGGCTTCAAACGCTTTCGCCAGCGTCATGCCCGGATCGGGCGGTACCAGCTTGGAGATGCGGTCCACAAAGCCGTACGGGTGGCCCAGCACGCGGCCAACGTCGCGAATAACCGCTTTCGCCGCCATGGTGCCGAAGGTAATAATCTGCGAGACCGCATCGCGACCGTACATGTCGGCGACGTGTTCAATCACCTGGTCGCGCTTCTCCATACAGAAGTCAACGTCGAAGTCGGGCATGGAGACACGTTCCGGGTTAAGGAAACGTTCGAACAGCAGGTCGAACTCCAGCGGATCGAGGTCGGTAATTTTCAGCGCATAGGCCACCAGCGATCCGGCGCCGGAACCACGTCCCGGC
NZ_CP180088.1_gap114	4845413	4846681	1268	TTTATACACGGTACTAAATAAGGGTATGCCTTATTATTCAGCTTCTACGAAGCTTTCTTCCGCCTGAGAAGCCAGATCCTGAGAACGGCCTTCACGAACGGTAGCAGCAACAGCGCTCAGGTACAGGCTAACTGCACGGATTGCGTCGTCGTTACCCGGGATAACGAAGTCAACGCCGTCCGGATCGGAGTTAGTATCAACGATAGCAAATACCGGAATACCCAGGTTGTTTGCTTCTTTGATTGCGATGTGCTCGTGGTCAGCGTCGATAACGAACAGCGCGTCCGGCAGGCCGCCCATGTCTTTGATACCGCCCAGGCTGTTTTCCAGCTTGTCCAGCTCACGAGTGCGCATCAGCGCTTCTTTCTTGGTCAGCTTGTCGAAAGTACCGTCCTGGGACTGAGTTTCCAGGTCTTTCAGACGTTTGATAGACTGACGAACGGTTTTCCAGTTAGTCAGCATACCGCCCAGCCAGCGATGGTTCACGAAGAACTGGTCGCAGCTGTTAGCAGCGTCTTTTACCGCTTCGCTTGCAGCGCGCTTAGTACCAACGAAAAGGATTTTGCCTTTGCGAGAAGAGATCTTGTTCAGTTCAGCCAGAGCTTCGTTGAACATCGGTACAGTTTTCTCAAGGTTGATGATGTGAACTTTGTTACGCGCGCCGAAGATGAAAGGCTTCATTTTCGGGTTCCAGTAACGGGTCTGGTGACCAAAGTGAACACCAGCCTTGAGCATGTCGCGCATGGAAACAGTTGCCATGTTTAAAACCTCTATAGATAAAAGTTGGGGTTATGCCTCCACGTATCCCATATTACCGACCCCAAAGGGCACCCCGGAATATGTGCCGATACGTGTGTGTTGTTACACAAAGTGAGATTTGTCGCTTCAGTCCATCTTGTGTATCTGAGAATGGAACAGAAGTCCGGCGCGCTTTATACCACAAAACAGGAGCAGACACCAACTGTTGTTGACGTCGCGTGCTGCTAATGATTCTCAATTTGGCAGCAGGACGCCCGGACTGTTAACATTGTTCAGACATAATCTATTATTGTCGAAAAAATCGACACTGCTGGACACAATCCATGGCTATTTCTATCAAGACATCTGAAGACATCGAAAAAATGCGCGTTGCCGGCCGCCTGGCCGCTGAAGTGCTGGAAATGATCGAACCCTACGTAAAACCGGGCGTCAGCACCGGCGAACTGGATCGCATCTGCAACGATTATATTGTTAACGAACAAAAAGCCGTATCCGCCTGCCTGGGCTAC
NZ_CP180088.1_gap115	4855853	4860391	4538	GATGCCAGCCAGCCATGTAACCCTCCCGTGAGCAGGCTACCAGCATAAAAGAGTTGGCAACACGCCGCATTGTGCATTTGCACAAAGCCGGGCTAAGAAATATGGAGTTGTGGAAGATATCACAGAACGAAAAATGGAAGGGGCGGCAGAAATAAAAAAGCCCCTCTCCTCCGCAAGGAGAAAAGGGGCTTTGCGAACCGTCAGGGATTACTGCATCAGCAGATAAATCGACGTATCACCGCGCTGGATATTCAGCGCCAGAACCGACGGTTTGGCATCAAAAATTTTGCGCAGGTCGGCAATATTTTTCACCGGCTGCTGGTTCGCGCCAACGATAATATCGCCTTTCTTCAGGCCAATCTGCGCCGCCGGCGTTCCCGCTTTCACGTTACTCACCACGACGCCTTTATCCTGACCTTTGTTGCTCATTTCCGCACCTTCAATACCGTTGAAGATGGTGCTGGAGTCAACCTGGTTCTGATTGCTCTGCTGCAGCTCAACGGTCACCGTCACCGGCTTGCCGTCACGCAGCAGGCCAAGCTCGACTTTGCTGCCGATCGGCATGGTACCCACCTGGGCACGCAGCGCGGCAAAGCTGCTGATCGATTTACCGTTCAGCGTGGTAATCACGTCGCCGGCTTTAATCCCCGCCTTAGCGGCCGCCGAGTTCGGCATCACCTGGCTGACGAACGCGCCGCGCTGAGCGTCAACTTTCATCGCTTTCGCCAGTTCGGAATTCAGCTCGGTCCCCATGATGCCCAGCTCACCGCGCTTAACCTGGCCAAATTTGACCATCTGATCGGTCAGGTTTTTCACCATGTTGCTCGGAATAGCGAAGCCGATACCAATGTTGCCGCCGTCCGGCGCCAGAATCGCGGTGTTGATACCGATCAGCTCGCCGTTCAGGTTAACCAGCGCGCCGCCGGAGTTACCGCGGTTGATCGCCGCATCGGTCTGGATAAAGTTTTCATAGTTTTCAACGTTCAGGCCGCTACGGCCCAGGGCGGAAACGATCCCCGAGGTCACGGTTTCGCCCAGGCCAAACGGGTTACCGATCGCCACGGTGTAATCGCCGACGCGCAGGGCGTCAGAGTCCGCCAGCTTAATCGCGCTCAGGTTTTTCGGATCCTGGATTTGAATCAGCGCAATATCAGAACGCGGGTCTTTGCCGACCACTTTCGCGTCGAACTTGCGGCCATCGCTGAGCTGGACTTTGATAGTAGTCGCGTTATCCACGACGTGGTTGTTAGTCACGACATAGCCTTTAGCGGCATCAATAATCACCCCGGAACCGAGGGCCATAAATTTCTGCTGCTGGCCGCCGTCGCTACCCGGCGCGCCGCCCTGCCCGCCGCCCTGACAGAACGGAGAGCTCTGGAACGGAGAACCATCCTGACAGAACGGCGAATTGTCGCCAAAGAACTGCTGGAAGTTACGCGGCATCCGCGGCGTATTAACGGTGGTGCTCCCCTCAACGTTAATGCTCACGACCGACGGCATCACTTTTTCCAGCATCGGCGCCAGGCTTGGCATCTGCTGCGCATTAGTCGCCGAAGAAGCTGTTTCCGCCGCGCTCGCAGAGAGAGGGGACAACGCCAGACCTAAACTCAGAGCCAGGGCACTCATTGCTAACGTGGTTTTTTTCATAGGTTTCAATCTCAATTTCAGATAACGAATAGTTGCTGTGTTGGTGACTATCAGAGTCATTTTATAGCGCGAAGTTCCGGAATGAAGTTTTGGTAAAAGTAAAAATTTATTGTCCGTCTTTACAAAACTCACCCTTATTCTACGGCCATCAATCGTCGATATTCATCCCATGCATACAAGTCGGTCATTCCGCTGATATAGTCCTGAATGAGACGACAGCGATAATAATATTCCATCACTGGAAACTCCGGATTATTGCGCGAAATCTTATTTACGGCTTCTATGTAAGCTAACCGATGACGAGTTGAAAGTTTCTGAAAAAGACGTGATGCAATCGGTAAACTTCGCACCCGCTCTTTTTCCACCAGCAAACTGAACTCATCCAGCGATAATTTTAACAGCGGCTGGTATATATCTAACAGACCGCTGATCACGCGGTAGCCCTGCAGCTCCAGCTGCTCGACATCAGGATGGCTAAACACATGTTTTACCGCAACATTTTTGTATAGTTCAAGCAGCTGACTGCAATCGCTATCGTCCTCAAGCAGCGCGTGATTAAAATCGCCGCTAAAAATCTTCGCCAGGTTATCAATAAACCGCCGCGCCGCGTACGGTACCAGTCTATTGAGCGTATTAACCCGTAAATACATAAAAAACTGATCTTCAGTACTCCGGCTCAGAGAATTCGCACGCGATTTCTCCCAGGCGTTTTCGACAACCTGATTAAACAAGGAGCCTTTTTCGTGAACGCCCCAGGCTTCATAGAGATGCTGATAAAGCTGCTCTACGCTGAAGATGCGTTTTTCTACCGCATCTTCAAGGTCGGCGACGCAATATGAGATATCATCCGCGGCTTCCATAATCCACGTTAATGGGAAGCGATTGTAAGGAGCCAGATCCAGTTCTTTACGCAACCTCGCAACATAGCCCTCTTCGGCTAAATAATAACCAGGTTTTTTCATTAAATAATTGTGGCTGGCCGGCGCTTCCCCGCGCCACCATGCCGGACGCGTATATTTTAGAATACAGCCCACCTGCGCCCAGGTGAGATTCATGCGCATCAGCGTATGCACTAAGCGAATACCCTGCGCATTGCCTTCAAACCAGCATAAGTCCTGGCGAACCTTACGCCGCAGCTCATTCAGCTGGCTATCGCCTTCCTGCAGGCGCAGCGCCGCAACCACGCAGCGATCGTCGGTTAACGGCTGGCTGGCCGCATCGCCGGGGAAGAGCCGCTGGCTGAACCAATCATTAATTGCCGCCTCGCCAAAATGGCCAAATGGCGGATTGCCGATATCGTGCATCAGGCAGGCCATTTCAACAATGCTCTCGAACGGCCCGGTAAGCTCATCCAGCCCGTAGCTTTCCAGCAGCTTCTGCTCTTTCAGACGACTCAGCACCTCTTTGGCGATGTAGCGGCCCACCTGCTGAACTTCCAGAGAGTGGGTCAGCCGCGTACGCACCGCGGCATTGCGCTCCAGCGGGAAAACCTGGGTTTTTTGCTGCAGCCGGCGGATCGCCGGCGAGTTGATGATGCGTCCGCGATCGCTTTCGAAAATTCGCAGGATTTCACGCTCCGTCTCAACGCCCTGCGGTGAACGGTAGCGGCGACGCCAGTTAATCTTGTTGCGAAAATCGATCTTAGCCATGATCTCCCCCGAGCGAGCAATAACGTTTCCTTCTAAGCGCATGATAGACTATGCCGCTAAAACCCACACATCGCGAGTAAATCTATGAAAATCGGTATTATTGGCGCAATGGAAGAAGAAGTTACCCTTCTGCGCGACAAAATCGACAACCGCCAGACCATCACTATCGGCGGCAGCGAAATCTACACCGGCCAGCTGCAGGGCGTTGATGTCGCTTTGTTGAAATCGGGCATTGGCAAAGTCGCCGCCGCCATGGGCGCCACTCTGCTGATGGAGCACTGCAAGCCGGATGTGATTATTAACACCGGTTCTGCGGGCGGCCTCGCGTCGACCCTGAAGGTTGGCGATATCGTCGTCTCCGACGAAACGCGCTATCACGACGCGGACGTCACCGCGTTTGGCTATGAGTATGGCCAGCTGCCGGGCTGCCCTGCCGGTTTCAAAGCCGATGATAAGCTGATTGCCGCCGCAGAGACCTGCATCAGCGCGCTGAATCTTAACGCGGTTCGCGGACTCATTGTCAGCGGCGATGCATTCATCAACGGTTCCATTGGTCTCGCCAAAATCCGCCACAACTTCCCGCAGGCCGTCGCGGTAGAAATGGAAGCCACCGCCATCGCGCACGTCTGCCACAACTATGGCGTACCGTTTGTTGTCGTTCGCGCCATCTCCGATGTTGCCGATCAGCAGTCGCATCTGAGCTTCGACGAGTTTCTCGCCGTTGCCGCGAAGCAATCCACCCTGATGGTGGAAAACCTGGTGCAGCACCTGGCTCGTGGCTAAGTCGCTCAACGCGGCGCTTGCCGTCCTGATGCTGCTTGCCCCGGCGTGGCTTTTCGCCGCGCCGCGGGTGATTACGCTCTCTCCCGCCAATACTGAACTGGCGTTTGCCGCCGGTATTACGCCGGTTGGCGTCAGCAGCTATTCCGATTATCCCCCGGAAGCCGCAAAGATAGAGCAGGTCTCCAGCTGGCAGGGGATGAATCTGGAACGCATCGTCGCCCTTAAGCCCGACCTGGTGCTGGCGTGGCGCGGCGGTAACGCTGAACGCCAGGTGAATCAGCTAAGCTCGCTCGGGATAAAAGTCATCTGGGTCGAAACATCGACTATCGAAGAGATTATCGCAACGCTTCGCCAGCTGGCGCAGTGGAGCCCGCAGCCGGAAAAGGCGCGGCAGGCGGCGCAGAAAATGCAGGACGCCTACCAGGCCTTAAAAACCCGCTACGCGAGCGGGCCGAAAAA
NZ_CP180088.1_gap116	4863126	4865757	2631	TCCAGCGCGCCTTCAATTTCCGGGATCCCGGAGCCGCCTGCTTCCGGCGCAAAACGACGGACGAGAAAATAGCCCACCATCGCCAGCAAAGCGGAGAGGATAAAGGCCAGCGGCCAGACCAGAAACCAGTGGTCCGCCACCTCTACCAGCGCGCCTATGCGCAGGTTCTGCACCCAGTTGACGCTTTTTTCAAACGCGACGCCGATCAGCCCCGCCAGCGTGCCGACAACGGCCGCCATTAATAACACCGCCAGCGGCGTTTTATCACGCTGAATCAACCGACGCACGGCATCGCTGCGGCGAACGCGTACGAACTGATGTGCTGAAGAAGAGGGGTTTTCTGCTTTCATGCCATTATCAATAATAAGTAATACAAATAGAAAGAAGGTCATTCTAGCCAACCGGACAGACTCCGTCGTCAAAAAAATGCGCCGTGACCCCATTGTTTCAATTGGGCAAAACTTTCATAACCTTCCTGGAATAACTTAGAATAGTCGACAAAACATTTTTCACGAACCAGGACCCTGGCAATGAGCAAATCTGAAAATCTGTATAACGCTGCGCGTGAACTTATTCCCGGCGGCGTGAACTCTCCGGTACGTGCGTTCACCGGCGTCGGCGGTACGCCGCTGTTTATCGAGCGCGCCGACGGCGCTTACCTTTACGATGTTGATGGTAAAGCGTATATCGATTATGTCGGCTCCTGGGGCCCAATGGTGCTGGGTCATAACCATCCGGCCATCCGCAACGCGGTCATTGAAGCCGCCGAACGCGGCCTGAGCTTTGGCGCGCCGACGGAGATGGAAGTTAAAATGGCGGCGCTGGTCACCGAGCTGGTCCCGACCATGGATATGGTCCGCATGGTGAACTCCGGTACCGAAGCCACCATGAGCGCCATTCGCCTGGCCCGCGGCTTTACCGGCCGCGACAAAATTATCAAGTTCGAAGGCTGCTACCACGGCCACGCAGACTGCCTGCTGGTAAAAGCCGGCTCAGGCGCGCTGACGCTCGGCCAGCCGAACTCGCCGGGCGTGCCGGCGGATTTCGCCAAACACACCCTGACCTGTACCTATAACGATCTGTCCTCGGTTCGCGCCGCGTTCGAACAGTATCCGCAGGATATCGCCTGCATCATCGTTGAGCCTGTGGCCGGTAATATGAACTGCATCCCGCCGCAGCCGGAGTTTCTGCCGGGCCTGCGCGCGCTGTGCGACGAGTTCGGCGCGCTGCTGATTATCGATGAAGTCATGACCGGCTTCCGCGTGGCGCTGGCCGGCGCGCAGGATTACTACGGCGTTGTGCCGGATCTGACCTGCCTTGGCAAAATCATCGGCGGCGGTATGCCGGTTGGCGCATTCGGCGGTCGTCGTGAGGTGATGGATGCCCTGGCGCCGACCGGCCCGGTTTACCAGGCAGGCACCCTCTCCGGCAACCCCATCGCGATGGCGGCAGGTTTCGCTTGCCTGACCGAAGTGGCGCAGCCCGGCGTGCACGAGACGCTAACCGAGCTCACTAACCAGCTGGCCCAGGGTCTGCTGGACGCCGCGCGCGATGCCGGTATTCCGCTGGTGGTGAATAACGTCGGCGGCATGTTCGGCATTTTCTTTACCGACGCGCCAACCGTGACCTGCTACCAGGACGTGGTCAAATGCGATGTCGAGCGGTTTAAACGCTTCTTCCACCTGATGCTGGAAGAGGGCGTCTACCTGGCGCCGTCGGCGTTTGAAGCGGGCTTTATGTCCATCGCCCATAGCGAAGAAGATATCGACAACACCGTCGCCGCCGCGCGTAACGCCTTCGCTAAGCTGTAACCTCAACGCCGGGGCCCCCCTGCCCCGGCAATACGCATCTTGTTTAAAAGCATCATTTTGCGTCGGCCCACGCATAACAAGATGCAAACGCGATCGCCTCGAAAGATTGTCATCATCCCGCCTCGTAGAACCCAAAATCGTCGGCAGACAATGGGCAGGCAAAAGCAGATTCTCAGCGGAAACTCAGCCGCAAGGATTGCTCAGAATGACAACACAATCGTCCCCTACACCGCATGACGCCATTTTTAAACAGCTACTGGCCCATATCGATACCGCCAGAGACTTTATTGATATCCATCTTCCGGCAGACCTGCGCTCGCTGTGCGATCTCAACACGCTTCAGCTGGAATCAGGTAGTTTTATTGAAGAAGATCTGCGGGCTTACTATTCCGACGTGCTGTACTCATTGGAAATCAATAATAAGACGGGCTATATCCATGTGCTTATTGAGCATCAAAGCTCACCGGACAAGCAGATGCCGTTTCGTCTCATGCGCTATAGCGTCGCCGCCATGCAGCGCCATCTGGAAGCGGGAAATACACATCTCCCGTTGGTTGTTCCCATTTTGTTTTATCAGGGCAAAACCTCGCCCTACCCCTTCTCAATGAACTGGTACAGTATGTTCGACTTGCCGGAGTGGGCAAAAATAATCTACAACCGCCCTTTTCCGCTGGTCGATATCACGGTGATACCTGATAACGCGATTATGCAGCATCGGCGTATTGCGATCCTGGAGCTCCTGCAAAAGCATATTCGCCAGCGGGATCTCATGTTGCTGCTCGAGCAATTGGGGATTCTGCTTAACGCGGGATACACTACC
NZ_CP180088.1_gap117	4871504	4875570	4066	CTTCTTTTAGCGGCTCCGTTGTAGGACGTTTGCTGACCATATTCAGCAAACCACCCGGGCTGCTCTTTCCGTAAAGTACGGAAATCGGACCGCGCATGACTTCCGCACGCTCCAGCATATAGGGATCAATCACCGCATCATTATAGAAGTTACCCTGCATTTTCAGGCCATTCAGAAAGTTGTTCTGGCTTTGGCCATCAGCAGCGAAACCGCGGATGATCAGATAGTCATAAGTATTAGAGGCACCACGCGTTCCCACGGCAACGCCAGGCGTATAGCTCAGTGCTTCTTTAACGGACTTCGGTTGATGTAGCGCCATCTCCTCGGCGGTCACCACGGAAATAGACTGCGGCACCTTTTGAATAGGAGTATCTGTTTTGGTACCGGTGGCCGATTGTCGCGCCGCGATGGTCGCTGCCGGTCCCCAGGCGCTCTCCTGCGGGGCCGGAGCGGCGGTGACGGTAATGGTTTCTTCTTTCGGTTCAACTGCCGCCTGTGCATAAACAGACATGCCGCTAACCGCCGTGGCTACTACAACTGCGATTTTACGCAGCGAGTGATTTGGCTGAGCAGTTTTAAGACGCGCCATGGGTATATCTCTAATAGAAGTGAATGATAACGTAAACGAGAATTATTATTATAACGAGTGACATAATAGGCGAAACGCGCGCGGCAAGGCAAGAAATATGCCCCCTGTGAGCGATCAAAGGATGAATAAATAACCAGACGGTAAGTGTGGGGTTAAACGGCTGTTAATTAAATGACAGAGATAAAAAGGCCCTCTACTACCGGAGTAGTAGAGGGCCTATATTTCCGCCTCCATTCAACCGACAAAGCGCCGGTTTACAGGATGCAACGGCGGGTTAATTGCTGCCGAACATATCCTTAATCCAGCCCGCTACGCCATCGCTCTTCTCCTGCTTCGGCGGTTGCTGCTGCTGATTTTGCTGCTGCGGCTGCTGCCCGGACTGATTGAACGGGTTATTCGCCTGCTGCTGCTCAAGCTGCTGCTGTTGGATCTGTTCGCCCTGGCGGCACAGCGCGTCCGGCGAGGTCGTCCATACCGGCAGCGAGCGCATGCCGCCGCTGCAGACAAAGTTACCGCTGCCATCGACGCCCATATCCACCACGTCTTCAGGCGGAGTCAGCACCAGCGGCGTCGGCGTCTGGTTAGCCAGGTAGCGCTGATAAATTGACATCGCGCCGCTGGCGCCGTACAGCTTGGTCGGCTGGTTATTATCGCGACCCACCCAGGTAATGGTCACCTGACCGCCGTCAATACCGGCAAACCAGGTATCAACGTTGTTGTTGGTGGTCCCGGTTTTACCCGCCAGATGCAGGCCCGGATACTTCGCGCCCAGCTGGCGACCGGTACCGCGCTGCACCACCTGCTGCATGGTCCATAGCGTCATATACGCCGCCTGCGCCGGCACCGCGCGTTCCGCCTGCGGATAGCTCTGATAGAGCACGGTACCATCTTCAGCGATAACGGAACGCAGCGCGGACAGCGGTGCGCGGTTACCCCCGCTGGCAATGGTCTGGAACGCCTGCGCCACTTCAATCGGCGTCAGGTTCAGCGCCCCCAGCAGCATAGACGGCACGGCGTTCAGCTGATTCTTCGGCGCGCCCAGCTTAGTCCAGGTATCGACCACCGCCGGCAGACCCAGCGCCATCCCAAGGTTCACCGTCGGCACGTTCATTGAACGCGTCAGCGCGTCAACCAGCATCACTTTACCGCTATCGCTGTAGCGACGATCGTCGTTCTGCGGCGACCACGTCTGGCCGTTGGACAGGCGAATCGAGATAGGCGCATCGGCAATCCAGGTATTGAGACGATACTGGTTCGGCTGGCTTAGCGCGGTCAGATAGGTCGCCGGTTTTGCCAGTGAACCAATTGAACGACGCGCCTGCATCGCGCGGTTATAGCCGGCAAACTGCGGCTCCGCGCCGCCGACCATCGCCCGCACCTCGCCGGTGAAGCGGTCGACCACCACCATCGCGGTTTCCAGATCCGGCAGCTTACGCTGTTTCTTCAGCGCCGGAATACCTTCCGTCGCCGCTTTTTCCGCCGCGTCCTGCGCGACCGAGTCGAAGGTGGTAAAGATCTTCACGCCGGAGAGATCTTTCACTTTGTCGCCCAGTTTCGCCTGCAGCTCCTGGCGTACCATCTGCATAAACGCCGGCTGCGGAGAGATCACCCCGCCGCGCGGCTGTACGCCCAGCGGACGCGCGCTGAGCATGTCATACAGCTCCTGATCGATAACCTGCTGCTGCTGCAGCAGACGCAGCACGAGATTGCGTCGCTCCAGCGCCAGCTTCGGGTTACGCCACGGGTTGTAGACCGACGCGCCTTTTACCATCCCCACCAGCAGCGCCTGCTGATCGAGGCTCAGCTCTTCCACCGGACGACCAAAGTAATAGAGGCTCGCCAGCGGGAAGCCGCGGATCTCGTTATCGCCGCTCTGACCGAGGTACACCTCGTTCATGTACAGCTCAAGGATACGATCCTTGCTGTAGCGGGCATCGACGATCAGCGCCATATAGGCTTCGTTAATCTTGCGCCAGTACGAACGTTCGCTGGAGAGGAACAGGTTCTTCACCAGCTGCTGGGTCAGCGTACTCGCGCCCTGCACCGTACGCCCGGCGGTCAGGTTCGCCAGCACCGCGCGGCCAATCGAGTAGAGGCTGATGCCGTCGTGTTCGTAGAAATGGCGGTCTTCCGTCGCCAGCAGGGTATCGACCAGCAGATCCGGGAAGCCGTTGCGCTTAACAAACAGACGCTGTTCGCCGTTGGCCGATTGCAGCATGGTGATCAGGCGCGGATCGAGACGGAAGAAACCGAACTGGCGGTTGTTATCCATATTCTCGATAGTGTCCAGACGATCGCCATTAAAGGTCAGACGCGCGCGCACCTGCCCTTCTTTACTGTCCGGGAAATCGAACGGACGGCGGATCATCTCGATACTGTTGGCCTGTACCGTGTATTCGCCCGGGCGCGTCATCGCGCTCACCTGACGATACTGCGTGGCGTTGAGCAGGCGCACCATTTCGTTTTTGCTGATCTGCATATCCGGCTCAAGGTTGACCATCCGGCCATAAACCGCCGCGGGCAGATCCCAGACTTTACCGTCGATGCGGCTGCGGATTTTCTGATCGAGGTAGACGCCATAGGCGGCAATCAACACCGCGCAGACGACCCCAATCTTAATCAGCAGCCATAGCCAGGCGCGTTTACGACGAGGGGGTTTACCGCCTTTGCCTTTTCCTTTCCGCGGCATCGGTTTTTCATCCTCATAGTCATCATCATCGTAATCGTCGTCGTAGTCCTCTTCCCGGACCCGACGGCGAGTTACCTTTTGTTTTGCCGGGCGCGAGGGTCTCCCCTTACGTCCGATCGGCTCGCGGTCATCTCCCGCCATGCTTTTTCTCCGCAACTTACAGGCGTAAAGGCCTGATTCTCAATGTTTCCCCGATTGGGGGAAAGAAGAAATCTCTCAAATTGACGCCCGACCGTTTTGGCTTTCAGGCGACCATTTATGAACTGCGCGACGCGTTATCATGTCGCTCGCATGATTTTCACTTTAAAAATTCACCATACAAATCACATTGTTACCGGCTTCATCGACAGAATAGTTCGGGACACGGTACTTGTTGTCCAGGCGATACAGGATAGCACTAAACCGCGACATTCTTAACCAGCATTTTACATGCTCATCAGGTAACAAAAGGGAAATTATTATGTTTTTTAACAACATAAACATGTCCGTCCGTATCCTTCTACATGCCGCCAAAAGAAAGCGGAACGGCAACGCCGGAAAATAGTATTTCCGCCATAAAAGAAAAATCATGCAGGTGAAAGAAAAACAAATTTAAAAGACGACAATGATAAAAAAGCGAGCCGCTTAACATTGATAATTTGGCAGATTTTCTGATGACTGCGGACAAATATTTGTTAAACTGTCAGCCAATTAATTTTTCCGATTAATATATTATGCGCAACTTTATTCTATTCCCGCTTATGGCGGTCGCCCTGCTCTCAGGCTGTCAGCAAAATCGTTCGACAACC
NZ_CP180088.1_gap118	4883883	4886054	2171	CGCCAGGACCCTGACGTGGTGCTGGTGGGCGAAATTCGCGACGGCGAAACGGCGCAGATCGCCGTTCAGGCTTCGCTAACCGGTCATCTGGTGCTCTCAACGCTGCACACCAACAGCGCGCTGGGCGCCATCTCGCGCCTGCAGGATATGGGCGTGGAGCCTTTTCTGCTCTCCACCTCGCTGCTGGCGGTGATGTCGCAGCGGCTGGTGCGCCGGCTCTGCCCGCACTGTCGCCAGCAGGAACCGGCCAATGCCGACACCGCCCGCCAGATGGAGATCGCTCCCGGCACGGCGCTCTGGCAGCCCCGGGGCTGCGCCGAGTGCGGCTTTACCGGCTATCGCGGACGTACCGGCATTCACGAACTGCTGCTGGTGGACGATCGCGTGCGTATGGCAATCCACCGCGGCGAAAACGAGGTGACGCTGATCCAGCAGCTGGGGGCGGACTATATCACCCTGCGCCACGCCGGACGGGACAAGGCGCTGGCGGGGATCACCAGCTGGCAAGAGGTGCTGCGGGTTAGCGAACAGCAGATCGCGGAGGCCTCCTGACATGGCGCTTTTTCGCTATCAGGCCGTTGATGAAAACGGTAAAACCCGCCGCGGTGTCCAGCAGGCGGACTCCGCCCGCCACGCTCGCCAGCTGCTGCGGGAAAAGGGCTGGCTGGCGCTGGACATCTCCCCGGCAGCCGGCAGCGGTGGGCAACTGCGCTTTATCCGCCGCACCAACGCCCGCGATCTCGCCCTCGTTACCCGCCAGCTGGCGACGCTGGTCGCCGCCGCCATCCCGCTGGAAAAAGCGCTCGACGCGGTGGCCCAGCAGTGTGAAAAAAACCAGCTGAAAACCCTGATTGCCGGCGTGCGCGGCAAAGTGCTGGAAGGCCATTCGCTGGCGGAGGCGATGCGCGGCTACCCGGGCTGCTTCGACGCGCTCTACTGCGCGATGGTCGCCGCCGGAGAAGCCTCCGGCCACCTCGACGGCGTGCTGAACCGGCTGGCGGACTATACCGAACAGCGCCAGCAGCTGCGCGCCCGGCTGCTGCAGGCGATGATTTACCCCATCGTGCTGACCCTGGTGGCGGTCAGCGTGATCGTCATTCTGCTGTCGACGGTGGTGCCGAAGGTTGTCGAGCAGTTTATCCACCTTAAGCAGGCGCTGCCGTTTTCCACCCGCCTGCTGATGGCGATGAGCGATGTGCTGCGCGCCGCCGGTCCGTGGCTGCTGCTGGCCGCCATGCTCATCGCTCTGCTGCTGCGCTACCTGCTGCGGCAGCCGGCAAAGCGGCTGGCCTGGCACAGGCTGCTGCTGCGCCTGCCGCTGATTGGCCGGGTCGCGCGCAGCGTTAACAGCGCCCGCTACGCCCGCACCCTGAGCATTCTCAACGCCAGCGCCGTTCCGCTGCTGCTGGCGATGCGCATCAGCGCGGAAGTATTAAGCAACGCCTGGGCGAAGCGCCAGCTGGAAGCCGCCAGCGACGCGGTTCGCGAAGGCGTCAGCCTGCATCGCGCGCTCGAAATGACCCAGCTGTTCCCGCCGATGATGCGCTACATGGTCGCCAGCGGCGAACAGAGCGGCGAGCTCAACGGCATGCTGGAGCGCGCGGCGGATAACCAGGACCGGGATTTGAGCGCGCAAATTCAGCTGGCCCTCAGCCTGTTTGAACCTCTGCTGGTGGTGGCGATGGCCGGCATGGTGCTGTTTATCGTCCTCGCCATCCTGCAACCGATACTGCAGCTCAATACCCTGATGAGTATGTAATTGTTCTAATGGAGAAAAATATGCAACGACAGCGCGGATTCACCTTACTGGAAATCATGGTGGTGATTGTTATCCTCGGCGTGCTCGCCAGCCTCGTGGTGCCCAACCTGATGGGCAACAAGGAAAAGGCCGACCGGCAAAAAGTGGTCAGCGATCTTGTGGCGCTCGAGGGTGCGCTGGACATGTACAAACTGGATAACAGCCGCTATCCCACCACCGAGCAGGGGCTGCAGGCACTGGTCAGCGCGCCATCGGCCGAGCCGCACGCGCGCAACTATCCTGAAGGCGGCTATATTCGCCGTCTGCCGCAGGATCCGTGGGGCAGCGATTACCAGCTGCTGAGCCCCGGCCAGCACGGACAGGTGGATATTTTCAGCCTCGGGCCGGACGGCGTACCGGAGAGCAATGACGA
NZ_CP180088.1_gap119	4908740	4912924	4184	CGCCAAACGGGTAAGAGAGATACAGTACGTGGGGATTAAACTGCGCCAGCGCCCGCCGCGAATGCGCAAAATCAAACAGAATATTGTGATAGCTGCGGCTGAGGAGGATCGGATGACGTTCAGCATCAACCCGATGCAGGAAATGGGTATGCGACTGCACGTCAAAGACGTCCTGGATCTGTTTTAGCTCGGAAATGCTCATAAACTGCAGCGATTTCGGCGCCCATTTCTGCGGATGGCGCTTGATGCGCGACGAGATAATAAACGCCGTGGCGTGAAAGCCATACTGCTTGAGGATCGGGTAGGCATAGCGGTTGACCGACTTCAGCCCATCGTCAAAGGTGATCGCCACCGCACGCGCCGGAAGATTCACTTTATTACGCAGATAGCCTTCCAGTTGATACATGCTGAGCGTGGTATAGCCCTGGTCGCGTAGCCAGGTCATCTGATTGCTGAAGGCGCGCACGGAGGTCGTCGTTGAGGTATGGCGAAAGCGGGTATTTTCTTCATCACGCAGGATATGGTGATAAGTCAGTACAGGGATGCCGTTATCTTCTTGCGCATCCAGACTGCTCACCCACGCCAGGCGGTTGCCGATACGAATCTGAAACCAGGTTTGATTAAGCCGATCTTTGAGTTTGCTGATAATCGGATAACGCAGATTATTCGCCAGGGTGCCAAATGGCGCGCTGCCCACGGCGGGGGCATCATAGATTGGCGTATCTTTCCAGGTAATGAGGTTTTGGTTGCTCAGAGGCTTATGCAGATCGCCCAGGCTATCCTCCACCCGCTGCTTACCCTGTACCGGCCCCAGGTGGCCTTTATCGATAAAGCCGGTCGCAAAGCCAAAATTAAACTCATAGTAATCCGCCGCCGTCGGTACTACCGCCAGAATTTGCCCTGCCCGCACGTTACCGACGCTCACCACCTGATTGCCAACCTGCGCCCAGATATCCGCATCTTCGGTCGTTTGCATATAACGTGCCGGCACACCCTGCTGGCTTAACAGGCTGGCGGAGGCGCTTAGCGCCGTGAACAGGAGGAGTAAAGCAAGAATTCGGGCAAACATGCGCATCGAGCCGGTAGACAAGAACTGCCGTCATTGTAACAAAAGCCTCATCAATACCAATGCCTAATTCCCGTACGGCTCATGCAGTAGTCGAAAAGGTGGATTTTTTTGCTGCTGATGCCAGAGGCTGCTCACCGCCGGGCCTCCGGCGGTGACAATGGCGTGTCGGAAGGCTTCGCTGCTCAGACTCTGACGCAGCAAATACATACATTCCAGTAATGAATAGTCGATCCCGGAAATCACTTCACAGTGGGTGTGCTTATGGCTCAGCAGCGCCGCCACGCGATAAGGCGCCGCGCCGGTTTTATCGGTCAGAAAAATGACCCCGTCTCCGCCGTCCGTCTCGTGCAGCGCATCGCACATCATGCGGCTCAGCATATTGCTGCTGAGATTACGCCAGTAGTTGACCGCCCGACACTGCGTCAGCGGCCCAAACTTTTTCTCCAGACGATCCAGCATCTCCTGCGCCAGTTCGTCATGACAGGTAATCACCCAACCTAACATCGCCCACCTCCTTAGCAGGCAAACAATGTAGCAAGGGAAGAGATGAATATCGGTGATGACAATCAAAATTGTTTGCCGGCGCTTCGCTGAACGGGGCAGCGAAGCGCCGTGGTTGGCTAAATTAGCTGCGAAGCCCGCGTCCGCGCTGGATCAGATACCAGCACAAGAGATAAAACGCGACGATAAACACCACCAGCACGCCGAAGGTGGTGGCGAGCGGAACATCGTTAATGCCGAGGAAACCGTAGCGGAAACCGCTGATCATGTAGACGATCGGGTTCAGATGCGACAGCCCTTGCCAGAACGGCGGCAGCAGGGTCAGCGAATAAAAAACCCCGCCGAGATAGGTCAGCGGCGTCAGCACGAAGGTCGGAATAAGGCTGATATCGTCAAAGGTTTTGGCAAACACCGCATTCAGCAGACCGGCCAGCGAAAATAGCACGGCGGTCAGCACCAGGGTCAGGGCGACGAATATCCATGAGTGAACCTGGAACGGTACGAAAAACAGCGAAATCGCCGTCACCAGAATCCCGACGCACAGACCGCGGGCAACGCCGCCGCCCACATAGCCGGCGATAACCACGTGGGTGGGAACCGGCGCGACCAGCAGTTCTTCAATATTGCGCTGAAATTTCGCGCTGAAGAACGAGGACGCCACGTTGGCGTAGGCGTTGGTGATCACCGCCATCATAATCAGGCCCGGCACGATAAACTGCATATAGGTGAAACCGTGCATTTCACCGATGCGCGAGCCGATCAGATTGCCGAAAATAACAAAGTAGAGGGTCATAGTTATGACCGGCGGCACCAGCGTCTGGATCCAGATACGCATAAAGCGGTGGATCTCTTTGGTCCAGATGCTTTTCAGCGCGACCCAATAAAGCTGCATCATGCTGATTCTCCTTTCCGGTCATGGACCAGCGTGACAAACAGCTCTTCCAGACGGTTAGCTTTGTTACGCATACTTAATACCTGTACGCCCTGCGCGCTTAACTGAGTAAATACGCTGTTAATCCCCTGCTCACGCAGCACCTCAACCTCCAGCGTCGACGTATCAACCAGACGATACTGATAGCCTTCCAGTACCGGTAATGGGCTCTTAGGTGCCAGATCGAGAATAAAGGTTTCCGATTTCAGTTTGGAAAGCAGCGCCTTCATCGAGGTGTTTTCCACCAGCTCACCGTTCTGAATAATGCCAATATTGCGACACAGCATCTCGGCCTCTTCCAGATAGTGGGTAGTGAGGATAATCGTCGTGCCTTTATCGTTGAGATCTTTCAGGAAGCCCCACATCGAACGACGCAGCTCGATATCCACTCCCGCCGTGGGTTCATCAAGAATCAGCAGCTTCGGCTCGTGCATCAACGCGCGGGCAATCATCAGGCGGCGCTTCATGCCGCCGGAGAGCATCCGCGCGCGTTCGTTGCGTTTTTCCCAAAGATCGAGCTGTTTAAGGTACTTTTCGCTACGGGCGATCGCTTCTTTGCGCTCGACGCCGTAGTAGCCCGCCTGGTGAATCACAATCTGCTGCACGGTTTCAAACGGGTTAAAGTTGAACTCCTGCGGCACCAGGCCGAGCTGGCGCTTGGCGTTCACCACATCCTTTTGCAGGTCATAGCCAAACACGTTGACCTCGCCGGAGGTTTTATTCACCAGCGAACTGATAATGCCGATAGTGGTGGATTTTCCCGCGCCGTTTGGCCCCAGGAGCGCGTAAAAATCGCCCGCCTCAACCTGCAGATCGATTCCGCGCAGCGCCTGAACCCCGCCGGGGTAGGTTTTTTTAAGCTGTTTTAATTCCAGAGCAATGGTCATTAAATGTCTCTTCTCGTGTCGTGACACGCGATGGGTTGTTTTAAAAAATGTGAGGTTAACCTATATTAGCGCAACGCACTTACTTGGTTACAGGCCCGTAAACATCCATGAACGATATAGATACACTCATCAGCAACAATGCACTATGGTCAAAAATGCTGGTGGAGGAAGACCCCGGTTTCTTTGAGAAACTGGCACAGGCGCAGAAGCCGCGCTTTCTGTGGATTGGATGTTCCGATAGCCGCGTCCCCGCTGAACGTTTGACCGGCCTGGAACCTGGCGAGCTGTTTGTACACCGTAACGTCGCCAACCTGGTGATTCATACCGATCTGAACTGTCTTTCCGTCGTGCAGTACGCGGTCGACGTACTGGAGGTTGAACACATCATCATCTGCGGCCACTACGGCTGCGGCGGCGTGCAGGCGGCGATTGAAAATACCGAGCTTGGCCTTATCGACAACTGGCTGCTGCATATTCGCGATATCTGGTTTAAGCACAGCTCGCTGCTGGGGGAAATGCCCGAAGAGCGCCGCCTTGATACGCTGTGTGAATTGAATGTGATGGAGCAGGTTTACAACCTTGGCCATTCAACGATTATGCAGTCGGCGTGGAAGCGTGGACAGAAGGTGACGATTCACGGCTGGGCCTACGGCATTCACGATGGCATGTTACGCGATCTGGACGTGACCGCCGTCAGCCGCGAAACGCTGGAGCAGCGCTATCGCCAGGGCATTTCCAACCTTAAAAGCAAGCACGTCAATCACAGGTAATTCACGCGCCCCTCTTAACTATCCCG
NZ_CP180088.1_gap120	4960407	4964752	4345	CGGACGCCCGCCCACGCTGGGGACTTCCACGTTCTCGTCTTTACCAACGATGGAACCCAGCGCACAGCCGTGACGCACTTTAATGGCTTCTGCGTCGCTCGGCGGCGTACCGAAAGCGTAGGCAATATCGCTGGTCACCACGTTGCCCGCGTACGGGATCACTTTGGTATGACGCAGCGCGCCGCCGGTATAGACCGCAATATCCATTGTACCACCGCCGATATCCACCACGCAGACACCCAGTTCACGTTCGTCTTCCGTTAATACGGAATAGCTGGCGGCTAAACCGGCGAAAATAAGCTGGTCGACTTTCAGACCGCAACGCTCCACCGCTTTGACAATATTTTTTGCCATATCGTTATGGCAGGTAATCAAATGCACTTTCGCCTGCATGCGTACGCCAGACAGTCCTACGGGGTTTTTAATCCCCTCCTGGTAGTCGATGGCGTACTCCTGCGGGATAACGTGCAGAACGCGATGCTCGTCGCGCACGCGAACCGATTTCGCGGTATGTACCACGTTCTCTACGTCGTCCTGCGTCACTTCTTCTTCAGAAATCGGCACCATACCGATTTCATTTTGACAGCTGATATGTTTGCCTGAAAGCGCCAGATAGACTGACGAGATCTGGCAATCCGCCATCAGTTCGGCCTGGTCAATGGCGCGCTGTACGCATTTCACCACGGATTCCAGGTCGTTCACTCCGCCTTTATCCATACCACGCGATGGGCAACTGCCCACGCCAATGATATTAATCATACCGTCGGGCAGAACTTCCCCTACTAAAGCGGCAACCTTAGCGGTGCCAATCTCCAGTCCAACTACCAGTTTTCTGTCCGTCGCCTTGATCATTGTTGTTCTGCCTGTGCCTGATTCTGTTGTTGTTGAGTTTCCTCTACAGGAGCCGGTACCCAACCGACTGCCGCTCCCGAGTCATAACGCAAATCAACGTAGCTTATCCGTTTGCCGTCGGTCTGCGCCTGCTGCTGAAGAACCGGGTAGAGTTCCATAAAGCGCTGAAGCCGTTTCATGGTGTCACCCCGACCAAGGTTGAGCTTAATGTCGTTATTAAGCGTCAACTGCCAGGAGCGACGCGCGGTCATTGCCGCTACTTTCAACGTGAATTTATCCTTCGCCAGCACCTGCCCCATGTCGCGGTATCCCTGAAGGACTTCGTTCTCACTGCCTTCCGGGCCGTACAACATCGGTAAATTCTGTTTACTGGTGCGATCTGACGGCACGCTGAAAGAATTTCCGTCCACGTCTACCATATGCTGATCATTCCAGCGCGCTATCGGCACATATTCAACCAGATGAATCTTCAATTCGTCCGGCCACTGCTTTCTGACGCTCGCCTGCTTAATCCACGGCAGACGTTCAATCTGGCTTTGAATAATGTTGACGTCCTGCGTCATAAAGGTGCCCGGCGACCCCAATGCCAGAATCGCCTGACGGATATCATCGTTGCGCGTGTAATGACGCTCACCGGTGACCACCATCTTTGACAGCGGTAACCGCTGTGCATCTTCCATCCAGCCCAGAACCATCCATCCGCTGACCAGCACGGTACAGAGCACCGCCAGCAGGAAGAAGATACCCGCCAGACGAGAGCCATTACTTCGACGCGAAGAGGTTTCGTCTTCCTCTTCGTGGTTCCGCGTATTCAGCGCAGCCTGCGACATATCACCCCGCCAGGTCCAGAATTCGTACAACAAGCTGCGAGAAGCTCATCCCTGCCTGACGCGCCGCCATGGGCACCAGACTATGGCTGGTCATGCCAGGAGAGGTGTTTGCTTCCAGCAGATAAAACTGGCCATCGCTGTCCAGCATCACATCAATTCGCCCCCAGCCGTAACAGCCAAGACTATCCCAGGCTTTTTGCACCAGAGCCTGCATTTCTGCCTCGCGCGCGGAATCTTCCAGGCCAGGGCAGAAATATTGCGTTTCATCAGAGAGATACTTTGCTTCATAATCATAGAAGGTTCCAGCCGCCTGGATACGTATTGACGGTAAAATTTCTTCTCCGACGATAGCGACGGTAAATTCCGGCCCACTGAGCCATTTTTCAATCAGAACTTCGTCATCATGCTGAAAAGCCAGCGCCAATGCATTTTGTAATGCACAACTTTCGCTGACTTTGGACATACCGACGCTGGAGCCTTCGCGACTGGGTTTAACAATCAACGGCAGTCCGAGGGCGGAAATCTGCTGTTCTACCTCAGCGGAAAGCCCCGCGGTGAACTGTTTACGCGTCAGCGCAACCCACGGCGCAACCGGCAGCCCGGCGCCCTGCCACAGCAGTTTGCTGCGCAGCTTATCCATTGAGATAGCGGAAGCCATCACGCCGCTGCCGGTATAGGGGAGTTGAATCAGCTCCAGCAGACCCTGCAACGTACCATCTTCACCGCCGCGACCGTGCAAGGCAATAAACGCTTTCTGAAAACCCATATTTTTCAATTGGGTAATATCCACGTCGCGCGGGTCGACCGGGTGCGCATCGACCCCGGCTTCGCGCAGGCCGGCGAGCACCGCCGAACCTGAATTGAGAGAGACTTCACGTTCAGCGGAGGTTCCGCCAAAGAGGACCGCGATTTTATCAGCCATGGCGCTCCTCCTGCGATTTTTGCGGCTGCAATTTGATTTCCGCCAGGTGACGGGCGATTTTACCAATGTTTCCCGCCCCCTGAACCAGCACCAGATCGTTGCCGGTCAATACTGAAGCCAGCATCTCTGCCGCCTGCGCCGGGTCGGAAACCAGAATCGGGTCGACTTTACCGCGGCCGCGAATCGTACGGCACAGCGAGCGGCTGTCGGCGCCAGGAATAGCGGCTTCGCCCGCGGAATAAACGTCCAGCATCAGCAGCGCGTCAACCTGGGTCAGCACGTTGGCGAAATCATCGTACAGATCGCGCGTACGGGTAAAACGGTGCGGCTGAAACAGCATCACCAGGTTTTTATCCGGCCAGCCCGCCCGCGCCGCTTTGATGGTGGCATCCACTTCCGTAGGATGATGACCATAATCATCGATCAGCATCGCGGTACCCTCTTTACCGTTAACTTCAGCTAAGGGGTATTCGCCAAGGAAATCAAAGCGACGGCCGGTGCCCTGGAAGCTTTCCAGCGCGCGCAAAATAGCGTCATCATCAATGCCCTCTTCCGTGGCAACGGCCACCGCCGCCGCCGCGTTCAGCGCGTTGTGGCGACCCGGTGCGTTCAGCGTCACCTGAATGACCTCTTTATCCTGGCGAACCAGACGGAAATGGCCCTGAGCGCCAACCTGACGATACTCTTCCACGCGAACGTCGGCATCATCGCTAAATCCGTAGGTGGTGAGCTGGCGGCCAACGCGCGGCAGCAGTTCACGAATCACCGGATCGTCCACGCACATCACCGCGCGTCCGTAGAACGGCAGATTGTGCAGGAAGTTAATAAACGTCTGCTTCAGGTTTTCGAAGTCGCCGTGGTAGGTATCCATATGATCGGCTTCGATATTGGTCACGATAGCGACCATCGGCTGTAAATGCAGGAACGAGGCGTCGCTTTCGTCCGCTTCGGCAATCAGGTAACGACTATGGCCAAGGCGCGCGTGCACGCCAGCGGCTTTGACCAGACCACCGTTCACGAAGGTAGGATCCAGCCCGGCTTCAGCGTAAATGCTCGAGACCATCGCCGTGGTTGTGGTCTTTCCGTGCGTGCCGGCAATGGCAATGCCGTGGCGAAAACGCATCAGCTCCGCCAGCATCTCGGCGCGGCGAATAACCGGAATACGCGCTTCGTGGGCGGCGACGATTTCCGGGTTATCCGCAGAAATCGCGCTGGAAACCACGACAACGCTCGCATCGCGCACGTTTTCAGGGCGATGGTTGAAATAAATCGTGGCGCCAAGCTGAGTCAACTGCTGGGTCACCGGATTCGGCGCCAGGTCGGAGCCGCTAATCTGATAACCTTCGTTGGCCAGAACTTCGGCAATACCGCCCATGCCGGCACCGCCAATGCCAACAAAGTGAATGTGCCGGACGCGACGCATCTCGGGCACGATAGAACGCAGTTTTGCCAGATCTTGTGTATTCATTCTTTACGCCATCAACTTCTTTATTCGGACGGTGATCATCACCGCGATTAACGCGCCAGTGCTGCGGCGCTCACTTCTTCTGCTACCCGTTCGGTCGCGTCCGGAATCGAGGCTCTGCGCGCTCGCTCCGCCATATCCAGCAGCGTCTCGCGATCCCAACCCGCCAGGGTTTGCGTGACGGCCTCCACGGTAAACTGCGGCTGCTCAAGGATCTTCGCTGCCCCTGCCTTCTCTAACGGCAGCGCATTCCAGTACTGCTGACGATCTTTGTGC
NZ_CP180088.1_gap121	5061361	5063945	2584	CGCCCGGCAGGTAACCCCAGATTTCGTCAGCGGTGAAGGACATGATCGGCGCCATCCAGCGCACCAGCGCCTCGGCAATATGGTACAGCGCGGTCTGGCAGCTACGACGCGCGATGCTGTCAGCCTTGGTGGTGTACTGGCGATCTTTAATGATATCGAGCCAGAACGAGCCCATTTCGATGGAGCAGAAGCGCATCAGGCGCTGCACCACTTCGTGGAAGTCGTAGGATTCGTAGGCTTTGACGATATCGTCCTGAGCCGCTTGCGCGCAGCCTACTGCCCAGCGGTCCAGCACGACCATCTCTTCCGGTTTCACCATATCTTTTGCCGGATCGAAACCGTTGAGGTTCGCCAGCAGGAAGCGCGCGGTGTTACGGATACGACGATAGCTGTCAGCGGCGCGTTTGAGGATCTCGTCAGAGACCGCCATTTCGCCGGTGTAGTCGGTGGAAGCCACCCACAGGCGCAGAATATCCGCGCCCAGCTTGTTCATCACGTCCTGCGGAGAAACGGTGTTGCCGATAGACTTGGACATCTTGCGGCCCTGGCCATCAACGGTAAAGCCGTGGGTCAGTACCTGGCGGTAAGGCGCTTTGCCCTTCATCGCGGTAGAGATCATCAGGGATGACATAAACCAGCCGCGGTGCTGGTCGGAGCCTTCCAGATACATATCGGCGGCGTGACCGGCGAACTCCGGACGCACGTCAACGACGGAAGAGTGGGTTGACCCGGAGTCAAACCAGACGTCCAGCGTATCCGGCACCTTCTCGTAGCTATCCGCGTCGGCGCCGAGGATGTCGCGGGAATCGAGATCCCACCACGCCTGGATGCCGTCGACTTCTACGCGTTTCGCCACTTCTTCCATCAGTTCCAGCGTGCGCGGATGCAGCTCCTGCGTCTCTTTATGCACGAACAGCGACATCGGTACGCCCCAGGTGCGCTGACGGGAGATACACCAGTCAGGACGGTTGGCGACCATCGATTCGATACGCGCCTGGCCCCAGTCAGGGATCCACTGCACGCCTTTGATTTCGGAAAGCGACTGTTTGCGCAGGCCTTTTTGATCCATGCTCACGAACCACTGCGGCGTGGCGCGGAAGATGATCGGCGTTTTGTGACGCCAGCAGCACGGGTAGCTGTGCTGCATTTTTTCAACGTGCAGCAGCGCGCCTTTTTCTGACAGAAGCGCAACGACAACATCGTTGGCTTTAAAGACGTTTACGCCGTCCAGCGTTGGGTAGGTTCCCGGCAGATAGGCGCCGTCCGGGCCAACCGGGTTCGCCACTTCAAGGCCATATTTTTGACCGATGACATAGTCATCCGGACCGTGGCCTGGCGCGGTATGCACCGCACCGGTACCCGCGTCCAGCGTGACGTGATCGCCCAGGATCGCCGGGACGTCAAAATCGAGGAACGGATGCTTAAAGCGCATCAGTTCCAGCTCGGCGCCGTTCACCACCGCCAGGATGGTGTAATCAGCAATGCCGGCGCGCTTCATCACGCTGTCGACCAGGTCTTTTGCCAGAATCAGCGCCTGACCGTCAACCTGCACCAGCGCATAGTCAAACTCCGGGGAGAGCGAGATGGCGCGGTTCGCCGGCAGGGTCCACGGGGTGGTGGTCCAGATAACCAGAGAAACCGGGCCGTTGACGTCGGCCACGCCAAATTTCGCCAGCACCGCCGCTTTATCGGCCGCGTGGAACGCCACGTCGATGGACGGAGAGGTTTTGTCGTAATACTCGACTTCCGCTTCCGCCAGCGCGGAACGGCAGTCTACGCACCAGTGCACCGGCTTAGCGCCTTTGTGCAGATGGCCGTTGCCGATGATTTTACCCAGCGCGCGGATGATGTTGGCTTCGGTTTTGAAGTCCATGGTCAGGTACGGGTGCGACCAGTCGCCCAGCACGCCCAGACGGATAAAGTCTTTACGCTGTCCGTCAACCTGGGTGGCGGCGTATTCGCGGCACTTAGCGCGGAACTCGGCGGCGGTGAATTTCTCACCCGGCTTACCGTACTCTTGCTCCACTTTCAGCTCGATCGGCAGACCGTGGCAGTCCCAGCCCGGTACGTACGGAGAGTCATAGCCCGCCAGCCCTTTGGACTTAACGATAATGTCTTTCAGAATCTTGTTAACCGAGTGACCAATATGAATGCTGCCATTCGCATAAGGAGGGCCATCATGCAGAATGAAGGTTTTTTTGCCTTTTTTGGCTGCACGAATGATGCCGTACAGGTCATCATCGGTCCAACGCGCCAGCATTCCCGGTTCACGCTTGGCGAGGTCGCCGCGCATCGGGAACCCTGTTTCCGGCAAATTCAGGGTCGATTTATAGTCACTCATCAGATTCTCGGTTCCGTATTTCGGTTTGATAAACACCGTCAGGGTTATGCCTGGCCGGTTAGCCCAAAGAAGTCGCGGGCCGTTAACTCATCACGTGCGATTTGCGTTTTCAGCTCATCAAGCGACGCAAATCGCTGCTCATTACGTATTTTTTTACGCAGTATTACATCTATATGGCGACCGTAGAGGTCCATTACAACATCCAGGAGATGAACTTCCAGCTGCTGACGCACGCCGGAGACC
NZ_CP180088.1_gap122	5089926	5092728	2802	CTGAGGCTGGCGGGAATAGCAGGCGTGAATAAAGCCCGCCAGATGACGACCGTGGGCAATACAGTCCTGACGGCGATACTGCGCCGGCAAAATTGCCCGCGCTTCCGCGGTGGAGACCTTAATACCCGGATAGGCCAGCACCCACAGCCACTCGTCGAAGGCCGGAATCTGCTGGCTGATGATGCCATTTTCCTCAAGCATCAATTGTATCCCGCCCAGATAGCACGGCGCGACGTTATCGTAATGGATACTGCCGGAAATCCGCCCTTCCATCTCGCCCATCAGCGCCAGCATCCGGCTCTCATTGAGCGGCTTGCCGCAGAACTCGTTCATCGCGACCAGCGCGGCGACGACGGAACAGGCGCTGGAACCCAGGCCGGAACCAATCGGCATGTTTTTTTCCAGGGTCATCGCCACCGGTACCGTCTTGCCAATCTCCTGGCAAAAACGCTCCCAGCATTGATAGACGATATTTTCCTGCGGCGCCGTCGGCAGTTTGCTGGCGAAGCGACCCACGTTTTGCAGGCTAAAGCTCGTCGCCGCCTCAACCGAGACATTGTCCCCCAGCAGCGTGCCGTCAACCGGCGTTACCGCCGCGCCCAGCACGTCAAACCCGACGCTCATATTAGCACTGGAAGCCGGGGCATATACTTTGACCATCTTAAACTCCTAACTTCCATGACAGGGTACGCAGCAGGTCGGCGAAAACGCCAGCTGCCGTCACATCGTTACCCGCACCATAACCGCGCAGCACCAGCGGCAGCGGCTGGTAATAGTGGCTGTAGAACGCCAGCGCATTCTCGCCGTTTTTCACTTTAAACAGCGGATCGTTGCCATCAACCGCGGCGATTTTCACGCGGCAGGTGCCATCCTCTTCGATATTACCGACATAGCGCAAGACCTTACCTTCATCGCGCGCTTTTGAGACCCGCGAGGCAAACTCGTCATCCAGAGAAGGCAGGCGTGCCATAAAGCTGTCGACATCGCCGCTGGCGTCAAAACCCGCCGGTAGCGCCGGCTCTACGATAATGTCAGACAGCTCCAGTTCACGCCCGGTTTCACGCGCGAGGATTAGCAGCTTACGCGCGACATCCACGCCGGAAAGATCGTCGCGCGGATCCGGTTCGGTATAGCCCATTTCACGCGCCAGCTTCGTCGCCGCGGAGAAGCTTACGCCTTCGTCCAGCTTACCGAAGATAAATGACAGCGAGCCGGACAGAATACCGGAGAAGCGCAGCAGCTCATCACCGGCGTTCAGCAAATTTTGCAGGTTTTCGATTACCGGCAGCCCCGCGCCGACGTTGGTATCGTATAAAAACTTACGTCGTGAGCTGCTCGCGGCATGACGCAGCTGATGATAGTAATCCAGCGATGAGGTATTGGCCTTTTTGTTCGGCGTCACCACGTGGAAACCTTCGCGCAGGAAATCGGCGTACTGATCGGCCACCGCCTGGCTGGAGGTACAGTCGACAATCACCGGGTTCAGCAGATGGTACTCTTTCACCAGACGAATAAGTCGTCCCAGGTTGAACGCCTCTTTGGCTTCCGCCAGCTCATCACGCCAGTTTTCAAGGTTCAGGCCGTGTACGTTGGTCAGCAAGGCGCGCGAGTTAGCCACCCCGCAAACGCGGAGGTCGATATGTTTACTCTTCAACCAGCTCTGCTGGCGCTTGATCTGTTCGATCAGCGCGCCGCCGACGCCGCCGATGCCAATGACAAACACTTCAATCACCTGATCGGTATTGAACAGCATCTGGTGGGTCACGCGAACGCCGGTGGTCGCATCATCGTTGCTCACGACAACGGAGATAGAGCGCTCGGAAGAACCCTGGGCAATCGCCACAATGTTGATATTGGCGCGCGCCAGCGCAGCGAAGAATTTAGCGGAAATCCCACGCAGGGTGCGCATACCATCGCCGACAACCGAAATAATCGCCAGACGTTCCATGATCGACAGCGGCTCAAGCAGCCCCTCTTTCAGCTCCAGATAAAATTCATCTTCCATTACCCGCTTCGCCCGAGCGCAATCGCTCTGCGGCACGCAGAAGCTGATGCTGTATTCGGAAGAGGACTGGGTGATAAGAACAACGGAGATTCCCGCGCGGGACATAGTGGCGAACACGCGCGCCGCCATGCCAACCATCCCCTTCATCCCCGGCCCGGAGACGTTGAACATCGCCATATTGTTGAGATTAGAGATACCTTTCACCGGCAGATCGTCTTCATCGCTGCTGCCGCCGATAAGCGTACCCGGCGCCTGCGGATTACCGGTATTTTTGATTAAACAGGGGATCTGGAACTGGGCGATGGGGGCTATAGTACGCGGGTGCAAAACTTTAGCGCCGAAGTAGGAGAGCTCCATCGCTTCCTGATAGGACATCGACTTCAGCAAACGCGCATCCGGCACCTGACGCGGGTCGCAGGTATAAACGCCGTCAACGTCGGTCCAGATTTCACAGCAGTCGGCGCGCAGGCAGGCGGCCAGCACCGCTGCGGAGTAGTCAGAGCCGTTACGGCCCAGCACCACCAGTTCGCCCTTTTCGTTACCGGCGGTAAAGCCCGCCATCAGCACCATATGGTCAGCCGGGATCTGGCTGGCGGCAATGCGGCGGGTCGACTCGGCGATATCCACGGTGGATTCGAGGTAATGGCCAACGGCAAGCAGTTTTTCAACCGGATTAATCACCGTGACGTTATGACCGCGCGCTTCCAGTAAGCCGGCCATAATAGCGATGGAGAGCTTTTCTCCCCGGCAGATCAGAGACGCATTGACGCTATCCGGGCACTGTCCGAGCAGGCTAA
NZ_CP180088.1_gap123	5095220	5097205	1985	CAGTGAATTCCGCGCCATGCTGCACTTCTGCGAAAATCCGGGCAAAATCCAGTCGCGTGCGGAACTGCTGAAGAAAATGACCGGCCGTGAGCTGAAGCCGCACGACCGTACCGTGGACGTGACCATCCGTCGCATTCGTAAGCATTTTGAATCCACTCCGGACACCCCGGAAATTATCGCCACCATCCATGGCGAGGGGTACCGCTTCTGTGGCGACCTGCAGGAATAACACCATTTTTCTTGCTGTCATAACGTAAAAACGGCGCAATTCGCGCCGTTTTTTTATTTCCAGATCCTGAGCTTATCGTCATCCTGACCAGCGTCCGGCAGCTCACCTTTTGCCTTCGGCAGAGATAACGCGTACCAGTCAACGTGGCGGGTCAGGAACATCAGCGCACTTAACGCCAGCAGCAATACGCCGGTCCCCAGCAGCAATGCGCTATCTTCCGATCGCAACAGCATCCACATAACGCCGTCCAGCAGCAGTAGCGCGCAGACGAACAGTAAACTGTTACGCCAACCATTCAATACTGCCTGAAGATACACCCCGTTGATGAGCGCGCCTAGCAGGCTGGCGGCAATCCACGATGCCGTAAAACCGATATGTTCGGACAGCGCCAGCAGCACCAGATAGAACATGACCAGCGACAGCCCCACCAGCAGATACTGCATGGGGTGCATGCGATACCGCGTTAAGCTTTCAAAAACAAAAAATGCCATAAACGTCAGCGTTATCAACAGAACGGCATATTTTGTCGCCCGATCGGTCAGCTGATATTGATCGGCGGGCGTGGTGACATTCACGTTGAAAGCGGGCAACTGACGCCACTCAATCTGCCGACCCTCAACAAAAAACTTCGCCATATTGTTGGCAAACCAGGTGCTTTGCCACTGGGCGCTATAGCCTGTTGGGCTGACTTCCCGCTTTGCAGGTAAAAAGTCGCCAAGGAAACCCGGGTGCGGCCAGTTGCCGGCAAGCTGTAAGGTACTGTTGCGCCCAAGCGGAACCACCGAGAAACTGCCGCTGCCATTCAGATTGAGCGTGAATTCAATATCCAGCGCTTTTTGTTCAGGGAGTAACAGCGGCATCGGCATATGAATGCCCTCCCCGCTATCGTCGAGACCCGGCCCAGGCTCAACGGGTAGCCTCTCGCCATTGAGCTCTGGTGACTTAATCTCGCCAATACCGCGCGCATCGCTGACGCTGACAACCAGAAACGGTCTGCCCAGCGTAATCGTCTGCTTCCTGAGCGCCTTGATGCGCGAAGGATCAAAATGCGCTTTGACGCTGAGATTATTGTGCCAGATCTGCCCCTCATAGATACCGATTCGCCGTGATTCAACATCCTGATTACCGGTGACCGCCAGCGTCTCCGGCAGCCAGTAGTGTACCCATTGGGTTTGATATTCTACCGTTTTAGTTCCCTCAACCCGCGTTAGCGTCTCGGTTACCGGAATGGCAATCAGCGGTCCGGCCAGTTTCTGCGATCCGCTGGTGCTGCTCTCCAGCGCGTCAACCACGTCGCTACGATAGTCCGCGCGTTCAACGATCAGTTGCCGGACCAGCATCAGCGGGATCGACAACAGTAAAATGCACCCCAGCAGGGTGCTCATTTTCCAGAATAGTGGTGATTTCAACATAGCCCTCTCCTTAGTGATGCGCTCACCTTAAAGGGGCCGTGTGGGGAGAGTTTGAAGCTATGTGAAGTGAGCGTGAAGTGTCAGCAAAGCGCACGCGCCGCCTTCAGGACGGTTAACCAGCTGGATATCCCCCTGATGCAGGCGCGCGACTTCACGAACAAACGCCAGCCCCAGGCCACTGCTTTTTTGCCCATTTTCACGAGGCAGGGAATAGAAACGTTCAAAAATACGCCCCAGGGCGTAGTCGGGAATGCCGCATCCCGTATCGCATACGGTTAACAGCACGCCGCCATCACGCTCTTCCGCCCCAAGCAGGATTTCACCTGCGGAAGGCGTGAAATCGA
NZ_CP180088.1_gap124	5128214	5132177	3963	ACCTGCTGCCAGCGCTATCGCCTGCCGGACGTACAGCAGTGCGGGGACTGTACGCTGAAATAATCGATGGTGAAAACAAACGGGCGGCTATTCAGCCGCCCGTTTGTTTTTATGCCGTTTGCTGACTCTCTTCCGCCATGCGCTGCGCCTCTTCGGCCTCCTGCGCGAGCAGCTGTTTCTCGTACACCTTGAAGAATGGGAAGTAGATAATCGCCGAAACGCAGGCCAGGACGACCACCAGAATCGCCGCCCGGAAATCCCACCCCAGCGCCCACGCGCCGCCAATCGGCGCCGGAGCAGTCCACGGTACAACCGAAATCACCCGGCCGATAAGATCCAGCTTCATTGCCGCCCAGGCCAGTACGGCGTTAACCATCGGCGCCAGCAGGAAGGGAATAAAGAATACCGGGTTCATCACGATAGGGGTGCCAAAAATAACCGGCTCGTTGATGTTAAACAGGCTTGGCACCACGCTCAGACGGCCAATCGAACGCAGATGCGCGGAGCGGCTGCGCAGATAGCAGAATACCAGCCCCATCGTCGCCCCTGAACCGCCAATCACAATAAAGAATGTCCAGAACGCTTCCATAAAGATATGCGGCAGCGGAGCCCCCTGAGCCAGGGCCTGCTGGTTCATGCCGAGGTTAGTGAGCCAGAACATTTGCAGCATGCCGGAAACAATGGCCGCACCGTGGATCCCCGCAAACCACAGCAGGTGGCCCACCAGAACCGCCAACAAAATTGCGGGTAAGGAGTCCGCTGCGGAAACCAGCGGCTTAAAGATAGCCATAATCGCCTGAGGGATCAGCATATCAAAATGATGCTGAATAAGCAGGCTCAGGGGATAGAGCGTCAGGACGACAACCAGTACCGGGATCAACAGATCAAACGAGTTTTTGATCATCGGCGGCACCTGATCCGGCAGGCGAATACCGATATTATGCGCCTTCAGGAAGCGCATCATTTCAACGCAGTAGACCGCCACCAGAATCGCCGTAAATATGCCCGTTCCTCCCAGGCTATCTACCGGCAGGCTGCCGTTCGTTTTTGGCGCCGCCACCAGCAGGAAGGCCATGATCGACAGCATGGCGCACATAAAGGGGTCGAGCTGATTGGTTTTTTCGTAATGCTTGCCGAGGTTATAGGCGATCGCGGCACAAATATAGATCGACATAATGCCCATCGTCATATCGAACGGCGTCAGAATTCGCCCTTCAAACTCTTTTGCCAGATCCAGCCAGGCGCGGGCAAATCCCCATGTGGTATCCGGTGAAAACGGCGGATACGCAAATACCAGCAGAAAAGAGCCGACAATCATAAACGGCATGGCGGAGATAAAACCGTCGCGGATTGCCATAACGTGGCGCTGAGACGAGATGCGTCCAGCGACAGGGCTGATGTAATTTTCTACGAAGCGAAATATCAGATTAAATGCAGCATGGTTAGCAGACATAGCAGCCCTCCTGACAGGCTAGATGAACAGGCCCAACAACGATTATCTTGCCGTTATGATGAACCCGCTTCGGCGAGGGGGTTACCCAATCGGGTAGCCTGCTGGCCCGACTGCTCAACCAGGTTCGATTCATCTTCGGCTCTTTGTTATAGGTGACGCAGGGAAGTTACCTTGTCAGTATTCCTGTCTCCGTGAATAACCGCAACCGGTTACAGTAACCGGTTGCGGTGAATGTGAAGGAGATCCAGAAATTAAAAAGAATCTTGATTCTCTACCATGGATATTTACACTTTGCGAAGCTTGTGACAGATTTTTAACAAGCCTTAATCAGGAGATTCCAATGAGTCTGCAGTCCGTGCGGCAGTTTTTTACTGACCACGCCCCCGATATCGAAATCATCGAACTTACTCAGAGCACGGCCACGGTAGCGTTAGCCGCAGCGGCGCATAACGTTGAACCCGGGCAAATCGCCAAAACCCTGTCTTTAAAAATAAAAGAAAGGGTTGTTCTCGTTGTCGCGAAAGGCGATGCACGCCTGGATAATAAAAAGCTAAAGGAAGCCTTTGGCGCCAAAGCCCGCATGCTAAGCAGCGATGAGGTCATTACGCTGACGGGACACCCCATTGGCGGCGTCTGCCCATTTGGCCTGGAAGTTCCGCTGGCTGTGTACTGCGATATCTCACTGAGGCAGTACCCGGAAGTGCTGCCAGCAGCAGGTTCAATATATAGCGCCGTTCGTATTTCACCTGAACGGTTGGCGCAGCTGACTGATGCTAAGTGGATTGACGTGTGTCTTTAACAGACCGCTGAGGCTACTGAGCAAGGCGCATCACCGTGGCATCATCATTATTCGCCGACAGGCGCATAAGAATGTCTGCCGCGCTCAGTAGTCCCATATCAGAACTGACGCCGAGCTTGGTCATGGCGTTAAACTTATGGGCCCGAATCGTTTTGATATTGCGTTCCAGCTGCGTCGCTATTTCCGGCAACGAGTAGCCATAAGACATATATCGCAGGATGGTATGTTCCGTTGGGCTCAAAAGTTGGCTATAGATACTCTGCTTTTGGCTCAACGAGCTCTCATTCGCCGGATAGCTACGCTCGAGAAGCTGAAGCAAGCACTCCTGCAGCTGTAGCCGACAGGCCGATTTATTCAAAATACCGTGTAAGCGAGAAGGCGTCAGATGGCTGACCAAACGCATTTCCGCTTCATCATTAGCTAAGATAATTCTTTGCGTGTCGGGACAATAACGCGCGATCTCATGGAGAAAGAGCAAGCTTTCAAGCCGGGATCTGCGGTTACCTGAAAGTGAAAAAATAATCGCAGAAAAATCTCTCGCCTGAAACTCCCGTTTTAATGCCATCGTATCTTTAAAGAACTGAATACGATAATTCTTACCACTTTCATTAATTAATATGTGGCGAAGCGCCACTTCTGTCATCGCACATTTCTCTACGATAGCGACATATCTTGTTGTGAGGTCTTTTTCCATTCTGTTTGATCTCCATAGGCTGAATAAATATTCAGCTCCTTCATTCCCTGTGCACTATTAATCCAGGCATACATCTCTGCATTACTACGCAAAGATAAGCGGCGCATAGCACTATTTTTCTGCGCACTTATGGTTTTATTGCTCTTCTTCAATAAAGCAGCAATTTGATTAATTCCCCATCCTTTTGCAAGAAGTCTCAACACTTTACGCTCAGAAAGAGTCAGAATAACCAGCTTTTGCGGTTCTTCATCGATGCGTTCTACTTCAGGAGAGAACAACGTCTGGCTAATTCGTTCAGCGGCAAGTCCACCCGCGCGCACAACCTCAATGAGACGTTTTACCGGCTCGCTGTCCGAAATTAATGTACTTTCAGGACGCATTAATAATTGAACAGCTAACGGAAAACAGGCGTTGCCTACCATAAAGACCCAGTGTATATCCCTGTATTGAGTCATTAAAGAGTAGTAATGTTCGCAAATATTTCTTGGATGCTCTATTTCACCGGACAAGTCAGCAATGACTAACACTGCACGACGCAGCTGCAGCAGGGTTAGCTCATCCTGAGAACGACAAAAACTCAATTCATAATCAGGGAGATGCTCCCCAACGATGGCTTTTAAGCCGGACTGCATAACCGGTATTCTGCTGATAATAATGCCGAACTTACCTTGTCCTGGTAACATAAACCCTCCGCTTCCTGTCGAAGACTCACCGCCGGCGGAAAAACAATTGGATGCATAATTTAATAGTCATCGTAATTATTTTGCCCAAATGAATCTTTATCATCCCTGGCGGGTGCGCGATATCGCACCCTAAAGCCAACTTAATAATGAGGAGTAACATATTGCTGTTATCCATACCAATGATTAACATTAACACAGGTAGTTGTCATCAATAAATTAGAAATGGTTAACATCGTCGTTAGATACGCTAACTTAAGATATATTAAATAAAGATTTATTTATTTTATTTTTTTCCTAAATACTTTTGGTGATTCACCGCTATAGCGGCGAAAGA
NZ_CP180088.1_gap125	5178689	5183622	4933	CCCGCTACGGCGGCGACGGCAAAGGCGGCGTACGCTGCTGCTAATGGAGGCAAACATGGCACCGATTGCAGTCACCCTGCTCACCGGTTTTCTTGGCGCGGGTAAAACCACCCTGCTGCGCCATATCCTGAACGAACGGCACGGCTTTAAAATTGCCGTTATCGAAAACGAATTTGGCGAAGTCGCCGTCGATGACCAGCTTATCGGCGATCGCGCCACGCAGATTAAAACCCTGACCAACGGCTGCATCTGCTGTACCCGTTCCAACGAACTGGAAGACGCCCTGCTCGATCTGCTCGACAGCCGCGATCGCGGAGAAATTGATTTTGACCGGCTGGTGATCGAATGCACCGGCATGGCCGACCCCGGCCCGATTATCCAGACCTTTTTCTCTCACGATGTGCTGTGTGAACGCTATCTGCTGGATGGCGTGATTGCGCTGGTTGACGCGGTGCATGCCGACCAGCAGATGAATCAGTTCACCATTGCCCAGTCGCAGGTGGGCTACGCCGATCGTATCCTGCTCACCAAAACTGACGTGGCGGGCGACAGCGACAAGCTCCGCGAACGGCTGATGCGTATTAACGCCCGCGCGCCGATTTACAACGTCACCCACGGCGATATCGACCTGAATCTGCTGTTTAACACCAGCGGCTTTATGCTGGAAGAGAACGTGGTCAGCAGCAAACCGCGCTTCCACTTTATGGCCGATAAGCAGAACGACGTGTCGTCTATCGTGGTGGAGCTGGATTATCCGGTGGATATTAGCGACGTGTCGCGGGTGATGGAAAACCTGCTGCTCACCTTTGCTGAACAGCTGATGCGCTATAAAGGGATGCTGTGGATCGACGGCGAGCCCAACCGCCTGCTGTTCCAGGGCGTTCAACGGCTATACAGCGCCGACTGGGACCGGCCGTGGGGCGATGAGCAACCGCACAGTACCCTGGTGTTTATTGGGATACAGCTTCCGGAAGATGAGATTCGCACCGCATTTGCGAGCCTGCGCAAGTAGTCATGTCGCTCGCCCCCCTCTTCTGGAGGGGGAATGCGCGGCTGAAATGTAAAATTCTGTTCTTATATGTAACAACAGAAATGTTTTTGGAAATAATTAGAAAGCCAATTATTGCGTCCACAACCGCTTTTTCGCGCCTGTTCAGCGAATATTTAGCCAAAAGATTCAACTCACGCTCAACGGCTAAAGATTACCCATTGACTCCGCAGTAAAAACAACTAACAAACAACACAAATAAATATATCTAATAACAAAATTAGCATAAAACAGTCATCCCTCGCTGATTTGCAGTCATAAAAATCGATTGTTAAGGTGCCCTCCGCGTAATGTAATGATGAGGCATAAAACATGAAAAAGCTGAATATCCTTCTTCTCTCGGCGTTGGCTGCCGTCTCGGGATCCGCACTCGCGATGGGCGGCACCGTTGAGCAGGGCAAGAACTTCACTAACCTGAATCTGGAAATGGGGAAATCCTCTTCTGGCCTGTATGTGGAAAGCAACTGGCTCAAAAATACCGATGACGGTACCCAGACAGGCGGCGTAGGCGCGGGTTATAACCTGGAACTCGGCCCGGTGATGTTTAATGCCGGCGCGAAAGCCATCTACCTCGGCCCTAAAAAAGGCGATAACGGCGTGGCCTTCCCCATCGGCGGCGGCGTCAACGTGGCCCTGACCGACAGCATCCATCTCTATGGTGAGGGCTATGCCGCACCGGAGGGCCTGAACAATAGCGTCAAAAACTACGTTGAAGCCAACGGCGGCGTAAGCTGGACGCCAATCACCCCGGTCACGCTGAAAGTGGGCTATCGCCATGTCAGCGTCGACGGCAAGGATGGCCGCCCGGGCCACACGCTGATTGACGGCGCCTATGTCGGCGGCGGGGTTACCTTCTGATGAACGGCCGCTTCGCCGCGCTTTGCGTTCTGAGCTTCACCGTGCTGCTGTCAGGCTGCGTCCAGTACAAATGGGTGAAGCCGGGAGTCAGCGATACGGAGATGAATAAAAAGCTCACGGAGTGCGAAGCGCAGGCGCTGATCGATCTCCCCCCGGATAACGTCGTCACCGGTTCAAGCTCGGAAAAAACGGACAAAAAGAACAAGAAAAAGGATATTTCCACCAGCTATACGGTTGAGGACGCCAATGAGGGGCGCAGGGATACGCTCGTCGACAGCTGCATGTTTAAGAGCGGCTGGGATAAGATTGAAGTTCAGTGAACGCCAAAAAACCTGCCAGATGGCAGGTTTTTGTCTTCACGCCGTTATTTATGCACGACCACCAGCTTCTGATTCACAAACTCTTTAATCCCGAGATCGGAAAGCTCGCGGCCGAACCCGGAGCGCTTAACGCCGCCAAACGGCAGCTCCGGCGCGGTATCGGTTAGCCAGTTGATATAGACCATACCGGTTTCAATCCGCGACGCCATGCGTTTCGCCCTTTCGATATCCTGGCTGAATACGGCTCCGCCAAGGCCATAGTGCGAATCGTTGGCCAGCTTCACCGCCTCATCGTCATCTTTCACCACGTAGATTTGCGCGACCGGGCCGAAGAACTCTTCAAAATAAGCCGGATTATCGCGGGTAATGCCGGTCAGTATAGTGGGCTCGAAAAAGCTGCCTTCCCGCTGCGCGGGTTTGCCGCCCAGATGCAGTTTCGCGCCATTTTTCACCGCCTCGTCAACCTGTTTGGTCAACGTTTCCAGCGCGTCTTTTGAGGAGAGCGGGCCCAGCGTGGTACTTTCGTCCAGCGGATCGCCGATTTTCACCTGACGGAAGGCCTCGGTAAACTGGCTCAGGAACGAGTCGGCAATTTTTTCATGCAGGATAAAGCGCTTCGCCGCGGTGCACACCTGGCCTGCGTTGTTGAGCCGCGCCTGCACGCCGATCTTCACCGCCTTCGCCAGATCGGCGTCGTCCAGGACCACAAAGACATCGTTGCCGCCCAGTTCAAGCGTCGCTTTCTTGATGTGTTTAGCCGCCTGCGCCGCCACCACGCTACCGGCTTTTTCCGAGCCGGTCAGGGCCGCACCCTGTACGCGATCGTCGGCGATAATCTTCGCCACCTGATCCTGAGAAATAAACAGGTTTGTCCACGCCCCCTCCGGCGCACCGGCTTCGCGTACCAGGTGGGCGAAGGTTTCCGCGCAGTGTGGGACGATGCTGGCATGTTTGGCGATAACCGGGTTCCCCGCCGCCAGGTTCGGTGCCAGCACGCGCATAAGCTGATAATAAGGGAAGTTCCACGGTTCTACCGCCATCAGTACGCCGATGGGATGGTGTTCAACCCAGGCTTCACCCAACTCGGACGGATACTTTACCGGCGCCAAAAACTGTTTGGCGTTGTCGGCGTAGTAGCGGGCAATTTGCGCGCACAGCTTCACTTCACCGCGGCTTTGCTCAATGAGTTTGCCCATTTCCTGGCTGGCGATTTTCGCCAGCTCGTCAACCCGGCCGTCGATCAGATCCGCCAGCTTGTGCAGCACCGATAGCCGCTGCGCTATATCGCCTTTCGACCACGACGAATGATATAGCGCATCCGCCTTCTGCAGAGCCGCTTCCACGTCCGCGTCGCTGTGTGCCGGGTACGCTTTGATAAGCTGATTGTTTGCAGGATTCACCGTCTGATAAGCCATATCGCATGTCTCCTTGTTATCGCTGTTAACGCAGTCATAAATACCGCACAGGATATTAAGGGTAGTCGAGATAGCTGAGGATGCGTCCAGACTCAGAGAGATACGGAATTTTCCCGAAATGGAACGGAGCGCGCTATCGGCATAAATCGCTCATAAATAACAGCGTAATATCAATAAGTTAGTGAGTGTCACCCCGGATATCCGCCTCCGACAAACCGGTAATTCTCAGCACCGTTTCCAGGGCCATACCTTCGGCGAGCATCGTTTGAGCAATACGCTGCGCTTCGGCGCGCTGCCCCTCCTCAACGCCCTCAAGTCGTCCTTCCTGGCGACCTTCCCGCTTCCCCTGCCTGCGCCCCACTTCACGTAACCTTTCGGCGATAGTCATGAGCTTCTCCTTATGCTGCGGAACACGCTGAGCCACTTCGCGGATAAATTTCCCCAACCGAAGCGCTTTGCCCGAGTGAATCAGGTAATTAAACAGCGTTTTTAGCTGCCTGTCATTAGCGTATCCGCTAAGCAAAATGGCCGTCAGATGTTCCACAATGCCCAGCAAATCGCGCTGACGAATATGTTTTTGCATCAGCTCCAGTAAGGCGACTCTTCGATGCTGGACAATTTCGTCATCAGGCACGACGGTAATATCCACCAGCGGAAACGGCATGGTATAAACAGCAATCCCCCTCAGCTAAGGAGCCCACCGTGAGCCATACGCGCGATATTCAGCAAACCTTCTGGCGCGACGAACAGCTGCCCTGGCTGGAGCTGCGCAGCACCTGGCAAAGCCGTCAGGCCTATAAACGTCACCGCCATCCGCAGCTCTCCGTGGGGGCGATTATCGAGGGGGAAACGCGCTGTATCTGCAACGGGCAGGAGTATCTGCTGCGGCCGGGCGATCTGATTATTATCCCCGCCCAGGCGCCCCACAGCTGCAATCCGCGCGACGGCCAGCCGCGCAGCTACCATATGCTCTATCTCGAGCTAAGCTGGTGCTTGCGACAGCTGGCAAACGATGCGCATCACGAGCGGCTGATAACCTCCCGGCCGGTGATTCGCGATGCCGGGCTCTTTGCCCGGTATCTGCAGATCGTGGCGTTGATGACTCAGCAAAACACCGCCGCGCTACCCGCCAGCGTCGCCCGGTTCCTGCGCGACCTGCCGCTGCGCCCGCTCGCGCCTGTGGCGTTTAGTCAGACCAGCGCGCGTTTGTTCAGTCGTCTGGCAACCAATCTGCAGGCGCCGCCGACGCTGGATAGCCTCGCCGATGAGTTTGCGCTGCGCAAAGAGACGCT
NZ_CP180088.1_gap126	5195374	5197187	1813	GGTGTTATTGTTGACCACAGGTCAACAAAGGAGCGAGAAACGATGTTGCATGAGAGGCCGATGAGCTATCTGTATGAAGTCGGGATTCAGGGAGGCATTCGCCGGGCCGCCGATATGCTGGGCATCAACCCGTCAGTCATCAGCCGCCAGATAGCGCAGCTGGAACGGGCGCTGGAGCTGCCGCTGCTGGAACGCCAGGGACGAAACGTGGTGCTGACCGAAGCCGGACGTCTGCTGGCGGAGGACTACTTCGAAAGCCGTCAGCGCCGGGAAAAGCTGGAAAGTCACCTGAAGGATTTACGCCATATGCGCGGCGGGACTATCTCGGTGAGGATTGGCGGCGGGCTGGTCACCACCTTTATTGAATCGGTGATGAGCACCTTTGCGCAGTCCTGGCCTAACGTATTCGTGGATATTATTGTCGGCAGCATGCAGGAGATGCTCAACGATATCGCCAGCGGTGAAGCGGATATGGCGGTCGCCTTCGGCCCCATCGGCAACCCGGAGCTTAAACGCCACAGCTTTCAGTGGGGCCCTATCTGCGCCGTGGTCTCGCCACAGCATCCCATCGCTGCCCTGCCCGCCGTCACCATCGATGAGCTCACGCAATATCGCCTGATCGCGCTCACCGACAGCTTTGGCCTGCAGCGCCATATGAACGCCATGTTTAAAACCGCCGGACGGCAGTTTCACCCGGCCTATCGCTGCAACCTCTTTTCCACCGCCATGAGCCTGAGCCAGGCGGGATTGGGGATCTCTTTTATGACCGCATACGCCGCCCGGGAGGCGATCGCCCACGGTATTCTGACCGCGGTCCCCATCGATCATCCTATCGCCAGCAGCGCCCAGTGCCACCTGCTACGCAACTCCGACCGCCGCTTTTCCCCGGCGGCGCATCATATGTGGCGGCTGCTGCACAACGCTTTTCGCGACGCGCAGCGGGCGCTGGCGGCCTGAGCTTATTCGGTCACTACGAATCGGGTTGGCGCAAAGCAGTTCAGCAGCCGATGCATAAGGAAGACCATGGTCAGCGTAACGATCAGCGCCACGGTGACGGAAGTGATGCGGTACAGATCGCTGAACACCAGGTCCTGGTCCGGATGCAGGTTCTGGCCGAACATGATGCCGATGGTGGTAATGCTGGCGAAGCCAACGCCGGCCCCCACCTTCTCCATCACGTGCAGGCGGGCGCTAAACGCCAGGCCGAGACCAATCAGCGGCATCATCAGCACCATATGATTGCTGAAGTCGTAGATAATCAGCTGCACCACCAGGATATAAAGGCAGGCCAGCACCACCCCCACCACGCGCCAGATCGAGCTGATCACCGCGCCGCGATAGTGCATCGGGAACAGAATTAAAATTCCCGCCATGAGCGCCGACAGCGAGTCGCTCAGGTCGCAGACCTGAAAGATCACAAAGATCATTGTCGCCACGCTGCCGGAGAGCAGCGATTCGTGGCGAATACGGGCAGCATCTTTTTCAATGCGCGGCGGCGGCTTGCGCGGTTCAACGTCCGGGATGAAGTAATTAAGCAATGCGCTAAGCGCCACCGCCATCACGCAGGCCTCCATATTGGAGAACATCAGGGTGTGCCAGTTACTGGTGGGATAGCTCATAAAGTTGAGCATCGTGCTTTGACACACCACGCCCATCGACCCCAGCAGAAACAGCGGCCCCTGGCTCATAAAGCGAAAGCGCATCACGTACAGGCCAAACACCACCAGCGTCATAATCACCGGCCACTGCGACAGATAGCCGACGATTAACACCATTTCGACGCAGTTTACCGCTGCGCTGAACACAAACTGCC
NZ_CP180088.1_gap127	5198510	5202109	3599	TGATTTAACGTAGCGCTAAAGGCGGCGAGCTGCGCTTCAGGGATAGTTTCGGTGACGCGCTGTTGATAGGTCTCAATCACGCGGTTCAGCTTCTCCAGAATAGCGCGGCCTTCCGCCGTCAGCGTCAGCAGGCGTATGCGTTTGTCATAAGGCGATGTAGAACGCAGCAGATAGCCCTGCTTTTCCAGCTGCGTGAGGGTGCGCATCAGCGGCGGCAGTTCAATGCCCTGCACCTCCGCCAGCTCGCTGACCGAGACGTTATCACCCAGCTGGTGCAGCTGCATCAGCACCGTCCAGCTTGACTGGGTCAGGCCGGTGTCGGTGATGGCAGAATCAATAATCGCGCGCCACTGGCGCACCACCATCGCCATGCGCATCCCCATCGGGCGGCGGGCAAACAGGTCGTCTTCGGTCATCTTTTTTTCCTCACTTAACGGTGAGGAAAATAATACTTATCACGGTAAGTATCAAGAAACGAAGAGTGGATAAGCATGAATTGATAAATTCTGTGAATGTATTATCCCCGGTCGCGCTCACGCTTACCGGGGCTACAGTTCTGCGCGGTCTGGTCGCCCGGACAGGCGCGTTAAGCGCCGCCTCCGGGGAAATCCCCGGTCGCGCTTGCGCTTACCGGGGCTACAGCTCTGCGCGGTCTGGTCGCCCGGACAGGCGCGTCAAGCGCCGCCTCCGGGGAAATCCCCGGTCGCGCTCACGCTTACCGGGGCTACGGCTCTGCGCGGTCTGGTCGCCCGGACGGGCGCGTCAAGCGCCGCCTCCGGGAAAATCCCCGGTCGCGCTCACGCTTACCGGGGCTACAGCTCTGCACGGTCTGGTAGCCCGGCCAGGCGCGTTAAGCGCCGCCTCCGGGAAAATGCCGGGTAAAAAATCGCACTTTTTAATTGATCTGATCCCGACGCAGCCCGACATCTTTTAGCTGTTCGTCGCTCATACGCTGCAATGTTCTGCGCGTTTGTTCACGAAGCCACCATTTTTTGATTATCCGCGCCAGAAATACGAAGCCGATAAACGGCTGTCTTGCCCGATTCTCGTGAAATTCCATCCTCTACCTCCTCACCTTGCCAGAGGCTTTATCTTCACGGATCCGCGGGCAAACAATACAGATTCACAAAATACTTTTCTTTAACATACAGATTCGCTAAAACGTACAGCAGACCTCATTTTTACCGCCAATCTGTACTGGTTTATTGATCTGTATGGCGACGATCAAGGATACAGCATGACCCGCTATCAACATCTCGCCAGCCTGCTGGCAGAACGCATCGAACAAGGGCTGTATCGTCCCGGCGAAAAGCTGCCGTCGGTACGCAGCCTGAGCCAGGAACACGGCGTCAGCATCAGCACCGTTCAGCAGGCCTACCAGACGCTGGAACAGCAGCAGCTGATCGTGCCGCAGCCGCGATCCGGCTATTTTGTGGCCCCGCGTAAAGCCCAGCCGCCGGTACCGCCGATGTCGCGTCCGGTCCAGCGTCCCGTCGAGATCACCCAGTGGGATCAGGTGCTGACCATGCTCGACGCCCGCCACGATAAATCGATTATCCCCTTCGGCGGCGGCTCGCCGGACGTCACTCAGCCGAGCCTGAAGCCTATCTGGCGCGAGCTGAGCCGGGCAATTCAGCACAACCTGAGCGAAGTGCTGAACTACGACGAGCTGGCCGGGCGTCGCGAACTGCGTGAACAGATCGCCCGCCTGATGCTCGACGGCGGATCGGTGGTCACCGCCAACGATCTGGTGCTCACCAGCGGCTGCCACAGCGCGCTGTCGCTGGCGCTGCTGTCGGTGTGCCAGCCCGGCGATATCGTCGCCGTCGAATCCCCTTGCTACTACGGCACCATGCAGATGCTGCGCGGATTAGGGCTAAAAACCATTGAGATCCCCACCGATCCGGAAACCGGGATCAGCATCGAGGCGTTAGAGCTGGCGCTCGATCAATGGCCGATCAAAGGGGTGATCCTGGTCCCCAACTGCAATAATCCGCTGGGATTTATCATGCCGGATGCCCGCAAGCGGGCGGCGCTGTGCCTCGCCCAGCGCCACGATATCGTTATCTTTGAGGATGATATCTACGGCGAGCTGGCGACCGAATACCCGCGCCCGCGCACCATCCATTCCTGGGATATCGACGGCCGGGTGATGCTCTGCAGTTCGTTTACCAAAACCATCGCTCCCGGCCTGCGCATCGGCTGGATTGCCCCCGGCCGTTATTACGATCGTCTGCTGCAGATGAAGTATGCCGCCAGCGGTACCAACGTCCCCTCCACCCAACTGGCGGCCTGTAACTTTATTCGCGAAGGCCACTATCACCGCCACGTGCGGCGGATGCGGCAGATCTACCAGCGTAATATGGAGATTTACACCTGCTGGCTGCGGGAGTTTTTCCCCTGCGGGATCTGCGTTACCCGCCCGAAAGGCGGCTTTATGCTGTGGGTCGAGCTGCCGGAGCAGGTGGATATGGTCTGCGTCGCGAAGCAGCTGTGCCGGCTGAAGATCCAGGTCGCGCCGGGATCGCTGTTTTCAGCATCCGGTAAATACCGCAACTGCTTAAGGATCAACTGCGCCCTGCCGCCGATAGATAAACATAAAGAGGTGATGGTACAGCTGGGAATGGCGGTGAAGGTGGCGATGGAGTGGGCGCCGGAGTGAGCTGCGCTGGCCGGTAGCCCGGACAGGCGCGTCAAGCGCCGCCTCCGGGGAAACGTTTCTATTATTTTAACCACGCGGGAATATTATATTCAGGTAAATACTCGACTGCATAAAAATCTTTCCTGTTACTGCCTTTTTGGCAAGTAAGCTCATAGAAACCCCATTTATCATTTTTATCTGTATAAAAAACGGTATATTTATCAGTATTAAAGCCAAAGTATTTTTCATTTTTATTCTTCACTTTTAGCTCACCGCATTTTGCTTCATCACGCCATTCATAATTGATGGTTCTGTTTAACACATAATAAGCAGCATCACCAAACAGTTTAGGAACAAGTAGAAACAAAAAAACTGACATAATAAAGGCACCGGTTAATGTAAATATTCGATACCCTTTCGCTTTATCACCGTAAATGATAAACAATCCATAACAAATTGGCTGTGATAACCACAAGAAAAACATAAGATATGCCGTGGCTTTCCAGCAATATTCTAACCATGGAGAGGACGATAGCTCCAGATTACTAATTTGCCAGAAAATACTGGCTGAATAGCTACTGGTAAATGTAAACACACCTGAAAAGACGGTAACCGCCAGACCGATTATTTTAAGAGTTTTTGCTGTATTATTTCTGGCAATATCTAAAACCGTCAAAATACTGCTAATGAGGATGAGGAGCGAAAAGAAAATCGCTAACCAATACGTTATAGTATTTACAAACACATTAGCAGACAACAATAAAAGCAAAAAAATTGACCATGCAGTTAGCGATAGAATACCAGCAAATCGAGTCAGTAAATGGTCGTTGCATGTACGTACAAAGAAGTTAATATATTCTCTAAGCCGAAATTCTTGAGTGCATGCGAAGATTAAAATAGATATAAAAAGAAACGCAACAAGGTAACTTTTCAACGGAAATTTATAGGGAATTAAATA
NZ_CP180088.1_gap128	5206446	5210511	4065	TTCTGGAGCTGGCGGTGCGCGGCAAGCTGGTGCCGCAGGATCCGAACGACGAACCGGCGTCTGAACTGCTGAAACGTATTGCGGCGGAAAAGGCCGAGCTGGTGAAGCAGGGGAAAATTAAGAAGCAGAAGCCGCTGCCGGAGATTAGCGAGGAGGAGAAACCGTTTGAGCTGCCGATGGGGTGGGAGTGGGTAACACTGGCGACCGTAGGTGAAATAGTCGGTGGAGGTACGCCAAAGTCAGATAATCCACAATACTGGGCCAAAAATGGTATTAAGTGGCTTACTCCGGCAGACCTATATGGGCTCAAAGGGAAGTACATTTCGTCTGGAGCCCGTGATATTTCACCCACAGGACTGTCAAACTCATCAGCTAGGTTAATGCCAAAAGGGAGTGTACTTTTCTCTAGCCGAGCACCAATTGGATATGTCGCGATAGCCGATGCAGAACTATCAACAAACCAGGGTTTTAAATCTTGTGTTCCATATATCAAAGATAGTGCAGAATATATATATTACTTCCTAATGGCATCAGCAAAAAAAATAGATGCAGAGGCAAGTGGTACTACATTTAAAGAAGTATCAGGGGCAATTGTATCGAAAATATTATTTCCTTTACCGCCATTAAGTGAACAACTAAAAATCGTCTCAAGGGCAAATGAACTTATGTCCCTCTGCGACCAACTGGAACAGCACACCCTGACCAGTCTGGACGCCCATCAACAGCTGGTTGAAACCCTGTTAACCACGCTAACCGACAGCCAGAACGCCGATGAACTGGCCGAAAACTGGGCGCGTATCAGCGATCATTTCGATACGCTGTTCACCACCGAAGCCAGCATTGACGCCTTAAAACAGACCATTCTGCAACTGGCGGTGATGGGTAAACTGGTTCAAAGCAGTGATGTTGTCGAGTATAAAAAGCTAAAAACGTTTCTTTCTTTTGGCCCAAGAAATGGGTTTTCTCCTGTAGAATCAAAAAATAATACTCGGATCAAAGTCTTAAAGCTTGGTGCAACTTCTTATGGAGAACTAAATATACAAGAATCCAAGTTTGTAGATATTGACATCGATAATAACAGTCATCTGTATATTAATGAGGGTGACATTTTAATTCAAAGGGGAAACTCTGCAAATTTTGTTGGCTGTAATGTTTTGGTAAAAGAAAATCACAAAAATATCATTTATCCAGATCTAATGATGAAAATAAGAACAAATGAAGATCTCTTACCCGAATATGCTTCTATTTGGCTATCATCACCTTTAGCCAGGGGATTTATGTGGGACAGAATGACTGGAACATCGGGAACAATGCCTAAAATCAGCAAGAAAGTAGTCGAAGAAATTCCGATTATAGTTCCATCTATTGCTACCCAGCAAAAATGCATAGCATTCGTGAATCTGGCTATCAAGATTTGCTCTGATCTTAAAATTCGTCTGCAAACTAGCCAACAAACTCAGCTCCACCTGGCCGACGCCCTCACCGACGCCGCCATAAATTAACCCGCCCTTCATAAACCAATAAAGCGGCTAAATAGCCGCTTTATTCCCATCACCAGAAATAATCCATCCCTTTATCCCCGCCGTTATTTTCATTCATTTTCAGCTGGACTTTCCGTCTATTCCCTGATGATATGTACAGGTATTTATCGCAAGACGCCCGTGCTGCAACACGAGCGCCTCGCTAATCACAATCCCTATTGAAAAGGAATAGAGACCATGACTACCCCGCATTCTATTGCAGAATTCACCGATCCAGAAGTCTCCCCGGAAAATAACCGTAAAGGCACCGTCAGTTACGCGAGCCGCTTTGAAGATCATCAGCGTATCCCGGCGATTATCATGAAAGGCCAGTGGCTGGCAGCCGCCGGTTTTGCCACCGGCGCCAAAATCGATATCAAAGTAATGGAAGGCTGTATCGTGATTACCGCGAAACAGCCGGAGCCGGAACTGGTGGAGTCTCTGCGCCAGCTGCATAAGCTATCGGCGCGCAAGCAGAAGCAGGTGCAGGCATTAATCGGCGCGATCGCCGGGCAGAAACGTAAGCTGGCCTAAGCTAAATTCCCCGGCGGCGCTGCGCTGACCGGGGCTACGGGATACCGGCCGTCTGCGGACCGGTAGCCCGGACAAGGCGCGTCAAGCGCCGCCTCCGGGATTTCTCTTCTCACGGCACCTAAAACCACATAATGCGCTCATATCACCGCATATTTTAAATCATACTGCCGTACTCAGCAGCGTAATATGCTGGATAATAACCCCGGAGCAGTAAACAATTAGCAAATGACCACTAAAGCCAAAATAACAAAAAGTTTTTTGCTAAATAACCAGCATATAAGAAAACCCCACCAATATATCTAACCGCCTGATTCACCAGCAAATATATACCATTTATTTTTGAAAAAACTGACCTGATTGCCTTCCTGTGATAATCCCGATAAATTCACTCATTCCCTATACGGGAAACTCTAAATATAAAAAACACAACAATATAACCGGGATGAATGTCATGAAAATAACCAAAGATCGGGTGGTTTACGCCATGTCGCGGGATAACGCTCCTGTCGCTACCGTCAGCAGCGGAAGTGAAGTGCTGTTCGAAACCTGCGACTGCTTCTCCGACCAAATCACCTCCGCCGATGCCGTGTTCAACGAGCTGGACTGGCAGCGCATCAACCCGGCGACCGGGCCGGTGTACGTCGAGGGCGCCGAGCCGGGCGATGCGCTCAAGGTCACCATCAAACGCATTACCCTGAGCAGCAATCAGGCGGTGATGGTCACCGCGCCGCAGCTGGGGGTGATTGGCGACGAGCTCGATGCTCCGAAGGTCACCATCGTGCCCATTGAAAACGACCATGCCGTGCTGCCCGGCAACGTGCGCGTGCCGCTTAATCCGATGGTCGGCGTGATCGGCGTCGCGCCTGCCGGGGAAGCCATCTCCTGCGGCACGCCGGATAGCCACGGCGGCAATATGGACTGCAAAATGATTACCGCCGGCAGCACCCTGTGGCTGCCGGTCAACGTTCCCGGGGCGCTGTTCGGGCTGGGCGATTTACACGCCGCGATGGGCGATGGTGAAGTCTCGGTCTGCGGTCTGGAAATCCCTGGCGAAGTGCTGGTCGAACTGACGGTGGTTAAAAACCGCCGCCTGCCGCTGCCGATGCTCGAAAACAGCGAGACCCTGTTTACCCTCGCCTCGGCGCTGACCCTCGATGATGCCGCCGCCCTGGCCACCCGCAATATGGCGCACTTTATCGCCGACAATACCTCCCTGGCGCTGGCTGAAGCGATCAGTATTCTGAGCATCGCCGGCGACCTGCAAATCTGTCAGGTAGTCGACCCGCTGAAAACCTGTCGTTATGCCTTACCGAAATCAGTGGCTGAACAGCTCTCCCTGAGCATCGAAGGGGAGCAGGCATGAGCGTCGAACAGTTTGGCTATAAGCAGGAGCTGCACCGGGCGCTGACCTTCCGCGACCTGCTGGTCTACGGCATGATATTTATGGTGCCCATCGCGCCGTTTGGCGTCTTTGGCTACGTCTGGGACGGCGCGCAGGGCATGGTGGCGCTGGCCTATCTTATCGGTATGGTGGCGATGTTCTTTACCGCCATGAGCTACTGGTCGATGTCGCGCGCGTTCCCGGTTTCCGGCTCGGTATACGCCTATGCCCAGCGCGGGATTCATCCCATTGTCGGCTTTTTTGCCGGCTGGCTGATCCTGCTGGACTATATTCTGGTGCCATCGCTGCTCTATATCGTCAGCGCGGCGGCGCTGGCGCCCATGCTGCCGGGCGTGCCGGGCTGGCTGTGGATTGTCGGCTTTATCGCGATTAACAGCCTGATTAATCTGCGCGGCATTACCTTTACCGCACGCGCCAATAACACGATTCTGATCGCGGAGATCGTGGTGCTGTCGGTGTTCGTCGTGCTGGGGCTGATTGCGCTCTACTCCGGCGCCGGGGCGGGCCATCTGACCCTCGACCCGCTCTACAACGCCGATAAGTTCAGCCTGCCGCTGGTGATGGGCGCGGTCTCCATCGCCGTGCTCTCGTTCCTCGGCTTCGACGGGA
NZ_CP180088.1_gap129	5271410	5273008	1598	CACCCTTTCAACAGCTTCAACGGATTGTGCCCATTTATGACTATCTGAAGATGTGCTAATGGTATTCTCAAGATTAGCGCGAATGTAGTCCCAAAATTGGTGTGGTCTGTAGCAGGAATTGTCAGTTAAATCCGTAACTTTCAAATAATCTTGAAAAGCGCAAACCTCACTGGATGATAAAAAAGTAAATATGCTTCTTTCGTTTTGCGAATACTGTTTTCTCGAAACTGAACTTAACAAAACAGGCATCACAGGATGTAAGGGCCAGCACCCCTTCAACGTATCAATAAACCCTTTATCAATAGCTGGGCGGTGTTTAGATATTTCATCAAAAACATCTTTAAAAATCTCAGACTTAGTAGGAATAATATCACAACTTATTGCGTTGGATATTAATTCAACAACTTCATCAGATCCAACAATGACAGGTAAATCAGCATATCGCCCCTGTATTTTCGACCATTCATCAATAATATTCTGGCCCGATTTTATTGCATACTGTCGAAAAGATTGATGCAATATACCTATAACAACTAACCGACCATTACTTCTTGCTGCAACCTCTGCAATTTCTTGGAAAAAATGTATGTCGTGGCCCGCAGACAAAGCTTCTTCTAAAAACTTCCCCATCTCATCGATAATTACAAGTAAACCATCATCATTATAAGAAAGCTCAACTAATTTTTTAACTAACTCTGGAGGAGTTAAGTCATTTGGTAATTTTTCTTCCCAAGAAAAATTATTATTAATTGAATTAATAATCTCTTCAATATAGTTGTTTTTTTTACCAACTATTGGCAAAACACGCCATCCCTGAGATTTTATAGGAAATGCAGATTCTATAAGCTCTTTTAACTCAGGTTTAATTTTATTTTTTACATGCTCTCTTATATGTACTGCCCTACAAATAGCTGAACTAAAAGCCAATGCCAAGGATGATTTTCCACTACCATATGGTCCTGTAAAGGTAAACGCCCCCTGGTTATTTAAAAGTTTTTGATTTGCCAAGTTAGCTATAATTTGATTAGCTGTTTCATGAAAAATATAACCCTCAAAGGCTTCCTCTTTCAGAAAATCAGAATCAATACGAATAGACTTCTGATATTGAAGGGAGATCTCAACTTTATTCCCCATTTTATTTTCATTATTCATTATAGCTACTCTCTAATCTTGAAACTGCCAATTTAGTAAACTCATCACCTCCCAGGCCTTGCTTTTTCATTACTTGATGTATCCCGGAAGTACTTGCCCAAATCAATAAATCACCAGTTCTTTCTCCAATTCCAATTAATCTCTCAGCTATTGCATCTTCATCCATCTTGAACACTAAACCTAAAGAACCTTTTGCATGACAAATATCATACAGCGATAAAGCATTCAGATCCTTTGAGAGTGATTGCCAAAAGATAATCAAACAATAATCAAAAATTCCATCGGGTAATGTACTCCTCGTACCACGCTGGAAACCTAGTTTTCCAGATGTAGTGGGCCTTATTAAGGCTAATTCTGCAAGAACCGGCTCAGAAATATCATCAGAATTATTATTTTTAGGTAACGAAATATAACTTCTTAAACAGACATCAATATCACGCTGTAAG
NZ_CP180088.1_gap130	5276058	5278452	2394	GTGCTGCTCTACTACATCCAGAACCTCGCCTGGGACACCCATGATTTAGGTAAAGCTTCCGCCGCCACCTTCCTGACGCTGGCCGGGCTGTTTGCTTTCTCGCTGATTAACCTCAAACTGCTGGAGAAAGGAGCGCACTATGAGCGCTGAAATCTCGCCGCTGGCGCTGCGATCGCACAGCGCATCGCGCCCGCTCTGGCTGCGCCTGCGCCGCTCGCAGCCCTTTACGCTCACGGTATTAATGTGCTGCCTGGCGCTGTTGTGGATGAGCCCGTTTTTATGGATGCTGGCGACCTCGTTTAGCGCCACGACCTTCGGCGAGGATATGGCCTCCCTGCTGCCCCGTATGCCGCTGACGCTGGATAACTTCCGCGATGCCTGGGCCAGCGCCGACTGGCTGAGCCTCTACGCCAACACCCTTATCTTCACCTTCGGCACCTTCTTCGTGCAGCTGTTGACCATCACCACCGCCGGCTACGTCTTCGCCTGCCACGAGTTCCGCGGCAAGAAGACGCTGTTCCTGATGTTCCTCGTCCAGCTGATGATCATGCCGGTGGTGATGATGGTGCCGAACATGCTGACCCTGAAAACCTTCGGCCTGCTCAACACCCTCACCGGGGTAATGATGCCCTACTTCACCTCGGCGTTCGGCGTGTTCCTGATGCGTCAGGCGTTTCTGTCCATCCCCAAAGAGCTGGAAGAGGCGGCGCTGATGGAGGGCTGTCGCTGGTGGCAGGTGCTGTTCCGCGTGCTGCTGCCGATGTCCTGGCCGTCGGTGCTGGCCTTCGCCACCGTCAGCATTACCTACCACTGGAACGAGTATCTGTGGCCGCTGATGATGCTGAACGACCCGGACAAACAGGTGCTGACCGTGGGGCTGGTCTCGTTCGCCATGGGCGCAGAATCCGGCGGCCAGTGGGGCATCATCGGCGCCGGCACGCTGATGGTCTGCCTGCCGCTGATGCTGGCGTTCATCCTCTTCCAGAAACAGTTCCTGCGAAGCTTCGGCTTCTCCGGGATCAAATAAGGAGCTCTTCATGCTGTTAGCGCAAATTTCCGATACCCATTTCCGCAGCCGCGGCCAGAAGCTGTACGGCTTTATTGACGTCAACGCCGCCAATGCCGACGTCGTCTCCCAGCTGAACGCCCTGCAGGAGCGTCCGGACGCGGTGGTGGTGAGCGGCGATATCGTCAACTGCGGCCGCCCGGAAGAGTATGAGGTCGCCCGCCAGATCCTCGGCAGCCTGAACTATCCGCTGTATCTCATTCCCGGCAACCACGACGATAAAACGCTGTTTCTGGAATACCTGCATCCGCTGTGCCCGCAGCTCGGCCGCGACGCGCAAAACATGCACTACGCGGTAGACGATTTTGCCACTCGCCTGCTGTTTATCGACTCCAGCCGGGCGGGTACGTCGAAAGGCTGGCTGACCGAGGAAACCATCAAGTGGCTGGAAGCCCAGCTGTTTGATGGCGGCGATAAACCGGCGACGGTGTTTATGCATCATCCGCCGCTGCCGCTGGGCAACGCGCAGATGGACCCTATCGCCTGCGAAAACGGCCATCGTCTGCTGGCGTTGGTTGAGCGTTTCCCGTCGCTGACGCGCATTTTCTGCGGCCATAACCACAGCCTGACCATGACCCAGTATCGCCAGGCCATCATCTCCACCATCCCGGGAACCGTCCACCAGGTGCCCTATTTTCATGAAGATACCCGTCCGTATTACGACCTCTCTCCGGCGTCGTGCCTGATGCATCGCCAGGTCGACGAGCAGTGGGTGAGCTATCAGCATCCTCTGTCCCACTACGCCGGACCGTGGATGTACGACGAAAATATCAGCTGCCCAACGGAAGATTGCTAAACGCCATGCTTAGTCTGCAAAACATCAGTAAACAGTTTGACGGTAAACCGGCCCTCAGCGCCCTGTCGCTGGATATTCGCGAAGGGGAATTCGTGGTGCTGGTGGGTCCGTCCGGCTGCGGTAAAAGCACCCTGCTGCGCCTGCTCGCCGGGCTGGAGCCGGTCAGCGAGGGGGAGATCTGGCTGCACGATGAGAACATCACCGAGATGTCGCCCAGAGAGCGCAACTTCGCGATGATCTTCCAGAACTATGCGCTGTTTCCACACCTGTCGGTGCGCGACAACATCACCTTCGGCATGAAGGTGCGCAAAGAGGAGAAGACCAGCTGGCAGCCGCGGGTGGATAAAGTCGCGCAGATGCTGCAGCTGGATACCCTGCTCGATCGCAAACCGGCGAAGCTCTCCGGCGGCCAGCGGCAGCGGGTGGCGATGGCGCGGGCGATTGTGCGCAATCCGCGCCTGTTCCTGATGGATGAGCCGCTCTCCAACCTCGACGCCCGCCTGCGTAGCGAAGTGCGCGACAGCATTATGGA
NZ_CP180088.1_gap131	5281763	5285239	3476	ATATAGACCGGTACGGTGGCCGCCGCCCCGCCGACCGCCACGCCGAGAATAAGGCGAAAGAAAATCATCCAGTTAACGTCCGGCGCCATAGAGGTGCCTATCGCGCCGATGGCAAAAAGCACCGCCAGCCACAGAATAATTTTCTTTCTGCCCGCTGCATTCGCCAGATTGCCAGAAAGCAGCGCGCCAAAGGCGGCGCCGAATAGCAGCGAGCTGGTGACCAGACCGGTGGTAAAGGGAGTAAGATGAAGCTCGGTGCCCATAAAGAGTAAGGCACCGGAAATCACCCCGGTATCATAGCCAAAAAGTAAACCGCCAAGCGTCGCGATCAGGGCGACAACTTTTACAAAGGGCGTTGTCGGGGTCTCGCTATTCGGTCCCGACGCTTTATTGAGTGTAAGATATTGTTCCTTAGACATAATAGACTCCAGTAACCCGCCTTGTTTGAGGGAAGATTTGCTCTAGTCTGAATGCAGAGGCTGAGGCCTCACCGACGTGTTGTTTTCGTTCTACGTCTTGAGCTACTGCTGAGTGATGGGGTAAAAAAAGCAGGCCATACGACGTATGGCCTGAAAATAAAACAACGATTAGATTCCTGCCGTCTCGCGGATATATTTGCGCGCTTTTACGGCGTATTCGAATGGGTTGGCCAGCGCCGGATCCTGCTCGGCCTCAACCACCATCCAGCCTTTATAACCATGCTCGTCCAGCAGCTTGAACACCGGACGGAAATCAATGACGCCGTCGCCCGGCACGGTGAAGGTCCCCTTCTTCACGCCGTCCAGGAAGGAGAGCCCTTCGCGACGCACTTGCTCGATCACCGGCGGACGCACGTCTTTCAGGTGCACGTGGTTAATGCGCGGCAGATATTTTTTCAGAATCGCCAGCATCGGCTCTTCGCCGCCTTCGGAATACCAGGCGTGTCCGGTGTCGTAGAGCAGGAAGACTTTGTCATCCACCAGCGACATAAACTTGTCGATCTCTGCCGTCGTCTGGATACCGGTGCCCATATGGTGGTGCAGACAAACCTGCATGCCCTTTTCCGCCGCCAGGCGACCGAGGGTGTTATAGCCTTCCGCCACCCGCTGCCACTCTTCTTCGCTAAAGCACGGTTTCGCATTCTCCAGGATGGGCTTTTCCAGCCCCTGGATGCTACCGCTCTGCTCAGAGCAGCCGATCACTTTCGCGCCCATAGCATGCAGGAAATTCATGTGGTTAACGAATTCATCAATGGTCTTTTCCCGCTGGCCGTTAGCAAAAAAGGTGCTGAACCAGGCGTTGCAAATCTGAATGCCGCGGATATCCAGCATCGGCTTGAGAACCGCCGGATCGCGTGGATATTTGCTGCCGACTTCGCTGCCGGTAAAGCCCGCCAGCGCCATTTCGCTGACGATTTGCTGGAAAGTATTCTCGCTGCCCAGCTCCGGCATATCGTCGTTAGTCCAGCCAATCGGGGCGATAGCCAGTTTTACGTTATCTTTGTTCATAGTAGGGGGCTCCTGCCGCTGCGCCTTACCGGCGCAGCAATTCACGTTCGATGAGTTCACGGGTTTCCACTGCCTGGTATTTCATTTTTTCCGGGTAGCCGAACAGCGAGGTGGCCACAATCGGCTCACCGCCGACCTTGAAGGTCTGCTCGGCAAATTTCATATCGCGCAGGGTGCGGAACAGCGCGTCGAAATCAACATCCCCTTCTCCGACGCCCACGTGCTGGTGAACGACGGCATCTACGCCCGGTGGGTTAACAATATAGCGGCAGTGTTTTGTATGGTTGCGGGTATCCGCGATCAGCACATGGGAGAGATCGCTTCCCGCGTAGCGCAGCATCTTCTCAACGTCGCCCACGCCTTTGTCATAGAAGAAGGTGTGCGGGACGCTGTAAACGTACTTAACGTTATCGCTGCGGAACGACTTCACGATATCGACGGTTTCGTTGTTCTCTTCGCAGAAGTCCCACGGATGTGCCTGAATTTCAACGCGGATGCCTTCGCGCTCAAAAATTGGCAGCAGCTCTTCCATGGAGCGATAGAACATCTCATCGCAAATCTCCGGCTGGTTAGGATCGCCGGAGAACTCGGTGTTGATCACCTGTACACCCATTTCAACCGCGATTTCGATCAGCCGTTTCCAGTTTTTTACTGCCGCCTGACGGCGCAGCTCATCCGGACCGGACCAGCGGTAGACGCAGATAAACGAGGAGAGCTCCACGCCGGTATCGCGCAGCGCCTGCTTGTACTCAGCCATAATTTCCCGGCTGGCGCGCGGGTGCTTGTAGAACGGGTTGATCTGCGGGTGCGGCGATTGCTCAATGTACTTGTAGCCCCACTCCGCCACCTGATGGACCATTCGGGTTACCCCGAGGTCTTTAATGACATCAACGTCAAAAGCAATTTTCATCGTCGTTACCTGTGCAAAGAAGTTCCGTCAGCAAAGCGGGATTAACGTTTGTAGAATGCCGGGCATTCCGGCAGCGTCACCTCAACCGGCTCGCTGGTTTCCTGGGCTTTGATACAGGCGTCGGCAGCAACGGACGCCGCGTAGCCATCCCACGCCGATGGGCCGTGCAGCTGGCCGGCCTGAACATCATTGATAAAGGCCTGTAGTTCAACGTCATACGCTTTGATAAAGCGATCCTTCCAGTCGGTCAGGATAGCGGTCGACAGGTTAGCGGCTTTGCGCATCTGCACAGCCGACGGCTCAGGCAGGCGGGCAATCCCGGTTTCCCCTACCACTTCACACTGGATGTCGTAGCCGTACTGGCAGTTCACGAAGACTTCCACGTCGATCAGCGTGCCTTTTTTGGTTTCAAACGACACGATCTGCGGGTCTTTCAGGCGCGCGTGGGTGTGGGACGTGGAGCGCGGGAAGCGCACCTGCACGGAAACATAGTCGTCATTCAGCAGCCAGCGCAGAACGTCCAGTTCGTGAATCAGGGTGTTGGTGATCGCCATGTTGGTGATGTAATCCTCACCCACCGACTGGTTGCGGTGCGCGCAGCGCAGCATCAGCGGCGCGCCGATATCGCCGTCATCGATCACTTTTTTCAGCGCCAGATAGCCTTCGTCGTAAGGGCGCATAAATCCAACCTGCACCAGGCGGCGACCGGCCTTCATTTCCGCATCAACGATGCGGCGGCAGCCTTCCGCGCTCATCGCCAGCGGCTTCTCGCAGAACACCGGCTTCCCGGCGGCGATGGCGGCCAGGGTGTACTCTTCGTGGGTGGGGTCCCATGAGGTGACCAGAATAGCGTCCACGTCGCTGGCCTTAATCACGTCATGACCGTCGGCGTACACTTCGGCGTGCACGCCCGGCAGCGCAACCGCGGCGCGGGCGTTCTCTTCGTTGATATCCGAAACCGCCACTACCGTGGCTCCCTGCAGTACCTGAGTGCAACGACGGATATGCTCTTTACCGATAGCGCCGGCACCGATGACACCTAATTTGAGTGACATAGTTGGTTTTCTCCCGAGATTTGT
NZ_CP180088.1_gap132	5324961	5329938	4977	GCCTACATTGAATATCGCCACGACCGCGATAGCCAACGTGAAAAGCGCGGTCGTCTGAACCAGGAAATTCGCGGCCTGGTTGAGCAGACCAACTCGGCGTTACTCAACGAGAACGCCAACAAAGACAGTAAAGTCATCCCTACCCAGCGCGATCTGCTGGCGGGCATCGTCGCCAAGCACTACGCGCGCCAGCACCTGCTGCCGCATGACGTGGTCATGGCCCACGAGCGCGGCGTGATCCACTATCACGATCTCGACTACTCCCCATTCTTCCCGATGTTCAACTGTATGCTGATCGATCTTAAAGGCATGCTGACCCAGGGTTTTAAAATGGGCAACGCCGAGATTGAGCCGCCGAAGTCGATCTCTACCGCTACCGCGGTAACGGCGCAGATTATCGCTCAGGTCGCCAGCCATATTTATGGCGGTACGACCATCAACCGCATCGATGAAGTACTGGCGCCGTTTGTTACCGAAAGCTTCAATAAGCACCGTAAAATTGCCGAAGAGTGGCACATCCCCGACGCCGAAGGCTACGCCCGTTCCCGCACCGAGAAAGAGTGCTACGACGCCTTCCAGTCGCTGGAATATGAAGTGAACACCCTGCATACCGCCAACGGTCAAACGCCGTTCGTGACCTTCGGTTTCGGCCTCGGCACCAGCTGGGAATCGCGTCTGATTCAGCAGTCCATTCTGCGCAACCGCATTGCGGGACTCGGTAAAAACCGTAAAACGGCGGTATTCCCGAAGCTGGTCTTCGCCATTCGCGACGGCCTGAACCACAAGTTCGGCGATGCGAACTACGATATTAAGCAGCTGGCTCTGGAGTGCGCGAGCAAGCGCATGTATCCGGATATTCTTAACTACGATCAGGTCGTGAAGGTGACCGGCTCGTTCAAAACCCCGATGGGCTGCCGCAGCTTCCTCGGCGTGTGGGAAAACGAGGACGGCGAACAGGTGCACGATGGCCGCAACAACCTCGGCGTTATCAGCCTCAACCTGCCGCGCATCGCGCTGGAAGCCCGTGGCGACGAGACTGAGTTCTGGAAACTTCTCGACGAACGCCTGCAGCTGGCGCGTAAAGCGCTGATGACCCGCATCGCCCGCCTGGAAGGGGTGAAGGCTCGCGTGGCGCCGATTCTGTATATGGAAGGCGCCTGCGGCGTGCGTCTGAAAGCGGACGACGACGTCTCTGAGATTTTCAAAAACGGCCGCGCGTCGATTTCGCTGGGCTATATCGGCATTCATGAAACCATCAACGCGCTGTTCGGCAACAAGCATATGTACGATAGCGAAGCGCTGCGTGAGAAAGGCGTCGCCATCGTTCAGCGCCTGCGCGAAGCGGTAGACCAGTGGAAAGACGAGACGGGCTACGGCTTTAGCCTGTACAGCACGCCGAGCGAAAACCTCTGCGACCGCTTCTGCCGTCTGGATACCGCTGAGTTCGGCGTGATCGAAGGCGTAACCGATAAAGGGTATTACACCAACAGCTTCCACCTTGACGTAGAGAAGAAGGTAAACCCGTACGATAAAATCGATTTTGAAGCGCCTTATCCGCCGCTGGCTAACGGAGGCTTTATTTGCTACGGCGAGTACCCGAATATTCAGCACAACCTGAGAGCGCTGGAAGACGTGTGGGATTACAGCTATCAGCACGTGCCCTATTACGGAACCAATACGCCGATCGACGAATGCTACGAGTGCGGCTTTACCGGTGAGTTCGAATGCACCAGCAAAGGCTTCACCTGCCCGAAATGCGGCAACCACGATGCCTCCCGCGTGTCGGTAACCCGCCGCGTGTGCGGCTATCTCGGGAGCCCGGACGCCCGTCCGTTCAACGCCGGCAAGCAGGAAGAAGTGAAGCGCCGCGTGAAGCATCTGGGCAACGGGCAGATCGGTTAATTCCGGGTGGTTTAGCCCCTCCCCTAATTCTCTCCCCTGCCGGGAGAGGGGGCCGGCCGGTCACTCAGGAGCTGTTCCCGGATCGCGGCGCAAAGCGCCTTATCCGGGCTACAACCGCGTATGCGGCTCTTCGTAGCCCGGCCGAGCGCAGCGACGCCGGGAGCCGTTCCCTTTACAAATGCAAAGCTCCTCCGTTTTCGCAAAGCAATTCGCGTCAGAGCAAGGCGGCAAACGAGGGAATCCCCGGGAGCGTACATTAAGTACGTGACTGGGGTGAGCGAGCGCAGCCAACGCGGCTATGGCGTTAATTGAGAAGCGAAAAATGAATTACCATCAATATTACCCGGTAGATATCGTTAACGGTCCGGGCACTCGCTGCACCCTGTTCGTTTCCGGCTGCGTTCACGAGTGCCCCGGCTGCTATAACAAGAGCACCTGGCGGCTAAACTCCGGCATGCCGTTCACCGCCGAGATGGCCGACCGCATTATTGCTGACCTCAACGATACCCGCGTTAAGCGCCAGGGGATCACGCTTTCCGGCGGCGACCCGCTGCACCCGCAGAACGTCCCGGAGATCCTTAAGCTGGTGCAGCGCGTTCGCGCCGAGTGCCCCGGCAAAGATATCTGGGTGTGGACCGGCTACAAGCTGGACGAACTTAACGCCGCGCAGATGCAGGTGGTGGATCTCATCAACGTGCTGGTTGATGGCAAATTTGTGCAGGACTTAAAAGACCCGGCGCTAATCTGGCGCGGCAGCAGCAACCAGGTTGTACATCACCTGAGATAGCCTCCCGCTACAGCCGTTTATGGACGTTCCGATAGACGGCTAATTTCTCTCGTTTTCCCACAGCAATAACATAAACCCTCACCACCCCATCCCGAACCTGATATACCCGTCGGTATCCCAAAGCGCGCGCGGCTCGAACTCTGGCTGCGCATCTCAAAACCGGCTGACGCACTCCATGGCCACCGTTTTAAACTCAGCAAAACTGCGGGTGGCGGCAAGGCGGGCCATTGCCCGTTCGCGCAGGAATGTGACGAAAATATCGTAGATGGCCATCGCCTCTTCATACTCGCTTTTACTGATGGCGAGCAGGAAGATGATATGCGCGGTTTCGTCGCCCCAGGCGATACCGTGCGGGGCGATAACCGTATAGACCACGGTCTTTTTCGCCAGCAGGCCGAGGGCGTGGGGTAACGCAATACCGTCTCCGAGCATGGTGCTGACGATAGCCTCACGCTCCACCACCGACCCATGAAACTCCGCTCCGACAAACCCCTCCTGCTGCAGCTGCTGGCACAGCGTGGCAAACAGCGCCTGCTGATCCATCGGGGTATCTATCACCTGGAAGTGGGCCTCATCAAAATACTTATTCAGCATCCAGGGACGCGTGCGGTCCACCAGCACCAGCTTGCCGATTTGGTCGAGCTGGTAGTCGGTAGGAAACGGCGCAATGGTGACCACCGGCTTCTCTTTCTCGCTGATGCGCACGGTGGAAATAACAAAATCTTCCGCGATCTCTTCCCGCTGTTCATATTCGCGTTGCGAAAGGGTGGCGGCAATTTCCAGCTGCGGATACTTACGCTGCAGGATGGCTTCAATCATCCGCACCATCGCGTTGCTGGTATCGCAGACCAGCAGCACCTGCGGCTGACGCTGATAGCCGATATTGTAATGGCGCTCCAGCCCGACGCCGATATGCAGCACCAGAAAGCCGATCTCGTTTTCGCTGATGGCGTAGGGAGTATATTTCCCCCAGCTCGATACCGCCGCCAGGGTCATGTCCCACGCCATGGGGTAGTGCTGTTTGATATTTTCCAGAAGCGGGTTGGGGATCATTATCTGGTAGCGCACGCGGGTGATCATGGTCTTAATATGGGTCAGTAAATCCGCATGCAGCTGGGCATCGTCCAGCAGATTGTAGTTATATTGCTGATTGATATAGCGCAGGATGTAGTTCACCAGCGCTTCATCGTCGTCGGCGCTGATGGTGCCCGGATCGACGTCCTGCACCTGGCGGGCGGCAAGGTGGACGCACAGCCACTCTTCTTCCGCCGGAGCAAGCAGTTTGCCCGCCAGCTGCTGCATCGTGTTTGCCAGCTCGCGTGCGGCGTCGCGTACGTTTTGCGCCACATCCTCGGCGCTAAAATCCGCCAGCGGATACCCTTCGCTCACGCGGCGCACGGCAACCGCGCCGTACAGGCAGATAAAGCGCTCCCCGGCGTCCGTCAGCCGCACGTGATGGCGGGTTAACGTCTCCTGCAGCACGCCGGCCAGCAGCGTCGGTACGCTGGCGTCAAACGCCTCTCCGCCAATAAGCGAGTTAAGCGGCCCCTGCTGGCTCAGCTCCCACAGCAGATCGGTCAGGCAGGCGCGAATGGAGACCTCGCTGCCGAACAGCTTCATGCCGTGGCGCGGCCGGGTCTCGAGGGTGAGCTGATAACGCTGAAAACGCTCGCGTACGTCAACCATATCGCCCTGTAAGGTGGCGCGGCTGACGAACCACGCATCGGCCAGATCCTCCAGCTTGATAGAAAACGCGGAAGTTAAAAAGCGCACCAGCAAAAAGTGGATGCGATCCGCCGCGGTTCGCGGGATATGCTGCGCTTTCGGCGCGCTCTCTTCCAGCGTCTGATAGCGCGTCGGATCGTGAATCACCAGCTGATAGCCGCTGCCGCGGGTGAGGATAAACTGCGCGCCGTAGTGCAGCAGCAGCGCGTTCAGCGCGGTGATATCCGCGCGTACCGTGCGAGTAGAAACCGACAGCCGCTGCGCCAGCTCCTCCTGCGGCAGCGTTTCGTTTTGCAACAGAGTAAACAGCTGCGCTAAACGTTGATGGGGAAATCGCATGTCAGTTCCTTTTTCTTACGGCTCAGGGTTGAGCGGATATCACCATCTGCGACGGGCTGCCAACCGGGGTGTAGTCCGGAGAGAACGTCAGCCTGCCATCCTTCGACGCGACGCGAAAGCGGGTGATGTTGTCGCTACGCTGGTTCATGACGTACAGCCACTGCCCCTGACTGTCCAGCATCAGCGTGCGCGGATAGTCGCCGCGGGTCCAGATATCGTCCTGG
NZ_CP180088.1_gap133	5403831	5408604	4773	CAGGCGGCTCCGCCAGATGAACCCGAGGCGGCGGACTCTCGCGAACCTCCGGTATTCAAACGCGGCGCGGCGGGCTCATCCCGGTAACGGGGAGCGGCGCTTTCACGCGCGACCGCCGGCTGGGCAAAATGATTGCCGCCCGCCGCAATGCGGTTTTCCGGCACCTGCCGCGGCGCGGGCTCATCGCCCTCTTCCGCCAACGGCACCTCCAGCTGCTGCTGCAGGACGCTCAGCACGCCCTGATAGATAAAGTCATGCACCAGGCGCGACTGATGAAAACGCACTTCATGTTTGGCCGGATGGACGTTCACATCCACCTGATGCGGATCTATCTTCAGATATAGCACAAAGGCAGGCTGCTGGTCGGCGCCCAGTTTGTCTTCACAGGCCTGGCGAATCGCGTGATTAATCAGGCGATCGCGCATCATCCGCCCATTGACGTAGCAATACTGAATCTCCGCCAGCGTCGGATTGGTATGTAGCGGATCGGCCACCCAGCCGCTGAGGGTCAGGTCGCCGTGCTGCCACTCAATCGCCAGCGCGTGTTCGAGAAATGGCAAACCGCAGATCGCGCCCAGACGCCGCTCACGCTGACCGTCCTGCGATACCGCCCGGTACTGGCGCACGGCCTTGCCGTTGTGGCTGAGGTTGATGGTCACGTCGAAGCGCGCAAGCGCAATGCGCCGCACGATCTCGTCGATATGGCCAAACTCGGTTTTCTCGGTGCGCATAAATTTGCGCCGGGCGGGGGTGTTATAAAACAGATCCAGCACTTCCAGCGTTGTTCCCACCGGGTGCGCCGCCGGCTTCACGGTGACCGCCTGATCGCGCCCTTCGGCATAGGCCTGCCAGGCCTCCTGCTGCTCCTCGGTACGCGAGGTCAACGTCAGGCGAGCCACTGAGCTGATACTGGCCAGAGCTTCGCCGCGAAAGCCGAGGCTAATGATCGCCTCAAGGTCATCCAGCGAAGCAATTTTACTGGTGGCGTGACGAGCCAGCGCCAGCGCCAGTTCGTCTTTTTTGATGCCGCAGCCGTTATCGCGAATGCGGATTAACTTCGCCCCACCGCGCTCAATATCAATGTCGATACGCGTCGCCCCGGCATCGAGGCTATTTTCCACCAGCTCTTTGACCACCGACGCCGGACGTTCCACCACTTCACCTGCGGCAATCTGGTTGGCGAGCTGCGGCGGTAGAACCTGAATCGGCATGGCCGTCTCCTTAATTTAACAACGTCCCGTCTGACGAACCTGCGCTGGCAGTCTGCGCGGCTGCCCCGCGCGGCGCGGATTGCAGAGGGTGCTGCATAAAGTAGTTACGCAGGCCGTTATAAATCGCCTCTGCGACCTGCTGCTGATAAGCATCGCTGCCCAGCAGCCGCTCTTCGCCGGTATTACTGATAAAACCCGTTTCCACCAGGATCGACGGGATATCCGGCGAACGCAGTACGCCGAGGCTGGCATGCTCAGGACGACGCTTATGTAAATCGCCGATCCGCTGCAGCTGGCTCAGCACATTGGTCGCCACATCATACCCGACGCGCTGGGAATGGCCGAACTGTAAATCCAGCACCGCCTGGCTCAGGTAAGGGTCCGACTGGCTGTTGGCCAGTACATCGCCCGCGCCGCCCAGCAGTTCTGACTGTTTCTCATGCTGCTCGAGCCAGCCGGCCATTTCGCTGTTCGCGCGGCGGTTGGAAAGCACCCAAACCGAGGCCCCGGTAGCATCGCGATTCGGCGCAGCGTCGGCGTGAATCGAGACAAGGAAATTGGCGTTTTGCTTACGTGCGACGTCAGAACGCCCCATGACGGAAATGAAATAATCGCCGTCGCGCGTCAGCACGGGCCTGAACTGCGGATCGGCATTCAGCAGCGCGCGGAGCTTGCGCGCAATCGCTATGGTCACATTCTTCTCTTTCGTGCCGTTCGGACCAATGGCTCCCGGATCCTGGCCGCCGTGGCCGGCGTCAATGGCGATAATCACTTTATCGTCGCCGGAAACGGTACGCGCCGCAGGACGCGTTACGCTACTGGTGCTGGTCACCGCGGTGAGCCGGTCGTTATCGGCTTTAAACGGGTTGCGCGCGGGTTCGCTCGGACGCACGGGCTGCGCCACGGGCCTTTCCGCCTGTCTAACCACCACCGGCTGGGGTGGAGGCGGAGGCGGCGCGTCGGCGTTAATCGTAAACACCACGGTGTAGTTAGAGCCGTTCTGCTGTTTCACCGCGCGGGTTTTGCCGTCGGCGGTGAGATCCACCAGCAGGCGCAGCGACTGCGTATCCTGCGGCGTCCCGGAACGAATGCTTTTTACCAGATTATTGCCGCTAAACTGCAGCGGTAGCCCCTGGAGTACGCCAGTCTGTTTAATATCCAGCGCCACGATGCGTTTGCCCTGGGGGGTAAACGAATATTCAGGTTCGCCGATAAAGCTAATGGTAATGCGGGCCTGCCGATCGCCATTTGAGACCTGGATATCGGATAAACTTGCCGCAGTGGCCTGAATGCTGAACAGCATCAGTGCGGCGGCCAGCCAACTGGTTAAGCGATACATCATCCCGTCGTCCTTCAGGCTAATTAGCCAAACGCGCCAATAAAGACTCACCCAATGAGGAGACCGCGGTTACGCGCGCCTCACGCCCTTGTGCCTGATACTCAAGGTGAATTTCAACATCCGGGTCCGGCAGTACTCCCGTGCCCTGCTGCGGCCATTCCACCAGGCAGATAGCATCGTCAGTAAAATAATCGCGGATCCCCATAAACTCGAGTTCCTCAGGATCCGCCAGGCGATAAAGATCGAAGTGATAGACCATCAAATTATCGAGGCTGTAAGGCTCGACGAGGGTGTAGGTTGGGCTTTTAACGTTGCCACGGTGACCGAGAGCCTGAAGGAAACCGCGGCTAAAGGTGGTCTTACCCGCCCCTAAATCGCCATACAAATAGATGACCGTCGCGCCAGCGCATGCCTGCGCGACGCGGTTGCCAAGGCTTAAAGTCGCCTGCTCATCGGGTAAAGGAATCACTCGGTTAATCATGGTCTACGTCAATCACATCCGGGTTAACAACACGCCTGAGCGTGAAAAAAAGATCGGTCGCCAGCATTCCGCGGGTGCCGTGTCTCGCCGCCAGCCGATCGGCGGCTTCGCCATGAGCAACGCATCCGGCGCAGGCAGCATCATACGGCGTCAGGCGCTGGCCTAACAACGCAGCGACAATACCGGTCAGCACATCGCCCATCCCGCCGCTGGCCATCCCAGCGTTACCGGCGTCGATAATAGCCATTTCGCCCGTTTCGCTCGCCACGATCGTACCTGCACCTTTCAGCACCACGATGCCACCATAACGTTTTACCAGACGTTGTGCAGAATGTAAGCGATCGCTTTCAATTTCTGCCACACTCACGTTCAGCAGGCGGGCGGCTTCGCCGGGATGCGGCGTCAGCACGCGATTGTGACGTTTATCGGGATTGATTGCCAGCAGGTTCAGCGCATCCGCATCCCAGACCATTGGTTTGCGAAAATTCTCCGCCTGGCGTAGCGCATTTTTACCCCACTCGCCCTGCCCCAGACCCGGCCCAATCGCAATGACATCCGCCCAGTGCAGACTCTCTTCGAGAGAACGGGACGTCAGCTCATGGACCATCAGCTCCGGCCTGGCGGTCAGAATGGGGGCAATGTTGTCCCGGTGAGTCAGTACTCGCACCAGCCCGGCGCCCGCGCGCAGCGCCGCTTCACCGCTCATTCGTATGGCGCCCGCCGTCCCCGGTTCGCCGCCAATAATCACCAGCTTACCGTGGTCGCCTTTGTGCGAGGTTGGACGCCGCGGCGGCAGCCAGCCGGGGAGCTGCGAGGCATCGAAGCGACTGAGCGCCGTCGTTTGGCCTGCCAGCCAACCCTCAAGCCCCAGGGCGTGGTGATGCAAACGGCCAACGACATCGCGGGCTTTGCCGGTCAGCAGCCCCGGCTTAAGCGCGATAAAGGTGATGGTATGAGCGGCATGGATAACCGCGCCCGGCGTCGTCCCCGTTTGCGCATTCAGGCCGGAGGGGATATCCAGCGCCACAACCGCAGCCGGATGGGCGTTTGCCCGCGCGATCAGCGCCGCAACGTTTTCCCGGGGCGCGCTCTGTAACCCGGTACCGAGCAGGCCGTCAATAATCAGCGTGATATCTTCCGGCCAGGGGATGCTGGCGGCATGAATCGTGCCGCCGGCGTTGAGCCACTCCTCACGCGCGAGGCTGGCCTCTTCCGGCAGCGGCTTCTCGCTCTCCAGCGCCAGCAGCGTGACCTGAATGCCTCGCGACTGTGCCAGGCGAGCCACCACGTAGCCGTCGCCGCCGTTATTACCGTGGCCGCAGAGAATCAGCCAGTGCCGGCTTTCAGGATACTGGACGCGCGCAAGCTCAAAAGCCGCTTCGCCCGCACGACGCATCAATTCATACAACGTCAGCCCAAGGGTATCCGCCGCCTCTTTTTCCGCTCGTCGTAGCGCCTCCGCCGACCAGATGATATGTGGTATACTCCCGGTGTTTTTCGTCATCGTATGGTCCATCATGTCACAGCCCCTCGATCTCAATCAGTTAGCGCAGCAAATCAAACAATGGGGCACAGAGTTGGGGTTCCAGCAGGTCGGTATTACCGATACCGATCTCAGCGCCAGCGAACCTAAACTGCAGGCCTGGCTGGATAAACAATACCACGGCGAAATGGCGTGGATGGCGCGTCATGGCATGATGCGCGCGCGCCCCCATGAGCTCCAGCCCGGTACCCTGCGCGTG
NZ_CP180088.1_gap134	5436486	5440276	3790	CAGAAAACACGGGCGTTAAACTGGAAGTCAAGAATCTCAGCTACCAGTACGATCCGTTTTCACAGCCTATTTTTTCTAATTTAAATATTACCGTTGAACCGGGCGAATCCATCGCGCTGGTCGGCCCTTCCGGCGTCGGTAAAACCACGCTACTGAAAGTCATGTGTGGCCTGCTGTCCCCGACCAGCGGCGATGTGATAGCGGATAACCTCGATATTCAGAAAATCGGCCTTAACAACTTCCGTCATGGAACGGCCTGCGTTCTGCAGGAAGACAGACTCTTCTCGGGTTCCCTGATCGATAATATCAGCGGCTTTGAAGATAACGCCGATATGGACTTTATCGTTGAATGCGCACGCAGATGTAATATCCATGATGAAATCATGAAAATGCCGATGGGATACGAAACCATTGTCGGCGAACTCGGTTTAGGCATCTCTGGCGGGCAAAAACAGCGGCTCTTAATCGCTCGCGCCCTCTACCGAAAACCCAGCATTCTGTTTATGGATGAAGCTACCAGTCATCTCGATCTTAAAAATGAGTCGATGATTAACCAGTCTATCTCTGGGTTAAGCATTACCCGAATCATCGTCGCTCATCGGCCATCCACTATTGCCTCAGCCGATCGCATCATTGATTTATCACAGCTACGCACGCTGGCACCAGCATAACCCACAGGAAAAGGAGATCCGTATGCAAGGCACATTTATTGGTTTTAATACCGCATCAATTAAATATGAAGACAAATTTTTAGCATTAATGCTCAAAGTAAAGCTGAGTAACCAACTTTGCCAGTCTTACTATCTTCAGGCCCAGGCGCTTACCGACCTCCTGTTAGTTTTACAACACAGGATGGCCGTTGTATTACAGCGCTTAAACGCTGAAGGTGAAAGTTATAAGAGTGAGCTGGTTGCTTTTAATGAGCAGCTCATAGAAAACACCCCGGTTATAGATATGCCGGAAGTCCAGCAGCCCAATCCGGAAAGGCGAGTCATATCGATTACGTTAAAACCAGGAGCGACCTGGTCAACGCTCATTCTGGTGCTGCAAAACGAGCAAATTGCTACGCTGCGCATTGATGATATGCAGGTTGAAGCGCTGCTGATTGGCATTCAGCAATCCCTTAAAAACGCCGGTGATAACGAACTGATTAAAAATTTAACGTCATCACTGGAAAGCCTGATGCTATATGCACTGGATTTAACGAATAACAAGAATGTTGATTACCAACAGTACATCCAGGATGAGTGGAAACTCAATTTGTTTTCCCATTATCTGGGCGTACTGTACTGCTGTGACACGGAGGAAGGCCGAAAAATCATCTCCGGCGCGGTGATTAAAACCAACGCCGCCCATCCGTCAGAGCAGGAGAATAGCGTTGTGATGCGCTTAATTGAGAAGAGCCCAAAACTGAAAGAAGTGCATGCGCAGCATCAACCCTGCCAGATTTTTAGCCAAATTATTCCTTCTCAGCCGGGAAGAATGCTGTCGCTGGAGGAGTGCCTGCGGCCTTTACATGCGTTCTACCTGGCGACACAGGCGAAAATCAACGCGCGCTAAAAATATGCCAGGTGCCTCTATTGGCTCAAGAGAGGCACCTGTTAAATCAATTCGGGCACTTATAAACCTGGCCGTTCATTTGGCTATCGGTCGGGACAAAGCTGGACAACAGATTCTGCGTCGGGCTGCTGACGCCGTAAATCACGTTGCCTCCCATTTCTGCCGCATGGTTACGCAGAGCGTTTGCCGCACCGCGCATAGAGCCGCCTTCATCACCATTCTGCCCGGACAGCCAGTTGCTCTGCGTACCGGTCGCGGTGCCTAACAGCTGGCATTCAGAACCCGGTTTATCCTCAACAAAGCGTACGTTCTGGCCACCAGAGGTCAATTCGTTGCTGGAGCTGCAACCTGCTAACAACAATGCTGCGCCGACAATCCCTGCTAAATATTTTACCTGCATGTTATTCCCCACGATCAATGAGCTGGACGCACTGGCCCGGATGTACAACCTTATACTAAAAAGACGACAAAAAGAAAAACCCCCGAGCATTTCTGCCCGAGGGTTCTTTATTTCTAAGGGGTATAGCGCACGATTACATCATGCCGCCCATACCGCCCATGCCACCCATACCGCCAGCAGCCCCTAAGTCAGGCGCGTCGCTTTTCGGCAGGTCAGTGACCATGCACTCGGTGGTGATCATCAGACCAGCAACGGATGCTGCGTACTGCAGAGCAGAACGCGTCACTTTGGTTGGGTCCAGGATACCGAAGTCGATCATGTTGCCGTATTCTTCAGTTGCGGCGTTATAACCGTAGTTACCTTCCCCGCCTTTCACGTTGTTCGCAACAACAGACGGCTCTTCACCGGCGTTGGATACGATCTGACGCAGCGGAGCTTCCATTGCGCGCAGCGCAACTTTGATACCGACGTTCTGATCTTCGTTCTGAGCGGTCAGGCCAGCCAGTTTAGCGGCAACGCGAACCAGCGCTACGCCACCACCGGCAACCACGCCTTCTTCAACCGCAGCACGGGTCGCGTGCAGGGCATCGTCAACGCGTGCTTTCTTCTCTTTCATTTCAACTTCGGTCGCTGCGCCAACTTTGATTACCGCAACGCCGCCTGCCAGTTTCGCAACGCGCTCCTGCAGTTTTTCACGGTCGTAGTCAGAAGTCGCTTCTTCGATCTGCTTACGGATCTGAGTTACGCGGCCCTGAATCGCAGCTTCTTCACCCACGCCATCGATGATGGTGGTGGTGTCTTTGTTGATAACAACGCGTTTCGCCTGACCCAGGTCTTCCAGAGTCGCTTTTTCCAGCTCCATACCGATCTCTTCAGAGATAACGGTACCGCCGGTCAGAGTTGCGATGTCCTGCAGCATAGCTTTACGACGGTCGCCGAAGCCCGGAGCTTTAACCGCAGCCACTTTAACGATGCCGCGCATGGTGTTCACCACCAGGGTCGCCAGCGCTTCACCTTCAACGTCTTCAGCGATGATAACCAGCGGTTTGCCAGCTTTCGCTACGGCTTCCAGAACCGGCAGCATTTCGCGGATGTTGGAGATTTTTTTGTCAGCCAGCAGGATGAACGGGCTTTCCAGCTCAACAGCACCGGTTTCCGGCTTGTTGATGAAGTACGGGGACAGGTAGCCGCGGTCAAACTGCATACCTTCAACCACGTCCAGTTCGTCTTCCAGACCGGTACCGTCCTCAACGGTGATCACGCCTTCTTTACCGACTTTGTCCATCGCTTCCGCGATCAGTTTACCTACGGTTTCGTCGGAGTTAGCGGAGATGGTACCTACCTGAGCAATGGCTTTAGAGTCAGAACACGGTACGGACAGCGCTTTCAGTTCTTCAACGGCGGCAACGACAGCTTTGTCGATACCACGTTTCAGGTCCATCGGGTTCATACCCGCAGCAACGGCTTTCAGGCCTTCAGCGATGATCGCCTGAGCCAGTACGGTTGCGGTGGTGGTACCGTCGCCTGCAGCGTCGTTCGCTTTAGAGGCAACTTCTTTCACCATCTGCGCGCCCATGTTTTCAAACTTGTCTTCCAGCTCGATTTCACGCGCTACGGAAACGCCGTCTTTAGTGATGGTCGGCGCACCGAAGGATTTGTCCAGAACCACATTACGGCCTTTCGGGCCCAGGGTTACTTTAACTGCGTCTGCCAGTACGTTTACGCCGCGCAGCATTTTCACACGAGCGTCGTTACCGAATTTTACGTCTTTAGCTGCCATTTTATCTTTCCCTTAAATTCGTATGTTCAGTGTCGTTCGCGGATTACGCT
NZ_CP180088.1_gap135	5442296	5443674	1378	AGCAACAGCAAACCGGCGATAATCAGCGACACGCTTTTGATCATCTCTGCGGCCGGGCTCTCCCCCGCTGCCATCTTCTGCTGCATCAGCATGAGGTTTTTAAAGCCCTGGTTTTTCACCAGCGATATCCCCACCACCGAGCTGAAGATCACCAGAATCAGCGTCAGCAGAACGCCAAGCACATGAGCGACCTGGATAAAGATCGAGATTTCAATGTAAACGTATAAAAAAACGGCAATTAACGGAATCCAACGCACCGGCGTCTCCTTCATTAACAGACGCCAGCATCGGCGCCCGTAGTCATAGATGTGCTATTCGCATCAGCAAGATGTTGGGCCAAAACGTCACTTTTCAATCGTAAAAAAAGCTTATTTTTTTCAAAATTAGAAAACCGGTGACTCATTTCACAGATTAATAATTCTTATAAGATTCACTACATAATAAGTGATCAGGGCGGCTGATATTCGCTATCATCAGCATATGATCGTGGGCACCGGGCCGATTAAGGAAATAATCTGCGGCCAGAAAATGCGCTAGATCCCATAAATTCTGCGTATTTGGTGAATTCATAGGCAGCTTGAAAGAGAAGGTTCACATGTTAAACAACATTCGTATCGAAGAAGACCTGTTGGGTACCAGGGAAGTTCCAGCTGACGCTTACTACGGCGTCCATACTCTGAGAGCGATTGAAAACTTCTACATCAGCAACAACAAAATCAGCGATATCCCTGAATTTGTCCGCGGAATGGTGATGGTGAAGAAGGCCGCTGCGCAGGCTAACAAAGAGCTGCAAACTATCCCCAAAAGCGTCGCCAATGCCATTATCGCCGCCTGCGATGAGGTCCTGAATAACGGCAAATGCATGGACCAGTTCCCGGTCGATGTGTTCCAGGGCGGCGCGGGCACTTCCGTTAACATGAACACCAACGAAGTACTGGCGAACATCGGCCTTGAGCTGATGGGCCACCAGAAAGGCGAATATCAGTATCTCAACCCGAACGACCACGTTAACAAATGCCAGTCCACCAACGATGCCTACCCGACCGGTTTCCGCATCGCGGTCTACGCCTCTATCCTCAAACTGATCGATGCGATTAATCAGCTGGGCGAAGGTTTCCAGCAGAAGGCCGTGGAGTTCCAGGACATTCTGAAAATGGGCCGGACTCAGCTACAGGATGCGGTACCGATGACCCTCGGTCAGGAGTTCCACGCGTTTAATGTTCTGCTTAACGAAGAGACCAAATGCATTCTGCGCACCGCGGAACTGCTGCTGGAAGTGAACCTTGGCGCGACCGCTATCGGCACCCGTCTGAACACCCCGGATGGCTATCAGCAGCTGGCGGTACAAAAACTGGCGGAAGTCAGCAACCTGCCGGTT
NZ_CP180088.1_gap136	5610845	5613169	2324	GGCGGTTTGCCCAGGCTGGCAAACACCAGCTTCATCAGCAGCAGGGGCATCAGCGACCCCTCGGCGTAGTGCAGCCAAAAGCGATATTGCAGCTTATCTTCCACCGACTCAGGTTTTAAGCGCCGGGCGCTATCATAGGTTTCCTGTAAATATTCCAGAATGGCGCCGGACTCCGCCAGAATGTGGCCGTTATCCTCAACCACCGGCGATTTACCCAGCGGATGAACGCTTTTTAATTCCGCCGGTGCGAGCATATCCTTGCCACGCTGATAAGAGACAACCTGATAAGGCAGCTGCAGCTCTTCCAGCGCCCATAACACGCGCTGCGATCGTGACTGATTGAGATGATGTACCGTTAACATGGGCCTCTCCCGCTGTTTGTTCAAATTAACTATAGGAACAGGCGGCGGATGCCGGGAATTTTTCGGCAAACTGAAGAGGCAAATTCAGAGAAAAGAGCCACACTTAAATTGTCGGCGCAAACCGGAACCTCCATCAAAGATTGCGCAATACTGAGGTGAGCCGACGTCGGGGGAAACCCTCCTGCGTACCAGCGGGATAGTGCGAAAGACCAAGACCGGAAAACAACTAAAGCGCCCTGTTGTGGCGCTTTAGTTTTTTAGTCATCCTCCAGCAATCGCGCGCCGGTCCCCTCTTCACCCAGCTTATCGCCCGGGTTGCGTAACGGGCAGTCGCGACGCGACAGACAGCCGCAGCCGATACAGCCATCGAGCTGATCGCGCAGCGCGGTCAGGGTATGAATGCGCCGGTCCAGCTCCTCCCGCCACTGGGACGACAGCATCTTCCACTCTTTGGCGCTGAGGTTATGCCCTTCCGGCAGTACGCCGAACGCGTCGCCGATGGTCGCCAGCGGAATACCAATGCGTTGCGCAATCTTAATGATCGCCACCGCGCGCAGGACGTCGCGCCGGTAGCGCCGCTGATTGCCCGCGTTGCGCTGGCTGTGGATCAGCCCTTTACTTTCATAAAAGTGCAGCGCGGAGACGGCCACGCCGGTTCGTTTTGCCACTTCGCCGGGCGTCAGCAGCATTTTGATGCGGGGTGATTTCTTTTCCATAAAGCGCTTTACCTCAAGTTAACTTGAGGAATTATACTCGCCCGCAGACAAAACGACGAATCGAGAATTGAGAGAGGCCGCTTTATGTCCCATCAGGATATTATCCAAACGCTTATTGAATGGATTGATGAACATATCGATCAACCACTTAACATTGATATAGTCGCCAGAAAATCGGGATACTCGAAATGGTATCTGCAGCGGATGTTCCGCGCCGTGATGCATCAAACGCTGGGCGATTACATTCGCCAGCGCCGCCTGCTGCTCGCCGCAGAAGCGCTAAGAACCACCCAGCGCCCTATTTTTGATATCGCGATGGATCTCGGCTACGTGTCGCAGCAAACCTTTTCGCGGGTGTTCCGTCGCGAATTTGACCGAACGCCGACCGCCTATCGCCATCAAATTTCTGCCTGATAGCGCGGCTGATAGGGGCTGAGGCAGGTGCGCTCATTCGCCAGCCACAGCATGAACTCCTGCGGCGGCATCGCTTTCGCAAAGTGCCACCCCTGGCAGTACTGTACGCCGCGTTGCTGGAGCCAGGCTACCTGCTCTGCCGTTTCGACGCCTTCAGCCACGATTTTTAAATGCAGGCTGTTTGCCATCTGGATAATATGCTCGGCAATCAGGTGGCTGGTGGTATTGCTCGTCAGCATGTCGACAAAAGATTTATCAATCTTCAGAACGTCGACGTTGAGCGCATGAAGATTGTGCAGGTTGGAGTAGCCGGTGCCGAAATCATCGATGGCGATTTCATATCCCGCATCGCGGAACGCCTGGATCACCGGCGTCGTTTTCGCCACGTCGATAAACCCGCGTTCGGTCACTTCGATTTTGATTTGTTCCGCCTTGACCGCGTAGCGCTGGATCTTCTCGTTGATGTGCTCAATCAAGCGCGCGGAATGGAAATCGGAAGCGGAGAGGTTAATCGCCACGTACAGATGCGGTTGCCGCGCCAGAAACTCGCCCAGGTCGGAAAATACCTCATCGATGACATAGTCGGTGACCTGGGCGATCATCCCTTCATTTTCCGCCATCGGAATGAACTCCGCCGGACTCATCACCGGCCCATCAAAGCCAGGCCAGCGCAATAATGCTTCGGTACCGACGCAGCGGTTATTTTTAATATCGATAACCGGTTGATAGTGAAGGCACAGCTGACGACGGTTTAACGCGCGCTGCAGCATCTTCCGCGGAGAGTGGTACTGCTGACGGGTGCGCGACCACACCAGCAGGAGCAATACGCTGC
NZ_CP180088.1_gap137	5622204	5626197	3993	CAAAGGGACGCAGCGCGGCGCTACGCACGATATTTTTATGGAGTTTGAGCGAAGCCTCAATCAAAGCCTGATGAAGGAGAAAAAGCTCAAACATCGTCATCTTAAGGTCCGTATCATCTTTGTTCCGATTGCCCGCGACCAGCTCATCAGCGCGCTTAACGCCGGTAAGGGGGATATTATCGCCGCTAACCTGACGATTACCCCCGCTCGCCAGCAGGAGATGACCTTTACCGCGCCAATCTACTCTCACGTTCAGGAGCTGCTTCTTTCCGGCCCCGGCTCGCCCAAAGTGGAAAATCTGCAGCAGCTTTCCGGTAAAACGGTCTTTGTGCGTACCTCATCGAGCTATTACGAGAGCCTGGTCGCGCTCAACGCGCGCTTTGCCCAGCAATCACTGCCCCCCATCACTATCGAACCGGCGCCCGAAGCGCTGGAGGATGAAGATCTAATAGAGATGCTTAACGCGGGCCTGATTCCATTGACCGTCGTCGACCGCCACAAGGCTCTGTTCTGGAAACAGGTCTTCCCCAACATTCAGGTTCATCAGAACATCATTCTGCGCAACGAAGGCAATATCGGCTGGGCGGTACGCAACAATAGCCCGCAGCTGCTGGCCTTGCTTAATGAATTCATCAACAAGAATCGTCAGGGCAGCAAGCTGGGTAATACGATTCTGCTGCGCTACCTGAAGGATGCCAGATACGTTAAAAACGCGGCGGCGCAAAAAGAGCAGCGTAAATTTCTGACCATGGTGGAGATCTTCCGCAAATATGGCGATCGCTACGATGTTGACTGGCTGCTGATGGCCGCGCAGGGCTATCAGGAATCGCGGCTAAATCAGTCGGTGCGTAGCCACGTCGGCGCAATTGGCGTTATGCAGGTAATGCCGAGCACCGGCAAGGAGCTGAAGGTCGGTGATATTAAGCAGCTCGACCCCAATATTCATGCCGGGGTGAAATATATGCGCTGGATGATAGACCGCTACTATGGCGATGAACCGATGACCCAGCTTGATAAGGCGCTGTTCTCATTCGCTTCTTATAACGCGGGTCCCGCGCGCATCGCCCGGCTGCGGGCGGATACCAAAAAGCGCGGTTTTGATCCGAACGTCTGGTTTGGCAACGTGGAGTATCTGGCCGCCGAGAAGATCGGCTCCGAGACCGTAAGCTATGTCAGCAATATCTATAAGTATTACATCGCTTACCGGCTGATCGTGGATGAAATGGCGCGTAAACAGCAGGCAACGACGGCCTCCAAAAATCAGGTCGTGCCGACAGTGGGGATGCCTGCCGCACCTGCCGCACCTGCCGCACCTGCCGCACCTGCCGCACCTGCCGCACCTGCCGCACCTGCCGCACCTGCCACGCAGTGAAATAGCGCAGATGGCCTGGGTGACAAAATAGAAAAAGCCCCGAACAGGGGCTTTTTCAGAGATGACTTTACGACGCTAACGCTTCGTTAGAACGGAATATCGTCATCAAAGTCCATCGGCGGCTCATTGGAAGGGGCAGCTGGCGCCTGCTGCTGCGGACGAGACTGCGCGCCGCCGCTGAACTGGTTTCCGCCCTGCGGCTGCTGAGGCTGGCCCCAACCGCCCTGCTGCTGACCACCGCCTGCCGGGGCGCCCGCGCCCTGCTGACGACCGCCGAGCATTTGCATCGTGCCGCCAACGTTAACGACAACCTCGGTGGTGTATTTTTCCTGACCGGATTGGTCAGTCCATTTACGGGTACGCAGCTGGCCTTCAATATAGACCTGAGAACCTTTACGCAGATACTCGCCGGCCACTTCCGCCAGTTTGCCGAACAGCACAACGCGGTGCCATTCGGTCTGCTCTTTCATCTCACCGGTCGCTTTATCACGCCAGGATTCGGAAGTAGCCAGCGTAATGTTGGCAACTGCGCCACCACTCGGCATGTAGCGTACTTCCGGGTCCTGGCCCAGATTACCGACGAGAATCACCTTGTTTACGCCTCTGCTGGCCATGTTTGTGTCTCCTGAATGCGTTTCTTAATAGTGTAAACGCGCGAGTGTACCATTTCCAGGTACTATGTTGATAGCTGGGAAGTAGGTTCCAGATAACTCTCGCGGTGCGACATTTTTACACATCCCACCGGAAAATGCATTCCAATACTGTATATTCAAACAGGTTAAATTGTGTCATAATTAGCCGTTTCTGCCGTTTGTCCTTCTAACAAACCAGGCAATCCGCGTATCTACCGGGAAAGGTGAATGGATAAGATCGAAGTTCGGGGCGCCCGCACCCACAATCTCAAAAATATCAACCTCGTCATCCCGCGCGACAAACTCATTGTCGTCACCGGGCTTTCGGGTTCAGGCAAATCCTCACTGGCTTTCGACACGTTGTATGCCGAAGGGCAGCGTCGCTACGTTGAGTCGCTCTCCGCCTACGCGCGGCAGTTCCTGTCGCTGATGGAGAAGCCCGACGTCGACCATATTGAAGGGCTGTCGCCGGCGATTTCCATTGAACAGAAATCAACGTCCCACAACCCCCGTTCAACGGTAGGCACCATTACCGAAATTCACGACTACCTGCGTCTGCTGTACGCGCGCGTCGGCGAGCCGCGCTGCCCGGATCACGACGTTCCGCTGGCGGCGCAAACCGTGAGCCAGATGGTCGATAACGTGCTCTCCCAGCCAGAAGGCCAGCGCCTGATGCTGCTGGCGCCGATCATTAAAGAGCGCAAAGGCGAGCATAACAAAACGCTGGAAAATCTCGCCGGGCAGGGCTACATCCGCGCGAGGATCGACGGCGAGGTCTGCGATCTCTCCGATCCGCCGAAGCTGGAGCTGCAGAAGAAACACACCATTGAAGTGGTGATTGACCGCTTCAAGGTGCGCGACGATCTCAGCACGCGCCTGGCCGAGTCTTTTGAAACCGCGCTGGAGCTGTCGGGCGGTACCGCCATCGTCGCCAATATGGACGATCCGAAAGCCGAAGAACTGCTATTTTCCGCCAACTTCGCCTGCCCGATTTGCGGCTACAGCATGCGCGAACTGGAACCGCGCCTGTTCTCCTTCAACAACCCGGCTGGCGCTTGCCCGACCTGCGATGGTCTCGGCGTCCAGCAGTATTTCGATCCGGAACGCGTCATTCAGAACCCAGAGCTGTCGCTGGCTGGCGGGGCGATTCGCGGCTGGGATCGGCGCAATTTTTACTACTTTCAGATGCTGAAGTCGCTGGCGGAACATTATGAATTCGATGTGGAGGCGCCCTGGGGCACGCTGAATAGCAGCGTACAAAAAGTGGTTCTGTACGGCTCAGGCAAAGAGAATATTGAATTCAAATATATGAACGATCGCGGCGATACCTCGGTGCGCCGCCATCCGTTCGAAGGCGTGCTGCATAATATGGAGCGCCGTTATAAAGAGACGGAATCCAGCGCAGTACGTGAAGAGTTAGCGAAATTCATCAGCAACCGTCCCTGCACCAGCTGTGAAGGGACCCGCCTGAAGCGCGAAGCGCGGCACGTGTTTGTGGAGAATACCCCGCTGCCGACCATCTCGGATATGAGCATCGGCCACGCGATGGACTTCTTCAACAACCTGAAGCTCTCCGGCCAGCGTGCGCAAATTGCTGAAAAAGTACTGAAAGAGATTGGCGATCGCCTGAAATTCCTCGTCAACGTCGGTCTGAACTACCTGACGCTCTCCCGTTCGGCGGAAACCCTTTCCGGCGGCGAAGCGCAGCGTATCCGCCTCGCCAGCCAGATCGGCGCAGGCCTGGTCGGCGTCATGTACGTACTGGATGAGCCCTCTATCGGCCTGCACCAGCGCGATAACGAACGCCTGCTGGGCACGCTGATCCACCTGCGAAACCTCGGCAACACCGTGATTGTCGTTGAGCACGATGAAGACGCCATTCGCGCCGCCGACCACGTTATCGATATCGGTCCGGGGGCTGGGGTACACGGCGGTCAGGTCGTGGCTGAAGGCAAGCTGGAAGATATTATGGCGGTGCCGGAATCGCTG
NZ_CP180088.1_gap138	5650250	5651151	901	GTGATCAACGCAGCTAGCGGTCGCCAGACCGTCGATGCGGCGCTGAAAGACGCACAGGCTCGTATCACCAAGTAATACGGTTTCCCTTATTTCTTAGGGAATAAGGTTTGTTGAATACGTTGTTACGCGAAATCATTCGCGCTACATCGAGGCGGCAAGGATGCAAATCCCCAGGAGCTTACATCAGTAAGTGACTGGGGTGCGCATCCGCAGCCAACAAAGAGGTAGCGCGAAGGATAAAGTGTAAAGAGGATGATCCCCATGGATGTCGTGAAAAAGAAGCACTGGTGGCAAAGCCCGCAGCTCACATGGTCTGTGATCGGCTTGCTGTGCCTGCTGGTGGGTTACCTTGTTGTTTTGATGTACGCCCAGGGGGAGTACCTGTTTGCCATCATGACGCTGATTTTGAGCTCGGTTGGCCTGTATATTTTTTCCAATCGCAAGGCCTACGCCTGGCGCTATGTCTATCCGGGTCTCGCCGGGATGGGGCTGTTCGTCCTGTTCCCGCTGATCTGCACTATCGCTATCGCTTTCACCAACTACAGCAGCACTAACCAGCTGACCTTCGAACGCGCCCAACAGGTGCTGATGGACCGCTCCTTCCAGGCGGGGAAATCCTACAACTTCGCGCTTTATCCGGCGGGAGATGAGTGGAAGCTGGCGCTGACCGACGGCGAAAGCGGCAAAAACTATCTTTCCGACGCCTTTAAATTCGGCGGCGAACAGAAGCTGGCCTTAAAAGAGGCAGACGCCCTGCCGGAAGGCGAGCGCGCCACGCTGCGCGTGATTACGCAAAACCGTACCGCCCTGAACCAGCTGACCGCCGTGTTGCCGGATGAAAGCAAAGTCATTATGAGCTCCCTGCGTCAGTTCTCCGGTACCCAGCCGCTGTACGCGCTGG
NZ_CP180088.1_gap139	5654956	5659480	4524	TACCGCTATTATTAATATGATCAGCGATATTACCGGCATGATTTGTGATGGCGCCTCTAATAGCTGCGCAATGAAAGTGTCGTCCGTGGTTTCCAGCGCCTTTAAGGCCGTACTGATGGCGATGCAAAATAGCTGCGCTGGCTCTAATGACGGCATTGTTTGCGCTGACGTTGAGCAGACTATTAATAATCTCTGCCGTCCGGTAATTAAGCCTATGGCCTATACCGATAAAGAAATCATCAACATTATGGTAGCAAAGTAATCATTAATTAGCGTTTTAATGTACCTTACACAAATAATTAATCTCCTGAATACAACAGGTATTGTTTATGAACAAAAAAGTGATTCTACGGGGTATGAGCGCCATACTTCCCCTGTGCATCGGCGACTTTCCGTTTTCATTTATTGTCGGCGCGCTAAGCGTTAGCGCCGGGATGAGTATCTGGCAAAGTACGGCATGGTCGACGATTGTCATCGCCGGTTCGGCACAAATGCTGGCGTTAAATATGCTAAAAACCGGAGCGAGCCTTGGGGTGATTATATTCACCACGCTGATTATTAATCTTCGCCATGTGCTTTATAGCGCCTCTATTTCCAGTACGGTACGCGAAGCCTCCTTCTTTAAAAAATGCTTTATGGCGTATGCCCTGACCGATGAAGTGTACGCCACGACGGTGAAAGAGATGGAGGAGAATAAAAAAGATAAATATCTTTTCTATTTTTCAGCAATGCTGACGTTTTGGTTCGCCTGGGTGCTGGCCGATTTCCTTGGCGCTCTGGTTGGCGCCTCTTTTCCGCACATTGAAAAATATGGTCTGGACTTCGCGATGGTCGCCGCATTTATCGCCATCGTGGTCCCACAAATCAAAAGCCAGGCCTGCACCGTCGCCGCCGTTGTTGCTGCCGTATCCGGGGTACTTTTGGTCGTACTGCCCTACTCGTTAGGTATCGTCGTCGCGTCCGTACTGGGCGTAATGGCGGGCCTGAGCGTCGATCTCGCCGAAGAGCGTAAACAGGCGCAGGCCGCTGACAAACTCTCTCTCGAAGGAGCGCTGGAAAATGAGTAATAGCTTTTTTATCGCCCTGACGCTGGGCATGGCCGCCGTGACCTTTCTTATTCGCTTCTCGTTCATTGGCCTCGCCGGGAAGATTCAGATGTCGAGCCGGGTCAGCAAGACGCTGCGTTTTGTGCCGGTAACCGTGCTGCCGGCCATCATCACGATTCAGATCCTGAGCGTGAACTCCAGCATGGAGTTCGATTTGAAAAACCCGAAGGTGATCGCCGCGATTATCTGCACGCTCGCCAGCTTCCGCCTGGGCCTTGTCTGGGTCGTCGTCAGCGGCGTCGGTTCACTGGTTTTGCTCAACTATTTCATGTAACCACCTATCAGAAGGAATCAACAGAATGATAATTACCACCGCCGCTGCGCCTGCCGCCATTGGCCCGTATGTTCAGGGAGTAAACCTGGGTACCATGACGATGACCTCAGGGCAGCTCCCGGTCAATCCGCAGGACGGCACCATGTCTGACGACATCGCTCAGCAGACGCGACAGTCGCTGGATAACGTTAAGGCTATCGTTGAAGCGGCGGGTTTGCAGGTGAAAAACATCGTTAAGACGATGGTCTTCGTCAAGGATCTGAACGACTTCGCCACCATCAACGCGGTGTATGAAGCGTTCTTCACCGAACACAACGCGGCCTTTCCGGCCCGTTCCTGCGTTGAAGTCGCCAGACTGCCTAAAGATGCGGGCATTGAGATCGAAGCCATCGCCGTCGCCTGATCCCCAGCCGGAGGCCCTCCTCCGGCCACTTCTTATCCCCCCACTTTTGAGGTTTACCCGCAGCGAACTTTACGGGCAAAATATCGCCACTTCTTTGCGAGGAACGCAGAATGCTAAAGATTCGTCTTGCACGTCCGGAAGATGCGGCTTTACTCAACGAAATGGCCAATGCCAGCTATCGCCACCACTTTGCCCACCTCTGGCATAGCGCCGATGAAATGGAGCACTACCTGCAGCAAGAGTATTCCATGGCCGCGCTGGCGCACAGCCTGGCCGATCCGCAGTGCTGCTGGTTGATTGCTGAGGCAGAGGAGCCAATTGGCTTTGCTAAATATGCCTGCCGCCAGGATATCAACCCCGAAGGCCCAACGGGTACGCTATTGCATAAACTCTATCTATTACCTGACGCTACCGGGCATCGCTACGGCGAGCAGATTTTTCGCGCCGTCGAGAAGCGAGCGAAAGAGACCGGTGAAAGCTGGCTATGGCTGGAAGTGCTCGCCGCGAATACCGGTGCCCGCCGTTTTTATGAACGTCAGGGGATGCAGCACGTGAAGGATGTGGCATTTCATTCTGCAACCCAGGAAAGCACACTCCATATTCTGGCTAAACCAATCTGAGAGGCAGCATGCATACCCTTCGTGAAACCGCCATTCGCAACGTCGCCAGCGGCGAAAACGTGGTGATTTACCAGCCCGCCAACCTCTACGACTGCACGCTTGGCGATAACGTCTTCGTCGGGCCATTTGTGGAGATTCAGGGCCATACCCGTATCGGCAACGACAGCAAAATTCAGTCCCACACCTTTATCTGCGAGTACGTGACCATTGGCGAGCGCTGTTTTATCGGCCACGGCGTGATGTTCGCCAACGATATGTTCCGCGAGGGAAAGCCCAACGCCGACCGCGAGAGCTGGGGAAGAATTGTGATTGGCAACGATGTGTCTATCGGCAGCGGCGCAACCATTCTGGCGGTCAGCATCTGCGATGGAGTCGTGATTGGCGCGGGCAGCGTGGTGACCAAATCCATTACGGAGAAAGGCGTGTGGGCCGGGAACCCGGCAAAGCTGCTGCGGCGGCTATAACAAAAATGCCGGCCACATGGGCCGGCATTGCGAACGTTTTAGCGATTATGCGCGCCAGGATTTATAGCGGTTAATCAGGCCGTTAGTGGAGCTGTCGTGGCTGCTCACTTCGGAACCATCTTTCAGCTCCGGCAGGATGCGGTTAGCCAGCTGTTTGCCCAGCTCAACGCCCCACTGGTCGAAGGTGAAGATATTCATAATCACGCCCTGGGTGAAGATTTTGTGCTCATACAGGGCAATCAGCGCGCCCAGGCTGAACGGCGTAATTTCACGCAGCAGAATAGAGTTGGTGGGGCGGTTGCCTTCAAACACTTTGAACGGCACCACGTGTTCCAGGGTCGCCGGATCTTTACCCTGATCGCGATATTCCTGCTCAACCACTTCGCGGGATTTACCAAACGCCAGCGCTTCGGTCTGCGCAAAGAAGTTGGACAGCAGCTTCGGATGGTGATCGGACAGCGGGTTATGCGTAATCGCCGGCGCGATAAAGTCGCAAGGCACCATTTTGGTCCCCTGGTGAATCAGCTGGTAGAACGCGTGCTGACCGTTGGTACCCGGCTCGCCCCAGATGATTGGGCCAGTCTGGTAATCCACGGCGTTGCCGTTACGGTCAACGTATTTACCGTTGGATTCCATGTTGCCCTGCTGGAAGTAGGCGGCAAAACGGTGCATATACTGGTCGTACGGCAGAATCGCTTCGGTTTCAGCGCCGAAGAAGTTGTTGTACCAGATACCGATCAGCGCCAGCAGCACCGGCAGGTTTTTCTCAGCCGGCGTGGTGGAGAAGTGTTTGTCCATCGCGTGCGCGCCGGAGAGCAGCTCAACAAAGTTGTCGAAGCCCACGGACAGGATGATGGACAGGCCGATGGCTGACCACAGAGAGTAACGGCCGCCAACCCAGTCCCAGAACTCAAACATATTGGCGGTATCAATACCGAACTCGCCAACCGCTTTACCGTTGGTCGAGAGCGCGGCAAAGTGTTTTGCGACGTGCTTCTCATCGCCGGCGGTCGCCAGGAACCAGTCGCGCGCGCTGTGGGCGTTGGTCATGGTTTCCTGAGTAGTAAAGGTTTTCGACGCGACCAGGAACAGGGTAGTTTCCGGGTTCACCGTTTTCAGCACTTCGGCAATGTGGGTACCATCGACGTTAGAAACAAAATGCATATTCAGGTGATTTTTGTACGGGCGCAGCGCTTCGGTCACCATGAACGGGCCGAGGTCGGAGCCGCCGATACCGATGTTGACGACGTCGGTAATCGCTTTACCGGTGTAGCCTTTCCAGCTGCCGGAGATAATGGCTTCGGAGAAGGTTTTCATCTTCTCAAGCACGGCGTTCACTTCCGGCATCACGTCTTTGCCATCAACCAGAATCGGAGTATTGCTGCGGTTACGCAGCGCAACGTGCAGCACCGCGCGGTCTTCCGTGCGGTTAATCTTCTCGCCGGAGAACATGGATTTAATGGCGTCTGCCAGGAAGGTCTCTTTGGCCAGGTCCTGCAGTTTTGCTAACGTCTCTTCGGTGATGCGGTTTTTGGAAAAATCCACCAGCATCAGATCGTCGAACGTGGCGGAGAATTTAGAGAAACGATCGCTATCTTTCGCGAACAGATCCGCGATGGTAACGTCTTTCATTTCATCAAAGTGTTTCTGTAATGCC
NZ_CP180088.1_gap140	5695865	5698637	2772	AGGATTTTTTCTCTTCAACCGACCCGGTTGTTTGTGAAGTGATTCACATCTGCCGTGTCGATGGAGGCGCATTATAGGGAGTTCCCGAGCATCCGCAATAGTAAAATTGCAGAAAAATGACTGACTGCTGCATTCCCCAGCAAAACCCCGCTTTATACCCTGTTACGCACAGAATTATCCACAGGTGGCGGCCGATACCCTCTCATAAAGGCCCGCTCTCTTCTCTCTATAGGGCGCGATCCTGGGATAAAAAGAGAAAGATAAAAATTCGCGAGCGTTGCGCAAACGTTTTCGTTACAATGCCGCGCTATAACAAGGATGCCCGGTTGGGTGCGTTAGGTGAGTTTTTAGACAAAAATTCACCTAACGCTCTCTGTAATATTCAAATCCTGGGGATTTAATACCATGCAACAACGTCGTCCAGTCCGCCGCGCCCTGCTCAGTGTTTCTGACAAAGCCGGTATCGTCGAATTCGCGCAGGCGCTTTCCGCTCGTAATGTCGAGCTACTGTCTACGGGTGGTACCGCACGCCTGCTGGCTGAGAAAGGTCTGCCGGTTACCGAAGTCTCTGACTACACCGGTTTCCCGGAAATGATGGACGGACGCGTGAAGACCCTGCATCCGAAAGTTCACGGCGGTATTCTCGGTCGCCGTGGCCAGGATGACGGTATTATGGAACAACACGGTATCGCGCCTATTGATATGGTGGTGGTTAACCTGTATCCGTTTGCTCAAACCGTTGCCCGCGAGGGCTGCTCGCTGGAAGATGCGGTAGAAAACATTGATATCGGCGGCCCAACCATGGTTCGCTCAGCGGCGAAGAACCATAAAGACGTCGCCATCGTGGTGAAGAGCAGCGACTACGATGCCATTATTAAAGAGATGGATGCCAACGAAGGCTCCCTGACCCTCGACACCCGCTTCGACCTCGCCATTAAGGCATTCGAACACACCGCCGCCTACGACAGCATGATTGCCAACTACTTCGGCAGCATGGTTCCGGCCTATCACGGCGAGAGCAAAGAAGCCGCGGGTCGCTTCCCGCGCACCCTGAATCTGAACTTCGTTAAGAAGCAGGATATGCGCTATGGTGAAAACAGCCACCAGCAGGCGGCCTTCTATATAGAAGAAGAAGTCAAAGAAGCCTCTGTCGCCACTGCACAGCAGGTTCAGGGTAAAGCGCTCTCCTATAACAACATCGCTGACACCGATGCCGCGCTGGAATGCGTCAAAGAATTCAGCGAGCCGGCCTGCGTTATTGTGAAGCACGCCAACCCATGTGGCGTAGCGGTAAGCACCTCTATTCTGGACGCCTACGACCGCGCGTACAAAACTGACCCGACCTCTGCCTTCGGCGGCATTATCGCCTTTAACCGCGAACTGGATGCCGAAACCGCGCAGGCGATCATCTCCCGCCAGTTTGTTGAAGTGATCATCGCGCCGTCTGCGACGGAAGAAGCCCTGAAGATCACTGCCGCGAAACAGAATGTCCGCGTCCTGACCTGCGGTCAGTGGACGCAGCGCGTACCGGGTCTGGACTTCAAACGCGTTAACGGCGGCCTGCTGGTTCAGGATCGCGATCTGGGTATGGTTACGGAAGGCGAACTGCGCGTGGTTTCCAAACGCCAGCCGACCGAGCAGGAGCTGCGCGATGCGCTGTTCTGCTGGAAAGTGGCGAAATTCGTTAAATCCAACGCCATTGTGTACGCCAAAGAGAATATGACCATCGGGATAGGCGCAGGCCAGATGAGCCGCGTTTACTCCGCCAAAATCGCCGGGATTAAAGCCGGTGATGAAGGTCTGGAAGTGAAAGGTTCGGCGATGGCCTCTGACGCCTTCTTCCCGTTCCGCGACGGTATTGATGCCGCTGCTGCCGTTGGCGTGAGCTGCGTCATTCAGCCCGGTGGTTCTATTCGCGACGAAGAGGTGATTGCCGCCGCCGATGAGCACGGCATCGCGATGATCTTCACCGACATGCGCCACTTCCGCCATTAATTCACGGAGCAGACGATGAAAGTATTAGTTATTGGCAACGGCGGACGCGAACACGCGCTGGCCTGGAAAGCCGCACAGTCACCGCAGGTTGATACCGTTTTTGTCGCCCCGGGTAACGCGGGCACCGCGCTGGAACCGGCGCTGCAGAACGTGGCTATCGGCGTCACCGATATTCCGGCGCTGCTGAGCTTTGCGCAGAGCGAGAAGATTGACCTGACCATCGTTGGCCCGGAAGCGCCGCTGGTAATTGGCGTTGTCGATGCGTTCCGTGCCGCAGGGCTGAAAATCTTCGGCCCAACGGAAGGCGCGGCGCAGCTTGAAGGCTCCAAAGCCTTCACCAAAGATTTCCTCGCGCGTCATAACATCCCGACGGCGGAATACCAGAACTTCACCGAAGTCGAGCCCGCGCTGGCGTACCTGCGTGAGAAAGGCGCGCCGATCGTCATCAAGGCCGACGGCCTGGCCGCTGGCAAGGGCGTGATTGTCGCCATGACGCTGGAAGAAGCGGAAGCCGCCGTTCACGACATGCTGGCAGGTAACGCCTTTGGCGACGCCGGACACCGCATCGTCATTGAAGAGTTCCTCGACGGCGAAGAGGCGAGCTTTATTGTGATGGTCGACGGCGAGCACGTCCTGCCGATGGCCACCAGCCAGGATCACAAACGCGTGGGCAATGGCGATACCGGCCCAAACACGGGCGGTATGGGCGCTTACTCACCGGCGCCGGTGGTAACCGATGAGGTTCACCAGCGCACCATGGAACGCATTATCTGGCCA
NZ_CP180088.1_gap141	5895434	5898906	3472	GGCGCGGTGATCGTCATTGCGGTGCTGCTTAACGAACGCGGTAATAAAGGTAGCGGACGATTAATCCTGCGCAACGCGGCGCTGGCGCGGCAGAAACAGGCGGTGAAATCATGAGCAAAATAATGATGTCTGAAGAGATGAAAAGCGCCCCGGCCGCGCCGTCGCCGCTGCGCCGCTTGCTGTGCTGGGAAGGGTTTCTGCTGGCGGTAACCCTGGCGGTATTCGTGGTTAACGCCCTGGCGTCACCCTGGTTCCTTAATATCTGGAACCTGTCGGACGCCACGTTTAACTTTACCGAAAAAGCGATCATCGTGCTGCCGATGGCGATGCTGATTATCGCCAGAGAGATCGACCTTTCGGTAGCCTCGACGATGGCGCTGAGCTCAACGGCGATGGGCTTCTGCGCGGCGGCGGGTATGGATACGCCGCTGCTGGTGGCCGTCGGGCTGGGCGTGGGGCTGCTGTGCGGCCTGTTCAACGGTATCCTGGTGACGCGCTTTAACCTGTCGTCGATTGTGATCACCATCGGCACCATGAGCCTGTATCGCGGAATAACCTACATTCTGCTGGGCGACAAGGCGCTCAATCACTACCCGGACAGCTTCGCCTGGTTCGGCCAGGGCTACGTGTGGGGGGCGCTCTCTTTTGAGTTCGCGCTGTTTATCCTCCTCGCCGCCGCCTTTACCTTCCTGCTGCATAAAACCAACTTTGGTCGCCGGACCTACGCCATCGGCAATAACCCGACCGGAGCCTGGTTCTCCGGAATCAACGTCAAGCGCCACAATCTGGTGCTGTTCGCGCTGGTCGGGCTGATGGCCGGGCTGGCGGCGGTCCTGCTGACCTCGAGGCTCGGCAGCACCCGCCCGACGCTGGCGATGGGCTGGGAGCTGGCGGTCGTCACGATGGCGGTGCTCGGCGGCGTCAATATTCTCGGCGGCTCCGGCAGCATGGTGGGGGTGATTATCGCCGCCTTCCTGATGGGGCTGGTGACGTTTGGCCTGAGCCTGCTCAACGTGCCGGGGATCGTGATGTCGATCATCATCGGCGCGATGCTGATCGTGGTGATCTCGCTGCCGATTATTACCCGGCGGATGATGCAGCGAAGACGAATTTAATTTCCCCTTCACCCTAATCTGACCGGTACGTGTAGTCCGGGTAAGGCGCCAGCCGCGACCCGGGGGCGGGTGAAGGGAAACGGATTACCCAAAATCAACATTAAGGAGAATTATCATGAGTTTTATGTTGGCACTGCCCAAAATCAGCCTCCATGGCGCGGGCGCAATCGGCGATATGGTCAAGCTGGTGGCGGGTAAACGCTGGGGCAAAGCGCTGATCGTCACCGACGGCCAGCTGGTGAAGCTGGGGCTGCTCGACAGCCTGTTTACCGCCCTGGATGAACAGCAGATGTCTTACCATCTGTTTGACGAGGTGTTCCCTAACCCAACGGAAGCGCTGGTGCAAAAAGGCTACGCGGAGTATCGGGAGGCCGGATGTGATTACCTTATCGCCTTCGGCGGCGGCAGCCCGATTGATACCGCCAAAGCGATAAAAATCCTCACCGCCAACCCGGGGCCATCGACCGCCTATTCCGGCGTCGGCAAAGTGAAAAACGCCGGCGTGCCGCTGGTGGCCATCAACACGACCGCCGGCACCGCGGCGGAGATGACCAGCAACGCGGTTATTATCGACGCCGAGCGCCAGGTAAAAGAGGTGATTATCGATCCCAATATCATTCCCGATATCGCCGTCGATGACGCCAGCGTGATGCTGGATATCCCGCCGTCCATTACCGCCGCCACCGGCATGGACGCGCTGACCCACGCCATTGAAGCCTTTGTTTCCGTTGGCGCGCACCCGCTGACCGATGCCAATGCCCTGGAAGCGATTCGCCTGATCAACCAATGGCTGCCGCAAGCCGTGGACGACGGACACAATCTTGAAGCCCGCGAGCAGATGGCGTTTGGCCAGTATCTGGCGGGCATGGCGTTTAACAGCGCCGGTCTTGGTCTGGTGCACGCGCTGGCTCATCAGCCGGGCGCTACCCACAACCTGCCGCACGGCGTGTGCAACGCCATCCTGCTGCCGATCATCGAAAACTTTAATCGCCCGAACGCGGTTGCCCGCTTCGCGCGCGTGGCGCAGGCGATGGGCGTCGATACCCGCGGTATGAGCGATGAAGCGGCCAGCATGGAGGCCATCAACGCCATCCGCGCGCTAAGCAAACGCGTCGGCATTCCGCAAGGCTTCAGCCAGCTTGGCGTCAGCAAAGCCGATATTGAAGGCTGGCTGGATAAAGCGCTGGCCGACCCGTGCGCACCGTGCAATCCGCGCACCGCCAGCCGCGATGAAGTCCGCGAACTCTATCTGGAGGCATTATGATCCGCAAAGCTTTCGTGATGCAGGTAAACCCGGACGCGCATGAAGAGTATCAGCGCCGTCATAACCCCATCTGGCCGGAACTGGAAGCGGTGCTGAAAGCCCACGGCGCGCACCACTACGCGATTTATCTCGATAAAGAGCGCCATCTGCTGTTCGCCACGGTGGAGATTGAATCCGAAGCGCGCTGGGACGCCGTCGCCGGGACCGAGGTGTGCCAGCGCTGGTGGCAGCATATGCGCGATGTGATGCCTGCCAATCCGGACAACAGTCCGGTGAGCGCGGAGCTTAAAGAGGTGTTTTATCTGGAGTAAAACTATGGCTGCCCCGTTGTGCTGAGCGGGGCAGCCGTTGCAAGCGCTTAGAAGAAGTACTTAAAGCGCACCCGCGCGCCGTAGCGATCGTCATCATCCCCCTGGCTCAGCTTCTCGTCGCTGTCGAGAATGGAGTAATAGGCGCCGAGATAGATATTAAAGTTCTGCATATTCATCACGTTCGGAATTTGATACGACGCGTGGAAGGTATGAATATTGTAGGTGCCTTCATCCTTAATCCAGCAGTCGTTCTCGCAAATCACCCCGGCATAATCGCTGATTTTGTTATGCGCGTAGATATATCCCAGCTCGAAGCGCCGCCACAGCGCGTTCACCCCGGCGGTAAAATCCTGTTCGTTGCTGGCGTCCATATAAGCGGTATTCAGATTCACCACCACCCCGCCCTCCGGGTCGCGCTTCAGGCCGTTCCAGGTCATGGTCAGGCCATAGCCGGTGCGCCCCGACTGATCGATAAAGTTGCCCTGGGCATCTTTATAGCCGTAGGCGTTCTGCACCACGTTCGCTTCCATGGCCGCGGCAACGGAAAATTCGTCTTTCGCCCATGACACCACCGGGCGCAAATAGGCGACGTTCTTTTTCTGCTCCATATCGCGACCATGGTAGCCATCGTTGTCGTACAGCGACGTACCGTCTTCCAGCAGGGTGTTGAGCTCAAAATACCAGTTATCAAGCTGCTTGCTCAGCAGGAAGTTGCCGCCTGCGTCAGAGCGGCCGCGACCCTCTTTCATCATATAGATATAGCCATGGCCGTCGCTGTAGAG
NZ_CP180088.1_gap142	5926819	5931674	4855	AGCGTGGTCATGAGCGATCTAGCACAATTGCACCGCGCCGAAGAGTGCGGATGCGGTGTGACAACCGATTGGTTTGAGCTGCTGGGCCGGGCCAGCCATAGCAAAGCACGTAGCTGCGCACTGGCGGCGTCAGAACTGATTAAGGGAAATTAATATGTATTTCATTCAGGGAAAAAACTATTCCTCGCTCACGCCAGAAGAGGCCATCGCCATGTTGACGAGCGGGCTGGATAGCGCGCTGGGCCAACCGCCGCGTCCGGAAACCGTGCTTGCCTGCGCCGGGCGTTTTATCGAACAGCTAAAAGACCACGCTTTCCTTCCCCAACTGGGCCCGGCTTATCGGGAAGAGGTGAGAAAGTTTTGCCAACCTGACGCGCTGCGCCAAAAGCTCGAGCATGAGCTGGGGGATAACCCCTTTTCCGTGCGCCGCATTAACTACCGTGAACCGCAGTTTGAAGGCTGGCGTCCTTTGGGCGTCGTGGTGCATGTCACCCCAGCCAATGCGGAACTGCTTCCCTTCTTCGCAATAATAGAGAGCCTGCTGGTCGGGAATATTAACTGGCTGCGCCCAAGCGCCAGCGAACAAGGAATGACAATCGATCTGCTACGGGCGTTTATCCGCTGCGATTTAACGGACCAGCTGGCTAACTTCGTCGCCGTGGTTCCCGTCGAAACCACGCGCCTTTCCCTGCTGCTTACCCACGCCGATGGTATATCGGCCTGGGGTGGCGATACCGCCCTCGAGGCGATTCGTCAACAGCTCCCTGGCGGGTGTCGCTGGATCCCCTGGGGACATAAAATCAGCTTTGCCTGGCTACAACCGGATGCCGTTAATGAAGAAAGCCTTCTCGCGCTGGCGGATGACGTTTGCTGTTTTGACCAGCAGGCCTGTTCCAGCCCGCAAATCGTTTTTGTTGATAGCGATGATTCGGCGGTATTGCAGGATATTGGCGGAAGACTGGCAGAGGCCATGCGGCGCCGTCACGCACGGTGGCAACCGTTAATGCCCGATGAAAAGGCGGCGGCGGATATCACCCGCGCCGTCGCCTTCGCGCAGCTGGACGCCGTATTTGCCGGGGCTGACAACGCTCTGCTGGCAGGAGACGGCTGGCGCATCATTCAGCAACACACCTCGGCCATAACGCCTTCACCGCTGTTCCGAACCGTCCTGCTGCGGCCGCTACCGCAAAATAAAGTGATGCAAACGCTGCGCCCCTGGCGAACCCACCTGCAAACCTGCGGGCTGGTTGTCGCCGATCGGGACAGAATCCCCCTCAGCCAACTGCTGCTGGCAGCCGGCGTCAATCGAATTACCCCCGTCGGTAAAATGCATGACGGCTATCACGGCGAACCGCATGACGGCGTTTACGCCTTAAGCCAGCTGGCTCGTCGCGTCACCGTGACGCTGGATGCCGATGTCCTGCCGCAGCAGGCCACGCTCGATCCGAACCCGCCGCCGCCGATGCTGACGGCGCAGCAGCCGATTATGGATAAAACGGCATTCTTACAGCACGCGATGCGGCCCAGCGCCCAGCTTTTCTTTCGCAGCGGCGGCAGCAGCGGCGTGCCTAAACTCGCCGGGTTTACCTATCGCGACTATCGCCGCCAGATGCAGGCCGCCGCCGCAGGCATGTTCGCCGCCGGGCTGGATCCCGCCCACGACAAAGTGCTCAATCTGATGTACGCGGGCAATCTCTACGGTGGTTTACTCAGCTTCTTCACCCTACTGGAAATGCTTGAAGTGACCCATCTTCCCATGGGCGGCCCCCATGATGATGACTATCACGAGATCGCCCGAACTATTGTGAATCAGGGCGTTACCACGCTCATTGGTATGCCAAGCACGCTGTATCAGCTCTTTACGCGAGAAGAGGCCATTCTGCGCGACTACGGCGGTATTCAGAAACTGCTGCTGGGCGGCGAACATATGGGCGTCGCCCAGCGTGACTATATTCATGGTTTCGGGGTGAAAACCATTCGCTCGGCGCTGTATGGTTCGGTTGATGCCGGGCCGCTGGGACATGCCTGTACGCATTGCCCGGATGGCGTGTTTCACCTGATGACGGATATTCAATGGCTGGAGATTGTCGACCCGCTCGACGATCGGCCCGTCGCGCCCGGCGATGCCGGCCGCCTGCTCTTTACCTCGACGGCCCGCGAAGGTCAGAAGGTTATTCGTTATGACATCGGCGATATGGGCCGTTGGCTGCCGGGCGAATGCCCCTGCGGCGCCCCCAGCCCCCGCTTTGAACTTTTAGGTCGCCACGGCAGCCTGGTGCGTATCGGCACGATGTTTATTCAGCCCCAGCGGCTGGCAACGCTCGCCGCTGCCCCTGTTCAATTGATTCTTCAACATAACCCGCGCAGCGGGCTCGAATGCATCAACATCTTCACCGACGGCAATATTGATACCGTCAAACAGCGGGTCTGCACCGACCCTGAGCTCAAAATGGCATTGGACGCCCATTTGCTGGAGTTAGCCGTGACCAGCCGCCCGTTCAGCGAATTTGAACGGCATCCGCAAAGCGGCAAGACGCCGCTGGTCATTGATAAACGCCGTTGAGCGCACTCCCGCCGATCGGCTCACAATAAGGATATTTGAATATGACAACAGCAAAGATGATGGGTCGCCTTGATCCGCAATCCACCCAAACGGAAGAAGTGGCCGTAAGCCCACCGGGTCTCGAACAGCTTGTCGAGAGGGTTCGCTGCCGCTCGCCTTTCTATGCCGAACACTATCGCCATCTCGCCACCCGCGGCTGGCAGCTGAAGGACCTGCCGCTTATTAATCCCGAACGCTACTGGGAGGGGAGCCAGGGCCTGAAAAACTGGCCCGTCCTCACCGGGCCGGTGGAGGACGGTATTGTCTTTAAGACCGGCGGTACCACCGGCGGCGGCAAGCTGTCGGTTTTTTCCCGCCAGGAGTGGCGTGCGTTCGTCACCAGTTTTGGCCGCAGCCTCTCCAGCCAGCTCAAGCCAGGCGCGCGCGTGGCAAATTTATTTTTCGCCGGTGATTTGTACGCGAGCTTCTTATTTATCCACGGCGCGCTTTCGCACATGTCGATACCGGTATGTGAGTACCCTTTCACCGGATCGCTTGAACCGCAGACCCTCACCGAACAGATCGTCCAGCACGATATCAACGTACTGGTGGGCGTCCCGGCGATGCTGCTGCAATATGCGGCAGAGCTCGCTGGAAAAAACCGCTGTCTGCCCGGTATCGAGACCATCCTTTACGGCAGCGAGAGTCTTTTTACTGAACAGCTACAGCTGCTGAAATCCGCCTTTCCCAACGCCCGTATTGCTTCTATCGGCTGCGCCTGCGTGGATGCCGGGCTTATCGGACTCAGCACGCCGGATTGCCTGGCGGACGAGCATCGGGTCTTTGAACCCGAAACTATCGTGGAAATTATTGATGAAGCGACGGGCGAGCCGATCGACGAAATCAATCGTTCCGGAATGCTGGTGGTCACCAGCCTTACGCGCACGCTGATGCCGCTGATTCGCTATCCGGTAGGCGATTTGGCCGCCTGGCGTGAACCTCCGGGAAGCAAACATCGCAAGTTTATTTTGCAGGGACGCAGTAGCCTCGGGCACCGCTTGCGGGTAGGTTACGCCTCGCTGTTTCCTGATGAAATAGCGGCCCTTATTACGGAAGAGATGGGGCATCAGCAGTGGCAGCTGATGCTGGAGCACGCCGATAACCGGGATCGTTTGAGCTTACGTATCGCCTTTTCCGGTACCCGGCAGCAGGCCGACAGGCTTTGCGGTCAATTACTCGCCAGGGATCACGCTCTCGCAGAACTACAGGCTGCCGGCCAGCTGTGCGTTCAGGTTCACTGGTGCAGCCAGGCGGAACTTATCCGCAATACCCGAACAGGTAAGCTGCAGCGGGTGATCGACAAACGCGCCTACCTCGCGCAGGAGGCGGTGAAATGATTGAAATCAGAGCGTTCCAGCGACAAGACGGCGAAGGCATCAGCGCCTTATTTCGCACGGTTTACGGCGATCGCTATGTCTATCCTGATATCTATATGCCCAGCCTGATTGGCTGGCGCAACGCCCGGGACGAATGGCACAGCGCGATAGCCGAACAGAATGGCATCATCATCGGGCATGCCGCCTTATGGCGGCACCACGCGGATAAGCAGACGGCCGAACTGGCCATGTTCGCGGTGCACCCCGCCTTCAGAAACCGGGGCGTAGCCACCCAACTGGGGGAATATTTGCGTCTTGCCGCAAGCAGGCTTGGCCTGGGCACGCTAACCATCAAAATGGTATCCAGCCATCCACACTCGCAGCGCCTGGCGCAGAGGCTGGGCTTTTACTCAACGGGGTTGCTCAGAGATTACGTCCCCTCCCCCTTTCAATCCGGCCTGCGTGAAAGCATTATCCTCGGCGTATTACCCTTGCAGCCACGCCCCGTCCCGCTCACCGCGGATGATAGCCGTGATGATGGTTGGATAAACTTGCTAAAGGAAAAATTTGGCGCGGCGCAGATCCCGCCCGCCAGGGAAACTTGTGCAGCCCCCGTTGAAATTGCCCTTTGTGATGATCGGGTGGACGTCACGATGAATATATCAACGCAACAGATGGTCGACGAGATTTCCCGACTGCCGGCCCGTAAACTGATTTATATCCGGGCGCGCGTGGATGGCGCGCTGATGTCGCTACGACCCAGGCTGCGGCGAGCAGGTTTTACCGATATGGGGCTGGAGCCAGCGGCCGGAGGCGAGTGGTTCTGGCTGCTGCAGCGCGGCTATCATCCCCGGCAGCTCGACCTCTCCTGCCCTATCGCTATTGCCCTGCAGAAAACGGCCGATGGCGATATCAATCATAACGCGCGCGCCTGACA
NZ_CP180088.1_gap143	5944982	5947649	2667	GATTGCCATTGGCCTGGCGTCGCAGGGTAATCCACTGGGGCCGCTGCTGTTCTTGCTGATTTACAATATTCCCAGCTATCTGCTGCGCTATTACGGCGGCGTCATGGGTTACCGTTTAGGCTCGAAGTATATCGCCGAAGCGACGCAGTCCGGGCTGCTGAGCTGTATCACCAAAGCCTCATCAATTATGGGTTTAATGATGGTGGGGGCGATGAGCGCCAGCATGGTGAAGTTTACCACCACCTTTAAAACCACCATCGCCGGGCAGCCCTTTGTACTGCAGGAGATCCTCGACAAAATTTGCGTCGGGTTAATTCCTCTGCTTTTAGTCCTGGGCTGCCTGAAGCTGCTCAATAAAAAGGTCAGCCCCAATAAGGTGTTAATTATGCTAATTGTCTTCGGCTTTGCCGCTGCGGGTATTGGCATAATTTAACCCATCTCCTGGCTCCCTTTAATAAAAGGGAGCCGTCCTCTTACTCGTGATATGTATCGACGCAAATAAAAAATCAGTCAGCGTCGAATTAACGCTCAACACATTAAAGCAACGTCATGTATTTTAAGAACTTTATATTCTGGCACAGCAATTGCTATTTAATAAGTGTCTTTTATTTCTCTCCAGAAATTATGGCACTTAATAAATCCTACAGGAATTAAAATGAAAACATTACGCACGCTATTGATCGGCATCCCGCTGTCCTGTTTTACGCTAAATACGCTTGCCGCGGCAACCTGGGTTGATAATCGCTACGCGCATACTACGGCTTCTGAGAAAAATCAGTATAAAATAGGCCTGGGTCATATATTTGATAATGGCGCCGGTGTTCTGGCCTCCGCCATGTACGACCTCGGACAAGATTTTAATCAAATGAAAAGCTCCTTTCAGGAGTTTGAAGGCTGGTATCCGATCCCGCTTAATGAAAAATGGACGCTGACGCCGGGCGGATTAACCGATATTGATAGTAAAGGAACGAAGCTGGCACCTTATATCAGCCTCGATTATAAAATCAGTAAATCTTTAAGTTTTAGCAGCCGCTACCGCTATAACCATATGACCCATAAAGATCGCGATTACAACGGCTATATGGATTACAACGACAGCCATCAGTTCGACCTGTACCTTAATTACCAGGCGACTGAGAAACTGTGGCTTCAGTTCAACCCGGAGTTCTTCGTCAACACAAACGACTTCAATGCCTCTAACGGGCAGAAAACTCACTGGGAACCAAGCATTGTGGCGCGCTACCGCGTCGATAAACACTGGCTTCCCTATGCGGAAGTGGCCTGGCTCGATCAGGATCAGAATCACGACGATCAGGTGAGATTCCGCCTCGGCATTCGCTATTACTTCGATTAAACCCCGCAAGGGCAGCGAAGCTGCCCTTCTCATATCGCCGTCAGGCTTACTGCAAACGCACGATAAACGGAGAGAAAACGGCGCTGCCGCCGGCGTTTTCATGCGCGCCACGCGCGTAAATGCCCATACGCGCGCCGATCCATTTTCCCGCACCGGCGGAAAACGACGGCGTCACCTGCTGCCATTCACGCTGCGTAAGCCGATAACGAAAGCGGACTATCCCGTCGTAGTCCACCTGGAACCCCAGCGCAATCTCGTTGCAAGCGGCGATCGCCTCAAGTTCGATGGATTCTTGATGCGTTTCACCGCGATCGTCTATCCATCCGTGGCACAGCGATAGCTGAAGATTCGGCGCGCAGTACCTCACGCGCAGTGCGGCAAAGCGTTGGCCGTAAATCGCGACTCCCGCTTCATCGCCATCCTGAGAAAACATCGGATGAACCGCTGTCTGCACGTGAAAACGTTCAGCGGGAAATTTTTGCAGCAGCAATTGAGGTAAACGATACAGGCTGATATCGGAAGCGGTCGGCGCGCAGCGCAAGCGTAGCCCTTGCGCATGCGGCATTAGCCAGCGGCGCTGGGGGTTTGCCTGCCATTGCCATTGAAGGCCGGGCTGGCCGCACGGGAAATCGTCGCTGGTCTGCAAACAACATGGAGCAAGAGGCAGCGCGGGTAAGCGATGCAGGCTTACGGGCTGCCCCTTACCGTGATCGTCAAGGCGTTGCCCAATTTGCGGCCAGCCGTCAGCCCGCCAGCTCAGCGGCTGAAGATGCACTATGCGGCCGTACACGCCTTTATCCTGAAAGTGGAAAAACCAGTTTTCACCGTTCTCAAGTTCAACCCACGCCCCCTGATGAGGGCCATTTATCGGTGAATCTCCCTGATGCAGAACATCGCGACTTTGCCATGGACCAGATAGCGTCGGGGCGCGCATGACCGTTTGCCAGCCTCGCTTGACGCCTCCGGCCGGAGCGAATATCCAGTATTCGCCGTTGCGTTTATATAATTTGGGGCCTTCCAGAGTGGGATGCGAGGGCGTTCCGTCAACAACGATCCGGCCGTTATCCAACAGCCGGGATGCATCCGGCGCCATTTCAAAAATCTGCAGCTTGTTTTTCACCCCGCTGCGGCTGAAAGCGAAAGCGTGAATCAGCCAGGCTCGTCCATCATCGTCCCAGAACGGACAAGGGTCTATCCAGCCGGGGGAAGCGTTCAGGCAATAGGGTTCGCTCCACTCGCCTCGCGGATCCCGGGCGTGGGAAACAAAAATACCCTCGTCGGGCAAACTGTAGAAAACCCAGAACAGGCCCCCA
NZ_CP180088.1_gap144	5950928	5955859	4931	CGGAAAACAGCTGGGGCTTTGACTGGCTACCGAAGTGGGATAAGGGCTACGACGTCCTGCAATATTTCGAGATGATGAACCAGGGCAAAGTGAACGGCTATATCTGCCAGGGCTTCAACCCGGTAGCGTCGTTCCCGAACAAAAACAAGGTTGTCGCGTCGCTGTCGAAGCTTAAGTTCCTGGTGACCATCGACCCGCTCAACACCGAAACCTCCACCTTCTGGCAAAACCACGGGGAGTCGAACGACGTCGATCCGGCGAAAATCCAGACCGAAGTGTTCCGCCTGCCGTCCACCTGCTTCGCCGAAGAGAACGGTTCTATCGTTAACTCCGGCCGCTGGCTGCAGTGGCACTGGAAAGGCGCGGACGCCCCGGGGATTGCGACCACCGACGGTGAGATCCTCGCCGGTATCTTCTTACGCCTGCGCAAGATGTACGCCGAACAGGGCGGACCGGCGCCGGAACCGGTGCTGAACATGACGTGGAACTACGCCACGCCGCATGAACCAGCGTCGGAAGAAGTGGCAATGGAGAGCAACGGCAAGGCGCTGGCAGATATTACCGACCCGGCAACTGGGGCGGTGATCGTCAAGAAAGGCCAGCAGCTCAGCTCGTTTGCGCAGCTGCGTGACGACGGCACAACTTCCAGCGGCTGCTGGATCTTCGCCGGTAGCTGGACGCCTGACGGCAACCAGATGGCGCGTCGCGATAACGCCGATCCATCGGGCCTCGGCAATACGCTGGGCTGGGCATGGGCGTGGCCGCTTAACCGCCGCATTCTGTATAACCGCGCCTCCGCGGACCCGCAGGGTAAACCGTGGGATCCGAAGCGCCAGCTCCTGAAATGGGACGGCGCGAAGTGGGGCGGCGTGGATATTCCAGACTACAGCGCCGCGGCGCCGGACAGCGATGTCGGGCCGTTTATCATGCAGCCGGAAGGGATGGGGCGTCTGTTCGCTATCGATAAGATGGCGGAAGGGCCGTTCCCGGAACACTACGAGCCGTTTGAAACGCCGCTGGGCACCAACCCGCTGCACCCGAACGTGGTCTCTAACCCGGCCGCTCGCGTCTTTAAAGGCGACCTTGAGCAGATGGGCAAAGCGGAGAAATTCCCTTACGTCGGTACCACTTACCGCCTGACCGAGCACTTCCACTACTGGACCAAGCACGCGCTGCTTAACGCCATCGCGCAGCCGGAACAGTTCGTGGAGATCGGCGAGAAGCTGGCGAATAAGCTCGGCATCGCCCATGGCGATACCGTGAAGGTCTCCTCTAACCGCGGCTATATCAAAGCCAAGGCGGTGGTGACCAAGCGTATTCGCACGCTGAAAGCGGACGGTAAGGATATCGATACTATCGGTATTCCGATTCACTGGGGCTACGAAGGCGTGGCGAAGAAAGGGTTTATCGCCAATACCCTGACGCCGTTTGTCGGTGATGCGAACACGCAGACGCCGGAGTTCAAGGCTTTCCTCGTGAACGTGGAAAAGGCGTAACGGAGACGAATTATGGCTTATCAATCGCAAGACATTATCCGTCGTTCCGCGACTAACGGCTTCACCCCCGCGCCCCGCGCGCGGGACCATCAGGAAGAGGTGGCGAAGCTTATCGACGTCACCACCTGTATCGGCTGTAAAGCCTGCCAGGTGGCCTGTTCCGAGTGGAACGACATCCGGGATGAAGTCGGTCACAACGTCGGGGTGTACGATAACCCCGCCGACCTGACCGCCAAATCCTGGACCGTGATGCGCTTCTCGGAAGTGGAGCAGAACGACAAACTGGAGTGGCTCATCCGTAAGGATGGCTGTATGCACTGCGCCGACCCGGGCTGCCTGAAGGCCTGCCCGGCGGAAGGGGCAATCATTCAGTACGCCAACGGCATCGTCGACTTCCAGTCCGAGCAGTGCATCGGCTGCGGCTACTGCATCGCCGGCTGCCCGTTCAACGTGCCGCGCCTGAACCCGGAAGATAACCGCGTCTACAAATGTACGCTGTGCGTGGACCGCGTTAACGTTGGCCAGGAGCCGGCGTGCGTGAAAACCTGCCCGACCGGCGCTATCCACTTTGGCTCCAAAGAGGATATGAAAACGCTGGCGGGCGAGCGCGTCGCCGAGCTGAAAACCCGCGGCTACGACAACGCGGGCCTGTACGATCCGGCAGGCGTTGGCGGCACGCACGTGATGTACGTGCTGCACCACGCCGACAAGCCGAATCTGTACCACGGCCTGCCGGAGAACCCGGAAATCAGCGCCACGGTTAAGTTCTGGAAAGGGATCTGGAAGCCTCTCGCGGCGGTCGGCTTTGCGGCCACCTTCGCCGCCAGCATCTTCCACTACGTCGGCGTCGGCCCGAACCGCGCGGAAGAGGAAGAGGACAATCTGGATGAAGAGAAAGACGAGGTGCGCAAATGAAAAGACGTGACACCATCGTGCGCTACACCGCGCCGGAGCGAATTAACCACTGGGTCACCGCCTTCTGCTTCGTGCTGGCGGCGGTGAGCGGGCTGGGCTTTTTCTTCCCGTCCTTCAACTGGCTGATGCAAATCATGGGCACCCCGCAGCTGGCGCGTATTCTGCACCCGTTCGTGGGCGTGATTATGTTTGCTTCGTTCATCATCATGTTCTTCCGCTACTGGCACCACAACCTGATCAACCGGGACGATATTTTCTGGGCGAAAAATATTCGCAAGATTGTCGTCAACGAGGAAGTGGGCGACACCGGGCGCTATAACTTCGGCCAGAAATGCGTGTTCTGGGCGGCGATTATCTTGCTGGTGCTGCTGCTGGTGAGCGGCGTGATCATCTGGCGTCCGTACTTTGCGCCGGCCTTCTCCATCCCGGTTATCCGCTTCGCGCTGATGCTGCACTCCTTCTCTGCGGTGGCGCTGATTGTAGTGATCATGGTGCATATTTACGCTGCGCTGTGGGTGAAGGGCACCATTACCGCGATGGTGGAAGGCTGGGTCACGAAGACCTGGGCGAAGAAACATCACCCGCGCTGGTATCGTGAAGTCCGCGAAAAGCAGGATAAGCGCCAATCGTAGGCCCGAGCGCGTTGTTCGTCTCTGAAATGGCGTCGTATATCGACGCCATTTTTTTGCGGATAACGCGCTGTTTTTACAACGTTAGCCAGAGTGCGCCGCAGGCGTGAGCGGCACCTTTCCCGTTTCGCTCAAGCCATGGCGCAGGGCAGCTAATCCTAACGGTGCATAGTCGGGGGTATCGATATCAGGTATCGTAGCGCACACATTGCGATGTCGTGGCTATATCCCGTATGCCGATTGCGGTTATCATTAATGACATCACCAGAGCGGGCGCATGATGCCCGCCAAATCGCAGAGCGGACGCGACCATCGCCGAATCTGCTGAAACCAGGAAGTGACTGAATGAGCATTCGTATCATCCCGCAAGATGAGCTGGAAAAGAGCGAGAAACGCGCGACGGATATGATCCCGCCGCTGTTGTTTCCCCGGCTCAAAAATTTATATAACCGTCGCGCCGAACGCCTGCGCGAACTGGCTGAAAATAACCCGCTGGGTGATTACCTGCGCTTTGCCGCGCTTATCGCCCACGCGCAGGAAGTGGTGCTGTACGACCATCCACTGCAGATGGATCTCACCGCGCGCATCAAAGAAGCGAACGACCAGGGTAAACCGCCGCTGGATATCCACGTTTTGCCGCGCGATAAGCACTGGCACAAGCTGCTGCATTCGCTGATTGCCGAACTGAAGCCGGAGATGAGCGGCCCGGCGCTGGCGGTCATCGAGAATCTGGAAAAAGCCTCAGAGCAGGAGCTGGAACTGATGGCAAGCGCGCTGTTTGCGTCCGATTTTGCCTCTGTCAGCAGCGATAAGGCGCCGTTTATCTGGGCCGCGCTTTCGCTCTATTGGGCGCAGATGGCCAGCCTGATCCCCGGAAAAGCCCGCGCTGAATATGGTGAACAGCGTCACTTCTGCCCGGTTTGCGGCTCGATGCCGGTCTCCAGCATGGTGCAAATTGGTACCACACAGGGCCTGCGCTATCTGCACTGCAACCTGTGCGAAACTGAATGGCACGTGGTGCGCGTGAAGTGCAGCAACTGCGAACAAACGCGCGATCTGCACTACTGGTCACTGGATAACGAGCAGTCGGCGATTAAAGCCGAAACCTGCGGCGACTGCGGTACCTACCTGAAGATTCTCTATCAGGAAAAAGACCCAAAAGTGGAGGCCGTAGCCGACGACCTCGCCTCGCTGGTACTGGACGCACGGATGGAACAAGAGGGCTTCGCCCGCAGCTCCATCAACCCGTTCCTGTTCCCTGGCGAAGGGGAATAACGGCAGGCATCATGTCGGGCGGCGCCTGCTGCCCGGCTTACCATTGATAATGGCGTAAACACCCCGGTATGCCGGCAAAATCTTTGGTTTTGCGAGCCGCTTTCCAGAATCACTTCCCGACGAAAATCCCTGGTTTTCTTTTGCTCACAATCAGGCTATAACACTGTATATCCAAACAGCTTAAGGGAATAAAAATGGCGCTTGAAAAGGGTATCGCAGAGCTGGTGCGGGAATTTATCAATGCGGGCCGCCCCTCATCGCGCGAACAGAATATTGATGACCGGAGACGCGGCTATCTCGCCAGTACGGTACTGGCTGGGGAACAGGAAAAGCGCGTTCAGGTAGAAGATATCGAGCTCGACGGCATGGCATTTCGCGTTGTCTCTCCCCTTAACGCTTCCGGCGCACTGCCTGCCATTATCTATTTCCACGGTGGCTGCTTTATCAGCGGCGGTTTCGCCACGCATGACCATCAGCTCCGCCAGCTGGCATACCACAGCGGCTGCCGCGTTATCGCCGTGCAATACCGGCTGGCGCCGGAGCATACTTTCCCTGCCGCCCATGACGATGCGGAGAGAGGCGCGCTGATTATTCACCGCCGCGCGGAGCAGTTAGG
NZ_CP180088.1_gap145	5968928	5970115	1187	TCTCGATCAGCAGATGATCCAATGGGCGGTGGAAAGCGATATCCCGGTACTGGTGCTGCTAACCAAAGCCGATAAGCTGGCCAGCGGCGCGCGAAAAGCGCAGATCGCCATGGTTCGTGAAGCGGTCACCGCCTTTAACGGAGATGTGCAGGTCGAAGCGTTTTCTTCCCTGAAGAAGCAGGGCGTGGATAAACTACGGCAGAAGCTGGATAGCTGGTATAACGATATCCCTCCTCAGGAAGCCTCTGAAGACGGCGAATAATCTCGCTAACTTCTCCGGATAGCGTCGCGTGAGGCTCTATCCGGGTAGCCCGCCTCATCAGCATCGATACGCAAAAAATTTTCTTTCGCGCAATAAAAAACGCCCCGGTCATTTATGACCGGGGCGGCTAAAATATTCAGCCAAATCCGATTACGTGAAGTAAAAGGTCTGAAAGATAGAACATCTTACCTCTGTACCCTACGTCTTTAACTCTACTCTTCTTTCGGTTACGGATAAAGCATTTTTTGTAGTTTTTTTTCACTCTTTACATAGCAAATTCAAATGATCATCACAAAATGCGATAAGTTATGTTACTCACTTACAAGAAATGACCTTCCTTACCGAATACTTAGTGCGCTTGATCCCAGTTTTCTCCACTCCCCACTTCCACCAGCAGCGGAACCGCCAGCGTCGTGCTGCTTTCCATCAGTTCGTGGATCTTTTTCGCAACCGCCTCAAGGTCGTCTTTATGCACTTCAAAGACCAGTTCATCGTGTACCTGCATAATCATCCGCACGCGCGGTTTTTCGCTTAATAACCAGCTATCTACGGCGATCATCGCGCGCTTAATAATGTCGGCAGCGGTTCCCTGCATCGGCGCATTGATCGCCGCACGCTCGGCACCGGCGCGGCGCGCGCCGTTGCTGGATTTGATGTCCGGCAGGTAGAGACGACGGCCATCAAGCGTTTCAACATACCCCTGCTCTTTGGCCTGGGTGCGGGTGCGCTCCATATACTCCAGCACGCCCGGATAGCGCTCAAAGTAGAGATCCATATACTTTTGCGCTTCTTTGCGTGGAATATTGAGCTGGCGCGCAAGGCCGAATGCGCTCATGCCGTAAATCAGGCCGAAGTTGATCGCCTTCGCGCTGCGGCGCTGTTCGCTGCTGACGCTCTCCAGCGGCAAACCAAAGACCTCTGCCGC
NZ_CP180088.1_gap146	5972470	5976134	3664	ATATTTTTATAACGACAGCCAAACAATCGTTAATTAAATCATCCATAAACAAATTATTTCATATTTATCATTAAGTTATACACTCATAATTTGCTTTAATAACACCATGGCGACTCAATGTTCCATGTGGATATAAGATCCGAAAATTTTTCTGTTCTGGTAAGACCCGTTATTTACGCTATTTTCTGGTAAAATCAGCCTCTTGCGCCGTTTAAACGCGTTCTTTGTCAGCCTAACTTTCTGAATAAATTAACTATGTCGAGATTACTCGCCGCGATAACGCTCCCGCTGAGTATCGCCCTGACTATCATAGTCACCATAATCTGCTCGGTGCCAATCATCGTCGCCGGGCTGATTAAACTTCTTGTGCCTATTCCTGCGGTCTGGCGCTCGATATCCATTTTTTGCAATTTCATGATGTACTGCTGGTGTGAAGGGCTGGCTCTGCTGCTGCGTCTTAATCCCTGGCTTAAATGGGATGTACAGGGCCTGGATGGCCTGAATAAGAAAAACTGGTATCTGCTCATCAGCAACCACCATAGCTGGGCAGATATCGTGGTGCTTTGCGTGCTGTTTCGCAAACATATCCCGATGAATAAATATTTCCTCAAGCAACAGCTCGCCTGGGTGCCGTTTATTGGGCTGGCCTGCTGGGCGCTGGATATGCCTTTTATGCGCCGCTATTCCCGAGGCTATTTACTCCGCCATCCAGAACGCCGGGGCAAAGATGTTGAAACCACTCGCCGCTCCTGCGAGAAATTCCGCGCGCATCCAACAACGATTGTTAACTTTGTCGAAGGCTCTCGTTTCACGGAAGAAAAGCAACAGCAGACCCGTTCGCCTTACCAGAATCTGTTATCGCCAAAGGCTGCGGGTATTGCCATGGCATTAAACGTGCTCGGCTCGCAGTTTGATAAGCTTTTGAACGTCACGTTATGCTATCCGGAAAACAACCAAAAGCCGTTTTATGACATGCTGAGCGGCCGATTAACGCGGGTTGTGGTGCGAGTCAGTCTTGAACCTGTGATGGAAGAGCTGCACGGCGATTATGTAAATGACAAAAACTTTAAGCGACGCTTTCAGCGCTGGCTAAACAGGCTTTGGGAAGAGAAAGATCGGCAGCTAACGGAAATAATGCAGCAGGCAGAGAAATAATTGTGGGCGCAGAAAAGAAAAACGCCGGTCAGTAACCGGCGTTTATTTTTTATTTCTTCTCAACGAGCTGCTTAACGGTATCGGCATACTGGGCAACAAATGCGTCCATGTTGCTGGTATCCATACCCTGCGGGTTTAGCTGGTATTTACCGTTAACGTACATAGCCGGCACGCCCTGCAGCTGGAAATCAGCGGCGGCTTTCTCTTGCTGAGCCACCAGGGATTTCACCACGAAGCTGTTCCAGGCTGCATCGTAATCTTCACCTTTAACGCCGGCGTCAACGAAGACCTTACGGATATCGGCCACGGTCTGGACGGTCTGGTTTTTCTGTACCGCTTCAAACATCGGCACGGTGATTTTATCTTCCACGCCCAGCGCCATCGCAACGGCCCACGCCTGAGTCAGATCCTTGCCTAACGGACCCAGGAACTCAACGTGGTATTTCGTCATTTTTACGCCTTCAGGCAGCTTTTTCTTCACGTTATCTGATACATGAAGAACTTCCTCAAACTGATAGCAATGCGGGCAGTAGAACGAGAAAAACTCGAGCACCTGCGGCTCACCGGCAACGGGCTTATCGAGGGTAATATACTGCTTACCGTCGGTGATCTGGGCAGCGGATGCACTGAAAGCCAGAATCATACCAGCCAGCGCCAGCCAAATTTTTTTCATGATTAATTCTCTCCTGGATATATCACATTAATACATTGGCGTTAACTGAAGAGGCGGTTCCTGCAGAACCTTTACCTGCTCAAGAAAAGTTGTTGTCTGCCCGCGCCAGTAATCTTCCCCGGTTAACCACGGGAAGTTTTTAGGAAAAGCGGGATCTTCCCAGCGCCTTAATAACCACGCCAGATAATAAACTAACCGCATTGCACGTAAAGGTTCGATGAGGGCAATTTCATCGGTATTGAAAGCGCTGAACTCTTCATACGCTTCAATGATCATCTCAAGCTGCATCCGTTGTTCGGCTTTATCGCCGTTCAACAACATCCACAGATCCTGGATAGCAGGTCCATTACGTGAATCATCTAAATCAACAAACAGTGGCCCATCGCGCCAGAGGATGTTTCCCGCATGGCAATCACCGTGTAACCGTAAAATACTGGCGCGTCCGTGCCATTGCGCCATTACCGCATCAATCAGCTTATCGGTAGCGCTGAGAAAAGCCTCTTTCAGACCTGCAGGTATCAGCGGGGAAAGCTCAAAGACCTGGCGTGGCTCAAGAAGATACTCATTCGTCCCTATCTCCGGACGCGCGACAAAACGCTGTTTGCGTCCAGTTTGATGCAGACGGCCAAGGTAGCGCCCAACCCATTCCATCTGATCGAGGTTATCCGCCTCAAACTGACGTCCACCCAGGCTTGGGAATACGGCGAAAAAGAATCCCTGATGCTGATGAAGGGTACTGTCGTTAAACGACAACGGCGCCGCTACAGGGACTTCGTCCTGCACGAGCTGGAGGGAAAACTGATGTTCTTCGAGGATTTGTTGGGCTGACCAACGCTCAGGACGATAGAACTTCACCACATAGCGGCGACGATCTTCGTCCTGAAACTGGTAAACCCGGTTCTCATAGCTATTAAGCGGTGTGAGACCGGAGTCCACCCGCATTCCCAGATCAAATAAGCCATCAATGATGGTATCCGGGTGAAGCGTCTGAAAAGTGAAAGCCTTATCGTGCATCCTGACATCCGATAATCGTACGAATGATACAGGATATCATCTCATTGCCGATTCCGCGGCAGCGCTTACAACCTTTTACTCTTTAATCACGCCGCGAGCGCGTAGCAGCGCGGTTTTAAAATCTTCTTCATAATCTTTCTGAATCCCGGGAATAACAGCTTCTTTTGCCGAGTCGCGCATCTTCAGATGATAAATCAGAATATCGTCGGAGAGATCGTTCAACTCACCGGTGTATCCGGCCTCTTTCGCCAGTTTTTGCAAAAATTGCATTAAATTCAGCTCGGGTTCTTTCTGCCAGGCTGGCTGGAGGAGTTCAATGACTTCATTCAGACGTTTACATTTCATAGCAATGCTCCTTACTCTTGATAGGAATACGTTAGCAGGGACAATCCCACAATGAAAGAGGCGATATTAATATGCAGGGCAAGGTCATAACCGGCGTCGTGCTGGCGGGAGGAAGAGGCTCACGCATGGGAGGAATAGATAAAGGATTACAGCTGCTGAAAGGTAAAGCCCTGTGGCGTCATGTCGCCGATGCGCTGCAGCCGCAGGTTACAAAGCTGGTAATTAGCGCTAACCGCAATCTTGATTGCTGGCGAAGCAGCGGCTACCCGATTATTACCGACTCTCTGAACGACTTTCCCGGGCCGTTGGCCGGCATGCTTTCCGTAATGCATCAGGTTGAGGGCGAGTGGTTTCTGTTTTGTCCCTGTGATACGCCATTTATCCCATCATTTCTGGCGACGCGCTTAATACAGCAGAGAAAATCCTCTCCAGCCGTTTGGGTACACGATGGTGAACGTGACCATCCGGCCATTGCTC
NZ_CP180088.1_gap147	5981611	5982362	751	AGACCAGCTAGGGATCGTCGCCTAGGTGAGCCGTTACCCCACCTACCAGCTAATCCCATCTGGGCACATCTGATGGCAAGAGGCCCGAAGGTCCCCCTCTTTGGTCTTGCGACGTTATGCGGTATTAGCTACCGTTTCCAGTAGTTATCCCCCTCCATCAGGCAGTTTCCCAGACATTACTCACCCGTCCGCCACTCGTCACCCGAGAGCAAGCTCTCTGTGCTACCGTTCGACTTGCATGTGTTAGGCCTGCCGCCAGCGTTCAATCTGAGCCATGATCAAACTCTTCAATTTAAGTTTGATGCTCGTAGAATTAAACTTCGTAATGAATTACGTGTTCACTCTTTGAGACTTGGTATTCATTTTTCGTCTTGCGACGTTAAGAATCCATGTCACTTTGAGTGCCCACACAGATTGTCTGATAAATTGTTAAAGAGCAGTGCAACGCGGCTTTCGCTCACCGTTGCGAGGTGGCGTATATTACGCTTTCCTCATTCAGAGTCAAGCGTTTAATTCCGCTTTTCTCTGCCGGTATTCATCGCTGAATCCCGCTGACCCGGCGGGCTGTAAGCCGTTGTTCCGTGTCAGTGGAGGCGCATTATAGGGAGTTATTCCGAAGTGACAAGGGCTAAATGCAAAAAACTTTTTAACCGCCTCTTTTTTCATCATTACGGCGCGTAATGTAGCAAAAAACCGGCGTTTTGCCGTTTTAACCAACGAAGTAAGCCGCCAGATGGCATACTGGTAAGGT
NZ_CP180088.1_gap148	6031280	6034797	3517	CTGCTCGGAGCTGGCGTCGATCAGGTCGGCAATGGCTTCTGCCTGTGCCAGGTCGAGCTTGTCGTTTAAAAACGCGCGCTCGGAGAACTCGCCGGGCCTGGCGATGCGCACGCCCGGCAGCGTCAGAATGCGTTTCAGAAGCAGGTCGAGGATAACGGGGCCGCCGTGGCCCTGAAGCTCCAGCACGTCTTCGCCGGTAAAGGAGTTCGGGCCGGGGAACCACAGCGCAATCCCCTGATCCAGCGCGCTGCCGTCGCTGTCTTTAAACGGCAGGTAGTCGGCATAGCGCGGCTTCGGCAGCTTGCCCAGCACCGCCTGCGCAACGTCGCGCGCCTTCAGGCCAGAGATGCGCAGAATGCCCACACCACCGCGTCCCGGTGGGGTTGCCTGGGCGACGATAGTGTCGTTATGGCTCATGGTGACTCTCTATGTAGATGTAAAAAAGGCGGTCTAATGACCGCCTTCTCTGGCATTAACGTTACCGTAAATACTCAAAATAATTCAAGAGTATCAGGATTTTTTCTTCTCGCGGCTATGCAGGCCACGTTTCTCCAGACCACGGTAAATCAGCTGCTGCTGAATAATGGTGACCAGGTTGCTGACGATATAGTAAACCACCAGACCGGACGGGAACCACAGGAAGAACACCGTGAAGATGACCGGCATAAAGGTCATGATCTTCTGCTGCATCGGGTCGGTCACGGTGGTCGGAGACATCTTCTGGATGAAGAACATCGTCGCGCCCATGATGATCGGCAGGATGTAGTACGGGTCTTGCGCAGACAGGTCGTGGATCCACAGGATAAACGGCGCATGACGCAGTTCAACCGAGGCGCTCAGCATGTAGTACAGCGCAAGGAAGATTGGCATCTGGATAATCAGCGGGAAGCAGCCACCCAGCGGGTTAACCTTCTCAGCTTTATACAGGGCCATCATTTCCTGGCTTTGACGCTGCTTGTCGTCGCCCAGACGCTCGCGCATTGCCTGAATCTTCGGCTGCAGCATACGCATCTTCGCCATGGAGGTGTACTGCGCTTTAGTCAGCGGGTACATGATGCCACGAACGATAAAGGTGATGACGATGATGGAGAAGCCCCAGTTGCCCAGGAAGCTATGGATCCATTTCAGCAGTTTGAACAGCGGCTGAGAGATAAACCACAGCCAGCCGTAGTCGACGGTCAGGTCAAGATGCGGCGCAACGGCGGCCATTTTGTCCTGAATAGCCGGGCCGACCCACAGGGTGCTTTCCAGCTTATCGGTTTGACCCGGCTGCACCAGAACCGGCTGAGATTTGTAGCCGATTGCCACAATACCGTTGCCGAGATTCGCGGTGTAGAAGTTGTTAGTACCGGTGTTCTGCGGAACCCATGCGGTAGTAAAGTACTGCTGCAGCATGGCAACCCAGCCGTTTTTGGTGCTGACGTTCAGGTTTTCGTTATCGACGATAGTATCGAATTTGTATTTTTCGTACTTCGTTTCAGACGTTGAGTACGCCGCGCCACGGAAGGTGTGCATTGTCGTCAGACCGCCGGTCTGCGTGTCGCGATGCGTCGGCAGGTTGGCGGTTTGCTTCAGCTGGCCAAAGGTCGACAGTTCCAGCGGTTTTTCGCTGGCGTTCTGCACGCTATAGCCGACGTTCACCGCATATTCACCGCGCTTCAGGGTGAAAGTTTTGTTGAATACGTTGCCTGCTTTATCGGTGTACGTCAGAGGAATGACGATTTCGTTCTGGCCATCAGCCATCACAAACGCATCTTTATCGACGTTATACAACGGACGCGGTCCGTTAGCCGGGTTGTCCGGGCCATCACGACCGGTCAGGCCGCTCTGCGCCTGATAGGTAAACTGCGGCGTGGTTTCCAGAAGCTGGAACGGCTCAGTTGACTTCAGCTCTTTCGGATAATCCAGAAGCAGCGCTTGCTCAACATCACCACCGCGGGTGTTGATGGTCAGGTCAAGCACATCGGTTTTTACCGTAATCAGTTTCCCCTGGCCACTGGCCGGTACGCCCTGGTCGGCGGCGCTACCCGTTGCTGTGGTCGTTGTCTGCGTGGTCTGCTGCTGGGGTTGAGGATTGTTATCCTGCTCCCAGGCTTGCCAGATCATGAAAGACACGAACAACAAAGCGATGATAAGAAGATTGCGTTGCGAATCCATCGTTAGTGTTCTCTGGTATCAAATGGTCCAGGCGGGACGGGATCGTCACCACCAGGGTGTAAAGGGTGGCATTTTAATACGCGTTTCACCGTCAACCAACTGCCTTTTATCAATCCAAACCTGCGCAATGCCTCAATTCCGTATTGAGAACAGGTCGGCGTGAAACGACAGTGCGGCCCGAGTAGCGGACTAATCAGGCGCTGATAGACCCGAATCAGGCCTATCAGGACCCGCGAGCCAGGCGACAGTGGCGGCGCCATAATTTTTCCAACGCTTCCGAGAGAGCACGGTTATCGAGGTCGGCAACCCCTTTCTTCGCCACCACCACGAAATCCATTGGCGGGAGTTCATGTTGACGTAAACGGAAGCTTTCACGCGTCAGACGTTTAATCCGATTGCGTTCATGCGCGCGCTTGACGTTTTTCTTGGCGACGGTAAGACCGATGCGGGGATGCCCCAGCGAATTTTGGCGGCCGAGGATGGTGATTTGCGGCGTGCCAGCCCGTAATGGCTGCTGGAAGACGAAAGTGAAATGACTGGGAGTTAACAAGCGTAACTCCCTGGGAAATGCGAGCTTAACCACTCAGGGTTAGCTTTATTACTTGGAAACGGTCAGACGAGCGCGGCTTTTAGCACGACGACGTGCCAGAACCTGACGACCATTTTTAGTAGCCATACGAGCACGGAAGCCGTGAGAACGGTTGCGCTTCAGTACAGACGGTTGAAAAGTGCGTTTCATGGCGATTTCTACCTAAACTTGAATAATTTCACTGACTTTCGCGTAAATCCGAACGAATTTCGAACGGCCTACGCCTCAGCGTGGGTGATTAAAGAGGCCGGATTGTAATAATTGTACACTCCGGAGTCAATTCTCTTTCCTTATTTCTCGCACCTTGCCGCACAAAAAACAGGCGATGGCACGCTGCGGAAAACGGGCTTTACGCGCCGGGTGGTGGATTATACGACCTGGTGGATAAAGCGCAAGGATCGCAAAGGATCTTTGTTAGATCGATTAAGCCCAAAACCAGGATAGTTCATTAATTTTTCCAATATGCGGCTGAAATCGTGCCCCACTCCAGCCAGGATCGATTACACTTACCCAGCTTCGATCCTTCCTGTGGATAAATCGGGAAGAATCTGTTGAGAAACACAAGATCTCTTTCTCAGTTTAGGCTATGATCCCCGGTCCCGATCGGGATCCAGAGATCCGCATCGGGTAATAACCGCAGATAGCGGTTCGCACGTCACCCCTTTTGTGCAGGGGCTTTTCGGCTATGCAGGGTCTTGTCGACGTGTGCCAACAATCACGATTGTTTCAGTTTCTCTTTATATATCGATTTTTGTTCGAGTGGAGTCCGCC
