gap_id	start	end	length	sequence
NZ_CP137547.1_gap1	123077	125495	2418	TGATCTTAGAAACGCGTACGTCACCGTCTTGCATCTCCTTAGCAGAGAACCAACTCTTCATTTTAGAGAGAAAACTCGTCTTAGATTCTCCAGCAACTAATGAAGCTGGATATAGAGCTTGTAGAGATATTAATACGGTTAATAAAAACTTACTGACTTTTGAAAGCATAATAAAAATAAAATACGTTTATTAATTTAATAATATAACTTCCGACACTTTTATTAATAACAAAATACAAAAAATCAAAATCATCAAAAATCTTGTGTTTTATAAAACTCATGATAATAATCCTGACTGTAAAAAATCTTGGATACTAAGGAGTTGCTGCGGATTATGGAAGAGCAAACGTTTATCAGTAAGAAGGTTGGAGTTTTACCAGCGAGATGGGGCAGTGTCAGATTTCCTGGGAAGCCTTTAGCCATGATCCTAGGAAAATCCTTAATTCAAAGAACTTATGAAAATATCATTCAAAGCGAAACACTAGATAAAGTAGTTGTAGCTACTGATGATCAACGCATTATGGATCACGTGATAGATTTTGGTGGCGAGTGTGTTATGACCAGTCCAGAGTGCGCCAATGGTACTGAACGGATGGCGGAAACCGTATCGCGTTATTTCCCTGAAGCTGAGATCATGGTGAATATCCAGGGGGATGAGCCCTGTTTACGCCATACCGTTGTAGATGCTCTTGTGAGAAAACTCGAAGAGAATCCAGAAATTCATATGGTGACTCCTGTTGCTCAAACCACAGATCCTCATGAAATCTTAACAAATCAAAAAGTAAAATGTGTTTTCGATAAAAATGGAAAGGCTTTATATTTCAGCAGAAGCGCTATTCCACACATTTTAAAAAAAGAGACACCGATTTATCTACATATTGGCGTGTATGCATATAGAAGATCTGCTTTGTTCAGTTACATTGCTTCCGCTCCTTCTCCTCTAAGCCAAGCTGAAGATCTTGAGCAACTACGTGTATTAGAACACGGTGGATCCATTCATGTATGTGTAGTGGAAGCTAAGAGCCCTTCAGTCGATTATCCAGAAGATATAAATAAGGTGGAAGAATACTTAACATGCCATTCAAGTGCATCTTTTTAACAGGAGGGGTTGTATCCTCCTTAGGCAAGGGATTAACTGCTGCCTCGCTTGCTCTACTACTAGAGCGACAAGGCCTTAAAGTTGCGATGTTAAAACTGGATCCTTATCTTAACGTTGATCCGGGAACCATGAATCCTTATGAACATGGTGAGGTTTACGTTACCAATGATGGAATAGAGACGGATCTAGACCTTGGTCACTATCATCGCTTTTCTTCAGTAAACCTATCTAGGCATTCTACGGCGACTTCCGGGCAAATCTATGCCCGAGTCATTAAAAAAGAACGCGATGGAGTGTATCTAGGAAGTACTGTTCAAGTCATCCCGCATATCACTAACGAAATCATCGAAGTTATCTTAGAATGTGCTAGGGAAAATCATCCTGATGTATTAATCGTAGAAATCGGTGGTACTGTTGGAGATATAGAATCCCTACCTTTTTTAGAAGCTATCCGACAATTCCGTTATGAGCATGCTGAGGACTGCTTCAGTATTCACATGACCTATGTGCCTTATTTACAAGCTGCAGGAGAGGTAAAAACAAAACCTACTCAGCACTCTGTTCAGAGTTTGCGAAGCATTGGCATTATCCCCGATGCGATTCTCTGCAGATCCGAGGCTCCCTTAAGCTCGGAAGTAAAAAAGAAAATCAGCCTATTTTGCAATGTTCCTAGCACTGCGGTGTTTAACGTTGTCGATGTAGAACATTCGATATACGAAATGCCCTTAATGTTATCTCAAGAAAAGATTTCTACGTTTATCACCGAGAAATTAGGCCTATTTACTAAAAAAGAAGATCTAAGTGATTGGGAAATGCTAATCGAGCGTTTGCGCAATCCTCTTCCTAATAAGATACGCTTAGGTTTAGTAGGTAAATACGTACAACATAAAGATGCGTATAAATCCGTTTTTGAGTCCATTACTCACGCCGCTTTAAGCTTGAATTGCTCAGTAGAGTTATTCCCTTTAGATTCTGATGATCCTCATTTCCTGGAAACCTTAGAACTATGCGATGGTTGCCTGGTCCCTGGAGGTTTTGGGTCTCGTGGTTGGGAAGGGAAAATTCTTGCAGCCAAGCTCTGTAGAGAAAGAGGGATCCCTTATTTTGGAATCTGTTTGGGGATGCAGGTTCTTGTTGTTGAATATGCCCGTCATGTCCTCAATCTAGAACAAGCAAACTCTACAGAAATGGACAAAGATACACCTGATCCCGTTATCTGTATGTTGGATGGACAAGCTTCATTAATTGCTACAGGTGGCACGATGCGTCTTGGAGCCTATCCTTGCGTATTATCACCAGGAAGTAAAGTATACACGATG
NZ_CP137547.1_gap2	126570	129473	2903	AAAACCCTTACGATTGCCATCCATGACGACCCGGAATCTTTATCCCCTGATCAAGCAAAACGCGCTTTAGATCTCTCTGTATCTAAACTCATTTTCGAAGGACTGACAAGAGAAAATCCCCATAAACATAATCAAGTAGAATTTGCCCTAGCAAGTCATTATACCGTATCAGCGGACGAAAAAACCTATACTTTCTTTATCAAACATGAGGCTTTATGGAGTAACGGCACTCCAATTACCTCTCAGGATATTACGCGAGCGTGGCAACATGCAAAAACTCGCTCTCCTCACCACAAAGCATTTGAAGGTATTGATTTTAAAGCTTGCTCACCATCTAGCATTACCCTAACACTAGATTCCCCAAATTCTAATCTACTGCAATTACTCGCTTTCCCCGCATTTTCTGTTTTCAACCCCGAAAATTTGAATATATTTAGTGGACCTTTCCAATTAATCACTTACAATCCTGGACATTGCCTTTTACTAGAAAAAAATCCTCACTACTATGATAAAGACAAGGTCCTTATCTCCTGTGTTAACTTATTAGTTATTCCGGATTTATATACCGGAGCCCTTTTACAAAATCGTGGGAAAATTCACTGGTTAGGACAGCCCTGGCATCAGGGATTGACAAAGGAACTAAAAGAAAATACTCCCTATCACTACACTTGCTACCCCGTAGAAGGAGCTTTTTGGCTTGTACTGAATACAAAAGATCCGGTTTTATCTCATATTCATAATCGCTATAGATTAGCCGCTGCAATTAACAGAGAAGAAATTATAGATTATGCTCTACAGGGCAACCAAGATCCCGCTTATACACTATCTAGACACTCCTCTCCGCAGCACTCACACAAAAAGCAAAAACTCATTACCCCTACAGAAAAACTGACTCTAACCTACCCTTCAAATATTTTACGATGTCAGCGCATCGCAGAAATTCTTAAAGAACAATGTAAATCCGTAGGTATTGAGTTATTTCTTGAAGGATTGGAATACCATGTTTTCCTAACCAAAAGACAAATGTGTGATTTTACTATAGCTACGGCAACAGGAGTCGCCTATTACCCAAACGCCTCGCTAATCCCACAAGCAGATAGGTTAATTAAAAACTTAGAGATTATTCCTATCTACCATATGAGCTACGATTATATCACTATATCTCCAATAGAAAAAATTATTCATAATGCTTCTGGAGCCGTCGATCTTAAATACGCACGCTTACCTTAAAAACTCGCCCACAACACAACAAGAAATACAAAAATCTTTTTTTTTCAGACCCAAAAATTGGCAATTATTTTTTGAATCAGTAATCTAACTCCAATTTGCTATTTAACTTTAGGACGATCCCGTGGTGCACCGACTTAGAAAACACTATGCTCTCTACTTCCTCTGTTTGTCTAGTTTGCTTCTCACGAGTTGTCATCATCGACATTCTCAAGAAAATACAGAGCGATGCTTAAGAATTGGAATATCGTATGATCCTGTTTCAATAGATCCTAGATGTACGTATCTCAAAAAAGATGTTTCCCTAGCCAAAGCCCTTTATGAAGGCTTAATTCGAGAACGCGTTTCTAACGATGTGATCCTGGGAATAGCGGAAAAATATACAGTGTCTAACGAAGGCTATGTGTATACCTTCAATCTGAGAAATACCTTATGGAGTAATGGGGATCCATTAACAGCTTATGATTTCGAAGAATCTATAAAACAAATCCACACGAAAAACCTCCCGATATCCTACCACAACCTTCTATACATTATCAAAAACTCTAAAGCAATTATGGAAGAGGGATTACCTATAGAAGAATTAGGAGTCAAAGCTCTGGACGCGAAAACATTAGAAATTACCCTAGAACATCCATCTGAAAATTTCATTGAGATGCTCGCTCATCCGTTGTTTTTCCCCGTCCACCGTTCTTTAAGAGAGCACTATGCCAACCCTAAAAACCAACATACCTATATTTCTAATGGCCCTTTTAGCTTGAGTGATGTGCAACCTCAAAAACATCTGAAAATGCAAAAAAATATCCATTACTACGATGCAGACAAAGTGAAACTCGATACTCTAGTCTTTACCATCATGTCTGACTCTCATACTGCAGCAAAATGCTTTAGAAATAACCTGATTGATGTTTTAGGAAATCCGTGGATAGCAAAAATCCCACAAGAAATGTTGAACAATACACCTAAAGAAATCACACATATTCATCCAGTTTGCTCAACTTCTCTACTGATCTATAATCTCAACATGCCTGTACTACAAAATAAAGCTCTAAGGAAAGCTTTAGCCTATGCTATTGATAAAGAATCCCTCCTTCCTCTACTCAACTCAGCAAGAATTGCCCATTCTTTTTTACCTCCAGAACTGTCCGAAATCCATGATCAACAAGTACTAAGCAAAGAACAACGAGAAAAAAAAGCCCGAGAATACTTTGAAGAAGCAAAATCTACTCTATCAGAAAAAGAACTCGCGGAACTCTCTCTTATTTACCCTCAAGAATCGAGCGTTTTTTCGTTCATAGTTCAAGAACTCCAACAACAATTTAAAAATGTTCTCGGTATACACATACCCATTCAAGGCATTGAGTACTTTTGTTTTTTAGAAAAAAGAAATAAAGGAGAGTTTTATCTATCTGTAGGAGGATGGATTGCAGAATACCTCCATGCGAGAAATTTCCTTACTATACTGGGGAATCCAGAAAATAAAGAGACGAGCCACCAATTAGGAAAGTGGAGTAATCAACAGTTTAACAACATCCTAGAAAAATACCATACAGCAACATTCACTAAGGAAGATCAAATCCTAGCCGAAGAACTTATCGAAGACGATCTTCCCGTATTTCCCCTATATCATTTCAACTATATTTACCTTTCCCATCCACGAGTCAAAAACCTCAATA
NZ_CP137547.1_gap3	131967	133072	1105	TTTCCATTCCAGCTTTTGTCTTAGCCACAATGCTGCAGTATATTTTTGCAGTAAAAATCCCTATTTTCCCCATAGCTTGCTGGGGGAATTTCTCCCACACGATTTTGCCCTCCCTTGCTTTAGCCATAGCGCCGATGGCCTTCATCACACAATTAACTTTCTCATCAGTATCTTCAGTCTTAAATAAAGACTATGTGTTGCTCGCCTATGCTAAAGGACTCTCTCCAATAAAAGTTATACTTAAACACATTCTTCCCTACGCAGTGTTTCCCACGATTTCCTACGCTGCATTTCTTGTGACTACAGTTATGACAGGAACATTCGCTATAGAGAATATTTTCTGCATACCCGGTTTAGGAAAATGGTTCGTCTGTAGTATTAAACAACGCGATTATCCAGTAACTCTAGGATTATCGGTATTTTATGGCGCTTTCTTTATGTTAGCTTCCCTACTTTCAGATCTCATACAAGCAATGATAGATCCCCAGCTGCGCTATTCCTATAAGGAAGCTGATAAAGAAGTGAGTTTTTCTCAAGAAAGTGAACATCTCTAACAAAATCCATAGCATTTAGGTGAAGAATAAACAGAAATTCAAAGAAAGAAATAAATAAGGCTATTGAAAAACTTCATGGACATTCCTTCAAAATCTTCTCAACTCACTCTATGGCAACGTATGAAAGGAAATACCATGTTTATGGTAGGAGCTTCATTGCTAGCAACCTTAATCATAGGAGCAGTTCTTCTTCCATGGATTTACCCTAATTACGAACAGACATCTCTAGAACACACCCTACAACAACCGGGAAGAATGTTTCCTTTTGGAACTGATTCTCTAGGGCGTTGCATGCTAGCAAGAACGGTTCAAGGTTTGCGCCTGTCCCTTCTTATTGCGGTTACGGCCACCCTGATCGATGTCTTCGTAGGACTATTTTGGTCTACAGTAGCCTTATCCTCGGGGAAAAAAGTTGCTTTCCTCATGATGCGCATTACAGAAATCTTATTTTCGATTCCTAGAATCCCAGTTATTATTCTTCTTCTTGTGATTTTTGATCACGGAATCCTTCCTTTGATTCTTGCTATGACACTGACGGGGTGGATACCCAT
NZ_CP137547.1_gap4	141329	142450	1121	AACTTTCTCCAGAGTCTTTAAAGACATTTTCTGCTCTACCTACAGAAATTGCTCAGCAGCTACTGATCGCTAGGGATTCTTATGGGAATGTACGGGTCTCTAAAATTGCTACAGAGGAACTCTTAGCTGCTCTAATAAAAAAAGAAATCCAAAAAATAGAACCCAATATGGAATTCCAACCTGTGAATCACTTTTTTGGCTATGAATCGCGTGCGGGATTCCCTTCAAATTTCGATGCTAATTACGGACTAGCCTTAGGCATTGTTTCTGCTCTTTTCCTTGTCAGACAACGGACAGGGTATATGGTGACTATCAATAACCTAGCTCTCCCTTATAACGAATGGAGTGGCGGGGCTACTCCTTTATATAAAATGATGCAACTAGAACAACGCTTAGGTGAAGAAATACCTGTAATTAAAACAGATTCTGTAAATCCAAATGCTCCAGAAGTTCAATACCTTTTAAATCAAAGTGATACGTGCTTGATGGAAGATTTGTATTCTTTTCCTGGGCCATTACAATATTTTGGTGAAGAGCGCCTCATAGATCAACGGCCACTAACATTGTCATGGGGAAACAAAAAGTAGAGAAAAATAAGCACCTTTGCCAAGGCAACTATCTGGCTACTTCAGAAACTACTCTCTAAAAAGATGCTTATAGAAGAAAATTAGCGGTAGTCGGACTTGAACCAACGACTCGCAGATTATGATTCTGCTGCTCTAACCATCTGAGCTATACCGCCACACTAGATGGTAAAATTAATAGCGGGAGAAGGATTCGAACCTCCGACCTTTGGGTTATGAGCCCAACGAGATGACCACTACTCTATCCCGCGATAGATAAAAGACTTTAGCAAAGCTCTATATTTTTACACAAGGGATATATCTTTTAAAAGATTCCCAGGTGCGATCAAAAGCGACTTTCTCTTCATGTAAAAACATTGCACCTTTCTGAATATAAGCTGCTCTTTCCTCGGGATGATCTAATAAAAATGTGATCACTTTGACTATATTGGTCTTGTCTAAACAACAACCTGCACCCATGGACAACAGACGCTCTGCTAAATCTGACTGGGATTGGATATGCGGGCCAAAAATTAACGGCACACCACATTGCAACGG
NZ_CP137547.1_gap5	205222	210000	4778	TCCGTTTTATCGCTTTGATATGTAGATCCGCAAACAAATTTATATCCTGTAGAAGAGTCTACAAATAAAACTTGTTGATAGTTGGGATGGGTGTTCTTTTTCATATTGACAACTCCAAAATCACCATCTTATGGTATGTGGGTAACAACATCATGAAATACTAAGGGAAAAGAGTACAGTAATACTTTATGAAAAAGCAAGAAAAAACACGTTTATTTCCTCTATTCCAAAGACTTTTCATTCTAGTTATTTTCCTTTGTCCTTTTTCCGCTTTTTCTCAGTCTTCCCATTCTCTAAAAAAAAATTTGTTTCGTGCTCAAGCTGGAGATTACGCAGTCTTTAGCAAGGGGGGACAAAAGTTTTTTTTATTTGTAAAATCCATAGCAGAAGAGACTGTGTGGATAGAAATGACAGAGTTTCCACATTTGTCACAACAAGACCGTACCCTATTGAAAAATACCCCATGGAAAACTTTAATTAGTAGTCTACACTCACCCAGAAGAGTTTTTGTAATTTCTCTGTCAAATCAAGACTTGCGTATCTTCTCTTTAAATCTAAAAACGCAACAACTGCAGCAGATTCACACAGATGATCTGCCTCTGTTTTCCACGCTTGTACAACTTTCTTTAAACGAAGCTCCTGCGCATCTAATAAAGACACAGGGGAAAAATAACGACCCATGGTCCCCTAGAATTACTCTAGAAGGAAATTCTGCAGTTAAAATGCCTGTGCAAGCTTGGCATGCACATTGGCCCAAAGATTCTTCTATTTTATCAGAGAAAAACGTGCTTATGTATTTTACAGCCTGTGAGATCTCTGTTTTCCCTCTATGGACAAGTATAGAAACTCCCAAGGGTCCGGTTGTCTTACGAACTATTGATGTGGGTCATAATGCTATATCTCCATATTCCTACAGCATTCCCAAGATATAAAATCCTTTCCAAAACCCTGTCTGGATGCCTTCTATAGATTCAACTTTGAAAATCGAGAAATTCTTAAACTTATCTAGAAAATATTTTTGATTGAAAAATCTAATAGAGTAAAATGGCTATCATGGTTTTTGTTAGACGTGCGCATTTTAATTTTAATACTAGAATTAAATGTGTATGACTTTCGTCTACTCTAGGTGCGCTAAGTATGGCCACAATTCCGATTAGGGAAATTCCCTTTTCGAACCTCCATATATGGTTATGGAGAAATTCAAACTCAGAAAGTAATTAAGGGTTTCACTAGGCATCTTCATGAAAGATCGGTTTTCTTTAAATAAAAGTCGTCAGATACTTCACTCAACATATAAATTACTCAAAAGTAAAAAACTTGCTCAAGATCCCGACTCTAAACAAGAGCTACATAAGTTATTAGAACAACTTGAAGAAGCCATTTTTCAACAAGATCAGGAAGCAGCTAGTCAACTCGCACGGCAAGCTCAGCAATTCAGCAAGCGCTATCCCGCTTCTTTTGCAAAAAAATCATGGGAACTGACTAAAGCCATTCTTTTTGCTGCCTTAGCAGCTTTTCTTATTCGCCAATTTTGGTTTGAACTTTATGAAGTTCCCACAGGATCCATGCGTCCAACTATTTTAGAACAAGACCGGATGATTGTTTCTAAAACCACTTTCGGCTTACATTTCCCGTTTAAGAAAAAACCTTGGGGATTTCGTCCTGAAGCTGTTACTCGTGGAGGTCTTGTAGTCTTTACTGTTGGTGATCTTCCCATTTCCAACTCCGATACCAAGTATTTTGGATTCATTCCAGGGAAGAAACGTTATATTAAGCGCTGTATGGGGAAACCAGGCGACACCCTGTATTTTTACGGGGGTAAAATTTACGGCTTAGATAAAGAAGGTTCGGTTATTCATTTCCCCAATGATTTTGGTTTAGAGCATCTCTATCACGTTCCTTACATATCTTTTGATGGGTCAGTAGAGATCGTAAATAGCAACAAAACTACCGCTTATTTTAAACAAATGCACCAACCGTGTGGGAAACTTTCCTTGCCTCAAGAAGGTCCTTACGGCCAATTTTTCCATAAAGGTGTTTGGCACAATGATACCCCAAATGCATTAAAACAGCACCACGCTTCTCCGGTGAGTTATGCTGATCTGTTTGGTATGGGCAACTATGCTATGGTGCGCATTCTGACACATAAACAAGCGAGCTTATGTCATACGTTACCTAATGCAACAACGCAGGCATATTTAGAGATATCTCATACTCCAAACGTTTCCTATCCCACGCCAAATCTTCAGCATTATCACAATCAGATTGTTCCTACAATACAACCGATGAAAACGCTACTTCCCTTACGCCAGGAACATATTCACCTGATTAGGAATAATCTAACCACATCACGATTTGTGATTTCTGATGGTGTTGCTTATAAATACCAACCATTTGCAACAGATCCAGAGGGATCCGCTAAACTCTACGGTCTTCCTTTTCCCGGAGTAGATGATGGTTGTTATGAGTATTCCAAGGGAGAAGCTTACAAAATAGGTTTCGGAGGCATGCGTTATAAACTTAAACCTACGCATCCTTTAATGCAGTTAAATGATAACCAAGTAATTGATTTATTTAACTGTGGTGTTAATTTTAGTTCTTTCTTCATCCCGAAAAATCCTAAATACAATCCTTTGCCTAACCGTTATGCATTTTATAACCAGGGGAATCTTTATATTATGGACTCTCCTATTTTCATTAAAAATGATCCCGCTTTGCAAAAGTTTGTAGAATCTGAAAAAACAAAACAGGAAGAATCTTCAGAAGATCGTCCTTATATAGGCTTTATTGACAGAGGTCCTCCTCCTCAAGATCCAGAACAATTCGCAGAGTTTATTCACAATTTCGGAATACAAATTCCTGAGAACCACGTTTTGGTTTTAGGAGATAATTACCCTATGAGTGCTGATAGCAGAGAGTTTGGCTTTGTGCCTTTAGAAAACCTCTTAGGATCACCTTTATGGATTTTCTGGCCTTTGGGACATTTTGGACGTTTAAAAAATGTTCCCGCACCAACTACACTTCCGGGATATCTAGTTAATAGTCTGGCTTTAGGATTCTTTATTTGTATATTTGGGTACATGCGCTATCAACGACACCATCGTCTGTTCCCCAAGAATAATAAGAAAAAATAAAAAAGAAGACTCTCCTAACGGAGGGTCTTCTTTTCTCTATGTAGAAAGAATGTTAGAGCTTAATGTGGTCTAGCAGCTACTTCGATTGCGATAACTGTAGGATGACCGTTAATGTCCCATTCTTCTCCTTCGAGAATATCGACAAATTCCCATTGAGTAGTTAAAGTCTCCTCACAAATATAATCTACATAGTGTACAAACGCTTTTCTCACATCTTCTGATGTTTGTATTCGCAAGACAATACGATCAGAAACATGAAGTTTCTGATTACGACGCATAGTATTGATTTTATTCACCAATTCTCGAGAAATCGCCTCAACAATAAGCTCTTCAGTCAATTGACAATCAAGAACAACAGTAAACAACGAAGAACTACGAGCAACATAACCTGGATCGGTTTCCCAGGAAATCAATACATCATCCATATTTAAAATAAGCTCTTCAGAACCTAAATTAAGAGAGATATATTCCTGTTTTAACAACAGTTGTATTTGTTCTTGAGAAAGAGAAGCCAAAGCTTTTTGTATATCCTTGATCTTCTCTCCAACTCTTCTACCTAGAGACCGAAAGTTAGGTTTCACCGTTGTTTTTACAAAACTTGGTGCTTCCTTATAAAATACAATATTTTTGACATTCAGCTCTTCTGCAATAAGCTGCTCAAAAGAAGCTAACTCATCCAAACGATCTTTAGGACCTACTACATAGAAATTCGCCAAAGGTTGACGTACTTTTAACTTATGCTCTTTCCTTAAGGAATGCCCTAACCCGACAATCTCTCTAGCATCACCCATACGCTGTTCTAAATCTGGAAATACCTTAGCAAGGTCAACGTGTGGGAAATCACAAAGATGTACTGACTCCAAAGAGTTTTCTGTTTTTATCTGCTGGTATATATCTTCTGAGATGAAAGGAATGAAAGGAGCGATCACTCTACAGAAAACAGTCAGCACCTCATAGAGTGTTGCAAAAGCTGCTCTTCTATCTGGGGTATCTGCAGATTCCCAAAAACGTCGACGACAACGACGAATATACCAATTTGTTAGATCATCAATAAAAGTAACAAAAGGATTCACAGCGGTATTCAAATTGTAAGAGCTCATACTTTCACGAACCTTACCAACAACAGTATAAAGATTAGAGAGAATCCATTTATCAATTTCACTGTAACTAATCTCTTCTTTATCGTAATTGTTAGCATCAAAACCGTATAAATCCGTATAGGTTTTGAAAAATGATAATACATTTGTTAAAGGTAATAGAACTTGCTTGAGGACAGATTCAACACCTTTATCAGAAAAACGTAAATCTTCTGCTTTAACAACAACGCTATCCAATAAATACAACCGCAAAGCATCGGCGCCATAAGTATTCATTATGCTCATAGGGCTCGGATAGTTATTTAACCTCTTCGACATCTTATTGCCGTCTTCAGCTAAAACAATACCATTAACTATCGCATTCTTAAACGCAGGCTGATCGAATAAAGCTGCTGAAATAACAGTTAAAGTATAGAACCATCCTCGCGTCTGATCTAAACCTTCGGCAATAAAATCTGCAGGAAATCCAGATTCAGTAGCTTCTTGATTTTCAAAAGGATAATGATTCTGAGCATAAGGCATAGCTCCTGAATCAAACCAGCAGTCA
NZ_CP137547.1_gap6	212271	214416	2145	TTCTCAAATAAGTCAAACGCCTGCTGAAACTTGAACAAAGCATGAAAATTTCAGAACACACTGTCTTAATCATCAATCATTGTCATACTCCTACTGGCGAATTAGATCATTATTTTGGCTCCAACAAACAATACGTACTTCAAAACCCTCTATACCGCTCCTGTTTTGAATTATTCCTTAGCTACGTGCCAATTTTCAGTACTTTTACTGGAGTGCGTGCTTTATTAGGGATTGCAAATATTGAAAATGTTTTGCTCATTCCAACAAAAGGTCACAGTACAATATGCTCCATTGGACCTTGTGTGGATATTAATGAAGCTGTGCCCAAGATCCGCAAAAATGCTTGGTTAGAAATTTTGGGAATTAAAGGCTTTGTAGCTATCTTTCAAGCCATTCTTCAGGTTATACGCGTAGTTATTCGCTACTTCAATAAAGTCTGTGGGTGCATATCTCCGGCACGCGCAGTTATGAATTTCGTAAACCGGCCGCTCTCTCCTCCAAAATCTGCTCAGGAGGAGCTCCAAGATTTTTTAGGACCTATGCAACTATAAAATAGTTGCAGCCGCAGCAGCAAGTTTAGAGCGCTCCGTACGCGTGAGAAACATATGGCCGTATAAAGATAAGTGATGGAACTTACCGACTAAGTAAGTAAGACCATTGGAATTCTCATCAAAGTACAAACTATCAATTTGCGTAGGGTCCCCAGTTAAAACAATTTTTGTGCCCTTACCTGCACGAGAAATGATTGTTTTAATCTCATGAGGAGTAAGATTTTGTGCTTCATCGATAATCATAAACACCTTTGGCAAAGACCGTCCACGAATATAGGTGAGCGCTTCCATTTCTAATTTTTTAGCCTCAATTAAAGACTGTAAAACTTCGGAAAAATCCCCCATCCCACCAATACTAAAAAGAAATTCCATATTATCGTAGATGGGCTGCATCCAATGAAGAAGCTTTTCTTCCTTAAGACCTGGAAGAAATCCAATATCCTTACCCATAGGGATAATAGGACGACTTACCAATAACTTATTATAATTTCCCTTATCAAATACCTGATACATAGCTGCAGCTAAAGCCAATACGGTTTTCCCAGACCCAGCTTGTCCCATAAGGGTAACTAACTTTATATCGTCTCTTAAAAGAAGATCCAACGCACATTTTTGTTCATTATTTAAAGGTTTTATTCCCCAAATTTTATCTGGAAGAGCTCTCAAAGAAACAATCCTTCCCTCAGTTTCATGATAACGACCAAGGGCAAAATAATTTTCTCCTCCAGAAATGAAAAAATATTCATTAGGCGCTGGAGCGATATCCAAAGGCACATCTAAGTACCCATGTGTATAAAAGTTCTCTACATCCGATGGGGATACAGTTAACTCACGATAACCACGATACAGAGATCTAAAAGAAAATCTCTTATTTTCATAATCTCTAGCTTCTATTCCAAGGGCCTCGGCTCGCACTCTACGTCCCAGACTTTTCGTAACAAAAACCATAGGTTCTCGTTGTGCGATCACTTGAAGAAGTTCTAACGTGAGAAGTTTTCTACGTTTTTCATCATTAGCTAAATTCGCAATAGAAGATACTTCTATACGCAATTCACTGCCATTGGGTAAAGAAATGCCTTCGGCATGATTACCTGACCTTTCAAGTAGTAAACGGATATTGCTCAAAGCTCGCGAAGCATTTTTTGCCGATTCATCACGATCTTTAGCAAAAGCCTCCAGCTCTTCAATTACAGTAAATGGAATAATGATGCGTGTATTCTCAAACGATGATAGGGCTTCAGGATCATAAATAAACACACTCGTATCAATGACCATTGTCTTCTTCATTCAGCTAACTCCTAACGAAATGGGCTCCAACCCTAATCAAATCATTTTATAACGACAAATATCTTTATTAGTAGAACGATGAAAATACTTAAACAAATACCTGGAGAATCTGCGCCGATGTTGACAAAAATTTATTAGAAACTTCTTGACCCTTTTATATAATTCTAAGTAAAAAAAACTCTATTCTTAATTCTTGCAAAAAGAAAAAACTGCCTGAATCTTTAGGAAGTTAGGTCATGAATTAGCAATCGATATTACGAATTGCTAATTCGATTGTAAAAAAAACAAAGCTTCCCTACAATGACGT
NZ_CP137547.1_gap7	251683	253368	1685	CATTCCCAATCCTTTGTGGGACCAAAAATCTTTTCGCAAAATAGTCCACCTTTTTCAGGTTTAAACGTACGGTAATTGATTGTTTCAGGCTTCTTGATTTCCCCACAAGACCACTTATCGCGAATAGTAATATCTGAGGCAATTCCAATTTCTAATTTATCAAATAGCCCCTCTTTAGATAGAGAGACATTGTCTCGAGAACCTTCTCCAAACATTATTGTTTTTCTCCAATAAGTGATTTTTTAAGCATCTACTACCATAGGACGAACATCAAGTCCTAGACCTTGCATTTCCTTAATTAAAACATTAAACGACTCTGGCGTTCCTGACTTCAGGAGGTTTTCTCCTTTAACAATGGATTCATAAATCCTTGTTCGACCAGTAACGTCATCCGATTTAACTGTAAGAATCTCTTGGAGCATATGAGCTACCCCATAAGCTTCTAAAGCCCAAACTTCCATCTCTCCGAATCTTTGACCTCCCATTTGAGCTTTACCCCCGAGAGGTTGCTGAGTGACCAAGGAGTAAGGACCAATGGATCTGGCGTGAATTTTATCTGCAATTAAGTGGCTTAGCTTCAACATGTAAATGTATCCGATTACCACAGTATTGTCGAATCTCTCTCCAGTCTTTCCATCATACAAGTAAGACTTACCATCTGCAGGCAAACCTTGTTCTATCATCATGTCCCAGATACGAGATTCTGGGAAACCTTCAAATACTGGAGTTTTTACATGAATACCGGCAGTTTTTGCAGCGTAACCAAGATGAGTTTCCAATACCTGACCTAAGTTCATCCTAGAAGGCACACCAAGGGGGTTTAAGATCATCTGTACAGTTTCGCCGTTAGCAAGGTATGGCATATCAGCTTCAGGAACAATCTTAGAAACAACTCCTTTGTTTCCGTGACGTCCAGCCATTTTATCTCCAACCTGCAGCTTTCTTTTTGAAGCAACATATACCTTAACCTGGCGGATCACACCGTGATCAAGATCAGCATCACCTTCACGAATATGTTCAACTTCTGTTTTATAATTGACTTCCAAACGTTGCAAGGATGTCTCGTAATCAGAAAGTAGTGATTTTAAAACATCATACATATCGCAAGGAGGCATAAGGAGATCGACCAAAGACTCTTGCTCAAGCAATTCGATTGTCTCTTGATCAAATACAGTACCTTCTTGAACCAGAATATCGGCGGTACGACGATGTATAATCGAAGCTGGAGCTTTTTCATTTAACAATAGGGCTCCTAATTTTTCACGATACTCTGTTTTTAATACTGAAATCTGATTCTTATAACCTTTCTGTAGGTCTTTCAAATGAACAGCTTCTTCTACAAGCTCGTCATCACTCTTAGAAAGTCTATCTTTTCTACTGAAGACTTTCACGTCCATGACAACTCCCTCTGTTCCTGGAGGTACAGTCAAAGAAGCGTCTTTAACATCAGCAGCTTTCTCTCCGAAGATTGCTCGTAATAAACGTTCTTCAGGAGCTAATTCTGTTTCTGATTTTGGAGTAATTTTACCAACAAGAATGTCGCCAGGCTTTACTTCAGCTCCAATACGAATAATTCCATCTTCACCTAAGTTAGCCAAGACTTCTTCAGAAACGTTAGGAATGTCACGAGTAATCTCTTCTTTTCCTAATTTTGTGTCTCTAGCTGTTAATTCAAACTCTTCAAT
NZ_CP137547.1_gap8	260533	265255	4722	GCATCCCGGGAAGGAGCTCTTGCACTCTACCCTCAAGCACGATAGTGTCTTCTTTTTTTGCCATGTATTAATTATCCTTAAACAAAATCCTCTCGGCCAAAGGCATCTCAATTAAAGACTGGCCAGACGGGCAGATTTGGTCTTTTTAAAGAATAGAGCTTATCCCTTTCCGCTCTATCCATAAATGCAGCAGCATTATATTCGGTATGTAGAAAAAGTCAAATCCCTTTCATAGATAGCCTAAATATCATAAAAAATTATTGATTGCTTTAGGAATAAGTGGGAAAATTTACTACAACATTTACAATTAAAATCAATTTACTTTACAATGCGTCAGTTTAGTTATTTTTAATAAAATAGAATGATATCTTCTGTTACTTTTAGCACTCCTCATCCTAATGGTTTGGAGAGCATGGCAGCCATGCAAGATCACAGTGGATCCGATAGTGAATCTGTGAATACGAATATAGAGAACCCACAGCCACCTAATAGCGAACTTAGGGGAATAACTACATCTTCTCGCCCTCCCCTCTCTCTGATGAATATTCTCCCTTACCGACCAGCTCCAAAAACATGTATGGACCATGCTCGATCTGTAGGGGAAAAAATTAGTACGTTTTTAAGGGATAACTGGAAATATATTTTATTGTATATCCTTGCTTGGGCATTAATATTGGCCTGTCATCATACTATGGCGGTAACATTGACCATTTGGCTGGGTATAGGCTTAGGTGTTGGTGTTCTTTTTGGTATTTTTACCGCCAATGTTTTGGATAGGAAAAATAAGTATAAAAATACAAACAGCCTGTGGAATTTGATGAATTATGGGTTACAGCAGCTTGATCCCAATGGAACGCGCCAAATTCTTTTAGCAACAATCATTGCTTCTATTTCTTCGCTAATTTACGCTATTCCTGAAGCTGTTGGATTTACGATTGGTGCATGCATAGGCAACCAAATCAGTATTCTCATTTCCTACGGTCTCCGCTTAGGCGATGACGACAATTATGTCGCTGATCGGCAAGCTTTTGATAAAAAGGTGGCGCACATTCAGAAAGCGATTAATCAGTACCAATTAATTAAAAATCAAATGATCATTCAGAAGCAAATTTCTGAAATTGTCGCCCAACAAAATAATCCTCAAATGACCAATACGTTGCATACCCTGCAACTACAAATGAATATGCCATTACCATACGTATTTGATGCACCTAAAACACAATTTAGTGATCACCTACATTTTAGTGATCCTGATTATGTTATCGCTTCTGCGAATCAAAGAATTTTAGCTCTATCACAAACTCTAACCCATCTAAGACAAGAGCCTAATCGTGTTGTTGAGGAGTAGTTTTGAATCCCTCCGTATGTCCCCTACAACATGCTGGATGCTTGAAAAAACAGCACCGCATTTTACAAACTCTGTTTCCCGAAAAATTTCATAAAGACATGTTGTATAACACTCTTTTAGATTTCGGATCACAACCTAAACACTTTGACAAAAGTAAAATTTCAAGGGAGAACCTTGTATTGGGTTGTCAGAGTGATTTATATCTTTATGAAGTATATCAAGAAGGACGTTTATTCTTTTTTACGCATACGGAAGCTTTGATTTCTTCTGGAATAGCAGCATTATTTGCTGAAGTGTATTCTGGGGAAACTCCGGTGACCGTACTCACCTGTAAGCCAGTATTTTTTGATCAACTCAGCCAATACCTATCTTTCGGAAGAGTGAATGGAGGTGAGTCTTTGTATATGCGGATGAAACAAATTTCTGTGCAGTATCTCAAATCTTCAGATTAGAGATGGATATCACTTGCTTGTCAGAAGCTTATATGTTAATATCCGTTCTCTTAATCACGGGGCAGTAGCTCAGCGGTTAGAGCCACGGACTCATAACCCGTTGGTCACAGGTTCGAATCCTGTCTGCCCCAAGCTCTCTTTCCTATCAACAATCGTCTTTATTTCAACCTTTCTGAAATCTCATCATTAAGCAACAGAGTAGTAGCTTCATCATGGTATTTGACTTATGAAGGTACTGTCGCTCAGCTTCTAAAATGTAAAGAAACTGATTTTAAAGCCAATGAACAGCTTGGTATTTTCTAGAGGCTCGCAACAAACCTCATGGTATGACTTTAGGCGAGCTTCTAGGGAACGGGATAACCATGCGCTCATGCGCAGGCATTACAATAGGAATGATTGTAAATGACTCTTAGCAGAAGCCTACTTAGTTAAACTATTTTCCAGATTTAACCAAGCGACTTCAATAATCTTAGAGTCACTATCTACCCTCTGAAGGACAAGCGGAAGCAATGTTAAAAAATTTTAATTAAAAATAGTACTTCTGAAAGAACTGCACTGCCGATTTGCCTTTAACTACGAGAAGGATTTTTAAGGCTTCTCCGACAATAAATGGCATAGCGCCTAGTTGGAAGCCCTTTACAACATCTATGGATTCCGTGAGCGACATCATATAAAAATAGTAGGCAAGCCAGAGAGATCCCATTACTAGTATTATCAGGGCTGCGATAGTAAGAATAGAAGCCAAGACGTATCCACTGGGAGATTTAAACCGACGATAGAGTGAGGAGATAAATAGAGCAGCGATAGGAAAAGCGTAAAGATATCCTGCTGTTGGACCGAAAAACGCGGTTAAGCCACATCCCGAACCATAAAATACTGGCAAAAACATCCCTGCAACAAGATAAGAGAGCACACTACCGACAGCCATCCTTGGAGAGTATGCAATACCTATACAGAAAATCCCTAATGTCTGAAAAGTGACGAGAATAGGGGTAAAGGGTAGGGGTAGGGCAATCTTCGCTAATAAGGCGAGGAAAAGAGATCCCTCCAATATTTTGACTATTGGACTGTTCAAAATTCTTAACAGATGAGACTTTGTAGCTAAGCTATAACCCATATTCTTCTCCTAATTCTAATCGATACGGTGGCGTAGTTATTTTGAAGCTTCCCTTCTCTCTTGTCAATTTTTCAATTCGCAAACACATAATTAATAAGAAAAGAAAAATTAACCAGTTCAAATTATATTAATAATAAAACGATGATATTTAATTATAATTTATATTAAAATGGTTTCGAATTATTTTAAAAATCAATCATAAAAAGTATTTTTAATAACTAAGAGACATTCTTAGGTGTCCTATTGAGTTTTCTTTGGGAGTAGTCTATATGTTATCTTTAAGTTCATCCTGTAATACACCAGGACTGCAGACAGCAGTTTCACAACAAAATCAAAATACTTTAGATCCTGGTCCAAAAAAAATTATTAAATTATCCCGAAAGATCGAAGGCTTTTTAGAAAAGCACAAGCCTCCAGCAAGCACGTGCTATTTAGCTAATCCTACAAGCTCCTCACGTGTGCAAATACTTGGCGAGGCATCTTGTAGTAGAGAAGTAACGGCGACACTTGGCCAACAAAACTACCCTCCTCAGGGACCACTTGTTAGAAGTAGTGCCGATAATTTTTATTTTGATGTAAAGGAATACTCTACAATCCACGGTACCGCTTGTACAGCGCTTTCTTTGTTAAAAACGGATGTACGTTCCGGTATAAAACGTCGCCTTCCAATAATACCGGGAGCAACAAAACAAAAAATGCAACGATTCTGCCCTACTTCAATAGAAGAGTCAGATAGACAAGCTATTCGTGTCGAAAAAAGAACAAGAGACATGCTATTTATAGCACAGAAAGTTCGACAATATAATATTTTTGAAGATAGGTGTGGAGCAGTTTTAGACCTTTGGCATGTAGCTCCGACAGATACAAACCCTAAGGATGCTCAAAAAATTTGGATAAAAACCCCAGATGGCTATAAATCTCCATTTTGCTATACGAAATGTTTGAATTACGCTAGAACAATTCGTTGTTATAGAACAACCGCCCCAAGTAGAGGAAGCTTTTTACTCGACGAAAATCAAGGTAGCATTCTTGCTTCAAGTGTAGCATATACCCTGGGAGCTATATTCAGACATAGCCGTTTCAAAAATATACTACTTGAAAAAGAGACTTTGAATAACGGCGAGGCAATCTACGTCGCTGATAGTGTATTAGCGCAAATAATTCTCCTGATTTCCTTGGTCGCAAGAAATGCACACCCCTATGCTAGAGACGTAAAACCCGAAGCTATCTTTTCAGAAGATGAGAAGAACGTCATAACCCTTGCATCAAATATCTTCCGAGAACAAGTCTTAGGGAAAATACCATCAAACAAAGACGAGGCAGGAGTTTCAGAAACCAAACCCCTGGAATTCTCTGTAGCAAGCAAAAACAGCGATCCATGGCGTCAATCAAAGTTAGATCAACTAAGTTCATCTAATGTTCAAGAAGACAACTTCGATGATTTTGCAGGAGAAGAAGGCGAAGCGATAACACCACATACAGCTGAAAGGCTACTCGCAATATCTTCGTCTATTCTTAATCCCTCCCCCTTAACAGATGCTCCACCATTAACTCCGACACCAGGCTCCTACCCACAATACTTAACACCTTCCCCTCACGGTGAAGATGACTATACATTTGACATCGACTCCTCCCCTCTAACAGAAGCTCCACCATTAACTCCCGCGCCAGGCTTCTCTCCACAATACGTATCCACTCCTATCCATGACGATGAACATGACCGCACATCTGATGTGAACTCCTCCTCCTTAACAGACGCTCCGCCATTAACTCCCGCACCAGGATTCTACCCACAACACGCATCC
NZ_CP137547.1_gap9	268834	272219	3385	AAAAAGCCAACCCGAAGTTTATTACAAATAAGACTACAGAATTTAACACGGATATGAATGAATCAATCTACCTTATAGGTAAAACGATTAAGGACAGCTTCTTATCATATTTCTAAATTAATATATTTTCTCTGCTTTTACTATTTTGCCTCTAGGGGACTACACATACATAAAACATGTAGAACACAAGAAATCGATATATATACCACTGTGATAAACATCAGCATAGCGTGATAAACGAAAGTAAACATCCGCATGAGTCCTATTCTAAATAACAACTTATGCAGTCGATCCAACTTGAGCATTTCTAAAATGAAATTCAAGAAATCTGATTTGCAAATTACCAGACTATGCTCGATTTTCAGCGGGCATATCCGTTGCACAGATTGAATAGGGAGTAGAGGAACTTTAGTGTATCGATGCATCTGTAATCAGTTTAGAGGAAAAGCACTAGCAAGCAGAAAGAAAATGCAACACAAGTCATTTAAAATCAACAAGAAAGGGCTATGATTTTGCTATATAAATCATTGAACATGAGTGCTTTTTCACTAAGAGCTATACGTGAGCACTTGAGTATTTCCATTGCGACATTTTTTGTATAATGCGCGGTATAGATTCAGCACATTGTAAGTCTTGAATAGACAAAGGCAAGCGCAAAGTGTTATGTGCAATAACCTGCTCATAAGCAAGTAGTGCTTTAATAGCAATAGGGTTAGTCGTTTGACTCAGCCAAGAAGAAACTTCTCTCCATAAGTCCGCACGATCCTTGTTACGAGGATCCTCAACACACTCACGTGCCTCTTTTGGCCAGATATTGGATAGAACGGAAATTAACCCCTGTGCCCCGCACTCATACATTTGTGGCCATAAGCCATCGTCACCACAATAAAGAACTATGTCAGAACTAATCTGCGCGTATTCTAGGCAATTTTTAATCGACCCTCCGGAGTCTTTCAAACCATAGAAAAAAGGGTGCGTAGCAAGAGCTCGTACTGTGTCGAAATATAATGTTGTTCCTGATCTAGAAGGAATGTTGTATAGAATTGCAGGTTTGTTTGTTTTGTTTAACAGAGATTCAAACCAAAGAGTCTGACCATGTACACCGGGCTTAGTATAAATAGGGGTGGTGATTAGAAAACCGTAAATAGGATACGACTGACATGTATGGATCCACTCGGCAGCTTCGTGTAGTGATGTCCCTGGCACACCAACAATTATGGGAACCCTCAAGTTTAAAGAACATGCATAGGAAACTAAGGATTCTTTTTCCTTTGCTGTCATGGATAGGCTTTCTCCTGTACTCCCAAGAAGAACAACACCATGGCTTTCTCTCTCTTGCAAACGCAAGAGATTTTCAAAGCTTACAAAATCTATAGAATGGTCAGGTAAGAAAGGCGTGACAGAAGCCGTGAGTAATTTCATAGTAATCAGCGGTTATACTACAGAAAACTTCTGCTTAACATAATCATTATGGAGTTGTTCTACAACATTTCCTGCAAGATTTTCAGGAACAACTAAGCTTAATGCCATACAGCTTTGGCAACAGCAAAAGATTGGGGAAGGATAATGTCGTAATTTTTCCGTCACAGTTGTCACAACTTTTGTTGAAGCTAATCCGGAACCGATCATTGTGATTAATGCTAGATCATAGAGCACATGCACTGTGCCGATGTTCGATAACTTATCATAAAGCTCTCGAACAACATCATCGGAAACGTCATCATCATCAGTTGTAAAGGATACCGTGCTATCTTGAGAAGTGATTAATCCAGGAAGAACATGATGGATGTCTAGTATAGATAAAATCTTATCCAAGCCCACAGTACTTGAACCGCTGCAGTCTATCGACCATAAGCGCTGATGCTGACGTAAAGACAAGGCTTTTACGCGAGGCTCATGACTCATCATTTTATCCATAGCATAGATCCACGTACCCCCTTTAGATAAATCAAAAGTTGAGGTTACAAAAATAGGGATACCAGAGCGCACACAAGGAGAAAGCATCGGTGGGTAAAGGATCTTAGCGCCAAATGTGGCAAGATTCTGCATTTCTTCAAAACTCAACTCAGGAATAAGTTGAGCATCTTCAATAATTCTAGGATCCATGGTATAAATACCGTTCACATCTGTATAAATACGCACTTCCTTAGCGTGACTCATTTCTGCAATTAGAGCTCCAGAATAATCACTCCCCCCTCTACCTAAGAGGGTTGTTTCCCCAGAAGCATTTGCTCCTATGAATCCCTGGGTAATGTAACAAACATCACTCCGAAGATCGAGAGCATGCCAATTGTCACGCATACGCACGATGTCAGGAGTGGCTCGACTATACTCACCGTCTGTTAAGATCACGGTTCTAGCTTCCAAAAACTCTAAAGACAAATCATTACTACAGCAAAAAGCATGGAAGAGAGAGGCGGATATATCCTCTCCTATAGCAAGAATTTCTGCGCGATCACGCAGTGATATTTTTTCCTTATCCAGACAACTGTGTAACTTCTCTATCCAGGGAGATATAGAGAATGTGAGTTGTAGATCATGAATAATTTCATTATGTTTGTTTGCTATATCCAAAATGATCTGTTCCCGGTATTCACTAGAAACAGAACAAAACATATCTAGAAGATCCGTAATACCGGCTACAGCACTGACAACAATAAACCACGGCGTATTCTTATGAACAATATCATAAACCTTTCTGATACTTTCCGCAGTTCCTAAACTCGTCCCACCAAATTTATAAACTACTGGGGGCATGCATACTCTCCAGCATTCTGAAAACAGTAGTTCTGCATATTCATCAATAAAGCTCCCGCAGCACCTCGAACAAGATTATGTATCAATACATTCATCTTTATTGTTCGGGCATCTCCTCCATAAGTAACGGGACCTATATGCACACGCATATCATCATCAGTGAGATCTTTTCTTGCCTGTGGATGCCAAGGAGAATCGTAAAGTTTATACGTTTCGGGAAATTCTGCATTCTTACGGTGATAAATATGAAGAATGTCTTCTATAGCTACAGGATGATGAAAAGTCACGTGCAAGGTCAATGTATGTCCATAAACTACAGGAACACGGTGTACAGTAACCGTTATAGGAAAATCTGCGGGTTCTTCACTCCTTCCTAAAATCTTTAACGTTTCTCTTGGGATCTTTTCCTCTTCCTTGACTATGTGGGGAATAGTATTTCCTAAAATATCCATAGAAGCAATCCCAGGATACCCCGCTCCACTCACCGACTGCAAAGTCACAATATGTACAAGACCTATGCCCAACTCCACTAAGGGAGCTAAGGCTAAGGCAATACCTGAAACACAGCAATTAGAGTTTGTTATGATTCTTCCTGGAAAAGGTTGCTTATTCACAAGTTGAAAATGCT
NZ_CP137547.1_gap10	277542	282232	4690	TCATTCCGAATTACAGACATGTTATCTTGTTTCGATAAAAACAGGTGGTTGTACTGAAGATTGCGCTTATTGCGCACAGTCTTCACGTTACCAAACAAATGTCAAACCAGAACCAATGATGAAAATCACAGAAGTCTTGGGTAAGGCAAAACATGCGATCAATTCTGGAGCGACTCGTGTGTGCCTTGGAGCTGCTTGGAGAGAGGTAAAAGATAACCATCAATTTGATCGTACTTTAGAAATGGTCAAAGGCATTACCGATATGGGCGCTGAGGTATGTTGTACTCTTGGTATGCTCACCCCAGACCAAGCTAAAAAGCTCTCTGAGGCCGGTCTCTATGCTTATAATCACAACTTAGATTCTTCTGAAGGTTTTTACAAGACAATCATTACCACACGCAAATATGAAGATCGTTTACGCACTTTGGATATCGTGGAAAAATCTGGAATTCAGGTCTGTTGTGGCGGGATTGTTGGTATGGGAGAAACTGTCGAAGATCGTATCGAGCTTCTTCATAATCTAGCATGTAGAGAACGCATGCCAGAATCGGTGCCTATCAATGTGCTTTGGCCGATAGAAGGGACTCCCCTATACGATCAGAAACCGATATCTTTTTGGGAAATCTTACGTACGATAGCTACAGCACGCATTGTGTTTCCCCACTCTATGGTACGCCTGGCTGCAGGACGTGCTTTCCTTTCTGTTGAACAACAAACTCTATGTTTCATTGCTGGAGCAAATTCGATTTTCTATGGTGAGAAACTCCTCACTGTAGATAACAACGATATGGATGAAGACACTGCCATGCTAAAATTACTTGGCATGCGTCATCGTCCGTCATTTTCAACGAAAAGAGGGCGACCATGCCAATCTGTAACCTGTTAGAACAAAGATTAGAAAAACAAAAATATAGAAAGATTCACCGAACATTAAAAACTGTCTCTGCTTCTATAGATTTCACGTCTAATGATTATCTTGGCTTTGCTAGATCTTTAGAGTTGAAACAAAGATTTTCTCATGCATGGGACGGTATGCATTCCCTGGGTTCTACAGGATCGCGTCTCCTCACAGGACAATCGCTCCTAGCAGATCGTGTAGAACACGACATTGCTGCCTATCACCATATGGAAAGCGCTTTAGTTTTTAATTCTGGATACATGGCAAATCTCGGATTAATTTCAGCATTGGTTTCTAAAGAAGACCGTGTAATCTACGATATCTATATCCATGCTTCTATCCACGATGGCATTCGCCTTGCGCAAGCCCAAGGGATCCCCTTCCGTCATAATGACATTCAACATTTAGAAAAGCGTTTATCACAACCGCACCGTGGACAAACCTTTGTTTGCGTGGAATCTGTATATTCGCTTCATGGTTCAGTATCTCCCCTAAAAGCTATCTGTGCTTTATGTAAAAAATACTCTGCTCATCTTATCGTTGATGAAGCACATGCTCTAGGAGTTTTTGGGAAACTAGGAGAGGGATACGTAGCTTCTTTAGGTCTTCAAAATGACGTATCTGCAACCGTATATACTTTTGGAAAAGCTTTAGGGATTCACGGTGCAGCCGTTGCAGGGAAAGCTATTCTTAAAGACTACCTCATTAATTTCTCCCGTCCTTTTATTTATACCACGGCTTTACCTCCCCATGCGTTTGCATTGATCCAATTGGCCTATCAATATAACGAAAAAGCGAATGCCCTTAGAGAAAATCTCCAACAACTGATCTCTTATTTCCGAGAAAAAGCACAAGACATGCAGTTGCCGATTTTTAAAGACAATGGCAATACGCCTATTCAGCCCTTATGTATACCAGGAAGCACTCAAGTACGCGCAGCAGCAAAAATACTTCAGGATTCTGGATTTGATGTCCGCCCTATTGTCAGTCCAACTGTAAAACAAAAAGAAGAATTATTACGGATCTGTCTTCACTCGTTTAATACCAAAAGTGAAATCTCAGAATTCTTGAATAAATTATATGAAGTCCAAGAAAGCTTATGCATATTATCATAGCAGGAATTGACACAGAAGTTGGTAAGACTTTGGTTAGTGCCATCTTAACTACCCTATTTCAAGCAGAATATTGGAAGCCCATACAATCTGGCTCCCTAAACCAGTCTGACAGTGCCGTAGTTCATGAACTCTCAGGAGCTCGCTGCCACCCAGAATCTTACCGATTTACTCATTCCCTAGCAGCCCACCAAGCAGCTCAAATCGATAATATCCCTATGAATGAAGAAACTATCACTCTTCCCAAAACAGATTCTTCTCTCATTATTGAAACTTCAGGAGGATTCCTCTCTCCCTGCACGTATAATTCTTTACAGGGTGATGTTTTTGCGAAATGGCCATGCCATTGGGTACTTGTTAGCAAAGCCTATTTAGGAAGTATCAATCACACGTGTTTAACCATTGAGGCTATGCAAGCCAGAAACCTCAGCATCTTAGGAATCATTCTCAATCAATACTCTAAGGAAGAAGAGGACTGGTTGCTTAATATGACCGGTCTGCCTTTTTTGGGACGTTTGAATTATGAAAAGACTATTTCCAAAGCTGTAGTACAAAACTACGCAAATCTATGGAGAGAAACCTGGAAATATAGAGAAATACAGTGATGTTTACAGATCTAAAGAATGAGAAAAAAAAATCTAAAATATGGCATCCCTTTGCTCAACCTGGTTTAGATCACGAGCCTATCCACATTGTACGTGGAGAAGGTGCTTATCTCTATACAGAATCGGGCACTGCTTATCTGGACGCCATTTCTTCATGGTGGTGTAATCTTCACGGTCACGCTCATCCCTATATTGCGCAAAAAATCTCAGAACAAGCATACCAACTTGAGCATGTAATTTTTTCTAATATCACACATAGTCCCGCTGAAGAGCTTTCTCAAAGGCTTACGGAACTACTTCCAGACGGTTTAGAACGTTGTTTCTTCTCTGATAATGGTGCCTGTTCTATAGAAATCGCTTTAAAAATCACTCTGCAATATTTTTATAATCAAGGAAGACCAAAAACTCGTTTTGTATCTTTGAAACATGGCTACCATGGAGATACTTTCGGAGCTATGTCCATAGCAGGCCCGGCCGATATTAATCAGCCTTTTCAATCTCTATTTTTCCCTGTGGATACTATCGACCCTCCCTATTATGGAAAAGAAGATATCTCTTTACAGCAAGCACAAGCTCTATTTTCCACAGGAGAAATTGCAGGATTTATTTACGAGCCGATCTTACAAGGCACAGGAGGCATGCGTGTGCACAATCCTGAAGGATTAGATGCCATTTTAGCACTCGCCAAACACTATGATGTGTTTTGCATAGCCGATGAAATTCTTACAGGATTCGGACGCACAGGACCATTGTTTGCTTCAGAGTACATGCAAACGAACCCAGATATCCTCTGTCTTTCTAAGGGGTTAACAGGTGGATTTCTTCCTCTTGCTGTTACTGTAGTGCGCGAAGAAATTTACCAAGCTTTTGTAGCTAAAGATCGTAGATTATCTTTTCTACATGGCCATACCTATACAGGGAATCCCTTAGGGTGTGCTGCAGCTTTAGCATCTCTGGATCTCACATTATCCCCGCAGTGCAAACAACAACGTGAAATGATAGAGACTTGCCATAAGCAATTCCAATCACAATACGGATCACAATGGCAACGCTGTGATGTCTTAGGAACGGTACTCGCTGTAGATTATCCAACCAAATCTTTAGGATATTTCTCTAATTTACGTGATACCCTTTATAACTTCTTTATAGACAATCACCTCATTCTACGCCCTTTAGGAAATACTATTTATGTCCTTCCTCCCTACTGTATCCATGAGGAAGATCTGCAGCGAATTTATCATTACCTCCAGGAGATTCTATGCTTACGAGTACAATAACAACCTTTGTATCATATGCATCACGTTGGTCATCTATCCTTAAAAATATCGTTGCGGATAACGAGTTACATAGCAAGTGGGTCAATACACTATCGTTTTTAGAAAACTGTGGGGCAAAAAAGATCTCAATTAGTGAGCACCCTACACAAGTAAAAAAAGAAGTATTAAAACACGCTGCAGAAGAATTCCGTCATGCGTTTTATCTAAAAACGCAAATCTCGAGAGTCTCAGATCAACCTTTCCTTGATTATTCTCTAGACAAAATGCTCGGTTCTTATGGTGTTAAGTATTACCTAGATCTTCTAGATGTGCGCACATGTAAAATACTGAAAAACCATTACCACCTTTCTGGACAAACATTGAAGACCACAGCCTACGTACTTGTCACCTCCGCTATAGAAATGCGCGCTGCTGAGCTCTACCCTATCTACCATGATATTTTAAAACAGGTAGGGAGCAAGGTCACTATAAAATCCATTATCTTGGAAGAACAAGAACACCTAGAAGAAATGGAATCAGAATTAGCAACATTACCACACGCAAAAGACCTTCTTTCATATGCTTGCAAAATTGAAAGCACGCTATGCTTGCAGTTAGTCACTCACTTAGAGAAACTCATAGAGAAAACGTGTAGAGTTTAGTCTTCTAGAATGAATAATATTTTCTTGGACGAGAAATTAGTGTTCAGGCAAGCTTTTTGGAAAGCAAAAATAAGTTAGCCAAAATGCTTGCTTATAAGATTTCTCCCTCCTCTATATCTGGAAGAGTTTCCGTTCCTCCGTCGAAGTCTCATACTCT
NZ_CP137547.1_gap11	291721	293390	1669	CTGCAAAAATTACAGGACTCCTTGGTGCTGCTTATTCTATTTGGCTCATCTATGCTGGAGGACTGAAATATCTACTTATGGCGATTATTCTCTTGGCTTTAGGTATTCCTTTTTACATTGATGCTGGGAAAAAAGGCAGGAATGCAAAAACTTTTTTTGCAAAAAAAGAGATTACAGAAATTACAATAATTGCTTTTTTAGCATTACTCGCTATATTCCTCTTTTCAACGGAGAAAATCCGTTTATAACCCAATGATCCAATCACCCTTGGGGAGAGGCCCTTGCGCCTCTCTCATTTTTTTTAGTTCCCTCTCCTTCCACATTCCTCTCTGTTATTTAATGCATTATTTGCTTATCCTCAGGAGAGATATAGAGTGAATTTCTAAATTCAGATTCTAGATTTCAAGGTAAACTTATGCGTATAGCAGTTTTAGGAGCGGGATACGCCGGGCTTTCTGTAACTTGGCATTTACTACTGCATTCTCAAGGAACAGCAACTATTGATCTTTTTGATCCAGTTCCTCTAGGTCAAGGAGCTTCGGGATTGTCTTCGGGTCTTCTTCACGGATTTACTGGAAAGAAAGCCATGAAACCTCCCCTCGCTGATTTAGGAATTACCTCTACTCATAGCTTAATCACAGAAGCTAGCAAAGCATTACATATCCCGATTGTTCTTTCCCGAGGGATCATCCGCCCAGCAGTAGACGATGAACAGGCGGAGATTTTTATGAAGCGTGTCGAGGAATTTCCTAATGAACTCGAGTGGTGGGAGAAAGCACGTTGTGAAATGACTGTCCCCGGTATTGTTGCGAATCTCGGAGCTTTGTTCATAAAGAACGGTGTAACCATAAATAATAACGCGTACATTAATGGTCTTTGGGATGCTTGTGCGAATCTTGGCACTCAGTTTTACGATGAGCTTATAGAAAATATCTCTGATATTGAGGAGTTTTATGAGCATATTATCGTTACACCAGGAGCTAATGCCCATTTCCTCCCCGAATTACAAAAACTTCCCTTATCCAATGTAAAAGGCCAGCTTATAGAAATCTCCTGGCCTAAGGATCTGGCTATGCCACAATTCAGCATCAATGGCCGTAAGTATATGGTAGCAAATACGGAAAACAACACCTGTATTTTAGGATCTACTTTCGAACATAATCAACCCGAAATTGTTCCTGATGAAAATGTTGCCTATAACGAAATCATGCCCCCTATTCTCTCTCTATTTCCAGATCTCAAAGATGCGACTATCCTGAATTATTATGCAGGCATGCGTTCATCCAGCTCTACACGTTTACCATTGATTAGCAGGATAAAAGAAAACCTTTGGTTCCTAGGAGGTCTAGGATCCAAAGGTCTACTTTATCATGGCCTTACCGGAGACATGCTAGCTCAAGCTGTTTTAAAACAATCTACAGCTTACATAGCTAAAGAGTTCTTATTTACTCTTTAATCAAATTGTCTTGAGAGGTTTGCTTCATCAAGTAAAAATCAAAAGAGAAATTCAAGAAAAAAGAAAGAGCTGGAGTCAGAATAAGAGCTATGGGCATAACTAATACCAAGACTTCCATTAAAAACGATCCTGTATTCATATCTGATAAACACACAAGATGTGACATCAAATAAAACGAATCTAAGGCGAGCCAGCTACACAATGCTAAAGGCG
NZ_CP137547.1_gap12	355121	355675	554	CTATAATTAAAGCCGCGCCTATACCTCCGGCATAATTGAGACATTTGAGAACAATCTCAGGGTAGCACATCGACCATGCTAGAGGGACAATAAAAGTTAAAAAGAAAATAGAGAAACCATGTTTTTTCTTGCTCCATTGAAAAGCGTCAACTAGGAAATCCATAACTCCTAAAGCTACACCTAAAAATGAAGAAACCAAAGCAAAGAAACCAAAGAATTCTCCTGCAACATAAAACATAGAACACTGTAATGAATTTTTCATAGCTTCTACAGCTGTGAATCCATTTTCCTGAGCTTTTATAAGAAAATCTAATGGGATAACTCCTAAAACCAGTCCTTCCCAAATTACATATAAGGTTAAGGGGATCAAACTCCCGATAACGATTGCTTTTTTTACATCTTTAACTTTTCTATCCATGTAGTAGTACAGCGAAGGGACTACACTTTGGAAACCAAAGGACAGGAAAAGGATGGATAATCCATCTAAGGAGCGCACCCAGGAACCACGTAAAAGTAGTCCGGGTTGCAATGCTAAAACACCTAAAATGCAAAAT
NZ_CP137547.1_gap13	458797	460276	1479	TAGGGTTTTTAGAAATGAAAAATCAGATACTCCCTGTACTTCCTCATAATCTAAAAATTGTCGGGCAAAACTTCTCTGGTCCAGGATTAAACAGATGTGTAGCCTCAGCCTATCAGACTGTTGCTGCTATCTAAGGGAAGGAAACGCTCACAAAGAGAAAGTGTTGTGGTGATCATCTCTCTGAAATATTCTCTTCTTGAAGACATTTCGAGTAATCTCTTTTCGACATGATCTAGGAGATGTTGAGTTAGCTTATCTCTTTCATTAAGTTTTTCATAAGCACATGCTAGTCCTGACACCCAACGCATTTCCATGGCTACACGATGATTAATGTCTTCAATAAGGACTACCTGAGGATGATTAGGCGTTTCCCAATCCCCTTTGACTTCTTCAAAAACCTTGACAGCGCGAGCAGCATCCCCCAAGGAAAGATAAGCATCAGCAAGGTCTAATTTCACGGTATAGTATACGTAGACCCAAGCCTTCGCATTTTCCCCACATAAAGTGATCTCTGAAAATTCATCTAAAGCTTTTATAAACCAGCCGATTTTTCTTATCATTTCTGTTTCTACATGACCTTGGAAATAGTATACCAAAGATAATAATGAGGATTGGGGGAATAGTTCTTGAAAGTGCGATAAATGTAATAAAGCACTCTCTTTCCCTGAGAGATAGTCGTCTATATCATAAGCAAGAAGATATAAGCGATCTCCATACAAACGCAGATCAAGATGATGACAATAAAGATCCAAAAGCTTTTGATTCGACTGCCTACGTGTTAATGCCCAAACTAACCTAACCGTTGACTGCAATGCAGAACGCTCTTGTGAAAAGATATTTGTTAGAGCTGAACTTGCTTGAGGATCACGATAATATAAAGCAGCAAAACAACATTTTGCGATATCCTCGAATGAGGATGAGCAAGATAGCCGTGTTGTATAACTTGCCTCTTTAAATAATTCTCCACGCCGAAAAGCTAACCATAAAGTTAGCACCCGACTATATTCAGGATTCTGTGATTGCTCTAAAGTTTTTTGTAGATACTGTTGTTCTGTTATCTCTATTTGGTGATCAATAAGGGTAAGTATAGGACTCGCATTACGCCTTCTATGACGATGGATCATATCATAGATAAAATAGTGATAGAGCTCCTCAAGAGCTACTTCACTACTACCTAACAACTCACATAACTTCACAACAGGAGATACAAAACTAGGATCTTTCTTTAGAAATAACGCGTCTATAGATTTTAAAATTTTACGATGTAGAAATGAGACATGAGATTTAGAGTTCCACTCTTCGCACAAATCTATCTTTTTCTGAAGAGCGTAGGAAAGAAATAGTCCTAAACCAGCCTCTTTGCGACTCCAACTTTTATAAGCTCGGAGAAAGAAATCTTCGGCATCACTGTACTTCTGTTCATAACAAGAAATACATCCTAGATACTCATACACCCGAGGTAATGTGACTCCCAACCTA
NZ_CP137547.1_gap14	483894	488457	4563	GTATGTGTAGTAGATAAATATGTCATTAATTCATGTAAATTTACTTTAGAATCTTTAGATTCTGTAACTAGGAGATCCACGCCCAGGTCTTCTATTTTTTTTCTATGATCTTTTGAAGACTGTGCGGTCGTGACATAGAGGGATTTCCCGGTACTATGAAAGATATTTGCCTCTGGGGGGATCACACCTTTACTATCCACAACCACGCGCAAAGGTTGACAAGGATAGAGTTCACCGGAAGGTTTTCTAGCTGTTAACAAGGGGTTATCTTTTAAAACAGTTTTAGAACCTACAATAATAGCTTGAGAACAGGCTCGGAGTTTCCCAACATCAGCGCGGGCTTCGGGGCAGGTAATCCATTGTGATTGTCCGTCTTTATCTGCAACTTGACCATCTAAAGTCGCAGCACTTTTAATTACCACCCAAGGTTTCCCATGTGTACGTTGGTATAGATAAGACTTTAAAGAGCGCTCTGCTTCTTCTTTTCCTAAACCTTCATAAACACAAATACCCGCTTTTCTTAAACTCGCTATTCCCCTACCTGAGACACGAGAATCGGGATCTAATAAGGCAACATAAACTGCAGCAACTTTATATTTGATTAATAAGTTCACGCAAGGAGGAGTGTTCCCATAGTGGCAGCACGGTTCAAGAGTTACATAGACTTCGCTACCCTCAATGGATTCTGAAGCAGAGCGTATTGCTTTTTCTTCCGCATGAGGCTGACCTGCTTTCTCATGATATCCCTCTCCTATTATCCGACCATTTTTTACGATCACACAACCCACCCAGGGATTCGGTTGTGAAGAAAATGCTCCCTTTTCTCCTAATTCTATAGCTCTTCGCATAAAAAATAGTTGTTGCTCAGAAAAATCTTCCATATACTTTGTCTTTGTGAGAAAAAGGTAATTAAAGAGACATAAGGATGTTGGATATAAAATTAATACGCAAGGCACCTGAAGAATGTGAAGCCCGTCTTCGTAAGAAAGATCCTCTTATTTCTCTTCAGCCTATTCTTGATTTAGATAAAGAAGTCCGCAATCTCAAGACACAAACAGAAGCATTACAATCTCAAAGAAAACTTTTGTCAAATCAGATCCATAAAGCTAAAGCTCAAGGAGAGGATGCGTCTTCTCTGATCGATAGCGTGGAAAAAATTGCTCAAGACCTAGCCAATCTTGAACCCTTACTTGAGCAAAAGGAATCGACTTTACAAGACTTACTCGTACGTCTTCCGAACTATCCTGATGAAGATGTCCCTGTATGCCCTGACAAAACGGGGAATCAGGTAATTAAACAAGTAGGTTCATTACCTACATTCTCTTTTACTCCTAAACATCACGTAGAGCTCAACCAAAAATTACAAATTTTAGATTTTAAACTTCCTGCGAAAACTTCGGGATCAGGTTGGCCTGCATATAAAAACCAAGGAGTATGTTTAGAATGGGCCTTGTTAACCTATTTATTGAATAAGCAAAGAGAACACGGGTTTCAGTTATGGTTACCTCCTCTTCTCGTAAAACATGACATCCTTTTTGGCTCAGGACAAATTCCTAAATTCGATGGTCAGTATTACCGGGTAGAAGATGGAGATCAATCTCTATATCTTATTCCTACAGCAGAGGTTGTTCTTAACGGCTTCCATTCTCAAGAAATTTTTAGTGAGAAGGACCTCCCCATATACTATGCGGCATTTACGCCATGTTTTCGTAGAGAGGCGGGTGCTGCAGGAGCGCATGAACGAGGACTCGTTCGTGTACACCAATTCCATAAAGTGGAGATGTTTGCCTTTACTACCCCAGATCAAGCAGATCAGGCATATGACAAAATGCTCTCTGTTGTTGAAGATATTCTTACAGAATTAAAACTCCCCTATCGGCTATCTTTGCTCTCCACAGGAGACATGTCTTTCACAGCATCAAAAACTATAGATGCTGAGGTTTGGCTACCTGGGCAACAGTCTTACTATGAAGTTTCTTCTATTTCGCAATGTACTGATTTCCAATCCCGTCGTTCAGAAACGCGTTATAAGGATAACCACGGAAAAATGCACTTTGTCCACACCCTTAATGGTTCTGGTTTAGCGACACCACGTTTATTCGTGGCTATTTTAGAAAATAACCAACAAGAAGACGGTTCTGTGATTATTCCTGAAGTTTTACGCCCCTACTTAGGGAATCAAGAAATCTTATTACCACAAGAGTAGAATCTATATTGCAAACATGAAAAAAACCTAAGGCAATCTAAACCGTATACCGGATGGATAAAGTAAATGAATACCGATTATGCTCACTTCAAAAATGCAACCCCTGAAGAACACATCAAAATTGTTAGAGATCAGCATGGAGTCTGCCTTGGCGAACCTCATAGAACAATAAAAGGTTTTTTCTATCACCTAGCAAGTGATGCTCTATCCACAGGAGTCTTTTTATTTTTCATTAGAACTCTGGCGTTCCTTCTTCCTATTTCTCAAGCGACACAAGCCGAGATTCTGTTTTCGTTAGGACTAGGATGGATTTTTTATCGTGGATGTTTGAAAGCAAAAAAAGCCTGGTCTTACATGGAGCTTTCTCATCGGTTTATGTTACAAGAAAAAGAAGAAATCGAAAACCATCCCGAACAAGAACGCCTAGAGTTAAGTGTGATCTTTAAAAATCAAGGATTTAAGTCTCCTCTCCTTGAAGAAATGGTAGATTATGTTTGCTCGGACTCTACTCTTCTTCTTGATACGATGATTCGCGAAGAGCTTCACATCTCTATGGAGAATTTCCCTCATCCTTTAAAACAGGGCGGGACACGTATGCTAGGAGGCCTTCTAGGCATAATTCTCTTCCTACCCTTAATTCTCTGTTCTAGTTATACAGTAGCCGCCGTACTATCTGGCATCCTCATTACAGCACTCTCTGCTACTAAAGCAAAAATATTAGGTAATCATATGATTACAGAAGTTGTATGGGTTTTAGGTATTTTCATTACCTCGATAAGTATTGTTTGCACTTGTGTAAAATTTTTATAGATCCTAGGTATCATAATGTTTTCACAACTATTCTCTTCTCCATTTTCACCAGAAAATCTAAATAATTTTTTTGAGTCGGGGATGACCGAGGACAATAGTCCGATGTTATCTAAAAAGAGCCGGTTACTTAGTCGTAATTTATCTTTAAAATCGGCGTGTGTTTCCTTAGGAACGTATTTATGTGCATTAGTGTTCTATTGGTTTCACGTTATAGACATTTCCAATTTGTTTGTCGTTTTTACCTTCTTTCTTGCAGGAACTCCAGCGTTAATAAAGTCTTTAGATGATATTCGTAATAAGACGGTAAATATTGACATCTTAATGACGTCAGCAGCTTTCGGATCTATTTTCATTGGTGGAGCTTTAGAAGGATCTTTACTTCTTGTTTTATTTGCTATTTCTGAAGCTTTAGGGCAAATGGTATCCGGGAAAGCAAAGGGAACATTAGCATCTTTGAAACATCTAGCTCCTACAATAGCTTGGGTAGTTCGGGAAGATGGGAACTTAGAGAAAATTCCGGTAAATCATGTAGAAGTTGGGAAAATCATTCGAGTGAAAAGTGGCGAGATTGTTCCTTTAGATGGAGAAATCATTCACGGATCTTCCTCGATCAATCTTATGCATCTTACTGGGGAAAAAATCCCTAAATCTTGTCAGGTCGGCTCTATAGTTCCTGCGGGGGCACATAATCTCGAGGGAAGTTTTGATCTTAAGGTTTTGAAAACGGGTGCGGACTCAACCATTTCTCATATTATCAATTTAGTTATTCAAGCGCAGAAATCGAAACCACGTTTACAACAACGTCTAGACAAGTATTCTTCGGTGTATGCGTTGACAATTTTTGCTATCTCTACCTCTATAGCTGTTTTAGTCCCTTTATTTACCTCGATTCCTTTCTTAGGGCCTAATAGTGCGTTTTATCGTGCTTTAGCGTTTCTCATAGCGGCATCTCCCTGCGCATTAATTATCGCTATTCCTATTGCCTATCTCAGTGCTGTAAATGCTTGTGCAAAACATGGTGTTCTTCTTAAAGGTGGTGTCGTTTTAGACCGTTTAGCTTCCTGTAATTCTATTGTTATGGATAAAACAGGGACGCTCACAACGGGAGAACTTACCTGCATAGGTTGTGATACTTTCGGTGAGGAAAATCCTGATTTCTTCCCTTCTATTTTAGCTTTAGAACAATCTTCCATGCATCCTATAGCTCAAGCGATTGTTTCCTATCTCATAAAAAATAATGTTTCCTCACGTCCTGCAGAAGAATACTGTATGATTCCAGGACAAGGTGTACGGGGACTTTTTGCAGGTAAGGAAGCATTCGTAGGGAGAGTCGATACCGCATTACAAAAAATTCCCCAAGATTACGTTCAAGAATTAGAAGAGCGTATACACACTGCACGACAACGCGGAGAAATATGCTCTCTTGCTTATTTGCAAGGTTGTTATGCTCTCTTTTATTTTAAAGACACACCACGTCCTGATGCCGGGAAAATTGTCAAGGAGCTTCGAGACGAAGGGTATACTATTAGCATGTTGACAGGAGACCA
NZ_CP137547.1_gap15	523931	527992	4061	AGATCTAGATAATAGCGTGGAGAGTCTTTTTCCTAATTTAGAGCTATATAGAAACGTCATAGTTTTTTCATAACATACAAATTCCGTCACTCTTTGATTAGTTAAACGATCAATATACTGCAGTTTCTTCACTTGTCCTCGACCTATGAGATCAAAACAGGCGACTATAGAAAGTTATTAAAAATATTCCAAACTAATTAAATAGAAATCGTTAAAAAACCTGCCTACATCTTTAATGGAGAACCTGATATCCTAACTCTCAAGTTAGTTTTATTTTCATCCATTTTCATGATTAAAAACGATACTATTGCTGCCATAGCCACACCTCCCGGAGAAGGAAGTATTGCCATTGTCCGTGTATCGGGACCAGAAGCTATTCAAATCACAGACAAAATTTTCTCCGGGTCCGTACCGTCTTTTTCTTCCCACACAGCACATCTAGGCACGGTAAGTTACAATGGCCAGCAGATCGATCAAACTCTTTTATTAATCATGCGAGCTCCGCGTTCATTCACGGGGGAAGATGTGATCGAACTCCAGTGTCATGGAGGCTATTTTTCCTGCTCCCAAATCTTAGCAGCTTTGATAGCCGAAGGAGCTCGCCCTGCTCTCCCTGGAGAATTTTCTCAACGCGCATTTCTCAATGGAAAAATTGATCTTATTCAAGCAGAAGCTATTCAAAATATTATTGCTGCTGATAGTTTAGACGCCTTTCATATAGCGCAGAACCATTTCCAAGGACACTTCTCAAAGAAAGTTCAACAAATTTCTTCGTTGATTATCGAGTCTCTAGCCTTTATTGAAGTTCTTGCGGATTTCCCCGAAGAAGAACAGCCAGATATGGAGGAACCGCTGCATCGACTAAATGAGGCGATTTTGATCATCGAAGACCTCATTGCTAGTTTTGATCAAGGGCAAAAGATTGCTCAAGGAACGAGTATTATATTGGCAGGCCACCCTAATGCAGGAAAATCTTCTCTTCTTAACGCTCTAACTAATAAAAATCGCGCCATCGTTACGGATATCCCCGGAACTACAAGAGATATATTAGAAGAAACCTGGATGTTACAAGGGAAACGTATTCGACTTATCGACTCTGCAGGACAACGAGAAACCAATAATCCTATAGAACAAGAAGGTATTGAGCGGGCACTTGCTGCTATGGAAGAGTCCGAGGCAATTCTTTGGGTTATGGATGTCACTCAACCTCCACCACCTCTTCCAGAAATCTTAATGCGAAAACCTTCCCTCCTTCTTTGGAACAAATCCGATCTTGGAACACCCCCTCATATTGAAACTACCTTGCCCCAATTAGCTGTCTCAGCAAAAACAGGGGAAGGTATTTTTGAGCTCAAACAATTTATCCAAAAATGGATGCAAAAACAACAGTTGGGCAAGAATGCAAAAGTCTTTCTTGTTTCTTCGCGCCATCATACAATACTACAACAGATGCGCACATATTTGCTCTCAGCTCAGGAAGGACTGCAGCATCAATTCCCCCCTGAGTTCATTGCTTTAGAATTAAGACAAGCTCTTCAGACTACAGGGAATCTTTCTGGATCTGAAATTAACGAAACGATACTGGGAGAAATTTTTAGCAGGTTTTGTATTGGGAAATAGAGATTGCATTAAAAATTTTATTCTTTCCACTTTAGACGAGCTCTTCCCTGATCCACAACCGTCATTAACGGGGTGGAGAACTCCGTTTCAACTCCTTGTTGCTATTTTACTTTCAGGAAATTCTACCGATAAAGCTGTAAATGCTGTAACCCCCAGGTTGTTCTCCCTGGCTCCTGATGCGCAGACTTTAGTGCAACTGCCCTTAGAAAACTTATACTCCCTAATCTCGCCTTGCGGCCTCGGCAGGAGAAAAGCTGCCTACTTACATAATTTAGCGAAGATATTGTTAGAAAAATACACTGGGGAACCCCCGGCTTCTCTAGAGCTACTAACACAATTGCCAGGAGTGGGAAGGAAAACTGCATCTGTTTTTTTAGGAATTATTTATAAAATACCGACCTTTCCCGTAGATACGCATATCTTAAGATTATCCCAACGTTGGGGAATCTCTAATAAACGAAGTCCTTCAGCAGCGGAAAAAGATCTCGTTCTTTTTTTCGGAGAATCTAATTCTCCAAAACTCCATTTACAACTCATCTATTACGCCAGAGAGTACTGCCCTGCTCTCTACCACGACACAAACAAATGCAAAATATGTGCGTATTTAACCAGAAGATCTTATGAAAAAAAAACAAACAAAACCCCTTAAGAAATAATATGTTCTGTTTTTAAAAATAGAAAGAGTTTCGTATAAAGTTTTTCCTCTGTATATGTCGTGAATGAAATTTACTTTGCTTTCTAACATAGAAATCTTTTAGACTGGGCACCTACTTACTACCTCGATATCGCAATTTTTTAATATAATGAATAAAAACGCTTCTAATAGGGCTAGTTCTAAAAAAGAGCTCTCTGTTTGGTCGATAGGAGGCTCTATTTTCGCCATGTTCTTTGGAGCGGGCAATATAGTATTCCCACTAGCCTTGGGTTATCATTACCACGCTCATCCTTGGCTTGCTTGTTTCGGCATGATCCTCAGTGCTGTCTGCGTTCCCTTACTGGGCTTATTCAGTATGTTATTGTATTCCGGAGATTATAAAGCTTTTTTTTCTTCCATTGGAAAAATGCCCGGAATGTTTTTCATCATAGCAATTTTATGTTTGATAGGTCCTTTTGGAGGGATACCTAGAGCGATCGCTGTTTCGCATGCCACTTTAGTATCTCTATCGGATTCAAAAACAACATTCATTCCTAATCTTCCTATTTTTAGTTTGATTTGTTGTATTTTGATTTATCTATTTGCTTGCAAACTCAGTAAACTTATCCAATGGTTGGGTTCTGTATTTTTCCCAGTGATGTTAGTGACTCTCATTTGGATAATCTTTAAAGGATTAATCATTCCTGCAAATCCTAGCTTTATGGAATCAGTAAGCTCCAAACAAGCATGGTCAGCAGGAATTATAGAGGGCTTCAATACTATGGACCTTCTTGCAGCCTTCTTCTTTTGCTCTATTGTTGTAATTTCTATAAGGCAACTGCTAGAAAATGGAGAGGCTAGTGATGAAACACCTTTAAACTTTCAAAAAATCAATAAAAAAGACAAACGCACTTTAGGTTTAGCTTTTGCTTTAGCTGCAGCACTTCTTGGATTAATTTATCTAGGATTTGCGTTGTGTGCTTCTCGGCACGCAGGCTTGCTAGCCCATGTAAGTAAAGGACAAATTCTAGGAAGAATTTCTGCTATTGCTCTCGGACCAAATAGTTTATTAACCGGTGTATGTGTGTTTGTAGCTTGCTTAACGACAGAGATAGCTTTAGTTGGGATCTTTGCTGACTTTTTAGCCCGCATCATCTCATCAAAAAGAATGACGTACTCTAATGCAGTAATTTTCACTCTGATACCCTCATACCTAATTTCTATTTTAAACTTCGAAAATATCAGTCTCCTTCTATTACCTTTACTACAGCTAAGTTATCCTGCATTAATCGCTTTGACTTGCGGAAGTATTGCTTATAAGTTGTGGAATTTCCGACACGTCCAAGCTTTGTTTTATTTAACCCTCTCTCTTACAATCGTTTTACGGTTGGTGAGTTGAGTTAACGCTTGTATTTGCTAACTAGCATAAAGTTATGGTTGTAAACGCTTTAGCTGGCTTTCGTCAAACAGCGATGGATTACCTCGCTACGAATCGCCACGACATTGCTTTAGATTTTTCTGGAGATTGTTACAATATCCGAATTCCTGATGAAGATGCTCCTCATGGAGATTGGGTCAGCACGTTAAAATTCAGTAACATTGACAATCTGACCTTTGCCTCATGCAGTTGCCCTGATGGGGATTGTTGTGTTCATTTGATGACAGCGTTCTTCTCTGCTTATGATGCACACGGATGGTTGCCCCTACACCATAAATTTAACTTATCTTTCTGGTATGCGCTATTCCTTAAGTTATTCACAGAAGGAGCGCGGCTACACGCCGATGGTGATAAACACTATTCTATAGC
NZ_CP137547.1_gap16	552103	554124	2021	GGCCTTTGGCTTCTTCCTTGCTTTTGATGCGGAGCCCAATAACCCTATCCCTCCCTATTACATCGCCGACAGCTTGATGAAGATCGACCAAACCGAAGAATCTAGAGATTTCTTAGACATCACTATTGATATCTGTGCTAACAAACCCGAGTACAGAATTCTAAAAGAACGCTGCAACATCATGAAAGATTCTCTCAAAGGGAAAAGCGAAGACACAACTCCAAAAAAGAAAAAAACTACCTCTGCTAAATCAAAAACGCCGGCAAAAAAAAACTCCGGGAAAAAAAATTAACCTAGGGTTAGGAGAACTCCAATATGAATAAAAAAGTTAGAAAAACAAAAAAAACTACGACTACAGCTAAAAAGACATCTACAAAACACACGAACACCTCTCCAGCCTTAGTTTCTAAGGGAACAGACAAACAAGAACAAGCTATCTCAAACTTAGAGAATTTAGTTTCCTCGATCTATGAAGATTTACCTTTGGCGCAGACATTTTCTGGGATTCAAGATGAAAAACAACTAGCTCAGATGATGGCGGCTCTAAACGGCACTTTGGATTCTCTACCTATCGAGAGTTTAACCGAAGGCTTGTTTAACAATCCTAAAGAAGATGCGAAGTTTGCTAAAGATCTCGCTTCAGTACTTCATGGTTTGAAGAACTTATCTTCAACAGTAAACAAACATATCTCTGATAGACGTTAGCTTTACAATAAATTTAGATAACATAGGGTAATTAGAAGATGTCTCTTTCTACCTCAGGTCCAGATAGTTCCAATCAGAAAAATATCCTGGCTCAGGTACTAGCTTCTACACCACAAGCAGTACCCAATCCAGATAAACTTGCTGGTAATGAAACTAAGCAAATTCAGCATACTCGTCAGGGGAAAAACGCTGAAATGCAAAGCGATTCTAGTATCGCTGGAACTCAAGGAAAGGAAAAAACTGGGGCTGTTGCTGAAGCACAATCTTCCGAGAATCTGATGGCAGGACAAGGAATTGCCGCAGGACAAGAGACAGTATCCGCAGAAGCTGCAGCTGGAGCTAACCAAGCCGCTGGAGCTTCTGCTTTCCAGGCTGTAAACCTGCAGTCTACTATTGAAGAGGCTAACAAAACATTAGAGACCACTCTCTCCTCTTTATCTTCTGTGAATTCTTCACAATTACAAGAAATCCAAGCATTAGTAGCTTCTGCTGTCAACGGAACATCGAAATCTGCAATTCAAGCATTGGAGACTCCTGATCTTCCTAAGCCCTCCATAACCCCTAGACAGGAAGTTATGGAAATTAGCATGGCTCTAGCAAAAGCTATCGCCGCCCTTGGAGAAGCAACGGCTTCTGCTCTTTCTGATTATCAAAGTACGCAAGCGCAAGCTTCAACCATGAACCGCTTATCTTTGGAATCTCAGGGACTCAAGATCGACGCAGAACGCGAAGAATACCAAAAAATGCAAGAGATTCAAAATAAGGCAGGAAGCAACAAGACTCTCGAGACAGTAAACACTGTGATGATAGCTGTTTCAGTAACAATCACTGTAGTCTCGGTTGTTGCGGCCTTATTCACCTGTGGTTTGGGTCTTATAGGAACTGCTGCAGCTGGAGCCACTGCAGCGGCAGCTGCCGCAACTGCTGGGGCTACCGCAGGTGCTGCCGCCGCAACTTCTGTAGCAACAACTGTAGCTACACAAGTGACTGTGCAAGCAGTGATGCAAGCCATAAAAACCGCTATTGTACAAGCTGTTAAGCAGGCCATCATGGAAGCTGTAAAAGCAGCCGTAAAACAAGGGATTAAACAAATTATCAAACAAGCTGTGAAAGCAGCTGTGAAGACTCTTATGAAAAACATGTCTAAGATCTTCCAAACAGGACAAAAAGCTCTTTCTAAATCCTTCCCTAGACTATCTAAAGTCATCAATGCTTTAGGAAACAAATGGGTAGCTGCAGGGATGGGTTTGGTTGTAGCTGTGCCAGCTTTAGTTAAAGGTATTGGGGATCTTAAATTATCCGAATTACAAACCGAA
NZ_CP137547.1_gap17	622034	626644	4610	TCCAGAAATTAGAGATACCTGATCAGATGCGATCTCATCTAAGGGAAGTAAGCTTTGGAAATCAGCACCTCTAGTAGTAATCACATAGCGTCTTAACGAAGGTTTTAAACCCGATCCAGCTAGGGCTACTACCTGCTCATTGAGAATTCTTCCTTTTAAGAATAAGTGTCCTATAGCTAAGACTTCCTGGAAAGATATGGTGAAAACCACATCCTTTTCACTAGTAATAGGTGCTATGTAGTGAATGTGTGTAGAGGGAGACCCAGAAGGATAAGGCCCTGTGATTTTATGTAAATGTGCGATGGATTTTAAGTCTTTTTCAGGAATCGCTAGTCTATCAGTAGAAATAATATGTGGGCATAAACCAAAAAGTTTGGCTATAGCTCGAACTCCTACATTGAAAACGTAAAATCCTTCTTCTCTGGAAGAAAAGACGGAAAGATGTTTTTCTGTAGATGGAGTGAAAGGACGGTTATCAGCTAAGTTGATGAAGACATCCCTAGGATGATGCGTAGGTAAGGCTGGAATATCAAAGGGACGTTGTTTAAAAAGCGCGAATAGCCCTTCTTTTTTAAAGATTTCTAACAGTTCTTGTCGTGATAATTTGGATAAATCGTAAGAGTATTCTGTTAGATTTTGCCCTGGGTTTTTTTTGATAACTACATCTAAAAGAGACCGCTTATCTCCTCTACGTATTTCTTGTACAGTTCCAGAAACGGGAGATGTAATAAACACTCCCGGGAAGTTTTTATATTCTGCAACCGGTGATCCTGAAGAAATAGCCTGACCCTGTTCTACCTTAAGCTTTAAAGTTAAGGCAGAATATGGGCGCAGGTCTACAGAAACTAGAGCAGGGTCGATTCTTTTTAAAAACCCAGACTCTTTAGGAGACCCTTGCAAAGATAGATCTAAACCCCGAGTAATCGCAATTTTCATACTTTAGGGATTATAGGCGTTTTTATAAGGGAATCCAGTTTTTTTTCTTATTTTTTTTAGATGAAGTAGTTTTTGTTTTATTACTAGAATTAGGTTGGGGAGTTTCTCCTCCTAATTCCTTGGTAACTTCATTAATCAGAGCTTCTGTTTCTTTTTTATACTCGTTACATGAAGACCGGATGTTTTCTAACGCTAACCATTCTTCTGGAGAGAAGTTATCTGGGTTATTAGCAAACACTTCCATTTGTTCTCTAGTCATCCCTGTTTGTTGAAGGATTTCCTGAGAACGTTTGTCTAGCTCTTGGATTTTTTCTTGGGTTTTTTCCATCAAATATTCGTAATCTACTTCAGAGTCAGAAGATAAAGCTGCACCGAAGGAAGGATCGAAGTCTATATTATAAAGAGCAAGTATTTGTTTTATAGAATCTATTATTTTTTGCGCAGAGTTACTATTCATTAATACACCATGGATTTTAATTTATTATAAAATAAATATTATTATTTTTGTGTTGTGATATTGCTCTTTTTTATAGTTAAGCGTATATTTCCCGTTAAAAACGGGAGACATCGTGGACTATCTAGAAAAGTTGCAAGTCTTAATAGACGAAGAGCAACCCTCAAGTTTCTTTAATTTGTGGGAAGAATATTGTTTTAACGATGTGGTGAGAGGGGCCGAGCTTGTTCAGATCTTAGAGAAGGTAAAACACTCATCTTTAGCCCCTTTGTTTGGCAAGATATCAGACTCTGTCCTTCCTTTATGGGAGAGAATACCTGAGGGAAAAGAAAAAGATCAGGTTCTTAGATTGGTTTTGGATATACAAAACACTAACGCTAAGCCGTTTTACGATGCTGCTATTGATTATGTAAATAGGAAGTATCATGGTAGGGAAAATTTTAATGAGGCTTTAAGAGTGGTTGGTCTTCGTGATGGTCGCGAGTTTCAGTATAGTTTAAGCCGTTTTGACTTCTTAATGCACTTGAATGAGGGAAATTTCGTCTTTCATTCTGGGGGATGGGGAGTTGGAGAGGTCATGAGTGTTTCCTTTCTTCAACAAAAGGTTCTCATTGAGTTTGAAGGGGTTGTGATGGCTAAGGATATCTCCTTTGAAACGGCCTTTAAAAGTTTGATTCCTTTAGATAAAGATCATTTTCTATCACGAAGATTTGGAGATCCGGATGGTTTTGAGGCTTATGCTAAAGATCATCCTTCCGAGGTTATAGAAATTCTACTTAAGGATTTAGGTCCAAAAACAGCGAAAGAGATCAAGGATGAACTTGTAGATTTAGTTATTCCCGAGGCGGACTGGAATCGTTGGTGGCAAGCAACTAAGAGTAAAATTAAGAAGAACACTCGTATTGTAGCCCCTAAAACCATAAAAGATCCTTATAGATACAATCCTGGAGGGGATTCTTTAATTTCTCAGTTAGAAACTCGACTTTCTCAAATCGAAGAGACTCAGGGAAAGATTATAGAGATTTATCAATTCATTAGAGATTTGCATAGTGAATTAAAGAAACCCGAAAACAGGGAAATCATACTCAATGTTTTACAAACACTTCCTATAGAAGATAACCAATCTTTAGAAATCCAAAGGGATTTGTTACTTTCTGATTTTTTAGGTGAAAAATCTAATAAGTTAGACAGTAAATATATAGCTTCGCTTTCTGAAGAAGGGATTATCTCCATAGTCAATGCCATTTCTATAGCAGCCTTACAGAAAGCTTTCTTAATGTTAATAAAGAAGCATTCTCCAGTTTGGGAAAATGTCTTTATGAAGATCTTTTTCTCGACAACGTTTCCAGCTCTTAGAGAACTGAGTTTTAAAGTGTTAAAAGGAGAGGAGTCGTGTTGCCAGAAGATTAAGGAAAAGCTTCTTGGGTTTATAGAGCATCCTATGATGTACCCAGAGGTTTTTGTCTGGTTTTTCTTAAAGTTTGGTTCGCACGATGATGGTCTTTTTGATCCAAATAATAAAGAAATCGAAAGATTGTTTTTAGAAGCTGCTATGGTGTTTATGTATCATATTGCTTCAACGCCTCAGAAAGAGTTGGGCAAAAAGATTTACAACTTCCTTGTGAGTGACCGTTACTTAGTTATTCGTAATATGATCGAGGGAGCTCCTTTGTCTTATTTGAAAGAGATTTTGTTGCTCTCTACAAAATGCTGTCAATTTTCCTCTAGTGATCTTAGTGTTTTACAAAGCGTTGCTGAGGTTGTACAACCTGATTTGAAGAAAAACACTGTGGCTGTGGAAGAAGATATTCTTTGGACAACTCCAGAAAGCTTTACGAAAATGAAAAACAAGCTGCAATCTCTTGTGGGTAAGGAAATGGTGGATAACGCCAAAGAAATAGAGGACGCAAGAGCTTTAGGGGACCTTAGGGAGAACTCTGAGTATAAATTTGCTTTGGAAAAACGAGCACGTTTACAAGAAGAAATCCGTGTGCTTTCTGAAGAGGTAAATCGAGCTAGAATATTAACTAAGGATATTGTTTTTACTGATACGGTAGGCGTCGGTTGTAAGGTTTCTTTAGAAGATGAACAGGGAAATCTTATTACATATTCCATCCTCGGTCCTTGGGACGCTGATCCTGACAACTATATTTTATCTTTAAAATCTAAGCTTGCTCAAGAAATGCTCAACAAGAGCGTTGGAGCTAGTCTACAGTTTCAAGGAAAGAAATATAAGATTAGCCGAATACAATCTATTTGGAATGCATAAAGGAAATGGAGTATAGCGGAATCGAACCGCTGACCTCAACAATGCCATTGTTGCGCTCTACCAATTGAGCTAATACCCCAAGTAGATAAAATTATCATGAGATAAGGTTTAGAATCAATCTTTGTTATAATACGAAGGAATTTCTTTGGTATGAGTTTTTTTAATCAATTACCCACGTTTGCTCCCGATTCTATTTTGGGTTTGCAAAAACTATTTTTAGAAGACGAGCGAGAGGATAAGGTCAACCTTGTTATAGGTTCTTATGAAGATCCTAACAAGGCTTATGGTGGCTTTTCGAGTGTCCGTAAGGCACAATTTTTATTATTAGAAAACGAGATGAATAAGGGGTACTTACCTATTAGTGGGTTGTTGTCTTTTAATCAACAAATGGAGAGTCTTGTTTTTGGCGATGATGTAAATCCTAGTTTTGTTGTTGGCGCCCAAGCCCTTGGAGGAACGGGAGCCCTGCATTTAGGCGCGAAGATTTTTTCCATGACCAATCCTTCTGGTGCAGTATACATTCCCGAACAGACGTGGGGAAACCATTTGAGAATATTCGCTCAACAAGGTTTAGATGTTCTAAAATACCCTTACTATAGTTCAGCAAGTAAAACACTAGTTTTTGATGAGATGATGTCTGTATTACAATCAGCTCCCAAGAACTCTTTAGTGCTTTTGCAATGTTGTTGTCATAATCCTACAGGAATGGATCTTAATGAGAACATGTGGACACGTCTTGCAGAGCTGATGAAAGAACGCCAGCTGCTGCCTTTTTTTGATACGGCGTATTTAGGGTTTGGTTCGGGTATCGAAAAAGATAGAAAACCTATAAAGATTTTTATAGATTCAGGACACACTGTATTTGTAGCTGCATGCGCAAGTAAGAATTTTTCTCTTTATGGGGAGCGTGTAGGCTATTTTGCTGCATACAGTAGGGTCACTGATGATTTA
NZ_CP137547.1_gap18	725376	728431	3055	AAGCGCCTATCATGCCTGGAGTATTAATATTAGAATCTTTAGCGCAAGCAGCCGGAGTTTTGCTGGGCTTAGTTTTAGAAAATGACAGAAATAAAAGATTGGCTTTGTTTTTAGGGATACAAAAAGCGAAGTTTCGTCAGGCAGTTAAGCCCGGCGACATTCTTACATTAAGCGCTGAATTTTCATTGATTTCGTCGAAGGGAGGGAAAGCTTCGGCACGAGCTTGTGTGGGTTCTCAGGTTGCTGCTGAGGGAGAACTAAGCTTTGCTCTTGTAGACAAGAAATCTTTAGATTAACGGAGACGTATGACGAACATTCACCCAACAGCAATTATCGAACCCGGGGCTAAAATCGGAAGGAATGTTGTTATTGAGCCGTATGTTGTTATTAAATCTACGGTGACCCTTTGTGATGATGTAGTTGTCAAATCGTATGCTTATATCGATGGACACACAACTATAGGCAGAGGTACAACGATCTGGCCGTCCGCTATGATCGGTAACAAACCTCAGGATTTAAAATATCAGGGTGAAAAGACCTATGTTACTATAGGGGAAAATTGTGAAATTCGAGAATTCGCTATTATTACCTCTTCTACATTTGAAGGAACAACAGTTTCTATAGGAAATAATTGTCTTATCATGCCTTGGGCTCATGTAGCTCATAATTGTACAATTGGTAATTATGTAGTCTTAAGTAACCATGCGCAGTTGGCTGGTCATGTTGTGGTAGAAGATTACGCTATTATTGGTGGTATGGTTGGTGTCCATCAGTTTGTTCGTATTGGTGCACATGCTATGGTCGGAGCTTTAAGTGGCGTTCGAAGAGATGTTCCTCCCTATACTATAGGCACAGGGAACCCCTATCAGTTAGGCGGAATCAATAAAGTTGGTTTACAGAGACGACAAGTAAGTTTTGAAACACGTTTGGCTTTGATCAAGGTGTTTAAGAAAGTTTATCGTTCCGAAGACAGCTTCTTTGAAGCTCTACTAGAGGCTCAAGAAGAGTACGGCCATATTCCCGAAGTCCAAAAATTTATTCATTTTTGTCAGAATCCGAGTAAGCGTGGAATCGAGCGTGGAGCTGCTAAAGAGGCTTTCCAAGAGGAGAGCGTAGATAAAGAAGGAGCTCTTGTTGAGTCTTAAGGTTGTTTATTTCGGCACGCCACAGTTTGCTGCCACAGTTTTAGCAGATTTATTACATCATGAAGTCAATGTTATCGCTGTTGTTACTCGTGTAGATAAACCGCAAAAACGTTCGTCCCAACTTATACCTTCTCCTGTTAAAACGTTAGCTTTATCTAAGAATATTCCTCTTTTACAGCCAGAAAAGGCTTCAGATCCACAATTTATCGAACAGTTGCGAGATTTTGAGGCAGATGTTTTTATTGTGGTTGCTTACGGAGCTATTTTAAGGCAAACGGTTTTGGATATTCCAAAATATGGCTGTTATAATTTGCATGCAGGCCTATTACCAGCTTACCGTGGAGCCGCTCCTATACAGCGTTGTATTATGGACTGTGTCACACAGTCAGGAAATACTGTAATTCGTATGGATGCAGGTATGGATACCGGAGATATTGCCAACGTATCTGTTATCCCGGTAGGACCTGATATGACAGCAGGAGAGCTGGCCGAAGCTTTGGCTAGTCAAGGCGGGGAAATCTTAATAAAAACTTTACAACAAATCTCTGATGGAACAATCACTCATACACCACAGGATGCATCTAAAGCCTCGATAGCTCCAAAGCTATCAAAAGAAGAAGGGTTTATTCTTTGGGATCGTCCTGCAGAAAAGGTGTATGCTCAAATACGGGGTGTCACTCCAGCTCCTGGAGCTTGGACGCTCTATTCTTATCAAGATAAACCAGAAAGGCGTTTAGTTGTTCGTAAAGCCTCTCTTGCTTCTAGTAAGGGGGGTTATGGCAAGCCTGGGGATATTATCTTGTCAGATCAACAAGAGCTGCTTGTTGCGTGTGCTGAAGGTGCCATTTGCCTAAGAGAAATCCAACCTGAAGGCAAAGGGGTGATGAATTCAAAAAGTTTTTTGAATGGCCTTTCTGGGCATAAATTAAAATTATCATTTAACTTAATTTATTAATTTCGATTTTAGTCAATATAATTCACTTTAATTAAGGTGCTTTTATGTTATAATTGGGGCTTAAAATCTTTATTTTGCTAAAAAAACCTTTTAATTTTAGGGAGGTGAATATGGCATCTGTAACTCCACAAGTGGCTGCTCTTGCTATGGGAGGCCGAAATGTGTTTATGCAAACAGCAATGCAAAGAACTGGCAGAGGTGCAGCTGGTAATTGCGTAAAACTATTTTTTACTAGAGGAGATAATCATTTAGCTCGTTTTGTTGGCAGTACTAAAAATTTAGATAAAGCCTTTAAATTCGCTAAATCAGTTTCTGAATTTAGTTGTGGCGTTATTGAGAGTTCAGGAACTACCGGAGCTTCTCTTGAGATAGCTAAAAATGTTGCTGGAACTTTAAGTACAACAAGATCTGTTGTGGCTTTAAGTAACGTGTTTAACGGTGCAATCCCCGGTTGTGTTAACTCTTCAAAGAATTGCTTCGCACACGTCAAAAAATGTTTCACTGCAGAATCTCAATACGATCTTGGCAGCGCCGAGAAAGGATTGCCTTATAACAAAATCTACCTGACTAAGGGCGATCATGCATTAGCCGCGGTTAAAGAGGGATGTTCTGCAATCGGTGCAGCTACATATGTTGCAACATTCGGCGTATGCCGTCCGGTTATGTTAGCAAACAAGCTCGCACATAAATCTTTCCTTCCTAAGGAAGTGAAAGCAGGATTTGGCGATGCCGTAACCTACATGATGACAGCTAACCACGCTGCTAGCGTTATCGGGGGAGCTGCTTCCTTAATGTATGAAAACCGTGCATATCAACGTGCTTCTGCGGGATTAGAAGATGCTAGAGTCAACGAGACTTTGAATTCCGATGTTTATAATCAAGTGTCTAGAGAATTAAGAGAGTCGCATCTTGCGGTTGTTAAAAAAGCTATACTATCGATTTTAGAAAAAGCATT
NZ_CP137547.1_gap19	729622	731062	1440	GAAGTGGACTTCAGTTAGTGAAGGACTATCTTGTGGCGATTCGTGCTAACAAGAGACAGTGGTCCGCATGTACAAGAAATCGTTCAGAAGTAAGCCATTCTACTAAAAAGCCTTTTAGACAAAAAGGTACGGGAAATGCTCGTCAAGGGTGTTTAGCGTCTCCTCAGTTTCGAGGAGGGGGCATTGTTTTCGGCCCCAAGCCTAAATTTGATCAACACGTTCGTATTAATAGAAAAGAGAAAAGAGCAGCAATTCGTTTATTGCTATCTCAAAAGATTCAAACGAATCGTTTGATTGTAGCTGATGACAGTGTGTTCACAAACAGTTTAACTTCTCCAAAGACAAAAGAAGCTTTGAGATTTTTAAAATCCTGTAATGTGGAATGTCGCGGGGTGCTTTTCATCGATGATTTAGAGCACGCTCAAAATAACGAAAGTTTAAGACTAAGCTTGCGTAATTTGCCTGCTGTGCGCGGTTTTACGTATGGAATGAATATCAATGGATATGACCTAGTCTCTGCCCGCAATATAGTGATTTCCGAAAAGGCTCTTAATAGACTCTCCGGGCATCTTATTTCTGGAATGAAAGATTAAAAGGGAATTTTAGGACATGAAAGATCCTTATGATGTAATCAAACGGCATTATGTAACCGAGAAGGCTAAAACACTAGAAGGTTTGAGCCTTGGGAATGGTGAGGGCAAAAAGAAAGGTAGCTATTGTAAGCATCCGAAATATACGTTTATCGTAGATTGTAACGCTACTAAGCCTTTAATTGCTCAAGCTTTGGAATCTATTTATGCGGATAAAAAAGTAAAAGTTAAAAGTGTAAACACGATATGTGTGAAGCCTCAGCCAGCCCGAATGTTTCGCGGAAAGCGAAAAGGAAAGACTGCTGGATTTAAGAAGGCAGTTGTGACCTTCTATGAAGGCCATTCTATCGGGTAATCTATTAGAGGGAAGAAAAACATGTTTAAAAAGTTTAAGCCAGTAACTCCAGGGACTAGACAGTTGGTTCTTCCGGCTTTTGATGAACTGACCACACAGGGAGAGTTGTCAGGGAAAAAAACTAGAAAAAGCGTTCGACCAAATAAGAAGCTTTCATTTTTCAAAAAGAGTTCTGGCGGTCGTGATAATTTAGGTCACATTTCCTGTCGTCATCGTGGTGGAGGAGCTAAGCGCCTGTATCGAGTTATCGACTTTAAGCGCAATAAAGATGGTATTGAAGCTAAGGTAGTTTCTGTTGAGTACGATCCAAATCGTTCTGCCTACATTGCTTTATTGAGTTATGCTGATGGAGAAAAACGTTACATACTTGCTCCAAAAGGCATAAAAAGAGGAGATCAAGTGATCTCAGGAGAAGGCAGCCCTTTCAAATTGGGTTGTTGCATGACTTTAAAAAGCATGCCTTTAGGGTCAACTGTTCATAATATTGAGATGCGA
NZ_CP137547.1_gap20	790925	792833	1908	CAATTTTGGGTTACACGAGAAGACTATGACCGGCCTAAGCCGTATCCTGACAGCTATCAATATGCCTATCAGGCTTTTGCTAAAGAAGGAGAAAAGGTGGTGGGTTTTGAAGATAGTGTGAAAGGCTTACGCGCCCTTTCAGGCATACCAGCAACGCTGATCGCTGTGAATGCTATTATGCCATTGTCTCGAGACAGTCACAAAGATTTCTGTGATAAAGATTTTTATTATTTTTCTTCTTTTAAAGAGTTGATGTTGCACTCTGGAGTACAAAACCAATGATAAGGTTTAGGGTAACATACGTGGTATAAAGATAGGGCATAGCTGGGAGCTGCTGGCGGCCCTTTTCTACGATTTTTCTGTATTAATATCTCTTGAATGTATTCAGGAGGATATTTTCCTCTACTAATATCTAATAGAGATCCCACAATATTCCTTACCATTTTATACAAAAATCCATTGCCTTTACAGATGATGGTTACTGTCTCTCCATTATCTACAATGTCTAAGTTGAATAACGTGCGTATAGTTGACGTATAGTCACGTCCATGATTTGCAAAAGAAGCGAAATCATGAGTTCCTATGAGGTACTTAGCCCCTTCTTGCATAAGATCTGTTCTTAGATGATGTCGTGGATAATAGGAAAAATAACGTTCCCAGGGAAGGGGCTTAGGAGATCTTTTTAGTAAATAACGGTATTCTTTAGCGATAGCTGAAAATCGTGAGTGGAATGTATCGTCTCCAAGAACAACGTCGCGAATCACTATATCTTTGGGCAAAAGAGCATTAAGCATTTTTTTTATGCCTGAAGCTTGTGAAAATCGTGGATGGTCAGGTTGGGGAAAATGAGCAACTTGACCAAAGGCATGGACTCCTGCGTCGGTACGACCAGAAGAGGTCACATGAATACGCTTCCCCACAACCTTTGTTAAGGAATTTTCTATAACTTCTTGGACGGAGAGATCATTAGGTTGTCTTTGCCATCCAGCATAGGCAGTTCCCTGGTAGGCTAAGAGTAGAACGACTTGTGTCATAACAAAGCATGAGCTAAGGTTAGGTCTTCTGGATAAGTAACTTTTATCTGGGGATGTTTATTGAATACTAAAGCAACAGGTACGTTGAGAAGTTCTGCAGCTTGGGTATCATCAACAAGAGTAATTCTCTCTTTATTGGCCAGTTCAAGGCCTTCTAAGAGTATTTGTGTCTTGATGCATTGAGGCGTATGGACAAGAGATAACGCATCTCGGTCTAAAGTTTTTACAGGATTACGTTGTTTGATAGTGTAGGGAACGCTAGAGACTAACGTTGCGGCTCCTGTTTGATATGCTGTTGTGATCAGTTCTCTGACTTCATCGGGATAGATAAAAGGCCGGACACCATCGTGGACTAAAACCCAAGGATGCGAAACTTGTTGTAGTCCAGAAAATACCGAATCTTGACGACGTGTCCCTGGTCTTGCGAATTTTACGGGATAACCTTCAAAAATACTTTCGTAGTTTACATCGCAAACAACAATAATTTCTGAGATTTCGGGGATGCGCAGAGCCATTTTTAATGCATGGAGGACGAGAGGTTCCCCTTGAAAAGGCAGGTATTGCTTAGGTTGATTTGCTCCAAACCGTTCTCCTTTACCCCCACTAAGTAAAATCAAAGAACACTTAGGATCCATATACGCACCGTATACAACAAATTTCAGGAGGAGAGCAAAAGCGTAACCTTTTAAACCCTCCAAGCCCACGATTTACATATAATTGCTTTTTCCCTTCTGAAAAGAAGAAGTGCCCTCGCGCAAGATCAGGATTTTCTAATCCCGAAGTTTTATTCATAATCCTATTAGCGAACTTCGGCCATGGGATAGAAATTTGGGGTCCATGAGTATGTCCAGAGAATATAAGATCACCAGGATAA
NZ_CP137547.1_gap21	800683	804978	4295	AGATAGAAGCGGCTTCATTTGGTATGGCTGCCGTGCTTACCGGCGGGCGCATTTTTGTAGAAAATGCCGAGCAATATCTGATGATTCCTTTTCTTAAAACCTTAAGGTCTATAGGAGGAGGGTTCTCAGTGACAGAAACAGGAATCGAATTCTTTTATAACGAACCATTAAAAGGTGGTGTTGTATTAGAAACCGATGTACATCCTGGATTCCTTACAGATTGGCAACAACCTTTTTCAGTTCTTCTCTCTCAGGCAGAAGGATCTTCTGTGATTCATGAAACCGTGCATGAGAATCGGCTAGGGTATTTACGCGGTTTACAGCAAATGGGAGCGAATTGCGAGCTGTTCTACCAGTGTTTAAGCTCAAAGGCTTGTCGTTATGCAACCGGAAATTTTCCCCATAGTGCTGTCATTCACGGAGCGACACCATTGAAAGCTTCTGAACTGGTTATTCCCGATTTGCGTGCAGGATTTGCCTATATTATGGCAGCTCTCATTGCAGAGGGTGGACCTTCTTTAATCAGAAATACCCAGTTGTTAGATCGGGGATATTACAATTGGGTGGACAAACTGAACTCTTTAGGAGCAAAGATCCACTTGTTGTCCTTAGATCCCGTAGCGTTCTAAACTTACAATCTATCCAAAGTTTGTAACCCTAACAAATGCATGCCCGTAGCTAGGGTCTTTTCAACAAGAGCACAAAGATAAAGACGTGCTTTTTGATGAGGAGATCCTTCAATATGGCAGTCTCTGAAAAAAGCATGAAACTTGTTTGTAAGCATATAAAGATAGTCTGTTAGGAAGTGAGGGCAGAGCTCTTTAAGAGTGAGATCAATAGCTTCTGGGAAGCGTAGTAAGGCTAAAGCTAACGCTTCTTCGGAAGGCTCTTGAATATCAGCCGTAGACTCTAAGCTAAGTTTTTCAATACCTAACCGCCGTTTTATTCCTTGGATACGTACATAACCATAAAGAATAAACATCGCTGTATTTCCTTCAAAACGCAGCATCTTCTCAAAAGAGAAGACATAGTCGCTAACACGATGAGAGGAAAGATCAGCATATTTGATAGCATTAATACCAAGAACAGGAGCTCGTTCCGCAATTTCTGCCTCAGACATCTCTGGGCGGTGCTTTTTTAAAGTAGCCACAGCTTGATCTATAGCCATGTCTAACAATTCCTGAAGTTTAATATTTTCTCCAGAACGAGTTTTGAACTTTTTCCCTTCAGAATCAAGAACAAGGCCAAAACCTACATGAGAGAAGACTTCTTTATTGGGAAGGTAGCCAGCAGCTAATGCCGTAGCCTCAAGAAGTTGAAAATGTAAGGATTGTCCCATGTCGGTAACAATAATAATTTTATCCGCATGGTCGTGCTCTACGCGATAACGCATAGCAGCTAAATCAGTAGTGGCATAGTTGTAGCCACCATCACTTTTTTGTACCATAAGAGGGATAGAAAAACCCTCATGAAAAACACATTTTGCATTATCGGAAATTGTGATGAGATTTTTCTTTTCTAAGTCTTTGATAATCTCAGGAAGGAAAGGATTATAGAAAGATTCCCCACGTTTCTCTATGCTAATGTCTAAAATATTGTAAATCTTTTGAAACGCTCGTTCAGAAATTTCGCATATGCGTTCCCAAAGTTTTCGTGCTTTGGGGTCTCCTGATTGCAATGCCACAACATTTGTTTGTGATCGTTTCTTGAATTCTGCATCTTCAGCAAAACGAGCGTGTGCTTTCTTGTATAAAATCGTTAGATCTTCAAGATTTTCGATATCTTCAGAGGATTCCTCCTGAAGATAAGTAATAAGCATGCCAAACGCTGTTCCCCAATCACCAATGTGATTCAATCTTAACACGTCATTACCCACAAAAGTAAATATACGAGCTAAACAATCACCGATAATTGTAGAACGTAGATGGCCTACGTGCATGTCCTTAGCAATGTTTGGAGAAGAAAAGTCTATAACGACTTTTTTAGGATCTTTAACACGAAATCCTGAAGATAGATCCTGAGAATATGACTGTAAACTCAGGTTGAGAAATTCTTTTGAAAATGTGAAGTTAATAAATCCAGCACCTGCAATTTCTATAGAAGAGAAACTATTTTTGGAGATGTGATTCACTATAGATTCCGCAATAGCTCTAGGAGGCATTTTTAATGTGCGGGCAAGCTTCATCGCATCATTACATTGGTAATGGCCGAAAAGCTCTTTTGTTGATTGCGTGATGTCAGGAGAGATGGTTTCTATTTGAGGGAATGCAGATAGAATCGCTTCTCGACATAAAGAGGAAAGATAGGAAAGAAGAGTCATTTAAGGAACCTCTCCAATACAACCATTTTCATACCAAGTTTTTAGCTCTGCTATTTTGCTCATGATCCTATCTGTGGCTATTTGGTAAGTTTCTTTGGAACTTAGGGTCTCATTATTAATCAAATCGTCAAAAGTTAGTGGTGTGCCAAAAACACAGGTAACGGTTTTCCAAATTTTAGGAAATTTTTGATAGCGATTGAAAATATCATAGGTCCCACCAATATATACAGGAATAACGGGAACGCAAGCTTTGATCGCTATTAAACCAACACCAACTTTTCCAGGAAGTAGCTCTCCCGTTGGGCTCCGCTCACCTTCAGGATAAATAATGAGCTTTTTGTTCTTTTTTAAAATTTCGAAAGCAGCTTTACAAGCTGCAGCATTTCCTCCCCCTTTTTTGACAGGGTAACATCCCCATTCTTTATACAACCACCCAGTAAACCGATTACTAAATAATGTAGAACGCGCTAAGTGATACAAACACCCACGAACAGATAAGTGCAAAGCTACGGGATCCAAATAAGAATTGTGGTTTGCAGCAATAATAGCCGCTCCTTTAACAAGATTCTTTTTTACTCCGTAAACTTTATGTCTATAGAGTAGGGTAAAGGCAACTCGAGTAAGAAATTTACAAACTGTAAATATCATGGCAATTTCGGAGAAATTAAAGCTGAAATTTTCTCTAGAACTTGGCTTATTGTCAAATCTGAAGAATCTAAAACAACAGCTCCTTCCGGAATAACTAGAGGATCGAGAGTGCGTTGGCTATCTGTTTCATCACGTTTCACTAGTTGAGCATATAAAGCTTCTTTTGAAATAGAATCATTGGGAAGATCTTTTAATCTTCGCGCAGCGCGCACTTCAGCACTCGCAGTGAGAAAGATCTTTACATCAGCATTAGGGAATACCTTAGAACCCATATCTCTTCCTTCAAAAACACAATTACCTAATTCAGCATATTTTCTTTGCAGTTTGTGCATGAAAAGACGTACTTCAGGCAGTTGAGATAATTTTGAAGCCGCATTGGCAACTTCTTGAGTCCCTAGCTCTACAGATAGAAGATTTCCTTCTAAAAAAGCTTCCAAGGGCTGCCCAGAAACAAATGAAAAAGAAAATGGGGGGTTGTCAATAAGTTCTTGAATCGAGAGATGTTTCCATGGTTCACACAAGTGTGTGTAGGCCAGGGTACGGTACATTGCCCCTGTATTGCAGTAGTTGAAGTTTAAGTCCTTTGCAAGAGCCTTTGCTATTGTGCTTTTCCCTGTCCCTGAGGGGCCATCTATTGTAATAATCATCTGAGAAACATAGATTTTTGCGTAATCAAAAGTAGAATATACACAATAGGTGTAGAAAGTAGAAGAGAATCTAAAGTATCTAAAGTGCCTCCTACTGCTTTTAATTGGTTGCTATTTTTAATTTTAGCATCACGTTTAAAAATAGATTCTATAATATCGCCAAAAAATCCGCTAATTCCAAGAATCACACCCAAAGCAATCAAGATACTGGGCATAGTGATAAAATCAGCAAACCGCGCAGGAATTTGTAAGAAGAATGCTATACTAATTAAAGTCGCTCCAAGACATCCAGAGACGAAACCAACAATCGTCTTGTGAGGACTGATTTCAGGCGTAATTTTCTTTTGACCAAATGCTTTTCCGAAGAAATATCCGAAGATATCAGCTCCTTTTGTTGTGGCAATGAGGAAACTTGCCCACCAAACCCCTAAAAAGGGTTCCTTAGTATGAATGAAACCATACAGGATATACAAGAACAGACGTATAGGAATACCCACGTATAGCATAGAAAATAAGGTGATTCCTGAGGTTTCTAAGGGCCCACAGGTATTTTTTCTTGATCTAAAGACGTTAATAACGATCCAAACAAATAGGAAACACCAGGGGAGGGTTGAAACAAATTCAGGAAGTACATGATGCCAGCGAATCGCAATAAAGCTGGTTAAAACAAAAATAAAAGA
NZ_CP137547.1_gap22	809727	812886	3159	TTAACAGATAAGGAAGGGATTCTTAAGGTTTCTGATGAGCTTTACGCGCGTTTAAATAGGCTGGGAGTTTCAGAAGTAGAAATACGCAGAGAAGGGGATAACGTACATTTAAGTGTTCCTGGATCTACCAAAATTTCTTCCGAGGAAATTTTGGGAACTTCTCAAATGACTTTCCACGTAGTAAATGAAAAGTTCTCCCCCTACTCTGCTCTCCGTTATGAAGTCCAAAGGTTTTTAGACTATTTATGGTTTACAGCACAAAGTCAAGACGCTACTTCCCCGGAAGCAGTGAATAAGCTCGCGAGTTATATTTTTAACAATCCAGATTCCCGCTTACCCTCCAGTGTTCAAGAAGCAGTAGCCAAACTGCAACAGGAAGGTCTTGCTTTCCCAAACATGGATAGCGAGATTTCTTCATCGCATTTAGATACTACTTATTCAATGATCGCTATAGAAAAAGATGTTGAGGGAAAGGCAAACCCCTTAATGATTGTTTTCCGTAACTATGCTTTAGATGGTGCTTCGTTAAAAAATATTCGGCCAGAATTTGCTGTAGGCGAAGGGTACATTTTAAATTTCTCCGTAAAAGATACTGGAATAGCTCAAAAAGCCTACGATGTTTCTCCGAGAGAAAGTTTCCATGCATGGACTTCTACTTACTGTCAGGAAGGTATCAGTGGAACTGAGAATGGTCAGTATTCTTCAGGTAGAGGGTGGAGAATGGCTGTTGTACTTGACGGTTACGTAGTTAGTGATCCTGTGTTAAATGCTCCTTTGAAAGATCAAGCGAGCGTCTCCGGGAAGTTTTCCCATCGTGAGGTGAACCGCTTAGCTACAGATTTAAAATCAGGATCTATGTCTTTTGTTCCTGAAGTGTTAAGTGAAGAAGGTATCTCTCCTGAATTAGGAAAACAGCAGCGTACACAGGGAATCATTTCAGTATGCCTTGGCCTTGCTGTTTTGATCATTTTAATGAGTGTTTATTACAAGTTCGGCGGTGTCATTGCTTCCGGAGCTGTTATTCTCAATCTTCTATTAATTTGGGCAGCTTTACAATATCTCGATGCACCACTAACCCTCACTGGATTGGCAGGAATTGTCCTTGCTATGGGAATGGCTGTAGATGCTAACGTCCTTGTTTTCGAAAGAATTCGAGAAGAGTATTTACTGTCTCGAAGTCTTACTCAATCTGTAGAAGCTGGGTATAAGAAGGCTTTCGGAGCGATTTTTGACTCCAATCTCACGACTGTATTGGCTTCGTTACTTCTTTTAGTTTTAGATACAGGGCCGATTAAAGGGTTTGCTCTTACTTTAATCTTGGGAATTTTCTCCTCAATGTTTACAGCCTTATTTATGACGAAGTTCTTCTTCATGGTGTGGATGAATAAAACCCAAGAAACACAGCTACACATGATGAATAAATTCATCGGCATCAAGCATGATTTCTTGAAAGAGTGCAAAAGACTCTGGATGATCTCCGGAAGCGTGATTGCCTTAGGGTGTGTGGCTTTAGGTTTTGGCGCTTGGAATTCTGTTTTAGGTATGGATTTCAAAGGTGGTTATGCCCTTACCTTGAATATCGCTGATCAGAAATCGGTAGATGTGACAAATGTCCGCAGCAAATTGGGAGATAAATTTAAGCAAGTAGGGATATCTCCTAGAGACTTTAGAATCAAAACTTTTGGTTCTTCTGATAAGATAAAAATTTATTTTAGTCAGAACGCACTAACACGAGTGCAGACCCCAGAAAGACCCGCTATGGAAGCGACAGATCCTAACCTATCTATCGTGATGAATCTACTTTCCGATACGGGGATCGATATCTCTTCTGAAAATCTCAAAGATGTTCAGAATTTCTGGTCTAAAGTTAGCGGTCAGTTTTCTAATAAGATGCGACAACAAGCTTGCATAGCATTGGTAGGTGCCTTATTAATCATATTACTGTATGTTAGCCTGCGTTTCGAATGGCGTTATGCATTTAGTGCTATTTGTGCTTTGATTCACGATCTTCTTGCTACTTGTGCCGTATTAGTCGCTACGCACTTCTTCTTGCAAAAAATACAAATTGATTTACAAGCCATAGGCGCTTTAATGACAGTGTTGGGGTATTCATTAAATAATACCCTCATCATATTTGATCGTATTCGTGAAGATCGTCAGGAAAAATTATTTACACCTATGCCGATCTTAATTAACGATGCACTACAAAAAACTCTAGGAAGAACGGTAATGACCACAGCAACAACGCTATCGGTCTTGTTAATATTATTATTTGTTGGTGGAGGATCAATCTTTAACTTTGCTTTCATCATGACAATAGGTATTCTCTTAGGTACACTATCATCTCTATACATAGCACCGCCTCTTCTTCTATTTATGGTTCGTAAAGAGGAAAGAAAACAACAATAACCAGGAGTTATTGTTGTTTTTGGTTCAGAAGGATGAGAAAATGCTCTTTAGAAAGATAGATTTTTAAAGAGCTTTTACGACGCGAACATCTATGGCAAGTAAAGATAATTCTTCTGTATCTAATCCTACTTGGATATATCCTAAGTACGATCCCGCTCTACTTTCTTCTATTATAAAGGAGTTACATCTTCATCCGGTTGCTGCACAGACTTTTATTTCTCGAGGATTTCAAACGGTAGATGAAGTTCGTGATTTTCTTTATGTACATCTATCCAACCTGCATGATCCCGAACTTTTACTCGACATGTCAAAAGCTGTACAACGTTTGCTTCTCGCAAAAGAACGTGGTGAGCATGTCATGGTCTATGGAGATAGTGATGTTGATGGGATAACAGGCGTGGCTCTTCTTGTAGAGTTTTTGAGATCTATAGAAATGAAGGTTAGCTATTGTTTTTTAGGAGCATTCCTGAAACATTATGGCGAACCTTCTCTGTTGATTGCCAAGATGAAGGAAGAAGGCGTCACTTTGCTGATTACCGTAGATTGCGGGATTACTGCAGGGAAAGAAGTCAGTGATGTCAATAAGCAAGGCATTGATGTCATTGTTACAGATCATCATATGCCTACAGGTAAAATCCCTCATTGCATAGCAACATTAAATCCAAAGCTCAGAGATCATACTTATCCAAATAAAGATCTCACTGGTGTAGGCGTCGCTTTTAAACTCGCCCGTGGTGTTGTTAACGCGTT
NZ_CP137547.1_gap23	816296	819062	2766	TTTCTATTACACAAGCTGCAAAATTGCATAATGTAACACGTCAAGCGATTTATGTAGCAATCAAACAAAAGAAACTAAAGGCTTCTAAAACAACCCGGTGGGAAATCGATCTGAAAGATTTGGAAGACTACAAACGTAATCGGTATTCACGAAAGAAGTCGCTTTATCAAGGTGAACTACTCTTTGATAATGATAAGGGTTGTTATTCTGTGAACCAAGTCGCAGATATGTTAGGGATTCCTGTGCAAAAAGTATACTATGCTACACGTACAGGGACTATGCGAGGAGAGCGTAAAGGCGCTGCTTGGGTTATTAGCCAATCAGAGATCGATAGATACAAAAGCGAGTATTTAAATAAGCAAACAGCAAAGAAAGTTAAAGGCGTTGCAGTTGTTGAGCATGCTACAGCGAAATCAGAAGAAACAGTTTCTTCCGAGACTCTCCCGTTTGAGAACAACTAGTTCATAATTTGTCTTCTTCTGCTTCTTAGCCACTGCTTTTATCTCTTTCGCCTTATTAACATCTCGTGTTTTTTTAATTTTTCTGTTTAGATGTAGATAAATCAGGTCTGCGTGATTTTTCATAAAAACTCTGTAGCTTGATTAGGGATGCAGAGTTTGTTTTTTTCGTCTCTAATTTTGTTGAGACAACCTAGAGAAGGATTTCTCTTGAAGAAATAACTAGGTTCAAGGTATCAAGTCTCTTTCGTCTTAGGATTAAATGAGAATGGCTTGGGAAAACGTACGTGTTAGAGTTGCGCCGTCGCCTACAGGGGATCCCCACGTAGGGACAGCCTATATGGCTTTGTTTAATGCAATCTTTGCAAAACGATTCAATGGGAAGATGATCCTAAGAATCGAAGATACGGATCAAACACGTAGCCGTGATGATTATGAAAAAAATATTTTCTCCGCGCTGCAGTGGTGCGGGATTCAGTGGGATGAAGGACCCGATATAGGCGGCCCCTACGGCCCCTATAGGCAGTCAGAACGTACTGAAATCTATAGAAAATATGCTGAACTCCTTTTAAAAACAGACTACGCTTACAAGTGTTTTGCTACACCTAAAGAACTTGAGGAAATGCGAGCTGTAGCCACCACTCTAGGATATCGCGGAGGCTATGATCGCAGGTACCGCTATCTTTCCTCTGAGGAGGTAGACGCTCGTACTCGAGAAGGACAACCATACACTATTCGTTTGAAAGTTCCCCTTACCGGGGAATGCGTTCTTGACGATTACTGCAAGGGTAGGGTGGTTTTCCCCTGGGCAGACGTAGATGATCAGGTTTTGATCAAATCCGATGGCTTCCCTACATACCACTTTGCTAATGTCGTCGATGATCATCTCATGGGCATCACTCATGTCCTGCGTGGAGAGGAGTGGCTGAGTTCTACTCCTAAGCACCAGCTTCTTTACGAAGCTTTTGGTTGGAAAGCTCCTACTTTCCTCCACATGCCACTACTTCTTAATCCTGACGGGACAAAACTTTCTAAAAGAAAAAATCCTACGTCCATCTTCTATTACCGAGACGCTGGTTACATCAAAGAAGCCTTCATGAACTTTCTTACCCTGATGGGGTACAGCATGAAGGGGGATGAGGAGATCTATTCTCTAGAGAAGCTTATCGCAAACTTTGACCCTCGACGTATTGGAAAGTCGGGAGCAGTTTTCGATACCCGAAAACTAGATTGGATGAATAAGCATTACCTCACTCATGAAGGGTCGTCGGAAAGCCTATTAGCTAAGCTAAAAGATTGGCTGATCAATGATGAGTTTTTCTTGAAAATTCTCCCACTCTGTCAGTCTCGCATTACCACTCTTGCCGAGTTCATCGGATTTACCGGATTTTTCTTTTCCGTTCTCCCCGAATATTCAAAAGAGGAGCTGTTACCCACAACGATTTCTCAGGAGAAGGCGGCTATTCTTCTTTATAGTTATGTCAAATACTTAGAAAAATCCGATCTATGGGTAAAAGACCTGTTTTATCAAGGGTCAAAATGGCTGTCATCAGCTTTCCAAGTAGACCATAAGAAGGTCGTTATCTCTTTACTTTATGTAGCGATTACAGGAAAGAAGCAGGGATTACCTTTATTTGACTCTATGGAGTTATTAGGAAAACCTCGTACACGCGCCCGTTTGGTTCATGCGCAAAATCTCCTTGGAGGCGTACCTAAGAAAATCCAAACGACCATCGATAAAGTTCTGAAAGAAGAAGATCTAGAAAGTAAGATTTTCGAGTTTTAAGACTTTTTACTTAGCCATCACTCACAAATGAGATTTTACCCAACAGAACTAGATGTTTTGTGGGTAAGAGGCATGGAAAATGGACTTGGCTACAGAAAAGTCTAGGGAATTCGCTTGCTTAATTAGAGGGACCCGTCTTTGTGCAAGAATATAGCTACGAGGAGGGGGAGCGTAGGAACAGCTAGATACAAAGAGAGATAAAAAGAAAATACCATATACAAAAGAAAATCTTCTCATTTCTCAACTCCCTATTTGTTTAAATGTTAGAATAATTTTCTTTTTATTATCTATTAATTATCAGCAGGACTTTTATAATAAAATCATACATCTATGAATATGAATGATTTAAGGGGAGAAAAAAAGTTCTTCTTCATCACAATGACCTGAGCAAGTGGCTTATAATCAAGTTCTTCAGGCTTTCTTTATCACACAGTTGTCGCTATACAACTGTCTTTAACCAATCGCGTTAGTTTAACCTTAGTTTTGTTTTTTTCTACCGGTAAAACAATTAGTTTAAGAAAA
NZ_CP137547.1_gap24	827197	829440	2243	ATTCCTGAAGAACTTAAAGAAAAGTGTGCCAAACTTCGCTACGCTCTTCTCGAAGAGCTTGCTACAGTAGATGAGAGCAACGAAGCTTTCATGATGAAGGTTCTTGAGGATCCAGATTCGATTACAGAAGAAGAAATTCATAGCGTTATGAGGAAAGGGGTTATTGAAAATAAAATTAACCCTGTATTGTGCGGAACCGCTTTTAAAAACAAAGGGGTGCAACAACTCCTTAATGTTATCGTCAAGTGGTTGCCATCTCCTAAAGACCGCGGAACAATTCATGGAATTAACCTAAAAAATAACGAAGAAGTCTGCCTAGAACCTAGAAAAGACGGGCCTCTAGCCGCTCTTGCGTTTAAAATCATGACGGATCCTTACGTCGGTCGTATTACCTTTATTCGTATTTACTCTGGTACTCTTAAAAAAGGTTCAGCAATCCTGAATTCTACTAAAGATAAGAAAGAGCGTATCTCTCGTTTATTGGAAATGCACGCGAATGAGAGAACAGATAGAGACGAATTCACAGTCGGTGATATTGGAGCTTGCGTAGGATTAAAATATTCAGTAACAGGGGATACACTTTGCGAAGAAAATCAAGAAATTGTTCTTGAACGTATCGAAATCCCTGAGCCTGTGATTGACATGGCTATTGAGCCAAAGTCCAAAGGAGATAGAGAGAAGTTAGCTCAAGCATTAAGTGCTCTTTCCGAAGAGGACCCCACTTTCCGTGTAAGTTCAAATGAAGAAACTGGACAGACAATTATCTCCGGAATGGGTGAGCTACATTTAGATATTCTTCGTGATCGTATGATCCGCGAATTTAAAGTAGAAGCTAACGTTGGCAAACCGCAAGTATCTTATAAAGAAACGATTACTACAAATAGCAGCAGTGAAACAAAGTATGTAAAACAGTCTGGTGGTCGTGGTCAATACGCTCACGTTTGCCTCGAGATTGAACCAAATGAACCAGGAAAAGGAAATGAAGTTGTCAGTAAAATTGTTGGCGGCGTCATTCCTAAAGAATATATCCCAGCCGTTATCAAAGGTGTGGAAGAAGGGTTAAATACAGGCGTTCTTGCCGGCTATGGTTTGGTTGATGTTAAAGTGAACATTGTATTCGGGTCATATCACGAAGTGGATTCTAGTGAGATGGCGTTTAAGATATGTGGTTCAATGGCAGTTAAAGAAGCTTGTAGAAAAGCTGCTCCAGTCATTCTAGAACCTATTATGAAAATTGCAGTAATTACTCCTGAAGATCATCTAGGAGACGTTATTGGGGACTTAAATCGTCGTCGCGGAAAAATCTTAGGTCAAGAATCTTCTCGAGGTATGGCACAAGTAAATGCCGAAGTACCCCTCAGTGAAATGTTTGGGTACACAACATCTTTAAGATCCTTGACTTCCGGAAGAGCAACATCAACAATGGAACCTGCCTTCTTTGCTAAGGTTCCTCAAAAAATTCAAGAAGAGATTGTTAAGAAGTAAGGAATATATGAAGCAGCAAAAACAGAAAATCCGTATTCGTCTGAAAGGATTTGATCAAGGGCAACTAGATCGATCAACTGCAGATATTGTTGAGACTGCTAAAAGAACAGGCGCTCGTGTAGCAGGTCCTATTCCGTTGCCTACAAAGAGGGAAGTGTACACCGTGCTGCGTTCTCCTCACGTAGATAAAAAATCTAGAGAGCAGTTTGAAATTCGTACTCATAAGCGTTTGATAGATATCCTAGATCCTACAGGAAAAACTATAGATGCTTTAAAAATGTTAGCTCTTCCAGCAGGAGTTGATATTAAAATCAAAGCTGCATAAATTCATCTGACTCGGCTATGCATTTGTTAGAGAAATTTAAAGCTCAGAGAGTATCTCTTCTCTCAAGGGAGCTCATTTCTTGTTGCGATTCTGCTATTGCTTCTTCTGATGCAGGCCACGTTTATCAATTGCTCTTTAACACAACAGGCTCTAATCTGTCCTATAAGGTAGGGGATTCTCTTGGTGTATTTCCAAAGAATCCCGTGCATGTTGTTGAGAAGATCCTTGAGTGTCTAAGTTATTCTCCAAAACAACTAATACAATCTCGAGCATCTTCTCAGATTTCCCTCTATGATTTCTTGAGATGTCATACGAATGTAAATAAATTACCCCCAAAGCTGAAGTCTTTTTTCCCTGATCTAGAAGAGACGATGACTTTCTACGATGCAATACAAAAATACAAACCCCATATTCCTGTGGAATTGTTTGTAGA
NZ_CP137547.1_gap25	869609	871621	2012	ACGTTTATTTTTTACGACGTAAGAGGGGGTAAAAATTTGAATATGTTTAAGAACGTTACCACGAATATCCATGGAAAAGATATCTGGTTCGTCATAGTTCCCTTTGCCTTCAGGATCTACATAGAGATAGAATGGCTTACGGCGTTGAGTAAATAGTTGTGCTCCGTTTCCTGCTTCATCTGTTTGTGGGTAATCGGGGGAGGGCCCGAGAACAATCGTGAGAGTTTCTCCAGCTTCTAGTTCGTAGGGAAGGGTAAATTCATACTGTGGAACAGGACTATTGGGGATAGGAATGGCTACAGCAGGAAGAATATCCCCTTTAGGTGTTTCTAAGTAGATAGTATTCCGTGGTTGTTGGAGATCTGTGGAGGGAATTTCCCAGTCTATAGGTCTACCTTGACAGCCTAAGTCAAATTTGAGTTTTGTTCCTTCGGGGAGGTAGTCGACTAAAGAGTAAAGAAACTTCCATGTGGATATTTGCCCAGCTCTAGCTACGGAAGGATTAACATAACAAACAGATCTGCGCATAGTACAACATAGCGGGTTGGAATCAACTAAAGGGATTAGCATACACGAGGAAAATGTTTTTCTCAATCTTCGTCTTTGCTTAATGCTTGTAATGCTTCCTGCACAGTGTTGAACATTTTAAAATATGAAAGGAATCCGGTAACATATAGAGTTTGTTCTATTGTTTTCGGAACGCAAGTAAGAACGATTTTCCCTGAGTGTTTTCCTACTTGGTGGTAACTTTGTAAAAGGACACGAATGCCCGCACTGGACATATAATCTAAGTTTGTGCAATCAAGAACGATATTTTTGATTCCCGAAGATAGGGATTGTGAGATGTTTTCTTGTACTTCCGGAGAAGAGATCCCGTCAAGTTTTCCTTGAAGATGTAAGACAGCAGTGGTTCCGTGCTCTTCTTTTTGGATGTTATTCATTATCAATAATGCTCCCAAACCTATGGTGATTTCTCAAGACCTAACTCTGGTAAATCTATAGGTTTTTTGCAAAGAGATTTTTCTATTCTTTTGTTTCTCTGTATATTGTAGGAGTTTACGAAGGAGAGAACTTCTTTTTTCTTGGAGTGATTTTGAGTTTACCTACGCTGCGTTCTGAGCAGGTGATAATCTCGATATCAAAGTTTTCGTGATGGATTTTCATCCCTTTTTGTGGAACAGCACCGACTTTATGAAAAACGTGTCCTCCTAGTGTGTCGTAGCTATTTTCATGGTGAATCTTTAGATTAAAGTATTCTTCGGCATCGGAGATGTTCATACGCCCATCTACGATCCAAGAGTTCCCAACTTTTTTATAGGGAATATCTTCTTGAACATCATATTCATCGGCAATTTCTCCGAAAATTTCTTCAATGATATCTTCCATGCTGACGATTCCCTCAGTAATGCCATATTCGTTGACTATGATTGCTAAGTGGCGATGTTTTTGACGGAATTCTTGGAGTAAAGAGGAAACCTTTTTAATTTCAGGAGCATATAAGGGAGGTTTGGCAACTGAAGAGACTGGTAGTGAAGAGTCTACAGATTTAGGATAGACAGCGAGTAGATCTTTGACCAGGAGTACTCCGGTGATATTATCAATGTTTTTCTTGTATAGAGGAATGCGGCTATACCCTTCTTCTATGATTGCGGGAAAAGCGTTACGAATTGGGGTGTCTTCTTGAATAGCGAAGATGTCTACCTTGGGGATCATGATTTCTCGAACAATCAACTTATCAAATGACGATACGGCTTCAGAGAGTTGATTTTCCATTTCTGAGTTACATGTTTTAGGATGCTCCTCACCGTGATGAATATAACGTTGGAGGGGGCGAAAAAATGCCTGGAGTAATGAGGAGATAAAACACAGAACTGAGCTTGTTCCCTTGTGAAGTTTTATACAATAGGGAAGACAGCCGTAAGCCAGGGGGGCAGCAAGTATATACGTTGCCCAGAAAACCAAAGATAGACTTCTGGTGTTCCATGTGTATTGGGAGTAGATGGAAACGCCTA
NZ_CP137547.1_gap26	1048730	1053184	4454	ACGAAGAATAGCCTCGATAATTTCGTGATATTTCATAGGGATAAGCTCTGCCTCAGGATAAAATATCTTGCAGAGAAGGTGAGCAGTTGTTGTGATTCCAGGAGTTGCTATTGTTTGGATAGGTGCTTGAGGATCTAAAGCTAAAACTAAAGGACCTACTCCGTAGCCAATAATCGTCCCTACTTCCATAAGAATATAATCATCAGTGACTTTTGGGAGTAGTGCCGCTGATATTTTGACTAAAGAACAGCGGTGCTGTAAGGCTAATTCATTTAACGTTGAGATATCTGCTATCCTAATTTGATTTAACAAGGTGGATTCCTTATCCCGTTCTAAAAAAGAACGAAATAGGAAAATATCATTGGGGCAGGGTGAAAAAGCAGCTGAAAGTATCATGTCAATTGTTTCATTAAGTCAATAGCAGCTTTCATATCTTTATCTAAGTTCCCTTGGTTTTCTAACCATTGGATATAAGATGGAGGCACTTCACTTAGGGGTTTACCCTTGTATTTCCCAAAAGGCATTTTAAATGTTTTAGGGTGGTAACTTTCTTCCATTAAGGCAAGTACTTGCTCTGCGGAAAGATCTCCAATAAGTGCGGAAAATACATTATGCAGGGTAATGACATCGTCTAAAGCTCGGTGTGCTTGGTTTTCTGCAAACCCGTACACTTGACGGAGATATTGTAAATTGTGTTTAGGTAGGTCGGGCCGGTACTTTTGAGCCCATTTAAGCGAGTCTATTGTTTTTAGGGATAAAGGTGGTAAGGCATGTCGCCGACATTCCTTTTCAAGTAGTGGGAAATCAAAACTATCATTATTGTGTGCAACAAGAACAGCTTCATTCCCACAAAAGTCGCAGAAATGTTTATAGGCTTCTGGGAACTTAGGGGCTGAGATTACTGTAGATGTAGTAATACCATGAATCTTCGACGCTTCCTCAGGAATAGGAATTTCTGGGTTTACATAAGTGACAAAAGATTCTTTAGTTTTATGATTATAGGCAGCAATTTCAATAATACGATCCTTATCTATCTGTGTTCCTGTAGTTTCAGTATCGTAAAAAATGAGTGTTGTCATCAAATGTGCCCTAAGTTATTCATTTTTTTCTTGACGTGCTTGTTTTTTCAATTCATCAAGATTCATATTTCCTGAAGAGATCAAACCTATAGAGTGAGAAAAACTATCGCAAACTAATCGAATTGTGTCGATATATACACGTAATAATGTTTCGTTAATTTCACCTTTTAAGCAGGGAATAACTAAACGATAGAAAATGAGTCCCTGTTCTTCATCCATACCGAACCCAGGAATGTCCACATCTCTATTCAGTAAGTGGAGGAGCCGTGCTGTCGCTTCTTTTTGGTTATCATATAGCTGATAGGGAAAGTAGCATATCATCTGAAGGATTTCTCCTTCACTGCGAATCACAAAAAATAAGGGGAGTTCATGATCTTCAGCTTGAATGTTGATATAAGTTAAACCACTCTCTTTCTCTAAAAGAGGTTCTAATCCCGCACGTGTGAGATATTGTGATAAGTTATTTTGATTTAAAGACCATGTTGTCATTTAAAATACTCCATATTATTCATAATATGCGATTAAACTTCTTTGTCAGCCAAATTAGAGACACGAGAGTTGTCTATTTTCTTATTCTTATGCAATTTTTGAATGCTTTTACTAAGAAAAGCAGAGGTAGATGAAGATCGTTTTTTCTCATTTTGCTGCATGAGCTCGTTAATGTCCGTATCTGGAGGAAATTCTGAAAGTAGGGTAATTTTTTCTCCAGATTCCGCAATAACAAGAATTTTATTTACAACGCGAATGATGTAGATACAAGTTTTCGGGTTGATGGAGCGTCTATCAAGAATTTTTATTGTTGAAGAGTTTCCTAGCGCTTGACCCTTACTTCTTAAGAACTTCTTAAAAGCCCAAACTCCGATGCCAAATAAAGCAAGCAGTAGTGTTAAGGAACCCAGCATTTTAAACATTTCAAGTTTCATATTTTCTGGAAACATTCCTGGGAGATGCATTTGCTCGCTAGAAGTATCAGCAAGAGCAAGGTCGTCTATACAAAATATGAGGAAAGACAAGATTTTATCAGGCATGTTGGAGACTTTGTTGCGTTTCTATGTCGTCATAAACTAAGAAACAATTTTAAGTTAGGATGTTTTACGAACGAATAGTTTTCAATCCGTTCTTTATAAGTTAATGTTTGATTAGTTCCAAGAATAAATTAAACTGTAACTTTATGTGTTCCTGTCAGCGTGTATATTTAGATGATGAATTTTGAGTTTAAGGGGTATGTACTAAGATCGGTCTAGAAGGGTTTTTAATAGTTTCTTTCTTTATCATATTTTATATTGATTTTGTTCTTTATTATAGGCCTATTTTCATTCATGAGAATCAGGTTCGGTGAAAGGAGCAAAATAAGTTTACGGGGAGGGGTAAAGTTACTTATGGATAAATTACTCATTACGGATATAGACGGTACGATTACTCATCTTCCGCGTCATTTGGATGCTAAAATTATTCAGTATTTAATCCATCTCTATCATTCTGGATGGACGTTATTTTTTCTTACTGGCAGGTATTTTTCCTACGCGAATCATCTCTTTAAAGATTTCCCTGTTCCCTATTTATTGGGTTGTCAAAATGGTGCTTGTGTTTGGTCTTCGGTAGAGAATCAATTTCTTTATTTTCAAAATATTCCCCATGAAATTTTACCCGAGTTAGAAATGTGTATAGAGGATAGTGATGTCATTTGTTCTATAGAATCGGGTGCTCTGTATCAAGACCATTGTTATCGCCACGCTTATTGTCCTAGTGCGGAAGATCTTTTGCGTCACCTAAATCCTGTGTATTTCCCTAATACGAAAGACCGCGAGAGATTAGTAGAAACGAAAAAACTTTCTCAGGACTATCCCAATGCAACGTTTGCCGTTGCGAAAATATTTGGTAAGAAAAACGAGGTAGAAAAGGTTCGGGAGAGGATTATCCAATCGAAAGAGTTAGTTAATAATTTGACCATTACATTCATGCGTTGGCCGTTTGATTTTGACTATACCATTTTGTTCATGACTGATAAATCCGTCTCTAAAGGTTGTGCTGTTGATCGTGTGGTTGACATAGTTTATGAGGGACAGAAGCCCTTTATTATCGCTTCGGGAGATGATGCTAATGATATTGATTTGATAGAGCGTGGTGACTTTAAGATCGTCATGAGCTCTGCTCCGCAGCCGATGCATAGTATTGCAGATTTTCTTGCCTCCCCAGCGAAAGAACTAGGGATTCTTTCGGCATGGGAGGCAGGGGTGGCACAATACCACAGAATTAAGAATGCTTAGGAAGCATTTCAGGACCAACTCCCATGATACTTGCTCCATGATCTACATAGAGAGTTTCTCCGGTAATTGCGCTAGCTAACGGAGAAGCTAGGAAAGCAGCAACGGCTCCCACATGTTCTGTTGTCATAGGTTCAGGAATAGGGGTCCATTCTAAATAGTAATCGACCATTTTTTCGATAAATCCAATAGCTTTTCCTGCGCGACTGGCTAGAGGACCTGCCGAAATAGTGTTTACACGGACGCCCCATTTTCTTCCTGCTTCCCAAGCGAGCAGTTTTGTATCACTTTCTAAAGCAGCTTTTGCTGCGTTCATTCCTCCACCATATCCTGGAACTGCTCGAGAAGAAGCTAGGTAAGTTAAAGAAATACTTGTGCTTCCTCGAGGCATAATAGGTCCAAAGTGAGCTAATAAACTCACTAACGAATAACTTGATGAGCTTAATGCAGCTAAATAGCCTTTACGTGATGTTTCTAAAAGTGGTTTGGAAATTTCCGGGCTGTTTGCTAGGGAGTGGACTAAAATATCAATATGACCGAAATCTTTAGTAATGTGTTCAACAACCTCTGAGATAGTATATCCTGACATACCTTTATAACGTTTACTTTCTGCAACGTCTTCAGGAACATCTTCAGGTTTATCAAAACTTGCGTCCATAGGATAAATTTTTTTAATTTCTAAGAGGTTGCCATCAGATAACTTTCTAGACTGATTAAATTTCCCTAAATCCCAAGACTGCGTGAAGATTTTATAGATGGGTACCCAGGTTCCTACGATAATAGTGGCTCCTGCTTCTGCTAGTGCCTTAGCGATTCCCCAGCCATAACCTTGATCGTCACCAATCCCCGCTATAAAAGCCACTTTCCCAGTTAAATCGATTTTTAACATGCGTCAACCTTATTTCTAGTCTGCATTGATATTCTGAGAGGAGGGTAGCAGATTTCTTGATTATTACGAAACTCTTTGAAAATCCCTTCTCATTGCTCTGTGGCGATAGATTTTTTTTCTTAATCCTCTCAATGACAATTAAAATTTTTATTTACATTTTAGTTTCTCGAATATAGATTCTCAGCCCCTTGCGCAAGTTCGCAAGTCAAATCCTATGTTTAG
NZ_CP137547.1_gap27	1089781	1094757	4976	CCATCAGCAGGGCATCCTGAAGGGGTTGTATATGTAGCATGACGTAAACTCGTGCTATGCACTTGATGGAGATCACAAAAACGTTCAGCACCTAGAGCTTTACGGATCTCATCATTTTTAGGTACATAGACGTAGCCTTCTGCATCTGTTTGCTTAGGGAACAATCCATGACGTAGGGGGAGGTCGGAGAGCTCTGGGAAAGTTAGTTTATTTAGGTGGTTACCTGTAGTCGTAGATTGTGCCATAGCTAAAAATGTCTCATTCAGGATCTTTCCATACACCATGTTCTTTCAGAAGACTTACAAGCTCTTCTTCAGCTTTTTCCATGGGGATATGCGCTTTCACGCATGTGTGTTTGACATAGAGATCGATCATTCCGGTTTTAGACCCTACAAATCCAAAATCAGCATCTGCCATTTCTCCTGGGCCGTTAACAATACATCCCATAACGGCAATTTTTAATCCTACAAGATGTTGTGTTTTGTCGTGAATACGTTTTGTCACTTCAGGAAGGTCAAAGAGAGTTCTTCCGCATCCAGGACATGAGATATACTCGGTTTTTACTAAACGTACGCCAGCACTTTGTAAGGTGCCGAAGGCAATTTCTCGAACTGCGGTAAGTGGAATATTAGGAAGATCCAAAATTACAGCTTCTCCTAAACCATCCAGGAGTAGTGCTCCGAATTCTGTAGCTATAGCCACCGCTGCTTCAGATTCATCATCGAGATCTTTTGAAAATACCAATTTTACAGGTTGTTGCTCACATTCTTTATGTTCAAAGAACTCTCTTGTACTGTGAATAAACGGAGGTGAGGCGTGAAAATGCACGAAAGGCGCACTTAACACTTCCTCTTTGTTCCAGATCTCTTTGTTATAATCATAAAGGCAGGGTACTTCATGATGATGGAAAACAATGAAGTGCTCTTCTAATTTTTCAAGAATCGAAGTGCCAATAAAACTTTTTGGAACAACCACACCATCAGGAGCGGTGAACTCTTTTTTCCCATTTTTAGGGTTGATTCCTAATTGCTCAAGTAGATGTTCAACTGTGGTATTTAAGATATGATCTTCATTCAGTTTAACAAAAACACCATAAACAGATCCCCAAGGGGTTGTTTTTGTGATTTTCTTGGAAGCATTGACGAAACTTTCAGAATTTTCTAAAGCAAAAGGGTTATTTCTCTTAGGAAGATTCAGGTATGTCTCTGTATATTTTAATAAACTTTCACAAACAGGGACTTCTTGTGTCGGACACCCTGTTAAAGAACAACGAATGGTATCACCTAAACCTTCTGTGAGGAGAGTCCCTATACCAACAGCGGATTTAATAATCCCATCCATTCCCATTCCTGCTTCAGTAACCCCTAGATGTAGAGGATAATGCCAGCCACGGGCGTCAAGATCTTTAGCTAACTGACGGTACGCAGCAACCATGACTTTAGGGTTGCTAGACTTCATGGAGAAAACAACATCTCGGTAATCAAGCTTTTCACATATTTCAATATACTCAAGTGCCGAAACTACCATACCCTCAATGGTATCGCCATAACGTTGCATAACACGTTCGGAAAGAGAACCGTGATTCACTCCAATTCTCATTGCTTTCCCTAGACGCTTACATTTCTCAACAAGAGGAGAGAATTTTTCTTCTAATCGAAGAAGGCTGTCGGCATATTGTTTATCTGTATATGTTTTCCCCGTGAACATGTTGCGTTTATCAACGAAGTTTCCTGGGTTAATACGGACTTTGTCTACAAAATCTGCGACATGCATCGCTGCTTGAGGAAAGAAATGGATATCAGCTACAAGAGGAACATCTATGCCTAAGGCAAGCAAACGTTCTTTTATATGCTCGCATGCTTGAGATTCTTTAATTCCTTGTACGGTAACACGAACAATTTCACACCTAGCTTCTACTAAGGCACAGATTTGCTCAACCGTAGCGTCAACATCTGCTGTAGGGGTTGTTGTCATTGATTGCGTTTTTATCGAGTGGTCGCTACCTACATAAAGATTCCCAATTTTGACAGAATGCGTGTAACGTCTAACAGCTTGTTCTTGGGCTGGGGGATTGATCATAAAAACCTAAAATAGTTCTAAAAGGGCTGCTATAGAGAGGGCAAAAAGCGCTTTAAAAGCAAACCGAAAACCAAGTCTAGACTATTTGAGGGTATTCATCAAAAAGAAAAATATAAATTAAATAAAAACTTAACTTTCACAATCACATTTTTTGTTTTTAAAGTTTTTATTTGATTAGTTTAAAAAACTCATATTGATGAACTTATAGAATTTTAGGGCAGCCCAACCATTCTCTGAGATGAGAAAAGATAGAGGTTGTGCTGCTTTTGAGAAGAAAACCTTAATCGTCTTCCAAATCATCAATATCAATTTGTTTGTAAGATACAGGTTTGGGTTTGTGTAGAGGGTTGCTTCCTATACCGTAGAGACACACAGTTAGGTTATTCTCGGGGTCTTGTGCTATTTCAGCTAAGGCTGAGGATAGTGCTGTGGCAACTCTACTTTCAAAATCACTATCAAGTGGTGCAAACATGTCAATATAGGGGGCATCAAGCTGATTTTTAGGGAACAAAAGATCGTTTCCGTAAATGCTAATGCTGTGCACACCACTAGCTACTAGTGACTGAAAGAAACGAGAAAACATCTCTTTTTGACGGTCAAAGCTTTTCCTCCCATAAAGAGGGTGGCGTGTGTGCTCGAGTTGCTCATTATCTGTTTTTGGGTAATTTCCAAAGGGATTCCACGCACTAATCAGGTATTGAGGACTGTCATCTGTTGCAGATTCTGCGATATTGCTCCACGAACTGCGTGACCATCCTGCAGGTGTTTTCGGTGTTTGCGAAAATTCTGCTAAATTTGTATTCCAACCACGAGTTCCAATTTCTATTTTAAATAAATCTAAAGAACTATTCCGCATAGTTTCGGGACGCGTCAGATCTGCTTCTGGAGGTATGAAACATACCCGCGATACACCTGTGCCGCGATCCATAATAGGAGATAGGAATGATGGAGTTTTAAAAGTTACGAGTTTGACTTTGGAGTTGTTTTTTGCTGTAAAGACGTCGATATCTTCAACTCCAGGGGCTTGCATATTTTTAGGTAGTGATGAGCTCTCTGTGAAATTTGCTTTCAAAGAGTTGGCAAGATCGGAAGAAAGGAAGTCATAGGGCCTGTTTGCTTCTAAAGCGCTTTCTATTTTCCCCCTAATATCTTTTTTCATTTTGCTGGGTAGAAGCGCAATGGAGGCTCCTAATAAAATAGTTCCTAAGGTAACGCCAATAGCTGTAGCAATCACTAGGCCAGGGGCTCCAAGCACTCCGAGAGTAATCCCACAGGCAATTCCTCCAGCTAAAGCAAGTCCGCCTATGATCGCAAGCACTTTTCGAGTAGTCTCTCGAGTGTTTGGGTTATATAAAACCCTATTCAGATAGCCTTTTACGGGGAATCTGTCCTTAGGATTTAAATTAAATAGTTGGTGTGGGGGTAATGGATGATTACCCGAGGGAATTTTTTCATGTGACATAATTAAAATTATAAAAATTTTTTTAAATAAAAGTAATAGTTTTATTTATATTATTTATTGTCTATTGAAAATGAGTGATTTACAATATTGAGTATTTCACAATGGAAGTCCTAATCCCGGGGAACTCACAATAACAACGTTCATAATGGTGTCAGGCTGTGAGGTTGCAAAATTGATTAATGCAGCAACCAAACCTGTTTGTATAGCAGCCTTCCAATCAGCTGCTACTTGAGGATTTGAGGAGAGCTGAGTAGGCGCAGTGGAAATTAGGGGAATTTGAATCATGTCCACACCTTGTCTGATAGCCTCGTTTAGGCAATTAGTATACGTAGCTTTTGCCAGGGCAAAAGCAATCACGGGATGGTGATTATAGAGTTCAGGATCAAGCTCCTGAATGATGCCTAGGAAATTAGGTAATCCTAGTTGTTTCTTGTTGCTAGAGCCATCAGAGTTTTTCCATGGTATGGAGATACATTGACCTTCCTGCATCTCTATAGGAATTTCGTCAGAGATGTTTAAAGTGCATAAGTCTGAAAGGAGTGTATTCCGTTCTAATACGATCATGAGGTTGCAACAGCAATGCACACGTGGGGAATAAACGGTTCCTGTAGTTGCAAAGAGAACGGTTTTTGAATTGTTAATTTTCCAAACCTTATTTAATAGGGAAGGGGTAGTTTCTCCGAAGATGCGCGGTAAGGTGTTCCACATATTCACTACTTCACAGTATTGTTCTAAAATTTTTGTATGTTTTGTGTTTTCATTGATTTCAATTAAGAATGGCGTACCTAGAAGAGGTGTAACATCTTTTTGTTGTAATTTCTGTTGAGAGGTTCTCCTAAGAAGAAATAGAGACGCAATAACAAGAGGAATTGCGAAGGCGCAAATAGAGAACAGAGGGAATATTCCTGTAACTAAAGAAGAAATAATAGCTCCGAGTATAGCTAAGTACGCGAAGACAAGCATAATAATAATCGGGAGGATTCTTGATACTATGCTACTTTTTTTGGGGGATATTTCGGGGTAGGATTGTATGTGTTTGAAAGATGCGGTAGTGAGATCGGATATCATATTATGGTAGAGAAGGATGCTTGGATTTTTGAGCCGTCTTCGCGATATCGTGAAAAAATACTCAGTTTAAAGTAGAGACGAAGATGCTCTCAATTTTATACATCTTTTTCTTAGTGTTTATGTTTTGCTATTCAATGTTATCGATATAGTAAAGATAATACAACAAAGTTGGCAACTTAGATTTTATTCAGAAGTTGAGCTGCTATAATTCATCTCAAATGTGCCTTGCAAGCCCTTTTGTACGTTTATTCAAAGTACTTATAGGTAGAAATATAAACACACCATCAGCACGTTTTCTATAAGAAAATGTCTTGGGATTTTGCTTCTAGGAGCAATAAGAGAGGATCTTGGGGTTATGATGCCATAG
NZ_CP137547.1_gap28	1136187	1138174	1987	TGTTCGCACGTTAAATTTATCTTCAGAAGAGCAGATACAACTCAAACCTTATCCCTTTTTAACAGCAAAGCCTATGTTGTATATAGCGAACATAGGTGAGGATTCAATAGCAACGATGCACAATGATTATGTTGCTGTTGTTGAAGAAATTGCCAGAAAGGAAAATGCTCCTGTTGTTCCTATTTGTGTACAATTAGAAGAAGAAATCATTTCGCTTCCTGTAGAGGAACGGAAAGACTTTTTAAATAGTTTAGGGCTAAAAGAATCGGGATTAAATCGCTTAGTTCGTGCTGCTTATCATACACTGGGATTGATTTCTTATTTTACAACTGGACCACAAGAAACCAGGGCTTGGACTATTCCTATAGGATCTACAGCTGCGGAAGCTGCAGGCCAGATTCACACCGATATTCAAAAAGGGTTTATCCGAGCCGAAGTTGTGACTCTTGAAGATATGATCACCTATGGAAGCCGTACAGGAGTCCGCGAAGCTGGCAAATTACGAGCAGAGGGTAGAGACTACATTGTGCAGGACGGCGATATTATGCTTTTCTTGCATAATTAGTAGAGAAGAATGCTTTTGCACTCTCTATATCCTTTTGAATGGCTTGAGATAACATTTCTCGAGAAGAGAATTTTCTTTCTTTGCGGATAAATTTCTTAGGGATTACAGAAACAGTCTCGCCATACAAGTTCCCAGAGAAACCAAAAAGATGCGCTTCTAAACATAACGAATTTCTTCCCACTGTAGGAGCCTTCCCAAGATTCATAATCCCTTGATATATCGTAGTGTGATATTCTATTTCGCATGCATATACTCCGAGAGGAAGCAGACATTGATCCTGAGGAAGATTAATTGTAGCAACCCCTAACTGGGTTCCTAAACCATAACCCGCCTCGATTTTCCCAACATATTTATATGAGTGCCCTAAATGGCGATTAGCGTTATCTAAATCACCTTCCATCAAAAACTGACGAATCCTTTTGCTAGAGACAATCTCTTGATCTATCTTGTGAGGAGCGACTTCTATAATTTCTATTCCTAGAGAATTGGCCAGAGGTTGTAGTGTTTTAGCGTTTCCTTCCCTTCCCTTACCCAATCTAGAGTCATATCCCAAGATTAAACGTCTACATCTTAATGTTTGATGCAGGGAACGTATGAAGCTTTCAGCAGATTGATTAGCAAACTCTTGTGTAAAGGAAAGAATACACAAGTAGTCTATAGGAAAATCTTGCAAAAGGAGAAGGCGTTCTTTTGTACTTGTAATTAACTTGGGAGTGGGTGACTGTAAAACCGCATGAGGATGTAAGTCAAAAGTAATCACTCCTGACAATCCTGGATAGGAAGATAAAACAGTCAGTAATTTCTTGTGACCTAGATGACAACCATCAAAAAAACCTATAGTTATAGAATCCACAGAGCGGGGAATCGATGTCAAACTATAGAATATTTCCATTAAAATCTCTTAGGTAAGGAGATATATCAAAGTCAGGACAGTCTAAAAGACAGCCATCAATACATTGATCTATAGAAAAACTACCACTACGTAAACGCCTGAGTTCTTCCAAATAAGCTCCACAGCCTAACATGTTTCCTAGTTCGTGAGCAATACTACGAATGTAAGTTCCTTTGCTACATTGTACAGAAAAATGTAGCAGGGGATATTCATATTTTGTAATTTGTAGGCTCACTTGAACCGTAGATTGGCGACGTTCTATTGATAATCCCTTTCGGGCATATTCATAGAGCTTTTTCCCGTTAACTTTTTTTGCAGAAAACATGGGGGGGATTTGTTGAATTTCCCCTTGGAAATACTGCGAAGCTTCTAGAATTTCTTCATAGGTAGGGACCTTTTTTGACCTACCAACAATTTTCCCATCGCAATCATAAGAATCTGTAGTTGTCCCTAGGTGAGCAACTGCAGCGTATTCTTTATCTTCAAATAATAAAACATCTGAAAGGCGAGTGAATCTACGGCCGATCAAC
NZ_CP137547.1_gap29	1149429	1149929	500	TGCCTTTTCTTATAGCTATGTTTGATTTATTGAAATCCTCGTTCCTTCTTCGTGGTGCCTCTTTCATTCCAGGATGGATTGATAATTTAACAGCTCCAGATGTTTTATTCTCTTGGACTACACCAGTTTGGTTTATTGGTAACGAATTTCATCTTCTTCCTATCCTGTTAGGGATTGTCATGTTCGTCCAGCAAAAGCTTTCAGCTTTGAAGAAAAAAGGACCTGTTACAGATCAACAAAGGCAACAGGAAGCCATGGGGACGATGATGGCTCTTTTGTTTACCTTCATGTTTTACAATTTCCCTTCAGGTTTAAATATTTATTGGTTTTCTTCTATGCTTCTTGGATTGATCCAGCAGTGGGTTACTAATAAGATTTTAGACAGACAGCATCTTAAAAATGAAATCACTGTTAATAAGAAAAAGCAAAGGTAACAACTGAAAAAAAAGCTTTTTTATATTAAAAAAGATATAAGAAAACTATTTAGATGAGATAGTTTT
