gap_id	start	end	length	sequence
NZ_CP061961.1_gap1	2933	7164	4231	CAAGGTGCGTATCGACGGCACCGACGGCCACAAAGTGGCGGAGCTGGCGCACCTGATGCCGATGCAGCTGATTACGCCGGAGGGGTTTACTTTACTCAACGGCGGCCCCAAATACAGAAGAGCATTCCTTGACTGGGGATGCTTTCATAACGAAGCCGGATTCTTCACCGCCTGGAGCAATCTGAAGCGCCTGGTCAAGCAGCGCAACGCCGCGCTGCGTCAGGTCAGCCGCTATGCCCAGCTGCGGCCTTGGGATCTGGAATTAATCCCGCTGGCGGAGCAGATCAGCCGCTGGCGTGCCGAATACAGCGCCGCTATCGTCGAAGACATGGCGGATACCTGTCAGCAATTTTTACCGGAATTCACGCTCACCTTCTCTTTCCAGCGCGGCTGGGAAAAAGAGACCGACTACGCGGAGGTGTTGGAGCGGAATTTCGAGCGCGACAGAATGTTAACCTACACCGCCCACGGCCCGCATAAAGCGGATTTTCGCATTCGCGCCGACGGGGCGCCGGTGGAAGATACCTTGTCGCGCGGGCAGCTTAAGCTGCTGATGTGCGCCCTGCGTCTGGCGCAAGGAGAGTTCCTCACCCGCGTCAGCGGGCGGCGCTGCCTGTACCTGATAGATGATTTTGCCTCGGAACTTGATGATGCCCGCCGCGGTCTGTTATCCAGCCGCCTGAAAGCGACGCAGTCGCAGGTTTTCGTCAGCGCGATCAGCGCTGAACACGTTATGGACATGTCGGACAAAAATTCGAAGATGTTCCGCGTGGAAAAAGGTAAAATAACGGATTAACCCAAGATTAAATGAGCGAGAAACGTTGATGTCGAATTCTTATGACTCCTCCAGTATCAAAGTCCTGAAAGGGCTGGATGCGGTGCGTAAGCGCCCGGGTATGTATATCGGCGACACGGATGACGGCACCGGTCTGCACCACATGGTATTCGAGGTTGTGGATAACGCTATCGACGAAGCGCTCGCGGGTTACTGCAAAGATATCGTTGTCACCATCCACAGCGATAACTCCGTCTCCGTCCAGGATGACGGCCGCGGCATCCCGACCGGCATTCACCCGGAAGAGGGCGTCTCCGCAGCGGAAGTTATCATGACCGTCCTGCACGCTGGCGGTAAATTCGATGATAACTCCTATAAAGTTTCCGGCGGTCTGCACGGCGTAGGCGTCTCGGTGGTTAACGCCCTGTCGCAGAAGCTGGAGCTGGTTATCCAGCGCGATAACAAAGTTCACAAGCAGATGTACGAACACGGTGTGCCGCAGGCACCGCTGGCCGTGACTGGCGAAACCGACAAAACCGGCACCATGGTGCGTTTCTGGCCAAGCCTGGAAACCTTCACCAATGTCACCGAATTTGAATATGACATCCTGGCGAAACGCCTGCGCGAGCTGTCGTTCCTGAACTCCGGCGTCTCTATCCGCCTGCGCGATAAGCGCGATGGCAAAGAAGACCATTTCCACTACGAAGGCGGCATCAAGGCGTTCGTTGAGTATCTCAACAAGAACAAAACGCCGATCCACCCGAATATTTTCTATTTCTCCACCGAAAAAGACGGTATCGGCGTGGAAGTGGCCCTGCAGTGGAACGACGGCTTCCAGGAAAACATCTACTGCTTTACCAACAACATTCCGCAGCGTGACGGCGGTACTCACCTCGCCGGCTTCCGCGCGGCGATGACCCGTACCCTTAACGCCTATATGGACAAAGAGGGCTACAGCAAAAAAGCGAAAGTCAGCGCCACCGGCGACGATGCGCGTGAAGGCCTGATTGCCGTGGTATCCGTGAAGGTGCCGGATCCGAAATTCTCCTCGCAGACCAAAGACAAGCTGGTCTCCTCCGAGGTGAAATCGGCGGTGGAGCAGCAGATGAACGAACTGCTGAGCGAATACCTGCTGGAAAACCCATCCGATGCGAAAATCGTGGTCGGCAAAATTATTGACGCCGCGCGCGCCCGTGAGGCCGCACGTCGCGCCCGTGAGATGACTCGCCGTAAAGGCGCGCTGGATCTGGCAGGCCTGCCGGGCAAACTGGCGGATTGCCAGGAGCGCGACCCGGCGCTGTCCGAACTGTACCTGGTGGAAGGGGACTCCGCGGGCGGCTCTGCTAAACAGGGTCGTAACCGCAAGAACCAGGCGATCCTGCCGCTGAAGGGTAAAATCCTTAACGTTGAGAAAGCCCGCTTCGATAAAATGCTCTCTTCCCAGGAAGTGGCGACGCTGATCACCGCGCTGGGCTGCGGTATCGGTCGCGATGAGTACAATCCGGATAAACTGCGCTACCACAGCATCATCATCATGACCGATGCGGACGTCGACGGCTCGCACATTCGTACCCTGCTGTTGACCTTCTTCTATCGTCAGATGCCGGAGATCGTTGAGCGCGGCCACGTCTACATTGCCCAGCCGCCGCTGTACAAAGTGAAGAAAGGCAAGCAGGAACAGTACATTAAAGACGACGAAGCGATGGATCAGTATCAGATCTCCATCGCGCTCGACGGTGCGACCCTGCACACCAACGCCAATGCGCCGGCGCTGGCGGGCGAACCGCTGGAAAAACTGGTTGCCGAGTTCAATGCCACCCAGAAAATGATTGGCCGCATGGAGCGCCGCTTCCCGAAAGCGCTGCTGAAAGAGCTTATCTATCAGCCGACCCTGACCGAGGCCGACCTGGCGGACGAGCAGAAGGTGACCCGCTGGGTGAACACCCTGGTCTCAGAGCTGAACGAGAAAGAACAGCACGGCAGCCAGTGGAAATTCGATCTCCACGAGAACAAAGAACTGCAGCATTTTGAGCCGGTTATTCGCGTACGTACCCACGGCGTGGATACCGACTATCCGCTGGATAACGAGTTCATTATGGGGCCGGAATATCGTCGTATTTGTGCCCTGGGCGAGAAACTACGCGGCCTGATGGAAGAAGATGCTTACATCGAGCGCGGCGAACGTCGTCAGCCGGTAGCCAGCTTCGAGCAGGCCCTGGACTGGCTGGTGAAAGAGTCCCGTCGCGGTCTCTCCATCCAGCGCTATAAAGGTCTGGGCGAGATGAACTCGGATCAGCTGTGGGAAACCACCATGGATCCGGACAGCCGTCGCATGCTGCGCGTGACCGTCAAGGATGCCATCGCTGCCGATCAGCTGTTCACCACCCTGATGGGCGATGCCGTTGAGCCGCGTCGCGCGTTTATCGAAGAGAATGCCCTGAAAGCGGCGAATATCGATATTTAAGCCGCATGTTTCCCGGTAACGAGTTTTACCGGGGCAACAGGATGTATAAGCCCGGTCGCATCGCGCGATCGGGCTTTTCTTTTGCCGCTAAAAGAGGAATCCGCTGCTGCGGTTCCATCCCCCTTTCTGGCCGACACTTTTACTGTTTTTTGAGCGGAATCGCGTTAGCATGAGGGGAGACTCATCTTACCCGGGGACCCTATGGCTATTAAACTGATTGCAATCGATATGGACGGCACGCTGCTGCTGCCCGACCATACCATCTCTCCAGCGGTGAAAGCCGCCATCGTCGCGGCGCGCGAGCGCGGTGTTAACGTGGTGCTGACCACCGGTCGCCCTTACGCTGGCGTCCACAGCTATCTGAAAGAGCTGCATATGGAGCAGCCGGGTGATTACTGCATTACCTACAATGGCGCGCTGGTGCAGAAGGCTGGTGACGGAAGCACCGTCGCGCAAACCGCGCTGAGCTATGACGACTATCGCTTCCTTGAGCAGCTCTCCCGCGAGGTCGGCTCCCACTTCCATGCGCTGGATCGCAATACGCTGTATACCGCGAACCGCGATATCAGCTACTACACCGTCCACGAATCCTATGTGGCAACCATTCCGCTGGTGTTCTGCGAAGCGGAGAAAATGGATCCTGAGATCCAGCTGCTGAAAGTGATGATGATTGATGAGCCGGCAATCCTCGACCAGGCCATCGCCCGTATTCCGGCGGAAGTGAAAGAGAAGTACACCGTGCTGAAAAGTGCGCCTTACTTCCTCGAAATACTGGATAAACGCGTCAATAAAGGCACTGGCGTGAAGTCGCTGGCCGATGCGCTGGGCATCAAGCCGGAAGAGATTATGGCGATTGGCGATCAGGAAAATGATATCGCGATGATTGAATTTGCCGGCGTCGGCGTGGCAATGGATAACGCCATTCCTGCGGTCAAAGAAGCGGCGAACTTCATCACCAAATCGAACCTTGAAGATGGCGTTGCCTTCGCCAT
NZ_CP061961.1_gap2	8448	13240	4792	TGGTCTGCCCGACAGGCAGCCAGGCCGAGGCGTTCAGCCGCGAGAAAATCGACGGCTGGCTGCAGCATCTCGGCGCCAGCGATAAGTTCGACGCCAGCAAAGGCATCGACTGGGGTGTGATGCCCGGTCCGTTCTATACGCCGGAACTAGGGTTGGGCATTGGCACCGCTGTCGTCGGCCTGTATCGTCCCGACCCGCAGGATACCACCAGCCAGAACTCGACCCTGACGCTCAGCGGCTACGCCAGCTCTACCGGCGCCTTTGGCCTCAGCGTGAAAAACTACACCTTTTTCGATCGTGATCTGTGGCGCGTTTTTGTCGACGGGTCGATAGCCAATACGCCCACTTATTATTGGGGGCAGGGTTTTCATGCCGGGGATAAAGACAATGAAAAAGAGAAGTATACCGCCCAGGTACTGACCCTGCGACCCACCCTTTATCGGCAGCTTATCGATCATGTTTATCTCGGGGCGGGATGGTCGCTGGCGGCGCAGAATGCCGATGAGATGGACCATGACGATCGGCCGAAGATAGAAAACACTCCACAGGGGCCGTCGGTATTCAGCTCCGGTGCCAGCATCGATATTAACTGGGACGATCGCGACTTTGTCCCTAACCCGCGCCGGGGTCAGTATGCCAACCTCCGCTATACCCACTATGCGCCCGGATTAGGTAGCGATACCCGCTTTGAGGAATTTCAGCTGCACTATAGCCATTATCATGCCCTGAGCGAGAAAAGCGTGCTCGCCTGGGAGGCCGATGGCGCCTTCACCCAGGGCGAGGTACCGTGGAGCATGATGCCGCTGCTCGGCAGCGATGAACGGATGCGCGGCTACTACCAGGGGCGCTACCGGGATAAAAAGGTCGTCAGCGGCCAGCTGGAATACCGCCGGCAGCTCACCTGGCGGCACGGGATTGTCGCCTGGGCAGGAGCGGGAACCATGGGGCCCTCACTGTCGTCGCTGAATAATGGCCGCTGGCTGCCTTCGGCGGGCGTTGGCTACCGCTTTGAATTCAAACCTCGCGTTAATGTTCGCCTCGACTACGGTATCGGCAAAGGCAGCAGCGGCTTTTACTTCCAGGTCGGCGAAGCGTTTTAACGCCTCCTCCCCTTAATTTTCTCTCTTATCGCCTCTTGCCAGGGCCGCTGCGCTTTAATTTTCATGAATTGTTCTTTTTGTGATCCAAATTGTAGTACAACACAATAATGTTGTACTACATTACGCTCATGTTGATAACGTACAGCATCACGTTAGTAGTACAAACATGAGGCGAAATTCAGCAGCGACGGTAAAGTAGAGCAGTACACATAGAGCACAAGGACTCTCCATGACTCTCAATAAGACCGATCGCATTGTGATCTCGCTGGGCAAACAGATCGTCAGCGGTAAATACGTCCCGGGTTCGGCGCTTCCGGCCGAAGCGGAACTCTGTGAGGAGTTTGAAACCTCGCGCAACATCATTCGTGAAGTGTTTCGTTCCCTGATGGCGAAGCGGCTGATTGAAATGAAGCGCTATCGCGGCGCGTTTGTCGCTCCCAGAAACCAGTGGAACTACCTCGACACCGAGGTGCTGCAGTGGGTACTGGAAAATGACTATGACCCGCGTCTTATCAGCGCGATGAGTGAAGTGCGCAACCTGGTTGAACCCGCCATTGCCCGTTGGGCGGCGGAACGCGCCACCTCAAGCGATCTGGCGGAAATCGAGTCGGCGCTCAATGACATGATCGCCAACAACCAAAACCGGGATGCCTTTAACGAAGCGGATATTCGCTACCACGAGGCGGTGCTGCAGTCAGTACATAACCCGGTTTTGCAGCAGCTTAGCGTGGCGATCAGTTCGCTGCAGCGGGCGGTATTTGAACGGACCTGGATGGGCGATGAAGGCAACATGCCGAAAACCCTCCAGGAACATAAAGCGCTATTTGACGCCATTCGGCATCAGGATAGCGACGCGGCGGAGCAGGCGGCGTTGACGATGATCGCCAGCTCGACACGAAGGCTCAAGGAAATCACATGACGGCTCGCTACATCGCAATAGATTGGGGATCGACGAATTTACGCGCCTGGCTTTATCAGGGCGAAGAATGCCTGGAAAGCAGGCAATCTGAAGCTGGCGTAACGCGCCTGAACGGTCGCTCTCCCGCTGCGGTGTTAGCGGAAATTACCCAACACTGGCGCGATGGCGCCACACCGGTGGTGATGGCAGGGATGGTCGGCAGCAACGTGGGCTGGAAAATCGCCCCCTATTTGCCGCTTCCTGCCGCTTTCTCGGATATTGGCCAGCAGTTAACTGCCGTTGGCGACAATATCTGGATAATTCCCGGCCTTTGCGTTTCCCGTGACGATAACCATAACGTCATGCGTGGGGAAGAAACGCAGCTGCTGGGCGCTCGCGCCTTAGCCCCTTCGTCTGTCTACGTGATGCCGGGAACCCACTGCAAGTGGGTACTTGCCGATCGCCGGCAAATTCACGATTTTCGTACTGTTTTGACCGGTGAATTGCATCATCTGTTGCTTCAGCACTCGCTGGTGGGCGCCGGCTTACCGCCGCAGGAAACGTCCGCTGCCGCATTCGCGGCAGGTCTGCAGCGCGGTATCAACAACCCCGCCGTCCTGCCGCAGCTGTTTGAAGTTCGCGCTTCGCACGTGCTGGGCGCGCTGCCTCGCGAGCAGGTTAGCGAATTTCTTTCCGGCCTGCTGATTGGCGCTGAAGTTGCCACCCTCAGCGACACATTCGCCGGACATCAGGCGATCAGTCTCGTCGCTGGGTCATCGTTAACATCCCGCTATCAGCAGGCATTCGCCGCCATTGGCCGCGAAGTCAGCGCGGTTGCGGGCGATACGGCATTTCAGACAGGAATAAGGAGCATCGCTTATGCAGTGGCAAACTAACCTTCCACTTATCGCTATCCTGCGCGGTATTACGCCAGACGAGGCGCTGGCTCACGTTGGCGCCGTTATCGAGGCCGGTTTCGACGCGGTTGAAATCCCGCTGAACTCGCCGCAGTGGGAGAAAAGTATTCCGCAGGTCGTCGACGCTTACGGCGAGCAGGCGCTTATCGGCGCGGGCACGGTGCTGCAACCGGAGCAGGTCGACAGGCTGGCGGCCATGGGCTGTCGGCTGATTGTGACGCCAAACATTCAACCGGAAGTGATCCGGCGAGCGGTGGGTTACGGCATGACCGTGTGTCCAGGCTGCGCCACCGCCAGCGAAGCCTTCAGCGCCTTAGATGCCGGTGCCCAGGCGCTAAAAATTTTCCCGTCATCGGCTTTTGGCCCGGATTACATCAAAGCGTTGAAAGCCGTGCTGCCGCCCGAGGTTCCGGTCTTTGCCGTTGGCGGCGTGACGCCGGAAAACCTGGCGCAGTGGATTAATGCCGGCTGTGTTGGGGCAGGATTGGGTAGCGATCTCTATCGTGCCGGCCAGTCGGTTGAACGTACCGCGCAGCAGGCAGCCGCATTCGTAAAAGCGTATCGAGAGGCAGTGAAATGAAAATAACCAATATCACCACGTACCGTTTACCTCCGCGTTGGATGTTCCTGAAGATTGAAACCGATGAAGGCATCGTCGGCTGGGGCGAACCGGTGATTGAAGGCCGCGCCCGTACGGTGGAGGCAGCCGTTCATGAATTTGGCGATTACCTGATTGGTCAGGATCCGGCGCGGATTAATGACCTGTGGCAGGTAATGTACCGCGGCGGCTTTTATCGCGGCGGCCCGATTATGATGAGCGCCATCGCCGGTATTGATCAGGCGCTATGGGATATTAAAGGTAAGGTCCTGAATGCCCCGGTGTGGCAACTGATGGGCGGGCTGGTGCGCGACAAAATTAAAGCCTATAGCTGGGTGGGCGGCGACCGCCCCGCCGAAGTGATTGACGGGATTAAGAAGCTGCGCGGCATTGGTTTTGACACCTTTAAATTAAACGGCTGCGAAGAGATGGGTATCATTGATAATTCCCGCGCGGTTGATGCCGCGGTGAATACCGTGGCGCAAATCCGCGAAGCGTTTGGCAATGAAATTGAGTTTGGTCTCGATTTTCACGGCCGCGTTAGCGCGCCGATGGCTAAGGTATTAATTAAAGAGCTGGAGCCATATCGCCCATTATTTATTGAGGAGCCGGTATTAGCCGAGCAGGCGGAATATTATCCGCGGCTGGCGGCGCAAACCCATATTCCCATTGCCGCCGGCGAACGTATGTTTTCGCGCTTTGAATTTAAACGGGTCCTGGAAGCGGGCGGGGTGGCTATTTTACAACCCGATCTGTCGCACGCAGGCGGTATTACCGAATGCTATAAAATTGCCGGTATGGCGGAAGCCTATGACGTTGGGCTGGCGCCGCACTGTCCGCTGGGGCCGATCGCGCTGGCAGCCTGTCTGCACGTCGATTTCGTTTCGCATAACGCGGTCTTCCAGGAGCAGAGCATGGGGATCCATTACAACAAAGGCGCCGAACTGCTTGATTTTGTGAAAAACAAAGAAGATTTCAATATGGAAGGCGGCTTCTTTAAACCTCTGATGAAGCCGGGGCTGGGCGTGGAAATTGATGAGGCCCGCGTGATTGAGTTAAGTAAAAACGCGCCGGACTGGCGAAATCCGTTGTGGCGGTATGAGGATGGATCTGTCGCCGAATGGTAAATGCGCGTCATACTTCGCACTGGTGATGCGTTGGCTGCATTTTCTTACCCTGGTCACATACTATTGTATGCTCCCAGGGATGCGAAAATTTGCCGCCTTTCCCCAGCACGAATTATTTAGCGCATCGCAACATAGTTATTAATAAAAAACAA
NZ_CP061961.1_gap3	59505	61854	2349	GGGCTATCGCCCCGGTGAGAAAATTGTCGCTGCTCCCCCGGTTTACTGTTTCGAACCGCACCAGCCGGAGCAGTGCAACTGGAAACCCGATGTGTTGCTGGACATCACCGCCGTCTGGGAGAAAAAGTATCAGGCCATTCAGTGCATGCAGGGTCAGGAGCATCTGTGGGAATACTACACCCGCGTGGCGCTGCAGCGCGGGGTGCAGGCCAAGCGCAATATCGGCATCACGGCCGCGCGCGATATCGTTCACGGCGAAGCCTTCCAGAGCATCTTCCCCCGCGTAACGGAGAACCTGGCATGAACCTGTTAAATAAAAAAGGCCTTGTGATCCGCCACCTGCCGCGCCATGACGAGGCGGTTTTGCGCCGCTGTGAGGCGGCCGGGGTGGCGACGCTCCATGAAGCCTGGGATCGTCAGGGGCTGATGGGGCCGGCAATCCGTCCGATTCAGCAGGGCGTTAGCCGGGCGGGCAACGCGGTAACCGTGCTGGTGACGCCTGGCGACAACTGGATGTTTCATGTGGCGGTCGAGCAGTGCCGCGCCGGCGATATTCTGGTGGTGGCCCCGACCTCGCCGTGCGGCGATGGCTTCTTCGGCGATCTACTGGCGACGTCTCTCCAATCGCGCGGCGTGGTCGGGCTGGTGGGCGATATCGGCATTCGTGATTCGCAAACGTTGCGGGAAATGGGATTCGCCGTCTGGTCCCGTCAGGTTTATGCCCAGGGGACGGTGAAAGAGAGCCTCGGTTCGGTTAACGTCCCGGTGATATGCGCAGGTCAGCTTGTACATCCGGGCGATGTCGTGGTGGCCGACGACGATGGCGTCGTGGTGCTGCCTCACGCCCGGGTCCGTGATGTGCTCCATAAAGCGGAAGACCGCATGAGCAATGAGCTTGCGAAACGTGAGCGGATGCGCAATGGCGAGTTGGGGCTGGATATTTACGCTATGCGTCCGCGTCTGGCGGAAAAGGGCCTGCGGTATTACGACCGCGCAGACGAGGTGGAGGAATAAATGGCGCAACGCGGAATCCCCTGTCTATGGATGCGCGGCGGCACCTCTAAAGCGGCCTGTTTTCTGGCCGACGATCTGCCTGCCGATCCGGTGCGACGTGATGCGGTGCTGCTGGCGGTGATGGGCTCGCCTGATCCCCGGCAAATTGACGGGATCGGCGGCGCCGATCCGCTGACCAGCAAAGTGGCGATTATCCGCCGCTCCGCACGGCCTGACGCCGATGTGGACTATCTGTTTGCCCAGGTGAACGTGGCGGCGGCTACCGTGGATTACGGCCAAAACTGCGGCAATATTCTCGCCGCCGTTGGCCCTTTCGCCATCGAGCGCGGTCTGGTTCGCCACGATGCGCCGCTCACTCGGGTGCGTATTTTTATGGAGAACACGGGGCAACTGGCGGTGGCAGAGATCCCCTGTGACGCCGACGGGGTCAACTACGTCGGCGAGAGCCGTATCGATGGCGTGCCGGGCAGCGCCAGCCCGATCCTGCTCCATTTTCTTGATGTCGCCGGCTCCAGCTGCGGGGCGCTGCTGCCGACCGGCCGGGTCCGTGACCGTTTTGACGGCGTCGAGGTGACCTGCATCGATAACGGAATGCCGGTGATCCTGCTGCGCGCGTGCGACCTCGGTTGCACCGGCTATGAGACGCGCGAACAGCTGGATAATGACGACGCGCTTAAACGTCGCCTGGAGTCGATTCGCCTGCAGGCCGGGCCGCTGATGCAGCTTGGCGACGTCAGCCAGCGCACGGTGCCCAAGATGACCCTGATCGCCGAGCCGCGACACGGCGGCGCCATCAGCAGCCGCACCTTTATCCCCCACCGCTGCCACGCGTCGATCGGCGTATTTGGCGCGGTGAGCGTGGCCAGCGCTTGTCTGCTCCCCGGCTCTGTCGCGCAGGGCCTGGCGCAGGTAGCGCCAGGCGATACGCCGCTGCTCAGCGTCGAGCATCCGACAGGCGAATTTAGCGTGACGCTTCAGCTTGATGCTGACGGCGCCCTGGCTGGCTGCGGCCTGTTACGCACGGCGCGACTGCTGTTTGCTGGCGAGGTTTTTATTCCGGCCCGCGTCTGGCCGCGTGAGGAGTGATGATGACAATCGCGTTTATTGGTTTTGGCGAGGCGGGTGGCATTCTGGCGGCGGATCTGGCCCGTGAGCATGCGGTGACCATTTGGGATTGCAAGCTCAATGGCCCGGAGCGAGAGGCGATGGGCAAAAAAGCCCGTGATTCGCGCGTTCAGGTGGAAAATTCGCTGGCGCAGGCGCTGGAGGGGGCCACGCTGGTTTTTTCTACTGTGACCGCCGGTGAGGCGCTAAAGGTGGCGCAGCAGGCGGCCG
NZ_CP061961.1_gap4	65456	69189	3733	AAGTCCGCCAGCACCATCACGATCGCCGTTTTACAGTGGCGGCCGCAGGCCTCCAGCGCCTTCTGGGCGGTGGCGCGATCGCAGTCGGTGGCCTCCATCACGATAGAGACCTGGCGCTCAATCAGCTTGGCGTTGGTCGCTTCAACGTCGACCATCAGGTTGCTGTACACCTTGCCGACGCGGATCATCGCCCCGGTGGAGATCATGTTCAGCACCAGCTTCTGCGCGGTGCCGGCTTTCAGGCGGGTAGAGCCAGTGACCACTTCCGGGCCGACCACCGGGGTGATCGCCACGTCCGCCAGCTGGGCCATTTCGCCATGCGGGTTACAGCTGACGATGGCGACAAAGGCATTCTGACTATGGGCGTATTCCATGGCGCCAATGACGTACGGCGTGCGTCCGCTGGCCGCCAGCCCCACCAGCACATCGCGGTTGCTGAAGTTCAGGTTCTGCAGATCCATCGCCCCCTGCGCTTTGTTGTCTTCCACATTTTCCACGGCGCTGAGAATCGCTTTATGTCCGCCGGCGATGATCCCCACCACCTGCTCCGGGCGGGTGCCGAAGGTTGGCGGGCATTCGCTGGCATCGAGGATCCCCAGACGCCCTGAGGTACCCGCGCCAATGTAAATCAAGCGGCCACCGGCCTGCAGCGCCGCCGCGACCTTATCCACCACCTCGGCAATCTGCGGCAGATAGGGCGTTATCGCCTGGGCTACCTGCTGGTCTTCCTGGTTTATCACCGTCAGCATCTCGAGGGTGGAGAGGGTGTCAATGTTGGCGCTGTTGGCGTTACGTCGCTCGGTCAGCAGTTTGCTCAGGTCGATACTCATAGAAACCTCGTTATTCTCAGTGGCGCGCAGTATAAGGAATTATTTATTCCTTGCCTGTGAAGAGTATCACGATTAGTACGTGGAGAATAATAGGAGAATGGTAGGTATGGCGGGAAATAGTGCGGTAATAAATCTGGAATATTTTATTACCGCAGCAGGAGATTAGCGTGCGTCGCGCGGTTTGCTGAGGCCCAGCAGCAGCGCCAGCAGGTAGCAGATGGCCATCGCGAGGCTCATTTTCAGCATCGTTTCGCCGCCGAGACCCGCCAGCGGCGCGGCGATGCCGCCGAAGACAAACATCAGGGTGCCCATCAGCGCGGACGCGGTCCCGGACTGCGCGGCATCGACGGCGCTCATCGCCTCCGCGCCAGCGACGGTGCTGATGCCGCTCATCAGCGACACGGTAAAGAACAGGCCGACCAGCGCCAGCACCGGCAGCTGCAGCCATGCAAACAGCAGCATGATCGCCGCACAGCTCACGGCCAGCGTCAGGCCGCCGCGCAGCAGGCTTTCGGCGCTAAAGCGGCGCGCCAGACGGGAAAAGATCATCGCGGCGATGATCAGCCCGATACCGTTCAGACCGAACAGCAGACTGAACTGCATGGCGCTCATGCCGTATTCGCTCTGCATCACGAAGGAAGAAGAGCCGATGTAGGAGAACAGCCCGGCCATCATAAAGGCCTGGATCAGGCAGAAGCGCAGAAAGCGGCGATTTTTCAGCACCGGCTGGCCGGGCCGTTGGCGGCTGGCATGCGCCGCTGTGGCCGGGCGCGTTTCCCGCAGGATCGCCAGGCTCATCACCAGCAGCACGCCGCCAATGGCGGCCATCGTCCAGAAGAGAATTCGCCAGTCGAAGGCGGTGATAACGTAGCCGCCCAGCACCGGGGACAGCACCGGCGCAATGCCGTTCACGGTCATCAGCAGGGCGAAAAACTGGGTCAGCAGGGTGCCCTGGTATTTATCGCGGGCGATGGATCGCGACAGCACCGAGCCGCCGGCGCCGGCAAAGCCTTGTAAAAAGCGCCAGACAATCAGCATGTTGATATCGCGGGTCAGGGCGCACATCGCCGAAGAGAAGATAAACAGCAGCAGCGACAGCGCCAGCGGTTTCAGGCGGCCAATGCGGTCGCTCAGCGGGCCGAAAAACAGCTGACCCAGGCCGAGACCAATCAGCGCGGCGGTCAGCGACAGCTGGGTCTGGGTGCTGGTGGCCTGCAGCTGCTGAGTGATCTCCGGCAGCGCCGGTAGATAAAAATCCGTGCACAGCGGGCCGATACCCGACAGCAGGCCGAGGATCAGCGCCCAGGAGAGGGAAACACGTGGCATAACGATTCCTTACAGAAGCCGGGCGCGGCCGCCCGGCGGGTGAAATTAACTGGCGCCGCCGCCCAGCGACTGCCAGAGGGTGATCCGGTTATTGAGGTCGGTCTGCTGCAGGGACAGCAGCGTCGTCTTCGCCGACCACAGCGTGCGCTGGGCCGTAAGCACCGACAGATAATCGCCGACTCCGGCCTGATAGCTCTTCATGGCAATATCCAGCGATGTCTGCTCGGCGGCGACGTACTGCCGCTGGGCATCGAGCTCTTCGCTCAGCGTTTCCCGGCGCGCCAGCGCATCGGCAACGTCCTTAAACGCGCTCTGAATCGATTTCTCGTAGGTGGCGATCAGCCCCTTTTTCTCCGCTTCCGCATAGCGCAGCTGCGCCAGGTTGCTGCCGCCGGTGAACAGCGGCAGGCTGATGGAGGGGGCGAACGACCACACCTGCATCCCGTGGCTGAACAGCGACGACAGCGAGTCGCTGCCGACCCCGGCGCTGGCGGTCAGGGAAATCGACGGGAAGAAGTTCGCCCGCGCCGCGCCGATATCGGCATTGGCGCTCTTCAGATTGTGCTCCGCTTCCTGAATGTCCGGCCGACGCAGCAGCACCGACGACGACACGCCCGCCGGCACCAGCGCGATGCTGTTATCCCCGAGACTCTCGAGAGTGCCGGGCAGTAGGCTCTCCGGCACGGTTTCCCCCGCCAGCAGGTTAATGGCGTTTTTATCCTGCGCCACCAGCGTACGATAGCTGGCGACGCTGGCGCGCGCCTGCTGATAGACGCTTTCCGCCGAGCTTAAATCACCCGCGGAGGCGGTGCCAACCGCCATCTGGCGGGCGACGATGTTGCGCGAGTTTGCCGCGCTGTCCATCGTCTGCTGCGCCAGCGCCAGATTGCTGTTATCCGTCGCCAGCGTCACCCAGGCGGTGGTCAAATCGGCAATCATCGTCAGCCGGGTATTCTGCGCGGTGAATTCGCTGGCAAGCCAGGTTTCGCGCGCCGCGCGCGACAGGCTCTGGTTCTTGCCGAACAAGTCCAGTTCGAAGCTGGAGACCGCGCCGTCGGCCTGTGAAGCGGAGCTCAGGCCGCTGGCCACCGTTTTGCTGCGGGTGTGGCTCAGTTCGGCATCAACGGTGGGAAACAGCGATGCCCGCGTTTCGCCATACTGGGCGCGCGCGGCCTCGATATCGGCCAGCGCCTTTTGCACATCGCGGTTGCTGTTCAGCGCGATGCTGACCACTTTTTTCAGCCGCGCGTCATTGACCACTTTCTGCCAGTCGCCGACCACCGCCGTCGATTCGCCGTGCGCCCCGGGCAGGGTGGCCGGCACCGGCGCGGCCGGGCGATCATAATGCGGGTCAAGCGAGACGCAGCCCGCGGTCAGGAGCGCGATAAACATAAAACTCAAACGAAACATACCTTACTCCTGAGAAGGACGTTGGCGGGTGAAGAGACGTTTCACCAGCACGAAGAACAGCGGTACGAAGAACACCGCCAGCAGGGTGGCCGTCAGGGTGCCGCCGATAATCCCGGTGCCGATCGCCACGCGGCTGTTGGCTCCGGCGCCGGTGGCGATGGCCAGCG
NZ_CP061961.1_gap5	184174	185796	1622	GCAGCTGACCGGAAAGCCGACGCTGACCGTGGCGCTGACCAAAACGGACCGCGTGGCGGCCGCCAGGGTGGCGGAGGTTCAGGCAGAGGTCGAGCAGACCCTGGGCGAGCTGGGCTTTGACGCCGTCGCTTTCTTTCCCACCGCGGCGGCGGAAAACATCGGTATTGCGGAACTGCGCAGCCATCTGCTGCAGCTTGCAGAGCGCCCCCGCCCGCAGCAGCAGCGGTTTCGCCTGGCGCTGGATCGCGCTTTTACCGTCAAAGGCGCGGGGCTGGTGGTCACCGGGACGGCGCTCTCCGGCGAAGTACGGGTCGGGGATACCCTATGGCTTACCGGCGTCAACACGCCGATGCGCGTCCGCGGCCTGCATGCCCAGAATCAAGCGGTTGAGCAGGCGCACGCCGGGCAGCGCATTGCGCTGAATATTGTCGGCGATGCGCAAAAAGAGGCAGTGCACCGCGGCGACTGGCTGCTCTCCTCACCACCGCCGGAGCCAGCAGAACGGGTGATTGTCGAGCTGCAGTGCCATACGCCGCTCAGCCAGTGGCAGCCGCTGCATATTCACCATGCTGCCAGCCACATTACCGGCCGGGTGTCGCTTCTTGAGGGCAACCTGGCGGAGCTGGTGCTGGATACTCCGCTGTGGCTGGCGGATAACGACCGGCTGGTGCTCCGCGATATCTCTGCTCGCTTGACGCTGGCGGGCGCACGGGTGGTGACGCTGGATCCTCCGCGTCGCGGCAAACGTAAACCGGAATATCTGCAGTGGCTGCACGCCCTGGCAGCGGTCGGCGCTGACGATGCGCAGGCGCTGGAGTTACATCTGCAGCGGGATGCCGTCCGGCTTGAGCACTTCGCCTGGGCGCGGCAGCTCAGCGAAGCCGGAATGGCGGCCCTTATCCAGCGACCGGACTATCTGCAGGCCGGACAGCGCCTGCTTAGCGCGCCGCTTGCCGCCCGCTGGCAGCGAAAATTGCTGGATGCCCTTGCGCGTTACCATGAGCAGCATCGAGACGAGCCGGGCCCTGGCCGGGAGCGCCTGCGCCGCATCGCGCTGCCGATGGAAGATGAAGCGCTGGTGCTGCTGCTGATTGAGCAGATGCGCGAGAGCGGCTTAGTCCACAGCCATCACGGCTGGCTGCATTTGCCGGAGCATAAAGCCGGGTTTACCGACGAGCAGCAGGCGGTCTGGCAGAAGGTGGAGACTCTGTTCGGCGACGATCCGTGGTGGGTGCGCGATCTTGCGCGCGAAGTCCATGTTGAAGAGTCCCTGATGCGCGCGGTGCTGCGCCAGGCGGCGCAGCAGGGGATGATTACCGCGATCGTCAAGGATCGTTACTACCGCAACGATCGCATTGTGCAGTTCGCTCAGCGGGTGCGCGAGCTGGATCGGCTGCGCGGTTCAACCTGCGCGGCGGATTTCCGCGATACCTTAAACGTAGGGCGGAAGCTGGCGATCCAGATCCTGGAGTATTTCGATCGGATTGGCTTCACCCGCCGTCGCGGCAACGATCATATCCTGCGCGATAAGGCATTGTTCCGGTAATCATTAACGTCGGCTCCCCGGCGGACTTCGTGCCGGGGAGCTGGCGAAAAGAACTTGTTAAAACCACTACGTGAGA
NZ_CP061961.1_gap6	227900	230379	2479	TAATGAGCAGGCTTTTTTGCATCTGGGGCCTGCGAGGATGAGAACCTCCGGGGGCAGGAGGTTCGACTCGAGCGAAGCGAGAGAACGTTGCGTCAGCAACGGCCCGCAGGGCGAGCCACGAAGTGGTGAGTCATCCTCTATCACCGACCAAATTCGAAAAGCCTGCTCAATGAGCAGGCTTTTTTGCATCTGGGGCCTGCGAGGATGAGAACCTCCGGGGGCAGGAGGTTCGACTCGAGCGAAGCGAGAGAACGTTGCGTCAGCAACGGCCCGCAGGGCGAGCCACGAAGTGGTGAGTCATCCTCTATCACCGACCAAATTCGAAAAGCCTGCTCAATGAGCAGGCTTTTTTGCATCTGAGGCCTGTGAGGATGAGAACCTCCGGGGGCAGGAGGTTCGACTCGAGCGAAGCGAGAGAACGTTGCGTCAGCAACGGCCCGCAGGGCGAGCCACGAAGTGGTGAGTCATCCTCTATCACCGACCAAATTCGAAAAGCCTGCTCAATGAGCAGGCTTTTTTGCATCTGGGGCCTGTGAGGATGAGAACCTCCGGGGGCAGGAGGTTCGACTCGCGTTTCGTAGGCCCGCGCAAGCGCAGCGCCGCCGGGCATCATCAGTGCACAACTGGCCAAAAATACCACCAAAATCACAATAAACGTCTTTACTCACGTTTTCAGCCGGCTATTCGCTATTTTGTGACATCTTCCATTGCATTTTTTTATCGATGAACAGATCTTTTTTCGCGAAGCTTATGGCTGAATGCAGCATTTTCCGCTGTGCGTTTTAACGTTCACGCTATTAATCGCTCACATATTGGTCACACAGCAAGAAATTTTTCTCATTTGCTGGCATTGTTTCCCACTGGGTGTTGCAAATTAATAAGGTCTTTATTCTGCTGAATTGCCAGTAGCATAAATTTCTCTGCTGAAAATAGCGTCCTGAAGTTTTTTTAATCTTTGCCTGCCGTTTCTCACGCTGGATGTAAAACCCGGCTGGCTGTATTGACGTTTCCCCATTCTGTTGACAGATTGTAGGGCATGAGGGGCATTTCATGGAGAATCCGTACTGCAACTCAGTCGTTTTTGCGAAAGGAATCCCCATCTCTCTCTACGCCTTCGGGCACCACCGACCGGACCGGGTAAAAAATAAATAAAGGTCCGGCGGATATATGCAAACAACATCACAATTTTGGAGCAGAATAATGAGTATTTCCTTGAAGAAATCAGGGATGCTGAAGCTTGGTCTGAGCCTGGTCGCCATGACCGTCGCCGCCAGCGTGCAAGCGAAAACCCTGGTTTATTGTTCTGAAGGCTCGCCGGAAGGATTTAACCCACAGCTCTTCACCTCTGGCACCACCTATGATGCCAGCTCCGTACCGATCTATAACCGCCTGGTCGAATTTAAAACCGGTACGACGGAAGTTATTCCAGGACTTGCTGAGAAATGGGAAGTCAGTGCGGATGGCAAAACCTATACTTTCCACCTCCGTCAGGGTGTGAAGTGGCAGGATAATAAAGACTTTAAACCAACCCGTGACCTGAACGCCGATGACGTGGTGTTCTCCTTCGATCGCCAGAAGAATACTAATAACCCGTACCATAAAGTTTCTGGCGGCAGCTATGAATACTTTGAAGGGATGGGCTTACCGGACCTGATTAGCGAAGTGAAGAAAGTGGACGATAATACCGTCCAGTTCGTCCTGACCCGTCCGGAAGCGCCGTTCCTCGCTGATCTGGCCATGGACTTCGCCTCCATTCTTTCGAAAGAGTATGCTGACAACATGCTGAAAGCCGGCACGCCGGAAAAAGTGGATCTCAATCCTATCGGTACCGGCCCATTCCAGCTGCTGCAATACCAGAAAGATTCCCGCATTCTGTATAAAGCCTTCCCGGGCTACTGGGGTACCAAGCCGAAGATCGATCGTCTGGTCTTCTCCATCACCCCGGACGCTTCCGTGCGCTATGCCAAGCTGCAGAAAAACGAGTGCCAGGTGATGCCGTACCCGAACCCGGCGGACATCGCGCGCATGAAGGAAGATAAGAACATTACCCTGCTGGAACAGCCGGGTCTGAACGTTGGTTATCTCTCCTTTAACACCGAGAAGAAACCGCTGGACGACGTCAAAGTACGTCAGGCGCTGACCTACGCGGTCAACAAAGAAGCGATCATCAAAGCGGTTTACCAGGGCGCAGGCCAGGCGGCGAAGAACCTGATCCCGCCGACCATGTGGGGCTATAACGACGACGTTAAGGACTACACCTACGATCCGGAGAAGGCGAAGCAGCTGCTGAAAGAAGCGGGCCTGGAAAAAGGCTTCACCATCGATCTGTGGGCGATGCCGGTACAGCGTCCGTACAACCCGAACGCCCGCCGCATGGCGGAGATGATTCAGGCTGACTGGGCCAAGATTGGCGTCCAGGCCAAGATCGTCACCTACGAGTGGGGCGAGTATCTGAAGCGGGCGAAAGCGGGCGAGCACC
NZ_CP061961.1_gap7	342726	344010	1284	CGGCTACCAAGGAGCGCCACAGCGCGAGGAGCTGGCCGAGGTGGATGTGGACTGGCTGATCGCCGAGCGTCCCGGCAAGGTAAAAACCTTGAAGCAGCATCCGCGCAAGAACAAAACGGCCATCAACATCGAATACATGAAAGCCAGCATCCGTGCCAGGGTGGAGCACCCGTTTCGCATCATCAAGCGGCAGTTCGGCTTCGTGAAAGCCAGATACAAAGGGCTGCTGAAAAACGATAACCAACTGGCGATGTTATTCACCCTGGCCAACCTGTTTCGGGTGGACCAAATGATACGTCAGTGGGAGAGATCTCAGTAAAAACCGGAAATAACGCCAGAAATGGTGGAAAAAATAGCCTAAATAGGCTGATTCGATGTGTTTGCGGGAAAAAAATCGGCCCAGATCCGCGAAATTTTAATCAGCGAGTCAGCTTGGGAAGAAATGACCTGCTTATTCGCACCTTCCTTAATTGCCGGAGGCGTGGCTGCTTCTGATATCTGAGGTTCCGTTTTATTTTTCTTAATAAACATCGCGTTAATCTTGTTCCGTTGGCTATGGAGGAGGAAAGCGATAAGCGCGCAGGCGGCCGCCAGGCGCGCCAGCGCGCTTGCATCGACAGACCAGGCGATCAGCGCGAGAAGCCAGAAAAAAAGGGCGCCGTTTATGGCGAGATACTGTTTGTCCATCAGCAGCGGCTGGCTACTCCGTTAGTCATCAGCAACCTCCTGGTTTGCTCTCCACTTATCCGCAGTTTTGCCATGGCGATCAAGGTTTTTTGCCGAAAACTGCTGATTTAATCACTTATTAATCAATAAGTTATTAATAATTACGTATGAGTGATACTCGAACTATTTTCCTAACGAATCTTCACTGCAAGCGAACAGAGAGGATGAAGTGAGGGACCGGCTTGCGCTATGGTTGAAGGTAGCTCATTAACTAAGGACAGCGTTATGACTCTGCACTGCGCATTTATTGGCTTTGGTAAAAGCACCACCCGCTATCACCTTCCTTACGTTTTGCACCGCAAAGACCGCTGGCAGGTAGCGCACATTTACCGCCGCCGGGCGAAGCCCGAGGAGCAGGCGCCGCAGTATTCCCATATTCATTTCACCAGCGACCTTGATGAAGTATTAAACGATCCACTGGTCAAGCTGGTGGTGGTCTGCACTCACGCCGACAGCCATTTTGAATATGCGAAAAAGGCGCTGGAGGCGGGGAAAAACGTGCTGGTGGAAAAGCCGTTCACCCCGACGCTGGAGGAAGCAAAAACTCTGTTTGCCCTG
NZ_CP061961.1_gap8	408752	409348	596	AGCTCGCTACCGTCGGCGAAGTGCATGGTTTTGCGCGCCTCGGTGCCCTGCTGAACAATCTCTTTGGTGTTTTTGCTGGTGTGAACTTTCACGCCCATGCTTTCGATTTTGCGCCGCAACTGCTCGCCGCCCATCTGGTCGAGCTGTTCGGCCATCAGCATCGGCGCGAATTCGATAACATGGGTTTCCACGCCGAGGTTTTTCAACGCGCCGGCCGCTTCCAGTCCGAGCAGGCCGCCGCCGACTACCGCGCCGCGTTTGCTGCGGCGAGCGCAGGATTCGATGGCGTTAAGATCTTCAATAGTGCGATAGACGAAGCAATCCTGGGTTTCCGCGCCTTTAATCGGCGGGATCCACGGGTATGAGCCGGTCGCCATAATCAGCTTGTCGTAGAACACGGTACGCCCGGCGCTGGAGTGGATCACTTTCTCCTGGCGGTTGATGGTGATCGCCCGTTCGCCGACCAGCACCTTGACGCCGTGTTTCTCATAGAAACCTTCGCGTACCAGCGACAGTTCTTCCGCAGTGTGATGGGAGAAATAAGACGACAGGTGGACGCGGTCGTAGGCGATACGCGGTTCTTCACAGAACACGGT
NZ_CP061961.1_gap9	410864	413494	2630	CCGGTGCGCTGGTCAATTCGCCAGGGAAGGGTGATCGCGACCACCCAGCCGGCGCAAAGCTGGATCCAAACTGACCGCGGTGGCGAGGAGCTTTCTTTTATGAGGAACAGCCCCCTTGCGGATGCAAAGGGGCCGAAGGCTTAGTGAGACGCCGCCTGAGCGTTGTTCTGGCGATGACGGGAGACGAAGCCGAGGATAAAGCACATTACGAATACCACGGCATAGAGGCCGTTAGCGGTGTGCAGCGCGGCCAGGGGACCGCTGGCCGCCACAATCGGGCCGGTGACCACGAAAGTGAGCATGGTGCCGATGGTGCCGCAGGTGAGGATAAAGTTCACCAGCTTCGGCGAAGCGACCCGCGTCTGCTGCGAACCGAGCGTAATGATCGAGGTGTAAATGGCGCTGGAGAAGAAGCCCAGGGTCAGAATAAACCACGGCATATGCTCCGGCGAACCATTGATAAACAGGTACATCAGCACCGTCGCGAGCCCGGCGAGGACGGTTAAGATACGCTGCAGGTCGAAGAAGCGCAGGATGAAGCTGAATGACCACATGCCGATCATGTAGGACATCCAGAAATCGCTCACCAGTTTACCGGCGTCGCCGAGGCTCATGCCCAGGCTCTTCGCATATTCCGGTACCCAGGAGATAAAGCCCAGCTGACCGAGGATGTAGCACAGCGCCGCAACGGAGAGGAACAGTACGCCAATGCCCCACTTCTCTTTCACCACCGGCTGGCTGTTTTCACTCTGGGCTTTTTTGCCCAGCACCGGGAAATCACAGCCGAAAGTCAGGACGAAAATAGCGACATACACCAGACCAATACAGGCGTAGACCCAGTACCACTCGATGCTGCGCGCCAGCAGGACGGCGGCGACCATCGGGAAAATCATGCCCGCCATGCTAAAGAAGGAGTCGGTAAACAGCAGACGCGCCCCGCGCTGACGGCCTTCATACATATGGGTGATCAGGAAGGTCCCGATCGACATGGTGATCCCGCTCACCAGGCCAAGAACGAACATTGACGCGGAGAACAGCGCCAGGCTGTGGCTGAGCATCAGGCCGGCCACCGCCAGCACCATCAAAATAAAGCCAAAGCGCAGCTGAGTTTTCAGCGGCACGATTTCCATCAGCCAGGCATTGAGGAAGATGGAGATAAGAATACCGGCGTTCAGAAAGGTAAAGGTGTTGCTCATACTGGAAACGGGCAGATGGAAATAATCCGCAATGTTACCCATCACCATCCCGGTGACGATCACCAACGCGCCGGTCAGGGCGTAGGAGAAGAAGCTGATCCATGTGAGCTTAATACGGTTGCTGTTAGTCATGACTGGCCTGTGAATAGAAAGGTAAAGCGCGTTGACGCTGCGCCGGGCGGACAGATTTTATTCGTTCAGGTGATGTAATTAAATGTTTATTGTGAAATGGGTTATCTTTTGCATGTTTTAATGTGATCTGCATCACGCTTGTTCGCTGCAAAGGAGATCGTTTGCGCGGTTACAATTATTACAGCTAAGTAAAATTTGGTAAAAGGCTGGCCCAGGATGCAAAGGCTCTTTAGAATCAAGGCACTCGCTTTTATTCTGCTCCGTTAAGGAATTTCCATGCTCAAATCAACACTGGCGGCGATGGCTGCCGTTTTCGCTATTTCAGCGTTCTCCCCGGCCATGGCGGCAAAGGGCGATCCGCATGTGCTGCTGACCACTTCGGCAGGTAACATTGAGCTTGAGTTAAACAGCCAGAAAGCCCCGATTTCCGTGGATAACTTCCTGAAGTACGTCAACAGCGGCTTCTACAACAACACCACCTTTCACCGCGTGATCCCGGGATTCATGGTGCAGGGCGGCGGCTTTAACGAACAGATGCAGCAGAAGCAGCCTAACCCGCCGATCAAGAATGAAGCAGACAACGGCCTGCGCAACACCCGCGGTACCATCGCGATGGCGCGTACCGCCGATCAGGATAGCGCCACCAGTCAGTTCTTCATCAACGTGGCGGATAACGCCTTCCTCGACCATGGCCAGCGCGACTTTGGCTATGCGGTATTCGGCAAAGTGGTGAAGGGGATGGATGTTGCGGATAAGATCTCCCAGGTCCAGACCCATAACGTTGGTCCGTACCAGAATGTGCCGACCAAACCGGTCGTTATCCTCTCTGCGAAAGTGCTGCCCTAATCCTCCCGCGGCGCGGTGGTCTATCGCCGCGCCCGGTCGCCTCCCGGCATAACCTGAAATTGCTGCTTATACTTGTGGCACACAGGGGACGATAAGGGGGGCGACGATGCGTCCACTCACCGATAAGCAAAAATCCCGACTCTGGGAACAGACACGCAATACCAATTTTCAGGCCAGCCGTCGCCTTGAAGGCGTGACGGTGCCGCTGGTTACGCTGACTGCCGAAGAGGCGCTGGCGCGTCTGGCGACGTTGCGGAGGGAGTATGAGCGATAAATTCGGCGATGAACGCGATCCTTACCTTTATCCGGCGCTGAACGTGCTGCGCAACCGTCTCGGCATCCGCCAGGCTAAAAATCTGCAGCAGGCCGCCTTTGAGATGACAGCGCTGCGGGCGGCCACTCTGCCGCTTGGCCCGCGGGTGCGCGGCTTACCCTATTTGTGCGCTATTCATCATC
NZ_CP061961.1_gap10	415139	416248	1109	GATGACCACACCTGCGCGGTGGTGGTGGAGCCGATTCAGGGCGAAGGCGGCGTGACGGCGGCCACGCCGGCTTTCCTGCAGGGACTGCGCGAGCTGTGCGATCAGCACCAGGCGCTGCTCGTCTTTGATGAAGTACAGTGTGGTATGGGGCGTACCGGATCGCTGTTCGCCTATATGCACTACGGCGTGACCCCGGATATTCTGACCAGCGCCAAAGCGCTGGGCGGCGGCTTCCCGGTCAGCGCCATGCTGACCACCCACGAGATCGCCAGCGCCTTCCATGCGGGCTCCCATGGCTCAACCTACGGCGGCAACCCGCTGGCCTGCGCGGTCGCCAACGCCGCCTTCGATCTGATCAATACCCCGGCGGTGCTGGATGGCGTGAGCGCGAAGCGCGAACTGTTCGTCAAACACCTGCAGCGGCTGGATGTCGAGTTTGATCTGTTCAGTGATATACGCGGGATGGGCCTGCTGATCGGCGCGGAACTCAAGCCGCAGCACAAAGGCCGCGCGCGTGATTTCCTCTATGCCGCGGCCGACGCCGGCGTCATGGTGCTCAACGCCGGGCCGGACGTGATGCGTTTTGTTCCCTCGCTGATCATCGACGAGCAGGATATTACTGAAGGGATGGCGCGCTTTGCCCAGGCGGTGGCAAAGGTGATTAACGGCTGATCTTCCGCAGCCAGATGCCATGGTGCGGCCGCTGACGCCATGCCACTGACGAAATGGTGTGCATGGTGTTCAGATGGCCCAGAATGCGTTGCAGATGCTGCTCCAGGGTGCTTAACGGACCGATCGGCGCCTCGCTTTCCGGCGACTCCATAATATTGGCATCCCCTGCGCTGCCGGGACCATCGCTGTCCAGCCGCTGCTGGCAGCGCTGCAGCGCAATCTCACAGGATTCGAGATAGCGCTGGGCAAGATCCGGGGTCAGCATCGTATGCTCCCGGGCCAGGGTGGTCATAGCGTTGATGTGTTCGACGATAAACTGGCTGTGCGTCACCCACAGCTTCATATCTTCCAGATAGTGGGTATTAAACCCGGGTTCCTGCATCGCCTGATTCAGGGAGTTGTAGAGCGCGTTGTGCGCCTGGTTGACGCGCATGCGT
NZ_CP061961.1_gap11	464751	467155	2404	TAAGGTAGCGAAATTCCTTGTCGGGTAAGTTCCGACCTGCACGAATGGCGTAATGATGGCCAGGCTGTCTCCACCCGAGACTCAGTGAAATTGAACTCGCTGTGAAGATGCAGTGTACCCGCGGCAAGACGGAAAGACCCCGTGAACCTTTACTATAGCTTGACACTGAACATTGAGCCTTGATGTGTAGGATAGGTGGGAGGCTTTGAAGCGTGGACGCCAGTCTGCGTGGAGCCAACCTTGAAATACCACCCTTTAATGTTTGATGTTCTAACGTTGGCCCCTGACCGGGGTTGCGGACAGTGTCTGGTGGGTAGTTTGACTGGGGCGGTCTCCTCCCAAAGCGTAACGGAGGAGCACGAAGGTTAGCTAATCCTGGTCGGACATCAGGAGGTTAGTGCAATGGCATAAGCTAGCTTGACTGCGAGCGTGACGGCGCGAGCAGGTGCGAAAGCAGGTCATAGTGATCCGGTGGTTCTGAATGGAAGGGCCATCGCTCAACGGATAAAAGGTACTCCGGGGATAACAGGCTGATACCGCCCAAGAGTTCATATCGACGGCGGTGTTTGGCACCTCGATGTCGGCTCATCACATCCTGGGGCTGAAGTAGGTCCCAAGGGTATGGCTGTTCGCCATTTAAAGTGGTACGCGAGCTGGGTTTAGAACGTCGTGAGACAGTTCGGTCCCTATCTGCCGTGGGCGCTGGAGAATTGAGGGGGGCTGCTCCTAGTACGAGAGGACCGGAGTGGACGCATCACTGGTGTTCGGGTTGTCATGCCAATGGCACTGCCCGGTAGCTAAATGCGGAAGAGATAAGTGCTGAAAGCATCTAAGCACGAAACTTGCCCCGAGATGAGTTCTCCCTGAGACTTTAAGTCTCCTGAAGGAACGTTGAAGACGACGACGTTGATAGGCCGGGTGTGTAAGCGCAGCGATGCGTTGAGCTAACCGGTACTAATGAACCGTGAGGCTTAACCTTACAACGCCGAAGATGTTTTGGCGGATTGAGAGAATTTTCAGCTCTGATACAGATTAATCGATACGTTGGTGAAACGTGTTGATAAAACAGAATTTGCCTGGCGGCACTAGCGCGGTGGTCCCACCTGACCCCATGCCGAACTCAGAAGTGAAACGCCGTAGCGCCGATGGTAGTGTGGGGTCTCCCCATGTGAGAGTAGGGAACTGCCAGGCATCAAATTTAGCGTGCTGATATGGCTCAGTTGGTAGAGCGCACCCTTGGTAAGGGTGAGGTCCCCAGTTCGACTCTGGGTATCAGCACCACTTTTTAGGTTAAAGTTCGGCACGTTGTAAAGAATTTGCCTGGCGACAATAGCGCGGCGGTCCCACCTGACCCCATGCCGAACTCAGAAGTGAAACGTCGTAGCGCCGATGGTAGTGTGGGGTCTCCCCATGTGAGAGTAGGGAATCGCCAGGCATCAAATAAAGCAAAAGGCCCAGTCGAAAGACTGGGCCTTTTGCTTTTGTGTTATCTGTTGTTTGCCGATGAGCTTCTTTGCTGCCCAGGGAAAATCTAACTGGCATCGATATGAACATTGCGCAGCAACGGCCCGGAGAGAGGGAAAGGACGTTCGCCATCATTGCTCACCATCAGAGTAAAGGCCCGCTCTTCGACCGGGCCTTTGGTGTTTGTTGGTTCTGAACCCTGAATCTGAAAAGTTTGCCGATAGCGATGGACGACTCATTGCCAGCGGTCTCTGGCAACAACAACGGCTAAGAAAGCTGGCGAACTATCGTCAGGAAGAGCCTGAATGATCGCTTACTTTGGGGAATGGAGTGGAGCAGATACAGGGGATACACCTGTATCTGCGGTTGGGGAAGCGATCTAGCGGGTCAGAGCAACGATCCCTAACGTGAGGCCGGCTACCGCGGCCGCACCCCCGGCGATTGCGCCTGCGGTTTCCCAGTTGTCTTCTGTTGTGCCTTTCATACAGGTATTGGTATGGACTAAGCGGCCTTGCGAGTCATAAACCGGTACGCAGGGAGAGTCATGGGCACAGCCTGCCAGCAGAGAGGCCAGCAGCGCCACGATTAAATACTTTTTCATGATATTACCTCTGGATAATCCGCTGGGTTGTACTGAAAGCCAGTGCAGAACGGAATGGCTTATTTTATCACCGCGGATTGTCCGGGCCGGAGGCCGAAATCATCTCAATATATGAGCCGCGTAAATATCGTGAAGATAAGCCCGGGAATATGCAGAAAAGATGGAGAGAAAGATTGTGATTCAGCGATGCTGCGTGCAATGGCGGTTGCCAGACTGCGGCGCGTTTAGCTGGCTGCCAATATTGCATGCGAAAAAAAGCGCCCGCAAGGGGCGCCTTCAAGACATAGCCGAGTTATTCAGCGTGCCGGGTAAAGCGTCGTCTAACGACTACGAAGAACA
NZ_CP061961.1_gap12	477639	478209	570	TCAGCGTCGCTACGTACAACGCGCATACCGCGACCGCCGCCGCCGCCGGAGGCTTTGATGATCACCGGATAGCCGATGCGTTTGGCATGGGCGCGGTTAGCGTCCATGTCGTCGCCCAGCGGGCCATCAGAACCTGGAACGGTCGGAACGCCAGCTTTCTTCATGGCGGTGATGGCGGACACTTTGTCGCCCATCAGGCGGATAGTGTCGGCTTTCGGGCCGATGAAGATGAAACCGGAGCGCTCAACCTGCTCAGCAAAATTAGCGTTCTCAGAGAGGAAGCCATAACCCGGGTGAATCGCTACCGCGCCAGTGATCTCAGCGGCGCTGATAATGGCCGGAATGTTCAGATAGCTTTTTACGGACGGAGCCGGACCGATGCAGACCGTCTCATCCGCTAACAATACGTGTTTTAGATCGCGATCCGCAGTGGAGTGCACAGCGACAGTCTTGATGCCCAGTTCTTTACAGGCACGCAGGATGCGCAGTGCGATCTCGCCACGGTTAGCGATGACAATTTTATCCAGCATGTTCGCCTCGTTACTCGATAACTACCAGCGGCTCGTCGAA
NZ_CP061961.1_gap13	480796	481666	870	GTCGTGGCCTTTAAACCAGTCCAGCAGGTCGGCCTGCGCGGCGGCGGGAAGGGAAAGCGCGGTCGCGCTGATGCCCAGCATTTTCAGCATCTGGCGCCGCTTGAGCATAAAAACGGATTCGGCCGTGACGTCGGCTTCCGTCAGTTTTTTTCTTTTCATGGTGTCCTCCGTCATGCGTTTTCCTAAGCATGACGGAGACGGCGATGAATGGCGAATATGTCACGAAAAATTGCACATTAGGATGAGGAGCCGCCGCCGAAGCAGAGGCGCGGTCGTCCAGGAATCATCGGAAAGTGGCGCAAGACGTTTCCTTTGCCGCGCATGACCCGGCATCTTTAGCAGGGAAAAGGGGGCGGTAAGCTGGCCAGACGGTATAGCGGTAATAATTTGCGCCGCCGGCGCGGGTTTGTCATCCTGCGTCTAAAATTAAAGCGCTTCTGGCGCAGGCCGCAGGCGGGCGACGATTGGCAAATTTTTTCTGCAAACTATATGTTGTGGTCAAGTTTTTTTGGACACGCCGATCAGATGGTAGGGTTATGCACAGGCGGGCAACTGGGCGGCAGGGCTGGCCAGCGTTTCGTACTGTGCGGGTGATCGGTAGCCAAGTTTTGAATGCAATCGGGTACTGTTATAAAAGTTAACGATGTAGTCGGTGATGTCTTGTTTGGCTTCTGTATGGTTGGCATACCGAGTCTGCCAGACACGCTCCATTTTCAAATTCAGAAAGAACCGCTCCATCACGGCATTGTCCCAGCAATTACCCTTGCGGCTCATGCTGAGTACCAGACCATGGTTTTCAAGTAATTGCCGGTGTTCAGCACTGGCATATTGACTGCCCCGGTCCGAATGAACCAATAAACCCGGTGCCGG
NZ_CP061961.1_gap14	649058	652737	3679	TAAGAGCACCTCCTCAACCGCCAGCGCGGAACTGATTATCCCGGCGCTGCAGGGGGCCTCGTTCAGTGACGGCCAGATGAAAGATGGCACCAAAGGAGTGGTGATCGATAATGTGGATAAAGGCAGCGCCGCCGCCCAGGTCGGCCTGCATAAGGATGACATTATCATTGGCCTTAACCGGCAGCGTATTCACTCAATTGCCGAACTGCGTAAAGCGCTCGAAGGCAAACCGCCGGTCATCGCCCTGAACGTGATCCGCGGCAACGAAAGCATCTATCTGCTGCTGCGCTGATTGTCTCTCCGGGCATCGCCGCCATGTGCGATGTCCGGACAACTCATGCTATGCTGCGCCTGACCATTCATTAACGATATCTGCATCATGCCTGGAAAGTTATTACGTTCAGTACTCATCGGTTTGCTTGTCGGGGGTCTGCTGCTGGCCCTGATGCCCTCGCTGCGCCAGTGGCAGTTGGCACCGACTACCCAGAACGATACGGCAGACGACTCCCCGGCGAGCTATAACGCCGCGGTGCGCCGCGCGGCGCCCGCCGTGGTGAACGTCTATAACCGCGCCCTTAACAGCACCAGCCATAATCAGCTGACGCTTGGCTCAGGGGTGATTATGGATCAGCGCGGCTATATCCTGACCAACAAGCATGTTATCAACGATGCCGATCAGATTATCGTCGCCCTGCAGGACGGCCGCGTCTTCGAAGCGCTGCTGGTAGGATCCGATTCCCTCACCGATCTCGCCGTGCTCAAGATCAATGCTACCGGCGGGCTGCCGGTGATCCCGATCAATCCGAAACGCACGCCGCACATCGGCGACGTGGTGCTGGCGATTGGCAACCCTTATAACCTGGGGCAGACCATCACCCAGGGGATCATCAGCGCCACAGGGCGCATTGGCCTCAATCCGACCGGCCGCCAGAACTTCCTGCAGACTGACGCCTCGATCAACCACGGTAACTCCGGCGGGGCGCTGGTGAACTCTCTCGGCGAGCTGATGGGGATTAACACCCTCTCCTTTGACAAGAGCAATGACGGCGAAACGCCGGAAGGCATTGGCTTTGCGATCCCGTTCCAGTTAGCGACCAAAATTATGGATAAACTGATCCGCGATGGCCGGGTGATCCGCGGCTATATCGGCATTAGCGGCCGGGAGATCGCCCCGCTGCACGCGCAGGGCGGAGGGATCGATCAGATTCAGGGGATCGTCGTTAACGATGTCGCCCCGGACGGTCCAGCGGCGCAAGCCGGGATCCGCGCCAACGACGTAATCATCTCCGTGAATGACAAACCCGCCGTCTCGGCGCTGGAGACGATGGATCAGGTGGCCGAGATCCGCCCGGGATCGGAAATTCCGGTGGTCATCATGCGTGATGATAAGAAAATCACGCTCCATATCGCCGTCCAGGAATACCCGGCCACCAACTAAACGGCTCCCCGTTTGGGGAGCCACGTTAATCGCTAAATACCGGACCGGCCGGGAATCTGACCAGAAACCCGGTTTCCATGAATGCTGGACAATAAAAAGCCGGAACAGCGGTTCCGGCTCTTCTGTTAGGGCGAGATTACTTGTTGACGAAGTCTTCGCCGAGCGCGATATCTTTCTTCAGGGTGTCCAGCATGCCCTCCAGCGCCTGCTGTTCAAAGGCGCTGAGTTTGCCGATAGACTGTCGCTCTTCCACGCCGTTTTTCCCCAGCAGCAGCGGCTGGGAGAAGAAACGCGCATAGTGGCCGTCGCCTTCCACGTAGGCGCACTCCACCACGCCTTTTTCCCCCTGCATGGCGCGAACCAGAGAGAGACCAAAACGGGCAGCCGCCTGGCCCATCGACAAGGTCGCCGACCCGCCGCCCGCTTTCGCTTCCACGACTTCAGTACCGGCGTTCTGAATACGTTTAGTCAGGTCGGCAATTTCCTGATCGCTAAAGCTGACGCCGGGGATCTGCGACAGTAAAGGCAGAATGGTGACCCCGGAGTGACCACCAATGACCGGGACTTCCACCTCGGTTGCCGATTTACCTTTCAGCTCCGCCACAAAGGTATTGGAACGGATGATGTCCAGCGTGGTAACGCCGAACAGTTTGTTTTTATCGTACACGCCGGCTTTTTTCAGTACTTCGGCGGCGATAGCCACGGTGGTATTCACCGGGTTGGTGATAATGCCGATGCAGGCCTGCGGGCAGGTTTTGGCAATCTGCTGCACGAGGTTCTTCACGATACCCGCATTCACATTAAACAGGTCGGAACGATCCATGCCGGGCTTACGCGCCACGCCCGCGGAGATCAGCACTACATCCGCGCCTTCCAGCGCCGGAGTAGCGTCTTCACCGGAAAATCCTTTAATTTTTACATCTGTGGGGATATGACTTAGATCTACCGCCACGCCCGGTGTAACCGGAGCGATGTCGTACAACGAGAGCTCTGAACCTGAAGGCAGTTGGGTCTTAAGTAGTAGGGCAAGCGCCTGGCCGATACCACCGGCAGCGCCAAGGACTGCAACTTTCATCCTAAACTCCTTATTATGGTTAATTTAGTCTTTCGTTATTCCGTCGCCTGGACCTTAATTCACAAGATGAACAATTACAATGATTATGGCTGAAGAATGCATTATTGTGCGTAGCAATAGAACAGCGGCGCACTTTATGCTTCCTGACTGACCATCCAGCAAAGCGAAGTACCGGATCGACTATTGGTTACAATACACCCAGCCAGTTGCGCAAAACAACACCAACTCAATAACATTTCATTTACTTTTACATGGCTTTAAGCGTTGTGATGAGAACATGTTCCTTATACGGTTTTTTTGCTAAAATATGCCCCCTTCATAACATTATTGACCTATCCTTTCGCGGATTATTTGCATAAAAATTCATGGTTATGCATAATGATGTTGATTTTACCACCATAATCTGGGTGACTTATGCGAAGTTCGGCAAAACAAGAAGAACTGGTTAAAGCGTTTAAGGCGCTGCTTAAAGAAGAGAAATTCAGCTCGCAGGGAGAGATCGTCCAGGCGCTGCAGGAAGAGGGCTTCGAGAATATCAACCAATCGAAGGTTTCCCGCATGCTCACCAAATTTGGCGCGGTACGTACCCGTAACGCCAAAATGGAAATGGTCTATTGCTTGCCTGCCGAGCTTGGGGTACCGACCACCTCCAGCCCGCTGAAGAATTTGGTGCTGGATATCGACTATAACGATGCCGTAGTGGTGATTCATACCAGCCCCGGCGCCGCGCAGCTGATCGCCCGTCTTCTCGACTCGCTGGGCAAAGCGGAAGGCATTCTTGGCAGTATCGCCGGGGATGACACCATCTTTACCACGCCTGCGCGCGGTTTTACGGTGAAAGATCTGCACGACGCCATTCTGGTCCTGTTTGAGCAGGAACTCTGAGTAATTCCCCTCTGGCTACCGTCAGAGGGCGACTCCTCTTTCTTTTGCCTCTCCCCCCTTCTGGCACAACAACTATTTAACACTTAGTGTCATTTACGCCGTCTATACGTTCTTTTACTAACGCGAAAATCGTAAAACGCACAAAAGATCAAATTCGTATACCTTTATGAATTTATTAGAAATAAATCTTATCGCTGTCGCTAACGTGTCATTTTTAATTCTTATCCGTTATAAAAAGCGCAATCTATTGTAACTATTAACGCACAAAACAATTAGCATGG
NZ_CP061961.1_gap15	654488	655379	891	TCCCGATAAAGAACGCCATCGCCGCCAGGCTGATGCAAAGCAACAGCATGCTCTGCTGCGTCGCCGGCATGATCACCAGGAAGTACAAGGTGCCCAACGGTAACGCCGCCAAGGTGCCATAGAGGAAGTCTATCGCCACCATACGCGGGTTTGGCAGGCGCATCGCCAGCGCGGTAACCACGGCGATCATTACCATCGCGCCGCTGCCTGAGGTCCAGCCCGTCCACAGCCAGAATAGCGTTCCGAGAATACAAGAGACGGAGGTGCGCCAGAAGTTCACCATCGCGTGATGACGTTCGGCGGACTCCACTTTAACCACCGTTTCGCCGCGCAACACGCCATCCTCGATACGGCTGATTTTAGTATTCCCCACCACGCCGCGCTTAAGCAGCAGATAACGCGTGGCGGCGCCCACCCAGCTATAAATCGTGACCGGGGTATTATGCTCGCCTTTCCAGGTCAGGAAGCGGCGCATGCGCTTCAGCTGCTGGTGAACATCCTGCACCGTCTCAACCGGCTCGGCGAACAGCTCGCGATAGTCGTCCGTGACCATTTCCGGGCGTGAGTTCTGAATCAGATAGGTTTCGCAAGCCTGGGTGATAAGGGTTAGCGAAAGGGTGTTGATCGCCTTCAGGCGCTGATTGGCCTTTGCCCAGCGTGAGGATTCCATAATCAGGTTACTACGCATACCTTCCAGCGCCGTAGTGCGGCGTACCAGCGCTCCCCAGGCTTGATCCACTTCCTCTTTTTCACCGTGCGCGACGCATAACTGCATCAGCTTATACTGTGCAATTAGCAGATTATCGAGCTCGAGGTCGATCTCTTTTTTAATCGAACGCGGCGAAAACAGGAGATCGGCGACGATGGCGCTGACAATACCGATGACAATTT
NZ_CP061961.1_gap16	657012	661434	4422	TGAGCAGATGCGTTTATTATGTAGCTAACAATATATTAACGTAACGATTGCCGCATTATCTACAATGTGTGATCTAAATCACTTTTAAGCCAGAGTGAATAATGGAACGATTAAAACGCATGTCCGTTTTCGCCAAAGTGGTCGAATTAGGTTCATTCACCGCAGCGGCCCGCCAGCTTCAGATGAGCGTTTCCTCGATCAGTCAGACCGTCGCCAAACTGGAAGATGAGCTGCAGGTAAAGCTGCTCAACCGCAGCACCCGCAGCCTTGGCTTAACTGAAGCAGGTAAAATCTATTACCAGGGCTGCCGTAGGATGCTGTTTGAAGCGCAGGATGTCCATGAGCAATTATACGCATTTAACAATACCCCCATCGGGACGCTGCGCATCGGCTGCTCTTCAACTATGGCACAGAATGTTCTGGCGCGCATAACGGCGAAAATGCTCAAAGAATACCCCGGGCTCTCTGTTAATCTGGTCACCGGCATACCTGCGCCAGACCTGATCGCCGACGGCCTTGACGTGGTGATCCGCGTGGGCGCCCTGCAGGATTCCAGCCTTTTTTCCCGCCGCCTGGGCTCAATGCCGATGGTATTATGCGCCGCTAAAAGCTATCTGGCGCAGGCTGGCAATCCAGAGAAACCGGCCGACCTTGCCGGACATGCCTGGCTGGAATATAGCGTGCGGCCGGACAATGAGTTTGTCATTATCGCGCCGGAAGGGATCTCGACCCGCCTGACCCCGCAGGGGCGCTTCGTGACCAACGACCCTATGACGCTGGTGCGCTGGCTGACCGCCGGGGTGGGTATCGCCTATGTACCGTTAATGTGGGCGATCGAAGAGATCAACCGCGGTGAACTTGAGATCCTGCTGCCCAGCTATCAGTCCGATCCGCGACCGGTCTACGCCCTGTATACGGAAAAGGATAAACTGCCGCTGAAAGTGCAGGTCTGTATCAACTATCTGACGGAGTATTTTGTCGACGTGGCGAAGATCTATCAGGGCATGCACGGGCGCGGGATCGCCCGGTGAAGCGGTTCCCGGCAGCGCCGGGAACCAGGTCAGGATCAGGCGGTGCCGCCGACGGTAAGGTTATCGACCTTCAGGGTCGGCTGGCCGACGCCCACCGGCACGCTCTGGCCCTCTTTGCCACAGACGCCGACGCCGTTATCCAGGCGCAGGTCGTTGCCCACCATCGAAATCTGCTGCATGGTCTCAATGCCGGAGCCAATCAGCGTGGCCCCTTTCACCGCCTTCGTGACCTTCCCTTTTTCGATCAGATAGGCCTCGGAAGTGGAGAAGACGAATTTACCGGAGGTGATATCCACCTGCCCGCCGCCGAAGTTAGGCGCAAAGATACCGTAGTCGACCGATTCGATAATCTCCTGTGGCGTCGACTGGCCCGCCAGCATATAGGTGTTGGTCATACGCGGCATCGGCAGATGGGCATACGACTCACGTCGGCCATTGCCGGTCGGTGCGACGCCCATCAGGCGCGCGTTGAGTTTATCCTGCATATAGCCTTTCAGAATGCCGTTTTCGATCAGCACGTTGTATTGCCCCGGCGTCCCTTCGTCATCAATGGCCACCGAGCCACGGCGATCGGCGATGGTGCCGTCATCCACTACGGTGCACAGCTCAGAGGCGACTAATTCCCCCATATGGCCGCTAAAGACCGAGGTGCCACGCCGGTTGAAATCGCCTTCCAGCCCATGGCCGACCGCTTCATGCAGCAGGACGCCAGGCCAGCCGGCGCCGAGCACCACAGGCAGCATCCCCGCAGGGGCGGCGACCGCCGAGAGGTTGACCAGCGCCATGCGCACCGCTTCTTTCGCCCAGGCATCGGCCCGCACGTCGCCCTCCTGGGAGGCGAGGAAATAGTCATAACCAAAACGCCCGCCACCGCCGCTGCTGCCGCGCTCACGCTTGCCATCCTCTTCCACCAGCACGCTGACGGAAAGACGAACCAGCGGACGAACGTCGGCGGCCAGAGTGCCATCGGTGGCGGCGACCAGGATCAGCTCATACACCCCGCTCAGGCTGGCTGAAACCTCCTGCACCCGCTGGTCCGCCGCCCGGGCGACTTTGTCTACCCGGCGCAGAATATCCAGCTTCTCTTCCCGGGTCATACTCTGCAGCGGGTCGATGCTGGTGTACAGGGCACGATGCTCTACGGCGCCGAGGGTCTGCACTTTGCCATTGCCGGTGTCGCGCACAATGGTCCGCGCCGCCTGGGCGCTCTGCTCCAGCGCCAGTTTGCTGATCTGATCGGCGTAGGCAAAGCCCGTTTTTTCGCCGCTGACGGCGCGCACGCCTACGCCCTGGTCGATATTGTACGACCCATCTTTAATGATGCTGTCTTCCAGAACCCAGGATTCGTGATAGCTCGACTGAAAATAGAGATCGCCGTAATCGAGGCGGCGCTCGGTCAGTTGACCAAGAATGGCAAACAGGTCCTGATGATTCAGGCCATTTGCCGACAGTAATTGTTCACTTACCAGGTTCAGACTCATCGTTATGCTACTCGTTTGTTGCCGCCTGACAGGCGGAAATACAGAAGGCTATCTATTGAGATTGCGGCAATTCCCGGCAATCGTCAAATCATTGCTTTTTATTGCTGCGCGCCTGGCGCAGCACTTCATTGATCTGCGGCTGGTCAATCGGGCCAGTGATGCGGTAGCGCAGAATCGAAACTTTATTCCACAGCGGACCCAGCACTTTGCTGGCGGCAAATACCGCCGCGCCGACGATGGGGTTGACGGCAAAGGCCGCCGCCACGCCGACGGTCGCGGAGATCTCCGGCGCCACCACCGCCTGCAGATCCAGCTGGCGACGCACCAGATCGACCGACCCTTTCATAGCAATATCCGCTTCAAGGCCATCCACCAGCGTATCATCGGTATGCAGTACGCCATCCTTAATCCATGCCGTACTGTTAATCGAATCGAAGTAAAAGCCTTCGCTGAAGGTATCGCTGAAATCGAAACGCAGTTTACGCAGCAGGGCATCCACACTCAGCAGACGCAGCAGCTGGCCAGCGTGCCCGGTACTCAGGTCGGTAAACTGCCCCTTGCCCAGGTGGCTTTTAATGATGCCATTGAGCGACGCGACATCGGGTGACCAGGGCGGCGCGCGCCAGTGCAGATCGTAGTCGATATCAAACGGCGAATCCTTCACCGGCGTGGAGACGCCAAAGAAATCCGCAAATGCATCCGTCTTATTGCCGTGCAGTCTGCCTTTCAGCGAGGTTCGAACCCCTGAAGGGGCGTTCACCCACACGCCGTTGGTCGTCAGCCGGCCAAACCCGGTATCCACCAGGCCGTTGGAGAGCGTTAAGGTATCCCCTTTGATCGCCACATCCCCATCGATGCGGCCATATTTTTGTCCCCACAGCCAGCATTCCGCGCAGCGTAGCTGCAGATCGGGCCAGCCATGGAAATCCAGCCGGGTCGCCGTCTGGGGGGCCACATTCTCTGTTGCGTTCTGGCCGCTGGCGCTGGCCGGATTGAAATAGAGATAACGCACATTTGCCAGCCACGGAGCATTGTCGCTCATCGTCAATGTGGCATTGATCTCACGCCCCTGCGCCTCAACCTGCGAGCCGCCGGCGACCGGCTGGGACATCAGACTGACGTTGTTCCACTGTTGCCCCGCAAGGGCCAGCGACGGCGTACGCAGCACAATGCGCGGTGGAAAGAGCACGCTGCTGCTCACTTCATTTGCCGCGCCGTTCTCGAAGAGCGCCAGCCACTGCGCGCCATCCATCGGCGGCAGATTGAGCTCGATACCGGGCTGATCGGGCAGCGGAGAGTGCCCTTTGCTGTCAGTGGTAAGGATCGCTCTATCCAGCGTCAGCTTATGATTGAGCAACCAGCGGCTGTTAATATGATTCTTCGCCCCGATGGAGCCGGTCAGGTCGAAGCTGCTCAGGCCGCCGGCGACGTTAATTTTGACCGGAAGGGGTTCGCCGGCGGGCTTACTGACTGGCGAAGGTAAGCGACTGCTCACATTCTTCAGATCGCCGTTGATATCGACCTTATAGCTGGCATTGCCATGGTACGGCAGTTCGATAGCGACCTTGCCATCCCACGGGACGCTACCGCTCAACGCCTCACTCACGGCTTTCGGCAGCAGCCCGGTGCGCGACGGCTGCCAGTTGGCATTCATCCCGACATCCACCAGAAACGCTTTTTCACCTTCGCGGGTGGAAAAATTGAGGTTCAGCGGCTGATTAAACCAGGTCGCGCTCAACGTTTGACTATTGAGATCGCCATTCACAAAGCTGAAATTACCGCTCAGGTTCTGCAGCGTAGTATCTAACGGTTTGATAAACAGGCTATTATTCTGCAGGCGCACATCGCCTTTCGCGGTGGTCATCTCGCCGTCGAGGGGGATATTAAGATGTAAGCGAGCGCTCACATCC
NZ_CP061961.1_gap17	695120	695930	810	TGGCGCCAAACTGGCCCTGACCGAATGGCTGGTCCAGCGCGGGTGGCGTTCGTTCCTCAACGAGGCGGGAGAGAAAAAAATAGCCGGATCGTTCAAACGGTTTGCCGATATTCACCTCTCGCGGGTGGCGGCCGAGCTGCGCAGCGCCGTGCAGCATCTGGCGATAGAAGATGCCGCTGACCAGTTGCCGAAGCTGTCCCGCGACATCGACAGCGTCCAGCTGCTGGCGGGCGCCTATGGCGACGCCGTCGCGCCGTGGCTGGAGAACTGGCAGGAACTTCAGCGTGCGATAGAGCATGACGACCGCAGCGTGTTTGAATATTTCCGTCGCCAGGCGCTGGCTGCCGAGCCGTTCTGGCTGCATAGTGGAAAACGATAATTACAGGCCAGGGAGCCCTTATGATGCCGCTTTCTCCGCAGTTACAGCAGCACTGGCAGACGGTCGCTGACCGTCTGCCAACGGATTTTCCCGTTGCCGAACTGAGCCCACAGGCCAGGTCGGTGATGGCGTTCAGCGATTTTGTCGAACAGAGTGTGATCGCTCAGCCGGGCTGGCTGAATGAGCTTGCGGACTCCGCGCCGGCGGCGGAAGAGTGGCGGCATTACGAAGCCTGGCTGCAGGAGCGCCTGCAGGCCGTCACTGACGAAGCGGGGTTGATGCGAGAGCTGCGTCTCTTCCGCCGCCAGATGATGGTCCGCATCGCCTGGGCGCAGGCGTTGTCGCTGGTGCGCGAAGAAGAGACGCTGCAGCAGCTGAGCGTCCTGGCGGAGACCCTGATTGTCGCCGCCCGCGACTGGCTGTACGCCGCC
NZ_CP061961.1_gap18	697143	699603	2460	TTGAACTGCTGAGCGAATTCCCCGGCGCGCTGAAACACCTGATTACGCTCTGCGCGGCATCGCCGATGGTCGCCAGCCAGCTGGCGCGCCACCCGCTGCTGCTGGATGAGCTGCTGGATCCCAACACCCTCTATCAGCCGACGGCGACCGATGCCTATCGCGACGAGCTGCGTCAGTATCTGCTGCGGGTGCCGGAAGAGGATGAAGAGCAGCAGCTGGAGGCGTTGCGCCAGTTCAAGCAGGCGCAGCAGCTACATATCGCGGCGGCGGATATCGCCGGCACCCTACCGGTGATGAAGGTCAGCGACCATTTAACCTGGCTTGCCGAAGCGATCCTCGATGCGGTGGTGCAGCAGGCATGGGGGCAGATGGTGGCTCGCTACGGCCTGCCGACCCACCTGCACGATCGCCAGGGGCGCGGCTTCGCCGTCGTCGGCTACGGCAAGCTCGGCGGTTGGGAGCTGGGCTACAGCTCCGATCTCGACCTGGTGTTCCTCCATGACTGCCCGGCGGAGGTGATGACCGACGGCGAGCGGGAGATTGACGGCCGTCAGTTCTACCTGCGGCTGGCCCAGCGGATCATGCATCTGTTCAGCACCCGCACCTCGTCCGGTATTCTCTACGAAGTGGACGCCCGGCTGCGCCCTTCCGGCGCGGCGGGGATGCTGGTTACCACCGCTGACGCGTTTGCCGACTATCAGCAGAACGAGGCCTGGACGTGGGAGCATCAGGCGCTGGTGCGCGCCCGCGTGGTCTATGGCGACCCGGCGTTGCAGGCGCGCTTTGACGCCATTCGTCGCGATATCCTGACCACCCCGCGGGAGGGCGCAACCCTGCAGACCGAGGTTCGCGAGATGCGCGAGAAGATGCGCGCCCACCTCGGCAACAAGCATCCCAATCGTTTTGATATCAAAGCCGATGCCGGCGGGATCACGGATATTGAATTTATTACCCAGTATCTGGTCCTACGCTATGCCAGCGACAAGCCGAAGCTGACCCGCTGGTCTGATAATGTGCGTATTCTCGAGCTGCTGGCGCAGAACGACATCATGGACGAGGAGGAAGCGCGCGCCTTAACGCACGCGTACACCACCTTGCGTGACGCGCTCCATCACCTGGCCCTGCAGGAGCTGCCGGGACACGTGGCGCCAGAGGCCTTCAGCCGGGAGCGCGAGCAGGTCAGCGCCAGCTGGCAGAAATGGCTGATGGCTTAACTATAAAATCGGGTGTGCTATTATCGCGCGCAAAGTTTGCGTCTCGCAGGAGAGAGTCATGAAAGTAACGCTGCCGGAGTTTGAACGTGCAGGAGTGTTGGTGGTGGGTGATGTGATGCTGGACCGCTACTGGTACGGCCCCACCAGTCGTATTTCCCCGGAAGCCCCGGTGCCGGTGGTGAAGGTGGAAAATATCGAAGAACGTCCTGGCGGCGCGGCAAACGTAGCGATGAACATTGCCTCGCTGGGGGCAACCTCGCGCCTGGTGGGATTGACCGGGATTGATGACGCCGCCCGCGCGCTGAGCCAGGCGCTGGCCAACGTCAATGTGAAGTGCGACTTCGTCTCCGTCCCGACTCACCCGACTATCACCAAGCTGCGGGTGCTGTCGCGCAATCAACAGCTGATCCGCCTCGACTTTGAAGAGGGCTTCTCCGGCGTCGATCCGCAGCCGATGCACGAGCGCATTCAGCAGGCGCTGGGCTCTATTGGCGCGCTGGTCCTTTCGGACTATGCCAAAGGGGCGCTGACCAGCGTCCAGACCATGATCCGACTCGCACGTGAAGCGGGCGTGCCGGTGCTGATCGATCCGAAAGGCACCGATTTCGAACGCTATCGCGGCGCGACGTTGCTCACCCCGAACCTCTCTGAGTTTGAAGCGGTGGTGGGCAAGTGCCAGGATGAAGCGCAGATCGTTGAGCGCGGCATGAAGCTCATCGCCGAATTCGAACTGTCGGCGCTGCTGGTGACGCGCTCTGAGCAGGGGATGACGCTGCTGCAGCCGGGACGTCCGCCGCTGCATATGCCGACCCAGGCCCAGGAAGTGTACGACGTGACCGGCGCCGGCGACACGGTGATTGGCGTACTGGCGGCGACCCTGGCGTCCGGCAACACCCTGGAAGAGGCCTGCTATTTCGCTAACGCCGCGGCGGGCGTGGTGGTCGGTAAGCTGGGTACATCCACCGTTTCCCCTGTCGAGCTGGAAAACGCGGTCCGCGGCCGGGCTGAGACCGGCTTTGGCGTGATGAGCGAAGAGGAGCTCAAACAGGCGGTTGCGGCGGCGCGCAAGCGCGGCGAGAAAGTGGTGATGACCAACGGCGTCTTCGACATTCTGCATGCCGGTCATGTCTCCTATCTGGCGAATGCGCGCAAGCTGGGCGACCGTCTGATCGTGGCGGTCAACAGCGATGCCTCCACCAAACGTCTGAAAGGCGAAACCCGCCCGGTGAACCCGCTGGAACAGCGG
NZ_CP061961.1_gap19	793412	794434	1022	CCTTTGGGTCCGGTGGCCGGGGTAAATGTGACCTGAGAGCCAGTGGCGGGCAGAACAGCGCCGATAACATCTCTGACGCCAAAGAAATAATCCTGATTACCTTCTGCGGTAATAAAGCCATATCCCTTTTCCTGACTAAACCACTTCACCGTTCCTTTCATTCGAGCCATCCATGCTGTTCGTTTATAAACCAGCTGACATCTTATTCTGCGGTATCGTTTCGTTCAACGTCTGCATGTTGATGAACGGGGTAGATGCAGAGGAGGGCGGTGTACTGTGTTATTGGCTAATAATTCTTACGTTATTTGTTGGTTCTTCCACTCCTTATCTGGCGCGCGAGTAGTTTGCCTTCACTGTCAAAATAGCGGCTGGGCCAGATTATTTCCGGTGAGATGCTCAGCGCATCGGCAATAAGCTTTTCGCCTTTCGGCCACGGGCGGAGCAGCGCGTTTGCCAGTGTGGAACTCGACAGGCCTGCGCTGCGTGAAACTGCGGCAAGCGATGTTCCCTTCTTTCTTAGCCCGGCGATGATGTCTGCCGGATGCCAGTCGTTGTTTTCCATGGTTTTATCTCCAGTATGCGAATCCATCTTTAGTAACTCTAAAGATAATTAATCTTAAGGAATGCTAAAGATACTGTCAATATATTGATTGATGGTAACAATATGATTCCTAAACGTTTGAAGGATGCCAGATTACGCGCTGGGCTAACTCAGGAAAAGTTAGGTGTAATGGCTGGGATTGAAGAGGCTACGGCATATTCACGTTTGTCCCATTATGAAAGCGGAACGCACAAGCCTTCATTTGAGCTGGTTTGTAGTTTTGCAAAAGTGCTGGATGTGCCAGAGTGCTATTTTTATACCGTTGATGATGAGTTTGCTGAAGCGGTGTTGGCTCTTTATCAGGGTTTTAAAACTGAATCGTAGCCGAAAAAAGTAAAGCCAGAATAATAATTCTGGCTACAGGCAGACAATTCTTATCCTTTGTTTTGAACGTTATTTTCGAAAAAAGTATCCCATTGTT
NZ_CP061961.1_gap20	819290	819884	594	ACGATTACCGCCTCAGGCTGCCACTCTTTAAGCAGTTTTTCGATGACGTTCCAGTCCGGTTTACCATCCTGCGCCTTCAGCGCCGGTAATGGTCGTGCGGTCGCGGTGATGCGTTGTCCCACCGCCACGCCGATGCTTTTGGTGCCAAAGTCAAAGCCGAGAAAGGTTCCGCTCATCACGCATGCCCCGCGACGCCTGGCATCGTCACAATGTCGATACCAATCAGTTTAGCCGCCTCGCGCCAGCGATCGGCGATCGGCGTACGGAAAAGAATATTCTGATCCGCCGGGGCGGTGAGCCAGGCATTATCTAAAATCTCCTGCTCCAGCTGCCCTTTCTCCCACGAAGAGTAGCCCAACGCAACCAGCACGTTGCCCGGCTGCCGATCGGTTCCTAAGGTTTCAAGAACATCCCGCGAGGTGGTAATCACCGTGTTATCCGAGATGCGAATGCTCGAGGAAAAGTCAGAGGGCGGGGTATGCAAAATGAAGCCGCGGTCTTCCGCCAGCGGGCCTCCCAGCATCACCGGTTTATCCAGACGGATCTCTGGATTGCGCGGCTCCGGGACAATTTTGAGCTTCTCAAGGATCCCTT
NZ_CP061961.1_gap21	930827	931855	1028	AAGGCAAGGGGGAGAATATTGTCAGAATGTGCGACAGCAGCTCAGGCAGCCGCTGTCGCCAGAGGGGATTAGCCGAAGAACATCACCGACACGCAGAGCAGGCCAACCACCAGCGTAATGGCGTTACCCACCGAGCGGTACGGCTTCAGCGCCGGAATGAGCCATGTCGACAGCGTGGGCATAATAAACAGGATCATGGCGATAAGCGGTCCGCTGATAGCGTAGATCATTGAGATCGCATTCGGGTTGATAAAGCACACCGCAAAAGTGAAGGCGGAGACCAGCAGGATCGACATCGCGCGGTTGAAAGCGCGGCTCTTACGCACGCCCAGCAGGCCCAGCGAGCTTTTGACGATTTCGCTGGCGCCCTCAATCACTCCGAAGTAGGTTCCGAGAAACGACTTCGACATAGCGACGACGGCGACGATGATGCCGGTCACCGCCAGCCATCCCGGCGCGCCTGGCACCATCGACAGGGCGGAGAGGATAGTCACCCCCTGATCGCGGGCGGTCTCTATATAGGTTGCCGGGATCGCCAGCAGACAACTGAAGACAAAAAACAGCACGCTGGCGCAGATGATGGTGTAGGCCACCTTCATGATTTTTTTGCATTTACCCATGGCCAGGTCGCCGTGTTTCTCCTGCTGATCGATAGCAAAAGTCGAGATGATCGGCGTATGGCTAAAAGCGAAAACCATCACGGGAATAGAGATCCAGACCTGGTGGAGCGTCTGCGGGCTGAACTGCATCTGGCTGGTGAGATGCTCCGGATGCCAGTCGCGGATTAAATAGAGGGAGAGAAACAGGAAACAGGCGATAAGCGGGAAGACCAGAAAGCCCATCACCTTGATGGTGACCTGCCGTCCCATGAGAAAGATCAGGTTGAGGACCAGCACGACCCCCAGACTCAGCAGCGCACGCAGCCCTGGGGTCATCGGCGTGCGATGCGCCACCTGTTCGGCCAGCGAGTTGGTGATGGCCACGGCGTAGATGAGCACCACCACAAAGAAGGCAAGGAAATAGAGGCC
NZ_CP061961.1_gap22	947266	952072	4806	TCGTTGAGCGGCAGCCGCTGATCGCCCAGCGTCAAATACAGGCGACCACCGTGCTCAACCAGCTGGCTGGGACGAATATTCATCTCCGGCGCGCCGATAAACCCGGCGACAAACATATTTTTCGGCTGGTGGTAGAGATTGTCCGGGGTATCAACCTGCATAATGTGGCCGAGCTTCATCACGCAGATGCGGTCGCCCATGGTCATCGCTTCCGTCTGATCGTGGGTGACGTAGACGGTGGTCGCCGGTTTGCCAGATTTTTTCAACTGCTTATGCAGATCGGAAATGCGGATCCGCATCGAGGCGCGCAGCTTGGCGTCAAGGTTGGAGAGCGGTTCGTCGAACAGGAAGACGTCCGGTTTTTTGACGATCGCCCGGCCCACCGCCACGCGCTGCGCCTGGCCGCCGGAGAGCTGGCGCGGCAGGCGATCGAGCAGTTCTTCCAGTTCGAGAATTTTCGCCGCTTCTTCCACCTGTCTGTCGATTTGCGCCTTCGGCAGCTTGCTTAGTTTGAGGCCAAAGGCGAGGTTTTCGCGCACCGTCATATGCGGATAGAGGGCGTAGTTCTGGAACACCATCGCGATGCCACGGGATTTAGGCGCCAGGTTGTTGACGATTTTGTCCCCAATCCGCACCTCGCCGCCGCTGATGGTCTCCAGGCCCGCCAGCATGCGCAGGGTGGTCGATTTGGCGCAGCCGGAGGGGCCGACGATCACCATAAATTCGCCATCGGCAATCTTCAGGTCGATACCATGCACCGCTTTAAACCCGTTGGAGTAGACTTTTTCCAGTTTGTTGAAAATCACTTCAGCCATGATATTTCCCTCTTAACCTTTGATTCCGCTGCTGGTCACGCCCTGCACGAAGTAGCGTTGAGCCAGGAAGAAGACAATGATGGACGGCAGAATGGAGATGCTCGCCATTGCCAGAATTTCGTTCCACGGCGCGCCTTCCGTGACGTCGATAGACATTTTTAGCGCCAGCGCGATGGGATACTTATCGACGCTGTAGACGTAGATCAGCGGACCGATAAAGTCGTTCATCGACCACATAAACTGGAACAGCGCCACCGAGATAATGGCCGGCTTGAGGATCGGCACCACCACATACCACAGCACCTGGATGGAGTTGCAGCCGTCGATCTGCGCCGCCTCTTCCATATCGCGCGGCACGCCGCGCAGAAACTGGATCAGCATGAAGACGAAGAATCCCTGGGTGGCGAAGGCCAGCGGCAAGTACAGCGGCAGATAGCTGTTCAGCATCCCCATTTCGCGGAACATCAGGTACTGCGGGATCAGCAGGACGGTGCTCGGCAGCAACATGGTGGTGATAAGCGTTGCGAACCAGAACTTCTTCCACGGGATCTCAAAGCGTGCGAAGCCGTACGCCACGATGGTGGAGGAAATGATCGTTAACACCACTTTCGGGATCACATACTTAAAGGTGTTCAGCATATAGTGGCCGAAATGGTATTCGGTGCCGGTCTTCCAGCCGTTGATAAACCCGTCCCAGGTGGCGTGGGCAGGCCACAGCCCGAGGGTGGTGAAGATCTCATGGTTCGGCTTGAACGAGGCGGAGAACATCCACGCCAGCGGGTAGAGCATCAGCAGGCCGACGAATATCAGCACGACGTAGCGCACCACCCGGCTCACCTTTTCCCGGCGCAGCGTACGGGCGACCTCACGATCGGCGTCGCTCATCACCGGCGCCATCTGTTGAATATCAGCCATTTTTGCCTCCCTTATCGGCGGAGTAGAAGACCCAGTATTTCGATGACTTAAAGGCGATCGACGCAAAGACCGCCACGACGAGGAACAGCACCCACGCCAGCGCGGCGCCATAGCCCATGTCGAAGTACTTAAAGGCGGTATCGTAGATATAGAGTGAGAACAGGTAGGTGTAATAGGTCGGACCGCCGCCGGTTATCACGTACGGGCCGGTAAACTCCTGGAACGCCTGGGTGGTCTGCATAATAAAGTTGAAGAAAATCACCGGGGTGATCAGCGGCACGGTGACCTTCATGAACATCTGCCACTTTGAGGCGCCGTCAATCATTGCCGCCTCATACTGCGACTGCGGAACGTTCTGCAGCGCGGCGAGGAAGATGACCATCGCGGAGCCAAACTGCCAGACGCGCAGCAGGGTGACCGACATCAGCGCCAGGGAGGGTTCCCCCAGCCAGTTGATGGCATCGATGCCAAAGACGGCGAGAAAACTGTTCAGCAGGCCGTCAATGGCGAACAGGGCGCGCCACAGCACGGCAATCGCCACCGAGCTGCCGAGGATCGACGGGATGTAATAGGCGGTGCGGAAAAAGCCGATGCCGCGCAGTTTGAAATTGAGCACAAAAGCAATGCCGAGGGCGAAAGCCAGTTTTAAGGGGATGGTTAAAAAGACGTAGGCAAAGGTCACCCCCATCGATTTCCAGAACAGGCTATCCTCGGTCAACATATAGCGATAGTTTTCGATGCCGTTAAATACCGGCGGGCTCATCAAGTCGTACTCGGTAAAACTGAGAAAGAAAGATGAAACAAAGGGAAAAGCGGTAAAGACGATCAGCCCGATGATATAGGGCGATATCCATGCCAATCCCAGCAGCTTGTTTTCATTCATACATACCTACCTGGCTTACGAGTTGTAATACGGATCCGGTGACGCCGCGCTGTCGGCCTTTTACGCCTGACAACGCAAAAATGTCTGAACGCTTCCTCTGCTTAACATGTCATTGTTAATTAATGGGTTATTCTTTAACTGGTCTAGCAGGTAAGGGCTGTCAGCCCCTTTTTTTATGCTGAACTGTTTTTTATAAAACGCCGTTTTAATTTCATTTTATTGCGATTTGTTTCTGCGTCATGCAGATCAGGATGGAAATGTGATCAAAGTCGAAACGATGTTTCAAAAAGGTGAGGTGGTAAGCATTTTGGCCGTAAAGGGCGTCTGAAAGGAATGAAAAATTAGGCTTAACTGAGCGGGAAATATAATTACCAGGATAATGATTGTGACAGCATCTTTTTATTGAAGGGCGCCGGGCAGTAACCGGGGACGGCGAACGCCCCCGTTATGGATTAGCCTTCAAGAAAATCTTCGCGAATGGGAGTAAAGGTATCGAGCAGCGTGCCGGGCTGCAGGCAGACGCAACCGTGCATAATCCCCGGCCGCTTATACAACGTATCGCCGGCGCTGACGACGCGCGTCTCCTCGCCGATGGTGAACTCAAACTCGCCGGAAAGCACATAGGTGAGCTGTTCGTGAGGATGGTTATGCATCGGGCCGACGGCGCCGGCGGCAAAATTCACCTCCACGGCCATCATTTTGCCGTCGTGGGCCAGAATGCGGCGGGTTACGCCATTGCCGAGGTCTTCAAGGGTGGTGTCTTTATGAAAAATAAACATCGGGCGATCCTGTTGTTAAAGTGAAACATTGTTTCATTTAACTTATCCCACTCTTCATGAAAAAGAAATACGCGGCCAGAGAAGTGGAAAGTTGATCACAAGTTTGCTTCACTGGCAGAAACGACATAAGGAGCAGAAGATGAAAACCATTGGCCTGTTAGGCGGCATGAGCTGGGAGTCCACGATCCCCTATTATCGGTTGATCAATGAGGGCGTTAAGGCGCGACTGGGCGGCCTGCACTCTGCCAGCCTGGTGCTGCACAGCGTCGATTTTCACGACATCGAAGCCTGCCAGTCCGCCGGCGACTGGGATCGCGCCGGGGAGATCCTTGCTGAGGCCGCGGTCGGGCTGCAGCAGGCGGGGGCCGAAGGCATTGTCCTGTGCACCAACACCATGCATAAAGTCGCAGATGCCATCGCCGCCCGCTGCCAGGTTCCCTTCCTGCATATTGCCGATGCCACCGGACGGGCGATTGCCGCCAAAGGTCAGCGCCGGGTCGCGCTGCTGGGCACCCGCTATACCATGGAGCAGACCTTTTACCGCGGTCGTCTGCAGGAGCAGTTTGCCATCGAGACGCTGATCCCTGAGGCTGACGATCGGGCGCAGATCAATCAGATCATCTTCGACGAACTTTGTCTCGGCACCTTCAGCGAGGCGTCGCGGGATTATTATCTGCAGACGATCGCCGCCCTGGCGGAGCAGGGGGCGGAAGGGGTTATTTTCGGCTGTACGGAGATTGGCCTGCTGGTGCCTGCCGAGCTCAGCCCGCTGCCGGTCTTTGACACCGCGGCGATCCACGCGGAAGACGCGGTCAACTTTATGCTCTCTGCAGGACCGACGCCAGCGGCGTGAGGATCTGCGGCAGACTCTGCTGCAGGTGGGCAACAAAGGCGTCGACCAGCGCCGAGCGCGGGCGGTGGAGAGGGCGGATCAGGCTGACGGTAAACGGCACCTCGACGCTGAAGCGGCGCACCACCACGCCGCTATCGGCATAGTCCAGGGCGGTTAACGGATTCACCACCGAGATCCCGGCGCCGGCGCGCACCATGGCGCAGATCGAGGCCGCGCTGTGGGTTTCGACCACCATCCGCCGTTTAACCTGATGCTCAAGGAACAGGGCGTCGAGCAGCTGGCGATAGCTGTCGGTGCGCGACAGGCTGATGTAGTTTTCGCCCTGAAAATCGGCGGGGGTCAGCGTCGCCTGCGCCGCCAGCGGATGGCCGGCGGGCAGCACGCAGACTTCATTCAGCGTCAGCAGCGGGGTGCGTTCGGTGCCCGCGGGGGTATGCAGGGTCTCCGTCAGGCCAAGGTCATGGCGCTGGGCGGAGAGCCACTCCTCCAGCAGCGGCGACTCCTGGGGGACGATCTGCAGGCTGACCTCCGGGTAGCGAGCGAGAAACGGCGGCAACAGCA
NZ_CP061961.1_gap23	953362	957774	4412	GCCGAGTCCGGCGTGCTGGTGTCGCAGGTGCGCAGTGTGAAAGAGATGGGCAGCCGTCACTTCGTGCTGATTGACGCCGGCTTTAACGACCTGATGCGCCCGGCAATGTACGGTAGCTATCACCATATCACCGCTCTGGCGGGGGATGGCCGGGATCTCAGCGCCGCGCCGCAGGTCGAAACCGTGGTGGCCGGGCCGCTGTGCGAATCCGGGGATGTCTTTACCCAGCAGGAGGGGGGCAAAGTCGAGACCCGCCTGCTGCCGGCGGTGGCGCCTGGGGATTATCTGGTGCTCCATGACACCGGCGCCTACGGGGCTTCGATGTCGTCCAACTATAACAGCCGTCCGCTGCTGCCGGAGGTGCTGTTTGATGGCGGTAAGGCGCGGCTGATCCGCCGTCGCCAGACCATCCAGGAGCTGCTGGCCTTAGAGCTTATTTAAAAAAAGGTCCCGTCGTCACCGACTCGCGAAGCACCAGCGTGCCGGTAAACGGCGGGATCGTTTCTATCGGCTGCTGATTGGCAAGCTTGATCGCCTGGTCGATAGCCGTAGTGATCATGTTGTCGATCGGCAGATAAACCGTCGACAGCCCCGGCTCCAGCCATTTCGCGCTTGGCGCATCGTCGAAGCCAAACAGCGACACATCCTGTGGAATACGCAGCCCCGCCTGATGCAGCGCCTTTGACGCCCCCAGCGCCATATCATCGTTACAGGAAAACAGCGCGCTGAAGCGGGCTTTCTCGTCCAGCAGTTCCCGGCACAGTTCGTAGCCGCGGGTCATCGTCGAGTCCCCATACTTCACCCGGCTCGGATCCCACTCAATACCATGTTTTATCAGCGCGTTGCGGTAGCCCTGCAGGCGAGCCTGGCCGGTAGGGGTATGCATCGGGACGGTGATGCAGGCGATATCGCGGTGGCCCTGGGTAATCAGATACTCCACGGCCTGGAAGGCGGCTTCCTGCTGTTCGAAGAACACGCAGCGTTCGCGGGCCTGCGCCACATCGCGGTTAATCACCACCAGCGGCATGGCGATCGAGTTAATCAGCGACATGATCGCCTTCTCGCTCATGTGCCGGGTATAGAGGATGATCGCATCGCACTGCCGGTCGGCGAGCATCTGCACCGCTTCCTCTTCGCGCTCCGGCGTATCATGGCCGTCGGTGACGATAAGCTGCTTTCCCCAGGCTTCGGTCTGGCGTGACGCCTGCTGCAGCAGACGGCCAAAGTAGAAGCCGTCAAAGGTGGAGACGACCAGCCCGATACTATTGCTGGTCTGATTGGCCAGCGAGCGGGCAAGGAAATTGGGCCGGTAGCCCAGCTCTTCCATCGCTTTAAAGACCTGTTGGCGGGTGCTCTCTTTCACCTGACCTGTGCCGTTCAACACGCGGGAAACCGTCGCTTTCGAGACGCCTGCGCGAATTGAGACATCCAGCATTGTAGCCATTCATCGATTCCTGATTTCACGTGGTAAAGCGCAGTTTATCACAGACCGAAAAGGGACATATCGACGGGGCGGGGCGGAAAAACCATCGCGATCACGCTTTTGGCAGGAACTGACGAGCCGACAGACTCTGGTATGCCAATGTCGATTTTATCGGATATTTGGGATACCACTGTGCGCGTTGCGAGCGCTGTCACAGAACTATTTTTGCCTGGCGACTATGTTTTGGTATGCCAAAAGTCTCTGGCTGTTCACCTGGCCGCATTAAGCCCTTTACACTGAGGTACTCTTTTATGGCATTACAGGACAAACTGATCGACGCGCTGGGGCGTTTCGCGACGACATTCAACAGCTATCGCTACATTATGGCGATCAAATCGGCGTTTATTACCCTGATGCCGGTGATCATCGTCGGGGCCTTTTCGGTGCTGATCTCCAATATGGTGCTGGATCCGAAGAATGGGCTCGCCAGCTTTTCCTCGCTCTCCTTTCTTGCGGCGCTGAAGCCGATCACCAGCGCGCTAAACTACGCTACGCTCAACTTCCTCAATATCGGCGCCGTGTTTCTGATCGGTATTGAGCTGGGGCGGATCAACGGCATCAAAAGCCTGTTTCCCGGCCTGTTGGCGGTGATCTGCTTTATCTGCGTCACGCCGACCACGGTAGAGATGATGGTCGATGGCCAGATGCACGTGGTGAAAGATGTCCTGCTGCGCCAGTTTTCCGATACCCGCAGTCTGTTCCTTGGGATGTTCATCGCCATTCTGTCAGTGGAGATTTACTGCTGGCTGGAGGGGCGCAAGGGACTGAAGATCAAAATGCCGGATACCGTGCCGCCGAACGTCTCTGCCTCTTTTTCCGCGCTGATCCCGGCGATCATCACCACCACCGCGATCGCCACCTTTGGTTTTCTCTTTCACCAGCTGACGGGAATGTATCTCTACGATGCGGTCTACCAGGTGGTGCAGCAGCCGCTGGAGCGGGTGGTGCAGAGCCTGCCGGGGATCCTGCTGCTGATGTTCGTCGCCCAGCTGTTCTGGGTGATCGGCATTCACGGCAACCAGATGATCAAGCCGATCCGCGAGCCGCTGCTGCTGGGAGCGATCACTGTCAATATGAGCGCTTTTGAGCAGGGGAAAGAGGTACCGAACATCATCACGATGCCCTTCTGGGATGTCTACATGAGCATCGGCGGCTCGGGGCTGACCATCGGCCTGCTGATTGCGGTGATGATCGCCACCAGGCGCAAAGAGATGAAAGAGATCGCCAAGCTGTCGATAGGCCCGGGGCTGTTCAATATTAACGAGCCGGTGATCTTCGGGATGCCGATCATGCTCAACCCGATCCTCGCCATCCCGTTTATCATCACCCCGCTGGTGACCGGCAGCATCGGCTATTTCGCCACCCTGACCGGCTTCGCCGGCAAGGCGGTGGTGATGGTGCCCTGGACCACACCGCCGCTGATCAACGCCTGGCTCTCCACCGCCGGCTCGATGGGGGCGGTGGTGACCCAGCTTATCTGCATCGTCGTCGCAGTGCTTATCTATCTGCCTTTCGTCAAAATCGCCTCCCGCCGTGCCGATGCCGCGCAGCGTCAGGTAGACAATCAACAAACCGCCAACCCTGTCTGAGGAGCCTATGACTACCGTACGGATGACCATTCCCGATGATTTTATCCTTGGCGCGGCGGCTTCCGCCTGGCAGACCGAAGGCTGGAGCGGGAAAAAACCAGGGCAGGACTCCTGGCCCGATCTCTGGTACAAAAACGATCGCCACGTCTGGCATAACGGCTATGGCCCGGCGGTGGCCACCGATTTTATCAACCGCTTTCAGGAAGATGTGCAGCTGATGAAGCTGGCCGGGCTGACCCACTACCGCACCTCAATCAACTGGTCGCGCTTTCTGACCGACTATGAAAACGTCACGGTGGATGAGGAGTATGCGGCCTATTATGACCAGCTGTTCGATGCGCTGCTGGCCAACGGCATCACGCCGATGATCTGCCTTGAGCATTATGAATTGCCCGGCTATCTGCTGGAAAAGTATGGCGGCTGGGGGTCGAAAACGGTGGTTGAGCTGTTTGTGCGCTACGCGGAGAAGGTGTTTGCCCGCTACCACCCGAAGGTAACGCGCTGGTTTACCTTTAATGAGCCAATTGTGGTGCAGACCCGGGTCTATCTGGATGCTCTGCGCTGGCCCTATGAGCAGAACACCAGCACCTGGATGCAGTGGAACTATCATAAGGTGCTGGCGACCGCCAGCGTCGTGAAGCGGTTTCGCGAGCTCGGCTATCCCGGGACCGTCGGCTGCATCCTCAATCCGGAGGTGACCTACCCACGCTCACGCGCCCCCCATGACCTGCGCGCGGCGGAGATCTACGATCTGTTCTACAACCGCATGTTCCTCGACCCGCTGGTGCACGGCGTCTGGCCGCCGGAGCTTCTCGCGCTGCTTGAGCAGCATCAGGTGACGTGGGAGACCAGCGAGGAGGATCTGGCGGTTATCCGCGAGCACACCGTCGATGAGCTGGGGATTAATCTTTACTACCCGCACCGGGTCAAAGCCCCGTCGCGGGCCTGGCATCCGCACACCCCGTTCCATCCGGCCTGGTATTATGAGCCGTTTGAGCTGCCCGGCCGGCGGATGAACGCCTCCCGCGGCTGGGAAATCTACCCGCAAATCATCTTTAATATGGCGATGCGGATAAAAAATGACTATCGCAACATCCCGTGGTTCGTGGCGGAGAGCGGGATGGGGGTGGAAAACGAAGGCCAGTTCCGTAACCGCGAAGGCGTCATCGATGACAGCTACCGCATTCGTTTTATCAGCGAACATCTGTGGCACACCCTGCGCGCCCGCGAGGCAGGGGCCAACTGCCAGGGCTATATGCTGTGGGCGTTTACCGACAACGTATCGCCGATGAACGCCTTTAAAAACCGCTACGGGCTTATCGAAATCGATCTGCAAAACC
NZ_CP061961.1_gap24	960917	964821	3904	TGGCGCTGTTTTTGCCGGTCCGACCGGTTTTTGCGGTCTATACCTCAATCAGCCAGCGCTGGTTTATGCGCGCGCTGACGCCGATTATCGATTTTGTGCCGCTGGACCCGACCAAGCCGATGTCGATCAAACATCTGGTGCGCCTGATTGAGCAGGGGCGGCCGGTGGTTATTTTCCCGGAAGGGCGAATTTCGGTCAGCGGCTCGCTGATGAAAATTTATGACGGCGCCGCCTTTGTCGCCGCCAAATCGCAGGCGACCATTGTGCCGCTGCGTATTGAAGGCGCCGAACTGACGCCCTTCAGCCGGCTGAAGGGGCTGGTGAAACGTCGCCTGTTCCCGCGTATTCAGCTGCATCTCCTGCCGCCCACCCATCTGCCGATGCCCGAGGCGCCGCGCGCCCGCGACCGGCGCAAAATCGCCGGGGAGATGCTGCATCAGATCATGATGGAAGCCCGGATGGCGGTGCGCCCGCGGGAAACCCTGTATGAGTCGCTGCTGGCGGCGCAGGACCGCTTCGGCGCGCGCAAACCCTGCGTGGAGGATATCAACTTCCAGCCGGATACCTATCGCAAGCTGCTGACCAAAACCCTGTTTGTCGCCCGCATTCTGGAAAAATACAGCCAGCCGGGCGAGAAGATCGGCCTGATGCTGCCTAACGCCGGCATCAGCGCGGCGGTGATTTTCGGCGCTATCGCCCGCGGGCGTATTCCGGCGATGATGAACTATACCGCCGGGGTGAAAGGGCTCAGCAGCGCGATAGCCGCCGCGGAGCTCAACACCATTTTCACCTCGCGCACCTTCCTCGATAAAGGCAAACTCTGGCACCTGCCGGAGCAACTGACCCAGGTGCGCTGGGTATTCCTGGAAGATCTTAAAGGCGATATCACCCTCGCTGACAAACTGTGGATTTTTGCTCATCTGCTGGCGCCGCGTCTGGCGCAGGTTAAGCAGCAGCCGGAAGACGCGGCGATGATCCTCTTCACCTCCGGTTCCGAGGGCAATCCGAAAGGGGTGGTGCACAGCCATAAGAGTCTGCTGTCCAACGTCGAGCAGATCAAAACTATCGCCGACTTTACCGCCAATGACCGCTTTATGTCGGCGCTGCCGCTGTTCCACTCTTTTGGCCTCACCGTCGGCCTGCTGACGCCGCTGCTTACCGGGGCGGAAGTGTTTCTCTATCCCAGCCCGCTGCACTATCGCGTGGTGCCGGAGCTGGTCTACGATCGCAACTGTACGGTGCTGTTCGGCACTTCGACCTTCCTCGCCAACTATGCCCGTTTCGCCGATCCGTACGATTTCTACCGCCTGCGCTACGTGGTCGCCGGGGCGGAGAAGCTGCAGGAGAGCACCAAACAGCTGTGGCAGGATAAATTCGGCCTGCGCATTCTCGAAGGCTATGGCGTGACCGAGTGTGCGCCGGTGGTCTCGATTAACGTGCCGATGGCGGCGAAGGTCGGCACCGTGGGCCGCATCCTGCCGGGGATGGACGCCCGCCTGCTGGCGATGCCAGGCATTGAGCAAGGGGGGCGGCTGCAGCTGAAAGGGCCGAACATCATGAAAGGCTACCTGCGGGTGGAAAACCCCGGCGTGCTGGAAGCGCCTGCGGCGGAAAACCAGCACGGCGAGATGGAAGCGGGCTGGTATGACACCGGGGATATCGTTACCTTCGACGAGCAGGGCTATGTCCGCATTCAGGGCCGCGCGAAGCGCTTCGCCAAAATCGCCGGCGAGATGATCTCCCTCGAGATGGTGGAGCAGGTGGCCCTCGGCGCGTCGCCGGACAAAATGCACGCCACGGCGATTAAACAGGACGCCAGCAAAGGCGAGGCGTTGGTGCTGTTTACCACCGATAATGAACTGACTCGTGAAGCCCTGCTGCGCTACGCCCGCCAGCACGGCGTACCGGAGCTGGCGGTGCCGCGAGATATACGCTGGCTGAAACAGCTACCGGTGCTCGGCAGCGGCAAGCCAGACTATGTCACCCTGAAAAATATGGTCGACGAGGCGGAAACAACCCATGAGTGAGTCAGTACATACTAACCCTTCGCTGTACTCGAAAGGGATGGTGGCGGTGATCTGCGCCCAGTTCCTGTCGGCCTTCGGCGACAATGCGCTTCTCTTCGCCACCCTGGCGCTGATGAAGCAGCTCTATTATCCGGAGTGGAGCCAGCCGGTCCTGCAGATGTTGTTTGTGGGCGCTTACATCCTCTTTGCCCCCTTTGTCGGCCAGTTCGCCGATAGCTTTGCCAAAGGCCGGGTGATGATGGTGGCCAACGGCCTGAAACTGCTCGGCGCCGGCTGCATCTGCTTCGGCGTCAATCCGTTTATCGGCTATACGCTGGTGGGGATTGGCGCCGCCGCCTATTCGCCGGCCAAGTATGGCATTCTCGGCGAACTCACCACCGGCGATAAGTTAGTGAAGGCTAACGGACTGATGGAGTCCTCGACCATCGCGGCGATCCTGCTGGGCTCCATGGCCGGCGGGATCCTCGCCGACTGGCACGTGCTGGCGGCGCTGATCGTCTGCGCGCTGGTCTACGGCGGGGCGGTAGTGGCTAACCTGTGGATACCCAGGCTGCCGGCGGCGCGTCCGGGGCAGTCGTGGCGTTTTAAGCCAATGACGCACAGCTTCTTCAGCGCCTGCCGGACGCTGTGGCGCAACGGCGAAACCCGCTTTTCGCTGATGGGCACCAGCCTGTTCTGGGGCGCTGGCGTGACCTTGCGTTTCCTGCTGGTGATCTGGGTGCCGGTGGCGCTGGGCATTACCAGCAACGCCATGCCCACCTATCTTAATGCGATGGTGGCGGTGGGGATTGTGCTGGGTGCCGGGGCGGCGGCGAAGCTGGTGACCCTGGAGACGGTGTCGCGCTGTATGCCGGCCGGGATTTTGATCGGTATCGCGGTGATAGCCTTTGCGGTGCAGCAGTCGCTGCTGCCGGCGTTCGGTCTGCTGCTGCTGCTCGGGGTGTTCGGCGGGTTCTTTATCGTACCGCTGAACGCGCTGCTGCAGGAGCGTGGGAAACATTCGGTCGGGGCAGGTAACGCCATTGCGGTACAGAACCTCGGTGAGAACGTGGCGATGCTGCTGATGCTGGGGCTCTATTCCCTGGCGGTGAGCGTGGGCGTTCCACCGGTCGCCGTGGGGATAGGCTTTGGCGCGGTATTCGCCGTGGCCATCGCCGCGCTGTGGGTCTGGGGGCGGCGTAAATAACCTCCCGGCTTACGCTGCGCTTGACTGGGCGAGGGGGTCGCCAATATCTGCTCTTCAGTAGCCCGGGTAAGGCGTATAAGCCTTACCCGGGGCTTTGCTTTCTTACGGCGCCGGGTAGGTATAAACCTGATGCACCGCCTCAATCTCCGCTAATACCTCTTCGCTCAGCTCAAGCTGCAAACTTTCCACGTTGGCCTGCAGCTGCGTCATGGTCGTCGCCCCCAGCAGGGTGCTGGCGACAAACGGCTGCCGACGCACAAAGGCCAGCGCCATTTGCGCCGGATCGAGGCCGTGGCGTTTGGCGATATCCACATAGGCCGCTACCGCTTTCTGCGACTGCTCGCTGCTGTAGCGCGTAAAGCGGCTGAACAGCGTATTGCGCGCCCCCGCCGGCTTCGCACCGTTGAGATACTTGCCGGTCAGTGTGCCGAAAGCCAGGCAAGAGTAGGCCAGCAGCTCCACGCCTTCGAACTGACTCACTTCCGCGAGGCCGACTTCAAAGCTGCGGTTCAGCAGGCTGTAAGGATTCTGAATAGTCACGATCCGCGGGAGGTCGTGCTTATCCGCCAGGTGCAGATAACGCATCACGCCGAAGGCGGTTTCGTTCGACACGCCGATGTAGCGGATCTTCCCGGCGCGCTGGAACTCGGTCAGCGCTTCGAGGGTATCCAGCAGCGTCACGGCGGGCGCG
NZ_CP061961.1_gap25	1109474	1113952	4478	GCAGCACCGGCTGCAGCTCGGTATAGCGCTCCTGCAGCGCGCCGATGGTCTGCTGGCGCTCCACCAGCACGGCGGTATCGCGGACCGGCATATGCAGCCAGCGCTTGAGCATCCGGCTGCCCATCGGCGTCACCGTACAGTCGAGTACCGAGGCCAGGGTGTTGTCGGTGCCGCCGGCCAGATTCTGGGTGATCTCGAGGTTACGGCGGGTGGCGGCATCCATAATGATGCTGTCCTGCTGGCGTTCCATGGTGATGGAGCGGATGTGCGGCAGCGAGGTACGCTGGGTGTCTTTGACATACTGCAGCAGGCAGCCGGCGGCGCACAGGCCGCGCGGGGCGTTTTCGACGCCGAAGCCGACCAGATCGCGGGTGCCGAACTGCAGGTTTAGCTGCTGGCGCGCGGTGTCGATTTCAAATTCCCACAGCGGGCGACGGCGCAGACCGCGGCGGCCCTCGATCAGCGACGATTCGGCAAAATCTTCCGCATACAGCAGTTCCGCCGGGTTGGTGCGTTGCAGCTCTGCCGCCATGGTTTCGCGGTCGGCCGGTTCGCTCAGGCGAAAGCGCCCGGAGCTGATATCCAGCGTCGCGTAGCCGAAGCCCTTGCTGTCCTGCCAGATGGCGGCCAGCAGGTTGTCCTGGCGCTCCTGCAGCAGCGCTTCATCGCTAATGGTGCCTGGGGTGACGATACGCACCACTTTACGCTCGACCGGCCCCTTGGTGGTGGCCGGGTCGCCAATCTGCTCGCAAATGGCCACCGACTCGCCCTGATTGACCAGTTTGGCGAGGTAGTTCTCTACGGCGTGGTGGGGGATGCCGGCCATGGGTATCGGTTCGCCCGCGGAGGCGCCGCGCTTGGTCAGCGAGATATCGAGCAGCTGCGAGGCGCGTTTCGCATCGTCATAAAATAGCTCGTAAAAATCCCCCATCCGGTAAAACAGCAGAATGTCAGGATGTTGCGCCTTTAGCTTGAGATACTGCTGCATCATCGGCGTGTGGGCGTCGAGATTGTCAATTGTGCTCATGGGGTGTTATCCAGATCCCTGATTTTAAATGGCTGCGATTTTGTAGTTTTCGTCGTTATCACATGGATGAGACATAATAACGGAGATGGGCAGGTGAGGGAAACCGATGAAAGCACGCGGCGCGATCCGGATTCCAGTTGCAGAGGGGGCGGGGTACCGTCACAGTAATTGAACCGCCGCCACGCGATCGTCTTCATACATTACGTTCGCCGTCGATGTTGTTCTGCCTTCTGGCCGTAGACCTCGTTACGACAACGGCTTGTGGTTGCTAGTCGTAAAGCCATTTACCTGCTTTTGCTGATTCGGCAAACATTTTGATAGTTAAAGGTTTACGCGTTTTTTCTACATCTTCTCGTTTTACTTTAAACCACCGAGTTAGCATTGGAGTATTCTCCCAAGGGAAATAACACGACCATTTAACACTGGAAAGATCAACATTAAATTTTTGTTCAAATTTATTTAAAGCGTCAAGCAGATCGTCGCCGGGAGCATCAAATAAGTCATAATCAAGTTCCAATGGGATTTCTTTCCAATTTTTATCTAAACGGGTTGAGATCTCATCTTTAAACAAGTCTAAAACCTGATCTTGAATGCTTTTCATTAAAAGGATGTCCATTGTATACGGTCTTTGGGGCGAGCTATTAGGTTGTATTTTTCCTGAGTTTTTCTTGAAACTTGATAAATTGAGTTTACAAGTCCTATCCAACCTAACCACGGAACATAACGGGCGATAACAGCAGCAAGACTATTCGTTTTTCTCATTCTTACACCAACGGGTGTAGGAACCCTAATACCAAATGGAGTTTTTGCATTTCTCAGAAGCATCCTTCCATATTTAGAAACAACACTTGTTCCTTTTATTGCCTCTCCTGGCTTTGTTCTGGTTTTTAGCCAAGGTTGCCCGGCGAGGATAGCGGCACCAGATTCAATACCAATGCCAAGTTCGTCACAAAATTGTTCAAGAAAAATGACATCAAAAAGTTCACCAGCCGAAAGATTGGATTGTCCGTGATAGAAATAGGTTCCATTTAGTTCTTCTGTCGTATCCATTTGCTCATCTATTATGCTGTTTGTCTTTCATTCCAGGCATCGGTGAAAATTATATTTCCGTCACAATGTTTCCAGGTGATCTTCTCATATCTAAGTTCGACAGATTCAAGATGGTTGTTGTTCTTGTCTTCTGGGGAAGCCATTGTAGGAGATATTGATACGATTCGGACGCCTTCAAGTAGCATATTGAAGTATTCCACTTCTTGACCAGCATCGCTGATTTTATACCATTTGATTTCAGCAGATTTCAGGTTCTGACCAGTAGCTACTGCTTTGTAGAGGTATGGACTGGAATAGTCGAATTCTTTAACGATGATCATTGGTGAGTGCTGACGAGTGCCGGTAGGCTTGCCAGTGGCATTATCAGTGGGAATGGAGAGATTGTGATGAAACCCTTTAAATTCGATGCTGAACTCCCTGTCTGCAACATCACAACCACCTTTGATTAGTGCCCCACCGTCGTCGTATATCCACATATTACCTGGAATAGCCATGCTTCTTCTTCCCTCTATTATCATTAGTAAGAAAACAGTGTATCGAGTTGATTAAGCGCAGTAAATAATCAATGTGTCGTTTTTGGATTAATACGGGAAATATCTTCTCTGTAATGATGGTTTATATTTAAAAATAGCTGTCGTAAATATTTCATTGGGTTATTACGCCATTGGTATAGATTTTAAATATAAATGACCCTCAATAATATAATGCAGGCAATTATTGCCAGAAAGCGTAAGCGCGGCGCGATCCGGATTCCAGTTGCGCCGCGCGGGGATTATGGCGCCAGATAAACCTGGGGGACCGCGTTGTCCGGGTGCTGGACGAGGCGGACATCCGCCCCGTACCAGCGATGGATAACCGGCTGCTGGATCACCTCCTGCGGCGTGCCCTGGGCGACCAGATGTCCCTGGTGAAGCAGCAGGATGCGGTCGGCCCACAGGGCGGCGAGGTTAAGGTCATGCAGCACCACGCAGACGTGCAGTTGCCCGCCGGCGGTGAGCCGTTTGAGCAAACGCAGCAGGTGCTGCTGATAGTAAAGGTCCAGCGCCGAGGTAGGCTCATCGAGAAACAGCCAGCCCTGCGGCGCGCCGTCGCGCCATAGCTGTGCCAGACAGCGGGCCAGCTGTACCCGCTGCTGCTCGCCGCCGGAGAGGCCGGGATAGCGGCGACCGGCAAGGCCATCGCAGCCGGTGACGGCCATCACCGCCGCCAGCACCGCCGGATCCGCCGTCGCGCCCCACGGTGAGCGTCCCATGGCAATGACCGTTTCCACCGTCCAGTCGGCCTGCAGGGCCGTTCGCTGCAGCATGACCGCCCGCCGGCGCGACAGCGCCTCGGGCGACCAGGCTTCCAGCGGCTTGCCTGCAAGATGGCGGGTGCCGCTGTCCGGAGTCAGATAGCCGGTCAACAGGCGCAGCAGAGTGGATTTCCCGGCGCCGTTCGGCCCGATAAGCGCCGTCATCTCGCCGCCGCGCAGCGCGACGGAGACGTTGTCGATAATCTGTCGTTTACCAAGGTGAAGTGACAGCCCCTGGGCGCTGTATTCATTAACCATGTCTGGAGTTCTCCCGACGAAAGACCAGCCACAGAAACCAGGGGGCGCCCAGCAGGCTGGTGAGCAGACCGACCGGTATCTCCGCCGGCGCCGCCACGGTGCGGGCCAGGGTGTCGGCCAGCAGAAGCAGGATCGCGCCGGCCAGCAGCGAGCCGGGGATCAGTCCGCGATGGTCAGGTCCCAGCCACAGGCGCATCAGGTGCGGCACCACCAGGCCGATAAAGCCGATGACTCCGCTGATGGCCACCGCGACGGCCACCAGCACCGCGCTGCACAGCAGCAGCCAGCGCTGCAGCGCCTGCACATTAACCCCGAGATAGTGCGCCTCTTCATCGCCAAGCTGCAGCAGATTGAGGCGGGACGCCATCCACCACACCGCCAGCGCCGCCGGGATAATCAAGGTCGCGGCCACCAGCAGCGTCGGCCATTCGGCCTGGCCCAGACTGCCCATTCCCCACAGCGACAGCTGGCGCAGCTGGGCGTCATTGCTCAGCCAGGACAGGACGCCGACCAGCGCGCCGCACAGCGCGTTGATGGCGATCCCCACCAGCAGCAGGCGCGACAGCGAACCCTCCTCCGCCCGACTGAGGATGAAAATCACCACCATCACCGCCAGGCTGCCAATAAACGCCGCCAGCATCGGCATATACAGAGCGATCAGCCCCGCAGCGGAGAACGGGAGCACCAGCCAGCTGGCCACCGCCAGCGCGGCGCCGCTGCTGATGCCCAGCAGGCCCGGGTCGGCAAGCGGGTTGCGAAACAGCCCCTGCATCACGCAGCCGGAGAGGGCCAGCGCCGCGCCCACCAGCAGGGCCAGCAGCACCCGCGGCAGACGGATGGTCAGCCAGA
NZ_CP061961.1_gap26	1186704	1187665	961	CAGCGCCTCAAAGGTGCGCAGGATCAGCGGGTCTCGCGCCTGGGTCAGCACCTGGATGGTGACATCCTCCGGGATGCGCTGTTCGTCAATCAGCTGGCGGACAAAGTTGAAATCGGTTTGTGAGGCGGAAGGGAAGGCGACTTCAATCTCTTTAAAGCCGCACTCCAGCAGCAGATCCCAGAACTGCAGTTTGCGGGCGCTGTCCATGGGCTCCGCCAGCGCCTGGTTGCCGTCGCGCAGGTCAGTCGAGAGCCAGCGCGGGGCGTGACTGATTTGCCGGTCTGGCCAGCGGCGGTCAGGCAGGGCGATCGGCGGATAGGGACGGTACTTTTCAGCAGGATGGCTCAGCATAGTGTTCTCCTTAATGGTCAGCCTTTATCCTGCCCGAGCGCAGGGTGACGGGCTTTCGCAAACGAGACAGAAACTAGCGAGAACTGGACAACCTGACGCCGTAAAAAAGGGACCCGGAGGTCCCTTTATGTGAGGCTTAGTGCGCGCCGCCGCCGCCTCCGCCGGCGCTGAACGGTGGTCTGGCGAACCACACCAGCCCCAACAGCAGGATGAAAATAGCCGCAGAAATCCAGAAGATTTCGTTGGCGGAGATAATCAGCCCCTGGTTGGTTATCTGCTGCGCTATCCAGCCGGACGCCTGCTGCTGCGTCATTCCCATGCCCTGCAGCTGATCGTATATCTGCTGCGCGTTGGGGTTAAAGGGGGTCACCGATTCGGTGAGCTGCGCATGATGCAGCGCCTCGCGGTTGGTCCACAGGGTGGTGGTGATCGAGGTCCCGATGGAGCCGGCAAGGGTACGGGTGAAGTTCGACAGGCTCGACGCCGCCGCCAGCCGCTCCGGCGGCAGGCCGGAGAGGGTGATGGTGGTCAACGGCATGAAGAAGCAGGCCACCGCGAAGCCCTGGATAAACTGTGGCCACGCCGAGGCGCCAAAGTCCATCCCCGGTTC
NZ_CP061961.1_gap27	1327316	1328464	1148	TTCGTTGATATCGTTCCCCAGAGCGGTCTGCGCTGGCAGACTAGCGTTGTGTTCTTCAATGAGTGCTTTGATCTCATCGGTGCTGAGGGGGGCGATCAGGCTGGCGTTGTGCGCCTCCAGCAGCGCCTTAATGTCGTCAGCACTCAACAGCGGCGGAAGCCCATTGTTGTATTCGTCGATAAACGCGCGGATCGTCGCAGTCGTGGTGAAGGCGCCTTCCGGGACTTCCGGCTCGATACTGAATTCTTTTTCCAGCTGATCAGGCTGCAGCGCCAGTGCATGCACCAGATTGCCCATATCCAGAACAGGAGAGCGCACCTTCTGGATGGTTTTGGATACGTGGCGCGCCTCGAAATACATCAGCGATACCCGGGCATCTTTAACCATCGTGGAGCTGATGCCGTTAGCGGCGTGGTAGACCTCATTTGGCACGCCTTCATATCGACCAGGCTCGAAATACTCCGGCCATGCTGGCGCTGCTTGTTCAGCCTCTTCCTCTTCATCGCTATGAGCACTCTCTGAAACCTGGCTTTTCAGCACTTCGGCGGTAAGATCCGGGCAGCGTTCAGCCAGTATTTTGCTCATGTTCATGGCAATTGTTTGCGCAGGAGGCTCATCAGCGCCTTCGCCTGCTGATACCGCATTATCATTTTCGTCTTCGACCGGCTGAGCCGTTTCCATCTGCACATCGCTGGTGGTTTCCCCGGAATTAGCTGGATGTAATTTTTCCTCTGCAGCGCGCTGGCGCGCCTGGTCCACGATAGAAAGTGCTGGTGCTGGTGCTGGCTGGCTATCCATCAGACCATCAATCGAAAAAACACCATTGCCCATGTTTGAAACTTCAGGCTGTTTGGGTTTGGTCAGGTCTTCGGTTATCCACTTCGGATCCGTGGGGTCACTGATACCTTCGACATATCCGCCGCGTTCGGCGGCCAGAACCTGATTAGCGTCAGGGCGTTTCTTTTGAGCTTCTTTCACCTGTTCGGTGCCAATTACCTGAAAGTCAGTTGGGAGAGTTTCCAGGCCAGGCACACCTTCATCTCCATCGATAGCCTTTTTCACAGCGTCCAGAGTGACGGCGGCAGATGAAACATGACCAGCTTTTTCAAGCGTCTCAGTAGAATGGGCGTCATGCTTATGCTCGGTCA
NZ_CP061961.1_gap28	1348642	1352373	3731	AGATGGCGGCGCTGCGCGTCGCCTGCTCTTCGGCGATAGTATACAGGCAGTGGGTCGCCTGCTGTTGCAGGGCGTTCGGGCTAAACCCGGTGATCGCCAGGATCTTACAGCCGACGCGCAGCGCTTCACCGGCCGCCATATTGATCTCCCGGCGCTCGCCGGAGTAAGAGATCGCCAGCAGAAGATCGTCGCTGGACATGGCCTGCACCGTCGCCAGCAGGGCATGCATATCCTGCTCAGAAACAGCGTTGATGCCGATCTTCATCAGCTTCCAGCTAAAGTTACGCGCCACCAGGCCGGAGGCGCCAATCCCGGTGACGATCACTCGCCGGGCGTTGCGCAGCAGCGTGACGGCTTCCCGTAGCGTCTCTTCAGTGTTGACGTCCAGCGAGGCATGCATGGCGGCGACATTGTCTTTAATGAGTTTCTCGCCGACCAGACGCAGCGGATCGTCACCGCGAATGTGGTTATGCACCGGGACGGAGTGCGGATCCGGGCTACTCGCCAGCGCTTCACTAAGGGCCAGCTTCAGCGCCGGAAAGCCTTTGAATCCCAGCTTCTGGGAAAATTTAACCACGCTGGACTGACTCACACCGGCTTCCGCCGCCAGCTGCTGCGAGCTGAGGTGCCGGGTCTCATCGGGCTGGCTCAGAATATAATCGGCCAACTTTTTGTCGCTCGCCGCCAGGGTGGGATAGCGCTGACGAATACGCGTTAAACAGTTCATTGGAGCTCCGCTGGAGCCGTCCGGCTCGTGACTGACAGAATTTTTATTCGATTATAAGGGGTATACCATGAATTAAAAATTCTTAAGCCACAATTTTTCCTTCGCCTGCTACTTTAATTCTTTCTTAACGGCAGGGGATGTTTTCCCTCGACATGGCGTCAGGCTGTTAAGCTTACCCTAACGAGAAGCGAGTTCTGAGATAAAGGAGGCAGTTTGCAGCACACTGAACGGAGAGTGGTGTTTTTCGATCTGGACGGAACCTTACACCAACAGGATATGTTCGGCAGTTTTCTGCGCTATCTGCTGCGCCATTTGCCGCTGAACCTGTTGCTGGTGGTGCCGATGGGGCCGGTGATCCTTGCCGGGCTGGCAGTGAGCGGACGGGCGGCGCGCTGGCCGATGAGCCTCCTGCTGTGGGCGACAACCTTTGGCCGCCGCGAGGCGGTGCTGAAGCGGCTGGAAGCGGAGTTTGTCGGCTGGTTTCGCCATCATGTGACGGCGTTTCCGGTAGTTCATGCGCGGCTTACCGCCTACCTGACCAGCACCGATGCCGACGTCTGGTTGATCACCGGCTCGCCGCAGTCGCTGGTGGAGCAGGTCTATCGCGATACCCTCTGGTTGCCGCGGGTGAATCTGATAGCCAGCCGCACCGCGCGCCGCTGGGGCGGCTGGGTATTGACCCTGCGCTGCCTGGGGCATGAAAAGGTGGTACAGCTGGAGAAAAAGATTGGCGCCCCGCTGCGGCTGTATAGCGGCTATAGCGATAGTGAGCAGGATAATCCATTGCTCGGCTTTTGCCAGCATCGCTGGCGGGTAACCCCTCAGGGAGAGCTTCAGCAGCTGGAGTAATAGTGTGTAATTGATAGCGCCCATGTATAATGCGCCCCGCTTTTTCTGCTGGAGTGGCCGCTGTGTCTGACCTCGAACTCAATGATGAATACTGGATGCGTCATGCCCTGACGCTGGCGAAACGCGCCTGGGAAGAGGGCGAGGTGCCGGTGGGCGCGGTGCTGGTGCATAACAATCAGGTCATTGGCGAGGGCTGGAACCGGCCGATAGGCCGTCACGACCCCACCGCCCATGCGGAGATTATGGCCTTACGCCAGGGCGGACTGGTGCTGCAAAACTACCGCCTGATCGACGCCACGCTGTACGTGACCCTCGAGCCCTGCGTCATGTGCGCGGGCGCGATGGTGCACAGCCGTATCGCCCGCCTGGTGTTTGGCGCCAGGGATGCCAAGACCGGCGCCGCCGGCTCGCTGATGGATGTTCTGCACCACCCGGGAATGAACCATCGGGTTGAGATTAGCGAAGGCGTGCTGGCAGAGTCCTGCTCTGCCATGCTGAGCGACTTCTTCCGCTGGCGGCGGGAAGAGAAAAAAGCGCTGAAGAAAGCCCGGGCGCAGACTGGGGAAAGTTAATACAGGTGGCCGGGGAGTTTCATCCGGGCATTATCCATCTGCTTATCGGCGCGAAACTTGAAAAAGGGCAGGGTGGTCTCCTGCGGCTCTTCGAGCTCATTGGGGAGCACGGCCGGGTAATCCTCCGCCAGGGCCAGCGTTTGCTGCTGCTGGCGCTCCTTCTCTGACAAATAGCCGACAAGGCTTATCTGATATTTGCGGATGTTTTCCACATAGGCGTAGGCCTCATGGCCGCGGGCATAGCCGTATTTTAGTTTGCTGTAATAGGGTTTCTGGCTCAGCAACGGTAAACGCAGCTTAACGTCCGCCCAGCTGTTAGGATTGCCTTTCTGTTTGCGGGTGAGCGCCATGGCGTCCAGCATATGGGCATAACCCATATTATAAGCGGCCAGCGCAAACCAGATGCGTTCATCTTTCGGGATCGAATCCGGCACTTTATCCATCATATCCTGCAGGTAGCGCATGCCGCCGTCGATACTCTGCGCCGCATCGGTGCGGTCGGTTAGACCCAGGCTTTGCGCCGTATTGCGTGTGAGCATCATCATACCGCGCACGCCGGTAGGGGAGGTGGCCTGCGGATCCCAGTGGGATTCCTGCCAGGCGATGGCGGCCAGCAGGCGCCAGTCAATCTCGCGGGCGTATTTTTCAAACAGCGGCTGCACCTCCGGAAGAATATTTTCCACCGCGCGCAGGAAGGTGCGGGTATCGACATAATCGAAATCGTTGCCGTGGCCGAGGTATTTCTCCTCCAGGCGCGCCAGCGTCCCGTCTTCATTAATGTTATTGAAGAAATCAAGCATTGCCGCCGACAGCGAATTATCGTCGTCCCGGGCACTAAACCAGGTGACCGGCTGTTCGTCAGTGATATCGAGGGCCACCGCCAGCTCCGGATGGACGCGCTGAAACAGGCTGACGGCCACCGAGTCGGCGATGGTGTAATCAAGTTTACCGTCAATCACCGCCTGCATCAGCGCCGTGGTACCGCGTTTTTCGTCCACGCGCCAGGCAAGATCCGGGTATTTCTCGGCTTTTAAGGTCTGCAGGTCGTTGATCGCCACGTGGCCCGGAGCGATAGTGAGCTGCTCGGCGGTCAGCGCCGCGAGGGTGCGCGGCCGGGTATTGCCGACGCGGTAGACCAGCTGTTGTGAAACAGAATAGTAGGTGGGGCCGGCCTGATAGTTTTTCACTCGCTCCTGGTTATAGACCAGTCCGGCGGCCAGCATATCGGCCTGACCGTCGTCGAGGTCGTCAAACAGCTGGCTGATGTTTTGCCGGACGGTTATCTTAAGCGTGACGCCAAGGTAGTCGGCAAACTGCTTCGCCAGTTCATAATCCAGACCGAACGCTTTATTGTTCATGGTGGCGAAGGTCATTGGCGAGTTGATGGTGCTGATGCGCAGCTCGCCGCGAGCGATAATGCCCGCCACCCGGTTCTCGGGTTTACCAGACCAGGGGATCGACGGCCACAGGGCCGCCGCCAGCAAAAGGGTGACAATGCCGATCAGCAGATAATTAATCTTTAATTTTTTCAGAGAGTTAATCTTCTGCAGCTTCAGGTTCCTCAGCAGGCGATGTCCGGAAAA
NZ_CP061961.1_gap29	1441518	1444417	2899	GCGCGGGCTGCGGGTCAGTCGGATCGCTGTCCATCCCACCCGCCAGCGGGAAGGCCTCGGGCGGAAGATGATCGCCGATATCGCCGCCGATGCCGCTGGCTATGACTATCTCTCCGTCAGCTTCGGCTATACCGCTGAGCTGTGGCGCTTCTGGCAACGCTGCGGGTTTACCCTCGTACGGCTGGGTACCCATCGCGAGGCCAGCAGCGGCTGCTATACGGCGATGGCCCTCTATCCGTTGACCGCGGCAGGGCGCCAGCTGGCGCAGCGGGAGGCGCAGCGGCTGCAGCGCGATGAATACTGGCTTCGCCCGTGGCGAGAGGAATCCGCGCCGCTGCCGGCCGTCGCAGACGCTATGCTTAGTGATGAGGACTGGCTGGAAGCGGCGAGCTTTGCCTTCGCCCACCGCCCGCTGGCTGCGGCGCTGGGCTGCCTCAACCGCCTGCTGATGCAGGCCGACATGCCGTTGCCGGCCCTGCGGGGACGACTGCAGGGCAAAGAGGAGGCCGCACTCTGCGCCGTGCTGCAGCTGACGGGGCGAAAAGCCTTGCAGGCGAGATGGCGTCGGGAGGCCGCTGACGCCTTGCGCTCCCTTGATGCAGCGCGCGCTGATGCGCTGCGTCAGCAGGTGGCGCATCTGCAATTTTTTTAACTAACTCATTCAGTTAAATGGCATGGTCATATCTGGCGAGCGGCGTACACTGCCCGCAAACACTAAGGAGACAGCCATGAAACACGATCATTTTATTGTTCAAAGTCCTGCGACGCCTGCGCAACAGCTGTTGCTGCTGTTTCATGGCGTAGGGGATAACCCGGTCTCCATGGGGCAAATCGGCAGCTGGTTCGCACCGCAGTTTCCTGATGCGCTGATCGTCAGCATTGGCGGGGTGGAACCTTGCGGCCCCAACGGTCGGCAGTGGTTTTCGCTGCAGGGGGTGACGGAAGAGAATCGTCAGCAGCGCATCGACGCCATTATGCCGACCTTTATTGAAATTGTACGCTACTGGCAGGAAAAGAGCGGCGTCAGTCCACTGGCCACCGCGCTGATCGGTTTCTCTCAGGGGGCGATTATGTCGCTGGAGAGTATCAAAGCGGCGCCGGATCTGGCTTCGCGGGTCATCGCCTTTAATGGCCGCTATGCGACGCTGCCGGAGACGGCAACGACGGCCACTACCATTCACCTGATCCACGGGGGTGAAGATCGGGTTATCGACCTGGCGTGGGCGGTGTCGGCCGAGGAGGCGTTACAGCAGGCGGGCGGCGACGTGACCTTAGATATTGTCGACGATCTCGGGCATGCCATTGACGATCGCAGTATGCAGTTGGCGATCGAGCGTCTGCGTTATACCGTGCCGAAGCACTATTTTGATGAGGCGCTGAGCGGCAGTACGCCAAAAGGGGATGATATCATCGAAATGCTGTAACCCCGGAGAGCGGGGTTACAGGCGGGCGGTACCGCGATAAAGGCAAACTTACGGTTTCTTCGACTGGTCGTGCTTCGGCCAGTCGTCGTCATCGTCCCATTTATCGTTAAAATCACGGTGCGGCGGCAGATCGGGTTTGTTGTTGAGGAATTTTTTGTGGTCAACGCGATTCAGATCTTTAATCACGTTGATAATTACCCCCACCAAAAAGACCAGCACCAGAATCCACCAGTGTTTAATAAGCCATTCCATGCGCGCTTCCTCTTTACGTCAATTCGTCAGGCGACCAGCTGTTCCATGACGCGTTGATACATCCGCGCCAGCAGCTGCAGGTCGGCGGCGTTCACACATTCATTAATTTTGTGAATCGTTGCATTTACGGGGCCCAGCTCAACCACCTGCGCCCCCATGCGCGCGATAAACCGTCCGTCTGAGGTGCCGCCGTTGGTTAACAGCTGCGGTTTGATCTCATTATAGTGCTCAATCGCGTTGACGACCGCATCCACCAGCTTGCCCCGTCCGGTGAGGAACGGCTGGCCGGAGAGCCACCACTCCACGCTGTAACGCAGCTGGTATTTTTCCAGCAGGGCGATCACCCGGGATTTGATCATCTCGTCCGTCAGCTCCGTACTGAAGCGGAAGTTGAACTGGACGAACATATCGCCGGGGATCACGTTATTGCTGCCGGTGCCGGACTGCACGTTGGCGATCTGCATGCTGGTCGGCGGGAAGAACTCATTGCCTTTATCCCACTCGATATTGACCAGTTCCGCCAGCATCGGCGCCGCGCGGTGGACAGGGTTATCGGCAAGGTGCGGATAGGCGACATGGCCCTGCACGCCGTGAATAGTCAGGTTGCAGGTCAGCGAGCCGCGGCGGCCGTTTTTCACCACATCGCCGACCACTTCGGTACTGGAAGGTTCGCCGACCAGACAATAGTCCAGACGCTCGTTACGCGCCATCAGCGTCTCCACCACTTTGACGGTGCCGTTTTTGGCGCTGGCCTCTTCATCAGAGGTGATCAAAAACGCCAGTCGGCCCCTGTGGTTCGGGTACTGCGCGACAAAACGCTCTGCGGCAACCACCATCGCCGCCAGCGAGCCTTTCATATCCGCCGCTCCGCGGCCAAACAGCATCCCGTCGCGGATGGTCGGTTCGAACGGGGGATTGATCCAGCGGTCGGCGTCGCCTGCCGGGACTACGTCGGTGTGGCCGGCGAAGGCCAGCGTCTCGCCGTGGCCGCGCCAGGCCCAGAAATTCTGCGTATCGCCGAAATCCATCGGTTCAACGGTAAAGCCGATCGCACGCAGGCGTTCAATCATTAACGCCTGGCATCCCGCATCATCGGGGCTAAGGGAAGGGCGGCGAATAAGCTGCTGAGCCAGCTCAATGACCGGGCAAGACATAGACTATACCTCGTTAAACTGCTGATAACTTGCTTCACTAAAACCCAGCAGCATAGGACGACCGGGCGC
NZ_CP061961.1_gap30	1494918	1496983	2065	GCAGCACCAGGCTGACCACCACGATAAACAGCAGCGATCCCAGACCGACTTTATGCCAGATGCCATTCACCACCGCCTCGCTAAAGGCGGAGTAAACCACCAGCAGAATCGAGGTCTGGTCGGTCTTACCAATCCACTTCTTATGCTTCGCCACCCAGTCGCCAATCCACGGCCGCGATAAGTGACCGAGCACGAAAGGCAGCAGCAGCTGCAGCATAATTTTACCGACCTGCTCCAGACTGCCGCCTGCGCCGTGAAGGTTCATCAGGACCCCCACCAGTAGCGGGGAAACAAAGATCCCCAGCAGGCTGGAGGCCGAGGCTGAGCAAACCGCAGCCGCGACGTTGCCCCCGGCCAGCGAAGTAAAGGCGATAGCGGATTGCACGGTGGCCGGCAGAATGCACAGATAGATAAAGCCGCTGTAGAGCATCGGATCGACATTCACCGGCGCCCACCAGGCAAACAGAACCCCGAGTAGCGGGAAGAGAATAAAGGTGCTGCACATCACCCAGAGATGCAAACGCCAGTGGCTGCCGCCGGCGATAATCGCCTCCCGGGAGAGTTTAGCGCCATGCATAAAGAACAGTAGCGCGATGGCGGCGGTGGTCAGATGTTCAAAGAAGGGGACGAAAGCGCCACGGGCCGGGAAGAATGAGGCCAGCAGGACAACGGTGATTAGCGTGGCCGTAAACGGATCGAGAATACGGAAAAGTTTCATAAACGCTCCTGAAAAGAGATGCGCTATTGTGCTTTTTTTCATTTGAGAAATAAAATTGATTTATTGCATCTATTCATGAATAAAAAAGATGAATTACTCTCTGCGTCAGTTAAAAGTATTTGTCACCGTCGCCCGGGCCAGAAGCTTCAGCCGGGCAGGGGAGATGATTGGCTTAAGTCAGTCGGCCGTCAGCCATAGCGTCAAGGAGCTGGAGCATCAGACCGGCGTCCGTCTGCTCGACCGTACTACTCGCGAAGTGGTGCTCACCGAGGCGGGTCAGCAGCTGGCGGGCAGGCTGGAACGTTTGCTCGATGAGTTGACGATTACCCTGCGCGACGCCGGGCGGGTAGGCCAGCAGCTGAGCGGCACCGTCAAGGTCGCCGCCAGTCAGACGATTTCCGCCCACCTTATTCCGCAGTGTATTGCTCACAGCAATCGTCGTTATCCCGATATCGATTTTGTGCTGCACGATCGGCCCCAGCAGTGGGTGCTGGAGAGTATCCGCCAGGGGGAAGTGGATTTTGGCATCGTGATTGATCCGGGCCCGGCGGCAGACCTTCAGTGTGAAGTGGTTCTGGCGGAACCATTTTTGCTGCTCTGTCGGGAGGATCATCCTTTTGCCAGCCTGACAGAAGTTCCGTGGCAGGCGCTGCAGGATGAAAGGCTAATCCTGCAGGATTATGCGTCCGGCAGCCGCCCGCTGATCGATGCGGCCCTCAGCAGGCTGGCTATCCGGGCGAACATCGTCCAGGAGATTGGCCACCCGGCAACGCTGTTTCCGATGGTAGAATCGGGAATTGGCATCAGCGTTCTGCCGGCGCTGGCGCTACCGTTACCGCAGGGGAGCCATCTGACGGTGAAACGGCTGACTCCGGTGATGGAGCGGCAGCTGATGCTGGCATGCAGGAAAAATCGCTCGCTGTCGACCGCCGCTCAGGCGTTATGGGAAATTGTGCGTGAAGAAGGGGAGAATTTAACCGCCGCCAGGGTTGAAGATCCGCTATATCAGCGCTGACAGGGGAGATTGCTGCGGAGGGACTCGTGGCAGGGCCATGTTCCGCGCATAGCAAAAAGGCGCCTTTAGGGCGCCTTTTTACATTGGTGGGTCGTGCAGGATTCGAACCTGCGACCAATTGATTAAAAGTCAACTGCTCTACCAACTGAGCTAACGACCCGAAGTGGTGGGTGATGACGGGATCGAACCGCCGACCCCCTCCTTGTAAGGGAGGTGCTCTCCCAGCTGAGCTAATCACCCACTTCGGTACTTCACATTTTGACAGAAAATCCAGCTGGCGAGAAAGTGGTGGGTGATGACGGGATCGAACCGCCGACCCCCTCCTTGTAAGG
NZ_CP061961.1_gap31	1654188	1656330	2142	ATGAAGCTGGAGATGAACGCCGACGCCTTCCGCCGCCTGGCCAGCCATGCGCCGCAGTGTCAGCCCGCTGACCTGGCGCTGGCGCTCACCACGCTGTGGCTGGGCCGCCTGTGCAACCGGATGGACTACGCGGCGGGCTTTATCTTTATGCGTCGGATGGGTTCAGCCGCGCTGACCTCGACAGGGCCGGTGCTCAATGTCCTGCCTCTGGCGGTGCATATTGACGCCCGGGAGACGCTGGCGGACCTGGCGATGCGCCTCGCCGCTCAGCTGAAAAAGATGCGCCGCCATCAGCGCTATGACGCCGAGCAGATCGTCCGCGACAGCGGCAAAGCGGCAGGGGACGAACCGCTGTTCGGCCCGGTGCTGAACGTCAAAGTCTTTGATTACCAGCTGGATATCGATGGTGTGCAGGCAGTGACCCACACCCTCGCCACCGGCCCGGTCAACGATCTCGAGCTGGCGCTGTTCCCGGATGAGACCGGCGGGCTGTCGCTGGAGATCCTCGCCAACAAGGCCCGGTACGACGAAGCCGAGCTCCGTCGCCACATGGCGCGACTGACCGCGCTGCTGGCGCAGTTCGCCGCCGATCCGACGCTGCGCTGCGGCGAAGCAGAGATGCTCTCCGCCGACGAGCTGGCCCGGCTGGCGGCGGTCAACGATACCGCTGTGCCGCTGCCTGCCACCACCCTCAGCGCGCTGGTGGCCGACCAGGCGCGGAAGACCCCGGATGCGCCGGCGCTGGCGGACGCCCGCTGGCAGTTCAGCTATCGCGAGATGCGTCAGCAGGTGGTGGCGCTCGCGCAGCTGCTGCGTCAGCGCGGCGTGAAGCCTGGGGACAGCGTGGCGGTGGCCCTGCCGCGCTCGGTGTTCCTGACCCTGGCGCTGCACGGCATTGTCGAAGCGGGGGCCGCCTGGCTGCCGCTGGACACCGGCTACCCGGACGACCGCCTGCGGATGATGCTGGAAGACGCCCGGCCGTCGCTGCTGATCGCCACGGAGGATCAACTGGCCCGCTTCAGCGATATTCCGGGGCTGGAAAGCCTCTGCTACCAGCAGCCGCTGGCCGCCGGGGATGACGCGCCGCTGGCGCTGTCAAAACCAGACCATACCGCCTACATCATCTTTACCTCCGGCTCCACCGGGCGGCCGAAAGGGGTGATGGTCGGCCAGACCGCCATCGTCAACCGCCTGCTGTGGATGCAGGATCGCTATCCGTTATCTGCCGACGACGTGGTGGCGCAGAAAACGCCGTGCAGTTTCGACGTGTCGGTGTGGGAATTCTGGTGGCCGTTTATCGCCGGCGCGCAGCTGGTGATGGCCGAGCCGGAGGCGCACCGCGACCCGCAGGCGATGCAGCAGTTCTTCGCCCGCTACGGCGTGACCACCACCCACTTTGTGCCGTCGATGCTGGCGGCGTTTGTCGCCTCGCTGGATGCCGACAGCGTCGCTGCCTGCCGCACGCTGCGGCGGGTATTCTGCAGCGGCGAAGCGCTGCCGACGGAATTGTGCCGCGAGTGGGAGCGCTTGACCGGCGCGCCGCTGCATAACCTGTACGGCCCGACGGAGGCGGCGGTGGACGTCAGCTGGTATCCGGCCTGCGGCCCTGAGCTGGCGGCCGTGACCGGCAGCAGCGTGCCGATTGGCTGGCCGGTGTGGAACACCGGGCTGCGCATTCTCGATGCCGCGATGCGCCCGGTACCGCCGGGGGTGGCGGGGGATCTTTATCTCACCGGCATCCAGCTGGCGCAGGGCTATCTGGGGCGCCCGGATCTCACCGCCAGCCGCTTTATCGCCGACCCGTTTGCCCCCGGCGAGCGGATGTATCGCACCGGCGACGTGGCGCGCTGGCTGGCGAACGGCGCGGTGGAGTACCTTGGCCGCAGCGACGATCAGCTGAAGATCCGCGGGCAGCGCATCGAGCTTGGCGAGATTGATCGGGTGATGTCGGCCCTGCCGGACGTGGGGCAGGCGGTGAGTCACGCCTGCGTCTTCAACCAGGCGGCGGCGACCGGCGGCGATGCCCGACAGCTGGTGGGCTATCTGGTCTCTGACTCCGGCCTGCCGCTGGATACCGCGGCGCTGAAAGCGCGGCTGGCGGAACAGCTGCCGCCGCATATGGTGCCGGTGGTGCTGATGCAG
NZ_CP061961.1_gap32	1760100	1760989	889	CAAATACAAAACCAACCTTTCCCACTCCACCTGGAACGCCAACCTGGACTTCCAGTCCGGCTATGCCGCCGATATGTTTGGCCTTGATATTGCCGCGTTTACCGCGATTGAAATGGCGGAGAACGGTGATAGCGGTCACCCGAACGAAATTGCCTTCTCGTCACGTAACAAAGCCTATGACGAAGACTATTCCGGCGATAAGAGCGGCATCAGCCTGTATAAAGCCGCAGCGAAATTCAAATATGGTCCGGCGTGGGCACGTGCGGGCTATATCCAGCCAACCGGCCAGACTCTGCTGGCCCCGCACTGGAGTTTTATGCCAGGTACCTATCAGGGGGCGGAGGCCGGGGCTAACTTCGACTATGGCACGGCGGGCGCGTTAAGTTTCTCCTATATGTGGACGAACGAGTATAAAGCGCCATGGCATATCGAGATGGACGATTTCTATCAGAACGATAAGAAGACCAAAGTCGATTATCTCCACTCCGTCGGCGCTAAATATGATTTCAAAAATGACCTGGTGCTGGAGGCGGCATTTGGTCAGGCTCAGGGCTATATCGATCAGTACTTTGCTAAAGCCAGCTACAAGTTTGATGTCGCCGGCGCGCCGCTGAGCACCAGCTACCAGTTCTACGGCACCCGCGATAAGGTCAGCAACGGCGGGGTCAACGACATCTATGATGGCACCGCATGGCTGCAGGCGTTAACCTTTGGTTATAAGGTGGCGGATGTCCTGGATCTGCGTCTCGAGGGAACCTGGGTGAAGGCTGATGGCCAGCAGGGCTACTTCCTGCAGCGTATGACCCCGACCTACGCCTCTTCCAATGGTCGTCTCGATATCTGGTGGGATAACCGCTCCGACTTTAACGCCAACGGCGAAAAAGCGGTC
NZ_CP061961.1_gap33	1763230	1767975	4745	TGGCCAGTGACCGACGATGGTCGCGCCGCGCGGCTCAATGATGTCGCGGATGGTGCCCAGCGCGTCGCAGAAGTATTCTGCGTAATCTTCCTGGTCGCCGCAGCCGAACAGCGCCACCAGTTTGCCATTGAAGTCGATCTCTTCCAGCGTCGGGAAGAAGTCATCCCAGTCACACTGCGCTTCACCGTAGTACCAGGTCGGGATACCGAGCAGCAGGATGTCGTGGGCTTCCAGGTCTTCTTTGCTGCTTTTGGCAATGTCGTGAACATCAGCAACATCTTTACCAAGCTGCTTTTGAATCATTTTTGCAATATTTTCGGTGTTGCCGGTGTCGCTGCCAAAAAAGATGCCGATGATTGCCATGAGTAAAATAACCTCTTGAAACTTAAATGATGTGGTAGGGACGCAATGCCCATAGATAACGGCAATCATAGCAGAACAGGCAAGGGCGCGGAAACAGCAATCACGCCCGACTGCACACTCTGCTACATGAATGCGGGTTTTTCGCGGAAAGTTAGACTTTTCCCTGGCTGCGCAGGGCGGTTAACTGGGTCATCAGCATCTCTTCAATGAGATCGCTGCGGCTCATATTACGCGCTTCCGCCAGCTCGTTGAGCGCATCGACCGCATCGGCGTTGAGTTTTAACTCCACGCGCTTCAGCCCGCGAACCTTATCGCGTTTCAGCTGGTTACGTTTGTTGATGCGCAGTTGTTCATCGCGCGACAGCGGATTGGTTTTCGGTCTTCCCGGGCGACGCTCGTTTGCGAACAAATCTAATGTCGTACGGTCCGTTTGTTCTTTTGCCATGATTCTGAGTGACTTCGGGGAAACAAGCTGCCGGGCTCTAGCCGGCGCAGATAGCGCGCCATCATACATCAGGCGAACGGCTGCGCCAACGACCGTGGGCATTCTGCGGCGCGGTCGGGCATATTTTAGCCAATCAGGCGGCGATGCTCGTCAGATAGCGGCGGATGGCGCGTAACACCGCCTCGGGTTTCTCAGCATGGACCCAGTGTCCGGCGCCGGCGATGACGTGGGCCCGGGCCTGCGGGAACTGGGCCAGCAGCGCGTCGCGGTAGGCGTCGGTCACATAGGGCGAGTTGCCGCCGGGAATAAACTGCGTCGGGTGCGGCCAGGCCGGGATGGTTTCCCAGCCGACGATATGCGGATACTGGTCCCACAGCACCGGCACGTTGAAGCGCCAGTCGCCGTCGACGAATGATTTCAGCAGGAACTGAATCACGCCTTCTTCCTGCAGGTGCTCGCGCATCACCTGCGCCGCCTGCTGGCGGGTGCTGGCGGCGGATTCGCTGACGGCGCGGATAGCGGCGAAGATCTCATCATGGCGGCGAACGTGATAATCCACCGGCGCGATATCGATCGCCACCAGACCGCTGATGCGTTCAGGCGCCAGGGCGGTAAGCGCCATTACCGCTTTCCCGCCCATCGAATGGCCGATAAAGGTGGCGCGCTCGATCTGGTGCGCGTCGAGCGTATCAAGCAGATCCTGCGCCATGGCGGGGTAGGTCATCTCTGGCGACCGCGGCGACAAACCGTGGTTGCGCATATCGACCTGCACAATATCATGGTCGGCGATCAGGTCGCGGGCGAGGATGCCCAGGTTGTCCAGGCTGCCAAACAGACCGTGGACCAGCACGATCGGGGAGTGGTTGTGCGGATTCTGTGCAGATTGCGCTCGGCTATTTAATTTCATGGCAAAGTTCTTTTTTTCGCTCCGTCGGGTTAGGGTATTATGTTGGACATTCTGCCATCCGGCTGCAAGACCCAGAAGTTTTCTGAGTTTTACCGCCATCCTGGTTTGACGCTATCCGCGGTTGGGATTTGTACTTATAATCCCAACGATTTGTATTCAGAAAAGATATCGCACTGGATTAAGATGAAAACAATTGAAGTTGATGATGAACTCTATCGCTATATTGCCAGCCACACTCTGCATATCGGCGAGAGCGCATCCGACATTTTACGGCGTATGCTAAAATTTTCCGCCGTTTCCCAACCGGCTACACCGGTCAGCAAAGCCGCGCCGACGCTGGCGCCAGCGCCTGTCGCTGAGGTGAAACCCGCTAACCCGGTGAAAGATAAAGTCCGCGCCATGCGCGAGATGCTGTTATCTGATGAATACGCCGAGCAGAAGCGCGCGGTGAACCGTTTTATGCTGGTGTTGACGACCCTCTACTCCCTGGACAGTAAAGCATTTGCCGAGGCCACCGAGTCTCTGCACGGCCGCACGCGCGTTTACTTCGCGGAAGATGCGCGTACGCTGCTGAAAAGCGGTAATCAGACCAAACCGAAACAGGTTCCTGGTACACCGTGGTGGGTGATCACCAATACCAATACCGGCCGTAAATGCAGCATGATTGAGCACATCATGCAGTCGATGCAGTTCCCTGCGGAGCTGATTGAAAAGGTTTGCGGCACGATCTAGCTTTTTAACATTTGCACCAGAAGGATCAGGCAATGGCAATCGATAAACGTGCGGGGCAGCCTGCGCAACAGAGTGATTTGATTAACGTCGCCCAACTGACTGCTCAGTACTACGTGCTGAAGCCTGAAGTCGGTAATGCGGAGCATGCGGTAAAATTCGGCACCTCTGGCCATCGCGGTAGCGCGGCGCGCCACAACTTCAACGAACCGCATATCCTGGCCATCGCCCAGGCCATTGCGGAAGATCGTGCGAAAAACGGGATCACCGGTCCGTGCTATGTCGGCAAAGATACCCACGCCCTCTCCGAGCCGGCGTTTATTTCGGTGCTGGAAGTGTTAACCGCCAACGGCGTCGACGTGATCGTGCAGGAAAACAACGGCTTCACCCCGACGCCGGCGGTCTCCAACGCGATTCTGGTGCATAACAAAAAAGGCGGTCCGCTGGCGGACGGCATTGTGATCACCCCGTCACACAACCCGCCGGAAGATGGTGGTATCAAGTACAATCCGCCAAACGGCGGCCCGGCTGATACCAACGTCACCAAAGTGGTGGAAAACCGCGCCAACGAACTGCTGGCCGCGGGCCTGCAGGGCGTGAAACGCATTTCTCTGGACGCGGCGCTGGCTTCTGGCCACGTTAAAGAACAGGATCTGGTGCAGCCGTTCATTGAGGGGCTGGCGGATATCGTCGATATGGCCGCAATCCAGAAAGCCGGCCTGACGCTGGGCGTCGATCCGCTGGGCGGGTCCGGTATCGAATACTGGAAGCGCATTGGCGAGCACTACAAGCTCAATCTGACCATTGTTAACGATCAGGTGGATCAGACCTTCCGCTTTATGCACCTCGATAAAGACGGCGCCATCCGCATGGATTGCTCCTCAGAGTGTGCGATGGCCGGCCTGCTGGCGCTGCGCGATAAGTTCGATCTGGCGTTTGCTAACGACCCGGATTACGACCGCCACGGGATTGTCACCCCGGCGGGGTTGATGAACCCGAACCACTACCTGGCGGTAGCGATCAACTACCTGTTCCAGCATCGTCCGCAGTGGGGCAAAGAGGTGGCGGTGGGTAAAACGCTGGTCTCCTCCGCGATGATTGACCGCGTGGTGAACGATCTGGGCCGCAAGCTGGTGGAAGTGCCGGTGGGCTTTAAGTGGTTTGTCGACGGCCTGTTCGATGGCAGCTTCGGCTTCGGCGGCGAAGAGAGCGCCGGGGCCTCCTTCCTGCGCTTCGACGGCACGCCGTGGTCCACCGATAAAGACGGCATCATCATGTGCCTGCTGGCGGCGGAAATCACCGCGGTGACCGGGAAAAACCCGCAGGAGCATTACAACGAACTGGCGGAACGCTTCGGTGCGCCGAGCTATAACCGTCTGCAGGCTTCCGCGACCTCCGCGCAGAAAGCGGCGCTGTCCAAGCTCTCTCCGGAAATGGTCAGCGCTGACACCCTGGCGGGGGATCCGATCACTGCCCGTCTGACCGCGGCGCCGGGCAACGGGGCGGCGATTGGCGGCCTCAAGGTGATGACCGACAACGGCTGGTTCGCGGCGCGTCCGTCAGGCACCGAAGACGCCTACAAGATCTACTGCGAAAGCTTCCTCGGCGAAGAGCATCGCAAGCTGATTGAAAAAGAAGCGGTAGAGATTGTCAGCGAAGTGCTGAAGAACGCTTAACGACGCACTACCATCAGGCCCCTTGCGGGCCTGATTTTTTTCGCAAGGATAGCGATGAAAATACAACGGAAGTCTCTGTTTTTGTTCTGGGCGTGGATGGATCTCTTTTTCGTCCTGCAATTCTTATGGTGGAATATTGCCCACCGCCGCCTCCCTTTTTACGACGATCTGCTGGCTTATCTCCAGCTGCTGCACACCTGGGGCTCCGCGGCGGTCTGGCTGTACCCGCTGAATGTTCTGCTGATTATCAGCATCCCGCTATCGATGATCTTTTTTTTCCGCCAGAGCCGCTATGCGCTGTGGCTGGCCTGGGGGCAGGCGCCGCTCAGGCTGCTGTTCATGCAGCCTTCGCTATTGCTGGGCCTGTGGCTGATTCAGGCTGCCGGCGTCCGGCATGTAGCGATCCTGGCAGGCTTTCTGCTGCTCTCTGAAGGGCTGAAAATCGCCAGCCTCTGGTACTGCAGAGGCGGGATTCAGGGCATAAAGCGATAGCCAATCCCGGTTTCGGTCAGCAAATGCTGCGGCCGTGCCGGATCGGCCTCCAGCTTTTGTCGCAGATGACCCATATAGATCCGCAGATAGTGGCTGTGCTCCACGGCGTTAGGCCCCCACACCTGATTCAGCA
NZ_CP061961.1_gap34	1787327	1789084	1757	CGTCCTTCAGGGCTGCGGTGAAACAACAGCAAATCAGCGTTTTAGCAGTCCGAATATTAAAACCTATATACCACTAATAACTGTCCTGATTACATCGGTCAATACTGACACACTGTTACATAACTTATTCTCAGGTGAAAGAGTGACCCCATAACTTTTGAGCATTATTGCATTTAACTGGTAATGGTTGTAACAAGAATGTTTAATATTTGTCAAATCAGGTGATTAAAAATTAAAAAAATGTTGGTATCGTGACCTTGATCACTGTTCCGGAGAAAACCCAACAAACTATATGTAGGTTAATTGTAATGATTTTGTGAACGGCCTATACTGCGGCCAGGTCTCCGGAACACCCTGCAATCCCGAGCCACCCAGCGTTGTTTAGTGATGTTTTAATGCCTGAAAAGACGTTTTAACATGACTTCTGGTTATAGAAAGGACGCTGTCTGACCCGCAAGCAGACCGGAGGAAGGAAACAATAAGAACAGCATGTGGGCGTTATTCATGGTAAGAAATGTGAAAAAACAAAGACCTGTCAATCTGGATCTACAAACGATACGGTTCCCAATCACGGCGATAGCGTCCATTCTCCATCGCGTTTCCGGTGTCATCACCTTCGTGGCGGTCGGAATTCTGCTTTGGCTGCTGGGCACCAGCCTTTCCTCCCCAGAAGGTTTTCTGACGGCGGCCTCCATCATGGATAGCTTCTTTGTGAAGTTCATCATGTGGGGCATTCTCACCGCGCTGGCCTATCACGTCGTTGTCGGTATTCGCCATCTGATGATGGACTTTGGCTACCTTGACGAAACCCTCGAAGCAGGGAAACGTTCCGCCAAAATTTCTTTTGTTATTACTGTCGTGCTTTCACTTCTCGCAGGAGTCCTCGTATGGTAAGCAACGCCTCAGCACTGGGACGCAACGGCGTACATGACTTTATCCTGGTCCGTGCTACCGCCATCGTTCTGACCCTCTACATCATCTACATGGTTGGCTTCTTCGCCACCACCGGTGAAATCTCATGGGAAGTGTGGACCGGATTCTTTGCCTCCGGCTTCACTAAAGTCTTCACTCTGCTGGCTCTCGTTTCCATTCTCATCCATGCCTGGATCGGGATGTGGCAGGTGTTAACAGACTACGTTAAACCACTGGCTCTGCGCCTGGTTCTGCAACTGGCTATCGTTGTGGCGCTGGTGGCTTACGTTCTTTATGGATTTGTTGTGGTGTGGGGTGTGTAATGAAATTGCCAGTCAGAGAGTTTGATGCTGTTGTCATCGGTGCCGGCGGCGCAGGTATGCGCGCGGCGCTGCAAATTTCCCAGAGCGGACAGACTTGTGCACTGCTCTCCAAAGTGTTCCCTACCCGTTCCCATACCGTATCCGCGCAGGGTGGCATCACCGTCGCGCTCGGTAACTCCCATGAAGATAACTGGGAATGGCATATGTACGACACCGTAAAAGGGTCGGACTATATCGGCGACCAGGACGCCATCGAATACATGTGTAAGACCGGCCCGGAAGCGATTCTTGAGCTGGAGCACATGGGACTGCCGTTCTCTCGTCTTGACGATGGCCGTATTTATCAGCGCCCGTTTGGCGGCCAGTCGAAGAACTTCGGCGGCGAACAGGCGGCGCGTACCGCGGCGGCGGCTGACCGTACCGGTCACGCCCTGCTGCACACTCTGTATCAGCAGAACCTGAAAAACCACACCACTATCTTCTCCGAATGGTACGCCCTCGATCTGGTGAAAAACCAGGACG
NZ_CP061961.1_gap35	1790904	1794036	3132	ACCGAAACCAGCGAGCGCCTGGACGGCCTGAGCGATGCTTTCAGCGTATTCCGCTGTCACAGCATTATGAACTGCGTCAGTGTGTGTCCGAAGGGGCTGAACCCGACGCGCGCCATCGGCCATATTAAGTCGATGCTGCTGCAGCGCAGCGCGTAAGCAACACGGTCTGTCCCGGATGGCGCTAGCGCTTATCCGGGCTACCAAAGCAGTAGCCCCGGCAAGCGTTAGCGCCGCCGGGGGATATAGCAGGAAATCTTTAAAAACCGCCACAAGATGTACCAGTAATCGAGGCGTTCAGTGCGAGGTAAGGCGGCAACTGAGCGCATCCCCGGGAGCATAGTGAACTATGTGACCGGGGTAAGCGAAGGCAGCCAACGCAACCGCAGCCTGAACGCTGAAGATTAATGGCAGTTTTTAAAGGTTCCTTAGCGGATAGAAACCACAACTCGTCCGCAACAAGTGAACCCCGGCACGTGCACTCGGTGTGCGTGGTAGTTTCTACGGCGAAATAAGCATATGAATGCTTAAGGGATCACGATGCAGAACGGCGCAATGAAAGCCTGGCTGGACTCTTCTTACCTCTCTGGTTCGAACCAGAGCTGGATAGAACAGCTCTATGAAGACTTCTTAACCGATCCTGACTCTGTTGACGCCAACTGGCGTTCAATGTTCCAGCAGTTACCTGGCACCGGAGTTAAACCGGATCAATTTCATTCCAAAACGCGTGATTATTTCCGTCGACTGGCGAAGGATGCCTCACGTTACACTTCTTCGATTTCCGACCCAGACACTAATGTGAAGCAGGTTAAAGTCCTGCAGCTCATCAACGCATACCGTTTCCGTGGCCACCAGCATGCGAATCTCGATCCGCTGGGGCTGTGGAAGCAAGAGAGAGTGGCGGATCTCGATCCGGCCTACCACGATCTGACCGAGGCCGATTTCCAGGAAAGCTATAACGTAGGTTCATTTGCCATCGGTAAAGACACGATGAAGCTGGGCGAGCTGATTGTCGCCCTCAAGCAAACCTACTGCGGCTCCATCGGCGCGGAATACATGCATATCACCTCTACCGAAGAAAAACGCTGGATCCAGCAGCGCATTGAATCGGTAGCTGGCAAAGCGAGCTTTACCCCGGAAGAGAAAAAACGCTTCCTCAGCGAACTGACCGCCGCGGAAGGTCTGGAGCGCTACCTCGGCGCCAAATTCCCGGGGGCGAAGCGCTTCTCGCTGGAGGGTGGCGACGCCCTGATCCCGATGCTCAAAGAGATGATCCGCCATGCAGGCAAAAGCGGCACCCGCGAAGTGGTGCTGGGCATGGCGCACCGCGGCCGTCTGAACGTGCTGGTCAACGTGCTGGGTAAAAAACCGCAGGACCTGTTCGACGAGTTCGCGGGCAAACATAAAGAACACCTCGGCACCGGCGACGTGAAGTACCACATGGGCTTCTCTTCCGATATGGAAACCGAAGGCGGTCTGGTGCACCTGGCGCTGGCGTTTAACCCGTCGCACCTCGAGATCGTCAGCCCGGTGGTTATCGGTTCCGTACGCGCCCGTCTGGATCGTCTGGACGAGCCAAGCAGCAACAAAGTTCTGCCTATTACCATCCACGGCGACGCCGCCGTCACCGGCCAGGGCGTGGTTCAGGAAACTCTGAACATGTCCAAAGCCCGCGGTTACGAAGTGGGCGGTACCGTGCGCATCGTTATCAACAACCAAGTGGGCTTCACGACCTCTAACCCGCTGGATGCGCGCTCGACGCCGTACTGCACCGACATCGGTAAAATGGTGCAGGCGCCGATTTTCCACGTCAATGCGGACGATCCGGAAGCGGTCGCCTTCGTCACCCGTCTGGCGCTTGATTTCCGCAATACCTTTAAACGCGATGTCTTCATTGATCTGGTGTGCTACCGCCGTCACGGCCACAACGAAGCCGATGAGCCGAGCGCAACCCAGCCGCTGATGTATCAGAAGATCAAAAAGCATCCGACTCCGCGCAAAATCTATGCTGACAAGCTGGAGCAGGAGAAGGTGGCGACTCTGGAAGATGCGACCGAGCAGGTTAACCTCTATCGCGATGCGCTGGATGCCGGCGAATGCGTGGTGCAGGAATGGCGTCCGATGAATATGCATTCCTTTACCTGGTCGCCGTACCTCAACCACGAGTGGGACGAGAGCTATCCGGATAAAGTTGAGCCGAAACGTCTGCAGGAGTTGGCCAAACGCATCAGCACGGTACCGGAAGGTATCGAAATGCAGTCCCGCGTGGCGAAAATTTACGCCGACCGCCAGGCGATGGCGGCAGGCGAGAAGCTGTTTGACTGGGGCGGCGCCGAAAACCTGGCCTACGCCACGCTGGTTGACGAAGGTATTCCGGTTCGTCTGTCCGGCGAAGACTCCGGCCGCGGCACCTTCTTCCACCGTCATGCGGTGATCCATAACCAGACCAATGGTTCAACCTACACGCCGCTGCAGCATGTCCATAACGGCCAGGGCCAGTTCCGCGTTTGGGACTCGGTACTGTCTGAAGAAGCGGTGCTGGCGTTCGAATATGGCTACGCCACCGCCGAGCCGCGCACTCTGACCATCTGGGAAGCGCAGTTTGGCGACTTCGCCAACGGCGCGCAGGTGGTGATCGACCAGTTCATCTCCTCCGGTGAGCAGAAATGGGGAAGGATGTGCGGCCTGGTGATGCTCCTGCCGCACGGTTACGAAGGCCAGGGCCCGGAGCACTCCTCCGCGCGTCTGGAGCGTTATCTGCAGCTGTGCGCTGAACAAAACATGCAGGTCTGCGTGCCGTCCACGCCGGCACAGGTTTATCACATGCTGCGTCGCCAGGCGCTGCGCGGTATGCGTCGTCCGCTGGTGGTGATGTCGCCGAAGTCGCTGCTGCGTCATCCGCTGGCGGTCTCCAGCATGGATGAGCTGGCGAACGGCACTTTCCTGCCGGCTATTGGTGAAATCGATCAACTTGATCCGCAGGCTGTGAAGCGCGTTGTGCTGTGCTCTGGTAAGGTTTACTACGACCTGCTGGAACAGCGCCGCAAAAACGAGCAAAAAGATGTCGCTATCGTTCGTATCGAGCAGCTCTATCCGTTCCCGCATCAGGCGGTGCAGGAAGCGCTGAAAGCGTAT
NZ_CP061961.1_gap36	1798069	1802869	4800	TTTATTGGGCTACATAATTAACACATAGAGTAAAAATTGATTTATATCAATACTTAATCCTTGGAAAAATCCCTCAAAAAACGTTAAATTGTCTCAAGTCAAATTGGCTGAATTCAGCCATCTTCACTATATATTGATCACCGTCGAAAAATGTAAAACTGGAACAATAAAAACATATTTATTGTAAGGTTATTGCGGCGTAATATATTGGGGAATCAATTGGGTTTTTCGTTAACGTATTTGTAACCTTACCCTGGCATGGTTTTACCTTCGATTGAAACCTGCTGTGGACGGGCGACAAATAAATTTGTATTGGGGCATGCGTATGAGCCAGAGCTTCTCGGTTCATTTTCGGAGTCTTCATGCGATGAGCAAGGAGTCATGATGTTAGATATAGTCGAACTGTCGCGCTTACAGTTTGCCTTGACCGCGATGTACCACTTCCTGTTTGTGCCGCTAACGCTCGGTATGGCGTTCCTGCTGGCCATCATGGAAACGGTCTACGTCCTTTCCGGCAAACAGATTTATAAAGATATGACCAAATTCTGGGGCAAGTTGTTTGGTATCAACTTCGCGCTGGGTGTGGCGACCGGTCTGACCATGGAGTTCCAGTTCGGGACTAACTGGTCGTATTACTCACACTACGTGGGCGATATCTTTGGTGCGCCGCTGGCCATTGAAGGTCTGATGGCCTTCTTCCTCGAATCCACCTTTGTAGGTCTGTTCTTCTTCGGTTGGGATCGTCTGGGCAAAGTTCAGCACATGGCCGTCACCTGGCTGGTTGCGCTGGGTTCCAACCTCTCCGCGCTGTGGATCCTTGTCGCCAACGGCTGGATGCAGAACCCTATCGCATCGGACTTCAACTTCGAAACCATGCGTATGGAGATGGTCAGCTTCTCTGAACTGGTGCTCAACCCGGTCGCCCAGGTGAAATTCGTTCACACTGTGGCGTCGGGCTATGTCACCGGCGCGATGTTCATCCTGGCGATTAGCTCCTGGTACATGCTGAAAGGTCGCGACTTCGCCTTTGCCAAGCGCTCCTTTGCCATCGCAGCCAGCTTCGGTATGGCGGCGATCCTCTCCGTTATTGTGCTGGGTGACGAATCCGGTTACGAAATGGGTGACGTGCAGAAAACCAAACTGGCGGCTATCGAAGCAGAGTGGGAAACCCAGCCTGCGCCGGCGGCCTTCACCCTGTTTGGTATTCCCGATCAGAATGCGCAGACCAACCACTTTGCGATCCAGATCCCCTACGCGCTGGGCATCATTGCTACCCGCTCGGTGGACAAGCCGGTTATCGGCCTCAAGGATCTGATGGTTCAGCACGAAGAGCGTATCCGTAACGGCATGAAAGCCTACGCGCTGCTGGAACAGCTGCGCGCCGGTTCAACCGATCAGGCCGTGCGCGACCAGTTCAATAACGTGAAGAAGGACCTCGGTTATGGCCTGCTGTTGAAGCGCTATACCCCGAACGTCGCTGACGCCACGGAAGAGCAGATCGCCAAAGCGACCAAAGATTCCATTCCAAGCGTCGCACCGCTGTACTTCGCCTTCCGTATCATGGTGGCGTGCGGCATCCTGATGCTGCTGATTATAGGCGCCTCCTTCTGGAGCGTGATCCGTAACCGCATCGGCGAGAAAAAATGGCTGCTGCGCGCCGCATTCTACGGCCTGCCGCTGCCGTGGATTGCCGTGGAGTCGGGCTGGTTTGTTGCCGAATACGGCCGTCAGCCGTGGGCGATTGGTGAGGTCCTGCCGACGGCGGTGGCTAACTCATCATTGACCGCGGGCGACCTGATCTTCTCAATGTTGCTGATCTGTGGTCTGTACACGCTGTTCCTGGTGGCTGAACTGTTCCTGATGTTCAAGTTTGCCCGCAAAGGACCTAGCAGCCTGAAAACCGGCCGCTATCACTTTGAACAGTCCTCTGCGGCTATTCAGTCGGCACGCTAAGACAGGAGTCGTCAAATGATCGATTATGAAGTATTGCGTTTTATCTGGTGGCTGCTGATTGGCATTCTGCTGATTGGTTTTGCCGTCGCCGACGGGTTCGACATGGGGGTGGGCATGCTCACCCGCTTCCTCGGCCGCAACGACACCGAGCGTCGGATTATGATCAACGCCATCGCCCCGCACTGGGACGGTAACCAGGTGTGGCTGATCACCGCCGGCGGCGCGCTGTTCGCTGCCTGGCCGATGGTTTACGCCGCGGCGTTCTCTGGCTTCTATGTGGCGATGATTCTGGTGCTGGCCTCGCTGTTCTTCCGTCCGGTCGGTTTTGACTACCGTTCCAAGATCGAGGACACCCGCTGGCGCAACATGTGGGACTGGGGCATCTTCATCGGTAGCTTCGTGCCGCCGCTGGTGATTGGCGTGGCCTTTGGCAACCTGCTGCAGGGCGTGCCGTTCCACGTCGATGAATACCTGCGTCTGTTCTATACCGGTAACTTCTTCCAGTTGCTGAACCCGTTTGGTCTGCTGGCCGGTATCGTCAGCGTGGCGATGATCCTGACTCAGGGCGCCACCTATCTGCAGATGCGTACCGTAGGCGAACTGCACCTGCGTACTCGCACCGTTTCCATGGTGGCGGCGCTGGTGACGCTGGTCTGCTTCGCGCTGGCGGGCGTGTGGGTCTACTACGGCATCGACGGCTATGTGGTGAAATCGGTGATTGACCATACCGGCCCGTCTAACCCGCTGACCAAGGAAGTGGTGCGGGAAGCTGGCGCGTGGATGGTGAACTTTAACAATATGCCAGCGCTGTGGGCGGTGCCTGCCCTGGGCGTGGTGTTGCCGCTGCTGACCGTCGTTTCGACCAAAGCGGATAAAGGTGCCTGGGCATTCCTGTTCTCCTCGCTGACCCTGGCCTGCATCATTCTGACTGCCGGTATCGCGATGTTCCCGTTCATCATGCCGTCCAGCACCATGCTGAACGCCAGCCTGACAATGTGGGACGCGACCTCCAGTCAGCGGACGCTGAACCTGATGACCTACGTGGCGATTGTTTTCGTGCCGATCATTCTGGCCTACACCAGCTGGTGTTACTGGAAGATGTTTGGCCGCATAACGCGCGAAGACATCGAAAAGAATACCCACTCGCTGTACTAAGGTAAGGAGCTATATATGTGGTACTTCGCATGGATTTTGGGAACGCTTCTTGCCTGTGCTTTTGGGGTCATTACCGCGCTGGCGCTTGAGCACGTGGAAGCCACCAAAGCCGGGAAGAAAGAAGAAATCTGATGAAATTTATCGCTACTCTGTACGCGATAATGGACAAGCGCCCGCTCCGGGCGCTTTCCTTATTGATGGCGCTGCTGCTGGCTGGCTGCATTTTCTGGGATCCGTCGCGCTTTGCGGCGAAGACCAGCGAGCTGGAAATCTGGCATGGTTTCTTGCTGATGTGGGCGGTTTGCAGCGGCGTTATTCACGGCGTGGGCTTTCGCCCGCGTGCCGTTCACTGGCAGGGGATTTTTTGTCCGCTTATCGCTGATATCGTGCTCGCTTTAGGTCTCTTCTTTTTCTTCTTTTGAATAAGAGATCTCTGTTAATGCTATGGGCTTGCATAAGCCCATAAAAATTTACGCCCCGTTTACTTTCCCCCATTCCAAAGCACCTTTCCCGCGCGTATAGTAGCGAAGTTTGAAAGCTCTAACCTTTTTTTGCATTACCGGGATGTAAAGTGAATACAACGCTGTTTCGATGGCCGGTTCGGGTCTACTACGAAGATACCGATGCCGGTGGTGTGGTTTACCACGCCAGTTACGTCGCTTTTTATGAAAGAGCACGCACAGAGATGCTGCGCCACCATCACTTTAGTCAACAGGTGCTGTTGGCTGAACGCGTTGCCTTCGTGGTTCGCAAAATGACGCTGGAGTATTTTGCCCCCGCCAGACTCGACGACATGCTCGAAGTCCAGACGGAAATTACCTCGATGCGCGGCACCTCTTTGGTTTTCACGCAGCGAATCGTCAACGCCGAGAATACAGTGTTAAACGAAGCTGAGGTTCTCATTGTGTGCGTTGATCCACTCTTAATGAAGCCACGTGCGCTTCCCAAGTCTATTGTCGCGGAGTTTAAGCAGTGACTGACATGAATATCCTTGATTTGTTCCTGAAGGCGAGCCTTCTGGTAAAACTTATCATGTTGATTTTGATTGGTTTTTCTATCGCTTCCTGGGCTATCATTATTCAGAGAACGCGTATCCTTAACTCGGCCGCGCGTGAAGCTGAAGCGTTCGAGGACAAATTCTGGTCCGGGATCGAGCTCTCTCGTCTGTACCAGGAGAGCCAGGGGCGTCGCGATAACCTGACCGGTTCGGAACAAATCTTCTACAGCGGTTTCAAAGAGTTTGCACGCCTGCATCGGGCTAACAGCCATGCGCCGGAAGCGATTGTCGAAGGGGCATCGCGCGCGATGCGTATTTCGATGAACCGCGAACTGGAAACGCTGGAGACCCATATTCCGTTCCTCGGCACCGTAGGCTCGATCAGCCCGTATATCGGTCTGTTCGGTACCGTCTGGGGGATTATGCACGCCTTTATCGCCCTTGGCGCGGTGAAGCAGGCCACCCTGCAGATGGTGGCGCCAGGTATCGCCGAAGCGCTGATCGCCACCGCGATTGGTCTGTTCGCCGCAATCCCGGCGGTCATGGCGTATAACCGCCTGAACCAGCGCGTGAACAAGCTTGAACTGAATTACGACAACTTTATGGAAGAGTTCACCGCTATTCTGCACCGTCAGGCCTTTACCACCAGCGAAAGCAATAAGGGGTAAGCCATGGCCAGAGCACGTGGACGCGGA
NZ_CP061961.1_gap37	1810766	1811817	1051	ACATCGCGTACCTCCGGGATAGAGCGACGGATATCCCGCTGCAGGGCCGCCACATCCAGCGAACGCGGCGCGCCTTCCAGCAATTCATTCAGACTCTCTTTCAGTAATCGCCAGGCACTACGTAATACCAGGCAGGAAACCAGCACGGAAAGAATCGGGTCGACAGGCGTCCAGCCGGTGGTGAGGATCACCACGGCCGCCACGATCGCGCCGACCGAGCCCAGCAGGTCGCCAAGCACGTGTAGCGCTGCGGCGCGTACGTTAAGATTCCGCTCCTCGCTACCCCGATGTAGGATCCAAAACGCCAGCACGTTGGCCAGCAGACCGGCGACTGCAATGACCATCATCGTCACGCCGGCTACCGGCTGCGGATGCTGGAAGCGCTGAATCGCCTCCCAGACAATCAGCATGGTGATCACCACCAGAGCAATAGCATTGAGAAACGCCGCCAGGGTGGTTAAACGCAACCAGCCAAAGGTATGGCGGGCATTTGGTGGGCGGCTGGCGAAGCGAACCGCCAGCAGCGCAAACAGCAGAGCGGCGGAGTCGGTGAGCATATGGCCGGCATCCGCCAGCAGGGCCAGCGAGCCGGAGATCGCGCCGCCGACGGCTTCAATCAGCATAAAGCCGGCGGTGACGATAAACGCCCATAGCAGCCGGCGGGCGTTGCTGTTATCCGGAGCCTGGACAGAGGAGTGCGAATGCGAGTGCGCCATAGTGTCGTCCCTTAATACTTATCATTATTACGCTATGACATCATAAACAGAGAGCGATAAAAAACGAAGAAAAGGCGAGACCGGCTCGCCTTTTCTTCGATCTGCCCACCTCATGTGTTACTGGGTGGTGCCGTCGGTTTTGCTGTTGTCTTGGGTCGTATTGCCGCCGTTGTCCAGTTTTTTACCGGTGTCCGGACAGCGGCCGTCTTTACACATCGAGTTTTTATGTACCTCATCGCTCGACATATTATCCTGGGTCATCGTCGAGCCCGTGGTGCCCCCAGAGCCAGAGTTGATCTGACTATTGTCCACGTTGTTCGGCGCCACGTTCTCAC
NZ_CP061961.1_gap38	1832983	1833892	909	CGGAGTTTATTCGTACCGTGCTGTTGCAGACTCTGGTCACCGCCCAGTGGTTCTATATGCTGAACTGCCGCGTATCGGATGGATTCTCGTTAACCAAAGGTCTGCTGGCCAACAAAGGGATCTGGATCGTCAGCGGCGTACTGCTGGTGCTACAGCTGCTGATTATCTACGCGCCTTTTATGCAGATGCTGTTCGGCACCACCGGGCTGCCGTTCCGCTACTGGGTGATCACCTTTATCATCGGCTTCGCCATGTTCCTGATCGTGGAACTGGAAAAACCGCTGACCCGCAAATGGCGTTCCGCCTGACGGCGTGAAGCGCTGAACGAAAAAGAAAAGAGGGGGCATCGCCCCCTCTCTGGCTGACGACAAACCTGTTTCGTCATTGTGCTCGCATTTCTGCCGGGTGGCGACTTTCGCCTTACCCGGCCTACGAAAGACTTCAATATCAAACCGTTATGCAGTTATCTGTAGGGCCGCGCAAGCGCAGCGCCGCCGGGCAATTCCTGAAGATTGCACGTTGTCAGCAGTTTGAGAGAGGGCATCGCCCTCTCTTTTATTATGGTTCACGCTTGTTGCGCTTTACTGTTTCGGCTCGGCGACCACGGTGCTTCCCACGCCGCGGTTATTGTACTCCCACATGCGGTTGAAGCCGTTGTCGTTGAGGTTGCGCTGCAGATTGCCTTTGTCATCGGCGCTGCCGGTGTTGCCGCTGAACGGGCGGCCGGAGCCTACCGCCGCCGCCCACGGCTGGGCAATATTAAAGCCTTCATTGATAGCGCTGTCGCGGATCACCACCTGGCCGTTGCTATTGCCATCGACATCCAGCGCGCGGCCGAGCTGCGCGACGTTATCCCCGGAGGCGGTGAAGCGGCTGTTGGTCGCCAGGAAGCCGTAGGTCACGCTCTTC
NZ_CP061961.1_gap39	1855524	1859413	3889	CCAGCTCTTCATCATAATGTGCGCGCGGCATATTGGAGAACATGCACGGCACGGAAACTGCGGTTGCCGTGCCGCAGGAAGTGGTATGCGGAAAATAGATCACGCCGTCCTGCCGCATCAGCGGGTTGGTGTCGCGCGAATAGCCGCCCAGTGAGAAGTTATCCGCTCGCGAAGTCTCGCCGAGCACGACGATCGTCAGGTTCTTACGGGGAGCGTTATGCATCACCGCTTTCTGCGTGGCATCTTCGCCAATCTTCACCAGCGGCAGGTTGTCCATCCGATGATGAGCATACCAGGAGTTCACGGCCACAATGCTGTTGGAAGGGCTCAGGGATTTCACCAGCTCTTTGTTGTTACGGAACACCGAGGCGTAATCTTTGTAGAACAGCGCGGCCACCAGAATAATCAGCAGCGCCGAAACGGCGATATTGAGCAGGCGCATCGCCGCGCCGCGCCACCGCGTGGCGGGCTTACGGATTTTCACCCACCAGGCGACGAATACCGCCAAAACCCCGGAAAGGCCGAGGACGGCAATCATTTCGCCGGAGAGTAGAGCAAAGCTTTCCGCCGGAGTGGTGTCGAGGATATTGGTGATCATGCTGCGGTCGATCACCACGCCAAAGTTCCAGATGAAGTATTGCGCCGAGGCGCTGAGCAGAATGAACAGGCTAATCACCAGCCGGTCCAGCTTCAGGAACGAGGCGAGAGTGGTGAGGATATTCATCACGCTAATGGCCACGATCGGCATACTGAGAAATACCAGCCAGTTATGCAGGCTATTTACCGGCAGTAACGGGAAAACCTGGCGATAAAAAGCCAGGTTGAGAAAGATGCCGATATAGCAAGCAAAGAGAATCAGATAAGTCGTGCGACTGACCACCGGCCGACGCAGAGGCAATAACGACATAATGCACACCCACAGAAAAAGATGAGGGTATAGTGCCAGCCCTATTTTAAGACAACCTTAAGATTTTAAGGTGCGCCGAAGAGGGCCGCCTCCGGCGCGCAGGATCAGCCCGGCAGCTGGATCGCTTTCTCCAGCGCCCCGCGGAGCAGCGCCCGGTCATGACGATAGGGAACGTCGCTGGCCTCCAGCGGCGTCTGGATCACCAACCGGTCGTCAATGCCGCTGATATCGGCTTTTGGACCGGCGATCACCGCATCCACCACCCGCTTGCCTACATAGCGCTCCATAATCGCGATGCGCTCCGCCAGCGACAGCCTCGCGGCCGGGCTATGCTCTTTGCCGAGGTTATCGATAAAAACCATCGGCGCCGGGGTGCGGCGCAACGCCCGGGCCATCTCGTCGAGCAACAGGATCGGCAGCAGGCTGGTGTAAAAACTGCCCGGCCCAATGAGGATCAAATCGGCTTCGGCGATAGCCTCCACCGCCTCGCGGGTGGCCGGTACCGGCGGGGTGAGCATCAGCTCCTGCGGCACATTATCAAGCTGATCAATATTCACTTCGCCATAAACTTCATGGCCTTCATGATCGAGCGCCATCAAATCCACCGGTTGTTCTGACATCGGGATCAGGAAAGCGTCCACTTTCAGCAGGTTTCTGATCAAATTGATCGCCTCTAACGGCCGCACGCTCAGGTGATCCAGCGCCTTTAACATCAAATTTCCGAGGTTATGCCCGGAAAGCTCGCCGTTACCGCCAAAACGATACTCAAACATCGCCGACGCTACGCTCGGCTCGGCAATTAACTGATTGATGCAATTGCGCATATCGCCCCAGGCAATGCCACCTTCCGAACGACGGATCCGCCCGGTGGAACCCCCGTTATCGGTGGTGGTGACAATGCCGGTCAGCCGTGAGCCGAGCGAGGAGAGGGAGGACATCACCCGGCCCAAACCATGCCCGCCGCCGAGCGCGACCACCCGATCGAGGTCAGCGAATGTACGATTGCGCATAGAAATTCCTTATTTCACATAAACGGCCACACACTACCCGATCTACCCCTAAAAGACGATGGGAGGAGCCCGACAAACTGACCGACATCAAGGCAAAAAAATGATTTATGGCTATTCTGTAGCGAAAATGCACGAAGATAGCGATATGTATAAGATTATATAGCGAAATCGCCAATGGCGAAACTGCCTGTAACGCGCTACTATCGACATAACCTGTTAACACTCTAGCCTCTTCGCCTGTGTCAAAAGATATGGCGATTTGGCCGCGACGCCGCCGGTTGTCGCCAGGGCGTGGAAAGAAATGACCGCGTCTCCCGTATTTGGAAAGGTGTATATGGCCTCACAGCTTACCGATGCATTCGCGCGTAAGTTTTATTACCTGCGTCTGTCGATTACCGATGTGTGCAACTTCCGTTGCACCTACTGCCTGCCGAACGGTTATAAGCCCGGCGCCGTCAATAACAATGGCTTTCTCAGCGTAGACGAAGTACGCCGGGTTACGCGCGCTTTCTCTGCGCTGGGCACCGAAAAAGTTCGCCTCACCGGTGGGGAACCCTCCCTGCGCCGCGACTTCACCGAGATTATTGCCGCCGTGCGTGAAAACCCGGCGATCCGTCAGATTGCGGTCACTACCAACGGTTACCGCCTGGCGCGCGATGTCGAACGCTGGCGCGATGCCGGCCTGACGGCGATTAACGTCAGCGTTGATAGCCTCGACGCCCGCCAGTTCCATGCCATCACCGGCCAGGACAAGTTCCACCAGGTGATGGACGGCATTGACGCCGCCTTCGCCGCCGGCTTTGACAAGGTAAAGGTGAATACCGTGCTGATGCGTGATGTTAACCATCACCAGCTCGATACCTTCCTCGCCTGGATCCAACCCCGTCGTATCCAGCTGCGCTTTATTGAGCTGATGGAAACCGGTGAAGGCAGCGACCTGTTCCGCCGTCACCATCTCTCCGGCATGGTGCTGCGCGATGAACTGCTGCGCCGCGGCTGGATCCATCAGATCCGCCAGCGCAGCGATGGCCCGGCGCAGGTCTTTTGTCACCCGGACTACGCCGGCGAGATCGGCCTCATCATGCCGTATGAAAAAGACTTCTGCGCCACCTGCAATCGGCTGCGCGTCTCGTCCGTTGGCAAACTGCACCTGTGCCTGTTTGGCGAAGGCGGCGTCGACCTGCGCGACCTGATGGCCGAAGACCAGCAGCAGGCCGCGCTTGAGGCGCGGATCGCCGAAGCCTTAACCCATAAAAAGCAGACCCATTTCCTGCATCAGGGCAACACCGGTATTACGCAGAACCTGTCCTATATTGGCGGTTAATCGTTTTCGAAAGGAGCATTCAGATGAGCCAGGCTAGCGCTGAGTTTATCCCGACCCGTATTGCTATTCTTACCGTTTCCAGCCGTCGCGGCGAAGAGGACGACACTTCCGGTCACTGGCTGCGCGAGGCGGCGCAGGAGGCGGGGCACCAAGTCGTCGAGAAGGCGATCGTCAAAGAGAATCGCTACGCCATCCGCGCTCAGGTATCGGCGTGGATAGCCAGCGATAACGTGCAGGTGGTGCTGATCACCGGCGGCACCGGTTTTACCGACGGCGATCAGGCGCCGGAAGCGCTGCTGCCGCTGTTTGATCGTGAGGTCGAAGGCTTTGGCGAAGTGTTCCGCATGCTGTCCTTCGAAGAGATCGGCACTTCGACGTTGCAGTCCCGGGCCGTGGCCGGCGTCGCCAATCGCACGCTGATTTTCGCCATGCCGGGCTCAACCAAAGCCTGCCGTACGGCGTGGGACAACATCATCGCCCCGCAGCTTGATGCCCGCACCCGTCCCTGTAACTTCATTCCACACCTGAAGAAATAATCTATGTCACAACTGACCCATATTAACGCCGCGGGTGAAGCCCATATGGTCGATGTCTCCGGCAAAGCGGAAACGGTGCGCGAAGCGCGCGCCGAGGCTTACGTTGAAATGC
NZ_CP061961.1_gap40	1865545	1868003	2458	CAAAGCCCACCAGCGATAGACCGTAAATCACCATGGTGAAATAGAACAGCAGCAGCGAGCCGGCAAACGGGATCTGATAGGCCCAGATACCAATCGCCAGCACGATAGTTGCCTGCAGGGTGGCGACGATCAGCGCCGGCACCGCCTTGCCGACGAAAATTTGCCAGGTGGCGAGGGGGGAGACCAGCAGCTGGTCAAGGGTGCCCTGCTCGCGCTCGCGAGCCACCGACAGCGAGGTGACGATCATCACCCCGATGGTAGTGATCATGGCGATAAGCGACGGCACCACGAACCATTTATAGTCGAGATTCGGGTTGTACCAGTTGCGCACCACCAGCTCGCTGTTGTTCGGCTTCGCTTTACCCTCCAGCAGCTCCTGCTGATAGTTTTTCACAATCTGTTGCAGATAGTTGGCGGCGATTTGCGCGCTGTTGGAGTTGCGTCCGTCGAGCAGAAGCTGCAGCGGGGCGGTTTGATAGTTATCCAGATTGCGCGAGAAATCGGCCGGGAAGCGCACCACCAGCAGAGCTTTTTGTTCATCGATGGTCGGCTGGATCGCCTGCGGGCTTTGCAGCAGCAGGACGTGGGTAAAGGCTTTGGCGCGGGCAAAGCGCTGAGTGAGTTCCACCGCGTGGCGACCGCTGTCCTCGTTGTAGATAGCGATGGTGGCGTTGGTCACCTCCAGCGTCGCGGCAAAGGGAAAAAGCAGCACCTGAATCAGCACCGGCATGATTAAAATCGCCCGCGTCTGCGGCTCGCGCAGCAGCGACTGCAGCTCTTTGCGGATTAATGTCCATAAACGGTGAAACATAATAGCTCCTTTGGCCCATTCAACCACGCCGGGCGGCACTGCGTTTGCCCGGCCTACGGGATCGGCGAACCGTATAATCGATGTTGGTTAAACCGTAGGCCCGGTCGGCGCAGCGCCACCGGACAAAACCTAATCCAGACGCCGTTTGGTTTTCAGCCACGTCAGACCGATAAACATCACCGCCGACGCAATCAAAAACAGCACGTTGACCAGCAGCACCACCGGAATATTGCCCGCCAGAAACAGGCTTTGCAGAGTACTAACGAAATAGCGCGCCGGGATCACATAGGTCACCGCGCGGATCACCGCCGGCATACTGTCTATCTGGAAAATAAACCCGGACAGCATAATCGACGGTAAAAAGGCGGCGTTCAGCGCCACCTGCGCGGCGTTAAACTGGTTGCGGGTAATGGTTGAGATCAGCAGCCCCATCCCCAGGGTGCTGAGCAAAAACAGACTGGTAATGACAAACAGGATCGGCAGCGAGCCGCGATAGGGCACGCCGAGAATAAATACCGACACCAGCATACACAACAGCATCGCCAGCATGCCGAGGAAATAGTAGGGAATGAGCTTGCACAGCAGCAGTTCGGCGCGGGTGATCTCCGTCGACAGCAGCGCCTCCATGGTGCCGCGCTCCCATTCGCGGGCCACCACCAGCGAGGTCAGTATGGCGCCGACCACGGTCATGATGATGGTGATCGCCCCGGGGATAATAAAGTGCTGGCTAATAGCCGCCGGGTTAAACCAGTAGCGCATCTGCACGTCGATCAGCGGTTCAAAGGTTTCGCCGCGGTCTTCCGCCCGCTGCTGCTGCCAGATTTGCCAAATACCTTCCACATAGCCCTGAGCGAAGTTGGCGGTATTGGGCTCGCTGCCGTCGGTGATGAGCTGCAGCGGTGCGTCGGCGCCGGGGCGGGCCATCTGGCGGTCGAAATCCACCGGAATGACCACCATGGCGCGGATGCGCCCGGCCTGCATCATCTCAATCAGCTGCCTGCGGCTGTCGCTGACGGTGGCGTCGATATAGGGCGAGCCGGTCATGGTATGGACGAAATCCAGCGCCTCTTCGCTCTGCTGCTCAAGCAATACCCCGACCCGCAGCCTGCTGGAGTCGAGGTTAATGCCGTAGCCGAAGATAAACAGCAGCAGCAGGGGGATCACCACCGCGATCAGCCAACTGCTGGGATCGCGCACAATCTGCCGGGTCTCTTTGACGCACAGGGCGCGGACCCGCCGCCAGGAGAGAATGCTATTGCCCATGGCTATTCTCCTTGTCCCAGCGGTTAATCAGGGTAATAAACGCCTGCTCCATGGTTGGGTCCGTCTGGCTGTCGTCCGCCGCCTGGGCCTTCAGCGCGTCCGGGGTCCCGCTGGCGATAAGTTTGCCGTGATAGACCAGCCCGATGCGGTCGCAGTATTCCGCCTCATCCATGAAGTGGGTGGTGACCATTACCGTCACGCCTTTATCAACCATGCTATTAATATGTAGCCAGAACTCGCGGCGGGTAAGGGGATCGACGCCGGAGGTGGGTTCATCGAGAAACAGAATATCGGGTTCATGCATCAGGGAGCAGGCCAGCGCCAGCCGCTGCTTGTAGCCGAGCGGCAGCTCGTCGGCGGCGTGGCGGGCGATACTTTTCAGGC
NZ_CP061961.1_gap41	1869190	1872456	3266	AGCATTCGCATCAGGGTGGTTTTCCCCGCGCCGTCGGGCCCCACCAGCCCGGTGACGTAGCCGGCGCGGATCGTACAGGTGAGCGGCGCTACCGCTGGCCTGTCCATACCGGGAAAACGGCGGCTCAGGCCGTTTAAGGCGATGACGGTCTCACTCATGTCCGTTCCCGTGGCTAAAGGAGATGGTCACCGGCATTCCCTGGCGCAGCGCGCCGTCGGCATCAGTCACCACAATGCGCAGACGGTAGACCAGATCGGTGCGCAGATCCGGGGTCTCGACGGTCTTCGGCGTGAATTCAGCGCTCGGCGAGACAAAACCGATTTTGCCGTGATAGGGCTTATCCGGCCGGCTGTCGGTATAGAGCAGCACTTCTTGTCCCGGCTGCGCCTGGCCGAGGTTTTTCTCGTCAACATAGGCGCGGACCCACACCGGATGCGTTAACGACAGGGTCAGTACGGTACCGCCGGCGTTGAGCATAGTGCCGGGCTCGACGGCGCGGGTCATCAGCGTACCGTCAGAAGGGGCGGTGAGCACGGTATCGTGCAGGTCCAGTTTGGCCTGGGCCAGCGCCGCCTGCGCCTGTTCCAGACTGGCTTTGGCCTGGGCAATCTCCTGCGGGCGGTTACCGGCGCGATACTGACGCAGCTTATCCTGCGCCGATTTGAGCGTTGCCTGCGCCTGATCGCGCGAGGAGCGGGCATTCTCCAGATCGTTGGCGGAAATGGCGCTGCTGGCGCGCAGCCCGAGCTGGCGCTGATAAAAGTTTTGCGCATAGTCGTAAGCGGCCTGCGCCTGTTTCACCGCCGCCGCGGCCTGGGCAATCTCTTCCGCGCGGTAGCCGGCCATCATCAGGTCATACTGCGCCTGGGCGGTGGAGACATTGGCCTGGGCCTGCAGCAGGGCATTTTCATACGGCGCGCGGTCAAGCTCGCCGAGAGTTTGCCCGGCGCGGATGCTGTCGCCTTCGTCGACGGTCAGCGAGGCCAGCCTACCGCCAACGCGGAAGCTCATGTTGACGGTGCGGATATCGACATTGCCATACAGGGTCAGCGGCTGCTGCCGGCTGCTCTGGTACCACCACCAGCCGCCGCCCAGCGCGGCGAGAAGAATTACGATCAGCAGAATGACGACGACGGGTTTTTTCATCAGCCCAAACTCCTTTGCGATAACCCATGCAGGATGAAATCGATATGACAGGTAATGACTTCGAAAATCTGTTCCGTTTTTTGCGCGTCAAACTGCGTCCAGCCGGTGCGCAGCAGGATAGTTTCACGCCCGAGACGGAAAGCGAGCACCTCGCCCAGCAGGGCGTGGGTATGGAGGATCATTTGCGTATCACTGGCTTCGCAGCCGGTCCAGGCGGCAATCAGCCGGGTGAGATAATGGTGCAGGGGGGCAATCACCTGCTGGTGGATCAGATGGTAGGCGGCGGTCGGCGCCAGCTGCTCACGGGAAATGAATTTGCTTAGGTTAACCGTATCGTCCTGGGTGAGCAGCAGGATCATGTTGTGGCAGGCGCTAAGGATGAGGTCGCGGATCGCCTGGCGATCCGGCGCTTCCCCGGCAAGCAGGTGCTCCGCCGCTTCGGCCTGCGGGCGAAAATTGTCGCCGATAAAATCGGCGATCCACTGGGCGCAGGCAAGATACAGATCGTCTTTCGAGCCAAAATAATAGGTGATAGCGGCGATATTCTGCCCGGCCTGGGCGGCGATATCGCGGGTGGTGGCGTGCTGGCCGTACTCGCCAAACTGGGCGATAGCGGCCGCGATAAGCTGATTTTTTGCCTGTTCGCCTTTACTGGTCATCGCGCTCGGTAAAAATTAATCAATCGATTGATTAACTTTAGGCGCCGACTGGCGGTTTGTCCACCAGCCGGGATCAAATATGGAACCCTTCCTCTTTCAGCTCTCCGGCGACCCAGGCGAAGAAGCGCTGGACCTTCTCCTTCTGTTCATTAGCGTGGGGGAGGACGAAGTGGTGCGCGCCGACCGGCATGCTCCGCTCGTCGGCAAATACCGGCGTCAGCTGCCCCTGGCGCACGTGTCCGCCGGCCAGCAGATTGCTCTCGAGGATCACGCCCATCCCCATTCTGGCCGCCTCGATGCTCATATATGACCGGTCGAAATTAAAAATGAAGTTTTTATGCCAGCCGCGGACCTTGTGCCACGACAGCCAGTTGCTCCAGTTAATCAAGGTGCTGTCGGAGTGGATCAGATCGCAGGCCAGCAGATCTTCCACAACCTGCACAGGATGGCAGGCTAAATAAGACGCTGCGCTGTAGGGCAGGACGCGCTCATTTTTAATGGTTCTGACCAGCAGCGTCGGCCACTGTGACAGCCCGTGACGAATATCGATATCAATATTATCCCGGGAGAACTGGATGCTTTCGTATGAACAGGTCAGGCTGATTTTTAACGCCGGCCACGCCTGGCGGAATTTATCCAGACGGGGCATCAGCCATAGCAGGCCGAAGCTCGGCGCCGAATGAATGCGTAAATAATCCTGATGGATATCGTTGATCACCTGGCTGGTGGCCTGGCCAATCATATTTAGCGCCCCGGAGACCTCTTTGAGATATTTTTCTCCCACCGCCGTTAACGTGACGCCTTTGCTGCTGCGGGAGAACAGTTTTTTCCCCAGAAAGTGCTCCAGGCTAGCTATCTGATGGCTGACCGCCGAGGCGGTAATATTGAGATTCTCTGCGGCCAGGTTAAGGCTGCCGGTAGCGGCGACTTCAATAAAAGCCTGGATATTGCGTAAAGAGGGCATCGGCAGATTTTTATTGGGTAGCGGTTGGCTCATGGCGGCATCCTGCGCGGGGCGCGAATAAAAGAAAATAGCGAACAGCGTGGCGCAGCCGGGATGTACAGCATAGGGAAAAGCGAAAAAACAACGTTAATTTGTGATGGGCTTAACAATTTATCTTGTTAAAAGCGCGCAGGTCAGTAAACGCTAAAAATTTGCGGGAAGTCACTAACTCAATTTTTCTCAATCATAATTGAGGTTTTTTGAATACCGTTTCATTTTGGGGTTGTTATATTCCTCTCACAGGCCTGATAACAAACTGCGATGCTCTTGCATCGCAATTATAAAACACCTAACCACCTGTTTCGCTGGCGAAAAGCATTTATCTCTTGCTCCTGTATGGATAGTAAAACGCGGTGATCCGAAGCGGCAGCTTACAGCGAAGTGGATGAGGTATAAAACGAGGAAACCCTATGTCACGTATAGATACGCTGGTCTGTACTGACGCCAGGAAAACGAAA
NZ_CP061961.1_gap42	1873910	1875710	1800	GGCGAAGCCAGTAAAACCGCCGCGGCGGCATTAGGCGAAGGCCATCTCGGCCTGGCAGCCAACGTCGCTGATGAAGTGCAGGTGCAGGCGGCCATCGAACAGATCCTGGCGAAATACGGTCGGGTTGATGTACTGGTCAATAACGCCGGGATTACCCAGCCGCTGAAGCTGATGGATATCAAGCGCGCCAACTATGACGCGGTTCTTGATGTTAGCCTGCGCGGTACGCTGCTGATGTCGCAGGCGGTTATCCCCACCATGCGGGCGCAAAAATCCGGCAGCATCGTCTGCATCTCGTCCGTCTCCGCCCAGCGCGGCGGCGGTATCTTTGGCGGACCGCACTACAGCGCGGCAAAAGCCGGGGTGCTGGGTCTGGCGCGGGCGATGGCGCGCGAGCTTGGCCCGGATAACGTCCGCGTTAACTGCATCACCCCGGGGCTGATTCAGACCGACATTACCGCCGGCAAGCTGACTGATGACATGACGGCCAACATTCTTGCCGGCATTCCGATGAACCGCCTTGGCGACGCGATAGACATCGCGCGCGCCGCGCTGTTCCTCGGCAGCGATCTTTCCTCCTACTCCACCGGCATCACCCTGGACGTCAACGGCGGCATGTTAATTCACTAAGCGAGGCAAACAGATGAAGATGACCGAATCACAAAAAGTCGCCGCGGCGGCGTGGCGTATTCGCCGTTACGCCCTGCAAATGGGGGAAGTGCAGGGGCAGGGCTATATCGGCCAGGCGCTGGGCTATGCCGATGTGCTCGCCACCGCCTTCAGCCATGCCATGACCTATCGCCCGGAAGATCCCGAGTGGGAGGGGCGCGATCGCTTCCTGCTCTCTCATGGCCATTACGCTATCGCTTATTATGCCGCGCTGCTGGAGGCGGGCATTATCCCGGAAGCCGAACTGGAAACCTACGGCTCCGACGACAGCCGCCTGCCGATGTCCGGCATGGCGACCTACACCCCGGGGATGGAGATGTCCGGCGGCTCGCTGGGGCAGGGGCTGTCCATTGCCGTCGGCATGGCGCTTGGGCTGCGGCAGAAACAGAGCAAGGCCTGGGTCTACAACTCCATGTCCGATGGGGAGCTGGACGAAGGGTCGACCTGGGAGGCAGCGATGTCGGCGGCTCACTATGGCCTGAGCAACCTGATTAACCTTGTCGATGTCAACAAACAGCAGGCTGACGGCGATTCACGCAAAATCCTCGGCTTTGAGCCGCTGCAGGATAAATGGGCCGCCTTCGGCTGGTACGTACAGCGCGTGGACGGTAACGATCTGCCGGCGGTGATGGCCGCCTTTGACAACGCGAAAAGTTATTCCGGCAATCAGCCGCGGGTCATTTTATGCGACACGCTGATGGGCAAAGGGGGGCCGTTCCTCGAAACCCGCGATAAAAACCATTTTATTCGCGTCGATGCCGACGAATGGCAAAAAGCGATCGCGGTGCTGGACGCTAACAAACCGGAAGGAGTGCTGTAATGAGCCAGAGTCAACCCCGTTTAAAAACGTCGGCGATGATCGCCTCGATTGCTGATGAAGGCCAGGCGACCGTCCCTGCGCCCTTCGGCGTCGCGCTGTCAAAACTGGCGGCGCAGCGCCCGGAAATCGTCGGCATGACCGCGGACCTGTCAAAATATACCGATCTGCATATTTTCGCCCAGGCCTTCCCGGATCGCTTTTTCCAGATGGGCATGGCCGAACAGCTGCTGATGGCGGCGGCAGGGGGGATGGCGAAGGAGGGATTTATTCCTTTCGCCACCACCTATGCCGCCTTTGCAACCCGTCGCGCC
NZ_CP061961.1_gap43	1882944	1885275	2331	CGGTGAGGCCGGCGCGCACGAATTCGTCCTCATGGTGCGGAATCGAGGCTGACGTTTCATTCATCGCCATGGCCAGCGGTCGCGTCGCCAGGTTCCAGACGAACTCCTTTGTTTCGACGATATTTCGCACGCTGTCTTTCCAGCCGCTACTGGCGAAACCAATGATTGGCGGCCGATAGTTAAAGCAGTTAAAAAAGCTGTATGGCGCCAGATTACGCTGGCCCTCGGCGTCCTGGGAGGCGATCCAGCCTATCGGGCGAGGCCCGATTATCGCGTTCAGCGGGTCATGCGGCAGGCCGTGGCCCTGCGAAGGTTGATAAAAGTACATGCTGCACCTGTCACGGATAATGGAGATATCCAGACTCCCTTATTTACCGCGCCGCCGTCAACGGGTATCTTACGCGGCTGTTCAAAGGAGATTGTCATGAAAGCCCAGAAACCGGGGTTACACCCGCGTAACCGCCACCATCAACGCTACGACCTGCCCGCGCTCTGCCAGGCCCATCCTGACCTGCAGGGCTACATTACGCTCAATCCGCTGGGTGAGCAGACCATTGATTTTGCCAATCCGCAGGCGGTGAAGGCGTTGAATAAAGCGCTGCTGGCGCATTTCTACGCGGTCAAACACTGGGACATTCCTGACGGCTTTCTCTGTCCGCCGGTGCCTGGGCGGGCCGACTATATTCATCATCTGGCGGATCTGCTGGCCGGGGATAGCGGCGAGGTGCCGAAGGATGCCACGATCCTTGATATTGGCACCGGCGCTAACCTCATCTATCCCCTGATCGGCGCTCACGAGTATGGCTGGCGCTTTACCGGCAGTGAAATCAACCCGCAGGCGTTCGCCAGCGCGCAGGCGATTATCAATGGCAACCCGGGCTTGACCCGGCAGATCCGCCTGCGCCGGCAAAAAGAGAGCCAGGCTATCTTTCACGGCGTGATCCATAAAAACGAGACCTACGACGCCACGCTGTGTAATCCGCCGTTCCATGACTCCGCAGAGAGCGCCCGGGCGGGGGGCGAGCGCAAGCGCCGCAACCTCGGACTCGGCGCCGAAAGTGGCCTCAATTTTGGCGGTCAGCAGCAGGAGCTGTGGTGCGAAGGGGGCGAAGTAGCCTTTATCTCGCAGATGATCCGCGAAAGCCAGGCCTTCGCCCGCCAGGTGAAATGGTTTACCTCGCTGGTGTCGCGTGGCGATAATCTGCCGCCGCTCTACCGCCTGCTGACCGAGGTCGGCGCAGTGAAAGTGGTGAAAAAGGAGATGGCCCAGGGGCAAAAGCAAAGTCGCTTTATCGCCTGGAGCTTTATGGACGACGCCAAACGCCGTCGTCCATTCTAACGCTACTCGGCGGCCGGGCTGTCGGCGCCCGGCATCGGCAGCTGCTGCCAGGTCTGTACCGGCGCGCGAACCCCGGCGCGGTCGAAGTGCTTTTTCACCTGGGTGTCGAGGGCAAAACGCACCGTCCACTGCTTCAGCGGCAGGGTGGTGAAGCTGACGCGTAGCGTAAAGGCGGTATTGCTCAGCCCCACCAGCCCGGCGAACGACGGTTCGCCAATGATCAGACCGCGGATCTCCTCCTGGGCCAGCAGATCGTCCACCGCTGCCTTCAGCGCCTGGCTGGCTTTATCCAGATCCTCATGGCGGTCAACGTCATAGTTAGCCACAACCGAGCCAATGCCGCGCACGAAGTTGGCAAAGGTGGTGATCGAGGACCAGGGAATAATGTGATAGGCGCCGGTATCCTGACGTACCCCCACTGAGCGAATCGACATTCGTTCCACGGTGCCGGTCAAAGGACCGATGGTGACCAGGTCGCCGGTGTTCATCCCGTTCTCAAACTGGATAAATATGCCAGTGATAATGTCTTTGACCAGGGTTTGCGCACCAAACGAAATGGCCAGCCCTAACGCCCCGGCGCCCGCCAGCAGCGGCGCAATGTTTACCCCAATTTCCGAGAGCAGGATCATCACCGTGATGGTGCTGATCACCACCGCCAGCGCGTTGCGAAACAGCGTCAGCAGCGTCCGGGCCCGCGCGCTGGGCAGCGGACGGCCATGAATATCCGATGCCAGCCGGTTTTCAATCAGGCTGGCCAGAACCGTCCAGCCAATGGCGGAGAAGAAGAGGATCAGGGCGATGCGGATCAGCACATCCACCGTTTTTTGCCCGGCATCGTTATGCAGCCATTCCCGGAAGTCAAACAGGCCCCAGGCGCTCAACAGCAGCATAATGGCGACACAGACGGTGAGAATGCGCGCCGCCTTCAGCGAGGCGGAGATCCAGCCATTTAGACGCTTTTGCAGTTCAGGGTAGTTGCGCTGAGTGGCGGG
NZ_CP061961.1_gap44	1900909	1903900	2991	CGCAGATTGCGGACCTGCAGTCCTTCGTTAGCCGCTTCAGCGCCAACGCCTCTAAATCGCGTCAGGCCACCTCGCGCGCGCGCCAGATTGACAAAATCAAGCTGGAAGAGGTTAAAGCCTCCAGCCGTCAGAACCCATTTATCCGCTTCGAGCAGGATAAGAAACTGTTCCGTAACGCGCTGGAAGTGGAAGCCCTTACCAAAGGCTTTGATGAAGGTCCGCTGTTCAAAAACGTCAACCTGCTGCTGGAAGTGGGCGAAAAGATCGCCATTCTGGGCGCCAACGGCGTGGGTAAATCCACCATGCTGAAAACCCTGGTAGGCGAACTGCAGCCGGACAACGGCAGCGTGAAATGGTCTGAAAACGCGCAAATCGGCTACTACGCGCAGGACCATGAGTACGAGTTCGAAAACGACCTGACGGTCTTCGAATGGATGAGCCAGTGGAAGCAGGAAGGCGACGACGAGCAGGCAGTACGCAGCATCCTCGGCCGTCTGCTGTTTAGCCAGGACGATATCAAAAAGCCGGCGAAGGTGCTTTCCGGTGGCGAGAAAGGGCGCATGCTGTTCGGTAAGCTGATGATGCAGAAGCCAAACATCCTGGTGATGGACGAACCGACCAACCACCTGGATATGGAGTCGATTGAATCGCTGAACATGGCGCTGGAGATGTATCAGGGCACCCTGATCTTTGTCTCCCACGACCGTGAGTTTGTCAGCTCGCTGGCGACCCGCGTCCTGGAGATCACTCCGGACCGCGTGATCGACTTCAGCGGCAACTACGAAGACTACCTGCGCAGCAAAGGTATCGAGTAATCCCTGTCCGTTACCCGGGTAGCGGCTACGCCTTACCCGGGCGACACGCGGTGCCGTTTTTTTGTCTGGTGGCGGCTAACGCCTTACCCGACCTACGGTTCTTGCGACCTGCCTTTAATGTCTTCACCGCGCTGGCTGAAACTGCCGGTGTTGGTGGCCTCAAAATCGCTGAGACGTTCCCGGAAGGCCGGGGCAGCCCGCATGGATGCGGCCTGAGGGCCGTGTTTTGCACGGACGCTGCCTCGGCCCGACCCGAAGCCTGCAGGGATAAGTCGAAGGTACCACGAAGTGGCGATTTTGGCGGCCAGAGCCCGGGGTACAGGGGCGGCGGCGACTGGCCGCCCCCTGTACGCTCCCTGCGCCATGAGAGACATAACGCAGAAGAAATATCGGGAGCGCAATCTGCTCTGAAATAATAAAAAAGAACTGTTTTTCCCGGACCAAAACCGTTGCAAACCGAGAACAGTAACCAAGGTCCGTACGGCCTGCTTTTAATTTATTTACCATGCTGGCTGAAACTACCGGCCTATGGTCAGAACCTCCACTCCGTTCCTTCAACGCCATTCACCAGCAGCTTACGCTTTTCTCCTACCGGTAATGACAGCTTCAGCGCTTTCCACGCCGGGCGATAGTTGCCGCGGGCGTTGATATCCAGGTTTATGCTGCTGGCGCTGCAGGTCATTTCCCACTCCAGCCAGAGCGCATCCCCCTGTTTATAGCCCCAGCTTTCGCCGTCGTCTTCAAACAGCAGACCGCGGGTTGAGCCGGTACCTTTCAGCGGGAACAGCTGCAGTTCGCGACGATCGTCTTTTTGCGCATCGACATGGCTGATACGTTCACTAAGCGGCAGACCGGCGCCGGCGCGGACCAACAGCGGCAGTTTTTCCAGCGGCGCGTCCAGCGTCACCCACTGGCCGCCGGCGAACCACTGATGGCTGTAGAAATCGTACCAACCGGCCTGATTATCCGGCAGCCATACTTCACGCTGGCGGGCGCCCGGCTCGACCACGCTGGCCACCAGCAGGTCGCGGCCCAGCAGGAAGTCATCGCATTCGGCGAAGGTCTGCGCATCGTGCTGGTGATCGAGGAAGGTCGGGCGCAGCATCGGCTCATCATCAGCATGCGCCTGCCATAGCAGAGTGTACAGATAGGGCAACAGGCGGTAGCGCAGCTCAATGGCTGAGCGGATCGCCGGGGTGATTTCCGGGTACATCCATGCTTCGTTTACCGTCTGGTCGTCATTCCACGAGTGAATGGTAAAGCGCGGATGCATGACGCCATTTTGTACCCAGCGCACAAACAGTTCCGGCTCGGGTTTATCGCCGGAGAAACCGCCGACGTCGTGGCCGACGTTAAACAGCCCGGAAAGGCTCATCCCCAGGCCCATGCGGATGTTATAGCGCAGCGTATCCCAGTTGGTGCGGTTGTCGCCGCTCCAGGTCTGTACGTAGCGCTGCATCCCGGCGCAGCCGGAGCGGGAGATCAGATATGGGCGCTTTTGCGGCGCAAAGCGCTGCTGGGCTTCCAGCGAGGCGCGCATCATCAACAGCGGCATCACCGGGCGAATATGTTTGATGGCGATTTCACGGCCAAAGCCGTAGCAGCGGGCTTCGCCGTCCCATACTTCGTATTCGTTATTATCGTTCCAGGTCGAATCGATGCCCATCTCCAGTAGCTGGGTGGTCACGCCTTCCTGCCACCAGGCCACGGTTTGCGGATTGGTGAAATCGAGATGCGACCCTTCATCATCCCAGAAGCTGGAACGCTCCGGAGCGTCAGTTTGCGAATCGCGAATGAAGAGACCGCGCTCCGCCACCTCGCCGTAGCGCGGGTGATCCTGCAGCAGGCACGGTTTGATATTGGCGGCCAGCTTCAGCCCGGCATCGTGAAACGACTGGCTCATCACTTTGGGCTGCGGCACCTTGTCGTAGTTCCAGTTAAAGACGTAGCGCTTGCCGTTGATTGAGGTATAGCCGGAAGAGAGCTGGAACGAATCGCAGGGGATCGCGTGCTGCTCGCACAGGCGGATAAAGTTCATCAGCTGATTTTGCGCATCCGGCGCGTCGGTATAGTGCATGGTGGAGCCGCTGTAGCCGAGGCTCCATTTGGGTCCAAACAGCGTTTTACCGGTCAGGCGAACGAAGGCTTTGGTCACATCCAGCACCTGCTTACCGGT
NZ_CP061961.1_gap45	1969604	1971354	1750	CCGCAGGAAATGGCGGACCTCGACCCGGCAGACCTGGCCGCGATGTCTGTCGAGGTGGTCCTTTTTTTGTTGCCGAAGTCGGCACTTGCCGATTTGCCGACAGCCTGACGGTAGATGACCTGGTGGCGGATATCGCCACGATCTTTCACTGGCCGCCGTCCGTCACTGACGTTATGCCGCTGACGGAAGTGCTGGAGTGGCGGCACAGAGCGATAATGCGTAGCGGGGCCAGCGATGAGTGATAAAAACCTGCGCCTGCAGGTGGTTCTGAATGCGGTTGATAAACTCACCCGCCCTTTAAAAAATGCGCTGGCTGGCTCGAAGGAGCTGGCCTCCGGCATCCGGCAGACCCGTGATCAGCTTAAACGGCTTAACGACGCGGGGAGCCAGTTAAAATCTTTTGATCAACTCTCACAGAGTCTGAACCGGACCAGCAACGAGCTGGACCAGGCGCGGCTGCGTGCGCAGATGATGACGCGCGAACTGGCAGCGCTCGAATCCCCCACGAAAAAACAGACGCAGGCGCTTGAGGCGCAATGGCGCGCCGTATCACGCCTGGAACAAAAGCAGCAGCAGGAAACGCGGCAGATGGCGGCAACCAGGGCGGAGCTGTACCGCCTTGGCATCTCTGCGGGCGGCGGTGCCCGTGAAACAGCCCGCATTACCCGCGAAACTGATCGCTATAACCAGCAGCTGGCAGAGCAGGAGCGGCGCTTGCGGGACGTGGGCGAGCGCCAGCGCAAGCTGAATGCGATCAGGGCCAAAGCTGACAAGATGCGCGACGTGCGTAACAACCTGGCGGGGAACGGTGCCGGGATGATGGCCGCCGGGGTGACAACGGGCGCGACGCTGCTGGCGCCTATTCGCGCCTACTCGGAATCAGAGAACGCCGCAAACCAGCTGGCAGGCTCAATGATGGGGCCGGGCGGAAAGGTGGCGCCTGAGTTCATGAAACTAAACAAACTGGCAATAGCCCTGGGTGACCGGCTGCCCGGCACCACGGCAGACTTTCAGAACATGATGACCATGTTACGTCGTCAGGGGATGTCAGCGCAGGTTATCCTGGGCGGGCTGGGTGAGTCGGCGGCTTACCTTGGCGTGCAGCTGCAGATGGCGCCGACGGAGGCTGCAGAGTTTGCCGCAAAATTGCAGGACGCCACGCAGACCACCGAAAAAGACATGATGAGCCTGATGGATCTTATCCAGCGTGGTTTTTATGCGGGCGTAGACCCCGGGAATATGCTGCAGGGTTTCGCAAATATCAGCAGCGCTATGGACATTATCAAGCAGAAGGGCCTGGATGCTGCAAAAACCTTCAGTCCGCTTCTCGTCATGGCCGATCAGGCGGGGATGGCTGGAGAGTCAGCGGGTAATGCCTACCGTAAAATTTTTCAGGCCACGCTGGATGCGAAAAATATTAAGGGCATAAACGACGGGCTGAAAGGAAAGGGCATCAAGTTCGATTTCTCCGACGGGAAAGGCGGATTTGGTGGTCTGGAAAAGATGTACGCGCAGTTAGAAAAGCTTGAAAAACTAAATCCTGAAACGAAATTTGCAACGATGAAAGCCCTGTTTGGTAATGATAATGAGGTGCTAAAAGCGCTGAATACCATGATGTCAAAAGGCATGGCGGGCTATCGTGAAACCGTCGCTAAACTGGAGAGCCAGGCAACTCTGCGCGAGCGCGTCGAGGCGTCCCTGAATACCTTAGGCAACAAATGGGAAGCCGCTGGCGGCTCTTTTACTAACG
NZ_CP061961.1_gap46	1979560	1983388	3828	GATTCCTGTCAGGCATTGCACCTGCCGCATATGCAGAATTTCGACGGTATTTTTGATGCCAAAATTGACCTGGTGGACAACGTGGTGCTCTTTTCCGCCCTGGCGGAGGTGAAGCCGTCTGCCCTGCTGGCGCTGTCGGCGGATCTCTCGGCCATCAACGCCAGCTCGTTAACCGTGAAGGCGTTTATCGACATTCAGGACGATAATTTGCCCAAGCTGGTGGTTTGCCAGTCGCTGTCTATCGGCCCAGGGGTGACCATGGAGCAGTTCGCCTGGTTCTTCCGCCAAAGCGAAGAGCAGATCTCGATGGTAATCCTCGAAGCCGGCGCAAATCAGCTGCTGTACAAAGGCGAAGAAGAAGAGCCTGCGGCGGAAAACGTGCAATACCATTTTCTTCACTAAACCTGCCTAAAATTAGCGCAGCCACTACCGCAGCGGCTGCGTATTACCCGCTTTTATTCTGCATTTAACCTTTCTTTAAAGCATTATTCACCGCCATTCAGGCCGTTTTGGCTTATCACGTAGACCGTTATTGCATAAAAATTTGATAAAAGGCGTTTTTTTACCTGGGCTATAGCCTCTTATTCTGGCTACAGTTATTCTGGCGATGCTTCCAGTTGCGAGCAACCACTCCGGGAGAGATCCGCTCTCCTTTTCTCAGGCAATGAAAAAATATGCATGATTTTTGCATGCGTAGAAATGCGTATATTTGAGCCCGTAAGTTAACGGGCGTTGAGAAGGAAAAGAGATATGACCGCCTTTGGTAAAAAATGGTTAACAGGTCTGGTTACGGGTGCGCTGATGGCCGTCTCTGCCGGTTCGCTCGCCGCCGAACAAAAAACCCTGCATGTTTATAACTGGTCTGATTATATCGCGCCGGACACGGTAGCGAATTTCGAAAAAGAGACCGGGATTAAAGTGGTGTATGACGTTTTTGATTCCAACGAAGTGCTGGAAGGCAAATTAATGGCGGGTAGCACCGGTTTCGACCTGGTGGTGCCGTCGGCAAGCTTCCTCGAACGCCAGCTGGCGGCGGGCGTGTTCCAGCCGCTGGATAAAAGTAAGCTGCCCAACTGGAAGAACCTTGACCCCGAAGTGCTGAAGCTGGTCGCCAAGCATGACCCGGAGAATAAATACGCCATGCCTTACCTGTGGGCGACGACGGGCATTGGCTACAACGTGGATAAGGTGAAAGCCGTTCTCGGCAAAGATGCGCCGGTGGACAGCTGGGATCTGGTGCTGAAGCCGGAGAACCTCGAAAAACTGAAAAGCTGCGGCGTCTCCTTCCTCGACGCGCCGGAAGAGATTTTTGCCACCGTGCTGAACTACCTCGGCAAAGATCCGAACAGCAGCAAAGCGGATGATTACACCGGCCCGGCGACCGATCTGCTGCTGAAGCTGCGGCCGAACATTCGCTACTTCCACTCTTCGCAATATATTAACGACCTTGCCAATGGCGACATCTGCGTGGCGATCGGCTGGGCAGGGGACGTCTGGCAGGCGGCCAACCGCGCGAAAGAGGCGAAGAACGGCGTCAATGTCTCCTACTTTATTCCGAAGGAAGGCGCGCTGGCGTTCTTTGACGTCTTTGCCATGCCGGCCGACGCGAAGAATAAAGATGAAGCCTATCAGTTCCTTAACTATCTGATGCGTCCGGACGTCATCGCCAAAATCAGCGACCAGGTGTTCTACGCCAACGGCAACAAGGCTTCCACACCGCTGGTCAGCGAGACTATCCGTAACAACCCGGCGATTTATCCGCCAGCGGATGTGTTCGCCAAACTGTTCACGCTGAAGGTGCAGGATCCGAAGATTGACCGCGTGCGCACCCGCGCGTGGACCAAAGTGAAGAGCGGCAAATAATTCCTGACGGCCCGTCGAACACGGGCCAAATCAGATCTGCACTCGCCGGGAAATAGCAGCGCGCCCGGCGAGCAGAAGCACCAGGATGGTGCAAATGCACTGTTAAGCACGAAGTATGGCACCGGACCATATGGTGATCGTTTTTTTGCCGGAGAGCACCCGATTGAACGACGTAATGCCCCGCCCACAGGCGAAAGCCCCCAAAGCGCTGACCCCGCTACTGGAAATCCGTAACTTAACCAAGTCGTTTGATGGCCAGCATGCGGTCGACGACGTCAGTCTCACTATCTACAAAGGCGAAATTTTTGCTCTGCTGGGCGCGTCAGGCTGCGGGAAATCGACGCTGCTACGCATGCTGGCGGGCTTTGAACAACCGACCGCCGGGCAAATTATGCTCGACGGCGTGGATCTGGCGCGCGTGCCGCCCTATCAGCGGCCTATTAATATGATGTTCCAGTCCTATGCCCTGTTTCCCCATATGACCGTTGAGCAGAATATTGCCTTCGGCCTGAAGCAGGACCGCCTGCCTAAGGCGGAAATCACCGCCCGGGTGCAGGAGATGCTGGCCTTGGTACATATGCAGGAGTTTGCCAAACGTAAGCCGCACCAACTCTCAGGCGGCCAGCGGCAGCGCGTCGCGTTGGCGCGCAGCCTGGCGAAACGGCCCAAGCTGCTGCTGCTTGATGAACCGATGGGGGCGCTGGATAAAAAGCTGCGCGATCGCATGCAGCTCGAGGTGGTGGATATTCTTGAGCGCGTTGGCGTGACCTGCGTGATGGTAACCCACGATCAGGAAGAGGCGATGACCATGGCGGGCCGTATCGCCATCATGAATCGCGGCAAGTTTGTGCAGATTGGCGAACCGGAAGAGATTTACGAGCACCCGACCACCCGCTACAGCGCCGAGTTTATCGGCTCGGTGAACGTCTTTGAAGGGCTGGTGAAGGAGCGTCTGGAAGACGGTCTGGTGCTAAGCTCGCCGGGGCTGATGCATCCGCTGAAGGTCGACCCCGACGCCTCTGTGGTGGACAACGTGCCGGTCTGGGTGGCGCTGCGTCCGGAGAAGATCATGCTGTGCGATGAACCGCCGGCGGACGGCTACAATTTTGCCGTCGGCGAGGTGATTCATATCGCCTATCTGGGGGATCTCTCTATCTATCATGTGCGCCTGCAAAGCGGGCAGATGATCAGCGCCCAGCTGCAGAATGAACACCGCCATCGGAAAGGGACGCCCACCTGGGGCGATGAGGTGCGTTTATGCTGGGATGCTGACAGCTGCGTTGTGCTGACGGTGTGAGGAGAGGGCGATGAATACCGTTGAATCCCCGTCAGGGGCGAAAAAACCGGGCGGCTTCGCGCTGTGGGCGGCGCGCCTGCAGATGGCGCATGGCCGCAAGCTGGTGATTGCGCTGCCCTATCTGTGGCTGATCCTGTTGTTTATGCTACCGTTCCTGATCGTGTTCAAGATAAGTCTTGCCGAGATGGCGCGGGCGATCCCTCCCTACACCGAGCTGATGGAGTGGGCGGACGGCCAGCTGACGCTGACGCTTAACTTTGCCAACTTCCTACAGTTGACTGACGATCCGCTCTATTTTGAAGCTTATCTCCAGTCGCTGCAGGTGGCGGGTATCTCGACGATCTGCTGCCTGCTGCTGGGCTATCCGCTGGCCTGGGCGGTGGCGCACAGCAAGCCGTCGACGCGTAATATTCTGCTGCTGTTGGTGATCCTCCCGTCGTGGACCTCGTTTTTGATCCGCGTCTATGCCTGGATGGGGCTGCTGAAGAGCAACGGGGTGTTGAATAACTTCCTGCTGTGGTTAGGGGTTATCGATCAGCCGCTGGAGATCCTGCACACCAACCTGGCGGTGTACATCGGTATCGTGTATGCCTATCTGCCGTTTATGGTGCTGCCTATCTACACCGCGCTGACCCGCATCGACTATTCGCTGGTGGAGGCCTCGCTGG
NZ_CP061961.1_gap47	2030775	2032648	1873	TTCATCAGCGCAGATTGCTGCCGGTCTGAATTACACCTACGGCGGCTGGGCGGACGGCAACAGCCCATCGGATATTGAAAACAGTCAGCTGGTGGTGCTGTTCGGCAATAACCCCGGCGAAACGCGGATGAGCGGCGGCGGGGTGACGTACTACCTTGAACAGGCGCGGCAGAAATCCAATGCCCGGATGATAATCATCGATCCGCGCTATACCGACACCGGCGCCGGGCGTGAAGATGAATGGATCCCGATTCGTCCTGGGACCGATGCGGCACTGGTTTCGGGCCTCGCGTGGGTGATGATCACCGAGAATCTGGTCGACCAGCCTTTCCTCGATAAATACTGCGTGGGATACGACGAGAAAACGCTGCCCGCCGGTGCGCCAGCCAATGGTCATTACAAAGCTTACATTCTTGGCCAGGGCATTGACGGTATCGCCAAAACGCCGGAGTGGGCCTCGACAATTACCGGTATTCCGCGCGAACGCATTGTTAAACTGGCGCGCGAAATTGCCACCGCCAAACCGGCCTATATTAGCCAGGGCTGGGGTCCGCAGCGTCACGCCAACGGAGAGATCGCCACCCGCGCCATCTCAATGCTCGCCATTCTGACGGGTAACGTCGGGATCAACGGCGGCAATAGCGGGGCGCGCGAGGGCTCGTATAGTCTGCCTTTTGAGCGTATGCCGACGCTGGAGAATCCGGTTGAGACCAGTATCTCGATGTTTATGTGGACCGATGCGATTGAGCGCGGCCCGGAAATGACCGCTCTGCGCGACGGCGTACGCGGTAAAGATAAGCTCGACGTGCCGATCAAAATGATCTGGAACTATGCGGGCAACTGTCTGATTAACCAGCATTCTGAGATCAACCGGACCCACGAAATCCTGCAGGACGACAAGAAATGCGAGATGATTGTGGTCATTGACTGCCATATGACCTCCTCGGCGAAATACGCTGATATTCTGCTGCCGGACTGTACCGCCTCCGAGCAGATGGATTTCGCGCTGGATGCCTCCTGCGGCAACATGTCCTACGTTATCTTTGCCGATCAGGCCATCAAGCCGCGCTTTGAATGCAAAACCATCTATGAGATGACCAGCGAACTGGCAAAGCGTCTGGGCGTCGAAGAGCAGTTTACCGAGGGCCGTACCCAGGAAGGCTGGATGCGCTATCTGTATGAGCAGTCGCGCAAAGCGATTCCCGACCTGCCGGATTTCGACACCTTCCGTCAGCAGGGCATCTATAAGCAGCGCGATCCGCAAGGTCATCATGTGGCCTACAAAGCCTTCCGTGAGGATCCGCAGGCTAATCCGCTGACAACGCCTTCGGGCAAGATCGAAATTTACTCGCAGGATCTGGCGAAAATCGCGGCCACCTGGGAGTTGCCGGAAGGGGATGTTATCGATCCGCTGCCGATCTACACCCCGGGTTTCGAAAACTACAACGATCCGCTGACAGCGAAATACCCGCTACAGCTCACCGGCTTCCACTATAAATCTCGCGTCCACTCGACCTACGGCAACGTCGATGTGCTGAAGGCCGCCTGTCGGCAGGAGATGTGGATTAACCCGATCGACGCCCGCAAGCGCGGCATTGCCAACGGCGATCGTATTCGCATCTTCAACGATCGGGGTGAAGTGCATATCGAAGCGAAGGTGACGCCGCGCATGATGCCGGGCGTCGTCGCGCTGGGGGAAGGGGCCTGGTACAACCCGGACGCCTCGCGTGTGGATCAGGCGGGCAGCATCAACGTGCTGACCACCCAGCGTCCGTCGCCGCTGGCGAAGGGAAACCCGTCGCATACCAACCTTGTTCAGGTTGAGAAGCTGTAAGGAGTAACCGATGACAACTCAGTATGGATTTTTTATTGA
NZ_CP061961.1_gap48	2035094	2039428	4334	CGGTGATGGTGAGTGCGGGGATCCTCGGCCAGTGGCCGGTAGGGCGCCTGGCAGACCGCTACGGTCGCCTGCTGGTGCTGCGGGTACAGGTCTTTGTGGTCATTCTGGGATGTCTGGCGATGCTTAGTCAGGCGGCAATGGCCCCGGCGCTGTTTGTGCTTGGGGCATCTGGTTTCACGCTGTATCCGGTGGCGATGGCCTGGGCCTGTGAAAAAGTGGAGCACCATCAGCTGGTGGCGATGAATCAGGCGCTGCTGATGAGCTATACCATCGGCAGCCTGCTGGGCCCGACCCTGACGGCGATGCTGATGCAGAACTTCTCAGACAACCTGCTGTTTATCATGATCGCCAGCGTGTCGTTTATCTATCTGCTGACCCTGCTGCGCAAAGCCGGGCATCATCCGACGCCGGTGGCGCACGCCTGACCCTGCAACGCGCAGCGCATGCTGCGCGTCATCTGCTGCAATCGCATAGGCTTACTGCTGCAGAGAGGACAAGTCGTTTTTCATGAGAATGAAACGGCGGGGCGGACACAGCTTCCCACGCCGTTGCAGGCCGGCATAAGCGCATCACCGGCCCGGGCGGGATTAGTACATTACTTTGTGACCATACTGCTCAAGGATGCCTTTTACCCGCTCCATGGTCTCTTTCTTCGGCGGATGGACGCCGTCCAGCTTGTACTCTTCGCCCATCGCTACCCATTTGTGTTTACCCAGCTCATGGTAGGGCAGCAGCTCGATTTTTTCGACATTGCCCATATCGCGGGTAAATTCGCCCAGGCGGTGCGCGGAATCATCATCGTCTGACCAGCCGGGAACCACCACGTAGCGGATCCAGACATTGATATTCTTCTTCGCCAGATACTGGGCGAATTCCAGCGTACGATGGTTAGAGACGCCGACCAGGTTCTGGTGAATCTCATCGTTCATCTGCTTGAGATCCAGCATCACCAGGTCTGTTACCTCCAGCAGCTCGTCGATAACCGGATCGTAGCGACGTACGAAGCCGTTGGTATCCAGGCAGGTGTGGATGCCTTCTTTCTTACACGCGCGGAACCAGTCGCGAACAAACTCCGCCTGCAGGATCGCCTCACCGCCCGAGGCGGTGACGCCGCCGCCGGAAGCATTCATAAAGTGACGATAGGTCACCACCTCTTTCATTAATTCTTCAACGGTGATTTCTTTGCCGCCGTGGGTATCCCAGGTGTCACGGTTATGGCAGTACAGGCAGCGCATCAGGCAGCCCTGGAAAAAGGTAATAAAGCGGATGCCCGGGCCATCAACGGTACCACAGGATTCAAAGGAGTGAATGCGACCAATAACTGACATTGCGGTGTTTTCTCCAGATGTGGCCCATCCGGGGCCGTGTTGGTGCGCAGCTCAGCGGCTGCGTCGAGTCTGTTTTGACAGGTACCCAAAGTATAGATAACTGGCAAAGCAGGCTGGGGTGGGGAATGCTTGTTAAAAAGGCCCCACTGATGTGGGGCCTTTATTGTACGCCTTTTCAGTCAGACAGGGAATTACATGGTCTGAGTGAAGGTACGGGTAATAACATCCTGCTGCTGTTCTTTGGTCAGGGAGTTAAAACGTACGGCGTAGCCAGATACGCGGATGGTCAGCTGCGGATATTTTTCCGGGTTTTCCATCGCGTCGAGCAGCATTTCGCGGTTCATGACGTTCACGTTCAGGTGCTGACCACCTTCGATGGACGCTTCGTGATGGAAGTAACCATCCATCAGACCTGCCAGGTTGGTCTTACGAACTTCGTCGTCTTTACCCAGCGCGTTCGGCACGATAGAGAAGGTATAAGAGATACCATCTTTCGCGTAAGCAAACGGCAGTTTAGCGACGGAGGTCAGAGAGGCTACTGCACCTTTCTGGTCACGGCCGTGCATCGGGTTAGCACCTGGACCGAACGGCGCGCCAGCGCGACGACCGTCTGGGGTATTACCGGTTTTCTTACCGTACACCACGTTAGAGGTGATGGTCAGAACAGACTGAGTCGGGATAGCGTTGCGGTAGGTGTGCAGTTTCTGAATTTTCTTCATGAAACGTTCAACCAGGTCAACGGCCATGTCATCGACGCGAGGGTCGTTGTTACCAAACTGCGGGTATTCGCCTTCGATTTCGAAGTCGATAGCCAGACCGTCTTCGTCACGAATCGGTTTAACTTTCGCATATTTGATAGCAGACAGGGAGTCAGCAGCAACGGACAGACCAGCGATACCACACGCCATGGTGCGGATAACGTCACGGTCGTGCAGCGCCATCAGAGAGGCTTCGTAGCTGTACTTGTCGTGCATGTAGTGGATGATGTTCAGCGCGGTGACGTACTGTTTAGCCAGCCAGTCCATGAAGTGATCCATGCGATCCATTACTTCGTCGAAGTTCAGGACGTCGCCTTTGATCGGTTCAGATTTCGGACCAACCTGCATTTTCAGTTTTTCATCCACGCCGCCGTTGATAGCGTACAGCATGGTTTTCGCGAGGTTAGCGCGAGCGCCGAAGAACTGCATTTGCTTACCAACAACCATCGGGCTTACGCAGCATGCGATAGCGTAGTCGTCGTTGTTGAAGTCCGGACGCATCAGGTCATCGTTCTCATACTGCAGAGAAGAGGTATCGATGGACACTTTAGCGGCGAATTTCTTGAAGCTCAGCGGCAGTTTTTCAGACCACAGGATAGTAATGTTCGGCTCCGGAGACGGCCCCATGGTATACAGGGTGTTCAGGAAGCGGAAGCTGTTTTTGGTCACCAGAGTACGGCCGTCAACGCCCATACCGCCGATGGATTCCGTTGCCCAAATCGGGTCGCCGGAGAACAGTTCATCATATTCCGGGGTACGCAGGAAGCGAACCATACGCAGTTTCATGACCAGGTGGTCAACCATTTCCTGCGCGTCTTGCTCGGTGATTTTACCCGCCTGCAGGTCACGCTCGATGTAGATATCCAGGAAGCTGGAGGTACGACCGAAGGACATTGCCGCGCCGTTCTGAGATTTCACGGCAGCCAGGTAACCGAAGTAGGTCCACTGAATCGCTTCCTGAGCGGTGGTCGCCGGACCGGAGATGTCATAGCCATATTTAGCCGCCATCTCTTTGATCTGGCCCAGTGCGCGGTGTTGTTCAGCGATTTCTTCACGCAGACGGATGGTCGCTTCCAGGTCTTCGCCGCTTTCCAGTTTCGCTTGCAGAGAGTTGAACTGGGCGAATTTGTCTTTCATCAGGAAGTCGATACCGTACAGCGCAACGCGACGGTAGTCACCGATGATACGACCACGACCGTAAGCATCCGGCAGACCCGTCAGCACGCCGGATTTACGGCAGCGCAGGATGTCCGGGGTATAGACGTCGAAAACGCCCTGGTTGTGAGTTTTACGGTACTCTGTGAAGATTTTTTTCAGCATCGGGTCCAGCTCGCGATTATACGCTTTGCAGGAACCTTCAACCATTTTGATACCACCGAACGGGATGATCGCACGTTTCAGCGGCGCTTCGGTCTGCAGACCAACGATTTTTTCCAGACCTTTCTCGATATAGCCCGCGTCGTGAGAGGTGATGGTGGAAGCCAGGGCAGTGTCAAAATCAACAGGCGCGTGAGTGCGGTTTTCCTGTTTTACACCTTCCATTACGGTGTCCCACAGCTTGGTGGTCGCTTCAGTCGCGCCAGCCAGGAAGGATTCGTCGCCTTCATATGGGGTGTAGTTTTTCTGAATAAAGTCACGGACGTTGACTTCATTCTGCCAGTCACCTTTCGCAAAACCTTCCCAGGCTGTGGCTAACTTTTCATTAAGCTCGGACATGTAACACCTACCTTCTTAAGTGGATTTTTTATTTACTGCCTGAAACAACCCTTAGTGATGGTCGTTGCCACGCAGGTAAATGACCCAGTATGTCAACCCGACCAGCAGACCCCCGCCGATAATGTTCCCGATAGTTACCGGAATCAGGTTATCAGTGATGAAGTTCATAACGGTCAAGTGAGAGAAACTTTCCGGAGTCGAACCGATGGCGGTCCAGAATTCCGGGCTTGCAAAGTTGCGGATTACGATACCCATCGGGATCATAAACATGTTGGCGATGCTGTGCTCAAAGCCGCTGGCAACGAACATCGCTACCGGCAGGACCATGATCATCGCTTTATCCATCAGGCTACGACCGGAATAGCTCATCCATACGGCGAGACAAACCATCAGGTTAGCGAGGATACCCAGGCTCACGGCCTCCACAAAAGTATGATGCATTTTGTGGTCGGCGGTCTGCAGAACGTTTAGCCCCCAGCCGCCGTTGGCAGTCATATATTCGCCTGATAACCACATCAGCAGCACAAACAGC
NZ_CP061961.1_gap49	2041756	2045676	3920	TTGGTGGCGCCTTTACCATTGGTAAAGCACAGCGCGCACGCTTTATCGCGAATGTGAACGGACCACACGTGCGGCACCGGGTTCAGCCACGAGGCCTCTTCGATATCAAATCCGAGGTCGAGCAATTTCTGCTGGAAGCGAGCGATGGAATCTTCCAGGGCGGCATCTTTGCCGGGAATAAACGTTTGGGTCATGGCGATCACTTTTGTCGTACGGAAAGCGCGCAATGATACGGCTTTTATCTGACAGGTGCTATCTCCATCATCTGGCTATGCTTAGAGGCATCTTTAATACACAGGGAGATGGAAAATGAAAGCCTTTGACTGGCAGCGGATGGCGCTCGATAAAGTACCGGTGGAATTCCTGGCGGAGGTGGCGTTGCGCAGCCTCTATACCTTCGTTCTGGTCTTTATTTTCCTCAAGATTACCGGACGGCGCGGCGTGCGGCAGATGTCGCTGTTCGAGGTGCTGATTATTTTGACCCTCGGCTCGGCGGCGGGTGACGTGGCGTTTTATGACGATGTGCCGCTGCTGCCGGTGCTGGTGGTCTTCGTTACGCTGGCGCTACTGTATCGCGGCATTATGTGGCTGATGGGGCATAGCGAAAAGCTGGAGGATCTACTGGAGGGGAAACCTATCGTAGTGGTGGAAGAGGGGCAGTTGGCCTGGGAGAAGCTGCATGCGGAAAACATGACCGAATTCGAATTTTTTATGGAGCTGCGGGTCAACAGCGTCGAGCAGCTTGGCCAGGTCCGGCTGGCAATCCTCGAAACCAACGGGCAGATCAGCGTGTTTTATTATCCCGATGAAGAGGTGAGGGCCGGATTATCGATCCTTCCAGCGCATTGTACCACACGCTATACCACCATTCCGCAAGAGGGGATCTATGCCTGCGTGCGCTGCAGCATCGTAATGGCGATGCAGGCGGGAGAAAAACGAATATGTCCGCGCTGCGCAAATGCAGAATGGTCGAAGGCCAGCCGGGCGAAACGGCTTACCTGACAGCAAATATGTCGGTTTTATTACATCAAGCCGATAGATTCTGTTGTGTGACGGCGGCCGCGTTTTACCGTCGGCGAGTTTTAGCCATTGCGGACCGTGTCACTGAATGATAAAACCGATAGCCACAGGAATAACTTATGCCCGCGGCGGTTCGCGGGCAAAACAACATAGCAACGTGGTGAGGGGAAATGGCTCAGGTCTATAACTTCAGTTCGGGCCCGGCAATGCTGCCGGCGGAAGTACTCAAACTGGCGCAGCAGGAACTGTGCGACTGGCACGGTCTGGGGACGTCGGTCATGGAGATCAGTCACCGTGGTAAGGAGTTTATCCAGGTGGCAGAAGAGGCAGAACAGGACTTCCGCGCTCTGCTGAACATCCCTTCCAACTATAAAGTTTTATTCTGCCACGGCGGCGGCCGCGGCCAGTTCGCCGGGATCCCGCTGAACATCCTCGGCGATAAAAAGGTCGCTGACTATGTGGACGCCGGTTACTGGGCGGCCAGCGCGGTCAAAGAGGCGAAGAAATACTGCACGCCGAACGTTATCGACGCGAAAATCACCGTCGACGGCAAGCGCGCTGTGAAGCCGATGAGCGAGTGGCAGCTGACCCCGGGAGCGGCCTATCTGCACTACTGCCCGAACGAAACCATTGATGGTATCGCGATTGATGAGACGCCGAACTTCGGCGACGACGTCATCGTGACCGCCGATTTCTCCTCCACCATTCTTTCCCGCGAAATTGACGTCAACCGCTTCGGCGTAATCTACGCCGGCGCGCAGAAGAATATCGGTCCGGCTGGGCTGACGCTGGTCATCGTGCGTGAAGATCTGCTGGGCAAAGCCAGCGTGGCCTGCCCATCAATTCTTGACTACACCGTGTTAAGCGAGAATGACTCGATGTTTAACACACCGCCGACGTTCGCATGGTATCTGGCTGGACTGGTGTTTAAGTGGCTGAAACAGCAGGGCGGGGTTGCCGCGATGGATAAAATCAACCAGCAGAAAGCCGAACTGCTCTACGGCGTGATCGATAACAGCGGCTTCTATCGTAACGATGTGGCGCAGGCCAACCGTTCGCGTATGAACGTACCGTTCCAGCTGGCGGACAGCGCCCTGGACAAACTGTTCCTCGAAGAGTCGTTTGCTGCCGGGCTGCACGCGCTGAAGGGCCACCGGGTGGTGGGCGGCATGCGTGCTTCCATCTACAACGCCATGCCGCTGGACGGCGTGAAGGCGTTAACCGACTTTATGCTGGACTTCGAACGCCGCCACGGTTAATCGCCTGTTTCTTTCTTCCTCCCCGCGGCCTGTCTGCGGGGTTTTTATTCTGTTTGTTTGAGAGTGAAGTTTGATGGAATCCCTGACGTTACAACCCATCGCACGCGTAGAGGGCACCGTGAACCTGCCAGGTTCGAAAAGCGTCTCCAACCGCGCGCTGCTGCTGGCTGCCCTGGCCCGCGGCACGACGGTGCTGACCAACCTGCTGGACAGCGACGATGTGCGCCATATGCTGAATGCCCTGAGTGCGCTGGGGGTTCAATATACCCTGTCTGCCGACCGCACCCGCTGCGAAGTGACCGGCAACGGCGGCCCGTTGCGCTCTGCCGCGGCGCTGGAGCTGTTCCTTGGCAACGCCGGTACCGCGATGCGTCCGCTGGCGGCGGCTCTGTGCCTTGGCAGCAACGATATCGTGCTGACCGGCGAACCGCGGATGAAAGAGCGTCCGATCGGCCATCTGGTGGATGCCCTGCGTCAGGGCGGCGCTCAGATCGACTATCTGGAGCAGGAAAATTATCCACCGCTGCGCCTGCGCGGCGGTTTTCAGGGCGGCAACGTCGAGGTTGACGGCAGCGTCTCCAGCCAGTTCCTGACCGCGCTGCTGATGACCGCGCCGCTGGCGCCGCAGGATACCGTCATCGTCATTAAGGGCGATCTGGTGTCGAAACCCTATATCGACATTACGCTGCACCTAATGAAAACCTTCGGCGTTGAGGTGGACAATCAGTCTTATCAGCGATTTGTGGTGCGCGGCAAGCAGCAGTATCAGTCGCCGGGAGATTACCTGGTGGAAGGCGATGCTTCCTCGGCCTCGTATTTCCTCGCCGCTGGCGCCATTAAGGGCGGCACGGTAAAAGTCACCGGTATCGGCCGCAACAGCGTACAGGGCGACATTCGTTTCGCCGACGTACTGGAGAAAATGGGCGCCACCGTCACCTGGGGCGACGATTTCATCGCCTGCACCCACGGCGAGCTCAAGGCGGTCGATATGGATATGAACCATATCCCGGACGCCGCGATGACCATCGCCACCGCCGCGCTGTTCGCGCAAGGGACCACTACCCTGCGCAATATCTACAACTGGCGGGTCAAGGAGACGGACCGTCTGTTCGCCATGGCGACCGAGCTGCGTAAAGTGGGCGCCGAGGTGGAAGAGGGGGAAGATTATATCCGCATCACCCCGCCGGCAAAGTTGAAGTACGCAGAAATCGGCACCTATAACGACCACCGGATGGCGATGTGCTTCTCGCTGGTAGCGCTGTCTGATACGCCGGTGACCATCCTTGATCCCAAATGTACGGCCAAAACGTTCCCTGACTACTTTGAGCAGCTGGCGCGGATCAGTACCCTCGCCTGAGTAAAACTTTGTCATCCCGCGGGCTGATATCCTGTCAGCCCGCTATAATTGCGCAAAACTTCTGCTTTTCATTTCCTGTAGTCCGTAATTTACAAGCAATGCTCACTTTCCGGCGTATTGATGCGTATAATGCGCGGCGTTTATATTCCATGCGCCTTGCTGAAGGAGAAAAAGATGACGGCGAATATTCCGGTAATCACCATTGATGGGCCTGGCGGTGCGGGTAAAGGTACGTTGTGCAAGGCAATGGCGGAAGCGCTGGGCTGGCATCTGTTAGATTCAGG
NZ_CP061961.1_gap50	2093744	2095243	1499	ATCTTTATTTCGCATGACCGTTCCTTTATCCGCAATATGGCGACGCGCATTGTCGACCTCGATCGTGGCAAGCTGGTGACCTATCCGGGAAATTACGATCAGTATCTCCTCGATAAAGAAGAAGCCCTGCGGGTCGAAGAACTGCAGAATGCGGAATTTGACCGCAAGCTGGCCCAGGAAGAGGTGTGGATCCGTCAGGGTATCAAAGCGCGCCGGACCCGTAACGAAGGCCGAGTCCGCGCGCTGAAGGCGATGCGCCGCGAGCGCGGTGAGCGCCGGGAAGTGATGGGCAGCGCGAAGATGCAGGTTGAGGAGGCTTCCCGTTCCGGCAAAATCGTCTTTGAGATGGAAAACGTCAACTATCAGGTTGACGGCAAAGTGCTGGTGAAGGATTTCTCCGCACAGATCCAGCGCGGCGACAAGATCGCCCTGATCGGCCCCAACGGCTGCGGGAAAACCACGTTGCTGAAGCTGATGCTCGGCCAGCTGCAGGCCGACAGCGGGCGGATCCATGTTGGCACCAAGCTGGAGGTCGCCTACTTCGACCAGCACCGCGCGGAGTTGGATCCGGATAAAACGGTGATGGACAACCTGGCGGAAGGCAAACAGGAGGTAATGGTTAACGGTAAACCACGCCATGTGCTGGGTTATCTACAGGACTTCCTGTTCCATCCAAAACGAGCGATGACCCCGGTACGTGCGCTTTCCGGAGGGGAACGTAACCGCCTGCTGCTGGCCCGGCTGTTCCTGAAACCCAGCAATCTGCTGATCCTTGATGAACCGACTAACGACCTCGATGTTGAAACGCTGGAGCTGCTGGAAGAGCTGATCGATGGCTATCAGGGGACCGTGATGCTGGTGAGCCACGATCGTCAGTTTGTCGACAATACCGTGACCGAGTGCTGGATCTTCGAAGGCGGCGGTCGTATTGGCCAGTACGTCGGCGGCTATCACGACGCCCGCGGTCAGCAGGCCCAGTCTTTGGCGCAAAAGCAGACGGTCGTTAAAAAAACGACGGAAGTCGCTCAGCCAAAAGCAGAAACTGTCAAACGCGGCGGGAACAAACTAAGCTATAACCTGCAGCGCGAGCTGGAACAACTGCCGCAGAAGCTGGAGGCTCTCGAGGCCGAACTGCAGACGCTGCAGGATCAGGTTGCCGATCCCGATTTCTTCGGGCAACCGCACGATCGCACGCAGCAGGTGCTGGCGCAGCTGGCCGAAGCGGAGCAGGCGCTGGAAGCGGCCTTTGAACGCTGGGAATATCTCGAAGGATTAAAGAACGGCGCCTGAGCCGAGGAGTTGTCATGTGCGATCATCATCATGCTGCGCGACATATTCTATGTCCCCAATGTGATTTGCTGGTGGCTTTGCCGCAGCTTGAGCATCGCCAGAAAGCCGCCTGCCCGCGCTGCGGTACAACGTTAACCACCACGTGGGACGCGCCTCGCCAGCGTCCCACGGCGTATGCGCTGGTCGCGCTGTTTATGCTGCTGCTGGCC
NZ_CP061961.1_gap51	2109455	2112348	2893	TCAACAAAGCGGCGACGCGCTGGCCGCACCTGCAGCTTGATTTTATGACGATTCATGCCAGCAAAGGTCAGCAGGCTGACTTTGTCATTGTGTTGGGACTACAGGATGGGGAGGATGCGTTTCCGGCCCCGGCGCGCGAGTCGATTATGGAGCAGGCGCTCCTGCCGCAGCCGGAAGATTTTCCGGATGCGGAGGAGCGTAGACTGTTGTACGTGGCGCTCACCCGCGCTCGTCACCGGGTATGGCTGTTATTTAACAAGGCGCAACCTTCGCCGTTTGTCGAGATCCTGCAGGCGCTGGATGTGCCCGTGGCCAGGAAGCCGTAATCGCGGCTCGATTATTTCAGGCGCTCGGCAAGATAGCGTGGATAATCCGGGATCAGAATATCGAGCGGTTGACCGAAGTGCGGCGACTGGATAATAAAGTCAGCGGTGGAGACGTTAGTGGCGACCGGAATGTTCCAGACGGTGGCCAGGCGCAGCAACGCTTTGACATCCGGGTCGTGGGGAACGGCGTTCAGCGGATCCCAGAAGAAGATCAGCACGTCGATTTTGCCTTCTGAAATGAGGGCACCCACCTGCTGGTCGCCGCCCATCGGACCGCTCAGCATGGCATTAACCTCCAGGCCGGTAGCCCGGGAGACGAGATTACCGGTAGTGCCGGTAGCATACAAAATATGTTGCGCCAGCAGCGCCTGATGGCGAGCAACCCATTTCATCAGCATATCTTTGCAGTGATCGTGAGCCACCAGCGCGATATGTTTTTGCGCAGGCAGGGTACGTGTTGTCAGTTCCATATTTTCATTCCACATTTTGACCTGCAAACAGATTACTGAATGTGGCTGTCGCTGCAAGCATCGGGGATGAAAATTTTGCTGAATCTGTGGGTTAGGCTGGATGGCCCCCTGCTGCGGATTAGCATACACTTAAGTGAAATAGCAGGAGGAAACCATGAAAGAGAATGATATTGCTGGCATCCTGACCTCGACACGGACGATTGCGCTGGTCGGAGCCAGCGACAAGCCTGACCGTCCGAGCTACCGGGTCATGAAGTATCTGCTGGATCAGGGGTATCACGTTATCCCGGTTTCGCCGAAGGTGGCGGGCAAGACGCTGCTGGGACAACAGGGGTATGCGACGCTCGCCGACGTTCCGGAAAAGGTCGACATGGTTGATGTCTTCCGTAATTCAGAAGCGGCGTGGGGTGTAGCGCAGGAGGCGATAGCCATCGGCGCGAAAACGCTATGGCTGCAGCTGGGGGTGATCAATGAGCAGGCTGCGGTGCTGGCCAGGGAAGCCGGATTGAACGTGGTGATGGATCGTTGCCCGGCCATTGAGCTACCGCGACTGGGATTAGCAAAATAACAAAAAACCCCGCCTGGCGGGGTTTTGTTTTAGTTGCGAAGGCGCGGAGCCTGCAGCTGCTGACGAATCGTTTTGGCCAGTTCGTCAAGGGACGGCTGTTCCGGGTGTTCGTCGCGGGTTTCGCTGCTCAGCTGCGCTTCTGCCAGATAGGTGTGAATCGGCTGGCCATCATCATCTTCCATCACCACATGGTACCAGGGCGCCGCGCGCAGTTCGTCATTGGCGGCAATTTCATCCTCTTCCGGCTCCGCGAGCGAATACTCGGGATCGACATCGACGATGACGCCCAGGTAGCCCAAGAGCGTATGGCGGACCTGTTGGCCGATACCGAATTTGCTGGCTATCATAGGCACCTCCTGGGAAACATGAATACTCCCTATATGAGGCTCATGTTTCGTTTTTCAAGTTACATGACGCGACAGGCAAACCCCTTCAGATACAGCCCTTCCGGGTAGGTTGCGATCACCGGGTGGTCGGCAGCCTGACGGAACTGTTCTATAAATTGTACATCACGCCCGGCATCAATTGCGGCATCGGCGATGATTTTCTGAAATAAATCGGTGGTCATCAGCCCGGAGCAGGAGAATGTCAGCAGCACGCCGCCGGGGTTCAGCAGCTGGATCGCCAGCATATTGATATCTTTATAGCCGCGGCAGGCGCCCATCAGCTGGCTTTTATTTTCCACGAACTTCGGCGGATCCATCACGATCACGTCGAATTTCTCTCCCTGATCGCGGTATTTACGCAGCAGTTTGAACACGTCGTCGCGCACAAACTCCGCTTTGGACAGATCCAGTCCGTTGATCTCCACGTTCTGGCGGGCAACGTCGAGCGCCTCCTGAGAGGTATCCACGCTGGTGACCTGGCGGCAGCCGCCCATCAGCGCCGACACCGCAAAGCCGCCGGTGTAGGAGAAGCAGTTCAGCACCCGTTTATCCGCGACATAGCGGCGGGTGGCCAGGCGGCTGTCGCGCTGGTCGAGGTAGTAGCCGGTCTTGTGCCCGCCCTGGATATCGACCAACAGCTTCATGCCGTGCTCGGTGATCGGCAGCAGCGCCGGGGGCAGTTCGCCCACCACCGGCCCCTGGGCCAGCTCCAGTCCCTCTTTTTTACGCACGGCGACATCGCTGCGATCGTAAATGGCGCAGTCCGGGAACAGGTTCTGCAGGGCGCTGATGATGGCGGCGCGCTGGTATTCGGCGCCTGCGCTGAGCAGCTGCAGCACGAAAAAGTTGCCAAAGCGGTCGATAGTGACGCCCGGCAGGCCATCGGACTCGCCGGCGATCAGGCGGTAGCTGTCGAGGCCATCGCGCTCGGCCAGCCAGGCACGCCAGGTTTGCGCCTGCTGCAGACGGCGTTCAAAGAAGGCGCTATCGATGGCTTCATTGCGGTCGAAGGTCCACACGCGGGCGCGGATCTGCGACGACGGCGAGTAAGCGCCGCGGGCCAGCCATTTTCCCTGATGGTCAACGATATCGATGGTTTCACCGCTGCGGGCTTTACCTTCCATGCGGGCGACGCCGCCGGAG
NZ_CP061961.1_gap52	2190327	2191488	1161	CCTGCGTCAGGGTAGGGACCAGACCCATACCTTCTACAGTCAGGTGGAGATTGGCGCCCATCAACGGCAGCAGCGGCTGCGCGTAGTAAATAGAGGCGACGCTAAAGCCGGCGCCGAGTGCGAGAATGAAGATAATCCAGCCTGCGTCGCGGGTGGAAAGGGAAGTCGGTGTCATGTTCAATGCCTCATAGATGCGATGGGGCTATTTTTCCCTGAACGCGACTGGCGCGGTAGCCGGGCTGGTGGTAAAACGGTTATACGTAGCACGTATAGGCAAAAGGAAAATGAAAAGACAAGAGCGTATAGACCGCATTGAGCTGATGCGCACCTATATCCGCATCGTAGAGGCCGGATCGCTCTCCGCCGCCGCAGGGCAGATGGACACTACCCAGGCGACCGTCAGCCGCCGCCTGCAGTCCCTTGAAGGGCTGCTGGGGGTTAAGCTGATCCTGCGCACCACCCATGCGATGAAGCTCACTGACGATGGCGAACGCTGTTATCGTCACGCCCGTCAGGTGGTGGACGCCTGGCTGGCGCTGGAGGATGACCTGCGTATTGCCGACGATCGGCCGGTGGGCGTTCTGCGAGTGCGGGCGCCCCACGCGTTTGGCCAGCAGCAGCTGCTGGCGCCGCTGGTGGCATTTCTACAGCGCCATCCGCAGCTGTCGGTGGAGTGGATGCTAAACGATAATACCGTCGACTTCCTCAGCGATAATATCGACTGCGCTATTCGCGTGGGGGCGGAGGTGGATCCAGCAACGGTATCCGTACTGCTGGCGGAAGTGCCGCGCTGCGTAGTGGCTTCTCCTGAGCTGCTGGCGAAGTATCCGCCGTTAACCTCGCTGGAGGCGTTATCGGGCCTGCCATGGATCGCCATTAATACCTTTTATCAGCATGAGGTACGGCTCAGGCATCAGGCAAGCGGGCAGATTGTCTCTACAGCGATTACTCCCTGTCTGAGCACTGACAGTCTTTACGTCGCGCGCAACACCGCGCTGGCGGGGCTGGGGGTGGCGATGGTGTCCAGCTGGACGGTCGTGGAGGATATTGCCGCCGGACGGCTGATTGAGCTGTTCCCGCAGTGGCGACCCGCCTCGCTGCCGGTTCATCTGGTTTATCCCTGGGCGCGCTATTACCCGACACGCCTGCGTAAGTTCCTCG
NZ_CP061961.1_gap53	2358465	2361480	3015	CGCCAGGCGCATGCTGCTGCGCATGGCGCCGAGGATGCCCATTTTGTCCTGTACCAGCATGATCGGCGCAAAGGCCAGCACGATGGCCAGCAGCACGCCGGGCACCAGCACCAGCATCATCCCCATCTGCACCAGGAAGGTGGTGAACAGGATCAGCAGCAGCAGCTTGGGCAGCACCGGCGCCGAGGCGCCGATGGCGCGTAGGGCGCTAACGCGATGACCGGCGGAGACCAGCTGGATCAGCAGCAGGACGCCGCCGACGAGGATCGCATTACCTACCAGACCCGAGAAGGTTGATGCCGCCGAGGCGCGCAGCAGAACCTGCTGCTGCTCCGGCGTCATGTTCTGCACCAGCTCGAACAGCCCGGCGCTACCGGCGAGGTTATCGCCTTCGCTGAGTATCGACAGCTGCTCGTCGCTGGGTGAAAAGGCATGGCCAAGTACTACCGTAATAAACGCGCACAACAGCGCAATCAGTAAAATAGTAATGAACTGATTACGAAAAAAATTCCCGGTGTCACGGTAGACGGACTTCGCCGTGATAGACATGCATTCTCCTTGAGTGTCGCAGGTGTTAACTAGCCGGCGATTGTACCGCAAATCGTTCCGTCGTAGCACTCTCTGCGCCGGTCAGGGCAGGTATATCTTTGTAAAGAGGCCGCAATGGTGGCAGGCCGTAGCGCGCCCGCGCCCGGTTGCAGGCATCGTTTTCCTCGCCATTTTCCCCGGACATGGCGAATTCGCGACACGGCGAAGGCCGGTTTTCATAAATAGTGCAGTGAACGGCGTCGCCGATATCGCCAGACAGGGCCGCGCAGCGGCTCTGGCGCTGATTGGTGCCGCTCATGCAGCGCAGGAAAGGGGTCAGCGGTTCGGTCAGCGCGGAGGGCACCAGGCCGCCTGCATCGTCGGCTTCCGCCCAGTAGAAAGAGACTCGAAAATACGCACAACAGGCACCGCACGTCATGCACGGGTTGATTTCACTCATAATTACACCTGAAAAAAACGCATCAACACAGATTGTCGGCAGTTAACTTATCCAGCCGCCTCAGCGACGGCAAGAGGGGCAGAAATAAATTTTTGCGCGAAAAGTGAAAATTGATGTGCGAACAATTCAAGGCATTGCGATCGGTAGCAAAAATTAATCTGGATCAATAAATGTTAAATCTGAGGACTTAGTGTGATCTAAAACAGATCAAACGTAACTCGTTATAGGTATATTTGGCCGCGCTGAAAAACCATAATGAGGAAGTGGATATGAAGAAGTTAGCAGCGGCGGCATTGATTCTTGGCACGCTTTCTACCGGCAGCGTCTGGGCGCATGAGGCGGGGGAGTTTTTCATTCGTGCCGGGACCGCCACCGTCCGACCGACGGAGGGCTCTGACAATGTGTTAGGCAGCCTTGGCAGTTTCAACGTCAGTAACAATACCCAGCTGGGTTTAACCTTTACCTATATGGCGACCGATAACATTGGCGTGGAGTTGCTTGCCGCGACGCCGTTCCGCCATAAGGTCGGCACCGGGCCAACCGGGACTATCGCCACCGTCCATCAGCTGCCGCCCACCCTGATGGCGCAGTGGTACTTTGGCGATGCGCAAAGCAAGGTGCGCCCGTACGTGGGGGCCGGTATCAACTACACCACCTTCTTTAATGAAGACTTTAACGACACCGGCAAGGCGGCCGGGCTTTCCGATCTGAGCCTGAAGGACTCCTGGGGCGCGGCGGGGCAGGTCGGCCTCGATTATCTGATTAACCGCGACTGGCTGCTGAATATGTCGGTGTGGTACATGGATATCGATACCGATGTGAAATTCAAAGCCGGCGGTGTGGACCAGAAAGTCAGCACCCGTCTGGATCCGTGGGTGTTTATGTTCTCCGCAGGCTATCGGTTCTAAATTCTTCTGTAAACTGGCCAACGGATGGCCAGTTCATTGTCTCGTCACACCTGTCTGCCGCAAGCCTCTGTCATCAACAGCGGATCACACTTCCGTCCACTGGCGCAGCAGGTTGTGATACATGTTGAGCAGGGAGAGGACCTCTTCTCCGTCGCCAAAGCGGGCCTTCAGAGACTGGATGGTGCGGTCCAGGTCGTAAAGCATCGCACGCTGCTTATCGTCGCGGACCATCGACTGGATCCACAGGAAAGAGGCCTGGCGGACGCCGCGGGTGACCGGGGTGACGCAGTGCAGGCTGCTGGCGGGATAGAGCACCAGATGCCCGGCCGGGAGCTTCACCCGATGTTGGCCATAGGTGTCTTCAATCACCAGTTCGCCACCCTCATAGCTCTCCGGATCGCAAAGGAACAGCGTCGCTGACAGATCAGTGCGCATCCAGCCAGCCTCGCCGTTCTGGCGAACGGCGCCATCGACGTGAAAACCATAGGTCTCCCCTGGCCCATAGCGGTTAAACAACGGCGCGGAAATCGTCCGCGGCAGCGCGGCGGAAAAAAACTGCGGATGGCCGCGCAGCATATCGAGCACAGTGGCCTGCAGGCGGGCATACAGCGGCGTTCGGGTATCGATCTGCTGGTTCTGTTTGACGGCCGCCCCCTGGCTACCCACCGTAACCCGCCCGTCGACCCACTCGGCCTGCGCCAGCTGCCGGGTAAATTCCGCCACCTGGTCTGTCGATAGCACGTCAGGAATGTGATACATCATCGCGGTGTTCTCTCTAAAAGGTGGGGCGCAACGGCCCCACGCGCAGACTCAGAAATGGACGTTCGCCGTCAGCATAAAGGTCCGGGGTTCGCCCGGATGATAGCGATAGCCGCTCTTGTTGATGGAGGCCACGTAATCGGTATCAAACAGGTTATACATATTGAGCTGCAGATCGAGGTTTCTGTTGACCCGATAGCCCAGTTTGGCGTCGGCAACCCAGTAGCCCTCGGTGTGATCCGGGGTACCGACCGCACCATCGCTGCCCCGGCGCAGGCTTCCGACATAGCGCACACCGCCGCCGACGGACAGATCGCTGGTGGCCTGATACTGCGTCCACAGCGTAAAGGCATGTTTCGG
NZ_CP061961.1_gap54	2456856	2459342	2486	CCTCAGGGCATGCATATCACCGACGACGCGAAAAGCACATCCCCGAATCGCCTGAATGGCACAGACATTATGACCGGGATCGGTGTGACCAGCAGCAGGGCACGCTTCGGCCTGGCCGCTTTCTTCGGAAAGGCTGGTATCAGCAAAACGGATGAACAGCTTGCAATTCAGGCGCTGGCGCAGTTTGCCATCAAAAACGCTCCTAAAAATGTCCGCAAAGCCGCCGGTGACAAGCTCGGCACCTGCATGTTGACGCTGGCACAATTTGCTTTTGCGGAGTACTCACGTTCGGCGGCCACCAGCGCAACGTGTCACAGCTGCAGCGGAACCGGCTTTATTTCCAGCCATGAAGATGTAATTAAGCACCCTGGTATTTTCGATGCAGACGGTGTCGAGGTGAAGGCCCCAAAGATTAGAAATGAACTGGTGAAAAGGGTCTGTGGAGTGTGTGGAGGAAAGAAAGTGATCCATGCGCGATGCAGGTGTGGTGGTAAAGGGGAGGTGTTAGATCGCAAAGCGACCAAAGAACTTGGCGCACCGGTTTTCAAAACATGTGAGCGCTGCTCTGGAAATGGCTTCTCTGTTGTACCCTCAGCGACGGTTCACCGCGCCATTCTGAAGCGTCTCCCGGATCTCCATCAGTCTTCGTGGTCACGCAACTGGAAACCGTTCTATGAGGGGCTGGTGGACATGCTGCGTCAGGGGGAGCGTCAGGCTGCAGTAGAATTTGAGAAAGCGACAAGTTATTAATATGATCGGAACAAATATCGGCTATTTTTTGCATGATAGTATTGACTTTGCATAAAAGTGTCTAGTATGCTTTCAATCGTGGGATATAACGCCCGTACGAAATTAAAACATGAAACCTCGCTTCGGCGGGGTTTTTTGTTTCTGGCGACTGAAAAGTTGGCCGACTGGAAGACCTCCATTGAGGCCGCGCTCTGGATGGGCGCGTTGTCAAAAGCGGGTTAGCGTCCAACGAGCGACAATTAAATTTTACCCGCGACAATTACAGGCTGCGCATTTGCGTGGCCTTTTTCATTTCAGGCTCACGGGAATCATCATCGACACGCTTCGTTGTTAAATCCAGCCCGACGGCCCTGAACCTTTTACTGACTACAGATAGCACCCCGAACATTATCGGAGGTGGAGACTATGAAAATGCCTGACAAAATCTTTTCGGCGGCCTCGTACTGCTCGTCAGGCGGCCTGATATGCACCGGGCTGGCAAGGACCTATGACTGGTTTCATGGCCTTGACTGGAATTTTATTGCCCTGGCCAGTGGCGTGATAATCGGTGTAGCGACTTATCTGACCAATCTCTACTTTAAGCGCCGCTGGACGAAGATGTATCAGCAATCCCTCGATCGTGGCTATGGTGGCCCGCCACCGCAGGATGAATAGCGATGGCTAACCTGAAAACGAAACTCAGTTCGGCCATGCTGGCGCTTATCGCTGCTGGCGCTTCAGCTCCCGTTCTTATGGACCAGTTCCTGAATGAGAAAGAGGGCAAAAGCCTCACGTCATACCGCGATGGCGCCGGCATATGGACGATATGTCGTGGAGTTACCCAGGTAGATGGAAGACCTGTAACCCAGGGAATGAAGTTAACCCAGGCCAAATGCGATCAGGTTAATGCCGTCGAGCGCAATAAGGCGCTGGCATGGGTAGATCAGAATGTGCGTGTTCCTCTGACACCCCCTCAAAAGGTCGGGATTGCCAGTTTCTGCCCCTATAACATCGGGCCCGGTAAATGCTTTCCTTCCACCTTCTACCGCAAGCTGAATGCCGGTGACCGGAAAGGCGCCTGCGCTGAAATTCGCCGGTGGATTTTTGATGGCGGAAAAGATTGCCGCGTGCGTTCGAACAATTGTTACGGCCAGGTCTCTCGTCGTGATCAGGAAAGCGCACTGGCATGTTGGGGGATAGATGAATGAGCCGATTAGCAGCCATTATCAGCGCTGTTGTGATCTGCCTGATGGTTTGCCTTGGGTGGCTGGTAATGCATTACCACAACGCTGCTGCTGAGCAGAAAACCCGAGCCGATGGCGCCGAGCAGCAGGTAAACAGCACTCAGGCCATCACAGCCAACGTTCTTACCACCATGACCATATTCAATTCCATCGCGGAGGCCAACAAAAATGCCAAAGAGCAGATCGCACTGGACGCATCGGGAGCCGCGGCGGATATCAAAGTGGCTGTTGCGAATGATGATTGCGCTCCCGCTGGTATTCCTGCTGGCGCAGTTAAGCGGTTGCAGCAATACAAAGACAGTTTACGTCACCGTTCCGGTAGTGCCGCTACCCTCCAGCCTGACAGCTGAAACGCCTTATCCTGATATACCGGACAAGATGACGTGGGGCCAGAGCCTTGATTTAAACGTCAGTCTGCTATCAGCGCTGGGGCAGTGCAACCGGGATAAGGCCGACATACGTCGGTCTGAAATATTTAGAGGGAAAAATTAGTCATATCCGGCAGTTATTAAA
NZ_CP061961.1_gap55	2472279	2472845	566	AGGAAGGCGGTAAAAGCCTCATCGACTGGAAGTCGTGGGAACCGGCGATAACTCTGGCGCTTAACGCCATTGAAAAACTATGGACTGGTGTGAAGCGCCTTAAAGATGAGCTGATTAAGCTTTTCGGTATCGACCCTAAAACATGGTCGATTAAGTTCGAATTCGACAGTCTGAAGAAGCAGTTCAATGAGCTGAACAAGATGCTGGATACCATAGGCAAGCTTCTCAATGCGATTGATGAAGGTCGCTGGTCAGACGCGGCAGCTTACGCCAGACAGCTGCTGAATCAGGGCGGCGAGCCGACACCATCAAACGCGGTGACAGACAGCGCCAATAGAGCTGCGGACTGGATTCAGAATAAAACCGGGTTTGACCCTCGCAGTATTGGTCAAGCCGTTACTGGCTGGTTTGGCGCTGACGCTACTCAATACGGGCAGTCTGTTAAACGACCTCAGGCCACTAAAGCAGGCGCTCAGTTGCTGGGCTGGATGGCTCCGATGATGGGTAAGCTGGAAGCGCTGTACAACCTCCCTGCGGGCCTGCTGCGTAGCGTAGCCCTTACAGAG
NZ_CP061961.1_gap56	2557076	2560059	2983	ACAGCGATCTGGTGTTTGACGCGGTGGGCGGCGAACTGGCGAATACGCTGCTGTCGGTGCTGCCCGGGTCGTCGACCCTCATCTCCTATGGGCTGTTATCCGGGCGGCCGCTGACCCAGACGCGCGGTAGCGCGACGGTGCGCAAGTTTCATCTGCGGGAGGCGCTGCCGACACTCAGCGTGGCGGCGTGGCGGGCAGCGTTCGACGAAATCTGGCAGCGCCTGCCAACGACCTCCCAGCCGCCGGCCCAGCGTATAGCGTTGAACGACTGGCGGGCGGCGATTGCCGCCGCCGGCCAGCCGGGAAGAGGCGGTAAGATCCTGCTGGATTTCACCGCTGGTTAAGATTACTTTTTCTTTTCGCCCAGAGTAGGGGTTTCGTCAAAGAAGTTCCACGGCTTGAGCAGCGCGTGCGCCCACTCGGTCGGCATGATCGGCCACTCTTCGGCGCGCGCCACGTGGGTGGTGCCGGTGGTGATCCACACGACGTCATCGTGGTTAGTCAGCGACTCATCATCCTTCGCGTACTGGCCCAGGCCGGTATCGTGGGCGGAACGGTTCGGGTATTTCCCTTCCGGATATCGCTCTGTCGGGTGGTAGCGCGTCACCCACAGCTGTTTATCCATAAAGCTCAGGCGATGATATATCCACTCGTCCGGGGCGAATTTGGCACCGGTCGCCGCCGGGTGCGTGCCGCCGGCGTAAGGGATAATCTGGTATGAGACCGGGTTGCCCATGCGGTTCTCTTTGCTGGTGTTGCTCAGCAGGCGGATAGTGCCCGGGTCGAATTTCTGCGCCGCTTTCTGCTCGCTATCGATTGTGTACTGATTCACCTGCATGGTGCTGGTGCGCGGGCCGCCGGCGGTGTTGGGCTTCACTTCAGGATCCATCGCCACCAGGGTGTTGTTCTCGCCGTCCACATCGAGGTCGAGGCGGAAGTTATAGATGTGCTGGTGAGTGGTGCCGACAATATTATGGTCGATCAACGTTCCGTAGCGGGTATCCTCTTTGGCACTGGGGTCATGCATGGTCTTCGCCAGCACGCCTTTCACCGCTTCAATGCCGGTGGCGCCGGCATCGATACCGATGGTGCCGTTGTCGTGGAACACCCAGTCAAAGATATAGTCGTAGTTGCCGACGGTGCTGATCCAGCGTACCACCAGTTCCCGGCGTTCGGTGCTGACGTTGGGTTTGCCCATCTCCAGGTGCTTATACTCAGGCCCGGCATAGCGTTCGAATATGGCCACCGCGCCTGGAATCGTGGTCGGTTTGCCGGTGTAATCGGCGATAGTTTCGTCCAGCAGTACCGCATTTGACGGCGCATCTTTACCGCGAACAATCGGCGACGTCAGGGTGCCCATGCCGTAATCGCCGGAGTCGAGGTAGGCTTTGAAATACCAGCCGACGTCCGGGTCGCCGTAGGGGACGATCATCCCGCCGAGGGAACCTTCATACATCACCTGGCGTTTTGTGCCGTTATCGTTGTAAGTCACCGTTGACAGAATTGGTCCGACGCGCGAGTTAAGACGCAGGTGGAAATCCCAGTTCTGCCAGTGAATGGTATCGCCGGTAATGGTGTAGTTTTTGCCTTCCGGTTCGGTTATCTCCAGCGGTTTCACCGCCGGGGCGTTGCGGTCGCGACCATCATACGGACGGGGCTCCATTGGGACCGGGATCACCGGACCTTCTTCGATTTTGATGATTTTCTTCGCTTCAAGGTCGACCACCGCCACCAGGTTTTCAATCGGGTGCGCCCAGTAGTTGCCGTCGCCGGTATCCAGATAACTGACCACCTTCAGCAGACGCGCATCCTGCTGCAGGCCATCTTTGCCATCAAAAAAGCCAACGGTGAGCGGGGTGGTGACCACTTTGCCAGGATCGGTAATACCGTGCTTTTTCAGCACCTCAGCGAATTCGCTGCTGGTATTGATGATGTTCTGCACGCTGACAAAATCATCGAGCAGCACCATCCCGTGGGCGCCTTTGATCGGCGTCCAGGAAAGGATTTTTTTGTTTTGCAGATCGACCACGGCTTCAATGACGTGTTTGCCATCGAGCATCACCACATCGGCAGTGCGGGGAGCATCGACCGGCGTTCCCTGCAGGGCAAAGGCCCATACCGCCGCCTTGTCCGGCTCGTGTAAGGAAATCTCAGTAAAGCGGGTATTCGGCTGAAACTCCGGCGCGGCTTTGACAATGGTCACCGCTTCACTGATTTCCGCCGCCGAGAGCGAGTTTAACGGGTGCGGGCGCTTTTCCACCTGGAAGGTCTGATCGAGACCGGACTGGAAGACATCGTTGATAAAGGTATCGGAAACCCAGGCTTTACCTTCCTTCATTACCACAGGCACCGGTAGGTCAAGGGATTTACCGTTGACGATCGCCGTTTTGGCGCCGGGCTTTACTTTGACGTAAGCGCCGTCTTTTATCAGGGTGAACATTTGCGCGTAGTCATCCCACTGCACATCAGCGCCGAATTCCTGCAGCGTTTTATCCAGCGGTACCATGTGGGCTTCGCTACCGTGAGCGAAGACCGGTGATTGCCAGGCGCAAACCACCGCCACGGCCAGCGCCAGCGCGGTTTTACGAGGAGAAAATTTCAAGCCGTTTGCCATTGTGACCTCATCTTATTGTTGTGTTGTCTCTTGCCGCTGCGAATGTCGGCTTTGTCATCCTTAAGCTACCAGCCAGCGGCGCCGGGGCGTTTGTTTGCTTTTGCCAGCTTGTTTGTCAGTTTTGCCAGACGGGCGTAAAAAATGCCTCCGCAGAGGCATTGAGAACGAGCGCTGATTTTTTTGCCGGGTGGCGGCTGACGCCTTACCCGGCCTACGGTCCGTGCGGCCTGCCGGTAATTTATTCACCATTCTTGCTGGCCCTAGCCCGGGGGTACAGGGGGCAGCGGCGACTGGCCGCCCCCTGTGCGCTCCCTGCGCTATGCCAGGCATAACGCAGACGATTAACCGGGAGCGCAATGTGCGCTGAAG
NZ_CP061961.1_gap57	2565037	2569990	4953	GAGTCGAGCCGGAAACCCGCGATGCGGTGACCATCACTTTTGCGATCCCGCAAGCCCTGCAGGCGGAATACTGTTTTCGCCCGGGCCAGCATCTGACGCTAAAAGCCCGTCTGGGCGGCGAAGAACTGCGCCGCTGTTACTCCATTTGTCACAGCCGCACGCCAGGCGAAATTAGCGTCGCGGTCAAAGCCATCGACGGCGGACGCTTCTCGCGCTACGCCCAGCACGATATCCAGCAGGGTATGGAGCTGGAGGTGATGGTGCCGCAGGGGCATTTCGGTTATCAACCGCAGGCCGAACGGCAGGGAGAATATCTGGCGATTGCCGCCGGCTCCGGGATCACGCCGATGATGGCGATCATTAGCGCGACGCTAGCGACCGAGCCGCAAAGCCGCTTTACGCTGATCTACGGCAACCGCAGCAGCCATAGCATGATGTTCCGCCAGGCGCTGGCCGATTTAAAAGACCGCTATCCGCAGCGCCTGCAGGTGATCCACCTGTTTAGCCAGGAGTCGATGGACAGCGATCTGCTACAGGGGCGCATTGACGGCGACAAACTGCGCCAGCTCGCTGACCATCTGCTGGATTTCAGCCGTTTCGACGAGGCCTTTATCTGCGGTCCGGCGGCGATGATGGACGAGGCGGAAGCGACGTTACGTGAACTTGGCGTAGCGGAGAAATCGATTCATCTCGAACGCTTTAATACCCCAGGCGGCAATGTGAAGCGGGCCGCTGGAGTGCAGGCGGAAGGGCGCACGGTGACCATCCGCCAGGACGGGCGCGATCGGCTTATCGCCCTCAGCGCCGAAGACGACAGCATCCTGGATGCCGCATTGCGTCAGGGCGCCGATCTGCCGTTCGCCTGTAAGGGCGGGGTATGCGCCACCTGTAAATGCAAAGTGCTGCGCGGTGAAGTGGCGATGGCCGCCAATTACAGCCTGGAAGCGGATGAGCTGGCGGCGGGCTACGTGCTGAGCTGCCAGTCATTGCCGACCAGCGGCGATGTGGTGGTCGACTTTGACGCGCGGGGGATGGCATGAGCGACCTGCTGATCCACCGTCATGGCCGGGTGCTTCAGTTGACGCTGAACCGCCCGCAGGCCCGCAACGCGCTGAACAATGCCTTATTAACCCAGATTGCCGAGGCGCTGGAGGCGGCGGCAGTTGATGACAGCGTCGGCGTCTGCGTTATCAGCGGTAACGCGCGTTTTTTCGCCGCCGGGGCTGACCTCAATGAAATGGCGGAAAAAGATCTGCCTGCCACCCTGGATGATATTCGCCCACGGTTATGGGGGCGAATCGATGCTTTTACTAAGCCGCTCATCGCCTCGGTCAACGGCTACGCGCTCGGCGCCGGCTGCGAGCTGGCTCTGCTGTGCGACCTGATTGTCGCCGGTGACAACGCCCGCTTTGGCCTGCCGGAAATTACCCTCGGCATTATGCCGGGCGCTGGCGGCACCCAGCGGCTGATCCGCAGCGTTGGCAAGGCGCTGGCCAGCCGGATGGTGCTGAGCGGCGAGAGTATTGACGCCCGCCAGGCGCAGCAGGCCGGGCTGGTCAGTGATATCCATCCGGCGGCGTTAACCGATGAGTATGCCCTGAAACTGGCAACCACCATTGCCCGCCATTCGCCGCTGGCGCTACGGGCGGCAAAACAGTCGCTGCGCCTGTCGCAGGAAGTCAGCCTGCAGGCCGGTCTACAACAGGAGCGCCAGCTGTTTAGCCTGCTGAGCGCCACCGAGGACCGCCGCGAAGGCATCGACGCCTTCTTACAAAAACGTACCCCGGAATTTAAAGGACGCTAATCGTGGAAGCTTTCATTCTCAGCGCAGTGGAACAGGGCGTCATGACCATTACCCTCAATCGCCCGGACCGCCTCAACAGTTTTAACGATCTGATGCATCACCAGCTGGCGGAATGTCTGAAGCAGGCCGAGCGCGATGATGGCGTGCGCTGCCTGCTGATCACCGGCGCCGGCCGCGGTTTTTGCGCCGGCCAGGATTTGAACGACCGCAATGTCGACCCCAGCGGCCCGCCGCCGGATCTCGGCATGTCGGTAGAACGCTTTTACAACCCGTTAGTGCGCCGTCTGGCGGCGCTGCCGAAACCGGTCATCTGCGCGGTTAACGGCGTGGCCGCCGGCGCGGGCGCTACCCTGGCGCTGGGCTGCGATATCGTGCTGGCCGCGCGTTCGGCCAAATTTGTGATGGCGTTCAGCAAGCTCGGCCTGGTGCCGGACTGCGGCGGCAGCTGGTTCCTGCCGCGGGTGGCCGGCCGTGCGCGCGCGATGGGGCTGGCGCTGCTGGGCGACAGCCTTAGCGCGGAACAGGCCGCTCAGTGGGGGATTATCTGGCAACTGGTGGACGATTCAGAACTGGCGGATACCAGTCTGCAACTGGCGCGCCATCTGGCGGCGCAACCGACGTTTGGTCTTGGGCTGATTAAAAAGGCGCTGCTGGCCTCTGAAACCAACAGTCTCGACGCGCAGCTGGACCTGGAGCGCGATTATCAGCGTCTGGCCGGGCGCAGCGATGATTACCGCGAAGGGGTCAGCGCGTTTCTGGCCAAACGGCCACCACAGTTCAGCGGGAAATAGATGATGACGACATCCTTAGCCACCGTGGCGGTGATCGGCAGCGGCACCATGGGGGCCGGCATCGCCGAAGTGGCTGCCGCCGCCGGGCATCCGGTGCGTATTTTTGATATTAACCCTAAGGCTGTAGACCTGGCGATAGAGGGTATCGCCGGGCGTCTGGCGTCACGCGTTGCGCGGGGCAAACTGGCGTCAGAGCAGGCTGATGCGCTGCTGGCGCGCCTGCATCCGGCCCACGATTTAGCCGCACTTGCCGACGCGGATTTAGTGATCGAAGCGGCCTCTGAACGGTTGGAAGTTAAAACGGCGCTGTTCGCGCAGCTGGCGGCGATCTGCGCGCCGTCAACGCTGTTGACCAGTAATACCTCGTCTATTTCGATTACCGCTATCGCCGCCGGGGTCAAAAACCCGGAGCGGGTGGCCGGACTGCACTTTTTTAATCCGGCGCCGGTGATGAAGCTGGTCGAGGTGGTGAGTGGTCTTGCGACCTCCACCGAAGTGGTGGAGCAGCTGTGCCAGTGCGTAAGCGGCTGGGGGAAACAGCCGGTGCGCTGCCGCTCAACGCCCGGTTTTATCGTTAACCGCGTAGCGCGTCCGTTCTACGCTGAGGCCTGGCGCGCGCTGGAAGAGCAGGTCGCCGCCCCGGAGATTATCGATGCCGCTTTGCGTGACGGCGGCGGCTTCCCGATGGGACCGCTGGCGTTGACGGACCTGATTGGCCAGGACGTCAACTTCGCCGTGACCTGTTCGGTGTTTAACGCCTTCTGGCAGGACCGCCGCTACCTGCCATCGCTCCTCCAGCAAGAGCTGGCGCTGGCCGGGCGGCTAGGTAAAAAGAGCGGCCACGGCGTCTATCGCTGGCCCGCTGAGACACTGCCGGACGCGGCGCTGCCGCCGGTAATGATAGGTGCTGAATCCGTTACCGTCAGAAGTGACAACGTCACTGAATTAGACGATGTCTTGCTGCTGGAGACTGAAGGCGAGACCGCCCTGGCGCTGAGTATTAAGCATCACCGCCCGGTGGTGGTGTATGACCTGTGCGCCAGCGATACGGTGGTGCTGGCCGCAGCGGCAACCAACGCGCCTGCGGCCACTGATAAGGCCGTGCATTACTTCCAGCAGCAGGGCAAGAAAGTGCTGCGTATTGCCGATTATCCCGGCCTGCTGGTGTGGCGCACGGTGGCGATGCTGATTAACGAAGCGCTGGATGCGGTGCAAAAAGGCGTCGCCAGCCCGCAGGATGTCGATACCGCGATGCGCCTTGGCGTCAACTATCCGCATGGCCCGCTGGCATGGGGAGAACGCCTTGGCTGGCGGCGGGTGCTGCAACTGCTGGAGAACTTGCAACACCATTATGGCGAGGAGCGCTATCGCCCCTGTTCCCTGTTGCGCCAGAAGACGCTGATGGAGAAGCACCATGAGCAATGATCCGTGGCGCAACGCGCGCGTGATGTACGAAAAAGATACCTGCGCCAGAAAGATGGGGATCGAACTTATCGAAATGGACGACGGTTTTGCGCAGATGAGCATGACCGTCTCGGCGGACATGCTTAACGGCCATCAAACCTGTCACGGTGGTCAGCTATTTACGCTTGCCGATACCGCTTTCGCCTACGCCTGTAACAGCCAGGGGCTGGCGGCGGTGGCCTCGGCGGCAAGCATTGATTTTCTTCGTCCGGCGTTTGCCGGCGACCGGCTGGTCGCCACCGCCAGAGTCAAACAGCAGGGCAAGCTGACCGGCGTCTACGACATCGAAATTGTTAATCAACAGCAAAAGATTGTGGCCCTGTTCCGCGGCAAATCACACCGCATCGGCGGCACAATCACGGGAGACGTGTAATGCGCGACGCCTTTATTTGTGACGGGATCCGTACGCCGATTGGCCGCTACGGCGGCGCGCTGGCCAGTGTGCGCGCCGACGACCTGGCGGCGATCCCGCTGCGTGAGCTCCTGAGTCGTAATCCCGGGCTCGACCCGGCAGCAATTGATGATGTGATTTTCGGCTGTGCGAATCAGGCCGGGGAAGATAACCGCAACGTAGCGCACATGGCGACGTTGTTGGCCGGTTACCCGCATACCGTGCCGGGCACCACGATTAACCGCCTGTGCGGATCGGGTCTGGATGCCATCGGCTTTGCCGCCAGGGCGATCAAAGCCGGCGATGCCGATCTGCTGATTGCCGGCGGCGTGGAATCGATGTCGCGTGCGCCTTTCGTGATGGGAAAAGCCAGCGCGCCGTACCAGCGTCAGGCGGAACTCTTTGATACCACGATTGGCTGGCGTTTTGTGAACCCGCTCATGGCGCAACACTTCGGAACTGACAGCATGCCGGAAACGGCCGAGAATGTAGCTGAATTGTTA
NZ_CP061961.1_gap58	2571636	2573600	1964	GGAACCGCGCGGACCATGCGCCGCATGGATCGCATCAGCGGACGCAGCGACGATATGCTGATTATCCGCGGGGTTAACGTCTTCCCCTCGCAGCTGGAAGAGGAGATCCTCAAGTTTGAACACCTGGCGCCGCACTATCAGTTAGAGGTCAATCGCCGCGGTCATCTGGATTCGCTGGCGGTGCGCGTTGAGCTGAAAGAGAGCGGGCTGGCGCTGAGTCATGAACAACGCTGCCAGATTTGCCATCAGTTGCGTCACCGCATTAAGTCGATGGTCGGGATCTCCACCGATATTACTATCGTCAACTGCGGCAGCATTCCGCGCTCGGAAGGGAAAGCCTGTCGGGTATTCGACCTGCGAAAAGCGGTGGTTAGCGGTTAATCCTCTCCCCGATAACCCGGCTGAGGCCTTTACGCCGTAAGCCGGGAATTTCCTGTGCTATGATTCATAAAGGAAAAATATAACAACAGAATGAATCAGATGAGTAAACTCGACGCCTTTATTCAACAAGCGGTGACGGCGATGCCCATCAGCGGCACGTCATTAATTGCCTCGCTGTATGGCGACGCTTTATTACAACGCGGTGGGGAAGTGTGGCTGGGCAGCGTCGCGGCGCTGCTGGAAGGATTAGGCTTCGGCGAGCGCTTCGTACGCACCGCGCTGTTTCGCCTCAATAAAGAAGAGTGGCTTGATGTTGTCCGCATCGGCCGGCGCAGCTTCTATCGCCTGAGTGATAAAGGGCTGCGCCTGACCCGGCGCGCGGAGCATAAAATTTATCGCGCCAGTGCCCCGGAATGGGACGGTACCTGGCTGCTGCTGCTTTCGGAAGGCCTGGAGAAAAATGTGCTCGCCGACGTTAAAAAGCAGCTGCTGTGGCAGGGGTTTGGCGCGCTGGCGCCGAGCCTGCTGGCCTCGCCGTCGCAAAAGCTGGCCGATGTCCAGTCTCTGCTCCACGAAGCGGGCGTCGCCGAAAACGTCATCTGTTTTGAAGCCCATTCGCCGCTGGCGCTCTCAAGGGCGGCGCTGCGCGACCGCGTAGAGGAGTGCTGGCATCTCACCGAACAAAATGAGATGTACGAGGCGTTTATCGCATTGTTCCGACCATTACTGCCGCTGCTGCGCGACAGCGAGCCGTCAGAGTTGACGCCGGAGCGCTGTTTCCAGATCCAACTGCTCCTTATCCATTTCTATCGCCGGGTGGTGCTCAAAGACCCGCTGCTGCCGGAAGAGCTCCTGCCGGCGCATTGGGCAGGGCAAACCGCCCGCCAGCTGTGTATCAATATTTATCAACGCGTGAGTCCCGGTGCGCTGGCGTTTGTCAGCGAGAAAGGTGAGAGCTCGGTGGGCGAGCTCCCGGCGCCGGGTCCGCTCTATTATCAGCGCTTTGGCGGTTTGCCGGGCGCATAAGGAGGCTGCATGCCGATATATCAGATTGATGGACTGACGCCGGTGGTGCCGGAGGAGAGTTACGTTCACCCGACCGCGGTGTTGATTGGCGACGTGATCCTCGGCAAAGGGGTCTATGTTGGGCCCAACGCCAGCCTGCGCGGCGACTTCGGGCGCATCGTGGTCAAAGACGGCGCCAATATTCAGGATAACTGCGTGATGCATGGCTTCCCCGGCCAGGATACGGTGGTGGAAGAGGAGGGCCATATCGGCCACGGCGCTATTCTGCACGGCTGCGTGATTGGCCGCAACGCGTTGGTGGGCATGAGCGCGGTGATTATCGACGGGGCGGTCATTGGCGAAAACAGCATTGTCGGCGCTTCGGCCTTTGTCAAAGCCAACGCCGAGATGCCCGCCAACCATCTGATTATCGGCAGCCCGGCAAAAGCGATTCGCACCCTGAGCGAACAGGAGCTGGCGTGGAAAAAACAAGGTACCCGTGAATACCAGGCGCTGGTGGAACGCTGTAAGCAGACGCTGCACCAGGTGGAGCCATTACGGGAAGTCGAAGCAGGGCG
NZ_CP061961.1_gap59	2626799	2631034	4235	GCCGGCAACGTCGGCTGGATTATTCTTGCGATGGTGATCGGCGGGGCGATCGGTATTCGTCTGGCGAAGAAGGTCGAGATGACCGAAATGCCGGAGCTGGTGGCTATCCTGCACAGCTTCGTGGGTCTGGCAGCGGTGCTGGTGGGTTTCAACAGCTACCTGCAGCATGAAACCGGTATGGAGCAAATTCTGGTCAATATTCATTTGACCGAAGTGTTCCTCGGGATCTTCATCGGCGCGGTGACCTTCACCGGTTCGGTGGTGGCGTTTGGTAAACTGCGCGGCAAAATTTCCTCCAGGCCGCTGATGCTGCCCAATCGCCATAAGCTGAACCTGGCGGCGCTGGTGGTTTCCTTCATCCTGATGGTGATTTTTGTTCGCTCTGACAGCACCGGCACCCAGGTCCTGTGCCTGCTGGTGATGACCGCGATCGCGCTGGCCTTTGGCTGGCACCTGGTGGCCTCTATCGGCGGTGCGGACATGCCGGTGGTGGTCTCGATGCTCAACTCCTACTCGGGCTGGGCGGCGGCGGCGGCGGGCTTTATGCTGAGTAATGACCTGCTGATCGTCACCGGCGCGCTGGTGGGCTCTTCCGGCGCCATCCTCTCTTACATTATGTGTAAGGCGATGAACCGCTCCTTTATCAGCGTGATCGCCGGGGGCTTCGGCACCGATGGTTCCTCAAGCGGCGGCGATGAAGAAGTGGGCGAGCATCGCGAGATTAGCGCCGAAGAGACGGCGGAGATGCTGAAAAACTCGCACTCGGTGATCATCACCCCGGGCTACGGTATGGCGGTGGCTCAGGCGCAGTATCCGGTAGCAGAAATTACCGAGAAGCTGCGGGCGCGGGGTATCAAAGTACGCTTTGGTATTCATCCGGTGGCCGGGCGCCTCCCGGGGCATATGAACGTCCTGCTGGCGGAAGCCAAAGTGCCTTACGACATCGTGCTGGAGATGGATGAGATCAACGACGATTTCAGCGACACCGACACCGTGCTGGTGATCGGCGCCAACGATACCGTCAACCCGGCGGCGCAGGACGATCCGAAGAGCCCGATCGCCGGCATGCCGGTGCTCGAGGTGTGGAAAGCGCAGAATGTGGTGGTCTTTAAGCGTTCAATGAACACCGGTTACGCCGGCGTACAGAACCCGCTGTTCTTTAAAGAGAACACTCATATGCTGTTTGGCGATGCTAAAGCCAGCGTCGATGCGATCCTGAAAGCGCTGTAATGTAACATAATTGTTTTACAACGTTTGTTTATAAGCCGTCTCCTGTGAGACGGCTTTTTTATATGCAGGGAGATGCCTGGAATTGTTCATAAAATAAGCGGCAAGAGGTGATATAATGTTCCGGTTCTTACATCAGACAGAGGATATTATGGATACCGAGTTAACCCCAACGCAGATGGCCATCGAATTCTTACGCCGCGACCCCACCGTCATGACCCCAGCGCAGTATCTGAAAAAACTTAAACTGCTGGAGCTGGAGTTTGCTGACCTGATGGCGCTCTCCTCGCTGGAGCTGAAAGAAGAGATCGATCTGGCCTGGCGTCTGGGTATCCACTAAGCCATTCTCGCTGGACAGTGACAGGGGCCGCCAACGGCCCTTTTTTTGTGCCTGGCTGGCAGCAAGCAAAAAAATCCCCCGCGAGGCGGGGGAAGATGAGTGGTAGCGGTTAATCGTCGTCGTCGTCGTCCAGTTCCACCGGCGTCTGGTAGGCCTCCGGTTTCAGCACCAACAGGTCACAGCGCAGATGATCGACGACCTGTTCCGCGGTATTGCCGAGGAACGCCGCCGACAGGCCGGTACGTCCGACCGTTCCCAGCACCACGATCCCCGCCTGCAGATGCTCGGCGAGGTCCGGGATCACCTCTTCAGGCAGTCCTTTTTCGACGTGGGTGAATTTTTCATCGATGCCAAACTTCTGCCGCAGCGCTTTCATCGCCAGCAGATGCTGGCCGCGGATCGCGTCGTTGTAGACGCTGGGATCAAAATCCGGCAGTTCTATCGCGATATTGATCGGCGTCACCGGGTAGGCACCGATCAGGTGCACTTCAGTGTGGTTGACTTCTTCCGCCAGCGACAGCGTCTCGCGAACCAGCTTCTCGTTAAGGGTGTTGTGATAATTCTCTTCGCTGGCGAGATTGACGGCGACCAGCGCTTTGCCGCCTTCCGGCCACGGCTGGTCTTTGACCATCCACACCGGGCAAGGGCATTTACGCAGCAGATGCCAGTCCGTCGGGGTAAAGATCACCGCCTCCAGTTTGTCGTGCTGGTGGGCCATCTTCAGCAGCAGATCGTGTTTCTCACTGACCACCTCCTGAATAATCGCTTCGAAGGGGCGGTTGTGCCACACCACTTTCACGTCAATCGGCACGCCCGATTCCAGGTAGAATTTCGCCTGCTCGCGGATCCAGGCCGTTCGTTGGGCAATGACGCCCTGGCGCATTGCCGTCCTCTCGTCCGGCGACAGCAGGGTGGTCATTTCATAGGAAAAATCATAGATCGGCAAAAAGGCTTTGATGCGTCCACCAATCCGTTGGTGCAGGTACACCGCTCGCCTTAGCGCCGGCTGGTCGTCCTGGTTAGGATCGATTACTACCAGCATGCTCTGATACTTCGCCATACAGGGTCTCCTTACAACTGCAGCTACCGTCAGTTATTAAAAAGATAACCTATATGGATGAATTGAAACAGGGGAGGAGCCTGGTCAGATCAACAAATCTGAAAAAATTGCCGATCGTGACCAGGTATTGCGCAGAGATTAAGCGACGTTGCGCGCCTGTCCGGCCAGCTGGGCCAGCAGATCGCTGTTTTCAATAGTGATATATTTGCCTTTCACCGCCAGCATGCCGCTTTTCTGAAAACGGCCCAGCAGACGGCTGATGGTTTCGACGGTGAGGCCGAGATAGTTGCCAATATCGCCGCGGGTCATGGTCAGCCGGAACTCACGTGGTGAGAAGCCGCGCTGGGCGAAACGACGAGAAAGGTTATAGATAAACGCGGCCAGGCGCTCTTCGGCATTCTTTTTGGAAAGCAACAGGATCATATCCTGGTCGCCTTTAATCTCACCGCTCATCAGGCGCATCATCTGCTGACGCAGATTGGGCATTTTTCCGGAAAGATCGTCAAGGGTTTCGAAGGGGATCTCGCAGACCATTGAGGTTTCCAGCGCCTGCGCAAAGCTCGGGTGCAGACCGGTGCCGATGGCGTCAAAGCCCACCAGGTCGCCCGCCAGATGGAAGCCAGTAATCTGCTCATCACCTTGCTCGGTGATGGTATAGCTTTTGATGGTCCCGGAGCGAATAGCGTACAACGACTTCAGCTCATCACCGGCTTTGAACAAGGTTTGACCTTTCTGGATAGGCTTTTTCCGCTCGATAATATTATCCAGCTGATCAAGCTCATGCTCGTTCAGAGTAAAGGGGATGCAGAGCTGGCTAATGCTGCAATCCTGACAATGGATTGCACAACCGCCAGACTGAATGCGTCGAATAATTCGCTTCTCAGGGATCATATGTCTGCTCAGGCCTTAATTGATATTGGTCAATTTTAACATCTTTTTGATCAGCAGGTAAGTCTTCAGGCCCGGAAACACGTAATATCAGCAGGGTAAATCAAATTGCTTGTGTATCTATTTGATTAAAAACAGATTATTACGCCACTTTTGATTGTAAAATTACCTGAAAATTCCAGAAAAGGCATTTTCAGTCAAAGCAACAGATAGCCCTCGTGACGCAAAAGCCACTCTTTACGCTGTACGCCGCCGGCATAGCCGGTCATGGTGCCGTTGCGCCCGATGACCCGATGGCAGGGCACCACGATACTCACCGGATTGGCGCCATTGGCGGCGCCCACCGCGCGCGCGGCGCCGGGACGACCGAGCGCCTCGGCCAGTTGGCCGTAGTGCATCACCTGGCCACAGGGGATTTCGCGTAACGCCTGCCAGACCTGGCGCTGAAAAGGGGTGCCGGCGGTGGCGGTAGGCAGAGTCTCGATAATGGCTAAATCGCCGGCAAAATAGTCGCTCAGCTTACTGCTGAGACCGCCGGGATTGCGGCAGTCGACGCGCTGATAGCCTTCCCGGCGATAGTGTACCTCGAGCAGCGTTTCCATCCGATCGCGGTGCTCGTCCCACTCGACGGCGCGCAAATTAAACTGTTCGTCGCAAAGCACCCACAACGGCCCCAGCGGGGTATCCATTTTATCCTGCAGCAAGGTCAACATCGTTTCT
NZ_CP061961.1_gap60	2632119	2633522	1403	CGGCACGATGCCTTTGATAAACGGCGAGGGCATGACCGTATGCTGAACCGGATCGCGAAGAATACCGTTTTCGGGGACCACCATCAGGGCGATGACCGCCACGAATACCAGCGTCGCCACGCCGGCGATGCGCAGGCCGAACCGCTCCCCGGGCGTCAGCGTCTGCAGCTTTTCATCACGACTGCCTTGCCACTGGCCCAGCCGCGGCTCGACCAGCTTATCGGTGATCAGTCCGCCGACGAGCGTCAGAACGATCACTGAAGTCGCCATAAAGTACCAGTTGTCGATCACGCTGACGTGCAAAGAGGCATCGATGGACTTTGCCGCCTCGGTGCTGATCCCGGAGAGCAGCACGTCGGTGGTGACAATCAGTAGATTGGCGGTAAAGCCGCAGCCCACGCCGGCTATCGCCGCCAGCAGACCAGCGACAGGATGCCGACCGACGGCAAGAAACATCAGCGCTCCCAGCGGCGGCATAATCACCAGCGCCGCATCGGAAGAGATATGGCTGAAAAAGGCGATAAACAGCACCATATAGCTGGCATAGCGGGCGCTGACGTGCGAGGCCATCTTGACCATCAACGCCGGTAACAGGCCCACCCGCTCGGCAAAGCCGGCGCCCAGAACCAGGGCGAGGATCGCCCCCAGCGGCGCGAAACCGCTGAAGTTTTTAATCACGTTCGGCAAAAACCAGTGCAATCCTTCCACGCTGAGCAGGTTTTTGACCACCACCCGCGAACCGTCAGTTGGGTTTTGTACCCCAACGTTGAGGGCGGAGAGGATTGCCGTGGCAGCGATCAGCACGGCGATGAGATAGATAAACAGCAAAAACGGGTGCGGGACCTTGTTACCGATCTTCTCTACCCAGCCATAGCGCTTTCCGCCGGGGGAAGATGACGGTATGGATGACATACTCATGGGCATTCCTCTGTTGTCGTTGTTGTGTTGGGCAGGCCTGCTCCCGTACTGCCGGCGGTTATTATGGGCGGTGCGTGCCGCGATCCGGTCAGCGTTGGCCAGGAGTAGCCTCTAAGTGGTTATCGTAAAACGGACGGACTCACCTCCGCCGGGATCGGGCAACGATAGGGGCGTTCGGCCAGTACCTGCCTGAGCTCTTGCTGGCTGGCCTCCAGCAGGGCGCTGTCGCTGAATAAATGGATGGCGGTCGCCGCGAGGACTTTCCCCGCCAGCAACATCCCTTTATGGGCAATGGAGGTTCTGCCCTGGCTCACCAGCTGCCAGCTGTGCAGCGGGGTACCCACCGCGAAGCACGGGCTGAAGCACTGGGCCACCGGCGCTTTCCAGCTAACATCGCCGACGTCGGTGGATCCGGCGAGGACGTTATCCGTGGCCGCCCAGGGCGCCACCTCATCAATCAGCAAGGTGTCGCGGTGACGACGAGC
NZ_CP061961.1_gap61	2681274	2685022	3748	GATCGGCATCATCACTTATTCCTTTCTGCGGCGCGCGCCTGCGCGCCGTCTCATTAACCGGCAACCGCCATACCGACGGTCATATGCAGACCATAAAACAGGCCGCGGCCAATACATTCGGCGATCAAGACCAGCAGCAGGCCGATCAGCAGCCCCGTAGCGCGCGGCGGCTGGCGGCGGATCAGCGGACATAGCCAGCAGCCGAGGCCCAGCGCCAGCAGTACCAGGCGTAGCGCCTGGAGTTTGCCGTAATCTGGCAGCAGGGTGGCCGCCTGCTGAACCGAGCTGTGAAGGGTACTGAGCCCGGCGCTTTGCATAATGATAACTGCGGCGCTGATGACCAGCGCGGCCACGCTCAGTCCGGCAAAAAACCAGCCGTTAAAGTCGACTTTCGCCAGCCGCAGCAGCAGGGCGGCAAACAGCGGCCCGCTGAGGAGCACCGTCAGAAAGAACGCGCTGGTGGTGTAGCCATTGTACCATGTTGGCACGGTATTGATTTGGTAAACCCGGGTCATTGCGAGGACAAACAGCAGCCCTAACAGCATGGCGATCGCCAGCCAGACTTTACCCAGCGTCGCCGGCATTTTTTCCAGCACCGCCAGCAGCCACCAGAATCCGCCCACGGCGAAGAACAGAGCGCCGCTGGCGATTTCGTTGCTCAGCGCCGAGGCGCCGATGCGGTTCAGCGAGTTAAACGCGCGCAGCGGTGAACCGAGATGCATCACCGAAGCAAGAAAACCAATGCCCATCAACAGCCAGATAAAAAACATATTGCGCACCAGCCGCCGCCGGGCTTCCCGTTGGTCCCCCAGCGCCAGCCAGCCAAGACCGCTGACGATGGTCGCGCCGACCACGCACTGACCCAGCACCGTAAACAGCACCAGCGGCCATTCATGCCATCCGTTTCCCATCTCACACCTCCTTCGGGTTCGCCAGGTAACCGGTGGTATCGCCACACGGCCGGGCATTGGCGTTAGGTTTGATAACGATACTCGGCCGGGTAAAGTGCGCCGACGGCAGCGGCGCTACCGCGGCCAGCTGGCCGTGCTTAGCGCGCAGTTCGGCAATCGGCCCGAAATCCAACGCCCGCAGCGGGCAGGACTCGACGCAGATCGGCTTTTTCCCCTCGGCGACACGCTCGTGACAGCCATCGCACTTGGTCATATGGCCTTTGTCGGCATTGTACTGCGGGGCGCCGTACGGGCAGGCCATATGGCAGTAGCGGCAGCCAATGCATACCTCTTCGTTGACCACCACAAAACCGTCTTCGCGCTTATGCATCGCGCCGCTCGGACAGACCTTGGTGCAGGCCGGATCTTCACAGTGGTTACAGGCGATGGAGAGGTAATAGGCAAACACGTTCTGCTGCCAGACGCCGTTGTCCTCCTGCCAGTCGCCGCCGGCATACTCATAGATCCGGCGGAAGCTGACCTCCGGAGTCAGGTTCTTGTAGTCCTTACAGGCCAGCTCGCAGGTTTTGCATCCGGTACAGCGAGCGGAGTCGATAAAGAATCCATATTGCGTGCTCATGGTTTACTCCTTAAACCTTCTCGATATCGACCAGGTTGGTATGCTGTGGATTCCCCTTCGCCAGCGGTGACGGGCGGTGGGTGGTCAGGGTATTCATGCAGGCGCCATGGTCGATCCGATCTCCGGTCATATTGGCGTCGTGCCAGGCGCCCTGGCCCATCGCCGAGACCCCCGGCATGATGCGTGGCGTCACTTTCGCCGGAAGACGGACTTCGCCGCGCTGATTAAAAACGCGCACCATATCGCCGTTTTTAATCCCGCGTTTTTCCGCGTCAAGCGGATTGATCCATACTTCCTGGCGACAGGCCGCTTGTAATACATCAACGTTGCCGTAGCTGGAATGGGTGCGCGCTTTATAGTGGAAACCAAACAGCTGCAGCGGATACTGGCTGCGCAGCGGATCGTCCCAGCCTTCAAATGTGGAGGCGTAGACCGGCAGCGGGCTGATAACTTCGTCTTTCTCCAGCTGCCAGCGGGCGGCAATCTCTGCGAGTCGGCTGGAGTAGATTTCAATTTTGCCGGACGGGGTTTTGAGCGGATGCGCTTCAGGATCGCGCCGGAAGTCGCGATAGGCGACGAAGTGGCCGTTCGGGTCTTTGCGCTTGTAGATGCCCATTCGCTTCAGATCCTCGTAGGCCGGCAGCGCCGGATCTTTCGCCACCATTTTGGCGTACAGATACTGCAGCCACTGTTCCTGGGTACGCCCCTCGGTAAAACGTTGATGCACGTCGTCGCCGAGCCGTTTCGCCACTTCGCTTAGGATCCAGTAAATCGGTTTGCGTTCGAACTTCGCTGAGGTGGCGGGCTGAATAAAAATCAGATAGCCCATATTGCCGGCGTAATCGTTAGGAATGATATCCTCCTGCTCAACGGTCATCAGGTCGGGCAGCAGCAGGTCGGCGTATTTCGCCGACGAGGTCATAAAGTTGTCGATAACCACAATGGTTTCGCACTTGCTTTCATCCTGCAGAATTTCGTGGGTCTTATTGATGTCGGAGTGCTGGTTGATGAGGGTGTTGCCCGCGTAGTTCCACAGGAACTTGATCGGCACATCCAGCTTCTCTTTTCCGCGTACGCCATCGCGGCTGGCGGTCATCTCTGGACCGCGCGCGATGGCGTCGGTCCAGGTAAAGCAGGAGATGGCGGTCTTCACCGGGTTTTCCAGCACCGGCAGGCGCTCAATGGTGATGGTGTAGGTTGATTCGCGGGCGCCGCTATTGCCGCCGTTGATGCCGACGTTGCCGGTTAAGATCGGCAGCATGGCGATCGCCCGGGCGGTGAGTTCGCCGTTGGCCTGGCGCTGGGGCCCCCAGCCCTGGCAAATGTAGGCCGGCTTGCTCATGCCGATTTCGCGCGCCAGCTTAATGATGCGCTCGGTGGGGATACCGGTAATACGCGAGGCCCACTGCGGCGTTTTAGCGATCCCGTCGTCGCCCTCGCCGAGGATATAGGCTTTGTAATGACCATTCGCCGGCGCCCCGGCCGGGAGCGTTTTCTCGTCGTAGCCAACGCAGTATTTATCAAGGAAAGGCTGGTCCACCAGATCTTCGTTAATCTACACCCAGGCGATACCGGCCACCAGCGCGGCGTCGGTGCCGGGGCGAATGGGGATCCACTCATCTTCCCGACCGGCGGCGGTATCGGTGTAGCGCGGATCGATGACGATCATTCGCGCGTTAGAGCGCTCGCGGGCCTGCTCCAGATACCAGGTAATGCCGCCGCCGCTCATCCGGGTCTCCGCCGGATTGTTGCCGAACATCACTACCAGCTTGCTGTTTTCAATATCCGAGGTGCTGTTGCCGTCGTTACTGCCGTAGGTGTAGGGCATGGCGCAGGCAATCTGCGCAGTACTGTAGGTACCGTACTGGTTAAGCGAGCCGCCGTAGCAGTTCATTAAACGCGCCACCGGCGACGCGGAAGGCGACGAACGGGTGATGTTGCCGCCGACGATCCCTGAAGAGTAGTTAATGTATACGGCTTCGTTGCCATACTGCGCTACCACGCTCTTCAGGCGGTCGGCGAGGGTATCCAGCGCCTCCTGCCAGCTGATGCGGACAAATTTGCCTTCTCCGCGCTTGCCGACGCGCTTCATGGGATAGTTAAGGCGATCCGGATGATTGATGCGCCGGCGAATCGAACGCCCGCGCAGGCAGGCGCGGACCTGATGGTCGCCGTAGCGGTCGTCGCCGGTGTTATCCGTTTCGACGTAAACCACTTC
NZ_CP061961.1_gap62	2686287	2689972	3685	AAGGATCCGCGTAAGAAATTGGACTATACCGCCATCAGCACCTTCAACGATCGCACGCTGGGCACGGTGCGTCAGACCTGCGACTACGACGATCACGACAATCCGCTGAGCTGTGAGCTGCAGGTGGTCGATGAAAGCGTCCAGCCGCCGCTGACCCGCCACTACACCATTAAAAACCGTATCGATTATTACTGAGCCGTCGGCTTCAGCAGGGACGGCCCGGGCGTTTTGTGCTCGGCCAGATACTGGTGCTGGAACAGGCACATGCGGATGGTGTTGCGGTACTCGCCGTTAATGAAAAACTCATGGATCAGTTCACCCTCGACCATAAAGCCGAGCTTACGGTAAATATGGATCGCTTTTTCATTCTCTTTATCAACGATTAAATACAGCTTATACAGATTGAGCACGGTAAAGCCATAGTCCATCGCCAGGCGTGCGGCGCGGGTGGCGAGACCTTTTCCCTGGAAGTCGGGGGAGATGATGATCTGGAACTCGGCCCGGCGGTGCACATGGTTGATTTCAACCAGCTCCACCAGTCCGGCTTTATCGCCATTGCATTCGATGACAAAGCGGCGCTCGCTTTGATCGTGAATATGTTTGTCGTACAGATCGGAGAGCTCAACGAAGGCCTCGTACGGCTCTTCAAACCAGTAGCGCATGACGCTGGCGTTGTTATCGAGCTGGTGGACGAAGCGCAAATCTTCGCGCTCAAGCGGGCGGAGTTTGACGTGTAGCGCGTCGGTCATGGAGATTCCTGTGGTCAAAACGGAAAGGGATTACAGAAAGGCGGCGCCCGCAGGCGCCAGCGTGGTCAGGGAGCGGCTCAGGGATTGATCGCGCGGCCGGTGCGACGGTCAAGACAGCGCAGGGTGTTTGGCTCCCAATAGGCATTGACGTTGGCGCTCTTCTGGCAGTTATCCTGCGCGTCGAAAGCGACATCGGCTTTATCCCACTCTTTTTCCGCCCGTTTGTTCACCTTCTGGCGCAGGCTGCGGGTGTCGTTCCATTGCTCTTTTTCCATCGACGCCTGCTGACGGCTCTGCGCGCTGTCGCCAGATTCAATCACCAGCCGGTCGGTGGCGGCATAGGAGCTGGAGGTGTAGACCACAGCGCTTAACGCCAGAATGGCGGTCAGGCACCAGCGTTTGTTCAGTGTCATGTTCATCACGATTTCCTTTAAGTGATGGGTTAACCCTCAGGTTCAGTTTACTACAGCTCTTTTGTCGGGCATAGCCGGCAAAACAGCGTGGGGCAGAGGCCATTATCGCGTAGAATGGTTCAACGCTTTGTCTCTTTTACGAATCTTTTAATGCTCAAAACAACGCTGCTGTTCTTTGCTACCGCTCTGTGTGAAATCGTCGGCTGTTATCTACCGTGGCTATGGCTCAAGCGCGGGGCAACGCCGCTGCTGCTGATCCCCACCGCCCTGGCGCTGGCGCTATTCGTCTGGCTCCTGACGCTCCATCCGGCCGCCAGCGGGCGGGTATATGCCGCCTACGGTGGGGTGTACGTTTGTACCGCATTGCTCTGGCTGCGGGTCGTTGATGGGGTCAAATTAACCCATTATGACTGGGCGGGCGCGGCCATCGCCCTGTGCGGCATGCTAATCATCGTGGCGGGGTGGGGACGGGCCTAAGCCCGTCATGTGTGATCCCTGCCGCTTTTTTCAACCCTAATTCTTGTATGGTAGTCGACCTGTTGCCTTACTTATCAGACATCCTATTTCATATGACTCTGTAAGGAACAACGATGGCTATCGAGACTCTTGCCGCCCGGACCGGGGCGACGCCGTTACGCATCCGTCGGGTGCAGAAGATCACCCTGACGCTGCTGTTTATCGCCGGTATCGTCAACTTTCTTGACCGCTCTTCGCTGAGCGTCGCCGGGGAGGCGATACGCGCCGACCTGGGCCTTAGCGCCACCGAGTTCGGGGTGCTGCTCTCCGCCTTTTCGCTCTCCTACGGCTTCGCGCAACTGCCCTCCGGTATTTTGTTGGATCGCCTGGGGCCACGGATTGTGCTGGGCGCCGGGCTGATTTTCTGGTCCGCAATGCAGGCCCTGACCGGGATGGTCAATTCGTTCTCGCATTTTATTCTGCTGCGCATTGGCCTCGGGATCGGCGAAGCGCCGTTTATGCCAGCCGGCGTGAAATCGATCAACGACTGGTATGCGCAAAGAGAGCGCGGCACGGCGGTGGGAATATTCAACTCCTCGACGGTGCTGGGCCAGGCTATCGCCCCGCCGGCCCTGGTCATCATGCAGTTGGCCTGGGGTTGGCGAACGATGTTTGTGGTGATTGGTTTAGCCGGGATCGTGGTCGGCCTGTGCTGGTATGTGGGCTACCGTAACCGTCGGCAGTTTACCCTGCAGGAGGAGGAGCAGCAGTATCTGGCCAGTGAGGAGGCGGCCCGCCCGGCGCTGAAGTTTAGCGAATGGCTGGCTCTGTTTAAACGGCGGACTACCTGGGGGATGATCCTCGGCTTTTCCGGTGTGAACTACACCGGCTGGCTGTATATCGCCTGGTTACCCGGCTATTTGCAGGCGCAGCAGGGGTTAAGCCTGGCCCGTACCGGCTGGGTGGCGGCGATCCCGTTTCTTGCCGCGGCGGTGGGGATGTGGGTCAACGGCCTGGTGGTCGATGCCCTGGCGCGCAGAGGCTACGATCAGGCGAAAACCCGCAAAACGGCGATTGTTATCGGTCTGGTGCTGTCGGCGCTGGGCACCTTGCTGGTGGTGCAATCGTCCACGCCAGCCCAGGCGGTGGCTTTTATCTCCATGGCGCTGTTTTGCGTTCATTTTGCCGGGACGTCCGCCTGGGGGCTGGTGCAGGTAATGGTGGCGGAGCATAAAGTGGCTTCGGTGGCGGCGATCCAGAACTTCGGCAGCTTTGTGTTTGCCTCCTTCGCGCCGATCGTGACCGGCTGGGTAGTGGATACGACTCACTCTTTCAATCTGGCGCTGGTGATCGCCGCCGGGGTGACCTTTGCCGGGGCGCTGTGCTACTTCTTTATCGTCAAAACTCGCATCGATTAACAACGCTCGGCGATTCGTCAACAGCAGGCCCGCAGGGACGCGCGGCCGCCATGTTCTTCTCCTGCGCTATCCTGTCACTGCGGCGATTGCAGCCACGTGCCCCGTGCTTTATCAGGTGAGATCTTCTTGTATGGTAGTTGACAGAAATCAAAGATGTTATACCAATTGCGTGAGATGGTTGAGGCACAAAGGCATTCTCCTCGAGAGTTCTCCCCGAGAATGGTTGATGGGCTACATAACAACGAGAGTCATCATGGAAAACACCCTCTTAACCGCTAACGCCACGCTGCCGACCTACGATCGCAGCGCACTGATCCCCCGTATCGTTCATCTTGGTTTTGGCGCGTTTCATCGCGCTCATCAGGCTGTGTATGCCGATATACTGGCCAGCGAGCACGGCAGCGACTGGGGCTACACCGAAGTTAATCTGATTGGCGGCGAGCAGCAGATCGCCGATCTCCAGCAGCAGGATCTGCTGTATACCGTCGCCGAAATGTCCGCCGACGCCTGGACCGCGCGCGTGGTTGGTGTGGTGAAGCAGGCGCTGCACGCCGGGGTTGATGGTCTCGAAGCGGTGCTGGCGGCGATGTGTCAGCCACAGGTGGCCATTGTCTCCCTGACGATTACTGAGAAAGGCTATTGCCATTCG
NZ_CP061961.1_gap63	2693747	2697366	3619	CTGGGGAATGACATCTGGCTTAATGCGGCCTTGTTTCAGCGCGTGAACAGCGTCTACGAGCAGCGCGACGCGCTGGCGCTGGACAGCGAGTCCTATCGTCTCCTGACCCTGACGTGGCAACGTTTTGTTCACGCCGGGGCGACGCTGGCTCCCGAGCAGCAGGCGGCGCTGCGCGCACTGAACACCGAAGCGGCTACGCTGCAAAGTCAGTTCCAGCAGCGACTGCTGGGAGCGGCAAAAAGCGGCGGCCTGGTGGTTGATTACCGGCATCAACTGGCTGGCCTGAGCGATGAGGAGATAGCGGCGGCGGCTGACGCAGCGCGTGAAAGAGGGCTTAGCGACCGCTGGTTGCTGACGCTGACCAATACCACCCAGCAGCCGCAGCTGCTTGCGCTGCGCGACCGGCAAACGCGGGAGAATCTCTTCGCCGCCGGCTGGACCCGCAATCAGCAGGGCGATGAGCATGATACGCGCGACCTGGTACTGCGGCTGGCGGCGATCCGCGCGCAGCAGGCTGAGCTGTTGGGAGCCGCTGATTACGCCAGCTGGGCGCTGACCGATCAAATGGCGGCTTCCCCGGCGGAGGCATTGGGCTTTATGCGTCAGATCGCGCCGGCGGCGCGGGCGAGGGCGGAACGTGAGTTGGCGGACATCCAGCAGGTGATCGACAACGAAGGCGGGGGTTTTCGCGCGACGGCATGGGACTGGCTTTACTACAGCGAGCAGGTGCGGCGGGCTGCCTATGCCATTGATGACGCGCAGCTCAAACCCTATTTTGCCCTCGAGCGGGTGCTGCAAGACGGCGTCTTCTGGACGGCCTCGCAGCTCTTTGGTCTGCGCTTTGTTGAGCGCTTCGATATACCGGTCTATCACCCGGATGTGCGGGTCTGGGAGATCTTCGATCACAACGGCGAAGGGATGGCGCTGTTTTACGGTGACTACTACGCTCGTGACTCAAAGAGCGGCGGCGCATGGATGGATGTGTTTGTCGAACAGTCGACTCTGCGCGCGCAGCGCCCGGTTATCTACAATGTCTGCAACTACGTCCGCCCGCAGGCAGGGCAAAGCGCGCTGCAGTCGTGGGATGAGGTGATCACCCTGTTTCATGAGTTCGGCCATACCCTGCATGGGCTGTTCGCCAGCCAGCGCTACGCCAGTCTCTCGGGGACCAATACGCCGCGCGATTTTGTCGAATTTCCTTCGCAGATCTTCGAACACTGGGCCAGCCAGCCGCAGGTGTTTGCCCACTACGCGAAGCACTACCAGTCCGGGGAGCCGATGCCGCAGGCGCTACGCGACAATATGTTGCGTGCGGCAACCTTCAATAAAGGGTACGACATGAGCGAGCTGTTGGCTGCTGCGTTACTCGATATGCGGTGGCATAGCCTGTCGACCTCGGCATTACCGGAGGAGGTGGACGCGTTTGAGCAGCTGGTGCTTCGGGAAGAGAACCTGGATCTGGCGGCGGTCCCCCCGCGCTATCGCAGCAGCTATTTCTCCCATATCTTCGGCGGCGGCTATGCGGCAGGCTATTACGCCTATCTGTGGACCCAGATGCTGGCCGACGACGGCTATCAATGGTTCGTGGAGCAGGGCGGTTTGACCCGTGAGAACGGTCAGCGTTTCCGTGAGGCGATTTTATCACGCGGGAACAGCACTGATTTAGCTGAACTGTATCGCCAGTGGCGCGGACACGATCCGCAGATTGAGCCGATGCTGAAAAATCGCGGGTTGAGTGCGTAGGGCAATTTTAGTCTGACAAGATAACCGGGCGCGCTGCCCGGTTTTTTGTCTGATCTAGTCGTAACCTTATATTTCTTTTACCTCACGCTGCCTAAATCTCTATCGCTCTCTCTCCCTTTAAGCATTAACGTGGCTTCTTCGATACGAATGAAGCGCCCGGAATCATCTATTTCAGCGAACATATAAACTTCCATGTCCACCTCTTCTCCGCTGCGCCTGGTGCACAGAACGCGATGCCTTGTGGCATAAAGATTCCCGTTACGAAGTTCGTCATGTAACTCAATTTTAGCGAAGGCGATAATTTCCCGGAGTCTACGCGCATGCTGAGCAAAGCCATCTAATCCTTCCCACTTGTTATCAGTACGCTGCCGATAACCGGGACTAAAATAGCGACTGAGTATCCGATCCAGTGGTATCTGTTGGTGGTTGATAATGTCATCCAATACTCTAGTAATAGTAATCATTTTGATGGTTAGTCCTCTGTGAAAGTGATGAATACTTTACAATCGACTAACTGGCTTCAGTACGGTATAAAAGACATTAAACGCCTCAAACACGCCAATATGCACGATCCATTGATTCCATTCGAACCGGTGTTTTCCCCCCAGGGACCCACTTTACTCGTCGCGGTACGTCAGTCTGAGGTAATACGGGAGACTCCACGCCACCATCACAGCTGTGGGCAGTTAATCGGTGCCATACGTGGGCTACTTACGGTCGATGGCGGTGATTGTCGCTGGGTGGTACCGGCAACACATGCCGTCTGGATACCGCCAGGTGTTCCGCACGGCCTGCGCTCGCACGGTCCATATTCAGGATGGAGTGTTTATGTTTCTGCCAAAGCCTGTGGCGAGCTACCTGATAAGCCATCTGTTCTCTCAATGACAAATCTGCTGCGTGAAGCGATAACGCGAGCGGCTGCATGGCAAGGTGTAGAGCTTAATGCGTCCCAAAAACGTTTAGCTGGCGTTATTCTTGATGAAATTGGTTCCCTCCCCAGGGTTAATCTTGGGCTTCCAATGCCGCAAGATAGCCGATTGCTCAGAATCGCGCAGGCGCTGTCAGCAAACCCGGACGACGGGCGCAGGTTGGAAGAATGGGCAGCCTGGGCCGGCATGTCATCACGCACGCTCACGCGACGATTCCGAGCCGAAACGGGTTTTAGCTTCAATGAATGGCGACAGCGGATACGCTTACTCAGGGCGCTTGAGCTACTGGCTGCCGGCAAGCCAGTGACGGCGATAGCGCTGGATCTGGGATATGACAATGTGAGTGCCTTCATAGCCTTGTTCCGTCGGATGTTCGGCACTACTCCAGGGCGGTATAAAATTTAATTATCTCTTCGCTGAATATGATGCGTTATCCGCCGCTTTGATTACGTTTGTCATGGGCTGAGAGGGGCAAGTAATTCGGGCCCCTGATTTTTCACATTGCCGACCGCCCGCGTTACCGGGTGCCAGGTAAAATCGTCGGCGGAAACGGCTCCGTCGCTGGCAATCTCCGCCGATTCCGCGCCGGTGACATCCTGCCTCATCCATTCGCGGGCGGCTTCAGGCGTCAGGACCAACGGCCGACGGTCATGAATATCGACAAGACCGCGATCGGCGGCGGCCGTCACGATCAAGAATCCTTCGGCATGGTCCCCACGTTCGAACGGAGTCCGACCAATCGCGGCCATAAAAATTGGCTGGTCATCCTTACGCTGGATAAAGTATGGCTGCTTTTTATTTCCTTCCTTTTTCCACTCAAACCAGCCGTCGGCGAAGCAGATCGCCCGTCCGTGCTCCCACAGCGGCTTGAACATCCTGCTGGAGGCTGCAGTCTCAACCCGGGCATTAATCAGCGGCGGTTTATCCCACCATCCTGGCGCATAGCC
NZ_CP061961.1_gap64	2715040	2717362	2322	GGGTTTCATTTGCCAGGCGCTGCGCATCGCACTGGACGCAGTGCGCCTCAAGATCGTACAGGCCGGCGCTTTTCCAGCGCTCCACCCAGGCGTTGGGGTCGATACGCTCTACTTCGCTGACCCCGATGTCGTTGTCGAGCGGCGCGCGAATAAACTGGTCACGCAGGGGGGTCAACAGCTGCTCCTGACCGCCAACCGACCAGCGGCTCAGCAGACCCGTCCGGCGATCGATGGTCCAGCATTGCGAACCGGCGCGGATCTGCCAGACCTCATCGCTGACGATAAGATCCGGAGCGCCGGCAGACACGGTGGGCGCCGGCAGCGCCAGCGGGGCGGGCAGGGGAAACTGTTGCCAGGCGACGCGGTGCTCCGCTTCTGACCAGGCGGTCGCCTGGGGCTGGGTCACCTCCAGCGTCAGCCACACCGCGCGGGCGCCTTCAGGCAGGATCAGGCTATCGAGCAGCGTTATCTCGTCGCTGCCCTCAGGGGGCAGCGCCAGGGTCAGGTCGCCGTGATACAGGGGTTCACCGGCCGCCTGCACCTGCCAGCGCAGCACTTCGTTATCGGTTGGGCGGAACAGGTATTCGCTGATGATGCGCACCCGCAGCGGCGAGGTCGACAGCAGCGTGAACTGAAAATACTGCTGGGCGTGCTTCGCCTCCACCAGCGACGGATGCGGCGTGCGATCGGGAAACACCAGACCGTTCATACAGAACTGGCGATCGTTAGGCTTATCACCAAAGTCGCCGCCATAGGCCCAGCCGACGCTGCCGTCGGCAAAGGTTTTGCGGATCGCCTGGTCGGCCCAGTCCCAGATAAACCCGCCCTGCAGCCGGGGATACTCGCGAAAGGCCTGCCAGTAATCGGCGAAGTTGCCGAGGCTGTTGCCCATCGCGTGGGCGTACTCGCAAAGGATCAGCGGCCTCTGCTCACCGGGCAGGCTGATCCATTTTTTGATCCCCCATTTGGGTACCGCCGGGATCGGCTGGTCGCGTTCGACGCGGGCGTACATCGGACAGATAATATCGGTGGCGGTGGTATCCGCGCCGCCGCCCTCGTACTGCACCGGACGGCTCGGATCGTTGCGTTTCAGCCAGTGGTACAGCGCTTCGTGGTTGCCGCCGCCGCCGGACTCGTTGCCCAGCGACCAGATGATAATGCACGGATGGTTGCGGTTGCTCTGTACCATCCGGGTGACGCGGGCGCTGAAGGCTGGTAGCCACGCCGGATCGTCGGACAGCCGATTCATCGGCACCATCCCGTGGGTTTCAATATTGGCTTCATCGACCACGTACAGACCGTAGCGGTTGCAGAGTTCATACCAGCGCGGCGCGTTGGGATAGTGCGAGCAGCGCACGGCGTTAAAGTTGTTCTGCTTCATCAACAGAATGTCCTGCACCATATCCGCCTCGGTGACCACCTGCCCGCGCAAATGATGATGCTCATGGCGGTTAACGCCGCGGATCAGCAGCGGTTTACCGTTGAGACGCAGCAGGCCATCGGCAATCTCGATGCGGCGAAAACCGATGTCCCACGCTTCGGCCTCCAGCAGTTCGTCGCCGCGCCACAGGGTGACCACGGCGCGATAACAGTTCGGGGTTTCCGCGCTCCAGTGCGCCGGCGTCGCCACCGCCAGGGAGAAATCGACCCGTTCCGCGTAGTGGCCGCGCTCATCCACCGTCGGGGTACCTAACGGCTGCCGCCCGGCGGCGATCTGCTCCTCGCCGCGCCACAGGCTAACCCCGACGCTAAGCCCGGCAAGCGCCGCCTCAGTCGCTTCGACGGTCGCCTGGACCTGCAGAGTGCCGTCGCGATAGAGGGCGTCAAGGGCTGGCGTCAACTGCACGTCGCATAGCCGTTGCTGCGGCTTATTCAGCAGCCATACCGAGCGGAAAATACCGCTCATCCGCCACATATCCTGGTCTTCCAGCCAGCTGCCGGCGCTCCAGCGCATGACCATCACGCACAGGCGGTTGTCGCCCGGACGCAGAAAGGGGCTGAGATCGAACGCCGCCGGCAGGCGACTGTCCTGCGAATAGCCGACCCACACGCCATTGCACCACAGATGAAACGCCGAGTTGACGCCATCGAAAATAATCTGCGTTTGCCCGTTCTCGCGCCATGTGTCCTCAACCGTAAAGTGCAGGGAGTAGCAGCCGGTCGGGTTATCCTCCGGCACCCGCGGTGGGGTGGTGTCGATGGGATAGCGGACGTTGGTGTAGATCGGCGCGTCATAGCCCTCCATCTGCCAGTTGGAAGGCACAGGCGTGCCGCGGCAGTCCGGTAGATCCTGCGTCAACCACTGCGCATCGACGGCAAACG
NZ_CP061961.1_gap65	2727009	2731978	4969	CTCTTGACCCGGTGGCCATCGCCCGCCAGGGCATCGGGCGCAAGTTTCAGAAGCCGACGGTCTTCGAAGCGCTGACGGTGGCGGAAAATCTCGCCCTGGCGATGAAGGGGGATAAATCGGTGTGGGCCAGCCTGCGCGCCCGGCTGAGCAGCGAACAGGACGATCGGCTGAATGAGGTGCTGCGCCTGTTGCGTCTTGACGGCGAGCGCTACCGCCAGGCCGGTCTGCTGTCCCATGGTCAGAAACAGTTTCTTGAGATCGGCATGCTGCTGGTGCAGGAGCCGCATCTGCTGCTGCTTGATGAGCCGGCGGCCGGCATGACCGATGCGGAAACGGAGTATACGGCGGAGCTGTTTCGCACGCTGGCCGGACAGCACTCCCTGATGGTGGTGGAGCACGACATGGGATTTGTCGAGACCATCGCCGACCGGGTGACGGTCCTGCATCAGGGCCAGGTGCTGGCGGAGGGATCGCTGCGGGAGGTGCAGGCCAATGAGCAGGTCATTGAAGTTTATCTGGGACGTTAAGGAGCGCCAATGTTACAGGTGAGTCAGCTACATCAATACTACGGCGGCAGCCATATTTTACGCGGGGTGGATTTTTCCGCCCGCCAGGGCGAAGTCACCTGCCTGCTGGGGCGCAATGGCGTCGGTAAGACCACACTGCTGAAATGCCTGATGGGGCTGATCCCGGCGCGCAGCGGTGAGGTACGCTGGCAGGATCAGAACATCACCCATCGCAAACCGCACCAGCGGGTGCAGGCCGGGGTCGCCTACGTCCCCCAGGGGCGCGAGATATTTCCGCGCCTGACGGTGGAAGAAAACCTGCTGATGGGGCTGTCGCGCTTTCCCGCCCGCGAAGCGCAGCAGGTGCCGGAGGAGATCTACCAGCTTTTCCCGGTGCTCAGGACCATGAAGCAGCGGCGAGGCGGTGACTTATCCGGCGGCCAGCAGCAGCAGCTGGCGATCGGCCGCGCGCTGGCCAGCCGCCCACAGCTGCTGATCCTTGATGAACCCACCGAGGGGATCCAGCCCTCGGTCATCAAAGAGATTGGCGAGGTGATCCGCCAGCTGGCGAGCCGCGGAGACATGGCGATCCTGCTGGTGGAGCAGTTCTATGACTTTGCCGCCGGACTGGCGGACCACTACCTGGTGATGTCGCGCGGCGCCATCGTCCAGCAAGGCAAGGGTGATGATATGGAGAGCGACGGCGTGCGCGCGATGGTGACCATCTGACCATGCCGGCGGCGGTCGCGCCGCCGGTTTGCGGCCTATTTGCGCAGCAGCCGCTGCAGGCGCGCCTGGCGCCAGTTTTTAATCCATTCGCCGAACACGAACAGGCGTAATCCTCTCACCACCAGCAGGGCGCCCCAGATCAGGGCGACCCAGCCGGACCAGTAGTACTGTGGATTAGTGAAGCGGTTAAGCACCGCCAGCAGCACGCAAACCACCAGCGCCACCGACAGCGAACGGAAAAAGCGGCTCTCCTGATGCACCCGCGCTTTGGCTTCCTCTATGCGCAGATCCAGTGAGGCTTCCTGGCCCGGCGCGTCTTCCCGCCGGGCTTCGCCGCCGATCTCGGCCACCGTCACTTCAAAGACCGCGGCGAGGGCGCTGAGGGTCTCCAGCCCCGGGCGTTCGCCATTCTCAATGCGCTGGATCGTGCGGACGCTGAGACCCGCCATTTCGGCCAGCTGCTCCTGGGACCAGGCGCGCTGCAGCCGTAATTGTTTGACCTGATTGTTGCTGTTCATATTCGTATGCTCCATAACGTTCTGCGGATGTAAACCTGTGATGGAGTATGGTGAACCGGGCCGCCAGCCACCACGACAGCGACCCGACAACGGCCCGACAGCAACCTGACAGCCGCATGCCAGCTGGCGTCAGGCGTTGGCCAGCGGAGAATCCGGTTGCCAGGGGCGGGCATTGATCCCGCGGAAAATCATCAGCCAGGCGGCGACAATCGCCACGATAAGAATGACAAAAAGCGACCAGTGCGGCAGATGGGTGAGGATCAACCCCGTCAGCATCGGGTTGAATGCCGCCCCCAGCCACCCCAGCGACTGGGCGGAGAAGTAGCTTGCCTTCATCCCCGGCGGGGCAATATGGTCAATCAGCATATACTCCCCGGGGGCATAAATCACTTCCCCGAGGGTGAAGATCGCCGCCGAGATCCCCCACGCCCACAGGCTGGCGCCAGAGAACATAAAGCCCACAAGGCCGATCACAAAGCAGACGGTGCCGAAGGTCATCAGCGGGCGGATATTTCTCGCGCTCAGCCGCCGGCCAACCGCGTACTGCAGAGCAACCACCACCGCGGCGTTGACCGGCAGCACCACGGCCACCACTTTCTCGGCGAAATCGCTGCTGGCGACCACCAGCACATACTGCGAGAGACAGGAGGCGAAGGCGCCGCCGACGAAGGAGGCCAGCAGCCCGGAGCAGGTAAACCACAGCAGCGCCCGGTCGCGCAGCAACACCGAAGGCGACCAGGGAGCGGCGCCCGGCTGGGCCGCGGCGGCGCCATCCCGCTGAAGAAACAGCTGAATAAACACCAGCGGAAAGGCGGCGCAGGCGGCCGCCAGCCAGAACGGCAAATTGATACTGTGCATTACCAGCAGGGTGCCGATGGGCGGCCCAACGGTCCAGCCGATGTTGAGGATGGTGTAGTTCAGCGAGAAGATGCGCGCTTTTTTCTCTGCCGTCAGCCGGTCGGCGAACCAGGCTTTCAGGACGGTGGAAAAGACCGAGTAGGCGCAGTTGATCAGCGCAAAGAAGATCACCACCAGGGGGGCGTTATTGACCAGCGGTATTGCGCTGAAGCCGAGAATAAACACCAGCACTGACCACACCATATAGCGCTTTTTATCGAACCTGTCAGCGAGGATGCCAAAACCCATGCTGAACAACACCCCAACCACCAGCGCCAGCGACAGGGCATAGCCAATCACATCCACTTCCAGCTGAAAGCGTCGGGTGAGATAGATGGTCATAAACGGCAGTGTGGCCCCGCGGCCGATAGTCAACAGTAACGACGATGCCAGCAGCGCGATGGTGGAGCGCCGGAGAGTGGTGATCATGATTTCCTTGCCTGTCATGTTGTTATAATTTTATGTCTTCGATCACAAATAACACGGCCATTACGCCTTGTACAGGTCATCGCGGTCGACGGGCGCACTTCCGGGCCTGCCAAAAATAATGATCTATCCCGTCGGCCGCTTTTTCGCTACTTTGATTTTGTTCACAAAAATTCCAATAACGACAGAGGCAGGGGTATGACGAGGAAAGATGGACTACTGGCGCTGCTGGTAGTGGTGGTGTGGGGGCTTAACTTTGTGGTGATTAAGCTGGGGTTGCACAATATGCCGCCGCTGATGCTGGCGGGGCTGCGCTTTATGCTGGTCGCCTTCCCGGCGCTGCTGTTTGTCGCCCGGCCAGCTATTCCGCTGCGCCTGCTGCTGGGCTATGGCCTGACCATAAGTTTCGGTCAGTTCGCCTTTCTGTTCTGCGCTATCGGCCTGGGTATGCCGGCCGGGCTGGCCTCCCTTGTGCTGCAGGCGCAAGCCTTCTTCACCATCATCCTTGGCGCCTTCGTCTTTGGCGAACGTCTGCAGGGCAAGCAGCTGGCGGGGATCGCCCTGGCGATCTTTGGCGTGCTGGTGCTGGTGGAGGGCAGCCTTGGCGGGGAACATGTGCCGCTGGTGGGCTTTATGCTGACCCTCGCGGCGGCGCTCAGCTGGGCCTGCGGCAATATTTTCAACAAGAAAATCATGTCCCAGACGAGCCGGCCGCCAATCATGTCGCTGGTGGTCTGGAGCGCGCTGATCCCGGTGCTGCCGTTTATGCTGGCCTCATTGTTGATCGATGGTCCGCAGACCATGCTGGCGAGTCTGCAACACATCGATCTGCTGACGATACTGTCGCTGCTTTATCTGGCGTTTATCGCCACTATCGTCGGCTATGGCATCTGGGGATCGCTGCTGGGGCGGTATGAAACCTGGCGGGTGGCGCCGCTGTCGCTGCTGGTGCCGGTGGTGGGAATGGCCAGCGCTGCGCTGCTGCTCGGGGAGACGCTGAGCGGACTGCAGCTCACCGGGGCGGTGCTGATTATGGCCGGGCTCTACATTAATGTCTTTGGCTTACGTTTGGTGCGGCCTGGCATGGCGCGCGGATAAAAAAAAGCCCCGGAGACGGGGCTATACACAATTATGCGTGTAATGGCATCACAGGTCGTGCTGCTGGTAGTACGGCACGCCAAGTTCGTCAGATTTATCATTACCAGCCGCCATATGATTGAAATCAAACGGCGAATCATTATGTTCGGAAGGGATAATCATTGTATCACGCTGGTTTTGACGCACCGGCGTGGTGTTTTGCTCCGCATAGCTGAGGCTGGAGGCCAGCGACAAGAGTACGATAGCTGCGGCAGCGAATAGTTTCATGATTTCCTCAATACGTCTTTTATAGTGCAGGCGATTAACATCAGTTATTTAGCGGATGTAGATAGCGGGATTCGCCAGGTACATTCGTTATGCGATACTTGTGGGGCGGAACATCGAAATAGTTCTTGAACGTTCGCGTCAGGGTCTGCTGCGACTCGAAACCATAGCGTTCCGCCAGGTACAGGATTGGCTCATTACTCTGCTTGAGCTTCTGCGCAATCTCCGTCAGCTTGCGGCTGCGGATGTACTGGCCGAGGGAATGGCCGGTCTCTTTCTTAAACATACGTTGCAGGTGCCACTTAGAGTAACCGGAGCGCTCAGACACTTTTTCCAGCGACAGGGGCGATTCCAGGTTATCCTCGATCCACGACAAAATACTATGGATAGTGATGGCGTCATTATTACGTCTGGACATCATCTTACCTCTTCTTATTTTTACGGCAGGACCTTCTTGAGCAGTTGCTCAAGCATGGCGACTTCGTCCGCCGACAGATTTTTCGTTAACTCCTGGTGTAACTTCTGACCCAC
NZ_CP061961.1_gap66	2880329	2881057	728	TCGACGAACTGAAAGCCGCCGGGATCACCATTATCTATCGTGACATCAACCCGACGCCGGAGAACAGCCGCCGCGCGGAGCAGGCCGGAGCGGATATTATTGTCGCCACCGGCTTTGACGAAGGCGGCACGCTGCCGGGTACCGCCCTCGGGACCTTCACCATCGTCCCGCTGATCGTCGACGCGGTACAGCGGGTTCCGGTGATGGCCGCCGGAGGGATCACCGACGCCCGGGGCGCGCGCGCCGTTCATGCCCTGGGGGCGGAGGGCGTCTTCGCCGGTTCGGTATTTATCAGCACCATCGAAAGCCGGGTTCCCGACTCGGTGAAAGCGAAAATTGTGGCCGCCAACGGTCTGGATCTGCGCCTGTTCCGTACCCTGCCGGACTACTACCGCGCGCTGCCCGGCAAACTGAGCGACACACTGGTAGCCATGGACCGGGCCGGCGCCTCAAAAGCCGAGCTGGCCCAGGCGATGGGCGGGCTGCGCGGGATGCGGCTGGGCATGCTGGAGGGGAATACTGATGAGGGATATATCTCGGTGGGCGCGGGGATCGGCAACATCCATGCCATCACCTCCGTCGCCGAGGTGGTCAATCAGCTGGCGGTATGAAGCCGCCAGCCGGGGCACGGTAACCGCCGCGATCAGGCGTCAGCCACCTTCTCTACCGCCCGGGAGAACGCGTCGATAGCCAGCCCGACGTCGGCGGCGGTGACCGACTCCGCCGGG
NZ_CP061961.1_gap67	2975616	2977072	1456	TGAGTAATGACATCCCCCTGAAATTTTATGACATCGTGGACGAATACGAGACCGAAGCGGCTGCGCCGGTAAAGGATGAAGAACGCGATGCGCTGGCGCGCTATTTCCAACTGCTGATTGCGCGGTTAACTAATAACGAAGAGATTGACGAAGAGGCGCAGCGAGAAATGGCCCGCGAGGCGGCCATTAACGAAAACCGCATTGACGATATCGCTAATTTTCTTAATCAGTGGGGCAACGAATAAAGCTCAACGTCAGCCTACCGGCGGAATTGCCTTCCGCCGGTGCTGCCTGGGCACGAAGCGCCTAGACTCAGCCGTGGCCAGTCTCCTCTCCCAGACGCCTCTGCAGCGCATCAAGAAATAGCGGTAATCCGTCAGGTTGGTAGTCGCGGGAAAGATAGATGCCGTAAACGCTCAACGCCTTTGGCGTCCACTCCGGAAGCACCACCTCCAGCGTGCCGCTGTCAATCGCGCCCCGGGCCTCCAGTTCGGGAAGCATCGCAATGCCGCACCCGGCAACCGCCGCCTCCAGCAGCAATGAAGATATCCCTGCGCTCAGATTACCGTTCACCGCCACCGACGCTTCCCGCCCCTGCGCATCGCTGAACTGCCAGTGCTGGCTGGCGAAATGGCTGTATAGCAGGCAGTTATGTCGTTGCAGATCGTCGGGCGTCGTCAACGGGCCATGCTGGCGCATCCAGCGCGGCGCGGCGCAGAGCAGCGAACGGCACACTCCGAGGCGACGAGCGATGGCCCCCGCTTCCGGGTTGTCGGTAATGCGAATGGCCACGTCGATACGCTCGCCGATCAGGCTGACCGGATGGTTATTGATATCCAGCTCCAGGCGCAGCAGTGGATAGCGGGCGAGAAAGTCCGGTAGCAGCGGGGAGATCAGCTGCATGGCGGTAAAGTGCGCGCAGGCGACGCGCAGTGTGCCGCTGGGATCGGCCCGCTGACGCTCGCCGGCGATTTCATCGGCGATCCGCGTCAAACCGCGGGTCTTGAGCAATACCTTTTCCCCGGCCGGGGTCAGCGTCAGCCGCCGGGTTGAGCGATGGATCAGCCGGGCGCCGGCCCAGCTCTCCATCTGTTCCAGATAGCGGCTCACCATCGGGCGCGACATACCCAGCGCCCGCGCCGCGGCGCTAAGACTTCCCAGCTCGCAGATGCGCAGATACACCTGCGCAGCAATCACCCTGTCCATCACTCCCCCTGATCTGCACGTTTTATGAAACTCAGCATCTCTTGTTTCAGGAATTTTATCAAATAGCGAAATCCGTACAATGGAACGCATTCACCTGTTACTGAGAATAAATCATGAAATTATCTGCCCTTGCTGTTGCTACCGCCCTGTTCAGCGGCGCGGTCTTCGCGGCGCCTCTGACGCTGCAAACTTACAACCCGCAGGAAAAAGGACTTTTTGCCGTCAACTCGACCCTCGTTTCCGGTCCGCA
NZ_CP061961.1_gap68	2986496	2989129	2633	CCGTCAGGATCTGGTGGAAGCCTTCCAGTTTGCCGCCGAAGGCAAAGTGGTGCCGAAAGTCACCCTGCGTCCGCTGGAAGATATCAATGCTATCTTCAAAGAGATGGAGCAAGGTCAGATCCGCGGCCGTATGGTTATCGATCTGCGTAGCTAATCACCCGCGCCTCTCCCGTCCGGGAGAGGCGATCCCCCTGGCACGTCCTCTCGCTTCCCAACCCGGGAAGTAAATGCAATTTCCGCAAATGCTTAGCGCAATTCCTTGGTTCCTTTGTTTTTAGCCGCGCCCGATGATGGCAACACAATAGATAACAAAGGAATTCACCATGCATCGTCATTTTCGCCTGCCCGCGCTGGCCGCGCTGTTTCTCACCGGCGCCTTTTCCGTCTGGGCCGCCGACACGCCGGTTAAAGGCGGCACCTTAATTTATCTGGAGCAGCAACCGCACACCAATCTCTATCCGCCCGCCGGCGGCTTTTACCCGAATGGCGGGATTCTCAATCAGATAACCGACAAGCTCACCTGGCAGAATCCCAAAACGCTGGAGATTGAGCCGTGGATCGCCGAGAGCTGGACCAGCAACGCCGATAAAACCGAGTACACCTTCCACCTGCGCAAAGGGGTCACTTTCTCAGATGGCACACCGCTGGACGCCGCCGCCGTCGCCAAAAACTTCGATACCTATGGTCTGGGAGATAAAGCCCATCGTCTGCCCGTCTCGGAGGTCATCAATAACTACCAGCGCAGCGAAGTGATCGACCCGCTGACGGTAAAATTCTACTTCAACAAGCCGTCGCCGGGCTTCCTGCAGGGAACCGCCACCATCGGCTCCGGTCTGGTATCTCTCAGCACCCTGCAGCGTAATTTTGAAGAGCTGGGCGATGCCCGACATATTATCGGCTCCGGCCCCTTCGTCGTGCAGGATGAAAAACCAGGCCGCGAGCTGACGCTGGTGGCGCGCAAGGATTACCAGTGGGGGCCGAAAAACATTGCCCAGCAGGGGCCCGCTAACCTCGACGGCATCACCTATATTGTGACGCCGGAAGACAGCGTGCGTATCGGCGCGCTGCTGGCAGGTCAGGCGGGCTTTATTCGCCAGGTGCAGGCCTACGATGAAAAGCAGGCTACCGATCAGGGATTTAAGATCTACGCTGCCCCTACCCGCGGGGTCAACGACAGCCTGAGCTTCCGCCCGGATAACCCACTGGTCGCCGACCTGCGGGTGCGTCAGGCCCTGCTCCATGCCACCAACGCCAGGCAGGTGGTGGAGACGCTGTTCTCCGCTAACTACCCGCAAGCCACCTCCGTGCTGGCCAGCTCTGCCGCCGGCTATGTCAATCTCAGCGATAAACTCACCTTCGACCAGGCCAAAGCCCGGCAGTTGCTGGATGACGCCGGCTGGAAGCCCGCCGCCGACGGTATTCGCAGCAAAGACGGTCAGCGGCTGGCGCTGACCGTCTATGAGTCGCTGCCGCAGCCGCAAAATAAGGAAGTGCTGCAGCTGATCGCCCAGCAGTGGCGCCAGGTGGGTGTGGCGTTGACGGTCAAAGCCGGGGATGCCGGTAGCCGTACGCTGGATAACCTCGACCCGCAGAAAACCCCGCTCACCGTCTCAGAAGTGGGCCGCGCCGACCCGGATGTGGTGAAAAGTATGTTCTTCCCCAACAACCGCGATGCGCTGCTGCAGAAAGGCGGCTCCAGCGATAAAGTGCAGCGCTTCCGCGATGATAAGCTCAATGACCTGCTGACCGGCATCTCCGCGGCGGTAGAGCCGCAGCAGCGCTTGCAGTTAACCGGTGACGCCCAGCGCTATCTGATCGATAACGCCTATGTGATCCCTATTTTCGAAGAGCCGCAGGTGTTCGCCGGCGCGCCGTGGGTCAAAGGCGTCAGCTTCGAGGCCGTCGGTCGTCCGTCGTTCTACGGCGCGTGGCTGGACAAGCACTAAGAGGCCGGTTATGAGCGCTTATCTTCTGCGACGATTCGGCCAGGGGCTGCTGGTCCTGTGGGCGGCCTTTACCCTCACCTTTTTCCTGCTGCAGGTCCTGCCGGGGGATGCGGTGCTGATCAAGTTTCAGAACCCGGACCTCGGCCTGAGCCCGGCGCAAATTGCGGAGATGCGGCTGGCCTACGGCGCCGATAGCCCGCTGTGGCGCCAGTACCTGCACACGCTGCTGGCGATGCTGCACGGCGACTTCGGCTATTCCCTGCAGGCGGGTCTGGCGGTCAGCAGTCTGATTGCCAGCAACCTGCCGGATACCTTAAGCCTCGCGCTGCCGGCCTTCCTGCTGGCCGTGGCGCTGGCGTTCGCCCTCGCTTTCGCCTCGCGGCTGCCGGGGCTGCGCTGGCTGAGCAATTTTCTGCAGTCGCTACCGGTGTTGTTTATCTCTCTACCTACCTTTTGGTTGGGTATCGCCCTGATCCAGCTCTTCTCGTTTCAGTTGCGCTGGATCCCGGTAATCAACCCCGGCCCACTGGAAGGACTGATTTTACCGGTTATCGCCGTCGCGCTGCCCATTTCCGCCCCGCTGGCGCAGATCCTGATGCGCAGCATGGATCAGGTGGCGGTTCAGCCCTTCGTCGCGGTCGCCCGCGCCAAGGGCATGAGCGAAACGGGCGTCCTCTGGCGCCATGT
NZ_CP061961.1_gap69	2993554	2994277	723	CATTTTCTATACCGCGGGAGGATTGCCGCGCGCCGATCGCGAGCTGGCCGCCACGGTCGCCAGTAAAATCAACGGCTGTATCTACTGCGCCTCGGTGCATGCCCGCAAAGCGGCGCAGCTGGCGAAGGACGAGACCGCCGTCGACACGCTGCTGGCGGTGACGCCGGGAGAGGATCTGCGCGACGGGCAATCGCCGCGCTGGCAGGCGGAAATCGACGCCGCCGCCGCGCTATCGGTGACGCCACCCGCGTTAAACGCCGATCATCTGGCGGCGCTTGATGAGCAGGGCTTAGATACTCTGGCCCAGCTGGATCTGCTGCAGTCCGCGGCCTTTTTCGCCTGGGCCAACCGCCTGATGCTGACCCTGGGCGAACCCTGGCGTGAGTAGGCGTCGTTAGTAAGCTTGTCGCCGCTGATGACAGCCATAGATGAGCAAGGCGCTCATCGCCAGAAACGACAGCGCGGCGGCGGGGAGCGCCACGCTGTTCCAGCCAAAGCCCTGGGCGATCATCATTCCGCCGCAGAAGGCGCCGATGGCGCTGCCGAGGTTAAAGGCGATCTGTCCCCCGGCCGCCCCCAGCATCTCGCCGCCTTTGGCGTTCTGCAGCAGTAGGATCTGCAGCGGCGCTGACAGGGCGAATAGTCCCGCGCAGCAGAGAAACGCCAGCGCCAGCGAAGCGACTTTGTGTTCACCGAAGGCAAAGATCAGCAGCAGCGTCACGG
NZ_CP061961.1_gap70	3027099	3031226	4127	GGAAAAAGAGAGACTCCCGTAGCGGGGTATTATCCGCCGCCCTCAGCGCCGGGGAAAATATCTTTTCCACCAGTTCCCGGCAATAGCTGCGAGTCTCCGGCGCTAGCCAGCCATAGCAGGCGGCGCGCTGCGCGGATAATTGCTGCAGCAATCCCTCCATCTGCTGTAAATAGCCAAAGGCCACCGCCGGATTAATTAAGACATTAATCAGCTTCAGCGTCCCCAGCTCATCATAATAATGCACATCGCCAGGCTGGACGTAAAATACGTCTCCCTGTTGGATATACAGCGGGCGACCATTAATAACGTGTAACCCATGCCCCTCCTCGACGATCACCAGTTCGGCAAATTCATGGCCGTGCTCCTGGCTATTATCCTCCGGGTCACTGGCGTACATGCCGAGCTTATCCTGGGAATGGGTGAAATAATACTCAACGGTCAGTGTCATCATTACAGCAAATCCTGAACAACCTATGGCGCAGGAGCACGATAATCTATTCCGGCCCTCGGCACGCGCCCGATGTGCGGATTTGTGATCGCCAGCGCCCCCACCTCATTATTCCTGCCATTTTCACTGACGGTTTGGCATTGCCAGAGTGGTAGCCGCGCCGGACGACGGCCTATGCTGCGCCTAACCTAACGGAGAGGACGCAGTATGTCACAAGCAATTCAATACAATTCCAGCGTGGCGATGATCCGTCACCCGCGCTTTTTACAGCGTGCGGCCGACCTGACGCCCGCGCTGCAACGCCTGCGCCAGACGCCGCAGGCCATCGTCGAGGCCGTCGCTGAACCAGGAGCGCTGAACGGCTGGCGGGGGAATACCGTCTGCACGCCGGAGCAGTTTTATCAGCAACCGCTCAACGTCGGCGACAGCATCATTATTGATTTTGGCAGCCATTTTGTTGGCTACCTGCAGTTCAGCTGCCGCAGCGTCGGCAGCCCGCCCGATGCCCCGGCCCATCTGCACTTCTCCTTCGGCGAGACGCTGAGCGAAGTCTGTGAGCCGTTCAGCGAATACCAGGGATGGCTGAGCAGCAGCTGGTTGCAGCAGCAGGATCTGTGGCTTGACGTCCTGCCCGCCCGGGTCGCTCTGCCACGTCGCTATTGCCTGCGCTACCTGAAGGTGGAGGTCAAAGCGCTGTCGCGCAAGTTTCGTCTGCAGTTCGATGAGATCGCTCTGGAAACCGTCACCTCTGCCGGCAGCCCGCACCCGGCGGTCATCGCCGATCTGCAGTTGAAAGCCATTGATGACGTTGCCGTTCGTACCCTGAAAAACTGCATGCAGGAGGTGTTTGAAGATGGGCCGAAACGCGACCGTCGGCTGTGGCTGGGCGACCTGCGCCTGCAGGCGCAGGTGAATGACGTGACCTTCGGCCACCACGATCTGGTCCGCCGCTGCCTGTATCTCTTTGCCGGCCATACCCGGGAAGATGGCATGGTTTCCGCCAATGTCTTTGTTCAGCCAGAGGTACGCGCCGATGACACCTTTCTGTTTGATTACTCATTGTTTTTTGTCGACGTGCTTTATAACTACCTGCAAAGCACCGGCGACACGGAAACCGTCGGTGAGCTGTGGCCCACGGCGCGGCGGCAAATCGAGCTGGCGCTGACCCGCTGCGATTCTCAGGGGCTGGTGCGCGACAGCGATGACTGGTGGGTCTTTATCGACTGGCAGGCGGAGCTGAATAAACAGGCGTCGGCGCAGGGGGTGCTCATCTACTGTCTGCAGCGAGCCCTCTGGCTGGCGCAGCGTTTTGAACCGCAGCGGGTACCCGACTACACTGCCACGCTCTGGCAGCTGAAGGAGGCCGCCCTCCACCACCTGTGGGACAACGATCGGCAGGTGTTTATCAGCGGCGCCGTGCGTCAGGTCTCATGGGCGTCGCAGATCTGGCTGGTGCTGGCGGAAGTTGGCACCGCCGGGCAGCGTCAGGCGCTGATGCGCCGCCTGCAGCAGCAGCCGCCCGCCATTGCCATGAACACCCCGTACCTGCGTCATCATCACATTGTTGCCCTGCTACAGTCCGGCCTGCGCGAGGAGGCGGTGACGGAGATCAAAGCCTACTGGGGGGCGATGGTCGCCTACGGCGCCGACACCTTCTGGGAAATTTTCGACCCCCAACATCCTGACTTTTCCCCGTATGGCAGTAAGCTTATCAACAGTTACTGCCATGCGTGGAGCTGTACCCCGGCCTGGTTTATTCGCCAGTACGGACTTTAACAACAACGATAAGCGAGTGATTTATGGCAGAAACAACGTTTACCCTGTGGCGGCAGCGCCTTGGCTATGGCATTGCCGATCTCTCCTGCAACCTTGTGTGGCAGATGATCTCTCTGTATCTGATGTTCTTTTACACCGACGTCATGGGTCTCCCGGCCTATTATGTCGGCCTGATGTTCCTGGTCACCCGGCTGGTAGACGGCGTGGCCGACGTGCTGATGGGGCTGGTGATCGACAATACCACCACCCGCTGGGGGCGCTGCCGCCCCTGGCTGCTGATCGGCGCCCTGCCTTTTGGCCTGCTGTGTATTCTGGCCTTTTATGTGCCGGATTTCGGCACCACCGGCAAACTGCTGTACGCCTTTGTCACCTATCTGTGTCTGTCGTTCCTCTACACCCTGGTGAATATTCCGTTCTGCGCCATGCTGCCGTTTTTAACCAGTGATTCCGCAGAACGCACCACGCTGTCGGCGGTGCGCATTTTGCTGGGCTCCCTTGGCGCCACCATCGTCGCCGTGGCTACGCTGCCGCTGGTCGGCATGCTAGGCAAAGGCAACCAGCAGCAGGGATTCCTCTATACCGCGGTGATTTTTGGCGTACTGGCGGCCTTTTTCCTGCTGGTGAGCTTTCGCAACGTCGAAGAAAAGATCACCCTTACCGGGGAGCGCATGACCCTGAAACGCGCCTGGATTAGTCTGCGCGCCAATCGTCCGTGGTGGGTCTTCGCCAGCAATATCTTTCTGATGTGGGGTGCCTTTTTCTTTCAGACCGGGGCCCTGGTGTACTTCTTCCATTATTACGTCGGGAATACCGAGCTGACGGCGGTTATCGCCGGGATCTCCACCTTCGTTCCCCTGCTCGGCACCCTCACCGTCCCGCTGCTGGCCCGACGCATGAAAAAACGTCATGTCTATCTGGTGGCCAGCGCGGTCAATTTGCTCGGGATGGGGATTATGATGGTGTCTGGCGCCCACGTTCTGGGACTGATCGTCGGGGCCGTGATCCTCTCCCTCGGCGCCGGCCAACGCACGGCTATCTATTTCTCGATGCAGGCCGACCCGGTGGATTACGGCGTGTGGAAAACCGGGATTAATACCGCAGGGATCCTGACCTCGATAAACGGTTTTCTCGGCAAGGTGGCGATGGCTGGTGCCGGGGCTATCACCGGCGTGCTGCTCTCCTCCAGCGGCTATATCGCCAACCACACGCAGAGCGACAGCGCCCTGTTGGCCATCAAGGCCTGCTATCTATACATTCCGGCGCTATTGATCCTCGCCTCGATGCTGTGGATGGGCCGCTTCTACCGCCTCGACGATCAGTATGAGCAGATTCGTGCCGACCTTGATGCCGGACGCGGCGCCTCGCCAGCCCCGGCCCCGACCGCCGGAGAATCCCCCGCCATGTAAGGCGCCCCCGCTGATTTAACCTCTGGATAAATTAAGGATTTTTATGCGTATCTCTGTGATTAGCGCAGCGGTTTGCTGCGCCCTTTTTCCGCTCATCAGCGTCAGCGCCGCCGGCTTGAGCGTGGAGCAACGGCTGGCGCAGCTGGAAGCGCGCCTCAATCTCGCTGAACAGCAGGCCAGCGAGGCCAGCCGCCGCGCGCAGCGGGCAGAACAGCAAACTGCCGCCGCCGAGCAGCGCGCCGCGGCGGCGGAGCAGCAGGTGCAGGCGCTCAGCCAGCAGACCACGGCTCGCGAACAAAAACAGCAGGCCACTAATCAGCAACTGAGCGAGCAGCTGGCGAAGCGCGCCCCGGACGATGGGTTTACCTTTAACGCCTACGCCCGTTCCGGGATGTTAGTCAACAGCCATGGCAAAGGCGCCCGCGGCGGGCCAGGCGTCTCCCCGGCCAGTTCGCTCAACGGCGATGCCCATGTCGGTCGTCTCGGTAACGAAAAAG
NZ_CP061961.1_gap71	3037092	3040169	3077	TCTTCCGGGTCTCGCGTGAGATCAAACTGCGCCTCATACCCCTGGCTGAGATAGAGCTTTACCGCCTCCGGCTGACGGAAACCGGTGGTCAGGTAGATATGGCTGTACCCGGCCAGCACCGCCCGTCGTTCCAGCTCCTGGACCACCTTCGCCGCCAGCCCCTGCTGGCGCAGACGGCGGTGCGTCCAGATACGCTTGATCTCCGCGGTGTGGCGATCCTTCGGCTTATACGCGCCGGTGGCGATAATTTCGCCCTCACGCTCAAGGACAATAAACAGCCCCTGCGGCGGCACATACCACTCACTTAACTCCACTTCCGCATCGCGGGAAAAATAGTCGCCGTAGCGGGCGGCATATTCGGCAAACAGCCCGCTAATAATCGGCTGCAGCTCCGGAGCCTCCGGAGAAATATCGCGGAATGCTTCGCTCATCGCGCCTCCTGTCAGTCGCCCAGTCCGGGCGGATTGATTTCCGATTGCGGAATGCTTTCCACCCCTTCGCCCCAGCGGTTAAGCACTTTGGCGTAGTCCCCGCTGGCGATAGCCCCGTTCAGCGCCGCCTGGACGGCATTCACCAGCCCGCTGTCTTTTTTCAGCGTTACCGCGATGTGCGCCGCTTTTGGCCAGCCGCCATCGACGCTGCCCACCAGTTTGGTTTTGCCGGTCAGCGCCGCCTTCCACGCGCCAATCACGTTGGGGCCGAAGAAGGCGTCGGCTCGTCCGGTCTGCAGGGCCAGCGTCTGGGCGGCATCATCCTTGGTGTAGACCGGGATAAACGGCTTCAGCCCCTTCTTGACGTTCTCCGCGTTCCACGCCAGCAGGATCGCCTCCTGGTTGGTGCCGGAGCCGACAATAATCTTTAGCCCGGCGATATCTTCCGCTTTGTCAATCTTGCTCAGCGGGCTGGTGCTTTTGACGTAGAAGCCCAGCGAGTCTTTGCGGTAGGTGGCGAAATCGAACTTCTCTTTCCGCTCTTTGGTGACGGTAATATTGCTGATCGCGGCATCATATTTGCCGGAGGTGACCCCCAGCGGCCAGTCTTCCCATGAAGTGGGAACCACGTTTACTTCCAGCCCGAGGCTCTCCGCCACCAGCCGAGCGATATCCGCCTCGCTGCCGAGCAGGGTTTTGTTGTCATCGGCAAAGACCGTCAGCGGCGGAGAGTTCAGGGCCGCCACCGCGACGGTGAATTTCCCCGGCACCGCCAGATGCAGATCTTGCGGCAACAGGGCAATGGCCTGCGGATTTTTCGCTGTGTGAATCGGCGTTTTGTTGGCCTCCAGGCTCACTCCGGTGCCATTGATCTTGACGTCCTGACCCCACGATGAGGCGCTAAATGCCAACGCGACGGCCAGCAAGAGTGTTGTTTTCTGCATAGCGTGATTCTCTTTTATTATTTTTGGAATTGATTAGCGGGTAGCGCCAGACCCAGACTTTCCCGCAGGGTGGTGCCCGGATAGTCGCGACGGAACAGTCCGCGCGCCTGTAACAGCGGAACCACCTCATCCACAAAGCGCGGGAAGGTTTCCGGCGTGCCGCCCTGAATAATGAAGCCGTCCGCCGCGTGCTGCTCGAACCACAGTTGCAGGCCATCAGCGACATCGCTGGCGGTGCCGGTAAAGCGCGGACGCGGGCTGGCTGCCTCCAGAGCCACCTGGCGCAGGGTTAAGCCCCGCTCGCGGGCGTGACGTTTAATCTCGTCGGTGGTACTGCGGAAGCTGTTTTGTCCGAGGTCGCCAATATCCGGGAACGGTTCATCAAGCGGGTACTGCGAAAAGTCATGGTGTTCGAAATAGCGCCCGAGATAATTCAGCGCATCTTCGATGGAGACCAACGCCGCGGTGGTCTGGTACTGCCGCTCCGCGTCCTCGGCGTCATCCCCGACGATGACGCTGACGCCCTGGAAAATATGCAGTTGGTCCGGACTGCGCTGATATGCGGCGAGTTGGCTTTTGACATCCCGATAAAATGCCTGCGCCTCGGCCAGCGAGTCCTGATGAGTAAAAATGGCATCGGCGTGGCGCGCGGCTAATTTTTTGCCGTCATCCGACGCGCCGGCCTGGAAAATAATCGGTCGGCCCTGCGGCGTGCGGGCAATATTCAGCGGCCCGGCAACTTTAAAGAAATCGCCGTGGTGGTCGAGCGTATGCAGTTTATTTTTATCAAAGAACTGGCCAGTCTCCTTATTGCGCACAAAGGCGTCTTCTTCCCATGAATCCCATAAGCCTTTCACCACCTGCAGATATTCATCGGCAATGCGATAGCGCAGCGCATGATCCGGATGTTGGGCCCGGGAGAAGTTTTTCGCCGACCCTTCCAGCGGGGAAGTGACCACGTTCCACCCCGCCCGTCCCTGGCTTAAATGGTCAAGGCTGGCGAACTGGCGGGCGGTAGTAAACGGCTCGCTGTACGAAGTCGATAAGGTCCCCACCAGCCCCAGTCGCCGGGTGATCGCGGCCAGCGCGGAAAGTACCGTTAAGGGTTCGAAGCGATTTAAAAAATGGGGAATCGATTTTTCGTTAATATATAAACCGTCGGCGACAAAAATAAAATCCAGCTTCCCCGCTTCTGCTTTTAGCGCCGTCTGGGTGACGAAATCAAAATTAATACTGGCGTCCGCCTGGGCCGCCGGATGACGCCAGGCGGACATATTTCCCGATGCGCCATGCAATATGGTTCCCAGACGCAATTGTCGATTTTCAGACATAGCTACCCCTTCCCCTGTCATTCGTTAAATGTGTTGTAACGCTTCTTCCGCGAGACGGGCGAAATAGTGCGCCGCGGGCGCAATCAGCCGTTCATCCGGATTAAATGCCGGATGGTGCAAACCATATTCGCTGGCGCTGCCGATGCTGACGAACGCCCCGGGAATATGCTGAAGATAGACCGCAAAATCTTCGCCGCCGAGATGCAGATCGGCATGGTGGGTGCGGTACCCGGCCCGGGCTGCCACCTCGCTGGCGAAGTCGGCCCAGCGGGCGTCGTTGACCAGCGCCGTCGGGCCGGCGTACCAGAAGACGTCAATCTGCGCGCCAAAGGCGCTGGCGAAACCGGCGGCAATCTCGCTGACCCGGGCCT
NZ_CP061961.1_gap72	3042286	3044708	2422	CCGCCCGCCATACCGCCTGGCGCAGCGTGCGCCAGAAACCATAATCTACCCAGATCACCAAATCCACCGCACGCCATTTAACGCTGCGGCTGCGATTGTAATTGCCATCCAGCACCCAGCCCGGCGTGGCCGTCGCGGCGGCAATGGCGGCGAAAAATGCCTCATCCGGCGCGCCCTGCCAGTTCGGCCGCCAGTACAAGCGATCGAGCTCGATCCAGGGTAATTCCAGCCTGTGCGCCAGGCGCCGGGCCAAAGTGGATTTGCCTGAGCCGCTGGTGCCGACCACGTTGATATTCATCTCTGTTTCTCCCCGGTTACCAGACTCTGCCTGGCGATACTCTTGGATCATCTTTCGGGCTGCCGTCCCCCCGGTCATGCCGCGCCAGCGAATGTCGGTTCACCTGGCGCTGGCGTTTTTTGGGCCTATTACAATACCTGCCCTGCACAGAGGAATAAATCATCCGCCATAACCATTCTGCTCCACTGCGTCCGGCCATCAGGCTGGCACAATCCTCAGGCCGGGCATACACTCTGCGTACCTGTGAGCAGTATTCATCAATCCGGAAAGATTATGCTAAAAGAGAACGTAAACGATCTGCTCTCCTTTATGGTGGTGGCGCGTGAACGCAGCTTTACCCGCGCGGCGGCCCAGCTTGGCGTGTCGCAGTCGGCGCTCAGCCATGCCATGCGCCATCTCGAAACGCGGCTCGATGTCCGGCTGTTGACCCGCACCACCCGCAGCGTGGTGCCGACCGAAGCGGGCGAGCGACTGATTCAGCGCCTCGGTCCGCATCTGGAAGAGATCGAGCAGGCCCTGGCTGCATTGCGAGACACCCGAGAACGCCCGGCGGGCAACCTGCGCATTACCGCCGGAGAGCATGCCGCCAGCGCGGTACTCTGGCCGGCGCTAAAGCCATTTATGCTGCAATATCCTGATATTAACATCGAAATCACTGTTGATAATGGGCTCACGGATATCGTGGGTGACCGCTTCGACGCCGGGGTGCGTCTCGGCGAACAGGTGGCAAAAGACATGATTGCCGTGCGCATCGCCCCGGATATGCGGATGGCGGTGGTGGGTTCGCCGGCCTATCTGCAGCGGGCCGGTACGCCGCAAACGCCCTAGGATCTTGCCCAACATCGCTGCATCAATCTGCGCCTGCCGACACGAGGGGGACTTTACGCCTGGGAATTTGCCCGCGATGACCGGGAGATTCAGGTGCGGGTGGAGGGACAGCTGATCCTCAACAGCCTGCCGCAGCGCATCGACGCGGCGGAGGCGGGCCTTGGGCTGGCCTACGTTCCGGATGACTGCGTGGCGGAGGCCTTAGCCAGCGGCCGGCTGGTGCGGGTGCTGGCGGAGTGGACCCCCGCCTTCCCCGGCTACCATCTCTATTACCCCAGCCGGCGCCAGCATACCAGCGCTTTCACGCTGTTACTGGAAACTCTGCGACGCTGATCTCATTGATAAATCTGTCAAATGCTCTCGGTAAATGTTTTAGGTGCGTAACTATTAGGTTACGTGTAGGATTCAGCGCCATGTCTGAGCTTATCTCCTACGTCAGAATGATGAGAAAGCCAGCATAATGTGCCAGCCGTCCTCCATTCCGGCTGCAAACATGGGCATTGACAGGAAACTGATACATCAATGAATACGAAACACGAAAATGCAGCGGAGCATCATGCTGCAAAACGCCACTGGCTTAACTCACATGAAGCGGGTTATCACAAAGCGATGGGCAACCGTCAGGTACAGATGATCGCCATCGGCGGCGCCATCGGTACCGGTTTGTTCCTCGGTGCCGGGGCACGTTTACAAATGGCAGGGCCAGCGCTCGCCCTGGTCTATCTGGTCTGCGGCATCTTCTCCTTCTTTATTCTTCGCGCCCTCGGCGAACTGGTCCTCCACCGCCCCTCGAGCGGCAGCTTCGTCTCTTATGCAAGGGAGTTCCTCGGTGAAAAAGCCGCTTACGTGGCCGGCTGGATGTACTTCGTTAACTGGGCGATGACCGGGATTGTCGATATCACCGCCGTGGCGCTGTATATGCACTACTGGGGCGCGTTTGGCGATGTGCCGCAGTGGGTCTTCGCCCTCGGCGCGCTGGCTATCGTCGGCACCATGAATATGATCGGCGTGAAGTGGTTCGCCGAAATGGAGTTCTGGTTCGCGCTGGTTAAGGTGCTGGCGATCGTCGCCTTTCTCGTGGTCGGCACCATTTTCCTCGGCTCCGGTAAGCCGCTGGACGGCAATGCCACCGGCTTCCATCTGATCACCGATAACGGCGGCTTCTTCCCGCACGGCCTCCTGCCGGCGCTGGTGCTGGTGCAGGGGGTGGTCTTCGCCTTCGCCTCCATCGAGCTGGTGGGGACCGCGGCCGGAGAGTGTAAGGATCCGGAGACAATGGTGCCGAAGGCCATCAAC
NZ_CP061961.1_gap73	3049935	3050618	683	GCGCTGGCCCTCTCCGGTCTTGACGCCAGCCCCCCTGATCCCCTCGGCGGACATCTGGGGCGAACGGCCAGTGGCGAACTGGACGGCAATTTCATCGACCTGCCCGCCCTGCATCTCGCATCCGGCACGATGCCCCGTCTGACCGTAGCGGCCCTCAAAGAGAACCTTCTGGCAGCCCAGCGCCTGATGAACAGCGAAGGGTATGCCAGCTACACGGAAGGCGCCATGGGTCCGGGGGAAAACACGCGCGAGGTGGGCGCTGCGGGGGATCGCGCCATCGCCGCCTACCGTGAACTGCAGGATGAAGGAAAACTCACCGCCCGGGTATCCATCGCCTTTTACTCCGCCGAGCGGGGCGTTCAGTCCTGCGCCACCCTGAAGCGCGATCTGGATAGCTTTGATTTCTCCCAGTTCACCGACCGGGACTGGCTGGACTGTCGGACCATAAAACTGTTCTGCGATGGCGTTCCCACATCGCACACAGCGTGGATGAATCAGGATTACGCCGACCGGCCGGGATATCGCGGACGCTCGGTGTTTGGTGGCCCCGAGGCGACCGAGGAAGCACAAGTTGAGGCGCTACAGCAGATGATTCTGCTGGCTCACCAGCGCGGTTTTCAGGTGGCAGTCCATGCGGTCGGCGATAAGGCGGTAAAAGTCACGATTAACAGCTTCGTGCAGGC
NZ_CP061961.1_gap74	3067145	3069966	2821	TTAGCGGCAGCCGTGCCGTAAAAATATCTCCTGAAATAAGGGTAGTCAGCGGATTAACGCCCCCAGGGGAATTTATTCAGGTTGTGACCCGGGACGCATTACGTAAAAATCGCCAACACAAGCAGGACTTTATGGATTATAGACAACGAGTTAGGGAATGAGGAGGGGTATGCATATTTCCTATGGTGAGCGCCGGTAAAATAATGACCGGCCTCGATAAAAATCCTCTTTCGCTTATTTTCGCAGAATGTTTATCATGAGAAAAATAAACGACAGGGTCAGGCAAGCTGTTCGCGAATAAGTTCCCCCAGGCGCTTCACCCCCTGCTCTTCGCGTTCCCCCCAGCCCCAGGCGGTATTAAAACGGAAAAACGAGGTCCAGCTGTCGGAGGTGGAGAACATTTTCCCTGGGGCAATACTGATGTGCGACGCCAGCGCCCGGGCGCTAAGTGCGCTAGCGTCGGCCCCTTCCGGTAGTTCGATCCACAGAAAGTAGCCGCTGTCGCTGTGGTGGACGATGACCTCCGGCGGCAGATGGCGCAGCAGCGCCTGCCAGGCCTGCTGTTTACGCTCCGCCAGCTGACGACGTAGACGGCGCAGGTGGGCGTCATAGCGCTTGGTGGACAGGTAATCCACCAGGGCTAACTGCATCGGCGAACTGGTGGAAAGCGTACTCATCAGCTGAAGCTGCTGGATCCGCCGCGCCTGTTTGCCGGCCGCCACCCAGCCGATACGAAAGCCGGGTACCAGACATTTTGAGAACGAGCTGCAGTGCAGCGTCATCTCCTGGCGATCCCAGAACTTCGCCGGTAACGGCTTTTCGCGGCCAAAATAGAGCTCGCTGTAGACATCATCTTCGATCAACATCACGTTATAGCGCGCCAGCAGCGCCACCAGCGCCGCTTTTTTTTCAGCGCTGAGGGTGAAGCCGAGCGGATTCTGGCCGTTGGTCATCAGCCAGCAGGCCTTCACCGGATAGTTTTGCAGGGCCGCCTCCAGCGCCGTCAGATCAATGCCTTCCCTGACGTCAGTGGCCACCGACAATGCTTTCAAACGCAGCCTCTCCAGCGCCTGCAGGGCGCCGTAGAAGCAGGGGTTTTCCACCACCACCCAGTCTCCCGGCTCGGTCACCGCCTGCAGGCTGAGGTTAAGCGCCTCCAGCGCCCCGGCGGTGATGACGATCTCGTCCTGCGAGACGTTCATCCCCTGCAGGGCATAGCGACGGGCAATGGCATGCCGAAGTTCTGCATTGCCCGGCGGCAGATTCTCAATGACGCTCATGGCGGTGGCGGTTTTACTCACCTGCGCCAGCGAGCGGTTGAGCTGCTGCAGCGGGAAGAGACGCGGGTCCGGAAAGGCCGAGGCAAAGGGCAGCATCGACGCCTGGCGGCTGGCCTGGAGCACCTCAAAGATATAGGTATTGATATCGACGGCTTCATCGCGAGTGACCTGGGCAGGCGGCGCCGGCTGGCGGAGCTTCACCGGCTGGGGGGCAACATAATAACCCGACTGCGGACGGGCGACGATGCGCCCCTGGCTTTCCAGCAGCTGATAGGCATGGCTGACGGTCATAAAGCTCATGCCGCTGCTGATCACCTGCTCGCGCAGCGACGGCAGCCGATCGCCAGGCAACCAGACGCCAAGGGCGATCTGCTCGGTCAGTTGCTGCGCCAACTGTTGATACTTTTTCATTGCGGCCGTCCCCGTACGATAACGTCCCATTATCATATATCAGTTATAAAAAAATCATAGTTTCCTGTAACTGTTATATCTGCAGCGGCGGCCGCGTCGCCGTGATAGCACGGGATGGGTTTAAAATATCACCACCCAGAATAGCGAGATTAAAACAAACCAGAAGATAATCATTACGCCAAGCGTAATGCACAGACTCTGTAATCCTTTTTCAGACATTGGCATTCCCTTTTATTTATTCCCGAGCTCATACAGTACAAATTAGCCGCGGAGCCGACAATTTATTATTATTTAATTTACGATTAACCGGCTCAGCGTTTTTACTTATTCTCATACTAATGAGTGATAATAAATCAGAGTAAAAATCCGTGGCGGATTTCGTAAGCCAAAATATGAGCTACGGCGGGTGGTAAGGATATATTATGCCGACCAGGTGACTACGCCATACCGGCGGCAGGGCCGCGTAGCCAGCCGTTAGCAATAATATGACAGACAGCGGAATAGCGCCTAATCACCTTCCGCAGGGATTAATCAAGGTTGCGCAAGGATATTTTCTCGCCCTGGCAACAGCTGAAAAATCATAACAGCGGCCAACTGTTATGATAAAAAATGGCGTGACTGCCTCTGCCCCTCAGTCGTCACCCCACCTAAAATTGCGCTGAATCAATTTTGTTGTGGAGTCCTGCATGTTCGGTCTTGATGCATTCCATCTGGCGCGAGTTCAATTCGCTTTTACGGTCTCATTTCATATTATCTTCCCCGCCATTACTATTGGGCTGGCCAGCTATCTGGCGGTGCTCGAAGGCTTATGGCTAAAAACAAAAAATCCCGTCTGGCGCTCGCTGTACCATTTCTGGTCGAAGATTTTCGCCGTCAACTTCGGTATGGGGGTCGTTTCCGGGCTGGTGATGGCCTACCAGTTCGGCACCAACTGGAGCGGTTTCTCACAGTTTGCAGGCAGCATAACCGGCCCTCTGCTGACCTATGAAGTCCTGACGGCATTTTTTCTGGAAGCGGGCTTCCTCGGGGTGATGCTTTTCGGCTGGAACCGCGTGGGGCCGGGGCTGCACTTTTTCGCCACCTGCATGGTGGCGCTGGGTACTATCATCTCCACCTTCTGGATCCTCGCC
NZ_CP061961.1_gap75	3071807	3073688	1881	CCGCAAAGCCAGGGCTTTATGCTGGTGGGCGCCCTGCTGATTATTCCGGTCATTCTTGGCTACACCTGCTGGAGCTATTACGTGTTCCGCGGCAAAGTTCAGCCTGGGGAGGGATATCACTGATGCGTACTGCCTGGCCTAAACGTCTGCTGTGGCTGATCGCGCTCTGGGGAGGCAGCGTACTGACGCTGGCCGCCATAAGCCTGCTGTTTCGCCTGCTGATGACCGCCGCAGGGCTAAAAGTCTGAGTGGGATGCAGAGAAGTCCGAAAAGGGACTTCTCCATCTTATCTTCACTTTTGCCTGCTGAAATACGGTGATACATCTGAAGAAAGGATATTGCTATGAAGAAGTTAGCTTTACTCTCCGCCATAATGACGCTGGGAATGTCGTCATGGGCTTTTGCTGCCGACAACCCGCCGCCGCCGGAAAAAGGCGCGCAGCATCAGGGTAAACCGCCGGTGAAAAACGGCCAACACGATGGTAAGCAAGCGCAATACAACAGCAAAAAGCCACAACGAGACGGCAAACAGACGCAGCATGATGGCAAGCAGCCGCAGCACGATGGCAAGCAGCCGCAGCACGATGGCAAACAACCGCAGCACAACGGCAAGCAGCCGCCAAAAGGGAGCGAGCACAGCGGGAAACCGCTGCCGCCGAAAGCGTAACACTCTGGCCTGGCTTCCGCGTCAGGCCTTTTTTCATCCTTCGTCAGCCATCGTTGACAAACTCTTGCCGTTCTTTGAGATGCCCGAAAAAAAGCCTGCATTGCGCCTGACATAGTATGTCCACGCCATTGTTCCGTCGAGAAAAGGTATGTTAAAGAGAAGCATAAGCGCCCTGCTGTTGCTGTGCGCATTATTTTCCGGGCATCTGTTGGCCCATCGTCAGGGACACGAGTACTTTCCGGTGCAAAGTCTCGAACAGCAGCTGCTGCACGAAGCGGATAGCGATGAGCTTCGCAGCCAGCACGAGGAGGCCGCCGCAGACCTGCGCGAACATCACCGCTGGCAGGACGACCGTAAACCGCGGGCATCCTGCCAATAGCATCGACTCGAATCAGGCCCCTTTGCGCTTCGGCAGCGTCTTCATCAGATCGTCCGGGCTGACGGAGGCCACAATGCTGCCCGGGTGCGGCATTTTGAGGATATGGTTTTTGATCTTGCCGACCACGTGCATTTCGCACGGACGGCAGTCAAACTTCAGGGTCAGGACCTCATCGCCATGGATCAGCTGCATCGGCGTGGCTTTCCAGCTCTTGATGGAGCCTTTCGCCTGCTTCGGGCAGAGGTTGAAGGCGAACCGCAAACAATGCTTAGTGATCATCACCGGCACATCGCCCTTCTCTTCGTGCGCTTCATAGGCGGCGTCGATCAGCTGTACGCCATAGCGCTGGTAGAACGCCCGCGCCTTGTGGTTATAGACGTTGGCGAGGAAGGAGAGATGGGTCTCCGGGTAGACCGGCGGCGGTACGGAGACCGGCTTGCGGGTGCCGCGCTGCCAGGCGTTGAGGCGCGCTTCATCCAGCATCTCCGCAGTTTCCCGACGCAGCTGGTTGAGCAGGCTGTTGGGCACAAACAGCGGCGGCAGATTAACCTGCACCTCGCGCGCATAGTAGATGGTTTGCCCCAGTTTTGTGACACCGTCACGCAGGTTGGCCAGCGCTTTCTCCGCCTGGTTAGCTTCGGCGAACTCCCCGTCAAGGGTGTGGGTCACGCTGACGCCATCTTCACAGGTCATGGTGAGAACCAGCTGCTCCTGCCAGCCGCTCAACGTCACATCTACCGCGATGCGGCGTTCGCTGGAGGTCTTTAGCAGCGCCTGTTGCCAGTTATGATCGAGGTTGCGGTTGAGCGGCTGATGGGGGCGCACTTTATGCAGA
NZ_CP061961.1_gap76	3082673	3084854	2181	CGGGTGTTCGCCACCCGGCATTTGATCACAAACCGGCGCACCAGCCCGCTGGCGGCATAATGGCGGATAAAGGCCTGTAATGAACGGGAAAGCAGCCCTTGCCCCTGGTGCTCTTCATCGATCCAGTAGCCAATATAGGCCGTTTTATTCTGCGGCTCGATCTGATTGAACGACAGGACCCCGACTAGCTGCTTATCGAGAAACAGCAAAAACATTTTGGCGTAATCCCGCTGATGCAGCATCACGTTGCCCTGCACATGGCGGCGGGTCTCGTCTTCGCTGCGCACCTCGGCGGGCCAACTGAGCGACTGCTGTAGCCAGCGCTGGTTTTTGACCACCAGCTGGTGCAGGTCGCTAACGTAGCGCTCATCAATGGCGATTAGCGTCAGCGCGTCGGTTACCGGGATCGACTCAGGTACTGCTAGGATATCTGCGGTCATAGCGCTCTCTTCTGGCCCGCAGGGACTGCCTGCGGGCGTCGGGTGACTCAGGGTTATTTCATGATCCGATCGTCAACGTAGTTTCGTTTATCTGCTGCCGGCGGGAAATACTGATAGAGCCAGGTTTCGCTGATGGCTTCTCCCTGACAGCGCAGGAACAGACGCATCTCCACCGGGTCGGTTGAGTCGGTGGTCGGATACCAGTCGAAAAGGATCCGGTAGCCATCGAACGGCTCGACGTAGAGGATCTCAATCTGCTTCGCTTCCCCGCTGGAGAGGGTGATCACCGGTTCAATACCGCGCGGCGCGGCCGCCTTCAAATCGCCGCCGACAAAGTCGATGGCAAAACGACGCGCCCACTTATCCGGGTAGTGTTCACCCGGCGCCCATCCTTCGGGGAAGCCCCCCATCCCGGTGCGGGTGGCCAGAACGCGCGCCAGCGGAGTGCTCACCGGCGGCTGCGCGCTCCAGTAAAGACGGTAGCGGAAGTCCAGTTCGTCGCCCGCCTTCACCGCCTTTTCCGGCTGCCAGAAGCAGACGATATTATCCAGCGTTTCGCCGGTAGTTGGGATCTCCATCAGGCTGACCGCCCCTTTGCCCCACTGGTTACGCGGCTCAACCCACAGGCTGGGACGCTTGTTATACCAGCCCATCACATCCTGGTAGTGGGAGAAATCACGGTCCAGCTGCAACAGACCAAAGCCGCGCGGGTTCTTGTCCTGGAAGGCATTGAACTGCAGCTTCTGCGGGTTATTCAGCGGCCGGCAGACCCATTCCCCGTTGCCCAACCACATTGACAGCCGATCGGAGTCGTGGATTTGCGGATGGATGGTGTCGCACATCCGCCGCTCATTATTGCCGCAGCTGAACATACTGGTCATCGGCGCGATACCCAGCTGTTTGATATCCTTGCGGGCGTACAGGTGGTTTTCCACGTCCATGATAACCTGGGTATCCTGGCAGTGGATGGTGAACTTGTAGGCGCCAGTGATGCTCGGGCTGTCCAGCAGCGCGTAAACGGTAAACACCGTGGCGTCCCCTTTGACCGTTTCGAACCAGAACGACGTAAAGTCGGGAAACTCTTCCGGGGTATCGGTAAAGGTATCCACCGCCAGACCGCGGGCCGACAGGCCATACTGATAGGTGCTGTCTACCGCGCGGAAGTAGCTGGCGCCGAGGAACGCCACGATATCGCGGCGCGCCAGCTCCGGCGCTTTAAACACCCGGAACCCGGCGAAGCCGAGGTCAGACTGTCCTTCCAGCTGACGGGTATCCACACCGGCGTCATTGTACTTAAACAGCTCCGGACGGAAGTGGATCTCGCGCGCCTGCTGGGTGCTGGCGTCTAAAGAGAACATCCGCACGCGGCGACGGAACCCCATCCCGACGTGGAAAAACTGGATGTCCAGCTTACGCTCTTCAATATTGTTCCACAGCGAGTGGTTGGCATCGTACTGGATGCTGTTATAGGCCTGCGGGGTGAGATTGGCGAGCGTCGGCGGCAGATCGCGCGGGGCGCCGCCCCACGGCTGGCGCGCCAGATCGTGAGCCATCGCCTGCAGAACAGCATAATCAAAACGACGCGTTTGCCCGTCGGCAATGCCCGCGTCTTCGGCAAAAGCGGCCTGACTGAATAAGGAAGCGACTCCTGACGTTCCGCATACGGCGGCAACAGCCATGGAAGATTTAAGAAAACGTCTGCGGTTCATGCCTGAGAAAGCGTCCTTCTGCACGGGTGAAT
NZ_CP061961.1_gap77	3203891	3204658	767	ATAAATCGTCCGAATTCCAAAATTAACCATGAATCTTCACGTTACCAACGGTGCGAGTGACAGGCTGCCAGATGAAATGATCAGTGAATACCGCGTCTTCAGCTGCAATCCCTTTGACCTACTTACCAGGCGCTTCGTACCACATCCATTCCCGGGGTCGTTTCGCTATCAGGACTAGTGGGAGCTGAGCGAGTATATCAACGATTCTTTTGCCAGCTGCCAGCAGCGCTATCCGGTTCGTCGGGGAACATGACCGAGCTAACACCCTCAAGTGATTAGCATTTATTCGCGTCCCGCGCTGAAGACGTTCAGCTAATCCTTTTTGACTTCTGTGTTCGGGATCTACCGCGGTTGCGACGTTAAGAGGGTGTTCTCCGCGGGCTTAGCGGCAGCTTGCTGCTGATGCTAAGGGGGAGATTCTTCAGTCATTTCTGCGACACCGGGGAACTTAACCCGGAAGCGGCTGAACATAGCGCCAGCAGGGAGGATCCCGGATAGCTGTGCGTGACGCCTTATCCCGGCTACGCTGTTGTGCCGCTCTTGTGGCGTATTTTTGCCGGGTGGCGGCTGCGCCTTACCCGGCCTACAAAAACTCGCTAGCTGACTGACTGGCTCGCGCCGCGTTGAGTGTTACATAGTGATGCCAGCTCTTCCTGCTCCTGGCATTGAGCGGACAAACCAGATGAGCCAAAGGTCCGCCATGAGCGAGGAGCGGAAATTTGCCACGCCCACAACTACGTTACTAACATTGAGGTGTCGTAATCAAC
NZ_CP061961.1_gap78	3240158	3240828	670	TAATCTGACCGCAAAGGCAGATTCGTTCACGAGAAACAGATAATGACTCAACCCCATGTCGCCTGCAGGACGTTGCCAGGGCGCGCGCTTTTTTCGCTTCTTTTTTTAGCCTCACCGGGATTAATGGCCGCCGACAATCGCGCGGCGAAAAGTACTAACGACGCGGAAGAGACTATCACCGTAGTGGCCGACGGCGCGCAGCAAAGCGCCACCAGCGGCTATCAGCCGCTCAGCTCCGCCACCGCGACGCTAACCTCGATGCCGCTGCTGGATATTCCCCAGGTGGTCAATACCGTGAGCGATCGGGTTCTCGAAGATCAGCACGCCACCTCACTCGATGAGGCGCTGTATAACGTCGCTAACGTGGTGCAGACCAACACCCTCGGCGGTACCCAGGACGCCTTTACCCGCCGCGGCTTCGGCGCCAACCGCGACGGCTCGATCATGACCAACGGCCTGCGCACCGTGCTGCCGCGCAGCTTTAACGCCGCCACCGAACGGGTGGAAGTCCTGAAGGGGCCCGCCTCGACGCTGTACGGTATCCTCGACCCCGGCGGGCTGATCAACGTCATCACTAAACGGCCGGAGCGGCAGTTCTCCGGTTCGGTTTCCGGGACCTCCACCAGCTTTGGCGGCGGCACCGGCAGCGTCGACATCACCGGCCCCATCG
NZ_CP061961.1_gap79	3264371	3265711	1340	TGGCGAATAAGCCACGCGCCGGCTATCTCTCCCGGCGGCACGCTCAGTGAGTCTCTGCCGCCGACCAGCTGCTGCGCCCGCCCGGCCATCGCGTTGCCCAACCCTGGATAGCGTGCCTCAATTCGGGCGAACAGCTGCCAGGTATAATCTCCCGACGGATCGCAGCCCGGCGTGGAGGTCGCCAACCGCAGGCGGGGCGTGCTGAGCAGCGCCAGCCAGTCCAGGCCATCGTTGTCCGGCGACCGCCGGGCGGTCAGCATCAGCTGGTTGCTGGCAAATCCCTGGCATTCCTGCGCCAGACCCGCCTGCAGCAGCGCCTGCGGGTGCGCCGCGTTGGCGGAAGCAAAAACCGCGCACGGCGACCCGGCTTCGATCCGCTCGCGCAGCAGGCCGGCAGGGCCAAACTGCGCATCGACCGCCAGGCCAGTGTGCTGCCGAAAGTGCGCCACCAGCGGCAGGAAGGCGCTTCTCAGGCTTCCCGCCGCCAGCAGCGTGAGAGTGGTATTTGCCATAGGATATCGCTATAAACCGGATAATATAGCGCTATATTACCCGGTTTGCCGTCGCGTCAGTAGCGAATTTCTGCCAGGGTCCGCAGCTGCTCGGGGGTGGCTACCGGTAGGTCAAAAAAGCGCAGATAGGCAGGGATCATTTCAAACAGCATGTCGGTCCCGCGCTGGATGTGGCACTGTCGTGCCTGAGCGGCCCTCAGCAGCGGGGTGTACTCCTGAGTCATGACGACTTCCCCCACCCAGGCGCCTGGCGCCAGACGGTCAACGTCCAGCGGCAGCGGATCGCTGGCCTTCATCCCCAGCGGGGTGGCATTGACCACCAGCTCGTGTCCGGCAGGATCGGGCTGCATCAGGGTGATATCGAGCTGCGGATAGTGCTGATGCAGCCGCCCGGCGAGGGCGTGCGCCACCCCGGGCCGGGTATCGTACAGGGTCAGGGCGCTGACCCCCGCCGCCGCGAGGGAGGCGGCGATAGCCGATCCCACCCCGCCGCTGCCAACCACCAGCGCCCGCGTCCCCTGCGGGTTAAACCCTTTACGACGCAGGCCCAGCACAAATCCCTCGCCATCGAACATGTCTCCGCTCAGGCTACCGTCAGCCTCGCGGCGGATGGCATTGCAGGCGCCAGCGATGGCCGCCGTCGGGCTCAGGCGCTGCACCAGATCGCAGGTGGCGATTTTATGCGGCATCGTCACCAGCGCGCCGATGATGTTGGTCATCGTAAACAGCGGCGGAATAAACGCGGCGTAGTCCTCCGGCCTGACCCCCATCGGCACCACCTTCACGTCCACCTGCTGGTCAACGAACCACGGGTTGTAGATCATCGGC
NZ_CP061961.1_gap80	3268276	3271854	3578	TGGCCGTCGCACCGTTCGGCGAGGCGCGAAAACCGTCATTGAAGATCTCCAGCGACCAGGGGCCGCGGTAGCCACAGCGGGTGATCTGCTCGGCAAACGCCTCCAGCGGCAGCTCCCCCTGTCCGGGAAAGCAGCGGAAGTGGCGGCTCCACTCCAGCAAATCCATTTTCATATACGGCGCATCGGCGAGCTGTACAAAGGTGATTTTCTCCACCGGCACCGACGGTAGCGCGTCCAGCGTGTCGCCGCGGGCCAGAATATGGAAGCTGTCGAGCACCAGGCCCAACGCCGGGCTGTCCACCCGCCGCACCCGCTCCCAGGCCTGCTGCCAGCGGTTCACATGGGTTCCCCAGGCCAGGGCCTCATAGCCGATAGCGATCCCCTCCTCTTCCGCCAGCGTGGCCAGCGCCCGCAGGTCCGCGACCTGCAATTCGCTATCCGCCGAGCAGTCCGGCTGCACATTGCTGCACAGCAGCAGCGTCTCGCAGCCCAGCTCGCGCATCAGAGCAAACTTGCGCCGAGCGCGGGCCATATTCGCCGCAAACTGCGCCCGACTGGCGCCTTCAAAATCGCGAAAGGGTTGAAAAAGCGTGATTTTTAACCCTAAATCGGCGGCAAGCTGGCGGATTTCCGCCGGCGTCCCCGTATAATAGAGCAGATCGTTCTCGAAAATTTCCACCCCCTGATACCCCGCCGCCGCAATAGCGTGCAGCTTCTCAGGCAGGGTGCCGGAAATCGAAACGGTGGCGATAGAGCGCAGCATAAGGTCCTCGGGTCAACAGCTGACGTAAGCCTTGAATATGTATCATTTGGTTCATTTGCGCCATACTAGGTTGCTAAATTGTGATCATTATGTGTATTTTTTGTCACCCAAGAAAAAGGAGTTGCCATGACCGTCGTTGCCCATGATGAAGCACAATCCCTGAAGGCGCGGATCTTCAGCGCCGCTATCGCTGTCTTTGCTGAACACGGGCTGTCAGGCGCCCGCATGGAGCAGATCGCCACCGAGGCGCAGACCACCAAACGCATGGTGGTTTACTACTTCAAAAGCAAAGAACAGCTCTATCAGGAGGTGCTGCAGCATGTGTATGCGCGGATCCGCGAAACCGAGCAGCAGCTGGGGCTGGAGAATGTGCCGCCGGTGGAGGCGCTGGTGCGGCTGGTGCGCTGGAGCGTGCGCTATCACGCCACCCATGCGGACTATATGCGCGTCATTTGCATGGAGAATATGCAGCGCGGCAAGTGGTTAAAAAGCTCGGGTGAACTGAAGCCGCTGAATCGTACCGCCCTGTCGATTCTGGAAGACATTTTACTGCGCGGCCAGCAGCAGGGCGTCTTTCAGGCGGGGCTCGACGCGCGCGATGTCCACCGGTTAATCAGCAGCTTCAGCTTTTATCAGGTGTCGAACTTCTACACCTTCAGCAGCCTGTATCTTGACGATCCGCTACCCGCCATCGACGATGAAGCGATGGTGGCTCACCATTGTGACATTGCCGTCAGGGCGGTGATCCGCTTCGTGATTTCCTGACCCGCCGGCGTAAGGGATCAGTGCCCGGAAAGCGCATGAATGACTTTCTCCATAGCCTCCACGGTGAGCGGCGAACGCTGGATTTTGCGGTTCGCCAGCGAGGTGCGCAGCACACCGGCAATGACAATGTGTTTCGGCTCCTGACCCAGGTCACGCATTTCCAGCACGACTTTACCCACCACGCGGCACATTTCCTGGTACAGGTCGTCGTCTTTCGCTTTATTTCCCATAGAATTTGGCTCGTATTTTATCATTATCAATCAAATCATTATTGATAGATTTCCCGCACAACGCAAACCATCGCCACTTTAAAGGTTCAATGACGCATTTTACCGGCTCATGATGGCGAAATAATCCATTTCTTTTACTCTTTTTCATAGCCGGTGACGAAAAAGTGTGTTGCGTAGATTTTTGCATAACGTGCCGGTTTTGTTACGCGTTTTGTCCATAATTTGAAACGAGGTTTTTATTTTCCTTTTTGATTTCGGCAGCGTATAATGCGCTTCGATTCTTTCTTGAATGGTTTCAGCGCATTGGACTGCATGATAAAACGCATAACACCTTGCCACATTTCATGGGCTGAACCGCCAGCACACATTCTTCTGCACGCTTCAGGGTTGTCACCTATCCTTAGGGCGTGGCTTAGCAACTTTCGTAATACAGGTTTGGCTCCCCGGCAGTGCGCCCGCGGAGCGAGAATTCCATATCCTTCACAACTTAAAGACTAAAACTGTCATGAAAAAGACCAAAATTGTTTGCACCATCGGTCCGAAAACCGAATCTGAAGAGATGCTGACCAAAATGTTGGAAGCCGGCATGAATGTGATGCGTCTGAACTTCTCCCACGGTGACTATGCGGAACACGGTCAGCGCATCCAGAACCTGCGCAATGTGATGAGCAAAACCGGTAAGAAAGCCGCTATTCTGCTGGACACCAAAGGGCCGGAAATTCGTACCATCAAGCTGGAAGGCGGCAACGACGTCTCCCTGAAAGCAGGCCAGACCTTCACCTTCACTACCGATAAATCCGTCATCGGCAACAACGAAATCGTTGCGGTAACCTATGAAGGCTTCACCTCCGACCTCGCCGTCGGCAACACCGTCCTGGTGGACGATGGCCTGATCGGTATGGAAGTCACGGCTATCGAAGGCAACAAAGTTATCTGTAAAGTGCTGAACAATGGCGACCTCGGCGAGAACAAAGGCGTTAACCTGCCGGGCGTCTCCATCGCCCTGCCGGCGCTGGCTGAGAAAGACAAACAGGATCTGATCTTCGGTTGCGAACAGGGCGTGGACTTCGTCGCGGCCTCCTTCATCCGTAAACGTTCCGACGTCGTCGAGATCCGTGAGCACCTGAAAGCCCACGGCGGCGAAAACATCCAGATCATCTCCAAAATCGAAAACCAGGAAGGCCTGAACAACTTCGACGAAATCCTCGAAGCGTCTGACGGCATCATGGTTGCGCGTGGCGACATGGGCGTGGAGATCCCGGTTGAAGAAGTTATCTTCGCCCAGAAAATGATCATCGAAAAATGTATCCGCGCGCGTAAAGTGGTTATCACCGCCACCCAGATGCTGGACTCCATGATCAAGAATCCGCGTCCGACCCGCGCTGAAGCCGGCGACGTGGCTAACGCCATCCTCGACGGCACCGATGCGGTGATGCTGTCCGGCGAATCCGCGAAAGGTAAATACCCGCTGGAAGCGGTCACCATCATGGCGACCATTTGCGAACGTACCGACCGCGTGATGACCAGCCGTCTGGACTTCAACAACGACAACCGTAAACTGCGCATCACCGAAGCGGTGTGCCGCGGCGCGGTAGAAACCGCTGAGAAACTGGAAGCGCCGCTGATCGTGGTCGCCACCCAGGGCGGTAAATCCGCACGCGCTGTGCGCAAATACTTCCCGGATGCCACCATCCTGGCGCTGACCACCAACGAAACCACCGCTCGTCAGCTGGTGCTGAGCAAAGGCGTGGTACCGCAGCTGGTGGAAGAGATTGCCTCTACCGATGATTTCTATCATCTGGGCAAAGACCTGGCGCTGA
NZ_CP061961.1_gap81	3442539	3446050	3511	TAAAAATAATTGATGGCGATAACATCGACGGCGAAATGGCGATAAAAAATACGCCTTTTGTACGTTATTCGACCCGCGCTATCAGGGTGAGAAGAAAGCCGAAAATTAAATTAATGCTGTAAAGAATAAAAAGCAGACGTAATAAACGCCATTATTTAACGACAAGCCGGTCGGGCATCACATTTTATCCCCGGCGGTTGGGGAAAATGCACGGTCATTATTTACACCAAAGAAACATTAAATTCACAATTTTTCTTTTGGGTCGCGATAGGCAGCGATCTTTTTTCCGCCATAGCGCAGTTGGTCATACTTTGATTAAAATCAACCCTGGTAATTTATCTTTTACGACGGCCATTGGAGAGTCATTTGTGTTGCCGATCACAAATCCATAAAACAACGACCCGGCCTATCGTGAAGAGATGATCCCGCGGCTGCGCCAGCAGCTTAACGAGCAGCTGATGAGCGACCAGCTGGCTGTCGACCTGCTCTCTTCCTATCTGCAAATGGATCTCAGCGCCCAGCCGTGGGACCAGCCGCTATAGCCCGCCCCGGCGCAGATCGCTGGCCCAGGCATTTCGCCTATAGCTGGCTGACCCCCAGCGCCGCGGCCTCATCCCGCCACGCCAGCAGCGGCGCATAGGCCTCCCGCGACATATCGCTATAGCCGCAGATCAGCAAGGCGTCGCACAGGGAACGATAGCGATCATCGCTTACCAGCTGCTGGAGCGCCTCGCGCAGGCTATTCAGCGTTGCCGCCGGGGTGGCGCCGGCGGTGATCAGCGGCAGCCCTGGCGCGGCCGGGCTCCAGCCGATCGCCACCAGGCCAGCCAGAGCCTGCGGCTGATGGCGCTGCAGCAGAGCGTAGGTCACGCAGTCGATGGCGGCGATATCGGCGTTTTCCTGCTGCAGTTCGCGCAGCGATTGCCGATGGCTGCCGCTGAACATCACCGCTGAAAAAAAACGCCCCTCCCGGGAGAGCGGCGCGACCATTTTACGCAGTACGTTGTAGCCGGACTGCGAGTGCTCGGCATTGCACACCGCCCGACGGCCAAAAAAGTCCCCCAGCATCCGGTGACTATCCGCTTCGCGGACCACCAGCAGGCTGCGATAGCGGCGCCCTTCGCAACCGGGCGCAGCGTAGTGGAAGCAGCCCACCGTCTGCACCTCCGGCAATTGGGTCACCAGCGGGTAGCCACAGGTCTGGCTCAGCAACAGCGTCGGCTGGCGCCAGTGAGCCAGCAGATCCCCGGGGTCAGCCGCCGGAGGGTCCCCCGCCACCATCACGCCGCGTTCGTCCAGCAGCGACTGCACCGCCTGCCACAGGGCCTGGGTCTGTTGACGGTGGATGGCATACATCGGAAAAGTCATGCGTTCAGCCATGTTCTCCTCCCGCCTGCTCGCCAAAGCCCGGATGGGCGTTCACCGCCACCGCCCGGCGGCTAAAATGGCGTCGCCACTCGCCGTACCCGCGCACCAGGAACCCCTGATTACGCTGCAGATACGCCGCCTGGCGATGCAGATACAGTTGACGTAAAGCGTACCAGGGGACCCCTGGCAGATCATGATGCACCGCATGGTAGTTGAGATTGAGGAACAGCGCCCGCCAGGGGAGCCCGGCCTCGTTGATCACCGAGCGGGCCAGCGGGTCATCCGCGGCGCGGTGTTCGAGAAAAGAGCGTACTTTGGTCAGGGCCAGCGCCGGGTAGCTCACCGCCAGCACAAACCACAGCGGAGAAAAACCCTGCGCCGCCATCCAGGTCAGCAGGCCCGTCAGCAGCAACAGATGCAGACTCCACATGGCGATAGCGCGGCGGTCGCCCTCGTGGAAAGCCCGCAGCGCGCTGTTCAGGGTGTGAATAATATCCATCATCGGCGCCAGCAGCAGACGCCCCCAGAAGGTGTTGCGCAGGTGGATAAGGCGGCGCTGCCAAGCTGAGAAGCGCTGCCAGCTTTCCGCCGTTACGTAGTACGATTCGGGGTCATCCTCAGGGTGCGTCAGCAGATGGTTGCGATGGTGCGCCAGGTGGCTGTCGCGGTAGACGCCATAGGGATACCAGACCGCCAGCGGCAGCGTCCCCAACAGCTGGTTAAACCATGCCAGCCGGGTGGGATGCCCATGGATCAGCTCATGCTGTAAGGACATATACCAGGCGGTAAACCAGATCAACAGCAGCGTGGCCGGAAACAGTCCCAGCGTCCGCCAGCCCGCCACGCAGGCAAACCAGCCGCCGTAAACCGTCACAATCAGCAGCCAGGTCGGCAGCTCGCTGCGCCACAGCCAGCTGCGCGCCAGCTGGCGGATCAGGATGCGCTGTTGGTCATCCACATAGACAGCCGTCTTCTTTTCCGTCACTTCCGATACCTTGCCGTGTTGCCTCATTCCCACCGAAGATGTGAGATAACACGTTAAATAACAAAGTATTTAATTGACTTAGCTTTGCCAAAAAGCACGTTTGTGTTCAACAGGGCAAAGAGAATACCGTCCATGGCGCAACAGGTTGGCGGTGTTTAAACAGGTCCATCGCCCGGCGGCGCTGCGCTTGCCGGGCCTACGGGATAACCCCTCCCCGGGCCATCCAGGCCGGTGCAGGCGCAGCGCCGTCGGACAAGAACAGCGGCGTCGCTTTTGTGCCGGGCGGCGGCTGCGCCTTGCCCGGCCTACGATGCGTGCTGCCTGTCGTTAATTTTTTTACCGCTGTTGCTGAAATTTTACCGCCAGGTCGAGGATACTTAAGGACTCCAGCGCCTTACCCGCCTTCGCGCCGACGATACCGGCGGAGCGTCACAGCGACTACTCCTCTTCCCGCTCCGCTGGCGTCCAGGTCGGCAGAGTCTGGAAGGTGTGCAACAGCCCTTCGGACCACGCCTTGCGAATGCGGTTGAAGTAGGGATCGCTGTCGGTAATGCGATGCTGCCCGGCGCTGAAGCTGCCGCTGCGGTAGAGCAGCGTATCCAGCGGCAGGCCGACGGACAGATTACTGCGCAGCGTCGAGTCAATGGAGATCAACGCGCAGCACATCGCCTGCTCCAGCGGCGTGTCGATGGTCAGCACCCGATCGATGATCGGTTTGCCGTATTTGCTTTCGCCAATCTGGAAATAAGGCGTGTCGCGGGTGGCTTCAATAAAGTTGCCCTCCGGATAAATATGGAACAGACGATGGGTTTCGCCGGCGATCTGGCCGCCAAGCAGCAGGTTGCAGTTGAAGTTGGTGTTACTGCAGGTCTGCTGGTTGCTGCTGTCGCGCTGGATCACCTCCAGCAGCGTTTTACCGATCAGCATCGCGGCGTCGTAGAGGGAAGTGACCTGCATCAGATTCGGCTCCTGCTGGGTACGGATGCGCGCGCTGAGCAGGCTTATCACGCTCTGGGTGGTGGCCAGATTGCCGGCGGATTGCAGCACCAGCACCCGTTCCCCCTCCTGATGGAAAACGTGCAGCTTTTTAAAAGTGGCAATATGGTCGACGCCCGCATTGGTGCGGGAGTCGGAAGCAAACACCAGTCCATCCGCCAG
NZ_CP061961.1_gap82	3453390	3458347	4957	CCTGGAATCGTCTGCGTTTCCAGGACACTAAAGACGGGACCGACAATAACACGCCGCAGCTGACCCCGGATCAGATGGCCTCCTTCTGGGCGCGCTATCAGTTCCCGGCGGGGATCTCCGTTGGCGCCGGCGTCCGCTACATCGGTAAACAGTGGGCGGATGATGCCAACACCGCGCGGCTGCCGTCGGTCACGCTGATGGACGCCATGATGCGGGCCGACCTCGGCGTCTGGTCGCCAACGCTGAAAGGCGCATATGTGCAGGTTAACGCCAACAATATCGGCGACCGCGAGTATATTTCCGGCTGCTATGGCACCGGCAACTGTTACTGGGGAGCAGAGCGCAGCGTTATAGCCACCGTGGGCTACGATTTCTGAGGACGTGGCCTCCGGGAGACTACCGGAGGCCAAACGAGGGATTACATGGCGTCCAGCGCTTTCTGTAGTTTCCAGATATAGCGCGGCGCCTGCGGTGCCGGGTGTTTTTTCACCACATGCTCGAAGAACTCATCGGCGTCGAGATCGTTAATCTCCTCGATGGCGTCCTGGCGGTTCGAGGAGAAGGTACGCAGCAGCGCGCCAGCGCCGTTGGCATAGGAGACCACCACCGCATAGCGCATCACCTGCGGGTCTTTGATCCCCGCCAGCGGACCGTTCTCCAGAATGCTCAGATAGGCGGCCCCCATCGAGATATTACGTTCCGGGTTTTTCAGCTCACTGACCGACGGCTCGCCGCGCCACCCCATCCGCCGATAGACATCGCGTCCGGAGGTCGACGGCTTGAGCTGCATCAGCCCGACGGCGCCGGATTTACTCACCACCGCAGGATTACCACCCGACTCGATGGCGATGATCGCCGTGATCAGCTGCGGATCCACGCCCCAGGCGGCGCCGGCTTTTTCACTGATCGGCATCCACTGCATCGCCCGCTTCACCGGGACCTCGGGGTTCCACGGCGGGTTAGTGTAATCATGTTTCGAACTACAACCGGCCAGAAAAACGACTAAAATAAGCAACCATCTCAATTTCACACATCTATCCTTATCTACCCAAACGCCATCATGCTACAGAACGACGGCCGCGGTACATCTCCCGCCTGCCGACAACCTGAAGGATGACGGGTGCGGACTGAAGTTAGCCACCTGGAGATGACAATCGCCATTCCAGGCGGCATCATAACCCTTTCATTCATAGCAAGGAATTATCATGTCTCAGTTTTATCTGGTCGCGCCATCCGGGTATTGCATCAACCAGCAGGCGGCAGCCCGCGGCGTCGAGCGTCTGCAGCAGGCCGGACACGAGGTGGCCCACCAGCAGGTCATTCCCCGCCGGCAGCAGCGTTTCGCCGGGACTGAACATGAACGGCTGGCCGATATTAACCAGCTGGCCCAGTTGCCCGGCCGCAACCGGATCGTCCTCGCCGTGCGCGGCGGCTACGGCGCCAGTCGCCTGCTGCCGCATATCGACTGGCAGGGACTGGTTGCCCGCCAGCAGCGCGACCCGCTGCTGATTTGCGGCCACAGCGATTTCACCGCTATCCAGTCGGGCCTGCTGGCCATGGGCAACGTCATCACCTTCAGCGGGCCAATGCTCGCCGGCAACTTCGGCGCGGAGACCCTCGACCCGTTTACCGAGCACCATTTCTGGCAGGCGCTACGCCAGCCGGAATTCACCCTCGAATGGCCGGGCGAAGGGCCGAACTGCCGGGTGGAAGGCACCCTGTGGGGGGGAAATCTGGCGATGCTGACCTCGCTTATCGGCACGCCGTGGCTGCCGGCGATCCGCGACGGCATCCTGGTGGTGGAGGATATCAATGAGCACCCGTTCCGCGTCGAGCGCATGCTGCTTCAGCTGTTGCACAGCGGCGTGCTGGCGGCGCAGAAAGCGGTGATCTTCGGCAGCTTCACCGGCAGCGCGCCGAACGACTATGACGCAGGATACGATTTGCCGCAGGTCTTTGATTATCTGCGCCAGCAGCTATCCCTGCCGCTGATTAGCGGACTGGAGTTTGGCCACGAGCAGCGCACGGTGACCCTGCCGCTGGGCGCCCGCGCGCGCCTGGTGAATCAGGCGGCGGCCACCACCCTGACGATCGGCGGCCATCCGGTGCTGACAGAATAAATTTCCCGAACGCATAGGCGGATCCCCTGCGAATTGTTAAAATAGTGTCACTTTTAGCCATTTTTTCACGCCAGTCAGGGAGTACGTGAACATTGGACGCCGCTGCGGTCATTAGTCTGTTTATTCTGGGTTCTGTTTTAGTAACCTGCAGTATCTTATTGAGCTCCTTTTCTTCGCGCCTTGGCATCCCGATTCTGGTCATCTTTCTGGCCATCGGGATGCTGGCAGGCATTGACGGCATCGGCGGCATCCCCTTCGACAATTACCCCTTCGCCTATATGGTGAGTAACCTGGCGCTGGCGGTGATCCTACTGGACGGCGGGATGCGCACCCAGGCCAGCTCCTTTCGCGTCGCGCTGTGGCCCGCGCTGTCGCTGGCGACGGTTGGGGTGCTGATCACCTCGGCGCTGACCGGGATGATGGCGGCCTGGTTGTTCAAGCTGGATCTGATCGAAGGCCTGCTGATCGGCGCCATTGTCGGCTCCACCGACGCCGCGGCGGTCTTCTCGCTGCTCGGCGGCAAGGGGCTCAACGAGCGCGTCGGCTCGACGCTGGAGATTGAGTCAGGCAGTAACGACCCGATGGCGGTCTTCCTGACCATCACCCTGATCGAAATGATCCAGCAGCACCAAACCGGCCTCAGCTGGATGTTCGCCGTGCATATCATTCAGCAGTTCGGCCTCGGGATCGCCATCGGCCTCGGCGGCGGCTACCTGCTGCTGCAGATGATTAACCGCATCGTGCTGCCCGCCGGCCTCTATCCGCTGCTGGCGCTGAGCGGCGGGATCATGATTTTTGCCGTCACCACCTCCCTCGACGGCAGCGGTATCCTCGCCGTCTATCTCTGCGGCTTTCTGCTGGGCAACCGGCCGATCCGCAACCGGCACGGCATCCTGCAGAACTTCGACGGCCTGGCGTGGCTGGCGCAGATCGCCATGTTCCTGGTGCTGGGCCTGCTGGTGACGCCCTCCGACCTGCTGCCGATCGCCATCCCGGCGCTGCTGCTGTCGATGTGGATGATATTCATTGCCCGGCCCCTGTCGGTGTTTGCCGGCCTGCTGCCGTTTCGCGGCTTTAACCTGCGCGAACGGGTGTTTATCAGCTGGGTTGGCCTGCGCGGCGCGGTGCCCATTATTCTCGCGGTGTTCCCGATGATGGCCGGCCTGGACAACGCCCGCCTGTTCTTCAATGTCGCCTTCTTCGTGGTGCTGGTGTCGCTGCTGCTGCAGGGCACTTCGCTGTCGTGGGCGGCGAAAAAAGCCAAAGTGGTGGTGCCGCCCATCAGCTGGCCCATCTCCCGCGTCGGGCTGGATATTCACCCGGAAAACCCGTGGGAGCAGTTTGTCTACCAGCTGGGGGCCGATAAGTGGTGCATCGGCGCGGCGCTGCGCGACTTGCACATGCCACCGGAGACGCGGATTGCCGCGCTGTTTCGCAACAATGTCCTGCTGCACCCCACCGGCAGCACCCGCCTGCGGGAAGGCGATATCCTGTGCGTTATTGGTCGGGAGCACGACCTGCCGGCGCTCGGCAAAATGTTCAGCCAGTCGCCGCCGGTGGCGCTCGATCAGCGCTTTTTCGGCGACTTCATTCTTGATGCTGAGGCCCGCTTCGCCGATGTGGCGCAAATCTACGGTCTCGACGGCGGTGAGGAGTTCCGCGAGCATCAGCAGTCGCTCGGGGAAGTGGTGCAGCAGCTGCTGGGCGCCGCGCCGGTGGTGGGCGACCAGGTGGAGTTCGCCGGGATGGTGTGGACGGTAGCTGAAAAAGAGAACGATCACGTGCTGAAGGTTGGGGTGCGGGTCGCGGAAGACGAGGCGGAGTGATCCGCCCCGGAATAGATTACAGGGTCACAACTGGCACCCGCGGCGCCAGGGCGCACATCAGCTCATAGCCGACGGTGCCGCTGCTGGCCGCCACGTCGTCGATTTTAATCTCTTTGCCCCACAGCTCGACCGGCGCGCCGATCCCGGCCTGCGGGCAGGGCGTTAAATCGACCGCCAGCATGTCCATCGACACGCGTCCCACGGTGGTGGTACGTACGCCATCCACCAGCACCGGCGTGCCGCTCGGCGCCACCCGCGGGTAGCCGTCGGCATAGCCGCAGGCGACGATGCCGATCCGCTGCTCCTGGGTGGTGCGGTACAGGCCGCCATAGCCAATCGCCTCGCCGGGACGCAGGTTCTGCACGCCGATAATCTCGCTGCGCAGCGTCATCACCGGCTTCAGCCCGGTGTTGGCGATGTCCTGCCACTGCCCGGAAGGCGACGCGCCATACAGCACGATGCCTGGACGAACCCAGTCAAAATGCGCTTCCGGATGCCAGAGGGTCGCCGCCGAGTTGGCCAGCGAGCGCGGGCAATCCAGCCCCTCCGCCGCCTGTTCGATACGGCGCATCGGCTCGACAATTCCCTGCGGGTTCTCCGCCTCCGCGAAGTGCGACATCAGCGTCATCTCGCCGACGTTGCTTATCGCCCGCAGCTGCTGCCAGACGGTGTGGACCCGCTCAGGCATAAAGCCCAGCCGGTTCATGCCGCTGTTCACCTTGAGATAGATATCCAGCGGCGCGCGCAGCTTCGCCTGTTGCAGGGCCTTAATCTGCCAGTTGCTGTGGACGCTGGTGGTTAAACGATATTGATCCAGCACCGCCAGCTCATCGGCATGGAAGAAGCCCTCCAGCAGCAGGATCGGGCCTTTCCAGCCCTGCTCGCGCAGCAGGATCGCCTCTTCCAGGTTGAGCAAGGCGAAACCATCCGCCGCGCTTAACGCACTCCATACGCGCGCAACGCCGTGGCCGTAGGCGTTGGCCTTGACCACCGCCCACAGGCGCGACCCGG
NZ_CP061961.1_gap83	3538987	3540418	1431	TGTGGCGTAAGCTGGTCGACATCACCATGTCGCAGAACCAGATCACCTACGATCGCCTGAACGTCACCCTGACCCGCGATGACGTGATGGGTGAGAGCCTGTACAACCCGATGCTGCCGGGGATCGTCGCCGATCTGAAAGCCAAAGGGCTGGCGGTTGAGAGCGAAGGCGCTACCGTGGTCTTCCTTGATGAGTACAAAAACAAGGAAGGCGAACCGATGGGCGTCATCATCCAGAAAAAGGATGGCGGCTACCTCTATACCACCACCGATATCGCCTGTGCGAAGTATCGCTATGAAACGCTGCACGCCGACCGCGTGCTCTACTACATCGACTCTCGTCAGCACCAGCACCTGATGCAGGCGTGGACCATCGTGCGCAAGGCAGGCTACGTGCCGGACTCCGTGCCGCTGGAGCACCATATGTTCGGTATGATGCTGGGGAAAGACGGCAAGCCGTTTAAAACCCGCGCCGGCGGTACCGTGAAGCTGGCGGATCTGCTGGACGAAGCGCTGGAGCGCGCCCGTCGCCTGGTGGCCGAGAAGAACCCGGATATGTCGGCTGACGAGCTGGAAAATCTGGCGAAAGTGGTGGGTATCGGCGCGGTTAAATATGCCGACCTGTCGAAAAACCGCACCACCGACTACGTCTTCGACTGGGATAATATGCTGGCGTTCGAAGGCAACACCGCGCCGTATATGCAGTATGCCTATACCCGCGTGCTCTCCGTGTTCCGCAAAGCCGGCATCGACGAAAACGCGATGATCGACGCACCGGTGGTCATCGCCGAAGATCGCGAAGCTCAGCTGGCCGCGCGCCTGCTGCAGTTTGAAGAGACCCTCTCCGTGGTCGCTCGCGAAGGGACGCCGCACGTGATGTGCGCCTACCTCTACGATCTGGCGGGCCTGTTCTCCGGCTTCTACGAGCACTGCCCGATCCTCAGCGCGGAAAGCGAAGAGACCCGCAACAGCCGTCTGAAGCTGGCGCTGCTCACGGCGAAAACCCTCAAGCTGGGTCTCGATACCCTCGGTATCGAAACCGTCGAGCGTATGTAACAAGCAACCCGGCGAAAGCCGGGTTAGTTTTATTCGGCGCCTCGCCAGCGGGGCGCCCTGCTCAGAAGTACTTGCGTAGATACTCCGTCAGACAAAGGATCGCCATCGCCTGACCGTAGGGCATTGAGGTAAGCGGGATCTGGCGATAAAAGTCGAGGTCTGACCCCATCCCGGTGCCAAATGAGGTCTGCAGCAGCTCCCCCTGCGGCGAAATATTCTGCACAATCCCGCGAATCGCTTTTTCAGCCACCCCGGCGTAGTGCTGCCCGACGTAACGCTTGCGCACCGCTTTGAGAATCCCGTAGGCAAAGCCGGCGGTCGCCGAGGCCTCAAGATAAGAGTGCGGGTCGTCCAGCAAGGTATGCCACAGGCCGCT
NZ_CP061961.1_gap84	3714982	3715979	997	AGGACGTTACCCTGCTCATCTTTCGGGCTGACCTCCCACAGGGCGGACCAGGAGCCGACGTCGCTCCAGTCGGCATCGAGACCGACCACCACCGCGTCGGCGGTTTTCTCCATCACCGCGTAGTCCACGGACTCGTCCGGGCACTCGCAGAAAATGTCATGCGGAATGCTGATGAAGTCGCTGCCGTTGTCGGCGGCATTGACCGCGGCCTGGCAGGCTTCGAGGATATCCGGGCGGAATTTGGCCAGCTCGGAGAGGTATTTTTTGGCGCGGAACATAAACATGCCGCTGTTCCAGTAGTACTCCCCGGAGGCGAGGTAGGCCTCGGCGCGCTCGCGGTCCGGCTTCTCCACGAAGCGGGCCACCTGGTACGGAGTATGGGCGCTGTCGGTGAGGGCCACGCCGCGCTGGATGTAGCCGTAGCCGGTTTCCGGGGCGTTCGGCACGATACCGAAGGTGACCAGATGGCCTTCATCGGCATACTGCTCGGCGACGCGGATGGCGTCGTGGAAGACCGGCTGGTTATTGATGATATGGTCGGCGGCGAGGACCAGCATCAGCGGGTCGTCGCCGTGGCGGGTGGCCTGGAGGGCCGCCAGGGCGATGGCCGGGGCGGTGTTGCGCCCGACCGGCTCAAGAATAATGTTGTTCGACAGCTTGTTGAGCTGGCGCAGCTGTTCGGCCACCAGGAAGCGGTGCTCTTCGTTACAGATGACCATCGGTTCATGGATTTCAAGGCCCGAGAGTCGGGTGATGGTTTCCTGCAGCATGGAGTTCTGCCCGAACAGGCGGAGGAACTGTTTCGGGTAAAGCTCGCGAGACATCGGCCAGAGACGACTGCCGGTACCGCCAGCCATTATCACAGGAAGTAACATATTAATTTCCTTTAATTAAAACCCTGTTATTTAACACCCAGTAATTTACTGAGGCCAGAAGCAGATTAATATAGGCGTACAAGATAATAAATATGGCAAATTCTTAAAAAGGTTAAAAATTA
NZ_CP061961.1_gap85	3721894	3725495	3601	GGCCATTCATTCCAAATTTCATAAATAACGTTTAAATCTTTAAATCTATTTGCAACCCAAGCTGCATATTTAGAAAAAGCAACTTGTTCTTGATGAGTAACAGGTTTACCATTCCCATATAACTTATTTCTATAGTTTAATATTAAAATTACCTTAATACCATTATCGTTGGCAACCTTCACCAGCTCATCCAACTTATAGTTTGGAGGGGTGTATTGGCCTTTAATTAATTCAACTTGTGACCAAGGATAATCATATCGTATCACTTTGATTTTATATTTTACTAATAAGCTAACTAATTGCTGAGGTGTAAGAGAGTATTTAGAAGGGTGAACACCAGCTCCTAGTAGAAACTTTTCTTCTGCAGCGCTTGTGATGGAGAAAAAAAGCATAAAGATAAAACATATATAGCGCATAAATTATCCTAGTTGTCAAAAGTACCTTAAGGATTAAAACGATTGATGCTGTTTTTTTGAAATCTTCTTTATGATTAATTCTCTGATATCAGATGACGAAAAAAAACTAGCCAAGAAATACACAACCACACCAATACATGTTGAAGTCAAAACTATAAATACGTCACTTCTCGCAACTAAACTTTGTAGATATATATAAATGGCTGACACCATTAATAAAGTTGAAAGTATAATTGGGAGAATTTTCTTAAGGAAAACAACAATACTTGAATCAAGAATTTTAAAAACAAAATACATTGCAGGAAAAAAATTAATAACATTAGCAATGAAGTAGAGTTTAACGAAGCTGACAATGTCTAATTTGGCTCCAATGATGAATGACGTCAACTGAAGTAATGTACCGAATATGCCTAAATATAGAAGAGTTCTTGTTTTGTTTTTTGCCATGAAAACAGAACCAGTAGTGCTTAGAACAGATTGCATAATGCCAATAGGGGCTAACCAAGTTAGTATATTTGCAGTAATATGCCATTGTGGGCCAAAAACCCAATTTACAAATGGAACGCTTAAAACTGCTATTCCAGACATTAATGGCGCTGAAAGAAAAAGAACAAAAAATGTACAATTCAAGTATATTGACGCAATTTTTTTATTATCATCTTGGTGATGGCTAAGTACGGGATACAAAGACCTAGTTGCTACAAAGGTTAGGCTTTGCAATGGAAACAACATAATCCTATATGCCAAATTATAACTTCCCAACACCACAATCGACATATATCGACCTATAATAAAACTATCAGCATTCCTAGCAAAGTAGTTAATAATATTAAATAATGAAACGTTTGCACTAAACCCAAAAATTTTCTTTAACTCATGATATACTATTATTTTTGAGAAAGAGGGATGCCATTTAGAACAAATCCAAAACTGAATCGCTGAGATTAAATTTAATGAAACAGCTTGTATTACTAAGCTATAGACACCAAAGCCCATCTTAGCCGTAATTAACGCCAAAATTACTGAAACTGTAGACGAGAATATCTCAATAAATGAAATGACTTTGAACTTTGATTCTCGTTGCAATAATGCCAAATGGGCACTAGCACTACTCGAAAGTGGAAAGATAATACTCATGCTGATCAGTACTTCTATCAATCTTGGTTGTTTATATATCTCTGATATAACAGGCGATCCCAAAATGACCAGAAGTGCAAATATACAGCCCATCAAAACATTGACCCAAAAAACAGTGTTAATCAAGTCATTAGTAAGTTCTTTTTGTCTTATGATTGCTGAAGAAGTACCTAAGTCTCTCAACAGCATACCTAAGTTAATAATAACTAAGGCCATAGCCATTAAACCATATTCCGAAGGAGGAATGATTTTTGCGAGATAAATAACGTTAACTAGTTGTACACAAATCTTAAAAAATTGCGAGAAGGCATTCCATTTAGCGTTAGAAAGTAAATTCATTTTAAAAACCTAGTTAGTGATAAAAACCTACCACTGAGATAATAATATCTTACCTTTATAAATCTGGCTATCCTATATACGGAACCAGAATTAAATCTCCATCTCTCAATCCAATTAGGATTCAGTTGATTATATATCTTTGCAAGCTCTGTTTTATGATAATTAGAATTAATCTCATCACTAATGACGTAGCCACATTTTATCAGTTTTAATATAAAAAAACGGAGCGCTTTAAATTTACTCGATGATCCAGCTTTGTCATAATATCTGTAATAAATATTCTTAACAGAATAAAGATATCCATCGGCGTTTTTTTCTGAGTGCGCGGATGTCATTATAGAATTACTGCGGATACGTCTTTGGTAAATTTTATCATTTATACAAAATACATTTACATCTTTATTCAGTAGCAATCCTATGGTGAATAGATTATCCTCATGTAGAATATTAGGAATGAATTCATTTCCTTCAAATAAATATTTTTTAAACACGTACATGCATGGCTGAACAAAAAAAGACCTATATTTTATTGATTTAATGAAAAAGTCACTGCTTGACATGATAGAATTACATGTTTGTCTCGCTCTTTCATATATCGGCATAAAAGAGTTAGTTGTATCAATATCATAAAACACTGAGCCAGCAAAAAACAGTATATCGATATTGCCATTATTTAAGATATTGAAAATTTTAGCTAAGGAACCTGGAGCTATTTTATCATCACTATCTAAAAAGAATATGTAATCCCCTTTTGCTCTTTCTACTCCTAAGTTTCTTGTTAATGAAATACCACTATTACTTTTTTTTATGATAGTAATGCTTTCATTTTCATTATATTTTTCTAAAACAGAAAGACTGTTATCTGTTGAACCATCATCAACCACTATAATTTCAATAAATGTTAAATCGATGGCTTTTTGTTCCAATATTGAATCTATGCAATCTACAATATATTTTTCAGTATTATATAAAGGGATTACGAAACTAACGATTTTCAATTTAACCTCTCATTAAGCCATTATCGCTTCTAGGCTCGCTTGGGTTTCTGAATATTTAGCTTAAGCAATATAACCATAATAAATGAAATGATTTTCAAATAATATCTTATAAGAAAGGCACTGATTTTTTCAAATCTTGTTAATTCTGCTCTCGAAGATAAATACGCAACATCTTTTATGGGGGGAAGAAGAAATTTTAAAGTACCGATTATGGATAATTTTTTATACTGTCCACCAATAACCCTAACCCTTTTGGAGACAATCTCTTTTAAAGACGCCCTAATAGGGTGCATAACAATAACGTCATCCGCATAAACTATGCCAATATTCTCTTTGGTTGCACGCAGATTCCACTCTATATCACCTCCAGAGAAAAGATTACTATCAAAATAACCAACCCTATCAATGAAACTCTTATGTATAAATAAATTCGCTGTTACACATTCTCCACGACTTGCATTTGTTTTTTGATCAAACGCATACGCTTTTTCATAACAAGCCGAAAAGGTCATTTTTTTGGAACCGGTTTCATCAAATAGCTTAATATTTCCAGCCACTCGATCAGTTTTATTATCTAAATATTTTAGTGCAGATTCTAACCATTTTGGAGATACAAGACAATCAGCATCGGTAAAAGCAATATATTTACCGTTTGCTAGTTTTAAAGCTGTATTTCGTGCAGCATAAGAACCTGGCGTTGGTTCATGTATT
NZ_CP061961.1_gap86	3736890	3740369	3479	AAGGATGATATCCGGCAGGACCACCACAAACGGGTTGTCGCCGACTACCGGGCGGGCGCAGAGGATGGAGTGGCCCAGGCCCAGCGGCTGCGCCTGACGCACGTTCATGATGGTCACGCCCGGCGGGCAAATGGCCTGCACTTCCGCCAGCAGCTGGCGCTTCACGCGCTGTTCCAGCAGGGCTTCCAGCTCGTAGGAGGTGTCGAAGTGGTTTTCCACCGCGTTCTTCGAGGAGTGCGTCACCAGAACAATCTCTTTGATCCCGGCGGCGACGATTTCGTCAACGATGTACTGAATCATTGGCTTATCAACGATCGGCAGCATCTCCTTTGGAATTGCCTTTGTGGCCGGCAGCATATGCATGCCTAGTCCTGCGACCGGAATAACCGCTTTCAAATTCGCCATATTCATCTTCACCTGTTTGGTTGCAAAACACGCGGTTTTGCAAAATTGTACATGTCACAAATCCATTGGAACTGATAATACACGGATACTGCCCGGGCATCTGCCCGCCAAATTCTTAAATTCACTGTCACGTAAAAGAATACACACAACTCCCTTTTACCAACAGTCAGAAGTGAGAATAATCTTATTTTCGTTCAGGTTATTCAGCGGCTCGTTCCTTTGCGCCGCGCGATGTGGCTGAGAGGCCCGTCTATCGGGGTCTGTTGGCCGCCGGCCCCGCCGCGCCGCGCGTAAGCCTGGAAAGAATAGATATAGATAATAAATTTCGCCAGGCAATATATTTCAGCATAAACAGCCGGATATGACGACATATTAGCCTGAATCCGCGGCGGTGAACTGCGATCCGCCCTATTCTGCACTCACTTCATAATATGAATTATGCCGGTTTTGTGAGCGGGCTTCGCGCTTCGCTTCTGCTCTGCGCATCCGCGCTCGCCGTGACGAACCGCGGGAGGAAGCCCTTTTGCCGCCCTCGCTGAAACGCAGCGGAAAAAGTTCTGATATCGGCAAGCTTATTCCATGGTCGCCGCCATGGTGTTATTTTTTCACTGTTCTTTTCCGGAACATAATTCTTATCGGTTCGCTTAATCCGCTGGAAATATATCCACCCACGGCAGGGCGATATCCGCGTCGTTATTGCATTTTAGACTCATCTTATCCATGATCGTGGTAACACATACCGCAGTCGTACAGGTTTTAATACATATGGAATGGATTGCCGATCCGTCAATCTGGGCAGGTCTCGTCACGCTGGTGGTTATCGAACTGGTGTTGGGTATCGATAACCTGGTCTTTATCGCTATCCTCGCCGAGAAGCTCCCTCCCGCCCAGCGCGACCGCGCGCGGATCACTGGCCTGATGCTGGCGATGGTCATGCGTCTTCTGCTGCTGGCCTCTATCTCCTGGCTGGTCACCCTGACCAAACCGCTGATTGTTTTTCACGACTTCAGCTTTAGCGCTCGCGATTTAATTATGCTGTTTGGCGGCCTGTTTCTGCTGTTTAAAGCGACCGTCGAGCTTAATGAGCGGCTGGAGGGGAAAGACAGCGATAACCCCACCCAGCGCAAAGGGGCGAAATTCTGGGCCGTCGTGGCGCAGATCGTGGTGCTCGACGCCATCTTCTCGCTTGACTCGGTGATCACCGCCGTCGGCATGGTCGATCACCTGGCGGTGATGATGGCCGCGGTGGTTATCGCCATCAGCCTGATGCTGATGGCCAGCAAGGCACTGACGCGCTTCGTTAACAGCCACCCGACCATCGTGATCCTCTGTCTAAGCTTCCTGCTGATGATCGGCTTCAGCCTGATTGCTGAAGGCTTCAGCTTTATCATTCCGAAAGGCTATTTATATGCGGCCATTGGCTTCTCGGTCATGATTGAAGCGCTTAATCAGCTGGCGCAGTTTAACCGCCGTCGCTTCCTCTCCGCCAATATGACGCTGCGTCAGCGCACTACCGAGGCGGTGATGAATCTGCTGAGCGGGCAGAAAGAAAAAGCTGAACTGGATGCTGACACAGCGTCGCTGGTCGCCGATCAGGATCAACATCCACTGTTTAATCCGCAGGAAAGACTGATGATTGAGCGGGTGCTGAACCTTAATCAGCGCAGCGTCAGCAGTATTATGACGTCGCGCCATGATATCGAGCGCATCAACCTTAGCGCGCCGGAGGAAGAGATCCGCAGCCTGGTGGAGAAAAATCAGCATACCCGGCTGGTGGTCACCGGCGGGAAGGATAATGAAGATCTGCTGGGGGTGGTACATGTTATTGACCTGCTCCAGCAGTCCCTGCGTCAGGAGCCGCTGGATCTGCAGGCGCTGGTGCGTCAACCGCTGGTCTTCCCGGAGGGGCTGCCGCTCCTCTCGGCGCTCGAGCAGTTCCGCCAGGCCCGCACCCATTTTGCCTTTGTGGTCGATGAGTTTGGCTCCGTCGAGGGGATTGTGACCCTCAGCGACGTGATGGAGACCATCGCCGGCAATCTGCCCAATGAGGTGGAGGAGATCGATGCCCGGCACGATATTCAGCATCATCAGGACGGTTCGTGGACGGTTAACGGCCATATGCCGCTGGAGGACCTGGTGCAGTACGTTCCGCTGCCGCTGGATGATAAACGTGAGTATCACACCGTTGCCGGTCTGTTGATGGAGTATTTGCAGCATGTGCCGCAGGTGGGGGAGACCATTGAGATTGACGGTTATACGCTGCGCACGCTGCAGGTCGACAGCCATCGGGTGCAGAAGGTGCAGATCGTCCCGCCGGTAAAGCAGGATGAGCTGGATTATGAGGTGTAATCGTCAGGCATAAAACGGCCCGGGGTATCCCGGGCCGTAAAATTGATAGCCAGATATCCTGTTTAATGCCTGATGGCGCTTCGCTTATCAGGCCTACGGGATGGCGAACTAATCGGGGTATGACACCCACCGTATAATCCAGACCGGGTCAGGCGTAGCTGCCACACTGCCTGATGGCGCTTCGCTTATCAGGCCTACGGGATGGCGAACTAATCGGGGTATGAAACCCACCGTATAATCCAGGCCGGGTCAGGCGTAGCCGCCACACTGCCTGATGGCGCTGCGCTTATCAGGCCTACGGGATGGCGAGCTAATCGGGGGATGACACCCACCGTATAATCCAGACCGGATCAGGCGTAGCTGCCACACTGCCTGATGGCGCTGCGCTTACCAGGCCTACGGGATGGCGAACTAATCGGGGTATCACATCCACCGTATAATCCAGGCCGGGTCAGGCCTAGCTGCCACACTGCCTGATGGCGCTCGCTTATCAGGCCTATATTAAGTGGCGACGCAAACGGATGTATTGCGCACATCCCAGGCCGGGTCAGGCGCAGCCGCCACCCGGCATCATCGTGAGATCAGACGTTGACGATAAGCACGCAGCCCGGAAACGTCCGGGCCGCGGTGTTGGGAATTACAGCTTATCGAGCAGCTTTTTGGCATCATTGCCGTCTTTACTGCCTTTATTACGCTCAACCCAGTCGTTCAGGCGCTGCTTCGCT
NZ_CP061961.1_gap87	3746268	3747394	1126	ATTCCGGTCCAGTGGTACGCCGACGACAGCGGCCAGATGACCCTCGATCGCTTTGCCGCCCTGCCCGCAGACCAGCTCGCCACCACCCGGCAGATCCCCTCCTTTGGTTATTCGCGAAAAACCTGGTGGCTGCGCAGCGAGCTGCCGGGCACGTGGTTTGCCGGGGAGCCGCGTTGGTTGCAGCTGGGCCCCACTTTCGTGGACCATCTGACCATTTACTACCGGCCACTGGGCAGCGATGGCCCGTGGACGCAGCGCATCTTTGGCGATCGCGACGGCGCCCGCGGAAGCGATCTGCATTATCGGGAAAGGGTGCTGATACTGCCCCCTCCGCCAACCGCCGCCGGCTATGAGCTGGTCTTTCGCCTGCAGAGCACCAGTACCCTGATCCTGCTGGCCTCGCTCTCCTCTGCGCAGGTGTTTGTGCAGCGGGCCACCGCTGACACCGCTTTCTGGAGCTTCTACTTCGGCCTGGCCGCTGTGGCCAGCGGTGTGGCGCTTTGGCTGGCGCTAGCCCTGCGCCGGCGTCTGCTATGGGGCATCTGTCTTTTCTCCCTCAATTATCCGCTGGTGGCCGCTCTGCACGGCTTCCCGGAGTGGTTCTTCGGCCACGCCGCGCTGCCCTTCCAGGATTTTATGATCAGTAGCCTCTCGCTGTTCAGCTATGCCACCGCCCTCTGGCTGCACAGCGAGATTTTTGATCTGAAGAAGAATATGCCGCGACTTCATCAGCTGCTGATCGCCGCCGTGATACTCAACCTGGTGCTGCAGGTCAGTATTCCGCTCGGGTTTTACGGCTTCGCGATGCAGATTGAAGGGGTAGTATTCATCATTATCACCCCGGTGCTGCTGTTCACCTCCTGGTGGCTGTGGCGCAAAAAAGCTATCGACCGTACCACCCTGCTGCTGGGTCTGCTGCCGCCGTTCTATGTCGTCGCCGCGGTGCTGGTGCAGTTGTCGATCCATGGGATTATCCCGTTCCATATGGCGATCTATTCCCTCTGGCAGTACGCGCTGATCGTCCACATCATTACGGTGCTGATCATTGCCATCCTGCGAGTGCGTGCTGAAAACCGCCAGCTGGAGCAGAAGCAGCGCCTGGCGCGCGAACTGCAGATTGAGCGTG
NZ_CP061961.1_gap88	3761527	3764080	2553	CCTCACCAAGCTGGTGGACGACCTCCATCAGCTGTCGATGTCCGACGAGGGGGCGCTGGCCTACCAGAAAACCTCACTGGATATCATCACCCTGCTGGAAGTGGCGGCGGGCGCTTTTCGCGAGCGCTTCGCCAGCCGGCAGCTAAGCATTCAGGTGTCGCTCCCGGAGCAGGCGATGATCTTCGGCGACCGCGACCGCCTGATGCAGCTCTTCAACAATCTGCTGGAGAACAGCCTGCGCTATACCGACAGCGGCGGCAGCCTGCACATTACCGCCCGCCGCAGCGGCCGGATGCTGGTGATTGACTTCGCCGACAGCGCCCCCGGCGTCAGCGATGAGCAGCTGGCCCGCCTGTGCGAACGCTTTTACCGGGCGGAAGGATCGCGCAACCGCGCCAGCGGCGGCTCCGGCCTCGGACTGGCGATTTGCCTCAATATCGTAGCGGCCCACGGCGGCACCCTGCGTGCCGACCATTCGCCTTTTGGCGGGGTTAGCATTAAAGTTGAGTTACCTCTGGAACATGATTTACCGAGAGACGTATGACTGAATTGCCTGTAGATGAAAACACCCCACGCATCCTTATCGTGGAAGATGAACCGAAGCTCGGCCAGCTGCTGATTGATTATCTGCAGGCCGCCGGCTATGCGCCTGCGTTGATTAACCACGGCGACAAGGTCCTGCCCTACGTCCGCCAGACGCCGCCGCACCTGATCCTGCTGGATCTGATGCTGCCCGGTACCGACGGTCTGACGCTGTGCCGGGAAATTCGCCGCTTCTCCGATGTTCCGGTGGTGATGGTGACGGCGAAAATCGAAGAGATCGACCGTTTGCTGGGGCTGGAAATAGGCGCCGACGACTATATCTGCAAGCCCTACAGCCCGCGGGAAGTGGTCGCCCGGGTAAAAACCATCCTCCGCCGCTGCAAGCCGCAGCGCGATCTGCAGGCGCTGGACGCCCAGAGCCCGCTGATTGTCGACGAAGGTCGTTTTCAGGCCTCGTGGCGCGACAAGCTGCTGGACCTCACTCCCGCCGAGTTCCGGCTGCTGAAAACCCTCTCCCAGGAGCCGGGCAAAGTGTTCTCCCGCGAACAGCTACTCAACCATCTGTATGACGATTATCGGGTAGTCACCGATCGCACCATCGACAGCCACATCAAGAACCTGCGGCGCAAGCTGGAGGCGCTGGACGCCGAGCAGTCGTTTATCCGCGCGGTGTATGGCGTTGGCTACCGCTGGGAAGCGGACGCCTGCCGGCTGGCGTAGTTAGCCTTTTCCCGGCTCGCGCTGCGCTTCGCCGGGCTACACGTTCACCGCCATCTGCAATCCGTAGCCCGGGTAAGGCGTTTACGCCGCAACCCGGGGAACTCCCTAGAGCCTATCCCACCAGGCGTTATTAACGCTGTCAGTGTGAGCACTGCCCAGGTTCAAAATGGCAAACAAATTAGCCATACGGAAAGATACCTATCTGATATTTACTCCCCTTCGCCGCGGCGCTACAATGCCCGCCCTTAATGTGGGGACACTCCCCAACTCGCCGCACCAGGTGCGGCGAATCTGACCTGTCATCAGAACGAGAACACCATGTTTAAACCAGAACTCCTCTCCCCGGCGGGAACGCTGAAGAATATGCGTTACGCTTTCGCCTATGGCGCCGATGCCGTTTATGCCGGCCAGCCGCGCTACTCGCTGCGCGTGCGTAACAACGAATTCAATCACGAAAATCTGCAGCTCGGCATCAATGAAGCCCACGCGCTGGGTAAAAAATTCTATGTGGTGGTCAACATCGCCCCGCATAACGCCAAGTTGAAAACGTTTATTCGCGATCTGAAGCCGGTGGTGGAGATGGGTCCGGACGCGCTGATCATGTCCGATCCGGGTTTAATCATGCTGGTGCGGGAACACTTCCCGGAGATGCCGATCCATCTTTCAGTGCAGGCCAACGCCGTCAACTGGGCGACGGTCAAATTCTGGCAGCAGATGGGGCTCACCCGCGTGATCCTGTCGCGTGAACTGTCGCTGGATGAAATCGAAGAGATTCGCCGCCAGGTGCCGGAGATGGAGATTGAGATTTTCGTCCACGGCGCGCTGTGTATGGCCTACTCCGGCCGCTGCCTGCTCTCCGGGTATATCAACAAGCGCGACCCGAACCAGGGGACCTGCACCAACGCCTGCCGCTGGGAATACAACGTGGCGGAAGGCAAAGAGGACGACGTCGGCAACATCGTCCACAAATATGAGCCGATCCCGGTGCAGACCGTGGAGCCCACTCTCGGCATCGGCGCGCCGACCGATAAAGTCTTTATGATTGAGGAAGCCAAACGTCCAGGCGAGTACATGACCGCCTTTGAGGACGAGCACGGCACCTACATCATGAACTCGAAAGATCTGCGGGCTATCGCCCACGTTGAGCGTCTGACCCAGATGGGCGTTCACTCGCTGAAGATCGAAGGCCGTACCAAATCCTTCTACTACTGCGCGCGTACCGCCCAGGTTTACCGCAAGGCCATCGACGATGCCGCCGCCGGCAAACCGTTCGATACCAGCCTGCTGGAG
NZ_CP061961.1_gap89	3793395	3795136	1741	CAGATCTTCCCGCAGCGTAATATGCAGCGGCAGCTGGCCCAGCAGCTGGGTGTGGTATTTCTCGGCCAGTTTTTGCGCGCCGCCGGTGCCGAAGATAGGCTCGTGGTGCCCGCAGTTGCTGCAGATATGCATGCTCATGTTTTCCACGATCCCCAGCACCGGCACTTCCACTTTCTCGAACATCACGATGCCTTTTTTGGCGTCGATCAGCGCGATGTCCTGCGGCGTGGTGACCACCACCGCGCCGGTCACCGGAATGTTCTGCGCCAGGGTCAGCTGGATGTCGCCGGTGCCCGGCGGCATATCCAGCACCAGGTAATCAAGATCCGGCCACAGGGTCTCCTGCAGCATCTGCATCAGCGCCTTGCTGGCCATCGGCCCACGCCAGACCATGGCGTTGTCGTCGGTCACCAGGTAGCCGATGGAGTTGGTTGCCAGACCATATTTCATGATCGGCGCCATATGAGTGCCGTCCGGCGAGGTCGGGCGGCTGTCTTCCGCACCCAGCATGGTCGGAATCGACGGACCATAGATATCGGCATCCAGAATGCCCACCTTCGCCCCTTCCGCCGCCAGGGCCAGCGCCAGGTTTACGGCAGTAGAAGATTTACCGACGCCGCCTTTGCCGGAGCTGATGGCGATAATGTTTTTCACGCCGTTGACCCCGGGCTGGTTTTTCACCCGCTTGAGGGTCGCGATGCTGTGGGTCAGCTTCCAGTCGATGGCCTTCGCGCCGGTGATGCGCAGCAGTTCGGCGCTGCACTGCTCTTTCAGCGCTTCGAAGGCGCTGCTCCAGACGAACGGCATTTGCAGTTCAATATGGACGGTATCGTCCAGCCAGGCGACATGGTGCAGCGCCTTAAGGGCGGTGAGATTATGCTTCAGGGTTGGGTGCTGGAAATTGGCCAGCGTCCCGGCGACCATCGCACGTAGGCGCTCAGGGGATTTGGCCTGGGATTGCGAATTCATCCCGACTCCTTTGTTGTTTTGAGATGCTTTCAGTAATCACAGAGTTTATCACAGGTAACGATTATCCATATATGGGCAGCCATTTATGGCGCACCCACAGCCCTTTTGGTAATATCGGAAGCCCTTTTTACAACAGAAGATGTAATGCTCACTATGACTCAAGTCGCGAAGAAAATTCTGGTAACGTGCGCCCTGCCGTACGCCAACGGCTCCATCCACCTCGGCCACATGCTGGAGCACATCCAGGCTGATGTCTGGGTCCGTTACCAGCGAATGCGCGGCCACGAGGTCAACTTCATCTGCGCCGACGACGCCCATGGCACGCCGATTATGCTCAAAGCGCAGCAGCTCGGTATCACTCCGGAGCAGATGATTGGCGAAATGAGTCAGGAGCATCAGACCGATTTCGCCGGCTTCGACATCAGCTATGATAACTATCACTCGACGCACAGCGACGAGAACCGCGAGCTGTCGGAGCTTATCTACACCCGCCTGAAAGAGAACGGTTTTATTAAAAACCGCACCATCTCTCAGCTCTACGATCCGGAAAAAGGCATGTTCCTGCCGGACCGTTTTGTGAAAGGCACCTGTCCGAAGTGCAAATCTCCGGACCAGTATGGCGATAACTGCGAAGTGTGCGGCGCGACCTACAGCCCCACCGAACTTATCGACCCGAAATCGGTGGTTTCCGGCGCCACGCCGGTGATGCGTGACTCCGAGCACTTTTTCTTCGACCTGCCGTCGTTCAGCGAAATGCTGCAGGCGTGGACCC
NZ_CP061961.1_gap90	3813098	3816780	3682	TGGTTTTGCCGCTGGGCACAGCAGCAGGGAGCCAGCCAGATAACCGGTTTTGATATCTCCCAGCGGATGCTGGCGCAGGCGCGGGAGATGACCCGCGGGGATGAGATTGTCTACCGCTACGCCGATCTGCAAACCCTGACGCTGCCCGCCAACAGCTGCGATCTGGTCTACAGCTCGCTGGCGCTGCATTATTTACCGGACATTGCCCCGCTCTTCGCCACCCTGCAGCAGGCGCTGGTTCCCGGCGGCACCCTGGTCTTTTCCGCCGAACATCCCATCTATACCGCCCCCTTGCAGCAGGGCTGGCGGGTGGATGAGCAGGGGCAAAAAAGCTGGCCGGTCAGTCACTATCAGCAGGAGGGTGAGCGCGTCAGCAACTGGTTTGCCGAGGGCGTCATCAAGCAACATCGCAAGCTCTCAAGCTGGATAAACGCGCTTATCGCCGCGGGTTTTGTGCTGGAGCAGTTGGATGAGTGGGGTCCGAGCGCCGAACAGATTGTCCAACAGCCCGCCCTGGATGAAGAGAAAGAACGTCCGATGATCTTTTTACTGCGCGCGCGTAAACCGGGCTAATCTCCCGCCCGGCGATGGCCGGGCGGGCATCCTTTAGGCTTTCAGGCTGGCGCCGCGGCTGGCAATCACCTCTTTATACCAGCCAAAGCTCTTCTTCTTACTGCGCGCCAGGGTGCCGGTACCGTCATCATGGCGGTCGACATAGATAAAGCCGTAGCGCTTCGACAGCTCCGCCTTTGAGGCGCTCACCAGGTCAATCGGTCCCCAGCTGGTAAAGCCCATCAGCTCAACGCCATCGTCAATGGCTTCCCGCGCCTGCACCAGGTGGTCGTTCAGGTAACTGATGCGGTAGTCATCGTTAATGCTGCCGTCGGCTTCCACCTTATCTTTGGCGCCCAGACCGTTTTCCACGATAAACAGCGGCTTCTGGTAGCGATCCCACAGCACGTTCAGCAGCGTGCGCAGGCCCAGCGGATCTATCTGCCAGCCCCACTCCGAGCTCGCCAGGTGCGGGTTCGGCACCATGCTGAGAATATTGCCGCGCGCCTGCTGGTTCAGCGCCTCGTCGGCGGTGACGCAGCCGGTCATGTAGTAGCTGAAGGAGATAAAGTCGACGGTGGTTTTTAGCGCTTCACGATCGGCGTCGGTGATGGTGAGCGTGATGCCGTTGTCACGGAAATAGCGCTGCATATAGCCCGGGTACGCGCCGCGCGCCTGTACGTCGCCGAAGAACTGCCAGCTGCGGTTCTCCTGCAGCGTCTCGAACACATCCTCCGGTTTGCAGCTCAGGGGATACATCAGCCCGCCAAGCAGCATATTGCCGATTTTGCCCTCAGGCACCAGCTCATGACAGGCTTTGACCGCCAGCGCGCTGGCCACCAGCTGGTGGTGAATCGCCTGATACACCTCGCCTTTGCTGCTGCCGGCCGGCAGGCCGACGCCGGTCATCGGGGCATGCAGCGACATATTGATTTCGTTAAAGGTCAGCCACAGTTTGACCTTATTTTTATAGCGGCTGAACACCGTCCGGGCGTAGCGCTCAAAGAAGCCAATCACCTCCCGGCTGCCCCAGCCGCCATAGTTTTTTACCAGCGCCCATGGCATTTCATAATGCGACAGCGTCACCAGCGGGGTGATGATGTGCTTCGCCATCTCGTCGAACAGCTTGTCGTAGAACGCGAGGCCGGCTTCGTTCGGCTCGGCGTCGTCGCCGTTGGGGTAGATGCGGGTCCAGGCGATAGAGACTCGCAGGCAGTTAAAGCCCATCTCGGCAAACAGGGCGATATCTTCCGGATAGCGATGGTAAAAATCGATCGCCACATCCTTAATCCCGTTGTCGCCTGGTACGCGCTCGACCACTTCGCCGAACACGCCGTGCGGCTGTACATCGGAGGTGGATAAGCCTTTGCCATCTTCCAGATAAGCACCTTCCACCTGATTGGCCGCGGTCGCGCCGCCCCACAAAAAATCCGCCGGGAATGTTTTCATCTCTTTCTCCTGTGATTAATGGCTGACTGACAACAGCGGCTGACCGGCTTCGACGGCGCTGGACGCCACCGTGTCAATCTCCCGGTAGTCGTCGCTGTTGCTGATAATGATCGGGGTCGCCAGGTCGTAGCCGGCGTCCAGAATCGCCTGGCGATCAAACTCAATCAGCAGATCGCCGGCCTGTACCCTGTCGCCCTCTTTCACATGCGCGGTAAAGGGCACGCCGTCGAGTTTGACCGTGTCGATGCCGACGTGGATCAGCAGCTCAATGCCGCTGTCGCTTTGCAGGCCGATGGCGTGTTTAGTCTGAAACAGGGAGGCCACTTCGCCCGGGAACGGGGCAATCACTTGGCCCACCGCCGGGATAATGGCGACGCCTTTACCCAGCAGGCCGCTGGCGAAGGTGCTGTCCGGCACTTGCTCGAGGGCGATAACGCTGCCGTTCATCGGCGCCAGAATATCATTTGCCGAGGCCGGGGCTACCGTCACGGCGCCTGGTGCGGCGCTGGCGCGCGGCAGGCCGGCGAAGAAGGTCAGCACGCAGGCGAGCACGAAAGCCACGCCGGTGCCGATAAGCCCGCCCCAGACGCTGGCGTCAATTCCGCCGGGCGGGATCATTTGCGCCGGGAAAAAGATGTTTGGCAGGCCAAACGAGTAGGCATAACTGTTGCTAAAGGCAGTGATCGCCCCGCCAATCGCCCCGGCGACACAGCCAAAGATAAACGGACGGCGCAGCGGCAGAGTCAGGCCATAGATAGCCGGCTCGGTGATGCCGAACAGCCCGGCGGAGAAGGCGGAACCGGCCAGCACCCGCTGGCGCGCATCGCGGGTGGCGAGGAAAATACCGAGCACGGCGCCCACCTGGGCAATCACCGCCGGGAGGATAATAGGCAGCATGGAGTCGTGACCAAGTACCGTCATGTTGTTGATCATCAACGGCACCAGCCCCCAGTGCAGGCCGAAAATAACGCACACCTGCCACATGGCGCCCAGTACCGCGCCCGCCAGCCATGGGGCAAACGCATAAATGAACTGGTAGCCGTTGGCCAGCAGATGGCTCAGCCAGGTGGCGACCGGGCCAATCACCAGGAAGGTGAGCGGGACCACCACCGCCAGGCAGATGGCCGGGCTGAAGAAGTTTTTCATCGATGACGGCAACAGCGCATTGCTCTTGCGCTCCAGCCAGCAGGAGACCCATGAGGCGAGAATAATCGGGATCACTGACGAGCTGTAGTTGATAAAGGTCACCGGAATGCCGAGAAAGTGCTCCACTGCCGCGCCCGGCGCCTGGCTGGCCTCAAAGGCCTGAATCATCAGCGGGTGGGTTAACGCCCCGCCAATCACCATCGAGATAAACGGGTTGCCGCCAAACTTCTTCCCGGCGGTATAGCCAAGAAACAGCGGAAAGAAAAAGAACAGCGCGTCGCTGGCGGCAAACCAGATTTTATAAGTCCCCTGCTCCGGCGTAAGCCAGCCGCAGGTCACCGCCAGCGCCAGCAGGCCTTTCAGCAGACCGGTTGCCGCCATCACGCCGATAAACGGTGTAAAAATACCGGAGATGATGTCGATAAGCTGGCTTAACACCGATCCTTTGGCCGCTTTTTCCTCGGCAACCGGTTCGCTGTCATCGCTTAACCCCGCCTCCTGGCGCACCGCCAGCCAGACGTCGTGAACGTGGTTG
NZ_CP061961.1_gap91	3843471	3845270	1799	ACGCCGGACGGCAGGCTGCCGCTGACGCAGACCATATCGAACTGCCCGAGCCAGCTCAGGGAGTCGTTGACGAAGCGTTCCCAGTCGCCCGGGGTGACTTCAAAGCCGGAGAAGTTGAAATCGGTCACTTCGCCATCTTTTTCCGTCAGCTTAACGTTGATACGGGTCCGGCCCTGCACCACCTGGAAACGGTTGGCGATCCCCAGCTCGCTGAACAGCTGCTGAAAGCCGTCCTGGTTGTCTTTACCCAGGAAACCGCCGACGGTGACGTCAATGCCGAGATCTTTCAGCACTTTCGCCACATTAATGCCTTTCCCGGCAGCGTGCAGGCCGGTGGTGCGCACCAGGTTCACTTCGCCGCGTTCAATCTCCGGGGTGAATCCCACCAGGTCGTATGCCGGGTTTAACGTAATCGTTGCTACACGTCTGCTCATTTATGCGCCCTCCCCAAGGCCTGCGGCGATCGCTTCGCCAATCGCATCCAGCGCTTGTTGCGCATCCTCACCCTGCGCGGTAAAACGCAGACGGTGACCTTTTTTCACACCCAGCGCCACAACCTTCATCAGGCTGCGACCGTTAGCCGGCTTGCCGGAACCGTCGAGATTGGTGACGGTGATGTCGCTGGAAAATTGTTTAATGGTGTTGACCAGCATGGTGCCCGGACGGGCATGCAGGCCGTGTTCATTGCGCACCACGAATTCGGCGCTCAGCACATCTTCGGCAATGGCGTCGTCGCTGGTCAGCAGCGCCAGCACGGTGGCGGCGTCGGCTTTCAGCAAATGTTCAGCTTTCTTGTCCAGCAGCAGCTTGCTCAGACGGTTCAGCACTGCGGTCGGCTGCTCGTCGGCCATCGCCACCGTGACCAGCAGGGAAACCGGCTGCTCGTCGCGGGTAAAGGCGTTAGCCGCGCGGCTGACCGCCACGGCGCTGCGCAAATTGCCTTCCGCACTGTCGTTCAGCCAGACGCCCTGACCGAGGTTCAGCGGCGTATCGTTAATGACGTGGCTAACGAAGGCGGCATCGACAGCGCCAACTTCTTTCAGACGCGCCGCGTTCAGCGCCTGCAGGGTCAGCAGATCGCTGGCCGCGACGTCGAGACTGAGGGTCTCGTTATCCAGCTTCAGCGCTTCGCTCTGCTTCTCTCCCATCAGCAGCGCGCGCAGCTCTTCCGCGGTAGTGGCGGACTGCAGCTGCGCGGCGACCGCGTCATCGCTCAGCACGTGGGTCAGCTGACGCAGCAGGCCGAGGTGTTCATCTGAGCTGGCGGCAATCCCGATCGCCACATAGGCGGTCTGCCCTTCGCCCCAGGTGACGCCCTGCGGGAACTGAAACACCTGAACGCCAGTCTTCAGCACCTGGTCACGCGTATCCGTCGTGCCGTGCGGGATCGCGATCCCGTTGCCGAGGAAGGTCGAGGTCTGCTGCTCGCGAGCCAGCATGCCGTTCACGTAGCCATCGGCCACGTTGCCGGCGCTGACCAGCGCGGCGGCGACCTGCCGGATGGCCTCTTCTTTATTACCGGCCTGCTGGCCGGGATGAATATCCTGCACAGATAACTGGAACATGGTTCTCCTCTCCTGCTGAATTGAATCGTTTCAGCTAACTTGAGAAAAAAGGCGCCATCTGACGGGGAACGGATTGCCGAATGACGCTGAAACGTTTCAAGAATTTTGTACCTTTCTTGCTCAACGCGCAAGGTACGTCAGCGACTTGATCGCAGAACTTAGAGGTACTGCACACTTTTGCTGAAGCCTTAGCTATCGACCGCCTCGAACGTCAGCTTTTTGCTGAACCCTATA
NZ_CP061961.1_gap92	4025723	4029855	4132	GCCCTGGCCTTCGCCGCCTCCCGGGCTTTTGCTGTCTGTTTTTTGCCGATCGCGCTGGCGCATTCAAAACTGCATACCACCTGCCCCTCCCGGGCAGGATGGAACCATTCGCGGCAGTGGGCGCATTTACGGCGTGCTGGTTTACGCATGTGGCCTCCTTGCTCTCAGGCGTAGCCACTTCTTATCGACCAGGCGGGCGGTATAGTCTTTCAGGGTCGGTATGTCGGAAGGCTTAACTTCGACCTTGCGCTTGCGGCGCACCGGCACGCGGAAGATGCCGCGCTCCATTACTTTGGCGAGAAGGCTGCTCATCAGGCCTCCTGCTTTTGCTGCAGTTGCTGATATTCGCAACCGTTTGGAATGGTGAGAGCCAGACCAAACTGAGCGCACCAGGCCTCTACTTTGGTCAGGAAGATGTGCATTTCGCCGGTATCAAGGTCGGCGGTATGTCGGGGTTCCCAGATTGTGGTTTTCTCACCGGTGATGAAGTCGGTGTAGGTCACCTCCTCGCAGCCGAGATAGGTCTTTTTGAGATTGCGCTTAACCCACTCGGGAGTTGCGTCGGTACGTCCTGAGTTAATCAGGTATTCGCTAATTTCCGCGTACCACATGTGACTGAGCGCGTTCTGGCTCAGGCTGCGTTTATCACGCCACTCTTTGACCTGCAGGCGCAGACATTTCCCGCTAGAGAGCTGCTCCTGAAGAATCTTGCCTATAGCGCTGAAGTTGCCGCTGTGCAGTTTGATGCCGCATTGAGGGATGTTCACGCGTCACCTCCGCAGAGGCTAAACGCTGAATGCAGAAAATCGCCGGTGGCTTTCGCCATCGGTGACAGGAATTGCTGTAAGGTTTTGTGCGCCATGTGTCCCCACTTGGCGCCGGAAGTAAGTCGTCAGTTGCTCAGGCTGACCAGGTAATTATCGCCCGTTACGGGGATAAAAGCAAAATGAGCATATACGATAAAACCCCTCCGGAGAGGGGTTTGATTTCAGCTGAAGGCTTTTCGTTCTGCGGGGGATTTAGGCATCAGTCTTCATCCTCATCCCAATCGTCATCTTCCTCATCCTCGTCGTCATCGCAGGAAGCGAGCAGCGGATTCATTCGCCGCCCTACCTGGCAGGCGTAGCCGCGGCGACCGAGATTGTGCAGCACGCTGTAGATTTCGAACATTTCGGTTCGCTCATCACCAATATCAAGCTCACAGGCCAGCGCGTGGCATTCAGTAGCGAGCGCCGATATCTTCTGAAGCAATTCGACTTTATTCACCTTTCACCTCCTGCGGGGCGGATGCGAGCAGTCTGCGCCAGGCATCTACAGAGTCTTCTGCGCCATAGTCGATAATTGAATCAAACTCGTCGAGAATCTCCCTCGTAGGCCCCTTCGGCACCATCACGTAACCATCCGGAATTACCGGAGGGTTGCAAGCGCTGAGCAATCGCTCCATGATTTCGACCATATCTTCTGGCGGAACCTTGCAGTACTGGCCGATGTGCCTCTGCTGTTTGGCGTATTCGAGAATGTGCTCCAGTTTGTTGCGGTTGATCATGACTTACCTCCGCTAAGCATGGCGGCGCGGCAGGCTAATGCTTCAGCCCGGTTGTTCGCCTCCTGTGGCGTAGCACCATACACACGCGCCAATACTTCGTCAGAATCCTCGCCAATGCGAAGTTGAACCCACCAATCACCAAGGCCAGGGTAATCATCCTGATTCATTGTAGGGAGGCGACCGACGCGGATTTCACCTATATCATCCGATACGGCTGGCACTACCGGCGCTGGCTGAGCGTGGCGATACACTGGAATATATCCGGGGCCTGCATCTTCGCTACCAGCCTCACCATCAACAACGCCGCGAGCTAAGTATGCGTCATTGAGCCAGGCAATGGGCTCACGTTCTACTATCGGCGCTGGCTGCGGGCTGGCATAGACCGGCATAACATCATCATGACCCTTGTTACTTTTATCCGTCAGAGACCAGAACAACCGTCCTGCTGGATGCTTGAAGATGTACGCCACCGGCTCGCTGTCCATTGCGGCCAGCGCCATGCGGGCCAGCTCTTCCGCTTCTTCAGCTGGCAGCATTACGTTACTTCCGGCGCCGTAGGTTTCACGCCATGATTTAATTTTTGCCAGGCGTTCTCTGGTTATGGTTGATTTGGTCATTGGTTGGCTCCTTCTGCCTGATACTTTTCGAACCAGAAAACCACCGGCTCATTAGTCGGCTGGACCAGGCCGAATGATTCCGCTGTGCGGTAGCTTCTCGATGCTCGGCGAGTCACATCAACTTGAGTTGCAATGCGATTGCGAAAATCCTCAACCGTGCTGCACATTTTGAACAGGTTGCAGGGGATGCATGCCGGAACCATGTTGCTGACCGTGTCGTTTTCTGGTCTGTCCATTGCGTAGCCATTACTGATATTCCTTCGTACTGCTTCGACGTGGTCAGCGTGCCATTTATCGCCAAGCTCACAGCCGCAGTAAGCGCAGCGGCCGCCAAACTTCATGCGCAGCTCTGCGCGCTGTTTTTTGGTAAGTGCCATCACTCAGCCTCCACCTTGATGCCAGCGGCGGCCAGCGCTACCTTTACGTCTTGGCTGTAGTTATAAACGCCATCAGACCAGACATATCTGTCCCCAGATACAATCTGCCGTAAGTCTGGCAGCTTCACGGTGCGGGCCTCCAGCCCGGCGATGCGCTGGCGCAGTGCTGTGTTATCGTCGAACAGCTCACAGATGTGGCGATTCTGCTTGCGAACGCGATTTTCGCTTTCAGTCATTTGCTGCTGCGCCTTCTCCAGCTTTTCGCTGTTAGCCTCAGCTGTTTTTCTCCACGTTGCGCAAATACGTTTCTCTGATTCCAGTGCCTCTACCAGCTCAACGTTTCGTTTTCCTTTGGCCTCAACCTGTCGATACAGCTCATCCCAACTTTTTGAGTTGTCGCGCACCAGACTTGTCACGCGCTCTTCACGTGACTTGTAATACTCCAGCGCCTCCACCAGCGCGAGAACGTTGGCAGGGTTAGCGGCCTGGACGAACTCGCGGTTCTCCGCTGCATCTGGACCTACGAAGTGCGCGATGATGAATCCGCCGTTGGCCTGGTCATTTGCGCTACAACACGCTTCCCAGCCGTCGCCAGATTCTTTAACCCAGTCGCCGTTACTCGCTTTCTCTGCTGCCGCTTTCAGGCTCTGCGCCAGTGCGGTGATATCAGTCATTGGCCTTTCCCTCGCTGCGGAACATCATGATTGTCAGGTCGCCTTTAGTGGCCAGGCGAACGGTAGATCCAGGTTCCAGGCTGTTAAGCTCAAAGGCGTCATAAAACTCATTCACAGCTTTCTGGCGGCGAGATTCCTTACGACGCTTGTCCCACTGCCTCAGAGCATTTTTGGTAATCCACTGGCCTGTTTTAACCATGATGTATGCCCATCCAAGAATGGCTAAACCGGTATTGAGATAAGTGGCGATGTTCATTTGTCGGCCCCCTCGCGCAGCGAGTCTGCCAGCCACTGCAAATTCATGATCTGCACGCCGATATTGCTGAACTTCTTCTCCAGGTGAGCGATGGCCTTCTCAACTCCGCGCGCCTCGGCTTCGGCTACGATACGAGCGGTTGCGGGGGTTTCCGGCAGTGACATTTTGAAAGCCAGCGTGACGTCATCAAGGTCAATCCTGTCATACGTTGTGTGGCGTAATGCGATAGTGAGAAAATTCAGCACTGAATCGCCGGGGCCAAAAGCATTCTTCAGCGCCACATTCTCCGCAGCCAGCTGAGCATTTTGGTCCGCCAGCATATTCCCGGTTTTTATGGCGGCATCCAGTGAAGCGCTGCAAATGCGAAACTCTTTCGCCAGCTTCAGGAACTTCTGCTCTCTGATTGACAGATCGCCTGCGCTCTCCAGCGACTGAATGAGTTCGTTTACTGCCTGTAGTGTGATTGTCATTTGGCTGCTCCTTCGGCGAGCATGGCGATGATTTCTTCCGGGGTCTCTTTCACGTCAATGCGTTCTCCGGATGTCATTTTCAGGATTGTCAGACCAGCGAAATACATGCTGACGATATGCTCTGCGGCAACAAACACAGGCTCGTAGACTGTTTCTGGTTCCCAACCATATTCGCCCTGCCGCTCTACGGTT
NZ_CP061961.1_gap93	4033731	4035765	2034	GGCATCGTGAACCAGGAGTTCGTCGAGATTCTCCGTTCTGTTGAGTATGAGCCAGCTGAAGCCCGCCACATGTTCGATGGACGTAAGGCTGAAAGCATCCGGATCATCAACGTCAGGGGTGACAGCATGTCCGGCACGATTGAGCCGGGTGATCTGCTGTTCGTCGACATCAGCGTTAAGAGCTTTGACGGCGACGGGATATACGCCTTCCTGTACGACGACACTGCTCACGTCAAGCGCCTGCAGAAGATGAAGGACAAGCTGCTGGTTATCTCAGATAACAAGAGCTATGCAGCCTGGGACCCGATCGAAAAAGACGAGATGAATCGGGTATTGGTATTCGGAAAGGTGATCGGCAGCATGCCGCAGACGTACAGGAAGCATGGGTAAAATTTCGTTGAGAGACATAGATAAGCCTTGCCTAGCAGGTATGAAAGTTGCGTTAGCAAGTTAAAGAGAACATAATTTAATCTGCCAGTTCTCTTTAGAGAGGTCATCATGTTCAAGAAATTATTTAAACAATTCAAATCAGACGCACCAGCTGAAGGTGTAGATGCGATTGTTGAAATTATTGAAGAAATAGATGAAAAGCAAAGAAAAATTGCAGATAAAAAAGAAAGAGCTAAAGAGGAGTGGCAAAATGGAGCAAGAACAACAAAAAATAGATTCACTATATGACTTTCTTTACGTCGACAGAGTTCGCGCTAGCTCTTTAACTGCACAACTTTATGGCCCTGGTGTAGCCACTGCTATCAAAATGATAACTTCAGATATCGATAAATCAACAAAAGGTGTCGGATTTGACATAAAGGTTCTCAAGGCTAACACTTCCGTTGAAGAAGCCATTAACCACACGCAAGAAAAGCAGTTTGACGCCACCTGGTCCCTTCCTATAAATCTTTTAGATCAGCTTAATCAGGCAGGGATGATTCGTAATGGACTGAATGGCGAGCAGTTAGGAAATACCGTAGCAGTTCAGGGCAATATGCGGATTTTTGACATATCGATGCTTCAAAAAAGCATACCTTTTATGATCAAACTTTATGGTAATCAGCAACAAAAATCGCCACAAAAAAATCAAAAAAAATCAAACGACCCTGACAATATCGAGGTTGCACCCGGCATTACACTTGGAATGGTTAGTGAGCTATTGAATATTGTGCCAAATACACTTCAAGTTGATTTTATTGATAAAAACGGCAATACCATTTGGATGACAATAAACAGAGAATATCTAACAATCAATCCTGATGATATGTTCTTAAAGTATGGAGGGAGAATTCCTGGAGATTGGTTTGTTGTAGGCTTGATTGATGCGTTGCCTGAAGTGCACCAGAACAATCACCCTTTGCATTTTCCTGTTCATCCAGTAAAAGACGGAATAGCACAGATGCTTAATGCAATTAAGGCATTAGCAGGTCGCGGCGAAGACTCATATGGAATAACTCCACTGGTTATTTTCAGAAAAATGAACTAACCCCTAAATTTCAGATCCCGGCCCCGCGCCGGGTTTTTATTGCCCCTATTCTTCCCTCAGCATCAGCACATCCAGTGCCAGCTCTACTGCCAGATCTACCTGGTCACCCTGCCACAGCACCTGAATCATCTCTATCAGCGCCTCTCTTGATGGCTCGCGCTTCTCAACCAGCAGCTGCATAACCGCTATCCCGATAACCTGCGCAATCTGCGGGTGCATCTCTGCGAAAAACTCATCCTCATTCGACATGGCGCTACCCTCTTTGGCGTTTTTTTGGGCATAACAGCACAATAGGAAAAAATAAATTCATTTAGCTATCAATGATTTAATAGCAATAGCTATCAAATAATATCAATACGTATTGCTATGGTTAATACTCATTGCTATTATCAATCCATCCAAACAACAACGTTGGCGCCGGTAATAGGTAACAACGCTCCGTTAGCCGCGATAAGGCAAAGGTGAAGAGATGATCCGAGAACATGAGGTACCTGCGTGGAACAGATTCAAGGTGAAGGTGGCTCTGCTGTTGGCTTTGGTCGCATTCGTTAGCGTTC
NZ_CP061961.1_gap94	4036834	4039542	2708	AGTACACAGTCAGCAAGCGCATGCCGAGCGGGGAGATCGTCGAATTCAGCGCGAAAGAATACTGGGTTGAGAACTATGCCACCGCCGGCCGCGACACTACTGCGCCAAACGCAATGTGGAAAAAGCGCCCTTATGGCCAGCTGGCGAAGTGTGCCGAGGCTCAGGCTCTGCGTAAGGCGTGGCCTGAAATTGGCCAGCAGCCCACTGCCGAAGAGATGGAAGGTAAAACGCTGGAAGTGGATGCGCGTGACGTGACGCCGCGCAGCACGACAGAGGCGCTCCCCCTGGTGGCCAGTGAGGAAACGCTGCAGGCAATTACCGACCTCCTGACGTCCCTGAATAAGGACTGGGAGCAGGACTTCCTGCCTCTGTGCAGCAACATCTTCAAGCGTGACATTTTCCAGGCATCACAGCTCACCGAAGAAGAAGCGCAGAAAGGCTTTAGCTTCCTTCAGAAAAAAGCGCAGGTTGCAGCATGACACCAGAAATTATCCTCGAGCGAACTGGCATTGACGTTACCCGCGTTGAACAGGGAGATGAATCCTGGCACCGCTTACGCCTCGGCGTGATCACTGCCTCGGAAGTTCACAACGTCATTTCTAAGCCCAAGTCAGGCAAGAAATGGACTGATATGAAGATGTCCTACTTCCTTACGCTCCTTGCCGAAGTGTGCACCGGCGTGGCGCCGGAAGTTAACGCCAAGGCGCTGGCCTGGGGGAAACAGTATGAGGCCGACGCTCGCACCCTGTTTGAGTTCACCACCGACGTGCAGGTAACCGAGTCGCCGATCCTTTTCCGTGACGAAGGTATGCGCACCGCCTGCTCACCAGACGGCCTGTGCAGTGATGGCCGCGGCCTTGAGCTGAAGTGCCCTTTCACCTCTCGCGACTTCATGAAATTCCGGCTTGGCGGCTTCGAGGCTATCAAATCCGCCTACATGGCCCAGGTGCAATTCAGCATGTGGGTAACCGGTAAGGATGCATGGTATTTCGCGAATTATGACCCTCGCATGAAGCGAGAAGGCATTCATCACGTGGTTGTTGAGCGCGACGACAAATACATGTCCGACTTCAACGAAATGGTGCCGGAGTTCATCAGCAAGATGGACGAATCGCTGGCGGAGATCGGCTTTACCTTCGGGGAGCAGTGGAAATGAAACATTACCGCGACGCCATAACCGTAGGGAAAGTGAAGTGCATGTACTCCGTCCTTCATCGTGGCTGGCTAATGCCATCTGGTGAAGTGGTAAGAAACCCGTTAAAGGCTCAGCGGCTGGCTGAAGAGCTGGACACGAAAAGAGGTGCGCGATGAAACGCTACTCACTTATCTATGCCGACCCGGCCTGGTCTTACGGGAACACGATCAGCAACGGTGCCGCCGTCGACCACTACCCCACCATGAGCTTGCTCGATATGAAACGGCTCCCGGTGTGGGAGCTCGCCGCGGATAACGCCGTATTGGCGATGTGGTACACCGGCACCCACAACCAGGAGGCGATCGAGCTGGCCGAGGCCTGGGGCTTTACGGTGCGCACGATGAAGGGCTTCACCTGGGTGAAGTTGAATCAGCTGGCCGAGCTGCGCATTACCAAGGCTCTGGCAGAGGGCGATGTGACCGATTTTTACGACTTCCTCGCCCTGCTGAATGCCGAGACGCGCATGAACGGCGGCAACCACACCCGCGCCAATACCGAAGACGTGCTGATCGCCACCCGCGGCGCCGGGCTGGAGCGCAAGCACGCCGGCATTAAGCAGGTGGTCTACAGCCCACTCGGCGCGCACAGCGAGAAACCGTGGGAAGTTCGTCACCGACTGGAGTTGCTATACGGCGACGTACCGCGGATTGAGCTGTTCAGTCGCAGCGCAGCGCCAGGCTGGAGCCACTGGGGAAACCAATGCGCCACCGCTTCAGTTGAGCTGATACCTGGATGCGCCATCGACGTTGTTAAGACGGAGGCAGCATGAGCAAGGGAACCATTATCTGCCTGTGCGATATCACTGGCGTCATGGCTGAGCCATGGGTCGAAGCAGGTTATCGCGCCGTCCTGGTGGACCCGCAGCACCCTGAAACTTCGATCGACGGTCCTGTTGAGCGCATATCAGCAACCATCCTTGAGGCGATGCCGCGGCTATCTCAGATTATCCGCTCTGAAAACGTCGTCATCGTCATCGGCTTCCCGCCATGCACGGACGTTGCTGTTTCCGGTTCCCGCTGGTTCGAGTCCAAGCGCGCCAAAGACCCGCATTTCCAGGGCAAGGCTGCGCTGGTAGCTGAGCAATGCCGGATGGTTGGCTTGGCGGCTGGCTGCCCGTGGGCATTCGAAAACCCGGTGAGCGTGTTCAGTAGCATCTTCGGCTCAGCCGATTACACGTTCCATCCGTACCAGTTCACTGGGCTGTGCGCGGATGACAACTACACGAAGCAGACCTGCCTCTGGACGGGTAACGGCTTCAAGGCGCCGGCAGAGGATATTCACCCGCAAGTGGCACAGGCGATCGAACGCGTGAAGCAGTACTTTAGCCGGATGGTGCCGAAGAAGAAGGCACTGGAGGTGTTCAACTTTCATGGTGAGAACCTCATCGCTGACTGGTATCCGGACAACCGAATTCACGAATGCCCACCCAGCGACGAGCGCGCCAACATTCGCAGCGCTACTCCCCTGGGCTTTGCAAGGGCCGTTTTCCTTTCGAATGCACCCCACCTCAATA
NZ_CP061961.1_gap95	4058566	4062449	3883	CGTCGCCGGCGTGGTGACCGGCGCCCTGACCTGGCTCCTGCCGCTGAGCTGGGAATGGCAAGGCACGCTGTTTGCCGTTCTCACCCTGCTGGCGGCGTGGCTGTGGTCGAAATGGCTGCGCAAGCGCGTCAAAACGCAGCGCCCGGCCGATGCCCAGCTCAACCAGCGCGGGCAGCAACTGGTGGGCCGCCGCCTGACGCTGGATGCCCCGCTGGTGAACGGCCGCGGCCACGTCCGCGTGGGCGACAGCTCCTGGCCGGTGATTGCCGATGAAGACTTCGCGGCGGGCAGCAAGGTTGAAGTGATTGCCGTAGAAGGGATTACGCTACGAATCAGACCCGCCGTCCGTTAAGCCTGCGCCTTGCGATGGCAGCAGCCGGAAAGATTATCGATAATCGGGCACTCCGCGCTGTCGTCGCCGGGGCAGGATTCGGCCAGCGCCAGCAGGTGCGCGCGCATATTTTGCAGCTCGCGGATATGGTTCTCGATATCCGCCACTTTCTCCAGCGTGCGTTTTTTCACATCGGCGCTGTGCCGCGACGGGTCGTTGAACAGTGCCACCAGCTCGCGGCACTCTTCCAGGTTAAACCCCACCTGCCGCGCCTGGCGCAGCAGCGTCAGTTCATCGAGATGCTGCTGGCTATAGGTGCGGTAGCCGTTTTCGCTCCGCAACGGCGGCGTCACCAGCCCCTTCTCTTCATAAAAACGAATCGCTTTGCTGGTTAAGCCGGTTTTTTTCGCCACATCGCTGATATTCATTTTTTCTCCTTGACCTTCCCCTTGCTGGAAGGTTTAACCTTCTTAATACTCGATGAAAGAGTGGGTCTGGTCAATCGTTGACCGGAAAATTATTCAGGAGTTATTTATGTCTAACACTATCGACCTGACGCTGGATGGCCTCTCCTGCGGCCACTGCGTCAAACGCGTGAAAGAGAGTCTGGAGCAGCGTCCTGACGTTGAGCAAGCGGAAGTAACCCTCACTGAAGCCCATGTGACGGGCAGCGCCAGCGCGCAAGCGCTGATTGATACCGTTAAACAAGCCGGATACGGCGCGGAGCTCAGCCACCCAAAGGCTAAACCGCTGGCAGAATCATCAATCCCGTCGGAAGCACTGACAGCGGCCACTCCTGAGCTTCCGGCAGCCCATGACGAAGATGACAGTCAACAGCTGCTGATCAACGGCATGAGCTGCGCCAGCTGCGTCTCCCGGGTACAAAACGCGCTTGCCGCGGTGCCGGGCGTCTCACAGGCGCGGGTTAACCTGGCGGAACGCACGGCGCTAGTGATGGGCAGTGCGTCCGCCGCAGAATTAGTGCAGGCGGTGGAGAAAGCCGGCTATGGCGCGGAGGCGATCGAAGACGATCTGCAACGCCGCGAACGCCAACAGGAAACCGCCCTCGCGACGATGAAACGTTTTCGCTGGCAGGCGATTGTCGCCCTGCTGGTCGGCGTGCCGGTGATGGTCTGGGGCATGATCGGCGATAACATGATGGTCAGCGACGACAACCGTTCGCTGTGGCTGGTTATCGGCCTTGTCACCCTCGCCGTCATGGTCTTCGCCGGCGACCACTTCTACCGCAGCGCGTGGAAAAGCCTGAAAAACGGCACCGCCACCATGGATACGCTGGTGGCGCTCGGCACCGGCGTCGCCTGGCTGTACTCGATGAGCGTCAACCTGTGGCCGCAGTGGTTCCCGATGGAAGCCCGCCATCTCTATTACGAAGCCAGCGCGATGATTATCGGCCTGATTAACCTCGGCCATATGCTGGAGGCCCGCGCGCGTCAGCGCTCCTCGAAAGCGCTGGAAAAACTGCTCGACCTGACGCCGCCTTCGGCGCGGGTCGTCACGCCCGAGGGCGAGAAAGATCTGCCGCTCGCGGAAGTTCAGGCCGGCATGACGCTGCGCCTGACTACCGGCGACCGCGTCCCGGTCGACGGCATGATAAGCCAGGGCGAAGCCTGGTTTGATGAAGCGATGCTCACCGGCGAACCGGTGCCGCAGCAAAAAGGCGATGGCGACGCCATTCACGCCGGGACCGTGGTGCAGGATGGCAGCGTGCTGTTTACCGCCAGCGCCGTCGGCAGCCAGACCACGCTGGCAAGAATTATCCGCATGGTGCGCCAGGCGCAGAGCAGCAAACCGGAGATCGGCCAGCTGGCGGATAAAATCTCCGCCGTATTTGTTCCGGCGGTGGTCGTCATTGCGCTGATTAGCGCTGCGATCTGGTACTTCTTCGGCCCGGCGCCGCAGATCGTCTATACCCTGGTCATTGCCACCACAGTACTGATTATCGCCTGTCCGTGCGCCTTAGGCCTGGCGACGCCGATGTCGATTATCTCCGGCGTTGGCCGGGCGGCGGAGTACGGCGTGCTGGTGCGCGATGCCGATGCGCTGCAGCGCGCCAGTGAACTCGACACCCTGGTTTTCGATAAAACCGGCACCCTGACCGAAGGCAAGCCGCAGGTGGTGGCGGTGAAAACTTTCGCTGGCGTTGATGAGCATACCGCGCTGCGTCTTGCCGCCGCGCTGGAGCAGGGCTCAAGCCATCCGCTGGCGCGAGCGATCCTTGATAAAGCTGCCGACGGCCCATTGCCGGAAGTCAGCGGCTTCCGCACCCTGCGCGGCCTTGGCGTCAGCGGCGAGGCGGAAGGTCATCGTCTGCTGCTCGGTAACCAGGCGCTGCTCAACGAGCAGCATATCAATACCGCCGAGGTGGAAAGCGAGATGACAGCCCAGGCCTCACGCGGCGCCACGCCGGTGCTGCTGGCGGTGGATGGTCAGGCCACCGCGCTGTTCGCCATCCGCGACCCGCTGCGCGAAGACAGCGTCGACGCCCTGGCGCGTTTGCATCGGCAGGGCTACCGGCTGGTGATGCTTACCGGGGATAACCCCACCACCGCGAAGGCTATCGCCAAAGAAGCCGGCATTGATGAAGTGATCGCCGGCGTGCTACCGGACGGTAAAGCCGATGCCATTAAGCGTCTGCAGAGCCAGGGGCACAAAGTGGCGATGGTTGGCGATGGGATTAACGACGCCCCGGCGCTGGCCCAGGCGGATGTCGGGATCGCCATGGGCGGCGGCAGCGATGTCGCTATTGAAACCGCGGCGATCACCCTGATGCGCCATAGTCTTCACGGCGTGGCCGATGCGCTGGCGATTTCGAAAGCAACGTTACGCAATATGAAGCAGAACCTGCTGGGCGCGTTTGTCTACAACTCGCTGGGTATCCCGATTGCCGCCGGGATCCTCTGGCCGCTGACCGGCACCCTGCTCAACCCGGTGGTCGCCGGCGCGGCGATGGCGCTGTCGTCGATCACCGTGGTGAGTAACGCCAACCGCCTGCTGCGCTTTAAACCAAAAGAGTAAACGCTGTCAGATGAAACGGGCGCCGACGTTGTTCGACGCCCGTTTTTTTGCCGGGACAAGAAAAGCCCGCCGGAAGGGTGACGTGTATCACCATATGCGCTAGCATGAAGTCCTCACACTTCGGAGCGCGTATGGGCCTGTTAAACCGGATAAAAATGCTGTGGCGAGCCGCCGTCGGCTCGTCTTATTCCTGGCCTGCGATGGATATCGTCCTGCCCGGCGAACGCTATTTGCACCTCGTCGGCAGTATCCATATGGGCACCCGCGACATGGCGCCGCCGCCGGCAAAGCTTCTGAAAAAAATACGCCAGGCCGATGCGTTAATCGTCGAGGCCGATATCAGCGGCAATGAAACCCCGTTTAGCAATCTCCCCACTTACCCACCGCTGGCGGAACGCCTGAGCGATGCGCAGCTGAGCGAGCTAGAGGCGCGAGCCGGCGAGCTGGGCCTGTCGGTCGGGCTGTTCGACAGCCAGCCGCTGTGGCAGGTGGCGATGGTCCTGCAGGCCACCCAGG
NZ_CP061961.1_gap96	4066888	4071696	4808	CGCCATTTTCCCTTCTGTGCCTTTTCATCGGCTAATTGCATTTTTTTGCACAACTCAAGAATTATTCATAAACAAAGTGAACGTTTTTGTCATAAACTATTACCCGGACAGGGTAGCAAAATGGACCGATACACCACTGGAAAGGAGACGGAATGCACCACGCAACACCGCTTATCACCACCATTGTCGGCGGCCTCGTGCTCGCCTTTATTCTCGGCATGATTGCCAATAAGCTACGTATTTCTCCTCTGGTGGGATATCTCTTAGCGGGCGTGCTGGCCGGACCTTTCACCCCTGGCTTTGTTGCTGACACCAAACTGGCTCCGGAACTGGCGGAACTTGGCGTCATTCTGCTGATGTTCGGCGTCGGGCTGCATTTCTCACTTAAAGACCTGATGGCGGTAAAATCGATCGCCATCCCCGGGGCTATCGCCCAGATAGCCGTGGCGACGCTGCTGGGTATGGCGCTCTCCGCCGCCCTCGGCTGGTCGCTGATGACCGGCATCGTCTTTGGCCTGTGCCTCTCCACTGCCAGTACCGTAGTGCTGCTGCGCGCGCTGGAGGAACGACAACTGATTGACAGCCAGCGCGGGCAAATCGCCATCGGCTGGCTGATTGTGGAAGACCTGGTGATGGTCCTGACGCTGGTCCTGCTGCCGGCGATTGCCGGTATGGCGGAGAAAGGCAACGTCGGCTTCGCGTCCCTGGCCCTCGACCTCGGGATCACCATTGGCAAAGTGGTGGCCTTTATCGCCATTATGATGCTGGTCGGCCGCCGGCTGGTGCCGTGGATCATGTCGCGCAGCGCCGCCACCGGCTCACGCGAGCTGTTCACTCTGTCGGTGCTGGCCCTGGCGCTGGGCATCGCCTTCGGCGCCGTGGAGCTGTTTGATGTCTCTTTTGCCCTCGGCGCCTTCTTTGCCGGCATGGTGCTTAACGAATCCGAGCTCAGCCACCGCGCCGCCCATGACACCCTGCCGCTGCGCGACGCCTTCGCGGTGCTGTTCTTCGTCTCCGTCGGCATGCTGTTTGACCCGATGGTGCTGGTCCAACAGCCGCTGGCGGTGCTGGCGACGCTGGCGATTATTATCTTTGGTAAATCCGCAGCCGCCTTTTTCCTTGTGCGGATGTTTGGTCACTCGCCGCGCACCGCGCTGACCATCGCCGCCAGCCTGGCGCAGATTGGCGAGTTTGCCTTTATTCTCGCCGGCCTGGGAATGGCGCTTAACCTGCTGCCGCAGGCCGGACAAAATCTGGTGCTGGCCGGGGCGATCATCTCAATTATGCTCAACCCGGTGCTGTTTACCCTGCTGGAAAAATATCTCGATAAAACCGAAACCCTCGACGAGCAGACGCTGGAAGAGGTCCTGGAAGACGAGAAGCAGGTGCCGGTCGATATCTGCAACCACGCGCTGTTGGTCGGCTTCGGCCGCGTCGGCAGCCTGCTGGGCGAGAAGCTGATGGCCCAGGGGATCCCGCTGGTGGTGGTTGAAACCTCGCGCACCCGCGTGGATGAGCTACGCGAGCGCGGGATCAGCGCGGTGCTCGGCAATGCCGCCAATGAAGAGATCATGGAGCTGGCGCATCTCGATTGCGCCCGCTGGCTGCTGCTGACAATCCCTAACGGCTACGAGGCCGGAGAGATTGTCGCTTCCGCACGGGAAAAATGTCCGAATATCGAGATTATCGCCCGCGCCCATTATGATGACGAAGTGGACTACATTATCGATCGCGGAGCCAATCAGGTGGTGATGGGCGAACGGGAAATTGCCCGCGCCATGCTGCGGCTTCTGGAAACGCCACCGGCCGGCGAAGTGGTCACCGGCTGATGTACTGCCCTCTCCCCGCCGGGAGAGGGACGCGCTTACCGATCCCAGTACGCCTCTTCCAGGCTGTCCTCACGCTCCGGCAGGCCGCGGGTTAAACGCGGCGAGTGCTGGTTCAGCACCTGATAGCTCACGCGGTTGGCATATTTACACACCTGCGCCAGCGAGGAGTAGGTCAGCCATTTGCATTTGTGCTTGCTGGAGTTGGGTACGTTATTGCGGTGGTAGTTATTGGCGGTGATGTCATGCAGCAGCGCCGCCAGCGCGCCGTCGCCTGCGCCGTTGGTGTTCATGATCTTCTCGGGGCCGCCCATATAGGGAGCGATATGGGAATATATGCGCAGCGGATTAACGCAATCCTGGTGACGCATCGCGCGGCTGAATTCAAACTGGTTAAACTCCGGGATCGCCCCCGGCAGCAGCGGATGCTGGGTTTTACGCTTCGCCTCTTCTTCGGTGAAGCCCGCCATATACAGGCCCGCCGGGCCGGCGGTGCACAGCACCAGGTCGACCCAGTCCAGCGCCTTATTCGCCGCTGACAGCGGATCGGCAAAGCCGGTCAGCGCTTCCCCTTCCTCTTCGTTCATTGCCAGAATAGAGACATGCTCCTGCAGGAACTCCTGCCACCACGCCGGGTTATCGGCAATCACGTATTTGGTTCCGAGGGTTAACACCACCGGCACATCGTGCTTTTTGGCATACTCAATAGCCTTCATCGTCGCGTCCGGCATCGGCTCGCCCGGCTTGCAGCGGACCAGGTAAGAGGTCAGCACCAGCGCCGAGGCGCCGGCGATCACCGCTTCCGGAATGCTTTCCGGACGCAGCTTGTTCATGTGGCCCGGGCTGATGGCGAAGGTGCGCTCGCCGCTGTCACCGATCAGGGTAAAGCAGCGGCCAATGGCGCCGTCGACGCCCTGCAGATAGTTCAGATCGGTGCGGCTGGAGGTATTGCACAGGTAACGATAGGCGTAGCCGCCGATTTCGATATTGCTGCACATCACGCCAAGCAGCACCGAGCGATCGTCCGCCAGCACCGAGTAGTTGTGCATGGTATTGCCGATGGTGCCGCCGGCAAACTGATGGGTAATGAGATTGTTGCGCACCAGCTCCTGGTACAGCGCCTCGGCGACGTCATCTTCAATCACCAGCGAATGGCCCGCGCTCAGGCCGTAGCGCACGATAAACGCCTCATCCACTTTCGCTTCGATATCCACCAGCGTCTGGTCGATACCGACCACCCAGGAGACGCTGGATTCATTCTCCGGCTGAATTTGCTGCAGCAGCGGATCGCGGGCGTTAACGGGAAAATAGTGTTTAGATTTGCGTTTACCGGGAAATTTCATAGTGGCGCTTAAATAACAGGGAACAAGCGGGAAATAGTAGCATATTCCCCGCCCTGCGCGCGATCAGCGATAAGGCGCCGTCAGATTGACCATCATCTCAATATGCGCTGCGTCCGCATTAAGCGCCGGAATATATTCATATTGCTTGCCGCCTGCTTCGAGGAATATTTCCCGGTTCTGGACGGCGATTTCTTCCAGCGTTTCGAGACAGTCGGCGGCAAACCCCGGGCACAGCACCTGAATATGCTTCGTCCCTTTCTCGCCGAGCATCTTTAGCGTTTCATCGGTGTACGGGGTCAGCCAGGGTTCCCGGCCAAAGCGCGACTGGAAAGTCATCATCACCCGCTCCGGCGGCAGCCCCAGCGCGGAAACCAGTTCCCGCGTCGTATCGCGACAGCGCTGAGGATAATCATCGCCCTGGTTGGCATAGCGCTGCGGGATCCCATGATAGGAGAGCAGCAGCAGATCCGGTTCCCCATGGACAGCGAAGGAAGCGCGCACGCTGGCCGCCAGCGCATGGATATAGTCCGGATGTTCGGCATAGTCGCGAATAAACGAGATACCCGGAATGGCGCGCTTTTTCGCCAGAATCCGCGCCAGTTCGTCCCAGACGGCGGCCACCGTCGAGCAGGAATATTGCGGATACAGCGGCAGCACCACGATGTGCTCCACCCCCTGCGCCAGTAAGTCATCCACCGCGCTGGCCAGTGACGGTGAACCATAGCTCATGCCCAGCGCCACCGGGGTATCCGGCAGCCTGGCAGCCAGCGCCTGCTGCTGGCGACGACTATACACCATCAGCGGCGATCCCTCTTCCATCCACACGGACTGATAGAGCTTCGCCACGCGCGGGGAGCGAATCGGCAGTATGACGCCGCGCAGCAGCGGCCACCATAGCAGACGAGACGTATCCACCACCCGTTTGTCGCTGAGGAATTGTCGCAGATAGCGCTTCACCGCCCCGGGGGTGGGCGCATCGGGAGTGCCTAAATTGGCCAGCAAGATACCTGTTTTCGTCTGATGCATTACCGCCTCTTAACCATTTGAATCGCAGCCAATTGTAGCTGAAATGGCGCTAAACGGAACCAATCATAGCAAAAGGTAGAAATGAGAGGAGTTCTCATCCTGCCGCAGCAGGATGAGAAAGGGCTTTATCAGCCGAGGATTTTTTCCAGTTCGGCGCGCACGTCAGCTACCGCTTTGGTGCCGTCGACTTTGGCGTATTTGGTGTTGCCCGCCTGCGCTTCTTTGGTGTAGTAGCCGATCAGCGGCGCTGTCATCTGATGGTATTCTACCAGACGCTTACGCACGGTCTCTTCCTGATCGTCTTTACGGGTGGTCAGCTCTTCGCCGGTCACGTCGTCTTTGCCTTCCACCTTCGGCGGATTGAATTTGATGTGGTATACGCGACCGGATGCCGCGTGGACGCGACGGCCAACGATGCGGTCGACGATCAGTTCGTCCGGCACGTCGAATTCCAGCACGTAATCAACGGTAATGCCCGCCTCTTTCATGGCGTCAGCCTGCGGAATGGTCCGCGGGAAGCCGTCCAGCAGGAAGCCGTTACGGCAATCTTCCTGGGCGATACGCTCTTTCACCAGCGCGATGACCAGCTCATCGGTCACCAGCTTGCCAGCGT
NZ_CP061961.1_gap97	4099366	4100770	1404	TGTACATCGACAGACCAATCACGTCATACGGTACATGGCGCTTGTCGATCTCATCAAACCACCAGCGGAAGGTATCGTTCTTGGTCCCTTCGGCCAGATGCAGCATGATTTTCACCTGCTCGCCCTGGCGCAGGTTCTCCTTCAGGCCAGCGATAGCCGCGTTCAGCAGGCCAGCCAGCCGGTCGAACTCTCCGCCGCCCTGCCCCCAGCTTTTCCCTTCCGGCCACAGGATGCCGCCGTTGATTTCGTTGCCGATCTGCACCATATCCGGCAGCACGCCCGCCTGCTTAAAGCGGGCGATGGTATCGCGGGTATAGTCATGAATCGCCGTTTTCAGCTGCGGGTAATCCAGCTTTTCCCAGGCTTTCGGCTTGAACTGCTTGCCGGGATCGGTCCAGAAATCGCTGTAGTGAAAATCAAGCAGCAGCTTCATCCCCTGGGCTTTCGCCCGTTTCGCCAGCGCCAGGGTGGTGGCCAGATCATTGTTCCCACCGCCATAGTCCTCGCCGCTCGCCGATTGCGGATCCACCCACAGACGGAGGCGGACATAGTTGACGCCGTTCTCTTTCAGAATGGCGATCGGATCCTTGCGCTGATTATTCTGATCGTAGAACGTCGCCCCGTGCTTTTCGGCGTCCAGCAGCGTGGAGATATCCGCGCCTTTGATAAAGTCCGCCGGCATGCCCTGAAACGCGCGGGTTGCAAGCGCGTCCGCGGCCAGAGAAGAAGTGGAGAAACTGCATGCCAGACAAACCGCAAGCCATGCGGGTGTGAATCTTTTCATGTGCTTATCCTTTAGTACTGCCCGAGGTCAGGCCGGAGACGAAGTATTTTTGTAGCGCCAGGTAGAGGATCGCCACCGGTACGGCGATCAGCACCGCCCCCGCCGCGTAGGTGGTGTAGCTGGCACCCATTTTTTGCGCCACCAGGTTATACAGACCGATAGGCAGCGTGTATTTATCCGGGGTACGCAGGATGGTACTGGAGAGGATGAAATCCCCCAGCGGCCCAGTGAACGAGAACAGCGCCACCACCGCGAGGATGGGCCTCGACAACGGCATGATGATCTCGATAAAGATGCGAAAGCTGCTGGCGCCGTCCATGCGAGCGGACTCATCCAGGTCTTTAGGGATCGCGTCGAGATACCCTTTCATCAACCAGGTATTCATCGGGATCATCCCCCCGACGTAGATCAGCACCAGCGCCAGGTGGCTGTTTATCAGGCCAAGCAGTTGCGACAGCACAAAGATGGCAATCAGCGCGGAAAACTGCGGGATCATCTGCAGCAGCAGGAACAGCATCAGCCCGTTCTGCCGCCCTTTAAAGCGGAAGCGGGAGAAGGCGTAAGCGGTAAAGCTAACGCTAATCAGGGTCAGCACCATGGTCAGGAAGCTGATTTTCATC
NZ_CP061961.1_gap98	4104563	4107012	2449	GCGATGACGCTGGCCGATAAAATCGTGGTCATGAACTACGGGAAAGTCGAACAAATGGGTTCGCCGATGGCGCTGTACTACAATCCGGTCAACAAATTCGTCGCCGGCTTTATCGGCTCGCCGAAGATGAACTTTCTGCCGGCTATCGTCAGCGACTGGCAGCCGGAACGCTTAACGGTCACCCTCGCGCAGGACCATCAGCTGGCCCTGAATATCGCCACCCAGCCGCTGAAGCCCGGCGCTGCGGTGACGCTGGGGATCCGGCCGGAGCACCTCACCCCGGAAATCACCACCGGTACCGTGGTGGAGTTTCAATGTGAAGTGGTGGAGCGTCTGGGCAACAATACCTATCTGTTCGGCCAGTGCTACGGCCACGACAACGTCAAGGTTCTGCTGCCCGGCGACGTCCATTTCCGCCCCTGGCAGAAAATTAATCTGGCTTTCGATGAGCGCTTCTGCATGGTGTTTGATGAGAACGACCTGCGCATCAGCGCTGATATCCCGGCGCCGGATGCACACTAGCTAACATATTGCTGTCATCTGCGCAGCGTATGCTGCGACTGAATGCCGGAACACACCCTGCCCGGCATTCACACCCTCATTTTTATTCTGCTACATCGGAATCATCCTTCTCTCCCGGCATCGCAGCCTATTGTGATGCCGGCTTTTTCCCCAAACGACGCGTTTTCTCCCGCTGCGCCCGAATTATCTTTCGCATATACTGATGACACCCGGCGAACGATAAGGACACAGGCATGAGGACCCGGCATCTGATGGCGCTGTTTACAGGAGTGCTGATACTGGCCATCATCCTGCCCATTTCACTCAGCATCTGGCAGGCGGCGCGGCAGGCCAAAATGCAGTTCTATCGTGAACTGGATGACTATTCCAACCGTATCGTCGTTCGGACGCTGCAGGTTGCCGACCAGGCCCGGGAAGCGTTACGAGAGGCTGACGCACACACCGCCGCCTCCTGTAGCCCTGAACATCTGCTTACGCTCCGCCGCATCGCCTATACCCATCGCTACATTCAGGAAGTGCTCTGGCTGCGTGATTCCGTGCCGCAATGCTCCTCCCTGGAAGACCATAGCGTCGCGGTCACCTTCCCCCCGCCGGACCACATTGCCCCCGACGGCTATCGCACCTGGCTGACCTCAATTAACGATCTTGGCCTCGATCATCAGATGACGGCCATGGGCAGCCGGCAGCACATGGTGATGATCGACCCCGTCTCCTTTATTGATGTCGTTCCCGCCAGCGAAGAGAAGATCCATACCATGCTGTTTGGCCTGGACCACCAGAAAATGGTGATCAGCAGTCAGCCGCTGCCGGCGAAAGTCTGGCAACGCATTAAAGATCCGCATGTGGATATGCTTACTCTGGATAACACAGTCTACCGGATCCAGCGCATTCCCGAGCTGGGCTCTGGCATCGTAACCTGGTCTTCAACCTTGCCGCTGCAGCAGCGCATTCGACAGCAGCTGTTCTTCTGGCTCCCTGCCGGCATTTTCACCAGCCTGCTCGCCACCTGGCTGCTGCTGCGTCTGCTAAGGCACCTGCGCTCACCGCGCAACAGCATGCTGGACGCCCTCAATTCCGAAGCGATTCAGGTTTACTATCAGCCGATAATCTCGTTGCAGGACGGGAAAATCGCCGGGGCCGAGGCGCTGGCCCGCTGGCAGCAACCCGACGGCACCTTTTTATCGCCGGATATTTTTATTCCTCTGGCCGAGCAGACCGGGCTGATTACGCAGCTGACGGAAGATATCGTCAGGAAAATTTTTACCGATCTCGGTCCCTGGCTGCGGCAGCGGCCGGAAGTGCACATATCCATCAACCTGTCGGTAGATGATTTACGCTCGCCCACCCTACCGACGTTGTTGCACGATCAGCTGCAGCACTGGGGGATCGCCGCCGAACAGATCATCCTTGAAATCACCGAGCGCGGGTTTGTCGACCCGGAGACCACCATGCCGGTGATCGCTCACTACCGTCAGGCTGGCCATCGGATCTCGATTGACGATTTCGGTACCGGCTACTCCAGCCTGAGCTATCTGCAGAAACTGGACGTCGACACGCTGAAAATCGATAAATCTTTTGTCGATACCCTCGAGTACCGGCCGCTGACGCCGCACATTATTGAAATGGCCAAAGCGCTCAATCTGGCCACCGTCGCCGAAGGGGTGGAAACCGAAAGCCAGCGCGACTGGCTGCGCCAGCATGGCGTTCAGTACGCCCAGGGGTGGCTTTACAGCAAAGCGCTGCCAAAAGAGCAGTTCATTCTGTGGGCAGAGCATAACCTCCATGCGCATTAAGCGGCGGGTGGCTTGAGCGGAACGTCAGGGGGCGCTACTTCAGATAGGATTTAATCACCTGCATCACCGTCTCCAGATCCGCTTCGCGCTGCGTCTCGTCAGGCTCTTTCACCACATGGTCGGTAAGATGCCCC
NZ_CP061961.1_gap99	4173649	4176646	2997	CGCGTTGCGCGTCGGCATGACGCAGTCGAACATATCGATACCGCGACGTACCCCTTCCACCAGATCTTCCGGCTTCCCGACGCCCATCAGGTATCGTGGTTTATCGGCCGGGATCTGCGGGCAGACGTGCTCCAGAATACGGTGCATGTCTTCCTTCGGCTCACCAACCGCCAAACCGCCGACAGCGTAGCCATCAAAGCCAATCTCTACCAGACCTTTCACCGAGATATCGCGTAAATCTTCGTAAACGCTACCCTGAATAATGCCGAACAGCGCATTTTTATTGCCAAGGCTATCGAAACGGTCGCGGCTGCGCTTCGCCCAGCGCAGAGACATCTCCATTGAGCGCTTGGCGTAATCCCAGTCCGCCGGGTACGGCGTACATTCGTCGAAGATCATCACGATGTCAGAGCCGAGATCGTACTGAATCTCCATCGATTTTTCCGGATCGAGGAAAATCGGATCGCCGTTGATCGGATTGCGGAAGTGGACGCCCTGCTCGGTGATCTTACGGATATCGCCAAGGCTGAACACCTGGAAACCGCCGGAGTCGGTCAGGATCGGTCCTTTCCACTGCATAAAATCGTGCAGATCGCCGTGCAGCTTCATGATCTCCTGACCCGGGCGCAGCCACAGGTGGAAGGTGTTGCCGAGAATAATCTGCGCGCCGGTGGCTTCCACCTCTTCCGGCGTCATCCCTTTGACGGTGCCGTAGGTGCCAACGGGCATAAAGGCCGGTGTTTCCACCACGCCGCGCTCAAACACCAGGCGACCGCGGCGGGCGCGACCGTCGGTGGTATCCAGTTCAAATTTCATGCTTGCTCCTGCGTCAGAAAAACAGTCCGACGTTTTCATACTCGCCACGGAATGATTCCGTAGCTAAAAAATGCGTTATGGCGTCTACAAGCCGGCGTACCGGCCTTTTCAGGGACGCTCAGAAATAGCCTGCGGATTGTACGTGATAAACATCGCATCCCCGTAGCTAAAAAAGCGATATTTCTGCTCAACCGCCACCTTATAGGCGTTCATGGTGTGCTGATAACCCGCAAACGCCGACACCAGCATAATCAGTGTGGATTCAGGGAGATGGAAGTTAGTCACCAGCGCATCGATCACCTGGTACTGATAACCCGGGTAGATGAAAATCTGCGTATCGTCGAAGAACGGCGCGATCAGCGCGTCTTTCGCCGCCTGCGCCGCGCTCTCCAGCGAACGTACCGAGGTGGTGCCCACCGCGATCACGCGGTTGCCGCGCGCTTTCGCCGCCAGCACCGCATCGACCACCTCCTGCGGCACTTCGGCATATTCGGAGTGCATGGTGTGCTCTTCAATGCTGTCGACGCGCACCGGCTGGAAGGTGCCCGCGCCCACATGCAGGGTGACAAACGCCATCTCAACGCCTTTGGCGCGCAGTTTGTCCAGCAGCGGTTCGTCGAAATGCAAACCGGCGGTCGGGGCGGCTACCGCGCCCGGCCTGGTGCCATAGACGGTTTGATAGAGCTCGCGGTCGGCGTCTTCGTCCGGGCGGTCAATATAGGGCGGCAGCGGCATATGGCCGATCCCGTTAAGGATCTCCAGCACCGGGCGCTCGTCGTTAAACTCCACTTCAAACAGCGCGCCATGACGCGCCAGCATCGTGGCCTTAATACTTTCGTCATCGCCCAGCAGCAGCTCGGCGCCCGGTTTCGGCGCTTTCGAGGCGCGAATATGGGCCAGAATGCGCTTATCATCCAGCATCCTCTCCACCAGCACTTCAATCTTGCCGCCGCTGGCCTTACGACCGAACAGACGCGCCGGGATCACCCGGGTGTTGTTAAACACCAGCAGATCGCCTGGATTAAGCTTATCGAGAATGTCGGTGAAGGTGCCATGCGTCAGCGCGCCCGTCGGCCCGTCCAGGGAGAGCAAGCGACAGCTACTGCGCTCAGGCATCGGATAGTGGGCGATCAGAGATTCGGGTAGTTCAAAAGCAAAATCGGTAACGCGCATGACGGTAACTCAGACTGAATAAAGAGGCGGGTAGTCTAGTGCCGGGGCGGTCTGGCTGCAACCTTTACCCCTCCGGATGAATGACATAATCTATATTCCAAATCATTCCGAATGCCGCCATGCGGCAACCGAATGCCTTACCGGTGGCAAAGGTGCCGCGCGCGGCCAGACAGCATGCCATTCGGCCACCGAGGCGGCGTTCAGCGCAACATCGGTGTTTCCACCTGCCCGCTCGTATTTAAAGGATGCCGTTTTATGAATTTTCTCGCCCACCTGCACCTGGCCCATCTCGCCGACAGTTCGCTGCCCGGCAACCTGATGGCCGACTTCGTGCGCGGCAACCCGCAGGGCGACTATCCGGCGGAGATCATCGACGGCATCTTTATGCATCGGCGGATTGACGTGATGACTGACAACCTGGCGGAAGTCAAAGAGGCGCGGGAGTGGTTTCGCCCGCAGACCCGCCGTGTCGCCCCCATCACCCTCGACGTCATGTGGGATCATTTCCTGTCCCAGCACTGGGCGCAGCTCTCCCCTGACCTGCCGCTGGACGAGTTCGTACGCTACGCCGAGCGGCAGATCGTCCCCATCCTGCCCGACTCGCCGCCCCGCTTCGTCAATCTCAATCAATATCTGTGGTCGGAGCGCTGGCTGGAGCGCTATCGGGAAATGGATTTTATTCAGCGCGTGCTGAACGGCATGGCCAGCCGCCGTCCACGTCTCGAGGCGCTACGCGACTCCTGGCAGGATCTGGATACCCATTACGACCGTCTGGAGACGCAGTTCTGGCGCTTTTATCCGCAGATGATGCGCCTGGCAGAAAACAAACAGCTGTAATAGCCACGTCATTGATAGGTAAAAGCTGGCTGAACGATTGTTAGCGCCTCTTTGTGTTATTGCCGGGCAGGCTCTATACTTGCCCGCGTTGCGTTCCAAATAACCTTAGTAATTACAGGAGAATCAAATGGTTCTGGTCACTCGTCAAGCGCCGGATTTTACTGCAGCCGC
NZ_CP061961.1_gap100	4190001	4191423	1422	GCGCCGCCAGCAGGAAACTGCCCGCCCCGCCGAAGGTGTGCTGCACGTAGGCATGGAGGATCGCCGCGCCGTTGGCGGACTGATCCACGAGAGTAGCGCTGTCAGAGCCCAGACGGAACAGCGCCAGATACAGCAGGGTCAGGCCGACGCCCGCCATCAGGCCAGCCCAGACGGTATAACGGGTCAACAGACGCGCTTCGCTGACGCCGCGTGAGCGAGCGGCATTAACAATCACGATGCCGAACACCATCGCGCCGAGGGTATCCATGGTCAGGTAGCCGTTGACGAAGCCATTGGAGAATGGCGCCGTACGATACGCTTCCAGCGCGTCGCTGATCGGGCCCGCTGGCCAGATGATGGCGGCGACCGCCAGCACAATCAGGGCGATAATTTTCAGCGGCGCAAGGAAATTGCCCACGGTGTCCAGCAGTTTGCCCGGATAGAGGGAGACCAGAATCACCAGCGCGAAGTAAATAACGCTGTAGATCAGCAGCGGCAGCGGGCCGTCGCCTGTCAGCGGCGCAATACCGACCTCAAAGGAGACGGTCGCGGTACGCGGCGTCGCGAACAGCGGTCCTACCGCGAGATAGCACACCACCGCCAGCAGGATACCGGCCACTTTACCAATCGGGGTGCTCAGGCTTTCAACGCCGCCGCCGACTTTCGCCAGCGCCACCACCGTCAGCACCGGCAGACCCACCGCAGTGATCAGGAAGCCGATCGCCGCCGTCCAGACGTGCTCGCCCGCCTGTAAGCCAACCATCGGAGGGAAAATAATGTTGCCTGCGCCAACGAACAACGCGAAGGTCATAAAGCCCAACGCTATGATGTCGCGAGATTTTAACTGATGGGTCATAAATTCATTACTGCCTGTGGATGTGGTGTTGTAAAAAAATGGAAAAATACCGCGCTCCCCTCTCAGGGACGATACAGCGGCCATTGCCGGTAAACTCAGCGAGATATGCTCCCGAAGCGGCGTGGGAAAGAATTGTTTTTGGTATTACCACGCAAAAGCAGTCTGTCATCGACTGCGCAGGCGCAATTTAAACGCTTATAACGTTTTAAAGCAAGGCACGATCGCAAAAGCAGATGATTATGCTGGTTATGTCTTTCACACCAGAATCATTTACCATATTGATAGAAAACCCGTGGCTTATCATGCGAACAAAAAAGCAGCGCACGCTCATTAAATAGGCGAGAAAAAACGACTGCCAATGAAAATGACCAGCTGAAGCTGGTCATTGGCAAGATAAACTGACAGCGCGTCGATCAGGCGTCATTTTTGGCAATTAATCGTTCCGGGAGCAGGAAGCTAAAGCGGGTTCCCTTGCCCACCGTGCTGTCGATTTCCAGCCGGCTGTCATGATGGTTAACCGCGTGTTTGACGATCGCCAGTCCCAGGCCACTGCCCCCCGTTTGCCG
NZ_CP061961.1_gap101	4242625	4246218	3593	CCGTCGTAGAGGCATCGTCGTTATCCATCTGCACAACTGTCTATTTCACGGGAACAAACTGCTCACCCTGCCAAAGCGCAACCCGTCCTTTTTTATCTGCCGTATTCACCTGCGTAAAACGGCGCGATTTACCCGGCATCAGGTAGTAATTCTCTTTACACTCCTTACCGTCGGCGGCCTTCAGGCAGGGGCCGTAGGCGAGGATCCGCAATGTCGCATTCCCGGTGTTGGTCAGAGAGCCGTTGGCGTACTGAAAGCGGTAGTTCACCTGACGCGGCGCCACCACCAGAATGGTGCCGATGCGGGCGGACGCCGTGGCCACCGCGCTGCGTTTAGCGTTATCGCGCTGGGCATCGCTGAGCGCCTGATCGAACCAGACAATGCGGTAGTAGCGCTCTTTGTCATCCGCCGGGCCTTTGTAGAAGAAGCGGATGACATCGCTGGCCTGGGCGGGTAGCAGCAGGCTGGCGGGGGTAAGCAGCACCTCATCCGGTTTGTCCATCGGGATAACCTGCCCGCCGTCCAGCGGGGAAGAGAGCCGTTCGAGATGGATATTGATCAGTCGACCGCTGTCTGTGCTGTTCTTGATCGTTTTGCTCAGCGTGCTGCTGCCGCTGTTCATAAAGGATGAAATATCGCCGACATCCAGCGCCTGCGCCGGCGACGCCCCGGCAAGCAGCAGCCCGAGGGCCAGAAGGTGCTTTTTCATAACAATTCCGTCCGTGAAAAAAGCAGGGGGAGATCCCCCTGCTGGTGCATCAGAAGGATCAGCTGGTCCAGGTGGCGTCGAACTGTACGCTGACGTCGCCGCTCCAGATCCCTTCCGGCAGGGTGCTGTAATCGGTCACGGCGGTGGTGCCGTTGGTGGTGCCGCTGATGATGGAGAAAGTGAAACCATCCTGCGCGGTGGTACGGCCGCTGGCGTTGTAGCCATTAGCCAGCGCGCTGAGGTTGCCGCCCATAATATTGTTGGCGGTATCGATCATCACGGTATCGCCAGTTTTTTCCACCGCGGCGCCGTTATAATCCACGCCCACGCTCAGCGTGGAGCCGGAGGTATCCAGCTGGGTTAAGGTGTTGGTGATAAGACGCGAGGTTAGCTTAAAGGCGGTCGCCGTTGTGTCCCCCTCAATCGCCACGTCAAACAGACCTTTCTGCGAGTTAAAGCCTTTAATGCCTTCGGCGTACTGGAACGCCAGGCTGCCGAGCGGGGTCACAACCAGCTTGCTGGTGGTGTCTTTTTTAGCGGTCGCAGACCAGGTCGCTACAGCCTGAGCCGTTACGTCAGCAGCCTGCGCCACGCCCATACCGGTAAACGCCGTTACCAGAGCTATTGCCAGAACCTTTTTTTTCATCGCTTTTTCATCCTGAGTTGAATTAAGGACATGATGTCCCGGTGAACCATTTAAAAAACAGAATTGCCTGGGTGTTACTGAACTAACTTATATATTTTGGAATACAGTTTGGCCTCAGCATTACGCCGATGGGTATACACTGTCTTCACGCTACAATTTTCAATTCTGGCGATCGATTTCGGCTGCATGCCCTGGGCGGTCATGCGGATAATTTTCATTTCCCGATCTGTAATTTTATCTTTCTTAATATCTTTGCGGAGAAACCTGCCATTAATTACATAGGCCAGTTCTTTTCGAATATCGCGACTCAGACCAACATATACCACCCCGCGAATATCGCTATTGTAATACCAGTAGTTCGCTAAGGCCTCTGATTTCCTGGCCGCAATCAATACGACCTGTTTCCCCTTTACCGCGGATAGCCATTCGCTGTCGCGCCTGATAAATTCGTTTAATGAAGCCGTATTGAGATTGATAAACACAAAATCTTTTCTGATTTTCTCCAGTGAGAGATAAATTAATTCGTCGATGTCTACAATCAGTTCGGACAGTCCTTTATAGAAATAGGAGTCATCGGCAGACCAAATATACTTATCGGAACAGCTTTTATATTCCATATAGTTTTTAACCTCATAGTCCTTGAAGTAATCATTTTTACAACGTCACTGCTTGCCAGGCCTATAAAGTTTACTGGCGTATTCGTTTCCTTTAATAAATCGCCATTAAATAAGACACGCATTACTTATCAATATTGGATAAGCGGGGATTAAACTATAATTATTTTCTGCTTGGCGTTGAATTTAAGTTTTTTCCTATGGAGTGTCAACATGCGGAAAGGCAATGAATTTCGCGCCCAGGTCAATATTTACAAAAACTGAAAATATCAAATTTTTGAGCGCCAGAAAAAGACATTTATTTTCATAAGGTTATTGGTAATATAACCGTCAATTCTTATCTGCGCTTTATATTATCCAGGATCTTCGCCCTATTATGTTAGGAATATTCTTAATGGAACTCTTGAATGGCTTATCAAATAAACCGGATTTAGCACAAAAGAAAGGATATAAATCTACAAATAAAGAAAAACCAGGATGATTCACCAACACATAAGACTCATGAATAGATTAACCTGCCGCACAAAATAGTTATGTATATGTTAATACATGCGGGATGTTGAATGCTAAACAAAGGCAGACGCATTATCTATTCGATTAAACAGTCTTCTTCATCAAGATTAAGCGAAGATTGCCGAAGGCTGTCTACGCCTACGAACCGGTCTGTCCTCGCGTCCTCCAAAGCATAGCGGCTTTTCGGCGCTTCGCCAGCCGCCAGCATGCCGCACGCGTTGAGCCGCTGGCCGTCGCTCTTTCACGCCAGTTCACGCTTTGTTCGCAATACCGTCATCGAAATTTCATATAAAGACCTATTAATAGTGGCCAGTTAATGACGAACCTGGACACTCTTATGAACAGCTCTCTTGCCGCGGTGGCCGAAACTGATTTCCAGCCGTTCACCGATCCCGCTGCCGGCCGGCAGCGGAAGGTCTTAAGCGTGCGTAATCTGAGTAAAGCTTATCAAGCCCAGCACAAGGTGCTGGACGGCATCAGCTTTGATCTGCACGCCGGGGAAATGGTCGGGGTCATTGGCCGCTCCGGCGCCGGTAAATCGACGCTCCTGCATGTCCTCAACGGCACCCACAGCGCCAGCGGCGGAGAAATTCTTAGCTACCCGGAAGTCGGTACCCCGCACGATGTCTCACAGCTGAAAGGCCGCGCGCTCAATGCCTGGCGTAGCCACTGCGGAATGATTTTTCAGGACTTCTGCCTGGTGCCGCGCCTCGACGTGCTCACCAACGTCCTGCTGGGCCGCCTCAGCCAGACTTCAACCCTGAAATCGCTGTTTAAAATCTTTCCCGCAGCCGACCGGGCGCGCGCCATTGCGCTGCTTGAGTGGATGAACATGCTGCCGCACGCGCTGCAGCGGGCGGAGAACCTCTCCGGCGGGCAGATGCAGCGGGTGGCGATCTGCCGGGCGCTGATGCAAAACCCCGGGATCCTGCTGGCCGACGAGCCTGTCGCCTCGCTGGATCCGAAAAACACTCAGCGCATCATGGATGTGCTGCGCGAGATTAGCGAGCAGGGTATCAGCGTGATGGTAAACCTGCATTCGGTGGAGCTGGTCAGGGCCTACTGCACCCGGGTTATCGGCGTCGCCAGCGGCCAGCTTATTTTTGACGAT
NZ_CP061961.1_gap102	4294154	4297628	3474	CAGCTCAGGATCGGTTCGTTCGGCCTCGCTCATCACAATGCGCGCTTGCACATCGAGGATCTCCTGCGGAGTTACGCCGCGCCAGATCCACATCAAACGGTTGATCAGACGGTACCAGTGATCGACGTGATTGCCGCTCAGCGCCGACTGCATCGCCTGGGGTTTTCCGGCAGAAAACCGACGCACCAGCGTAGAAGTTTCGGGATGTTTGAAGCGAGGTTTAAACAGCGTTTCGCTGAGGTTAGCCTGTGACATGTGCAGTCTCCGTCGTAGTGCCACTCCGGATATTGTAACCTGCTAAAGGATAAAAAAAACCACGCCCGGCAAGCCGGGCGTGGTAAATAGCACTGTCCTGAAGAATTAACGACCTGCGATAGGCGGTACAAACACCACGCCCATATCCCACGGCTGTTCAATCCAGGTATCCTGCGGAATATCCACAACGTAATCGTCCACCAGCGGGCGGCCTGCCGGCTTGGCGAAAATGGTGACAAAGTGCGCTTTGGGATACATTTCGCGGATCGCCACGGCGGTACCGCCGGTATCCACCAGATCGTCGATGACGATAAAGCCTTCGCCATCGCCTTCCGCACGTTTCAGCACTTTCAGCTCGCGCTGGTTATCATGGTCGTAGCTGGAGATGCATACGGTATCAACATGACGAATGCCCAGTTCACGCGCCAGTAAGGCTCCCGGTACCAGTCCGCCGCGGCTAACGGCAATAATGCCTTTCCATTGCTCAACCGGCAGCAGACGGCTGGCCAGTTTGCGGGCGTGAATCTGCAACATGTCCCAGGTGACGACGTATTTTTCGCTCATGTGAAGTGTCCCAGCCTGTGTAATACGGCTTAAATAATGTTCGAGGGGGAAAATGGTTGCGCGAGATTATAGAGATCTGACGCACTAAAAACCAGTGTTAAGCGGTTTGCGCAACGCTTTTTGCGTTGTTTACACTACCTGCGGCGGTGGAAAGTGGTATTCTCAACCCCATCGCGCAAGCCCGGGCTTGTTGTGTATTTTAACGCTAACCCTCGTCCTGCAACCGCTGTATGCAGGAGTCTGTAAGGAGACTTACCGTGTCTGAACTGTCTCAACTATCCCCGCAGCCGCTTTGGGATATTTTTGCCAAGATTTGCTCCATCCCGCACCCGTCCTATCACGAAGAACAGCTCGCCGAGCATATTATGGGTTGGGCAAAAGAAAAAGGCTTACATGCGGAACGCGACCAGGTTGGCAACATTCTGATTCGTAAAGGCGCGACTGCCGGTATGGAAAACCGTAAGCCGGTAGCGCTGCAGGCGCACCTCGATATGGTGCCGCAGAAAAATAACGACACCGTCCACGACTTCGTTAAAGATCCGATCCAGCCGTACATTGACGGCGAATGGGTGAAAGCGCGCGGCACCACGCTGGGCGCGGACAACGGTATCGGAATGGCGTCCGCACTGGCGGTACTGGCCGATGATAGCGTCGCTCACGGCCCGCTGGAAGTGCTGCTGACCATGACCGAAGAAGCCGGTATGGACGGCGCGTTCGGTCTGCAGGCCAACTGGCTACAGGCCGATATCCTGATCAACACCGACTCCGAAGAAGAAGGCGAAATCTATATGGGTTGCGCCGGCGGGATCGATTTCACCTCTAACCTGGCGCTGACCCGCGAAGCGATTCCCGCCGGGTTCCAGAGCTTTAAAGTCACCTTAAAAGGGCTGAAAGGCGGCCACTCCGGCGGTGATATCCACCTTGGTCTGGGTAATGCCAACAAGCTGCTGTCGCGCTTCCTCGCCGGCCACGCCGATGAGCTGGATCTGCGTCTGGTCGATTTCAACGGCGGCACGTTGCGCAACGCCATCCCGCGTGAAGCTTACGCTACTGTCGCCGTCGCCGCGGATAAAGCCGATGCGCTGAAAGCGCTGGTGAATACTTACCAGGCGCTGCTGAAAAACGAGCTGGAGGCCAAAGAGAAGAACCTGGTGGTGCTCGTGGAAGCGGTCGATAACGACAAAGCGGCGCTGACTCAGGCTTCCCGCGACACTTTCATCCGTCTGCTGAACGCCACGCCGAACGGGGTTATCCGCAACTCTGACGTGGCGAAAGGCGTAGTGGAAACTTCGCTGAACGTCGGCGTCGTCACCATGACCGATGACAACGTACAGATCCACTGCCTGATCCGCTCGCTGATCGACAGCGGCAAAGACTACGTGGTCAGCATGCTGGATTCTCTGGGTAAGCTGGCGGGGGCGAAAACCGAAGCCAAAGGCGCTTACCCTGGCTGGCAACCGGACGCCAATTCGCCGGTGATGCACCTGGTACGCGAGACTTACCAGCGTCTGTTCAACAAGACGCCGAACATCCAGATCATTCACGCCGGTCTGGAATGCGGTCTGTTCAAAAAACCGTATCCGGAGATGGACATGGTCTCCATCGGGCCAACCATTACCGGTCCGCACTCCCCGGATGAGCAGGTCCATATCGAGAGCGTCGGTCAATACTGGACGCTGCTGACCGAGCTGCTGAAAGCCATTCCGGCTAAATAAGCCCCACAACCGGCGGCGGCCCGCCGCCGGTTTTACCCCGCATCACCTTAGCGCCACGCGTTTTTCCATCCGGTAATTAATAAACCACTCCCCGCGCGCCGCCACCCGTTGCTCAGCCACCACCTTAAAACCATGAGCCGTAAAACAGGGCTTTGCGGTAATGCTGGCGTCCACCGTCAGGATTTGCGCTGGATACTGAACGCAGAGCGCCTCGATAAGCGCGCCGCCGATACCCTGGCGGGCACGATCCGGCGAGACGAACAGCAAATCGATATGCGTCCCGATGGCGGTGATAAAGCCAACCGGCTGGCTGTTGACCACGGCCACCAGGCCGATTGAGTCGGCCAGCTTTTGTCGCCAGCGCGTCTCATCCACCTGCGCCCAGGCCGCGATCTGCCCCGGGGTATAGTCCCGACTGGCGGTTTCCCGCACCGCGCGCAGAAAGATCTGGCAGAGCAGTGGCAAATCGCTGTCGCGGTAAGCACGAATATGCATGGCTAAATCCCTAATAAAAGCTGCCTTTCCAGCTGCGGATCGAGCAACGTCACGTGGAGCCCAACCAGGCGCACGCCCCGTCCGCCGCGGCGCTCATCCCAGGCTTTGTGCGCGGTGGCGATCAGATCCTCTTTGTTCAGCCGCGGCCAGACGTGCTCCTGGGTGGTCAGCTGGAAATCATTGAATTTCAGTTTAATGCCCTGGCGGGCGATCAGCAGATCAGGTTTGACCTTCGCCAGTCGCCTCTCCAGCTCGGGATAGAGGTTTTCGATAATCGCTTCGCACTCCGGCCATTCATGTATATCTTCCGCTAAGGTGCGCTCCACGCCCACCGATTTACGCTGCCGATCGTTATGAATTTCCCGCTCATCAATCCCGTGGCTGCGCTCCCACAGAATACGCCCGAATTTACCGAAGCGCTTAAGCAGCATGGCCAGATCGCTGT
NZ_CP061961.1_gap103	4299024	4302929	3905	TATGGCCTGGAGCTGAAGCGCAAAGTCGAGGTGGTGGAGAAATTCACCCTTGGCGAAGGGATCTCCCCGGCGACGCTCACCTGGGATAAAGAGGCAATGGATTGCTTCCGCTCGCAGGATAAAGCGCACATTATCTTCTTCGGCATCAACAGTGCGGAAGACTACCGCACGGCGATAGAACTGGGCGCCGACGGGGTGATGGTGGATTCTCCGGCGCAGGCGAAAAGCTGGCAGTAAGGGAGTCAACGGCTAAAAAGGCCGCGAAAGCGGCCTCACATTGCTGGCATGTTGTTGCCGAGTGGCGGCTGGCGCCTTACCCGGCCTACAAAACCGAAGCAGCAGCCCCGGCCAGCGCAGCGCCGCCGGGCACGGAGCCGCTTTATGCCGGGTGGCGGCTGGCGCCTTACCCGGCCTACAAAACCGAAGCAGCAGCCCCGGCATGCGCAGCGCCGCCGGGCACGGAGCCGCTTTATGCCGGGTGGCGGCTGGCGCCTTACCCGGCCTACAAAACTGAAGCAGCAGGTCCGGCATGCGCAGCGCCGCCGGGCATTACAAAATACGCCGCTGCTGACGCTGCGCCTCGCGGGCGAGGCGCTTTTTACGCGCGTCGCACGGTTCCGGACAATCGCAGACTTTCTCCAGCCCCAGCGCGGAGATCCCACCGCAGCTGCCCTGGATGCTCTTGCGCTTCACCAGGTAGCCCAGCGACATGCCGAGGATCACCAGCGCAAAAATCACAAAGGTCGCGATAAATACCGTCAGCATCGTCAGCCTCCAAAGTCGTCGAGGAGAATATTCTCGTCCTCGACGCCCAGATCTTTGAGCATCTTAATTACCGCGGCGTTCATTACCGGCGGCCCACACATGTAAAACTCGCAGTCTTCCGGCGCCGGGTGATCGCGTAGATAGTTCTCGTACAGAACGTTATGGATAAAGCCGGTATGCCCGGTCCAGTTATCTTCCGGCAGCGGATCGGAGAGCGCGACGTGGAAGGTAAAGTTTGGATTGTCGCGCGCCAGCTGTTCAAACTCCTCATCGTAGAACATTTCGCGCAGCGAACGGGCGCCGTACCAGAAGCTGATTTTGCGCGTGCTGTGCAGGCGCTTGAGCTGGTCGAAAATATGCGAACGCATCGGCGCCATCCCGGCGCCGCCGCCGATAAACACCATCTCGGCGTCGGTTTCTTTAGCAAAGAACTCGCCAAACGGCCCGGAAATCGTCACCTTATCGCCCGGCTTCAGCGACCAGATATAGGATGACATGATCCCCGGCGGCGCATCCGGGACCTTCGGCGGCGGCGTCGCGATGCGCACGTTGAGCATAATGATGCCCTTCTCTTCCGGATAGTTAGCCATTGAGTAGGCGCGCAGGGTCGGCTCTTTCACCTCAGAGACATAGCGAAACAGGTTGAACTTATCCCAGTCTGAACGGTATTCATCGGGAACATCAAAATCTGCATAGGCCACTTTATGCGGCGGGCATTCAATCTGAATATAGCCCCCGGCGCGAAACGGCACCACCTCCCCCTCCGGGATCCGCAGCTTGAGCTCTTTAATGAAAGTGGCTTTGTTATCGTTAGAGATAACTTCACACTCCCATTTTTTGACGCCGAAAATCTCTTCCGGCAGTTCAATCTTCATGTTCTGCTTCACCGCCACCTGACAGGCCAGACGGCAACCGGCTTTGGCATCCCGCTTGGTAATATGCGAAAGCTCGGTCGGCAGGATATCCCCGCCGCCCTCTTTAACAGTTACCCGACACTGGCCGCAGGAGCCGCCGCCGCCGCAGGCGGAGGAGACGAAGATCCCGTTGCTGGACAGCGTGTTCAGCAGTTTGTCACCCGCCGGGGTGCGGATCTGTTTATCCGCTTCGTTATTGATCTCAATAACCACGTCGCCCGCGTTCACCAGCTTTGAGCGCGCTGCCAGGATAAGCCCCGACAGCACCAGCACAATCAGCGTGAACATCACGACGCCAAGAATAATTTCCATACTTATTCGCCCTTATAGCTGCACGCCGGAGAAGGACATAAAGCCCAGCGCCATTAGTCCGGTGGTGATAAAGGTGATCCCTAACCCGCGCAAACCGGCGGGCACGTTGGCGTACTTCATTTTTTCGCGGATCCCCGCCATCGCCACGATCGCCAGCATCCAGCCAATGCCGGAGCCGAAGCCGTAGACGATGGACTCCGGGAAGTTGTAATCGCGCTGCACCATGAACGACACGCCGCCGAAAATCGCACAGTTAACCGCAATCAGCGGCAGGAAGATGCCCAGCGCGTTGTACAGTGCCGGAAAATACTTATCGAGGATCATCTCGAGGATCTGCACCAGCGCGGCGATCACTCCGATAAAGGTGATGAAGTTAAGAAAGCTGAGATCCACCCCCTCAACCAGCGCGCTGTCGCGCAGCACCAGGTTATAGACCAGGTTATTGATTGGCACGGCAAGCCCCAGCACTACCGTCACCGCGACGCCGAGGCCGAAGGCGGTGGAGACCTTTTTCGACACCGCAAGAAAGGTGCACATCCCGAGGAAGAAGGCCAGCGCCATGTTCTCAACGAACACCGCGCGGACAAACAGGCTGATGTAATGAGCCATCACCGATTACTCCTTTTCCTGCTGCTCAGGCTTCCAGCTACGCAGGGCCCAGATCAGCAAACCGATAATGAAGAACGCGCTCGGCGCCAGCAGGAACAGGCCGTTCGGCTGATACCAGCCGCCGTTCTGCACCGTTTCCAGCACCGTGATACCGAACAGCTTGCCGCTACCGATAAGCTCGCGCAGGAAGCCGACGATAATCAGGATCGCGCCATAGCCGAGACCGTTGCCAATACCATCCATAAAGCTCGCCAGCGGCGGCGACTTCATGGCGTAGGCTTCGGCGCGGCCCATCACGATGCAGTTGGTGATGATAAGCCCGACGAATACCGACAGCTGTTTGGAGGTCTCATAGGCGAAAGCCCGCAGCAGCTGATCCACCACGATCACCAGCGAGGCGATGATCGCCATCTGCACGATGATGCGCACGCTATTGGGAATATGGTGGCGGATCATCGAGATAAACATGCTGGAGAACGCCGTCACCAGGGTCACCGCAATGGTCATCACGAAGGCGGTTTCCAGTTTGGTGGTTACCGCCAGTGCGGAGCAGACGCCCAGCACCTGCAGGGCGATGGGGTTATTGGCGATGAGCGGCCCCACCAGCACGCGCTTCACCTCTTTCATATCGCTCTGTTCAGCCATTATTCAGCTCTCCCTCACGAACCTTTTTCAGGAACGGACCAAAGCCCAGTTCGCCCATCCAGAAATCAAAGCTATGCTGCACGCCATTGGACGTCAGCGTGGCGCCGGATAAACCGTCAACCGCGTGGAGATCGCCCGCGCGCGCGCCGCCTTTCACCACCTTCAGCGCCGGCATACCGTTGTCATCCAGCACCTGCTTGCCGACAAACTGCTGGCGCCAGTTGGGGTTTTCCACCTCGCCGCCCAGCCCCGGCGTTTCGCCCTGATCGTAGTAAGTAATGCCTTTTACCGTGCGGCCATCGACGTCCAGCGCCACAAAGGCATACATCATCGACCACAGGCCGTTGCCATAAATGGGCAGCACCACCTGCTCAATCTTCTGCTGCGCGTCGCGCACCAGGTAAATTTCCGCCAGATTACTGCGTCGCTTTATACCAGCCGGATCCTGACTGGCATCCAGGGCCATACTCTGCTGCGGATCCTTCAGCGCCTGGGCCTGATTAAATTTACCCGGGTCTTTCTCCAGCAGTTCGCCGGTGGCCAGATTCACCAGTCGCGGGGTAATGCGCGCCGCGAAGGTGTCCGCTACCGCATCCGCATCCATACCGGGGTGCATCAGCCCTGACACTGCCAGGATATTGCGCTGCTTATCCAACGCCT
NZ_CP061961.1_gap104	4305087	4309150	4063	GCGTGAGCACGGTAAGACCGGCGTCGAAGGCGGCACGTTCGGCCAGAATAATCGGCTGCGGCTCCGCCGCCAGCGGATTGGTGTCCATGGCGTTAACAAAGATAGCGGCGGGCGTGCTCCCCGGGAGCGGCGTTTTGCTGAACGGTCGGGTACGCAGCGCCGTCCATTGGCCCGACGCCAGCAGCTGCTGCTGTACGGTGTCGCGCGGCAGTTCGGCCAGCGCGTCCGCGGCGTAACGGGTAAACGCCACCGCGTCATTGCCCTCGATATCAATCACCACCGACTGCAACACGCGCCGTTCGCCGCGGTGGATCGCGCTGACGATCCCGCTCGCCGGGGCGGTAAAGCAGACGCCAGGGATCTTTTTATCTTCGAACAGGATCTGACCTTTTTTGACCCGATCGCCTTCTTTAACCGCCATCGCGGGGCGCATGCCAACGTACTCTTCGCCGAGTAGCGCGACGCGCTTCACCGCTGGCGCGGGAGAAATCTGCTGTAATGGCATGCCAGCTATGGGCAAATCCAGCCCTTTCGTGATTTTAATCATATCGTTAGCAGGTATCCGTAACCTCAACCCCGACGCAGGTCAGGGCCAGCTTATTGACAGAATGGCAGAGAAGAAAGGGCGAAACGGCGCCAGTAGCACTCAGGACGGAAGAGAAGCATCCTTTCTTACTCTGATGATGAACCGGCGCAAGTGTAACATTTCGTGAGCGGCGGCTGTAGCGCAAGGGGCGATAAGTGCTTCTAAAATGCGAGCTATTGCGCAAAGTTCTCACTGTGTTTTCGTCGCTGGCAGGGTATAAAGTGAGGCTGATTTGTAAACGCCGCCACGTCGCCCTTGCGAAAAAATGCCGTGATGCTAATGTGAGCGCTCTAAATCCAGAAAACTCTGATTTCGGGTCTCTCTTGCCGTCCTGGCAATGTGGCTATTTTGTTTTATCAAGGAACAAGCAGTATGCGCAAAATCGCATTATTTATTGCGATGCTTCTGTTGCCGTGCGTGTCATTTGCCGGGCTGCTCAGCAGCAACAGCCCGACAACGCCGGTAAGCAAAGAATATAAGCAGCAATTAATGGGTTCACCGGTTTACATTGAGATCTTTAAAGAAGAGCGCATGCTCGACCTTTACGTCAAAATGGGTGAGACCTACCAGCTCCTCGACAGCTACCGGATCTGCAACTACTCCGGTGGCCTCGGTCCGAAACAGCGCCAGGGCGATTTCAAGAGTCCGGAAGGGTTCTATAACGTCACCCGCAGCCAGCTCAAACCCGACAGCCGCTTCTATAAAGCGATTAACATCGGCTTCCCGAACGCCTACGATCGCGCCCATGGTTATGAAGGGAAATACCTGATGATCCACGGCGACTGCGTCTCAGTCGGCTGCTACGCCATGACCGACAGCGGTATCGATGAGATCTTCCAGTTCGTGACCGGCGCCTTAGTCTTCGGCCAGCCAAGCGTGCAGGTGAGTATCTATCCGTTCCGCATGACCAACGCCAACATGGAACGCCACAAATACTCCTACTACGCGGATTTCTGGAAACAGCTCAAGCCAGGCTATGACTATTTCCAGCAGACCCACAAACCGCCGGTCGTATCAGTGACCGACGGCCGCTATGTGGTGAGCAAGCCGCTCAGCCACGAGGTTGTCCAGCCGCAGCTGGCCTCAAACTACACGCTCCCCGAGACAAAATAACGCCCACTCGCCTGGCATGATCTTATGCCAGGTTTCATTGGCCGTCAGCGGCTGCGTGGCGATAACCGTGACCACATCGTTGGGTGTGGTCTCGCGTTGAAAGTCGATCTCCACATCCTGGTCCAGCAGTTTTGCCACGCCGAACGGCGCTCGCCGGGTGATCCAGTGCAGATTGGTCGAGCAGAACGCCATTACGTAGCGCCCGTCCGACAGCAGCATGTTGAACACCCCTTTCTCACGTAGTTCACCCGCGAGGGTGGCGATATACTTGAAAACGCCCAGCATATTGCCCGGCGTGCGCGGATAGCGCTCGGTTAAACGGTGCAGCAGCCAGCAAAACGCTTTTTCACTGTCGGTTTCACCTACCGGATGAAAATTACCGGTTTTCAGCGACTTATAGCCTTTTAGCTGCCCATTGTGCGCATAGGTCCAGTTGCGCCCCCACAGTTCGCGGGTGAAGGGATGGGTGTTCTCCAGGGCCACCCTCCCGCGGTTGGCCTGACGAATATGGGCGACGACGGAACAGGACTTAATGGGGTAATCCTGAACCAGTTTCGCGATCGGCGACTGAAAGCTCGGCTGGGGATCCTTGAATGTGCGACAGCCTTTACCTTCATAGAAGGTGATGCCCCAGCCGTCTTTATGCGGCCCCGTCCCGCCGCCGCGCTGCACCAGCCCGGTAAAGCTAAAACAGATATCGGTTGGCACATTGGCGCTCATCCCGAGCAGTTCGCACATAGATCACCTCACCCTCACAAATCACGACGGCGCCGGAGCGAGGCCACCGTCAACAGTACACACTCACCTGCCTGTTAGCCTTTCGCCATCTCTTTTTCGATCAGCATAATCAGAATGTGGATCACTTTGATATGGATCTCCTGGATGCGGTCGGCGTAGCCAAAGTGCGGCACGCGAATTTCCACATCAGCGCTACCGGCCATTTTACCGCCGTCTTTACCGGTCAGGGTGATCACTTTCATCCCCTGCGCCCGCGCGGCCTCAATGGCCTTAATCACGTTGCCGGAGTTGCCAGACGTGGAGATACCGAGCAGCACATCGCCTGCGCGGCCAACGGATTCAACGTAGCGGGAGAACACATACTCATAGCCAAAATCATTGCTCACGCAGGAGAGGTGGCTGACGTCGGAGATCGCGATGGCCGGGTAACCCGGGCGGTTTTCGCGATAACGTCCGGTCAGCTCTTCCGCAAAATGCATCGCATCGCAATGGGAACCGCCGTTACCGCAGGACAGCACTTTCCCACCCGCCTTAAAGCTATCCGCCAGCAGGACAGCGGCACGCTGGATAGCATGGATATTGGCTTCGTCCTGCAGAAAGTTAGCCAGCGTTTCCGCGGCTTCGTTCAGTTCGTTACGAATAAGATCCTGGTACATGAGGATAATCCTTCAGTATGAGTGGAATAACCCCGGCAGTGTACCGGATAGCCGTCGAAGCGAGAAGCAGCAGGCAGCGTTATCCCTCGCTCTTTTGATTTTATGTGCCGCTTTTGCATACAACAATGTGAGCAAGGTTGTAATTATTTTGTAAACACATTGCTAAATAAAAACGCATGCACTACAACCAATACATCACAAGTGGTCAGACCTCCTACAAGCTCAGGGAGCATTTCTCTATGATGATTTTGAGTATTGTTGCAACCGTCGTTTTACTCGGCGCGCTCTTCTATCACCGGGTCAGCCTGCTGCTCAGCAGCGTGATTTTGCTCGCCTGGACCGCGGCGCTCGGCGCGGCCGGAGTGTGGAATATCTGGCTGCTGCTGCCGCTGGCGATCATACTGTTGCCGTTTAACTTTGCGCCTATGCGTAAATCCATGATTTCCGCACCGGCGTTTCGCACATTCCGCAAGGTGATGCCGCCGATGTCGCGCACGGAAAAAGAAGCCATCGACGCCGGCACCACCTGGTGGGAAGGCGATCTGTTTCGCGGCAATCCTGACTGGCAAAAGTTACATAACTATCCGCAGCCGCGGCTGACCGCCGAAGAGCAAGCTTTCCTCGACGGCCCAGTTGAAGAAGCCTGCCGGATGGCTAACGACTTCGCCATCACCCACGAAATGGCCGATTTGCCGCCGGAGCTGTGGGCCTATCTGAAAGAGCACCGCTTCTTCGCGATGATCATTAAGAAAGAGTATGGCGGACTTGAGTTCTCCGCTTACGCTCAGGCACGAGTACTGCAGAAACTCTCTGGCGTCTCCGGCATCCTGGCGATCACCGTCGGCGTCCCGAACTCGCTGGGTCCGGGCGAACTGCTGCAGCATTACGGTACCGAAGAACAGAAGAATCATTATCTGCCGCGTCTGGCACGCGGCCTGGAAATCCCTTGCTTCGCTCTCACCAGCCCGGA
NZ_CP061961.1_gap105	4312288	4316881	4593	CCGACGCTCATCCCGGCCAGCACCCGCAGGCTGCGGCGTAGACCATGGGAAGTGACGCTGCTCAGCGCCAGGATATTGTTGGGCCCGGGTGTCAGGGCGGTGATCAAAGTGTAAGTTAAAAAGGCGCTAATCAGGGTAGGTGTCACGGGTTTTCTCCTCTTGTCTGGCAGACACTACCCGAAGCTGATAATTTAAAAAAATGAATATTTTTTCATTCTCGCTTCGATAGTATCGATACAAAGAGGAAATATGGATCTGCGACGCTTCATCACCTTCAAAACTGTTGTCGAAGAAGGTTCCTTTCTGCGCGCAGCGCAGAAACTATGCTGCACTCAGTCCACCGTGACTTTTCATATCCAGCAGCTGGAGCAGGAGCTTGCCATCCCGCTGTTTGAGAAAATCGGCCGGCGGATGTGTCTCACCGCCGCCGGTAAGAAGGTCCTGCCGCATGTCTACGACCTGACTAAAGTGATGGCCTCGATTCGTCAGGCGGCACGCCAGGACGATGAGCCCGGCGGCGAACTTCGCGTCGCCACTGGCGAAACGCTGCTGGCGTATAAAATGCCGCGGGTGCTGCAGCGTTTTAAGCAACGCGCTCCGAAAGTGCGCCTGTCGCTGCAGTCGCTCAACTGCTACAGCATCCGCGATGCGCTGCTTGCCGACGAGGTCGATTTGGGGGTGTTTTACCGGGTGGGTAACGATGACGCGCTCACGATAATGGAGCTTGGCCAGCAGTCGCTGACGCTGGTCGCATCGGTCGAGCAGGCGCCGGTAGACTTCATGCGCCCGCGGCAGCATATCCCGCTGAGCTTTATCATCAACGAACCCCAGTGCGTGTTCCGGCAGATTTTTGAAAGCACCCTGCGCCAACGCGAAATTACTCTGGAGAACACCATTGAGCTGTGGAGTATTGAGAGTATCAAGCAGTGCGTGGCGGGAAATCTGGGAGTGAGTTTTCTGCCACGCTTTGCGGTGGAGGACGAGCTCAAGCGCGGGACGCTGGTTGAGCTGCCATTCAGCGAGACGCCGTTGACGATCCATGCGCTCTGCGCCCACCATGCCGGGAAGGCTATCAGTCCGGCGATGCGGGTATTTATGCAGTGCATGCAGGAGGAACAAGAGGTGCGCTGAAATTCGGCGACGAAAACGACGAAAGCCTGAATCATTGCTGACTCAGGCTTTCTGAATAGTGGCGGAACGGACGGGACTCGAACCCGCGACCCCCTGCGTGACAGGCAGGTATTCTAACCGACTGAACTACCGCTCCGCGTTGTTGTTCCGTTGGGAACGAGGCGAATATTACGGATTCCCCTCTACCCCGTCAACGCTTTTTCTACCATTTTGAATCGTTTGCTGCAAAAATCACCCAACCGCCTATTTTTAATTCATTTTAGTGGCTATCAGGCACGCCACAGGCAGCTTCCGCCTTTCTTTTGTACCAGGTCGAGGCGGGATTCATGGTTCGCCAGTTCTTCATCTGAGGCATAAACCACGCGTAACTGACTGCCGGCGCGGACGACGCGCTGAATTCCCATCTCTCCCGCCTGCTGCTGGCTTTCGCCTTCCATAGAGAACGCCATCGAAGTCTGGCCGCCGGTCATCATCAAATAGACATCGGCAAGGATCTGGGCATCGAGCAACGCCCCGTGCAGCGTACGCTTGCTGTTGTCTATTTCGTAACGCGAACATAGCGCATCGAGGCTGTTGCGCTTGCCTGGAAACATTTTCCGCGCCAGCGCCAAACTGTCGGTGATTTTACAAAAGGTCTCGGTTTTTCCGATGCCGCGGTTTAGCTTACTGAATTCATAATCCATAAAGCCGATATCGAACGAGGCGTTATGGATCACCAGCTCCGCGCCGCGGATGTAATCCATAAACTCATCAGCCACGTCGGCAAAGGTAGGTTTATCCAGCAGGAACTCATCGGCGATCCCGTGTACGCCGAATGCTTCAGGATCCACCAGCCGATCGGGCTTCAGATAGACGTGAAAATTGTTACCGGTCAGGCGGCGGTTGATCACCTCCACGGCGCCGATCTCAATGATCTTGTGTCCTTCGTAGTGTGCCCCGATCTGGTTCATACCGGTGGTTTCGGTATCGAGAACAATCTGGCGCGTAATTGCAGTGCTCATAGCGGTCATTTATGTCAGACTTATCGTTTACAAATCGATTTCAATTACAGGAAGTCTACCAGAGATGCTCAAACAGGTAGAAATTTTCACCGACGGCTCTTGCCTGGGTAATCCAGGACCTGGCGGCTACGGCGCCATCATGCGCTACCGCCAGCACGAAAAAACCTTCAGCGCTGGCTACCGTCTGACCACCAATAACCGCATGGAACTGATGGCGGCAATTGTTGCCCTGGAAGCGTTAAAAGAGCATTGCGAAGTGGTGCTCAGCACTGACAGCCAGTATGTTCGTCAGGGGATCACCCAGTGGATCCACAACTGGAAAAAGCGCGGCTGGAAAACGGCAGAGAAAAAGCCGGTGAAAAATGTCGACCTCTGGCAGCGGCTGGACGCCGCGCTTGGCCAGCATAAAATTAAATGGGAATGGGTAAAGGGCCATGCCGGCCATCCTGAAAATGAACGCTGCGACGAGCTGGCGCGCGCGGCGGCCTCCCACCCCACACTGGACGATGTCGGCTACCTGCCTGAGAGTTAATTCTGCCCTTTGCGCCACTGCCGGGTGGCGCCCACCGCCGGCCGCAGCTGAGTTTTCGCTTTGCCGGATTTCATCGGATTGAGCGTCAGCGGAATGGTCCGTTTGCGGGCGACAATCAATTGCAAACAGCCCAGCGCCGGCAGATGGGTGCTCAACAATTTGCCGCCATGGCGCGACCAGGGCAAAACCTGGTAACGTCCATAGTGCAGCACTTCAAAGTTGAGCAGCGCCAGCCAGTCCAGCTGGCGCATCAGCGTAAACATACGGCTATTATAAGGCGTTCCTTTGCGCAGGACCGGCACCAGCTTACGCAACCCCATCAGGCTGACCGGATTAAACCCGGTCAGGATCATCCAGCCATCATCGATCAGTACACGATCGGCTTCCCGCAGCAGACGATGCGGATCGCTACACCACGGCAGGGTGTGCGCCAGCAGGCAGGCGTCAACGGACTTTTCGGCAAAGGGTAAATGCAGCGGGTCAGCCCGGACCTGCATTGGATTTCCCGCCAGCGAGACATTCACCTGGTGCGAGATGGCGCAAGCTTCGGTATTGATTTCCGCGCTCAGATTGCCAATCTTAAGCAGATGAAAGCCATATAATTTAGCCAGCCACGGTTTCATCTGCTGCTCCAGCGTTTCGCGATAGTATTCGCCCCACGGCATACTGGACCAATGCTCAGGCGCTGTCACTGTGTGAGGTATCCTTGCCGGCTTCATTGCCACCTTCCGCTACGCTTTAGAGGTAATTTATGAATCTTATCAGTATTCCCGCGTTTCAGGACAACTACATCTGGGTTCTCAGTGAGAATAACGGCCGCTGCATCATCGTAGATCCAGGCGAAGCCGCGCCGGTTCTGGCGGCCATCAAGGAAAACCAGTGGCAGCCCGAGGCTATTTTATTGACCCATCATCATCAGGATCACGTCGGCGGCGTAAAACAATTACGTGAAAAATTCCCTTCTATAGTGGTTTACGGGCCGGCGGAAACCCAGGATAAAGGCGTCATTCAGGTGGTAGGCGATGGCGATCGGCTGTCAATTCTCGGGCACGATTTTTCCATTTTCTCTACGCCAGGTCACACATTAGGACATATCTGTTACTACAGCGAACCTTATCTGTTCTGTGGCGATACGATGTTTTCCGGCGGCTGCGGAAGGCTGTTCGAAGGTACAGCAGAGCAGATGTATCAATCATTTATGAAAATTAATGCCCTTCCTGAAGAAACCCTCATATGTTGCGCACATGAATATACGTTAGCGAATATGAAGTTTGCATTGAGTATCCTGCCAGATGATAGGGACATAAACGATTACTATCATAAAGTTAATGAGTTACGTGCAAAAAAACAAAAAACACTACCCGTAACTCTGAAAAATGAGCGGCGTATAAATTTATTTTTACGCGTAAATGATATTGATTTAATTGACAAAATTAACAAAGAAACAAATTTGCAACACTCTGTGGCGCGATTTGCATGGTTAAGGTCAAAGAAAGATGACTTCTGATATTTAATTCTTGTCATCGGCCAACTTCGCCGTTATCCTTGGTCGTCTTTTAAGCAACTATTGACACACACATGAAGGCACGAGCGATATTACTCGCCTCTGTCCTGCTGGTGGGGTGCCAGGCGTCTAAGCACGATGGCACCGTCGAACAGCGAGCACAGAGCCTTTCTGCGGCTGGTCAAGGGGAAGCAGGCAAGTTCACAAGTCAAGCGCGCTGGTTAGATGATGGAACCTTCTACGCGCAAGACCAGGATCTGTGGACTTCCATAGGCGACGAGCTAAAGATGGGAATACCGGATAATCCCCGGATTCGCGAACAGAAACAGAAGTACTTAAGAAATAAGAGCTATCTCCACGATGTAACTTTACGGGCAGAGCCGTATATGTACTGGATAGCCGGGCAGGTTAAGAAACGTAACATG
NZ_CP061961.1_gap106	4318350	4322875	4525	CGTCATGCCAGTGGTGAGCAGAGTAGCGGCTAATCACCACATCAAAGCTGGCATCAGCGAACGGCAGCGTTTCGGCGTACCCCTGCTGGGTCACGATATTGCTAAAACCTTTCTCCTTTGCCGCGGCGGCAACGACCTCCAGCATCTGGCTCGATAAATCATAGGCGGTCACCTCGGCAACCTGTCCCGCCGCGGTAAAGCTGGCGTGCCCTGCCCCGCAGCCCATATCCAGCACTTTCGCCTGAGGAAAATCAGCCAGCCGTTCCGCCAGCCGCTGCAGATCGCGACCAGAGGCGTGTACGGCGCTGGTCAGATAGGCGCTGGCCTGGGAGCCGAACTGCTTTTCGACGTTGTCATGGTGAGAGCGTGTTGTCATGTTGTCTTGTCCTTACGGTTTTTTTTGAGTAATAAAAGGCAGCACCATGCATGCGCAGGCCTGCCCCATGGCAGGCCTGACCAACCTTAAATTAATCAGGCTTGCCGGGACTGAATTCGACTAGTAGCGGGTTGTGGTCGGAGGCGCGGGTCACCAGCACGGAAGCATCGTGCACGCTTAACCCACGGTAGAACACAAAATCGAGGGGACGACCAAACGCGCGGCGGCGCTGATCGTCTGAGAAACGAACTTCGCGTAACGACATCTCACGCGCAAAGCGGTACAGCGCATTCATCCGCGGCCGGCTCCAGGCATTGAAGTCGCCGGCCATGATCACCGGCCCGCTGTGATGGGCGATCTGATCGCCAATTGGCAGCAGCTGTTTGCTGTAGACGTCGACGCCAAGGCTAAAGTTGACGGCATGGATATTGACTACCATCAACAACCGCGCATCCGGCAGCGGATAAACGGTCACTAACGCCGATTTCGGCAATCGCAAAATAGGCTCGCGCTCGCGCAGCGGACAGCAATAGATGGGGTGCGCGGAGGCCAGCGTCATTACGCCGGAAGGATGCTGCGGCAATACCAGCGCCGGCACCTGATCGGCGGCCAGATAGTTTGAAGTCGCGAACCGGACCAGTTCTGGGGTGGTTTGCGCCTCCTGCAACAGGACCAAATGCGCATCTTTGCCGAAATTTTTGAGGACCGACTGCCACTCTGCGCGCTGCTGCTTGAAGATATTCCATACCAGCACGCGGATCTTCTCATCGCTGCTTAACGGCGTGCCGGCGGGATAAACCGGACTTACGCCCGCAAACGCCCCCGGAGGCAATATTCTCTCCGCAGGTTGTCCGGCGACATAGCGCATGGCGTAGGTGTTCTTTCGCAATTTGGGCATTAATCCTCGATAACAGAAACCAGCCCGACGACGACTGGTTATTCTGTTATAGGGATTTTCCCATACACTTTCAATGCAAATTGCGAGAAACCCTTAGCCTTCGGGAGAAAGCGCTGCCGAACGGCGTGGCAATTTATCTAAACGTCCGCTCAGGACCACCAACAGCAAAGCGACCAGCACAATCATCGCGCCAATCCACGGCGTCTGCGCCAGACCGTACCGCTCGACCGTCTGTCCGCCGACGATGGACCCCAGAGCAATGCCGACGTTAAAGGCGGCAATATTCAGGCCGGAAGCGACGTCGACGGCGCCAGGCGTGTACTGCTCTGCTTTTTGCACCACATACACCTGCAAACCCGGCACGTTGCCGAAGGCGAAGATGCCCATCACCAGTACCGTTGCCAGCGCGGCATAGTGAACGCTGGCGGTCAACTGGAAGACCAGCAGCAGCACCACCAGCGCGGCGAAGATAAACTTCAGCGCGGAGACGGCGCCATGCTTATCGGCCAGTTTGCCGCCCCACACGTTACCTATAGCCACCGAGACACCATAGCCCAGCAGGATCCAGCTCACCGCTGACGGACTGAAACCGGCCAGCTCCTGCATCATCGGCGCAAGGAAGGTAAAGGCGGTAAACACGCCGCCGTAGCCCAGCGCGGTAATGGTGTAGATCATCAGCAGGCGAGGATGAGTTAATACTTTCATCTGATCGCGCAGGCTGGCGCTGGCGCGGCCCGGAATATTATTCGGTACCAGAATCAGGCTGCTGATAAGGGCAATGACGCCCAGAATCGATACCGCGAGGAAGGTTTCCCGCCAGCCAAAATGCTGGCCGATGAAAGTCCCGAACGGTACCCCGGTTACCAGCGCGACCGTCAGGCCGCCGAACATAATGGCAATGGCCGAGGCCGCTTTCTCTTTTGCCACCAGGCTGGTAGCAATTGTCGAGCCAATAGAGAAGAACACGCCGTGTGCCAGGCCGGTCAGCAGTCGCGCCAGGATCAGCGTTTCATAGCCCGGGGCCTGCCAGGCCAGCACATTACCCGCCGTAAACAGGACCATCAACGCCAGCAGCAGCTGTTTACGCGGCATACGCCCGGTCAACGCCGTCAGTACCGGGGCGCCGATCGCCACGCCCAGCGCGTAGATAGAGACCAGCAGTCCCGCCGAAGGCAGGGAGATAGAGAGTTGCTGAGCAATGGTCGGGACCAGGCCGACAATCACAAATTCAGTGGTGCCAATTGCGAAGGCACCGATGGTTAAGGCAAATAGCGCCAGTGGCATAATTTACTCCGTAGCATCAGGATTAAGATGACACGTAGTATGAAGGGTTGTATAAATAACAAAAACTATCAAAGTATCAATAGAATTTTGCTATAGGTGCAATAATGAGAGCCACATCAGAGGAGATCGCCATCTTTGTGGCGGTGGTGGAAAGCGGGAGTTTCAGCCGGGCGGCCGAGCAGCTCGGACAGGCCAACTCCGCCGTCAGCCGGGCGGTCAAAAAGCTGGAATCAAAGCTAGGCGTAAGCCTGCTCAATCGGACCACCCGCCAGCTCAGCCTGACAGAAGAAGGCGAGCGCTATTTTCGCCGTATGCAGGTGGTCTTGCAGGAAATGGCGGCGGCAGAGAACGATCTGCTGGAGACGCGCACGACGCCGCGGGGCCTGCTGCGGGTAGATGCCGCGACGCCGGTGATGCTGCATTTTCTCATGCCGCTGGTGAAGCCATTTCGCGAGCGCTACCCGGAAATGACGCTGTCGCTCGTCTCGTCTGAGACGTTTATCAATCTGATTGAACGGAAAGTGGATGTGGCCATTCGGGCCGGGACCTTAACGGATTCCAGCCTGCGCGCCCGACCGCTGTTTACCAGCTATCGTAAGATCGTCGCCTCGCCCGACTATGTCGCGCGCTACGGTATGCCGCAGCATCCATCCGATCTGAAACAGCATCACTGCCTCGGCTTCACCGAGCCGGTATCGCTGAATACCTGGCCGGTCTCCTGTTGCGATGGCCAGCTGTTAGAGATCGAAGCGGCGGTGTCATCCAATAGCGGCGAAACGCTCAAGCAGCTGTGCCTGACCGGCAACGGTATTGCCTGCCTGTCGGATTACATGGTGGATAAAGAGATTGCCAGCGGAGAGTTTGTCGAGCTACTGGCGGATAAGCGCTTACCGGTGGAAATGCCTTTCAGTGCCGTCTATTACAGCGACCGGGCGGTCAGCACTCGCATCAGGGCATTTATTGATTTTCTGAGCGACCACGTAAAACAGCTCCCGAAGGAGCTGTCGTAATACCATCTCGGTCTGCAAGGCGAACGGCATACCGGTAGCGAGTGATTAATCCCACTGCGGCGCCAGACCTTCCGGGCTCACCAGCCGATCGTTGCAATCCAGCGCAGCGATCGCCTGTCGATCTTCATCATCCAACTGCAGATCCAGCGCCTTCAGGTTGCTGGCCAGGTTATCACGCTTCGTCGAGGACGGGATCACCGCGTACCCCTCGCCCATCGCCCATGCCAGGATAACCTGCGCCGGAGTCGCATTATGTTTCGCCGCGATACGGGCAATCACTTCATCTTTCAGCGCCTTACCATAAGCCAGCGTCATGTAAGAGGTGATGTGGATGCCGTGCTCACGTGCCCAGTCGACGACTTTACGGTTTTGCAGATACGGCGAGAGTTCAATCTGGTTGGTCGCAATGTTTTCAGCGCCAACGGCGGCAATCGCGCGCTCCATCAGTGGAATAGTGAAGTTGGAGATACCAATCTGACGGGTCAGACCCAGCTTCTTCGCTTCCATCAAGGCTGCCATAAACTCTTCAACGGCAACCGCATCGTTCGGTGCCGGCCAGTGGATGAGCGTCAGGTCAACATAGTCCGTGCGCAGCTTCTGCAGACTTTCTTGCAGGCTGGCGATGAGTTTGTCTTTGCTCAGGTTCTCGATCCAGATTTTGGTAGTGATGAACAGCTCATCACGCGGCACGCCGCTTTCGGCGATAGCCTGACCCACCGCGGCTTCGTTGTCATAGATTTGCGCGGTGTCGATAGCACGATAGCCCAGCTCCAGCGCGGTTTTTACGGATGCGATAACAACATCATCTTTCAGACGGAAGGTGCCAAGACCAAATGCAGGGATTGCCATGATTTTCCTCGTTATTTATTCATTTCGGTTAACGGATGAAATTATGGCTGATGGTGTGGAGGGGAAAAAGAGCGATTAATGCAGAGGATTTTTGCTGAATTAGCAATA
NZ_CP061961.1_gap107	4352276	4355621	3345	CGGTCGTTGGTGTTGTCCGGATACTGGCCCATCGAGTTAAGGTAACGCCACATTGCCACCTGCGGCTGCATATTGGACAGGGAGTTATGCACATAACCGACGCCGGCGCGCAGCGTGTTGTATTCATTGACCGGGAAGCCCAGCGTAATGTCTGTACCATAGCTTTTGTTGGTATAGTCAGACAGATCCGCATCGTTTGCATCAAAGTCATTATAGAAGACACGACCGCCGAGGCTTACACCGTCTACGGTGAAGTACGGGTTGGTCACCGACAGCTCGGTATAGGTCTGGTAGTCGTTTTTGGTACCGTTGATCCCGACAGCATAGCCAGTACCTAACCAGTTATCCTGCTGAACGCCCGCCTGGAAGCTGACGCCGCTCTCGGTGCCGTAGCCGATACCGAAGTTGAAGCTACCGGTGTTACGCTCTTTCACCTTGTAGACAACGTCGACCTGGTCCGGGTTGCCCGGCACGCGCTGGGTATCAGTATCCACCGTTTCAAAGAAACCTAAACGATTGAGACGGTCTTTACCCTGATCGACGAGGTCGCTGCCCAGCCATGCGCCTTCCATCTGGCGCATTTCGCGGCGCAGTACGGCATCTTTAGAGGTGTCGTTGCCTTCGAAGCGAATTTTACGCACGTAATAACGGTTGCCTGCGTCGACGTTAACGTGCAGCTTAACGGTTTTATCGCTGTCGTTGATCTCCGGCTGCGACTGCACGCGCGGATAGGCGTAACCATAACGACCCAACAGTTTCTTGATGTCGTTTTCCATCCTGGTCACTTTCGCGCCGTTGTACAGTTCGCCTGGCTCAACTTTAGTCAGCGCTTCGATTTCCGCGGAATGGCCAGCGAGGTTGCCCGTCACCTGCACTCCGGAAAACTTGTACTGATCGCCTTCGGTGATGTTGACGGTGATGTAGATCCCTTTCTTATCCGGCGTCAGGCTGACCTGGGTAGAATCGATGTTGAAACGGGCATAGCCGCGATCCAGGTAGTAGCTGCGCAGGGTTTCAAGGTCGCCCGCTAGCTTCTGCTTCTGGTATTTACGGTCGCCGACCACGTTCCACCACGGCACCTCATCGCGCAGCTGGAAGTGGGAGATCAGCTCATCGGTCGAAAACGCATGGTTGCCGACGATGTTGATCTGTTGAATTTTTGCGGAGACGCCTTCCTGGAAGACCAGCTTCAAATCGACACGGTTACGCGGCAGCGGCGTAACGACTGCTTTGACGCTGGCGCTGTATTTACCGACGCTGTAGTAGAAGTCTTCAAGACCCTTCTCGATATCCGCGATGGTCGTGCGGTCAAGCGACTCGCCCACCCGAACGCCTGAGGCCTCAAGGTTCTGCTTCAGCATGTCATCTTTCACCGACTTGTTGCCGGAGAAGGTGATGCTGGCGATCGTCGGACGCTCTTTCACCTGCACCAGCAGGGTATCACCATCGCGCAGGACGCGGACGTCCTCGAAGTTGCCAGTGGCAAACAGCGCGCGAATAGTGTTACTGATATCATCGTCGGTCACCGTATCGCCAGGACGCACTGGCATACTGAGGAGGGCCGCACCAACAGCGACACGCTGCAAGCCTTCGAAATGAATGTCCTTCACCACGAACCCTTCAGCACCGTATACAGTCGCGCTGCTAAACAGCAGCGACGCTATGAGCAACTTTTTCATCGCCATCGTTATTATGCGTTCTTCCTAACAAACTCTCTTATAACCGAGAGAAATCATTGAAAAGTGCAAGCCCCATTAACAGCACCAGCAGTATTGAGCCAATGCGATAACTAAAGTCTTGAACTCGCTCGGATACCGGCCCGCCCTTCAGCTTTTCAATCGCTAAAAACAGCAGATGTCCCCCATCCAGTACGGGTAGAGGGAACAGGTTGATGATTCCGAGGTTCACGCTAATCAGCGCCAGGAACATCAGATAATAAATCAACCCAAACTCCGCTGACATTCCAGCCCCCTGAGCGATAGAGATCGGCCCACTGAGGTTGTTCAGTTTGACATCACCGGTTATCAATTTACCCAGCATCCTGACCGTCAGCGACATCAGCTGCCAGGTTTTATCCGTGGCTTCAGCGATGGCGGCAAACGGTCCGTACTGACGTACTGTCTTGTATTCTTCAGGCAGCGGGATGACCTTTGGCACCACCCCTGCGAACCCTTCCGCCTTACCTTTCACCGTTTTCGCATCCGGCGTCAGGGTTAACGGCAGCACACTCCCCTGCCGTTCAATCTCCAGCGCCAGCGCTTTGCCCGGATTATCGCGCACCAGATTAACAAACGTCATCCACTGCGTTAACGGTTGACCATCGACTTTAACGATCCGGTCGCCCGCTTGCAAACCCGCTTTCTGGGCTGCCGATCCCGCCTGAACCTCAGCCAGCACCGTATCAATCTGCGCGCTGCGCGGCTGGATCCCCAGCGAGGTCACGGGATCTTGCTTGTCTGGCTCAAACGACCAGTGCCGCAGATCGACGATTTTATCCTGGCGCTGATTGGTCCCGAAAGGGGCGACGGTAACTATTGTTTGCGGGTTGCCGATTTTGGCCACCAGCTGCAGACGCACCGCATCCCAATCAGGCGTTTCGATACCATCTATCGCTTTAAGTTCCGTTCCTTTTGCAATTTGTGCTTGCGCGGCAACCGAATTGGGCGTTATTTCACCCACCACCGGCCGCACGCCGGGAACGCCGATGATAAAGACCAGCCAGTAAGCAAAGATAGCGAAAATGAAGTTAGCGATGGGGCCGGCGGCAATCACCGCCGCACGCTGACCGACGGTTTTGTTGTTGAAGGCATAGTGACGCATCTCCGGCGCCACCGCTTCAACACGCTCATCCAGCATCTTGACGTAGCCGCCCAGTGGGATCAGGGCGATGACGAACTCTGTGCCCTGCTTATCCATCCGCCGCCACAGCGCTTTGCCGAAGCCGATAGAAAAACGCTCAACCCGGATACCGCAGCGGCGCGCCACCCAAAAATGGCCAAACTCATGCACCGTAATCAGTACGCCAAGCGCAATGATAAAAGCCGCCAGATTCCAGAGCACGCTCAGCATATAACCTTCCGTCAAATCGTCCTGAAGACCAACAGTAGCAGACAGGCGAAGACCGGTACCGCCGCCGTCAGGCTGTCGATACGATCGAGAATACCACCATGTCCGGGAATCAAGTGCCCGCTATCCTTAATGCCGGCCTCGCGCTTAAACATACTTTCCGTCAGGTCGCCCAGCACCGAAGCCAGGGCCGCCACCACCGAACAGACCAGCAGCACCGTCGGCGTGACGTCAAGATGGGCCCACACGCCGTAGGCCCAGGAAATCACTGCCGCGGTC
NZ_CP061961.1_gap108	4399512	4402373	2861	CGATGCAGGATGTCAGCGAGTTGCGCCTGCTGGCCGGGATGGACGCCGCGCTCTATCAGCGCCTGCTCCCCTTCGTCTGCGTCCAGCCGGATGACGCGCTGCAGGTCAATGTCAACACCCTGCGCCCCTCCCAGGCCGCCCTGCTGGTGGCCCTCTTTCCCGGCGATCTGACGCTGCAGGAGGCGCAACAGCTGCTGCACAACCGCCCGCGAACCGGGTGGAGCAGCGTCGCCGCCTTTCTCGCGCAGCCGACGCTGCAGAAAACCGATACCACGCTTGCCCGTCCCTGGCTGACGGTGCACAGCGCACGCTTTATCGCAGCTTTTACCGTGGTGACTGGCAATCTCCGCTTTCAGCTGTACAGCGTCCTGCAACAATCGGGGCGCACGTTTACCGTCGTCCAGCGGCGATATGGACTCTCTATGGTGGTCGATGAACAAGATTAATGCTTCTCCCCAGGCCATGCTGATCGTGCGCCTCGCCGCCGCGCAGGCGCCGCTGCACTGGCAACTCTTCGCCCCCGGCGAGCCGCACCACGAGGCCAGCGGCCGGTGGCCGACTGACGACGCCAGCCCTTTCCCGGCGCTGGCTGAGCAGTACCCGGCCTGGGTGCTGATCCCGGCCAGCGACTGCGCGTTTCACTCGCTCAACCTACCGGCGGGCCTGCGTAAACCGCCGCTGCAGGTGGCCCCGTTTCTGCTGGAAGAGCAGCTGGCAGACGATGTGGAAGCCACCCATTTTGCTCTGCTCCACCGCCAGCAGGCCCAGTGCGAGATCGTCGCCGTACAGCGGCAAAAAATGCGCGACTGGCTGGCGCGCTGCGAATCGCTCTCCTTACAGCCCCTGGCGTTGACGCCCGACGTGCTGGCCCTGCCCTGGCAACCGCCGGCGTGGAGCGCGGTGCAGGTGGACGAGCAGTGGCTGATCCGCCACCAGCCGTGGGGCGGCATGGCGGCGGAAAACGTCTGGCTGACGGAGCTGCTGCAGAGCGAGGCGGAAGAGCACGTCATCGACAGCTATTCGCCGCCGCCCGCGGCGCCGGGCGTCTGGCGGGAGCAGCCTGCGCAGACATTGCTGACCCTTGCCGCACGCCATCCGGCAGCGCAGAAACTCAGTCTGCTGCAGGGGGAGTTCGCCGTCCGGCGGCGGTCTGCGCAGGCGAGCTGGCGTCCGGCGCGGTATGCCGCGCTGGCTCTGGCGTTACTGGCAGGGGCAAACAGCGTGCTGGACCATCGCGATCTGGCGCGTCAGGCCGAGGCGGCGCAACAGGCCAGCCGGGCCTTCTATCACCGCTGGTTTCCGACGGAGAAAAAGGTGATTAACCCACGACTGCAGATGCAGCAGCACCTGCAAACCCTCACCCGTCAGGCGCAGCATGCCCCCCTCGTCGACCGCCTCAGCGCCTTGCAAAACATCCTCAGCGAAACGCCGGGGATCCGTCTGCGAGCGCTGAGCTGGGATGCCGCGGGCAATCGTCTGCAGCTGGATATCGCCGCGGTCACTTCCCGGGCGCTGGAGCAGTTTACCCAGCGGGCGCAGCCGCGGTTTCGCGTCCGGCCGGGCGACATGATCACGAAACCGGATGGCATTGAGGGACAACTGACGCTGGAGGAAAACGATGGCTAATCTGCTTATCTGGTGGCGGCAGCGCACGCCGTCGGAGCAGCGCCTGTTGCTTGGTCTGACAGGGCTGCTGGCGGCATGCGCCTTCTGGTATGGGCTGTGGCAGCCCTGGCGAGCCCGCGAGGCGCAGTGGCGGCAAACCCTGGTGAAAGAGCAGGCCAGCCTGCGCTGGATGACGGAGCAGGCTCCGCGCCTGCAGCAGCTCAGCCAGCAGCCCGCGCCGGCGGCAAAAGAGGCGCTCACCGCGCTGGTGATGCGCGAGGCGGCGAGCCACGGACTGACGGTCATCCGCCTGCAGCCGCAGGGAAAACGTCTGCAGATCACCCTTCAGCCCTGCGCTTTCCAGGCGCTGATCGACTGGCTGGACGCTCCGGCGATGCGCGGCGTCAACGCGATCTCGCTGTCCGTGACCGGGCAGCCGTCGCGACCCGGCTGGGTCACGGTCAACCATCTGCTGCTGGAGCGCGACGATGAAGGCTAACTGGATCGCGGGCGGACTGCTGCTGGTCCTCTATCTGTTGTGGCTCACCGCCACGGCTCCGGCGCGCCTGCTGGCCCCCATGCTGCCGCCCGGCGTACAGGTGGGGCAGTTTAGCGGCAGCGTCTGGCGCGGCGCGGCGCAACCGGTCTACTGGCATGGGGAACGGCTTGAACGACTGGCGTGGTCGCTGACCCTGGCGGGCTGGCAGGTCTCTCTCAGCGATCCCCGCGGCGTGATGGGTCAGGCCCGGCTGTGGGGCCTTCGCGATCTGCGCCTACAGGAGGGGCGGCTCACCGCCCCCGCCAGCCTGCTCAGCCGCTGGTTGATGTCGACTATGCCCGTCAAGGCCGCGGGGGAGGTCACCTTCAGCCTGACCGAAGGGCGGTTCAGCGACGGACGCTGCCGGCATATCATCGCCGGAGGCGCGCAGTGGCGGCAGGCCCGACTGCACTCTCCGGTCGGCAGCCTGGAGCTGGCCCAGGTTAATGGCACCTTCCGCTGTACGGTGGACGGCGCCGTGGCGCTGACTCTCCGTCAGGACTCTCATCAGCTGAGCCTCAGCGGCCAGGGGACTCTGTCGCCCGATGGCCGCTATCTGTTTCGCGGCACGCTACAGCCCCGGCAGGGGATGCCGCCGCTGCTGGCGCTGCTGGTCACGCGCCCGACAGCGAATAACGCCCCGGGCCCGACGCCGTGGCAGCTGCAGGGAAAATGGTTACCACAGGAGCAAAAATGACGACACTAGCCGCGTTATCGC
NZ_CP061961.1_gap109	4438922	4443123	4201	TGTCCAGTTTTTCACGGGTGGCGATGGTGATAGCGCCTTTTGATTCCGGCTCATCCATCTCGCCGTCGCCCAGGAAGGCGTAAACGGTTTGTTCGGAGGTGTCTTTCAGACCGCGGTGTTCCAGATATTTCAGGAATTTGGCCTGATAGATAGCGCCCAACGGCCCCAGCCCCATGGATACGGTCGGGAACTGCCAGAATTCCGGCATCAGTTTCGGGTGCGGATAAGAGGACAGGCCCTTGCCGTGAACTTCCTGACGGAAGTTGTCCATCTGCTCTTCGGTCAGACGGCCTTCCAGGAACGCACGTGCATATACGCCCGGAGAGATGTGACCCTGGAAGTACACCAGATCGCCGCCATCTTTCTCAGTGCGCGCACGGAAGAAGTGGTTGAAGCAGACTTCGTAGAAGGTCGCGGAAGACTGATAGGACGCCATGTGGCCGCCCAGTTCGAGATCTTTTTTCGACGCGCGCAGAACGGTCATGATGGCGTTCCAGCGAATCGCAGAACGAATGCGACGTTCCAGATCCAGATTGCCCGGGTATTCCGGCTCATCTTCAACGGCAATAGTGTTGACGTAGTTGCCGGCGGAAGCGCCTGCAGCAACCTTCACTCCGCCTTTACGGGCTTCAGAAAGGAGTTGGTCAATCAGATACTGAGCGCGCTCAACACCTTCTTCACGGATGACCGATTCGATCGCCTGTAGCCAGTCGCGAGTTTCGATCGGATCCACGTCATTGTGTAAACGTTCTGACATGGGGGTATTCCTTATCTATCTAATCGTTGATTAATCTGGAACCTGTCCCATTGAACTCTTCGTTCTTCACGCTGGAACAACCAAAAATTCAATAAGACAGGTTCTGCGTTTAGTTGCCGCGCTCTAAAAATGGCGCTTAAGAACCGGAGTTCTCGTCCTTTCGTTGCTGTAAACGACGCAGTGAGCGCTCTCGACGGCTCTGCTCACGACTACGATCCAGCAAAATTTCCTCAATGAACGCCAGGTGACGGTGCGACGCTTCACGCGCCTGCTCCGGCTCCCCGGCCATTATCGCCTCGAAAATGCGAGTGCGATGGTTGCTGACCAACGGGAGCATTTCCCGCCGGGCATACAGCAATTCAAAGTTCTGACGCACGTTTTGCGCCAACATCGGCTCCATACACCTTAGCAGATGAAGCAACACCACATTGTGTGCCGCCTCGGTGACGGCGATTTGATACTGGACGACGGCGCCGGACTCAGCGTCCAAATCGCCCGACTGCTGAGCGCGTTCAATAGCCTGATGCAGCTCACGGATACGGTCGCGATCCTCATCATTGCTGCGCAGCGCCGCGTAATAGGCCGCGATGCCTTCCAGCGCGTGACGGGTCTCAAGCAAATCGAATTGGGATTCAGGGTGATCGGACAGCAGCTCAACCAGCGGATCGCTGAAGCTCTGCCACAGGCGGCTCTGAACAAACGTTCCACCTCCCTGACGACGAAGCAACAAGCCCTTGGCTTCGAGGCGTTGAATCGCCTCACGCAGCGAGGGGCGGGAAACGTCGAACTGTTTAGCCAGTTCGCGTTCTGGCGGGAGTTTTTCACCGGGGCGCAAGGTCCCCTCAAGAATCAGAAACTCCAGCTGCTGCTCTATCACATCGGATAATTTTGGTTGGCGGATTTTGCTGTAGGCCATATTCCCTGTCTCTGCCATTAGCCCGGAGTCAATTGGTCTTACCAATTTAAAGTTCGTAGCGCTAAAGTAACAAAGTATTCACCTTCTGTCCATACAGGTTTTGATTGAAATCAGTAAACCTGGGACATTTTAACAACCTTACAGAAATAACATTTCAGAAATGTAACCTTGCACAAATGTTACGTTTACTCACAAAGAGGTAGCCTTAACTTTATAGAAACGAAAAATTACGCTTTCTGAACCGATTCAACGCTGCAATAAATGAATACAGAGTCACTTACAGTGAATAAATAATGACAAAGCAGCATGCATCAAAATACGACAGATTGTGACTATTGATGTCTTTTTAGACACATCGTCATCATCCCTTCATAAAGCAGGTGCATTCAAATGCGCTTACCACTATTCTGCCGGAGACGAAAGGCCTTTTTCGGAATTACCACACAGCCTTCCGTAAACAAAACAATACAGAAACGGAAGTTCCAAAATACACAAACACAACAATATGTGCGCGCCATCACTCGGGTAAAAAGTGGGCCACTTCGCCCAAATTTTCGCTGGCTATGCTTTCAGGCAGAGACAGCAGTGAAGCAGCAACCTGACGGATGACGTACACAAAAAATAACCACACACGAGGTTTCATATGGAAGGTCAACAGCACGGCGATCGGCTGAAGCGCGGCCTGAAAAACCGTCACATTCAGCTCATCGCGCTGGGCGGGGCTATCGGCACCGGCCTGTTTCTGGGGAGCGCGTCCGTCATTCAGTCCGCCGGCCCGGGTATCATTCTTGGTTACGCTATCGCCGGTTTTATCGCTTTCCTGATCATGCGTCAGCTGGGCGAAATGGTGGTGGAAGAGCCGGTGGCCGGCTCATTTAGCCACTTTGCTTACAAATACTGGGGCGGTTTTGCCGGCTTCGCCTCCGGCTGGAACTACTGGGTACTGTATGTCCTGGTGGCCATGGCGGAACTGACCGCCGTTGGCAAATATATCCAGTTCTGGTGGCCGGAAATCCCTACCTGGGCCTCGGCGGCGGTCTTCTTCATCGCCATCAACGCCATTAACCTGACCAATGTCAAAGTGTTCGGTGAAATGGAATTCTGGTTCGCGATTATCAAAGTGGTCGCCGTAGTGGCGATGATTTTGTTCGGCGGCTGGCTGCTGTTCAGCGGCAACGGCGGCCCGCAGGCGACGGTACGTAACCTGTGGGACCAGGGGGGCTTCCTGCCGCACGGCTTTTACGGGCTGGTGATGATGATGGCGATCATCATGTTCTCCTTTGGCGGCCTGGAGCTGGTGGGGATCACCGCCGCGGAAGCGGATAATCCGGAGCAAAGCATTCCTAAAGCCACCAATCAGGTTATTTACCGTATTCTGATCTTCTATGTTGGTTCGCTGGCGGTGCTGCTCTCCCTGCTGCCGTGGACCCGCGTCACCGCGGACACCAGTCCGTTCGTCCTGATCTTCCATGAACTTGGCGATACGCTGGTGGCAAACGCTCTGAACGTGGTGGTGCTGACGGCAGCGCTGTCGGTTTATAACAGCTGCGTGTACTGCAACAGCCGTATGCTGTTCGGCCTTGCTCAGCAGGGCAACGCGCCAAAAGCGCTGCTCAGCGTCGACAAACGCGGCGTGCCGGTGAATACCATTCTCGTCTCGGCCCTGGTCACTGCGCTGTGCGTGCTGATCAACTACCTGGCGCCTGAATCTGCTTTCGGTCTGCTGATGGCGCTGGTGGTCTCAGCCCTGGTCATCAACTGGGCGATGATCAGCCTCGCGCATATGAAATTCCGTCGCGCCAAAAAGCAGCAGGGCGTGGTCACGCGTTTCCCGGCCCTCTTCTATCCGCTGGGCAACTGGCTGTGCCTGCTGTTTATGGCGGCGGTGCTGGTGATTATGCTGATGACCCCGGGGATGGCGATTTCCGTCTGGCTGATCCCGGTATGGATTGCGGTGCTGGGCGTGGGCTATCTGTTTAAAGAGAAAGCCGCCGCCACCATAAAAGCACAATAATACATCTCATCAATACTTCACTTTGCTCTGCGCCCTCCCCTGAATAATGGGCGCAGAGCATTGTTATCTGCTTCACACTTTCCCCTCCATAGCTTATTTATCCATATCGTCAACGAGTTCTTGCAACGTATTTCTGCCAACCGCAGCCAATAATTCTCTCCATACTGCAACGGAGAGACCGCACATGGCAGAGAACACGCTTTCAATAAGAGAAAAGATTGGTTACGGGATGGGTGATGCCGGATGCAATATTATCTTTGGCGCCATCATGCTGTTTGTGAACTATTTTTACACTGATATATTCGGACTAGCGCCGGCGCTGGTCGGCGTACTTCTGCTCTCGGTGCGAGTCATCGATGCGGTAACCGACCCTATCATGGGCGCTCTTGCCGACCGCACCCGTAGTAAATATGGTCGCTTTCGTCCATGGCTGCTGTGGATCGCCTTCCCCTACGCCCTGTTCAGCGTCCTGATGTTCACCACTCCTGAGTGGACCTACAATAGCAAAGTCATC
NZ_CP061961.1_gap110	4463500	4464095	595	TCGGGCACCAGGATCGGATCCACTTTCCCGCGGCCGCGAATGGTGCGGCACAGCGAGCGGCTGTCGGCGCCCGGGATCGGCGCTTCGCCCGCCGGATAGACGTCCAGCATCAGCAGGGCATCCACCTGGGTCAGCACGTTGGCAAAATCATCATACAGATCGCGGGTACGGGTATAACGGTGCGGCTGGAATACCATCACCAGGTTTTTATCCGGCCAGCCGGCGCGCGCTGCTTTAATGGTGGCGTCCACTTCCGTCGGGTGGTGACCGTAATCATCGATCAGCATCGCGCTGCCCGGTTTGCCGTTGACTTCGGCCAGCGGAAACTCGCCAAGAAAATCAAAGCGGCGTCCTGTTCCCTGGAAGCTCTCCAGTGCGCGCAGAATAGCCCGATCGTCAATCCCCTCTTCCGTCGCCACGGCGACGGCCGCCGCCGCGTTCAGCGCGTTATGGCGTCCCGGGGCATTGAGCGTCACCTGCAGGATCGCTTTATCCTGGCGTACCAGGCGGAAATGCCCCTGCGCCCCAACCTGACGATAGTCCTCGACGCGCACGTCGGCGTCGTCGCTAAAACCATAGGTGGTGATCTGCCGGC
