gap_id	start	end	length	sequence
NZ_CP014334.2_gap1	1025	3222	2197	ATCTTACGGGATGTACTCACTGAAGATACCTCCACCAGCTCTGAAGGAGATATTGTGGATGTAATCGCTAAGACCTTTAAAACAACGAAAGATGACATTTTATCAGGTTCAAGAGATCGGAATACATCCTTAGCGAGGCAAGTATGCATGTATTTTATGGTAAAAAAATATGGTCTATCTACAAGGAAGGTTGGCGAAATCTTCAACAAAACACATCCGTCGGTAATAAATTCTGTTAAATCAATAGAGAAAAAACTGGAAAATGAGAAGGATTTCGCGTTGTTATTAAGAAGCATTGAAAAAGAACTTCAAAAAAGTGTTGGAAAAGCTTATTCTTGATAACGATAGCAACAGAGCACTGTGAATTTGGAGGTTGTTGAAAAATTAAAACTTTTGTGTTATAATCAACAATGACGTTGAAAAGGAGGTGCTAAGGCATGAAGGTTAGAGTAGACGAAGCAACATGCATCGGGTGCGGTGTTTGCGAGAACCTCTGTCCAGATGTATTCAAACTTGGAGACGATATGAAGGCAAAAGTTTTGCAACCAGAGACTGACCTTGAATGTGCAAAAGATGCTGCTGACAGCTGTCCAACAGCTGCGATCAGCATTGAAGAGTAACAAGTAGGGGTAACAAAAATCACGCTTACAGTTTTTCACAAGGGGGCTTAGCCCCCTTGTTTGTTTTTATGTTCACTAAAAAGTTGTATAAAACTTTGTTTTTATGTTCACTAAAAAGTTGTATAAAACCGAGAAAGAAAAAAGCCTTAGAGCAGAAACAAAAGATTTCCCTTATTTTTGCTATGCTATTGCATTTGCCAAGCATTGATGTGTTATAATATAATCAACGAGCGGCATTTGAAATTCAATCATCGAAAATACAAAGCCAAAATATACAAAAAAGTTGATGAAAAGGAAGGTGTAAGGAGAGTGCGAGTGACAAGGCAGATTAAACATCTTCAAAATTCTTCGTATTTGTTTGTACTCATAGCTTTTTTCCTTTCGTTTTTTGTTTCCATGCTTTTTGGTTTAGACATGGAGAAAGCCAAAGAGATTTATCGAAGTTATCTTTCACCTACATCGGAATTTCACAGGACTGTGTTATCCTACATTAATAACGACCTCCCTATCTACAGGTTTTTGAAAATCTACATGGTAGGTTCAACAGAAAAGACCGAGACCACAAAAAAGACGGGCGACTATTTGGAAGCGATTAAACCGCTGGAAACTGCAAACTCTGATGAGGAAAGACTTGCTAGAGCAGTGTACCTTTCGTATTGGGAAGCGAAATTGAATAATCGTTCATTTGGTAGAGAACTTGTGAAGGGTTCGCCGATATTCAATTCCTTCTTCAATGAGTATCAAATGCGCTTGGTTGATGCATTCGGTAATTATGCGCAAGACCTGGCAGCCTACCTTTTTGGTGCGGATGTCAACCTTCCTTACGTTCCGGAAGAGTTAAGAAAATTAAGGACGGATATTCTTGGCGATTACGAGTACGTTCCTGTGTACAATGGCGAAGAATTAGCTGCGATAACTTTAATAATGAAAGAACCGGAAGTTGTTAAAACTCTTAGTGATATTATATTAGAATCAGAAAAGTCCGCACAAGATTACGATCCGGAGATGCTCATTTTGAGAACACGTGGAACTATCTTTAGAAGCTCGTACAATTTGATTGCCGGGTTGAAAGACGAAATTGCTTCCGAATTTGTGGAGATAACCCCAAAAGAGAGGAATTATGCCTGGATCAGATGGATAATCTACGCAGGTATAGTCTTGATTTGGCTCTATGTGTACAAGAACATCAACATCCCGCTTGCACTTATAATAGCTTCTGAAACGGTGTACATCGGTGTGTTCATGAACATGCAATCCACATCGGACGGCATGATCTACGGCATCGTTATGGCGATAGCATTGCTATTTTCCATATTCTACTTCCTATTCAAAAAGCAACCCGTTCTTTTCTTGATCAGCGTTTTAACAGCGGTTACTTTGTTCCTGCCTTCATTTGCCACGAAAGACCTTCTGATGCCGGAATCTTTCAGTTCATCGCCTTTCTACAGCACGTTGGTTAACGAGGTACTTGAAGAACCGCTTAGTGTTGTACAAAGACGCTTAAAGGATTACAACACGACAGTAAACGAGTCTATTGAGAAGTTCAACGCAGTACTAACGGATGCAGGAATCGATGT
NZ_CP014334.2_gap2	165902	169010	3108	CGGCATTGCTGGGATAATAAAAACCGATGATGTTCCAGTTCGACAAGATGAGATCAAGAAGATGACAGATGTGGTAGCCCATCGAGGTCCCGATGGGGAGGGGTTCTATTTTGGAAAAAACTTCGCATTCGGACACAGAAGGTTGGCGATAATTGATTTAACCGATGCGGGAAAACAGCCGATGAGGTATGAAGGTAAAAATGGTACATATGTTATTACTTACAATGGTGAGGTGTACAATTACATAGAATTGAAAGAGGAACTTATTAAAGACGGGTATGTATTCAATACGCACACAGATACAGAAGTAATTCTTGCTGCGTACGATAAGTGGGGAAGGGATTGTGTTAAGAGATTCAACGGGATGTGGGCGTTTGCAATATACGATGAGAAGCGGAATGAGATATTCCTCTCAAGGGACAGGTTTGGAATAAAGCCGCTTTATTATACAAAACTCGGTAATTATTTTGCGTTTGGTTCTGAGATAAAGCAGTTCACAGTGCTTGATGGTTGGAAGGCTAAATTAAACAGAGCAAGGGCGTATGATTTTCTTGCGTTGTCAATTTCAGATCACACCGAAGAAACGCTTTTTGATGGTGTATACCAGTTATTTCCAGGGTTCAATCTTGTGTACGACCTTTCAACGCACAAATACGCACTTTTTAAATGGTATGACCTAAATGATATCAAAGAAAATAAAGATATCTCCTTTGATGAAGCCTGCCGAATGTTTAGAGAACTTTTGTTCGACTCGGTGCGGATACATCTAAGAAGCGATGTGAAGGTCGGTTCGTGTCTTTCCGGGGGACTTGACAGTTCAACACTTGTTTGCGTTATGAACAGGTTAATAGATAACAAAGAAAATCAGGAAACAGTATCGGCAACGACGGAAGTCAAAAGACACAGGGAAATTGAATACGCACAAGAGGTGGCGAAATACACAGGTGTTAAGTTGCACGTCATTTATCCTACTTTCGATGAGCTAAGTGAAAAACTCCAAGAGATAGTGTGGTATCATGATATGCCGTTTGGTTCAACGTTTATATTTGCACAGTGGAAGGTTTTTGAGACCGCTCGAAAGAACGGACTGATAGTTATGCTCGATGGACAAGGTGCTGATGAGATTCTGGCAGGGTACCACCATGTGTATGGACCTTTCCTGGCTTCTCTTCTTAGGAAATTGGATATAGGTAGATTTTTCAAAGAGTTTAATGCAATTTCAAAGCTTGGATATTCAAAAGGGTTAATTTTCAAGCTTGTGATGGCTAATTTAATCCCACAGATGCTTGCTGGAAAGCTCAGGAAGTTAAGGCGTAAAGAGTCCTTTTTTAGAAGTGTTGAAGGTGCATCTGATTTCTCATTTACATACAAAAACATGCGTGATTACAGGATAGATATGTTTTACAAAACAAGTTTGATTCCTCTTCTGAGGTACGAGGATAGAAACTCTATGAGATTTTCCGTCGAGGGAAGAGTGCCATATCTTGATTACCGCCTTGTTGAGTTTATGCTTTCGCTTCCTGAGAAGTATCTTGTTCAAAACGGAGTTACGAAAGTAATTTTAAGAAATGCGATGCGCGGGATTGTACCGGACAAGGTACTTGATAGGAAAGATAAGCTGGGATTTGAAACACCAGAGAGTGTCTGGATGAGAGAACATGGGGATTTTGTTCTGCCAAAAGTGAAAGAAGCCATAGAGCTGTCTGGAGGACTTGTAAGCGAAAGATTCATAGATTACGTAAGAGACTTTCTTGAGTCGAAAATACAGTACGATCGAGTAATATGGAGAGTACTCATCTTTGGAGAATGGATTAAGAAGTTCGATGTTCGAATCTAATGGAGTGATAGTAGTGAATGTACTCATAATCGGATATCTCCATGACAAGTACGATAAGCGTGTTTTTAGGACAGTGAATGCGCTTTCAAAGAGAGCAAAAGTGATGTATCAGTACTTCTCAAAACAACCAGCAAAGTCATACTATGAAGGTAATGTTCATTATTATCCTCTGACTAAGTCAAGCGAAAGAAATCCTTTAAAAAAGATTAAGAGCAGGGTTGATTTCGATAGAAGTATCGTAAAACTTATAAAAACTGCAGAATACGACATCCTTTACATGCACGCTTTTCCTTTTAGTATGCCGCTGGCTGCTTTTAAGTGGGCAAAGAAAAGGAATAAAGTGGTTGTCTATGACCTTCACGAACTTCATCCAGAAGACATGTTCGAGAACTTGCCTGCTCCGTTGAGATATTTGAAAAGGTTTATCTTTTGGAATGTTTTTCGCAAGCAAATAGAACTGTGTGACAAGATAATCTGCGTTTCACAAGATACAGAAACTACAATATTTGAAAAGATAGGCCTGAGAAAGCCGAGTCTTGTTGTTCCGAATTATGCTTCCCTTAAGTTGAGCAGTCCATCGAAAAACAAGGAAATATGCATAGTTGGGAAGACACCGAGAGGTTTATCGCAAGCACATATAAAGTTGCTGAGTAGATTAAATGAGGCAGGCTTTTTGATAAAGGTTATAGGTTATACACCTAACTTTCCAGACGATTTGAAATACATCAGTTTGGAAGCTCTTCCGTATGAGAGAATGATGGAGGAGATTTCAAAATCGGCTTTTAGTTTTATTTCGTATGACCCACCTTCGGGTAAATCAAGTAGGAACTATATGTTTGCTTTACCAAATAAGTTTTTTGATTCAATAGCAGCAGGAACACCAGTAATTGTCAGAGACAGTTTTGTGACGATGAGCAAGCTTGTGAAGGAGTTGGTGATAGGAGAGGTTATAGAGCCAGAGGATGTTGATAAATCGGTGGAAGATATACTTAGAGCATATGAGAATTACGAAATACTTTTTGAAAACGTGGTGAAATACCAAGACATGTTCGTTTGGGACGAGGCTAAGGAAAAGGAGTTTGTTGAGTTTGTGATTGGATAAATAGAGCTATGCATCATATCAACACAAGCCAGGCATGCGGTCTGGCTTTTTTGTTTGTTTGGTTAGGTTCAAGCGTTGCAATTTTCCTTCGGCGCTTCGATTTCTTAGTAGAAGGCACTTAAATGGTATGATAAAATTAGTTAGCAAAGAATTAAACATATTTGGCTCT
NZ_CP014334.2_gap3	170203	172058	1855	AGTTGCACACGTGTTCTATCAGTACTTGACCGATAGACCTGAGAAAGAATACAGAGATGGGAACATACATTATCTTCCCATTGAATGGCACGAGAATTTGAATGCAAACGCTTTCGTTAAGCTTTGGAAGAGGCGAAAGCTCGATAAAAAGATAGTGGACTTAATAGAGAATTCGGACTTTGATATTCTTTACATGCACCACTTTTTGCCTTCAAAACCAATTGAACCTTTTGTGTATGCAAAAAAGAAGGGGAAAAGAATAGTTTACGATGTGCATGAGTACCATCCAGAGAATTTTCTATCGAATTTTTCTGGAATAATTGGAAAATTGAAGACTGCGATTATGAGAAGTATATTTGAACGGCAAATTGAGTTGTCTGATAAGCTTGTGTTTGTGTCTTACGAACAGATGGAGTATTCGTTGAGAGGAAGAAAAAAAGAATGCTTGGTTGTTCCAAATTATGCGAGTATCGTGTTATCGAGTACCGAAAAGGAAAAGTCAATTGTCTATGTTGGGAAGATAACAAGAGCCCTTGGTGAAGAGGAACAGGTTGTAAAAGAACTTATCAGACAAGGTTTTATTTTCAAAATAGTAGGTATGGATTCAAAAGCTTTCTCGAACATTAATCATATTTGTACTGGCTTTCTTCCGTATGAGGAAATGATGAAAGAGATATCGAAGGCTTCATTTTCGCTCGTGTCCTTTAAAACTACTGGGAGAGAAGATTACAAGAACGATTTATGGTCGTTGCCGCATAAATTTTTCGACTCGCTTGCCGCAAGCACTCCGGTGATTGTGAGCGATAGATTTGTTTCCTTGAGACGAGTTGTTGAGGAACTTGGCGTAGGTGTGGTGATTAATCCAAAAGATGTTGATGGCTCAGTGAGGAAGATACTGGAAGCGTATAAAGAATACGATAAGCTTTTAGCGAATGTTGAGAGGTACAAAGATAGATTCGTTTGGGATGAAAGAAAAGAGAAAGAGTTCATTGAGTTCGTTCTTGGATAAGAATGTAGAATTCAGGGGAGGTTGTCCGATGAAAGTCCTATCCTTGGTCGGTGCAAGGCCGCAGTTTATTAAGGAAGCTGTTTTACACAAAGAGTTTGAAAAAGCAGGCATTCAAGAAATTCTCGTCCACTCTGGTCAGCACTATGATTTCAACATGAGCGATGTGTTTTTCCAAGTGCTCGAAATTAGAAAGCCCGATTATTACCTCAGCGTGGGTTCTGGACTGCACGGTGAGATGACCGGCAAGATTATGATCGAGTTTGAGAAGATCGTGCTTGAAGAGAAACCTGATGTGATACTTGTCTACGGCGATACAAACACAACACTTGCAGGGGCGATTGTGGGAGCAAAGCTCAAGATACCCGTTGCACACGTTGAAGCTGGCTTAAGGCAAGAGCCGAAAGATATGCCTGAAGAGATAAACCGAGTGCTCACAGATAGAGTTTCTAAGTATCTTTTCTGTCCGACTCAACTGGCTGTTGAGAATTTGAAAAAAGAAGGTATAGAGCAAGGAGTTTATTTTGTCGGAGATGTGATGTACGATTTGTTTTTGATGATGAAACCGTTGTTTAAGTACGACGTATATGAGTCGGCAAGTCTTGAGGAAGGAAAGTACATAGTTATGACCCTTCACAGGGATTTTAATGTGGACAACAAGGAGAAGTTCGAAAAGATTTTGAAGGAAGTTGCCAAGGTTGCCGAAAAAGTTAAAGTTGTGTTTCCGGTTCATCCAAGGACAAGGAAGAGAATCTCAGAATTTGGACTCGATGAATATTTGAAGGACATCTTGGTTATAGAACCTATCGATTATCTGAATTTGATGGGCTTAGTTGAAAAGTCGTGGAA
NZ_CP014334.2_gap4	241108	245431	4323	GGAACTACTCTCCATTTATGGAGAAGTGCAGATATTGGAATTACCGCAGATCAAAGACCAATCACCAGAGGATTTTTTTGAAGAAATTTCGGCTGGAGCCAAAGGTATTGTTGTTGGCCACGATTTCAGATTTGGTAAGGACGGAAGAGGAGATGTGGAATTACTTGATAAGCTCTGTAAAGAAAAGGGGCTAAAGCTGGAGGTTATACCTCCAGTCGTTGTAGACGGAGTAAGGGTTAGTAGTAGTTACATCAGGAAGATGATAAAAGCAGGGCAGGTGAAGGATGTCAAAAGGTTTCTGGGAAGGAATTATTCCATACATGGAGTTGTGTACAAAGACAAACAAATCGGAAGAAAGCTTGGCTTCCCAACTGCAAATGTGAAAAGGCCTGAACTACATTTAGTAGAGCCCGCGACGGGTGTTTATTTTGTAAAAGTCTATACTCCCAAACAGTACTACGGATTGATGAATGTAGGATTCCGACCCACAATAGAACACTCAAGGAAGATAAAATACGAAGTCTACATCCTTGATTTTTCAGACGATTTGTACGGGAAAGAGATACGTGTGGAGTTTTTAGAATACCTGAGGCCGGAGATTAAATTCGATACTTTAACTCAACTCATTGAGCAGATGAAAAATGACGAGAAGACTGCAAGGAGGTTGATAAAAGAGTATGAGAAAAAAGATGCAAAAAGCATCTGAACTCGATTGCAAAGATGTTAATAGGATCGCCGAGTTGATAATAGATAGATTTCCACGGCAGCATGAAGAGAAGGACCCTTTTAGGGTTCTTATCACAACGATACTCAGTCAGCGGAGCCGTGATGAGAACACGGAAATCTCAGCTAAGAACCTTTTCCGTGTTTACAAGGATGTATCGCAGTTGGCGAATGCAAAACCAGAGGAACTCTACGAACTCATCAAGCCTTCTGGATTGTATCGAGAAAAGGCAGAAAGGATAGTTGCCGTTTCAAGGTTGATATTAGAAAAATACGGTGGAAAGGTCCCGGATAGTTTGGAAGAGTTGGTTTCACTACCGGGGGTTGGTAGAAAGACCGCGAACATTGTTCTGCACGTGAGTTTTGGTCAACCTGCTCTTGCGGTTGATACTCACGTTCATAGGATATCCAATCGCTTGGGGTGGGTTAACACAAAAACTCCGGAGCAAACGGAAGAAGCACTCAAAAAGATACTGGACCCCGATTTGTGGGGTCCAGTCAATGGTTCTATGGTTGAATTTGGTAAACAAATTTGTCGACCGATTTCGCCTAAGTGTGAATTGTGCTTCTTGACAGAGTGTTGTAGATATTTTAAAGAAAAGCTGAAATGATAAGCAAATATCCTTTTACTTTCTCTGAGTGAATGCCTGTGCCATGAATGCACCTTGGGCTTGTAGTTTTGATAATGCGCTTTCGAGCGATGAGTACTTTGCCCAGAGTTGCTGTTCTTTCTTCTCAAGGTATTCCATCATCGTGACCATGCGTTTAGAAAGGATGCGCTTTTCTCTTTCAAGCCTTCCACTAACACCAGCCACGGTGTCTATTTCACCGTTGAATTTTGTAAGGTTAAAGCTGTATTCTTTGAGCTGGATACCTAATCCTTTGTAGGTGTCGTTGTTGCCAAAGAATTTCCAAACTGCATCTGGTCCGTTTTCATCGATGAATTTCTTCAGTTTGTCTTCGTTTAACGTAATCCTACCTTTCATCGTGTTTTCAAAACTCTTACCTACGTCGCCAGATTCGATACCTAAATCTGCCAATTTCTTTCCATCAATTGTGGTTGTTAAGAAACTTCTGAATTTGTCGAAAATGCGTCTCAAGAAGGAATCATCCTTCAGCAGGCCTTGCAATTTTTCGTCTTCGTTCATCTGATCAGGTGATTTGTTTGTAACTTTCTTTTCCGTTAGCTTGGTGTAGAGGAAATCGGTGAGTTCATTCCATTTGTTGACAAAGTCTTTGACACGTTCGACGATCTTGTCTTTGTCTGTTCCAACTGTGACGATAGCACTACCTATCGCTGATAGATTTAAAGTCACGCCGTTGTAAGTTAGTGAATTTGATTTCGATGTGATTTCTTCTATATAACCATTAAACGTAACTTTCACATTGGCAAGTTGGCCAAGTGTGAAAGTGGAATTGGTATCATCGAGTTTTAAAACACCTAACAAACCGCTATCGCCCTCAACGGATATTAGGTTATCTCCTGTCGTCTTGCTTGTAAGTACTATCTGACCTGACTTATCGTCATAGGTTGCGTATACATCGGTTATGGTGTTGTTGATTTTCTGAATGATCGTTTGCAGTGTATCTGAAGGTTTCAACGTGATTTCTTTTCCATTTATCTTTATTGTTGCATCCGAAGTAACTCCAAGGCTTGAAAGAGTCTTGAACGTAGAGTAAACGCCTATATCACCGCTGCTTTCAAGCACGAAATTTGTTCCCGCCTGTTTCAAGCTTGCATCGTTCAATCTGAAGACGAACGTGAAGTTTCCGGATGCGTTGGAGATCTGGAATGCTTTATTTGATTCGATTTTAAGTTTGCCATCCTGGAATACGATGTTGGCAATTGCTCCCAAGTCGGTGAACGCTTGCTCTAGTTTTCCGATGATGTCGTTAATCGTGTCAGAGTGCGAAACGGTAATTTGTTGTTCTTGAGAACCAACTTTGATCTTGACTACAGAGTTATCAACCGGCGCATATCGTGTATCGATACTTGCAAATGTATCGGTCGGTTGGATTTCTCTTCCCAGCTTTCCGCTTTTGAAGAGACTATTCGTTGCAAGTGATACTACATCAACAGAATACGCACCATCTAAAGCGGATGGTGCAGCACTTGCGTTAAGTACGTTTGTGGCAGACGAAGTTGCGGTTTTCGGAATTAAGTTTGCCTGCAATGAAAAATCTGAGATGTAGTTATAAAACTCGCGGATTTTTGAAGAAACTTTTTGATACGCCTTCTGGAGATTGGCGTACTGTGTGTACTTATCGTTAAGCCTTTGGAGTGGTGCAGCCTCCAGTTCCATAAGTTTTTCTATGATCGATTGTGTATCAAGACCACTTACAGCGCCACCAACCTGCAGTCTTGAGGACCGCTGATATCTGTAATTTATGTTGTTGGCTATGCTTGAAAGGTCCATAACCTCACACCCTTTCGTCCATCAGTACCCCCAGGAGTTCTTGGATGTTCTTTGCAAGTTTAAGAGCGAGTTCTGGAGGAATTTGGCGAAGAACTTCCCCTGTTTCAGGGTCTTTGATTTTGATCACAACCATGTTCGTATCTCTGTCGATTTTAAACTCTGCTTCCCCTCTAAAAATCTTCTTCAGCTTCTCGAAGTTTTCCTTAAACATGTCGAGTTCTTCGACTCTATCCTTTCCTATACGCAGGGTATCATGTGTCTCATTTCTTCCGTGGCTGTGTTCTCCTACAGCGGGATTAACAACTGTTGCCGCGTTGTTTTGCACTTGATTTTTGTTGATAAAATCCTGTTCAACTACCGTTCTTCCTACGCCAACCCCTTTAATCCCATCCATAGCTCACCACTCCGTGATGAAAGTATAGTTAGAATATCCCTATTTATTATCGTCACTCTTTTCTTTTTCTTTAATCGAATCTAAAAGTTGTGCGATCCGCACGGTTGCTTCGATACCTTTGTCTTCTTTGAACCTGAGTTCAGGTGCTACGTACATTCTGATGCTTTTCGCTACGTATGTTCTAAAGTAACCTTTTTTTGAGTCCAGGTATTCCACAACTTCCCTTCTCTTTGATTCATCGCCAAGGACACTAACGTAAATATCCGCGTACCTTTTGTCTTTAGAGACTTCTACTCTCGAGAACGTGATTAACGACCTCACAGTTTCTATGTACGGATCTTTCATCTCCATTAACGCTTCTGATAAAACCTTTCTCAGTTCCGATTCAAGCATTTTAAGCTTGTATTCCTGCTTCATCCTGAACACCTCCGTAGATCATGTCTCTGGACCTTTCAAATACTCTTTCTAATTCGTGGAACATTACCTTCAAATCCCCTGGTTTCATCCCCAAAACGTTGAAAGTTAATGGATCAAGGTAAGGCGAACCGTAAGACAGAGAATAACCTGGCATAAATATGTTAGAAAAGACGTTTGCAAGGTGGACAATGCAAATCATCTCTATGTATGGCGAATCTGGGTTAAGTGAGGGTTTCTCATGGTACTGTGCAACAGAAACGTACTCATCTGGAAATTTCCAAAGTTTTAGGAGTTCTCCTCCTAACTCCATATGGTCTTCGACTCGACATTTGTATTCAATTAAGAAGAATGGTGTTTGCTTTTCTTGGCTCA
NZ_CP014334.2_gap5	252370	255360	2990	ATGTGGGACTTGTGACGATATGTTCGCTACAGCCAAGTCCTGTTACCAAACCACGAACAAACGTGGTCTTACCACTTCCAATTTCACCGGACAAAATCACCACGTCACCATCTGAGAGGCAGTACGAGAATTTTTTTGCTACGCTTTTCAGTTCTTGTTCATTTAAGATTCCCAATTCAATGCGCGGTTGACTGCCTGTTTCCACTTGTTGAACTCCTCCTCACGAGCCTGTTTTGGTGTGAATATTCTATCTATTTTCCTAATCTGCTGCAATTTTTCTTTTGTGACGATGCCAAGGGCAATCGCCGCAAGACTGGCGGCACCAAGTGCCGTTGTCTCTCTGTTGACAGGCCTTTCAACAACTGTGTTCACGACATCGGAAAGGATCTGCATTATCAAATTGTTCTTTGAGACACCTCCATCAACCTTCAAGGTGTTTATCTTTATGTTGCTTTCTTTTTCCATAAGCATAACAAGTTGGCCGACAGAAAATGCGATACCTTCAAATGCTGCGTAGATTATGTGCCTTTTGTCCGTTCCCGGGGTGAGCCCGATGATTAGACCACGCGCATACGGATCCCAATACGGTGCACCAAGTCCTGTAAGGGCTGGGACGAAGTAGATACCGCCGTTATTACCCACTTGAAGTGCCAGTTCAGTCAGTTCGCTGCTATCTTTTCCGAATCCAAGGTTCTTGATAAGGTAATTCACAAGCGTACCGGTTATGAACACGCTTCCTTCGAGCGCATAGGTTACCTCATCTTTGATCTTCCAACCAACAGTGCTCAGCAGATTGTGTTCGGAACTTATGATTTCATTTCCCGTGTTCATCAAGATAAAGCTGCCAGTTCCAAGCGTACATTTTACGTCGCCTCTTTGGAAAGCGGTCTGGCCAAAGAGAGCAGCCTGCTGGTCTCCGACCAAGGAAGCTACCGGGATGCCGTCGGCTGTGTACCCTATGAATTGCGCCGTATCGACCACTTCCGGAAGGAATTCCCTTTTAACTCCGAAAAGTTCCAGAAGCTCTTCATCCCAATCAAGAGTGTTTATGTTGAATATCATCGTACGCGATGCATTTGAATAATCTGTCACATGCCTTCCGGTCAATTTCCATGCAAGGAAGCTGTCTATAGTTCCAAATCTTAAAGTCCCTTTGTTGTAAGCTTCTTTAACTTCTGGAACGTTTTGAATTAGCCACTCGATTTTGGTTGCCGAAAAATAAGGGTCAACAACCAGACCTGTCTTTTCTTTTATCGCTCGTCCGTATTCTTTTCTTAGGAAGCTCGACCTCTCAGCTGTTCTACGGCACTGCCAAACGATAGCGTTGTAAAGAACTTGCTTTGTTTCAGAATCCCAAGCAACAACGGTTTCCCGCTGGTTTGTTATACCTATAACATCTATTTTCTTCCCTTTTGAATCCGCAACACGCTTGCATTCTTCAAGAACTTCAACAACAGTTTGCCAGATATCCTCAGGATTGTGCTCCACCCATCCTTCTTTTGGATATATCTGGCGAAATTCTCTTCGCGCCTCGTGCACAACAGAAAAATCATCGTCGAATAGAATCGCTCTCGTGCTTGTCGTTCCCTGGTCTAAACCAACGAACATCACCACCAACCTCCCCTATCCCGCAAATCTATCAGCCGTCTTTTATTTAAAGAACCTACTTATGATGTTCAGCACGACAGTAAGTACCACACTTAGAATGATCATCGTTGTTATTGGGAATATAAAAACGAAGTTTTTCTTTCTAATCACGATGTCACCGGGCAACCAATTCAAATCACTCATCTTCGATATCAGAAACATCATCAAGCCCATTGTAATAGTTATCACTCCGACCGCTATCAATAATTTTCCAATTTCCCGCATTCTCTCCCTCCTTAAAATAGGAGAATGGAAGTGCGACCATCTCACCGTCGTCCGTTTGTAAGGTGACCCTTGAAAGGAAGACGTTAACTGTTATCACCTTCGCAATTTTTCCATCGTAGTATATTGTAGACCCTTCATCTGGTATATTCTTCAGAGCTTCAACGTAGAAGTCGTGCTCAAATGTTAAACAGCAGAGCAACCTACCGCATGGTCCTGTGATCTTTGCGGTGTTTATCATCATCTGTTGTTGCTTTGCGTGTTTCAGGGTTACGCTATCGAATTCCCTCAAAAAGTACGAACAACAGCTCTTTCGTCCGCAAAGTCCCAGCCCCTTTATGAACTTCATTTCATCCCTTGCACCAACCTGCCTCAATTCAATACGTGTTTTAAACTCTTTCGCTATATCTTTTACGAGTTCTCGGAAATCAACCCTTGTTTTGGAACTGAAGTAGATGACGAGTTTACTTCGATCGAATATGTACTTAGACTGCAAGACCTTCATTGGAAGGTTGTGCTTCTTTACAAGTTCTACGGTCACTTTGCGCGCTCTTTTTGCAATCTCTTCGTTTTCTTCAATAATCTTCAGGTCCTCGGCCGTTGCTTTTCTGATAACCGCTTTTAGTTCGTAATTGACATCGTCTATGCTTATATCTTTTGGACCTAGCAGTACTTTACCGTAATCTGTTCCGAATTCACTTAGAACAATTGCGTAATCGCCGTATTTGAAGGTTTCGCCGTTATCTAAGTAGTACACGATCTTCCCTAAAGGCATCAATTCTACTCCGTAAACGGTAGCTTCTAAACTCACAAATTATCACCTCTTAATCCAAGTAGTAGTGTGTAATACGTCAACTGGTAGTTGAAGTTTGCGATCTTAGATTTCAATATGTCATCACATATGCGAAGGTATTTTATCTTCTCATTTTCGGAAAGCGTCGTATCTTTGTAAATCAACCATGCGACAATCTTAGCAACAAGCCGGAGGAATTTAATGTTGCTTTTCTTGGATAGTTGTGAGATAAAACGTACGTATGCCGACAGGTCCTTGCTTAAGTATTGCTCCAGAATCTGCTTTAGCGACATGATGACGTCTAATTCCACACTTGACTCGTTGATTT
NZ_CP014334.2_gap6	258064	262341	4277	ACCAACGCTTTGTTTCAGAGGGATAGATAACGAAATTTACTACATGCTCGATCCAAGGAACAAAAGGTACTATCTAAACTACTCTGGCTGCGGTAACACTCTGAACTGCAATCACCCCGTTGTCAAAGAGATGATCATTGACAGTTTGCGTTACTGGGCCACGGAGATGCACGTGGACGGCTTTAGATTCGACCTTGCTTCCGTACTTGGCAGAACACCGGATGGTAGGTGGATTGGTGACTTCTCGCTTTTAAAGGATATAGCCGAGGATCCGATTGTTGGCAAGTTGAAGCTCATAGCTGAAGGCTGGGATGCTGCAGGTGGTTATTATCTTGGACAATTTCCAGAAGGTTGGGCGGAATGGAATGGAAAATACAGAGACTGCGTGCGAAGATTTGTTCGCGGTGACAACGGCACCATTCCAGAGCTGATGCTCAGGATAGCTGGGAGCCCGGACCTCTATTTCAATAGAAAGCCGCACGCGAGCATAAATTTCATAACTTGCCACGATGGTTTTACAATGAGGGACCTGGTTTCGTATAACCAGAAGCACAACGAGGCGAACGGGGAAGGTAATAAGGATGGTGCAGACGAAAACTTTAGTTACAATTACGGCGTCGAAGGCGATACGGACGATGAAAGTATTATCAAAATACGTAAACAGCAGATAAAGAACTTCTTTGCCATACTCATGGTTTCCCATGGCACACCGATGATACTAATGGGCGATGAAATGTTCAGAACGCAAAAAGGTAACAACAACGCCTACTGTATTGACGATGAAACAACGTGGGTCGATTGGACACTTAAAGAAAAACACAGGGACCTGTTCGAATTTGTGAAGAAGATCATACATTTTAGGAAAGAACACAGTGCACTTAAAAGAGAATGTTTCTATCAAAGGTACGACAAGTTCGGTAACGTTGTGACGGACATCACATGGCATGGTATTAATCCTTTCGAACCGGATACCGGTTACTACTCTCATTCGGTAGCGTTCATGATCTCAGGATTCGATCCTGTAAAAGGTGTAAGAATCGATAACGATATCTACGTTATCTTAAACCAATGGATTGAACCGCTCAGATTCATTTTACCACCGTTGCATGGGCAGTCTTGGTACAGAGTCGTAGATACAGCACAAGAACACCCAAACGATTTCTTAGAACAGCCTGTAAAAGTGGAAGGTCATTACATTGCCAAACCGAGAAGTACAGTGATATTTATCTCAGATTACCCCGAAGACAAATAAAAAATCAAGGGAGGAGATTGTGTTGGTTGCACCGCTTGGTTTTCTCTTAGGTGTGGGCTGCTTTTTGATGGGGTTTTACCTGCACGCAAGAGTCATGAATTTGCTCGTTTCTAAACTGATTGTTGGTGCTATGCTTCTTGCGATTGGATTTTTCCTGAGAAATCCGTACCTTGTGGTCTTCCTGACGATTTTAATGCTCTTTTCAAGGCACATGTACACACCAGTCCAAAGTGATCTGGTTTCAGATCTGAAACGTTACCTTTTTAATAGAACGATGCTCAGGAGCAAAACGTACCTGATGCTTGTTAGCACGGGTGGGATTTTTCTTGGACTCGCACTTCCGGCTGTTGTGAATTATCCATTAACTATAACTTTAACCACGTTATTTGTAGTAATGCTCATCTGGGTAGTTGAATTCTCAAACTACAAAAGCTTTGAAGAGAAAATTAAAAAGGCCGCCGAAAAAGGAGGCGACCTTAATGATCCAATCGAAGCCCTTAGGTACGCTTACACGCTTATGAACCCATTCTCGAATACCGATGTGGAAGAGGTTATAAAAAACAGAATAGAACTATTCAAGAATGTTCAAGATCGAAAGGCTGCAAGGTAGCAAAGAGTAGCAAATCGAAAAAATCATTAAGCTTCCACGATGAATTCCATTTCAACAAGTGCACCTTTCGGAAGGCTTGCAACTCCAACGGTGCTCCTTGCCGGGAAGTCTTTTGTGATAGCTTCGAAGTGCTTTTGGTAAACTTCGTTAATTTTTGCGAATTCGTCCAATTTCGTGGTAAATATCGTTGTCTTAACAACATTTTTTAACGAAAGACCAACCTCAGAGAGCATAAGAGAGAGGTTTTTTAGTATCTGCTCTGTTGCATGTTCAACAGAATCGTTCACAAGCTCTCCGGATTCTGGGTCAATTGGTAAGATTCCGGAAAAGAAGATGAGGTTTCCCACTTTCACAGCGGATGAGTACGGCCCCACGGCTTTTGGTCCCTTTTCGAATTTCAGAATTTCCATAGATCGCACCTCCATTTCAAAATGAATTGAAAATCAGACTTTTGAGGCGAACTGCCTGTGAATTTTTTCGCGGTAGAGTTTTATTCCATCATTTGGATTGCCATCGAAAACGATACTCCCAGCATCTATGTAGATGCATCGATCTGCGTAAGCGCTGAAGAGGTTCAGTTCATGTGTTGCTACGATAATACCTTTGCCTTCTTCCTTCAATTTAACAACTGCATCAACAACTTCGCGCTTGCCATTCTTGTCGAGCATCGCCGTAACCTCATCCAAGAGGAGAAATTCAGGCTGCAAAGCGAGTATAGATGCGATGGCAAGCCTCTGCTTTTGCCCACCGGACAGGTAATAAGGGTCGGTATCTTTTAACTCTTCGAGCTCCAATAGTCTAAGCACATGCATTGCCCTTTTCTCCATCTCGTCTTTTTTAAGTCCTATGTTCTCCAATCCGAATATCACATCTTCCCAGACAGTTGAACCGATGATTTGAGTCTCGGGATTTTGAAACACGTATCCTGTGACTTCCGATACATCGCTTACGCCTTCTGGCAGTACGATTTCCCCATCATATTCAATTAGTCCAGCAAGTACCTTGAGCAAGGTAGACTTCCCAGAGCCGTTTGCCCCGATAACCATCACAATCTCTCCGGTTTCAAACGATGTGGAAATGTCCCTCAAGATTTGTTTGCCCAAATAAGAAACGCTTATGTTCTTCAATTTTAATACCAACAGAGCCTCTCCCCTTATGCGATTTGAACTTTTCATCTACTACTGGTATAATGATACCACGGAAAGAGAAGTTATCAAACACAAAAGAAACAAAGAAAGGAGGAAGAGGTATGTTTAAGGTATCTGAAAATTACGATTTGAAAGAGCAGGTGAAAGAATACGTCCTTTCCACGATTGGTGTTCTCTTAACCTCTCTTGGACTTGTTATATTCTTCATTCCTAACAACATCGCGGCCGGCGGTGCGTCCGGTATTGCGATGATACTTCACAAGCTAGTTCCTTCCGTTTCTGTGGGTATCTGGATGTACATTATCAACGTCACACTCTTCATTCTTGGCTTTCTACTTGTTGGTAAGGATTTCAGCTTTAAAACGATATACTCGACCTTCGCACTGAACTTCTTCGTTGACCTTTTCGACCGGATTATCGATATACCAAAGTACACGGGTGATGATTTAATGCTTGCCGTTTTCTTTGGTAATATACTCGCTTCTATAGGTATGGCAATTGCGTTTGCAAACAACTCTTCAACTGGTGGAACCGATATCATTGCAAAGATCATCTCAAAATACTTCCACACACCAATTGGAACAACGCTGCTGATGGTCGACTTTGCGATAGGTATATTTGCAGGGTTTGCATTCAACGCAAGGATAGCGATGTACGCACTACTTGCGATAATCATCAACGGTATAACGATAGACTTTGTGCTCAAAGGTCTTGAACTTTCCATAACGATGATGATTATCTCAAAGAAGGTAGATGAAATTAAAAGGTACATCTTGGAAAAAATGGAACGCGGAGCGACGATATTGAAAGCACAGGGAGCTTACTCGGGCAAGGATATCGACGTACTTTATGTGGCGTTAAGGCGAAGAGAACTCGGAGAGGTGCTGAATGTAATTCGTCACATAGATCCCGAAGCTTTTGTAATAGTTACGGAGGCAAGGTACGTGCTTGGTGAAGGTTTTAGAAGAATAGACAAGGTAGTCTAAAGAATAAAAAAGGGCTTCCCCGCAGGAAGCCCTTATTTTTTAATTTTAAATCTTGAATCTTCTCACCGTTTCAACGAGCTTTTCTGCGATATTGTCAAGATTCTCAACTGTTCTTGCAACATTTGAGATAGCATCCGCCTGTTGTTTAATCGCCATCGTTACTTCGTTCATCTGTTCTACCACGCTGACCATGGACTTACTCGCACTGTCCATCGCACTACTCATTTCTTCAGCGGCTGCGCTCTGCTCTTGTGCGCTCGCAGCCAAGTTCTCCGTCATCT
NZ_CP014334.2_gap7	297727	300819	3092	TGTCAAAGCGGTTGGGAAATCCACATACGAACTGTGCTCGCTCAACGAAGGCGATATACTTTACGATGTAGTTGGACCACTCGGTAAGCCAAGTGAAATTAAGTATCATGGAAACGTACTAATAATCGGTGGTGGAGTTGGAATAGCCGCTATATTACCAATTGCAAAAGCGCTAAAAAGTGCAGGCAACAACATAACAGTTATAATTGGAGCAAGAACAATCCAAGATTTGATATTAAGAGATGAATTCACATTTGCCGATAAACTTTTACCAACAACAGACGATGGAAGTTTCGGATACAAAGGTAACGTGATAGATGCCATGAAAATCGAGCTTGAAAAAGAAAATTACAACGTAATTTGGTCGATAGGACCAGCTATCATGATGAAACTTTCAAGTGAAATTGCCACAAAATACAACATTCCCATTTGGGTTTCGTTGAATTCTATCATGATAGATGGTACTGGTATGTGTGGTGGTTGCCGAACGGTGATAAAAACTGATAATTCCGAAAAGATACAGTACGTATGCGTTGATGGACCAGAATTCGATGGTAGATACGTTGATTGGGATAGCTTCATCAAAAGGCTAAACCAATACAAAGAACAAGAAAAATTGGCTCTTGAAAGATATCTGAAAGAAGTTGGTGAACCTACATGGCTGTGAAAGACAGAGTCCACGTGCCAGAACAACCTGCTGAAATAAGAAAAACTAACTTTTTGGAAGTATCGCTCGGTTACACACCAGAATTGGCGCAACAGGAAGCCTCACGATGCTTACAATGTAAAATACCAACGTGTATATCCGGTTGTCCGGTCGGTATCGATATACCGGGCTTTATTAAAGAGATAGCTAAGGGTAATTTCGAAGGTTCGTATAAGATTTTAAAATCTTACAATTATCTGCCAGCAATATGTGGACGTGTATGTCCACAAGAGGTACAATGCGAGGGGTTATGCATTTTAAATAAAATTGGAAGATCAATCAACATAGGTGCACTTGAACGATTCGTCGCAGATTGGGCGGATGAAAACAACATCGAATACGAAAATGAAAATACTAAATTTCAATTCAACATAAGCAAAGCAAAAGATAAGAAAGTGGCTATAATCGGCTCTGGACCAGCCGGATTGACGGTTGCATCTGAACTTGGTAGATATGGTTTCACCGTGGATATATACGAAGCCCTGCACGAATTCGGCGGTGTATTGACGTACGGTATACCAGAATTCAGATTACCAAAATCGATAGTCAAAAAAGAAATTGCCGCACTTGAAAAACTCGATGTGCGATTTTTCAAGAATATACCAGTTGGATACGCTATATCCGTTAAGGAAATCCTCGAATCTTACGATGCCGTTTTCATCGGTGTCGGTGCTGGCACACCTAAATTTATGGGCATACCCGGAAGTGAGTTGAACGGTGTGTATTCTGCCAACGAATTTTTAACAAGGATAAACCTTATGAGAGCGTACAAATTCCCGGAGTACGATACACCTATACGAATCGGCAAAAAAGTGGCTGTAATCGGTGGTGGAAACACCGCAATGGATGCAGCAAGAAGTGCTCTAAGACTTGGTGCAGACGTCACTATAATATACCGTCGAACAGAAGCAGAAATGCCAGCGAGAAAAGCGGAAATCGAACATGCGAAAGAAGAGGGTGTTAAATTTTACACACTCGCAACACCTGTCAAGTACATCGGTGATGAAAATGGTAATTTGGTAGCTATCGAATGTATCAGGATGGAACTTGGCGCGCCTGATGAAAGTGGTAGAAGACGACCTGTTGAGATTCCAAACAGTAACTTTATCTTGGAAATGGATACAGTTATCGAAGCGATAGGTACTGAAGCGAATAAATTTCTGCTCAGTCAATTTCCAGATTTAAAGACAAACAAATACGGTTACATAATAACAGACGAATACGGTCAGACAAGTAATCCGAAAGTCTTCGCTGGAGGAGATATTGTAACAGGTTCAGCAACAGTTATCTTAGCCATGGGAGCTGGTAAAAAAGCTGCGCAAGGTATAATGAAATTCCTATCAGAAAACAGATGAAGGTGAAGATGATGTGATTTACATCGAAATACTATCTGCGATAATTGTTCTTCTAATACTCGTTGCAATAGTCTTATCAACTATCCCCATGCAAAGAAACATGCTTGAAGAAGCACTAAGGCAAGAGAAAGCCCAATTAAAAGCGGAAAATATCTTTTGGGAAACGATCGATGACACGGTTTTGAAAAACCTACCTGATACTTTTTCGATAAATTACCAAGTTGAAGTTGATGGCAACAAATACATCGTCACCATCAGTGCGGAAAAATTTCAAAGGCAAAAGTAATTGAGAAATGAACATCCCCCGGAAACACATTTAACTTCGTCGGGGGATTTTTTATATCTTATAGGTGATTTTATTTCTATTCAACGAATATGGTGTTACAGTATTGACTTTTTTTTTTTTTTTTTTGATATAATTAAAATAACTCTGCGCAGAGTAAATCGTGTTAAAAATTATTGATTCTTACAAGGAGGTATAACAGATGAATATTTTGAAAAGATTAATCAATGGTAATGTTCCACTTGGTGGTTGTATAAATAGAAGTCAAAGATGTGCGAGCATTGAGATTAGTAAAAAATAACCTAATGGTTTAATGTTACTAGACCCGGGTCTAATATTTTATTGGATCGAATTAGAAGACTTGAATTTCAGAATAAATAACTGAAATTCGAAATAGGGAGGAACCGAAATGAGTAGATTTGTTGTAAAAATTGATAAATATGATAAGATAATATATTATGATCTTTTAATGCGTGAAATTAAGATAGTAAATAAGAACTCATTGAACACAAAATTCGAAAGTTATGATTCAGATGAAAGAATTGCATTAATGAATTATATTAATAATAAGATAAAATATTCAAACGATACTTTGTCAATAACAGATGCAATTACCTATGATTGTAATTTAAGTTGTGTATATTGCATGCAAAATGGACCAAAAATAGACAAAACCCAACTGGAAATTGAAACTGTGAAGAAAGTGGAACTTTACAGAAAACTTCTCAGTATCTTCAATCCAAAATCA
NZ_CP014334.2_gap8	402961	406473	3512	GGTGTTTTGCTTTTCGGACATGGTCATGAGAAGGTTATACAGGCAATGAAGGAGAAAATCGATAGGTACGTCCATCTTTCGAATTTTTTCGTGGATGACGATGCAAATTACGTGGCGCAAAGACTTGTACGCGAGACAGGAAGGTACGGAAAGGTGTTTTTCACTAATTCAGGGACGGAGAGTACAGAATGTGCACTGAAGGTCGTTAGTAAGGTAAAAAGACATGGTAAGATTGTATCCTTTGTTAAGAATTTTCATGGAAGGACTTTGAAGGCCTTGAGTATCACGGGATTTGATAGTATACGTAATCAGTTCATATCCGATGAAAACGTAGTGTTTCTTCCCTACGATTATCATGTGGTCAAGGAATTCTTTGACAAGACCGAAGATATAGCTGCCGTGTTCATTGAGGTTGTACACGGTAGTGGTGGACTTAATCTGATTCCGAAAGAAATTGTAGATTTGATAAGAACTTACAAGGAGAAGAAGGAATATATAATCGTTGCGGACGAGGTGCAGAGTGGACTTGGTAGAACAGGACGATTTTACGCCTATCAGTATTTCGATATTGAACCTGATATCGTTACTGTGGCAAAAGGCATTGGAGGGGGTTTGCCACTTGGTGCATGTGTAATGCTCGATGAGTTCGCCGATGTCTTCGAGCCAGGTGAACACGGCTCGACGTTTGCTCCGAATCCTGTGGCTCTTGCCGCTGGAAGAGCGGTCTTGGATATGATTGATGAACAGTTGATGCATCAAGTTGTTGAAATGGGCGGGTACTTTGAAAAGCGTTTCTCAGATGTTGGAACCATCTTAGGTATAGGGTTGATGAGGGGAATAAAGCCAAGAGTATCGATTGATTCGAAGTGGGTTGAGAAATTCATAGACCATGGGCTTTTGGTAAATATACTAAGTAGTGGTGTTGTGAGGTTCTTGTTGCCGTTGAACGTAACTGCTGAAGAGATTGACGAGATATACACAAGGTTCTGCAACGTTTTAGAGCACTAAAGTATACGCATCGCCAAAACAGTGCAAATCAATCCTATGTTGGCAAGAAGGTAAAGCGTGTCACTTTTTGACCAACTGAGTGTATAATAGTGACTTCGTTTTGTGACACCGTATTTGCGAGCCTGAAGAGCTAATGATAGCTCTTCGGCTTTCCTTAAAGAAGATACTAACAAAGGGATAATGATACTTGTTAGTGCAGATAGTTTGTTCTTAATACCTTTTTCTGAATACTTCGCACCTCTTGAGATCTGCGCTTTGATAATCCTATCTGCCTCGTCCAAGAGTATTGGGATAAAGCGTATCGATATCGCAAGCATCATGCCGAAATCTTCTCGTGAATCATCCTTTACACCGAAATACTTGAGAATATCGACGATTCCTCTTGCGGTCAGAAGCGGAGGAGTTGTGTATGTGAACATCGTTGCAAAAAGGAAAATGAGAGACAAGCGAAGTCCTATGTAAATACTTGAAGTAATCCCTCCTATGAAGTACTGAACAATAACAGCGAAAACTATCAGAAACCACATACTTTTTAAGCTTCTTAAATATACAACAGGTCTTATTTTTGATAAAAGCATAAAGAAAACAAAAACAGCTACGGGGCCTATGTAGCCAATGAGGTCTTTAACTAACATTACACTCGTAACTTGGATAAGAACGGAAATCATCTTTACCCTGGGATCTAGCTGGTGGATTGGGGAATCTTTTGGGATGTATTTTCCTATGGTCAGTTTCAAAATTGATCACCTACTTTGTACCAATAGATTAAAAGCGAGACGTTCGCTATTTGCTGCTATTTGATTTTTTTGAATTCAAAAAGGCAACGTACTCGGAAATGATTTTCGTGTAGTAATGGAAGAACTTGATCGTGTATACGTTGTACTTATCAGACCGACCGTTGTAAGCAGAGATGGCTCTGGCAAGGTCCCAATCGAATACGTAGCGAAGTGTCAAATAGATGTAGCGATAAGCGATTCTCAGCTGCCAATCTGGGTGATTTATCAGTTCCACGTGATTTCTGTGCTGTTGCTTGAATTGCTTAACATCATCGTAGAAGTTGGCAACGTAAAACACCGCGTTTTCATGGAGTTGGAAATACCCAACAGCTTTACCTTGATCACCGAAGATGTTCCTGAAATTCGTTTCCGAAAGGCCAAAGGCAAGCATGTACAGAGGATCCACACTTTTTGGAACGATCTCAGCTTCTTCCTCCAAAGCTTTTGCCATCAGTTTTGCGTGGTTTTCTGGGACTTTGTGATTAACTAAAAAAACATAGGCAAACTCGTAGAGTTCGCCCGCAAGAATGCTATTCACGCTGAGAATCAACAAGAGTATACAAAAACTCTTGGAAAGATTTGTAAAGTACAGCATAAACCACCTCTTCGTCGAAGGAAATTAGAACAGAATTTCTAACTCACAACCTTCAAAGCATTTAAACCTCTCCCTTGCAACACCCTTATTCACCGCAATTTCAATGTATCCCGTACTGTCTTCGTGTATTAAGAGCTCTCCTTCGTTGACATCTGCGTAGGTTTCAACAACGGGGACAGCAACTGTTTTGTTGCCTATTCTCAATTTCACTTGGTCTTTCTGAGCAACCCAGGAGAAAGGCACGTTGGTTTCGATATTGCCAAACCTGTCAAAGTAGGCCACTTCCCCAAAGATACCGGTGGCACTCATGTGCGCCTTTCTGTAAGGAACGGTGGCGTAATTCGGTAACCTTGTTCCTAATTCATCGAAGATACCTTTTGTGATGTACGCAGCTGCAGGTGAGAAGATATCACGGCCGTGGAATGTTCTTGAGCTTCCAAAGTGATATTTCTTGTTTACCAAATCAACGATCTTCCTTGGTAGGTGCCTTTCCAAAACCAGTGTGAGGATACCATTATCAGGTGCAACGAAATAGTACTTTTCAGTTTCCACTGCTATTGCTTTTCTAGCTGTACCAACACCATAGTCGACTACAATAAGGAAAACAGACTTTTCAGGAAAGTAGTCGACGCTTCTATCCAAGATATACATAGCTTCTCTTACATTGTAAGGAGTGATGTTGTGTGTTAGGTCCACAATTTCTGCATCCGTTATATGTCGCATCACGCCTTTGCAGATACCAACGTAATGTGAATTTCCCCAATCGGTCATGAATACAATCACACCAGACACCTTCCTTTCAGTGGTGTTTCTAAGAGTTTCGATTTTTCCTATTCAGGTTGCTTTTCAAAATTCATTGTACAGTTCAACTAACCATTTTACCATAAAGTCGACAAGGTGTGGAATAACCTCGTCACCTGGCAAGAATTTAGGATGGTGCAATCCTATTACTTCGTTCCCTGTCCTAACACCTGCCCAGAACATCAAGGATGGATATTTCATCGTGAAAAATCCGAAGTCCTCACCTGTATATTTCATCCCACAATCTATGAATTTGTACGAGTTTTTTGAAACGAAGTCTTTGAATAGACCATAAATAACGGTGTTATTGACAACGGGTGGGTAGAGACTTC
NZ_CP014334.2_gap9	409209	413540	4331	TGGTTGTTAATATCACCGTAAATCACTGGAGGGATTTTGTGGAAAAGCAGCAAGCAGGTCTGAGAAAGACGTACACTGGAAACATAAAGTTGATTAAGGATTTTTATTCTCCAGAGCTCGGGAACAAAAGAGACATAATCATCTACCTTCCACCGGATTACGAAACTTCGGATGAGAGGTATCCCGTTCTGTACATGCACGACGGTCAGAATATCTTCGATGCCTCAACTTCGTTTTCGGGTGTTGAGTGGGGTGCAGATGAAAGTGCGGAAGAGTTAATTAAAAAAGGTTTGATGCGTCCGATTATAATTGTTGGGATATACTACACGGGCGCGGAAAGGATAAACGAGTACTCCCCTTGGGTTGATTCAAGTTACGGAGGAGGAAAAGGAGATCTGTATGCGAAGTTCATTGTAAACACCCTCAAACCTTACATCGATGAGCATTTCAGAACCTTACCAGACAGAGAAAACACAGCCATAATGGGTTCGTCGATGGGTGGTTTGATTTCACTTTACATAGGTTTTGAATACAACGATGTCTTTTCGAAAATAGGTGCGATGAGTCCATCTGTTTGGTTTGCAAATAGGAAGTTGGTAGAATATGTAAGAAATGCACAAGTTGAAGATTTTACAATGGTGTACGTCGATATTGGAACAGCAGAGGGTTCTAATCCAGTAGACCGCTTAAACGATGCTCGCGAGCTTTACAAGGTCTTGCTCCAAAAGGAGAATCTTGAAGTATTCTACATCGAAGATAGGGGAGCCCCACACTCTGAAAGTGCTTGGGCAAGGCGGCTACCAGAAGTTCTACTTTATTTCTTTGGTAAAGAGTAGAAATGCTGATTCCTGCAGGAGGTGCAAAGATGGCTAAGAATTTCTGGTTTCGCTTTTTAATATTTGCTTTTTTGATAATATTTTCGACTCTGTTGCTTTCCTGGAGTGGCCATGAGTCGTACACATATTTGGTCGTAAAATCGCTGAAAATTGACGTTGACAGATTGGTTGAGATAAGGCCTTACACTTACAAAGAAAGCCGTGTTTACAACATGGAGTTTTACTACACCGATGATTTTGCAGGTCAGCGAAAGTTCTTCGATTCTCTCAACGATGGAATTTTTCCGCCTGATCCTGAACCTGTCGATGGTAAGTTACCTGTGTGGCAGATAATGACAATATATGCACAGTTTCCGGATTTTGGAATGGATGAAGGATTGAACCTTTCCCCGCTTCAGTCACTTATTGGTAATAGTCAAGGTGTCAGGCATATGAGGTATAAATTAGGATTAATTGAAGCATTCGAAGGAGATAAGTCATTCTTGTACTTTGTTGAGATGTCTAAACAAGCATTTTCAAAAGGTGATGAATACTGGGGCTACAGGTTCCTATCTTACGCGCTCCATTATATGGAGGACCTATTCCAGCCATACCACGAAACACCTGGAACGTTCTGGGAAGTTGTGAGAAGCTTAATGGATAAGAAGACGAAGAATCTTTTGAACAACGCACACTATACGTACGACAACTATCTGGCTTTTCTGATTCATTATTCGAAGCACAGCGAAGAGATACGGAATTTGATAACCAGCACGCCAAAAAGAAGAATACCTTCGAATTACGAGGCGTTGATAAACGAGGTAATGATGTACGGTTATTCGAGATTTCCAGAAGTCCACAAGCGTATAAAGGATGTGATGGGCGATATGTTAACAGAACGCGTTCCCACACTTGAGGACTTCAAAAGGCTGGAAGCAGAGGGGAAGCTTGATAAGTTGTACGATGTAACGAAGGAAATAATCGTTGTGATGACTGGAACGATAAAGGCGTTTCTTGAAAACTATCTGTCAAGCTATGTGGAAAAGTAGTTTCCTTGTGGAAGAAAGCATATCCGAAGAATAAGATTCATTGGTATGTTTTCGATATCTTAAACGATAAAAACACATGAATAATGTAATTTTTCGAGACTGCGTGGAGTTTTTTGGACTCCACGTTTTTTTATTGACAATGTATAATGAATTACAGATTATTGCATTCCAATTTAGGAGGTGCGCCTATGTGGGAGCATGTTAAAGTCACCGATCCTGAGATTTACGAAGTGATTCTAAAGGAATGGGAAAGGCAAGAGTACGGACTCGAGCTCATAGCTTCTGAAAACTTTGTTTCTTTAGCTGTTATGGAAGCGATGGGGAGTGTTTTAACGAACAAGTATGCAGAAGGATACCCAAAAAAGCGCTATTACGGTGGATGTGAATGGGTTGATGTAGCTGAAACACTCGCAAGAGAACGCGCAAAGAAATTGTTCAACGCGAAGTATGCAAACGTGCAACCTCATTCTGGTTCTCAGGCTAACATGGGAGCGTATTTTGCTCTTGCAGAGCCAGGCTCTGTGCTGATGGGTATGTCACTGAGTCACGGAGGACACCTTACACACGGTGCAAGTGTAAATTTCTCAGGTCAGATATACAAAGTCGTTCAGTACGGTGTTAACCCACAAACAGAGGTCATCGATTACGACGAAGTAAGAAAGCTCGCATTAGAACACAGACCGAAGATAATCGTTGCAGGTGGTAGTGCTTATTCGAGAATCATAGACTTCAAGAAGTTTAGGGAAATAGCTGACGAAGTGGGAGCTTACCTTGTAGTCGATATGGCACACTTTGCTGGACTCGTTGCTGCAGGTCTTTATCCGAACCCACTTGAGTATGCGCATGTTGTTACAAGTACGACACACAAAACTTTGCGAGGTCCACGCGGTGGTTTGATATTGACTAATGATGAAGAGATTTACAAGGCGATTAACAAAGCAATCTTCCCAGGGATTCAAGGCGGTCCGTTGATGCATGTTATCGCAGCAAAGGCTGTCTGTTTCAAGGAAGCACTTACCGAAGAATTCAAGGAGTATCAAAAACAGGTTGTAGCAAATGCGAAAGCACTGGCAAAGGCATTGGAGGATAGAGGTCTAAGAATTGTGTCGGGAGGAACGGATACTCATTTGATGCTTGTTGATTTGAATCCGCTTAACGTAACAGGTAAAGCAGCCGAAACAGCTCTCGGATACTGCCATATCACCGTCAACAAAAACACGATACCTAACGAAACAAGGTCACCATTCGTGGCAAGTGGTATAAGGCTTGGAACTCCTGCGTTAACCACACGTGGGATGAAGGAAAAAGAGATGGAAATCATCGCTGAGTTAATTGTTAAAGTCTTGAAGAACATCAAAGACGAGGAAGGAAATATCGATGAAGGCGTTGCAAAAGAGGTGTCTTCACAAGTAATTGAATTGTGCAAACAGTTCCCACTTTACGAAGGAAAAATAAAGTTAGCGTAAGTAGACTAACAAATACGGAGGTGCGACAATGATTGTCAGACCTTTTCGAGCTCTGAGGCCAACGAAAGAGATGGTTGATAAGATCGCCGCTAAACCATACGACGTCGTAACAGAAGAAATGGCCAGAGAGGTGGCTAAGAACAATCCATATACGTTTTACAAGGTCTCAAGACCTGAGATAAACTTTGAGCAGCCTGTGGATACGCATGATCCAAAGGTTCTGGAAACTGGTAGGAAGCACTTGGAATGGTTGACGGAGAATGGATACATGTTCGTTGAAGACAGACCTTCCATTTACATTTATCAGCAGCATTGGAGAGACCATGTGCAAACCGGATTTTTTGCAACATTCTCAGTAGATGAATACATCGAGAACAAGATAAAGAAGCACGAACTGACAAGGAAAGACAAAGAAGACGAAAGGGCTCTCCATGTGAAGGTAGTTAAAGCACATACGGGACCTGTGTTTTTAATGTACAAATCCAAACCGGAAATTGATAACTTGATTATGAAACACACAGCAGGAACACCAGAATATGATTTCGTTGATGAATCCGGTGTGAGACACATAGTTTGGGTGCTAAGAGACGAAAACGAAATTCAAGAAATTGTTGATGCATTTAAGTCCGTTGATTCTTTCTACATCGCCGACGGTCACCACAGAGCAGCAGCGGCTGTAAGGGCTGCTATCGACTTTAGGAATGAAAATCCAAATTACACAGGTGAAGAAGAATTCAACTATTTCTTGGCAGCACTATTTCCACACAACCAGCTTAAGATACTTGATTACAACAGGGTGGTTAAGGATCTGAATGGTATGAGCGAAGATGAATTCTTAAGAAGGGTTTCTGAAAAATTCGAGGTCACTCCAGTGGACGGAGTTTATAGACCCGAAAAAAAACATACAATAGGTATGTACCTGTCAGGAAAGTGGTACAAGTTGGAACCAAAGAGTGGAACGTACGATGAGAACGATGTAATCGCTTCGCTTGACGTGTCAA
NZ_CP014334.2_gap10	442468	444200	1732	TTCATCTTCATCAATAGGTGTAAGGCCCATCTTTTCCAAAACTTTGTCAAGTCTTCCTCTAAGCGCAAAGTAACCAATCCCAGTGAGTCTTTCCATTTCTTTTAAGTTTCCTTTTGTTCTCAAGAACATCATAATAAACCTCGTATCTTCTTCATCGAGATAAGCAAACGAAGGCGCTTCAAATGAACCACTAACGGTTACACCATCATCGTCGCATCTTAACTGAATTACTTTCATCGGCTTTCCACATACGGGACACCTTGGTAACATCTTAGCCACGGATTTCACCTCCCAAAATTATTGTACCACTTTCCAAATAATTTGTCAAATTAAACAAAAAATACACAAAGAGTTCTTGGCAAACAATGTAAAGCTGTGAAAAAACATCTCTTTGAAATTTACATATGTTGTGGTATAATCACATTGCATTGTGCTGTCTTTATGATTCTCTTTAAATTTGGGGGGATTTGTGTGGCAAAGGAAAAGTTTAACCTTCAAGATCGCTTTTTGAACATCGTTAGAACGCGCAAGATAGAGGTCAAAGTTTACTTGGTCAACGGCTTTCAAGCTAAGGGGATTGTTAGGTCGTTTGATAACTTTACGGTTCTTTTGGAGAACGGTAAGCAGCAGATGCTTATTTATAAACATGCTATCAGTACGATCCAACCTGCTCAGTACATCATGCTTATGAAGACCGAAGAGCAAGAATCGGAACAACAAGAACAACAAGAACAGCAGGATTCTGAAGATTCGCAAGAATAATTTGGCTGAATGTACAGCTCTTTGGAAAGGGGATGACAAAGTTTAGGAAGAAGGGGTTAATAATAGCGGTTGCGCATGATATTAACCTTAAAACGAATGAATCACTTGAGGAATTAGAACTGCTTTGTAAGACGTTAGGGATTGATGTTTTAGAAAAGGTTGTTCAGCGCAGGGAAAAACCCGACCCGGCAACTTACATTGGCAGCGGTAAACTCGAGAAGATAAAAAAACTCTGCGATGAAAACCAAATAGATGTTGTTGTGTTCGATGATGAGATTACACCTGTTCAGCAAAGAAACTTAGAAAGTATCCTAAAAGTCCCTGTTCTCGACAGAACGCAGGTAATTTTGGAAATTTTTTCCAAACATGCGACAACTTACGAAGGAAAAATACAAGTAGAAATGGCAAAGCTAGTTTATGAGCTACCTCGACTTAGGGGTAAAGGTTTTTATTTATCAAATCCTGGAGCAGGAATAGGTACTAGAGGACCTGGCGAGACTGCTCTTGAACTCGATAGAAGGAAGTTGAAACAAAGGATCGCAGTGCTAAGGAAAGAACTAAATAAGTTGAAAATTAACAGGGAAAATACGAGAAGAGCAAGGTTGTCGAGTGGCTATTACCTTGTTTCAATCGTTGGTTATACGAATGCAGGAAAGAGCACGCTTTTGAGTGCTTTGTCCAAAGAAAGTGATATACTCGTTTCTGACAAACTTTTCTCAACGTTGAACCCTACCATTCGAAAAGTTAAGTTACCAAGTGGTCGATGTTGTCTTGTAGGTGATACGGTCGGGTTCATAAGTAAACTGCCGCATACACTTGTCGAGGCTTTTCATTCTACACTGGAAGAGATTTTGTACTCGGACCTTCTTTTGCTTGTGGTCGATATTTCGGATCCATTTTATAAGGACAAAATTGCCGCATCGTACGATGTTTTGCAAGAGATAGGAGCATATGAAAAACCAAAGATGCT
NZ_CP014334.2_gap11	530547	535375	4828	ATTTCTGGGTGGAACACAACATCCTCTCTTCTGTTTTGGTTAACGTCTCTGTAATTTGCATTTCCCGAAGAATAGTACTCAGGTAGTAGCACGAAGTAGTTGTAATCTCTTTCTAAATCGCCGTGTTTTCTTGAGTACACGTGATAGACCAGACTGTCGTCACCTTCACGTAAAACTATAGGATATCCACCTCTAAGAACATTATCCAAGTATGTTTGCTTCGTGTATTCATCGAACAGATCAGATGATGTTTTCGTCCACACATCCTCGACAATTTCTTCGATTATTTGCGAGCCTTCTCTTCTTTTTCTTTCAAGGTATTCTTGGCTCGAAAACCTCTCTGCGTATTCTTTGAGTAAGTTCATATCTGGGGTATGTCCAGTAACTGTGTAAAGATGTAGTTCTTCACCAGGTTGCAATATAGCCTCAACAGGTGAAAATGCGCATGGAACCTTGTTTGATGTGATTTGCTTTATTTTTCTGATTTCGCTTAAATTGTGGTCAAGAAAGACATCTGGTGTAATATACGATGTATTCATTCCAAAGACAACATCCGGGTCTACCAAAGGCATCAAAAGCTCTTTGGCTTGCGACTGGATTTTGAAAGAGACATAGAAATTACCTTCCTTAAACTCGGAAACAGCTGCTACGTCCTCGGCTGTTGATCTCAGTTTGAATACAGGCATTTTATTTTCCAGGTTGTAGACTTCCATCCATGCTTTTAGTGTATTACCAACATGCTTTAGTCCGTAGTCATTGATTCCGTACGGAAGAAGAGCCGGCAGTCCGTCGAGGATCTCAAACTTTTTGACTTCGTTTGATATATTTTGGAACTTAACGATTCTAATCAATGCACCCAAATTTTCTTGTGGCAATATGAAATAAAGCACATTCGTTTTTAGGCCATGGGCTTCATTTATCTCTTCTAGCTCCACTTCGTTTCTTGTGATGTACATTCTCTGAACTACCTTTTCATTAGACACCTTTCCAAAAGGCTCAAAGAATGTATTCTTGGACAAGTCTTTGACAAATGTCCTGAATCCATGAGTGAAAACGACTTGGTAAGACCTGAAGGCCGGATGAAATTCCATAATCGGATTATCTTTGTGAGCTATACCGAACGAAGCTATCGCTTGTGCTCTATTCACGTAAAATACCCACAATGGGATGCCTTTCTTACCCGCTATTCCTGGTAAAAAGCTTGAAAACGGTTTAGAATTATTGTACTCTTCTATAACGAACCTTTTGTTTTCATCGAAATAGTATCTGACCATCTTGAGACCTCCCGTTTTAAGAATTCAGAAACATTTAGTCCAGAATGTAGGTTTGCTTTAATCTGATATCTCTTGATGAAGCACCTATTCTGATTTCATATTCACCTTTCTCAATTACCCAGCACCGACCATCGAAGCTTGCAAGACTTGAGACCGGAATTCTGATTTCTATCTTTTGCTTTTCACCTGGCCCAAGCAACTTCGTCTTGTCAAAACCTTTGAGCTCTTGGTATGGTTTGTCTATCTTCCCTCTCGGCGCTCTCACGTACACCTGTGCAACTTCTTTCCCAGCAACCTCACCAGTGTTGATCACCTCAAACCTCACAACGATATCTCCACCGTCTCTGTATATTTTCAAGTTCGAATATTCAAATGTCGTGTACGATAACCCAAATCCAAACTCAAAAGCTGGTTCTACTCTGAATGTATCGTAATACCTGTAGCCCACGTAGATATCTTCATCGTAGACGACAACTTCAGGGTTGTCTTTCGGTTCTCCTGGGAACGATCTTGACGGAACGTCTTCGTATCGTTTCGGGAACGTTGTTGGTAGCTTGCCGGAAGGATTAACCTTCCCACTTATCACATCTGCAAAGATTCTTCCTGCTTCTTGACCTGGCTGCCATATCAATAAAATCGCATCACACAAATCTTTCCAACTTTCAATCTCTATAGGTGCGCCTACGTTAAGTACAACAACCAGTTTCTTTCCTTGCTCTCTAAATGCCTTTGAAAGCTTCGATAACATGTGAATCTCATCGTCTGCCAAGTAGAAATCGCCTTTTACAAGTTTCCTATCTACTCCTTCTCCGGAGATTCTGGTTATAACAAAAACACCTATGTCATTTACCGTTGCGTATCTTTTGATTTCCTCTTCAGCTAACAGGTCCTGAGGTAGTCGTGGAATTATGTTGTCTCCCCATTCGTTCTTCGTAATCTTATAGTCAGAAGCTCTTAGTTCGGATATCTTCTGTTTGTAAACTTCCGATAGTTCTTCATCGATTTTGATACCTTTTTCGATCAATCCGTCAAGAAGATTGACCACATATCTTGGGTGCGTATCTCCACTACCAGTTCCTCCTTTTATCGTCTCTATCTGACCTGTGCCAAAAATTGCAACTCTTGTTTCTGGTTTTATGGGTAACGCCCCGTTGTTTTTCAGTAGCACAACACCTTCACAACCTGCTTCGTACGCTATTTTTGCATGCTCTTCTAAGTTCGGCTTGTTGGAGTATTTGTATCCTTTGAATGCCGGTGTATTAACAAGCACTTTCAATATCGTCCTCACTCTTTCATTTAACATCTCTTCCGTTATTTCTCCTCGTTCGTACGCTCCCTTTATCTCCTCTATCTCCGGCCTTCTGTTCTTGAATATCTGATATGTGTTCCCCGGCATCAATAAATCGTTCCATGATTTTATCTGTTCTGCCGCATTATCACCAGCAAACCAGTCCGTCATCACAAATCCTTCAAATCCCCATTCATCACGAAGCACGTCTTTCAATAACCACTTGTTTTGCGATGTATACTTACCATTCAGCTTGTTGTACGAGCTCATCACAGTCCAAGGTTTTGCTTTCTTGATGGCTATCTCGAACGGTTTTAGATAAATCTCACGCAAAGCTCGTTCTGAAACTATCGTATCAACACTCATACGATTGGTTTCCTGTTCGTTGGCAACAAAATGTTTCAAACAAGCACCAACGCCTTGGGATTGAACACCTTCGACGAAGCTCGCAGCCATTTCACCTGTTAGTAATGGATCCTCAGAGTAGTATTCGAAGTTCCTGCCACACAGTGGATTTCTGTGGATGTTTATGGCAGGTGCAAGCAATATATCGACACCGTATTCTCTTACTTCTTCTCCCATTGCCTCTCCGACTTTTCTGAGGATTTGTCTGTTCCAAGTGGAAGCAAGCATGGTCTCTATCGGAAATGCTGTAGCATGGTATTTATTCTCATCGTTTTCACGTTCTGGATCGATTCTAAGTCCTGCAGGGCCATCGGCAAGTACTGCTTTTGGAATGCCAAGCCTTTTTATCTCACGAGTTTCGCCTGCTTCACCTTTGACCTTTGGTGCAGGGTTGTTTGGCAACCAGAGAATACCAGCGCCCACGACAAAGTTGATCTTCTCTTCAACAGTCATTTCAGAAATCAGCTTTTCGATATCGAATTCCACTTTAGCCATCTCCCTTCTTAGCATTTGTTGATATATATTATTCACCAGTGATACCTGTTCTCTCCAAACTTTCCACGAACTGTCTTTGCAAGAACAGATAAGTTATCAAGAGTGGTAGAATCGTAATCATAGTTGCTGCCATTCTTATGCCTTCGTTAATTCTGTTTGCTGCACTACCGTCAGCTGTCGGGAACATGACAGCATATCTAGCAACGAAATCTCTGAGTTCCAATGGAAGGGTCTTAATTTTGTTGCCAAGCAAAAGGCCTGATAGTAGTGTTTCGTTCCAGTACCACACCAAAGAGAAGATAAATGTTGTCACAATTGCTGGCAAAGAAAGGGGAATCATGATTTTGTAAAAAACTTGAAAAGTGTTAGCACCATCTATTTCCGCCGCTTCGTCAAAAGCCTTGGGTAGCATGTTGAAGAAATTTAGATAGAGTAGTATGAATATCGCACTTCTAATGCCTTGGCCAAAAATTGCAGGTAAGAATGTTGCGTAAATTGTATCGGTTAGTCTCAACGTGCTGAACAGAACATATTTGGTGACGAGAGTAACCTGTGTTGGAATCAAAAATGTTGCGAGCATTAAAACTATCCAAAATCTCTTTAGTGGAAATTCGAAACGTGAAAGTCCGTACGCGATAAGTGCAGTTATTAAACTTTGCGCAAGCGCAGGTATGACAGATGTATAAACGCTGTTCCACAACGATTTTGGCATCTCCAGAACTTTCCAAGCTCGTATGAAATTATCCAACGTGAGCTTACTCGGTACCCAGACAACCGTTGGATTCACTAAGTCCTCGACGCTCATGAAAGATGAGGTTATCATGTAAAGCAGAGGATAAAGGTAAGCATATCCGATACCTATCAAGACAACGTAGATAATTGTCTTTGTAGCGGGTTCTTTGAATGTCTTGTAATACGAAATGCGAAATCTTCGTTCTTTGTTCTTCATATTCTGTTTTTCCTCCTTTCACGGAAGAGTAGATACGCGATACCGAGTATCACCATGATTGCGGTGAAGTATATCCAAGATAAAGCAGCTGAGTAGGAATACGGTTTATCTATGTCGAACATGTGTTGTGTGATACTTGTGTTCACAGGGTTATTTGCAAAAGATGCTAGATCAACGATAGTGTAAATGGTGTTTACCAAGACAAATGGCTTGATGAGTGGCAATGTGATTTTCCAGAACATGATCCAGTCATTTGCACCGTCGATTTGTGCCGCTTCGTATATGCTACTACTTATCTTCTGCAAACCTGCGAGGAAGAAGATGATTTGTACACCAGAGAACCAGAGAATCAAAACCAGGTTGTTGAACATATACAGAAACGGATAACTTATCGTGTTTGGTATCATCTGGAAGAAC
NZ_CP014334.2_gap12	646465	647307	842	GCAAAACGAGTTATCGTTGCTATGACCCATACAGCAAAGGGAGAACCGAAAATAGTTAAGAAGTGCACGTTGCCATTAACTTCTATCCGACGAGTTGACCTCATTGTGACAGAACTTGCCGTTATCAGACCAACCGATGAAGGGCTCGTACTTGAAGAAATAGCTGAAGAAACGACACTTGAAGAAGTACTGAAATTGACGGAAGCGAAATTGACAGTCTCCGAAAACTTAAAGAGGTTTTAGTCAAAGATTTGCTGTGGAGGATGAGAAAATGGAAAATGCAAAAAACTCACAGTTGCCGAAAGCAATGATTAGAGTTCGTATGAGCCAAGCAGATGCACACTATGGAGGAAACTTAGTTGACGGTGCTAGAATTTTGCAACTTTTTGGAGATGTAGCCACTGAACTCTTAATCAGATACGATGGAGATGAAGGACTTTTTAGAGCGTATGACAATATAGAGTTTCTCGCACCTGTCTTTGCCGGTGACTATATCGAAGTCTACGGGGAAATTGTGGAGGTCGGTCGGACTTCAAGAAAGATGAAGTTTGAAGCTTACAAAGTCATTCGTTCGAGACCAGATATAAACGATAGTGCGGCTGAGGTTTTGGATGAACCAATTCTTGTTTGTAAAGCAAGCGGAACTTGTGTTGTTCCAAAAGATAAACAGAGATTTAAACATGACGAATGATGAGAAAGCAAACAAGAACAAAACCTCCCCAAATTAGTGAATCAGTTAATCGGTTAACATGCGGGGTGAATACCTATGGAAAAGCTAATTATCACTGTTGCGGTTACAGGTGCAGAAGTTACAAAAGAACAACAGCCTAATCTTCCAATAA
NZ_CP014334.2_gap13	706039	709380	3341	CCTATTACAACATGGTCATGGACCGTTATCCCCAGAAGTTTTCCAGCTTCAATGATACGCTTTGTGATTTCTACATCGTCTTCACTTGGCGTTGGGTCACCTGATGGATGATTGTGAACAATGATTACGCCGTGTGCATTTCTTAAAATGGCTTCTCTAAAGACATCTCGTGGGTGAACTATAGACGTCGTTAACGTGCCTTTCGAGATATCTGAAGAGCCGATGATTTTTAGTTTTGAGTCAAGGAATATAACCCTCACAACTTCTTGTGGCAAATTCTGCATATCCAAGCAGTATTGAAAAACGTGCTCAGGTGAACTTAGTGACTTCTCTGTATTTCTTATTTCTTCTTTTACTAATCTCTTCGCTATCTCCAATGCCGCAAGCAGTGTTACTATTTTGACCATTCCAAGACCCTTTACTTTTTTTAAGTCTTGTATCGTTGCCCTTGATAATTTGTACAAGCTTTTTCCGTGCCGTTCATATATTTCTTTCGCAACTGTTAAGACGTCCTTGTTTTTCGTTCCTGTTCGCAAAAGTATCGCAATTAGTTCTTCAGTACCAAGAGACTGTGGGCCCTCTTTAAGTAATTTCTCCCTTGGACCGTTTTCGAGTGGCATATTTCTCTATGACCCCCCTATCAAATAGTACCTGCCACAGCTTTGGCATAGGTAACCCCACAACGTTTGTATAATCCCCCACGATTTTTTCTACAAAAACACCACCGAGTCCTTGTATACCATATGCACCAGCTTTGTCTAACGGTTCACCTGTGGAAATATAGTACGAAATTTCTGAGTCGCTTAAATTTCTGAATTTGACTTCTGTTTCTTCGAAGAATTTTATCTCTTCATTTGATATTTTAACATACACTCCCGTGAAAACCTTGTGCCAATTTCCAGAAAGTTTTCTGAGCATCCTCCATGCATCTTTTTCATTTAGAGGTTTGCCGAGTACCTCTCCCTCTAACCAGACAATCGTATCGGCCGCGATAATTGCATCGACTTGGTCAAGAGCTAATTCATTCATTTGGCTTCTTACTACTAATTTCTCAAGAACATTTCTTCCTTTCAGTTCCGCAAGGTGTATAACTACCGAGGCAGGATCGTAAACTCTGTTCTCAGGGAGATGTTCGTTAACATCAGGTTTGACTACCTCGAAAGGCAAATTGAGTAAAGACATTAGGTGAACTCTCCTTGGCGAGGAACTACCGAGTACTATCAAGGCGATACCTCCTACAATTATACGATTTAGTATGATTCAAACTTTTCGTATCAGAACTTCAAGTCATACCATATGTTTTTGATATCCGTATTGTAATCCTTAAATTTATCTTTTGAGCAGACAACACCTTTTACCTCTTTTGCAAGGCCCAGTATCAGTTCATCGGCAGGTGAGTGATAGTAGGTGCGTTTGTAATTGAAATAACTCGTTCGAAATTTATATTTTGCGTTAGCATCGAAGACCAGATAGAACGGGAAATAGGTGGGAGCCAATCTTGAAATGTGCTCCAGAAGTGAATCGATCTTGTCAGGTCCTCTCAATTCAGGTGCAAGAAGAACGTTATTTCCATCTATTATAACGGGGATATTCTGCTCCTTCGAGCTCAAAACCTTCCACACGTAAGGATGGACCTTCTTCTTTATTTCACTCTTTTCTATTGGGCTTAGGTATTCAACAAAATCTTTAACCCAAAGGTATTCTTCCAAATTTTCCGGATTAACTTTGAAAATGGCCTCCTTAACATCCTTCAAGAAATTTTCGCTTTCAACACTTTCGATGGCGTAAAGTTGAAGAAAGTTCTCTAGTTTTATCTCTTTTAGTTTTAGACGCTTTTTCGAAATGAATGCCTTGTAGTTCTCTATTCGTTCGTTTGGAAAAGGATATGCAGAAGGCTTTGCCCAAAATAGAATTTCGAAAAGTACATACCGCGATATCCTATTTTTTTCAAACTCCGCTATTTTTATCTCAATATTCTCTTGAATATTAAAAAGGCTATCAAGCAGAAATGAAAAAATAATAGGATTGATTTTTCTCAATCCTTGACTATCGGGATGTTCAAAATTGTTGATTAGCACTTCTACTTTAGCCCTATCGATATTTTTATAGTTTTTCAAAATATCTACAATAACCTTTCGCTTAATCTCTAGGCTCTTTAGTCGTTCCAAGTAAGACTGGTCGTATATATCCGTACTTCTTGAGTTTTTTGGCAACATACCACTCCCTAAAACGTCACTTGAAAAACGGGTTTAGTTCAAACAATCTCTTAATTGTAACGAGCTCACCGTGTCCTGGGCATATATACCACTCTTCGGGGAAAGATTTGAAAAGGTCTCTCAACCTTTTTATTGTTGCTGTCATTTGCTTTCTCATTGCAGCTTGTTCCGATTTATCTACATAGAGATCCACTCTACCGATGGAATTTGAAAAGACCACATCACCTGTAAAGATGACTCCATCGAAGATTACTATCCTTGACCCCGGTGTGTGCCCTGGTGCCAACACAGTTTGAAAATATTCGTCTATATTATACCACTCTACTTCAAAAGCGAAAGGTTCTGTAAAAAACACTGAAAGGTTTGATGTTGGATCCGTGAGTGCGATACTATCCTCAGGCGAAACGTACACCTTTTCAAATTCGATTTCGGGAAGTCCACTTATGTGATCGTAGTGACCATGCGTAATGATAACATCTACCCTTTCTTCTTCTCCGAGGAACTCACCAATTCCAAAACCCGGGTCAATAACATGAATTATATCGTCTAATTTGAATTTGTAAGTGTTGGTCTCGAATTCCCCAGATGTCTTTAAGATTTCGATTGATGAAACGCTGAGTTTTGTAAGGTTCATGAGGAGCCCTCCTTGTATAGTAAAAGTTCCGACTTTTAGATGAAAAACCTGTACAAAATATTTGCTGAAAATCCAGCAACTATTCCACCAATTGTGTGCGATACAATTGCTTTACTTGTGAGGTACCGGTATCCTAATGCATCCATCATGCCTACATGTGTGCTAAGATATCCGCTCCAAGTCATTCCCACAGCTGTGAAGACAGCTACGTCGCTCGGTTTGAGTAATCCGTGTTCTAAGAATTTTGGAACTAGTGCGAGTGCTGCACCTGTTGAACCAAGGCAAGTGATGGGGAATGCGATAAGCTGTGGACTATCAAATCCAAAGAGAGCCTTAATCGGCCAGTATAGTAACTTACCAAGTTTGTCAAAAAGTGCAATACCCTCGTAAGGTAAACCTTGATAGCCAACTGCCGGATTCTTTGGACCGAATGTGAGCATCATGACCAGTGTGCTTATGACAAGCACACCTGGGATTATGCCAAGGCCTAT
NZ_CP014334.2_gap14	811611	814160	2549	GTACCTTTACCAACAACTCTAAATGGAATTTCGCATTCTTTGAGGAGCTTTATTGCTCCTAAGAATCCTTCTGTCGAGTTTGGAATTACAAATAGTGGAACAATTCCACCGAGTCTAAAACTAACGTGATGAGAAAGGTTTTCATTGAAAAACAGGTCGCAACCTAAATCCCAAAGCTTCTCGATCATCCTCTTTTTAAAACCTCGAATTTGTTTTTCGTCACCTTTACGCATGCAATCCACCCGTCATTCCCTCCGAATACAAAACGATTTTGTCCTTACCGGTATTCTTTGCGTGGTACAAGGCTACGTCGGCCTTTTGAATTAATTCCTCTGGATTGTTAACCTTACAGAGTGGATAAACGGCTACCCCGTAACTCAGCGTGATTTTGAACGGGAATTTAGTTATATCCCTTGTTAACCTTCTCAATCTTTCCACAACTATAAGCGCTTCTTCTCTACCAGTCGAAGGGAACAAGAGTACAAATTCCTCTCCACCGAATCGGGCAACAACATCGGTTGAACGGACGTTATCGCGTAATATTCTTGCAACCTCTTTCAATACTTCGTCACCAGTGAGATGCCCGTACGTATCATTTATATTCTTAAAATTGTCGATGTCACACATAACAACACATAGTTCTCCGTTCTCGGAAACTGCCTTGTTAAAGTGATGCTCAAGCAACTCACTGAAATGGTATCTTGTGTACAGTTTGGTAAGCGGATCGATCAAGCTTCTCAGCCATGTTAACGTTCCTTTCATAACAGCAATGAAGCTGTATTCGAGCAGTTGAAGAATTGGCAAGAGCTCTTTCTTATAGTCTTCTGAAAATCTTGCTTTTGGATTTGACAACCAAAGTTCGTATGATGCACTTTGATCAACATTGTCAACAAGATAAATTTCCAAGGGAATTGTACTAAAGGTTTCCTTTGATGGTTTTTCTCCTTCAGAAACACCTATGGCTGTTTCAAAAGCCTTATCTAAAACGCTATCGTACACTTTAAGTAAAATAGTTCTTGCAGGTATAACTGATAATATCTTTGCTGAGAAGAAATTTAGAAGTCTTTCTGGTTCTGTTTTTGGGTCTATGGCTTTTAAGCTTGAAAGCAAATCATAAGAGAGTGCAATTAATTGCTTTGAAAAAACCCTCTTCTCAGACTCTTCAGATTCAATGTTGTAAATTCTGCTTAACGACTTAGCCGCGTTTTCCATGCCGATGTCTTTATACAATGTTAGTGCTTTTGAGTAATAAGATCTGGATTTGTACTCATTTCCAAGAACCTTATAGTAATGACCATATCCTTCGTAGACCATAGCAAGGGACAATAAAGAACCGTCAAGCACATAATTGGTTTCTAAGTACTCAAGTTCTTCCTTAAAAGCATCTGGAACACTCTTGGCAAGTTCTTCGCCAAGAACTGCTGCCATCTCTTCCCTGAAATACTTTCCGCCAGAATCCCTGTAGCGTTTCCATTTTTCTGGAAATTCACCACTTTCCAAGGAAGATATAACCCTTATAATTTCTTTGGTGTCCTCGCCAAATTGCTCACTTTCTAAAACCTTCGGTATAATTTCTTTTGCCTTGTCAAGATTTCTTGACAGAAAGTACGCCGAGAAAACATCTGCAGACATATCAACACCAAAACGCTTTCCAACAGATTCGAGGTGTTCGAGTGCATTTTCCAATTCAAAGTTATATGAATGATAGAAGGCCTCAATTGTATTAGCAAATATGATTTCATCCCTAAGCCCTAACATTTCAAGTTTTGGCATGAGTTCCGCCATACCAACTAGGAAATCCTTTATTCTGCCAGCGTAAAGGGCATGCGAGAGCATATTTAACCTTGCCAAGTAACTTCGGGCAGGCAGTCCTATTCTTTCTGCGACTTCTACAGCCCTCTGTAGGTACTCCATCGAAATCGTTGTATTCGTAACACCGAGTGCAAGATTATTGTAAATTGATGGAAGTTTGTGGGCAATATTGTAGTCCAGTGCGAGTTTCTCAGCCTTTCTAAGGTATTCAATAACTCTCGAAGAATTGGAGCGCGCTATAAAGGATATGAATATGTAAATATCAACAATCAACCTCACGTGCACGGGATTTGTTTCATCAAGATTTTCAAGTATCTGTTTTACTCTTTCATAGTATTCGTTTCTTTTAGAAGATTGCGCTACTTCGGATGACATTAAGAGAAACTCCCGCCTCAAATTACCAAATGGACCAAGGTCAATTTTTGAGTTCTTCAAAATCTCTATTGCTTGATCGTAATCGTACAAAAGATAATAGTAGCGTGCTTTCAGATAAGTGTATATATTCTTATCCGGAATCTCAATGTCCTCTGCATAAGTTTTGTCTTCTGTTCTTTCGAATAATTCCAATGTTAGCTTGAGAAAAGCGTATGATTTTCGTGAATTAATCAACCTTTTGGCTTTTTGTAAAATGCTGTGTATCACAGAAGGAGAAGCATAATAATTAAGCATTTCGTTGGCATACTTAAGATAAGCCACAGCTGCTGATATTTTATTTCCTGACAATTCTAAATGCCAAG
NZ_CP014334.2_gap15	825005	827904	2899	GCAGTAATGGAAAATCTTACAGTCTCGATAGCTTTTACTGGTCCTTTGGCAAGATAATAAGGATGGACTCTTCTTGTATATGGCAGTAAATATAACTCATCCAACTCCCTTTGCGTAAGAGGCCAAGCAGGAGGATACTGGATAACATATCTTGTATCGTGCTTTTGAACGAGGACTACGTTTTTAAAAGGTTCTGTGTTTTCAACCATCAAACGGTATGCTTCCGCGTACTTTCTTTTATCATTCACCACTTCCTCGTATGAAGGAAGTTTGATTATGCGTAGATTAACGTTACCCAAACCATTTTCCTCTGATTCCAAAACGTTCAGAGAACTTTTCCAAATGACTGTTCCACGTATATTGTCGAGATCTTTTCCAGAAGCAGTCCTTTGCGCTATTTCTAAAATGGCCCTTTCGCCCATTCCGTAAACCAATATATCCGCTTTTGAATCAAGCAATATGGATTTTCTAACTCTGTCGCTCCACCAATCATAATGTGCGAATCTTCTAAGGCTTGCTTCTATACCTCCAATAACTATCTTTACGTCTTTGAACGCTTGCTTAATCCAATTAACATATTGGATAACAGCTCTATCTGGACGCTTGTTGTTAATACCACCAGGTGTATAATCGTCGGATTTTCTCTTCTTACGTGACGCTGTGTAATTCGCAACCATAGAATCAACGCTCCCTGAGGTAACTCCAAAAAACAAATTTGGTTTTCCGAGTCTTTTTATATCCTCAGGACCCTCAGGCTGAGCAATTATACCGACTTTGTAGCCTCTGCTTTCTAACAACCTTGCGATTAAAGCAGCACCAAAAGACGGGTGGTCTATGTAAGCATCACCCGTCACTAAGATGACATCTAGGCTTTTAAAACCATGAGCTTTCACTTCTTCTTCCGTTGTCGGAAGGAATAGTCCTGTTTCAGAATTTTTCATATGTTCTCGTATTTCCTTCTCTCCCAATCAGTGACACTTGCTGAATATTCCCACCACTCTCTTTCTTTCAATCTCGAGAACTTTTCCCAAACATGCTCGCCAAGAACTTCTCTGACAAGTTTGCTATTCTCTGCTTCAATAAGAGCTTCCTTTAAGTTCGATGGTAACCTATGAATTCCACGTTTTTGCTTTTCACTCTCCGACATCTGATAGATGTTCTCCTCAACAGCAGCAGGTGGTTCTATCTTATTCTCAATGCCATCTAATCCCGCTGCCAAGATTACGGCAAATGCTAAGTAAGGATTACACGATGGATCTGGTGATCTGTACTCGATTCTTGTAGCTTTTCCTCTCGATTTGGGAATTCTAATTAATGCCGTTCTGTTGCCTTTGCTCCATGCTATGTTAACCGGTGCCTCGTAACCAGGAACGAGCCTTTTGTAGCTGTTGACGGTTGGATTTGTTACTGCGGTTATTTCACGTGCGTGTGCGATAAGTCCACCGATAAAGTATTTCATTATCTGAGAAATTCCATCCGGAGCGGTTTCGTCGTAAAAGGCGTTTCTACCGTCGAGTGTAAATAGACTCATATGAACATGCATTCCACTTCCATTAACGCCAAAGAAAGGTTTTGGCATAAACGTTGCGTGAAGATTATTCTTTATAGCAAGCGTTTTAATCACAAGCTTTACCGTCTGAACATTGTCTGCAGCAATTACTGGCTCAGCATACCGGAAATCAACCTCATGTTGCGACGGTGCAACTTCGTGATGTGTGGTTTCAACATCTAATCCCATTTCTTCAAGGTGAACTGAAACTTCCGTTCTTATATGCTCAGCTATATCCACAGGAAGTAAATCAAAATAACTCCCACTATCTAAAAATTCAAAAACTGGCCGATTGTTTTGCCTTGGAAGTATGAAAAATTCAACCTCCGGACCTGCGTAAGGTACAAATCCCATTTTTCGTGCCTTTTCCTCAACCAATTTCAACCTGTACCGTGGGTCACCTTCGAAGGGATGTTCTGGATCACTATAAACATCGCAAATTATTCGTGCGCTTCTGTGTCCATCAAAAGTCCAGGGAAGCATCGCAACAGTTCTCAAATCCGGCTTAAGGTACATATCCGATTCATGCAACCTTGCAAAACCCTCAACGGATGAACCATCGAACATAATTCCACCGTTCAAAGCTCCTTCGAGCTCATCTGCAGGGATTTCTACATTCTTCATCATCCCGTTAATATCAGTGAACTGCAACCTTACGAACCTAACTTGGTTCTCCTCAACAAACCTAAAAAATTCCTCACGAGACATTTCCCTAATAGTACGCATGTAAAACCCCCCACTTCATGTTTTTGATTTCGAAGTTTTTTCAAATGACTTATTTTGGCGAAAGAATGTGCAAGAATAATCATACATGTATTTTAACACTTTTTTGGCTTATCGTCAATGAAAAGTGTTCATAACAGCGTTTATTTGTCATTTATCTATATAGAAAATCTAAAAATCTTCGGTTTTGTTGACATCAAAGAATTCATCAAGTATAATCTTATTGAAAACAATTCTCAACAAGCAAAAAGTATAGGTTGGATAATCTAAATTTGAGAACAAAAAAATGCGAATCTGTCGAATTTTCAGAGAGGTGAGCTTTGTGAAATTGTCTGAAGTCCCCGTTGGTGCAAGTACTGTTGTAAAACACGTTAGAGATTCCGATATATCTCCTAAACTTAGAGCGATAGGAATTCTACCTGGCGTGAAAGTAACTGTAATTAAGAGCGCACCAATGGGTGATCCAAGGATGTACAAGGTCTTCAATAAAATTATCAGTTTAAGACAGTCAGAAGCAGAACTTGTCGAGGTCGACTTACTCACCGATTCGGTATTTCCTCTTTCACATGCTGTTCCCGGCCAATACGTCGTTAATGAAATTGTAGGTGGATTTGGAATCCACAGGTG
NZ_CP014334.2_gap16	828990	832188	3198	TTTAAAGTCTCCGAACCTCTCGTAGGTCTTCTTGAATACCTTTTCGAGAAACTGGCAAATGCCGTGGGTAGTGATACATTACTGACATCGCTAGTATCTCAAGGAATTATAAATGGAGTTGGAAGTGTCTTAGCATTTGTTCCGAGCATATTCGCACTGTTTTTCGCACTTGGTATTATGGAAGAAAGCGGTTATCTCCCACGTATAGCCTTTCTCGTTGATAGGCTCATGTACTCACTCAGACTTACGGGGAGATCATTTATGACACTTCTGTTAGGATTTGGATGTAATGTCAGCACAGTTATGGCAGCTCGCGGACTAGCGGACGAGAGAGAAAGAATAACCACAATACTGGTTTCTCCATTTATAAGCTGTAGTGCAAGAATCCCTGTTTACTTGCTGATTGTTAGCATCGCATTCCCTAACCATAAAGCTGAGGCATTCTTTGCCATATACGTTCTGAGCTTATTACTTACAGCAGTCTCTTCAAGGTTAGTGAACAAATTCATACTCAAAGGCCAGGCGGTTCCACTTGTTATGGAACTACCAAGGTACAGGTTTCCAAAACTTTCAAACGTTTTAACGTACGTCTGGAATAGAGGAAAGCACTTTTTAGAGAAAGCAGGAACGATCATCTTTGTCGCTAGTGTTGTTATTTGGGCGCTTAGTTATTTTCCAGCCAATGGAGATATAGAGAGAAGTTTTGTTGCTACAGTTGGAAAGTTCCTCCAACCTTTATTCGCTCCTTTGGGGTTCTCCTGGCAAATTGTTGCATCCCTTATCTTTGGAGGTGTTGCTAAGGAGGTTATCGTATCGTCACTTTCGCAGTTTTACCAAAATGTAGCAAATATATCAATTGATGCTGTAATAGGTGCAACGTTGATGGTGTTCGTTCTCGGTTATATGCCGTGTTTTGCAACGCTCGCTGCAATCAAAAGCGAGACAAACAGCTGGAAATACACGTTATTGGCCGTGATTTATAGCTTATCCATTTCGTACATCCTATCTCTGATAGTTTACAGCATTGGAAGGGTGATTTTATGAGAAGCCTGAATAAGATTTTAGGATTAGAGCTTTTCCTCTCACTCCTGACATTCTTAATGTACATAATAAGAGGTGATTTCATCTTTTCGCTCGTGATTTTCTCATTCACCTTGATTTTTTTGACTGCCTTTCGAGAATTTGGGAGTACGTCTTACTCTTTTAGAATAGCTCACCTTTATGTTGGTAGTGTGCTTTTCACCATAGCTGCCAGTTATGTTCTCTTGGGATATTTGATTTCATTTGTGAATCTCTTGTTTGGAGAAAGACCGAATGAATTATCACTCTCCGATATAATCCTTCTGATAACAGGAGCATACTCTTTGTTTAACGTATTCTACTTAAGAAAAGTGGGTTTGAAGCCCGGAAATAAAGCCGTTAGAAATTATTAAAGGGGTAAAGTCAGTAAAAATTGTGGTTGTTGATTTTGGATTGTTCGTGTATAATATAGGAAAAAGTCAAATAAACCTCCCTTTGCATGTTTAAGGGAAGTCCGGTGAAAATCCGGCACGGGGCCGCCACCGTGAGCGGGGACGAAACCTGCAGAAAGCCACTGGCTCAGTTGGAGCTGGGAAGGTGCAGGGAGTAGGATGATCCGTGAGTCGGGAGACCTGGCATGCAGAGGAAGGTTGCCATCCACCACGTAGCCTGGGGATGGCGATAAATTTTTGCAAAGAGGGAGGGTGTCTTAGTATGGTGAAGCTTTTGGATTCAGGTTCTTTCAGGAAAGTTGTACTGGCTGTCGTGCTTCTTGCGTCGGTCCTGTCACTTGCGATCGCTGTTGTTGATGACGCTGGAAGGATCGTAAACATTCCGATGCCACCAAGGAGGGTTGTCTCCGCTGCACCAAGCGCAACAAGATACTTACAAGCACTCGGATTAGAAAATCGCATTATAGGTGTCACCGCTTGGGATAGTTATCAGAAGGCAGAAAACATCGGTAATATGGTCCCTCTCAACATTGAAAAGATCTACTCGTTAAGGCCTGATCTCGTTATAATGTTCGGTGGTTTTCAGTTTCCTGAAGTAGAAAAGTTAGAAAAAGCAAAGTTGACAGCTTACGTTCTCAATGCAAACACATTGACCGATATAATAAAGGCTGTTGGACAGTTGGGAGCGATCTTCAACGTTAAAGAGAAAGCCGATAAGCTTGTAAATCAGCTCCGGCAAAAGATGACCGAGATGGGACAAAAAACTTCGAAAATCCCATTGGAAAAAAGACCCACGGTATTTTTCACAATAACTGTTCCAGATGACAAGGTAAAAGAATTGTGGACCGCAGGAACCGGTTCCTATATGAACGAACTAATCGTTATCGCCGGTGGACGAAATATCGCGGCACCTTACAGCGGAAACAATGGATGGTTATCGGTAAGCTGGGAATGGCTCGTAAAAGAAGATCCGGATATCATAATTATTGGCGCATACGGAGATCCAAAGCAAGTTGAACAGGCTGTAAAAAACCATTCAATAATGAAAAGCTTGAAAGCTGTAAAAACTGGGAAAGTCTTTATTGTTGATGGCAGTGAAGTAAGCCAAGCTGCTCCGCATCTTTTCGATTATCTTGAAGTATTCTACAACTTCTTCTACGGAGGTAAGTAATTCTTGCAAAAGCTGATTCGCTGGTTAAAATCGACAGGGAGGTATCTGCTCCCTGTCATTTTTGTTATCGTTTTTTTATTAAACTTATCCTTTGGAACAGTTTACGTAAGTCCGATAAGGTTATTCAAACTAATCGGCGAAGAAACTTCCGAAAGGTACTTAATTTTCAACCTAAGATTGCCGAGAGTTCTCATGGCTACCTTGACAGGCATAGCTCTTTCCTTGGTCGGTAACATATTCCAAGCTATCATGAAAAACCCTCTTGTTGATCCTTATCTTATTGGCACTTCAGCAGGCGCAAGCTTTGGAGCTCTTCTGGCTATATATTTCATTGTGAACTCAATAGCACATGTCAGCATTCCAACGATGAGCTTTATCTTCGCCCTGGTTGCATCTACACTTTCCATTGTTTTAGCAAAAAAAGGAAGCGTCGTTCCAACAGTTCACCTTGTCTTGAGCGGTGTGCTTGTTAGCACATTGTTTTCTGCTGGAAGTATGTTGCTTTTAAACATAGCAAACAAGACACTTGTGAGCGGACATGTATGGCTTTATGGA
NZ_CP014334.2_gap17	889863	890510	647	GCTTCCACTTATCGGTGTTCTCAGTGACCAAACCAGAACACAACTCGGAAGGCGCATGCCCTATATACTCGTTGGTGCACCACTTTCGGCGATTACCTTTGCACTGATACCACTAACAAGAGCCTGGCAACTGTTGTGGTTGATGATGCTCAATATCATCTTCATGAACTTCTTCATGGCTCTCTTCCGCTCGCCCGTTATCGCACTTATGCCGGACATAACTCCTTCCGAATATAGAAGCCAAGCAAATGGAGTTATAAATTTCATGGGCGGTGTTGGTGCATTACTTGCGTTTTTTGCAGGCAAACCGCTTTACGACAAGCATTATTCACTTCCATTCTATGTCGGTGCAATCGTTATGGTCTTTTCTCAATTGCTTGTTGTTCTCTTCATTAAGGAAGACGAAAAGTACCGCACTAGAAGTGGGGAGAAGATCAGGTTTGAGAATGTTTACAAAAAGACCATGCTTGAATTATCAGAAAACTTAAGAGACGTTTTCAAATCGAACGAAAAAAGCTTACTCATGATGCTTTTATCTATCCTTTTGTGGTTCATTGGCTACAACGCTCTCGAAACATTCTTCACAAGTTATGCGAAATTCCAAATGGGTATCAAAGAGAGCACAGGAGCGCTCGTCCTTGGATTCT
NZ_CP014334.2_gap18	898535	900618	2083	GCTTTCCCCTTTCAAATTTTGAATTGATAAATTATTTTACAACACCCTGTGTACCCCGTTGCTGGTCTCAACGTTTAATAGAGTTGGTGAGATTCCAAATTTTACTCTGTAAGATGCTGCCACTTTTTCAAATATGCTTTCAAAGTTGCCTTTCGCAAGTACAATAATGCTTCCGCCAAAGCCTGCTCCCACTATTCTTGCACCTAAAACGTTTGAATATTCTCTGAGTTTTTCGATAAGAAAATCAATTTCTTCGCAGGAAACTTCGTAATTATCTTTTAGGCTGTAATGTGATTCATAGAGGTATTTTCCGACAAGAACCAAATTGTCATCTTCGAGTGCAGTCAGTGTTTTCAATACCCTTGCATTTTCAGTAACAACGTGCAATGCGCGTTTTTTCAATACGGGATCTTGGATTTTCTCAACATCTTCGAGTGTTACTTCCCTGAACGAAGACTTACCCATTGCCTGAAGTGAAAGTTCACATTCATGTCTTCTCTTGTTGTACTCGGACGAGCCTAATTCGTGCTTAACACCGGAATTGATAAGGTAGAGTTTGGTATCATCAAGGCGTAGAGGGACGTATTTGTATTCTCTTGTCATCGTATCAATAAAGAGAGCATGGTCTTCTTTTGATAGTGCAACAGTGTACTGGTCCATTATCCCGCAACGTACACCAACGAACTCCACTTCACACTCGTGTGCGATTTTGGCCAGCTCTTCGCGGTTTATCTCATAACCCATCATTTGGGAAATTGCATACCCTGCCCCCACTTCTAAAGCGGCAGAGCTCGACAGCCCAGCACCCATTGGGAGGTCAGAATCAACGTGCATTGTGAACGGTTCCACTCGGTAGCCATGTTCTTGCAATTTCACAATCATGCCTATTACATAGTCTGCCCAAGAGTTTGTCTTCGTTGGTGTATCGAATTCTATTCCCTTTTTCAACTGCTGGGAAAATACCTTAAACCTTTTTGATGGTTCAATCTCTATCTTTATATAGCGCTTTATGGCAAACGGCAGTACGAACCCATCGTTATAGTCCGTGTGTTCACCAATGAGATTCGCGCGCCCCGGTGAGTAAATCACTATTTTGTTATCCCCCATATCACACCTCAACCTCCACATTTCTCAGTTCTTTTGCAGCTTCCTCTGGAATTTTCGGATTGATGAATGCCCACGTTCCGGTCTCGACACTTGCCATCCATTTGATTTTATCTTTGTCGCGCTTGACAGGGTTGAATTCTATATGGAAATGAAACGCATGTGAATAGCTGATATCGTTGACTGGCGCTTGGAAAAGCATCATCATGTAAGGAAATGCTTGCTTAAATAGCAAATCATACTTCATTGTAACAACTTTTAGGGCTTTTGACAAGTGATATCTTTCGATGTTTGTAAGCTCTACAATCGTGCTTACGTGCCTTTTTGGATATATGTGAACTTCGTAAGGCCAGCGTGCGTAAAATGGAACGAGTGCAATGAAAGATTCGTTTTCATATATTATTCTCTTTTCGAATTTTACCTCACTATCAACTATATCACAGACTGCGCATCTTCCGTTTTCGTCATAATATTTTGCCAGTGCTTGCAATTTGGCTTCTATACGTTTGGGAATAAATGGAAATGCATACAACTGCCCGTGCGGATGTGGCAGAGTTGCTCCAACTTCTTTCCCTCGGTTCTCAAATATGAAGACGTACTTTATGAACCTGTTCTGCGCTAAATCAAGGTACCTATCAGCCCACATTCGGATTAACTTTTCAATCTGATGGATAGGCATCATGCTCATTGCACTCTCATGGTCGATCGTGTAGACAACGACCTCACATTTTCCATTTGAACGAGCTTTTTGATATATACCTTCGCTTTCAACTTCAGGAGCATCCAATTTCATTGATGGATATCTATTATCAAATGATACCAAATCGTAATCACCTTCGAATTCGTCACCACCGGGACAAAGCGGGCAGAAGTTCGTCGGGTTTGTTGGCCTTGCCTGCGTGAAGGCGGAAACCATGACCCATTCACCTGTAAGTAAATTCCACCTGCGTTCCATCATCGCTCCTCACCGTCCTTCGCT
NZ_CP014334.2_gap19	1004021	1007730	3709	GTTTCATAAATTCTATAGCCTCGGCTTTCGGTAGTTCAAATCTTTCTATTTTCAGATCTTCTTTGATTATCTTTCTCATCTCTTCTTCAATCTTTGGCAAGTCTTCCTCTGTTATTTTCGCATCTTGTATGTCGAAATCGTAATAAAAACCGTTCTCAATGGTTGGACCTATTCCAAGCTTTACCTTGTCAGCACCGTAAATTCTCATGACAGCCTGAGCCATAATATGAGACATTGTATGTCTGTAGATCTCCGTAGCTTCAGCATCATCTAACTTAATTATTCTCAGTTCGCAATCAAAATCAATAGGTCTTTCCAAATCCCATAGCTGACCATTAACGATTGCTCCGGCGGCATTTCTCCACAGACCTTCAGATATTTCCTTTGCTACTTGACCTGGTGTCACGGGTCCGTCGTAAGTTTTTATACTTCCATCGGGTAGTCTTACTTGCATAATCATCAAGCACCTCCAAACTCGAGTTTTTTGTATATGTAAGCAAACAATGCACAATCAAGAACAAAACCGTAGATTAACGCAAACGGTTGTGCATAGTAATACGGAATCAAGAACAAAATCGCCTGCAACAGAGATGCACTCCACGGGTAATAAAACACATCTTTATACAATTCTATCACAACAATTACCAACGTCAGAATAACCCAGAGAATTGTCAACCGCTGATAAGCAAAACTCTGGTAAAAGAGAGAGAATAAAAACAATCTCATGACCTTAGACTTCAAATTCTTTTCATCAATCTCCACAACAGACTCAAGCAAAAAATACAACGGTACAAGGGTAAAATATTCTTTGAAAACGTTATCTACAAGTACACAGGAAATCGAGATAATCCAAAGCAATGGCTCCATGCTCACACCTCAACAATTAAGAATAAAAAGCGAAAGCTCACAAACCAATTTCGTTGGCTATCTCTTTCATAGCTTCCAAAGAAAGAGCGTAAAATTCTTCCAAACTTAGTCCGATATCTTCGCAAGATTTCATCTGTTCTCTGTTGGCTCCCTTAGCAAATCCTTTCTCCTTGAACCTGTTGAGCAAAAATGGTACGTCAACAACGTTGAGTTTCTTTTCTGGTCTTATCAACGCAGCAGCGACGATAAAACCACTTGTTGGGTCCACCGCGTAAAGTGCTCTTTCCATAAGTGTTTCCGGCGTTTTCTTTTCACAGTGTGCAAGAATGGCATTCTTTATCTCTTCGGTTACAGAATCTCCAAGAATCTCCACACTTTTGAAACCATGTTCTTCTGGTTTATCCTTCGTATAATCGTAATCCAAATCGTGGAGTAAGCCAGCAAGTCCCCATACTTCTTCATCTTCACCAAAATGACGAGCTAAACGTCTCATAATGGCTTCACAAGCCAAACAATGGTTTATCAAGTTTCTGTTTGTTACGTGAGTTTTGAGAAGTTCCAAAGCTTCTTCCCTAGTCAAGGCAATCCCTCCATTTTAGTGTTCTAAGATTTTAAACTATGTGCTCGTATCTTTAATTTAGTATACCATAAAACGTGGTATAATAAAACGTGGAAATTAAAAAGATTAAATAGGACGGAGGGATCAAATTGGTTCTGGACCTTCACACTCATACAACAGCTTCAGATGGTACACTAAGACCTATGGAGCTGATTCAAAAAGCCAAACTGATAGGCTTAGAAGTTCTAGCTATAACTGACCACGATACGGTGAGTGCTTTTCACCAGGTTGATGATTCTGCTTTCAAGGATCCTAAGTTATTACTTGTACGTGGTGTTGAAATAAGTGCCGAATATCCAACAGATAGTCTGCACATTTTAGGGTACAATTTCAGAGATTCTGAAAAGGTAGAGAAGGTTTTAAATGAACTAATCGAATATCGGAACAAAAGAAACGAACTAATCCTTGAGAAAATGAACCAGCACGGTTTTAATGTCACAATGGAAGAGCTGAAACAGATAGCCAAAGGCAAGGCTGTCGGCAGACCTCATTTTGCTCGCTTGATGGTGGAAAAAGGATATGTACAAAGCTTAGACGAGGCATTTCAAAAATATTTAAAAGACGGCGGACTGTTTTTTGTAGAGAAAAAAAGGCTAAAACCTGAAGAAGCGATTGATTTAATAAAAGAAGCTGGTGGAATAGCTATACTGGCGCACCCTTATCAGATGCTTCGTGATGGAAAACCTTATCCAATTGCTCCAGGTGTAGAATCATTGGAGGATTTGATTAGATATTTAGTTTCAAAAGGTTTAGATGGTATAGAAGCGTATTACTCAACACATATGCCGGGTCAAATAGAAGAGTTGCTATATATCGCAGAGAAATACAACCTCTTAATCACCGCAGGAAGCGATTTCCACGGAGACAACAGACCAAATGTAAAGCTCGGGATGAACGTTCCTTACAGACATATTGGTAAGTTTTTATCTAAGCTGTTTTAAAGATGACTTTACAGTGGTGGTGTGAAGGATGAAACAAGACAGAGAAATAAAAGAGTACAAATTGGAAACTAGGGAGAGCACAGGCACTAAAATTGTAGATGAGATAATGAACGAACTCGATGCAGAACAACGGAATGCGGTTTTGAATTCTTTTGGTAAGAGTGTTGTCATAGCCGGTCCGGGTAGCGGGAAAACACGTGTAATAACTTATAAGATAGCGTATTTACTTGCAAATGGAGTAAAACCTTCGGATATATTGTTAGTTACATTTACGCGTGCCGCAGCAAGGGAAATGATAGAGCGCGCTGAAAAGGTTACCAAGAGAGAACTTTCTGGAATGCTTGCTGGAACGTTCCATCACGTTTGCAATGTGTTGCTTAGACGGTATGGTTCAGCCATAGGTATAAAATCGAATTTCACAATTTTAGATGAAGATGACTCTGTTGATTTGATGAAGTTTGTAAGAAGCAAGTTTGTAACATCAAAGCAGATGAGCAAAGCACTACCTACGCCGAATGAACTTTATTCTCTCTATTCCTACATGAACAATACCCTGCAAACACCTTACGAAGTCGTAGTTAAACGCGCAAAAAGATGGATTAATGTTATCGATATAATAGAGAAAATTTTCGAAGAGTACATCACGGAAAAAGAAAAACAGAACGTACTAGACTACGACGATTTATTACTTAAGATGCTCAGACTTTTGGAAGAAAACTCGGATATCCGCCAACGTATTTCATCGCAATTCAAATGGATTCTTGTTGATGAATTTCAGGACACCAATATACTTCAACTGAAGATTGTTCAGTTGCTCAGTCAGGTGCATAGCAACCTTTTTGTTGTTGCAGATGATGCACAAAGCATTTATTCATTCAGGGGCGCAAGATTTGAGAATGTAAAGGAAATCATGGACGGTGCGAATGTTTTCAAGATCCAGACGAACTACAGAAGCACGGACAAAATCGTCGAATTGGTGAATTCGATGATACCAAGGTCAGCGGTGCCGAAAAAGTTGAGGGCAGTTCGTCAAAGCCTTCAAAAACCAGTTGTTGTAAACACGTACGACCACTTTGATGAAGCGAGATTCATCGCTCAAAGGATTATAGAACATGTAAACGAAGGAGCAAATTACCGTGATATAGCGGTTATTTACAGAGCGCATTCTCATTCTTTAGAGTTACAGCTTGAACTCTCAAAACGGAACATACCGTTTAGGTTGCTTTCAGGCTTACGGTTCACAGAAACCGCACATGCCAAGGACGTTATTGCGTTTCTTAAG
NZ_CP014334.2_gap20	1020808	1022766	1958	ATGAACAGGATCAAGAAAGCGGTTTCCAAGCAATGAAAATATACTTGATTCAGCAGGAGGGAAAAATCATGTCCGAATCTGTAGAAAGAGAAGAAAAACTTTGGCATTCAACTACCGTTCTAGCAGTTAGGAAAGACGGAAAGGTTGTTATGGCCGCCGATGGTCAAGTTACCTACGGAGCAACGGTTATGAAAGGCACGGCAAGAAAGGTCAGAAAGATTGGCGATGGCAAGGTACTTGCAGGATTCGCAGGTGCAGTTGCAGATGCTATGACGCTGCTTGAACGTTTTGAGACAAAATACAGGGAATGGAATGGAAATCTGCTGAAAGCAGCAATTGAACTTGCAAAGGATTGGAGATTGGATAGAGCTTTAAGACGACTCGAAGCCATGCTCATTGTCGCTGATAAGGAACACCTTTTGATTCTTTCAGGAACTGGCGAAGTAATCCAACCAGACGAAGATATAGCTGCAATAGGTTCCGGTGGTCCATATGCATTGGCAGCGGCAAGGGCGTTGATTAGAAATACAAATCTAGATGCAAGAAGCATCGCAGAGCAAGCTATGAAAATCGCCAGTGAGATATGCATCTACACTAATGAAAATATAACGGTCGAGGAATTAGAATAAAATATAAGTGGGTGCACTAACGCATATGGTAGTTGGATACGGAACAATACTCATAAAGCTCTTCGGTGTCAACTCATTGAAAGAAAAACGGAGCATAGTGCGAAGCCTTGTAAATGATTTGAAAAAACGGTTTGAGATATCCGCAATTGAATCGGGAAGACAAGATTCAAAAGACTACATTCTCATCGGAATCGCTTTTGCAACACTTAGTGAAAACGACGCCGAAGCAAAATTAGATAGTATTGAAACTTACGTAGAAAGCAGGTACACTATAGAAGAATTCACTTACGATTTTCATCATTTCTGATTTTTTGAAAAGCTTGTAACTAGGAGGTAACGTATGAACGCTGAATTCATAATAGAAGACCTTAAAATACTAGTAAACAAACTGGTAAAGCCTGAAAGAATTGAACATGTGAACGGTGTGGTTGACTTTTGTTCTCGGTTAGCGAAAAGATACAATCTGGATAGCGACAAACTGACAATTATGGCACTTGCCCACGACCTATTCAGAGACGTACCAGAGAAAAAACTTAAGAAGATGGCTACTGCCTATCAAATCCCTGTTACAGGTATCATCGAAAAAAGACCAATCTTGTTACACGGACTTGTTGCGGCTGAATTCTTGAAAAGGAAGTATAAGATAATCGACGAAGACGTGCTATTAGGAATCGCTTATCATACTTCTGGACATCCGGATTTCGGGCCTTATGCAAAAGCTCTTGCCCTGGCCGATTCTCTAGAATTGACAAGACTTTATGAAAAGGTTAACCAGCTCAGGGAAATAGCTTTTTACGACTTAAATGTCGCATATTTTGAGATAATCAAAAATAAAATCATATACGCAGTAACGCACGACCTTTACCTATTACCACTGACAACAGAAACGTGGAACAAATTGGTTGAGAGAAAGGAGTGAACCCAAGGATTATGAAAACAAACAAAAGCTACGTTGGTAAACAAAGAAAAAGAACAGAAGGCGGTTACGGAAAGATAGTACTCATAATTTTAGGTGTAGCTGTTATCCTTGTATTTCTTTATTTTGGTATCAGAATTGCCGCAATAAGGAATTCCCCAGATTTCGACTTAAATAAAATTTCTGTTTATTATTTCGTTTATCCAGTTAATACTTCAAATATCGAAAATCTTGTAGAAACCAAAGCAAAAAATAAACTTCTCATCGTCAGCGGAGAGAAAAAAGCAGTATACATGATTGATGTTCCTGTGACGCTTTTTATTAATTCAAAAAAACTCGATGCCACAAAGGGGAGTCCAAGAGACTTCTTAACTTACTTCGTTGATTTGCTCAGTTTGAAACCAGATTATTCC
NZ_CP014334.2_gap21	1023891	1025743	1852	TAGGTAAAACTCTTGCGCTAATTTTCGAAAAGAGGTCCACGAGGACAAGGTTGGCTTTTGAGACAGCGTTTGCCGAAGAAGGAGGTCATCCAATATTCCTCTCTATACAAGATATCCAGCTTGGTGCGAAAGAATCGATCGAAGACACAGCAAGAGTGCTAGGTAGAATGGTTGACGCAATTGAATTCAGGGGCTTCAAACAAGAGACAGTTGAGATTCTTGCCAAGTATTCAGGTGTGCCCGTTTACAACGGTTTAACGGATCTATTCCATCCAACTCAGGTTTTGGCAGACCTTCAGACAATCGAAGAAGAATTTGGTAGGCTAAAGGGCATTAAACTTGTTTTCATGGGAGACGGAAGAAACAACATGGCAAACTCTCTCATGGTCGGAGCAGCAAAGATGGGTATGCACTATGTTATCTGCTCACCAGAATCACTCAGACCGGAAAAATGGCTTGTTGACGAATGTATGAAATTTGCAAAAGAAAGTGGCGCAACAATCGAATTCACAGACAATCCTGATGAAGCGGTCAAAGGTGCTGATGTCATCTACACAGACGTCTGGGCATCTATGGGCGAAGAAGACAAAGCAGCAGAAAGAAGAAAATTGCTCCAGCCATACCAGGTCAACGAGGAATTGATGAGAAAGACAGGAAAACCAGAAACAATATTCATGCACTGCTTACCAGCTGTAAAAGGAGAAGAAGTTACTTTCGAAGTCATTGAAGGAAAACAATCAAGAGTCTGGGACGAAGCAGAGAACAGAAAACACACGATAAAGGCAATACTAATAGCAACTCTGCTGTAATAAACACCAAAATAGATAATTAAAGCGGTGGCCTGCACCACCGCTTTATTTTTGAATAATATCACATCTTTTCTACGAGCTTGTAAAGTGTTTTTGCCGCAAGATAGGTACCTTCTTTTTCGTATCCCTCTACTCCGAGCATCGTTCTTATCTCCCCAACTCTTACACCGGTTTCAAACATTTTTCGCAAGAACGTCTCAGCAATCTTATGGTGTTCTTCCTTTCGTTGAACTGCACCAAAGGGATTAGCAAAGTAACTTTCGGTCATTCCTTCCTCCGATGTAGTCCCTTTTGACATTCTTTTACCGGCCGAAAAGACTTCCAGCGCCTTTTCAACGTTGTCGAAGAAAACAACTCTTTCTTCATCATTATGGACTTCCGTGTAATTGTTAGCGTACAGAAAGAAATCTATAGGTGTTGGCGTAATTACCTCTTTGTAGTTATTGAACGGTACTATCACCCTTGCGTTGATCTTATCAGGATTCATAAAGATACTCCTATCCATTGTGTAATAGGCATATCCGGGTGGGAGGTCGTCGAGTCTGACAAAGGCTCCTGTTTCTGTTCCATAGGCAACTACCCTACCATTGAGGATATCTAAAGACCCCATATCGTCGATAATAACATCTACGTATGCTACTTCTTCCAATCTATTCAGAGCATCAAGTGTTTCACTCTTCCCTGCACCGCTGTCACCCACAAACATAGCTACCGCACTCTTTCCATTCTTTAATACTATACGCGCCATAGAGCCATGAACAGGTAATTTTCCTTGGTCTATCCTTATCAAATTGTGTAGTGTCAGCATTGTCTTTTTCATATACCCGAAATAGTCATTCTCATCTAAAGCAGGGATTACTCCAACGTAGAGTTCTCCATCTTTAAATACAACTCCGTTCTTCCATTCGGGTTTGTAATCCGGGATACTTTCAACCGGCAAACCGAATATCAAAACACCGGATGTTTTCTTGCTCCTAATATCAACAATATCGGCGAATTGGAACAAGTTGCCTAAACCAGCCGCATGGGAAAGGTATTCTTTA
NZ_CP014334.2_gap22	1042657	1045731	3074	TCCTTTCACAAGCCCGCCGACGATATACTTTTGCATCAGTAAGAAGAGGATAACCATAGGAACCATACCTATCATCGCCGCAGCTGTGAATAGTCCCCATTGTGTCTCAAACGGACCTGTCGAGAATGTGTACAAACCTATTGCGTATGTGTATTGTTTGACGTCCTGTAATATAATCCTTGCGAGTACGAATTCGTTGAAAGTACCCATAAAGGTGAGTATAACGATAACTGCAAGTATCGGTGAAGCAAGTGGTAGAACGATTTTCACAAATGTTTGCCATCTTGTTGCACCATCGATGAGAGCTGCCTCTTCTAATGAATCCGGTATAGTATCGTAGTAACCCTTTATAAGGTACATGTTATACGCTATACCACCCAGATAAGCAAATATCAAACCAGATAGTTTACTCAACCCAAATCCTGGAATGTATTTTCCAGCAAATGACAAGAATGTGTAAATCGCAATCATATACATTATTGCTGGGAACATCTGGATAAGCAAAAGTGACATTATTCCGTACTTCCTACCTTTAAATCTCATTCTACTGAATGGATAAGCAGCCAAAGCGGTTACAGAAGTTATGATAATTGCCACACTTAATGATACAATCACACTATTCATAATCCACTTCAGCATGTAGTGATCTGGTTTTCTCTGCCAGATTTGATCAATTCTAAACGCAGCGCCATCGAGTTTCTTCAGCGCAGCGGAAAGTTCTTTAATGTTGAGCTTGTCTGACAATTCGGATGACTTTCTAGACATCACATTCATATTCGGTACCACGTTGTTCCTATACACAGAAAGAACGGTGTCAGTCAATCGTTCCATGGCAACTGGTCTAACCTTTACACCTGTTTTTGAGACCGGCATGAATTTTGGCCCCTGAATTTCCACATCTGCTAGGTAAAGCTTTAAGTCTTTTACAAATGGTTCGTAGTTTTGGGAGAATAATTCGTAGTTTGTAAACATATCCTTTGCCGTTCCTGGCCAATCTAGCTTGGAAGCTATCTTTCTTATCTTTGATTGCTTTTTCTGGTCAGTTATCATATTTGCAATATCCGTTGTGATTCCAAAAACCCTCTTAGATTGTATGTTAAGCAGTTGAAGTTGAGCAGGTAATTTCATATTAGCAACCATTGTCTTGATCTTTTCGAGTTGATCAATGGCTAGTCTTGCTTTGAGGTACAGCAAAGGATCGTGCAAAAGTTCATATGCTTTTGCAAGTTCTGTGTTTATTTTGTTAATTTCTTCATCTATTTGAGCTTGCCTACTTTTGTATTTCGATATCTCAGCTTGCAATTGTAACATTCTTTCTGTTGTCTTTTTCAATTTATTCATCAAATTCACGGTTTCGTTTATGGTGCTTGCTATTCTCGTTGTGAAAACATCTATCGTGTTCAAAAAGTCTGCAAACGGTGCTTTGTCCTTGTTTGTGGCTTGCGCCCATTTAGTCATAACTTCGTTGTATCCATTCTGAAAATCGGTTAGTGCTTGATCGATGTCTTTAAGATCATCAAATTGCTGTACGTTAAGTTGGATATCCTCAATTTGCTCAAGTGTTGCTTTGAAGCGCTCCAATATTGTGTTTTCATCTGGTAATGACTCTGCCGAAACATTTGAAATCTTTGCCGCGTCAAGCAAATCAGCACCAGACTTGAGAACTAGTGCGTATTCCTTTAGCTGTGGGACCAAGAATGAACGAATTGTTTTGGAAAGGTTCAGATACTGACTCTGATAAGCACGATATGTCCTTTCCAGTGGTTCAACCGTACTTTGTATTGTTGATTTCTCATTGTTGAGTTCTTCCAACCGAGCTTTCTTTTTTCCAATCATCTCTTCCCAATTTTCCTGTCCTGAATACGGGTCAACTTCTTGAATTGAGCTGAGGTCCTCTCCTCTGGAGTATAACTCATATGCAGCCACTTCCAAATATTTCGATGGCTTCGGGAATTCGAGTTCGTTAATGATGTTCTCCAGATCCGAAACGTAAGATTTTATGAGCTTGTCAGAGTTTTTCTCAAAATATTCATTCAGATAGGAAATAGCATCATCTATTGCCTTTTTCAGCTTTTCAGTCTCCTCAATATAAGACTTAAATCTTTTCACATCATTTTGGAAAAGTACTTTCGCCTTTTCAACCGTTATGTTGTCATGAGGAGGTGCCATCAGAATAAGAGCATCCATATCGGAAACCAGTCTGGGTCCGTTTTTCTCCGGAGCTATAAGGTCTACATAGTTTTGAAGTGTCATCCTGCTGCTGAACAGTTTCGTTGAAAACGCCGCATTATCACGTCTTAATGATGTAGAGACAACCCAAACAATTGGAAACAGGACAACGACAGAAACTATTATCAAAACTATATGAGTAAGCAATTTTCTTTCCTTTTTGACCATTATCTGTTCACCTCCTCGAAGGACCCGGACAAGCGGAAGTTGATGAAGCTCAAAGTTCCAACTATAAAGAATATCAGAATCGATATTGCAGAAGCAAAACCAAAGTCCTGACCACGTCCACCTTCAAAAGCAAGTTTGTATGTATATGAAATCAAAATATCCGTAGAACCCGCGGGGGTTGTAGTATTTGGCATTGCAGGTCCTCCACCAGTAAGGAGTCAACTATGCAAAATTAAATTTTTGTTTTGAGTGTGAGATAGCATAATCAATATTGAACTTCTCTTTCTTTCTCAACATTGCGTACAACGTTCGCAATAACTTGTGTACTACTGACATTATCGCTTTTTTGTACGGTATACCTTGCTGCCTTTTTCGTTCATAGTATGTTCGGAAATATTCGTTGTGAATCACTACACTCACTGCCATTAGCCATAGTATTCGTCTTAGGTGGGCATTGCCCCTTTTCGATATGTGTCCTTCTACTTTGCTTTTGCCTGATTGGGCAATGCTTGGATCGAGTCCACAATACGCAATGAGTTTTTTGTATGTACTAAATCTTGAGATATCTCCAACTTCTGCCAAGAAATGCATCGCGCTGTTTTCACCAATACCTGGTATTGACGTGAGTATCTCGATATCAAGGTTTATCGCACTACATTCGCAATATTCTTTCATCA
NZ_CP014334.2_gap23	1048110	1050190	2080	TGCTAAATACGGTGAACGCTACGAGCATAAGATATCCTATAGTTTTCCAAAACTTCATCGGTTCATCCTCCCTGCAGTCATTTTCGGACATTCCCTTGGTAAAACTTTTTCTGGAACTTGGTAACTCTAACTCTTTCTTCGTGAAAATTTATATCTTATTAAGAAAAAGCACGGGGGCATTCCCCCGTGCCCCTGATTTTCTATTTAATTACTTAATTTGTGCCTTTATCTGAGCAACTGCGTCAGCAAGTGCTTTTTCTGCTGGAACACCCTGGTCGAGTGCTTTAGCCAAAGCATCACCCATTGCTCCCCACACTGCTGCCATTTCTGGAACGTTTGGCATTGGCAGACCGTATTTTCCAAGGAAGTCAGCAAATTTCTTTGTGAGTGGATCCTTTGCCATAACAAGTTCGTTGACGTCTGTTCTGGATGGACACCTTGGGTCTGCTTGCCAAATTTGGTACATAATATCTTTTGTTGCGATGAATTTTGTCAGGAAGTCAAGCGCAAAGAGTTTGTTCTTGCTCTTTGCGTTGACCATGAAACCTTGTGCACCGAAGAATGGCTTTGGTTTCTTTCCGCCAGGAAGGTCTGGAATTGGGGCAACATCAAAGTTTATACCGGCTTGCTTATATCCTGGAACTGCCCATGGACCGTTGATGATCATTGCTGCCAAACCATCTTTGAACAGACCGTCCATTGTGTTGTAGTTGTCACCAGATGTGAGTATCTTTTCATCAACGAGTTTCTTAATAAGTTTCAGACCTTCGATTGCTCCTGCATTCGCAAGGCCAACATCTTTAACATTGATTTTTCCACTCTTGTCTGTTCCAAAAACATATCCACCCATGCCGAAGAATGCAAACGAGCTGAAGTAGAAGTTCTTGTAGTCGTAGATGAATCCCCTAACTTCACCGCCGTAGTCTTTTTCTATCTTCTTTGCAAGTGCGATAAGTTCATCGAATGTTGCTGGCGCTTTCTGTACGTAATCTTTGTTGTACATTAGTGCTGGACCGTCGAATGCATATGGTACACCATAAATCTTACCGTTGTAGGTAAATCCTTGAAGAGGTGCTGGGAAGTACTTTTCTTTTTCTGGAAGGTTAATTGGTTCAAGCAAACCGTTAACAACAAGTTCACCAACCCAGTCGTGTGCTCCAACGATGATATCTGGACCTTCACCAGCTGGCGCTGCCGTTAAGAATTTGGATTTAATATCTCCGAAGTTCACCTGAATAACGTCAACCTGAACACCGTACTTTGCTTTGTACTGGTCTGCAAGTTTCTTGAGAATAGGAACCTGTGCTTCCGATGTCCAAATGGTAATCTTCTTGGCTTGAGCAAATGCCAAGAAAACAAAAAGAACTGCCAATACTACTGTTAACCACTTTCTCATACGCTCTACCTCCCCTTTTAGGATGATGTGGAAACCTCTTATATTATACTACAACTTACGGTAAAGTGAACCAATTTTTGGAAAAGTTTCCACAGAATCCATGAATGTTTGAAGTTTCTTATCAGTTCTACCGAATACGTCGCTATACACACAAAAATATACCTTAGCATACCAGAGCATACCAAAGGATACAACAGCAAGCAAGAATTTGTCAGTAATAATTCGGAATACCTAGTGTTGAAATGTAGCTACAAGCCATGTATAATTCTAATGCTATGAACTTACATCAGCCAAAGTCAACGGAGGTGAACAACATGGAAAAGAAAAGAAGGAGAGTTATTATCCTTGGTGCAGCTGGTAGGGATTTCCACAACTTCAACACGTTCTTCAGGAACAACCCAGATTATGAGGTTGTAGCGTTCACAGCTACACAGATTCCAGACATTGCAGGTCGAATTTACCCTGCCGAACTTGCAGGTCCACTTTATCCAAATGGCATTCCTATCGAAGATGAAGCCAAGCTTCCAGAACTCGTTAAAAAGTACGATGTAGATGAAGTTATCCTTGCTTACAGCGACTTGCCACACCAATACGTAATGGAGAGAGCAGCAATTGCACTTGCAGCAGGTGCAGATTTTAAACTTATGGGACCTGACTCAACAATGATTGAGTCAACAAAACCTG
NZ_CP014334.2_gap24	1148435	1150624	2189	GTACTTAGCAAACAGTTGGTTTTTCGAGATATCGAGCTTTGATATAGAGGGTAATTCTGTTTCAATGGTCAGTGATGCAAGAAATATTACGCATGTGTCAACAATTTGGCTCACCGATCCCCCTTACGCTGATGCAATCAATTATCACGAGCTTTCCGAATTCTTTCTTGCGTGGGATAAGAAATTGCTGCTCGATACTTTCCCAGATTGGTATGCCGATAGTAAGCGTGCCCTTGCTATAAAGGGAAGAGGGGAAGATTTTAAGCAGAGCATGGTGCAAGTCTACAAGAACCTTGCAAAACACATGCCGAACAACGGAATGCAGGTAATTATGTTCACTCACCAAGATGTCAGTGTGTGGGCAGACCTTGCCTTAATCTTATGGGCAGCAGGTCTCAGGGTCACAGCCGCTTGGAACATAGCAACGGAAACAGAATCTGCAGGTCTTAAGGAAGGCAACTATGTGAAAGGAACAGTCCTTCTTGTCCTTCGCAAGCAGACTTCTGAGCAGACAGCGTACCTTGACGAGCTTTATCCCGAAATCGAACGCGAGGTTCAAAGACAAATAGAGATTATGAGAGAACTGGACGATAAAGAGGACCCAAACTTCAGCGATCCGGATTACCTGCTTGCCGCTTACGCTGCTTCGCTCAAGGTGTTAACATCTTACAAGCGAATCGAAGACATTGATATCGAGTACGAGCTTTCAAGAAAGAGACTACCCGGAGAAGAATCGCCTATTGAGAAGATAATATATGAAGCTGTTAGGATTGCGTACGACTACATTGTTCCAAAAGGCTTTGATTCGTACACATGGAAAACACTCACGCCTGAAGAGAGGTTCTACATCAAAGGCTTAGACCTCGAGAAAGATGGGATTTATCAAATCGGAGCTTATCAAGAATTGGCAAAAGGCTTTGGAGTTAAAGAGTACAAGGAGCTTCTTGCATCTACGAAGGCCAACCATGCAAGATTGAAAACTGCACTGGAATTTGGAACACGAGGACTCAACAGTGACGATGGATTCAGTAATACCCTTCTAAGAAATGTGCTCGCAGCCTTGCATCAGGCTATAAAGGCAGAAGACCCGTCAAGGGGAAAGAACTGGCTCAGAAACGAAGTTCCCAATTATTGGGGCCAGCGAACCACCATTGTTGAGATACTGGAATACATATCTTCGTTGGGTAGCATAGACACCATGCCTCATTGGAAGGAAGAAGCAAAATACGCAAGACTCCTGGCAGAACTTGTGAAGAACGACGGAGTGTAATGGATAGTATTTTCCTTAAAAGATTTCAGAGAGTGGGGATTGATGGATGATTTACCGTTATTCGTCAAGAAGAACAAGGCTCGACTCGCACTTTTTAAACGAAAAGTTGAAAAACGCTGTCAGCTACGATCGAATAGCTGGTTATTTCAGTTCTTCCATCATCGAGGTTGCAGGGGAGGCAATTGAAAATATCGAAGGTGTCTGTAGGGTGGTGTGCAATTCTGAGCTTCAGAAGGACGACTTTGTAACAATAAGCGCAGCTGTTAACGGACTGCGCAGGGAATGGTGTGCGGCAAAACCAGAGGAAAAATACAACAACATTCCTGAAAGGCTGAAAAAGCTTTACGAACTTATAAGAAGTGGCAAACTGCAGATAAAGGTCGTCCCAAACGATGTTTTTGGACTAATCCATGGTAAAGCGGGTGTGATAACTTTTAAAGACGGTCGGAAAACAGCGTTTATCGGTAGTGTGAATGAAACTCTCACAGGATGGAAGTTGAATTATGAGATCCTCTGGGAAGATGATTCGCCAGAAGCTGTAGACTGGGTCCAGGAGGAATTCGACCATTTTTGGAACAGTCCATACGCTGTTGCACTTCCGGAATTCGTGGTGGAGGATATCAAAAGAATCTCCGAAAGAAAAGTGATTTACTCCGTAGACGAATGGAAACAATCCCCCGAGCCTGCGTCCACGGTAGTTGAATCACCGATTTATAGAGAAGAATTGGGATTGTGGGAACATCAAAAGTATTTCATAAGTCTTGCTTTTGAAAGTCATAAAAAGAACGGGGCAAGGTATGTGCTTGCAGATACAGTTGGGCTTGGAAAAACTATCCAGCTTGCGTTGGCTGCTCAGCTGATGGCTCTCTACGGTGATAAGCCAATCCTTGTAATTGCACCAAAGACTTTAATATGGCAG
NZ_CP014334.2_gap25	1229201	1233138	3937	CAAGGAAGAACTATCCATAAGGATTCGAAAGAATGCTCGGGATTTGGAATTATCACGTGAAGATTTTGTTGTCTATCTCATTGCCGGAATTGGAGAAAAGGATTGGGTAGTCGTTGACGGCAAACACGAAAAAGTTATAGTTTTCGATGTATTCTCACTTTGGAAGAAGGGAAAGTTTTCGCAGCTTTCTGATGCTGTGTATCAAGCAGTTGTTCATTTTAGACACGGGGATATGGAAGGAGATTATTACGATAAATCCGAGATTTTCTCAAAACTGAAAGAAGAAATCACAAAGCTTGATAACGAAAACCTTCTGCAAAATATTTGCAAGTTACTGGATAAGAATGTTCCGTACTACAACTGGACGGGGTTTTATTTGATGGATGAGAAAGAGGATGGCATCCTTGTTCTGGGACCGTACGTTGGTGAACCTACAGAGCACGTGCGAATACCCGTTGGAAGAGGAATTTGCGGACAGGCTGCTGCGACGAAATTAACCTTTGTTGTTCAAGACGTGAGCTCAGAGACCAATTACCTTTCCTGTAGCCCTCATGTAAAAAGCGAGATCGTGGTTCCAATACTAAGAAACGATGGAAGCGTTTTCGGGGAAATCGACATAGATAGCCACTTCAAGGCACCGTTTGATGAGAGGGATACGGAGTTCTTGGAATGGATAGCTAAACAGCTGCTCGTGAGGGTAGTGCATTGGAAAGATTTTGAAAGAAAAATCAAAATTGCGTACCTAGATAGTTATCTCTCGTTTATACTCAATGAAATAGTTAAATACAATATACCTTTCGACGTAAGCCTTTACGTTCACCATGATCCCGAAAAAGTTCCAGAGAATCTCTACAAAATTTGGAGAATAGCTAGAAAGCTACGCAACGCCAAAGTCCATAAAATAGTGGTAGTTGATAATGTTGATGAACAAAAAGCAGAAATGAGAGCAAACCTTGGAGGTTTCTTGTTAAGTTACCAAGATTTGCAACGGCCCGTTCCAGAAATCATACGGAAGATGATCGTTGAAGGAGTTGAAGAGATCTCAAGAGTGCTCTTTTTCATACACCATAACGCAACGAGATTAGCTCAAAGCTTTGTGAACACAAGGATAATCACAGAGTACGTTTTAAAACCTGAGAGCAATGTTAACACGATTCTTTACGCATTCCTAACTGGCATAACCGCAGGTTACTCAGGTTCTTTTAATAGAGCGATGTTCTTCTACTACACCGATGGTCAATTCGTCTTTCAAAAAGCCCTTGGTCCTCGAAGTGAAGAGGAGGCACACGGGATTTGGGAAGCGATTGAGGATATAGAACTGAATATGTCAGACTTTTTGGAGACGGTTTCAAAAGATTTTAGGTCGGCATTGGAATTGGTCTACGAAGGAAAAATCATAAGGCAGGATGAAATAACACAATACCTTGATGGTGAACCTCACATAGTTGCAAAAGGCGATTTACCAAAAATCGCTGAGGAGTTCGATATTGTAAATGAGTTCGCAGTTATGGCCCTCAAAAGTGGCAACAAGTTCGTCGGGTTGCTTTTAGCTGACAATAATTTCGACCGAAAGCCTATTTCCGACTACCAACTCGCAGTGCTCAAAGACCTTGGTAATCAGATGGTGCTGGTTCTTGAAAACAAAAGGTTCCTTGAAGCCATAAAAGAAAAGGCAGAAATAGATGCTTTAACAGGTCTGAGGACCCGCAGGTCGTTGGAGGAGTTCATTGCAAGTTCTCCCGTAGGACAGTTTTCAGTCGCATTTTTGGACTTGAATGAATTTATGCTCATTAACGATATGTACGGGCACGAAAGAGGGGACGAGGTACTTAAGAAGTTAGGAAAGTGCATAAATTTGAATATAAGAAAAGAAGATTTGGCGTTCAGATACGGTGGGGACGAAATCGTACTGATTATCAAGTCTGTTGAAAAAGAGGTTGTCCGAAAGGTTATTGAGAGAATTTCCGAGTGTTTCGCTAGAGCAACCGAATTGTCTTTCTCAACAGGTGTGGCACTTTATCCTGAAGAAGGGGATATTTACAAGGTTTTGAAACTCGCAGATGAAAGAAGTTACAAATCCAAAATCACAGGAAAAATAGAGTTTGAGTAATCGGAGTTTAAACATTTCTCAGGGAGTGAACGATGTGAAGACAAAAGATATGTCGGAAGAGAAGGAAAGAAAGAAAAAATCAAGTGTGTTCTTAAGGCTACTAAAATATGCCCTCCCCTATTGGCATCTTTTGGCACTGGCAATAGTTGTGGTGCTTGTTCTCACGTACCTATCACTTCTGCCTCCACAAATTGTAAGGAAGGCTATAAACACTTACATACTATCAGATACGCTACAAACAGCTGAAAAAATAACGGGAATATCTAAGCAGGCGCTCCTGTTCTTGATGGTTTCTGGGGGAATATTCCTCTTTGAGTACCTTTCCATACTCGTAACTACGTACATTGGCGGCCGTGTAGTTTACGATGTTAGAAGGCAGCTTTACGACCATGTTCTGAAACTCCCGATGTCCTTTTTCGATAGACATCCCAGCGGGCAGATAACAACAAGAATAACAAGCGATACACAAAATGTGCAAGAATTCTTTACTTCGGTGATAACAAGCATCGTTAACGACGTTTTTTTGCTCGTCGGTGTAATTATCATGATGTGGAGCATCAGTTCACGGCTCTTTCTTGACATTATCTACGTCTTCCCCATTATCATCGTTGCAATGGCAGTTTTCAGATACTTCGATATTCGAGCATACCGTGCAGTAAGAACAAACATCGCTCGAATTAATGCGTACATCGCTGAGAATTTAGCCGGAATGCCTGTAACAAAATTGTTCAACGCGGAAGGATACAAAAGAAAAGAGTTTGACCAAATAAACAGAGAACTCTACAAAGCCCGTATGAACCAATTGTATGTGTTTGGTATATTCAGACCGCTGATTAACTTTTTGTACTATCTCACTCTCTCCCTCATCATCTGGTTTGGCTCAAAGTACATCTTAGGTAAGATTCTTAATTTTGGAGACCTCTACGCTTTCGTGTCTTATATCGACACATTCATGAGACCTATCGAAGACTTGTCTGAAAAGTACGATATCATACAAAACACTATCGCAAGTGGTGAAAAGATCTTCGCACTACTGGACGAACCCCAAGAGGAACAAGGTAGTTCGGATGGGAAAAAGACCATAGAAAAAGGAACGATAGAATTTCAAAATGTGTGGTTCAGTTACGACAACAAACGCTGGATTTTGCAAGATGTGAACCTTTCTTTTATCCCTGGAGAGCTTGTTGCAATCGTTGGGGAAACAGGAGCAGGTAAAACTACAATAATGAACCTCATAAATGGAATGTATAGACCTCAAAAAGGAAGGATTTTAATCGACGACTTGCCGCTGGAAGAATACGATATTCACGCTCTGAGAAAGCAGGTCTCCGCTGTTCCTCAGGATGTTGTGCTGTTCAGTGGAACGCTCTTAGATAACATCCGCCTCTTCCACGATGAAATATCCGAGAAAGAAGTGTACAAGGCTCTTGAGAAGGTTGAAGCGCTGGAGATTATACAGAGGTTGCCAAAGGGCATATACACTGAAATCGTTGAGAGGGGAAAAGGTATCTCCGCTGGTGAAAGGCAGTTGATAGCACTTGCCAGGTCTGTGCTTTTTGGTGCTAAGATTTTCATACTCGACGAAGCGACAAGTAATATCGATGTGGAAACAGAGCACAGAATTCAGAAAGCAGTAAGGGAACTGTCCAAAGATAACACTGTAATAATGATTGCGCACCGACTTTCTACAGTAGTCAACGCAGACAGAATTGTTGTCGTTGCCGACGGGAGGATTGCAGAGGAAGGAAGACATTTCGAGCTTTTGAAAAAGAAAGGTGCTTACTACAAGCTTTATGAAATCCAATTCGCTAAAGAGGAGACAGCGTA
NZ_CP014334.2_gap26	1236137	1238824	2687	ACTCACTTAACATAGTGAATCTTCTGGGATTGCAACCTGTGAGACGATATCATGAAGAGCTCAATGGGTGGCTATTTAACGTGAACGAATACGAGACGAATGAACTCCTACCTCTTGAAAATCTGATTACGTTCAACGCAGAAAACTTTGAGAAATTTAAAATTTCCAATGCATTGTCGCTGGAACACTTAAAGTACAACGAAATCTACAATAACAGCTTTCTTAAAGTAGAAAACACACTTAACAACCTTGAATGTGTAATATCTCTAAACAGTAACTTTCTAACAAAGAACTTGGAGATTTTTGCAGACAAAGAATTCGAATTTCTTCTTGAGATCTACGTTGCCCTTTCCATTAAGCGCCTGGTGAGTAAACACTCTCTTAATTCGTCTTTCAATCATCCTTGCATTTTCCGGATAGAACTTTTCAACAGTTCATATGTGCAAGTGTACAAACTTTTAGAAGAGTTTAGGAACTTCAATTTAAAATTCTCCGAGCAGATATCAAAATTGTATGACGAATTCAAGAGGCAACCAAAATCACCTGAGCTCGAACGTCTCCTACAAAACACTCTACTTGACGACTTCACAAGAACAATCTACAACTACGGAAACATAATCCTTCTAATAGAAGATTTAAAAAAACTGGATGAGTTGACTTCATTATTCAACAAGAGTACGTGACTAAATCAAAGAACACTAAGTGCTATCAACAACTGGCCAGCGAAATATGTCGATAGAACGAGCAAATCTCTGCTTGGCACTTTCCGGACATATTTATCAAACGCGAGTATGGCATCGGACAGAAAGAAAAGAACTGCACCCGAAAAGGTTAGGACATTCACCGAAGAAGAGAACGCAACCATTGTGCAGATAGCTAAAACGTACAAAAATACTGCAAACTTATCCTTGCCTAAGAACTTCTTAATAAAAAGAAAATAAACAACACCAGTTGCCAAAACCAAAATCAGCAAACTTAAAGACAGCAATCCTCCCATCATATAAAACCCAAACACATAGAACATGTGCCCCAATAAAAATGCCACCATACCGTATATGAAAAACCTCTCAAATTCCAAAAAGAAATCCCCTAAAACCCCCGCTAAAAGACCAAAAGAAACTAAGACTCCGGCTTTGCCATTGGAATATGAAAACACAGCATCACTGAAAACAGCCAAAAACAACATGAGAGTTGTTAGAACTTTGAAGACCACAGAAGCTTTCCAAAAAATTCCCAATTGTTTTAGAGTTATGGTTACCAACGCACATGCAATTGATACGATAACGAAAAACAACAGCACGTTTCTCACCACCCTTTTCATTTTATCAAAAACAAACCAGGGGCGTTTAGCCCCCGGTTTTTGGTACTGCTATGTTATGATGCTTTTTGCATAAGTTCCAGATACTCAAAGTACGGAACATAATGTTTCAGCACATCTCCCGGTTTGACTTCTTGCACGTTGTTCCATCTCTTCAAATCTTCTACCGAAACTCCAAGCTTTGATGCAACTGTTTCAATTGTTTCTTCTGATTGGACGGTGTAATTCATCTCAACATATGCACCCCAGTTGTTGTCAAGCGTTGCTTCGATTTCTTTCTTCTCAAGTACGTAATTGGACATCAGTTCCGCCATCTCTATTAAGATTTCTCTAACAACCGGTTTGCCCTTGAACATCTCGTATCCTCCACCGCCACCTGCCCTGTAGTTGTTCAAAACTATTTCGTATTCAGCGTCCATGTCGATAGGCTTTCCTTCGAACATAAGGTCTACAATCCTATCACCTTTTGGTCTATTCAACACTATTTTGTAAGATATCCCTTCCCACATATCGTAATTGTACCGCTGAACCTTTGGTTCTATCCAAGCCTTATTCTCCTTTGCTACTCCATCTTCAAAAACGAAGTAATCTGCACTCCTCTCGAGGGCATCCTTGATATCTTTTCCTTTGACTTTCAATACCTTTAAAGTGTTTGCATAAATATAAACGGCGTTTATGTCTCTCAACGTTATTGGCCCTTCTTTCCAACCCTTAACATCATTCGTGAAGAGAGCAGTAGAAGAAATTTTCGCACCCGTGTAGTACATCTGAACTTTATTGACAAACTCGATCAATGGGTTATCCCAAAGTCTTGCAGCAAATGGATCGGAAATCCAGAAGTTCCCTTTTGCCATTCCAACAGGTGTATCTAACCACTTTTGGGTCTTCTCTTCGTACGGTTTTGCAAGTTCCAGCACCTCGGGATCGGCAGGATACTTTGACGTATCTATTAATTCTGGTATGACTTCCTTAACAATCCATCTTTCATCGTCTTCATTCTTCTCGAGCTTTATCGTTACCTTACCTACCATCTTTCCCCAATTGGACGGCTGAGTGACCGCAACATTACCAATTTTCGTTGCAATTGATCGATGCTGATGGCCTGTCAACAAGACATCCACACCCGGAACCTGAGTTGCAAGCTCATAACCTTGGTTTTCTCCAACAAGTGGCTCAGTTGGTTCACCTGTAACTGGATCTCGCTCCAGCCCACCATGGTACGCAATCACAACCACATCTGCAATATCTCTCAGTGCCTCTACATAGAGCTTTGCTATTTCTACGGGGTCTTTAAAATTCAGCCCGGAGATGTTTCTGGGGTCCTCCCAGTTTGGAATGAACTTTGTGGTCAAGCCAAGGATAAGTACCG
NZ_CP014334.2_gap27	1245852	1248075	2223	GTTCGGGAAACCTAAGCTGTATTTCCATGAGCAACTTGCGTTTTGGTTGATCAAGAAACTTCCGACAGCACGCATGGCATATAGAAGGAGTAAGGCTAACTGGATAAAGCAAAACGAACCTGAAATCTGGAACAAAGTTCACAAATACCTTCTTCTCTCCGGATATCTGACTTACAAACTCGTTGGAGAATTTGTCGACTCAATCGCTTCACAAGTTGGATATATTCCATTTGACTACAAAAAGAAGGACTGGATTAAAAGTGATTTTCATTACAAATGGAGACTTTTCGGAATTGAAAGAGATAAACTGCCAAGGCTTGTTGAACCAACTGCAATACTTGGTTACATTACCAAATCAGTCGCTCAATTCACTGGTCTTAAGGAAGGATTACCATTAATCTCTGCTGGTGCGGACAAACAATGTGAAACTTTGGGTGTTGGATGCTTTTCTCCGAATGTAGGAAGTATAAGTCTTGGAACAACCGCGAAAATTCAAACAACCACGCCGAAATATGTAGAAGTTATACCGTTCATACCACCTTATCCTTCGATACTTTCGAATGCCTACAACCCAGAATTTGGTGTGTCCAGGGGTTTTTGGTTGGTTACTTGGTTTAAAAAAGAATTCGCACACAGTGAAGTTAGGGAAGCCGAAGAATTAAACACGTTCCCAGAAAAAATTCTCGATAGATACCTGCGTGAAATCCCAGATGGAAGCGATGGGCTAATCATACAACCTACATGGACCGCTGGACCCGAACGTCCTTTCTCAAGAGGAGCAATCGTCGGATTTTCAGACAGACACACACGGTTGCATGTTTATAAGGCGATTATAGAAGGCATCGGCTACGCATTATTGGAAGGGAAAATGAGGATAGAAAGAAAAACTGGTGTTAAGCTGGAAAGGATAGGGCTTTCAGGTGGAGGCTCCAAGAGCGAAGAGGTGTGCCAGATTACGACAAACATACTTGGCGTACCAACTTATAAAGTGCAGACTAATGAAACCGCATCTCTTGGCGCTGCTATTGCAGGATATGTTGGAATTGGAAGGTATAAGACCTTTGAAGAAGCCGTTCAAAATATGGTAAGGATCGAAAAAATTTTTTATCCTGACACTGAGAAGAGCAGAGTTTACAGTGAGTATTTCAACAAGGTATACGCAAAGATGTGGAAACGTATGGAAAAATTGTACTATGAACTTGGGAAGATAACGAGCAAAATCAACAATCCTCAAAATAGAATTTGAAGTTGCTTTCTGGTAGTATTTAAAAGCTTTTATCACATTTTTATAGTGAAACCACCACTTTTTCTTGACAAAGGCATCAGAAATTTTGTATAATCTCTTCATCGATTTCGGAAGTTTCACACTCTTGGATAGGAGGGGTTGTTTGATGAAAAAGCTAGCCTTATTTGCTGCCGTTTTCGTGATTTTGTTAGTAACGTTCAGCTGTACAAACACATTTGAACCAAGATTTGAACCTCGGGCTCAAGGAGAGCTCAAAGTCTTTGACAAACTTGGAGTATCGGGAACAGAAGAAGATTTCGTTCCAGGCGAATACGTTCTCCAATTTGAACCAAGAGAAAACGTTATCAAAGCACTGTCAAGCGTTGGGGCAGAAATAGTCAGAACCTACTCATTTGAAGATGTCCAGATCGTCACCGTTCGTACGGAAAAACCCGAGCTTCTTAGCTCCGTTCCCGGCGTCAAATCAGTTGATAAGAACTATATATACAGAGCGCTTGCAACACCAAACGATACGTATTACAGATATCAATGGCACTACAACAACATCAAACTTCCTCAAGCATGGGATATAATGAAATCTGCTAATATTGTCGTAGCAGTTGTAGACACTGGTGTTAGTTTTACACACCCAGACCTTCAAGGCATATTTGTCACTGGTAAAGATTTCGTAGATGGTGACAACAATCCCACAGACCCAGCACAAGATGTCAGCCACGGTACTCACTGTATAGGTACAGTTGCAGCTGTTACAAACAACAGCTTAGGTGTGGCTGGTGTGAACTGGGGCGGATACGGAATAAAGATAATGCCAATCAGGGTGCTCGGTGCAGACGGTTCAGGAACACTTGACAATGTAGCAGCTGGAATCAGATGGGCAGTAGACAACGGAGCGAAAATTGTTAGTATGAGCCTTGGTGGCAGTGGTGCCCAGGTACTTATGGATGCAGTTAAATATGCTTACGGTAAAAACGTTACAT
NZ_CP014334.2_gap28	1252777	1253442	665	CAAAATGATTCAGAATATGCGATAACCTCGTTGGAGCAACTAATACAACTCTGGACAAAAACATACAACCACGAAGGCAAACCCGACTGGTCCCACCTTTTGCCGTATTACGATGAAAACATACACTTTAGGGACTCTGTTCAAGAAATATATGGGATTGAAGAGTTTAGAGCCATGGTGGAGCGTTTAACAAAGCGTTCCCAAGAGCTACATATGAATATTCTAAATGCGGTTATGGAAGGTAATGTTATCTTCGTCGAATGGGATATGATAATTAACTTCAGAAAAACAAAGACGTCGGTGGTACACGGTGCAAGCAGGCTTATTCTGAACGAGAAAGGTAAGATAATAGACCAAAGAGATTACTACGACCTCTGGGGTGATATATTCGACAACATCCCTGGATTCGGCAAGTTGTACAGAAAGTTCATGAAGAAGGTGTTTGGATGAGCAAAGAGTTTAACGGCTGTTCAGTAAGAAGGTATTGGCCGCAATACAGATGGTCAAATATATTTGAAATGATACGAAATATGTCGAGTCGGCCAAAAACTTGCAAGCAGCGATTTGACGACAAGCTCGTTGTAATTACCGGAGCTACTTCTGGCATAGGGTATGAAACAGCTAAGAAATATGCAGCGGGCGGTGCCCGTTTGATAACAATAAAC
NZ_CP014334.2_gap29	1304742	1309251	4509	AGAAAACTTTTATGGGAAGCACTTGGTAGACCGAAGAGGTACATAATCCCCAGTGGCCACGTCACTTGGCTACCGTTTGGCTTTCTCGTTGGACGTTTCATACTGCAAAATATGGGAATTCGGGAATTTAAGAAACAGATGGAGTTATTGAAGAAAATAGAGCTTGAAGAAAAAAAGTGAACACTATTAAAATCCCGGCCAACCGAAATCGAAAGTTGCGCCAAAAGGTAATTTTTCGCCGTCTTTTTTTAAACCAAATTCCACGGATATGTACTTATCTTCTACGGAGTGCATTACTGTAGTAGACTCAATTATATAATTGATAATTCTTTCCGAACCAGCCAAATTTACCTTCAAATAGTCATCATCTATTATCAAAGCACTCCCTACCTTCGGATTTCCAATCGCATCAACAGGTTGTATGTTATCCCAAAGACCTCCGTTTTCGGTAAGGAATCTCGACCAAATGTTTGCTGCAGACATTATAGCGATACGGCTTTTTTGAGAATCAATAGAAGCTTCTACTCTTTGGCTGATATCTAAGACTTCTTTCATAACCCCTGAAATCATGACCGCTGCAATGGAAGACAGCAAAAGTAAGAGGAGCGCTACCGATATGTTGATGATACCTTCTCTAAAATTTCTGTAATTGAGCATTCTATCACCACCTACTGCCTACTTTGATGCTTGAGGAAAGACTATGAATTTGGTTTTGACTATCTCTCCAGTATTGCCTACCAAAGATCCCCAAGACATTTTCCATTTTATCTTCAGCTCAAGCCCTATGATGTCATCCTTTATTGTTTGGATTGCAGGACTGTTTTTGTAAGTATTCCAATCTGCCATGTTGTCGAATCTTATCCTTCTTTCTTCAATCCCTCCTTCTTCATTTCTGTATCTGTAGACCAGACTAGCTTCGACTTGCTCAACGTTCTCAAGTAGTGTTATCGGAAAATAGTTATTAGTCAAATCCAATGCAGGCATGAATCTTGTCATTGTAAATTTCTTTTCAGTGGAATTGTACTCAATTATGACTTGTCTGAATGAACGCGTAACATAACCGTTGTTAAAGACAGCGTTTTTGAAACGCGCTACAGGGTATACAAACTTATCTTCAGAGAGTAGGTCTAAATCTGTCGATACAGACTGAACAGCAAGATTAATTTCTTTTAAAGTAAACTTATCCGTCGGTTTAACATATCCACCGTTGAAAACCTGACCATTCAAATAATACCTTAGTTTCGCGTACCTAGGCCTGTACTCGGAACTTGAAGGTGACAACGCATTTGTAATTATTGCCCAGCCGGAGGGCCCCAAATACCCACTTTGGAGTGGGGAATAAGTGGGAGGATTGTCGTTATTTCTCTTCAGCACAACGGGATAAGTTATCACATACGTTACATATATCCTGAAACCGTCAGCTGTTTTTTCAATATCTATGCTATCGTACAACCATAGATGATCAGTTATCTGTTTATAATTCTCCCCAGGTCGAGTGTAGCTGCTTGCAACTCCCAGTGTAAACTTCGGCTTTTGAAGTTTCTTGTTAGGATCGTCTTTATACCGTTGATTGACAAGCAAAGATGAACCACTACCAGCCCATTTTAGTTCTCCTTCCATGACGTCGAAAAGAAAATTCACATAGGTATTTGCATAAAGTGACTGGAGCGTAGCTTTCGAAACTTTGTACGACCTCAAAGTCATGTCCACTATCAAGGTGAGAATTCCGAAAAATATCGTTATCACAACCAGACTTATCAATACTTCAACAAATGTATAACCCTTTCTTTTCATAGTCACATGTACCTCCGCAAGTAAGAAGCATGATTTTTATTTTTCGATTATCTTTGGATAAGAATCTTCGATTTTTACAAAAACTGACTTCCCTTGAAGAGAGAATTCAAAGGTACAATTTGAGTACGATACGTCAAAATTAGAGCCTGACAAATGTTTTACAAATATTCCATCTATCGTGTATAAATCTGTAATTCTCGTTACTTCACTTTCGTTGAATTTAAAAATCATTCCTGAGTAATCAGAGTCGCGGAAATCAAATCGTGCGATGTACTCTTCCTTACCATTATTATCCTTCTTATCGGTTTGACCATCAAAATCGTTGTCTATAAACGCAAGAAACTCTCTATCTTCGTACTTGATACACACAATAGAATTACCGTTGAACCCTTCACGTCGTGCATCGGAAAGTAGGAAAAACAGTTTTTGGGAAACAGATGTCAGCTTAGCCTCTGCAGGAAGGTTCTTCGCAAGATTATAAACTATCGGGGTTGCTATTCCCAAAATTAAAGCTATGATAAGCATAGCAATTATCATCTCAGTTAAAGTATATCCACTGCGGAAAATGGAACGGCGCGAACGTTTAGAAAAAATTACCATTGTTTCGGCACCACCCTTGTCTCAATGTAACGTCCCTTTGAATCTGTCACCCTAACGATTACAACAACAGTGTTAGCTAGGCTGGACATATTCAAAGGAGTTGTATCCGCCGGTTCAGAAGTTTGGATGAACTTGCCACGGTAATTTACTGTTTTTCGCGTAATAGTTACCGTGAACTTTTTACCATGGTATTCGATTTGCTTTGACGAGTCAGAAATCTGTGATTGGTTCTGCGTAATTATCTTCTCACATTCGTTAAGAAGAATATCACCGAGCTCAACAAGAGCCTGGTTCTCGTACGACTTTTGGAGCAAGTTGAACGAACTTACCATAGCTATACCTATGGAGAAAGTTATAATGATCATCGCTACAAGAGCTTCAACAAGCAAAGAACCCTTTCTCAAACTATCACCCCTACAACTCTCAAGTGATCTCAAAACTCACTTTTTAACCATCTGAACCCCTTAATCTCTACTCTTGCCGGTGCAGTCCAAATTCTGTAAGTTATCCTTTTCAAATGGGGAGCAGTGTTCTCATTGGCTGGTTTTAAAACTATTATTATTTGTGGATCTGGTGATGGAGTCTCGAGAACTGCTCTGGCTTTCACGGTTTGAGCTGAGGTTATCTGAACTGGATCAAGCATTCTTGGAAAATTATTCGGATCGATAAGTTCGGGTCGGTTAATATATGTTTTAGAATACCTCAACTCAACAGTCCCTTGACCATCTTTGGTAAATTCTAGTTCAACTTCCATGGCTTGCACAAAGTGATTCTGTAGCACACTTCTTGGAATACCTTTTACTACTGTCCCATCCTGAAGTTTGTAATCCACAACATTCGTCAGCTTGTCACTAACAAGTATTCCGGGCTTGATTTCGTACTTTTTCACAGTCTTGGTTACAATTTTGTAGAAGTTTCCGGAATTGTTCCCATCCGCTGCAACAAAGTCCGGTATCCCATCGTTATCAAGGTCACCTATAGTCCCAGCATCAAAGTCAAATGGAGGTTTGTTTTCACTCGAATAGCTTCCCCTAACAAGTTCAAGACTCACAAAACGCGGTTTTCCAGTTGAATCTCTGTCTTTTCCTCTAAACAAGTATATCGAACCACCGAAATTTGCATTTTGTCGCCAAGCATCCGTTCCAACGAAGATGTCTGGATAACCATCTCTATCCACATCCGTAACTTTAATTATTGTTGGAGCAAAAGATGGAAGGCTTTTTGGATTTTTGGAGTTTGGGATTGAACCATCCACCATAGCGGCACTTCCTAAATCTCCGTCGGTTTTCACGATAGCAACTTTTTTTGAAGGATCGTACTTTATCTGATCGTTGACCTTTTCACCATAATATATGAATATACCTCTCTTGTCGGTATTACCTGCTACTATGTCCGGTATCCCATCCCCATTTAAATCCGCAATGTCCAAGACCGCAGCACCTTCAGAAGCAGTTGTACCAATTTCTGAATCAGAGAATAGTAAGTATATTTGTGAAGTAGTAAAAAATCTCCTGTTGCCTTTTGTTGGATCATTCTTCCAAAACCAAACCCTTCCACTCATGTCAGCGTATATGATATCCTTGAAACCATCCTTATCAAAGTCAAAGCTTGCCATTGCACTAACAGTCCAGTTAGTAGAGAACTTACTATCTATTGAAATACTTTCTACAGTAATAACAGGATTTTCAGTCGCGTCTTTGATGAAAGCTGCTTTATTACTAGACTTCTTGGAACTGTAGAAGAATAAGTCGATTTTACCGTCATTATCAAAGTCATCAACGACCAAACTACCCTCACCATTAGATATGGATGGAATGATGTAAGAAGTTTTATCATCGAAATTAATATTTCCCGTGTTTGGCATAGTGTTTCTTTTTACAAAAACTTTCGCGTCGTAAGTTATAGCAATCATATCAGCGTATCCATCTTTGTTAAAATCCACAGCATAAGTGTGTGCTACTCTGGCAAACGGTCCGGCACCTGGTTCAGCATTTATGGTGTCAATTTTGAATTTATTTACAGCCACCAGTGTATTCTGCACAACTCTTACAGATATTTCTTTAGCAAATACACAACCAAACGCACTCTCTGGCTTTGATTGATCATAATTAGAAA
NZ_CP014334.2_gap30	1442116	1442744	628	TAGTTTGTCCATAGTTGTCTCAGCTTTCTCATTTTTCCACTCTCCACTAAATCTGCCTTTTAACCCTTTATTCCGCTTTTCCAAAAAGCGTCCACCAGGTATATGAACCGTTGTCATCCGACAAGTAAGTTTCCGTGGAATTTTTGGTTATTTTTCCATTCACGGGGATTTCCACCCCGTTCAGTGTCAACGTTCCAGAAAGTAAGATATCCGTATCAGCTTTCTGAGGCAATCTCAGCTTAATCAGATACCGTCCGCTGAGTTCTGAGAAGTCAACAAAATTTTCTTCTAAATTCATTGCTATCTCATATCCTGTTTCCGTGGGCAACTTTGTCACATCAACGAAAACAATTTGCGAATTAACAACCGCCGGTGGTGGATTCACAAGACGCAACGATGCAGATGAGGAAAACCTTACCGCATTGTTACGGTTATCAACCAAAGCCGCTTGGAAAATCACCGTTCGTTCCTCTGCTTTTCTGAAAGCTACCCTCGTTAATCCGTTTGAGTTCACTTTCGTGTCTGGACCACTGACAATTACATCGTACCTACCGGAGTCTATACCGATAAACTTCGCAATACCTTCAGTGTTGGTCTTTGCAAAGTACCGAACATTGCGACCAGTACT
NZ_CP014334.2_gap31	1453501	1457621	4120	ACGAGAAAGAAGAATACTGGGAGAACTTCAAGAAAAACTCGGATATCATTTCAAAGATCAAATGCTCTTGTTCAATGCCCTCTGCCATTCCAGTTACGCCTACGAAGTGAACCAACTCGGGAGGAATATAAAGAACAACGAAAGGTTGGAATTTCTAGGAGATGCTGTAGTAGAATTGGTCGTCTGTGATATACTATATAACAAATACCCAGAAGCAACAGAGGGAGAAATGGCAAAGACTAAGGGAGCCGTTGCCAGCGAAGAAGTTCTTACCGAGATAGCCAGCCAGTATGAACTCGGTAAGTACATCTTCCTTGGCAAAGGCGAAGAGAAAACTGGCGGTCGAACAAGGAGTAGTATAGTAGCTGACACTTTTGAAGCGGTCTGTGCAGCTATCTATCTTGATGCTGGATTGGCAAAAGTAAAGGAGATTTTCGGTGGAAAGTTTGAAAAAGCCATTGAAGTCTTTCTGACAGGGCAAAGGATTTTTGATTATAAGACCGCTCTGCAAGAGATTACACAGGAAAAGTACAGAGAGTTACCTGAGTACAGAACTGTTAAACAGGATGAAAATGGAAGATTCGTAGTCGATCTGTATCTGCAAGGTCAAAGGGTTTCAACGGGCACAGGTGCATCAAAGAAGGATGCGGAAAAGGATGCAGCAAAAAAGGCCTATGAAATACTGACTTCTAATCAAGAAGACAAGAAGAATGGTGATTAAGTATTGAAAAAGGCTGGTAAAATCTCTTGGGGGGATTCCTATCGACATTGGAGCTTTACTGAAAACTTTTGAAGATTACCTAAGACATGTGAGACGAAGTTCAGAAAATACAGTAAAGGCTTATATGAAGGATATTAAAAGGTTCTTCGAATACCTTGGAAAGTCCCCAAAGGAAGTTGAACGTACAGATGTTGAAAAATTCGTAAAAGCACTCTCAAAGGGTGATATAACTGGGGAAACGGTAACTGAGTCGACGGTCTCGCGGTATATCTCTTCGCTTAGAACGTTTTTCGATTACCTCGAACTGATAGGCGTCGTTGAAGAAAATCCAATGGAACGGGTTAGACATCCAAGGCTGAGGAAGAAGATACCGAGCTTTTTGACACTCGAGGAAGTTAAAGCTTTACTTTCTGTTTACGATGAAGAACGAAAGCTTAAGTATAAAGCCATAGTTTCACTTTTGTATTTCTGTGGGCTTCGAGTCAGTGAGCTTTGCAATTTGCGTGTCGAGGATGTTTCGTTCTACCCACCGTACGTCAAAGTTATAATGGGTAAGGGGAACAAAGACAGGTTGGTTCCTATAAGCGAAAATGTCGTCCCATTGTTGGAAAGATATGTAGAAAAGTACAAGCCGAAGATCTATTTCTTCGAAAATAAAGGTCAACCGTTACACCCTTCGACGGTCTTTAGAATTGTCAAGAGAGCAGCGTTGCGTGCTGGAATAACAAAGCGTATCCATCCGCACACGTTGAGACATACCTTTGCAACACACTTAGTTATGAACAACGTAAACGTCAAGATTGTCCAGGAATTGCTGGGACACGCAAATTTGAGTACTACAAGCATATATCTGCACGTTGCTGACAAAGAAAAGTTCGATGCGGTGAAAAAATTAGTTATTTAAGAAAGAAGAAAGAGGGTATCTGTTTGGAAACACAAGAAAACAGGAAAAGTCAAGTTCAGACGCAGAACGTTGAGAACATGAGAGCCAACACAACAAGGGTTAATGTTACAGGAGCTATTCGTGAATACGACAGGGAAAATTTCATATCTGAGATAGAATCACTCCTTGGAAGGCAACTTGGAGACGAGGAGAAAGATGTGGTTTTGCACGCTTTCGACATGGCGGAAGTTGCTTATCGCGGACTGTACAGAAAGTCTGGAGAACCTTTTATAACCCATCCTATAGAAGTCGCAAAGATAATCGCTTCTTTGAAACTCGATATAGATAGCATAGTGGCTGCGTTGTTGCACGATGCAATTGAAGATAGCGAAGGCCGAGTGACTTACGAGATGATAGAAAAGGCATTCGGGGCAGACATCGCCAAGATAGTAGACGGTGTCACAAAGGTCAGCAGGATAAACGCACCTGTTGGGAATGTTGAGCAGAAGAAAAAGCTTGAGACCATTCAAAAGATGCTATTTGCCATGGCAGAGGACATAAGGGTGATATTTGTTAAACTCGCTGATAGGCTCCACAATATGCGCACAATCGATTTTGTGGAAGATGAGGAAAAGAAAAGATATAAGGCAATGGAAACGCTGGAAGTCTACGCTCCCATAGCACACAAACTTGGTATAAATGTCATTAAGTCCGAGTTGGAGGATTTGAGCTTTAAAGTGCTGCACTACGATGAATACCAGAAGATAAAGCAACTCGTCTCTCAAAAGAAGGTCGAACGAGAAGAAAGGTTAAAGAAATACATCCAACAACTCCAGACATCGTTCCAAGAGCACAACATAGATGCAATAGTTGAAGGAAGGTATAAACATTACTACAGCATATGGAAAAAGATGATTCAAAAAGGTAAAGATTTCAACGAACTGTACGACCTCATGGGTTTGCGAGCGATTGTCCCCGATGTCACAACGTGCTACACCGCCGTTGGCGTGGTCCATAACCTTTGGGTGCCATTACCAGGAAGGTTCAAGGACTACATCGCTGCGCCGAAATCAAATGGCTATAGATCAATTCATACGACGGTTATCACCCAATTTGGCGAACCTTTGGAAATCCAAATCCGTGACAAGCAGATGCACGAAGAGGCTGAATACGGTCTTATCGCACACTGGGCTTACAAAAGCGGAGAAGCGATTGTAGATATAAAACAAAAGTGGATCTTAAGGCTTGCGGAATGGCGTAAGGAACTCGCCCAAGGCTATGCGAGTATAGAAGATTTGAAAAAGGAATTACAGATGTCAGAAGTGTTCGTTTTAACTCCCAAAGGGGAAATCATCCACTTGCCTTACGGTGCTACTCCTATAGACTTCGCCTACGCCATACACACAGAAGTAGGCCACCACTATGCGGGCGCCAAGGTGAATGGGAAAATCGTGCCCATTGACTATCAGTTAAACAACGGAGATGTGGTAGAAATTATAGTCAACAAATCTTCGCCGGGCCCGAGCCTCGATTGGCTCCGGTATGCGAAAAGCCCTAGAACAAAGGCAAAGATCAAAAGGTTCTTCAAAGAAAAGGAAAGAGAGCAACTCATTGAGAGAGGAAAAGACGTTCTTCGCAGAGTCGCGAAGAAGATGAACATCTCTATCGAGGACCTGCTGAATAAGCCGGAGATTAAGAAATACATAAGTGCTCACCAAATCGATGAAGAAGAGTTCATAATTCGACTCGGAGACAAAACGATAACACAGGAAGAACTGCTCTTGATAGTCGGTTTCAAAGAACCTCCGAAAAAGAAGGTAGCAAAGGCAAAGAAAAAGAGTACAGGCTCTCTTGTCATAGTGGATGGCCTTGCAACACTTGAAACTCTGTTTGCAAAATGTTGCAACCCGATTCCGGGGGATAAGATCGTCGGAGTTTCCAGTAAGAGGGGAATTGTGATCCATAGATCGAATTGTCCGAACGTTGCTTCCCTTGGACCGGATAGGAAGTTCCCAGCCATTTGGCGCTCGGATATAACCGCTCAGTTCGGCGTTTTGGTGAAGCTGGAACTCGATAAGAAGGAACGTGTTCCAGAGTTACTTTCGAAAACAATGGAAAAGAAAATTGAAGTCAGAAATTTCAAATTCGAATCCGTAGAAGACGATTTTGTGATTATATCGCTCAGTGTTACAGTTAAATCTCTTGAGGAACTGGAGGATATAATGGAATACTTCAAATCATCCCCGGGAGTTAGAAAGGTGGTTCGCGGATAAGATGCGTGCGGTTGTTCAAAGAGTATCAAAGGCAAGTGTTACTGTGGAAAACGAAATCGTCGGGAAGATTTCGACCGGTGTTACCGTTTTGCTCGGAGTTGGGAAAGACGACACTGAGGAGGATGCGAAGTACTTAGCTGAAAAAATCGTCAATCTAAGGATCTTCGATGATGAAAATGGGAAGATGAACCTCTCTCTGCTCGATGTGAAAGGGGAAGCTTTGATTATATCACAGTTCACACT
NZ_CP014334.2_gap32	1463045	1467040	3995	AGGTGGGGCAAGCATCAAAATAGGTGTCGTTGAGCTAAAAGGTATGGCTCTTGCTGCAATCGTCGGTATTATAGCTAACCTTGTAATTCCAGAGAAATTAGAAAAATGATAGAAAAAGAAAGCCGCATAAAGCCGTGGGGGATTTAAGAAATGTTTGGATCGACTGAGAAAGTTGCACACTCCTTACCTATCAAGACCGTTGGTATTATAGGTGGAGGACAGCTTGGAAAGATGTTAACACTGAAGGCAAAAGAGATGGGTTTAAGAATCATTGCGCTCGATAAAGATCCAAGCTGTCCGGTTTCCTCGATATGCGATGAGTTAATAGTTGGCTCACTCTACGACAAGGAGAAGTTGTTGGAACTTGCAAAGAAGTCAGATGTGGTTACATACGAAATTGAGCACACCGATACCGAGACTTTAAAATGCATCGAGCAAGAAGGAATAAACATTCTCCCATCACCTGCCCTCCTTGAACTAATAAACGATAAGCTCAAGCAAAAAGTCCATCTGATAAGTCACGGCATCCCCACATCAAAACTGATATGTGAGGTCAGTAAAGAAGAAACTGTTGCTTATAAATCAAAAAGAAAGCAACTTCCACAATTTCCTTTAGTTCAAAAGGCAAGAAAGGGCGGTTACGACGGGAGAGGGGTTGCGGTAATCAGAAACGAAAATGACTTACATAAGGTCTTAGAAACCGATTCCTTCTTTGAAGAATTCATCGAAATAGAGAAGGAAATCGCCGTCTTAGTCGCTCGAGACCTTGAAGGTAACGTGGAGTCATATCCGGTGGTTGAGATGGTATTTGATAGTAGGTCGAACATCCTAGACATGCTCATTTCACCTGCTCGGATACCGGAAGAAATTTCAGAAAAGGCAAAGAGGATCGCATTTGATGTTATTAATTCTTTTGTCCTTTCCAATTTAAAAGCTGTGGGGGTTTTTGCCATCGAGATGTTCCTTACCAAGAGCGGAGATATACTTGTAAACGAAATCGCACCGAGAGTTCATAATTCCGGTCATCACACAATCGAATCGTGTTACACAAGCCAGTTTGAACAGCATCTCAGAGCCATCGCAGGCTTACCGTTGGGTTCCACAAAACAGCACTCACCTGCCGTTATGATAAACTTGCTCGGTGAACCTGGCTACTACGGTAAACCAGCCATCGTTGGGCTCGAGGAAATCTTAAGAACCGACGGAGCCTATCTGCATTGGTATGGGAAATCTACAACAGGCCCGTTTAGAAAAATGGGACATGTAACTATAATCGACGAAAGTTTAGATTCTGCAATTGGAAAAGCAAAAAGATTAAAAGATAGTGTTAAGATTATCTCAGAAGGTTCTGAATAAACGCATATTTCGAGGTGATGTATCTTGAATAACGTTGACAACGTTCAAAAGCCGCTTGTTGGTATAATAATGGGTAGTGACTCTGATCTTGCTATCATGAAAGAGGCTGCGCAAGTGCTTGAAGAGTTCGGTGTTCCATATGAAATCACTATTGTATCAGCCCACAGAACTCCTGAAAGGATGTTCGAATACGCAAAAACGGCAGAAGAAAGAGGCATAGAAGTGATAATAGCGGGCGCAGGCGGTGCTGCGCACTTGCCCGGAATGACCGCATCGATAACAACTTTACCCGTGATAGGTGTTCCTGTGAAAGGTTCCAATCTGGAAGGGCTCGACTCACTGCTTTCGATCGTCCAAATGCCAAAAGGTGTACCAGTTGCCACCGTTGCTATCAACAACGCAAGAAATGCTGGTCTACTCGCAATTTCTATACTCGGTGTAAAATACCCAGACCTTAGGGAAAAGCTAAAAGCCTACAAGGAACGCATGAGGCAGGAAGTAGTTGAGAAGGCTTGTGAATTAGAAAGGTTGGGATATTTGGAATACCTAAAATCTAACTCTCAGAGGTGAACAAGGATGTCCGGAACGTTTTTGTACGAAGGAAAAACGAAAATTGTTGAACTTTCGGAAGATGGCCAGAGCGTTATTTTAACGTTTAAGGACGATATTACCGCTGGGGATGGCGCAAAACATGATGTTCTGACTTCAAAAGGGCAGTTCTGTTCAGAAACCACCGCACGGTTGATGCATTATCTAAACACCAAGGGCGTCTACACGATGTTCATCAACTACATCCCACCTAACAAAATCCGCGCGCGTAAGTTAAAGATGATACCTCTTGAGGTTATTGTAAGATTCAAGAAAGCTGGTTCCTTTGTGCGAAGGTACGGGGGAACGGAAGGGGAAGATCTACCTGAAGCTCTTGTGGAATTCACTTACAAGAGCGATGCCATGCACGACCCATTGATGTGCGTTGAACATCTCGAAGTGCTCGGTATTTTGGACAGAGAAAATGCCGTCAAGATTATCAATCAAGCCAAGCAGGCAGCTAATTTTTTGAAGGAATTCTTCTCCTTGCATGGATTTGAACTCTGGGACATAAAGTTCGAGTACGGTTTCGACGAGGCTGGGAATATCTGTCTTGGTGATGAGATATCACCGGACACGATGCGCCTTAGAAAAGCTGGAGAGATTTTTGACAAAGACATCTACAGAAGAGACCTTGGAAATCCCATGGAAAAATACGAGGTGGTGTTGAACTTATGCAGAAGTATACTTTTGTAGTCGATATCCAGTACAAAAGCAATGTGCGTGACCCAAGGGGAGAAACTATAAAAAGGGTGCTCAACGAGGAGTATTCCATACCAGTAAGTTCCTTGAGATTAGGAAAATCTATACATCTCGAGGTGGAAGCAGAAAATGAAGAAGAGGCAAGGCTTTTGGTAGAAAAGGCTTGCAAAGAACTTCTGGTTAACCCCGTTACGGAAACATATGAGGTGAGACTGATATGAACATCCCGAAAGCCCAGGTAGTTGTCTATCCTGGGAGCAACTGTGATAGAGACGCCCTTTGGGCCTGTAAATACGTCGGCTTTGATGCAGAATTCATAGATATCCACTCAGAAATCGACGCTGATTTGCTGGTTCTACCTGGTGGATTCTCGTACGGAGATTATCTGCGAGTCGGGGCAGTTGCGGCGCGTGAACCAATAGCTCAAAAGATAAAAGATTTTGTTAGCCGTGGGGGGCTTGTTATTGGCATCTGTAACGGCTTTCAGATACTCGTAGAAATGGGACTTTTAGACGGAGCGCTTCTTCAAAATTCCAACGGCCGATTCATATGTAAAATCGTCGATTTAGAAGTTGTGGATAATTCAACGCCATTTACCAGCTACTTCTTAAAAGGTGAACGAATCAAACTACCCATAGCTCACGGTTTTGGAAGGTACGTCAAGGTAGACGATGTTAACGTAGTTATGAAATATGTGGAAGATGTCAACGGAAGCGACGAGCTGATAGCAGGGATAACTAATGTTAACAAGAACGTCTTTGGTTTAATGCCGCACCCGGAACGTGCGATGGAAAAGGTACTCGGCTCAGACGATGGATTGAGGGTCTTTTTGTCGGCATTTAATTACATCAAAACTAACGGTGGTGTTAGGGGATGAAGTACTTAGACGTCCTTGAATCGAAATTGGGGAGAAAAGCAACAAGGGAAGAGATAGAAGCGTTTACCGTGATGTGGAGCGAACATTGTGGGTATTCCCATACAAAAGGCTATATAAGACAGCTGCCAAAAGTTGGAGCTGGAGGTAATGCCGGGATAATAACGCTCGATGACTATCATTTCTTAGCTTTCAAAGTCGAGAGTCACAATCATCCAAGCGCAATTGAGCCTTTCAACGGCGCAGCAACTGGGGTGGGGGGAATTATTCGCGACGTGCTCGCCATGGGCGCACGACCAACGGCGATTTTGGATTCTCTTCATATGGATAGAATAATAGACGGAATCATCGAAGGTATATCCGACTACGGAAATTCCATTGGTGTTCCAACCGTCGGTGGAGAACTGCGCATATCGAATTACTACAAACACAATCCTCTCGTTAACGTTATGGCCGTTGGAGTGGGTAAAAACGA
NZ_CP014334.2_gap33	1480011	1484396	4385	CTTGTTCGACCTTTCGCCATTTAGCTTTCCCTCCTTCGGTTCTCTCAGTCCTCAGAAATATCTTGAATAACCTAACCGGTCAAGTCTTTACTTATTTACCCTTTTTCTTAATCCTACTTGGTCTCGGACCTTTGCGTGTCCTTGCATTTGACCTGGTCCTCTGACCTCTCACTGGAAGCCCCAGTTTGTGCCTTAAGCCGCGGTAACACCCGATATCTATGAGCCTTTTGATATTTCTCATGACTTCTGTTCTTAATTCACCTTCGACCTTGTAGTTCTGCTGAATAAACGACGAAATCTTGCTGATTTCATCTTCTGTGAGGTCTTTAACTCTTTTTTCTGGATCTACACCTGTGTGTTTACAGATTTCGAGTGCTCTGGTTGGTCCAATTCCGTATATGTATCTAAGAGCAATATGTACTTTCTTGTTGCTCGGTATTTCAACACCAACGATACGAGCCATTAATCTCCCTCCTCAAAAGATTTTCCACTATCTTAACCCTGTCTCTGGTTGTGTTTTGGGTTTACTTTGCAAATAACGTAAACTCTACCTTTTCTTCTTATAACCTTACAGTACTCGCATCTTTTCCCAACGGATGCTTTTACTTTCATAGCTCCCTCTCCTTTCGGAAAAAATTTGTTCTATTATCATTTATTCTTCGTCGTCAAGTATCTCTTCTTCACCTTTAGCGTCGAGCTTTTTTCGATAAACTATTCGGCCACGTGTAAGGTCGTAAACCGTTAGTTCGACAACCACACGGTCTCCTGGTACAAGCCTGATAAAATTTTTGCGCATCTTTCCAGACACGTGTGCCAATACCTTGAAACCGTTGTCTAGCTGTACTCTGAACATAGCGTTGGGTAGTGCTTCAACTATTGTTCCTTCCATTCGTATGACGTCTTCCTTGTTTTTCAGAAAAATCACCTCTCAGCCTTCCGAGACTTTCCGCCTGGTTAAAAAACTACAAAGTTGTTAATACCTCACAACCACTCTCGGTTACAACAATAGAATGTTCAAAATGTGCTGATCTCTTACCGTCAACGGTAACAACCGTCCAACCATCTTCCAAAACCACTACGTGCCAGCCGCCTTCAGTAACCATAGGTTCTATCGCAAGTGTCATTCCCGCCTTCAAGATTACACCCGTGCCGGGCTTTCCATAATTTGGAACCTGCGGATCTTCGTGAAGTTGCTTGCCGATTCCGTGTCCTACAAAATCTCTGACCACGTTAAATCCGTTGCTTTCTACATAGCTTTGAATAGTGTAAGATACATCTCCCAATCTGATACCAGGTTTCACAACCTCTATTGCCCTCATTAGCGATTCTTTAGTGACCTCGACAAGCTTTTGACCTATCTCGTCAGTCGTTCCAACTATAAACGTTGCTGCCCCGTCTCCATAGTATCCTTCGTAAATTGCCCCGACATCTACTGAGACAATGTCACCTTTTTTGAACACCTTGCTTTTCAAGGGAAACCCGTGAATAACCTCTTCGTTTACGGAAACCGTCGTGATATAAGGATATCCACCGTAACCCTTGAAAGCTGGTTTGCAACGATGTTCCTTAATGACCTTTTCTGCCATGATTTCTATATCGTACGCAGTTGCTCCCTCAACAGCTAATCTCTTTGCTTGCTCAAGCACCGCTGCAACCGCACGACCTGCTATTCTCATTTTTTCTATCTCGTGCTTGGTCTTTACACGTATCATTTCTTTTCAATACCACCCAATATATTAAACAACATTTTCATTACTTCTTCTACACTCTTTCTTCCGTCCAAAGTAAAAAGTTTGTTTTGATTTCTATAATATTCGATTAACGGCGATGTTTTTTCGATGTAGACTCTGTATCTGCCTCTAACAACATCTTCTTTGTCGTCTTCTCTTTGGATGAGTTGCCCACCGCAGTCGTCACAAATACCTTCGGTTTTCGGTGGTAAAGTGATCAAATTGTAAACCTTTCCACACTTTGAGCAGACTCTTCTTGTTGAAATCCTCTGAACAACTGTCTCTTCATCCACTTCGAAATATATAGCTGCGTCAAGTATTTTACCCATAGCCGATAACATTTCGTCCAATGCTTGAGCTTGGTTAAGAGTTCTTGGGTAACCGTCCAAAATGAACCCGTTTGCACAATCTGGTTGTTTCAATCTTTCTTCAACTAAAGCGTTCGTCAGCTCGTCTGGAACGAGGTTCCCTGAATTGACAATGTCTTGGACCTTTTTCCCAAGCTCAGTACCCTTTGCTATGGCCTCTCTAAAAATATCACCTGTTGAGATGTGAGGAATATTGTATTTTTCCACAACTCTTTTCGCGTAAGTTCCCTTTCCCGCACCCGGAGGTCCTAAGAAGACCAAGTTCATAATTCCACCTTCTTTTATTTCCTACCAGCTATTTTACCCTTCTTAACAAATCCTTCGTAGTTTCTCATGATAAGGTGTGCTTCGAGCTGCTGTGCGATATCGAGTGCTACACCAACAGCGATAAGCGCACTTGTCCCACCAAGCCAGATGTTTACCCTGGTTATACCCTCAACGAGGTACGGAAGCAGGGAAATACCTACCAAGAAGATAGCACCTATGAACGTCACCCTGTTGAGTACGTAAGTGATGTATTCTTCCGTCGGCTTACCTGCCCTGATACCAGGGATAAATCCACCGTAACGTTTGATATTCTCCGAGATGTCCTTTGGATCAATAACTACAACGCTGTAGAAGTATGTAAAGAAGAATATGAGTAGTGCGTAGATTATTATCATAAGTGGGCTCTGCATACTGAAGAGCTTGACTGCCCATTGAGCACCTGTTATTTGAGCGATTGCTTCAGGAATACTGACAATTGCCCATGCGAAGATTATTGGAATAACTCCCGAGTGGTTGACCTTTATCGGCAGGTATGTGCTCGTTCCACCATATATCCTTCTTCCAACCATCCTTGTCGCATACTCGATCTTGATTCTTCTTTCAGCTTGTTGAACGTAGATGATAGCAACAACCATGAATATCGCAACAGCGATGAGGAAAATCCAACCGAAGATGTTGAGATTGCCAAGAACAGCAGTCCTGAAGTAAGCCGGGTACCTTGAAACGATACCTGCGAAAATGAGTATACTTACACCATTTCCGATACCTTTTTCCGTGATCCTGTCACCTATCCAAAGAAGGAACATCGTTCCAGCAACAAGAGATACCGTTGAAACAAATGAGAATAACCATCTGTTAACAGCTATTATACCTTGATAACTGTTTGCCAAACCAAATGAAACCACAAACGATTGGAGCGCTGCGAGTCCAAGCGTGAGGTTTTTTGTGTAGTGCTGGAATTTCTTCCTTCCCTCTTCTCCCTCTTTTAAAAGTTCTTTGAGTGAAGGAATGATGGAAGCAAGTAACTGCATGATAATCGATGCGTTGATATACGGTGTAACGCTCATTGAGAATACTGAGAATCGGCTGAATGCACCACCGGTGAAAACGTCATAGAAACTAAGAACGCCACCGGCAAGGCCGGTGCCCTGCTTGGAAAGCGCTTCCCCCCAAGCTTTGATGTTTATACCAGGAACTGGAACGTAAATTCCCAACCTGAAAACAAGTAACATTAAGAATGTAAAGATAACCCTATCCCGAACCTCTGGAATCTTCATCGCATTGCGCAGCGCTTTCCACATTATTAGATCACCTCTATTTTACCGCCGACTTTTTCTATCTTCTCTTTCGCCTTTTCACTGAATTTGTGTGCCTTAACCACAAGTGGCTTGGTTATTTCCCCTCTTGCAAGTATCTTGACACCATCGTACAATTTGTCAATTATGCCTCTTTCCAAAAGAACTTCTGGAGTTACTACATCGTTGCTTTCGAATTTTTCTTCAAGTGTGTCAAGATTAACAACTGCATAGACCTTCTTAGCGAAGTTCTTAAATCCAAACTTTGGAAGTCTTCTGTGTAATGGTGTCTGACCACCTTCCAACCATGGACTAACTTTACCTTTTCCTCTTGCCTTCTGACCTTTGTGTCCTTTACCTGCCGTTTTACCCTTTCCTGAACCCTGACCTCTCCCAAGACGTTTGAATTTCTTATTTGAACCTGGTGTTGGTCTGAGCTGGTCTATAGTTAGAATTTCAGGCATTTCTGATTCCCTCCTTATTTTTATTCTTCAATCTCTTCAACCTTAAGAAGGTGCTTTACCTTTTCAACCATACCTCTTATCTGCGGAGTATCATCTTTAATTACCGTCTGGTGCATTTTTCTCAAACCAAGTCTTCTGACCGTATCTTTTTGGTCGTATTTGTATCCAATTGGACTTCTCACAAGCGTAATTTTCAGCTTTTTCATATCTTAGCCCTCCTTTTTTACTCCGCGAACTACTTGAGCAGGGGTTATATCTCTT
NZ_CP014334.2_gap34	1488744	1493432	4688	ATGCTCTCGAGTCAATCGCGGGCAAATGCTTCTGACTGTTATATATTTGCATCGCCTTTGTATATCCAAACTTTTACACCGATGGTTCCGTATTTTGTTTCTGCTCTTGCTGTTGAGTAGTCTATAACGGCTCTTAAAGTTTGAAGTGGGAGTCTTCCTTTCAGGTACCATTCCGTTCTTGCGATTTCAGCTCCAGCAAGCCTACCGGCTACCATTATCTTGATTCCTTTTGCTCCCCTTCTCATTGCCGCAGCAATTGCTCTTTTCATAACAATCTTATAGGAAGCCCTCTTTTCAATTTTCTGTGCTATGGACTCTGCCACAAGGCTTGCCTCGGTCTCAGGCGTTTTCACTTCAACTATATCAACACCGAACTTCCTGTTGAATTTGCCCTCAAGAGCTTGTCTTAGTTCCGTTATACCGGCACCTTTCCTTCCTATGAGTATTCCAGGTCTTGCCGCGTGGATTGTAACCAATACTCTTTCGGCGTCTGGTCTTTGGATGAACACTCTTGCTATACCTGCCTGGTTGTAGGTCTTCTTTATGAAGTCTCTTATAGCCTCGTCTTCAAGTAGGTATTCGCTGTATTTCTTTTCATTGAACCACTGTGCATCCCAGTCTGTTGTTAATCCAAGCCTAAAACCCTTCGGATGAACTTTTTGACCCACCTATATCACCTCACAAGCATGTTTTTGTATTATTTTGCATTTTCTTTTTCCCTGTCTCTAACAACAACAGTTATATGGGACATCCTTTTTTGAATGATGTCCGCTCTTCCTCTTCCGCGTGGCCATACTCTCTTCATTCTTGGTCCATCGTTCACATAGCACTCAGCAATGTAAAGATTGTCCTCGGAAAGTCCGAAGTTATTTGTTGCATTCGCTACTGCAGATTTTAGCACATTATATACGAGTCGTGCAGCCTTTTTAGGCGAAAATTCAAGAATTGTATACGCTTCTGAAACATTCTTACCCCTTATGGAGTTGATGACAGCTCTTGCCTTCCTTGGAGATATGCGGACAAACCTCGCAACAGCACGTGCTTCATACTTTGGTAACGTAGCAAGAACTTCTTTGCGTTTCGCATGGAACCTGGACCTTTTGAGTCCCTCTCTTTTGACGATGGGTTGCATTATATACTCCCTCCTTATTTCTTGACCTCACCTTTTTTAGCAGATTTGTTTGTGTGTCCTCCGAATCTCCTGGTGAATGAAAACTCGCCAAGCTTATGTCCTACCATATTCTCCGTTATGTAGACTGGTATATGTTTCATTCCGTTGTATACAGCTATCGTGTGACCAACCATTTCCGGAACGATTGTGCTTGCCCTGCTCCATGTTTTGATTATCTTCTTCTCACCAGTTTCGTTAAGCATCCTTATTTTCTTTAACAGTTTCGGATCAACGTAAGGTCCCTTTTTACTGGAACGGCTCATTTATTACACCTCCTGATTGGCTACTCAACACTGCTTATTAAGCATTCCTTCTTCTCACAATGAATTTGTCGCTTGGCCTCTTACCTCTTCTGGTCTTGTAACCCTTTGCCGGAACGCCCCATGGACTCTGTGGATGGTGACCTTTACCTCTACCTTCTCCACCACCATGTGGGTGGTCAACTGGGTTCATGACAACACCACGTACGTGTGGCCTTCTACCCTTCCATCTTTCCCTACCAGCTTTACCGGACACTTCGTTTTTGTGGTCTTCGTTACCTACAACACCAACGGTTGCATAGCATCTAACGTGAACTTTTCTGAGTTCACCAGATGGCATCCTAAGAAGTGCGTAGTCCCCTTCTTTTGCCATGAGCTGGCAGGAAACACCGGCACTTCTTGCAATCTTGGCACCACCGCGTGGATAGAATTCAATGCTGTGCACAATTGTACCAACTGGTATGTTTTCAAGTGGAAGCGCATTACCGGGCTTAATTTCCGCGTTTGGTCCAGCCATTACTGTGTCTCCAACGTTCAAACCGTTTGGAGCAAGGATATACCTTTTTTCACCATCAGCATAAACAAGTAACGCAATTCTTGCAGTCCTGTTAGGATCGTACTCTATAGCTGCAACCTTCGCGGGGATATTTTCTTTTTCCCATCTTCTAAAGTCAACTATTCTGTAGAGCCTCTTGTGGCCACCACCTCTGAACCTAACGGTTATTCTACCGTGGTGGTTCCTTCCTCCTGTCTTCTTAAGAGGAACAATTAACGACTTTTCGGGTTCTGTTTTTGTGATCTCCGAAAAGTCTGGTATGACCATGAATCTTCTACCTGGAGTTGTTGGCTTGAATCTTTTAAGACCCATTGTTATTCACCCCTTACGCTTGGAGTTCTTTAATCGTGTAGCCTTCTGCTAATTTGACTATGGCCTTTTTCCATTCTTTTGTATGTCCTTCTCTCGCCATATAGCCTCTTCTGAGGTCTCTTTTTGGCTTCGGCTTCACGATAAGTGTGTTCACACGCTCTACCTTAACGTTGAAAAGTTTTTCAACAGCTTCTTTTATCTGTTTCTTGTTTGCATTCTTGTCCACTTCGAAAACGTATTCTCTTTCAGCACGTAGATTCATCGATTTTTCACTGATAATCGGCCTGATGATGATATCTGAGTATTCTTTCCTCATTTTCCGAGCACCTCCTCAATTTTGCGAACGGTGCCCTCCGTAAGGACAACCTTTGACGCGTTGATGATATCGTAAACGTTCAATCCGTCAATGTTATTTCCGTCGTTGTTGTTCGGGTTGTCAGCAATGATAACCTTTACACCGGGGATGTTTCTTCCGGAAAGCTTAACGTTTACGTAGGAATCTTCTTTCTTTGGAAGAACGAAAAGAACCTTTTCGTCAGCGATTCCGAGAGCCTTCAAAACTTCTCTCATCTGTTTTGTTTGAGGCTTATCAAATCGTATATCGCTCACAACTATAAGGTTGCCTTCCTGGAATCTCACAGAGAGCGCTGATTTCAGTGCTAACCTCTTCATTTTCTTATTCAATCTCTTCAAGAACTTTCTTGGTTTTGGACCGTGCGCAACACCACCGTGTCTCCAGTGAATAGCCCTTATCGAGCCTTGCCTTGCTCTACCGGTGTGTTTCTGTGGCCACGGTTTTCTTCCACCACCAGAAACTTCTCCTCTTGTCTTTGTCGATGCCGTTCCTGACCTTGCGTTTGTGAGCTGCATATCGATGTAACGCCACATAACATCGAGGTTCGGTTCAATGTTAAAAACTTCGTCGCTAACCTCAATCGTTCCGATCTTCTCACCTTTGATATTCAAAAGTGCCACATGTGCCATGTTCTTCTTCCTCCCTTACTCCGTTTTCGGAGCACGTCCTTTGTACTGCATCAGAAAGCGCCAAGCTTTTTTTCAAGAAATCCTTCGAAGAAAAAAATTACTTGTCTACTTTCACAGCGCTTCTGATGAGAACAAGGCTGCCCCTCGCTCCTGGCACTCCACCCTTAACTGCTATAAGGTTATTTTCTGGATCGACTTTCACAACTTCCGAATTGAGTACTGTTACCCTTTCGTTTCCGTATCTTCCAGGCATCTTCTTGCCTTTGAAAATTCTTGCTGGTTCGGTGTGCTGACCAACAGAACCAAGTTCTCGGTGGAATTTCGCACCGTGCGATTTCGGACCACCTTGGAAGTTCCATCTTTTCATTGCGCCAGTGTAACCTCTACCTTTTGTCCATCCCGTAATGTCAATTTTATCGCCTTCTTGGAAAATTGCAACTGTGATTTCTTGTCCAACGGAGTATTCGTCTACACTGTCAACCCTAAATTCTTTTAAAACTCTCATAGGTTTTACGTTAGCCTTTTTGAACACTCCAAGAAGTGGCTTTGTAAGTCTCTTCTCATTTACTTCCTCGAATCCCAATTGGACTGCATTGTATCCGTCTTTATCAGCTGTCTTTTTTTGGACAACAACGCATGGACCAGCTTTAAGAACCGTAACAGGAACAACCTTATCATCTTTCCACAAGCGGGTCATTCCAACTTTTCTAGCAATTATAAATTTCATCACAAAACACCTCCGAGGACTCACAGATTGATTTCAACGTCGACACCTGCTGGAAGGTTTATCTTCATCAGAGCGTCAATCGTTTTTGAGTTTGGATCAATGATATCTATAAGTCTCTTGTGTATTTTCTTTTCGAATTGCTCACGTGAGTCTTTGTGCTTTAACGGTGACCTAAGAACAACGTAGAGTGTTCTTTCCGTTGGTAGTGGAATTGGACCTGAAACCTTTGCATTCGTCTGCTTAGCTACTTCCACTATCTTCTTTGCTGATTCATCCAATAATCTATGGTCATATGCCCTTAGTCTGATTCTAATTTTCTGTCCTGGCATGTCTTACCCTCCTTCTTAGAAAAGGGGGGGAACCCCCCCGATTACCGTTTTGTCAAAGAGCAAAAAAAGTATTCACCTGATCGCGTCTTAAAGTTCATAAATTACTCAATTATTTCGGAAACGACACCTGCGCCAACCGTTCTTCCACCTTCACGAACTGCGAACCTCATACCTTTTTCGATAGCAACTGGGTAGATGAGTTCGACTGTCATTTCGACGTTATCACCGGGCATGACCATTTCGACTCCAGCTGGAAGGTCAACGATTTCACCTGTAACGTCTGCTGTTCTGATGTAGAACTGTGGTTTGTAACCTTTTGTGAATGGCGTGTGGCGTCCACCTTCTTCTT
NZ_CP014334.2_gap35	1498589	1499539	950	CAACAAGTCCAATCTTGTTTCACCTGGTCTTTGTGCTCGTCCAGCAGTTATCACAACAAAATCGCTATCTATGATATCTGATGGATCACCTGCGTATATATTGCAATACTTGAAAACCCCAGAAGCATGTAGAAGGTCCATCGCTTCACCAATACTTCTGTTCTTGTCTATGTCCACCATAACAATCTTATCCACTATCGAATAGTGCAAAAGTGAAAAAGCAACACTTACACCAACCCTTCCGGCTCCGTAAATACTCACTTTCATAAGCTTCCCCTCCTTTTGCAGCTTCAATATTAAATTTTATCATAAATTAAAATTTGTACAACCCAATTTGTCTTCGTGCTGAATTTGATTAAGATCTTTATCTTATTTTACCGCTCAGAAACTCCAAGTCAGTTTGTACGTGTAGCGAGCTATACAATAAAAAAAGCGCGCTCATCTGAGCGCGCCAACATGTTGAAAGTGGTAGTTTAGAACACTATTCCCAATTGACAAACAGAATCACAAAATCGCCAGCCATCAGGTTTACAGGTATGGTATTTCCTATACCGTACGTCATTTTCCTTTTCCCATGTCTTGTTGCGATTGTAACACTTTTTATTTCTATATTTCTACCAACGGTTTCATTTACCAAGATTTCGATGTACTTTTCATGAGCGAAGTCCAAGTTTCCAAGAACTATTACTCCTTTGTCGTCTTTCCAATAACTGTAGTTTGCGGTTGTCCCATCCTGGTAGTTCAGATACACGTATCTAAACTCCGAATCCATAAAGTCAGCTATCTCATCACGTATAGTCAAAACCCATTTGAGGAAATTGAACATATCATCTTTTGAATTCTCCCAGTGCAAAGCATAGTAGTCAAAGAACGCAAGTTTTCCATAAAATTGGTCATCAGGTGGCAAGACGGTTTTTCCATATATGGTGTTATCAAGACCTAAGTTCATG
NZ_CP014334.2_gap36	1501983	1506366	4383	ATAATCCGAAAGCTTTATGGTATAAGAATAATCCGCTTGTGTCTCAGAGAAACCTTCTTCGCTCGCACCACGTTTTGGTTCTTGGAGCACGTTGATTATTAAAGGAATCAAAAGAAGGTTTGGAGCGGAAACGAGTATGAACGGTATCCTCCATCCAAAAATATTGGCAGTGTAACCTGCTACAAGCATTCCTACTATACTTCCGACAGTTGAGGCAAGCCCTAATACAGATACTATCTTACCTCTTTCCCTATGACCATAAAGGTCCCCGACAAGTGAATAAGATATTGGGAATGAAGCACCAATTCCAATTCCTGTTAAAACTCGCCAAAAGAACAGTTCGCCGTAAGAACCGGAAATAGCAGTTAGCAAACAAGGAACTTCACCAACAAGGATTGAGCCTATCAGTAACCATTTTCTACTGTACTTGTCTGTTAAATATCCCCAGATCAAGCTGATGAGTGCACCAACAATACTAAAGACTCCTCCGATGAGTCCTATGTGTGAATCCGTGATATTGAATTCTTTCTCTATCATTCCAATCACAGGACTCATTACCATCTGGTCTGCATTCAATACAACAAGTAGCAAGAAAAGAAAAAGAGAGATCTTTTTTCGATCTTTTGCACCCCTATCCATAAAACTCCCTCCGCTATTTCTAAAATGCAAACCGAATTCTTAAGTATTATACCACAACATCTCTTTTCAAAAGCCAGAGAAAGCACTATTTCCATGGAGACTTTATAATAAATGTCAACTGCTGAAAATAAAAACCAGAGGCTCAGGTTTCCCCAAGCCTCTGATTTGATTTATTTTAGATTAAAAGAGCGGTTTAAAAGAGCGGTTCAAAGCCCTGCTGATTCCAGTAATTTCTTTTTGCCTCTTCGTAAGCATCCTCCAAGACTTTTTTATGACCATTTTCCCAATTCCCAAGTAATTCCAAGATTTTCTTCATCTCCAAATCTGACACTTTCTGTGCACTCTCTTTGTAGAACTTCTCAAAATCTTCTTCAATCAGGTATGCCATTCTAAGTATGGCAAGATCATTCGCCATCTGGTCTAGTGTTCCATTTACCATCTCTGATTTTTCTCTTCCTTCCAAAAAGTCCGTGCGAACTATCGCTTGCTGTGCATCATCCAGTGTTATTTCCACGTTGTTCTCAACCTTTTTCATCAAGTTTTCAATGAACTTGATGTGGTCCTCCTCCATGCTTGCAAGACCTTCAAGAAGTTCTTTGACTTCCTTGCTGGAAACCTTTTTTGCTTTCTCTTTGTAAAATTCTCTACCTTCAATTTCTCGCATCAACGCAAATCTCAGTATACCTATCACTTTTTCCATGCTCACACCCCCTTGTGAAGAGTTGATGCTGTTAACTAAAAGTATTGAAAATTTCCAAAAACCGTATTATCTTCTTATTAGTGGAACACCCCCCACCATCAATTCTCACAAAAAGGAGGTACTCCACTATGCAAAATTCTGTAGTCTCTTGCCCCAAATGCGGCTCTACCAACATCTACAAAAACGGTCATGATAAGTACGGTAACCAACAATACTTTTGCAAAGACTGTAAGCGCACTTTCAGACTTGTTCATTCAAAAAAACACAAGCTCTTCTCTTTCCCTTATCCTAAATGCCCTGTCTGTGGAAAAACTATGCAAATCCACAAAATCAAAAAAGCCTTCGTTAAGTTCCGTTGCCGTTCTTGCCATACCAGAGACGAAATCCCAACTAACTTACCTCAATTTGTCCCTCTTCCTTTCGACTCTTTCAAGTTCTTCCGTTTCCCTATCTTTATTGTCCTTAAAGCCTTCGTCCTTTATTTCAAAGCTGTGTCCTTGCGTTCCATCAGAGACTCACTTAATATCAAAGTCTCTCATGTCGCTATCTACAAGTGGATCCTTAAGTTGTCTTGTTTCTTTTCCATCCTCGTTCCTGTAGATGCTTTCAAAGTCCATGGTGATGAAACTGTCGTTTTGTTTAAATCCAAAAAGTACTATGTTTGGTTCTTAGTTGACCATGAGACGAATCTTATTGTTGCTTGGCATGTATCCAAATATCGCGATATGGGTCAAGTGAAGATATTGTTAGAGAAGTTCTTTGGTAACAACGAAAGAACAATCGAACTAATTACAGATGGACTTGGTGCATATGGTGCAGTGAAGATACTATACAAGAATATCAATCATATTGTTGTGAGACTTGGGCAAAACAATCAATGTGAATCGAAGTTTTCGTTATTCCAAGACTTTGTACGAGCCAAGCGTGGATTTAAGAATATTGACAATCTTCCAATGTACGTAAACAGTTTTTGTGTAGTGAGAAATCTCTTGAAACTGAATGGCAATGATATTGCGCGTGTTATGAGTGTTCTATTGTCTTCCATCACTACAAGTTAACAGCATCGAAGAGTTGAAACTTTAAACTCACTTTGCATCCAGCTCAATACCAAGTATATCATACATTCTCTGGATATATTCCCTTATTTCAAATTCAGAAAAATTCCTTGCGAATCTCTTCAGCTCGTTTCCTTCGTCGTCTAAAAAAATAATAGTTGGAACTGTAAAAACCATGTTCTGACCTGCTATCTCTGGTTTCTCAACTACATCGACGACTTCTAACTCGAGGCTGTATTCCTCAGATATTCTTTTCATTTTCGGTAAGAACGCAACACACACTCCACACTTATCGTTTTTGAAGTAAAGAGCCTTTATTTTCATAACCTTCTGACCAACCTCCTACTTTTTGTTTTCTTCACTACTTTCATCAAAAAAACCGTTCTGTAACATGAAATCAAAGACTTTGCGAGCCAGTGGAGCTGCGTTATGTCCACCACTTTCTCCGTTTTCTACCAGCACCAGGACCGAATATTTCGGACTTCTTGAAGGTGCAAAACCCACAAACCAAGCATGGGGAGGACCACTGTGAGTTTGTGCAGTTCCCGTCTTACCAGCAACTGTGATTTCGAAACCTTGGAAACTTTTCGTAGCCGTTCCACCGCTGGAAGCAGGACCTTGAACTGTTGTCACCTGTTCTAACCCATCTATTAAAGTGTTCCAAACGTTCTCTGGAACGTTCAGCGGTATTTTCTTAGTTGAAACTTCCTCATTCAAAACCAATTTGGGTCTAACAAACAGCCCTTTGTTAGCTACGGTGTTGTAAAGGCTCAGCACTTGAATCGGAGTGAGGTCAAGAAATCCCTGCCCGATTCCAAATAAGATTGTGTCTCCTGGATACCATTTCTCACCTAATTTTTTCAATTTCCACTCGGGAGTTGGTAGCGTTCCGGCAACTTCTCCGGGCAAGTTTATGCCAGTTTTTTGGTCAAGGTAAAATGCCTTTGCAACGGTAATAAGTTTATCAATTCCAACATCTAAAGCTGCGTTATAGAAGTAAACATTACAAGATACTCGAATGGCCTTCCTCAAATCCACAACTCCATGTCCCGTAATTAGCCAATCTTTGTAAGTTGCTGTCACTCTCCCCTTTGAATCTCTATATCTGAAAACTCCGTTGCACGTTATTGTATTAGGATGGCTATAGAGCATCTGGGCTATCGCAGTGACAACTTTAAACGTCGAACCTGGCGGGTAAACGTTTGATATTGCCCTGTTTAGTAGAGGCTTCAGTGGATCGTTGACGAGCTTTTCCCATGTGAGAACATCTACCCCGTTTAAATCTACCTCCGGTGCAGGATAGGAAGCCATTGCGAGAATATCACCTGTTTGAACATTGCTTACAATGATAACAGAAGGAGTTGCAAGTTCACTGAGCAGGTCGTAAGCGTACTTTTGGAGTTTAAAGTTAATCGTTGTCTGTAAATCAAGGCCATTCTCTCCGAAGCTTTCTATGATGCTTTGCTGGTATTTACCACCCGGTGACCTGATGCCGTATGAGACGGATAATTTGCCTTTTAGTACATTGTTGTAAACATATTCAAGCCCAGAAATACCTTCTCCGTCCTTGTTAACGCTACCAACTATATGATAGAGGAAGCCATAAGACTTTCGTCGTTCAGTGGGGATAATTTCGTATCCCATACTCTGCAAAACAAAAGCTTGTTCCCAGCTAACTTCAACACTACCGTTGTTTTTTAAGATTGCAAGCTGTGAATCATCAATATATTTTCGTAATTTCTTCTCATCTTCCGCAGTGTATTTTTTCAAAACGAGTGTTGGTATTCTTTCACTCCAAGCAATTTTGACACCATCTGAAGAGTATATCGCTCCACGTAACCCTTTACTGTAAACACTCCGCTCAAGCAAAGAATTGAGCAAAGCCCTATGTTTTGGTTGGTCTATGACCTGAACTTTTACAAGACCGTAAATGATGTAGAAAAACATAAAAAAGAACATCACAAACGGTATAAAGCGCCTTATAGAACT
NZ_CP014334.2_gap37	1523391	1524795	1404	AACACCGTAGTTATCCTCAAGTGCATACCTCACTGCCATCCTTCCGCACATCTCAGCTTCCTGGACATCAGTGGCACTTGCTATATGCCTGCCGCTTCTTTGCAGATAGTCCGGAATTGCAACATGCGTTTTCAAACCAAGCTCGGACCTCACCATTCCAGCGATAGTAAATCCGACACCACCAAGCTGTCGGTTACCAAAACTGTCGGTGAATCCCATATCCGAGACAAAGAAACCATCGGGATACTTCAAACCTTCGGCAACTGCGATTGCGCAGTGCCCCTTTTTCGAAACGACATTATCAACCGCAGCGATAAACTCATCCTTATTGAAAGGTTCTTCCGGAAGTAGGACAATATCTGCGCCTATACCATTCACCCAGCCAAGAGCAGCCGCTGCAGCAAGCCAACCCGCATGTCTTCCCATGATTTCCATAACAAAGACTTGTGTCGAGTCCACGTACATACTTCGCAAATCAAGAGCTGCTTCCATCATTGCTATCGCTATGTATTTCGCAGCCGAACCGTACCCTGGACAATGGTCGGTGTGGGGCAAGTCGTTGTCAATTGTTTTGGGCACACCGACAACTTTCAGTTCATATCCCCTTTTTTGTGCTTCCATTTGTAACCTCCAAGCTGTATCCATAGAATCGTTACCACCATTGTAGAAGAAGTATCTAATATCGTTTTTCCTAAAAATCTCGAAGAGTTTCTCTATGTCAGATTCGCTTTTCAGCTTTTTCCTGCACGACCCAAACGCACCTGCAGGAGTATACCTCAGAAATTCTATGTCAAGCTCAGTTGCATCTAAAAACTTCTCTTTCAAAACTCCTGTAACACCGTTGATGCCGACGTATATTTCCAAGCCGTTCCTTCTTGCCTCATCGATAACTCCGTACGCGCTCGCGTTTATAACGCTCGTAACTCCACCCGACTGTGCGTACAACGCCTTCATATCAACAACACCCCCAAACTCCGTCCGAAATTTTACAGTCTCCAAAGAATACTTATCAGTATTTTACCATAAGAGTCTGAAAAAACAAAAAAGCCCCGGAGGTTCCAACCCGGGGCTTTGTAATTTGTAAAACAATAATTATTGGACAACAGACTAGAAGTTCACATACCCACTAATCATTATTGTATTTGTCATTATGTCTGTAATATCTGGATTTTCTATCTTTATGTTAAGTCCTTTTTCCTTATCGAACAGTCCGAACAAGAGGTATACCTTGGTTGGATATGTGTAACCCAAACCAACTTTGTAACCATCCGCAATGTACGTAACATTCCCACTCAAGTCCGCACTTGAAATGTCGAAAGAACCAGAAAATGCCAATTTTTCTTTACCAAGCACAACGTTTCCACTCATTCCGATTATCGAACCATCGAAATCAACAGACAACCC
NZ_CP014334.2_gap38	1534641	1538448	3807	GTGTGTCTGGATAGTGGTTGAGTATAGCCTCAACGATTTGGTCTCCGACTCTGTACACTGGGTTCAATGAGTTCATTGCGGCCTGGAAGACCATGGAGATGCCCTTCCATCTGTAGTGCCTCATTTCCTCTTCTTCCAAACTAACAAGGTCAACCATTTTCCCATTATCGTTAAACCACACATGCCCACCCATGAACTGTGCGTTTTCTGGAAGTATTCTGAGCAATGTCATGGAAACGGATGTCTTACCACAACCAGATTCACCAACGATACCTAAGCTCTCCCCGGCTTCGAGTTCAAATGATATCCCATCAACGGCTTTAACATAGCCCATTTTTGTTTTGTAATGCATCTTTAGATCCTCTACTTTCAACACTGCCACAGCAATCACCTCTTTCTAAGTCTTGGGTTGACAATCTCTTCAAGTCCTCTACCGAGGAAGTAGAAAGCAGAACAAAGCAACGTGATAGCTCCACCGGCCGGAACCCACATCCACCAATACGCACCGATGTTACCAGAGCCAAGGTAACCGGAACTCCAAACGGTGTTTATCATCAAGCCCCAAGACATTCTCACTTTCATCAATCCAAAAAAGCTCAAAACCGCTTCTGAAAAGACCGCACCAGTTACATTGAACATCATGTAGAGGAAGGAAAGTGGCATAACGTTCGGGATGATGTGGTTAAAAATTATATAACCATGGCTACCTCCGGAGACCCTTGCAGCATCTATGTATGGTTTAACCTTGATTGTAAGTGCTTGCGCTTTCAGAACAAGTGTAATACCTCCAAACCCTCCGAGCAAACCAAGTATAACCGCCAGTTTGAACAAGTTCATCGTCATGAAACCAGAGAGGACTATCAAGAACGCTGTTGACGGGAAAAGCATCATCAAGTCAGCTATACGCATGAATATAACATCAACGGCTCCACCGTAGTAAGCTGATGCCGTACCAATTATCGTACCAATCACGACGGTGATGAGTGCTGCAAGTACACCGAGCACGAATTCACTGGGGGTACTGACCATGAGCTGGACTAAGATATCTCTACCTATTGGGTCCGTGCCAAGCCAATGCCATTTACTTGGTGGTAGTGGATGCGCAACTCCGATTTTGTTTGTAAGAGACAGCCTATTGAATATCTCGACGAGTTTCGCTTCTGCAAACTGCTTGTTCCACTCCACCCTTTTTGGTTCCATCTGTGCAATTGTTTCAGAAGAGATTTTGTCCCAAAGCGCAGAATTTTCAAGGTACGTTTTGTGCTCATCTATCATTTTTTGATATATTTCTTCGTCTATATCTCCCTTGCCGATCAGGAAATTAACAGCTTCAATAGGTTCTTTATTTTCGAAAATCTTCAACTTCTCAACGATATCCAGCCTTCTAAAATCATCAAGTTGTGAATTCTCGATGTTTGAGATCACCTTTTGCAGTTTGTTTGTACCACTAAAAGCATAGGCCATAAGTGAAGTGATAGGATCAGAGATAACCTTAATAACCTCACTTCCAAGCATTTCGTAACTGTCTGGAACATTTTTGTCATTAAGAAGTTTTGCCATCATGGTCCTTGCGGTTGCGATGTCTTTGAATATCTTGTTCATTTCATAAACATATCCTTTGTGAACTTCTTCTGAGTATTCCATTATTTCGTTTTCAAGTTTTGCTCTTGTCTCTGTTCCGATATCAACTGAGACTTTTGCAAGTTCCATACCTGCGTAAATTTCGAGGAACTTTTCAACATCTTCGTGCGAAATCTCTACACCCGCTTCTTTCAGTTCTTGCTCAATTGCACTCAGCGTTGTTTTAGCTTTTTTCAAGGCAGGTTCGAGTATCTCTTTCTTTGAAAGGTCAGAAAGCTTACTTTTTGCAATTTCTACAAGCGCATTAAACTTGGAAGCTTCCAATTTTTTGGATATTTCCTCGTCTTCATAACCCAAAATCAAAAGGTCCTGTATCAATGAAAAGACCGCTGCATTGATTAAGTCAGAGACACTGACGATGCTGTTATTAATAACTTCTGCTAACTGCGTATCTGAATTGACGAACAACTGCTGCCCACTACTTCCAGAAACCAATCCTCTTGCAACTTCCAATACTTTCTTTTCTGCCTCTTCAACTTCCTCTTCTGAATATTCTGCAGATAATAGTTCGTTGAACTCTTCGACAATTTCAGGTCTATCCCTGTTCAAACTTCTGAACCAGAGCTGTACTCTTGAAACTTCGTCAGAATCTTTGAACGCAGAGAGCGCAACCGCTAGTGTTTTATAATCAACTTTCTGGAGTAGCTCTGAGAAATTTTGGAACGTGAACTTATCTCTGTTGCCTACATCTTTAACACTTACTAAAGCAGAGAATTTGATTATACCTTTCTCAACAAGTTCAGAAATGCTATTTTGGAAGTACATTCTCTCTTTTGCAGGAATGTAGCTATCCGCTATCGTATCAAGTAAGTGCCTTAGTGCGTCCGGAGCATAAGTTGTCATGATTTCGTATTGTGAGTTCCTAACGAGGTTCTCCATCGATGACTTGAAGGATTCGCCTTTGTCCATGAACGAATATACCCACATCTGCGCTGTCGGAACTTCAATTCCCTTGACCAAGTTCTGCGTAGATAAGTAATCGGTGATGTATTTACTGGAAAGAATCCTGGCATCAAGCCCCGTGACAGGATCATAAATATTCGGATCGAGCACGTTAAGAACGATAGGGGAAAGTGCCCCAAATATACCGAACGCTATGATAACCCAAAGCCCAAACATTCCCATTTTGCTCTCTTTAAAGAGTGCCCAATTCTTTCTGAAATTCTTAACAAAGAGCTTGAATTTTATCTTTAAAATCGATTCTTTTACTTCGGCATTATGCACTTGTGCCATCTGCTGTCACCTCACTTAGTATCTGATTCTCGGGTCTAAGAATGCGTAGAGTACGTCCGCAACCAAGTGTGCAACCAATACCAAAACACCTGTAAAAACAAGGCATCCAATAGCCAGTGGTGTATCTTGCGAAGTTGTTGCTTCAAGTAGAGTAAGTCCCATACCTTTCCAGGAGAACATTGTTTCAGTTATAACTCCACCACTTACTGTGGAGGCGAGTCCGATCACAAAGCTTGTCATGAGCGGTAGCAAAGCCGTTCTGGCTGCATGCTTGTCTCTTATCACTTTGTCAGGTAATCCTTTCGCACGTGCTGTAGTGATGTAATCTTCTTTTATAACTTCAAGCATCGTATCTCTCATAACAAGCATGTCACCTGCAAAGTGCAGCGTCACTAAAGCGATGACCGGTAGCGCGAGGTGATAGATGATATCAAGAGCATAGCTTCCCATACCGTTTGTAGACCAATAAACAAAAGCTAAGACTATTCCCGCGATGATAAACGACCAAACAGCTGTTCGTTTCGCTTTAATAGTCTTCAATCGGGAAGCCACAACAATGCCTGCTATCCACATAATCAGTAAGAAGAATTCAGTCCATAGAAGCTTGATGAACACAGCCTGTGCACTAAACGGGGCGTTAAACCACTTTGCGGGCGTAACAAATCCAGATAGTGGGAACCACCTCAGTGTAACGGCGAAAAGCCATATAAGGATAAGCATGTAGAATGGAGTGAAGATCGTCCAGAAAACAATTCCAACAAATGTAGCGGTTTTATCGATTAATCCTCCTCTTCTCCACGCAATTCTTTTCCCCAGGTCAAAACCAAGTAGGAACGAAAGTACGGAACTGGCAAGGAACAAGAAAAGTGTCCTTGGTAGTCTTTCTGCTATGATTTCTTCTACCTTTTTTGGATATTCGCTGAACGATATTCC
NZ_CP014334.2_gap39	1671692	1673575	1883	TTACACGAAAGGGCATTCAAAAAACGTTGCAACCTTGGCTTCGCTTATAGCTGAGAAAATGGGATTATCTGATGAAATGATTCGAAAGACCTACTGGGCAGCTCTTGTACATGATATAGGAAAGATTGTTATTCCTTCAACGATACTGAACAAAGAAGGTAAACTGACGATTGAGGAATTCGAGATTATAAAAAAGCATCCGGTTTACGGGCATGATTTTTTATCCACCTCTTCTGATTTAAGAGAACTTGCTAAGTACGTGTATCACCATCATGAACGATGGGATGGAAAGGGATATCCATCCGGGTTATCCGGAGAGGATATCCCCTTAATATCAAGGATCATCACGGTAGTGGATGCTTGGGATGCGATGAGAAGTGATAGGCCTTACAGAAAGGGCTTACCAAAAGAGGTCGCTATGAAAGAATTGGTAGAACATTCCGGTATTCAGTTTGACCCAAGTATTGTTAAAGTGTTTCTTAGCCTGATCGAAGAGCAAGGAATTGGCTAAAAGATGACAAAGGAAAGGGGGAATTGCTTGATGCTTAAATTTGTTGTGAGTAAGTCAGAAGTCCAAGAAAAGATATCTGTTGCATCATCTTCGATCGGTTCGCGAACAGTTGATCCAATTCTTCAGTGCTTGCTTTTTAAACCCGTTAACGGTCATATCAATATTCACGCAACTGATTTACAAACCTCAGTAATATCGACCGTGAAGGTGGGCGAGTACGAAGGCAGTGAATCATTCGCTGTTGATGCCGATTTAATAGATGATATCGTAAGGAACTTACCGGAAGATGAAGTCATCTTTGAATACGCAAATGGTAAGTTACTGATAAAGAGTGGAAAAGCAAGATACAATTTGACAACCGTATCAGATGTCGAAAGATTTCCGATAATAGAAACAGATGAAGGTGGAATAAAATTCAGTATAGATACATCGATTCTTGAAGAGATGCTTGACAGGGTGAGCTTTTGTGCTTCAAGCGAAAGCGCTATGAGGGCACTGAATGGTGTATACTGGGAGGTTCATGGTGGTTTTTTGAGACTTGTTGCAAGTGATGGTTACAGACTTGCACTTGCAGAACAAAAACTGGACATAGACAACGAATTCGACTTCATTATCGCCCTCAAAAGCGTAAAAGAACTTGAAAAGTTGCTTTCAAGTACAACGGAACCAACGATAAATATTACATTCGACCATTCAATCGTTTCCTTCAACGCAGGCGATGTCACGATGATAGTAAGAACCGTTGAGGAAACATTCCCAGACTACAAACGTGTCTTGCCGAAAGCATTCAAAACCAGAGTTGTACTGAACTCGGACGACTTCTCCGAAGCGCTCAAACGTGTTATGGTGATCGCTAAAAGAGGAACTGAAAAGGTCCAGTTGAAAATATCAGATGACGTAATGGAACTTTCAAGCCAGAGCCCAGATTACGGTGATGCAGTTGAAAACATCCCCGTAACGAAAGATGGAGAAGATCTGATAGTGAACTTCAATCCAAAGTTCTTAAGTGAAGCTATAAAACACATCGACGAAAAAGAAGTTGAGTTTAATTTCGTCGATAATTTGAGTCCACTTCAGATTAACCCGAGGAATGTGGAAGGATACATGTACATAGTTCTTCCTGTAAGAGCGTAAGTACATAGAAATTTAAGAAAGAAGGAGGTAACGTGAGGCGAGGTTTTACCCTTATTGAGTTACTGATAGTCATGTCCATCATTGCAGCTCTGATGGCTGTAGCAACACCTGTTGGAGTGAACGCTGTAGCGCAGGCAAAGGCGACGAATGTAGCTGGAAATTTTCGAACACTTCAGCAGGCCGTTATACAGATGATAACGCTTGAACCTACCCCACCCAAAAGTGGTGATATACTTGA
NZ_CP014334.2_gap40	1675184	1678979	3795	TTTCTTTCATCGGCCAATATTGAGCAATCGAGTTATTAGCGAGTTCTTTAAGTTTTTGAGCATTAAGTTTTGTACTTCTGCCACGGTCTTTGGAAAAGAACACATCCAGATTACGAGCCTTTTGAATAGCCTTGGCAGAAGGGAAATGAGAAAGAAGATTGAGGATTGTGTCGCTGTATATGTTAGTAACTCTTTCAAGTTCAGGGAAAAGGACGTTGAGAAGCTTTTCGATATTGTCCTTAACTTTTGCGATGCGGTAGATAATGTTTTCGCGTGCTCTGACAATATCGCGAAGCTCAGAGTTGACAAAAGCGGAAGAAGGAAGTTGATGTTGTAGGTAAAACAAAGCAGTAGCAATAATGAGAGCATCGATTTTGTCGGTTTTGGTCTTTCGAAGAGAAGCAAAGTTCTTAACGGTTAGAGGATTAAAAACAACGCAAGCAAAGTCATTAGAGGAAAGAAAGACCAAAAGGTTGAGATGATAACAGCCTGTAGATTCCATAGCGATGATGATGGATTGTTTTGGGAAAGAAGAGAGTTTGTTTGCGAAGGAGGAAAAACCTTGCTGGGACATATCGAAAGAAGACTCGAAGATGATGGAATTGGGATTAGAGATAGCGCAGACGTTGAACTTATCCTTGGAAACATCGATGCCGACAAAGACGGAGAAAGTGGACATACAGAATCCTCCTTTCAATTGATGAGGGCAGGGAGCCTGCTGAACCAATCCTCCATGCTGACGAGGGCTGAAAGCCCAACCAACTAATCATGGTTAAAGGCAGGCAACAGACTCTCAAAATGGCTTAAAAGCCAAGGGATTCTAAGTTGTCCTGCCCTCAATGTTTTAAGCTAAATTATTTATACCATATTTTTATGTAGGAGGGTGAAATGATATGAGAATGGAAGGGAAATTGGCCACACTCAGACCTATGGAAGTATCCGATGCACAGAAGTTTGTACAACTTATCAACGATGAAAAAACGAAAGAGTACTTAAGTCTTGTCTTCCCGATGAATCAATTTTTGGAAGAAGAATGGATTAAAAAGAACGCAATTTCCCATAATCAGGCGAACTTTTCAATAGAGGCAGGTGACAACCTTATAGGCTCAGCGGGTTTAATGGGGATTGATTGGGTTGCACGCAGTGCAGAGTACGGTATTGCTATTTTCGACCCGAATTATTGGAATAAGGGTATCGGAACGGAAGTCACACAGATGATGCTTAGGTACGCTTTTGAATATCTTAATCTAAACAGAGTCTGGCTGAGGGTTTTCGAAAATAATCAAAGAGCGATAAGGGTGTATGAAAAGTGTGGTTTTATTCAAGAAGGTCGAATGAGACAGGCCAGATATTTGAAAGGTCAATACTTCGACGTTATTATTATGAGTATTCTTGCTGACGAATACTGGAGAATTAAATCTGATTATCAATTATAACAAGCACAGTGTATAAAGTGTTGTTAGGAGGTGAAACCATGTATTGGTACTACGACCCAACGTTTTTGCTTTTGATACCCGCTTTACTTTTATCGTTGTGGGCTTCGATAACGGTTCAAACTCGATTTGCGCGTTATTCACAGCTAAAATCAAGGATCGGCATGACGGGAGCACAGCTTGCAAGATTCATTCTTGATTCGGCAGGTTTGTACAATGTAAGAATCGAATCCGTTCCAGGAACACTAACTGACCATTACGATCCCAGAACAAAGGTTGTGAGGCTTTCAAGTTCAACGTACTCTAGTGATTCAATCGCTGCTCTTGGCGTTGTAGCACACGAAATAGGACACGCTATTCAGGATGCAAAAAGATACGTACCATTGGTTGTGCGGAATACTATCGCTCCTGTTGCCCAGTTTTCTTCAAACCTCGCATGGGTGTTCTTCATAATCGGACTCATCACTGGAGCCTTTGGGCTGGCTCAATTTGGAATATTACTCTTCTCTATAGCTGTGCTATTCACAATAATCACGCTACCTGTTGAATTCGATGCAAGCAGGAGGGCACTACAGATTCTGGAGAAGAATCTCTTAATGCCAACCGACGAATTGAAAGGTGTCAAAGCTGTGCTCTCTGCAGCTGCGATGACTTACGTTGCTGCGATGCTCACAGCTGTCTTGCAACTTATTAGGATGATTTTGATAGCAAGAAGAGACTGAAAGATTATCAAAAAACTATTAACTCGCGCTAGTGTGAATGAGAATAATCATATCTCACGATTAAAGGGGACAGAACCATCTGTCCCCTTTGTTTTTTAACCACGTTTAGATTTGCTCAAAAGATAGTCCATACTATTCAATTTGGTCTTTATACAATTCCATAAAGTGCGTGTTCATAGGCTTTTCTATTCGATTTTTCTTTAAGATGAATTCCTTGCAGTTCTAAAAAACAATGTCTCTTTTCGGAAAGAAAAGTAGTATAATTAAATTATCTGACAAGGGGGTGATGGTATGTTTAGGAAAGTGCTGTTCGTACTTCTCTTGGTTTCGGTAATCATATCTTTCGGTGCCAAGATACAGATAACCATTTGGACGCATGAAGATCCTAACCGCACAAGGATAGAGGAAAAGTACATCAAAGAATTCATGAAAATGTATCCCAACGTCGAGGTAAAAAGAGTCACTTACCCATCAGATAAGATTCGAGACATCGTACTTACCGCTTTCGCTGCAGGAAAAGGTCCAACAATTTTTAACTTGGAGATCCAGTACGCTTATCCGTATATTACCAACAGAAGAGTTGTACCCGTGGACTTAAACGCAATAGGTTTGAAAAGCTACGATGAGCTGAAGAAATTGTACGTAAAGGGTACACTCGATGCAGTGACTTACGGAAATATGATTTACGGTCTACCTTTGGAGATAACAAACTGGGCACTTTTCATAAACAAGAAATATTTCAGAGAGGTCGGACTTGACCCTGAGAAAGATTATCCGAGAACTTGGGAAGATCTTATGAGAATAAGCGAAAAGCTTACTATCCGAGAAGGAAACATAATTAAAAGGCGAGGCTTCGACTTTAGGTATCCTTATTACCTAACTTTTTTCCTCCCGATGGTAGAACAGCTGGGAGGTGCTCTATTTGACAAGAAAGGAAACCCAGTGGTCATCAACGACCAAGCATGGATCAAAGTCTTAAACTTTATGAAAGAATGGGGACCAAATGGGAAGAACTTAGGTTCTCCAACATATCCTGCAGCACGAAAAGAATTCAACAAGGACAACAACACCATAGCGATGTGTGAATCTGGACTGTACCAGATTCTTAGAATCAAAGAAGAAAATCCTAAATTTTACAACAGCAACGAGTGGATGGTAGTGAATTGGCCGATCTGGAAAGATGCGGTGAAAGATGTAAGATGCAATTACTATGGGCACTACTATATGGTAAACATGCAAGCTTCTCGCCCAGAACGTGAAATGGCTTGGAAACTGATATGGTACATGCTCAGCCACCCAGAAGAATATCTCACAGAGGTTGGGTTGATTCAACCAAGGCTCTCCTTAATGCAATCAGAAGTATTCAAAAAATTCCCGTACGCTAATGTGTTTCTTGAAGACCTGGAAAAATCGCATATGATACCGCTACATGAAAAAGATCCACAAATCGAACAGTTACTTAAAGAAATGGTCGAGTCCGTGATGTTGAGTAACGTTTCACCCGAAACCGCGTTGAATACTTTCAAGAAAAAACTAGCACAACTTATGGAAGAATGAGGTTTGTTCGTTAAAAAATTGTGCGGGGGCGTAGCCCCCGCTTTTGGTGAGATAACTTGAGCTATCTGATTAAAAACATAAGA
NZ_CP014334.2_gap41	1874594	1878178	3584	TCTGGGATATATGATTTATAAAAAACGAACAGAATACTTTCAAATAAAAGTGGTGTTCGATAAAATTAATTCAGTCTTCCTCGATCATTCAAAGGCCGAAGGTCTCATTGAGGTGATGGAACGCTACGGTTTTGAAACTTCTGAGTTCATAAAAGCGATCAATTCAAACGATTCCCAGACTATAGCAAAGCAATTAAGAGACTTTGCCTCATTTATGCGCGAGTATGAAGCAAAGAGTATGCAAAGTGGATTTAAGTTCTTTACGTGGGTTATAACTGTTATTCTCATATCGATGTTTCTGATTCTCTTAAACTTTAGAAGTAGATACAATTTCGTACAATCATTTTCGACCAAATTGTACGAAATATTAAAGAAAATTTCTGAATCTTTGTATATCGAGAATATACCAATTATACAGTCCGAAACATTTAAAGAAGAGTCGATCATAAACGCTTTGATAAAGGAAGCCAACATGAGGAACGGGATAGTTAGTTATTTTAGAGAACTTCCATATGTTGATACAATTGAAGAATATATCAAACTCGTTGGTGAACAAGTTTGTAGCTTTTTTGAAGTGGAGAGGTTCTCACTTGCTTTGATATCAGATGATGAAGTGATTGCAGAAGAGGCGTACTTTTCAGAACCGGGACAGAGAGCTTTTTTGCATAAAGGTTTCAGACAAAAGCTCGGTGAGACATCACTTGGGAAAATTGCGAAAGAAGGGCTTAAGTATCGTATCATTAACGATTTGAGAGCTGTTAATTCCAAGAGTGCAGAACTCATAGTCAAGGAAGGATTTTTGTCCAATTTAACAGTTCCAGCAGTTGTTGGTGGGGAAGTAATAGGGTTTTTCTTTTTGACATCGAAAGAGGTTAACCATTTTACTGAAGAAGACGGAAAGCTATTCCATATAATTTCTTTGATACTTTCACCTAAGTTGTTTTACGCGTTGGCAATTCAGAACGTAGTGGCGAATTTTGGTGAATCCCTGGTAAAACTCTCAGAGTACAGAGACAACGAAACAGGCAATCACATTAGGAGGGTTTCAACTTATTCGAAGATACTAGCAGAGGCTATGAAGCTTGAGCCAAGGCTAGTCAGGGAAATATATGAGTTTGCTCCATTGCATGACATTGGAAAAATAAGTATACCTGACAGCATACTACTCAAACCAGGCAAGCTTGATGACGACGAATGGAAGGTTATGAAAACACACGTGATGATAGGTGTAAGAATTATCGAAGATTTTGTTGAGAACAGTCGGAAAATCATGTCTGGCAACTCGCTCAAGACGGCGATAAATTTGATTAGAGACCACCACGAGAAATGGGATGGAAGCGGGTATCCGTTTGGAAAGAAGGGAGAGGAGATAAGTATCGAAGGGAGGATACTGGCAGTTGCCGATGTGTTCGATGCTTTGACATCGAAAAGGCCGTACAAAAAGCCATTCTCGTTTGAGAAAGCGGTTGAGATAATAGGTAGAGGGACGCATTTTGATCCAAGAGTAGTCGATGCGTTTGTTGAGAATATAGAAAAAATAAAGGCAATTTACAACGAGCTTAAAGACGTTGAGAGCAACGAAATTTCCGAGCCAGACAAAGAAAAGGCAGGTAACTAAGCTGGATGGGTGATTGGTGAGTTATGGCTGATAGATTTAACAAAATAGAAAGTTCGAGAACAACTCGTAGCAAGAAGGTAGCTTTTCTTGGAATCTTTCTTGGGTTTCTTTTTGTTTTTCTTTATATCGGCAGTCTAACACCGAGTAAGTGGACTTTCCTTATCGTTGCATCGTATTTGCTCTATGGCCCGTATTTGATATTCGATTCATTTTTTATGGGGCTTTTGGAAGTGTTTGGTTTAAATGTGTTGGCCTATTTGTTCATACCAAGAATTGGATATGTGACCACCTTTGCTTTCATATCTTTTTACATTCCTATCAGGTATCTTTTAGAAAGGCATGGAAAGGTACTTTCGTGGGTTGGCAAGTATGTGTATTTCAACTGTGCGTTTTTTATTTGGCTTTTTGTTCAAGGCGTCGTATTGGACATCGACATACTCTCACAGACAGCTCAAGCAATTCAAAAAGTTGTGATTATTGATGAAAAGCTTGTTATGTACGGCATAGTTATTTTTGCTAACGTGTTTTTTGCTGGCTATGAGATTCTGTTTGAAAAGGTTGTTTTGGAAATGAAGAAATGGATTGAAAAATTTCTCGATGTTAAATGATAGAGCGAAAATTCTCGTACCGTGGAGGTGTATTTTGTGCGAAGTATATATGAGATACTTAACATTCCAGAAGATGCAACACACAGTGAGGTTGAAAAGTTGTATAATGAATACCTTGAAAAGTACAATCCAAAAAGGTACGAAAACAGCCATTTAAAACCTATTGCAATTGCAAAGTACAATGAGCTTGTGGAAGCCTATAGCGAGTATTTGGAGAAAAGAAAGCTTGAACAACCTCTTGTAAACAATTCTTCGGTCGACAATTCAGAATTTTTAGGTCAGCATGTTTTAAGGGGATATCGTCCTGGCTATTACAGAAGAAGTAATGGTTGCTGCGATGACGTGTGTAGATGTATTGGATGCATGTGGGTTGGCGATACGTGTTGTGAATGTATGGGTGGAGATTGTATTTCATGTATGTGAGATTTTCTTTTTAAGTAGGTGCTGGGATGTTTGGGTATGTAAGACCTGTTAAAGATGAGCTGAAAGTTAGAGAATTAAACGAATTTCGTGCTTTTTATTGTGGCGTGTGCACGAGTTTGCACAAAGCAAGATACCTTGCAAAATTCTTTTTAAGTTATGATTCTGTGTTCTTTGCACTGCTTTTGACTTCACTCAGGGGTAAGGAGTTAGAGTACAAGAGAAGGTTTTGCGGTATTGAGTTGAGAAATATCAGTTATTTTGAAGGTGAGGAAATACAACTTGCCGCAGGTAATTTTCTGTTGCTTTTGAAGTACAAACTTTTTGATGATGTTGAAGATGAAAGGAACTTTGCTAAAGCTCTGCTTTTGAAAGTTTTCAAGAATATTCCTCCAGTTCAACCTTCCGTGGAGTTTCGTCTCCAAGCTCTTCTGAAAGAGCTTAATGAATTGGAGAAAAGAAGAGAACCATCTATCGATAAAACTGCAGAGGTGTTTGGTGATATCGTGTCTTTGTTCTTTGAGAATTTCCAAGGCCTGCCTTCTGAACAAATAACTGTTTTGGTGCATTTGGCAAAGCATCTCGGAAAGTGGATATACGCGCTTGATGCGTTTGATGATCTGCGAAGAGATTTAAAGAAAGGGAACTACAATCCTTTCGTTACCCAGTATGGTTTTAGTTCAGGTATGGACGTTGAAGAATTTGTAGACAGCATAAGGCCAGAGGTTAGGAAATATCTCTTCAGAGTTTTGGATGAAGTTGTCCTTGCCTATAATTTGCTTGAGTTGAAAACGTACAAGGGAATTTTGGACAATATAGTCTATCTAGGACTGTTTGATGAAACAGAACGTGTTCTAAGTGGAAGAAAGACATGTGGAAAGGTTCATAGAGCTTGATTTTCCTTAATTCTTTCTTTTGCTATGTTGTTTCATACTTTA
NZ_CP014334.2_gap42	1881713	1883564	1851	TAAACTTGAATGGATAGTTTTTACCATCGACTTTGATTTCACCAGTTAGTTCTATCCGTTCAATCCCCAGTCTCGTAGGAATAACAGTCCCGGCAATCGATGTGACCACCGGGAGAATTAATAACATAAGCGCTATTAAAGATATTGAAGCATTTAGACCAAGCGCATGGGTGTGCAAAGTTTTGATTCTCTTCATCTTATCATCTCTTCTGCCCTTTTTAAATTTTATATCCTTTCACCTCTGAGCACAGCGGAGCATCGTGGACACGTTTCTGGGTGCTGCTCATCTTTTCCAGTGTCTGGATGGTATTTCCAGCAGCGTTGACATTTTTGGCCTTCTGCTCTCTGAACCATTACATTTGCAAACTGGCCATTCAGTCCTGAGACGTTATCAGATAGTGTTACTTTTGAAACTATGAAGAATTCTTCAAGTAAAGGTTCGTACTTTTTGAGCAGAGCCTTTAGCTCATCGTTCTTCGCTTCGATAATTACGTGTGCATCAAGCGAGTGGCCTATCACATCCGACGACCTGGCGCTTTCAAGTGCTTTCAGTACGTCATCGCGTATGAGTAGTAAGTGGTTGAGCTCCTCAAGAAGGTTCTCATCAATAAATTCTTTCCTAAACTCTGGCCAGTATTCAAGGTGCACACTTTCGTATTTCTTCAAGTGACTTTCTTGATAAGCCTCTTCCGCTGTGAAAGGAATGATGGGCGCAAGAATCTTTATCAGTGCTTCAAGTATGTAGTGCAAGACGGTCTGCGCGGACCTTCTGTATATCGAATCTTTTGCCTCTACGTATAGTCTGTCTTTGAGTATGTCCAGATAGATTGCGCTTAGCTCTGTTGTACAGTATTTGACGGTTGCGTTGTAGACTTTGGAGTATTCGAATTCGTCGTAGTATTGCGTTACTTGTTCAATGAATTTCTGGAGTCTGCCAAGTGCCCACTTGTCTAGTGGGAGCAGTTTTTCATACGGTAGTAAATCAGCCTCTGTGAAGTCGTACAAATTACTGAGTAGGTATCTGATCGTGTTTCGCAACTTCCTGTAAACTTCAACCTGCTGTTCGATAATGTTCTTTCCAACTCTGATGTTATCGAAAAAGTCCGTACTCGCAACCCACAATCTCAGTATATCTGCACCGTACTTGTTCACTATCTCCATAGGGTCTATTACATTACCCAGTGATTTACTCATTTTTCTGCCTTGTTCGTCTTTGATGAATCCGTGAGTTACAACCGCTTTGAATGGTGCTGTTCCCGCCTTTGCAGTTGAAAGGAATATCGAGCTCTGGAACCAACCCCTGTGCTGGTCATCACCTTCAAGGTAAAGGTCAACGGGGAACTTTTCACCTTTTGAGCGTATCACTGCTTCCCAAGAGCATCCAGAATCGATCCAGACATCCAGTGTATCGTGAGTTTTTTCAAAATTTTTGCTCTTGCATGATGGACAATGGAAATCTGCAGGAACCAGTTCGTTGACATCGAGCTCAAACCATGCATCTGTTCCTTTTTCTTTAACTATGTTCGCAAAATGTTCGATTACTTTTGGATCAAGTATTACTTCGCCGCAGTCCTTACACTTGACCGCCGGAATGGGCACACCCCAGACTCTCTGACGGGAGATAGTCCAATCTGGCCTTTCTTGCACCATAGCTGTGATACGATTTTCGCCCCATGAAGGATACCACTTAACCTTCTTAATCTCTTCCAGCACTTTGCCACGAAGGTTATTCTTATCAACTGAGATGAACCACTGAGGCGTTGCGCGGAACATAACTGGTCCTTTACAGCGCCAGCAGTGTGGGTAGCTGTGGCTGATCTTTCCCACTTTTATCAAAGCACCGTTGTTTTT
NZ_CP014334.2_gap43	1991603	1992513	910	GCATTTATGTGTTCGTAACAAGCTCACCAATCTACTTATCTCGTTCTTTGAGCACTCTCCTTTGAATATTTCAAATACTCCTTCGATGCCGTGTTGGTTGAGACTTTTTTCGATAGTTTCTCTCGTCAAGTTCATCACAAACTCATCGGCAATGATGAAATATCTTTTTCCAAAAGGTTCCAGATACTTTCCGATGTAGTGTAAAGCACCAGCTCCTTGGATGTATTTCATAGGTGACTGGATAATTCTTAGCATACGCTTATTCCTCCTTCTCTTCAAAGTTATAAAGTTCTGTTGAAAAACGAAAATTACTATCTTCAAAATATCCTTCAGCTCGATGTTTTGGTGCTTTTTGAGAATTTAAAAGCATACGTACTTGATTGAGAAAAATTGGTTGACCAGATTAAAAATGGAAGCGGAATAATTGTGATATTTTTCACATTACATTCTTATTTTACCACTGCTGATAGCGTGTGTCAATAACTTTAGTGAAAAAAATCACTTATATGATAAACAAAGTAAATTATGTTGAATAAACAGCTTGAGTGAGACATTTGACAGACTTTGCAAAATTTTTTTGAATTTCTCACTCAGCATATAAGAAGTAGTTGGTAAAGTTTCGTAAGTTTCATGATAAAATTTTATTTGGATACACAAGTTATTAGACGAGAACTGAGCGTTATTTGTGATGAATTCTTATTATATGAGTATTTACAAGACATTGTGAGGGGCGATTTTTGTGCGGGTTTTCCTATTTTTGCAATTAATAGCGCTTGTTATCTTTGTGTATACTATGTATTTTCTCCCTTCTAATCTGTATTTTATTTCCGTCGTTTCTATATTCATCATTGTGAACACGGTCGGGCTCACCTACTATATTTTCAGAGCTTGGGCAAAGGAGTTGATTGCA
NZ_CP014334.2_gap44	1993581	1995652	2071	TGATATTTACAACAGCGTATTCCGAGTACGCTGTAAAGGCGTTTGAAGAGAATGCGGTAGATTACTTGTTGAAACCTATAAAGAAAGAAAGACTGCAAGAAGCCATTGAAAAAGTCAGAAAATTGAGCTCTTTAGAAAGAGTGGGTATTTCTCAGAGTATAGAAAAAGTGAAGGATTTGGCGCAGAAGGTAAAGAGTGGAAAGTTTATTGTGGAGGTTGGTGATGAGATTCTATTTTTGAACGTTGACGAGATAGTTTTTCTAACTTCTGAAGAAGGTGAAACGATAGTTGTTGCAGAGGACAGGAAACTGAAGACAAGAACTTCTCTCAAAGATTGCGAAGCCAAGCTTCCTGCGGAAAAGTTTTTAAGGGTACATAAGTCTTACATAATCAATGTTGAGAAGATAAAGAAGATAATCCGGAATTACTTTGGTACGATAGCACTCGAGCTCTCAAATGGAGAAATCATCCCAGTAGGTAGAAATTACAAAGATTCGATAAAAAAACTGCTCGAATGAATCGAGCAGTCTATATTGTTATCTGATTTTAGCTCTCGATATTTGACAACAACTTGATTAGACCTTTCATCTTTCCATCCTTCATGATAGTACCGGATAAAACAAAAACATTTCTTTTTTCGTCATACGATATCGAAAAGAGCATGCCGTAGTCTGTATCGATGGTTTTCTCAACGACCTGTAGCTTGCCTGAGCTTTTGTCGTATTCAAAAAGGCCGTACCAAGGGAGTTTCTTTTCGCCATCGTATTTATAACCTGCAAAGTAGAGCATATCTATTCCATTTTGTCCTTCACTTTGCAAACTGTTCAACACAGAATGGATTCTCACGTTCTCACCAAATGTTTTTATATACTCCACTTGACCGTTTATTGTAAGCTTTGCGATGAATGCACGTTCGGTTCCCAATCTTTCAGAGTTAGCATCATTGAAATTTTCGTACACGTATCCGGAAACAAAGATAGCTTTCTCTGTGATAGACAAGTCCATAGGCCAGAGAGTATGTGAATTGGTTAAGACGGTCTGCCAAATTAACTGCCCAGCCGAATTGTAGCTAACAACATACCCGTCGTACCTTGTTCCGTCTGTGAATGAATTACTTGATCCGGCAACGAGTATTTGACCTTTCATTGGATCATAGCCGACAGCGTAAGCTCTATCCCAGCGTGTACCACCGAAGCTTCTATCCCAGATGATTTTTCCATCACTTGAGAACATAACAGTCCAGTAATCATGTTCGCCGAAGTTCGCTGTTACGTCGTTACCCTTGGCATAGTTATCACCGACAAATACGAAGTTGTTCCCAGCTCTTACCATTCGATATGCCCTGTCCCAATCCGGCCCCCCGTAAGTTTTTTGCCAAATAGTGTTTCCATTCTTGTCTAAACGCAAAAGCAAAACATCATATCTTCCTCTGGTACCTAAGCTTTTCGAAGAGGTTGTTCCAAGAGCAAAAAAACCCTCATCGATTTGAACAATATCATATCCAAAGTCGTCATTCTCAGCACCGAAGGTTTTAACCCATACGATGTTACCGTCATCATCGACTTTGGTCAAAAGTATTTGATATTTTTCACTTTCGTCATCTATGGTGGAACCTATTCCTACAAACCCATCAGGCGTGCTAATAACTCTTGATATCCGTGATTCGAAACCTTTGTCGATTGTTATCTCTTTGTCAATCTTTGCGGTTAGCTGAGTTGAACTGGAAATACCTTTTAAAAAGGCCAAAAACGTCGAGCTGCGTGAGAAAATGAATCCAAAACTAAGAACGAAAATCCCCAGAATTAAAAATAGCAGAGTAATTGAAATAAAGGTTTTTGATTTAGCATGTCTTTGCGATTTTTTGAGCTCTGGCCCACTGGAATGGGTTGAAGAACCTAGCGGATTAAGAGCCTCTCGATTTCTGAACGCTTTGTTCCTACGTGATTTACTATATTTTAAAGCCTTTCTCGTAGTATTTAGTTTGTCTCTGTCAAGTCTCAAATTTCTATGCCCCTTTCTTTGGCTATTTCTTCAAGGAGTTTTCTCTCTTTTGATGAGACTTTCCTTGGGA
NZ_CP014334.2_gap45	1997715	1998338	623	AAGTTTGGTAGTCCCTCTGTTATGTAATCTTCGTAACTCTCAACTGATAGTCTTTCAGTTATTTCCAGGAAACCTCGGCTGAGCGTTCCGAAATCGTTCTCTTTGAAGTTGTTTAAATTGCTCAAGTTATTTATTCGAGCGAGAATATCCCTAAGCTTGGATCTGAATTCGTTCAAAGTTAGTCCTGTCATTACTTTGTTGAGCATTTCTTCTATTTTTTCCGTATCGTCGAGTTCACTGTGTTGGATCGGGATTGATGAGCTTAGACCAAGCGATGTTATTATATTCGCGATCGAAAAATTCTTGCTTACAGGTGTGACAACTATCCTTTTTATCCTTAAAGTTAACGGACTCGGTTTTTCGATGACAACCATACCTTTTGTTGAAGAACTTAAAAGTTTTGCGGCACCTGTAAGGACCTTTTCCATATCACCGATAGGGAAACGTGCCGCAACTTCGACGTGTGTGCTCTTTGATTTTATTTCTTCTCTAATTTTCCTAAGTTCGTTTACATAAAACCTGAGACCTTTGTCCGTTGGGACACGACCAGCTGATGTGTGCGGCTGGTATATATAGCCTGTTCTCATCAACCGATTCATGTCGTTTCTGATAGTGGCACCAGA
NZ_CP014334.2_gap46	2004018	2007626	3608	CTCATAGTCCCATTCGCCGTAGTAACAAACGGTGTGCCTACAACACCAACCACACTTCACACACGGCGGGCACGCCGTTTGTTTTGCCTCATTCAGCATCTGTTCAAGTGCGCCTAAGAATTCGTCTGATAAAGGCTCAGAGTTACCCATAAGTTTATTCTCTCTCCTTGAATTTCAAAAATATCGGAGCACCAGTAAACGGATCGACCTGCTCTCTTATTGTTTTTCTTATCGCGTTTTGGAAACTCTCAGGCACTTCTAATTTATTCACAAAGAATAAAAACGTTGGTGGTCGAATATCTACTTGTAATCCGTAGTAGAGTTTCAGTCCATGAGGTGGTCGGGCTATCATCCTTTGAATGGCGGCATTCACAGCACTTGTTGGTACCCTTCTGTGTAGTGAATCGTAAGCGGTGTTTATAGACCTTACGAGTTCCTTGTAGCCCACGTGGTTTATCGCACTCGTAAAGACAACAGGTGCAAAGTCAACAAAATACAATTTTTCGCTGAACTGGTCCATAAAATCTTTGACCCTTTTATCCGCATGTTTGATCAAGTCCCACTTGTTGAAAACAACGACGATGCCTTTACCATTCTTCTCAGCAAGCCCTGCTATTCTCTGGTCTTGTCTTGTTATACCCTCCGTCGAGTCGATAACTAAAACTACCACATCGGAGCGTTCTATTGCGTCTATAGTTCTGAACGTGCTCACACGTTCTATGAAGTCTTCAATTCTACTCTTTTTCCTCAATCCAGCAGTATCAACAAAGAGGTAGTTTTTATCCCCGATTTTGACGATCTCATCTATTGTATCGCGTGTTGTTCCTGCTATCGGTGTTACAAGTGCACGCTCTTCCTTTACGATCATATTGAAAAGGGAAGACTTGCCAGCGTTTGGTCTACCAACGATTGCTACTCTTATGAGATTCTCCAACTTCGGTGCACTGCTCAAATCGTATCCTTTCTCTTCAAGCTTTGAGATGATCAATTCTACCAATTCGTCGAGGTTTTTGCTCTGTTCTGCGGAAACAGGGAAAGGTTCACCAAATCCCAAACTGAAAAGCTCGGGATAAACCTTTGAGTAGTTCTTTTCGCTCTCTGATTTGTTAGCTACTAAGATAACGTCTACCCCAGATTTTCTAAGCATATCGGCGATAGTATGATCTTCGGAAGAAAGTCCATTCTTTCCGTCTACCACAAAGAGTATCAAATCGCTTTCTTGCAGAGCCTTGAGCGTGAATTCTCTACTCTTTTCGTAGATCTCGTCTTCTTTTCCTTCAAAGATTCCGCACGTATCAACAAGCTGGAACGTTTTGTCAAAATAGACGACGCGGTCAACGACCGCGTCCCTGGTTGTTCCTCGCTCGTCCGCAACTATTGATTTCTTTTTGCCGATAAGCTTGTTGAAGAGCGTTGATTTTCCAACATTGCTTTTACCAACTATCAGCACCGTTGGTAACTTGTTTGTGGTGAACGATTTATTTGTCTGACCTTCAGTCTTTACTTGCTCCCCTTTCTGGTTCTTCGGATTCAACAGCATTCTCCAATTTTCCCTCCATACTCACTTGAGCTGTACCTTTTTGTTCTTCGTCTTTTGCTGTTTTCAAAGCAATTTCGTCATCGTGTGCTTTAGGACTTACAATGATTTTGTAAATATCTTTTTGTGGTTCAAGTTTGATGATTTTTCCGCTTACTTCGTCGCCTATGTTTAACGTTTCGTAGACTTGTGTTTTCGGTATGTACACTTCAACGCCTTCACAAAGACCGATGTAGCCTTTATCTAGGACTTTGATAATCTTTGCGCTTACCGTATCTCCTTCTTTGTGATTTTTGGCAAATTTCTCCCATGGGTTTTCTTTTGCTCTTCGGATGCTGACCTTGATCTTTTTATTTTCTTTGTCGATTGAGAGTATCTGGAATTTCACTTGTTCTCCTTCTTTTACAACCTCTTCTATTTTATCGACGAAGTTCCAGCATATTTCTGAAATGTTGCAAAAACCCGTTATATTTGGTTCAAGCTCGACGATAACTCCGTTTGGAAGTACCTTTACAACCTTACCAGTAGCAATGCTTCCTTCCGGATATTTTTCCGCAACCTTGTCCCACGGGTTTCCCTCAACGGATTTGTAGCTAAGCAGAATTCTTCTTTTCTCAGGAACGATTTCAAGTATTTGCAATTTAACCGCATCGCCAACGGCAACAACGTCAGTGACTTTTCCGGGTTTGCCCCAGAAGATTTCTGATATGGGCACGAGACCTTCAATACCATCATCAATCTTTGCAAAGAAACCGAACGGCTTTATCGATGTGACGATACCTGTAACTTGCTGTCCTACTTGGAATTTCTTAGTCACATTTTCCCATGGATCTGGCATCAGAGCTTTTAAACTTAGCGTTATTCTTTTTCTTGTTGGGTCGATTTCTTTGATTTGCAATTTTACGGTTTTACCAACTGAAAGTACGTCTGATGCCTTGGCATTCGTGTTGTAAGAAACTTCCTGATTTGGCAGGAAACCAGTCAAAACACCACCGATTTTGACAAATGCACCACGTTCATCGATGTTTTCAACAATACCTTCGACAACGTCACCTTGTTTTTTCGTTTGGAAGAATTCTTCAACAAGTTTTTGGAAAAGCTTTTTTCTTGAAACGACGATGTTGGTCTTTCTTCCGCGCTGCTCAAAATTAATGACTGCAAAGTGCATCTTTTCCCTTGGTAATTCTTCACCTTCCTTTAAATTAGATTCACTACCTGGAAGGAACGCTTCCACAACGTTTTCAAGAAGAACTCTGTATCCACCTTTTATCCTTTCAAGGATCCTACCTGTGACAGTCTTTCCCTCGTTGAATGCGTTTAATATATCTTCCATAACTTTTCTTTGCATCGGCTTTTTCTCAGAAAGAATGGCAGTTCCTTCTTCCTCGTTGAATTTTTCTATCCTAACAAGGATTTTCTGCCCCACTTTGTATTCAGAAAGGTCTCTGTAAAGCTCTTCAAGTGGTACAACACCTGTGCCCTTCCATCCAAAATCTACGTTTAATCCCGTTGGCGTAACCTCAGTCACGGTACCTTCAACTACGCGCCCCTTCCCCACGCGATTCTGTTCCATAGCCTTTTCAGATTCGTTGAGGAGTTCTTCAAAAGAAGGTTCTAAGTTTTCTTTTGACTCTTCAAAGTTTTCCTGCCCTTCCTGGACAGCGTTGTTGAGTTTCTCAAATTCCGCCATGAAAAGTTCCCTCCCACCGTATTTTTCAAGTATGTATTTGACGATGTTGCTAACATCGCTATTCGATGTTGAAGTACCACTTAAAATGCCAATCTTTGAACTGGAACTTGAAAGGGTCTCCAAAAGCTCAGCATCAGTAGAAATTACATGTTTAAATTCTTCAAGGTCTTCAATATGTATTGCTTTTGCATTGCCTTGCTGGTAAGCGATTTCGTAAAGCTTCTTTGTATTTGAACTGTTCTTTCCACCGACAACGATGACTAAGTCGCATTTTTCTCCAAAGACTTTGGCAAATTTTTCTCGCTCAATAGTGACATTGCATATGGTATTGTAACTGACAATTTGGCAATCCGGGTTTAGTGTTTTCATCAATTCTATGAA
NZ_CP014334.2_gap47	2148093	2149937	1844	TTGGACAACATTCGACCACACGGCAGCCCCAGTTCCAGTGTACGCATTTGGTCCTGGTGCACATTACTTCACAGGCTTCATGGACAATACCGACGTTCCAAAAATACTTATGACATTAACGAGAATTTCATCAATCACATTCCCTGTCATCAAGGAAACAGGTAGTGGATACTAATTAAGCAAATCCTATGTAAAACATCGCTTATGCTTTTCTAAATGATTATTCTCCCCTGCGCGTTTAACGTGCAGGGGCTTTTTGTTGTTTTTTAGGTTTTGTTTTAGACGGAAAAAGATGTAAAATAGAATTGTAAATACCATCCATTGATTATCTTAGGGGGGAGCAACGTGCCAAAGATGGATTTTCTTACCTATCCACTTCCAGATGTTTTGAAAAAATACATATATCAAGGTTTTTTCAAAAAAGCGCACAAGCAAATCGACAAGATATTAGAACACAGACTGCCACCACAGATGAGAGAGCGGCTGAAATTTGAACTGTTTAGAATGGAACTTCTCAAACGAACCTACAAATATCCCCACGACGAAGCACTTAGGATTTTCAAAAAGTCCTATAAGAACGCAACCAAGTCTGAATTTGAGCAGCTTTGGAAAGAGGGCAAAATCGACTGGATATACATCGAAACGCAGAGGTTTTTCGAAAGCAGGTTCGATAAAAACTTGGCTTTCAACGAGAAAGAATATAAATCGAGACAAAGAGTCGACAAGCAAACAATTCGAAGACGGGAGACAATAAACAAGGCGGTTGAAAGGTTGCTTAAGAGTGGAAAGCCGAAAAGCTACCGCGTGCGTGCAAGAATAACCGTTGGAAAGGAAAATCCGAAAGAGGAAAAGGTTCGCGTGTGGTTGCCCTTCCCAAAAGAGGGATTTCAGCAAAGTGATGTGCAGTTGATAAGTTCGAGCCATGAATGTGAGATTGCAGACAACTCGGTTGGTCAAAGGACGGTTTACATGGAAGGGAAAGATACGGAGAAGTTCTATGTAGAATTCGAATACACGATTCACGAATGGATTGGACAGCAGTCACTCTTCACTGAAAAGCCCACAAAAGAAGACCTCAGCGAGTTACCCCCTCACATCGTCTTCTCACCTTTCTTAAAAGAGCTCATCCATACGATATTTCACGGAGAAGACTACACAACTTTCGATGACCTCACTCGTGCAAGGAGGATATACGATTTCGTTACGCTAAACGTGAACTATTCGTACGTTCTTCCGTACGCACTGTACGATAATATCCCCGAATACGTAGCGACAACGTTCAAAGGAGACTGCGGATTCCAAGCGCTACTTTTCATCACGCTATGTCGAATGATTGGTATACCGGCAAAATGGCAATCGGGCTGGAGTATAACGCCACTGGGTGCTTCGTCGCACGATTGGGCACTTATCTATCTTGAAAAATACGGCTGGGTTCCTGTTGACCTTTCGTTTGGTGGAGGAAGAAGAGAACAAGAGCCCATGCGCATATTCTACTTCACTAACCTCGATGGGTTCAGGATGTTTGCAAACACAGAATTTCAAGGGGATTTTTATCCTGAAAAAAAGGCTTGGCGATTGGATCCCTACGATAACCAGACGGGAGAGATGGAAATTATCAGCAAAGAGGAAGACGGGTACGTAGTAGATTTAAAAAGCGAGATCGAAGTACTGAAATTCGAAGAGATTCGTTAAACTTGTTGAGATGGAGGGGACTGAAGATGGGTAAAATCAAATCTGTGAAATTCAAGCTGAATCGCTTTGAATACGTCAAACCGTTCCACATAACGAACAACATTTCGTACGACACAGAAAATATTGAAGTTGCCGTCGAATTGGACAATGGT
NZ_CP014334.2_gap48	2172208	2173670	1462	TTCTAAGTAATCCATTAACTTCAAAATCTTTTCTTCAAGCTTAGGTGGAAAGTCCTTTCTAACACCACCAGGGATGATGTACATATGGTAAATCCTTGCCCCCGTTAACTCCTCGAAAATGTCAAGAACCCTGTCTCTGTCAGAAACACTCCAGAACATACTTGTGTACATTCCGGTAGGTCCTCCGATACCACCAAATGACCAAAGGTGGTTCGCAATGCGGGCAAGTTCGAGCACAATCATCCTTATCCACTGCGCCCTTTCTGGGACTTCGACTTTTGCTATCTTTTCAATTGCCATTGCATAACAAGCTTCGTTTATATCCGGCTCAGGCACACAAATACGTGGTATCAGCGCAAGGTTCTGATACCAAAGTCTTCTTTCCATGAGCTTTTCGAATCCACGGTGCAAAAAGCCCGGTAGTGGTCTTGCCTTGACGACAATGTCGCCTTCCACGTACATGTGGACGCTGAAATTACCGTGCATTCCAGGGTGATTCGGACCAAAGAACAGCTTCACTTCACCCATTTATATCACCCCTTGTGTCTTCTAAATCTGCTCTTATTATCTTTGCTTCATGGATCGCATCCTTTTCGTATTTCCTGTCTGGGAAGTGTTCTTTTGAGAACTTCAATGGGTCAAAATCTTTTCTGAGTGGTGGTAAATCGTTCCAGAGCTCGAGGAAGAGTGGCAATCTGCATCTCTCGTTTCCTTCGAATTCCACACCGAAGAATTCGTGGACATCACGCTCGTAGTACTCCGCAGTTGGCCACATATCTTTGACGGTGTAGAAGACAGGTTTATCTCTGTCAATAAATGTAGAGACAAGGAACGTGACACCATTTGACCAGTTGAAGAGTATGTAAACAAGTTCGAATCTCTTCTCTTCGATCCAGTCGATACAAGTCAAAATGGAGAGATGCGAATAGCCTGATTCTTTCAGGAAAGCGAGCAACGGTATTGTCTTATCGTTTTCTGCAATGAGTTTATGCTGTCTTTCTGCAATATCTTCGACCCTGACATAGAAGAGCTTCTTAGCTTTTTCAAGTATTTCGGCAACGTTATTATTCATGGAATTCGTCATGGACAATCACCTCTCCGAGACTCCTCAACTGATTCTGCTTGTACCATTCGTAATTTTCCTTGTACCTCTTCCAGCCGTTCGCTTCGCCTTTCCTTATCATCTCCATCAGCGTATTAAAAGCGTTGAGTATCGCCTCCGGTCTTGGCATACAACCTGCAATGTAAAGGTCGACAGGTAAGTAATAGTCAAGTCTGTTGATTGTGGAATAAGAGTCGAAATATATGCCACCGTTTATCGTACATGAGCCGAATCCAATGACGTACTTTGGATCGGCCATCTTTTCGTATGTGTAAATGACCCTTCTGAGAGTTTTGGCACTCAGGTATCCAGTTATCAAGAGTATGTCGGCTTGTCTTGGAGTTGCCATCGGTCCCATCC
NZ_CP014334.2_gap49	2177063	2180751	3688	TCGCTACCGAGGGAACCTGAAGAGAGCGCTGCCATGACCGTGCTTGCTCCTGCAATGGATGCGTATGCGAGCGCTCTTCCCAAAGTTTTTTGCTTCATTGCGGCAAGCTGTGATACTACAATCGATATCAAAGAAAGTATGTAGACCGGCATTGGTTTAACAGGTTCCAAAACGTTGAAAAAGATTCTTGAGAAAAGGTAGAAGATAGCGACTGTTACTGTGCTACCAAGAGCTAGGGGTGTAACCGTCGAACCATTTGAATACACATCCGGCGCCCAAAGACCGAGTGGAAGTATCTTGAGCTCAACAAGAAGAGCGATGAGAATCATAACGCCTGCGATTTGAACGTACTCCGGTGTGGCTATGAAACCAGCGTATCCCATGTTGAGAGTTCCAGCATAGACATACATCGAAACAACGCCTATAAGGTATAAAACACCTGCGACTGAGCCGAAAATGAGGTATTTGAAAGCTGCGTAAGAATTCCTATTCTGCGCTGCCAACACGTAAGCAACTGCAGCAATGATTTCAAGGAATACAAAGGAATTGAAGAAATCACCTGTTAAGAGTAGTCCGTTCAGTGCAGCTGTGAGCACGAGCAAGAGCACACCAATTTTGTCTTCGTACGTTGCTGAAATCGAAAGTGCGAGCAAAACCAAATTGACTAACAAAAGGAACGGATAGTTCACATTATCAAGCAGCAAAACAATACCGTAAGCTGCAGGCCATTTTCCAATTTCTACGACCTGGACTGGATGGACAAAGCCTATCAAAAGTGCAAGGTTGAAAAGAACAACAAGTGGCAGAATGTATTTACTCAGTTTCGGAAATGCTATTGTTGCAAATGCGAACGCAAGAGGAGCGGCAACAAGCAATGCGATCATTCTATCACTTCCTTTGCTGCGCGAATTTCTTCGGCATCGACTGAGGAGTATTCTTCATGGATGTGCACCAAAAGCATGGAAGCAACTGCCAATGTCCCGACACCTATAACGATTGCTGTAAGAACAAGGGCTTGTGGAAGTGGGTCGACGAAATTAGCAAGTGGTGTAACTGCAGAATAAATAGGTGCTTCTCCACCTTGCAGATAACCGAGAGATACTATGAAGATATTTACCGCGGTGTCTATTATCGTTAACGAAACGAGCTGTTTGAACAGATTCTTCTGGGAGACTATGCCGTACAGTCCAATTCCTATCAAAATAAAGACGATGTAGTATATCATGCCTTATCCCCCTCCCTCATTTCAGATACAAGGCTTGACAACTCGGCTCCAACTTTGAAGCCGATGAGTGTATACACGATAGGTACTACGCCTGCACTGAATAAATTTCCAACAACGCCAGTTGGGAGGAAGTTTGCAAGAAAGACACCTACAATAGCCATGCCGATGAGTCCAACCAACACGTATCCAGAACCAGCGATCTGTTCTGTGTGCTTTGCAATTTCGGTCACTTTAAATTCGTTCTTCGCAAGCATCAACAACAAAACACCGAGTGCGATGATCGTTCCGCCGGGAAAACCTCCACCGGGAGTGAGGTGACCATGGATAAACACATAAGCTCCAAAGAGTAGTATAAGTGGGAAGACTATACCAGTAGCTGTAGCCAACACCTTATGTTCTTCAAATTCAATTCTTCGCTTTCTGATATTAGCAAGAATCCCAACACCGAGTGCTGCTGCAAACAGAACGGTGACCTCTCCAAGTGTGTCAAACGAACGGTAGTTCACAACGATCGATGTTACGACGTTTGCACTGCCGTCTTCCAAGTCTTTAGATTTCTTGAATTCTACAGGCTGGTATTCCTTCGTTGTTGACTTACTTATATAGTCGAAGGAAACTCTTCTGTACATATCGATATTCCCAAACATTGGGAGCGTCGGGTAATAAGAAGCAATTAAAAAGTACAGAAAAACAGCACTGATGAGAACTGCCCAGATCCTTCTCATTTCTTCTCACCTGCCTTCATCCTAAAGAGCGCAAAAATCATCACTGCGCTCGCAAGACCAGAGCCAACGGCTGCTTCGGTGATAGCCACATCTGGAGCTTTCAGGACGATGAAAAGCAGAACGGAGAGCAAACTAACTGCAGAGAGAGCAAGTATAGAATCGAAAACTTTCTTCGCTTCAACGGCGAATAGTGAGTAGATTATCATAAGACCTCCGATGAGGTAGAAAATCCAATCGAGAAGCTCAAGATTTTGGAAAAATTCGATAATATTACTCATGATTCTCACCACCGTTTTCTTGCGTTGTGTAAACTGAAGCAATTTCGTCAACAACCGTTTCCTTACAAGCTGGCACTTTATTTTTGTATGCAGCCCTAATCATAACAGAAGAGGCAACCGGGTTTGTTAGTGCAATAAAGGCTATTAACAACAACGCTTTTCCGAGGAACGCAGGGTTAAGTATCCCAACACCGAGCGCCACTGAGAACGTTCCAAGTGTCGTTGCCTTTGTCGAAGCCTGAAGTTTTGTGTAAAAATCAGGCATCCTCAAAAGGCCGAGCCCTGCGTAGAAATAGAAAAGTGCACCGAGTGCCGTCAAGGTGTATCCAACTATCTGCTGGATTAATCCTGTCATTTCACATCACCGTCCACGGATTTTGACTCAGCATTGTTAACAGCCTGATTTTCCAAATACCTTGCAAAGACTATGGTCTCGATAAACGAAAGCAACCCGTAGAGTATAGCGATATCCATGTACATGTTGTTTTTAAACATGTACGCCAGCAGCGAGATAAGACCTATAACCATTATGTTCATCATATCGACTGCCATAAGCCTTTCGAAACTGGAAGGTCCCAAAAGAAAGCGCAAAAGAGAAAAGAATATCCCTAAACCGGTGAGACCAAAGACGATGAGGTCGATTAAAAGGCTCCCGCTCATTCGTACACCCCCTTCAATATACGCTCAAATACACCGTAGAAACTCTTCTTAGACTCTTCGTCGGTTCCTTTAACTTCGATCCAGTGGATGTAAAGCTCATCATCTTTGATATCAACTGTAATCGTTCCTGGTGTGAGTGTTACTGAGTTCGCAAGTGTAAGCTTTGCAACGTCACCTTTCAAATCAGTTTTGATACGAACAAAACCGGGCTTCACCTTTACCTTTGGTTCAACCACCCTTGAAGCTACATCAAGGTTCGCCTTCAACATCTCCCAAATAAACACGGGAATGTACACGAAGACAAACTTGAACAGTCCGGGGATGAACTTCGCGCTGAGCTTGATGTTGTAGTACCTCTTGAAAATCACGGAAATAACAGCCGAGACGATGAGACCTACAATAATTTCCTGAGGGTCAATCGTCCAGGTGAGAACCAACCAAGTGAAAAAAGTCACAATAAAAACAGAAAAACTCACAAAAATCCCTCCCACTCAGGATTAAGATATTTTTCACAAAGTCCTTAAAAAAGAAGAAGTAGCAATTTTTAATACTAATTTTGACTTTGCTTGTGAAATGAAAATAGACAACAACACTCTACTTTTCTGGCATATTTTAACAACACACTTAAAAAGTGTCAAATACGAAAATAGGACAAAAAATGTCTGAAATAAGGGAAATATTTGCTGATTACGAGTTTTTGTTGTCGTAGAATGTGCTTTGAAGATTAGTCAAATCCCCAAGCGTATTATACCAAATTTGTTTTTAAAAACAAAATGATCAGAGGGCGAAAATTCCTCAAA
NZ_CP014334.2_gap50	2193572	2197512	3940	ATCTGAGTTTGTTTTACATCCTCTTCTACTTGGAATTTGTTAACACCGACGATTATCTCTTCGCCTTTTTCAACAGCGAGCTGGTGTTTGTAAGCGCTTTCGTGAATTTCTTTTTGGATATAACCAGATTCTATGGCCTTTATCATACCGCCCATCTGATCGATCTTTTCAATGTACTCCATCGCGCGTTTTTCGATTTCGTTTGTCATGGCTTCTACCACGTACGAACCACCGAATGGATCTATCGTATCGGCAACACCGGATTCGTAGGCTATTATCTGCTGCGTTCTCAGTGCGATTCTTGCCGATTCTTCCGTTGGCAAGCCAAGTGCTTCGTCGTAGCTGTTAGTATGGAGCGATTGTGTGCCACCAAGTACGGCGGCGAGTGCTTGAATTGTAACGCGGATGATGTTGTTGAGTGGCTGTTGAGCTGTCAATGTGGAACCACCGGTCTGTGTGTGGAACCTGAGTTTCAACGCTTCTGGATCTGTTACGCCGAATCTGTTCTTCATTATCTTTGCCCAGAGTCGTCTTGCCGCACGGAACTTTGCGATCTCTTCTAAGAAGTTGTTGTGCGCTGCGAAGAAGAACGAAAGTCTTTTACCAAAGACGTTTGGATCGAGTCCTTTCTTTATCGCAGCTTCAACGTACGCAATTCCATCGGCAAGTGTGAATGCAACTTCTTGAACTGCCGTTGAACCGGCTTCTCTGATGTGGTATCCGCTGATACTTATTGGGTTCCATTTCGGCATGTACTTCGAACAGTACTCGAATATGTCCGTGATGAGTCGCATGGAAGGTTCGGGTGGATAAATGTAGGTTCCGCGTGCAATGTATTCTTTCAATATGTCGTTTTGAATTGTTCCGCTGAGTTTGTCTTGTGAAACGCCTTGCTTTTCTGCAACGGCGATGTACATAGCAAGAAGGATCATCGCGGTGCTGTTGATGGTCATGGATGTGCTGACTTGGTCAAGTGGTATGCCATCAAATAAGATTTCCATATCTTCGAGTGAATCTATGGCAACTCCAACCCTTCCAACTTCACCTTCCGCCATTGGGTCATCTGAATCATAACCGATTTGTGTTGGGAGGTCGAAAGCAACGGAGAGCCCTGTTTGACCTTGTTGCAAGAGGTATTTGTACCTTTTGTTTGATTCTTCAGCTGTTCCAAATCCTGCGTATTGACGCATTGTCCAAAATCTTGCACGGTACATTGTGGGTTGTACTCCACGCGTGAATGGGTAGTCTCCAGGGAAGCCTAAGTCGTCAACGTAATCTAGATGCTCGATATCTTCTGGTGTGTAAACACGTTTGATTTCATAGCCAGATGTGGACATGAACGGAGATTTCCTTTCCGGAACTTTGGCTATCGACTTCGCAACAACTTCTTCGTATTTCGCTTTCGCCTTCTGGAATCTTTCATCCATCTGTCTTCTCCCCCTTCGCTCCAAAATAACTCAGTCTTGCGCATTATTTAATCCTTCATCCTTGCCTGTCAATCTCTTGTCCTTTGCTTTCCGTTTGAATATACGACTGCACCATCTTTTTGCCTGTTTCAGTTTTCAGTGCAGTCTCTTTGAATTCTTTCATCTTCTCTTCAAGTACTTTCATGCGTTGTTGGTCGCGCTCGTAAATTTCCTTTAGCTCGCTTTCGGTGAGTTTTGTAAGCAGTTTTTCGCGTTCTTCAAGTAATTGATTGAGTTTTTCGTAGTCTTCATTCTCTATGGCTTCATCGATTTCCTTCTCAATAGTTAATATATCACGCTCAATTTGATTTTCCATGGTCAATCACTCCAAACTTGCTAGCTTTTAGACTTTGACGCTTTGTTTTCTAATTCATCGAGGATTTCTCTTACAGTTTTCAGAGAAACAGGATGCACAAAATTCGGTGCTAATTCATACATCGGTTTCACAAAGAATATTCTATTCTCAAAATCGTAATGCGGAACGGTTAGTACATCACTCTTGATAACCAAATTCCCGTAGAACAAAATATCCAAATCGATGATCCTTGGCCCCCATTTTTCGATGCGCACTCTTCCCATTTCTCTTTCTATTCTGAGTAGTTCATTTAAAAGCTCGTCTGGTGCAAAGTTGCTTTCTATTTCCACGACACAATTCAAGAAAGAAGGTTGATCTGTTTTTCCGTAAGCTTCTGTTTCGATAATACTCGATACGGAAAGTACTTTTGATATTTCGCTTAGTTTTTCGATAGTCTTTTGTATGTTTTCTTCACGATTTCCCAAGTTTGTTCCAATACCTAAGAACACTTTACCGTGCAATTTCTCAAGTACAACAGTTGCGAATGCGAACGAATCGTGCGATAGTGAGGCATGAATGTAGTTGTAAAGACCGTTTCTTGATGGCTTATAGCGGTGATGCATTGCGTAAAGACTACCGTCAATTCTGTTTAAGAAAGAAATATCCTGAAACGAGTTTCCCGATAAACCTCTCAAGAGTGCTTTGAAGTAACTTTCTTTTAGTGCGAACCTGCCTGCGACGTATTCTTTAGTTATCTTCCCACCTTTATTTTTTCTTTCTTCTTCGGTAAGTATCCGTCTTTGGAGTTTTTCATCGACTCTGGAGATATCGACGATGTCGTTGCCCAGACCTATTATCAAATCGGGTAGCCTCCTTCGTACTCGTTAACGATAGACCAGTCAACGCAGATCTTCTCATCGTAGCGCTTTTTTAGGTACTGCTTTCCGACCTCACCCAAGATTGCGTAAATGAGCAAATCTTCATCAGTTGAAGCTAAAAGACCTATTTCTTTTTTTCTCTTTTCGAGTTCTGGTTCGATGTAATCTGCAGGTCTACCCTCTATCGGTTTTTCGTCACCCAGAATTTTTTTAACCAACTCTTCATCAATTGGTGCAGGTGGTCTTCCATAAAGGCCTTTTACGTAGTCTTTGACTTCCCTTGTGACTTTTGCATACCGTTCACCCGTTAACACGTTGAGTACTGCTTGCACACCGACGATCTGGCTTGTTGGTGTAACCAACGGAGGATAGCCAAGGTCTTTTCTCACGCGCGGGATCTCTTCAAGAACAGCGTCGAGTTTGTTGAGCATCTTTTGTTCGGCAAGTTGTTTAACAAGGTTAGAATACATTCCACCCGGAACTTGCGAGGTAATTATCCTGTGGTCTATACTGTACATCTTAACATCGTACTCTTCGTATCCCTTTCTTACCTCGGCAAGATACTTCACGATCCTGTCAACCTTTTTCCAGTCTATCTCTGGTAACGATTTGTATTCATTCCATGAGTAATAAATCGGTTCGAATGCGGGTTGGCTCGTTGTCATTGCAAACGGTGAAAATGCAGTATCAAGAATATCCACACCGGCTTCAATAGCGGCCAAGTACGCAAGTTCACCAAGTCCTGCTGTAGCGTGTGAATGTACTTCGACGGGCAAATCGAACTTTGATTTCAAGTTCTTGACCAGTTCTGCGGCAACCTTTGGTGTGAGCAGACCTGCCATGTCTTTTATACACAAAGAATGAACACCGCGTTCGACAAGCTGCTTGGCGTAGTTCATGTAGTACTCGATGGTATGAACTGGACTGACGGTATACGATATTGCACCTTGAACATGCGCACCGCACTTCAAGGCAACCTCTATGCTCTTTTCCAAATTTCTTATATCGTTCAGCGCATCGAATATCCTGATTACCTGTACTCCGTTTTCAACTGTCTTTTTAACAAACAGTTCCACAACATCGTCCGCGTAGTGTCTGTAACCAACGAGGTTTTGTCCACGCAAAAGCATCTGGACTTTGGCGTTTTTCAGTTTTGACCTAATCTGCCTCAGTCGTTCCCATGGGTCTTCGTCCAAATATCTCACGCATACATCAAACGTTGCCCCACCCCAGACTTCAAGAGCTTGGAACCCCATACTGTCTACTTCTTCTATTATCCCAAGTATATCCCTTGTTCTCAT
NZ_CP014334.2_gap51	2236953	2237453	500	TGTAATCACTACTTTTTTTATCCACATCATTCCAATTTGTAATACCGGCAAGACCTTCGTAGTCGAAAGATATAAATATTTTCTTTCTTGTTGTAGCCATGTCATCCACCCCTGTGAGTATTATAAAACAAAGTAGTCACTATATGAAGTCAGGCAAAAAAGAGCATACAGAAGCATACAAAAGCATACACGAGAATTGAACAGAATTAAAGAGCAAGTATGAACTTCCAAAAAATAGTGGCAATTTTCATAGTATACCTTGAGTGATTATTTCGAAATCTCTGAATGATTTATTCAAATAAACAATTTCTTAACAAAACTTCATAGACCATTCCTTGTGAGTAAAACATCATTCATGTGTTAACATAAAGTTTGTCTTGATTTTTAACATAGACATGTGAGATAATACTCAGTGCACAGCACTTTACCCCACCCCCCTTAATTTCATTAAGTTCATTTTCCTTTTCACTGCGCAATTCGAGGTGTGTTTATGGATGTTT
