gap_id	start	end	length	sequence
NZ_CP036280.1_gap1	134310	135044	734	GGCCGCTTCTCTGCGTCTGGCGTCACTAGCCGCACCCTGAACCAGCATCCGAACAGTCGACATCGCCGCACCGTTGCCGCGATGCGCTCGTCCCCATCTTCCAGTAACGGAGACTTGATATGCACAGATTCTCAACCCTGATCGCTGCCACCTCACTGACCTTCGCACTCGCCCTCACCGGCGGCTGCAAGACCAACGATGGCGGAGGCGACGCCATGATCCTCGCGTCCGAAACCAAAACCTGCAGCACCAGCTGTGACACCCCCTGTGACAACGGCAAAGCCAAGACACAAAGCGCTTGCTGCGGAGGATGCGGAGGCGAGAGCGATGAGTAAACAGAACCGGCTCGCAATGATTGTTCTCTCGGCCTCACTGCTGCTGATCGCCGGCTGTTCGACCGCGCCTCAGGCAGCCAGCAGCGAACCGACCGACGGTCACGACCGCGTCATCCAGCAGGAGCAGGTCACACTCTACGCCCTCGGCCTGAGCTGCCCGCTCTGCTCCTCCAACCTCGACAAGTCCATGCTCGAGGTGGAAGGCGTCAAGGCCGTCAAGGTCAACCTCGCCGACGGACAGGTCGTGATCGACCTCGACCCCGACGCGGGTGTGACCGTCGGCGAACTCATCGAGACCGTCGAGGCCAGCGGATTCACCGTCGACCGCGTCGAACTGCCGCAGATGTAATCACCTCCCACGCGGCTGACGGGCTTCACCGCCCGTCAGCCCTTTTGCTG
NZ_CP036280.1_gap2	151671	155593	3922	GCCTACCCCGTCGCCTCCTTCTACGAACAACCCCTCCTCGCCCAGATGATCCCCGCCGTCGGCATCACCGCCGCCATCAACGGCTTCCAGTCCACCGCCATCCACACCGCCAGCCGGCACCTCATGCTCGCACGCGTCACCCTCGTCCAGCTCATCAGCCAGGTCCTTGGCATCACCGTCATGGTCGCATGGGCATGGACCTACCCCACCGTCTGGGCACTCGTCGCCGGCGGCATCACCACCGCCGTCGCCAACACCGCACTCAGCTTCGCACTCCTGCCCGCGCACCCCCACCGCTTCGCCATCGAACGCGAGTCCCTCAAAGCACTCACCTCCTTCGGCAAGTGGATCTTCATCAGCACCCTCTTCGGATACTTCGTCAGCCACGGCGACAAGCTCATCCTCGGCATCTACCTCTCGACCGCCGACCTGGGCGTCTACAGCATCGCGTCACAACTCGCCATCCTCGTCTGGATGGTCAACGCCAAAATCGTCGAACGCGTCCTCTACCCCGCCTACGCAAAACTCCAGCACGTCTCCATCGCCGAACTCCGCGAACGCGTCTACCGCATCCGCAAGAGCGTCGCGATGACCCTCTATCCCGTCGGCCTCCTCCTCATTATCTTCGCTCAGCCCATCATCACCTTCCTCTACGACGACCGCTACCAGCACGCCGGATGGATGCTCCAGATACTCGCCGTAGGACACACACTCACCACCAGCACCAACGTCGGACCCTTCTACCTCGCGTGGGGCAAGTCACAGGTCTTCGCCGGACTCGTCATCGTCCGAGGTATCATGCTGCTCTCCGCCATGATGATCGGCGGATACGTCGCGGGCGGCGAAGGCGTGATCGTTGGCGTCGCCGCCGTGCCCCTCATCTACTACCCCGTCCAGGTCGCTATCTACGCACGATACGGACTCTGGATCTGGCGCTTCGACCTCGTCATGATCCTCGGCATCACGCTCGCGCTCACACTCGGCTGGGTCCTCTTCCCATGACCAGGATCCTCATCGAGCAAAGCGGCTACGGGCTTGGCAACGCCGGCGACGTCGCCATGCTCCTCTCACTGACCCAACGCATCCGCCGCAGCCGACCCGATATCCAACTCTCCGTCCTCACCGACAACCCCGAACGACTCACACGCATCATCCCCAACACCACCCCCGTCGACCCGCAGCACAAAGGATTCCTCACCCAGGACTGGTGCCTCCTCGGCGCTCTCCAACGAGTCCTGCCCGACGCGTGGAAGCCGCACCTGCTCCGGCTCGAACGAAAAACCTGCTCCTACGCACCACGCCGGGCCGCGGCATGTGTCGACGCAAGACCCAAGAAACGCCCCCTCAACCCCACCGCCCGGCAGACCATCGACTGGCTCGACAGCTTCGACGGACTCATCGTCAGCGGCGGCGGATTCCTCACCGACGTCTTCAAGCGACACGGACAACTCGTGCTCCTGCTCGCCGCCGTCATGCACCGCCTCGGTAAACCCGTCGCCATGCTCGGACAGGGCATCGGACCCGCAGACGACCCCCAACTCCGTAGCGACCTCCAACACACCCTCCCACGCGTCGATGTCCTCGGCCTGCGTGAGGGCGCTCACGGCCCCCGACTCCTCAACGAACTCCGCGTCCCTCAACACGCCGTCACCGTTACGGGCGACGAGGCCCTACCACTCGTCCGCGACAGCATCGACCCCAACGCCACCAGCCGCGGCGCCATCGGCATCAACATCCGGGCCGCCAGCTACGCAGGACTCCACGAGTCACCCGTCCCGCAGCACGTCGCCGACGCAGCACAACAACTCGGCCGCGACCTCCAGCCCCTGCCGATCTCCTGGAACCACGACGACAACGACATCACGCCCCTGAAGCACCTCCTCCCACAGCACCTCTGCGACGAGATCCGAGAACCCCTGTCGCCCACGCAGATCGTCCGCCTCGCCGGCCGCTGCGACCTCACCGTCACCGGCAGCTACCACGCCGCACTCTTCTCGCTCGCGCAGGGCATACCCGTCATCGGCATCGCCGCCAATGCCTACTACCAGTACAAGTTCCAGGGACTCGCCGAACGCTTCGACCCCCGCAACGTCACCATCATCAACCCCAACGAAATACGCTCCGCCGACGACATGCTCGCCCTCTGCCGCAGAGCACTCGACATCGACGACGACCGGCGTGCCGACCTGCGACAACGAGCAACCCTGCAGGCACAAGCCGTCTGCGACACCGGCGAGAAAGCACTCGCCGCCTACCCCAAACCAGCATGAACATCACCGTCCTCCTGCCCGTGTACAACGCCCAACGCTACCTCGACGCAGCGGTCAGCAGCATCCGCGCGCAGACCCACCAGAGCTTCAACCTCATCGCACTCGACGACGGCTCCACCGACCACTCCCTCGACATCCTCAAACAACACGCCCGTGAAGACGACCGCGTCACCGTCATTACACGCGAGAACCGCGGACTCATCGCAACTCTCAACGAGATGGTCGACCACGCCGACACCGAGTTCCTCGCACGCATGGACGCCGACGACATCGCCACACCCGACCGCTTCGAGCAGCAACTCAACACCCTCCGCAACGACAACGGCCTCGTTGCACTCGGAACCGACATCCGCATTATCGACCCGCACGATCGAATCCTCACCCACTTCAAACTCCCACGCGACCACGACGCCATCGACAACGCCAACCTCCAAGGCGGCGGACTCAACATCTGCCACCCCGTCGTCATGATGCGCACCGACGCCGTCCGGCAGGTCGGCGGATACCACAACGACTACCCCCATGCCGAGGACACCGACATCTTCCTCCGACTCGCCGAGGCCGGGAAACTCGCCAACCTCGAACACGTCGGCCTCCACTACCGCGTCCACCCCCAGAGCGTCGGCTACACCCACCGCAAGCAACAACTCCAGTCCGCACGCAAGGCCGCCATCGACGCCTGCACACGACGCAACATCCAGCCGCACCCCTCACTCACGAACCAGAACACACCCGACGAACAACCCGCCTCACCCGCCGACATCTACCGGCGATGGGGGTGGTGGGCACTACGCGACCAGCACCTCAAAACCGCACGACACTACGCCCTCAAGGCCACACGCCACGACCCGCTCTCCCGCGAATCCTGGCGACTCCTCGCCTGCGCCCTCCGAGGACACTGACACCGTGAAGCCCCTACGCATCACCTTCCTCCTCCCCCACGCCGGACTCTCAGGCGGCATCCGCGTCGTCGCCATCTACGCCCAGCACCTCCAACAACGCGGGCATAGCGTCACCATCGTCTCCACGCCCCTGCCCACACCAACGCTCAAGCAACGCCTCGCCGCCGCCTGCCGCGGCCACTGGCTCCCCCGCAAAACACCCCACGGCCCCTCCCACCTCGATAACCTCGACCTCGACTGGCGCATCCTCGACACCCTCCGCCCCATCACCAACAAAGACGTCCCCGACGCCGACGTCGTCGTCGCCACCTGGTGGGAAACCGCCGATTGGATGATGAACCTCCACCCCGACAAGGGCACACCCGTCTACTTCTGCCAGGGATTCAAGGAAACCGACAGCCCCGGACTCGAAGCCACCTACCACCTGCCAATCCCCAAAATCACCGTCTCCCAGTGGGTCGCCGACAACCTCCGAAGCATCAACAACGATCACCCCATCACCATCATCCCCAACGCCGTCGATACCCAACGCTTCGCCCGCAACACCAGCACCCCACGAAACCCCCTGCAACTCGGCATGGTCTACGCGCACGTCAGCATCAAGGGCTGCGACATCGCCCTCGACGCCTGCGAACGCGTCCGCCGGTCCGGACTGCCCGTCACGCTCACCACCTTCGGCAACGATCGCATCGATCCCGACACCATCCAACCCTGGCAAACACACACCACCCAGCCGCCGCAGCAGGACAT
NZ_CP036280.1_gap3	194557	198571	4014	GTCGAGCTGCGTCAGAAGGTGGCGTGGATCCGTGCGCTGCTGGGGCCTCGTCGTCTGCTGATCCTTGAGCAGCCGCTGGGTGGTGTTTCGGCGCAGGACGCGCGTGCGTTGGGGCGTTCGTTGGGGCAGTTTCGGGCGCAGGGTGCGGCGGTGATCTGGATCACGGACGTCCCGGTGCCGATCGACTGGCCCGGGATGCTGCCCGATTACCTGGCGCGTGTGACGGGGACCGAGTTGGCGGTGGAGCCGGGGATGCTGCCGCGTGGAGGAGATCCATGAGTCGACCGCTGGTGCAACGATACGCGGGGCCGGTCGCCGGCCTGTTCGTGGTGAGTGTTCTGATCCTGCTGCTGGTGCTGGTGCTGGCGGCGAGCAGCCGTGGCAACTGGTTTGCGCGCACGGTTCCGGTGACGGTGACGCTGCCGGAGGAGGGCGCATTTGGCCTGCGGCCGGGCGCGGACATCCAGATCCTCGGCATCGTCGCGGGCAACGTGACCGAGATCACGCTCGTGGGCGACCGCCTGGTGGCACAGGGACGGATCCGCGGGGATCTGGCGACGCTGCTGCGTGTGGATGTCCCGGTTTACCTGCGTCGCACGCTGCTGGTGTCGGGCGACACGTACCTGGAGATCGTGCGGAGCGAGGGGACGCCTTTTGCGGAGGGCGAGACGATGGTGCTGCGGGCGCAGACGGACCCGAGTCTCGAGTCGTTGCCCGGCGAGCTGCGCGAGACGCTGGCGTCGTTCACGCGTACCGCGCGGGCTTACGAGGGGTTGCTCGAACGCATCGAGGATCCGGAGGGGCGTGTGCAGCAGATCCTGGCGAACACCGAGTCGGTGACGCGTGAGATGGAGCGTGTGGTGGTGGCTTTTCGTGAGCAGGACGCGATCGGCATGATCGCGGACATGCGCGAACGTGTGGACCGGATCATCGCGTCGCTGGACAACCTCGTGGGTGTGGCGACGGAGGGTGTGGAGACGGCGACGGCGACGGTGCGCACGGTCGAGGAGCAGCTGACCTACCTGCCGGAGCTGGCGGAGGCGTCGGCGGAGACGATCAGGCTGGTGCAGGGAAACCTGACGCAGCTGCGTGAGATCATCGAGTCGCTCGAGCGTGTGACCGAGACGCTGAGCGACGAGCTGCGTGACTCGCCTGGCGTGCTGATGCAGGTCCGTTCGACGCTCAAGGAGCTCGAGTCGTTGAGCCGGGCGTTGCGTCGGAGCTGGCTGGTGACGGGACCGGAGCTGGGGCGGGAGCCGTCGGACGGTCCGGATGAGCCGGTGGGTGGCGTTGATCTGATTGGGAATCGCTGATGCGCAGGACGTGCTGGTTGTTATTGGCTCTGCTGCTGGTGTTGCCCGCCTGCCGGGGTGCGGGGCGTGCGTCGTCGCAGAGCGTCGAGACGGAGTACCACGGTCAGCTGGTGAAGCTCGCGCACGAGGCGATGGAGCGAGGCGACGCGGACCGGGCTGCGGACCTCTACCTGCGTCGGCTCGAAGAGGCGCGTCGCGTGGACGATCCGGAGGCGTTGGTCACCGTCGCGGCGTGGGCGGCCCGGGCGATGATGGCGGCGGGGCGCGCGCGCGAGGTCGCGCCGATCCTGAGTGAGGCGGAGCTGGCGGCCGATCGGCTGGGTGTGGTTCGTGCGGACCTGTCGCTGCTGCGTGGGGCGTCGGAGCTCCGCGAGGGCGAGGCGGATCTGGCGATTGTGTGTGTGGAGCCGATCCTGCGTGGCGATATCGCGGCGAGTCGGGATCAGCAGCTGGACGCGTTGCTGATCGCGGGGCACGCCGAGATGGATCGTGGCGAGTCGGGCAACGCGCAACTGGCCTGGATCGATGCGCGGGGGCTCGCTCAGGAGTTGGACGAGGCGTCGGCGTGGGCGCGGACGCTGCGGCTGGAGGCGCGACTGGCACGAGTATCGCGTGACGTGGCGCGGGCGGCGGCGACCTCGGATCAGGAGGCCGGCTACTGGCGTTCGGCGCATCGCTACCTGGCGATGGCGCACGCGTTGCACCGAGCGGCGCAGGCCTATGCCGAGGCCGGCGATCTGGAGCTTGCGTCGGATCGGGCGTTGCGGGCGGGCCTGAGTTTCAAGGCGCAGGAGCGTTTCGGGGAGGCGCACGAGGCGTTGCACCTGGCGCTGGCCGCGTCGGGCGAGGGGGGCGACGCCACCCGCCGGGAACTGGCCGAGCGTGCGTTGGAGGATGCGCGGCTGCGGGCGCTGGATGATCAGTCGGGCAGCGCGGAGTAGGTTGGTTCACGGCCCTCGAGCACGGCCCATACGTCATGCACCACCCACGACATGTTGTCCATGGCGGTGTCGGTGCGCGAGGCTAGGTGGGGCAGGATACGCACGTTGGGCAGGGTGCGGAGCGGTTCGTCGGGCGCGGGCGGTTCGGGGTCGAGGACGTCGAGGATGACACGGGCGTGGGGGTGTGCCTTGGCCCAGTCGGCGAGGGCCTGCTGGTCGATGAGCATGCCGCGAGCGGCGTTGATGAGCAGGGCGTCGTCGCAGAGGTGGCCGAGGGTCTGCTCGTCGAGCAGGTGGCGGTTCTCGGGTCGTCCGTCGACGTGCATGGTGATGACGTCGGCGTCGGCGAGGAGTTGCTCGAGGGGGACGAAGGCAAAGGGGTAGTCGACGTCGCGGCGGAGGTCGGCCTCGGGGAGCAGGTCGCAGACGCGGAGGTTCATGCCCAGGGCGTGGGCGGCCTTGCCCAGTCGTTTGCCGATGCGGCCGAGCCCGAGGATGCCGAGTGTCATCTGGTCGAGCTGTCGGCCGACGTGCTGCTTGCGCATGGTGTGGTACATGCCGTCGTCGGCGATGGCGGGCAGGTCGGCGCGGGGCCGGACGGCGTCGAGCATGAGGCCGAGGACGTACTCGACGACGGCCTGGCTGTTGGCGTCGGGGGTGTAGACGACCTCGATGCCGCGTCGCTTGCAGGCGTCAAGGTCGATGTTGTCGAGTCCGACGCCCGCGCGGCCGACGACGCGCAGGCGCGGCGCCGCGTCGAGCAGGTCATCGTTGACGATCGTGTAGGTGCGCACGATGAGCGCTTCGGCGCGGGCGAGTTCGTCGCGGAATCCGGGCTGATCGTGGGCGTGGCGGACGACGCCGCAGCGCTCGGCGAGCCAGTCGGCGGGATCCTGACTCAGGTGCTCGCTGATGAGCGCAGTGGGGGTGGGCATCACGCACCTCCGGCGGCGATGGGTTGAGACTGAATCTCAGTCGTGCCCGTGTCAGGCGTAGTACTGGGCGTTCTTCTCGACGAAGGCGGCCCATTCTTCGGGCAGGTCTTCTTCGGGGAAGATCGCCTTGACGGGGCACTCGTCGACGCAGAGGCCGCAGTCGATGCAGGTGTCGGGGTCGATGAACAGCTGCTGCGCGCCCTCGAAGTCGTCCTCGTCGGGTGTGGGGTGGATGCAGTCGACGGGGCAGACGGCAATGCACGCGGTGTCCTTGGTGGAGACACAGGGTTCAGCGATGATATGTGGCATGATTTGACTCCCATAACCCGGCGGACCGGGGGTGTTTACGTACTACCCCAGAGTATAGAGAGAGCAGCCGGTTCGGGGCAATGCCGCAGCGGATGAAGCTGATCGATACGCCGGGCGCAGACGGGTGCCCGCGGTGGCGTGCTGGCGCATCCGGGCGTCCGGGGCTATGCTCAGGGCATGACTCAAATGCGTTCGAGCGGTGTGATGCCGCGTAATCACCTGGCTCATGCGGACTGTCTGGAGGCGATGGCGTCGTGGCCCGAGGATGTGATCGACCTGATCTTCGCGGACCCGCCTTACAACATCGGGTTTGATTACGACGGGCACTATCACGACAAGCTGACGGACGATGAATACGTGGACTGGACCTGTCGCTGGATCGATGCCTGCGCACGGCTCCTGAAGCCGACGGGCAGCTTCTACGTGCTGATCGGCGACGAGTATGCGGCGGAGTGCCGCGTGCACCTCAAGAAGCTCCAGCGCGAGGGGCAGCTGCTGTTTCGCAACTGGATTGTC
NZ_CP036280.1_gap4	322080	322908	828	CGACGCTACGAACGCCATCTGGATGCCATTCAGCCAGAATGTCTCGGGCAGCTCCTGGATCCAGCCTGTCTCGGTGAACGTGCTCTTGAGATAGGGCACCCCCTCCGGCCAGAACAGGTTCACGGTCAGTGCGCCGAGTGTCGCCACGCCGCAACCCACAAACATCGCCGACCACGCACCCGTCACCGTACCCCGTGGCCAGTAGAGCCCGCCGATGAGTACGGCGCCTGCCCCGCCGGTGAAGATGGCACCGGTCACCGCGAAGTACATCGCGATGTACTCACGCAGCGGAAACACCATGCTGAAGCACCAGGCGAATAGGGCGATCCCGAAGATGCTCCATCGGAGTAGTCGCAGGTGGTGCTCGGGATCAAGCCGCGCATCGCGGCCTTGCCACAACTGATGAAAGGGTAGATAGACGTCCTGCACGAAGATCGATCCCCAGGAATGCATGTACGTCGAGTCTGTGCTCAGCGCCGCCATCAGCATCACGGCCGCAAGCATCCCCATCAGACCGACCGGAAGGACCTCGGCGAGAGCAACCGTCGTGGTCATCTGCTTGGCGATCTGCGCGTCGCCGATGGCGTCTAAGGTTGCCTGGGCCGAGGCGGCGGCCGCTTCGTAAGCCGGTGCGTGCATGAGAACGTAGGCGCACACCGCCGCCATCGGGATCAGCATGAACGTCACCCCGGCCCGGAACTGGCCAAGAATGCCCGCCATCTTCGCCTCGTGTGGCGACCGCGCCGAGCTGTTGTAGCCCTGGCTGCCCTGCCAGACCATGAACGTGTAGATGTACAGATAACCCTGGATGAAGAAGAACATCGGGTT
NZ_CP036280.1_gap5	335643	336693	1050	CCACACCCGATACCGCCCTCGTTGCCGGCGAGATCCCCGTGGGTGTCCCCGGCGACTTTAACGGCGACTCCGTCGTCGACGCCGCCGACATCGATATCCTCCTCACCGACCTGGGGGACCCTGCACTCGACCTCGACGGCGACTCCGATTCCGATCAGGACGACGTCGCCTTCCTCCTCGGCGACATCCTCGGCACCGCCGCGGGTGACGCCAACCTCGATCAGGCCGTCGACCTCCTGGATCTCAGTGCCCTCGCCGCCAACTTCAACGTCTCAGGCGTCGGCTGGGCATCGGGCAACTTCAACGGCGACGCCATCGTCAACCTTCTCGACCTCAGCACCCTCGCCGACAACTTCGGTTTCAGCGCACCCGCCATCCCCGAGCCCACCTCCCTCGCACTCCTCGCCGCAGGGGCCGGGGCTCTCGGCACACGCCGGCGACGCTAACCCGCTGACTGTTCGGCCTCAGCCAGCCAGCGATGGGATGCATCCGTATGCGTGAGACGCCTGCGACGAGAAAGAGGGTCTTGCTGATCGGCTGGGACGCCGCCGACTGGCAGATGATCGACCCGCTGCTCCAAGCAGGCGCGATGCCGAACCTTGAGGCATTGATCGGCCGAGGTGTCCGCGGCAACCTCGCCACCATACGACCCATCCTCTCGCCGATGCTCTGGACCTCCATCGCCACAGGCAAACGTGCCGACAAACACGGCATCTGCGGATTCACCGAACCCAAGCCCGACGGCACAGGCATCCGGCCCGTCACGAGCACCAGCCGCGCCACCAAAGCCGTCTGGAACATCCTCAGCCAGAAGGGCTATACCAGTGCCGTCTGCTCATGGTTCGCCTCTCACCCCGCAGAGCCCATCAAGGGCTCCGTCGTCACCGACCAGTTCGCACGCCTGCTTGCCGTCCTCGACCACGATATCGACCCCGGACCAGGGACCTTTCATCCCCCCGAACTCGCCGAGCAACTCAACCCCTACCGCGTCGACCCCCGGATGCTCGACGCCCAAACGCTCCTGCCCTTCGTCCCCGCTGCCGCCGAGAT
NZ_CP036280.1_gap6	338729	341725	2996	CCCTCAAGACCTCGACGAGTTCCACACCTACCGCTTTGACTGGTTCGCCGGTGAGGGCGTCACCTACCCGCGCGTCGAGTTCTACGTAGATGGCGTCCACCACTACACCAGCCGCGAGTTCGTCCCCACCATCCCCGGACAATTCACCGTCGGCCTCTGGTTCCCCTTCAACTGGGCAGGACAGCCCGACTTCGTCACACGCACCCTCGAGATCGACCGTGTCGCCATCACCCCACTCGCCAACATCATCCCGGGCGACGCCAACGCCGACGGCAACGTCAACCTCACCGACCTCTCTCTCCTAGCCACCAACTTCGGATCCACCGAGGCCGCCTGGTCGCTGGGTGACTTCTCAGGCGATGGCAACGTCGACCTCGTCGACCTCTCGTTCTTCGCCAGTAACTTCGGACATTCAGCCTCCACGCCCGAGCCGGTCACCTTCTCCCTCGCACTCCTCGGCCTGCTCGCCTCCACCCGGCAACGATCCTGACGGCCAGTGCCAGCGAACTGTTTCTTCCACCGGAAAAGGGGCCGCTCGTACACCCTAAGCATCCGGTAGACCTGCGCCTCTCCCCGTATCCTGATCCATTCGTGATGCTCGTCTTCAGCGATATTTCGGCATTAGATTTGGAAACCAAGAAAGTACTGCAGGCCTGACTCTAAATGAGAGAATTGCGGATACTACGAGAAGTGCGAACTGCTACGAACACACGCGAAACTTGCGAAGAACGCGAATCTTGCTATCCTGCATTTCAGCTAAGGCTTGCAGCGTTTTTCGACGCCCTTGGATATCTTTTTCCCAAGCTGAATGTCGAGGGTTCGAGTCCCTTCACCCGCTTTCTTTAGCTCTTCTGACGATCAACGCCTTGTGCTGCCAATCGGCCACACAAGGCGTCTTTGTTTCGCCCACGTCGCGAGTTACGCACCGGTCGCACCAACTAGCCAACGCCCGCCCCTCGCCAACACACGCCAACGTGTGCCATCCGCTTCCGGGGGCGGCCTGCTGTCCGTGCAAGGATCCGTACCAGCGCCCGGCCATTTCCGGGTACCACGTGCAAGGTTTCGTGCAAGGACTGGGGACCAGAGGTGGGCCTATCCCGCCACGGAGAGAGGCTGATCGGAGACTTCACTCGCTGGTGTACCGAAGGTAGGCAGCGTCTCCACCGCCTGGGCCACATCGAGCAGAGCCGGGTCGGTGTAGACGTTCATGGTGAGTTCGAGACTGCTGTGTCGCATGGCGGTCATGGCGACTCGCGGTGCAGCACCCGCCCGAGCAAGCTGAGTGCCGAACGTGTGGCGAAGGGCGTGGAGGTCGACCGCTTCGAGAAGCGACAGGAGGCCATGGACGGCAAAGGCATGATCGTGTGCATGTCCCGCCGTATCTGTGTGGAACTCTGCGACGAGATTATCAAGCTGCGCCCGCAGTGGCACAGCGGAGAGGATGGCAAGGGGCAGATCAAGATCGTCATGAGCGGCTCGGCGTCTGACGTGGCCGAGTGGCAGCCGGGAGAAGGTGGTGTGGACGGAGTATGAAAAGGCCGCCTGTGAAGGCGGCCGGGTGTAATAGATCAATCGACCGTCAGCGTGGGGCTAGTGTGGCCACACGGGGCCGGTCAGTGTTGACCGCGTCTGCTCGCCAAGAGTCCTGCAAGTCCCAGGAGCGCCAGGGAACTCGGCTCGGGCACCTGTGTGCCCTCGATCTTCAGGTTGTCCACGTTGGTGCCGCCGCCGGACCATCCCTTTGATGAACTCAGGAAGACCTGGGCTCCATTGGCGTAGTTAGCGTAGTTAAGGTCGTGGCTGTTGGCCCCGACGCTCTCGCCGTTGTGGAAGACTTCAACGTTGGTAGGCCCAACCGACAGGCGCCATGTTGCCTCATAGTTGTTGCTGTTTGCGATGGACGCGATCACGCGGTTCTTGAAGCTTGCGTTCAGATTACGAACGAGCACCTCGACATCGTCGCTCCGCCTCTGTATCTGGACGATCAGACGGACACTCTCGTCGTCGATGGATTGAATGCCGAAGCTCGTGGGAGCAAAGGCTCCGCTGCCTCCGATGATGTCGAGGTCGATCGAGATCGGTGTCTCGGCATCCACCGTAAACGCCTCGGGTCGAACCACTGAAGCGTCGCCACTGCTTGAGAAGTCAACCCGCAGGCTTTCATTGTTTCCCTGCAGGATGACCGCAGGGCCTGTTGTGGTCACTTCGTACACATCTTCAAACGCTGTCTGGTCGGCGTAGGTCGAGAAATCATCGGTGATGATCTCGCCGGAAACCGCGGTTGCCAGCGTGAGCCCGAGGGTCACGCTCAGGGCCAGTGAGCCGGGGTTGATCTTATCCATGTTCTCTATCTCCTATGTGAGAGCATCTGTTCACGAACCCCAACACGGGGAACGTTTTTAGGCTGAATCTTCGGGTGGGCTTAGTACCCTAGCCAGAGTGTCTCGTTGGACGTCGGTGTATCCAGAAACTCCGTGTTCGACAGGGAGGAAACGTGCCCGTCTGCGTAGAGGAGGTTGTGCGCTTCGCCCGGGTGTCGATTGATCACGGCTTCCAGGCGGCTTTGCAGCTTCGGCAGGCCTGCCCACGGGTGGATGCTGATAAAGATCGACTTCCCGTCGGACTGCGTGAAGGTTTCGGAAGGCGACATGATCTGATCCGGGCGTTTGTAGTGCCAGTGCCGGCCGGGATTGTCATTGTTCGTCTTGTTCCAGTGCAGCGACCCGTTCATGACGTAGCCGCGATTCTCCCAGTCAATCACGTCATGATCCTGCTCCCATGACGGGCAAACAAACTCTGATCCTTCCAGTTCCTCAAAGGAACCGTCCTCGATGGGACGCCACTGGGGGTCGTCCCGTCCGGCCACGTAGGGGTAGAGGATGCGAATCCAGGTGCGTTCAGCAAAGGGGGTCACGGGGTTGCTGTCGTAAACGCTGGGCCAGTAGGACTGGAAGTCAATGCGGTACGCGGCCAGCCCGATGCCGAGTTGCTTCAAG
NZ_CP036280.1_gap7	368885	369636	751	TCTCCGATGCGGATCTGGTCGATCCGGCCAAGCCGCTGGACATCGTTGACCTTGAGGCTTCGGACCTGTTTGAGACGGGCGACCTGCTGAACTTCGTCAGCCAGCGTTCGGTCTACCTCCACGATGTTGCTGAGGACGTCAACCTCGCCACGCTCGCCGAGGCCGGCCTGCTGGTCGCGGGTGACCTGATCGTGAACCGGGCCGGCGAGCTCGCGGAGTTCGTAGACGAAGGACTCCTGGGCAAGCAGAGCTTCCGGGACGTCGCGATCCCGGTGGCCACGATCACGGACAACACGACGCTGAGCAGCACCGACCTCAACAATCAGGGGATCGTTGATGCGGGCACGGTGTCGCTGCATGACCTCATCGATGCGGAGATCATCGCGCTCGATCAGCTGATTACCGATGGCGTTGTCACGGTTGCCGATCTCGTAGCCGACGTGACCTCGCGTGACGTCGATGATGTTCTCGATGCCGACGCACTCGAGCGGGCGATTCTCGAGGACGCGGGTGTTCTGACGGGCGCGGAGAACGATCGGGTCCGTCTCAACGGCTCCAGCAGCCTCCTGAGCGAGAACCTGGCTACGCTGCTGGCGCTGACCACCCAGCGTGTGGTGAATCCCTCGCACTTCGACGCGGGTGCTTCGGTGGACAAGGATGACCTTGTCACGGCGGGCCTGCTGACCGAGGTTGATCTCATCGAGGCCGGTCTCGTTTCCGCCGCGGAATTGTCGGTGACGTCGATCGGGCT
NZ_CP036280.1_gap8	557874	562282	4408	ACAGCAAGCTCAGTCAGCTCGAGTCGCAGCTGATTGACGCCCGCCAGGAGCTGCAGGCGGCGACGCGCCGGCTCGACAGCCGCAACCTCGAGCTGGCGAACCTGCGCAAGTCGATCACGTCCCGCAAGGACGAGGCTCGCTACCTCTCGAATCTCTTGTCGGAGTACCTGCGCAACCTCGAGCCACGCGTGCACATCGCCGAGCTCCAGCGCTACGAGGAGCAGATCGAGGCGGCCCGCCTCGCGCCCGAGAACACCAACCTGACCGAGCAGGAACGCTTCAACGTTCAGCTGGGTATGGTCAGGACCTCGATCGAACGCCTGTTCGACCTGCAGGGCGGCGCGAGTTACGAGGGGTACGCCGCCGACGAGCAGGGCAACATCCACGAGGGCACCTTCGTGGCGGTCGGTCCCGAGGTGGTCTTCAGCTCGAAGGACGGCAAGGTGGTCGGCACCGTCGACGCCCGCCTGAACTCGGCGGAGCCCACGGTCACGCCCTTCAGCGACGAAGAAGACACCCGTTTGACGGCACAGGTTGTCGCTCAGAGCGAGGGCATGCTGCCCTTCGACCCGACGCTCGGCAACGCGCACGTGATCGAGGCGACGCAGGACACCTTCATCGAGCACGTCCAGAAGGGCGGCCCGGTCATGATCCCCATCTTCCTGCTGGCGGGCCTGTCGCTGCTGATCGCCGTCTTCAAGTGGCTCGGCCTCGCAGCGATCACCAACCCGTCGCGCAAGCGGATGCAGGCGCTGCTGACTGCCGTCGAGAAGCGCGACAAGCCCGGCGCGATCGCCGCGGCCAAGAAGATCGGCGGGCCCGCTGGCGAGATGCTGACCATCGGCGTCGAGCACCTCGGCGAGGCACGCGAACTCATCGAAGAGCTCATGTACGAGAAGGTGCTCTCCTCGACGCTCCGCCTGCAACGCTACCTGCCCTTCATCTCGATCTGCGCTGCCGCGGCGCCGCTGCTCGGCCTGCTCGGCACCGTCACCGGCATCATCAACACCTTCGAGATGATCACCATCTTCGGCACCGGTGACGCGGAAACCCTCTCGGGCGGCATCTCCGAGGCGCTGATCACCACGAAATTCGGACTCATCGTCGCCATCCCCTCTTTGTTGCTCTACGCCTACCTCTCCCGCAAGGCGCGTGGCATCATCGACGGCATGGGGCAGGCCGGCGTCGCGCTCATGAACCAGATCGGCAAGACGCCTTACACCGAGAAGAAGGAGGCCGCCTGATACAGGCGCGACGCGTGTGATCACCCTCAGCCAGCTCCAACCCCAACTCCAGACCTTCTGGACCGACGCCACCCAGATCTGGCTGGCCGGCGGCTGGGCCATGATCGCGATCGCGGTCGTGGCGATGGTGCTCTTCGCCGTGGGCATGCACATCTACCTCCGGCTCAAGACGCGCAACGTGGGCTACGTCAAGGAGTCGACCTGGCGCACCTGGATCGACAAGCCCGACGAACGCTACGGGCTCATCGGCGAGCACCTCGACTTCGTCAGCGGCATCACGACGCTCGAGGGCATGACCCAGGCCTTCGACGAGCTGCGCACCAAGGAGATCACGCCCTACAAGCGCGACCTGCGCGTCATGCGGATCTGCGTCTCGGCGGCGCCGCTGCTCGGCCTGCTCGGCACCGTCACCGGCATGCTCAACACCTTTGGCGCACTCGCATCGGGCTCCGGCGCCGACGCGACCATCGACCTGGTGGCCGGCGGCATCTCCGAGGCCCTCATCACCACCGAGACCGGACTCGTGATCGCCATCCCGGGTCTCTTCTTCCAGTACCACCTCAGCCACATGATCGAACGCTACCAGGCGTTCCTGGCCCATATGGAGACCGCCTGCATGCAGCGGCTCTACCGCAAGCTTTCCTCGAAAACGGAGACCAGGCCCGCCGCATAACCTGCGACGGAAACGAACAGACCATGGGACGCTTTACGGACTACCAATCCGGCGACGACGGGGAAACGAAGGTCGATATCTCGCCGCTGATCGACTGCGTGTTCATCCTGCTGATCTTCTTCATCGTGACGACGAGCTTCGTGCAGGAGACCGGCATCGAGGTGGACAAGCCCCAGCCGAGTAGCCAGCCGACCAACGACGAGAAGACGACCATCGTCCTGCGCCTCGACGAGTCCGGACGCGTCTTCTACGAGGGCCGGGACATCGGGATCGCCGGCGTGCAGTCAGAAGTCAAACGCGTGCTCCAGTCCGAGGAGGCACCGGTGATCGTCCAGGCGTCGTTCAAGGCGCCGGTCGGGTCGCTGGTCCGCGTCATGGACGAGGCACGGATCGCCGGCGCGACCAGGGTCAGCCTGGCCCAGACACAGTGAGGCAGGATCAGGAGCACCATGAGCCGTTTTGAACGCCTACGCGAGGTCGAAGACAGCCCCGACATCGACATGTCGCCGATGATCGACTGCGTCTTCATCATGCTCATCTTCTTCATCGTCGCCACCACCTTCATCGAGGAGTCGGGCGTCGACGTCGAGAAGCCACGCGCCGCGACGCAGGCCAACCTCGAACGCGAGAGCATCTACATCGCCCTGACCGCCGAGGGCGAGGTCGTCTACGCCGGCAAGCAGATCGGCATCACCGGCGTACGGGCCCTGGTTAGCCGCATGGTCGAAAAAGACCCCGGCATGCCCGTCGTCATCGAGGCCGACCTCGGGGCGGAGTCCGGTAAACTCATCAAGATCATCGACGAGGCCAAGCTCGCCGGCGCGACCAAGGTCAGCATGGCGACCAAGCTCTCCCAGAACTGACACCATGACGAGGAAGCGAACAACCCGACAGGTTCACCCGCTGCTGCACCACGCCGCCGTGCTGGTCTCCGCGGCCCTGTTCACACTCGGCCTGTTCCTCGTGCTCCCCGTGATGCAGTCGATCGCCAAGCAGCCGCCGCCCGACACCCGGCTCCAGGGCGCCAACGTCGCCGACGTCCCGCCGCCGCCGCCGCCGCCCGAGGAAGAGCCTCCCGAGGAAGAGCCCGAGGAAGAACCCCCCCAGTTCGAGGAGGCGCCGCCTCTCGACCTCAGCCAGCTCGAGGTCGCGCTCAACCCGGGCGGAGCCGGACTCTGGTCGGGTGATGCCTTCGCCCCGAAGATCAACACCCGCGAGCTCATGGGTGGCGTCGACGACATCCTCGCCAGCATGGGCGACCTCGATTCGAGGCCCCGCGTGGTCTACCAGCCCGGGCCGATGCTCGACGCCAAGCTGCGCAAGCTCGCGCCGGCGACGGTCTACGTCATCTTCATTGTCGACACGAACGGCCGCGTCGAGAACGCCCAGGTACAGAATCCCCTGCACCCGTCGCTGAACAAGGCGGCGCTCAACGCCGTCAAGCAATGGAAGTTCGAACCCGGCATGAAGAGCGGGGAGCCGGTCCGCTTCCGCATGAGAGTTCCCATCACGTTCCCGGAAGGGTGATCCGTCATGATCTCACGACTCGCACTCCTGAGCCTGATCTGCCTTGGCACCGCCGGCTGCGCCGCGCTCAACGCCAGGAACGCGGCCGCCGAGGAGGAGCCCATCGTCGCGACCGCGCCGGCCGAGGGTGACACGCGCGGCGCCGACCTCAGCATCTGGGACGACAGCCGCTTCAAGGACCAGTTCACCGACTCCTACGTCGCCGACACCGAGATCGAGCCACGCGTCACGACCATCGAACGCGACGTGATGCTCAGCGTCATCGAGCTGCTGCGCGAGGCGGGCGACCTCGAGGGCGAGGCACGACTGACCAAGCAGGCCGAGGCCATCGAGGTCATCGAGGAGGAGAACAGCGAGACCGGCACCGCCGTCTTCGACTTCACGCTCGGCAACATCTACTTCGAACAGGAAAAACTGCCCGAGGCCGAGGTGGCCTACCGCGAGGCGATCGAGAAGCACCGCAAGTTCCGCAGGGCCTGGCGCTCACTCGGCATGCTCTACATCCGGCAGAGCAACTGGGAGCAGGCGATCGAGGCGATGACCAAGGTCATCGAGCTCGGCGGCGGCGACGGGATCACCTACGGGCTCATGGGCTTCGCCTACTCCTCCATCAACAACCCGCTCTCCGCCGAGTCGGCCTACCGACAGGCGATCCTGCTCGAGCCGGGCCGTCTCGACTGGAAGATGGGCCTGGTGCGCAGCTTCTTCCGCCAGCAACGCTTCGCCGACGTCGTCGCGCTCTCGAACGAGATGATCGAGAAGGACACGTCGAACGCCGACCTCTGGCTGCTCCAGGCCAACGCCTACCTGCAGCTCAACCAGCCGATGGACGCCGCCGAGAACTACGAGTTCGTCGACCGCCTCGGCAAGAGCACGCCCGAGACGCTCAACATGCTCGGCGACATCTACCTCAACCAGGAGTTCTACGACCTCGCCGTCGCCAGCTACATCAGGTCGCTGGAGC
NZ_CP036280.1_gap9	594699	599358	4659	CGCCAGCCACCACGGCATCTTCCGGCCCGCCAGAATGAACTCGTCCGTGTTGCTGCCCGCACGCTTCGCGAGCTTCGCGCCCAGAACAAGCAGACCGACCATGAAACTGACCACGACGGTCCAGTCAATCCAGTGCATTTAATATTGTCCTTCTTAGCTAAATCAGCGGCCGTCAGAGCCGAGGATGGTGATGGAATAGCCCGGAAGACGCAGCGACGAAGACAGCCGCAGCTCCGCACGATCAAGCAATTCAGGCGAACTCATGTACAGCGTCGGCGCACCCGAGTACTGGAGCCCCACGTCCTCGGTGATCCCCAGCGAACGCACGTCCACCTCCACCGCGTCAGGCGTCAGGTTCAGCAGCACGCCCCGCGGCCCGAGCTCCCCGCCCGAATCCGAGAAACGCCAGCCGCGGATCAGCGGCAGAGGCGACGACCCGCCCTCAACCTCCAGCTCAACCTCCCCACCGAAATCAACCGACGCCACACGGTCACGGCCGTTCGCCGCGTGACCGAACAACGACATCACCAGGCCCGTCGGCGTGACGGCAAGAGGTTCGGCCTTGGCGTCGGCGTCCTTGACGAGAAGGCCGTCGAAGGTGGACCCGTTGCGGTCGTGCAAGGCGTTGAACAGGTTGCCGCCGTACGGATTGTGGAAGCACAAGAGCGTCACGTTCTCGTCCTCGAGAAACACCGACAGCATCGAGGACAACGCCAGGCCCTGCGCCCACGTGTGACGCACACCACCCATCCGGTCGTTCACGTTGAACTCCGTCAGCCACAGGTCATAAGGCGTAAGCTCCGGGAAGCTGTGACGGATGTGCCCCCACTCCTCGTGCGGCACCAGCATCATGAACTGAACCGCCTCCGGATCCTGCAACAGACGCGCCTGCTCGTTCTGCTGCTCCGCACTGCCCCACGGCCGCGGGCCGCCCGGCAGCAGCCCCACACCCGCGTACGGGTGAAGCGTCACCGCATCCACCTCATCCGAAAGGTGCGGGATCACGTGCTGATTCCACGTCCGACGACGCTCGCTCACGTGAGGCGGACCGCCGTCCGAACCGATCACCGCAACCTTCGCCTCCGGAAACTCGGCCTTGATCGCCGACGTCCACACGTTGCACGCCTCCGCGTAAGCCTCAGGCGTCGGGAACTTCACGTGCACCAGCGGCTCCGCACCAATCCCGAAAAAATACTCGTTCCCCAACTCAACGTACTTCACCGGCATCCCCAGTCGCTCCGCGCGACGAAGCTGCCCAAGCTGATTCTCGAGGTCCTTCGTCACCATGTTCAGCATGAACACAGGCGTGAAACCCAGACGCTTCTGACCCTTCGCGTAATTCTCGAGCGTGTACGTCCGCGAGTCCTCCACCATCCCCTGAACCCAGTGCATCATCCGATCACGCGGCGCGTTCCGGTCAAGCCACCCCGTGTCCCAGTCCCAGTAATTCCCGATCGTGCCGGCCGGGTATCGGAGGTTGCCCAGGTTGAGTTGTCGCATCGCGTCGGAGAGGTCGCGGTTGTCCCAGAACTGCGACACCGCCGTCAGGTTGCCGTTCATCCCCACGTAGTCGCGGGCGATCTCTCGCTCCTCGCCGAGACGCGCCGTCACGCGGCTCGGCGGACGAACCAGCGGATACGCCGCCCAGGGCGACGACGACAACTGCTCCTCAACATCCGTCCCCAGGCTCGCCTGAGCCAATCCCCCCGAGACCTGATCCGCCATCAGCCGCGCAACACCAATCCGGTACGGATCATTCCCATACAGCTTCATCGCGCGCACCGTCGGCAGCAACGCCGTCTCGGTCAGCGATGACGACGACCAGTCAATCCCGTGATCCACCTCCGCCGCCCCCAGCAGCGTCTCGCCATCAAGCGTCAGACGCACCGAAGCGTCATCAACCTCAAGCCGGAGCGTCTTGCCCTCCAGCGAGCTCGGACCCTCCGTCTGACCCTCATAAATCACCTCCGTCTCACCGCCCGCACGCAACTCCACACGCGCCGACACCCGACCACGCCGCCCACGCTCCTTCACACAACCCACGATCGCCTGAATCGACGGATCGCCTCCCTGACCCGTAAACCCGAAGCCGATCTGCGCCGCCGCACGGTCGACATACTGAAACGTCGGGTACGACGAAACACTCACGTCGATCGACGCCTCAGAACCCGGCCCCAGACCCACCTTGTACGTCCGGTGCGTCAGACTCGTTTGGCCAAACCCCGGCCCCTCGCCGCCTCCCTTCGGCTGCGACGCCACCAGCATCACACCACGCTCGCCCGATGCCTTCTGCACGCGATTCGACATCGGACCGATCGGCCAACGGCCAACCTTCCAGTCCGCCTCCACCAGCTGCACGTCGGCGTAGTGCCCGAAGTGCACCTCCAGCAGCGCGCCACCAACCCACGAACCACACATCAACAACACAACAACAGCGAGCGCACCACAACGGCTCATGCAGGTCTGCAGCATCGATCAGCCTTCAGTATGTCGAATCCAGAAAAACCCCGGGCAACACGCCCGGGGCATCAAAGTCTTCATCAACGACGACGCATCCCGCAAAGCCCCAGCAGCGCCAGACCCGCGGCCAGGCTGCTCGGCGTCGGAACCGGAGCGGCTTCAAAGGTCACGAAGCGCGGGCGGTACTTCGTTTCGGGGCCGGCGGCCATGATCAGCTTCTCGCCAGCGGCGAGGACGGTGTTCGCGTTGAAGCTGTATTCGATCTTGCCGTTGCCGCCACCCGGGATCACGAGCGACGCTGCACCGATCGATACGTCGATGGATTCGCCGTCACCAAGGAGCGTCACCGCGGTCGAGGTCAGCGTCACGTCGATCGGGTTCATCGCGCTGTCGAAGAACGAGAAGGCGATGGCCTCGTCGTAGACCTGGCCGTTGCCAGTGTTGATCTGATCGATAGCGCCCCCGTCGTCGCCACCGACATTCGGGCCAGTTGAGTTGATGCCCGCGCCATTGTTGCCGCCACCACCATTGTTGGTCAGATCGACCGTGCCCCCGACGTTCAGCGCATTGCCGAGGGCTTCGACGACGACCTTCACACTCGGGTCGGGGGTCAACGTGACGGACGGCTGGCCGTCACCCGTAACGAGGCCCGCATACTCGCTGCCCGAAATCAGGCTGACCTCCATCGTCGCGCCAAGCGACGCCGAAGCCGCAAAACACCCAACCAGAGCACACTGCGTTAAACGAATCATCTCATTCCTCCTTACAAAGAAAACCAGAATGGCCAAAGTGAATCCATGACATGAAAAAACCAGATACACAAGGGCACACAGCCCTGAAACCACAAACTAAACCGAACCACGCGGGGCACCGATGCTCCCACGCTCACGCAACACAGGCTGCAACTGCACCGACCGATACGTCGGCTGATCGCCCTCGATCAACTGCTGCAGCAGAAACACCGACCGCCGTCCGATCGCTTCCGTCGGGCGATCCAGCATCGTGATCCCCTGATCCATCAGACCAAGACCCTCCATGTCGCCGCCCATCCCCACGATCGACAAGTCCTCCGGCACACGGATCCCCCTGCGACGAGCCGCCAGCAACGCACCCGCCGCACGGTTCGGCGTCACCGCCACCAACGCCGTCAACTCCGGATAACGCTCCAGAATCACCTCCGCCGTCCGAATCCCGTCCTCAAACGGGTTCTCGCCATCCAGCGTCGCGGCATTGCCCTCGACCACCGGCACGTCGCTCAGCTTCCGACCAATCTCCGCCAGCGCCGACCCCATCCCCAGTCGAAGCTCGCCACTCGTCCGTGCGTCCGTGTTGTTGTCCAGGACCCCGATCTGGCGATGACCCGCGTCCGTCAGCAACGCGATCGCCTGACGACCCATCTCAAACTCGTCCGTCACCACCGCCGGGGCGCTGTTGCTCTCGTCCACCGTGATCAGCGACTGCACACAGGGCAAACCACGCTCACGCAACGTCTGAATCGCCTCCGCGTAGCGCTTGAAAGGCGGCGGCACGATGATCACACCCGAAACAAACGCACGGTCCAGACGCGACAGAATGTTCATCTGCTCGTCGAAATTCGCCTCCGCGGCCTCGATCACCAGACGGTAATGCGTCCCCGATAAACCATCGTGAACGCCCTTCATTAAACGCGTCACGTAATGCGAGCAGACCATCGGCAGCAGCAGGGCAATATCGTGCACTTTGAAGTCCGGTTTCGAGACGAAAACACCGCGGCGGGCATCCACACGCAGGTAACCGTCCGCCGTCAGGTCGTTGATCGCCTGGCGAACCACCGCCATGCTCACCGACATCTCCTCGCTCAACTGACGCATGCTCGGCAACTGCTCGCCGTGACCGATCAACTCTCCCTCGATGTGCTCCCGGAGCACATCATGCACCTGTCGCGCAAGCGAAACAGGCTTATTCGGATCAATCACGGCGTGAAAACGAGCCTTAGACATCCACCTAACTATAACAGATCAACTGTGCGCAGCAATACTTTTCACCACAATCAGCCCACGCCGCGCACAGATCGACCCCCAACCGCTATTCTGAGAGCACAGAATCCCGTGTGACTGAATCAGACACCATAAATTACCCAGCTTAAACACACCATCACCCCTGGCAGACTCGAAATGAACAAAGATCATCCGAACATCCTCTACATCTTTGCCGACGACT
NZ_CP036280.1_gap10	600634	602122	1488	ACCACGACAACTCTACAACCTCGACAACGACATCGAAGAACAACACAACCTCATCGGACAACACCCCGACGTCGAACAACGACTCCTCACGCTCCTCGATCAGTACAAGACCAACAACCGGAGCGTCGACCGCTGACCACAACACCACCCCGAGGCCCGCGCATCAGCCAGACCCCGCCCACAGAATCCCGCATCGATCTCTAGCGATGCCGACGGCTCACGCGTACGACGACCCACCCTCTTCGCCACGCTCCGCACGGGCCTTCTTCCGCTCACGCCCGAGCTGCTTGATCACGCCGCTCTTCCGCAGCGCCGCCAACGGGTCCTTCTCCAGTTTCTGACCCTTCCGCCACGCCTCCAGCGCAGGCGATACGTCGGTATCAAACGCCGACTTGAGCAGCACCTCCGCGCCCGTGATGTCCCCCTTCGCCTGCGCCCTGGCCAACGCCTCGCGGTCCACAATCTGCGCCTTCACAAAAAGCTTCTGCGCCTCGCACACCGTCTGCACCATCGCCTCGAGCTTCGGCTTGAGGTTGTGCGACTGGTCCACCATGTAATCCACAGGCGTCGAGCCCGGCGCCTTCTTCGCTTCGAACTCAAACTGCGCAATCTCGTTGAAGATCCGGAACACCGCATAAGGATCGATGCTCCCCAGCGTCAGGTCGTCGTCCGCGTACTTGCGATCGTTGAAGTGGAACCCGCCCAGACGGCCCTCGTTCAGCAGCAACGCCACGATCTGCTCGATGTTGCAGCCCGGCAGGTGATGCCCCGTGTCCACCAGAACCTTCGCCTGCGGACCCGCGTGCTGACACAGCAGCAGCGACGCACCCCAGTCCGGAATGTCCGTGTGATAGAACGCCGGCTCGAACGGCTTGTACTCGATCAGCAGCTTCGCCCCACGCCACGAACGACCCATCTTCAGGTGCAGCTGCTTCATCGCATCCTTCAGATCGTTGAAACGCCGACGGATGTTGTCCTGTCCCGGGTAGTTCGTCCCGTCCGCCAGCCACATCGAGATCGACTTCGAACCCACCGCCGCACCCAGCGCGACCGAGTCCAGCGTGTGATCCATCGCCGACTGACGCGCCGAAGCATCCGGCGAGCAGAACGAACCGAGCTTGTACGCCTGGTCCTGGAACACGTTCGGGTTGATGCTCCCGATCTTCACGCCGTGCTTCCGCGCCAGACGCCGGGTCGTCTTCGCAGAAGCAGGGTCGGTCGGATCATCAAAGTCCCACAGCACATGCACCGCCACCGTCGGGCACGCGCCCGTCAACGCGTTCACCAGACCCGCGTCGTGCAGCTTCTCCTCCAGCGTCGAGGCCGCCGCGTCCTGCATGAACTTCCCGAAACGCGTCCCGGTGTTCGCAAAACCCCACGACGGCAACTCAATACGAAAACGATCCAGGGCCTCAATCGCCTTGGCCTTCTGCTTACGGTTCACGATCAGACTCCCATTTCAGGTTTCAGTTTCGGACACACGCCGGC
NZ_CP036280.1_gap11	693385	697271	3886	GCGGGGGGCATGACACCCGCGAAGCGCATGCTCGAGCGTGCGCGCGAACTGGGCCTGAAGACGATGGTGGGGTGCATGACCGAGACCAGCGTCGGCATCGCGGCGATCGCGCAGCTCCTGCCGTTGCTGGATTACGTGGATATGGACGGGGCGCTGCTGCTGGGGCGCGATCCCGCGGAGGGCGTGACGATCGAGCGTGGTGTCGTGACGCTGCCCGATCGTCCGGGCAACGGCGTGATCTGGCACGGCTAGCAAGAAAAAACCCACGGCGTGAACCGTGGGTTTCCGTGGCAGCGTGGTGATGTCGGGGATCAGCCGATGGCGACTTCCTTGCCGCCCTGCTCGGCGGACTGGTAGACGCCGTCGAGCATCTGCTGGACCATCAGGCCGTGTTCGGCGGGCGCGATCGTCGGGCCGTCGTTGATGCAGTGCTCGACGAACTGTCCGAGTTTGAGCGGGAAGTACTCGGGGTAGCTGGTGTCCCGGATCCAGCCGGGCTTGATGTTGAGCATGTGGCCGTGCTCGTCGGTGCGAACGGTGGCGTCTTCCCAGGTGGCCCCGCCCTTGGTTCCGTAGAGTTCGAAGTCCATCTTGTCCTCGAGGTGACCCGCGAAGGAGGCCTCGATGTGGATGACGGCGCCGTTCTCGAAGCGGATGGTGCCGACGGCGATGTCCTCGACGGTGTAGGTCTCGTGGTCCCAGCCGGCCCAGGGGGTGTGGATCTCGGTGGAGGGCTGGTCGCCGATGTAGGTTCGTGTCAGGCCGGTCGCGGCGACGGGCCTGGGCGATCCCATGACGTAGTGGCACTGCTCGAGCATGTGGACGCCGATGTCGATCATCGGCCCGCCGCCCTGGAGGTCCTTGCGGCCGAAGACGCCCCAGTTGGGGATGCCGCGGCGGCGCAGGGCCTGGACGCGTCCGTAGAAGATGTCGCCGAAGACACCGTCGTCGGCCATCCGCTTGAGGTACTGGGTGCGGGAGTCGAAGCGGAACTGGAATCCGATGACGAGCTTCTTGCCGGCGGCGTTGGCGGCGTCGATCATCTGCCGGGCCTCGGCGGCGTTCATCGCCATCGGCTTCTCGACGATGACGTGGGCACCGGCCTTGCTGGCCGCGATCGAGTTCGGAGCGTGCAGGCCGTTGGGGGTGCAGATGCTCACGGCGTCCGGCTGGATTTTCTCGAGCATCTCCTCGTAGTCGGTGAAGCAGCCCGACGAGGGGATGTCGAATTCCTTGGCGCGCTTCACGATCGTGTTCTCGTTGATGTCGGCGAGGCCCACGATCTCGACGGCGTCGATCTTCTTGAGGGCCGTGAGGTGGTTGCCCGCGATACCTCCGGCACCGATGAGTGCGACGCGGAGATTCTTGTCATTGGAAGCGGTCATGGTGGTGTGCTCCTGGATGCCCGATAGGGCAGAAGGTGGGTCGCGGAGTATCGTGTGGACTGCGTCGGTCTGCAAATCGGAGCCGGAAGTATCACAATAGGCAAATGGCTGAACGGAGCGTTCCATCTACCGGGGAGATCTGGCTGGTCATCCAGCCTTGGCTGGTCTCGGTCGCGGTGCACGCTCTGCTGGCGGTTTCGCTGGTGTTTCTGATCCAGATCGGCCCGGCGGGGGTGGCGGGGGTCGAGGTTGTTGAGCCGGAGGAGGCTCCCGTGGTGACACTCTCTGCGGCTCCCGCGCCGCTGGACGCACCGCCCGTGGCGATGGATCTGGCTCAGGATCTGGGGTTGGCCCCGGCCGACGGTATGGCCCTGGCGCTGGTGCCCGGACCGGTTCCGGGGTCGGTGACGGCCCCGGGGTTGTCGGCGGGGGCGGTTTCTTCGCCGACGCTCGATTCAGCAGCGTTGCTGGCGACGGTGGACCCGGGGGCGGCCTCGTTTTTCGGGATCGCGGCGCGGTCGAGCCGGGTGGCCTACGTGGTGGATGCCTCCGGGTCGTCGGCGGCGGACCTGCCCCAGATCCTCGGCGAGCTGCGGAATGCCGTGGCCGGCCTGGACGCCAGCCAGCGATTTACCGTGCTGATCTTCTCTCGTGGCGGCGTCGTCGAGGCTCCGCCCGACGGCCTGAAGCCGGCTGATCCGGGGACGATCTCAAGCGTGCGGGCCTGGCTGAGGATCGATGGCGGCGTGGTTCGACCGGGAGGGCGTTCCGACCCGATCCCGGCCTTCGAGCGGGCCCTGTCGCTGGAGGTCGAGGAGATTCTTTTTCTGTCGGACGGGCTGAGCGGTTCGATCGGTTCGGACCAGATTCTCGAGCGTGTGGCTGCGGCCAATCGGGGGCGTGCGACGATCCACACCATCCACCTGCGTCCTGATGCCGACGAAGAGGGGCCGGATTCGATCATGGCCCGTATCGCGGCGGCGCACGGCGGGACCTATCGCGTGGTCAAGCCACCACCCGAGCCGCTGTTCTAGCTCGTTACCATCTGATCGATGGCCTGAAACGGAGAGACCGTTCCATGAATGATGTTGTTCAACTTGTGCTCGCTCAGGACCCGGGCGACGTGCCGGGTGGCGTGATGATGTTCTTTCAGGCCGGCGACAGCTTCGGTCAGGTGATCCTGATCATCCTGTGGCTGATGTCCTTCGTGGGTGTGGCGGCGGCGGTGTGGTCGTGGACGCGGGCGCGCGGCGAACTCGCTCTGCCGAAGAATCTCGAGCGTGGCCTGCTGGAACCGGCTCGTCGTGGCGATCTACGCGAGGTGCGGTCGGCGGCGCAGAGCCTGCGGGGTGTCTTCGGCCGGCTGCTGCGTGCGGTAACCGGTTCGCCGGTGGGCGAGGCGGCGCGTCACGCGGCGGACGAGGCGGCGGGCATCGAGTGGCAGAAGCTGACGCGGCCGGTCGAGGCGATCGCCCTCATGGGCCAGGTGGCCCCGATGGTCGGGCTGTTCGGCACGGTCTACGGCATGATCCGGGCCTTTGTGGCGCTGGTGGAGTCGGGCCCGGCGGGTGGTGGCGACCTCAAGCTGGCCGCGGGCATCTCGACCGCGCTGGTCACGACGTTCTGGGGCCTGGTGGTGGCGATTCCCGCATCGATCATCGCGCAGGTGCTGCTGAGTTCGATCGAGCAGCGGTTGAGTGAGGCGTTGTCGGTCGCTCAGCGGATCGCGGGGATGATGCAGGGCGGCGATCCGGACGCCGATGCCGACGGACAAGGATGATCGCTGATGGGCGTGCGCTCTCGACACTTCGACCGCAAGCCGCTGACGCTCCCGTTGACGCCTCTGGTCGACGTGGTGTTCCTACTGATCGTCTTCCTGATGCTGGTGGGTACGCGATTCGAGACGGGTGCCGATGCGGCGCGTCTGCCCGAGCTGACCCTCCCCGGCGAACCGGCCTATCGGCCGCCCGAGCAGCTGGTGATCGACATCTATGCGGGTGAGGATCCGCTGGACGCGGAGCAGGCCTTGGTGCGTTATCTGACCGTGGAGGGGACGGCGGCGGAGGCGACAGCCGTTGCCGAATCGGTCGCCGCTGCGCTCGCGCGTTCGCCCGGCGTGCCGGTGCTGGTTCGAGCCGATGCCGACCTGCCGATCGCGACGGCCCGGCCGGTGCTCAAGGCCCTGCGGGAAGCAGGCGTGGATCGGATCCGGATCGCGGCGACGCGGCCCCGGCCCGAGATCGAGGGGGGTGACGGATGAAGCACCACCGCCAGTCACGCTTCGCCCGTCGCAGCAGTGTCGGCTCGCTGCCGGTGGCGCTGGTCGACGTCGTCTTCCTGCTGCTGATTTACTTTGTGGTGGCGTTGGACATCACGCCCGACCGTGCCGAACTCGACATGCCGTTGCCTTCGCCGGACCCGGCGGCGGCGACGCCCGAGCGGCTACCTGTCCAGCCGATGCGCATCGAGGTGGTGGCGACGGCCGAGGGCTGGGGCGCTAC
NZ_CP036280.1_gap12	699206	699790	584	GCCGAACTGGCGGCGGAGGCGGGGGACGTCGCGTCGGGCCAGCGATGGTTGCAGGAGGCCGTTGCGATCGACGGCAGGCCGCGTGCGCGGCTCGAGGTCGCGGTGGTCCAGACCCGTTTCCTGATCGAACGCGACGACATCGCCGGTGCGCTGGAACGACTGAACCGCCTGCCGGCCCGAGAGTCGGTGGTGCGGCGTCTGGCGATCGACATGCTCAACCGCGTCGGCAGCCGACTCACGCCTGTCGCACTGCTGGAACTCGACCCGCCCGATGCATCGGTAGAGGTCATGCCGACCGACCCCGCAGTGCTCGGGCTGGCCGAGCGGCTCTCCGGACGCAGCGTGGAGCAGATCGATCCCGCGGACCCAGACCCGGCGGCGCAGGCCGAGCTGTACGCGGCTCGCCTGCTGCGTGCGCACATGCTGCTTCTGCGTGGTGATGCTGCGGCCTCCGCGACGCTCGCGGGCGAACTGGTCGAGGGCGCGTTCGCGACGCCCGAGGTCATCGAGCTGGCGGTGGTGGCCAACCTGCGCGTCGGGACGCGCGTGTCTCTGTTTAACGCCTCGCTGATGGCGGATCGCGT
NZ_CP036280.1_gap13	707709	710060	2351	GGCCATTGTCGCGCTCGTCCACGACGTGACGATCACCCTTGGCGTGGTGGCGACCGCCGGCTGGCTCTACCAGCGGCCCGAGCTCGACTGGCTGGCCCTGACCGACTTCAAGCTCAACCCTGCGATGATCGCCGCCATGCTCACCATCGTCGGCTACTCGCTCAACGACACGATCGTCGTCTTCGACCGCATCCGCGAGAACCGCGGACGCCTGCCCTACGTCACCAAGGCGATCATCAACGAGTCGATCAACCAGACGATCTCGCGAACGATCCTGACCTCATTCACCACGTTCCTCGCCGTCTGGGTGCTCTACTACTTCGGCGGCGACGCGGTGCACGGCTTCGGCTTCGCCATGATCATCGGCGTCCTCGTCGGTACTTACTCGTCGATCGCGATTGCGGCTCAGCTCCTGCTCATCGGCCGACGACCGGTCGGCGATGAGGCTCCGCCCGAGGACAAGCTCCCGCCGATCGTCAGCGAGCGCTAAGCGACACCGAGGTTCAGGTAGACATCGAACCGGAACCCACGCCCCACGACGGCGTGATGCGGGGTTCGTCCGCCCAGGCACGCTGCCCGACGCGGCCGCTTGACGGCAACACGTGGCACGCACGCCTCCAGGGCTGCCTCCAGCAACCGATGATCGTCCGTATCGGCGTCGCCCACGACGGCACGGAGCGACTTCATGGCCTGTCGTTCTCCCGCCTTGCGCTCAGCGGGAAACATCGGGTCGATCAGGGCCGCGTCGATTCCTGTCACCGGATCGGGGTCCGAACCCCACAAGGGTGTTGGCGTGATAACGCCTGTGAGCAGTTCGCACGCGTCCACGTGGAGAAGAGTCAGCCGCTTGTCGAGGTCCGGGATCCGGTCGGTTGCCGCGAAGCGACGGGCCGCATCGGCCAGAAGTTGTGCGATCACGGGATGTCGTTCGCAGGCGATCACCCTGCAGCCGGCCGCCAGCAGCAGGAGTGTGTCCTCGCCCCATCCCGCGGTGGTATCGAGAAGCGTGAGGCCCGCGAGACGCTGATGCTTCGACGCGATGGCACGAAACAGCGGTGCCTTCTGACTGCGACCCGGGCCGGAGCGAATATCGAGCTGAGCCCAGTCCGGCCGGATCTCTCGGCCTTCGGGATCGATGAGCGTCAGCCCCGCGTCTGTCGGTCGGAGTTGGTATCCAAGTGGCAGGGCGGCGTCACCGCTCATGAGTTCTCGGCGGCCTCGGCAAGCTGGTTCTCGTACCGCCGGCGGTTGGTGCGGTGGTCCATCAACACGAAGACGCGCTTACGGTCCTGCTCGGGGACGGTCTGCTCGATCGCCCGCCGGGCGATGTTCATGTTAGTGCGACGCGAGAGGTGCGTCAGCACGACGCTGGGGGAGGCGGCGACCTGCAGCAGGTCCACGATGTTCCGCAGGTGCAGGTGCTTGCCGACGCGAGCGCGGGCGTGATCGTCCTTCTCGAGGAACGTGCATTCCGTGATCAGAATCTGGGCCTGGAGCACGTCGGGTCGCTCGAAGTGCTCGCCCCATGCCGTGTCGCCGAGATAGGCCACCAGCGGGATCTCGAGCATCCGCGTGATCTCGACGCCCTGCTGCTTGAGCTCGACGAGCTTGGGCTGGGGCAGGCCGACGTACTCGGGCTTGAGCTTGGAACGACGCTCGAGGATCACGTAACCCATCGACGGCACGGTGTGGTTGGTCTCGAAAGCGCGGAGGTAGTGATCGTTCTTGATCTTGAACTCGGCCTCGTGCTCGAGTGGCATCAGGTTGTAAGGCGTCTTCTGGTTCTCGACGCTGATCCAGGCCTCCATCAGGCCCTTGAGCGGGGCTTCGAGCTCGGGATGGCAGAAGACCGTCCCGGTGCCCATGCCCTGGAAATGCCGCTGGGAGAGGTAGTAGGTGAGGGCCGCGGTGTGGTCCATGTGGCCGTGGGAGAGCGCCACGAAATTGGAGCTGAGCGCAGCACGCGGGCACAGCCCGATGTCAAAATTGATGTCCAGCTCAGGGATCTGCACCACGGTTTCCTCGCCGGCGACCGAGATCCCCTGAACGCGGAAGGGCGGGAGATAGAGGAATCCGAGCTGAGAGCGACGCTGAGGTTCGTGCGGGAGCATGGAGGGTCTCGTGCGGCCGTGGGAGGCGGGTGCTGTCCGGCCGCGGGCGGACATGGACCCTAAGAAGCAGCCGTCGACGCGGTGACGCTGGCGGCTCGATGTGTATCTGGCGACTCGGCCAGCCCTTACAGCATGGCCGAGCCGACGGAAATGTCAATTCGGCGTCGTGTCCTTATCTTGGCTCTTGGTGCAGAAGCCCTTTGACCTTAGGCTGTAAACGTGCTTAAAATGGGACGCTAT
NZ_CP036280.1_gap14	733609	735436	1827	CCGCTGACCGACAACCCCCGCGTTCTGCCCGCTCAACGGCGGGCAGACGCCTTACGGACCTGCGTCCGATCGTGTTAAGTGATTCACGCCCAAGACTCTTTGCAGAACAGGACGACCATCATGCTGCGCACACGCCAAGGCTTCACACTCATCGAACTGCTGGTGGTGATCTCCATCATCGCCCTGCTGATCGGCATCCTGCTCCCCGCTCTCGGTGCCGCACGCAGCACCGCCCGAACCATGTCGTGCAACAGCAATCTCCGACAGATCGGCATCGCACACCAGATCTATGGCGTCAACAACAACGGCAACATCGTTCCCTACGCCAAGCTGCCCGACGACCTCAACCAATCTGATGTCTTGTGGTTCGAGATGCTCGCCGAGACCATGATGGGTGCGAAACGCGACGCCGACGGCAACCGTGATCAATTCATGCGCGAAACCTTTGCCTGTCCCGCTTTTGATTTTTCCCGTGCAGAGGAATACCAGATCGATTTCGGTGGCGGCACAAGCAAGATCGGCTTTGGCATGAACCTCGACCTGCACCGCGACAGCATCTACTGGCGCGAGGCAGGACTTGTCGGTGCCGAGAAATTCAAATACACCAGCGGTTACATCCCCGTGGCAACGAGACTCGAAAACGCGCAAGGTGATCCAAACTACCCCAGCGTCAATGGCTTCTGGAAGTACGAGAATATCCCCAGCCAGAGCAACTGGATCCTCAACGGCGACAGCTTCGAGCAACATCTCAAGGTACGCGGTGATGCGGGCGGCAGCAGTGGTACTGGCGAGATCTATTTTCAAAAGGCACAGGGCTCGGTTGATTATGAGCAACTCAAGCGATGGGAGTCAGGCGAGCCCGACCGCCACGGCTCCGGCGAAGGCAACCAGCGTGCCAACTATGTCTTTGCTGATGGACACGCCTCGACACTTGGTAAGGAAGAAGCTGCCTTTACTCTCGCCGATCCACTTAACAAGTACCAGCCTGTCTATGACGAAGACGAGGGTGGCTGAGAGCGTTTTCGTATCCTGAACCACCGGGATCGGGCGTCCCACACCTCCGGGACGCCCGTTTCTTAAAGCCCCTGACGGAACTGACCAGGCATGATCGAGATCGCCGTTATCGCGGGTTACCTCCTGCTGCTCGTCACCATCGGTTTTGTCCTCCAGCGGCTCAACAGCGACGTCAGCGACTACTTCCGAAGCGGCTGCCGCGCCAAGTGGTGGATGGTCGGCTCCAGCGCCTTCATGACCGCCTTCTCCGCGTGGACCTTCACCGGCGGCGCCGGCGCCGCCTACACCGCCGGACTCTCCGTCACCGTCATCTTCTTCGCCAACGTCCTCGGCTTCCTCATCCAGGCCGCCTTCCTCGCCGGCTGGTTCCGACAACTCCGCGCCGTCACCTTCCCCGAAGTCCTCCGCGACCGCTTCGGGCACCTCACCCAGCAGTTCTACGCATGGATCACCGTCCCCCTCCAGCTCTGCTACGCCGCCGTCTGGCTCTGGGGCCTCGCCACCTTCATCTCTTCGGTCTTCGGCTACGACATCAACACCGTCATCCTCGTCACCGGGCTAGTCGTCCTCGTCTACTCGCTCTTCGGCGGGAGCTGGGCCGTCATGGCCACCGACTTCCTCCAGACCCTCATCCTGATGCCGATCACCATCCTCGTCACCGTGCTCTGCCTCATCGAGCTCGGCGGCATCACCGGACTCATCGACGGCATCCGCGATGCGGGACTCGCCTCCGACTACGCCATGGTCAACGCACCCGACCGATTCGACAACGAAGACTACACGTGGTCATGGCTGTTTGCCGTCGTCGTCTAC
NZ_CP036280.1_gap15	755284	755842	558	CTGCGGGGAGTCGAGAAGCTGATCGTTTACTCAGCCGGTTCCGGGTCCGTCTCCGGACGTTCGGGGGCCGCATCCCGGATCTTCTCAAGCAGATTGCCGGTCGTCGCCTTGATCGCATCCTTGGCCTTCTCACAGGCCTCTTCCACCATCGCGCTCACCGGGTGACCCTCAAGCCTCTCCAGGCACCGGTCGCACACGGCGTTGATGTAGCCAATCGCACGCTTGCTGCGCTTCGTGATCGTCTCGATGCCACGCTTGCCCACGGCCAGCGCCGCACCCGGCTTCTCGTCCTCGACCAGACGCTCCATCAGCTTGACGCTCTTGTGCGCCGTCGCACGGTTGCTGGCGATCACGTGCTTGGTGCCCGCGTTGATGTGAATGACACAGTGACGCGCCATCTCAACCGGGCCTCGCTCAACGATCGGACGCTGTGGCTTCTCAGGAGCCTCGGGACCGTCCTGCGCAACAACCGGTGCTGAGAACACAAACAAAGCGGCCAGCGCACACGACAACACGGATGACACTCTCATCGGGGAACCTTCCTTTCTGAGTCCGGGT
NZ_CP036280.1_gap16	799140	802903	3763	GGCACAACACGCTCGGCGGGTTCGTCTACCACGCCACACAACTCGACCGCGTCGAGCAGGTTGAGGCGACGACCCTCGACGACGCCGTCCGCGAGCACAACCTCACTCGTGTTGACGTGGTCAAACTCGACCTCGAGGGTTCCGAGCACGCCGCCCTGCAGGGCGCAGCACAGACCCTCGAAAGGTATCGCCCCGTGTTGCTGATGGAGTTTTCCGACCCGAGCCTGCGGGCGCAGGGCAGTTCCGCAGAGGCTCTGCGTGCCTGCGTCGAATCGTTCGGCTACAGGCTGGGCCGTATCGAGAACGACGATGCCGACTTCGAGCCGCTGCCGGATACGTCGTCGCTTGAGGCTTCGGTCAACGTTGTTGCCATGCCCCGGGAGGCCGCGCGTCGTGCTGCCTGAATCCTGCCAACCCGGGCCGATTCATGACGACCCGCCCGGCATCGAACGGGCCCGGCCGTGCTCGCTTGCCGTCGTCATCCCCAGCTACAACCGGGCCGAGTACCTGCGCGACGCGATTGACTCGGTGTTGGCGCAGGATCATCCCGACCTGTCGCTGCTGGTCATGGATGGCGGCTCGACCGACGGCTCGATCGAGATTCTCAGGTCGTATGGCGACCGGGTCGCGTGGGTCTCCGAGCCCGACGAGGGACACGCCGACGCCATCAACAAGGGCTGGGAACGCACGCGTTCTGAGGTGATCGCCTGGCTCAACGCCGACGACTGCTTCGCTTCGCCGCGGGCAGCACGCCTGGCTTGCCAGTATCTCGCCGCCTCGCCCGAGACCGACATCGTCTACGGCGACTGCCACTGGATTGACGAGCGGGGCGACGACCGCGGGATCGCCTACGCCCAGCCCTTCTCACTTAGCTTTGCCGTGGTCACCGCCGACCACTGCATCCCTCAGCCCGCCTCGTTCATCCGCCGATCGGTGGTCGAACGCGTCGGGGCTCTGAGTCTTGATGTCTTCGCCAAGGACCGCGAGTTCTGGCTGCGTGCCGGGCTGCACGGACGCATCGACTACTGGCCGCGCCACCTCGCCGACCAGCGCAACGACGAGGGCATCAGCTACCTCGGCCGACGCGTCGCGCCGGCGATCGTCGAGGTCACGCGTTCCTTTTACCGACTCCAAGGCGTCCCCGAAGACCTGCTCCGGCTCAAGCCGCGTGCCATGAGCAACGCCCACCTGCGCGCCGCCTACTACGCGTGGGCCGGCGGTCGGCAGTGGGACCTCTACCTCTGGCACCTGCTCTGCGCGCTGGCCAGCGACGCCCGCAACCTCCCGCGCATCCGCTGGCACTTCCGTCGCTACGTCGGCGAATCGCTTGGCATCCGAAAACCTCAGCGGCCTATCCCCGCCTGAATGGAGGGAACCCATGACCCAGGCACAGACTTTCGAGAGCGTCCCGATCGACCGTGTCCGACGCTTCTGGAACGACCGGCCCTGCAACCTCCGCCACTCGCCGGAGCCCGTCGGGACCCGTGCTTACTTCGAGCAGGTCGCCCGTCGCAAGTACCACGTCGAGCCGCACATCCCGCGCTTCGCGCAGTTCGATCGATGGAAGGGCAAGCGCGTGCTCGAAGTCGGTTGCGGCATCGGCACCGACACCATCAGCTTCGCCAGCGCCGGCGCGCACGTCACCGCCGTCGATCTCTCTGAAGCATCCCTGAACCTGACCCGCCAGCGTGCCGAGATATTTGGCGTCCGCGATCGTGTCCGGACCGTTCACGCCAACGCCGAGGAACTCGATCAGGTCATCGACGTCGAGCCTTACGACCTCATCTACTCCTTCGGCGTGATCCACCACACGCCCCACCCCGACACGGCCCTGCGTGCTTTACACCGCTTCGCCGGACCCGACACGCAACTCAAGCTGATGGTCTATTACCGCTACGCCTGGAAGGTGATGGCCATCGTGCTCACGGAGGGCTACGGGCGATTCTGGAAGCTCAACGAACTGGTCGCACGCAGCTCCGAGGCGCAGAGCGGCTGCCCGGTGACCTACACCTACACGCGGCGCACCGCCGCCGAGTGGCTCGAACGCTGCGGTTTTGAGCCGACCGCCATGGCCGTCGATCACGTCTTCCCGTACCGCATCGCCGATTACAAGGAGTATCGCTACGTCCGCAGCTGGCACTTCCGCTGGATGCCCAACCTCCTGTTCCGCGGGCTGGAGCGCACCATGGGCTGGCACCTCTGCATCGACGGTCGCGCCGGCGCCACGAGCTGACACGATGCAGATCGCCTTCTTCACCACGCCCAAACCCTTCCACGGCCACGCTGGTGTCATCCAGCGCAACGCCCTGCGTTCCTGGGCTCGCCTTGACCCGCGTCCCGAGATCATCCTGCTGGGGGATGACGCGGGCACCGCCGAGATGGCGTTCGAACTCGGTGCCGAGCACCTGCTCGACATCCCGCGCACCGACGAGGGCATGCCGCAACTCGACGGCCTGTTCCGCCTCGCCGAGCAGCACACCTCCGCGCGCTACCTCAACTTCATCAACGCCGACGTCATCCTGACCCATCACTTCTGGCCGGCGGCCCGTGCCGCACGCCGGGCCCACAACCGCCTGCTGATGGTCGGTCGACGCTACGACGTGCGGATCGACGACGACCTGAGCTTCGACGACGGCTGGGACGATCGGTTGATCGAACGCGCCCACTCGGAGAACCGACTCGGCGGCCCGCAGTTCATCGATTACTTCCTATATCGACGCGGCATCTGGGGACGCATCCCTCCCTTCTCGGTCGCCCGATACTCGTGGGACAACTGGATGGTGTTTCGCGCCCGTCAGCAGCGTGTGCCCGTGATCGATGCCACCGCGGCGCTCCCTACCGTCCACCAGAACCACGAGCCGGCGGAGGTGAATCGTCGCAGGCAGGGCGTCCGTCTCAGCCCGGGGGCACGGCGGAACCTCGAACTCGCCGGCGGCAAGGAATGCCTCTACACCATCTGGGACTCCACCCACGTTCTCAACGTGGACCTGAGCGTCAGCCAGCGGCGTAACAGCGGCCTGGGCGGGGGCATCTGGACCTACCGCCGCTCGACCCGACTCGCCGGCTGACCCCGTTTCACAAGCCCCCGGGGCCGATAAGCCGATGCTGACGACATGCATGAATCGGTCCAATCCGTCGCGATGATCGGCCTTGGCCGTCTCGGTGCGCCGATCGCGGCCTGCCTTGCCGCGGGTGGCTTCCGGGTGGTTGGCGTCGATCTGAAACGGGAGACCGTCGAGGCCATCAACCGTCGGCGACCGCCGGTCTTCGAGCCGGGTCTCGAGGCGATGCTCGGCCGAGTCGACGACCGACTCACCGCCACCGACGACCTGGCCGGCGCGATCCGCCAGACCGACGCCAGCTTCGTTCTGGTCCCGACGCCCAGCGAAACCGACGGCTCCTTCAGCCTCGACTACGTCCTCGCCGCCTGCGAGGAGATCGGCGAGGCGCTGCGAGACCTCGACCGATGGCACCTCGTGACCATCGTCAGCACCGTGATGCCCGGCGACACCAGCGGAGCGATCCAGCACACGCTCGAACGCACCTCGGGCAAGACCTGTGGCGAGGGCTTCGGCCTCTGTTACAGCCCCGAGTTCGTGGCGCTCGGCACCGTCATCCGTGACTATCTCAACCCCGACATGCTGCTGATCGGTGAGTCCGACCCGCGTTCGGGCCGGACACTCGCGAGCATCTACAAGGCCGTCGTCGAGACCGACCCCCCGGTCTCGCGGATGAGCTTCGTGAACGCCGAGATCGCGAAGAT
NZ_CP036280.1_gap17	810096	814140	4044	AGCGGGCCAACCCCGAACTCGTCGCCAACGCACTCGCCTTCGGCATGAAGACCAACGCCTCCGCCACCTGCATCGCACCGCGACGGATCGTGCTCGTCGGTGACCACGCCGACCTTCTCCGCGAACTCCGCTCGGCCATCGACAGCCTCTCGATCAACCGCCGGCACCCCGCCTCCGACCGGTCTCTCGCACAACTCGTCACACGCGCCCGCGCCCTCGGCGGCACGTTCCACGGGAACACCGAAACCGGCCCGCTGCTCATCGACGACCTCCCGCCCGATGCCGAACTCTTCGAGCAGGACGTCATGGCACCCGTTGCCTGTGTCATCCGCGTCAAGAACCGCCTCGAAGCCGTCGAGGCCGTCAACCGATCACCCTACGGGCTCGGCGCTTCCGTCTTCGGTCCTGTCGGCGACGCCACCGAGGTCGCCGAGCGACTCGACGTCGGCACCGTCACCATCAACGACGTCATCGTGCCCACCGCCGACCCCCGACTCCCCTTCGCCGCACGCAAAGCCAGCGGCTTCGGTGTCACCCGGGGCGAACAGGGATTGCTCGAACTCACGCGCACCAAGGTCATCACCGCACGGTCCTCACGCCGCCTGCCCATGCACCTGCTGCCCGAGGCAGCGGCCGCGGCGGGCCAGGCCGTGCCCGCACTCTTTCAACTGATCCACGGCAACGGATGGTGGTCACGGCTCTCGGCCATGACACGGCTCTTCCGTGCCTCACGCAGCCAGAACGAAGGGAAACGCCCATGATCCAGCCCATCCAAACAGACGACCGCGTCGTGGTTATCGGCGCCGGACTCGGCGGACTCGCCGCCGCCTGCACCCTCGCCGCACGCGGGCACCGTGTCACCATCATCGAACGCAACGAGCACCTAGGCGGCAAGGCAGCCGTGCTCGAAGACGGCGGCTACCGCTTCGACATGGGACCCACCATTCTCACCCTGCCCGAGGTCCTCGAACGCATCGCCGGCGAGGCCGGACGCAAGCTCAGCGACCTGCTCGACCTCGTCAAGCTTGAGCCGCAGTGGCGCTGCTTCTTCGACCAGACGGCCGGCGGCGGCGTCCTCGACCTCTTCGGCTCCAACGAGAAGACCGTCGAGCAGATCCGGCAGCTTATCCCGGGCGAGAACGCCGAGAAGGTCGCCGCGGGTTATGAAGACTTCATCGACTACAGCCGCAGGCTACGCAGCATCAGTGACCGCTTCTTCTTCTGGAAACCCATCGGCGGCCTCAAGGACATGTTCGAGACACGGAGCATGTTCGACCTGAGCACCCTCAAAGACGTCTTCGACATCCGCATGGGACGCTCCGTCGCCGGCATGATCCGAGGCCACGTCGGCGACGAACGCGTCTCCCAGATGCTCGACCACTACACCCAGTACGTCGGCTCCTCACCCTTCGGATCCCCCGCCGTCCTCTGCGGCATCGCCGCCATGCAGGCCGACGGCGGGATCTGGTACCCGATGGGCGGCACCGGCGCCGTGCCCAAGGCCCTCGCCGAACTCGCCCAGCACCTTGGCGTCGAGGTCATGACCGGCGCCGAGGTCAGCCGGATCGAAACCCACAAGGGCCACGTCACCGCCGTCGAGCTGGAGAGCGGCCAGCGCATCCCCGCCCGCGCCGTCGTCTCCAACATGGACAGCGTCCGCACACACCGCGAACTCATCGGCGGCGACGTCGCGGGACGCTTCCTCAAGCGCCGCCAATACGAGCCCGCCTGCTCAGGCGTCGTGCTCTACCTCGGACTCGACCGCGCCTACGACCACCTGGCCCACCACAACTTCGTCTTCTCACGCGACGCCGAGGAGGAATTCGACGCCATCTACCACAAGGGCCAGCCCGCCCCCGACCCCACCTGCTATCTCGCCGCACCCGCGCAGACAGAACCCGCGGTCGCGCCCGAAGGCGGCGACGCCCTCTACGTCCTCGTCCACACGCCCCACCTCCGCGACAGCCACGACTGGCGCCGCGACGGCTCGCTCTGGAAGGACTACCGCGAGACCATCCTTCGCAAACTCGAAACCACGGGACTCATGCCCGACATCCGCGAACGCATCGTCGTCGAGCACGCCCTCTCGCCTCAGGACATCCACGACCGATACCACGTCCTCAACGGCGCGATCTACGGGCTGGCCTCCCACGGCAAGTTCCTCGGAGCCTTCAAGCCCTCGAACCGTTCGCCCGACATCAAGGGCCTCTACCTCGCTGGCGGCGCCGCGCACCCCGGTCCCGGGATGCCCATGGTCCTCATGTCCGGCTGGATCGCCGCCGACGCCCTGGACAAGGACGCCGCGTCGCCACGGGTCACCAAGGGCACCACGCCCGCTCCCGAACTGACCGAAACCGTGGCGTGATATGAGCAAACCGGCCAGCGACACATGGTCCCCGAGTCAGCGATCCGCGTGGTGGTACCAGAAGTTCGCCGCCACCACCTGCCACCTCGTCGCAGGGACCTTTGGCCGTGTGCGCACCCTCAACGCTCCGCCGCCCATCGCCGACGACAAGCCCCTCATCATCGCCTCCAACCACCCCTCGTGGTGGGACCCGATGGTGGGACTCGTCGCCCTGCTCCGCTACTTCCCCGATCGGCCCGCCTTCGTCCCGATCGACCCCGAGGGCATGAACCAGCACCCGATCTTCCCGCGTGTCGGCTTCTTCCCGGTCGCCCCCAACACCGCCCGAGGCGCTCGCTCCCTGCTCCGACACGGCCGCGCCGCGCTCGAAACACCCGGCGGCCTCATATGGATCACCCCCGAAGGACGCTTCGTTGATCCCGGCCAGCGCCCGCTTCATCTCAAGCCCGGCACCGCTGCGCTCGCGACCCGCGTGCCGAACGCCACACTCCTGCCCGCTACACTCGACTACCGCTTCGGCCCCAACCCCCGCCCCGACGCCAGGATCCTCTTCGGCCAGCCCATCGAAGCGAACAACCGGGAACCGGCCGACGTCCACGAGCAGCTCGCAGACAACCTGACCGCCAGCCTCGACCGGCTTGCCGCCACACCCGACGACGACCCCGCCTGGACCACCATCTTTGCCCCGCCCGACAGCATCACCCGGCGCTACTACCGACTCATCAAGGCCTATCTGAGCGATCCTCGCGCCTACGATTTAATGCACCTCAACGGAGACGCAGCTCATGACTGATGCGCTCACCATCGCGATCGCCGTCCTCGCCGCACTGCCCGCCGCGATGATCGCCGTCAACCTGATCGTCTACACACGCCAGCCCCGCGACGCCGGTGAGATCAACGGCATCTCCGTCCTCATCCCCGCCCGTGACGAGGAAGAGGCCATCGAAGAGGCTGTACGATCGGTGCTCGACAGCGAGCGGGTGATCCCCTTCGAGGTCGTCGTTATGGACGACCACTCCACGGACCGCACCGCCGCCATCGTCGAGAAGATCGCCGCCGAGGACCCCCGCGTAAGGCTCGCCCAGGCCCCACGCCTCCCCCGAGACTGGTTCGGCAAGCCCCACGCCTGCTGGTGCCTGGCCCGCGAAGCCCGGCACGACACGCTTGTCTGGATGGACGCAGACGTCCGGCTGCGACCCGGCGGCCTGCGAACACTCGCCAACGCGCTTCACCACAAAGAAGTCGCACTCGTCTCCACGGTCCCGCTGCAGCAGACGCGGACGCTCGCGGAGAAACTCATCGTCCCCCAGATCCTCTACGTCCTGCTTGGGTACCTGCCCATGGCCCGCATGAAGCAGGTCGCCTCTCCCGCCTACGGCGCCGCCTGCGGGCAGTTGATGGCCGCACGCCGCGACGACTACTTCGCCATTGACGGGCACAAGCCCGTCCGCAATCTCATGCACGAGTCGCTCGCGCTCGCCCGCGCCTTCAGACGACAAGGCCGCATGACCGATCTCATCGACGGCACCAAGATCGCTACCTGTCGCATGTACCGCACCGCCGGCGAGGTCTGGCACGGCTTCGCCAAGAACGCCCACGAGGGCATGGGCGCACCCGCCGCTATCGCACCGTGGACGCTCCTGCTGCTCGGCGCTCAGGTCCTGCCCTGGCTCCTGCTC
NZ_CP036280.1_gap18	816798	818456	1658	CCCCTCGTCGTGCGCATCGTCGGCAACGCCTCGAAGCGCACACCCCACCTCTGGCTCCGCTGCCTGTTCCTCGGCGTGCTCATCCTGATGCTCGCTCTCTCGCTGCTCGTCGCCGGGGCCTTCACCACCACGGGCGACGCCGGCCAACTCGCCGCCGCCGGGTCCCAACTCTTCGCCACCATCGCCTACGGGCAGCTCATCATCCTCGGCCTGCTGGCACCCATGTTCCTCGGCTCGGCCCTCTCCACCGAACGCGCCAGCCAGACCCTCGACGTCCTGCTCACCACCCCCCTGAGCAACCTCCAGATCGTCCTCGGCACCCTCTTCGGTCGCCTCTTCTTCCTCGTCGCGCTCCTGCTCAGCAGCATCCCCCTCATGGCCGTTGTCCGCCTGCTCGGCGGGGTCCGAGGCGAAACCATCCTCCTCGCCTACACCGTCGCGGCGCTCATGCTCTACTTCCTCGGCGCCGTCGCCGTCACCCTCTCCAGCTGGCGCGTCGGCGGACGCAACGGCGTGCTCTTCTTCGTCATCGGCGTCGGCGGCTACCTCCTGCTCGTCTACGGCATCGACCTCTGGCTCCTCCGGCCCCTCGACGTCAACCGCGCCACCATCCTCACACCCCTACACCCGATGCTGGTCCTCACCACCTCGGTCAGCCCCGCCACCTACCAGACGCCCACCACCGCCGAACTCGTCGGATACCCCTGGATCTTCGCCTGGTACCGCGCCCACCCCCTGACCGTCTTCACCCTCATCACCGCCGGTCTCGGCACCCTCATGCTTCTGGCCTCGACCATCACCATGCGCAGCGGGCTTACCCAACGCGCTCGACGCGCCGAGGCCAAGCGATCCCGCGCCTCCACACAGGTCTGGTCCAACCCCGTCGCCTGGCACGAGTGCCAACGCGTCGGACGCGGCTTCTTCGCAGTCAGCGCCAGGCTGATCCTGCCCATCACCTCCGTCATCCTCACCGTCCTGCTCCTAGCGTTCCACGCCGCCGACACCCTCACGCCCGCGCTCAACAACGCCGGCATCCAGCTCGCCTCCCACAACGTCGTCCACCGCTGCGTCGCGCTACTCGTCATCCTCCAGATGACCGTCGCCATCCTCATCGGCATCTTCTACGCCTCCTCCACCATCGCCCGCGAACGCGAAGACGGCACCCTCGACCTCATCCTCACCACGCCGCTCGGCGCCAACCGCTACCTCTGGGGCAAGGTCCGCGGCCTCCTCTCAGGCCTGCTGCCCATGGCACTCGGCGCCGTCGTCACCATCGCCATCCCCGCCCTCTACGCCCTCGTCGGCACGCGCCTGGGGTGGTCCTCCGCCTCCTTCACCGTCTACACCACCGTCTCGGCGACCGCCTCTGCCCAACGCGAGGTCCCCCTCGTCCTGCCCGAGGCACCCCTCTGGCTCGCCATCACCTACATCCCGGTCCTCGCCGCCGTCATCGCCATCGGGCTCGCACGCTCGATCACCGCGAAGAACGTCTTCGCCGCCCTCGTCCCCACGCTCCTGATGGGCTTAGCGCTGCTCGCGATCACCGGGTTCGTCGGCATGGCATCCGCCGCCTCGGGCGAGCTCTTCGGCGCGATCCTCAACGCCACCAACCCCCTCACCCACGCGCTCATGCTCATCGACCCCTGGACCATCTCCGT
NZ_CP036280.1_gap19	854099	855212	1113	GTCGTGGAGGGTGAAGCTCGTGCGGAGTTCGGTGTGGTCGTCGGTGCCGCGTCGGATCAGATAGTAGCGCAGGACGCCCAGCACGATCCCCAGAAGAATAAAGCTGCCGGCGAGCACCGCGAAGGCGCGGATCAGATCAGCGGTGTTGATGCCCTGGGCCAGCATGATCACCCCGCACGTCATTCAAAGCTCCGAGGCTGGGGATCCGGGGGTGTTCCGGGGGCGTTCCGGGTGGGGTCAGTCCTTGGCTTCTTCCTCGGTGACCTTGGCCTGCTCGAGGATCTTGTCGAGGGTCTTCTGCTCGCGGATCTGCAGGAAGAGCTGCTCGATCTCGCCACGCTGCTGCATGTCGGCGCGGAGCTTCTCGGGCCGGCGGCCCTGCTGCATCGCGATCATGGCGATACGGCCGTTGAGCTCCTGATCGCTGACCTCGATCTCGAGGTCCTTCGAGGCCTTGTCGATCAGGAAGAACTGCTTGAGCTGGTGCTTGGACTCCGACTCGGAGGCCTCACGCAGCTCGGCGACGCGCGTCTGGATCTCCTCCTGCGGCACGCCCTGGTAGGCAAGCTCCATCGCCTTGCGCTGGAGCAGGCGTCCGGCCTGACGCCCGCTGATCTTCTCGGGCAGGTCGAGCTCGACCTTCTCGTGGAGCTGATCGAGGATCTGCTTGTGCTGGGCCTGCTGCTGCTCGCGTTCGAGGCGCTGCTCCGCGGCCTCGCGCACCTTGCTGCGGAGATCATCCTCGTCGGTGGCGCCGGACTGAGCCATGAGCGTCTCGATGGGGGCGGGCTGCATGCGCTCGATGCGCTCGATCTTGAGGTCGATGGTGATGGGCTGGTCGCGGACCTTCTCGTCCTCGTGCGAGGCGGGGCCGGTCATCTCGATGCGTTCCTCGTCGCCGACCTTCTTCTCGAGCAGACGCTTGCCCATGTCGGAGACCACGATGCCCGCGACGTGGCCCTTGTACTCGGCCTTCTCGCCGTTGACCATGATGTAGGTGCCCGGCAGGTGCTGGAGCGGCTCGGCATCTTCGGCGGGGCCGTGGCCCTCGTAGACACTGGCCTCGACCCAGACGAAGTCGCCCTCTTCAACGGATTCGCCGCCGGCCGTCAT
NZ_CP036280.1_gap20	893049	896740	3691	CATCGCATCAGTCGAAGAGGCACGATGCGCCGTCGCCCTCGGTGCCGACGCCCTCGGTCTCGTTGGCCACATGCCCAGCGGACCCGGAACCATCGACGATCACACCATCGCCCGCGTCGCACGCGCCGTCCCGCCCGGGATCTCACGCTTCCTCCTCACCAGCGAGACCCGACCCGACGCCGTCGTCGACCACGCCAGGCGAACCCACGTCGACACCGTTCAGCTCGTCGATGATCAGGTCACGCCCGACGTCTACGCCGCCCTCCGACAGCACTGCCCCGCGCTGCGCATCGTCCAGGTCATCCACGTCATCGACGACGACTCCCTCGACAAGGCCATCAGCCTCGCCGACCACGTCGACGCCCTCCTGCTCGACTCCGGCAACCCCACCGCCGCCGTCCCCGAACTCGGCGGCACCGGCCGACGCCACGACTGGTCCGTCAGCCGAAGCATTGTCCGGGCCAGCCCCGTCCCCGTCTTCCTCGCAGGCGGCATCCGGCCCGACAACGTCGCCGAAGCGATCCGAACCGTCCAGCCCTTCGGCATCGACCTCTGCACCCGCGTCCGTACCGACGGCAGGCTCCACGAGTCGAAGCTGAAGGCGCTGATTGACAATATGAATAAAACATGCTAAAAAACTGCCATGCGGCGGATCTGGCACCGAGCAGCACACGCCCGTGATGGCAGCACGGGACAGCACGAACTCAGCCTCTGGGTTCAGCATCTCGACCGATGCTGGAAAGCGGCCGAGACCGATGCCCAGCGACTTCAGGCTCAGTTGCAGGTCCGTATGGCAGGGCTGTTGGCCCTCTTGGGTCTCGGTTTTATCGAGATCAGCCCTTTCTACACCACCCGCACCCTGCTGCTGATGCCGCCCTGGCTTGCAGTCCTTGTCTATCTGCTGTTAGCCACTGCCCTCCTCTACCTGGGACGCAGCCTCTCCACGCTCTTCCGTAACAACATCACAAACAGACCACAGCAAAGCGGAAGCTCCTGCGAGTTGCTTCTGCCCGATCAAAAAGACTTTGACGCACCGCCTTACGAGGCGGTATGGGTAAGACTCTCCGAGGCTACAGCAGACCTGACGCTGCGCAATCACTTGCTGGGCCTCAAGATAAAGAAAGCCAACAAACTACTGGCGATGACCGTGCTGATCGTTGTCCTGGCGATCGCCGGCGAACTCTGGGGTATTATGACGATAGTCCCAACAGGAAGACTGGAACACCATGTCACCTATTCTCAAATCCAGAATAAAGAACAGGGTCGCAGACAGCCCCTCAACGCCGTCGAGTCGGACAGCTATCAAAAGCCTCATGCGCAGCACGGCCCAGACCAACCGCGAGACGCACCTGAAAATTCAGGAGCTGCGCCTCAAGCAGACAGTCTCGGACAAGATCCTCAATAGCGTCGTCAGGTTGTTCGCGAGTTAACCACTCGGCAGGCAGCGCGTGCAACATCTAACCCTTCACCGCCCCCAGCGTCACACCCTTGGTCAGGTGACGCTGAAGCAGCAGGTAGATGATCAGCGTCGGGATCACGATGATCACCAGACCCGCAAACACCATCCCCCAGTCCACCTTGTACTGACTCACGATCGTCACGTTCGCCAGACCCAGCGGAAGCGTCCGCAACGCCTCCGAACCCTCGCCCGACAAAAACATGAACGCCAGGAAATACTCGTTCCACGTCCCGATGAACGAGAAGATCGCTACCGTGATCAGACCCGGTCGCGCTAAAGGCAGCATCACACGCGTGAACGCGCCAAACTCCGTGCACCCGTCCAGCAACGCCGCCTCGTGGAGCGACTTCGGCAGCGACCGGAAAAACCCCGTCAGGATGAAAATCGCAAACGGCAAACCCACCCCGATGTACACCAGCACCAGACCGACCCGCGAACTCAGAAGCCCCATCGCCTTGAGCTGGAAAAACAGCGGCACCACCGCCAGCTGCAGCGGGATCATCAGCCCGCCCAGAAAGTAGAACAGCAACGCCCGCGAACCCGGGAACGCGAATCGCGCCAACGCGTAAGCCGCCATCGCGCCGATGAACACCACGCCCGTCACCGTGCACGCCGTCACCAGCACGGAGTTGAAAAAGTAATCCCCGAACGACCCCGCCGTCCACGCCCGCGAGAAGTTATCCAACGCCAACGCGTCCACGGCAGGCGGCGCGAACGGAGCATCAAACACCTCGCCCGATGGCTTGAGCGACGTCATGAACAGCCACAGCATCGGGAACAGCGTGATCACCAGGTAGCAGATCAGCAGCGTGTAGATCACCCCCGAGGTCATCACCGTCTTCGGCGTGGTTCGCTGCTCACTCATGACTAAAGCTCCACCGCCTCACGCCGCATCAGCCGAAGCGTCGCCGCCGTACCAAAGAAAACCATCACGAACAGCAGCACCGCGATCGCCGCCGCCTGACCCACCCGGAACTCCGAGAACATCGACCACACCATCTTCGTCCCGATCACGTGCGTCGACGTGTTCGGCGACTGGTTCGTCAACAACCAGATCACCTCGAACGCCTTCATCCCCGCGATCACCAGAAACACGATCGACACCGACAACGCCTCCCAGATCAGCGGGATCGTGATCGTCCAGAACTGATGCCACGCCGACGCGCCGTCAATCTCCGCCGCCTCATAAAGCGACTCCGGGATCGACTGCATCGCCGCCAGATACAGAATCATGTTGAAACCGCACGCCGCCCACACCGTCATCGGCACCAGCGCCCAATAAAGATTCTGCTGGCTCAGCCACGCAAAGCTCTCGAACTGCTCGAAACCCATCGCCACCAGCGCAGCGTTGATCGGCCCGCCCGCAGGGTTGTACATCTGCTGCCACAAGAGAATCGCCGCGATACCCAGCAGATTCGGGAAGAAAAACACGATCCGAAACACCGTCGAACCCCACACGCCACGAGCCATGCACGTCGCCAGAAACAACGCCAGCGGGATCACGAACATCGGCACCACGAACATGATGAACAGGTTGTTCCCCAACGCAATCCAGAACCCGTCGTCCTCGTAAAGCAGCCGGTAAAAATGCAAAATCCCCACCGGCTCCATCTCCGTCAGGCCGTCCCAACGCTGCACCGACCAGCCGAAACTGCTCAGCGAAGGGATCACCAGGAACGCCGTGTACAGCAGCACCGCGGGCAGCAGGAACGTGATCACCGCCGACGCCCGGATCCGCATCCCGCCCGACTCGGCCTTGTGACGGTCCGCGTACGCCCGCCGGACCTGCAGCACCGTCGTCACCAGCACATACAGAACCCCCGCGCCAATCAGCCCCAGAAACAGCAACGGCTTGATCCGATGCCGAACCGTCACGTGGTCCGCATCCAGAGACTCCGCCTTTATCTTCTGCGCCGCCGCCTCAAGCTCCCGTGACGCCGCCACCGGATCAAACGCGTCATCCTCCAGCAGCGCCGTCCGAACGTTCTGCCACGCCTGATTCATCGCCGGATAGGCATCGTCCGGCACCGCCGGGAAAATCCGCTCCACCGACTCCAGCACACGCGTCAGGTCGCCGAGATTCGCAGGCAGCGCACGCTCGTTCACACCTCGGATCGCCACCGGTTGACGCTTCGCCGCCGCGATGATCGCCGCCTCCTCAGGCGACGTCAGGAATCGCATGAACGCCGTCGCCGCCTCCGGGTTCTCACTCTCCGCGAACACGAAGTAATA
NZ_CP036280.1_gap21	1090913	1093449	2536	GATAGTCTATGACTAATACACCCGTGCAATATAAGAATGCCAAACCACTCTCTGTTTTCTTTGTACGAGCATCCACCAACACAGGCGGGCTGCCGAACTGCAGCGACAATACACCGTAGATTGCCAGTCCGTATAAATGAGGTAGCAGCATAAGAGAAGTGAAATAATTCCATTGCCATACCTCAATATCATACACTATCGTTGACAATATAGAGAGCAAGGTATTTGTGGATATCGACCAGAGAAAGGAGGCGATTATCATATTGCGCCAATATGTGGAATACTTTGGAATCAACAGCGGAATAGTCATGCCTATATATCCTAAGTAGTGTGGTCCAGGCCGCTTTCGGGGATGCTGCGCCGACAATCTTGATGCTGTCCCAGTCAATCAGTCATTTCTCTGTTTTAGGTTCTGAGAGACGATCTGCGTGCGCCGCTTGCATCATCGGCGGGCTCGATTCGTCGAGAGCGTACCCTCGGCGGGCTTCTGAATCATTACTACAGGCAAGCAGCATGATTCACGACGAAAACGGGCAGTGCCCGACAATCTGGACCGGCCCCAGTAGTGGGCAAGTTCACTCTTGATACTGCTTCAAGATATCCTTGACGGTAGTTGACACATCATCATCGCGTAATGCATGGCCTAGTTCTCTTTGACCCGATGCAGTTTTACCTAATTGCAACGCAACAACATGAAGTACTTCTCTGTTATTCAGACTTATGGCAAGATCAAGCGGAGATTGATATCTGTCATCCAAACGACGTACATCCCCATCATTCTCCATGTCGACACCATGTGCGATCAATAATCGCACCATCTCTACGCTTTCGTTCCTAATGGCGATATGCATTACAGTATCCAGACTCCGCCAGTTATAAAACTGATGCATCGCACCAATAGACAGCATGGCTTCCACTTCGCGCAGCTTATCTCTAATAACACTATGATGTAAAGGGGTCATCCCAAGGTAATCTACAGCATTGATATCATATCCATTGCTACATAGGAGTTCAATCATCTCAATGCTTTCCGTTGGCCTAATAGCAGCTAGATGCACTGGGGAATATCCAAATTCGTTTAGGCGAAATATAGCCAGCTTGCGGTCATGCAAAATTTCAGATAATTTCAGTATATTATTCTGGAATATGCTCTGTACCATCATGCCGGCCAGCTTGTCGCTACACAACCGGTCGCCCGTCTTCTGGAATGAGTACATGGATGCTGGGGAGTCATTAATATTACTCTTGGCTGGTGTGTCGCTGCGGCTAACATCTCCAGTCATAATTGCGAACAGCAGGGCAAGTATAGTGACGCTAATCGGTGATATCATGGCATCCTCATTTTATAGTATGTCTTCATGTATGATTACTACCAGCCCCAATTCCAATTAGTGTGGTCCAGACCGTTTTCGGGAGGGTTGCGCCGGCGGGGGTGGTCCATAATGTTGGGCCGTTGTCGATACACGACTTACGCATCGAGGCGAGGAGGGCAGAATCATGGTGCCAGCGTGGCTGACGGCCTTGTTGTTGATGCTTGGGGAGGCCTGGTCGGTGCGCCGAGACGCGCGACTGCGCTTTGTTCTGGCTTAAATCGAACTGCTCAAGGCCCGCGTGCCGGGCAACCGGGTGATCCTCTCGCCGGACGAGCGGTTGCTGCTGATCAAGCTGGGGTCGTCCGTAGGGCATGACGTCCATGATCTCGTCGGGATCGTCAGTGTCAAGACCTACAAACGCTGGCTTCGTGATCAGCAGGGGGTAGAGCCCCCGGACAGGTTGGCCGGCCGCCCAGGATCACCGCTTCGCTGCGGGCGCACCAGTCGCTTGAGAACACACCGCCCGAGGATGTCGGCAAGCCGCCGCCGACCTCGGCGGGCTTGATTCGCCGCGAGCGTATCCTCGGCGGGCTTCTGAATCATGACTACCGAAAAGCAGCATGACTCACGATGAAAACGGGCAGTGCCCGACAATCTGGACCGGCCCCGCTGTGGACCAGGTCATTCCGTCCGCACGCGGGTAGATCGGGATTGTGCTCCGCGCGAGCGGGGGTAGAATCGTTGAAAACGGCCCGGCGGCGTAGCCGGGCAAAGGTCAAATGGGAAATGTCGGTCAAGGGCTTGAAGCCGCCGCTGCGGACAGAATCGTGACCAAACCACGATCAGGACCATCACCATGAAGACACTCCGACACAAGATCGCACAAAGCATGACCCTGCTCGCAGTTGCCCTGACTCTGGTGGGCGCTGCCGGATGCGGTGCCCGGTCGAGCGAGGAAGGGGTCATGACCTTCACGGACGATCAGTTCGAAGACCTGGTCCGCCGTTCATGGCAGTACGTTGCTATGTACAACGTGAACAACAAGGGCGCGATCCAATACGGAGGCTGGAACGTCGTCGATGTCGACACTCAGCTGAAGGACCACACGCTCCAGCTCATCGCCCGACCGAATAACGACTCGCTCTACATCACCTGCATGCTCGACCTGCGCATGGAGCCCGTCATCCTCGACATGCCGGCCTTTGAGTCGAAGTACGTGTCGC
NZ_CP036280.1_gap22	1265381	1269415	4034	TGGGCAGAATGATCCCCAGGCCGCGGAAGAAAAATCGCTTGAAATTCGTCATGGATCCTCTGGTTACGCCGAACCCGTCGGACGCTCCTTCACGCAGGAACCTCACCCTAGACCATCAGGACGAGAATCGCCAGCGACAGGTCTTACTCAACGATCGTCGTTGATGACACCCGATCATGCGCACGCGGAACCCGCCGACCCATGATCTCGAGGTAATCCACCCCGCCCGCGACCCACACCTGATCGAGCCAGAGGGCTGCCGATGCGTCATCGTGCACCGTCGGCATGTCCGGCATCGGGTGAATCACGCCACGCACCAGGTCCAGTCCGTGCGCTGCAGCCAGTTCCGTGTCACGCCCCGATACCTGACTCTCCCCGCCGAGAAGCCACGCACGCTCGCCCGCTCGCAACAAACAGGCGTCGGCAATGCCATCCTCCACATTCAGAACCGGCCCCTCTGTGATCCGTGACAACTGCGTATCAATGAACCATGTTTCAGGGGTGGTATCGCCTGTCTTGGTTGATTGACCACCGAGCACCCAGACCCGCCCGTCGGCCATCGCCACCGCCCGGTGGTCGTCGAGTCGCATCGGCAGGCGGACCGACAGCAGCCGTGAGATGCCCGTCGTCGTGTTGATCACTTCCACGCTGTCGACGTAGCCGCCCAGCACAACGACCTCGTCGCCCAGCACCACGGAGGCGTGGTCCCTACGCCGCTCGCGCAGCGAGATCACCCGCGTCACGCGCTCGCCCGTCGGATCAAGGATCGCCATCGTTTCGTGGCCGATGACCGCGACACGGCCGTCAATCAGTCGGTGCGCCGTCGGCGTCAGCATCGGCTCGGGCAGGGTTGCTCCCGAGATGACCCGGCCCAGCCGCAGATCGAGAATCTCTACCGAATCCAGCCCCCTTGGCCGAACCGCCGAGCCGCTCTGGCCGCCCGCGACCAGCAAACGTCCATCGTCGAGTAGCGCCTGTGCATGCCCCGCCCTCGCGGTCTTGAGCTTGAGGTCAGAGACCGACCACGTTTCGCCGTCAAACACCTGCACCCTGGCCGACGGTCCGCCCAGCGACGTGAACCCGCCCACGACGCAGAGCTTGTCATCAACGACAGAGGCACGGGAGAGAACCACGCCGGTCCCAAGCGAAGGCTGTATCAGCCAGTCACCACCACCCGGCGGCGGGATCGAGGTCTTGCGTTCCTCCGGCGCGAATGCACAGCCCGAGACGACCATCACCAGCAGCAGGGCGGTCAGCCTCGACAGCATCACGCGGATCCCGACAGGTCAAAGCGGTAGAGTCGCTTCTTGCCCACGCGCAGCAGCAGGTAGCCGTTGGGCGCGTCATCGACGCCCACGGTGTGGTTGATGTCGGCGACCTTCGACTCACCCACACGCACGCCCCCGCCCTGGATGAGCTTCTTCGCCTCCCCGTTGGACTTGGCCATGCCGCTGCGGACCAGCAGATCGCGCACCAGACCCAGATCCCCGGTCTCGATGGTCTCGTGCGGGATGCTGTCGCCGGTTACGTCCTGGCTTGCGCCGAACGCCTTGCGCGAATCGGCCTGTGCCTGCTCCGCCGCCGCCTCGCCGTGGATGAGCTTCGTGACCTCGTAGGCCAGCACTTCCTTGGCGGCGTTCAGTTCCCTGCCCTCTGCCGTTTCCAGTTCCCGTACACGCTCCATCGGCAGGAACGTGAAGTAGCGCAGGTAAGGGCCGACACCTGCATCCGGCGTGTTTCGCCAGAACTGATAGAACTCGTAGGGCGAGGTGCGTTCCGCGTCGAGCCAGACGTTGCCTTTCTCCGACTTGCCGAATTTCCCGCCGTCCGGCTTGGTGATCAGCGGCATCGTCAGGCCCGCGAGCTCGGCGTCGTGCAGCTTGCGCCCCAGCTCGACGCCCATCACGATGTTGCCCCATTGATCCTGCCCGCCCATCTGCACCGTGCAGCCGTGCGTCCGGTTGAGGTGCGCGAAGTCGTACGCCTGCATGATCATGTAGCTGAACTCGAGGTAGCTGATCCCCGACTCGCTGTCGATACGCCCCTTGACGCTCTCCATTGAAAGCATCCGGTTGACCGACACGCGGCTGCCGACATCACGCAGCAGCTCGATCCACGTCAGCGGCTCGAGCCAGTCGGCGTTGTTCACCAGCGTCGCCTCGTCGGGGCCATCGCCGAACGGGACCACACGCCCGATCTGGGCGGCGATCGCCTCGGCGTTCGCGTTGATCTGTTCGCGCGTGAGCATCTTCCGGGACTCGGTCTTGCCCGACGGATCGCCCACCAGGCCGGTCGCCCCGCCCACGAGCACGAGCGGCTTGTGCCCGCACCGGCTGAGCCACGCCAGCACCATGATCGGCACCAGGGATCCGACGTGCAGCGAGTCGGCCGTCGGGTCGAAGCCGATGTACGCCGTGACCGGCTGTTCAAGACGCTTGCGGATCTCCGCGTCGGTCGACTGCGCCACCAGCCCTCGCTCGGACAGCACGTCGTACAGGTTCATCGCCACGGCCTGGGTCATGAGGTCACTCCTGAAGCCGGAGTTTACGACTTCGTCGACTTCTCTTTCGTCGGCTTCTTCTCGGTCTTCGCCGTTGAATCGGTCTTCTTCGATTCTGACTTGCTGTCGCTCTTGCTCTCGGACTTGGTTTCGGTTTTCGCTTTGCCCGCCTCGTCCGCCGCCTTGGCGTCCTTCTTGTACCCCTCCGAGCGATAGTCGGTCTCGTAGAAGCCCGAGCCTTTGAAGATGACGCCCGCGCCGGTGCCGATCAGCCGCTGGAGCTTGAGCTTCCCGCACGATGGGCACTTCTTCAGCGGGTTCGCGGTGATGGACTGGAACTCTTCAAACTCGTGCCCGCAGGCCGCACACTGGTAGTCATACGTCGGCATCGCCGGTCTCCTGAAAATAGCGCCCCGGACGCTTTATGCACTCACACTCACCTGCGCACCGCGGATCGTCTTGCCGCAGGCCGCGTAGCCGGGCTGGTACTGCTCGACCACGTGGTTGCTTTCGTACGCGTCGCTCGGCGTGCGCATCATCGCCTCGTGACGGGACGGGTCGAACGGGTCGCCCGGCTGCGCCTCGATCCGCTCCACGCCCATCGACGCCAGGGCCTTCATGAACTCGTCCCGTACCAGCCCGACACCCGCGAGGATGTCCGACGACGAGGTCGTCTCCGCGTCCATATTCAGGGCGCGATCGAAGGTGTCCATGATGCCCACCAGCTTGCGCACCATGTCGAGGATCGCCTGCTCACGGGTCGTCTCGAGGTTGTTCGCCGAACGACGGACGTAGTTCTGATAGTCCGCCGCGGTCCGCAGGTACTTCGCCTCCAGCTCGTCGCGCTCGGCACGCAGCTGATCGAGCTCGTCCATCGCGGGATCCGCTTCGCCTTCACCCGTGTCGTCCACGCCCTCTTCAAAGGAAAGCGTGTCGTCCACCATCGCCTCGTCCTCAGGCGAGGGCATCTCGTCTCGATTGATGTCCTGCTCACTCATAACACACTCCGTGGATCATTCACCGGTCGTGCCGATGTACTGCTTCATCCGGTCCCAGAACCCCTTGGACTCGGGCAGCACCTCGAGGTCTTCCGTCTCGGCGTAGTCGCGCAGCACCTTCTGCTGCTTGCTCGTCAGCTTCTTGGGCACCTCGATCATCAGCACCACGATCAGGTCGCCCACCGGACCGCTCCGCAGGTCAGGCAGACCCGCGCCGCGGAGGCGGAGCGTCTCGCCGTGCTGCGTGCCCGGCTTGATCGTCGCCTTGTGTTCCTGCCCCAGACCCGGCACCGTGATCTCTGCGCCCAGTGTCATCTGGGCGAAGCTGACCGGCATACGCAGGATCAGGTGATCGCCGTCACGCTCGAACATCGGGTGCTTGGCCACCCGCACGACCACGTGCAGGTCGCCCCGCGGCCCGCCCTGCGTGCCCGGCTCGCCCTCGCCCGGCACGCGGATCGCCTGGCCGTCGTGGATGCCGGGAGGGATCCGGACCGACAACACGCGGTGCTTGGGCTGACGCCCCGACCCGGCGC
NZ_CP036280.1_gap23	1279091	1281891	2800	CAACTCCCAGACCGTGTCCAAACCCATGCCCTCGGGACGATCGATACGCACCACCTTGCGAAGGGACTGCCCCGATCGAAGACCGCTGACGCTCACGTTCTCAAGCGTCGCCACCACACGATCTGAGGCTACCGAGTTCTCGTCCGCCGGGGTGAACACCACCGTGATATCCACACGCTGGCCACGCGGCAACGCCAGGTCGCCCAGGTTCGTGATCACCACATGCGCCGTCCCCTTGATGGGGTCGAAACGCCCGAGCGCCGCCGGCAGGTTGACGCGATCCAGACTCACGCCAAGGTCCACCGTCCCGTTGGTGATGTCGACCGAGCCCGCGCCGACGTCGCTGTTCGAAGCCAACGCGTCCGCCGCCGTGCTTCCCGGCGTGCCGTCCCACTCCTCCACGTCGCCCCGGTCCGGAGCTACCGCCTCGTCCACGACGACCACGATCTGATACGCGCCGCTCGCCAGCGGGTTGTCGCCGTCGGCGGGCGTCACGCCCGGAGGTACCAGGACGTTGAGCATCACACGCTTGCTCCGATCGGCGCCGAGATTGCCGATGTTCACGAGCGTCTCTTCTGTCAGCCGAACCGCTCGGGGCAGCAGCACGTCCGTCGTGTTGTCGCCCGCGCCGAACGGCCGCGCGTAGACCTTGAACGAAGCCATCGTGCCCCGGACAACCGTGTCCGTCCCGCTGTTCGTGACCGTCACGGGAACACGCAGCGTCTGCCCGGCATCGATCTCCGCGGGGAGCCGCGAGGTGTCGACCTCGACACCCAGGTCCACGCGTCGGTTCACCACCTCCATCGTGAAGTCGTCCGCGTCGTTCGCAGCGTCCTCATCCTCGATGTCCTCGAACGCCGTGATCGTCGCCGTGATGGTCCAGTCCTGCGACGCCACGTCGTAATCAGCCGGCAGGCCCTCCGGCAGATTCACACGCACGTTGATGTTCCTCGCGATCCCGGGCCTCAGGTTGCCCACACGCACATTCTCCGCCGTACCCAGAACCACCGTCGTCCCGTCCGGCGCCTCCGCCGTCAGCTCGAGCGACACGCGGCTCGAACGCAGCGTCGCCACGTTGCCCGTGTTCTCGATGCTCACGATCACCACGCCACGCAGCGCATCGGACGACAGCACGCTGGCCGGCAGCGTCTCACGGGCGATGTCCGCCTCGAGGTCCACAAAACCTCGCGTCCCGACCGTAAGTGTGTCGCCCGCACCGTCAGGCGACAACGCGATGTTGTTGTCCTCGCCGTCACCAGCCAGATTGGCCTCATCCACAAGGTTGTTCGCGTCGACCACCGCCACCAGACGGTAGTCACCCGTGTCCATTCCGGCAGGCAGGAGCGCCGTCACCATCATCCGCCTGGTCTGGCCGCCACGCAGCCCCGTGATCGTCACCGGAACCGCCTCGCCGTTGTTGACCGTCAACAGCACGTCCTGGCTGTCATCCACCGCACCGACCGGCCGGGCGTACATCTGCACAAAGACCTGGCGACTCACCTGCACCTGGCTGCCCACCGGCTGCCGGAATGAGAAAGGCGTCAGCGTCCCCGTGCCCAGCTGCGTGATCTCCAGCGGCACACGGATCCGCGTACCGTCACCCGACGTCAGGCCGTCATAACGATCCAGCGAGAGGTTGCTGCCGAAGTCAATCCCCAGGTCCACCGTCGGCCCGGTGATCTCGACGGTGCCCGTCGACGCGTTCGCATCAGGCCGACGCGCCACGTTATTCGACTCGTCCGCCTCGGCCACCACGTCCCCGCCGTCGATGAGCGCCACGACGTCATAACGCCCGACGCCCGCCGTGCCCGGGACCTGCAGGGCCACGTTGTTCAGGTCAAGGGTCCCGCCCGAGGCCAGACCGCTTACGTCCACGAACACCGTCTTGAGCACCACGTCGTTGAAGTCCGTCACCGCGTCCACGGGACGCAACGCGAACGTCACCGCGATCGGGTCCGTGCTGGGCGCCACCGACGTTGCGCCCGCGTTCGTCAGCTCAAGCGACACACGCAGGTTGTGCGTCCTGCCCGCCAGCCAGCGCGTGTCCTCGCCCAGCGACGACATCGTCAACTCACCCGTCAGGTCCGGCGCCGGCGAGGTCGTCACGTCAAACGTTGTCGAGACCATCTGGCCGTAGGCGTCCGTCGCCGTGACCGTGATGCTCTCCGTCCCCACCGCCCCGTTGATGAAGTCCAGCACCAGCTCGCCGTCCGCGTTGATCGAGGCATCGACGACATCATCCCCCGCCTCGCTGAATGTGAAGGTGATGTCCTCACGCACCGAGTCGAACAGCACAAGATCACTCGGCAGGTCCACCGGGTCCGATTCCCGAATCTCACGCAACGGCGTGTTCGTAAAGGTCGTCTCGTTCGACAGGCCGAGATTCGCCGTCCCCAGGCCCATGATCGCGTCGATCACCTCCATGCCGCCTCGGATCACCTGACCGAACACCGTCGCGCCCGTCGCGTCAAGGCCCTCGCTGTTGTCCTCGGTGTTGATCGACCACATGCTCGAAGCGATCGCCGTCTCCAGGCTGGAGCCGAACCAGGTCACGGTCCCGCGTGTGTTCGAAAGGCTCGCCTCGCTCGCGATCACGCTGCTCGACGACACCCTCCGGATCCGGTCGCTCGCCGGGTCGAGCACGTAGCCGCCCGCGAGCAGCGACGTCTGCGCATCGTTGTCGATCAGGTGCTGGAAGAAGCTGTTGTCATAAGCGCCGCTGTCCGCGAACGCCGAGAACGCGTCAACCGTCAGCGGCGCGTCCCCGGTGCGCAGCTGCAGGATGAAGAAGTCCGTTCCG
NZ_CP036280.1_gap24	1340404	1341303	899	CTGCGTGGTAGGTGCCGACTCATCGGTCGCAGGTTCTTCGGTTTCTTTGGCTTTGGGCTTGGCCTTGCGTGCGGTTGCCTTGCGTTTGACGGCCTTGGCGCGGGCAGGCTTGGCGACGGTCTGGGTTGCTGTCGCGACACCACCCTCGCTGTCGCTTTGCGCAGCCTCTTCCTCGCCGCTGTCGGCGTTGGCGAACCACTCGCGGATGGTGACCGCGAGGCCGACCTTGACGGTCGACATGTGGTTGGTGATGTTGGGCACGCCCTCTTCGGTGCAGCGCTCGACAATCACCTTACTCTTCACGCCAAGCTCTTTAGCCAGCTCGAAGACGCGCAGTGCTTTAGCCAAGAAAAACTCCTCAATCCCGGTTCCGCCGTGGAACCGGATCAGCCCTTGGGCTGTTGCTCAGTGCTCTCGACCGGCTCGGTGGTGTCCGGTTCTTCAACGGGTTCGGTGTCGTTGGTCGTTTCTTCGTTGTCGGCCTGTCGCTGCTCCAGCAGCTCGACGATATCGGCGCCGGGGTCGGACGGCCCGGCGTTGGCGGCCGCTTCGATCGCGCCGCCGCCGAGCAGGTCGTCGATACCCGACGCGCCGCTGAGTGCGGCAGCGGCGGCTTCTTCGGCCTTGCGGCGTTCGGCTTCCTGCTTCTCGCGTTCCTGTTCTTCGGCAACGACCTTGGCTTTCTCGGAGGCGATGCGCACGATCTCGACCGCGAACTCCTCCTCGTAGCCGAGGGTTTCCGAGAGGTAGGGGGCACCGACTTCTTCGACGTCGAAGATGCTGATCACGCCGAGCGCTGCCAGGCGGTCGATCTGCTCCTCGGTGACGCCCTCGATCTCCTTGAGCGTCGTCTCCATGATGTCGAGGCTTCGCGAAAACTCGGGCGGTGTGAGGATGTC
NZ_CP036280.1_gap25	1370709	1372011	1302	GTCGTCGGACAGGTCGGCATCAACAAACGCCACCGCATCGGGCAACACATCTCCTGTCTCCGCCTGATGTTGAATCCACGCCAATCCGGCCAGGCATGCACGCCCGTATCCCATCCGATCCTCGCGCACCACGACCGCACCGCGAGATTCGGCCAGCGACGCGGTCGCGTCCGTCGAGCCGTTGTCACACACCACCACACACCGAAACAGACCCGCTGGCAGAGCATCGAACAGGGCGTCGATGTTGTCCGCCTCATTCCGCGCCGGGATCACCAGATCAATCAGCATCCAAAGTAACCTGTTAAAACTATGGGTTGACGCTCGGGAACGCGATCCTACGCCACAACGACCAGGCAGAAGACCAGGAAGTATCTATGCACATTACCGACATCCTCGCCAACCGGAAGACGGCTTTTTCCTTTGAGTTCTTTCCGCCCAAGACGCAGGCGGCCGCAGAGAGTCTCTACCAGACCATCGCGGAGCTCGAGCCGCTGCGCCCCGACTTCGTCTCCGTCACCTACGGCGCCGGAGGGTCAACGCGCGAACTCACCCACGACCTCGTTCTCCGCCTCAAGAAGACCACGTCGCTCGATCCTATCCCCCACCTCACCTGCGTCTGCCACCAGGCCTCCGAGATCGCCGAGATCATCGATCAGTACGCCGCTGAGGGTGTCAGTAACATCCTTGCCCTACGAGGCGATCCCCCCCGCGACAAGGCCGATTGGGACCGCTCCAAGGACGCTTTTCAGTACGCTTCTGAGTTGGTCACCTTCATCCGTGAACACGCCAGCCACACCCAACATCCTGATCCACGCGGCTTTGGCATCGGCGTCGCCGGTTTCCCCGAGGGACACCACGCCACGCCCAACCGACTCCGTGAAATCGACTATCTCAAGGCCAAGGTTGACGCCGGGGCGGACTACATCTGCACCCAGTTCTTCTTCGATAATCGCGACTTCTACGACTTCCGGGAACGATGCGACCTCGCCGGAATCCACGTCCCCATCATCGTCGGACTCATGCCCATCACATCCATGAAGGGCATGAACCGCATGGCCGAACTCTCACCCGGAACCCGATTCCCGGCCGCACTGATCCGCTCGCTCCAGCGAGCGGGTGACGACGCGGAAGCCGTCAAGCGCGTGGGTATCCACTGGGCTACCGAGCAGGCCCGCGATCTCCTCGATCATCAGGCTAGCGGCATCCACTTCTACACCCTCAACAGCTCCGACGCCACGCGGCAGATCTACGCCAGCCTCGGCGTCGCCAGCCCGTCCTGACACGGGCATTGCTATACTCGAC
NZ_CP036280.1_gap26	1394876	1396781	1905	CGGCCCCTTCACCAGCTGCCCGAGGGTTAACGCAAATACCAGAACGGGGATCTGCCACCACACCGAGCCCCTGCACACCCGGTGCAGCAGCACCGCGTACGCCTGCGTCATGCACCCCAGCAGCAAGCCGTCCGCCGTCGACAGCGTCCCCATCACGATCGGCATGAGTGAAGTCAACAGAACCACCATCGCGATCACGCCCGCTCGCGAGCGACCTGACAGACAACGCCCCGCCATGTAGACCAGCCAGCCCGTCCACAGCAGCCCCACGATCGAGGGCAGACGCACCGCAATCTCGTGTTCCCCGAAGAGTTCAAGACCCACCTGCATTGCCCAGTAAACCCCCGCGGGCTTATCGGGGCGCACGCCCTCGTTGAATCGGGGGACCATCAGGTCCCCGCTCTCCCGCATCTCGACCGCGGCTCGGGCAAAACGCGGCTCGTCGCGGTCCCAGAGCGATGAACTCACGCCGATTCCAACGAGCATCAAGAGCCCCAACAGAAGCACGATCAGCGCCGCACGCCCCCCACCCGACGACCCGTTCGGTCGATCAGAAGCGGGCTGTGTGCCAACCGATACCGGGGGCAGATCAACATTCGCCATAAGTCGACGAGTTTACCCCGCTTCGCCCGCTCTGGCCCGTTCCCCAGCCATCACCTATTCTGTTCTGATGAACCGCATCCTTGGCATCTTCGAGCAGCACAAGAGCAACGGCAGCCGAGCGCTGATGCCTTTCATTACCGCGGGCGACCCCGATATCGAATGCCTGCCCGAACTCATCCGTGTTGCGGAGCAGAACGGTGCGTCCCTTTGCGAGATCGGGGTCCCTTTCTCAGACCCCATTGCCGACGGGCCTGTGATTCAGGAGTCCATGACGCACGCTCTTGATCAGGGGCTTCGCCTCGAACAGGTCTTCGAGGCCATTGCGGCCGTCCGACCAGAGACCTCGCTCGGCATCGTGGCGATGGTCAGTTTCTCCATAGTTCACCGCTACGGCCTCCGAGACTTCATCAACAAAGCAGCGGACTCGGGCTTCGACGGCTTCATCTTCCCTGACCTGCCGCTTGAGGCTGCTCAACCAGTCCAGCAAGCCGCTCGGGAGGCCGGCACCACACTCAGCCTGCTGATCGCACCGACGACACCTCTGGACCGGGCCGCCGAGATCGCCCGTGCCTCATCTGGTTTTGCCTACATCGTTTCCCGAGCCGGCATCACGGGCGAGCAGGACCAGCTGCCCCCCGGACTCGAAGAGCGGCTCCAGCGACTCCGTGAACACACCGAGATCCCGCTCGCGGTTGGCTTCGGCGTCAGCAAGCCCGCCCACGTCAAGGCCATCACCGACCACGCCGAGGGGGTCATCGTCGGGTCCGCACTCGTTCGTCGAATCAGCGACCTGCGACAATCATCCCGGGAGCAGATACTTGACGCCGCCGGGGCTTACATCCGTGAACTCGCCTCAGGATTGCCGCAGGGAGCGCCTTCTCCGACCGCCGAGTAATCCGCCAGCCGCCCCAACCCAACCGCCGATAAACTAAGAACGCCAAACGCAAACAGGAACACGCAGGGAGTCACCACGGATGCCCCAACGCCCCATGTTCACACACCGATGGACCGCCATCATCATCGCGTCGGTCATTCTGGCCCTCATACCGGTCGTCGCTCGCGCGCAGGTTGTCGAGACATCAGCCCAGTCGCAGGACCAACAATTCAAGCAGATCCTGGCCGATCGCATCGTTCTCTACGCGCTCCAGTACCTCAAGGGGGACGGCGAAGTCGCGCCATATCAATACGCCATGACCGAGGTTCTCTTCGACGAGGCGCTGTCGCTCGCGCCCGATGACCTCGCGACCTGGCATCTCTACGCCGACCTCGCCACGGGCATGGGCGATGCGCAGAAGCGTGAAA
NZ_CP036280.1_gap27	1462545	1465120	2575	TCGGCACGTCGGGGAACAGCGGACGCATGATCGGCCGCACAACCACCACGAGAATCTCAATCAGCCCCGCCTTCTCCGCGATCCGCAGCAGACCCATGAACAGCGCCAGGATGCCGATGAGCTTGAGCGCGTAACCCGCCGCCCACTCCGCCCAGTCCATGCCCTCAGCGACCGAATTCTTGAGCTTGAGCAGCCGCGCGGAACTGAACTTGAGGGCGCTGCCATCCTCAACCAGCAGGGCGATCGACTCGCCCGACCTGAGCACATTCGCGTCAATCGTGCTCAGCGTCGCCAGCGGCTCGGGGAACGACGCCTCAGCAGGGATACGCACCTCGATGTCGCCATCCACCGTCCTGCGGACCGCGACCTCCACGGGCGTGGCGAGTTGCTCGCCGATCGCGGCGATCTCCGCCTCATCCTCGATGCCGTAGTGGTCGACAAAGGCCCCCGGGTCCAGACTCATCGGGACGGTTTGAGCCGTCTCACCCAGATCAGGCGGAAGGTCGATCTCGACCGGCACGGGCACGCCGTTGCGGTAACGGTCGGTCGAGAGGTCACTGATGTCGGTATAGGAAGCAAAAAGCAGGGCCGCGAGAAGCAGCCCTGCCCAGATGTAATTCATCATGTCAGCGGTTCCTTCACGCCCGCGATCTTAACAATCTGCCGCCGGGCGTGATGGATTTACCAGAGGTCCCACTTGTTCTGGTGATAGAAGTTGGTGTAGCCGGCGAGCGGCTCGTAGTCGGCGTAGCTGTCCTCGCCGCTGGCCTCGACGCGGATCGAGGTCAGCTCATCGACGCCGTAGACATAGTGCTGAATGGCACGATCCACACCGTCATCATCCTTGTCCACTTTCACCGCGGACGCATGGCCGTCGGCCCAGGCAACATTGATGCCGTCATCATGGCGGGCGTCAGCCGCGCCGCCCTGGATGTTCGGGCGATCGCCCGTGGGATAGAGGTAACCAATCCCCTGCGTCGCTCCGCTGCCGTTGAGCCTGTCGGCGCTGCTGCCACCTCCTCCACCGCTGCCCGGCCGGCCAGTATTGCCGCTGCTGCTGCCCGCAACCTCGAGCGCACGGTTACGCGAGTCGGCGAACGCGATGGTTTCGCTGCCGCTCTTCACCGCACTCAGCCGAGCCGAGTAGATCTCGGTGCCGGGCACGGAATTCTGCTGAGCCATGCTCTCCTGATAAGGCGACGAAACCGACGCGCCTGAGAAACCCCATGCCCCCGTCAGAAAGAAGGCGTTCGCGCCGTAGTGGACCGTGTTCCACACGGGGTGCCCCGGGTGAGCCAGATCATTCGCTGTCGCCGACGCGGCATCACTGTCAATGCCGGCGTCGAGCAGGAAGTCATGCGAGGTCTCAAACCTCGGGCAGGTAAAGGTGCTCGATCCGGGCATGTAGCTACCCATGACCAGCTTGGATGACCACCACCAGTCTGTGCCGTAGTAATTCCCCCTCGTCGCGTAGGGCGTGCCGTTCATGTTCTCGGCGTGCCGGACGTAATACTCGTTGTTGTCCGTGGCATACGAGTAGTTGGCGATCGCAAGCTGTCGCACGTTGGACAGACAGGCGATATTCCGCGCCGTGTTCCGCGCGGCCCCCAGCGCCGGGAGCAGGATGCCGATGAGCAGGGCGATGATCGAGATCACCACAAGCAGCTCGATGAGCGTAAAAGCGCGGAGTTTGGTGGTCATGGCGTACATATAAAACCTCGTTCTGGGTGTCTTCTCGGTTGACAGGACCTGCCGCGGCAGGCATCGGTTGAAATTCAATGACGCAGGCGGGGTGAACGACTTTTGCCTCGTTCAATAATGAAGTATAAGACCTAACAGGACGGATTGGCAATCAAGTTTTGTATTGGCCAGCGTTTAGGATCCGTTCTTACAACGATGGAGTCTTCTGATGCCCCTTCCCGCTCGCATGACGCTGTTTATTCTGTTCCTGGGACTAACCCTGATGACTGGATGCTCCACCACACCCGGCACGCAGGCCTTCGAACGCAAGGGCGACGAGATCGTCGCAGCGGGTCACTACTTCCACACCGGCGCCCCCGTCGTGCTCTGGACCGACCCCGGCGGCTACGACGCCTACCGCGTCGAACGCCGATTCGTCCCCTGGGAGGAATCCGACTGGGACAACAGCAAGGAAGTCGTCCGCGACCCCAACCGCTTCGGACTCCGACACAAGGGCGACTGGCCTGAAGAAACCCTCGAACAGATCCGTGGCGGCGGCTGGGACCTCCCCCTGCTCCAGCGGACCGTCGACCAGTTCGTCATCCACTACGACGTCTGCGGCACCAGCCAGAAGTGCTTCGACGTCCTGCACGACCGCCGCTGCCTTAGCGTCCACTTCATGCTCGACATCGACGGCACCATCTACCAGACCCTCGACCTCAAGGAACGCGCCTGGCACGCCGGACACGCCAACGACCGCTCCGTCGGCATCGAGATCGCCAACATGGGCGCCTACCGCGACCCCAACGCCTCGGTCTTCAGCACCTGGTACGGCAAAGACGCCAAGGGCCGCATCCGCATCACCATCCCCGAGTCGATGGGCGACGGCGGCGTG
NZ_CP036280.1_gap28	1468574	1469541	967	TCAACTCGGAACCCGAGGTCCCGAAAGTCTCGTGCCCGATCGCAAGCGCATCGGGGTTCGCGCTGAGTCCGAGCGTGGCGAGGGTAGAAGCGAGGTCGCTCATGAGCGGCGGTCCTTTTCGTGTCGGTAAAAGTTAATCAGTCGTTCTCGATGACGGCTTCGACCTGCTTGACCGTCACGGCGGGGTGGCCCGCAAAGTCGTAGTAGCGGCCAAAACGATTGGCCAGGAAATCAGGCAGAGCAACCTCCTCCTGGCGGATGAAACCCTTACTCGGCAGCTTGCCCTCGATGTGCAGGTCCAGCACCGTGCAGATGCCCGCCGCGGTCGTGATCTGGATCGCGCTCCAGTGCTCGCCCTCGACCTCGCCGTGATAAATCTTCCGCGCGTCCGTGATCTGCGAGTAACGCCCCTCGACCATGCCCGTCACCGTGCAGAACACGATCACCACGTCCTGCGTGGTCATGGGCACCGAGTCTTCGAGAATCGACTTGAGCGTGTCCCGCTTGTTGTTCATCCGCAATTCGTTGATCAGGAAGTCGGCGAGGTCGCGGTGACCCAGGTACCGCACTGTCTTGTAATTCAGCGTGTCGACGCGGCCGTCAAGCGTCTCGCAAAGCGTCCCCAGACCGCCCGAGGTGTTGAACGCCTCGTAACGCACACCATCAACCGAAAAATGCTCCAGCCCCTCGAGAGCAAGCATCTCAATACGCTGCCCCCGGTGGATCGCCTCGCAGGGGTTGCAGTACTCGTTGATCAGACCGTCGGTCGACCACGTCAGGTTGTACTTGAGCATGTTGGTCGGATACATCGGCAGGGCACCCACACGCATCTGCACGCTGTCGATCGACTCCAGCCGCTTGGCGAGGTCGTAAGCCACAATCCCCACAAAGCCCGGCGCCAACCCGCACTGCGGCATGAAGATCTGCCCCTCCTTCGCCTTCTTCGCAATCTCCTTCACGCGACGCG
NZ_CP036280.1_gap29	1497974	1501691	3717	CGGCCCCTTCACCAGCAACCCCGACACCACCAACGGCACACTGACGCTGGACGACGCCATCTCCGGCCCCTTCATCCTCTCGCTCAAAGCCGCCAACAGCTACAGCCTCTACTACTTCGACGACACCTTCATCGGCCTGACATCCTTCGACTTCACCACCCTTGGCGTATCGCAGAACAAGCAGGGCAAGGCTCAGGACCTCTCGCACGCCGGCATCTACGCCGCGCCGCCGCCCCAAGCCTCCCCCGGCCCTGTACCCGCACCCACACCAAACGCCGCCGCAGCAGGCTTGGCGATCCTCGGCCTCGGGGGCCTCCGCCGCCGCTGATTCAACCCATTCAATCAATCAAAAGCCCCGCGGTTACCGTGGGGCTTTTTGATGCCGGCACGCTGCATACTCACCCCAGCGCCGCGTGCCAACGCCCCAGCGCCATCACCGGGAAGTACAACCGGTACAGGTGATAACGCAGATAGAACACACGCGGGAAACCCGTCCCCGTGAACTCGTTCTCGACCCAGTCGCCATCCGACTGCTGCGTCTCAATCAGCCACCGCGCCGCAGCTTTCACAGCATCATCCTCCGGCCCGTAGATCGCCTGCAGCGTCATCATCCCCCACGCCGTCTGCGACGCCGTCGAAGGACCACGCCCCCGAAGCGACGGATCTTCATACGTGTCCGCCGACTCCCCGAACGAACCGTCCGACTGCTGCACCGACTTGAGCCACTCACCCGCCTTGCGGATCCACGGCAGCGTCATGTCATAACCCAGCCGATCCAACCCACCAATCGACTGCCATGTGCCGTAAATGTAGTTCACGCCCCAACGACCGAAAAACGGCCCGTCCGGCTCCTGACGCGTCTTGATGTACGCAATCGCACGCAGCACGGCAGGGTGGTCCGCCCTGAAGCCGTGATGCCCCAGACACTCCAGCACACGCCCCGTGATGTCCGGACACGACGGGTCCTGCATCGCGTTGTGATCCGCAAACGGCACGTACTCCAGAATCGAACGGTTGCACGCCCCGCGGTCGAACGCCGCCCACCCGCCGTCCGGGTTCTGCATCGCCAGCACCCAGTCAATCCCACGGTTCGCCGCATCGATCCCGTCCCGACGACCGATCCGACGCAGCGCCATCGCCACCATCACCGTGTCATCACAGTCGGGATACCACGCGTTCTCATACTCAAAAAACCAGCCGGCAGGGGGGACGTCCTCAGGCAGATTGTTCGCCCAGTCACCCTTGATCGTGACCTCCTTGGCCACCAGCCAGTCCGCCGCACGCCCCATCCCCTCGTGCCCCTGATCAAGCCCCGCCTCCGTCAACGCATACGCCGCGATCCCCGTATCCCACACCGGCGAGAAACACGGCTGCAACCGGATCTCACCCGTCTCCGGATCCTTCAACATGAACCGATCCAGCTGACGACGCGCCTCCACCAGCACTGGATGATCCTCGTCGTACCCAAGCACCAGCTGGAACGCCACCTGCAGATAAACCATCGGCGGGAAAATCGCACCCAGACCGTCACTCTGCTCCAGACGCTCCAACACCCAGCGCTCCATCGCACGCACCGAGCTCGCACGCCAGGGTGTACCACCCATCAGGTCCACCAGCTTCAGCCCCCGATCAATCAGGCCGAACACAGGCGTCCAGAACGGGTGCGGGTCCAGAACCGTCGGCAGCAAACGGTTCCGATCACGCTCCGAACGGTACAACTCATCAATCCCCAGCCGCTCAGGCACCGCACGCACCGGCCGGTGCGTCACCACCAGACTCAGCGTGATGATCATCGCACGCGTCCACGAAGCCACCTTGTCGATGTGGAAGTAGAACCACCTGGGCAGCTTCATGATCTCAGGCGGGATCGACGGGATCGCCGAATAGGGCACCTGACCCAGGCAGGCCAGATAAAACTTGCTGAACGTGTTGCACCGCTCGGCACCGCCCGCCGCGAGAATCGCCTCCCGCGCCCGCGCCATGTGCGGCGCACGCACGTCATCACCCGCCAGCTTCAGACAGAAATACCCCTTCACCGTCGCCGAAATGTCGATCTTCGAACCCGGATACTGCCCCCACGTCCCGTCCGCCCGCTGCTGACGACGCAGATACGCCGTGATCTGAGGCAGCCTCGGGTCGTCCTCCTGCCCCAGAATCCACTTCATGAGGATGTACTCGGACTGCAGAATCGAGTCGCCCTCAAGCTCCGCGCACCAGTGCCCGTCGCCATGCTGCAGACTCAGCAGCTTGCCGACCGCCGCATCCAGACCACGCTTTACGCGACCCTTCAAACCCTGCGTCGGCGGGCGTGTCATCTCGGCATCCGTGGCCTGGGGAACAGCGGTATCCAAAGTCAGTAATCCTCGGTGTGCGGGACGAAGTCTTCGTAAACCGCCAGTTTAATGGACCGGAGCCAATAGAGCGATGATCTCGGCCAGAACCCATGCCTCGACGACATCGCACAACGCCAAATCACAAATCATCCCCGCGCCTCCCGCCAATAGAAAAACGCGGCCCCGCGAAAGGGCCGCGCTCCTCCATCCTCAATCATCGGGTCGAAACGCGATCAGCGGCGACGCAGAGCGATCAGGCCGCCCAGACTCACCAGCACGAACGACGCCGGCTCCGGCACAAAACCGCCGTCAGCCACGAAGATCCGGTTCAACGCGTCAACATCGAGCGCCTCATCCCAGACACGCACGTTGTCCTGGTAGCCATTCAACGACGTATCAGCCGTCGGGGCCGCCGAAGTAAAACCGATGCCGAACTCCGTGTTCGCACCGCCATCACCCGACACCGGACCGATACCACCCGTCGAAGCCACGCCTGCGACAGCCAACGGGCTGTTCAGATCGCCCACATAGAACGTGATGTTGTTGCTCGCAACCGACAGATCAACACTGACCGCCAGGAAAACCCACTGATCAGCCGCGTCAATGTCCATCTGGTCCTGAAATCCCGCGCCAAAACCGTTGTTGGCACCGACAAACAGGGCCGTTCGCACATTGTCAACACCACGGTCACCCGTGTTCGGGTTGTTCAGGTTCCACGACGGCCCGGGGAACGAACCGCCGCCTTGCTCCGACATCAGACGGACATTCGACGATCCACCCTGATCCGCATTCAAACCCTGAATGTTGATCCAGGTCGAGAGCGTGAACGTGTTCAGGCCATCCACGATGTCGATGTCACCGGCCGAAAAAACGCTCCCGCTGCCCGCCGCGGTCAGATCAGCCGCAAAACCCGAGCCGGAAGGCGTGTCCGCAACACGACCGGCGGTCGCGCCGACGCTGCCGTCCGCAGCTGCGCCAAGCGTGCCCGAGTTCAACGCATCGCCCGCAGCCTCATCAAACGTCCACTCAAGCAGCAACGCCGCCGAAGCACACGGGGTCAGGCTCAGGCCAGCCACGGCAGCCAGAGCACAAGCCAAAGTCTTCTGAGTCTTCATCAATCTCTCCTCATTCTCGAATAGATGTCGCAGGGGTACAGACCAAAAAACACGATTCATAAACCTGTCACACTATAAATCACCAACCGACCCTCCGGAAGATCAATCCGACGGATTAGACCGAAAAACACATAAACCCCGCCAGAACCTAGACTTATTCAAATATGAACGCAAGAATATGTTATGAATTGTACATAACTTATATTATCGGACTCTGGATCGTTCACCTGTGGTCAAGCCCGACGCAGCATCATTGACCACGCCACCCC
NZ_CP036280.1_gap30	1510192	1514124	3932	CTCCAACGCCGCCCCATCGCCAAATGGTTCGACCAGCACCAGTCCGGACGCTTCGACCACACCCACCGACTCTTCGCCCTCTGGCAACTCGCGCTCTGGAATCAGGGCAATCCCCAATAGCTCCAGGATCGCACGCCGTTACAATAGTTACACAGCGGTTAACGTTCGACGCGCCGTTCACCGTTCAATCACCAGAAGAGGAGAACACCATGCTGGCCCGCACGCTTGGCGCACTCACAGTCCTGTCGCTCACCACCACCCTCTCCGCCAACGTCATGCTCACCGCTCAGACACGGTCCGTATCGGCATCCGCAGGCGACGCCGAAGGCACCGTAACCAACAGCACCAGCATCAACACCGCAGGGCCCTACGACGACACCCAGACCATCACACACTTCGGCGACTTCTTCGGAGGCGGCGGCACCGGCAACGCCACACAGCTCTCCAGCGTCACGCCTGCAAGCATCTCAGGAACCCTCCACGCCGACGGCGACGGAGGCGGGGGCGTCGGCACCGGCTTCGCAGGCGGCACCGCATCCATGGTCATCGACTTCACCGTCGCCCAGCCCCTCGACTACACCCTCTCGGCCACCATGACCGCACCCATCGGCTTCAACCACGCATGGATCAAACTCTACGGACCCGACGGCCTCGTCATCGACGAGGAGATCGGCGAGTTCCTCGGCAACTTCGGAACCGCTGACCTCACCGGCCCCAACGCACGGACCGGAACGCTCGAAGCAGGCGACTACACCCTCGACGTCGAAGCATCCGCCAGCAGCATCGACTTCACCACCGCCAACACAGACCTCATGATCTCCTTCATCATCCCCGAACCCGCCTCCGCCGCACTCCTCGGCCTCGCGGGCATCGCCCTCACGCGACGCCACTGAACCACACCGTCCTCACAGATGACCGAGCCAGAACGCTCCGGGTGGCACACATCAAACCTCGTTCGCAAGAACGGGTTTGATGTGTGTTGCTCATGATCCATCAAGGATCGCGGCGAACAGCCCCTGGTCAAAGCCCACGACTGACCACACAATCCCATCATCAACCTTCCACAGCCTGTCTCACTAAAACCATCTACCGCTGGATAACCAAGTACTAACGCATCGCGCAAAATGACGGATGAAGACCTGCCGCGCAACACAACTACCCAAGTCACCCAGGCGCACGTCGCAAATGTTCGCATGACGATAGTTCATGATTATTTCGCGCATCATAACCCGGGTCACGCCGTACAACGATCAATCTTGCTTCACTTGACACTAACACAGCCTTTCTAACTTACCCACGCTGTCGGGTGACCTGCGTCACTCACCACATCTAAGTGCCGAACACGACCGACGTTAAAGCGGGCGCGATGGCTGCGCCCGCATGTTCTCCTTACATCCACTTTGAGAAGAGGATTGACCATGACCCGTTTCACCACAGCCTCCCTTGCCGCTGCACTGCTCGCAGCACCCGCATTCGCACAGACGAGTGTCCCCGCCATGATGACCGGCCTCAACGGCGCCGTCGTCAGCCCCGTCATCACCGTCGGTGAGTTCTACCCCGACGTCAACAACGCGGGCAGCCAGTACCAGTTCAAAGGCATCCCCGACGGCATGGGCGCCATCGAACTCGATCCCAACACCGTCCGCCTCTACGTCAACCATGAATTCAGCAGCGGCGGCGGCTCCTACAACCTCGCCAACGGCTACACCATCCCCGAAGGCGCTCGCGTCAGCTACTTCGACATCGACAAGGCCTCACGCCAGGTCATCGGAGGCGGCCAGGCCTACGACAAGGTCGTTGACGCAGCCGGCAACATGATCGAGGCCGGTAACCCCCTCCTCTGGGACTACTTCGCACGATTCTGCTCCGCCAACATGCACGGCACCGCCGAAGGTTTCGACCGCAACATCTTCTTCATGGGCGAGGAAGTCGGCAACGGCGGACGCCAGTACGCCATCGATACCACCACCAACACCGCTTACGAACTCGGCGATTGGGGCAAGGCCGCCTGGGAAAGCGTCACCGTCGTCCCCACAGTCGGCACCGCCCACGAGAACAAGTCCGTCTTCATCATCGGTGACGACCGTGGCGGCGCACCCCTGCTCCTCTACGTGGGCGAGAAGAACACGAGCTCTTCCGACTTCCTCGAGCGTAACGGCCTCACCGGCGGACAACTCTACGCTTGGAAGGGCGAGAACAACGAGGTCGGCCCCGTCGACTTCAAGGGCACCGGCAACAGCCTCAACGGCACCTTCTTCCCTGTCGATGTCTCCGGCTCCGATCCCTTCGGCTACGCCACACAGGCCGAGCAGGACGCGCGCACCATCGGCCAGGGCGCCTTCCAGTTCTCCCGACCCGAAGACGTCCACTACGACCCCATCAGCTTCAACGAGGGTAAGGTTGTCATGGCCTCCACCGGCCGTAACATCCCCGGCGTCTCCGACGACCTCTGGGGCACCACCTACCAGATCACCGTCGACCTCGACTCCCTCGACACCACCCCTGCCGCGGAAGTCCTCATACTTGAAGACACCAACGAGGCCGACAAGCAGGACTTCGGCATCCGCAGCCCGGACAACCTCACCTGGGCCACCGACGGGCTCATCTACATCCAGGAAGACCGCTCCATCGGCGGCTTCGGCGCTGCCTCGGGACGCGACGCCTCCATCTGGCGACTCGACCCCGAAACCGGCGACAGGCAGCTCGTCACGGAGATGGAAACCTTCGTCTACGAAGGCATGGTCGACGACGGCGACCTCAACGTCCTCGGTGACTGGGAGTCCTCAGGCATCATCGACGTCTCCGCCCTCTTTGGCGAAGACCCCGGCTCCCTCCTCATGGCCAACGTACAGGCCCACTCACTCGACCCCGATCCCGCCTTCCCCGACTTCGCTGACACCGTTCAGGGCGGCCAGATCATCTTTATCGACACCGCCAACATGAGCCCCATCCCCGAACCCGCCTCTGCCGCACTCCTCGGCCTCGCGGGCATCGCACTCACGCGACGCCACTGAACCACGTCACATACCGTCTGACGCAGTGCAGACCACCTAAGAGCCGCGCCCCCGAACGGGGGCGTGGCTCTCTTGCTATAGAACAGCTAATCGACCATCGCCTCGAGTCGATCGCCCACCACCAACCCCTGCCCCTGCTGGAACTGCGCGAAGCTCATCGCCTTCCGCCCCGGCGCCTGAACCTCCAACAACCGCACCGCGCCGTCAGGCGTCGCGATCAGATCATCCTGCATCCGGTTCTCCACACTCGGCGCTAACAACGTCCCCGACGCCGGCATCGCCTCCACCGACTCCAACCCGATCGTGCACGAAAGATCAGGCACCGCCGCCACACGAAGCAACTTCAAAACCCCCTTCTCCTCACCCGCCGCATCCACCCAACGCACCGTGCAACCCGGCCAGGGCGTCAACCCATGCACCCGGCAACGCACCCGGTCACACGCCTGATCGAACGACACCGTCCCGTCCGACTTCGCAAACTTCGGCGCCTTCGTCGCCAGCGCATCCTCCTGCTCGATCGGCTCCAGCCGATCACCCGCCAACTGCTCCAGCACGCCACCCACCGCCTCCGGCCCCAGCAGCGAAAGCCGGTCGTGCAGCTCCCCCGCAGTCTCCCTCGGATCAATCGCCAGCGACGCCTGCCCGTACACCTCCCCCGCATCCATCCGCTGCGCCAGCCCGATCACCGACACCCCCGTCCGAAGCTCGCCCTCGATCATCGCCCAGTTGATCGGCGCCGCCCCCCGGTACTTCGGCAGCAGCGACGCGTGCAGGTTCACCGCCAGACGCCCCATCGCACCGATCGCCTCCGGGCTCAGCTTCTGACCGAACGCGATCACCACGCCCGCCTCCGCACCCCACCCACGCAGTCGCTCCAACTCCGCCTCGCTGTTGATGTCCTCCGAACGCAGCACCTCC
NZ_CP036280.1_gap31	1521755	1524618	2863	CAACCTCCACGACACCGACGACATCCACGACCACCTCGACAGAATCGACAACAAACACGCCCTCGTCGTCGGCGGCGGCTACATCGGCATCGAGATGGCCGAACAACTCGTCGAACGCGGACACCCCGTCACCCTCGTCGAACGCGCCGAACAGGTACTCGCCCTCCTCGACCCCGAAATGGCACAGCCCGGCGCCAAGGCACTCACCGACAACGGCATCGACCTCCGCACTAGCGACGAGGTCGTCAACATCGAACGCAGCGACAACACCATCCACGCCACACTCAAGTCAGGCGCAACCCTCGACGTCGGCATCATCATCTTCGGCATCGGCGTCATCCCCAACACCAAACTCGCCACCGACGCCGGCCTCGACACCGGACAGACAAGAGGCATCACCGTCGACCGCTACATGCGCACCTCCGACCCCGACATCTACGCCGTCGGCGACGCCGTCGAGTACGTCTACGGGCCCACCGGGCAATCCATGCGCATCGCCCTCGCCGGCCCCGCCAACCGCGCCGGACGCATCGCAGGCGAGCACGCCGTCACCGGAGAGTCACAGCCCATGGGCGACGTCTTCGGGACCTCCATCGTCCGCGTCTTCAACGTCGCCGCAGGACTCACCGGCCTCACCGCACGATCCGCCGAACGCTTCGGCATCGACGCCAACACCGTCACCGTCATCGCCAACCACCACGCCGGCTACTTCCCCGGCGCCAAGCCCGTCACCCTCAAACTCACCTACGCACCCGACACCGGCAAGGTCCTCGGCGCCCAGGCCGTCGGCGAGCAGGGCATCGACAAGCGACTCGACGTCATCGCCACCCTCATGGCCATGAACGGCACCGTCCGCGACCTCGCCAACCTCGACCTCGCCTACGCCCCTCCCTTCGGCTCCGCCAAGGACGTCCTCCATATGGCTGCCTTCGCCGCCTCCAACCAGCTCGACGGCTTCGACACCTTCCTGCCCGCCAACACCGACCTCGCCGATGATCAGGTCGTTGACGTCCGCACCGACGCCGAAGTCGCAAAGTCCCCCCTGCCCGCCGAGTCCGCCGTCACCCACATCCCCCTTGACGACCTCCGTGACCGACTCGGCGAACTCGACGCCGACCGACCCACCGTCGTCAGCTGCGCCTCCGGACTCCGCAGCCACGTCGCCGCACGCATCCTCCTCCAGAACAACTTCAAGGCCGTCTTCGAACTCTCCGGCGGCGCTACCATCCGCAACCGCGCCGTGGCCAGCCAGCCCGCCAACGCATAACCAGCACCAGAAAGCGAGATCACCATGACCACGCTCAACAACAACATCGCCTTCGGCACCATCAAGCCCCAGAGGCTCGCCGAGATCCTCCACGAAAACCCCGACACCCACCTCATCGACGTGCGCACGCCCGCCGAGTACCGACAGGTCCACATACCCCAGGCACGGCTCATGCCACTCGATTCCCTCGACCCCGCGGAAGTCCGCGAATACGCCGCCGACGACAAAACCCTCTACGTCGTCTGCCACGCAGGCGGCCGAGGCGCCAAGGCCTGCGAACAACTCGCCGAAGCCGGCATCACCACCGTCGTCAACGTCGAGGGCGGAACCACCGCGTGGGCCGACGCCGGACTCCCCGTCGTCCGCACCAATGGCATGATCTCCATCATGCGCCAGGTCCAGATCATCGCAGGTTCACTCATCCTCCTCGGCGTCGTCCTCGGCATCCTCGTCCACCCCTACCTCGTCGGCATCTCCGCCTTCGTCGGCGCAGGACTCCTCTTCGCCGGACTCACCGACACCTGCGGCATGGCCATCATCCTCGCACGCATGCCATGGTACAACGCCCCCAACGTCAAAAACTGCTCGATCTGAAACACACCCGCGAACGCAAACCCCCCGTCAGGTCACGTTCAACGTCGGACGATCCGCCGCCTCCGACATCAGGTGCATCGACACCTGCGACACCAAACCGCGCGACAACTCCGATAGATCACGCGCCAACGCGTCGTCGCCCGTGAAGTTCGCCGACGGATCACCCGCGTCCGCGTTGTAACGCAGTGCCGTGTTGATCGGGATCCGACCCAGGAACGGAATCCCCGACTGCTGCGCCATCAACTCCGCACCGCCCTTGCCGAAGATGTCATACTCCTTGCCGTCGTCACCGATGAAGTAACTCATGTTCTCGACGACACCCAGCACCTCGATCCGCATCTGCCGGAACATCGCCACCGCACGACGCGCATCATCCTGAGCCACCTTCTGAGGCGTGCATACCACCACCGCGCCCGTCAGAGGCAGCAGTTGTGCCATCGTCAGCGGAACATCACCCGTACCGGGCGGCAGATCGATGATCAGGTAATCCAAATCACCCCAGAGCGTCTGGCTGATCAACTGCCGAAACGCACCGTGCGCCATCGGCCCACGCCAGATCAGCGGCTTCTCATCCTCCACCAGCGACCCCAGCGACATCGCCTTCACACCATGCACCTCGAAAGGCAGCAGGTGCTTACCCTCAGCCTTCGCCTCAAAACGATCCAGACCCATCATCGTCGGCAGCGACGGACCATAAATATCCCCGTCCAGAATCCCCACCTTCGCACCCTGACGCGCCAACCCCACCGCAAGGTTCACCGACACCGTCGACTTGCCCACCCCGCCTTTGCCCGCTCCCACCGCGATGATGTGCTTCACCCCCGGCAGGTCCACACCCTCCGACTCCGGCTGCTTGGGCTTGCTCTCACCCCCGCCGCCCTGCGCCAGCCCCGTCGTGAACTCGATCTCAACACCCTCCACGCCCGCTTCAATCCCCCGCAGAGCCGCCGTCACCCGCGACCGCAACTCCGACTTCAGCGACTCGTGCAGCGAAGAAACCTT
NZ_CP036280.1_gap32	1580240	1584862	4622	GGATTCGCTGTGGGCGACGGCGTCGTACGCCTACTCGGTGCAGGCGCGTCGGGAGTTGGCTGGCGTGCTGGGGACTCTGGTTGCGGACGGGACGTTTGATGAGGGCGAGGCGATCGGGATAGCGACGCGGTTGCTGCGTGAGAATGCGTTGGACCTGTTTCCGACGCCTGGGTTGTGAGTTGAAGGGGAAAAGCAAAAGCGGGCCCACCTCGATTGAGATGGACCCGCTCATTGGAGAAGGGACTGGGGTTGGTGGTCAGGCTCGTCGTGTCATGCCGGCGAGGCCGAGTGCGAGGAGCGCGACAGCTGCGGGCTCGGGGACGCTGTTGGAGTTCTCGAAGTTGGCTGCGAGGATGGAGAGGTCGAGGAGGTTGACGCCCGCGTCGCCGTTGAAGTCGCCGTCGGCCCATCCACCGGCTGCGTCGAAGTTGGACGCGAGGGAGGAGAGGTCGAGGAGGTTGACGGATTCGTCGAGGTTGGCGTCGCCGAGGAAGGTTCCGAGGTTAACGGTGACAAATTCGTTGAGGTCGTCGACGTCGACGAGGCCGGAGCCGTCGATATCGAGTTTGGGATCGGTGGTGCCGAATCCGGCGGCGATGGTGTCGATGTCGGCTGCGTCGACGACGCCGTCGCCGTTGAGGTCGTTGGGGATGCCGACGCCGGGCTCGCCGATGACGTCGATTTCCCAGACGAGGGGAGCGACGACGGCGCGGTTGAGTTCGTCATCGATGCCGGTGTAGGGGTTTTCGCCCTCGAAGGGGTCGCGGTACTGTCCCTGCGTGTTGTCGACGGCGTAGAAGTCGAAGCGGAGGTTGGTGACACCGCTGGCGAGGGGGCCCTGCTCGCTGTCGGTGATCTCGACGAAGGTGGACTTCCAGCCGTTGTCGCCTGTCGCGTTGTTGAGTGTTCCGAGGGGGTCGGACTCGAAGTATCCGAGTTGTTCGAAGGAGGCCCCGTCGTCGGTGGAGTAGAAGATCATGGTGGTCGAGAAGACTCGGCCGTCGGCGTTGTTGTTGTTGCCGGTGAGGATGTTGATCTGGTTGATGATGGAGGGCTCGTCGAGGTCGAACTGGACGAGTTTGGTGGGGACGCCGGTGGTGGCTTCTTCGCCGCCGGGGTAGTCGTTGAGGAGGCCGTAGAAGGGGTCACTGCCGACGCCGTTGGTGCCGTCGGTGAATGCCGGGAGTCCGGAGGACCATTCGGATCCGAAGGTTGAGGCGAGGTTGACGGGGTGCCAGCCGTTGTCGCTCCAGGTGGTGCCGTCGAGTCCTTCGATGTCGGAGAGCTCGGTGCCGATTTTGCCGGCGATGAGGTCGTCGGTGGCGAGTTGGGCGTCGAAGGCGAAGGCGCTGGTGTCGTGGCTTGTGGTGGCCATGGGGACGGCGAGCGCGGGTGTCGCGGCGAGGCAGCAGGCGAGCAGAGCGTTGCGAAGCATCGTGATTCCTCCTGAGCGGTCTGGGCGTGATCTCACAGAGACTGGAAGGCGTGCTGACGTGGCACGCGCGGGATTTACGAATCAAGCGTAATTCAGTGTAATCCATAAAGTGGGCGTGTCACGCGAGAAAACCAGAAAATTAACATATCTACCCTTTTTTCAACGTGTTGCATCAATGTGATGCGCGCCATTTACCTGATTTTCGGTAGATGTTTCGCCTGACGGGTCAGTTGAGGTATGGATGAATGAATGCGCAACTCTGACTCAGATGCGCGATTGATCAGTGGATGCTGCACAGGCTCGGGCGTGGGTCGTGAGATTTTGGTGTGCCGGACGGAGGCCTACGCTGAGGATGCTTTGACGAGGGTGTTTTCGGGGATCGGCTCGTCGGGGTAGGACTTGATGGTCTCGATCATGCGGCAGTAGTTCTCGATGCGGACGTAGTCGGGGACGGTGTTGGAGATGCCGGGGATGTAGCCGCCGTGGGTGTTGAGCGTGTCGATTCGGTTGCGGACGGCGGCTTCGACCTGATCGGGTGTGCCGCGAGCCATGAGGTCGAGGTCGATGTTGCCGAGGAGACAGAACCGTCCGGGCCAGCCTTTCTGGATTTCGAGGGGGTCCATGGACTTGGGTTCGAGGGGCTGGATGCCCTTGACGCCGATGGCGGCTAGGTCGTCGAAGACGTCGTAGAGCTTGCCGTCGGAGTGGTAGATGAGGGGGAGGTTGCGAGCTTTGGCGCGGTTGATGAGTCGGGCGATGTGGGGGAAGAGGTTCTCGCGGAAGAAGTCGGGTGAGAGCATGAGGCCTTCGGTGTAGGCAATGTCGTCGGAGTAGAGCACGGCTCCGGCGCGGTCGCCGACGCGTTCGAGGATAGCCTGGAAGGCGTTTTCGATGGCGGCGGCAAGCGAGCCCATGACGTCCTCGATCCACTCGGGCTGTTCGATGCTGGCGAAGCAGAAGGCGTCGAAGCCGATCATCTCCCAGGAGAAGGTGAAGATGTCGGCAATGTGGACGAGGAGTTTCGTGTTGGGGGGCGTTGCCTCGGCCATCTGTTCGATGAAGTCGAGGGTGTCGCTGATGGCGTCGAGTTTGCCTTCGGCCATGTCGTGCCAGCTCCATCGTCTGGCTTTGTAGGTGTCGTAGTCGGGCATGACGCCTGCGCCGGAGTGGGTGTCGGCGCCGGCGGCGAGTCGCTGCCGGTCCTGATGCTCGTAGAGCTCGGTCATGGGTGGGTAGAGTTTGGCCTGGACGTAGTCGTAGCCGCAGAGGCGGAAGACCTCGACCTCGTCGGCGGGCGAGACGCAGGGCCTGCCGAGGATCTCGGAGCGGTGCGTGATGTCGATGTGGAAGTCGAACTGCGGGGGTCGCGTCCATGCCTTGCGGAGCAGGAGGGTGTCGAGGAAGCGGTTGAAGTCGGGTTCGTGGTTGATGTCGGGTCGCATGGTGTTTCCGGTATCAGGCTGCGTTGGCGCTGAGCAGGTGCTTGTTCTGGAGGAGTAGGGTCTGTACGGCGTCTCGCTGGCTGGCGGGTCCGATGATCACGAGTTGGGAATCGGGGTTTTCGGTGTTGGCGGGCTTCCATCGGACGCGGTCGGCGGCGATGTCGACGAAGAGGTGCTGGTTGTCGAGTAAGACAAAGCCCTTGGCGCGGTAGATGTGGTTGCGGAGGGTGTTGAGGAAGGCGTTGAGTTCATCCCGCGAGCGTGCGGGGTTGACGTGGATGATCCAGCGTTCGTAGTTGGTGTCGGCGCAGGTGGCGTACTCGCCTTCGACGGAGGTGTGTGTTGTGTCGGGCTTTTGGAACGGGTTGATGTCGGTATTGCCGAAGCTGGCGCGGCGGATATCGAGGCTGGGGTTGATCTCGTGCAGCAGGGCGTGGGTCTGGTCGATCTGATCGGCGGGGTGCTGATCGATCATGGTGATGATGGCGGTGTGGGAGGCGGCGATCTGTGCGCGTGTGTTGGGGAGTGTCTTGAGGAGTGTGTTGAGTTTGTCGGGTGCGACGAGGCAGATGGTGTGGGCGAGGTTGAAGTGCCGGTCGAGCTGGGTTTCGTGGAGCATGCGTTGCGCGACGGAGGGGTCGGCGATACCGCTTGCTTCGACGATGACGCCTTCGAGGGGGCTTGAGTTGTGCGTGTGCGCGAGGGTGTTCATGACCTCGCGGAACCGAGTGACGAGGCAGGTGCAGAAGATGGATCCGCCGGGGACGGTGACGGCGTTGGGGGCGTCGGCGAGGAGTCGGCCGTCGATGTCGTGCTGAGAGAACTCGTTGACGACGTAGGCGAGGCGTCGTTCGGCGTGTTTGCGCGCGATAGCGCGCAGGAAGGTGGTCTTGCCGCTGCCGAGAAACCCGGTGACGAGCGTGAGCGGGATGGTGCCTTGGTCTGTCATTCGGCGTTCAGGCGTTGGCGGTCTGTTTCTCGTCGAGACGTCGTGCGATCCGGTCGGCGAGTGTCTTGGTGTCGGGGATGACGGAGGCGAAGGCGAGTTCGCCATCGATGCAGATGGAGGGGAGTGCGCCGACGTTGAGTCGGCTCATCATGCCGACGCCCTGGCGTGTGGTGATCTTGTGCTCGCGGATGACGACAGGGGTGTCTTCGGGGAAGCGTGAGCGTGCGTCCGTGGCGGCGGCGAACATGTACTGGCAGGGAGCGCAGGAGGCGGAGTCGAGGGTGATGACGTCGACGGTGACCTGTGCGGGGTCGTTGTAGTCGGGGAGTTGGATGTCGGCGAAGTCGTCGGCGTCCTTGTCGGCGAGGGTTCGTGCGACGTCGCGTTGGTAGGGGTCGTGGACGAGTTCGGCGACGGCCTGGAGGTTCTCGGGCTTGACGTCGTAGGGTAGGTCGCAGCCGGGAGCGAGGATGAAGCCTGAGTCGCCGGCGGTGTCGATGCAGTGGATGGCGTCGCGTTTTGCGTCGTCGGTGTCGCCCATGAGGAGGACGACGGTGAGTTTGAGGTTTCCGCCGAAGCTCTTGTTGTTGGGGACGGTGAGTTCGCGGATGGTGTTGAGGTCGATCTGTTCGTCGATGGAGACGTTGTCGCAGGCGGTGGCTGCCATGACTTCAAGGTTGCGTGTGGCGTCGCCACAGACGAAGAGTGATGAGAGACCGCCCTTCTCGCGGATGTGGCTGAAGAGGTCGTTGAGTGAGGGTGCGACGAATTGCTCGAAGTGTTCGGGGCTGATCTG
NZ_CP036280.1_gap33	1742529	1745336	2807	TATACTTGCTTGAAGTATCAGTCTCATTCGATCACGCGTCAACAACGAACGTCGAGAAGCATCCCGCACCAGAATCAAGCAAGAATCTGCCTCAACGCACACCGAGGCGCAGAAAGGACAGAGGGAATCATGAGAACAGCCTGCACCACCGCCACACTGCTCGTCGCCACGCTTGGCCTGACAGCCAACGCCCAGACACCGAAGGTCCTCATCTCGGACGCCTTCGAGCGGGTCACGGGTAATGCCGACCCCGAGAACGGCCCAACCCTTTCCGACTGGGGAGCGAACGACAACGCCCTGGGCGGCGGCATCCTCCAGACCTACATCACCACGCCCACCCGAGGCGGCACGGGCGGGGTCGACCAGACGGTTCAGGAGGCAGACGGCGATGAATTCGACGGCGATCTCGACAACGAGGGCGTCATCCGGTTCGGCACCACCATGGTCGACTACGACCTGGCCTCAGACCCGGACGTTCTTTTCGGCGGCGGATATACCGTCTCATTCGACTTCCGACGGCTCGCGGGTTTCCTCTCCTTCTACATCGGATACGACCCCGTCGATGCCGCCAACACAGACGGCGGCGCGGCCTTCGGCCCGGTCACCAGCGGCTTCGCGGGTGAACACGCCTGGATCTTCCAGGATGACGGTCTGGGCACGGGAAGGATGCAGCTGTTTGAGAGCGGGAACCAGCTCCTCCCGCCTGGCGACATCAACGGCGCTTTCGGCATCTCCACCGAACTCCACACGACCCTGATTACCGTGTCGGCACCCGACGGCTTCGACACCGGTGACCTGGTGACCGCCTCGGTTTCGGTCGACGGCAGCCCCGTGCTGGACGCGACACACACCGTTGCCTCCGACGGCATGCACTTCGGCTACGTCGGCTGGTCCGCAAACTCCGGCAACGCCCAGATCGACAACCTCGTCATCGCGTCACTGGACACCGCGCCCGAAGGGCTCGAAGGCGATTTCAACAACGATGGCGTCGTGGATGATGCCGACATCGACATCATCGCCGCGGCTATCGGCGGCGGATCAAGCGACCTCAAGTACGACCTCGACAGCAGCGGCACGGTCGACGCGGCCGACCTCGACGCGATGATCACGGACGTGATCGGCACGCTTTTTGGCGACGCCAACCTCGATCAGACCGTCGACCTGCTCGACCTCTCGGCGCTCGCCTCGAACTTCGAAGGGACCGCGGGTTGGGCGGGCGGAAACTTCAACACCGACACGTCCGTCGACCTGCTTGACCTCTCGACGCTGGCCAGCAACTTCAACCAGTCAGCGCCAACCGTCCCCGAGCCGACCGCACTCGTGATGCTCACGATCGGCGCAGCCACCATCGCTCGCAGACGATAAACCTCCCTACCCGAGGCAACGCCTAACGGCGAGCTTCGGGCTTCCTGCCACCCCGTGGCCCGAACTTCCCCTCTCTCCCTCCTTTTAGCAAGGATGGCACCATGTTCATGCATCGAGACACAGCCGCATCACCCAGATTGACATCCAGAGGCTTCACCCTCATCGAACTCCTTGTCGTGATCTCCATCATCGCGCTGCTGATCGGCATCCTGTTGCCCGCGCTGGGGGCCGCACGCTCCACCGCACGCAACGCCGCCGACCTCAGCAACCTGCGGCAGATCGGCGTCGCCTATTTCGCGTGGCTGACCGACAACGACTTTTCCGGATTCTCGGATTACCCCATGAACCTCCTCACCCAGGGCGGTTACATCGATCTTGAGAATACCGACACCGTGAACATCTGCCCCGAGACCGAATCACCCACCGATGTCGATGACGCCGTCTCTCAGGGTGCAACACAGATCGGGGCGAACGACTGGGGGGGCACCGCAAGCGTCGCCTACCAGCGCGGAACCTTTGGAGGGTTCGTGACCCGCAGCAGCTACACCTACAACGCGTGGCTCGCCACCGAGCAGTTCGCCAACGGCACCCCGAACTTCGTCGGCAACTCTTATGGCTTTTCGTATCGTGATGAGTTCCGCTGGCAGAACTTCGACAGGGTCCGCAACACAAGCAACGTGCCTCTCGCGGGCGACGGATGCTGGATCGCCATCGCCCCGGACGAGACACGCCCCGCACCCGGCGCCCTTGCCATCCACGACCGCTCGGCCCCCTTCACGAATCTCCAGCCTTTCCGGATCTACGGCTTCCACGAGATGTACATGGATCGGCACGGCAGCCACGTCAACATGGGCTTCGTTGATGGCAGCGTGCGCAACGTCCCGATCGACGATCTGTGGGACCTGGAGTGGCACGACAACTACGACTTCGACCTCGCCATGAAACCGTCGCAGCTGAAATAACAGCAGCGAAGCTTGATGAGAAGGGCCGGCAGGATCGTCCGCGAACAGGCTTTCGCACCAGCCCATGACCACTCCGCCTCATCACCGTGTCAGATCCGCCAGCCGCCCCGCCAGTCATGACCCCTGGTCTCTGGCGACGAGAGTCGCCGGAGACCGCTTCGGCTCTTGTGTTGATGAAGCCATCGCCTCTTACCTCGGCTTTCGGGCTAAACGCTCATCCCTAGGTTCTGGAACACCATGTACACCACCGACCGCAACATCCTGCATCGCCTCATGATCCTGATCGCTGCTGTGGCGGCGTGTTCACTCCTTGTCTCGCCGACGCGTGCCCAGAACATCGAGGGTGATCCCGCCAAAGCACGCCAACAAGAACTGGCTCAGCAGGAGGCCGGCCTCGGCCTGGCCGCAGGTGGCACCGCCGCAGAGATTCTGCCCAAGGTTCGCCTAACACCACGAGATGTCTCGATCACCGGGCTCGAC
NZ_CP036280.1_gap34	1752704	1756708	4004	CGGGTAGTAGGTCATCAATTCGTGATGGTCGGCATCCTTCGATTCGGCGGAAACGGTGAGCAGGTGGCGTTCAAGAGGGATCAAACCCCAGAGCTTGTAGGGTGCGCCACGTCCGAGCAGTCTGACCGGAACGATCACGTCTTCCCGCAGGAGGTAGGACTTACGGAACGTGACGGGATCGATCTGCTGCTCGTACCCGTAGGTATAGAGGCCGTGTTGCGTGCTGATGAGCAGGAGTTGTGGCGGGCAGTAGACGTGATCGAGGTTGCGTTGATTCGGGGGGTTCACGGCGAGTGGTTCGGCAAAGATCGCCACGGAGTAAATGAAGATCAGGAAGAGCGTGGAGATGACGGCGAGCCGATGCCTGAGGAAGCGTCGAAGGATCAGCCGCCACTGCGACATAACCTCCATGCCCGTGTTCCGGTGCTCGTTGGGCGTTGGTGTCTGCTGGTTCACGTGGTCACCTCGTCGTAGCGGACACGCGGATCAAGCCAGAGCAGGAGGAGGTCGCTGACGAGGGTTCCGAGCACGCCGAGCATGCTGAGGACCATGAGCATCGATCCGGCGAGGTACATATCCTCGCTGAAGAGGGCCGCGAGCAGGAGCGGGCCGACCGTGGGCAGTGACAGGACCATCGCCACGATGGCTCCACCCGAGACGAGTTGCGGGAAGACGTGCCCGATGCCGGAGATAAACGGGTTGAGTGCGACACGCACCGGGTATTTGAGCAGGAGCTTGATGGGTCGGACGCCCTTGGCTCGCGCGGTGGTGACGTAGGGCTTGCTGAGTTCGTCGAGGAGGTTGGCGCGCATGACGCGGATCATGCCTGCCGTGCCCGCGACGCCCATCACCAGCACGGGGACCCAGATGTGGCGTAGCAGGTCGATCAATTTGCCCCATGTCCATTCTGGCTGTGCCGCGTACTCGGGCGAGAAGAGGCCTGAGACGTCGGCGAGGACCATGAGCACGAGTGCGAGCAGGAAGCCGGGGATGCTCATGCCGATGAAGCCCACGAGCGTGAAGGCGTAGTCGGCGAGGGAGTATTGCCTGACCGCGGAGTAGATGCCGATGGGTATCGCGACCGCCCACGTGAAGAGGATCGTGCCGGCCGAGATACAGACGGTCAGGATGATGCGGTCGCCTACGATCTGGTTGACCGGCTGAGCGGTCTCCATGGAACGGCCCATGTAGCCCTGGAGCAGGCCGGCATCGGCCACATCAAGGCTCGTAAACCAGAAGAATCCCATCCATCGCGCGTACTGCTTCCACATGGGTTCGTCGAAATGGAAGAGTTGCCTGAGGTCCTCGATCTCCTGTTCGGCGTCGGCGTTGCCCGCCTCCTGGAGTTGGACGAGTCGCGCGGTGAGGTAGTCGCCTTCGGGGAGTTGGATGATGGTGAAGACGATGATCGAGATCACAAAGAGGGTGGGGATCATGATCAGCAGCCGCCGGCCGATGTAGGGGTGCTTGATCGCAATCAGGAGTAAGGCGAGTGCCACGATGCCGAGGATCACGGAGCGGATCAGGGAACCTAGGGGGATGGCCCGATCGATCGTGTCGGGCGAAGAACCGTCGAGGCGTGGTCGTGCGATCGGATTGACGATGGCGTTGCGTACGTCGTCGATAGCCCCCTGCGACATCACGGGGTTCTCGAAAAAGAAGGTTTCGATGCCGGCGTTCCCCGGCGTCATGGCCACGAAACCGAAGAGTGCGTTCTTCGGTACGTTGCGCATGTCCTCGTCCAGCACGACGAGTTGAGGCGGCGCATCGGCGATATTGATTGTCCAGATGTTCTCTGCACCGATCGCGAAGACCTTCTTCATCAGTGCGATCTGCTCTGATCGGCTGGGTGCCAGCAGTGCCTGCTCGTAGAGGTCGTAGGCGCGGTACATGGGGTGGTCACGGGGCGGTGGTCTCGCGTTGGCGACGCGTTTGGCCCTGGGATCGTCGTAGTATCCGCCCAGCGCGTACCACTGGGCCCATTGGGTGGCGTAGAACGCTTCGATGGAGTGCGGGATGAAGTAGCGTGGTTCGATGACGGCGAAGAAATCACTCTCACCGCTCCAGATGTTGAAATCGAAGTCAGCCGCGTTCTTGTGGAGGTAGAAGAGTTGTCGTGCTCGCTCCTGCAGGATGGCCCGCACGCCGACCGCCGCCCAGTCATCGACGACGAAGTGCCCCGGGCCGATATCCGTGAACTGGCTGTACTCGATAAAGAAGGTCATCGTTGATCCGTCGGGGTAGGTGCGCATGCCGTCGGCGTCTCGTCCGGTCAGCCCGAGTTCGTCGAGTAAGGCGTTTGCTCCCTGGGTGTCGTGGTCGATGAAGGCCTGCCTGAGTTCCGGGCTTGAGAAGGGGGACTCGGGGCCGGGTTCGACCTGCGCCGGCTCGACCTGGTCGTTGTACAGGGCGCGGATGATCGCTTTTCGGTCGATCGCCAGCGAGAGCGCCTGGCGGAAGCGTTTGTCCGCCAGCAGCTGGGCCTTCCATCGGGTCGACGGGCGTTCGGGGTCGATGCGTCGATTCAGGTTTGGATTGATCACCCAGGGTGATCGTGTCGCGGAGTACCAGTGGAGCACGCGCATGCCGGTTGATTCTGCGCGGTCAAACAACTCGGTGTAGTTCTCGTAGCGCACGTGCCGGGTTTGCATGCTCACCTCGCCGTTGACAAAGCTCAGTGCCATCATCTGGCCGCTGCGCACGGCGAACTGCAGGCGGTCGATGTAGGGCAGCTGATTGCCCGATTCATCGACGGCGAAGTAGAACGGGTTGCGGACAAAGACCTGGGGCGGATTCGCTTTGTAACTGCGGTAGATCCACGGCCAGAGCCGTGGGCAGTCGGGGTTCATGAAATTCCGCATGTAGGCATACAGCGCCCTCGGGCTGGGGAGTTGGTAGGCCTGCATGCCCTCGGCGATGCGATCCTGGTCGCCGAGTGTCGGGTGATAGGGGCGCAGGTAGTGTTCGGGATCCTGCGTCATGTAGAAGCTGTAGGTTGCCATGATGCGTTTGAAGTGCGGGTACGGCTTCGTGAAGCGGAACAGGAGCGTGTAGTCATCGATCATGTCGATCGTGCCCGGGTCCGCACCGGTGTACATCCATCTTGGTGGGATTCCGTCGGTGAGGTCCTCGCTCAGTTCCTGGTCCCGCCACCAGTACATCACGTCGTTTGCGGTGAAGGGGTGGCCATCCGACCATCGGACGCCACGCCGCAGACGCACCGTGAATGTTCTCATGTCCTCTGATGGCTCGAAGGACTTGGCAAGATGAGGGACGACCGGTTCGCCAAGCGGCGACCAGCGGAAAAAGCCGGTGTACGACATCCTGTTCTGGATGACCCCGACGTCGTTTTCAGAACTTGCGACGCGTAGCCAGGTTCCGCCGTAGTTTCCGATTCCGTCCACGCCGCGCATGACGAGTGGTTCGGGTCCGGTGCGGTCGCGGACAGGAGGCAGATCGCCCGATTCAACGAGTTGGGCCAGGATCGGCGACTCGCCGCGTGGCCACCAGGAAGCGTCGCTACCCTCACTGCTGTCAACATCCACCTGCAGCCTCGGGAGGGTATCGATCCGTTGTGAGTCGAAGGAGACATCGCGGTCACGCTCGATGCTCGCGAGCAGATCGGGATCGACATCGATCGGGGCGTCTGATGCTTGTGGCTGCAATGACCAGCTCAGCAGCCAGAGGAGCAGCGCAAAGCAGAACCCTACACCCGTGACACCTGCGAAGAGATAGAACAGATACTTCATACCAGTCAGACTCGCTCAGCAGCGTGACTTTAACTGATACCCGGCGTGGCGTGGGCCGGGTGACGCGGTCACGCTGGCGATCGTTCGCGAGGACGAGCCCATCGCGCGATTGCGTCGGGAACGGTCTGCCCGTAATCGCTCATGGCTCACGGCCACGTCGATCCGAGATAGCATCTGGGTATCACACGTGGAGGTGGGTCGGTTGCCCGCGATTCACAGCCGTCCGCATCCCAGTCTCTCAACCGTGATGCATGT
NZ_CP036280.1_gap35	1758779	1763266	4487	GGAAGGTCAGCCTAATATGTCAAGGTTGTGGGTTGCAAATTTCTCTTATTTGTAAAATCATCACAGCCCATTCTGTTCGTATATTGTAAACTCTAGCAGTAGACTATCGTCTGAAGCTTCGGCTTACGTACCAATAACGACCGGCACTGAGGTACATCACGTGTCCAGAGTCGCCACCAAGCACCAACTCGTCTTCGAAGCCGTCCGCAAGGAGATCCGCGACGGGCGGTTCAACCCCGGCGATCGCATCCCCTCCGACGTCGAACTCGTCGAGAAGTTCAAGGTCTCCCGGCCGACCGTGGCCAAAGCCCTGCAGGAACTCGAACGCAACGGCCTGGTCATCCGACGCCCGGGATCGGGCACGTACGTCAAGAAGACGGACAAGGATGGATACCTCTTCGGCCTGCTGATCCCCGGCCTCGGCGACACCGAGATCTTTGAACCAATCTGTGGCGAGATCGCTCGATCCGCGCAGCAGCTCAATCACTCCCTGCTCTGGGGTGGTGCGGGAACGCACACGCTCTTCGACAGCGACGAGGTCGGGTCGATCTCCCTTGATATCTGCCGTCAGTTCATCCAGAACAAGGTCTCGGGCATCTTCTTCGCGCCGCTCGTGGTGGCGGAGCACCACAACACCATCAATCAGCAGATCACACAAACGCTGACCGATGCGGGGATCCCGGTGGTCCTGCTGGACCGCGACATCGTGCCCTTCCCTAATCGCAGCGGTTTTGACCTCGTCGGCATCAACAACCATCGGGCTGGCTTTCTCGTTACCCAGCACCTGATCGAGCAGGGATGCGACAGCATCCTCTTTGTCACCGACCAGTACCGGGTTGGCACGGTCGAGGCGCGAATCGCCGGATTCAATCAGGCCCTCCTGCTGGCCGAGCGACCGGTCACACCGTCACTCATTCAGCGATGCAACCCACGCGATGCAACCTTCGTCGCCAACATGATGGCGGCACACAAGCCGTGTGGCATTGTCTGTGGCAACGACGTTGTCGCTGCCAATCTCATCCACACGCTCGACAATCTCGACATCGAGGTCCCCAACCACGTGCTGGTCGCCGGTATTGACGACGTGAAGTATGCTGAACTGTTGCGTGTGCCGCTGACCACGATCCATCAGCCCTGCGAGGCGATCGGACGCGCAGCGATTCGGGCGATGCTCGATCGACTCGAGATGCCGGACATGCCCGCGCGCGACGTTCTCGTTGCCTGCCACCTGGTCGAACGTGCCTCGACCGAGCGACTCGATCGGCTCAACGGCAAGGCCTGACACCGCCATCATCACCCAGAGATGAAGAAGGACTCCCGTGGACCAGCCCCCCCGCGTCGTCGGACTTGGCGAAGCACTCTTCGACTGCTTCCCGGATCGTATTGTCCTTGGCGGCGCACCGGTTAATTTCGCCGTCCACGCCGATCGACTCCTCAACCCGACTGGCGGTTCGGGCACCATACTCAGCCGTGTCGGATCCGATGCCCTCGGCCGCAAGCTCACGGATGAACTGGTTCAACGAGGCATCGACACCGGTCATTTGCAGCACGATCCCAACTACCCGACCGGCACGGTCGATGTCAGGCTCACCGATGAAGGGCAGCCCGATTACACCATCACGCCCGACGTGGCCTGGGATCACCTCGACTTCGATGAGCGTGCTCGAGGTCTTGCTGAATCGTGCCAGGCCGTCTGCTTCGGCACACTCGCTCAACGGTCCAAGCCGGCACGGTCGTCCATCCAGAGCTTTCTGGAATCCGCCGCCGACGCGATTCGCATGCTGGACATCAACATCCGCAGAGGCTATGACCTTGCCCCTCTGCTGCCGCGCAGCATCGAATTGGCAACCGTAGTCAAGCTCAACGAGCACGAATTGCCGCTTGCAGCAGAGATCCTCGGCCTGACAACCTCCGGCCAACCACTGGCCCAGCTCGAAGCACTGCTGGATGAAGGCGGGCTCGACGCGGTAGCGCTGACACGGGGATCCGAGGGCACGCTGTTGATGACTAAGCAGGGAGGCTTCGAGGGCGAGCCGGGCAGCTTCAATCCGAATCCCGATGCGGACAGCGTGGGCGCGGGCGACGCGTGTGGCGCGGGGCTCGTCGCCGGAATGTTGCTGGGCCTTGATCCCCGAGACATCGTGACGCTTGCCAATGCGATGGGGGCTCACGTCGCTTCGTGTCCCGGCGCGACACCACCGCTACCCGACAGGATCCTGGATCTCGTTCGCCGGTAAGAACACCTATCTGGTCGGGGCATAAAAAAACACCCCGCGAGCGCGAGGTGCTGTTTTGAGATGCGTTGAAAGCCCGTGGTTTACTGCCACCAGACGTAGCCGGGAGCGAGATTGCCGTTCTCGTCCGTGTCGTTCTCGAGGAAGATGTCATCCTCCGCGGCCGTCGGCAGTTCACCGTACTGGAGGTTCTCCATGATGTGGCTGCTCTCAAAAGTCGTGCTGCCATCATTCCGGACCACCGTGCCCTGCCAGGCGGGCGAATCGCCAGAAGAGGTCGGGTCGGTCCATATGCTGTACTCGGAGCCCGAATCACCAAAGCTGCGGTCGGTCAGCAGGACCGCCGAGGTATTCAGCTCATCACGTCACTCCAGCCACCGATTCATCTTGCTCGCGTCCGTAAAACCTCGGTACTGAGCAAATACGGCGATATTCGGGTCGTTGTGCCTGAAGAGCAGAGCAAGGCAGGCGTAGGAGAACTTGGGGTTGTGCTCGCTGCCGTACTTCGAGTCATAGGACGTGATCGTGCCTTCGGGGGCGCCGTCGCCGTCGAGGTCCTGGGTCTCGCCCGGAACCGCGGCACGGCCTCATCATCCCCCGGGCTGATGAGATAATCAGCCGAGAACATGCCGCTGTTGAGGAGGATGGCCAGCCGTGTCGAGGGGAGACTTCCGAGCGAGCCACGCGACACCGCGTGCTCAGCACCACCCTCGTAATCATCACCATCAGTGAGCAGCGGGCCCCGCGTGTTGGAGAAGCCTTAGCCGACGGTGTCGCCTTGGTTATCGATTCCCGCGTACCAGCCGCCGTTGCTCTGGGCATGGATCACAAGCCCCTGATGAATGCCGCGGAGTTGGGTTGAGTTCTGCAACTGACGGGCCGTTCGTCGGGCTGCACCCAACGCCGGCAGCAGAATGCCGATAAGCAGCGCGATGATGGAAATGACTACCAGCAGTTCGATGAGCGTAAAGCCTTCAGATCGCCGCATGTTGAACCTCGTCTGTTGTTGCCAGCTTGGGTTGAAACGCTCAGGCAGTGATTTGATTCCGAGAGCCACGCAAAGAATACGAGTGACGAACTCTGATTTAACTTTACTTTTAGCATCGCATATGTCAACTTTTTCTCACTATTAATATTACATATTTAACTCCTTGTCCTTGTCTTAATTTTACATTTGCAATCGCATTGACAACGGATGTCTGAGTCCATACTGCTATAAATCCCGTAAGACACTCCCCTGAAATCACTTGCAGAGAGTCTCGCGCGGGCTCGATCCCCAGATTCATGTTTTACAGTTTCAGGTGCTTCCGGCTACCTCTCGGCAGTCAGATCACCTCGCGTACCCGCGCTCTTACCTGGCAGGATCGACCAGATAAACCTTCGCGGCCATACTCTTCATAAATACAGGCACCTCGATGACCACGCCCCGGTCATCACCCCGCGCATCCGTGGTCGCTATGACCCGACCCTCGAACGTGTCCCACCACTCAACGCGATACCTGCCTGCGGGGAGGTCGCCAAGACGCACGACACAGGGCTGAATCGGCCCGAGTTCCTCTTCCGCCTGCTGGCGACTGGCCCAGGAATAGCCCTCGTCACGCAGCCACAGGCAGGCCAGCAGGCCATCATCCACCACGCGCTCGAATCGTGACGCCCACACATCCACGCCGGGATCATCGCGGGCGATGAAGTTGGTGACCTCGTAAGAAGCCCCCAGCCAGTCCTTACCCGTGTTGCGGACGATCACCTCGTGCTCGCCGGCGAGAAGGTCAACCCCGTACGCACCGTTGTAGGTTGAGATCGCCTGTCTGGACGCGCCATTGTTGTCCTCGAACACCTCGGACAGCAGGACCTCGCCGTTGACCTCGATCTCGAGTCCCGCTCCGGCCCAACCCGAGACTGTCTCGACGTGCACAATGAACCGACCCTCCTCGGGCATGTTCAGGCGCAGCGTCGATGGGTTATGCAGGTGTCGATTGTCACCCGAGTTGCCGTGGAGTACCGCGGGGAAAAGATCGAAGTCCGTAACCGCTCCGTCCGCACGGACCTCGAACGAATTCGGCTGATTGACGATGCCGCGATCCCAGCTCTTAGCGGCAGCCTGAATCACCAGCGGTCGTCGCGCACCATCTCGATCGGGCGTATCTCGCAGACGTATCTCAATGTCATCGATCGGACGGAAACCGACACGGTTCAGCGGCATGCCGGAAACAAAGCGTGCCAACGGCGTCATCCGGTGATAAAGGTCATTCG
NZ_CP036280.1_gap36	1765708	1770649	4941	CACCTCACGGATCAGCCGGAAGTTGTCGACGTAGAACGAGCCGGGCGCGTCCGTGTTCGTCGCCAGCAGCAGAACGATCGCTTCGCTGTCCTCAACGATCGACTCAAAGGGCAGACTGGTGTTCGCGCCGATGAGACTCGACATCGAGATCTCGTAGGTATAAGTGCCCGGTTCGGAGGTATCGAAGAACTGCGTGGGAGATGAATAGAAGGCCTCACTGTCGTCATTCAGCGAGATGCGGAAGCCCGCGAAGCTCGTGGCCGGGTCGAGGTCCGCGGGATCGATGGTGATATCAAACGCGAGGAAGTCGGCCTGATTGAACCGGTCGGCGATCGCGTTGATCTCTTCCTGTGTGTCGCCGTTATCGATGTCCCAGCGAACCTCGCTGCCCCAGCGGAAGTTCGGGACGCCCGAGGTGCGTGTCACCTTCAGGGCGTTATTCCCCTCGGTCGCGTTAGCGGAGACCACCTCCCGGGTCGTTTCGGGATTCGGGTAGTAGGTGGGATCGGGATCCATCCAGCCCTCGAGACCGGTCTCGAAAGAGAAGAGTGTGTCCGTCACGCGCGGCTTCGGCTCTTCCGCGGTCTCAACATTTGCCAGCACTGCGAACGACGTGCCGTTGTCCGGGTCGAACATCTGGATGCCGAAACTCGTCACGTCATCGAGGTCGGCGATGCCGTCGAGGGGGAGGCTCAATCGATTGGCCGAGCCCACCTGAATCTGCGTCTGGGGCGATTCGAAGAAGCCCTCCTCGCCCGTTGTGATGAAGAGCTTGGCCCCCAGCGCGAAAGTCTGAGGTGTAAACATCAGGTCGAAGCTGTCAAAGCCCGTGAGATCGGCGTTGAAAGCCTGATTCTGCATGACCACACGGGAGATCCCTTCCGCGGGAGGACCAAAGTCCATATCCAGCAGGATTCCGTCGCCGTCGAGGGTGAGTTCCCAGAGACCTCCGCCTCCTCCGAAAGCGGTGGTGACGTCTTGCATGGCTTCCAGCTCGGCCTGAGTTGGCGAGAAGATCACGGCCTGGGCAGGCCCCGCGAGGAGCAGACCGGCCGTTACGGCCATCCATGTACGTGTGTTCGTGCAAGCAGGCATCTCGATAACCTCCGTAGTTGCGTTCCTGTTCAGAAACAGTACGAGTCAGCAGTGCGATAAACCACGACGACCGGTCAACACGACCAGCATCGACACAACCGAGGCCGCAGCCGGCTCCGGTACCAAAGATTCAAACCCGAATGATGAGGCGAGCGTGCTGAGGTCCAGCAGGTCCGCGACGCCATCACCATTGAAATCACCACTCGACCATCCCGCAGCATCCTCGAACGATGCCGCGAGGGCCGAAAGATCAAGCAGATCGACGCGACGGTCGAGGTTCGCGTCACCGAAGGCCGTGTTCAGCACTTCCTCGACCAGCATGGTCAGGTCAGCCGCATCGGCTTGCCCGTCGCCGTCCAGGTCGAACGAATCGTCGCCCAGATTGGACATCAGCAGATCGATATCGGATGCGTCGACAACCCCGTCGCCGTTGTAATCACCCGGGATGAAGGGATTGGCGGCGTAATCCACGAGCATCTGGCCCAGCCGGCGGTTAAGACTCTCATCGAAACCCCCGCTGATGTTCGAAGTCCGGGCGGGGTCGATATGGAACTCGCTGTTGTAAGACCCGGGCATACCCCACTGCCAGACGTGGAGGCTCTCGATCACGTCGCCATAGCCGTCCAGCGCCCTGAGCAGGCCGCGGAAGCCTTTGAGTTGCTCGTCGAGGTCAACGGTGTGCCCCTCCGAAGCGATGGCGATCCCACGATTAAAGGGTGTGGCACCGTACTCCGTGAACTTCACGGGCAACCCATCACCCCCCTGCCGGGCCTGTGCAAACGGCAGGATGATCGTGTCGATCAACTCGGTCCAGCGCGAAACAACCAGGCCCTCGAAGTCGCCCGAGTCCGAGTTGTCTGCCTCTTCGGGCGTGACCACGCGGAAGTAAGCATCGATGCCTACGAAATCTACCGCCGGATGATCCCAAACGGTCGCGGTCAGGTTGCTGTTCGTGAAGTTGTCCCAGTTCGCGGCGTAGCCGATCTGGCCGCTGAAGACCGCATCGACCTGATCAATCAGGCTCGTGAGATCGGTGTTGTGGCCGGAGTCCTGAACCAGCGTTTTCAGCTCGGTCCCGATTGTCATCGCGTCGACGCCGTAGGTCTCGGCCATCTCCGCAACATCGACGACATAGGTGGTGTAATCATCCCAGAATGTTTCGGCCTCGTTCGACCCCGGCGTCGGGTTGTAAAACCCGCGCCAGGTGGAGAAGTTCTCCAGCTCGACGAAGGGGTTGACCGTCACGGTCATGCCGAGGCTGGTTGCCCTGGCAACCGCCGCCTCGACGTGTTCAAGATCAGGCGCTCGCTGTGAACTCGACGCGATCTGCCCCGTGCCCGGCGTGACGAACCGGAGCGGGCTGAGCGACACCTCGCGAAGCCCGTAGTCGTACATGCGCTGGACCTCATTGGCCCAGACCGTGGGCCCGTCCCAGCCGTAGTTCCACCAGGAGACCGTGTTGAACCCCAGTCCCGGGTCGTGACCCGGTTCGTAGGTGAGGTTCGCCCACCCGTCGGCGCTCAGCCCAAGGCTGAGCACCGACATGAGGATCAGGCGGGTTGGTAGGTGTGTGGCGGACACTTGCGTTTCCTGGTTACAGAGTCTGCGAGATACACGTCTGGAGAACTCGGAGCCTTAGCGATCTTTGTCGTAGAAGTATGCGTTCGTGTTGTTGGTGGCGGAAGTAAATTGGCCCCATGAATCCCGGTTCTGCCAGCTGACCGAACCATCGCGGTAGCCCATGTAGATGCCGTCAGGCGTGTAGGTATCCTGAACTCGGCCCCAGTCGATCTTACGCGTGACACCTACCTTAAATGGCGAATCCTCACCATCGGCACCTCGGTAAACAGCCTCATTCGAGCCGTTGAGGTGAGGCAGATCGCTGCCCCAACTCGCCCCGGTAATGTGGTGGTAGCAGGTGGCGACGACTTCACTGTCGGCGTAATCATCAAGCGTGCTGGGGAAGTAGAAGTACTTGTCGGTCTCCTCAACATCAACCATTGCACCGCCGCCGGGCGTGGTTCCGTCAACGAGCGTGCGATAGAGACCGCCGTAGACTGCCCAGCGAATCCACTGAAGATTCCGCGTCGAGTCGGCAGTCAGGTTGGTTCGCCCCTCGTCAATCTGGGCCTGCTCATCAAAATCGACATCCTCGAGTTCCCCATAGCTGTTACAGCCAAACGAGGAAGGAGTGAGGCCGTAACTGTTCAGCAATTCCTGGGCGAGGTCGTAGCGGTACCAGCCGGTCATCCCGGCACGACGTTCGATATTCGGATCCGCATCAATATCACCGAACGTCCCCGCCGGGTGAGGCAGGCGACCTTTATTGTCCACCGCCCAAGCCGTGTTGGCGATAACGAACTGCCTCAGACCGCTTGAGTCCGCCATCCGCCTGGCTGTCAGCCGCGCTGCACCCAGAGCGGGCAGCAGGATGCCGATGAGCAGGGCGATGATCGAGATCACCACCAACAGTTCGATGAGGGTAAAACCGATGCGTCGTGTCGTGCGTGCCATAGTCGTATCCAATCCTTATTCAGGGAGAGGCGTGCAGGGGATATCCAAGGGCCCGGGCCGGCGCTAACCGGCCGGGGCAAAACGTGTCGTTAGGATGTCAGCCGGTATCAACGGCGGCGAAGCAGAGCCAGACCACCCAGGCCCAGGAGGCCGAGGCTGGCAGGCTCCGGAACGATACGGACGTTGTCGAGATACATCGTCATCGGGGCGCGGCCCCAGTCACCATTCACGCCGAGCGTCAGGCGATAAAAACCGCTGGCCGGGTCAGCCACAAACGTGCTGAGCGGCTCCTGTACGGTGATCGTCACCGGACCACCTGCCAGATCATCCGGGAGACCGACGACGGCCACGCCATCGATCTGACGGAAGTCCGGGCCCTGAAGCGAGAACGAATTATTCAGGAACGTGCCGCCCGGGATCGTCGCGGGGTCGTAGGTGATGTCGTAAGCGATCGCGAGGCTGCCGGGACGGGCCGCCTCCTGCGCCAGAACCGCCGCCATCGCGTCAAAGAACTCGGGGTTCTTGGGGGTATCGCCACGGAAACCCTCGATGGTCGCGGTCCAGCTGAATCCGCTGATATCAACCGTCACGGCCAGGCTCTGAGCACCTTCGGTCGCGTTCAGCGGTGAGACCGCGATCGAGCCGGGGGCGTTCCAGCCGGTGTATTCCCAGCCCTCGACGCCGTCCTCAAACGAGAACAGCAGCATGTCCGCCGACGCCGAGACCGTCAGTCCCGCGACCGCGATTGCGGCCAGTGCCATTACGTTTCTTTCTCCAAACATGTGATCCTCCTTCATGGATTGGTGGCCCAAGACAGGCCTGTGACTCTGTGAAACGTGCATGAATCTATCCGAGAGCAACACGCTCCCGGCTCCTTGTCATGGTTGGACGGGGGGCGGCCCGACGCTGAGCGAAGGCTCGATCGCGTAGGCGACCGCGCGCGGCGAACGTGTCGCCATCCCCTGGGTAATCTCGGCGTGGAGTACCTCCACCGCCGCCTGCCCCACCTGTGCAAAGGGCGTGATCAACGTCGTCACGGGAAGCCCCGTGTGGTTGCGCATCATGTCCGACCCGAAACAGATCAGCGACAGGTCCTCCGGAATCCGCAGCCCCAGGCTCGTCGCTGCATTCCAGATCGCGATCGTCTCGTGGCGCTCGTAGCAGATGATCGCCGTGGGCCGATCCGGCCCCTCCAGCAGAGCGCGGGCCTTGGCCGGAGCCTCACCGGTCACGAAGCCGTCCGAGATCTCGGTCTCGAAGGGATCGAACCCGGCCTCCTGAACCGCTGAGATAAAGCCGTCGCAGCGATCATGAACCGAGTAGTGGATATAG
NZ_CP036280.1_gap37	1772967	1774381	1414	TCACGGCGGACGCGATTACCTGCATCTCGGCGAAACCACCATCGCCCAGCGACTCTCGGCCGCCGGCTACGCCACCTACATGATGGGCAAGTGGCATCTCGGTAAAAGTGCCGCCTACCTGCCCCATCAACGCGGCTTCGACGAGTCGTGGATGATCACGGACCGTCTCTACATGCACACGGACCCGGTCTTCAATCACAACGGGACCACCGAGAAGCCCAAGGGCTGGACCGCCGAGATCCTGACCGACCTCGCCATCGACTGCATGTCACGCGAACCCGACAAGCCATGGTTCATCTACCTTGCCCACCCGCTCATCCACGAACCCTATTTCGCGCCCGACGAGCTCGTCACGAAGTACCGGGCGATGGGCCTCTCCGAATCGCTGGCGACGCTCTACGCCATGACCGAACACCTCGACACCGAGGTGGGTCGCGTCGTTGACGCCGTCACCGACCGGCAGAATCAGCGTGAAACGATCGTCATATTCATGGGTGACAACGGCCCCATCGGCAACCCGTGGAACCTGCCCCATCTGACCGTCGAGGAGATGCAACAGCGAAACCCCCGCGGCTGGCGCGGCACTAAGGGCAATCTCTACGAGAACGGGGCACGGGTTCCCGCTTTCGTCTATGCCCCGGAACGCTACCAGCCACGCATCGAGCAGTCTGACACCGATGTCGTGGACATCGTGCCCACCATCCTCGATCTCGCGAGCCTGCCGCACAACGACGCCACGTTCGACGGTCTCTCCCTCGTGCCCCTGCTCGAAGGCAAGCCCGACGCGCTTCCCGATCAACGCCCGCTCTTCATGGCCAACCACGACGCACGCTGGCCCTCGTGGTCTTACCTCTACAGCCACCTGCCCGATCGTGAAGCACTCCGATTTGAGGATCAGGCTGTCGCCGTGCGCGAGGGCCGCTACAAGTTCGTGCTCGGCTACGGTTCGTCCGCACTCTACGACCTGGCCCTCGATACCGCGGAGCAGCAAGATATCTCAGACCAGCAGCCCGACGTCCGCGACCGCCTCGAATCCACGCTCCGGGCGTGGTGGGAAGAGCGGGTTGCCGCCATGCCCGCCAGCTACCACATGCCCACTTTCCAGATCGGTCTGGACAACGCCCCCAGCACCTACCTCTACGCCTGCGCTCCGGTCACTGTCCGAGGCGGGGTCCGCACCGCCAGCCACGCCGTGCACGACTGGCAGCAGGATGGCGACGCGATCGGTCTGTCGGTCAACGTCCTGCGGCCGGGCGCCTACAGCTTGCGTGCCGATCTGGTCGCTGGTGACAACCCCTCAGGATCCCTCACGGTGCGCATCGGTGATGCCACGACGACGGCACCGATCAGCGAAATACGCTGGCCAACGATCGGAACCCTCGAACTCCCCGCAGACGAAAACATCATGTGGATC
NZ_CP036280.1_gap38	1886811	1889357	2546	GCCGAAGACCCCATCGAATACAACTTCAAGGGCATCAACCAGTGCCAGGTCAACGAGTCCATCGGACTCACCTTCCAGAACATCCTCCGCGCCATGCTCCGACAGGCACCCAACATCATCCTCGTCGGTGAGATCCGCGACAAGGAGGTCGGCGACGTCGCCATCCAGGCCGCACTCACCGGCCACATGGTCTTCTCCACACTCCACACCAACGACGCGCCCTCCGCCATCACGCGACTCATCGACATGGGACTCAAGCCCTTCCTCGTCGCCAGCTCCATCCAGGCCATCCTCGCCCAGCGACTCATCCGCGTCCTCTGCCCCGAGTGCAAACAACCCGAAGAAAACCCCGACCCCCAGCAGCTCGCGCTCGTCGGACTCAAACGCTCCGACACCGAGGGACAGAACCTCTGCAAGCCCGTCGGCTGCTCCGCCTGCGGCGGCTCAGGCTTCCGCGGACGACAGGGCATCTACGAGATCCTCGAGATGAACAGCGAGATCCGATCCCTCGCCTTCGAACGCGCCCCCGTCAACAAGCTACGCGACGCCGCCACCGCCTCCGGCATGCGCGACCTCCTCGGCGACGGCCGACTCAAGGCGCTCCACGGCATCACCACGCTCGGCGAGGTCGCTCGCTTCGCGCAGGTCGAAGGCACCGTCAGCGTCGACGAGGAAGAAACCGCGGCCTGAACCCCAGACCACATTCGTAACCCACCGATCGCACACCCAGGAGTTTCTCGATGTCGACCATTCAGATCGACCGCCTGCTCGACACCGTCGTCAAACAAGGCGCTTCCGACCTCCACCTCACCGTCGGCAAGGCACCCACCGTCCGCATGCGCGGCCGGCTCATCGAACTCAAAACCAAGATCCTCGACGCGGGCGACACCACCGCACTCATGAAGGCCATCGCGCCCGAACGCTCGCAGAACGAGCTCCAGGAAGAAGGCGGCTCCGACTTCGGCTTCGCCTATGGCGACGCGGCACGCTTCCGTGTCTCCATCTTCAAACAGAAAAGCAACGTCTCGCTCGTCCTCCGGCAGATCCCCAACAAGCTCCTCGACATCGAGACCATCGGGCTCCCCAAGCTCGTCCCCGAACTCGTCACACGACCCCGAGGACTCTTCCTCGTCACCGGACCCACCGGCTCCGGAAAGACCACCTCCCTCGCCTCGATGATCAACCACGTCAACCTGACGACCGACCGCCACATCATCACCATCGAAGACCCCATCGAGTACTACCACGAACACAAAAAATCGGTCGTCAACCAACGCGAGGTCGGCGCCGACGTCCCCTCCTTCGCAGAAGCACTCCGACGCGCCCTCCGACAGGACCCCGACGTCATCCTCGTCGGCGAAATGCGTGACCTCGAAACCATCGAGGCCGCCATCACCGCCGCCGAAACCGGCCACCTCGTCTTCGGAACCCTTCACACCACCGGCGCATCCGGCACCATCAACCGAATCATCGACGCCTTCCCGGTGAGCCAGCAGGCCCAGATCCGCGTCCAGCTCTCCACCGCGCTCATGGCCGTCGTCTCCCAGCAGCTACTGCCACGCGTCGACATCAAGGGCATGGTCGCCGCCTACGAGTTCATGGTCGTCACCCCCGGCATCGCCAACATCATGCGTGAAGGCAAAACCTTCCGCCTCGACTCCGAGATCCAGACCGGCAAAAAATGGGGCATGCAGCTCCTCGACGACCACCTCTGGGAGCTCTACCAGCGCGGATGGATCGACCCCGCCGAGATGCTTGACAAGGCCAAAAACCCCTCCGAACTCCAGGAAAAACTCCACCGCGCCGGTGTCAAAATCGGCCGCACCGAGGTCGACGACGCCGAACCCGCCGACTCCGACGGCAAGTCCTGATACCCCAAACCAACTCAAGGCACACTTTAAGTGTCTTGAATTCTCGCTGTCGATTGTTTTATTTCCTCATGAGGCGGTTGTCATCGGGCCGAACCAGGCTCATAGTGAACTTAGCCAAAGGCTGGCGACCGCACCGTCCACGCAACGTGGAGGAAACCCAGAACCATGTCCGAAGCATCACTCGACGAACTACGCGGACGAAAGCTTGGCCGAATCCTCACCAAGATGGGCCACGTCACACGCGGACAGGTTCAGGAAGCCCTCGGCCTCCAGAAAGAACGAAAGTCCCCCATCGGGCAGATCCTCATCGAACTCGGCTACGTGAACGCCGATCAGGTCAACCTTGCCCTCGCCGCCCAGGCCGGCATGCAGACCATCGATCCCTCCTCGATGGACATCCCCGACGAGATCGTCAAGCTCATCCCCGCCGAGATGGCCCAGGCCTACCAGGTCCTGCCCATCAGCCACGACCCCGACGCCAACCAGCTCACCGTCGCACTCAAGTCCGCCGACAACTTCCGCGCCGTCGATGACCTCCGACTCCTCATGGGATTCGACGTCAAGGCCGTCGTCGCACCCGCCGAGGCCCTCTCCAAACTCATCGACCAGTTCTACGGCCAGTCCGACGAGTCCCTCGCCGAGCTCGTCTCCGAACTCGCAGGCGACGAGGCCTTC
NZ_CP036280.1_gap39	1893207	1894941	1734	CTGACGACCTCGTCAACGGCCAACCCGCAGATTTCGATTACAGCAGCGGCTCCGCCGACTACGCCAACTACCGCGCCGAGGGGGGGTCCGGGGAGCAGGGACCCGGCGGCGGCATCTCCATCCACCAGCTCAACTGGGGATCACGCGACTCCGCCACCTGGCAAGGCGTCGTCGTCTGGAACGACGGCCGATCCGAATTCTCCGAACGCATCGTCCCCGTCACCAAACTCTCCGACAACTTCGCCGTCAAACAGAACGCCAACCGCACCGGCGACGACCTCTTCTTCCCCTTCTCCCAGGACGAAGACGACGACGATCGCAACGACGCCGTCATGCTCTACGCCAACACCAACTAATCACCCAGGCGAACCCACCATGACCGCCAACATCATCACAACACGACACGCCCGCGGCTTCACGCTGATCGAGATCCTCGTCGTCATCTCGATCATCGCCGTCCTCATCAGCCTCATCCTCGCCGGCGTCACCGCCATCACAGGCAACTCCAAAGAAATCCTCACCACCGCCAACTTCACCACACTCGAAGCCGCCGTCGATTCCTACAAAGAACTCACCGGACGATGGCCACGCGTCCCCTTCAACCCATCAACAGGCCAACCACTCACCTCGCCCATCTACACAGACAACGGCCGCGACACTGCCTGGTCCAACGACTTCTTCGACGAGCTCCAGAAATTCGGCGACATCAGCTCCGCCATCGGACCCCTCCTAAGCTCACCACCCGATGACCTCGGACCCGACGACATCCGAACCTTCTCACCCGTCGCCGACGGCTGGGGCTACGGCATCATCCCCATCGTCCCCAAAGACATCACCTCGCACGGAGCCTCCTCCCAGTACCGCCCCTGGTTCTACTCCTCCGGACCCGACGGCGGACCCATCGACGCCGACACCAACGGCGGCATCGCCACCCAGATCGTCATCGACATCAACGAAGGCAACGTGCCCGGCAATGAAGACCTCCTCGACGAAAACGACAACCGCATCAACGACGAAGCACAAGACCTCGGCATCCCCGCCGACGACCTCTACTCCGCCAGCGCTCCCTGAGCCAACACCATGAACACCCAACACCCACCCATCACCCATCTCAGCCCGCCACGGACCACCATCCGCACGCACCGCCGCGCCTTCTCACTCGTCGAACTCCTCGTCGTCATCTCCATCATCGCCGTCCTCGCCGCCACCTCCGTCGGCGCCATCCTCACCCTCATGCGTGCCAACTCCGTCGGCAACGCCGTCAACATCATCACCGCGCAGGCCGCCGTCGCACGATCCATCGCACTCCGCGACGGCAAAGACACCGCACTCGTCATCCGACACAGCTACCTCGACGAAAACAACGAATACGACGCCGACACCGTCACCACACTCCAGATCGCTCAATTCGTCAGCAACAACGGCATCACCTACTTCCAGACGCTACAGGACCGCGCCTACACCAAACTCCCCCAAGGCATACGAGTCACAAGCGTCCACACCGCCACGGGCACCACACGCGTGCCTCTCCAGTTCAATCAGGACATCTACACCGACCTGATCATCTGGTTCGACAGCGACGGAACCATCCGCACCGCAAGCGACAACGGCACCTCCCTCGCATACCTCGACGGATACCCCGCCTACCCCATGCACTACCTCCGCCTCTTCGACGAACGCGCCATGCAGGCCGAGGTCGGACCCTACAACCCCACCGTCACCACAGACTTCGGC
NZ_CP036280.1_gap40	1922156	1923870	1714	TGAGGCCGGCGCCGATGCTGGTGAGTGCGTTGCGGACACGGTCTTCGCTCTTTTCGGGGACGAAGGTGACGAGTTTGACGTTGCGTGTGCCGTTGCGTGGCGCGGGGATGATGGGTCGGACGCGGCCTGGACCGATGAGATCGGCGAGGAAGTCGTTGAGTCCGTTGGGTGTAGCGTCGAGGGCGGTGTGAGGGGCGTAGACGCTGATGTTGTGCCTGGCGGCGAGGAGCGCGACCTCAGCCTTGTGGTGATCGTCGGTCAGTCTGGGGAGTGGTTTAAAGATGGGCGGGTGGTAGGCGATGATGAAGTCGGCGTGGTGCTCGATGGCTTCGTTGACGACGGGGAGGGTGAGGTCGATGCAGAGCATCGCGCGGCGTACGCGTGCGTTGCGTGAGCCGATGTGGAGACCGGGCTGGTCCCAGGATTCGGCGTATCGGGTGGGCGCGATTTTCTCGAGCGCCGCGATCATCTCCTCGACCTTCATGGTGGTTGAGGATAGTGGCATCGGGGAGATTTTGCAGCCCTGCGGCCGGGATGTCGATGAGTAGGGTTGGACTGCACGATGATCTGGGCAGGAAGTGACGCATGAGCAGCAAGGTAGGACGCGATCAGGGAACGACTCGGGTTGCCGGGACCATGACGCCTGAGATTGCGGAGCAGCGTGTCCGTCTGGGTGCGCGGCTGTTGCAGGCGGCGCAGGAGCGACTGGAGGCGCGTGAGTCGTGGCACCAGGAGACGACATCGACGGTGGAGGCGTTGCGTGGCTGTGTGGAGCGTTCGGACAAGCGTGTCGCAGTGTACGAGCAGCAGTTGGCGCAGTTCGAGAAGGCGTTGATGCAGGAGCAGGCGTCGCACGAGCGTGAGCGCGAGGCGTTCAAGCAGGCGCTGGGGATTTTGACGGAGCAGCTTGCGGGGGCGGAGCGAACGATTCAGAAGCTGACGCGTCGTCTGGATCTTCAGGACCGTCATCTGGCAGAGTTGAATGGCGCGTTGCTTCGTCTGGAGGCGCGTCCGTCGGTGGTTGAGCAGCCTGTGGTGCGGATGGCGGACGAGCCGGCGGCCGAGGTCGTCGCGGAGTCGGAGCTTGTGACCGGCGATCTGCCGGTGGTGCCGGTTGACGATGACGCGTCGAAGCGGCCTGTTTACCGCGAGTTGCTGGCGCAGCTGCGTGAGCAGTCGTCTTCGGTTCGGCTGGATGAAGTCGAGCCGACGCGTCAGGCGGGCTGAGGCTCTTGTGATCGGGGGGATGATTCAGGCGGCGTTCGGGGTTGCGTTGGGCATGACGAGTTGGTCGTAGATCTCGATGACGCGTTGCATGCGATTGAGGAAGCTGTAGTGGGTTTCGATGCGTGCGCGTGCGTTTCGGATGAGGTTGTTGCGTGCGTTGCCGTCGGTGAGGAGTGCGGCGATTCGTGGTGCCCAGTTTTCGGGTTGGTCGTCGAGGAGGATGCCTGCCTTGCCCTGCTCGAGGAGGTTGCGTACGCCGCCGACGGGGGTTGCCGCGACGGGCACTTCGAGTGCCATGGCTTCGAGGAGTGCGTTGGGCAGTCCTTCGACGGTGCTGGTGAGGAGTTGGAGATCGAGTGCCTGGATGTGGTTGCGGATGTCGGCGGTCCAGCCGTGGAAGTGGATGCGGCTGAGGGCGTTGCGGGCCTGGGCCTGCTGTTCGAGCTGGTCGCGTTGGGGTCCGTCGCCAAGGATGTGGAGTTCGGCG
NZ_CP036280.1_gap41	1983409	1985479	2070	GTCGAGAAGCTCGCCCTCGACGGTCGAGCTGATGTGCATGACGTGGCTGTAACGCTCGACTTCCATCAGACGTGTGAGTTCGATCGACCCGGGTCGGGCGACACGGCCCACGTCGTTGCGGCCGAGGTCAACAAGCATGATGTGCTCGGCACGGTCCTTGGGATCATCCAGCAATTCGGCTTCGAGGGTCTTGTCCTCGTGGTCGTTGGCACCGCGTCGGCGGGTGCCGGCGAGCGGCCGGTTGATCAGCCGACCGTCGTGGACTCGGCAGAGGATCTCGGGACTCGATCCCACAAGCATCGCACCCTCGACCTGCACGTAGAACATGTAAGGCGAGGGGTTGACGACCCGCAGCGACCGGTAGATATCGAAGGGGTCGACCCTTGTCTGCCGCTCGAAACGCTGGCTGGGGACAACCTGAAACGCGTCGCCGGCGAGCACGTATTCCTTGATACGGTCGACGGCCTGCTGGTACCCCCCCTCGCCGAGCGTGGAGGTCGGCAGCGCGGAGGGAGGCGACTGGAGATCCAGCCCCGCCGCCGCGGCGGTCAGGGCATCGAAACCCTCGGGGTGCGGCGTGCACAAGCGATCGGCCAACGCACCAAGCGTCCTCACAGCCTGTTCGTAGGCGGCAGCGTCGTCCTGTGATGCATCGAGATCGACGTGCGTGATCAGCGAGATCGTCTTCTGGACGTGATCGAAAGCAACTACGCTCAGATAAAGCTGCAGGTGCAGGTCGGGCAGGCCGCGGTCATCAGGCGGAGCGTCGTTGAGTTTCTCAGGCTCGGCGTAACGCACGGTGTCGTAGCCGGTGTAGCCGACCCAGCCGCCGGTGAACTCGGGCAACCCGGGTACCGGGTAACACCGCAAGCCCGCCGACGTCTCCGACACCATGGCCAGAGGGTCCGCGCTCTCGAACGTCTCGTCGGCGAGGGTTCCCGGCCGGTGCGATCGCGTCTCGACGCGGTGGCCGTAGGCAAGAATCTCCGCCGCGGGCTGGGCGCCGAGATAGCTGTAGCGACCGACCTGTCCGCCATCGACCACCGACTCGAGCAGAAAGCTAGGGGCCATGCGCGGGTCCTCGGCGACGAGTCGTCGGTAGGCCATCACGGGCGTGAGCCAGTCGCTGAGCACGCGGATCGAGAGCGGCACGTAGCGACATCCCTCGGCACGAGCCAAACGTGACGCTTCCAGAAAGTCCTGATGCGTGGGCGTCGTCTGCATGATGCTCAACCCGCCGAATCCTCGCGCACATCCACCGGACGCCCGTGCTCGTCGAGCGACGCCTCCAGCCCGGCCTGCTTGCGTTCGGCGTAGATCCGCATCCAGTTCTCCCAGCTCCGGCCGGTAGCCGGGTCTCGACCGGTGAAGACGACTTCGGTGATGTCGTCGTAGGCAACCGCCGTCAGCGAGCCGTCCTCGGCCATGACGCGGCAACGCCGATCATCACGCACACGGTCGAAGAGATAGCCCTCGACAGTCTTCCCGCCAAGCAGCGTCAGCGTTACGTCGCCTCGGTAATCGAAGGCCTGATCGATGGCGTCGGCGCGTTCGGCATCGGTCGTGGGCCTGAACGCGGTGCCCTGCAGGCCGGGGTTCTCGGGTGGGGTCGGCTCCTTTGTCATAGGCTCTAGCGTACCCTATGAGGGGCCGGGCCGGATGATGCGGACGTTCCACAGCCATCGTCCCGGCGTCAGCGTCTACGCATCGGAGCGTCAAGGATGAACATCGAGAAGTTCCTCGGGCACCACGGCGTAAGCACCAACCCCTTTGCCGCCGAAGAGGCCAGCCTCGACCCGGTCTTCGACCGCATGCTCGACGGACCCGCCATGCACCCCGACTTCGCCAAGGTGCTCGGCCGCATCGACCGTCCCAGCGGCGCCGTCGTCTTCGGCGAGAAGGGCAGCGGCAAGACGGCCATGCGTCTCATGACCGAGCGTCACGTCGCCCGGCACAACGAGGAGAACCCCGAGAGCCGGATCCTCATCGTCCCCTACGACGACCTCAATCCGGTTCTCGACCGCATGACCCGCTGGTTCCGTGGCGACGAACTGGTCATGCTCGATCACT
NZ_CP036280.1_gap42	1987094	1990626	3532	AGGGCCCCGCGATCAACACCGGCGCCATCAGCCTGGAAGCCTCCATCGACTTCACGCACGCCTACTTCTACCGCGGCATCGCCCAGGAGAACTCCGGCTTCATCATCCAGCCCGGCCTCGAGGTCGGCATCGCTCTCTATGAGAACGACAGCATGGCCGTCTCCGGCTACGTCGGCACGTGGAACAGCTTCCACACCAACGACTCGGCCACCGGCGGCGATCCCTGGTACGAGCAGGACGTCTACGTCGGCCTGACCTTCGACATCCCCGCGGGTGTCTCGATCGACCTGGCCTACGTCAACCTCTACGCCCCCAACGCCGGCGCCAGCTTCGCTGAGGAAATCAACGTCACCGTCAGCTTCGACGACAGCGAGCTGCTCGGCGACCTCGCCCTCAACCCCTACGTCCTCATGTCCTTCGAGATCGACGGCGCATCGGACGGCGATGGCGACAGCGGCATCTACCTCGAAATCGGCACTGACTTCGCCCTCGAAGTCCTGCAGAGTGAAGACTACCCCATCACCGTCTCCGTGCCCGTCGCCGTCGGCTTCGGCGTCAGCGACTACTACGGCGGCCGTGACGGCCTCGGCTTCGTCAGCGTTGCCGTCGTCGGCGAGACCCCGCTGAGCTTCATCCCCGCCGAGTACGGCGAGTGGTCGGCCAGCGCCGGCCTCGAACTGCTCTTCATGACCATGCGTGCCAACGACTTGGGCGCGGGCGTCATCGGCAGCAGCGACCTCCAGCCGATCCTCAAGGCCGGCATCAGCCTCAGCTACTGATCTGTAGCTCAGACTGCCAGACACACACAAGACCCCGGTCACGCGACCGGGGTCTTGTTCTTTTTCAGCTTCGAGTTACCCCAGAATCTGACGCAACGCACTCAGCAGAGCCTCAACGTCTTCCCCCGTGGAGTCAGGCCCGACACTCACACGCACAGCTCCGTCCGGCATCTGCCCCAACTGCTCGTGTACGCCCGGCGAACAGTGCAACCCCGCACGCACCGCGATCCCGAACGAACTGTCGAGAACCCCCGCCAGCGTCGCCGCGTCCATCGCCTCAACCACAAAACTCACCACCCCAACGCACCGCGTATCGTCACGCGGCCCCAGAACACGCACGCCGGGCATCGCTTTCAGTCCTACACGCAGTTGCTCGCGCAACTCGCGTTCATGCCCCCAGCGCGACGGAACGTCGTTCCGATCCAATGCTTGTACAGCCGCACGCAGACCCGCCAGCCCGATGACGTTCGGCGTCCCGGCTTCAAGCCGTTCGGGCAGCGCATCGGGCTGCAACGCGCTGCGCGAGTCACCGCCGGTTCCCCCCTGCCGGACGGATTGCACCCTGTTTGCCGTCTCCCTGCCCAGACAGAGACACCCCGTGCCGGTCGGCCCGCCCAGCCCCTTGTGGCCTGAAAAAGCGAGCAGGTCCACGCCCATGGCCGTGAGGTCGATCGGCACGACGCCCGCCGTCTGCGCTGCGTCGACGCAGAGCAGCACCCCTCGCGATTGCGTGACCGCCGCGATCGCTTCGACGTCCTGAATCGTCCCGAGCACGTTCGATGCGTGGGTGATCACGACCATCCGCGTATCTTCCGTGATGGCCGCCGCGACCTCATCGACCGAAACAAACCCCTGATCATCAAACGGCACCCGCGTCAGGCTGATCCGCCCCGCACGCTCCAGCGTCGCCAGCGGCCGGAGCACCGAGTTGTGCTCCAGCGTCGTGGTCACGACGTACGCACCGTCTGAACCATCGAGCAGGCCGTGAATCGCGAGATTCAAGGCATCGGTGCCGTTGTGCGTCAGGATCACCCGGGAAGGATCCCCCACACCCATCAGCTGGCTGATGCCCAGCCGCACATCGCCCACAATGCCTTGTGCCGCCGACGCCAGCCTGTGCCCCGATCGCCCCGGGTTGCCCGCCTGCTCGCGGGCGCAGCGAGTCATCGCCTCGATCACGGCCTCCGACTTCGGATAGCTCGTGGCCGCGTGATCGAGATAGATCAACCGATCCGTCACCGTCATCCATTCACACCGAAGGCAGGCCCTGCACGCGACGCCAAGCCGACAACTGCCCGAGGTGTGTCGCCTCGTGGACCAGCATCACGTAGCCGAGCAGGTCGCCGACCTTGGGGAAACGCCCGGTCCAGCGCTCGATCGGCATGGCACGCTGAATCGCGGCCTCATCAGCGTTCTCAAGGGCACCGGCCACCGCTTCGTGGCCCTTGACGTAAGCAGCGACCAGAGCCTCGGGCGTCCCGTAGATACCCAGGTCCGACTCGGGCTTCGACTGCATCCCGAACGGGTGGTCCTTGGGGTCGGCCGGGGTGCCGCCCGTGAGCAGCTGCTCCAGCACGTCGAGGTAGGCCGTCAGGTGCGCCAACACCCACGCCGGGTGGTTCATCCCGGGGCCGGGCTGGTGCGTCCACTGATCCTCCTTGAGGTCAGCGACCAGCCGCTGAGCGTAGTCACCATTCGCGTTCCATCCGGTCAGAAGGGTCTGTTTGAACTCAGCGAGCATCGATTCGGTCTCCATCATCGTTCGGACTCAGAAAAGCGGCTTGTAGCCCGAGGCTCGCCGCCAGGCCGACAACTGCCCGACGTGCATCGCCTCATGCACCGTCATCATGAACGACAACATATCGCCGATCGTCGGCAGCGGCTGACGCAGACCCTCCATGGGGTTCTCCGCGTTCAGCGTCTCGTCGGTCACGGACTCCATCACCACCGTCACCATCGTCGCGATCTTCTCATACGTCGCGACGAGTTCATCCTTCGACGGGTAGGCCGCGAGGTCGTCGGTCGGCGTGCTCTTCATATCAAAGAGCTTCTCGTACGACGCCGGACAGACGGGCGACTGCCCCAGCAGCTTGAGCATGCCGTCCCCTGCGATGCAGAGGTGGCCGATGATCCAGGCGGGCGGGTTCACGCCGCCCGGCATCTCCGCCATCCGCTCCGCCGGCAAGTCGCCGAGAAAAGCCTTGATCATGCTCTGATTCATCCGGTACGACGAGAGCAGTTCACGCATCGTGTTCTCCGATTGTGGGCGTCATCCGCCGAGGTATCGGGCGTACACGGCCCGAGCCACCGACGGCTCCTCGGTCCCCCTCACCATAGCCCGCCCATCCGAGAAGACGGTTAATTCGTAGGTTTGTTCGCCCTCGACGATCTCCACCCGCACCAGGAAGCGGTTGGCCGTAACCGATCCGTGACCGCTCAATCGATCCGCAACACCCTCGAGATCGATGACGCCTCGGCTTGCCGACGACAACTGCACGGCGTGACGCCCGCACAGAACCGCGGTCCCCGTCCGCCCCTGACCCTCGAGATGCCGGAACCGACGCGGCTGCTCGACCTTCTCCGCCATCGCAGACACGTCAACGGAACGCACTCGGTTGGTCATCAGGTCCACGTGCAGCATCGTGCGCATGACCGCCGACCACTGGCCGGTCAGGATCTTGATGGCCTCCGCCGCCTGATGCCCCGCAACAATACTGATCAGCGGCCCGAGCACACCCGCCGTGTCACAGGTA
NZ_CP036280.1_gap43	1992459	1996925	4466	CAGCACACGCACAGCCGCCCCGGAGTCTGTGACGCGATCGATGCCGCCGGCACGGTCCGACACGACCATCGGCCGCCCCAGGCACAACGCCATCGGCACCAGCAACTCGCCCGCCCCGTCATGAGCCGGGTGTACGACCAGATCAGCGGCCCGCAGCAGATCAGGCAGACGCTCCGGCGTGCCGACCAGCCGGACCCGCTCGCGAGCGCCCAGACGCGCGATCCGATCATTGAGCCGGTAGCCCACCCACGTTGCCAGCAGCAGCGTCACGCGATACCCCGATCGAACCAGACCGGCATGCGCCCGCAGCACCGCGTCCACAATATCTTCCGAGGGTCGCAGCGAAGCGCACACCACCAGCCGGTCGCTCTCCGGGATGTCCAGCCCGTAACGAAGCCGATCAACCCGCACACGCCGCTCTTCCTCGGCCAAAGCCTCGATCGTCACCGGTGGCGCAAGCGTGCCCGTCGGCGACGCGGGCCCGGAAGGACAAGCCGCCACCTGACGCCAGAGGTCATCATCGAAAGCCAGCAGGCGCCCGGTCCGCTGCCGGTCCATCGCCCGTGACTCGATCCGCACCAGCTTGCGCAGCCAGGGCGACAAGGTCGAACGCACCCGCCGCCGACGACGCCCCAGCCCGACGGACCAGAGACTCTCCGTGGGCATCATGAGGTCCGCCGAAACCAGCGACGTCAGTGACACCGAAACATCGTGGTCCCCCGACGCTTCCAGTTCCTGCGCCCACGCCGCAAACCGCACCATCGCACGCCCCTCGGGACGCAGCCGGACGCCCTCTGCCGTCGCCACGCCCTCGCACGCCGGCGCATCGTCCGAAGCGTCCGCCGCCACGACACGCACCTCGTGCCCCCGTTCACGCAGCACCGCGACCACGTCGCGCAGATCGCCAAGCCGCCAGCGGGCGTGTCCTCCCCACCGACTCGTGATCCACAACAAACGCATCCGGGGTCCCTCATCAGGCCAAACCAAAGCCTATCACACCGACAATCGCCCGCCGATATGCTGTGGCGATGGCCAACATCTCTGTCCTGATCTGCTGTGCCAACGCTGCCGACACGCTTCGGGATGCCTGCGCTTCGGTCGCATGGGCCGATGAGTTGATTATCGTCGATTCCGGTTCTTCCGACGACACCGAAGCCATCGCCCGTGAGTTCGCCGACGTCTACGTTCAGGAGCCCTGGCGAGGTTACGGCGAGCAGAAGATCTTCGGAGCCACACTCGCCCGCAACGACTGGGTCTACATCCTCGATCACGATGAAGAGGTCGATCCCGCACTCGCTCAGGCCATGCTCGATCTCACCGAGCAGGAACTTGCCCGTTACGACGTCCTCCACGCACGACGCAAGAACTATATCTACGGCCGACACGCGCGGGGCTGGGACCCCGATTGGCAGACGCGACTGATCCATCGCGAACGCGCCACCTGGAACGATGACGTCCTCCATGACACCTGCCTGCCGGCCAGCCCCGAGAGAAAGAGGAAACTGCCCGGCGCGATCCTCCACAAACGCACCAGCAGCGCCGGCTTCGAGGACTACTTCTCAGGCCGACGGCTCGACGCACGGCTGCTCATGGTCGCCCAACAGATGCACGACCGCGGCAAGCGCTGCTCCACACTCGACCTCGCGCTGCGACCACCCTTCACGATCTTCAAGCAGCTCATCCTCAAGGGCGCTATCCTCGACGGCGCCTTCGGGATCATGGTCGCCCAAAAAACCGCCGTCACCACCCAGCTCAAGTACGCCGCGCTCTGGGCCATCCAGAACAAGGTCGCGACGCCGGCTGATCAGTGACTCGCCGCTCGTTCGAGTTCCGGCTCCAGACCATCGACGTGCCAACGCATCGAGCAGACCTCCTCGACAGCCATGGCCGCCTCGGCACAGCGTGATCGCTCCGCATCATCGGTCAATTCTTCCATCGCACGGGCCAGCGACGCCACATCATCCGCGTCATCAATGACACGGCCGCGCCAGCGATCGTCCGCGACACCCGCAACACCACCCGGTACGACCAGGTCACACGCGCCGTTGGTCCGCGTGGTAATCACCGGGACCCCCGCCAGCAAGGACTCGGCCACGATCTTGCTCGCCGGATCGTAGTAGCTCGGGAGCACCGTCACGTCCGCCGCCGCGTACACCGCCCCCATGTCCTTCGAAACACCGGCCCACACGACGCGCGGAGCCTTGCCCCCACGCTCCGCCAGCCTCCTCAGCCCATCGTCCACAGCACCGACCATCACCAGACGCACGCGATCCGATTTCAGTCGCGCCAACGCCGCAAGCAACGGCACCACACCCTTACGCCGCGGCGCGTGCGCCGGAAAGACAAAGGCCACGTCGCCATCGCTTAACCCCCACGCCTCGCGCACACGCAGGCGTGCCCCCGCATCGGCCGTCGGCCGCTCCGCCGAATTGGGGATCAACGAAATCCGGTCAGGATCAACCCCCCTGCCGATCATCTGATCGCGCATGAACCGGCTGATCGCCACCCAACGCCTCACGCGATCCGACCCCAGTGTCGCATGCTCCCCCGCCAGCATCGCACGTTGCTTGGGGCTCAGCTTCTGTCCCAGCCAGCGCACGAGTCGTCCAGCCGCCGACGCCTGCCAGCGGAGCGACGCCCTGTGCAACTCGGAGTAGATCCCCGCCCTCGGCTCCACCACCGCCGCCGGCGCAAGCGTCGTCACCGACAGACTCGTATCGAAAGCGCCCGCATCGAGACGCTGCTCGACAAATAACCTGTATCTCCGCACCGACGACGCCGTCTTGAGCCTTCGATCACTCGCCGCTTCGATCGCCACGCCCTCGATCACCGAGCCCGGCGCGCAGTACCCCGTCAGCAGCGTCACCTCGTGACCACGCCGCATCAGTTCGCGCACGATCTGCTCGGTCGATCGCTCGGCACCGCCCTTGCCGGCATCGAAACTCTCCATCGTCACCGCAATCCGCACGTCACTCGCCCCCGTTCGTCAGCAACCGCTCCGCGGCTTCGAACACCACGTCCACCGAGATCGCTCCCATCGTCCCCCGGTCCTCGGCCAGCACGTGCACGTCCCGATCAAACGGAATCACCGTCCACTCCGGTCCCGTCGGGCCGAAAAGCGTCACGACCGACGTCCCCACCGCCGCCGCGACGTGCCTGGGCCCCGTGTCGTTGGTCACCAGCAGATCCGCACGCTCCAGCACGGCCTTGAGCAAACGCACCGGCAGCCGCGCCTCCGCAAGATTCAGCAACCGCGCCCTTGCCGAGGCCTGTACCGCTGTGAGAATCTCACGCTCGGCAGGCGAACCCGAGACCGCCACGGCCACACCCAGCCGCTCGGTCAGCCGGTCGGCCAGTTCCGCGTAACGCTCGGCTGGCCAACGCTTGATGACCTTGCTCGCCCCCGGATTCAGAACCACCAGCCGCTGCTCCGCGCTCAGACCCAACGCGCCCAGCCGTTCCCGCAACTCCGCCCGCTGGGCGTCGCTGACATCGAGCCGCAGAGGCGGCGTACCCGTCTCCTCAAGACCGCCGAGTTCACGCACCAGTCGCATGTAGTAATCGACCGCCGGCTCCGGCACCCAACGACCTGCCTCACGCCGGGGCATCACGCGGTCGGTCAACAACCACCCCCGCCCGTCCCGGCTGTAACCCATCCGCTTCGGTATCCCGGCCAGCGACACTACCGCCGCGGCCCGGAAACTGTTGGGCATCAGCAGCGCCGCATCAAAACGTCCCCGACGCAGAAAACAGGCCTCCGACCAGACTCCGCCGAGTGACGAGCCCGCCTTGCGCCAGCCCAGCCAGCGATCAACACCCGCCATCGGCTTGAACAAGCCCCGCAACGCCCGAGGCACGTACCCCGTGACCGACCACGCCTCCACCGGGAACACGCGTCGAAGACTCGGCAGCGCAGGGGTCACCATGACGCCGTCGCCGAGCCACGTCGGGAAATAGACCAGCAGCCGCCGACGCCCGCGATCGCTCATGACGACCGATCATGCATCAGGAGCACCGTCACCGCGGCAAGCTGAACCATCACGCCGCTCCACGCCCATCGCATGAACAACTCCACGTTGTCCGATGCCATCCACAAGCCGCCGATCAGGCAGATCAGCGCCACCAGCTGCAGGATCATGGCCACCATATGCAGCGGCGCCATCCCACTGCCCGCCGACCTCTGGCTCCGCAACTCACTGAGAATCTGCTTGAGCAGCCGCGCCTCGTTCGAGGCTCGCTGCGTCCCCTTCTCCCCCGCGGCGGGCGCCTCACGCGGCACCGACCTCGAAACCTCGGCCTCGGCCGGTTTCTTCACCGCAGGCAACACGCCCACCACAGCCGGCTCCTCGTGCTGTTGCTCTTGTTTCGGCTCGGGCTTGGGCTGCGCCTTGGGCTTGCTCGGCTCGATCACCGGCTCTTCGCGGACCCTGCGTCTGGGCGTTTCTTCCAGCCCCTCTTCCTCGCGC
NZ_CP036280.1_gap44	2049966	2054534	4568	CGGCACCATCTTCGGCTCCACCATCGAGAACATCACCCACCACCCCACAAGACGCTGTGACGTCAGCGTCGGCACCGAATACCCCGCCGACCTCGACAAGGTCCGCGAGACCCTCGAAAAAGCCGTCGCCTCCGTCGATGGCGTCCTCACAGACCCCGCCCACCAGATCTACCTCCTCGAGCTCGGCGACTCCTCCATCAACTGGGCCGTACGCGTCTGGGTCAACACACCCGACTTCTGGGCCGTCCGCGAAAAACTCACCCGCGCCGTCAAGGTCGAACTCGACAACGCAGGCATCGGCATCCCCTACCCGCAGATGGACGTCCACCTCTTCAAACAGGACACGCCGTAACAACCACCCTCAACCTCCAACCGCATCAAGAACGAGAAAGACACGCCTTATGTTCAAGCGTTCCCTCCTGACCGCCGCCATCCTCGCGGCCATCTCCATCCCCGCCGCAGCCCAGGAACCCGAGCCCGAACCCGACGACAAGCCCGGGCTCTTCGGCACCAGCTTCCTCGAAGGCTGGGACCGACGCTTCACCCTCGGCATCGACGGCGAAGAAAACGACTCACCCGAATTCAACTTCTTCACCCTCCTCGAACTCGACTACACCAGCGACTACCACCGCTGGAACATCGACGTCAGCTACGACTACGGCACCGAAGAACACGACCTCTCCGACAACGAATTCCTCTTCAGTGTCCTCAAGGACTGGGTCTTCCCCGACAAAACCTTCTTCTACTGGGCGCACGGCTCCTACGAGTACGACGAATTCGACGACTACCGCCAGCGGTGGACCGGCTTCGGCGGCCTCGGCCTCAACCTCTACAAAGACGAGAAACACCTCCTCGACGGACGCGCCGGCCTCGGCATCATCAACGAGGTCGACCCCTCCGACACCCGGCCCGAGGGCGTCTTCGGCCTCGAGTACAAGTGGAAGATCAACGACAACCAGGACTTCTTCGTCAGCAACTACGTCTTCCCCAACCTCGAAGACCTCACCCGCTACCGCAACGAAACCGTTGTCGACTGGATCATCAAGATGGACGCCGCCGAGGGACTCAGCCTCCGCATCGGCCTCGAAAACGAATACGACATGAACGTCACCGGCGGCTCCAAACGCAACGACCTCAACTACCGCCTCGCACTCGTGATCGACTTCTAAATCACATTCAACACAGCAGTTACCCCAAACAGCCCGCGCCCTCAAGCGTGGGCTTTTTCACGACGCAACCCAACCAGTCGCCTTGCCCTGCGCTCAATACAGGGCATAGTAAAACAGGGAAGAAAACCGCCCACACCCCGGTTCTAAACTGTGTCGAGGTGATCATGCTTACGAATCCACCCACAGACCGACGCCAACCGGGAGGCTTCACCCTCATCGAACTCCTGGTCGTGATCTCGATCATCGCCCTGCTCATCGGCATCCTCCTCCCCGCACTCTCCGCCGCCAAACGCACCGCTCGCGTCCTCCAGTGCGGCACCAACCTCCGCCAGATCGGTGTCGCCTGGCAGCTCTACCTCATGGACTACGACGAACGCTTCCCCAAGTTCCGCCAGCACATGCACTGGGTCTATGGCGGCATGAGCGGCCCCGACACCGTCACCACCTGGGACGACAACGCACCCTTCGAACGCCCCCTCAACCCCTACGTCGGGCTCGCCACCAACAACACCCAGGGCCTCGACACCTTCCGCTGCCCCGAGTCACGCCCCTACCACGACATCGATGGCAACGGCGGCAGCAATGGACACGACGCCTACGACTACTGGGGCAACACCTACATGCTCAACACGGTCCTCACCCCCACACCCTCCCAGAGAGACACCAACGTCGCCCTCTTCGAATCCGGGCTTTCGGAATCACGCATCGTCCTCGCAGGCGACATGATGTGGTACTTCACTGTGAACTTCAGCGAACGATGGCAGTGGGACGCACACTTCCACAACCGCGACTACAAGATGAACCTCCTCTTCCTCGACGGACACGTCGCCTTCACCCAGCTCTACCGCAACGTCGCACAGACCGACACCTACAGCTTCCCCCTCGTCCAACTCCCACCCGACGACGCCCAGGCAGCACCGGAAAACTGACAATCATTGCGCAGAAAAAACAAGGCACACTCGGACGCCGCAGCGCCCGGGCATGACCTCGTTGCCACAACCCGCCCCGATTTCCACCCTCCGCCCCGCTCGTACCCCTTCTCCTAAATGACTACGCCGGAAATCACCCCCGCCTGCGCACCCACACAGATATTTTTGTGTTATAAGTAAAACCCTTAGCCTGAAAAAACGTTGCCGAGTCCATGCACCGGAGAGGGCCTCTTGCATGTCCGATCGTTCTCAGGAAGTTTCAGACGAACATCTGGATAACCCCCGACTCGCCAGCGAACAAGACGCTAAACCCTCCGTCCTCACCGAGCAGGACCTCCGCAACGTCATCAAACTCCTGCTCAACGTCATGCAGACCGAGGGATCCACAAGCATCAAAAAACGCGCCCTCATGCAGGGCCTCGCCGAACTCGTCGACGCCGACTCCTGGATCTGGACCATCTCACGCGACGTCCACGAAGGCGGCACACCCGTCTCCGTCTGGATGATCCATGGCGGACTCTCCGAATCCCAGATCTCCGCGCTCCTCCAGTACACCCAGGACACCACCGTCGAACGACCCGAAGACGATGTCGTCTTCAAGCTCCAGAAGTCAGGCGAACACTTCACCCGCCGACGGCAGCAGATGATGCCCGACGAGGCATTCAAGAACGCCTCCGGCATGAAACGCTACGGCAAACAGATCAATATCGACCAGTACGTCTTCTCCATCTACCCCCTCGACGAACCCGACATGATCTCCGCCGTCGGCATGCACCGTCGCAACGGACGCCCACCCTTCTCCGAACGCGAGGCCCGACTCATCCACATCGTCTGCAGCGAGATCCGCTGGCTCCACTACAGCGACATCCCCGCCAACAAGGCCCGCGAATCCCTCGACCTCACGCCGCGGCAACGCACCGTCTTCATGATGATCCTCCAGGGAACCAGCCCACGCGACATCGCCGGACAACTCGAAATCAGCATCCACACCGTTAACGACCACATCAAGGCCATCTACCGACACTTCCACGTCGCCAGCCGAAACGAACTCATCGCACGGTTCATGCAATGCGACGGCGGCGACACCACCCCACCCCGCACCGAAACAAAAAAAGACCCCGACGGTTGAACCGCCGAGGCCTCGCTCATCTCAAGATCTGATCGCGTCAGTTCAGGAAGTCGTGCTCCATCTGCTCACGCAACTTCTCCAACGCGCGATTCTGGATCTGACGCACACGCTCCTTCGTCACGCCGATCGTCTTGCCGACCTGCTCCAGCGTGAACCCGCGACCGTTCGGCCGACGCGTCTCCGCACGCAGCCCGAAGCGGTGATCCAGCACCGCCTTCTCGACGTCCGACAACTCAGCCCGGTTTGTCTTCAACAGATCGCCGACCTCATCGATGCAGTCTTCCTCGTGCGTCTCGCGCAGCTTCTCCATGAAGTCCGACCGCTCGAACTTCGGGTCATACGCCGCGGGGAACATCCGCTTGTGACGCGTCTGCTTCTGACCCGCACGGCTGAACGCCTTGAGAATCGCGCGGCAGGCGTACGTCGAAAACTTGAAGCCACGCGAAGCATCAAACTTGTCCACCGCTCGCATCAACGCCATGTTGCCCTCGGACACCAGGTCCGCGAACTCCAGGTCCGTCAGCTTCACACGCTTGGCCATCGCCAGCACCAGCGCCAGGTTCGTGTTCGCCACCTGCTCACGGTACGCCTCCGCGCGCTCGTGCCACCTCAGGAATCGAACCGCCATGTCCTCGTTGAGCTTCCGCTGGCGACGCAGCCGGTCGTGCAGCTTCGACGCCCGGTACCGCGCGTAGTTGAACTGCAGAAAGAGCGCCTGCTCCTGCTTCGCCGTCAACAACACCGTCCCGCCCGTCACCGGGTTCGCGTGCACACCCAGCACGTCATCGATCATCGGCGCGTACCAGCGCGTGTCCGGCTCGGGCACCTCCACCGCGTCGCGATAGATCAGCTTCTCCGCACGCGCCGGAGGCTCGTGGAACAACTCGTGATCCATGTAGTCATACACCTCAAGCTCAAGCAGCGACGCCAGCGTCTCGCGCTGAACACGGGTCAACAACGAGCCCGAGCGACGCTTGGACTTGGGTTCTGAGGTGAGGGAAAAAGCTGCGGCCATGGGACCTCCCTGTGGTGATGAGCGGTATTCCGTTATGACAGTCCGCCACTGAGTCCTCATAATCCGATTGAACCTAGAATAATTCCAAAAATCAAGATCTTTTTCCCGGACCCGCACAGCCGTCACAATGGATAAATCGAAATCCAACTCAATTCGTCCTGATTCAGGGCTATAATGTGGTTGTAACGACCTGAGATCGGTCTGGAATATTCCGATCTCACACAGAATGAACGACTTATGGAGATACCCATGGCCTTCGAACTGCCCGCACTGCCCTACCCCAACAACGAACTCGAGCCCGCCATCGACGCCAAGACGATGGAAAT
NZ_CP036280.1_gap45	2079086	2082580	3494	AGGGTGAGGCCTCGGCGGCGTGGCGGACGTGTGCCCAGACGGCGTTGATGTCGTTGGGGTCGGCGGCGGGCTGTGCGGTGGGTGCGGTTGGTGTGGCGGGTTCCAGCCTGGGTGTGTGCGGCCGCCCTGCCGTCTGGTCAGCTACGGCTTTTTTTTTTGAGTCGGGGTGGTGTTGCCGGCGAGGATCGCGGCGACGTCGGCCATCTTCTCGGCGAGGGCCATGCGGGCGAGGACGGCGTCGAAGAGTGCGCGGGGGTTGGCGGATTGTTTGGCGTGTCGCTGGAGGTTGTCGGCGAGGGTGATGAGGTAGACGAGGGCGTCGGTGTCGAAGTGTGCGGCGAGTTGGGCGGTGGTCTTGCGCGCCTCGTCGGAGAGTTCGACGACGTCGGCGTCGGGTCCGCAGGCGGCGACAAGCATGAGTTGCCGGAGTCGTTCGATGAGGGTTTCGACGACCTGTTCCTGGGATACGCCTCGGGCGAGCAGGTCGTGTCCGGCGCGGAGGGTTGCGGCGACGTCGCCTTGGGCGGCGGCGTTGACGAGGTTGTCGATGAGGTCGGTCTCGGGGAGACCGAGGAGTGTTTCGAGGGTGGTGACGGTGAGTTTGTCGTCGCCGGCGGCGGCGATGACGCGGTCGAGGAGGGAGAGTGCGTCGCGCATGGAGCCGTTGCCGAGGCGTGCGACGGTGTAGACAAGGTCGTCCTCGGCGTCGAGGGATTCGGCGTTGACGACGGCCTTGAGGTGTTCGGTGATGCGAGCGGTGGGAATGGCGGGGAAGTCGAAGCGTTGGCAGCGCGACTGGATGGTGGGCGGGACCTTGTGGGGGTCGGTGGTGCAGAGGATGAATTTCACGTGCTCGGGGGGCTCCTCCATGGTTTTGAGGAGGGCGTTGAAGGCCTGGTTGGAGAGCATGTGGACTTCGTCGATGATGTAGATCTTGAAGCGAGCGTTGGCGGTAGGGGCGAGTCCGGCGTTGGCGATGAGTTCGCGTGCGTTGTCGACGCTGTTGTTGGAGGCGGCGTCGATCTCGATGACGTTGAGGTCGTCGCCACGCATGATGGCGTCGGCCATGCGTTGCTGGACGTCGGTTTCGGGGAGTTCGACGTCGCTGGGCTGCGGTGCGTCGGGCATGGTTGCGGGTGCGTTGAGTGCGCGAGCGAAGAGGCGTGCCATGGAGGTTTTGCCGACGCCTCGTGTCCCGCAGAAGAGGTAGGCGTGGGCGACGCGGTCGCGTTGGATGGCGTTTTTGAGCGTCTGCGCGACGGCGTCCTGGCCGACGACGTCGCCGAAGGCCTGAGAGCGGTATCGTCGAGCGAGGACGGTGTAGGCCATGGTGTTGGGGCCGTCTCCATTGAGGCGATGGGACCCGGTCGAGGGGACAGGCGGCCAGGACACCGACGGCACCGGGCCGACGACGCTTAGGGCTGCTCCGGTCAAGGCCTGACCCGGTTCACGAGCCTACCCGTGCATCGGGCCCGACCGCCTGTCCGATCGACGAGGTCGATCGAACTCAAGAGGGTATGGCAGGCGGGGGTGATGGGCAACCGGGTTGCCGGTTGTGGTGTAGTCTTTATGCTCAGGCATCGCGGGTCTTATTTATTGGGGTTCTCATGATTACATACATCCTGCGTGGGCTGTTCATTCTGCTGGCGACCTCGGTGACGGCGTTGTACGTGCTGCCGTTTCAGGCGGAGCAGGAGGTCAGCGTTCTGAACGTGATGATGCTGATCGGGGGGACGCTGATTCTGTGCGTGGGGGTGATCGCGTTGGACGCGGCCTACCCGGAGAAGGATCTGTCGGCGGTGTCTGGGGTGTTTCTGGGGATCATCGCGGGTTTGCTGGCGACGTACGCGGCGTCGTTCCTGGTGGATTTGATCCCGGTGCTGATCGAGTTCAAGGAGCCTGAGGCGATCGAGCGTCTGCTGCGTGGTGTGAAGGTTCTGCTGGGCGTGGTGTTCTGTTACGTGGGGATTTCGCTGGTGCTGCAGACGAAGGATGATTTCCGGTTCATCATCCCGTATGTGGAGTTTGCGAAGGAGTTGCGGGGTTCGCGGCCGACGCTGTTGGACACGTCGGTGATCGTGGACGGTCGGATCGTGGACATAATCGAGACGCATGCTCTGCAGGGCCCGCTGGTGGTGCCGAGGTTCGTGCTGAACGAGTTGCAGACGATCGCGGACGCGTCGGAGAAGATGAAGCGTGCTCGCGGGCGGCGGGGTCTGGACATGCTGCAGAGCCTGCAGGAGAGCCACGCGATCGAGGTGCAGATCGAGGATCGTGATGCTGAGGGGGCGGGCGTGGACCAGAAGCTGATCAGTCTTGCGCAGCATCTGCGGGCGCGGGTGATGACCAACGACTACAACCTGAACAAGATCGCGCAGCTGCGCGGTGTTGAGGTGATCAACCTGAATGATCTGGCGAAGGCGCTTCGTCCGGTGGCGCTGCCTGGGGAGGAGTTGGTCGTGAAGCTGGTGAAGCCGGGCGAGAACCCGTCGCAGGGGGTGGGTTATCTGGATGACGGGACGATGGTGGTGGTGGAGAACGGCCGGGAGCATATCGGCGAGCGTGTGGATCTGGTGGTGACGTCGACGCTCCAGACCTCTGCGGGGCGGATGATTTTCGGGAAGTTCGCGTCGACGGAGGACGAGGAGGAAGCGGAGGAGGCGGTGACGGAGCCGGTGGCGGTCGCGGAGGAGGGGCATCGGGTGCGGACGACACGTCGGAACCCGCGGCGGGGATAGCTCGTATTGATTAATTAATCAGCATTGTCAAGATACGCCAATCACGGTATACTTGATTTATGCCTACACAGAATGTCAGTTTGTCGGAGCACTTCTACGACTTCATCCAGCGTTGCGTGGATTCGGGGCGGTATCAGAACGCGAGCGAGGTGGTGCGTGCGGGCTTGCGGGCGCTTGAGCAGCGTGAGAAGGAGGAGGCGGCGCGGGTTGAGCGTCTCAAGCAGCTGATTCAGGAGGGTGAGGAGGCTTATGCGCGTGGGGAGTATGTGAGTCTGAGTTCGTCTGAGGAGCGTGCGGCGTGGTTGGAGGGCATTGAGCAAGAGGTTCTTGAAGAGAAGCATCGAGATCAACAGCGTGTGGATGACGAGGCGGCATGAACTGGCGTGTCGAAGTTACGTCACAGGCACGCGCCGACATTAAGGCTGTTCTCCGGTACACGCTGGACAGGTTCGGTCCGAATCAGGTGCGGTATTACCGCGTCGCGATTGATGATTCGCTCAAACACCTTGAGACCGACCCTGTGTCTGTTCCGGCGAAACCACTTACTCCGCCGTTGCCTTCAATTCGCCAGTTGCCGGTGCGTCTGCGGGGCAGGTCGGGCCGACACGCGTTGATCTACCGGCTTGATGAGGTGGCGCGTGTGGTGATTGTGCTGCGGCTGCTGCACCGGGCGATGGATCTGGGGCGTCACGTTGAGGGGGAGGCTGGTGAGGATGATTGAGCGGGGGGAGGAGGCGGTGGGTCGTGCTTGGGGTA
NZ_CP036280.1_gap46	2162209	2163417	1208	CCGCCGACCTGCCCCAGAGCCTCATCGACAAGAACATCCAGGAGGAAAAAGACCTCCTCGCCGGTCTTGAGGCCAACAACGGCACCAACAACCCCTACGAGATCCACCGGGTCCTCGGCGAAGAGATGACCGACTCCTGCACCGTCATCCGCGAAGAAGGACGCATGCTCGAAGCACGCGCCAAGGTCGCCGAGATCAAGGAGCAGTACAAGTCCATCAAGCTCTCCGACACCGGGAGCTGGACCAACCAGAACCTGCTCTTCGCCCGCGCCCTCGGCGACATGATCATCTACTCCGACGCCGTCCTCGAGACCGCCATCGTCCGCAAGGAATCACGCGGCTCGCACTACCGGCCCGACTTCCCCGAACGCAACGACGAGCAGTTCCTCAAGACCACCATCGCCAAGTACAACCCGCAGTCCAACACCCCGGACATCTCGTTCGAGGACGTCCCCCAGCCCATGGTCGAGCCCCGCGCCCGAACCTACGGCAGCGTCGAAACCAAGAAAGACGACAAGAAAGAAGCCGCCGCGGCCAAGTAAGCCCGGCGTCACAACCAGCACGAACCACCGTGTTATCACCGAGGTGAGCACCCCATGATCGCCCAGAACAAGCCCGAGAAGTACAAGGTCAAGATCAAGCGCCAGGACGGCCCCTCTCAGCCGGCCTACTACCAGACCTTCGAGGTCCCCTACCGACCCGGACAGAACATCATCTCCGTCCTCCAGTACGTCGCCGCCAACCCCACGACGACCGACGGCAAGGAAACCTCCTCGCCCGTCTGGGACTCCGGCTGCCTCGAAGAGGTCTGCGGTGCCTGCTCCATGGTCATCAACGGCCTCGTCCGCCAGTCCTGCTCCACGCTCGTCGACGAGATGCTGCCCGAGGGCAACACCATCACCATCGAGCCGATGACCAAGTTCCCCGTCGTCCGCGACCTATTCGTCGACCGGCAACGCATGTTCGAGAACCTCAAGAAGGTCAAGGGATGGGTACCCATCGACGGCACCCACGACCTTGGCGAAGGCCCGCAGGAATCCCAGGCCGACCAGGAATTCCGCTACGCCCTCTCTCGATGCATGACCTGCGGCTGCTGCCTCGAGGCCTGCCCGCAGTTCGAGAAGGACAACGAGTTCATCGGCCCCCAGGCCATCGCACAGGCCGTCTACTTCAACATGCACGAGACCGGCAAGCACCTCAAGAACGAA
NZ_CP036280.1_gap47	2166564	2167894	1330	GGGTAAGGCTTCAGACATCACGTCAGCCTAACGCCCGGATCTTTGATGTGCACCCAACTCGCGCCAGCGAAAGCGGATGCAACCGACTCAAACAACGCGAGACCGATAATCGGATTCGGGCCAACAAGTTATGAACCGTCTTTTTAGGGCCGATACCACCTGCGTAACAAGGATTCTTGATGGGTGCACTCGCAACGGTCGCGAAGCACCCGGCATCGCCCGAGTCGGGCACCCCTTAAGAACGGAGCATGATCCATGGCTACCCGCACCAGCACACGCACTCGCACAGCAACCAGCAAGGCCAAACCCCGTACAACACGCAAGACCACCACCAAGGCGTCGGCACGCAAGACGACGACCCGTAAGCCCGCGACCAAGACCACAGCTCGCAAGAGCACGGCACGCAAGACCACCGCCAAGGCTTCGACCCGCAAGACCACCACCCGCAAGACCACGACCCGCAAGCCCGCGGCGCGTAAGACCACCGCCAAGGCTTCGACCCGCAAGACCACCACCCGCAAGCCCGCGGCACGCAAGACCACCGCCAAGGCGTCCACCCGCAAGACCACGACCCGCAAGACCGCGGCACGCAAGACCACCGCCAAGGCGTCGACCCGCAAGACCACCACCCGTAAGCCCGCGGCGCGTAAGACCACCGCCAAGGCGTCGACCCGCAAGACCACCACACGCAAGCCCGCGGCACGCAAGACCACCGCCAAGGCGTCGACCCGCAAGACCACCACCCGTAAGCCCGCGGCGCATAAGACCACCGCCAAGGCGTCGACCCGCAAGACCACCACACGCAAGCCCGCGGCACGCAAGACCACCGCCAAGGCTTCGACCCGCAAGACCGCGACTCGCAAGCCCGCGGCGCGTAAGACCACCGCCAAGGCGTCGACCCGCAAGACCACCACCCGCAAGCCCGCGGCGCGTAAGACCACCGCCAAGGCTTCGACCCGCAAGACCACCACCCGCAAGCCCGCGGCGCGTAAGACCACCGCCAAGGCTTCGACCCGCAAGACCGCGACTCGCAAGCCCGCAACCCGGACCACCACCCGCAAGCCCGCGGCCCGCAAGACGGCCACCAAGGCCAAGTCGGGTGTCCTCCGCCGCATCGGTGGCAAGTCGACCGGCCGCAGCGTCCGCAAGGCCGCCTGAGCCAACCGACCTATCTCTGAGTAACTCCGACAGCGTCCCTCGAGAGGGGGACGCTGTTGCTTTATGCCGGGTAGCGATGCCTCAGGATCGCCTCGGCGAGCACCTCGTCGCCGGGCCGCGTGATCTTGATATTCCCCGCGTCACCCTCCACGCCCAGCACACGACCGCCCCG
NZ_CP036280.1_gap48	2193626	2195928	2302	CGCGTTCAGCAACCGGTCCTCACCCACCAGCGCCTCCGGGTCCAGCTGCCGACCGATCGGGATCGGCAGGTCACGCTCCACCCGGTAAAGCGGACGCCCCAGCCCCTGCAACTCCGTCTCCATCTGAGACGACACCGCCGGATTCACCGACGACATCACCACCGGCGCCTCGGCGTGGTCGCGCAGCGGACGGGCCGCATCCTTCACCGAATCCATCACACGCGTGTGCCGCTCGTTGATGAACGTCGCCGACTCAACCAGCTTCCCGTCCACGTAAGCACCAACCCGCGTTCGGGTGTTGCCAACACTCACTGCAAGAAGATTCGCTCGCGTCATCGGTGCACATCTTAACCCAACGCCCCAACACCTGACGCCGACCTCAGCGACCCCATCCCTCCGAGGCTTGAGCATCACGCCCCAGACTCGGCCACACCCGCTCAAGCAACGCACCCACACCCGCACGCGTCGCGCTGCTCACCGTCTCAACACGACAACCGATCAGCCCCTCAACCTCCGCCGCAAACACCGGGGCATCGTCACCCCACAGATCCGTCTTGCTCAACGCCACCACCTCGTGCTTCGACGCCAACGCCTCCGAGTAATCCGACAACTCACCGCGAATCGTGCGGTACGCCGCCGCACAAACCTCCGGGTCGCCCGACTCGCACGAGATCAGGTGCACCAGCACACGCGTCCGCTCCACGTGCCGTAGAAAACGACTCCCCAGACCGTGCCCGCCCGCAGCCCCCTCGATCAGACCCGGAAGGTCCGCGATCACCATACGACGACCACCCGAAATCTCCGCAATCCCCAACTGCGGCTCCAGCGTCGTGAACGGATAATTCGCGATCTTGGGCGTCGCCCGACTCACCGACGACAGAAAAGTCGACTTGCCCGCGTTCGGCAGCCCCACCAGCCCCACGTCCGCAATCAGCCTCAGCTCAAGCCGCAGCGTCCGCTCCACCGCCTCCTCACCCGGTGTCGCCTCCCTCGGCACCTGATTCGTCGGCGTCGCGAAACGGATATTCCCGTAACCCCCCTTCCCACCCTGCGCAACCACCAGCTCATCGCCCACCCGAACCAGATCACCCAGGCACTGACCCGTCACATCGTCGTACAACACCGTGCCCGCCGGCAGCCGCAACACGCAATCCTTCCCGTTCTTCCCGTCGCAGTCACGCGACCCGCCCGGCTCGCCATCCTCCGCGTACCAGTGATGCCGACCCGAAAAATCCATCAGCGTGTCCACACCCTCCGCTGCCAACGCCACCACCGAACCCCCGTCGCCCCCATCGCCCCCGTCCGGACCACCCTTGGCCACGTACTTCTCCCGCCGGAAACTCACCCGGCCGTCGCCCCCCTTGCCGCTCCGGATCATGATCACAGCCTGATCAACAAACATCACGCCTCGCCATCAAAAAACCCGACCGGCGCCGGGCCGATCGGGTGTTGCACTTCCTGTATGAGCCGATCCGGCTCACCATCCCGCCGCCACGCTCACGCGTCCGAACGGATGTGAACCTTGCGGCCCTGAAACTCCACCACGCCATCCGCCAACGCGAACAGCGTGTCGTCCTTGCCCATACCCACCTGGTAGCCCGCCTTGAACTTCGTGCCGCACTGGCGAACGATGATCGAGCCGACCTTCGCCTTCTGGCCGCCATAAAGCTTGATCCCGCGGAACTGCGGGTTCGAATCACGCCCGTTCTTGGTCGAGCCCTGGCCTTTTTTATGTGCCATCTGTCTGCTCCAGCATGAACGCCAGTCTTCGCAATGCTCAGCCGGCGGGAATTCCGGGTCTTTCCGGGACATTCCGGGGTTAATCAGGAACTTCTGTCGAGCCACACAGTGTAAATCCAACGGCCACAGGGATCAAGCCCAGCCGCCACAAACCCTCTCCACAAAGGTCCATTTCGTGTGGATAGCCGAATCCAACCCGCCCAACGGGTTGCAGGGGGTCATAGGCCAGCTTAGACTCCGCCCACGCGGTGACTTGCTGAAATTGGCAGCAGATCGGAGCTTGCCAAACGGTCACCATGGATTCCCTCTTAAGAAGGTAGTCTTGCTTCAGCGATCCGCCGAATCAGTAGTCCACGGTCCGGCGGCAGTTAAGCCCGCCAGATCGCAGTCCGACGGAGGCCCAGTGTTGCGACGTCGCTCTCTCGTTCTCGCCGTTACGTTCATCCCCTTCCTCTGGTTCGGAAATTCCGCCCCAGCCCAGGATGACTTCCCGACCGCCGCAGAATTGCTCCAGCAGGGAGTCCAGCAGCTCGAAGCAGGTGATGCCGACGCAGCCAGGGAA
NZ_CP036280.1_gap49	2201334	2205782	4448	ATTCAGCCACCTTCTGGCTGGCACATCAGTTCAGTAAGGACGACGCATGGGATTCTTTGACCTTGGCGGGCTCGCTAAGAAGCTCACCGGCGGGGGGGCTGACGCCGACAAGCCCACCGCCGCCGAAAGCCGCGACCCACGCAAGGCCGCTCGCTTCTTCGAACACGCAGCCACCGCCACCGACGCCGGCAACTACGACTTCGCCATCGAGCTCTACATCAACGGCCTCCGACACGCCCCCGACAAGATGGAGATGCACGAGAACCTCCGCGAGGTCGCCCTCAAACGAAAACTCGCCGGCGGAAAACCCGCTGGCTTCGGCGCCATGTTCTCAGGCGGATCCAACAAGCTCGAAAAAATGCTCGCCGCCGAGAAAACCTGGGCCATGAGCCCCCTCGACGCCAACCTCATGCGCGACTTCATGAAAGCCGCCGTCGCCGCCGACCAGCAGGAAGACGAAGACACCAACCTCGCCAACGTCGCCTACTGGATAGGCGTCAACGCGATGGAAAACACCAACACCAAGCCCAACAAGAGCCTCTACCTCAGCCTCGTCGACAGCTTCGCCGCCATCGACGCCTACGACCGCGCCGTCGAGGCCTGCAAACGTGCCATCGCCGTCGCACCCAACGACAGCAAACTCTTCGAGAAACTCAAGAACCTCGAAGCCGAACGCATGATCACCAGCGGCACCTTCGGCGCCGGCGGCGAGGGCGACTTCCGCGCCAACCTCAAGGACTCCGACGCACAGAACACCCAGCAGGCCGAACAGTCCCTCCGCATGGAAGAGTCCGAGCTCGAACAGCTCATCGGCCAGCGACGCGCCGAGTACGACGAGAACCCCGAAGACACCGACCGGCTCACCAAGCTCATCGATACCCTCCTCCGCACCGACGAGGAACAATACGAAAACGAGGCCATCGAACTCCTCACCGAGGCATGGGAAGAACACGGACAATACCGCTACAAGCTCCGCGCGGGCGACATCCGCATCAAACAGTTCGTCCGCCAGTCCCGTGCCCTCAAGAAAGCCGCCGAGGACAAGTCCCCCGAAGCCATCGCCGCCTTCCAGCAGCACCAGAAAGAACGACTCAGCTTCGAACTCGCCGAGTTCCAGGAACGCGTCAAGAACTACCCCACCGACATGGGGCTCCGCTACGAACTCGGCCGACGCCTCTTCCAGGCCGGCCAGCACGACGAGGCCATCGGAGCCTTCCAGCAGGCCAAGGGCGACGCCAAGCACCGCGCCCAGGCACACCTCTACCTCGGCCAGTGCTACCTCAAGAAAACCTGGTTCGAAGAGGCCATCGACACCCTCCGCGAGGGCATCGAGGCTCACAAGCTCCAGGACGACCGCCTCGCCATGGACCTCCGCTACCTCCTCATGGACGCCCTCGTCCACCAGGCCCAGGACAACAAGAACATCGAAGCCTCACGCGAGGCCCAGAAAATCGCCTCCGGCATCCTCCAGACCGACATCAACTACCGCGACATCCAGCAACGCATGGACACCATCCGAGCCCTCACCAAATCGCTCGAAGCCAACGCGTGATCGACCACGACCCCACACCCGCACGATGACGGCACCATGAAACCACGCATCGTCATCATCCCAGCACGCATCGGCTCTACACGCTTCCCACGCAAGGCACTCGCCGACCGCACCGGCCAGCCCCTCGTCGCCCACGTCGCCCACCAGGCCCGAGCCGCCAGAACCATCGACCGCGTCATCGTCGCCACCGACGACAACGACATCATGACCGCCGCACGCAACGCGAGCGTCGACGCCGTCATGACCAGCCCCGACCACCCCAACGGCACCTCCCGGCTCGCCGAGGCACTCGAGCAGATCGAAGAAGCCCAGGACGCCCCCCTCGATCCCGACGCCGTCATCCTCAACGTCCAGGGCGACGAACCCGAGATCGACCCCGACACCATCGACCGCCTCGCCGACGCCCTCGCCGACGAAGACCCCGCCTCCACGCCCATGGCATCCGCCTGCTCGCCATTCCCCGACAACACCGACCCCAACGACCCCGCCACCGTCAAGGTCGTCCTCGACCGCAACCACCGCGCCCTCTACTTCTCCCGCGCCCTCATCCCCCACGACCGCACCGGATCTCAGCCCACCATCCTCCTCCACCACGGCATCTACGCCTACCGCCGACACTTCCTCCCCACCTACGCCGGCCTCGCACCCACAACCGCCGAGACCGCCGAGTCCCTCGAACAACTCCGCGTCCTCGAGCACGGCTACGCCATCCGCATGATCACCGTGCAACATCCCTCCTTCGGCATCGACACCCCTGAACAGTACGACGCCTTCGTCAAACGCCACGCACAAGGCTGAGGAGCACACCCATGACCGCCGCAACATCAGGCGCTGCCGGAGCCGGCGCAGCAGCCGCCGTCATCGCGCAGGCCATCAAGGCCTCCGGCGCCATCGTCCACGTCCAACCCGACGACTTCCTCACCCTCCTCGACCTCCCCGACGAGCCCCTCGTCGTCCACGCCACAGGCGGCGTCTTCCGCAAAAACCACCAGTACATCGCCTCCGTCAAGGGACTCGCCTTCTACACCAAAGCCGACGTCCCCATCACCCTCCCCGACCACATCCTCCTCGTCGAATCCAAACAGATCTGGATCCCCTGACACCCCGGCTGCAAACCCCTCCCCGCTGACGCAACCCGCGAGTCAAGCCCAACGCGCCCCCTCGACCGACCGCACCCTCTACAATCCGCTGACATTACCCCCCCTCGGGACACAACCATGAACCCCGAAGCACCGCAGTGGATCCTCCTGGGCGTCCTCCCCCCCGCCATCATCCTCGGCATCATCACCCTCGTCCTCGCGCTCCTCCTCGGACTCGCCACACCAAAACGCGCCGCCGCCGCACAGCTCATCGCGCTCACCGCAGCACTCCTCGCCGGCACCCTCACCATCCTCGGCCTCCCCGAGTTCCCGCCACGCGTCGAGATGGACTGGCTCATCATCGCCATCATCCCCGCCGCAGCCCTCATCGCCGTAGGCGTCACACTCACGCCCGCCAAACACGCGTGGTGGATCGCCAGAATCCCCCTCTACGCAGCCATCCCACTGCTCGTCGTCTGGGGATCGCCCTACCTCGACCCCGAGGCACGCACCGGATGGGACACCAGCCAGCGCCTCCTCTACCTCGGCATCCCCGCCGCCACCCTCGCACTCCTCCGCTTCCTCACCGCCTTCCGCCGCAAACGTGACAAGGCCTGGCAGCGATCCCTCGCCCTCGGCATCACCGCCATCGCCGCCGCCGTCACCCTCCTCATGTTCGCCGCCCCCGGCGCCGGGCAGACCGCTATGGTCCTCGGCGGCACCCTCGTCGCCACCGCCGTCGCCCTCTTCATCACGCCCTCCCACCTGATGAACCCACGCGTCGAAGACCTCGCCCTCCCCGTCATCGCTGCGCTGCTCCTCGGCGGGCTCCACTTCGCCGACGTCAGCCCTCGAATCGCGCTCACCTTCGCCGCCGCGCTCGCCGCATGGTCCCTCCTTGGCCTCGTCCCCATCCTCAACGCCATACCCATCGTCCGGTCGATCGTCCGCTGGGCCGCGCTCGCCGCACTCCTCGGCTGGCCCGTCGCCGAGGCCGCCATCGCCTTCGCACAGGCCTCCGAAACCTACGACTATTAGCGATCGCCTAAACTGACCGGATGAACGAGACGGACCTCGAAACCACACCCCTCGACCTCGACCCCCTCCTCGACGGACTCACCGAGCCCCAGCGAGAGGCCGTCACGCACGTCGACGGCCCCCTCCTCGTCCTCGCAGGACCCGGCTCCGGCAAGACACGCGTCATCACACGACGCATCGCACACCTCGTCCACCGCGTCGGCATCGCGCCCTGGAACGTCCTCGCCATCACCTTCACCAACAAGGCCGCCGGCGAGATGCGCGAACGCGTCGGACAACTCCTCACCGAACGACAGACCCGCGCCGTCACCATCGCCACCTTCCACGCACTCTGCGCACGACTCCTGCGAACCTACGCCGAAAAACTCGAACTCCCCCCCGGCTACTCCATCTACGACACCGCCGACCAGAAACGCGCCGTCAAGGAAGCCCTCGCCGACCTCGAAATCAGCACCAAGAACTTCCCGCCCACCTCCATGCTCGCCGCCATCAGCAACGCCAAAAACGAACTCATCGACGCCGAAGCCTTCGCCGCCGACGCCCAAGACTTCTACAAAAAAACCGTCGCGAAGGTCTACACACGCTACACCCGCATCCTTAAACGAAACCACGCTCTCGACTTCGACGACCTGCTCATGCGCACCGTCGATCTGCTCCAGGTCTTCCCCGAGGTCGCCGACGAACTCCGCGAACGCTTCCAGTACATCCTCGTCGACGAATACCAGGACACCAACGGCGCTCAGTTCCGCATCGCGCAACTCCTCGCCACCGCCCACAAG
NZ_CP036280.1_gap50	2206804	2207955	1151	CAAGGGACTCGAATACCCCGCCGTCGCCATCGTCGGCACCGAGGACGGACTCCTCCCCCACGAACGATCCCAGAACACCGACCGCGAACTCGAGGAAGAACGGCGACTCGCCTTCGTCGGCATCACCCGCGCCATGAAACGACTCTTCCTCACCCACGCCCGATACCGAACCGCCTACGGCCAGGCACTCGCCACCATCCCCAGCCGATTCCTCAACGAACTCCCCCCCGAGGACATCATCGCCGTCGAACCCGAAGCCGCCGCCGTCGACGACTTCCTGACCGCCACCTCCGCAACCCGTCAGCGACGCGCCGCCGCCCGCCACGAGCACGAGTTCCCCGAGGGCACCCTCGTCCGACACCCGCGCTTCGGACTCGGACGCGTCCTCGAGATCGCCGCCACCGGCGCACACACCAAGGCACGCGTCGCCTTCAACACCGCCGGCACACGCACCCTCATCCTCCAGTACGCCCGACTCGAGAAAGTGGAGGACTGACCGTGCGCACACGCATCAAGATCTGCGGCGTCACACGCACCGAACACGCCCTCGCCGCCGTCGCCGCCGGCGCCGACGCCATCGGACTCGTCTTCGTCGAACGATCCCCGCGACACGTCACGCCCGAGCAGGCCCGCGCCATCACCGACGCACTCCCCGCCTTCGTCGACGCCGTCGGCCTCTTCGCCAACCACGACCCCGCCCTCATCACCCGGACCGCGCACGACGCCAACCTCCGCACCCTCCAGCTCCATGGCGACGAAACCGTCGCCATCCTTGACCAGCTCCCCCCGCTTCCCGTCACCCGAGCCCTGCCCTTCACCGACGACGCCCCCACCCGACACGCCGACTGGCTCACCCACCCGCGCACCAAGGCAATCCTCTGGGACAGCCCGCCCGACAGCGACGGCAACTTCGGCGGCACCGGACACACCCTCCCCTGGCACGCCCTCCGACAACGACTCGACCTGCCCGACGCCGAACAATGGCCCCCGCCCGTCGTCGCAGGCGGCCTCACACCCGCCAACGTCGCCGACGCCATCCGCACCCTCCGGCCCTACGCCGTCGACGTCTCCTCAGGCGTCGAGTCCTCCCGTGGCAACAAGGACATCGCACGCATCACCGCCTTCTGCAACGCCGTCCGCAACGCCGACCG
NZ_CP036280.1_gap51	2278897	2281294	2397	GCCTGAAAGCCCAAGCGAGAGGCACATCGGGATCGACAGCCTCATATGGTTATCCGTCGGCGCGTTGTCACCTGTCCACGTCGCCGCGTACCGATGCCCGCCCAGGAAATTCGCACGCGTGAGCACAAAGGGCCGGCGATCCGGCTGGGCACGCAGCATGCCCTCTCGGGTCGCCCGTGCCATCATCATCCCGTAGATGTTGTGATGCTGCAGGTGCGACCCCGGCGGAATCCCCTCACCTCCGCGGTGCCGCGCGTCCACCGGCATCGTCGCGTCCGGCCCGCCAAACACCGCGGGCTCGTTCATGTCGTTCCAGACACCATCAACACCCTTGGCGATAAAAGGCGGGAACATCGAGGCCCACCAGTCACGCGCCTCGGGCATGGTGAAATCAGGGAACACGCTCTCACCCGCCCAGACCTTGCCGATGAATGCGGCCCCCGACGCGTCCTTCACCCAGATATCGCGTTTGGTTCCCGAGTCGTAGACGCCGTAACCCTTGTCCGGCTCCAGCTTGACGCCGGGGTTGAGCATCCACACCGCCTTGAAGTTCAGGTCGTGCAGATAGGCGTTCGTCGCCGCCGGGTCCGGGAAGCGGCGGGCGTTGTAGGTGAACACACGAAAACCGCGCATGTAATCAATATCAAACCAGAGCACGTCAACGGGCAGCCGTCGACGGCGAAACTCACGGGCGTACTTCCTGGCCATCGCGTCGTTGATGTAGGAGAAGCGACTCTGCTGAAAACCCAGCGCCCACAGGGGTGGCATCTCGATCGTCCCGGTCAACGCCGCAAGATGCTCCAGCACCTCTTCCACTGTCTCCCGTTCGAACATGTAGACGGGCACCGACGGCGCGTCCGTCTGCAGCCGCATCCCCGCTTTCAGATCAAGCGACGCCCGCCACGTCGTGTCAAACAGCACGCCGAAAGCCGACCCGTCCGCACGCAGCCCCAGCACCCACGGGTGCGACTGATAGAGCCGCCGACCACGGTCCCTGCCGTAGCGGTAGTTGTCTGTGTTCCAAAACCGCACGAACGTCCCGTCACGAAGCAGCGGGCCTGTCACCATCCCCGTTCCGTAGAGATCCACCGCGTCCAGATCGACATCAAGGTCAACACGCAGCCGTTCGCCGAGCCTTGTGAAGCGCGCCTCGGGCAAGCGCATCGGATCGCCGATGGCCTCGGCGGTATAGGGTGACAGCACGAACGCGGGCGACATCGGGTGATCCGCAAGCTCGCGGTCGCTTGGCAACGCGACCACGCCGCGATCACCTACACGCGTAAGCGTTGTCTCGATCACCTGGGCGCTGTACGCCGAGATGTGCGGTGCTCCGCTGAACATCCCGCCCCCGAACCCCGTGTCGTTCACGCGAACTGCAAGACGATTCACACCCTCGCGCAGCAGGCCCGCCTTGAGCCGATAGCGACGCTCCTCATCCCATGCCGAGGCGCTGCCGTCGATCTTGCCCATCCCGCCGATGCGATCGCCGTTGAGGAAGGTCTCGTCGGCATCGTCGATACGCCCGAGATGCAGCCAGATCACCTCCTGCCCGACCAGCTTCGCCGACGCCTCAAACTCCAGGAAGTACCACCCGAAACCGTCCATTTCCGGATACCCCGCCGCCTCCCACGCCATGCCCACCTCGATCGGCACACGCTCCGCGGGCGGCTGCGTGGACCACGACGGATCGTCACCCGCCATGAACGTCCACCCGTCCGACAGGTCGTACCGCTCGGCCTGCCCCCACGCAGGCAACACGGCGCCCAGCAGCACCAGCACGCACCCAACCAGCCGCACGAAAACCCCTGGCATCCGAACCTCCGATCCTCAAGAGATCACCGAAGACCGAAAGCTACCCCCCGCCCACCGGAACGACAAGTGAACGGCCTGACCGTCACGCCACGAGGTTTGCCTTGATGTAGTCGAAGCTCCGCTTCGCCGCGACAAACGGGTCATCGTCGGCCCAGTCGCGGTCCTGCTCGACGACGAACCATTCGCAGCCCGACGCCTCGGCGACGCGGATGACCTCGGCGAAATCGATGTTGCCGTCGCCGACGGAGGCCATTTTCACGGTGTTGTTGTCCAGGACCGTGTAGTCCTTGAGGTGGATCACCGGCAGGCGTCCCTTGCACTTGCCGCACCAGCCCGCCGGGCTGCCCCCGCCGAACTGCACCCAGTAGGTGTCCAGCTCGAACCCGAGGTCCGGGTTGGCGTCAAAGAGCAGTTCCATCGCGTTGACCCCGCCGTAGTTCACGAATTCCAGCGCGTGGTTGTGGTAGCTGAGCCGCAGTCCGGCTTCTTTGAACGCGTCGGCCGACACCGCCAGCTTCGCTGCCAGTTCGCGGTATCCCGCCTCGGTGTGCTCGATCGACGGGAACGGATAGGCCGTGTCGATGC
NZ_CP036280.1_gap52	2282401	2284447	2046	GCTCCGCCCGGGGCCGTGCCTCGTGTGCGTCGAGAATCCGCTTCGCCTCGGCCGTCGTCACCGCGAGCGGCTTCTCGACCAGCACGTGCAGACCAGCCTGCAGCGCCTCGACCGCGAGGTCCACGTGGGCGTAGTGGGGCACGGCCACCACCACGGCATCCACGACGCCGCTGGCGATCATCGCTGAGGCCTGCTCGAAGGTTTCGACCTGCGAGAACCCGGCCAGAGCCGATGCGTCGATGTCACACACCGCGGTCAGCGTTGCGCCGGGGACATCGCCTTGCGCGATCATTGTTGCGTGTGCCGCGCCCATACTCCCGACGCCGACCACACCTACACGGACCTGATCCTGCTTCTGTTTCGACACCGTTGAGTCTCCTGTTGCCTACAAGCTACCGAATCCGCCCCTTCTTTTGTGGCCACGGCGGGATGCCGATCAGGCCAAACCTACATAGCCACCCACCCCTCCCGTTTACCCAGACCCCCAGACCAACGTACAATCGGACCGTTCGATCACCTGTCCGGATGTGTCACACCATTCCCTGGAGACCTGAGATGCTGCTCAAGTACCGCGCCGGTTGTTTTCTTCTGATGGCCCTGTGCCTGCTCGTCGTTGGCTGTCAGTCCACCTCGATGTCGTCCGTGCCGCCGGAGATGGCGGACATTCAGATCCAGACCGAGACCAACCCGCGTGTGAATCTCTCCGGCTACAGCACCTACGCGTGGGGCGGTGCGGCGGCGGCACTCCACGATCCCGACGACATGTGGACGCCCCCGGGCTACGACGTGGGCCGCGTGAGTGTGATGCTCATCGAGAAGCAGCTGACTGATCTCGGGCTGACCAAAGCCAGTCAGGACCCCGACATGCTCATTTTCTTCGCGATCGGCGTGGACATGAAGTCTCTGGGGCTTGAGACCTCGGAGAACCCCGATGCCACGCTCGTGGAGACGCCGGCTGGCGGGCTGCTTGTCATCGCGGCGGACCCGGGCACGCGTCAGGTCATGTGGGCCGGCGTCGCTGTCGCTGAGCTTCTTGATGAATCTGAACGAACCCCGGAGCTTGCTCAGAAGCGCATGCACTACGCCGTCGGTGAGATCTTCAAGAGTTGGCCGGCGAAGCCGAAATCCTGATCTATCGAGCTAACGTCTTTTCATGACTTGAGTTGTTGCCTAATTATTCAGGCCGGTTAAACTTTATCCGTATTCACCGCCTAGCGTAGATTGACATAGACACCACCCGCAGGGACACCCCCTGCCTCGCATTCAGAAGGGATTAGCGATGAAGATTCGGTCGTACACCGCGCTCGCAGCAGCGCTCGCACTCGTAGCCGCCTCCGGCTGTTCCAGCACCACCAAGAGTTCCTCCCAGCAACTCGTCAGCAGCAAAGTCGTCTCGGAGTGGTCCAAGACCATCAACAGCGTCGGCTACGTCACCGTCCTGCCACTCAATGAGGACGTCCGCGTCGGCGACATGTACGCCTACACCAGCAACCCCGAAGCCGGTCAGGTCGTCGGACGCAGCGCCAACGAACTCTCCCTCGAGAAGGGAACCATGCGATGGGCTTCGGTACCCGTCATCGAATCTATCAAAGCCGAATATCAGGACCGGAAGCGCTTCGCCGAGACTCCGGTTGCGGGCGCGGGAAACAGTCTGATGGGTACCGAGACGGATAATGACCTCCGCAACATCGGCTTCGGCTCCGTCTCCTCCATCACCTTCAGTGGCGATCAGGTCGGCGGACTTATCCCCACCGAAGCGACCGACCTCTCGGCCAACACCTCATGGCAGGACGCCTACGCCGTCACTCTCCGCATCGCAGACGCCGACACCTACGGTCTCTCGCTGTCTGCCCTGCTTGAGCAAATGGTCGAAGTAACGCCCGAAGGCGTCCTCCTCGCACAACCCTACCGAAACCAGCTCAATCTCCTCGCACCGCACGGCGCCCAGAAGATCTACCTCCGCGTCGTCGGCGAGGTCGCCTACATCCGCGCGATCGATATTGCCGTCCAGCTTGGCCCGTCGCCCGAGGAGCAGGAGGAGATCGA
NZ_CP036280.1_gap53	2415798	2418018	2220	CACCAGCTCCGCCAGCAACGCACCCCACACCGAAACCAGCCCCCAGCGATCCACCCAGCCCGCCGAACCCTCCGGATTCGGGAAATACATCCCGTACATGCTCGCCGTCGCCGCCCCACCCGCCGACGATGGGTCAATCCCCGCCGACGCATGAAACGCCTCGATCATCCCCCCGTACATCACGTTCAACAGCCACGCCGCCAAAGCCGCACCCGCCAGCTGCGCCGCCACGTACCCCGGCACCTTCGCCCACGAAAAACCACGCCACACCGCGAACGCCACCGTCACCGCGGGATTCAGATGCGCCCCCGATACCGCCGCCGACACATAAATCCCGAACGTCACCGCCAGACCCCACACCGCCGCCACCTGCCACAAACCCGACATCGCCCCCGTCAGCACCGCCGCATGAACCGCCCCCAAACCAAACAACACCAGCACAAACGTGCCCAGCACCTCCCCCAACAACGCCGCGCGATAGTCCGGTTGACCGTCAGCCATGACCGAAAGCTACCAGATCAGCAACCACAAAAAACGATGCCCCCGGATCACCGGAGGCATCGCTCAAAAATCCAACCGTCAGCAAGGACTCAATCCTTGTCCAGATCCACCGGGTCCAACCAGGGCATCATCGCGCGAAGCTCCTTACCGACCTTCTCCACGCCATGCCCCTTGTTCTCCTCACGCTGCTTCTTGAACCACGGGAAGCCCTTGGCGTAGTCGTCTCGGAACGCCTTGGCAAAACCGCCATCCTGAATGTGCTTGAGCGCCGCAGCCATACGCTGCTTCGTCGCGTCATCGCAGATCTTCGGACCGGTGTAATAATCACCGAACTCCGCCGTGTTCGAAATCGAGTAACGCATGTAGTCCAGACCACCACGCTTGATCAGATTAATGATCAGCTCCAGCTCGTGGCAGACCTCAAAGTACGCCAGCTCAGGCGGATAACCCGCCTCGGTCAGCACCTCGAAACCCTTCTTGATCGACTCGCTCAGACCGCCGCACAACACCACCTGCTCGCCGAACAGGTCCGTCTCGCACTCGTCCTTGAAACTCGTCACCAGAATGCCGCCCTTGCCCCCGCCAACGCCGATCGCCCACGCCATCGCCTTCTCACGCGCCGTGCCGCTCGCGTCCTGATGAATCGCCATCAGGCAAGGCACACCGCCACCCTTCTCAAACTCCCAACGCACCGTGTGACCCGGACCCTTCGGCGCCACCATCACCACGTCCACGTCCGCAGGCGGAGCGATCGTCTTGAAGTGCACGTTGAACCCGTGCGTGAACCCGAGCGTCATCCCCGCCGTCAGATTCGGCGCAATCGACTGCTCGTAAACATCAGGCTGAACCTCGTCAGGCAGCGTCAGAATCACCATGTCCGCCGCCTTCACCGCCTCGTCAACCGCCATCGGCTCGAAACCATGCTCCGACGCCAGCTTGCCGTTCGCCGAGTCCTTCCGGTTCGCCACAATCACCTTCACGCCCGAGTCACGAAGGTTCTGCGCGTGCGCGTGACCCTGCGAGCCGTAGCCCAGCACCGCCACCGTCTTGCCCGAAAGCCCGTCCAGCGAGCCATCTTTGTCGTAAAGCGTCTCGATCGCCATCGCGATCTCCCTTGCACTTAAAAGGTCCATGATCCGCCGGCAGCACCCGCGCCGCCGACTCAGCCGAGCCACATAAGCTATCCCCCCCACAAACACCGGTCAAAAACCACCGATCCCTCCCCCCATCTCGCCCCGCGAAACCTCACCCAACGACACCGCCACCCCGCCTGCCCTAATCTCTACCCCAACGCCAACCACCGGACCGCCGACACGCTCCACCTCCACGGAGTTCAACCCATGCCCGCACCAACACAACGATTCACCCTGGGCGGACAACGCATCCCTCGCGGCACCACCCGCGACATCCGACTCAAAGTCAGCGAACGCTACACAGGCGACGCCATCACACTCCCCATCCGCGTCATCCGTGGACGAAAACCCGGCCCCACCCTCTTCGTCTCCGCCGCCGTCCATGGCGAAGAGCTCAACGGCGTAGGCGTCATCCACCAGCTCATGTTCGACACCCCCCTCCCCCTCAACGCCGGAACCCTCATCCTCATCCCCGTCGTCAACATCTTCGGCTTCGAAAACCAGAGCCGCTACATGCCCGACCGACGCGACCTCAACCGAAGCTTCCCCGGAAAACCCAACGGCAGCCTCGCCAGCCGGATCGCTC
NZ_CP036280.1_gap54	2420025	2424012	3987	CAACATCCAGTTGCCTCCGTCCGCCGCCCAGATCCGGGTGATCTCGGGCACCGGCACGTAACGCGCCGTCTCCCAATCCCAGAACGACGCCGTGCTGCCGCCGGGATAACGCATCGACGTAATCCCCAGTCCACGAACCAACGACCGGAACGCCTCGTTCGCCGGAAGGTTCTCAACCGTGCAAACCGTGTTGTTCGCCGCGAACACACCCGGATTCATCGGGGCCCCCTCACCCACCAACACCCGCGTCTCCGACGACGACCGATGAACGCAAGCCGGAACCAGCAAGACCAACAACACGAGCAGCAACGAAGCCTGACGGTGACGCATGAGCTAGATCCTTGATCGGATGATTCACAAGAACTGATACAGACAGACAATCTGCCATAAGTCAATAGCATACCTCCAACAGCTCATGGCCACCACCGTCACCACCCGCCTAAACCGATACTTTCTTTCACCCCCACCCCCGGATTCCGGGCCTCGCGCGCACAAGAACGGTCTTTGTGCGCACGTCGTGACCAAAAACAGGCCCGTTTTGGACCAAAACGCTCCAAATCGAACGAAAACGAACCCAAAACGCTCGAAAACGACCCGAAACGAACCCGAAAAAATGTAAATTATTGCAAAGTCGTCAGACTGTGCGCGACCCACCCCGCTCATCAAGGCCAACCGATCAGCCACGACACCACCGGCAGGATCGCCCACGCCAGGTAAACCCACTGGATCGCCACCATCAGCCCGTACCACAGCACCAGCAGAATCAACCCCGTGATACGACCCGCCGCCGCCTCAGTCTCATCACACAAATACCTGTATACACCGGCGATATAAAACCACAGGTAAGCCGACGCCATCACCGCCGACACCAGCAGCCAGAACGACGCCAGCCACGCCAGCACCGCAAGCACGACCCAACCCGGCCCCAGCAGCCAGGCAAACCAAGGCGTCAACAACATCATCGCGATCAGCACCGCCCCCAGCGTCGACCAGTAAAACCACCAGTGCAGCACCGACGCGTTCATCACCGGAACCGCAACCCCAGTCACAGAAGCATCTTGCATCAGATTCAGGTTGTAGTCCGCCCCGCACTCCGGGCAGTTGCCCCGCAGAGCCAACCCGCGCAGCAGATACCCGCACTGACGACACGCCGGAATCGAACCTTCCTCTGACATAAGCCCGTTATGCTACCGCCATGCGCGACAAGCTCAAGATCCTTTTCCTCTGCACCGGCAACTCCTGCCGCTCCCAGATGGCCGAGGGGTGGACCCGCCACCTACAAGGCGACACCCTCGAAGCCTACTCCGCAGGCGTGGTCGCCAAGGGCCTTAACCCCAATGCCATCAAGGTGATGCAGGAAGCGGGCGTCGACATCACCAGCCAGCAGTCGCAGACCATGCAGCAGATCATCGACCTCGGCATCGAGCCGGACATCGTCGTCACCGTCTGCCAGCACGCCCACGAGAACTGCCCCGTCTTCCCCGCCAAAGCACGCATCGTCCACCACGGCTTCGACGACCCGCCCCTCCTCGCGGAGAACGAGCCGGACCCCGAAATCGCGCTCGGCCACTACCGACGGGTACGCGACGAGATCAAGGCCTTCGCCCAGGGCCTGCCCGACAACCTCGGAACATAAACCTCTCCCCAACAAATCCTTCCGGCGAATTGATCCGGCCCAAAACCGGCCCATAAAAAAGGGGCCCCACACGTGCGGAGAGGCGCACAGCAGGGCCCTGGGTGGTGGGGCTGATTGTGTGAATAGAGTAAATCACAAAGCCGTGAAACGTCCAGACCCTACCCCCCAGTTTTAGGGGTTTTTCCTGTTTTTTGGGGGATCCCCCCTATCTCTCCATCGTGCTAACTATCCAATTTGCAATGATTAACGCGTAATAAGACGTTTTTGATCCCGAAAGCCTCCCCGGCACGTCTCCCCGACCGGAGGAAACCACGTACAGCGCGATTCGTTCATGGAACCTCGTCGGTTGCGCGAAGAATCACTCCTCGCCCGGCTCATCAAAAAACCCCGACGTCGCGCGACGCCGGGGCCGGTGACGAGATTCAGTTTCAAACCATCAACGCAGCCGGCGGACCATCGCCAGGCCGAGCAGACCGGTCAGGGCAGCGCTGGCCGGCTCCGGCACGATGGTGATGCGGGCGATCAGGTCGTCCGCCGCAAAACCTTGACTCACCTGGTAGATGGGGTTCGACGTCCCGACGAGTGAGGTCACGTAAGCGCCCGCGAGGGCGTCATCAAAGAAGGGCGTGACCGGTACGTCGGTGACGCCGCCGGCGCCGCCGTCCTGGCCGGCGACGAAGGCGGGTCCGTCCGCCGCGTCATTGGCCTCGGTCCCCGCGTCCAGCACCGATCGGCCGTAGATCAGGATCTCAACCGGGCCCTGGAAGTTGCCCGCCGCGTCAAACAGCTCGATCGCGAAGGGATCATCGTTGCCGACGAACAGGTCGTTGCTGGGGATCAGCATGGAGGCGTAGCTGAAGTAGCGATTGACCGTGGCGTCGCCGACGCTCAGGGTCAGGGAGTCGGTGTCGCCCGGCGTAAAGACGGGCGGCGCGGTGGAGGGGCTGGCGACGACGCCATCGACGCCCCCGGCGAGTCCCGCGGCGCTGGCGCCGAAAGCGGCCGAGATCGGGTCGGTCATGCCGAGTTCGGCCAGTTCCTCGGTGCCGGCGAAGCCGGCGAGGGTCGAGCCGGCGTCGTAGCTGTCGAACCCGCCGTCGTGGGCCGCGACCCAGAAGGGCGTGAACGAGAAACCGCCCGTCGGCTGGAGATTCTCGACGGTTACCGTGATGTCCTGCCCTTGGGCGGCGGCACCGCTGAGACCCAGAACCGCACCCACCATCATCATTCCTGTCTTACGAAGCATCTTGACTCCTCCTTAGGGGAGATCGCGCGGGATAACTTGCGAGTGTGCCCGCCGCGCACGGACACCTCGTGACGTTTCCGTAGGTTTGAACTTTCCGTCTTCCCGAGCGGCTCACGCGAGCCGCGATTGTTCAGCGATCTCTATCGGTGGGCGCATCGCAGCCGAGGACGCGGAAGATCGCGTCGGCGACTCGGTCGCAGTAGTGCAGCGCAGGCCCCTGGAGTTTTTCCTCGTTGATCCTTCGCGGGACGTTGAGCATCAGGCCGGTGACCATGGTGACCGCGAGGTCGAGGTCCATGCCCTCGCAATTGCCCTCGGTCATGCCGTCGGCAAGCAGCCGGCGGAGGAGCCGACCCTGTACGTAATAAATGTCGCCCAGTCGCTCGGCGTAAGCACGCGGCATGAGCAGGACATAGGTGAAGGCGTCAACGTTGCCGTCGTAGTAGTTGTACGTGAGTTCGACCCAGCGGCGCAGCCGTTGGCGGAAGGGCTGATCGGCGTCGACGAGTTCCTGTTTCTCGCGGATCATCTCCAGGACGATGGTCTTGTAGATCTCCTCCCAGAGCGCGGATTTGTTCTGGAAGTGGCGGTAGAGGGTGGCCTCGGTGACGCCTGCCTCGCGGGTGATGGAGCGGACGGAGGCCTTATCCATGCCGCCATCGCGTGCGAGCCGGAGGGCGGCCTCGGTGAGCGCGTGCCGGGTTCCGAGCTCATGAACGTCGCCAGTCTCATGTAAACGATCGTTGACCATGCTGTGTCAACGCGCGTTGACTTGAGATCATTCCAGATATGCCGATTTACTTTCCGTTTTCACACAACGCTTACAGAAGGCGTGTCACTGCACAATGAACATCGCTCATCCGTAGTATGATGCTGAATCCCCTTGATACTGAGCCGGAATACGCCCGGAGGGACTCGAACCCCCAACCCTCGGTTCCGAAGACCGATGCTCTATCCAATTGAGCTACGGACGCGTGACAGGGCATCGTAACCCAGAGGGTGGTCGGACGCCACGACGGGGATCGGGGTTCGGTGTCGTGTCCGGATAATGGTCTCCTTTCAAGGCACCGCACCCGTCGCAGCCGGAATTTTCGCTACGGGCGGC
NZ_CP036280.1_gap55	2482761	2483646	885	CGAAAGCCCCCTGCTGCATGGCAGCGACGGCGTCGCTGACCGTGCCGTAAGCGGTCATCAGGACCACGGGCAGGCTCGGATCAACGGCGCGGAGTTCGGTGAGCAGCGACAGCCCGTCCATCTCGGGCATGCGCAGGTCGGTGATGACGGCGGCGGGCCGGTGCTTGCCGGCCTGCTTGAGCGCGGCCTTGCCGTCGGAGGCGGTGACCACGGCGAAGCCCGCGCGCTGCAGTGTTGCTGCGACGCTGTCGCGCATGATCTGCTTGTCGTCGACGACGAGGATCTTCGAGCTCATGCGGCTTTGGCTCCGAGTCCCTGGGCGGCCTGATTCGGCCGCGGAATCGTGCAGGTAAAGACGGCCCCGTTGTCGTTGTGGACGGTGATGGACCCGCCGTGGGCGTCAACGATGCGGTGGACGATGGCCAGCCCCAGCCCGGTGCCGGTGTGACGCGTGGTGAAGAAGGGATTGAAGATGCGGTCGACCAGCTCGCGGTCGATGCCCGGGCCGGTGTCGCGGATGGTCAGCCGGTCGTCGCCGCCGACGGTGCGCGCCTTGAGGATGAGCCTGCGTTCGCCTTCCTGCCTGCTCATGGCCTCGGTGGCGTTGCGGACGAGGTTGAGGATCGCCTGGTGCAGGAGCCCGATGTCGGCGTGAACCATGCCGTCGCAGGGCGCAGCGCAGTCGAGTTCGACGCGGACGCCGGCCGAGGCGATCTCCGGGCGGTGGGCCGAGACGGCCTGCTCGAAGAGCGCCTGGACGTCGAGCCAGTCCTTGCGCGGCTGGATATCGCGTGAGAACTGCAGGACGTCGTTGACGATGCCGTCGAGTGAGCGGACGGCGTCGGCGATGTGCGTGAGGTGCGTCTGAGCGTTCTCGACGTTGTC
NZ_CP036280.1_gap56	2572791	2577173	4382	AGATCGCGTCAGCGTCGAGCGGTTGGGCGGGGTTGCAGGACCTATGATTAGGTCATGACAGAGCGTAACCCTCATCTTGGCGACGAACTGGGCATCGAGGCGGTGATTGCGGGCGAGCGGCGGCTGTCGCGTGCCGATGCGATGCGGCTGTACCACGAGGCGGAGTTGACGGAGTTGGGGCGGTGGGCGTCTGCGGTGTGTGACCGGATTCACGGTCCGATGCGGGCGGAGGATGGTTCGCGTGGTGTTCGGACGTACGTGATCGACCGGAACATCAATTACACGAACGTCTGTTCGGCCCACTGCACGTTCTGTGCGTTTCGTCGGGATGAGGGGGAGGATGACAGCTACACGCTGACGACGGAGCAGCTGCACGAGAAGGTGCGGGAGCTGGTGGAGATCGGCGGCACGCAGGTGTTGCTTCAGGGTGGGATGCACCCGGGTCTGGAGCTGGGTTTTTATGAGGATCTGCTGCGCGGGTTGAAGCGGGCGTTCCCGCAGGTGCACATTCACGGCTTTTCGCCGCCTGAGTTCGTGGAGTTCGTGGCGGTGCTGGAGCTGGAGGGTTTCCCGACGACGGAGCCGAAGCGGAGTCACGAGCTGCCTGCGGGCGTGTGGTCGGCGAAGCTCGAGGCGGTGATGCGTCGGCTGATGGACGCGGGTCTGGACTCGATCCCGGGCGGCGGGGGCGAGATCTTTGCGGAGCATGTTCGTCGGCGGATCGGGTTGGGGAAGGCGACGGCGGATCAGTGGCTGGACGTGATGTCGATGGCGCATCGTCTGGGGATGAAGACGTCGGCGACGATGATGTTCGGTCACATCGAGGGGGTGGCGGACCGGATTGATCACATGGCGCGGGTGCGTGAGCGTCAGGACCTGGCGATCGAGAACGACTGGCCGGGCCGGTATGTGAGTTTTATTGCGTGGCCTTTCCAGCGTGAGAACACGCCTTTGGGCCGCCTGCCTGACTTTGATCGTGAATCGGGCGAGGCGTTCGCGGGGGACGTGCTGGCGGACCTGGTGGCGTCGGGCTCGCTGGACGGCGGCGACAAGCGGGCGTGTGATGCGGCGGTGCCGGGCGCGGGGAAGGTGGTTCGGCAGTCGGGTGCGAGTGATTACCTGCGGACGCAGGCGATTGCGCGGCTGTTTCTGGACAACGTGCACTCGATCGGTTCGTCGTGGGTGACGATGGGGCCGAAGATCGGTCAGATCGCGTTGTTCTACGGGGCGAACGATCTGGGTTCGGTGATGATGGAGGAGAACGTGGTGTCGGCGGCGGGGACGACGTACTGCCTGACGGAGCCTTACCTGTGCCACCTGATCCGTGAGGCGGGTTTCGTGCCGGCGCAGCGGGACAATTACTACAACCTGCTGAGGGTTCACGGGGGCGGGGATGGTGATGCACCGGACCTGCGTGTGACGGACTGGTCGACGCAGCGTGAGAAGAAGCTGCACGTGGAGGGCGTGGGTTCGCCTCGGAAGGCGAGTGCGGAGACGGCGGTGCGTCTGACGATCGGCGAGGGTTAAGCTGGGGTAGCTGTCGGCGGTCTTCGGGAAAAGTCTTGGTCCGGGGTGGGTGATCGTCTAATCTGGTTCGGGAAGATTTTTAATCAACAGGAGCGAAGTGATGCGGAGTGCGCGTTGGTTGTGTTCGGCAGTGGCGGGTGTGGTTTTGTCGTCGTCGGCCTGGGCGGGTGTGGCGGTGGCGCCTGCGGGCTCGGTGATGGTGTTCCTGCAGCGAACCGGGGAGGCGGAGCCTTACTCGGCTGAGATTGATGTTGAGGTGGAGGGGGCCTTGGGTGCGACGGTCATCCTGCCGGACGGGAGCACGATCCCGCTGGACGAGGAGGATGGTCCGGGTCGTTACTACGCGGAGACGACGGCGCCTTCGCTGGCGGATCTGCTGGAGGGTACCGGCGTCACGGGCACGAGCACGTGGCAGGTTCAGGTGGCGTTTGCGTTCAATGTGACGAGCACGTACAGCTTCGATGCGTTGTTTGAGGAGACGTTTACGGAGGCGGACCTGCCGCAGCGTGCGACGATCACGTCGCCTGTGAACGGTTCGTCGTTTGGGTCGGAGCCGACGCAGGTGGACTGGGTGGAGCCGCCTGATGCTGCGTTGGCGGACGTGACGATCGTGAGTGTCTACAACGACGTGGTGTGGGACACGATTTTTGAGCGGAGTACGCTTGCGGGCGATTTGAATCTGGACCCGCTGTCGGCGAATGAGTCGCTGGCGTTGACGCCTGGGCCGTCGTTGGGCGAGTACGAGCTTGATATCGAGTATGCGCGGATCGCGGATCCCGTGGACTACGGGGTGTCGTCGCTGAGCTACGTGTCGGGCCCGCTGATCGAGTGGGGCCTGCCTGATTTTCTTGAGGGTCTGCCTTACCCGGACAACACGCCTTTTGTGGCGTCGATCGCGAACACGGAGAGTCGTTACGTGGTGGTGGACGTGGACGGGGATTTCAATGATGACGGCGTTGTCGACGCGGTGGACGCGGACATTCTGTATCAGAACATCGGGTTGAGTTTCAGCCCGGAGCTGGACTTGAGTCTGAACGGTGTGGTGGACGCGGCGGACTTTGAGCTGTGGCTGGCGTTGTATGGGAGTGCGGGTGGCGATTTCAACTACGACCGCCGTGTTGACCTGCTGGACCTGTCGATTCTGGCGAGCAATTTCGGTTTCGCATCGTTCAACGCGTTTGGCGGGGACGCGAACGCGGATGGTGTGACGGACCTGCTGGACCTTTCGATCCTGGCGAGCAACTTCGGTTTTGTGGGGGTGGTGCCTGAGCCTGGGATGTTGTGGCTGCTGGGTGCGGGTTTGGCGGGGAGGCGTTTCAGGGTCTGATCTGGACGGTGGAGTCGCCTGAGGAGAGCATGAAGTAGAGGAGTTTGATGTCTTCGTCGCGGAGGCGGACGCAACCCATGGAGGCCTGGGCACCGATGGAGTCGGGGTCGATGGTTCCGTGGATGCCGTAGCCGCGTTGCCCGGCGGTGGCGGCGTCGGTGCCTTCGAGGGCGATCCAGTATTCGCCGATGGGGTTGTCGGGGTCGTCGCGTTGGTAGTACTGTCCGGTTCGGGGGTTGCGCCAGTCGGGGTTGGCGACTTTTCGTCCGGGTTCGACGAGCCACATGCCGTCGGGGGTGGAGTTGTTTTCGCCTAGGCCGACGGGGAAGGCGATGATGTGGACGGGTTTGCCCTGGGGGTCTTTGGCGAAGACGTCCATCATGTACTGGTTGCGTAGGACGCGGGCGTGGAGGGGGCCGCGGAGGACCTTGAGGTATTGCCCGGCGCGGATTCGGTTGGGGTCGACGCCGTTGATGTCCTGGATGAACTGGTAGGGGATGTTGAATTTGGGTCCGACGCGTGAGAGGTAGTCGCCTGGCTGGATGCGGTAGCGTTCGGCGACCTCGTCGCCTGGGAGGACCTGATCGGAGAAGACGAGGGTGGCGTTGACGTCGGCGAGTTGTCCGCGGAGTGCGTCGGCGAGGAGTTTGGGGGGGACGTCGTCGGCGTAGAGGGTGCTGCTGAGGAGTCGTCGAGCTTCGACGAGGTCGCCGTTCTGGATGAGGTTGGCGGCCTGGGCGACGGCGGGGTGCTGTTGGGGGTCGACACGTGACCATGCGTTGTCGTCGTCGTTGATGACGGCGGGTGGCGGGTCGTGGGTGACGACGTTGTCGATGACGGGGTCGTCGGGCTGGTTATCGACCGCGGGAGGTGTGTTATCGGGCTGTGTCGCGGGGGTGTTGCCGTTGAAGGTGATGGTGGGCGTGTTGTTTTCGGGTTGGGCGGGTGTGTTTTCGGCGGTGATTTCGTCGCCCTCAGCGGCGTCGGGGGTGCCGGCGCCGGTGAAGGCGGTGATGGCGTAGATGAGTCCGACGGCGAGGACGAGGAGGATGAGGAGTGCGAACCATGGCCTGCGTCCGCGGCGTCGTGTGCCTGAGACGCGGTAGAGCCGGTCCATGCCGGGTCGCGGTGCTTGTGAGCTGAGGACCATGGTTTACCTCCGTGTGGTGACCGTCATCCGTTGGCCTGCGGATGTACGGGGTTCAACGCTCCCCTTCCCCATGATTCGGCGAAGTGACGCCTCCTGCGCCACCCGTAGACAGGGTATCAGGCTGTGGGCCGGGAGGATCGGGTTCGGGGTCGGCTGTTGGCGGCTGATCGGGGAGGGATCGGGAGGCGATCCATTCGAGGAAGCGGGTGATGCGTTGTTCGTGTCCGCGGTTGGTGGGGGTGTAATAGGTTTTATCGACGCCGAGGTATTGCTGGGCGACGTGACCGTCGGGGTCGTCGTGGGCGTACTGGTAGCCGACGCTTCTGCCGAGCTTTTTGGCGCCGGCGTAGTGTCCGTCGCGGAGGTGTTTGGGGACGG
NZ_CP036280.1_gap57	2628750	2632883	4133	GCCCCCTTCAGACCGCTTATTGGCGTGCCAGTCGCTGTGCGTCGGCCTCGGTGGGGAGCCGACGGAGCACCCCCGCCGCCGCCGAGAGCCGGACCAGCGGGTCCTCGTCCAGCAGCGTGTCGCTGAGGAGCACGAGGGTGGTGGGGTCGTTGCTGTCGCCGAGCGTGTAGGCGGCCTGGGCACGGACGCCGGTGTAGGCCGACCCGAGCGCACGGATGACGATGGGCAGGCCGTCCTCGATGCCCATGAGGATCAGAGACCGGGCCGCGGCGAGTTGCAGTTCTGCGGGCGGGTTCTCGAGCAGCGACGCGAGCATCGGGATCATCCGCCGGTCGTCGAGCGGGCCGAGCATGCTGACGGCGAGCACGCGGATCTCGTCGCTCTGGGAGTAGACCGCGGCGCGGATGGGCGACATGATCTCGTTGTCCTTCGCCGACGAGACCACGCGGTCGCGATCGGTCAGCTTGACCTCCGCCTCGGCCAGCTGCACGCGGACGATCTCGCGTCGGATGGCGGTGACGTGACGCCCGAAGGGCTGACGGGCAGCCTCCTGCAGCAGCGCGATGGCGCTGGGGTCGCCCATCTCGCCGAGGATCATGGCGGCGTTGCCGCGCACCGACGGGTCGGTCGAGAGCACGTAGCGCGCCAGCGGCGAGACATCGATCTTCAGGCCGTTCTGCGTCGCCGCGTAGATCGCCGCGGCCCTTACCGAGTGATCCGTGTCTACGCCCATGTCGACGGCCGCCTGGGCGTGCTGCTCGAGCCGCAGTTCGCCCACGGTCATGAGTGCTGCAAAGCGCACGGGGGCCACCTCGTCGAGCATCAGTGGGCCGACCAGTTCGCTGGCCAGGCCGGGCACCGGCTGGGACGCCTCGATGGCGTTCATGCGCAGTGTCGCGTCGCCCGACGCCGCCGCGGCGCGCACGATCCCGATCGACTTCTCACGCAGCGCGACCAGTTCCTCGGCGGCCATACCCCGTTGGCCCATCACCACCCCGGGCAAGGCCATCAGTCCGATCAGCGACAGAATCACCACACGCCGAGTCACGCTTGTCGTTCTCATTCGCATGTTCATTCCTGCATCTTATCCGGATCGCTCGAGTTTCCCGCCTTCCGGCTCATCGGCCGATTGAGCAGGCCCGAGCCAAACAGAGCCAGCAGTACGCAGACGATGACCAGCGGGTTCTCGCCCACATAGCTGTAGAGCGTCCGCTCGTACTCGCCTGACCGCCACCACCGTGTCGCTGAGCCCGCAAAGCCCTTGTGCCTGCCGTCGGCCTCGACCAGTTCGAGGATGCGCCCGTCCGCCGCGATGAATGCGCTGATGCCGGTGTTGGCCGCCTTGGCCATCGGGACGTTGTTCTCGACGCAGCGGAACGCCGACATCTGCAGCCGCTGATAGCCCTGGCCCGGGATCGCGAACCACCCGTCGTTGGTCATATTGACCAGCCCGAACAGATGGGCGTTTTCAGACTCGCGTGCCGTGTTGACCATCTCGCGCACCAGCCGTGCCACGGTGTCCTCGAAGCAGATCGGGGTGACCAGACGCAGCCATACCGGGCCGTTCTCGTCGATGTCGAAGACCACCACGTCGTCGCCGGGCTGGATGGTGTAGTCGACGTCATAAGGCGTCAGGTACTTCACGACCATGTTCTTGAGCCAGGGGATGTAGTCGACGATGGGCAGGTACTCGCCGAAGGGCACGCGGTGCATCTTGTCGTAGCGTTTGCTCTGCTGCCGTCCGTCGGGGCCGTAGTGGAAGACCGAATTCCGGGGGCCGTCGGGCAGCCAGCCCACACGGCCGTCCTCGAGCTCGACCTCGACCCATCGCTCGTAGGCCGGCGCTCCGACGATGAGATGGACGCCATGCACCGCCGCGAGATCACGGATCTGACCCTCGATCTGGCCGAAGGAGGTGAAGCCCTTCTCGTCGGCCCAGGCGAGCGTCTGGGGATCGATCCCGACCGGCGCCACCGACTCGGGCCAGATGATCACGTGCTCGTGGGTCCGATCCGGGTCGAGGGAGGTCGATGCCTCGATCGCACGCTCGGTCTCGATCAGCAGTTCGTGCCAGTAGCGGATCCGGTCTTCGAGTGAGGGCGACTGGCGGTTGTCCTGCGGCTCGTTCGTCTGAACCACGGAGACGACGACGCCGGGCGAGTCGGTTGGGTCACGGGTTTCGCCCGCGAACGGTGGGGTTCCCGCGGCGACCCAGACGACGAGACCGACCACCGTCACACCGGCCAGCCGCCCGAGGAAGCGCTTGCGGAAAGGCGGGCGTTCCTCGTCGGGCTTGGGTGTGCGGAACGAGTGGATCATGACGTCGGCGATGAAGCCGTTGATCACGGCCACGACGCCCGTGACGGTCAGTTCGCCGAACAGCGATGCGGTCTGGATCAGGCTCGCCGAGTGCTCCGGCAGCCAGGGTCCCTGGCTGTGGCCGAGCAGGAACCACGCGAAGCCGCCGAAGGGCATGCGCGTCCGCAGGAGCTCCACCAGTACCCAGACCACGGGGACGGCGACCGTGAGAGACAGGCGGCCGTGAAGCGTCAGTCGGCGGATCAGCACCCACCCGAGCGTCGTGAAGAGACTCAGGATCAGGGATGCCGCCATCGTCCCGCCCAGCGTCACGGGCACCAGCCACCAGAGCATCACGACCCACCAAACCCAGAAGACCGGCACCGAGACCCACACCAGACGCCAGAGCGACTCGGCGTGCCGCGCCAGCAGCGCCCCGGGGACGAGGGCGACGTAGGCGAGCCACCACCAGCCCGTCGACGGGTAGATCACCCCCAGCAGCACCGCCGAGAGCAGCAGCGCCACCACGTGCCCCAGCAACTTCGGCGGACCGAGCACCACAGGCGGTTTCACGACTTTACGCATCCCCGGAGCATACCCCCATCAAAGAACCCACGGACCATCCTGGTCCGTGGGCCGTATTCCATCGACGTCCTTGTCGAGAGATAACTCTGATTACATCGCCCGCGGGTGCGCCTCTTCGTAGGCCGTGCGCATCCGGTTCGTCGACAGGTGGGTGTAGACCTGCGTCGTCGAGAGCGACTGGTGGCCCAGCAGTTCCTGGACGCTGCGCAGGTCCGCGCCGTTGTCGAGCAGGTGGGTGGCGAAGCTGTGCCGCAGGGTGTGGGGGCTGATCGACGGGTCGAGGCCGACCTCGATGAGGTATTTATCGAGCTTGCGGCGGACCGACCGGCTCGAGAGCCGCCCGCCGTTCTTGTTCACGAACAGGGGCACCGCCGGGTTCACCAGCGACTCCTGGCGGATCCGCGTGAACCGGGGGTCCGGCTCGAGGAGGGTCAGGTAGTGACGGATCGCGGCCAGGGCGTGCGAGCCGAGGGGCACGATGCGTTCCTTCTTGCCCTTGCCGCGGACCAGGAGCGTCTGGCTGTCGAGGTCGAGGTCATTGCGGTTGAGGTCGACCAGTTCGGAGACGCGCACGCCTGTCGAGTAGAGCGTCTCGAGGATCGCGCGGTCGCGAGCGCCGAGCGTCTCGCGGTTGTCCGGGGCCGAGAGCAGCTTCTCGACCTGCTCGACCGTAATCGCCTTGGGCAGGCGCTTGGTCTGCTTGGGCGTGCGGATGAGCAGCATCGGGTTGGACTCGACAAGGCTGACCTTCAGCATCCACTTGTAGAAGCTGCGGAGCGTCGCGATCTTCCGTGCCATCGTCGCGGAGCTGTACCCGAAGGTGTCGAGCTTCGCGAGGAAGTCACGGACGAGAACCGGGTCGGCGGTGCGCAGCCTGCCCTCGAGGTAGTTCTCGATGCCGGTGGAGGCCTCCTCGGGCGCCCCCTCCTCGAGGTACTCGACGAACTGACGCAGGTCGGCCCCGTAGCAACGTGCCGTGTAAGGACTGAAATGACGCTCGTGGCGCAGGTAATTCGCGAAGCGTTCTAACAGGGGCAGCGTTCCGGGCATCTTCAGATTCCTTATTGATATGAGGCACGTTCGCCTCGGGATCAGGGCTTCCGCTTGTCTTCGAGCCGGCGGCGCATCCGCAGCCCCATGTGGTGGGACAGCACGGCGGCGTCGAACCAGTCCAGGTTGTTCTTGGGGTCGTCCACCATCAGCGCGAGCTGATTGAGCAGCGCCGACTCTTCCCCCGGACCGCAACGGAA
NZ_CP036280.1_gap58	2636532	2641345	4813	GCGGTCCTCGGGCTGACCCTCTTCTCGATGGGCACCGCCTCCGCGGCGTTGTTCTACCTCACCTCGCAAGTCGCCCAGCGACGATCCTTCATCCAGACCGTCGCGCTGGTCCCCGTGCTCATGGCCGTGGGCATCGGCATCTCGCTCTACAACGCGCTCGGCGTGATCGAGGCGCTCATCGGTCGCCCGTCACCCTTCGTCCGCACCCAGAAGCACGGCAACCAGTCCCACGAACAACGCATCCCCTGGCCAAGCGCTCTCCGCGGCCTGCGGCTGAGCGATCTGCCCGGCTTCTTCCCGATCATGAACCTGCTCGAACTGTCCATGGGCCTGTACATGATCGCCTGTATCGCCTACATCATCCGCCACCCCGAGAATCTGATGGGATTGCCCTTTGTGCTGCTTTTTGCAGCCGGTTACCTGTACGTCGCGCTATCGGGTTTGCGGCTCAACGCTCGCGCGATCCTTGAAGCCGCCGCGGGTCGCGCACAGGCGGCCACAGAACCCTCCCCCGTCGAGGCGATCGACACACGTTAAAGCCGCTTGGGGTCGCGTTCGGCGTCGGTCAGGTAGCACTGCGGATCCATGCCCATGAAGTCGCCGGTGGCCACCTCGGCACGGGTGCGTAGGTTCCCGTTGCAGACGCCCACGAAGCGACACGCCCTGCAGCGTTCGGGCAGTCCGGCGGGTCGCTTACGAAGTTGACGCAGGCGTTTGCTGGCCGGATCGCCCCAGACCTCGCCGAACGTCTGCTGGCGGATGTTGCCGCAGGGGTGATGCCAGGAGAACTGATCGATGAAGACGTCGCCGGTCGGGCCGATCGATGCGATGTGCGCGCCGCTCTGGTTCCCGCCGTTGCGTCGCAGGCGCTCCCACGCCTCCTCGGCGCGGTCCGGGTCCTCGCGTTCGAGCTGCATGAGCGCGTAGGCCTGATCGCAGTGATTGCCCACCGTCAGCACCTCGATGTCGATGCCGGCGTCGGTCGCGCGACGCGTCCAGTCGAACACGCGGTCCACGACGGCGCGCGTCTGATCGGGCGTGAGGTCGCACTCGCGCAGCTGCTTGCCACGGCCCGCGTAGGCCAGGTGGTAGACGCAGATGCGGTTGATGTTCCGTTCGACGCACAGGTCGAGCAGCGGCTCCATCTCACGCTCGTTCAGCGCGTGCACGGTGAAGCGTGCGCCCGTCTTGAGACCCGCATCCTGGCAGCGTCCGATCGCGGCGAGCGCCTTGTCGAACGAGCCGATCTTCCCGCGGAGCCGGTCGTGGGTCTCGTGCAGGCCGTCGAGTGAAATGCCCACGTACTTGAGGCCCGCGCGCTTGAGCCGCTGGGCCACGTAGTCATCGATCAGCAGCCCGTTGGTCGAGAGCGTGCAGCTGATACCCAGCGCCACCGCGTGGTCGACCAGAGCCAGCAGGTCGGGACGCACCAGCGGCTCGCCGCCCGAGAGCAGCAGCGCCGGCACGCCGTAGGCACGCAGGTTCTCGATCAGCGCGAAGCCCTCGAGCGTCGACAGCTCGTTGGGCAGCGGCTTGAGGCCGGCCGCCGCGTAGCAGTGCTTGCACTTGAGGTTGCAGGCGCCCGTGACGGCCCAGGCGACCACCGGCTTGGGCGCCGTCGGGTACGGGTCCTTCAACTCGGGCTTGAGCAGGCCGTCGCGGTCGTCCACCGCCTCGACGTGCTTGTGCCCGTAACGCAGCCGCTCGTTGCCGCTGGTCTTGCCACAGAGAATATTCGTCACACTGAACATGAAACTACTCCTGAAGTCCCGGCGTCACCGCGAGCGGCGGGCGATAACCGCAGTCCGGCTCCTCCGCGAGATAGTCGCCCGTGAGCGCAAAGGCCCGGGCACGACTGCCACCACACACACGCCGAAAATCACATACGCCACACTTGCCACCCAGACGATCCGGGTCCTGCAACGCCCCGAAGACCTCGTCCTCGTGATAGACCCGCACGACCGAGTCTGCGGGGAAACGCCCGCGCGTCAGCGGGAGAAAGCCCGAGGGCTGGATCTCGCCGACGTGACTGATGAAGACCACGCCGCGGCCGTCGTTGACGCCGAGCGTGTTCTTGCCGCCACGCGGCCCCTCGCCGTCCCGCTGGATCACAAAACGCCGGTAGAACGGCGCCTCGGTCGTCTTGATCATGAACGAACGCATCTTCGACTGCTCGTGCAGACGCTCGAAGACGTCGCGGTACTGCATCGGCTCGATCCGCTCGAGCACCGAGCCCCGGCCCGTCGGCACGAGGAAGAAGACCGACCAGCGCCGGATGCCGAGGTTGTCGAGCATCTCGGCCATCGCGTCGATCTGACCGACGTTGTCACGCGTCACGGTGGTGTTGACCTGCGTCGCGACGCCGAGCGCGTCGGCGTCACGGAGGATGCGGATGGCCCTGTCAAACGTCCCCGGGATCCCACGCAGCCGCCGATGGGTCTCCTCGTCAGCGCCGTCGAGACTCACGGCCAGCGCCGACATCCCGGCCTCGGCCAGCTCGCGCAGCCGATCCCGAGTCACCCGAGGCGTCGCCGACAACGCCACCGCGGGCCGCAGGCCCACGCCCGCCGCGTGGCGCACCAGTTCCGGCAGGTCCGAACGTCGCATCGGGTCGCCACCCGTCAGGATCACCTGAGGCGGCTGCTCGAAACCGGCCAGATCATCCAGCAACGCCAGTGACTGCTCGTGTGACAACTCGTCCTCGCAGGCCAGCGGCTGAGCGCACGCGCGGCAGTGGCGGCACACCAGATCACACGCTCGCGTGACCTCGTAAAACGCCACCACCGGGCTCCGACAGACATCGTGCCGGAAGGCAGCATGTGAAGCAGCTTGCAAGGGGCACATCTCCGATTGAACGGGGATAATCAGACCTACTGTTCTTTTAATATAGGCTGATTCGACCCGTTGGCCAACCCCCTACAGCCCTCAGGCCCGGAAAAACGATAAAAAAAGACGTTGCGGTGCGTTCAGGCCGCGGATCTGCCCCCAAAGCGATTCACTCCGGATGCTCCGTGCCGGGATCGGCCGGCGTATCTGCCTGATCAGCCGCCCCATCGCCCTCAGCCTCATCCCGGTCCGCCGCCTCTTTGGCGTTCTGACGACGCTTGAGACGTCGCTCTGCACGGGTGCGTCCCGCCTCGTCGGGCCAGGCGAAGGCGTCGAGATCCTCTGCAGATGGCGGTTCCGTCGCGGCCATATCCTCATGCATGGCACGATGTTCCGTGCTCGCGGGCCTGAGCATCAGGTCGCGCAGGTCCTCGCCCTGCTCGACCAGAAGCTCGCGCTGTCGCACCAGTTCCAGCACGGCGAGGAACAGCCCCACCTGCTCCATGCGGTCGCGTCGCTCGGCGAAGATTTCCCCCAGCCGGATCCCGCCCGACGCCGCCCGCGTCACGAGGTCACGCATGTCCTCCATGTGCAGCGAGAGCGGTGTCTCGTCCTCGCCCACGTCGTGGATCGCCTGCCCGCCGATCGACTCGAGCACCCGCTCGAACGTCGAGGCCAGGGTCAGGATGTCCGCTTCCTCGAGGTCGATCTCGACCGGCTCCGCCTCGGCATCGTCCTTCTTCACGCGTGCCTTGCGTACCGTCACGCCGAAACGCTTCGACCACGCCTCGGCCCGCTCGGCCAGTTCGCCCGCTGCGTCGCGGTACCGCTTGTAGGCCAGCAACTGACGGATCAGGTCGCCACGCGGGTCGTCGTTGTCCGCCTCGACCGAACTCTCCGCCTCGCCCTCCTCGTCCGGGAGGGCCGGCACGATCGTCCGGCTCTTCATCTCGATCAGCGTCGCCGCCACCACCAGAAACTCGCCCGCCCGCTCGACGTCCACGCGGTCGAGGCCCTCGAGCTGCTCGAGGTACTGCTCGGCCAGCCGGGACATCGAGATGTCGTGCAGGTCCACTTCCTGACGCTTGACCAGGTGCAGCAGCAGGTCCAGCGGTCCGTGGAAGGCGTCGAGGTCCACGCGGTAGCCGGCGTTGATGTCGGGTGTCGATCGATTCATCCGCTCAGTCTGCCATCATTCCGCCCCACACTCCAGCACGGCCATGCGCAGCGATACCATAGCCGGCATGCCCAACACGCCCGCACCCGACCCCGCGACCCTCGCCCGCCAGATCCTCGACGCTGAGGCCGCAGCGATTGCCGCCATCCCGCTCGACGACGCCGTTTTCGCCCGCGCGGTCGAGCTCATCGCCGGGCGGTGCCACACCGGCACATCCTCGCCGGGCGGGTCCCTGGTCGTCTCGGGGCTGGGCAAGTCGGGGCTCATCGGGCAGAAGCTCTCCGCCACCTTCGCCTCCACCGGCACGCCCTCGCACTTCCTGCATCCCGCCGAGGCGATGCACGGCGACCTCGGGCGTGTCCGAGCCTCCGATGTCGTGCTCCTGCTCTCCTACTCCGGCAACACCGACGAGGTCGTCGCGCTGGCCGCCATCCTCAAGCAGGACCGCGTGCCCACGATTGCGCTCGTCGGGCCGAGCGGCTCCGACCTCCAGCGGCTCTGCGACCTCACGCTCCGCGTCGGCGACGTCGAGGAAGCCTGCCCCAACCGTCTCGCGCCCACCGCCAGCACCACGGCCACCCTGGCGCTCGGCGACGCGCTCGCCCTCGCCGTCAGCGAGCGACGAGCCTTCTCGCCCGAGGACTTCCACCGCGTTCACCCCGGCGGCGGGCTCGGTCGACAGCTCATGCCCATCACCGAGGCGCTTCGCTTCACCTGCGGCGCCGAGGGGAATCTGCCCGCGTTCCACCAGACCACGACCCTCGGCGAAGCGTTCCGCGTTGCCGCTGAGACCGCCACCCGGGCCGGCGT
NZ_CP036280.1_gap59	2643357	2645957	2600	GTCGCGCCTCAGGCCCAAGCCCGCTATTGTCGCCATGACCTCCGAGGACTCCAAGCTCGGCGACATCCTCCCCTCCGGCTGCGACGCGCTCGTCTCCAAGCCGATCAACGAGGGCGACCTCTACCAGCTCATGGCCACCTTCCTGCCCTCGGTCGAACGCCTGAACGAGACCGACGCACTCTGCTCCACCTTCTGGTCCGACGCGCAGCTGCGCCCCGTCATCGCGGCCTTCGTCGAACGCCTGCCCGAAAGCCTTGGCGTGATCCGCTCGATGCTCGGACACGACGAAGAGACCGATGAACTCATCGCCGAGGTCCAGCGGCTCCGCAACGCCGCGGGCGGCTACGGCTACCCCGACCTCAACGAGGCGCTCAACCGGCTGATCCGGCTGATCCAGACCGAGGGCGGCACCTCCGATCAGGAACTCCGATCGACCTGGCTGGAGATCGAGCAGCGTGTCAAGCTCGCCAGCGACTTCATGCAGGCCCAGACCGAACGAAGCATCGAGGACGACATCCAGGGGGTGGCGGCATGAGTGAGACCGCGCCTAACGACCAGTTCGCCAGAGACCTGGCCAGCCTCAGCGGCAGGCACCCGATCCTCGACCGCAAGGACCAGCTCGTCGCCTACGAGCTCGACGTCAACACCGGTCCCGGGGGCGGACGCCAACGTTTCGAGATCGCGCGACGGCTCCTCGACCACGCCTCGTTCGCCACCGCCAAGACCATCTTCTTCCGCGTCGACCCGTCTGACCTCGCCGCCGGGCACCACCACCTGCTGCCCGCCTCACGCGTCGTGCTCTGCGTCCCTGCCTCGGGCCGCGCGCTCGACAAGTTCATCGATGCCTATGCGCACCTCGCCGCCAAGGGCTACACCCTCGCGCTCGACGGCATCGGCTCCGGTGCCGGCAGCACCGAGAACACCTCCAACACCCTCAGCTACGCCAGTTTCGTCCGGCTCGATCTCAACGCCATTTCCGACGAAGAACGCCTCAACGCTCTCGTCGCCTCCCTGCAGAAGCGCAAGATCCGCATCATCGGCACGGGTGTCGAGGACCCCGTACGCAGGGAGATCGCACAACGCAACGCCATCGACCTCTTCAAGGGCTTCTACTTCCTCAAGCCGCGCATCGTCCCGAGACGACAGGCCTCGCCGCTGACCTTCAGCTACATGGAACTCATCGCGCGGCTCAACGCGAAGAACATCAACTTCAGCGAGCTCGAAGAGACCATCAAGTCCGACATCAGCCTCTCCACCCAGCTGCTGAAGTATCTCAACACGCCCGCGCTGGGCCTCCGAGAAAAGGTCACCTCGCTCCACCAGGCGCTCGTGCTCCTTGGCGAGAACGAGATCCGCAAGTGGGCTTCCTCGCTGATCATCGGCAACCTCGCCAACGCCTGCCCCGACCACCTCAACACCCTCTCGCTCGTCCGCGCCCGCTTCTGCGAGTCCCTCGCCGAGCACCGCGGGCGCACCGACGAACTCCTTGATCACTACCTCGTCGGCCTGCTCTCGCTCCTCGACGTGATCACCCATCAGCCGCTCGACGAGCTCACACTGACGCAGGGCATCAAGCCCGCCGTCCGGCTCGCCCTGCTCGGCAGCCGATCCGACCTCGGGCAGGCCATCGCGCTGACACGGGCCTGCGAGCGTGGCGACGCCGTCGCCGCCTCCGCCTTCGCCGGCCGTCTCGGGATCGATCACGCCCACGCGCTCGCGCTCTACAACCAGGCCCTCGTCTGGGGCGAGCAGCTTCACCACGGCACGCGCAACGCCACCAAAGCCGCCTGATTCACGATCCACGTCCGTTGGCAGCCCCCCTGCAAACCGCTACAGTAGGCCAGATTTTGCGCGATCCCCGCGCATACGCCCCCGCCACCCGCACCCAAGAGAGACCGCCCGCCCATGCCCAAGCGGACCGATCTGCACACGATCCTCCTCATCGGTTCTGGCCCCATCGTCATCGGCCAGGGCTGCGAATTCGACTATTCGGGAACCCAGGCCTGCAAAGCCCTCCGCGAGGAGGGTTACCGCATTGTTCTGGTCAACTCCAACCCGGCCACCATCATGACCGACCCGGAGTTCTCCGACCGCACCTACGTCGAACCGATCACGCCCGAGGCGGTGATCCGGATCATCGAGAAAGAGCGTGAACTCGGTTCGCCGATCGATGCGCTCCTCCCGACCCTCGGCGGGCAGACCGCCCTCAACACCGCCTGCAAGCTGCACGACTCCGGCAAACTCAAGGAACTGGGCGTCGAGATGATCGGCGCCGACCGCGAAGCCATCTACCGCGCGGAAGACCGACAACTCTTCAAGAACATCGTCGAGAGCATCGGGCTCAAGATGCCCAAGGCCGGCATCGCCCACACCATGGAGGAGGCTCACGAGGTCCTCGAGCACACCGGCCTCCCCGCCATCATCCGGCCAGCCTTTACCCTCGGCGGCACGGGCGGCGGCATCGCCTACAACCTCGAGGAGTTCGAGGACATCGCCCGACGCGGACTCGACGCCTCGATGAACTCGCAGATCCTCATCGACCAGTCGGTCCTCGGCTGGAAGGAGTACGAGCTCGAGGTCATGCGTGACCGCGACGACAA
NZ_CP036280.1_gap60	2647400	2649249	1849	CTCCGTCGACGCCATCGACCTCGCCGAGGACCGGCAACGCTTCGCCGACCTCTGCCGCGACCTCGACATCCTCCAGCCCGACAACGGCATCGCCTACGACGCCAAGGAGGCGGTCGAGATCGCCAACCGCATCGGGTACCCCGTCCTCGTGCGGCCCTCGTTCGTCCTCGGCGGGCGGGCCATGGAAACCGTCTTCGACGACGACCAGCTCCGTTACTACATGCAGATCGCCATCGGCGCTTCCGACCTCGAAGACCAGCCGATCCTCATCGACCGCTTCCTCGCCGACGCCATCGAGTGCGACGTCGACGTCGTCGCCGACTTCGACCCCACCGGGGAGTCCGACGGGGGGCAGGCCGTCATCGCGGGCGTGATGGAGCACATCGAGGAGGCGGGCATTCACTCGGGTGACTCGGCCTGCGCCATCCCGCCTCACTCCCTGCCCGAGCACGTCGTCGAGCAGCTTCGCGACAAGTCGCGCGCGCTGGCCAGAGCACTCCGCGTCCGCGGGCTCATGAACGTCCAGTGGGCGATACGACGGCCCGCTGACGCCGACGACGACTACCAGCTCTACATCCTCGAGGTCAACCCCCGTGCCTCGCGAACGGTGCCCTTCGTCTCCAAGGCCACCGGCGCACCCTGGGCACGCATCGCCGCCAAGGTCATGATGGGCAACACCCTCGAGCAGCTCGAGGTCGTCGAACTGCCCGACCCCCAGCACACCGCCGTCAAGGAATCGGTCTTCCCCTTCACCAAGTTCCCCGGCTCCGACGTCATCCTCGGACCCGAGATGCGCTCGACCGGCGAGGTCATGGGCATCGACAGCGGCTTCCCGCTCGCCTTCGCCAAGGGGCAGATGGGCGCCGGCACCCTCCTGCCCACCGACGGCAAGGTCTTCCTCTCGGTCCGCGAGTCCGACCGCACCGCCGCCGCCCCCATCGCCCGGGCACTCCTCGACATGGGCTTCACCGTCTACGCCACCGCCGGCACCGGTAACTACCTCGCCGAGAACAACATCAAGGTCAATATCCTCAACAAGATCTCCGAGGGACGGCCCAACGCGCTCGACCTGATCAAGAACAAGGAACTCTCGCTCATCATCAACACGCCGACCCGCAAGGGGCTCAAGACCGACGAGGGCAAGCTCCGCGCCACCGCCGTCCGTTCGGGCGTCCCGATGATCACCACCGCGACCGCGGCCATCTCCGCCGTCCAGGCCATCGCGGCCCTGCGCGAGGGCAACTGGGGCGTCGCGGCGCTGCAGGACTACTTCCCGGCCGAGGTCCCCGTCACCAGCTGACGCGCGCATCTGCACCGCAGGTCATACATGTCGCTTTTTTAGTTTGATTCTAAGAATCAAACTTGATCACACTCATCACCACGCCTACAGTCGGGCACTCGCGACACGGGCTGTGTCCGGGACATCCAAACACCATCCCCAACCATCTGGAGAACACCATGCTGACCGTTGGCGACGCCTTCCCCGAGTTCAACTGCCAGGCCTGTACCGGCAACACCAAGGACGACCTGACCACCATCAACAACGGCACCCACGAGGGCAAGTGGAAGCTCTTCCTCTTCTACCCCAAGGACTTCACCTTCGTCTGCCCGACCGAGCTCGTTGAGTTCGGCAAACAGATCAGCGAATTCGAAGACCGCGACACCGTTGTCCTCGGCGCCTCAACCGACAACGAGTTCTGCCACCTCGCCTGGCGCAACGACCACGACGACCTCAAGACCCTCCCCTACCCCCTGCTCGCCGCCCAGAAGCTCGCCGACGACCTCGGCATCATCGACCCCAGCGAGCACGTCGCCCTCCGCGCGACCTTCATCGTTGACCCCCACGGCA
NZ_CP036280.1_gap61	2654602	2655570	968	ATGACGCACTTGATGTCGTGGCGGGCCTTGAGCCGCCGGGCCTTCGCGCGCAGGGCGAGCAGCGAGAGACCGGGCGTGTCGTCGATATAGATCGGTGCCTCGGAGAGCTCGCCGACGGTCAGCGAGAGCTGCGCGAAATCGTCGCGTGAAAGCATGTTGCGGCGGAGCCGATGGGAGTCGACACCCGAGCGGGAACAGAGCAGTCGCTGAGCCAGCTGCTGCTTGCCCATCTCGAGGCTGAAGACCGCGACGGGCTCGTGATTGGAGGCGGCGACGTGCTCGGCGATGTTGAGGGCGAAGGCGGTCTTACCCATCGAGGGGCGTGCCGCGATGATGATCATCTCGCCCTTCTGCAGGCCGTTGGTCATCTCGTCGAGCTCGAAGAAACCGGTGGCAACGCCGGTGATGGCCTCCCCCTCCTGCGCCTCGAGCCGCTCGTAGGTCTCCTGGAGCAGCTCGCGGAGCTCGGAGACGTCGACGTCTTCCTTCGACTCGGCCAGCTCAAACACCTTCTGCTCGGCGCGGTCGAGAATGATGCCCGCGTCGTCGTCGGTGTTGTAGCAGTCGTTGAGGATCTGGCCGGCCGCGTCGATCATCCGGCGGATCGTCCCCTTGTCGCGGACGATGCGTGCCCAATGCCTGGCGCCGGCAGCCGAGGGCACCGCCTCGGCCAGTTCAACGAGGTAATCGGTCCCGCCGACGTGATCGAGCTGCTTGCGGTCGGTGAGTTTCTGGTTGAGCTGGACGATGTCGAGCGACTGCGTCTCGTCGTAGATTTCGATCATCGCGGTGTAGACCACCGCGTTGGGGGCGTAGCCGAAGTCCTCCGGGCTGCGGATAATCTCGATGACCTCGCCGCAGAGCTGAGGGTCGTGGAGCAGAGATCCCAGCAGCGCCGCCTCGGCCTCGCGGGGCACGGGCGGCAGCTTGCCGAAGAGCTTGCCGATCTCGATGGGCTGCGGCTGGTT
NZ_CP036280.1_gap62	2657295	2660275	2980	CACCGCAGGAGACACCCGCCTCGTTGGGCGTGCAGGGCCCGGGCGAGATGATGACGGTCTCAGGGTTGAGATCGACCGCCTGCTCGACCGTGATCTTGTCGTTGCGCACGACGCGGAGTTTCGCCTCGGCCTGCTCGGGCGTGTGGCCGTTGACCAGCAGGACCTCGCCGATGCGCTGGACGAGGTTGTAGGTGAACGAGTCGTAGTTATCGATGAGCAGTATCATGACGTGATGATATCCATAGGCCTCAGCTGGCGACGATGTTGATGAGCTTGCCGGGCACGATGATCACCTTGCGGATGGTCTTGCCCTCCAGGTGCGTGCCCACGTTGGCGTCGGCCTTGGCGGCTTCCTCGACGGCGGGCTGGTCGGCGTCGGCCGGGACCATGATCTTGCCACGCAGCTTGCCGTTGACCTGAACGGGCATCTCGATGGTCTCCTCGAGGAGCTTGTCGGGGTCGAAGCTCGGCCAGGGTGCGTCGGCGACCGAGGGCTGGTTGCCCAGCGCGGCCCAGAGTTCCTCGGCGAGGTGCGGCGCAAGGGGCGAAAGCATGCGCACGAGGGCGTCGGCGACGGCCCGGGGCAGCTTCGGCAGCGCGACGAGTTGATTGTTCAGCTCGATCATCGCGGCGATCGCGACATTGAAGGACATCGACTCCATGGCATCGGTGACGCGTGCGATGGTCTTGTGCGTGAATCGGTCGAGTTCCTCGGCGGGCGCGTCATCGACGACAACGAGCTCACCCGTTTCTGCGTCGTAGAAGTTCCGCCAGACGCGGTTGAGGAAACGGTGGACACCCGTGATGTCCTTGGTGTTCCACGGCTTGGACTGGTCGAGCGGGCCCATGGCCATCTCGTAGAGCCGCAGCGTGTCGGCACCGTATTCGGCGCAGACGTCATCGGGCGCGACGGCGTTCTTGAGGGACTTGCCCATCTTGCCGTACTTCTCGACGACCGGCTCGCCCTCGTAGAGGAACCGCGTGCCGGGCTGACCCTGCGCCTCGAAAGCCGGCCTGCCGTCCTCGGTGGTGACTTGTGTCGCCTCGACCCGCGTGCCGTTCTCTTTTTCGTAGTAGTAGGCCTGGATGTAGCCCTGATTGAAGAGCCGGCCGAAGGGCTCCGGCGTGGAGACGTGGCCGAGGTCGAAGAGGACCTTGTGCCAGAAGCGGGCGTAGAGCAGGTGGAGCACCGCGTGCTCAGCGCCGCCGACGTAGAGGTCCACGCCGCCGCTGTAGGCCGGTTCCGCGTCACCCTCCCAGAGCGAAGGCGTCATCCAGTACTTCTCAGCATCCGGATCAACGAACCGGCTGAGATTTGCCGGATCGAGAAAACGCAGGTAGTACCAGCAGGAGCCCGCCCACTGGGGCATGGTGTTGAACTCCCGGCGGTAACGTCTGCCGTCGATTTCCACGGTGGTCCAGTCTCCGGGCGCTCGTCCGAGCGGCGGACGCGGGGGCGTGTTGGGATCGTCAACCGCCTCGGGCCGGAAGTCATCGAGATGAGGGTGCTCGACGGGAAGCATCTTCTCGGGCACGCCTCGGATGCTGCCAGTGGGCTCATCGTTGTCATCCAGCTCGTGCAGGATGGGGAAGGGTTCGCCCCAATAACGCTGCCGAGAGAAGAGCCAGTCGCGGAGCTTGGTCTGCACCTTGGCCTTGCCCAGGGCGTTGTCGGCGAGCCACTGCGTCATCCGTGCCTTGGCCTCAGGCGTCGAGAGCCCGTCGAGTGATAGGTCGTCGTTGGCGGAATTCACAGCCGGGCCGTTCCCGGTGAAGGCCTCCTCCTCGATGGGCCGGTCGCCGCCCTCCACAACCCGGACGATCGGCAGGCCGAACTTGCTGGCGAAGGCGTGGTCGCGTTCATCGTGCGCAGGGACGGCCATGATCGCGCCGGTGCCGTAGCCCATCATGACGTAGTCGGCGATCCAGACCGGGATGCGCTGCTGGTTGACCGGGTTGATGGCGTAGGCGCCGGTGAAGACGCCCGTCTTCTCCTTGCCCTCGGCGCCGCGGTCGATCTCCGACTTGGCCGCGGACTCGGCCTGGTAATCGTCGACCGCCTTGCGGTGCTCAGCGGTGGTGATCTCCGACACCAGCGGGTGCTCCGGCGCGAGGACCATATAGGTCGCGCCGAAAAGGGTGTCGGGCCGCGTGGTGAAGACCGTGATCAGGTCATCCGAACCCTCGATGGCGAAGTCGACCTCGGCACCGGTCGAGCGCCCGATCCAGTTGCGCTGCAGCAGCTTGATCGGCTCGGGCCAGTCGACCTGATCGAGCTCGTCGATCAGCCGATCCGAATAAGCGGTGATGCGCAGCATCCACTGCTTGAGCGGCCGCTTGAAGACGGGGTGGTTGCCGCGCTCCGAGCGGCCGTCGTTGGTCACTTCCTCGTTGGCCAGAACCGTGCCCAGCGCCGGACACCAGTTCACATCTACCTCGGCGAGGAACGCCAGCCGGTAGGCATCGATAAGCCGCAGCCGCTGGTCCGGCTCGAGCTCCTGGTACTTGTGGAAGTTGGGGTTGCCGATGCCCGCGATGGACTCGAGGTCCTCGGTCGCGCCCGAGACGATCAGTTCGCCGTCGATGCCGACGTAATAGTCCTCGCCCTCGAGCTTCTCGATGAGCTGCGTGATCGGCCGCGCCGCCTTCGCGACGGGGTCGAAGTAGCTGTTGTACAGCTGCAGGAAGATCCACTGCGTCCAGCGGTAGTAGTCCGTGTCGGTCGTGGCGATCTGGCGGTTCCAGTCGTAGCCCAGGCCCAGACGCTTGAGCTGGCGGACCATGTTGCTGATGTTCTTCTCGGTGGTCTCGCGGGGGTGGACGCCCGTTTCGACGGCGAACTGCTCGGCGGGGAGACCGAAAGCGTCAAAACCCATGGGGTGGAGCACGTTGTAGCCCTGCATCCGCTTGTAGCGGCCCACGATGTCGGTGGCGATGTAACCCAGCGGGTGCCCGACGTGGAGCCCGACACCCGAGGGGT
NZ_CP036280.1_gap63	2661520	2662982	1462	ATGATCGCGGACGCGAGGTTCATGCTCGGCTCCAGGTAGGACGTCGTGCTCGGCTTCCGCGCGTCAGTCTACCGCCCGCCGTCCGGGATGGTGAGTGTGCCGCAGCAGCCGGGTCTTGATTGATCCTTGTTGCTATCGGCCTGATTTGTATTGCAATTCGGGTTACAGGGGCTAAGAGATCGGGGTCAAAATGTCCTATGCTGCCGTTGTATAACGATCCGCACCCGATTCAGAGAGACAGAACGATGACTTCAGGCCGTGTTCAGCTGATTGACTGCTCCCTCCGTGATGGCCACCAGTCCCTGCTGGCGACCCGCATGTCGCTGGAGCAGTCGCTGCGGGTGCTGCCGATGCTCCGTGACTCGGGCTACGACATCATGGAGTTATGGGGCGGTGCGGTGCTCGACGCCTCGCTCCGCTTCACCGGCGACGACCCGTTCGAACGCCTGGAGACCATCCGCAAGGTGCTCGACGAGTCGGGCCGCGAGATCCAGATCCGATCCCTCTGCCGGGGCCAGAACCTCTTCGGCTACAACCCCTACCCCGACAACGTGGTCTACGAGTTCCTCAAGGAGGCGATCCGGACCGGCGGCGGCAAGCTCCACCGGATGCGTATCTTCGACGCACTCAACGACTTCCGGAACCTCACCACAGCGATCATGGCGACCAAGACCTTCAACGGCCACGCCGAGGTCGCCCTGAGCTACACGGTCTCGCCCGTGCACGACAAGGACCACTTCCTGAACTTCGCCAAGCGCGTCGTGGACGCCGGGGCCGACTCCCTCGCCATCAAGGACATGGCCGGACTCCTGCACCCCTGCGACGCGTGGGAGCTGATCGAGGGCCTCAAGTCGGCCTTCCCCCACCTCGAACTCACCCTCCACTCGCACTGCACGAACGGGCTGGCGACGGCCTCCTACGTCGTCGGCATGCTCGCGGGCGCAGACTACCTCGACACCTGTCACGGCCCCATGGCCCACGGCACCGCTCAGCCCCCCGCCGAGCTGATCAGCTACTTCGCCCGTGAACTGGGCATCGAGCTGAACGTCGACTTCACCAAGGCGGGTCAGATCGACGCGGAACTCCGCAAAATCCGCGAGGAGCTCGCCAGCGTCGACAAGGACCCGGATCACTTCGGCAACCCCTGGCCGGCCGAACCGACGCCCGAGATGCAGACCGTGATCCGCGAGGCCATCGCGCTGCTCAAGAAACGGGACAAGGCCTCCTGCGACGCGGCCATCGACATGATCGAGCAAAAGATCATGGAGCCGCAGGGCTTCCCGCCGATCGACAAGGCTCAGCTCGAGTCGCAGATCCCAGGCGGCATGATCTCCAACCTGCACAACCAGCTCAAGGAACAGGGCAAACTCGACGAGATGCCCAAGATCCTCGAAGAAATCCCGCGTGTCCGTGCCGCGGCGGGTTACCTGCCACTGGTCACACCCACGAGCCAGATCGTCGG
NZ_CP036280.1_gap64	2776309	2780259	3950	GTTCGTCGTCGCTGAGCGAGGGCGTCGGTTTTCTCGGACATGAGACGGGGGTGCGCGGATGGTCGGGGTGTGGGGTGCGCGTGGTCGATGTTGGTGTTCATGCACACGGCTATCTCCCTGCGCGCGCGTCTGCTGGTTGCCCTTGAGGGGTTGTTTCCGCCTGCCGAGAGCGGCCCGATGAGCGAATCGGCTCAGCCGGAGCACGAGTACGCGAAGGCGGCGGGGAGCTACCAGCGGTTCGTGGATGAGCTTGGCGGGGTGGATGGGCTGCGTGTGCTGGATTTCGGTTGCGGCTGGGGCGGTGAGTCGGTGTGGCTCGCAGAGCGTGGTGCTGAGGTGACGGGCTGTGACATCAGCGCGTCGGCGATCGAGCATGCGCAGCGGTTTGCTGCGGAGCGTGGTGTAGCGGGTGTGGATTTTGCGTTGTCGGACTCGACGCGGCTGCCGTTTGCGGACGACTCGTTTGACGCGGTCTTCTCGACGGACGTGTTCGAGCACGTGATGGATCTGCCGGCGGTGCTGGGCGAGCTTCGCCGTGTGCTCCGCCCGGGCGGGGTGCTGCTGACGCGTTTTGGGCCGTTGTTCTATAGCCCGCTGGGTTATCACCTGCCCTGGACGACGCAGGTGCCCTGGGCGCACCTGGTGTTCGGGTTGCGGCCGATTGTTGAGGTTCGCAACACGCGTCGTTCGCCGATCTCGCCCGGGTCGTGGGAGGAAACGGGTTTGAATCGTGCGACGTTCGGTGCGTTTCGGGAGGCGGTGGGTCTTTCGGGTTTCGAGGCGGAGCGTCTGGAGCGGATCCCGGTGCGCGGGCTGCGGGTTCTGGCGGGCCTGCCGGGAGTGGGTGATTTGTTCACGTTTGGCGTGGATGCGCGTCTGGTGGCGTGATCGTTCTTTGCGTCCGTGGTGGGGCGTGGTCACAATGCGGCCATGAAGCGAATCTTTCTCTCGGTCGTGTTGTTGGTGTTGATGACGTCTTCCGTGGCGGTTGCTGAGCTGGTGCTGCCGGCGGTTTTCAGTGACCACATGGTGCTGCAGCGGGAGCGGCCCGTGCCGGTGTGGGGCAAGGCCGATGCGGATCAGGCGGTGACGGTTCAGTTGATGGAGGCGGACAACCCGCGGCCGTTGGCTCAGGCGTTCACGGTGGCGGATGTGGCGGGTCACTGGCGTGCGGAGTTGCCGGCGCAGGCGGCGGGCGGCCCGTACCGTCTGGTGGTGCGTGGCGGCGACGAGATCGTTCTGGAGGATGTGTATTTGGGCGAGGTGTGGCTGTGCTCGGGGCAGTCGAACATGGAGTGGCCGGTGCGTCTGACGAAGAACGCGGCGGCGGAGATCGCGGGTTCGGCGGATCCGCTGCTGCGGCACTTTGACGTTCCGCGGACGGTCGCGGGCGAGCCGCAATGGGACACGGATGCGTCGTGGACCATGGCATCGCCTGAGACAGTACCGGGTTACACGGCGGTGGGTTATTACTTTGCGCGGCAGTTGCGGAACCGACTGGGCGTGGCGGTGGGTCTGGTGAACAGCAGTTGGGGCGGGACGCGGATCGAGCCGTGGATGCCGCCTCGGATGCTGACGGCTTATCCAGATGTGGCGGCGGATCTGGAGCTGCTTGAGGAGCGGCTGGCTGCGTACAAGGCGGACCCGTCGGCGGCGGAGGCGATGGCTGAGGCGATGCGCTCGGCGTACGAGGCGGAGGTTTCTGAGCGTCAGGGGCTGGCAACGCGGGGCGGGGTCGGTCTTGAGCAGCGATGGATGGAACCGGGCCACGACGTGTCGGGCTGGGGGACGATGTCGCTTCCGGTGGCCTGGGAACGTGCTGGGGTAGAGGCTCTGGAGGCGTACAACGGCGTGGTGTGGTTTCGTCGGGAGGTGACGATCCCGGACGCGTGGGTGGGTCGGGAGCTGGCGTTGAATCTGGGGCCGATTGACGACGTGGACAGCACGTATGTGAATGGTGAGCTGGTGGGCACGACGGATTTTTCGACGCGGAACAGCTGGACGGTGGATCGTCGTTACGCGGTGTCGGGTGACGTGGTGACCAATACGACGCTGACGGTGGTGGTGCGTGTGGGCGACTGGTATGGCGATGGCGGTATCAGCGGCGAGTCGTCGCAGATGTGGCTGAGTCTGGAGGAGGGTGGCGAGAAGGTTTCGCTGGCGGGGCCGTGGCTGTACCAGAAGGAGGAGACGGTGGTGATCGGCCAAGAACGGCCGGCGGCGCCGCCCGGCGAGCCGAGTCTGGGTGGAGCGACGGCGCGGACGCCTACGGCGTTGTACAACGGCATGATCTGCCCGGTGAAGCCTTACGGGATACGTGGTGCGATCTGGTACCAGGGTGAGTCGAACGCGTCGGAGGCGACGCGTTACCGTTCGCTGATGCCGGGGCTGATCGAGGGGTGGCGTGGCGACTGGAATGACGCGGAGATGCCGTTCGGGATTGTGCAGCTGGCGAACTTCATGCGTGAGCGTGAGACGCCCGGTGACTCGGCGTGGGCGGAGCTGCGCGATGCACAGCTGCACACGGCGAAGACGATGGAGAAGGTGGGGCTGGCGGTGACGATCGACATCGGCGAGGCGAACGACATCCACCCACGGAACAAGCAGGATGTGGGTGCGCGGCTGGCGTCGTGGGCGATGGCGGAGGCGTACGGCCAGCCGGGCGCTGGGTATTCGGGGCCGATGTTTGCGAAGGCGTTCCGGCAGGATAGCCGCTTTGTGGTGACGTTCGACCTGTTCGGCTCGCAGCTGGCGGTGCGTGGGGGCGGCAAGCCGGTTGGGTTCGCGGTGGCGGGAGAGGACAGGGTTTGGCACCGGGCCGAGGCGCGGATCGAGGGTGATCGCGTGGAGGTGTGGTGCGACGCGGTGCCGGAACCGGTGGCGTTGCGTTACGGGTGGGCGGACAACCCGACCCGGGCGAATCTTGTGAATGCTCAGGGGCTGCCGGCGTCTCCCTTTCGGACGGACGACTGGAACACGACGAAGTGATCAGTGCTCCCAGGCGGCGGAGCGTGCGGCGAGACGGGTGAGCAGGGTGTCGAAGACGGTGTCGGGGTCGGGCCGTGCGTCGAGGATGGCGTAGTGCTCGGGGTCGCGTGCGGCCTGGTCGAGGTAACCCTGGCGGACGCGTCGGTGGAAAGCGGCGCCGCGGAGTTCGATGCGGTCCTTGTCGGTGTCGAATTCCTGTTCGCGGACGAGGGGGTTCATGCGTTGGGCGGCGGTGGTTTCGTCGACGTCGAAGACGAGGACGAGGTCGGGCCAGGACCTGCCGACGGCGACACGGCCGACGGCGATAATGTCCTCGGTGCGGAGGCCGCCCGCGGTGCCCTGGTAGGCGAGGGTGGAGGAGATGAACCGGTCGGCGATGACGAGGGCTCCGCGTCGGATCGCGGGCCGGATGCGTTCGGCGAGGAGTTGGGCGCGGCTGGCCATGAAGAGGAGCATCTCGGCGGTGATGTCGATGGCGTCGTGGTTTTTGGGGTCGAGGAGCAGTTCGCGGACCTGTTCGCCAACGTAGGTGCCGCCCGGCTCGCGGACGGTGACGACCTCGAGTCCCGAGGCTTCGGCGGCGGCGACGAGTTTGGTGATCTGGGTGGACTTGCCCGAGCCGTCGGGCCCGTCGAAGACGAGGAATCGTCCGGAGAGTCGCTGCATCCATGCTTGGCCGGTCTCGTGCATGGGGCTGAAGATACCGGATGCGAAACGCGAGCGAGGGGCTAGGATCATGGTCATGCCGACGAAATGGACTGATGATCCGCTGGATCCTTACCGCCGCGAGCACGCCCAGCGTGGCAGTGCGTTCTCGGTGACGCTCTGGAACACGCCGGAGTCGCAGCAGAAGCGTTTCCGGGTGCTGAAGGAGATGGTGTATCTGCCGGGCAAGCACCTGCTAGACGCGGGTTGTTCGCGTGGGGATCTGGCGGCGTGGCTGATCGAGCACGAGACGCCTT
NZ_CP036280.1_gap65	2815569	2817847	2278	TGTCGCGGGTGGAACGAATCTTTATCTTAAGTCCCTATTGCACGGAATGTTCCAAGGACCGGGGACCGACGAAACCTACCGCGCATCGCTTGGGGAGCAGAGCAGTCAGGACCTCCATACCCGGTTGGCAGACATAGACCCCCCTGCTGCCGAGCGTATCGCGCCCGCCGACCGCAAGCGGATCGTCCGGGCTCTTGAGGTGCACCACCTGACGGGGATGACGATCACCGAGCACCAGTCGCAGTGGAGCGAGGACCCCGACCGGCCCTATCGCTATGACCCCGTGCTCATCGGGCTGAGCTGGCCGACAGACGCCATCAACGCCCGCATCAACCTGCGTGTCAAGGCGATGTTCTATCCCCATAAATTTGATGAGCTTATAGCACGCGAAGTCTGCATTGGCGGACGCTCGCTGCCCGAGGAGACCGCTGATCTGGAAGCTCGTGGACTGCTGGGCATGCAGGCACGCGAGGCACTGGGCACGAAACAGGTGCTGGAACATCTCGCCGACCCGAGCCGTTTCACCCTCGACGATGCGTATGAAAAGACCAAGGTTCACACCCGGCGATTCGGCAAGCAGCAGCGGACGTGGATGCGTCGGTTCCGAGGCGTCCGGTGGATTGAGATGCACCCGGAGATCAGCCCGGGGGAGGTCGCGGAACAGGCCCTGGCGCTTATCGAGGCGGCGGAAAATGACGACCACGCTAGCCACTGAATCCACAACGACTTGCGGCAAGTCCCATAACCTGTTGCCGTGTAAGTTTTTCCCTCAACCTGTTGACAACCACCCGATCGGCTGCTCAAGTGTCTCGCCCTGTGGCGTGATGTTCTATTAAGGATGCAACTCCGCAGCCGACACCTCCTGAGGAATGAGTTCAAGGCCCATGGCGAAAAAGAAGACGACCAAGAAGAAGACAGGCGGCGCGGCCTCGAAGGGCCGGCGGTCGCAGTCGATCAAGGTCGCCGACGCCAAGGGCAAGCACCTTGTCATCGTCGAGAGCCCGACCAAGGCCAAGACGATCAACAAGTACCTCGGCAGCGACTACCTGGTGATGGCGAGCGTGGGCCACGTCCGTGACCTGCCCTCACGCAACCCCAAGGGCGTCAAGAACCCGGTTCCGGGCGTCAACCTCGAACAGCAGTTCGAGCCGACCTACGAGATCCTGCCCGACAAGAAGAAAACGGTCAGCGAGCTTAAGAAGGCGGCCAAGTACGCGGACGACGTCTGGTTCGCGACCGACCTCGACCGCGAGGGAGAGGCGATCGCGTGGCATCTGGCTCATGCGCTGGACATCGACCTCGAGGGCGCCAAGCGGGTGGTCTTCAACGCGATTACGAAGACGGAGATCGAACGAGCCTTTCATCATCCCCGGCCGATCGACGAGAACCGGGTCAATGCGCAGCAGGCAAGACGGATTGTGGACCGCATCGTCGGTTACCAGGTCTCGCCTCTGCTCTGGAAGAAGGTGGCCGGCGGGCTGAGTGCGGGTCGTGTGCAGTCGGTTGCGGTGCGTCTCGTGGTCGAGCGTGAACGCGAGATCGATGCCTTCATCCCCGACGAGTCCTGGCGGCTGGGTGCGTTGATGGCGACCGACCCGTCGGAGGCGCCGAAGCTCGGTGAACTCTGGCAGGCTTTTCTTGACGGCGCGACCGAGAACGGCCGCACGGTCAAGGAACAGAACGCGTGGCTCTCCGAGCACGCCGTGTTGCGTGCCGAATTGGTCGGGATCGATGACGCCGACGTGAAGAACGCCGACGAGCAGCAGATCCTCGATGTGGCGAAACGTCTCGGCTACGAGCTTGAGAAACTCGATGTCGTGGAGGACCCAAAGGGCAAGGGGCCGGCGAAGCAGCTCAAGACGGCGATCGGCGTGGTGTCGGCTTCTCCGCCGGACTACGCCATCGAATCGATCGCAACCAAACGCACAACAAGCAAGCCGGGCGCGCCGTTCATCACGTCGAGTCTGCAGCAGGCCGCGGCGAACCGCTACAGCTTCGCGCTCCAGCGGACGATGCGTGTCGCGCAGCAGCTGTATGAAGGCATCGACCTGGGTGGCGCTCGCGGCCAGACAGGCCTGATCACCTACATGCGTACCGATTCGACGCACCTTGCGCCCGAGGCGATCGCAGCGGCACGCGACCACATCGGCAGCGCGTACGGCGACGACTACCTGCCCGAGAAGCCCAACTATTACAGCTCCTCGAACAAGAGCGCGCAGGAGGCGCACGAGGCGATCCGCCCGACAGACGTGACGGTCCGCCCGAGTGACATCCGCGG
NZ_CP036280.1_gap66	2849471	2852310	2839	TCGATAACGTCATCTACAGCTCGCAGTACACCCCGCACGGCCTGCTTGGCGACGCCGACCTCAACCGCACCGTCGACCTGCTCGACCTCTCCATCCTCGCCAGCCACTTCGGGCAATCAGGGGACTGGGCTCAGGGCAGTTTCAACGGCGACGGGGTCGTCGATCTGCTCGACCTCTCCATCCTCGCCGCCCACTTCGGCGACTCATCGCGCCCCGCACCCGAACCGCTGACCGCCTTGCTGCTAGGCGTCGGCCTGCTGCATCACGGACGCTTACGCACGAGGTAAAGCCCGTCGCAGATCGGCAGAAAGCTCACGTCCACGCGATCGTCGGTGTGCAGCTTGCGATTGAGGGCGTCGAGCGCGACAGCGCGTGCATCGCCCGGCTGAGGGTTCGCGACAGACCCGTCCGAGAGCATGTTGTCCAGCGCGATCACCCCGCCATCCCGCATCAACGGCAGGACCAACTCGTAATAGGTGTCGTACGCGGTCTTGTCGGCGTCGATGTAGCAGAAGTCGAACGTGCCAAGGCCCTCGGTCTCTGCGAGCGACGCGAGGGTTTCCGCCGCCGGCGCGACACGCAAGTCGATGCGGCCCGCCAAGCCAGCCTTCTCCCAGTAGGGCCTGCCGATCGCCGGAAACTCCTCGCTGACGTCACAGGCAACGACCTTGCCATCAGGCCCGACCGCGTCGGCCATCCAGCAGGTGCCGACACCCGTGAAGACACCAACTTCCAGAACGCGCTTCGCCGCGATCGAGCGGATCAGAAACGCGAGGAACTGGCACTGCGTCGGATCGGTCGCCATCTCCGCGTGTTCGTGCTCGCCGGTCCGCTCCATGAGCTCACGGATCGCCGGCGCGACACGCAGCGACGTCGCCACCACGTAGTCATACAACGCGCCAATATTCTCGATCGTCTTGTTCTTCATCTCGGTACTCCACAGGTATGTCGTTCATGCCGCCCTCATGGTTGATGATCCCGGACAGGCTGTCCAATCCGGCTGGCTCAGGAACCGGACGAGCGTGCAACACGTGCCTTGTCGGCAAGCCGACGATGCTCGTTGGCTCGATCCGTGTCGCCGAGAGTTTCATAAACCGCAACCGCGTGCTCGTGGGCCTCGACGAAGCCGTGCGACCTGATGAGACACGCCTCGACCGCCTCGGCAGCACGCTCGGTATCGCCCACCGCGAGCAAAGCCTTGCTCAGACGCAGGTGGGCACGTGCCAGCCCGAAGGCCAGGCCGACGGCTTCCAGCGCCGCATCAAGAGCCTGCTTGTTCTCGCCCAGCCGCAGGTGGGCCTCGGCCAGGCCGTCCCACGAAGTGGCGTCCTCGGGGGCTCGCTCGATCGCCTGTCTGTACAACGCCGCCGCCTTCTCGGGCCGTCCCAACCGGAGCTGAAGACCGGCCAACCGGGAGAGCAGTGCCGGGTTGTCGGGCGCGTGCGTACGCGCCGTCTCGTAGTGCTCCAGCGCCCGCCTGTCCTCGCCTTGACGCAACGACATCGCGCCCAGCAGCAGGTAACGCTGCCCCTGGCTGTTGGGCTCGTCAGCGAGCGCATCGAGTTCGGCCTTGCACCCTTCGAGATCACCACACAGCAACCGCGCCTGCGCGATCGCCGCCCGGATCCCTGCGTCGTTGCGGAACCCCGTCGGCAGAGACTCCAGCACCTCGAGAGCTTCGGCGGTGTCGCCCATGCTGAGCATCGAACGGGCCAGTGTCAGATCGTTGTGCGCACGCGTGTCGGCAACAGTCTGCGCCACGTCCTCGCCCGGCGGATCGACGTAGCCCAGATCGATCAATTGCTGCAGCGCGGCCCGTGCCGACTCCGGGTCCTCCTGCACGTCAGCGGGGTGCCGACCGTCATCCTCCGAAGGACTCTCCCAGCTCAGGATCCGCCCCGGCTCGGTCGGATCCTCCATCGCCTCCACCCACGCCCGCCCGGGCATGTCCGCACCCACGGGCAGATCGAACAGACGCAGGATCGTTGGCGTCACGTCCAGCAGCGTCGGCCCGAACAGCCGCGTGCCCCGCTTGATCGACGGACCCGCTACACAAACCATCCCGAGCGGCCGGTGCCAGTCAACAGGCCCGGCATGGTCAGGGTTGGGCCGTGATGCATCGTCCAGATAGCCATGGTCCGACATCAGAATGACCGTGGTGCCCTCGCCCGCGAGCTTGAGCAGCGTCTCAAGCATCATGTCGTGGAAGCGATAGACACCCGTCATGACGTGCTGGTAGTTCTCGAAATCCTCGTCCGAAACATGATCCATCCGTGGCGGATGAAACTCCATGAACTCGTGGGCGAACCGGTCGATGCCCTCGTAATAGACGGCCATGAAGTCCCAGTCGTCCTGCATCATGAGGTGGGTCGCGACCGTGTGGATCGAAACCGTCTGCGCCAGCAGCGACTGCGCCTTGCCCAGCCGGTGCCCCTCGCGTTGCTGGTCCCGTGCCGCGTTCGGGATCAACGGCAGGACCGCGTTGGCGTCCATCTCGCCGGGGTGCACACGGAGCGGGGCCAACACGTCACTCAGGTCGGCGGGGTGCACGGCACCGGGCGGAACGGGCCAGGGCTGCTCGGCGGGCCCCACGGGCAGCTCGAACTGGTTGGAGACCATCGTGCCGTTGATCGGCTCGGCAGGATGGGATGCGTACCAGCCGACGACGTGAGATCGCAGTTGCTTCTGCGTCAGGATGTTCCAGACGGCCTGACACCTCCGGCTGACACTCGAGACCGGGCGGATCCCCGACCCGTCCGGGAGCGGCTCCGTGAACCCGCAGATGCCGTGATGACGAGCCGCCTTGCCCGTCGCGATGGACGTCCAGAGCATCGGCGAG
NZ_CP036280.1_gap67	2870566	2873377	2811	CCCGAGGATCGTCCGCTCCAGCCGCTCCTCGTCGATGTCCGACGGGTGCTCCCGCCAGATCGGCTTGTGAAACCGCGCGAGGTTGACGCCCAGCTTCGCCAGACGCCGCGACAGATAAGCACGGCTCGTGTCGTCGGGCGGCTCGATCCCGAGATTCACACCCCAGAAACGTGCCTCCTCGCCCGTCTGGTCGTAAACAAAACCCGACCCCTGCGGGATCACAAAACCCTGATCACCCGCGCGATCGTGATTGATGCGACGAAGATCGAGGTCCGTCGGTGCGAAGTCATCCGCTCCCACCTCGAACGGGACGTATCCCGGGTTCGACCGCCCCGTCACCTGGCCCGGACGCAGTTTGCCGTTGGGGACGAAAGGCGAACGCGTCAGCAGCCAGCAGTCGAACGCCGCCGGCCCCGCGTCCGGCAGCATCTCGACCCAGAGCACAGCATCCCCCGCCGGCAAATCAACCTCGCCGAGATACACCCAGTTCGCCACAACGTGCGTCCGCAGCGTCACCGAATCGGCCAGCGTGATCTCCCGGCCGCACGTCCGCCACGCGTCACGCCCAAAACGCCAGCGAAACGGCCCGTGCTTCCAGAACTTGCGCACCCACAGCTGATGCACGCCCGGCGTCGTCACGCGAACCCGGTACGACACCCGCGCCCCCGCCGCCCGATCGGTCTGCAGCCAGTCTCCGCCCGAGAGCACGTCACGCTCCGCACTGTCTTCCGGCTCAAAAGCCGAACTCGCCGGGAACGTGTGACGCGTCGGATGCTCGCCCTCCCACCACACGTAATCGCGTGACTGAGCCGACGCCGTCGACGACATCAGCAGTACGATCAGAGCAACCACCCACGCCCGCCTAGGCCCGCTGCATCTCGTCCCACGAGACAAGGTGGTCGCGATAAAGCTGAGCGTAGTGCCCGTTCTGTCCGAGAAGCTCTTCATGCCTGCCGCTCTCCGTCATGCGTCCGTTCTGAATCACCAGAATCCTATCCGCCGAACGGATCGTCGATAACCGGTGTGCGATCACAAACGCAATCCGCTTCTCCAGAACCCGCTCGATCGCGTCCTGGATCAGACGCTCGGTCTCGGTATCCACCGATGACGTCGCCTCGTCCATCACGAAGATCTCAGGGTCGGCAATCACCGCACGCGCCAAGGCGATCAACTGCTTCTGCCCCGTTGAGAGCAGCACGCCACCCGAACCGACCTGCGTCTGATACCCATCCTTGAGCCGGTCAATAAACGCGTCCGCACGCACCAGCGCAGCCGCCTCCGCCACCGCGTCGTCGCTGGCGTCCAGCCGGCCATAACGGATGTTCTCCGCCACCGTCCCGGTAAACAGATGCGGCTGCTGCAGCACGATCCCCAGACGGCTCTGGTACCACGACAGCGAGCGATCCTGCACGTCGTGCTCGTCAATCAGGATCCGCCCGTGGGTCGGCTCGTAAAAACGACAGAGCAGCGAGACGATCGTCGACTTGCCCCCTCCCGTCGGGCCGACCAGCGCAATCGTCTGTCCCGGCTCAACAGCCAGCGAGAAATCGTGCAGCACCGGACGGTCCGGCTTGTAGCCAAACGTTACCCCCTCAAACCGAACGCGACGGATGTGGTTGGGCAGCCCGTCGCACGCCAGCCCGGGCTCGTCGCCCCCGTACGCCGCGATGCGCTCAAGCACCGCCTCGCTGTCACGGATCTTCGGCTCGGTCTCCAGCAGGTCGGTGATCCGCTCCGCCGACGCCTGAGCGCTCTGGATCATCGTCAGCTGACGCGCCATCTCCTTCACCGGCTCCTGCAGGAACGTCGCGAAGTGCATGAACATCGACAGGATCCCGATCGTGATCACGCCCGCGATCACATGGTCGCCGCCGAACCACAACGCCCCCGCCACGCCCAGCGAGCAGATCACGCCGATCGTCGGCATAAAAGCCGCCCCGTACAGCGCGTGCGCCATCGACTCGTTCATCATGCGCGCCGAGACGGCCTCGAAGTCGCGCGCGTTGTTGTCCTCCTGCACCAGGGTCTTGGTCGTGCGCACGCCGAGGATCGACTCGTTGTACGTCGCCGTCACCCGCGAGTTGGTCTTGCGCACCAGACGTGCCGTCTCCAGCAGCCGGACCTGAAACCACCGCCCCGCAACCGCCAGCAGCGGCACCGTGCCCATCACGATCGAAGCCAGCACGAAGTCATTGAGAAACAGCACGACCGCCACGACCAGGATCGTCGCCGAACCCCACGCAAGGTCGAGTGTCGCCCAGCCCATGATCCGCGCGATCTTGTTGCAGTCGCTCGTCAGACGTGACATCAGCCAGCCCGTCGGCCGGACGTCGAAGTACCCGAACTCCAGGTCCTGCAGCCGGTCAAAGCTGTCCCGCCGGATGTCGTGCGCCACCCGCGCCGACACGCCGCCCACCAGGTTGATGAACGCCATGATCGCCGCCACCAGCACCGCCACCAGAAACGCGTAGATCGGCATCATCAGCCACGCGCGCTCGGCATCGCCCGTGTCCGCCGCGTCAATCACCTGCGCGAAGACCAGCGGCAGGCCGATCTCGAAACCCGCCACCACCAGCGCGATCACGATCACCAGCACAAAGACGCCCAGGTAAGGACGCCCGAACGCCAGCACACGCCGGAAACTCGACAACCGAAAGCCCTGCAGCGGCGCCTCGTCCTCGTAATAACCATCAGCCATGATGATCCTCCTCGCCATCGGCACCCGACTGGATCGCCCACAGACGCTGATAAGGCCCCGGCTGCGCCACCAGCTCCGCGTGCGTGCCACGCTGACGGATACCGCCCGACTCC
NZ_CP036280.1_gap68	2880377	2881536	1159	GACCTGATCGACGCCTTCCCCCTCGAACCCGCCGCATGGGTCCGCATGACACCCGCAGCACAACGGAGCCGGTGATGGACCCCATCAGCGACATCCTCGAAGCACTCCGCAACGGCGAGATGATCGTCCTCGCCGACGACGAGTCCCGCGAGAACGAAGGCGACCTCGTCGTCGCCGCCCAGTTCCTCACGCCCGAGATCGTCAGCTTCATGCTCCGACGCGCCGCCGGCATGATGTGCGTCGCCCTCAGCCCCGCCATCTGCCAGCGACTCCACCTCGACCCCCAGACCACTGTCAACACCTCGTCACGCAGCACCGCCTACACCGTCTCCGTCGACGCCCACGAACGCTTTGGCGTCACCACAGGCGTCAGCGCACAGGACCGCGTCACCACGATCCGACTCCTCGCCGACCCCAACACACAGCCCGGCGACCTCGTCCGCCCCGGACACATCCACCCCCTCCGCGCGCGCGAGGGCGGAACCCTCGTCCGCGCCGGACAAACCGAAGGATCCGTCGACCTCTGCCGGCTCGCCGGTCTCGAACAGGCCGCCGTCATCATCGAGGTTATGAAGGACGACGGCACCATGGCACGCCGGCCCGACCTCGAACGACTCTGCGCCGAAGAAAACCTCAGGATGTGCACCGTCGCCGACGTCATCGAGCACCGCCTCACCCGCGAGGTGCTCGTCGAACGCGTGGACGAAGCCCCCATCGAAACACCCGCCGGCCCCTTCCGGCTGATCGCCTACGAATCAAAAGTCGATCCCATGCCCCACGTCGCGCTCGTCAAAGGCGACGTCGGACAACGCGACGCCAACGGCATCACCATGGACATCGACCACCCCGTCCTCGTCCGTATGCACAGCCAGAACCTCCTCGGCGACGTCTTCGGCGATATCACCAAGCCCTCGGGCAAGGCACTCGAAACCGCCATGCACCAGATCCAGACCGAGGGCTGCGGGGCTATCGTCTACCTCAGGCACGAGGGCATGGGATCCGGGCTGCTCAAACGTCTCCAGAGCCTCCGCGAAACCTCATCCGACGGCGAAGCACGGCCCCTGCCCGTCACCTCACAAAACGAACCCGGACTCCGACCCCCGACACGCAAGCAGGACTACGGCATCGGCTCCCAGATCCTCCGCGACCTCGGCATCCG
NZ_CP036280.1_gap69	2895849	2897421	1572	ACCTTGAGCATAACCAGACTCGATCATGGTTCCAAGGGAAATCCCTCACCGAATCACACGCCGCAACCTCAACGCCTTCATCCGCGACGACAGCGTGCTCGGCCGCATCCCCAGCAGCGCAGCAGCACCACCCGCACCCGACACGCGACCGCCCGATACCTCCAGCGCGCGCACGATATTCTCACGCTCGCGCTCACGCATCTCCGCCGCAGTCAGCACCCGCTCCGGCTCCGACTCCTCCGCCGCCTCCGTTGCACGCTCGTCCGCTGCCGGCAACGCAACAACGAGCGACCGCCCCGTCGACGTGATCACCCCGCGCTCGATCACGTTCTGCAACTCACGCACATTCCCCGGCCAGCCATACCGAAGCAGCTCCTCCACCGTCGCCTTGGTCAGACGCAGCATCGGACGGTTCAGCCGCTGACAGGTCGCCTCCAGGAAACAATGCGCCAACTCCGGGATGTCCTCCCGACGCTGACGAAGCGGAGCCACCTCGATCGGAAACACATTCAACCGGTAATAAAGATCCTCCCGAAAACGGCCCGCGTCCACCTCCGCACGCAGGTCCCGATTGGTCGCAGCCACCACCCGCACATCACTCTCACGCGTCCGCGCCTCGCCCACCCGCTCGAACGTCCCCTCCTGCAACACCCGCAGCAGCTTGCTCTGCAACTCGATCGGGATCTCCCCGACCTCGTCCAGAAACAGGGTCCCCCCGTCCGCCGCCTCGAACCGTCCCGCACGATCCCGCACCGCGCCGCTGAAAGCCCCCTCCACGTGCCCGAAGAACTCGCTCTCATACAGATCACGCGGGATCGCGGCACAGTTCACCTTGATCATCGGGCCGTCACGACGACCGCTCCGCCGATGGATCTCACGCGCGACTAACTCCTTGCCCGTCCCCGACTCTCCCGTGATCAACACACTCGCGCCCGTGTCCGCCACCACCTCGATCTGACGCGTCGTGTTCCGCAGCGCCGCGCTCGACCCCACCATCTCCCCGAACGCCCCCTCGCTCGCCACCTCCTCACGCAGGTACGCGTTCTCGATCTCCAGGCGCCGCTTGAGACGATCAATCTCCGCGAACGCACGCGCGTTCACGATCGCCGCCGCCACGTGGTCCGCCAGCATCCGGTACCAGATCAACTCATCGACCTCGACCACGCTGCGCATGAACACCGCGAACACCCCGATCACCTCGCCCCGGAACACCAGCGGCTGCGCCGCCAGCCCGCGGATCGACTCTCGCTCCGCCCACGCCGGGTCCGCAACCCACTTCATCTCCTGGCTCGTGTCCCACACCACCACCGCGTCGCCCGTCGCCGCGACATGCCCGATCTTCCGAACGCCCAGCGGAAAACGCATGAACCGACCATCCAGACGATCCCACACGTCCGACCGGTCCACCTCCGAACGCCCAGCACTCGCCACCAGGTGCAGGCAACGCGACTGATCCGGGCACTCCTCACGCAGCCGGCACGTCGCACACACATCACCCCGGTCAATCAGCCACACACGGCACAACGCCACGTGCTCCATCGCCGCCACACGCCGAACGATCAGCGACAGCAG
NZ_CP036280.1_gap70	2898796	2903605	4809	GCCCTCGTTGTCACCGATCCCCAGAACGACTTCCTCAGCCCCGAGGGTGTCACCTGGGGCGTCGTCGGCGAAAGCGTCACCGAGAACAACACCGTCCAGAACATCGACGACCTCTTCACCGCCGCTCACGCCAACAACGTCCCCGTCTTCGTCAGCCCCCACTACTACTACGAACACGACCACACCTGGAAGTTCGAAGGCGCCCTCGAAACCCTCATGCACAACATCGGCATGTTTGACCGACCCAACGCCCTCGACCTCACCGGGTTCGAAGGCTCCGGCGCCGACTGGCTCGAACAATACAAGCCGCACATCAACCACGAGAACACCACGGTCGTCAGCCCGCACAAGGTCTACGGCCCCGAAACCAACGACCTCGTCCTCCAGCTCCGCAAGCAGGGCATCGACCAGGTCATCCTCGCCGGCATGTCCGCCAACCTCTGCACCGAAGCCCACATGCGCGAGCTCATCGAACAGGGCTTCGAGGTCATCATCGCCGCCGACGCCACCGCCGCCGCCAAGATCCCCCACTACGACGGCTACGAGGCCGCCTACGTCAACTACCGATTCATCGCCAACGCCGTCTGGTCCACCGACCAGACCGTCGACGCCATCCGCAACCTCCCCCAGTCACACTGAATCCGTCACCAGCCAACACCACCAAGGAGATCCACCATGAAACGCTTCAAGACACGCACCGCCCCGCTCTTCATCGTCATCCTCGGCCTCTTCGCCGCAGGCACCATCGTCACCGTCAACGCCTGGGCGCAGCAGTCCGCCACGCCCAACACCTCCCGAGCCTACCTCCACAGCTACAACCTCCCAAGCTCAGGCGTCGCCCTCGAAGGCTACTGCCCCGTCAGCTACTTCGCCGTCAACAAAGCCGTCATGGGCAAGCCCGAATACGCCTCGACCTACCAGGGCGTTACCTACCACTTCGCCGTCCCCGAAGGCAAGACCGCCTTCGACCGAAACCCCGAAAAATACCTGCCCGCCTATGGCGGATGGTGCGCCTTCGGCATGGCCATCGAAGATAAGTTCCCCGTCGACCCCACCGCTTTCAAGATCGTCAACGGCCGACTCATGCTCTTCCTCCGCAACCAGAACCTCGACGCCCGCGAACTCTGGAACAGCTACGACCAGAACACCCAGGTCAACAAAGCCGACGCACACTGGAAGAACGTCAGCGGCTGACGCCATCCAGCGAACGCCTCCTCCGCAGCGCCACCGGGACGGAAACGCCCCGGCGGCCATTCCCACCTACCGCAAGGAAACACCATGCCCGCCCCCACCGACCTCCGACCACCGTTCAATCTTGAAACCGCACGCGCCAAGGTCCAGGCCGCCGAAGACGCCTGGAACTCACGAGACCCCGATCGCGTAGCCAACGCCTACACCACCGACTCCCAGTGGCGCAACCGCGACGAGTTCTTCACAGGACGCCAGGCCATCCGCCACTTCCTCCAACGCAAGTGGCAACTCGAACTCGACTACCGACTCATGAAAGAACTCTGGGCCTTCACCAACAACCGCATCAGCGTGCGATTCGAGTACGAGTGGCACAACCACGACGGCCAATGGTTCCGCACCCATGGCAACGAGCACTGGGAATTCGACGCCTCCGGACTGATGAAACGACGAGACATGAGCGCCAACGACATCCCCGTCACACCCACTCAGCTGCGCTACCACTGAGCGGGATCACTCAGACTCCGGCAGCCGCGCACCGTGCCGAAAACCCTCCACAACCACCACGCCCCGCTCCTCGTCAACAAAATAGAACACGAGATAGTGACCGAGCGCGCGACACGAGGAGGAAGCTCGACACGATAGCTCATATACCTCGTTTTATATCGAATATCTTGCTTCTCAGTTCCTCAAACACCGAGGCCACCGGACGGGCTTCGCCCCCCAGATACTCCGCATGAGACTGACGAATCATCGCGACATCGCGCGCCAGCTGCGCATCGGCCATCAGTTGATCAAATGCCCTCGGACTCAGCAGCACCGCCCGAGCCTGACCGTTCTGAGTCAGGATCTCCGCCTCTCCGGTCTCATTGAGACGGTCCAGCGTCTTCGTATAGTTCGACTTGAAATCAGAGACAGACTGTGTGTTCTCAGAACGGATCATGGATACCCCATCGGTCTATATTCAGTCTGAATTTTGACTGATATCCAGACCGATTCAAGCATGCAAACCGCCATTCTCACCCCCCGATCACCCCCCGATCACTCCCCGGTAGTTCCCCGCCAGCAACCGCTCCGCCTCCGCACGAACTTCCGCCTCCGTCACCCGCCAACCCGCGTCCAGCACACGCCCCAGCACCTCTGCCAGACAATCCCCGATCACCGCCCGGCTGTGCGACCACTTGTAAAGCAGCTGGTCCAGAATCCGTGCGTCGCTGTGCTGAGGCACAAAACTCCCGCCCAGCAACTCCAGACGCTCGAGCGTCATCTCCTGGATGATCGACGGGTTGTTCAGGAACCACCAGCACCCGAAGGGCAGCAGGTTCCCGAACTTTCGCGCCGCCACGCATAATTCGTGCTGATTCTCTCGACTCAGCAGCGTCACCATGAACTTGTTCTCCGGATGTGCCGCACACAAACGCTCGATCGACGACACGTCCGCCATCCCCACAGCGTCCCCCGCAGCCCGCAACGCAGGATTCACCTGCCGACGCACACCAATCATCATCGCAAAGGGCAAACCGAACTCACGACACACAGGCAGCACCGCTTCATCCAGCATCGTGTGCGCCAGGCCTCCCGCGCCATACCGCCACTCAGGCGTCAGGCTCACCGCCGCGTACACCGGCTTGATCCGCTTCACCCAGTCCGACAGAAACCGACGCACACCCGACACCGACTCCTCGTCCGCCTCACCCGACACCGGATACCCCCACGCGTCCAGGCAACGCGACGCCGTCGACCAGTCGTCCAGCACCGCGTCAAAACGCAGCACCGCGTCAAATCGCGGATCATCACCCAAAGCGCCGTCCGCCAGCCAGCGCTCACGCTCGTTGTCGTCAAACACGTTGTTCGTCATCGTGATCTTCGACACACCCGAACGCTCCATCACCAGGTCGATGTACGCGTCCGGATCCTGCGCACCAAACCACGACCGATACCCCGCCAGCGAACGCTCGTTCGGATCCAGCCCCAGCTTCTGCAGCACCGTCAGCACCCCCCGGCAAGCCTCGCTCATCGGCACACGATCAACAAACAGGTGCTTCCAGATGTGATCCGCCTGCTCCGACCGCGACATCTTCCAGAACGTCTCGTACCCCAAACGGTCAGGCGTCACCACACGAAACACCTCCGCGATCAGGTAGTGATACGTCACCAGCTCATCAATCCCCCACAACATCAAACCCTCCGGATCAACCCGATCGCCCGATCCGCCCAACGGCGTCCCGAACGAAGGCGGATACAGATGCGTGTGCATGTCCACCACCTGCGCCTCACCCACCACACGCCGCACCACCTCGTTCAACGCCGCCCTCGACTCAATCACGCTCATCCGTCAACTCCTGCATCTTCAATGGACACGAATCCAACCCCCATCAATCTACACGCAACCTAAACTGGATCAGACCCATTCAGGCCCGGAGCCCCCGAGATGTCACAACAGGCCAACCACAACGTCTACGTCGTCATGGGTGTCAGCGGGTGCGGCAAGTCCACCATCGGCAAACGCCTCGCCCAGCGTCTCAACCTCCCCTTCTACGACGCCGACGACTTCCACCCCCAAGCCAACCGCGACAAGATGGCCGCCGGACAACCCCTCAACGACCACGACCGGCAACCCTGGCTCGAAACCCTCGCCCACAACATCCAGTCCTGGGCGTCGGCCCCGGAGGGCGGGGCCGTCCTCGCCTGCTCCGCACTCAAACGCGCCTACCGCGACACCCTCCGCTCAACACCCGCCGTCCGCTTCGTCCTGCTCGTCGGCAGTTTCGAACTGATCCTCAGCCGCATGCAGCAACGCTCCGACCACTTCATGCCCGCAACCCTACTCCAGAGCCAGTTCGACACCCTCGAAACACCCGGACCACCCCACGACGCCAACGACCCCGCCTACCACGTGGCCATCGGCGAGAACCCCAACCACACCGTCGACCGCATCATCCAAGCCATCGACAACGAGCCACACCATGACTGACACCATCCGCCTCGGCGACGCAAACACCGCCCTCACCCCCGCCGACATCAACAACACCCTCGACGCCATCACCCACGACCTCACCCGCAACAAACCCGCATCCGTCCTGCTGCTCCCGCCCGACATCACACGACTCGACTCCCGCGCAGGCGAACTCGCCGCCGGCCTCTACCAGCGACTCACCGCACAGGACGTCCGCGTCCGACTCATGCCCGCCCTCGGCACACACCGACCCATGACGCCCGAGCAGAACCGACGCATGTTCGGCCCCGACATCCCCGACGACCACATCCTCCCCCACCGCTGGCGCGACGACCTCATCGAACTCGGACAACTCGACGCCGACTGGATCAACAACCTCTCCGACGGAAAACTCGCCCGCGCCGGCATCGACCAGCCCATGACCGTCGCCGTCAACCGCGCCCTCATCGAAGGCGGCTTCGACACCATCCTCTCCATCGGACAGGTCGTGCCCCACGAAGTCATCGGCATGGCCAACTACACCAAAAACATCCTCATCGGCGTCGGCGGGCCCGGCACCATCCACCTCTCGCACTTCCTCGGCGCCGTCTGCGGCATGGAATCCATCATGGGCCGCATCGACACGCCCGTCCGCACCGCACTCAACCGCGGCTTCGACACCCTCG
NZ_CP036280.1_gap71	3100204	3102642	2438	CGCCATCCGCTGGACCATCGCCGTCGCCTCACTCTCGCTCATCATCCTCTCCGGATCACGTGGACAGTTCATCGGCGCCGTCATCGCCGTCGTCTGCTTCGTCCCCCTCGCCTACCGACTCAAGTCCCTCGGCGGGTTCTTCTCAGGCGTCTTCATGGTCGGCGTCGTCAGCGTCACCGCATGGATGCTCTGGTCCGCACGCAGCGGCGAACGCTTCGAACTCGACCTCCTGCTCCAGGGATACAGCGACACCCGACTCTTCACCACCTTCATCCTCCTCGGCGCCTGGTTCGACGCCGGACTCGTCTACTGGATCCTCGGACTCGGCAGCTCCGCCTCCTACAACGACAGCATCATCGGCATCTACCCGCACTTCGTCCCCGGCGAGGTCCTCGGCGAACTCGGTTTCATCGGCTTCGCCATCTACACCACCGCCTACGGCTTCGCCGTCAACGCCTTCATCCGAACCTACCAACGCGTCAAGGAATACCCCGAAGCACGCAGCCTCGTCGCCACACTCGGCGCCCTGCTCTTCTTCTTCTCTCTCCTCACCCTCAAACAGGGCTCACTCCTCGGCTCCTACGCCCTGCCCATCTTCATGATCCTCATCATGACCGTCGACCGCGAAGTCGACGCACTCACGCGAAACGCCGCACCCTTGCCCGCACCCTCACCCCAGACCTATGGTGTAGGCAACGAGAACGTGCAACCCGCCTGAACCACACCAACCCTGAGGAGCGTGGATATGCGGCGCCTCACCACCGCCCTGCTCGCCGTCGTCGTGCTGACCCTCACCGGCATGTCACCCAACCGTTCCACCCAGGCGGTCGCCCAGGAGGAGAACACGGTCGCCGCCACACGCGTCATCGCCTCCGGACCCGCCTTCCCCGTCTTCGACGCCACCCTCTACCTCGACAAACCCGACCTCGAACAACTCCACGGCCTCCCCAAACTCCGAACCCACGGCCGACTCTGGCCACGCGGCGCCGACGACAGCGAACCCGACCGCACACGCATCGTCGCGGCGCTCTCACGCATCCCACGCAACGACCTCTTCTTCATGGACATCGAACACTGGCCCGTCAATGGCGACCCCGCCGACGTCCAGGACACCATCCGCAAGTACAACCTCGTCACACGCTGGATCCGCGAGGCACGACCCGACCTCACCTTCGGCTACTACGGCATCCCGCCCGTCCGAGACTACTGGCGCGCCATCAAACCCAGAGACTCACGCCAATACCAAGCCTGGGCCGCCGAGAACGACGCCCTCCAACCCATGATCCGCGACGTCGACGTCATCTACCCCTCCCTCTACACCTTCTACGACGACCCCGAGGGCTGGGTGAAATACGCCGAGGTAAACATCCGAGAAGCACGCAAGTACGGCAAACCCGTCTACCCCTTCCTCTGGCCCCAGTACCACGATTCCCACAAAGAACTCAAGTACCACTTCATCGACGGCGACTTCTGGCGCATCCAGCTCGAAACCTGCCTCAAACACGCCGACGGCGTCGTCATCTGGGGCGGCTGGACTGACCCCGAAGGCAACCGACTCAAGTGGGACCCCACCATCCCCTGGTGGCGCGCCACACTCGCCACCATGGCCGAGAACGGCGAACGACTCGTCAACCCCAACGCCGAAGTACGCTAATCCCCCGCAACCCCGCGAATCGCCGCCTCAAAACCATCCACCATCCGCTCCAGCGTAAAACGCTCCGTCACCGTCGCGTGCGCCGACCGTGACATCGCCCCGAGACGCTCGCGATCCGAAAACAACCCCACCAGCGTCGCCGCAAGATCGCCCGCATCACCGTGACGGAACATCAGGCCGTTCACGCCCGGATCCAACGCGACAATCTCCGGGTTGTGCGACGCCACGTCATCACCCACCACCACCGGCAAACCGTAACCCATCGCGTGAATCAGACTCAAACCCACGTTCGCCGGATAAACAAACACGTCCGAACTCAAAAACCAAGGCGACAAAGCCTCCTCGCCATACACCGCACCCGGCATGATCACGCGATCCGCAACACCCAGCTCCGCCGCCAAAGCCCGCAGCTCGTCCGCTCCGTCACCCTTGCCGATCAACACAGCACGAAATCCCGGGAAACGCTCCGCGATCGCAGGCGTCGCACGGATCAACAACGCCTCCCGATTCTCCGGCGCAAAACGCGACACGAACAACGCCACCGGACCCTCACCCAGCCCTCGCTCACGACGAAACGACGCCAGATCATCCGCCCGCGACAACCACGACGAACGAGCCGACTGAATCGGACCCTGATCCAACGCGTTCGGCGCCGCAAACAGCCGGTCACGCCGAAACCCACGCTCCGCATAACCCTCCGCCACCGACCGGCTGTAAAACATCAACCCGTCCGCCCGCCGACCCAGAAACGAACGCACCCGCGCACGCCAGCCCGTCTCCGACT
NZ_CP036280.1_gap72	3148742	3149967	1225	CAACGAGCGTCGCGAGGTGATCCGATAGGACCGCTGGCAGGAACCGTTATGGCAGAAGCCCCCGTGAGTGACAACCAGGCGGTGATCCGTTGCCTGGACCTGACCAAGACGTTCAAGGATTTCTGGTTGCGTGACCGTGTTCGTGCGGTGGACGCGATTGATCTGGACGTGTTTCGTGGCGAGGTGTTTGGTCTGCTGGGTCCGAACGGTTCGGGCAAGTCGACGACGATCAAGATGATTCTGGGTCTGCTTCGGCCGACGTCGGGCCAGATCGCGGTGCTGGGCAAGCACCCGGAGGACGTGTCGGTCAAGCGTCACATCGGTTATCTGCCCGAGGAGTCGTACCTGTATCGTTTTCTGACGGCGCGTGAGACGCTGGAGTATTACGCTCGGCTGTTCGGTCTGAATGGTCGTCAGCGGAAGACGCGTGTGGACACGCTGCTGGAGCTGGTGGGATTGACGCACGCGGAGCGTCGTCCGGTGGGCGAATTTTCGAAGGGTATGCAGCGGAAGATCGGTCTGGCGCAGGCGTTGGTGAACGACCCGGAGATTCTGATTCTGGACGAGCCGACGACGGGCATGGACCCGATCGCGACGGCGGACGTGAAGAAGATTCTGCTGACGCTCAAGTCGCGTGGCAAGACGGTGATTCTGTGTTCGCACCTGCTGGCGGACGTGGAGTCGGTGTGCGACCGTGTGTCGATCATGTTTGGTGGTCGGGTTCGTGCGGAGGGCCCGGTGAACGAGTTGCTGACGGACTCGGGCAAGACGACGCTTGAGACGGCGCACCTGTCGGAGTCTGAGGTTCAGGCGGTGGAGGAGGCGTTGCGTTCTCGTGGCAAGGCGTTGGATGCGGTTCGTCAGCCGCGGACGTCGCTTGAGGACCTGTTCCTGGACATCGTGAAGCAGGCGGAGCGTGAGGGTTTGTCGACGAGTGGTGCGCGTTCGGGTGCCGAGGTGACGGGCTTCCTTGCGGAGGGTGCTGAGGGCGGGTCGTCGGCGGATGATCCGGACCGGCTGATCGCGGACCTAGTGGGTCGTCAGCGTTCGGAGGCGGCTGAGCCGTCGGATGCGAAGCGTGGTGTCGAGGTGCCGCCGCCACCCGGTCGCACGGACCCTGCGATGGAGGAGGCGACGGAGGTTCTGGACGATCTGATCCAGCAGCGTTTCGAGCCGTCTGCCGAGGGCGGTGGTGATGCGTCGGAGTCTGCGTCTGAGGAGGCGA
NZ_CP036280.1_gap73	3220911	3224016	3105	GTGTGCTGTTTTCGATTGGCGTTCTGGGGGGTTTGGTGCTGCGTCGGAGTCGTGCGTCAGTCTGACGCGGGCATAAGCAGCGAGCCTGTGCCGGTGCGGTCGGTGACGTCGATGACGGAGGGATCGTTGCCCTGGTGTGCCGCGACCGAGCCGTCGGTCAGCACAGCGTTGAAGGTGTGACCGCGTCGGGTATTGCCGCCGGTTCGTTTGTAGGCGGTGCCGTAGGCGGAGGGCGTGTTCATCTCGATGAGCTCGAAGCCGGCGTCGGTGGCGTGGTTGACGACGTCGTAGCTGTCGGGGGGTGTTGCGGTACATCTTGTCGGCGGCGAGACGTTGAGGCTTCGCGTGGTGGTGGTGTCGGTGATGCAGGTCCAGGGCGTGTCGCTTTGCTGCCAGCGTTGCGGCGCGTCCGTTGCGGCGTCGATGTTGCGAAAGACGTAGCCCGGGGTGAGGGCGTAGTTGGAGTACTGGTTGACGGCGGGAGCGTTGTCGTAGTCATGTTCGGGGTGGAAGGGGCAGTGGAAGTAATCGAGGGGCATGTAGGGGCGGTAGAGTTCTCGGCCGTCGAACGCGGCGGTCTTGATGCACCACATCTGGTTGGCGGGCCCGCCTGAGGCCTCGACGGCGTGCATGGGCAGGCGTTGGTGGTCGACCTCGTAGACGAGCATGGCCTGCCCGACGGAGCGGAGGTTGACGGCGCACTGTGTGGCGCGTGCGAGGGTGCGTGCCTGTGCCATGGCCGGGAGGGTGATGGCGACGAGCAGGCCGATGATGGCGACGGTCACGAGCAGCTCGATGAGTGTGAAGGCAGCGCGTGCGTGTTGGCGCATCGGTGTTCTCCCTGGGTGTCCGCGGCGGGCCTTAGCCCTTGGTTTCGCTGGAGATCTGCTTGGTGGCCTCGGTGACCTGTTCGGTGAGTTCGGTGGTTCGCTCGAAGCGTTCGAAGGAGTTTTCGACCTTGTTGGCGATCTGCTGGAAGACGTCGTGGATCTGCTTGGCGAAGGGCCCGATCTTGCTGGCCTCGTGGTCGGAGCTGGCGGCGAGTTTCTTGACCTCTTCGGCGACGACGGCGAAGCCGCGTCCGGCGTCGCCTGCGCGGGCGGCCTCGATGGAGGCGTTGAGTGCGAGGAGGTTGGTCTGGTCGGCGATGTCGGAGATGGCCTTGACGACCGGGCCGAGTTCGCCGGTGATGCCTGAGGCGTCGCAGATCTCCTCGACCATTTTCTGGAACGCGTCGCGTTCATCGTGGGTGAGGTTGAGCAGCTCGGCGAGGTAGCGTTGGATGACCATCTGGTCGCTGGCGTAACGGGCGAGGAAGGCGACGGAGGTGCCGATGAGTGCGCTGGCGAGCGAGATGCGGACGCGCGGGTCCGCGGTGTAGAACTCGGGGTCGCCGGGCGAGAAGGGGCGGAGGATGCCCTGTTCGTAGGCGGTGCGGATGACGCCCTCGAGTCCGTCGGGTTGTCGGTTGAGCACGACGATGACGGCCAGAGTGATGCCGCCGAAGAGGACGACGAACTGCATGAGGTCGGTCCACATGACGGCGCGCATCCCGCCGAGGCTGGTGTAGAGGATCGCGACGACGCCTGCGACAACCATGACGAGGGGCAGGGGGAGGCCGGTGACGAGGCCGAAGATCTTTCCGGTTGCGAGGAGTGCTGCCCCCATCCATGCGAGTCGCCAGATCAGGAGCATGCCGCTGGCGAGCTTGCGGACACGGGTGTCGAAGCTTCTTCGAGGAGTTGGTAGGCGCTGGTGTAGCCCTGATCGACGAAGGCGGGGATGATCCAGCGTGTGACGGGGAAGGCGATCAGGAGGAAGACGGGGACACAGGCGAGGATGTAGAGGCCGTTGGCGGCGACTTCGGTGGGGAAGGCGGCGAAGTTGAGGGCGCTGAAGGTGGTGACCATCACCGAGACGCCAACGAGGAGTGAGCCGAAGACGCGTCCGCCGAGCATGAAGCCCCCGGGGTCGGTCGGGTTGGTGTCCCGGGTTGAGTGCTGGCCGGTGGGGCAGGCGAGGCCGACGATCAGGACGGCGAGCAGGTAGGCGACGACGATCAGGGTGTCGAGGAGGGTCATGTTCCGGCTGCCGATCGGGGCGTGGTAGGGACAGAGACCCTATCGGAGGAGGAGGCGCAATGGGGGGCAAGAAGGGGCGGGAAGTGCCTGAAGTTGGTGTATTTTGATAGTTTTTGAATGATCCTGAAATTATTTGCCCGTTATCTCTCAAAAAGGTAGACTTTGGGCGTCTGGACACAAGTCATCAGAGGGCGGCCATGGCCACGAAATCACTGGACACGAAGCTTGAGCGGATCCTGGCGGACCCGGGGTGCGGGGATTTCATCATCGCGGACGCGAAGGACGCGGACATGGCGTTCGGTCTGGCGGCGCCGGGCAAGAGCCCGGAGATGCACGGGCACGAGGCGCGGTTCCGGACGCTCCAGCAGTACCGCGACCTGATCCGGGCGAACGTGCGTCAGGGTTTGGTGGACATCATGCTGATGAGCGCCTCGACGAGTGAGGTGCTGACGCTTCACGAGCGGATTTTTGACGACAGTCATGTGACGCCGGCGATCCGCGCCAACGACACGACGGACGTGTGGCTGGCGACGGGTGGCGCGTACCCGCAGCAGCCGTCGAAGCCGTTCCGGTCGGCGACGATCGATCACGCGATGTGCGGGAAGGTGGCGTGTGAAGCGCACGAGCGGAAGCGCGGCGCGGACCTGGGGCTTTACTCGGTCACGTTCAATAATGATGTCGCGCTCGATCACCATGCGCTGGAGCAGTACAAGGCGTTTCGTCTGGAGGCGGAGGCGAAGGGCTTCCGGCACTTCCTGGAGGTGTTCGACCCGAATGCGGCGCAGGCGCCGATCGAGGATCTGGGGCGGTTTCTGAATGACATGATCGTGCGCACGCTCGCGGGCGTGGTGGGCAAGGGGCGGCCGACGTTCCTGAAGATCCCGTACCACGGGCCGGAGGCGATGGAGTCGCTGGTGAGTTACGACCGTGGCATGGTGGTGGGGATACTTGGCGGATCGGCGGGAACGACGTTTGACGCGTTCTTCCAGCTGGCGGACGCGAAGAAGTATGGCGCGCGGGTGGC
NZ_CP036280.1_gap74	3236303	3238132	1829	CTGCGTTCCATGTCCACCACCAACAACACCCCGGCGACGGCAATGAATCACGGCCCCAGCAAGCCCGCCCCGTTTGAGCCGCTTGAAGACCGCATCATGCTCTCGGCCGACCTCGCAGCGGGCTTCGCCTTTGGCTCGAACGACACCTTCGACATCGACAACGAAGAAGAAGTCATCGACGTCGCCACCGACACCGCCGGCAACCTCTACGCCGTCGCGAACATCAAGGGCACGGTGAACGTCGATCCCAACGGTTTCACCGAACTGGCCACGAGCGGCCCGGCCGACGGCGACACCGCCATCCTTAAATACAGCTCCGACGGCACCCTCCTCTGGGCGGCCAAGCTTGGCGACGCCACCTCCGACACCGGCTCTTCCATCGCCGTCGACGGCTCGGGCAACGTCTACGTCACCGGCAGCTTCACCGGCACCCTCGACGTCGACCCCGGCGCAGGCACCAACAATCTGACCTCCGTCGGCAACGAAGACGCCTTCGTCGTCGCGCTCGACAGCGACGGCAACCACCTCTGGGGCTTCTCGCTCGGTGCGGCTGGCGAGGACACCACGGGCGGCGGCATCATCGTCGCCGGCGCCAACGTCCTGCTCGGAGCCGGTTTCTCCGGCACACTCGACCTCGACCATGGCGCGGGCACCAACAACGTCGGCGCGGCCAACAACGCCGGCACCAGCTTCCTCGCCGCTTACGCCGCTGCCGACGGCAGCTTCCAGAGCGGCTTCGCCCTCGGCGACGGCAACACCGGCGCCACCATGCTCTACAGCGGCACCACCGACAGCTCGGGCAACATCCTGCTGACCGGCGGCTTCACCGGCACGGTCGACTTTGACCCCGGCGTCGGCACCGAGGACGCCACCTCAGCCGGCGGCGTCGACATCTTCGTCCTCAGCCTCGACAACGCCTTCGCCCACGCGTGGGACCACCAGTTCGGCGACACGGGCGACGACTTCGCCACTTCCGTAGCCACCGACGGCGCCGACAACGTCTTCCTCGCCGGCGGCTTTGCCGGCACGGTCGATTTCGACCCGGGCGTCGGCACCTCCAACCTCGCCTCCGCGGGCGTTGGCGACACCGACGGCTTCGTGATCAGCCTCGACACCAACGGCGACTTCGTCTGGGGCCTCGAGTTCAACGCGGCGGACGCCACCGGCCTCCTCGACGAGCTCCAGATCGACGTCTTCGACACCAACAAGCTCGCGATTGCCGGCGCCCTCGAGGGCACCGTGCAGCTCGACCCCGTCGGCGGCACCGCCGAAACCTCCACCGACGGCCTGGCTGATCAGGAAGGCTTTGTGGTCGAACTCAACGACATCGAGACCGCCAACCCGGCCTTCGGCGGGGTCAGCCAGTTCGGCGGCACCGGTTCCAGCGAGGTCAGCGAGATCGTCGGCCTGCCCACGGGCGGCTTCCTCGTCGGCGGCAACTTCTCCGGCACCATCGACCTCGACCCGGGTGCCGCGACCGACGAGTTCACCGCCCTCGGCGACGGCTCCACCACCGACAGCTTCCTCGCACGACTCTCCAGCGCCGACTCCGGCCTGGTGACCATCACCACCACCGACCCGCGCGCTACCGAAGAGGGCACCACCACCGCCACCTTCACCGTGACACGCTCGGGCGGCACCACCGGCGACCTCGACGTCACCATCACCGTCGGCGGCACCGCCACCGACACCGACGACTTCGCCAACATCCCCACCACCGTCACCATCCCCGACGGCCAGGCCTCCGCCACCATCACCGTCACGCCCGTTGATGACGGCGACACCGAGGGCACCGAGTCCGTCCTCATCACCCTCGTCGAGGGCGACGG
NZ_CP036280.1_gap75	3251004	3255899	4895	TTCCAGACACTCGTCGCCGACCTCACCGCGCTGCCCGTCGCCAACGCCTCACTGCTCGACGAGGGGACCGCCGCCGCCGAAGCCATGAGCCTCTGCGTCGCCCACGCTCGCGGCAGGAAGCGCCGCTTCCTCGCCTCGGATCGTTGCCACCCCCAGACCCTCAATGTCCTGCGCACCCGCTGCGCCTCCATGGACGTCGAACTCAAACTTGTCGATCCCCACAATCTCGCCGCCGACGTGCTCGCCGCCGCCGCGGGCATTCTCGTCCAGCGGCCCGACACCTTCGGACGCATCGACTGCTTCGACGACCTCTGCAAGCTCGCCCGCGACAACGACTGCCTCGTCGTCGCGGCCTGCGATCCGCTCTCCCTTACGCTCCTCACACCGCCCGGCGACTGGCAGGGGGGTGGCGCCGACATCGCCATCGGCTCCGCGCAGCGCCTTGGCGTCCCCATGGGCTTCGGCGGGCCTCATGCCGCCTACTTCGCCACGCGCGAGAACTTCCTCCGCAAGATCCCGGGCCGAATCGTTGGTGTCTCCAAAGACGCCCGCGGCAACCGCGCCCTGCGCCTCACCCTCCAGACCCGTGAGCAGCACATCCGACGCGACAAGGCCACCTCCAACATCTGCACCGCGCAGGTCCTCCTCGCCGTCGTCGCCTCCATGTACGCCGTCTACCACGGGCCGCAAGGCCTGCGCCAGATCGCGACCCACACACGCAGCCAGGCCGAACGACTCCGCTCCGCGCTCAACGAAGCCGGCGTCACCACCGCCAACGGGCCGATCTTCGACACCATGCTCGCCACCGTCGACAACGCCGACGACTCCCTCCGCCGCGCCGAAGAACAGGGCATCCTGCTCCGCCGCGTCGACGACACCCACGTCGCCATCACCACCGACGAGACGACCACCGACGAAGACCTCGGCAGACTGCTCGCAGCGCTCGGCACCAACACCCGACTCCCCGACACACCCGAACTACCCGCCGAACGCACCTCCGACTTCCTCACCCACGAGGTCTTCAACACGCACCACTCCGAAACACGGCTCCTGCGTTACATCGACAACCTCGAACGCAAGGACCTCACCCTCGCCCAGTCCATGATCCCCCTCGGCAGCTGCACCATGAAGCTCAATGCCGCCGCGGAGCTGGCTCCCATCTCCTGGCCGCAGTGGAACGGCCTCCACCCCTTCGCCCCCGAAAAACACACCCTCGGCTACCAGCAACTCACCGAACAACTCGAGAAGTGGCTCGCCGAACTCACCGGCTTCGCCGCCACCTCCCTCCAGCCCAACGCCGGGTCGCAGGGCGAGTACGCCGGCCTCCTCGCCATCAAGGCCTACCACGCCGACAACGGGCAGGCCCAACGCGACGTCGTGCTCATCCCGACCTCGGCACACGGCACGAATCCCGCCTCCGCCGTCATCGCCGGCCTCCGCGTTGTCCCCGTCGCCTGCAACGAGCGAGGCGACGTCGACCTCAACGACCTCCGTGACAAGGCCTCGCTCCACGCCGACCACCTCGCCGCCCTGATGATCACCTACCCCTCGACCCATGGCGTCTTCGAACCGGGCGTCGCTGAGGCCTGCGCCACCGTCCACGAGTTCGGCGGACAGGTCTACATGGACGGCGCCAACCTCAACGCCCAGGTCGGACTCTGCCGCCCCGGCGACTACGGCGCCGACGTCGTCCACCTCAACCTCCACAAAACCTTCTGCATCCCCCATGGCGGGGGCGGACCTGGCGTCGGGCCCATCGCTTGCGCCAGCCACCTCCAGCCCTACCTCCCGGGCGACCCGCTCGACAACGACGGCCGCGCCGTCTCCGCGGCAAACTTCGGCTCCGCCTCCATCCTCGTCATCCCCTGGATGTACCTCCGCATGATGGGCCTCGACGGGCTCCGCCGTGCCACCGCAGCCGCCATCCTCAACGCCAACTACATGGCCAAACGACTCGCCGACCACTACCCCATCCTCTACACCGGACCCTCCGGCCGCGTCGCCCACGAGTTCATCCTCGACTGCCGACCCTTCGAGAAGTCGGCCGGCGTCACCGTCGAAGACATCGCCAAACGCCTCATGGACTACGGCTTCCACGCACCCACCATGTCCTGGCCCGTCGCAGGCACCCTCATGGTCGAACCCACCGAGTCCGAAGATCGCGCCGAACTCGACCGCTTCTGCGACGCCATGATCCAGATCCGTCACGAAATCGACCGCATCGCACAGGGTGAACTCCCGCGCAACCACAACCCCCTCAAGAACGCACCCCACCCCGCCGACGCCGTCACCGCCAACGACTGGCAACACCCCTACACCCGCGAAGAGGCCGCCTACCCGCTGCCCTGGGTCCGCGACCGCAAGTTCTGGCCCGCCATCGCGCGGACCGACAACGCCTTTGGCGACCGCAACCCCGCCTGCACCTGCCCGAGTGTGGAAGAATTGGCCTGAGCCGCGTCAGATCAACACGGCAAATCATTGCGGACGGAAAATCTTTCCGGATGCGACCCGTGGTGCGCCGCGCCCGCCATCAAACAGCCCGTCGAATCGCCCGTGCCGGAATAAACCGCCCCCATCCCCGGTTAGAGTTCCGTCTCACGCTGTCACCGGAAGATGGGATCCAGCATGACCAGCAACCAACCGCCCCGCGAGGAGGCCGCGCGCCCACAACGCTCGCTTGGCCGCACCATCCTGACCCTAGGCATCGGCTTCGTCACGCTCCTCGCGGCCGTCAACGCGCTGACCCTCATCCTCTACCCCGGCCTGCTCATCTACAACGCGCGACAGCCCCAGACACCCGCCAATACACCCTCCGCCCACGCCTACACCAGCCGACGCGCCTCCATCTGGACGGAAAACACCCAGCCCGTCCGCCGACTCACAAACCCAGCGCCACCCGAACCAGTTCTTCGATCGCTGACATGACCGACTTGTCAACGCTGCCATAAGACCGCAGCAATCGACGACGTGAGATCGTCCGCACCTGATCGCACAACACCCAGCTGTCTTGATCCAGACCACCCGTTCCCGCCTGCAAGGGCAGGTGCAGCGGGATGTCCCGCCGCCGCGTGGTTACGGGCAGCACCGTCACCAGCCCGCTCGGCCCGTGATTGAGAACGTCATCCGACAACACCAGCGCCGGACGCACCCGCCCCTGCTCATGACCAACCACCGGCTCGAGATTCACCAGCCACACCTGCCCCCGCGAAGGCCGCTTCATCACGCACTCCAATCAGCAGCATCAACATCACCGACCGTGGCATCGTCCCACGCCGTGGCGTCATCTTCCCCCGCCGACTCCTCGTGCAAACGCTCGTAACCACTGTTCGACGCGGTGAGAATCAGCTGACGCTTCAGACCCTGAATCGCTTCCGCCAGCAGGTCTGTCATCGGCCGTTGTGTCTGCTGCGACAAGGCTTTGAGCGTGTCGTGATCCCTCGGATCGATCCGCACCGTCAACGACATAACCTGTCCCTTTCGCGGAACTCAAGTGTCTACAAGAATAATGTTAAATTTGCATACAGTCAAGTATATTTATTTGTATACAAGACTGTGATTACGCCCCCTCAACCACCACCGGCATCCGCCCCTGACCGTTGCTGCTCCGCAGCGGCTTGACCCCCATCGTCATCGAGACGTACTCGTTCGCGCTCGTGTAGCTGCGATTGACCTGATAAGGCACATCCGTACCCCGCAGCAGCGACAACTCCATGCTCCCGAGGTGATCGTCGCGGTTGCGCTTCATCATCGCCGTCGCCTCCCGCGCCAGCTCCCGAACCAGCGCCGCCGCCGCCGCATACCCCGGGTTCGCCGCCAGCATCCCCAGGCCCAGCTCCGCCGCCTTCGACGACGCCACCTTCTCGAAATCCGCGCCAAACCGCCGAATATCGCGGTCACACTCGAAGACCATCATCTGCACAACAAGGAACCCGCCCGGGTTCTCAGGCCCGTAGGCCAGGTAACCGTCACCGCCGAACCCCGCCGTCATCCCGGGCCGCATGTGCGGGAAGACCGTCCGATTCACGCCCAGCTTCCCCTCACGCGCCCCGCGTTCGTCCAGCGCGAGGCTCGCCACGCAAAGCTCGTTGTGCCGCAGATCCCAGAACTCGCCGAAAGGCGTGTGCCGCTTGAGCAGCTTTAACTCCGTCAGACACACCGCGATCGGGTCCGCCGAAGGATCAAACACCGAAACCCCGTCCTGCTCGCTCATGATCGTCTCCATCGCGGATCATCCCGCATCAGGAGACAGACCCCCTCAGGCCGTGCGCACGATCGAGCTGATGCGCCCATGAAAAAGCCCCCGACTCCGCGGGGGCTGCCTTGGCTTCCTTGCGCTCGGCGGTGCGTATCGTCTCAGCCAACCTCGATCACAACAGGCCGTCCGAAATATCCTCTGCCAGAGCGTCCACAGCACCGTCCAGACGCTCTTCCGTCTCGTAGGTGCCGTTGGCAATCTGCTCGCGAATCTCGGCCACCAGCCCCATGCGAGGCGGGAGGTCCGACAGCTTGCTCAGAATCTGCGCCGCAGGCGAGAAATCCGCCTGATCCGATCGACTCGGACGCACCGCTTCGGACGGTTTCGACTGCGGGCGACCCTGTCCCTGAACTGGAACGGCCGGCTGGCTTCCGCTGATCCGTGCGATGTCAGACATAATCAGTACTCCTTAACACAGGCCGATCCCGGCCCTGGTCCGGATATCAGGCAACAAGCCTCATCATCCGGCCGGCTGCGTGCCGGTAATCGTCTACCCTGAAACTATCGCCCATCTCCGCACCTCGCCTTGAACAACACTCCCCAGACCGTTTAGTTGATGTTACTTGCTTGATTAGCATGATTTATATCGATTTTACGATCGCTTCGTCCGGTAATCCGTCCTCTGCCAGCACTGGCACAT
NZ_CP036280.1_gap76	3402786	3407302	4516	CGGACCCAAAGCAGAAACCTTCGTCGCCTGTCACCTGCTCAAGGCCGTCGAAGGCTGGAACGACCTCGGCCTCGGCAGCTTCCAACTCGCCTACCTCCGCGACAAGGATCAACATGAGGTCGACTTCATCGTCATCCGTGACAACGAGCCCTGGATGCTGGTGGAAGTCAAGATGACCGACACGAAGCTCAGCCCCGCACTCGCAAAATTCCAGAAGCAGACCGGCGCACCCTACGCCCTGCAGGTCGTGATCAGCCTCGACTACGTCAATCAAGACTGCTTCAAAAAACAGGGACGACCCGGGGTCGTCCCTGCACAAACGTTCCTGTCTCAACTGCTCTGAAAACCTCGCATCCCGCTCAAGCCCCCGGGCCCAGCGCCTCGTACTCCGTCACGCTCGCGTCCGACAGGCACGCTTCGATGATCTTCTGACCATGCGGATCAAGATCCGCAACCGAGAACGCGCTGATCTGATCGTGGAAGAACGCCTTGAGCACCTCGGCGCCCGCGTCATAACCCGACTCGCCCACCTCAGGCTGCGTCTCGACACGCAGGAAACCCTCGGGGATCTCCGTCCCCTCCACCTGCATCGACTTGAGCGAGTACCCCAGCAACGGGCAACGCGCCGCCAGCAGCCGGTCCTTGGGGAACACCGACGAACCACGACGCGCCAGATACTCGCGAACGATCCACTGAGGCGTAAAGCTCGTCTCCCAGCAGCCGACGTGCTGGTTCGGGATCAGCACAAAAAGCGTCTCATCCGTGTTCATGAACTGGCTCAACAACAGGTTCGCCTGATCCACCGCACGACCCGTCGCGAACGGCCAGTAGCTGCCCACGCCCTCACTGGTCATACCCTGAGTGTCCACGATCGACGGGTTCGCATGGCCACGCGGCGCCACCAGACGCCACAGCCACGCCAGCGCAGGCGGCAGAATGTTGATCATCCCCAGCACGCCATACGTCGGCTGCTCGGCCGTGCACGGAGGCGTACGCACACCAAAACTCCGCACGTCCACCGTCACCGGCTCCGTCACGATGTTCGGATAATCCTTACGCGGCATGATCACACGCGGGTTCGGGCAAGGCACGCCCGGCTCGTCCTCAATCGCATCCCAGATCAACGCCGTGCTCCCCGGCTTCGCGTCAATGTTCAAGAACAACAAAGGCGAAGGCGGATTGATCGTCATCGCCTCCAGGTGCGGGTCCGTCCCGTACTTCGTGATGTGATTCACACGCAGGAACCACGCGTCCTCCGCATCATAGAGCGTCAGCTTCTTGACCTCGGGTTTCTGATAATCCGGGTGGCACAACGCCATGTCGTCCGTCACCGGGTGCAGCCGACACCCACGCGGCAGGGTCAGATACTTCGACTCACCCGTCACCGTGTTCGTCCCCAGACGGATCTGGCCGTCCTGCTCACGGTGCATCTGCTCGAGCATCTCGCTCTTGCCACCACCCGAAGCACCCTCGTGCATGATCGTGCACGTGTTGTCGTAAGGCGTCACGACCTGAACCGTCGAGCAGTGCGCCGTCACCCAGCCCTCATATTCGCCTCGGTTCAGCAGCACCCCGTAAATACCCTTCTTCGCCGACGGACCCGGGTACAGGTTGTAGCTGAACAACTCGTGCACCTGCTCGCGACGGTTGTGCACCACGACCTGACGACCCTCGAAATGCGTGTGGCGGAAGGGCGGAGCGACATAAATGATCGCCTCGTGGAAGAACTCCTCACGGATCTCCTCCTTCGGCAGGATGCCCTGAAGCATCGCCAGACCCAACGCGAAGAACGCCGCGTTCGCCGGCGCAATCGCCACCGCCTCCGTACCCTTGCCGGCCAACCCCGCGTTGAATACGAAGTAAGCCAGGTCCTGCGTCTTCATCCAGTCAAACGTCGCCTGACGCACGTCCTCCCAGTCCTTGTCCGGGAAACGCTCGTCCCACGTCCGCTTGCCCGTCGGCCGCTTGTCCGCGATCACCATGCAGTCCGGGTCACGGCGACGCATGTACGGCTCGACATAATTCGCACTGATGCCGTTACGCACCCGGCACACTTCAAGCTCCGGCACGTAACCGCGGCCCTCCACCTCGTAACCCACCGTGAAGATCCCCCGCGCATCGACGCCATCCTCCGGCACCGCCAGGCGGATCAGATCCTCCACACTACCCACGAAAGTCGCCGACTTTGCCCCCTTTAACACGTCTTCCGCGGATTGGGACATGCTGACTGGCAGATCAATCGCACTCATAGCTCAACTCCGTTTCGCAACAGGGTTCCTTGGCTCATCTCAACATTAATCTCATTAATGTTGAGGCAGCTTAGGTGATTTACCGACGCAACTCAAGAGTCACAGGACACCCGGCGATTTAACGAACACAATCTGAATAAACCGTCTTTCCCTCCGGGTATATACCTATTGACTCAGCCCTATACACCGCATAAATAAAGACTTAAGGGCCTAATGGTATCTTTATGGATCGCTCCCGCCCTGACAACCAGAAAGGAGTTAGGGACATGACCACGAACCGACGCGCGCTCACTTGGGTCGTCGCACTGCTTGCCTGCGCCGCAAGCCTCACCACCGCCCCCGCGGCACTCCTCTCCGATACCGAACTCTACCTCGACCCCAACGACGTGCCCCTCGCCGTCTACGACAAGGTCTTCCTGCCCGACCTCGCCGCGGCCAACACACACACCTGGCCCGCCGACCTCGACCCCGTCACCACCGCGCAGATCGTCCCCATGATCAGGCCGGGCGACTACGCCGACGACTACGCCTACTCCCAGTCCGACTACCTCTACGCCCCCAACGTCGACTACACCGCCGACCTCACCGCCGGCGAACTCACCACCACCTTCCTGGAAGGCGGCCTCTACCACGTTCAGGTCACACGCCAGTCCGGTGCCGCCGAGATCTTCGCCATCTTCGCCCAGGCATGGTTCGGCCCCGGCGCGGAAGAACAAAAAACCAAACCGGACAAACCCGTCACCATCCCCGACGCCGACCTCTACATCGTCTCGGAATCCCCCAAGCCCGATCCCCCCGTCGCTGATAAGGACGACCCCACAGGCTACGAAGACCTCGCCGTCAAGGTCCTCACCGCGAACAAGGGAGCCGACAAGGTCAAACGCGCCAAGTCCGTTCAGGACGCGATCAAGCTCATCAACCAACTCGAGGGCACCGGCAAACACGTCGAACTCGTCGGACACGGCACCGCAGGGGGGATCTCCCTCGGCGGAGGATTCACCGCCAACCTCGTGCCCACCGGCTTCGTCGGCACCACCGCCAAAGCCTTCGCCACCGCCATCAAAGACAAGAAAATCACCCTCACCCATATCTCATGCAACACCGGCGCCGGCACAGACGGCCAGGAATACGCCAAAGAACTCGAAGACAACGGCGTCACCGACTCCCTCGCCTACGACAGCGAAGTCATCTTCTACGAGAACAGCAAGGGCGGTTACCTCGCCGTCCCCCACAACGCCTCCGGCAAGCAGATCCCCGAACCCGCCACACTCACACTCATGCTCCTCGCCGCCTCAACCCTGACACGCCGGGCAGCCTGAGAAAAAGGCCTCACAACGCCAATCAACACCTCCGCTTATGGGTAAATCACCCCCATGGCGACAGGGATCGGACGATATTAGGATAACCTAATCCTGATATCGATCGCCACCACCCGCACGAGGTGTCCCGTGTCCAAAAAGTTCTTCCTGCCCGAATCCGAGATGTGCACCCAGTGGTACAACGCCATCCCCGACATCCCAGGCGGACTCGAGCCACCACGACACCCCGGCACCGGCCAGAATCTCGACCCCTCCGAACTCGCCATCATCTTCCCCGAGCCGCTCATCGAACAGGAGGTGAGCACCCAACGCTGGATCGACATCCCCGAAGAGGTCAACGACATCCTCCGGCTCTGGCGGCCCACACCCCTCGTCCGCGCCACCAACCTCGAACGCGTCATCGGTGCCAAGGCACGCATCTACTACAAGAACGAGGCCGTCTCTCCCGCCGGCAGCCACAAACCCAACTCCGCCGTCGCTCAGGTCTACGCCAACAAACAGGTCGGCATCGAAAAACTCGCCACCGAAACCGGCGCCGGACAGTGGGGATCCTCCCTCGCACTCGCCTGCTGCGTGTTCGGCGTCGAATGCCTCGTCTACATGGTCAAGTGCTCCTACGAACAGAAACCCTTCCGACGCTCCATGATGCAGACCTGGAAGGGACGCGCCATCCCCAGCCCCTCCGACACCACCGCCGCCGGACGAGCCGTCCTCGCCGATGACCCCGAATGCCCCGGATCCCTCGGCATCGCCATCAGCGAAGCCGTCGAGATCGCCGCCCAGAATCCCGACACCAACTACGCGCTCGGCTCCGTCCTCAACCACGTCCTCCTCCACCAGACCGTCATCGGACTCGAGGCCCGCAAGCAGTTCGCTATGGCCGGCGAATCTCTGCCCGACGTCGTCGTCGGATGCTGTGGCGGAGGATCCAACTTCGCCGGCATCGCC
NZ_CP036280.1_gap77	3422886	3424059	1173	CCCGACAACGCCAACCTCACCCAGGGCAACCAGCTCAAAGAGCCCCTCACCCCCACCCTCCCCGACGAACTCAAACGCGCCATCGACGAACCGGGCACCAACCGCGTCGAGGCCGCCGAGAACGCTTTCAACGTCTCACGCGGACTCCTCGACGACACGCTTTTTGGCGAGATGCCCGAACAACCCGAACAGGCCAAACCCGAACCCGAACTCGACGAGGCCGAACTCGACGCCCTCGAGAGCTTCGTCAACAAGATCGCCGTCCCCACCAAACGCTTCGAGACGCTCGCCAGCGAACGCGAAGACCGCTTCAACAACCTCATGAAACAAGGCGAGCAACAGCTTGCCAACGGCGAGTTCTTCGTCGCCGAACGAACCTACCGCCGAGCACTCGACCAGAACCCCGGACACCCCATGGCACGCGTCGGTCTCATCCACGCTCAGATGGCCGCCGGCATGGTCCGCTCCGCCGCCGCCAACCTCCGCGGTCTCTTCAACGACCACCCCGAACTCCTCACCGTCCGCTACGGGCCCGAGGTCCTGCCACCCGCCAAACGCATCAACTGGATCCAGGCCGAGCTCCAACGATCCATCGCCGCGGGTGGCGACCAGAGCCGAGCCGGGCTGCTCCTGGGCTATCTCGGCTACCAGCTCGAGTCACGACAACTCGTCCGCTACGGCCTCGCCGTCTCCGGCGCCGCCGAACCGAACGACGACCTGATCCCGCTCCTTCAGCGGCTCTGGCTGCCCCAACGCGACACGACCGACGCACCCACCATGGGGGTCGAGTGACGCCGACCTCATGAGGAGTCTCCGCTCTTGGGTGACCGTGACGCGACCCGGTTCTCATCGGGGGGTATGGGTGAATCGCTGATCAGCGGACGCGCTGACCGCACCGATACCCTGCTCGCGTTCGTTGATCGCTCACTCCTCCAACACGTCCAGGACAGCCTCACCGCCGCGCTCGACATGTCCGTCCAGTTCGTCGACGGCAGCGGACGAACCCTCACCGAACCCACCGACGCCCTCCGCCGCGCCGCCTCCGATACCCTCCTCGGCCAACTCCTCACAGGCGAAACCGACGAAGAAGACGGCGTCTTCCGCGCACCCGTCCAGGTCGAAGGACAAAAACTCGCCATCCTCGAACTCCTCCGCGAAGACCCCGCCGGCAAC
NZ_CP036280.1_gap78	3486041	3486541	500	GCGGAACGTACCGGCTTTAAAGCTCTACGCGGGGCTGGGTTTCAGGCAGACGGCGGAGCGCGCGGCGTACCTGCGGATGCTGTGAAACCCTGTGAATCGCGGGGTTTTCCACGGGTTATGCGTGAGGGTTCGGCGTGGCGTGGAAAAAAAGAAATCAAGTCAATAACTGCATGATTCACAATGGGCTGGAATGGGTATGCGGGTTGCGGAGGCTGTTCCCCCGGTTGAAGCGGAGGGCGTGTGTCTCTAAGTTTGGGCTTGCGTCGCTGGATGGACGCACGTGAACTTGTTGAAGGACACATCTCATGGTCGAGCACGGCTTGAAGTCTCAGAGAATTGGCCTGTTGTCACAGGCCGTGCCCGGCACGCCGGACGGACCCGGTTTTCAGGGGCAATCCTGCCTGAGAGGGCGGGTGAGCCAGCACACGGCACAGCGCCACACCTGATGTTCGCGGGGGGCGTCGTGTGAGCCCCACGCCTAACCAATAAGGGTCCATGCC
