gap_id	start	end	length	sequence
NZ_CP073782.1_gap1	195560	196167	607	AATCCCGAACGCGGCGTTTATCAGTTTTCTCGCCCAGCCACGGCTTATCTTGAGCCTGATCTTTTATGTGGCGCTCAAATGCTAAAGCCTCCCCTTTGGTCGCGAACTGGCGACGGATGCGCTTTCCATCCCTACCGTTTGGGAAAACCTGAGTCTGCCACTTTCCGTTAGGTAGTTTTGAAACAGCCATAATTCACATGCTCTCTGTACGAGTGATTATTTTCCCAAGGATTTTTATGTCATCAATTTTGCATTCGAAAGAGGCCTTGCCATTCTCAACTCGCACGCGTCCGCCAGGAAAGCGGTACAGCTCGCGGACGCTTACAATCCCATCAATTTCAATGAACCAGAACCCATCTACCAATTCGCCATCGTAACGGTCAGCAAGGTAGGTCGTTTTGTCAGCATTCAGGATGAACGGTGAATTCAATCCCTCTGGAATTGTCGATGTATCAGCTATGACATCGTTTTGGGTTGAGATATTCCCATTCGTGATGTCCATGCGTTTTAAATAGGTGATATTTTCATCGTTGCCCCCAAGGAACCTGCTTCCTTCCCCTGTGCTAAGCCAAATTAGTGATGCTCCTGTTTCAAGATGACAAACGAT
NZ_CP073782.1_gap2	218091	221026	2935	TCATACACCGGCACCCCGGGCGTGGATTTTGTTTCGAATCTGGCGAACAGCGTGAAGGTACTCAATGCATCAGCGGTGGGTAATAACTACACGCTCACCGCCACTGACGGCGCTGCGTTTTCATCCATGGCCAACGCTGGCGCGATCCCGGTTTCGGCAACGGCACTGGCGGTACTGAAAAAGTACGGCCTTTATCCGCTGGTAGCCAATGCCGCCACGCTGGGCAGCGACAAAATTGTGATTTCCGCCACCCCCGCAACGGCTGCGACCGAACGCATGTTGCGCCGCCAGGGTTCCTATATGGATGGTGCGTCTGCCGGTGTCTGGATGGCTGGTTTTAACGGTGTTCGTGCTGCGAGCGGAGTATCGGCGTTTCGTGTGGCGTATTACGCATAAAAACGGGAGGAAATATGAGCCTGATTATTGTCAGCAATGATTTATCGGAAGAAGTACACCTGGTGACGGTGGCGAATGGTGCGGCCACGGCAACGGAGCGACTGAGCGGGGCCAGCGTATCAGCGGAGGAAATGGAAACCCTGTTTCCCGGTTTCACCAGCGCAGTTGCAACGGCCGGAGATACTGCCGAACTGCTGGGGACGCTGGGGTCACTGAATGAGCGTTTTATCTGGGCGCAGGTGTCTGGCTCCTTACAGTAATGTGAATAGAACCGCCATGGATGGCGGGTGGATATTCTGAAGAGAAAATAAGGGGGGAGGCGTGAGCGGAAAATATATCGCCATTTTAACCGCATACGGCGCATCCAGATTCGCCCAGGCGGCGCAGTCCGGTGACCGGGTCGATTTTGCTGAAATGGCTGTGGGCGATGGTGGCGGTACAGTGCCGGAGCCTGACGCGTTAAGCACCGGACTGGTTAATGAGGTTTATCGCGCGTCGCTGAATCGCGTTGTTATCGCTGACCAGGCCGCAAATGTGATCCGCACGGAAATGATTATGCTACCGCAGGTGGGCGGATTCTGGTTGCGTGAAGCGGCGTTGTATGACGGATCCGGGCAGTGCCTGGCGGTTGCCAGCCTGCCACCATCGTATAAACCCATGCTGGCAGAGGGATCGGGGAGGCTCCAGGCCGTTAATATATGGCTTGCGGTCAGCAGTACCGTCAGTGTGGAGCTGAAAGCCGATCCATCAGTCATACTGGCGTCAGTCGCTGAGGTCAATAAAGCCAAAGATGAGGCTAAGGACTATACCGACCAGGTGGCCGGAGACCTGGACAAAAGTATTCAGCGGACTATCGCTGCCGCCATCACCGACGCAAAGCGTGACTTTTGGGAAGATGACAACCCGATCGGCACGGTCAGATTTTACAGCCAGAATGTCAATCCTAATGACCTGTATCCGTGGTCAGAGTGGGTCTACACCGGCGAAAACAAAACGATCCGCGTGGCGAAAGCAGATGGCTCGAACGTCGGGACGACCGGCGGTAGCGATACCGTCACGCTCCAGCGGGATAACTTGCCCGCTGTACAGATTGAAGTTAGCGGCGAAACCAGCGAGCTACCCGAGCAGACGCTGACCACCACGAGAGACGGCGAACATAATCATGGCGGCGTGGCTGGCAGGGATGACCCCTGGGAAATTGGCGGTGATGTAAGGCAGTTCTTTAACCCGAAAGAGTGGGGCGTGACAGATAACGCCGGAGAGCATGATCACGAAGTCACAGTACCGGCGCACAAACACACGACCAGCGGCAAAACTGCCAACCTCGGCGAGGGCAAATCGTTCAGCGTGGTTGAAGCCCACACACTGCTGATGTGCTGGAGCCGCGTTGCCTGATAAACCCCGGTATCAGTCTGCCCCGATAAGGGGCTTTTTTCTGTCTGCGGTTGTGTCATTGACGGTACAACGGCCATCAACGGCTTGCGGGGAATGATTTCCCTACCATGGGTGAACCCCTAAACAGGAGATTCATTCATGGCGCAAGACTATCACCATGGCGTGCGTGTTGTTGAAGTTAACGACGGCACCCGCTCTATCACGACGGTGAGCACGGCGATTGTAGGCATGGTATGCACCGGCGATGATGCCGATGCCTCTGTGTTCCCGCTCAATAAGCCGGTTCTGCTTACCGATGTACTGACCGCCAGCGGCAAAGCGGGCGAGTCCGGCACGCTGGCCCGCTCACTGGACGCCATCGCAGACCAGGCAAAACCCGTCACCGTAGTGGTGCGTGTTGCCCAGGGCGAAACCGAAGCGGAAACCACCTCCAATATCATCGGCGGCGTAACCGCTGACGGTAAGAAAACGGGCATCAAAGCGCTGCTTTCGGCGCAGTCGCAGCTGGGTGTGAAGCCGCGCATTCTTGGTGTGCCGGGCCATGACACGCAGGCTGTTTCCACTGAACTGTTAAGCGTGGCGCAGAGCCTGCGCGGCTTTGCGTACCTGTCTGCCTACGGTTGTAAAACCGTGGAAGAAGCGATTGCCTACCGCGAAAATTTCAGTCAGCGAGAAGGGATGCTGATCTGGCCTGATTTCATCAACTTTGACACGGTGCTGCAGGCGGATGCGACTGCTTACGCCACTGCCCGCGCGCTGGGTCTGCGTGCAAAAATCGACGAGCAGACCGGCTGGCACAAAACCCTTTCTAACGTGGGCGTCAACGGCGTAACCGGCTTGTCTGCGGATGTGTTCTGGGATCTGCAGGACCCGGCAACCGATGCCGGACTGCTGAACCAGAACGACGTCACCACCTTGATCCGCAAGGATGGTTTCCGCTTCTGGGGTTCCCGCTGCCTGAGCGATGACCCGTTATTCCAGTTTGAAAACTACACCCGTACCGCGCAGGTGCTGGCAGACACCATGGCGGAGGCGCATATGTGGGCGGTGGACATGCCGCTTAACCCTTCGCTGGCTCGCGACATTATCGAAGGTATCCGCGCCAAAATGCGCAGCTTGGTAAATCAGGGCTACCTCATCGGCG
NZ_CP073782.1_gap3	226589	231448	4859	TCACTCATGAAACCGTAGTGCGTTACATCATGACACCTGGAGTTATTGATAATGCCCCGCCGCATCCCACTGCCGCCGGGCAGGGGCATATGAACTTTTAACACTCATCACTCGAATTTCTTTGCGCTTTCTATAATGCTGGCTTTATATGCTTTATCTTGCTCATAGGTCATAGAGCCAGTTTTTTGACACTCCTCCCCGCCTGCATTGATTGTGTAGCCCTGGTCACGGGTAATGTTAAGTAGCGTTATCTTTTTAATCGTCGTAGGTTTCCACTTATTCATAAAGTAATCGCCGCATATGTCATTAAGCATTGATTCAACCATTGTGAGCGTAACCTCTGGTCTGCCATATCTTACGATTAACTCCCCGTTTTCCAGACTGTGTGTTCTGGTGTCATTTGCAGCAATCAAATTTTCGATGGAGGTTGGGATCTTGTCTGCGAAAGCGGTCTGAGAGGCGAAGAGCAAAAGAATTAATAAAGGTTTTTTCATACGAGTCTGTCCTTAAAAAGTATGAGTACGTGAAAAACCTGCTGCCATTTTGCTGCCAATGGCGTTTCTGATATGAAAAAGCCACCTCGCGAGAAGTGGCTTAATGCATGATTTTAAAGCTAAAATCTGGTGGCCCCTGTTGGGTTTGAACCAACGACCAAGCGATTATGAGTCGCCTGCTCTAACCACTGAGCTAAGGGGCCGTGGCGAGGGATTATAAAGTAACTGGCGATTGCAATCCAGCGTAAAGCGCGCAGCTGCTGTTTTTATAAACAATGCATTTTCAATCCTTTATAATCATGTTTTAGCCATACAGCCGGAGAAAACATGATTAGCGATATCCTTGCGCCGGGCCTGCGCGTTGTCTTTTGCGGTATCAACCCGGGGAAGTCCTCCGCCCATACCGGCTTTCATTTTGCCCATCCTGGCAATCGCTTCTGGAAGGTCATCCATCAGGCCGGGTTCACCGATCGGCAGCTCAGGCCGGAAGAGGAGCTGCAGCTGCTGGATACGCGCTGCGGCATCACCATGCTGGTAGAGCGTCCGACGGTGCAGGCCAGCGAGGTCGCCTTGCAGGAGCTGCGCAGCGGCGGCCGTGAGCTGGTGCGGAAGATTGAGGAGTATCAGCCGCAGGCGCTGGCGGTGCTCGGCAAGCAGGCCTTCGAGCTGGCCTTTAACCAGCGCGGCGCGAAGTGGGGGAAACAGGCCATGACCATCGGGACGACCCAGGTGTGGGTGCTGCCTAATCCCAGCGGCTTAAACCGGGCGACGCTCGATAAGCTGGTGGCGGCCTATCGTGAACTGGACGATGCCCTGGCAACCCGCGGCCAGTAGCGGAGAGAGGCGACTTTCCCCGGATGGCCACCTGAACGCCATAAAAAAAGCTCCCCGCAGGGAGCTTTTTAACAGGCTGTAGACGATGCCCCGCGACGATTAATCGTCGAGGAAGCTACGCAGCACTTCAGAACGGCTCGGGTGGCGCAGTTTACGCAGCGCCTTCGCTTCGATCTGACGGATACGTTCGCGGGTAACGTCGAACTGTTTACCCACTTCTTCCAGCGTGTGGTCGGTGTTCATGTCGATACCGAAACGCATACGCAGCACTTTCGCTTCACGAGCGGTGAGGCCGGCCAGCACGTCATGCGTTGCCGCGCGCAGGCTCTCGGTGGTCGCAGAATCCAGCGGCAGCTCGAGGGTGGTATCCTCGATGAAATCCCCCAGATGCGAATCTTCATCGTCGCCGATCGGCGTTTCCATGGAGATAGGCTCTTTGGCGATCTTCAGCACTTTACGGATTTTGTCTTCCGGCATCAGCATACGCTCAGCCAGCTCTTCCGGGGTCGGTTCACGGCCCATCTCCTGCAGCATCTGACGGGAGATACGGTTGAGCTTGTTAATGGTCTCAATCATATGCACCGGAATACGGATGGTGCGCGCCTGGTCCGCGATAGAGCGGGTGATGGCCTGACGGATCCACCAGGTGGCGTAGGTCGAGAACTTGTAGCCGCGACGGTATTCGAACTTATCGACCGCTTTCATCAGACCGATGTTGCCTTCCTGAATCAGGTCGAGGAACTGCAGACCGCGGTTGGTGTATTTCTTGGCGATAGAGATAACCAGACGCAGGTTCGCTTCAACCATCTCTTTCTTCGCACGACGGGCTTTCGCTTCGCCGATGGACATGCGACGGTTGATATCTTTAACCTGCTCGATGGTCAGGCCGGTCTCTTCTTCAATCTGCTGCAGCTTCTGCAGGCCGCGCTGCACATCTTCTTTCACTTCCAGCAGCTTCTCAGACCACGGCTTGTTCATTGCCACCGCGGCGTTGAACCAGGTTTCGCTGGTTTCGTTGCCGGTGAACAGGGTGATGAAGTTTTTCTTCGGCATTTTGCACTGCTCAACGCACAGCTTCATGATGATACGTTCCTGAGTACGAACGCGATCCATCATGCTGCGCATGCTGTTGACCAGGTAATCGAACTGCTTCGGCACCAGGCGGAACTGCTTGAAGACTTCAGACAGCTTCAGGATCTCTTCCTGGGCGGCGGCATGGCTACGACCTTTGGCTTTGATGGTGTCGCGCGTCAGTTCGTACTGGGTACGCAGCTCGGCGAATTTCTCACGGGCCAGCTCTGGGTCGATGCTGTTGTCGTCATCGCTGTTGTCGTCGGCGTCTTCATCTTCGTCTTCGTCTTCGTCGTCATCCATCTCTTCCTGAGACAGCTCGGAGCCAACGTGGGTGGCGGTTGGCGCCATATCTTCTTCGGCGTTCGGATCGACGAAACCGGTGATCAGATCGGACAGACGGGCTTCTTCCGCTTCAACGCGGTCGTACTGCTCAAGCAGGTAGGTGATCGCTTCCGGATATTCGGCAACGGAGCACTGCACCTGATTGATGCCGTCTTCGATGCGTTTGGCGATGTCAATTTCGCCTTCACGGGTCAGCAGCTCTACGGTACCCATTTCACGCATGTACATACGCACCGGGTCGGTCGTGCGCCCGATTTCGGATTCCACGCTGGAGAGCACCTGCGCGGCGGCTTCGGCAGCATCTTCATCCGCGGTGTTTTCGGCAAGCATCAGATCATCGGCATCCGGTGCTTCTTCCATCACCTGAATACCCATGTCGTTGATCATTTGGATGATGTCTTCGATCTGATCGGAATCGACGATATCTTCCGGCAGATGGTCATTGACCTCGGCATAGGTCAGATAGCCTTGCTCCTTACCACGTTGGACAAGAAGCTTCAGCTGTGACTGCGGGTTTTGCTCCATAAGACGGTATCCACACTTAATTCGTTTGATTGGTGTCGGCAGACGGGCTGTCGACATTTAAAGCGAGGGCGTACTTATATTATTGCCGCTGCGCCTCTGCGCGGCTGTCGGGGGCTTCCCGATCGATACTCGGCACTTAAGCCGTTAAATACTTTTCCTTCACGTTGTTCTGCGTTTTCTTACTGCTTTGATACAACGTGAAGGATATTGTCTGTCATTTATTTTTTCGCCAGCTCCTGGCTGATGGTCCAGAGCTCCCGGCGTTCTTCACTGCTTAAACCGTGTGTGCGATCGCGAGCTATCAACTCTTCCTGTCGCAGTTCCAGCAGTGAATCAAACATATGGTTGAGCGAGTCGGTGAAGGTTTGTTCAGCGATGTCTTTATCTGCTATATCGTCCCACATCGACAGTTTTTCAAGGGTTGCCGCCTCTTTTGTGCCGCGATATTGCTCTAAAAGTTGCCCGGTTGTCAGACCAGGCTGCGCCAGACAGCTCTTCACCAGTTCGCTGAACAGGCTCAGTCCCGGCATTTTGCGCGAGTCCAGTCCCTCCAGCGGCGGGACTAACGGCGCCAGATCCGGGTTTTGCACCAGCAGTCCTATCAGTATACGCATGGTCGTGCGTTTTAGCTGCGGTGCGGGACGCGGCGCGCCATTTTCCGCCTGTTTTGGCATTAATCGTTCAAGCTGCGCGTCATCTAAAATGCCCAGCTTATTGCCCAACTCCTGACGCAAATAGATGCGCAGCGTTTCGCCCGGGACCTGGGTTATCAGCGGCAGCGCCAGCGTGCTCAGCTGCGCGCGCCCGTCCGGAGTACTCAGATCGACCTGCGGCAGCAGGCTGTTAAACAAGAACGTGGAGAGCGGCTGAGCCTGCTCCATCCGCGCCTCGAACGCCGCTTTGCCCTCTTTACGCACCAGCGTATCCGGGTCTTCGCCGTCAGGCAGAAACATAAAGCGTAGCTGGCGACCATCGGTCATGTACGGCAGCGCCGTCTCCAGCGCGCGCCAGGCGGCATCGCGGCCGGCCCGGTCGCCGTCGTAGCAGCAGATGACGTTATTCGTCACCCGGAACAGCAGCTGGATATGGTCGGCCGTGGTCGAGGTACCCAGCGAGGCCACGGCATAATTAATGTCGTACTGCGCCAGCGCCACGACGTCCATATACCCTTCGACAACCAGCAAACGCGGTGGTTCGGGGTTATCCTGCTGCGCTTCATACAGGCCATACAGCTGGCGGCCTTTATGGAATATGTCGGTTTCCGGGGAGTTCAGATACTTCGGCAGGGCATCGCCCAGCACCCGTCCGCCAAACCCAATCACCCGGCCTCGCTTATCGCGGATGGGGAACATCACCCGTTCGCGGAAGCGGTCGTAACTGCGTCCCTGATCGTTGGTGACCAGCATGCCGGCATCAATAAGCGACTGGCGGTTTTCCTGATTGCCGCCAAACCGTTTTAAAACGTTATCCCAACCTGGGGGAGCATAGCCGATGGCAAAGCGCGTAATCACCTCGCTGCTTAACCCCCGTTTCGCCAGGTACTGGCGCGCAGGATCGGCGGCGGGCTGCATCAGAGACTGTTGATAAAAC
NZ_CP073782.1_gap4	249466	251574	2108	CTGGGCTCTATTGGCGCGCTGGTCCTTTCGGACTATGCCAAAGGGGCGCTGACCAGCGTCCAGACCATGATCCGACTCGCACGTGAAGCGGGCGTGCCGGTGCTGATCGATCCGAAAGGCACCGATTTCGAACGCTATCGCGGCGCGACGTTGCTCACCCCGAACCTCTCTGAGTTTGAAGCGGTGGTGGGCAAGTGCCAGGATGAAGCGCAGATCGTTGAGCGCGGCATGAAGCTCATCGCCGAATTCGAACTGTCGGCGCTGCTGGTGACGCGCTCTGAGCAGGGGATGACGCTGCTGCAGCCGGGGCGTCCGCCGCTGCATATGCCGACCCAGGCCCAGGAAGTGTACGACGTGACCGGCGCCGGCGACACGGTGATTGGCGTGCTGGCGGCGACCCTGGCGTCCGGCAACACCCTGGAAGAGGCCTGCTATTTCGCTAACGCCGCGGCGGGCGTGGTGGTCGGTAAGCTGGGTACATCCACCGTTTCCCCTGTCGAGCTGGAAAACGCGGTCCGCGGCCGGGCTGAGACCGGCTTTGGCGTGATGAGCGAAGAGGAGCTCAAACAGGCGGTTGCGGCGGCGCGCAAGCGCGGCGAGAAAGTGGTGATGACCAACGGCGTCTTCGACATTCTGCATGCCGGTCATGTCTCCTATCTGGCGAATGCGCGCAAGCTGGGCGACCGTCTGATCGTGGCGGTCAACAGCGATGCCTCCACCAAACGTCTGAAAGGCGAAACCCGCCCGGTGAACCCGCTGGAACAGCGGATGATCGTGCTGGGGGCGCTGGAAGCCGTCGACTGGGTGGTCTCCTTCGAAGAAGATACTCCGCAGCGCCTGATCGCTGGCATCCTGCCGGATCTGCTGGTCAAGGGCGGCGACTACAAACCGGAGCAGATCGCCGGCAGCGAAGAGGTCTGGGCGAACGGTGGCGAAGTGTTGGTGCTCAACTTTGAAGATGGCTGCTCGACTACCAATATTATTAAGAAAATACAAAAAGATAGCGAAAAATAACTTTTTCGTTATTCACCCGCCTGTGTGGTGAAACATTACGGCCTGCGATAGCGATATCGCGGGCCGTTTTTATTTAATCATGTGGAAAATGATTTAGCGCAATAAATAATCATGTTAAGCGCATTTTTCGTACAAATCGCGTTAAGGTAAGCGTAAATACTGAAGTGAGTAAAAGGCATATGACTTATCAGAACATCCACCGCTGAAGGAGTATGCGCATGAACCATAACGATATGTATTCAATGAAGAATTTTGATTTTTTGGCGCGGAGTTTCGCCAGAATGCACGCCCAGGGCCAGCCAGTTGATCTTCAGGCCATTGTCGGCAATATGGATGAAGAACATCGTGAATGGTTTTGCCAGCGCTATGAACTGTACTGTCGCCAGGTGAGTAGTCAGGCGGAAGCCGCCCATTAAGCCAAACGCAAAACGGGCCCCCAGGGGCCCGTTTTTTACTGCTGCTCTTCGCTGCCCGGCGTCGCCGCCGGGCGGTTTTCGAGGTCATTCAGGCGCTGCTCCAGCAGCGCCAGTTTTTCCCGGGTCCGCAGCAGCACCTGAGTCTGCACATCAAACTCTTCGCGGCTAACCAGATCCAGACGGGTCAGCTGCGACTGCAGCGCCTGGCGGATTTTCTTCTCAACATCCTCACCCAGATCGCGAAGTCCTTTTGGCATCGACTCATGGACCTGGCGGGCGATTTGTTCAATTTTTTTCGGGTCAATCATGGTGGTTTCCTGCTCGGGTCGGATGATTGATCATTGTAGTGCGAACCAGGCCGCCTATAAACCAGAAATGTTTGAAGCTTATGCATTGCCGAGGATAGTCAATAGCGTTATAGTTATCTCGCTTATTCTCAGGGCGGGGCGAAATTCCCCACCGGCGGTAAATCAACCATGGCGTTGAAAGCCCGCGAGCGCTTCCTGTGACTACGGGAAGGTCAGCAGATCCGGTGTAATTCCGGGGCCGACGGTTAAAGTCCGGATGGGAGAGAGTAACGGCACAGTCGGGCCCAGGCCCGCTCGCGTTGACTTTTGCCGCTAAACCGGCGCTCCTAAGACTGCCCTGATTCTGGTAACCATAATTTTAATGAGGTTT
NZ_CP073782.1_gap5	256681	258781	2100	GGTATTGCTGAGGATTATTATGGGTTTTTGAACCACTGTAGCTAGTATTCGATATCCCACTCGACGCGGATAGGCTGAGCGTCGGCAAATGGCCGTCCTGCGCCTGGCGAATCTGCTCGCGAGCCAGGTCCTGGTTCAGACGCGCCTGCAGCAGCGACAGGTTGCGGTTCTCCGCTTCCTTCAGCAGGGCGTTGACCGCCTGCGGCTTGTTGGTTTTGAAGCCATTCACGTTCAGGGAGGCCAGCTCCGGATAGTAGTTACCGGTGACCTGACGCAGTTCTTCGACGGCGTTGTCGAGATCGTTACGCGCGGTGACTTCGTTCGCCAGCACGGCATCGTATTGTGAACGGGCGTTCTGTACGTCGGTGATCGCCACCAGGCCTACGTTAAAGCGCTGCGTGGTTTGATCCAACTGGCGATAAATAGCCTGTTTCTGCGCTTCGGTATAGGAGAGCGTGTCGATGGCGGCCAGCACTTTAAAATAGGCCGTCGCGGTATTCAGAATCAGTGTTTGCTGATCGGTCTGATACGTGACATCCTGAATCCCTGCCGTTTTTTCCTGCAGCGTCAGGGCGCGCCATTTCGACATATCAAACAGAACCTGCGTTAACTGCAGCGAGCCGCTGGTGACGTTTGAATTGATGCCGTTGCTGTCGCGATAGCCATTGTTATAGGTATAATCCGCTCCCAGCCCAAGCTGAGGCAGTAATGGACTGCGCGCTTCGTTGATCTTTTCGAACGCGGCGTCACGATCGGCTGCCGATTTACGCAGATCGGGGTTGCTGATGCGTGCCTGCTGGTAAACCTGAAGCAGGTTTTCCGCCTGGCTCATGGCGCTGAACCCGGTCAGGCTCAGGCCGATAAGAATGGGGAGCAATTTCTTCATTTGCATTCCTTGTTGTGAAGCATTTAGCGCTGGTCTAATTCTAAGAAAAATTCCGCTGATTGTATCGATTCTGCCGCCGTAAAAAGTTGGCGTTACGTGCCATCCGGCGGTAATTTGCACCAATCTAACATACGGACCGTAAAACGGTAGCCAAACGGTTTGGAAATCCCTAATTTCAGATTCGCAGGACATGACAATGAGCAAACCCACGCAGCAGGGAATTACCTTCTCCAAAAATGATGTAGAAATTATTGCACGCGAAACGCTATATCGTGGTTTTTTTTCGCTCGATTTATACCGTTTTCGCCACCGCCTGTTTAACGGCGGCATGAGTGGCGAAATCACCCGTGAAATTTTTGAGCGCGGGCACGCCGCCGTCTTGCTACCCTTTGACCCGGTGCGCGACGAAGTGGTGCTGGTCGAACAAATCCGTATCGCCGCCTATGATACCAGCGAGAGCCCGTGGCTGCTGGAGATGGTCGCCGGCATGATTGAAGCGGGTGAAACGGTGGAAGATGTTGCCCGTCGGGAAGCGCTGGAGGAGGCCGGGCTTGAAGTTGGGCGGACGAAACCAATATTAAGCTATCTGGCCAGTCCCGGCGGCACCAGCGAACGGTTATCGATCCTGGTGGGAGAAGTTGATGCATCGACGGCAAAAGGCATTCACGGCCTGGCCGAGGAAAACGAGGATATTCGGGTGCATGTGGTGAGTCGGGAGCAGGCTTACCAGTGGGTAGAAGAGGGGAAAATCGACAACGCAGCCTCTGTCATCGCCTTGCAATGGCTGCAATTGCATTATCACAATTTACGAAATGAGTGGACAAAATGAAGCGTTATACACCTGACTTCCCTGAGATGATGCGCCTGTGCGAGACCAACTTCGCGCAGTTGCGCCGCCTGTTGCCGCGAACGGATGCAGCGGGTGAGAAGGTAAGCTATCAGGTGGGAAGCGCGCAGTATCGGTTAACGATAGTTGAATCGACCCGCTACACTACTCTGGTGGCAATAGAGCAGACTCTGCCTGTAGTGAGCTACTGGAGCCTGCCATCGATGACCGTCCGCCTCTACCATGACGCCATGGTGGCCGAAGTGTGTTCGAGTCAGCAGATCTTTCGCTTCAAAGCGCGATATGATTATCCTAATAAAAAGTTGCATCAACGCGACGAAAAGCATCAAATTAACCAGTTTTTGGCCGACTGGCTGCGTTACTGTTT
NZ_CP073782.1_gap6	275014	279669	4655	AACGCCTGCCAGGCCTCGACGTAATGGCCGATAGCCGGTACCGGCCAGTGGATTAAATAGAGATCCACATAGTCCAGCTTCAGTTTGCTGAGGCTCTCTTTCAGCGCCTCGTGCGGCCGTTTTTGATCGTCGTTCCACAGCTTGGTGGTGATGAAGAGCTCATCGCGGTTGACGCCAGCGCTGTGCAGCGCATTGCCGACGCCGGTCTCATTTTGGTACGCGGCGGCGGTGTCAAAAGAGCGATAACCGACTTCCAGCGCCTTATGAATGGCGGAGACGACTTCCTCGTTGCCAGCTTTCCACACGCCGAGACCCAGCTGCGGCATCAGGTTGCCGTCGTGCAGTTTTATAACGGTTGGATGTGTCATGCCTTCCTCCTGTTAATGAACTCGGCGAAGCAGGATCCGCCGAGGGGTAGCATTAAGTCTGGACGAAATAGCTAAAAACGGTAGTAAAAACACCTCTCCCCGGCGTTTGTTTAACGTAAGGAGAGGTGAATCAGGCGGGGAGCGCTTAGCGTGCAGCCTCGTAAATACGGCGGCTGACGTCCAGGGTGATATCCTGATGTTCGCCAAGTTTAGTCATGCCGTGCTCTTCCAGTTTCGCCAGCAGCGCCGGGATGGAGCTACCGTCGAGACCGTAATCGGAAAGGCGGGTCGGCACGCCCATCTGCTCGAAGAACTGACGCGTTGCGGCGATGGCGGCATCGATACGTTGGTCGTCAGAGCCTTCGGTAATATTCCACACGCGCTCGGCATACTGCAGCAGCTTCTCGCGCTTGGCATCGCGTTTCTCATTCCACAGCGCCGGCAGCACGATAGCCAGCGTCTGGGCGTGATCCAGGCCGTGCATCGCCGTCAGCTCGTGGCCGAGCATATGCGTCGCCCAGTCCTGTGGCACGCCTGCGCCGATCAGGCCGTTCAGCGCCTGCGTCGCCGCCCACATAATATTGGCGCGCACGTTATAGTTCTCCGGTTCCTGCAGGGCTTTCGGGCCATCCTCGATCAGGGTCAGGAGAATGCCTTCGGCGAAGCGGTCCTGGATTTTGCCGTCAACCGGGTAGGTCACGTACTGCTCGACGGTATGGACGAAGGCGTCAACCACGCCGTTCGCGACCTGGCGCGGCGGCAGGGTATAGGTATAAACCGGATCGAGGATCGCGAACTGCGGCTGGACGTGCGAAGACATAAACGCGCGTTTGTCGCCGGTGGTTTTCCGCGATATGACCGCGCCTTTGTTGGATTCAGAACCGGTCGCCGGCAGAGTCAGTACCGAGCCCATTGGAATGGCGCTGGCAATTTTGCTGCCATAGGTTTCCAGAATTTCCCACGGATCGATATCCGCGTCGTAGTGGGCTGCTGCAGCGATAAACTTGGTGCCATCCAGCACCGAACCGCCGCCGACCGCCAGCAGGAAGGTCACTTTCTCTTCCCGGGCGAGTTTCACCGCATTCATCAGGGTTTCGTAAGACGGGTTCGGCTCGATGCCGCCAAATTCAAGGACATCCAGGCCATTCAGAGCGGTGAGGACCTGATCCAGGACGCCTGTTTTTTTGACGCTGCCGCCGCCGTAGGTGATCAGTACGCGGGCTTCCGCCGGGATCTGTTCACGCAGCTTTTCAATCGCGCCTTTGCCAAACAGAATGCGGGTTGGGGTATGCAGGTCGAAATTATTCATTGCTTAAGTCCTCCAAAGAGTAAAACCGTCGACAGGGACGATACCGCTGCCCGATGAAGGTTATTGTGGTCCTGGCGCCGTTGACCCTCAATGCACATTCCTGCCGATGTCTTGCCTATTTCTCCATATGGCTGGAGAATTTGTAGCGGCCTGCGCACAATGTACAGGTGAAGAAACATCGGGAGAGACGGTGGCAATGCAACACGCAGAGATATGTCGGACATTAACGGAGAAGATTAACCTGCTGAAAGATAAGCACGAAATGTTAAGTTCGTTGCTGCCTGACGTCCGTTTGCTGTACGGAACGCAACCGGGGCCCCGGACGCCGGTGATGTATCAGCCGGGGATCGTTTTTCTCTTTTCGGGCCATAAAATTGGTTATATCAATGAACGGACTTTTCGCTACGATACAAACGAATATTTACTGCTGACCGTGCCGCTACCTTTCGAGTGTGAAACCTTTGCCACCCCGGAGGTACCCCTCGCCGGGATGCGCCTGAACGTCGATATCCTGCAACTGCAAGAGCTGCTGATGGATATTGGCGAAGATCCGCTGTTTCAGCCCGCGGTCGCCTCCAGCGGGATAAACTCCGCGGTACTCTCGGAGGATATTCTGTGCGCTGCCGAACGGCTGCTTGACGTGATGGAGCGGCCGCTGGACGCACGGATCCTTGGCAAGCAAATCGTCCGCGAAATTCTGTATTATGTGCTGACGGGGCCCTGCGGCGGCGCGCTGTTGGCGCTGGTCAGCCGGCAGACCCACTTCAGCCTGATAAGTCGCGTGCTCAAGCATATCGAAAGCCAGTACACCGAAAACCTCAGCGTCGATCGGCTGGCGGCGGAAGCGAATATGAGTGTGTCAGCGTTTCACCATAATTTTAAAGCGGTGACCAGCACTTCTCCTTTGCAGTATCTGAAAAACTACCGTTTGCATAAAGCACGAATGCTGATGATCCATGACGGCATGAAGGCCAGCGCGGCGGCGATGCGCGTGGGATATGAAAGCCCTTCGCAGTTCAGCCGCGAGTTTAAGCGCTACTTCGGTTTGACGCCGGGAGAAGACGCCGCGCGTATTCGCACGATGCAGGGGATGTAATACCGGGAAAGGGCGGCCGGGCGGGCGCAGGCCCCCCGGCAGGTAAGCGTCAGGCGCTGCAATATTTCTTTTTAATGACCACGAACAGCGTGCCGAGCAGGCCAGCCAGCAGCAGGGCAATCGGCAGGATCATCAGACAGGTCATCACCTGATCTTCATGGCGCTTCACAAACGGGATCATGCTCAGCGCATAGCCAAGACCCGTCACCACACAGACCCACAGCAGGGCGCTCAGCCAGTTGAAGAACTGGAAGCGGCGGTTCGGCAGGCCAGAAATCCCGGCCATGGTTGGCAGCAGGGTGCGGACAAACGCCAGAAAACGGCCCGCGAGCAGCGCCAGCAGGCCGTGGCGGTCAAACATGCAGGTGGCGCGCTGATGGTACTTATGCGGCAGATGCGCCAGCCAGCCTTTCACCGTTTGCGTATTGCCCAGCCAGCGCCCTTGCACATAGCTCAGCCAGCAGCCGAGGCTGGCGGCGGCGGTCAGAATGGCGATAGTGGGCACAAAGTCCATGACGCCTTTAGCAATCAGCGCGCCGGCGAGCAGCAGCAGGCTGTCTCCCGGTAAAAAGGAGGCGGGCAGCAGCCCGTTTTCCAGAAACAGGGTCGCGAACATAACCAGATATACAACGCCCACAACGTGAGGGTTCGCCAATGCGGCAAAATCATGTTGCCACAGCGCGGCGACAATCTCTTGAATGACAACCATGGACTTTCCTAAGTGGTACCGTATTGTTGACTAGTGTACTCCTGAAGAGGCCCGAGCACCTTGATCCCGGGCGCAACAAAAGCGGCCGCTTTGCTAAAAAGCGTCCGCTATTGTTGCCACTGACTGTCACTTTACACGATACGCGCGAAGCCCGCTGCTAAATCCGCCTGCAGATCGTCAACATTTTCGAGACCAATGTGCAGGCGGATCAGCGTGCCGCTGAAGTCGACTTCAGCATCCGGTCGAATGTGGGCGATTTGCTCCGGCTGGTTGGCGAGAATCAGCGACTCAAAGCCGCCCCACGAATAGGCCATACTGAACAGGCTGAAATTGTCGAGGTACTCCGCCAGTTCGGCATCATTGAGGCGCTTGCTGAGCACAAACGAGAATAGCCCGCTGCTGCCGGTGAAATCACGTTTCCAGAACTCATGACCTTTACTGCCGGGCAGGGCGGGGTGGTTTACCCGCGCCACCTGCGGGTGCTGCGCCAGCCACTCGGCGATGCGCAGGCTGCTTTCATGATGCTGACGCAGGCGCACGCCCAGGGTGCGCAGGCCGCGGCTGGTCATATAGGCAGTATCGGCGTCCAGCATTTGCCCCATCAGGTAGGCATTTTCACGCAGCTGCGGCCAGCAGCGCGCGTTCGCCACCGCGGTGCCCACCATGGCGTCGGAATGGCCGATCAGGTATTTGGTGCCTGCCTGAATGGAAATATCAATGCCAAAATCCAGGGCTTTAAACAGGATCCCCGCCGCCCAGGTGTTATCGATCATGATAATCGCTTCCGGGGCGACCTGACGCACGGCGGCGACTATCGCCGGCACATCGTGCACTTCCATGGTGATCGAGCCGGGCGATTCGAGGAACACCACGCGGGTCTCAGGGCGAACCAGACGGGCGATATCGGCACCGATTAAGGGATCGAACCAGCTGGTGGTGACGCCGAGTTTGGCGAGAATTTTGGTACAAAAGTCCTGGCTTGGCTCATAGGCGGTATTGGTCATCAGCACATGGTCGCCTTGCTCGACAAACGCCAGGATAGTGTTAGCCACCGCCGCGGCGCCGCAGGGGAAGAGGGCGCAGCCGGCGCCGCCTTCCAGCTCGCACATCGCTTCCTGCAGCGAGAAATGGGTCAGGGTGCCGCGACGACCGTAGAACAGCTCGCCGTTGGCC
NZ_CP073782.1_gap7	285420	286271	851	GTGCATGAGAACCGCGGCCTGAACCCCTATATTGAAGATGTAGCCCGGCGGGTAGCGAAAGCGGGGTATATCGCGCTGGCGCCGGATGGCCTGAGCGCCGTCGGCGGCTATCCGGGGAATGATGATGAAGGCCGCGCCCTACAGCAGAAAGTCGATCCCGTGAAGCTGATGAATGATTTTTTTGCGGCGGTCGCGTTTATGGCGAACTATCCACAGGCGACGGGGAAGGTCGGTATCACCGGTTTTTGCTACGGCGGCGGCGTCAGCAACGCGGCGGCGGTGGCGATCCCGGAGCTGGCCTGCGCGGTGCCGTTTTACGGTCGCCAGCCGCCGCTGAAGGAGGTTGATAAAATTAAAGCACCGCTGCTGCTGCACTATGCCGGCCTCGATAGCGGCATTAATGAAGGCTGGCCTGCCTATGAACAGGCGTTGAAGGAACACCATAAAGTCTACGAGGCCTATTTCTATCAGGGCGTGAATCACGGCTTTCATAATGATTCCACGCCGCGCTACGATCGGACTGCGGCTGATCTGGCCTGGCAACGCACGCTGGCATGGTTTGAGAAGTATTTACGCTAGCGCAACCGTCATAAATAGCGCTACCGCTCGCTCAAAAAAACGCTATATAATTTATTATATAACGATTGGGAGGGCGCGATGGAAAATCATTTTGGCAAAGGCTTAATGGCGGGGCTACAGGCATCCTATGCTGACACCGCCGCGCATGCGGCGAATTTTTGCGCCGACTATAAACGCGGGTTTGTGCTCGGCTACTCGCACCGCATGTTTGAAAAAACCGGCGACCGCCAGCTCAGCGCCTGGGAAGCGGGGATCCTCACCCGTCGCTATGG
NZ_CP073782.1_gap8	327840	330955	3115	CTTCCTCGGATATTTGTCACAGGCAAGTTAAATCAACAACTTAACAGCAGGCGCTTGATTGCGTCGGGCATGTTTTACGCCCAAATTCGGGCGACTGAACGGTAAAGAGGCGACGAATAATGAGTATTACCGGAATTGAAAAGCTGGAATTTGGCGTAGACGACCTGAACCACAGCGCTAAATTCATGCGCGATTTTGGCCTGACCGGCGACGCCAGCGGCCGCGCGTTTACCACCCTCAGCGGCGCGCGGGTCGAACTTAACCCGACCGATGCCGCCAACTTACCGCCAGCCTTTGAGGCGGGCAACACCCTGCGTCGCATGACCTGGGGCGTGGCGGATCGGGCGGCGCTGGATGCGCTGCGCCCGAAGCTGGAACGCCAGCCCGCTTTCCGTGAAATCGACGGCGCGCTGGAGTGCCGCGATCCCAACGGTATGACGCTGCGGGTGCAGGTTAGCCAGCAAACGGCGGTTGAACTGAACGTTGAACCGATCAACCAGTGGGGCGATGTGCGTCGCATCGACACTCCGAGCCCGGTATACGACCGCGCGCAGCCCATTAACGTCGGCCACGTCGTATTCTTTGTTGAAGAGCTGGCGGCGGTGGAAAGTTTCTATCGCGAAGTGCTGGGCTTTCAGGTGTCAGACCGCTATATCAATCGCGCGGTGTTCCTGCGCTACGGCGTGCGCGGCGGACACCATAACCTCTTCTTATTGCAGTTGCCCAACCGCAAACGCGGGCTAAACCACGTCGCGTTTACCGTGCGGGATATTCATGAAGTGATCGGCGGCGGCATTGCGATGAACAAAAACGCGTGGAGCACGTTTATCGGCCCCGGCCGCCATCCGGTCTCCTCGGCCTACTTCTGGTATGTCAACAGCCCGACCGGCGGCGCTTTTGAGTACTACACCAACGATGACTATCTGACGGAAAACTGGCAGCCGCGCGAGCTGGAGCATTCACTCGTGTCCTTTACCGAATGGGCGGTGGAAGGCGGTATCGATCACGATACCCGTCGCCAGCAGAAAAAACCGGAGGCGGTATGACGGCGCGGATAGTCATTATCGGCGGCGGCCAGGCTGGCGGCTGGGCGGCGAAAACGCTGCGTGATGAAGGGTTTAGCGGCGAGATTTGCGTGGTTGCCGAAGAGCAATGGGATTTTTACGAGCGCCCGCCGCTGTCGAAAGCGGCATTGCTGGAGGCCGAACCGGCGCTGCCGCGGTTATTCAGCGCCGAGGTGCAGCAGGCACTGGATCTGCGCTGGTACCGCCCGCTGCGCGCGAAATCGATCGACCGGCAAAATAAAACCCTGGCGCTGAGCAACGGCGAAACGCTGGCGTACGACCTACTGCTGATCGCCACCGGCGGCCGCGCGCGGCTGCCGTCCGAGGCCTGGGGGCAGCATCCTCAGGTATATACCCTGCGCCACTGGCAGGACGCGCAGCGTCTGAAGCAGCGTTTGGCATCGGCAACGCGGCTGGCGATCGTCGGCGGCGGCTGGATTGGCCTCGAAATCGCCGCCTCGGCGCGCAAAAGCGGCGTAGCCGTGACCCTTTATGAACAGCAGCCGGCGCTGTGCATGCGCTCGGTCAGTATGGAGGTCTCGCAGGCGCTGGATGAGTTGCATCGCGGGCAGGGCGTTGATATTCGCCGCGGCTGCGGCGCGCTGGAGCTGGAAGATGATAACGGCTTGCCGACGCTGCACTGCGACGGCCAGCGGGAAACCTTCGATGCGGTAGTGGTGGGGATCGGCGTCGATCTGAATCTCGAACTGGCGCGCGATGCCGGGCTCACTGTCGATCGCGGGATTGTCGTTAATGCCCAAGGGCGCAGTAACGATCCGGCGATTTTCGCCGCTGGCGATGTCGCCCAGCACCATCAGTACGGTCTGTGCATTCAGTCGTGGGCCTTTGCGCAAAATCAGGCCATCGCGACAGCGAAAGCGATGCTCGATCCACAGGCCAGCGGCTACGACGAGGCGCCGTGGCTGTGGTCAGATCAATACGATCGCAATGTCCAGATCCTCGGGATCCCGCAAGCGGGCAGCCGGACCATTGTGCGTGACGAGCCGCAGGGCGCGATCTACTTCTCCCTGAATGCCGATGGACGCTTAACTCAGCTGGTGGCCTTCAATAATGCACGTATCGTGAAGCTGGCGAAGCGCTGGATGGCGGCGGGAAGGGATCTCTCTAACGTCCCGCTCGCTGACCCGACTTTCTCGCTGATGTCATTGCGATAAGAAACGCGAACCCTTAAGGGGGAGAAATGACCACATTAGAGACCAACGCCGCGCCTGCAGAGGCGAGCGGCGAGGGCGTCCGCACGCCTGAAAAAGCAGTTCGTTGGGCCATTCCGCTGTCGCTGCTGGCCTGCGTGCTGCTGGCTTTTTTCGACAAAATCAGTATCGCCGCGCTGTTTTCCGATAGTCACTTCCAGCAGGCGATGGGCATCGATTTCGACACCACCCGGTTGGGCATTCTGATGAGTGCCTTTTTGCTGAGTTACGGCTTCTCGTCAGTGTTATTAAGCGGCCTTGGCGACCGGATTGCGCCGCTGCGTCTGCTGACTGGAATGATGGTGGTGTGGTGCATCCTGATGGTGATCATGGGCTTCACCCACAACTACGCGCTGATGGTGACGCTGCGCATCCTGTTGGGCATTGCTGAAGGGCCGCTGTTTCCGTTGGCGTTCGCCGTGGTGCGCCACACCTTCCCGCAGCGGCTACAGGCCCGCGCCACCATGCTGTGGCTGCTCGGCACGCCGGTTGGCGCGGCGCTGGGTTTCCCGCTGTCAATTTGGCTACTCAATACCTTCGGCTGGCAGAGCACATTTTTCGTGATGGCGATGCTGACGATACCGGTGCTGATTTTTGTACGCATCGGGCTGCGCGGCGTGCAACTGGAGGCGAGAGCGAGCAGCGATAAAACCTCGCAGGAAGCGCGCCGCAGCGCGCGTCGCGAGCTCTTTGTGAGTCCGCATTTTTGGATGATCTGCATCTTCAACATCGCCTTTCTCGCCTATCTGTGGGGGATCAACGGCTGGCTGCCGGGCTACCTGATTAAAGGCAAAGGCATTCATCTGGAACACGCCGGCTGGCTGTCGTCGATGCCATTTA
NZ_CP073782.1_gap9	453061	455882	2821	TGACGCGGGAGACGGTAGCGACGGAGACTCCTGCGAGTCGGGCTACATCCTTAATAGTCGCCATACCATGCCTTTTCTAGGGTAAGCGTTTACATACTGCTATGTTACGGGAAAGAGCGGCAGATTCAAGGCGCGGCGGCGAAGGAATGGCGCAAATGTGATTCAGCGCGGGCTTATCGGTGACCTGTTTACATTGACGCGATCGGTAATTGAAACCGGCGCAGGGAAATACAAACCTTTGCTTACACTTTGCGATGCGCTGTTGCGAATGTTCGCTGGTTTGTTCGCGGATCCGGTTGATATTCTGGCTATCCCAGAGGTATTGATAGGTGGAGTCAACGTCACGTTGACCACTTTACTTACACCAGCCTGCGCAGATGCGCAGGTTTTTTTTTGCCCGCTATCGGCGTTGTTACAGATAGCGAAAATCGTAATACCTCGTTGCACTTAGGCTCACTCCCTTGCGTTTTCCCGCTGGCCCGTTACGGCCAAAAAACGTGACAATCGAGATCCCAGAGGTATTGATAGGTGAGTTTCTCAGGTACGCTCTTCGTACTGAACGTCTTACACCGACCTGCGCGGATGCGCAGGTTTTTTTTATTCCGAAAATCCCCCCGCTGCACTGCTTTCCCATGCCTTCTCGTGTAACCTGCTTTGACTCATCAACCGGTCACATGGAGTTGTTATGCTTTTGGGATTTTTCAGACTGCTGTTCAAGGGGTTATACCGGGTCAGACTGACCGGCGACACGCAGGCTTTATACCAGCAAAAGGTCTTAATCACCCCGAACCACGTCTCTTTCCTCGACGGCATTCTGCTGGCGCTGTTTTTGCCGGTCCGACCGGTTTTTGCGGTCTATACCTCAATCAGCCAGCGCTGGTTTATGCGCGCGCTGACGCCGATTATCGATTTTGTGCCGCTGGACCCGACCAAGCCGATGTCGATCAAACATCTGGTGCGCCTGATTGAGCAGGGGCGGCCGGTGGTTATTTTCCCGGAAGGGCGAATTTCGGTCAGCGGCTCGCTGATGAAAATTTATGACGGCGCCGCCTTTGTCGCCGCCAAATCGCAGGCGACCATTGTGCCGCTGCGTATTGAAGGCGCCGAACTGACGCCCTTCAGCCGGCTGAAGGGGCTGGTGAAACGTCGCCTGTTCCCGCGTATTCAGCTGCATCTCCTGCCGCCCACCCATCTGCCGATGCCCGAGGCGCCGCGCGCCCGCGACCGGCGTAAAATCGCCGGGGAGATGCTGCATCAGATCATGATGGAAGCCCGGATGGCGGTGCGCCCGCGGGAAACCCTGTATGAGTCGCTGCTGGCGGCGCAGGACCGCTTCGGCGCGCGCAAACCCTGCGTGGAGGATATCAACTTCCAGCCGGATACCTATCGCAAGCTGCTGACCAAAACCCTGTTTGTCGCCCGCATTCTGGAAAAATACAGCCAGCCGGGCGAGAAGATCGGCCTGATGCTGCCTAACGCCGGCATCAGCGCGGCGGTGATTTTCGGCGCTATCGCCCGCGGGCGTATTCCGGCGATGATGAACTATACCGCCGGGGTGAAAGGGCTCAGCAGCGCGATAGCCGCCGCGGAGCTCAACACCATTTTCACCTCGCGCACCTTCCTCGATAAAGGCAAACTCTGGCACCTGCCGGAGCAGCTGACCCAGGTGCGCTGGGTATTCCTGGAAGATCTTAAAGGCGATATCACCCTCGCTGACAAACTGTGGATTTTTGCTCATCTGCTGGCGCCGCGTCTGGCGCAGGTTAAGCAGCAGCCGGAAGACGCGGCGATGATCCTCTTCACCTCCGGTTCCGAGGGCAATCCGAAAGGGGTGGTGCACAGCCATAAGAGTCTGCTGTCCAACGTCGAGCAGATCAAAACTATCGCCGACTTTACCGCCAATGACCGCTTTATGTCGGCGCTGCCGCTGTTCCACTCTTTTGGCCTCACCGTCGGCCTGCTGACGCCGCTGCTTACCGGGGCGGAAGTGTTTCTCTATCCCAGCCCGCTGCACTATCGCGTGGTGCCGGAGCTGGTCTACGATCGCAACTGTACGGTGCTGTTCGGCACTTCGACCTTCCTCGCAAACTATGCCCGTTTCGCCAATCCGTACGATTTTTACCGCCTGCGCTACGTGGTCGCCGGGGCGGAGAAGCTGCAGGAGAGCACCAAACAGCTGTGGCAGGATAAATTCGGCCTGCGCATTCTCGAAGGCTATGGCGTGACCGAGTGCGCGCCGGTGGTCTCGATTAACGTGCCGATGGCGGCGAAGGTCGGCACCGTGGGCCGCATCCTGCCGGGGATGGACGCCCGCCTGCTGGCGATGCCAGGCATTGATCAAGGGGGGCGGCTGCAGCTGAAAGGGCCGAACATCATGAAAGGCTACCTGCGGGTGGAAAACCCCGGCGTGCTGGAAGCGCCTGCGGCGGAAAACCAGCACGGCGAGATGGAAGCGGGCTGGTATGACACCGGGGATATCGTTACCTTCGACGAGCAGGGCTATGTCCGCATTCAGGGCCGCGCGAAGCGCTTCGCCAAAATCGCCGGCGAGATGATCTCCCTCGAGATGGTGGAGCAGGTGGCCCTCGGCGCGTCGCCGGACAAAATGCACGCCACGGCGATTAAACAGGACGCCAGCAAAGGCGAGGCGTTGGTGCTGTTTACCACCGATAATGAACTGACTCGTGAAGCCCTGCTGCGCTACGCCCGCCAGCACGGCGTACCGGAGCTGGCGGTGCCGCGAGATATACGCTGGCTGAAACAGCTACCGGTGCTCGGCAGCGGCAAGCCAGACTATGTCACCCTGAAAAATATGGTCGAC
NZ_CP073782.1_gap10	467263	471297	4034	GTCCGGCGAGGTGCGCGGCGGGCAGGTGCGTTTTTCCGCCCACGGCTGGAGCGATTTTTGCCCGCTCAGAGAGGCGAGCTTATGTCAAATGCCCTGAAGCGTCAGCGGGGGTTTAGCCTGCCGGAGACCGTGCTGGCGATGGCGCTGATGGTGCTGACGGTCACCGCGCTGGGCGGCTATCAGCGCGGAATGGCGCAAGGAATTGTCCAGTTGAACCAGACCCGTCAACTGTGGCGCGACGCGTGGCGCTATAGTCAGCTCTCCGCGCCGCCGTCGCCGGCACGCGGGCAGGTAAGCCGTATGCAGACATCGAGGCAAAGATGTGTCAGCATCACGGTAACGATCAGTAGACCCGTTGCAAAGCGGGTGCAGATGACCCGGCTGCATTGCCCGGTCAGCCAGTAGTCAGGAGCAATTATGTTAAGGGTATACCACTCAAACCGGCTGGATGTTCTCGAGGCGTTGATGGAGTTTATCGTCGAGCGCCAGCGGCTGGATGACCCTTTTCAGGCCGAAATGGTGCTGGTGCAGAGTACCGGCATGGCGCAGTGGCTGCAGATGACCCTGGCCGCGCGCTTCGGGATTGCCGCCAATATCGAGTTCCCGCTGCCGGCGAGCTTTATCTGGGATATGTTCGTGCGCGTCCTGAAAGATATTCCTGGCGAAAGCGCCTTCAGCAAGCAGAGCATGAGCTGGAAGCTGATGACCCTCCTGCCGCAGCACCTGGAGGAAGACGATTTTATCCTGCTGCGCCAGTATCTGAGTGATGACGGCGACAAGCGCAAGCTGTTTCAGCTGGCCGCCCGGGTGGCGGACCTCTATGACCAGTACCTCGTCTATCGCCCGGAGTGGCTGATGCGCTGGGAGGCCGGCCAGCGGGTGGAAGGTCTCGGCGATGCCCAGCAGTGGCAGGCGCCGCTGTGGCAGGCGCTGGTGAGCTACACCGCCGAGCTGGGGCAGCCGCAGTGGCACCGCGCCAATCTCTACCAGCGCTTTATCAGTACCCTGGAAAAAGCGGACGAACCGCCCGCCGGGCTGCCGTCGCGCGTCTTCATCTGCGGGATTTCCGCGCTGCCGCCGGTCTATCTTCAGGCGCTGCAGGCGCTGGGTAAGCATGTCGATGTCTATGTCTTGTTTACCAACCCCTGCCGCTACTACTGGGGAGACATTAAGGATCCGGCGTTCCTGGCGAAGCTGCTGTCGCGCCAGCGGCGCCATCACCGCGAGGCGCGCGCGCTACCCCTGTTTCGCGACACCGAGCAGGCGCCGGGGTTGTTTAATGACGCCGGGGAACAGGATGTCGGCAACCCGTTGCTCGCCTCCTGGGGGAAACTGGGGCGCGACTATATCTACCTGCTGGCGGGGCTGGAGCGCTATGAGGAGCTGGACGCTTTTGTCGACATCGCCCCCGATAACCTGTTGCATAACCTGCAGTCGGATATCCTTGAACTACGCAACGCGGCGGTGGCCGGGCAGAGCGCAGAGGCATTCGCCCACAGTCGCGACAAACGTCCGCTGACGCTGGATGACCGCAGTCTGAGCATTCACGTCTGCCACAGTCCGCAGCGCGAAGTGGAGGTTCTGCACGATAGGCTACTGGCGATGCTGGAGGCGGATCCGACGCTCACGCCGCGGGATATCATCGTCATGGTGGCGGATATCGACAGCTACAGCCCCTATATACAGGCGGTGTTTGGCGCCGCCAGCGGCGATCGCTGGCTGCCGTGGGCGATCTCCGACCGTCGCGCCCGAGAGTCGCACCCGGTGCTGCAGGCGTTTATTACGCTGCTCTCGCTGCCGGACAGCCGCTTCGCCAGTGAAGATGTGCTGGCGCTGCTGGACGTCCCGGTGCTGGCGGCGCGCTTTAATATCACGGAAGAAGGGCTGCGCTACCTGCGCCAGTGGGTGAACGAGTCCGGCGTCCGCTGGGGAATGGATGACGACAACGTCCGTGAGCTGGACCTGCCGGCGACCGGGCAGCATACCTGGCGGTTCGGCCTCACCCGCATGCTGTTGGGCTACGCGATGGACAGCCGCGAGGGAGAGTGGCAGTCGGTGCTGCCGTATGACGAATCCAGCGGTTTGATCGCCGAGCTGGTGGGCAACCTCGCGTCGCTGCTGATGCAGCTTAATCTGTGGCGACGCGGCCTGGCCCAGCAGCGGCCGCTGGCGGAGTGGCTGCCGGTCTGTCGCGATCTGCTGAATGACTTTTTCCTGCCGGACAGCGAGACCGAAGCGGCGCTGGCGCTGATTGAGCAGCAGTGGCTGGCGGTTATTGATAGCGGTCTGGAGGCGCAGTATGGCGAGCAGGTGCCGCTGACGCTGCTGCGCGATGAGCTGGCCCAGCGCCTCGATCAGCAGCGGATCAGCCAGCGCTTTCTTGCCGGCCCGGTCAATATCTGTACCCTGATGCCGATGCGTTCGATCCCCTTTAAGGTGGTGTGCCTGCTGGGGATGAATGACGGGGTTTATCCGCGCACGCTACCGCCGCTGGGCTTTGATTTAATGAGCCAGAAGCCGCAGCGCGGCGACCGCAGCCGGCGCGATGATGACCGCTATCTGTTCCTCGAAGCGCTGATGTCCGCCGAGCAGACGCTGTATATCAGCTATATCGGCCGTTCGATCCAGGACAACAGCGAGCGTTTTCCTTCGGTGCTGGTGCAGGAGCTGGTGGATTATATCGGCCAGAGTCACTGTCTCGCCGGTGACGAAGAGCTTGACTGCGACGCCAGCGAAGCGCGGGTTAAAGCCCACATCACCCATCTGCATACGCGCATGCCGTTCGACGTTGCCAATTTCCAGGAAGACGAGAACAAGAGCTACGCTCGTGAATGGCTGGCGGCCGCCGGCCAGCAGGGAGAGGCGCATAGCGATTTTATACAGCCGCTCACCGCGCCGCCGATTGACAGCCTGCCGTTCGATCAGCTCCTGCGCTTCTGGCAGCACCCGGTACGCGCGTTCTTTCAGCAGCGTTTGCGGGTCAATTTCCGCGCCGAAGAGGACGATATTCCAGACGACGAGCCGTTCACTCTTGAAGGGCTGAGCCGTTATCAACTGAATCAGCAACTGCTCAATACGCTTATTGAGGAGCAGGACGTCTCGGCTATGTTCCGCCGCTTTCGCGCCGCCGGCGAGCTGCCGTATGGCGCCTTTGGCGAGCTGGTCTGGGAGACGCAGCGCCTGGAGATGCAGGCGCTGGCCGAGCGGGTGATGGCCGAGCGCCAGCAGGCGCAGAGCATGGAGATCGATCTGCAGTGCGGCGGCGTGAACCTGACCGGCTGGCTGCAGCAGGTGCAGCCGGACGGTCTGCTGCGCTGGCGGCCTTCGCTGCTGAGCGTCTCCCAGGGGATGCAACTTTGGTTGGAACACCTTGTCTACTGCGCCAGCGGCGGCACCGGCGAGAGCCGGCTGTTTGTGCGGAAAGAGGGAGAGTGGCGCTTTCCGGCGCTGGCGCCCGCCGAGGCGCAGGCGTACCTTAACGAGCTGGTGGATGGCTATTTGCTGGGGATGTCGCAGCCGCTGCTGCTGCTGCCGGAAAGCGGTGGCGCCTGGCTGAAAGCCTGTTACGACGCCGAAAAGGATGTCATCTTAATGGACGAAGAGACGCAGCAGAAAGCGCGGAGCAAATTCCTGCAGACCTACGAAGGGAACATGGTGGTCAGCGGGGAGGGCGCCGATATCTGGTATCAACGCCTGTGGCGTTCGCTGGAGCCGGCGCATTACGAAGAAATCATTGCCCAGACGCAGCGTTATCTGTTACCGCTATATCGTTACCATCGGTCCACACAAATTTAAATAGTATAAAAATTGCGCACTGAATGGCGGTTCATTTAATATGCGCAACGTATCACGGACTGATGGACATAAAAGGCTGCACGCTGTGCAGCGCAAGTTTGTTAATGATGAGGTTCGTGAATGCCCCGCAGTTTATGGTTCAAGGTTTTTGTTGTGTTGGCCGCCCTCTGGGCGCCGTTTAGTCAGGCCGACACCGGATGGCAGCCGATTCAGGAGACGATCCGCAAAAGCGAAAAAGA
NZ_CP073782.1_gap11	473434	476890	3456	AGCACCGACTCCGCGCTGGCCGCGGTGTTCGCGCCGCCCAACGTGGATGAGTTCAGCAGCACCGCCGCCAGCACCCTGCTGGGGCAGATCATTCAGCCGTGGTTCTACAACCAGCTGCGTACCGAAGAGCAGCTCGGCTACGCGGTCTTTGCCTTCCCGATGAACGTGGGGCGCCAGTGGGGCATGGGCTTCCTGCTGCAGAGTAGCGATAAGCAACCGGCCTTCCTCTGGCAGCGGTTCCAGGCCTTCTTCCCCACCGCGGAGGCGAAGCTGCGGGCGATGAAGCCGGAAGAGTTTGCCCAGCTCCAGCAGGCGGTGATAAGCCAGATGCTGCAGACGCCGCAGACGCTGGGCGATGAAGCCTCGAAACTGAGCAAAGATTTCGATCGCGGTAATATGCGTTTTGATTCACGTGATAAAGTAGTGGCTCAGATTAAACTGCTGACGCCGCAAAAACTTGCCGACTTCTTCCATCAGACGGTGGTGGATCCGCAGGGCATGACGATCTTGTCCCAGATTTCCGGTAGCCAGAATGGCAAAGCGGACTATGCCCAGCCGAAAGGCGGCAAAGTGTGGGAAAACGTCAGCGCATTGCAGCAATCCTTACCCCTGATGCGAGAGAATGAATGACCGACACCGCTGAGTCTTTGGATCCCCTGCGCTTGCCCCTGATCGGCGAGCGCCTGATAGAAGCCTCTGCGGGCACCGGAAAAACCTTTACCATCGCCGCGCTGTATCTGCGGCTGCTGTTGGGGCTGGGCGGTGAGGCCGCCTATCCCCGCGCCATCAGCGTTGAAGAACTGCTGGTGGTGACCTTTACCGAGGCGGCGACCGAAGAGCTGCGCGGCCGTATCCGCAGCAACATCCACGAACTGCGCATCGCCTGCCTGCGCGGCGAATCCGACAATCCGCTCTACAGCGCGTTGTTGGCGGAGATCGCCGATAAAGACGACGCCGCGAAGACGCTGCTGCTGGCTGAACGGCAGATGGACGAGGCGGCGGTATTCACCATCCACGGCTTTTGCCAACGGATGCTGAGCCTTAACGCCTTCGAGTCGGGCATGCTGTTCGAGCAACAGCTGATCGAGGATGAATCCCGCCTGCGCTATCAGGCCTGCGCCGATTTCTGGCGCCGTCACTGCTATCCCCTGACCCGCGATATCGCGGCGGTGATCCACGACGTCTGGAAAGGACCGCGCGATCTGCTGAAGTCCCTTGACCGCTGGCTGCAGGGCGAAGCGCCGCAGCTTAAGTCGCCGCCAGCCCCTAACGAGACGCTGGCCGAACGCCATCAGCAGATCATCGCCCGCATTGACTCGCTCAAGCAGCAGTGGCGCGAGCAGGTGGGCGAGATCGAAGGCGTGCTGGAAAATTCCGGCCTTGACCGGCGGAAGTTTAATCGCGGCAACCAGGGCAAGTGGATGGAGAAAGTGAACGCCTGGGCGCAGGAAGAGACGTTAAGCTACCAGCTGCCCGACGCGCTGGAGAAATTTGCCCAGTCGTTTCTGCTCGAGCGCACCAAAGCCGGTGGCGAACCGCCGGTGCATCCCCTGTTTAGCGCCGTAGAGTCGTTGCTGGCCTCCTCGCTGACGCTCACCGATCTGGTGCTGGCGAGAGCGATGGTCGAGATCCGCGATGCGGTCGCCCGCGAAAAGCGCCGCCGCGGCGAGCTGGGGTTTGACGATATGCTCAGCCGGCTTGACGAGGCGCTGCGCGGCGACAGCGGCGAGACGCTGGCCAGCGCTATTCGCCAGCGTTTTCCGGTGGCGATGATCGATGAATTTCAGGACACCGACCCTCAGCAGTACCGGATTTTTCGCCGCATCTGGCGCCGGCAGCCGGAGACGGCTCTGCTGCTGATCGGCGATCCCAAGCAGGCCATCTACGCCTTTCGCGGCGCCGATATCTTTACCTATATGAAAGCGCGCGGCGACGTTGCCGCGCACTACACCCTCGATACCAACTGGCGCTCCTCGCCGGGCATGGTGGGCAGCGTCAATCGGCTGTTCAGCCTCAGCGATAACCCCTTCATGTTCCACGAGATCCCGTTCCTGCCGGTGAAGGCGGCGGCGAAGAACAAGGGGCTGCGCTTTACCGTTGACGCGGCGGACGTACCGGCGATGAACGTCTGGCTGATGCCCGGCGACACTGTCGGGTCTGGCGATTATCAGACCTTTATGGCGCAGCTCTGCGCCACGCAGATCCGCGACTGGCTGAGCGCCGGTCAGCAGGGGCGCGCGCTGCTGTGGCGCGGGGAAACCTCGCGCCCGGTACAGGCTTCGGATATTACCGTGCTGGTGCGCAACCGGCTGGAGGCGGCGCAGGTGCGTGAAGCGCTGCAGACGCTGGGCATTCCCTCAGTCTACCTCTCTAACCGCGACAGCGTTTTTGAGACGCTGGAGGCCCAGGAGCTGCTCTGGCTATTGCAGGCGGTGCTGGCCCCGGAGCGGGAAAATACCCTGCGCAGCGCGCTGGCGACGTCGATGTTTGGCCTGACCGCGCTGGATATTGAAAACCTGAACCAGGACGAGCAGGCGTGGGACGCGCTGGTGGAAGAGTTTAGCGAATACCGCCAGATCTGGCGGCAGCGCGGGGTGATGCCGATGCTGCGGGCGTTGATGACAGCCCGGCATATCGCCGAGAATCTGCTGGCGACCCGCGGCGGCGAGCGGCGCTTAACCGACATTCTACACATCAGCGAACTGCTGCAGGAGGCGGCCAGCCAGCTGGAAAGCGAGCATGCCCTGGTGCGCTGGCTGGCGCAGCATATCGCCGAGCCGGACAGCAACGCCGCCAGCCAGCAGATGCGTCTCGAAAGCGATAAGCACCTGGTGCAAATTGTCACCATTCACAAGTCAAAAGGGCTGGAATACCCCCTGGTCTGGCTGCCGTTTATCGCCCGGTTTCGTAAACAGGACCAGGCGTTTTACCACGATCGCGAGACGTTCGCGGCGGTGCTGGATCTGGGCCAGGATGAGGCCAGCCTCGAGCTGGCGGAGGCGGAACGACTGGCGGAAGATCTGCGCCTGTTGTACGTGGCCCTGACCCGTGCGGTCTGGCACTGCAGCCTCGGCGTGGCGCCGCTCAGCAGCCGGAAATCCGGCAACAGCGATTTCCACCTCAGCGCGCTGGGACGGCTGCTGCAGGCGGGCGAAGCCATGGACGCCGCCGGGCTGGCTGCGCGGCTGGCGGACTTCTGTCATGGCGATATTGCATTACAGAGACCGGGCGAACTGGATCTCACCCCGTGGCAGGCGCCCGCGGCGACCATCCCGCGATTGTCGGCGCGCGAGCTGCAGCGCCGCATCGCCGACGACTGGCGGGTGACCAGTTACTCCGGACTGCAGCAGCATGGTTTCAGCGGCGGGCAGGATTTGCTGCCGCGTCTGGATGTTGATGCCGCCGGCGTCGGCGAAGTCGTGGAAGAGCCGCAGCTGACTCCGCACCAGTTCCCGC
NZ_CP073782.1_gap12	482401	486228	3827	CGATGCCTTTACCAGCCGCCAGCCCAGCGGCTCTTCGGTGTTTGCCCTCTCCACCAAGGGGGCCACCAGTACCGCGGCAAAATATCTCGCCCAGACGCAGAACGCCTCGGATCTGATCGGTGGGGTCAGCAAGAGCGGCGACCGCTATGTCGACCACACCATGTTCGATATGGTGCAGTCTCTCACCATCGCTGACAGCCTCAAATTTGGCAAGGCGGTGCTGGAGAAAATGGGCAATATCAATAACCTGCACAAGAACCGGGTAGAACAGGCGGGCTTTGCGGTGCTGAAGGCGCCTGACATCCCCTCCATTCTGGTGGAGACGGCGTTTATCAGTAACGTGGAAGAAGAGCGAAAGCTGAAAACGGCCAAATTCCAGCAGGAGGTGGCCGAGTCGATCCTCGCCGGGATTAAAGCCTACTTTGCCGATGGCGCGACGCTGGCCCGCCGCGGATAACCACACAGGAAAGGGACATGGCCTTACTGAAAAGCGCCCATGGCGGTAACACCCGCGAGGCCGCCGCCCTGCTGGGCATTGCGCCCGGCGAGCTGCTGGATTTTAGCGCCAACATTAATCCGCTGGGGATGCCCGCCTCGCTCAGGCAGGCGATCATCGACAACCCAGGCTGCGCCGAACGCTACCCTGACGTCGAGTATCAACAGCTGCATCAGGCGCTGGCTGCCCACCATCAGTTGCCGGCGGCGCATATCCTCGCCGGCAACGGCGAAACTGAATCGATCTTCACCCTCGTCCACGGCCTTAAGCCGCGGCGGGCGATGATCGTCATTCCCAGTTTCGCGGAGTACCGGCGGGCGCTGCAGACGGTGGACTGCGAGGTGGTGGAGTATGCCCTGCGGGAGCGCGATGGCTGGCAGCTGACCGACGCGATCCTCGATGCCCTGACTCCGGCGCTGGACTGCCTGTTTCTCTGCACCCCGAACAACCCCACCGGCCTGCTGCCGGAGCGGGGCCTGCTGGAAGCCATTGCGCAGCGCTGCCGGGCGCTGAACATCAGCCTGATCCTCGATGAGGCCTTCCTCGACTTTATCCCCGACCAGCCGGGGTTTATTCCTCTGCTGGCGCAGCATCCGCACGTCTGGGTTCTGCGATCGCTGACCAAATTTTATGCCATTCCGGGGCTGCGTCTCGGCTACCTGCTGAACGCTGATGCCCAGGCGGTGGCCCGACTGCGCGCGCGACAAATGCCGTGGTCCATCAACGCCTATGCCGCCCTGGCCGGGGAAATTATTCTCCAGGATCGGGCGTATCAGCGGGCCACCTGGCAGTGGCTGCAGGAGGAGGGAGCGCGTTTCTATGCGCAGCTGCAGGAGATGGCCGGGCTGACCGTGTGGCCCGGGCGTGCTAACTACCTGTTCTTGCGCTGCGACAGAGCCGATTTTGACCTGCAATATGCCCTGCTGCGCCAGCATGTGCTGATCCGCAGCTGCGCCAACTACCCGGGGCTGGATAGCCGCTATTTCCGCGTGGCGATCCGCAGCGCCGAGGAAAACGACCAGCTGCTGGCGGCGTTGCGCCGGGTGCTGGCCTGAGGCCTACTGCAGGATGACGCCCCCGGGCACCATCGCCAGCAGATGCTGCTGCGGCCAGTGGGCGGCGATGTCGCTGTCTGCCAGCCGCCATTGCAGAAATTCGACGTCATGCCGACGGCGGTCCAGCAGCAGGCCGACGACGCTGCCGCTGTGCGCCACGTTGAGACCATAGAGCCCTGCGCTTTCCACCAGGTCCAGCAGCGCGTCAAACCCCGGCTTAGGCAACAGCTGCTGGCTGGCAATGGCGCTGATGGTTGCTGCTTCGCCCAGCAGCTGCGGGCTGCCGCAGTGGCAGGCCTGTTGAACTTTCTCCCACGCCAGCTGCAGCCGGGAGGCGTTTGCCAACAGGCCCGGCTCGCGCGGCAGCTGGTGATAGTCGGTGGTGCGCAGTGTCAGCGGGCTCTCCAGCACTAACAGGTCGAGCGCCGGCGGAGGGGGACAGGCGATTTGCGTGGCGGCGGTATTATGGTCGAACAGCGTCAGCTGGCGAAACAGGGTGCTGTCGGTAGGCTCCAGCGCGACGCACAGGCGCGCCAGCGTCGGCTCATCCAGTAGATGGCCCAGATGATGGGCGGTGGCGACGGCGGTGGCAGCGATATCGGCGGTGCTGCTGGCCATCCCTTTGGCCACTGGGATCGTTGAGTGCAGGGTGATGCGGATCTGCTGGCTCAGCGCTGGGGGGTAGCCCCAGTGGGCCAGCAGCTGGTCGACCATCGCCCGCGACAGCGGCCGCTCGTCTTTTCGCGGTACTCCGGTCTCGACCTCGACGGTGCTGTACCAGTCCACCGGACAGGAGACCAGCTTTTCGCTGCCGAGGATCCAGCCCTGGATAAGTTCTCCGCACGAGGCGGGACATTGTGCAACAGCCACGTTTTCACCTTTCCGCTTACCTTCGCCAGGGCGCATAGTGGCATGGCGACCCGCCGGTTACCATGATTCTCCGCAAGAGGAGGCGCGTCGTTTATGCCGACACCGCCAGCTCGCGCGCCTGCGGCAATGCAAGACGCATGACGTCGCGGGCAATCATAAGCTCTTCATTGGTGTTGATCACCGCCACTTTGACCAGCGCATTATCCGCCTGAATAAAGGTCGCGCTCCGCTGGTTTTTCTCGTCGTCCAGCGCGAGGCCGAGAAAATGCAAATTGCGGCAGATCGCCGCCCGCGCCCGGGCGGAATTCTCGCCTATGCCGCCGGTAAAGATCAGCGCGTCCAGACCTCCCATCTGCATGATATAGCTGCCGATAGTCGCGCGAATGCGTTCGGCAAACAGCGACAGCGCCAGAGCCGCCCGTTCGTTGCCGGCGTCGGCTGCCTGTTCGACGTCGCGGTAATCAGAGGACACGCCGGAGACGCCCAGCAGCCCGGATTCATTATTCAGCAGCTGGCTGAGCTGCTGGGCGGATTTCCCTTCTTTCTCCACCAGCCAGGGAAGAATCGACGGGTCGATATCGCCGCTGCGGGTGCCCATCATCACCCCGGACTGGGGAGTAAAGCCCATTGAGGTATTCACCGATTGCCCGCCTTTGATGGCGCAGACGCTACAGCCATTGCCCAGATGGCAGCTTACTACCCGCAGGGCGCTCAGCGGTACGCCCAGCTTTTCCGCCAGCGCGCTGCTGACATAGTGATGGCTGGTACCGTGAAAACCGTAGCGGCGAATGCCAAGCTCGGCGTAATAGCGCCAGGGGAGGGGATAGAGCCAGGCCTCCGGCGCCAGGGTCTGGTGAAAGGCGGTATCAAAAACCGCCACCGCCGGTACCGCGGGTAACAGCTGGCGAAAGAGACGTATGCCCAGCGCATTGACCGGGTTATGCAACGGCGCCAGCTCCGCCAGGCGCTCGATCTCCCGCAGGGTATCGTCGCAGACCAGCGCGGCGTCTTTGAAGCGTTCGCCGCCGTGGGCGACGCGGTGGCCAACGCCGTCGATCTCCTGCAGGCTGCTGAGGATCCCGCGGCCGGTCAGCGCCTCCAGCAGCAGGGTCACTGCCTCATGGTGATCGGCGATGGGCAGCGTCTCCTGCCATTTCTGTGCCGACGTTTTCAGCGTGAAGCGGGCCTCGGGCAGGCCGATACGTTCGATCAACCCCTGACAGAGCAACGCCCCCTGCGGCATGTTAAGCAGCTGAAACTTCAGGGAGGAGCTGCCGGCGTTAATCGCCATGATTTTATAGGTCATTGATATTCCTCTGCATTCAGGCAGGCGAACAGGTCATCAAGCCCGTCGCCGGTTAACGCGCTGGTGATAAAGATATGTCCGGCGCCCGCCGTCTCGAGCC
NZ_CP073782.1_gap13	488139	492274	4135	TTTGGTGACCGGTGTCTCGAGGGAGGTAATAAGCGAGCCCATCATCGGACCGCCGTTGATAAACCCCGGATCGTCAACCGTCGCGCCGCCGGCCAGATCCAGCACCTCGCGCAGCGATATACCCAGTGGTACGGCCAGCGTCAGCGGACGGGCGACGGCGCCATTGACGGTCAACGTCCGGCGAGTCACCGGATAGCCCTGTTCCACGGCTCTGGCGATATTGAGCACCGTCTGCACGTTATTGACCACCACGCCGACGCTGACCGGCAGCGCGGCAGGTGGTACGCGGCGTCCCGTCGCCAGCCAGATAGTGAGCACCTCATCCCCGGCCGGATAGACGTCAGGCAGAATATGCAGCCGGGCCCATTCCGGGAGTCGTGGGGTTAGTGCCGCAATCGCCGGAGCATATTTCGCCTTCAGGGCAATGATCCCTTCCCGGGCGCCAGTGGCGGTCATCGCGTAACCCAGGCCGCGAATCAGTCGGTCAGCCTGCTGAGCCATCAGCTGTTGGTCAACCTTCAGCATCGGTTCGCATTCGGCGGCGTTCACCAGCACGGTGTCCACCCGGGCCTGCAGTTTGATGTGGGTCGGAAAGCCTGCGCCACCGGCTCCTACGACGCCAGCGGCCCGAACGCGTTCACGGATCTCCGCTGCATCAATGCTTGATAGTGGCACTATCGCTTCACTCATTGCAGGTTCTCCAGCAGTTGCGCGATGGCCGCGCCATCGACCGGACGCGGGTTGGTGCGCAGGGTGGCGTCGGCCAGCGTGGCCGGCACCATGGCGGGAATTCGCGATAAGAAAAGGGGATACTTTTCCTGCAGTGCGCCCTTGAGGGTGGGAATGGCGCACTGCTGTTTCAGCGTTTCCACCGCGGTAAGCAGCGCCTGGAAAGCCTCCTGTTCGCCAGCTTCGGGCGGGCAGAAGCGGCAGGCCCTGGCCAGGCGCGCATAGCGCTTAGCCGCTCGCGGCTCGCCGGCATTGAAGCGGATCACCGCGGTCAGCAGCAGCGCATTGGCCAGGCCATGGGGGAGGTGAAACTGGCCGCCAAGCTGATGGGCGATCGCATGATTGAGCCCAAGGCCAGCCTGGCTAAAGGCCATACCGGCGAGGGTTGATGCATTGTGCATTTTGCTGCGGGTCGCAATGCAGTCGCCCTGACGAATCGCAACGGGCAGGGCGCGAAACACCAGCCTTACGGCCTTTTCCGCCAGCGCATCGGTAAAATCGGTGGCCTGCGGCGAGACCCATGCCTCCAGGGCGTGGGTCAGCGCGTCCAGCCCGGTATGGGCTGTGATGGTGGGCGGTACGCTAACCACCAGCGTCGGGTCGATGATCGCCATGTCGGGACAGAGCGCCTCATGGAACAGCGGGTACTTGATCCCTTTTTCCGGGTCGCTGATGACGCAGGCGCTGGTCACTTCCGAACCGGTACCGCTGGTGGTGGGGATCGCCACGCAGGTGTCGACAGGCAGACCGCCCTGCTGGCTGAACCAGACGATAGCCTTGGCGGCATCCATCGCCGAGCCGCCGCCGAAGCCGATCACCACCTGCGGACGCAGGGTCTGCATCTGCGCTATCCCTTTCGCCACGGTGTGAATGGTCGGATCCGGTGTAATATCGCTGAACACGCTGACGCGGTTGCTGGCGGGCAGCGCGGCGCGCAGTCGGTCAAGCAGCGGCGAGCGCGCCAGGAAGCCGTCGCAGACGATCCAGATGTGCTGATGGCTAAAGCGCTGCAGCGCGGCCAGGCTGCCCGGGCCGCTGTAGAGGCGCGTTTGCAGAGAAAAGGTATGCATGGCGCCCCCGGTTAGCGAATGGAAAAACCGTTGGTCAACACGCAGCGCCGCAGGCGGGCGAACGTCCGCGCGGAGGTGGTGCCTTCTCCGGTTGGCGTGGCGATGGTGAAGGTGGTAAACCCTTCGCCGCCGACGCCGATTCCCGCGTAAGACGGGCCATTTTTGACAAAAATGGAGGTCTGCAGGGTGCGTGCCGCCAGATTGAGCCGCGAGACATTCTGCGAGTGCATAATGGCGGTGTGGTGCAGACCCTCCTCAACGCGCAGGGCCAGCGCCAGGGCGCTGTCAAAGTCGGCGACCCTGACGATCGGCAGCACCGGCATCAGCTGCTCACAGGTCACCCAGGGGTCGTTCGCCTCCACCTCGGCTATCAGCAGGCGAGGGGGGCGAGGCGGAACGGCGAGACCCGCCGCCGCCAGCAGCGCAGCCGGGCTTTTACCGACCAGTTTTTTATTCGCCGCGCCGTCGGGCAGGCAGACGGCACGCAGGGTATCGGCCTCCTGTCGGCTCAACAGCAGCGCGTCAAAATCCTGCATCTGCTGGATCAGGCGGTCAGCGACGGAGGCGACGACGATCAGGCTTTTTTCGGCGATACAGGGCAGGTTGTAATCGAAGGCGGCGCCGCTGATGATATCTTCGGCGGCTTTGACGAGATCGGCGGTTTCATCAACGATGCACGGCGGATTGCCGGCGCCAGCGCCGATCACTTTTTTACCGCTTTTCATGCCCATCGCCACAATGCCAGGGCCGCCGGTGATAGCCAGAACGGCAATCAGCGGGTGGGACATCATTTGCTGGGTGGCTTCAAAGGTCGGCTCGGCAACGGTCACCACCAGGTTACGGATCCCGCTGCAGCGGTAGGCGATCTCTTCGATCCTGGCGATAAGCTTCAACGAGACCTTTTTCGCGCCGGGATGGGGGCTGAAATAGACGCTGTTACCCGCCGCCAGCATGCTGATACTGTTGTTGATAATGGTTTCCGTTGGGTTGGTGCTGGGCGCCACGGCGCCAATAACCCCGAACGGCGAGTACTCAAACAGCACCATCCCGCCATCGCCGGTGAGGGCGCTGGTAGTGAGATCCTCTATGCCCGGCGTGTTTTCAAGAGCGGCTTTATTTTTCAGATATTTATCTTCTTTGTTGCCCATGCCGGTTTCCGTGGCGCTCTCTTCCGCCAGCGTCGCCAGCTCGGGGGCCAGCGTCTCCCGCAGGGCGCTGATAATGGCGCTGCGGGTTTTTAGCGGACACTGCTGATAGCGGAGAAAAGCCTGATGAGCGGCGTCGATGGCGCTGCCGACATCGCAGAAAATGCCCTGCTCTTGCTGAGGGGCAGGGGGCGTCGGCGCGAGCTTTTCACTGAGGATGGTGCGGATAAGGGTTTCCAGTTCTGCTGTATTCATTGATGAGTTCTCACGTTAATGGCCGCCATGGCAGCCTGTGCAATAGCCATATCCTGCTCGACGCTGCCGCCGCTAATGCCGAGGCCGGCTATTAGCTGGCCATCGCGCCACAGCGGATATCCGCCGCCAAAGGTGACGACTTTGCCCTGCAGATGGCTCTCCAGACCGTACAGCGCAGCGCCTGGCTGTACGGTCGTCGCGAGCTCGTGGGTGGCGGTTTTCATGGCGACGGCGGTCCAGGCTTTTTTCGGCGCCAGCTCGCTGCTGACCAGCAGCGCATCGGGCATTCGCCAGGTCACGGTTTCGGTGCCGTGTGCGTCAACGATGCTGATCACCACCGGCACCTGCAGCTGGCGGGCGTGTTCAATGGCCTGACGGATGAGCTGATGCAGCTCGTGAAAGGAGAGCGACCCGGCCTGGGCTTTGGGCGCGTCGGGCGCAGGCGACCTGCTGGCGGCCAGATAGCGGGCCGCGATCTCCGTCACAAGGCGGCGCTGGTGAGCGGCATGATCCTCGCTGCGCGCCAGGGCATACAGGCAGTCAGATAAGCGATTCAGATAACGCAGCAGTATCTGACGGATAGTAACCTCTGCCGCCAGCTCGACCAGCCGGCGCTCCGCCCGTCTGGCAACGGTGCGGGCCAGGTGCAGACGGCTGGCGGCTTCACAGCGTCCGGGCAATACAAACTGGTGCAGCGCCGGCACGCGGGCCATCTCGCGATCGATGGTCTGCTCCAGCAGGGCAATCTCTTCGCTGCTGATATAGCGCTTACCCGGTGATGGCTGTTCGCTGTCGCTGGCGAGCTCCGCGCTGAACCAAAAAATGTGCTGCTGCAGGGCTTCGAGCAGGGTGCGCTGTTCCTCTTCAGCGACGGCGCAGACGCACAGGCTCAGCATGGCGTTCAGTTCATCCAGGGTGCCGTAGGCTTCGACGCGC
NZ_CP073782.1_gap14	613832	614448	616	CCGTAGCAGTCGAGAACAGGAAAAGTGCGGCCGCCCATCTGCCAGCGGACGGTTAGGTATTTATCAATGTTGATCATGGGATACCTATCGTGTGTAACGAAGACCCTGGAAGTACGTCAACGTGTACCTGTCACGTGGCCAGGCATAATCGAGCATATTTTTAAAACCAGCAGTGACGTTTACAGTCAGCGGTGTCCAGGAGCCTCCTTTAACCGGCATGACGTAAGGCGGCTCCGCTGGCGCGGTAAGGTCAGTGGAAATGTATTTCCTGAATGTGATGCTGGCAGTGGATATGGCATCAATGACCTTGCGAATAGCCGTGGATACAACGCCGTCTATGTTGCACAGCATAAACTTCAGGTCCTGCGTCCCGTCTTCGTTTCTGGCAGGAAGGGATAGGACAATGGCACAGGCAATAAACGTTACGGTTTCGCCCCTCTCGGTAACCGCCGTAATGTCCTCGTACCCCTCACACAGATAATGCGTCTGGCCGCCAATATCGATCTGCAACGTACCAATGATGACCTCCGACCCGGAGGACGCATAAAGGCGGTTAATCGCTGTCATGCTTAGGCCACTCCCTGTTTAGAGCTATATCGAGTAACGAACTCCCCAC
NZ_CP073782.1_gap15	635273	637887	2614	TCTTTGGGGCGAACTACCTCACCATCACTTTCAGCAGCCAGTTCGTACATGCTGATAATTTTTCCCCAAATGAACTCGGCGCAGGTTAAATCGTCCTGGCTGCCCCACTGCCGCTTTGCAGCGCTGTACACCACCGCGTCAGGATGCCGTGACAGAAATTCATCTGCAGAGCCCTGTTCGTCCGGTTGCGAAGCGTCCGGACAAGAAGGATTTATATCTGATGGATCAGTAGTTGATTTTACTGACGGATCCCCACCAGATTCTGACGGGTCAAAACCGGTTTTTTTGATGGATTCCGACGCCTCAAATTTTGAGGGGTCAATTTTTGACGCATCAGATTTTGACGCATCAGATTTTGACGTGTCAGATTTTGATGTGTCAGATTTTGATGTGTCAGAAACTGACAGGTGAGAAAATGCCGCTTTCTGTAGTTTGGAAACGTTGAGCTGGTAGACGTTCGATGCATTACGGTTGCCGTTGCGGCGCTGTGTGCGAGTGAGCCACCCCTCTTTCTCAAGTGCAGCTATCGCCGTTCTGACAGTACTTTCACCAGCGCCAATCTGACGGGATATGGTCGCAATAGAAGGCCAGCAAACACCCTCATCGTTGCTGAAGTCAGCCAGGCGCGCCATGATTGCCACGCTGGATAGCTTCATCCCCGAAGATGCACAAGCGTCCCAGACGTATCCTGTTAATTTAGTGCTCATGATCGTCCTTTATTTCTCTGAATTTACGTCTGAATTGCTCGAGGGGGCTAAAGCATTCATGCTCGTACCCTTCACGCAGGTATATAACGCGCTGTGTCTGGGGCTCCCAGCGTATGACCCTGACCGGGACGCCGTAGTGATCTCTGAACCATCGGTTGAGCTCTCGCATACTTTCTCCGCCTGGCCGTTAAAGTCCCCTACCACCCACTGAGCAAACTGGTAGCAGACAGGCTCGAACCCGCCTGGTACTCTTACCCCATACACGAACTGCACCGGTCCTGCTCCACCAGGAACTGGCCGCGCTACAAGTTGCGACCTGCGGTATTGTGTTGATAAACTGTTCATGCGTTAGTAATCTCCACTGATAACGACACGCCACGACGCCAGGAGCTGCAACTCGCTGGCGTCACTTCTTTTTGCGTGCAAACAACGTGATAATTGCCGCGATCTCTTCTTCACGCGCAGCCAGGTGGCGGCGGTGATGCACCATGATTTCTTCAGCTTCATGTCTTTCGATTACCCCATCCTCAAGTGCCTGTTCGATAATCTGATCAACCTGTCCCCTGGCGGCAGAGGTACGCATTGCCCGGCTAAACAGGTCCACGCGGTCTAGTTCTTCCAGGTGCGGAACATCCACCAGCAGAGCACCACGGCGGCGAGCGAAGTAGTCAGCCAGTAACGATGTGTTGGAAATGTCCTCCATCGCTTCAAGCTCAGATACTTCGAAGAACCTACATCCGTTTTTCTCGTAAAGGTTGTTATTAAACTGCGTCACCGTCATTCCCAGTGCGCCAGCCATTGCTTCGCGCCCACCTGGATATGCTTTGCACATAGATTTCACGACTTCTTTGAGGTTCATACCTACTCCTTTCAAACTCGGGTGGTAGTTACAAATTTGATGCAGTGACATTAAGCTTTCGCATTGCTGTACCTCTTAAATAGGCCCAGTCAATGTCAGGACGAAGCTCTTCGCAGGTGACAGCACCACCAGTAGCTTTCTCAATCTCAGGGCATCGTTCCGCAGGTATTTGCCTAATGCCCGTTGTCCATTGATTCACTGTTGGTGATGAGATGCCTAGATTCCTTGACAAAGCGGCTTGTCCCCCAACAATGCGGCAGGCTTCACTGATTGCTTCAAGGCTACTTCTCATAAACGGATTCCTATGATTTCCACACAAGCAAATATTAGGCTAAGCCTAATAAACAATCAATAGGAATTGCCTAAGCTAAAGGTTATGAGGATTATTAGGCAATGCTTAGTGGTAAAGAATTGGGCCGAGCGATCGAGCAGGCCATAGACAAGAAGCTTTCAATAGGTTCTGCCAAGAGTAAGGCGGAAATCGCACGTCATTTCAAAATAAAACCCCCATCAATCCATGACTGGATCAATAAAGGCTCCATATCGAAAGAGAAGCTACCAGAGCTTTGGAACTACTTTTCTGATGTTGTGGGCCCCGAGCACTGGGGACTAAAAGGATACCCGCTAACTGATACATGTGAGCCCGCAACAGATCCCATAGTTAAAAATGGTTCTATTGACGAACTCTATAATAAGGCTTCGAGAGAGAAAAAGGCTATCATTGATTTTGTCCTCTTAGAGCAAGGACAGCGTATACCTGGCTGGGTAGATAGCGACGCTAAAGCATATTTAGACTCACTAGAGATGAAGATAAGGAGATGGGCAGAGCAGGAGGAAGATGGAAAAAAACAAACGAAAGCCAGAGCTTAAGCTTATATGGTCTAACGGACAATATCTCTAAGCTCCATACATGTTAAAAGCTCTGAGATTGATTCACTTGCATAACTCAATCCCTGTGGGGGATTGGCTTGTATGAAGCCCATCCGGGGATTGTGACTTGCTTTGATTTAACAGCAGGTTTTCACTTTGCATGGAGGATGCATGGAAA
NZ_CP073782.1_gap16	707615	709791	2176	CGCATCGCGGGCAAAGCCCAGCACGCGCGAAAACATGGTCATCGAACTGACTGCCGCCAGTGATTTTAAAAGGTTCATTACGCTGTTATTCCAAACCCTGGAGTAAAACGCCCGCAAATGCGGGCGCTGGAAAGTGGCGATAGTCTACCGGGTTCAACATGAATTACTACTGTCAGTTGTTACAATGGATTATTCGCTAATGGCGTCGCGCCACAGTTTCTCAACGATCCGCTGAGCCAGCAGCGCCTGTTCGCCTGCAGTTTCAGGAACTGTCTGATTTTGCACGCATTCGATAAAATGGCGCGCGCAGCCGACAAAGCCGCGCTGCTCAAGGGTGGTTTGCCAGCCGGCAACCGGGCGCTGGACCACGCCATGACCGCACTCCTCCTGCCATTCGCGCATCTCGCTGACGGCATATAGCCCGCCATCCGTGACCGCCTGCACCCACTCGCGCTGGCTGCCTGCGCGACGATGCATGCTGGTGGTGACCTGCAGCCGGGGCGAACTGAACTGATGTTCGGCATAGAGCATTTCGCCCTGCGGGGTGATCTTCAGCGCGCCGCCGCGCAGACGCGCCTGACCGTCGGCCAGCCATAGCGCGGTATCCACCACATGCAGATAGTCATCAAGCAGCGTAAAGCGCAGATCGTTGCCGACGCTATCGCTACGGTGTTTATCCATCCGCAGCGAGGCCGCCTCGCCCAGCCGCCCCTTCAGCTCCCGATAGAGCGGCGCGAAGCGGCGATTGAAACCGACCATCAACGTCAGTCGACGTCGCGCCGCCAGCTCGACCAGCGTCTCCGCCTCACTCAGCTTGTCCGCCAATGGTTTATCCACACAAACATGAACCCCGGCATTCAGTAAGTGATTCACTACTTCATAATGTGAAGCCGTCGAGGTATGGACAAAGACCGCATCGCACTGTGCCGCCAGGGCATCGAGGGAATCAGCGTATGGCATCCGCCAGGTTTCGCAGATCCGCAGCGCCTTCTCTTTACCCGGCGACCAGGCCGCCTGCAGCGTCCAGCTTTCCGCCGCCCCCAGCACCGGCAGCCACGCTTTCTGCGCAATGCTGCCTAAGCCGACCACCCCAATGCGCAATCTTGTCCCCACGTTTTAGTCTCCCAGATGGTGTAACAGCGAATCGAGGCGCGCTTTCAGCTCCGCCACCTCGCCCTCCAGCGCTTCAACCCTGGCGCGCAGATCGCCGTCATCGTCCAGCGGCGCGAGAGCTTCCACTGTGGTGATCAGCGTGTCCATATCGTCGCAAAACAGATGCATATAGCGGCTTTCCCGTTTTCCCGGCTCCCGGGGCAGCCGGGCGACGAAGGGGCCATCTTCGCGCGTCGTCAGCCCTTCCAGCACGCTTTCCACTTCCGCCATATCGCTGAACTCATACATCCGCTGCGCCCGGCTGCGTAGTTCGCCCGGCGTCTGAGCACCGCGCAGCAGCAGCGTCGTGACCACCGCGACCTCGCCGGCGCTAAGCTTCAGATCGCCAAATTCAGAGTTGCAAAAGCGCTGTTCATACTTGGTGACGCGATTACCGAATCCGCTGACCGTGCGCAGATAGTGCCGTTTCACCAGCGTATCCAGCAGGGCCTGGACCTCGCTTTCGCTCAGCGACATCACTGGCTCGCGGTTGGTTTTCTGATTGCAGGCGGTCACCACAGCATTTACCGACAGCGGATACTGCTCGGGGGTGGTGACCTGCTTTTCCAGCAGGCAGCCAATGACGCGCGCTTCATGCGCAGTTAACTGATATTTCATCCTCTCTCCTTAACGTCCCGCAGACCAGTCCGGCGTCGTTAGCGCCGTCAGTACATGGTCACGCCACTGCCCGTCAATCAGCAGATAATCTTTGGCGTAACCCTCTTTTTCAAACCCCAACCGCGCCAGCAGCGCGCCGCTGCGCTGATTATGCGGCATGTAGTTGGCCATAATGCGATGAATATGCTGCGTGCGCTGCATATAGCGAATCGCCGACGTCAGCGCTTCAAACATCAGCCCCTGCCCCTGCCACTTCTCGCCAATGGAATAGCCAAGATAACAGGCATGGAAAGATCCGCGCACCACGTTGGAGAAATTCGCCACACCGATGATCTCTTTTTCCTCAGGATCGAGCAGCGCGAAATAAAAAGCTGACCCCTGCTTATGAAACTCAGCGATCATCGAC
NZ_CP073782.1_gap17	713112	715291	2179	CGGCCCGCGCTTCTACGGTCTGCCGGTCAATGAGAGCTACGTTGAACTGGTGCGTGAAGAGACGACCGTTGTGGACAGCATTGCCCTGCCTAATGACACCCTGGTGCCCTTCCTGGCGGGTGAAACCGTTCGCTGGACCGTGAAGAAATAAAAACGCAGCCCCCTGTTGTCAACGCTAACCGGATACTGTATAAATAACCAGTATCAAACGCAGGGGGCAATTATGCGCATTGAAGTGTCTATCGCCAAAACGACCGCCTTACCTAACGGCGCGCTGGAAGCGCTGAATAACGAACTCTCTCGCCGTATCGCCGAGCAATTCCCGGCCATCGATAGCCAGGTGAGCGTCCGCTACGCCACCGGTAATCAGCTCTCGGTGTTTGGCGCCCTGAAAGAAGACAAAGACCGGATAAGCGAAATCCTGCAGGAAACATGGGAAAGCGCGGACGACTGGTTTGTCCACGATCTCTCCTGAAGCATGGCGGGATCCAGTTACTCTGGTTTGCTCCCTCATTGTGCTTTTTTTGCCGGGTCGCCCCGGCTTTTTTTATCCCCTCTTCTGTTCAGAATAGTCCTGATTATTCTGCTCAATATCGACTAAATTGGCCATTTTACGCGCTTATCTTGAGTAAAAAAGCGGCAAAAGAAGAAAATCATGCTGCCTTTCATTTAATTTCTCGAGTTTATTCTTGATCCCTGATATAATTAACTTGCTTCAAAAAATATGCATTAAACCTCGAGAATTGTTGTCTTTTAACATATGAATAAGGGGTTATGATGGAAAAAAATAATGAAGTCATTCAGACCCATCCCCTCGTTGGATGGGACATCAGCACCGTTGATAGCTACGATGCGCTGATGTTGCGCCTGCACTACCAGAACCCCACTCAAGAAAACAGTAATGATGCTGAGATCGGCCAGACGCTATGGCTAACGACGGACGTCGCACGTCAGTTTATTTCAATCCTGGAAGCAGGCATTGCGAAGATTGAATCTGGCGAATACCAGGAAAACGAGTATCGCCGACATTAACGCGGCTTGCGAATGACTTAACATTAAACTTAACAGGCACCTGCGGGTGCCTGAATTATTTTCGGGCTTGTATAAGCACAGGGAGTTAATTACCCTGCTAACAAGGCAATTACCCGGAACTCACCATGCAATACGATCTTATCATTATTGGCAGCGGCTCCGTCGGCGCCGCCGCTGGCTATTATGCGCGCCGTGCCGGACTCAATGTTCTGATGACCGATGCCCATCAACCTCCCCACCAGGAAGGCAGCCATCACGGCAGCAGCCGTCTTATCCGTCACGCCTATGGCGAAGGTGAGAAATATGTTCCGCTGGTGCTGCGTGCCCAGCAGCTATGGGATGAACTGGCAGAGATCAGTGGCGAAGCCGTGTTTGAACGCACCGGCGTCATTAACCTCGGCCCCGCCAGCTCCGCTTTTCTCGCCAACGTCGCCGCCAGCGCCCGTGCGTTCCAGCTTGAGGTGGAAGAGCTGGATGCCCAGGCCGTGATGCAGCGCTGGCCGGAGATACGCCTCCCCGATGACTATCGGGCGATTTTCGAACCCGCTTCCGGCGTACTGCGCAGCGAACTGGCCGTCGAAACCTGGATCCGTCTGGCGCGGGAAGCAGGCTGCGCGCAGCTATTCAACTGTCCGGTCTCGGCTATTCATCACCATGCTGACGGGATCACCATCGATACCCTCGACGGTGAATATCATGGTAAAAAACTGCTGGTCAGCGCCGGCACCTGGGTCACCCGCCTGCTTCCGGACCTCCCTATCCAGCCGGTACGCAAGGTGTTCGCCTGGTACCAGGCCGATGGCCGTTACAGCAGCAAGAATCACTTCCCGGCCTTCACCGGCGAGTTGCCCAACGGCGATCAATATTACGGTTTCCCGGCGGAAGATAATGAACTGAAAATTGGCAAGCATAACGGCGGCCAGCCGATCTCCACCCCGCAGGAGCGGGTAGCGTTTGGCGCTGTCGCCAGCGATGGTTCCGAATCCTTCCCGTTTTTGCGTAACGTCCTGCCTGGCATCGGCGGCTGCCTGCACGGCGCCTCCTGTACCTACGACAATACCGTCGATGAGGACTTTATTATCGATACGTTGCCAGGCAGGCCAGACACGCTGCTGATCACCGGGCTGAGCGGCCACGGCTTTAAGTT
NZ_CP073782.1_gap18	716863	717500	637	GCATCCGCGCTATTGGCTGCTGTGGCTGGGTATCGGCCTGCTGTGGCTGGTTGTCCAACTGCCCTACCCGCTGATCTACCGCCTCGGGAACGCCATCGGCCGTCTGGCCATGCGCTTTATGAAGCGCCGGGCGAAAATCGCCTATCGCAACCTTGAGCTCTGCTTCCCCGAGAAAAGCGAGCAGGAACGCCACCGGATGGTGGTGATGAACTTTGAATCGGTGGGCATGGGGCTGATGGAGACCGGTATGGCCTGGTTCTGGCCGGTTCGCCGTATCGCCCGCTGGACCGACACCATCGGCTTTGAGCATATTCGCGATGTGCAGGCGCAGCAGCGCGGCATTCTGCTGATCGGTATTCATTTCCTCACTCTCGAGATGGGAGCGCGGATGTTCGGTATGAACGAGCCGGGGATTGGCGTCTATCGCCCCAACGACAACCCGGTGATCGACTGGCTGCAGACCTGGGGCCGCTTGCGCTCCAACAAGGATATGATTGACCGTAAGGATCTGAAAGGCATGATCCGGGCACTGAAAAAAGGCGAAGTGGTGTGGTACGCACCGGATCACGATTACGGCCCGACCGCCAGCGTCTTTGCCCCACTGTTTGCGGTCGACCAGGCGGCGACCACCTCCGGC
NZ_CP073782.1_gap19	791222	792177	955	CCAGCTGAATGTGCCGAAGCGCCTGCATTTTGTGCCGAAACGCTCACCTGTGCCTGCCGGGCGAAAGATGCTTGCGTGCGCCAGGTGTGCTAATCTACGCGCCATTTTTCGGTGCCGACATTCCCGTTGCTTAAAGGTAGCCCCATGACAGATTCCCTATTCCCCCGCTTAGTGTTAGCCAAAGGACGCGAGAAATCCCTGCTGCGTCGCCATCCGTGGATATTCTCCGGCGGCGTCGCCCGCATGGAAGGTAAAGCCCGCAGCGGTGAAACCATCGATATCGTTGACCATCAGGGAAAATGGCTGGCCCGCGGCGCTTACTCGCCGTCGTCGCAGATCCGCGCCCGCGTGTGGACCTTCGACCGCAATGAAGCCATCGATAGCGCCTTCTTTGAACGCCGTCTGAAGCAGGCGCAAACCTGGCGTGCCTGGCTGGCCGAGCGCGATGGCCTCGACAGCTACCGCCTGATCGCCGGCGAGTCCGATGGCCTGCCGGGCGTCACTATCGACCGCTTTGGCAACTTTTTCGTGCTGCAGCTGCTCAGCGCAGGCGCCGAATACCAGCGCGCCGCCATCATCAGCGCCCTGCAGAACCTGTTCCCGGACTGCGCCATTTACGATCGCAGCGATGTCGCCGTGCGTAAAAAAGAGGGACTGGAGCTGGCCCAGGGGCCGGTGGTGGGCGAACTGCCCCCGGCGCTGCTGCCGATCACCGAGCACGGCATGAAGCTGTTGGTCGATATCCAGGGCGGGCACAAGACCGGCTACTACCTCGACCAGCGTGACAGCCGCCTGGCCACCCGCCGCTATGTCGCGGATAAACGGGTGCTGAACTGCTTCTCCTACACCGGCGGCTTTGCGGTGTCGGCGCTGATGGGCGGCTGCCGCCAGGTCACCAGCGTGGATACCTCGCAGGAGGCGCTCGACGTTGCCCGCCAGAACGTGGAGATCAACG
NZ_CP073782.1_gap20	794467	795660	1193	TCACCTGCCATAAGGCTGTTCAGCGGTTTGCTTAACTGATGCGGATTTTGCTGGATAAAGCCATTGGCTATTTCGCCGATACGCCCGTTAAAGCGATAGGTGGTATCCAGCGCACAGCAATCCCCTTCGCCAAAGTAGTGGTTGAATGCGGTGGTCAGAGAAAGCTGCGCCCCGCTGAACCGATAGATCGCCTGCCAGTCATCCCCGACGGCAAAGAGCGTGGTTTGGCTATTCTGCCGGCGTAACGCGGCCAACAGCGAGGCTCGCTGCGGCGAAATATCTTGAAATTCATCCACCAGAATGTGTTTCCATGGGCTGACGAAGCGGCCTTTATCGAGAATATTGACCGCCTGATGGATCAGGCCGGAAAAATCGACCGCATTCTCGGCCTTGAGCGCCGCTTTCCAGTCTTTCATCAGAGGCGACATCAGCTTCACCCGTTTACTGAACAGGTCGCGTACCGCTTCCGGCGCCCCGGCAATCATCTCCGCCTGGGAGCCGCCGTGCATGCGCATCAGGCTCACCCAGCGGTCAAGCCGGCTGGCCATCCGCCGCTGCACCTTTTTGTCCTGCCAGAAGTCCCCCTCCGGCAGTTGCCAGCCCATCTCTTCTTCCAGCCACAGGCGCCAACCTTTTGCCTGCGCTTTTTTCTCCTGGCACTGCTTTTGCCAGCTTTTCAGCAGCAATGCGTGGCGGGCCGCAGTATCGCTTTCCAGCTTACTGATAGTGGGCACTTTTTTGCTGCCCTGCTGAATAATATGCAACGCCAGCGAATGGAAAGTACGCGCGGTAATATCATATGATGCCAGACGCTCGCGGATCCGCTCATCCATTTCCTGCGCCGCCTGGCGGCCGAATGCCAGCAGCAAAATTTGATCTGCCGCGGCTTCTCCCCGCGCCAGCAGCCAGCCCGCTCGCGCCACCAGCACCGAGGTTTTACCGCTGCCCGCTCCCGCCAGCACCAGCAGGGAGCGCTCACCGTTCACTACCGCACGCGCTTGTGACGCATTGAGCGGGGACGACTCAACGCTATCAAAAAATTCGCGATATTGCTCCAGCATCGCCTCGGTAAAGGCCTGGTTATGGGCCAGACGCGTCGCTTCAATATCGCCTAACCAGCGCTGACACTCCCGCCACAGCTCCCGGCAGTTATCAAAGGCATCAAGCCGACTGGTGGGCATCGGCAAACCAGT
NZ_CP073782.1_gap21	974647	978688	4041	CGTAGTCGCTCATATCGGATTTATGAGGGTAGTTGTTGTTCTGGAATTTACCGTAACCAACACCCACTACGCCGTAGATGCTTGCCCAGTCGTTCAGACGGTAAGCCGGACCAGCGGTGATGCCGTAGTACTGACCTTTGTTGTAAGTACCGTTGCTGTTGTTATCCTTCTCGGTGTAGGTGAAGGAACCGATAACGCCCAGCGGGTTGTTATCTTGCTCGTAACGGTATTTCAGGTTGAAACCGCCAGCTTTGTTCGCTTTACCCTGCATGTCGCTCTGCGCGTAACCGCCGGTTACGGTAGAAGTTGCAGCAAATGCAGTGGTACCTACGGATGCAGCCAGAACAACGGCCAGTGCTGAAAGACGTGCAATTTTATTCATAACCACCTCAAATGTGTTTCTAATAAGTCCTAAGCCTTAAATATATCAAAAACTTTTGGGAAACTCTTTGGAGTTTACATTGTCTAACATACTTTTTCATGTAACCAAAAGTTTCCATATTTCTGTAACAATATGGAAAACAACAATTTTTGGCGTTAACTTACATCTTAACGCTCATTAAGAAATTCGCAAGCATCCAGATTAATCCTAACCGCCTGGTGAATTTCTCAGCAGTTTTCGCCATTGTACTGTTTTTGCCCCTGTTTTTTTCAACATTAGCTCAACCGCCGGCAGGTAATTCCAGTACACTGGAACTTTTACCCCTTTTGACAAAACCTGACAGGAGAAAGGATGCCCGGTCCATCCAGAAAAGCGGCGGCATGGTTGCCGATACTGGTGATTTTAGTCGCCATGACCTCGATTCAAAGCGGCGCATCGCTTGCTAAATCGCTGTTCCCGGTGGTCGGCGCCCCGGGCGTCACCGCCCTGCGTCTGGCGCTGGGAACGCTGATTCTGGTGGTGGTGTTCAAGCCATGGCGGCTACGTTTCTCCCCGGCGCAGCGCGTGCCGCTGCTACTGTACGGCCTGGCGCTCGGGGCGATGAACTATCTCTTTTATTTATCCCTGCAGCGCATTCCGCTCGGCGTGGCGGTGGCCCTGGAGTTTACCGGCCCGCTGGCGGTGGCGCTGTTTGGTTCGCGCCGCCCGCTGGATTTTGTCTGGGTGGCGCTGGCGATCCTCGGACTATGGTATCTTCTGCCGCTGGGGCAGAACGTGGCGCAGGTCGATTTAACCGGCGCGCTGTTCGCCCTCGGCGCCGGGGCGTGCTGGGCGGTCTATATTCTGACCGGACAGCGTGCCGGTGAAGAGCATGGTCCAGCCACGGTAGCGATGGGGTCGCTCATCGCCTCGCTGGTGTTTGTGCCGTTAGGCATGGCGCAGGCCACCGATACGCTGTGGCAGTGGTCGCTGCTGCCGCTGGGTTTGGGGATCGCGATTCTCTCCACCGCGCTGCCCTACTCCCTCGAGATGATGGCCCTGACGCGCTTGCCGACGCGCACCTTCGGCACGCTGATGAGCCTTGAGCCAGCGTTAGCTGCCCTCTCCGGTATGATCTTCCTCGGTGAAACGCTGAAGCTCTCCCAGACCCTGGCGCTCGGCGCGATCATTATCGCCTCGATGGGCGCCACGCTGACTATGCAACGGCAGAGTAAAGTCGAGCAGGTCGATATCAATTAACATTCTGTTACGGCGCCGGCCCGAGAGAAATCCGGGCCGTTCAGCCAAATATAAATACCTGATATTTAAATATTTTTAAAATAACCAACCACTTTGCGCTATCGAAGTGATATAGCCTGCCGATGCCTCACTCTTGAAAACCCTTGCTATACTTATTTCCGAAGTCATTTGGGACAACGCTCCACATCATTCAGATCTGAAGTGTGATGAGCATCAATATCAAGAGGATATGAAACGATGAGTACCGCAAAACTGGTTAAATCAAAAGCGTCTAATCTGGTCTATACCCGCAACGATGTCGCTGACAGCGAAAAGAAAGCGACCATTGAGCTGTTGAATCGCCAGGTGATCCAGTTCATTGACCTGTCACTTATCACCAAGCAGGCACACTGGAATATGCGCGGTGCGAACTTTATCGCCGTGCACGAAATGCTGGATGGCTTCCGTACCGCGCTGACCGAACATCTGGACACCATGGCCGAGCGCGCGGTGCAGCTGGGCGGCGTCGCCCTGGGTACCACTCAGGTCATTAACAGCAAAACCCCGCTGCAGAGCTACCCGCTGGACATCCATCACGTTCAGGATCACCTGAAAGCCCTGGCTGATCGCTACGCGGTAGTGGCGAACGATGTGCGTAAGGCGATCGACGAAGCAAAAGACGAAGACACTGCAGATATCTTCACCGCGGCTTCCCGCGATCTGGATAAATTCCTGTGGTTCATTGAAGCCAACATCGAGTAAGGCTTTGCCGCCGGCCCAGCGCGGTCGGCGGCGCCTCAGCGTTTCTCCCTGCCCTATATTCCATCCTTTGCTTTTCATCCTCCACTGGCCTTGCACCGTTTCAGGGCACCAGATTGATGAAAATGCGCGCAAAAGTAAAAAGATTGTAATAATCACCTCACACAATCGTTACGTCGAGATTGTTTTCCCATCAGGGTTTGCGCTAAAAATGGGCTGGTAATTCAGCACCCTTATGACGCACCAAAATGACGCCCCATCATGGTGCAGTCACTGCCTGAAATGATCGTTCTTGTGCAACGACTTACGCTTCGTTTGTTGAAAAACAACAGCTTGTAAAAGTGGCACGATTTTTTCATTAGGCTAGTCGTTCTCGCAGGGGATCGTCCCGTGGATATAAAAGGAAATGCTATGAAGTCTGTATTTAAAGTTTCACTGGCTGCACTGACCCTGGCTTTTGCGGTTTCTTCCCATGCCGCCAATAAGACCCTGGTTGTCGCCACCGATACGGCGTTCGTCCCGTTCGAATTTAAGCAAGGCGATAAGTATGTGGGTTTTGACGTTGACCTGTGGGCGGCTATCGCCAAAGAGCTGAAGCTCGACTACACCCTGAAGCCAATGGACTTCAGCGGCATTATCCCGGCGCTGCAAACCAAAAATATCGATCTGGCGCTGGCGGGGATCACCATTACCGACGAGCGTAAAAAAGCGATCGACTTCTCCGACGGCTACTATAAAAGCGGCCTGCTGGTGATGGTCAACGCTAATAATAACGACATCAAAGATGTCAAAGATCTGAACGGTAAAGTGGTCGCGGTGAAGAGCGGCACCGGCTCCGTTGACTACGCGAAAGCCAATATCAAAACCAAAGATCTGCGTCAGTTCCCGAACATCGATAACGCCTATATGGAGCTGGGAACCGGTCGCGCGGATGCCGTGCTGCACGATACGCCGAATATTCTGTACTTCATCAAAACCGCGGGCAACGGTAAGTTCAAAGCGGTAGGCGAATCACTGGAAGCGCAAAACTACGGTATCGCCTTCCCGAAAGGCAGCGACGAACTGCGTGAGAAAGTGAACGGTGCGCTGAAAACGCTGCGCGACAATGGTACCTATAACGAAATTTATAAAAAATGGTTCGGCACTGAACCCAAATAATAAAAACGTACTTCGCCGGACCGAGGTCCGGCGACCCCACAACGGTCTTCCGGCACAGGCTCGGCGGGAGACGGTATTTTGGCGGAGGCTTTCCTCTGCTCTCGACACGGTAACAGGAACGTATTATGCAGTTTGACTGGAGTGCCATCTGGCCTGCCATTCCGATTTTGCTGGAAGGCGCCAAAATGACGCTGTGGATTTCCGTCCTCGGCCTGGCCGGCGGTCTGATAATTGGTCTGGTGGCCGGTTTCGCCCGCTGCTTCGGCGGCTGGATCGCCAACCACATCGCGCTGGTCTTTATTGAAATCATTCGCGGCACCCCGATTGTGGTGCAGGTTATGTTCATCTACTTTGCGCTGCCGATGGCCTTTAGCGATCTGCGCATCGATCCCTTCTCCGCGGCGGTAGTGACCATCATGATAAACTCGGGCGCCTATATCGCGGAAATCACCCGCGGCGCGGTGCTCTCCATACATAAAGGCTTCCGCGAAGCGGGCCTGGCGCTTGGCCTGTCGCGTCGCGAA
NZ_CP073782.1_gap22	984165	987189	3024	AGGCCCGGCGACAGGCCATCCCAGGGGTCAGATACTGCGTGAAGTGCCAGCAGGAGAAAGATTTACATAACAATACATTTTCAGGATATAATCGTCGCGGTTCCAAGGATAGCCAGCTACGCTGACTTTCCTTTACCGTTTATGACAGCCTTTCGCATTATCTTTTCGCGCACATTTTTTGGCGGAAAAAGTCGCAATATGTGCCCTTAAACGCGTCGGTCTTCCTCGCTACGCTTCGTGACGAAAAGAATAAGAAATAATTTATTAATAATCAGTAAATTATTAATCATTCAAAAAATTCGATGAAGACTGTGAATTTCCTTCGATTTTATCTCCCGCAAAAAAGCGTGATACTTATCACATCGACGGAACATCGTCCCCTGAACAGAACAACCTGCGAGAGATTAACTATGAAAAACATCAAATATGCTGCCGCTGCCATCGCTCTGACCGCTCTTTCCTTCGGCGCCTTTGCCGCCGAACCGGTTACCCCCGCTCAGGCTGAAAGCATGAATAAGATCGGCGTGGTGTCTGCGCAAGGCGCAACCACTTTAGATGGTCTGGAAGCAAAACTGGCTGCTAAAGCCGAAGCCGCTGGCGCGACCGGCTACAGCATTACTTCCGCTAACACCAACAACAAACTGAGCGGTACTGCGGTTATCTATAAATAATCGCTGCACCCATCTGTAAGCCACTGAATTAACCCTGAAAAGACCTTTAATACCCTTGCCTTGCCCGTCCGAGCCACCGGACGGGCTTTTTTTTATCCTGCAGATCCGATCACCAACAGTCGTTGACGCGGCTGAGGCCCTGCTCCAGCGAGGTCACTTCCCCGCAGGCCAGCAGACAGCAGGCAAGCTGGATCTTCAACGAGTTGGGCACCGGTTCGACGCCAGCGACGCAGCGTTCAATCCAGCGCGCGGTGACCTCAGGGTCTTTCGAGGTCGGCAGGACCACCGCCTCCGCTGCCATCTCAGTCTGGCGTTCGTACAGCACCCGCACGCCCTGCTCATCAATCAGGCTGATCTGCGGACAGCGCTGCGGGTTGGCGTACACTTCGCCCTCGGTACCATGCATCAGCAGCGCGCGGCCACCGGTCTCGCGAAAGAAGTTCGCCACCCGGGGAACATATTCCGGATGCGACACGCTGGAGAGACGCAATGCCTCCCCTTCGCCAAACGGCGTGGCCAGCTTGGCCAGGGTATGGGCGCTGTTGCGTACGCCCATCCGCCAGCGCATCGCCAGCTGTTTCTCCAGCGGCGGACAGAAGGCCCCCACCGGGATATACACCGGTTCATGGCCCTCCAGCTGCGCCTGAGCCTGTCCGGCGTGCAGGGTGGCCGGAATGTCCAGCAGGGTAAAAATGGTTTCGGTCAGCACCCGGGTGGGATCGTGACTGACGCCGTGAACCACCACCGGAAATCCCAGCTTGTGCAGGAGCATCGCCAGCAGCGGCGTGAGGTTCGCCTGCTTGCGCGCGCCGTTGTAGCTGGGGATAACGATCGGCATCGGCTTGCCGGCCGGCGGGGTCAGGCGCAGCGTATGCTGCTGCATCGCGGCGTAAAAACCTTTCATCTCCGCTTCGCCTTCGCCTTTAATGCGCAGGGCGATTAATATTCCCCCCAGCTCCAGCTCCGGCACCTCGCCGTTCAGCATCCGCGCGTAGAGCGCACGGGCGGTCTCTTCATCGAGATCGCGGGCATGATTCTTACCGCGACCCACCTCTTTTATAATTTTGCTGTACTCCATGGCTCCCCCTGGTGCATCACGCGCCGGCGTCAGCGACGTTTGCGGCCCGTCTGTTTTGCTGTCTGTTTTGCTTTCCGTTTTACTATAACCTCCGGAACGCCCGGCTGCTCTATGGGAAAAACAGGTAACGCGTCCAGTAGACGCGCGCCGTAGTTTTTGGTCAACAGACGCTTATCGTAAATCACCACCTCTCCCCAGCAGTTATGGCTACGGATCAAACGCCCCACCTGCTGAATAAGATTAAAGGAGGCGCTGGGCAAACTCTGTACCTCGAAGGGATAACGATTGAGGCTTTTCAGCCATTCGCCTTCGGTGATCACTACCGGGCTGTCGATGGGCGGAAAGGCGATTTTATGGATATGCACCTGGCTTAGCAGATCGCCTTTTAAATCGAGACCTTCGGCAAAGGACTGCAGACCCACCAGCACGCTGCGCTCGCCGCTTTCCACCCGTTTGCGATGCAGCTCCACCAGCCGGTAGCGCGGCTGGTCGCCCTGCACCAACAGCATCAGGCGCAGATCGGTCACATGCTCGAGGAAGCGGTTCATCGCCCGCCCGCTGGCAAACAGCACCAGCATCCCGAGATGTTTTTTGCTCTCCACCTGCTGGCGAAAATAGGCCGCCATCTCGGCAATGTGCTGCTCTTCGTTATCCATCAGCGGTTCATAACGCATTTGAGGAATAATAATTTTCCCCTGCTCCACGTGGTTGAACGGCGAATCCAGCGCCACGAAGCGGTCCCCCGCTTTCTCCTTCAGACCGCTCATCTCCTGCAGGCGCGAGAAGCTGTTTAGCGAGCGCAGCGTCGCTGACGTCACCACGATATGCGGCACGCTGCGCCACAGCAGCCGTTCAAGCTGATCGCTGACGCGGATCCCGACGCAGTGGAACCAGACGTGGATCTGGCCATCGCGCACCACCCGCGTCGCCCATTTGGTTACCGGCGCGCCTGAGGACTGCGCCAGCGACGCCAGGCGCCACAGTTTGCTTTGGCTTTCAAACATGCCAAGGGCGCGGTTCATCTGCAGCAGCACCCGATGCAGGCGCACCACGTCATGGCTGCCGGTCTTTTCGCTGAGATCGTTCAGGAACAGCTCCGCCAGGCCGCGCAGCAACTCGGTGAGCTTCGCCAGCCGCTGGCAGATCTCCATCACCTCCTGCGGCAGTTCGCCCATCGGGAAGCGATGCTCCGCTTCCTGACCGGCGGGCATATAGAGATTGAGAATATTATTCAACGAGGCAATCAGCTCGAAAAGCTCTTCGCAATGAGCGGTG
NZ_CP073782.1_gap23	994845	998247	3402	TGATCCACTCCGACAGCACCTTGATTAACTGGAGCAACTGGCTGTCGTGGCACAAGGTCCGCGGCTGGCATAAAAACTTCATTTTTAATTTCGACCGGTCATATATGAGCATCGAGGCGGCCAGAATGGGGATGGGCGTGATCCTCGAGAGCAATCTGCTGGCCGGCGGACACGTGCGCCAGGGACAGCTGACGCCGGTATTTGCCGACGAGCGGAGCATGCCGGTCGGCGCGCACCACTTCGTCCTCCCCCACGCTAATGAACAGAAGGAGAAGGTCCAGCGCTTCTTCGCCTGGGTCGCCGGAGAGCTGAAAGAGGAAGGGTTCCATATTTGATCCCGGCTGGTGGACAAACCGCCAGTCGGCGCCTAAAGTTAATCAATCGATTGATTAATTTTTACCGAGCGCGATGACCAGTAAAGGCGAACAGGCAAAAAATCAGCTTATCGCGGCCGCTATCGCCCAGTTTGGCGAGTACGGCCAGCACGCCACCACCCGCGATATCGCCGCCCAGGCCGGGCAGAATATCGCCGCTATCACCTATTATTTTGGCTCGAAAGACGATCTGTATCTTGCCTGCGCCCAGTGGATCGCCGATTTTATCGGCGACAATTTTCGCCCGCAGGCCGAAGCGGCGGAGCACCTGCTTGCCGGGGAAGCGCCGGATCGCCAGGCGATCCGCGACCTCATCCTTAGCGCCTGCCACAACATGATCCTGCTGCTCACCCAGGACGATACGGTTAACTTAAGCAAATTCATTTCCCGTGAGCAGCTGGCGCCGACCGCCGCCTACCATCTGATCCACCAGCAGGTGATTGCCCCCCTGCACCATTATCTCACCCGGCTGATTGCCGCCTGGACCGGCTGCGAAGCCAGTGATACGCAAATGATCCTCCATACCCACGCCCTGCTGGGCGAGGTGCTCGCTTTCCGTCTCGGGCGTGAAACTATCCTGCTGCGCACCGGCTGGACGCAGTTTGACGCGCAAAAAACGGAACAGATTTTCGAAGTCATTACCTGTCATATCGATTTCATCCTGCATGGGTTATCGCAAAGGAGTTTGGGCTGATGAAAAAACCCGTCGTCGTCATTCTGCTGATCGTGATTCTTCTCGCCGCGCTGGGCGGCGGCTGGTGGTGGTACCAGAGCAGCCGGCAGCAGCCGCTGACCCTGTATGGCAATGTCGATATCCGCACCGTCAACATGAGCTTCCGCGTTGGCGGTAGGTTGGCCTCGCTGACCGTCGACGAAGGCGACAGCATCCGCGCCGGGCAAACTCTCGGCGAGCTTGACCGCGCGCCGTATGAAAATGCCCTGCTGCAGGCCCAGGCCAATGTCTCCACCGCCCAGGCGCAGTATGACCTGATGATGGCCGGCTACCGCGCGGAAGAGATTGCCCAGGCCGCGGCGGCGGTGAAACAGGCGCAGGCCGCTTACGACTATGCGCAAAACTTTTATCAGCGCCAGCTCGGGCTGCGCGCCAGCAGCGCCATTTCCGCCAACGATCTGGAGAATGCCCGCTCCTCGCGCGATCAGGCGCAGGCAACGCTCAAATCGGCGCAGGATAAGCTGCGTCAGTATCGCGCCGGTAACCGCCCGCAGGAGATTGCCCAGGCCAAAGCCAGTCTGGAACAGGCGCAGGCGGCGCTGGCCCAGGCCAAACTGGACCTGCACGATACCGTGCTCACCGCCCCTTCTGACGGTACGCTGATGACCCGCGCCGTCGAGCCCGGCACTATGCTCAACGCCGGCGGTACCGTACTGACGCTGTCGTTAACGCATCCGGTGTGGGTCCGCGCCTATGTTGACGAGATAAACCTCGGCCAGGCGCAGCCGGGACAAGAAGTGCTGCTCTATACCGACAGCCGGCCGGATAAGCCCTATCACGGCAAAATCGGTTTTGTCTCGCCGAGCGCTGAATTCACGCCGAAGACCGTCGAGACCCCGGATCTGCGCACCGATCTGGTCTACCGTCTGCGCATTGTGGTGACTGATGCCGACGGCGCGCTGCGCCAGGGAATGCCGGTGACCATCTCCTTTAGCCACGGGAACGGACATGAGTGAGACCGTCATCGCCTTAAACGGCCTGAGCCGCCGTTTTCCCGGTATGGACAGGCCAGCGGTAGCGCCGCTCACCTGCACGATCCGCGCCGGCTACGTCACCGGGCTGGTGGGGCCCGACGGCGCGGGGAAAACCACCCTGATGCGAATGCTCGCCGGATTGCTCAAGCCTGATGAGGGCCGCGCCAGCGTGATAGGCTTCGACCCGCTAAAAGACGACAGCGCCCTGCACGCGGTGCTCGGCTATATGCCGCAGAAGTTCGGCCTGTATGAAGATCTGACGGTGATGGAAAACCTGACCCTGTACGCCGACCTGCGCAGCGTCACCGGCGAGGCGCGGAAGAAAATTTTCGACCGCCTGCTGGAGTTCACCTCTCTTGGTCCATTCACCGAACGGCTGGCAGGCAAGCTTTCCGGCGGGATGAAGCAAAAGCTGGGCCTCGCCTGTACCCTGGTGGGCGATCCGAAAGTACTGCTGCTCGATGAGCCCGGCGTCGGCGTCGACCCTATCTCGCGCCGCGAGCTATGGCAGATGGTGCACGAGCTGGCCGGCGACGGCATGCTGATTCTGTGGAGCACCTCCTATCTCGATGAAGCGGAACAATGCCGCGACGTGCTGCTGATGAACGAAGGCAAACTGCTCTACCAGGGTGAGCCGACGGCGCTGACGCAAACCATGGCCGGGCGCAGCTTTCTGGTTTCCAGCCAGCAGGAAAACAACCGCCGCCTGCTGCAGCGGGCGCTGAAGCTGCCGCAGGTTAGCGACGGGGTGATCCAGGGCAAATCGGTGCGTCTGATCCTGAAAAAGGACGCGCGCATTGAGGAAGTCCAGCAGCATGGCGACATGCCGCCCCTGCAGGTGGCCGACACCGCGCCGCGCTTTGAAGATGCGTTTATCGACCTGCTCGGCGGCGCCGGGACCGCTGAATCGCCGTTGGGGGCGATTATCCATCGCGTTGACGGCAGCAAAGAGGAAACGGTCATTGAAGCCCAGTCGTTAACGAAAAAGTTTGGTGATTTCGCCGCTACCGACCATGTCGATTTCCAGGTTAAGCGCGGTGAAATTTTCGGCCTGCTTGGCCCCAACGGCGCCGGGAAATCCACCACCTTCAAAATGATGTGCGGCCTGCTGGTGCCCACCTCCGGCAAAGCGCTGGTGCTGGGAATGGATCTCAAGGTCAGCTCTGGCAAGGCGCGCCAGCATCTGGGCTATATGGCGCAAAAATTTTCGCTGTACGGCAACCTCAGCGTCGAGCAAAACCTGCGCTTTTTCTCCGGCGTCTATGGCCTGCGCGGCCGGGCGCAAAATGAAAAAATCGCCCGGATGAGCGATGCCTTTGGC
NZ_CP073782.1_gap24	1003817	1006242	2425	TTTACGGCTGCTACGATCTGCTCGGTCGGGCTTATTGCGGGCACAAGCTGGCGAAACGCCAGGTCATGCTGGTGTCGTTTATCTGCTACGCCTTTAACCTGACACTCAGCACCTGGGTCGGCGGGATCGGTATGCGCTACCGGCTGTACTCGCGGCTGGGGCTGAACGGCAGCACCATCACCCGTATTTTTTCCTTAAGCATTACCACCAACTGGTTGGGCTATATTCTGCTGGGCGGGGTGATATTCACGGCAGATCTGGTGAAGCTGCCGCCGCACTGGTACATCAGCCAGACCACTCTGCGCATTATCGGCGGGGTGATGCTGATCCTTACGCTTTGCTATCTGTTCGGCTGCGCGTTCGCCAAACGCCGTCACCTGACGATTAAAGGCCAGCGGCTGGTGCTGCCCTCCTGGCGCTTCGCGCTGCTGCAGATGGGGCTCTCGGCGGCGAACTGGATGGCGATGGGGGCGATAATCTGGCTGCTGTTGGGCAGCGAGATTAACTATTTTCTGGTATTAGGGGTGCTGCTGGTGAGCAGTATCGCCGGGGTGATTATCCATATTCCGGCTGGGATCGGCGTGCTGGAGGCGGTGTTTATCGCCATGCTCTCCGGGGAAGATATTTCGAAGGGCGCGATCATTGCCGCCCTGCTCGCCTGGCGCGCGCTCTATTATTTCCTGCCATTGCTGCTGGCGACGGTGGCCTATCTGCTGCTGGAGAGCCGGGCGAAAAAGCTGCGGCAAAAGAACCAGCGCAAGCTGGCCCGCGAATGAAACGGTCAGGCCGCGCTGCGCTTGCACGGGCCTACGGGGTGTGAGCCTGTGAGAGGAGCCTGTAGGCCGGGTAAGGCGCAGCCGCCGCCCGGCAGCACCACGGGTACCGTGCCTGATGCCATCGCCCGGCGGCGCTGCGCTTGCGCGGGCCTACGGAGTGTGAGCCTGTGAGAGGATCCTGTAGGCCGGGTAAGGCGTAGCCGCCGCCCGGCAACATCAAGAGTACCGTGCCTGAAATCTCGCCCGGCGGCGCTACGCTTGCGCGGGCCTACGGAGTGTGAGCCTGTGAGAGGATCCTGTAGGCCGGGTAAGGCGCAGCCGCCACCCGGCAATACCACGGGTACCGTACCTGATATCTCGCCCGGCGGCGCTGCGCTTGCGCGTGCCTACGGAGTGTAAGCCTGTGAGAGGATCCTGTAGGCCGGGTAAGGCGCCGCCGCCACCCGGCAAAATCAAGGGAACCGTGCCTGATATCTCGCCCGGCGGCGCTGCGCTTGCGCGGGCCTACGGGGTGTGAGTCTGTGAGAGGAGCCTGTAGACCGGGTAAGGCGCAGCCGCCACCCGGCAATACCACGGGTACCGTGCCTGATATCTCGCCCGGCGGCGCTGCGCTTGCGCGGGCCTACGGAGTGTGAGCCTGTAGGCCGGGTAAGGCGCAGCCGCCACCCGGCAGCACCACGGGTACCGTGCCTGATATCTCGCCCGGCGGCGCTGCGCTTGCCGGGCGTTCGGAGATGCAACCCCGTGATATAAAGAGGTTAGCGGCGGTTGCCCATAATACGCAGCAGCATCAGGAACAGGTTGATGAAGTCCAGATACAGCGTTAAGGCGCCGAGGATCGAGTATTTACGCAGCGTGGCGCTGTCGCGGGTATCAATCTGCTCGCCGATGTTTTTCAGTTTCTGGGTGTCATACGCCGTCAGACCGACAAACAGCACCACCCCAATATAGGTCACGGCCCACATCAGCGCCTCGCTCTTCAGCCACAGGTTGACCAGCGACGCCAGCACGATGCCAATCAGCCCCATAAACAGCATGCTGCCGAAGCCGCTCAGATCGCGCTTCGTGGTGTAACCATACAGGCTCATCGCCCCAAACATCCCGCCGGTGACCACAAAGGTGCTGGCGATCGATGAATAGGTATAGGCGATAAAAATGCTCGATAGCGTCAGTCCGGTCAGCGCCGAATAGAGCATAAACAGCGTGGTGGCCATCCCGGCGCTCAGCCGCTGCACCATTCCCGACAGCACAAACACCAGCGCCAGCTGGGCAATAATCAGCCCGAAGAAAGTGATTTTGCTCGAAAAGACGAACATCATCACCGCCGGAGTATTCGCTGCAAACCACGCGATAAACGCCGTCAGCAGCAGGCCGACCGTCATCCAGCCGTACACCTGCGCCATGTAAGTCTGCAGGCCGGTACGGCCCTGCACTATTGAATCGGAACGCGGATATCTGTCCATGACTCTCTCCTGATTAACAAAGTTTCACCCTGTAAGCGTATCACACTACCAGCGCTCTGCCGCCTGGCGATCGCTGTCGCGGGCGTCGACCCAGCGTTCGCCATCCGGCGTCGCTTCACGCTTCCAGAACGGCGCGCGGGTTTTCAGGTAATCCATAATAAACTCGCCGGCGGCGAAGGCGCTGCC
NZ_CP073782.1_gap25	1206092	1207437	1345	GTGGATATGGTCCCTGACGAGCTGCGCGATATTTTCGAGCCGCTGATTGATGAGCATCACTACAGTGAGGAAGAGCAGTCGATCGTTAAACAGGCTGACGCCCTCTGCGCTTACCTGAAGTGCCTCGAAGAGCTGTCTGCAGGCAATAACGAATTTCTGCTGGCCAAAGGTCGGCTGGAAAAGACCCTGGCATCGCGGCGCAGCGCGGAGATGGATTACTTTATGCAAGTGTTCGTCCCAAGCTTCCAGCTGTCGCTGGACGAAATTAGCCAGGATTCGCCGCTGTAAGGTTCTGGCCGGGCGGCGGTTGTGCTCTACCCGGCCAGAATATCTTAAAACGGAAACAGTACCGGGATCAGCAGGACGCAGACCACCATCACCAGTATGGTAAAGGGCACGCCTATTTTGACAAAATCGCTAAATGAGTACTTGCCAGGGCCAAGCACCAGGGTGTTAACCGGCGAGGAGACCGGGGTCATAAACGCCGCCGAAGCCGCCATCGCCACCACCATGGCAAAAGGATAGGGAGAGACGCCCATTGACTTCGCCGCCGCTAAGGCAATAGGCGCCATCAGCACCGCCGTGGCGGTGTTTGAGATAAACAGCCCAATCGCCGCGCACATCATGAACAGGCAGCCGAGCATCAGATAAGGCCCCTCGCCTCCGGCGACATCCATCAGTCCCTTCACCACCAGATCCACCCCGCCGGTTTTTTGCAGCGCCAGGGCAAACGGCATCATCCCAACAATCAAAATAATGCTCGGCCAGTGGATCGCCTTGTAGGCGCTCTCGGCATTGATGCAGCGGAATTTGCCCATCAGCAGACAGGCGATAATCGCGGCAATCGGGTTGGGAATTTCATCGGTGAGCATCAGGGCTACCATCAGCACCAGGCAGAAAATCGCATGCGGAGCCTGGCTGTGGGCGGGCGAAGCGTCATCGACCTCAACCGGCATATTGAGCACCACGAAATCCCGGCCGCGCTTCGCCAGCAGGGCAATTTGCCGCCAGTTGCCGACCACCAGCAGGATATCGCCGAGCTGCAGCGGCTCGTCGACCACCGAACCATCCATCGCTTTGCCATCGCGCTTCATGCCGACGATATTGAGACCAAACCGGGTGCGGAAGGCTATCTCACGCACCGTTTTGCCAATCATCTCTGAATCCGGGATCAGCGCCACCTCCGCCATCCCCACATCCAGCGCCTGATCGGCAAAATACTCGCCGCGCAATACCATCGGCTCAAGCATTTGCTCGCCGCAGAACTGGCGTAAATCGACATCGGAGGCGGACATATCGATCAGCAGGACGTCGCGGGCGCGAAATTCCGATACCCCGTTGACGT
NZ_CP073782.1_gap26	1228590	1231885	3295	GGCTTTGGCAAAGGGTTCTGATTCAGGTACCTGATCACCTACGTGCATATGCAATCCGCGCAGATGGACATAAGGCATCTCCAGGATCCGACGACAGGTCTCTTCTGCCTGTTCCAGGTCGAGACCGGATTTAGCATGGAAAGCAGTGACCAATTCAGCATGTGTGGCTGAAGGAACATTAGGTTCTACGCGCACACAAACGTTAGCCACTTTCTTCAGCTTACGAGAGATCGCGTCGATATGGTCCAGTTCATACAGGCTATCGACGTTGATCAAATACAGATCGTTGGCAATTGCAAACTCCAGGTCGGCGGGCTTCTTCACCACACCGTTGAACACGATCTGATCCCCGCGAAAACCAATCTCAAGGCATTTACGGACTTCATACTGCGAATTCGCTTCGGCGCAGATTCCAGCATCCCGAATGGCTTTCAGTACCCCCATGACGGAACAGGTTTTTGATGCAAAAAAAGTTTTTGTATTTTTATGTGCGGCAAATGCCTGTTCGATCTCTTTGATATTACGAACAATTTCGGGTTCAGAGAAAACATAAAACGGCGTCGGATACTTACGCGCTAAAGCATCGAGATCCACACCTTCAAAACACAGGTGGCCGTCCTTCTGCTGGAAGCGTCGATCGTCCTCGACAACTTTCTGCCGTAATTGATTGTAATTTTCGATAATGGAGTCAGTCATAACACCCTCTGCTTGTTGTTCTGTCAAAAAACCACATGTTTCATAATGGATATAGCAACAAGCGTGCCAAATATTTATCCTTAATATTCAATAAGTTATAAAATCGATATTTTTATATTTTTCGTCAAATGGTTTGTTATTCATCATAGCGACGAAAAATTGTCACATTTAAAATAGGGATATAACTGGTAGAAAGGATTTGATTTCGTTATGGCATCCACCAATGAAGAGCTCGCTTCAGCACTTAAAATGTTCTCTCGTTTTTTCGATCTGATACATCAACCGCTGGCCGTGATTAATGAACGAGGCGAATACGTGTATTACAACCAGGAAAGCGCGGATCTGGACGGGTACAGTATTGAACAAGCGATGGGTAAACATATGCTGGATGTCTACCCCAGTATGAAAGAAAACCAAAGTACGATGCTTTCTTCACTAAAAGACGGGGTTGAGTATATTGGCCATTACCAGATTTACTACAATGCCCGAGGCCAGGCGGTGGATTATCAGCATACCACCGCCCCGCTCTACTCCAGCAAGGGCAATATGGTCGGTGTCATCGAGATCGGCAGGAATATGTCCGGCGTCCGGCGATTACAGGAACAGGTTGTTGAGCTCAACCATCTGCTTTACGCTCAGGGCCATGAAAAGCACCATGCAATCATTACTGAAAACGCGGAAATGCTTGCCAATATTGCAAAAGCTAAACGTCTGGCGGTGAGTAATATTCCCGTGACAATTGTTGGCGAAACGGGTACTGGCAAGGAGCTTTTTTCCCGTCTTATCCACCAATGCAGTAAGCGCGCTAACAAACCTTTCATTGCCCTGAATTGTGGAGCACTGCCGCCAACCCTGGTGGAAAGTACGCTTTTTGGCACCATGCGCGGCGCTTACACTGGCGCAGAGAACAGTCAGGGCTATCTGGAGTTGGCGAACGGGGGAACACTTTTCCTTGATGAACTGAACGCAATGCCAATCGAGATGCAAAGTAAGTTGCTTCGCTTCTTGCAAGATAAAACATTCTGGAGGCTAGGCGGTCAGCAACCCATCCATTCCGATGTGCGGATTATTGCCGCGATGAATGAAGCCCCCGCGCGATTAATCCAGCAAGAGCGACTGCGCCCGGACCTATTTTACCGGCTTAACGTCGGAATGCTCATGCTGCCACCACTGCGCACTCGCCCGGAAGATATTCCTCTGTTGGCTAATTATTTCATTGATAAATATCGCAGTGAAGTTCCGCAAGATATCCATGGTCTCAGCGAGGCGGCACGCATTGCGCTACTGAGCCATACCTGGCCGGGCAATGTCAGGATGCTTGAAAACGCGATTGTCCGCAGCATGATCATGCAGGAGACAGATGGCATGCTGAAAAAGATCGTTTTTGAAAATGAAGAACTGAGTTTAGGCGGCCCGGAAAACCCAACGCAGCACCCCTCTCTCCCGGCAGCAGAACCGGATAACGAAAGTTCTCTCGAGGCGCGGGTAGCAAGCTATGAAAGGGGGCTAATAGAAACCGCGCTGGATACTTACCAGGGAAATATTGCGGCGGCGGCGCGCAGTCTCAACGTCTCCCGAACGACGCTGAACTATAAGGTACAGAAATACGGCATTCGTTTTGGTGTCGTACACCGTTAAGCAACGCCAGCGACGGAACGCCGCTGGCTGCTATAGATGATTTACCCCTCGTTGTGCATCTCGAGGTTTTCGACTTCGTTTTGCAGCTGGACCGCTTTGGCATCATCGTTACGCAGGGAGTCAAGATAGTCGAGGTACTGCTGGTCGACATCCCGGGTCACATATACGCCGTTGAACACCGAGCATTCAAACTGCTGAATATCCGGGTTCTCCGCGCGCACCGCGTCGATCAGATCGTTGAGATCCTGGAAAATCAGGCCGTCGGCGCCAATGATCTGGCGGATCTCATCCACTTCGCGGCCATGGGCGATCAGTTCGTTGGCGGTCGGCATATCGATACCGTACACGTTCGGGAAACGAATTTCCGGCGCAGCGGAGGCGAGATACACTTTTTTCGCCCCTGCTTCACGCGCCATCTCAATGATCTGCTCCGAGGTGGTGCCGCGTACAATGGAATCATCGACCAGCAGCACGTTCTTATCGCGGAATTCCGCACGGTTGGCGTTGAGCTTACGGCGAACAGATTTACGACGCAGCTGCTGACCGGGCATGATAAACGTCCGGCCGACGTAGCGGTTCTTCACGAAGCCCTGACGATAAGGTTTGTCGAGAATGCGGGCGATTTCCAGCGCGATGTCGCAGGAGGTCTCCGGGATCGGAATAACAACGTCAATATCCAGATCTTCCCACTCGCGGGCAATCTTTTCGCCCAGCTTAGTCCCCATGTTGACGCGGGCGCTGTAGACGGAAATTTTGTCAATAAACGAGTCCGGACGGGCAAAATAGACGTACTCGAACAGGCACGGGTTGCTGACCGGATTATCGGCACACTGACGGGTATAGAGCTGGCCCTTCTCGGTAATATAGACCGCTTCGCCCGGCGCCACATCGCGCAGGAATTCAAAACCAAGCGTATCAAGGGCCACGCTCTCCGAGGCCACCATATACTCGGTGCGACCGT
NZ_CP073782.1_gap27	1416099	1419260	3161	GGGCTGGCTTAACCACCTCATTGTAATAGACGAAATCACGTTGTTTGACTTTGTCATATGCCCGGTGAATACGGCCGCCAAGCTCCGGTAGCAGCATGACCCGAAGGAAATCATTCTCCATCCACACTGCCTGATAATCGCGCATTTCGCGTTCGCCGGTCAGGGTATCAATCACGCCGTAGGGATAGACGCTGCCGGAAGAACCTTGATAAACACGTTTTTCCAGAAACATAGGGTTCGGATCTTCCGCGCCCGTCGTCCACGTTGGTAATGAAATGATTTCCTGCCAGACCTTAACCGAACCGTACATGATGCCTCCACTAAACAAAACGAAGTAAAAGTTGCAATAACAGGAGTCTATATCGCCAATTCGCTGTTAAAATGCGCAATGCTCACGCAATATAGTTAAAGGAGTTAAGTGTATGCAGCGTACTGGCTTTAATAACGCCCGGGTCCGGCAGGCCAATAAGTCGATTTTTCTTTCCCATCTGTGGCGGGAAAAGCAGCTCAGTAAATCACAGCTCTCTCAACTCACCGGTCTCTCCATTCCGGCGGTGAGCAATATTCTGGCCGAGCTGCTTAGCGAGGGATTGATCGGTCACTCAACGGAACACTTGAGCAAACGGGGCGTGAACAGCGGCAGCTACCAGATCCCCGAGCACGGCGCCTGGACACTGTGCATGAATATCACCCCGACCAGCATTGAATATCAGCTTGCCGACGCCCGCCTGCTGGCAGTGGATGGCCATCAGCATTTGCCGGTCAACGCGCCCACTCCTCAGGCCCTGCTTGAGGCCATCGTTGAATGCTGGCGGCATATCCACCGCCGCTACCCGCAGCACAGCATCAATCTCGCCCTTGGCGTGCATGGACAGGTTGATCCGATTACCGGCGTTTCACAAACCATGCCCCAGGCACGCTGGAAAACACCGATCGAAATAAAGTATCTGCTTGAGGAGCGGCTTGGCGTGCAGGTTCGGGTGGATAACGACTGCGTGATGCTGGCGCTGGCGGAGAAGTGGCAGCATCAGGGTACACAGCAGGATTTTTGCGTGATCAACGTCGACTACGGTATCGGCTCGTCATTTGTGATTAACGATCATATTTATCGCGGCAGTCTGTACGGCAGCGGGCAGATTGGGCATACGATTGTCAATCCTGACGGCAACGCCTGCGACTGCGGAAGATACGGTTGCCTCGAAACCGTCGCCTCTCTCAGCGCGCTGAAAAAACAGGCCCGAATGTGGCTCAAAACGCAGCCTGAAGCAACGCTCGCCCCCGAGCAGTTAACCACGGCGTCGCTCATTGAGGCCTGGAAAGAGGGAGATGTGCAAATTCGCGCATGGGTTGATAACGCTGCCAACGCGATTGGCTTAAGCCTCTATAATTTCCTGAATATATTAAATATTAATCAAATCTGGCTTTACGGGCGCAGCTGCGCCTTCGGTGAGCAGTGGCTGGAAAGTATCGTCAAACAAACGGGTTTCAACCCCTTTGACCACCGGGATACGCCGCGAGCGCACGCCACCCAAATTGGCTTTGGCCAGCTGACGCGCGCCCAGCAGCTGATGGGGATAGGTTATCTGTACGTTGAGGAGCAATTGCAGACGCTGGTTTAGTCATAAACGAACGTGGCGGAGCGCAAATTTGTGTATTACGTTTAAATCACACGTCTCTCATAACGAGCTGATTATGAACTCACTCCGCTATTTTGATTTTGGCGCTTCCCGCTCTCTGTTGCTGCTTATCGCCCGCATCGCCGTGGTGATTCTGTTTATTCTTTTTGGCTACCCCAAACTGCTGGGCTTTGACGGTACGGTGCAGTACATGGCCGCCTCCGGCGCGCCGATGCCGACTCTGGCGGCGATTATCGCCGTCATTATGGAAGTGCCTGCCGCGATTCTGATTGTGCTCGGCTTTTTCACCCGCCCGCTGGCGGTCATCTTTATTTTCTACACCCTGGGCACGGCGGTGATTGGCCATCACTACTGGGATATGACTGGCGATGCGGTATTGCCGAACATGATTAACTTCTGGAAAAACGTCAGCATCGCCGGCGCTTTCCTGCTGCTGGCGGTAACCGGCCCCGGGGCGATCTCCCTCGACCGCCGCTAATCTCCAGACGCAAAAAAGGCCGCATACGCGGCCTTTTTGATGTCAACGCTAACGCTTACGCATATACCGGGAAGCGGGCGCAGATATCCAGCACTTTACCTTTCACGCGCTCAATGACCGCGTCGTCATTGATATTGTCCAGCACGTCACACATCCAGCCAGCCAGCTCTTTGACTTCCGCTTCTTTAAAGCCGCGGCGAGTCACTGCCGGAGAACCGATACGGATACCGGAGGTTACGAACGGGCTCTTCGGATCGTTCGGCACGCTGTTTTTGTTGACGGTGATGTTGGCGCGGCCCAGAGCGGCGTCAGCTTCTTTACCGGTCAGGTTTTTATCCACCAGGTCCAGCAGGAACAGGTGATTCTCAGTACCGCCAGACACCACTTTGTAGCCGCGGTTCAGGAACACTTCCACCATCGCTTTGGCGTTTTTCGCAACCTGCTGCTGGTAAACTTTAAACTCTGGCTCCATCGCTTCTTTCAGCGCCACCGCTTTCGCCGCGATAACGTGCATAAGCGGGCCGCCCTGCGCGCTTGGGAACACGGCAGAGTTCAGTTTTTTGTACAGCTCTTCGCTACCGCCTTTCGCCAGAATCAGGCCGCCGCGCGGACCCGCCAGGGTTTTGTGGGTGGTGGTGGTCACAACGTGAGCATGCGGAACCGGGTTCGGGTACACGCCAGCGGCAATCAGGCCTGCCACGTGCGCCATATCGACGAACAGGTAAGCGCCGATGCTGTCAGCGATTTCACGCATTTTCGCCCAGTCAACGATACCGGAGTAAGCGGAGAAACCACCGATGATCATCTTCGGTTTGTGTTCCTGAGCCTGCTTCGCCATGTCGTCGTAGTCAATTTTACCGGACTCATCAATACCGTAAGGGATGATGTTGTACAGTTTGCCGGAGAAGTTAACCGGGGAGCCGTGAGTCAGGTGGCCGCCCTGCGCCAGGTTCATACCGAGCACGGTGTCGCCCGGCTGCAGCAGCGCGGTGTAGACGGCAAAGTTAGCCTGGGAGCCGGAGTGCGGCTGGACGTTAGCATAGTCA
NZ_CP073782.1_gap28	1462836	1465541	2705	AACCAGTTGTTGACCGATCGCCTGCCGCTGGAGTTCAGTTCATGGGTGGCGCGGATGCGTACTTCTGAGCCGCTGGTGGAGGCGATTCGCTTATATCAGCAGAGCGCTTCGGCGGAGGTCAAAGCGTACTTCGAGTTACAAAAGGACGGATCGTTTACCAGCGATACCATTCTGTTCGAAGCGCATAAAGCGGTTTAATTTAGGCAACAAGAAAGGCACCGGGGAAGTCGGTGCCTTTTTGTCGAACCAGAGGTATCAGGACTCTGGTCGATCGCTGTTTTTCACAAACAACGTTAGCTGATCGCCTGGGCGCAGGTTGTCGGTATCGCTGTTCCAGCGCATCACGTCGCGAATATTAACGCCGTGACGTTTGGCGATGCTCGACAGCGAATCGCCTTTACGAACGCGATAGGTGATGCTATCGCTGTTGTTCGCCAGACGCTGGGCGCTGCTGCCTGCGCCAATAACCAGATTCTGCCCAACCTTTAATCCAGAGCCGCGCAGGTTATTCCACCGCTGCAGATCGCGGGTCGTCACACCAAGACGGGAAGCTATCCCGGAAATGGTGTCGCCGGAACGCACCTTATAGCTACGGCTGGTTAGCGGCGTATTGTCCGCGAGCTGCGTCGGCTGCACGGCGGCAATGTCGCCAGAGGCCAGCGATTCACGCAGCTGTGCGGCGTGCTTCTGCGGCACCATGACGTACTTTGGCCCGCTCGCGCCCAGCGTTGACCCTTTTACGCCCGCATTGAACGTCTTCAGCTTGCTGACCGGCATACCGGCCATGTCCGCGAGCTGAGAAATATCAACCGGACTGTCGAGGCGAACGCGCGCCAGCGCACGGCTTTCATCAGCCGTAGGCAGCTTTACGCCGTAACGTTTGCTGTTTTTGAGAATGTCGCTCAATGCCAGCATTTTCGGGACGTAGATTTTCGTTTCATGCGGCAGAGACAGCGACCAGAAATCGGTGGGTTTGCCACGCGAACGGTTCGCTTTTACTGCCTTCATGACCCGGCCTTCGCCGCTGTTATAGGCTGCGACCGTTAACAACCAGTCGCCGTCGAACATTTTGTTCAGACGTTGCATCATGTCCAGCGCCGCGGTAGTAGATGCGACGACATCACGACGCGCATCGTAACTGCGGGTCTGTTTTAAACCATAATTGCGCCCTGTGCTCGGAATGATCTGCCAAATGCCTGCGGCATTGGCGCCAGACGTCGCGTGTGGGTCAAAAGCGCTCTCCACTATGGGTAGTAATACCAGTTCCATTGGCATGTTACGTTTCTTAACCTGCCCGGCTATCCAGTACATATACGGCTCTGCCCGTAAAGTTACATCGTGGAGATAGCTCTTATTTCTTAAGTACTTCTGTTTCTGTTCGCGAATCCGGGGATTATCCGGTATTCCCATCTTTAGCTCGTCGCCTATGGAAGTCCACAGATCCTGGTCTTGCGCGTAGAAGGTTCCATCATCTAACCAGCGCGCTTGACTTGTGAACTTGCCTGCTTCCCCTTGACCAGCCGCAGAAAGGCTCTGTGCTCGCTGTTCGACGGTGCCATCGTGCTTAGACGCCTGGCACCCCACCAGCAGGACAGAGGCGAGTAATATCGCTCGTGCCTTCATGTGTGTGTCAATAGTTGCTTAAAAGACGACCAAGGATAACGGCGAAGTTGGCCGATGACAAGAATTAAATATCAGAAGTCATCTTTCTTTGACCTTAACCATGCAAATCGCGCCACAGAGTGTTGCAAATTTGTTTCTTTGTTAATTTTGTCAATTAAATCAATATCATTTACACGTAAAAATAAATTTATACGCCGCTCATTTTTCAGAGTTACGGGTAGTGTTTTTTGTTTTTTTGCACGTAACTCATTAACTTTATGATAGTAATCGTTTATGTCCCTATCATCTGGCAGGATACTCAATGCAAACTTCATATTCGCTAACGTATATTCATGTGCGCAACATATGAGGGTTTCTTCAGGAAGGGCATTAATTTTCATAAATGATTGATACATCTGCTCTGCTGTACCTTCGAACAGCCTTCCGCAGCCGCCGGAAAACATCGTATCGCCACAGAACAGATAAGGTTCGCTGTAGTAACAGATATGTCCTAATGTGTGACCTGGCGTAGAGAAAATGGAAAAATCGTGCCCGAGAATTGACAGCCGATCGCCATCGCCTACCACCTGAGTGACGCCTTTATCCTGGGTTTCCGCCGGCCCGTAAACCACTATAGAAGGGAATTTGTCACGTAATTGTTTTACGCCGCCGACGTGATCCTGATGATGATGGGTCAGTAAAATAGCCTCGGGCTGCCACTGGTTTTCCTCGATGGCCGCCAGAACCGGCGCGGCTTCGCCTGGATCTACGATGATGCAGCGGCCGTTATTCTCACTGAGAACCCAGATGTAGTTGTCCTGAAACGCGGGAATACTGATAAGATTCATAAATTACCTCTAAAGCGTAGCGGAAGGTGGCAATGAAGCCGGCAAGGATACCTCACACAGTGACAGCGCCTGAGCATTGGTCCAGTATGCCGTGGGGCGAATACTATCGCGAAACGCTGGAGCAGCAGATGAAACCGTGGCTGGCTAAATTATATGGCTTTCATCTGCTTAAGATTGGCAATCTGAGCGCGGAAATCAATACCGAAGCTTGCGCCATCTCGCACCAGGTGAATGTCTCGCTGGCGGGAAATCCAA
NZ_CP073782.1_gap29	1576543	1578962	2419	GGCGCGGATCACGCCGCCATCTTCCAGCATCGCTTTCAGCTCGGCTTCGTCCAGCAGCTGGAAGCCCTGCGCCACGGTGCCGGAGCGGACCCACTCGGTCAGCGTTAGCTCAATCGGATTCTCCAGGGTCAGCGGCACCACCGGCAGCGAGCCGAGGGTTTTACGCAGCAGGGCCAGAGTATCTTCCGCTTTCTTCGCGCTGGCGCAGTCGACCATGATCAGGCCGTTGACGGTGTCGATCCACATCATTGTCTGGCTGAAGCGGCTGAAGGCGCGCGGCAGTAGTGAGTGCAGCACTTCATCTTTCAGGGAATCTTTCTCGGTCTTCTTCAGCTTGCGCCCCTGATCGGCTTCCAGCTTCTGGATCTTTGCCTCCAGCGCCTGCTTAATCACCGGCGACGGCAGGATCTTCTCTTCTTTACGCGCGCAGATAATGATCTGGCCGTTTGCCGTATGCGTCAGCGCGTCGCTGTGCGATCCCATCGGCGACACCCAACCGGTTTTCGCCATATCCTGGCTGCCACAAGGGGTAAATGTCAGCTCGGCCAGCTGTTTTTCCATCTCCTCGGCGCGCAATTCGATATCGCGGCTGAGACGGTAAACCATTAAATTTTTGAACCACAGCATGATAATTTCCACGGCTTTGTCGTTAAATCAGGCGGGCATGATAGCGAATTGTCGCTATGCTTGCATTGTTAATCGGGGTGAGGAGCTGAGCGTGCGTATTGGTATTGATTTAGGTGGAACAAAAACCGAAGTGATAGCCCTGAGCGATCAGGGAGAGCAGCTGTTTCGCCACCGGTTACCCACGCCGCGGGAGGACTACCGGCAAACCATCGAGACCATCGCCACTCTGGTGGCGATGGCCGAGCAGGCGACCGGACAGCAGGGTACCGTGGGGATGGGCATTCCTGGCTCAATTTCGCCTTATACCGGGGTGGTGAAAAACGCCAACTCGACCTGGCTCAACGGCCAGCCCTTTGATAAGGACCTCAGCCTGCGCCTTGAGCGGGAAGTCCGGCTGGCTAACGATGCCAACTGTCTGGCGGTGTCGGAAGCGGTGGACGGCGCGGCGGCGGGGGCGCAAACGGTATTCGCGGTGATTATCGGCACCGGCTGCGGCGCCGGGGTGGCGCTCAACGGGCGGGCGCATATCGGCGGCAATGGTAACGCTGGCGAATGGGGACATAACCCATTGCCGTGGATGAACGACGATGAGCTACGCTACCGTGCGGAAGTCCCTTGCTACTGCGGCAAACAGGGGTGTATCGAAACCTTTATCTCCGGCACCGGTTTCGCCACCGACTATCAGCGGCTGAGCGGCAAAGGGTTAACCGGCAGCGAGATTATGCGCCTGGTGGGAGAAGGTGACGAAAAGGCTGAACTGGCGCTGAGCCGCTATGAACAGCGGCTGGCGAAATCGCTGGCCCACGTGGTGAATATCCTCGACCCGGACGTTATCGTGCTGGGCGGCGGGATGAGCAACGTCGAACGGCTGTATCAGACGGTGCCGGACCTGGTGAAGCAGTGGGTCTTCGGCGGCGAGTGTGAAACGCCGATCCGCAAAGCGATGCACGGCGACTCCAGCGGGGTACGCGGCGCGGCCTGGCTGTGGCCGCTCCAGGGGACCTGAACCACTTCCCCGCACCCGGGCCCTCTCCCTCGGGAGAGGGTTAGGGGGCGGGGACATCGCCATAATTCAGACCTCACTCCACCGCAAACGCTTTGTCCAGCCGGCTATAGCCCAGGCCGTTAATCTTCTTCACTTTGATCTGCACCGGAATGCGGTCTTTCATCGCCTCCACGTGGCTGATCACCCCGATAATCTTACCGCTGGCGTTAAGGGCATCCAGGGCGTCCAGCGCCGTGTCCAGCGTTTCGCTGTCGAGGGTGCCGAAGCCTTCATCAAGAAACAGGGAGTCAATCCGCGTCTTATGGCTCACCAGGTCTGACAGCGCCAGGGCCAGCGCCAGGCTGACGAGGAAACTTTCGCCGCCGGAGAGGGTGCGGGTGTCGCGCACGGCGTCGGCCTGCCAGGTATCGACAACCTCCAACTCCAGCGCCTCGCTGGCCTTGCGCTGTAGCAGATAGCGGCCATGCAGGCGGTTGAGCTGCTGGTTTGCCAGCCAGACCAGATTATCCAGCGTCAGCCCCTGGGCGAATTTGCGGAACCGGTCGCCGGTGCTGGAGCCGATCAGCGAATTGAGATAGCCCCAGTCGTCCGCCAGCTGCGCCGCCTCTGCAATCTGCTGCCCCAGCGCCTGCTGCTGTTGACGGCTCTCTGCGTCCTGCCTGAGCTGCTGGCGGATCTCACCCTGGCGGGTAGTGTTATCCCGCAGCCGCTGGGCCAGGGCGTGCAGCTGGGTTTGCAGGGTGGGGACGTCAGCGTCCACCCCTTGCGGACGCAGCGCCAGGTGCG
NZ_CP073782.1_gap30	1704936	1709712	4776	GGTAATGCATCAGACGAAAACAGGTATCTTGCTGGCCAATTTAGGCACTCCCGATGCGCCCACCCCCGGGGCGGTGAAGCGCTATCTGCGACAATTCCTCAGCGACAAACGGGTGGTGGATACGTCTCGTCTGCTATGGTGGCCGCTGCTGCGCGGCGTCATACTGCCGATTCGCTCCCCGCGCGTGGCGAAGCTCTATCAGTCCGTGTGGATGGAAGAGGGATCGCCGCTGATGGTGTATAGTCGTCGCCAGCAGCAGGCGCTGGCTGCCAGGCTGCCGGATACCCCGGTGGCGCTGGGCATGAGTTATGGTTCACCGTCACTGGCCAGCGCGGTGGATGACTTACTGGCGCAGGGGGTGGAGCACATCGTGGTGCTGCCGCTGTATCCGCAATATTCCTGCTCGACGGTGGCCGCCGTCTGGGACGAACTGGCGCGGATTCTGGCGAAAAAGCGCGCCATTCCGGGTATCTCGTTTATTCGCGACTATGCCGAACATCCGGACTATATCCATGCGCTGGCGGCCAGCGTGCGCGCTTCCTTCGCTGTCCATGGGGAACCGGATCTGCTGCTGCTCTCCTATCATGGGATCCCGCAGCGCTATGCCAACCAGGGCGATGATTATCCTCAGCGCTGTCGCGATACGACGCGGGAACTGGTTTCCGCGCTGGGGCTGCCGCCGGAGCGGGTGATGATGACTTTCCAGTCGCGCTTTGGCCGGGAACCCTGGCTGACCCCGTACACCGATGAAACGCTAAAGATGCTCGGCGAGAAAGGGACGAAGCATATTCAGGTGCTATGCCCGGGGTTTGCCGCCGACTGTCTCGAAACGCTGGAAGAAATCGCCGTCCAGAACCGGGAAATATTCCTCGAAGCAGGCGGCAAGCAATATGAATATATTCCGGCGCTTAATGCGGACGCAGCGCATATTGAGATGATGGTCAATCTGACGGCGCCTTATCGCTGATCGCGCGCAGGGCGGGGAATATGCTACTATTTCCCGCTTGTTCCCTGTTATTTAAGCGCCACTATGAAATTTCCCGGTAAACGCAAATCTAAACACTATTTTCCCGTTAACGCCCGCGATCCGCTGCTGCAGCAAATTCAGCCGGAGAATGAATCCAGCGTCTCCTGGGTGGTCGGTATCGACCAGACGCTGGTGGATATCGAAGCGAAAGTGGATGAGGCGTTTATCGTGCGCTACGGCCTGAGCGCGGGCCATTCGCTGGTGATTGAAGATGACGTCGCCGAGGCGCTGTACCAGGAGCTGGTGCGCAACAATCTCATTACCCATCAGTTTGCCGGCGGCACCATCGGCAATACCATGCACAACTACTCGGTGCTGGCGGACGATCGCTCGGTGCTGCTTGGCGTGATGTGCAGCAATATCGAAATCGGCGGCTACGCCTATCGTTACCTGTGCAATACCTCCAGCCGCACCGATCTGAACTATCTGCAGGGCGTCGACGGCGCCATTGGCCGCTGCTTTACCCTGATCGGTGACAGCGGCGAGCGCACCTTCGCCATCAGCCCGGGCCACATGAACAAGCTGCGCCCGGAAAGCATTCCGGAAGCGGTGATCGCCGGCGCCTCGGCGCTGGTGCTGACCTCTTACCTGGTCCGCTGCAAGCCGGGCGAGCCGATGCCGGACGCCACGATGAAGGCTATTGAGTATGCCAAAAAGCACGATGTGCCGGTGGTGTTAACCCTCGGAACCAAATACGTGATTGCCGATAACCCGGCGTGGTGGCAGGAGTTCCTGCAGGAGCATGTCTCTATTCTGGCAATGAACGAAGAGGAAGGGGAAGCGCTGACCGGCTTTGCCGATCCGCTGTCAGCGGCGAATAAGGCGCTGGACTGGGTCGACCTGGTGCTGTGCACCGCCGGCCCGGCGGGCCTGTATATGGCGGGCTTCACCGAAGAAGAGGCGAAGCGGAAAACCCAGCATCCGCTGCTGCCGGGGGCGATCCCGGAGTTTAACCAGTTTGAATTCAGCCGCGCGATGCGTCACCAGGATTGCGTTAATCCGCTGCGCATATATTCCCATATCGCTCCCTATATGGGCGGCCCCGAGAAGATCATGAACACCAACGGCGCAGGCGACGGCGCGCTGGCGGCGCTGCTGCATGACATCACCGCCAATAACTACCACCGCAATAACGTACCCAACTCCAGCAAGCACAAATGCAAATGGCTGACCTACTCCTCGCTGGCGCAGGTGTGTAAATATGCCAACCGCGTGAGCTATCAGGTGCTGAACCAGCACTCGCCGCGTTTAACCCGCGGCCTGCCGGAGCGTGAGGACAGCCTGGAAGAGGCGTACTGGGATCGGTAAGCGCGTCCCTCTCCCGGCGGGGAGAGGGCAGTACATCAGCCGGTGACCACTTCGCCGGCCGGTGGCGTTTCCAGAAGCCGCAGCATGGCGCGGGCAATTTCCCGTTCGCCCATCACCACCTGATTGGCTCCGCGATCGATAATGTAGTCCACTTCGTCATCATAATGGGCGCGGGCGATAATCTCGATATTCGGACATTTTTCCCGTGCGGAAGCGACAATCTCTCCGGCCTCGTAGCCGTTAGGGATTGTCAGCAGCAGCCAGCGGGCGCAATCGAGATGCGCCAGCTCCATGATCTCTTCATTGGCGGCATTGCCGAGCACCGCGCTGATCCCGCGCTCGCGTAGCTCATCCACGCGGGTGCGCGAGGTTTCAACCACCACCAGCGGGATCCCCTGGGCCATCAGCTTCTCGCCCAGCAGGCTGCCGACGCGGCCGAAGCCGACCAACAGCGCGTGGTTGCAGATATCGACCGGCACCTGCTTCTCGTCTTCCAGGACCTCTTCCAGCGTCTGCTCGTCGAGGGTTTCGGTTTTATCGAGATATTTTTCCAGCAGGGTAAACAGCACCGGGTTGAGCATAATTGAGATGATCGCCCCGGCCAGCACCAGATTTTGTCCGGCCTGCGGCAGCAGGTTAAGCGCCATTCCCAGGCCGGCGAGAATAAAGGCAAACTCGCCAATCTGCGCCAGGCTGGCGGCGATGGTCAGCGCGGTGCGCGGCGAGTGACCAAACATCCGCACAAGGAAAAAGGCGGCTGCGGATTTACCAAAGATAATAATCGCCAGCGTCGCCAGCACCGCCAGCGGCTGTTGGACCAGCACCATCGGGTCAAACAGCATGCCGACGGAGACGAAGAACAGCACCGCGAAGGCGTCGCGCAGCGGCAGGGTGTCATGGGCGGCGCGGTGGCTGAGCTCGGATTCGTTAAGCACCATGCCGGCAAAGAAGGCGCCGAGGGCAAAAGAGACATCAAACAGCTCCACGGCGCCGAAGGCGATGCCCAGCGCCAGGGCCAGCACCGACAGAGTGAACAGCTCGCGTGAGCCGGTGGCGGCGCTGCGCGACATGATCCACGGCACCAGCCGGCGGCCGACCAGCATCATAATGGCGATAAAGGCCACCACTTTGCCAATGGTGATCCCGAGGTCGAGGGCCAGGGACGCGAAGCCGACGTTGCCTTTCTCCGCCATACCGGCAATCGCCGGCAGCAGGACCAGCGTCAGGACCATCACCAGGTCTTCCACAATCAGCCAGCCGATGGCGATTTGCCCGCGCTGGCTGTCTATCAGTTGTCGTTCCTCCAGCGCGCGCAGCAGCACTACGGTACTGGCGGTGGAGAGGCACAGGCCAAAGACAATGCCGGTCATCAGCGACCAGCCGAGGGCGGCGGAGAGCGCCATACCCAGCAGCGTCGCCACGGCTATCTGGGCGATAGCCCCGGGGATGGCGATCGATTTTACCGCCATCAGGTCTTTAAGTGAGAAATGCAGCCCGACGCCGAACATCAGCAGAATGACGCCAAGTTCCGCCAGTTCCGGAGCCAGTTTGGTGTCAGCAACAAAGCCAGGGGTGAAAGGTCCGGCCAGCACGCCTGCTAAGAGATATCCCACCAGAGGAGAAATACGTAGCTTATTGGCAATCATGCCGAGAATAAAGGCGAGCACGAGGCCGCCGACAATGGTGGTGATAAGCGGTGTTGCGTGGTGCATTCCGTCTCCTTTCCAGTGGTGTATCGGTCCATTTTGCTACCCTGTCCGGGTAATAGTTTATGACAAAAACGTTCACTTTGTTTATGAATAATTCTTGAGTTGTGCAAAAAAATGCAATTAGCCGATGAAAAGGCACAGAAGGGAAAATGGCGGGGGGAAATCGTGGAACAGGCTGATGACACAAGGGTTAACGGCGGCCAGGGTTGCACTTTGGCCGCCGAATAATCAGGCTTTTTGCCGGTTATCAGGAAGGAATATCGTCAGGAATCCCAGCAGCGGCAGGAAGGCGCAGATTTTATAAACCAGATCAATGCTGGTATGGTCCGCCAGCAGGCCTAACACCGCGGCGCCAAGGCCGCCCATGCCAAAGGCGAAGCCGAAAAACAGGCCAGAAACCATGCCGATGCGTCCCGGCAGCAGTTCCTGCGCATAGACCAGAATAGCGGAAAAGGCCGAGGCGAGGATAAAACCAATGATCACCGTTAAAATCCCCGTCCATTCAAGGCTGGCGTAGGGTAAAACAAGGGTGAAAGGCGCTACGCCGAGGATAGAGCCCCAAATCACATATTTACGCCCAATTTTATCGCCAACAGGCCCGCCAATTACCGTCCCGGCAGCCACTGCGAACAGGAAGGCAAACAGATGAAGCTGAGCGTTTTGCACCGTTAAGCCGAATTTATGCATCAGATAAAAGGTGTAATAGCTGCTAATGCTCGCCATATAGAAATA
NZ_CP073782.1_gap31	1719917	1721995	2078	GACCTTTATGCTGCTGTCGACCGCCAGCCTGTCGACGATTATCGCCGGCTATCTGACCTACCGGAAGTTCTTCAACGCCCGCCATCAGCTGGTGGTGACGCAGCTGAAAAAGCGCCCGTGAACGATCCCGGGTTGCGGCGTTCACGCCTTACCCGGGCTACTTAGGCTACGTTCCGCATAGTTCGCGTAGCCCGGATAAGCGCAGCGCTATCCGGGGAAGGCAACGGATTAGTACAGCAGCGAATAGAGCTGACGACGATATTTGGCGGCCAGCGCATCGCCGGTACCGAGGGCGGCGAGGATCTCCTGCAGCATCTTGCGCGCCTGGCCATCGCCGGCGCCTAAATCTTTCTGCAGATGGCTGAACAGCAGGGCCAGCGCTTCTTCATTACGCCCGACCTGATGCAGCTGCAGCGCCAGCTGGGAGGCCAACTGCGCATCCTCCGGATTCTGTTCCACCTGCTGCTGCAGCTGCTGGATTTCCGGGGTGTCGGCGGCCTGTTTGAGCAGCTCAATCTGCGCCACCAGACCCTGATAGTGGGTATCCTGATCCTGCAGAGGAATGGTTTTCAGCACGCTTTCCGCTTCATCGGAACGGTGCAGAGCAATCAGCGTTTCCGCCAGCAGCAGGCCAATCTGGCTTTCCTGATTCGACAGCTGCCAGGCTTCCTTCAGCAGCGGCAGGGCATCGGCGTATTTTTCTTCCTGCATCAGGGCCAGCGCCTGCTGAGCTTTCAGCTCCTCTTCACGGGGCAGGACTTTATCCAGCAGGGCGCGGATCGCTTCTTCCGGCTGCGGGCCTTCAAAACCATCCACCGGCTGGCCGTTCTGGAACAGATAAACCGTAGGGATGGCGCGCAGACCAAACTGTGAGGCGAGCATCTGCTCGGCGTCGCAATCGACCTTCGCCAGCGTGAACTGGCCGTTGTATTGGGCTGCCAGGCGCTCGAGCACCGGGGTCAGCTGTTCGCAGTGCTGACTGCGGGCAGACCAGAAATAAAACAGCACCGGAACGTTCATGGACTGCTGTAGCGTCTGCTGCAGGTTCGCTTCGCTAATGTTGACAATATTCTGTTCGGACATGGGCATTTCTCGTTAGTCGATTTCTGTTTTACATGGGGGCGGCATTCCGCGCTTCAACTCAGCCGTGGATAATTTTGTCCATCGCGCGGGCAGGCAGCAGGCGCTTAAGCAGCGCCACCGCGTGGGTGACCAGGGTGACCGGATAGCGCAGCTTTGGTTTATCGCTGGTAAAAGCATGGCGCACTTTTTCCACCACCGCCTCCGGCCCGAGGGTAAAGCGGGCGGCGATGCCCGGATTTTCTACGGGCTTATCGCTTTGCGTCTGGTTGACGTTATCGGTAAAGCGGGTGCGGATCGGGCCCGGTTCAATCAGGCTGACCTGAATACCGCTGTGGCGCAGCTCCATGCGCAGCGCGTCGGACCACGCCTCGAGGGCATATTTACTGGCGGCATAGGCTCCGCGGCCGGGACTGGCGATAAGCCCCATCACCGAGGAGGTCATCACGATGCGCCCTTCGCCGTGCGGCGTCATCGCCGGCAGCAGCAGCATGGTGAGCTGATGCGCGCCGAAAAAGTTAGCGGAAAATTGCTGTTCCATCTGCTGGCGGCTGATGGTGTTCAGCGGGCCATAGACGCCATACCCGGCGTTATTGAACAGGCCGTAGAGACGATTATCGGTCAGCGCAATCACCTCCGCTGCCGCGCGCTCCACGCTCTGCGGGTCATCCAGATCGAGCAAAATACCGGTTAGCCCCAGCTCCTGCATCCGCGCGACATCCTCTGCTTTGCGGCAGGCCGCCAGCACGCGAAAGCCCTGGCGGGTTAAATCCAGCGCGCTTTCCAGACCAATTCCGCTGGAACAGCCTGTCACTAAAACCGTTTTTTGCATAACTTTACCTGTCAGCGACCCCTGGCGTTCAGGAGTCATGATTAACTAAGGGAGCCAGCCGCTTCGCCATCCAGTCGGCGATAAACGGCTGCGCGTCGCGATTTGGATGAATGCCGTCGTCCTGCATCCATTGCGGCTTGAGATAGACCTCCTCCATAAAAAAGGG
NZ_CP073782.1_gap32	1723747	1724278	531	AGCTGGCCAATTATGAGCAGTGGCTGCTGCCGAAGCTCGGCCCGGAGCATCGCTGGATTGGCCTTGACCAGGACGACAGCGCGCTGGGCAAATCCCTCGAACGCTCGCAGCAATTCCTGTTGTTATCCGCGCTGTTGACGCTGCTGCTGGCCGTCGCCGCAGTGGCGGTAGCGATGAGCCACTACTGCCGCAGCCGCTATGATCTGGTCGCCATACTCAAGACGCTGGGCGCCGGACGGTCGCAGCTGCGCAAGCTTATCGTCGGCCAATGGCTGCTGCTGTTGACGCTGTCGGTGATAACCGGCGGGGTGGCGGGCCTGGCGCTGGAGCGTCTGCTGCTGCTGGTTCTCAAACCGGTGCTGCCCGCCGCGTTACCCGCTGCCAGCGGTTGGCCGTGGCTGTGGGCTATCGGGGCGACAGGCGTCATTTCCCTGCTGGTGGGCCTGCGACCCTATCGACTGCTGCTGGCGACCCTGCCGCTGCGAGTGCTGCGTCAGGATGTGGTGGCTAACGTCTGGCCGTTGAAAATCT
NZ_CP073782.1_gap33	1831046	1832425	1379	TCGCTCGCCATGCCGGGTATTCGAAATGGCATCTGCAACGGCTGTTTTTACAGTACAAAGGGGAGAGCCTGGGGCGCTATATTCGCGAAAGGAAGCTGCTGCTGGCCGCCCGCGATCTGCGCGACACCGATCAGCGGGTCTACGATATCTGCCTGAAGTATGGCTTCGATTCGCAACAGACCTTTACCCGCGTCTTCACCCGGACCTTCAATCAGCCGCCGGGCGCCTACCGCAAAGAGAACCACAGTCGCGCCCACTGAGGCGCGCCTCTCCTGGTTTACCGCTCGAGGGAAAACCAGCGACGCCACACCCAGCGCAGCACCAGATACTCAATGGCGCCCAGCGCTAAGAACCACAGACAAAACAGCACCGTATAGAGCTGGTTGAGATCCATCATATGGAATGTCTCAACCAGCTTTTGCGCCAGCGTCAGGCCCAGCGAAGGCGCGGGCAACAGCAGACAGGAGAGCAGGGCCAGCAGTAAGATCCCGGCGGCGGAGAGAAGCGTTTCCAGCGGATGTTTCATGTCATGTTAATCATCAGTTAAAAAACATATTGTCCGGTAAAATAATGCTTAACGCAATATGCTTTGTTTTTTTACTCGCTATAACACGACTATTTTAAATATTATCGCCTGCCTTTCGCTCTCATGTTAATTGATCTGAAATAATTTGTAATTAAGTTAATTGCAGCCGGGTGTAAATTAACGTCATTATTATGCCAGCGCTTTTACAAAACTGTAAGTGCTATATCCCACCAGCGTAGCAATGATAATGGCTAGCGCGATGTACAGCGCCAGTCGGCGCCCGCGGTAGATTCCAAACATATTTTACCTCGTTTAGTTTTGGTTTATTAATATTCTGTAATAGTTGGTTTGTGGAATTAACTTATCACAAAATTTTTATTTTGCGAAAAATTTAGACTTGTATTGGTTCACATTTTTATCGGCATTTTTGCCCTCTTTTACTTCATTGGCCAGGAATGATTTCAGGCTTTCCGACTCACGGAATTTATAAGGAAAATGTAAATTGACCAAGATGAATAACCCAAAGTTTACGACGCCCTCGGGCGACACCGCGCCACGGCAGGTCTGGCAGCAGACCGTTGACGCAGTGCTGGCGCAGACCAAAAGCCAGGCCGCTGGGTTAAGTTCCGCAGACGCCGCCGAGCGCCTGAATACCTGTGGGCCGAACGCGCTGCCGGAAAAGAAAGGCAAACCGGGCTGGCTGCGCTTTCTCGCCCACTTTAACGACGTACTGATTTACGTGCTGCTGGCCGCCGCGGCGCTGACCGCCATCATGGGGCACTGGGTCGATACCTTGGTGATCCTCGGCGTGACGGTGATTAACGCCCTGATCGGTCATATCCAGGAGAGCAAC
NZ_CP073782.1_gap34	1859524	1862236	2712	AAACGCTCCAGCGCCCGTTCACGCAGCGGATTGAAAACGATAATCGGCACGCCGCGGCGGGATAGCTCATGCAGGGTGCCCATCATCCGCGGGTGGTTGGTGCCCGGATTATGGCCGATGGAGATCACCAGCTCGGTCTGGTCAAAATCGTCGAGAGAGACGGTGCCTTTACCAATGCCGATCGACTGTGGCAGGCCCACGCTGGTGGATTCATGACACATGTTGGAGCAATCGGGGAAGTTGTTAGTGCCATACTCGCGGGCAAACAGCTGGAACAGCCACGCCGCTTCGTTGGAGGCTCGGCCAGAGGTGTAGAATTCAACCTCATCCGGCTGCAGGCCGCGGAGGATCTCGCCGATACGGGCGAAGGCTTGCTCCCACGCCACCGGACGCAGGGTATCGCTGTCCCGGTCGTAAACCAAAGGATGGGTTAAGCGGCCGTAGCCCTCCAGTTCAAAATCGCTTTTTGCCAGCAGGGAAGATACGGTATTTGCCGCGAGGAATGCGGGCGTCACCCGTTTGGTGGTCGCCTCCCAGGTCACGGCTTTGGCGCCGTTTTCGCAAAACTGGAAGGTCGATTTATGTTCTTTATCCGGCCAGGCGCAGCCCGGGCAGTCAAAACCGTCCGGCTGGTTGGTACGCAGCAGCGTGGCGGGCGCCTCAAAGGCATCCATCTGGGTGCGCACGGCGATGGCCGTGGCCTTCAACGCGCCCCACCCGCCTGCCGGACCGTCATAGGGGTGAACACCGGGAACCGCGCGTCTTTTATTGGTCATCTCTTTACTCCTGCTGCTCTGTTCTGGCTGTCGCTAGCCGAAAAAGGCGTACAACAACCCCGGCGACGAAGCGTGAATCGCATGGCGTCACCTGAAAAGAATGCTGTTTCTCAAGGATAGTACGATGGGAAAGCGTAGGTACTGCGTTTGTTAACTGAATAATAACATACACCACAATTCTGTATAATTGATGTTATCTATCAGGTGTTAAATTTAACTTATTTGCAAATTTTGCGGTTTTCACCGCGGTGCTGTGACGGATAAATTGCTACGGAAAGTGATGACCGGGCAGCGAAACCGCCCGGTGGGCCAGGCTCAGGTCAGATTGAAGTAACGATCCGGACGCAGCGTCTCCGGCAGCGGATGCTGACCGGTCATGTCGAGCAGATTGCGCTCGATGGTATTGCACATCGCGTTCAGCGGCAGGTCATTGGCTGCGGTGCCGAACGGATCTTCCAGCTCTTCCGCCAGCGAATCCCACGATAAAAAGGTGTAAGAGATAAAGACCGAGACAAACGGCGTCATGTAGTGCAGATCGCCGACCAGGGCGAACGGCAGCAGCGTACAGAACAGGTAGACGGTACGCTGCAGGATCAGGGTATAGGCGAAAGGCACCGGGGTGGTGGCCAGCCTTTCACAACCGCCCAGCACGTGCGCCAGCTCGTCGAGTTTGTTGTCCATCAGCCCGTAAGTGATGTCGCTGAGCTTGCCCGCCTCCCGCAGCTGGCCAATTTCGTTGCCGGCCAGCAGCAGGATCCGGTTGGTGGGCATTGAGCTGGCGAGGATCTCCGTCACCCTCTCCTCCGGTAGCAACCGCCGCAGGTCAGCCGTCGGATCGGTTTTGCGCAGCTGGTGCTTCAGGCTCCAGCTAAAGGCCACCAGATAGCTGACGATGCGGCGATGGGCATCGTGTTCCGCCGGCAGGATATTGCGCAGCTGACGCACCAGCGTGCGTTCGGCGATAAGCACCGTCCCCCACAGATTGCGCGCCTCGACGAAGCGGCTGTAGCTGGCGCTGTTGCGAAAGCCGAGGAAAATCGCAATCGCAATCCCCAGCAGGCTGAACGGCGCCACGGTTAAGTGGATCCCCAGCTGTTCGTACCATTGATAGCTGATAATGGCGATGATCGACATCAGCACATTTAGCAGCAGGCGAAAGATGATTTTCGACAGCACGGAGCCGTGCCAGTCAAATAGGCGAAGAAACCAGTGTTGTTCTGGCCGAATGATCATTGTCTGACTTCCTGAATTACCGCTCTGGTCATTATCTCTGAATACAGAATAGAGATTATCTATGAGCCGATTGGTTTATTTTATCGTTAACTGCGATGGGCAGATCTGCGCCATTATTTAGCGATGGTAATGGCGTTTTCAGTATGGGCCTTTTTTATATTTCAGGCAATCAATGCGCCAGCAATAATGGCTCAGAAGAAAAAATAACCGCTGAGCCAATTCATTTTTCCGCTTATGCTACCGGGTGTATCAGACCGCTTTCGTCAACCCCTGCGCTTCGCAGGGATCGAGATGCACCATCACATTAAGCACCGGATGCTGCGCCAGCACCCGCTCCCGCGCGTGACGGGCAATCTGATGCCCTTCGGCTACCGACATCTCGCCAGCCACCTCGAGATGGACATCCACCAGCACCAGATCCCCCGCCTTACGGGTTTTCAGATCGTGGAGGCCCGCCACGCCCGGCGTGGTTCGCAGCGTATCGGCGATCGCCTGCTGCATCTCTTCATCAACCGCACGGTCCATTAAATCATGCAGCGCGCTGACGGCGAAACGATAGCCCATGCGCGCAATCAGCAGCCCCACCGCCAGCGCGGCGAGCGGGTCGAACCAGGCGAACCCGGCCAGATTACCGATAATCCCCAGGGCCACCACCAGGGAGGATGCGGCGTCAGAGCGGGCATGCCAGGCATTGGCGATAAGC
NZ_CP073782.1_gap35	1995155	1998983	3828	TTGGCATCAGAAGCAGTTCGCAAAAAAACACGTCAGGATTGTTCCATGACCCTTTAGCGGTACGCTCGTATTCTCGCTGGTATCCTGCAAATTCTTCACGCCATTATTCGGCGCGGGTATCTGACACAATGCGCCGGCGATGACAGTCGCCTGGTTGCAGTTTATCCCCCTGAGCGGAACGCACATCCAGATACTGAAGGGGCTGGCCGTGCGCGTTATCCAGCAGGACCGAATAGGTTTCCCCTTGCTCAAACATATAACGCTCTCCCCATTGCCGCAGCGCAACAACAATGGGAAACACGGAGCGCCCCTTTTCAGTCAGGACATATTCCTTGTATGCGCTGCCATCCGATGCCGGTAAAATCTCGAAAATACCGATATCAACCAGATGCTTCAGCCGCGAGGCAAGGATATTTTTGGCCAGCCCCAAATTTTTTTGAAACTCGCTGAATCTCCGCACATCGTCAAATGCTTCGCGGATAATCATCAGGCACCAGCGTTCACCAATTGATTCCAACGTTCTCGCCACCGGACATTCACTGGTTCTAAGTGATTCCTGCTTTGCCATCTGCGCGCTCCTTATCAATTTATCTACTGATCTAGCTTAATCCTCACCTTTACCAGTTGCAAAAAAAAACCAGCAAGGCTAATTCTATAGGTACACTAGTTTTAAAAAGCAACCAGACAGAGGGTCTCTTATGAAATGTAAGGCAAGTAGATGTACCGGCCAAAGGATCCAAACTGCGTCAGTCCCTGACACGATGCTGACCACAGGGATAACGGCGTTGTTTTCACTAACCTGCGCGCTGGCAGTAGCCAATGTTTATTCAGCACAGCCTTTACTCGACTCGATGGCGGTCAGCCTGAAGGTGTCGCCAGGCATGATTGGTAGCGTCATCACCGCTACGCAGGCGGGCTATGCCATTGGCCTGCTGTTCCTGGTTCCGCTCGGGGACTGGTTGAACCGTAAATACGTGGTGATGAGTCAACTGTTGCTTTCAGTAGCGGCGTTAGTCGCGGCAGGGTTATCCCCCAATATAGCAACGCTGCTTGGCGCCATGCTGATCGTCGGCCTGATGGCCGTGGTGGTGCAGGTGCTGGTGGCCTGGGTGGCAATACTGGCGACGCCGCAGAAACGAGGCCAGGCGGTGGGTACCCTGACCAGCGGCATTGTTTCAGGTATCCTGTTATCTCGGTTTATCTCAGGCGCGATAGCCGATATCGCCGGCTGGCGAGCCGTGTATCTCACGGCTGCCTGTCTGATGTTGGTGATTGCAGGGGTCGTCTGGAAAATCATGCCTTCGCCCCCGCAGCAGCCGCAGCCGCAAAAGCCCACTTACCTTTCCTTATTGAAGTCCGTGTTTCAGCTGTACCTCACCGAGCCGCAACTGAGAAAGCGCGGGATCCTGGCGCTATTTATCTTCGCCGCTTTCAGCATGCTATGGACGACCATGGTCATGCCGCTCACCGCCCTTTCCCTCTCGCACACCCAGACGGGGATGTTTGGCTTAGCCGGCTTCGCTGGCATGCTGGCCGCCGCCAGAGCGGGCAAGTGGGCTGACCAGGGATGGGCTCAGCGCACTACCGGCCTGGCGCTGGCGCTGCTGACCATCTCATGGCTTCCTATCGGCTATGCCGAAACATCTCTGCTTTGGCTGATAGCTGGCGTCATTGCGCTGGACTTTGCGGTACAGGCCGTTCATGTCTCCAGCCAGAGCCTGATCATTGCCGCCAGGCCTGCAGCGGCAAGCCGCCTGGTTGGGGCTTACATGTGTTTTTATTCGCTGGGCAGCGCGACAGGGGCTATCGTTGCCACACAGCTTTATTCCCACTGGGGATGGCAGGCGGTCTGCCTTGCGGGCGCCGCGGTCAGCGCGTGTGCATTTCTGATCTGGTCAGGATCGTGTCAATCATGATATTCGTTCTGCGTTTTAAAGGGGCCAGTCAAAAAGACCGTAATGCTGACCTGATTGCTGCCAGCTATTTGTATCGCATACATTTTTTCAATGCTTTTAAACAGTTATGTTCATGTTGTATAATGACGTGCACTTTAACTAAAAAAAGAGTGCGACCATGATTGATTCCTCATTGCCATTAACCGACATTCATCGTCATCTTGACGGTAACATCCGGGCCCAAACCATCCTCGATCTTGGCCGCGAATTTAATATCGCTCTTCCCGCAACCACGCTCGACACGCTGCGTCCTCATGTCCAGGTCACCAGCCTTGAGCCCGATCTGGTTAGTTTCCTCGCCAAGCTCGACTGGGGGGTAAAGGTCCTGGCCTCGCTGGAAGCCTGTCGCCGCGTGGCGTATGAGAACGTCGAAGACGCGGCGCGAAATGGCCTGCACTACGTTGAGCTGCGCTTCTCTCCCCGCTATATGGCGATGACCCACCGGCTGCCGGTCGACGGCGTGGTAGAGGCGGTAATTGCCGGGGTTCAAGAGGGATGCCGCGATTTCCAGGTCGACGCCCGGCTGATCGGTATTCTGAGCCGCACCTTCGGCGAAGCCGCCTGTCAGGAAGAGCTGGCGGCGCTGCTCGCCCACCGCGAGGGCATCACTGCCCTCGACCTCGCCGGCGATGAGCTCGGCTTCCCGGGTACGTTGTTCCGCAACCATTTTAACCAGGCCCGCGACGCCGGGTGGCATATCACCGTCCACGCGGGCGAAGCGGCCGGCCCGGAAAGTATCTGGCAGGCCATACGTGAGCTGGGCGCGGAGCGCATCGGCCATGGGGTTAAAGCGGTAGAGGATCCAGCCCTGATGGACTACCTGGCCGAGCACCGCATCGGGATTGAATCCTGCCTGACCTCGAACGTGCAAACCAGCACCGTGGCCTCCCTGGCCCAGCATCCGCTGAAGCAGTTCCTTGAGCACGGCGTGCTGGCGAGCCTCAACACCGACGATCCGGCGGTCCAGGGTGTGGACATCATTCACGAGTATACCGTGGCGGCGCCGGCGGCAGGGCTGAGCCGGGAGCAGATCCGTCAGGCGCAGATCAACGGCCTGACCCTGGCGTTCCTCGGCGAACAGGAAAAAGCCGCCCTCATTCAGCGGGTTGCCAAAGGCTGATAACCGGCCCGGCAGCCGTGCTGCCGGGCTCCTCCTCAGACCAGGCTGAGCGTGGCGCGATGTCTGGCCGACTCGATACCCAACTCAATCAGGGTCATTATCTGAATCGCCTCGCTGGCCGGGACCGGGTTTTCCCCTACGCCGTTAAGCGCGTCGCGGATAGCGGCATAGTAGGCGGGATAATTACCCGGTAGCGTCAGCCATTTCTCCTGACTACGTTCATCCCCTTCGGCGCGGGTCAGGGTACCGTCGCGCATATCATATCCCCAGTCCTCCTGCGGCAGCCGTTCACCGTTTTTTAGCCGCTCCTCCTGCGGGTCAAGACCGTACTTAATATAGCTGGCCCGCGAGCCGTGGACGATAAAGCGCGCGCTCTCCGCGGCGGCGAGTAACGTACCATGCAGTACTACCCGCCGCTGCGGATAGGCCAGCACGGCGTGAAAATAGTCGGTGGATTGCGCGCCGGGCCGAAGCTGCGCGAGGTCCACCGTGATGCTTACCGGCAGGCCAAACAGCACCACGACCTGGTCGAGCAGATGCGGCGCGAGGTCATACCATATGCCGCTGCCAGGACCTGCCTGCTCACGCCAGCGCTGGCGCACCTGTGGTCGGAAGCGATCGAAATGCGACTCGAAGTAACACACCTCCCCCAGCTGACCTTCGTTGATCAACGCGCTGACCGTTAAGAAATCGCTGTCCCAGCGCCGGTTATGAAACACCGAAAGTATCCGACCGCAGTGCTTCGCCAGGCTT
NZ_CP073782.1_gap36	2008758	2011032	2274	ATGCGCCAGGATAGTGAACATTACTTGCCGTTTTCCCTCCAAGAATAACTATAAAGGCGGCGGTCCAACGAGATTGCGCCCCGAACACCCCCCAGTAAATATGGGATGTAAAAAAAGAGGTATATGTGTCTACTGCAAACAATAAACCAGCAGAAAGCGTGAGTCTGAACGCTTTCAAACAACCACGCGCGTTCTATCTCATTTTCTCGATCGAGTTGTGGGAGCGTTTTGGTTACTACGGCCTGCAAGGGATCATGGCCGTTTACCTGGTAAAACAGCTGGGTATGTCGGAAGCGGATTCCATTACTCTGTTCTCCTCCTTTAGCGCGCTGGTTTATGGCCTCGTCGCCATTGGCGGCTGGCTGGGTGATAAAGTGCTGGGTACCAAGCGTGTCATCATGCTGGGCGCTATCGTGCTGGCGATTGGCTATGCGCTGGTGGCCTGGTCCGGCCATGACGCCGCTATCGTCTATATGGGTATGGCGACCATCGCCGTCGGTAACGGCCTGTTTAAAGCCAACCCGTCCTCCCTGCTTTCTACCTGCTATGACAAAAACGACCCACGTCTGGACGGTGCATTTACCATGTACTACATGTCCATCAACATCGGTTCGTTCTTCTCTATGCTGGCAACCCCGTGGCTGGCCGCACGTTTTGGCTGGAGCGTAGCGTTTGCCCTCAGCGTGGTGGGGATGGTGATCACCATTATTAACTTCGCCTTCTGTCAGAAATGGGTTAAACAGTACGGCTCTAAACCGGACTTTGCCCCGGTACACATGGGTAAACTGCTGGCGACCATCGCTGGCGTGGTGGTGCTGGTCGCTATCGCCACCTGGCTGCTGCACAACCAGGGTATCGCACGTATGGTGCTGGGCGTCGTCGCACTGGGTATCGTCGTGATTTTCGCCAAAGAAACCATAGGCCTGAAAGGCGCTCCGCGTCGTAAAATGATCGTCGCTTTCCTGCTGATGGTAGAAGCGATTGTCTTCTTCGTGTTGTACAGCCAGATGCCGACCTCGCTGAACTTCTTCGCCATCCGTAACGTGGAGCACTCGATCCTCGGTCTCGCCTTTGAGCCGGAACAGTATCAGGCGCTGAACCCGTTCTGGATCATGATTGGTAGCCCGATTCTGGCCGCCATCTACAACAAGATGGGCGACCGCCTGCCGATGCCGCACAAATTTGCTATCGGTATGGTACTGTGCTCTGGCGCATTCCTCGTCCTGCCTTTAGGGGCGAAGTTCGCCAGCGACGCCGGTATCGTCTCGGTCAACTGGCTGATTCTGAGCTACGCGCTGCAGTCTATCGGTGAACTGATGATTTCCGGCCTCGGCCTGGCGATGGTCGCTCAGCTGGTTCCTCAGCGTCTGATGGGCTTCATTATGGGCAGCTGGTTCCTCACCACGGCAGGCGCGGCGATCATCGCCGGGAAAATCGCTAACCTGATGGCAGTCCCGGAGAATGTCACCGATCCGCTGGTGTCGCTGGAAGTGTACGGTCACGTATTCCTGCAGATTGGTATCGTCACCGCGGTTATCGCCGCCCTGATGCTGCTGACCGCGCCGAAACTGAATCGTATGACTCAGGACGACAGCGCGGACATTAAAGCACGCGAAACCGCGGCTGCCTGACGCCGCAGGGAAAACTAATTATTTTTAAGCCGCTAACGTTAGTTTAGCGGCTTTTTTTTTACCCCTGGCAGGACTAACATACAGAAAACTGCAGCCACGAGGAGTCACGCATGAAACTGTTCTACAAACCCGGCGCCTGTTCCCTTGCCTCGCATATTGCCCTGCGCGAAAGCGGTCTGGATTTTACCCTGCAGAGCGTGGATCTGGCCCAAAAACGGCTGGAAAACGGGGAAGACTATCTGCTGATCAACCCGAAAGGTCAGGTGCCGGCGCTGCTGCTGGATGATGATATCCTGCTCACTGAGGGCGTAGCCATCATGCAGTACATCGCAGACCAGGTGCCGGATCGTCATCTGCTGGCGCCGGTGGGCTCGATTGCGCGCTATCAGACTCTCGAATGGCTGAACTATGTGGCCACCGAGCTGCATAAAAGCTTTACCCCGCTGTTCCGCCCGGATACCCCGGAGGACTATAAGCCTGTCGCGCGGGGGCTGCTTGAGAAAAAGCTGCAATACGTTGATGCAGCGCTGGCAGACAAACAGTGGCTGACCGGCCATCGCTTCACCATTGCCGATGGTTATCTGTTTACGGTGCTGCGCTGGGCCTATGCTATAAAACTGGATATGGCTGCCTATGGTCATAT
NZ_CP073782.1_gap37	2113348	2114354	1006	GAGCCACATCGGTACAAACAGGAATACCCACAGGAAGGCCAGGCCGGCCAGCAGCCCCGGTACCGCGCGCGGGACCAGCACGCTGTAGTCGAGAAAGCGGGTGACGTTGTCCGCTTTGCGGTGCATGGCGATGCCGACAAACAGATAGCAGATCACCGCCAGCGCGCCGCCGATGATGCCGATAGCCATCGAGTTGACGATCGCCCGCAGCAGGTTGGGCTGCTGCCAGATATTGTGGAACGTCGCCAGCGACAGCTCATCCCACAGCGACACGCCGACGCCCCAGTTGGAGATAAAAGCGCGCAGCGCCACGCCGAGCAGCGGTACGCCGATGGTCACCGTCAGCCAGGCCACCACCACCGCCCCGGCCACCCAGCGCCATTTGCCCAGCGGCAGCGCCCGCGCCTGGGACGCCTTGCCCTTCATGGTGACAAAGCGGTTGGCGGTGCGCATCAGCCGCCGCTGGAGCATCACCAGCGGGATGGTGATGCAGATCAGCACCACCGCCACCGCCGCCATCAGATGGTAGGAGGGGGTGCCGAGCTTGTTAGTCAGCTTGTAGAGATAGGTCGCCAGCACCATGTTGCCCTCGGGGTCGCCCAGCACCAGCATCAGACCGAAGACTTCCAGACCGAGGAAAAAGAGCAACACGCAGGCGTAAAGAATGGATGGCCGCACCATCGGCAGACTCACCGAGGTCATCACCTGCAGCGGCGTGGCGCCGACGGTGCGCGCCGCCTCTTCCACGTCGGAGCCGACGCTGCGCAGCGCCGAAGAGATATAGAGATAGGCATGCGGAACGTGAGTTAAGCCGGCGATGACCACAATGCTGAACATCGAGTAGATATTCCACGGCACAAAGCCGATCAGCTGCTGCGCCCACTGGGAAAAGAAGCCTACCGGCCCGGCGGCCACCACGTAGCCAAAGCCCAGCACCATCGGCGAGACGAAGATCGGCACCAGGATCAGCGGCTCAATGATCCGCCGGCCGGGTAAATCGGTGCGC
NZ_CP073782.1_gap38	2155939	2160578	4639	TGTTTCGGCTCCTGACCCAGGTCACGCATTTCCAGCACGACTTTACCCACCACGCGGCACATTTCCTGGTACAGGTCGTCGTCTTTCGCTTTATTTCCCATAGAATTTAGCTCGTATTTTATCATTATCAATCAAATCATTATTGATAGATTTCCCGCACAACGCAAACCATCGCCACTTTAAAGGTTCAATGACGCATTTTACCGGCTCATGATGGCGAAATAATCCATTTCTTTTACTCTTTTTCATAGCCGGTGACGAAAAAGTGTGTTGCGTAGATTTTTGCATAACGTGCCGGTTTTGTTACGCGTTTTGTCCATAATTTGAAACGAGGTTTTTATTTTCCTTTTTGATTTCGGCAGCGTATAATGCGCTTCGATTCTTTCTTGAATGGTTTCAGCGCATTGGACTGCATGATAAAACGCATAACACCTTGCCACATTTCATGGGCTGAACCGCCAGCACACATTCTTCTGCACGCTTCAGGGTTGTCACCTATCCTTAGGGCGTGGCTTAGCAACTTTCGTAATACAGGTTTGGCTCCCCGGCAGTGCGCCCGCGGAGCGAGAATTCCATATCCTTCACAACTTAAAGACTAAAACTGTCATGAAAAAGACCAAAATTGTTTGCACCATCGGTCCGAAAACCGAATCTGAAGAGATGCTGACCAAAATGCTGGAAGCCGGCATGAATGTGATGCGTCTGAACTTCTCCCACGGTGACTATGCGGAACACGGTCAGCGCATCCAGAACCTGCGCAATGTGATGAGCAAAACCGGTAAGAAAGCCGCTATTCTGCTGGACACTAAAGGGCCGGAAATTCGTACCATCAAGCTGGAAGGCGGCAACGACGTCTCCCTGAAAGCAGGCCAGACCTTCACCTTCACTACCGATAAATCCGTCATCGGCAACAACGAAATCGTTGCGGTAACCTATGAAGGCTTCACCTCCGACCTCGCCGTCGGCAACACCGTCCTGGTGGACGATGGCCTGATCGGCATGGAAGTCACGGCTATCGAAGGCAACAAAGTTATCTGTAAAGTGCTGAACAATGGCGACCTCGGCGAGAACAAAGGCGTTAACCTGCCGGGCGTCTCCATCGCCCTGCCGGCGCTGGCTGAGAAAGACAAACAGGATCTGATCTTCGGTTGCGAACAGGGCGTGGACTTCGTCGCGGCCTCCTTCATCCGTAAACGTTCCGACGTCGTCGAGATCCGTGAGCACCTGAAAGCCCACGGCGGCGAAAACATCCAGATCATCTCCAAAATCGAAAACCAGGAAGGCCTGAACAACTTCGACGAAATCCTCGAAGCGTCTGACGGCATCATGGTTGCGCGTGGCGACATGGGCGTGGAGATCCCGGTTGAAGAAGTTATCTTCGCCCAGAAAATGATCATCGAAAAATGTATCCGCGCGCGTAAAGTGGTTATCACCGCCACCCAGATGCTGGACTCCATGATCAAGAACCCGCGTCCGACCCGCGCTGAAGCCGGCGACGTGGCTAACGCCATCCTCGACGGCACCGATGCGGTGATGCTGTCCGGCGAATCCGCGAAAGGTAAATACCCGCTGGAAGCGGTCACCATCATGGCGACCATTTGCGAACGTACCGACCGCGTGATGACCAGCCGTCTGGACTTCAACAACGACAACCGTAAACTGCGCATCACCGAAGCGGTGTGCCGCGGCGCGGTAGAAACCGCTGAGAAACTGGAAGCGCCGCTGATCGTGGTCGCCACCCAGGGCGGTAAATCCGCACGCGCTGTGCGCAAATACTTCCCGGATGCCACCATCCTGGCGCTGACCACCAACGAAACCACCGCTCGTCAGCTGGTGCTGAGCAAAGGCGTGGTACCGCAGCTGGTGGAAGAGATTGCCTCTACCGATGATTTCTATCATCTGGGCAAAGACCTGGCGCTGAAGAGCGGCCTCGCGCGTAAAGGCGACGTAGTGGTGATGGTTTCCGGCGCATTAGTGCCGAGCGGCACGACTAATACCGCTTCCGTACACGTGCTGTAATAATTTACAGGTTAATTGGTTTTTTTTAATAAAGCGCCTCGCGGGGCGCTTTTTTTTATTCATTGATTAGCTCTTCCTATTAAAAATGCAAATCGGAATTTACTATTTAATAAGGGATTATCTAAGATGAATCCGATGGAAGCGCGCTGTTTTCACTCGCCTTTTTCAGCGATTCTGAGCAATTCGATGCTTCTTTGAGCGAACGATCAAAAATAAGTGCGTTCAGGTAAAAAAAATATTCTCATCCCAAAAAACTTTGTGTAATACTTGTAACGCTACATGGAGATTAACTCAATCTAGAGGGTATTAATAATGAATCGTACTAAACTGGTACTGGGCGCGGTAATCCTGGGTTCTACTCTGCTGGCTGGTTGCTCCAGCAATGCTAAAATCGATCAGCTGTCTTCTGACGTTCAGACTCTGAACGCTAAAGTTGACCAGCTGAGCAACGACGTGAACGCAATGCGTTCCGACGTTCAGGCTGCTAAAGACGACGCAGCTCGCGCTAACCAGCGTCTGGACAACCAGGCTCACTCTTACCGTAAGTAAGAGTTCTGGTAATAAAAATGGCGCACTCTGTGCGCCATTTTTTTTGCCCTCAGCATGAGGGCTATTGGGTAAGCAGACCGTTGTCAGACGAACTATTCTGCGCCGACAGCGAAGTCGCCGCGCTACCTGCCCCCGCCGACACCACTACCGGATACCCCGCCCTTCTCGACATCGCTTTTTTCAACTGCAGGTCATCCACTGCTTTATCCTCTGCGAAGGCGTGAAACGCCGCTGGCAGCGTGTAAGCGATGGTCCGGGTGTTTTCCCCTTCGGTCTGCGAAAGCGGCCTGTGGACTTCGACATAGCGTTTACCATCCGGCTCGACGGCAAACTTCACCGGCTGATTGATAATCCGTACCGGCGTCCCGGTTTTCACCTGGCTGAACAGCGCTTTGATGTCATCAGCGTTCATCCGCATACAGCCCGAGCTGACGCGCAGACCAACGCTGTCTGGGGCGTTAGTTCCGTGGATGAGATATTCACCGTTACCGTAGGCCAGACGCAGCGCATAGCGGCCCAAGGGATTGTTCGGTCCGGCCGGGACCACCGCTGGCAGCGTCACCCCTTTCTCCAGCGAGCGCGCGCGGATGCCGGCGGTAGGCGTCCAGGTAGGGTTAGGGATCTTCTGCCCCACGCGGGTGGTCATCTCCGGCGTTTCCAGACCTAACTGGCCAATGCCCAGCGGATAGACCTGCACCTGATTCTCTCCCGGCGGGAAGTAATACAGCCGCAGTTCGGCGAGGTTGACGACAATGCCCTCCCTCGGCACGTCGGGCAGCAGCATCTGAGAAGGGATAAGGACCTGAGTGCCGGGCTTCGGCTGCACCGGCGCAATCGTATCGTTGGCTTCGAGGATCAGCATCGCCGCGGTATCGAAATGGCGCGCAATCGCCTGCAGGTTGCGATCTCCCTCCTGGACCGTCCAGTACTGATTCTGCCCAATCAGCCGACTGTTGGCGGGAGGAAGCGGGTAATCAACGGCCCAGGCGGCCGTGGAGACGCCAAGGGCGCTGAGAAGGGCTAAGGTGATCATCGTTTTGCGTTTCATACTGAGATTCCTTCTTTCGCTGATAAAACGCCAGGAGACTGAACGGCGGCAGGGTCAGCGCCCTGCCGGACGTAACAGAATGAAATCTACCTGTTTATTCTAGCTAATATTTGCCGCTTTCGCGCGTATCGCGCGGATCATGGCTTCGAGGCCTTGCGAGCGGGAGGGGGTGAGATGCTGGGTGAGCGCCATTTTTTCAAACCACGGGCGCACGTCGAACTCGGTGATGTCCTGAGCGGTCATCCGGTCATAGAGGATAAACACCACCGCTATCAGACCCTTGACGATCGCCGCATCGCTATCGCCGCGCAGGGTGATCACGCCTGTGGGATCCTGGTCCATCACGATCCAGACCTGGCTTTGACAGCCCTGAATAATGTTCTGCACGCTATGTTCTTCCGGGCTTAGCGGCGCCAGACGCTGGCCAAGCTCGATGATATAGAGATACTTCTCTTCCCAGTTGGCGCAACGGCTAAAGTTACGCAACAGTTTGTCTTTGTCCGGTAGTGCCGCCATTGTCCCGTCCTTTACCCTAACAGTTTGCGGATCCGCTGGAGGCCGGCCACCAGGCGGTCCACCTCTTCCGTGGTATTGTACATCGCCAGCGATGCCCGACACATAGCCGGTACCTGATACCGGGCCATCAACGGCATCGCGCAGTGGTGTCCGGTCCGCACGGCGATCCCGTAGTTATCGAGGAAGCTGCCGACGTCATAGGCGTGATGCTGACCGAGGTTGAAAGCAATTACCCCTTTACGCTGCGCCGGGCCGTAAAGGATCAGATCCGGTACCGCGCGCAGGGCATCGAGCGCGTAGCGCATCAGCGTCTGCTCATACTCGGCAATCTGCGTCAGTCCCAGCTGGCTGACGTAGGTCAGCGCCGCGCCGAGGCCGATGATCCCCCCGGTATTCGGCGTGCCGGCCTCAAAGCGCCACGGCGCCTGATTCCAGGTGGTGCCCTCCGTCAGGCTGACGGTGGCGATCATCGACCCGCCCCCTTCCCAAGGCGCCATCGTCTGCAGC
NZ_CP073782.1_gap39	2177592	2181383	3791	CGCGTGAGAAGAGGGAATGGTTGTGATTGCCGCAGATCACCAGATCAACACGGTGTGACCGGCAGAAGTCCTTAATATGATGGCCTAGCTCGCCGCAGGCGATGGTCATTCTTTCTATTGGGTAGTCCGCGTGGCGAGCCAGCTCATTGAGAAACTCCCGCGTCTCTTCCTGCATCACTTCGCGCAGATTTTCCATCATCGGTGCGGCGAACTGGTTATACAGCTCCGGATCCGTAGCGAGAGTGATTAAGCTCACTTTCGCGTTAACGGGGCGGGCTATCGACACCGCTTTTTTAATTAACACCTGACTCTCCGGCGTTGGCGCGACGGCAACCAGCAGATGGGTATAAGGCATCTGGCCTCCTTGAGATACGCGGAATAACCCTTTCTTCCATTCTTTACTCCTGTTTCCCCGACTGCGCAAGGGCCGATCCCGGGATTTGCGAGCCTGTTCGTCAGTCGGCGACCTTCCAGCCAGATCACATCAATGAACCTGTCTTTTGATTAAAAAGAAATGCTGTTTTATAAATGAGTGAAGTGGCGACGTCATCTCTTTGTCATTTTGCCACCGGCGACTGTTCCGTGGCAAAAGTACAAAGGTAACCTCCTTTCACAGCTTTTAGTGTAGCCAGGTACCCACTCCCTTCCGGTGGCAAATCCGGAACGATTGTCGGCGTTCTTTTAAAAAAAGACACAGGATCACGGCGATGAAAACACGAAAAATTGGACTGGCTAACTATCTGGCCTACGGCGCGGGCGATTTTCTCGGCGCCGGCACGACGGCGCTAACCGCCGCATGGCTGCTCTACTTTTACACGACCTTTTGCGGACTGACCCCGATTGAGGCCACGCTTATTTTTGCTGCCGCCCGCGTGCTGGACGCGGTGGTAAGCCCGCTGATGGGCTTTCTCACCGATAACTTTGGCACCACCTGGCTTGGTAAGCGCTTCGGCCGCAGAAAATTCTTTATTCTGCTCGGCATCCCCTGCGTATTCAGCTATTCAGCGATGTGGGTCGGCGAGATGGGCTTCTGGTACTACCTGGCGACCTATCTGCTGTTTGATATGGTCTATACCATGATTCTGGTGCCCTATGAGACGCTGGTGCCGGAGATGACCGATGACTTTAAACAGAAAACCAAATTCTCCGGCGCGCGCATTTCGATGGCGCAGATGTCGGCGATTTTAGCCTCCTTCCTGCCGGGGATCCTTCTCTCCTGGCTCGGCAAAGATAATGCCAGCTCGTTCTTCTATGCCAGTCTGGTGTTCTCGGTGCTGTGCGCGGTGATGCTGACTCTGGTCTGGTGTTTCACCTGGGAACGACCGCGGGAGGCGTGGTCGGAAGCGGCCCTGCGGGCGGAAGCGGAAAAACAAAACTTAACCCTTGCTCAGAGCCTCAATCGCCTGGTGATTGAGCTGAGTTCTACGCTGCGGATAAAAATTTTCCGCCAGCACCTCGGCATGTATCTGGGGGGCTATATCGCCCAGGACGTCTTCAATGCCGTGTTTACCTATTACGTGGTCTTTGTTCTGATGCAGGAAGCCGCCGTCGCCTCGAACCTGCTGGGGACGATGGCCATCTTCCAGTTTATTGCGGTAATCGCCATGATCCCGCTGTGCATTCGTTTTGGCCCCGCGCCGTCGTACCGCATGGTGGTGGTCCTGTTTGGCCTGAGCTCACTCTCCTACGCGCTGCTCTATTACGCCGGACTGAGCGACGTCTATTCCTTATTGCTGCTCATCTCTGCTGTCGCCGGACTGGGACGCGGCGGGATAAATTACGTACCGTGGAATACCTACACCTATATTGCCGACGTCGACGAAGCGATCACCGGCCAGCGCCGGGAGGGGATTTTTGCCGGCATCATGACACTGACCCGCAAAGCCTCGCAGGCGGGGGCGGTGATGCTGGTGGGGATCATTATGCAGTTGTCGGGGTTTGTTTCCGGGCAAAAAATTCAGCCTGAAGGGGTCAGCCATACCATTCTGCTGATCCTCAGCGTCGGCACTCTGGTGGTGTTAGCCTGCGGCTTCCTCGTCTCGCTGCGCTTCAAGCTCAACCTGCACACCCACAGCGTCCTGCGCAGCGAGACCCTCAGAATGCGCGAGCTCGGCTACGCTCAGTCGGAACAGACCAGTGCGGAACACCGCGCGGTGGTCGAGCTGCTGGCGGGGATGCCTTACGACTGTCTGTGGGGCAATAACAATATTGGCTATCTGAATCGTCATAAACCTGCTGCCCCGGCGCTCATTAAGGGCGGCGCTTTGAATTCGACATATACCCGAGGTTAACAACATGAAAGTTTGGCCGGTCAAACATAGCCCATTACTGCGTCAGCCTGAGCGTTTTATCGCCCGCAGCGAACTGCAGGCGCTGATCCGCAACGTGACGCAAAACCTGGTGAATATTAAGGATGAGAGCGGGCAATTTTTACTACGCCTGGATGACGGGCGCGTGATCGATACCAAAGGCTGGGCCGGCTGGGAGTGGACCCACGGCGTTGGGCTGTACGGCATCTATCAGTATTACCAGCAAACCGGCGATATCGAGATGCGTGATATCATCGATCGCTGGTTTGCCGACCGCTTCGCCGAGGGGGCAACGACCAAAAACGTCAATACTATGGCCCCGTTTCTGACCCTGGCTTACCGCTTTGAAGAGACCGGCCGTATGGCGTATCTGCCGTGGCTGGAGAGCTGGGCGGAGTGGGCGATGCACGAGATGCCGCGCACCGAGCAGGGCGGTATGCAGCACATGACTCTGGCGGAGGAGAACCATCAGCAAATGTGGGATGACACGCTGATGATGACCGTGTTGCCGTTAGCCAAAATTGGCAAGCTGCTTAACCGCCCGCAGTATGTGGAGGAGGCAACCTACCAGTTCCTGCTCCATGTGCAGAACCTGATGGACCGGGAGACCGGGCTGTGGTTTCACGGCTGGAACTATGAGGGGCGGCATAACTTTGCCCGGGCGCGTTGGGCGCGGGGCAACAGCTGGCTCACCATGGTGATCCCGGATTTTCTGGAACTGGTGGATCTCCCCAAGGGGAACGCGGTACGGCGCTATCTGATTACAGTCCTCGACGCACAGATTGCCGCCTTGGCAAAATGCCAGGACGACAGCGGCCTGTGGCATACCTTGCTGGACGACCCGCACTCTTATCTTGAGGCCTCGGCGACCGCCGGCTTTGCCTACGGCATTCTCAAAGCGGTGCGCAAGCGTTACGTCGGGCAGCACTACGCCGGGGTGGCTGAAAAAGCGATTCGCGGGATTGTGCAGAATATTTCGCCGCAGGGGGAGCTGCTGCAGACCTCATTTGGCACCGGGATGGGGTCAGACCTCGACTTTTATCGCCAGATCCCGCTTACCTCGATGCCCTACGGTCAGGCGATGGCGATCCTTTGTCTGACGGAGTATCTACGCAAGTACTTCTGAGCAGGGCGCCCCGCTGGCGAGGCGCCGAATAAAACTAACCCGGCTTTCGCCGGGTTGCTTGTTACATACGCTCGACGGTTTCGATACCGAGGGTATCGAGACCCAGCTTGAGGGTTTTCGCCGTGAGCAGCGCCAGCTTCAGACGGCTGTTGCGGGTCTCTTCGCTTTCCGCGCTGAGGATCGGGCAGTGCTCGTAGAAGCCGGAGAACAGGCCCGCCAGATCGTAGAGGTAGGCGCACATCACGTGCGGCGTCCCTTCGCGAGCGACCACGGAGAGGGTCTCTTCAAACTGCAGCAGGCGCGCGGCCAGCTGAGCTTCGCGATCTTCGGCGATGACCACCGGCGCGTCGATCATC
NZ_CP073782.1_gap40	2204373	2204891	518	CGTGGCCGGCTTTGGCCTGTCGCGCTACACCCTGGAGCCATGGCTGAATAACGGCGAGCTGGACTGGCGCGAAGGGGCGACAGCGCCATTGGACGACCAGGTCATCGCGACCTTTGAAAAACCATTCTCCCGCCACGGCGGCACCAAGGTGCTGAGCGGCAACCTGGGACGCGCGGTGATGAAAACTTCGGCGGTCCCGGTGGAGAACCAGGTGATTGAAGCGCCGGCGGTGGTATTTGAGAGCCAGCACGACGTGTTGCCGGCCTTTGAAGCGGGGCTGCTGGACAAAGACTGCGTGGTGGTGGTCCGTCATCAGGGGCCAAAAGCGAACGGGATGCCAGAATTACATAAACTTATGCCGCCACTTGGTGTATTATTGGACCGCCGTTTCAAAATAGCGCTGGTGACCGATGGCCGACTCTCTGGCGCCTCCGGTAAAGTTCCGTCAGCCATTCACGTCACGCCTGAAGCGTATGATGGCGGCTTGCTGGCGAAAGTGCGCGATGGCGATCTTATTC
NZ_CP073782.1_gap41	2205923	2209439	3516	GCCGAACAGACGCAGCTGCAGGCCAGCCCCGACGGCCGACTGCAGCTGGCCAAAGCTGACGTTCTGGCTGGACAACTGCGGAAGGATCACCGCGGAGGCGGCCGGACCATACTGGCGGATAGCGCCGACGGGTAGCCCGAGGAAGGCGCGAACGTGCAGGGCGAATTCCGAGAGATCCTGGGAGATAAGCGTCACCATCCCGGTGTCGTGTGGTCGCGGGGAGACTTCGCTGAAGATCACCTCGTCGCCGCATACGAACAGCTCCACGCCAAACAGACCATAACCTCCCAGCGCCAGCACCACCTCGCGGGCGATGGCCTGGGCACGCTCGAGGGCCAGGTCGCTCATCTGCTGCGGCTGCCAGGACTCGCGGTAATCGCCGTCTTCCTGACGATGGCCAACCGGAGCGCAGAAATGCACGCCATCGACAGCGCTGACGGTGAGCAGGGTGATTTCGAAATCGAAGTTCACCACCCCCTCGACGATCACCCGTCCGGCGCCAGCGCGGCCGCCCTGCTGCGCATAGCGCCAGGCTTCGCTGAGCTGGTCAGCCGAGCGGATAAAGCTCTGGCCTTTGCCGGAGGAGCTCATCACCGGTTTAACGATGCATGGCAAACCGATCTCGGTAACCGCCGCGCGGAAGCCTTCTTCGCTGTCGGCAAAACGATAGCGGGAGGTGGGAAGCTGCAGCTCTTCCGCCGCCAGGCGGCGAATGCCTTCGCGGTTCATGGTGAGCTTTGCCGCCCGCGCCGTGGGGACCACTTTCTGCCCGGCCTGTTCCAGTTCGACCAGGGTGTCGGTAGCGATAGCTTCGATCTCCGGCACGATATAATCAGGTTTTTCCTGTTCAATCAGGGCGCGCAGGCTCTCGCCGTGCAGCATATTGATGACGTGGGCGCGGTGGGCGACCTGCATCGCCGGGGCATCGGGGTAGCGGTCTACGGCGATGGTTTCAATGCCCAGACGCTGACATTCAATAGCGACTTCTTTACCCAACTCGCCGGAACCTAACAGCATAACTTTGGTGGCTGCCGGGCGCAGCGCGGTGCCTAATACAGTCATAACTCTCATCCGCAGTAAAAAAAGATGGCAGCGATTATAAACGAAAACGTTTGCGTATGTCTTTACGCGCGTAACGCGCGTGAGTTGAGTCCGGGAGGGAAATTTGCTATACTGTATAAAAATACAGTGTTGAGAGGCTGCAGTATGGCGGTTGAAATTAAATATGTGGTGATCCGCGAAGGTGAGGAAAAAATGTCTTTTGCCAGCAAAAAAGAGGCCGACGCTTACGACAAAATGCTCGATCTGGCAGAGGTGCTGAATGACTGGCTGGTGGCATCCCCGCTGGAGATGGATGACGTCCAGCGCGATACCATGGCGATGTGGCTGGCTGAGCGTAAAGAAGCGCTGCAGCATATCCTGCGAGTTGGCCGACTGCCGGAGCAAGAGACGCCCGCACAGGACGCCTCCGCGCCGTCGGCTACCGCCGAGACTTCTCCGGCGGATGATGACGCCGTGCCGGCGGCCAAAGCGCGCAAAGCCAAGGCAGCCTGAACGCTGGCGGTCAGTCACTGGTCGTTCGGCTCCGATGCTGCCGTCGCACGTACCTTTGCGCATCTTTAGCCATATCTAACATTTCCTGACATCGCGTCGTTTAGGCTGATAACAGTGTTTGTCACCTGAGAGGAAAACCATGGCTAACTGGCTACATCAACTGCAGTCGCTGCTCGGGCAGCAGGGTGCGTCACCGTCCGGCGAGTCGTCAAAAGGGAGCGGCCTGCTGCCCGGCGCCATCGGTGGGCTGGCCGGATTGCTGGTGGCCAGCAAATCGTCACGCAAATTGTTGGCAAAATATGGCACTAGCGCGCTGCTGGCAGGCGGCGGGGCGGTGGCGGGCACGGTGTTATGGAACAAGTATCAGCAGAAAATGCGCGCGCAGAATACGTCCGCCCAGGCGCCTGAGACGGCAGCGGCGCCGACGGATGTCGATCCGCGCAGCGTGCGGCTGATCACGGCCCTGGTATTTGCCGCGAAAAGCGACGGTCATATTGATGACCACGAGCGGGCGAATATTGAAACTCAGCTGCGGGCGGCCAATATTGACGTTCAGGCCCGGGTGCTAATTGACCAGGCGCTGGCCCAGCCGCTGGATCCGCAGCGTCTCGCCGAGGGCATCATCGACCCGCAGGAGGCGCTGGAGATCTACTACGTCAGCTGCGCGGTGATTGATATCGACCATTTTATGGAGCGTAGCTACCTTAATGCGCTGGGAGACGCCCTGGCGCTGCCGAAAGATGTCCGGGCCGATATAGAACAGGATATCCAGTCACAAAAACAAGCGCTAAGCGTCTAAATCATCACGTTTCGCTTGCATCGCTCGCGTCTTTTGCCACCCTTATAGACACGTCATCATTCAGGCGCCACCCTGCGGCCTGAATGCTCTTGTGTCACGATAAAGCAGCAGAAGAATAACATGCCACCTAAAGCTAAACGGATCCCTCACGCCATGACCTTGCATGGCGATACACGCATCGATAATTATTACTGGCTGCGCGACGATGAGCGCGCGCGACCTGACGTGCTGGAGTATCTGCACGCGGAGAACGCTTACGGCAAGCAAGTGATGGATTCGCAGCTCAGCCTGCAGGAGCGTCTGCTGAAGGAGATTATCGACCGCATTCCGCAGCGGGAAGTCTCTGCCCCCTACAGTAAAAACGGCTTTCGCTACCGTCAGGTGTATGAGCCGGGCTGCGAATACGCTATCTACCAGCGGCAGTCGGTGCTGAAAGAAGAGTGGGATGAGTGGGAGATCCTGCTCGATGCCAACCAGCGTGCGGCGAAGAGCGAGTTCTACACCCTGGGCGGACTGGGCATTGCGCCCAACAACCAGCTAATGGCGGTGGCGGAAGATTACCTTTCCCGCCGCCAGTACGGCCTGCGCTTTTGCGACCTCAGCAACGGCGAGTGGTACCCGGAAATCCTCGAAAATGTCACCTCCGGCTTTGCCTGGAGCAACGATTCACGCTTTGTTTGGTATGTGCGTAAACATCCCACCACGCTGCTCCCTTATCAGGTCTGGCGCCACACCGTCGGGACACCGGCGCAGAGCGACGCGCTGGTCTACGAGGAAAAAGATGAGACCTTCTACGTCAGCGTGCATAAAACCACCTCCCAGCAGTTCGTGGTAATTTATCTCTCCAGCGCCACCACCAGCGAAGTGCTGCTGCTCAACGCCGAACTGCCAGACGCCGAGCCGGTCTGCTTTCTGCCACGGCGTAAAGATCATGAATACAGTCTTGATCACTATCAGCACGCTTTCTATCTTCGTTCCAACCGGGAGGGGAAGAATTTCGGCCTCTACCGTACCGTGCTGCGTGATGAAGAACAGTGGACCACGCTGATCCCCCCGCGTCACGACGTGATGCTCGAAGGATTTACCCTGTTTACCGACTGGCTGGTTGTGGAAGAGCGTCAGCGTGGCCTGACCAGTCTGCGGCAAATTAACCGCAAGACCCG
NZ_CP073782.1_gap42	2215439	2217028	1589	CTGGTACGTTAAGGGTGATGCGCGGCAGCGGGCCGACGTCGATCGGCTGCTGGCGCACTGTCGGCGGCTACCGTTGATTATTGAAGTGGAATGCGGGAAAGCGCGGCATGTGATCGCCCACGCCGATTACCCGGCGCCGGTCTATCGCTGGCAGCAGCCGGTGGATCCCCAACGGGTACTATGGAGCCGCCATCGTCTGAGTGAACACCTGGCGGGGCGCCATGGCGCTATTGCCGGCGCGGACCATTTCTGGTTTGGCCATACGCCGCTTCAGGCGCGTTATGACCACGATAATCAACACTATATTGATACGGGCGCTGTGTTTGGTGGGACGCTGACGCTGGTGGCGCTGCAGTCGGCAGGCTAAAAGTCGCTGTATTCGCTGGCGGGTTGCCAGAAGCCATCAATAAAATCTTCTATCGGGTAGCAGCCACCGTGGCGGATCCGCTGATCCTCCATCGCCACTAAGCACTGCGTTTCCTCGCGGTAGACGTCAACCACAATGTCCTCGCAGCCGCCATCCAGATAGCAAATAAACAACACTAAGGCAAACATCCTAGCCTCATGCTCGGGTTCACATACTATTTAGTGTAGGGGATGACGGCGGGACGGGGAAATAAATAACCCGTCTCAGGCGACGGGTTCATTGGTGTCAGGCAAGGCGCATGACCCAGGCATCGGACTGGCGGTCGTAATGTTTACGGTAGAGAACGGAATGTTCGCCATTGAGAATCGCGGGCACGCTGGTGTCGGCATCCCAGGCGTCAAGCTGCATACATAAGTCTGGATCGGATTTGCAGGGTATGCTTAACGTTCGCTCACCCTGATGCTCACCGTGCAGTTCGGCATCGTCTATTTCGAACGCGCCGATGCGGACATTGGTTTTACTCATCGCTTCACCCCATTTTTCAGCTGAGTTGTGGTACGACCAGTTATGGCCGTTATTTTTCAGCGTAGTCAATGGGGCGAAAAGCGCCAGTCAAAAAGTGCGCATTTTTTGCGCGGCCTCACACCTTGCCGGCAAAAAGTTTTCCATCGCGCACCAGTTCGCGCGGATAGCTGTTCTTCAGTCGGGAGCCGACGCGCTTCGCCAGGCCCAGCGGAACGCCCTGGAAGGTCACAATGGTTTCATCCTGCCCAGGCGCGGTTTGCGGATAGACGTCGCGCCCGCGATACCATTCCTCCGCTTCCTCCTGCGACAGCTCGAAGGCGCGCTGCGGCGCGGCAAAGGCGATAACCGCCTCATGCTGCCAGCGGTACCCCTTATTGTGCAGTTCCGCCAGGCGCACGCCGATGCGAGAAAAGCGCACCTTGCCGAACAGGGGCTCCAAAGCCAGCGGAAACAGCCACAGCTCTTTATCCCGCTGCCACAGCGTATGGCCTGCGTCCCACTCCAGGCCAACAGCCCTGGCGGCGGCAGTTACCGCGGCGGCCTCCCGGTCCTTCAGCGGCGTAAACGGGAATTTACCGACCTTATAGCCTGGCGCCGGGAGCGGATCGATCGCCGCAGTTTTGCGCAACCTCGCGACAAAGAAGCCTTCGCAATCGTAAATTTGCGGAAAAACGTGCAGAAAACCTTCCGCGGTTAG
NZ_CP073782.1_gap43	2222843	2224152	1309	CGGCGCTATTCGCGTTGACCTGGATGGCAATCCGTGCGGCGAACTGGAAGAGCAGCACATTGCCCATGCGCGTCAGCAGCTGGAAGAAGCGAAAGCTCGCGTTCAGGCGCAGCGCGCAGCCCAGCAGGCGAAAAAACGCGAAGCCGCTGCGGCCGCAGGCCAGCAGGATGAAGGCGTTCGCCGCGAGCGTAAACCGCGTCCTCAGCAGCCGCGTCGTAAAGAAGGCGCTGAACAGCGTAAACCGCGTCCTGTTGCGGCCAAAGCCCCGCGTGAAGAGCGTCTTACTCCGGTATCGGATGTTTCCGTTCTGACCGTCGGCCAGGCGCTGAAGGTAAAAGCAGGCAATAACGCCATGGACGCCACCGTTCTGGAAATCACCAAAGATGGCGTTCGTGTACAGCTGACTTCTGGTATGTCAATGATTGTACGCGCAGAACACCTGGTGTTCTGAAACGGAGGCCGGGCCAGGCATGAACACATTTTTTAAAATCACCGCGCTTGCGGGCCTGCTGGCAATAGCAGGCCATGCATTCGCTGTTGATGACATAACCCGCGCAGATCAAATCCCCGTGCTGAAAGAAGAGCCGCAGCACGCGACGGTAAGCGAGCGCGTGACGTCGCGCTTTACCCGCTCTCATTACCGTCAGTTTGATCTCGACAACGCCTTCTCGGCAAAGATTTTTGACCGTTACCTGAACCTGCTGGACTACAGCCACAATGTGCTGCTGGCCAGCGATGTGGCGAAGTTTGCGGCTAAAAAAGACCAAATTGGCGATGAGCTGCGCAGCGGGAAACTGGACGTCTTTTACGACCTCTACAACCTGGGGCAGCAGCGCCGCTTCGAGCGCTATCAGTATGCGCTGAAGGTGCTTGAACGTCCGATGGACTTTACCGGCAATGATAATTTCAACCTTGACCGCTCCAAAGCGCCGTGGCCAAAAGACGAGGCCGAGCTGAACAAGCTGTGGGACGCTAAGGTTAAGTTTGACCAGTTAAGCCTGAAGCTGGCGGGTAAAGACGATAAAGAGATCCGCGACACCTTAACCCGTCGCTATAAGTTTGCTATCCGTCGCCTGGCGCAAACCAACAGCGAAGATGTCTTCTCGCTGGCGATGACCGCCTTCGCTCGCGAAATCGATCCGCACACAAATTATCTGTCGCCGCGTAATACCGAGCAGTTCAACACCGAAATGAGCCTCTCACTCGAGGGGATCGGCGCCGTGCTGCAGATGGATGATGACTATACCGTCATTAATTCGCTGGTGGCGGGCGGTCCAGCCGCGAAAAGCAAAGCGATCAGCGTCGGCGA
NZ_CP073782.1_gap44	2230953	2231479	526	ATTTTCTGTTAAATCAGTTGGTTGCAAAACAATGCCGGAGCTATGGTGCTAAAGAAAAAAACGAAGTCCGCCGCCAGTTTCACCCCGATTCGCTTCGGGTTACTGTGTGTGGCCATTCTCGGTTGTCTGGGGCTGCTGCTGGTCCGTGTGGGCTGGCTACAAATTATCTCCCCCGATAACCTGGTAAAACAAGAAGATATGCGCTCCCTGCGCGAAGAACCCGTAGCGGTTGAGCGGGGGATGATCAGCGACCGGGAAGGACGGCCGCTGGCGGTGAGCGTTCCGGTCAGTGCTATCTGGATCGACCCGCAGACCACTATGGAGAAGGGCGGTGTGGGCTATGGGCCCCGCTGGCAGGCGATGGCCGAAGCGCTGCACCTCAACCTCGGAGAGCTGGCCCAGCGGGTACAGAGTCATCCCCACGCTCGCTTTCTCTATCTGGCGCGTCAGATCAATCCCGAGCAGGCAGAGTGGATTGATAAACTGCATCTGCCGGGCGTCTACCTGCGCGATGAATCGCGACGGT
NZ_CP073782.1_gap45	2233217	2236956	3739	CATTTTCCGACGCTAGCTTCGACGCGGTAGTGCGCATTTACGCGCCCTGCAACGCCGAAGAGCTGGCGCGGGTGGTGCGTCCCGGTGGTTGGGTGATCACCGCCACGCCGGGTCCCCGTCACCTACTGGAGCTGAAAGGGCTGATTTACGATGAAGTTCGCCTGCATGAGCTGAAGACGGAAGCGATGCCGGGGTTCCGCCTGGAGGCTCAGCAGCAGCTGGCTTACCCGATGATCCTGACGGGAAGTGAAGCGCAGGCCCTGCTGCAGATGACGCCGTTCGCATGGCGGGCTAAAGCCGAAGTGCACGCCGCGCTGCGTCAGCAGCCGACCTTTGGTTGCCAGACCGATTTTATGATCCACTGCTGGCAGCGCGAAGCGTAAAGCTTAACCGGCGAAATGGCTCCAGAGGATTTCGCTGCCGATGCCAATCAGCACGATACCGCCGAGAATTTCGGCTCGTTTGCCAAGCAGCGGGCCGATAAAGCGACCGACCATCATCCCCAGCGTCGACATGATAAAGGTGGCGCAGCCGATCGCCAGCGCGGTGGTCACAATGCTGACCTGCAGGAAGGCCAGACCGACGCCGACGGCCATCGCGTCAAGGCTGGTGGCGAAGGCGGTGGTGACCAGAAGCCAGAAACCATGTCGGTGAGGCGCCTCGCACGCCTCGTCGCTGTCGCCGCGAAAACCTTCGACGATCATTCGCCCGCCGAGAAACACCAGTAAAATAAAGGCAATCCAGTGATTCCACTCGAGGATAAACTGGCTGGCCAGCATGCCAAGCCCCCAGCCGACCAGCGGCGTCAGGGTTTCAATGGCGCCAAAAATCAGCCCGGTGCGTACTGCCTCTGAAAATTTGGGTTTATGCAGGGTGGCGCCTTTGCCGATGGAGGCTGCGAAGGCGTCCATGGACATGCCGAAAGCGAGAAGAATGGTAGCGGATAAATTCATGTGCGTGTCCTGACCGGGGATAATCCATATGACACATCGCTGCCCCCAGTAAACATACGCGGAGCCGCTCAATGGCTGAGCAATACGTACAGCAGTGATGTATCTATGGTCTCGCCTGATTGAATCTCTTCAACCCGTACGTGCCACGTTTTGCAACGAGTATGTTGACACGTACATTTCCTGGCGGGCAGGAAATCGGCTACTCCCCAACGACGGGCGCAACCTTAACATATTTTTAGAATATAAAACAATAACAGAAGAGGGCTATTTTAATAACCAAATGATAACGATTTTCATTTAAATTTATAAGTGAAAAAATAGTTAATAAAAAAGATAAGGTTAGGCGGGAAATATAGCCGTGGCTATAATATGTCTCCGCTGCTAACGGGAATAATATAGCGCCGGCTATATTTTTAAGTCATTGAGTTGTAATGAGAAGTTTGTATATCTTCTCCAGATCGTCGATATTTCGTACGCGTATCAGCAGCCGCCGTTGCTCTAATTGCATCACCAGCACACCGTCCTCGGATAAATTCATCTCTTTAATCCGCTGATATTCTATCCACACGTTGGCGAAGAAAAAGCCGCGCGGTTTAAAAATGATTTTCGGCGTACGGATCCAGAATAAATAGAGCCCCATCAGCGCCAGCACAGATAATAGCCAGGTGGTGATCGCCGTGCCGTGCTGGGTGATGTTGTTATAGATCAGAATGGCGGTGAGGCCGACAAAGATCATGCCGTCAACGCGACTGCGGCGAAGCAGGGGGATGGCCAGCAGTACCGGGCCGTTTCGCCTCGGCATAATAAACTGGTCATATATCGCGTAGGCCAGTAGCGCAAGGATAAACAGGATGATCACCAGGTCCGTGAAGGTCATTGCTTTGCGTTTCTCCTGATAAAAAAAAGCCGGGGGCAAGCCCCCGGCGTACAGCCTGGAAATTACAGACCCAGCAGGCCGACCGCGTAGCCGGCGATACCGATGACGAAGAAGCCAACGATGATCCACAGCGGGTTAACTTTCTTACGCAGCAGCCACATACAGGCGAAGGTCAACAGCAGCGGCACCAGACCCGGCATCAGCTGATCAAGGATAGTCTGCACCGTGGTGACGTGAACCTGTCCGTCAGAGCCGGTGATTTTTGACACCACCATCGGAATGTTCACATGCGTCCACTTGTTAACCAGCGCCCCCATGACAAACAGGCCGAGGATTGACGCCCCCTCAGTCAGTTTCTGCAGGAAGCCGCCGCCCATATCTTTAACGATATCCACGCCTTTGCGATAACCATAGGCGACGCCGTAGTAACGGGTCAGCAGACGCACCGCGTTGAACAGGATAAAGAACAGCAGAGGACCGAGCAGGCTACCGCTCATCGCGATCCCGGCGCCTAAGGCTGCAAACACCGGACGCACGGTACCCCAGAAGATCGGGTCGCCAACGCCGGCCAGCGGTCCCATCAGACCGACTTTGATGCCGTTGATAGCGCCATCGTCAATCTCTGCGCCATTGGCGCGCTGCTCTTCCATCGCCAGGGTTACGCCCAGTACCGGAGCGGCAACGTAAGGGTGGGTGTTGAAAAACTCAAGGTGACGCTTAATCGCCTGCTTACGCGCATCGTTGTTCTCCGGGTACAGACGACGAATCGCCGGAACCATAGAGAAGCAGAACCCCAGCGCCTGCATACGTTCGAAGTTCCATGAACCCTGGAACAGGTTAGAACGAATGAACACGCCACGAATATCACTCTGTGTGAGTTTTTTCTCGGTGGTATTTTTAGTCATATCAACCATTTCGCTCACCTGTTAGTCCAGTTCGTTATCGAGATCGTTGTTACCAGCCGCCTGAGCCGGCGCACCGGCGACGCGGTTATATTTCGGGCTCAGCTGGATGTAGAGGATTGCCATGACCGCACCAATCACACCCAGGGCCACCAGGTTGAAGTTGGTGAAGGCGGCGGTGACGAAGCCGAGGTAGAAGAACGGCATCAGATAGCCTGCGCGCATCATGTTGATGACCATTGCATAACCGACAACCACGATCATACCGCCGGCGATGTTCAGACCGCTGGTGACCACTTCCGGGATAGCATTCAGCAGGCCCTGAACTTCGCTGGTGCCGACGGAAATCGCCACGATAACGGCCGGGATAGCGATACGCATCGCCTGCAGGAACAGGGACGAGACGTGCAGCCACGACAGGGCGGTCAGGTTACCATTCTCCGCCGCTTTATCCGCCGCGTGCTGGAAGGCCACGGTGATGGTGCGCACGATGATGGTCAGCACCTGGCCTGCCGCCGCCAGCGGGATAGCCAGCGCGATACCGGCGCCGATGCTCTGATGGCCGGCAATAACCAGGACGGTGGAAATAATGGACGCCAGCGCGGCATCAGGGGCTACCGCCGCACCGATGTTCATCCAGCCCAGGGCTATCATCTCCAGCGTACCGCCGATGATAATACCGGTTTTCATATCGCCGAGAACGGCGCCGATCAGCGTACAGGCGATCAGGGGACGGTGGAACTGAAATTCATCAAGTACCGACTCCATACCCGCAATACACGCGACGATGAACACCAGCACAATCTGAAGAAGGGTAATCTCCATTGTACTTCTCCTGTTGATTAAGTCTTAAAGTGAAAACTGGGGCGCGATCCGCCGGGTTATTTATCAACCTTAGCGATCAGATCCATCATTTTCAGTTTCGGGTCGGTGGACACTTTACGTGCCTCCAGCTCGATACCGCGGGCGTTCAGCTTTTTAAACGCCTCAATATCTTTGGCATCGAC
NZ_CP073782.1_gap46	2240603	2241474	871	TTCCCGCGAGAAACTCATTCTGCCGGCGGTGGCCAGCCAGGCGATGCCGGTCATTAGCAGGCTAAAAATCAGCGCCAGCGGCAGCTCGCCGGGCAGCTCCTCAAGCGCAATCGCCGAGGCGCCAGGGCCGTTAATATTGACAGTAAACGGAAACTCCGTAGAGCGCTGGCGATAAATCACCGTGCCCTGCGGTACATGCGCTTTTTCGAGAAGCCCATGGCGGCTGCTAAAATAACGATCGCCAACCTGCAGGCTGACGTCGCTGATCAGGGCCGATTTTTCATTAAGAATTAAGGTTCCCAACAGCTCAATATTCACCACCAGCATCACGCCGTCCAGGCCGTTCTCCGCGGCTGGATACCATTGGATCAGTACCGGCGAGCCTTTGAGCAAGGAGCTGTCGTTCGAGAAGAGCAGCAGAGGGCGGGGCGCAGGAAGCGCGGGCTGCAGGCGATGTAAGTCCGCCTGTCGCGGGCCAAAAATACTGGAACAGTAAACGATACCTGACGTGATGAGGGCGACGGAACGAATGGTTTGCAACGAGGCCGCCATTTTGCGCAGCGTCAGATGGATATCAGGGCAGGGTTTGCCCACCAGAGGGAGCAGGGTGGCTCGCTGCGCGCTTAGCGGGCGCAAGATGTCATTGAGCGCCGCCACCCGTTGGCTGGCGGCCGCGCGAATATAATCTTCATTTACGCTGCGCTGCGAAATAAATCGGATGGCTAATGTGGCGCCCAGGGTCGCCAGGGCTACCAGCAGGCAGACAATAATGCGTTTGTGACGATAGGCCGTAATGACTTTTTGTGCAGTCTGCATGTGCGACACCCTGTCGACAGGACGAGTGGTTAAGCGTGGCTTATTTTATAGAGCA
NZ_CP073782.1_gap47	2334996	2336245	1249	CAGGCTGCGCGACCGACTATTGGTGCTGCGCGAGGCGCTGGCGAGCGGCAATGAACCCGATCTGGAGTCCTGGCTACAGACGCTGGAGTTAATGAAAATGTACGATCGTTGGTTTAGTCAACAGGAGTTAGCCGCGCTGCCGTTTGCGGCACAGGATGAACAGCGGGCGCAGGCGTGGCGCGAGCTAACGGAGGAGGTGCAGACGCTGATGGCGAGCGGCTGCCCGACGGACAGTCCGCAGGCGATGCGTCTGGCGACGCGCTGGATGGAGCGCCTGGAGCAGGATACGGCCGGGCGTCCGGAGTTTCTGACCCGCCTGAACGAGATGCATGCCGCCGAGCCGCAAATGGTTGAACAGACCGGCGTCACGCCGGCAATCATCGCTTATATCACCGAGGCCTTTGCCGAAAGCAAACTGGCCATCTGGGCGCGGTACCTTGACGAAGAAGAGATGGCGTTCACCCGCCAGCACTATTTTGACCGGCTACAGGAGTGGCCTGCGCTGGTGGCGAAGCTGCATCAGGCGTGCCGGGAGGGCGTAGCGCCGGACTCGGCGTCGGGTCAGGCGCTGGCCCGGGCGTGGCTTGAACTGTTTCAGTCCTACGCCGGTACCCGGCCGCAGACGTTGCAGAAGTTTCGTCGGGCAATGGAGCAGGAGCCGCATTTGATGAAGGGCACCTGGATGACGCCGGCAGTGCTGAGCTGGCTGCAGCAGGCGACCGGATCCTTGATGCGGCAGGCGCAGGGACCTGCCGCCGGGTGATCACAGGTCAGCCAGCGCGGCCTGACGATCGGGGTAGAAGCTCAGGCGTCCGGGCAGCGGCTTGACGCCGGCGCGCGCTAGCGTGCGTAGCGGCTGAAACTCGAGGTTAGATACGCGCAATTCACAGCCTTCCGGCAGCTTGTTCACAAAGCGCTGGAAGGCATCCAGGCCACCGGCGTCGAGAACCGGCACCGCGTCCCATTTCAGCACCACGATGCGCTTGCCGGCGATCCGGGTCTCCAGATCGTTGAACAAGCCTTCGGCGGCGGCAAAGAACAGCGGCCCAATTACCCGCAGCACCAGCACATCGTCTGGCACCTCGACGTTGACCGGCGCCAGATGAGTCATGCGTGCGATACGGCGCATAAACAACAGCGAAGCCAGCACGATCCCGACGCTGATAGCGATCACCATGTCAAACAGCACCGTTAGCGACATGCACATCAGCATCACCACGATGTCATCCTTCGGCGCGTGGCGCAGCAG
NZ_CP073782.1_gap48	2337333	2338604	1271	CGGCGATCAGGTCACGCGTGAAGCGGGCGGTGGTGTACTTTTCTTTCCAACAAGCGTCGATGAGGGCGCGGAAAGGCATCACATGTGAGGAAAATAATCTGTTCACAATAATGTTTCATCCATGAGCGCATCATCTGTCAACTAAATGGCAGGTGAAGGAGGCATTGATCATACAAATAAGGTGCGGAGACAAAAAAACCCGCCGCAGCGGGTTTTTGTGCTGGGCTCGATTAATGTTCGAACATAGCAGAGATAGATTCTTCATTGCTGATACGGCGAATAGCTTCAGCCAGCATACCGGAGAGCGTCAGAGTACGCACTTTATCCAGCGCTTTAATTTCTGGTGCCAGCGGAATGGTATCGCAGACGACAAATTCATCAATGACAGAGTTTTTGATGTTCTGGATAGCGTTGCCGGAGAAGATTGGGTGCGTCGCGTAAGCGAATACGCGTTTCGCGCCACGCTCTTTCAGCGCTTCTGCCGCTTTACACAGGGTGCCGCCGGTGTCGATCATATCGTCGACCATCACGCAGTCACGACCGGCAACGTCGCCGATGATGTGCATCACCTGGGAGACGTTGGCGCGCGGACGGCGCTTGTCGATGATAGCCATATCGGTATCATTCAGCAGTTTAGCGATAGCGCGGGCACGCACGACGCCGCCGATGTCCGGAGAAACCACAATCGGGTTGTCCAGGTTCAGCTGCAGCATATCTTCCAGCAGGATTGGGCTGCCGAACACGTTATCGACTGGCACATCGAAGAAGCCCTGGATCTGTTCTGCGTGCAGGTCAACGGTCAGCACGCGGTCAACGCCGACGCTGGACAGAAAATCCGCCACCACTTTCGCGGTGATTGGCACACGAGCAGAACGAACACGACGGTCCTGACGAGCATAACCGAAGTAAGGGATAACGGCGGTGATACGACCTGCCGAAGCACGACGCAGAGCATCAACCATAACAACCAGTTCCATCAGGTTGTCATTGGTGGGAGCACAAGTGGACTGGATGATGAAAATATCACCACCGCGTACGTTTTCATTGATTTGTACGCTGACTTCGCCGTCGCTAAAACGACCTACAGCGGCGTCGCCAAGAGAAGTGTACAGGCGGTTGGCAATACGTTGTGCTAGTTCCGGGGTGGCGTTACCAGCAAAAAGCTTCATATCAGGCACGAGAAGAACCTCAGGCATGCGTCCAGTGGTGGATGAATGGGCCAATAATGTGCGGGATGGCGCCATTCGATCCAGTCGGTGTATTTAAAGAGC
NZ_CP073782.1_gap49	2340478	2344010	3532	GAACGCGTCACGTTTTCGCCGGAAACGCTCGATAAGGCGCTGGAGAGCTTGCTGGCTCAGCCGATGGTGCAGGGTGGGGTGGTGCTGTCGACCTGCAACCGCACGGAACTCTATCTCAGCGTCGAAGAGCAGGATAACCTGCAGGAAGCGCTGATCCGCTGGCTGTGCAACTACCACGGCCTCAACGAAGAAGACCTGCGAAAAAGCCTTTACTGGCATCAGGATAATGACGCCGTCAGCCATCTGATGCGCGTCGCCAGCGGCCTCGATTCGCTGGTGCTGGGCGAGCCGCAGATCCTCGGCCAGGTGAAAAAAGCCTTCGCCGACTCCAGCCGCGGCCATCTTAACGTCAGCGAGCTGGAGCGGATGTTCCAGAAATCCTTTTCAGTGGCTAAGCGCGTGCGTACCGAAACCGATATCGGCGCCAGCGCGGTCTCTGTGGCTTTCGCCGCCTGTACCCTGGCGCGGCAAATCTTTGAATCGCTCTCCAGCGTCACCGTGTTACTGGTCGGCGCCGGGGAAACCATTGAGCTGGTAGCGCGCCATCTTCGCGAACATCACGTGCGCAAAATGGTGATCGCCAACCGCACCCGTGAACGCGCCCAGGCGCTGGCGGAGGAAGTGGGCGCCGAGGTGATAGCCCTCAGCGATATCGACGAACGGCTGAAAGAGGCCGACATCATTATCAGCTCCACCGCCAGCCCGCTGCCGATCATCGGCAAAGGCATGGTGGAGCGTGCGCTTAAGGCGCGGCGTAACCAGCCGATGCTGCTGGTGGATATCGCCGTCCCGCGCGACGTTGAACCAGAGGTCGGCAAACTGGCTAACGCCTACCTCTACAGCGTCGACGATTTGCAAAACATCATTCAGCATAACCTGGCGCAGCGTAAGGCTGCCGCGGTGCAGGCCGAATCGATCGTCGAGCAGGAAACCAGCGAATTTATGGCCTGGCTGCGCGCGCAGAGCGCCAGCGAGACCATTCGCGAATACCGTTCTCAGTCTGAGCAGGTCCGTGAGGAGCTGACGGCGAAAGCGCTGGCCGCGCTGGAGCAGGGCGGTGATGCCCAGGAAATTATGCAGGATCTGGCGCGCAAGCTCACTAACCGCCTGATCCACGCGCCAACCAAATCTCTTCAGCAGGCCGCCCGTGACGGGGACGACGAACGTCTGCATATTCTGCGCAACAGCCTCGGGCTGGAATAGCGCACCTTTCTCTTATTTTCAGGACAGGGTGAATTCACGCCTATGAAGTCTTCTATTGTTGCCAAACTGGAAGCGTTGTACGAGCGCCATGAAGAAGTGCAGGCGCTGCTCGGCGATGCCGCGACGATTGCCGATCAGGATAAATTCCGCGCGCTGTCGCGGGAGTATGCTCAACTGAGCGATGTGGCGCGCTGCTATACCGACTGGCGTCAGGTGCAGGAGGATATTGAAACCGCGCAGATGATGCTCGACGATCCGGAAATGCGCGAAATGGCGCAGGAAGAGCTGCGTGACGCCAAAGAAAAAGGCGACCAGCTGGAGCAACAGCTGCAGGTTCTCCTCCTGCCGAAAGATCCTGATGACGAGCGTAACGCCTTCGTGGAAGTGCGCGCCGGGACCGGCGGCGACGAAGCAGCGCTGTTTGCCGGCGATCTATTCCGCATGTACACCCGTTACGCAGAATCGCGCCGCTGGCAGGTAGAGATCCTCAGCGCCAACGAAGGTGAGCACGGCGGCTTTAAAGAGGTGATCGCCAAGATCAGCGGCGACGGCGTTTACGGTCGGCTGAAATTTGAATCCGGCGGCCATCGCGTGCAGCGTGTGCCCGCCACCGAATCGCAGGGGCGGATCCACACCTCCGCCTGTACGGTGGCGGTGATGCCGGAGCTGCCGGAAGCCGAAATGCCGGACATTAACCCGGCGGATCTGCGCATCGATACCTTCCGTTCCTCCGGGGCAGGCGGTCAGCACGTTAACACCACCGACTCGGCTATCCGCATTACCCACCTGCCCACCGGCATCGTGGTGGAGTGCCAGGACGAGCGTTCTCAGCATAAAAACAAAGCCAAGGCGCTGTCGGTGCTGGGCGCGCGCATCCGCGCCGCCGAAGTGGCCAAACGTCAGCAGGCGGAAGCCTCCACGCGCCGCAACCTGCTGGGCAGCGGCGACCGCAGCGACCGCAATCGCACCTATAACTTCCCGCAGGGCCGCGTGACCGACCACCGCATCAACCTGACGCTCTACCGTCTGGATGAGGCGATGGAGGGCAAACTCGACATGCTGATTGAGCCGATTGTCCAGGAACATCAGGCCGATCAGCTGGCGGCGCTGTCCGAGCAGGAATGATGACCTTTCAGGCCTGGCTGCAGCAGGCGATCGCCCGCCTGGCGGAGAGCGACAGCCCGCGACGCGACGCCGAGATCCTGCTGGGACACGTTACCGGCCGGGCGCGAACCTGGATTTTGGCCTTCGGTGAAACGACGCTTTCTGCTGACGAGGCGGCGAGGCTGGAGGCGCTCCTGGTGCGACGCCAGCGCGGGGAACCTATTGCTCATCTGGTCGGGCAGCGCGAGTTTTGGTCGCTGCCGCTGTTCGTCTCCCCGGCGACGCTGATCCCCCGCCCGGATACCGAATGTCTGGTAGAGCAGGCGCTGGCGCGTCTGCCAACCGCGCCGTGCCGTATTCTCGACCTCGGCACCGGGACCGGCGCCATTGCCCTGGCGCTGGCCAGCGAACGTCCGGACTGTGAGGTCACCGCGGTGGACGTGATGCCGGACGCCGTGGCGCTGGCGTTGCGCAATGCCGAACATCTGGGCATCGCTAACGTGACGATAAGTCAAAGCGACTGGTTTAGCGCGCTGGACGGGCAGCGCTTCGCCACGATCGTCAGCAATCCCCCCTATATCGACGCCGCCGACCCGCATCTCGCCGAAGGCGATGTGCGCTTTGAGCCGTTGACGGCGCTGGTCGCAGGCGACCAGGGGCTGGCCGATCTGGCGCATATCATCCGCGAGGGACGGCAGTATCTGCAGCCCGGCGGTTGGATGCTGCTGGAGCATGGCTGGACTCAGGGCGAGGCGGTTCGCGCGCTGTTCCGCGAAGCGGGCTATCTGGACGTCGCGACCTGTCGCGACTATGGCGACAATGAGCGTCTGACCCTCGGACGTTTACCCGACATGGAGAATGTTGGCTGATGAACTTATTCACGGCTGTCCTCTACCTGCACATTGCCACAGTGGCGGTGTCGGTAGGATTGTTCGTTTTACGTTACTGGTGGATGTATCACCAGAGCCCGCTGCTGAACCAGCGGTGGGTGCGAATTGCACCGCACTGCAGCGATACGCTGCTGTTTCTCAGCGGCGCGGGGTTAATGGCGATAACGCACTACCTGCCGTTCACAGAAGACGGCGCATGGCTGACTGAAAAGCTGTTTGGCGTTATCATTTACATCGCATTAGGTTTTATCGCGTTGGGCCGTCGTCGTCCGCGCAGCCAGCAGAGCCGCTTTATCGCGTTCCTGCTGGCGCTGGTGGTGTTGTTTATCATCATT
NZ_CP073782.1_gap50	2347454	2351265	3811	TCGCTTGCCAGCGCCCCGCTGATTGCTTATTCAAAGATAAAGCTGGATAATATTTCAGCAATATTGACGGATGCATGAGACGAACGCCGGGAAGCGGGCAGTGGCGGAGGTAGTAAACAGTGTTAACTCGTGATTTCTTAATGAATGCGGATTGTAAGACAGCGTTTGGCGCTATTGAGGAATCGCTACTCTGGTCGGCAGAACAACGTGCAGCCTCGCTGGCGGCGACGCTGGCCTGCCGCCCGGATGATGGCTCAGTATGGATCTTTGGCTACGGTTCGCTTATCTGGAACCCGGCGCTCAATTATCGCGAGTCCTGCACCGGCACGCTGCCGGGCTGGCACCGCGCGTTTTGCCTGCGGTTGACCGCCGGGCGCGGTAGTGCCTGCCAGCCGGGACGCATGCTGGCTCTCAAAGAGGGCGGCCGAACCACCGGCGTCGCCTATCGTCTGCCTGACGACACGCTGGAGGAGGAGCTGACCCTGCTGTGGAAGCGGGAGATGATCACCGGCTGCTATCTGCCCACCTGGTGCAAGCTGGAGCTGGACGACGGACGGACGGTGAATGCCCTGGTGTTTATTATGGATCCGCGCCATCCACTGTTTGAACCGGATACCAGTGCCCAGGTTATCGCCCCGCTGATCGCCCGGGCCAGCGGGCCGCTCGGCACCAACGCCCAGTATCTGTTTTCGCTTGAGCAGGCGCTGCGCAAGCTGGGCATGCACGATGCCAGTCTCGATGACCTGGTGGCCAGCGTCCGCGCGCTGTTGGGCGAGAGTCCGACGCCGGGCCTGGCCTGAGCGCGCGCAAAAGAAAACGCCCGGCATGACCGGGCGTCCGATTGCTGACCAGTAAGGAAAAAGCGTGGTTTTTCCTTACTGGTGGTTATCAGCCGAAAATCAATAAATTGATTTTCCTTGTTATTTTTCTGGTGCAATCTGCAAGTACAATGATTGCATGAGGTTTGTCATGAATCCCACGCCCGGCATGACCGGGCGTGTGTTCTGGCAGTGACGGTCAGGCCGGCACGTAGCTGATGGAGTGCTCCAGCGACTGGCTGTGACTGTCGATAAGCACGTTCCAGGTGCCGCTGTAGGGCACCGTCAGATAGGCGCTGTCCCGATCCTGCACGCTCAGAATATCCGCATGACTGTCGCCCGGGACCTTCGCGCTCATCAGATGAATATGGCAGCGCTCTGAGCACCGCACCACCAGCGTGTCACCACCAAATAACGTCAAACTTGCTTTAACCATCGCCATTTTATACCCCGTTTCTGTCCCGCTACAGCATCCTGCCCACCCAGTCCTCGCGTGATATTGTTCACACTTTGCTCTGTGCATCACACCAAACGGCGCGGGTCGGGATGCTGATTTTGATCAAAAAAAGGGATAAAGATTAAACAAAAATGACGTTGTTCCTGAAAGCATTCAGCTAACGTTTTTTTTACCTCTGCAGGCGGCGAAACCTGATATTTCCTGCCGTTTGGCGCCCCAGATTCAGAAGGTCAGCACTTTATCTGCCGCCAGGGTCCACTGGGCCAGCTCAACGAGAGTGCCAACCTCCACGCCGTCAACCAGCGGCAGTACGCTGACCCCGCGGCCGTCCGCGCAGGTTTTACACAGCTTCACGGGAACCTGCTGGGCGGTGAGGATCTCCAGCATCTGCTGCACATTATACCCTTCTGCCGGCTTCTGCCCCCGCAGCCCGGCGGTGACGGCGTCGGACATCAGAAACAGCTTGAGATCGAGGTCGGACTGCTGCTCGCGCAGGGCAATGGCCAGGCGCAGGCTGTTGAACAGGGATTCGCTGCCGTAGGCGGCGCCGTTGGCGATGATCACAATACGTTGCATACAAACTCCTTCTTAAAGGCACGGTTATTGCTTTAGGAAGTATAAAGCGTTAACCCGGAGGAGGGGTATGAATAATACGACTGGTCATGCGCACGATGCGACGGCCTGGCTGCAGCTGGCGCGTCGCCTGCAAAAACAACAGCTTCAGCAGCTTAGCCAACTGGGGGAACTGGCCAGCCAGCTCAGCGCGCTGGTGCATATGCTGCAGTGTGAGCGCGGGGCGTCGAATATCTATCTTTGCTCGGGCGGCTTGCTGTATACAGCGGAGTGTCGGGCGGGAGGGGCGCTGGTTGACGAGCGGCTAGCCCTGTTTTATGCCAGCCTCGAACGGGCGCGCGCGGTAGCCGGCAGCGCGCTGTGCTGGCGTATCGCCAGAGCGGTTGACGAGCTGGCGCAGCTCCCGGCGCTACGCGCGCAGATCGGCCGCCGGCAAATTGCCGCTGAAGCCGCGACGGAGCAGTTCAGCCGCGTCATCCGCCATCTGCTGAACATCGCCCCGCAGCTCAATGACAGCATTGACGATCCGCCGGTGGCTGGTCGGATGGTCGCCCTGTACAGCTTTATGCAGGGAAAAGAGCTGGTGGGCCAGGAGCGCGCGCTGGGAGCATTGGGCTTTACCCGCGGCGAGTTCAGCGACAGCCTGCGCCAGCAGCTGGTGGACCGTATTGACGGTCAGCAGCCCTGCTTCGACAGCTTTCAGGCGCTGGGCAGCCCGGCGACCGTCCAGTTGTTCAGAACCCAGTGCCACGCCGGTCTGGATATTGAACAGCTGCGGCGGATCGCCTGTACCCGCCAGCCGGCTGCCGACGGCGGGGAAACGGCGCTGCGCTGGTTTGGCCTGCAAACCCAACGGCTTGAGCAACTGCGCGAAGTGGAAGAGCAACTGATCGACGATCTGCTGGATGCCACCGACGCGCTGTTAGCAGACGACGCGCCTGGCTGGCAGGCCGGAGAGGAAGACGATAGCGTGACGCCACGGCTCGATAAACAGCTACTGCCGCTGGTGCGCCAGCAGGCCTATGAGCTGCAGCAGCTCTCCAGCCAGCTGGCCTCGCTGAAAGACGCGCTCGAAGAGCGCAAGCTGATCGAAAAAGCGAAAAGTCTGCTGATGACGCACCAGGGAATGCAGGAGGAGCAGGCCTGGCAGACGCTGCGCAAGATGGCCATGGACAAAAATCAGCGTATGGTTGAGATAGCCCGCGCGCTGCTGATGGTGAAGGCGATTTGGCCGCTAACACCAAAGGAGTAGATGCACAATCGATGGGCATTCTTTGCCTGCCGGCGGTGCACTTTTAGGTGAAAAACCGGCCAGCGTTGGGAAAAAGCCCGCCAGCGCGCTATTGCCAAAGCTGGCATCCCGTTTGCATTACTTATTAAGTGAATAAAAGTCCGGGCAACGAACCAATGGCGGTTCGGGTGTCCGTGGATAAAGGCGTCCTGCAGTGCGTATGCACTGTCGGGCGCTTTTTTTTTGCGCATGGTGGAGCGGATATGGGCGACAAATTTTCAATTTCCCGGCGGCGCTTGCTGCAGGCAGGGGCCGCGCTGGGCGGCGCGATGCTGCTGCCGGGCGTGATGCAGGCCGCCTGGGCCGGCGGCTCGGACAAACCGGAGCAAACCCGCGTGCGGGTCGGATTTATTCCGCTGACCGATTGCGCGCCGCTGGCCATCGCCGCGGCGAAGGGGTTTGACCAAAAATATGGCATCACCCTGGTGGCGAGTAAGGAAGCCAGCTGGGCGGCGGTGCGCGACAAGCTGGTGGCCGGCGAGCTCGACGCGGCGCATATTCTCTATGGCCTGCTGTACGGCCTCGAACTGGGGATCGCCAGCAAGCCGCAGGCGATGGCCAATCTGATGACCCTCAACCGCAATGGCCAGGCGATTACCCTCTCCAGCGAGCTGCAGGAGAAAGGGGTGACCGACCTCGGCGGGCTGAAGCGGCTGATCGACCGCAGCGCGC
NZ_CP073782.1_gap51	2352495	2356006	3511	AGCCCGCTGGCCTGGCTGCCAATTGGCCTGCTGCTGTTCCAGAAGGCGGAGCCGGCTTCCAGCTGGACCATTTTTATCTGCTCCATCTGGCCGATGGTGATCAACACCGCGGAGGGTGTGCGGCGGATCCCGCAGGACTATCTCAACGTCGCCCGCGTCCTCCAGCTCTCGGAGTGGACGGTGATGCGCAAAATCCTCTTTCCGGCGGTGCTGCCGGCGGTGCTTACCGGCGTGCGCCTCTCCATCGGCATCGCCTGGCTGGTGATCGTGGCGGCGGAAATGCTTACCGGCGGGCTGGGGATCGGCTTCTGGATCTGGAACGAGTGGAACAACCTCAATGTGGAAAACATCATCATCGCCATCGTCATTATCGGCGTCGTCGGCCTGCTGCTGGAGCAGGGCCTGATGCTGCTCGCTCGCCGCTTTAGCTGGCAGGAAAAATAAGGAGCCAACATGAAACCATTAATTCAGGTGCAGGCCGTCAGCCAACGCTTCAACACCGCCAGCGGCGAGTTCCTGGCGCTGCAGAATGTCTCCTTCGATATCGTCGAAGGGGAGACCATTAGCCTGATCGGCCACTCGGGTTGCGGAAAATCGACCCTGCTGAACCTGATCGCCGGGATCACCACCCCTACCGAGGGCGGACTACTGTGTGATAACCGGGAAATCGCCGGTCCCGGGCCGGAGCGGGCGGTGGTTTTCCAGAACCACTCGCTGCTGCCGTGGCTGAGCTGTTTCGACAATGTGGCGCTGGCGGTGGATCAGGTGTTCCGTCGCACCATGAGCAAGAGTGAGCGCCGGGAGTGGATCGAACACAACCTGGCGCGCGTACAGATGGGTCATGCGCTGCACAAACGTCCCGGGGAGATCTCCGGCGGCATGAAGCAGCGGGTGGGTATCGCCCGGGCGCTGGCGATGAAGCCGAAAGTGCTGCTGCTTGATGAGCCCTTCGGCGCCCTGGATGCGCTGACCCGCGCCCACCTCCAGGACACGGTGATGCATATCCAGCAGGAGCTCAATACCACCATCGTCATGATCACCCACGACGTTGATGAAGCGGTGCTGCTCTCGGATCGGGTGCTGATGATGACCAACGGTCCGGCGGCGACGGTCGGCGAGATCCTCGCGGTCGATCTGCCGCGTCCGCGCCACCGCGTTCAGCTGGCGGACGACAGCCGGTATCACCATCTGCGCCAGCAGATCCTCCATTTCCTGTATGAAAAACAGCCGAAAGCGGCGTAAGGAGGCGGTCATGACGCGGCGACTGGTGGTGATCGGTAACGGCATGGCGGCCACCCGGCTGGTGCAGCGGCTGGTTGAGCGCGACCCCGCGCGGTTTGCCATTACCGTCGTCGGCGACGAGCCGTACCCGGCCTATAACCGCATTCAGCTCTCGCCGCTGCTGGCAGGTGAAAAAACGGCGGCGCAGATCCCGTTGCTGCCGGCGGAGTGGTATACCCGGCACGGGGTGTGCCTGCGGTCTGGCGAGGCGGTCGATGAAGTCGATATTCAGCAACGGCGGCTGCGCATCGCGGAAACCTGGCTGCCGTGGGATGAGCTGGTGTTCGCCACCGGTTCGCGGCCCTTTATCCCGCCGCTGCCGGGCAGTGATCGTCCGCAGGTTATGCCCTTCCGCACCCTGGCGGACGTGGAACGTATTCTGGCGATACCCGGCCCGGCGGTGGTGATTGGCGGTGGCGTGCTGGGGGTGGAAGCGGCGGCGGCGCTGCGTCGTCACGGCGGAGAGGTCACTCTTCTGCATCGCGGCAGCGGATTAATGGCGCCGCTGACCGACGCTTTTGCCGCCGATGAGCTCAGGCAGCAGCTTGAAGCGCGCGGCATTCGATGCGTGCTGGAGTGCCGCATCGCCGCCATCGACGCCGATGGCGTGCGGCTGGCGGACGGGCGCGTATTCCGCGCCGCCAGAGTGGTGCTGGCTACTGGCGTGCAGCCTGACAGCCGTCTGGCGGCGCAGTCCGGCGTGCTGTGCCAGCGGGGGATCGTGGTCGACCGTCAGATGGCCTCCTCGCTGCCGGGGATCAGCGCCATCGGCGAATGTTGCGAAATTGACGGCCAGACCTGGGGACTGGTGGCTCCCTGCCTGCGTCAGGCCGAGGTGCTGGCGGATCGCCTGTGCGGCGCCCCCGGCGAGGGCTTTGTCTGGCAGGACGCCGGGACCCGCCTGAAGGTCACCGGCATTGAACTCTTTAGCGCTGGCGAGCAGCAGGCCGGCGAACAGGATGACATTTATACCAGCTGGGACCCCATCGACCGCCACTATCGCCGCCTGCTGCTGCGCGATGGCCGCCTGCGCGGCGTGCTGCTGATGGGCGACTGCACCGCCGCCGCCGCGCTTACCGCGCGCCTGGAAAGCGATGAGCCTGCCACCGTGGACTGGCTTTTTGACCCCTCTTCAACGCAGCCGCAGGCTGCAGGAATAATGACGATGACGAAACCTGTATTAGTGCTGGTGGGACATGGCATGGTCGGCCACCATTTTCTCGAACAATGCGTGAGCCGCAATCTGCATCAGCAATATCGAATCGTGGTGTTTGGCGAAGAGCGTTATCCCGCCTACGACCGGGTACATCTCTCCGAGTATTTTGCCGGACGCAGCGCCGAGTCGCTGTCGCTGGCGGCCGGGGATTTCTTTATTGAACACGGTATTGAACTCCGCCTCGGCGAGGCGGTGGCGAGCATCGACCGCGACGCACGGCTGGTGCGGGACGCCGAGGGGCATGAAATCCACTGGGATAAACTGGTGCTGGCGACCGGCTCGTATCCCTTTGTGCCGCCAATCCCCGGTAACGATCTCGCGGGGTGCTTTGTCTACCGCACTCTTGACGATCTCGACCGTATCGCCGCCCATGCCGCCGCGGCGAAGAGCGGGGTGGTTATCGGCGGCGGGCTGCTCGGGCTGGAGGCGGCCAACGCCCTGAAACAGCTGGGGCTGGAGACGCAGGTGGTGGAGTTTGCCCCGAACCTGATGGCCGTCCAGCTGGATAACGGCGGGGCGGCGATGCTCCGGGAGAAGATCGTCGCCCTCGGCGTGGGGGTGCATACCAGCAAAGCGACCACCGCCATCGTGCGCGAGGCCGACGGCCTGCGGCTGAACTTTGCCGACGGCGGCGCGTTGCGGACCGACATGGTGGTCTTCTCGGCGGGGATCCGCCCGCAGGACGCGCTGGCCCGCGGCTGCGCGCTGCAGGTGGGCGAACGCGGGGGAATTCACATCGACGGCCAGTGCCGTACCTCTGACCCGGACGTGCTGGCGATAGGCGAATGCGCCCTGTGGGACAATAAAATTTACGGTCTGGTGGCGCCGGGCTATCAGATGGCGCGCATCGCCGCGGCCACTCTCGCAGGAGAGGACGCCTGCTTTAGCGGCGCCGACATGAGCACCAAACTGAAGCTGCTGGGAGTCGACGTGGCCTCGTTTGGCGATGCGCAGGGGCGCACGCCGGGCTGTCAGAGCTATCAATGGACCGACGGTCCGCAGCAGATTTACAAA
NZ_CP073782.1_gap52	2363396	2367253	3857	GCGTTGTTCCCCCATCCGGCAGCGGCGGCAGATTGCGTGGACAGAGGTAGCAGCCTTTATCATCACAGTCATCATCCGAGTGGCAGGTAAACTCCTGGTGATTATCTTCGTCTTCCAGGTCGTAAACCCGTACCTCGATATCGCGCAGCAGCGTCAGCCCCTGCAGGCCATTCAGTACCGGCGAAATACGTTCGCAGAGCGGGGCGCTGGAGTGCAGCCGGCGGTTGGCCTGCCATAAGAAAGCGAGGATCTCGTTCTTCTGCTCCAGTCCGGCAGTCTTCTCCTGCACCCGCCGCTCGAGCACGGCATAGCTTTCCGCCAGCTCTTCCGACATGTTATTCAGCGCCATGCCCAGGGTCGCCATTTCGTTGCGGCCGCTGATGTGCGCCCGCTGGGTGAAATCACGCTGACTCACCGCGCGCGCCATGCTCAGCAGCTGTTTCCACGGCCGCAGCAGACGGGCGCGTAGCCAGATGATAGTGAAGATCAGCAGCAGCGCCATACCAATGGCGAGGATGCGATGGATCCAGACCACCCGTTCGATACGCTGCTCGGTGGTGTGGTCGAATGCGGTGACCAACTGGTCGATACGATCGACAAAGTCGGCGACATCCTGGGCCACTTCCGCCTGATTGACTGCGCGCTGCATCCCGGGGGCCAGCGCCAGCTGCCAGTACTGCTGTAGGGCTTTAAGCTGGATTTCCTGGCCGTCGCGGCGGGCGGAATTTTGCAGCTCCGGGCTGAAGACGGTGGCGGTCATGTCCGCCACCAGTTTTTGATCGTTTTCATTCAGCGGGATCGCCGCCAGCAGCCGGTAGCTTTGCATACGCAATGAACCGGCCTTGTTAATGGCGTGCGCGCTGCCCTGCACGCCGTTCACCAGGCGCGCGGAGATCGCCATGCCGGCGACGCCAATAATCGTGGCGAGCAGCACGATTAACGCCAGTTGATTGACCAGCGTCAGCGGGGTAAAAAGACGTTTTAACATGGAATGCGTGGCTCCTGACCGGTCATGTCTCCGGGAGTGGCGCTTATTCTCGACTATCCCCTGGAGTATACCCATACCCCCAAAGAGTTACTCCTTAATTGTCGGTGGTAGGCGATGTTAGGGGGGGGATTATACGCAACCCGGCAGCAGCGTGAAAAACCACACTTTTTTCCCCGCCATTCTCTACTCACTTGGAGGCATGGTTTATTTTTGCACAAATTAGCTCGCGCTTTTCCTTTGATTTATATCAACTTACCGCCCCGGGTAACCCCTAAGGTAGCGGCAGGAAATATGAATAATCAGAGGTATCTATGAGTCAATCTTCCCTCCCGGAGAAGGCTAACCGCTCGGTCATAACCGACTGGCGGCCTGAAGATCCTGAATTCTGGCAACAGCGCGGCCATCGTGTGGCAAGCCGCAATTTATGGATCTCCGTTCCCTGTCTGTTACTGGCGTTCTGCGTTTGGATGTTGTTCAGCGCGGTTGCCGTTAACCTCAACAAAGTAGGCTTTCAGTTTACAACCGATCAGCTGTTTATGCTGACCGCGCTGCCGGCGCTGTCAGGCGCCTTATTACGCGTGCCTTACGCCTTTATGGTGCCGCTGTTCGGCGGCCGTCGCTGGACGGCGTTCAGCACCGGGATCATGATTGTGCCGTGCGTCTGGCTGGGCTTCGCGGTCCAGGATACCTCTACGCCGTTTAGCATCTTCGTGATTATCTCTCTGCTGTGCGGCTTCGCCGGAGCCAACTTTGCCTCCAGTATGGCCAACATCAGCTTCTTCTTCCCGAAAGCGAAGCAGGGCGGGGCGCTCGGTGTTAACGGCGGACTTGGCAATATGGGCGTCAGCGTGATGCAGCTGGTCGCGCCGCTGGTGGTCTCGATCTCTATCTTTGCCGTTTTTGGCGGTAACGGTAGCGAGCAACCGGACGGCTCGATGCTGTATCTGGAAAACGCCGCGTGGATCTGGGTACCTTTCCTGATTATTTTCACTCTGGCGGCGTGGTTCTTTATGAACGACCTGTCGGCTTCGAAAGCGTCGCTGAGCGAGCAGTTGCCGGTACTTAAGCGCCTGCATCTGTGGATTATGGCGCTGCTCTATCTCGCGACCTTCGGCTCCTTTATCGGCTTTTCCGCCGGGTTCGCGATGCTGTCAAAAACTCAGTTCCCGGATGTGCAGATCCTGCATTACGCCTTCTTCGGCCCGTTCATTGGCGCGCTGGCGCGTTCGATGGGCGGGGCGATCTCCGACCGCCTCGGTGGGACCCGCGTAACGCTGGTCAACTTTGTGGTGATGGCTGTCTTCTGCGCGCTGCTGTTCCTGACCCTGCCGACCAACGGCCAGGGCGGTAACTTTATCGCCTTCTTCGCGGTGTTTATGGTGCTGTTCCTGACCGCCGGGCTGGGGAGCGCCTCCACCTTCCAGATGATCTCCGTGATCTTCCGTAAGCTGACTATGGACCGCGTGAAGGCCCAGGGCGGCAGCGAAGCGCAGGCGATGCGCGAGGCGGCGACCGATACCGCGGCGGCGCTGGGCTTTATCTCCGCCATTGGCGCTATCGGCGGCTTCTTTATTCCGAAAGCGTTCGGTATCTCGCTGGATCTGACCGGCTCGCCGGCCGGGGCGATGAAAGTGTTCCTCGTGTTCTATATTGCCTGCGTGGTGATCACCTGGGCGGTATACGGTCGTAAGCGTCAGTAATCGGCCGCGGTAACGTTGGCGTATAAAAAGGCGCGCTCCCCACGGAGGCGCCTTTTTTCACCGCTTAATTAGTTACAACATACTATGGGATAATATTATCCGCATCGACCGCTGAGCCAGAACAGGTGGGCTTGCCAGTGAAATGGCTCTACCCCTTAATACCTCCGTTGTTAACAAATCCCGGCGTGACGCTGCTTTTTGAGGTGAAAATCATTAAAAAACAATAAGTTAAAAAATAACATCTTATACCACCTTGGTGGTAATCGAGGTTTTGCTGCGCAGTAACAAGCCAGTTCGGATTGATCGCTATCAATTCTCGCCCTCTTTCATAGCGTTACCTTCGCTGCAAATCCAGCAATGTCGATTTATCAGAGAGCCGTCAGGCTCCATATCAGGAGAAACCCGATGAGTAAATTCCTGGACCGGTTTCGCTACTTCAAACAGAAGGGTGAAACCTTTGCCGATGGGCACGGCCAGCTTCTAAACACCAACCGGGACTGGGAGGATGGATACCGTCAACGTTGGCAGCATGACAAAATTGTGCGTTCCACTCACGGTGTCAACTGCACCGGCTCATGCAGCTGGAAGATTTATGTCAAAAACGGTCTGGTGACCTGGGAAACGCAGCAGACTGACTACCCGCGCACCCGCCCGGACCTGCCGAACCACGAACCACGCGGCTGCCCGCGCGGCGCCAGCTACTCCTGGTACCTGTACAGCGCTAACCGCCTGAAATACCCGCTGATGCGTAAACGCCTGATGAAGATGTGGCGGGAAGCGAAAGTTCAGCATAGCGATCCGGTTGAGGCATGGGCGTCGATTATCGAAGACGCCGACAAAGCCAAAAGCTTCAAACAGGCCCGCGGTCGCGGCGGTTTTGTACGTTCCTCCTGGCAGGAAGTGAATGAGCTGATTGCCGCCTCCAACGTCTATACCGTCAAAACCTACGGTCCGGACCGCGTGGCTGGCTTCTCGCCGATCCCGGCGATGTCGATGGTCTCCTACGCGTCCGGCGCCCGTTATCTGTCGCTGATCGGCGGCACCTGCCTGAGCTTCTACGACTGGTACTGCGACCTGCCGCCGGCTTCGCCGATGACCTGGGGCGAGCAGACCGATGTGCCGGAATCCGCCGACTGGTATAACTCCAGCTATATCATCGCCTGGGGCTC
NZ_CP073782.1_gap53	2465929	2470046	4117	TCCTTCTCCTGTTGCGTAATCAGATAAACGAATCGGCAATCATGGTATATCATACCGCGCATTATTGGGCGAAATTCGCCGTGGCAGATAGACTTATACCCGACATACTCGGGGGAGCGAGGGAAGCCAGCGCCACGCAACAGGCAGCAGGCGAACCACCAACGCGTCTTTAACAAGGGGAACTCATGACGTACCAACAAGCTGGACGCATAGCGGTTATCAAACGCATTTTAGGATGGGTTATCTTTATTCCCGCCGTGCTGTCGACGCTGATTTCTGTGCTCAAATTTATGTATGAGCACAGTGAAAAGAAACCCGGCATTGATGCGGTAATGATGGATTTTGCGCACGTGATGATTGAGATGATGCGCTTTAACACGCCGTTCCTGAACTTTTTCTGGTACAACTCGCCGCTGCCGGATTTTCACCATAGCCTGAACATCGGCTTCTGGATCATCTTCATTCTGGTGTTCGTCGGCATGGCCCTGCAGGCTTCCGGCGCGCGAATGGCGCGGCAGGCGAAATTTCTCCGCGAGGGGATTGAGGATCAGCTGATCCTCGAACAGGCCAAAGGCGCAGATGGGTTAACCCGCGAGCAGCTTGCTGAACGCATTGTGGTACCGCGCCATACTATCCTGGTGCAGTATTTCCCACTGTACGTGCTGCCGGTGATCGTGATTGTCATCGGTTACTTTTTCTTTTCGCTGCTGGGCTTTCTGTAAGTCAGGTGCCCGGCAAGCCGGGCACCTTCTTATTCCGCTGGCAGAGGACGTGGTTTTCCCTGATTATCAACGGCAACGTAGATAAACAGCGCTTCCGTCGCCTTGTAGCGCTGGCCAATCGGTTCTGAAGAAACTTTTTTCACCCACACTTCGATATTGATTGTCACCGAGGTGTTGCCGCGCTTCACGCAGCGGGCGTAGCAGCACACCACGTCGCCAACGGCGACCGGACGTAAAAATGTCATCCCATCCACCCGCACGGTCACCACGCGACCCTGGGCGATCTCTTTGGCCATAATGGCGCCGCCAATATCCATCTGCGACATCAGCCAGCCGCCAAAAATATCCCCGTTGGCATTGGTATCCGCCGGCATTGCCAGGGTGCGTAAAACCATTTCGCCCTTTGGGGCGAGATCTGTTGTTGTCATGCTCTACTCTGTTGTGGTCAAAGACGATCAGCGGGATGCTACTATGAAAATAGCGCAGTGAGAATAGGGGAATACGCCCGCTGGCGCGGGCGCGGTGGTTCAGAAGGAGAGGGTAACGCCGGCGTAATACGCGCGGCCAGGCTCATTGTAGGTCGAGGCGCCGGAATTTTCGCGATACAGTTGTTTATCAAATAGATTACTTATTCCGGCATTCAGGCGAATATCCCGGTTTAGCTGATACTGAGTACCAATACCCACGATGGAATAGGCGCCAACCTCGGTAGTCGCAAGGGTCCCGGTTTCGTTGCGGATCTCCGCATACTGACGCGGCTTCTGACGGCCATAAAGCGTCCAATTCACATTCGCAGACAGGGCGTCGTTTACCTGCCAGTCGAGCATCGTGTTAACGGTATATTTCGGGATAACCGACAGCGGGTTGCCAGTCTCTTTACTTTCAGATTTGAGCATCCAGGTGGCATTGGTCCGCCAGCTGAGGACATCTCTCAGCACCGGGATCAGCAGATTTCCTTCCAGCCCCTCGACCACGGCTTTGCCGCCGTTCTGCCATTGCAAAATATTATTGCCGCTGGAGGTATAGCCCAGTACCTCTGTTCCGGAGACGATTTTGTTTTTGTAATCGTTGCGAAACCAGGTGACTCCGGCAGCGTAACCATTAAGGTTAAATTCGATACCGATCTCTTTGTTGATACTGATCTCCGGGTCGAGGTCAGGGTTACCCAGCAGGTAGCAGCTGCCTTCAGCGATCGTGTTTGGACAACCGTTGCCGCGGGTGGAGAGCAAATAGCCTTTACTGGATTGATAGAGGTTTGGCGCTTTAAACACGCGCGCGATACCGGCCTTCAGCGTGAACATATCGCCGAGCTCCTGGGACAGATTGAGGCTGGGGCTCCAGTTACTGCCAAACTGATTATGATAATCGAAGCGAATGCCGGGGATCAGGTTGGTGCCAGGAACGGCTTCGATATTATCTTCCAGATAGATACCGGTGAGGGTGGCGCTGTTTTTGGTACTGCGTTGCGTAGGGTCGCCCGAGGTCCCAGGGATAGTCTCGCCGTTGCTGTTAGTGGCCTGCATCGATGCCGGGTCGTCGAGCTGATCATGGTTCCATTCCATTCCCAGCGTCAGCGTCTGGTCCGCCAGCCAGAAGAAAGGCACATTGAATTCCGAGGTAGTACGCCAGGATTCCAGACGGCTGGTGGCATAATCTTCACTGTTGATCATGCCTTCGACGCGGCCGGTAGAGCCTTCCTGCAGGCGGGTATTGTTGGTTTTCTCGTAGTAAACACCGGCTTTGGACTGACCCCAATCCCATAGACCGTTGTAGGTGAGTCCCCAGGACTGGCGATAGAGGCGATTTGTTTCGTGGCCGTACAGGGAGTCCACCAGCCCGTTCGGGCTAAGATTGCCGTTGCTGTACTGGGTATCACCAGCATAGATATTCCCCTGACGGCTATAGGCGTAGCTGAAATCGAGGATCTGTTGCGGGGTCATTTTCCATGACAGCAAGGTGTTAATATCTTTATTGCGGACCCCTTCGCGTCCCGCAGCGTAAGAGCCGTTTTGCGCATGGTTAATATCCCAGGCGTCGGGTTCCGTTTTATTGATATTGCCATACAGGCGCATCGTCAGCGCCTCGCCGGCCAGTGGGCCGCTGAGATTGAAGTTAGCGCGATTGGTCGTGCCTTCTTTGTTGTTTTCCGGCTGGTTGGTGAAGAAAGACAGCGAACCGTGCCAGGTGTTGGTCGGACGTTTGGTAATGATATTGACCACTCCGCCCGCCGCGCCGGAACCATAGCGCGCGGCTGCCGGACCGCGGAGAACTTCAATCCGTTCGACCATTTCGGCAGGTACCCAGTTGCTGTCGCCCCGGGTATCGCGTTCGCCGCGCCAGCTATAGCGAACCGCGTTACGTGACGTGACCGGTACCCCATCTATCAGGATCAGGGTGTTCTCCGGCCCCATGCCGCGGATATCAATCTGGCGGTTGTTGCCCCGACTGCCGCTGGCGCTGTTGCCGGTCAAGTTCACCCCGGGCATTTTACGGATGATGTCTGAGAGATCGTTGACCGGCGACTGCTTAGCAATATCCTCAGCCGTGATAATCGACACCCCGGGCTGTTGCTTAAGCGCCTCTTCCGCCGTACTGCGCACAATCATCGTTTCGGTATCTTGTTCTGATTCTTCAGCAAAGGCGTTAGGGGTGAGGAGACTGGATATGACCAGCGCCAGGGTCGTGGGCACAGAATATTGCGGCGATCTCATGTAAATATCCTTTTCAAAACAATGCAAAATGAGATCGAGAATATTAATGATAACAATTATCATTACAATGTAACGAGATGAATCTCCATAAAATCCTCACAATTACCGCAACTTTTTATGCAGTTGAGAGAAATCGTGAAGAGAGCCTGCACAGTGTGGCTGGGAAGCTGTCAGCGTATGCGCTGAGGTTGTGTGGTTGCATGGAATGTTTGCCAGTGCAGTAAGAATATAGAGGGCGAGCGCGGCGCGCGATGGCGCGCCGGCGGAGGGGTTAGTGGTGGTCGTCCTGCGGCATATGACGGTAGATGTAGATCCCGCTCAGCAAGGTAAAGACCAGCGTGAGGGCGGTTAAACCAAAGACCTTAAAGTTAACCCAGATATTCTGCGGCAGCCAGAAGGCGATATAGATATTGGCCAGCCCGCAGAGAATAAAGAACACCGCCCAGGCCAGGTTAAGTCGCGACCAGACCTGCTGCGGCAGGCTCAGCTCTTTACCCAGCATGCGCTGGATCAGCGGCTTTTTCATCACCCACTGGCTGAACAGCAGCGCGCCGGCGAACAGGGCATAGATCACCGTCACCTTCCATTTAATAAACTCATCATTATGGAAGAAGATGGTTAACCCGCCGAAGACGGCCACCAGCACGAAGGTGATCAGCGCCATTTTTTCCACTTTCCGGTAGC
NZ_CP073782.1_gap54	2610743	2612304	1561	TCGCGCATTGTCTGGCCCCGCGTCTGCACCAGCGCAGGGCACTGTGCCCCGGTTCAGCGCAGCGGGGTCGTGCCCGGCATCAGCTGGCCGTTCTCTTTAAGGCGGTTGAGCACGACGGCGGTTTTCAGATGGGCCACCCCTTTGTTTTGCGCCAGAATATGGCTGATCAAATGGCTCAGACCGGGCAGGTCCGGGACCGTTACCCGCAGCAGATAATCGGCGTCGCCGGTGGTTTTCCAGGCGTCCAGAATGGCGTCCACTTCACTGAGCATCTGATGAAAACTCTCCACGCATTGCGGGGTGTGATTCAGCAGACGCACCTCAATCAGGCCAAGCATCTCCTGCCCGGCTGCATCCGGCGCCAGACGCGCATGGTAGCCGAGGATAAGCTGTGCCTGTTCAAGGGCGATACGGCGGCGCGAACACTGGGAAGCGGACAGGCCGATAAGCTCGCTCAGCTCCTGATTGGTTAAACGGCCATTGGCCTGCAGCAGGGTAAGTATTTTCAGATCATAGTCGTCGATGTTGTACATAGTGGCCACTAGCGGAACGTAAAAGTGGCTACCAGCCTAACAGTTTTTTGCCTGGCGTGAAGCCTGAGCGGACGGCGGCAAACCGGATGCACCAAAACGGGTCAGGTTCATGCATTAATCCGCTCTTTTTCTCATGATCTGTGCGTTATCTGGCCAGTTTTCGCGTGTGATGCGCCAGGTCGGCGCCGACATGACCAGCTACCGGAACTGATTTGAAAAGAATATTTGAATATATTTCAATTAATTAATTTTTGTCTGACGCTGCAAGACGCTCCGCTGGCCTGAAAGTTGCTACCGGCGAACGTGACTTTTTACAGACAGGGGCAGGTCAGAGATGACAACGCAGCAAGAGCATCAGTTAAAACGCGGGTTAAAAAACCGCCACATCCAGTTGATCGCCCTCGGGGGGGCGGTCGGCACCGGACTGTTTTTAGGTATCGCGCAAACGATCCGTATGGCAGGCCCGTCGGTCCTGCTGGGGTACGCCATCGCCGGGGTTATCGCTTTCTTTATCATGCGTCAGCTTGGCGAAATGGTGGTAGAGGAGCCGGTGGCGGGGTCGTTCAGCCATTTCGCCAACCGCTACTGGGGGCCCTTCGCCGGGTTTATGTCCGGCTGGAATTACTGGGTGTTGTACGTGCTGGTAAGCATGGCGGAGCTGACGGCGGTGGGGATCTATATTCAGTACTGGTGGCCGGAGGTACCCACCTGGCTGTCGGCGGCGATCTTCTTCGTGGCGATCAACGCCATCAACCTGACGCACGTCAAAGTGTATGGCGAGCTGGAGTTCTGGTTCTCGATTGTCAAAGTGGCCGCCATCATCAGCATGATCGCCTTTGGCTGCTATCTGTTATTTAGCGGTCACGGCGGCCCGGCGGCGACGGTGGCCAACCTGTGGCAGGACGGGGGATTTTTCCCTAACGGCATCACGGGCTTGGTGATGGCCATGGCGGTGATCATGTTCTCCTTCGGCGGGCTTGAGCTGGTGGGGATCACCGCGGCGGAAGCCGACGAACCGCATAAAACCA
NZ_CP073782.1_gap55	2679298	2680671	1373	CCCAGCGAATTTACGCCCAATAATGCCATCGCCTTTGCCGAGATTGTCCATCAGGTTGGGTTGCCGAAAGGGGTCTTTAACCTTGTGCTTGGCCGCGGAGAAACCGTTGGCCAGGAGCTGGCCGGCAATCCGAAGGTGGCGATGGTCAGCATGACCGGCAGCGTGGCGGCGGGAGAAAAAATTATGGCCGCTGCGGCGAAAAATATCACCAAAGTGTGCCTCGAGCTCGGCGGCAAAGCGCCTGCCATTGTAATGGACGATGCGGATCTGGAGCTGGCGGTGAAAGCGGTAGTGGACTCGCGGGTGATTAACACCGGGCAGGTGTGTAACTGCGTCGAGCGGGTCTATGTTCAGCAGGGAATATACGACCGCTTCGTCAACCGCCTCGGTGAGGCGATGAAGGCCGTCCAGTTTGGCGACCCGGCGACGCGGGATGACATCGCGATGGGGCCGCTGATCAACGCGGCGGCGCGGGACCAGGTGGCGGGCAAAGTGGCGAAGGCGGTGGCGCAGGGGGCGCGGGTGGCGCTGGGCGGTCAGCCGCTGGAGGGCAAAGGCTATTTTTATCCGCCGACCCTGCTGCTGGATGTACGTCAGGGGATGGACATTATCCATGAGGAAACCTTCGGTCCGGTGCTGCCGGTGGTGGCCTTTTCGACCCTCGATGAGGCGCTGGCGATGGCCAATGACAGCGATTATGGCCTGACCTCCTCAATCTATACCCGCGATCTGAACGTGGCGATGAAAGCGATTAAGGGACTGAAGTTTGGCGAAACCTATATCAACCGTGAGAACTTTGAGGCGATGCAGGGGTTCCACGCCGGCTGGCGTAAGTCGGGGATCGGCGGCGCAGATGGCCGCCACGGCCTGAATGAGTACCTGCAGACCCAGGTGGTCTATCTGCAGGCCTGAGGCACTCCACACAGAACCGGCGGACAGCGCAGGCTGTCCGCCGTTCACTTAGCGGGCAAATTTCTCCAGCACGCGGATCAGTTGGGTGACAAAGCCGTATTCGTTATCGTACCAGGCGACGGTTTTCACCAGCTGTACGCCGCCGGCCTCCACAATCTCCAGCTGGGTAGCATCGTAGATCGAACCGAAATGGCTGCCGATGATATCGGAAGAGACGATCTCCTCTTCGGTGTAACCAAAGGATTCATTGCCCTCAGCCGCCTGTCTCATCGCCTGATTGACCTCATCCGCAGTCACCTTTTTCTCCAGCACCGATACCAGCTCCGTCACTGAGCCGGTTTTGGTCGGTACGCGCTGGGCATGGCCTTTCAGCTTACCGCTCAGGGCAGGGATCACCAGGCCAATGGCTTTTGCCGCGCCGGTAGTGTGCGGGATAACGTTTTCCGCCGCCGCCCTGGAGG
NZ_CP073782.1_gap56	2681816	2682907	1091	CCACTTAAATACCCCGGCGCTGGCAAGATCCCGGCAGTACTGTTCAAAGTTAATGGCCCGGGCAAAGTGGCGGATAACGGCGGCCCTGGTCAGACAATGGCTGGCCTCAGCGCGAACGCGCAGCAGCCCGCGGGCGCTTTTTACCGAGACCACCTCGTCGTTTGCCATTACGAAATTCATATTGCCGGTGGAAACAAAATAGATGTAGTAGGAGACCTGATGCCGACGCAGTTCATTGGCGAAGGTGGCATAGTCGGCGTCAGAACGCGCTTGCTCAAAAAAATGACCCAGCCTGACCAGCAGTTCCATTTCGATCCTTATCGTGTCGCTGTGTGCGGCTTTGGCCGATAGCGGCAGAAACCATTCACTAAATAACTTATTCGCATTTTAATAATATAGGCGCGTTATATTAATGGTTATTGCGTAACTGGAACACGGTTTCAAGTGTTACAATCTATTGCAATCGTTTGGCTACCTGGTCAGCGATGCGTAAGCGAACGGCGAGGCGGGAACGAGGAGACAAGCGCCGGCGGGGAAGGCCGCCGACGGGAAAACGGCGCTACTTCTGGATCAAATAGCGAATGGTTGGGCCATCCTGTTGAATATCCAGCACCGTGTAGCCGTGGTTCCTTGCATCAAGCGGAATGTTATTGATCGACTGCGGACAGTCGCTGACCACTTCGAGGATCTCGCCTTTTTGCAGGGAAGGCATTGCCTCCAGGGTAGCGACCGCCGGATACGGGCAGGGTTCGCCGACCATATCCAGGCGATAATCAGGGATGATGTTTTTCATGCGCTCTCCTTCACGGTCCGGACCGCCGCCTGGCGGCGGAAAAAATGTCTCTCCCAGGCGATCACCAGCAGCAGGGCGATCAGCAGCAGTAGATAGGTGGCCAGTAGTCCGCCAAAGGGACCGAAGGCGTTCAGCAGGTTGACTTTCTGCCAGTGGGTGGCGAGCGGGGCGGCGATATCGTCCCAGCACCAGGCGAGCAGCGTTGAGCCGATGACGTTGCCCAGCCCAACCCACCAGTAGTGAACCTGGCCCTCCACCGCCCGGTACATCCAGCCGGTCTCACAGCCGCCGGCCAGCA
NZ_CP073782.1_gap57	2704346	2707369	3023	GCTGAAGGTCGCGGCGCGGATGATCGAGGACGGCGAACTGGATAAGCGCGTGGCCAGACGCTACGCTGGCTGGAACGGTGAGCTGGGGCAGCAGATCCTTAACGGGCAGATGACCCTGAGCGATATTGCCCAGTATGCCGCTCAGCATCAGCTGGCGCCGCAGCATCGCAGCGGCCAGCAGGAACAACTGGAAAACCTGGTCAACCATTATCTGTTTGACAAGTAATCATGCGGCGGCGCCCGGGGTGACCGGCGCCGCAACCAGGATGCTCTGTTCGCGCCACGCTCAGCCGTGGCGCGCGTTTAAGGAGAGGGAGTATGTATATCGGCATCGATCTGGGGACGTCGGGCGTCAAAGCCATCCTGCTCAATGAGCAGGGTGAGGTAGTGGCATCGCATACCGAAAAACTCACCGTCTCGCGTCCGCATCCGCTGTGGTCGGAGCAAGATCCCGAACAGTGGTGGCTGGCGACGGACACGGCGATGAAAGCCCTGGGCGCGCAGCATAGCCTGCGCGACGTGAAGGCGCTGGGCATTGCCGGGCAGATGCACGGCGCCACCCTACTGGATAAATCGTTACAGGTGCTGCGTCCGGCCATTTTATGGAATGACGGCCGCTGCGGCGAAGAGTGCCAGCTGCTGGAGGAAAAAGTCAGCGCTTCCCGGCAGATCACCGGCAACCTGATGATGCCGGGCTTTACGGCGCCGAAGCTCTTGTGGGTGCAGCGCCACGAGGCGGCGGTGTTCAGCCAGGTCGATAAAGTGCTGCTGCCGAAGGATTATCTGCGTCTGCGGATAACCGGCGAGCTTGCCAGCGATATGTCTGACGCCGCCGGTACCCTGTGGATGGACGTCGCCCGACGCGACTGGAGCGATGAGATGCTCGCCGCCTGCGATCTCAGCCGGGACGCGATGCCGGCGTTGTTTGAAGGCAGCGACGTCACCGGGCAGCTGCGCCCGGAGGTGGCGCAGGCGTGGAATATGCCACAGGCGCTGGTGGTGGGGGGGGGCGGCGACAACGCCGCCGGCGCAGTCGGGGTTGGCATGGCCGATGCCGGTCAGGCGATGCTGTCGCTGGGCACTTCAGGTGTGTATTTCGCGGTCAGCGAAGGATTCCTCAGCAAGCCTGAAAGCGCGGTGCATAGCTTTTGCCATGCGCTGCCGGGCCGCTGGCATTTGATGTCGGTGATGCTCAGCGCGGCCTCCTGTCTGGACTGGGCGGCGAAATTAACCGGTCTCGCCAGCGTGCCGGCGCTGATTGCGGCGGCACAGTCAGCCGACGAGAGCGCCGGTCCGGTGTGGTTCCTGCCCTATCTGTCGGGCGAACGCACGCCGCACAACAACCCGCAGGCCAAGGGCGTCTTCTTCGGCCTGACGCATCAGCATGGGCCGGCAGAGCTGGCGCGGGCGGTGCTGGAGGGGGTGGGCTATGCGCTGGCGGACGGTATGGACGTGGTACACGCCTGCGGCATCAAGCCGCAGAGCATCACCCTTATCGGCGGCGGGGCGCGTAGCGCTTACTGGCGACAAATGCTGGCGGATATCAGCGGCCAGCAGCTCGATTACCGTACCGGGGGCGACGTCGGCCCGGCGCTGGGGGCGGCCAGGCTGGCGCAGCTGGCGGTGCACGGCGAAACCGACCGCGCCGGGCTGTTGACGCCGCTGCCGCTTGAGCAAGCGCATCGCCCGGACGATCGCCGAGTGGCCCACTATGCGCCGCAGCGGGAAACCTTCCGCCAGATTTATCAGCAGCTGAAACCGCTGATGTCATAGCCTCAGTCCGTCCGGCAGCGCCGGGCGGATTACTTCTCTGAATGTCCAGGCTGCATTCATCCAAAACACGTATTTATTAATTCCGAAATGTCAGCTTTGCTGCACCTGGCCTGCGCCATCGCCGGGCGGTTCGGTCATAATCAGCGCGTGTCGACAGGGAGGAGCGATGAATATAAAACGCAGTATTGCCAGAGGGATGATGGCAGCAGGGTCGCTGGTTTATCTGCTGGGTATCTGGCGGACCTGCCCGCTGTTTAGCGGTAAAGGTTATTTTCTTGGCGTACTGGTGATGGGGATGTTTGCCGTCCTCGCCCATCAGCGCGCCAGACGGTGGCAGGGGCAGGACGACGGTTTTATTGCCTTATGCCGGCTGGTGCTGCTGCTATCGGTCGGCCTGCTGCTGGTCGGCGCCTGGTATGTACCGGCAGACTGGCATGAAAAAGCCGTCTATATCGCGGCATGGTTTGTCTGCTTATATGGCGCATCGGCAACCCCCGAACGGACCCGCATCGCCCGCGCGATGCAAAAAACGGAATAAGCGCCGCCCCGAGGCGCGTAAAAGGTAAAAAGTGATGGAAAACAAGCACGCGACGTATTCTCCTGCGTTTCATTTGATCTCCTGGATTGCCCTGATCGGCGGCATTGTCACCTATCTGGTGGGGCTGTGGAATGCCGATATGCAGTTGAATGAGAAAGGCTATTATTTTGCCGTCCTGGTACTGGGGCTGTTTGCCGCGGCATCTTATCAAAAGACGGTGCGCGATAAGTATGAAGCCATTCCGACCACCGCGCTGTACTACACCACCTGTCTGGTGGTCTTCGTTATCGCTGTAGGTCTGCTGGTTATCGGACTGTGGAATGCCACTCTGCTGCTCAGCGAGAAAGGGTTCTATGGGCTGGCGTATTTTTTGAGCCTGTTTGGCGCTGTTGCGGTACAGAAAAACGTGCGTGATGTCTGGGACCCGACGCGCTTACGGGAACCTCTCAGCGTGACGGAAGAGGGGCCTGAGACGTAAGTCGGGCCCCTCCGGGCGGCGGACCGTTAGCTGACCAGCCGGCGGCTATCAATCCGCTGCACCAGGCCTGACAGCAGCAGGCTGCCGAGCAGGGCGGCGCTAAATATCCACACAATATCCAGCAGCGGCCAGCGGGATAGCTCCAGATGGCTGGCGCGCAGCGCATGCACTATCAGGGCATGAAAGCCGTAGATCCCCAGCGAATGTCGCGCAATGCAGGCGATACCGGGCAGG
NZ_CP073782.1_gap58	2714520	2718468	3948	GATTTAAAGCGATAAAGGGAAAGTTCACTACGGGGGTATCTTTGGATAACCTTAGAAGGACTGCTCTATTCGACTGCTCTGTGGTCTGTACATCAAACCTGCGAGCATTAACGCACGTTCAGCACCTGATAGCAAACTTTTTTTACGGTGCAGCGGCAAAAGCTCCCTTACTGGCCTTTGCCGCTGCGCGCGAGATTAATCGAGTAATTGTCGTGAAAGCTGTGGATTGGCCTGAATCAGGCGCATCAATTTCAGCTCAGTGGGAGACGGTCTGACCCGTCTCGACTCCCACTCTCTTACCATGGCGACGCTCACGCCCATGACGTTGGCAAAGTCGTCAATCTTAAGTCCAGTGCCTTTACGCAGCTGTTCAAATTCACTAAATACAGTGGACTTACGGTTTGAGGTAAGTTTCTGATTATCATCCTTAAAAACGATGTGTTCCAGGCTGCTCAGCAGTTCAAACACGGGATCTTTATATTCCATTGAGAACTCCTTTTATCACACAGCGGAAAAGATTTTTCTATAGCTCATTAAGAATAGTCAGAAAATGGCGCAAGGGATGGTAACGTCGGTGATTATTTGCCAACAGGCTATCGAATCTGCCCCGACAGCCAAACGGCAGCGTAGCCTAAAAGAATGATTATTAACGCGATGAGGTGGCTTCGAAAATTTTTGTAAACGGATAAGAAAAAAGCGGCAAAGCCGGCGCGGGGCGCCGGCTTATAGGGTTAGGCTTTCTGCAGGCTTCTCGCCTCATCTGTCGTCGCCGGCACGGATTTACTGACCCGGTACTTGATCAGCAGCGCAATGGCTGACAGGAACGCCGGGATGGCCAGCAGGGTGAAAATGGTCTCAAAGGAGAGCTGAGCCTGCATCAGGAAGGCGCCGCTGAACGCGCCGAGGATGCCGCCGAAGCGGCCGATACCCAGCATCCAGGCGACGCCGGTGGCGCGCCCCTGCGTCGGATAGAAGCCAGCCGCCAGCGCCGGCATCGACGACTGCGCGCCGTTCATAATGCTGCCGGCGATAAAGACCATCACTCCCATTAGCGCCAGGCTGCTGGTGGAGAAACCCACCAGGCAGACAAAAACGCCGGTCAGCAGCCAGCCGACGGCCACCACTTTATTGGGGTTGATCTTGTCCATCAGGGCGCCGAGGATCAGCACGCCAATCCCGCCGCCGAGCGGGAACAGGGCGGTGATAATTGAGGCCTGACTCATCGAGGCGCCGGTTTCACGGATGAGCAGCGGCAGCCAGCTGGTCAGCAGATAGAAAATCAGCAGACCCATAAAGTAGGTCAGGCACAGCATCACGGTACCCACCGCGTAGCGAGGAGAGAAAATGACGCCGATCGCGGATTTCTCTTTCACCTGGCCTGCTTCGCGTAGTACAAATTCCACTGCCTTCGGCAGCGGCGCGATATGGCGCAGGATAGCAGCAATGCGCTGCGCCGGGTGCTGCTTAACTACCAGATAGCGGACGGACTCTGGCAGCAGGAATATTAATGCCACCGCCAGCAGGAGGGGCATCACGCCGCCCAGCACCAGCACGCTCTGCCAGCCATAGTGCGGGATCATCCAGGCGGATAAAAAGCCGCCCAGCGAAGATCCCATCGGAAAGCCGACAAACATCAGGTTCACCAGCAGCGCCCGACGGCGCTCCGGCGCATATTCACTCATTAGCGTCGCGGCATTCGGCATCGCCGCGCCAAGTCCCAGACCGGTCAGGAAGCGCAGTAGCGTCAGCTGATTAAGGCTGGTGGCGAAGGCGGTGAGCAGGCTGAATCCGCCGAACACCACGATCGACATGATCAGCACTTTTTTGCGGCCGATGCGGTCAGCCAGCGGCCCTGCGGTTAAGGCGCCGACCGCCAGGCCCACCAGCGCGGCGCTCATCACCGGGCCGAGGGCCGATTTTTCCACGCCCCACTCTTGCACCAGGTCGGAGGCGATGAACCCGATAATTGCGGTATCGAACCCGTCCATCGCGACGGTGATAAAGCAGAGCGCAAGGATCATCCACTGGTAGCGGGTGAAGGGGTGCTCGTTGATAAAGGCCTGAATGTCGATGGTTGTCTTAGTCATACGGCTTTCCTGGCAGACTGAGCGAGGGACAGAGGTTTATTATTATCGTCGCCTTCGCGTCGTTGAGTTTGATTTGTGCGATAATCGAACATGTCGCCGTTAATCGCTCATTCATCAAATCATTGAAGTGCGAGGCAGGCAATCCAGACGCGTGCCAAAGCGTGCGATTATCGTCCGCTTTAAGGCGCAGTGCCGGGTTGTGGCTTTTTATTTATATTAATATCAATGGCTTATGAGATTCTGGCCCACCTGTTCTTAAGACCATATTTGTGATGCGCATAACAGACGTTCTACAGCGCGACGATGGCGTGCAAAATGGTGTTTTTCCCGCGTAAGATTAGCAGGAAAGGGTATCCTGCGAGGCCGAGCTGGACTATCCTTGTCAGCGTCTGGCACGTGTGTGCCGTTGTGCGCTTTTTTTGGCTGAAAGGAGTAAAAAAATGGCGACAGGAAAGTCCTGCTCTCGCTGGTTTGCGGCTATGGCGGCCTTATTGATGGTGGTTAGCCTGAGTGGGTGTTTTGATAAAGAGGGCGATCAGCGCAAAGCGTTTATCGACTTCCTGCAGAATACGGCGATGCGTAGCGGTGAACGTCTGCCGACGCTGACCGCCGATCAGAAAAAACAGTTTGGGCCTTTTGTCTCTGACTACGCGGTGATCTACGGTTACTCGCAGCAGGTGAGCCAGGCGATGGACGCTGGTCTGCGCCCGGTGGTGGACAGCGTCAATGCGATCCGCGTCCCGCAGGATTATATGACCCAGCGTGAGCCGCTGCGTCAGGCGAACGGCGCGCTGGGCGTGCTCAGCCAGCAGCTGCAGAATGCGAAAATGCAGGCCGATGCCGCGCATGGCGCGCTGAAGCAGGCTGACGATCTCAAGCCGGTTTTCGATCAGGTTTACGCCAAGGTGGTGACGGCGCCAGCCGACGCGCTGCAGCCGCTGATCCCGGCCGCGCAGATCTTTACCCAGCAGCTGGTTCAGGTTGGGGATTTTGTCGCTCAGCAGGGGACGCAGGTGAGCTTTGTCGCCAACGGCATTCAGTTCCCAACCTCCCAGCAGGCCAGCCAGTACAATGCGCTGATTGGGCCGCTGGCGGCGCAGCATCAGGCGTTTAATCAGGCATGGACGGCGGCGGTGAACGCCACCCGTTAATGCTTCATCTGGCTGACGTTGGCTGCGGCGAACGGGCAGGATGATGGACAGGATGCAAAAAGAACCCGGGGAGGGCGGTTGCCGCCGTTACCCGGGTTTTTTTATGGCTTATTTTACCTGCGGATTGACGCAGTTTTTCTCTACGTTGCCGTTCAGGGCGTCGATCAGGTTGTCCACCGCACAGGCCGCCATGTTGTAGCGCGTCTCATGGGTGGCGGAGCCGATATGCGGCAGCGCGACGACGTTCGGCAGGCTCAGCAGCGGTGAGTCCTTGGCCAGCGGTTCGTGTTCGAACACATCGAGACCGGCAGCGTGGATCTCACCGTTCTGCAGGGCGGCGATCAGCGCCTGCTCGTCCACTACCGGGCCACGCCCGGCGTTAATGAAGATGGCGGAAGATTTCATTTTGGCAAACTGCGCCTGACCGAACAGATGGTGAGTCTCTTCGCTCAGGGGCAGGATCAGGCAGACAAAGTCAGCCTCCTGCAGCAGGGTATCGAGATCGCAATAGCGGGCATTGAAGCGTTCTTCCGCCTGCGGATGCTGGCGACGCGCGTTATACAGGATCGGCATGCCGAACCCGAAGTGGGCGCGCTGCGCCAGCGCCATACCGATGCGGCCCATGCCGACGATGCCTAAGGTTTTATGGTGAACATCCGTGCCGAACCAGTCCGGACCAATGCTCTTCGTCCATTCACCCGCTTTGACGC
NZ_CP073782.1_gap59	2720956	2724180	3224	ATCCCCTCTTTCGCCAGCGATTGCAGTACGAAGCGGCCAAAGCTGTCGTTGCCGACGCGGCTCACCCAGCCGACTTTCAGACCCAGGCGCGCCAGGCCGGTGGCGACGTTCAGCTCGGCGCCGGCGACACGTTTCATGAAATGCTCCACCTCGGCCAGATCCCCGGTTTCGGTGGCGACAAACATGGCCATAGCTTCGCCGATGGTGATGACATCTAAATTTTCCACGACTTAATCCTCGCGTAACAGGTTGACGTAGCGGCGGGTCACGGCCGTCAGGTCATGGCCAGTCAGCGGAAACTCGATTCCACGCGGCGCGTCGGCGGGAAGATTATCGAGCAGGGCCAGCCAGCGTTCGGCGGCCTGATCCGGCGGTACAGCGCGGAATTTCTCATGATGAGGCTCCGCCGCTTTAACATGAATATAGCTGACCGCCGGCGCAAGATGACGTGCCGCCTCTTCCGGCGAATCGCCAACCCACAGCCAGTTGCCCATATCAAATGTTAAGGTGATCGGCAGCTGATGGACCCGGCTGGCGGCTTTGAAGCGCTGCATCGGCGCCAGCTGGCCGCAGTCGGTCTGGTCATTCTCTACCACCAACGCCATGCCGCTGTCGCTGAGGATATCGCGCAGCTCATCCAACTGCTGATTGTGGAGGAAATGGCCAAGGGAGAGCTTCAGCCACAGAGCGTTCAGGGTTTGCGCTTCCGCGAGCAGCGTCGGGAGATCCGGGTTAAGCTCGCCGTTGTCGGTGAACAGCGCCTGCGGCGCGGAGTAGCAGGCCAGCAGGCCGTGGCGCTCAATAGTGGCCGCCAGCGAGGGCAGAGCGTTGAGTTCTTCCGCGCTGCACAGCTCGCGGCGGATTTCGACGCCGTCCGCGCCGGCGTTGGCGATAAACGGCAGGACGGCGGCCTGCCCGCCTAAGGATTTAACATGGTCATTACCATACGCAGCGGTAACGACAATAATTTTTCTGGCCATCGCGCTCTTACTCCCGGCGTTTGTTGCTTAATCTCCTTAATACGCTAGATGGTATCGGTTCCATAAGAAAGGGCGAGATATTTAATTTATGATCGGCATCACGAAGGATCGTTAACGGGAGGTTGATCCGCGGACGATAAGCTCGCCGGAAAATACCCGTTCGCGGATGGGGTCGTTAGTGCCGGCAATGCGCCGAATAACCTGTTCGACCGCCGCGTAGCCGATCTGCCACGTCGGCTGTTTGAGGGTGGTAATTCCGACGCCGGCCAGCTCCGCCCACTCCAGTTCGTCGAAGCCCAGCAGGCCGATATCGCTCCCCCAGATCAGGCCGACGCGCTTCAGGGCGCGGGCTACCTGCAGCGTCAGCGCGCCGTTGGCGGAGATGACCGCTTTGCGCATCCCGCGGTGGCGGGCATGGAACTGACGCAGGACGTTGTCCAGCATCGCGCCGTCGTTAAGCTGCACCTCGGCGTTTTCGGCCACCACGCCGTGGTGGCGGGCAAGCGTGGCGCGAAAGGCGCTCAGGCGCTCGCGACGGGTATTCACCGAGCCCAGCGGTTCGCTGAGAAACAGGATGGCCTCGAATCCTTTTTCCACCAGGTGTTCGGTGGCGGTGGTGGCGGCCTGGGCGTTATCAAGCCCGACCACATCGCAGGCGAAGTCGGGGATTTTACGGTCAATCAGCACCATCGGCAGGGCCGACTGCTGCAGGCGGTTCAGGCCATCCTCCCGCATACCGACTGCGTTGACCACGATGCCTTCCACCTGGTAGCTGCGCAGCAGGTCCAGGTAGTGCAGCTCCTGATCGAGCTCGTTATTGGTATTACACACCAGCAGGGTGAAGCCCTTTTCCCGGCAGGCTGCTTCAATGCCGCTCATGACGTTGACCGAGTAGGGATTGGTGATATCGGCGATGATCAGGCCGATGAGGCGGGTCCGGCCGTGCTTGAGGCCGCGGGCCATCAGGCTGGGGCGGTAGTCGAGTTCGGCAATGGCTTTTTCAATACGTGATAACAGGTCGTCGGAAAGCAGATGCTTCTCGCCGTTAAGATAACGTGAAATGCTGGTTTTGCCGGTCTTTGCGGCTTTCGCCACATCGCTGATAGTTGCACGCGCCGCTTTCGCCATGGTGGCTTCCTTTGCTGAAAATCTGCCAACACCTTAGCGCGAAAAATAGCGATATCAAGCATTTTGCCCGGCAGAGCGGCTGCCGGGCGATATGAAGATGCGCTTACTGCAGCGGGCTGAGGGTTATTTCCACGCGACGGTTCTGCGCTTTGCCTTCCGCCGTGCTGTTGCTGGCGATCGGGTTTGCCGGGCCCATGCCGGTGGTGCGAATGCGATTGGCCGCCACGCCCTGGGTGATGAGCGCGCTGGCGACGCTGTCCGCACGCTGTTGCGACAGACGCATATTCAGATCCTTGCTGCCGGTGCTGTCGGTGTAGCCGACCACGTTAACAGCGGTTTTCTCATACTCTTTCAGCACCATGGCCACGCCGGTCAGGGTGTTGGCGCCGGCCGGCTTCAGGTTGGCGCTATTGCTGTCGAAGGTGACGTTATTCGGCATGTTCAGCACGATATTGTCGCCATTTCGCGTCACGCTGACCCCGGTTCCCTGCATTTTGTCGCGCAGCTTCGCTTCCTGCACGTCCATGTAGTAACCAATGCCGCCGCCGAGCGCCGCGCCGGCCGCTGCGCCAATCAGCGCGCCTTTGCCGCGGTCATGTTTGGAAGAGGAGAGCGCGCCGACGCCAGCGCCCACTAAGGAGCCAATACCTGCGCCAATACCGGATTTGCCTGCTTCACGTTCACCGGTATAGGGGTTGGTGGTGCAGCCAGAAATGGCCAGAGTGCCGCTGACCAGCGCCGCAATCATAAGTACGCGTTTTTTCATTTAATGTCCTTAATCCTTTTTATTCTTTGTCACAGCGAACGTGACGGTTGATTATGACGCGCGATTACGGAGAAAATTCCCCGGATACCATCTCTTTTTGTAAATAACATTGAACGGTTGCCCATCACGCCGTCATGACACCTGCATTCGCTGACCAGGAGCCGCCCTTGCCAACCTCATCTGCAACCAAAACCATCTTAACCGCCGCCCACTGGGGACCGATGCTGGTGGAAACGGACGGGGAAAACGTCCTCTCTTCCCGCGGCGCGCTGGCGACACCGTTTGCCAACTCGCTGCAAACGGCAGTGCGCGATCAGGTGCACAGCAAAACCCGCGTGCGCTATCCAATG
NZ_CP073782.1_gap60	2725276	2729495	4219	CCGGCGGCGCCAACTTTACTCATCATCAGGACACCAACCGACTGATTCAGGCGTGGCAGAAACCGGAGCTTATCGTCATTTCCGAATGCTTCTGGACCGCCGCCGCGCGCCATGCCGATATCGTCCTGCCGGCGACCACCTCGTTTGAGCGCAACGATCTGACCATGACCGGGGACTACAGTAACCAGCATCTGGTGCCGATGAAGCAGGTGGTTGCCCCGCGAGATGAAGCGCGCGACGATTTCGCAGTCTTTGCCGACCTCAGCGAACGCTGGGAGGCGGGTGGCCGCGAACGCTTCACCGAAGGGAAGAGTGATTTGCAGTGGCTGGAGACTTTCTATCAGATGGCCGCCCGGCGCGGCGCCCAGCAGCAGGTGACGCTGCCGCCATTTGCCGAATTCTGGCAGGCTAACCAGCTGATTGAGATGCCGGAGGAGCCGGAGAATGCCCGTTTTGCGCGTTTCGCCGCCTTCCGCGCCGATCCCCAGGCCAACCCGCTGAAAACGGCGAGCGGTAAAATAGAGATCCACTCGCCGACCATCGCCGCTTTTGGTTACGCCGACTGTCCGCCGCATCCGATGTGGCTGGAGCCCGACGAGTGGCATGGCAACGCAGAGGCGGGGCAGCTGCAGCTGCTGTCGGCCCATCCGGCCCACCGTCTGCACAGCCAACTGAACCACACCGCGCTGCGCGAGCGCTATGCCGTCGCCGGGCGCGAACCGGTGACTATTCATCCGCAGGATGCGCAGGCGCGCGGGATTGTCGATGGCGATCTGGTGCGGGTATGGAACGCCCGCGGTCAGGTGCTGGCCGGCGCCGTGGTGACGGAGGGGATCCGCCCGGGGGTGATTTGCCTGCATGAAGGAGCGTGGCCCGACCTGGATCCGCAGGTCGGCATCTGCAAAAACGGGGCGGTGAACGTCTTAACCAAAGATATTCCGACATCCCGGCTGGGCAACGGCTGTGCCGGGAACACCGCCCTGGCGTGGCTGGAGAAATATACCGGCCCGGCGCTGCCGCTTACGGCATTTGATCCGCCGGCCAACGCATAATCCACGTCGGGTGCTGAGTATCGTCCTGCCATGCGCAGTCTTCAATCCGGAAGCCCTGCACATGGTAGAAACTCACCGCCGATTCGTTCTTCTGATAAACCTCAAGGCTCAGCCAGGCGTAGTGCTGTTTGACTTCATCCAGCAGCGCCCGGCCAATGCCCTGGCGGGTGGCGCCCGGCGCGACAAACAGCGCGCCGACGAAACGGGAGTCCAGCACGCTGACAAAGCCTTTTAACTCGCCATCCTGCTCCCAGACCCAGGTGCTGGCGGCGGGAAGATAGACATCCCGTACTACCGCGACGCTGTCGCGCCAGTAGCTTTCGCTGATAAAAGGATGGGCATGAATCGTGCTGTCCAGCCACAGCGCCAGCAGCGGCGCGGTATCTTCAGTGTCCCACTTGCGGATCATCCTGACCTCCAGGGTGACAGAAGCAGCCGGTGACATGGTCGTTGACCAGCCCACAGGCCTGCATAAAGGAATAACAGATTGTCGAGCCGACAAACTTAAAGCCGCGTTTTTTCAATGCCTTCGATAGCGCATCGGAGGCCGGCGTCGTGGCGGGAATTTCCGCCAGCGTCGCAGCGCGGGTCACCTGTGGCGCATTGTCGACGAAGGACCAGACAAAATCAGTGAACGACTCGCCATTTTCTTCCATCGCCAGATAGGCGCGGGCGTTGCCGATAATGGCCTGGATTTTTCCCCGATGGCGAATGATGCCGGTATCCTGCAGGAGTCGCTCGATATCGTCATCACCCATCGCCGCCACGCGCACCGGATCGAACTGGTGAAAAGCCTGGCGGTAGTTCTGCCGTTTTTTTAACACCGTGATCCACGATAAACCGGCCTGCTGGCCCTCAAGGCAGATCATTTCAAACAGCTGGCGACCCTCTTTTTGCGCCACACCCCATTCGGTATCGTGATACTCGATGTATAACGGATCCTGACTCACCCATCCGCAACGCTGCATAGCTGTTTCTCCCTCTGCGCTAAAAAAGTGGACGCCCGCCTTGACGGCTGAAAGATAAAGATAATAGTTAATACAGGGAAATCGTATCCCCACTAAAAACACAGCAATATTGCCGATTCGGCTCTTTTCTGGAGTCGCATTAATGATAATAAAGAAATGCAATGGCCTCCGGGGGTTCTTGATCCCGGCGAGCGTATCCGTCTGGGTGTCATGTGTCTCTGGAGCGAATGCCTGGCAACAGGAATATATCGCTATCGATACAAAAAGTAATACGTCGGAACGCTATACATGGGATAGCGATCACCAACCACGTTATGAAGATATTCTCGCCGAGCGGATGAAGTCCTCTGAGACGCCCGGCGGGCTGGCGTTAAACCAGGGGCTGGCGCCGCCGGACAGCGGCCGCGGCCTGAGCGTTGGCTGGAATTATCCGCTGGCAAACGGCGTAACCTCCGGGCCGGTGGCCAGCCTGCGCAGCGACGTCACCGCGCCGACGGTGAGAAGCGCAGGCGAGGCGGGCTACGTTAACACGCTCGGCTGGCGCATGGATTATCAGGCGCTGTGGGGCGTGCATCCCTGGGCGCAGGTGAGCTATAACCAGTCGCTCGCCAGCGATGTCTGGGCGCCGATGACCCGTGGCAGGGAGGGAGGCTGGAGCGATGTCACCCTGGGCGCTGATATGCGGTTGGGATCCCACGTGGCGGCATGGGCAACGCTGTCGCAGGCGGATAACCTGCCGTCAGGGGAAAATACGCTCTATTTGATGGGGGTCAGCGCCAATTTTTAATCGGGAATTGTTACGCATTTGAAACGATGTGGTTATTGTTAAATCTCAGCAATGGCGCATTTCTGTGAGATAGCGCACGCTAACTTTTTGCCTGTAATTTACGGAATGAATGTTATGCAATGCCATTCATTCCAACATTAATGCATTTCATTCCCCGCTGATGGCAGTTCATGCCTTTTTCCCCCACTGGATGAGGGGCCTTCGCTATTGTGGCGGCAGTTAATTTATCAGGACAACTGCTATGAACGCTGCAAACCGTCAATCGACCCGCTGGCTGACACTGATCGGCACCATCATCACCCAATTCGCTCTCGGTTCGGTTTATACCTGGAGCCTGTTTAACAGTTCGCTGTCTGACAAACTGGGCGAGCCGGTCAGTCAGGTGGCTTTTTCCTTTGGTCTGCTGAGCCTCGGGCTGGCGCTCTCTTCGTCGGTCGCCGGCAAGCTGCAGGAGCGCTTTGGCGTGAAGCGCGTCACCATGGCCTCCGGGATCCTGCTCGGCCTGGGCTTCTTCCTGACCGCGCACTCCAGCAGCCTGATGATGCTGTGGCTGAGCGCGGGCGTGCTGGTGGGGCTGGCGGACGGCGCCGGTTACCTGCTGACCCTGTCGAACTGCGTGAAATGGTTCCCGGAGCGTAAAGGGCTGATCTCCGCCTTCTCCATTGGCTCCTATGGTCTCGGCAGCCTGGGGTTCAAATTCATTGATTCCCACCTGCTGGCCACCGTTGGCCTGGAAAAAACCTTCGTTATCTGGGGCGCTATCGTGCTGGTGATGATCGTCTTTGGCGCGACCCTGATGAAAGATGCGCCAAATCACCCGGCAGCCACCGCGGCCAACGGCGTCGTGGAAAACGACTTCACCCTCGCCGAATCGATGCGTAAACCGCAGTACTGGATGCTGGCAGTGATGTTCCTGACGGCCTGCATGAGCGGTCTGTACGTAATTGGCGTAGCGAAAGATATTGCCCAGGGAATGGTCCACCTGGATGTCGCCACGGCGGCCAACGCGGTAACGGTTATCTCGATTGCGAACCTCAGCGGTCGCCTGGTGTTAGGTATCCTGTCTGATAAAATCTCCCGCATTCGCGTGATTACCATCGGTCAGGTCGTGTCGCTGGTGGGGATGGCCGCGCTGCTGTTCGCCCCGCTGAATGCCTTGACCTTCTTCGCCGCCATCGCCTGCGTCGCCTTTAACTTCGGCGGCACCATTACCGTCTTCCCGTCGCTGGTGAGTGAGTTCTTTGGTCTGAACAATCTGGCGAAAAACTATGGCGTGATTTATCTGGGCTTCGGTATCGGCAGCATCTGCGGCTCTCTCATCGCTTCGCTGTTCGGCGGTTTCTACGTGACCTTCTGCGTGATCTTCGCCCTGCTGATCCTCTCGCTGGCGCTATCCACCACCATCCGTCAGC
NZ_CP073782.1_gap61	2866757	2867414	657	TACCGACAGGGGTCGGGTAGGCGACATTTTTCCAGGGATATTTCATGAAACAAACACAACGTCATGACGCCATTATCGAGCTGGTAAAAAAACAGGGTTACGTCAGCACGGAAGAGCTGGTTGAGCAGTTCGCGGTAAGCCCGCAGACCATCCGCCGCGACCTGAACGATTTAGCCGAACAGAAAATGATCCTCCGCCATCACGGCGGCGCGGCGCTGCCCTCCAGCTCGGTCAACACCTCCTGGCACGATCGCAAAGCGACCCAGACGGCGGAGAAAGAGCGTATCGCCCGGCGGGTGGCCAGCGAGATCCCGGACGGGGCGACGCTGTTTATTGATATCGGCACCACGCCGGAAGCGGTGGCGCACGCCCTGCTCGATCACAACGATCTGCGGATTGTGACCAATAACCTTAACGTCGCCAACACGCTGATGGTGAAAGAGGACTTCCGCATTATTCTCGCCGGCGGCGAACTGCGTAGCCGGGACGGCGGGATTATTGGGGAAGCGACGCTGGACTTTATCTCGCAGTTCCGCCTCGACTTCGGCATTCTCGGCATCAGCGGCGTAGACAGCGATGGCTCGCTGCTGGAGTTTGATTATCATGAAGTGCGCACCAAGCGGGCGATCATTGAGAATTCACGCCACGTGATGCTGG
NZ_CP073782.1_gap62	2869196	2870662	1466	TGGATGGCCTCGCTGGGGAAACCTTGCGCCATCCAGCTTTCCGCGGCGGCGCGGTGGATCTCCGGTAGTTCAACCGCCAGCTCCCACTGACAGCGCTGGCGCAGGAAGCTGCCAAACAGCGGGTGATAGCGGAACCATTCGCCGGAATCATCCATCCGCTGCAGGAACAGCCCCTGGCGTTCGATCTCCTCCAGCTGCATCTGGCCATTCTCTTCGCCGGTGACGCGCACGATTAACGCGTCGTTCATTGAGCGCAGCAGAGAACTCTTCAGCAAAAAGTTGCGCGTGCGGGCGTCAACGTTATCCAGCACTTCATCCACCAGATAATCCGACAGATGGCTGGCGTTAATCCCGGCGAGGCGGCGGGCGGAGTGTTGGGCGGAGGAGTTATTCTGGCGGGCGGAGAGGGCGATGAGTTGTAGCGCGGTGGCCCACCCGGCGACATCGTCGCACAGCCGGCTACTGTCGTCGGCTTCGATAGGCGATGTCAGACGACAGTCGAAAAATTGTTTCGCCTCCTGGTGGGTAAAGGCCAGCTGCTGACTGCCAATCTCCAGAAGCTGATCGCGGACGCGCAGATTGGCAATGCCCAGCTGCGGCAGGTTACGCGACAGGACCACCAGGGTCATATTCTCCGGCTGATGGCGCAGGAAAAAGCGCATCGCGTCATGGATCACCGGATTATTGATCAGATGGTAATCATCAATGACGAGATACAGCGGGCGCTGCCAGTCGGCAAGTTCAATAAACAGCTGCGCAAAAAGAGAGGAGAGACTGGCGTACTGGCGTTTTTGCACCATCGCTTCACTGGCCGCGCAGTGGTTGCCGGTAGCCTGCTGAATCGCCGCGATCAGATAGCTGGCAAAACGCTCCTGCTGGTTGTCGCCTTCGTCTAGCGAAAACCACCCAAGATCGTTTTTACCCGCGGCCCACTGAGAAATGAGCGTTGTCTTACCGTACCCGGCAGGACTGGTGATCAGCACGAGACGATAATTGTTCGCGCCGGAAAGTTTCGCCAGTAAGCGCTCACGAACCACAGTGTGTTCAAGGCGGACCGGACGACTTAATTTGGACGGAATCAACATAGTTCTACATTTCGCTGTGCAAGAGAGAGGTTGCGATTTTTTTTGCGCTTCGTAATTAATATCTAATAAGGTCGGTGATTATGAAATTTATTGCAAGTTATGTCCGAAGTTTATGCTCTTGAATTTGCTCTATGTCACAAATTTTGACATTGGCTGAGAATGGGAAAAAATCGCAGGCAGGACTGGTCGGCCGCGGTTTTCAGGCGGTAGCTGGCGGAGTGTGGGTGGATTTATTTTACGCTAAGAGTAGTTGTTTGTTTTTATTAAATTATTGTCAGCGATTTCTTAGAAGTAATCTTTTTTGCGGGTCAATGCGATGAAAGGTGCTTATTTCTTCAGGGGCCTCTATTTATTTTGTTAATAACGTGGCGAGGAACTGGA
NZ_CP073782.1_gap63	2880407	2884844	4437	CTTCGATGGGGTTGGCCAGGACGCTGAGGCTGAAGGTGTCTTTCAGTCCCTGCCATGTCTCATCGACGGCGGCGAGCAGTTCTTCGCCGAGACTGAAGGTCTGCGGATTGAATTCCTCATTCTGGATATCTTCGGCGGTATAGAGGGTGTTCAGCGTACCCACTACCACCTCTTTCGCCATCGCGCCGGTAAACAGGCCGACGGTGGCCTGCCAGTTATCTTCATGCACGCCGATCGGTTTAAACACCGGCGTAATGACCCGGCTCACCGAGGCCAGCGCGGAGTCGTTGATGTTGTCGACGACCTTACCGCTCAGTGAGAAGCTGTTCAGCGCGCTGAGGAAGATGCTGACGATGACGATCACCTTCCCGGCGCGCAGCACAAAGCCTTTCAGGCGCTGCCAGGTCTGGATAATCAGGCTCTTGATATGCGGGACGTGGTACACCGGCAGCTCCATCACGAACGGCGAGGCTTCGCCGCGCATAATGGTGTGCTTCAGCATCAGGCCGGTGAGGATGGCCATCACAATGCCCAGCACATAGAGCGAGAAGACCGCCAGCGCGCCGTTCTGCCCAAAGAAGGCGGCCGCGAAGACGGCGAAGATCGCCAGCCGCGCGCCGCAGGACATAAACGGCGCCATCATAATGGTCATCAGACGCTCGCGCGGCGCGTCAAGGGTGCGGGCGCCCATCACCGACGGCACGTTGCAGCCAAAACCGACAATCAGCGGGACGAAGGATTTCCCCGGCAGGCCGAGGGCTTGCATCAGGCGATCCATCACAAAGGCGGCGCGCGCCATGTAGCCGGAGTCCTCAAGGAAGGAGAGAAACAGATACATCATGCCGATCTGCGGCACCAGCGGCAGCACGGTGTTGATACCGCCGCCGATCCCCTGGGCGAGGAACACGGTCAGCCAGTCCGGGAAGTGCAGGGTGTAACCCAGCCATTGAATGCCATGCACAAAGATCGCGACCGAGCCGGCATCGAAAATCGGCTGCAGCGCGCCGCCGATGTTGATCGCCAGCAGGAACATCAAGTACATGACAAAGAGAAAAATCGGCAACCCGAGGAAGCGGTTGAGGATCACTTTGTCCATCGCGGCGGTGAAGCGGCTTGGTTCGGCGGTCAGGGTATTGCTGACGGCGTCGCAAATGGCGGCGATGGTCTGATAGCGCGCGTCAGCGATGTGCAGCGCCGGGTCGTCGATCTCGTCGCTGAGATTCGCCAGGGCGATATCCAGTTTATCGGCGGCGTCGCCGGCATAGGCCCGGCTGTAGATATCGCCCTCCAGCATCTGCAGACCCAGCCAGCGCCGCTGCCGGGTCGGGATCTGCGCTGACATCTGCTGCGCCAGCAGGTCAGCTTCGCGCAGCAGCGGCTGCGGATAGTGGACAAGCTCAAGATCGCTGTTCGCCTGATGACGGTCGAGGGCGATCTTCAGCGCTTCGATCCCCCGTCCGCGAGTCGATACCAGCGGAATGACCGGGCAACCGAGACGGGCGGCGAGGGCGTCGATATCGATCCGCACCTGCTGCTTTTCGGCGATATCCAGCATGTTCAGCGCGACGACGCAGGGGATCCCCAGCTCGAGCAGCTGTAGCGTCAGATAGAGGTTGCGCTCGAGGTTGGAGGCATCGACCACGTTAATCAGCATGTCGGCGTCGCCGCTCAGGATGTAGTGGCAAGCAATCTGCTCGTCCAGCGAGGTCTGCGAGGAGATGGTGGTCAGGGAGTAGGTTCCCGGGAGGTCGACCAGCGTGACCTGGTGGTCAGTGGTGGCGAAAATCCCCTCTTTACGCTCAACGGTCACCCCAGCCCAGTTGCCCACGCGCTGGCGAGCGCCGGTCAGCTGATTAAATAAGGTGGTCTTGCCGGAATTAGGATTACCAATTAAACCAACGGTTAATTTTTGCATATTTCAGACTCTTGTGCCGGGCCAGCCGTTATTGTGCAACCGCTTCCAGTTCGATTAAGGCGAGATCTTTTTTGCGTAATACCAGACTGACGCGTCGGGTTTCAATATGAACAGGATCGCCGAGCGGCGCCACGCGAACCACATGAAAAGAGGAACCGGGCAGCATGCCGAGGGAGAGCAGTTTCTGACGGTATGCTGGGCTAATATCGCGAGAAAAACCGGTAATTTTCCACGCACTATCAGGTGTGAATTGCATAGGGCCTACTTGTCTATCGCTAACCGAAGAAGAATTTTCCGGACGCCTGGAGGCAGTTGCGCCGGGGACCGTAGCCAACGAAAAAAGAAAAAAACGTTCTGTAATCGATGATAATGAGAATGGTTTTTATCATCAATACATATGATGCGCTGCAGGCTATTTTTAAAGTGAAAATCACCTTTTTATTGATATGCCGCAAAGTCAGCCTGTAATCAAAAATGCGCGAAATATTATTTCGGCGATCTAATGTTTAATTAAGGTTTCTGAAGTTAACGAAATGAAAATATTAATTTCGCTGCCTTTCAGGCGTGGAATAAAAGCAGGTTATCAGAAACAACTGAACCTGTTTTGCGCGTGATGGCGATGGCCTGGTCATGAAAAAAAACTGCCCCTGAAAAAGGGGCAGGGAGAGTTTAGCGTTTTTTACCCATCGCTGCGGCGAGGGCATCCATCATCGCGCTGTTGCCGGCAGGCTGCGCCTCGCGACCGCGGGTTTTGGCGGCTTTCGCGGCCGGGCGGTTACCCTGCGGGCGCTCCTGACCACCGCCGCGGCGGGCGTTGCTGTCGCCCGGCTGCTCGTCGAGACGCATGGTCAGGGCGATACGCTTACGCGGCAGATCGACTTCCATCACTTTGACCTTGACGATGTCGCCCGCTTTCACCACGGTGTGCGGATCCTCAACAAATCGGTCAGAAAGCGACGAAATGTGTACCAGTCCGTCCTGATGAACGCCGATATCAACAAACGCGCCGAAGTTGGTGACGTTGGTGACGGCACCTTCCAGAATCATTCCCGGCAGCAGGTCATTCATGGTCTCCACACCATCGGCGAACTTCGCGGTCTTAAACTCCGGACGCGGATCGCGGCCCGGTTTTTCCAGCTCTTTGATAATGTCGGTGACCGTCGGGACGCCAAACTTCTCATCGGTGAAGTCCACTGCCTTCAGGTGGCGCAGCGCACTGCTATTGCCCATCAGATCTTTCAGCGCCTGCTGGGTGGCGGCCAGAATACGTTCGACCACCGGGTAAGCTTCCGGGTGAACGGTGGAGGCATCCAGCGGGTTGTCGCCGTGGTTGATACGCAGGAAGCCCGCGCACTGTTCAAAGGCTTTCGGCCCCAGACGGCTGACTTTCAGCAGCTGCTGGCGGTTCTGGAACTGACCATTCTCGTCGCGCCAGGCGACGATGTTCTGCGCCATCATGCGGGTCAGGCCGGCGACGCGGGTCAGCAGCGGAACGGAGGCGGTGTTCAGGTCAACGCCGACGGCGTTCACACAGTCTTCCACCACCGCGTCCAGCTTACGCGCCAGCTGGGTCTGGCTGACGTCGTGCTGATACTGGCCGACGCCAATGGATTTCGGGTCGATTTTCACCAGCTCGGCCAGGGGATCCTGCAGACGGCGGGCGATGGAGACCGCGCCGCGCAGCGACACGTCGAGGTCCGGAAACTCCTGCGCCGCCAGCTCGGAGGCGGAGTAAACGGAAGCCCCGGCTTCACTGACGATCACCTTCTGGGCGGTGACCTTCGGGAACTGTTTCTGCACGTCGAGGAAGAAACGCTCGGTTTCACGCGAGGCGGTACCGTTGCCGATGGCCACCAGCTCAACGTTGTACTTCTCACACAGCGCGGCGACGGCGACGGCCGCTTTGGCGGCCTGGCCGGTGTGGGGATAGATGGTATCGGTAGCGACCAGTTTACCGGTGGCGTCGACGACGGCCACTTTCACCCCGGTGCGCAGGCCCGGATCGAGTCCCATGGTGGCGCGCAGCCCGGCGGGCGCGGCCATCAGCAGATCGTGCAGGTTGCGGGCGAAGACGTTGATTGCCTCGTCCTCCGCGCGTTCGCGCACGGTGCCCATCAGCTCGGTTTCGAGATGCATCAGGACTTTGATCCGCCAGGTCCAGCTGACGACGCCTTTACGCCAGCTGTCCGCCGGGGCGTTATTCAGGCGCAGGCCCAGGTGGTCGATAATAATTTGCTCGCCGTGGCTCTCTTTCGGCGGCTCGTCAAACTGCGGGTCAGCGTTTAAAGAGAGCTGCAGGACGCCTTCGTTGCGACCGCGGAACATCGCCAGCGCGCGATGCGACGGCACGGTGGCGATCGGTTCATGGTGATCGAAGTAGTCGCGGAATTTAGCGCCTTCCTCTTCTTTACCGCTGACGACGGTGGAGACCAGGTGGGCGTTTTTCCACAGATAGTCACGGACCTTCGCCAGCAGCGCGGCGTCTTCGGCAAACCGCTCCATCAGAATATAGCGCGCGCCGT
NZ_CP073782.1_gap64	2916133	2919248	3115	GGGGACGATAAGGGGGGCGACGATGCGTCCACTCACCGATAAGCAAAAATCCCGACTCTGGGAACAGACACGCAATACCAATTTTCAGGCCAGCCGTCGCCTTGAAGGCGTGACGGTGCCGCTGGTTACGCTGACTGCCGAAGAGGCGCTGGCGCGTCTGGCGACGTTGCGGAGGGAGTATGAGCGATAAATTCGGCGATGAACGCGATCCTTATCTCTATCCGGCGCTGAACGTGCTGCGCAACCGTCTCGGCATCCGCCAGGCTAAAAATCTGCAGCAGGCCGCCTTTGAGATGACAGCGCTGCGGGCGGCCACTCTGCCGCTGGGCCCGCGGGTGCGCGGCTTACCCTATCTGTGCGCTATTCATCATCAGTTGTATCAGGATCTGTTTGACTGGGCGGGCCGCTTGCGTGAAGTGAACCTCTACCTGGGCGATACGCCGTTCTGCCACTTTGCCCGGATCGAGGAGGAGGGGAATGCCCTGATGCAGGCCCTTGAGCAGGAGGATTATCTCAATGGCCTGCCGCGCGATACCTTCATCGAACGCCTGAGCTGGTTCTATGGTGAAATTAATGTGCTGCACCCTTTTCGTCTTGGCAATGGCCTGACCCAGCGCATTTTCTTTGAACAGCTGGCGATACATGCCGGCTACCTTCTTAACTGGCGTGACGTTGACCCCGCCGGCTGGAGTGCGGCCTGCCAGCAGAGCGCGATGGGCGATCTGGCCCCGCTGGTGGCGATCTTTCGCAAAGTGGTAAGCGAAGCGCGGGAATCTGAGTAGAATAGCCCGGTTTTGATTGTTCCGGAGCCGCTATGATCCTGCTTATCGATAACTATGACTCTTTCACCTGGAATCTGTATCAGTACTTCTGCGAACTGGGGGCGGAAGTACTGGTCAGGCGCAACGATGCGTTGACGCTGGAGGAGATAGCGGCGCTGGCGCCGGAGAAAATCGTGATCTCGCCAGGCCCCTGCACGCCGGATGAGGCGGGGATTTCCCTCGCGGTTATCCGCCACTATGCCGGAAAAACGCCGCTGCTGGGCGTCTGTCTCGGGCATCAGGCGATCGCCCAGGCGTTTGGCGCGACTATCGTGCGGGCGGCCCAGGTCATGCATGGCAAAACCTCGCTTATCGAGCATAACGGCGAAGGGGTGTTTCAGGGGCTGAATAATCCCCTGACGGTGACCCGCTATCACTCGCTGGTGATTGACCCGCCGACGCTCCCGTCCGAGTTTAACGTCACTGCCCGCAGCGCCAGCGGTGAGATTATGGGGATCCGTCACCGCGAATGGGATCTCGAGGGCGTGCAGTTTCATCCGGAAAGCATCCTCAGCGAGCAGGGCCATCAATTGCTGGCCAACTTTTTGAAACGGTGATTTTCAGTTGCTATTGACTGATTTTTTATGCATATTTTGTGATTATATTATCATAATCGCATCTGCGTAACGAAGAGGGATGGGCAAGACATGGCAACTGAACAACCGGCAATCACCCGCGCCACATTCGATGAAGTTATTTTGCCAATTTATGCACCGGCAGAATTCATCCCGGTGAAGGGGAAAGGCAGCCGCGTCTGGGATCAGCAGGGGAAAGAGTATATCGATTTCGCCGGCGGTATCGCGGTGACGGCGCTTGGCCATTGCCATCCGGCGCTGGTGGCGGCGCTGCATCAGCAGGGCGAAACGCTGTGGCACACCAGCAACGTCTTTACCAATGAGCCGGCGCTGCGTCTGGGACGTAAACTTGTCGAGGCTACCTTCGCCGAGCGCGTGGTGTTTATGAACTCCGGCACCGAAGCCAATGAAACGGCCTTTAAGCTGGCGCGTCACTATGCGGTGACCCGCCATAGCCCGTATAAAACCAAAATCATCGCCTTCCATAATGCCTTTCATGGCCGCTCCCTGTTTACCGTTTCCGTCGGCGGTCAGCCGAAGTATTCCGATGGTTTCGGCCCAAAACCGGCGGATATTGTCCATGTTCCCTTCAACGATCTGCAGGCGGTAAAAGCGGTGATGGATGACCACACCTGCGCGGTGGTGGTGGAGCCGATTCAGGGCGAAGGCGGCGTGACGGCGGCCACGCCGGCTTTCCTGCAGGGACTGCGCGAGCTGTGCGATCAGCACCAGGCGCTGCTCGTCTTTGATGAAGTACAGTGTGGTATGGGGCGTACCGGATCGCTGTTCGCCTATATGCACTACGGCGTGACCCCGGATATTCTGACCAGCGCCAAAGCGCTGGGCGGCGGCTTCCCGGTCAGCGCCATGCTGACCACCCACGAGATCGCCAGCGCCTTCCATGCGGGCTCCCATGGCTCAACCTACGGCGGCAACCCGCTGGCCTGCGCGGTCGCCAACGCCGCCTTCGATCTGATCAATACCCCGGCGGTGCTGGATGGCGTAAGCGCGAAGCGCGAACTGTTCGTCAAACACCTGCAGCGGCTGGATGCCGAGTTTGATCTGTTCAGTGATATACGCGGGATGGGCCTGCTGATCGGCGCGGAACTCAAGCCGCAGCACAAAGGCCGTGCGCGTGATTTCCTCTATGCCGCGGCCGACGCCGGCGTCATGGTGCTCAACGCCGGGCCGGACGTGATGCGTTTTGTTCCCTCGCTGATCATCGACGAGCAGGATATTGCCGAGGGGATGGCGCGCTTTGCTCAGGCCGTGGCAAAGGTGATTAACGGCTGATCTTCCGCAGCCAGATGCCATGGTGCGGCCGCTGACGCCATGCCACTGACGAAATGGTGTGCATGGTGTTCAGATGGCCCAGAATGCGTTGCAGATGCTGCTCCAGGGTGCTTAACGGACCGATCGGCACCTCGCTTTCCGGCGACTCCATAATATTGGCATCCCCTGCGCTGCCGGGACCATCGCTGTCCAGCCGCTGCTGGCAGCGCTGCAGCGCAATCTCACAGGATTCGAGATAGCGCTGGGCAAGATCCGGGGTCAGCATCGTATGCTCCCGGGCCAGGGTGGTCATAGCGTTGATGTGTTCGACGATAAACTGGCTGTGCGTCACCCACAGCTTCATATCTTCCAGATAGTGGGTATTAAACCCGGGCTCCTGCATCGCCTGATTCAGGGAGTTGTAGAGCGCGTTGTGCGCCTGGTTGA
NZ_CP073782.1_gap65	2923711	2925924	2213	GGTAATAATCCAGCGCATCGGCAAAGCCATGGATTTTGGCGGTGATCATATCGTCAAATTCCCGGATGCGGCGCATCCCTTTGAGCTGGCGTAAATCGACGGGCAGCGAGCCCGGGTACGCTTTCAGCTTGCGTGAAGCGTTGGCTTTTAACAGATTGAGCAGATAGCGCTGATAAACTCGCGAGAAGCCCTTATCCATATGATAGCTGCAGGCTTCGAGCATGAAAGGCGCGGAGACGATCACCGCCGCATCCAGCGGGCAGCGGTCACCTTCCTCTGCCAGCAGGCAGCCCAGCATATTGCCGCCCAGCGAATAGCCGACGGCCGCGGTCGGCGCGGGACCAAACTCGCGCTTCAGCCAGTGCAAAAACCAGGTGCCATCTTCCGTTTCGCCGGAGTGATAGATGCGGTGATTGCGGTTAGGTTCGCCGCTGCAGCCGCGGAAATGCATCACCACGCCCAGCCAGCCGCGCTGTATCGCCGCGTGGATCAGACCATGGGCGTACGGGCTGTGCAGACTGCCTTCCAGGCCGTGAAAAACGACGAGGCGCGGCTTATGGCGCGCCTGGTGCGGGTCTTCGCTCCAGGCCAGATCGACAAAATCGCCGTCCGGCAGCTCAAGGCGCTGCCAGTGCGGGGTAAAGCGCAATTTACGGCGAATCAGCCGCGGCAGCATGGTTTGCAGATGACGATTGCCCACGCCGCGCATCGGATGGAACTCACGCGAATCGTTTTCGGGGGGCGTCATGTCTGTGGGGATGATTTCAACCATAGCACCAGAACAATTAATAAACGTGATGATGACTATACCGCGCAGGGCATGCAGGGGGTTAGCCAATATGTGGTCTTGCGGCCAGTGACGCCAGCTTACAGCAAAAACAAATCATTGATGTCGCTGATGGCCAGGCCATGAAGAGGGCAGAAACCCACCCTGCCAGCGGCAGCGTACGCGCAGGCAGGATGAAGAGGAAGAGTTTAGCCTTCCTGAAGCATGCGCTCCAGCTGCTCCTGGGCCTCCAGCCAGGCCATCTCGCACTCCTCCAGCCCGGACTTCGCGCTGGCCTGTTGCTGCAGGCATTCGGTCAGCTCGGCTTTACGTGAGGCGTCATAAAGCTCACTGTCGCCAAGTTTTTCTTCCGCACTGGCCAACTGCGCGTTGAGCTTGTCCATCTCTTTTTCCAGACGGGCGATCTCTTTGCGCAGCGGTTGGGTCTGGCTGCGCAGCTCCGCTTCCCGACGCTTCTGGTCTTTGCGCGCCTGGGCGCTATTGCCGCTCTCTTTTGGCGCCTCGCCGCTCTGGGACTCCTGTTTTTGCGAGTCGCTGAGCCACTGCTGATAATCTTCCAGATCGCCGTCGAACGGCTCGACTTTACCATCGTGGACGAGGTACAGATCGTCAGTGGTGGAACGGATCAGGTGACGATCGTGCGATACGACCACCAGCGCCCCTTCAAAGTCGATCAGCGCTTCGGTTAAGGCCTGACGCATATCGAGGTCAAGGTGGTTGGTCGGTTCATCGAGCAGCAGCAGGTTAGGGCGCTGCCAGACGATCAGGGCCAGTACCAGGCGCGCCTTTTCTCCACCGGAGAAGCGGCGGGTTTCTTCGCTCACCTTATCGCCCTGGAAACCAAAGCCGCCGAGATAATCACGCAGCTTCTGCTCCAGCTCCTGCGGCGCCAGACGCGCCAGGTGCTGCAGCGGCGACTCATCGGCGCGCAGGAATTCCAGCTGATGCTGGGCGAAGTAGCCGAGCTTGATGCCTTTCGCGAGGCCGATCTCGCCGCTTACGGGCTGGAGCTCGCCTGCCAGGAGCTTAATCAGCGTCGACTTCCCGGCGCCGTTGCGGCCCAGCAGGCCGATACGCGAGCCCGGCACCAGGTTAAGCTTGATGGAGTCGAGAATAATACGCTCGCCGTAGCCGGCGCTGACTTTCTCCATCTTCAGCAGCGGGTTAGGCAAGCTCTCCGGCTGGCGGAAGCTGAAGTGGAACGGGTTATCCACGTGCGCCGGAGCGATAAGCTCCATCCGCTCCAGCATTTTGATCCGGCTTTGCGCCTGCTTGGCCTTGGTGGCTTTGGCACGGAAGCGATCGATATAGCTTTGCAGGTGCGCGACGCGCTGCTGCTGGCTTTCGTACATCGCCTGCTGCTGAGCGAGGCGGGTGGCGCGCTGCACTTCAAACGAACTGTAGTTGCCGGTGTACTCAAACATGG
NZ_CP073782.1_gap66	2978928	2982311	3383	CGGAAGGCGAAGTACAGCGGTGCGACGCTTGGAATGGAATCTTTGGTCGCTTTGGCGATCTGCTCTTCCGTGGCGTCAGCGACGTTCGGGGTATAGCGCTTCAACAACAGGCCATAACCGAGGTCCTTCTTCACGTTATTGAACTGGTCACGCACGGCCTGATCGGTTGAACCGGCGCGCAGCTGTTCCAGCAGCGCGTAGGCTTTCATGCCGTTACGGATACGCTCTTCGTGCTGAACCATCAGATCCTTGAGGCCGATAACCGGCTTGTCCACCGAGCGGGTAGCAATGATGCCCAGCGCGTAGGGGATCTGGATCGCAAAGTGGTTGGTCTGCGCATTCTGATCGGGAATACCAAACAGGGTGAAGGCCGCCGGCGCAGGCTGGGTTTCCCACTCTGCTTCGATAGCCGCCAGTTTGGTTTTCTGCACGTCACCCATTTCGTAACCGGATTCGTCACCCAGCACAATAACGGAGAGGATCGCCGCCATACCGAAGCTGGCTGCGATGGCAAAGGAGCGCTTGGCAAAGGCGAAGTCGCGACCTTTCAGCATGTACCAGGAGCTAATCGCCAGGATGAACATCGCGCCGGTGACATAGCCCGACGCCACAGTGTGAACGAATTTCACCTGGGCGACCGGGTTGAGCACCAGTTCAGAGAAGCTGACCATCTCCATACGCATGGTTTCGAAGTTGAAGTCCGATGCGATAGGGTTCTGCATCCAGCCGTTGGCGACAAGGATCCACAGCGCGGAGAGGTTGGAACCCAGCGCAACCAGCCAGGTGACGGCCATGTGCTGAACTTTGCCCAGACGATCCCAACCGAAGAAGAACAGACCTACAAAGGTGGATTCGAGGAAGAAGGCCATCAGACCTTCAATGGCCAGCGGCGCACCAAAGATATCGCCCACGTAGTGTGAGTAATACGACCAGTTAGTCCCGAACTGGAACTCCATGGTCAGACCGGTCGCCACACCCAGCGCGAAGTTGATACCAAACAACTTGCCCCAGAATTTGGTCATATCTTTATAAATCTGTTTGCCGGAAAGGACGTAGACCGTTTCCATGATGGCCAGCAGGAACGCCATACCGAGCGTTAGCGGCACAAACAGGAAGTGGTACATCGCGGTCAAGGCAAACTGTAAGCGCGACAGTTCGACTATATCTAACATCATGACTCCTTGCTCATCGCATGAAGACTCCGAAAATGAACCGAGAAGCTCTGGCTCATACGCATGCCCCAATACAAATTTATTTGTCGCCCGTCCACAGCAGGTTTCAATCGAAGGTAAAACCATGCCAGGGTAAGGTTACAAATACGTTAACGAAAAACCCAATTGATTCCCCAATATATTACGCCGCAATAACCTTACAATAAATATGTTTTTATTGTTCCAGTTTTACATTTTTCGACGGTGATCAGTATATAGTGAAGATGGCTGAATTCAGCCAATTTGACTTGAGACAATTTAACGTTTTTTGAGGGATTTTTCCAAGGATTAAGTATTGATATAAATCAATTTTTACTCTATGTGTTAATTATGTAGCCCAATAAAGAATATTGGTGAACTTAATGTTAATTAAGTGTTTAAACTATGGCTTTTCCAGTTACTAAAAAGAGAGATATGAGAATCATAGGTAATATTATTTAACGTCGTGGAAAAAAAACAAAAAAAAGGAACCGATCCGAATAATGTTAGACCGCTCACAGTATTTTATCTGCTTCCTTATCCCCTGCCCCACGCTTTTTCGCTGCCGCTTTTGTTTCCCTACGGTACAGCCGGGGTATATTTTTTTAGCCACTACAGCGCATCGAAAATACTTATTAAATAATAAATTAAATCAATATGATAGATAGGGCTTTTCGCAGAAAATCAATTCGTTGTTGGCGCTGCGGTTCTGACGAGACGGGATAACGGTCACAAAAAAGGCCACCTGACGGTGGCCAACCATGTCGAAATCGGACAGATTTCTGCTTGCGGACAAGCAGAGAGGGTTTACTTGATAATAGCTTTCAGCGCTTCGCCGATGTCGGCCAGGCTGCGAACAGTTTTCACACCCGCCGCTTCCAGCGCTGCGAATTTCTCATCCGCTGTACCTTTACCGCCGGCGATGATAGCGCCCGCGTGGCCCATACGCTTGCCTTTCGGCGCGGTAACGCCCGCGATGTAGCCGACAACCGGCTTAGTGACATGATCTTTAATATAAGCAGCCGCTTCTTCTTCCGCGCTGCCGCCGATCTCACCGATCATGACGATCGCTTCGGTCTGCGGATCTTCCTCGAACATCTTCAGGATATCGATGAAGTTGGAGCCCGGGATCGGGTCGCCGCCGATACCGACGCAGGTAGACTGGCCGAAGCCGTAGTCGGTGGTCTGCTTAACCGCTTCATAGGTCAGGGTGCCGGAACGGGAAACGATGCCCACTTTACCCGGCTTGTGAATGTGACCCGGCATGATGCCGATTTTGCACTCGCCCGGAGTGATAACGCCCGGGCAGTTCGGGCCGATCATACGCACGCCCGCTTCGTCCAGCTTCACCTTCACGGTCAGCATATCCAGCGTTGGGATACCTTCGGTGATGGTGATGATAAGCTTAATGCCCGCGTCGATCGCTTCCAGGATGGAATCTTTGCAGAACGGCGCCGGAACGTAGATCACGGTCGCGGTCGCGCCGGTCGCTTCAACGGCTTCGCGCACGGTGTTGAACACCGGCAGGCCCAGGTGAGTGGTGCCGCCTTTGCCTGGCGTCACGCCGCCAACCATTTGCGTACCGTAAGCGATCGCTTGTTCAGAGTGGAAGGTCCCCTGGCTACCGGTGAAGCCCTGGCAGATAACCTTGGTATCTTTATTAATTAAAACTGACATTATTTCCCCTCCACTGCGGCAACAACCTGCTGTGCTGCGTCCGTCAGACTTTTCGCTGCAATAATATTCAGGCCGCTGTCAGCCAGTTTTTTCGCGCCCAGTTCGGCGTTGTTACCTTCCAGACGAACCACAACCGGAACGTTAACCCCTACTTCCGCTACCGCGCCGATGATGCCGTCAGCGATCAGGTCGCAACGCACGATGCCGCCGAAGATATTAACCAGCACCGCTTTAACGTTGTCGTCAGAGAGGATGATTTTGAACGCTTCGGTCACGCGCTCTTTGGTCGCGCCGCCGCCTACGTCGAGGAAGTTAGCCGGTTCGCCGCCGTGCAGCTTAACGATGTCCATGGTACCCATCGCCAGGCCTGCGCCGTTAACCATGCAGCCGATGTTGCCGTCCAGCGCGACGTAGTTCAGTTCCCACTGCGCCGCCTGCGCTTCACGTGGGTCTTCCTGAGACTGATCGCGCATTTCGCGCAGATCCGGCTGGCGGAACAGCGCGTTGCCGTCAGCG
NZ_CP073782.1_gap67	2988735	2992772	4037	GCAGATGCAGGCCCGCCGCGCGGCCGAAGACCACCAGGTCGAGCAGCGAGTTGCCGCCCAGACGGTTGGCGCCGTGGACCGATACGCAGGCGATTTCGCCTACCGCGAACAGGCCCGGGATCACCACGTCTTCGCCCTTTTCATTCACGGTCAACGCCTGGCCGGTGACTTTGGTCGGGATACCGCCCATCATGTAGTGACAGGTTGGGATAACCGGGATCGGCTCTTTCACCGGATCGACGTGGGCAAAGGTACGGGAAAGTTCAAGGATACCCGGCAGACGAGATTCCAGAACCTCTTTACCGAGGTGATCCAGTTTCAGTTTCGCGTGCGGGCCCCACGGACCGTCGCAGCCGCGGCCTTCGCGGATTTCGATCATGATGGAACGCGCCACCACGTCACGGCCCGCAAGGTCTTTAGCGTTCGGGGCATAACGCTCCATAAAGCGTTCGCCGTGTTTGTTCAGCAGGTAACCGCCTTCGCCGCGGCAACCTTCGGTAACCAGAACCCCAGCCCCGGCGATACCGGTCGGGTGGAACTGCCACATTTCCATATCCTGCACCGGCACGCCGGCGCGGATGGCCATCCCGACGCCGTCACCCGTATTGATGTGGGCGTTGGTGGTGGACTGATAGATACGGCCTGCGCCGCCGGTCGCCAGCACGGTGGCGCGGGCTTTAAAGTAGACCACTTCGCCGGTCTCGATGCACAGGGCGGTACAACCGACTACCGCGCCGTCCTGGTTTTTCACCAGATCGAGGGCGTACCATTCGGAGAAGATAGTGGTGTGGTTTTTCAGGTTCTGCTGATACAGAGTGTGCAGCAGGGCGTGACCGGTACGGTCAGCCGCCGCCGCGGTACGCGCCGCCTGTTCGCCGCCGAAGTTCTTCGACTGGCCGCCAAACGGGCGCTGATAAATACGGCCATCGTCAAGACGAGAGAACGGCAGTCCCATGTGCTCCAGCTCAAGAATCGCTTCCGGGCCGGTCTTACACATGTATTCGATGGCGTCCTGGTCGCCGATATAGTCCGACCCTTTTACGGTGTCGTACATATGCCATTCCCAGTTATCTTCATGGGAGTTACCGAGCGCGACGGTGATGCCACCCTGCGCGGATACGGTATGGGAACGGGTAGGGAACACTTTGGAGAGCAGTGCACAGGTCTGTCCGCTCTGGGAAATTTGCAGCGCCGCGCGCATACCTGCGCCGCCGGCACCGATGACAACAGCATCAAACTCTCTGACTGGCAATTTCATTACACACCCCACACCACAACAAATCCATAAAGAACGTAAGCCACCAGCGCCACAACGATAGCCAGTTGCAGAACCAGGCGCAGAGCCAGTGGTTTAACGTAGTCTGTTAACACCTGCCACATCCCGATCCAGGCATGGATGAGAATGGAAACGAGAGCCAGCAGAGTGAAGACCTTAGTGAAGCCGGAGGCAAAGAATCCGGTCCACACTTCCCATGAGATTTCACCGGTGGTGGCGAAGAAGCCAACCATGTAGATGATGTAGAGGGTCAGAACGATGGCGGTAGCACGGACCAGGATAAAGTCATGTACGCCGTTGCGTCCCAGTGCTGAGGCGTTGCTTACCATACGAGGACTCCTGCGAGAAGTGAAAGCACGACAGTAATAACAAAAGAAATTTTGGCGGAACGTTTCCCTGCTTCGAGGGTTTCGTCAAGGTAGCCAAAGTCCATCATCAGATGGCGAATACCGACAACGACGTGATAGGCCAGCGCGGTGAGAATGCCCCACATGATGAACTTCACAAAGAAGCTATCCATGATGGAGGCCGCCGTCAGAAAACCTTCTGGGGAGGAAAGGCTGGTGCCCAGCAGCCAAAGCAGAATTCCGACCGCCACGAAGGTGATGACACCGGAAACGCGATGGAGAATGGACGCTATCGCCGTGATTGGGAACCGTATCGTTTGTAGATCCAGATTGACAGGTCTTTGTTTTTTCACATTTCTTACCATGAATAACGCCCACATGCTGTTCTTATTGTTTCCTTCCTCCGGTCTGCTTGCGGGTCAGACAGCGTCCTTTCTATAACCAGAAGTCATGTTAAAACGTCTTTTCAGGCATTAAAACATCACTAAACAACGCTGGGTGGCTCGGGATTGCAGGGTGTTCCGGAGACCTGGCCGCAGTATAGGCCGTTCACAAAATCATTACAATTAACCTACATATAGTTTGTTGGGTTTTCTCCGGAACAGTGATCAAGGTCACGATACCAACATTTTTTTAATTTTTAATCACCTGATTTGACAAATATTAAACATTCTTGTTACAACCATTACCAGTTAAATGCAATAATGCTCAAAAGTTATGGGGTCACTCTTTCACCTGAGAATAAGTTATGTAACAGTGTGTCAGTATTGACCGATGTAATCAGGACAGTTATTAGTGGTATATAGGTTTTAATATTCGGACTGCTAAAACGCTGATTTGCTGTTGTTTCACCGCAGCCCTGAAGGACGTGCCATCAAGCGCCGTTGCTCTGTACCCTGCCCTTTTCGCTGACGCAGAGCTGTGTGCAACATAACAAACTGGTAACGTATGCAGGCGCGGGCCGAAAGCAAATCCACCACCCGGCAGTCTTAAGCAATAAAGGCGCTAAGGAGACCATAAATGTCTGATGCTAAAGCAAAAATCACCCTGGGTGGTGACACTGCTATTGAACTGGATGTGCTAAAAGGCACGCTCGGTCAGGATGTTATTGATATTCGTAGTCTTGGTTCAAAAGGCGTATTTACCTTTGACCCAGGTTTCACATCAACGGCTTCTTGTGAATCTAAAATTACGTTTATCGATGGTGACGAGGGGATCCTGCTGCACCGCGGCTTCCCGATCGACCAGTTAGCGACCGAATCTAATTATCTTGAAGTCTGTTATATCCTGCTGTACGGCGAAAAGCCGACCCAGGCCGAATATGACGAATTCAAAACTACCGTCACCCGCCACACCATGATTCATGAGCAGATCACCCGTCTGTTCCACGCGTTCCGTCGCGATTCCCACCCGATGGCGGTGATGTGCGGGATCACCGGCGCGCTGGCGGCGTTCTATCATGATTCCCTCGACGTGAATAACCCGCGTCACCGCGAGATTGCCGCCTACCGTCTGCTGTCCAAAATGCCAACCATGGCAGCCATGTGTTACAAGTATTCTATCGGCCAGCCGTTTGTTTATCCGCGCAACGACCTCTCCTACGCCGGCAACTTCCTGCGCATGATGTTTGCGACACCGTGCGAAGAGTATGAAGTCAATCCGGTGCTGGAGCGCGCGATGGATCGTATTCTGATCCTGCACGCCGATCACGAGCAGAACGCGTCGACCTCCACGGTACGTACCGCGGGCTCCTCCGGCGCTAACCCGTTCGCCTGTATCGCTGCGGGCATCGCCTCCCTGTGGGGACCGGCACACGGTGGCGCCAACGAAGCGGCGCTGAAAATGCTGGAAGAGATCAGCTCCGTTGAGCACATTCCGGAATTTGTTCGTCGTGCGAAAGACAAGAATGACTCTTTCCGCCTGATGGGCTTCGGCCATCGTGTTTACAAAAACTACGATCCGCGCGCCACCGTGATGCGTGAAACCTGCCATGAAGTGCTGAAAGAGCTGGGCACCAAAGACGACCTGCTGCAGGTGGCCATGGAGCTGGAGCATATCGCGCTGAACGACCCGTACTTCATCGAGAAGAAACTGTATCCGAACGTCGACTTCTACTCCGGTATCATCCTGAAAGCGATGGGTATTCCGTCCTCCATGTTTACCGTTATCTTCGCCATGGCGCGTACCGTGGGCTGGATTGCGCACTGGAACGAAATGCACAGCGATGGCATGAAGATCGCCCGTCCGCGTCAGCTGTATACCGGCTACGCCAAACGCGATTTCCAGTCCGACATTAAGCGTTAATCTCACTGTCCGGATCATAAAAACGCGCCTGCTGGCGCGTTTTTTTATGCCTGATAACGCGCTTCATGCTGAAATCGCCCGCCAGCCGGCTTAATGCTGGCATCCTGGAC
NZ_CP073782.1_gap68	3168859	3170479	1620	GTGGGCGCTAAGGCCGTGGTGAACATGCACCGCCCGCAGCGTCAGCGAGGGATCCTGTTCCCGCAGCAGCACCAGCTGATGCAGAAGAACCGTCGAGTCCAGACCGCCGCTGAAGGCCACCAGCAGCTGGCGATGGGGATGAAGCGTATGCGCAATATCAGCCGTCATATCCACGAACATACCGAGAAGTGATGGCCCGGCACGTTACCGGGCCAGGGTCGCGCTGGCAAGATTTACTGCTGATATATTTCCAGCGGCAGGTCGTCCGGATCGCTAAAGAAGGTAAAGCGTTTACCGGTAAAGGGATCGACACGAATCGCTTCGCACTCCACGCCATGCGCGGTGAGATGGGCTACCGCGGCGTCGATGTCATCCACGCTAAAGGCCAGATGACGCAGCCCGCAGGCTTCCGGACGGCTGGGGCGGGCTGGCGGAAACGGGAACGAGAACAACTCAATTACATACTCGCCGTTGAGCGCCAGATCGCCTTTCCAGGAATCGCGCTCGGCGCGATAAAACTCACTTTGCAGCGTAAACCCCAGAATATCGCAATAGAACGCTTTACTGCGGGCGTAGTCGGTCGCAATGATGGCAATATGGTGAACCCGTTTCAAACCCAGCATGGTTAAACTCCTTCTGTTAAGCCAGCCACGTTACTCGTGCGCGCCGTTAACGCGCAAGCCTTTCGTCATTTTTTAAGACTCGTACCCGATACACACCGTCCTCATCGCGCTTGGCGCCGTGAATATCGGTCTCAAAGCCCGGGTAATGACGGCCGATAGAGCAAAGCATCAGCAGAAAATCGAGCACCGCCCGGCTTTCTTCGGTGATCATCTCTCCCGGCATCAGCAGCGGAACCCCCGGCGGATAAGGGAGGATCATGTTGGCCGAAATCCGCCCCACCAGGTTCTCCAGTTCAATAGTTTCCACCTCCCCCTTTATCTGGCGCTGCCAGGCGTGATGCGGCGTCATTTTCATTTCCGGCAGGACGTCAAAGGCGCTGAGCATCAGCTGCGGCAGCTGATGCTGACGGATCAAGCGGTGGATCCCCTGCGCCAGATCCTGGATCCGCATGTTGCGGTAGAAGTCGGGATCTTCGGCGTACAGATCCGGCAGCATATTTTTCACCCGCAGATTGAGATCGTAGGCGCGTTTAAACTCGGTCAGGCCGCGCAGCAGCCCCATCGCCCGGGTTTTATCGATGCCGATACTGAACAGGAACAGCAGATTGTAGGGGCCTGTTTTCTCTACCACCACGCCCCGCTCGTCGAGGAACTTCGCCACCAGCGCCGCCGGGATCCCCTCTTCATCCATATTCCCCTGCTCGTCCATGCCCGGCGTCAGAATGGTGACCTTCACCGGATCGAGATACATATGATCCGCATCGGCATCTTTGAAACCGTGCCAGTCCTCGCCCGGCGCTACCGGCCAGCACTCGGCTTTATCTACGGCTTCCGGCTGCCAGATATCAAAGAACCAGCCGTCCGACTCCTCGCGCAGTCGCTGCACCTCTTTGCGGAAGTCCAGCGCCCGCTCAATGGAGCGCTGGATCAGACGTTTACCGGAGTTGCCGCGCAGCATCGCCGCCGCGGTCTCAATCGACGCGACGATGGGGTAGCT
NZ_CP073782.1_gap69	3176043	3179468	3425	GTCGGCGCCGACGATCGGCTTAATCCCCGCGCCGTGTCCCGTCCCGTAGAACTTCACCAGTCCGCAGAGGTTGGTGAAATCGGTGATCGCCAGCGCTGGCATGCCAAGCGAGGCCGCCTTCTTCACCAGCGGCCCGGTCTTTGCCAGCCCATCGATCATGGAATAGTCGCTGTGCACCCGCAGGTGTACGAAACGTGGTTCAGCCATCTTTAGATCCCGGTGACTTAGTTGGACGCCAGGCCCAGGGCACGCTTCACCGGGCCAAAACTGCGCCGGTGATGCTCTGTTGCGCCGTGTTCCTGCAGCTTCTGCAGGTGAACAGCGGTGGGATAGCCTTTATGCTGGGCAAATCCGTAGTGGGGAAATGCGAGGTCCAGCGTGGCCATTTCGGCGTCACGAGTGACTTTTGCCAGAATAGACGCTGCGCTGATTTCTGCCACCCGGCTGTCGCCTTTCACCACCGCCTGGGAGGGCATCGGTAGCGACGGACAGCGGTTGCCATCGATCAGGACAAACTCAGGAACAATGCTCAGGCCGGCGACGGCGCGCTGCATCGCCAGCATAGTGGCATGCAGAATATTCAGCTCGTCGATTTCGTGCGGCTCGGCGCGCCCCAGGCTCCAGCACAGCGCTTTCTCTTTAATCTCATCGAACAGCGCCAGACGACGCTTCTCGCTGAGTTTTTTGGAATCATTCAGACCCACAATCGGCTTCGCCGGATCGAGGATCACCGCCGCGGTCACCACCGCGCCAACCAGGGGGCCACGCCCGACCTCATCGACGCCGGCAACCAGATGGGTATGCGGATAGACGAACTCCATCATTGTTTTGCTAACTCCAGTACGGCGTCCGCCGCCTGCTCATCGGCGTTGCAGCGGATCTGCTGATGCAGGGCGCGGAACGTCTCATGCATCTCATGGCTGGTTTTGCCATCGGCCAGCAGCGGCTGCAGAGCGGCTGCCAGCGCCTGGGGCTCGCACTCATCCTGCAGCAGCTCTTTAACCAGTTCGCGACCGGCCAGCAGGTTCGGTAACGAGACGTAGTCGGTTTTTACCAACCGCTTCGCCAGCCAGAAGGTGAACGGCTTCATCCGGTAGCCAACCACCATCGGGCATTTCGCCAGCATACACTCCAGCGCTGCCGTCCCGGAGGCCAGCAGCGCGGCGTCGCTGGCGATCATTGCATCGCGCGCCTGACCGTCCAGCATATGCACGATCATATCCGGCGCCGTCTCAGCTTTAATACGCTCAAACTGCTCCCGCCGTTTAGCATTAACCAGCGGCACCACCACCTGCAGATCGGGATAGGTGGCGCGCAGAAGCTGCGCGGTTTTCAGGAAGTCGGCGCTAAGCATTTCGACTTCCGCGCCGCGGCTGCCGGGTAGCAGAGCGAGGCAGCGCACGCTGTGCGGGATCCCTAACCGGTCGCGCGCAGCGCCTTTGTCAGGATCCAGCGGCATCGCATCCGCCATGGTATGGCCAATAAAGCGGCAGGGGACGTTAAATTTGTCATAAAACGCTTTTTCGAAAGGCAGAAAGGCCAGCACCAGATCGGTGGATCTGCCGATTTTGAAAACGCGTTTTTGTCGCCAGGCCCAGACCGACGGGCTGACGTAGTGAATGGTTTTGATGCCCTGCTTTTTCAGATTTCCTTCGAGGGTGATATTAAAGTCAGGGGCGTCGATGCCGACGAAGACATCGGGACGCAGCTCGCCGAAGCGGCGGGTCAAATCGGCGCGAATATGGAGTAAGCGACGCAGGCGACCGAGCACTTCAACAATGCCCATCACCGCCAGCTCTTCCATTTCATACCAGGCTTCGCACCCTTCCGCCTGCATTAGCGGCCCCGCCACGCCGACAAAGCGCGCATTCGGGATGCGTGCTTTAAGCGCGCGGATGAGACCAGCGCCTAGAATATCGCCGGAGGTTTCTCCGGCGACCAGGGCAATCGTCAGGGGACGCTGTTCAGCCATTAACGAATCAAGCCGCGGGTAGAACGAGCGAAGAAATCGACAAACGGCTGAACCTCAGGATGCTGAGCAGCCAGTTCGGCGATTTCCGGCTTGGCTTCTTCCAGCGTTTTGCCGCTGCGGTACAGCAGTTTATACGCGTTGCGGATCGCGGTGATTGCTTCCCGGCTGAAGCCGCGGCGTTTCAGCCCTTCGATGTTAACGCCGAACGGCGTCGCATGGTTGCCCTGGGCAATTACGAACGGCGGAACGTCCTGCGCCACGCCGGAGCAGCCGCCAACCATAACGTGTGAGCCAATGACGCAGAACTGATGCACCGCCGTCATGCCGCCGATAATGACATAATCATCCAGCGAAACATGGCCCGCGAGCGTCGCGTTATTGGCCAGAATGCAGCGATCGCCAAGCGTACAATCGTGCGCCACGTGGGCGTTGATCATCAGCAGGTTATCGTTGCCCACCTTTGTTAATCCACCGCCCTGTACTGTGCCGCGATGAATGGTGACGCTTTCGCGAATGCGGTTGCGATCGCCAATTTCCACCCGGGTCGGTTCGCCAGCATATTTCAGATCCTGGTTAACTTCGCCGATGGAAGCGAACTGATAGATCTCATTGTCACGGCCGATTTTGGTGTGGCCGTTAACGACAACGTGAGACTTCAGCACGGTGCCTTCGCCGATTTCGACGTTAGCGCCAACAATACAAAACGGACCAATGTGAACGTTAGCGCCAATCACGGCGCCTTCTTCTACAATGGCGGTAGGATGAACAAAAGCGGTTTTATCAATCACGTATCAGGCCTCCCGGCTACGCGCACACATCATCGTCGCTTCGCAAACCACTTTACCGTCAACCAGCGCAACGCCTTTGAAACGGGTCAGGCCGCGGCGGGTTTTCTCGAAAGTGACTTCCATAATCATCTGATCGCCTGGTACTACCGGGCGTTTGAAGCGTGCTTCATCGATACCCGCGAAGTAGTACAGCTCGCCTGGTTCCAGTTTTCCGACGCTTTTGAACGCCAGAATCCCGGTGGCTTGCGCCATTGCTTCCAGAATCAGGACGCCCGGCAAAATCGGCTTACCAGGGAAGTGCCCCTGGAAAAACGGCTCGTTTACAGAAACATTTTTTACTGCGCGCAGAAAACGACCTTCTTCAAAATCCAGCACACGGTCTACCAGCAGGAACGGGTAACGGTGAGGCAGAAGTTCCAGAATCTCTTCAATGTGCAGAGTATGAGTGTCAGTAGTCAAAATACTCTTCCTGTCTAAATGTACTAAAAGGCAATAATAACACGGCCTGCGGCAATCTTTTAGCGAATGCAACAGGCCGGAAATGTCATGTGACCAAATGATGAATTAGTCTTGTTGATTAACCTTGCGCTCAATCGCTTTCAGGCGCTTGCTCATCTCGTCAATATTCATCACCAGCGCAGCGGTTTTACGCCACGCCTTGTTCG
NZ_CP073782.1_gap70	3233585	3235819	2234	CGCGGCGGCGGGCGATGCGATCGGCGAAGGCCGACGCCAGCAGCCCCGCCATTAGCCCGACATCGGGCTGGCCGCCGCGGCGGGCCAGGCGCTTCATCAGCTGCTGCGCTCGCTGCTGCCAGTTGGCCTGCTGACGGGAAAAGACGGCCCCCAAATCCACCAGTCCGCCGCGCGGCGGCTCCTCGAGGATCGCCGCCAGCTTTGCCGCTGTCGCCGCCTCGTCATCGGTCTGTGCGGCGGCCAGCATCGCCGCCAGCCGCGGCTCGTTGCCAAGCGCTGCCATTTTGCGGCCAAACGCCGACAGCCGCTCGCCGTCCAGCGCCGACAGCGCCTCCAGCAGGCGGCGCGCGGCGGCCAGATTGACCGCGGGCGGCTGATCCAGCCAGGCCAGCGCGGCCGGAACGTGGCAGCCCCACTGCAGCAGCTCCAGCAACAGCGCCGACAGATCGCTGTGCAGGATCTCCGGCTCGCTCTGCGCCGCCGCCCGTTCCGCCTGTTCTTTGCCGAGCAAATGCAGGCAGATCCCCGGGGAGAGACGACCGGCGCGTCCGGCACGCTGCGTCATCGATGCCTGGCTGATGCGCTGCGTCACCAGCCGGGTCAGGCCGGTGCGCGGGTCAAAGCGGGCGACCCGCTCCTGGGCGCTGTCGACCACCAGGCGGATCCCCTCGATGGTCAAACTGGTCTCGGCAATATTGGTGGCCAGCACCACTTTGCGCTTCCCGGCCGGCGCCGGGAGGATCGCTTTGCGCTGTTCGCTTAAGGGCAACGCGCCATACAGCGGGCAGAGAATGACATCCTCCGCCACGCGCTCCGTCAGCTGTTCCAAAACGCGCTGGATCTCGCCGACGCCGGGCAGAAACAGCAGCATCGATCCCTGTTCATGCCGCAGGAGCTCCGCCGCCGCTACCGCCACCGCCTCATCAAAACGCTGGTGCGCGGAGAGCGGGCTGAAGCGACGCTCCACCGGATAAGCGCGCCCCTCCGAGACCACCACCGGCGCCTCCGGCAGCAGACGCTGCAGGCGATCGTTATCGAGGGTCGCCGACATGATCAGCAGCTTGAGATCGTCACGTAACCCCTGCTGGACGTCCAGCAGCAGGGCCAGGGCCAGATCCGCCTGCAGGCTGCGCTCGTGAAACTCATCGAGGATCACCAGCCCCACGCCCGTCAGCTCCGGATCGCGCTGGATCATGCGCGTCAGGATCCCCTCCGTAACCACCTCCAGGCGGGTCTGCGGTCCGACGCAGGTTTCGGCGCGCATGCGGAAACCCACGGTCTCCCCCGGCTTTTCGCCAAGCAGTTCAGCCAGCCGCTGCGCGACATTACGCGCCGCCAGGCGCCTCGGCTCGAGCAGGATAATGCGTCCCGCGATGTTGCTCTCGGCGAGGATCTGCAGCGGCAGCCAGGTCGACTTCCCGGCGCCGGTCGGCGCGTTGAGCAAAACCTGCGGCGCATGCTGCAGGGCGGATAACAGTTCTGGAAGGACAGCGGCAACCGGCAATGAGGACACAAAAGGCTCCGGGGGTTAACATTCAGGGGTTCGCATTGTAGCATCCCCCTAATTCATTACCGAGTCTCTATCATGTCTGAGCCGAAAAGGCTGTTTTTTGCGCTTGAACTGCCGTCTGCCGTCCAGAAGCAGATTGTCCAGTGGCGGGCAACGCACTTCCCCGAAGATGCCGGCAGGCCCGTCGCGGCGGATAATCTTCATCTGACGCTGGCGTTTCTCGGCGAGGTGAGCGCGGAAAAACAGCGGGCGCTGGCCGCTCTCGCTGGCCGGCTGCGCCAGCCGGGCTTTACCCTGACGCTGGACGATGCCGGACAGTGGCTACGTTCGCGAGTGGTATGGCTCGGAACCCGCCAGCCGCCGCGCGGCCTGCTGCAGCTCGCCAGCATGTTGCGCGCTCAGGCGGCGCGCAGCGGCTGCTATCAGAGCCCGCAGCCGTTTCACCCGCATATTACCCTGTGGCGCGATGCTCGCCAGGCGGTGCCGATCCCGGCCCCCGGCTTTCGCTGGACGTTTCCGGTGAACGAGTTCGTGCTCTATGAGTCCAGCTTTAGCCGCGGGCGCACGCGCTACACGGCGCTGGAACGTTATCCGTTTGATAAGGAAAGTTGATGCAGTTTGATCCGCCGTTGCAGCCCGCCATTTTGCTTAAACGTTACAAACGATTTCTTGCTGACGTGGTCACCCCCGATGGCCGCGAGCTGACGCTCCACTGCCCGAATAC
NZ_CP073782.1_gap71	3248011	3252553	4542	TGTTCCGCACCGGCGACCTGAAACAGCCGAACGATCCGGGTGAAATCACTAACGAAGTGACGCCGATTAAAGTCGGCGATACGCTCTTCCTGTGTACCGCTCACCAGCGCCTGTTTGCGCTGGACGCCGCCACCGGTAAAGAGAAGTGGCATTTTGACCCGCAGCTGAACGCCGATCCGTCGTTCCAGCACGTCACCTGCCGCGGTGTTTCTTATCACGAAGCGAAAGCGGATAACGCCCCTGCCGACGTCGTCGCCGACTGTCCGCGCCGCATTATCCTGCCGGTGAACGATGGTCGCCTGTTCGCGGTAAACGCCGACAACGGTAAGCTGTGCGAAACCTTTGCTAATAAAGGTATTCTCAATCTGCAGACCAACATGCCGGTCACCACGCCGGGCATGTATGAACCCACTTCACCGCCGATCATCACCGATAAAACCATCGTGATTGCCGGCGCGGTCACCGATAACTTCTCTACCCGCGAGCCGTCAGGCGTGATCCGCGGCTTTGATGTGAATACCGGTAAACTGCTGTGGGCCTTCGATCCGGGTGCGAAAGATCCGAACGCCATCCCGAGCGATGAACATCACTTCACGCTCAACTCGCCGAACTCATGGGCGCCTGCCGCCTACGACGCTAAGCTGGATCTGGTCTATCTGCCGATGGGCGTGACCACTCCGGACATCTGGGGCGGCAACCGTACGCCGGAGCAAGAGCGTTATGCCAGCTCGATTGTGGCACTGAACGCCACCACCGGTAAGCTGGCCTGGAGCTATCAGACCGTCCATCACGATCTGTGGGATATGGACATGCCTTCCCAGCCGACGCTGGCTGATATTGAGGTCAACGGCAAAACCGTACCGGTCATCTATGCCCCGGCGAAAACCGGCAACATCTTCGTGCTGGATCGTCGTAACGGCGAGCTGGTGGTCCCGGCGCCGGAAAAACCAGTACCGCAGGGCGCTGCCAAAGGTGATTACGTTACCAAAACCCAGCCCTTCTCCGATCTGAGCTTCCGTCCGAAGAAAGATCTGACCGGCGCGGACATGTGGGGCGCCACTATGTTCGACCAGCTGGTGTGCCGCGTGATCTTCCACCAGCTGCGCTATGAAGGTATCTTCACCCCGCCGTCTGAGCAGGGCACCCTCGTCTTCCCGGGTAACCTGGGGATGTTTGAATGGGGCGGTATCTCCGTCGATCCGAACCGTCAGGTGGCTATCGCCAACCCGATGGCGCTGCCTTTCGTCTCAAAACTGATCCCGCGCGGGCCAGGCAATCCGATGGAGCCGCCGAAAGATGCGAAAGGCTCTGGTACCGAGTCCGGCGTGCAGCCGCAGTACGGCGTCCCGTACGGCGTAACGCTGAACCCGTTCCTGTCGCCGTTCGGCCTGCCGTGCAAACAGCCGGCCTGGGGGTATATCTCCGCCCTGGATCTGAAAACCAACGAAGTGGTATGGAAAAAACGTATCGGTACTCCGCAGGACAGCCTGCCGTTCCCGATGCCGGTTAAACTGCCGTTTACCATGGGGATGCCGATGCTGGGCGGTCCAATCTCCACGGCCGGTAACGTCCTGTTCATCGGCGCGACTGCAGATAACTACCTGCGCGCGTACAATATGAGCAACGGCGAGAAGCTGTGGGAAGCCCGTCTGCCAGCCGGCGGTCAGGCGACTCCGATGACCTACGAAGTGAATGGCAAACAGTATGTTGTCATCTCTGCCGGCGGTCACGGCTCGTTCGGTACCAAAATGGGCGATTATATTGTCGCCTATGCGCTCCCGGATGACGCCAAATAAAACGCAAAACGGCAACGAAAGTTGCCGTTTTTTTTGGTGTTCCGTCCTTCTTCCCGTAGGGGATGGCAGCAGGTCGCAGAGACTTAAACCGTGAACCCCAACATCATCCCGGTGTCTTCATGTTCCAGCAGGTGGCAGTGGGCCATATAGGCAAACTCCTTCGGCGCCGGATGATCAAACTTCACTAATACTTCACTCACGTCCCCTTCCACACGAACGGTGTCTTTCCAGCCGCGACGATGCGCCGCTGGCGGCTTGCCGTTTTCGCTGAGGATACGGAACTGGGTGCCGTGGATATGGAACGGATGCAACATCATGTCGCCCTTACCTGAAATCACCCAGCGCTCATACTGGCCTCTGGCGGCGGCAAACATCGGCTCATTCATGTCGAAGGCTTTGCCGTTGATGCGGTTGGCGTTATGGAAATCAAAGCCCTTGCCTGACGACATGCCATGCTCCATGCCGGATCCGTGGTTCATGCTCATGTCGCCGTGATGCATATTCCCCATGTCGCTCATGTCGCCATGCCCCATCATGCCGTGATCCATTCCGGCCATCGCCTGGTCGCCATACTTCTCTATCAGCGCCTGCATGCCCATCCGGTCGAGCATCGGATCCATCGACAGCTGGAGCTGACGCTGCGTCAGCCCCGTCAGGGACGGTAACGCCGGGAGAGCGGCCAGAGTATCCAGCAGCTTGCCGGAGGCGGGAATGACCAGCGGCTGGACGCGCAGTACCGGCTGTGGTTTATCAAAAGGCGCAATCGCCATGCCCATCTGGCTCACCGGCAGGGTCACCAGATCGAAAGGTTTACCGTCGCTGGTGTCCACCAGCACCTCAAAGCGTTCACCCATCAAGACCGGCAATTCATCGACCTTGACCGGCTCGGCCAACAGACCGCCATCGCTGGCCACTACGTACAGCGGGCGCTTATCGCTGGTGGCAAAATTGAGGGAACGGGCATTACAGCCGTTCAGCAAGCGCAGGCGCAGCCAGCCGCGCGGCGCGGCATGTTCGGGATAGAGGGCCCCATTGGTCAGTAGCGTATCGCCAAACCAGCCGACGGCGGCGCTCATCACATCCAGCTGATAGTCGATCTCGCCGGCGGCGGTGAACTTCTTATCCTGGACGATCACCGGCACATCATCGATTCCCCACTGCTTAGGCAGCAGCAGGCGCCCGCTCTCTTCATCCTCGATCAGCACCAGGCCGGCCAGCCCCATCGCCACCTGCCGGCCGGTGCTCCCATGCTGATGCGGATGAAACCAGCAGGTCGCCGCCCGCTGCGTTGGCGTGAAGCTTACCGTGCGGGTGGCACCCGGCGCGATAACCCCCTGTGGCCCCCCGTCGACCTCGCCCGGTACCTCCAGACCATGCCAGTGCAGCGTGGTCTCTTCCGCCAGCTGGTTAGTAATATCCACCGTGACGGTCTTCCCCTGCGTCAACTGCAGCGCAGGGCCCAGCAGCGACCCGTTGTAGCCCCAGGTAGTGGCATTCAGGGCGCCAAACCGCGTTTTGCCCGCCTGGATCCTGAGCGCGATGCGGTTGCGCGCATCGGCGGCTAACAGCGACGGTATCGGCAGAGCCGGGCGACTGGCGGCAAAGACCGCCCGGCTCCATAACGGCAATGCGCTGGCCATGCCGACCGCGGCGGTCAGTTTGAGGAAGTCTCGACGTTGCATATTCACATCCTTTTATTCTGCGGGCGAATATTTGAGCTTAAACCCTACCGTAACGGGAAGGTCAAGCAGAAGAGTAAGAATAAAGATCGGCGCTGTGTAAAGAAGTATGCTAATTTGAAGCGTCGGTGATCTAATGGTAGAAAAAATGAAGACGCTTTTCAGAACAATGGTACTCGGCAGCCTGCTTGCTCTCTCCGCCAACAGCTACGCGCTCAGCGAATCCGAAGCGGAAGATATGGCTGATTTAACCGCGGTTTTTGTGTTTCTGAAAAACGACTGTGGCTACCAGAACCTGCCCAACACGCAGATCCGTCGCGCGCTGGTGTTCTTTGCCCAACAGAACCAGTGGGACCTGAGCAACTATGACAGCTACAACATGAAAGCGCTTGGCGAAGACAGCTATCGCGATCTTAGCGGCATTAACATTCCGACGGCGAAAAAATGTAAAGCGCTGGCCCGCGATTCGCTCAGCCTGCTGGCTTACGTTAAATAATTCCCTGCGCGGGCGGCAACGCTCCGCGCCTTTAGCATTTCAACTTCCCCCTTTAAATATTTATATTTATTATTGTATATAAACAAACCTTATTTAATTGCGAACCTATCAATTTGCCAAATAAAGTAAACCCATAATAATGAAGAATGACTAAAAAACTAATAAAATATCATTATTCATATATTGCAAAATAAAAAGCACCCTTCTAGAATCCGGTAAAAATATACCTACTTCATGGACTGAAATTGTGAATATCTCGCTGACTCTTCGTGTTATCCCACTCGCCGCGCTGTTAGTAGCCGGCTGTAGCAATACCTCTTCCCGCCAGCCGGTTAAACCGATCGCCACGCCGCTGACGTCACAGCAGCAGGCAGAGCAGGAGCGGGCGGCCAGCGAACAAGCGCGCATTGAATCCTGTCGCCAGGCGCTGGATTCGCTAAAAGAGGTTAACCCACAGCAAGCCACTAAACTCAGCAATGACTTTAACGCTTTAGTGCGCGCGGCGTCACAATACAATAGCGTGCGCGAGAAAGTGGCGGATCCTACCCGGCTTGGCATTGACTCCATGTAT
NZ_CP073782.1_gap72	3253674	3254573	899	CAGGCCGTCCTCGAGCAGGTTAAGGCCCTTAACGCCGATAAGCAGTCGCTGACTATTCGCCTCGCCGCTGCGGAAAAGACGCAGCAGGCTGCCCTCGATCAGGTCAAAGCCCTTAACGCCGATAAACAATCACTGTCCACCCGGCTGGCCGCCGCGGATAAAGTGCCGCATGGCCCCGCTAACGACGCCGCTGCGCCAAAAAATGAGCCACCAGAGATGGCGGCCATAGTGGCAGCCTATCGCCTGCAGGCGGATAAAGACAACGCCCAGCTACGGATGAAAGAAGATGAAATCGAACTGCTGAGAACGCAGCTTTCTGTACAGTCCAAAACGCGCAGCGGCGAGAGCGCCGCTGCCAAACTCAGCGCATCGGGAGAACAGCAGGCTTATGCGATCGGCGCCTCGATGGGAAGCGAGGCGCTCAACGTCCTTACCACCCGTCGCACTCAGGGAGTTACCGTCGACGCAGGCCTGGTGCTGCAGGGCATCGAAGATGCCTTTCGCGGCCAGCTTCGTCTCGGAGAGCAGGAACGTAACAAGGCGCTGTTTGATGTGTCGCAGCAGGTTTTTCAGAACCTGAATAAAATAGAGCAGAAAAACATCAGTGCCGGCAAGAAATATCAGCAGGCGTTTGCGCGCAAAAAAGATGTGGTTTTTAAAGAGGGCGTCTACAGCCGCGTCGATTACCCGGGTAAAGGAAAAATAAGCGGTAATGACCTGGTTACCGTGGTGATCAAAGAGATGCTGACGGACGGGACGGTGATCAACGATATGGAAGCGAAAGATCAGGCGCTTACGCAAAAGCTGGATGCCTATCCCCCGGTGTTTCGCGAACCGCTGAAGCGTCTACAGAACCACGGCTCTGTGACGCTCGTCGTCCCGCCTGAAAAGGCCTATGG
NZ_CP073782.1_gap73	3256837	3259801	2964	CCTCGTTGAACCAGTGGCCAATCGCCTCGTGATCCATCGACATTCGCACCTTTACCACTCCGGTAATATCGCGCAGAAATTCGTAATCCATAGTCTTTTCCTCTGCAAGGGCAATGCGTCACCGCTGCACTGTACCCATGCAGTAATTATCGCAGCAGACAGAAAGAAAAAAAGCGTAGCGGGCGGGAGGTTTGGAAATAAAAATGCCCGGTGATGCAATGTTCACCGGGCATTGGAGAGTTTATCGCCAAACGGTCAGCCGGGCTGACCGAATGGTTTACACCGCGGTCTGGAAGATCACGCCGTCAGCTTTTTCAGTGTACTGATCCAGCTGGTTGAAGTTCAGATAACGGTAGGTATCTTCCGCCGTCTTATCCACCTGCGCCACGAAGGTCTGGTACTCTTCCGGCGTCGGCAGTTTGCCGAGCAGCGAAGCCACCGCTGCCAGTTCGGCAGAGGCCAGATAGACGTTAGCGCCGGTACCTAAACGGTTCGGGAAGTTACGGGTAGAGGTGGAAACCACCGTCGCGCCGTCGGCCACGCGCGCCTGGTTACCCATACACAGGGAACAGCCAGGGATTTCGATACGCGCCCCGCTCTTACCAAACACGCTATAGTAGCCTTCTTCGGTCAGCTGCGCGGCATCCATACGGGTTGGCGGCGCCACCCACAGGCGAGTCGGCAGTTGGCCTTTGTGGCTGTCCAGCAGCTTACCGGCGGCACGGAAGTGGCCGATGTTGGTCATGCAGGAGCCGATGAACACTTCGTCGATCTTCTCGCCCTGCACATCAGACAGCAGGCGGGCATCGTCCGGATCGTTCGGCGCGCACAGAATCGGCTCTTTAATATCCGCCAGATCGATGTCGATCACTGCCGCGTATTCCGCGTCAGCATCGGCTTCCAGCAGCTGCGGATCCGCCAGCCATTTTTCCATGCCCTGGATACGACGCTCCAGGGTACGGCGGTCGCCGTAGCCTTCGGCGATCATCCACTTCAGCAGAACGATGTTGGAGTTCAGATACTCAACGATCGGCTCTTTATTCAGTTTGATGGTGCAGCCGGCGGCAGAACGCTCAGCCGAGGCATCGGTCAACTCGAACGCCTGCTCGACTTTCAGATCCGGCAGACCTTCGATCTCGAGGATGCGACCAGAGAAGATGTTTTTCTTACCTTTCTTCTCCACGGTCAGCAGGCCCTGCTTGATGGCGTACAGCGGGATGGCGTGGACCAGGTCACGCAGGGTGATCCCCGGCTGCATTTTACCTTTGAAACGCACCAGCACCGATTCCGGCATATCCAGCGGCATCACGCCGGTCGCGGCGGCGAAGGCCACCAGACCAGAGCCTGCCGGGAAGGAGATGCCGATTGGGAAACGGGTGTGGGAGTCACCGCCGGTACCCACGGTATCCGGCAGCAGCATGCGGTTCAGCCAGGAGTGAATCACGCCATCGCCCGGACGCAGAGAAACACCGCCGCGGTTCATGATGAAGTCCGGCAGAGTGTGGTGCGTGGTAACGTCAACCGGCTTCGGGTAGGCCGCGGTGTGGCAGAAGGACTGCATCACCAGGTCTGCAGAGAAGCCCAGGCACGCCAGGTCTTTCAGCTCATCACGGGTCATTGGACCGGTGGTGTCCTGAGAACCGACGGAGGTCATTTTCGGTTCGCAATAAGCGCCCGGACGGATACCGGCAACGCCGCAGGCGCGGCCAACCATTTTCTGCGCCAGCGAGAAGCCGCGGGTGCTTTCCGCCACGTCTTTCGCCTGACGGAAGACATCGCTGTGCGGCAGGCCCAGCGCTTCACGCGCTTTGGTGGTCAGACCGCGACCGATGATCAGCGGAATACGGCCGCCGGCGCGCACTTCGTCGATCAGCACATCGGTTTTCAGCTCGAAGCTGGCCAGCAGTTCGTTGGTCTCGTGGTTACGCACTTCGCCTTTGAACGGGTACACGTCGATTACGTCGCCCATGTTCAGGTTAGACACATCAACTTCGATAGGCAGCGCGCCCGCATCTTCCATGGTGTTGAAGAAAATTGGCGCGATTTTACCGCCCAGACACAGGCCGCCGCCGCGCTTGTTCGGCACGTTCGGGATATCGTCGCCCATAAACCACAGCACCGAGTTGGTGGCGGATTTACGTGAAGAACCGGTCCCGACCACGTCGCCGACGTAGGCCAGCGGGTAGCCTTTCTGCTGCAGGGCTTCGATCTGTTTGATTGGGCCAACCACGCCCGGCTGATCCGGCTCAATGCCTTCGCGGGGGTTTTTGAGCATTGCCAGCGCATGCAGCGGGATATCCGGACGCGACCACGCATCCGGCGCCGGAGAGAGATCATCGGTGTTCGTTTCGCCGGTGACCTTGAAGACGGTAACAGTGATTTTTTCTGCCAGCTGCGGACGGTTCAGGAACCACTCGGCGTCAGCCCAGGATTGCATAACCTGTTTAGCATGCTCGTTACCCGCTTTGGCTTTCTCTTCCACGTCGTAGAAGTTATCGAACATCAGCAGGGTATGGGAGAGCGCTTTCGCGGCAATCGGCGCCAGTTTCGCGTCGTCCAGCGCATCGATCAGCGGATGGATATTGTAACCGCCCTGCATGGTGCCCAGCAGTTCAACGGCTTTTTCAGGGGTAACCAGGGGGGAGGTCGCTTCGCCTTTGGCGATCGCGGCAAGGAATCCAGCTTTAACATAGGCGGCTTCGTCGACGCCCGGCGGTACACGGTTAATCAGCAGGTCTAACAGGAATTCTTCTTCGCCCGCAGGCGGGTTTTTCAGCAGTTCTACCAGCGCGGCCATTTGGGTTGCATCTAAGGGTTTGGCAACAATCCCCATGGCGGCACGCTCAGCTACGTGCTTACGGTATTCTTCTAGCACGACGGTTCTCCTCGCTCTCATTGTCATAATGCGGCCTACACGTCTTCAATCAATCTGCCTCTGTCCTGGCTTAGCTTGCCGCGTGACGC
NZ_CP073782.1_gap74	3261131	3265786	4655	CTGCCTATCGCGGACACACACCGTATCCCGATAATACGGTAGCTCAGCGCTTCCATCAGACCAACGTTTCCGGCGGACTGAGCGCGACCCAACATGCGCCAGTCGATCGCGAAGCGCAGCGCCAGGCAGCGATGACCCAGCTGCAGCATAACGTACCGACGGCCACAGCGGGCAACCTGGCGGCAAACAACGCCTCACGCGACGCCCAGCGTCAGGCGGCCTCGGCGCAGCTGAAGCAAGCCACCCAACGCAGTAATTACCGCGGTTACGACAGTACGCCGACCCAACAGCAGCGTCGCGAGGCGGCAAAAACGCAGCTGAAAAACCCCACGCCGCAGCAACAGCAGCGTCGAGAAGCCGCCAGGAGCCACGAGCAGAACCGCACACCTCAGCAGCAGCAGCGCCGGCAGCAGTTCCAGTCCGCCACGCCAGCCCAGCGTCAGCAGACGCTCAGCCATCTGCGCGCCAACGCCCTTAGCGGCAACGAAAGCCGCGCCCCCTCCTGGCAAGCGCAGCAGGAACGAGGACTGCAGAGCCGCCAGTTTTCCGGCGTAAACCGCGAGTTACGCGAGGGCGCCAGAGAACGTCTTTCCGAACACCATGAACTGCGTCGCCGCTAAGGATGAGCAGAATGAGAAACCCATTATCCGTTGCCCTGTTTACGTTAATGCTGTCGCCGCTTGCCGCCTTCGCCCAACAGCAGTTTGCCACGCCGGAACAGGCCGCAACTGCGCTGGCCGAAGCGATCAGCCAGCCTAATGAAGCCGCGCTGAGCGAAGTACTCGGCGATAACTGGCAGCAGTTTTTACCCACGGACGGGATCGACCCTGCCGCCGTCGATCGCTTTCAACGCGACTGGCAGGTGAAACATGTCATCATCCAGCAGGGTGGCAAAGCCTGGCTCGATGTCGGTAGCGAGGCATGGCGTCTGCCCGTGCCTATCGTAAAAACGTCTGAGGGATGGCGCTTTGATATGGCCGCTGGCGAAGAGGAGATCCTCACCCGCGCCATCGGCCGCAATGAGCTTTCGGCGATCGCCGCCATGCATGCCTATGTTGATGCCCAGCAGGATTATTATCATCTGAACCACCGCTGGGCGCAGAAAATCATCAGTAGCGAAGGCAAAAAAGATGGCTTGTACTGGCCAACTTCGCCGGGCGAAGCGCCAAGCCCGCTCGGTCCGGCCTTTAGCCCGACGGTGCCCGGTAGCGGCTACCATGGCTATCGCTTTCGAATTATCGCCGGTCGCGATGACCAGAGCGTCGCCTTGCTGGCCTGGCCGATAGCCTGGGGTGAAACCGGCGTGATGAGCTTTATGATCGATCAGCAGGATAGGGTCTATCAGGCCAATCTCGGTGAAGAGAGCACCGCAAAGGCACAGGAGATAACGCGCTTTACCCCCGACGCTGACGCCGGCTGGCAGGTGGCAGAACCTTAAAAAAAAACGCCCGGTTGCACTCACGCAACCGGGCGTTTTCATTCACTTAGCCCTGGTGAGGCATCAGAGAAGGATCGCCGGCAAAGGCTGGTTTTGTGCTGGATAATGCCGCTTCGTCAGCGCTGATGCTACCGGAATTCGCCGCCCATACCCCTTCATTGGTCTTCGTCACCTGCTGATGCTGGGCATTCAGATCCTGGCCCATCGCCGCAATGTGGGTCGTTTCCGTACCGCCGCTGTTGTCCGCCCAGGGAATGTTGGCGTCAGCGGCGTAAGCCACACCGGTAAAAAACGTTGCAGCGACCAGCGCTGTGGTTAAAAAGCGTTTCATCTCACACCTCATCGATATCGTTAACTATCTATAAGTTTACTGAGTGACTATTTTCAAAGTATGTATGAGGTGTAGCGGTTTATGAACAGTGACATAGTTCTAAACATCAGGCATAAAAAAAGCGGCTCCCGGAGCCGCTTATGCTTTTTTCCTGAAAGAAAAAGTTACTTTTTCTTCGCTTTGGCGTTTGGCAGGTCGGTGATGCTGCCTTCGAACACTTCCGCCGCCAGGCCAACGGACTCGTGCAGAGTCGGGTGAGCGTGGATGGTCAGGGCGATGTCTTCAGCGTCACAGCCCATCTCGATAGCCAGGCCGATCTCACCCAGCAGCTCGCCGCCGTTGGTGCCGACAATCGCGCCGCCGATAACACGGTGGGTCTCTTTGTCGAAGATCAGTTTGGTCATACCATCTGCGCAGTCAGAAGCGATAGCACGGCCGGAAGCAGCCCACGGGAAGGTGGCGGTTTCGTAGCTGATGCCTTTCTCTTTCGCTTCTTTCTCGGTCAGACCGACCCATGCCACTTCTGGTTCAGTGTAGGCGATGGATGGGATCACTTTCGGATCGAAGTAGTGTTTCAGACCGGAGATAACTTCTGCGGCAACGTGGCCTTCATGGACACCTTTGTGCGCCAGCATCGGCTGACCGACGATATCGCCGATAGCAAAGATGTGCGGCACGTTGGTGCGCATTTGTTTGTCAACGCGGATGAAGCCGCGATCGTCAACTTCCACGCCAGCTTTACCTGCATCGAGGTTTTTACCATTCGGGACGCGGCCGATAGCGACCAGCACTGCGTCGTAACGCTGCGCTTCCGCCGGTGCTTTTTTACCTTCCATGGAAACGTAAATACCGTCTTCTTTCGCTTCAACGGCAGTCACTTTGGTTTCCAGCATCAGGTTAAATTTCTTGCTGATGCGTTTGGTGAAGACTTTCACCACGTCTTTGTCGGCAGCCGGGATAACCTGGTCGAACATTTCCACCACGTCAATCTCTGAACCCAGCGCATGGTATACGGTACCCATTTCCAGACCGATGATACCGCCGCCCATCACCAGCATGCGTTTCGGTACAGATTTCAGTTCCAGCGCGTCGGTGGAGTCCCATACGCGCGGATCTTCATGCGGGATAAACGGCAGCTGAATCGGACGGGAACCCGCCGCGATGATAGCGTTGTCGAAGTTGATCACGGTTTTGCCGTTTTCGCCTTCCACTTCCAGGGTGTTAGCGCCGGTAAATTTACCCAGACCGTTAACCACCTTCACTTTACGACCTTTGGCCATGCCAGCCAGACCACCGGTCAGCTGAGTGATGACTTTTTCTTTCCAGGTGCGGATCTTGTCAATGTCAGTTTTCGGTTCGCCGAAAACGATGCCGTGTTCGGCCAGCGCTTTCGCTTCTTCGATAACTTTTGCCACGTGCAGCAGCGCTTTAGAAGGGATACAACCCACGTTCAGACAAACACCACCGAGGGTGCTGTAACGTTCTACGATGACGGTTTCCAGACCTAAATCAGCGCAACGGAAGGCTGCAGAGTAACCTGCGGGGCCTGCCCCAAGTACCACGACCTGAGTTTTGATTTCAGTACTCATCATGACCTCTGTAATTTATATCCGGCGGGTCTGACGCTATTATTCTTACGCCCAAGTCCACCGGGACGTTCTATCCGCGTGTATTTTACAAAATTGTTAACAATTTTTAAACAACAAACGGCAAACGATTTTGTCCTTTGTTGCTGATAATCCCCAACAGCCTGAGGTTATCAGAAAAAAGCCGGCCGTCAGGCCGGCTTTTTCGATTACATCACCAGGCGGCGAATGTCGCTCAGGGTGTTGTTAATGATGGTAATGAAGCGGGCACCATCAGCACCGTCGATGACGCGGTGGTCGAAGGACAGAGAGATCGGCAGCATCAGGCGCGGCACAAACTCTTTACCATTCCATACCGGCTCCATCGCGGACTTAGACACGCCGAGGATGGCCACTTCCGGCGCGTTAACAATCGGCGCGAAGTGGGTGGTACCCAGGCCGCCGATGCTGGAGATGGTGAAGCAACCGCCCTGCATTTCGCCAGCCGTCAGTTTGCCATCGCGCGCTTTCTTCGAGATGGTGGTCAATTCACGAGACAGCTCGGTGATGCTCTTCTTGTTCACGTCTTTGAAGACCGGAACCACCAGACCGTTCGGGGTATCCACCGCCACACCGATGTTGATGTATTTCTTCAGCGTCAGGCGCTGACCATCTTCGGAGAGCGAGCTGTTGAAGCGCGGCATCTGCTCAAGCGCAGCGGCAACCGCTTTCATGATGAAGACCACTGGAGTGAATTTCACGTCCAGTTTACGCTTCTCAGCTTCGGCATTCTGCTGCTTGCGGAACGCTTCCAGATCGGTGATATCGGTTTTGTCGAAGTGGGTAACGTGCGGAATCATCACCCAGTTACGGCTCAGGTTGGCGCCAGAGATTTTCTGGATACGACCCAGCTCCACTTCTTCGACTTCGCCAAACTTGCTGAAGTCAACCTTCGGCCACGGCAGCATGCCCGGGATACCGCCGCCAGCGGCAGCCGCCGGTGCGGATTCAGCGCGTTTAACCGCGTCTTTCACGTAGGCCTGAACGTCTTCGCGCAGGATACGACCTTTACGGCCGGTGCCTTTCACTTTCGCCAGGTTAACACCGAACTCGCGCGCCAGGCGGCGAATCAGCGGGGTCGCGTGAACGTAGGCATCGTTTTCAGCGAATTCGCTTTTACCTTCTGCTTTCGCAGCCGGCGCAGCGGCAGGCTTAGCGGCCTGAGCCGGGGCAGCAGCTGGTGCCGGGGCAGCAGCCTGAGCCGGAGCGGCGGCAGGCGCAGCGCCTTCCACTTCGAAGACCATGATCAGGGAACCGGTTT
NZ_CP073782.1_gap75	3282173	3285347	3174	GGTACCCCGGCGCTCCAGGCCATTGTCGGCCACTTTGGACCACAGATGATTGCCCCCGACGGCACGCTGAACCGCCGCCTGCTGCGGGAAAAAATTTTTGCTCACGTGGAGGAAAAAGCCTGGCTCAATGCGCTGTTGCACCCGCTGATTCAGCAGGAAACGCGCCGCCAGATGCAGGCCGCCATCTCCCCTTATCTCCTCTGGGTCGTACCTTTGCTGGTCGAAAACCGCCTGTCCGGCCAGGCCGATCGCGTACTGGTCGTCGATGTGCCGAAAGAGACGCAAATCGAACGCACCATGCTGCGCGATAAGGTCAGCCGCGAACATGCTGAACATATTCTTGCCGCCCAGGCCACGCGCCAGCAGCGCCTGGCCGTCGCGGACGATGTTATTGAAAACACTGGCACGCCGGATGCAGTGGCATCGGATGTTGCCCGCCTGCACGAAAAGTATTTAACGCTGGCATCGCAGGCCGCCTCACAGGAAAACTCGTAATGCATACCCCCGTTCTGTTTGAACATCCTCTTAATGAGAAAATGCGCACCTGGCTGCGCATCGAATTTCTGATCCAGCAGATGGCTTTCCGTCCGCAGATTGCCAGCCATGCCGATGCGCTCCATTTTTTCCGTAACGCCGGCGATCTGCTGGATGTCCTGGAGCGCGGCGAGGTGCGCACTGACCTGGTTAAAGAGCTGGAACGCCAGCAGCGTAAGCTCCAGTCATGGGCAGAAGTGCCGGGCGTCGATCAGGAGCGCATTAACGAGCTGCGCCACCAGTTGAAGCAGTCCTCCAGCACCCTGATGGCCGCGCCGCGCATTGGTCAGTTTCTGCGTGAAGATCGCCTGATTGCGCTGGTGCGTCAGCGCCTGAGTATTCCTGGCGGCTGCTGCAGCTTCGATTTACCGACCCTGCATATCTGGCTCCATATGCCACAGGCGCATCGCGATGAGCAGGTGGCCAGCTGGCTTGCCAGCCTCGATCCGCTGGTCCAGTCCCTGAGCCTGATCCTCGATCTTATCCGCAACTCCGCGCTGTTCCGCAAACAGACCAGCCTCAACGGCTTTTATCAGGATAATGGCGAAGATGCCGATCTGCTGCGCCTGCGTCTCGATCTGGCTCACCAGCTTTATCCGCAAATTTCCGGCCATAAGAGCCGTTTCGCCATCCGTTTCCTGGCGCTGGACAGTGAATATGGGATCGTGCCGGAGCGCTTTGATTTTGAACTGGCCTGCTGTTAAGGAGATAACATGTCAGAAGAGACTATCGTCAACTGCCCGACCTGCGGCAAAACTGTGGTGTGGGGCGAGCAGAGTCCGTTTCGTCCGTTCTGTAGCAAGCGCTGCCAACTGATCGATCTGGGAGAATGGGCAGCGGAAGAGAAGCGCATCCCCAGCGCGGGGGATCTCTCCGATAGCGATGACTGGAGCGAGCAGCAACCCTGATTTGATGGCAAGCTAACCCGGCGCCTGGCGGGTTAGCCTCGCGCCCCGGGGCTCAGCCCTGGGCGATAAGTTTGCTGATAACCGGTTCATTCGCCGGAGGAAACGCCGCCGGATCCAACGTTGGTCCCGCCATCCACCGACCCGGCTGCCCTTCTTTACCCCACGGCTCGCCTTGCCAACTTTCCACGAGGAAAAACCACAGCGTAATATGGCGATCGGGGAACTGATACTCCAGCTTATCAAAGAGCGAAGAGGTGGTGACCGTAATCCCAACCTCCTCCTGCAGTTCGCGGATTAGCGCCTGCTCAGGCGTCTCATCAGATTCAATCTTCCCGCCCGGGAACTCCAGCTTATTCGCCATATGGGCATCGGCGGCGCGCTGGGTAATAAAGATTTCGCCTTGCTGATTGCGAATTATCCCGACGGCGATTTGCAGTTTTTTCATTGAATGCGCTCCATAAAAAAGGCGCAGAACTCTGCGCCTTTGTTTGTTTTATCAGACCTTAGCTCAGACGGCCGTGGCACTGTTTGTACTTTTTGCCGGAGCCGCACGGGCACGGATCGTTACGGCCCACTTTACGTTCGCCGGTTTGCGCCGCCAGATCCTGGGCTGCGGCTTCATCATCGCTCTGATGGCTGAGCTGCTGCATCTGCGCCAGGCGCTCGGCCTCTTCACGACGCTGCTGTTCCATCGCCTCGACTTCTTCCGGCATCCGCACCTGGACTTTGCTCAGGGTGCTGATCACTTCATACTTCAGTGACTCCAGCATCGCGGCAAACATCGAGAACGATTCGCGCTTGTACTCCTGCTTCGGATCTTTCTGCGCATAGCCGCGCAGGTGGATACCCTGGCGCAGGTAATCCATCGCCGCCAGGTGCTCTTTCCACAGCGAATCCAGAGTCTGCAGCATCACGCCTTTCTCGAAGTGGCGCATCATCTCGGCGCCGACCACTTCTTCTTTACGCTGGTAGGTTTCTACCGCGCTCTGCAGAATACGTTCGCGCAGGGTCTCTTCATGCAGCTCCGGCTCTTTATCCAGCCACTCTTTGATTGGCAGGTCGAGGTCGAAGTCGTTTTTCAGACGCTCCTGCAGACCTTCGATATCCCACATCTCCTCCAGCGACTGCGGCGGAATATGGGCATCGATCGTCGCCTTAAAGACGTCTTCGCGGATGCTGTTGATGGTTTCGCTGACGTCAGACACGTCCAGCAGCTCGTTACGCTGGGTGTAGATCGCCCGGCGCTGGTCGTTGGCCACATCATCATATTCCAGCAGCTGCTTACGGATATCGAAGTTACGGCTTTCCACTTTACGCTGGGCGTTGGCGATCGCCTTGGTGACCCACGGGTGCTCAATCGCCTCACCTGGTTTCATTCCCAGTTTACGCATCATGCCAGACACGCGATCGGAGGCGAAGATACGCATCAGGGCATCTTCCATTGACAGGTAGAAGCGGGAAGAACCGGCATCCCCCTGACGACCAGCACGGCCGCGCAGCTGGTTATCGATACGGCGAGATTCATGACGTTCGGTACCGATGATGTGCAGACCGCCTGCGGCCAGTACCGCATCGTGGCGTACCTGCCAGTCGGCTTTGATTTTCTCAATCTGCTCTGGCGTTGGGTTTTCCAGCGCAGCGACTTCCGCCTGCCAGCTACCGCCGAGCATAATATCGGTACCACGACCCGCCATGTTGGTGGCGATGGTCACCGCGGAAGGGTAGCCCGCCT
NZ_CP073782.1_gap76	3292403	3295335	2932	GCCATTTTTCGACCAAAACTTCATCATCATGCTGAAAAGCCAACGCCAATGCACTCGCTAAATCACAACTTTCGCTGACTTTCGACATCCCGACGCTGGAGCCTTCACGGCTCGGCTTGATGATGACCGGCAGACCCAGCGCCGCAATTTGCTGTTCGACGTCAGTAGACAGCCCGGCGGCAAACTGGGCGCGGGTCAGCGCCACCCACGGCGCGACCGGTAATCCGGCACCCTGCCACAGCCACTTGCTGCGCAGTTTATCCATTGAAATCGCCGAAGCCATCACGCCGCTGCCGGTATAAGGCAGCTGGATTAACTCCAGCAGCCCCTGCAGAGTGCCATCTTCCCCGCCGCGGCCGTGGAGGGCAATAAACGCTTTCTTAAAGCCCTGCTTTTTTAGCTGGGTAATATCAACATCGCGCGGGTCGACCGGATGGGCGTCCACCCCGCCTTCACGTAGCCCGGCCAGCACCGCCGCGCCTGAATTCAGCGACACTTCACGTTCAGCGGAGGTTCCACCGAAAAGCACCGCGATTTTATCAGCCATGGCGCTCCTCCTCCGTTTTTTGCGGGATCAGTTTGATTTCAGCCAGGTGGCGGGCGATTTTACCGATGTTACCGGCGCCCTGCACCAGTACTAAATCGTTGCCGGTCAGGACTGACGCCAGCATCTCCGCGGCCTGGGCCGAATCGGGCACCAGGATCGGATCCACTTTCCCGCGACCGCGAATGGTGCGGCACAGCGAGCGGCTGTCGGCGCCCGGGATCGGCGCTTCGCCCGCCGGATAGACGTCCAGCATCAGCAGGGCATCCACCTGGGTCAGCACGTTGGCAAAATCATCATACAGATCGCGGGTACGGGTATAACGGTGCGGCTGGAATACCATCACCAGGTTTTTATCCGGCCAGCCGGCACGCGCTGCTTTAATGGTGGCGTCCACTTCCGTCGGGTGGTGACCGTAATCATCGATCAGCATCGCGCTGCCCGGTTTGCCGTTGACTTCGGCCAGCGGAAACTCGCCAAGAAAATCAAAGCGGCGTCCAGTTCCCTGGAAGCTCTCCAGTGCGCGCAGAATAGCCCGATCGTCAATCCCCTCTTCCGTCGCCACGGCGACGGCCGCCGCCGCGTTCAGCGCGTTATGGCGTCCCGGGGCATTGAGCGTCACCTGCAGGATCGCTTTATCCTGGCGCACCAGGCGGAAATGCCCCTGCGCCCCAACCTGACGATAGTCCTCGACGCGCACGTCGGCGTCGTCGCTAAAACCGTAGGTGGTGATCTGCCGGCCAACGCGCGGCAGCAGTTCCCGGATCACCGGATCGTCCACGCACATCACCGCGCGTCCGTAGAACGGCAGGTTGTGCAGGAAGTTGATAAAGGTCTGCTTCAGATTCTCAAAGTCGCCATGGTAGGTATCCATGTGATCGGCTTCGATGTTGGTGACAATGGCCACCATCGGCTGCAGATGCAGAAACGACGCGTCGCTCTCATCCGCTTCCGCGATCAGGTAACGGCTATGGCCAAGACGGGCATGTACGCCCGCCGCTTTTACCAGTCCGCCGTTGACGAAGGTCGGGTCCAGCCCGGCCTCGGCGTAAATGCTGGATACCATCGCGGTGGTGGTGGTTTTGCCGTGGGTCCCGGCAATGGCGATCCCGTGGCGAAAGCGCATAAGTTCCGCCAGCATTTCGGCACGACGGATCACCGGGATACGCGCCTCATGCGCGGCAACGATTTCCGGGTTATCTGCCGAAATCGCGCTGGAAACGACAACCACGCTGGCATCACGCACGTTTTCCGGGCGATGGTTGAAATAAATGGTGGCGCCAAGCTGCGACAGCTGCTGGGTCACCGGATTCGGCGCCAGGTCGGAGCCGCTGATCTGGTAACCTTCGTTAGCCAACACTTCGGCAATACCGCCCATACCGGCACCGCCGATGCCGACAAAGTGAATGTGCCGAACGCGACGCATCTCGGGCACTATGGAACGCAGTTTTGCCAAATCTTGTGTATTCATTCTTTACGCCATCAACTTCTGTATTCGGGCGGTGAAAATCACCGCAATTAGCGCGCCAAAGCTACGGCGCTGACCTCTTCTGCTACCCGCTCGGTAGCGTCCGGAATCGAAGCGCCACGCGCTCGTTCCGCCATATCCAGCAAGGTTTCCCGATCCCAGCTCGCCAGGGTAGAGGCAACCGCCTCTACCGTGAACTCAGGCTGTTCAAGAATTTTCGCCGCGCCGGCTTTCTCCAGCGGCAGCGCATTCCAGTACTGCTGACGATCTTTGTGCTGGAACGGGACAAACAGCGCTGGTAAACCTGCGGCCGCGATTTCGCTAACCGTCAGCGCGCCGGAACGGCAAACCACAACATCTGCCCAGGCATACGCCGCGGCCATGTCATCAATAAATTCCGTCACTTTATGCTGCGGCTGTCCGGCGGCGGCATAGGCCTGCTGCACGGTTTGCTGGCCGCCTTTGCCGCTTTGATGCCAGATGGTCACCGTAGCGCCGAGCTTCGCCGCCACCTGCGGCATCGTCTGGTTCAGGACGCGCGCGCCCTGAGAGCCACCGACCACCAGCACGCGAATCGGCCCCTGACGGCCAACCAGACGCTGACCTGGCAGCGGCAACGCCAGTACATCGGTGCGCACCGGGTTCCCAACGACGTCCGCATGCGGGAACGCGCCGGGAAACGCCTGCATCACTTTCTTCGCAATCTTCGCCAGCCACTTGTTAGTCAGGCCGGCAATGCCGTTTTGCTCGTGGAGGACCACCGGGATCCCCAGCGACCACGCCGCCAGACCGCCAGGCCCGGAAACATAGCCGCCCATACCCAGCACCACGTCCGGCTGGAAACGCTTCATGATCGCCCGCGCCTGACGCCAGGCGTTAAAGATACGCACCGGCGCCAGTAGCTGCGCTTTGATACCTTT
NZ_CP073782.1_gap77	3425707	3430453	4746	ACAGCTTGGCGCCGAGCCGCTGCCGCAGGAGAGCGATTTCCTGATCTCCATTAACGCCCAGGGCCGTCTGCATACCGAAGAAGAGTTTGGCAATATCATTCTGAAAACGGCGCAGGATGGCTCGCTGGTCCGCCTGCGCGACGTGGCGCGCATCGAGATGGGTTCCGGCAGCTATGCGCTGCGCTCCCAGCTCAACAATAAGGATGCGGTCGGGATCGGTATCTTCCAGTCCCCCGGCGCTAACGCCATCGATCTGTCGAACGCGGTACGCGCCAAAATGGCCGAGCTGGCCACCCGCTTCCCGGAAGATATGCAATGGGCGGCGCCGTACGACCCGACGGTTTTCGTCCGCGACTCCATCCGCGCGGTGGTGCAGACGCTGCTGGAGGCGGTAGTGCTGGTGGTGCTGGTAGTGATCCTGTTCCTGCAGACCTGGCGCGCGTCGATTATCCCGCTGATCGCGGTGCCGGTATCGGTGGTGGGTACCTTCAGCATTCTCTATCTGCTGGGCTTCTCGCTGAATACCCTGAGCCTGTTCGGGCTGGTACTGGCTATCGGTATCGTGGTGGACGACGCCATCGTGGTGGTGGAGAACGTCGAGCGTAATATCGAAGAGGGGCTTGCGCCGCTTGCCGCGGCGCATCAGGCGATGCGTGAGGTCTCCGGGCCGATTATCGCCATTGCGCTGGTGCTGTGTGCGGTGTTCGTGCCGATGGCGTTTCTCTCCGGGGTCACCGGACAGTTCTACAAACAGTTCGCGGTGACCATCGCCATCTCGACGGTGATCTCGGCCATCAACTCGCTGACGCTCTCCCCGGCGCTGGCGGCCCTGCTGTTAAAGCCTCACGGCGCGAAGAAAGACCTCCCTACCCGGCTGATCGATCGCCTGTTTGGCTGGATTTTCCGTCCGTTTAACCGCTTTTTCCTGCGCAGCTCGAACGGCTATCAGGGGCTGGTGAGCAAAACCCTCGGACGCCGTGGCGCGGTGTTTGCGGTGTATCTGCTGCTGCTCTGCGCCGCTGGGGTAATGTTTAAAGTCGTCCCCGGCGGGTTTATTCCCACCCAGGATAAGCTGTATCTCATTGGCGGCGTGAAGATGCCGGAAGGGTCGTCGCTGGCGCGCACCGACGCGGTGATCCGCAAAATGAGCGAGATCGGGATGAATACCGAAGGGGTCGACTATGCGGTCGCTTTCCCGGGGCTTAACGCGCTGCAGTTCACCAACACGCCGAATACCGGGACGGTCTTTTTTGGCCTGAAACCGTTCGACCAGCGCAAACACACGGCGGCGGAAATTAACGCGGAGATCAACGCCAAAATCGCGCAAATCCAGCAGGGCTTTGGCTTTTCCATCCTGCCGCCGCCGATTTTAGGACTGGGTCAGGGTTCCGGCTACTCCCTGTACATCCAGGATCGCGGAGGGCTGGGCTATGGCGCGCTGCAAAGCGCGGTGAATGCGATGTCCGGGGCGATTATGCAGACGCCGGGGATGCACTTCCCGATCTCGACTTACCAGGCTAACGTGCCGCAGCTGGACGTGCAGGTCGATCGCGATAAGGCGAAAGCGCAGGGGGTATCGCTAACCGAGCTATTCGGTACGCTGCAGACCTATCTCGGCTCGTCTTATGTCAATGACTTTAACCAGTTCGGGCGTACCTGGCGCGTGATGGCCCAGGCTGACGGACCATACCGCGAAAGCGTGGAAGATATCGCCAATCTGCGCACCCGCAATAATCAGGGCGAAATGGTACCGATCGGCAGTATGGTGAATATCAGTACCACCTACGGGCCGGATCCGGTGATCCGCTACAACGGTTATCCGGCGGCGGACCTGATTGGCGATGCCGATCCGCGGGTCCTCTCTTCTTCACAGGCGATGACGCATCTGGAGGAGCTGTCGAAGCAGATCCTGCCGAATGGGATGAATATTGAGTGGACGGATCTCAGCTTCCAGCAGGCCACCCAGGGCAACACGGCGCTGATCGTCTTCCCGGTGGCGGTGCTGCTGGCGTTCCTCGTGCTGGCCGCGCTGTATGAAAGCTGGACATTGCCGCTGGCGGTGATCCTTATCGTACCGATGACGATGCTCTCCGCGCTGTTTGGCGTCTGGCTGACCGGGGGCGATAACAACGTCTTCGTGCAGGTGGGTCTGGTGGTCCTGATGGGCCTGGCCTGTAAAAACGCCATTCTGATCGTCGAGTTTGCCCGCGAGCTGGAGATCCAGGGGAAAGGCATCATGGAAGCCGCCCTGGAGGCGTGCCGCCTGCGTCTGCGCCCGATCGTGATGACCTCCATCGCCTTTATCGCCGGGACCATTCCGCTGATCCTCGGCCACGGCGCGGGGGCGGAAGTCCGCGGCGTCACCGGGATCACGGTGTTCTCCGGGATGCTGGGCGTGACGCTCTTCGGTCTGTTCCTGACGCCGGTGTTTTACGTGACGCTACGGAAACTGGTGACCCGCAGGAAGCCGGTCCAGGAGGATCTGCCCGCCTAGCCTGCAGCAGATAACAAAAAAACCGCCTTCACAATTTGAAGGCGGTTTTTTTTCGTCACCAGAAAATGATTAATGCGCTTTTTTAAAGCGGGCGATCATTTCCGGCACCGGGTCGCAGCCGCTGGTATCGGCGTTTTTGACCGCCTCCAGCGCGCTGGCCACGGTATGGCGAGCGAGGACGTTTAACGAAGCCTGCTCTGCTTCATCGGCAACCGATTTGAAGTACCAGCAGGCGTTGGCGCTGACCACGCAGCGGGCCGGGACGTCAGGACGCGACGCCCACAGTTTTTTATCTTCGATAACCGAAAGATAGATATCACGCAGGGTGATCTTGTCCGCCGGACGGCCAAGATGAATTGAGCCGTTGCGGCCAAGCGTGGAGACGATAATGCCGTCACGAGTTAGCGGAACCATTAGTTTACGGATAAAGCTCGGGTTCGCTTCCAGGCCGTAGGCCAGAATCGCACTCGTCGAACGTTCACCCATCTGCTCCGCCATTGCTACGCTGAGAACCATCTGCAAAGCTGTCGGGAAGCGGTAATCTAACATGGCAGTGTCCTGGGTTGCGGTGAATCTTGTTCTTTTTGGCACCGCAGAGGTGAATAATCAATGAACAACAATATAACAAATACGGGAATTTTTTTGAAGCAATCTGCGGTTAGCCTGCGAAGTAAATTTTCTGATTTCACGGGCAAAGGCGGGGCAAACACAGATTCCCTTTCGTACCGTTTTATTTAACGCAAACGCCATCCTTTGTTCCGCTAGCCACGCCCTGTCGCCCCGCGACCTGTCCACACCAGCGGCGCCTAACCCTGTGGATAACCTGGAGGCAGTTGCCTGGCAGCCGCAGCCCGGGCGGGCTACCGGCAGCCGTTCGTTTTTTGAACAGGGAAAACTCCCCCGCCGGGCTGCGCGCTGAGCGCCAGAGCCACCACCGCGGCGGAGGGAAGCGCCCGCCCCGCTTAATAATTCCACTTCGGCCGCGCCACCGTGTTTTTCTTCAGCAGGTCGCGGAACGCTTTCAGGTAGGGCTCATTGCTGCGCCCGCGCTTACAGATGGCCGAGAACGGCGACTGAAAGCCAAACTCGTTGGGCAGCAGCACCCGCAGGCGGTTCTCTTTGATCCACGGCCAGGCGTAATGCTCCGGCAGATAGCCAATATATTTCCCCGAGAGGATCAGCAGCAGCTGGGCGTCGACGGTCTCGACGGTGGCGCTCCCTTTGCTGAAGCCCCGACGGCGGAGATCGCTGGTGTTCCAGTAGCTGCGGGTCACCAGCGGGCACTGGCTGATCTGCTCTTTATCGAGCTGGCGGCTGAAGAACATCGGGTGCAGATCGCTGCAGTAGAGCCAGTGCTGTTCACGGTACAGCGGCTCGCTGATGATGTTATGCACCTGCGAGTTGTAGCTGCCGATGGCCAGGTCGATATGGTTGTTCAGCACGCCGTTCAGTTGCTCCGCCGGGGTGCGGATAATCAGTTTGATATGCACATGGGGAAATTTGTCGCTGAAGCTGCGCAGAACCACCGGCAGCGAGAGCGCCGTTTCGGTCTCGATGGAGTCGAGCGTCGAGATGCACAGGGTGCCGCTGTGCTCCCCTTTGAGCAGCGCCGACTGCCGCTCCAGCTCATTGAGTTCGCTCAGTACGCGGATCGCCTGCTGTAAAAACTGCTGGCCTTTCTCGGTCAGAGAAAAGCCGCCGCGCCCGCGCTGGCAGAGGGTGAAGCCGAGCTGTCCCTCCAGCTGCGACATCGCATTGCTGATGGCGGAGACCGAAATACCCAGCTCCTGCTGGGCCCGGCTGTAGCTCTCCAGGCGGGCCACCGCCTCGAAAACCTGCAGCTGGCGAATATTGAGGCTGGCGTCGTGATGCATCGTATTTAGTTCACCAATAAATGAACTGAGTATTTACGCCAGACGATGTAAAGTCCAGCGCGGGTTGCGCACTATCTCTCCTGTTACGTTTCATCCGTCAGATTCAGGAGCAGACATGGATAACCTCTTTCACCAACCGCAGGGTGGCAATGAGATGCCACGCTTCGCCGGACGCGCCACAATGATGCGCCTGCCGTTTATCGAAGATTTACAGGGACTTGACGCGGCATTTGTCGGCATTCCGCTGGATATCGGCACCTCGCAGCGCTCGGGCACGCGCTACGGACCACGCTATATTCGCGCCGAATCGGTGATGATCCGTCCGTACAATATGGCGACCGGCGCCGCGCCGTTCGACTCGCTGTCGGTGGCCGACAT
NZ_CP073782.1_gap78	3432693	3435682	2989	TCGATGCACCTCCCGTGAAAAACGCCGCAGGAGAAGAGGCGTTCGTGATCAATATCGGCGACATGCTGGAAGTGCTCAGCGCTGGCACATTTGTTGCTACAGCCCACCGGGTGCGCAAAGTGCCGCAGGAGCGGTACTCCTTCCCGCTGTTTTTCGCCTGCGATTACCACACGCTGATCCGCCCGCTGTCGACCTTTCTCGCCGCCGGCGAAGCCGGTGAATATCAGGAGCTCAGCATCGGGGAGCATATGTGGAGCCAGGCGCTGCAAACCTATCGCTACCTGCGCGAGAAGGTCAATCGCGGTGAACTTCAGCTACCGGAGCGCGCGCGCGGCACCAATACGTTTGGCCATTTGAAAAAACAGGCTCAGCAAAAAAACCCCTAACCACCCGTGAGGATCCATGATGACTAGCACCCTGAAAAAAATCTCGCGCCGTGTCGCGCTTACCCTCGCCGTCAGCGCCTGTTTCTCCCCTGTCACCCAGGCGGCGGAACTGCTGACCGAGGGCGTCTTTAAGGTGGGGATGGAGGTCACCTACCCGCCGTTTGAGTCTTATGACAGCAATAACAACATCGTCGGTCTCGACCCGGAGTTTGCCGCGCTGATCGCCCAACATCTGCAGGCCAAACCGCAGCTGATCGACACCAAGTTCACCAGCCTGATCCTCGGCATCGGCAAGAAATATGACGCGGTGATCTCCGGGATGTACGTGACGCCGGAGCGCCAGAAGCAGGCCGACGCCATCCCTTACGCCCTCTCCGGCGCGTCGATCATCGCCCTGAAGGGCGGCGCGGTGCAGCCGAAAACCGAAGATGAGCTGTGCGGCGTGAAGGTCGGTCTGCAGGCGGGCACCACCTGGGTGACCAGCCTGAAAAAACACTCCGATGAGTGGTGCCTGAAAAACGGCAAACCGGCCATCACCATTCAGGAGTTCCCGACGGCGCCGGAAGCCTCCCAGGCGCTGCTGTCGAAGAACATCGGCGCCCAGCTTGAGATTGCCCCGGCGGCGCAGATCATTGTCGACAAGAGCCGCGGCCGCCTGGCGATAAGCTCTACGCGCCTGGTCTACCCGCTGCCGCTGGGGATCTACGTCGCCAAAGGCAACACCGAGCTGGCGGAGGCGATCAAGGCCACCCTGGCCACGCTGAAGGCCAACGGCCAATATGCCGCGTTGATCAAAAAATACAACTTAGAAAGCATCGATTAAGACAATAAGCACTGCGCAACAGGAGTCAGTATGGCGTTCGATTGGGGATACTTTTTTTCATTGTTTAGCATTGGGGCATTCTGGCAGGCGTGCGTGACCGTCATCGTAATCAGCACCTTGTCCTGGGGGATCGGCCTGGTAGTCGGTTTTCTGTTAGCCTGCGCGAAGCTCTCGGCGCCGCGCTGGGTCAAGATCCCCGTCGAACTCTATATCTGGTTTTTTCGCAGCGTGCCGCTGATGGTGCTGCTGGTGTTTGTCTACAACCTGCCGCAGCTGTTTCCTGTGACCCAGCCGCTGCTCGGGGTGCCGTTTATCGCCGGGCTGGTGTCGATGACCGTCACCGAGGCGGCCTATATGGCGGAGATCCACCGCGGCGGGCTGCTGTCGGTGGCCAAGGGGCAGAGCGAGGCGGGCCATGCGCTGAGCTTCAGCTTTATCGGCATCCAGCGGCTGATTGTGATCCCTCAGGCATTTCGCATCTCGCTGCCGACGCTGATCAATGAATACATCACCATCATTAAGCTGAGCTCGATTCTGTCGGTGGTCTCCTTACCCGAGCTGCTGCTCACCGGCCAGCGCTTGTATGCGCAGAATTTCCTTGTGATGGAGACCCTGCTGGCGGTAGCGGTGTACTACGTGATGGTGGTTACCGTCTTCACCTGGCTGTTCCGGGCGCTGGAAAATCGTCTCGATATTCAGCGTAAGCGTCCGCAAACCCTCAGCGAGGCGGAATGCCAGGCGCTGCGCCAGAGCCTGCCGGCGCTGAGCGAAGAGAGCAACACCCCGGCCGTCAATGGCGCGCCGCCGGCGCTCGACCTGCGGGGCATCCGCAAATCCTGGGGGCAGCATGAGGTGCTGAAAGGCATCGATCTGCAGGTGGAGAACGGGGAGGTGATCAGCATCATCGGCCCGTCCGGCTCCGGCAAAACCACCCTGATCCGCACCATCAACGCCCTCGAAAGCCTTGATGACGGGGAGATCATTCTCTACGGCGAGGACTATCTTAAGGGCGGAGCCATCGTCGACAAACGCCAGATGCGCGCCGGGGTACGGCGCATCGGCATGGTCTTCCAGAGCTTCAACCTGTTCCCCCACCGCACGGTGCTCGACAATGTGATGCTGGCCCCGCGCTATCACCAGCTGCTGGACCAGCCGGTCGCCCGCGAGCAGGCCCTGGCGCTGCTCGACCGCGTCGGCCTGCTGGCCCATGCCCACAAGTACCCCGGACAGCTCTCCGGCGGCCAGCAGCAGCGCGTGGCGATCGCCCGGGCGCTGGCGCTGAAGCCGGACATCATGCTGTTTGACGAACCGACCTCGGCGCTGGATCCCGAGCTGGTAGGCGAAGTGCTGAAGGTCATTCAGTCGCTGGCCCGCGAAGGCATGACCATGCTGATTGTCACTCACGAGATGGACTTCGCCCTGTCGATTTCCGACCGCGTGGTGCTGATGGAGAACGGCGTGGTGCAGGCCGATATCGCCCCGCAGGTGATCCGCAGCCCGCTGGAGGCGCCTTCTCTGCAACGAATCCGTGAATTTATGGGAGTACGCTAAATGGCAACTGAGCAACACCTGCGCCAGCAGCTGGCCGCCGCCTACCGGCTGGCGGCGCTGTTCGGCTGGGAGGATACCCTCTACACTCACTTCTCCGTGCGCCTGCCCGGCGACGGCGAGCCGCGTTTTTTAATTAATCCCTTCGGCATGATGTTTGACGAAGTCACCGCCAGCAACCTGATCGTAGTGGATATGCAGGGCAAGGTCGTAGCGGGCGACGCGCCGGCTA
NZ_CP073782.1_gap79	3515835	3517337	1502	GCCAGGTTTTATTTAATTGATTTAACTATGTTTTTTTATCGACCTCTGCCGATGCGACATGTCGATGACAGCCCCGGGGCGTCGACATCGACATTGACTGCCACGACGATTTCATTCTGGCATCGTTATTGCATAGAAGGCGCATCGCGATACGGAGGCGACTATGCACGAAATCACCCTCAGCCAGCGGGCGCTGGAAATTATTGAACAACAGGCGCAGCAGGCCGGCGCGCGGCGGGTTACCGGCGTGTGGCTTAAGGTCGGGGCATTTTCCTGCGTGGAAGCCAGCGCCCTGACCTTCTGCTTTGAGCTGGTCTGCCGCGGCACGCTGGCGGAGGGGTGCGAACTGCATATCACCGAACAACAGGCTGAATGCTGGTGCGATCGCTGTCAGCAGTACGTCCATCTTGTCTCGCAGCACGTTCGCCGCTGCCCGCACTGCAATAACGACCAGCTGCAGATCGTGGCGGATGATGGCTTACAGATTCAGCGTTTAGAATTGGAGTAAATTATGTGTACAACATGCGGCTGTGGCGAAGGCAACCTCTATATTGAAGGAGACGAACGAAACCCGCATTCCGCGTTCCGCAGCGCCCCCTTCGCGCCCGCCCCACGCCAGACGATGACCATCACCGGTGTCAAAATCGACCACTTCACCCCCACCCGCACGCCAGAGGGCGACCTGCATTACGGCCACGGCGAAGCGGGTACCCACGCCCCGGGGCAGAGCCAGCGGCGGATGCTGGAAGTGGAGATCGACGTGCTGGATAAAAACAACCGCCTGGCGGCACGCAACCGCGCACGCTTCGCAGCAAAACAGCAGCTGGTGCTGAATCTGGTTTCCAGCCCCGGCTCCGGCAAAACCACCCTGCTCACCGAAACCCTCACCCGGCTGAAAGGACGCGCCGACTGCGCGGTGATTGAAGGCGATCAGCAAACGGTCAATGACGCCGCCCGCATTCGCGCCACCGGCACCCCGGCGATTCAGGTCAATACCGGGAAAGGCTGCCATCTCGACGCCCAGATGATCGCCGACGCCGCCCCGCGCCTGCCGCTGGCTAACCGCGGCATTCTGTTTATCGAAAACGTCGGCAACCTGGTCTGCCCGGCCAGCTTTGATCTCGGCGAGCGCCATAAGGTGGCGGTGCTGTCGGTCACCGAAGGCGAAGACAAACCGCTGAAGTATCCGCATATGTTCGCCGCCGCCAGCCTGATGCTGCTCAACAAAGTCGACCTGCTGCCGTATCTCAATTTCGACGTTGAGCGGTGCCTGGCCTGCGCCCGCGAGGTCAATCCGCATATTGAAATTATTCTTGTCTCCGCCACCAGCGGCGAAGGCATGGAGCAATGGCTCACCTGGCTGGAGACGCAGCGATGTGCATAGGCATTCCGGGACAAATTTGCGCCATCGACGGCGTGCTGGCGAAGGTGGAAGTTTGCGGTATTCAGCGCGACGTCGACCTGACGCTGGTCGGCGCCGTTGATGAGCAGGGCCAGCCGCG
NZ_CP073782.1_gap80	3519464	3521224	1760	CGCATTTGCGGTCTCACGCGTTAGGACGCGATGCGGCGATAATCGGCGAAGTGGTCGTCCGCCCGGGCGTACGTTCCGTTGGGCTGTACGGCGTGAAGCGGACGCTCGATCTTCCCCACGCCGAACCGCTGCCGAGAATTTGTTAACGACGGCGTCGGGTCCCGGATAGCGGCTGGCGCCTTTTCCGGGCTACAAAACTGCGCGCACATGTAGCCCGGCTAAGCGCAGCGCGAGCCGGGAAAAAGCCAGCGTAATTATTTTGCCCAAACCAGCGGGCGCCCATGGATGGGTTAAAGCGGCAATAACCGCTTTATTAACATACTATTATTTGTACCATCATTTTCTTATGCGCCGCGTTGTCGGCGCGTTTTGGACGTAAGCAATGTCGTATACACCGATGAGCGATCTCGGCCAGCAGGGGCTGTTCGATATCACCCGGCTTTTATTACAGCAGCCCGATCTGGCCGCGCTAAGCGAAACCCTGACCCGTCTGGTGCAACAGTCCGCGCTGGCCGATGAGGCGGCCATCATCCTGTGGAACGCGGGTAATCACCGCGCGGCCAGGTACGCCTGCGATGAGGCCGGCCATCCGGTAAGCTACGAGGATGAAACCGTCCTGGCCCACGGTCCGGTGCGTCGCTTACTCTCCCGGCCGGATGCCCTGCATTGCGATCATGAAACCTTTGCCGACACCTGGCCGCAGCTTATCCGCAGCGGACTGTATCGTCCGTTCGGATACTACTCGCTGCTGCCGCTGGCGGCGGACGGGCGGATCTTCGGCGGCTGCGAATTCCTCCGCCGTGACAACCGGCCGTGGAGCGAGAAAGAGTTCCAGCGGCTGCATACCTTCGCGCAGATCGTCGCCGTCGTCACCGAACAGATTCAGAACCGGGTCAGCAATAACGTCGATTACGATCTGCTGTGCCACGAGCGCGACAACTTTCGCATCCTGGTGGCGATCACCAACGCGGTGCTCTCGCGACTGGATATCGACGAGCTGGTCAGCGAGGTGGCGAAAGAGATCCATCGCTACTTCCGGATCGACGCCATCAGCGTGGTGCTGCGCAGCGACCGCAAGGGGAAGCTCAACATCTATTCCACGCATTATCTTGACGCCAGCCATCCGGTTCACGACCAGAGCGAGGTGGATGAAGCCGGCACCCTCACCGAGCGCGTGTTCAAAAGCAAAGAGATGCTGCTGCTTAATCTGCACGAACATGACACTCTCGCGCCGTATGAGAAAATGCTCTTCGAGATGTGGGGCAATAAGATCCAGACCCTGTGCCTGCTGCCGCTGATGTCCGGCAATACCCTGCTCGGGGTGCTTAAGCTGGCGCAGTGCGACGAACAGGTCTTCACCACCACCAATCTCAAGCTGCTGCGGCAGATCGCCGAGCGGGTGTCGATCGCTATCGATAACGCCCTCGCCTACCGCGAAATTCAGCGCCTGAAAGAGCGGCTGGTGGATGAGAACCTCGCCCTCACCGAGCAGCTCAATAATGTCGAGAGCGAATTCGGGGAGATTATCGGCCGCAGCGAGGCGATGAACAATGTGCTCAAGCAGGTCGAGATGGTGGCGCAGAGCGACAGCACCGTGCTGATCCTCGGCGAAACCGGCACCGGCAAAGAGCTTATCGCCCGCGCTATCCACAACCTCAGCGGACGCAACGGTCGGCGGATGGTGAAGATGAACTGCGCGGCGATGCCCGCCGGGCTGCTGGAGAGCGATCTGTTCGGCCACGAACGCGGCGCGTTCACCG
NZ_CP073782.1_gap81	3522799	3527751	4952	CCGCCAGCCGGCCATCTTTCTTACATGGATAGTGGAAGTCGTACAGGTAGCCTCCCTCAACCGGCACAATCGGCTCGTTGAAGGTTATCCAGTATTTAACCTTATGGCCAAACAGGCTAAAGGCGGTGCGGGCAAAGCGGGCAAACAGCTCGGCTACGTGCGCCGATTCAAAGCCGCCGTACTGTTTCTGCAGCGCTTCCGGCATATCAAAGTGGTAGAGATTGATCATCGGCTCAATGCCGTTGGCGATCATCTCATCCAGATAGGCGTGATAAAAACGCACCGCGTCCGGGTCCGGCGCGCCGGTTTCCAAATCAGCGATCAGTCGTGACCACTGTATCGAGGTACGAAATGAGTTGAAGCCGGTCTGTTTCATCAGCGCCACGTCCTGCGGATACTGATGATAAGTATCACACACGGTCTGCGGCCCTACCTGCTGATAAAATCGCTCCGGCTGTTCGGCAAACCAACTGTCCCAGATGGAACGATGGCGCTTATTGGTGACCCCTTCCGTTTGCGGGCCGGACGCCGCCGCCCCCCACAGGAACCCTTGCGGAAACTGATACTGCTGCATAACCTCTCCTTCGAAAAAAGGCTGCGCCCGTCTGGCGCAGCCTGAACGTACTACTCAGCGACCACTTCGATCGATTTAATGAACATATAGCCCCAGTCGCCGGCGAAGCGGCCGAAGTCAATCTGATTGCTCCCGGCTTTAAGCGTCACCGGTATCCGCAGCTGCTGGCCCTGCTCATCCGTCTGCGGGAAGGCCACCGCCTGCGGAGCGCCCCCGTTGACGACAAATGAGTTCTGCTTACCGCCCCATTTGCCGTTGAAGGTTACATTGAGCAGGAACTGACCGCTCCACGGCGCCTGCACCTGCCAGCTGACCTTATCCCCCTCGTTGGCAAATGGGCCGAGGAAGCCGTCCTCGCCAACTGTCAGCGCGTCTTTATCACTCTTCATCACCGTCAGCCGCCCCTCAGCCACGCCATAAACTTCGCCGTGATAACGACAGAAATCCGCTGGCGCTTTCCCCGTCGCCTCGCCTACCGTCACGGTCACGGTTTTGCTGCTTTTCAACAGCCCATCGTCCGCCGTGAACGTCAGCGCATAGGTGCCTGGCGCCGTAAACCAGGCCCGGGTTTGAGCCCGATCGGCATGGCAGAAATGCACCTGGCCATCGCCGGCGTGCTGCCAGCCCACCTTAACCTCTCGCGACGGCAGGCCATCGTCCTGCCAGCTGGCCGTAAGCTCGACGCCCTGGTCCTGCGTGGTGGTTAGGGCCTGTTCCAGCGTGACAACCGGCGGCTGATTCTCCTCGCTATGCTGCACGCTAATCACATTGGAAGGGGCCGAACGACCGCTCTCGTTTTTCGCCGTCACCCGGTAGTAATACGTGTGCCCGAGCTGAAGCTGACGATAATCGTCGCGGAACAGAACCATGGTTTCCGGATTCCATTCGTTAACACCATCGGAGATATCCCGGCCCACCACCGTCCACGGCCCGGTCGGTGAGGCGGCGCGTTCGACATCGTAGCTGCGTCCCACCGCAGCGCCCATCCAGTTGATCGCGAAGGGCGAGGTGGTCTCGCGCAGCAAAGGCGCCTCCGGCTTCGGCAGCGGCGCCATCGTCTGCTGCCCGGCCATCTGCGCCGCGGCGGTGCGCACCAGATCGACCACCGCCTGCTCCTGGTTCGCTTCGCCTTCTTTGGCAAACCCCGGCAGGTGGTAGCTGTAGTGCCCGGTCGACTCCTTATGCCAGTAGAAGCCGCCGTCGTGACGATGGCCGCGGAAGCCCCAGATAAGCCCGCCGGCGGCTTGCGCCCCGTTGACCTCGCTGTGAACAATCGACTGCATAATGGCGTTCAGTTGATCCGCCGGCAGCAGGCCAAACTCGCCGACGAGATAGACTTTTTGCCCGCCGACGGCGCGCAGATCCTGCGTCACCTGCCCGGGATGGTTATTATCGGCATTGGTGTAATAGTGATTGCTGACGATATCCACATTGGGGTCGGTCAGCGCAAAGGAATTGATTTTCTTATAGGTGCCATCTACCACCAGCTGATGAGGGGCCCATTTTTTAATCCACGCCGCGGTCTGATGCAGGAAATCGGCGTTGGTATCCTCCAGCTCGTTACCGGTTTCCCAGGCCATGATCGCCTTTTCATCATAATAGGCGCGGCCGGTGACGGTATTTGTCCGGGTGATAACCTGGCGGATCACATCCAGATAGGCTTTGAAGGTCTTGCTATCGGTCCGATAAAAGTCTTCCGCTTTTTCATGATAGAACGCCGCCAGCTGCTCGCGCCCGCCCCACCACCACCAGTGGTCGATAAACGGCAGGATCAGACGCAATCCCTGTTTATCCGCTTCGGCAATCATGTTGTCATACACCCGCATGGCTTTCTCATTCAGCCGCGGCATGCCGTCCGCCGTTTCCGGCGCCAGAATATGGGTCTCGCGCCCGCAGGCCTTATCAAATTCCTGCTGCACCGACAGCACGTAGACGCGCTGGGCTTTCGCCCCGGTTTGCACCATCGCCTGGATCCAGTTTTGCTGCTCCTGGGCCGTTGGCCATTTAAAGTATTGCCCCCAGCCGCGCGGATCTGCCCTGCAGGGGCCGCGGGCGTCGTCTTCAATGCGGTGTAGCTCCGGCGCGTGGATCCCGGCGAAACGAAACACCTTGTCGCCGTCCTTGAGGGTGGCGCCGTCGCGAGTGATAAAGTGCGTAAAGTGCGAGCGCTCGGCGGCCAGCGCCCCGCCGGCCCCCAGCGCGGACAACAGCCCCATCAGCAGCAGGTTTTTCATCGGCTTCATCGTTGTCTCTCCTTAGAACCAGACCTCGGCCTGTACGCCGAAGTTAACGGTGTCGGTAGAGCCACTGCGGGAATACCCGCCGGCGGTGATGGTATTGGTATCCCAGTTGTAGTTACCGTCTAATGCATCGGAGACACCTTTATCCCACTTCGCGTAGGTGACGAAGAAGCGCAGCTGCGGACGCGCCCAGAAACCGGAGTCAAAGGTCAGCGTTGGCGCAACGGTGACTTTGGTCAGGCCGCCTTTGCCTTTGCCGTTTACTCCTTTGTAGTTTTTGTCATCCAGGTATTCGTAGCCCAGCTCGTACTGCATGGCAAAGTTGCGGGTGATCTGATGATAAGGGCGGATACCAGCGACCCACATCGAGCGTTCCCAGCCATTTTCATCTTCCGTCCACCAGCGGTAGTTTTTATCTTTCTGCCAGAAAGCGAAGGTCGAGATCTCCAGGTCGCCCATCGAGGCCACGCTATCCAGCACCACTCGCCAGGACTGAGTGTTTTCCAGGTTGGCCCAGCCCCAGCCGTTTTTACCCAGCGAGTCACCCGCCGCCAGCCCTTTCCCGTACTGCAATGCGAGGCGGGAGTATCCTCCGGTCAGACCATAGAAGCCGTCAAAGTTATAAATACCGGTCACGCCATAGCCCTTCTCGGCGGAAGTCGGATGGTTTTCGTTACGGTTCATGTGGTGGCCGATCAGCTCCAGATCGAAGCCTGTCCCCGCGATCTTTTTCAGCCACAGGTTGAGAGAATAGTCATCCGGGTAGCCCTGATCTCCCTTATCCACCGGGTAGGCTTTGGTTTCATCGGTGGGTGAAAAGGCGTACACCCCGGCGTCGAAGCGGGCGAAGCCGAGATCCATGTTGTCGAAGCCGCCTCCGGTGCCGTTGTACTGAATGTACTCCCAGTCGAACTGATGGCTGGAGGTGTTGGAGCTGCTATAGCGCTTACCGGCCCAGAAGGTCATCTCCGGCGCAAAATCCAGATTGCTCAACTCGGCGAACCCTTCACGAAACTGTACGTCATGGCCATCGTCATCCTGACAGTTCCAGTCGGAGGTGCATTTCGACTGGTGAGTGAGGTTGGCCTGCACTTTCGCCACCACGCCGCTGTCCGCCGTCAGCGTCACGGTCGGGATCAGTTCGATCTTGGTGTCTTCTTCGTTGCCCAGTCGCCACTTACCGTCCGGCATCAGGCCGACGGAGTCCGCGCGGTTGCCATCGGAGTTCGCCAGGATCCCGGAGCGGATATAGCCATGCAGCGCAAAATCATACTTCGGATCGGCGCAGGCCGGGCTGCTGGCCCCTGCCAGCGAGAGGAGAGCCAGAGGTATTGAGTGTTTCAGCTTTATCATTATTTTTTTCCCACGTTATGTTTGTTAACACGAACCGATAACGGAGGGGAAATTTACGGATCAAAAACGGAAATGTACATCCACTTACGGAAAGCGCTTTCCATAATTGCCTATCTGGTTCACAAAATTAGCTCTGCGGCGAATATATTCGTGAGACTGATCACATAAAATTACAAGAATGCCGCCGGGCGCCGGCAGTGGAGCGGAAGGAGGAGCAGATGAGCAGGTGCCGCCGGGGGATAAGCCGCCGACGGCGAGAGGATCAGCGTTCGGTTTCCGCGAGCTGACGTTCGTACACTTTGAAGAAGGGGCGATAGAGCATCCAGGCGTTAAACATCGCGAACAGGCTCATGCACAAATTTTTCCAGCTGCCGTTCGCCGACCATGCCGCCCCCAGCGGGGAAGGCATCGACCATGGCAGCATCGCCACCGCGCGATCGAGAATACCCAGCTGAGTTAAATACCATGCGATACAGGCGTTTATCAGGGGAACAAAGAGAAACGGCAGTAAAAAAACCGGGTTCATGATCACCGGAAAACCAAACAGTATCGGCTCGTTGATATTAAACAGCGACGGCAGCAGGCCAATCTTGGCCACGCTTTTCAGCTGCCGCGAGCGGCTGCGCATCGCCATCAGCACCAGCGGCAAAGTGGAGCCAATACCGCCGATCAGCAGGTAAAAATCCCAGAACCCCTGCAGATAAATATGCGGCAGCGTTGGCGAACCCGCCGCCAGCGCCTGCTGATTTTCAAACAGATAGGTCATCCAGAAGGGGTTCATGATC
NZ_CP073782.1_gap82	3529157	3531373	2216	ATCTTTCCCCCCTTCTCACCCGACACCACCTGGGGATTCGCCCGCGCCTGGCTGCAATTTTCGCTCGATCATCGCGATGCGCTGATGCTGCCGTTCAACTTCAGCATGGGGGTGATGACCCTGTTTATCGCCGTCGGGATCGCCGCCAGCCTTGCCAAACACCATCATCTGGACTCGCTGACCGCCGGGATGCTGTCGCTGATGTCGTTTCTGCTGGTAGCAGCGCCGCTGAAAGATGGCCAGATCTCTACTGCCTACTTCTCCGGTCAGGGGATCTTTACCGCCATTCTGGTGGCCATCTATTCCACCGAGCTGTACGCCTTCCTCAAACGGCATAACATCACCATTCGCCTGCCGCCGGAAGTGCCTGCCGGGGTGGCGCGCTCGTTTGAAATCCTGATCCCGGTGCTGGCGATCATTCTGACGCTGCATCCGCTGAACCTGTTTATCGAAGCCCAGCTGGGGATGATCATTCCGGAAGCGATCATGTCGCTGGTGAAGCCGCTGGTCGCGGCTTCCGATACGCTGCCGGCGATCCTGCTGTCGGTGCTGGTCTGTCAGGTGCTGTGGTTCGCCGGGATCCACGGCGCGCTGATCGTCACCGGGATCATGAACCCGTTCTGGATGGCCAACCTGTCGGTCAATCAGGCGGCCATGGCCGCTGGCACCGCTATCCCGCACATCTATGTCCAGGGCTTCTGGGATCACTATCTGCTGATCGGCGGCGTCGGCTCCACCCTGCCGCTGGCGCTGATGCTGCTGCGCAGCAAGGCCGTGCATCTGCGGACGATCGGCCGGATGGGGGTCGTGCCGGGCGTATTTAACATCAACGAACCGATTCTGTTCGGCGCGCCGATCATCATGAACCCGCTGTTTTTCCTGCCGTTCGTGCTGGTGCCGATGGTCAACGCGACCCTGGCGTACTTCGCGCTGAAGCTGGACCTGGTCAGCCGCGTAGTGTCGATGACGCCGTGGACAACGCCGGCGCCTATCGGCGCCTCGTGGGCGGCGAACTGGAGCTTTAGCCCGGTGATCCTGTGCCTCATTTGTATGGCCACCGCCATGGTGATGTACCTGCCATTTCTCAAAGCTTACGAAAAACAGCTGCTGGCCCAGGAGCGTGAAAACGCCGTCGGCCAGGCTGACAACGCGGCGCAAACCGCTTAACGCTAACGATTCAGAGGATAATCATGGAATTAGAAGAACAGGTGATGGGGATCATCATCAATGCCGGCCAGTCACGTAGCCTGTGCTACGAAGCGCTGCACGCCGCTAAAGCGGGTGATTTCGCCACCGCCGACGCCAAAATGCAGGAAGCGGCGCACTATTCCCGCGAAGCTCACCTTGTACAGACCCAGCTTATCGAAGCTGACGAAGGCGAGGGAAAAACCAAAATGACGCTGGTAATGGTCCATGCTCAGGATCACCTGATGACATCCATTCTGGCGAAAGAGCTGATTGCCGAACTGATTGCGATTTACCGCGCGCAGCCGCTTCACGCCTAGCGCCTTGCCCGGCCAGACGCGCTGGCCGGGCCTGATTCCCCGAGGTCACTATGTTACATCTTGGAATAGATATTGGCGGCACCAAAATGGAAGCCGTACTGCTGGACCCGGCGGGCGAATGCGTCCAGCGCCTGCGCCGGCCGACCCACAAAGAGAGCTATGACGCCTTTATGCGTCAGCTGCTGACCCTGATTGCCGATATTCGCGCGGTCAGCCCGCAGCCGTTCACCCTGGGGATCGGCCTGCCCGGGGCTATCGATCCGCAAAGCGGACGCATTAAAAACTGCAACTGCCTGGTGCTCAACGGTCACGATCTGCGCCGAGATATCATGCAGCAGCTTGGCCAGCCGGTGTGGATGGCAAACGATGCCGACTGCTTCACCCTTTCGGAGGCGGTGGATGGCGCCGGCGCCGGAGCTACCACCGTCTTCGGGGTGATTATCGGTACCGGCTGCGGCGGCGGGATCGCCGTTCATCAACAGCTACTCAGCGGCCCCAACGCTATCGCCGGGGAGTGGGGGCATAATCCGCTGCCGGGCTATACTCCTGAGCGCGATGGCCCGCCGCAGCCCTGCTACTGCGGCAAAACGAACTGCATCGAAAGCTTTCTCTCCGGCACCGGCTTCGCCCGCCGCTATGGGGAACAAGCCCGTGCGGAAGCCATTGTCGCCGCGGCGCAAAACGGCGATCCGCGCGCGCTGGCCCACTGGC
NZ_CP073782.1_gap83	3548765	3553040	4275	CAACTGGAATCCGGATCGCGCCGCGCGCTTTCGTCGGTTTCCCTCACCTGCCCATCTCCGTTATTATGTCTCATCCATGTGATAACGACGACAACTACAAAATCGCAGCCATTTAAAATCAGGGATCTGGATAACACCCCATGAGCACAATTGACAATCTCGACGCCCACACGCCGATGATGCAGCAGTATCTCAAGCTAAAGGCGCAACATCCTGACATTCTGCTGTTTTACCGGATGGGGGATTTTTACGAGCTATTTTATGACGATGCGAAACGCGCCTCGCAGCTGCTCGATATCTCGCTGACCAAGCGCGGCGCCTCCGCGGGCGAACCGATACCCATGGCCGGCATCCCCCACCACGCCGTAGAGAACTACCTCGCCAAACTGGTCAATCAGGGCGAGTCGGTGGCCATTTGCGAGCAGATTGGCGACCCAGCCACCACCAAGGGGCCGGTCGAGCGTAAAGTGGTGCGTATCGTCACCCCGGGCACCATTAGCGATGAAGCGCTGCTGCAGGAGCGCCAGGACAACCTGCTGGCCGCCATCTGGCAGGACAGCAAGGGCTTCGGCTACGCGACGCTGGATATCAGCTCCGGGCGCTTTCGCCTGAGCGAACCGGCCGACCGCGAAACCATGGCGGCAGAGCTGCAGCGCACCAACCCGGCGGAACTGCTGTATGCGGAAGATTTTGCCGAATCGTCGCTGATCGAGGGCCGCCGCGGTCTGCGCCGTCGCCCGCTGTGGGAATTTGAAATCGACACCGCACGCCAGCAGCTAAACCTGCAGTTCGGCACCCGCGATCTGGTCGGCTTCGGCGTCGAAAACGCCCCGCGCGGCCTGTGCGCCGCCGGCTGCCTGCTGCAGTATGTCAAAGACACCCAGCGTACCTCGCTGCCGCACATCCGCTCCATCACCATGGAACGCCAGCAGGACAGCATCATTATGGATGCCGCCACCCGCCGTAACCTCGAGATCACCCAGAATCTGGCCGGCGGCACCGACAACACCCTGGCCTCGGTACTCGACTGTACGGTGACGCCGATGGGTAGCCGGATGCTCAAGCGCTGGCTGCATATGCCGGTCCGCGATACCGCCGTGCTGGTGGAGCGCCAGCAGACCATCGGCGCGCTGCAGGAGCGCTATACCGAGCTGCAGCCGGTGCTGCGCCAGGTCGGCGATCTGGAGCGTATTCTGGCGCGTCTGGCGCTGCGTACCGCCCGGCCGCGCGATCTTGCCCGCATGCGTCATGCCCTGCAGCAACTGCCTCTGCTGCGTGAGCTGCTGGCCGACGTTGACAGTCAGCCGGTGCAAAAATTGCGCGAGAAAATGGGCGAGTTCACCGAACTGCGCGAACTGCTGGAGCGCGCGGTGATCGACGCCCCGCCGGTGCTGGTCCGCGACGGCGGGGTCATCGCTCCAGGCTATAGCGAAGAGCTGGACGAGTGGCGGGCGCTGGCCGATGGCGCCACCGATTATCTCGATAAGCTGGAGATCCGCGAGCGCGAGCGGCTGGGCCTCGATACCCTGAAAGTCGGCTACAACGCCGTCCACGGCTACTACATCCAGATTAGCCGCGGCCAGAGCCACCTCGCGCCGATCCACTACGTGCGCCGCCAGACGCTGAAGAACGCCGAACGCTATATTATTCCTGAGCTGAAGGAATACGAAGATAAGGTGCTGACCTCCAAGGGCAAAGCGCTGGCGCTGGAAAAACAGCTTTATGACGAACTGTTCGACCTGCTGCTGCCGCATCTCGCCGATCTGCAAACCAGCGCCAGCGCGCTGGCCGAGCTGGACGTGCTGGTCAACCTGGCGGAACGTGCGGAAACCCTGAACTATTGCTGCCCGACCTTTAGCGATAAGCCAGGCATTCGCATTAGCGAAGGCCGCCATCCGGTGGTCGAGCAGGTGCTGAAAGAGCCGTTTATCGCTAACCCGCTGCAGCTGGCGCCGCAGCGGCGGATGCTGATTATCACCGGGCCGAACATGGGCGGTAAAAGTACCTATATGCGCCAGACCGCGCTGATTGCGCTACTGGCCTATATCGGCAGCTACGTCCCGGCGCAGAAAGTAGAAATTGGCCCGATCGATCGCATCTTCACCCGCGTCGGCGCGGCGGATGACCTGGCCAGCGGCCGCTCGACCTTTATGGTGGAGATGACTGAAACCGCCAATATCCTGCACAATGCCACCGAGCATAGCCTGGTGCTGATGGATGAGATTGGCCGCGGCACGTCCACCTACGACGGGCTATCGCTGGCGTGGGCCTGTGCGGAAAATCTGGCCAACAAAATCAAGGCGCTGACGCTGTTCGCCACCCACTACTTCGAGCTCACCCAGCTGCCGGAGAAAATGGAAGGCGTCGCCAACGTCCACCTCGACGCCCTGGAGCACGGCGATACCATCGCCTTTATGCACAGCGTGCAGGACGGCGCGGCCAGCAAGAGCTATGGCCTGGCGGTCGCCGCGCTGGCGGGGGTGCCGAAAGAGGTGATCAAGCGCGCGCGGCAGAAACTGCGCGAGCTGGAAAGTATCTCGCCCAACGCGGCGGCGACCCAGGTCGACGGCACGCAGATGTCGCTACTCGCCGCCCCGGAAGAGACCTCGCCTGCGGTTGAGGCGCTGGAAAATCTTGATCCGGACTCCCTGACCCCGCGTCAGGCGCTGGAGTGGATCTACCGTCTGAAAAGCCTGGTCTAGCCACCCATTAAGGTGAAAAACGGCAGCGCTGTGAAGCGCTGCCGTTTTAGTAAACAAAAAAATGGGGGCTAGAGGATGCGTCCTGACAACCAATACGCGGGGTTGCCCCCGCGCGGATGCTACTTCTTCGATTCGTAAGCGAGAACAGCTTTAACTCAATATTACGCTCTTTAATACTCAGCTCGCATAGTGAGCTGTGCACCAACAGCGTAAATCCCAGTACCGTAATACAGAGTACGATGATTGCCACAAGGGCATATTTTGTCAGCATATCTTGCCTCCCTGCAAAGAAGAGACTAACATCTGAATTGTCTATGTTCATTCGCTAGCCTCAGTTGATAGAAATATCTCCTGGGGCTTTCGTCTGTCTGGGGTCCTGGTAATGCTCAAGGCCAGACAGCCTCAAGCACCCGCCGCAATTCTACACTCGTCAGGGCGTGAAATTTATCTGCAAGGAATTAATCAGACGAATTTTATAATAATCTGGATGCAGGCTCGCAAAGTCATCCCGGTATATTAACCCTTCACGTAATTTTTTAATTTAATGAAAAAATAATTTCCATAATTGTACTAAATATAAAAAAGGCCCGACTTAGCGGGCCCCTTTCATTAACGCTTATCTTCCGGCAATAGCGGCGGTACGTGCGGCACCTGCGGCGCCTCATCGATATCTTTCTGCGTCATGCGGAACGCTTCCGGATAGTGTTCGCGGCTGGTGCGGCGCAGCGGCTCGGTATCTCGCCAGGTGTAAAGACAGTGCTGGCACTGATACACGGTCCAGACCCCTTTCACCGGCGAGGTCGCCATGACTTCAATCTTTTCATCGGCGCAACGTGGACAAATCATCTTCTTCTCCTTATTTACGGTTGGCCAGCATAGCGGTCAGTTTTTCAGCCCAGGCTTTGGTTTCCGGCAGATCCTGCACCGGCTGGCTGTAGTGACCGCGAAGGTCCGGCGCAACCGGAGTGGTGGCGTCGATAATCAGTTTGTCGGTAATGCCTGCCGGGCTGGAGCCTGGGTCAAGTTCAAGGACCGACATGTTCGGCAACTGCACCAGGTCTCCCGCCGGGTTAACCTTCGAGGAGAGCGCCCACATCACCTGCGGCAGGTTGAACGGGTCGACGTCTTCATCAACCATGATCACCATCTTCACATAGCCGAGGCCGTGGGGAGTGGTCATCGCCCGCAGGCCCACCGCGCGGGCAAAACCGCCGTAGCGTTTTTTGGTGGAGATGATCGCCAGCAGACCATGGGTGTACATGGCGTTGACCGCCTGCACTTCCGGAAATTCGGCCTTCAGCTGCTGATACAGCGGTACGCAGGTCGCCGGGCCCATCAGATAGTCAATCTCGGTCCACGGCATACCGAGGTAGAGCGATTCAAAAATCGGTTTGCTGCGATAAGAGACTTTGTCGATACGCACTACCGTCATGTTACGACCGCCGGAGTAGTGACCGGTAAATTCACCGAACGGCCCCTCGATCTCACGCTTACGCCCTTCAATGACCCCTTCGAGGATCACTTCCGAACCCCAGGGCACGTCAAAGCCGGTCAGCGGCGCGGTAGCGATGGG
NZ_CP073782.1_gap84	3605539	3608883	3344	GGCAGAGGTTGCGCGGGAGATCTTTTTCCGCTTCCTCGATGGTTTCATCGGAGGTTGAGCACAGCGAGACGACAACGGCGCCCGCCGCCATGGCGATCTCCTGGGGCATAAAGGTGCAGTAAGTGCCCACCAGCGGTACGTTCTGCTCTTTAAGATCCATGACGGTGAGAAAGCCCTTCTGGCGAGCTTCTGAGAACTGGTCAAAAATGGCGGGTAGATCGGTGATAAGCGACATGGTTTTCCTTCCCCGTACACGGGAGATGCTGAAAGAGTCGCCATTATAGCCATGGTGTATGCAGGGTTTTATTGATCTCCTGCGTCTGTACGCGGTGTTAATAGACCTTTTTCAAATCCATCTCTTCCTGGATACGCTCGCTCCATGCCTGATGGGTGCGGATGGCCTCTTCGATACCGGCGTTGTAAAACAGCGGCCCCAGCTCTTTGGCGATAAAGTCGACGAAAAATTCGGCGTCAAACTGCTCCAGTTCGAGGTCGAAGGTCTCTGCGCAGTACTTGCTGAGCCTGTCGCGCAGCAGGTCGCGCTGCGCCTGGCTGAGTTCAATGTCATTCATGATGGGGCTTTCTCCGTAAAAGGGCTCACGACTGCCGGGCTTCGATCACCGCTTGTCCGCGCTGGTAGCGTAACAGTCCGGCCAGGCAGCAGGCGGCGACAATCCCGGCGGCCACCGCCAACAGGTGGAAGGGGAGTCTGCCGCCATGGAACCACAGCCAGCGCGCGCCTTCAATTGATAACGCGCTGACGCTGAGGATCACGATATTCAGCGAGGCGGAGACCGTGCCTTTCGGCAGGTCGTTGGAAAAGAGGGTAAAGCGAAACAGCGTCGGGAAAATCAGCCCGATGCCGAAGGCGTAGAAGCAGGTGCCGAGCACCGACCACAGCCAGACGTGGGGCCATACCAGATTGCCAACGATCAGGATGGCCAGGCCGAGCATCTGTACCGGCACCGCGCTGAGGACAAAGCGCGGGCGGGTAGGGTCTTTTACCCAGCGCGCCACCGACAGGTTGGCGATGATAACGGCGCTGAAGACCGGCACCTGGCTCCAGGCGAACTCGCTGGTGGTCAGTCCGCCGGCGTCCATTAAAATCACTGGCGATACCGCCACCCAGCTCATCAGCGGAATATAGCTCAGCGACAGCGTGGCGGCGCCGAGTAAAAAGATGCGGTTGCGAAAGACGTTGCGAAAATCGCGCAGCACGCCCAGGGGGCTGAACGGCACATCGCCGCGGCGCACCGTCTCCGGCATGGTCAACAGCAGGCCGAGCCAGGCCACCAATCCCATGGCGGCGATAATGCCGAACAGCGCTTTCCAGTGAATGAAATGCATCAGCGCCGCGCCGGAGAGCGGGCCGACGATCGGCGCCACCAGCACGACGGAGGTGATCACCGCCATCAGTCTGATCGATCTTTTTTCCTCAAAGGCCTCCTGTACGGTGACGTAGCCGACGGTGGCGATAAAGCAGATGCTGGTGCCCTGCACGAAGCGGGCAATCAGGAACTGCGTCATGGAGGTGGTGAACAGGGTCGCCAGGCATGCGAGGGTGAAAATCAGCGCGCCGGTGAGCAGCACCGGACGCCGTCCTATCCGGTCAGAGAGCGGCCCCAGCAGCCACTGTAGCGCCATGCCGCCGGCCATATACAGGCTCACCGAGGCCGGAGCCAGCGCCACATCAGCATTGAAATCCCGCACCACGTGCAGGATCCCCGGCTGGATCAGATCGGTAGTGAGATAAGCGGAAAAATCATACAGAATTAACGCCGCCGGGAAGAACAGCGCGGCGGCGTGTCGGCTCAGCCAGTGGGAAATCCTGTGCATCATCTCGCCCTCCCTGTGGAATATTTATCAGCGCTATTGTTCGGATAGTATCATTGCTAACCAATATGCAGATGCAGCAGCGAGGGGATCTGCGAGAGCAGCCACAACAACAGGCCGATGGTTCCCCCCACCAGGGTACCGTTGATGCGGATGAACTGCAGATCTTTACCGATATTGAGCTCGATCTGCCGCGACATATCGCGGGCGTCCCAGCTCTTCACTGTGTCGCTGATATGGCGGGTGAGGAAGGCGGCGAACTCCGGCGCCACCCGGTGCGCCGCCTGCTCCAGGTGTTCGTTAAGCGATTCGCGCAGCGCGTCGTCGCGGAGTAAGGTTTCACCGAACCACTGCCCCGCCTCGGCGATACGCTGCTTAATACGTGAGTCGTCGCTGCTGATATCGTTTTTTACCCAGCCGCGCAGGTCGCCCCATACTTCGCCAAGATAGTGGTTAAAGGTCTCATCATTTTTTAGCCAGGCTTTGATGTTATCGGCCTTCTGCGCCATATCCGGGTCGGATTTCAGGTTATCGATAAGCTTTTGCACGGCGCGGTCAAAAGTCTGACGGATCTGATGCGTACGGTCGTGAGTCACCTCGTCCAGCAGGGTATTCACCGCGTCGGTGACCATCTCAGCGCTGTGCTCGCCGAGCCACTCGGTGGGTAGGAGTTTGGCCTTCAGCGGGTGTTCGGTCTCCAGCCAGTGTACGATGCCGCGGGCGATAAAGGCGCGGGAGCTGTCGCGCTGCAGCAGGGCGATCAGTTGGTTTATCAGCGAATCGAGCAGCTTTTGATGGCGATTGTCGCGGGTCAGTCCCTCCAGCATCATGGCGCTGGTCTGCGTCAGGTCGACCTTATCGATAGCCTTATGCACCGCGCGTCGCAGCAGACGTTGAATGCGCGCGTCATCGGTCAGTTCGAGAAAACCGCTCATCACCTGCAGCAGGTGCTGGCCGACCCGCCGGGCGTTCTCCGGCTGGCTGAACCAGTTGCCGAGCATCAGGGCTGGCTGATAGCGGCGGATCAGCGCGACCAGCGACGGGGTATCAAGGAACTTTTCCTCGACAAAGCGGCCGAGGTTGTCGGCGATGCGGTCTTTATTGCGCGGAATAATCGCCGTATGGCGGGCGACAAAGGGCAGCGGAATACGGCGAAACAGAGCCACGACCGCAAACCAGTCGGCCAGCGCCCCGACCATCGCCGCTTCGGAAATAGCTTTTAGCGCACCGACCCAGGGCGACGGTGGTAGCGCGAGGGTAGTGATAAAAATGGCGGCTGCAATCAGCAGCAGCGACAGCGCCAGCAGTTTGGCGCGTTTCAGTTCAGCGAGTTTTTCCATATGCTTAAGCATATAGCCTGACGGCGAGGTCGTGCAAAAATCGCCAGATAATCCCCAGGCCGAAGAGCATCAGGATCGCCCCCGCCGCCCGCTCGACTCGCCAGACGATGGCGCCCAGGCGGCGCTGTATCTGTGGCAGCGCAATCGCGCTCACCAGCAGTAAATCCCAGA
NZ_CP073782.1_gap85	3628066	3631437	3371	CGATCTCCGGGACGTTCTGATCGATAAGATCCCCCAGGCGGCGCATCAGGCGCGCGCGCTCCTTCATCGGCAGGTTAGCCCACTTCGGGAAGGCCTCTTTCGCCGCCGCTACCGCCTGGTTGATTTCGGCTTCGCCGCCGGAGGCGACTTCCGCCAGTACCTCGCCGGTGGCCGGGTTGGTGGTATGAAAATAGTCTGCGCCGGCAACGTTTTTACCGTTGATCCAATGGTTAATCTTTTTCATGACAGTGTCTCCTCATACGCTTGCTGGCTGATGATATGGTTGACCAGGCGGCCCACGCCCTCGACTTCAACGATCACCTCATCGCCCGGCACCACATCGGATAGCCCTTTCGGCGTGCCGGTGGCGATCATGTCGCCCGGTTGCAGGGTCATAAATTCGCTTAAATAAGCGATGAGGAACGGGATGCTGAAGATCAGATCGGCGGTGGTGCCCTGCTGGCGCAGTTCGCCGTTGACCCAGGTGCGTAGGGCCAGATTATGCGGATCCGGGATCGCCTCTTTGGCGACGATCCACGGGCCGATCGGCGTCAGGGTGTCGCGGCTTTTCACCCGCAGGTTCGGGCGGTAGTAGTTTTCCAGATAGTCGCGGATCGCGTAGTCGTTGCACAGGGTATAGCCAGCGACATAATCCATAGCCTCGGCTTCGCTGACGCGGCGCGCGGTTTTCCCAATCACCACCACCAGTTCGGCTTCGTAGTGCATGTATTCGACGTTATCCGGGCGTACCGACTGCTGCTGGTGGCCAATAAAAGTGTTTGGCGCTTTGATAAACACCAACGGCTCAGTTGGCGGTTTAAATTCCAGCTCGCTGGCGTGGTCGGCGTAATTCAGCCCCAGCGCGAACAGCGTGCCGTCGGCGGGCGGCAGCCAGCGGAATTCACCTTCTTTTAATACCGTGCCATCGTCCAGGCGCACCTGGTCGCGTTCATTGACCAGCACGTCGCGTACCTGTCCTTGCCATTCAATGCGTGCCTGTTTCATGCCAGCTCTCCTTCTGCGACAACCGGGTTTTCGAGCGCCGGGAAACCGTCGGCGAGAATACGTACCCGGTCGCCGGGGCGCAGCGTGACGCGGGAGTGGGGCGTGCCGATAAGGATCGCGTCGCCGGGATTGAGGGTGGCGAACTCGCTCAAGGCGCTCAGCAGCTGCGCGGCATTACGCTGCAGATCGCCGGTATGCCAGCTATCCGCCTCGCGGCCGTTAATTTCGGTGATGATGGTCAGATCGTCGACGTTGCGTACCGCCGATAGTGTGCCGATGGGGCAGAAGCCATCGCGGCACTTGGCTTTGATCGCCGGGCGATAAAAACTCTCTTCCGGCAGACTCACATCGTTAGCCAGCGCGTAGCCAGCGATATAGTTCGCCGCCTCTTCCGCCGCCACTTTACGCGCGGTTTTGCCGACAATCAGCGCCACCGTTGCGCCGCTTTGTACGGTCTCGCCCTGCGGATACGGGATCGCTTCGCCATCGCCAATTACGGTATTGCGCGGCTTGATAAACCAGACCGCGGTTTTCGGCGGCGTCTTGTAGGGGGCCTGTTGAAACGCCTCGCGCCAGGCGTCGAGCTGGCTGCGATGATTGAGCGCAACGGCGAAGATGGTACCTTTCATTCACCACTCCTCTGGGACAGATTTCGGTTCAAAGGGATTTCGTTAATATATTAATGATCATCTTTTATGCTTTGCGCTGAGGTTTAGCAACTGGAAGTGAATGTTTTGTGATCGGATTAACACAATATTTACATAACAATTACTTATTTGTTATAAATCAATAGATTGAATATTTTTCAGGAAAAGACTGGTACTTTTCAGGTGCAGAAACCGGTTGTACATGGCAGGATTAACGCTAATTATTAAGTTATTAATAAGTTTTTGGTGAGGCTGTTGAGGGGATACTATGCATGATTCATTAACCATTGCCTTGTTGCAGGCGCGTGAAGCGGCGATGGCCTACTTTCGACCGATCGTCAAACGGCACAATCTCACCGAACAGCAGTGGCGGATCGTGCGAATTCTCGCCGAACGTCCGTCGATGGACTTTCACGATCTGGCCTTTCGCGCCTGTATCCTGCGCCCCAGCCTGACCGGGATTTTGACGCGCATGGAGCGGGATGGGCTGGTGCTGCGCTTAAAGCCAGTTAACGATCAGCGCAAGCTGTACGTCTCGCTGACGCCTGCCGGAACTGCGCTGTACGAAAGCGCCCAGGCGGAGGTGGAAGAAACCTATCGCCTGCTGGAGGCCCAGTTCACCACGGAAAAGCTGCAGCAACTGACCTCCCTGCTGGAGGAGTTTATTGCGCTTGGCGTCCCTGCCGGGCGCGGTGATGAAGAAGAGTAGCGGTTACGGCTCGGCGCTCAGCCTGGCGAGGGCAATAAGCGTTTCCGCGCGGGCGGGGGACAGCGGCTCTCTCGGCTGCGGCAGCGGCCAGCCATACAGCCAGCGGGCGCTGGGTCAGTTTGGCCTGCAGCCAGTCGTCGGCGGCAGCCACGTCGCCGCAGCGCACATCTTCGCAACGGCACAGCAGGCTCTCCGGCGTCGCCGCGTTTTTCAACGACTCCGCCAGCCGGAAGGTGCGGTTGATGGCCGCGGCGAAGCGCTGCCAGCGCTGCAGCAGAGGATCAGTTTCTGCCAGTAAACCACGCCGCCGCCATCGGCGGTTTCAAACAGCACGCTGTGCGCGGAGGGGCGGGCATTCAGCCGCGCGCCGTTCACCTCCCGGATGGCGGCGATGTCGTTGGGGATTTACTACTGGGGCGCGCGCAGCTGCCTGCCGCAGGCTAACTTTAGCGGAGACGAAGAAGAGTAAAGGAGAACAGTATGGAGTCGGTAACTCTATCGTTACCTGAAGCTTATGACCTGGCGCTGGAGGTACTCAGCGCCAATGGATTTAGCGCCGACCACGCGGCGGCGATTGCCCGCAATGTGACCGCCGGGGAGCGCGACGGCTGCGCTTCCCACGGCCTGTGGCGGCTGTTGGGCATTGTCGATACCCTGCGCAAAGGTAAGGTATCGCCCGATGCCGAGCCGCAGATCCATGACCAGGCGCCGGGGATTGCGCGGGCGGACGCCGGGGGCGCTTTTTCACTGCTGGCCTACGAGCGCGCGCTGCCGCTGCTGCTGGAGAAGGCGCGCCACAATGGCATTGCGGCGCTGGCAATTAATCGCTGCGTTCATTTTTCCGCGCTGTTTGCCGATATTGAGCCGTTGACCGAGGCAGGGCTGGTAGGGCTGGCCTGTACGCCAAGCCACGCCTGGGTCGCCCCGGCGGGCGGCACACGTCCGCTGTTCGGCACCAACCCCATCGCCTTCGGCTGACCGCGGCAGGATAAGCCGCCGTTTATTGTTGA
NZ_CP073782.1_gap86	3647704	3650460	2756	GCTATTACTCGTCACGCCGACTCGCCATTGGCTGCCGCCGCCAGCTGGCATATTCCGATGTGCCACAAAAATGGCGTGGAATATGAATATATGCTGCTGTACTGGTTATTCTTCCGCGTCATTTTTCGTCACGGCGAGTTTGCTGATTATGCGCGATTTGCCAGCCAGCTCGAGTTACTGCCGGAAAATCTCCTGCAGGCGAAACGCCAGTTCGATCCCCGAGCGGATAGCATTGCCGCGCAATACCATGACTGCGACTATATGATGTGGATTGGCGGCGCGGAAATGTGGGGCGAGGTCTATCTTTTCTCAATGTGTATTCTCGAAGAGATGCAGTGGAAGCGGACGAAGTCGGTGAGCTCCGCTGAATTTTTCCACGGTACCCTGGAGCTGCTGGAAAAAGAGGTTCCGCTGTTTCTGGTGAAAGGCGAGGGGAGATGCCGGGCGCTGGACGAACGCGTCGAGCGTTTTGCCGAAAAAATAACTGACCATCTGGTGGTTATCGACCCGCGCGACTATCCGCTGAACGGCATTGATGACGCGTTCCGCTGGATTATCGCGCCGTGCGTGGTGTCCACCCTGCTGGTGGACCGGCTGGCGGCCCACTTTGAACACCATACCGGCCACGACCTCAATATCCGCCGTTACTACCGGCAGTTTGATTACTAAGCCGTGTTGATGGCGGCCAGCCGGGCTGGCCGCCATGCTATTCTCCGAGGCGCTTCCCAGAAAATTGTCGTCAAACCCAACCGGGTAAAAACCGGTGATAGAGTCCGGCTTACCTTCTCTTTCAGGCAAGCGGATGGCCATGAAAAAACGGATGACCTCGACGCCGCACGATGCGGTCTTTAAGCGATTTCTTCGTCACCCGGAGACAGCGACTGATTTCCTCACCCTCTACCTTCCCGAAGCGATCCGTCAGCGGTGCGATTTCTCTACCCTGAGGCTGCAATCGGCGAGCTTTATCGATGAGGATCTGCGCGCCTGGTATTCAGATGTCCTCTGGTCGGTGCAGACCACCTGCGGCACGGGGTATGTTTACGTGGTGATAGAGCACCAGAGCTCATCGGATAGCCATATGGCCTTTCGCCTGATGCGCTATGCGATTGCCGCAATGCAGCGCCACCTGGATGCCGGGTACAAAACGCTGCCGCTGGTGGTGCCGATGCTTTTTTATCACGGTGCAACCAGTCCGTATCCTTTTTCCCTCAACTGGCTGGATGAATTTGCCGACCCGCAGCTGGCGAAGACGCTGTATGGCTGTCCGTTTCCATTGATCGACGTGACGGTGATGCCGGACGATGACATCGTGCAACATCGGCGAGTCGCCTTGCTGGAGCTGATGCAAAAACATATTCGCCAGCGCGATCTCAGCGGCATAACGGAGTCGTTGGCGGCCGTTGTGATGCTGGGATACACTAACCGTCGGCAGTTGAGAATGCTGTTTCACTATATGCTGCAGTACGGTAATACGGCCGAGCCGGGCGTGTTTCTCCGCCGGCTGGCCCGCCGTCTGCCACAGTATGAGGAGACATTGATGTCTATCGCGCAAAAGCTTAAGCAGGAAGGTCGGCAACAAGGCCGACTGGAAGGCCGGGAAGAAGGGCACCTGGAGGGCTTGCAGGAAGGCAGCCGACGCGAGGCGCTGCGCATTGCCGGCAGTATGTTACAGAATGGCCTCGACAAAGAGATGGTACAGAAGATCACCGGACTGTCGGCTGATGAACTACAGCCGCTGTGTGGTTAACGTCCTGCCACGACAACCGCTGCCCGGCGCGAAAATTCGCCGGGCAGGATTGCGTTAGCCTTCGCTTTTCACCACTTTGATCTCCACCATGCCGATCCCCAACTGACGCGGGGAGTGGCCGAGGATATTGCCCTCGTTAGTGGTTTGCGGGTCCGGCGGGGTGATGATCAGCGTGTTGCTGCGCGTTGGGTTGTCAAAATGCAGCGTCGTGGTAGTCACGTCATTATCCAGAGTGAGCACTTGCTCACTTTCTCCAACTCGCACCGGAATCGGCTTATTGGCGTTTGGGCCATAAGCTTTGGCGGTAATCACCAGATCAAATTTCTCCGGCAGCGGCTCTTTATATTCAATCTTCACGTCGCTGCCCAACTGAGCATTGGACCACCGCCCCCACGACTCGGGACGCGAAATACCGCTGAACTGTTTAACCTCTTCCGGGGCGCCAGCGACGTTAAACACGAAGCTGTCGGCCTTATAGCGAATATCGTTGTCGACAATTTTCAGCGTATCGACGTTGCCCTTATAGCGCTCCATATCGATAAGGGTGTCCCTGAAGGCGGTCTTGCCGTGCCACTGCGGCTTATCAACGTGCTGGACCTTCTGCTCACCCCCCAGCTGTCCCTGCGAGACGCACCAGTCGGTGGAGAGCGCCAGCTCAGGCGACCACAGCTGGCCCATTTTATAACAGCGATCGACCCACACGAAATTATCCCGTGGCGCGAAATCGGCCAGCTGGAAGCGCAGCGGCGCAGAGTATTCACTCTCCGGCAGCGGTTCTACGCGCTGGTCAGATACCCGCAGCAGCAGCGGCAGACGGAAATGGCTGCCGGAGAAAGCGATCATATTTTTCTGCGAGTCGATGGTGAAATTCTTCATTTCTTTGGGGAAATTCCACAGGCGGATCACGTCAGGCTTCCATGCCAGGACTTTCTCTTTCATATTCATGAAAATACCGGAGAGCGACTGGCCGGAGAGGCTGCTACGCCCGAGGCCGATATAGTTATCGCCG
NZ_CP073782.1_gap87	3678276	3680263	1987	TCAAAATGCAGCTCAACGCCGCCCCAGCGAAAGCGCTCGTCCAGAAGATGAGAGAAGGCCGGCGCCTGGCCGAAGTTCCACTCCCAGCTGCTCTGACGGGCGAATGTCTCAGCAAAATTTGGTAGATCCGGCGTGTTGTCCGGGGAGATCACCTCGGCGTCCACCCGTTCGCCGTAATGGCTGAAGAATGCTTCCTGGATCGCCTCGCAAACTTGCTGATGGGTAATGCCCGGCAGCAGCTCAACCAGGTTCGCCACCCGTCCGCGCACCGAGGTAATGCCTTTAGCCTGCAGCTTTTTCTGGTCCGGGTTGAGGTAGTTGGCGAGACGGCTTAAATCGGCGTTGAGCAGCAGGGTACCGTGATGAAAACCGCGGTCCATGGTTTCACGATAGGCGGAGCCGGAGACTTTGCGGTCGCCGCTGTCGGTTTTGACCACCAGATCGTTGCGCCCGGAGGCTTCGGCGGTTACGCCGAGTGAATTAAGCGCCGTCAGCACAATAGCGGTGGAGACGGTTTTGTCGTACTCCGGTTTGCCTGCCATAAAGGTAAAGCAGGTATTGCCGAGGTCGTGGAACACCGCGCCGCCGCCGCTGCTGCGACGGGCCAGCCGCACATGGTCTTCCTCCATGCGGCGGGTATTACACTCCTTCCACGGGTTCTGCGCGCGGCCGATGACCACGGTATCGGCATTGCGCCACAGGAACAGCACCCGCTGGGTGGCGGGCATCTGGCGGAAAATGCACTCCTCGACCGCCAGGTTGAACCACGGGTCGTAAGAGTCAGAGAGCAGGAGGCGCAATGTGGACATTATAGATTTCCTTTCTTTTCATCGTCTTCATCCTCAACCGGCTTGTTGGCGGTGAGCAGGAAGGGCGATTGCTGCCAGCGGGTGCGTTTGCCCTGCAGCAGCGTGCGGGTCAGCACCACGCCGATAGCCAGGGACAGTAACAGCATCAGGCGTAAGATATTGGTGGTATTATCCACCTGCTTCGCCTCGGTCGCCAGGGTATGAGTATCGAGGGTCAGACGCAGGTAGCCCAGCGGGCCGTTTTTTCCTGGCACCGGTTCGACAATCTGCTGGTTGAAGTAGCCGCCGGCTTTTTTACCATCCAGCGCCAGCCGGTCGCGAACCTCGACGCTTTCGCCAGAGCGCGCCACCAGGTCGCCCTGTTCGTCATATACGCCGGCGTCCAGGACGCGGCTGTTATGGGTTAGCTGGGTCAACAGCTGATTGATGCGCTTCTCGTCAGGCGTCTCGCTGCGCATCAGCGGCGCGAGATTCAGCACCACCTGCTGCGCCAGCGTGCGGGCCAGCTCTTCCAGCTGCGGATTGCGTTGTTTCTGACTGTTCTGACTGAACCACGAAGCGCCCTGCATCAGCGCGACGAGCAGGGCGAGACAGATAAGAACAATGACCGCACGATGCAGCCGGAATTTCAGTTTTGCGCGAACCATATTCCACCTTTGAAAATTTGCAGCTTAATGTTGCCAGAAGCGCTGGTTACAAGGTAGCCTCATGCGTTATTTTCCTCGCCTGAATGAAGAGATGTGGAGCCGTAATGCCTAACAGTTTGACCTGGTGCGACCTGCCTGAAGACGTTTCCCTGTGGCCTGGGTTGCCGCTTTCCCTGAGCGGCGACGAGGTCATGCCGCTGGATTATCACGCCGGGCGCAGCGGCTGGCTGCTGTATGGTCGCGGTCTGGATAAACGTCGGCTGACGGCGTGGCAGCGTGAGCTGGGCGCCGCGTTAGTGATCGTTGCCTCCTGGGTGGTCGAGGATTACCAGGTGATCCGTCTGGCCGGTTCGCTGACTCCCCGTGCGACGCGACTGGCGCATGAGGCGGGGCTGGACGTCGCGCCATTGGGTAAAATTCCCCATTTGCGCACCCCGGGCCTGCTGGTGATGGACATGGACTCCACGGCGATTCAGATCGAATGCATCGATGAGATTGCGAAACTGGCCGGCACCGGCGAGCTGGTCTCGG
NZ_CP073782.1_gap88	3732259	3736716	4457	TCGAGCAGGCGCGCCGCTTTGCCGAGGCTATCCATGCGCGTTTCCCGGGCAAACTGCTGGCCTATAACTGCTCGCCGTCGTTTAACTGGAAGAAAAATCTTGATGATAAAACCATCGCCAGCTTCCAGCAGCAGCTGTCGGACATGGGATACAAATACCAGTTTATTACCCTCGCGGGGATCCACAGCATGTGGTTCAACATGTTCGACCTCGCCCATGCCTACGCTCAGGGTGAGGGGATGCGCCACTATGTTGAGAAAGTGCAGCAGCCGGAATTCGCCGCCGGGCCGGAAGGCTACACCTTCGTCTCGCATCAGCAGGAGGTGGGCACCGGCTACTTCGACAAGGTCACCACCATTATCCAGGGTGGCACCTCGTCGGTAACGGCGCTGACCGGCTCGACCGAAGAAGATCAGTTTTAAGCCATGCCCGGTGGCGCGACGCTGACCGGGCCTGCAAGAGGACGCAGGCCGGATAAGCGAGCGCGCCATCCGGCATGACGTGGCGCCGGATGGGGGAAAGCGATGACGCGTGGTCTGGAATTACTGATTGCCCAAACGATATTGCAGGGATTTGACGCGCAGTATGGGCGTTTTCTTGAAGTCACTTCCGGCGCGCAGCAGCGCTTTGAACAGGCTGACTGGCACGCCGTGCAGCAGGCGATGAAGCAGCGGATCCATCTCTACGATCACCACGTGGGCCTGGTAGTAGAGCAGCTGCGCTGCATCACCGAAGGGAAAAGCACCGACGTCGATTTTCTTCTGCGGGTGAAACAGCAGTACACCCAACTTTTACCGGATTACCCTCGCTTTGAAATTGCTGAGAGCTTTTTCAATTCGGTCTACTGCCGCCTGTTTGACCACCGCTCGCTGACCCCCGAGCGGCTCTTTATTTTCAGCTCGCAGCCCGAGCGACCCTTTCGTACCCTCCCGCGACCGCTGGCGAAAGATTTCTTTCCGGAACGCGGTTGGTCGCACCTGCTGGGTAAAGTACTGTCCGATCTGCCGCTGCGGCTACCGTGGCAAAACAAAGCGCGGGATATCGGCTATATCATTGCCAGTCTGCAGGAGGCGCTGGGGGAGGAACTGCTCGCCACCTGTCATCTGCAGGTCGCCAATGAGCTGTTCTACCGCAATAAAGCCGCCTGGCTGGTGGGCAAACTGGTCATGCCGATGGCGACGCTGCCTTTTTTGCTGCCGATCCACCGCAGCGAAGAGGGTGAGCTGTTTGTTGACACCTGCCTCACAACCCATGCCGAAGCGAGTATCGTTTTTGGCTTCGCGCGTTCCTATTTTATGGTTTATGCGCCGTTGCCCGGCGCCCTGGTGGAATGGCTGCGCGAGATCTTGCCGGGTAAAACGACGGCCGAGCTGTACATGGCGATTGGCTGTCAGAAGCATGCCAAAACCGAAAGCTATCGCGAATATCTACACTACATTACTCGCTGCGATGAGCAGTTTATTGAAGCGCCGGGTATTCGCGGGATGGTGATGCTGGTGTTTACCCTGCCGGGCTTTGACCGGGTGTTTAAGGTGATCAAGGACCGCTTCGCGCCGCAGAAAGAGATGACCGCCGCCCATGTGCGGGCTTGCTATCAGCTGGTAAAGGAGCATGACCGCGTCGGGCGGATGGCGGACACCCAGGAGTTTGAAAATTTCGTGCTGGATAAACGGCAAATCGCGCCGGCGCTGCTGGCGCTGCTGCAGGCGGAAGCGGGGAACAAACTCACCGATCTCGGCGACCGCATCGTCATCAGCCATCTCTATATTGAACGGCGAATGGTGCCGCTCAACCTGTGGCTGGAGCAGGTTAACGGCCAGGCATTGCGTGATGCGGTAGAAGAGTATGGCAATGCTATCCGCCAGCTGGCCGCCGCCAACATCTTTCCCGGCGATATGTTATTTAAAAACTTCGGCGTCACCCGCCATGGCCGGGTGGTGTTCTACGACTATGATGAAATCTGCTATATGACGGAAGTGAATTTTCGCGAGATCCCGCCGCCGCGCTATCCGGAGGATGAGCTGGCCAGCGAGCCGTGGTACAGCGTTTCGCCTGGCGATGTGTTTCCGGAGGAGTTCCGCCACTGGCTGTGCGCCGACCCGCGCATTGGGCCACTGTTTGAAGAGATGCATGCCGACCTGCTGCGCGCCGACTACTGGCGCGCACTGCAGATGCGGATTAAAAACGGCCATGTGGAAGATGTCTACGCCTACCGGCGCAAGCAGCGTTTTAGCGTGCGCTATGGCGCCGACAGTAGGCCGGATAAGGCGTTTACGCCGCCATCCGGCAAGGTGCGCCGATCTGCCTGATGGCGCTACGCTTATCAGGCCTACTTAAAATGCCCCTCTGGGGCATTTTTTTATTTAACCCCGCCATACGCCAGCGTCACTTCCTTCGCCGCCTTGATCACCAGCGCGCCCAGCTCAGTCACCCGATCATCGGTCATACGCGAGATGGGGCCTGAGATGGAGATTGCCGCGAACGGTTCGCGATGTTCATCGTAAATGCAGGCGGCGACGCAGCGCAGGCCGAGCGCGTGCTCCTCATCATCGAAAGAGTAGCCCCGCTTGCGGGTCTGGGCTAAATCTTCCTTCAGATGCAGCGGGGAGACCAGCGTGGCATGCGTATAGGCATGCAGCCCTTTACGATGCAGCAGACTGGTGACCTGCTCTTCGCTCAGTTGCGCGAGAAACGCCTTCCCGGCGCCGGAAGCGTGCATCGGCAGTTTACCGCCGATTGGCGCCGACATCCGCATCAGCTGGGTGCACTGCACCTGATCGATAATGATCGCCTGGTGGTCGCTCTGGTCGAGCACCGCCAGATTCACCGTTTCACCGGAATCTTCCATCAGCTGGCGCAGGATCGGGTGGACAATGGCCAGCAGATTGCGGCTTTGTAGAAAGCTGCTGCCGACCACGAAAGCATGCGCCCCGACGGCCCAGTGACCCAGCTCGCCAACCTGGCGGACGAAGCCCAGCTGTTGCATGGTGGTCAGCAGACGGTGAGTCGTGGAGTTGGGCAGACCCGCCTGCTGCGCCAGTTCGGTCAGCGCGACGCTGCTGTGGGACTCGGCAATCCATTCGAGTAATTTCAGGCCGCGGGTCAGCGACTGAACCTGACCGCCAGCCTGCTGGGCAGTGGCAGCCGCGGGTTTTCTGCCGCGTTTCGCGGGAATGGGGGTTGTGGCCATCGCGAACTCCTTTTTCTGTATCGTGGAAATAATTTTCGTTTTATTTGGCAATAATGCAATCACATCCGGACTCATCGGAGGAGTGAAGCTGAACATGTCTCATATTGCCCGTTGTTGTCTTTTCCGCTCCGGTGGTTTATGCCAGTATGGTTTGTTGGCTATTTGGCCTGAGTCGAGCGTTGTCGGGAGCAAGTGTGAGCAGCAAAGTTGAGCAACTGCATCAGCAGTTAAAAGAACGTATTCTGGTTCTGGATGGGGGCATGGGCACCATGATCCAGGGCTATCGTCTGAGTGAGCAGGACTTTCGCGGTGAGCGCTTTGCTGACTGGCCGTGCGACCTGAAAGGCAACAACGACCTGCTGGTGCTCAGCAAACCCGAAGTGATCCGCGAGATCCACGACGCCTATTTCGAGGCCGGCGCGGATATCATTGAGACCAACACCTTTAACTCGACGACCATCGCGATGGCGGATTACCAGATGGAATCCCTGTCGGCCGAGATCAACTTTGCCGCGGCGAAGCTGGCCCGCGCCAGCGCCGACGCCTGGACGGCCCGCACGCCGGAAAAACCGCGCTATGTCGCGGGCGTGCTTGGCCCGACCAACCGCACCGCCTCTATCTCGCCTGATGTGAACGATCCGGCGTTCCGTAATATTACCTTTGACCAGCTGGTGGCCGCCTATCGCGAATCCACCCGGGCGCTGGTGGAAGGCGGCGTGGATCTGATCCTGATTGAAACGGTGTTTGACACCCTGAACGCTAAAGCGGCCATCTATGCGGTGAAAGAGGAGCTGGAGGCGTTAGGCGTTGACCTGCCGCTGATGATCTCCGGGACCATTACCGATGCCTCTGGCCGCACGCTTTCCGGACAGACCACCGAAGCCTTTTATAACTCGCTGCGTCACGCCGAAGCCTTATCGTTTGGTCTGAACTGCGCCCTCGGGCCGGACGAGCTGCGGCAGTACGTCCAGGAGCTGTCGCGCATTGCCGAATGCTACGTCACCGCGCACCCGAACGCCGGCCTGCCCAACGCCTTCGGCGAATACGATCTGGACGCCGACACCATGGCGACGCAAATTCGCGAATGGGCGGAAGCCGGTTTCCTCAATATCGTTGGCGGCTGCTGCGGTACCACCCCGGAGCATATCGCCGCCATGAGCCGGGCGGTAGCGGGCCTGCCGCCGCGTCAGTTGCCGGAAATTGCGGTGGCCTGCCGCCTCGCCGGCCTGGAGCCGTTGAATATCGGCGACGATAGCCTGTTCGTTAA
NZ_CP073782.1_gap89	3740010	3742825	2815	CTACTCCAGCCTGGCGGCGGTGCTGTTAACGGCGACGCTGACCGCGGCGGGAGCGATCTCTTTCCCGGTGGCGCTGTGTCTGGTGATTGGCGCCAACCTGGGATCGGGGCTGCTGGCGATGCTTAACAACAGCGCGGCGAACGCGGCGGCGCGCCGGGTGGCGCTGGGCAGCCTGCTGTTTAAGCTGGTGGGGAGTCTGATTATTCTGCCGTTCGTCCATCCGCTGGCCGCGGCGATGCAAAAGCTGCCGTTGGCCGAGTCCGAGCTGGTTATCTACTTCCACGTCTTTTACAACCTGCTGCGCTGCATCGCGATGGTGCCCTTTGCCGGACCGATGGCGAAGCTGTGCCAGCGTCTGATCCGCGATGAGCCCGAGCTGGATAACCATCTCAAACCCAAGCATCTCGACCCGTCGGCGCTGGACACCCCGGCGCTGGCGCTGGCCAATGCCGCGCGCGAGACGCTGCGCATTGGTGACGCGATGGAGCAGATGCTGGAGAGCCTGCACAAGGTGATGCATGGCGAACCGCGTCAGGAGAAAGAGCTGCGCCGTATGGCGGATGATATCAACGTACTTTACACCGCTATTAAGCTCTATCTGGCGCGAATGCCAAAGGATGAGCTGGCGGAAGAGGAATCCCGGCGCTGGGCGGAAATTATTGAGATGTCGTTAAACCTCGAACAGGCGTCCGATATCGTCGAGCGAATGGGCAGCGAGATCGCCGATAAATCGCTGGCGGCGCGGCGCGCCTTCTCGGTAGAAGGGTTAAAGGAGCTGGACGCTCTGTACGATCTGCTGCTCAGCAACCTGCAGCTGGCGATGTCGGTCTTCTTCTCCAGCGATGTGCCCAGCGCCCGCCGCCTGCGGCGCAGCAAACACCGGTTCCGCATTCTTAACCGCCGCTACTCGCATGCGCACGTTGACCGTCTGCATCAGCAGAACGTGCAGAGCATCGAAACCAGTACGTTGCACCTGGCGCTGCTGGGGGATATGAAGCGTCTGAACAGCCTGTTCTGCTCGGTGGCTTACAGCGTGATGGAGCAGCCGGATGAAGACGACGAACGGGATGACTACTAAGACGGGTTATTTTCCCCGTTTATGTCGCTTCTTTTCTGGCGCGATAGCCCTCCCGGGAGGTGGCTGACGCCTTTCCCGGGAGGGAGACACTAGCTTCTGGCAAACGCCGAGGCTTCTGCCACCAGCGCGCTATCCGGCCGTACGCCGGTATAAAGGGCAAACTGCTCGACGGCTTGCAGGGCAATAACTTCCGCACCGCTGATGGTTTGCTTACCCCGTTGTTGCGCCAGGCGGATCAGCGGAGTTTCCGCCGGCAACGCGACCACGTCAAACACGACGCTGGCCTGGGCCACCATGGCCTCGCTGAACGCCAGCGTGTTGCTTTCCGCTCCCCCCGCCATGCCCAGCGGTGTGACATTGACCAGAATCTCGGCTGCGATCCCTTCGGGCAGGGGCTGCCACTGAAAGCCATACTGTTTTGCCAGCGCCAGGCCGCGCTGGCGATTGCGGGCCGCAATGATCACGTCGCGGAAACCGGCATCACGGAAGGCGGCAATGACGGCTTTCCCCATGCCGCCGCTACCCTGAATCATCACTCTGGCGTTGGTATCGAGCCGATGGCTGGCGATCAGGCTTTTGACCGCGATGTAATCGGTGTTTAGCCCGGTTAACTTCCCGTCGTCGTTGACGATGGTGTTGACGGAGTCGATGACTTTTGCTGACGGATCGATCGCGTCAAGAAACGGTATGCAGCTCTCTTTAAACGGCATGGAGACCGCACAGCCGCGGATACCCAATGCGCGAACCCCTTTTACCGCCGCCTCAATATCCTTAGTCGTAAAGGCTTTGTAGAGGTAGTTCAATCCCAGCTTGTCATACAGATAGTTATGAAAGCGGGTGCCGAAGTTGCCGGGGCGACCCGCCAGGGAGATGCACAGCAGCGTATCGCGGTTAATCATGCGTAATATCCTCCGCGTGGGCCAGCAGATACGCTTCAGCCTCCTGGGACCAGATCCCATGGTGACGCGCCACAATCGCTGCCAGTTCGGGATCGGCGATCTCGCCCAGCGGCGTGAGCGGGAAGGCTTTTCCGGTATACACCAGCTTTTTTCCCCCGCCGACGGCAGGCAGATCGAGGGTGGTTTCGCCCGCGGCGTTCAGGCCGAGAATATGGGTGACCACTTTCGCCGTCTGGACCTTTTTCGCCTGCATCAGCGCCACCGCGGCGCGCATATCGTCAGTATTAACGCCGGAGGTGCCGACGTAGTGGGTAAAGGCGTAGTGCACGTCGTAGAAGTTGATCGGGGCGCTGAATTGCTTATCCTGGGGGCCAGCAAAGAAATTCAGGCAGCCGTCCGGAGCCAGCAACGAGGAGGCCAGGGTGATCAGCTGTTCGTTTGGCACAAACACGAAGATATCGTCGAAGCCATGGCCGCCGCTGAGCGCCAGCAGCGTATCGCGACTGGCCTCATGGCCGTCGAGGTAGTGGATCAGCGTCTGCGGCTCAGAGGGATAATGACGGCGGGCGTAGCTGAGCTTCGGCTTATTGGTATCGGTCACTACCAGTAGTGAAGGATTGATGGGGCCGTGCAGCGCATAGTCGATAGCCAGCAGCCCCATCGGCCCCGTCCCGCCCAGGATCAGGGTGCGTCCCTGAGGACGGATCCCCATCACGTGGTTGTAACTCCCCTCCTGCAGATGATAGTTGGCGTTGAAGGCGCCAATGACGCAGGAGAGCGGCTCCACCAGCGATCCTTCAAACCAGGTATCCCCCTCCCAGGTGAGCAGGCAATCCTG
NZ_CP073782.1_gap90	3743933	3748440	4507	CGCTTCAGCGCCGCGACCTGATCGGCTTTGAGCGGATACAGGCGTTTGATCGCCGGGATCATGTCGTAGCAAAACCCCAGGCCATGAATACGTTCGAAGTTAAAGGAGGCCTGCTGGAGGTTGGAGCGGAGAAACATGCTCACCAGGTCGCCTTGCGTGATTTTTTTCTGTTCCATTTTCGGCTCCATTAGTCGTCAAGCTGGTCAAGGGCGGGGGCAGAGGGGGCAGTGGAGGCGGCGGGTTCAGCCTTACGCCACTGTGGATTGAGCTGGATGTAGATCAGCGCGATGATGACGCCCACGCCGCCGAAGGCCAGCAGGCTGAAGTCGAGATAACCCCCGGCGAGAAAACCGAGGAAAAAGAAGGGCATCAGGTACTTCACGCCCATCATTCGCAGCACCATCGCGTAGCCCACGACGACAATAAAACCGCCGGCAATCTGCAGACCGCGAGTGACGAATTCCGGGATCGCGCTAAGCATACTGCTGACCATGTCCGCGCTAACGAACAGCGAGACCACCAGCGCCGGGATTGCCACGCGCAGCGCCTGCACCCCCAGCGCGGAGACATGCAGCAGGTCGATGGTGCGAAAGCGCGCCTCCTCGGCCGCTTTGTCCGCGGCGTGCTGGAACACCACGGTAATGGTACGGGCGAAAACGGTCAGCACCTGCCCGGCGGCGGCCACCGGCAGAGCAATGGCGATACCGGTGGCAATGCTCTGGTGGCCCACAATCACCAGAATGGCGGAGATAATGCTGGCCAGCGCCGAATCTGGCGACTGCGCTGCCCCCACGTTCATCCAGCCGAGGGCGATCAGCTCCAGCGTACCGCCGAGCATAACCCCGGTTTTTAAATCGCCCAGGATGAGGCCAATCACGGTACAGGCGATAAGGGGCCGATGGGTCTGAAATTCATCCAGCACGCTGCCCATTCCGGCAATACAGGAAAAAATAAATATGGCTATTATCTGTAGGGTACTAATTTCCATAATTTATGACCTTTAAGGTGTGAGTCATCCTGCCTGCTACGGCATATCACAACAGGCGCTATTTTTTATTCGCAGAAAGCTGTTTCGTTAATTTTGTCGAGAATATTGACTGACGGATCTGATGCGACCACGCGTAAATCGAGTTTTACGCCCAGTTTATCGAGTTCACGGAATGCCTGAATATCCTGCGGATCCAAAGAAACGGCTTTGGTTAGCTGTTTTTTACCGGGTCGCCAGGCCATGCCACCAATATTTAACGTGGCGATCTGCACGCCCTGGCGCACCATCGTTAAAACATCGTGTGGATTGGTAAATAAATAAAAGACGGTCTCGTCCTGATATTGCGGGTTATGATAGACCGCAACCGCTTTTTCCAGACTGACAACGTTTACCTTCATGCCTGGCGGAGCCGCCTGGCGCAACAGGGTCCGGCGAACCTCATCGTTAAATACATCGTCATTGCAGATAATTATCCGCTGGGCGTTGGCGACTTTTGACCACACGGTGGTGACCTGGCCATGAATCAGTCGGTCATCAATACGGGCGAGGGTAATTTGCATCAGAACTCCTCCTCAACGGTTTCTGGCTGCTGCCAGACCACACAGCACTGACTGGCGATGGCCTGCAGATGCTGGCATAAGTCATCGGCGCTCAGGGTATGCTGGTTATCCACCAGCTCGAGCGCCAGCGGCAGCGACAGGCCGCTAATCACCCGGATCTGGGGGTGACGCATTGCCAGCCCGGCTGCGGCATTCCATGGGCTTCCGCACTGCAAATCTACCGCGATGACCCACTCCTCATCGGTGTGGGCGCTTACTAACTTTTCCAGGTTAATGGCGATATCCGCCGCGTTTTCGCCGGGGACAAACGCGACGGCGCTGACGTTAACCTCGCCGTAGACCATGCATACCGAATCAAGCATGGCCCCGGCCAGCTGGCCGTGGGCGCAGAAGATAGCGTGAACCATACTGCCTCCTTAACCGCGCGTTTTTCCGCCGGCAATGTTAGTGGTGACTCCGGTGATGTAGCTGGCGCGCGCTGACAAGAGATAGCAAACAAAATCAGCCACTTCCGAGAGCTTTCCTGCCCGCCCGATGGGAATGGCGTTTTTGGTATATCCCTCGCGAAGTTGCTCGACGGTGATATTGCGCGTCCAGGCCAGCGCCTCTTCATATTCCGGTGTCCGCAGACCGGTTTTTTCGAGGATCCCCGGCGCAACGCCGACCACGCGGATCCCATATTTACCCAATTCTTTGGACCAGGAGCGGGTAAAGCTGTTGAGCGCGGCCTTGGTCGCGGCGTAGCAGCTTTGACCTTCAGAACCTTCCAGGCCGCTCTCCGAAGAGACATTGACAATCACACCGGCGCGCTGTTTGACCATTTGACGCGCCACCGCCTGCGACATGAAAAACACCCCTTTCTGGTTGATATTGACCATTTTTTCAAAAGCGGCTTCGTTTAATTCATAGCGGCCGGCCGGTGCTTTTTCGTCGACTAATAAACGCGGGAAATTCACGCCAGCGTTATTGACCAAACCATCAATACGCGACCAGCGCTGAATAATGGCATCGATAGTCTGTTGCACCTCTGTCGCGCTGGAAATATCCGTCGGCCAGAAGTGATAATTATCGCCATTGTGATGACGATCGCCGCCATGAATATCAATCATCTGGACATGAGCGCCTTGTGATAATAATTCATCGACAATGGCCAGCCCAATTCCCGAGGCGCCGCCGGTCACGATAATGACGTTATCTTTTAAATTTAACCAGGTATTCATTATTCACTCCCATTTCTTTAGATAAAGGGATCCCCCGCAGCGGGTGCTGCGTGAAATCATATCCTGTGTGTTATTTCAGTAATAACTCAGCCGTTTCTCTGTTTGTCACCAGACAATTAATATAGCGTCCGTGCAATGCGCCAAGAATGCCAGAGTATTTCTCTTCCCCCATGGCGATGCCGATGGAATAGCGAGCCTGGCGCAGCTTCGCCATTTCGATCGACAGGGTTTTTTCGCTCATATTGGTATCGACTAACCCGCCGTTAATATCGTAGAAACGCGAACAGATATCCCCGGCGACGTGGCGGGCGTTGAGATCGTCGCTCTCTTCGCTGCCGTAGAAGGCGTGCCAGTTTGCGCCGTCGCGAATGGCCGGTGAACCAATACCCACCAGCGCGACATCCAGGCTGTCCCAGTAGGATGAGATGGTTTTAAAGTGCTGGGACTGCATGATGCCGTTGCGGATCAGCGGGTTATCCAGCAGGGCTGGAAAATCGGCAAGGTGGGATTCCGCTTTCAGCCTGGCTGCCGCACCGTAGGTTAACGTGTTCACATGGTAGCGGCTCTCCAGTTTACCGGAAGGCCCGCCGATGATGGGGACGCAGATCACCTGGCGTGAGTGGCTGGCCTGCGGCAGGTTCTCCACCAGCGAACGCACGGCGCGGCCCCATGAAAAACCGATAATATCGCCGGGTTCCAGCAACCGATCGACAAGCAGGGCGCCATGCTGGCCCATCGCGCTCAGCTGTTCTTCTTCCAGCAGCCCATCGCTACTGGCAACCACCGCCTCTTTCAGACCAAATTTTTGCTTGAGCTGTTGTTCGAGCCACAGGTTCTCGTTGTAGTCATAGTTGATGGCGATGGTGACAATGCCCTGCTCACGGCCGCGCTTCAGCAGGCGACTAATGGTGGTGCGATAGATCCCCAGCTCGCGAGCGATTTGCGCCTGGGTCATATCCTGCTCGTAATAGAGCTGGGCGATTTTGACAATCAACCGGATATCATCGCTGTTTTCCATAGTCATCTGCTGGCTCCTGCACATTTGTGCAAATCGCGGGTTTGTGCTGTTGATCTGATATAACCCTATTAGAGCCGCCGTTTGAAGCGATTTTCTTTTATTTCATCACCCTAATCTGGCGAATAATCTTGCACATTTGCGTTATCAATAGCGGGTTGTTGGCACCTTTGTGCATTGCACGCTAAATCGCTGATTCTGTGATATTTCATCATGCAAAGTTGCCAGGCGTTGAGCGGGACACTTTTGTGAAAAAAGGCGTAGTCGATCACACCTTGCGCCGGAGGGCGCAAAGGCACATCTTTTTTCTCGCCCACAAGGTAGGGTATATTTCGCTTTTACAGGAGAATCTATGCTGCCCGACTCATCAACCCGATTAAATAAATACATCAGCGAAAGCGGCATCTGCTCGCGTCGCGAAGCGGACCGCTTTATTGAACAAGGCAACGTCTTTATCAATGGCAAGCGCGCCACTATTGGCGATCAGGTGAAGCCTGGCGATTTAGTCAAAGTGAACGGACGGTTGATTGAGCCGCGCGAAGCGGATGATCTGGTACTGATTGCGCTGAATAAGCCGGTCGGCATTGTGAGCACCACCGAAGACGGCGAGCGCGACAACATTGTCGATTTCGTCAATCACAGCAAGCGTATCTTTCCTATCGGCCGTCTGGATAAAGACTCCCAGGGGCTGATCTTCCTCACCAACCACGGCGATCTGGTGAAC
NZ_CP073782.1_gap91	3753823	3758716	4893	AAGTGGTTGAGCAGGAATATCGCGATCAGGGTAAAGACCCGGCGACCCTGGAGCACGTGGTGCCGTTCAAAGTGTTCGAAGGTAACCGCCCGACTAACTCCATCCTGCTGCGTGAGATCACCCCGTTCAGCCTCGGGGCGCTGATTGCCCTGTACGAGCACAAAATCTTCACCCAGGGCGCGATCCTCAACATCTTCACCTTTGACCAGTGGGGCGTTGAGCTGGGCAAACAGCTGGCTAACCGCATCCTGCCGGAGCTGAAAGACGGCAGCGAAGTTAGCAGCCACGACAGCTCTACTAACGGCCTGATTAACCGTTATAAAGCCTGGCGCGCATAACGCTTGCGCAGCTAAGACGGAATGCCGACCCTTTGGTCGGCATTTTTATTTATAGCCGCCGCAGCAGCCTCGCCGGATTCCCCGCCCACACGCCTTTCTCGGTAATGGACTTCGTTACCACGCTGCCCGCGCCTATCACCACCCCATCGCAGATGCTGACGGCCAGAATCGTGGCGCCGCTGCCGATCGACACGTCATCGCCAATCTCGATCCGCCCCCAGCTGGCGCGGTCGGCGTTTGGTTTACCCTCGCGAAACAGGTCGTTGGCAAACATCACGCCGTGACCGATAAAGCAGCGCTGGCCGATGGTGACGTACTCGCAGATAAAGGTATGGGATTGAATTTTACTGTTCGCGCCGATGCGGGTATTCCCCTGGATCTCAACGAACGGCCCGACGAAGACGTTATCGCCGAGCTGGCAATCATAGAGGTTGGCGGGCTGGTAAATAACGACATTTTCCCCACAAACGACGTTACGTACGCCGGTATCACGAAGCTCAGGCATAGTTCCTCTCAAATTGGTTTGGCCAGAATATGTAAGGTGCTTTGCTGGCTGGCGGAGTGGAAAGTCGTGTCTCTGATGTGCTGCATCCCCTGGCGTTCGTAAAAACGGCGCGCGGCGGGATTCGCGGCGAGTACTTCCAGCCACAGCCAGCTTTCACCGGCCGTTTTTGCTCGCGTCTCGACGGCGTGAAAAATATGCTCGCCGTAGCGGTGGCCAGTCTTCCCCGGCATCAGGTAGAGCTTATGCAGCAGCGTACCAATCTTGCCGTCGTCAGCCATTCGCTGCTGATAGCTATATTTAGCGAAACCAACAGGAGAGGGGGCTTCGGCGATGAGCCAGTGTTGGGTCGCATCCGCAAGACTCCGACGTAGCGCATCTTCGGCATATTCTTGCTTAAGAAATAACGCCAGTTCATCGGCATCGCGCCAGAGATGAGCAAAGTGGTGATGATAGCTGGCATAGCCCATCGCGCTAAGCTGGGGCGCGTCCTCGGGACATGCCTGTCGAATAGTTAACATGCTGCGTTCCTCGCGTCGTTCTGCGGCTATATTGCCTGTAAAGTGAACAATGTGGAACGACAAAAATCGGTGGGAGAAGGCTGGAGGCGCTCCCTCCAGCCTGGGGGTTAGCGGGCGAAAGCGATCGCTTCGATTTCGACGCCGGCATCTTTCGGTAACCTTGCTACCTCCACACAGGAGCGCGCCGGAAAGGCCGCCTGGTGTTCGATAAAGAAGGCCTCGTAGGCGGCATTGATGGCGGCAAAATCCGCCAGGTCTTTGACAAACACCGTAGTTTTAACGATCTGCCCGACCGTGAGTCCGGCGGCTTCGACGATGGCTTTCACGTTCTCCAGCGACTGGCGCGCCTGTTCGGCGATATCGCCTGGCATGGTGCCGTCCAGCGGATTAATCGGCAGCTGACCAGAGGTGATGGTCATCGCGCCGAGATTGACGCCCTGCACGTACGGGCCGATAGCGGCAGGCGCGTCAGCGGTGGTAATAATCATACGGTTTATCCTTCAAACGGTTACATAAAATAATTTAACAACACCAGCGAGCCGACGCCGCTCACTACCACCCATACCAGGCCTAAACGGAAGCTGGCGAGCGTGCAGATGATGGCGGCGATCACCTTCGGATTTTTTAAGTCGAACTCCATGCTGGAATTCACGCTCAGGATCTGAATGGTGATGATGGCCGGCAGAACGGTGACCGGCACGAAGCGTAGCGTTTTGGTCACCCGCTCGGACATCTGGATCTTGCCGGCCAGGCCGATAAACGAGAAACGGATGAGAAAAGTCACCGCGGCCATGCCCAGCGTCAGCGCGATAAAATAGCTATTACTCATTTTCCATCGCCTCCACTAACGGCATATCGGATTCGGTTTTTGCCATCTGCTTGCGCTCTTCCGCCAGGTCGACGCACAGGCCGGCGAGGACGCCAAGCACTGAGGCGACGACGATACCCAGCGAATAGGGTAGGACCACTAACAGCACGCCGGAAACGGCGGCTACAACCGCGGCGACGGTGCAGGCCTGGCTTTTAATTTGCGGCACCACGATGGCGATAAAGGCGGCGACCATGGCGAAATCAAGACCGTATTTCTCAATGTGGGGAAACGAGGCGCCGACCAGCGCGCCAAGAAAATCAGCCAGCACCCAAATCGCCCAAAAGGTAATCATCGCGGAACCATAAAAGAGATATTTTTCCTTTTTATTTCCTTCCATCTCTTTGACGGTGGTGGTATACACCTCGTCGGTGAGCGCATAGGACATTAAGCATTTTTTAAAGAATGAAGCTTCGCGCACGGTGCCGGAAATAGAGGCGCTATACAGCACGTGGCGAAGATTTATAATTAATGTGGTGAAAATAATCACGCCGAGCGTGGCGCCGGTTTTTAACATATTCAGTGCCAGCATTTGCGCCGAGCCGGCAATGACGATCGCCGACCACGCCGTACTCTGCCAGACGCTCATGCCCGCGCTAACGCTTAATGCGCCGACAATAAATGAAAATGGAAAGTCGCCGATGCATAGGGGCATAATAGCGCTGGCGCCGCGGAAGATGACTTTTTTATTCATCTGCTATACCTGCTAATTTATAAATAATAGTGTGGGTAGAGTACGTTAATCGGGGCCTGCTCTTTCAGGCCCGTGAAATGGTATTATTTAGCGACCATAATGCTGATAATTTCTTTATCGGTGAGAGTCATTGGTTTAATCACCAGACGGCATAAGTTATTAATGGTTTGCTCAACATCAGCGCAGACAATACCGTCATTGGCGCCAGCGCAGCTATTTTGCATTGCCATTAGTACCGCCTTAAAGGCGCTGGATACCACTGACGAGACTTTCATCGCGCAGCTGTTGGAAGCGCCATCACAAATCATGCCGGTAATATCGCTGACCATATTAATAATCGCGGTATTAATGGTGTTGATGTCGCGGGTAAACAGCCAGGCCATACCGGCGGCGGCGCCCATAGCGGCGGTTGAGGCTGCGCATAGCGCAGATAAGCGCGTATAACGAGAATGAATTGAGATGGCGGTGAGATGAGATAGAGACAAAGCGCGAGCCAGGGTCTCTTCATCGACGCCGAGATGCTCTGCAACCACCACTACCGGTATGGTTGCTGTAATGCCCTGATTGCCTGAGCCGAAGTTAGACATCGCTACCACCGGCGCGCCGCCCATGCGGGCATCTGAAGCGGCGACGGTGTTGATGATCACCTTGCTTAACAGATCGTTGCTCATCAGGCCGTTTTTCACTGCGTCAGAAAAGGTACCGTTAATGTTCAGGCCATATTTTTTTGTTTTGCCTTCTGCCGCCAGCGCGGAGTTTAAGCGCGCGGCGTCGAGAATAAAGCGAATATCATTAAAGTCGACGCGATTAATAAAGTCGTAAGCCTGTTGTAGCGAGAAAGTGGGCAGCGTTTCGCGCTGGGTGCGCGTATTCTGTTTTTCGCTTAATGGCTGCGGCTGGCCATTAATATAAAGTTCGACCACGTTGGTGTGGGTTCCTTTGACCACGACACGACAGCAATTCTCGCCAGCAGAGAGGGTTAGATCAAGATGAATAAAATCCGGAGTCTCTTCGACGGCAATATCAACGGCGTTATTGGCGATCAGCTTCTGCGCCATTTCAACGTGTCGCGGAGTGATATCTTCCAGCGTTTTTAATCCCTTTTGCGGGTCGCCGCCAAATGCGCCAATTGCGGCTGCCAGCGGTACACCGCAAACGGTGGTGCCGGGTATGGTGACGCCCATCGCGTTTTTATAAAGATTGGCGGAAATAAAACCGCTAATTTTAGTGCAAGGCTGATCCAGATATTGTGCGGCGTAGGCGGCCGCGAAGGAAATAGCGACGGGTTCAGTACAACCTAAAGCCGGGGCGACCTCTTGTTTGAGCCATTTTACGTACAGGGAAGCGTTATCGGTGTTCATAATGATTTAATGTCCAAAATTAAATTTTATTCAGCTGCGATAATGCTAAGACAAAAGATAAGAAAAAACTTACCCTAATAACCATAAAAAGACTGTGGTTTGGAGAAAAATTTTATCTTACGGGAGGTTTTAAGATACACCTATTTCAAAAAGTAAACTTTTTATATTTCAGTTAGTTGGGTTGATTCGTTCTAAGCGTAACGGATGATTTTGTTAATCTGCTCACAGCGTTGCTGGAAGGACAATTTTCTCTTGTTCGTACTTTTCGAATCGATAGCCCGGAGATAGCGTAAGACGAAGGAATCATAGGTAGATCTGGATCACACTTTTGCGCTATACAGATCGACAACGTTCATGCATTTGAGGTGTCACTATGCCGTCGGTATATCGTCCGCTGGTTAATTTCGTTGCGAAGGCCATGCAGGCCGTGCTGAATCTGGCACTGCTGTGCCTGGGAATTATTCTGGTGGTGTTCCTGGGAAAGGAGACCCTGCATCTGGCGCACGTACTGTTTACGCCGGAGCCGGTGAGTAAGTACAAGCTGGTCGAAGGGCTGGTGGTCTATTTTCTCTACTTTGAGTTTATCGCGCTGATTGTTAAATATTTTGA
NZ_CP073782.1_gap92	3766990	3769474	2484	CTAAGTGACTGGCTGCTGCTGGAGGACTCAATGACCCAGCGCTTTGAACAACAAGGAAAGCAGGTCACCGTGACCCTGGTTAACGAAGGGTATATCGGCCGTGACGCGCTGACTGACGAAGCGGCGCTGCTGCCCGACGAGCCGCGCTACTGGCTGCGGGAGATTATACTCAATGCCGATGGCGAGCCCTGGCTGGCCGGGCGCACGGTGGCGCCGGAGTCGACGCTGTGTGGTCCGGAGCTGGCGCTACAGCAGCTCGGGCAAACTCCGCTGGGCCGATACCTGTTTACGTCGTCGACATTAACCCGCGATTTTATTGAAATTGGTCGCGATGCAGCGCTGTGGGGGCGTCGTTCCCGCCTGCGGCTGAGCGGCAAACCCCTGCTGCTGACCGAGCTTTTTTTGCCTGCGTCGCCGTTGTACTAAGAGGAAGAAAAAATGGAGTGGAGTCTGTCGCAGAATAAGCTGTTGGCGTTTCATCGCCTGATGCGCACTGACAAACCGATCGGCGCTTTGCTGCTGCTGTGGCCGACGCTGTGGGCGCTATGGGTGGCCTCGCCGGGCGTCCCGCCGCTGTGGATCCTGGCGGTATTCGTCGCCGGCGTCTGGCTGATGCGCGCCGCCGGCTGCGTGGTGAATGACTATGCCGACCGAAAATTTGATGGTCACGTAAAGCGTACCGCCCGCCGTCCGCTGCCGAGCGGCGATGTCACCGAGAAAGAGGCGCGAACGCTGTTTATCGTGCTGGTGCTGCTCTCTTTCCTGTTGGTGCTCACCCTCAACACCATGACCATTCTGCTGTCGGTGGCGGCGCTGGCGCTGGCGTGGGTCTATCCGTTTATGAAGCGCTACACTCATCTGCCGCAGGTGGTGCTGGGCGCGGCCTTTGGCTGGTCGATCCCGATGGCCTTCTCGGCCGTCAGCGAATCGCTGCCGCTGAGCTGCTGGCTGATGTTCCTCGCCAATATTCTGTGGGCGGTGGCCTACGATACCCAGTATGCGATGGTGGATCGCGATGACGACGTTAAGATCGGCATCAAGTCGACGGCGATCCTGTTTGGCGAAAACGATCGTCTGATTATCGGTATCCTGCAGGTGGCCGTACTGGTGCTGATGGGCGCGGTGGGTTGGCTGAATGGGCTGGGCTGGGAATATTACTGGTCGCTGTTCGTGGCGGCGGGTCTGTTTGGCTGGCAGCAGAAGCTTATCTTCAATCGCGACCGCGATAACTGCTTCAAAGCGTTTATGAACAATAACTACGTCGGGCTGGTGCTGTTCCTCGGCCTGGCGATGAGCTACCTGTAACCTCCTGTCCGCTGCCCCCCGGCATTCCGGGGGGCAGCAAACGCCGCGTTACGCGTCGTCCTGCGTGACGCTCTCAATGGTCAGTCGGACATCCGACGTAATCAAATCCGCCAGCATCCGATAAACCTTCAGGGTCTCTTCCGGCTCGGCGTCGCCGGTGTCGCTGATATAGCCTTCATCGCGCAGGGTCAACACCAGGGTGCTGAACACCGCTTTGTCGAAGAACTCCGGCGCATTGATGCCGTGTAGCACCGACAGACGCTGGGCCACGGTGCGACTCTCTTTTTCCAGCGAGCTGCGGTTGATCGCCGGGTTTGCGCTCAGCAGCCAGAAGGTGATGGCATAGCGCTGCAGCGTCTCGCGGGCGCCAGCGGCCAGCAGCTGCAGGGAGCGAGAGTGCGACGGGTTGAGGCTCATGACATCGCCATCGACGACGATCAGCTCCTGACGCAGCATCTCGGCAATCAGCGCATCCACCACTCCGGCCAGCTCCGCTTTTTCCCAGCGCAGGAACAGCTCGGCCTTGAGGAACGGATAGAGTGTTTCCACATGACGCAGCACTTCGGCGCGGCTGAGATGACGATGCTGAGTCACCAGAGCGGCTAACAGCGACGGCATCACCAGCATATGGGCGATATTGTTGCGATAGTAGGTCATCAGCACCGCCTGCTCGCGCGGCAGGATGATGATGTCGCCAATGGTGTCCTTCTCCACTTCGAACTTGTTCATCTGCAGCGCATGATCGATGAGCTCGCTGGCTGAAGCGGATGGGGCGGTCGCATCCGGAGAATAGGGCACATTGCGCAGCAGCGCGAGGTAGCACTCTAACTGCTGGGTGAGCTGCTCACGGGTCAGCGAACGCTGGCGGGAGGCCAGTAGCGCCGTACAGCACAGGTTCATGGCGTTGGCCGCGCCGGCGTTATTGATGCGCACCATCAGGTCAGCGGCGATGCTATTCACCGTCGGCGTCAGCCAGGAGGGGCGAACCGCTTCGATCGGGTCGATCGCTTCCCGCCAATCCGGCACATGCTGGTTAAGATAGGTCATCAGCGGCAGCGGTTCGCCGAAGTTAACGTAACCCTGGCCCAGGTTGCGCAGCTTGCTTAAACCGCGCACCATCTGCGGCAGACTCTCTTTCTCTTTAGTGGCGCCGCGCAGCTCTTTGGCGTAGGTTCCTAC
NZ_CP073782.1_gap93	3955850	3957963	2113	CCGCTTCCATCTCCAGCGCGGTAGTGACATCAATGCGCTGCACAAACGGCGGGGTCGGTAGCGATACCGGCCCGCTGATCAAGGTCACGTTCGCGCCCCGCTGCGCTGCGGCGGCGGCAATCGCGAAGCCCATCTTGCCAGAGCTGTGGTTGGTGATATAACGCACCGGATCCAATGGCTCACGGGTCGGGCCCGCGGTAATCATGAGGTTGAGATGTTGCAAATCTTTGACAGGGGAGGCGAAATGCTGCGCGGCCATGTCTACGATAGTTAACGGATCGAGCATTCTCCCCGGGCCGACGTCGCCGCAGGCCTGGCTACCGCTGTCTGGTCCCCATAGCAGCAGCCCGCGGGTAGCGAGCGTCTGCAGATTATGCTGGGTGGCCTGCGCGCGATACATCTGCTGGTTCATGGCGGGCACCACGGCAACCGGGGATGGGGTGGCAAGACAGATCGTCGACACCAGATCGTTGGCCATGCCGGCCGCCACGCGAGCGATTAAATCGGCGGTCGCTGGGGCGAGGATCACCAGGTCGGCCCATTTACCGAGCTCAATATGGCCCATTGCCGCTTCCGCCGCCGGATCGAGCAGGCTGTCGGAAACCGGATAGCCGGATACCGCCTGCAGGCTGAGTGGGGTGATGAACGCTTTTGCCGCCTCCGTCATCGCGACACGCACTTCCGCGCCGCGTTCACGCAGCCGGCGCACCAGTTCCGGGGTTTTATACGCCGCGATGCCGCCGCTGACGCCCAGGACGATTTTTTTACCCGCCAGAGTCATCATGATGTCTTCCTGTTGCCGTAGACCAGAATCCGCGCATCTTATCACAATCCTGCCGCCGTCGTGCCTCTGCCGGGCATTCACTTTGCGAGCGGCTACGCAGGGTGAAAATCGGCGGGTCGGCAGCGCCGTCAGGCTGTGCCAGGATAGGCTGATTCACCCAGGAGGGCGCATGGACGGAATGGAAAATCTGATGCCACGGGAGAAGATGCTGCAATACGGCATCGAAACGCTAACGGATGTTGAGCTGCTGGCGCTGTTTCTGCGCGTCGGCACGCGTCGTCAGGATGTGCTCAGCTATGCCCAGGCGTTACTGCAGCGTTTTGGCTCACTCTACGCTCTGCTTTCCGCTGATAAAGCGCAACTGATTGCTGTAGACGGACTGGGGCTGGCGAAATATGCCCAACTGAAGGGCATTGCCGAGCTGGCGCGACGCTATTTTAGCTCGCAGCTGGTCGAGGAGGCCGCGCTGGTCACGCCCTCGATGACGCGCGAGTTTTTACAAAGCCAGCTGACGGAAGAGGAGCGCGAGATCTTTATGGTGATCTTTTTAGATAATCAGAACCGGGTGTTGAAACATAGTCGTCTTTTTTCTGGTACTCTTAGCCACGTTGAGGTGCATCCGCGAGAAATTGTACGCGAAGCCATCAAAGTGAACGCCGCCGCCGTGATCCTTGCGCATAATCATCCCTCCGGTAGCCCGGAGCCAAGTCAGGCCGACAGACTGATTACCGAAAGGGTGATAAAATGTTGTAGATTCATGGAGATACGCGTGCTTGATCATCTGGTTATCGGCCGCGGTGCGTATGTATCTTTTGCCGAACGTGGCTGGATTTAGCCCCGAACTGGCGATCCTTCGGGATCTTTGTCTGTTCGGGACTTGAGCACATCGCCGAGTCAGCGTATACTACGCCACCTTTGAGAATCTCGGGTTTGGCATTTGGGCCTGGCAGTCGAGAGTTCACATTGAACTGCGATGACCAGGCTGTAAAGCCTGACGAGGCGCCAATACCCCATACGAAGCTCGAGCTAATTTGATTTTTGGAGAATAGACATGTCCCGAGTCTGCCAAGTTACTGGCAAGCGTCCGGTGACCGGTAACAACCGTTCCCACGCACTGAACGCGACTAAACGCCGTTTCCTGCCGAACCTGCACTCTCACCGTTTCTGGGTTGAGAGCGAGAAGCGTTTTGTCACCCTGCGCGTATCTGCTAAAGGTATGCGTGTAATCGATAAGAAAGGCATCGATACAGTTCTGGCTGAACTGCGTGCCCGTGGCGAAAAGTACTAAGTACTTAGAGGAAATAAATCATGGCTAAAGGTATTCGTGAG
NZ_CP073782.1_gap94	3966766	3969140	2374	TATCGCCGCTTTCCGCAGCATGCCTATTTCCTCGATGAAAATGACATCAGCCGCGAGGGCCACTCGCCGCTGCTGGAAGTGCCGATGAGCATCCAGTACAAGCACTCAGCGTGGATGAACAGCGTGAAGCAGGGCTACGACCGCCTGCGCGGCAAAGTGCGTTCCCCCTCCGTACACTGGCTGCGACCGATGGGCGGCAATGTGGAGACGATGAAAAAAGTCGTCGAACAAACGTTGACGCAGGGCAATGACTACGTGGAATATATGCTCCACTCTTCAGAGTATATGCCCGGCGGCAGCCCCACGTTCCAGAATGAACGGGATATTGAGCGTTTATACGCTGACCTCGAAGCCTTTTTTAGCTGGCTGGCGCCGCAGGTGAAGGGCATGACGTTGGCAGAATATTACCAGCGGAAAATTACACAGCGCTAACACAGCTCAAGGTACCGTATGCGTATCCTTAAACAATTAACGCGGAAAAAGAATGCCTTTTTCCGCGGCATTAAATTTAATTTAATTAACTATCGATACAGAAATAAGCCGGCGCGTAAAGCCTTCGACCCAGCGGCTGTGCGCCGCGTGCTGCTATTGCGTCTGGATGATAAAGTCGGTGATATGGTGGTCACGACCGGCTGCGCCAGAATACTGGCCGAACGGGGATATCAGGTTTCGGTGTTAACCGGACCAATATGCAGCGAAATATTAGCAGGCTCAGAATTCATTCAGCAAGTATATTTATATCGGCCCCGCATGTCCTTAAATACGTTGCGGGCGGCGGGTTTTGATGCGGTTATCGATTTTGATGACGTGACCAGCTATGAACGCTTTAAATTACTCGCCGATTTACGGGCGACCAGCGTGATTGGTTTTAATAAAGAGCCCTATAAACTTTACGATCACTCAATCGCTTTTTTTGACGGCAACAGCCATATTTCCCTGCGCTATAAGCAGGTGGTGAAGCTGTTTGGCATCGTTGACGACCGCCCGTATCACTATCATCTCCCCGGCTGCCGCCATGAGCGGGAGAAAGTGGCCCGCTTGCTTTCTCAGGCCGGAGAGGTCGAACTGCGTATCGCCATTAACCCTTTTACCGCCTCCGAGGATAAAGACTTCTGTCGTCACCAGGTGGCGACCCTGGTCGAGCGGCTACATGCTCTGCCTTACCGGGTCTGTATCGTGATGGTGGGGCGCAGTGAAAAAATCCGCCAGCTGGGGCTGGATATGGCGCTGTACATCGCCGACAGCACCATCAACTCCGCCGTAGAAGTGATCCGCAGCTGTGATTTAGTCATTACGCCGGACACCTCGATCGTGCATATTGCCCGGGCTTTCGATAAGCCGATGGTGGCGGTCTATAACAAACGCAAACTCAAGAATACCGGGCTGCCCGGCTATCACATCTGGGCGCCGGGCTATGACAAGGCGAAGCAGATAGTCTGTGAAGAAGCGAATGTCGCCGATGTGGCGATTGAGTCGGTGTGGCCCGTGATTAAAGAGCAGGCCGACCGGCTGGTCGCCGCCCGCAGTTGATTTAAAAAGTTAATATAAAAAGGGCCGCTGACGGCCCTTTTTGTTAGCGTTTTTCCGCCAACCCTTTGCTGAGCGCAATGCCCAGCGGCAGCCAGAACAGCACCCAGGTTTCCCGGGGATTGCTGATGATAAACATCCCCTGCGAGGCCATAAACACCAGCGCGTAAAACAGGATCGCCAGACTGTAGCGGCTGTCGGTATGGCGCTTGCGCCACGCCTGCCATAGCCCGCAGGCAATGATCGCCAACAGCAGCAGTAACCCCACGATGCCGCCTTTCAGCAGGGCGCCCATATACACACTGTGGGTGGTGGTGATGTGCTCGCCGCTGTAGTTGATGAAATCCAGTTCATAGCTGAAACCGCGCCCCAGCCACGGCTGGCTGGCCATCTCCGACAGCGTATGGTGCCAGATGCTCAGGCGCAGCCCGCTTTGGGTGCCCAGCTCCTCGAAACGGGCGAGCAGCATGTCGCCCACCGGCGTCATGACCAAAAGCAGCGCTACCAGCACGGCCAGCGCCGCGGCGATCAGCAGGTTGCGGCGGGTGAAGACGTGCAGGTGCAGCGTACAGCCGACCGCCAGCACCAGGGCGATGATCGGCCCGCGGCTTTGGGTGAGCAGCAGCATCACCAGCATGATGACCACCGGCAGATAGAGCCAGTGGCTGGCTTTTTCTTTCAGTAGCATGCCGCAAATTAAAATGCCGATGCCGCAGTAACCGGCAAGGTCGATAACGTTCGTTGGTCCGGGGTTCTCGGGGGAGACCGCTCGTTCGGTGAGAACCAGCGTATGGTCGATAATCAGCGTCCACAGGGAGAGCACGGTGATCCCACCGACCACCGCCAG
NZ_CP073782.1_gap95	3971111	3975988	4877	TACCGCCTGAACGGCCTCGCGAAAGGCTTGACGCTCGGCTTTGATCGGCGCGGAAAACCAGGCTTTGCGCCAGCGGCGGATCGCCACCGGGATCACCCGCTCGACGCTTTCATGCCAGGAGGGGATCTGCGCGAAACCCTCTTCAACCACCCAGTCGAAGCGGATGCCGGGGATAGCCTGCGCGGCGTCGGTTAGCGCGGGCAGCGTGTGCAGCACGTCGCCCATGGAGGAGGTTTTAACGATCAATACCCGCATCCGTTACGCTTCCTCGTGCTCGGTTTTTTCCGCTAATAGTTCGTTCAGCTCTTGCAGGACGCGTTCTGGGGTGATGTCGATCAGGCTCTGATGATAGCCTTCGGCGGCATCGCCTTTGCGCACCTTGTGGTAGCCGGTAATCAGACGGATAACCCGCGCTTTATGCGACAGCGGCGGGGTAAAGTCCGGACTGCTCGGGCCATACAGCGCCACCAGCGGGCGGTCCAGCGCTGCGGCGACGTGCATCAGCCCCGAATCGTTAGTCACTACAGCTTTACAGGCGGCGATCAGAATGACCGCCTGCTCCAGCTGGGTTTCACCCGCCAGATTACGGCACCAGGCCTGCTGCTCGCTGCTGAGGGCGGCGATGATCTCTTTGCCGGCCTCGTTATCTTTCGCCGAGCCGAAAAGCGCAATCTGATAGCCATCGTCGATAAGCTTTTTCGCCAGCGCAGCATAGTGATAGTGCGGCCAGCGTTTGGCCGGGCCGAACTCCGCGCCGGGGCAGAAGCCGATGATAGGCCGATCGTTGGACAGGTTAAAGGCGCTGCAGGCCTGCGACTTTTCCCCTTCGTTGACCTGCAGCTGCGGCCACAGCAGCGGCTGCGGCAGATCTTTGGCGCAGCGCATCACGCCGTTGTCGTAGGCCAGCGCCACGTAGCGTTCCACCATCAGCGGCCAGGCGTCTTTGTCTAGCACCCGGGCGTCGTTGAGCAGTCCGTAGCGCATCTCGCCGCGCCAGCCGGTGCGCAGCGGGATATTGGCAAAGAAAGGGACTAATGCCGATTTAAACGAGTTCGGCAGCACGTAAGCGCGATCGTAGCGACGTTCGCGCAGGCTGTGGCCGAGCTTACGGCGTTCGCCGATAGCCAGCGCGCCGTGACCCAGCGGCATCGGGATCGCTTCGTTCACTTCCGGCATGCGCGAAAGCAACGGACGGCACCAGGCTGGCGCCATCACGTCGATAATCGCCTGGGGATAGCGCGCCCTGAGCGTACGATAAAGACTTTGCGACATCATCATGTCGCCCACCCAAGACGGGCCTACCACCAATATTTTCATGCTTGTTTCTTACGCGTCGCGGTTTAGCCAGGCCATATATTCCGTTACGCCTTCGGCAACGGTTTTGAACGGTTTGTCATAGCCCGCTTTGCGCAGGTTAGTCAGATCCGCCTGAGTGAACGCCTGGTAGCGGCCTTTCAGTTTGTCCGGGAACGGGATGTACTCGATGCTGCCTTTTTTGTGGTATGCCAGGGTCGCATCGGCGACGGCCTGGAAGGATTCCGCACGGCCGGTGCCGAGGTTAAAGATGCCGGAAACGCCGTTTTCCCAGAACCACAGGTTGACGTCAGCCACGTCGCCCACGTAGACGAAGTCGCGCTTGAAGCCGTCGCTGCCTTCGAACAGTTTCGGGCTTTCGCCATTATTCAGCTGGGTATTGAGGTGGAAAGCGACGCTCGCCATGCTGCCTTTGTGGCCTTCGCGCGGCCCGTAGACGTTGAAGTAGCGGAAGCCGACGATCTGCGAATTGGCTTCCGGCAGGATCTGGCGGACGTATTCGTCGAACAGGAATTTGGAGTAGCCGTAAACGTTCAGCGGCTGTTCGTACTCGCGGGACTCGATGAAGTCGCTGGTGCGTCCGCCATAGGTGGCCGCGGAGGAGGCGTACAGGAACGGGATTTCGCGCTCCAGGCAGTAGTGCAGCAGCTCTTTGGAGTACTGATAGTTGTTGGCCATCATGTACTTGCCATCCCACTCGGTAGTGGAAGAGCACGCGCCTTCGTGGAAGATTGCTTCGATTTCACCGAACTCTTCACCCGCCATAATCTGGATCAGAAAGTCTTCTTTATCCATGTAGTCAGCGATGTTCAGGTCAACCAGGTTTACAAACTTGGTGCCGTCTTTCAGATTGTCGACAACCAGAATGTCGGTGATGCCTTTGTCATTCAGCGCTTTAACGATGTTGCTGCCGATAAAGCCTGCGCCGCCGGTAACGATGATCATAACTGTACCTTTGAAGTTGAGAGCCCGGAGACAATCCGGACATGAATGCTCTTATCATATCACCACATGAGCAAGCCTACAGCCATTCGCAGAATAAGGTGCTGGGCTGACGTGATTTATGCTGCAAATAATTCATTCAGGCCTGCATCATCTCGTATCAGCGTATAGCTTTGGGTAATATGTGCCAAATTTTGCCGAATCTGGAGAGTTGCAATGCGTGGTGATTTCTACAAACAGTTAACTAGCAATCTGGAGACCGCTCGGGCCGAAGGGTTGTTCAAAGAAGAGCGCATCATCACCTCGGCGCAGCAGGCGGACATTACCGTCGGCGACAGCCACGTGATTAACTTCTGCGCCAATAACTATCTGGGTCTGGCGAACCACCCGGAACTGATTGCCGCGGCGAAATCCGGCATGGACAGCCACGGTTTCGGGATGGCCTCGGTACGCTTCATCTGCGGCACCCAGGATACGCATAAGCAGCTGGAGAAGAAGCTGGCCGATTTCCTCGGTATGGAAGACGCGATCCTCTACTCTTCCTGCTTCGACGCCAACGGCGGCCTGTTTGAAACGCTGCTCGGCCCGGAAGACGCCATTATCTCCGACGCCCTGAACCATGCCTCGATCATCGACGGCGTGCGTCTGTGTAAAGCGAAGCGCTTCCGCTATGCCAACAACGATATGCAAGAGCTGGAGGCGCGTCTGAAAGAAGCTCGCGAGGCCGGCGCGCGTCACGTGCTGATCGCCACCGACGGCGTGTTCTCGATGGATGGCGTGATCGCCAACCTGCAAGGCGTTTGCGACCTGGCGGATAAATACGATGCGCTGGTGATGGTCGATGACTCCCACGCCGTCGGCTTCGTCGGCGAAAACGGCCGCGGCTCCCACGAATACTGCGATGTGATGGGGCGCGTCGATATCATCACCGGCACGTTGGGTAAAGCGCTGGGCGGCGCCTCCGGCGGCTACACCGCCGCGCGCAAAGAGGTGGTTGAGTGGCTGCGCCAGCGCTCCCGTCCGTATCTGTTCTCCAACTCTCTGGCGCCGGCCATCGTGGCCGCCTCCATCAAAGTGCTGGAGATGGTTGAAGAGGGGGCAGACCTGCGCGATCGCCTGTGGGCTAACGCGCGTCTGTTCCGCGAAAAAATGACCGCGGCAGGCTTCACGCTGGCCGGCGCCGACCACGCCATCATTCCGGTGATGCTGGGCGAGGCGGTGGTGGCGCAGAACTTTGCCCGCGAGCTGCAGAAAGAAGGGATCTATGTCACCGGCTTCTTCTATCCGGTGGTACCGAAAGGCCAGGCGCGTATTCGCACCCAGATGTCGGCGGCGCATACCCCTGAACAAATTGAGCGTGCGGTGGAAGCCTTTACCCGCATCGGCAAACAACTGGGCGTCATCGCCTAATAAGGGTATGAGATGAAAGCGTTATCCAAACTGAAAGCGGAAGAAGGCATCTGGATGACCGACGTACCGGAACCGGAAGTCGGCCATAACGATCTGCTGATTAAAATCCGCAAGACCGCCATTTGCGGGACCGACGTGCACATCTACAACTGGGATGAGTGGTCGCAGAAGACCATTCCGGTGCCGATGGTGGTCGGTCACGAATATGTCGGCGAAGTGGTGGGGATTGGTCAGGAAGTGCGCGGCTTTAAGATTGGCGACCGCGTCTCCGGCGAAGGGCATATCACCTGCGGCCACTGCCGTAACTGCCGCGCGGGCCGCACCCATCTGTGCCGCAACACCATCGGCGTGGGCGTCAACCGCCCGGGCTGCTTTGCTGAGTATCTGGTGATCCCGGCCTTTAACGCCTTTAAAATCCCCGACAATATCTCTGATGACCTGGCGTCTATCTTCGACCCGTTCGGCAACGCGGTGCACACCGCGCTCTCCTTCGATCTGGTCGGGGAAGACGTGCTGGTTTCCGGCGCCGGTCCGATCGGCGTGATGGCGGCGGCGGTAGCGAAACACGTCGGCGCGCGTAACGTGGTGATCACCGACGTCAACGAGTACCGTCTTGAGCTGGCGCGCAAAATGGGCGTTACCCGCGCGGTGAACGTGGCCAAAGAGAACCTTAATGACGTGATGGCCGAGCTGGGGATGACCGAAGGTTTCGATGTGGGTCTGGAGATGTCCGGCGCGCCGCCGGCGTTTCGCAGCATGCTTGATACCATGAACCACGGCGGCCGTATCGCGATGCTGGGTATCCCGCCGTCGGATATGTCCATCGACTGGACCAAGGTCATCTTCAAAGGGCTGTTTATCAAAGGTATCTATGGTCGCGAAATGTTCGAAACCTGGTACAAGATGGCGGCGCTGATCCAGTCTGGTCTGGATCTCTCACCGATCATCACCCACCGCTTCGGCATTGATGACTTCCAGAAAGGTTTTGACGCGATGCGCTCCGGCCAGTCCGGTAAAGTGGTTTTGAGCTGGGACTAATCCCCCATGCTGGCGTAAAAATCAGCAAAAAAGGCGCCTGCGGGCGCCTTAATTTAGATTTGGATAACATTTTTAGCCTGCTTAATATTAAGCGCACAATTTCTACATCGATTTTACGGTTATTCGCTTATACAGTGTGTTTAGTCGCAGTTTAACTTTGTAACTATCATGCT
NZ_CP073782.1_gap96	3992251	3993564	1313	GCGAAGTAGGCGCCTTTCGGCGTCATCGCCAGTACCGCCAGAATGGAACCCGGGGAAGCCGGGGAAACCAGACCGCCATTGAGGATAGTCAGGGTGAAGACACCGGTCATCCCGCCGAGGATAACGGCCAGGATCAGGCGCGGGTTCATCAGCACGTACGGGAAGTAGATTTCATGGATACCACCCAGGAAGTGGATGATAGCCGCCCCGCCTGCAGACTGTTTTGCGCTGCCGCGGCCAAAGAACATGTACGCCAGCAGAACGCCCATCCCTGGACCCGGGTTAGCTTCAATCAGGAAGAAGATGGATTTACCCAGCTCGTGGGACTGCTGAATACCCAGCGGCGAGAAGATACCGTGGTTGATGGCGTTGTTAAGGAACAGGATTTTTGCCGGTTCGACGAAGATAGACGCCAGCGGCAGCATGTCGTGCGCCACCATAAAGTTAACGCCAGCCGCCAGAATTTTCGACAGAACTTCGACCGCCGGGCCGATGCCGAGGAAGGCCAGAATGGCGAGGATCATCCCGATGATGCCGGCGGAGAAGTTATTCACCAGCATTTCAAAACCGGATTTGATCTTACCGTCTACCCAGTTATCGAACTTCTTGATGCAGTAGCCGCCCAGCGGGCCGGCAATCATTGAGCCGAGGAACATCGGCATATCCGCGCCGACGATAACGCCCATGGTGGTGATCGCCCCGACCACGCCACCACGTTCGCCGCCGACTAATTTACCGCCGGTGTAACCGATCAGCAGCGGCAGCAGGTAGGTGATCATCGGACCGACCAGCTTCGCCAGCGTTTCGTTTGGCAACCACCCTGTCGGAATGAAAAGCGCGGTGATGATACCCCACGCGATAAACGCGCCGATATTCGGCATCACCATATTGCTGAGGAAACGACCAAAGCTTTGCACCTTGATCTTGATATCGGATGACATAAAACACCCCTTCTTCTGTTTTGCGTAGCGCGCAGGCTTAAAGCCCGAGGTTTGTTGTTAATGTGGCGGCAGAGGTAGCCGGGCCCTGATTGATAGTGCGAAATCTGGCACTGAATCGTTTAGCTGTCCAGCCAGCGCCCTTTTATGTGATTTGGATCACATGAATATAGGGGGCTAAGAGGGTTTTTTAGTGATGATGATCACAAAATTACTGTGTAAAAAAACAACACAGCGCCTTTTTAGCCGCTGATCTGCCTTTTTGTGTGATATTTGTCACATTTTTGTTTCGTGTTTTTGTTGTTTGTTTGTGATTTTGATCACAAAGAATTTCGCGAGGGGTTTACGCCGCTGTGATCTCGGCCCGGTTTTGCG
NZ_CP073782.1_gap97	4009082	4009722	640	GCTGACCGTGGAATCCATCACCGACTGAAAGGTGAGGATCGGCGGCAGCGCTTTCAGCTCGCCCTGCCGGGCCGCACGGATAATCTGCTGCTGCAGCGCCTGGCTCAATAACCACGATTGTCTCGCCGCCTTGACCGGAAAGGAGTTGTACTTGAACGGATTAAACTCAGGCGCCACGTTCAGCCAGGCCGCGCGGGCGAACGCCGGGAAGACGGACGGTAGCCCGGCGAGGCCGGCGAAACGGGCAAACGCGGTCACGCCGATCATCGGCGACAGCAGAATGATCTGCTGCGGCTGGCGCAAGTGATTGTCTTCCAGGCTATCGAGGGCATACTTGAGCGCCAGCGCGCCGCCGTTAGAGTAGCCGACCAGATGCAGCGGCACGTCCGCCCCGGCAAGGCGGGTCGCTTCGCGTACCGCCAGACGCGTCGCCGCCAGCCAGGTCTCCCAGTCAACCGCCGTTAACGCCCCCGGCGCGGTGCCGTGTCCCGGCAAACGCGGCGCCACCGCCACATAACCCCGCTGCTGCCAGAGTTGCGCCAGATAGCGCACGCTGTAGGGCGAATCGGTCAGGCCATGGAGGAGCACCACGCCGCCGCGCGGCTTGCCCAGCGGCAGCAGCACAAAAGAACGGTTCCAG
NZ_CP073782.1_gap98	4205462	4208636	3174	GTACTGCCATAGCGGGCAAAATGGGGACGTAATGTTGTTGCCCAGTCGGCTTCCCGCCGGGCGTCGCGCCGGGGCGGCGCATGGCAGAACAGATTGACATTGAACGGGCGGTCCGTCAGCTGGCGAGTGGCGACTATCATCGCTTCCGCCTGGGCAACGGTTGAAGCGCCCAGCCCCAGCGAGCCCAGCGCACCGGCATTACTTACCGCGGCAGCCAGCGCGGGGGTGGAGACGCCCGCCATCGGGGCCTGAATCAGGGGATAATCAATATCAAGAAGCGAAAGCAGCGGGTTGCTCATGGTTTCCTCATGCATTAACGATGCCGGAGGCTTACCATCTCCTTTAAAGATGGTAAGATCAACATTATTATCGTATTGAGAAGAAAAATATGAACCACAGCACACTCGAGATCTTCATTCAGGTGGCAGAAACGCAGAGCGTCACCCAGGCAGCAAAACGGCTGGGCCGCGCACAGTCCAATATCACGACCCGCATTCAGCAGCTGGAAGAGGAGCTTGCCGTTGAGCTCTTCGTTCGCGGCAACAAAAAAATGGTGTTGTCCCCGGCAGGCGTGCAATTTCTCAGCTATGCCCGGCGGATCCTGAGCCTGGCGGAAGAGGCAAAGCAGGCTCTGCATCCGACAACCCCAGGCGGCAGTCTGCGTCTGGGCGCGATGGAGGCGACCGCCGCCAGCCGGCTGCCGCTGCTGCTTACCCGCTTCCAACAGCAGTGCCCGCAGGTGGATATCACCCTCATCACCCAACCGACCCGCCAGTTAACCGAGGGGGTGTTAACCGCCGCCCTTGATGCCGCGCTGGTCTGCCTGCCGCCAGGGGCCGATGGGCAACCTGCCTGTCCCGCCGAGCTGGCATTCACCCCGGTGTTTTATGAAACCCTGATGCTGGTCCGTCCGCAGACCCCGGGTCCGCTGCGGTTCGCGGCATTTGCCAGCGGCTGCAGCTACCGCGCGCTGGGAGAACGCTGGCTGGCGGAACAGCAGGCGGCCGTGGAGGTGCATGAGGTCAATTCCTATCACAGCATGCTTGCCTGCGTGGCGTCCGGGCGCTACGCCTGCCTGCTGCCGCAGAGCGTGCTGTCGCTGATGACGCTTCCCGAAAACTGCCTTAGCGAACCGCTGTGCGAGGCGACCACCCAGCTTATCTGGCGCAGCGGCTTGAGCGCCCCCGCCCTGAGCGAGTGGCGCAAGCTGCTGCAAAGCGTGGCGATTGGCTAAGCCTGGCGTTCGGTAAAGACCAGCCCTGCGGCAATCAGCAGCGCCAGCGCCGCGGCATAGAGCGCCGGGTTAAATGAAGCCGCGATCTGATACAGCGCGCCGGCGATAAGCGGCCCGGCAATCTGTCCCACACCGTACAGTGCAGTCATCGCGGCAATCATATTGAAGCTCACCTGATGGCTGAGACTTTTCGCCTTCGGTAGCGCAATGGTTACGGTGCCCATAAAGGTAAAGCCCACCAAAAGCGCGCTTAGCACGCAAAACAGCAATGAAGCGCTGCAGGCTGGAAGGATCACGCCAAGCGCCTGGACGAGCAGGTTGCGGGTCAGCGCTTGCCGGTATCCCCACTTTAGCACCAGCTTATGCCAGATGAGGCAGGACGGCGCGGCCGCCAGACCAAACAGCGACCACAGATGGACCGGGTCAACGCTCTGCAGCGAACCGGACAGAAACAACGGCAGATAAGTGGCGGTGATGATATAGCCGAAGCCCGCCAGACCGTAAACCATCAAGAGTCGCCACGCCGCGCGACGGGTATCGCTCCCGGACGCAAGCAGGGAGGTCTCAACATGGGAAACCCTCACCAGTGCAGCCGGCGGAGTCAGCAGCCAACGGATCGCCAGCGCCAGCAGCAGACCGGCGCATAATGCGCAGAGCAGCCAGATCTGCTGGCTGGTGAGGCTCAGGGCATGTCCAAGGGCGATCCCCTCCGCGGAGATAAATATCCCCAGCCCCACCCCGGCATACAGCAACGGCGCCCCGTGATGATGCCCAATATGTTCCAGCAGCCACAGCGAACCTGCAATCAGCGTTATCGCGCTCAGCGCGCCGGCGACGGCGCGCAGCGTAATAATGGTCCACGGCGAGCTCACCCAGGCCAGCAGCGCCAGGCTGGCGATGGTCAACCCGGCGGAGATAATGCTCAGTCGGGTGGCGGCCCCAGGCTGCACCCGCGCCAGCAGCAACGCGCCGACCAGATAGCCAGCGTAATTGGCCGACGCGGCGAGATTGCCCTCGTGCAGGGTTAACAGACCTTCATTAAGCATAAGCGGCAGCACGCCGGTGAAGGCAAAGCGCCCATAGCCCATGCCGATCATCAGTACTATCGATCCAGCCAGTGCCAGCCATAAGGCCTGGCGCGATTGGTTATTCATCCACCACCCCACAATGATTCTCAATTTAAGAACAATAATATTGTATAATTCTTTTTTTATTATGATGAAGAGGTATTGTTGGCGCAAGGCGGATGTTAATCCGCTATGGTATTTACAGAGAGAAGGTGGCGCCTGGGCACGGCTTAACACACGCCGGGCCGATTTACCGGTACAGTATCAACTCAACTTATGCTCACGGGAGTCATTATGTCGTTCTGTCATATGCGCATTGCCAGGCCGGTCAGCGAACTGGACACCACCGCCAGCATGTATTGCGCCGGGCTGGGACTCGAGCAGCTCGGCAGCTTTACCGATCATGAAGGATTTAGCGGGATAATGCTCGGCGCGCCCGAAGCGGGCTGGCATCTGGAATTCACCCACTGCCGCCACCATCCCGTCACCCCCTCGCCAGGCGATGAAGATCTGCTGGTGCTGTACTATCCGCAGCAGGCGGCATGGGAGGCACAGTGCGCAGCCATGGACGCCGCCGGATTTCTGCGCGTTACGGCGTTTAACCCTTACTGGGAGGTCAATGGCGTCACTTTCGTCGACCGGGACGGCTACCGCACGGTATTGCAAAACCGCGCCTGGGGCATGGTGTGTGATTCGTCGGGTATGGCGGCGAGCTGACGCTGAGCGAGGCGGGCGTTAAGCGCTGTAAAAGCAGTTATTTACATTCGTACAAATATCGTTCCCGTCGGTTACCGAAAAACGCTGTCACGCCTCGCCAGCGCCCTCACGGCGCGCTATGCTACACATCCCGTTGTATTAACCTCTTATCCCTAT
NZ_CP073782.1_gap99	4226234	4230772	4538	GTGCCTCAGGAGAGTATTTCCGCCCTCAGCGCAGCGGCGCAAAACGTCAAACGCCTGATGAACAATGCCCCATGCAGCGTCAGCCGCGAAGAGATCGCGGCCATCTACCAAACGCTGTATCCAGAACATGCCTAACAGGAGAAAGTTAAATGAGGAAAGCTATTAGCGGCGTACTCACCGCCATTGTCACTCCCTTTACCGCCGAGGGAGCGCTTAACCTGCCGGCGCTACGCCAGCAGGTGCAGCGCCAGCTCGCCGCAGGCAACGGTATTTTCTGCGGCGGCACCAACGGCGAGTTTTTTGTCCTCAATGAGGAAGAGAAGATCGCCATCGCCAGAACCTGCGTGGAAGAGGCGGCCGGTCGCGCGCCGGTGGTGGCCCATATTGGGGAGGTTTCCACCCGGGAGACGCGCCGGCTGGGCCAGCAGATCGCCCGCCTCGGAGTTGACGCGGTATCGGCCATTACCCCGTGGTTCGTGCCCTTGAAGCAGGAAGAGCTGATTAACCACTATACGGCGATCGCCGACGCGCTGAGCGTCCCGCTCTTTCTTTACAACATTCCCGCCCGCACCGGGAACACTATTGCCCCGGAGACCGCGCGCCAGCTGGCCCGCCACGAGAATATCGTCGGCATTAAGGATAGCGCCGGCAGCTACGACAGCCTGAAAGGCTTTCTCGACGCGGTGCGCGATATCGACGGTTTCGACGTTCTGAACGGGCCGGACTCGCTTATCCATCAGGGATTCGTCGACGGCTGCTCGGCCTGCATCTCGGGGCTTGCCAACGTCGCCCCCGCTGAAATTAACGCCATCTGGTCGCGCTTTCACGCCGGGGATATCGCCGGATCGCGCCAGGCCCAGGAGCAGGTAACGGGCCTGCGCACCGATCTGTATAAAGTGGCGTTCTCGCCTGCGGCGGTGAAGAAAGCCCTGCAGCTAATGGGTCACGAGGTGGGCGACAGCCGCTACGCGGTGCAGTTTAGTGACCACCAGCTGCAGCAGATACGCGACATCATCGCTCGTTATTTAGCGTAATACTTGCTGCGCTTTTTTAATAAAACAGACCGGGTACCGCCGTGCCCAGGATTCGTACGCCCAGAGAGAGGCTAAGATGAATCATTTTACCGCTGAAGATACCTTTATTATTGTCGGCATTGTTATTGCCTATATTCTGTTTACCACCTGGCTGACATTCCGTATTCGTAGTAAAAATTCCGGGGATTTTATGGAAGGCTCGCGCGCCATGCCGGCCTTTATTGTCGGTATATTACTGATGTCAGAATATATTGGCGCCAAATCGACCATCGGTACTGCCCAGGCCGCCTTTGAGAGCGGAATTGCCGCCTCGTGGTCCGTGCTGGGGGCAGCCATCGGCTTTCCGCTGTTCGGTTTAATCCTGGTGAAACGCATCTATAACACCGGAAAAATCACCATTTCCGGCGCCATCGCTGAAAAATATGGCAACAGTACCAAAAATATTATCTCCCTGATTATGATTTATGCGCTGCTGCTGGTTAACGTGGGCAATTACGTCAGCGGTGCCGCAGCCATCTCCACCGTATTAAAAGTGAATTTACCGGTAGCCGCCTTTATTACCGCCATTGTGAGTACCTTTTATTTCGCGTTCGGCGGCATGAAGGGCGTCGCCTGGGTCACCATGTTACACAGCGCGTTGAAATACGCCGGTCTGCTGATCATTCTGGGTTTTGCCCTGTCCAAAACCGGCGGCTTCTCGCCGATGATGGAGAAGATGCCGGATTATTACTGGACATGGGATGGCAACATTGGTGCTGGCACGATCTTCGCCTGGCTCATCGGCACTATCGGCTCCATTTTTTGCACCCAGTTTGTCATTCAGGCCATTAGCTCAACCAAAGACGTTCGGTCAGCGAAACGCTCCACCTGGATCGCCTTCTTTTTCTGCCTGCCTATCGCCTTTGCCATCGCCATTATCGGCGTCGCGGCGAAATACCTGCATCCCGAGATCAACAGCCTGTATGCCCTCCCGGTCTTTCTGCAGGACATGAACCCGTGGCTGGCAGGTCTGGTGACAACGTCACTTGTGGCATCGATTTTCGTCAGCGTAAGTACCGTAGCCCTGGCCATTGCCTCGCTGGTGGTGAAGGATTTTTACGTACCATGGCGCAACCCAACGCCGGACCAGGAATTCAGAGCCACACGCTGGGCGTCGCTAATTATCGGCTTCCTGCCGCTGATCTTTGTGCTGCTGGTACCGGAGGTGCTGAAACTCTCCTTCTTTACCCGCGCCATTCGCCTCTCCATTACCGTGGTGGCGGTCATCGCCTTCTATGCCCCCTTCTTCAGAAGCACTCGGGGCGCGAATGCCGGCCTGATCGGCGCCTGTGTGGTGACGTCCGTCTGGTATTTACTCGGCGACCCGTTCGGCATCAATAACATGTATGTCGCCCTGGCGACCCCGGCCATCATCATGGTGATTGACCGCCTGATCCCAAATAAATCACAACCATCCCCCGCCCCAGTTGAGCAACGTGGAGTATAAAACATGACCGTAATTCCGCCTTTTGACGGCGTCATTCGCCAACACAAGCAAGATGAACACATCGCATGGGCAATGCTTCCCTGCGCCTGCCCGCAGAACCATGCCGCCAATCTGCTGCCGCTGGATGACGGCAGCCTGATGTGCGTCTGGTTTGGCGGCTCCCAGGAGGGAAAAGCCGATATTTCTATCTGGGGATCGCGGTTAGCCCCCGGCAGTGACCGCTGGAGTGAGGCGGTCAAGCTATCTGATGACCCAGACCGCTCAGAACAAAACCCGGTGCTGTTTCAGGCGCCCGATAACGTGCTGTGGCTGTTGTGGACAGCGCAATTTGCCGGAAACCAGGATACCGCCATTGTGCGCTACCGCCTCTCCCACGATGGCGGACGAAGCTGGGGGGCCATCGATACGCTGCTGGATCAGCCGGGTACCTTTATTCGCCAGCCAATAAGCGTTATGTCTGACGGCAACTGGCTGCTGCCGGTCTTTTACTGCCGTACCGAACCCGGCGAGAAATGGGTGGGTAACAATGACGTCAGCGCGGTGAAGATCTCTTCAGACTGCGGAAAAAGCTGGCGTGACGTGGCGGTCCCGGAGAGCCTGGGTTGTGTCCATATGAGCATCACTCCGCTTCCGGACGGCAGACTGGCAGCCTTCTTCCGCAGCCGCTGGGCGGATCATATCTGGTTCAGCCAGTCCAGCGACCAGGGAGAGAGCTGGTCTGCGCCGGTACCGACGACGCTTCCGAACAACAACTCGTCCATTCAGGCGACCCCCCTGGACAATGGTGAACTGGCGCTGGTGTTCAATAATATGAGCGCCGCCGGCGCCACGGAACGCCGCGCCTCGCTGTATGATGAAATTGCTGACGACGATGGCCGTAGGGAGCCGGAAGCGACCGGGAAAAGCGCCTTCTGGGGCGCACCACGCGCGCCGATGACCGTCGCTATTTCAGCCGATGGTGGTGAAAGCTGGCCGTGGCTGCGCAATCTCGATGAGGGTGACGGCTACTGCATGACCAATAATTCGGAGCAGAAGCTGAACCGGGAGTTCTCCTACCCCAGCATCAAACAGGGAGCAGACGGTAATTTGCATATCGCCTACACCTGGTATCGCCAGGCGATCAAGTATGTTCGTGTCTCGCCACAGTGGGTAAAAGGAGAAAGCGCATGATTATCGGTAATCTGCAGGCGCTGCAGCAGGCTGGTCTGCCGCCGGCGTTAAAGCAGCTATTGAGCAGCGAGGCCTGTTCGCTGGCCGCCCTCAGTGCCAGAGAGAATGGCCGCTTCCAGCCCGACGATGCGCCGTGGTTCTGCACCCTCAGCGTGGTGCAAACCCAGCCTGCGGCCGAGCGGCATACGGAATATCATCGCCAGTGGGCGGATGTTCAGGTCATCCTGGCCGGCGAGGAGCGCATCCAGGCGGGCATGGCTCCCGCGATGCGCCCGGAAGATCATGAGCTTAAGCCCGACCTCTATATATGTCAGCCGGCCCCGGAGAGTGTCTCTATTCTGCTGCGTCCCGGCGACTTCGCGGTCTTTTACCCCGGCGAACCGCACCAGGCGCTGTGTGCGGTTTCGACGCCAGCACCGGTCAGAAAGGCAGTATTCAAAATCCCCGCTGAGATGCTGGAGGCGCGATGAAGCGGGCAATGGTAACCGGGGCCAGCTCCGGGATCGGCGCCGCAGTGGTGAGGCAGTTGCTGGCGGACGGCTGGCAGGTGATCGGCATGAGCCGTTCGCTGCCGCCCTTCTCACAGCCGAACTTTCGCCATCTGATGGTCGACGTCAGCCAACGCAGCGCGCTGCTGGCGGCGCTGGAGCAGATTGAGCCCCCTCAGGCCATCATTCACGCCGCGGGTTCAATGGCGGCCGCCACCCTGGGTAATCTGGACCCTCAGCGCAGCGAGTCGTTGTGGCGTTTACACGTCGATGCTGCTCAGACATTGGTCAATCACTTCGCCCCGACCATGGGGCCAGGCGGGAGGATCGTTCTGCTGGGAAGCCGTACGTCACGAGGCG
NZ_CP073782.1_gap100	4285728	4287662	1934	TGGCCGGCCTACCGGAGAGCGTGCCCGGGAGCACCATCAACCGCCTGTGCGGTTCCAGCCTTGACGCGATCGGCGTTGCGGCGCGGGCGATTAAAAGCGGGGAGACGCAGCTGATGATCGCCGGCGGGGTGGAGAGCATGTCCCGCGCGCCGTTTGTGATGGGGAAAGCGGAGAGCGCCTTTAGCCGCAGCATGCAGATGGAGGATACCACCATCGGCTGGCGCTTTATTAACCCGCAGATGAAAGCCCTGTACGGCGTGCATTCCATGCCGGAGACGGCGGAAAACGTCGCCGATGAGTTTGCTATCTCCCGTGCCGATCAGGACGCGTTCGCCTTACGCAGTCAGTTGCGTACCGCCGCGGCGCAAGAGGCGGGGCGTTTCGCCGATGAGCTGATCGCCGTCCAGGTGCCGCAGCGCAAAGGCGAGCCGCTGCTGTTTAGCCGCGATGAGCACCCGCGCAGCACCTCGCTGGAGGCGCTGGCTAAACTGCGCGGCGTGGTGCGCGCCGACGGCAGCGTTACCGCCGGTAACGCCTCCGGGGTTAACGACGGTGCCTGCGCGCTGTTGCTGGCCAGCGAGACGGCGCTGTCGGCTAACGATCTTCAGCCGCTGGCCCGGGTGGTCGGCGCGGCGACGGCGGGCGTTGCGCCGCGGATCATGGGGTTTGGCCCGGCGCCGGCGGTGCGCAAGGTGCTGGCGCAGACCGGCCTGACATTAGGCCAGATGGATGTCATTGAGCTGAATGAAGCCTTCGCCGCGCAGGCGCTGGCGGTGACCCGTGATTTGGGCTTACCGGACGATGCCGCCCACGTGAACCCTAACGGCGGGGCGATTGCGCTGGGCCACCCGCTCGGCGCCTCCGGCGGCCGGCTGGCGATGACCGCGGCTTATCAGCTGAAACGGACCGGCGGTCGTTACGCCCTGTGCACCATGTGCATCGGCGTCGGACAGGGGATCGCCCTGATTATTGAACGTGTTTAAGGAGCCAGAATGAGTTTGTTGACCCCGATGCTGCGCAGCAGTCCGCTAACCGACTGGTTCAGCGACGCGCAGCAGGTGCAGGGCATGCTGGATTTTGAAGCGGCGCTGGCGCAAGCGCAGGCCGCCTGCGGGATGGTGCCGCCGGAAGCGGTCGGGCCAATTGTCGCGGCCTGCCGCCACGAGGCCATCGATTTTGCCGCGCTGGGCGAGGCAGCGGTGGGAGCCGGTAACCTGGCGATCCCGCTGGTGAAACAGCTGACGGCGCAGGTAAAAACGCGAAATCCTGAGGCTGCGCGCTACATTCATTGGGGCGCTACCAGCCAGGACGCCATCGACACCGGACTGGTGCTCCAGCTGCGCGGGGCGCTGGATGCCGCTGAGACCCTGCTTGAGCAACTATTGGCGACCCTGGCTCTTCAGGCGGATCGTTATCGCGATACCGTGATGCCAGGCCGGACCTGGATGCAGCACGCGCTGCCGGTGACCTTTGGCCTGAAGCTGGCGGGCACCCTCGACGCGCTCCTGCGCTGGCAGCAGCGGCTGCGCGAGATGCGTCCGCGGCTGCTGGCGCTGCAGTTCGGCGGCGCCGCAGGCACTCTGGACGCGCTAAAAGAGAAAGGGCCGGCGGTTGGCCTGGCGCTGGCGCAGATCCTCGGTCTGTCGCTGCCGGATACTCCGTGGCACAGCCAGCGCGATCGGTTGCTGGAGGCGGGCGCCTGGTTCGCCGGCGTCTGCGGCACGCTGGGGAAATTCGCTAACGACTTTTCCCTGCTGATGCAGACCGAAGTGGCTGAGGTGGGCGAGCCGGTGGCGGAAGGTCGCGGCGGTTCGTCGACGATGCCGCATAAGCGCAATCCGGTGGCCTGCGCGGCGATCCTGACCGCCGCCCAGCGTACGCCGGGGCTGATGGCGACGCTCTACGCCAGCCAACTCCAGCAGCATGAGCGGGCG
NZ_CP073782.1_gap101	4289853	4293119	3266	TTTCAGTCGCGCAAGTGGGTAAATGAGTGACAGGCCGCACGAACCCCTGGCCGGGTAAGGCGTAGCCGCCACCCGGCGGAAATGCCGCTACGTAAACCTTTATTTCTCAGGCTTCTGCGGCGCGACGGCCGGGGCGGCGTACCACGCTTCCTGCGGCACCACTACCGCCGCCTTTGGCTGCATCACAAAGTTCGGCGACATAATCTGCACACCGAATTCGTTAAACACATCAATAATGCTGCTATGCAATGCGTTGCGGCCATCCGGCAGCTTGGTTGTGGGGAGTAAGCGCACCTGCAGCTCATACGAGGTATACCAGTCGAGCAATCCCAGCTTACGCACCACCGGGGCAATTTGCTGATCGATCCCCGGGGTGCGTCTCGCCGCCAGCTCCAGCAGCGCATGGACCTGACGCCACGGCGTATCGTAGCCGATGGTGACGCTGGTGGTGAGGTTGACTCCACCGTCGGCGCTTTCGGCGCTGAGATTAATAATTTTCCCGCTCACCACCACCGCGTTCGGGACGGTAACGATGTAATTTTCGCGGGTGAGAATTTTGGTCGCCAGCACGCCAATCTCGCTGACCTGACCCTCATTATCGGCGAGGCGGATCCAGTCGCCTTTGCGCAGCGCCCGAGAGTAGATCAGCACCAGGCCGCTCATCGCATGGGTCATCACCCCGGTTGACCCGAGGGTGAGCATCAGGCCGAAGAACACGCTAATGCCTTTGAAGGCGAGGGAGTTGGCGCCGGGAAGGAACGGGTAGGCGGCGGAGAGGGCAAACAACCAGATGACCACCGAGATAAGCCGACGGGTGGCGCTAACGGTCTCCGGATGAATGCCGGGAACCTGAATGCGGCCGGCGGCGACCTGGTCGAGAACCACCTTCACCAGGCGAACGATAAGCCAGGTGAGAAGGAAAATAAGCACCACGATCATCAGCCCCGGCAGGGAGGCGACAATCGACAGAGAGAGGTGGCGGATCACCCCCAGCGACCAGTCGCCCAGCGATTCGCTCCACACCCGCGTCCAGGGAAACAGGCTGAAGGCCCAGCTCAGCCAGAGATAACAGGCCAGCATGCCGAGAAGGATGACCAGCACAGCATAGAGTCGAACTTCAATATTGCCGAGATAGCGCCGCCAGTGCTGCGGTATGGCGCTACGTTTTTCGAGGATCCGCAGCAGGAAAAAGCGTCGCACCCGCCGCCAGGCGCGGAAGGCGCCGTAGTAAAACAGCGCCAGCAGCAGCGCCCCGGCCAGGGCTTTACCGGCGGAGATGAACAGATAGCGGTTGTTGAACTGTTCCTGGAGGCTGGTGCGCTGGGCTTCCATACGCGCCAGCACCCGCTGGGCTGCCTGGTCGAGGGTTAAATCATCGCCCTCGTCGAGATCCGCCTGGCTCAGCAGCAGCACCGGTTTGCCGTTCATCAGAAACAGTCTGCCTGGCTGACCATAGCGGATAACCGGCACGACCCGCAGCGGCTGGCGAATATCATCTTCGGTGAAGGCGCGCAGGGCGCTGCGGGTGCGCAAAACGCGCTCTTCGGGCGTGGTCTGGCCAAAGGTGGCCTGCAACATGACGACAGGTTGGTGGAACATCGTGACCGTGCGTGCCTGCTCGCGCGCGGTTGGCTGCTGTCGCGGTTCGGCGGCCAGCGCCGGCTGGAGCACCAGCAGCGCCAGCGCCCAGAGGATAACGATGCTCATCCTGTTCATTGAGGCACCTGAGATAAGAATTATTGTTATTTTTCAGCAAAAAACGGAGGGCTTGTAGTTGAGCATAGCCTGGTGCGAAGTGAATTCAAGCTGGGTAAACGCGGACATAAAAAAGCCGTCGCCCAAACGGCGACGGCCTGATATCAGCGTCAGAGGATAGCGTTAGCCGTGCTGTTTACAGCCCGCGCACTGCTTATTCTGGATCTGCTGGAAGAAGTCGTTGCCTTTATCATCGACGAGGATAAACGCCGGAAAATCTTCCACTTCGATTTTCCAGATAGCTTCCATCCCCAGTTCCGGATAGGCCACGCACTCGAGGCTCTTGATACTCTGCTGGGCGAGCACTGCCGCCGGGCCGCCGATGCTTCCAAGGTAGAAGCCGCCGTGTTTATGGCAGGCATCGGTCACCTGCTGGCTGCGGTTGCCTTTCGCCAGCATCACCATGCTCGCGCCGTGCGACTGCAGCAGATCAACGTAAGAGTCCATGCGGCCGGCAGTGGTTGGGCCGAGGGAGCCGGAAGCGTAACCGGCTGGCGTTTTTGCCGGGCCCGCGTAGTAGATCGGGTGATCTTTGACGTACTGCGGCAGCGCCTCGCCGTTGTCGATAAGCTCCTTCAGCTTGGCGTGGGCGATGTCGCGGGCCACGATAATGGTGCCGTTAAGGCTCAGGCGGGTGGAGACCGGATGTGCCGACAGCTGCGCCAGGATCTCGCTCATCGGCTGATTCAGGTTGATGCTTACCACTTCGCCTTCGCCGGCCTGACGCAGATGTTCAGGAATATATTTTCCCGGATTGCTCTCCAGCTTCTCGATCCAGATACCGTCGCGGTTAATTTTGGCTTTGATATTGCGGTCGGCGGAGCAGGAGACGCCCATGCCGATCGGGCAGGAGGCGCCGTGGCGCGGCAGACGGATCACCCGGATATCGTGGGCGAAGTATTTCCCGCCGAACTGCGCGCCGAGGCCGAGGTTCCGCGCTTCCTGCAGCAACTCCTGCTCCAGCTGCACGTCGCGGAACGCCTGACCGTGTTCGTTACCTTCGGTCGGCAGACCGTCGTAATAGCGGGTCGAGGCCAGTTTGACGGTCTTCAGCGTCGCTTCCGCCGAGGTGCCGCCGATCACAAACGCGATGTGGTACGGCGGGCAGGCGGCGGTGCCTAGAGTGCGCATCTTCTCAACGAGGTAGTTTTTCAGCTTCGCCGGGGTGATCAGGGCCTTGGTTTCCTGGTACAGATAGGTTTTGTTGGCGGAACCGCCGCCTTTCGCCATGCACAGGAACTTATATTCTTCACCGTCGACGCTATAGAGATCGATCTGCGCCGGCAGGTTGGTGCCGGTGTTAACCTCTTTATACATATCCAGCGGCGCGTTCTGTGAGTAGCGCAGGTTATCTTCGGTATAGGTGTTGTAAACGCCCTGCGCCAGAGCGGCTTCATCGCCGCCGCCGGTCCAGACGCGCTGGCCTTTTTTCCCCAAGATAATCGCGGTGCCGGTATCCTGGCAGGTCGGCAGCACGCCCTTGGCGGCAATTTCCGAGTTGCGCAGGAACT
NZ_CP073782.1_gap102	4325491	4327467	1976	TGCCTGGAGACAATTGCCAGCGTAGAAAGCGTGCTGGAGCTGGCGCAGATGCGCATGGCGCAGTCGATGAGCTCGCTGCTGCACCAGCGTCCGCTGAGCGTGGAGTGGCTTTGTCAGGCGGCGCTGCAGGGCGATTTGTTAGCCCGGGACATCATCAGCGGCGTGGGTAATCACGTTGGGCGGATTCTGGCGATCATGGTCAATCTGTTTAATCCGCAGAAAATTCTGATTGGCTCGCCGTTCAATCTGGCGGCAGAAATTCTTTTTCCGGCAATTTCCAGCTGTATTCGGCAACAATCTCTCCCAGCCTATAGCCGGCATATTACCGTTGAAAGTACTCAGTTCTCCAACCGCGGAACGATGGCTGGCGCGGCGCTGGTTAAAGATGCGCTCTATAACGGATCCTTACTCATACGACTGTTACAGGGTTAACATTTTTTCATAGTCACACCAAAAATTGCGCTATCTCAAGCTGACCTCAGACGGCTTCACGTAGACTTTGCCCACCGTTGATTATTTCTCTCCCGTATATTTCATCGACAAAACTGTGGGGTTAGTGATGTTTAAGCGTTTCTTTATTACAGGTACAGACACCTCTGTCGGGAAGACAGTGGTTTCCCGTGCGCTGTTGCAGGCACTTGCTGCCAGAGGCAAAAGCGTGGCCGGGTATAAGCCTGTGGCGAAGGGCAGCAAAGAGACGCCGGACGGTTTACGTAACAAAGATGCGCTGGTGTTGCAGAGCGTCTCCACGCTGGCGTTACCTTATGAGGCTGTCAACCCCATCGCCTTAAGCGAAGACGAGAGCAGCGTGGCGCATAGCTGCCCGATCAACTACGGTCTGCTGTCCGATGGTTTGCAGCGTCTGGCCGCGCAGGTCGAACACGTGGTGGTTGAAGGCACCGGCGGCTGGCGCAGCCTGATGAACGACCTGCGGCCGCTCTCCGAGTGGGTGGTTCAGGAGCAGCTCCCAGTGCTGATGGTGGTGGGGATCCAGGAGGGGTGCATCAACCATGCGCTACTGACAGCCCAGGCGATCGCCAATGACGGTTTACCGCTGATTGGCTGGGTAGCCAATCGGATCAACCCCGGTCTGGCGCACTACGCCGAAATCATCGATGTCCTCAGCAAAAAGCTGCCGGCGCCGCTGATCGGCGAGCTGCCTTATCTACCGCGCGCCGAACAGCGTGAGCTGAGCCGCTACGTCGACTTAGACATGCTCGGCAACGTGATGGCGATAGATCGAATCCCGGCGTAACGTCCGCGACAGCACAGACGACACGACGCAGGTTATCAGCAGACCGGGCAGCAGCGTATACTGCCCGGTCATCTCGCAAATCATCAGGGTTGACATGATCGGCGCATGGGTCGTGGCGGCCAGAAACGCCGCCATGCCGGTCAGACCCATCATGATGGCCATTTCTTCACTTCCCGGCAGCCACAGCCTGCTGAAGCAGGCAAACAGCATGCCCATCGCCAGGCCGACAAACAGCGTTGGGGTAAAGACCCCGCCAGGCGCGCCGGAGCCGCTGCTGGCCAGCACCGCCAGCAGTTTGCAGATAAATACGCCCACCAGCAGCGCACCGGACGGCGGCAGCAGCAAATAGCTTTGCACTACGCTGTAGCCGTTGCCCCATACTGCCGGGGTGATGAGCGATAAGCCGCCGACAATTAGCCCGCCCAGCGCCAGCTGCCACGGCGGCGCCAGCTTCAGTTTAACGAACCCGCGGTGGCTGTAGTCCATCAGCCAGATAAACAGCGGCCCGCACAGCCCGGCCAGCAGGCCAGTCGCCAGCATTAAGCCATAGTGCAGGGCGCTGAGGTTCTGCTGTAACACGACGTGATACAGCGGCGCGGCGCCGCCATTAAGAAACTGCGTCAACAGCAGGGCGATCACCGCCGAGATCACCACCGGCCCAAGCGAGGCCAGCATCAGCGTGCCAAAGAGAATTTCAGCAATAAACAGGCTGCCGGCCAGC
NZ_CP073782.1_gap103	4367701	4370617	2916	GGGCTAAAAACATCAACGGCTCCCATCGGGAGCCGTCTTTTACCTACTACGTACTGCTACGTGCCAGGTTATGCCATCTCAGTTTGCAGACGCAACACCTGACGATTGACTTCGGACATCACTGACAGATGCAGCTTGTCCTTGACCTTCGGGATAAGGATTTTGCCCTTATCAAATTCAAATGCGCCAACGTCCTTGATGTACAACCGTCCACGAAACAGGATCTTCACGTACTTCGCCACTTGCAGCGGATTGTAGCGTTGGAAAATTTTCATTCTTCTCTCCTGCCAGGGTTACGCTCTTGTGGTGCCACAGTTAGCCCACGTCTTGGGAGCGCAAATTTTAATGCCCTAAAACTATAGTCCAGAATCTCAGAGGGACCCAGTATGTATAAGTTTATTTACCCTTTGATGACAATAATTCAGAATTTTCGTTTCAGACATACGATGAAGTAAGTATAAGTCGCCGTTTTACGACTAATTTGTGCGTCAACACGCAAACTGGCATCCTCATTGCGGGTAATCACCGTCAATCGCACTTATGATTAAACGAGACCAAGTGGTCGGATCACCTGCATAAAAATGATTAAGGATTGCGCATGACCCTACGTAGCATACTGGCCGCCTCGTTACTGCTTCTCCCGCTGCTGGCCACAGCGCATAACTTCGTCGACGGCCAGCGCGTGGCGCCCGTTGGCGTCGCGGATCGGGGAGAGCTTATTCTGGATAAGGATAAGTTTAGCTATAAAAACTGGAATAGCGCCCAGCTGGCGGGAAAAGTGCGCGTGGTCCAGCACATCGCCGGACGCTCGTCAGCAAAAGAGAAGAATGCCAACCTGATCGAGGCGATTAAAGCGGCGGGCTTCCCGCACGATCGCTATCAGACCACCACCATTGTAAACACTGACGACGCCATCCCGGGCACCGGGATGTTTGTACGCAACAGCATTGAAAGTAATAAAAAGCTCTTCCCATGGTCGCAATTTATCGTCGACAGCAACGGCCTGGTGCGGAAGGCCTGGCAGCTGGACGAGAAGAGCTCAGCGATCGTGGTGCTGGATAAGAACGGGCGTGTGCAGTGGGCTAAAGACGGCGCCCTCACCCAACAAGAGGTGCAGCAGGTGATCGACCTGCTGCATAAATTGCTTAATAAATAGAGACCCGGAAGCCGGGGTTAAGGAAGGATTCACGCGGCGTGTAGTCGAGGGTTTTCCCCTGCCAGTCGTGAACATGCGCCCCGGCGGCCACCGCGACCGCATGGCCGGCGGCAGTGTCCCAGGTGCTGGTCGGCCCGAAGCGCGGATAGAGCTGGGCCTGACCTTCCGCCACCAGGCAGAATTTCAGCGACGAACCGATTGAGGTGGTCTGGTGTTCGCCCAGTTGCTCAAGGTACTCCTGCAGCTCCGGATCGTTGCTGTGGGAGCGGCTAATCACCACCAGCGGCGGACGGGCATCGCGGACCTGGATCTGCTTGCGTACGCCGCACTCTTCTTTCCAGGCTTTGCCATTTTGCGCGCTGTACATCACCTTCATCACCGGCGCATAGACAACGCCCAGCGTCGGCTTGCCGTTTTCAATCAGCGCGATATTGACGGTGAATTCGCCGTTACGCTTAATAAACTCTTTGGTGCCGTCCAGCGGGTCGACCAGCCAGTAGCGCTGCCAGTGCTGGCGCACTTCCCAGGACGGCGGGTCCTCTTCGGAGAGGATCGGGGTATCCGGATCCAGCGCCTGCAGGCCGCTGACAATGACTTTATGCGCTGCGATATCCGCCGCCGTGACCGGAGAATCATCTTTCTTGCTGGCGACGTTGATCGGCTGGTTTCCATCGTAGACTTCCATGATGGCATCGCCCGCATTCCGTGCAAGCTGACATACTTGTTCTAACATTCTCCACCTCGTCTGGTTACAGTGGCGTTAACTCGTTGTTTTATTTATATCGCATCACCGCGAGTTCCGCTATCTGTGATAACGATGGCGGTTTCTCTGCCCGCTTTTCTGGCAAGATTCACATTTCTGTAAGCAACAGAATATAAATACATTTTCTTCTGTGCTATCGCTCATAAAAAAGGACGCCTCTGATGATTAAGTTTAGCGCAACGCTCCTGGCCACGCTGATCGCCGCCAGCGTCAACGCCGCGACGGTCGACCTGCGGATCATGGAAACCACCGATCTGCACAGCAATATGATGGACTTCGACTATTACAAAGATGCCGCCACGGAGAAATTCGGCCTGGTGCGTACCGCCACCCTGATCGAACAGGCGCGAGCAGAAGTTAAAAACAGCGTGCTGGTGGATAACGGGGATGTGATCCAGGGGAGCCCGTTAGGCGACTATATGGCGGCAAAAGGGCTCAAAGAGGGCGATGTACATCCGGTATATAAGGCGATGAACACCCTGAATTACGCCGTCGGCAACCTGGGCAACCATGAGTTCAATTACGGTCTCGACTTCCTGCACAAGGCGCTGGCCGGGGCGAAGTTCCCCTACGTGAACGCCAATATCATCGATGCCAAAACCGGAAAACCGATGTTTACGCCGTACCTGATCCAGGATACCCGGGTCGTGGACAGCGACGGTCAATCCCACACCCTGCGCATCGGCTATATCGGCTTTGTGCCGCCGCAGATCATGACCTGGGATAAAGCCAATCTTAACGGCAAGGTGACGGTCAATGACATTACCGAAACCGCGCGCAAATATATCCCGGAGATGCGGGCGAAAGGGGCTGATGTGGTGGTAGTGGTCGCTCACTCCGGCCTCTCCGCCGACCCGTATCAGGCGATGGCCGAGAATTCGGTTTACTACTTAAGCCAGGTGCCCGGCGTGGACGCCATTATGTTCGGCCATGCCCACGCGGTGTTCCCGGGTAAAGACTTCGCCAACATCAAAGGCGCGGATATCGCCAAAGGGAC
NZ_CP073782.1_gap104	4385722	4389183	3461	CGTCTTCTTCGGCGCGCAGCGCGCGGCCAGCAAAGAACATATAAGCGAGAGCAATCAGGATGATGACGGCCATAAACGCCAGCCCGATGGAGGCGAAGCCCTGCATCATCGGCGGCGCCAGAATCGACCAGTCCGCCATTCCCATCCAGGCGCTCATACCGGTGAGCTTCACCGCCCACACGCAACCGAAAATTTCAACCATGCCCATCACCAGGCAGATTTTGAGCGCCGCGCGCCAGCCGCCGAAGTGGTTGGCAAAGACACCAATCGTCGCGTTGGAGAAGAACATCGGGATAAAGCCCGGAATAATCAGAATTGAAGAGCCAATGCCAACCAGAATGCCGACGGCAATCAGCTGGCCGATGGTGCCCCACATAAAGCCCCACACCACCGCATTCGGCGCAAAGCTATAGATCGCGGCGCAGTCAATCGCCAGCACCGCGCCGGGGATCAGGCGTTGCGAGATACCGTTGAAGGCTTCGGACAGTTCGGCGACGAACATCCGCACGCCCTGGGTAATGATGAAAATGGCCACCGCGAAGGAGAAACCGGTCTGCAGGATATAGACCGTCCAGTGGGTTTTCCCCGCCATCGCCTGCACGACGTCAATACCAAAGGAAAGCAGGATCGCGCCAAAGAAAATGGTCATGACAATCGCGGTGGAAACGATGTTGTCGTGGAAGATATTGAGCCAGCCTGGCAGCTTGAGGTCTTCCACACTCTCCTCTTTTTTCCCCAGATACGGCGCCACTTTGTAGGCAATCCACGAGGCAAACTGCTGCTGGTGACCGATGGAGAAGCCGCAGCCGTCGGTGACCAGCTGAGTCGGCTTGAACATCATGTTGGAGGTGATACCCCAGTACAGGGAGACCAGCACGGCGGTACAGATGATGGTCGTCCACATTCCGTAACCAAAGATAAAGAACGAGACGGCGATCAGCCCCGCCTGCTGAAACATGATATGGCCAGTCAGCATGATGGTGCGGATGCCGGTTATCCGGCGCAGCAGGACGTAACAGATGTTGAGCGCCAGCGCCAGCAGCACCGCATAGCCCACCCAGCTATAGGCCTCGCCCATCCGGTCGATGGTCGCCATCATCGAGGCATAGGTGTCAGAGATCGCGCCGTTGATGCCGTACACCTCTGACATTTTCGCCACCACCGGTTTAAAAGTGCTGGTGAGGATGCCGGAGCCGGCCTGTAACAGCATGAAGCCGATAATGGTTTTGATCGTGCCTTTAATAATCACGCTGACGCTTTTGCGCAGCAGGATATAGCCCAGACAGGTGACGATACCCAGCAGCAGCGGGGCATTGGTCATCACCTGATTAAAGAAAACGGTAAAGATGTTGTAGAGGATTGCCATAACACACTCCCGATGGTGAAGGCGCTGAACGCGCCTTACGCTCAGCATTTCTCGCTGCCCACTCTAATAATCAAAAATAATCACAACAAGATTGAATTTGATTAAATGTGACGCGCGCCGCAATAATCCTCTATTTCATTGTGACTATTGCCGATCAGTAGCGCCGAAACATAATTAAACATTTTCAAATCATATAGATAAAACAAAGCACAACCTTTATGGATGCTGGACCCCCTGAGAGATGATGCGCATCTCTTCGTAAAATTGATGGAAAACAAGATTGCAATCTTGAAAATCCAGTGACAACATAAATCAAAACCAATCAAAATTTGATTACTATTGAAAATACGAGGAAGAGCACGATGAGTAAAGTACAGACCATCACCCGTGAATCATGGATCCTGAACACCTTTCCGGAATGGGGCTGCTGGCTGAATGAAGAGATTGAGCAGGAGCAGGTTGCGCCCGGCACCTTCGCCATGTGGTGGCTCGGCTGTACCGGTATCTGGTTAAAATCCGAAGGCGGGGCTAACGTCTGCGTCGATTTCTGGTGCGGCACTGGCAAACAGAGCCACGGCAATCCGCTGATGAAAACCGGCCACCAGATGCAGCGGATGGCAGGCGTGAAAAAATTACAGCCTAACCTGCGCACCACGCCGTTCGTGCTGGATCCGTTCGCCATTCGCCAGATTGACGCGGTCCTCGCGACCCACGATCACAACGATCATATTGACGTCAACGTCGCCGCCGCCGTCATGCAGAACTGCCCGGCCGATGTGCCGTTTATCGGCCCGAAAACCTGCGTCGACCTGTGGATCGGTTGGGGCGTGCCGAAAGCGCGCTGTATCGTCATGAAACCTGGCGATGTCGTGAAGATCAAAGACATTGAGATCCATGCGCTCGATGCGTTCGATCGCACCGCGCTGATCACCCTCCCGGCGGACCAAAAAGCCGCTGGCGTACTGCCGGACGGCATGGACCAGCGCGCGGTCAACTACCTGTTTAAAACACCGGGCGGCAACCTGTACCACAGCGGCGATTCCCACTACTCCAACTACTACGCGAAGCATGGCAACGAGCATCGGATTGACGTCGCCCTCGGCTCGTATGGCGAGAACCCGCGCGGGATCACCGACAAAATGACCAGCGCCGATATCCTGCGCATGGCAGAGTCGCTCAACGCCAAAGTTGTGATCCCGTTCCACCATGATATCTGGTCAAACTTTCAGGCCGATCCGCAGGAGATCCGCGTTCTGTGGGAGATGAAAAAGGATCGTCTGAAGTACGGCTTCAAGCCGTTTATCTGGCAGGTCGGCGGCAAATTTACCTGGCCGCTGGATAAAGACAATTTCGAATATCACTACCCGCGCGGTTTCGACGATTGCTTCACCATTGAGCCGGATCTGCCTTTCAAATCCTTCCTGTAAGTCGCCGCCGGCAGGCCCTGCCTGCCGGAAATACCCCGCCGCAGGGTTAGTATTTTCACATGATTTCAAATATCATCTTTGCCGTTCACTTTTAATCGGATTCGCTCATGACGGAAGCGCAAAGGCACCAAATTCTGCTGGATCTGCTCGCCCAAACGGGGTTTGTTACCGTGGAGCAGGTGATGTCGCGGCTCGGGATCTCACCCGCTACCGCCCGACGTGATATCAACAAGCTGGATGAAAGCGGCAAACTGAAAAAGGTTCGTAATGGCGCGGAAGCCATTAGCGAACAGCGCCCCCGCTGGACGCCGATGAACATCCACCAGGCGCAAAATCTGGATGAAAAAGTGCGTATTGCACGCGCCGCTTCGCAACTGATCGCGCCGGGTGAGAGCATCGTCATTAACTGCGGCTCCACCGCCTTTCTGTTGGGTCGGGAACTGTGCGGCAAACCGGTGCAGATCATCACCAACTATCTACCGCTGGCTAACTACCTGATCGACCAGGAGCATGACAGCGTGATTATCATGGGCGGCCAGTACAACCGCAGCCACGCCATCACCCTCAGCCCCCACGGTAGCGAGAACAGCCTCTATGCCGGACACTGGATGTTTACCAGCGGCAAAGGGCTCACCGCCGAAGGCCTCTACAAAACGGATATGTTGACC
NZ_CP073782.1_gap105	4436574	4440755	4181	AACGTTAAATACCCTGACAAATATTCAGTGGAAAACGACGTTATTCGATCATCTGACAAGTTTGCCATTATCCTTTTTTGAGAAAAGGCATTTAGGTGATATTCAGTCTCGCTTCTCGTCTTTGGATACGATTCGCTCAATATTTACCAATAGTATCGTTACCGGCATCATCGACTCGATAATGACAATCGGTTTATTGGTGATGCTGACCTTATATGGTGGTTGGTTAGTCTGGGTCGTCATCGGCTTTACCATTTGCTATGCGATTATGCGCTTTGCTACCTATAGCTTTTATCGTCGCGTAACGGAAGAACAGGTCGTCAAAGGCGCACGTGCTAACTCCCACTTTATGGAGTCACTTTATGGCATTTCTACGATCAAAGCACTGAATTTAAAAGAACGTCGCTCACAGCATTGGCTGAATCTTAACGTTGACGCCAGCAATGCAGGTATAAAGCAAACTCGATTCGATATGATGTTTGGTGGCATTAATACCTTTATCACCTCAATCGATCAGGTAGTGGTACTGTGGTTGGGTGCCATTATGGTAATTGATAATGAGATGACGCTCGGTATGTTTATGGCATTTAACGCCTATCGGGGTCAGTTTTCTCAACGTGCATCGAATCTCATTGATTTGGTGATGCAACTTCGTATGCTCTCACTGCACAACGAACGTCTATCAGAAATAGCATTTAGTGAACCAGAAAAAGAACTTCCATCGCGGCGTGTTTTTACGGAAAACACTGGCGTAAAACTTGAAGTGAGAAATCTTAGTTATCAATACGATCCTTTTTCACAACCCATCTTTACAAATTTGAACATAACCGTTGCTCCTGGAGAATCAGTTGCGTTAATTGGCCCATCTGGCGTAGGGAAAACCACACTATTAAAAGTTATGTGCGGACTGCTCTCGCCGGATTCCGGCGAAATACTGGCGGATAATCTGGAGATTAAAAAGATTGGTTTGAATAACTATCGTCTTGGTATCGCCTGCGTACTCCAGGAAGACCGTCTCTTTTCCGGCTCCCTTATTGATAATATAAGTGGCTTCGATGATAGCGCCGATCTTGATTTTGTGATGGAGTGTGCCAGACGGTGCAACATTCATGATGAAATTATGAAGATGGCTATGGGATACGAAACCATTGTCGGCGAACTTGGGCTGGGTATTTCAGGTGGGCAAAAGCAGCGTATCCTGATCGCCCGCGCACTGTATCGCAAACCGAGTATTTTATTCATGGATGAGGCTACCAGCCATCTTGACCTCAGAAATGAGTCGGTTATCAATCAGTCTATTTCAGCGCTAAGTATCACCCGCATTATCGTCGCGCATCGACCATCGACCATTGCATCCGCCGATCGTGTTATCGATCTCTCACAATCGAAGTCGGTGACTACTGCTTAATAAAGGAGAAGAATATGCAAGGAACGTTTATAGGTTTTAATACCGCAGGAATTACCTTTGAAGAGCGATTTTTAGCGTTGCTGCTGAAAGTTAAGAAGGAAAATGGCTTTTGCGAGATTTACTATCTTCAGGCACCGGTGCTAGCTGATCTGCTCCTGATACTGCAGAGCAGAATGGCTGTGATTTTCCAGCGGCTTGAAAACCAGGGAGAGGCCTATAAAGATGAGCTTATCACGTATAATGAGGCACTTGTTGCCAATATTCCTCAGGTTGAGACGGCTGAAATACAGCAACCATCCCCTGAGCGGCGAATCATGTCCATTACGCTCAAACCTGGCGAAACACAGTCAACGTTAATTCTTGTATTTCAGGATGAACAAATTAGTACTTTATGTATTGACGATCTGCAAATCGAAGCATTAATTATCGGTATTCAACAAGCATTAAAAACAGTCGGCGACCAGGAACTGGTTCAGTATTTAAGTTCAAATATGGATTTTTTAATGTGCTATACCGTCGACTTAACCACTCAGCCCAATATCGATTACCAGCAGTATCCCCAGGAAGACTGGAAGCTAAACCTGTTTTCCCATTATCTGGGCGTGCTGTACTGCTGCGAGACAGACGAAGGCAAGAAAATTGTCTCCGGAGCGGTGGTCAAAACCAGCGCGCCGCATTTATCAGAACTGGAAAATAACGTTGTGACGCGGATTATCGAGAAAAGCCCCAAGCTCAAGGCGATGCACGCGGAGCTGGCGCCATGCCAGATCTTCAGTACTGTCATCCCTTCCCAGCCGGGAAGAATGCTCAGTCTGGAAGAGTGCCTGCGTCCTCTGCACGCCTTCTATCTGGAGAAGAAAGCGGAGCTTAACGCCTGATCCTCATCTAACGACCACGCCTCTCTCTGCGCTCGCAGAGAGAGGCGTCACGCATCAGTTCGGGCACTTATAAACCTGGCCGTTCATTTCGCTGTCGGTAGGTACAAAGCTCGACAACAGGTTTTGTGTCGGGCTGCTGACGCCGTAAATCACGTTGCCACCCATTGCTGCTGCCTGGTTACGCAAGGCGTTCGCCGCACCGCGCATGGAACCGCCCTCATCGCCATTCTGGCCGGAGAGCCAGTTGCTCTGTTTACCCGTCGCGGTCCCTAACAGCTGACATTCTGCGCCCGGCTTCTCCTGCACGAAACGCACATTCTGGCCGGCAGAGGTTAATTCATTGCTGGAACTGCAACCTGCCAACAGTAAGGCTGCGCCGACAATCCCTGCTAAATATTTTACCTGCATGTTATTCCCCATGATCGATGAGCTGGACGCACTGGCCCGGATGTAAATCTGTCATCCTTCAAACTGCGTCGGCATGAGCCGCGTTCATTCCCTCCCCGGCTGCGCTTACCAGGTCGCTACCGAAACGGAGGTGCTTGCCGCTCTGATGCAGCTTAAATGATTTTTATGTATAAGCCTTATACTAAAAAGCGCGCCAAAAGAAAAACCCCCAGCCATTGCTGGCCAGGGGTTTCTGCTTTTTTATGCCGTAGAGCGCACGATTACATCATGCCGCCCATACCGCCCATGCCGCCCATGCCGCCAGCAGCACCTAAGTCAGGCGCGTCGCCTTTCGGCAGGTCGGTCACCATGCACTCGGTGGTAATCATCAGGCCAGCCACGGAAGCCGCGTACTGCAGTGCAGAACGGGTGACTTTGGTTGGGTCCAGGATACCGAAGTCGATCATGTTGCCGTATTCTTCAGTTGCTGCGTTGTAACCGTAGTTACCGTCGCCTGCTTTCACGTTGTTTGCCACAACAGACGGCTCTTCACCGGCGTTGGAAACGATCTGACGCAGCGGCGCTTCCATTGCGCGCAGCGCAACTTTGATACCGACGTTCTGATCTTCGTTCTGACCGGTCAGGCCAGCGAGTTTCGCCGCAACGCGAACCAGCGCTACGCCGCCGCCAGCCACCACGCCTTCTTCAACCGCAGCACGGGTTGCGTGCAGGGCGTCGTCGACGCGTGCTTTTTTCTCTTTCATTTCAACTTCGGTAGCCGCACCGACTTTGATTACTGCCACGCCGCCAGCCAGTTTAGCGACACGTTCCTGCAGTTTTTCACGATCGTAGTCGGAGGTCGCTTCTTCGATCTGCTTACGGATCTGAGCTACGCGGCCCTGGATTGCGGATTCTTCGCCAACGCCATCGATGATGGTGGTGGTGTCTTTGTTGATAACCACGCGTTTCGCCTGGCCCAGGTCTTCCAGAGTCGCTTTTTCCAGCTCCATACCGATCTCTTCAGAGATAACGGTACCGCCAGTCAGAGTAGCGATGTCCTGCAGCATAGCTTTACGACGGTCGCCGAAGCCCGGTGCTTTCACCGCAGCCACTTTAACGATGCCGCGCATGGTGTTAACCACCAGGGTCGCCAGCGCTTCGCCTTCAACGTCTTCAGCGATGATGACCAGCGGTTTGCCAGCTTTCGCTACGGCTTCCAGAACCGGCAGCATTTCGCGGATGTTGGAGATTTTTTTGTCAGCCAGCAGGATGAACGGGCTTTCCAGCTCAACGGCACCGGTGTCCGGCTTGTTGATGAAGTACGGAGACAGGTAGCCGCGGTCGAACTGCATACCTTCAACTACGTCCAGTTCGTCTTCCAGACCGGTACCGTCTTCAACGGTGATCACGCCTTCTTTACCAACTTTATCCATCGCTTCCGCGATCAGTTTACCGACGGTTTCGTCGGAGTTAGCGGAGATGGTACCTACCTGAGCGATAGCTTTGGA
NZ_CP073782.1_gap106	4443621	4445343	1722	AAAGGCTTATTTTTCTCAGGAATAAGAAAGCGGTGACCCATTTCACAGATTAATAAATCTTCTCATACCCGCAATGTAATAAGTGATCAAGCTTACTGATATTCGCTATCATCAGCATATGATCTTGGGCACCGGGCCGGTTAAGGAAATAATCGTCGGCCAGAAAATATACTGAATACTGGATATTCTGTGTGTTTGGTGAATTCATTGGCAGCTTGAAAAGAAGGTTCACATGTTAAACAACATTCGTATCGAAGAAGATCTGTTGGGCACCAGGGAAGTTCCCGCGGACGCTTACTACGGCGTTCATACTCTGCGAGCGATTGAAAACTTCTACATTAGCAACAGCAAAATCAGCGACATACCAGAATTCGTGCGCGGCATGGTCATGGTGAAGAAAGCCGCCGCGCTGGCGAACAAGGAGCTGCAGACCATTCCCAAAAGCGCGGCAAATGCGATTATCGCCGCCTGTGACGAAGTCCTGAATAACGGCAAATGCATGGACCAGTTCCCGGTCGATGTCTTCCAGGGCGGGGCCGGTACCTCCGTAAACATGAACACCAACGAAGTCCTGGCGAACATTGGCCTTGAGCTGATGGGCCACCAAAAAGGCGAATACCAGTACCTGAACCCAAACGATCACGTCAACAAATGCCAGTCCACCAACGATGCTTACCCCACCGGGTTCCGCATTGCGGTGTATGCCTCCATCCTTAAGTTAATCGATGCGATTAAACAGCTGGGCGAAGGCTTCCAGGCGAAAGCCGTGGAGTTCCAGGACATCCTCAAAATGGGCCGCACCCAGCTGCAGGACGCGGTGCCGATGACCCTCGGCCAGGAGTTCCATGCCTTCAATGTGCTGCTTAATGAAGAGACCAAAAGCATTCTGCGCACTGCGGAGCTGCTGCTGGAGGTGAACCTCGGCGCCACCGCCATTGGTACTCGCCTCAACACCCCGGACGGCTATCAACAGCTGGCGGTGCAGAAGCTGGCTGAAGTAAGCAACTTACCGGTCGTCCCGGCGGAAGATCTGATTGAAGCCACTTCGGACTGCGGGGCGTACGTTATGGTTCACAGTTCGCTGAAACGCCTGGCGGTGAAACTGTCCAAGATCTGTAACGACCTGCGCCTGCTCTCTTCCGGTCCGCGCGCGGGCCTCAACGAAATCAACCTGCCTGAGCTGCAGGCTGGCTCTTCAATCATGCCGGCGAAGGTTAACCCGGTGGTGCCGGAGGTGGTCAACCAGGTCTGCTTCAAAGTTATCGGCAACGATACCACTGTGACCATGGCCTCCGAAGCCGGTCAGCTGCAGTTGAACGTGATGGAGCCGGTGATCGGCCAGGCGATGTTCGAGTCGATTCATATCCTGACCAACGCCTGCTACAACCTGCTGGAGAAATGCGTTAACGGCATCACCGCCAATAAAGCGGTATGTGAAGGCTACGTCTACAACTCCATCGGCATCGTCACCTACCTCAACCCGTTTATTGGCCACCACAATGGCGATATCGTCGGCAAGATCTGTGCCGAAACCGGCAAGAGCGTACGGGAAGTGGTGCTGGAGCGCGGACTGCTGACGGCGGCGGAGTTGGATGATATCTTCTCTGCGCAAAACCTGATGCATCCCGCTTATAAAGCAAAGCGTTATACCGATGAAAGCGAACAGTAATCTTTCAGGTTAGTCATTCAAAGGCATGTCAGCGATGACATGCCTTTTTTGCT
NZ_CP073782.1_gap107	4499500	4500915	1415	TTTTCGACGCTTTTTCGCCGGGAGTTCGACTGGTCGCCGCGCGATATCCGCCAGGGGCGCGACGCCATTCTTCAGTAACGCGAGAAGAGTCAACGTATTGCAGACTAAAAACGCGAATAATGCGCCGTTATCCGCGTTTGGAGTGTGAGCCGTGGCCGGTCTGATTTTACGTAAAGAGGAGTTTTTCCCTTCCGCCACACAGGCAGTGGCGGTGGCAGACCGCTACCCGCAAAATGTCTTTGCCGAACATACCCATGAGTTCTGCGAGCTGGTGCTGGTGTGGCGAGGCAACGGGCTGCACGTCCTTAACGATCGCCCCTGGCGCATTACCCGCGGCGATCTGTTCTACATTCGCGCCGAAGATAAACACTCCTATGCTTCCGTTAACGATCTGGTTCTGCAGAACATCATCTATTGCCCGGAGCGGCTGCAGCTCAATTTTGACTGGGCCGGGGCGATCCCTGGCCTATTCGGCACGCCGTGGAAGCCCCACTGGCGCATGGGCAGCACCGGTATGGCGCAGGCGCGCCAGGTGATTAGCCAGCTTGAGCATGAGTGCGCCCGGCGCGACGCGCAGGGAAATGCGATGGCCGAACTGCTTTTTGCCCAGCTGGCGCTGACGTTGCAGCGCCATCGCTACGCGACGGATGATCCCGCGGCGACGCAGCGCGAAGCGCTGCTGGACAAACTGCTGGCCGCGCTGGCGGCCAGCCTTAGCCGCCCCTTTGTTCTGGAGCGTTTCTGCGAGCAGGAGGGCGGCAGCGAGCGGGCGCTTCGCCAGCAGTTTCGCCAGCAAACCGGGATGACCATCAATCACTATTTACGCCAGCTGCGGATCTGCCATGCGCAGTATCTGCTGCAGCATACCGAGCGCTTAATCGGCGATATCGCCATGCAGTGCGGCTTTGAGGACAGTAACTACTTTTCGGTGGTTTTTAGCCGGGAAATCGGCATGTCGCCGGGGCAGTGGCGGCAGCGCAGTCGCGCCGCCGCCTGAAGAGCGTCGTTGTCAGGCAGATGATCCGGTGATTAACTGGCCATTCCCAGACCGACGATATTGGCGGCGATGATAATCACCACGCAGCCGAGGCTCAGGACGCTCACCGGACGACGGCCGGCATTGTTCCACTCCTTCAGCACCAGACCCACCACACCGCCGCACAGCACGTAGAAACTCATGTGCAGCATCCAGCTCATATAATCATACTGCGCCGGAATGCTGGCGTGGCCCCAGGCATAGAAGAAGAACTGGAGATACCACATCAGACCGCCGAGGGCAGAGAGCAGAAGGTTGCTGATGATAAGCGGTTTGGCCAGCGAGAAATCGGCTTTGACTGACAGGTTCTTCACTTTCGCCAGACGAATAAAGCAGAAGCCAAGGTTAACCAGCGCCCCGCCGCCCATAATCACCACGT
NZ_CP073782.1_gap108	4583917	4587438	3521	ATAATGGTCACTCCCTGCGTACGCGCCTGCAAAGTAGCGCTTTGCAACACAGGGTTGGCCTCGGCAGTGGCCAGCACCAGCAGCAGATGATCGTCATTGAGGGTGCTGGCGGTCAGCCGCATCAGCGCCGCATCCTGACAGAGATTAATCGCGATGCCGGAGGGCAGTAGCTGATGCTGGAGCAGCGCGGCCAGCGTCACGTCCTGGGCGCCAAGGGCGAAGCAGTGTACCGCACGGGCGCTCAGCAGGCGCGATTTACACTTTTCCACCGCCGCTTCCGCGGTATGGCCGAGCTGACGAGTTAGGGTAACGCCAAGGCTGCTAAGTTTGTCGCGCCAGGCGACGGGCAGGGCGGCGCTGTCCGGCGTAAGCCAGCTGGCGCGCCGTTCGCTGGCCTGCGCCAGCTGTTTACGCAGATCACGAATATCATCGCAGCCCACCGAGCGGGCGAAGCGGGTAATGGTGGCAGGGCTGACCCCCGCGCTGGCTGCCAGCTCGTCAATAGAGGCGCTGGCGGTAAAGCTTAGATTTTGTAGAATAAAGGTGGCGACGCGCGACTCCTGGGCACTAAAGCGGCGCATTCCTTCCTGCAGCTGACCTACGATATCCATCCTCATGTTCCCTTTGGCAAAACCCGCATTTGAAAATATTTTTCAATTATCGACTGTCTCTCTTTATAGCACTCACGCCGCATATTTCCTATGGTCAGAGCAGTAAAGAGTGAAACCCTGGCGATAAAAATGCGCAAAAATTGAGCCTCGATCACATCGGTGAAAATTATTTTCATATAGCCTTCACTATCACACAATATTAACAATATAGTCGTCCAGGCCCTGAGGGCTGAAGCGATAACACGTAAAGGGGAAGCGCAATGCCACGAATCGTACTCTGTTGTGCCGCAGGCATGTCGACCAGCATGCTGGTGAACAAAATGAAAGCAGAAGCCCAGCAGCGTGCGCTGGCGCTGGAAATCTATGCGGTGGCGGTGGCGGAATTTGAACGCGAATTGCCAAACGCCGACGTCATCCTGCTCGGGCCGCAGGTTAAATATGAAGCCGGACGGCTAACCGCGCTGGCCGCGCCGCAGGGCAAGGCGGTGGCGGTGATCGATATGGCTGACTACGGCATGATGCGCGGCGCTGCGGTGTTGGATAAAGCGCTAGCCCTGCTCGAACACTAATTTTCTCATCCCGTTTTTCATCATCATCACGTGCGGTTCTGGCGATCGCGCGCGGCGTTCTGTATGCCGAAAATCCGAAAAGAGGACACTATGCAAGCACTGAAAATTGCCGTTATCGGCGGCGGCAGCAGCTACACGCCGGAGCTTATTGAAGGGATTATCGTTCGTTACGAGCAGCTTCCGGTTACAGAGCTGGCGCTGGTAGATGTCGAATCCGGCCGGGACAAGGTGGAGATCATCGCCGCGCTGACCCGGCGGATGCTGAAACATAAAGGGCTGGAGCAGGTGGCGGTCAGCGTCCACTTTACGCTCGATGAGGCCATCCGCGGCGCCAGCTTTGTGCTGACCCAGCTGCGTGTCGGACAGCTGGCGGCGCGCGCCGCCGATGAGCGGCTGGGTCTCAAGTACCACCTGCTGGGCCAGGAGACCACCGGCGTCGGCGGTTTTGCCAAGGCGCTGCGGACGATCCCGGTGATCCTTGAGGTGGCGCGCAAAGTGGAACAGCTGGCGCCGGAAGCGTTCATTCTCAACTTTACTAATCCGGCGGGGATCGTCACCGAGGCGGTCAGCCGCTACAGCACGGCGAAGATCATCGGCCTGTGCAACGTGCCGATCAACATGCAGCACATGATCGTCGGGATGCTGGGCGCCCAGGAGTCCGAAGTAAAACTGCGCTTTGCCGGGCTCAACCATATGGTTTGGGTGCATAAGGTGCTACAGGGGCGCGAGGATGTCACCGGCAAGGTGATCGACATGCTGTGCGACGGTAAGGCGCTGTCGATGAACAACATTAAAGAGCTGCCGTGGCCGGCGGAATTCCTGCGCGCGCTGAAGGCGATTCCGTGCCCCTATCATCGCTATTTTTGGCTGACGCCGGCGATGCTGGCGGAAGAGATCGCCGCGGCGAAAACCAAGGGCACCCGCGCCGAACAGGTGATGAAAGTCGAGCAGGAGCTGTTTGCGCTGTACGCCGACCCGCAGCTGGAAGAAAAACCGGAGCAACTGAGCTTTCGCGGCGGCGCCTACTACTCGGAGGTGGCCGTCGAGCTTATCAACGCGATCTACAACAACCTGGGCGCGGAGATGGTGGTGAATACCCGCAACAACGGCGCGATTCATGGTCTGGATGATGATGCGGTGGTGGAAACCAACAGCATTATTGATGCGCAAGGGGCGCGGCCGCTGGCGTTCGGCCCGCTGCCGCCGGCGATGAACGGCCTGACCCAGCAGGTGAAAGCCTTCGAGCGGTTGACGATTGAAGCCGCGGTACACGGCTGTCGCGAAAGCGCACTGCTGGCGCTGGTGACCAACCCGCTGGTCGGTAACGTCACCGATGCCCAGGCGCTGCTGGATGAAGTATTAACCATCAACCGTCAATGGCTGACGCAATTTAACTGACCGCTATTTCCCCTTGGGAGCACACCATGTCGAATACAAGCTGGATTGAACGTTACGTCATGCCGGCGGCGCTGAGAATCGCCGGGCAAAAGCACGTCCTGTCGGTGCGCGACGGCATCATTCTCAATATGCCGTTTATGTTGATTGGCTCATTCTTCCTGATTTTCGCCTACCTGCCGATCCCCGGCTATGCCGATATGATGAGCAGCCTGTTTGGCGAGGTCTGGCGCGATAAAATGTTGTACCCGGTGAAAGCGACCTACGACATCATGGCGCTGATTTCCAGCTTCGGCATCGCCTACCGGCTGGCGGAGAAGTATCGCACTCTCGATCCGCTGAGCGCTGGAGCGATGTCGCTGGTGGCCTTCATGATGACGATCCCGCAGAACACGCTGTTTACGCCGGTACACGGCGCGGCGGAGGTGATTAAAGGGGTGATCCCGGTGAGCATGGTCGGCAGCCAGGGGCTGTTTGTCGCCATTGTCATTTCGCTGCTGTCGACGGAGATTTATCGTTTGGTCGCCAGCCGCAATCTCGTTATCCGCATGCCGGACGGCGTGCCGCCGGCAGTGGCGAAATCATTCCTCGCCCTGATCCCCGGCTTCTGCGTGCTGGCGGTGGTGCTGGCGCTGCGCCTGGCGGTCGAGGCCTCGCCGTTCGGCGACATCAACAGTATGATCGCCACCCTGATTGGTATTCCGATGCACCACGTCGGCGGTACGCTGCCGGGCATGATTATTTCAGTCATTTTGATTGGTATTTTGTGGACCCTGGGCCTGCACGGCGACGCGATTGTGCTGGTGTTTATCCAGCCGGTATGGCTGTCGAATATGTCCGAGAACCTGACGGCCTTCCAGAACGGTCAGCCGATCCCGCATATCATTACTCAGCAGTTTTACGATCTGTGGATTGCCCCCGGAGGTACCGGCGCGCTGCTGGGGCT
NZ_CP073782.1_gap109	4704641	4707004	2363	CGCGTGAACTGGCGGTACAGATCCACGCCGACGCTGAGCCACTGGCGCAGGCCACCGGTCTGAAGCTGGGTCTGGCTTACGGCGGCGACGGCTACGATAAGCAGTTGAAAGTGCTGGAAAGCGGCGTCGATATTCTGATCGGTACCACTGGTCGTCTGATCGATTACGCGAAGCAGAACCACATTAACCTCGGCGCCATTCAGGTTGTCGTGCTGGACGAAGCCGATCGCATGTACGATCTCGGCTTTATTAAAGATATCCGCTGGCTGTTCCGCCGCATGCCGCCGGCCACTCAGCGCCTGAACATGCTGTTCTCCGCGACCCTTTCTTATCGCGTCCGCGAACTGGCGTTCGAACAAATGAATAACGCCGAGTACGTTGAAGTCGAGCCGGAACAGAAAACGGGCCACCGTATTAAAGAAGAGCTCTTCTACCCGTCCAACGAAGAAAAAATGCGCCTGCTGCAGACGCTGCTGGAAGAAGAGTGGCCCGATCGCGCCATCGTCTTCGCCAATACCAAGCACCGTTGTGAAGATATCTGGGGGCATCTCGCCGCCGACGGCCATCGCGTAGGTCTGCTGACCGGCGACGTGGCGCAGAAAAAACGTCTGCGTATTCTCGAAGAATTTACCCGCGGCGACCTCGATATCCTGGTCGCGACCGATGTTGCCGCTCGTGGTTTGCACATTCCGGCCGTGACCCACGTCTTTAACTACGATCTGCCGGACGACTGCGAAGATTACGTTCACCGCATCGGCCGTACCGGTCGCGCTGGCGCCAGCGGTCACTCCATTAGCCTCGCCTGCGAAGAGTATGCGCTGAATCTGCCGGCGATCGAAACCTATATTGGTCACTCAATTCCGGTCAGTAAGTACAACCCGGACGCGCTGATGACCGACCTGCCTAAACCGCTGCGTCTGACCCGTGCGCGCCCAGGCAACGGCCCGCGCCGTAACGGTCCACCGCGCAATCGTCGTCGTTCAGGTTAAGAGATCTATGCCATACGCTCAGTCATTCAGAATCTGCCAGGGCGACCTTCCTCTGGCGACCCGCTCAGTGATGTGGATCGGGCCTAAGCGCCCCGCCGACCAGGGAGCCTTCTGAACGATGAAGAGTATGAGCTCCACCTCGCTATATGCCGCCATTGATTTGGGCTCCAATAGTTTCCATATGTTGGTGGTGCGCGAGGTGGCGGGCAGCATCCAGACGCTGAGCCGCATTAAGCGTAAGGTTCGACTGGCCGCCGGCCTGAATAGCGACAACACCCTCTCCGCAGAAGCGATGGAACGGGGCTGGCAGTGCTTACGCCTGTTTGCCGAGCGCCTGCAGGATATTCCGCCGACGCAAATCCGCGTCGTGGCCACCGCCACGCTGCGTCTTGCCGTCAATGCGGGGGAGTTTCTGGCGAAAGCGCAGGAGATCCTCGGCACTCCAGTGCAAGTGATCAGCGGCGAAGAAGAAGCGCGCCTGATTTACCAGGGTGTCGCCCACACCACCGGCGGCGCCGATCAGCGCCTGGTGGTCGATATCGGCGGCGCCAGCACCGAGCTGGTGACCGGGACCGGCGCACAAACAACCTCGCTGTTTAGCCTGTCGATGGGCTGTGTCACCTGGCTTGAACGCTATTTTGCCGACCGTAGTCTGACGAAAGAGAATTTCGATCTCGCCGAAGCGGCTGCGCGCGAGGTACTACTGCCCGTCGCCGATGTGCTGCGCTATCACGGATGGAAAGTGTGCGTTGGCGCCTCCGGCACCGTTCAGGCTCTGCAGGAAATTATGATGGCGCAGGGGATGGATGAACGAATCACCCTCGCCAAACTCCAGCAGCTTAAACAGCGCGCTATCCAGTGCGGACGTCTGGAAGAGCTGGAGATCGAAGGCTTAACCCTTGAGCGGGCGCTGGTGTTTCCTAGCGGGCTGGCGATCCTGATCGCTATCTTCAGCGAACTGAATATTCAGTGTATGACCCTCGCGGGCGGCGCGTTACGCGAAGGCCTGGTGTACGGCATGCTGCATCTCTCCGTTGAGCAGGACATCCGCAGCCGCACGCTGCGTAATATTCAGCGTCGTTTTATGATCGACACCGAACAGGCCCAGCGCGTCGGCGGCCTTGCCAGTCATCTGCTCAGTCAGTTGGATGGCAGCTGGGAGCTGGATCCGCTAAGCCGTGATTTACTCCTTAGCGCCTGTGCGCTGCATGAGATTGGGCTGAGCGTGGATTTTAAGCGCGCGCCGCAGCACGCCGCCTATCTGGTCAATAACCTCGACCTGCCGGGGTTTACCCCGGCGCAGAAGAAGCTGATTGCCACGCTGCTCCTTAACCAGACTAACGCTATCGACCTCTCTTCGCTTCATCAACAGAA
NZ_CP073782.1_gap110	4720662	4722923	2261	CGGCGGCCGGCAGGCCAAAGCCCATGGTGCCTAAGCCACTGGAGGTGATAAAGTTTTCCGGGCGGGTATAGCTCATATGCTGAGCCGACCACATTTGGTGCTGGCCAACGTCGGTGGTCACCACGCTGTCCGCCGGCTTGCGGTCGGAAAGCTGCTTCAGCAGCAGCGGCGCGTAGATTGCCTCACCGGGATGATCGTAACGCCAGGCATGCTCGGCACGCAGTGCGGCACTCCGCTCGCGCCAGCCATCGATAGCTAACGGCTGCTGCAGCGCCGGCAGCAGGCAGTTCAGATCGCCTGTCAAACCGATATGCGCCTGACGCAGCTTGTTCAGCTCCGCCGGATCGATGTCCATGTGGATCACTTTGGCATGCGGTGCGAAGGTATTGAGCTTACCGGTTACGCGATCGTCAAAGCGCGCGCCGACGGCGATCAGCAGATCGCACTCCTGTACCGCCAGGTTGGCCGCCTTAGTGCCGTGCATTCCCAGCATGCCGAGATAATAGGGATAATCAGCATCCACCACGCCCAGCCCTTTCAGGGTGCAGGTTGCCGGCATCCTGGTCACCGCCAGGAATTCGCGCAAAGCCGGTACCGCCTGCGCCATGCCGACCCCGCCGCCAACATACAGCATCGGTTGCTGCGATTGGGCCAGCATCTGCAGAGCCTGCGCCACTTCCGCCTGCGGAAATGCCATCTCATCGGCGACGGTAGAGAAATGGGGATCGAGGTCGCCCTGCGCCATCTGAATATCCTTAGGGATATCAACCAGCACCGGACCTGGACGGCCTGAGTTTGCCACCTGGAAAGCCTCAGCAATAACCCGCGGCAGTTCGTCCAGAGACTGCACAAGGAAACTGTGCTTAGTACAGGCCAGTGACAAACCGAGAACGTCTACTTCCTGGAACGCATCCGTGCCGATGAAGGGTGCGGCCACCTGGCCGGTGATAGCTACGATGGGAATAGAGTCAAGCAGGGCGTCCGCCAGGCCGGTGATCAGATTGGTCGCGCCCGGGCCGGACGTCGCGATACACACCCCGGTTTTACCGGTTGCTCGCGCATAACCAATGGCCGCCATGGCTGCCCCTTGCTCATGCCGGCACAGCAGGTGCTCCACGCCGCCGTCATACAGTGCATCGTAAACCGGCATAATTGCGCCACCCGGATAGCCAAAAACTGTGTCGACTCCCTGTGTCCGCAAAGCATGTACCACCCACTGCGCGCCATTCATAGTTAGTTCCCCGTCATAAATCGGGAGAAACAGAATTTTATGCTAAAAGTCATCATCTGCTCCTCGCTTAGGTTATTTCAGTTATAAAAAAACCCCCGGACCTTTCGGTGCGGGGGTCTTAGTTCGTTAAGGCTTGATTTCTAAGCCTTTCCTCGTCCAAGTGCAGCCCCGCACGGTGGGATAATAATCACCACCACGCTAATCACGACCAGGCTAATCACTCGTAGAAGGGCTGTCATTTTCTATACTTTCTGGCTTCTTGTTCGAAGGAATACCTAAAGAGTTACCACAGACATCACATAAAGCACAAGATTTTTTTATATCTTCGTTGCTGATCAGCCTAACGGTTTCAATAAAAATAATTGTTTTATATGAAAAAAATCAAAAATGAAAAAAATTCAGTTTTCTCACCCCTGCCGCGCTCTTCGGCGCCCTCTTTGCCAACATAGCTCTGTTTTGCGATCAAACGTCCATTTTCGGCTAAATGTAACGATATGCCGCGAAAAGTATGGATACGCAGTTCTAAATTCGCACTTTTTCCATTCTCGCTTTACGTCATGCCAACCATAATTCTTCTCTGTCCAGGAGGTTTTATGTCGCTCGCTATCGTCTATACTCGCGCGGCGCTCGGTATCGAAGCGCCATTGATTACCGTTGAGGTTCATCTCAGCAACGGTCTTCCTGGTCTAACTATGGTCGGGCTGCCGGAAACCACCGTGAAAGAGGCCCGCGACCGGGTCCGCAGCGCCCTGATCAACAGCGGCTACGCTTTTCCTGCGAAGAAGATAACCATTAACCTGGCGCCAGCGGATCTGCCCAAAGAAGGCGGACGATACGATCTGCCCATCGCTCTCGCGCTTCTCGTTGCCTCAGAGCAGCTCAACACGACGCGACTGAATCAATATGAGTTTGTGGGCGAACTCGCCCTTACAGGTGGGTTACGAGGCGTTCCAGGGGCGATCCCCAGCGCAATGGAGGCCATCAAAGCCGGCCGGCGCATTGTCGTCTCCTCTGACAATGCGGCGGAGGT
NZ_CP073782.1_gap111	4725378	4730262	4884	ATAAAAAAAAATCCTTTGCCTGAGCAAAGGATTCTTATAAATGGCAGGGGCGGAGAGACTCGAACTCCCAACACCCGGTTTTGGAGACCGGTGCTCTACCAATTGAACTACGCCCCTAAAATTTTCTTACCACTAAGCCTGCTATTTGAGCAGGCTTAATGTTAAATAAGTGGCGGAACGGACGGGACTCGAACCCGCGACCCCCTGCGTGACAGGCAGGTATTCTAACCGACTGAACTACCGCTCCACCGAATTTCTTCGCTTTATTACCACCGGTTGTCACCCCGGCTTGCTTTATTGTAGGTGGGCCAGTTGGTGATTTTGAACTTTTGCTTTGCCACGGAACGGTCTGCGTTGTCGGGAAGATGCGTGATCTGATCCTTCAACTCAGCAAAAGTTCGATTTATTCAACAAAGCCATAGTATGATTACCACGTATACCGGATCGTTCTCTGTCGAGCCGAACGACACCCCTTCTTTAATATGAAGAAGCGATAATCCATTTCTTAACACCCCCTGTTCAGGACGGGCATGAGGCATCGCCAAGCCGGGAGCTAATACGTAATAGGGCCCAAGTTCTTTATGGCTTTGCAAAATCGCCTCAATATACGACCCGGCTATATACCCTTGCATCAGCAAGGGTTCTGCTGCAAGTCGAACGGCATTTTCCCAGCTATCTATTGAGTTAATGACTTTAATTTTATCCGGGGTTAACCAGTCTCTGATCATATGCTCTCCCGAGGGGGTCTATGTGCTGCACTATAAACAGCTAAATAAAATGCAACTGTGATACACCTCCCAAAGTTAGCGCTAACAAAGAAAAATGTTAAAAAGTGCGTTACCGCTAACACTGGCTATAATGTGCTTTCCCCCTCGCTGTGGTAAGTTATAATGCGATTCGCAGATATACTTTCGTTATATTTTATTTTTCAAACGGTTGGTGATTTTGGTGAAGAGTTTAGACGCGGACGGTAGCCCGAAAGAAAAACGACGTAAAGGAACGGGTAAGATAACCCTGACCGAGGTGGCTGAGTTTGTCGGTGTGAGCGCCATGACCGTCTCGCGAGCGCTGAGAATGCCTGAAAAAGTGACTCCTGAGCTTCGCGATCGCATCGATGCGGCCGTCAGTCAACTCGGCTATGTCCCTAATCTGCAGGCACGTAATCTGGCGTCGGTCCATTCCGATCTTATTCTCGCCGTCGTTCCCACCTTCTCTTCGCCGGGTTTTTTGCCGGTCTCTGAAGCGCTGCAAAAAGTGCTGACCGAACGCGGATATACCATGATGTTTATGGAATCCGGGCATGACGGTCAAAGTGAACAAAAGACGTTTGAAAAAATGCTCGCCTATAACCCGGCGGCCATTATTCAGTTCAATATCGATACCATTGAGAGCTGCACCCAGTTGCTGGCCAACGTGGATGTTCCTATTCTGGAAATTGGCGCGCTAAATACCCACCCTGTGGGTATGTGCATCGGCGTGGATTACGGTAAGGCCGTAAAACAGATCGTGACTCATCTGGCCGACGCCTCATTAAAAAACATCGCACTGCTCTGTACCCCGGCTAATAACACAATGTTTCGCCAGTTGCTGAGCGGATGGAATACGGCGATGCTCGCTCTGAACCGCTCCCCGCACCGGGTGGTAACCACGCATTTGCCATCTACCATCGCCACAGGCGTCAATATATTCAAGGATATGATGATTACCTGGGGCGATCTGGATGCGTTAATTTGCACGTCGGATGAAATGGCCTGTGGATGTATGATAGCCTGCCACAGTGCCGGCATTAAGGTGCCCAATACCGTAGCCATTGCGAGTTTAGGCGGAGGAGTGTTATCGACAGTCTGTTCCCCTGCCCTGACAACCGTTGAGTTTCCCTGGCATGACATTGGGGTGAAAGCCGGTAAAGCTCTTCTCGAACTGCTTAACGATAAGCCTGGTGAAAAGTTCATTGAAATTCCGTCAGTGCTCAAAGTCCGGGCCAGTACCGCGGCATGAGTTTAATATAGGGCGATAAGGCTTCCCCTATCTAGTATCTGTGTGTGGTAGCCAGGGTTTCTACCAGGAAGAATGTCTCTCTGCGAGAGTCCATACAATAAATGCCCAGCTCATAAAGCAAAAAATAGTCGGGACAGTAGCGTTTTTTCGCTACTAAGCGGGTAAACCGCCAGCCTCATTTCCCGTTTATCTTGCCAGCCGCCCCAGGCGGTGATTTCGTAGCCTCGACCCGCCTGGGCGGCTTTGCACTGAAGTCCGTCTAGCGCCAGTCCAGGATATACGATGTCTCCTACGCCAGTTAGCAGGTAAAGCGCACCGCGATAATTCATTTGCACCGCCCTGGTGCCGCACATTCACCATGCCGCCCCCCGTCAGACATGCCCTCATTACATTAACCAGTTGAATATAAAAAATTATTTTATATGGCACGTTTAATGCTCTTCGCTTGTATACCGCAATGTGGACAAGAACGTATGCCATATGGCCACAACAGGTCGCCAGTCTGCGGTCGCAACCTTCCCCTTTCTGTGAGGCATCCAGGGTGGATGCGTTTCACGGAAGCCTGCTTACTGAAAACGGAGAACAACATGACGACACTCAGCGAACCGTTGGTTACCCCGAAATATGGCAAGTGGCGCCAGCTGGTGCTGGGCCTGATCTGTATGGCCGCCATCTCCAGTCCGCAATATGTCTGGACGCTGTTGACAAAACCCCTGGCCGCCAAACTTGGCGTCGGTCTGCCAGAATTGCAGGTCACCTTCTCGCTGCTGATCATCCTGCAGACCTTCTTTTCCCCTTTTCAGGGGCGGTTAGTGGAAAAATTTGGCCCACGGCGGCTGATCGCTATTGGCACAGTGATGGCGGGAATGAGCTGGGTGCTTTCCGCGCAGGTGAATGGCCTGGCAACGCTCTGGCTGGTTTATGGCTGCATGGGCGGCCTCGGGACCGGGATCGTCTACATCGGCGTTGTCGGCCTGATGGTCAAATGGTTCCCACAGCAGCGGGGATTTGCCGCCGGCGCGGTGGCGGCGGGCTACGGGATGGGGGCCATCATAACCACCTTCCCCATCTCCCTGTCGCTGACCACTAACGGCCTTGAACACACGATGACGACTTTCGGGATCCTTTTCGCCCTCGTCGGCTTCCTCGCCAGTCAGGGGCTGAAGCTGCCGCCCCTTGCTGTCTCCCAGCCCGTCAGTCAGACGGTGGTGCAGAGCAGCAGATCGTTTACTTCCCGGGAAATGCTGCGCCAGCCGCTGTTCTGGCTGATGTTCGCCATGATGGCGATGATGTCGACTTCCGGGCTGATGGTCACTTCGCAGATGGCGGTGTTCGCCGAGGATTTCGGCATTAGCCAGGCGGTGGTGTTTGGCATGGCGGCGCTGCCGCTGGCGTTAACGATAGACCGCTTTACCAACGGCTTAACCCGGCCGCTGTTTGGGTTTATTTCCGACCGCTTCGGCCGCGAGCAAACCATGTTTATCGCCTTTGCGCTGGAGGGGGTAGCGATGATGCTCTGGCTGGCGTGCCGGGAAGATCCGCTGCTGTTTGTCCTGCTCTCCGGGGTGGTGTTCTTTGGCTGGGGGGAGATCTTCTCGCTCTTCCCGTCGACGCTCACCGATACGTTCGGCAGCGAGCATGCCGCCAGCAACTATGGCTGGCTGTATATTTCGCAGGGCATCGGGTCAATCTTTGGCGGTCCGCTGGCGGCACTGCTCTATCAGCACACTCACGGCTGGCATGTGGTCTTCAGCTGCGCGATTGGCCTTGATTTTGTCACCGCCGCCCTCGCGCTGTGGGTGCTAAAACCGTGGCGCGCGCGCTTTATCCGCCAGCACAGCTAACTGCAGCGCTGACAGAAGTGACGGCTCGCCCGTCACTTCACTGATATTCGCTGCGCAGCAGCGCGTACAGGTACTCATCGCCCCACTCACCTTTAAAAAAGATATTCTGCCGGTAATATTACTTTCGTTCTCAGGTAATGAAAATCATAGCGTTGATAACGTCAGCTAATAAATTCATTCAAGTTATTTTTTTATTTAACAACGCACAGTACTTAATTAATTAAAATTACGCTATTCTGTACTTTTATAGCCTCAACAAAGCAGACAGGGAGTCAGCATGATAATAAGCCCGCCATTTATACGTCCCCGGAATGAAGGAGAATGTGATGCATCATGGGTGGAAAGAATGATACCCACTGATTTAAACCGGGATTTTCCTGTAAACAGATCCGGATCATGGCATGGCGGTGTACATGTTCTCCACACCGACAATCCTGATGAAGGTTATAATCGCATCGAATTTGTACGTGCGATTGCAGATGGAGAAGTTGTCTCTTTCAGGGCGCCGTCAAACACAGAAAGACGGGATGCATTCCCGCTGAATATTAATGGCAGAACTGATGATGGATATATTCTGCTAAAGCATAAAACCGAGATCGGGGAAAGTTGTAGCGTCGTCTATTACTCCCTGTATATGCACCTCAGAGACCGACTGAGTCCCGCAATAAGGGAGGGAGGCAAAGTCTGGCGCAAGGATCGCATAGGACAGAATGGGATGGTGGATGAAAATAATGCCTTTCACTTTCAGATTTTCTGTGACAATGAAAACATGTTGAAACTAACCGGACGCATGCTACCCGAACTCGATGTCACCCGCGATGGCAGAACCGATACCGTTTATGGTGATATTCATTTTTATCTGCCCGCTGGGACACGGTTTTACGAATCTGTAGCTGACGCAGCCTCAGCAGATACCGACCGCCTAAATCTCGTTCATACCAGTGCCGAAGCACTGTTTGTCAGTATGACCTTCGAAAAAGGTGACTGTTCGATGATTACTCGTAGGCAGAATATCACCATCGGGGCACACTTCGATACGGTG
NZ_CP073782.1_gap112	4737043	4737738	695	GCAGCAGGGCCGTACTCTCTTTATTCTGCCTGGCCGCCTGCCAAACCGGAGACTCCTCGACGCAGAAATAGATAAACGGCAGCAGAAGCACCGGCGCGGCGCCAATGACAAACATCCCGCGCCAGCCGAGTTGTTCAAACAGCAGCCCATAGGCGACGGCCGCCAGCAAATAGCCGAAGGGGTATCCCGCCTGGAACAGGCCGGACATCAGGCCGCGCGAGCGGTCGGGGATCGTCTCCATCGCCAGCGAAGAGGCCACGCCCCAGATCCCGCCCATCGCCACGCCGTACAGCACCCGCAGCAGGAAAAACAGCATCAACGACGGCGCGGCGGCGGAGAGCAGCTCAAAAGCCGAGAAGAACACAATGTTGAGCATCAGGATTGGTTTGCGACCAAACTTCTCCGCCGCCCTGCCGAAAATTAGCGCGCCGACGGGCCGCACGGCCAGAGTCAGCAGAATCGCCAGGGTGACCTCCTCAAGGTCGACATGAAACGAGTGGGCGATATCGCTCAGTAAAAAAACTAACAGGAAAAAGTCGAAAGCATCGAGCGTCCAGCTTAAAAAACTGGCTATCGCCGCATTACGCTGTCGTGAGGTCCAGCCGTGCATCTTGTCATCCCTATCCCGACGGCATTGCCGGGAGTGTGCGCGGCGTCCAGCAGAGCGAGCTGGGGTCACCGCTTGTGTAAATTGT
NZ_CP073782.1_gap113	4742727	4746946	4219	GGCGGCCGTCGGCAACGCCGGTGGGCTTGGCGTGCTGGGCCCGAACGCCGGACTGACGGCGGCAACCGCCGTCTCCACCCCGGAGGCCACCGCCGAGAAAATGCGCGAAGAGATCCGCAAAACCAAACAGCTGACGGAGAAACCCTTTGGCGTCAACCTGATCCCGACGGCGGAAAATGACATCTGGACGCCGGCGATCCTCCCGGTGATCAAAGAGGAAGGGGTTAAGGTGGTGGTCTACACCGGCTACGGCGACGGTTCGTTAAAACCGGCGCTGTTCGACGAACTGAAAGCCGCCGGGATCACCATTATCTATCGTGACATCAACCCGACGCCGGAGAACAGCCGCCGCGCGGAGCAGGCCGGAGCGGATATTATTGTCGCCACCGGCTTTGACGAAGGCGGCACGCTGCCGGGTACCGCCCTCGGGACCTTCACCATCGTCCCGCTGATCGTTGACGCGGTACAGCGGGTTCCGGTGATGGCCGCCGGAGGGATCACCGACGCCCGGGGCGCGCGCGCCGTTCATGCCCTGGGGGCGGAGGGCGTCTTCGCCGGTTCGGTATTTATCAGCACCATCGAAAGCCGGGTTCCCGACTCGGTGAAAGCGAAAATTGTGGCCGCCAACGGTCTGGATCTGCGCCTGTTCCGTACTCTGCCGGACTACTACCGCGCGCTGCCCGGCAAACTGAGCGACACACTGGTGGCCATGGATCGTGCCGGCGCCTCAAAAGCCGAGCTGGCCCAGGCGATGGGCGGGCTGCGCGGGATGCGGCTGGGCATGCTGGAGGGGAATACCGATGAGGGATATATCTCGGTGGGCGCGGGGATCGGCAACATCCATGCCATCACCTCCGTCGCCGAGGTGGTCAACCAGCTGGCGGTGTAAAGCCGCCAGCCGGGGCACGGTGACCGGCGCGATCAGGCGTCAGCCACCTTCTCTACCGCCCGGGAGAACGCGTCGATAGCCAGCCCGACGTCGGCGGCGGTGACCGACTCCGCCGGGTGATGGCTGACGCCCCCCAGGCAACGCACAAACAGCATGGCCGATGGCCAGCGCTCGGCGATGGCGATGGCGTCATGCCCTGCGCCGCTCGGCAGCGTCAGCGAACGGCCCTGCACCGCCGTCACCGCCTCGCTCAGCACCGCCTGCAGGTGACGGTCGCAGGCGGTGGCGGCGATGCGATAATACTCCTCGGCGACGAAACTCAGCTGGCGACGCCCGACAATGGCCTGCGCCTGCCCCAGCAGCTCATCCAGCAGCGCCGTCAGCGGCGCATCCTGCGGGCCGCGAATATCCAGCGTCAACTGCACCTCGCCCGGTATCACGTTTACCGCGCCCGGCGCACAGCGCAGGGTGCCGACCGTCGCCACCAGGTTACCGCCGCGCTGGCGGGTCAGGTTTTCCACCTGCACCATCCATTCCGCCGCCGCGGCGAGGGCGTCCTTGCGATGAAGCATCGGCACCGTGCCGGCATGGCCAGCTTCGCCGGTAAAACGGCAGTTCAGCCGTCTGGCGCCGTTAATCGCCTCCACCACGCCGAGCGCCAGCCCCGCCTGCTCCAGGCACGGCCCCTGCTCGATATGCAGTTCCAGATAGGCGGCGATATCCCGCGGGTGACGGGCCGCGTGGGCGATCCTCGCCGGATCGAGTCCGGCATTCACCAGCGCCTGGGCGACGCTCACCCCGTCGGTATCGCACTGTGACAGCCAGCTTTCAGGCCAGGTGCCGGTGACGCCGCGACTGCCGAGCAGGGTGATGCCAAAGCGGGTGCCCTCTTCATCGCCAAAGCCGACGATCTCGATTGCCTTCGCCAGCCGTCGCCCCTGCTGGTGCAGACGCTGGACCACCTCAATCGCCGCCAGTACGCCGAGCATGCCGTCGTAGCGCCCGGCGTTGCGCACGGTGTCGAGATGAGAGCCCAGCAGCACCGCCGGCGCGCCCTCCTGCACGCCTTCATAGCGACCGCAGATGTTGCCGACGCTGTCCTGCCATACCATCATGCCGGCGGCCTGCATCCACTGGCCCACCAGCTGGTTGGCCTGCAGATGTTCCGGCGACAGATAGACCCGGGTCAGGGCGTCGGCGGTTTCGCTGAGGGCGGCCAGCTGGTCGGCGCGCGCCATCACCCGGCTGGCGGCCGCCTCTCTCTCCGCCTGCTGGCGGACGGTGTCACTCATAGGGTGGCCTCGGTGCGGTAGTGATCCCAGGCCGCCTGCATCGCCGCGCCCTGAGTGGTGGTGAACCTGAGGTAGTTCAGGACCGCTTCCAGCGCGCTGAGCGTCTGCATCACGCAGTCTTTACGCGCGTTATAGCCCATGGTGCCAATGCGCCAGACTTTACCGTGCAGCGGACCAAACGAGGTGCCAATTTCAATGCCGAAATCTTCCAGCATCAGTTTGCGGACCTGATCGCCGTTGACCCCGTTGGGGATCACCACCCCCAGCACGTTATTCATTTTGTGCCGCAGATCGCCAAAGGTCTCGAGCCCCATCGCCTGGATGCCCTTCAGCAGCGCATCGCCGTGCAGTTTGTGGCGGGCGATGCCGTTGTCGAGTCCCTCCTGGAGGATCAGGCGCGCGCACTCCCGGGCGGCGAACAGCGCCGAGGTCGCTTCGGTATGGTGGTTAAGGCGCTCCGGCCCCCAGTAATCCATCACCATGCCGAGATCGAAATAGTTGGAGTAGATCATCTCGTCGACGCCATCGTGATGGGCATCGGTGCGGATCCCCTGCTCAATGCAGCGGCGGCGGCGGATGACCTCTTCCATCCGCGGGCTGAGGGTGATGGGCGAGGTGCCGGAAGGACCGCCCAGACACTTCTGCATCCCGGCGGACACGGCGTCCAGCTGCCAGGCGTCGGTTTCCAGCGGGTTACCGCCGAGCGACGCGGTGGCGTCGGTATAGAACAGCACATCGTGACGACGGCAAATCTCTCCCAGCTCCGCCAGCGGCTGCAGCATGGTGGTGGAGGTATCGCCCTGCACGGTGAGCAGCAGGCGCGGCCGCACGCGCTTGATCGCATCCTCAACCTGATCCGGTTTAAAGACCTCGCCCCACGGCACCTCGATGGTGTGCACTTCTGCCCGGCAGCGACGCGCGATCTCGCACAGCAGATGACCAAACCGGCCGAACACCGGCACCAGCACCTTGTCACCGGGACGGATCGCCGACAGCAGAATCGCTTCGATCCCGGCGCGCGAGGTGCCGTCGACCAGCATCGTCCAGCGATTTTCGGTGCGAAACACGCCGCGGTAGAGCGCCATGACTTCATTCATGTAGTGGGTCATCGCCGGATCGTACTGGCCAACCAGCTGGCTCGACATGGCGCGCAGCACGCGCGGGTCGGCATTGATCGGCCCCGGCCCCATCAGCAGGCGCTGCGGCGGGTTAATTTGCGAAAACTGAGTGATATCCATCTGCCATTCCTTACGTTAGTTAAGACCGCGCACCGAGGAGATAAACTGTTTCAGTTCGCTGGTCTGCGGGCTGGCGAACAGCGTTTTGCTGTCGCCCTGCTCCCAGACGCGTCCCTGATGCATAAACACCACGCGGTCGCCCACTTCGCGGGCAAAATTCATTTCATGGGTGACGAGGATCAGCGTCATACCTTCCGCCGCCAGTTGCTCCAGCACCTTCAGCACTTCACCCACCAGTTCCGGGTCGAGCGCCGAGGTGATTTCGTCACAGAGTAAAACTTTCGGCGACATGGCCAGCGCCCGGGCAATGGCCACGCGCTGCTGTTGGCCGCCGGAGAGGTTGGCCGGGTAGTAATCCAGACGGTCGCCGAGCCCGACCTTCTCCAGCATCCGCTGCGCCAGCTCCCGGCATTCGGCCTGGGACTTCTTCAGTACCCGCCGCGGAGCCAGCATGACGTTCTCCAGCGCCGTCATGTGCGGGAACAGGTTAAAGTTCTGGAACACCATGCCGATGGAGCGGCTGATCTCCCGGGCCTGTGAATCGCGGTTGGTGATGGTCATGCCCCCGAGCTTGATGCTTCCCTCCTGGTAGCCCTCCAGACCATTGATACAGCGCAGCAGGGTGCTTTTACCCGAGCCGCTGCGGCCGATGATCGAGATCACTTCCCCCATGTCGATATCCAGATCGACGCCCTTCAACACATGGTTGTCGCCGTAGTACTTCTGCATCTGATTAATGGTGATGAGAGGCATTGAATTTGTTCTCCAGATAGCGGCTGTAGCGGGACAGCGGATAGCAC
NZ_CP073782.1_gap114	4748986	4752228	3242	GTTTCTTCATGATGTTTACCCGTTACGTTAGCATGAAACAAAAGATTCTTTGAATCTGTTTTTGCAACTAATGTGCCAGATACGGACGAGGCGAGGGTTGGCGAGGAATTAAAACAAAAAGTGAGAAAGGACAAGCGTTAACGGAAAAGTGTTCAGAGAGCGGCGGCGCCATCACGTGGTTTTTATTGCACCATAATAATGCACAGCACCACGCTGGCGCCCCATCAGCGTTGTTCCAGCTCGTCCAGCTGCTGGTAAAGCGTGGCGATATCGTGGATGCGCGGACGACCGCTGTCGAGCGTTTCATGGAGAAAGGCATTGGCCAGCAGATTAATCAGGCTGTTGACCGAGGCATAGCTATCGTAGGCGGAGACGCTGTCCAGCGGCGCGCAGAGCTGCCAGCGGGAGAGCGGAAACAGGCTGTGGGCCTGCGGCTCGCACATTAACAGGACCGGCACCCCGTCGCGCTGCAGCTGCTGCAGCAGCGGGCGTACTATTCGCGGCCGGCGGCGAAACGCCATCATTACCACCAGATCATCGGCGGTCAGATCGACCAGCTCTTCGCTGAGACTCTGACCCGGCTGGGGCAGCACCAGCACCTGGCCGCGGGCCTGCAGCAGCTGCTGGCGCAGATGCAGCGCCGCCGGATAGGCGTTGCGCATGCCAATCACCACAATGCGGCGGGCGGCCACCATCGCCGTCAGCGCCTCAGCGAACTGGCGGGCGTCGAGGGCGTTGACCCACTGGGTGAGGTTTGCCATCTCCTGCTTATAATGGCGCGCCAGCAGCGTGTTACCCTGCACCGCGTCGCGCTGGTCGGTGAGCGGCATCCCGCTCTGACGCAGAGTGCGCAGTTCATCGCGCATATCCTTATATTTGTCGTAACCGAGGCGCTTAAACAGCCGGCTGACGGTGGCTTTCGACACGCCGCTCAGCTGCGCCAGCTCGGCGCTGTTGTAGCTTATCAGGTCGTCAAAGTGGTCAAAGATGAAATCCGCCACCCGCTGCTCCTGCGGCGACAGCGAGGCGTATTGCCCTTTCAGTCGTTCATCGAGTTGTTGCATAGCGCCCCTGTAACTTTCGTTTCATCATCCATTCCTCATCATACTGTATCTGCTATGCCTTACACATAGCGTGCCAGTGGGAAAATTCTGGTCATCGTTTTTATCAATGAAACGAAACGTTCAGAGATGGAACAGCTTTTGCAGTGTTCTGCGGGTGATTCGTTCAGAAAGGATAATTTATGCACAGTAGCAACGTTTCGACCCACGGCATGGCGGTGGCCCCCCACCACCTCGCCAGTCAGAGCGCGCTGGCGATCCTGCGCGAGGGCGGCAGCGCCATTGAAGCGATGGTGGCTGCCGCGGCGGCCATCGCCGTCGTCTATCCCCATATGAATGGCCTCGGCGGCGATGGCTTCTGGCTGATCGTGCCGCCTGAGGGAGACCCCATCGCCATTGACGCCAGCGGGGCCGCCGGATCGCTGGCGACCCTCGAGGCCTACGCCGGACAGCGGCATATTCCCCACCGGGGACCGCAGGCCGCGCTGACCGTCGCCGGCACCGTCAGCGGCTGGGACGAGGCGCTGCGTATTTCACGGGACTTAACCGGCCGCGCGCTGCCGGTGGCCCGCCTGCTGGCCGATGCGATCGGCTATGCCGAAGACGGCATTCCGGTCACTGCCTCGCAGGCCCACGCCACCGCCAGCAAACTGGAAGAGCTGCGCCATCAGCCGGGCTTCAGCGAAACCTGGCTGGTCGCGGGCGAGGCCCCGCGGCCCGGCAGCCGCTTCCGCCAGCCCGCCCTCGCCGGTACCCTGCGCATGCTGGCCAGCGACGGTCTCGACAGTTTCTATCGAGGGCCGCTGGCCGAGCGTCTCGCGCAGGGTATGGCCGCGCTGGGGATGCCGATCACCCTCGGCGACCTGCAGGCCCACCGCGCCCGGCGTCCGGGGCCGCTGACGCTCCAGCACCAGCAGGGCACGCTGTGGAATCTTGCGCCGCCGACGCAGGGACTGGTGTCGCTGGCGATCCTTGGCATCACCGACCGCCTGAACATGGCCGATGCCGACGACGCGCAAACGGTGCACCGTATTGTCGAAGCCACCAAGCGGGCATTTGCCCTGCGCGATGCGCATATCACCGATCCACGCCATCTGGATGTGGATGTACAGGCGTTGCTCACCCCGGAAGCCCTGCAGCCGCTGGCCGACAGCATCGACGACGCCAGCGCTTCCCCCTGGGGCCGCGGCAAAGGCCCGGGCGATACCGTCTGGATGGGCGTCGTGGATGACAGCGGACTGGCAGTGTCATTTATTCAGAGTATCTATCACGAGTTCGGCAGCGGCGTGGTACTCCCGGACACCGGGATCGTCTGGCAAAACCGCGGGGCGGCCTTCAGCCTCGATCCGCAGCATCTCCTGGCGCTGGCCCCTGGCAAACAGCCATTCCACACCCTCAACCCTGCCGCCGCGCGCCTGAACGATGGCCGGGTGATGGTCTATGGCTCGATGGGCGGCGACGGTCAGCCGCAAACGCAGGCGGCGCTGTTTACTCGCTATATCCTGCAGGGGGTGCCGTTGCAGGAGAGCATCTCCCGTCCGCGCTGGCTGCTGGGCCGCACCTGGGGCCAGTCCTCCGACTCACTGAAGCTGGAGGGACGCTTTGCCCCCGCCTGTATCGCTCGCCTGCGCGAGCTGGGGCATGACGTAGAAGTGCTGGCTGATTTCAGCGAAGCGATGGGCCACGCCGGCGCCATTGTCCGTCATCCCAACGGCCTGCTTGAAGGGGCGACCGATCCACGCAGCAACGGCGCCGCCGCCGGATACTAAGGAGCAGACTATGACCACACAGCCAGACTGGAGCGAGTATCTGACGCAGATGACTCACCTGTTGGATATGGAGCTGGATGCGCCGCGTCGTGAAGAGCTGGAGCGCCAGTTTGCCCGCATCGCCGCCATGGCGCAGCCGCTGATGGACTATCCCCTCGGGCCGCGCGAGGAGATTGCGGGGGTGTATAAAGCATGACTCTTCATCACTTCACTATCGCCGAGATCCAGCGTGCGCTGCACGATGGCGAACTGAGCGCCCGGGAGATCGCCCGCCAGACGCTGGACGATATCGCCCGCGTGAATCCGCAGATCAACGCCTGGACCGAGGTCACCGCCCAGCGCATGCTGGCGGAGGCCGACAGCATCGACGCCCTGCGCCGGGAAAAGCGCCCCCTGCCGCCGCTGGCAGGGA
NZ_CP073782.1_gap115	4756930	4758956	2026	GGCTGAACCTCAGCTATACCGACATTCGCGCGCCGTTCGATGGGGTGATTGGCAACCGCCGCGCGTGGTCCGGCTCCTTCGTCAGCAGCGGTACACAGCTGCTCTCCCTGGTACCCGCGCACGGCCTGTGGATTGACGCTAACTTCAAGGAAAACCAGCTGGCGCATATGCGTGCCGGCCAGCCGGTGACCATCGTCGCCGATGTGCTGCCGAACCATACCTTTAAGGGGCATGTCGCCAGCCTGGCGCCGGCGACCGGCTCACGCTTCAGCATTCTGCCGGCGGAGAACGCGACCGGGAATTTCACTAAAATCGTGCAGCGGGTGCCGGTCCGCATTGCGCTGGAAGGTGACGGGGCAAAGCTTGACGTCCTGCGCCCGGGACTGTCGGTGATCGTCACCGTGAACGAAAAGAGCCCTCGATGAGCACCGTTCAGGCGCTGTCCGCCCCGCAGGGTCTGTCGATGCCGACGGCGAAGAAGATCTTCGCCTTCGCCAGCATGTGCGTGGGGATGTTTATTGCCCTTATCGACATCCAGATCGTCTCCGCCTCGCTGCGGGATATTGGCGGCGGCCTGTCGGCGGGCGACGATGAAACTGTCTGGGTACAAACCAGCTACCTGATCGCCGAGATCATTATTATCCCGCTTTCCGGCTGGCTGGCCCGGGTCATGTCGACCCGCTGGCTGTTTGCCGCTTCCGCGGCGGGCTTCACGCTGATGAGCCTGCTGTGCGGCTGGGCGTGGAACATCCAGAGTATGATCGCCTTCCGCGCCCTGCAGGGACTGGCGGGCGGGTCGATGATCCCCCTGGTGTTCACCACCGCTTTCGCCTTTTTTCAGGGCAAACAGCGGGTCATCGCCGCGGCGACGATCGGCGGCCTGGCCTCCCTCGCCCCTACGCTGGGTCCAACGGTGGGCGGCTGGATCACCGAAAACTACAACTGGCACTGGCTGTTCTTTATCAACGTTGTTCCGGGGATTTACATCGCGGTGGCAGTGCCGCTGCTGGTAAAAGTAGACAGCGCCGACCCCACTCTGCTGCGCGGCGCCGACTATCTCAGTATTCTGCTGCTGGCCTTGTCCCTCGGCTGCCTGGAATATACCCTCGAAGAAGGTCCGCGCTGGGGCTGGTTTGATGACGCGACCCTGACGACCACCGCCTGGGTCGCCCTGCTCTGCGGCGTGGCCTTTGTTATCCGCACCCTGCGCCATCCGCAGCCGGTGATGGATCTCCGCGCCCTGCAGGATCGAACCTTCAGCCTCGGCTGCTATTTCTCGTTTATGGCCGGCGTCGGCATCTTCGCCACCATCTATTTAACCCCGCTGTATCTGGGGAGTGTGCGCGGTTTCAGTGCGCTGGAGATCGGCCTGGCGGTATTTTCCACCGGTCTGTTCCAGGTCATGTCTATTCCGTTTTATTCGTGGCTCGCCAACCGCGTCGATCTGCGCTGGCTGCTGATGGCCGGGCTGATCGGCTTTGCGGTGTCAATGTACAGCTTTGTTCCGATCACTCACGACTGGGGGGCGGACCAGTTGCTGCTCCCGCAGGCCTTTCGCGGACTGGCGCAGCAGTTTGCCGTCGCGCCAACGGTGACCCTGACGCTGGGCAGCCTGCCGCCCGCGCGCCTGAAGCTGGCCTCCGGGCTGTTTAATCTGATGCGCAACCTCGGGGGCGCCATCGGCATCGCCCTGTGCGGCACGGTGCTTAACGACAGAACCAATCTGCACTATAGCCGCCTGGCGGACCATCTGAATAACGCCAACCTGGCAATGAGCGATTTTGTTCAGCGCAGCGCGGCAAACTTCACCGTCCAGGGGATCTCGCCGGATGCCGCGCAGACGGCGGCGCTGAAAAATCTTTCCGCGCTGGCGCTACGGGAGGCGCGAACCCAGGCATTTTCCGATGCTTTCTACCTCATCATGATGGGTTTTTTACTTGCCGCGCTGCTGGTTCCCTTGATGAAAAAGCCGCCGGCACACTGATTCTACAGGAGAGTTAACTATGGGCGTTTCCGTTAAACGCAT
NZ_CP073782.1_gap116	4760428	4764147	3719	CCTATTATGTTGGGACCGCTCATGTTAAAAAAGGGATAGCTTTTCTTTTCATTGACGATAACGAAGGAATTTTCATGGTTGAGGTTGAGGAAATAAAAAAGAAATATCCCGGCGCAGATGCCTGGCAAATGGGTGACAGTCCGGAACTGGCTAACGAGCTTGCTGACCTGATCAAAAAAGGGATCAAAACGGCCTCTTGCGGATCTTTTGCCTCTTACCAGCAGGAAGAATCCGCCCCGAGAATCGGGAGTTATAACATTATTCTTGATGGTCAGAATGTTCCAGTTTGCGTGATCAGACTGATTTCGATGCAGCTGGTTCGTTTTTGTGATGTCACTGAAGCGTTCGCCCGCAAAGAAGGTGAAGGCGATTTAAGCCTTGAATACTGGAAGAAAGAGCATCGGAGATTTTTCAGCTCTGAAGGTCATTTTTCTGAAGATATGGAGTTGATCGCAGAAGAATTTGAAGTGGTTGAGGTGCTGTGAGACAAGGTCAACGGGCTGACGATTTATCACTTGCCACTCATAACACTATTCGCTTCTGGCGCGGAGCGGACAAGCTATCGAGTTAAAGGTCCGCATTGAGCAAGGAGCTGACGTGCCAGCTATAATTGGTAATAAAATGGGAGTAGAACTATTCTGATTTGTTTAAAAAAACATTTTTACATCCAAGGGCAAAATATTTTTTATGCTATCTTACATGCTATCTCAATATGCCAGGCTACCTGTTCCTGAAGTTACTCTACGTTCATGGTTAAAACAATGGTTGTCAGAGCAGGAATCGAGGTGTACAGACAGAAGTTTCTCGGCGCGATTTCCCTGGAGAGAAACTGGATTATGTCAGGAATATTTTTTACAACGAAAACTCAAAATTGATGGAAAGCAATTTCTTACTGGCCCCCGTTATCAGGGCGGAAATATTAACAAACCTTTTATTGATATTGTAGGTATGGATTCTGACCTAAATCATACTGCATTAGAACTCATTAGTAAGGAATGGTCACAACTCAGAGCTCAGTATGTCCGCATTCTTGTGCCAGGCCAGTCCTTCCCGCAGGGTATTCCTGACCAGTATATATATGCCACTTCTTTTTCTGAACCCCCTGAATTCAATGATAAATCTCTTACTTTGCAAGTGGCGACATACGAAGATTTTGACTGGTGTTGTCAGGCCCTGGGTGATGCCTATAAGCATACATGGCAGACAGTTCGCGAACTGTCTGCAAGCAATTTGGTAGCAGTTGATGACGAAGAGTTGTGTGACCATATTTCTGAGAGAGAAGTATATATTATCTATGAAAACGATGTTCGCGCCGGGTTGCTAATATGCCAGAAAGGAAACCTCGCTTTTCTGAGAGGATATCGTATTACTGACAAAATAATACTTCCTGCTTTTCGTGGTCGATCATTGTCAGCCCGAGCGCAACGCCTGCTGTACCGATTATTAACTCATTCCGATTCGGAACTATCTTTGTATATGGGCACAATTATTCCGGAGAATATCCCCTCGATGAAAACTGCAGAAAGAGCGGGACGAACTTGCATCCTAAGTTATCAATTTCTACCCATCTGCAAAACCCACGACTAACAGCAATGCTAATTTATCTTCAGCCTACTTCCGCTTTTGGCACACAGGGACATGCAGGGCCCGGGAGTACTCCCCTGGACGCATTAATGGGCAGGATGTGATTGTTGCGCAGGCTATCATATGGCCTGAGGTACAGCAGAATCAGGCTTCGTAGCAATGAGGGGCTCACAGCGTCCGGAATCCACCCGGTGCCGTAAATCACCGCAAGGTCTGTCATAAGGTAATTTCATCACACATCGCGACACCTTTTTTCTTCATGCAGGCCTTCTCTTTCACGGTTTGTCAGAACTATGGACCGCAGTAATCTCCACTCCGTGCTTTAATCAATGAGAGTGATGTCGGGTGCAAATTAAACTACCTTTCTCAACAGCAAAGGCGGGATACCCCTGCCCTCGCAGGGTTTCTACGTCTGGTAATATGCCCATGACAGTCTCAAAGACCGCTTTGAGGGTTTCCCGGTTTAAGGCACATAATCGCGTGGCGTTGCCCCCAAAATGCAGCGAAAAGCAGCGGTAAAGGCCGCCGGGCATGAGAAACCAAGCTGGTAAGCGACCTGTTTGATTGGAACGCCGTTCGCGAGAAGATCCAACGAAGCGCAAATTCTGGCTCTCTGCTTCCATGTTCTAAAACTAAAGCCTGTATCCTTCATAAACAATCGGGAAAAGGTCCGTTCCGACATGGCCGACATAAAAGCCAGCTCGCTCAGCGATGCTTCCCAGCGCTGATTGACCAGTAGCGATCTGGCCGCGCTGAATAATCGCTCATCATTCGGCATGGGAAGCGCCATCGTTAAAGGTGGAGCCTCGCTGAGAATTTCCAGAAGCAACAACGCTATCTTCCGTTGACTCGGTCTGGCGTAGTCCTCACTGAACAGCCCAGCGATAAGCTCTTTGACTAACGGCGTAGCCGTGATCACATGTACCTGCTGACTCTTCGTAAAGCTCGTACATTCTGCGATAAGGCTACTGCTGAAATAGATCGCCCTGAGATCGGTTTGTGAAAGCAGATGATAACTATGGATATGCAAAGGCGGTAGCCATAATGCCCGCTGAGGAGGGATCACCCAACGGTCACTCTCTGTTTGCACCAGCATAACCCCTCTGGTGGCGAAGAGTAGCTGCCCCTCAACATGATGATGGGGAGGATCTACCTCACCACGTTGATAGCTTATCGCAGTACTGGACCAGCCTGTGGCCTCATCATGTCTTGGCGCTTTATCTATACTACCTGGCATTTCAGATTTAGCCCCTGCCATTATCATATCGAAACTGGAACCACCCGGAGTAGAGCCTTAGGCAATGGGTGCGTGACTTATCATTCTGATCATCAAAGATATTACAGGAGCTTAACCTCATGCGTGTACACTTTATCGTACATGAAAGTTTTGAAGCCCCGGGCGCATATGAAACCTGGGCAATAAACCAGGGTCATGATGTAACTTACTCACGCGTCTATGCAGGCGATCGGCTACCTGCTGACGCCGTAGGCATCGATTTTCTTATCGTTATGGGCGGTCCGCAAGATCCGGACACCACGCTTGAAGAGTGCCCGCACTTTAATGCTAAAGCGGAACAGGCGCTGATTGCTTCCGCGGTTAAAACCGGTAAGGCGGTGATCGGTATCTGCCTGGGTTCACAGCTCATTGGTGAAGCGCTGGGCGCGCCGTTCTCTCATAGCCCGGAAAAAGAGATTGGTAAATTCCCGATCACATTGACCGAAGACGGCAGTAAGGATGAGATGTTCTCTCACTTTGGGAAAACACTGGCAGTGGGTCACTGGCATAACGATATGCCAGGCTTGACGCCAGAGGCTAAAATTATCGCTTACAGCGAAGGCTGTCCCCGGCAGATCGTTGCCTATTCAGACCGCGTCTTTGGTTTCCAGTGCCACATGGAGCTCACATTGGACGTTGTAGAACGGCTGATCGCTCATTCTGAGAAAGACCTGAGCCGTGCAGCAGAATATCGTTTCGTTGACACGCCTGAAGCGCTCCGGGCGCACGATTACAGTGAAATGAATCAAGTACTTTTTGGCTTTTTGGATAAGCTGGAAGCACGTTACACAGCAGCGCAAGCATAATGTTATGCTCGGTAAGCTTGCCATCGGTTTTGATTTTAATGTCCGCTCCTGGC
NZ_CP073782.1_gap117	4769431	4773343	3912	CTGCAGCTGAATATGAAAGTCAGCGGAGTGGCGGATCGCCGCCGGGCCGTCGTGCGCCGCATGGGCCTGCTGTTCACGCTGAATAATGTTCTCCAGCGCCGCCAGATGCGGCGGCTGACAGCGCGCGATCACATCGGGGAGATTGGCGACCTCGAGCAGCGCCCGGGTGCGAAAGATCGCCTGGGACTCTTCCACGCTCGGGCTGGTGACGTGTGCACCACGTTTGGGCGTCAACGTGACCAGTTGCACAGCGGCGAGTCGTTGCAGCACCTTTCTGATGCCGGTGCGGCTCACGGCGAACACCTCCGCCAGCGCCTCTTCCGGCAGTTTGCTGCCCGGCGGCAGCTGATGTTCGACGATAGCCGTCATCAGCGCCTGGTAAATGCTTTCGTCCTTGTCCTGCAGCGCTGGCGCGGCCTGGAGACGATGTTCATTATTCATTAACCCACTCCGGTTTCACTTATCGATAGCAGATCGTATACATAAAATTTATTTTTTGTATACAAGATTCATCATTCTGGCCTGGATCCTGCAATAGCCTCAGCAATCCATATCAAAGGGTTTTCATTCAGAGGAGCAGGTTTCATGCCACATTCATCCCACACGCAGCAGACGAAGACTCACGAGGCGGCCGCCGGCTACAGTCCGCGGCTATGTAATGACGATCTGGCGCCGACCCGCGACCAGAACTGGAGCTGGTACAATATCTTTTCATTCTGGATGTCGGACGTGCACAGCATGGGCGGCTACGTAGTGGCGGCGAGCTTCTTTACGCTTGGGCTGGCCAGCTGGCAGGTTCTGCTCTGCCTGCTGGTGGGCATCTGTATTGTGCAGCTGTGCGCCAACCTGGTGGCGAAGCCGAGCCAGATGGCCGGGGTGCCTTACGCGGTGATTTGTCGTCAGGCGTTTGGCGTTTTCGGCGCCAATATCCCGGCGGTGATCCGCGGGCTGATCGCCTTTGCCTGGTACGGCATTCAGACCTATCTGGCGGCAAATGCCCTGATGCTGGTCCTGCTCAAGTTCTGGCCCTCCCTAGCCTCGCTGACCAGCAGCAGCTTTCTCGGGCTGTCGCCCCTAGGCTGGCTGAGCTTCGCCACTATGTGGCTGCTGCAGGCGATGGTGTTCTGGCATGGCATGAACGCCATCAAACGCTTTATCGATATCGCTGGTCCGGCGGTTTATGTGGTGATGCTGGCGCTGGCCGGCTGGATTGTATACAAGACTGGTCTGGACGGTATCTCCTTTACCCTCGCCAGCAAATCCCTGAGCGCCGGCGAGCAGACCTGGCAGATGATCACCGCCACGGCGCTGGTGGTCTCCTACTTCTCCGGGCCGCTGCTTAACTTCGGTGACTTTTCCCGCTACGGCAAAAGCATGGGCGAGATCCGCCGCGGTAACCGCTGGGGACTGCCGTTTAACTTCCTGCTATTCTCGGTGGTGACCGTAGTGATTGTCTCCGGCACCCAGTCGCTGTTTGGCAAAATGATCACCGACCCGATCGAAACCGTCAGCCGCGTGGGTAACGATCTGGCGGTGGCCATCGGCCTGCTGACCATGATCACCGCCACCATCGGCATCAATATCGTGGCTAACTTCGTCTCGCCGGCCTTCGATTTTTCCAACTGCGCGCCGCAGAAAATCAGCTTCCGTACCGGCGGGATGATTGCCGCGGTGGGCTCGATACTCCTGACGCCGTGGAACCTGTTTAACTCCCCGGAGCTGATCCACTATACCCTCGACGTGCTGGGCGCCTTTATTGGCCCGTTGTTTGGCATCCTGATCGCCGACTTCTACCTGATCAAACGCGGCCGGGTGTCAGTGGACGATCTGTTTGACGATACGCCGCAGGGTAAATACTGGTACCGCAACGGCTTTAACCCGAAAGCGATTGCCGCCCTGCTGCCGTCGGTGGGCCTGGGGCTGATTATCAGCTTTATTCCGGCCCTGCATGAAGTGGCGAACTTCAGCTGGTTTATCGGCGTCTTCCTCGGCGCCACCACCTACCGCTGGCTGGCTCGCGACGAGCGCGAAGTGCAGGCGAAAGCTGCCTTCCGCTCCGGCGCGGTGGCGCAAAAAGAGTAACCTTCCCCTTCTGCCGCGGCGTCTGGCCGCGGCAGGCTGCAAACTGGCACCAATCTTGCTGTTTATCACTATTCCCAGAGCGTTAAGAGAAGGCAGGTTCGATGATGGATTACCAGACCGCTGTGCGCGGTGCATTTTTTGATATCGCCGGCGTGGCGGAGACCCCGGATGAGGTGGCCGCCCAGGCCCGCTATCTCGATGATGGCCTGTTGTTCCTGCAGGAGGGGAAAATTATCGCCCTGCTGCCATGGCTGGAGGGGGAAGCCTTTCTGCATCCGCTGAAGGGCTATGTCGACCTGCGGGGCAAGCTGCTGTTGCCGGGTTTTGTCGATACCCACATTCACTATCCGCAGACCGAGATGATCGGCGCCTTTGGCGAACAGCTGCTGGAGTGGCTCACCACCTACACCTTCCCGGTGGAGAGCCAGTTTGCCGATGCGGATTACGCGCAGGAGATAGCGCAGTTTTTTGTAAATCAGCTGATAAGCCATGGCACCACTACCGCGCTGGTGTTTTGTACCCTGCACCCGGCCTCGGTGGAGGCGTTATTCAGCGAAGCGCTGCGCCTCAATATGCGCCTGATCGCCGGGAAAGTGATGATGGATCGCCATGTGCCCGACTACCTGTGCGAAACCGCCGGGGAGAGCTACGAGCAGACCCGGGCGTTGATCCGCCGCTGGCATCAGCGCGGCAGGCTGGGCTATGCCATCACCCCGCGCTTTGCCCCCACCTCGACCCCGGGGTTGCTGGAGGCGGTGCAGCGCCTGCGGGCCGAGTTTCCCGACACCTGGCTGCAGACGCATCTCAGTGAAAACCGGGAGGAGATCGCCTGGGTTAAACAGCTGTGGCCTGAGCATGCGCGCTATCTGGATGTCTATCACCACTATCAGCTCACCGGCGAACGCAGCGTCTTCGCTCACGGGATCCATCTCGATGATGCCGAGTGGCAATGCCTGCATGACACCGGGTCCGCCGTCGCCTTCTGCCCGACGTCGAATCTGTTTCTCGGCAGCGGGCTGTTCCGCCTGCCCGCCTGCTGGCAGCACCAGGTGCGGATGGGCATCGGCAGCGACGTCGGAGCCGGGACCACCTTCAGCATGCTGCGGACGCTGGGCGAGGCCTACAAAGTAGGACAACTGCAGAGCTATCGCCTGCGCGCCAGCGAGGCCTTCTATCACGCCACCCTTGGCGGGGCGCGCGCCCTGCGGCTGGAGGAGAAAATTGGCAATTTCCAGCCGGGCAAAGAGGCGGATTTTGTGGTGATTGACCCGGCGGTCACCCCGCTGCAGCGCCTGCGCATAGGCCGCTGCCATGACATTTATGAGCAACTGTTCGTGCTGATGACCCTGGGTGATGAACGCAATATCAGCGAGACGTGGGTGAACGGCGAGCGGGTGTGGTGTCAGGACTGACCCGTTTGAGAAGCGGAAACAACCTTTGGTAAGACAATAAATCAGCACCAAGCCCTGAAGGATCTTAAAAGATCCTTCAGGGGGATTAGGCTGGTTACCAGTTACCGTAAGGGTAGTGCTTCCCTTTGATAAAATCTATAATATCTTTGTCATATCCATAAGAAAAATCGCTCCTTGTTATATCTTTACAAATATCTAATTTATTACCTGATACGGTTTTCAGGACTGACGGAGTGACGCGGTAATTAGATTCAGATCCACTTCCCTGTAACCAGACGGCCACTTTTCCTTCTGGAGCCAGACCAATTTGCATTCTGTCGTACCAGGCAATACGTCCCCGATAATCCTTATATTTACTCGGCATAAGCATCTGTTCCAGTACCGATTTAGGGATCGTCAAATGGGTTTCATACACTTT
NZ_CP073782.1_gap118	4815489	4818558	3069	TCGCGGCTTTTGTGCCCGTCAGAAGAACCGTATTAGAAATTGTATCCAGTATCTCTAGCTTAGAAAGCATCAAGACATCACGCCAATTGCCATTGCCGGGTTGTGTGACATAAACAAGGACAGATTTATTCTCTTCTTTGTAATCATACCCTGTGATCTTAGGTATTAAATCCGTATTCCAGATGCTACGAATCTCAAATTGATTTGATGTAAGTGTCTTATCTTGATTGCGAACTATAAAATAATGAGCTATGTAACCATTCCCCTTATTTATTGCGTATGAAAAAGGACCAGTGCAAGAACTTTCTCCGGGCTCAATAGTACAAACTTCGTAGCCTTGTGTAAGGTTATAAAATGACTGCACATAATCCCTAGGGTCTACAAACACAGTTATACTTTGATACTCACCTGGCAAATCTATGTTTGTGAATTTCATTGTGCCAGCAGAAAAATCGCCAATTGTTGAAAAGTTTGCTGAGTAGGATTTTATTGATGGGGATTTCGGAGCGATTGAACTTAACTTAACATTATACGAAGCGTTACCTCCTCCGTATTGGTATCCATTATGAATAGTAAATGATGTACCAACTGGGGTGGATTGTTTTATATATACATAACTATTATCTTCAGTAAGCAAAGAACCGAAGGATAAACCAGCTTTGTTATAAGCCCTATAATTATGTTTGGGAATCTTGTACACAAGAGTAACAGGGTTAGTATTAACAGTCATCCCTGCTGAATATTTAATGTAGCCAGACGAAATGCCGGGAACAACACTAGTTGAAGAATTGGGGTCTGCAACTGCAAATAGCTCATATTCACCTGCAGAAGAATCAAATACAAATTTTTGGTCGGGGACTTGAGTAACATTTCCGGCTTTATCATAAAGGAATGCTCGAAAGCGAAACTCTACATCGGCATCCGACACTGGCATCCATGTAGCTTTAGCTATCGCTCCACCACCTTTAGTTATAGGGGCTGTAGCAGCTCTTGACCCATCGTCGTAGGCCATTGTATAGCTGGATTGTATTGATCCATCTGGTTTTATTATTTGAACAATAGCCTTATCAAAACCAGATAGATCATTGATATTCTTAATTGCAAGATTTATGGCAGATTCTTGACCTTGGCCAAGTTCCCAGCGAGGTCCCGTTACAACCATGTTGTACCCAGGAATCCATGGTACAGAGAAGTTATCAGACGTAGGGCCTACCGTATCTATTATAAAAGGATGGGATGTTGTTGAAACAACGGTCGATTTTGAGTCTAAAATCTCAGATTTTATGGTGTAACGACCATCACTGATAGGTGGAATAGTGACAGTCTTTCCGTAAAACATATTTCCATTAGCGGAAGAAATCCTGTCATCAACAGAGATGATACTTGTTGTTGTGCTGTAAACAGCACTGTTATCAGCATCGCGAGTTACGGTTAAGCGGATTTGTTGGTCCAAGCCACCAATGAGGAGAGCGTTAAAATTCCCATGTGGATTAAGATAGGGCGCACTTTCAGGGACACTTTTTTGCGCCCCATTGATATCTGTAAAGGTGTACTCGTATACCCGGGCCTGGGCGTTGGAAAACATGCTCGCGGCTATTGAGAGACTCAAAGCAAAAGCAGAATGATGTAAGAATAGTGAAAAGCGCATAGGAAACCTTTTTATGTGAGAAGCCACGAAAGTTACTTTTCAAAGACACTCATAGGTCTATACGAGAATAGTATCATGTGAAATTTTTGGGTTTCCGACATAAGAGAGCAAAAGAAAGAAATGTCACCATCTTTTGATAGTGACATTTTCACTCCGAGGTTCAGCTGAGTTGGGAAAGGATACTTTCTGCAACAGCAATCTGCTTAGTTGAAAGATGACGACCACTTTGAATCGTAAGCGTAAGGCTTTTAAGGAAGGGGTTTTTGTTGCTTGAAGACATGATTTGTCTCTCAAGGGCTGATAAATTTTTTCCTTGACTCTCACGCCAGTGTCGTGAAGAAACAATCTTTTTAGCAGCTAGATAATTCTTTTTAAAAAGCATTTGAAGCGTGAAACACTCTTTTATTAAGGTACCTTGTTTGCCCGTACCTTTACACGAGGTACATTTTCCTAAAGAATTTGCATAACTGATACGATGACGACCTGACCCTTTACAATATGAGCAGATAAAATTTTTTTCATACCGAGCAGTGCCGTTGAATTCATTAATATTGAAAACAAGTTTATTATCAATTAACTGACCGTCAACTGAATACCAACTTTCATTCGAATGTGTCATGGATAGGCCCCACCATCGCGTTATGTATGACACAATTAAATCAAATGAAAAAGGCTTGTACATACCCTATTTTAAAAATACAAAAAGGGCGAATAAGGAGTTAATTTATAGACATCAAAAACATTCACTAATAACAGCGGAATTGATTTTATTCAGTGTCTATAACGATAGGAAGGTATTTTTAGGTTAAGTTACAATAAAATAAGGAGCTGTAAAATAGCCCCTTACTTTAAAGACGAATAGGTTCAAAGAAGTAGTTAATCCTCTTCTGGATTAGCCTCCGGAAAATTATTCATTGCTACCGGTGGAACCAATACTGCAACAGGTTCTCCATTTTCTGGAAAAGGGGGGATTCCCTGCATCTCGTTGATTTTACTATCAGACATAGCCCAATCCTCTATCATTTAAATTATCTCGTTGTTTAAATTCAAACTGCGGAATCTAAATTCAATAGCGAAAATTCGTTTTCCTGACTTTCTGAAGCGGGCTCCTCCATAGGATCATTAGCTGGCAGCGCATTAGAGTTTACCTCTGATGTTACTGATGGGTCAGAACTAGAAAGTTTTCCCTTTGTTGTTTTACGCTCGAGCTTAGCTTCATGGCCACGAATAGAGTCATCTGAGTTAAATATAAGTTCAATTAGATGTCTGTCAACTTCAATATTTATTTTTTCGTTGGGTCCAATCTGATTGAGATCAAACGAAGAGGGCAGGGAGGCTCGTAATCTGTTGCAAACCTCTTTAGTACTGGCTGCGAGATTTTGTGCCAGTTTACGAGGAATTGGTTGCACTCCCAGTGAAGA
NZ_CP073782.1_gap119	4866891	4870770	3879	ATTACCGTCGCACGTTCAGGAATACGATACGGGAGACGATATGAATACTGACTTTGCCCATTACAACGAAGAGCAACTACGCAAACTCGGTGAGCTGCACAGTTTACTCCGTCACAGCGATATCGGCTCATCTTACCTTGCCACGCTCCCGGAGCCCCGTAGTGTTGAGGAGTTGAATCCTCCACAGGAAATCAATGTGACTCATTCGGTACCCGACGTCGACACCCTGGTGGATATTTACCGGCAGCAGCGGGTTGATAAAGTCCATGTCAGGGATGAGCATTATTCAACCAAAATCACCCGAAAATATCCCGGGTTCGTTGTGGTCAGAAACAATCATGATCAGGTGATGTCGCTGGTGGGCGAAATCAACCGGCTTCGTGACAAATTTGCTGATGCTGTAAAAGCTATCACTCATTACCAGGACTCCCGGTCAGAAATTCTGCACCAGGTTTACCCGTGGCTGGTGACTTTACAGGTGTCCCGTAATATCCGGATCGTTACTGAGCAAATTCGCTCCCTGGGGTTCACCTGGCAAATCCCTGTCATTCATAAATTTACCCGGCTGGAAACGGTTATCGACCGCTTACGCAGGGAGATAACTGAGCTCCAGCCGGATATCAGTCTGACAAAACAGGATGTTGAACGGCTGAAACAGGAACGAACCGAAGAAATCATGATGCTGTCGTTGCTCAATGATGAAGTGAGTCATGACGATGAAAATTTGAGAAAATTTCGGCTTATCCGGGAAAGTAACTTTCCGGCTGTTAACGTCAATATCCGGTACACCAGTCCTGAAGATCCAGATGATGTTCATGGGCCGTACAAACTCAACTTTCGCGCGCCTTTACCATTAATTTTGTTCAGCGAACCGGGCCGGTTTAATCCGTTAAAAAATTACCTAAAAGGTGAAAGGCAGAAGCGCGGCGATTTTAATGAAAAATATCGTTCTGTCCTGCCCCGTATAGGGCTGGTGGAAGTCATCAGGGAGTCAAAATGAGCCGGATTTTAACCGGGATTTGTGAAGCTGATCCGGCCAGGAGGTTATACAAAGTGGCCGTCAGTAGGGGAAACACTTTTCTGTCTGCAAAAGAACGTTTCCGTGTACAGGTCTGTTTCAAAAATGCCATAACACATCCAGATGAAGATCGGCTGCTGGCCGAGCTGTTGACTGTTCATCACTTCCTGGCTGACACCTCTATTTTATGGCATATGGAGCAAAAAACTTATGCATGCACCACGACATGGGCCACCACGTCCACATGGCTGCCAGAGATATATCAGCGTCAGGCCAGCACGCCCAATGTGGTAAAGATTATCAAATTTATGCACGCCCGGTTTCCAGGCCTTAAAACGGTTGCAGAAACAAATGAGCAGGGTTACGAACAGGCGCTTACCAGTGTGGATTTTGAAATTCCTTACTGGCCGGTGCTGCCGAAATTCGAATCTGATATAGGAACGATACAGGTAACGATTGCCGGGATGATCCGTTACACAGAAACGATGAGCAATAAAGATTGTAAAACCCCTCTCGACTTAATGATAAAAAGTTTTAAGTCAGGGTTGATCCCGATAGAGAAAATGCCGTTGAGTAAGACTGAAAGGCTTATGCCTCTGAATATCAACACCGCTGGTAAGATATTTACACACGCAACATGGCCGAGATGTCGTTACATTTTCGTACCGGATGAGGCGGGAATAATGAAACTGGTTAACGTGGTCAAATTAAGATTAAAACCCCTGGAGGAAAAATGACTTACGCGATTTTCTTGTTAGTAACTGCTGTTTGTGCATTCGGATTAAATTATCTGACAAACAAAATCTGTTCCGGTACGGGTATGATTAACCAGAGTGGAGGCTCTAATGTACACGCCTTACGGTGTATCACATCGTTCCTCCTTCTCCTTGTCTCACTCTGGCTTCCTGTCAAACCTGCCGTGATCAATCTGGCAGTAGAGTTTGCTGCACTGGTGAATTTTATTGCATCTGTCACTCTCTATACCGTTGCAAATTTCCGGGAAAAACGGAGATTAAAAAAACAAAGAAAAGAAGAAAAAGCTGCTCAAAATGGATAATCCATGATATCGCCTCTCATTTTCCTTCGTGAGACGCACCAGAACTGATTCAGGCACAGGGTAACGTATTTTCCGGTTTCCTGGCTGCCTTCGAAATTATTCCGAGCAGGGAGCAATGTCAGCCGTTTTTAAATATCATCCGGAGTTTTCATGAATAATAAAAGAACGATTACCACTCGAGAGCAGTTTAAAATTAATGGGGAAATTCGTGAGAGAACAGCAACCCATATTGTTACCGGTGCTCATGGGTACGAAACCCTGGTAATGACTCCAACTTATTGATAGTGTTTTATGTTCAGATAATGCCCGATGACTTTGTCATGCAGCTCCACCGATTTTGAGAACGACAGCGACTTCCGTCCCAGCCGTGCCAGGTGCTGCCTCAGACAAAGGCGGTGGACAGCGACGCGCGTCTCGAAGCCTGGCAGGGCGGCCTGGTGCTGAGCCACACCAACGACAGCGGGGTGAACAAGGTGATCCTGCGCTATTCCGACAACTCGGATAACAGCGTCTACAACAAGACCGACGACCTGACCACGGTCTACGCCAGCTTCGAGGGCAGCCATAAGTTCACCCAGCAGGCGCAGGTGGAATATCTGCTGGCCTTCCATGACTACGACAACGGCAAAGATAATACCGACAACCGCAAAAACTACGGCGCCATCGTGCGGCCGATGTACTTCTGGAACGACGTGCACTCCACCTGGCTGGAAGCGGGCTACCAGCGCGTGGATTACGACCAGGGCGGGGATAACCACGGCTGGAAGCTGACGCTGTCGCAGAACATCGCCATCGGCATGGGGCCGGAGTTCCGTCCGATGCTGCGCTTCTACGTGACCGGCGGCCAGGTGGACAACGAGCATACCGCGAAGGTCAACAACACCAAAGACCAGCAGCTGGATTCGCTGAACGTCGGCGGGATGTTTGAGGCGTGGTTCTGATGCGATAGCGTTGTCGAAGGAGCGTTCCCGGCTGGCGCTACGCTTAGCCGGGCTACGACTGAGGAGGCCTGCGGGATTCCACCCCCAGGCCCGCGCAAGCGCAGCGCCGCCGGGCGGTCAGGCACCGTACCCGCGGTTGTGCCGGATGGCGGCATACATGCCTTATCCGGCCTACGTTCCTGAGGAAGCCTGCGGGACCCCACCCCGTAGGCCCAGCAAGCGCAGCGCCGCCGGGCGGTCAGGCGCTGTACCCGCGGCTGTGCCGGATGGCGGCATACATGCCTTATCCGGCCTACAGAAAATCGCCTTCCCCCCAAACAGCTCCGCCGGGCAGTCAGCCCCGTGCCCTGGTGGCGTCATCAATTCTTTATCTCTGGCTTAATCGGCGGGCGATACGCTCAAGCTTCATCATCAACAGCAGCGTGACGCCCACCAGCACAATGGTCAGCGCCGAGCCATCGGCGATATTGCCGCGATCGGTGAGGCTGAAAATGGTCACCGGCAGCGTCGTCCAGCCCGGCGGATAGATCATCACCGTCGCCCCTAACTCTCCCATCGACAGCGATAAACTCAGCGCCAGCGCCGAGATCATCCATGGCGTCATCAGCGGCAGCGTCACATGACGCAGGCGATACCACGGCGAGGCGCCCAGACTGGAGGCGACGTTTTCAATATCGGCGGAAATACGCGCCAGCCCGGTCGTTACGTTACTGAAGGTAAAGGCGGAGATCAGCACGAAGTGCGCCGCCAGGACGATAAAAAAGGTGCCGTTCATCTGCAGCGGCCCCTGGCTAAACGCCACCAGAATGCCCAGCCCGACGGAAACCGAGGGGATGGCGCTGGGCAGATAAAACGCCAGGCCA
NZ_CP073782.1_gap120	4891586	4895985	4399	CTTCCAGCTGATTAATCCGGTGACTGACGGCGCTTGGGGTGAGCGCCAGCTCGTCGGCGGCAAGGGCGAACGACTCGTGCCGCGCCGCCACCTCAAACGTCGACAGCCTGGAGAGTTGCCAGCCGTTCAGCAACCGGGTACCTAAGGTTTTTAGCACATCCATTATGCGCTCCTGGCGATAATAGGGAGTCTGGATGATAAAAAAATAACACCGGAACTTCCGCTAAAGGATGAGTTAATTTGACCCATAGCATATTTAGAGGTCACTTTTAGAGCTAAATCACCTTTTTGATTCAATTTGGCTCATCTGAAAGGTCATTTATATCGTTTGTCAGCCCATGCCGAGTTTCTGTTCAATAACCACACGTTACTTACGGCGAGGTGGGGTATGGAATCGCAAATTTGGGTTGTGAGCACATTGCTGATTAGCATCGTGTTAATTGTATTAACCATCGTCAAACTGAAGTTTCATCCGTTTCTGGCGCTGCTGCTGGCGAGCTTTTTCGTCGGGGCGATGATGGGAATGGGCCCGCTGGAGATGGTCAACGCCATTGAGAGCGGGATCGGCGGTACGCTGGGCTTCCTGGCGGCGGTGATCGGTCTCGGCACCATTCTCGGCAAGATGATGGAGGTCTCCGGCGCGGCGGAGCGCATCGGCCTGACGCTCCAGCGCTGCCGCTGGCTGTCGGCGGACGTGATTATGGTGCTGGTCGGCCTGATCTGCGGTATTACCCTGTTTGTCGAAGTCGGGGTGGTGCTGCTGATCCCGCTGGCATTCTCCATCGCCAAAAAAACCAATACTTCGCTGCTGAAGCTGGCTATTCCGCTGTGTACCGCGCTGATGGCGGTGCACTGCGTGGTACCGCCGCATCCGGCCGCGCTGTTCGTGGCGAATAAACTGGGGGCTGATATCGGGACGGTTATCGTCTATGGCCTGCTGGTCGGCCTGATCGCCTCCCTGGTCGGCGGCCCGCTGTTCCTCAGGCTGCTCGGCAACCGCCTGCCGTTTAAACCAGTGCCAGCCGAGTTTTCCAACCTCGACGTTCGCGAAGAATCGACGCTGCCGTCGCTCGGCGCTACGCTGTTTACCGTGCTGTTACCGATTGGCCTGATGCTGGTGAAAACCGTCGCTGAACTGAATATGGCGAAAGGCGGCACGCTGTATACAGTGCTGGAATTTATCGGCAACCCCATCACCGCGATGTTTATCGCCGTCTTTGTCGCCTATTACATGCTCGGCATCCGTCGGCAAATGGGGATGGGCGTTCTGCTGATTCATACCGAAAACGGCTTTGGGTCCATCGCCAACATCCTGCTGATTATCGGCGCCGGCGGCGCATTCAACGCGATTTTGAAATCCAGCGGCCTGGCCGATAGCCTCGCGGTGATCCTGTCGAACCTTGATATGCACCCGATTTTGCTGGCCTGGCTGGTGGCGCTTATCCTGCACGCCGCCGTTGGCTCCGCCACCGTGGCGATGATGGGCGCTACCGCCATCGTTGCCCCGATGCTGCCGCTTTATCCCGGCGTAAGCCCGGAGATCATCGCCATTGCCATCGGTTCCGGCGCCATTGGCTGCACGATCGTCACCGATTCCCTGTTCTGGCTGGTAAAACAGTACTGCGGCGCCAGCCTCAGTGAAACGTTCAAGTACTACACGACAGCGACATTTATCGCGTCGCTACTTGCACTGGCCGCCACCTTCCTGCTTTCTTTCATTATCTGAGCGCAAAGAGACGTATGATGAAACACGCTGACCTGACCACCTTAACCGCGACCTTCCCGCTTGTGCAGGATCTGATCGCCCTGAAAGAAACCACCTGGTTTAACCCGGCAACCACCACCCTGGCGGAGGGGTTGCCTTACGTCGGTCTGACCGCCGACGATGTGCAAGACGCCCATGCCCGCCTTCAGCGCTTCGCGCCCTATCTGGCGGCAGCCTTCCCGGAAACCGCCGCGAGCGGCGGGATTATCGAATCAGAAGTGGTTGCCATTCCGGCAATGAAACGCAGCCTTGAGCAAAAATTCGGCCAGCCAATTAGCGGCGAACTGCTGCTGAAAAAAGACAGCCATCTGCCAATCTCCGGCTCAATCAAAGCGCGCGGTGGGATTTATGAAGTGCTGACCCATGCGGAAAAGCTGGCGCTGGAAGCCGGGCTGCTGACGACCGCAGACGATTATCGCAAATTGCTGACGCCGGAGTTTAAACAGTTCTTTAGCCAGTTCAGCATCGCCGTCGGCTCCACCGGCAACCTTGGGATGTCGATCGGCATCATGAGCGCGCGCATTGGTTTTAAAGTCACGGTGCATATGTCCGCCGATGCCAGGGCGTGGAAAAAAGCCAAACTGCGCAGCCACGGCGTAACGGTGGTTGAGTATGAAGAGGACTATGGCGTGGCGGTCGAACAGGGGCGCAAGGCAGCGGAATCCGACCCGAACTGCTTTTTTATCGATGATGAAAACTCGCGCACGCTGTTCCTCGGCTATGCCGTAGCCGGCGAGCGCCTGAAAGCGCAGTTCGCGCAAGCAGGACGCGTGGTCGATGCCGATCATCCGCTGTTCGTCTATCTGCCGTGCGGCGTCGGCGGCGGCCCCGGCGGCGTGGCATTTGGCCTGAAACTGGCCTTCGGCGACCACGTTCACTGCCTGTTCGCCGAACCGACCCATTCGCCATGCATGCTGCTCGGCGTCTATACCGGGCTCCACGACCAGATAGCGGTGCAGGATTTAGGCATTGATAACCTGACCGCGGCCGACGGTCTGGCGGTCGGCAGGGCGTCCGGGTTCGTTGGCCGGGCAATGGAGCGCCTGCTCGACGGGTTCTATACCCTTGACGACCAGACGATGTATGACATGCTGGGCTGGCTGGCGGCAGCGGAAAATATCCGCCTTGAACCCTCCGCGCTGGCCGGGATGGCCGGAGCGCAGCGCGTCTGCGCCAGCAAAGCGTACCATCAGCTGCAGGGGCTGAGTGAGCAACAGCTGCAGCAGGCCACCCACCTGGTGTGGGCCACCGGCGGCGGCATGGTGCCGGAGGAGGAGATGGCGCAGTACCTGGCGAAGGGGCGCTAATCTTTAGCGCAGCAGCGGCATCAGCGCCTCTGGCGGCCGCTGCTGTCGCCGCAGGTCCCGCATCACTCGCATATAGGGCCCGCTAAAATCGTAGAACTGCCGGTAACCCGCGCACAGCGGGTCTTCCTGTTCGCCACAGCGGCACAGGCGCAGCCACGGGCAGCCGTAGCAGGCGCTGTTGGCCGCCGGCGCGCCTGGCTGGGTCAGCGTCTCCCCGCACCAGGCGCTCAGCGTCTCGCTAAACAGTAAAATATTGATGCGCCCAATATCTTCCCGCACCCAGCGGTGAAAGACTGCGCAGAGAAACTCTCCCCAAAGCGCGGCGTCGCCGGCCGCCAGCTGCGGAATAAAATGGATAGCGGTGAGCCCCTGTTGACGAAGCTGCGCATAGAACGCCTGCGGTTGATGGCAATGATGCGCCTCCACCACGACAGCCTGAAAGGGAGTGTCATGTTGCTGGCCGGGGGCATGAGTGAGAGGCAAATTCGCCGGACATCCTGTCATGACATATCCCTAATGAATAAAACGATCGGTTGAAGGTGAGTAACAGCAAACAGGAATGCCAGAGAAAGTACTGCGAGTGCGATCAAAAATTTGTCACGAACCGCCCGCGGCTGTAAAAAATCGCTATCGTCGACGTCCATCAGATGACGACGGCGGGTATAGCCCCAGAGGATCACCGCCACAATCGCCAGTACGCCGATCGACAGCCAGAACGGCAGGCCGGCGCGGTGCCAGCTGTGCTTAATCGCCAGCGCCATCAGCGCGCCGTAGCCCAACAGGGTGCGAAACCAGGCCAGCGAGGTGCGCTCTGGCTGAAGACCGGGATCGCTTTCCCGCCGCGCCCGGCGTTTATCCGCCATACACCACCAGCAGCATCACCGCGGCCACCACCGCCAGCAGCAGAATGCTAATCACCAGCAGCGTGCGGGTATAGGGAAGGTCCTGCTTGAGACGCATCGCCTTCTCGTTATTCAGCCAGCGCAGATAGCCATAGATGGCCATGCCGCCGGCAAAGAGACACAGCAGCAGGGCGAGAATTTCACGGATCAGCGGCGTGGCAAAGTCCGGCGCTAACTGGTCAAGGCCGACGCCGGCGGCGAGAAAACCGAGCGCCGTGCGGATCCATGCCAGAAAGGTGCGTTCGTTAGCCAGCGAAAAGCGGTAATCCGGCGCTTCGCCGAGGCGGGAGATTTTCATTACAGTTCCTTGTTCATCGCGCTGCAGGCTTCAGCATAGCGTAAATCAGGAACCGGGGAGAAGAACCGGCGCCCCGCAGGGCGCCGGTATTACAACGGGGATTAATGCAGCTCAGGCCAGTAATCTT
NZ_CP073782.1_gap121	4899631	4901248	1617	TTCCGCAACCTGTCGCTGAGTCATCTGGAAGGGTCGAAATTTGATTATATTGAGAAGGAGTGCGGAATCATCATCAGCGGGAACTATGAAACGCTGACGCCGGTGCTGGCGGACAAGCAGCTGGCGCGCTCAATGAACGTCCCGGAGCAGACGCCGCTGCTGCGTATTACCTCCCTTTCCTACAGCGACAGCGGCGAGTTTCTTAACTATTCGGTCATGTTCCGCAACGCCAGCGAGTATCAGGTGGACTATCACCTGCGCCGCGTCCAGGCGCAAAGCCCGCTAGCTCAGTCCCCAGAACAGCACGGCGAGTAGCTGCGGGGTGATAATGCGCAGGAACATCACCAGCGGATAGACGGTGGCGTAAGAGAGCGCCGCTGCGCCGCTGGTGGCGTGCAGGTTGTTGGCGAAGGCCAGCGCCGGCGGGTCAGTCATGGAGCCGGCCAGCATGCCGCACAGCGTCAGATAGTTCATTTTCGCCAGCATGCGCGCGAGGATGCCCACCGTCAGCAGCGGGATGGCGGTGATGAAAATGCCGTAAGCGATCCAGCTCAGACCATCGCCCTGGGTCAGGGTGGCGACAAAGTCCCCCCCCGATTTTAGCCCGACCACCGCCAGAAACAGCACTATCCCCAGCTCGCGCAGCGCCAGGTTGGCGCTCGGCGGCATAAACCAGTACAGCTTGCCGATACTGCCGATACGCCCAAGGATCAGCGCCATAATCAGCGGCCCACCGGCCAGTCCCAGCTTCAATGCTGCAGGGAAGCCGGGAATAAACAACGGGATAGATCCCAGCAGTACCCCGAGTCCGATGCCGATAAACACCGGCAGCATCTGGACCTGCTGCAGCTTCTGCTGAGCGTTACCCAGTTCGGCGGCCACGGCGTCAATTGCCTCCGGACGGCCGACCAGGTTGAGGATGTCACCAAACTGCAGGCTGGCGCTGCTGCTGGCTACCAGCTCGACGCCTGCCCGGTTAAGCCGGGAGATCACTACGTCATAGCGCTGTTTGACGTGCAGATCGCGTATTTTCTTCCCCAGCACTTTTTCGTTAGTGACCACCACCCGCTCCACTTTCAGATCGGTGCCGCGCGTCGACAGCGAGGTGGCCACCTCCTGGCCTATCACCAGCTGCGCATTGTGCAAATCCTCAGGTCGCCCCACCAGGTGCAGCAGGTCGCCAGCCTGGATAAGGGTGCCCGGCGCAGGCACCATCAACAGCTCACCGCGTTTCAGCCGCGAACAGACGATGTTGTCGTTGTTGAGCATCGGCACATCCTGAATCGCCATCTGGTTGAGGTTGGGGTTTTCCACCCGCACGTTGATGGTGTGTAAATGGGCGTGGCCGTTGCCGCTGCTCTCCTCAAACCGCTGGGCCTCTTTCTCGACATTGATGCGAAAGAACAGACGCACCAGCCACATGGTCAGCAGAATGCCGCAGATGCCGAACGGATACGCCATCGCATAGCTCATCCCCATTTGATCGACCACCTCGAACGGTACGCCGAGATCGCGCAGAATTTGCTGCCCGGCCCCCAGCGCCGGCGTGTTGGTCACCGCGCCGGAGAAGATACCGAGCACCACCGGGAGAGGAATATTGAACAGCTTATGCAGCAC
NZ_CP073782.1_gap122	4903654	4905163	1509	CGGTAATCCGGAATACCCCTCAGGCGTATTCTCAGTGGGTTACACCTATAAAATGGGTTTCTCCCCGTGCTTTTCAAGGGATTGAGGGCAATTTTTTTTGCAGTTTATCGATGATTGCTTAGACTGGGTGGAGGAGCACAAAAAGCAAAGTGCGATGCCCGCCACAGTGCGGCGCAATAACACTATGCATTCACGGGATGGCCCGATATAACCGCTGAAAGGTTATCTCAACGCCCGAAACGACAATGGAAGAACAATGAAAAGCAGACGACTGTTAAAGCTGGTCCTGTTCAGCGGGATAATAAGCCTGAGCGGTTGCTCCAGCGTAATGTCACATACCGGTGGCAAAGAGGGAACCTATCCGGGCACGCGATCCAGTGCGCAAACGCTGGGGGACAGCGATACCAACTGGGGTGTGAAATCGCTGGTGGCGCTGGACATGCCGTTCACCGCCGTCATGGATACCCTGCTGCTGCCGTGGGATATGTTCCGCACCGACAGCTCAATCAAATCTCGGGTCGAAAAGAGCGAGAAGGCTACGCTGGCGACCAACTCGGTGATCCCGCCAGCGCCGATGCCTGCCCAGTAAGTTATCGTCCGGTCTGCGTAACCCACAGCTGACGATAACCGTCCACCTCCTCCATCCAGGCAATCTGTTTACCGTCTGGCGAAAAGACGATCGCGTCCGCCGAGGGCGCATGCGTATCGGTTAAAAAGGTGATATCTCCCGTACCGGCATGGCAGCAGGCAATCCGATCCTCCAGCGCAAAACCCAGCCACTCTCCCGACGGATGCCAGTTAAACGCCGACTGGATACCCGACGCGTGATGCGTCAACTGCCGCGGCTCGCCCCCCTGCGGGGAAATAAGCCACAGCTGCACTACGCCGGCGTCGTCGCGCATCAGAAAGGCTATCGCCGTCGCCTGGGGATTGGCGCGCACCCAGTGGCGCGGGACGTTCACCAGTCCCGGGTAGCGGCGATGGTGGGTGAAGGTCAAACGACGCTGGCTGACGCCCGCCGGCGGCGCCGGCATTGTGGTTGCGGTACCGGCCAGCGGCGCCCCGCCAGGCTGCTTCCAGCCGGCTTCATCCTGCGGCAGATCGACAATAAACAGCTCAGGCACTTTATCGCCATTTTCCGCCAGCGTATCGCCAATAAACGCCAGAGTATGGTTCCCGACCCAGCCCTCCTCATAGGCGCGATTAATCTCATCGCTGCCCGGCGCGGGTGCCGGCGTCGTGCGGCTTACCAGCACGCACCAGTGGCTGCCGCCATATTCGCGCGGATGCTGTCCCTGCGGCGTCACGGGTCCATAGGGCGCCGCCACGCCGACGTTGCGCAGATCCAGCGCCGGATCGCGCTCGTGCAGCACGTGATCGTTGTAGGTAAAACTGACAAACTGACCGTTGGGGCTATAGACATGGACGTGGCTGCCGCCGCGCAGCGCGCCGGGCGTGTAGGGGGGGGTAATGTCCATGGCGTCCAGATTCTCGACAGCCCCCTGAAAG
NZ_CP073782.1_gap123	4930143	4932968	2825	GCGCCTTTGCGGGTTACTGCGATCGCCGCTGCGGCATGCGCAAAGCGAATCGCCTCCGGCAGGGCGGTCCCTTCCAGCAGCGCGGTCACCAGCGCGCCGTTAAAGGTATCACCGGCCGCGATAGTATCAATGGCCTGTACGCGAAATCCTGGGATCCGGCGGCTTTCGCCTTCGGCACTGAGCCAGACGCCGCGGCTGCCGAGGGTGATCATCACCGTACCAATGCCTTTGGCATGCAGCACGTTGGCGGCTTTTGCCGCATCTTCGTCACTCTCAACGCGAATACCGGTCAGCTTTTCCGCTTCGGTTTCGTTAGGGGTAATAATATCCACCAGCGCCAGCAGTTCATCCGGTAGTTCACGCGCTGGCGCGGGGTTCAGCACCACGGTGGTGTGATGGTGATGGGCGATTTTCGCCGCCGCTATGACGCTCTCCAGCGGCGACTCCAGCTGCATCAACAACGCCTGTGCGCTGGCGATACGCTCTTTTTCCGCCTCAACCTGGGAGACGGAAAGCGCCGCATTGGCGCCGGCATGAATACCGATGACATTCTCACCTTCGGCGTTAACGAAAATTAACGCCACCCCGGTCGCTTCCCCGGCAACCGCGCGCACGGGCGCCACGTCGATTTTATCGCTCGCCAGCTGACGACGGATGCGTTCACCGATATCGTCATCGCCGGTGCAGGCGATAAACGCGATATCCGCTCCGCTGCGCCCGGCGGCCACCGCCTGGTTGGCCCCTTTTCCACCGAACGCCACCTGATAATGGTGGCCTGTGACGGTTTCGCCCGGCGTCGGGAAAGCGTCAAGGTTAAGAATGTGATCGGCATTGATACTGCCAAGGACGACAAGTTTGCCTGCAGTTTTCATCATTTCTGTTCCCGGGAAAGCGCGCCACCGGGATCCGGTGGCGCATGCCCTGCTTTTCTTTTTTTATATTGTCCCTCGGACCGTTGCCAGTCCGAATCGCATATTACTGCTTAACGACCAGCTTCAGCTCAACCGGGTAGTTAGCTTCCACTTTTTCGCCCTTCAGTACCTTATCAGCAGTCTCAACGCCTTTCGCGCCGATCTGCTCCGGCAACTGTGCGACGGTCGCCGCCAGTTTGCCACTGTTTACTGCTTTTTCGCCATCCGGAGTGCCGTCAAATCCAACCACCATCACATCGGACTTGCCTGCGGTCTGCAGCGCGCGTAGGGCGCCCAGCGCCATTTCATCATTTTGCGCGAACACTGCCTGGACGTCAGGATGTGCGGTCAGCAGGTTCTGCATCACGTTCAGGCCTTTGGTGCGGTCGAAATCGGCCGGCTGGCTGGCCAGGACGTTGAATTTGTGCGCCGCCACGGCCTGTTTAAAGCCTTCGCCACGCTCGCGCGCCGCAGAAGTTCCGGCAATGCCCTGCAGCTCAATGACTTTTGCACTTTCACCCACTTTTTTCGCGATGTAATCGCCAGCCATTTTCCCACCCTGCACGTTGTCAGAGGCGATATGGCTCACAACATCGCCTTTTGTCGCCTGACGGTCGAGAGTGATGACCGGGATTTTCGCCTGGTTCGCCATCTTCACGGCGTTGCCGACGGCATCAGAGTCGGTGGGATTGATCAGCAGCAGCTTGGTGCCGCGCACCGTTAAATCCTGGACGTTCGCCAGCTCTTTCGCCGGGTTGTTCTGGGAATCCAGCACCACCAGGTTGTAGCCCAGCTTGTCAGCTTCTTTTTGCGCGCCGTCTTTCAGCGACACGAAGAACGGGTTGTTGAGGGTAGAGATAACCAGAGCGATGGTGTCTTTGGCCATCGCGTTCGCGCTAACGGTCGCACTTAGCGCAACAGCAGAGACCAGGGTCGCCAGTTTTTTCATATTCATAGTTAAGATGTCCTGTAGAGTTCTCAGTTACTGCTTTTTGTTATCTACCAGTACCGCCAGCAAAATCACCACCGCTTTAACGATCATCTGGTAATAGGAAGAAACGCCTAAAAGATTAAGACCATTATTCAGGAAGCCAAGGATCAGCGCACCAATCAGCGTGCCGACAATGCGTCCTTTGCCACCAGCGAGGCTGGTGCCGCCGAGCACCACCGCCGCAATGGCGTCCAGCTCATAGCCCGTCCCCGCCGTCGGCTGCGCGGAGGAGAGACGCGCCACTTCGATGATCCCGGCCAGCGAAGCCAGCATTCCGCACAAGGCGTAAACGATAATTTTAACTTTATTGACGCTAATCCCGGACAGACGCGTCGCCGCTTCATTACCGCCCAGGGCATAAATATAACGGCCCAGGCGAGTATGGTGCAGCATGTACCAGGCCGCCAGGAAGACAATCGCCATGATCCATACCGGCGTCGGGATCCCCAGCGGACGCCCGATGCCAAACCAGCCGAACAGATCGGCATTATCGCTAAAGCCGGTATTGATCGGGCTGCCGTTGGTGTACACCATGGTTACGCCGCGCAGCAGCAGCATCATCACCAGGGTGGCGATGAAGGCCTGCACGCGGCCTCTCGCTACAATCACCCCGGTGACTGCGCCGATCGCCGCACCTAATGCGAGGGCAGCCGCGACCGCCACCAGCGCATTAACCTCAATGCCAACGATTGACGCTGCCACCGCACCGGTGAGCGCCAGCAGGGAGCCGACGGACAGATCGATCCCCGAGGTCAGTATGACCAGCGTCATCCCTACCGCCATAATGGCGTTAACGGAGGTTTGCTGCAGAATATTGAACAGGTTATTGACGGTAAAAAAGTTGGGGCTCATGGTCGATACCACCGCGATCAGCACCAGCAGGGCAATCAGCGATTTTTGCTCCATCAGCCACGCTTTTGTGA
NZ_CP073782.1_gap124	4936098	4938008	1910	GCGATAACCGTCGCCAGCGTGGCGATAATCAGCATCGGGATCAGCGCCCACTCAGGCGCCAGCAGGAAGAACGGGTTTTTAATCGCTTCCGGGTGCTTCAGCAGCAGCGCGCCCTGGCCAAAATAGTTCAGCACCAACGAGGGCAGCACGACGGAGAACCAGGCAACGCGGATCGGCAGTTTGCCGAAGTGGCCCATATCGGCGTACAGCGCTTCCACCCCGGTAATCGACAGCACCACCGCGCCAAGCGCAATAAAGGAAACGGTCTTGTATTGCAGGAAGAAGTGCACAGCCCAGTAGGGGTTCAGCGCCTGCAGAACTTCCGGATTAGCGTAAATGCTTCGCGCGCCCAGCACCGCCAGTAACAGGAACCAGATCAGCATAATCGGCGCAAACAGCTTGCCGACCATGCCAGTCCCGTGCTTCTGGATCACAAACAGCAGGGTGAGCACGATAATGGAGATAGGGACAATCCAGGTATCCAGCTGCGGGGCGATAATTTCTAACCCCTCTATCGCCGACATTACCGAAATCGCCGGGGTAATCACCACTTCGCCATAGAAGAAACTGCCGCCGATAAGGCCGAGGATCACCAGCACGGAGGTCATTCTGGCCGAAGTATTACGTCCGGCCAGCGACATCAGCGTTAAGATCCCGCCTTCCCCGGCGTTATCCGCCCGCATCACGAAGGTGATGTATTTAATCGATACGGTAAAGATTAACAGCCAGAAAATCAGCGACAAAAAGCCAAAAACGGCATCGCGCTCTACGCCAAAGCCAAACTGACCTGACAGGCATTCGCGCAGGGTATACAGTGGACTGGTACCGATATCGCCGTACACCACGCCGATGGCCGCCAGCGTTAACGCCGGCAACGATTGTTTATTATCAGTGCTCATAGACTAGTCTTTTCGTTTATAAAACAAATGTGTGCCTAGTCCCTTGGCCCACAAAAAGCGCACAGTATGCACGATTATTTGTGAAATCGTACCCCTAACAGACACCATATTAACCTGGCTCAAAAAAAATAAATCGATTCTTCAGGCTATTACCGCCCCGGCTCTAACATCTATACTCGTCCCAATAACGATACATGACAAAGCACGCAACTCAATTATGGCTCAAACACATTTACTGGCTGAAAGAATTTCCCGGCTCAGCGCGGCACTCGAAAAAGGACTCTTTGAACGCAGCCACGCGATACGCCTCTGCCTGCTGGCGGCGCTCAGCGGCGAGAGCGTTTTTTTGCTTGGTCCACCGGGGATCGCCAAAAGCCTGATTGCCCGCCGCCTCAAATTCGCCTTCCAGCAGGCGCGCGCTTTTGAATACCTGATGACCCGCTTCTCCACCCCGGAAGAGGTATTTGGGCCACTGTCCATTCAGGCGCTGAAAGATGAAGGCCGTTACGAACGTTTAACCGCCGGCTACCTGCCGGAAGCGGAAATCGTGTTTCTCGATGAAATATGGAAAGCAGGTCCGGCTATCCTCAACACCCTACTGACGGCGATTAACGAACGTCACTTCCGCAATGGCGCGCATGAAGAGAAAATCCCAATGCGCCTGCTGGTGGCCGCGTCGAACGAACTCCCGGAAGCCGACAGCAGCCTGGAAGCGCTGTATGACCGAATGCTGATCCGTCTATGGCTTGATAAAGTGCAGGATAAAGGTAATTTCCGTTCGATGCTGGTCAGCCAGCAGGATGAAAACAGCAATCCAGTGCCCAGCGCGCTGCAGGTGAGCGACGAGGAATTTACCCAATGGCAGCAGCAGATCGGCAATATTAAACTGCCGGACGCGGTGTTTGAGCTGATATTCCAGCTCCGCCAGCAGCTGGACGCCCTGCCAAATGCCCCCTACGTCTCGGATCGCCGCTGGAAAAAGGCTATTCGCCTGCTGCAGGCCAGCGCCTT
NZ_CP073782.1_gap125	4997773	5000517	2744	TGTCGAAACCGATGGCGAAGGCTGCGCGACCTTTACATGTAACGGGGGGAGCGTGAGCGTGTGGGTGTTAGAGGAGGTATTGTAGTCCTCTGACGCCGGGCGGGCCAGCTATGGCCCGCCAAAATCTCAGCGCGTGGAGGCCGGCGCGCTGACGGGCCCCGTCGCTCGCGCTTTGGCCCACGCCTTCTCGCACTCCGGAGTGAGACGTTCAACACGGGACAACGTCATCCGATCGTAGGAGATCGTGTTGCCCTCGCGCTCGACAGGATAGATGTCCAGGGAAGCGGTCACGTTGTAGATCTCACTGTCACGATTCATCAGTTTCCCCGGCTGCGCAATCACGCGCTGCCACTGGCGGCAGTCGAAGGTGTCCCCTTCTTTGGTGACAATCAGGCTGGCAATGGCGTCAGGACTCATCATCGCGCTCTGCGGCCCTTTCGTTTGCCAGAAACCTGCAAGGCCAGCCGGCGCCGGCGCTTTAACGACGTCCTCATAACGATCAACCTGTACGCAACCGGCCAGCGCCACCACCATGCCAGCAAAAAATAACTTTTTCATCATTCATCCCACAAGCCGATAAAAAAGTATTGTGGCATTAAAGCGTTAAGCCTTCCACCCCCACCGCAAAGGGATAAGCGAGCAAGCCAGCAACCGCTAACGTGGGTTTCATTTGAAGTAAGGAAATTCTGAAAGTAAAAGAATACTGGGCGCGTAACCATAGCATCTATGGGCACTTTTTGTTTTTAATTCGGTCACACTACCGGTTCTTGACTTTACTTTAAGAGTTTTCCTGGCAAATTATATGCATAGATGCGGAATAGTTTAATGGAGCTAATGGGTTCTTTCTAAACCTACTATTATTATCGCCCGCAAGGACTGCTTCGCACAGCCAGTGCGAAGTGTATATCGTTACGTGTTGATTGAGGATGGGTCATGTCAACGATGATTATGGATTTGTGCAGCTATACCCGGTTGGGATTGACGGGATATCTGACCAGTCGGGGAATTAAAAAACAGGAAATCGTTGAGGTCAACAGTGCTGCGGATCTGCAGAAACACTGTACGTCGTGTTGCCCGGCGGTGGTGTTTCTGAATGAAGACTGTTTCGTGCATGATGATGAAAGTAATGGCATTATTCGCCAGATCATTACGCAAAACCCGGCGACGCTGTTTGTTATCTTTATGTCGCTGGCGAACATCCATTTTGACCGCTATTTGCGGGTACGGAAGAATCTGCTAATCAGTTCAAAATCGATAACCCCAAAAGACCTTGATGTTATTCTGGTTAATTATCTTAAATACAAAAACACCAGTGTAGGGCAGTTAACTTTACCGACATTGTCACTGAGTAAAACAGAATCAAATATGCTGCAAATGTGGATGGCCGGGCATGGTACTTCGCAAATCTCAACGCAAATGAACATCAAAGCGAAGACGGTATCGTCGCATAAAGGCAATATTAAAAAGAAAATACAAACGCATAATAAGCAGGTGATTTATCATATCGTTCGGCTGACCGAAAACATCACCTCCGGTATTCAGGTAAATATGCGCTGAAACAAACTGGCGGCGCTCCCGCCAGTTCAGTTTTACGAGACCTCTTTTTCCACGAAAATCCCATCCGGGTGGCCTATTTCATTAAAAAACCAGATCCCCAGAGGATAGTCTTCCAGTGAAACCAGATACATCGTTCCTTCACTAAACGACTCAATCGCCAGCACTACCCCCGATCGACGTGGGCCACCGTCGGTCTTCACCGTGACACGATCGTTCACCTGCATAATCATCTCCTCTATATTTTCAGCCAGTGTAGAACAAAACCACGCAACTCGCAGCGTCGCGGCACGTGACTGGCGCTTTTTTAGACCGACTATACTTAGAGAGGCTTGAGCGACGCTCAGCGAGGGGGTAATGATGAAGCACCAATTAACAGGCCAGACCGGGGACGACCTTGACGTCAACGTAGATGCCCTGCTGGCGGCAATTAATGAGATCAGCGAAAGCGAAGTCCATCGCACGCTGGACGACCCGCAGCGCGCCAGCATTGATGGCCGCGGGTCACATACCTGGCGTGAGCTGGCGGAGGCATTCGAACTCGATATTCACGATTTCAGCGCCAGTGAAGCCAACCGTTAGCGGCAGGCGAAAAAAATCCCGACTCGCAGGAGTCGGGATCAAACTTGCTAATGCAAGAAGCACTTGAAAATTCGTTACACCGGGAAATCCGATGCGTTGAAACATTATCCTCAATTATTTTGCATGACAAGAGATATTCATGACGCAAAATATTGAGAATGTTGGCGCTTGATGACTTATCGGGCTGCAAGGCTGATGTGAGAAGGCTTAGCCGCAAACCGGTTTCATTCGATAGCGCGATCGCCTGCGATCACTTTAAGATAATTCTCATTTTGCCAATCGGCATCGAAACGTTTTACTCACGCTGCGCTGCGAAAACAGACCTGGTTACGCCCATTTTGCTTGGCCAGATAGAGTCGCCCATCGGCCACCGACTGCAGCGCTTCAAACTGATACTCCCCCCGCTCTTCGCTGGCGCTCACCCCTAACGAGGCGCTAACCCGCAGCGTCACGTTGTTATGCAAAAAGACTTCCCGTCCCTGGATACGCTGGCGCAATCGCTCCGCCACCGCCGCCGCTTCCTGCAGGGTGGTATTCGGCATCACGATACAAAACTCTTCTCCGCCCACTCTGCCCAGCAGATCGCCCTGCCGAACCGCGCTGGACAG
NZ_CP073782.1_gap126	5008937	5011454	2517	GGGATTTGAACCCCCGGTAGAGTTGCCCCTACTCCGGTTTTCGAGACCGGTCCGTTCAGCCGCTCCGGCATCTCTCCGCTGTGATGGTTGCTATAATGCCAGGATCTTTGGCATTTTAATAGCTCCCGTTTCGGTAATTGTGTTCAAGTGACGACTTTGCGAGCAATATGATGTTTAAATGGCCCTGGAAAGCAGATGATGAGTCCGGCAACGCAGAGATGCCCTGGGAGCAAGCGCTTGCCATTCCGGTTTTAGCCCATCTTTCGTCCACTGAGCAGCACAAGCTCACGCAGATGGCTGCCCGTTTTTTACAGCAAAAGCGGCTGGTGGCATTGCAGGGGCTGGAGTTGACCCCGCTGCATCAGGCGCGCATTGCTATGCTCTTTTGTCTGCCGGTGCTTGAGCTGGGCATTGAGTGGCTGGATGGCTTCCATGAAGTGCTGATCTACCCTGCCCCTTTCATCGTCGATGATGAATGGGAGGATGATATTGGTCTGGTCCACAACCAGCGGGTGGTACAGTCGGGACAAAGCTGGCAACAGGGTCCTGTAGTGCTGAACTGGCTGGATATTCAAGACTCTTTTGATGCGTCAGGCTTTAACCTTGTGGTGCATGAAGTGGCGCATAAGCTTGATACGCGGAACGGCGACCGGGCCAGCGGCGTGCCGCTTATCCCGTTGCGTGAAGTTGCCGGCTGGGAGCATGATCTCCACGCCGCGATGAACAACATTCAGGATGAGATCGATCTGGTCGGCGAAAGCGCCGCCAGTATTGACGCCTATGCCGCCACCGATCCCGCAGAGTGCTTTGCTGTCCTCTCGGAATATTTTTTCAGTGCGCCTGAACTGTTCGCGCCTCGCTTCCCGGCCCTGTGGCAGCGTTTTTGCCACTTTTACCGCCAGGATCCGCTGGCGCGTAGACGTGAGAATGGCCTGCAGGACGAAGGCGATCGGCGCATTGTTCACTAAAACAACGTGTTGAGCTAAATTTAGCCATTTGAATCAGCAGGTTAATTTTAGTGTTGACACAAAAATGCGAGGCCAGTAGTATGCGCCTCGTTCACACGATTCCTCTGTAGTTCAGTCGGTAGAACGGCGGACTGTTAATCCGTATGTCACTGGTTCGAGTCCAGTCAGAGGAGCCAAATTTAAAAATCCCGCTCAGGGAAACCTGAGCGGGATTTTTGCTTTCCGTGATCCTCTCCGCTCCCCAAGCATGCAATCTTATCCTGGTGTAGGTGCTATTTTCTTGCTATGAGGCAAGCTGAACGGCCGTGAGCCCCACGCTCCCGCAAAGGCTTAAATAAAGGCGGTTTAACCGTGCCGGACCATACCTGGGTGTAAGGCAATCATGCGCGGTTCCAAAAAAGATCGGCAACACCGCCGCTTCTGACATCTCTCCGCCAGCGGGTATAAGCAGCATCGTACCGTAGGTACCGTCCAAGGTTCCGTATGTGATCCCCGCAGGTGAAAATCAGCGATGCTGCTCCCAACCTTATGGCTACAGACTTTCGATCCGGCGGTAACCGCTGGGTCTGCCGCTGCGTAGCAGACATGGAGGATGCTGAAAACAGCCTGTCCAGTGCGGCGATGACGCCCAGGGGACGGCTACGGGTGGATGTACCGAGTCCGCTGGCCCGCCTTATTCTGGTGCCGGCGCTACCGGCTTTCCACGACCGCTACCCTGATATCCAGATCGACATGGGTGTGAGCGACCGGGTAGTGGCTCTGATCGGCGACAACGTGGATTGCGTTCTGCGCGGAGGTCAAATCACCGACCAGTCCCTAATCGCACGCCATGTCGGCGATTTGCAAATCGGCGTCTACGTCGCCCCCAGCTATGTGGAACGCCTTGGCGCTCCCGCACACCCGCGCGAGCTGCAAAATACTGACCATTGCATAGTGGGATTCTTGTCCTCACGCACCAGTAAGATTGATCCTTTGGTACTGTGCAGTGAGAATGAACGTATTGAAATCACGGGCAACTACGTACTTGCCGTGGATGATGGCAATGCTTACCTCGAAGCTGGGTTAGTTGGCTTAGGCGTGATTGCGCTGCCCAACTATATGGCGGCAGCGCATCAGGCCGTTGGCGCTTTGATTCCATTATTTACACAATGGCGGATTAGCCCAATGCCTCTGTACCTGGCGTTTCCACCGAACCGCCATGTCAACGCCAAGCTGCGCGTTTTTATTGACTGGATCGTTGAATTGATGGAGCAGCATGTCCCCATTGCCAACAATCAGTGACGCCATCCCCTGATTCGCTTATCAGCGGCGATGGGGTTCAGCGGTAGTGACTGTGGTCAGGCGTGTTTTGACAATAGGGATTCAGCAGAACTCATCCGTCTTATATTCTGGATAATGGCTATCATAAAGGGGATCTTCGCTTTCATGGACAATGGCAGCCAAAAAAAAGATCCTCAGTAACAATATTAAGTCCATAGATATATTTGCAGACTTTATCATCCCCTCCTGAGCATCTCCTGGCGCCCTCATTAAAACGCCATCACCGCCA
NZ_CP073782.1_gap127	5082347	5085808	3461	GCATTTCTCATCCCCGGAGATTGGGCGTCGCCAGCCATTTTGGCCTGATGATTGATGTGCCGACTATCGGAGTGGCGAAAAAACGCCTGTGCGGCAAAATCGGCGACCTGGGTGATGAGCCTGGCGCGCTGGCCCCGCTGATGGATAAAAATGAGCAACTGGCCTGGGTCTGGCGCAGCAAAGTGCGCTGCAACCCGCTGTTTATTAGCACCGGCCACAGGGTAGGCATGGACAGCGCTTTAATGTGGGTTGAGCGTTGCATGCGAGGCTACCGTCTGCCCGAGCCGACGCGCTGGGCCGATGCGGTGGCGTCCCGTCGTCCGTCGTTTGTGCGTTGGCAAGCAAATCACAGCTGATTCAGGTACACTGCGCCTAATTTCTGACTTCGAGAATTCATCATGTTACAAAACCCGATTCACCTGCGCCTGGAGAAGCTGGAAAGCTGGCAGCATGTCACTTTTATGGCCTGCCTGTGCGAACGTATGTATCCCAACTACGCGATGTTCTGCAAGCAAACCGAGTTTGGCGACGGCCTGCTTTATCGTCGTATCCTGGACCTGATCTGGGAAACGCTGACGGTTAAAGATGCGAAGGTGAATTTCGACAGCCAGCTGGAGAAGCTGGAAGAGGCGATCCCGGCGGCAGATGATTTCGACATGTACGGTGTCTATCCGGCCATAGACGCTTGCGTGGCGTTGAGTGAACTGATTCATTCTCGTCTGAGCGGCGAAACGCTCGAGCACGCGATCGAGGTGAGCAAGACCTCCATCACCACCGTGGCGATGCTGGAAATGACCCAGGAAGGTCGCGAAATGACCGACGAAGAGTTGAAAGCGAATCCGGCGGTAGAGCAGGAATGGGATATTCAGTGGGAAATTTTCCGCCTGCTGGCCGACTGTGAAGAGCGTGATCTTGAGCTGATAAAAGGTCTGCGCGCGGACCTGCGCGAGGCTGGCGAGAGCAATATTGGTATAAATTTTCAGCAGTGAGACCAGAAAACGTGATTTACCGCCTGAATTGTAGCGTCTGAAGGCTTCCATTCCGCCCCCCGTCTGGTCTACATTTGGAGGGCGAAAAAAAGTGGCTATCGGTGCGTGTATGCAGGAGGGTGCTTTTTTGGCATTTCCGTCGCACTCGATGCTTAGCAAGCGATAAACACATTGTAAGGATAACTTATGAACAAGACTCAACTGATTGATGTAATTGCGGACAAAGCTGACCTGTCCAAAGCACAGGCTAAAGCTGCCCTGGAATCTACCCTGGCTGCAATTACTGAGTCTCTGAAAGAAGGTGATGCTGTTCAACTGGTTGGTTTCGGTACCTTCAAAGTGAACCACCGCGCTGAGCGTACTGGCCGCAACCCGCAGACCGGTAAAGAGATCAAAATCGCTGCAGCTAACGTGCCGGCATTTGTTTCTGGCAAAGCACTGAAAGACGCAGTTAAGTAAGACCGCGTGGCAGTGAACAGTTTTATCGAAGGGGCTATTAAGCCCCTTTTGTCTGTCTGGCGCCGGCCTCTGGCGCTGGCGGGCATCCTGTTGCTGACTGCCTGCAGCCACGACACGTCGCTACCGCCGTTTACCGCCAGCGGATATGCGGACAATCAGGGAGCGATGCGCATCTGGCGTAAAGATTCTGGCGATGAAGTCCATCTTCTCGCCGCCTTCAGCCCGTGGCGTCACGGGGACACTTCGACCAGCGAATATCGCTGGCAGGGCGATCAACTGGCGCTTATCGAACTCAATGTCTATGGCAAACCGCCGGAACATATTCGCGCCCGTTTCGACGCGCAGGGCGATCTGAGCTTTATGCAACGGGAAGTGGACGGGCAGAAGCAGCAGCTCTCCAGCGACCAGGTCGCGCTATATCGTTATCGCGCCGAACAGATCCGCCAGACCAGCGACGCCCTCCGCCAGGGGCGGGTCGTCCTGCGGCAGGGGCGCTGGAACGCTGCCGCGCATACCGTGCTGACCTGCGAAGGGCAGACGGTTACGCCCGACCTCGATAGCCGGGCCCTGGCGCACATTGAACGCCGCCAGAGCCACGCTTCCGCCGCAGTGAGCATTGCCTGGCTGGAGGCGCCGGAAGGCTCTCAACTGCTGCTGGTCGCCAATGAAAACTTCTGCACCTGGCAGCCGACGGAAAAAAGCTTCTAACCTTTACCAGTGGTTCATGCCCATATGACCGCCGGCGCTACCGCGACAGCCGCCATATCCCATTCCTGCGCCGCGGGGAACGCCTGCCTCAGCCAGGGCGATATCAAACTTCACCCGCTGCTGATCCAGCTTCTGGCGTAAGCCTTCCATCTCCTGAGCGACAGCTTCAATCTTCCCGCTGTCCGGCTTTTGCGCCGTGAGCAGCGCATTGTACTCATAGCGTTTGGACTGCAGCTGCTGGCGCAGGGCGCTGGTTTGCGCATAGTAATCGTTATGCAGCTTTTGCACGGTAGCCTGCTGCTCCTGGGTCAGCTGACTGTAGCCCTGGTTGCCCATCCCGTTATTGTTGCCCCAGTGGTGGTTGGCCCAGGCCGCGTTGCTGGCGAAGGTCAGCGCGGCAAAGGTAACGAGGGCGAGAGGTAAGGTACGGTTCCGTTTCATGGCATTTTCTCCTGTGTGGTTTCCCTCGGTATTGCATCTTCCATGCCAGTCTGAAAAAGCCCGTCTGTGTCGGCCTGCCGAAGCCTTTGCCGAGGAGAGCGAGTAAAAATGACCCGTTCCGCCAGGGTCAGGCGAGTCATTTTTACTCGCTTAAGCGCAGGCGATATGTTTGAGAGCAGGATTGGCCGCGCGGAAACATGGCATGATTTCTGCTGAAGGAGCCTGCAGATAGTGAAAAAGAGATGACAAGGACTCGCCGATGAAGATCAAATCTCTCTCCCGGGACGCCGCCGCTGGCGCGCTGAGCTGGCTGCTGACCGGCACGGTTGTGCTGCTGGTCATGCTGTTCTCCGCGATGATCGTCCGCGACTACGGTCGCGAGACGACCGCTGCCCGACAAACCATTGAAGAGAAAGGGAGCGTGCTGATCCGCGCGCTGGAGTCCGGCACGCGCGTCGGGATGGGGATGCGTATGCATCATGCGCAGCTGCAGGCCCTGCTGGAAGAGATGGCCTGGCAACCGGGCGTCCTGTGGTTCGCGGTGACCGATGAAAACGGTAAAATTATCGCCCATAGCGATCCGCAGCAGGTGGGTAAAACGCTGTATAGCCCGGCGCAGATGCGTGCGTTAGCGGTTGGCGAACAGGCCCGCTGGCGCCGGCTTAGCGAACCGCAGCCGGCGCTGGAGATCTATCGCCATTTTCGCCCGCTTAATCCGGCCCGCGGCCACCATATGGGAATGATGAACCGCGGCAATAGCGCCCTGGCTCAGGCCACCGTCCCGCAGGTAATTTTTATCGCCTTTGATAGCCGCGAGCTGGATGCCGCGCAGGCCCGCGGGCAGCGGAATATGGCCATCATGCT
NZ_CP073782.1_gap128	5101839	5103713	1874	CGCGAAAGAGAAATACATGCGCATTCGCCCGTTTGCGTTCTATGGCGTCTCCACCTGCAACACCACCGAACAGGACAAGCTGGCGAAAAACGGCTCTTACCCGTCCGGGCATACCTCTATCGGCTGGGCCACCGCCCTGGTGCTGGCGGAGATCAACCCGCAGCGGCAAAACGAAATTTTGAAGCGCGGCTATGAGCTCGGCGAGAGCCGGGTGATCTGCGGCTATCACTGGCAGAGCGATGTCGATGCGGCGCGCATCGTCGGCTCCGCGGTGGTCGCTACGCTGCACACCAACCCGGCCTTCCAGCAGCAGTTGCAGAAAGCCAAAGATGAATTCGCGAAAAGGCAGAAGTAACGTCATCGCCGTTGCATTCCCGGATGCGGCGCCTGGCGCGTCTTGTCCGGGCTACAAAAACCGCGATTGATTCGAATGGTAGGGGTTGTAGGCCGGGTAAGGCGCCAGCCGCCACCCGGCATAGATGCGGCTCCGAGCCTGCTGCCATCGCCCGGCGGCGCTGCGCTTGCGCGGCCAGCCGGACGGTTCCCTCTCCCTCCGGGAGAGGGCCAGGGTGAGGGGAAGCACTGCAGTGTGGTTGTTTATGTTATCTGTGGCTTCAGCGTAGTTTGCGCTCCCGGTTAATCGTCTGCGTTATGTCACTCATGGCGCCGGGAGCGCACAGGGGGCGGCCAGTCGCCGCCGCCCCCTGTACCCCCGGTCTCCGGCCAGCAAAATCGCCGCTGCGCGGTCCCTTCGACTTATCCCTGCAGGCTTCGGGTCGGGCCGAGGCAGCGTCCCTGCAAAACACGGCCCTCAGCCCGCATCCATGCGGGCTGCCCCGGCCTGCCGGGAACGTCTCAGCGATTTTGAGGCCGTCAGCACCGGCAGTTTCAGCAAGAAAAGTGAATAAATTAACGACAGGTCGTACGAACGTAGGCCGGGTAAGGCGCAGCCGCCACCCGGCACAAAATCAGCTCTGTGCCCGCTGTCCTTGCCCGGCGGCGCTGCGCTTGCGCGGGCCTACAGACAATCAGAGCCGGATGCGTTGGCCGGGTAAGGCGCCAGCCGCCACCCGGCATAATAAGCACCGACTCAGAATCGCGTCACAAACGGCGCGGTATCCGGCAGGGCAATGGTGGTTGAGGCTTTTAGCTGCGGCGTCCCCAGATAGAGGAAGCCGACAATTTTATCCTGTTCGCGGCACTCGAAGCCGGCCCGCACCACCGGACTCTCGGTCAATGCTCCGCTGCGCCAGATACCGTTGAATCCCTGAGCCAGGGCCGCCATCTGCATCGCCATCACCGCGCAGCCAGCGGACATTTCCTGCTCCCAGCGCGGCACCTTAGGGTGGTCTTCACAGCGCGCGACCACGGTAATAATCAGTGGCGCGCGGAACGGCGCATTGCGGGCTTTCTCAATTCCCTTCTCATCCTGGCCGGCCTCTCTGGCCCCTTTTTCCAGCAACTGGCTGAAGCGCTCGCGGCCATCATCGGCGATAATAAAGAAGCGCCACGGCTGCAGGGTGCCATGATCCGGGGCGCGCAGCCCGGCGCGCAGAATGTTTTCCAGCTGTTCGCCCGCCGGGGCAGGTTCCGCCAGGCGGGAAGCGCTGCGGCGATTAAGCAGTAGATCGAGAGCATCCATCTGTATAACTCCTGTGATGTCATTTTTTCATAAAATTAACATGCACAAGGATTTTGTTACAGCGCGGTCGGTGATTCCTGCTGACAACCGACGGCTCACTCTTTAGGATAGCCAGACGCGGCGGCCCCTGCGGCCTGCCCTTTTTAGATAACGTTAGGGAGAAGACATGCGAACCCTTTGGCGACTGATTGCCAGCTTTTTTAAATGGACGTGGCGGATACTCAACTTTATT
NZ_CP073782.1_gap129	5129931	5132271	2340	TGGTCAAAGTTTATCGGGATCGCGCCATAGCGTTGTTGCGCGAAATCGAGTCGGTAATCGTTATGATCGATGATAAATATCTGTTCTGCGCCATTGAGCCTGGCGCAGGAGGCGCAGAGCAGGCCTACCGGGCCGGCGCCAAAAATAGCCACGCTACTGCCGGGTTTGACCTCGGCGTTTTTAACCGCCTGCCAGGCGGTGGGCAGAATATCTGACAGAAACAGCACCTTTTCATCGGGTAAGGTGTCTGGCACTTTAAACGGTCCGGTATTGGCTTTGGGGACCCGTACATATTCCGCCTGGCCGCCCGGGATCCCGCCGTACAAATCGCTATAGCCAAACAGCGCCGCCGGTGGCGAAATGCCTTTTCGATTGAGCGTCGCTCCCTGGCCGCTATTGGTGCTTTCGCAGGCGGCATACTGCTGCAAGCGACAAAAGAAGCAGTCTCCGCAGGCGATGACAAACGGGATAACCACCCGGTCGCCTTTGCGGACCGCGGTGACCTCGGAACCGGCTTCCACCACTTCCCCCATAAATTCATGGCCGAAAATATCACCATGGTGCGTGCCGGGGATCTTTCCGCGGTACAGATGCAGATCGGAACCGCAAATCGCTGTCGCGGTGACGCGCAGAATAATATCGTCCGCTGCCTCAAGAGCCGGGTCAGGCATGGTGTCGACGCTGACATGATGCGGGCCGTGATAAGTGAGTGCTTTCATAGAATATTCTCCTCGAGAGAAAGGTTGACAGCATGCGGTTCTTCGGCCTGGTGAACGGCTGCTATCGTCACCGATAAATCATCGTAAAAAATAAAGCGTAGAGTACTAATAATGGAACTGCGTGATATTCCAGGGGCTGAATATATTCCACGCTTCGCTTATTTAGCAGCTGGTTTGTTGAGGTTATTTGCCTATTGCCCTTATGTGTGCCAGTATTAATCGGGCATGATATTCGCTCCATTTTGTTTGCTAGCCGCTTCCCCAGCGGCTTTTTTTTATCCGTAAAATCAGGGAAAATTCTTAATTTCCGTCTGGCAAAGGGCAATGCTGCCGCTTCGTTATATAACCCAACGGTAGTAATCCTCCGGTATAGATAATTCTTTGCCGCAGAGGTGATCTGCATACATTATTTCCCTGAACACAGTGAGTTAGCGGCAAGGTGCCGTCTGGTTATTTTTGAGGTGTCTTGTAGAATTATTCCGAATTACTGCTAAAAGGTGTCGAAAAAACGGAATAATAATTTGACTAACCAGCATTACCCGCTAGATTTAAATATCGAACGACGAGTGATACGGAATATTTTCGTATCGTACTGACATAACCGATATACATGAGGTGAAATATGGCAGAGCATCGTGGTGGTTCCGGTAATTTTGCTGAAGACCGTGAAAAAGCTTCTGAAGCAGGTCGTAAAGGTGGTCAGCACAGCGGCGGGAACTTTAAAAATGATCCGCAGCGTGCGTCCGAAGCGGGTAAAAAAGGCGGACAGAATAGCCACGGCGGTGGCCGCAAGTCCGATAATTCCTGATTATCCTTTTCCTTGCACCCTGAAGTGAAAGTATCTCCTGCGAGTCTGTCACAGACTCGCAGTTATTTTCTGACTCCAGAAGGTATTTCTATGAATATGAAAAGCATTGAAGATGTATTTATTCACCTGCTCTCAGATACCTACAGCGCAGAGAAACAATTAACCCGCGGGCTGGCTAAACTAGCCAGAGCGGCGTCCAGTGAAAAACTCAGCGCGGCGTTCAATGCTCATCTTGAAGAAACCCAGGGCCAGATCGAACGTATCGACCAGATTATTGAACAGGAATCCAACCTGAAAATCAAACGCATGAAATGCGTGGCCATGGAAGGATTAATCGAAGAAGCTAATGAAGTCGTTGAGAGCACGGAAAAAAATGAGGTACGTGATGCTGCATTAATTGCCGCTGCGCAAAAGGTCGAGCATTACGAAATTGCCAGTTACGGTACTCTGGTCACCCTGGCAGAGCAGTTGGGCTATAAAAAAGCAGCCAAACTGCTTGCCGAAACCCTGGAAGAAGAAAAACAAACCGATGTGAAATTAACCGATCTGGCGGTAGGTAATATTAATAAGAAAGCGGAAAAATAAACTCTCCCTGACACGAGGAAATCACGATGAATCACGTTGAACATTACCATGACTGGCTACGAGATGCGCATGCCATGGAAAAACAGGCAGAGTCCATGCTGGAATCAATGGCTGGCCGTATCGATAATTATCCGGATCTCCGTGCCAGAATCGAACAGCATGTTAACGAGACCAAACGGCAAATTACCGTGCTGGAAGAGATCCTCGACCGCAATGAGATTTCGCGCT
NZ_CP073782.1_gap130	5135086	5136679	1593	TCGCCCCCGTCTGGGATGGTAACGAAACCTGGCTGGTGCTCGGCGGGGCAGGGCTGTTCGGCGCCTTTCCGCTGGCCTATGCGGTGATCACCGATGCGCTGGTTATCCCGCTGACGGCGATGCTCATCGGCCTGATTTTTCGCGGCGTGGCCTTTGAATTTCGTTTTAAAGCGGTTCCCTCGCATCGCATCTTCTGGGACTATGCCTTTGCCGGCGGCTCGCTGTTGGCGACCTTCAGCCAGGGGATTGTCGTCGGCGCGTTTATCAACGGCTTTGCGGTGGCTGACCGCCGCTTCGCCGGTTCGACGCTGGACTGGCTTACCCCTTTCAATCTGTTCTGCGGTCTGGGGCTGGTGGTGGCCTATCTGCTGCTGGGCACCACGTGGTTGATTATGAAAAGCGAAGGCGCGCTGCAGCAGCGGATGCGCGAGCTGACCCGCAAGGTACTGCTGGCGCTGATGGCGGTGATCGCGGTGGTCAGCGTCTGGACGCCGTTGGGCTGGCGCTACGTGGCGGAACGCTGGTTTACGCTGCCCAATTTCTTCTGGTTCGTGCCGGTGCCGATTCTGGTGTTGGCTCTGAGCCTGTGGATCTGGCGCCTGAGCGCGCGCCCCGCCAGCCATGCCCGCCCATTTATCCTGACGCTGGGCCTGATTTTCCTCGGCTTCAGCGGGCTGGGGATCAGCGTCTGGCCGAACATTATCCCACCGCATATCTCTCTGTGGGATGCCGCTGCGCCGCCGTCCAGCCAGGTATTTATGCTGCCGGGCGCGCTGCTCATTATCCCGGTGATCCTGATGTATACCGCCTGGAGCTACTACGTCTTTCGCGGCAAAGTCTCCGGCAGCGAGGGCTATCACTGAGCCTGATTCGCGCCGGCAGGTGAGGATTTGCCGGCGCGTCGCGCCGTCCGGTCAGGGATGACCGAGAGGGATGCGCACAAACCGGTGATCTGCTGCAACGACTCGGGCCGGGTGTTTATGCCTTCGGTGGCTTGATCTTAATAATAAATCGTTCGTTAACCCGGGTGATCCTCGCGCCAATATCGCCAAACTCGGTGGCGATTTTAAAAAAATCGTCCGCGGCGACATCAAAATCGAGCTCAATCTTCGGGTGTTGTCCTGTCGCCAGTAATTCATAGAAATGGTCAAGGCTGCGGGCTTTTTCGCTAGGCATCTTATTTCTCCATGGTAAACCAATCTGCAGGGGTTTTATTGCTTACGGCGCTTTTACGGATTATTCAGCAGGATGACAAACGTGCCTGATATAAAATTATGCAATGACAGTAAGAATGAGGTAGGGCGAGGTTATTCCGTGTTGTTAAACCGCGTGGCGACGCGTTGTCCGCCATACCATGACGGCAGAGACGACCCTGCGGCGCCGGTTGATGATAGACATTTTTTGATGACAAATTAATGACAATAAAATGAATCTGTCCGGGCTCGGGATGGCATCGTGCTAAATAATTTTATTCTGTGGCTGTTAAGGTGGTTGTTAACTACTTTATGGTGATGGAGCGTCTTTTTTAGGGCCAACGGCGAGGGAACAACGATGCAATTACTTGATTTATTCGCAGGCTTATTATGGTTAAGC
NZ_CP073782.1_gap131	5168735	5172778	4043	ATTCCGAAAAAGCAGGTCGAAGGCCTGCTTAATAAAAAATGCTTTTATCATCCGAGGTTTTTTTCGAGTGTTTGCCTTGATTTTTAAAATTATCCACTTAAGTTAATACTTCCTCCCCACTACAAAGCTTCGCTTTTAGTCAACCAACTTTACAGAAGGTTGCCACCTTATAAATCCAGAAAGTTACTTTATAAATGATAAGATAATAGGAGTTGCAGGAACGTTTTAATATGATAACCTGGTTTACAGTGACATGTTTCTACTTTTCTAGGTCGCACGTTCTCATACGGAATATAACCATGAACAATTCATTTGAGTGCAGCAAGAGAACCGATATCACCGAACAACCGCAGAGCCATGATCTACTCATCGCAAACGGAAATGAAACGGCCAATTTGCTACGCCACCTGGCAAATAACGAGATCGACTCCGACTATTTTGCAGTTGTCTCGGAATGCGAAAGCTACGGGCAAGAAACTGACGCAGAGCTATCAATCACGGCGTTTGCCCTTCGTGCCGCTGGTTACGTTGATGCGCTGGTAGAGTCACTGGAGAAGGCCCTGCAGCGTATTGCTGAGCTGGATAAAGACTGCAGAGTATACGAAAATAACGTAAAAAATCTTCTTGAACGTGCCGGTTCAGCAGAGTCCTCGTGCGCAGAGGCTGCTCGGATTCTTCAAAGTGGTGAGCGCATGGCATTAACTCGCGCCATCACTATTCTGCTGGCAAATGGCATGAAGGTGGAGGCTGAGCCAGTGGCGGTATGCACTGTAAAGGGCGGTCAAATGTGCCCTGATGGTGTGCACGAACTTTTCGCCGCCCCTCAGCCAACGCTGGTAGTGCCGGAAGAAGCTACTCCGGACAGTATCGAGATTCTTGCCAGCGCCAGGCGTCGTGACCACGCTGTATTCCAGTGGGATGAAGACCAGCGAAATGCGGCCGCTGATTCCTGGAACGCTTTCCGGGCCGCTATGCTCCAGGCAGTCAACTCTCCGGTAATTGGCATTGACCAGGCAACAGGTGCTGACAGAACAGTGGAAGTTCGCTACGTAGCACCTCCTGGTTACGTGATGTTACCGAAGGAACCGACAAAAGAGATGATTGATGCCGGGTGGCTGCACTACATTGCCACCAAGAACCCTTCATCAAAAGGCACATACAAAGCCATGCTCGCAGCCGCCCCACAGGAGGTGAAATGATGCCCTCCATTGAAGAAATGGGCAAGCGAGCAGCACTGCTAAAATGGAAGCGCCAGTTTGGGCCATTCGAAAAATGCCCTGAGTGTTACGGCCTTCTATCCGGTTGTATGTTATGCGGTGGTAACGGCAGGGTGATTCAGGAAGATATTGATGCCTGGAATAACCCTATTTCGAAGATGAGGCGACAGATATGACCGCACATCACTCTTTTCGTTGTATGAAATGGTATATACAGTGGGATAGAGTTTAGCTCCTGTCAACTCTCTATTCTCGTGACGCGTAGTGTATAGTTCACTTATCAAGTGGAGTAATAACAAAGCAAACGGTAGTGCTGGTATGTTTTTTGTGCGCGTATGATAGCACTAGCGTCGCAATCAGGAAAAAGTTACTTTTATTACTAATTTTGGTCATCGCCTGTAGGTTGAAGATAATTCAATAATCTCAACATTGGGCGAGAACAACAGATTGTACATAAATCTTAGAGGATATATAAAAATGAGCAATTTACTTGAAAAAGCTTTAATGGAACTTTCTGACGGCTCGCGAGAGAAAATGACAGATTTAACTAGTATAACCAAGCGCATGACAGATTTAGCTAGTATAATAACCAAGCGCATGACTCCTTGCCCCAACTGCCGTGTCTTACTTCCTCCTGATGCTACACAGCATGTTTGTGTTATGGAGGTTATTACCTTTGAGTAGAGTCGGAAATATATAATTATTGAGAATAATAATTCTGGCTTCTTTTTTGGTTCTAAAAAGTATCAGTATCTCAAGGATTTAAGATGAAGCTTACTAACGCACAGATCTACACACTGCGGCGATTATCCGGGGGGAGTAAATATCAACTCCGTGGTGACGGAAAAAAGGCGCGGGAATGCAGGCCAGGATCAGGGATATTCACCGATGATATTTCTGCACCATCTATTCCTGTCCTGTTTCGTCTCGGGCTGGTGGACTATGTACATAAGGGGGGGAGAGAACACGCCTTGTTTTATGCGGTCACGCTTACCGACACGGGGAAACAAGCCGCTGCCACCATGAATATCAAGGATTGATATTCCACAATGAATTTGTAAGCAGTAAGGAAAAACAGAGAGTCTTGAATGTTTAGGTGGAAGATGAAAGTCACTGTAAAATCAATGAAAGTATTACTTGCCAGCACCGGAAAAAAAATGAAGTTAACGGGCAGTAATAAAAACGGGGACCGCTTCTATGTTGTGACAGGGTGGAGCGGTGAATACACCATTCGGGGCATCGCCTGGCAACTGGGATTGGTGTGATCAGGACTGATGCACTATTGCCATCATTAACAACCATCAAACGGGAGAACTGTAAATGGACCAGGATGACGTTTTATCAAAAATATCCAGTGAAAATACAACAGCTCATGAGCTGTTAAGCGAAGCTATGCCAAACGCAGCCTCTCGATTCTACCGGACCGCAAAAAACCTCTCCCGACTTCTGGACGAGGTCCGCGAGCACTTCCCGGATGCTTCGTATTATGCGGCGTCTGGAAGTTTAAGCCTGCTGCTTGGGGAAAGTCATAATAAACATGACCAGCCCCAGCAGGAGTTACTAGCTCATGCGGCACCGGACCTAAGAGTGGAGGGCGGAGACTGGTAATATTTGCCGGTGAAGGCTGACTACCCTGTTGAGCATTATTTATCTTGAATTGATAATGTTGACAGGTACAAAAATCAGGAATAGAAAAACTTCTGAAACAGGTTGAATAAACAATCAACATTCAGGGAAAGGCTGTATATTCGTAAGAGCTGAATGTGCAGCATTACCCAGTTTTTTTGACTTATGATGGTTTTTAATTAACACTTTTATCACCTCCAAGGTTTTCACAGCTTTTAATTATCATCCAGAAATTGCAATCTCTCCCAAAAAATCTCTTTCTTTTCCCTGACATTAAAAATTGGGTCTTGAACAAGCGTAATAAAATAGTATTCTGGTAGTATCAACCACCTGCTTTGTATTTCACTTGCTAGTTAGGTTTTCTTTTTTTTCGATTAAATTCCTCTTGGGTTTTTATAGGTTTTAGTCTGTGTGCATGCTCACCGGAGGCTTATTATGAAACAGAATTTAAATCACCTGAAACCGGGTCTCTATGCTGTCTGGTATTTCGATTGCTGGGATGTTGATGGTGATCTGTATTATACCCTCGCGACCCAGGACGCCAACCAACTCTGGCGTGAAGAGGGAACAGGCCTCGATATGTTGCGACACCAAGGCGATACATTTTTAAAAGCTTGGGCGCTGGATGATGCCTCAAATCTGCTGGCACAGAGCAACAATAACCTCCAGCTCACCCAGCAAAGTCTAAAACCGGGCCTCTATGCAATCCACTATTTCGACAACGGGGATCCTGGCAACGAACCGACGCATATCCTCGTGACACTGGATGATAATCAGAAATGGTACAACCATGAAAATGGACGGGAAATGTTTATGTCTGAAGGCGATATGGTGTTAAAAGCCTGGGCACTGGATGATGCCTCAAATCTGCTGGCTAAGACGGTTGACCCCAGCCAGCTGGTGGACATCATTCAAAAAAATGAGATTCAACAACGCTTTCTAGCAGACCTGGATATTTAAAGGCAAAACGATGCGATTAGCTTTAACCTTCGGCGTAGTGATCGAAAATAACTGGAGCACACTATGAGCCACGAAAGTAACAAAGCCCTACTCAATATAGAGACCCACACTCTTCCGGATGATTATCCCTTTTCAGTCGATGAACTGGACCGGATCATCGCTGGCGAAGTGGTTTCACCCCATCAGGCAGCAATAATGGCCCGAGAGTTAAAAAAACGACGTCAGGCCGAAACTTCTACG
NZ_CP073782.1_gap132	5175989	5179865	3876	CAGCACCTGAAAAGTAACTTTTTAAACCCCGAACATTTGTCTATCTGCGTACGGGGATCAACATGACGGGCTGAGCGTTTATGATTTGCACAATCAGATAAAAATAGTTTCTTCCTTCCCCCCGCAAGCTTTGCCTCCTTCCCCGAACGCAGGTTTTATCAAAAAAGTAACTTTTGAAAGAGTGGGCTCAGCACTGAAAAAAGTTACTTTTCTGTCCTGAGAAGCGTGTTCAAGTGTCGTTATCACCCTCAAAAAAGTAACTTTTGACGATTTATGTCCTAAAAATCAATGAGACATGCATCGTCTGTAATCACCTTCACTGTTCGTATCTCCTTCAAAATTATCCAAAAATTATGATCCCCGGCATACCACTGAAAAAATTTTCTTCACATAAACACCGAAATCCGGCTCCTGGAGCCCTTGCCACAGAAGAATCATGTGTAAAATTTTTGCCGTGAACAAAAAAAAGTAACTTTTTTCACGCCAAAGTGAAAATAGGGGCTTGATGGAGCGTTTTGAGAATGTATCCTGGGTCTAACAACGGCAATGACCGTTTACCCACATACAACAGGAAGAGGAAAATTCAATGACTACTGCAACTATGGCAACTCCAGCTAAAGCCAAAAACGAAAATGTTTCTCTGCGTACCTTCTTAGAAAAAAATGGTATCGGTGGTCGTCTGGGCAATGGTCTTGTTATGGACCCGACGCATCTGAACATCATCCCTGGCTTTAACACACGTACCGCTGGCCTGGGTGAGGCTTACTGGGAACTCCCGGAAGTTAAGGACCACCTGGCGCGTCTGGCTCAGCAATATGCCGATAGCCCTCTGGAAATGGCCCCTATGGTTGTCCAGGTTCGTGATGGTCAGGTTGTCATTCGTCAGGGACACTGCCGTCACCGTGCAATTCCACTGGCTAATAAAATTCGCGCAGAACGGGGTGAGGGCCCGGTTGATAAAATTCGTGTTGACGAATTCCGTGGCTCTGACAGTAAAGCAGAACTTTTTAATCTTAAAGGAAACGATCAACTTCCGGTCTCGATCGTTGCTCAGGCTGAGTCCATGTATCGCATGCACAACAGCGCAGAAGAGCCTATGAGCATCGAAGAGCTGGCCGCAGACCGTAAAGTCTCCGTAACCCATGTCCGTAAATTGCTCAAAGTTCACACCGCCCCGGAGGCGTTAAAAGGTCTGATCGTTAAAGGTGTAGTAGCATACTACGCAGCACTCGACGTGATGGAGAAATACCCGGATAACTGTGTCGCTATCATTCAGGAAGCGTTTGATAAGTTTGGCAAAGCTACCGACAAAACCATTGGTCAGGTCCTTCTTGCTAAGCGTACAGGTGAAAACGACACTAATGGTGAATCTGATGGCAATGTGACAACCATTACAACGACTGATGCAGGTAACGGATCTAATAGTGCCTCTGACGCGGCTGCTGGTGTCATTGAAAGCTCTGCAGGCAATGATGCAGGCGTTGCGGGTGGCGGTTCAGAAGAAGGGGAAGGCGGTGAAAAATCCGAACCGAAACGGACCCCTGCGGCGAAACGCGAACCTAAACAAAATATCAAATCTCAGCCGTCGGTGTTCGACGTGCTGCCGAAAAAAATCTCCAAAGAGATTGTAGATAACTCTCTTGATGTTATTAACCGTATCGTTACCGAAGCGAAAGAAATTCCCTTTATGGAAGACGGTGCAGAGGTTCTCGCTAAAGCCCAGTATCAACTGACGTTAACCTATGAAGAGTTTTTGCAGCTGACTGCAGCCAAAGACAGCTACGATAAGCATCTGGAAAAAATCCAGAAAAAAAACTCAGAGCAATAATATTTAAGGCGTAACCGGGGAGTTTTCCCCGGCTTGCCTCATGATTTGTGAATTGGTATAGAAGGGGATAAAAGATGGTTCTTTTTTTAAATTATCTTACAAATATCATGCGAAGATTTTTAGATGTTGTTCTGGGTAAAGACCCACATCGCTTTATCGTGGTGTTAATCCTGAGCCTTACACTCGGCTTTGTTTTTAATTTACTCATAAGATATATTTCACCGCTGGTTGCGTCGCAGGGATTTAATTGCGCGTAAGCGGGAGAAAGGCTGAGCAGGAATTTTATCTTTTATGAGGCTCGATAAATCTTTTAGAAATTCCAGAAGGCTAAATTCAGTTGCTTACAACATAAAATAGGTTGAATGATTTATTGGTTTAAATACATTGTTATTGTAAGCTTCTGTTTGGCCAACAAAAGATCATTTTCTAATAATCTTGGGTGATTTTATGGCATTTATAAAGGGTTTTCTTTTTTTTATTATTATGGTGCTATTGGTCTACGGAGTCACGGGATTAACCGCCAAAGAATCAATTGTGTTTACTGCGTTTGGTTTTGGGATTTCAGCGATATTATGTTCATTCATTGGCATTATGGTTGTGTTGGTTGTGACTATGTGTTTGTTTGCATTCGAAGAACTTGGCGCGTTGCCTAGATTATTTGGTGCCCAGATAATTTTAATTGCTTTGTGGAACCTTATATTTACCGTGGTTTTGCCGGATGAAAAAGCACGCACCATACTCGGTTTTGATCTCTACAATATTTCATCGTATTTGCTTTACGGTATGACCGTCCTTTTAGGTATAGGCTCAGTGGCAATGCTTTTTAACAAAAATAACTCCTAAGGCTAATTAATGAAAGGTATCAATCAATCAAATGGTAACCACTTAAAGTTTCTGTATGGAGTTACCTCTACAGATCGTCTTATTCAGCACGAGCATGCCGATGACTTCATTGATAGCTGCATTTCAAATATTGGCAGCATTCATAAAATGTCCCTGACTTGTTATCGGGCTGGTGGACCATTAACTGAGCTGGTGCTTTTTTACGGTTCGGATAAGACATTCTCAATCACCATTGGCGTTGGCGATGTAGATGTTTCCATGGTTAATGAAGACGATATCCGAATTTCTCACAAACAAATAACTTTGCCTGATACGACCGATACATTAATACTCGTTACTCGCATTGCAAGACGTAGTGGGCTGAAGCCGATGTTACCTGAAGCAGAACAATTCAGCACAGTTTTAGACTTTGTTTGAAGATTTCCATTAAACTGAAGGTGAGAATTATGACGCAGAGTGAAATTACTGTTAATTCCTTTTGGGATTGGGGAACGTCATTATTAACAAGTAACGGAGCAGTAATTTTTTATGCCTTGCTTGTGGTATTGGTTCTTGGCGCTGTTTTGTTTAAGGACTTTTCTTTACTGACAACATTTGCTTCCGGACTGGCTGGCATTGCACTCCTGTGTGGAGTTATGTCCGTGCTGGTGGTTTTGGTGTTGGCAAGCGACCAGAAGGAACAGGACTGGCGAGACTTTGCAGCTGAGCATTGCAAAGTTATAGAAAAAAGAGAAGGTGCTACCACGACGGGAGTGGGTGTTTCACTAAAAGGTCAGGCTGGTGTTTTTATTGGAGGTGAACCTGACCAGACAGGGTATCTCTGTGACGATGGTGTAACGTACTGGAAGAATGAATAAATACCGTGTTGTCAATTTTTCTATAACAGTAAATTTAATAAGAGGTTTAACATGAATCTTGATAAAAACTTACCTGCTTTAGTAATGAAAAATGTTGAGGATAACATGGGGGTTATTACCAAATATCTCAAGCAAACAGAAGATAACGCTCTTGTATTTATTATTGGAGAAACAGGGTCTGGTAAATCCTGTTTGGCTGAACTTGAGTTTCCGGATGCTCTCTACCCGACTGCTCAACAATTTGAAGAATGTGATCACATTTCGGAAATGTTCACAGGTTTTGATGTAGTGATTGATGACATTTTCCGTTTTGATGCTGACAAAGTCCTGGAGTGTATTCTGGCTGTG
NZ_CP073782.1_gap133	5181337	5182011	674	CCGTTACTGCTGCTTCTGCCGACTGATCCCCATCAACGCCTGAGCATTTTGCACCTCTTGAAAAAGGTATGACCATGATTTTCTACGATAATGCGTTTCGGTTGCGTATCTCTCACACAAGTGTTTACCGGATCCACCAGCACCTGGATTTTTTCATGCAGGAACGTAAGGGAGAGAAGCTGCCGTACTCTTTTAAAATTTTTCCCGGTACCGGGAATGATTCGAGACTGCTGGTCCGCACAGCCACAGCTCTGGAGCTGCCAGGGGAGAAAAAAAGAGAGCTTATTCTCTCTGAGGGCCATGAAATTAAGTTCATTACGTCAATGGCCATCTTTCATAAAGGAACAAAGTTAGAAGGCCATGGCCGACGCCAGTTTGCTCCATCTGATGAAGCGAGTTATCAGATGGCCCTCACCAAATTAGCGAAGGCTGGTCTTGACTCCCGTCAAATCGTCGTGAGTGGCCCGGAATTCGTCCATATCGACAAGGGCAATGCTCGCCGTGGTTTTATGCTTCCTGTCTTCACTGTTCAGGGGGCCGCCACTATCAGCAATCAACAGGAAGCTGAAATGGCCATCGTTTATGGCGTCGGCCCTAAACGCGTTTTTGGTTGTGGTTTCATGCATCTGGCAGGGGAGTAGTCATGAATACATCAGCGGTATTTGAGTCTGCCG
NZ_CP073782.1_gap134	5361559	5362533	974	AGCTATGTTGGTACTGCATCAGGTTGATCAGGGAAAGTTGGATTTAAATCAGACCGTTATCGTAAACAGGGCTAAGGTTTTACAGAATACCTGGGCTCCGATAATGAAAGCGTATCAGGGAGACCAGTTTAGTGTTCCAGTGCAGCAACTGCTGCAATACTCGGTCTCGCACAGCGATAACGTGGCCTGTGATTTGTTATTTGAACTGGTTGGTGGACCAGCTGCTTTGCATGACTATATCCAGTCTATGGGTATAAAGGAGACCGCTGTGGTCGCAAATGAAGCGCAGATGCACGCCGATGATCAGGTGCAGTATCAAAACTGGACCTCGATGAAGGGGGCCGCAGAGATCCTGAAAAAGTTTGAGCAAAAAACACAGCTGTCTGAAACCTCGCAGGCTTTGTTATGGAAGTGGATGGTCGAAACCACCACAGGACCAGAGCGGTTAAAAGGTTTGTTACCAGCTGGTACTGTGGTCGCACATAAAACTGGTACTTCGGGTGTCAGAGCCGGGAAAACTGCGGCCACTAATGATTTAGGTATCATTCTGTTGCCTGATGGACGGCCCTTGCTGGTTGCTGTTTTTGTGAAAGACTCAGCCGAGTCAAGCCGAACCAATGAAGCTATCATTGCGCAGGTTGCTCAGGCTGCGTATCAATTTGAATTGAAAAAGCTTTCTGCCCTAAGCCCAAATTAACAGACTATCAGCACTATCTAAGCCGCTGACTCTGGTTGTACACTAAAGCTATGGTTTGAAATTGGAGTAGGTTATGCAGTTATTAGGTTCAGTGGCTTCCCCTTTTGTTCGTCGTTTACGTTTAGTACTGGCAGGGCAACCTTATCAGTTTGTAGCGCTTAATATTTTTGAGTCTGAAGGCCGTTCAGTGTTGGTACAACATAATCCGGCACGCAAAGTGCCTGTGTTAGTGGATGGAGAGCAGGTTATTTTTGATTCAGGCGTAATTTATCGTTAT
NZ_CP073782.1_gap135	5370255	5372385	2130	GCTGTTAATCACTTTACTTTTATCTAATCTAGACATCATTAATTCCTAATTTTTGTTGACACTCTATCATTGATAGAGTTATTTTACCACTCCCTATCAGTGATAGAGAAAAGTGAAATGAATAGTTCGACAAAGATCGCATTGGTAATTACGTTACTCGATGCCATGGGGATTGGCCTTATCATGCCAGTCTTGCCAACGTTATTACGTGAATTTATTGCTTCGGAAGATATCGCTAACCACTTTGGCGTATTGCTTGCACTTTATGCGTTAATGCAGGTTATCTTTGCTCCTTGGCTTGGAAAAATGTCTGACCGATTTGGTCGGCGCCCAGTGCTGTTGTTGTCATTAATAGGCGCATCGCTGGATTACTTATTGCTGGCTTTTTCAAGTGCGCTTTGGATGCTGTATTTAGGCCGTTTGCTTTCAGGGATCACAGGAGCTACTGGGGCTGTCGCGGCATCGGTCATTGCCGATACCACCTCAGCTTCTCAACGCGTGAAGTGGTTCGGTTGGTTAGGGGCAAGTTTTGGGCTTGGTTTAATAGCGGGGCCTATTATTGGTGGTTTTGCAGGAGAGATTTCACCGCATAGTCCCTTTTTTATCGCTGCGTTGCTAAATATTGTCGCTTTCCTTGTGGTTATGTTTTGGTTCCGTGAAACCAAAAATACACGTGATAATACAGATACCGAAGTAGGGGTTGAGACGCAATCGAATTCGGTATACATCACTTTATTTAAAACGATGCCCATTTTGTTGATTATTTATTTTTCAGCGCAATTGATAGGCCAAATTCCCGCAACGGTGTGGGTGCTATTTACCGAAAATCGTTTTGGATGGAATAGCATGATGGTTGGCTTTTCATTAGCGGGTCTTGGTCTTTTACACTCAGTATTCCAAGCCTTTGTGGCAGGAAGAATAGCCACTAAATGGGGCGAAAAAACGGCAGTACTGCTCGGATTTATTGCAGATAGTAGTGCATTTGCCTTTTTAGCGTTTATATCTGAAGGTTGGTTAGTTTTCCCTGTTTTAATTTTATTGGCTGGTGGTGGGATCGCTTTACCTGCATTACAGGGAGTGATGTCTATCCAAACAAAGAGTCATCAGCAAGGTGCTTTACAGGGATTATTGGTGAGCCTTACCAATGCAACCGGTGTTATTGGCCCATTACTGTTTGCTGTTATTTATAATCATTCACTACCAATTTGGGATGGCTGGATTTGGATTATTGGTTTAGCGTTTTACTGTATTATTATCCTGCTATCGATGACCTTCATGTTAACCCCTCAAGCTCAGGGGAGTAAACAGGAGACAAGTGCTTAGTTATTTCGTCACCAAATGATGTTATTCCGCGAAATATAATGACCCTCTTGATAACCCAAGAGGGCATTTTTTACGATAAAGAAGATTTAGCTTCAAATAAAACCTATCTATTTTATTTATCTTTCAAGCTCAATAAAAAGCCGCGGTAAATAGCAATAAATTGGCCTTTTTTATCGGCAAGCTCTTTTCGGTTTTTCGCATGTATTGCGATATGCATAAACCAGCCATTGAGTAAGTTTTTAAGCACATCATCATCATAAGCTTTAAGTTGGTTCTCTTGGATCAATTTGCTGACAATGGCGTTTACCTTACCAGTAATGTATTCAAGGCTAATTTTTTCAAGTTCATTCCAACCAATGATAGGCATCACTTCTTGGATAGGGATAAGGTTTTTATTATTATCAATAATATAATCAAGATAATGTTCAAATATACTTTCTAAGGCAGACCAACCATTTGTTAAATCAGTTTTTGTTGTGATGTAGGCATCAATCATAATTAATTGCTGCTTATAACAGGCACTGAGTAATTGTTTTTTATTTTTAAAGTGATGATAAAAGGCACCTTTGGTCACCAACGCTTTTCCCGAGATCTCATCTATTGAAACAGCTTGATAGCCTTTTTCAACAAACAATATTCGTGCTGAGTTAACCAGTGATTGATAGGTACTCTTAAAATTTTCTTGTTGATGATTTTTATTTTCCATGATAGATTTAAAATAACATACCGTCAGTATGTTTATGGTATCATGATGATGTGGTCGTGACAATCTTAAGAACATTTAGGTTATTTTATGTATATTGAACA
NZ_CP073782.1_gap136	5383320	5388230	4910	GCAACACCTGAGAGAGCTCCCATCGCTCCGCGACGGGCCCCGACCGGAGAATTAAATTAGTTACAGCATTCAAAAGGAAATCCGTCATAAAACCGGCGCCGGTTTGCCAGCCAGGTGCCCCTCCCCACCACTGAAAAGCGCCGCCGCCCCCGGCCGAAGGCCGGGGAACACCATCGCTTTAGAATGGCGGATGTTGTAACTAGATCTTGTCATTGCTGTGGGTGGTGTTGCTTTTCGTTCTGGCGTACACGCTCGTAAGCGGCCCTAACGGCCCGCTAACGCGGAGATACGCCCCGACTGCGGCTATCGCCTTGTCGTGACCACTCCGACCGCGCACAGCAGCTTCTGTATCGTTTTTAGCGGGTTTGTTCTGGGCTTAGCAGTGTGGGGGATTATTACGGCTGAAGCCGTAATGCTTTTTTCGTCCTCGCTTCGCTGCGGGGGTCTCCGGCGCATGGCGCCTCCCATGCGCTGACGCGCATCAAAAACCCGTCCCCTGCGCCACTTGTGTCTGACGCACGCGAGAGTCCGCTGCGGCAAAAAAACAAGAAGAGAGCTAGACGAAGGTCGCTCAGCTCCCCGTAATTTTTTATATACTCACCACGGGGACATTAGATCTGCTTTTGCCAAAAAAACGGCTAGTTTTTTCTGGATTTACCCAAACCAAAGGCACCGGCATTCACTATAAACGAGGCCTTTCTGATCGGCGTATCGATATCAAATATGGGGTTTTCAGCACGCCTTCTTTCAAAGTACTTATTTCTCTCCGATTCATTTTTAAAAGCGCTACCTGTCCTTGCAATCCTCTCCTGAATAAGCATCTTTTCATGCTCAGCCTTTTTGGTTGAGTTGGCCTTAGCGAGATTCTTTTCAAGGGATTTCGTATGCTTTTTTATATGCTTTCTCAACCTAGCTTTATGGCCAAATGAGAGTTTACATATCGGACAAGTGAATAATTCTTCCATAAGCTTCATGAGTGTAAGGGGAAGGTTATATTTACCATAGCATTCCTTGTCCGAACTGCCATGCGATGGTCCACCGGGGCAATGAGGCAAAGCCGTTGTCTGTGGAAGCACTACGCGGCATGATGAGCGTCGCCAGTTGCACACCGGCAAAGACGTGAAACACTTTTAACCGGAGCCAGTCATGCGCGTTGCCGAAAGCATCATCCTCGATGCCCTCACTCGCGGAGGATGCATCAAAACCTTTTACCGCATATCCTCACGGCAGGCTGCTGAATCGGCCACGCGGATACCTGAGGGGTATATTCTGGAGTCGCCCGGCGAGCGGGAAGATATTGTGCTCTCGCGCGCGGACTTTCATGCGCTGGAGAAGCTGCTGGAGCAGAAGGAAACCTGGGAGCAGGTGGTCGGTGTGACCTGTTTTGGTGGGGCAACATGGCAGCTGAGACCGACTGTACAGAGCTGAACAACTGAGATTTAAGACCTGGGAATCAGTAAGACTGAAGGGAGGTATCTGTTATGACGCTGACAGAAAAAACAGGCCATCTGGCATGGTGTGCACTGGTCGCGCTGGCACTGGCCAGACAGGAGCAGGGAGAACTCTCTCCCGCACAGGAAAATCTCTTTCTCACCCGCTGGCTCGCGGCAGCACTGAAGCAACGGCGATTCTCGCGCGATGTGGCACAGGATATCGGGTGGTTACTGAATCAGGGGCGTTTGCTGGGTGTGAGAGCTAAGCTGGCCGACAAACTGGGCTATGTCTGGCGCTCCTGCAGCGGCGAGTTGACTGAACAGAACGACATGTTCCGCCTGACGTATGCGCTGGAAACAGCGAAAGACATGGGCTGGAATTACCGCGTAATGAGCGACAGAGAATGGGCCGGACGATATGCTTTGGTACTCAATCCTGGAGTAAACGGTGTTTATCTCTTACGGACAAACCTTGATGCCGCTTTTGACGACAATGGCCAACAGACAAATCCGCTGACAGTACGTCTGACAGGGAACGTAACTGGGATAATGAAACTGTTAAATCGCTGTGGCTGGCAGGCTGAGCCTGAGTCTGATGCCTCCCTGCCCCACCAGTTTTCACTGATGGCCCGGCAGGGAGTGCCAGGAAAGGGGGATTAGTGGCGGATTTGTGCCAGGTCATCTTCAGTCAGACCGGTCATTTTCATGACAGTATTGCGGTCAATGCCGTTCTGCAGCATGGTACGGGCAATTTTCGGCACTGTTGCAAAGTTAGCGATGAGGCAGCCTTTTGTCTTATTCAAAGGCCTTACATTTCAAAAACTCTGCTTACCAGGCGCATTTCGCCCAGGGGATCACCATAATAAAATGCTGAGGCCTGGCCTTTGCGTAGTGCACGCATCACCTCAATACCTTCGGGTTCTTCATCCATGGCCTGTGGAGCGGTTCACCGCCAGACACCCGAGGCAGGAGCCCGGTGCGTAAATCGCGCACGCCGGGATCTGTGCGGGGGGTATCCGGTAACGGGTATCCCTACCGCGACGTTTTTAAGTGATCGGAGGTTGTGCCTATGTTCTTAATTCCAATGGAAAATCCTGAGAAAATCGCCATCCCTTTATTTCTCGAGCGGTGTGCAGCTGGCTTCCCCAGCCCTGCCCAGGATTATACTTCCAGTGAGCTAGACCTGAACGATTATTGCATCAGGCATCCATCCGCAACATATTTCGTGCGAGCTCAGGGAAACAGCATGCAGGATGTCGGTATGCGTGATGGAGATTTGCTGGTGGTGGACCGTTCTCTGCGTCCTCAACATCGCGATATCGTGATCGCCGAGGTGGACGGCGGCTTCACTGTTAAACAGCTCCAGACCACTCCCAGACTGGCCCTGTTGCCTATGAACAATGCTTATTCACCAATTTACCCAGACCCCGATGAACTGACAATTTTTGGCGTGGTGACTCATTGGGTTCATCGTGCCCGGGGTAATCTGTAATGTATGCTCTGGCGGATGTGAACAGCTTTTATTGCAGTGTTGAGAAATGCTTCAGACCCGATTTACGCGATAAACCAGTGGTCGTCCTTTCTAACAACGACGGCTGCGTTATAGCTCGTTGTAAACTGGCCAAAAAATTCGGCATTCCTATGGGTTTACCCTGGTTTAAGTTGCGTGAGCAGCGCTTCCCGGAGCCCGTGATTGCCTTCTCCAGTAACTACGAGCTGTATGCCAGCATGAGCGCCAGAGTACATTTCTGCCTGGAGGAATTATCATCCCGTGTCGAAGAGTATTCCATCGATGAGTCTTTTATTTGGGCTGGTGGGATTGATAACTGCATGACGTTTGAGGAATACGGACATCAGCTAAGGGATCATGTTTTCCGCTGCACTGGACTGACGATAGGGGTAGGCTTGGCCCCTACAAAAACCCTTGCGAAAGCCTGCCAGTATTCCAGTAAGACCTGGCCCCAGTTCGGAGGGGTACTCGCACTGACTGCAGGCCAGCGTAATCGGATAGATAAGATGCTTTCTCTGATGCCGGTAGAGGAGGTGTGGGGGGTTGGTGGACGAACCACAAGTAAGCTTCATGCAATGGGCATAACCACTGCGCTGGAGCTGGCTCGTACTAACCCTGCATTCATAAGACGAAACTTCACCGTAGTTCTTGAACGAACAGTGAGGGAACTACGGGGAGAAAGTTGTATCGACCTGGAGGATGCCCCGCCACCAAAACAACAGATCATATGCAGCAGGAGCTTTGGGCAGCGTATAACAACGTATGAATCCATGCGGCAGGCAATTTGCCAGTATGCTGAACGTGCTGCGGAAAAATTGCGCCAGGAACGTCAATACTGCGGTCAGGTATCAGTTTTCATAAAAACCTCGCCTTTTTCAAAACATGAACCCTATTACAGCAAAGTCTCCAGCGAACAGCTCTGCATTCCATCACGTGATACGCGGGACATTATCGCGGCGGCTGGCCGGGCTCTGGATAAAATCTGGAAAGAAGGACATAACTATGCAAAGGCGGGAGTCATGCTCAACGATTTCCGTCCCTGCGGAGTTACCCAGCTATCGTTATTTGATGAAGGGAGGTCGTATGCAAACAGTGACGCGCTCATGAACGTACTGGATACGATAAACAACTCAGGCAAAGGCAAAGTATGGTTTGCCGGTCGTGGCATCGCACCGGCGTGGTCAATGAAGAGAGATATGCTCTCTCCAGCCTACACAACGAGGTGGGACTCGATACCGATCGCTACACTCTGAGTTATCGCAATCAGGAAAAATGCCTTCCGTCTGCTGGTGGTTGATATTTGCTCTGGTGTTACCATTTGGGTATAATATAATGACCAAATGGAGGTTTGCTATGAAAACTTTTAGTTTGTCCTCAACTCCAGCCAGACCACAGCGCCTCTGGCAGGTTGCCGGGTTAAATAATGCTGATGGTGTAGCGCTCCTGGGCCAAATCAATGAAGGCCTGGACGGGAAGGTGGTGAACCGGATCACTGACTGGGCCAGAATAACCCAGAATGACCTGAGAAAAATGTCCGGTATCCCGTCAACCACATTTAGCCGCAGTGTGAAGGCACGTTTTAACCCGGAACAAAGTGAACGTCTGGTACGGATTATCCGCGTTATTGATCGGGCGGTAGATTTGTTTGAAGGCGACAGGGAAGCCGCACAGAAGTGGTTGAACGAACCTAACCGGGCATTGAGCTGGAAAGTGCCAGCAGACCTGATGGCATCCGAAACGGGAGCCTATGAGGTCATTAAGCTGATTACGCGTCTGGAGCATGGGGTGTACTCGTGATCTTCTACAGGCTGACGAAAACAAAGTATCTTTCTACGGCCTGGACCGGATATGGTGCGAAAGAGGCTGGTGGGCGCTGGAATAGCGTGGGGGTGTCAATGGTATATGTCTCCGAAACGGCATCACTAACGATGCTGGAGACCCTGGTACACCTGCATGCGGCACAGATA
NZ_CP073782.1_gap137	5394580	5395450	870	GCAGCAGGAAAGCTGCTTCACATCCTTGTTGAAGGTCTGCGCCGCGAGCTTCAACCCTTCGACCATCGTCAGGTAGGGGAACAACTGGTCGGCCAGTTCCTGCACCGTCATCCGGTTGCGAATCGCCAGTGCGGCCGTCTGGATCAGTTCGCCCGCTTCCGGGGCCACTGCCTGCACGCCGATCAGTCGTCCGCTGCCTTCTTCAACCACCAGTTTGATGAAGCCGCGCGTGTCGAAGTTGGCGAGCGCGCGCGGCACGTTGTCCAGCGTTAGCGTGCGACTATCAGTTTTGATGCCGTCATGGTGCGCTTCCGCCTCGCTGTAGCCTACGGTCGCCACTTGCGGGTCGGTGAACACCACGGCCGGCATCGCGGTCAGGTTCAGGGCCGCGTCACCGCCGGTCATGTTGATCGCGGCGCGAGTGCCGGCCGCTGCCGCCACATAGACGAACTGCGGCTGGTCGGTGCAGTCGCCTGCGGCGTAGATGTGTTCCACGCTTGTACGCATGCCGGGGTCGATGACGATAGCGCCTTGCGGGGTGAGCGTGACGCCCGTCGCATCCAGTGCCAGCTTGCGTGTGTTGGGCGCGCGGCCGGTGGCGACCAGCAGCTTGTCGGCGCGCAGTTCGCCGTGCGCCGTGGTGAGCACGAATTCGCCGTCCCCTTCACCATTGATATACGCGACCTGGCTGGCCTGGGTGTGTTCCCTCACCTCGATGCCCTCCATGCGGAATGCGGCCGTGACGGCTTCGCCTATAGCTGGGTCTTCGCGGAAGAACAGCGTGCTGCGAGCCAGGATCGTCACCTTCGCTCCGAGTCGGGCGAACGCCTGCGCCAGCTCCAGCGCCACCACTGATGAGCCAATCACGGC
NZ_CP073782.1_gap138	5463362	5463862	500	TAGTAGGTGGGGTAATGGCTCACCTAGGCGACGATCCCTAGCTGGTCTGAGAGGATGACCAGTGATGGAGGGGGATAACTACTGGAAACGGTAGCTAATACCGCATAATGTCGCAAGACCAAAGTGGGGGACCTTCGGGCCTCATGCCATCAGATGTGCCCAGATGGGATTAGCTAGTAGGTGGGGTAATGGCTCACCTAGGCGACGATCCCTAGCTGGTCTGAGAGGATGACCAGCTTTCCCACTGCAAATGCGTTGTCTGCGGCCCTCAACCCCGGTCACTTACTGATGTAAGCTCCCGGGGATTTCGGGTCTTGACGCCTTTTTGCAACGCGAAATGCTGGGTTAAATGGGGGGCGCCTTTCCCACTGTCGGTTGATTTCTTTTCCTCGGGGTACTTAGATGTTTCAGTTCCCCCGGTTCGCCTCGTTAACCTATGTATTCAGTTAACGATAGTGCAACGAATTGCACTGGGTTTCCCCATTCGGACATCGCCGGCT
