gap_id	start	end	length	sequence
NZ_CP011272.1_gap1	1271	4645	3374	GGGAACGATCACGCACGATCAAGCGATTCGGTGCACCCTCGACTTGCTCCGCGCTAGCCAACCCGTGGTACGCATGTCGGATATCGAAAAAGTGGTGTGCGATGCGTTCGGTCTAGAGGAGAAGGCACTGCGAGGAAAGACAAAGTGTCAACAAGTCAGCCAGCCTCGCATGCTCGCAATGTTCTTAGCACGAAAGTACACGCGAAGCGCCCTCTCGGAGATCGGCGAATATTTTGGCAATCGCCAGCATTCCACTGTTATCTCCGCGCAAAAGAAAGTGGAGTCATGGTTGGGTGAAGACGAATTGATTCAATGCGGCCGCGGCAAACTCGCAGTCAAAGAGATCGTCAAAAATTTGGAGTCCTCCCTCCGTGTTGGGTAGAGCCGGCTCGGATGCATGTTAGCAATCCGCGAAGAGTCGTATGGCCTAATTGCGATGAGCGCCAACACCGGTCCCACCGTTCGCAAACTCGAACCTATTCCCAACGCATCGCGAGCGCTACCCCCTAGGCACGGAGTTCACGACGCATCGAGAATAAGCCCCTAAAGGGAGTAACCAATGCTTCCCATGGGGACTAGCCATTGGGTCACTGGGCCCTCCGTCATGCGGAGGAAACGATCGTACAAAACAAGAAAAGATTGAGGATTGCCACATGCCACAAAATGAAAAGCTGGATTACGTCGAGCTTCCTTCATCCGATTTGCCATCGACAAAAGCATTCTTTGAAAAGGCATTCGGTTGGACGTTTGTCGACTACGGCCCTGATTACACCTCATTTTCGGACCAGGGATTGAACGGCGGATTCTTCCATTCCGATCAGTGCTCCAGTACGTCGCATGGGGCCGCACTCTTGGTCTTCTTCAGCGACAACCTAGAGCGAACACTTGCCAAGGTTGTGGATGCGGGTGGCACGATTGTCAAACCAACGTTTTCGTTTCCCGGTGGCCGCCGTTTCCACTTCACCGAGCCATGCGGGAGCGAGTTTGCGGTCTGGTCCGACTCGGACGCCGCCGATTAGAAAAGACGAGCGTTATCCCAGTGGGATCAATTTCTAAACGTGCGTGAGCAGATCTAGACGCCTCGATCCGATTTGGTCCGCACCCGTTCCTCGCTGCGTCGATTTAGCTCGCCGTTGGTTTGGCTCTCACGACATCTTTCGCAAGGCCGACCGCTTCCAGTCCGCGGATCACCCACCACGACATGTCGAATTCAAACCAGCGGTGGCCATGGTGGGCTGCGCGGGGCTGGGCGTGATGATTGTTGTGCCAGCCCTCACCGTGAGAGATCAAGGCCACGAACCAGTTGTTGCGGCTATCGTCACGGGTCTTGTAATTCTTGTAACCAAACACGTGGCCAATCGAATTCACACTCCATGTGCCGTGTAACACGACAATCGTCCGAACAAACACGCCCCATACCAACCAGCTTGCCCCGGTCTGGATGAAGCCATTCCAGCCATCGAAGAACCATCCAAAAATTCCACCGAGCAAGGCGACGATGGCGGCATGGAGCCAAAAGACTTTGACCCACATCCCCCGTCTTTCTAGCTTCATGTAGAACGGATCTTTGAGCAGATCTCGGGCGTAGCGCTCGAAACTGGTCACGGAATCATGATCCCGATTCCTGTAGACAACCCACCCTACGTGTGCCCACATCAAATTCGCGAGAGGCGTGTGCGGGTCAGGCTGGTGATCGCTGTGCTGGTGATGCATGCGGTGGATCGCAACCCAGCGGGCGGGGCTATCCTGCAAATTGCAAATTCCCAAAATCGCAAACGTATGCTCCAACCATTTCGGACACGTAAAGCCACGATGCGTTAGCAAGCGATGGTAGCCGACTGTGATCCCAAGCATTCCGAAAACAAAGTGCCCAGCGATAGCCACTATCAAGCCGGACCAGGTGAAAAACCATGGTGCAAAGGCTAGCAAAGCTAAAACATGCAGGACGACCAGCGGTATCAGATAGAGCCAGTAGATCCGAAGCGGGGTCGCGCTTTTCGGGTAAGGAACCCGCTGCATGAGATCTGTGGTAGCAACAAGTTCCGCGTCTGCGTTGGCTTCTTCAATTAAATCAGTAACGCTCATTGCGTCTTCAGGCTTGGTTGGAAATCGGAGGAGCTATGGATGGCGACTAGGCCCGACCAGTATCACCTGTTAAAGGAAAATGGTCGACAACCGAAACAGAAAAAATTGTACCGTTTCCGATCCCATTCTGCTGGGCTCGCGAATATGTTAGAGAGTTTTTGATTGCGACCATGTTTTATGAGGCCCGAGCTACCGATATTGTCCATAAATGACAAATCGGAGAAAGGTAGATTGCGACATTCCTCCCACTGGGTCGCGATCCCATTGTGTTGCTTCGGCACATGTGCATACGGACCTGTGACCCACCGGTACGTCGAAGCTCCATAGCGCCCTGACATCTCGAATCGACTGCACCATGCGTTCCCATTCTCAAGCGATTCTTATCACCGGCTCGACTGGATTTGTTGGTCGGCATCTTACGGCTGCTCTGGTTCAACATGGGATGGAAGTCTATGGAACTTCCCGTTCCGCAGCCGGTGACGAGGTGTTGCGCTCAGCGGGCTGCCATCCCGTCCGAATCGACCTGGAACGAGCTTCCTTTCCATTAACTCCCGGAGCGTTGCCGGACGTAGGGACCGTGTTCCACCTTGCAGGAAAATTGTCTGGCTCCCCGGAAGAAATGAATGCTGTCAATCAGGTCGGAACGAAAAAGATCGCGGACTACTATGCACGGCATGGTGCTGGGACGCGATTGATACATGTTAGTTCTGTGGCAGCTGGAGGCCCTTCGAGCGAATCCTGTCCCAAGAAGGAATCGGATCCTTCAAAACCCATTTCGCATTACGGAATGAGCAAACTGGCGGGTGAGGAGATAGTTCGCCAATTCGCTTCCTCGCTCCCATCCACGATCATCCGGCCTGGAATCGTTTTTGGTCCCGGGGACAAGGAATTTCTTAGATTGATCAAGGCGTTGTATCGCGTTCGACTCAACCCGTTGATCGGGACTGGGCGACAGCCATTAGCCTTCGTGGAAGTCAGCGATTTGATTACGCTGCTCCTTCGATGCATGGATCGCGGTGAGCGGATTGCGAGTGACGATCGACCCAATGGGGCCGCACCGATTCTCGGTCAAGGGATTTACAATGCAGCCGATGCGGAGCCGCTCTCGATCTATGAGCTTGGTCGTATCTTTCGTGAGGCAACTGGTCGATTGGTTCTGCCTCTTCGAATGCCAGCCTCGCTAGCCTGGTGTTTGGGAGCGCTCGGGGAGGGGACGGCAAAGTTGACTCGCATGTCCTCGACCTTGACGCGTGACAAGATTCGCGAAGCGACGGCATCGGGCTGGTGGG
NZ_CP011272.1_gap2	6261	9994	3733	ATTCGCTTGAGAACCTGAGTGAGGCTGCACATTCGCGTGCTCGGCTCCGAAGAGCTCTTTGGCCCTATCGATTGCGATCGTCTCGACGACATCCACATATTCGCAACCGCCGTAATAGCGGCGACCTGGATAACCCTCCGCGTACTTGTTCGTCAGGATGCTACCGACAGCCTGCATCACTGCAGGACTGGTGTAGTTTTCGCTGGCGATCATTTCGAGGCCTTCCTGCTGGCGCAAAGCCTCGCTCTCGATCGCAGACCAAATAGCGGGATCCTGATTTTGAAGTATGGACATCGGAGTCGTCGGTCAAGAATAGTGACAAATGGAAGATGGGAGAATTGTCTCGAGGTCTTGGCGAACCGTCAACCTCGGCCGGTTAACCGCCATCTAGCGCGGAAGAGCAACACATTGATCGCTAGTAGAATTGCAGAAGCCCCGAGCGTCAACGCGATATAGGCTGCAATAAGCCCCCAAGAACCGGCTTTCGCCACTCCACGCCCTGCCATCGGCCCAGCCTGCATAGCTGCTAAAGGCGCACTGTCGACCGCCATGAAAGGACTGGAAATCCCAATGAATTTCAAAGCCGTCAAATCCAATTCTTGGGTCGAAAAGGACCAGACCAAAAAGTAGATCGCGACCGGGAGGCAGTAGAGTCCTAACAGGGTCGAGTAGGTGAGCATCATGGCGGTGCTCGTTTTGCGAACCACGGTGGACAAAAACAACGCGAGAATGGCGTTGAACATGGAGGCCACCACGATGATGCCAAAGTACGCGAGCATCGATGGCCAGTTGTCCGATAATTCCGTCAATGGCAGGAGGGCGAGTACCATCGGGAACATGAGAAAGGAGGTGAGGACAAACGAGACGCGATATCCGGCTAATAGCTTGCCCCAAAGGATGCTCCACGAGGAAACCGTGGTCGTGAGCAGCAAATCGATGGTCTGTCTCTCCCGCTCGCTCGTGATGCTACCGGCCATGAACACAGGAGCGACCAATATGTTGAACACCAACACAAACCCGGCATAGTAAGCCGCGTAGATGGGCATCAAAAACAGAAATGCCGCCATCAATGGAATCGCCAATAGCATGCTTATCTGAATGACCAAGCGGAGCATCAAGCTCCCTTGGCTAAACAACTCGGCATGCATTTCCTTGTCGTAGACTGGGTTCGCGTTGTCTTGCATCAGCGTCTTGCGACGAGGTGGGGCGAAGAGATTGTCGGGAAACTGATCGCGTTGAATAACTAGCCCAACTGCTTCTCGCTGCTCCTTCTCCAAGTCCACGACTTCGTTTCCCTGGCTTCCAATATCAGGCGGATAAAGCAATCGATGGGCAGTCACCCACAAGAGGAGTGAACCGATGGTTATGCAAAACGCCGGAACGATAGTGGTCGCCAGGAACAGTCGTAAATCGCTTTGTTTGGCGAGCCACAACCATGCAACTACCCCGGTGATCAAAATCGGCAAGATGAAAACATAGCTCACCACCAACGAAGAGCTGGTTCGTTTGAAGTGACTAGAACAATACATACTGATCGAGCCAAACAGAAAGATCGCGGACAGCAACCCGATATAGGCCCCGAGCAACTCATAGATGGAAACGCCTCCCAACGGCAAACAAAGCATGATGATCGGGAGCGAACCCGACACCAACACAACCAAATGCGCCAATGCCGCAATCAGTTTTCCTGCAACGATCACCGCGGGGCGAAGGGGACTCGCCAAGAGCATTTCATAGGTTTTTCGTTCCTTCTCACCGGTTATGGCGCCGGACGTAAAGCTTGGCGCCATCAGCGACGCGATGGCGAATTGACCTACAAAAAAGAAATCGACAAGCCGCTGCGCCGAAGCGGATTCGCGACTCAAATCGATCTTGGCATCCTGCGGATAGGCGATCAAGATGACCACAGCCAAAGCGACTTGATAGAGGAGCATCAACAGGAATGCGCGGGGCGTGCGCAGGTTGACGATTAGCTCGCGCTGGAGCACTGGGTTTTGAAAGAGAAACATGCGATGAGTTCAGTCTATAAAACGTGTATCCGTTACCGAATCCCCTCGAGCTCCAACGCTCGAATCTCCCGCTCCATCGCTTCCCGATCCTCCTCGGTGATGTTGGGGTCGGGCAATAACGATCGCCTCGTACAATTGACGAGCGCTTGCAACGTTTGGTAGCGACGAGTCTGTTTGATCGCCGGCTGGATAAAGTCTCGAATCATGGACTTGAGCTCTTCCTCGTCTTTGGGAGGAATCGCTTTGAACTGGCTTCGGAGAGCCGCAAACCCTGCCGACGAATAGTCCTGCTCCAATCCCTCTCGATCGAGCCAATCGACAAGACTTTCGTTGAGCATCCCGGTTGGACCTATCATCCAACGGATGAAGTCCTTGCGATCTTCGCCGGTCGGATCAAGAATCGGAATGATCAAATCCCCGACCCGCCCTGGCCTGCGGATATCGGGTGACAAAAGGTGAATTCGGGCCGTCATCAAAAGCCAAATCACCTTGCCTCGCAACTGGGTGTCGCTCATCATGCCTTGGATTTTTCCGGTCAACCGCCGTTCGGTTTCATGGGCACCTTCGCCGACGCTGCCGAATTGCGTGTCCGCTTCGTCGACAAAGATGACAACCTTCTCCAAGGCCTCGAGCACCCGACGCAACCGCTCGAAAATCACATCGGTTTGTCCAAACCATTGACTTCGAATGTTTTTGAGAACCAACACCGGCATGTCCAACTCCGCTGCGACGGCTTCGAAGATAAATGTCTTTCCTCCCCCGATCGGGCCCGCAATGGCCGCCCCCGGAAGGGCGCGATCGTCAGGTAGCTTCATGCGGGGTATCAAATACGAATGGAGGAACTCTTTCAGTTTGGAAAAGCCCACGCAATCAGAGAGTCGATGCATCGGTTTTTTGAATTCAATGACGTCCTCACCAAGCTGACCTTGAATAAACGCTTCCACTTGCTTGGTCGTGTCGGTTCGCGTCACAGGCTTTTGAAGATAATCCGCAGAAAGCAAAAGCTGTCTCATGGCGTGCAGGCTCAACCCTGCAATCGCAATTCCCACCAAATCTGGATCATGCTTTTGGCCAGAAAGATTCGCAGCGCTATGAACCGTAATGAAGTGCTGACGAGCCGCTAGATCCGGTGCTGGGATCTCCACACTAAGAACTTGAGGAAGCCGCGATACACGAGGGTGGATTTGGCTTCGCGATTCCGCGATGAGAACGACCGCATCCCGACCGCTGAAGAACGCCGGATCGCTAAACCAATCCGTGACAATCGCGATGCGCCGAAGTTGCGCGTCGTTCATCCTGGCTACATCGCCGTCTCCCGCAGGTAAGAGCATATCCGCCCCCTCGATGAAGATCAGCAGATTCTCTTTCAAGCAAGTTCGGGAGCAGATGGTCAGCTGCCTCAGAAATTCAAGTGCCTGCGTCGCATTGCCGATGGCGTCCCGAAGATATTGGTCGAACTCGCGACGTCGCAATTCGAACCGACTTCCATCTTGGAGCACTTCACGCATCGCGATCGCGTCGACGGCCACCCCGTTCTTCCATGCGGTCCAAGCTTCGCGGAGTCGGTTGCGATCTTCGTCGCTCAACCGAACTGGTCCGTTGAGCTCGTATACGACTTGTATCAATCCCGCCACCTGGGTTTTGGAAACCAAGAACGGAAGGATGGGAACATATTGCTTACCATCGAAATACAAATCGTAGATGTTGCCCGAGAGGACAACCGA
NZ_CP011272.1_gap3	13927	17289	3362	AGTGGCTGGCGGAGTGTCGAGCAGAGCCGCTAGCTGCATGCGACACATCCCGCTGCGGCAAGCTCGAACTCGAAACGGTACCCATCGAATGCGAACAGATCCAGTTCCTACACGATGTGGTCGGTGGCAAGAAGAATGCTCCCTGCGCAATCACGTCGCGAATCCACCAACTGTTAGAGGGATCGAGGTCCTCAATCGATCTCTGCACGCCTTATTGCGTCATCACACCGCAGCTAAAACGAATCTTGATCGCAGCCCGAGACCGAGGGGTTCAAGTTCGGATTCTCACCAATTCGCTTGAAACGACCGATCAAGTGGCGGCGCATGCCGGATTTGCGAACGAACGTCGTTGGCTGCTTCGGCACGGGGTGCAGGTATACGAGTTCCAAGGATGTTCGACCCTCCATGCCAAGTTGATTCTCGTCGATGGCAAGTGCTCGGTGATAGGCAGCCATAACTTGGATTACCTTTCGGAGAGGCGAAACTCGGAAGTCGCATTGTTGGTGATCGATGCCTCTTTCTCGCATGTCGTTCAAGACATCTACCAAGCTCTTTTACGGCAATCGCGTCTGTTGAAAACGGGCGAACTCTTGCTTTACGAAGCGAGGGAACAAAGTGTCGACCGGGACGAGCTGAGGTCTTTCCGACGACTTCGCTTCGCAGCCCCCTTCATACAGAAATACCTTTAGCCAGAGCTTCGTTTGGACCGCAGGTCTATTTGGTACGCCACCATTGCGATCGGCAAATACCGAGCTTCGTTGCGACGGATTCAATCTCACTGGCAAATCGACACGCGTCGACATAATAGCCCGCGGTCGGTCGAATTTTTTTGCCACATGCCTTCTCCCAGTAGGAGTTCAGGCTGGCCATGGATAGTTCTCGTACCCATTTGGCGATGACACTCGCAGCACCAGACGGAAGGAGCGAATCTCCCCCCACCCGAAACGATATCGCTACGTTGCATTCCCGCCATTGCGTTTGATAGGTGGATAGCCTTGGGCTTTCACTGCCTATCTGGACCCAAGTGCCGTCCAACGCATTCATCACGATAGCTTGGTAGCGATTCCTGCCACCATGTTTGTCGAAAAACATGTCGATGCACCTAGGACTTTCGCGACTAGGTTGGTTTGGCGAGCTTTCCTCGATTGGCTGCTCTACAGGTGATTGGGCCAAACAGGATTCGGCTAGAGACTTGGCAAGCTGAAGGGAGAGTTCGCTTAGCACTGAAGATTTGTTGCCCGCTTCCGAGACCAATCGATTGAATTCCGGCTCGTCGATGCATCGAGCTTGAACTCCAAGGAGTTTCACCCCTGTTGGAGCAAGGTGCTGGGTCACCCGAGGACCTAACGTTGCGAGGATCGATCGACGCGAATGGGGCCCCCATTCAGAATCCAACCCATCGTTCAGATACGTGTGAGATGGGAGCGAGCCGCCTGCGACCAGTTCGCAAAGCCATGGAACGGATTGGAGGCGTTCCCAATCCGTCGCCATAAGCCTTGATAGCGACAAGTCGGTATCAGCGCCTCCGGAACTGGACCAAAGGAGCCATTCCGCGGCTAAGGATAGGCTTGGCCAGCCGTACTTTCCCACGAGGATCTTTTTGGAATCCCCGATACTCAGAAAATCGTTTCGAGGGAAGGAGGGTTTTGGCTGAAAGCAGACGGCTAATGCCTGGCCGAGTTCTTCGATTGTCCATCGATCGGGAATCCACCATGCCGTTCCCCCGATCACCAGTGGTCCCATGCTAGGGCCGTACCCTGCTTCGTCGATACCGATGACGATACGTCCGCTCATGGAGCAGGTGGCGTTAAGAGGTTGCCATATGGATCGGCTTGCCAGACCCGCCCCGTTTCCAGTTCCATCGCTGTGAGCCATTTGCCGCCGTAGCAATACGTGTCGATGCAAATCAGATGCGGCAGCTCGATGATCCTCCCTTCGCGATCGTGCGTGTGGCCAACGATTGCTCGCTTTCCAGACATGTGGGGACCGGGGACTTCCTGCGTCAGTTTGACCCAACGGAGCAGATCGTCCGGTTGCTCGTCGAGCGGGAGGTCGGGGTCATAATTCGCGTGGACCACAAAATGAGTGTCGTTTTCAAAGAAGTTCGGCAGGTTTTCGAGAAAATCGCGGTGGCTGCGCGGGACGCAGTTGAGATCCCCGACAAATCCGTAAGAGTCCATCGTCTGGACACCGCCGTGGTTCAACCAGGAAAACGGGGGGACTTCCCCCCGGAGGACTTCGAGCATCATATCCTCATGATTTCCTCTCAATGACACCAACTGGCAGACTTCGCGCAATTCCAGCAGCCGGTCGATGACCCCTTTGGAATTTGGCCCGCGGTCGACATAATCACCAACCGTAACAATCGTGTCGTTCGAGGATGGTTCGATCGCCTCAATGAGAGCGTTGAATGCGTCCAAGCATCCGTGAATGTCCCCAATAACAACCGTTCTTTCCATTTGCTGTCGCGTCCCTCTGTTGGAATGGTCTCATCCATCCTTCAGCTTATTCGCTAAACCGCACTCGGAACATGCCAAATCATCCAGACGCTATGACTTCAGAGCCACCATCGTCACCCCCGGAACATATCACTCCCCTGCGCGTGCGGTATTGCGAGATCGACGGCCAAGGCCGAGTGCATAACTCGCAGTATTTGAATTACTTCGAACGGGGGCGAGTCGAAATGCTGCGCAGCTTCGGAATCTCTTACAAGGAAATCGAGAAGTCTGGATTGATGCTCGTCGTCAAATCCATGCAAGTCGAGTTTCACTCCCCCGCCGAGTTCGATGAAGAATTAGAATTGGTGACTTCATTGAACCACAGCTACGGAGCGAGGATCGACCATGGATACCGAATTGTACGCCCCCCCGAATCCGATCTATCCCGATCGATTGGCCCTATCGTCGTTACGGGAACTAGCAGTATTGCCTGCGTCGACCGAACCGGCAAAGTTCGCCGTCTGCCGAAAGAGCTACAGTTGTTTCGCAGCCTCTCGGGGGATTGATCAAAAACTCGTTAGGAGTGGGCTCCTAAAAAGGGATCGATTTCGCGGACTCGACGGCTTCCTGCTAACTTGCATCTCACTCCTTTTTTGTCTCGAAGCCTTGCTACAACGAACCGACGCGCAGTCTCTTGACGCCAGAACTTACGAAATGGATACCACCCAATGGCAGCGAGCGAACAGCGATCGTTTGAAATCCCCCACCGGTTGGCTCGCTTTAGCCGCTCATCTTTGGCTTGATCATCATTGGATGGACATTGGAGGGGACCCATCCTTTCCTGGCCACCTAGGGAGCGATGCCCCCTCCGATCTTCATGTTCAGGCGATGACGATCGAAAATGAAGTTCGCGTGCGGACTCGC
NZ_CP011272.1_gap4	46169	47058	889	CAGGACTTTCGTTGAGTACCAGCAAGATCTCTTCGGAACCGTTGGGTTGGCGCGAGGCGATGAGTCCTAGATACGGTTCGCGATAAGGGGGTAGCTCCTTCACCAAAGTCATCGAGGACTGCACCGTCTGCGATCCCCGGGTGACTTCGAGAACCAATGGTTGTCCCGCGTCGATCGGCCCCATGGCATGTTTGAGGTTCGAGTGCGTCGCAACCGGTTTTAGGGCAGTTTCCGAGCGTCCGGCCCGGACGACCTGATCCCCTGCTTGGAGTCCAGCCTTGGCAGCGGGCGAACCCGGCGAAACGCCGCTTAGCACAATACCCTCGGCAAACTCGTCTCTTCCTCGGACGCGAAACCCGGCCTTGCCCGGATAGATATCCTGCCCCGATTGAAGAACAGGTAGTCGTTCAAGGATATCGGACAATGGAATGGCAAAGCCAATTCCCGAGTCGTACCATTGTTCGACCTCACCCTCCGTTACGATTCCCGGATTGATCGGGGTGAGGATCCCCATCGCTTTCCCGTAGAGATCGATCAGAGGCCCACCATAGTTTTGAGGCGAGATCTTGCAGTCGGTTTGAATCGCCTTATCCCAAATCCGACCTTTGGCGCTCAAAATACCTACGCTGCGGCTAGCGGATCGGACGTCGAAGCTTTTTCCAAGTGCAATGGTCCATTGCCCGACGCGCCATGTAGCGGGATCGCTGGGAACGATCGGTCGCAATGTTGCATCGCCATCGATTTTAAGCAGCGCGATTTCGCGGCTGAAATCGCGAGCAACCAATTTTGCTGCCTTGCGTTCTTCGTTCGGTAATATGACGGTGATCGATGCTGGTTGCCCTTTGAATAAAAAGTTACTGGTGGCGATCCATCCCTCTTTGGATAAGAC
NZ_CP011272.1_gap5	49874	53063	3189	CGGACTGGAAACGTGAAAATTGGTCAACACATACCCGTCGCTGGAAATACAGACCCCCGACCCGCCACCCTGTCCATCCGCACCATGCACTGCGACGGTTGCGAGGCTCGCGCGCTGCATGGCTTCGATGCGCTCCGTCTCGGCCTGCAAGACAATCGGCTGCGGCGGGTTGGGGGGCGCGTCTTCCTGTCCGTACGCCCATGTCCCGTTCAACGAGAAAGTCGAGATCGCCGAGACGACTCCTAGCCAACTCAGCACCCTGCGGTTCATCCATTCGCCTTTCATTACCAACCGATGCGCCGAAGAAATGATCCGGGTATTCTTTAACGAAGAAGTCGCGGTTGTTTCCATTGGACTTCCGTTCCTGTTTGGGAGGGTGAGCGACTTTTGACCACCAACGTGATTCGTTTTTCTGATGCGATTGCCGCTTGGATACTTAGAACGGTTTGGTCGGGTGCGAGTGTTCCTGAGTAAATCACCTCAGAGTCTTGGCGAACTTCTATCTGGAGTTCGGCACGGAAATCTCCACGCTGCGTTCGTTCCACGCGGGATTCTAGGCGTGCGACCCCTTCCGGAGCTCGGAACGTGTAGGTGCCAGGCAATGAGAACAGGAGGTCTTGGTTCGCCGCTCCGGGATCGCGGGACGAGGTGGCTCGCACGAATCGAGGTTGAAATGCACTGGGTGTGCTGGGCGAAAGAAATTTCCAATTGCCCCATTCGTCCACCGTAGCTCCCAACTTTTCGGCAGAGGAGACCCAGCGCACGTTTGCGGTGCCAAACCGGATCTCGAGGATGTTCGCCAGAGGGACTGAACCGAGGACCTTCGACGGAGTTTCGATTTCCAAGCGATCGTTTTTCCAATCCAAGCGGGTGCTGTTCCAAATCGAGCCATCGACGGTGACCACTTCGATCGCTGGGGTGATGCGGGGTTGGGTGGGTTGGAACCAAGTCATTCCAAGGAGTTTCTCGATCGACATCTCCAATTTCTGATCGTCGAACCCAAACGCCACTTGCGATTGCCGGACTTCGACAATCGTACCCCCGACACGGGTCAGTTCCCCACTCGGACGCGTCAGGATCAATCCGTCTGATGTAATGGTCTCGGCGAGGATGTCACGCCATGGACCCTCCAGATTCGCTTCAAAAGGTTTGAGCTGCGCGTAGACCAACTGCTTGGAGGAAAGGGGAGAGGTCAATTTCCAAGATGCGGACTCGACAGTCCACTCCTCCCCCTTGCCAGTCAGGGAATCGAATCGAAGTTGCGAACCATCGACCGTGACTAGGACTGATACAGGGGGCTTCACCGATGCGGGAGGGGAGGCCAGTTTGACCGTTCCAATTTCTGAGGCAGGGACCGATTGCTCGCCATCACCGGTTCGCACACGCACCGACGCTTGGCTGAGCTCCAGCAACTCTCCATCCAAATTCGAACCATCGATCTTGGAAATGCGAACTTGTTGAAGGTTTGCTTTCAAGGAGGCTTTGGAGCTGTTGCCAACAAGCCCAAAAAACAGAACCGACGCGATCGCCATCAGCCCAATCGAGCGGAAGGCTGCATGAGGTCGAGATTGGGGTCGCCAAGATCGATAGTTGAAGCTCGGCACGGAAGTCCTTGGGCGGTGTCGTTGAAATAAGCAGATTCGATTCATCGTTGTGAGAATTCCTGCAGTTGGTACGGCGTCCTTGCAACTCATTTGGTAGTATACCGCAAATGGAACGGACAAGGAACGAACTCAACGCATTCGTAAGACTTGAGGTGCGATGAAAGCGGCATATATTCGGCAACCGGGGCCACCTGAAGCCATCGAGTATGGGGAATTGCCACTTCCCGCCTGTGCGGCCGATCAAATTCTGATCCGGGTCGCAGCGGTCTCGGTCAATCCAATCGATACCTACATTCGCGGTGGGGCAAACTATTGGCCACTGCCCAACCCCTTTATTCTCGGCTGCGACTTCGCCGGTACCGTTATAGAGGTTGGACGAGATGTTCGTTCCCATCAAGTCGGCCAGCGGGTTTGGGGCTCCAACCAAGGGCTCCTCGGCAGGCAAGGGACTTTTGCGGAGACGATTGCAATCGATCCCAAGTGGGCTTACTCCACCCCAGAGGGGGCAACGGACCGAGACATGGCGGCAATCGCGTTGGTGGGCATTACCGCCCATCTTGGATTGTTTTCGCGGGCGCAATTAAAGGCAAAAGAGGTCCTCTTCGTACGCGGTGGTACGGGTGGAGTCTCATCGATGGTTCTCCAGATGGCGAAGGCCGTCGGGGCTACCGTCATCACGACGGCGGGCAGTTCGGAAAAGGCCCAACGATGTTTGGAGTTGGGAGCGGACCACGTCATCGAATACAACCGCGAGTCGATCGCAGATCGTCTCAAAGAGTATGCGCCGGACGGGGTGAACGTGTTTTGGGAAACCCTCCGAGAACCGGACTTCGATTTTGCGGTGTCGTCGATGGCACCCAACGCTCGGATGATTCTGATGGCGGGTCGCGATGCGAGACCGCACTTCCCTGTGGGCCCGTTCTACGTGAAGGGTTGTTCGCTCCACGGCTTTGCGATGTTCAAGGAATCCGCCGAATCGCAGGCTGCCTCCGCTGCCGATATCAATCATTGGGTCCGATCCGGAGCGCTTCGCGCGCAGATCGACCGCGTTCTCCCCTTAGAAGAAGCAGCTCAAGCCCATCGATTGCAAGAACAGCACACGGTACAGAAGAGCAGCATTCTCGCTGGAAAGATCGTTCTCGAACCCAACTACTCCCAACATTGAAGGCACGGACAGCGAATGACGCGAAATACGCTTGGTGAAGCACGGACAAAAATCGTCGCAACAGTTGGCCCCGCCTGTGAGGATGAATCGATCCTCGCGGAGCTTGTCAACCACGGAGTTGATATCTTTCGAATCAATGCAGCGCATGGAACACAGGCCGATTACGCGAGGGTTCTCGAAAAGATCGTACGGGTGCGCGAGAAGACCGATTTCCCAGTGGGAGTGCTTCTCGACTTGGCCGGCCCGAAAATTCGACTCGGAACACTCTTCGACCAGGAGCCCCTCGACGTTGAAATCGGGACCGAGGTCACCTTCGTCCGCGGGGAAACTCCTAAGAGCCGGTACGAATTGACTAGCAACTACACGAAGCTGATCGATGAACTGAATCTTGCGGATCGCGTCATGCTCGCCGACGGCATG
NZ_CP011272.1_gap6	129595	132510	2915	CCACGTGATCGAGCCAAGATCTTTACCGCGTAGTTGATCAACCAACCGGCAACCAGCTTCCTGCTAAAGCCGTGAAACACTCGAGCGTTTGACGCCCGGAGAGTTTGGCTTAATCTCCTCAATGGCTCGTGAGCTGACGCCCGAGACGATCGCTTGGACGATCTGAGCTTGCAACTGCTGCGGATCTTTGGCCGCCCGGTAGCTGGCCAGTTCGACTTCGCAGCTGGTCCCGTCCGAGGACTTCTGACGCACACGTGGCCGAACGACCTCCTCCCGCTCGCCCTCCAAAAGCACTCGCCCCGAGGCGGATCCCGCGCGATAAAGATCGCTCGATGACGGATCGTGCTTGGGTCCACAAAGCTCAGTGACTTCGGCGGCCATGACTTCACAAATCATCTGGCGGACGTGCCCCCGTAAGAACGCTCGAAAGATTTCTCCGGTTTCTGACGCAGAAACTTGCCCAAGAGATTGCAAAAGACTAACTTCATTCATGATGATCTCCCCGTCGGTTGCCGCCGACGAAAATTGAAAAGTTGCGAAGGGCAGATTCTGCCCTCCGGGAGAACATCTTTCAACTTTCAACAATTAGTGGGACGCTTCCCAAGCCTTTCATACTGTGCGCGAGGTTTACTGAGTCGCGCGTACATCTTAGGGCGGAGTTTGACGGCACGGGGTTCAACGCGATCGGGCCGTTTACCTACCTCATGAGCTGCGATTGCATAGAGCAGTTGAAGACACCATTGCATCGCCTCAATCGGAGTCGTCAGTATGGCTAGAAAATTATTGAGAGTCTGGATAGCTCCTTTGAAACTAACGTGCCATGGCTTTGTGTCAGCCTGGATAGCAGCCAGTGCAATGGCTCTGCGTATTAAGTTGTACGCGACCAAATTGATGTAGAATTCGTTTCGAATACGATGTGGGGTTTTGCATCGCAGGTATTCCATATGCATCGTTGTCTTGAGGGATCGAAGGTTAAGCTCCGCGTTCCATCGCTGGCGAAAGATTTTTCCAATGTCCTCCTTGGTATATTGCTCTGCATCGAGGAGTGTTGTGTGCACGATAATCGTCTTCGTGCGAAACCCCTTTTGATGGACACGTATGCGCACCTCTCGAAGCTCAATCTCCTTTGGGCACTCACTATAGTCTTCGACTGACATCCATTGAGGCCGCGACGGCCTCTTGATCCGGATTATGTGATCATCTTTCCCGAGCCAAGTGCCTTTTCGAAAATCTGCTTTGCGCGATTCATTCATGCGAACGACAAGATCTAGTCTGTTTGCACCGCAAAGCACCATATCAAACCAACCCGAAAAATAGCGATCAGCAAGGATGACATCTCCTACTGAGAAGCGATGCAAAAGCCTTCGAAACATCGAAGTTTCGCCGGTGCCCTTACCTTGATAAGGGCCAATCGCCATTTCCACTACCGCTCCAACCGCGAGCGAAAACACAACCAGAATCCTTGCAAGCGGAAAGCCAACTCCCGGTCGCTGCTGCGACTCCTGAGGGTACTCCGCCAGCATTTCAGCGGTGCCAGGCATTTTCACCGTGGATCCATCGACAATTCTTACCTCCCGACCTTTCCACAATCAGCTCTTGGGAGCGTCGTTACAAAGATCGCGTCCGATGTTTCGCGCTAATGCCTCGCACCCTTTTTCCGGCAACGTGTCCCGAGCCACGCAATAGCCTCAGTATTGGCTGAACAGGCGGGTAGCCTTTTGCTGAGTCGCCATGATAAAAGCTTCGATACGACTTCTCGGCAAGAATGATCGGCGCTTAGAGTTTGAGCCAAGAAGACGGTCACAACCGTCAGAGGGTCATAGAGTGCACCTCGGGATTTACACGCTTTCTCAAAAAAGACTTTTCAATATCCTGGGTTGTCAGAAGTCCAGCAAAATACAGGTCCTTGTGACTTTGCGCGATTCGCACCATCGAGTAAAATGATGCTAACATCTTTGGCCGCCCTGCTTGGGTTTGTTCGTAACCGTTCACGGGGTGGGGAGTATCTTGGGGGCTGGCTGATTTGTTAGTTTGGCTTCGATGGCTCGAACAAGGTACTGATAGACGCTTCGATTTTGAATGCGGCATGTTGCTGCAACGCTAAAGATGCGCTCGATAAACCTGCTGCCGCCTTCCGACTGCGTTCCAAAAGATAACTTTCGATAAATGACAGCCTTGCGCAACGCTCGTTCGGCGCGGTTGTTCGTTGGTTCAAGCCCTTGATTGCTGATGAACAGCCATAACCGGTTTCGGTGCACATACAGCGATTTACACTGATTCCGCAACTTCGAATCGTGACTTCCCATTCCTGCGTACAGAAGTTCATTGATCTTCTTGGCTATTGGGATCGCTGAATTCTGGAATTCCTCCCATTCGATCTGGCCTTGCTTGAATCGATGCCATAGACGAAAAACTTCTTTGACCTCTTTCATGACTTGAGTACCGAATCCGACACGATCCGGGACCTTCGAATCGATCATCGCTTGGATATCGCGAATCAAGTGAGCCCAGCACCATTGCAGATGTTTCGCAACATAGTACATCTTCGCACGGTCGCAGTTGATGATGCCTTCAAAATTAGAACCTAGAAGCGATTCGATCGCAGTTGCTGCGCGACTGGCGAAAACAGAAAAAACGACGAATTGATTTGCTACGGCCGTCCACAGCCAGGCCTTGGTGTTGGCCTGCTTAGTGGGGGTTTCGTCCATAAAGACGTTGCGCTCTGATGCAAGCGATTGCCGGAGTTCTTCGTGCGGTTTGGCGAGCGCTGCCGATGCGATGTCCTGCATCTTGACGGTGGTTGCAGGGCAACAGGGAATGTTCAGTAGGTCGCGTAGAAATTCCGACGCTAGGCGTTTGCTTTGGCGAAAGTGTCCCATCAGTAATGCGGTAAATGCAATCAGCCTCGGTCCGGA
NZ_CP011272.1_gap7	139922	142754	2832	CAAGTCCGGAGTAACGCCTCGAACCAGCAGCAGTTGCTCGATGGACTGCAGCGGGCCGTTTACGGGTGCATAAGGGGTGGAGAGAGTCATGTAATAGTCCCGCTCCGCACCGTATTCTCGCGGTTCGTCGTCTTCATCCACGAAATCTAAGATGGCATCGGCGACATCTTCGGTCATGCCGGGCAAGGCCATGAGCAATTCGCGTCCTACGCCGCCAGCAGCTGATTGGCCCGTCCCGCCCCCGGAGCCACTGCCGCCCGATAAACCACCTGATGCACCGGAGATCGCACTTCCTCCCATTCCACCACTTGCTCTACCTCCACCTGTTCCGCTTCCTGCAGCACCTGCACCTCCAGCAGACCCTCCTGCGCCACCACCGCCTGCACCGTTAGCCCCTCCTCCGCCAGATCCGCCAGCACCTCCCACCCCGCCTGCACCACCTCCGCCGAGACCTCCGCCCGGCGCCCCTCCCAATCCGAGGCTGGAAAGGTCTTGGCCCATGGCCTGCTGAGCGATCTGTTGGACGCTGAACTGCTTATCGATGATGGGGAGGACATTCACATTGAGTCGGGCTGATTCATTGTGAAGCCCGAATCGAACGCCCGCATAGTACCCTTCTTCGTCCAAATCGGGCGCAACGAGGGAATAGTTGCAAACGTTCATTTCCCCCTTCCCTTGAAAGACCGAAATGGCTTGGAAATAGTCGGGATTGCTGTAGGTACCACCTGCTTCTATTCGCTGGTCGCGCGTGTACGAAAGGAACAATCTCGCTGCGTCGATACCGGAATCGGCTGCGTAACGCGCTTGCACTGCTTCCCCAGCCAGGATGGATTCCTCGTGCCCGGTTAGCATGGAGCGGGAGTAAGCCAATGCACCAAGCGAAATGGCCGAAACGACGAGCAAAACCAACAGCAAAATAAAGCCGCGCCGCTTCGACTGCGAAGCGTGATTGGCCTTCCTTTTTCTGATCGAAGTTTTTTTAGAACGTCTCATCGTTTCATTCCTCCTTAAAAGCCCATTGAACTTGTTCCACTGCCCGACGCTTGAGGAGCGGATAGCAAATGGGCACCCGGGATGATCGCGTTGATGGAATACACATCGACGCCGAACTCCCGCATGGTTTCTGGTGTGATCGAAGACATCATTACACCTGGTTCCATCGGATTGGTTCGGGCCTTGCCCTCACGCTGCAATGCGATGGTAATCTTGATCACTTTTGGCAATCCTTGAACACTGCTGTCCCATTGAAGTTGCCACATTGTCCCATCGAAATATTGAAATTCGATAGAAATCACTTCGGTCGCCACCAGTTCTCCCGTTCGTAAGAGGGAGTCCGTCGATGCTTGCTCGTACGCATACTGGGTGATGGCGCGATCCAACGAACGCCGCACCAACCCACCGGGCCCTGCGGAAGTGGTTTCGATTCCAGCTCCGAGGATCGTCAATCCTCCCAGTGGATCTTTTACGCCGTCCGGCCGGGGAGCTTGGACGTAGTAACTCACAGTCTTGATATCGCTGGGCATGTCTCCGAGCGTGCCCGTAGAAATATCCCCTTCGGTGGCATAGTACTCATCCGGTCTAGGGAGTTTGCTGATATCGATTTCGATAGACGCTTCGCTCCCATAGATCCCGGGTGGCAATGCCGACACCGGAGCTGCTCCTGCATCGCCGGAAGCCATCCCGCTCGATGGAGAGGCACTCCCGCTCATCGCGTCCGCACCGAAAGCACTGGGAGCTGCCCCCGATCCAGCGCTGGTTGAGGCTGCCCCTCCGGCAGACGCTCCACCCGCTTGCCCGCCACTGAGGATCTCACTCAATCCGCTGGAGTCAAAGGGCTGATAGCGCACGGTGGCACGAATATCTTCGGCGATCATATTCAAGATTGCGCGGGCCAGCTGGGCTTGCTTTACTTGCTCGCGTCCTGAACTTTGATTGATCAAATAGAGCTGGACCAACGAACCTACCAAACCGGCTACGACGGCGGTCAGCATCAGCGCCAGAATCAGTTCCAGCAACGTGAATCCGGATATGCGGCGAGTGTTCATTACTGAATTCCTCCCGCCGAACCACTCGTTGCACCTGCGCCTGTCGTTCCCATGCCGGTCGCCCCAGAACCGTCGGCCGTCGGGTCGCTCGAGGGGGGACTATCCAAGCCGAGGCTAGGATCGATGACCCAGCGAACGATGAAAAACAATTCAGGGCTCCCGGTGACCGGATTGGGATTGTCGGTGACTGCCAATCGCAACCCAATCATATTCTCACGCTCGGTGGCGCTGGTCTCCAACCGGTAATACCATTGCCCGGGAAGCGAACCGTCTTCATTGAGGGTCCAGTCGAGTGGCTCCATCGGAATGGCCCCGACCAAGACCTCTGCCATTTTCGATTCACATAGCATTTGGGCTTGCGCGAGCTTTTGAGCCGACAGAGCGTTGTCGGTGGCTTGTCGGGTGATCTGCGCTAAAAGTGCAGCCGAGACCGCGAGAATAGCCAGCGCCAAGACGACCTCCAGCAAGGATAACCCACTACGCGTTGCTTGTCCCTTTCCCGAAGAATTTCGAGGACGACCAAGCCGCAGGAAAGGCAGCTGGACTCGAATGGTATCGGTGCATCTTTTTGCTTTGATCTGCGTCATGGCTCAAGGTGCTCCGGATGGTGTCGAGGCTTCGATGGCGGGCAAAGTGGAGGGATCAACCGATGTGGTAGCGTAGAAACTGATCTGTCCCGTCACCCCTCGCAATTGAACTACCATTCGGCGGCCCTTTTCATCCGCCAAGATAATCTGAGCGGTCGTTGTCGAACCGTCCGGATAAAGCAGGATGGGATTCGATTCGC
NZ_CP011272.1_gap8	149241	151586	2345	AGAAGACCGTCTTGATGATTTCGTATTCGCCACGCGAGTCGAGCTCCTCAGGTGGAACGAGCTCGGCCATTTCCCGAAGAAGCGATCGCATCACGTCCGCCGATTCGGCGCTGGCTAAGTCGATGCTCATCAGAATCCGTTGTTTCTTGACAAGCGTGTAGCCCTTGCTCAAGAGAACACTGTTCATGATATCCATGGCTTGCGCGACCGTGTACCGCCGATAAGGATCTCGATACGTGAAGGTCCCGGTGGGATACGCGTCGACCTGCAAACTCAACTCCGCCTCTCGGGCGATCCATTTGAGAACTTCCGACCACGGCGCTGCGTTGAAATTGATCAGGAGACCGTCCTCGGGACCCGATATCGGTTGGCTCGACGACGCGACTGCAGAATTCGAATCGGAAGGGGCTCCGGTTGCCTTCGGGACATCCGATGGACTCGATGCGGGAGCGGCTGCTGCCGCGATCGCTGGTGCGCCTGTTAGTTCCGTCCACTTTCCTTTTTGTTCGTCGGACAAGACCGCGACGAGGCGGGTTTTGATCTCGGCATCCGCCTTCTCGGCCCCCAGGGTGCGAAGCAATACACTGCGTCCCTCGAGGACATTGCGGACTTTCTCCGCCTGCTCCGGCGTCACCTGCAATTGGCTCGCAACCTCGGGATCCAAGATCGCGATGGGACCCAAATTGCTCAGGCGCCACTTTTCGGCGGTCGCACGCTGCGCTTCGCTGAGAAATTCGTATCCCTGCTTTTCGATTCCACGAATGGCCTCCATTTGCCGCATGCGGCGTTCCGAAGGCGAATCGACGCTTCGCAAGGTGTTGGCCAAATCCAGGGCTTTCGATTCGTATTGCTTGATCAGCAAGCTCAATTTTCCTAGCTGGTCCTCGGAAAGCCCCAATTCTGCCGCTTTCTGGGGGTCCGTGATCACCGCGAGCACCCCTACCAATGCTGGGTTCCCATCCGCAAACGCGTGAGAAGTCACGGTGGTAGCAAGGAGTAATGCCAAAACTCGATTACGAAGGCTTCGGTTGGTATTCATGGAAAAGAACGAATGCAAATGAAGAAAATTGCGCTGCACTTCGACTCTAGTTGCCTGGCAACCATTCGCTAGCGGCTAATGAATAGTTGACGGTGTAATGTTCGAAATCGCGTGCCAAATATCGGAATCAGCACAGGAAAAAGGTTTCCAAATGCTAAAACCGGCACACTCTTAACCCGTTCGGCGGCAAAAGGTTCCGTGGGAAGGCTTCAGAGGGCCTAAGATCGAATGGGAACCCGTGTTTTTCGGGACGGTTCTAAACGGGGCGCATCTGCCGAGGGTGACAGTTTGGTCGTAGTGGAGGCTGCAGATCGGTCGGAGGGACCGATCTGCCGAGGTCGACGCATATCGCGATGGAGGACCACCGATCGTCGGTGGACGCCCGGTCAGCTCTTCGTTTTCTCTTGGAAGACGCTTTGTGCGAACCAGTAGAGGCTGCTGCTCCAATGCTGGGGGTCGTGACCGTGCCCATCGACGTGCCAGACATGCGGAATTCCGTTTTCCTTTAGGAATCGGTGCATGTTTTGGCTGATACGAATCAATCCATCCTTGTTTCCGCAGGATATCCAGAGGAGCTTCAATTCCTTTTTCGCCTTCTCGACGTCCGGGACGAGCTCTTGGGGGGGCTTGGTATTGGGGGCAGCCGAGAAGGGTCCGACCCACGCGAAGCGGTCCAAGTTCCCGAGTCCGAAGTTAAACGATTGCCCTCCTCCCATCGAGAGACCAGCGATCGCTCGCTTCTCCCTATTGCCGTCCACGGAATACTTGGCCTCGATCGCCGGGATAACGTCCTTCAGGAGGTCTTGCTCAAACGCGGCGAACGCGGGAGCACTTTGCATCACATTCCCTTCAGCTCGATCGTTCTTTTGCGCTCGTCCGTTGGGCATAACGACAATCATCGGAACCGCTTTGCCGTCAGCGATCAAGTTGTCGAAGAGATGATTGGGCGAGGCGAAACGCACCCATTCGTTTTCATCGCCTCCTATCCCATGCAACAGATAGAGGACCGGATACTTATTGTCGTTCGAATAACCAGGGGGGGTGTATACGTTCAACTTTCGAGTCGTTCCGACCGTCGTCGACTCGTACTCGACCAATTCCAGCTTTCCGTGGGGGATCCCTTCTCGCTCTTTGAGAAATCCCTCCGGCGGGGCGTCATAGGCAGCCACATCATCGGCTTCGAGTACAATCGGTGCACCGAAGCCCCGCCCGCCTCCCCGACGCGGGTTGACTCGCTGTGGATCTTCGCTGTTCTCGGGTGGCTGCCCTGGCTTGGTTTCACGCTGCGCTGCAGGCTCCTGCGCCC
NZ_CP011272.1_gap9	153516	155038	1522	GGGGGCACTGCTGGGAACACCGCGCTATATGAGTCCAGAGCAAGCGTCCGCATCGGTGCACGCAATCGATCATCGCAGCGACATCTACAGCCTCGGCGCGACGCTTTACGAGCTTGCGACCGGGCATCCGGTTTTCGATGCCCAGACTCCACATGGCGTGATCCATCAAATACTGCACAGTCAGCCAGTACCAGCCACTCGCTACCAACACCAGTTGCCCAAAGATTTCAGCACGATCCTGATGAAGTGCCTTTCGAAGGATCCAACCTCTCGCTATGCGAGTGCGTCGGAGTTGGCCTCGGACCTTCGAGCGCTGCTCGATGGACGCCCGATCCGAGCCAAGCAGCCCACGCTCGTGGAGCGGTCTCAGCGGTGGATTCGTCAGCATCGCAACGAATTCACTTGGTCGGTCACATCGATTGTCGCGAGCCTGATGTTGCTGGCCTTTGCCATCCTAAGTTGGGTCGGTTATCGACAATGGAGAGAATCCCACCTCTCCCTTACCAGTCCCGCTACTTCGTTGACGGCGGAAATTCTTAGCGCAGATGGCACACTCGCGCTCCACGCTCAAACGGTTCCCACACAAGACCCCATCCCGCTGCAACCGGGCGAATACAAGTTGCGGGTTCGAACCCCCGGTTTGTTGAGCCAAACCTATCAGTTGTCTCTCTTAGCAGGACGGGATCACAAACAGACGCTGAACCCAACAGATCAACTGCTCGCGCCATCCAAGACTGGATTCTTTCGAACCCAACTCGTGAAAGGGACCGAACATGCCTGGGGGGTATCGATCGATGCCCATCATCTGGTGATCGAATCGCTCGCGGGTGAGGAACCCAAACAGGCGTCCATTCCCTGGACTGCGTTTACGAACGGCGACTCGGCTCCCAGTTTTCATTGGGAGTCTGCCCATCAATTCCATCGAAACATCGTACAAGGCGCGAAGTCGTCAACGGCTCCTTTTTTGATAGGTCTTCCCGGTGCAACGATTGGTTTGGAATCGGACCATCTTCTCATTGCCACTCGCCACCAAGCGTTCGTGGCAATGGTGGGATGCGATGGGACGACAAAGTGGGCGCGTGGGCTCGCAGCCGATGTCCTGCAAACCGATTCGATACAGGAACAACTCGACGCCTGCAAACAAAGTCCACGTAGTACTATCGTAGAACCCCCTCGCATCGTTGCGGATATCGATGGCGATGAACATCCCGATTTCATCGTCCATATCGCCTCCATTCCTCCGAGAGGCCTTCCCCAAACTCATCAAGCGGTGCGCGAAGTCATCGCATTGTCTGGACTTCGCGGCGAGATCCTATGGAGCACCACAATCCCGCTTTCCGCTTTTTCTTTAAGTCCCCAAGAGGTCCCCTATCACTACAAATGGTTTACGGGCATGAATACAGGGAGCAGTGAAGGAGGAAGTGGCACGTTTCTTAATCAAGGCTATTGGAGTCGCAACAGCAACCAAAGCTGTGAACTGACCGGCGAATTCGTCGCAGTCGGTGCTACGATCTTCCTCAAT
NZ_CP011272.1_gap10	178694	182796	4102	GCTCCCGGATGTCGCGTGAACCACGCGTGTCGGACGATACCACGGCGTACCCATGTCCCATTCCATGTCGGAATCATAGACAAACATATCCCCCTCTGCGTTGAAGTCGAAATCGTATTGATTTCGGTACCCCACGCTGAGAATCTCCCACGATTTCCCATCGGGATCGCATTGGGCCATCCATCCCCCTGGGGCATAAATCCCCGTCGCATGACCATTGGCATCCCATTGCCGCGTGGAGAGAACATCTTCATCCCAAGTCGGCGCGATGCGACTGGTCATATTGTTTGGCAAGGAAGCGCGAAGTGGCTCTTCGCGAATTCCGCCCATCCGTGCGACAGGAGATTGAAGAATCCGATCGGCGGGAAGAAGCGTGTGATTCCCTGCTGCGACGACAATCGACTTTCCATCCGGTGAGAGCCGCAATGCGTGAGGACCATGCTCCCCGCCTCCTCGAAACGTCGCGAGCTGCGTCTTTTCGTCATACTGATCATCCCCATCCGTGTCTCGCAGTCGGTAGAGTCCGCTACCTTTTCCATTCAAGGACACATACAGGCTGTCGAAGGCAAACAGCAGGCCCTGTGCCGATGTGATATCGACGGCGAGCTTCTCAATGCGCGTCGGCTCGCTTGACCCTATTGGCGATGGAGTGATCCGTACCAAGCCCTTCTCCCCCTGATCGCTCGCAATGATCCTACCCTTTGGATCCAGCGTGATACAAACCCAGGATCCCAGTTCCTCTCGAGGTACGGTGAAGAGTCGCTCCACCTGAAATCCAGGTGGAATTTGAAAGTCCCGTTGCGAGGCCCCTCCCGCACGGTCGAGCACTCGCCTCCAAGGCCCTTCACCGTAGGCGGAAACAATCTTCAGTTTCCCTTCTTTTCCCTCTAACGTGGCGACCGTCCAGCTCTCATCCGACGCAATCGATTTCAGAGACTGCTTCGAATCGATCAAACCGAGCTTGCACACAAAACCCGAAATGCCACCCGCATTCGCGACGGTCGCTTCGATACGGTTTTCCCCGGGGGCGAGGAACTTGGAGATATCCTTCTCCAATGGGACTTCCCAGCTGTCGCTCTGCCCCACGGCATTGCCATTGATTCGGATCGATACGATATTGTCGCAGGAGGCAATGACGTATCCCTGGGTCCCCTCGGTCACAGAAAAAGTCTTGCTTAACACATACTTTCCGTCTTGATTCTCGCCCCATATCCACTTCGGTGCACTCCCGTGTTTCAGGATCGCGTCGATGTCGATGGATTTGCTGGAGGGACCATCCTGATTGCTCGCCGCGATCTCTGGACGTGCGGAATAGGACTGCGCCGAGACTAGGTTTCCATGGAAACCAACCAACGAAAGCAAAGCGAGACGAAAAAGAGCTCTTTTTGACATGGAGGGAGATTGCAAGGGTGGGAGGGAGGCGAGGATAAACGGAGCGATTATCATAGCAAAAAGGGCGTTCGGTTTGGATAGGACACGCCGAGGCCGTGCGGCCTATGTCATTGAAGATTCGTCGTTCGATAACGAATGGGAGTGACCAATTTTGCGGTGCTGCTTCTTCTCGCAAAGGCGCCAAGACGCAAACCAGGGAGCGGGAGGGGTCTCGCCAAGGCGCCAAGACGCAAGGAAAGCGGAGGAGAGTTAGGTGAACCGATGAAAGAAGGGGCAATCAGAGTGGGTGAGTACGGCAGCGACGGACTTTTAAACGATGAAAAAGAAATCTCGTTAGCCGCTCATCCTATCCCTCTCCCTCCCCAGTCTTGCGCCACTGCGCCTTAGAGAGCCCCCTTCCACCCCACTTCTGCGCCGTTGCGCCTTAGCGAGAAACCTCCCGCCCCTTGTTCTGCGCCGTTGCGCCTTGGCGAGAAACCTCCCGCCCCCTGTTCTGCGCCGTTGCGCCTTGGCGAGAACCTCCCTCTGCGCAATCGCGAGTCGCCAGCTACAGAACGTTCGAACAGTGCTTGAGAAACTGCTCCCGGATTCGTTCGCGATGCTCTGCGCAGAGCGCCTCGATGTTCCCCCCATCCTCCATCCGCAGAACATATGCCAAGCGGTTCAACTCATCTTGATGGGTAGGGAGATCATGCCGCGCCGACAAATTCATCAATCGCAATCCGGTTTCGATCCTACGCAGGAATTGATAACTCTCAGATAACCGTGCCGCTTCTTCTGGCATAAGAACTCCGCTCGCCGCCAGTTGAGCCATAATCTCAAAGGTGCTGGGTGCCAATTGCTTTTCAAACGAATGGGAAGCGAGGTGCTGAATCCACAACGATTGCGCGAGCCATTCCACGTCAAGCGTCCCACCATAGCCACGCTTCAAATTGCGAGGCGAAGCGGTCTCTTCCAACCGACGTCGCTCTTCTCCTAGCACGCGTCGATCGGTATCGCTCCAGGATCCGTCAGCGAGCAACCCGCGGATCGTTGCGATCACCTCTGCTCCAAAGGAATCATGGCTGCCCAGAGAACGCGCCTGCACCAATCGCAATCGTTGAAAAGCCGCGATGGAATGACGCTCAATATGGTCCACAAAACTGGATAGCGACCAAGCCATCGGGCTTCGCTCGCTCAAGGAAAGATTGAAGACGTGCGACTCGTACAATCTTCCAGTAGGACCGAGGCGATTGAGTTGCTGATTGACCTTTTGAGCCAACTGATTGAAGAAATCAAAATGCGAAATAGGCCTTTGCGAACTCGAATTGCCTGTCGGAACCACAGTTCCCTCCGCTTCATAAAAACAGAGAAGAGACAAATCGCTGTGGTAATTAGGTTCCTGAGCTCCGTACTTGCCGAGTGTCAAAAATGTGAACCCGCAATCCTCACCGTTCGGAAGTCGAGGCGCTCCGAGCTTTCTCACTTGCGATTCGAGGGTCGATTGGATCAACCGCTCCACGCAAGCATCGGCGATGGCCGAAAGAGCGCGATGGGTCGCGTGGTTCTCGTCTTTGCCAAGCAAATCGCGAACACCTACGTTCAGGTGCATTGCGTTCTTGAACGAGACTAGGATCGAATGAATATCCTCCGCACCTCGGCACATCTCCAAAACGACGGCCTTCAACTGTGTCGCAGTCGGGAGTTTCGACAACATCAGGGAATCGAGAAGTTCATCGATCATCCCCGGATGCTGAAGAAGAATCGACACCAAATACGGACTCGCACCACATAACCGAAGATACAACTCCATGCTGGCTTCATGGAAAAGAAACAGCTCCCACAGAACACCCTTTCCACCGATCGAACGGGTCGTCGCACAAAGGTTTTCCAAGGTCAAATCAGGATCGGGTGTGCGATGGATCTTTTCTAAAAGCGATTTCGCGATGTTCGAAAGAGCGAAGCGACATCGCTTGGTGGAGAGGAGCCGAATGTCTTCCCGAGCCAGCTCGTGCAAATGCTGCATGGCCGCCGTGCGATGCCTGAATCCATACTTCGAGAGCACTTGACAGGACCACTCCACCGAAGGTTTTGGGTCCAAAATCAAATCGACTTCATCCCACTCGCTCGTATGCACCCATTCAACTCCCTCAGGGAGGGAAGAACTTTCCGACGGCGGGGTGGAGGTCGATGCCAATCGAAACACAGGAAAGTCAATTTCTTCAATCTGAGTCAATAAGAGATCTCGTCGGAGGGACTCCATTTTTGATTCGACTCCTTCCTGTGCGTCCCGGTCGGTCTCGCCCAAAGGGCCGGTCGCACCTTCTTTGGTCTCCCCCAGCAGCGGTTGCCATGCAACTTGGAAACGGAGTTCATTCCACTCTCGCCAGAGTTGCAGCAGACGGGCCGACGGTGCAGTGTTTGGTTCGATGCCATAAGACTGCTTGGGTCGACGACGATTGTGCCGTGAGACAGCCAACAATTCGGCTTCGTCGGCATCGGATGCAAACCTTTGGAACACGAAAGAGGATGCCTCCTCGACCGCTTGCGATGCAGTCCACGGATCTCCCGCCACCAATCGAGTTGAGATCAAGGGCAATCGGTTGATGGCTAAGCCGTCCCTTTCAATCTCATGAATCCACGTTCTCGGATCGAAGAGAGGCGATGATGCTCCAGGCGATGGAATCGGAAGCAGACCCGTGGTGTCGATGCTATAAGCCAATCCATTTGG
NZ_CP011272.1_gap11	195636	196151	515	GCAACCATTTCTACATGACTGAGTGACTCGATCGCGTCGGTCGAGCGGAACAAGATACCGTGCTGGGCCCCTTTCCCGGTCCCCACCATGACACTTGTTGGGACGGCCAATCCCATTGCACACGGACAAGCGATGATGAGAACGGCCACCGCGTGAATGAGCGCTTGATCGACCGCCCCCCCTGGCATCAGGAATAGCCAAGCGAGCGACGTGAAGATTGCAATGAGCAATACGACAGGAACAAAGTAAGCGACGACACGATCCGCAATCCCTTGGATTCGCGGCTTCGATGCTTGGGCCGATTCCACAAACGCAACAATTTTCGCGAGCGTCGTTTCGGCACCGACCGCTGTCGCGCGAAAGCGAACGCTCCCACTCCCGTTGATAGTGCCAGCGACCACTGCATCTCCTGCCACCTTGGCCACCGGAACGCTCTCGCCGGTAACCATGCTCTCATCGATATAGGTACTGCCGCTTTCCACGACCCCATCCACTGCAATCGCGGTCCCTGGTTG
NZ_CP011272.1_gap12	289090	292378	3288	TGACGATTCTTGATCGCAATCTCTAGAAGAATAGGGGCTTGATTGATTGTCTCGATCCCTTTCATCGCTTCGATCAAGCGTTCTTCCCAGATGCGATCGCGGACCAATGGATTGGGATTCGAGGCCGGTACGAAGTCTTGATACTCAAACCACATCGCGGTCTTGCGAACCATGCTAGAACTGCTGATCGACGTGGGAGACTCTACTAACTGAGAACCCAATCGACGCTGCAATCCCTCTAGGGGGTCGCGTGGCACAGCCTTTCGTCCGTCCAACGTTCGGTAATAGATCCGTTCTTCCCCAGCACGACCTAAACGAGTCGGATTGCGATGAACGATGTTCTGCACCGGAGTGACAATTTCCCCAAGCACGCTACCTGAGTTTTTCAAAAACATGGAACGAGGAAACTGCATCCCGCCACTGCGTGTCCCGCGTTGGATGGTTCGATCGACGGACCAAACTTCATTGGGGATACTGCTGGCCTCCGAGAAGAGTGTCCATTCCCGTCTCGCGGACCACACAATAGCGAGTTCGACCGCTTCCGAGAGTCGACTTTGGAGGGAGTTTCCTGTGTAAGGACACTCGGTCACCACGACATCGGGCTGATCGCAACGGATGGTCTGAATGAGTCGTCTCATCAATGCCGACTCAGGTGGCGTCGTAACACTTCCCAGGGACTGGTAGTAGGTGAGATCCGACTGGCGAGGCATCGCCTCTTGGCTGCTAACTGGAAAGGGACGCCACACATCGATCGTGCGCAGCCCTAGGTGATTCCCTGCCTCTACCACCCGTTGGGCTGGCTCGGGTAAGTGGCTCGATCGCTCTTCGATTCGTTGATCATGGACCACGACGGTCGACGCAGTTTGACGCGATTCCTGGTGCACATGGGCGAGTAGATCCCAAGCAACAGAGTCAGCCGTAGCGGCGATGTTCAAAACAGAGGATCGCGTCGTCGCACTGTGTACCCCCATCCACGCCTCACCGCCATTTCGCGAAAGGTGGAGCGATCCACCATCGCCGCACGCGAGGAGCACCGAGGAATCCCAAGCCGAGAGACCGCGCAGCGAAGAGCGTTGCCCCGTGGGAAGAACGCTCCAATTCGCACCTCGATCCGTCGAGCGCCAAACCACGCTGCCTGGATTTCCCACCAACCAAATCGTATCACCGCTGGCTGCCATCGCTTGGAAGTCGATCAACTCATAATCGCGAGGATTGCCGGGCACGAAGACTTGCTCCCATCTCTGCCCATCAGCGCTCCGGTACAACTGCCCCGACGAACCTCCTACCCACCAAACACCATCGACGCACTCGCAGAAGTGGATCGATTGATAGGGTGAAAGGTTAAGGCCCGATGGCTGAAACGTCATGCGATCGAACGAAAGGAAGCACCGACCCAACCGATCCACAGCCATGAGTTGAGGGGGTACGGATTCGAAGGTGCTGCTGGAAGAACCCTTGTGGGCTGCGATGCTGTGCAAATGTCCGCTCGGCACGGGTATCGAAAGCCACGATCGCCCCCCATCGCTGGACTCAAACGCTGCGGTTTGATAAAGCGAGGACCAGTCGCCCCAAGCCAGTATCCGACCCGGCCCGGTCATTCGGACTCCTGTCAATCTTGGGAGATCGGTGTCGATCTTCTTCCAAGTTCGGCCGCCATCTTCGGTCGTCAACAGAGTTCCGACGCTTCGATGGGTGGTAGGCTCCACCGAACCACCCACCGCAACACCGAGCTTTTCGTTGAAGAAGTCGACGGCAAGCAACGTTGCAGACGTTCGGGGAGTCTGGATGGTCCAAGTGCGACCACCCGTCGTCGTCAAGAGAATCAAGCCCCGATCCCCGACGGCCACCGCTCGATCGATCGAAAGCATCTGGCAGTCGCGCAAAGTACCGTCAGCGATACCTGTAGGGCGATTGACAGGCTGTGCGTACAGAGAGACGGGAGTGAGAAGGAGAGCAATCGCCAGCAGGATAAACCGGCACCCAATGAGAGAGACTCTCTCGAGTGTGAGGGGGCATCGGAAGGTAGACGGTCGAACGTTCCCATCGGGAACGGCCAATGGAGAAGCGATCATGCGGGTCACTGGTACAGTTGGCTTAGTGGCAGGGAACCGGGGAAGTCTTCGGGCCATCGGGTCCAGATGGCCGTCTCGGATCGAACCTTTTCCAAGAACTCCTTCTCAAGCTTCTTGGTTTTCTCTTCCGCTAGCTTCTTGCGGATTTCTGACTGGACGTCGGAGAACGGAACGGTCATGGCATCGGTCCGCTCGATCACGCGAACAATGTGGTAGCCATCCGAATCTTCAATGACTTGGCTCAGCTTATCGAGCGGGATGGAAAAGATCGCTTCATCGATTGGCTTGCTCTTGAGAGACCCTTTGTTCGTCCAATCCATCTTACCACCTTGGCTCGCCGTCCAGCCGGTCGACATGGACTTGGCCACGCTCTCAAAAGGATTGCCAAAGAAGACTTGGTTTCCCATTTCGGAGATTGCGTCGAAGGCGGCTTGCTTGGTGGGATACTTGGAAAAGGTCGCAGTCAGAATCTCGAAACGAGCCCGCGCCTTTCGCTTGAACTCATCGATGTGCTCATCGTAGTAGTCTTGCATTTCGCTCAACTCGATGACCGGTTTGCTCGCGACATTGCTTCGCACGCACTGCGATGCGAGCATGTTCTCCGTCCATTCGTGCTGCAAGGACTGAACAGTGCGATTGGATTTTTCCAGGAGTAGATGAAACTCCTCTTCCGTCTCGCACTTCTGACGCTTCATCATGTCGGGCAACGCTTCCTTGTAAAACATCTCGGCGATTTTTCGATTCACTTGTGTCGAAGCGGCTTCGCGTTCCTTGAGCGATTTGCCCGTCACTTGCTCATCGATGAAACGCTGCGCGAGCGCCTTGCGAATGACGATCTGTGCTAACATCTTTCGCAACTGTGGCTCGAAAGCAGGGTTCTCGAGAATTTCCGGGCTGGCTTTCTTTGGGTCGATAATATGCCCAATCAAAACAGGTTCTCGGCCAACCCAAGCGACAAGATCACCGGCTGCGAACTCCTTCAAGTCGAGTCGTGGCTCGGTACGAGCTTGGCCGACCGAATCGTCGATGTACTCTGAGAAGTCCATGTTGGTGGGAGAACTATTCGTCAGCTCCACATTGCGCGATGCAATGAAAACGGGCTGCTCGAGGGTGCGGCCTTCTGTAGGGAGGCCAGCAACGGGGAGGTTCGCCGCGGGTGGTTGCCCCGTCGAAGGAGCTTGAGCCATCGCGAGTGGTTGTCGCATCGCGATGGTCA
NZ_CP011272.1_gap13	295881	300722	4841	CCTTGAGGTCGAGAATGCCATCGAGCAATTCCGTCGCTTTGGCGCGGAGCTGAATGGCTTTGGCATCGTGGTCCAATTTTTCGGACTGTTTGATTTGAGCGGCCCGTTCCGCTCGCTTCCTTTCGGCATCGAAGGAGTCTACCGAACCGGCAGAAGGGCGTGAACTCGCAGACGACCTGCTGGGAGCTTTCTTCCTGACACCTTTACCATCACCAGAATTCGATGGCTTGTTGGACGATGCCTCGGACGATGCGTGTTTCTCGAGCGTTAGTTCGATGCTTTCGATCGCATTCGGATCGTCGTGAAAGTCATCGGGGGCCGATGGATCGGTCCCTCGTTTGAGAAAGTCCGCTAGGGTGCGCGACTTGGGTCGCTTCGCCTTCATGACTTCGAAGGCTCACGCGTGTTATGCAGAACGAAAGCCCACATGTCGGCAGCTGCTTCGATTAATTTGCTGACCGGAGTTCCAGCGCCATGCCCAGCACTGGTCTCGATTCGGATCAGGGCCGGCTTCGTTCCGCTTTGACAGGCTTGCAGACGTGCCGCAAATTTAAAGCTATGTCCCGGTACGACTCGATCGTCGTGATCCGCCGTGGTAACCATTGTCGCAGGATAACGAGTGCCAGGCCTCAAGTTGTGAAGGGGAGAATAGGATCGCAGCGTCGAAAACTGTTTGGGATCCTCACTGCTCCCAAACTCATTGACCCAAGCCCATCCAATGGTGAACTTCTGAAACCGGAGCATATCCATAACCCCAACCGCAGGAAGAGCGACGGCGAAAAGATCGGGACGCTGCGTCATGACCGCGCCAATTAGCAAGCCCCCATTGCTCCGTCCGTGCACAGCGAGTCGCTCCTTGTTCGTGTAGCGATTCTCGATGAGATACTCTGCCGCAGCGATAAAATCGTCGAAGCAATTCTGCTTCTTGTCGAGCATCGCCGATTCATGCCACTCCCGACCATACTCTCCACCCCCGCGAATGTTCGCCACGGCATATAGGCCCCCTTGCTCCATCCAAGCAACATTGGCCGGAGAAAACGTGGGCGTGATCGAAATATTGAAGCCCCCGTACGCATAGAGGAAGGCACGTCCCTTCCCGTTTTGAACGAACCCTTTCTTGTACGACAGAATGAGTGGAATGCGCGTCCCATCTTTGCTGGTATAGAAGGTTCTCTCGGTTACGAAGTCATTGGGATCGAATGCAATCTTCGGTGCACGCCATGGTTTAACCGTGCCGTCGGACAAATCGACTTGATAGGTTGCTGGCGGGGTGATGGTGTTGGTGAACGAGAAGAAGGTTTGTTTCGATGTCCGTTTCCCTTCGAATCCGGTGACGGTCCCAAGTCCGGGGATGGGCAAATCCTCAAGGCGTGTCCCATCGACTCGATACCGCCGCACTACGCTGGTGGCGTCTTGGAGGAGAATGACAAAAAATTGATCTTGGAGAAGACTCGCCCCTTCGATCGACTCGGCGGATTCGGGAACGATGGTCTTCCAATTCGATTCCTCACTTTGCTTCCGGTCTATCGCGATAATCCGACGTTTGGGAGCATCGCGATCGGTTTCGAAATAGAACAGGTCGCCGTCGTTGCCGAGGAATTCGTATTCCGCAACGAATCCGCTCAGAAGCTCGCTAAAGTCCCTTTGGGAGGGGACGGCGTCAGCCTTGATCGGCGCATAGAAGATTTGATTTTTGCGCTCCGTACCGCGCCAAACCGAGACAATGAGAAAAGCGCCGTCGTCCGACACCTTCGGTCGGAAGCCCCATTCCTTTTCATCACGGCGTTCGTAGACGAGGAGATCGTCCGATTGCGGCGTTCCGACTTTGTGGTAACAGAGTTTCTGAAAGTAGTTGGCTCCCGTGAATTCCGATTCGGACTTGGGCTGGTCGTAACGGCTGTAGAAAAAACCGGTGTTGTCCTTCGTCCAAGCGACCGTGCTGAACTTGATCCATTCCATCGAATCGGTCAGGTCACTTCCCGTTTCTATATTACGGACCTTCCACGTATTCCAATCGCTTCCGGCTTTCGCAAGCCCATATGCCAGCCATTTTCCATCGCTGCTCACTTCATAACCGGCGAGTGAAGTCGTGCCGTCGGAGCTGAGTGTATTGGGATCGAGCAACACCTCTCTCCGGGCATCAAGCTCGGCGGCTTTGTAGAGAATGTTTTGATTCTGCAATCCGTTGTTGTGCGAATAGACCCAAGTCGTTCCGTGCACGGAGGGAAAGCCATATCGCTCGTAATTCCAGAGCTCGCCCAACCGCTGGACCAGCGACTCACGTTCCGGAATTCCTTTTAAATACCCGAACGTAAGCTCATTCTGTTTTTTCACCCAGTCCTTGGTGTCAGAGCTATCGACATCTTCAAGCCATCGGAAGGGGTCTTCTATTTTTTGGCCATGATAATCGTCGACCTGATCGACCGCGTGGGACGAGGGGTAGACCAAGTTGGGAGATGCGTCGTCCGGTTCCGCAACTGGACTTGCCTGCCCAAGAACCGGGCTGGAACCAGCCCCCCAACACAGAGTGATCAAGACAAAAACCGCGCAGCGGGTGAACGATTGGTGCATCAAGTTGTTAAATCCTAGTAGCGATTAGTCCGCTTCTTCTGAGCTGAAATCGCCGGTGAATCCGAGTCCGGTGATATCGCTGATACGGCCGGCTAGTAAACCGTACTGGTTGAACACGAACAACACGGTGAAGGGCATGAACAGTCCAATGGCGATCTCGCCGACGATTCCATCCCGTAGAGCCCAAGCGTTCAGAACAAACAAGAACCCGTATGCGAGCATCGTTTGCAGATACATGGCCCCCCAAGCATCTGGCTTGGCTTTGAACGACTCGAACACATTCTTAGAAAATGGCTCGGTGATCGCATTGTTATCCGCCATGCTCAGTAGAAAGAACGGGAATAAGAGCCAGGTCGAAATCAATCCAAAGAGTGCCGTCGTGATATGACTCCCGGCAATCGAGGCCAACCCACTCCCGACCATTCCACCTGGGATGGAGGCGATCGCCAGGGAGGCTAGCACCATGATCACCTCTCCCGCCATTTCACCCGTTCGAGTGAATGGCCAATCTTGAATGCGGTGGTATTGGTTCGCCACCGTCGAGAGGACGCACATGCCGAGCGCCAACAAGGAACCAAAGACGGGCACACAAGGTACGAGGAAGATCACTGCCTGCAGGATAACGCCGAGCCGCTCCGTCGCTTGGAAGAGCTCAGGTGCTGCCGTCACCATGGGGAACCAGATGGCGCAAAACAGTCCGAAGAAGATCATGATAAAGACGAGCAGGGGATCTCGGCAAAACCAGAACAGGAGCGAGATCCAGCGTTGGGAATCGAAGGATGCGGTGAGTCCCTCCAATTCTTTCTGTTCTGCGTCGACTTCCGCGCGCGCCTTTTCCAACATCTCGTCGGTCCTGGCTTTGGAAGAGCTCGCTTCTCGAACGGAATTCCCCTCGGATCGCACGAACTTCACGTCGGCGATTTCATGGTCCAAGACAACCGTGCGCTGTTTCTTGGGGATCTTGGGCTCGGGGACGATGAACTCTGAAAAGCAATCGGGACATCGAACGGATTTGCCGATCCGAGACTTCGGTGCCATCATGCGGGTACCGCATACCTTGCACCCAAAGCTGAACTCTTCTTCGCGAGCCGATTCGGACCCGATGTCCAGGGCGCTGCTAGAGAGAACGATATCGTCGAGCACTCCTGCCAAAGCTGGGGCGCTGTTAGGAAGGTCCAGGCCAATCGGCAAACCTTTCGGTTGGGTCGGCTCGATCGGGGACAACTGGAAGTCGTCATCGAATTCGTCTAGGGTCGGTTTCGTCTTACTGGCAGCGGGCGTGGAAGCCGCGTTCGCAGAGGTCTTGGGGACGCTGCGACCGGGAGGGGTCGGGACACCATTCGGGTTGTCTTGGAGTGCAGACTCGACCAACGGTGCCAGCTCCGGTAAGTCGTCGTCGAAAAGACTGGGGCGGCTTGCAGTGTCCGCGACGGAACCCTGCGCTCGCGTCGCCGATTGGGGAGCTCCCTCTTTCTCGGAAGATTCAGATGGCGATGCGGGAGGCTCGCGATGGTTGCTGGGTGGAGAGGATTGGAGATTGAGCCAGTCATCCTCGTCGGAAGCCTTGGGTGGGGCGCCGGGAACGACGATCGTGTTCTTACATTGCGGGCAAGCCAGTCGCTGACCAGCGAGCTTCGAAGGGGCTCGAAGCTTTTTTTGGCATTGCGGGCAAAGGAAACTCAGTGGTGATGGATTCCCCGTAGACAATTGTAACGGATCTCCGTTGAGACAAGGGCTATTCGTCCGTGACGCAGCCTTCGCTGGCGCTCTTCACGTTCTTAATGTACTTGTACAGTGTACCACGAGTTGCCTTCAAAGGTGGCGCCTTCCACTCGGCCTTTCGCTTCGCCATTTCTTCATCGGATACGGCAACTTGGAGCAAATTCTTCTCGGCGTCGATGGTGACGATATCGCCGTCGCGAACCAGTGCAAAAGGTCCGCCGACTTGTGCTTCCGGCGTGACGTGTCCAACGATGAACCCGTGCGATCCACCCGAGAATCGCCCGTCGGTCAGGAGCGCGACATCGGACCCCAATCCAGCTCCCATGATGGCCGAGGTGGGGGTGAGCATTTCCGGCATCCCGGGGCCTCCCTTGGGACCTTCGTAGCGAATGAGGATGACATCACCCTTTTGAATCTTCTTTTGTTCCAGGGCTTCGAGCATCAGCTCTTCGCTGTCGAAGCATCGAGCGGGGCCTTCGAACAAAAGTCCTTCTTTACCAGTGATCTTCGCAACGGCGCCTTCGGGCGCGAGATTGCCGAATAGAATC
NZ_CP011272.1_gap14	306207	307476	1269	CCGAGAGCTCCGAAGGTGAAGGTGGATACGCCTGTTCGCAAATCAGGTGTTCTCATCGGGCGGGTCTCGAATGTCTACCTCCGCCCCGGCTTCGAAGGTGTCGATGTGACGTTGGAACTGGAAAAGAAATTTCCGATTCAACGACTTGAGATGCCTATGATCGTCTCGGAATCGCTCATCACCGGGGATGCGGCGATCGAGTTTGTATCACCTACCCAAGATTCGCTTCTGAAACGATTCGATGGAAGTGTCGGGACGCCCAAAGACGGAATCTTGGACGAGATGGAACGCTTGGAGTCGCAGGGGACTGTGCCCGATCTGTACTACTCGTACGGCGGTGAAGTGGCCAAGGATCCGCAGGAGGCGCTGGCTGCAGTCGGCCCGGCCTTCGAGCGCTTTGAAGAAATCGCAGCCACGATTCAAGAAGCTTTGGGGACCGGAACTGGTCCGATTCGAAATTTGGCGGACTCCGCCCAATCCACTTTGGACAACATCAATTCGACCGTCGGAACTATCAATCGAGTAGCGACGCAAATCGAAGAAGCCAAAATCGCCGATGCCGTCGCGCGCGGCTTGAACCTCCTGCCCGATGTGTTCAAGGAAGCACAATCCACGCTGGCGCAAACCCAGCGGACCCTAAAAGGCTTTGAGACCTTCAGCGGGAGCCTCGAAGGCCTAGGGAAAGAGTTTGAAGGAATCGGCGCCAACGTCCGTGAAGCAGTCAACAATGCGAATGTGGCGATCGCCAACATCGCGGAGATTACGGAGCCCATCAAAGAAAACAGCGACGTGATCGTTTCCCAAGCTACGAATCTGCTGGGCAATTTGGACATGCTCTCACGCGACCTTCGCGTCTTCGCGAACAAACTCAACAACAGCAATGGCACCATCGCACAATTGGTCGAGAATCCACAACTGTATCACCAAGCCACGGCGACATTGCGAAATATCCAAGCAGCATCGGAGAACGTGCAAGCGATCACGGCGAGATTGCAACCCATTGTCGACGACGTTCGAGTCTTTACCGATAAAGTAGCTCGCGACCCTGGCCAAATCGGTGTCCGCGGCGCCCTCAGCGGACGAACCCTCGGTACCGGTCTTAAGTAACCCCCCACTCCGTCGATCTGTTGTCCTCAACAGATCTGCATCGCCTAACGCATCGCGCAAACCAAGAAACCTTTCCCACGGTCCCCCGCGTCGATCTGTTGTCCTCAACAGATCTGCATCGCCTAACGCATCGCGCCGGTTAAGAACCTTTCCCACGAGCGA
NZ_CP011272.1_gap15	454461	459453	4992	CAAACGGTCGCGGCCCCATCCTTCACGATCGCCGCGACAGGGAGAGTGAAAACATCCGCGCGTTCTTCTAGTAGGATCTTGACCGTGACGAAGGCTCCTGGGAGCCATTTCAAATCGGGATTGTCTAGATCGATTTCCGCAGCGAGGGTCCGGCTCTGCGCGTCGAGTTGCAGACTGGTCCTGGTCACTCTCGCCTCTTTTGCTCCGCCCGCGACGGCCTGACCTAAGATGGTCACACTATCCCCCTTGGTCGGATCCTCAAAACCGGCGTCGACCCACGCGGCTTCTTGCTCAGGAACATTGACGAAGACACGTACTCGGCTCACATTCGCAACCGTCATCAATGGCTGCGCATTGTTGGAGCCGGCTGGTTGCACATAATGTCCTGGATCGACTTTGCGTCCGATCACAAACCCGTCTAGCGGACTGATGAGTTCGGTGTATGTCATCATCGTTTCGGCTTGCTGGATCTCCGCCTCGGCAACGTTCCGTTTCGCTTTGGCCGCTTCGACATCTGCGGCTGCAGTCCCAACCTTGGCGATTGCTTCCTGCTCCAATGCCCGCGCCGATTCGATCGCCGCAAGGGTCTCGAGTTTGGACGCTTTGGAGGCCTCGAACTGACTCAACGTCTCATCTGCGAGTTTTGACGTAACAGACCCTTTGTTCACCAATTGTTGAATGCGTTCGCTTTCGGACTCCCATCGTGCGAACTCCGCTTCATTGCGAGACAAGCTCGCTTGGGCCTGCGCGACCATCGCTTTGGCGGAGTTTACTGCAGCTTGAGCGGCCGCGAACGCAGCTTCTGCTTGCTTGATTTGCGCCTCCGCTTGAGCGAGCAAGCCCTTCTTTTGATTGACTTGATCCTGATATTCAGGGGCATGAATACGAAGGAGCACGTCTCCCTTTTTTACAGGGTCGCCGATATCGAAATGAACGGTCGAGACATACCCGGAGATCTTTGAGAGGACGGGAACCGACTCAAAAGCGTCGACGCGTCCAGGCTGTTCCGTGAAGAGCTGCAAGGTCTTTTTAACGGGTTTGCCAGCGGAGACACGATCGATTGCCGACTGACTCGCGCTGGGCGCGTCCCCAGCCGCATCGCGGCCTTTGGGGGCACTGCATCCCGCAAGGGTCGCGCACAAGGTGAGTGTCGCCCAACTCCATCGTCTAGGGAGAGGATTCAAATTAGACGGCATAGTATCGACTCTCAGGATCATCGGGGTCCATGGACGCAGACTTCAGACTCGCCTTAGACTGCAACAACGTGAAGAACAAGGGTAATAGGAAGAGCGTGGAAAAGGTTGCGGCGATCAGGCCTCCCACGACCGCTCGTCCGAGCGGGGCGTTTTGCTGCCCCGCCTCGCCGAGAGCGAGCGCCATGGGGAGCATGCCAGCGATCATCGCGAAACTAGTCATCAAAATCGCCCGCAGGCGACTCCCAGCGCTCGTTACGGCAGCGCGCGAAATATTACGAAATTCGGTCCGTCGCTTTTCCGCGAAGGTCACCAAAAGGATCGCGTTGGCCATCGCGACTCCCACTGCCATGATCGCTCCAATAAACGATTGGACATTGATCGTCGTCCGAGTGACGTACAACATCAGAACCACCCCTGCAACCACGGCAGGGATGGTCGAGATCGTGACCAATGCCAATCGGATAGACTGAAAATTCGCAGTGAGCAGAAGGAATACCGCGATGATTGCCAGCAGCAATCCGATCGAAAGCCCCGCCTCCATCTCCTGCATCGGTGGGATTTGACCACGTATTTCTACCGTACTGCCCGTCGGCGGCGTCCCAGCGCGTCGGATCGCATCGGAAACCTGCGAAGAAACCGAACCAAGGTCTGCACCGGAGATGTTCGCGGTGAGTGAGACTTGACGTTTCATGTTGTAGCGATCGTATTGCCCGGGCATGGTGCCCGGTTCGATCGACGCCACATCTCGAATCAGGACTTGGCTAGAGTCCGTCTTTCGGAGCGGGATACGTCCCAACTGCTCCACGGACCCAATCGTCTCGACTTCGTACGGAGACCGCACAACAGGGCGCGGTATTTCCACTTGGACTTGGTATGCGACGCCGCTCTTCGGTTCGGCCCAATAGTTTGGAACGACGAAGCGGCTTGAAGAGGTCGCAGTCACGAGGGCGCGCGAGACATCGACGGGTGTGAGACCGGCCATGCCTGCCTTCTCTCGGTCCACATTGACTTGAACGGTCGGATAGTCCATCGACTGTCCCGTTTGGATATCGCGTAGCGACGGAATAGTAGCCAGTTCCGTTTTGATTTTATCAGCGAAGATTCGATTCTTGGCAAAGTCCGCACCACTCACCACGACTTCGATGGGTGTGGGAGAGCCAAAGCTCATGACTTCATTGACGATATCGGATGGTTCGAATGAGAATCGCACGTCGGGCATTTCCTTGGCCAGCCGATTTCGGACTCGTTCCTTGAGAATCTCATCTGGAAGATGCATCGCATCGTTGAGGTCAATGTACAGGATTGCTTCCTCTGGACCACGGGACCATTGATACACCGCGTTGACTGGGAAGTTGGAATGGATCATTCCAACGTAACCGAGCGTGAGTTCGATATTGTCCCGTCCAAGTTCATCACCGATGACCGAGAGTGCTTGTTTGGCGAGCGACTCCGATTTTTCGATATGGGTGCCATCGGGAGCTCGCATACGCAATCGAAACTGTCCTGCATCCACCACAGGAAACACGCCTCGTCCCAGCGACGGGGTGATCCACGCCACGGCTCCAAAACAGAGGATCAAGTAGACGGGGACGATAACCCAGTGTAGTTGAACCCAACTGCCGAGAGTCCCTTCGTAGGCGTGACGCATGCGATCAAACCAGGACAGGGTCGCCTTTGTCGGGTGTTCACCTGCACCAGGATGATGGGTTTTGAGAAGCCATACCGCCATCACCGGTACGAAGGTACTAGAGAGGAAATAGGATGCGATCATGGAGAAGCCGACCGCGAGCGAGAGGGGGACGAACAAGGCTCTGGCGGCCCCCTGCATGAAGAATGACGAGACAAAGACAGCGAGGATACAGAGCATTGCCAAAAGTCGTGGACGGATCGTTTCCAGCGAACCGTCCCGAACGGCTCGTGCTAACGGAACACCTCGTTGCAGGTGAGAGTGGATGTTTTCGATCGACACTGTCGCTTCATCGACGAGAATCCCAATCGCCAACGCCAAACCTCCGAGAGTCATCAGATTGATGGTTTGACCTGAAATCCACAATGCGAGTACAGCCGCGAAGAGGGAGAGAGGGATGTTGAGGACAACGATCAGCGAGCTGCGCCAATCTCTTAAAAACAGGAGTATCATCAATCCCACCAAGAACGCTCCAAGTAGGCCTTCGCTGACCACCCCTCCTACAGCCCGCGTGACGTATGGAGATTGATCGAATTCGAAGCGCACATCGATTCCTTCCCCGTCCGTACCGAGCGCCTCCTTCATTTTTGGAAGCGCGTTCTTGATGTTATTGATCACGCTCAGGGTGGAAGCTTCGGCCCGCTTCGTAGCGAGGATATACACAGCTCGTCTGCCGTTGACCAACGCGTAACCGGCCGGCGCGTCGGCGGAATCTTGGATTGTTCCCACATCGCGAAGGAATACGGGATTCTCACCCATACGAATCGGGATAGTGCCAAGCTGTTGGGGATCTTTCACGACCGAGTTGACGGGAACGATCGGGTAACTATCCCCAATGGGAATGTTCCCCGAAGGACTGAGAGTGTTCCCTTTTGTAAGGGAAACGATGACTTCATCCGGAGACATGCTATAGGACTGCAGTTTCTTCGGATCGACTGTGATGACGATCGATCGAGCGCTGCCACCAAACGGCGGCGGTGCGGATACTCCGGGCAAACTCGAAAACATCGGTCTGACGCGGAAGAGCGCGAGGTCTTGAATTTCGGCAATGCTTCGCGTGTCGCTTGAAAGAACCAGATAACCGACGGGTACCGAGCCGGTATCGAATCGCATGACGAAGGGAGAAACCGTCCCCGGCGGCATGAAGGCCTGGGATCGATTGACGTAATTGATCGTTTCCGCCATCGCCTGGGCCATATTGGCCTCAGGATGGAAGTACAGCTTCATCAATGCGGTGCCCTGGACATTCCGCGACTCGACGTGGTGAATACCGCTAATGTACAGAAAATGGTATTCGTAGTAGTTGGTTAAGAAGCCCTCCATCTGCGCTGGATCCATCCCACCGTAGGGCTGGCAAACATAGATCACCGGCAAATTGAGTTTCGGGAAGATGTCGACTTCCATCCCCCGCGGCAAGCCCGATGGGTAGGACCATTTGAACTGTTGAAAAATCGACGGTCCAACGGCCAAGAAGCAACCGAGGGCCAAGCTCAGTACCAGCACCATCACAGTTGCTGGACGGCGCATAGCTGAAAGGATGAGTTGCATTCAAAAGAATTCCGAGTCGACCAACGAAATCAATAAGGGCCCGCAAGGCTTCCGCAGTCGTTCACCTTAAGCCAAGCCGTAGACTTTACCAAATTGTGGTCATCATTTTAGTCCGTGCATTCGATTCCCCCCACATCCTTGAACCTAGAATTCGCCGTTTGTTCCTCACAGACCCTAGCGCAGGATTTATCGGAGGCCGAAACAGATTCCGTACAAGCGATCCAGACGGATGCTGGAATGAGATGAGCTGGAGGGAATTGTCGAAATGAAACGAACTTACTTGACTTGGGCACTCGGGGTATCGGGAGTTCTTACCCTCCCTGGGTGCGCGACAACTCCGGCAAACCACTCCAAAACCTCTCGTCCCGACGTCTCTTCCTTGCCCCTACCTCCCATGCGGGAACCCGTCGCATCGGGTATCGCGGAGGTCAACCATGCACCGCATTCCATTCCAGAAGGCACCATTGCCCTGGCATCCACAACCGGTTTCGTTCGCGAAGCGTCTGCCATCGAAGAAGCACCTACCCTAGCGACCGCAAATGTCACTTCGGAACAAATCGG
NZ_CP011272.1_gap16	462167	465810	3643	CGACAATTTGAATGGTTCGTGAAACAGGCGTCGCTTTTCCTTCTGCCTTCGCTTGGGCCCAATTCTTTCCGGCCCCCACCGAAATGGGTTTCAAGTCCCCTTCGGGCTTGACGTACTTTTGATTCGACTCGCCTAATTGAATGGAAGCCGAGGGTACAGCGGGCGGCGTCTGCCCCTGTTCCGGATTCACCGCATCGACCGGTTGAGTCATGCTGCCGGTCGTAGGAGCCCCTCCGCCCCCCATGGATGATGTGTTCTGTTGAGAGCTGGAACTGCCGGCAGATTGGTTCGTCACCGCCAAACTGGATGTTGGAGGTGGTGTGTTGGAGGCTTGACCGCCCTCGGACCCTTCCGCAGTACCCGACTGATTGGTTGCCTTGGGATCGCTCTGCCCGTTGGGTGCAACCGATTGTTCAAATGAGGAGCTCGGAATAGACCCACTCTGCATGGCGGCAAGGGCGCCGCTACTCGCGGCCCCAACCGCTGCGTTTGGAAGATGAGCCGATCCCATAGCGGATGGTTGTTGGGCGGTGCTGCTCGATGTGGACGTAGGAGATGATCCATTGACTAAGGGCTGCACCATACTCCAGTTTTGTGCATCTTCGATAGGCCGCAGATTGAGTGAGCTGTTCCCTCCACCGGCTCCCCCGCCTGCCCCCAAACTCACGTCTGATGGTTCTTGATCGAAATCTTGCCAGCTATCCATCGCCATGGCGTATTCTCGCGCGAGTTTAGGATTGGCGGCGAGCAGAGCTTTCTGCCGTTGTTTCGACGATTCGACGACTTGCTCGAGCATCTCCTTCGTACCGGGAACGCTCGGGGGGAACGCCAGTTCCATATCCGCATTGATCAGTTCGTAGCCAAATTGGTCATCCCAACTTTCAATCGCCTTGCGTGCGACCGCGTAGGTCTCCACCCCATCAGGGCGGACCATCAATAGGGGATAGGGTGGCTGAGACGCCAGTCCCTGCGCCCGATCTGACTCTTCATAACGATTACGGAGCATTCGGAGAGCGGATGCGAGCGGGTTGCTCGGCCCTGGTGGGAACATGTCTTTGGGGGCAATCAGGACACCTTCGGGTTGGATGACCACCCCATCAGCCCGGCATTCCAAATAGATCGGCCGTCGCGATGTCCCATTTCGGCCGGAATAGGGGATGATGGCGAAGGCAGGTTTCTTCCTTTTTAACGCCTCCACCTGAGCAGCCAGTTCTGCTTTTTTCGCATCGATTTGCTTCTTCAGAGCATCCGATTGGTTTTGCAGCGCATCGCTTTCACTTTGGACCGTCAACTCGTTCGACTCCAGCCGCCGAAGCTTGCTTCGAATCTCCGCGTACTCTTCCTGGAGGCGGCGCAAATGGTCTTCGATGTACTGCAAGGCTTCGCGGCGCTTCTCGAGTTCCTCTTTGGAGGCTTCTCGCGTCTCCAAGAGCCCTTCGGATACGGACTCGGCTAGGTTTTCCTGACCCTCCATTTCCGCGAACGCCAATTCTGCATCTTTGCGAGCCGAAGCATGCGAGTTGGTGACCGTGATCGACAAGATCAGGACGAGAGCACCAATCAAGCAAAGGAGAACAGCCATGAAAGGAAACAGGGCTGGCGCTAATTGGTCGCCGCGGCGTTTTCGACCGCTCATCCTGCTTTCCTCGGGAAAGGAATGGAAATCGGTGTCTCGTCGGAATGGGCTTGCGATACAGGTGTTGCGGGAGATGCATCTTCTGCACTCGATCGACGACGCACAGGCTGTCGCCCCAGGTAGCCGTATCGTTCCATTTGAGTGCCAAGTACCGCGACCGCTTCGGCGAGACAAACCGCGGCGTCATGAAATCGGTCGACATCGGTAAGGCGTTGCAGCGTTGCTTGAAGAGGTGTTTCCATCGACTTCACCAACTCCGCCTTTTCGATCAATCCACGCAGAAGGTCTGTCTGCTTGCGCATTTCGGATTGTTGCTCGACCATCGATCTAGCTTGGTCCGAGATCGTAACTTGCCACTGCTGGATCCGATGATCGACGAGTGTCGCACCTTCCGCGTGAAGTTTTGCGATCCGTTCTTGGTGTTCTTGAAGCGGGGAGACCAGGCTTTCCATCGCCATGGAAATGGCAGGCAGCAACGATTGCTGGACGGCGTCACTGGTGCCAACGGTCGCCAGCTTCCATCTCTCTTCCGCTTGCTGCAACGCCTCCTGCCAGAGGGCCGACTGCTTCTTAACCAGCTTTTCGACCGATTTCAGCACCGAGGCCGTAACGGCTTCCACGGCCGACTCCACCTTGGTGAAATCGTGATTTTGCGATCGAATCACCAAGGTATTACCGAGCAGATCGTCCGACAGGTTGTTGATGTGCTGGAGAACTTGGAGTTCTTGTTTACCGACCATGTACTGGGCAAAAATGACAACCATCGTGAGCACCAAACCCACGGCAGTTGTATCGAATGCCACGTAAAGACCTTGGGTAATATCGTTCATCGCCTCTTGCGAACCGCTCGCGAGCGCGGAGGCATCCATCTGTCCGAGGGTGGTCGAGAGACCGAGAACGGTTCCCAAAAATCCGAGCATCGGCATCGCCCAAGCCAAGATGCGCAACAATGCGTAGCTATCATGCTGGAGGTCTGCGTCACGTTCCGAAAGCTTTAGTTTCGTCTCGTCGCTTTGCTCCAAGGATTTGCGGAGTAATTGAGTTTGCAGAAAATCGCGTATTCGCTGTCCAAACCAACTGGAATACAAAGAGCGAGATTGCGACTTCCAAGCCGCCTCGAGCCAGAGGAGTTGATCGAGATAGCCCTCGATGTCTTCGTCCGATCTCGCCAACTTCATTTCATCGACCGCGATTGCGTTTTGGCGTTGCAATCGCTGCTGTTTGAAGACCTCTAAGCATTTGTAGGTCAATACGCATGCCGCGATGAAGAACAACTCGACGGTAACGTACGCCACCTCATGGCAGGTAGAGTAGCGCTTTAACAACGCCAGTCGTTCATCACCTATTCGCAATACGCCGTAATACCCCAAACAAATCAAACTCCCGATCACGGTGCACGAGATCATAGGTGCTTGAAACATGGCCACGTTTTGACGTAATCGCTTGAACACGGGAGTCCCTGCCTTCGGGTAGAACGAATCGAAGGATTGCTGTTCCTTCGGAGCCGTCTGGGTCTTGTATCAATCGCCAAGGATCGAGGCAAGCCAAATGTCCGCACCGGGAATGCATGCAATCCCAACTAGCTGTGCGATCATCCGTCTGTTGCATCGGCAGGAGGGCGAAGGGAGGGTTAGCCGAAGCCTGGAAAGTTTGGCAATCTGTAGCGGTCGAATCAGTCGAATGATGCCTCTCCCCTCGATTTCGGTGAGTTGCTCGACTTTTCCATCAAGTCAGGAGCAGGGTAATGCTCGTGCGGCGACTGGTACCAGCCACTCGAATTCTCTATCATGGCAACGCAAAGGGGATAACCGAGATGGTAAACGACGAATCGATGAGCTCGGCGCAAGACCGAAAAGCCGTTTGGAAGCTGGGGGGGTACATTCTCGGGATCGCGTTGGTGAGCACGATTCTGTGCATGATGAATACCGGAATGGTGTTCGCCCTCGCCAAGGGATTGGAAACAAAGCTGCCGGAGTTTCCTGGCTCGAATCAGATCATGCAGTTCAT
NZ_CP011272.1_gap17	467369	469813	2444	GGCGGAAGCCTTAGCATCTTGAACTTTAGCCGACCCTACTGTGACACGTCGGACTCCAAGGTTCAGCACACAGGCTCCGTCGCGGATTTTTTGATGGTTCCCAAAAATCAATCGGGAGCCTGGGTCATCGAAATCTCCCACCAAGAGTCCCCCAGCCAAGTTGCAGTACGATGGAACGACGAGACGCAGGAGTGGGAGAATTTGGGTTCCGTTCGCTATTCTTCTATCTGATGACGGAAATGGATTTCCTGGAGGGAGACACAGACTTTCTCTACATGAACACATTGTGATGGAACCCTACTGAGTCATTCCGATTATAATTCGGGTCTCCGTTTCATCATCTTCGTTCGTGATTGCGTGAGTTGCCCGACCCATGATACCGGTATCTACCGATGCACCCATCTATCATTACCCGATTGGAACCGTTGGATTAATCGCTGCGAATCTCGGGTGCTTCTTATTGTTCTGCAATCTACCTTCCATGGGTGCAATGGACTCTCCAGAGGCCTTCGAAGAGTCATTCTATTGGGTCGATAGGCTCGCGCTGGAATTCGGAGCGTTCCAACCTTGGCAATGGTTTACATGCAATTTCCTTCATGCTGACTGGATTCACTTGATCGGCAACATGATCTTCCTTTGGTCATTCGGCTTGATCGTCGAGGGGAAGATTGGTCTTGTCCGATTTCTGAGTCTCTATGCGATCGTCGGCACGGTTTTCGGGATGGTCGCGCAGTTGAGTTCGATTGTCTTTGCGTGGGAGGGAATTTCGTTGGGAGCATCCGGCGTCATCTTCGGGCTCTTGGCTTTTTGTATTGCATGGGCTCCTGCGAACGAATTCGAAGTCATTTGGCTGCTAGGGAGAGCGGGAGGGACCCTGGAGATTTCGATTCTGGTATTCGGCGCACTCTTCGTCGCGAAGGAAGCTCTCTTTTTTGGTCTCGGCGGCTTTCAAGTAAGTTCGGAGTTGTTCCACATCGTAGGATTCATCGTCGCTTTACCCTTCGCTCTCTGGATGGTAAGAGCGGGGCAAGTGGATTGCGAGGGATGGGATATCTTCTCCTATCTTTCCGGCGCCACAGGTGCGAATTCTAGGATTGCTAAGAATCGAGTCGCCATGGAAATGGCTCGCGAGCGTGCCGCCAGTGCTAAACAATCCAATTCCGATCGAATTGCTACCCAAAAGGCATTGCAAAATGGTTTGCCACCCGAGAAGCGGGCAGTTCAATTTCGTGACCAAGTTCGAGCTGCGATCGACTCGGGCTCCTATGAGCTCGCGGCGAAACTCCAGGAGAAGATAACCCTGTCCAATCCCGGAATCACTTGGAATCAAGAAGACCTGTATGCGACTATCCACGGGCTACTGAAGGAACGCAAGTACGAGGCTGTGGCGCCGCTAATGTCACTGCATATCGACTCGTTCGAGACACATCGAACGGCCATGCAGAAGCTGCTCATCAAGATGTGGCTCAAGGAGCAACGGCCTCGCCACGCTTTGCGTTTCATGCGAGGAATAGATCGAAGCCAATTAAGTTCTAAAGAATTGGATGAAATACGCCAGCTCGCGAACCACGCTCAGAAATTGATCGACGCCGGCGTGGTCGAATTTTCCAACTAGATACTTTCCAAATAATTGCGAGACTATGGTGCAGCTCCTTGTTCCGCATTGGACCGAGTGCCCTAGCCCATGCCTGCAGTCGAAGCAATTTCGACTGCAGGACTATCCGATGGCCGATCCCGCGGACGCCACCCGTAACTGGCCGCACCCATTCGCTAGTTGGAGGCTACTTTCTTTGCCGCTTGCCGAAGCGACGGATCCAAATCGAAGCGATCCAGGTGCATCACTTTGTTCCAAGCCGCAACGAAATCCTTCACGAATTTTTCTTTTCCGTCGCCGCTCGCATACACTTCCGAAATGGCCCTCAACTGGGAATTCGAACCGAAGACCAAATCGACACGCGTACCAGTCCACTTGACCTTGCCTGACTTTCGGTCTTTCCCTTCGAACACCTCTTCCGAATCGCCTGACTTCTTCCACTCGGTTTCTTGATCCAGCAGGTGGACGAAAAAGTCATTGGTCAAAGTCTCCGGCTTTTCGGTGAATACACCGAGCTTGGTATTCCCCGTGTTCGCTCCGAGCACTCGGAGCCCTCCGACCAAAGCTGTCATCTCGGGGGCAGACAACGTCAGCATATGAGCCCGATCCACCAAGTATTGCTCGGCAGGTCGCTTGTGCTTGGGGTGCTTGTAATTTCGGAAGCCATCGACGGTTGGCTCGAGGGGCTTGAAGGAGGCAGTATCGGTCAACTCCTGCGTGGTATCTGCGCGACCAGGCTCGAAGGGAACTTGGACAGGCGTTCCCGCTCTCTTGGCAGCTTCCTCCACTCCAGCACATCCTGCGAGGACAATCAAATCCGCCATGGATATCTTCTTTCCACCTCGCTGAG
NZ_CP011272.1_gap18	478517	482685	4168	TAGCGGATGCAGGAGCAGCTGGTGCTGCAGGAGGAGCGGCTTCGGTTGCTTGAACAGCACCGGCGTTGACGGTGGTTCCGCACGATGCACAGCCAGCAGCAGGAGCTGCAACGGTTGCGCATCCGCAAGCTGGAGCAGCAACGGTTGCGCATCCGCAAGCTGGAGCAGCTTCGCAGCAGGTTGGCTCAGGTGCACAGCACTTAGCAGCCTTGCGAGCCTTCAAACGTGCGAAAAGACCGTGACGGCCACCGCAGGTTGGAGCTGGTTCGCAGCAAACTGGTGCTGGTTCGCAAGCTGGTGCACAAACTGGAGCTGGTGCACAGACAGGTGCGCAAACTGGAGCTGGTTCGCAGCAGGTTGGCTCTGGAGCACAGCACTTAGCAGCTTTGCGAGCCTTCAAGCGAGCGAGAAGACCTTGACGGCCACCGCAGGTTGGAGCTGGTTCGCAGCAAACGGGTGCTGGTTCGCAAGCTGGTGCACAAACTGGTGCTGGTGCACAGACAGGTGCACAAACTGGAGCTGGCTCGCAGCAAGAAGCCTTGCGTGCGTGAAGCTTTGCGAGCAAGCCTTCTCGGCCGCCGCAAGAAGCCGAAGCAAAAGAGCTCGAGGCAACAACAGCTGCCAAGGCCAACGATGCCAATCGTACCTTAATCATTCGTAACATCCTCCCTAGGGAACAGTAAATGGATCCACGCAACGCCACGATGTACATCCTGAATCAATATGGACCACTCGCGTCAAAACCGACTTCGACGCTCCTTGCGGTGCTTTCGCCTGGTTAACCAATGCTTGGCAAAATCTACCGGTTAGGGGCTTTGCGTAAACTACGTAAGTCGGAAGCGTAACAGACTCCCGTGGCATGTCAACGACCCGGGGCCGGTATTGGGTGACGAAATGTCGTGCATGAAGGTCTCCCCCCAAGAAAACAGTCAGAAATGGAAACGGCTCTCAACAAGTCCGAGAAATTCTGCTAAAAAACCGGTTGGACCAAGAGTTTGGTAAGAATTTCGAGTCGAAGGAGCTACTTTCCGTGCCTACCCCGTTTTTCGCGTTCCAGCTATCGCAATACATTTTTGGACCGCTGCTGTTTCTTCTCTCGGTTTTCATCATTCTGATCATTCTCCTCCAGCGTGGTCGCGGCGGCGGTCTCACCGGTGCTTTGGGCGGTGCTGGCGGGTCCAGTGCGTTTGGCGTGAAAGCGGGGGATATCTTCACTCGAATCACGGCCATCTCGGTGTTGCTCTGGATTTGTCTGTGCGCTTTTGTTTGTTGGTGGTATTTGCCTGAAACGCTGGATATTGAAGCGGATCCGAGCGTCACGACCACTTCTGGCGCGGGAGCGCTCTCCATCGGTCCCAAGGAAGGGGAAGCAATCCCTGCACCCGCCGGGTCGAGTCCATTGCCCGCGTCCGGCGCGCCCGAGACACCTGCCCCGGCGGTGAATGTTCCCCCGGTCAATTTGCCTGCTGTGAATTTGCCAGCCGTGAACCTGCCGCCGGCACCCCCCCCAGCTACGGAAGCGCCGGCGACGGCTGCTCCTGCAACGGAAACTCCAGCGGCGACTCCCGCGTCCGAAACAACTCCTAAGGAATCCGCATCCACCGACGCGCCTCCCCCTGTGGATCCTGCAGGAACGTCCACCGAACCAAAACCCTAGTTCTCAACCTTTTGCTCCTTGCTCCCCCTGGCCCTATCTATGCCGAGCGATCCATCCCATCCCCTCATTCAGCAGGCATTCCGATGCTGCTGAGCATGACCGGTCACGGGGAGTCTTCGAAACGGCTTGGCGGATATGCCATCGAGGTGGAGATCCGAACTGTAAACAACCGTTTTCTGAAAATCCTTACCAAGCTTTCGGACTTGGCTGCCCCCCTTGAGTCCGATTTGGAGGGACTTGTTCGCGATTTCCTTAAGCGGGGAAGTGTTAGTTTGTACGTTCGCGTCACGTCCAGTGATGTCGAGGAATCGGCCTTCGTCAACCAGCCGGTGCTCCAAGCCTATCTTCGGGCGGCGAAGGAAGCCGCGGACGCGATGCTTCTTCCTTTCCACCCCGATGTTAGTGGATTCATGGCGCTTCCCGGCGTCCTCGATACGCCCAAACCGGGGGATAATCCCGAGTTGGAGCAAGGAATCCGGGAGGCGTGCGCGGAAGCGCTTCAGGATCTGCAGGCGATGCGGCGGGCCGAAGGGGAGGCCATGTCGAACAAATTCCAGGAGTATTTGAGAGATCTCAGATCGCTTCGCGACAGCATCTCCAGACGGGCGCCGCAGGTTGTCTTGGACTATCAAACCAAGCTTGAGCAGAGAATTCGGACGGCTTGCGAGAGCCGTGGGCTGGATCTTGAGTCCTCGGAGTTCGTTCGAGAGGTCGCACTTTTCTGCGATAAAGCCGACATTTCGGAAGAGTTGACGCGGCTGGAGAGTCACTTTCATCAATTCGAGACCGTGCTCCGCGCATCGGAAAGCCAGGGTCGAAAGCTCGATTTCCTCGTCCAAGAGCTTGGACGGGAAACCAATACGATTGGATCGAAGGCGAACGACGCCGAAATTTCCGTGTGCGTCGTGTCGATGAAGACAATTCTCGAGCAAATTCGAGAGCTTGTTCAAAACATAGAATAGTCCGATCGTAGAATAGAATTTATCCAGTCAAATCAACAAGAAGAGCCGTTTTCGGGTCCAGCTATGACGGAATTTGGGAAGCTGATCATTATTTCCGGGCCTTCGGGGGCTGGTAAGTCCTCGGTGGTCAAACAGCTCATGGATCGCAGTTCGCTCCCCCTTACTCTGAGCGTATCGGCCACCACCCGCCTTCCGCGGCCGGGGGAGCAGCACGGCAGGGAATATTGGTTCCTAAGTCGCGACGAGTTCGAAAACAAGCGTCAGGCAGGAGAGTTTCTCGAGTGCAAGGAAGTCTTTGGACGGGGAACTTGGTACGGGACCTTGAAAGAGACCGTTTCGGCTGGTCTAAATGATGGCAAGTGGGTAATCTTAGAGATCGATGTGCAAGGTGCGTTGTCGGTGCTTCAAGATTACTCGGACGCAATCACCATTTTCGTCCACCCTGGTTCCATGCAGGAGCTAGAGCGACGGCTTCGGGATCGCGGCACGGAATCAGACGATTCCCTCAAGCGGCGATTGGACGTCGCGGCGGATGAGATGGAAATGCGGCATCACTACGCACACGAAATCATCAACGTAAACCTCGACAACACGGTGGAGCAGATCGATCGACTGCTTCAGCAATACCAAGGAGAAAAGATTCCATGCTCGAAGAGTTAAAAGAAGAAGCCATCGTCAACAAAGTCGGCGGACGCTTCAAGCTCTCGACGTTGATCCAAAAGAGGCTTGTGCAGCTCAATCGCGGCAGCCGTCCCTTGGTCGATATGAACTCGGACGACAAGATGGAGATCGTGATCCACGAAATCCTTCAGGACAAAATCTTCTTGACCACCAATGGTGAACTGAAGATTCTCAGCGAGACCGCAGATCTAGGTGAATTGCTGGACTTGGATTCCGGCGACCTGTAATGCGAATTCGCTCCTATGGCGCATCGCATTGTTGTTGGAATATCCGGCGGGATCGCAGCTTACAAGACGGCCGCGCTGGTTAGCAGGCTCGTTCAGGGCGGCAACCGTGTGTCGGTTGCGATGACCCCATCGGCGGAGCATTTTATCGGTCGTGCGGCGCTCGCTGCATTGTGCGGCCAGGCCCCAGTCGTCGACAGTTTCGACAGCCGTTTTCCGCTGGGGCCTCACATTGAGCTCGTCGATGGCGCCGACCTTTTGGTGATTGCCCCCGCGACAGCGCACATTCTCGGCTCCTGCGCCTATGGGCTCGGTGACGGGCTTCTTCCCACACTTTATCTTCAGTCCGAATGCCCTGTGTTGATGGCTCCGGCCATGAGTACCGCGATGTGGTCGAAACCAGCGGTGCAGCGGAATGTTCAGCAGCTTCGCGATGACGGTGTTCATTTTGTCGGCCCCGACTCGGGCTGGCTCTCTTGTCGGCGGTCCGGTGAGGGGAGAATGTCGGAGCCCGATGCGATTCTCGAAGCCTGCATGGCTCTGTTGATTCGCGAGGAGTCCTAGCATCTCCTCATGGCTCATATCGTGATTACATCCGGCCCGACTAGGCAGTACCTAGATCCGGTTCGCTATCTCACCAACTC
NZ_CP011272.1_gap19	484114	488234	4120	TGCGACAACGGGAATGATTGCCGATGTCGCAAAAACGCTTGCTGGGGATCTGGCAACCATCGAGCAACTGATCGGACCGGGGGTGGACCCGCATTTGTATCGTCCCAGTTCGGACGACGTGCGCAGTATCCTCCGCGCCTCACTAGTCCTCTATAACGGGCTGAAATTGGAGGGCCGCATGGGGGATGTTCTCGAGAAGAAGTCCGATAACTCCCCCCGCATTCCATTGTGCGACCAATTACCTCAAGATCGATTGCTTGGCCACGGTGAAGGAGACTCAGCGATGGATCCACATTGCTGGATGGATCTGACTCTTTGGGAAATGGTCTCGCTCAAAGTCGAGGACGCGATCGTCAAACTCTTGCCGGATCACCAAAGCGAAATCACTGCTCGAGGTGCAACACTTCGGCAAAAGATGCAGCAGCTGAACACAGTGATCTCGGAGTGGATGCAAACGATTCCCGAATCCCAGCGGATTCTCATTTCCTCGCACGATGCGTTTCAATATTTCGGCAAGCAATACAAAATCCGTGTCGAGGGGATTCAGGGAATCTCGACGACGTCTGAAGCCGGGCTGAAGCGGATCGAGGAGTTGGTATCGTTAATCGTCGAACAAAAGGTCCCCGCGGTTTTCATCGAATCCAGCGTCCCAGAAAAGGGTGTGCAATCGCTCCGTGAAGGAGCCAAGCAGAAAGGTTGGGACGTAGCACTCGGGGGTACACTCTACACCGACGCGATGGGGAACGAGCCCCCTACCAATACTTATCTCGGCATGATGGAGCACAACGCGCGCACGATTGTCGAAGCACTGGGTGGGTCGCCGACACCTCCTCCTCCACCGACCCCTTCCGCGAACGATATTCGCCACGGGTCAGTTCGTGGAGCGGTTTCTTAATGTCAGTTCTCCCATCCCATCGTCCAATCGATTTGCCCGCCATCGCCATCTCGGACTTGACCGTTGCTTACCAGCGAAAGCCAGTCTTATGGGAAATCAGTCTCGATATCCCCTCTGGTGCATTGGTCGGATTGGTAGGCCCCAATGGCGCAGGGAAGAGCACGTTGATCAAGGCCATGATGAACTTGATCCCTAGGGTCAGTGGCGATATTCGCTTGGAGGGAAAACCGATGGAGGGGCAACTACCTTGCGTCGCGTACGTACCTCAACGTGAATCGGTCGATTGGGATTTTCCAGCTTCGGTGCTAGATGTTGTTTTGATGGGACTGTATCGCCAGATCGGTTGGTTTCGCCCCGTGCAAAGTAGACATCGGCAGCAAGCCATGGAGGCGCTTGAGCAAGTGGGGATTGCCGAGCTGGCTTCTCGTCAGATCAGCCAACTCTCTGGAGGTCAACAGCAGCGCACCTTTCTCGCCCGAGCATTGGTGCAATCGGCAGATGTCTATTTGATGGATGAGCCCTTCGCTGCCGTCGACGCTGCCACCGAGCAGTCGATCATCGAAGTCCTCCGTACGTTGCAACAAAACCGCAAGACAATCCTGGTTGTCCATCACGATCTGCACACCGTCCCCGAGTACTTCGACTGGTTGATCCTCCTCAATGTTCGTGCCGTAGCCTGGGGACCGATGGACTCCACCTTCACCCCCGAAAACCTTCGACGCACGTACGGTGGACGTCTCACTCTATTGGATGAAGTCACCGAAGCGATTCGCCGTCGACAATCTCTGTAAGTCACGACACCCTTCGCGCAATGACGCGTCTAATCCTGTGATTTTTTGGGCGCGAGCCTCACTCGCTGCTCATCCAAAAATACGCCGTAACGATTCTCTTCGATGGCCGATCGAGCGGCGGCCATGAGCCGTTGATAAAACGTGAGATTGTGAATCGACAACAGCGTCGGCCCTAGCATTTCATCACACATAAAGAGATGACGTATGTAGGCTCGCGAATGCCTACAAGCCAAACAGGGGCAGTCTTCTTCGATCGGTCGGGCATCGCGTGTGTGACAACTGTTCCGCATCCGTAGCGGTCCGTCTGCCGTAAAGGCCAGGGCATTGCGTCCGTTTCGAGTTGGCATGACGCAGTCGAACATATCGATGCCCCTCGCAACCCCTTCCACCAAATCGATGGGCGTCCCTACCCCCATCAAATAGCGAGGCTGGTCGGTTGGCAAAACAGGACAAATACCATCGAGTACACGAAGCATCTCTTCGGGCGGTTCGCCCACGCTCAAACCACCCACGGCATAACCGTCGAAACCGATCGACACCAAGCCTTCTGCACACTGTTGACGAAGTTCGATATCGAGACCGCCTTGAACAATCGCGAACAACGCTTGATCCTCGCGGGATGCGTAGCGTTTGCACCGCTCGGCCCAACGGATACTGCGATGCATCGCGTCGAGAACCGCAGATTTCTCGGCGGGCAATGCGATAACGTGATCGAGCACCATCGCGACATCGCTACCGAGCTCTTGCTGGATTCGGATAGAGTCCTCAGGGCGCAAATGGATCTTTGACCCGTTCAAATGCGATTTGAACGTCGCTCCATCCTCCGTGACTTGATTCAAATCCCCCAACGAGAAAATCTGGAAGCCACCGCTGTCGGTGAGAATGGGTTTGTCCCAACCGATGAAGCGATGCAGTCCGTCCAGTTCCGCGACGAGTTCGGAGGTAGGCCGCAGCGCCAGGTGGTACGTGTTCCCGAGCAGGATTTCGGCTCCGGTCGACTCCACTTGGTCGATGGTCAAGCCCTTTACGGTCCCCTGCGTTCCAACGGGCATAAAGGCAGGAGTTTGGACGACACCGTGAGTCAGGTGCAATCGCCCTCGCCTTGCATGGGTAGACGCATCTACCCCCAAAAGTTCGAAGGGGAATCGGGAGGATTGGACCATACCTTAGCGCCGTTGATCCAATATTTCACGGGCAACGGTCTCCGCCGATCCGGTCGCTTGCAGCCGTCCCAACCAGAAACTGAGTTCTTGTTGGTTTGGTGTTCGGTTCACCAAGGCCGTCACCAAGCTTTGCACATACGCTGCGTCATCGCCTCGAAACATCTCTCGATACTTGATGCTGGAAAGGATTCCCACTTTCAATGCGTCGAGCGAATTTCCTTGGCTCAAGTAGCCTTGCCATCCAACCAATTCCGCGGACGAAGGAGCGCGACCCAAGTATTGCAAAAAGAGTTTGCTAATGGCTTCACTGGAACCACCGAACGAGGGTGGATAAGCGGCACTGACAGACGAGCCGGCCGTCGAGATGCCACCAGAACGGTCCAACACCAAGTTATAGTTTTGACCTAACGAGCTGGCGTTGAGCGTAGGCGGGTTGTTGAGTTGGTAGAGAATTTGTGCTCCATAGGTGATCGTTGCAATCAGTTGGTACTGATCGCTGGGCGACACATAACGTGGATCGACATTGAGTTCATACGCAAATGGCCCAAAGCCTTGCACGGCCACGGTGGTGCTCCCTCCGCCGACCTCATAGAACGGTCGCGTGATGTTTTTGAGCTGCACATTGAGGTAAGCGCCCGCGGGCAAGTTCATATTGTCACGGATTGCGATCGAGCCTGACAATGCGCTGGAGTTGGATGTCAAGTTCGCCGTGACGCTGCGCAAGCTTCGTGTTCGTGAATCCATGATCAAGAGATTGATACGACCATAGGAATCCGCGTACCGTTTGATCTCTTCGGCGAGCTCGATCACTCTGCCATCGACCAGTCCCAATCGGGAAGGACCGGCAGCGACCACCACATCGTTCACCCCAAGCCCGACTTGCTGTGCCGCGCTCCCAGGCGCTACGGTCGTTACAATCGCCCCGACCTCGTTGTTCTGGATACCCACCCCCAACTTCCAATCACGTCGCGTGTTGAGGTACCCACCCGCATACGAAGGGGCTCCCCAATTTCCGGTGCTTGACGCGGAGGGCTGGGTGGTACTCGGAGTGGGAAAGGTGGACCGAGGCAAAGCCCCGGAAAGCATATCAACCCATGTGGACGATTGGGCGGAAACATGCTCACCGGAAACGAGCAAAGCGATTCCTACCCCAAATGCAATCAGCTTATTCATGTTGTAGCTCCTGAAAAATGACTCTTGGGGTTATCGCATCTGCGTTCCGCAGATCTCATCCAACTCTTTGTGAATGAACGATGGATCCAACGGAAAGA
NZ_CP011272.1_gap20	494822	499173	4351	GACGCCGGGCATCAAAAAGGTCCTGGTCGCCAGCGGCATCCGTATGGACTTGGCACGCCAGTCTCCGGAGTACATCCAGGAACTAACCAAACACCACGTGGGAGGCCATCTCAAGGTTGCTCCCGAACACGTCGATCCGGACGTCCTCTATAAAATGCGCAAGCCCGCAAATGACGACTTTGAGTTCTTTACGGAGCAATTCAAAGAGGCGTCCGAAGAAGCCGGCAAGAAACAATTCATCATCCCGTACTTCATCGCCTCTCACCCCGGTAGCTCGATCGAGTCGATGATTGAATTGGCATTGTTCCTCAAACGAAACGGTTACAAACCGGATCAAGTCCAAGACTTCATTCCAGCGCCGCTCGACGTGGCCACCAGCATGTACTACACGGGCTTGGATCCGTTCAATCTCAAACCCGTTTACATCGCGAAAGCACTTCGGGATCGAAAATCTCAACGCGCGTTGATGCAGTTCTTCAAACCCGAGAATTACTTCGAGGTCCGAGAGGCGCTTCGGTCGGTCAACCGTTCCGATCTGATCGGGGAGGGCTGCGACTGTCTCATCCCGTCCCGCCCCCCGAAGGAGGCGCTCGAAAAACGACGAGCCGATGCGAATCAACGCTTTCGGGGTGAATACGTTCACACCATTCCCAAAGCGAACTCGCAACCATCGGATGCACCCGAGTCCCGGCCGTCCGATAACGCTTCCTCTGCAAACCAAACCAGAAAACGAAAAGGCCCCCGAAAAGAGCAACGATCGACCGCTGCTCAGAGCGGTAAGAAGCCCAACGCAGGCTACCGACCGGGCCGCCGGGTAAAGTAATACCGAGGCTGCTCGCCCCCTATCGCTGCAACCCCGCCAGGTGTTTGGCGATCCTCTTTCCCGTGGAGCTCAAGGGCACTTCGGTCAAGCGATGTACCGAACACCAAACGGCATCCGGACTATCCTCTCCACGCAATGGCTCTAATGGATTGCCGTTTGAGCCCTCCACCGAAGCGTGGAAACAACGGAGCGAAATCCGGTATCGAGTTACCCCATGCTTGATCTGCATCGCCTCATCGGACAAACAAACAGATGCGCCAAAGCGGTCTGAAAACTGTCGGGACGCGGAGGTCATCAGTTCGTCTTCGCTTTGAGCACTCGTCACATCGAATCTTGGGAAGTCCCATAATCCAGCCCACCGCTCTCCTGCTTGACAGCGTCGCAGCAAATAACGGCAACCTTCGTCTCGGACCAGAAGCGCGACTTCCACTTTGTCTTCATAAACCTTCGATGGCTTTGGAGACGGTATCTCGGACTGCTCCGAGTGCGCATAGGTGGGACAGAGGCTTTGCAATGGGCATTCGTGACATAACGGGGCCTTCGGTGTGCAGACCTGCGAACCGAGCTCCATGACCGCTTGGTTTAGCCTGCCGCTCCCAGATCGCTCCGGCAGGATGTCGGACGCAAATTTCCAGAGATGGTTCTGAATCGTTCGCTCCGTGAGCTGCCCTCGCAGCCGAAGCAATCTCGCATAAAGCCTTTGAGTGTTTGCCTCCACGATGGGTGCTCGCATATCGTACGCGAACGAAGAGATAGCTCCCGCCGTGTAGCGTCCTATCCCGGGAAGCGCGAGGATCGCATCGTAGTCTCGAGGAAAGCAACCTTCCCATTGGTCCCGAATGACCTTAGAGGCAGCATGCAGTTGCTTTGCACGTCGGTAGTAGCCCAACCCAGCCCAGTGCAACAGAACCCGTTCCTCAGGAGCGTCCGCCAGGGCAGTCACTGTAGGAAAGGCGTCTAAGAATCGATGGAAATAGGGGATCACCGTCGCTACTTGCGTCTGTTGCAACATGATCTCGCTCACCCAAATCGCATATGGGTCGTGCGTTTCCCGCCAGGGGAGCGATCGCCCCTGTTTCGAGAACCAAACTTTCATTCGCTTGCGCAGTTGCTGTAGCTCTTCAGCCGTCCAAGTCTTCATGCTTGCGATCGATGTAACAACCGTAGGGCCTGTAACGCCTCTCTCGGTCGATTTGGTTTAAGAGTAAGAAAATTTCTCAAGCTCCCTCGAAACGGTGTTCTACGTTCTTCTTTGGAGCGAATGCCCAGTCCCATTCACTGTATGGTTCATGTCACGAGGAGTCCTACTATGGCGTCTTGGTTAGAGCGAACGCAAGAAGAATCGTATCTGAATCAATTGGACCGCATGTTGATCACGCGGCTCAAAAGAAATACCGAGGACGTCGACGCGATTTCACTCCGTCGCAATTCTCCAGAGGCTCCTCGATCCCTTTCTGGTCTCTCGAAGGAGATCAACGAAGAACTCGATCGACTCGAAAGCCTACTCAGCGAAGCAGACGCGGTCGAGGCCCATCAAGCCTAACTGCCTGACGAGCTGACTGCCAAAAGAGCTGGCTCCCAGCGACCAGTCCGGAACAGACCCTTGAGACGGATGCTCGCTCGCAGATTCCAGCCGACGATTCGAAACGCTCACTGAGAAGAAACAAACTACCTAGAAATCAACTACGCAGAAACTAGGTTGCGTAGAGCCCAGACTACTCAGAAGCCATCTTACGAAGAAGCCATCTTACGAAGAAGCCAAATTACGAAGAAGGCGGTGGAGTGAACTTGGGAGCGTCTGTCTGAAGACCCTCTTCATCCTCTTTCATGGCTGCCGGAATATATCGAGGTTCGACGGGATCAGCCGCTTCGAACTCTTTCTTAAAATCGTCGACACTGCGACGAAGGTTTCGATAAGTCCCTCCCAGGTTGCGGGCCACCTCCGGAAGTCTCGACCCAAACAACATCAACGCGACGATTCCCAGCATCACCATCTCGGAGCTGCCAATGCCACCGATGATCGCGAATGGAATTGAATTCATCCAACACCCCTCTGGAAATGGAACCACGCTATGTTCCATGAATTTATTGACAACCAACCACAAACTGCATCACCAACCGCTGCCCATTTGCACACTCCATTCGCCTGCGGAGTCAATCGACCCCACAGGGATTGAAATGCACTTGGCACCTTAGGCGGATGGCTTGGAAGCGGTATCGGAGGATGGCTCGGAATCATCGTCCCGCATCCCCTTCTTGAACTCGGTCGCACTGCGTCCCAAGTTTCTCATCAAAGTAGGAAGCTTCGCGCTACCGAACAGGAGCATCGCGACGACCAAAATGATCAAAAGTTCCTGAGTTCCGACCGAGGGTAGAAATGCGAGGGGGAACATATGCTGTTTCCAAAGGTGGGGGTGGGAATCAAGAAGATTTGATTCGACACCTTCATTTTAGGTGAACCCAGTCTGCTGTCAAACGCCCGCTACACCTTCCGCCGAACTAAAGGCGATTTAACGCACCTTAGACACCATGTGATGCAATCCATCGAGCGCAACGATCACTACTGGGCTCCCTCGCTCCGCAAAAAAATGTTGGGGAGGATCGTCGCCTGCATTAGAATCGCGACCTTTCCCCCTTTGCACCCTTCTTTTGTACGGTTCAGCATGAGAACAAGCTCCCGCATCTGGCACCAATTATTTCCCATGGCTTCCATCGGACTCTTGATCGGTTGCATTCTCTCTACCGCGGTGGGGCAGTCGCCGTCGTACCCGATCGCCGGAACGAAGGGTATCACCTTCGACCCCATCAACGACTGGCCGTGGTGGCGAGGTCCCAACCGGGATGGCTCGTCCCTTGGAGCTCCTGCGCCGGACACGCTCGATGAATCGAAGAACCTGGTTTGGAAAACGCCCGTTCCAGGTCGCGGTCATTCGTCACCCATCGTCGTTGGCAAACGGGTGTTCCTGCTTAGCGCGGATAACGCGAAGCAAGTGCACTTTGTCATGGCCTTTGACCGCGACACTGGAAAAGAGTTATGGAAACGAGAACTGAACCAAGGGGGCTTTCCTGCCAAGAATCACCCCAAGAACACAGAAGCTAGTCCCACACTCGCTTGCGACGGAAACCATCTGTTCTCCGCACTATTCCATCACGAAGCGGTGTGGGGAACCGCGATCGATCTGGACGGCAAGCTGGTGTGGGAAACGAAGCTCGGTGCATTCAATCCAAAGCAATACGAGTACGGTTACGCCCCCTCTCCCGTCCTATACAACGACTCCGTATTGTTCACGTACGAGTACGACGGCCCATCGGCCATTGTCGCACTGGAAAGAATCTCCGGAGTCGAACGATGGCGAACCGATCGCCCTCAATCCACCTCGTTTTCGACCCCGGTAGTCATGTCCCATGGCGATCAAGACTACTTGCTCATCAGCGGTATCGACAAGGTGAGCGCGTACGATCCAGCCAATGGAAAGCTGCGGTGGGAGACGAAAGGAACCACCATGGCAACCTGCGGAACCATGGTCT
NZ_CP011272.1_gap21	623801	628714	4913	TACGACCAAAATAACGGCGCGTGTAGGCGATTGCCGCATTGTGGTACGAACGGCCTAATTCGTCTTGATCGTCCAAATAGGCATAGTCCATCTCGATATAGCCATCGTAGGCCTCCACAAACCATGCCGTACCGAATACGGCAGCGGCGCTGTTGTCGTTCTGAAAGGCAGGACTGGTGACTTGATTGAACCCAGCAAAGAATGTGGCGTCGAAGTTCGACCAATTCAGCGCCCGGGAGTGTCGCCAAGGAAGTGCGACGGCGACCCCTGCGATAGCATCTTCCATCCAGATCCCATTTTGAAACAGGAGCGGGACAAGCCCTACAGTAAATGGCAAATCAAAAGGCGCATCGTCGCCTATGATTCCACCTGTGATCGCTCCCAAATCCCCTTCAAAGAACGCCGTGTCGGGCTGGAAGTCAAGTTCCTCCTCGAACTCGATATCTCCATTGCTGAAATCCAAACGGGTAAACCGACCATTATGATCAAGCGGCCCCGTGAACATATGAAATCGCTCGGTCCCCGTGAACCGAAGATCCATGTCCAAGTTCAATCGGTGGGCCCAGTTTTGAACGTCTTGCCCCCCTACCCGGTGCGCCCCAACGCCCGTCCGGTAGTCGCCGTAGACCAAGAAGGACGGAGTCAGCAGATTGACATCGCTGAAGACTTCCTTCCCAGGGTCATACATGCCGCCCGTATAAAATGGCCTCCACCACTCCACCCAAGGCCTCTGGGTTTCCACGAGCGACTTTCCGTAATACGTCTCAATTTCGCGTCCAGGATCCAACGGCTGCGGGACATGCCGATTGGGAGTGAAGTCCCAAGCCTGATAAGGAACAGCGTTCGCACGCTGCGACATCGTCGCCACCCGTTGTTCAGGCAATGTGAACAGCATGGGCTCGTCGAGTCTCGGAATGCTTGCCGGCACCGGTTTCGCGTCGCCCTCTTCGAGCAGTTCCCCTTCCTGCAAATTGCTTGGGGCTCCGACCAATGATGTGTCGGAACCATTCAACAAAGAGGGAAACGAGGCACTCGGCAACGAATTCGAATCCTTTGATTTCCACGGCAGCGTCTGACCAGAAGGTGGCTTGATCGGAAGATCCGTTTGTATCGATCCATAAGGATCCGCGGCAGAGTTCTGCGCCGTGGCCGGTGTTGACGCAATAGCCCAGGCTAGACCTGCGACAATCCAAGACCGCATTGCACCGCAGGAAATACTTCGGTGCATCTCTGCGATTTTATGTTGAATCGATAGTGGTGGCACGTTGGGATCCTCGTTCCTTTACCGGATGGTGAATTCCGTGGAATAAGGATGTACGTCCAAGATGGCCTCGTTGAGCGACGTGAGCATATCGGGCGTTCCATCGCAAAAGAGCAAGAAGTAGGGAGGTTCCACACGGCTTCGCAGGCGAACGCTCAAACGATAGGTACCTTTTTGCGTGAGCAGGTCCGCTGGCACCGAGTATTTGGCGGTTCGCGAGTCAAGCGGTGGAATGCTATGCGCTTCCATCCGAATAAACGGTGGGTGATTGAGAACCGTGTATGGAACCGTGCCGGGCCGAAAGAATGGCAACGGATCGATGTCCACATTGACCGGCAAATACATCTCGCGTTCGGTCCCTTTGATATTGGTGATCAGGAACTTGGTTTGGAAGTTCTTGAGCTGGGGATCGCGTGGAATACGTCCCGCCCGAACATCCAGAGAATGGAGATCGCGGAGATCGCCGTTGCTATCGAGGTCACCTGATTCCCAGATCCTGTTTCCTTGAGGACCGATCAAGACCACATTGAGCCAAAGTTGAGGTTGTGCACCGAGGGAGCCGCTCGGCATGTTGTGGCCTTCGCTTGTATTGCACACTACGTAATGGAAGTCGAGACTTTTACCTGCCATGGGTGACCCGCTGAAGAAGGGTCCATTGATTTGCGATCCATTCTCCAGGATCTCCACTGCCGTCTGTCGCTTGTAGTCGAGAAGCTTTTGGTTCTCGTCGATGACTTTGCGAGCATCAATGCGTTCCTGCGCCAATTTCCAAGCATCGGGGAAAGCGTAGGATGAAGGATTGCGCGCGACCCACTCCTCAAAGTCCTTGGTCCCCCAGCCTTGGCGATGATCAAATTGCAACCATTGATCTGGTTTCCAACGAAACGATTTCTCGTTGTGCGGGAACAGGCCTGGATGGGCTAAGGGATAGGCGGGGCCATAGAAAACGTGGTTCGCATGCTTACGCTGCGGATGAATTGTTTTCTTGTCGACTTCTGCAGCCGGGCCGTAGGTATACCCCATCGCTTTACCAGGGACTGCACCCATGTGGCAGTCCTGGCAAGAAACACCTTTTTTGCACGCGGGTCCTTGTCGGTACTGCTGGTAAACAATTTCCAGACCGATACCGGGTTGCACGACGACTTGGTGGCAGCCAGCGCAGAACGAGCTATCGGAGAGTTGTTCAAACTGAATCGCCCCATTGTGAATGGGTTGGAGCGATCGCTTGTCCTCGAGGGTCGTTTTGACTTTGAAATGGTCCTTGTCTGCGATGACTGCTTGCACTCCGTCTCCACCGAGATTTCCGACAACGGGGTCGACCTCGCTCCCGGTTTCAATTCGTCGTTCACCGTTGACTCGTCCGTAGCGTTCGACGACGCGGTGGCATGCGATGCAGGTGATTCCTTCACGAAAGACGGCAGGGCCATCGAAGATTGCCGCATCGCGTGGGAAATCGGTTTGGGTTGCGACGGGCGCGTGACAGCGAAGGCAAAACGTACCTGAAGTCCCGCGGGTCAGTTCTGCAACTTTCTGTTCAAACCGCGTGAACATGGGCGAAACCGCCGCATAGGCGTGTCCGCTCACACGCCACTCGTCGTAGATCTTCTGGTGGCATTTGGCGCACTGGATGGCAGAGGGGTAACGTTCTTTGGCGAAGATTTCCCAGTGAGGATCCACTCCGTCCGGTGTGTTCGGTGCGCTGCCGGCGGACTGAGCCCGTTCCATCTCTTGTTTGGCATCGGGACCAAGACCTGATAGCGGGTCCGCGTCGGCCTGTGGAGTCGGAGTCACGAGCAAATCGTCGTCTTGCCCCGTTGAATACGAAATGCTTCGGGCCCCGATCGAGTGGGCCCCGATCGAGTGGGGTGCGATCGAGTGGGGTGCGACCATCGTCCCCGAGGGGTGAATGGGCGTTTGGCCGACCGCCGTCGCTTGGCCAAACGTTGGCGGAGCAAACGTTGGCGGAGCAAAAGTAGGTGGTGCAAAAGTAGGTGGAGCAAACGGCGAGGACTGCGGTGCCGGAGTTTGAACGATCATAGCGGGCCCCGAGGCTTTTGCAGGATCTTTTCGCTGTTCCAGCCATTTCCTCAGGACCTGTTCGTCGGCGGTCCAAGCGTTCCTGTCTGGCGAAGTACAAATCCCAGGCACTTGTGCCCAGCTGCACGATGCGAGCTGCCAAGCCAGCAACAAGGCGAATGGAACAGTTCGAAGGGGCAGGGGCATTGCGGTCATCGGCTATCCGGGAGGTCGAAGGGGCACACGATCCGTTCAATTCGATCGACCGCCAAACCCGTTATCCACAGAATTCCTACTACATGAAGCACGACAGGAAAAAGCGACAGGGGTCCCTCAACTACCCCAAGTTCTATATCCGGCAAAGCTTTCCAATCAAAGCAGGAAAATTCACCTGTTTTTGTCCCGAAGCTACGTCCTCGCGTGCTGGGAAACCCAAGGTTAGGAGGACGGTTGCAGGTTTCACTGCTTGAATCGAGTTGCCTTATGGAGCTTTACCATGATCGATCATTCGCCTGCTTATCGATGCAAGATTGCGGACACGCAATCGGGTGCATGGCTCAAGCTAGGTTCGAGGAAGAAGCCTGTTCAGGTGGTGGAGCAGAGCCGCGACATGTTTACGGTTCGCGTATCACGATCCCTCGCACAAAAAGTAAGAGTAGGCGGCGAGTTTCGATTTTTCTATCAAGACATGTTGTGGTCGGTATTGTGCAAGCACAAATGGATCAGCCAGAACGAACTTGTTGACTTGGAATTTGAACCGCTTCGAGAATTGACGGCGCCCAAGATTCAAAAGGATGGATGGTTCGGCCGATCGACGCCGCTCGCCTCGACGACCCCCTTGGACGGGACGCTTGCCGTCGTCTTTTTGGGGACGATTCTGCTTTCGATCTTGATCATGCCCGCTTGGGGAGGTCAGTGGGGTACCTCCAAATTGATTTGCGATGCCGTCACCTCGGTCTGGAAGGCACTCGCGAGTCTTGTTACCGGGCAGGCCCCCTACTGAGGGCTCCTGTACGGAGCTGGACGATTGGAAAATGGGCTCTTGGAAAGTCCGACCCTATCGACTAAGGTTTGCCAGACTTCCCGGTGGAGAGTTGGCTGGCGATCCACTCCTCCAGTTCGTTCCAATCGACGGGTGGTAGTTTGTTGAGATCCGGGCGAAGTGCGATCGCGTCATGAATATAAACGTGGTGGATTTCCTTTTGGGACTTCGACGTGTTCCAATGCAATAGAATTCGGACGCATGCCCCGAGCGAACCGGGAACGTCGACTTCGTACCCGCATAGAAGGGGGATATCGATCCAGCCCATTTGCCTCGCCGCGAGGGCGGGAAACTCTGCATTGAGGTCTCGAGTGACGGTAAAAATTGCGCTCGCTACGTCTTCTTGGGCAATTTCGTTTCGGCGAATCATGAGTGCCAGCAACTGACGCGTTCCTTTGAGAATCGCTTCTTTGGAGTTGCTCTCGACAGTCGTTGCCCCGCGTACGCCGCGACAAAGCTTGCCCCCGTCCATCCGTTTGTCCTTTTCAAATCCCTGCAATTGACGAAAATTCAATCTCGTCAAAGTACAACCTTTCAGTCGCCCTGCAAAGTCAACTTGCCATGCAAATCGACGAAACTACGCAATCCGGTCCG
NZ_CP011272.1_gap22	635629	637719	2090	CACCGAAGCTTTTTCCGGTCTGCTCTTTGAGAGCGAGATACGCAGCGTATTGAGCCCCGGGTTGCTTCGAGTCCAATTGTTTGGCGAGGAAGCTTTTCACATCCTCGGTTTTATGATTTCCCAACGACTCCGCCGCCATGTTTCGCACCACATCGCTCTTATCCGATGCAGCCATGGACAAGAGAGCTTGGGTGGCAATCGGATCACTGCTATTTCGAAGCGCCTTGGCGACCTCGAGCCGAACCTTGCTTTCTTTGTCCTTCGATAGTTCCGTCACGACCATCATAGCGTCTGGCCGTTCCAGCACTTCAGACAACACCAGAACGATGTGCCGACGAATATCGGGGCTGGTTTCCGCTTTGGCTGTATTGGCTAGGAGCTCGATATATCGGCGCTGCTCTTCGACCGGGTATTTTGCTATCGCCGTACGAAGCAGCTGGAACTCTTCCACCCGTTGATGGTAGACCGGCCGCCGAGCGCGATCCTTTCTCCATTGATCCTGAATGACCGGGTTCAGCTTCTTAAGTTCGTAAAACGGGCCGTCGGTACATCCGATGATCGCGAGCAATAAGCCGCTCGCGATGGCGGAGGAAACCCGTTTTCGTTGGGAAGCTAAGAATTCCACGTACGCAAGCCCCGTGGGGAGATGGGAAACAAACCGTTTGATCGCGGACATTAGCAAACCTCAATCGCTCGAATCCAGGGCAATTGCTCAGGAGCGATCCAAACAGGCAACTTTTATGAGACCTGTTGCGAAAGCCGCAGGGTTGGAGGACAATTTTGCGTTAACGCGTCATTAGTGGTTTGGGATTTTCCCCTTCTCCAGATACCCTAATCGATGCAGATTGAGGGGTTGGCCGTTGGTCTATCCGATTTCCGCCGGCCTTTTCCTCCGCCACCTCGCAGTCCCTTCCCGAACCCCGAGCCCTCCCAATAGAGTCCTGTGTACGATGCGAATACGAATCCCCGCTTTTGTCCTGTCGGTTGTCGCAACCCTTTGCATTCACACCGCGGGCCTTCGTTCAGCAGGCTATGCTCAAGACGGTAAGAAGCATGTGGTCTTCATCGCCGGCCGTCAGAGCCATGACTACGGGTCGCATGAGCATTTTGCAGGTTCCAAGATTCTCGCGGAGGTGGTCGAGAACTCGGATTCCAATGTCCGCTGTACCGTCATGCGAAACGGTTGGCCTGAAGACGACAGGTTGCTCGATCAAGCCGACGCCATTGTGATCTACTCCGATGGCGGGGGCGGACATCCCTCTTTGCCGCACCTGCCGCGGCTTCAAAAGCAGATGGAACGGGGAGCGGGGTTCGTCTGTATTCATTATGCAGTCGAGGTTCCCAAGGATCGCGGCGGGCCCGAGTTTCTCAAGTGGCTGGGTGGGTATTTTGAAACGAACTGGTCTGTGAATCCCCATTGGGATGCGAAGTTCGACACGTTACCCAAGCATCCGATCACCACAGGAGTGAAGCCTTTCGAAACCCGAGATGAATGGTACTTCCACATGCGATTCCCCGAGGGCATGAAGGGAGTCACACCGATCCTTTCCGCCGTTGCTCCCGAGCACACCATGTCGAGGCCCGATGGTCCTCACAGCGGAAATCCAGACGTCCGCAAAGAGGTCGCGATGAAAGTGCCGCAGCATGTCGCGTGGGCTACAGAGCGTCCCGATGGCGGTCGTTCGTTCGGGTTCACCGGCGGACATTTCCACTGGAATTGGGGCCGCACCGAACAGACCAAACTGGTTGCCAACGCCATTCTCTGGACGGCAAAAGCAAAGATCCCTGATGAGGGGGCGGTGGTTGCACCGAAGTCGGTGGAGCAACTCAAAGAGAATCAGGACGAGACGGTTCCGGGAGGCTTCGATCCGAAAAAGATCGCGGAATCATTTCGATTGACGTCCGCACCGGTTGCTGGATCCGACAAGGCTTCGGTCGCAAAGCTTCTCTTCTCAACGGATACCTTGACCAGCAAAACACCTGGACATCGCGTCGATGCAGCGGTCGACATTCGAGGCGTCAAAAAGCTTTATTTGATCGTGTCATCGGGACGCGATGGAATGGCATGCGACTGGTCGAACTGGGTGGAA
NZ_CP011272.1_gap23	642385	646143	3758	TTTGTCGGTTCTGATCGCAGTGAGAATGAAGATTTGATTCCCCCAAACGATAGGGGTCGAGCTCCCCATGCCATCGAGGGGGGTTTTCCAAGCGATGTTCTTGTCACGCCCCCAGGACGTAGGAGGTGTGGCATCGAGGGATGCACCATTTCCGAGCGGTCCGCGCCAATTGGGCCAATCTCGCTCTTCCCCGATCGAGCTTGGCGAGAAAGGGGTCATGACCAGGTAGGCGAGGCTCGAAAGGAGGGCGACTCGGACTTTTGACCGAAGTTTTGTGTTCATGAATGTTTCCTGCATGAGCTGTTCCTCGTCAAATCAGGGAAGTGGAGGTACGATACGGATTCAGAAGTCTATGAAAACCCAGGAATGTTGAAAAAGTTCTACCGAGAGTTGGGATGAATCGTTACGAATACGATGTAATCGTTGTGGGTGCAGGGCATGCCGGAACCGAGGCAGCTGCGGCGGCTGCACGCCTCGGAGCACGCGTGGTTCTGCTGACGGGGAATTTGGACACCGTCGGGCAAATGAGTTGCAACCCTGCCATCGGCGGTGTGGCTAAAGGACAGATTGTACGGGAGATCGATGCCCTCGGGGGATTGATGGGATCCGCCATCGATAAGACCGGCATCCAGTTCCGATTGCTGAACAGTCGCAAGGGTCCGGCGATGCACTCCCCGCGCGCGCAGGCTGACAAGAAAGCCTACCAGTTCGAAATCAAACGGGTGATTGAGGAGACGTCCGGTCTGGATTTGCGACAGGAACTGGTCGAAGAGCTTCTGACAGAAGATTCAGCCTCGGGTACAAACGGCAACCGACGTATCTTGGGTGTCCGAGTTCGAGGAGACGCTTTCTATTATGCTCGGTCGGTCGTTCTCACCACCGGGACATTTTTACAAGCCATAATGCACACAGGAGAAGCGAAGACTCCCGGAGGCCGAGCCGGTGAAGGAACGACGTCGGGTATCAGTCATACCCTCGCATCGCTTGGTTTCCGGATCGAGCGATTCAAAACGGGAACGCCCGCTCGATTGAACAGCCGCACCATCGACTACTCCAAGACGGAGATTCAACCAGGCGATGAATCCCCCCAACCCTTTTCGTATCTGACAGAAAGCCTCCCTGAACCCCAGGTCCCATGCTGGATTACTTACACCAACCATGAAGTGCATGAGCTCATCCGAGCTAATCTCCATCGAGCGCCGATGTATTCGGGGCAGATCCAGTCAACGGGCCCGCGCTACTGTCCCTCCATCGAAGACAAAGTAGTGCGATTCGCCGATCGAGACCGCCACCAATTATTCCTAGAGCCCGAAGGCAGGAATACGTGCGAAGTCTACGTGAACGGCATCTCAACGTCGCTACCCCGAGATGTTCAAGACAAAATGTTGCGCATGATTCCAGGCTTGGAGAAAGCTCAGATCATGCGATATGGATACGCGGTGGAGTACGACTTTTGCCCACCGGATCAGCTCAATCCTTGGCTAGAAACCAAGGCGGTCGAAGGTCTTTTCTTCGCGGGTCAGCTCAACGGAACGACGGGATACGAAGAAGCGGCCGCACAAGGGTTGATCGCTGGGGCCAGCGCGGCTCTTCGCACGCAGGGAAAGGACGGATTCACCATCACTCGAGATGCCGCCTATATGGGTGTATTGGTAGATGATTTGGTGACCTGCGGTGTCGATGAGCCTTATCGCATGTTCACGAGCCGCGCGGAATATCGGATGATGCTTCGGCAAGACAACGCAGATCGAAGACTGACGGAGTTGGGGTACCAGATCGGTTTGGTCGACGAAATGCGCTACACCGTTTATCAGAAAAAGCTCGCGGACATTCAGCGTGCGAATGAAGCTGTGCGCAGCCTCCGGATCGGAGACGTTCCTGGCGATAAGTACTTGCGACGTCCCGAGGTGACTTGGTCCGACATGGTCGAGCAGTTTCCAGAAACCCTGGGGGACTTCTCGAAAGAAATTGCCGAGCAAGTCGAGAATGACATCAAGTACTCCGGATACATCGCTCGCCAGCAAGTGCAGGTCGAACGTCAAAACCGGATGGCGGATAAAGCGATCCCCGTGGACTTCAACTACGAAGCAATAATCAGCTTGAGAGCGGAAGCGAGACAAAAGCTATGTCGGATTCGCCCGATCAACCTCGACCAGGCGAGTCGGATCAGCGGAATCACCCCCGCGGATATCAGTTTGGTGTTGGCTTACATTGAAAACCCCAAACTCCGCGGGCGTGCGAATAGCAACGCGGAATCTTTTCCGACGGACGCTTGAGTATTGCATCATGAATCCGAAGGAATCGACTGGGGACTCATCGCACGGCAAACATGCAATCGTCATCGGCGCTGGGATTGCCGGTTTGACCGCGGCGAGGAAATTGCATCGTGCAGGTTGGCGCGTGAGTATCCTCGAAGCTCGCGATAGGATTGGCGGCCGAATCCAAACCGATGCGATAGACGGATTCCTTCTAGACCATGGCTTCCAAGTCTACTTGACCGCTTACGAAACAGCCGGACAGGAGTTGGACCTGTCGAGTTTAAGATTGCGATGTTTACCCGCTGGAGCATGGATTCAGCTGGGAGGCAAGCGGTATCGTGTCGGCGATCCACTTCGTTGCTCGATGGGGGCGATCGTACGGGATTGCATCTCCACCGCGTTGGCGCCGATCGGTGGACTGCGGGACAAACTGCAGATGCTCCGGTACAGAAGCTTGATGCAAAACCAGTCGAATCTCGACATCAGCCATGACGCGAGGGTCCCAGCGAGGGATCGGTTGCGCCAATTGGGCTTCTCCGATCGAATCATCCATAGCTTTTTCAAACCTTTCTTCGGCGGGATATTCTTGGAGCCCGAATTGGCGGTTTCGTCCGATAGGATGGACTTCGTATTCAGGACATTTTCATTGGGATTTGCTGCATTACCGCAACAGGGAATGGGTGCCATTCCTGAGTCGATCGCGCAAGACCTCCCCTCCGGTTCCCTGCACACGAACACGACGGTGCAGCATGTTGAAAAGGGACGCGTCACACTTTGCGATGGTACGAAGCTAGAGGGGGATGCTGTTCTCGTTGCAGTAGAGCAACCCGCTGCCGATCGACTGCTCGGGCTACAATCCTCGTGCCACTTCCCTCCCCGTTCGACATGCACCCTTTACTATGCGGTCGAGAGACCTCCGTTGCACGATTCCATGTTGCTGCTCAACGGCGACGGCGTTGGTCCTGTGAATCATTTGTCCTTTGTAAGTTTCGCGCAGCCATCCTATGCACCGAAAGGCCTGTCGCTGGTCAGTGTGAACACGATCGGCAACGCGGAAGAATTCGACATGCCGCTGGAAACATCGGTACGAGAACAACTCACCGATTGGTTTGGATCGTCGGTGGCGACGTGGCGGCATCTCCGAACCTACCGTATCCCCTACGCGCTGCCGAATCAGACCCGCGAAGCGATAGATGAGACTCCGGATCCGCTCGTCTCGGATGGGATTTATCGATGTGGAGATTACTGCGTAAGCGGTAGCATCGAAGGTGCTGTGCAAAGCGGTCTGCGAGCGGCAACCAAGATACTTGCCCTCTAACTATTTGCTATGCAACCACTACCGATCGATTCCTATCTGCATGAGATCCTCGACGCCGTGCGCGGCCATCCAATCGTCGTGGTCGAAGCTCCTCCGGGTTCGGGGAAAACGACGCGAGTTGCGCCATCGCTTCTCGAGATGATTTCTCAATCGGGAACTAGTGGGCGGATCTATCTGCTGCA
NZ_CP011272.1_gap24	650706	651886	1180	TGTACACGAAGACCACAACGATGATAAATATGTACACCGCTGTGTTTCCGCTCTTGGCTTCATCGTAGGACAAGCCTTGCCAGTCGATTGCGTAACCGCGAGGAAGGGTTTCCGCCGCGACTTCTCGAATGGCAGCAATAGCTTGCCCGCTACTGTAGCCGGCCGCCGGAGAACCTTGAATCGGTGCCGACGGATAAAGGTTGTATCGACTGATTTCATTGAGGCCTTGCTTCTTTTTCAGTCGCATAAAGGCCGAGTAGGGAACCATTTCCCCTTGGTCGTTCTTCACAAACATGTTTGCGAAGTCTTCGGGGTAGCGTCGAAACTCTGGCGCCGCTTGCACATACACCTTGTAGAATTGGCCGAAGCGAACGAATCCTTGCTCCCACGTGCTGCCGATCACGATCGACAGGTTATTCATTGCCTCCCCGATCGATACCCCTTTTTGCATCGCGATATCATTGTCGATGATGATCTCGTACTGGGGATAGTTTCCTGCGAAGAAGGTAAAGAGACCTTTTAATTCCTTTCTCTTCGCGAGGGCCGCCATGAATTTGTCGGTGACCCCCCCGAGAGCTTCATAGTCTCCCGAATTCGTCTTATCGAGCAGATTCAAGGCAAATCCCCCCGCTGCACCAAACCCTGGAACGGCCGGTGGTTCGAAGAACTCCAATTTGATATTAGAAATCTCTCGTCCTTTTTCCTCCAAAGCCTCAATGATCTGTTTCGAAGTTCTCTTTCGGTCCGCCCACGACTTCAAGTTGATAATACACGTACCCGCGTTCGATCCACGACCTTCCGTGAGCACTTCATAGCCTGCAAGCGAGGAGACCGACGAGATTTCATCCAACTCTTCGCAGATTGCTTGTAGTTCCCTCGCTTTGGAATTGGTGTACTCCAAGGTCGAGCCGGGAGGCGTTTGGATCACCCCATAAATGATGCCTTGATCCTCCAGCGGGATGAACCCGGATGGAAGAACATGATTCACCATATAAATACCTATGGAAAAGGCGGTGATCACCAGCATGGTCAAGGTCCGAAACGTGACGATTCTCCGGAGAATCGCAGCATAGGCATTGGTGATGCCTTCGATGATCTGATTGATTCCCGCGATGAAGATGGCCATCGGACCGAGAGCAATTTTCTCAGCGGGGCGTCCGCGTGACATAACAGATCGAAT
NZ_CP011272.1_gap25	740797	744499	3702	GCGGATCCGCGAAGCGGAGCGTGAGGCGATCAGCGTATGCATCCCCGCGCGAAACGAAGAACGCAGTATTGCCAATTCGCTTGAATCGATCCTCCAGTCGACTCACCCTACCTACGAAGTTTTGGTACTGGACGACCATTCAGAAGATCGCACCCGCGAAATTGTGGAATCCTATTCCAAACAGAGTGAGCGTGTGCGTCTGGTGACTTCGAATCCATTGCCGCCTGGATGGAACGGAAAACAGCATGCGTGCTGGCAATTGGCACAGCAGGCGAAGCATCCAACACTCCTGTTTCTGGACGCAGATGTGCGGCTCGCTCCCGATGCACTGACGCGTTGCATCGCGGAACAACAACTTCGGGGGGCTCCTCTCATTAGCGGCTTTCCGTTGCAAGAAACCGGCACGCTTGCAGAGAAAACTCTCATTCCGATGATGCACTACGTGCTGCTATGCTACTTGCCTCTCGATCGCATGCGGTCGACGACCAAGCCCGAGTTTGCGGCCGGCTGCGGACAGCTATTCGTCGCCCAGCGAGAGCCTTACTTCACGTGCGGTGGCCATCAGGCGATTCAGCAATCTCGTCACGATGGCATTCAATTGCCTAGGGCATTTCGCCGCCACGGATTCCGAACGGACCTGTTCGATGGGACAGACATTGCTCGTTGCCGAATGTATGAAACGACATTACAAGTAATGAGAGGCTTGCTCAAAAATGCAACCGAAGGAATCGCGAATCCAAAGCTCATCGTTCCGTTCACGATTTTGCTTGTCGGCGGCAACTTGCTCCCAATTGGGCTGCTCGTCTCTGCACGGTATGGCAAATCAAGTATCTTCGTTCTAGTGTTGCTCGGGGCATTGGTCCTCATGACATGGATTCCCAGGGTCCTAGCTGCGATTCGATTCCGTCAATCGATTGGCGGTGCGCTCCTTCACCCCATTGCAATAGCGATCTTCATCTCTCTTCAGTGGATCGCTTTGATCCAGAGACAGCTGGGGGCTCAAGTCACTTGGAGAGGAAGGATCTAAGCACGATCCTGCGCTCGTGACCTATGTGTCCGATTTGAGTGCGTTTCGAAGTGTGTCCATCGTTGCTCTTTGGCGAGACTCGACAAACTCTTTGGCCTTCGTCACGTTTTGCAAGGCCCATTCGCGATCTTGAACCATGCGAAGCGCCGCAGGTGCGACTTGGCGTCGTTCTGCTTCCACATCGAGATCGAATAGCCAATCGCCAAGCCCAATGTCTTGCCACATGAAGCCCTTCGTGGTCTGCTCAGCCCAGCGGCAGACGATGGCAGGGACGCCGTTTCCGACGCACATAATCGGAGAATGCATTTCATTTCCAAAAAGTCCAAGGCTCATGCGATAGGTTGATAATGCTTCGTCGGTGAGCCAATACTCCTTTCGATGAACAACCCGCGACTGCAAGTTTGCACGGAGTTTGTCCCACAGTAACTCCTTTCCGACTGCCATCTGCGTTTGGTCCTCCGGGCACAGCAGAATCTTGTAGGGTGTATTGGCCAGGATCTGCTGAATTGCTTCGAGAAGGGGAGCGTGATCCTGGGCTTTCATCGCTTCATTTCTCGCATGTTTCACAGGGTCGAGGGGGCGATTCTTGGATTCAATCAACCAATACGGGGTGTATCGCAATCGCGGAATACAGCAAACGAATTCGAAGGGTCGAAGGTCATGTTCGGCAAGAAACTTTTTCGCTCGATCATCGTTTGCAAGATCGGTTGCAAAAGCACCATCGGGCGCAAACTCCATGACAGGGCAAGTGCACCCTGCGACCTTGGCAAGCGCTAGCGATCGGGAGTCGCGGAAATACGCGAATTGCGCCTGGCTGAGAAGAGAAACGGTTTTTTGAAATCGTTCGTCGGGTATCTCCTTGGTATCGGTCGAGCCGATGCGAGAAAGGGTGATCCCATAAACTCCAAACGGCTTCCCTGTTTGTTCCACCCAAGTTCGCACATCTTTTTCTGCGACTAACGATGGGCCTGACCCGTGCAACAAAAAATCGCAGCGTCCCATCGCTTCCGATATCTCCGACTTTGTACGAACGAGCTTGAGATTGGGAAAACGGTTCATAAGGAGGGACTCGACACCGTCAGCCAGGCTGCTGGGCCATAGTGTCACCTCCGCATTGGGGAGATGCTTTTCCAAGAGCGCCAAGACACCGGGAGTGTGAGCGATATCGCCAATATTGACGGTTTGCCACGATGACCTTAGCAGTACTTTGGGGAACTTTGACGACTCTTGGCTAATGGCGGAGCACCATGGGCGCAAGGCGATCGCAGTGGCTCCAATTCCGGCAAGGATCCGACGTCTTGGCAGCTGCGTATTAGAGAGAGGCATGACTGGGCTCACGTGGCAAAGGAATTAAAACCGGTACAAACATCCATGTTTTGAAGATCGTCAAGGTTCTTTTGAAGTATCCATTCTACCCCGTCGATTCCATTAACAAAGCGCGGTTATTTAATTCAGGACACCCCAATTTTATTTTTACGTAGTGTCCCAGGCACGACCATCGGGATGGACGCTGAAAATGACCGACAATTTCATTGATGGCAAACCGACCCAGAAACGCATGGAGGATCACCTATGGATCCTCCTCTTCGGCGTAACCATTTTTCTGGGTGCGTTTCTGCTCTTTCAGGTCCAGCCTGTGATCGGCAAACTGATTTTGCCTTGGTTCGGCGGCAGTCCTGGCGTCTGGACCACTTGCATGCTCGTCTTTCAGTGCTTGCTATTCGCAGGTTACACCTATGCGCATTTCCTGGTCGCACATCTGCGCTTGAAGGCACAAGTTATCTTGCACTGCGGATTGCTTCTCGTCGCGGTAACGATGCTACCCATTGCACCCGCAGAAACATGGAAGCCACATAGTGGCGAATCCCCGCAGTGGAACATTATCGTTTTGCTCCTCGCCCATGTCGGCGCACCTTACTTCTTATTATCGGCGACCGGCCCGCTGCTTCAAAGCTGGCTGGCCCAAAGTCGCTTGATCGATAAACCGTATCGACTCTATTCACTATCTAATATCGGGTCGATGTTGGCATTGCTGAGCTTTCCGTTCGGCGTCGAGATTTGGATGAGTTCGAGCGAGCAAGCAACGGTTTGGAGTGCCGCTTTTATTATTTATGGATTGCTATGCGGGTTGGGAGCATTCGGGATCGGATTCCTCGCCAAACATCATTCGCCTTCCACGAGGGAAGTTAGCGAGGGCAACTCAGAGGGTACGTTGACGATCCTACCACGCGAGCATGAAGCAAAAGATACGCGATGGATCTCGTGGTTGCTATATGCCATGCTTCCTTCGATGATGTTGCTGGCAACCACCAATCAAGTGTGTCAAGATACGGCTGTCATTCCCTTTCTTTGGATTGCTCCGCTCGCGTTTTACCTGCTCTCATTCATCCTGACATTCGAAAGCGAGAGATGGTACCTTCGGCGCCCGACGATACAACTGGCCGCCCTCTGCTACCTAGCATTGTATGGCCTCAAACTCATGGGTTGGAAGACTCACTTGGCCGTCGAAATCGGGCTGTACTTCGCTGGACTGTTCATGATCTGCATGGTTTGCCACGGGGAACTCTATCGATCCCGCCCGGGCACCAGTCGGCTAACCCACTTTTATCTCACCATCTCGCTCGGGGGAGCTTTGGGAGGAGTGTTCGTTGGGTTCATTGCCCCCCTCTTGTTCC
NZ_CP011272.1_gap26	807697	810130	2433	AAAAGATGGCCGAAATCCGTGGCTTGCTCAAATCCTTCCCCGACGTCCGTTTGTCGCTTCGAAACCTAACCTCCTTAAGGCAAGGTCCAAATGTGGACATCGATTTCACCATCACGGGTCCCGACGCGAAGGGATTGGCAACATTTAGCGAGAAGGTCCGTGCGGCGGTTATGAGCAATGTGGACGGCGTCGTCGATGTGGATACCACGTTGCGGTTGGACAAACCAGAAATGCTTGTGGATATCGACCGGGAACGCGCGGCCGCGATGGGAGTCTCCGTTCAAGAGATTGCGGATACGCTCCGAGTGGCAGTCGGCGGAGACGACCGGGTCTCCCGATACCGGGATGCCTCGGTAGATGATGCCTACGACGTCGAGCTCCGATTGGTGGGGGTCGATCGGCAAGACACCGATTCGATATCACAGTTGTACGTTCGAACGAATCCAGCGGCCGTGTCCATGATCAGCCGAGAGCCCAACGCTCCTTCGACAGAAGGTTCCACGCGGGTACCTCTGACCCGCATCGAGAACTTGGTGAATTTTCAGTTCGCGGATTCGCAAGCTCGGATCGACCGGTTGGATCGGCAGCGCATGGTAGCCATTCGCGCTAACCTGTCCCAAGGATACGCGTTGGCTGATCGAATCAATGCCATCAAGCGAGAGGCCGATGCGATTGGAGTTCCGCCTGGGTTCGAGACGCGCGTGATGGGGCGAGGGAGGGAACTCGATCGGACGCTGGGAGAATTCCGTTGGACGTTTTTGCTCAGTTTCGTCTTCATGTACATCGTGCTTGCAGCCCAGTTTGAGCATCTAGCCCATCCATTGACCATTCTCTTCACTCTACCGCTATCTGTTCCTTTCGGACTGATCAGTTTGTACTGGGGCAACGAGACGCTCAATGTGTACTCGGCGTTGGGAGTACTTGTTCTCTTTGGGGTGGTTAAGAAAGCGGCGATTCTGCAGATCGACTGCACGAACGCATTGAGACATAAAGGGATGGATCGTGAGTCGGCCATTCTCATCGCCAACCGCGATCGTTTGCGTCCGATTCTCATGACGACCATTTCATTTGTTGCCGGACTGCTACCATTGTTAATAGCGACAGGGCCTGGGGCGGAAGAACGTCGATCGATTGCTGTATTGGCAACTGGTGGGCAGACCCTTTCCCTGCTACTTACCCTGTTGGCAGTACCCGTTCTCTACAGTTATTTGGACGATTTAGATGGACCGTTTCGTAAGTGGTTTCGCAAAGGCAAGTCTTTGGACGTCGAAAATGCTCCGACGTCATTGCCAAACCCGGAGGCTTCGTCGCCGAATACAGGGGCATCATTGCAGAATGCAGGGTAGGTTGCTCACCGGCTCCCGATGGGCTGGCTAGAATAGCGGCACTTCCTTCGTTCCCCCATTGCGAGCCCCTCACGAATGATTCAAGCGAATCATCTTCATAAACAGTTTCTCGTTCGCGGGCAGCCATTGGTTGCCGTTCATGATGTGAGTTTTCATGTCGCCGCCGGGGAGGTCTACGGTCTGCTTGGTCCCAATGGAGCGGGAAAGACGACAACCCTGCGTATGGTGATGGGGCTCTTGGAACCTGATCGAGGGGAAGTTCGTATCGGAGAGCAGGATACGGCACTCGATCCCATTTCCCATCGCAACATGCTCGGTCTGATATCGACGAATGACGGCGTCTATCCCTGGCTGTCGGTCAAAGAGATGCTCCTTTACTTCGCAGATCTCTATGCGGTCGATCTAATTGTCGCCAAGGAGCGGATGAAGGAGCTGACGAGCCAACTCGGGATCGATTCGATTTTGGATCAACGCTGCAGCACTTTGAGTACCGGGCAAAAGCAACGCGTGATTCTGGCGAGGGGATTGATGCATGATCCCCCCGTCATGTTGCTGGATGAACCGACGCGGGGTTTGGACGTCGTGGGAAGTCAAACGATTTTTCGATTCATCGAATTGATCCGAAATCGGGGTAAAGCGGTCTTGCTCTCGACCCATAGGCTGGATGAAGCAGAACGTGTTTGCGATCGATTTGGACTGTTGCATCGAGGGAAGATGCAACACGAGGGTACGCTCGCCGACCTACAGCAAGCAACAGGGCACCAACACCTAACCGATATGTTTATCGAACTTATACAAGAAGCGAACGGCCAGCCCGATGGATGTTAGCACTTACCTCAGCGGCGGGCGGCTTCAGCGACTTTGTTTGAAGGAACTGCGAGAGAGTCTTCGCGATCGACGAACCGTGATGACTTTGGTCCTGATGCCGATTCTGGTCTATCCACTTCTGAGCATGGCATTGCAACGCCTCTTGATCGGAGCGGCCGGCAGTTCTCCAACGACTCCCTATGTCCTAGGGGTCTTGGATCCAGAACAGGGAAGAATGATCGAGGAGATCCTTAACGAGGGTTCGGCATTGGTCGAACAG
NZ_CP011272.1_gap27	899325	903432	4107	GCTTTCGAATGCTCGCTCCATCGGCCAACGCGCCGCGCAACTTTGTAGGCTTCCCCAAAAAGCGAATCGGTTGATAGAAAAGTTTGCCGAAAGATCCAATATTTCCGTTGCTGCGCCATTTTGTGGTTTAGAGTTCCTCGATGCGACCTGTCAGCCCCCTGGTCGGGATGATGCAACTAATAATTCCCATGACGCCATGAGCACCGATTCCTCACTCCTAGCCAGATCGATGCCGAATAATTCGATCCGCAATCTTCGCGCGGACGGCTCGTCGGTTTGGTTGCTTGAAGCAGTCGGAAAGAATTTGAGCGACACGCTCACTGTGATTTACCCGATCCCCTTCTCGATCGGACGGAAAGCAGGATGTAGTCTCCAGCTACAATCCAAAACGGTTTCTAGTCATCACGCCGATTTGACCATTCGGGACTCAATCCTCTATGTCGTAGATCGCCAGAGCACCAACGGCACTTATGTAAACGGAAACCGTGTTACTGGAATGATCGCGTTGAAGACGGACGATATTCTTCAATTCGCGGACGTCGCATTTCGGATCCGATGCAATGACCACGCAACCTCGTCCAACACAGTGGCGGAAGATGTTTGCGACCAAGCGCTCGCGCTAGTGCAATTCGATCGCATGATGGAAAAGAGGCTCGTGACGCCGTTCTTCCAGCCGATCGTGCATGTCGATGGCTCGGCCACCATCGGTTACGAAGTGCTCGCACGTAGCCGAATGTTTGGTCTTGAGACAAGTGCCGCGATGTTCGGCGCAGCTGCCAAACTCAACATGGAAGTGGAACTGAGTCAGATGCTCCGGTGGGAGGGCATTCGCGAGGGACTATCCCTTCCCAAGGGGAGTCAAATCTTCGTGAACACCCATCCCCTAGAGCTTGGACGCCCTGATCTTCTCGAGTCCATGACCAACGTTCGCAACATGACTCCAGATACCCCCATCACCTTGGAAGTGCACGAAGCAGCGATCACCAATCCGTCGCAAATGTTCGAACTACGCAGCGCGTTACGAGACCTGCAAATCCAGTTAGCCTACGATGATTTTGGTGCTGGCCAAACCCGCTTGTCGGAATTGGGGAATGCTGCCCCGGACGTGATGAAGTTTGATATGGGGCTGATTCGAGATATCGATAAAGGGCCCGTGGACCGGATCAAAGTGCTGAAATCGCTGGTGCACGTCGTTCGGGATCTCGGCGTCACGGCATTGGCCGAAGGGATCGAAACAGAGGCTGAGGCTCTCGTCTGCAAAGAGCTTGGCTTTCAGTTGGCGCAAGGTTACTATTTTGGCCGTCCCGCCCCTCCCAATCGCTTTACAGAACCACGCCTTTCTCCGATCTAGCTTGTTCTCCACAATCGATCGCGTATCTCCGCGCGGTTGACGATTCTCCGATGCGTTTCTCTTGCTAGGGACCAATGGGGATTTCGAGTTCGTTTTCAAGCCAATACTTGGCGTTCTTCACAACGTCGTCTGATTCATTCCCATCGTCCATCCGGGTGAATAGGCTGCAAAGCGGATAACTAGCCGCTAATTCTGTGTCAGCTTTTGGTATGTCCGCGACCCAACAAGGCTCGGACGAAGTGAACGGTATCTGCCAGCGCCTTTCCCACATACCCGTAATGGCTCGCTCCGTTGCTCTCCAATGTTTTGCAAGATATAGGATCTCTTTGCGCACCGGTGCATCGATTTGCAAACGTTCTCGGAAGATCAATCGTTTCTGTTCATCCCAGGAAAGGGGCTCGAGTACGTTGCCACAAACGTTGTGATGATGCCATGCGATGGAGTGTTTCCAGTTCCGATCGAGTAATTCCATCCCTGCGCTCCACCGTGGGTTGATTTCAAGAAGAACCCAGCGATCGTCGGCGGTTCGAAGGAAATCGGCGTTCCAGACGCCCAGCCAGCCCGATTCCTGTGTAACCCTTTCCGCGAAATTGTCTAATCGTTCCCATTCCTGGGGCTCCAATGCCATCGGCCCAGACGAACCTCGATAGATAAAGTCACTCCAAGGATGTGGATGAAGAGGCAACGCGTTGACACCCCCAATTGCGATAGCGCCCCTTTTCCCGCTCAGAAATGAAACACCGACTCCCTCCCCTTCGATTCGTCGCTGCAAGAGAAGACGATCGCTCGACTCCCCCGCGTCCCTTCCGCGTTCGAAACTTCGCGTCCCCACAACTGGATTGAATCGAGAGACTCCGAGCCCCCCCGCCTGCCAGTGGTCTTTGATTAGCCATGTATCATCGGTTTCCCCCTCGGTCCACGGCAGCATTTGCCCGCTCGACTTCAGCCCGGCGATCGAGTGGGTTTCGGGGAATTCCATCCCGGATTGCAGGGCCCATCGCATCCACGTTTCCCAAGATCTCATGCGCGAAAATGAAATGGAACCTCTACTGACATTTGGTGCGAGATAAATCGAGGGAAGTCGCTCGATCCCACCGGCGAAGAACACACCCCCGAACTCGCCTTCCGACCGCCAAGAAGCAATGGTTTCGGTGAGCAGCGGGCAGTTATCGAGGGAGTCGATTGAAGAATAGCGAGTCGCGATGTGCAAGGTATCCAGATCGCCGCAACAGTCGATCACCCAGGGGTCCATGCCTGAACGTCGAACGGACTGAGCCAGCGCGCGGCACGAAAACCCAACCACCAGGGCTTTCCTACTCCCGAGCTGTGCAACAGAGGCCATTTTGACGTGGCTTTCGCCTGGCCGCCGTTTAAAATGCTCGCCGTTGTTCATTCGCTTCTTACCTAAATCTTTCCGAAGTAAACATCGACATGGCCAAGAAAAAAACTACCGCGAAACCAGCCAAAACAAAGAGCAAGGGAACCGGTCGGATCATTCTTCGAACCGGGGAGGCGCTCGTCGAAGCCGAGCCAGCTTGGTCCGCAGCCGAACCGGAAGTCATTATTGGAGAATTTGACGGTCCCGTTGGATACGCTTTCGCCAACTTGATCGGAAACCAGGTTAAAGGTCATACGAAAGTTTTCGCCATTCTCAATAGCGACGTGCAGGTGAAGCCTGCGACGATCATGGTTAGCAAGGTAACAGTCAACAATGAGAAGTACACCAACATTCTCATGGGAACGGTGCAAGCAGCGATTGCGCACGGCGTTCTCGACGCGGTCCGAGCGGGTTCGATTCCTAAAAACAAAGCGAACGATCTTGGGATCATCGTATCGGTTTGGCTAGATCCATCGATCGTCGATGTTGATTACGATCCAAAGCTCTTGTTCCAGACGAATCGCGAAGCCACCGCCAAAGCGATTGCGAAAGCCATGAACAATGAGCCGTCTATCGATTGGCTCCTCAAGAATCAGGAGTCCGTCCCTCACTTCTTCCATCAACTCGCTCTCGACGGAAAACTGTAGAACGAGCGATACCTTGTTTTGCTCATCGGTTGTTGTCAATGAGCGGTTTGTATCGAACCGTTTGCCGGATCAAGTAAAGGACGGTTTGTGGGGTCCTGTTCGCGGGGCTCCAAATCGGTCTCCCAGATGCCTTGCATTTGCTCCTTCGTGAAGGCGAGCTTGGCATAAAACTGGTAGAGAAACGGGACCATGAGCAAGACAAGGGCGGTGGATCCTAACAATCCAAAGGCAAGACTGGTGGCCATCGGGATAAGAACCTGTGCTTGAAAGGATTTTTCCAGCAACATCGGAAGCAATCCGGCAACCGTCGTAACACTTGTTAGAAAGACTGCGCGCAGTCGGCGCGATCCGGCCGTTATGATTGCTTCACGAACAGGCATGCCCCCGCGCACGCTCTGATTGATGAAGTCGACGAGGACGATCGAATCGTTCACTACCACTCCCGCCAGCGTCACCATTCCAAACATACTGAAAAGAGTAAGCGATAATCCCATAAGCGCGTGACCATAAATGGCCCCCACCATTCCAAATGGAACAATGGCGAGGATGATGAGAGGTTGAAGGTAGGAATTGAATTCGAAGACCAACAGTAAAAACATGCAGGCCATCGCTAAGACAAAACCAACCGCAAGACTACCGAAGGACTCGGCCGTCTCCTGCTGTTGACCTTCCCAACGAAATCGCAGCGATGGGTATTGCTGCAAAAGTTTCGGCATCAAGTTGTCTTGAAG
NZ_CP011272.1_gap28	1004478	1009316	4838	TCCGCGACAACAACCTCTCCGCGGATGCCATACTCTCGCATCGTGCGCAGCGACTTTTCGACACAGGTTGCAACCGTGTCGGCTTCGTTCAAGCAAGGCATGACGATCGAGAGTTCCAGCAAACGATCGCGATCGGGTCCGTCGTTGGAATCTGTCATGAAGGTTGCCGTTCATTCTCCAATTATATTTGGTACACTTTGGCGAGGTTCGTGCTCCCATAAAGGTTCTATCGAAGCCTGCAAATCGCCACCACCGGGTTATTCACGCCGGGTCGCACCAAGTTCTACCCCCAACACTCCACCTAGGAAAGTAACGCTATGAGTTCGGGAGATGGATCCTCGACTTCTTTTGAAACCATGCGAGGACGGGACTATCCAACGATCCGTCAGTTTACGGTCTTCCTCGAAAACCGCGTCGGGCAATTGCTCGAAGTCGTAAGACGATTTGAAGGAACGGGTATTCGCATCGTCGCCTTGTCGATCAGCGACTCGGCCGAGTGTGCTTTTGTAAGGTTCTTGGTGAGCCATCCGGAGCGGGGGAGGGAGATTTTGGAACGGGCTGGACTCGCCATCATCGAATCGGATCTGATCGGGGTCGAACTACCCGAGGGAGGACAACCCCTTTTGCAGATTTGCTCAGCGCTCCTGCAAGCCGAAATCAACATCATTCAGGCTTATCCGCTCATCTTCCGCCCTCATGGCGAACCCGCGGTTGCCATTATGGTCGACAACACCGAACAAGCCTTGGAAACCTTGGCAAGAAAAGGTTTCCGCATGATCACCGAAGGGGATCTGCTGGATAGTATGGGGTAAGTGAAACCAAACCCTTTCTGACTCCCCTAGGTGCTTGATGACGCAGCATGTGCATGATTGTTCGAAGAAGATCATCGCGAATATCGAGAAAGCGATCGTAGGTAAACGGAAGCAATTGGTACTGTCGCTGGTTTCTTGGTTTTCCGGCGGGCATATCCTCCTCGAAGACGTTCCCGGTGTCGCCAAGACGATGCTCGCGCGAGCTCTCGCCGCAAGCGTTGGAGGCGAATTCAAACGGGTTCAATGCACGCCCGATTTGCTGCCGAGCGATATCACCGGCGCATCGATCTTCAATCAGAAAACGGGAGATTTCGAGTTTCGAAAGGGTCCGCTTTTCACCAATATTCTTCTGGCGGATGAAATCAACCGCACCACCCCGCGTGCCCAATCGAGCCTGCTAGAGGCCATGGCCGAATCGAGTGTTACCGTCGATGGTGTAACCTATCGACTCCCTAACCCGTTCTTGGTCATCGCAACGCAAAACCCAATCGATCACGAAGGAACTTTCCCCCTCCCCGAAGCGCAGCTCGATCGATTCTTTATGAAGTTCTCCCTCGGCTACCCCTCCATGGAGGAAGAGCTGCGCATGCTTCAGCTCCTGGAGAAATCGTCCCCGATTCAATCCCTTTCGCACGTTGTATCCGCCGCTGACGTCGTGCAGGCTCAGGAGGATGTCAAACAAGTCTACGTGGATCCCAAGGTACGGCAGTACCTAGTGCAGATCGTTCACGAAACTCGTTCGCATGAAGAACTGGCCCTGGGGGGCGGACCTCGGGCGAGCATCGCACTGTTTCGCGCTTCGCAAGCCATGGCTGCTATTCGCGGCCGAACCTATGTCCAACCCGACGACATCAAAAAAGTTATCGCCCCCGTCCTCGCCCATCGACTCATCCTCAAACCAGAGTCTCGATTGCGACGGCGCACGAGCGAAATCATCCTCGACCAACTCGTCGCGGAAATCGCTGTTCCGACACTCGAAGAAGGACGCAGCTAACGCTTCCCAAACGGACTGTTCCTCCCCCCATCAGCGCTCGCACCGAGGCCAGAGGTCGGGATATGTTCGCTGCCTTCAGTGGGGTTGAATTCTCCCTAGGATGAGAACTGGAGTTTTCCGCGTAGGAAAAAAACTCTTTTAGACCGCAGTAAATCTTCACACGAAAATCTCATTTTCCCGGGTGGGTACTTGTAATTTGGTTTTGAGAATAGTTTGATAGAAAGAAGGCAATGTTGCCTAATTCAACTGCAAGTCTGATTTCTTTGGAAAGGAGGATTTTCGCAGATGGCATCCGTGACGCAGAATTCGGAGTCCGACGAGGATTTCGAATTCGAGGAGCGGAGAGTCCGACGGATACGGAAGGGGATGCCCCTTCATCGAATCGCTGACGTTCGCCAACAGCAAGGCGTGTCGCTACGAACGGTTTCTCGCCGCACTGGCATCGATGTTTCTGTTCTCAAACAACAGGAACTCCCCAGTTGCGATATGAAGCTAAGCGACCTTTATCTGTGGCAGCAAGCGCTCGATGTGCCCATTCAAAACTTGCTCCAAGACCACGATGATGAGTTGTCCGATGAGACTCAAACTCGTGCGTCCATGGTCAAGCTGATGAAGACGGTGGTCGCATTATCCGAGGTTTCTTCTTCGCCCCGTGTTGCTCGACTAGTGATGATGCTTCGTGAGCAACTGGTCGGAATGATGCCTGAGTTGGAAACGATTGGGGGTTGGCCCAGCTACGGCACTCGTCGCAGTGCAGATCAAGTTGGAAAGATAGCAGAGAACCCAATCGACCTTTACAACTTGGGTATCGATTGACGGGACGTTCTATTTGTTTCCAGCAGCCATAATTCATTATTTTTTGGATACTTCGAAACAATATGTCCTCATCAAGGCCAGCTCTCGAGCTGGCCTTTTTATTTGAAGTCCCTCGAACGCAAGTCGACATTCCCCACGACGGATTGAAGATCTTCGATCCTTGCCACCAATACGTGAATGACTCCCTCTCGGTTCTCAAGCACGCCGTGAACGAGCCAAGCATTCGACTGCTTACACAGCAAGTAGTGCTCCTGCCATACCTCCGGTTTAAGCACCAAATTGATCGAACCGGTCTCGTCCTCCATCGTGACGAACGTGATCCCCTTGGCCGTTCCAGGTCGTTGACGCAATAAGATCAAACCTGCTACACGAACGAACCGACCGTGACGAGTCGTTTGCAGTTCGACGGCGGTCGTTACACGTTTCGCTTGAAGCCGAGAACGAAAGAACTGCATGGGATGGCCCTTGAGAGACAAACCTGTTCTTAAGTAGTCAGCGTAGACTTCCTCTAAAGGACTCATAGGACGCAACGCGTCGGGAATCTCCTCGTCGCGATCCACATCCGCATGCGCGAAGAGAGGCGTTTCGTGATTGGACTTTTCTCGCGACAAGGACTGCCAATAAGCGGCCCTTCGATCGCCCGACAAGGATTCGAGGGCACCCGCGTCAGCGAGGAGGCTAATCGTCGCTTGCGATAGCTTGGTTCGTCCCACCAACTGGGCTTGGTCCTGAAACCGACCTCGATTCGTCCGATCCGTAAGGATGGACTCGGCGTCGATTTGCTTCAACGAACGTAGGGTTCTCAACCCCAGTCGCAACGCTCGTTTCGGGAATTCGCTTTCTGCCCCTAAACTTTGCGAAGGTCGCAACTCCAGCGTGCAGTCCCAATCGCTATGGTTTACATCAGCACCCAGGACTTCAACTCCATGGCGAATGGCGTCTTGCACGAGTTGGGCTGGTGCGTAAAACCCTAACGGTTGGCTGTTGAGCATCGCACAGCAAAAGACTTCCGGGTAATGATGCTTGATCCAGCAAGACGCATACACGAGCAATGCAAAGCTGGCCGCATGCGATTCGGGAAACCCATACTCCCCAAATCCACGCAGCTGATTGAACACTCGTTCTGCGAAGACTTCATCGAGACCTTGCGCACGCATTCCATCGATAAGCTTCTTGCGAAAGTTATCGATGACACCGGGACGTCTCCAAGCGGCCATCGCACGGCGCAATTGATCCGCCTCCCCAGGAGTGAAGCCCGCCGCGACGACTGCCAAGCGCATCGCCTGCTCTTGAAAAATGGGCACGCCCATCGTCTTTCGAAGAACTGCCGCGATCCCCTCCGACGGGTATTCGGGCTGAATGCCTGTTCTCCTCGCCGTCAGATAAGGATGGACCATTTGGCCTTGAATTGGCCCGGGCCGCACGATAGCCACTTCGATCACCAAGTCGTAAAAGCAACGAGGACGAAGCCGGGGCAACATGCTCATTTGAGCACGGCTCTCAATCTGAAAAACTCCCAATGTATCGGCATCGCATATCATGTCGTAGACGGTAGGATCCTCAGGTGGAATCGTGGCTAAACTCAGCGAATGCCCATAGTGGACTTGTATCAAATCCAAACTTCGGTGAATGGCCGAGAGCATCCCCAATGCCAAGCAATCGACCTTGAGGATGCCCAACTCGTCGAGATCGTCCTTGTCCCATTGAATGATGGTCCGGTCGGGCATGGCGGCATTCTCAATCGGACAGAGCTCGCACAATACTCCGGAGGTCATGACCATGCCGCCAGTGTGCTGAGAGAGATGACGAGGAAAACCCAATATCGATTGAACCAAGTACTGAAATCGTTTGCCGATGTCGGACTCCGGATCGACCCCCGCAGTCATGCATCGATCGGAGAAGCTGGTTTCCGCCCCGCGTCCCTCGACAATCTTGGCGAGCCGGTCGATGCAATCGAGCGATAGACCGATCGCTTTCCCGCAATCGCGGATCGCCGAGCGCGTTCGATAGGTCGTCACCGCTGCCGTCATTCCCGCTCGATCACGCCCGTACTTCTGGTAGACATATTGAATCACTTCTTCCCGCCGCTGATGCTCGAAATCGATGTCGATATCGGGGGCTTCATTCCGCTCTCTGCTAATAAAACGTTCAAAGAGCAGATCGTATCGGGAGGGATCTACACTGGTCACTCCGAGGCAATAACAAACGGCGCTGTT
NZ_CP011272.1_gap29	1046528	1051368	4840	ATGAGCTTGGGCTGATCCGAGTTTGCGGCCGCCGAGTCTGTAGCGTGACGGGAAAGCCGGTTTCCTGTTACGAGATCGTCCCCCAAAAGAAAACTCAACTGGAGTTGTTTTAGGCATGGAAGCGGATCTTGTTGAGTTCCTGCGGAAGGTGGCACCGATTCACATTTTCGAGGCCGCAGGAGAGCTTCACGCGCTGAGCCAGAACGGAGCGAATTGGCCGCGTGCGAGCGCTGAGCATTGGAAGCGAGAGCTTGAGAAACTTGTCAAGGATGGCACTCTTGATGAAGTCGACGGAATGTTGAGTATCGCCAAGGTGAAGCGTGATGCACCAAGGCAAGGAACGTTGTTTTAGGAAAGGACAAGCATGAGCACAGAAGTCGTTGATCCCCCAGACGATGTAGAAGACACCGCAACGGAAGAAGCGGTCGAGGACCAACCAGGTTTTGTATCGGTTGGGAAACTTGAATATGACGCCATGAAGGCGAACGCGGAATACCTCCAAGCGATTGCTGACGCTGAGGAAGCATGCAACGAAGCAGAACTCGTTTATGCGAACGCAAAGCGAGAAGCAGACAAGGCAAAGAAGGCTTTCGAACACAAGGTTGGAGACCTTCGAGAGCTGATCCGAACGGGTCCAAAGAAGCCCAACCCACAAATGCTTCTTCCTGGTCTCGACGGCGAGCAACAACCAGACGATTCCTACCTAGACGAATCGATTTTCACCGTTCTGGAGCTTACCGACAAGCAAAAAGAGAAACTCGAAGAGTGCGGCGTGAAGACCGTGAGAGACTTTGAGAAGCTTCGATCCGGAGCGCTCGAGGATTATCCAAAGGGCCTGCGATCGATAAGAGGCGTTGGAGAAACGACAGCGGATAAATGGGAGAACGAGATCCTCGCATTTATTACAAAGAACACGCCGATGCAATCGATCGCAATCGGCATTGCAGAAGACACAACCAGTAATTGGGAAGAGCCCGAGGAAGACTGGGAAGATCAATAGGATCCTTTGGGCACGGAGGCCCCTCCCGCGTCGTGGTGTAATCCAGGAAACACGCTCTCAATGAATGAGGGAATAGTGGGTTCAAATCCCACCGGCGCGGCTTAATAGGACAAGAACTTGGGACCGAGAAATGGAAGGTCATTAGGATGAAGCATCAGACTCCAACTCTGTTGAAATTTAAGAAGCTAAAGCGACGGCTAGGGCTCACTAAGGATCGCGATGTGATGGGGCTTTTAGAGTCCCTTTGGATCCTTGCGCAACGATCGGCGCCATGCGGTGACATAGGGAACCAACTCGACAACGAGGAGCTCGCAATTGAGCTTGAGTGGGAAGGCGATCCAGACGAACTTGTCAGCGCTTTGGTCGATACGAAATGGCTCGATGCGTGCGAGGTTCACCGCCTGATAATTCACGATTGGCCGAGCCATGCCCCTCGGTACATTCACGGAATAGCTGCGAAGCGAGGTGGGTTCGCGACGCCGACTATAATCGGGGACTGTAGTCGAGGACTGTCAAACCAAGAGATGGCTGAAGCCGAAAATGACCACTCGGGGACTGTAGTCGAGGACTATAGTCCACCACTGAACGCCAGTTCGAGCCCGACTACAGTCGACGACTGTACTCGGCAACAACCTAACCTAACCAAACCTAACCTAACCAAACCTAACGAGAGAGAGCGCACACACACGCTCGCGAACTCACGTTCGGAAAAGTTCGATCAAGCCTGGAACCGCTGGAGGGCTCACCGGAACGAAAACTTCCAGCGACTTACGCCGACCTCCGAGGACGCCGCGTTGATGGAACTCGCCAGGTGCTTCCCCGACGACGAGGAAAGCCAGATTGCCGCGATCGAGTTCTCGATCCTGCGAGGAGCCAAGAACCTGATCACCAACGGGGACCACCGCGTGAAAGCCTCGCCGCGTGATAGCCCATCGCCAGAGGACCGCACAGCCCGACGCACGCATTTACTTTCGGAAATTGGAAAAGTATGAACCAGCAAGAGATTTCAGAATTTTGGGGCCAGGTGTTTATTAACTTCCCATCGCTGGAGGAATGGATTAACACCAAATCGCCGGATCCCCCAAAGACCATTGCGAGTTGGTCGCGAGCGTGGGAGAACATCACCGCCAAGGAGGCAATGTCGGTTTTGAATCGATGGGTAACCGGGGAGATTGATCCTCCGACGGGTTACCAGCGAGAGACTTTCCATATTCATCTTCGACAGGTCGTAATGAGCGATCGGGCGAAGTTGTCGGGAGCGAGAGCGAGGGAGGAGGCTTTCGAGAAAGCGAACATCGGAGCAGCTAGACCGAAAATCATGGTGTCGTGCTCCGCGGTGATGGATAAGATCATCGCCTTGAAGAGCCAGTACGAAGCGGGGTTCATCTCCATGGATGAACTCGAGCGCGAGAGGGATTTGATAGTTCGTGAAGCCCACGAAGAAATTGACAACAATGCGAAACGAAAGGCCGTTTGATGAATAGGCAGGCAAGAGTATCCCAATCCAACCAATGGAACGATTACGGAAACGTTGGATTGATCAAAGCAGCGGAAGCCGAGGCGATTGCGGCCGCAAAGTTCTGCATGAGCGTCGAGGAAGTCGACTGGGTTGTATTCGTTCGCGATGCTGATGATCCAGAGATCCCTGAACAATCTATGACCGTTACCACTCGGCTTTCAACCACCGTCAAAAACTCTCGATCGATTGAAAATGATGATTAGTTTCGAAGTGCCAGGAGTACCAAACTCGCAGCCTCGCCAGCGGCATAGGATGCAGAGCACCAAAGCGGGTAAAACATTTATCCAGAATTACACGCCGCAGGACTCCCCGGTTAATTCCTACAAGGCGGTTGTTCGACTTTGCTGTCGATCCGCGATGCGGGACAAGAAGTTGATCGAAGGACCGATCGAAATGCAGTTGGTATTTATCTTTCCACGATCAAAATCGCAGCATTGGAAGAACAAACCAATGCACCGTATCGAGCATACAAAGAAACCAGATCTTGATAATTTGGAAAAGGCTATTCTTGACGCGCTCAATGGTGTAGCTTGGGTAGATGACTCGCAAGTATGCAGAGTCCTCAAGGAAAAGGTGATCGCATCCGGAAGCGAAAGTCCAAGGGCGATTGTCAGGATTCGGCCCTATGTGCTCAGAGCTCACGATGGATCGTCGCAAACCAATCCTCTTAGACCAGAACCAGCTCGCTAAAGAGCTCGGGATGAGCCGTCGAACCATCAACCGTTGGCGGAAGCAAAACAAGCTCCCACCCCCTCTGGTCGACGATCGACACAGGCCGTTTTGGTCGCAGGCCCAAATTGCTCGCTGGTTGTCATCCGATCCGCAAATCAGGTCGGAATCTGCCCAATGTGACTCTATGTGACATCGCCCTTGAGGTGTCGGGCCTTTTGTGCTTGCGGCCGGTAGCATGCGTGAGCGAACGTTTGTTTCTCAACTCGCATGTGGACGCACAAAAACCCCATGGCTACGCAATTCGAAATCGATGCTCACCGAATCGCCGCAGATGCTTTTGAATCTTGCAAAGGCGATGCTGTCCAGTTTCGGCAACTGGTTTTGAATCGGGCACAGGGTACCGGCTGGGATGAGGCCGATGAGTTGCTTTCCCATTGCATGCTTTGCTTTTCGCGATGGACGCGAGACGGTGTTGAGAAACCGACAAAGTTGACCGAGGTCAATCCAGTTTCTGTACCAGCACAATCCCCAACCGATGTAGAGGAAGTCCATGCAAGCGAATAGTTTTGCTCTCGATTCGAGCGATTTCAAAGGCAACCAAGTAGCGGCTGGCGGCGCGTTGCTCGACAAGATTCGCGAGGTTCTAAGCTCGCTCTCAATCTCGCTTCCGCCCAAGTCCGACTTTTTGAAGATGGTCGACGACGCATACGAAACCTATGTGCGACCCATCGATATTCCCGGAATCCCCAACATGGTCGAACCGTGGGTTGATTCCGCTCTGAAATCCATCGTCCTTCAGCAGGCATCGCGCATCTATGACAACTTCGCAGCCAACTAACGGTTGGGACTTCGCTACCAGGACGGGACAGACGATCGCCCTCGCGGTGGTCGTCTGTGTCCTCGGTTGGGGATATTTCACCAGGCCATCAAATGATGGCGGAAAGCAAGACGACAAACCTGTCGTTGTTGAGTCGATTTCGAAGACTCTTGCAAAGTGCTATGAGGCTGATCGAGTCTCGAAGATTGCGATCATGAAAGGCATCACCGCAAACACTTTTGCAGACGATCAAGCGAAGCTGGAATGGATCAACAGAGAAAGCGAAACGAAGCGAATTGCTGACTTTCAGCCATATGTTGATCGTTTATCCGAAGCGATCGACACCGGCAAAACGGAAGAACTCGCGAAAGCACTGGAGGCTGGAAAGTGAGCAGCATAGACTTATCCATGCCAAATGACTGGGCTCGCGACTACGAGGACTTCGACTTCCTGCATTCGCTTCCTTTCGCTGATGACGAATTGATGATGCTGGTTGGCGAGTTCAACGAAACTCGTCTTGACCCCAAAGTCGTTTTGAAGACTGAAAACCAGCGGAATATGGGAAGTTGCAGAGGTCACAGTGGTAGCACTGGTCTCGAATGGATTCGCTCGCTTGCAACGGGGCAACCATCTCCTCAACTCTCTCGGATGATGATGTACGTTGAGACACAGAGACGCGACGGAATCACTCGCGACGCTGGTTCAACTATTGGCAACGGCATCAAGCAGATGATCGAGGTAGGTATCTGCGAGGAGTCGCTTTGGCCGTACCCGAACAGTTACACACAGCAACGTCCTTCAAACTGGCGAGCAGTTTTGGAAAACTCTGCAC
NZ_CP011272.1_gap30	1054816	1057910	3094	AAGCCAAACGCAACTGTACACAACAAAGTTCTTTTTCGGTCGCGAGTTGCTGGTTCTTTCCAAATCGGGAAGAATTACGAGGTAGAGGCCGTCATAAGCCAAGAGTCGAAGGAAAGTCCAAGGATTTACGAAGTGTTGAAGGTTGCGTAGTGACGAACGAGAGAAAGAACATAACCCAACCACCAGATTGGTGGAGGGTTTTTGAAGAGGAAGCACAAAAGGCAGGTGTAAGCCTATCCGAATGGATTGGCGAGGCGTGCGTGGAGAGGCTTCCGTGGAAGATTCGAAAGAAGCTGAGCGAGCGTCCGCCAGCTAATAGACCGAAGAAATCAGAATAGCGGATGGTTTAGCGGCACGGGGAGGAGTGGTATGGGTACGCGAGCAGATTTCTACATTGGTACAGGCGAAAATGCCGAGTGGTTGGGGAGTGTTGCGTGGGATGGGTATGAATGGCAGGAAGACAATGATTGCCCTTTGATGAAAGCAGCAACAGAGCAAGAGTTTCGCGAAGCGGTGGCGGCGATCGCAGTAAAACGCAAGGACTGGACATCTCCACAGCAAGGCTGGCCTTGGCCGTGGGATAATAGTTTTACTACAGATCGCGCATATGCTTTTTGCGATGGAAAGACTCAATGCTTTGAGTTTGGCGAGCTACCTTCAGAGAATGAAGAAGACGATCTGGCCAAGACGGTTGGTTGGCCCAACATGAAAGACCGGAAGAATGTGACTATGGGTCCACGTTCCGGAATTATGCTTTTCGGTTGATTGTTGATTAGAAGTGCGGAGTAGCCAGCCGCTAGTGGAAATACCAAATGTGAGAGAGGGCAACGGTGAGCACGCAAGTGAGCCCCTTTTCAGCGACGAGACCGATAAGTTGCTGACGGAGCTGGGATCGGAACGCAGCGATCGCAGATGACGAAAAATGGTTATTGGGAGGCACGAAACAACCGACGATTCGGGGCCGCATTGCGATGTAAAGCAATGCGGTACAGGTCGAGGATGCCAAATGGTTTCGGAGGCGTGACAGGTCGGAGAGACGGCCAAACGGATCGGCGGCGTGAAAACTGGAGGCATCTGGTGATTAGCGTAGGGAGTCCTAGTTTGGCGGGGAGTTGATCGCTCCGTCGAATGAAGCAGGTTCGAATCCTGCCCGATCCACTTACAATTCGATGCACCGACAACAGAGGCTTTAGCAGCCGCAGGGATTCGAAACATGTCCGCAAATACCGAAGAAAAAGTACACGTCGAATGCGAAAAGAAAACTGTGCTGGAAGTACGAGTTCGACGCCCGCTAGGTGTTGCTAGGGTGGTACTGGACGGATTGATGCCTACCAGGGAGGGAGAGTCTGGAGGTCGCGTCTTTGTGGATAGTGAATACGGCGACTGGTCTTACGCTTGGTACTCCATCGGTAAGCAATCTCTTGCCAAGTTCTTAGCTACTTGCGACTACGACTACATAGGTCGCAAGTTTCTTGGTGGGAAGTTCTATGTCCGAGACGACGAAGGAACAGTGAGCGAACTTCGCAAAGTTGTCTTACAGATGCGGCGGCAAGGCGATCTGTCAAAAGACAAGTCGCGGCATGAATGGGAGTTGATCGAGCAACTCGAAGATGGGTACATCGACTGGCGTGGATACGTTGACGAAAGCAATTTGTGTGAGGCGTGGGAGTACGGAGTAACAAAACCAGATCCGCAATTCATGGCGTTTTGGAATCAGCTTTGGGTTCCGCATATTGTTCCGGCTTTGCTGGACATAGATGCCAAATAGCAAGTCATTGCGGCACATTCAGAATTTTGGAAGTGATGGAGGGAAAGTACACATGAAGATGTTGTCGAGCATTAAAAATCCTCGCAAATTGAAGAAGCGATGGAAAAAATTAGTAACAAAAAGCTGCTTAAATAATCTTGGGGAGCAACGTCAGCAATTTATGAGTTGGCGTCTTCGTTGGAATCCACCGAGTGGTTGGATCGTGTCAGTCGTGGCGAATCGACGACAATTCGATAGGATGCAAAAACGTTTGGTTAGTGCGGCCTAGATAACGGCATGGGGGAATGATGGACGAAAGCATGTTTCCGTTTGTAGTAACCGGAGTTGCATTTATACCTGTAGAGTGCACGGTTCACGTAAAAGCTCAGAACAAAAAGCACGCTATGAAGCTGGCTGAAATGGAGTTTGAGAGGTCGAGCAGTAAATCCGAGTTTATCGTGCATAACTCGCACGAAGAAGGAGCCGTGTTCGATTTTAAAGCAGGCGATGCGTATCGAGACGGATGAAAACCACTTTAGAGAATCAGAGGCAAGCAATGCCAGATATACAAGTAAAAAAGGAAAGTGCCAACAAGCCTTGCGGAACCCAAGGGGTTAGTGCGTTTGCAGATTATTTCACGGACCCATCCGGTAGGACTGTTACTCGGAGAGGAACACCCTACTGCGTTTCCTGCAAGGAATTGACGAACGAAAGTTACAAAAACCATCCGTTATTGCGATGCTGGAATTGCAATCATGTGATGTGGGATTTACGTGCTTCTGATGCGAAGGCTGAACCAACAGAACAAGAGATGCGACAGTTCATCGAAGAGCATGCTCAAGGTCTTGAAATGCACGCTCGTTCGTATCGTGACGTCCTGCGTTCTAGCAATTCTCGACTTTTGAAGTACGCATACGAGATGGCAGTTGAATCGGAACGAGTATTCAACGATCAGGCAGACAGGGCAGAAACAAGTGCGGCACAGTCCGCTGAGGGGGAGTGATGTTTGCAGAAGTGAAGTTTAGCACGGGAAGGCATTATTTATCCGTGGCGGGAATAGCAGTGGCTATGGAGGGTGATGCGTGTCGACATCACCTACCGGATGAAGCGGCTGAACCCATTCCGCAACAAGAGCTTGAGAACGCGATGATTGGAGACAAGAAAGCTTCCGAGCTACCGCTAGATGTTGTTCGTTGGTTTCGCGGGGAGCGTTGGTCTGAAAAGTCGCTTCAGTGGGCAGCCGATCAGATTAACAAGTTTGCAATTGCGGTCCCAACCACCGCATCGGAGGAATGATGGATGCCGTGTTGCATAACATCACGCTCAAGTCAGCTAACTTTCGCATTC
NZ_CP011272.1_gap31	1150542	1154580	4038	AGGGAAAAGTTGGTGGTCATAGCCCAAAGCGAAATGGGGAGAACGCCCACGTACAATCAAGGCAACGGAAAGGATCACTGGTCCATCGGGTCCATCCTGTTCATAGGACCAGGCATAACGGGCAACCGGGTTGTCGGTGCAACAGACGACGGCCAATTCGCGGTACCTTTGGATCCGAAGAGATTGGCTGTGGACCAGGAAAAGGGAATTAGGATACGTCCCGAGCATATCCATGAATCCCTACGACAATACGCTGGCATCAACTCCCATCCCCATTGCGAACAATTTCCCTTGGGCGTGAAGCCGGAAGAACAACTACAAGGCTTATGGGGGTAAAGAATGTCGAATAACTGGATGGACATTCACACGAAACGAATGCGTTCGCGAGTTGTGGGCTCCGCAGGCGGACTTGCCTTTATGGCGGGAGTAATCTTGGCAGGTAAAGTCATGATAATGATGGGAATGTTCGTACCGGGCAAGACGCCGAACAGCGAGATTCTGGACTACTGGATCGGATTTTTAGTGGGTGGTTGTCTCGCTGGATTCCCTGCTGCGTTTGGTGCAAGAATGCTTTTCGATCGACTTCATTCGGAATGAAGTACCGACGTTCCCAAACGGTTCCATCAGCGAGACAAACGATCGTTGTTTCGCCCAAGGACCCGTGCGTCAGCCGAACCAACAGGACTAAGCGGTGGCATGCATATTTGCATTTGAAGGGACGTCCGTTCGATTCATTTTCCCAAAGAACTTGGCTTGATGACCGTTCGGACCATCCTGGTTCAAGCATGAAGCATGATTGAGTGCAATCATGCCGGAATGAACAATTTCTTTAACTTGGATTGAAATGGATGATACGCGTTACTTCGGTGATTCTTGTCGGACTACTCATGTTCGCTTCCCCGGTCTTTTCTCAACAACCTCTCGCATCATCTCGCATGACGGTGGATGTCTTCTTATTGGGAGGTCAATCCAACATGCAAGGGGTCGGGAAGGTAAAAGAGCTTCCTGCGGATGTTCCCAAAGAAATCCCGTTCACTTTCTTTTGGAACAATGGCAGATTCGAGCCGCTCATCCTTGGGAAAACGAAGACATCTGCGAGGATTACCGATTTTGGTCCAGGGGTAGGATTTGCGTTGACGATGGCGACAGCGAATCGCCCGGTCTACTTGGTGAAATACTACGCGAGCGGAATGCCGTTGCATCAAGGCTGGGATGGAAATCGCTGGGTTGGAGAAGAACCCGCACCGGGGCGCCGTACTTTCTACCCAGGTGAAAACGACGAAGACCCGAATACTGGCACGCTTTACATCGAAATGCGAGCGATGTTCCATAAGGCTATAAGCCATTTGGTACAGGAGGGGCTGGCTCCCAATGTACGAGGTTTCCTATGGATGCAGGGCGAGCAAGATTCAAAGCACAGAACATCTGCCACCGAATACGCTTCCAGCTTGAAGCGATTGAGAAAACGACTTGCGGAAGACTTGGCCGTGAGCCAGGACTTGCCTCTTGTGTTCGGCCAAGTCCTCCCGCACGAACCACCACTGGATCGGTTTACACATCGCCGTGAAATTCGAGCTTCCATGTCTGCGTGTGCAAGTGACTCCGGCGAGCCAGAATCGATGAAGAATACAGCCATGGTGCCCACCGATGGATTCTCACTCGAAGCAGATACCGTCCACTATGACGCGCAAGGCCAGTTGAGGCTTGGAACTGAATTTGCTCAAGCAATGCGTGGCATCCTCTCAGACCTGCGCGTCGACTAAAACCAATGCAAGTTACCCTCTCCGACTCGCAGGTTGATTAAAACCAATGCAAGGTATCCTCGTAGACTCACGCGTTGTTCAAAAGCGATACGATGTATCCTCTCAAGCTCGTGCGTTGAATACCGTACTCGCGCCCCGGAATGACAAAAGGTGGGTGCTTCCTATCGGGAACGAATGCGTCTTTGCGCCTTCGCGAGAAACCTCCCCCCCCCTGTTGGATGAGCAAAAATTGTGGGTGTCTCCTATTCAACTCCCCCCTCACAAGGTGGGTACCTCTTATTGAGGTGTTGCGTCTTGGCGCCTTGGCGAGAAACCTCCCTCCCCCCCATTAGGTGGGTGCCTTCAATTTACCCCCTCTCGTTAGGTGGGTGCCCCGAATGGCACTGTAATCGATTTGCGTAAGTCGTTTCATTCAAATCGGTTATCGCCTTTATAGAGTCGCTTTTGGAGTTGTTTTCTGGGTTCGGTCATCAGCGCGTATTGGTCGCGGCGTCGCTTTACAACTCGCGGTTCAATCCGCCCCGGACGGTTGCCAACCTTACAGTTCGCAATCCGCTCGAGGAGAAATCTGGCGTAACGCTCAAGTTGCTTGCCGCGAAGATGAGCCGTCACCTCCTGCCAACTCGCTAGGATGTACTGGCTAGCACAGACGAAGCTGATCTCTCGCGGCCGCTTTCCAGAGAGCGAAGCGGCAGAGCAAATCGTTGTTCGAATCAAGTTGTAGGCAAGAAGCGTCGTCCATAACTCTCGCCTGACCATCTCGGGCGATAAGCATCTCACAAAGTTTAAATTCATAAACGTCTTGATAGAACGGATGTCAAGTTCTGCATTCCAACGAAAGCTAAACAGATCGGATATCTCCTCAGGGCAACCGCATCTTAAATGATTGCTGCGAGGCGGTTTAGGAGATAGTTTTCGTCCCAAGCCGCGCGTTTGCGTTTTTTGCGCGTGCTCTCCTTGGATGTGTCCAAGCTGAGAATATTAATTGCAAAGCGTCGAAGTAGGGCAAAGTTATCAGGGCCATGACCCTTTCGTATCCGGCTTTGATCTTCGTTGAATGTCATATCCAGCACCCAATGGAGCGAGTTCTCGATGCCCCAATGGCTTCGGACCGCACTCGCAAATCGTTTCACGCCTACTTCAAGGCTGCTCAGATAATAGCGAGTCTCAATCGTTTCCTTGCCGTTGCGAAGCGTGATGCTGTGCACTTGTCCAATTGACTTAGCGCCATCCCATGACTCTGTAAACTCCCGCAGGCAGTCAGGAATTGGGGCGTGATAGTAGTACCGTTTCTCGGTGCGACCGTGTGCTTTGTCATAAGTCTCGTGGTGCCTAACTTTGTGTTCGGCTAATCCCTGCTCATGCACGTTATCGAAGTATTCGCCCATAGCCTTCGCCAACTTAGGATGGTTGTCCTTGATTGCCAAAACGTAGTCACCTCCGTCATCAGAAATCTGCTTGGCGATTTCTTTCTGGCTTCCCATCGCATCTGTCGTGATGATGGCACCACGAAGCTCGAGTTTCTTCAGTAACTCGGGGATTGCCGTGATCTCGTTGGATTTCTCATCGACAGACTCGCAGCCGAGAACAAGCCGATTTGCAACACTCCATGCAGCAACACTGTGCAACATGTTTTTGAACGACTTCTTGTCGTGCGATCGTCGAAGGGATTTTCCATCGATCGCGATAACATTGAGTCCGTCGCTACCAAAGTCCAAGCTTTCTACCCATGCTAAAAAGGCCTCTTGAAAGGCATCCGGCTTGATCATCCGAAAAACACGGCTGATGGTGTCGTGGGACGGCACACCGTTCTTGAGTTTGATGAATTTGCGAAGCCACGACAATCGGATCTTTCCGAACAACTCGATATCTTCCCATCCATCGGCTCCACAAAGGACAGCCAGGACCGAGAGTACAAGAATATCCTTAAGGTCATGAGCCTTTGTTCGCTCAATGCGTGGATCTTCAACAAGCGACATACACTCGACGAGATTGGTTTTTGCTGCCATTCCATGGACTCCACGAAGAAGATCGGATCAACTTCTGAAATCTATTGCTGCTAGCATTTGCTTAGACAACCCCCAAACGAATAATCAAAGTTTGTACTGATGATGCGTTTGCCCTGGATATCTCCTCATAGCTAACACCCTGGTCACCCTTGTGCTCTAGCAATGTTGTCACAATGATAAACGGGCCTGATTTACGGCCCGGAGCTTCGACCGTATATCGCAACTCCCGTAGTTCGATCACGAGCGGTAAGGATTGGTACATCTCG
NZ_CP011272.1_gap32	1165499	1170251	4752	AAAGGATAGCACCTGTCATCGCGCCTCCCAGCAGGATGCCCCATCCAAAGCCGTGCAGCAATCGAGCCCCTTCGCTCAGTTTGGGCATATGCTCGTGGGGAGGCGAGCCAAGCCAATATCCAAGCGCTACGGCGAATAGCCCGAGTGTTAGCTCGAAGAGAGAAGCCCAAAAAATGTGACTGTCTTTGACCATCTTTTGGGGAGGAAGTAGGTAGGCGGATTTGGACAACGAGCGGGGAAGCTATTGAAATTGTTCGTTTCGCGACTGCGAAATACTCGGCAGAACATCGTACTCGGAGTCGACGAAGAGGCATAGAACCCCAGCCATTGGTAAAGAAAACTCCCGATCGGTAGATCGATCCAGGGAAATTCGGCTTCGGTTCTTGCTTCACCACCGTCGAACGACGTACATTGAGGCTTGTTTGCCCACACTCCATTTCTGTTCCATTAGGGTTATCCCATGAATACGTTGCGTGGTTGGCTTGCATCTACTCTGTTAGGTGCAACGATTGTTTTCTCCTCTCCAACCATTTCCGCAGCCCAAGAATCCGAGAAGCCGGATCCTGCCCGAGCTGTGATGGAATTGATTCAGAAGAAAGAGTTCGCTGAAGCGTCGAAAGCGATCAAGGAACTCGAAGCGACTCAACCGAAGTTGCCTGCCTTAAGAACACTGAAGGTACAGTGGCTCGCTTCCCTCCGAACCGGTTCTCCCGAAGGAATCGATGCTGCAGCCGAAGCCAAAGCGATGCTGGAAGCGACGCGGAAAGCTGCGATGGAAGATCCCGATCGCATTGCAGAGCTTGCAGGCATCGCAAACTTTGCATTGCCCGTCATCTCGCAATTCGGATCCTCCGAGGACGCAATTAGCGAGGCCAAGGCGACGTTGGCCCTGGTGGATACTCCAGAATTCTTCAAGCGAGGTGTACAAGGGTATACCACGCTGCGCCGCACGCTGGCGACTACGCTTCGACAGAGCGGTAGCAATGAAGAAGCAGCGAAGGTGATGATCGAAACCATCAATCGTTTGGAAACTTTCCTAAAGGAAGCGCCCGATACCAAGTTACTTCCCTCGACGTTGCTTAACACCATGGTGGTTTCGCTCAGTTTCCTCCCCGATGCGGATCGCGAGGCAATGCAAACCAAAGCAATGGGGCTCGCAGAAAGGTTGCTTGTCGAATCCCCATCCGCGGAATCGATTACTGCGTTCACCAATACTTATGGTTCGTTGATCAGTTCGATCTCTCGCGACACACCAGAAGTTGCAGGTGAATTGCTCAAAAAGGCCATCAAGTCGCTGGAGGACGTTGCAGCGAGCGACGAATCGCTTGAGAAATCCGCCACAACCAGTGCGACCTCGCTCAAACGAATTGAACGAAGTATTGAAGCGGCTCTCAAGCAGAAAGAGATGATTGGCAAAGCTGCGCCCGCATTTGATCCGATGAAATGGGTGAATGGCGAAGCAATTGGCCAAGAAGAACTCAAGGGCAAAGTCGTCTTGCTCGACTTTTGGGCTGTTTGGTGCGGTCCTTGCATCGCTACCTTCCCAGAGCTTATCAAATGGCATGAAGAGTTCTCGGAGAAAGGATTGGTTATCATCGGCGTGACCCATGAATATGGATACGTCTGGGATGAAGAAACGGAAAAGGCAAAGCGAGCGATGGATCCGACGAGTGTAACTCTCGAGGATGAGCTGGCGATGCTCGACAAGTTCATCAAATTCCACAAACTGCAACATCGGACCATGGTCACTCCGAAAGACAGTGAGATGTCCAACAACTACGGAGTTACCGGCATCCCTCACGTCGCCGTATTGGATCAAGACGGAAAAGTACAGCTGATTCAAATCGGATCCGGGCCCCAATCGGCTGCTAGGATCGAAGCGAAAATCAAAGAGCTTCTGAAACTCTAACGAGAGGAATTTCGATCGACCCAACTGGATCGATCAGCGCAAGCCAGCTTCCGGCAACCGTCGACAGGCTCGACGCCATCGCCGGGACTGGCTTTTCGTATCCTAGGTAAAATGCATTTCTTTTTATCTCCATTTGGCAGCTCGGGGGATGTATTCCCGATGCTGGGCTTAGCCGTCGAGCTGCAACGGAGGGGTGCGCGAGTCACGGTAGCCACCAACCCGCATTTTGAGTCGCGAATCCGGGGAAATGACATCGCGTTTCACCCGATCGGCACCGAAGAGGATTACCGTCGAATTGCGTCGCATCCCGATTTGTGGCATCCCCGCCGCTCTTTCGGATACCTCTTTGAAAACCTAAAGCCTTTCATCCCACCACAATACGAGTTCTTTGCGAGAGCGAGCCAAGAGGACGGCGCGATCGGCATTGTCAACTGTTTCGGATTTGGTGGGTTGGCGGCGATGGAGAAGTTCCACTTTCCGGTCTACACGCTCCATCTGCAACCTGCCGTTTTGTGGAGCGATTTAAACCCTCCTAAAATGCCGAACCTCCATGGCCCCAAGTGGATGAGGCGGCTCCTTTTCCGCATCGGCGAACGGTTTGTCTTGGATCGAACGGCATGTCCCTTTCTCAACCGCTGGAGGGCAAGCCTCGGATTGCCCCCGATCCGGCAACTCACGCGAGCTTGGAACTCATCGCGAGGGACACTGTGTCTTTTTCCTGATTGGTATGCACCTCTGCAAGACGACTGGCCGAAACCATGCTTGCAAACCGACTTCCCTCTTTGGAATCACGCCAGCGACCAGCCGCTCCCAGAAGTGCTCCAACGCTTTCTGGAACAAGGCGATGCACCGATTGTCTTCACACCTGGGTCAGCCAACCGGCATGGTGCCAATTTTTTCCGTGTCGCGATGGACTCGATAGTACGGATGGGAAAGCGAGCGATATTTCTTACCGAGTATCGCGAGCAAATTCCGTCCCCCCTACCCGATTCGATTCTTTGGGTCCCCTATGTCGCGTTAGACCAAATACTGCCGCGAGCTGCCGCATTCGTTCACCATGGTGGCATCGGATCCGCTTCTCAAGCTTTATTAGCGTCGATCCCTCAGGTCATCATGCCACTGGCTCATGATCAATTTGATAACGCTGAAAGATTGGAACGACTTGGGGTCGCCTACTCATTACCACCGAATCGTTTTCGAACGGGTCGACTGATCACCATTCTGGAGACCTTGCTGCGCGATCCCGCCGTTCCCGCCCGTTGTCAGGAATTGACCTCCCGCATGGAAAAGGGTCGCGGGCTGCGGGAACTGGCACGCCTCCTATGCGAGGATCGAGGACGGTCCTTGCCTGGCGACTAGGCCGATCCGAGCTTGTTACAAGTCCGTTACGGTCGGACGCATCTCGATTCGTAGGATAGATCGAATCGCCGAACGAATGAGTTCGCGTGTTCCGTTTCTATCAGCAGGATCGTCGTAATGAATATCGCATCGGACACTTTTCGCCGCGTGAGAGTTGCTATCGCAATCGTTTGCCTCTTCTTCTCCGGCATGGGCTCTTCCCGTTTAATCCATGCGGACGAATCGAAACAAGGGGAAAGCAATCCTTACGTTTGGAAGCCGAAGACCAAGTCCGTCTCGGTTTTTAAAAATGGATTCGGATTCTTCACGCGCGAGGGTGAAGTGGAACTGCAGGAGGGCTGGGGGCATGCAAGCGATGTTCCACCTGCAGCGTTTGGTACACTCGCAATCTACTCGGCCCAACCCGAACAACTGGTGGATATTGTAGGAGTCGGAAACGGTGAGCTCATCGAGTTCGACAGAATCCCCTCGGCAGAGCGTGAATCGCGGCGAAAGGAGGTTCTAGAAGCATCCTTGTCGATGGACGTCAAATTGGCACATCGCGCGGGTGCTCCACAACAGGAGACCGTTGGAATTCTGAGGGCCCTCAGCGGTGGATATGCTGTCGTCGAACAGGCTACCGGCGCCGCCGCCATACCGGTCCAAGACATCACATCGTTGCAACGTATGGATCTTCCCCTTCGATTCCACGCAGTGGAGGAGGGAGGTGCTGCGGCCCGCCGAGTTGCCTTGAACATGGCCTATCTTCGCAGCGGAATCGTCTGGATCCCCGAGTACACATTGAAGATTGTCGACGAAACGACAGCCGAACTTACCTTGCGCGGTACCTTGGTCAATGAAGCGGAAGACTTGATCGATTGCGACGTGCATTTTGTCGTGGGGGTTCCGCACTTTGTCCATTCCGACATGCTATCCCCGGTCGCGGTTGGTCAAGTTCTACGGAGCATTGGTTCGGCAATTCCCTCATCAGGGGTTCCGCTTCAAAACATGGCACAGGTCATGAATCGCGCTGTGATTTCGAATGATCTTCAAAATGGCCGCGGGCAATCCTTGCCCTCCAGCAGCGTCCCCTCCGCATCCTTCCGCGAGTTGCTAGGAACGCTTCCCCCCTCGGATGCGGCCGGTGCTGGGGATTACAGCGTCTATAGCAAACAGCATGTCACCGTGCGGAAAGGGGAGCGCGCCGTGATCACTCTGATGTCCAAACGCATCAACTACGGGCACCAATATGCGTGGGAAGCAGGTTCAGCAGGAACCAACGGTGACAATCCCACCTCCGATTTGGTGCATCGATTGGTTTTGCAAAACTCCACCGAGACACCTTGGACAACAGGCCCCTGTCTAGCACTCTCGGGCAACCAACCCCTCAGCGAAGACATTCTCCGCTACACTCCCGTTCGGGCCAAGGGAGAGTTAACTGTCACTACTGCGATCAATATCGCCAAATCGATCCAAGAATCCGAAATCGATCGCAAACTCAAAGC
NZ_CP011272.1_gap33	1171329	1174197	2868	TTTTCCGTATTCTGCGGGCTCGCACTGTTCGGCGCGGTCGCCTTGACTCGAACGGTTCTCGAATTGGATCGGAGGGAGCAGCAAGCAAAAACCGAAGCACAGTTGGAAGAGAACATTCGATTGAGCCTCTGGCGGTTGGACTCCCTGCTTGCCCCACTTCTTTCCTCGCTCGCCGTCGCGGGTGAAACAACACTTTCTGAAAGTCACTCCGCAACAGGGTCACCTGACTCTGCTGCATCGTGCGATCCCGTATCGATTCAAGAGATACCGATTCGTGCGCGGCGGGTGGTGAAAGAAGAGGCGCCCGCTCCGCGCGAGCAAGATCCGAACGAGAGCTCTCCCCATTCGCTGACTTCATTGCGAAACAGGATGAGAGAGTATGCTCGATTTCGTTCGCGGGTGATTCCGCCAGGAGACGGGAATGCAGAGGAAGAATTGCAGCAACTAGCCATGAATGGACAGACGCGTTCGTTTGCGGCGAATGAATTCTCGCAGCGCGCTCAGAATTTTACGCGAGGTAATTCAATCCTCATCGAAAACTCCATTCGGAACGGCAGAAACGGCGTCACGGAACCAGGCTGGGGTATTCCATTCACCCCGATTTGGTCCCAAGGCGAATTGCTTCTCGTTCGCGAGATCGAGGAGGGCGTCCCGGCCGTGCAGGTCTGTGTTTTAGACTGGCCGAAACTCCAATCCGATTTACAGCAGCTCATTCGGGATCTTTTGCCCGAGGCGTCGCTTCTCGCTGTTGACCCATTGCCGAAGGAAGGAAGTCCCGACATGCTCGTGACGCTTCCGGTCATCGTGGTTCCAGGGAACCGCGTCGGTGAACTCGCGGGTATCTCGCCACCGCGCGACATCTCTGTGCCACTCGTACTGGCATCCCTTTGGATCGGAATCGGAGTTGCCCTAGCGGGGACAGGCATCATCCTTTTCAGCTTGCTTAGGCTCAGTAATCGACGGGAGCAGTTTGTGGCTGCGGTCACGCACGAATTGCGAACCCCACTAACAACTCTCAAGCTTTATTCCGAGATGTTGAATGAAGGAATGGTACGTGACGAATCGACGAAGCGAGAATATTTGAAGACGCTGGCGGGTGAAATCGATCGCATCGAACATCTAGTCGAAAACGTCTTTGCCTATGCTAGGCTCCGTTTATCGCGACGGGAAATACCGGTTGAATCGTTTCTATTGAAGGACTTTTTGGACGCGTTAGAAGAATCTCTTCAGCGAATGTGCAGGAGGGGAGATATCGGTCTCGAAATCCGTACAGACGACACCCTCAAGCTGCGAGTGCAGGGCAATCGCTCCGCTATATCCCAGATCCTTGTTAATCTCGTCGATAATGCTTGCAAATACGCATCCAATGTCCCAAACGCTCGGGTGCAATTATTTGTCATTCCACCTGCACCGGGGGAGGCGCGGGCAACAATTCGAGTTACTGACAACGGGCCAGGATTTCCAAAAGGAAGCCGCTGGTGGAAGCCGTTTTCTAAATCGGTGGAAGAAGCCGCTGATACAGCTCCGGGGATTGGTATCGGTTTATCGATTTGCCGAGGCCTGGCACAGCAGCAGGGGGGCGACCTCCGCATCTCCTCGGGGTCTGTGGGTACAAGCATCGACTTGATGCTACCTATTGCAACGACGACCTAGCCAGCAAGACGGATTGTGTCATCGTGAATGCACAAGCCAGAATAAACAGGGCGATAGGAATCGCTTCCAGCCCGAACGCCACAGCGATCGAAGAAATCAGCCCTGGCAGGACTACAATCCCGATCGCCGCCGAACTGACTTGAAAGCCGATAGCTTGTGCGGCTCGATCGCTTCGAACCGTGGCGGGAGTTAATCCTATCCAGGTGGGAAACATGGGTGCGATCCAAGCGCCCAGCAACACCGCTGCGATTTGATCGGCGAACGCAAAAGGTGGGAAGGCGATTCCTGCAGCAAGAATAGGACTGATGACTCCCGATGCGGTAAGAATCTGCTTGCTCGACCACACAGTCGTGAGTTGTCCCATGATGAATCGGCTCAATGTGAATGCGATCCAATAGCCAGTTACCGCGCCACCAGCCACACTTGCCGATACACCTCTCCCCTCGGTCCAAAGAGTGAACAGGAGTTGCCCCACCGTCGATTCCATTCCGGTGTAGACAAAGAAAAGAAAACACTGGCCGAGGACTTGTTTGTCCAGGAACGCGGTAAGAAAGGAAGCATGCTGCGGTTGATTCTCGATGGCTTCGTCGTCCGATTCTTTCCATTCCCGTCGAGTCCACCAAATCAACAAAGTCGTATTGGCCAATAGGAATGCCACGATCGCGTAGCCCCAACGCCACGAGAAACCCGATACGATCACCCAAGTCATCAGCAACGGTCCGATGCAGGCCCCGATCCCCCAACATCCGTGAAGCCAGTTGACCATCCGAATGGAGAATCGATGCGCCGTAAAACTGTTGAGGCTAGCATCGATCGCTCCTCCTCCTACCCCTCCCACAAATCCAATCGCAACGGTCAAGTAAAAATACGGGCTCCAAGCAAGACCGGCGACGACAAAAGTCATCGTCGCGCAGCTGCCGATCAGGAGCCAACCGATTCCGAGCCGCTTCGCAAGCCGGGATGCCATCGAACTGGAAATGAGATAGCCAGAAAATGTCGACGCGAGAATCCATCCGAGGGCGTCAAAGGAAACATCGAAATCGCGCCTCATCGAAGGCCACGCAATCCCGAGCATCGCGTCCGGTAGACCGAGACCGATGTATGCAATGGCGGAGATCAATTTGACTAAAAACATGTCGAGAAGCGTAACAGCTCCCGTTGAATCCCTCCAGCCCTTCCGTGGGGAGACGAATCAGGTGTGACCCACTCGCGATC
NZ_CP011272.1_gap34	1175722	1177783	2061	GAAAGTCGCAATCTGCGTTGCAATTGAAAAGAATACCAGTACGATCGAGCGTCGGGATTGCGAATGGTTCCCGGACTAGATTCTGATCGATTGAACACATTGCGGCGAGAAGGGATACGAGCTTACCGATGCATAACGACTTTGCGCTCCTCTTGAATCTAGCCGCAAGCCTCGTTCTCGCATTGATCTTTGGGTTAATCACAGAAAAGTTGCGGCTATCACCTATCGTCGGCTACCTCTTAGCCGGCTTCATGCTGGGGCCGCAAACGCCAGGGATGGTGGCCGATCCGAAGATGGCGGCGGAGTTAGCCGAGATCGGCGTGGTTTTGCTGATGTTCGGGGTAGGATTGCACTTCAATCTTCGTGAACTTTTGTCGGTTCGCAGAATCGCACTTCCCGGGGCGTGTGGTCAGATCCTAGTGGCTACAGCGCTAGGGGCTTGGTTGATGATCGCATCGGGTTTGGGATGGCGATCGGGCATGGTGGTTGGGATTGCGATTTCGGTAGCGAGTACCGTCGTCTTGATTCGCATGCTCATGGACAATGACATCATCCATAGTCCGCAGGGGCACATTGCGGTGGGATGGCTCATCGTCGAGGACATCTTCACGGTATTGGTACTCGTTGCCTTGCCGGCATTTGCTCCTGCCGAGCTGTTGCCCGAGGGTGAAAGCGTCAGTCTGTGGTATTCGCTTTTGTTGGCGGTTGTAAAAGTTTCGGCGCTTGCTTTCGTCGTGGTTGGAGGTGGGCGGTTCGTCATCCCTTGGTTGCTGGGGCTCGTTGCAAGCACGCGTTCTCGCGAGTTGTTCACGCTGTCGATTTTGGCCATCGCCTTGGCGATTGCGACCGGCTCCGCATTCATCTTCGGTGTGTCGATGGCATTGGGGGCCTTTCTAGCCGGGATGGTTGTCGGTCAAACAGAGGTAAGTCATCAGGCGGCCGCCGATGCACTCCCTATGCGCGATGCGTTCGCGGTGTTGTTCTTTGTATCGGTGGGAATGCTGTTCGACCCTTACGTGATGATCGAGCGACCGTTCTTGTTTCTTGGTTTGCTTTCCATCATTCTCCTCATCAAGCCGCTGACATCCTTCTTCATCGTGTGGTTTTTGCGGTATTCCGTTCGTACCGCGATCACCGTTTCCATTGCGCTAGCGCAGATCGGCGAGTTCTCGTTTCTTTTGGCCGAGGAAGCCAACCGATTGGAGCTGCTAAGCCACGACGGCCACACGTTGTTGGTCGCCTGCGCGTTGGTGTCGATCACGATCAATCCCTTGTTGTTCCGAGCGATCGGCCCGTTCGAGTCTTGGTTGAGACGGCGCCCGCGGCTTTGGCAAGCGTTGCTTCGACGATCCGAGGAAAAGGGAGCTACGCACAATCAATCCATCCGCAATCGAATTGAGAATTCCGAAACAGAAGTTCTGCAGAGCAAAACGGCCGTCATCATCGGATATGGTCCAGTGGGTCGGACGGCTTCGAGCATTCTTAAAAAATTTGGTGTGCAGCCCATCGTGATCGACTTGAATCTCGATACAGTCCGAGCGATCTCGGAAACCGGTGAGCTCGCCGTTTATGGTGACGCGACCCGTCGAGATATTTTGGAAGCGGCTGGTATCCTGCAAGCACGCTATTTGTTGGTGACGATTCCGGAGATGCTCGTGCGCACTGCCGTGATTTTGACGGCAATGGACATGAATCCGGAAGTCCGAGTCTTTGCGAGGGCACGATATCTCAAAGAAAAGGCGTGGCTCGAGGAATTGGGAACAAAGGGCATGGTGACCGAAGAGGGGGAGACAGCGATCGGGTTGGCCGCCTTATTGCTACGTGAGCTCAACGCGGACGAACAGCTCATCCAAGAAGAAATCCGTCGCGTACAAAAAGAGTTCTCATTGGGAAGCCATGGCGCAGAGTTGGCCATGCCCGAAGCGGGGCGATCGCAAAAAGGGAGCGTTTAATCCCCGCAACGGTCGTTGCCTTTTTGGTACTATGGCCGCATCTGCCATTCTCCCTACCCTTTTCCCCCCCTCTCCCATGTCGTCAGTCAAGAAGCCTTCCGAGAGCGAA
NZ_CP011272.1_gap35	1185626	1187403	1777	ACGCGTTCATTCCCTTTGACGAGCCCGTACGGCAAGTGGATCAGCATGGTGGATACACGGCGGCAGCTGGTCACGCGCTCTATACCGCTCGCAATTACCCACCGGCATGGTGGAACAAGATTGGTATGGTCTGCGAACCAACGGCCCACCTCGTCGGGGGCTTTGTTCTGGAGAAGGATGGTGCGGGCTACAAGAGTCGCAATACGTTCAATGTCGTGGCGAGCTTGGACGATTGGGTTGCACCGATCATGTCCGAGGTAGGCCCGGATGGAAACGTCTGGGTTCTCGATTGGTACAACTACATCGTTCAACACAACCCGACCCCTAACGGATTCCAAACAGGGAAAGGCGCTGCCTACGAGAGCGATCTACGCGACAAGCGATTCGCGCGCGTTTATCGACTTCTCTATAAACAAACGAATGCACCTACCTCTCCACAATCACTCCGAGACGCATCGCTCGACGCCCTCGTACAGGCTTTGAAGTCCGACAATTTCTTTTGGAGGCGGACCGCTCAGCGACTCTTGGTCGAACGAAACTCCACCGACGCAGCAACCTTGCGTTCCCTCGTGGATTTGGTATCCGATTCCAAATTGGATGCGATCGGGCTTTCGCCTGCCGCCATGCATGCCATTTGGACCCTTTCGGGATTGGTGGAGCAAGGCAACGAAGCTGCCCGAGATGCGTTGAGAAAAGCATGCGAGACGGGTATTCGTCATCCATCGAGTCCTGTACGACATGCAGCTGTTGAGAGTATGGCCCCTGCCGATTTGCAAATGGCATCGAAGGCGGGTTTGTTGCAGGACAAGGATCCGCGCGTTCAACTGGCGATGCTTCTACGTTTGGCAGAAGATGCATCCGATGCCATCACACCGGAAGCGCTGGCACAGCATTTGGTTCAAACTCCCGCTGTTGCAGACGACTCGATTCTTTTAGATGCTTGGACCTCTGCTGCCTCCAAGCACGCTGTCCCTGTTTTAGCGGGACTCGTTCACCAAAAACAGGAATTCAGCGTCGCAGTCCAAGACCGTATTGCAGTGCTCGGTGAGCACGTTGCTCGTTCCAATCCAACCCCAGCCGATCTCGAGAAATTGCTGCAAGGCGATCCCCGTTCACCGGCTCACGTTCCGGTCTGGCAAGGCTTAGCGAAAGGCTGGCCTCGCGAAGGAAAAGTGGAGCTGTCTCAATCTGCGCAGGATCGCATTCGCAAAGAGTTCTTGGCAGAAACGATTCCCATCGAGAACCGCGCCGCGTTGTTATCCATCGCCGACAAGTGGTCGATTGCAGGGTTGCCGGAGCTGGCCGAACGGATTCAAGGCACGCTCTTCCAAACAGCACTCGACGCAAACGAGCCAATGGAAAAAAGATTGGAGGCTTGGGACCAAGCGATCAAATTAGCACCGACGAGCCCGAACATCATGCGAGCCGCTCGTCAGTTGCTTACGCCTCAATTGGCACCCTCCCCTGCAATGCGAGCCTTGATGTCGCTGCAAGCGGCTCGCGTCGAGGGACTCGCCGATGAGGTCCTGCTGTTGCGCAAGAAACTCAGTCCTCAGGTAGCGAGCGCTGCGTTAACGTTGTTGTTGTCGCGCGCGGAAACCACACGAGAGCTGCTCGACTCCATCGCCGACGGGAAAGTTCAGTTCCTAGATTTGCAATTGGATCAACGTCAAGCGTTGATGAACCACCCGATGCGGGAACTGGCTAACTACGCTAAGGAGTTGATGGCCAAGCAAGGGGCATTGGTTTCAACCAACCGGCAGTCGCTCGTTGACGA
NZ_CP011272.1_gap36	1233278	1235474	2196	GCGCTATGGTCATAGAAGCCGCATTTCTGCGCGATTTCTGAAATCGACAAATCGGTATGAAGCAGCAGTTGCGATGCCAATCCTATGCGCGTTTTCGCGATGTACTGGGTTGGCGTCAACCCAAAGACCATTTTCATAGTGCGCGCGAAACGATGAGGCGGCATCTTGGACTGCTTTGCAAGCCACGAGGGTGACGCGTCGGGAGGAAGGTTCTTTTCGAATCCCTCTAAGGCGCGCGCGAACGAGGGTGGGACAGATGCCAGCTCCACCGCCATGCGCACATCCTTCGAAAAGCCGACGATTCCTACCGCTTGCCCGCTATCGCTCAGGAGCGGAAGTTTGGTCGTCAAACACCATACCGGCTTCCCCGATAAATCCCATTGCATTTCCAAATGATCGATAATCGGGTAGCCCGTCCGCAAAACCTGTCGATCCTGTTCCGAAGGAATGCGTCCGAAGTCTCCGCTGCAGATTTCAGCCGGATTCTTTCCAAGCACTTCCGCTTTCGCATGAAATCCATGTCTCTCTACCAAGGACTGATTGACTGCAAGATACCTACCGCTCGAATCTTTGACGAAAAATGCAACGTCCGGTACTTGATCAAAAAGTTGCTCTAAAACTGGAATCGGAACGCTTTCGATTTGGGGAGGGGAAAGTCGAGTTGGATCCATTATGCGCGTTTTGACATTGGGAGGGTGGTGTTCTTGCAAGACGCTCAACAAGTGTGTACATAAACTAACGAACTGTTGATGATTTAGGTAAAGACTTCAAAAAATAAAACGTCGATGCCACGAGTGACGTGCAATGCACTCGGGGGGTGTATCCCCTATTTCTTCTTCAACACCCCCCTTGCAAGGAGCATTGTCCTTTGAAGATCGTCCGTGTTTTTGCCCACCGTGTTGACTTGCCTCTCGTTGAAGGTTCTTACAAGTGGTCGGGTGGGAAGTCCGTTTCCATTTTCGATAGCACGATCGTCGGAGTGGAGACAGATCAAGGCATTGTGGGATATGGCGAAGTATGCCCGCTCGGCCCTTTTTATTTGCCTGCTTACGCGGAAGGAGTACGCGCTGGGTTGCGTGAACTCGCCCCGCATTGCATAGGTTCAGATCCTCGTGAACTGGGGAAATTGAATCACCGCATGGATGCCGCGTTGAAGGGGCACCCTTATGTGAAGTCGGGAATCGACATGGCATGCTGGGATATTCTGGGTAAGGTGTCAGGACTGCCCGTATGCCAATTACTCGGCGGGCGTTTCGGGGAACAAGTTCGACTTTACCGAGCTATCTCGCAAACTCCTCCCGATGAGATGGCGCGCAACGTCGCCAATTATAAGTCAGAGGGATATACTCGATTTCAGCTCAAGGTCGGAGGCGATCCCGACTTGGACATCCAACGCATCCGGCAAGTCCGCGAAGTACTGGCTCCATCAGATCGATTGGTGGCCGATGCGAACACAGGGTGGACACAACACGAAGCGATGCGAGTTGTTCGCGCAGTGCGTGATCTAGACGTCTACATCGAACAACCCTGTCTCACTTACGAAGAGTGCTTGGCCGTCCGTCGCAACACGGATCACCCTTTCGTTCTCGACGAAAACGTCGATGGACTGGATATGCTCCTACGCGCCAAGTCCGATCTTGCCATGGACGTGGTGAATCTGAAGATCAGCAAACTCGGCGGATTGACAAAGACCAAACAGATTCGCGACTTGTGCGTCAGCATGGGCATCGCCATGACATTGGAAGATAGTTGGGGCGGTGATATCACGACCGCAGCAATTGCACACCTAGCGCATAGCACTCCTGAGGAATTCCGATTCACCAGCACGGACTTCAACAGCTATGTCACCGTCAGCAATGCCACAGGTGCGCCTCAACGCGAAAGAGGCTTTATGAAAGCGTCCGATGCACCGGGCCTGGGGATCGAACCTCGTTTCGAATTGCTCGGGCCACGCGCTGTGGATATCCATTGAGCCATCAATCCCGTTAGACATTCCATCGAGACTTCAGCTGTCGCAACGCACCATGTTTCCATTCCACCGCTCTATTGGCATTGTCGCTCTTTGCGTTCTCGCGGGGGTTGCTCGTTTCGCACCCGCGCAATCGGAATCCCTTGCTCCGTGGCCGCCCCACGCGGAGTACTGGCTCAAGCAGATTTATGAGCAAGGAGTCTTTCGGGCTGCGAACGGGACGGTCG
NZ_CP011272.1_gap37	1251805	1255598	3793	GAAAATGTCATTCGCCTTCACTACGACAAGGAGGAACGGATGATCCCTATGCGAGACGGGGTCTCCCTATTCACCGCCATCTACACCCCCAAAGACAAATCGAAAACCTACCCCATTCTGATGAAAAGGACCCCCTACTCGTGTGCGCCCTACGGGCCAGATGCCTTTCCGGCTTCGCTGGGCCCAAGTGAGCATTTCATCCGAGCAGGGTATATCTTCGTGAATCAAGACGTTCGCGGTCGGTTCCTCTCCGAAGGAACTTTTGAGCAAGTCACTCCGCATCTTCCCACCAAATCATCGCCGAAAGATGTCGACGAAAGCACTGACACGTACGACACCATTCAATGGCTGTTGGAACATGTCGAGGGAAACAACGGTCGAGTCGGCATGCACGGGATCTCCTACCCAGGCTTCTATTGCTCAGCAGGGATGATCAATGCCCACCCCGCCCTGCGCGCTGTCTCCCCACAAGCTCCCGTGGGGGACTGGTACTTTGACGATTTCCTTCATAACGGAGCCTTCTTTCTCGCCCATGCTTACCGTTGGCTCATGAACAATGCACAAGAGCGATCGGGCCCGACGACCATCAAGCCGCCGAGTGGCTCTCTCCCCTCACTCGACGGATACCATCTCTTTCTCGAGGCTGGAACGATTCAAGAAATCAACAGCAGGTTCTTGAAGGGGCAAGTTCCGTTTTGGAATCAGATGATGGAACACCCCAATCGGGACGCGTTTTGGCAGAAACGAGCCATACTTCCTCACCTTCAAAACGTCGCACCTGCCGTCATGCTGGTGACCGGTTGGTATGACGCCGAAGACCTCTACGGCTCCTTCAAAACCTACCAAGCGATCGAGAAACAAAACCCCTCCGTGAACAACGTTCTCGTCGTCGGGCCCTGGATCCATGGGGGCTGGGCCTCTACCGACGGCGAAAAGCTCGGAAATATTCCCTTCGGGTCCAAGACGGCATCGTTTTATCGCTCCGAGATCGAGCTCCCGTTTTTCGAACGCAACCTCAAAGATGCCGACCACCCGAACTTGCCCGAAGCAACAGTCTTCGAAACCGGCGGGAATCGATGGCAAACCTTCGACGCTTGGCCTCCGAAAAAAGCTCAAGAGCAATCCTGGTTCTTCGGCGAAAACCAAGGCTTGTCCACAACACCTCCTCAAACTCAGGAAGACAAAACCGGAGACTCCTACGTCAGCGATCCTGCCAAGCCGGTCCCCTACACGGAAACCATCACTCCCCGAATGACCGTAGAATACATGGTCGAGGATCAACGATTCGCATCTAGACGCCCCGATGTCCTCGTCTACCAGTCCCCTGTTCTCGAGCAAGATGTTGTGGTCGCAGGCCCCATCGATGTCGAGTTGTGGGTCACGACGACCGGTACCGACGGCGACTTCATTGTGAAGTTGATCGATGTGATGCCGGATGGCACGAACGCGGCCATTTTACCCAACTACCAAATGATGGTCCGAAGCGAAGTGATGCGAGGACGATTCCGCAATTCGTTTGAACATCCCGAACCCTTCGTCCCCAATGAACCGGCCATCGTTCGATTTGAACTGCAAGATGTGTTGCATCGATTCCAAAAAGGACACCGGATGATGGTGCAGATTCAAAGCACCTGGTTCCCACTCGTGGATCGAAATCCACAGAAGTTCATTCCGAACATCTTCCTCGCCGAACAGGACGATTTTCAACGAGCCACCTTTACCATTTTGCGTTCCCGAAAGCATCCCTCGGGAATTCGAATGCGAGTGCTCGCTCCGTAAGCAAACGCGTTACTCAGTCTTCCAGCGCTTGGCAAACTCCCAGAGCCTGGGAAAGGAGGCGAAGGCAAGGGGTGGAACGACGGCGCGCCCATCGACTTCTCGAATCGCGATCTGAGTACGCTTATCAAACAACTGCTCGATGGGGATTCGCTCTCCCACATCGAGAGCATCGCATAAATCTCCCAAGATCTGATCCGGCTGCTTGCCGCGTATAAGCGCGATCTCCCCCAATCGATATCCATGTTTGGCCAAGCGCACCGACCACTGCCAATCTTGGAACGTTCCAATCATCGGATCTCGCACCTGGAGCGCATCCCGAAGTTCGCAGTCCGGCAACGCCACCTTGTCCGAACCAGCTGGAACTTGTGGCGATACGACTTCCACGGGCTTGGTCACTATCGAATCCACCGAATCGGATGGGTGCAACGGCATGACGTCCTGAATCGATTCGTTTGCACAACCATTTTCCGCTAGATCCGCCGCATCGATTTCTGTCGCATCGATTTCTGCGGGCATCGGTTTCGCCAGCGACACGGCAGATTGAGATTGATATCGAGCGCAGGGATGGACGATTTCGTCTGGCCAAACCCCGATACCATGAAGCATTTCCAATCCAGATGGGCTCACCGACACCGTCACCTTACCCGCCCTCAACTCGGTCAACAGCAATACCGACTTGTCCAAAAGCAGATCCAAAAAGCTCGATACATGGCTCTTCTTCCAATTCGCCAACAACCCAAACTCGGGTAGTCGCTGCAACCGAAGGCCTTGGATGGCACGATTATCAATACCGGAGAAAAACTGAGCGAGGATGGTTTTACTCAGATACCCATGGGTTCGTTCGATCGCACCAACTAGCTTGCGCAACAACTCCCGCGCATCTTCTTGTTCTGTGGGCGACGGCACGACTTCCCCTGCCGAGACCTTCGCTTTCTTGCTTACCTTCTCCGCTCGTGGCTTGGGTACCTTTTTATCGACGCCACCATCCCCCCGATCGGCAGGACCCAGGCTAGCCGCTGTCTCCTTCGATGAAATGCCATTTGTCGTAGCCGCTGCGATGTCCAAGTGTTTGACCGGCTCGCTTGGCTTGACCGGCTTTGGGGCCAGTCGATCCACAGGGATCTTCGGCCACCCCGCTTTGCCTTGACAGCGATCGCAGATATTGCAATTCGCGGCAGACATATCTCCAAAGTACTGAAGAATCGCCTTCTGCCGACAGCTGCGGCATTGGGCAAAGGCGACCATTTGATCGAGTTTCTCGTAATCCGATTTCTTGCGTGCATCGAGGGAAGCGTGATCGATGCGCAATTGATCGAACGGAACATCTCTCTTTCGAAAGTGAATCGCTCGCCCTCGAAACGGAGGAACATACTCGAATCCCGGCAGAGAACAGAGATCTCGCAGATGCCTGGAAAGAGTATCCCGTTCCATCTGCAACTGATTCATCAGCCAGCGAGGATTGATGTACACCGCTTCATCGCGTCGATCGCCGACCGCCTTTTCGATCGCGCGGAGAACACTCCGTTTCACCGTCGCATCTCGAGGCAAAAGGTCGACCAAGGTCGGTAACTGGCTTTGGATACGAACCATCGCCAATCCACCTGCGACCTCCAATCGCTCCAGCACATCGGTCCTCGCCAAGATCTGCAACGCGGAATTCACCGCTTCCGAAGTCGTCGGCGCATTCATCAACTCCTTGATCTGCTCCGCCGTCAGTTCGATCGGATCCTCCTCGCGCTGGAGCAAGAACTCGTACACCGACTGAAGCACCTCGCGGGAAGGATTGGCATTCTCAATAAAGAATTCTTGGATGTATCGGTCTTGGGCGCTATAGAGAAGGACGCATTGCGAGGAGTGGCCATCTCGGCCCGCCCGCCCTGCTTCTTGATAGTAAGCCTCCAATGTCCCGGGCATGTTGTAGTGGACGACATATCGCAAGTCCGATTTGTCGATCCCCATCCCAAAGGCGTTCGTGGCGACAATAGCCTCCAACTCTCCTCGCATGAACTGATCT
NZ_CP011272.1_gap38	1401094	1404592	3498	AGAGCGCCGACGTGATCGCCATGTCTGGCGACATTCAAAATATTCCGCGTGCGATAAGCTTGTCGAAGGCCGTGATGTTGAACATCAAGCAGAATCTGGGCTGGGCGTTTGGCTACAACGTTTTGCTTATTCCCATTGCAACCGGCCTGCTTAAACCCATGACAGGTCTGAGTCTGTCACCGATAGCGGCAGGTCTGGCGATGAGTCTCTCTAGCTTCTTTGTCGTGACAAACGCATTGCGATTAAGGTCGTGGCGATGAGTTCGGTTTCGAGCCGCGCCTGAAGCGCGGCCCGAAACAACAGACTCTTCCTTTTACTTCCCGGTTGTTGCTATGCAATCATTTCTGAACTTGCTTGAGCATGTCGCGACATTCCTTCGCGCACTCTCGGCAGGATTTAGCACATGCGGCCATATGTTCATCATCGGGAAATTTTTCACACGCAGCCGCACACTCTTCACAACACTTGGCGCAACATTCGAGCATAGGCTTAGCTAAGGGACTGTTGCGGGCACACAGTGTCGCGCATGTTTTGCAGCACTCGGCGCAGTCAGCGCACATTCTAGCGGTTGCCTGATGCTCCTTTTTCCCTTCCGAAAGCATTTTCAGGCAATGATCGAAACAGCTATCGCACTCGACTTGGCAAGCGGCACAGACTTCGGCGCATTTCTTCATTTTCGAATCCTCATGTTGGTCAGCAAATGCCGCGAGCGGAACAATCGCGGATAGGGCGAACGCGGCAACAAGTGAAAAGTGGGACATAGCAAACCTCACATTGAATTGGCTTAGATGACCTCGAAAAGTTCGAGCCTTCGTGATGAAGCCCCCGCAGCACTCATGCCGGAATGCGGTATTTCTTGCAGATAAAGCAAGTATCGAGAAAATGCCAAAAAAATCAAAAAAGCTGTGAAGGCAATTCAATTGAGCTTCATCTGAGCACTCAAGCAAGATTTGGCGAGCATTCTGCAAACGACTGGAGCAGTGCCGAATCTGGATGAGCGCCAATCGAGCAGGACGGGTGCACCGCGTTCGAAAATAATCCAAAGTTCGCTGAAGAAAGTGTCTGCCAAATGCATCCAAACTCAAGGTTGCGGAAGTGGTTTCATGCAACGCGAGGTCCAATAGTGAAATACGAGGTTGAAAAATGAAGTCAGTAGCTATGTTTTTGATGTTGGTTTTTTTTGCGGTTAGTCTTGCAATTGCGGCGAGTGTCGCAAGCAACCCGACCACTGATGTGTCACAATCATGCGTTTGCTCCAGTTGCTGTACCGACGGCGGCTGCTGCTGTGAAACCGGGATTTGCAGCTGCGTACAGTGCACATGCGAATGCTGCACAAGCGATTCCAATGCCTGTGAGGCCACTTGTTGCGGAGGCAAAGAATCCAGCTCAGCCGCCAGCACGCTCACACAGGGTGTCGAGAGTGGTACGTGCCCAATGTGCCCATCCGAGAAGGGACTGAAAAAGGTCGTCTCAGGTGCCAAGTAGATTGTCAACAATACTAACCCGTTTGTTAAACCGGCAGGTTGTCAAAGAGTGTTGGTTGTCTTTAACGACCAACACTCAATGCGAGGCTAGCTTCGCATTGGCCTGAAATGTTAATTAGGAAGCATTGAACAAAAATTTGTCTCGACGATCGGGGAGGAATCGTTATATCCACAAACGAAGAAGGAATTGAGCGCGTTGCCATGCGTTATGAGACATTGGTGATAACGGATGCAGCATTCACGCTCGCTCCGCGAAAAATCGATAGGCTTGTGTATTCACTACTTCGACGCGTAGGTATTGCCGACTTCAGCCTGCTCATGTGTTCCAACGTCGAACACTTAGCTGCATCCGGACAAAAGTTACCCGACGGGATTGAACTAATCCTCAAACAAGCGAACGCTTGTTCGTCTTAGCTTGATTTTCGCTGCGCAGCGGTCACCGAGCCAGCAGTGCTGGTCGCTTTTTTTCAATTGCTTGCTCTCCATTGTTTTATTTTATCTGGGTTAGGCGTTGCGGTTACGGTTCGCTTTGGACTTACGATGCCCCAAGCTCTTCTTGCTAGCTCGTTTCCGTGCTAGCGATTCGATGCTACAGATTGAGCACAGCACACAATCGGAAGAATGCTGATGTGTAGTCCGTCCAGTTCAGGAGCCGATGAATCGTTTTCCTGGCATGTCGTAGAATTTGGCATGGCACATGAATGAACACGGACAGAAACGTTTTAAATTCCATTGTTAGGAGCCGTTTCTTTTCTGCTTGATGTTCTTGCTCTTGACCAGTCACCACGGGGGTCAGTAGTGCAGACCAGGATTTTAGGTTCCACGCAATACTCGTTATCACCATATACGCCCAGTTGCTTTCCAAATTGTCCACCGGAGCGCACAGCGATCGAACTCCACCGGAGAGTTGTGCTATCAAATTTTCTTGGTCGCATCGGTCATTGCAGCCAAAAACAATGTCCTCGCTCGATACCGAGGGCATGTCGTTGCTGATGTAAAAGAAGTAGCGGATCTCGTCGATGAGCCGAACATCGCCCTGCTCTTTGGAGACGTTCTTCCGAACAACCACCATTCGATACGTTTTCTCGCAGGCGTTGGGTTGGTATTCGAACTCGGCCACTTCCTCATGTAGTAACTCCAGATGGACGTAATTGCGTTCCCGAATGATTTGGCGTTTGACATTGGTGGGTTTGGTACGAGTTTCATTGGTCTTGTTTTTTGGCAAGGCGCGGGTGAGTTTCTTCCATGCCGACGCATCCAAGTTGTCTGCGATTTCCTTCAGATTCGCTCGCGCCTCATAACCGAACTGGAAGCGTACTCCCAGGGCGTCCCATCCGTCGAGATACTCCGTCTGCGAGAACTTGCAGTCCCCTCGCATTCGAATGCGCCGGAAGCCTCCAGCGATACAAGTGCAGATCGCCTTATCTAAGTAGGCTGCCGCGTTGTGAGCGCTGTGAACCGAACCGCTGCGATTCACAATCGCAAGTACTTCTTTGGTGTTGGCTAAGCTGACCAGCAAAGGGTGGTATCCCCAACTCCCCTTGTACGAGATATCCATTCCTTCTTTGCACTCGGCTGTAGTTGCCACGATAACGCCATCGACATCGATAAGGGCTTGGTCAAAGAACGCATCATCCTGTTGTCTCCATACGTTGATCCTGGCTTCGTTAATAGCTTGCATCAGGGAGTCGATGTCGGATTGATGGAATCGACGGCAGAAATCGCCTGCCGTGGTTGGATCAGGAATCGAATCGGCACCGATCGCATCGAGGAATGTCGAATCGTTTCGAAGACGCTCCAAATGCTCCAGCCTCGTTCCGTTGCATAGAACATTCATAACCATCGCGAGGACGTGGTCGGATTCATGATAAGGAGCATGTGACTTTAAGAGTTGGACACGATGATTGATGGCATCGGTCAATCCGACATGCCCGGCGAGCTTGAGCATGGCGGAGACACCAGCGTAGCTGATGGCATGGGTGCGATCAGCAAGTTCGTATTTGACAGAGTTGGT
NZ_CP011272.1_gap39	1447955	1451068	3113	GAGAGTTCGTCGTAGTTGAATCGCTCCTGCCAAGCGATAACGGCACCCTCGTCCATCGCGGCTTGATTCTGACGATAGAACTCGGTGGCCGCTTCACCACCATCACCGCCACGCATCCCTTCGGCGCGGATCTCGGCGTAACGTTCCCATAGCGTATCGTTCTTGGGGAACGCATAGACCATCTTTGTCCGCTCGCCATTCCATTCGGGATGCCGATTGCGATCGAGGATATTGTCGGCCATATCACCCGGGCGAATCACGGTGCAGGGCATGATGCCCGATATTTTCTTGCCCGGCCCGGCCAAGCCAAGGACTGCGCCGGCGAGGATGCTTTCGCGATTCGCGCATTGCGAGAGCGAACGAGCGCTCTCATCCGTTTGCGGGTCATCGAGTACCACAAGACTCGGACGTACTGTTCTGCCATCTGGACGCTTGAACTTCATACCGCGGATGCGACCCGTAAGGCCGGCGACCTTGATGATCGCTCCGCTAGCGCTGCTACCCTCGATTGTTGGTAAGACGACTTCTTTGGCGGTCCATCCGATCTGCGTGCGCTTGCCTTTGTAAAGTTGACCATTGGCTCGATTGGAAATCCCATCGAGGGCTTGGATCGGGAAGCAGACCTCGGGGAAGTCGGCTAAGAGCAGCTCGTTGCTGTCGAGTTCGGTTTTGATTGAGTCGAGCATGTCACACGCATGACCTTCATCGCTGCCGATCAAACATACGAAGTTACGATGCCCGTAAAGCACCGCCCATATGCAAGCGACTTCAGCAATCGAACTCTTGCCGCTACCACGCGCCATCGCGAGTGCAAACAAACCGCCATGCACAACCGCTTGCTCGATCTTCTCGATGACCTTGATGTGGTCCGGCGACCAGGCGAGATGGAACGTTAGCGGAAAGTATGTTTCACAAAAGTATCGGAAGTCTCGCGACGCCCGATCTTTGCGATCTGGGTTATCGACCTCTGGTAGTTCACCAATGTCTCGACCTGCAAGTGCGAGCGCTGCATTGCGTGCGCGAGCTCGCTCCTTCATCGCATCGTAGGGATCGACACCGTTTGTCGTACGAGGTGTATGTCGTACGACATGCATCCATGCGCAATAGCGAAGCAAATCGACGGTCTTATTGTCGCCGATGCGTGCGCCGGCGCGTTGACGATGGCGATACAGTTGACGCTCGCTGATCACCTCGCCTAGCGGCGTCGAGTTCAGCAGTCGGCATAGCTCGCTTGGTTTTAGCTTCCTCGGATCACTCGCCACGTCCCATCTCCTTTGCTTGCCACGCGCTGTAGTGCACGAGGTTGATCGTGCCATCGGCGTTCACCGGCGCACCGCTTTGTATGTCAAGGCGGATCTTCTCTGGATCGATCCGCTCTCGGTATGCGGCCGCAAGTAGCTTCGCCGCTTGTTCCACCGGAATCCTCGTCGGATCGACCTGGCCCGTTCCTTCACTCATCGCATTCCTCCGTGACTTGGGATCTCGAAACGTGGGGCCACCGTTTGCGCACGGTCGCGTTTTGGCCGCATGTTCGCCTGGTTATGCGGAGCATGTTTGGACGCGATGGTGGCGTAATGCTGGGGCACCGGTGGCCTCTCAAAAAACATGGAAATTACTAGGAAAACATGCAAGACTTCGCTTGAGGTTCCTCGAAACGCATGGCTCATGTGTGTCATCGCGACGCAGAAAACGCGACGCAAAACACACCTCGAACCACAAAGGAACAGAACGATGAACGCAAACGAACTTTCTTGGGGAATTGAATTCGAATGTACGCTTCCTAGCACCGACAACACACCGATCGGCCCCTACCACAACGGATACCAAGTACCCTGGCTGCCAACCGGATGGAAAGCAGAACGCGACGGGAGCATCCGACCCGAGAACGCCAGCCGCAAAGGTTGCGAGTTTGTAAGCCCAATACTCAAAGGGGTTGAAGGCGTACAGCAGATCGAGAACGCGATCGACCAAATCAACGCTCGCGGGGGCCGAGTGAATTCCAGCTGCGGACTTCACGTAACTATTAGCTGGCACGGAGACGCAGCCGCCTTGGCTCGATTGATTTCCTTGGTCGGCAACCACGAACGAGCGATCTACGCTTCGACCGGAACCCGCAAACGCGAACAGATGATGTACGCCAAGCGAATCAAACAATACGGCAACAAAGACAACGCCAAGAGCCGATGCGAATCGGATCGCTACCACCTGCTGAACTTGACCCACCTGACCCGCGGCAAAAACCGAATCGAATTCCGAGCCTTCGGCGGAACGCTCAACAAGACCAAGGTGGTCGGATACCTGATGATGGTTTTGGGTTTGGTTGAACTCGCCCTCAATACCAAACGATGCAGCGAATGGGATTACATCAAGAAGGAAGGAACTAAGAGTTGCTGGGATCGCCCTGGTGCCGGCCTTGGCGAAACCGAACTCAACCGATTGTTCTACCGACTCGGATGGACCAAGGGTTGGTACAAGGGTGCCCTTCGCGACAAGGTCTACGGAGAGATCGCCGGCGAAACCAAACCGGAATGGAAAACGATCAAAACCAAACTCCTCGAGCTCGCCCGCAAATACGACCACGCGGCCTAAATCGCAACCACATAGAACGCCGCGAACGGAATCGCGGCGTTCTTCCGCTTGGTCGCAACACTTGCGCACCGTCGCGTTCTTCACACCGCATGCGACCAAGTACCCAAGATCCAAACGGACGCAACACACGCGAACGTTGTGCGACACGCGGCCGGCGAGAAAGCTGCGAAAAACATTCTGAAAACATGCCGTAAACGGCTTGAGGTTAATCAAACCGCATGGCTCATTTGTGGCATCACGTAAACGATTCCATTCCCTTTCCCAAACGGAGAAACACAGATGAACGACACGAATCAAACGAGCGCCGAACAAGCGATCCAGGACCAACTGCGACGGCTCAAATGGATGATCCCCGATGCTATGCGCCGCATGGACGAGGCGGCTCAATGCATGCTTCGTCGCGCTCAAGGTGCGGTCAAAGACACCGAGGCATTGCTGGCCGACCAACCATGCAGCATGTCCTGGGTCGATTTCGCCGAGGGCGACCTCCGCGCTGCACGCGAGGCCAAAGCGGAACTTGCAAA
NZ_CP011272.1_gap40	1459278	1459963	685	TGCTCGACACGGATCGACTTGAAGTAGGTTTGATGGTCGAGTCGCCCAGATGCGTAGTTGTAGCCCGACGAATTTCCAGCGGCGACATTGAACGGCATGTTCAAACAACGTGCGATTTCGTTGAGAATCTCACGCTTGAACTCGGCGTACGTGGTCGCCGGTTGCTCAGCGTGCATCTGAGCCATCTTCCAACCGCCAGGCATCGTTAGGAGCGCTCGCTTCTCCAGTTCGATCGGCTCGAACGGTTCCGCGGCGTCGGCTTCGCCACCTGCGGGCGCGTCGGTGTAGAGAATCCCGGCAAAGTCAGCTGCTGTTTCTGCGGCAGCAAGCACTGCTAGAGTGAATCGACGAAGTTGTGCGAAGAGTGGCAGCGCTGGCGTAATGTCAGGAATACCACGAATCTGCCCTGGCCGATCACTGCGAAAATAGTGAAGGACCGAACTGGCGTCGATCGTGTCATAGTTCTCTGTCAATGAGAATGCGTCATCACCTGGATGTTCTCGGAGCACATCGTATGAAATCGGATTGCCATGCTCATCAAAGCGGATGCCATCGAGATAGCGATAGCTGTCAAAGGCCAAGAGAGGCGAACTAACCTGTTCGGCCTCGACCAGCTTTAGATCAAGTTGAACCGGCGAATCAATTCTCGGGTTACTGGTTAGCAAACCAAACGATTCACCGTCTG
NZ_CP011272.1_gap41	1463874	1467491	3617	TGACGATACAACTGCCGCTCGCTGATCACCTCGCCTAGCGGCGTTGAGTTGAGCAGCCGGCATAGCTCACTTGGCTTTAGTTTTCGAGGATCACTCGCCACGGCCCATCTCCTTTGCTTGCCAAGCGCTATAGTTCACGAGGTTGATCGTGCCATCGGCGTTCGCGGGCGCACCTTCATGGAGATCGCTTCGGATCTTCTCGGCATCGATCCGTTCTCGGTAGGCAGCGGACAGAAGTTTCGCGGCTTGTTCGATCGAGAGTCTCGTCGGATCGACCGGCTGTTTGTCTTCACTCATCGCATTCCTCCGTGACTTGGTAGTTCAAAACGTGGGGCCACTGTTTGCGCCGTGTCGCGTTTCCCCATCCACTTCGCCTGGTTATGCGAAGCATGTTTGAACGCGACGGTGGCGTAATGTTGGGGCACCGGTGGCTTCTCGAAGAACATGCGAAATTGCTGGAAAAACATGATGCAATTCGCTGGATGATTCCTCTCCCGCAAGGCTTCATGTGTGTTGTCGCGACGCGAAGAACGCGACGAAACACAAACCTTGCACCCCAGAGGAACATCACCATGAACGCAAACGAAATTTTCTTTGGTCTGGAATTTGAGACGACGCTTCCGAACAGTGACACCACACCAATCGGCCCCTACCACAACGGATACCAAGTCCCTTGGTTGCCAAACGGATGGAAAGCGGAACGCGATGGTAGCATCCGCCCTGAGAGCCCATGCCGCAAAGGATGCGAGTTCGTAAGCCCCAAGCTGAAAGGTTACGATGGCCTCAAGGAAATCGAGGAAGCGATCGACCAAATCAACGCTCGTGGGGGACGAGTCAATTCGAGCTGTGGTCTCCATCTTTCGATAGATTGGCGTGGCGACGCAGCGGCACTCGCACGACTGATCTCCCTGGTTGGCAACCACGAGAAAGCGATTTTCGCGAGTACTGGGACTCGCCGCCGCGAACAAACGATCTACACCAAGCAGATCAAGCAATACGGCGACAAAGACGCTGCGAAGAATCGATGTGAAGCGGATCGCTACCACCTGCTGAACCTTACCCACCTCGCTGCCGGTAGAAACCGTATCGAATTTCGGGCTTTCGCAGGAACTCTCAACAAGACCAAGGTGGTCGGATACCTGATGATGGTTTTGGGATTGGTAGAGCTGGCCCTGAACACCAAACGCTGCAGCGATTGGGACTACATCAAGAAGGAAGGAACCAAAAGCTGCTGGGATAGACCAGGCGCCGGCCTTGGGGAAACGGAGATCAACCGATTGTTCTACCGCCTCGGTTGGACCAAGGGTTGGTACAAGGGCGCTCTTCGCGACAAGGTTTACGGGGAGATCACAGGGGAAACCAAACCGGATTGGAAGGCGATCAAGACCAAGCTGATCGAGCTTGCCCGCAAGTACGACCGCGCGGCCTAGGACTAATCCAGACGAAACGCCGGGAAAACAATCCCGGCGTTTTGACGTTTTCTGGCCCACCATTTCGCCAGTATGGCGTCGGCTTGAGTAGTTCAAAGATAGTGGGCAATCGTCTTCGGCGTCGTCGCATATCGCGTTTTGTGCGACATGTCGCAGATCAGAGAAACCTGTGAGATTTGCCATTAATCCTCGCATGTTCGGCTTGAGGTTATCTAAACCGCATGGCTCCATGGTGTCATCGCGTAAGCGATTCGAAACCGAGTTCCCAACGGAGACACAAACATGACCAACGCAAGCAACCCACACGCAGCGACCGACGCGACCCTTCGCCAAATCTTCAAGGCGATGGACGCCCACCAAGCCCAAGAGATCCGCGAAGCCTACTACAAGGCGATCGAGGGACTGATGACCTTGGCTGAAACCCTCGAAGTCGCCGACGCACAACAAACCCCCAGCGCCGGCCCGCTTCTCACCGAACACTTCCACGCGGTCCAAGCGTTGGACGCCATGAAGAACAGCCGCCTCGGCAAGATCCTCTAAACCCAAGAACATAACGAAGGAGAAATCAACATGAAGCTCGACACCTTGATCGAAATCCTGAACGACTACCGCGAAGAGTTCGGAGGCGACGCGGAAGTGCGATTGATGACCCAGCAAAATTGGCCCTTTGAGAACCGTATCTGCGGTGTAACGAGCGGGCGCGACATGAACGAATCGGATGAGGACGATGACCAAGATGTCGCTGACGACCAAACGGTCTACATCGTCGAAGGGGGGCAAATCTGCTACGGCAGCAAGAGGGCTTGGGAAAACTACAAGGATAGCTGAACGCAAATGTATATCGGACAACTTCATTTGGTAACCGACCTCGAAGACGGAGATCGGGCCTATCCAGAGGCGAACGTCTCGTACGAAATCGAATCGATTGACGACTCTTCGCTCAATACGACCGTCGCGTATGTCGAGCGACGAGGGAATCGGCTGATTGCAAGAGGATACAACGGACGGGATTACGCCGTCTCGGGCGTCGATGGTTACGAACTTTACGCGGTTCGAAAGCCGCCACAGCGATGATGATTGCCCGCTTCGCGACATCGCCCCACGTTTGCGACGTGAGGGCGTTCTTTTCTCGATTGGCGTCATTTCCCCCAGATGCAATGCGATGCGACTGTGGCCAAACGGTTGCGACTGTGGGGCTCGGAAACATTCTTCAAAAAAGCATCGAACTACTTTTTGAATTGCCTTGCTGTTTATCAAAGTGCATGGCTCATGTGTGTATACGCCCCAACGAATTGATAACCCAAACGAAGAGATGCATAGATGACTCAACACGACCTCGACCTGACGATTACCAAGATCAGCCACCGAACCCCTGGAGCAGGAGGTTCTTGGGTCCAAGGGAAGATCAACAACGAATACCGATTCGATGCCCTGGTCTTCTCGGAACACGCGGAATGCGAATCGTACGAATTGGGAAGGAGCAAGATTTCGAAGCTTTGGATCCAACGCCTTTCCGATCGCGCGGTGATGTTCAACTTCGACCGCGGGTTGGATGTCGCTGCGGTCAACACCGAGGTTCAGGTGGTGGTTGATTTTCTTTGCGAAGGACTCTCCGACTTGGTCTTTGGTTCCTAAGCCGAAACGCGGAAGCGATCCGCGTCGCCGATCGGTGGTTCGATCGGCCTGAAGACGGCAGCCAACCACGAACATGAACAAGAGGTGATCAAGATGAAGAAGGCAGACGTAAAGATCGGCGGCAAGTATTACGCGAATGTTTCCGGCAACCGTTGTGAAATCCGAATTGATGCTGAGAAACCGCGTGGCGGATGGGATGCCACGAATCTGGCCACAGGCAAGAAGATTCTTATCAAAAGCGCACAGCGTCTTCATGGGGAGGTGACGACGCGAGCCGGCCAAGCCAAGGTGACCACCGAGGGAAATGTCACCGTGGTCGAGAATGAGCCGGCAACTGTCGAATCGTTCGGGGAGTCCGCGACCAAGGTGGCCGTTCTTAAGAAGCCTCGTAAAACCAAACCTGCTGCAAACGAATCGGCGGCGGCCGAAACAGCGGCGACTGGGAAAAAACGAATGAGCTGCATCGAAGCGGCATTGAAGGTCCTCTCCGAATCCACAGAACCCATGAACACGCAACAGATGATTGCTGCCATGGAAGCGAAGGGGTACTGG
NZ_CP011272.1_gap42	1471302	1475551	4249	GCGGCGCGTCTCATCCATTTCACTGGCGGCATCTTCGGCATTGGTCATGAAGTCCGGTTCACCATTGGCTTCAAGAATTCCACCGATGATGTTGCCCCAGCCCTTCTTGTTGAATCGAGTTTGGATCTTGGCTAGAGGCATGCCACTGGCTTTCCAGCGTTCGACCATGTTTACCAGCTCACCGAGCAGTTGCAGCCGATGCGTTTGAACGTATGCCTCGGGATCATCCATCGAGAATGAACGCCTAGATGGGTCGCCCTCGTATTCCAGGTTGATAACAACGCAGCGAGTGATAAGGTCGCGACTCACATCAGGCGAGTTGGCGGTGATGCAGAATAGATGCGAGTTCTCAGCGCGAATCTCTTGCGAGAATCCTAGCAGACGAAAGGACAGAATCGGATCGGTGATGGATCGCTCGAGGCAGGCGGAGTCGATCTTTGGATTGCGGCCGCGTGCCTTCGCGTTGTCGATGATGATAGTCGTTACACCACGTCTGACAATCGTTCCCAGTCGCTTCTCGAACTCTTCGTCGTTCGCGTTATAGGATGCAGTCTCCACATGATGGCCATCCCGGAGGATTGCCAGAATCTGTGCAAGAACCGATTTGCCTAGCTCGGGTTGATTCCCGTTGAACAGTACAGCAGGCTTAGAACCGATGAAGCGTGAGACTAGCAGCCCCGTTAGCAGGATACCTATGTAATTAGTGCGATCGGCCGGCTTCCGCCAACAGAAGTCTCGCAGCAATGCGTCGAGATGCTTGGTCCCCTCAACGGGCTCGATGTTAGGACCAGCATAAAAGAAACCAGTCTGGGGATCGAAACCAGGACTGACCAATCGCCAATCCTCTGTGTAGATCGGATTGTGGCTAAACAGCCGGATGGCTGGAAGGCGTTCTCTTTGCCCCACATTGTTGAGCCAGGTGTTCGCATACGAGGATGGGAGCGGCTTGTACTCACCCCCATCGTCATTCACGAAATAGAACTCGACATGCTGGTTGAGTAGACCTGTCAATTCCGCCGAGGAGAGAACCGGCGAGATCGATTGCTCCCTCACCACGACCATTTGTTCCACCCGATTGAAACAGGAGCCGGTGGCAAGTAGTCGGTCGGTGATCTGGTCCATGGTCGTGGCAACAGGCGTTGATCGCGAGTCGATCGTAATGGTTCGTCGTTCTTCGGACTCATCTGCCTGCTGGCCATCCGTTGGCGCAGCTACTGTAGGACTTTCCTTTGGCAAACGCTTTTGCAAGCGATCGCACAACGTAGCCCGCACATCGTACTCGCCACTTTCCCAGGTTAAGTCGAAGTAGCGGCGACCTTGCTCTGCGAACTTACCCACCGATTGCAGTCGATGCCAAACCTCATCCTTCTCGATCCCGTTTCGAATCGCATAGCAGCAGACTGCGAAGTCAGCCTCGGAACGTGCACCATCGGGAGCGATCGCACAAGCCGCAATCAACTCCGAGAGCTTGTCCGATTTTCCAGCCGATAGTTTGCGAACAGATGGCAAGGGCATCGCCTCGATCTGCCGCCGGCGCTTGGTAGATTCGCTCGTCTTTGCAAACTTCTGAAATGCCTCGAGGGAATACCGCCTGGTTCCATCACATTCGATTAATTCTGCTTTGCCCGGTGCGCGACCATTACGTTGATCTTTGCGATTCAATGTGCCAGGAAGCCGGAGCAACCGAGTGAGGTCCGTTGTATGATCGGCGCTGATGGCAGACGCGATGCCAGTTAAAAGGTCTTGGGCCTGAAGTGCTTTCGGGCTTGTTTTGGTCAAATGATGGCGTTGATCCACAAAAACACGATCATTACCATCCAGCATGTATCGTCTCGGCTTCTTTCGCCCATCGCTGCCGAGAGCCCATTCCGTTTCAATGGGAGGCGGATCGCCCGCGTCGTCGATTAGGAATGGGCGATCCAGCAGCCAGTAAAGATGCACACCGTTCCCACTGCTAACGATCGCCGTAGGTGTAGGCATCGACTGCGATGCGCATCGTTCAAGGGACTGTGCAACGGTGCATCCATCAATATCGGCCCACAGGCATCGAATAACGCGAATCTGCCAAGCGAGGTCGAATCGCCCTTTGTTTCCTACTCGGGGGCAGACTCCGAAAAACAAGTTCGTGCGCTCCGACTCGGAACTTGCTTCCAATCGAGCCAGTGTTTGTTCAAGAGTCGTCGCCTTGGCGGGCCGATAGCAAACATTGCGATAATCGACGCGGCTACGTTTTCGTCCACTTTCATTCCAAGTCTCCACGGGACGAAAGAGGATGAGATCGGACGGATCATACAATGTTGTCAATAAGGTGATCGCTGGATGAGTCAAGCTGCGCCACCCTTATTTGCTTGGTCGCTGGCTGGTACCCTTACTCCCATCGATTTCAAGACTCGCAACCCATGGTCCGTTTCACAAAACCGAACCACAGGCTCGTTCTCATCTGATAGTGATGCAAGCTGAGCCCAGCTAACGCTTTTCCATTTGCGACAGCGGTATGCACGAATGGCAATCCCAGAATCATCGAAACGAACAACAAGGTTTAGACTTGGGAAATGCCGGACGATTGGGCGACTGAAACGGGTGAGTTGCGACATGGCTAGGCGATCTCCATGCTGGGAGAAAGCGATTGCGACGTCTCATCGCTGAGTTGAACCCTGATTGTGCCGCTCTTCTGCGCTTCGTGCTTGATCGAGAGTAACCAGACAACTTGCGAGTCATCCCAGAAAGCGCCGGCATGTTGTAACGCATCGAGTACAGATTTTTGTACGTTATCTGCGTCGCGCCGACGATCATCCGGCGGGGTTATGTCGATACGAATCGCTAGCGGTCCCATCAAAGGTTTGATACCAGCGGCGATCGCCATTCGTCGAACCTGATGACGATAGGTCCTCGCATCCTTTGAAAGCACGGGACGTCCTTGGTAGTAGCTGAAGTAATGATTTATCGACGGTGGGTAAGGGAGTGTGAGCTCGGTAACCATCCCTGCTTCCTTTTGCTGAAATAGAAAAAGCTGGAACGGAGCGAATGGCCGATTAGCAACGACTCATTCGCTTTGCCCGTCCCAGCCGCACCCGTGCGAACTCAAGCCGCTTGTGATCAGAACGGTATATCCCCTGATGATGGGACTTCACCGCTTGATGCCGCAGCAAGACGAATGCGTCGATTGAAGTAGACGTTGGTGTAGTCACCACGAGTCCGCTTCGTGACTTCCAAGGTCACATCGAGCAGTTCTTCGAGTCGCCCAGACAATTCGCTGAATTTGGAAAGTTCGATCCCCAGCGTTTTTAGGTCTCCCTTTACATAGGGAATCGACGCTTGGGTGATGACCGAGTTCTTGAAGATGTGGCGGCCGGCCTGGGAGCCAGACATCACTTCCAAATCGAACTTAATCATCGGATCGCCCTTCTGACTTGACTCAAGCTTCACCGACTCGATGCGAGCTTGATACTTGCCATCGGGGACTTCGTCGTACTCCGGTGCCTCCGCAGTTTCGAACTCTTCATCGAACGACGACAAATCGACCGAGGGATTGTTGGGTTCGTATTCTTCGTAATCGCTCATTACTTAACAGCCTTTCCTGCTGGGGTGCTGCCCGGATTGGAAGAAGACGCAGCAGAGCCTTTGCCGGGCGCAGGGCTCTGTGCGGTTGAATTTGATGTGTTGCCGCTGAATGCCGAATTGAAAGCGGCATAGCTCAGTGGCAGCATTTCTGGCAAGCGACCCGTGCGATCGCCGGCTTCGTAAGTGGGATGCGGCTTGGTTCGGAGCACGCGATCGACAACAAGATTGCCTGCAGCGTCCTTACGCGAGACCGAGTCACCGTAGAGGATGATGTCGACTAGGCCCAACACAACGTTGCGAGCCCGATCAGGCAAGCTTGGGGTCGTTTTGGTGTATTCCCCGGTTCGCGTTTCAATTGTCTTGTCGACGGCATGCGAAATGAGAATCAAGCCGTATGGCAAACTAGCCAAACGCGTCAGTACTCGATGCCATTCGTTCTTGACCAGAGCCCAGCCTTTGCCGTGGCCCATGTCCCCTTCGTACTCGATGCCATGTTTGGCACAGACATAGTCCGAGCACATCTTGAAGGCGTTGTCGACCGTGTCGATCACCAACGTCTTGAAGTTGTGATCACCCTTGGCGATGAGTTTGCAAGCTTCCAGGAATGTTTCCCACGAATAGGTTGGCACCTTGAACACTTCCAAGTGATTAAGACCTGGCTCGCATTCGAAGAACATCGCCTCCGGGA
NZ_CP011272.1_gap43	1481386	1484662	3276	CCTCGTGAGGCGATATATTCTTTGTGGGGCGAGAGAAACTTCAATAACCGATCGTTTTGGACGGATTTCAGCACTCGCAAGTTGGTAAATCGTTGGTACTTGGCTGTGGTCATGTGATGCTCGAAAAAAATTAGTAGATCATGCGTACTTCCATGGGAAAAATAGGATTCCAGTGACTCCGACTAACTGGCAAGATGCCGATTGAGGAAGGGTCGACGGCGGTTCCACCACCGTGCGCTCCTGTAGCTTGCGTCCATTCGCTTCATCCTTGGCCATGCTCCTGATGCCTTCCTAGCGATCGACCCTTTGCTCAATCTGCAATTGCTAGCATTGCATTACGATGTGACACGACTGGTCAGCATCTTCCAAAAACTTTCCATTTCTTCCGGAGTCGCATCCTCGCAATTTATCCTCAAGAGACTCTGTCCACCTTTGGGTTCCACCTTTACACGCAATCCAGAACTCGACTCGGAAGAGTAGACCCAATTCTCTGAATCGCAGAGAGAGAACGTTTCAGGCAGTCTAAACGCGGGGCATTTCTCCGTGAGCAAGTCATCGACATCGCAACCTAGGAAATCGGCGATGTCATAGACCACATCTCGGCCAACCTCGCTAAATTCGCCGCGTTCGATTCTTCTCCAATCTTCCTGCAAGTTGGACTCGCGAACGCAATCTTCTAGCCGGTACCTTGCGATCTCGCGGAACTTTCGCACCTTAGCGCGATCGAGTTTAGGTGCATTGTCAGTTGTTGAGGCTTGAGCCATTTCGGAACTCTCCAAGTGAATGGTGACGGGAACAAAAACGCTAATCTTCGACACCGCTTTGACTCCTCTGGTCACAGCTCTTTGGAAAATCGAAAAATCGCCGTTTTCAAGAATTTTGGCGCTCATCGTTGCCAGTTCCTTCTCGTGCTGAGTAGTTCAAGGAGTAGGGGCTTGTGTTAAACGGAGTCTATGTAGCCGAATCGGAACCTTGATGAGCAAACTGACCGAACTATCGACATTGAGCGTCGAGACTAGACGCCTTGAGCTTGCGAAGGTGCTTGCTGCAGGCTTGATCCGCACTCTGTTGAAGAAGGTATCCAACGCAACGGAAGAGGACAAAGAAACCCGACAATCTCCCGACGATGGGCTTGAAGATTCTTGAGAACTACCGCTCAGTGTGTCCACACGGGTTAACTACCGTCTTAGTTCTCAACCATTTACCAAGTCGAGGTAAGAATGAACATCGATCGGGAAGTCGCACTCATGAAGCTCATGAGCGTGGGTGAGCTTCGCAAGAAATATTGCGAAGTCTTCAAAGAGCCAACCAATGCGCGAAATAAGGTTTGGCTCATCAAACGGATCGCTTGGCGTATGCAGGCGAATATCGAAGGAGATCTCTCCGAACGAGCGAGGCGTCGGGCCATGGAGATTGCAAACGACGCGGACATACGCATGATGCCACCACGCGAACGGAAGCCGCGTGAGTTTGTCCAGCAGCCGAATACGGTTGTCGTGAATGTTGATTCCAAGCCGACTCGTAGTCTGTCGGTAGGCCAGTCCCTCCAGCGGATTTACAAAGGGCAGAACATTGTTGTGGTCGTCCGAGGCGATGGCTTCGAATGGCAAGGGCAGAAGTACAAGTCTCTTACCGCCGTTGCCAAGGCCGTGACTGGTAAACACTGGAACGGCTTCAACTTCTTTCGCGTTGATGGGGGCAAAGCCTAATGTCGAACAAACATTCTGCAAAACCCGAAGCGAGGAAGACCTGTCGCTGTGCCATCTACACTCGCAAATCGACCGAAGAGGGATTGGAGCAAGAGTTCAATTCCCTGGATGCGCAGCGAGAAGCTGGCGAGCTCTACGTCAAGAGCCAGAAGCATGAAGGCTGGGAATGCCTCGAGACCAAGTACGACGACGGTGGATTCACCGGTGCAAATATGGATCGCCCGGGTCTTCGACGGTTACTGGCTGACATCGCTGCCGGCAAGATCGACTGCGTTGTCGTCTATAAGGTCGACCGTCTCAGTCGAAGTCTGCTTGATTTCGCGAAAATCATCGAGGTCTTCGACCGTCATCAAGTCACGTTTGTGAGTGTAACACAGTCATTCAATACCGCCTCTTCAATGGGCCGATTGACGCTCAATGTTCTTTTGTCATTTGCTCAATTCGAACGCGATATGATCAGCGAGCGAACACGCGACAAGATGCGGGCAGCTCGGCGCAAGGGGCGTTGGATTGGAGGCAAGCCGATCCTTGGCTACAACGTTGTCAACACGAAGCTGGTCGTTGATCCTCTCGAATCGCTACAAGTTCAAGAGATCTTCAAATTGTACTTAGAAATGAAATCGACTCTGCAGGTTGCACGGGTGTTGAACCAACGTGGTTGGCGAATCAAAGAGTGGACCACCAAGAAGGGTAGGACGATCGGTGGCGGTGAGTTCAACAAGAACAAGGTCACAGCCATCCTGACCAACGCGACTTACATCGGTATGATCGAGTACGAGGGCCAGCTCCATCCTGGCCTCCAAGATGCCATCATCAAGCGAGATTTATTCGACCGAGTCCAGGAGATCCTAAAGCTGAACAGCCGCATGAAGAAAGACCTCATGCGATGCAAGCACAATGCTTTGCTGCAGGGACTACTTCGCTGCGCTGCCTGCAATTGTGGGATGAGCCATTCGTACACAAAGAAAGGCTCGACTCTTTATCGCTACTACATTTGTCACAAAGCGCAAAAGCAAGGCTGGGCAAGTTGCCCATCACCATCGCTTCCAGCTGCTGAGATCGAAAATTTCGTGATTGACCAAATACGAAGCGTTGGTCAAGACCCTGGCGTTGTTCGCGATACGTTGGCCCAGAGTCGCGTCCAAACTCAGACGACCGTAGAACGACTCAAGAAAGAAAAGAACGCGTTGGAACGGGCAATCCTTGGCCACTATGAGCGACTGAACCAAGCGATCGCGGACGGTGCCAACGAGTCGGCGGTTGCCGATATCCAAGACCAGATTCGCGAGAAGGAACAACGGGTATCCGAGGTCGTTGACGAGATGACCTCCGTATCCAGCCTGATGATCGATGAGTCGGACGTCCGCGAGTCGCTCGGTCGGTTCCAAGAAGTCTGGGCAGCGTTGTCTCCTGCCGAGAAAGCCAAAGCCATCCGCCAGATCGTCGATTCGATTCAGTACGACGGTCATAGCAAAGAGCTGTCCATCTCCTACCACCCGATCGGGATCAGAACATTCAGTCAAGAACAGCAAAGTAAAGTGGGAGCAGGCACATGCTAACCGCCACG
NZ_CP011272.1_gap44	1520258	1522791	2533	GTGCGTTTCACTCGCTTCGACGGTGGCCACGCATACGCAGTGCTCGGTTACTCCAAGCGAAAAGACTCGCGTGGCAGGAACTATCTCTGGCGACTCAATTCGCACCAGGACTCCTACACGGAGATATCACCTGCTGCCATCGATCAAATGTGCGCTCACCCCTACACCGCAATCGTAGGTATGAGCGATCTCTCAACCCCACGACCTCGTAACGTCGATTTCTCGAAAGAAAGTGTGATTGGATGAAAACCAAACGAATGGGATGTAGCTCGGTACTTCTTGTCTTCGCATGCTTGGCACTGGGAATGTTTCTCGGCTGCCAGACCACCGCAGATTATCCGCGAGCTCCGGAGCCACCCCCAAGTCTCCCGGCTTCAGCAAAACAAGTCAGCTTCGATGTGCGACATATGACTTTCTCCCCGCTTAGCGAGGATGGCTCGATCGACATGTCACTTGTCACTGAAGCTCGCCTCGAGAAACCGCCCTCGTCGCCGGAACCCTCCCCATCACCAGATGGGAGCGGCAGTAAAAGCCCCCAGTCTGCATTCGACGAGCGCATTGATGCACTGGAGCAACAAAGCGTTGAAACCGATGGACGCCTCGACGATCTCGAGGCACGCGTCGATCATCTCGAACGGCCGTCGGCGAATAAGACGATCGATCCGGAGGCTAACTTGGTTCCGTCGGTACCGAAATGGTCCGCTGTCGGAACGGGCACGAAAACGTATCAATCGCCAAAGGTGTGCCCACCGGAGGGCTGCCCGGTTCCTGGCCCATCAACGTCGGTTTCAACCTCACTCGAGAGAGTTCTCGAGACGAGGCCGGTAAAGTCGCCACGCGTGCAGTACTCCCAATGTCCCCCCGGTGGCTGCCCGCCCAAACAATCGACGGTGAAACGGTCTCGCTTCCTGCGTTGGAAGTGATTCGTTTCGTCTTGAATGCCCGATGTCCACGCCTCCCAAGGTCCACGCCATGGATTCTGCAATGAACTATCTCAACAACGGCTTAGCAGTCGTTGTCCTCATCGCCATCGGCGTGGGAGCTTGGAAACTCGCCCACGTAGCGGGAGGCGCCATTTCGAATGGCTGCCGCAAAACCTTCGATGAGTTGATTCTGCCCCTGAAGGATTCCGCCATCAACCACTTGAAGCGAACCGATCAGACTTTGACTTCCGTTCAGGAAACCAATCAGGAGGTTTGTCAAAACCTTCGCGATATTCGTTCGATGGTGGGAGAAATCCACGAACGCGTTTGCTCCGAGAACTGATCCCGCAACAGCATGGTCGCCTCTGATGATGACTCGCCTGGCGATCGGTACCGACGCCGGAAGGAGCGGGAACGACAACGCCAGGCGGATCAGTCCCGCGAGGGTCGCGATATTGGCCCCATCCCGAAGGTAAAGGATGCGAAGCTCCGGGAACGGTGCATCAAGTCGTTTCGAGCGTTCTGCGAAGTTTGCTTTCCTGCCAAATTCAAAATCGACTGGTCTCCGGATCACATCGAGGTTCTCGCCCGGATCCAGGCCTGTATCGTCGACGGCCAGCTCTACACGTTGGCCATGCCGCGTGGATCCGGGAAAACGACCATTGTTCAGGTCGCATGCCTCTGGGCGATTCTCACCGGCCGTCGAAAGTACGTCGCACTCATCGGCGCCGATCGCGACGCGGCAATCAAGCTCTTGGTGGCCCTCAAAGCCGAACTGGAATCTAACGACCGGCTGCTCGAACTCTTCCCAGAAGCGGTGTTTCCGATCCGAGCCCTACAGGGACGCGGGAACAAGGCGATTGGCCAACTTCACCTCGGCAAACGCACACACATCGAGTGGAAGGGGCCTCGGATCGTTTTCCCGACCGTTCGGGCCAAAGTAGACGAGGACGCGGGAAAAGGCCCAAAACGGCCCTCAGCCGCGAAGCGAAAGAGCACCAAAGAACCCCCTGTGGCTGAAACGGAGGTCGATCGCGAGGAAAATGGAGTCGATCGCGCAAACCTCACCCCATGCTCGGGTGCGGTAATCGAATGCTGCGGGATCCTCGGGAGAGTCCGGGGAATGAACCACACGACGCCTGCCGGAGAGCAAATTCGGCCCGACCTATTCGTGCTGGACGATCCCCAGACGGACCGTTCGGCCGTCTCGACGAGTCAGGTCAACCGAAGGCTTTCCATCATCACCGGTGCAGTACTCGGTTTGGCGGGGCCCGATGTCGCGATCGCAGGGTTCGCAACGGTAACCGTGATCGCCAAGGATGATGTCGCGGATCAATTGCTCGACCGCGAGAAGTTTCCCGATTGGCAAGGAAAACGCTACCAGCTGGTATACAAGTGGCCAGACCGTATGGACCTATGGGAACAGTACGCTGTTCTCCGGGCCGAAGGCCTCCGGACCGAAGGTTCGTTTGCCGCAGCGACCGAATGGTATCTGCAGAATCGCGACGAGATGGATCGTGGTTCCAAAGTCTCTTGGGACGGACGGTACAAGCCTGGCGAGATATCCGCCCTCCAATCCGCGTTCAATCAGAAGCTCCGATCCCCAGCGA
NZ_CP011272.1_gap45	1524432	1525477	1045	TGCCAAACCCCTCGTTGCGATCGCAGTTACGAGTTGGTTTGAGCTTCTAAAATTGCCAATCGCTAATTGGCACCAAAAAAACTTGGGAATTCGTGTCCCATTGTAAAAAATCGAACGGGCCTCGCGTTCTTAATGGTAGGCAGATTCACCCATTTTGAGAATCACACAACCGTGTGTTACGTTCGGGTGATCGGATATTTAGAAACACGAAAGCCGCCCCCCATGTCTCAACGCTGCTATGTTCGGACATGGGGAGACGGCCTCCTGGGAGTCTCAGTATGAACGACGGAAATAGACATTGGCAAGACTGGGCTATCGAGTTGATTAAGCTTGCAAGCAGCGTGTTGATCGTGATCGGTGCTTGGATGAAAAACAAAGAACGATGGTACGGGCCTCAACAAACGTCCCAAACGAAGCCTGCTAGGTCCAAGCCAAAGGAACGGAATAAGACTCGCGCGCGTGCTCGATGAAAGTAGGTCGAAGTGGTCTTGCTGTGGAAATCTCGCATCAGAGATACACACGCCCCCATTGATGCACAGCTTGACTCCTAACGAAAGTTCTGACCATGCCCCGAACCGCAAGCAAGGTTTCCCCCTGCGCGAACACTGCCTGGCGTCCCGCAGCTCGCCCGCCCCTCCCGCTCAAGCCCTACTACAGCAAGGAGGGTATCACGCTCTACCACGCGGACAATCGCCACATCCTCCCGTACCTCGACACGTTCGATTTGCTTCTCACGGATCCGCCGTATGGGATCAAAGCGGACCGATGTGGCGGACGTCAACAAGCGAAGAAAGGAAAGGGGACGTGGCGTGACTATGGAGACACCAACTGGGACGAATCCCGCCCACCGGCATCGGTCTTTGCGTTGATGCTCGAGCGCACCAAGCAACAGATCATTTGGGGCGGAAACTACTTTTCCGATTACCTCACGCCCTCCATGCGATGGTTGGTATGGGACAAGGGCCAGCGCAAGTTCTCGCTCGCAGATTGTGAGTTCGCCTGGACCAATCAACGAAAGGCGGCTCGAATTTTCACGTACTCGCGC
NZ_CP011272.1_gap46	1527382	1529551	2169	GCTGAGGTTGAAAGACGTGAGAATAGACCTCGTACGCTGCCATATGAACCGATTCCGCAATTCGCGACCGTTCATTTCGGCGCGGAACAGACTGTACCGGCTTGCTCGACTTTTCATTTTGCATAAATACGCTCCCCCATTGCGGCCCACTTCGGTGCACGTTGTTAATTGATGCGTTGTTCAAGACCGCTGTTGCTCAATCTTCGAAAGCTCGTTTGATAGCGGCCTTGCTCAATCCAATTGCCTTGCAGCCCGCCTCGGTTGCCCGGTAGTAGCGATTCGTGCTGTTGTTGATCTCCCCGCCTCGTTCTGCCAATCCGTAAGACACCATTTCCTCCCATACATCGCACGTCGGAGTTCCGATCACCGCGCAGAAGTGATTCCTATAGCCGTGCTTTGATTTCCGAACGCGTGCTCCTGCCCCAAGCGTGTGCGTCAAAAGACGAACCCACTCTTCCGGCAACTCGACTTTCGTTAATTCGCTCATCATTCCTCCGATGCGATGGTGCAAGCCCGCTTTTCTATCTGTGCAACTCGAATTGAAACTTTTGTCCGACGGCCGTCGAACACTTCCTCTACCGTTACGTCCGGCGCTCCCACGCGTCTCGCGACGTCAACACATTCCGCGAGTACGGACCAAATCGGTTCTGGGCCCGGAGGAGGTGTGAACTCACGAAAACCATCTGGAAGCGATCGTATTGACCTAACTCTTTGCATGTACTTGCTCCGAATCGTAGGCGGGGATCGGGCTAGTGTTCTTGGAGTACTCGGTAACCGAATACTCCATCTTCCGTCGCTCTAAGTGCTCGATCTCACCTTTCAACGACTCCGCGTCGCACCAAACATGAAATCGCCTTACGTCTTTCTTTCCATCGCGTTCCGCCTCGATGTGGTCCCATTGCACCATGTAAACCACCTCAGGCGGATGTTTCGATGTCCAAGTTGTGAATGCACTCATGAATCGATCAAACTCCTCGCCGCAGGCAGAGCGTGATACATGACTGACCAGTCTGGGCCAACCACCCATTTGCAGGCCGCTTCGCATTGCCTTATCCGAAGGCCAAATTCGTCATCTTGAAGCCATTGGGCACATTCCCAATAGAACCAGCGATCGAACAACCGTCCGATCGCTAAATTCGCTGCTGGGGACCACGAGCAGGGTGAATGCTTGATCCGATCATGAATGTTTGGTTCGCGTCCACCTAGATCGTTGTAGAGAACTCGTTCGATCGGCTGATGAAACAATTTGTCAGCAACCCTCCAGCGCTGAAGCACAACGTAGGTGGACGAGTAGATGCCTGAACCATCGCATCGGTAGCAGTCGTCATACTCGAAATGCCTGCCGGATCCTCCACATGACCAACAAGTCTGCACGATGCGTTGCAAATCGGTTCCGTCTTTCACTCCAAATCGCTGGCAGATTAGCGACTTGATCGGATAGAAGTGCATCTTCGAAATAGGCGCCGTGTTGGCAGCCCAAAGCACGTGGGCCAATCGCCGAATTCGTTCGCGAGTCATCTAGTAGGCCCCATTTCTGGCGTGCTCGATCGCGTCTCGAATCTCTTGCCCAATCGAAACATGGTTGCTCGCAAACTCGATTGTTTCCCCTTCAGGCCCAATCAACTCCACCATTCGGAAATGAACACCGATTGCGATATGAACTTCAAAGCCTTTCGGGATTTCGTCTGCAATCGGCGTTAACGCACAATCCAATTCGGTAGCCTGCGATCCGGTGGCATCGGAAACGATGCCCTCGGGAGGATTCGGAAATGGTTTGTACGGCCACTTGAACCCTTCTGCATGCTCGCGGTTAAGCCATACGGTCCTTTCCGCTGACTCCCCAACCATTCTAACGACACAGCCAATTTTTCTTAACTTCTCGGCTATGAACAAGGCTGTGGACGTCTTTCCGCAGCCCCGAGGGCCTGTAACTGATATCTTCATTTCCGACTCCTTCTAGAACTGATATTCACTCTTCGGTACGCTCCGCGACTCGCGGTTAAGCGGTAGCTTTTCACGGCGGGCACATTTTCCGCAGTACTTCACCCACTCCATGTGGTACTTCTCGCCTGGCTCAATGATTCGATGACATTCATCGCACTCACCCGCGTTCGAAATGCGAAGCTTCTCCGCGCAGAACTTACAAGTACTGAAATCTTCGTATCGATC
NZ_CP011272.1_gap47	1530827	1533347	2520	AATTCCGAGCTTCTTCATTGCTTCGATCCACTCGGGATCGTCTGCACTCGCCGGTCTATCCGGCTTATGAATCGTTTCGAACAGCTTGGTGCGGGACTCACGCGATTGCTCGCGTGCTCGATCGACCTGCATTCGATTCCGCTCTGAGGCGGGTACCAAACCTCCGATCCATCCGATTGCGATATCCATTCCTGGCCGTTGGGACTGGATCCGGCGAAGCAACACGTAGGGTGGGCATTGCCAGTGATCTCGATAGGAACGAATCGTCTCGCGATACCGGGCTAGGATTGCTTCGATCTCGTGGAGCTCCACTCCTGCGATGCGAGCATCCGCGATGCACTCGCGAGCCTTGGCGACACCGAGCTTACGAATCTCCTCCTCCACCTCCCCCCAAGTTCTCTCCAGACTTGAAGAGAGAGGAGGAGGAGTGTTTCTAGGTTGGTGGTTTAATAATGGTTTACCGGACATAGTGTCCGGTTGCTTCGTCACAATGTCCGGTTGGTCTTCCTCTATGTCCGGTCGGTCGGACCGCATGACCGGTTGAGGTAGATGCATGTCCGATCGATCGAGGGACCGATCAGCATGAATCAACGCAGGGCCAACATGGGATGTCCGAGGGGTTTCATCCGTGTTGGCCAACGCGCTCGCAACCTGCCGAGGGGTTTGGTCGCTGTCGGTCGATCGAGGGATCGAACGCGACGCGCGTTGGCTCTGCATAAGGTCTCGCCATCGTGCTCTTCGCGAGGGCTCAAGCATGGCGAGTTCTGTCCACACGATCCGGTAGTGGAGTGATACCGTTCCGTGCGGGTTCTTTCGTCGTTGAGTGATGAGGAGGCTCATCGCTTCAAGTGCTTCGGTTGCGCGCCGGATGGTTCGTTCTGTGCATCCGAGCTCGCCAGCGAGTGTCTGTTGAGAGGGCCAAGCCCACTCGTTCTTCCCCAAGTGATTTTCGATCGCTCGGAGCATGTGTTTCATCGTTTGCGGTGCTACCGTGGCTCCGTCCACTGCTTGGCCGGTGGGTAGCTCCGCTTCATTGATCCAACCCAAGCGATCCGCTTTGTTGAAATCAAATTCCGCTTGCTTGATGGAGTCCGTCATCCTGCAAAGTACCCTTCCAATCCCAAGGCTCGTTGGGCAAGGACCGATTTGATTCGCAGACTCATGATGGTTTCGATGCAGCGCTCTAAATGTGCACCATCGTTGAGCCGCTCTCGCACGGAGGGTGGCAGGACGGATCTGGCTTGATCGCCAAATTCGTCGAGCAGTACTTTCCAAAAACAGTCGACCAGGACGTGTGCCGGGTCGACGAAGTTCCTTCCCATGTGTTCCATCGTGCTAGATCCATCCGTGGTAGCGTGCTGTCGTTCGTATCTTGATTTCGCACCACTTCGCAAGCTCGAAGGTCAAGGCTTCATCCCTTGAACCAGCCAGGTGCGCGATGTGGAGAATGGTGGTGATCCAGGTCGTTCGATCGAACCGGAATTCATAACAATGCAGTGCCCCATCGGCACTCAGTGCAGCGGGTCGGACTGCGTATTTCGGATGGAGCGATCGGGTGCAGACCATGGGAGCAGGACTTCGCATCGCATCAGACCAATCCCTCGGTGCAAATCCAAAGTTCGGGAGGGTACTCATTTAGCGACACCCCCTGCCGATGGCAAAGGCGAGTGTCGACGCGATCAGTACCGCGACGATTGGATAAATACGACTAGCGAATACACCCGACGTGTATCCGCTGAAGAATCCCAGCGAGAATCCCATCCAAATGTCGCTGTTGCACGAATCCGATTGATGAGGCAATGGTCCCATCAATCGGTCGCGGTTTTCTTGGTAGAACTCCATCGCAGAATCGTGCGACGCCTGGCGGGCGTCGACCGATTTGCTCGGCGGGTCCAATTCCATGCCGAATCTCCTTGTGAACTCTGGTTTTATTCCTTACCAGTACCGCCCCCGCGTATCGAACGCGAAGCCCAGCGACCTGCGCACAGTCGCCTGCAACCCTATCGCGGCAGCAACTAATCGCTGAGTTGCCAAGCAGCCTTCTCCGTTTTGAAAGAGTCTATGAAAGGCTTAAACGTCAGACTCTATGGACCAGGCGGGACTCGAACCCGCGACCTCCAGGTACAACCCGGCGCTCTACCAGCTGAGCTACAGATCCAAGGTTCGCCCCCTAGGCTTCGATGACCACCTCCTCTCTTGCTCCTAGGAGACGTGGAGATTTCCTTTGCCCTGCCAGCCTGGAGGCCTTCTTCTGCAGGAGCTCGCCATCGCGAGTTTCGAGGGAATGCCAAGCCTGGGATGCGATCGCAAACCAGGCGACCCATTGGATCCCCCGAAACAAACACGACACTCTCACGCAGTCTCCGTTCTCCTTACGTTTCAGACGTTCAGGATCGAGCGATTGCGAAAGGACGAGTGCTAGAAAAGCACTTGGCCTCAGTTGGATGGTTGTTCCACCGAGGGTCTCTTGTTCGACGATTACCGATGCGATATCGCTACTGCTGATTTTGAGGGCCTCGA
NZ_CP011272.1_gap48	1617958	1622619	4661	ATGCGTTAGGCGCTCCAGATCTGTTGAGGACAACAGATCGACATTGTCGAACGGCTCGTCCCCGACCGTTCTCCCTGCTCCCTGCTCCCTGCTCCCTGCTCCATGCTCCATGCTCCATGCTCCCTGCTCCCTGCTCCCTGCTCCCTGCTCCATGCTCCATGCTCCATGCTCCATGCTCCATTCCCAGAACGGTTACTACCGGGGAGACGCACACTAAGCCTTGCGGTATATTTTCCTAACGCAAGAACAGTCGAGGACGACCGTTCGACGTATATTCCCCACTCATTTGCGTTCAAGTACAACCGTCCGCCACCGCTGCTCCGTGCTCCGTGCCCCTCGCTTCTCGCTTCTCGCCACTCGCTTCTCGCTACTCGCTACTCGCTACTCGCTACTCGCTACTCGCTACTCGCTTCTCGCTTCTCAAAACTATTTTGCCTCTTACTTCCGCAGCCCATCGTTTGTTTCTCGCCGCCGATCGTATCCGACGGACCGATACCGCTGCGCACGCTAGCGACATCGACGCAATCTGGTCCGAATGGCTCTCCGAACAGGCACAGCACCTTCCAGGACTGTTCCAGCTCGACTCCCCCTCGGCTACCCCCGAAACGGGCAGCCTCCTCGAAGACCCGGCCGAACCGGAGAACGATCTCCCTATTCCACCACGCTTGGCCCTTTCCCCAACCCTCCAACACCGCCCACCTGCCCCTTCTCCGCCCCGGAAGCCCGTACCCTCGTCGCTGCCGACTCCGGCTACGCAGCTTGCAAGCCTCATTTCCCAACTCTCCAGCCCCCGCGGCAGTGACCAACTTCTAGGCCGGCCCGCAAAGGATGAGGATCAAGCTGTATTGGGTATGCTCCTGGACGCAGCCCACGTCGCATTGCGAGCCGTCGTGGACCGAGAGCGAGTCGATCAAGCGGTCGCACGAAGAACCGAGCAGGCCATCTACGACTTCGCATATGGCCTCACCCACGAAATCAACAACCCGCTTGCCAACATCGCCGCCCGGGCCCAGCAGCTTTTGACCCAATCCCGCGTCCCCGCCGACCAGAAGTCCCTAGCGACCATCGTCGACCAATCCATGCGTGCCCACGAGATGCTCGCCGAGATGATGCGGGCGGTGAAGCCCAAGGCCTGGAACCCCCGAGTCGTCCCCCTGTCCGAGTCCCTCGAACCCTTGGTAGGACGATTCACGCCCCTCTTCCAAGCCCGCCAAATCACGTGGGAAGTTACCGGCGTCGACCTTCCCATCCGCGTTCGTACCGAGCCCGCCGAATTGCAGGAAGCCATCGCCTCCCTGCTCCAAAACGCCTTGGACGCCTGTTCTCCTGGCGACACCGTCACCCTCCAAGTCCGCGCCTCGGCAAACCCTGCTCGCCACGTCTCCCTCACAGATCCTGCGTTTTCGCAGCTCGCTGCACCAAACGCCTCGAATCCTACCGTCGAGATCGCCGTGCAAGACACCGGGTGCGGGATGTCCGCGACCGCGTTAGAGAAGGCCTTCTCGCTCTACTACAGCGGCCGCGAGCATGGCCGCGGACTGGGCATTTCATTGGCCAATGTCCGCCGCGTCATCACCGCCAGCGGTGGCCAGATTCAGCTCACCAGCCAGCCCGACGCAGGCACAAAAGTCCTCGTCAGCCTCCCGCGCTGCGCGAGAAAGTAGAGTTTAGAGAGTGGAAAGTAGAGAGTGGCGAGGCTGGAGGCACTGTCGAACGGCTCGTCCTCGACCGTTCCTGCACCGAGTACCACCACACTATCGACCAAACCACCTCTCCCTCTGGCTGTGTGGGAAAGTCCCGTACGCTATCTGGGAAAGTTTTCTAACCGGCGCGATGCGTTAGGCGCTCCAGATCTGTTGAGGACAACAGATCGACACCGTCGAACGGCTCGTCCTCGACCGTTCCTGCACCGAGTACCACCATACTATCGACCAAACCACCTCTCCCTCTGGCTGTGTGGGAAAGTCCCGTACGCTATCTGGGAAAGTTTTCTAACCAGCGTGATGCGTTAGGCGCTCCAGATCTGTTGAGGACAACAGAACGACAATGTCGAACGGCTCGTCCCCGACCGTTCCCCCTGCTCCCTGCTCCCTGCTCCCTGCTCCCTGCTCCATGCTCCATGCTCCATGCTCCATGCTCCATGCTCCATGCTCCCTGCTCCATACTCCATACTCCATACTCCATACTCCATGCTCCATGCTCCATGCCACTCTATCCCTCACAACCCATCCATTCCTTGTGCTTTTCCTGTTCACCAGAGTTTAACGTTGATCTAGTCCCAAGCCGAATTGCGGGAATGACGACGTGGTCTATGCTAGCAAGTTGCATTCAGTCCATGAGTACAAGCCTTTGCCCAGGCACCTTGAACGGCATAGGATTGGCCTCCATCCCGATCGCCCCATCAGCCCCCAAAACGGCGTTATCGGTACATCCCCTGTCACCGACAGGAACGAAGTGCGCGCTCACTGCCATTCCCCTACCCCCCTCATCTTTGCTAGGATTCTGCAGTTAGCCCAACGTGGAATACCGGTCTGAGACCGGTTGGAACATAAACGCCGTGTAGAAAACGGCGACTATTGTCTCGCTACTCGCAACTCGCCACTCGCTCCTTTCTTCTCGCTACTCGCCACTGAAATACCATGCCAAAGAAAGCCCTTATCACCGGAGTCACAGGTCAAGACGGCTCGTACCTTGCCGAATTCCTGCTCGAAAAGGGCTATGAAGTCCACGGGATTAAGCGGCGCGCCTCCTCGTTCAACACCGAGCGCATCGACCACATCTACCAGCCCCCGAGCCAAGTCGACGCGAAATTCCGGCTCCACTACGGCGACTTGACCGATAGCTCGAACCTCACCCGGATTATCAACGAAGTCCAGCCCGACGAAGTCTACAACTTGGGTGCTCAATCCCACGTCGCGGTCTCCTTCGAATCCCCCGAATACACTGCCGACGTCGACGCCATCGGCACCTTGCGGATGCTCGAAGCCATTCGCTTCCTCGGCCTAGAAAAGAAAACACGCTTCTACCAAGCCTCCACATCGGAGCTTTACGGGCTGGTCCAAGAGATCCCGCAAAAGGAAACCACCCCCTTCTACCCACGCTCCCCCTACGCGGTGGCCAAGCTGTACGCGTACTGGATCACGGTCAACTACCGGGAGTCCTACGGGATGTACGCGTGCAACGGCATTCTCTTTAATCACGAATCCCCACGCCGCGGCGAGACCTTCGTCACCCGGAAAATCACGCGGGGGATCGCGAACATCGCGCAAGGCCTCGAGGAATGCCTCTACCTGGGCAACATGGACTCCTTGCGAGACTGGGGACATGCCAAGGATTACGTCCGCATGCAGTGGATGATGTTGCAACAGGAGCAGCCTGAAGACTTCGTCATCGCCACCGGCCGTCAGATGAGCGTCCGCGAATTCGTCCGCATCTCCGCCTTGGAAGCCGGAATGGAAGTCACCTTCCACGGCCAAGGAGCCGAGGAGTACGCGAAAGTCGCCAAGATTCTCGACACCGACAAAGCCCCCGCGGTGAAAGTGGGAGCCACCATTGTGAAGGTCAATCCACGGTACTTCCGACCTGCCGAAGTGGAAACCTTGCTCGGCGATCCCACCAAAGCGAAGCAGAAGCTCGGCTGGGTCCCGGAGATCACTTGCGAAGAGATGTGTGCCGAGATGGTCGCCTCCGACCTCAATCACGCCCGCAAGCACGCTCTCCTCCAACGCCACGGCCACACCGTCAGCGTCGCAAAAGAATAACGAGAAAAAAGTGGCGAGTAGCGAGGTAAAAGTTCAATACAACCAGTAGCAACTCCCTTCGCCGCATCGCTCCACACACAAAACCAGCCCCCCACAAAATCCCTTTCCTCACTCTTTCTCACCCCTTTTTTCTTTTCCTCGCTTCTCGCCACTCGCTTCTCGCAGCTTTCTTTAAAAATGAATTTCGAAGATTTAGAGGTTTGGAAGCGTGCTGTGGCGTTGAGTTGTGAAGTTTATCGACAAACTTCAAAGATCAGCGATTTCGGATTCCGAGACCAGCTCACACGAAGCGGACTAAGTATTCCTTCCAACATTGCGGAGGGATACGAGCGTCAGTCGAATAAAGAAAAGTCTCAATTTTTAAACATTGCGAAGTGATCCGCAGGCGAGTTCCGGACACAGATAATCATTGGATTGACTGTCGGGTTCATTCCGAAAGAGATCGGCGAAGCGTGGCTCGACGAAGCAACGCAGATATCCCGAATTTTAGGTGCCCTCATCAGAAAATTAAGAAATCAGGAGTAGCGAGAAGCGAGTGGCGAGGTAAAGCCTTTGCCAATCTAGTCGCGTCGCTAAAGGCCAGCGTCCCCAACACAACCTTTTAATTACCCACTTTTGTCCCCGCTCTGCCGTCCCTGACTCCTCGCAACTTTCTCCTTCTTCCTCGCTTCTCGCCACTCGCTACTTTTGTCTTTTCTTCCCTCGCCTCTCGCTTCTCGCTTCTCGCCGCTCGCTTCTCGCCGCTCGCTACTTTTTAAATAAATGAAAATCTGCCTTGTCGTGGGGACACGTCCCGAGGCCATCAAGATGGCGCCGATCTATCGCGAGCTGCGGGGGCAGCCTGCGGTCGAGCCCATCCTCCTCTCCACCGGGCAGCATCGGGAGATGCTCCTCCAAACG
NZ_CP011272.1_gap49	1642566	1645667	3101	TCGATGTCTGGGAATTGATCCAACTGGCCAACCGTCACCCTCGCGTGAAGATCTTGCAACCCGGCCCCGGAGTCGGGGGCCATTGCATCGCCGTCGACCCCTGGTTCATCGTCGCCGCTTGCCCCGATCGAGCCCGTCTCATTCGCACCGCTCGGGAAGTAAACGACTCCAAACCAAACCATGTGATCGAGCAAGTCAAAGAACGTGCCGAACGATTTCGCAAACCAGTCATCGCCTGCCTAGGCCTCGCCTTCAAAGCCGATGTCGACGACTTGCGTGAAAGCCCTTCGCTCCATATCGCCGAACAACTCGCGGACCTTTACGGCGAAGAGCTGATCGTGTGCGAACCGCATATCCAGGAGCTTCCCAAATCGCTCATCGGCAAGGCCAAACTGGAACCGGCCGATGAAGCGATCAAACGCGCCGATATCGTGTTGCTGTTGGTCGACCACAAGCCCTTCAAAAAACTCCCCAAACGTATCCTCGATCAACGCGTCGTCATCGACACCCGAGGATGCTGGAAATGAAGAAAGTAGCGAGTAGCGAGTAGCGAGTAGCGAGATAAGAAAGAAGCAGTGAGAGTTGAGAGGCCTTAGTCCTGTTAGGGACGAAAGATGGTTTTTCAAGCCTTCGTAAAAGATCTCGCCCACACGCAACTCGCATTGTTCAAGGCACCCCGATACGATCATTCGCGCAAGACGCAAAACAAGAAGCCGCGCCCATCCGATATTGCCTCACATCGCGATGATACAATTCCACTATTCCGGGATGCTCTTTCGTCCCTACCGGGACTAAAACCACTCGCCACTAAGCACTAAGCACTAAGCACTAAGCACTAAGCACTAAGCACTAAGAACTAAGAACTAAGAACACCGTTCGGAGAACGGTTCCCCCCTATGCTGCAAGTTTTGCAAAACCTCGGTAATGGACAAACGATGCTCGAAGAAGTTCCCGTGCCGGCGGTCTCCTCTGGCAGGCTCTTGATCCGCACGGAATCGACTCTTATCTCCGCAGGTACAGAGAAGATGCTGGTCGAGTTCGGGAAGGCAGGTTGGCTGGGGAAAGCCAAAGCGCAACCGGAGAAGGTCAAGCAGGTTCTCGACAAAATCAAAACCGATGGCTTGCTCCCCACCCTCGAAGCCGTATTCACCAAGCTTGGGGAACCCCTTCCACTCGGATACTGCAACGCGGGTACCGTCGTTGATATCGGCAGCGGTGTCACCGAATTTCAAATCGGCGACCGTGTGGTCTCGAATGGCCCGCATGCCGGCTTTGTCTCAGTACCTAAAAACCTATGCGCACGGATCCCGGATAATGTCCCTTCCGAGGAAGCCGCCTTTACGGTGCTGGCCAGTATCGCGCTGCAAGGGATCCGCCTTGCTGCCCCCACTCTGGGTGAATCGGTCGTGGTCTATGGATTGGGATTGATCGGCCTTATCACGGTTCAACTCCTTCGCGCCAATGGATGCCATGTCATCGGGATCGATATCCACCCGGACCGATTGAAGCTCGCACGCGACTTCGGTGCCGAAACGATTCACGGCCTGGAATGCAGTGATATCGGCGGCATGGTCCATAACCTCACGCAGCAACGCGGGGCCGATGCGGTCTTGATCACTGCTTCCGCCAAATCGGATGACATTGTCCGGCATGCCGCCAAGTCGTGCCGCAAACGAGGGCGTATCGTATTGGTGGGTGTCGTCGGACTTCAATTGAACCGAAGCGATTTCTACGAAAAGGAACTCTCTTTCCAAGTCTCCTGCTCCTATGGTCCCGGTCGCTACGACGCGTCGTACGAAGAGGGAGGGAACGACTATCCCATCGGATTTGTTCGTTGGACCGAGCAACGCAACTTCGAAGCGATCTTGCAGATGTTGGGGAGAGGGCAAGTTTCGTTCACCAAACTTCTCACGCACCGATATCCGATCGATCAAGCGGTCGCGGCCTACGAAACTATTCAAAAGAACCCTAGCTCGCTCGGGGTTCTCCTTGAATTTCCGCAGGACACTCCTCGAACACAGACCCTGTCGATCGCCCATGCGTCCCCCTCTGCATCGTCCCTCTCCCAGGTAACGGCAGCCGCGATCGGAGCAGGGAACTTCACACGCGCCACACTGTTGCCTGCGATGAAGGGGCTACCGGTCCGGTGGAAATTTGTCGCCGGACGTTCCACTCCCTCGGAAGTGCAGCATACGGCCAAGAAGTTTGGTTTTGAACGCGCAACAACCGATCTCACCGAAGTACTGTCGGATCCTGAAATCAATCTCGTCTTCCTCACCACGAATCACGATTCGCACGCCCAGCTCATCTGTCGATCGCTGGAGGCCGGGAAGCATGTCTTCGTGGAGAAGCCCTTAGCGATTACTCGCGAACAGCTCGACAGCGTCATTGCGACGGCGGCGAACGCGCCATCGTGCAGACTGATCGTCGGGTTCAACCGTCGGTTTAGTCCGCACACCGTTCGTTGCAAAGAACTGCTTCGGGGACGTACCGGTCCGGTAGCGATGCAGATCATGATCAACGCCGGGAGCATCCCTGCGAACCACTGGGTTCACGATCCCTTGGTCGGTGGCGGGCGGATCATCGGAGAAGCCTGTCACTTCCTCGACTGGATGAGTTATGTGACCGACAGCGAGATTCGAATCGTTTCCGCATCACAGCTGGCAGGCGGGGAAGCGATCCACGAGGACAAGATGACCATCAATGTTACATTGGAAGATGGCAGTATCGGCAACCTTTGCTACTTCGCCAATGGCAGCAAAGCCTATCCCAAAGAAACCTACCGCGTCTTTTCGGATGATCGGGTTCTGGAGATCGATAACTTCCGCGTGACCCACGGTTATGGGTTCAAGGGATTTCGAAGATTCAAAACAGCCCGGCAGGAGAAGGGGCATAAAGAGCAATTCACAGGCTTGCTCGAAGCATTGCAAGGCAAGCGGGCATTCGAAAGCGATTTAGGTCGCTACGTCAACACAACGCTCGCATCGCTCGCCGCCGTCGAATCCGCCTCGACCCATACCACCATCACGCACCTTGTGTAAGTAAGCAAGTACGGTCGAGGACGAGCCGTTCCACAATGTCGATCTGTTGTCCTCAACAGA
NZ_CP011272.1_gap50	1805852	1808977	3125	GTGATGCTTGCGAGCTGGCTTGCAGCAAGGATCAACGTCGCAGCAAGTAGGTGCTGGCTCGCAGCAAGCGACAGGAGCGGGTTCACAACAAACAGGTGCTGGCTCGCAACAAGCATTCTTCTTGCAGAAAAGACCAGCGGAAGCGGTGGACGAGAAGCTAATTGCAACAGCAGCCACTGCCAAGGAAGCGATCAAACGACGCATGGATGTATCTCCAAACACAAACGAGGGTTTCATTTACCGCGTCCGGAACATTCTGGTTGCCTGCCGTCCTGGCCTTCATCCAGTCGCCATCGTCATGGATGGTCAATGACGCGAACTCCTAAGACATTCCCCAAGGAACAGGAAACGCAACCTAAATGGTAAAAATTGCCCAAAAGTAAAGTGGGAAGCTCGGGACAACGTAGCGGTTGTAACGGATATGATCAGAAACGCTTGGAACGCAAACATTGGATTTCACTCGTCAATACCGGAACCGAACACGCTATGAAGGACACTGGATTCACGATTGTGGGACTAGGGGAAGTGCTTTGGGATGTCTTCCCCGATGGCCCTCGATTCGGCGGAGCTCCCGCGAACTTCGCGTCGACCTGCAAACAGCTTGCAGGCGACCGAGCGGATGTTTACGTATTGAGCGCTGTAGGCCGCGATGCCCTCGGAGATGCCGCGCTGCGCGAGCTATTCCGTCTATCCGTCCGGACAGAACTGGTTCAAAGGAATGAACGGGAAACCGGGCAAGTCCTCGTGGAACTCGATTCGCAAGGCAAAGCGTCCTATCGCTTTATCGAATATCCGGCCTGGGACGAACTGACTTGGACCGACACAGCCCGCACACTCGCCTCGCAAACCGACGCCGTCTGCTTTGGCACACTGGCTCAGCGTTCGCAAATTTCTCGTCAAACAATCGAGAAATTTCTGGACCTTTGCCCCGAAGAGTGTTGGAAAGTTCTCGATCTGAATTTGCGTTTCCCCTATTTCACCGAGGAGTGCATTGTGGCTTCCTTGAAGCGAGCCAATGCCCTCAAATTGAACGAAGACGAACTCCCCGTTGTCGCAGAAATACTTCAGATTTCAGGCAGTGAACGAGAGATGTTGGAAAAGCTCCAAGCCAAATTTGGGTATCGGTTTGTAGCGCTTACGCAAGGTGCAAAGGGCTCCGCGGTTCAAACAGATCGGTGGACAGAGCAGCCCGCGAACCCCGTGACAATCCAGGACACGGTCGGTGCGGGCGATGCGTTCACCGCCGCCCTCGTCCTCGGAGCACTTTTGCAGCAGCCTTGGGATAGCGTCCAATGTTGGGCGACCGATGTCGCCGGCTATGTGGCTTCCCAAAGCGGTGCGACTCCGGCATTGCCAAACGAACTTTGTTTACCACAATAGCGTCTCCTCGGTCTTGGAAAGCCCAGCCGACGGTACATCACCCTCCGCGCCAATCATCCTTCAATACACCATGTCGATCATTCAAGAACTTCAGTGGCGAGGCCTCATCCACCAATGCACCGATCTCGATGCCGTCACCAAACAACTTGAATCCCCCACTGTGGTTTATGCCGGCTTCGATCCAACCGCGGATTCGTTGCACTTAGGACATCTACTCCCATTGACGCTGCTCCGCCGTTTTCAACGGGCAGGTCACAAACCGATCGCCCTCGTAGGAGGTGCAACCGGAATGATTGGAGATCCTAGCGGCAAAAGCGATGAACGGAACCTTCTGTCCAAAGAACAATTAGCCAGCAACGTCGACGCTATTCGATCGCAGATGACGAAGTTCTTGGACTTTGACGGCGAATCAAGTGCTCGACTCGTCAATAACTTCGACTGGATGCACTCGTTCTCCTATCTCGATTTTTTGCGCGATGTCGGAAAGAACTTCCCGGTCAATGTCATGCTCAGCAAAGACAGCGTGAAGAGCCGTCTCGAAAGAACGGATAGCGGACTAAGCTACACCGAGTTCAGCTACATGCTCTTGCAAGCCTACGACTTTGTCTATCTGGCCAAGAACATGGACTGCCGCATGCAATTAGGCGGAAGCGACCAGTGGGGAAATATAACCGCCGGAATCGACCTCGGTCGTCGCATGCTGGGCAAACAGCTATTCGGACTCACCAATCCATTGCTCACTACCTCGGATGGTAGAAAGATGGGAAAAACAGAACGAGGTGCAGTATGGCTGTCAGCCGAACGAACCAGTCCCTATGAGTTCTATCAATACTTCATCAACGTCGCCGATGCGGATGTCCTTACCGTCATGCGATTCCTGTCGGACATTCCACACGAAGAGTACCTTCAAATCGAATCGGAACTTGCATCGAAACCAGGCGAAGCCCAACGCCGATTGGCACAATCCGTTACGCAAATTGTCCACGGGATCGAAGGGTTAGAGTCCGCGCAGCGCGCTTCGCAAATCCTCTTCGGAGGTGAAATCGACCGCTTGTCCGATCACGAGTTGCTGTCCATCTTCCAAGATGTTCCCAGCTCGACGCTGCAGAAGGCCACTCTCGCCGCAGGCCTCGGAATCATCGACGCACTGGTAGCCGCTGGCCTGGCTCCTAGTAAAAGCGAAGCCCGCCGAAGTATCGAAGGGGGTGGCGTCTACATCAACAATCGTCGCTGCCCAGGTATCGACAAAACTCTTGGTGTCGACGACCTAGCGAGCGAGTCGGTCATCGTGCTCCGTAGCGGCAAAAAGAAGTATGCACTTTTGAGATTCGAATAACCAACCCAACGCTTCCCCCTCCCGCGCCCCCACTATGAGGGGCCGGAAAATCACTCGCTCAATCTACCTGTACCGTTCAAGCACACTGAACACAGGTAGTGGCCCATGGGAGCACACTCAAGCGCGCTTTTGGAATTGATTTGTGACATCGCGAGCATCGCCCATACTCCCCCTTGGCAATGCGTTCGAGTGCCAGTCGGATGTCACCGATTTCCTTTTCCGTTGCCCCTCCTAGAGCGACCAAGGTTTCTTGGTTTTCAAGAACGACCGCATTCTCGCTCCAATCGCTGTCGCCAGGCTCGCGCAGCTTGTTTTCTAGCGTTTCGGCCCTTTCCAGCAATTCCGATAGCTTGGCTTCCAAGTTCGCTTTCAGTTCGGCAAGTTCTTGTTCCGTCATCATGTCATTTCA
NZ_CP011272.1_gap51	1822649	1826078	3429	TGCTCTCGCAAAACTTCTGTGCCCCGAGCTTCAAGAATCGGTCGCGGTATCCCTCCGGTAAAGGAATACTCTTGTCCGTAGCTGGTATCGCTGCTGGTTCGCGACGAATGGATTTGGAGGAGCCTTCGATGAGCTTGTTCCCATTGACGACTGTTTCCGCGATGAAGCTCAAGATGCGTGTGGCTCGGTCGCGTCGACGCGGTAGCTCGAACAGCTCTGGCGTCTTATCGATCATCCGAGTCGTCGCATTTCCCTCCAAAAACGTGGGATGGGTAATGAGGGATATCAGGAAAGGAATGTTGGTTTTAACCCCCCGAATCCGGAACTCTTGCAAGCATCGTTCCATGCGTCCGGCAGCTTCCCCCAAATTGCGACCGCGCGCGGTCACTTTGACCAATAGCGAATCGTAGAAGGGGTTGACGACCGCACCGCTGAAGGCACTTCCTGCATCAAGCCGAATGCCTAGCCCACCTGCGCTCCGGTAGTGCGAAATCTTTCCATAATCAGGACGAAACTGATTGGAAGGATCCTCGGTCGTAACCCGGCATTGAATCGCGGATCCGACGACTTGAACATCCTTTTGAAGAGGCAGACCAAGGCTATCGTCACCTAATCGCTCTCCTTGCGCTACAAGAATTTGAGCCCGCACCAAGTCGATCCCGGTGACTTCTTCCGTGACGGTATGCTCGACTTGAATACGCGGATTGACTTCGATGAAATAGAATTGGTTCGAGTCGGTATCGAGAAGGAACTCGACGGTCCCCGCACAGTGATAGCCCACTTCACGACCAATCGCGAGCGCCGCTTCATGGAGCTCCGCCGCAACACGTTTTTCAAGGTTCGGTGCAGGTGCTAGTTCAACAACCTTTTGATGCCGCCGTTGCACCGAACAATCTCTCTCGTGCAGATGGATCAGATTGCTATGGAGATCTCCAAGAATCTGGACTTCCAAATGCCGCGCGCGGGCCACGAGTTTTTCGAGAAAGACTTCATCGCTGCCGAAGGCGTTTTTCGCCTCGCGTTGAGCTTGCTCCAAGTTGATAGCCAGTTCCGATTCATTTTCAACGATGCGCATCCCTCGGCCCCCGCCCCCTTTGGAGGCTTTGAGCATGATAGGATAGCCCATCGTTTTGGCTGTCTCGTGCGCTTCATCGAGCGAGCGGACGGCACGCGTGGAGCCCTCTAAAACAGGAACACCGACTTTCTTAGCGATCCCGCGAGCTGCGACTTTGTCTCCCAGAAGCTCCAGAGCGCGCACGCTCGGACCGATAAAGGTAATCCCGTTGGCTCCAAGGGCTTTGGCAAACTCCGCATTCTCGGAGAGAAAGCCATAACCGGGATGAACGGCGTCAATTCCGTTTTCCAAGCAGAGACGCACGATTCCATCGATATCCAAGTAAGAACGAATTGGTTCCCCTGGTTTTCCGATTTGATAGGCTTCGTCTGCTTTGAATCGATGGAGTGCGAATCGGTCTTCGTGCGAATAGATCGCGACCGTCCGGATCTTGATTTCGTGAGCGCTTCGAAAGATACGGGTTGCGATCTCGCTGCGGTTGGCAGCGAGGATTTTTTGGAATGCCGGCATGGACTAAGGCTTGGAGGGAGGGGGAGGAGTGGGAGCTTGGAAATCTCCCGCCGTCGCGACAACGAGCGTGTCAGGATCAATGTACTCCGCGATTGCGTCATTGACGGCATCGACGGTCAGTTGCGAGACAGCGGATTCCAATTTTTCGTAATAGCTCATGTCGCGGCCGGTAAAAATGTTGTTCGCCAACAATCCAGCAAGACCGACATCGCGACTGCGAATCAACTGTTGATTTTGCAAATAACCTTGAACCGTGTCCTGGAGCTCTTGGGAGGTGATGCCATCTTTAACGAGTTTGCGTACCTCCTCGTCAATCGTCGCCACCAACTTGTCCCGATTTTTCGGATTGGCAATCGCGGTGATGTAGAAGACTGTTCGTTCATCGATCGAACTGGATGCGAGATTGCTGTTGACTCCGTACGATAGACCTTCCTTCTGTCGGACACGGTCCCCGAGACGCGATGAGAGCGCACCGGCGCCGAGCACTTGGTTGCCGATCAATAGAGCAGGATATTTCGGATGATCATCGCGCAGTGCGTACTGTTGGCTGGCGAAATAAACCGAATTTGCTTTGTCGGGAGTTTCGATGGACTGCAGCGGCAACTTCACATCGGTGGTCGCGGACGTCGCAGCACGCTGGAATGGGACTTTGGATTTCCAGTTTCCTAGCATCTTCGAAAGTTTGGGCTCGATCTCTTCCGCGTCAAAATCCCCGACAATAGCGACTTCCCCCTCGGTCCCCGAAAGATACTTGGCGTGCAAATCCACGATGTCAGCAATCGAGAGTTTTTGAAAGTCTTCGATTTCTTCGTCGATCGTGGGTAGATACCGGATATCTCCGCGTTTGTATGGGTTCAAAGTTCGTGAGACCGCTAGGTTCGCCAAAGCCTGCGGCTCGCTCTTTTGGCTTTCCAAGGACGTCAGCACTTGATCGCGAATAAGCTCGAATTCTTTTTCTTCGAATGCAGGATTTCGCAACATCTCTTCGATGACTTCCAAGACTTCCGCCAAATGTTCACGGCGTGTTTCCAATCCAATTGTGAGAGACTGAGGGCGCGAAGACGCTCGCACTGTCGCTTTGAGAGAAGCCAACTTGTCGTTGAACTGTTGCAAAGGCAGGTTCTTCGTGCCTCGCATCAGCATCTCACCGAAGAGATCGCAAGCCGCCGATTTTCCGAAGAGAGATTTCTCGTCACCGAACCGAAGATTCAGGGTGAGATTGACCGTTGCTCCCCGAGTCTTCTTCGCCAAGAAGGCGTAGGGCAGCCCACTGGCCAATTTGCCGCGGACCAATCGAGACTCGATATTGGCGGGAGAGGGATCGAATTGCTCACCTTCGCTGATCGCTTCTCGCCCTTTGTAATCCTTTACCAACTCGTTGACGTCCGGCCGTTCAGGGATTTGGATTCGATCGGATCGATCCGCCGGCATGAACCGTCCAACTGTTCGATTATTGCGAACTAGGTACTTTTGCGCAGCGACCTGCACTTGGGCAGCCGTCGTCTTTTCGATCCCATCGCGGTAGAGGAAATAAAGCTTCCAATCCCCTTGGGCTGCCCAATCGCTCAAGCTGATAGCAAGACTATCGCTACGTGCTGCAGCGCGTTCGCGTTGGTTGAGAATCTTTTGCTTTGCGCGGGAGACTTCTTCTTCAGTGACAGGAGCATTGACTAAGTTTTCTAATGTCTCCAGCATGGCCGACTCAGCCTTTTCCAGAGACTTCTCAAGGGGAACTTGGGCGAGGAACAGGATCGTGCCTGGATCGTGCAGCCCCTCGGCTCCGCCGAAGACACCGGTCGCCAATTTTGTCTCGATCATCGACTTGTAGAGTCGACCGCTCGGCT
NZ_CP011272.1_gap52	1978612	1981669	3057	GTCAGATGAAAACGCCGTTTCGGAAAGTGTGGTCCGGTTTCACCCCATCGGTTTGATGGCTGTGCTAGGACCATTCAATCTTCCGCTACACTTGCCAGGTGCTCACATCGTGCCCGCCCTGTTGATGGGAAATGGTGTCCTTTTCAAGCCTAGCGAGAAAGCGCCCGGAGTGGGTGATTGGATTCAACGGGCGTGGGATGAAGCAGGTCTGCCCGTAGGAGTTCTCCAAACCCTCCACGGCGGAGCGGAGGTTGCTCGACAAATCGTCAATTCGACAAGCCTCGACGGCGTTTGCTTTACGGGCTCCTACCGCGTTGGGGCTGAATTGCATCGCATGCTTGCGGGGCGTCCCGAATGTATGCTTGCTCTGGAAATGGGTGGTAACAATCCCTTGATCGTCGATCGCGTTTCGAATCTCACCGCAGCTCTTCACGTTCTCATCGCCTCCTGCTTCATCACGAGCGGACAGCGATGTACCTGCGCTCGGCGTCTGATCGTTCTAGACAATGCCCCCAATCGTGATCTGATGCGTCGCTTTGCGGAATCTATTCCTGACATACGCGTGGGATTACCGTTTGATACCCCAGGTCCGTTTATGGGGCCCTTGGTAAGCACCGAAGCGGTACGCGCTGTACTCGCCGCCGAAGAGAGGCTCGAAACAATGGGCGCCGTCCCTCATGTTCGTTGTCAGCAATTTACCTCCCACCCCAATTTGCTCGGGCCGGGAGTGTGGGAGGTTTCCGGGGAAGGGGTCGAGGATCAGGAGGTTTTTGGCCCCGTCGCGACGATCGAGTATGTGAACGATTGGGACGAAGCCATCGCATCCTCGAACCGGACGCGGTACGGTTTATCTGCAGGACTGATCAGCGATTCACGCGAGCATTTCGATCGGTTCGTCAACGAAGTTCGCGCGGGCATTCTCAATTGGAATAGTCCCACAACGGGCGCTACCGGCAAGCTGCCCTTTGGAGGGCTTGGCTCGAGCGGCAATCATCGCTCGAGTGGATACTTTGCCATCGACTACTGCAGCGACCCGATCGCTTCGGTGCAATCGCCTGTTCTTACGCAACCGCCCCAGTTACCTCAAGGTCTCGATTTGGTGTTCGGCAATTTCCGGGATGGAAAATGAGAGAATTCAATATCGATGGATTGATTGGCCCCACCCACCACTTTGGTGGATTGGGTGTCGGTAACGTTGCGAGCGAGTCCAATCGCAACAAGATCGCCCATCCGAGGTCAGCCGCTCTCGAAGGTCTCTCCAAAATTCGGAAGCTCTATGAGCTGGGAGTTCCGCAATTCTATCTGCCACCACCTGGGAGACCCAATTGGGACTGGATGATGGCCTTAGGATTTCAATCCCAAGATGCGAAGGACTGGAGTCGATGCGCGAAACAATTCCCATCACTTTTCAGCTCTTCTTTGAGCTCCTCCTTTATGTGGATGGCTAACGCTGCTACATGCAGTTCCAGAGTAGATACGACGGACGGAATCGGAAGACTCGTGATCGCGAACCTGGCAGCTAGCTTGCACCGGGGACAAGAGAGCCCGGAACGCCACCATCAATTAAGACACTTATTCCAGCGACTGGACACGATCGAGGTCATCGAAGCGTTACCCAGTTTGGTTCCGCTTCGTGACGAGGGGGCAGCAAATGCGATGCGGTGCTGGAATCCCTCCAATCATCAAGGCATATATGTATTTGTTTTTGGTGAGACATATCAAGGGATAACACGATCCATAGCATCAGGAGAAACACGGGTGCAACGAGGTGTTTATCCTTCACGTCAGACGTCTCTAGCGTCTCAGCTCATCGCGAGATCGTTGAGAATCCCAGATTCGCGTTCTGTGTTTGTACAGCAACATCCCCAAGCGATCGATGCAGGAGTCTTTCACAATGATGTCATCGCCACGAGCCATGAAGATTTTTTGTTACTACACGAGAGAGCATATCTTGATCAATCCACTGAACTGGATCGCATATCGGAGACCTTTCGCAAGGAGTGTGGTGGCGAGTTAAGCATTTTTGTTATCACAGAAGACGAGCTACCTCTTTCGGAAGCCGTTGCTACGTACTTGTTCAACTCCCAGATCGTCACACGATCGGACGGAAGTTGGTGTATGTTTTGCCCGATTGAATGCATGACGTCACCAGCGGTCACTCAAGTGCTCCAACGCATCCAGAGCCAAGAGCCGCGACTCGGGGAGATCGAGTTCGTCTCCCTACGAGAAAGTATGGCGAATGGGGGCGGTCCAGCCTGCCTGCGTCTGAGGGTTTATGCGAGCGACGAGGAGATCGAACAGATTCCTTTGGGAGCACGCATCCAGGATGAATCGCTTTTCTATCTAGAGCGGCTCATCGCATCCGAGTATCCCGATTCGGTCCAACTCGACGACTTCCTGGACCTCCAACTGGTGAACCACTGTCGTCGGGTTTCCGAAGCCATCAGCCAATATTGGCAGAGCGAACGCCCTTGATTGGACAGTATCGCGCAACAGTTTTCTTCGTTGCTCCTTTTTCAGCGAATTGCCTTCTGCGATGCAATTGCTGTAAACATGTCTTGCTTCTGATTCCGATCATTTGTTATGGCTTCCTTTCACGCTCTTCGCTTGCTGGAGTCATCGATTGTGATTCCGACCAGGCAAGGCATCCTGGATGCCAATGGTGTTGAAGTTGGTTGTTGGCTTGTTCGTTAGCGAGGTGATCCATTGCTTGATCGTTCGATGATGTAACGCGGGACCTTCTCTCCAGCCCCTGAGCGCGCAATAGAAATCTGCACACACGTCTATTGCTTCCTCTCCGCGTTTCTAATCGCGGTTTAGTGATCGCACTCGTTCGTCAGCGAGCCTATGTTCGCAGAAGGACTATCGAGGAGAGAATGCGGTCATGTTGTCTAGTCTTTTTCTTATCCTATTCGGTTTTGTTTCGGCGCGTGATGCAGACCAAGGCTGCTTGAGTGAGCATGTCGATCTGATCGAGCTCAATCATTTCTACGACCCTCTCGGGCGTCACGTCTACGATCAGGTCATCTTTTACAATCGACACCCGGGGACGGGTCA
NZ_CP011272.1_gap53	2049031	2050279	1248	TGCACGCGAACTTGATCGCCCCACGACTGCCAGGAAGCGATCCGTTGCGGATGCTGAACATGCCAGTTGCTGATACTGTTGATCTGGTTTTGCCAGTTGTTGTTGATGATTGTGATTTGGCTATTGTCGATGTTCACCCAACCTGGTCGCTGATGGATGAGGTCATTGTTCCAACCTGGCTTTGAAGGGAGAGGTCTGCTGGGCTTCGTCGACGGGGGAAGCGGCGCGGGCTTGGTGCTCGGGAAGCTAGGAATGCTCGGCTTTTGAGGAAGCGAAGGCTTCGTGCTGGGAATCTCGGGACGCGGCAAACTCGGCTTCGGGAGCGGCTTTCCGCCGATCACTCCTGGCAATGTAACCGGCCGATCCAACCCAAGGAAATCCTCCACATTGCCCGGTAAAGGCCGAGCGGGCGGTTTGCTTGGTTTGGAAGGGAGAGACGGCAGCGTCGAGACCGGGGGCTTCGCAGGCTTCGTCCCTCCAAGTCCCGGATAAGTGGGGCGCACCCCGGGCTTGATCGACTCCGGCGGCCGAATCCCAGGTAGGTTCCCCGAGGCGTTCCCCGGCATCGGTCGTACCGAAGGATTCGTGGGTATCGGAAAAGAGGGTTTGCTCGATGGAATCGATGGCTTCGTGGAAGGCACCGAAGGTTTTAAACCCGATCCGGGTCGTGGATAGCTTGGTTTGACCGAGGGGAGTTGTGGCGTGGAAGGGGATGGAAAGCTAGGTCTCGTCGATGGCACTGGGCGCGTTGGTACGGGTGCCGGGCGCGTCGAGGGAGGAGTAGGGCGTGTAGAAGGCATAGGACGCGTTGAAGGTGTCGGGCGGGGCATCGGTGTTGGACGGGCCATATTGCCCGCCGATGGTCGCGCACCAACGGAATGGGGTATCTTTCCCCCTGCAGGGCGCGACATCCCTTTGAAACCATCGGCAAACGCTTGAGGTAGATTGCCATTTACCGACAACAACATTGCAGCAAGCGCAAACCAGCGAACGAATCGACGTGACATGCAATCCTCTCCGAACTTACTTTACCAAGCTTCCGAAATGGCTCCACCAACTTCCGACGATATCCCCTCAACCTCGGCTAAGGCGCTGGCTCTAGCGCCGGTACGGTAATGGGGTTCGGTGCAACGACCCGTTTCATCACCGCAGGTTCGGAATTGGGAAGCATCTCACCGTTGACTTCGTGTCCCACCAATTGAATCGTGAGTTCGTCGTTGCTTCGGCGATCGAGAAGATAAGTCCCCG
NZ_CP011272.1_gap54	2232155	2236157	4002	CTTTTTTCGAGAGGAGTGGGAGTTCGCAGCGGAAGCAACTCTGGACCCTCACAGGGGGCGCGACGGATCGGTGCAGATTCTTGTTCAGAATCGATCCGATGCCTCCGCATTCGATCGCCAACGCGACCGATCAAGCTTGATTCATGAACCGGTGTTGGTTCACCCAGAAGGATCGAAAGAAAGAGTATTTCGCACAGCATTCGAAGACTTTCGCAACACGTTCCCCATTGCACTTTGCTATCCGCAAATCGTTCCGGTCGACGAAGTCGTGACGCTTACTCTTTACCATCGGGAAGATCGATTCCTCAAGGAGCTCATGCTCACGGATTCGGAACGCGAGGAATTAGAACGACTGTGGACGGAGCTGCATTTTGTTAGCCAGGATGCACTTCGGAGCGTCGATGTGTTCGAGCAGTTATGGCAATATGCTACCCAAGACGCCGACCCCTCTGCGTTCGAGCCGCTGCGAGAACCGATTCTCAAGAGAGCAGCTCAGTTTCGAGAGGAATTGGTGCGCGCTGAAGAGAAACAATTGAACGGCGTGTTGGAATTTGCTGCGAAGGCATTTCGTCGCGCGTTGCGGGCCGAAGAAACCGAAAGGTTACGAGGGTTGTATCGCACATTTCGCGAGCAAGGACTATTGCACGATGCTTCCATTCGCGGGGTGGTGACCCGCATCTTGGTCGCACCCGAATTTCTTTATCGGCTAGAGGTTCCTGCCAAGTCGCAATCGGAGCCCCTTCGAGCCGAGGAATTGGCGACACGCTTGAGTTATTTCCTCTGGTCCTCCGCACCGGACGAAACGTTACTTGGGTTGGCGGCAGATGGCTCATTGCTTCGGGAGCCAATCCTTCGTCAACAGGTTCGTCGCATGCTGGAGGATCCCAGATCCTCTCGCATGGCAACTTCCTTTTTCGGTCAATGGCTTCAAATTGCAAATGTCGCTGAGCTCGACGAAAAGAGTGAAAAGGAGTTTCCTGAATTCCTTAGCATCCGGGGAAATCTGCAGGCGGAAGCCAATCGACTGTTCGAGCATCTACTGATGGAAAACCGACCGCCCCTCGAGCTTTTGACCGCAGATTACATGTTCGTCGATCGTGATTTGGCCGGCTACTACGGCATTCCGATCGATTTGGTTCCTGCTTCGAATTCCGAAACCGAACAAAAGGACGGAGGCCTTGTTCGAACCAGCTCACCGGTGACCCGATTGGGTAATGCCTCGCAGTGGAATCGCGGTGGGTTGCTGACTTTGGGAGCGCTGCTGTCAAAGTTGTCTGGAGCATCGAGGACGAGTCCGATTCTGCGAGGAACTTGGGTGAGCGAAGTCTTGTTGGGTGAACCCCTTCCCAAGCCACCGAAGAATGTCCCGCAGTTGCCCGACTCGGTACCTGAGAATTTGAGCGAACGTCAACTAACAGAATTACATGTGAGTGCACCTGGGTGCAGCAACTGCCATCGTCGTATCGACCCATTCGGGTTCGCACTGGAGTCTTACGATGCGATAGGACGATATCGCACTTCCGACAAGGCAGGTCATTTGGTGGACACCAAAACGGCGTTGCCCGATGGTACGGTTGTGTCAGGTGTTACCGAACTGAGAGACTATTTGGTTCGGACGAGGAATAACGAGTTCTTATTGCAGTTTCATCGCAAACTGTTGGGGTATGCGTTGGGTCGCGAGGTAATGTTGTCAGACAAACTTTTTTTGGAGTCGCTTGCACAAAGAGCTACAACCGAATCTAGCTACGGAATCGGGGATGCTGTCGAAGCGATTGTGATGAGCCGGCAGTTTCGTGAAATTCGGTCAGAGGAAGAGGTAAAGCCATGACATGCAGTTGGAACACACAGCGCCGATGGGATCGTCGAACCATTCTTCGTGGAATTGGCGTGTCGATGGCGTTGCCTTGGATGGAGTCCATTCCGGTATGGGGACAAGCCACGGCGGCGACGGCTTCGAATTCGAAACCTCCCGTTCGCTTTGCTGCCCTTTTCGCAGGCAATGGATTTCATAGCAAAGAGTGGTGGGCAGAGGGAGATGGAGCGTCGATGAAAGTAGGGCGCGTCCTGAAATCGCTTGAGCCCCTCCGCGATCAGATGTTGTTTATTCGAGGGCTATACAATCAAGAGGCCTTGAAAGGAAACATCCACTCGTCGCAAACCGGCAATCTCCTTTCGGGTGCACCGCTGGCATCGGGAGGAGAGATTCGTTCCGGGACCAGCGTCGATCAATGGATCGCACAGACGTATGGACGTAACACAAAAGTACCGAGCTTGGTGCTGGGCTGTGAAAAGTCGAATCCTTCGGTTCACAAGAACTATTCGATGCTCTATAGCTCGCACATTTCATGGTCCTCGCCGACCACGCCGACTCCGTTAGAGATCTATCCCGCATTGGCGTTTGACCGGCTCTTTAAAGAGGAAGTTCACCAGCAGGATCAAAGTGTGCTCGATGCTGTTCTTGGGGATGCCGCCGATTTACGCCGTCATGTAAGCCAATCGGATCGGCGAAAATTGGACGAGTATTTGGATTCGGTCCGCGATGTCGAAGATCGGATCGCGCAAGCTGGAAAACGAGGAGAGCTGCAAGGCTGGCGTCCGACGATGGAGAAGCCGGACCGCGAGCGTCCCGCCGATGGAATCCCACAGGACATTAGCGAGCACATGCGATTGATGTGCGACATCCTGCTTTTGGGTTTCCAAACCGATACGACCAGAGTGACGACGTTGAAGCTGAACAACGATCACTCCTCCCTTCGCTTCCCCCACTTGGGGGTCGACTACATGATCCATCACCTGCTTTCCCATTCGGACACGGAGGATTGGCTGAAGGTCAATCAGTTTTTCGTCGAACAGCTCGCGTACATTGCGACGCGGATGCAGACGATCCAAGAGGGGGACGGTACGCTGCTGGACAATTCCATGCTTTTGTTCTGCTCCAGCATGATGAATGGAGGGCATGATGCCAGCCAACTTCCGGTCGTTATGCTCGGAAAGGGGGGCGGTCGCTTAGAAACGGGCAAGGTATTGGATTATCGGGACGCCCCAAATCGCCAAATGTGCCGATTGTTCCTATCCGTTCTTGACAAGTTCGATCTCCATCCTGAACAATTTGGCGACGCTTCGGAGCCACTTCCGTCGGTTTGACCGAGGCAACTCTTCTTCAGGATGTGATTTATGAATGCAGACTCCAACACTTCGGTTGGCATTGACCGAAGTGACGCGGTTTCCCCTCAGCCAATTAGGAGTCTGCGAGGATGGCCGGCGGTCGTGCTCATCGTATTGGCCGTACTCGTCCGATTCGTGCCGGTTTGGATTGAGGGGGCCAGTTTACCCCTGCTGATGCTCGGTTTCATGGGACCGGCCGCGCTGAGCCTTGCCCTCGCCATTTGGTGGCTGTTTTTCAGCGGTGCAAGTTGGCGAGAGAAGGGAATTGGCATCGGAGGATTGGCTGCCATCATCGCGATGACCAGTTTGACCCTCGATCCGTCCATGCGTGGTATCAGCATGTTCCTTTGGATCATTCCTGTCGGCATGGCGGCATTCGCCATACCCTTGGTCGTGGCATCCCATTATCCGAGGGTCCGAGTTTGGCTGGGATTATTAGGCGCTCTGCTGGGCTTTGGTGTTTGGAACGCATTTCGTTCTGAAGGTGTAACAGGTGAGTTCACCGTCGAGTTTCGACCTCGATGGTCGATCCCTGCGGAACAAGACTACCTGCAATCCCGAGGAGAAGCATCGAATAGCCCTTTCGCAGCGGATCCATCGAATCCAAACGTTCCTTGGCCAGAGTTTCGAGGCCCCCACCGAGATGGAAGTGTTTCCGGGGTCAAACTCATCGAGGATTGGGAGACGAATCCACCTGAGTTGGTTTGGAAACGGGCGATAGGACCGGGTTGGTCTTCTTTTGCGGTGGCGGAAAACCATCTCTTTACACAAGAACAAGTAGGAGACCAGGAAGCGGTCGTCTGCTTGAATGCGGACACCGGTAACACGGTGTGGGCC
NZ_CP011272.1_gap55	2288162	2289771	1609	TACTAACGCATCGATTCTCTAGGATCGCGCGATGAAACGAAAAGAGCTTGGTGATGGTCCAAGCTCTTTCGATCGTTCAGGTTCGTACCGAGCGGTCTTAACGGGACAACGGATTCCACGACCGTGTCTTGAGCCACTTGGATTGGGATGGGCGGCTCTTCGTGGAGGTCGTCGACTTGCCCTCAAAGAAACCCTTTTCCGGTTGGAATTTCCGTGAAATGGGATCTCGAACTTTCGCATCCGCTGGTGCAACGATCGACAACATCCCTGTTGCAACAACCGCTGCGACGATGTAACGGATCGTCTTCATATAGTAACTCCTCTTGTTTCGCATTTTCCATTCTTAGCGAAGCAACTTACATTCGCTTTACACTTGCGATCTAAAGCAACTGAGGTACCAATCGAACGCAATCAGGCAGATTGCGATGACGAAGCGGGCCACCGATCGACCCGCAATTCCAAGAGCAAGGTGCAGAGATAGGGATTTCTCCACGCGATTCCAGTCAGAATCGAATGCAACAGAGAGGGACGCATCCCGATTATTTTTATCACTCGGATTCGAGCGCTATCGCAATCCACATCGCGGCGCCGGAGAACGATGGACATCCGAATTCCCAGTGTCAACTACCGTTACCGTCTTCCGTGACACGGCTCGCTCGGACATCAATTTCGCTTCAACGATATGGCCTCAGGTGCACGTAAGGGTACAATGAGGAGTCCTTCCTCCCCCACTAAGCTTTCCCCTGCCATGAACGCCTACTCGTATTCCTCGTTGTCAAAGCAAGCACAGCGAGAGATCTTTCGATTTGTAGCGGACTGCACCTACGACTGGGAGTCTTGGCTCGATCTCGATGGGAAACTGATTTGGGTTAATCCCGCGGTAGAACGACTTACAAGCTTCAGCATGACTGAGTGTCTGGGCATGCAGGAGTATCCGTTGGAGATTGTTGCAGAACCAGATCGCCCCACCATGCAATCGATCCTGGCATCCGCGATTCAAGGAGGATCAGGAAACGATCGCGAATTTCGGATCGTAAAGAAAGATAAAAGTTGGCACTGGTTCGCCGTATCCTGGCAACCGCTTGTGGTCGCCAATGGAGGTCGAATAGGGATCCGAATGAGCATGCGAGACATCTGCGATCGCAAGGCGCTCGAAGAGGAAAAGACGAAATACAACATCCACTTGGAAGAGTTAGCGCAGGCGAGAGCTTCCCAGATTGTAGAACTCCGCAACAAGCAGATTCAAAACGAGAAGTTAGCGGCCTTAGGGGTAATCGCTGCGAAGGTGGCTCATGAGATCAATAATCCGATGGCCGGGATTAAGAACGCCATACGACTGATCCAGGATGAAAACCAGCTTTCTGTGGATGCTCTCGAAATGTTTCGTCTCGTCGACAACGAAATCGAACGAATCATCCGAATTCTCAGGCAGCTCTATCAGCTTTATAGGCCCAATCTCTCCCCTCCCGACGCGTTCGATTTATTGAAGACGATGGACGATGTCATCGTCATGATTGAAACACAGTTTGGCGCGACGAAACCGGAATTCCAGCGCGTCCATTGGCCCGAAGCGTGTTGGATCGTCGGTTTCGAACAGGAGCTCAAACAG
NZ_CP011272.1_gap56	2298593	2300273	1680	TTCGCCACCCAGCTCGCGATAGCGTCGAACCAAATGCTTCAGGATCAATCGCACTCCCTTGAAGGGCCGGGCGAATCCCTCCAGAAAGATACTGCGAAACATGATGCAGAATTGCCCCCAGTCCATGTCGTGCTCCCGAGCGTTCCCATACCACATCAAGGGACAAAGAAGCATTTCGATGAGCAAGGGATCGCTGAAGATTTCGTTCAAGATCTGGCGCGTGGAGAGCTGAAAATCCTCCTGCTTGAGATCGTCGTAGTCGATCAATTGTCCAAGTAGTTTCTGAAATGCATCCTTCTGCTTAGGAAACTTTTGCTCGACCTCGGTTTGCAGTAGGTGGATATCGTTGTCAAAGTCCAAATGCACGCCGGGAAACGCAATCCGAGAACCGCACTGCTCTGCCAGTTGAAAATCTTCCCATCGAAACCGCAATTGCTTGAGGAGCCTGGCCAAGGGCCCTTTCTTGGTCCCCTTCGCCGTGAAATTCGTCATCGCATGGAGACCGACGTCGAAGTTTCTGCCGTTGAGCCGGTAGAAAGAATTCAGTCCGCCGATAGTCCAGTGCTTTTCCAGAATGCAAACCTTCTGGTCGTAGTGGGCCAATCGAATGCCCGCCGCCAAACCGCTCATCCCCGCACCGATAATGATGGTGTCGTAGGGTTCGTTCACTGTGAGCTTGGAAGGGGATGACATGGACGGATTTGCGTTGGTTGAGTTGGAAAGGTATCAACGAATTCTTAAAGGCCCGACATCAATCGAAGGTTTTGGACAGCGGCACCGCTGGCCCCTTTCCCTAAATTATCCAGCTTGGCAATCAATACCGCCTGCTGGAGCAAATCGTCTCCAAAGACGCTGAGCTCCATGCGATTGGTCCCGTTGAGCGATTGGGCTTCGACTCGTCCACTTTCCGTGGGCGGCACCACGCTCACAAATTCGCAACCCGCGTAATGCTCCCGAAGGCACTCTTCGAGCTGACGAATTTTGGAAACGCCTCGCAACAAATCGAAATGGACCGCGACCTCCACAATCATACCGCTGTGAAAGGAGCCGACCGACGGCAAGAAAATCGGTCTCCGTGTCAGCCCTGTGTACTTCTGCAATTCTGGAACATGCTTGTGCTTCAGTTGCAGGCCATAGACATCGAGGGGTGGTGCTTTTTGAGCAGGATCGGTCGCCTCGTAGGCTTCGATCATTTGCCGTCCCCCTCCCGAGTAACCGCTAAAACCCTGCACGACGAGCGGGTAATCGCTCGGCATCCAGCCGGCTTGGATGAGAGGCCGAGTGAGACCGATGCCTCCGGTCGGGTAACATCCAGGATTGGATACACGATCGGAAATCCGGATTCGTTCAGGCTGCCCGCGATCCAATTCAGGGAATCCGTACGTCCATCCCTCCGCCACGCGGTGGGCTGTGCTAGCGTCGATGATGCGCGGTTTCTTCGCGTTGGCAAGGGAGTCGACGAGCGCAACCGTTTCCCTGGCTGCATCATCATGCAGACAGAGAATGACGAAGTCGACACCCCCAAGAAGCTGCTTCTTCGCTTGGGGATCTTTTCTCGCCGCTGGGTCGATGCTTACCAATTCGAATTGAGGAAGCTCAACCAATCGTTCGCGGATTTGCAGACCTGTCGTTCCTGCCTCGCCATCGATAAAGATCCGTGCCATAGTGGGTTCCCTAGTT
NZ_CP011272.1_gap57	2326939	2331030	4091	CACTTCGATTCCAATCGTTTCCAATCGTTCGTCAAGCGGGTTTAGCAGGGAGGGCGATATAACGTACCAATTCTCCTGACTGCAGCTGCAAATCATCGATGGCAGCTAAGTCCAAGACGACTTGTTCGGAGCCCTCCGCAGCATTGCATTGGATGACGGTCTCAATCGCTAAGAAAGGGGGCGTCCCTCGCGCGACTATGGCGGGTGTGGAGCGATCGGCGAGCGGATCGTTCGTCCAATTAGCAAGCCGACTCTCAGCCACCGTTCGAATCCGCTCGGTAGAGCAAGCCACGACAGGCCCCGCATCGAAAATGTCGATCAGATTGTTTCGCTGGAATCCTTGCGCTTCGAGCATAGCGAGGGCCGGACGTGTTTGATCGTGTACTCGGCCGATGGCGTCCAACGCAGATCGCGGAAGGAGCTCGAGATAAATCGGATACTTGGGCATCAATTCTTCGATGAACGTTTTATCAACCATCGACAAAGAGTCCGCACTGGGGAAATCGATCTTGAAGAAATGGGCGCCGATCGCATCCCAGAAGGGAGAGTGACCTTCGGCATCCTGATAGCCTCGCATCTCGGCAATCGTTTGGCTTGCAAAGCGTTTGGGATGATTCGCCATGTAGAGGAATCGACAGAGACTTAACAGCTTCCCGCACCCACGCCCTCGATAGTCCGGTTGGAGAAACAAACTTCCGATTTCCGTCGGACCGTCGTGGACCTTTACCAGATGCAGCGAGTGCACCAGCATCTCAAGGCCGAGCGTGGTGGAGCTGGCGCGTTCGGTCTCCATCCGATACGAGTACTGCGGTTGGTATCCACCCGTTTTGGAAAAAATACAACTCGTTCCAATGATCTTGCCAACGCTCTGATCTTCGAGAGCAAACACATACGGCGCGCCTTCTGGCTTTTCCGATGTCCGCGAGAATGCAAAGGTCGATAGCTCCAAGCGATCCTGCAATGTCTCCTTATCGATCTGGAGGGATGTCATCCCTGCCGATGCCTGGCAGATCAAGTCCCAGAGGGCATCCAAATCTGCAGCGACCACTTGTCGAATCCGAAACATTTCTCACTCTCCTTGCGTTCGTTTTGATACACCGTGCTATCGATTTGATGGCAAACCATACTCGCCGGGAAATTCAGAAATCCGCTGTTTTTTTCGGTTTTTTCGATAGATTACCTGCCGAAAAGGGTGCCACCGGAGAGATGGCCCATCGTTTGCACTTTTGACCTAGCTTGGATTTTAGCAAGCTGGCTCATCAGTCGTGCTTATTGTGGATTGCGAGCATTTCAGTTGACGAAACTGTATCAAATTCGCATTCGATGATTCACAATAGGTACTCCAGCGATTCTCTCCAATGGTAGTACTAGCAAGAGGAAGTCATGCAGATTCTGAAGGTTAACAAACTCCGAGGTCCCAATATCTGGTCGAATTCGCCAGTGTTGGAGGCTTGGGTCGACCTCGAAGAGCTGAAAGATACTTCTTCGGAAATGATTCCGGGATTCAACGAGCGACTGATGGCATGGTTGCCAACGATGGTCGAGCACCGATGCAGTGTCGGAGAGCGAGGCGGCTTCTTTGTCCGTCTGCGGCGCGGCACCTACATGGCGCATATATTAGAACATATCACCCTCGAACTGCAGTCGTTAGCAGGCACTCCTGTAGGCTTCGGTCGGGCCCGCGAAACGAATAAAGAAGGTGTTTACAAGGTTGCGATTTCTTATCGCGAAGAGAAGCTCGGACTGGCTTGCTTAGACAAAGCTTTCGAGTTGCTGCAGGCAGCAGTCCACGATCGTCCGTTCGATGTCGACGCGGAAGTCGAGAAGCTTAAGGAATATGCGTACGACGTTTGCTTAGGCCCCAGTACCAAGGCGATTGTTGATGCCGCAAAAGCTCGCAACATTCCTTGGCGACGCTTGAACGAAGGAAGCTTGGTCCAACTCGGTTACGGTCATTTGCAGCGACGCATTTGCACCGCCGAGGCAGATACGACCAGCGCCATCGCGGAGTCGATCGCCCAAGATAAAGATCTTACCCGAATGCTCCTCAAAACCATTGGCGTACCGACCCCCGAGGGACAACCCGTCGAAAGCGCTGAAGAGGCTTGGGAGGTCGCCCAGGACATCGGGTTGCCTGTGGTGATCAAACCGCAGTACGGAAACCATGGTCGCGGAGTTGCGACGAATCTTCAATCGCGAGAGCAAGTCGAAGCAGCCTATCGCGCGGCCCGTGAAGAAGGTAGCTCGATCGTTTGCGAACGTCATGCCCCAGGAGATGACTACCGCATCCTTGTCATCGGTGGTCGCATGGTCGCAGCGGCTAGACGAGAACCTGCTCACGTCATTGGAGATGGTCAGTCGACGGTTCAGAAGCTGATCGATGTCGTCAATGAAGATCCTCGTCGAAGCGATGGTCACAGCACGGTTTTGAGCAAAATCAAAATCGATGCCGTCGCGCTCGGCGTCCTCATGGAACAAGGCTTAACGCCTGACACGATCCCTCCGCTCGGAAAGAAGGTTCTCATTCGCCGAAACGCGAACTTGAGCACCGGGGGAACGGCGGCAGACGTTACCGATATCGTACACCCCGATGTGGCGAGACAGTGTGTCGAGGCGGCGCGTGTCATTGGTTTGGACATTGCCGGTGTCGACGTGGTCGCACAAGACATCACACAACCGCTGCAGGGACAACGAGGCGTGATCGTCGAAATCAACGCTGGTCCCGGACTGCGCATGCACATTGAACCTTCGTCCGGCCAAGGCCGACCGGTTGGCGAAGCGATCATCGACATGATGTTCCCAGAGGGGAACAACGGGCGAGTTCCCATCGTGAGTGTGACCGGCGTGAATGGGAAAACCACAACGACCCGGTTGGTTTCCCACATCGTTGGATGCACCGGCAAAAAAGTGGGGATGACCTGCACCGATGGTATTTACATCCACGGTCGACGTATTGATTCCGGCGACTGCAGCGGGCCACAAAGCGCCCGGTCGGTACTGATGAATCCTGCTGTCGAAGCTGCCGTACTGGAAACCGCACGCGGGGGTATCCTTCGAGAAGGCTTGGGATTCGACTTCTGCGACGTAGGAATCGTGACCAATATCGGCGAAGGGGATCATCTCGGTCTCTCCGACATCGAGACGCTCGAGCAACTAGCCAAGGTGAAACGTTGCGTGATTGAGGCCGTCTCCAAAACCGGATACGGTGTCCTCAAAGCCAATGATCCTTACACAGCGGAAATGGCAGAACGTTGCAAAGGGGGCGTCATCTTCTTTGCGATCGATGGAAACGATCCGGTCTTATCCGAACACCGCAGCAAAGGTGGGAGGGCCGCGTTCGTGCGAGACAACGCCATCATACTCGCCGAGGGAACCACCGACTTTCCACTCTTGTCGCTGGAACGCATTCCCCTGACGCATAACGGCAGGATCACCTTCCAAGTCGAAAACGTCCTCGCAGCCGCGGCTGCGTGCTGGGGACTTGGTATGCCCTGCGAGCAGATTCGACTCGGACTGGAATCCTTTTCCGCGCACATGGACAAAGTTCCAGGCCGATTCAATTTGGTGGAGATGCATGGCGCCACCGTAATCGTCGATTACGGCCACAATGCTTCGTCGCTCATGGCGATCGCAGAAACCTTGGAACAATTCCCTCACGAACATCGGACCGTCATTTACTCGGCCGCTGGTGATCGGCGCGACGAGGACATGGTTCGGCAGGGCGAGATTTTGGCCAACCATTTCGATCGCATTATCTTGTACGAAGATCAATATCTTCGCGGTCGGCAACCGGGCGAGATCATGTCGCTATTTAAGAAAGGCATGGATGCGGGACGAAAGGTCAAAGAGATCCATGAAGTATCCGGTTGGCCCAACGCGGTAGATCGAGCCTTGAAATTGATCCGCAAAGGGGACTTGCTCCTCATGCAGGCAGATACGATCGATGAAGCTGTGCAATATTTGCAGCGAGCCTTCGAACACGAAAGCCTGGGGCGTGAAATCGATCTCGATTCGGCCATTCACAAACCTGCCGAAAAGGGAGCGCCGACCCCGCCTAAAACGTAGCGATACGAAGGTCGCAACGCTTCTTT
NZ_CP011272.1_gap58	2344850	2347986	3136	GAGCTCGTTGAAAATTAGCTAGCAATTCTTCCGTGGGAGGCGCGGTTTCGATGAGCTTCACCACGTAATAGACGGTCCGCTGCCTATCGGGAGCGACGACGGCGTCCCCTGGCTTGGCTGCAAAAACGGTCTCCATAAAGGCCATGTCCACCGGCTGCAATTGATCGATTTGACTGACTTCGTCTGCACCGCTCATCCGAAGCTGCATGAACATCAAAAACATTCGATTCATCGCTGTAAACGGAGAAGGCTCCACGACGAGCTTCTTCTCGATGTCGCTTGTTAAAGCGTCTTCGATCTGACCGGCACCGACCCGTCCCGCAATCTCCTTTGCCTTGGATTCCGCTAGCTTTTGCGCTTCTTGCACTTTCCAAACGGCTGCAACGTTTTCCTTCGCCGATTCAAAGCTCGGTGTGGAAGGAAGCTCTAAGTCGGTCTTCCAGAAAACGAATCGCAAGGTCGATTGGCCCGCGAGGGCGACGGACAAGAGCGGGTTGTAAGCTTCTCCAAGCCCCGAGACGGCTTCGACAAATCGGGACACAGGGATGGCCTGCGATTGGCCTCCCAAACTTACCGTCGATCGACCGATAGGCATCAAGGCGATGGACTCGGAATTCACGACGCCGGTCGTGCCGTAATCCAACCCATGTTCTTTGGCCAAGGCATTGAGATCCGGTTTGACGGGAGCCTCCAGCTTGTCCCCTCCCGGCTGATCCTGCTGGTTCTTGTAAGTTGCCAGCTCCGCCTGGTAGATGCGCATCGCGCTGTAGATCTGCTCAAATTTGTCGTCGATGATTTTCGTCGCCGTTGCGGAAGCCATCTCTCTCGCGATCTGGCTCTTCACTTCCTCAAAGGTCTGTGTTCGCATCGGTGTGACGGCTGGGACCGCTGGGCTGGCTGGATCTTGCGGAGCTGCATCCGGTTTGTCTCCAAGCGTGAGGGCCGCACCGTTTCCTTCTGTGGCCGGAGTCGGTGGAACGACGTCGGCGGGTTTGGCGTCTGCCGGGGCAGGCTCTGCCTGTGCGGATTCTGTCGCTGGCTCCACTGGAGCCGGCGCGGGAGCAACATCGGACTGCGGCTTTTCTTCTTGGAACGAAACCAAACGAACAGTCCCTAGCTCCCTGTCCAATCGACTTTGCGTTTCGCCGCTTCCCTCACCGGGATTATCCAACACAGGTGGTTTTGGTGGCTCGCCAGCGGGCTCCGTCGGCTTGTTTTCGCTCGACACAGGTGGCTCCGTGACGGGCGTTTCCGCTAGTGGAACGGGCGTTTCAGCGGGTTTGACGGGCTCCGTCGTGGGGGCGGGAGTTTCGGTTGACGGCGCGGGCGCTGGCTCGGTTACGGGCGGATTGGCGGCAGGCAATGTGCCGGCTGCCGGAGGCAATCCCATGGGCTCAACCTTGTTTTCAGGCTCGATAGGGACTCGGAATTGATTGGCTTTGACGCGAGTTTCGTACTCGGCTCGCAAAACATCGTCCGAGATTTTGGCCATCTCGTCCGCAATCACCTTTTCCAAGTCGATCGACGCGAACTCGATGTCCGCTGTGGCAGGAAGCATGAAGGCGGGCTGGGAATCGAGCATCCCCGCGGTTCGAATGATATTGCGGCCCGCTTCGTAAAGATCTTTCAACTGCTTGTCGCTCGGAGTCGCTTCGACTTTATCCAAGTAATCCCGCACGTTGACTGGGTACGCTTTGATCTTGGCGGTTTGGTTGAGTCGCAAATACTCGCGCCAATTCTTGCTGGGGGTGGAGAGAGCGGGGAATCCCACTAATCGGGAATCCCGGACGTCTTGGAAAAACAATCCCGACGACGTCAATCGCTCCATCTCTTGGAATGCTAGCTCATCCTTGATGAAGCGAGAAAACTGCGGCATGGTCAACCGTCGTTCGGTCGACTTGACCATGATTGCCTGGATTTCGCTTCCATTCAGTTTTCCATCGACGAATCGTTGCAGGAAGAGTTTGGCCGCCTTGTCGTCGAACTGGATGCCGTGGCGTGCAGCCTCCGAGAGCATCAAACGACGAAAGAGGATAACTTCCTCGGGAGACGTATTGAGTTGCGTGATTCCAAGCGATCCGGCTTCGGGTTGAAACCCGGGCACCGCAGGGATACCACCTTTTTCCATCACGGCCCGCGCCAATTCGCCAAGGAATCGGTTGGCCAGGACCAAGTCCCCTTCGTCCATGGCGACTTGATTCTGTCGAATCACGCCCCCATTCCAGGAAGCGATGACGGGATTGCTCCCCGATGCGCCACCTCGAGCACCGCTGAAATACTCCAGCATGGGAGCGACAACGAAGGACATGATCGCGACGAGGACCGCCCCAGCCATCCATAGCCGTTGGTTCTTTCTGAAAATTTCGAATGGACTTGCCATACCCGAGGATATCCTTTGCGTAGCTCCGAACCTGCATCCACTCCAACGTTTTCGCGGAGTCCGCTGGATTGTAGGGTTTCCACCGGTTGATGCAATTGCACTGCAAACAATCGATCTGGGGCTTGACAAACCCTCCTGGTTTGGGCCAAAACCGCTTAGCTGTTACGAAAGCACGCTATACATAGTCTCCATAGATCGTGTGCCTGACTCGTCCCGGTTCGTTTCCGTTCGATCACCTAATCTTGATCGAGTCGATATTTTTATCTTCCTGCCACTTGAATTCCTTGGATAGCAAATGAGTGAAAAGAAATCGCTCGTCATCGTTGAGTCTCCGGCCAAGGCGAAAACGATCTCCAAGTATTTAGGTAGTGCATTCCAGGTCGAGGCTTCCATCGGTCACATTCGGGATCTACCGGGTGGGGCAAAGGAAGTGCCCGCCGAATTCAAATCGCAGTCCTGGGCATCGCTCGGGGTAAATGTCGACCAAGGATTCGAGCCCCTTTATGTCGTCCCCTCGGACAAAAAGAAGCACATCACGCACCTGAAGTCGGCTCTCAAAGATGCCCAAGCCCTCTATCTCGCGACGGACGAGGACCGCGAAGGGGAAGCGATCTCGTGGCACTTGAAAGAGGTGCTCAAACCCAAAGTCCCTGTGCATCGCATGGTGTTTCATGAGATCACCAAAGAAGCGATACAAAACGCGCTGAAGTCGACTCGAAATATCGATGAAGGCTTGGTAAAAGCCCAAGAAACACG
NZ_CP011272.1_gap59	2350207	2353641	3434	AAAGCGAAAGCGACGAAGAAAAAAGTAACTCCTGACGAGTGAACTGAGCTCCAAGCTCGGCCGTATCCATTCGAACCTGAAGTCCGTTCGTTTCTACGTCCATGAATCCTTCACGACTCGCGTCGTGGACGGGATTGGGTTCTTGCATACATTGCTACTCCTCACGAGCACGCTCACACCCTAATAGGTCCAATGCGTCGAAGGGGTCGAATGAGGGCAGCGCGTAGGTATTTCACGCCATGGCATTCCTTATCGTTTTCGCATGGACGCTTCTTTTTCTGCTCGGGCTGTTTCAAGACTCCCATTCCTCAACAAACGGGGAGGATATTGGAGATGCGATCTTGGCAATGCAATCGAGACAGGCAAGCGTCATCTCGACCTTTCTTCAGCATGAAAGCGGTCGATTCATCCAATGCTCTCGGCAAACGATTGTGGTGAACAAAGCCAATTCCCAAACGTTGCTAGTCGAGAGCTATCTTGCGAGCGATCAAAGTGGTTCGTACACAATCAAGTTTTTTCCCGGCGGTGATGTCTATGTTTATCTTCAAAACAATAGTTACAACGCAGTATTAAACTCGAAAGCGGGATCACGAAGCAAACCAAACACTTGGGATGCTCTCCACCGCTTGCCTCGCTCCCCGTTCGGCTTATCGCACTTCTCCAAGGTCAAATCCAATTGGATGATCGATATTCAGCGGCGTGAGATGTTTGGCATGTACTTTTCCTTTGGCGGCCCGCTTTTCACATCGCGTTACATGGAATGGAATCAATCAGGGGAAAAATCAGAGTCGAAGTGGAACCAGGAAACAAAGATGATGGAAGTCCTATTCAAAGACTGGCTTCCAGACGGTTCAGATTTGATGATGATCGCGGACGAATCGGGACTGATCTATGAGATGAGAACTCGATCGTCACAGGTTCATTCCACTTTTAAAGTGCTCGAGTTCGCTTATATCGATTCGATTCCTGTCCCTCGCAAATGCCTCATCATCGACGTGAGCCATGACGACGCGAGTCGCATCTCGAAGGCTACGCTGGAATGGACCGAGACGCCGCCGGCCAAAGCAGAGGTCACGAGCGATCAGTTTTTTACTTCCTATTACGGGGTACCCGAACCTGATTTGCAAATGCTGCCGGCGTCCGATGAGAGCTATTTCGAAAGATTCGTGGTCGTACTTTCGTTTTTTGCAGCGATGCTACTTTTCATCTATGTATATCGAAAAAGTTCGAAGTGATGTTTTGGCTAGGAACTGGAATAAATCACGGGGTTACACCCTCATTGAGCTGCTTTTAGTCCTTATCATCATTTTGTTGTTATTAACATTGCTGCTTCCTGCAGTGCAAGCAGCAAGAGAGGCTAGCCGAACAAGAGATTGTAGTAATCGAGTTCGGCAACTTGGCTTGGGCATCCTGGCGCACGAGACGAGGGTAAAGCACTTGCCGATGCGTCGCGGGCGGTTTGCTGGGTTGGTTCATTGGCATTCCGAAGTGCTCCCAGAAATGGAACAGATGTCCCTCTACCAAACAATTCAGAGGCAAATCGACGATGGAATTCAATGGGACGGCTTAGCGGGTACGACGACCATCTTGTCTGCATTCCAATGTCCTTCCGATCGGAATGCAAATCGGCTGCACTACCATGTCCATTCAGGGAGGCTTTTCGCACCGACGAATTACGTTGGCGTCGTGGGACAATCCCTCATTTTGAATGACGGTGCTTTTCCAAGTGACTTCGGAGGATGGCCTTCAGGGACGCCGCTTCGGCTCAATCAGATCACCGATGGCCTTAGCCACACGCTGGCTGTCAGCGAACGAGGTCTTTCCACACGCCCGCTTGTTGGTGCATGGTTGGGTTCGCAAGAGTACGGACACGAGTCGATTGGGCTGTTTGAACGTCTTGACACCTTGTCTGATTCTTATCCGTCGAGAGAGTGCCTGAAAAGTTGGTTCGGCGCAGGTGCGGCCACAGATTTTTGCAGCCAATTTCACCCCTGGAGCTACCACGGAAGCGGAGTGAACTTTGCGAAGCTCGATGGCTCCGTTGCGTGGATGCCTTATTCGGCCGACGAACAAATCTTGCGTGCGCTATGCAGCCGCGCAGGTGGAGAAACAACACCCGAATAGTGATCAGATCTGGATTACGTATCCTACCGATTGTTGCCCCAATCACGCGACCGGTACACGGACCACGCCTTCAGAGACATACAACGAGACTGTCGCTTTATCCCCTTGGCGAGCTTTGCGCCTTGGCGCGCAAAAACTCATTGCATCAAGTCTATGCCAATCCGCCGAAGGAGATTTAACCGCGGAGATTGCGGAGAAGCGCGGAGGGAAGACGAATGGTGCTAATTCGAAATGAAAGTGCGGACTCAAGTTATGAGGACTGAATCGCATCATCCATGACAACTCGGTTCTCACTCCACAATCCTCCGCCCCCCTCCGCGGCTAATTCGCCACTGAATGCAAACAGATAATCACCGAGCCATTGCGCAGCCTGATCGAACAAAAACATCTCGAACCGATCCATTTTAAAGACTCGTACTCAATCCCCCTCCCCGTAACCGGTTCGGTCGCTTGGTAACCATGCCTGTCCAAAATCCGAAGTGGTTGTGGGGCACTCCAGTTGGATCGCACAAGATTGCAAACCAAGCCTTAACGCTGCCCCATGAACAACCGGATCGCTTCGATCTTTCCTTGATATTTTCCGACATCTTTCTCCATGACTTGACTGCCGGTATCGGCGCCGATCTGCATCCCATCATTGGGTTGTTTAAATATCAACTCCTCCATCGCAGTCTCCGACTCCAATCGACCGTCCACGTAGAGCTGCAAACGCTTATCGTTCGTTACTTTGGCAGTTACTTTCGCCCACTTCCCGATAATCGACTCGCCTCCCCGAACCGTTTTGAGCCCCGCAGCACTCCTGTAACCAACCAGTGGCTTCCCGTCTGCAATCGCTAACACGTATCCCAACGATTGACCACCGTGAGCGATCACAACTCCGTCTTTGTCTGCCCACAAAACGACTTCAATCTCCAATGGACTAAAACTTGGATCAAGAACCTGTGAGTTGCCCACTTCGATGATCGCTGCACCATCGAAAATACCAACCTGCTTTCCATCTCTTCCCACCCCAAACTTGATCTTGGATTTTTTGACCATGGACTCATTTGCCGCTTTGGCATCGTTCAGGTCCAAATCGATGACCCAACGATTGACATTGGATCTAGCAGGGGAATTTCGTGCTGGTTCCGGTGGCAAATTCTCGTCCGCATAACGAGGTACATGAAAGCCGATCGCCTCGACCTGTTGTCGATATTCCTCCTCTAACTGCTGACGCAACGCACTGGCCTTCGCGTCATCAATCAGATTCTTGGTCTCATAAGGATCATTGCTCAAATCAAACAACTCGGTCCATTCCTCATGCCCGGGAT
NZ_CP011272.1_gap60	2354697	2359504	4807	GCCATGGGAATCTCCCTTTTTCCCCTTGCTCGCGCTGAACAACACCCAATGCATCCCATCTTTGATCGTCGGTGTAAATGAAGACAAAATTGGGACGGGACTCACCCCAGACCCAACTCGGACTCATCGCTAACACTACTCCGAAGAACCAAATCGACACACGCAGGAATCGAGCAATCACTTGTTGATACTCCATGGAATACTTCGCCAGTTTGGCATCCAGCATCGCTCGGCATCTTGTCGCGAGCCGAACCGCCAGTATCGCTGAAGGTTGCCTATCCGACAACCAGACGCTCCCCTGTCCACTCCTCCCCCCGAAGTGAAACGAGAATCGCACAAGCCAAATCCAGTCGCTTTTCGAGTCGAGCGCGTGGTGACGTGCAGAAAAGTCCCAATCGATTCTGGTGCCGCAGTCCGTGTAAACTGCGTCGCGGTTGGGGAGCTTTACCGACCCGTCCGGACGTTCTGGCTTCTGACCCATCCTTCTCCCCGCTCCGGGAATCGTCCTAACACCCAGCTCGGCGTTTGTATCAATACCTCAAACTCCACTCCCTCGCCAAGGGGACGACTGCCAGCTTCTTTTGACCTCTCGCTCATTCCTTCAAAAAGTTGGGTCTCGCGAACGACCACTCCGTTCGTCCATGCGTAGCGATCGGGAGATTCCATCCACGCATGCAATCCTAAACAAGAACCGAGGCACATCGCGCCGATACTTGCCAGCAATGGCCCCCGTCTCGAAAAAAGACAACTCCACGCAAACACCGGTCCCGCTAGGATCCACGCGATGGCTGCAAGGTTGCGTTCCCAATACCAAGTCAGTGGAATACGAAACCATCTCCCCAAGCCGAACGAAGACTCGAGGACACTCCCTTTCGCCGGGGCAGATTCACGGGCAATTTCCAAGTTGCTTAGGATAGCTTCGTCACCGGGAGCGATGCGATTTGCGATCTGATACGCATGAATGGCTCGCCCAAACTCGCCCGCTCGGAACCAAGCGTTTCCCTGATGGAAATATGCATTCGCGTTGGGCTCGCCCTGGCGGCACAACATCTCCATCGCAGTCGCCAAGCTACGAAAATCTTCTACCGCAGTGATTTGAGCAAATTGCTCCAACAGTGGTTTCCAAGATGATTCCATCGTGTCCGCCATAGCGGTAGATCCCCCCGTCACGAGGAATACGCCCCAGAACATTGCAAGTTTTCCGAACGCGAATCGCTTATTCTCTCCCAAACTCATTCGGGACAAATGTTCCAAAAGTGATTTTTGAACCTCGCTCGCCTTGGACAGAAGCTGGGAATCCTCGAACTCCGTAGCCGGACTGAACCGACGCGAGTCAAGCTTGAAGAGGAAGTCTCGCAAGGAGTCCAAGAGCTCACCGGAAACCCCGCACCTCTCCGCGCTCTCGACGATGTCACGAGTCGTCATTCCCTCGACCGGACCATTCGGTGAATGGGCCATAATCTCAGCAAAACTCTGATGCATCCGTTTGCATGCCCAATCGGTATCCCCCCTCCGAAAAGCTTCAACAATTTCTCGCATCTGGTTTTGAATGCGTAGTTCTAATGCCCCCCTTCGCTTTTCGGATCGCGCTCGGATTGACCGACGGAATAGCGCAATCGCCAGAACACCCAGTGAGCCGAACCAACTGATCGCAACCGCAGCCATCCAATGCTCGCTCCGCAGAATATTTTCAACTACAGGACGCGACTGAATCGTGCCAGACGTAATGTCGACCGAGTCCGATCGTTCCTCGTGTAGGGAGTCATGGTTGCTCGAGGGAGGACTGGTAAGATTCATCGCGGCCCCCTCCTCGACGTCGATCGTCATTGCATTGCCAAGTACATCCTTAAAGGTTTCACTGCCGGGATCGAATGTTTGGAAAACTAGCGGCGGAATGGCATCCATCTTTTTCTTCGGACGCAGCGAATACTCAAACACCTTTTTATTCCCTTCCGTTTGGCCAATCGGCGAGTCGTCGATGATCTCAAACGAATCGGCCACAAAGGGAATATTCGTCAACTTCGGTGCAAACACCGGTTCCAAGCTGCTCTCCGCCGATGCGATAGTCAGCTTGAGAGTGATAGGATCCCCCACTCGGCACTTGCTCGTCGACAATGCGGTGTAGAGGTTGTAGTCACCTATCCCACCGAAGTAATTCGTGGGCCGGGGTGTTGGAACCTCCATCACTTCGATCTGTACTGAGGGAGAGTTCGCTGCAATTTGCTTGGCTATGAGCCTCTCCTCTTCGCGTGCGACGGCAAACGTCCCTTTCACCATCGCGGGACCAAACGTGTAACGACCAGGCATATTGGCCCGCATCGATTTCGTTATCTCGTAGACGAAAAACTCGTGCTCTTCGCCCGACTCGATCTTCTTTTTGGTCTTACCTGTCAATAGATCGAACAGAGCTAGCTGCGGACCGTCGAAGAGAAACGTTCCCGATGTGCGAATCCCATTGATTGTGAACCCATAATTTCGGTCCGATAGCAACGTTTGCAGCCATTGGCTTTGATCCGGTCCCTTCAGTCCGTCAGGCGTCTCCACCCAGGGGATACTCAGTCGCGGTGGACGCCTGGCGAGGGGTCGAACGGGATCTCCTTCCCAGTCAGGAATACCACGTACCAAAATTCGAAGTGTTACATCAAACTTCTCCGTCGGATAAACGCGAGTCTTCGAAACATTGGTCTCCAGAAATACATAATCCTGAGGCGCAGGCTCCAAGACGCGGATCTCTATCGGCTCGCTGCGGTACTGCTTCCCCTCAAATTCGACGGAGATGGACGGGACGGTGAGGCTCCCCTTCCGCTTGGGAGTCAGTTGGTAGTCAAAGTCGACACGATAAAGATTGCGCTGCATCACCCTCCCGTTGATGATGGTCGTCGACGATTGATTCAACGGCCTCTCGGAAATCAATTCCGTAGTGAAATCTTCTTGGAGGGAATCCAATTTTGGAGCTGCCACTCCGTCCATATTGTTGAGCGATATTCGCAACGTGAGGGACTCTCCGACGAACACCTCGTCAGCATCGGTGTCAACATGGATACTCGGTTGCTGTTGCGCAGCGACGGTTCCGACGCAGATGGCCACAAACAGGAAGGTAAGTATCGAAATTGGGATTCGAATCATGACTACCAATCCTTTTCCACTGGTTTTCGTCCGTAAATCCGTTCTCTCCAACGCTTGTCTCGAATTCGCTTCTCGACTTCCCTTTCACGCACTTTGCGAAGAAGCTCCTCGAGCCGATCGGGGCTGATCACCCATGGTTCTCCCTCCGCAGCAGCCCCTTCTTCGACCGACGCATCAGGTTTTCCGCTCTTCTCATCGGGGGTCGTTTGGGTTGGTTCTTGTTTCTCGCCGGCCGCTTTCTTGTCCGGCTCTTCTTTTTTCTTAGGGGCAGGCTGATCCCCAGGTGCAGGCTCTTGCTTCTCTTGCTCGCTCTTCTCGTCTCCCGCTTGATGTTCCTCACTCTGGTCCTTGGACGCATCCTCCTTCGACGAGGAGTCCTCATTCTTGGACGATTCGCGTTTTTCTGAGGAATCGCTCTTCGATGGGGAATCTTCCTTTTTAGAGGAGTCCTCACCTTCCTTGGATTCTTGATCCTTCGAATCGCCCTCGTCGGAGGAAGAGGGATCCTTGGGAGGTACAAGTTCCCTCAGTAGTCGCAACGCTTCCTTTGCCTGTTCCCTCGCATCGCGCGATTCTCGAGACAAACCATGATTCAGAGCGGCGTGCATCGCCTCGGCCGCTTGCGGGCCGACCGAAATAGCTTTCTCTAAGTAGCTCGTATCGCTCGAGATAGCATCTGCTTGTTCGGATGGTTTCTGAGCAGCGAGCGATTGCGATGCCTTCTCGGCCAGAAGAGCCGCTCGCTTCCGATTCCACGTCTGGCGTTGCAACCATCTTTCGCGAGGCAACTCGACGGAGAAGGCATCGGCTGGTTCCAATTCTTGAACTAGTCCCTCTTGTTCCTGAAGGGATCGGTCGAGCAATGCTTCGTAGGGGGCGAGCAAGTTCCAAAGGCTTTCCAAGGATTGAATCCCTCTCAACTGCTCTTGCACTGCTTTGCCGGCCGAAAAGGAATTCAATACATCATTCGATTGGACCATAGCATCGCGGATCTCGGCGAAGAAACGATCCATGACCGCCAGGGTTTGATTCATTGCATCCTGAGAAGCGTTCGGTGCATCGTCTTGCTCGTCCCCTTTCAACTCCAACTGAAGCTGCTGCTCAGCGATGGCCAATTCTTCGATCAAGGCGCGTTGTCGAGTTGCTAAGTCGGCATAGACCGTCGGCTGGAAACCATCTCGAGCCTCTTGGGTTCCATGAAGCAGTTCCACTTGAGATTTTGCGATCGCTTGGACCGCAGCGAAGCCACCTGACTTTGCGACCTTCGCCCGCAGATCCTCCAATCGCCACGCATCTTTTGCTTTCGCGATCCATAGTTTCGTTGCAACCAACGCCTGTCTCGCAGGTTGCTTTTCTGGTGCCAACTCCAAGCTATTCGAAAAGGAATCGATCGCTAGCGTCGCTAACGTCTCAAGGCGTTGACGCTCTTGATCGGCGATAGGAGTCTCGCCAGGCTTTATCTCCGGAGAAATTTGATTCAGATAGAGTCTACCCAAATTGAATTGGGCAGCCGATACGAGACCGGAATCGCTCGAACGCGAAGCTTGCTCGTACCATCCAATCGCTTCTTCCAAATTACCATTCGTCTGTTCCACATAAGCCCGCTCGAAGGCCTCGCGAGGTTCCACGGTTGCTCCGCTATCGGCTAACAAGAGAGCCGAAGTCGAAGGCCAGCAACAAA
NZ_CP011272.1_gap61	2505796	2510418	4622	GAGCAGCCTTGTTTTCTTCGGGTGGCTTATACCCGGAAGATTCGCCGGTCATCTTCGACGTGTCGTTGGAGCTGGGCTTGTACCAGAGGATACCGACACGGTATTCGCCTGGCTCGGCACCAGGCCCCGCATCGGGCCGCATGTCGGTGATGGTGTAGACGCCATTCGCATCGGCTGTTCCGGTCGCAGGTTTGCCTTCCGCTAATGGTTTCAGGGTGACCGTGGCTCCGGAGAGTGGCGCGCCGTCGAGAGTGACCTTGCCGGTTACGGGGTGCAGGTTGTATCCGCTACCACATCCCAAGGAAAATCCGGCGAGGACCAGAAGACTAAGACAGAGGGCTTTCATGATTTTTGGCCGTGAACTGTTCGAAGGAGGAAACAAAAAGAGGGCCGAACAACGTTCGGCCCTTCGGTCAATTAGTTACTCAGACAACCATTATTCAGGCATCTGAACGGTCTCTTTTCCAGACATCGATCCCATAGCACCCCAAACACCCCAGAATGATGGTCCGGCGTAGGTTCGCGAGTTGGCTGGGGTCGCTGGCATCGTCGCGGATAGGTTACCCGTGTCGATGTTTTGGGAAACAAATCGAAGCGAACCATCGCACATCGCCACATTCACCCCACCGGTGTGTCGGCTGCTGGCGGTTGGCATCGCATTGGCTTCCGCATTGTCGTTGGAGCAAGTCGGACCGTTCGGTGGGAGGATTGTAAAGAATCCGGTGAACGCGTTGAGCGAATCACCCCATCGTCGTCCCTTGCCCCAGCCTGTATTTCCCCAAGAATCCTGAAGCGAAGGAGCGACCAAGGTTCCGTTCGGACCACGTCGGCTCAAGCAGAGCGAAGGAGTGAATTGACCACCCACTGGGCCGATCGAGTCCCGAGCGGTACCTTCCAAAATGGTGTCTTGGCCCGACACTCCGTTCTGGCGTCCGATAACCAATTCAGACAACATGACCGTATTGGACGACCCGTCGCTGATCGTTCCGAAATCTGCACGACCGCGCTCTCCGTTGGAGAACACACCGCGCCATTCCCAGTCACCCGAGTTCAGGTAAATGTCACCACGGTTGCAAACGTAGTTGGTTGGCTGCGCATCATCTGGGTTCAACTGAACGCCATCCGATGGGCATCGGAAAGTCGGAACGTTTCGCTTAAAAGGGCTCTCTACTCCGGGAGTCGCTCCCGCATTTCCAACCGACCAAGGGTTTCCACCCGCCAAGTGGTAGGGCTGGATTTGTTGGTAAAGTGCGTTTTGCTCAATGAAGGGCAAGGTTTGAGTCAGATAGCTAAGCCGATCCCAAGCATTCCCTGCGTTGAGGGCCGTTCGCCACCTGGGGTCGTGCGACGCAGGTGCGAACTTCTTGTAGGCGTCGTGGTGGTTGTGCTGCGCCAACGCCAAGTTCTTCAAGTTGTTAGAGCACTGCATGCGCCGAGCTGCTTCACGAGCAGCCTGGACAGCGGGCAGAAGCAACCCCACCAAAATCCCAATAATTGCAATCACAACGAGCAATTCAACCAGCGTGAATCCTCGTCTTCCGGTCATGTGCCTCATAGGGGCCTCCCGTCATTCGAGCAAGAAAAGAAAAAAAGAAAACTAATCGGGCCGATTGTACCGCGAATCGGCACTTAAGGCAATCTAAATCGACACAAAGTGGCTATTCGCTCTTTTGTAAATGGGGTTTTTCGCTTCGGAATGACCAGAAAGACGCCAAAAAGCTGCCTTGTGAAAGGATTCCGCGAACACGAATTCTTCGACTTCCTCAAAACTCCGGCTGTCGCAATTTGAGACAGCATGCCATAATCTCCGATGGGGGCGAGTTTGACCACACTACCAAAACGTTATGGCTACCTATCTTCTTGTAACGCGAGGGCGGGACTTGGATTCCCGCTACGCGCTGGACCGAAACGGCGATACGACGATGGGACGCGGACTGGAGTGCCAAATCCAGCTCCAAGACCCCCTCGCCTCGCGCGTCCATGCGCGGATTTATTACCGTGCCGCACAATGGCAGATCGAGGATTTGCAGTCCCGCAACGGTACCCTTCTCAATGGGGCGAAGATCGATCGCGCGACGCTTGCTCACGGAAATCGCATTGCGATCGGGAATACCGAACTGGAATTCAACGACGACACGATCAATGAAGATCTGACCGTCGAACGTATCAATCTCTCCCACGATTTGCGCGAGATCAAAACCGGAGGACTGACCGACGGGACTGGCACAGGAATGTCAGCATTCCTTTCCCTGCGCAAAGCGAATCGGAACGAAGATCTCTCCGATCTGCATCAACTCTCGATTCGCTGCATTTCTCTGGTGACACCGGAGCAGGTGACCGAGCTAGCGAGCGAAGTCCTCAAAACGCGAACCCAAGCGACTCTCGTGGCCTTTCTTCTCGCCGATCAAGACGGTGAGTTGGTCGACCAGCGCCGAGTAACTACCTCCGCATCCCCTCGCATCACCCTGAGCAGCCGATTGACCGACATGGTATGCCGACAAGCCAAGGCGGTCTGGGTCAAGAACGAAGTTCGGAACGTGAGCGATGGTCCACTGCGCCATTATGCCGATGCGATATGCATTCCGCTCCTTCACGACGAAAACGTGATCGGCGTCATCCACCTGTACCGTGAAAAAGAGAACTTCGATAAACACGCCTTCCACTTTGCTATCGCCGCTGCGAGCTTCTTAGCCCCTTCGATCGTCCGGGCTCAGAGCGAGTCGTCGCTCCGGATCAATCATGGTCGGCTTCAGAGCAAGAGCGCGGACTTTGATGAGCTCCTCGGGAACAGCGCTCCCATGGTGGAGCTGAAAGAGAAGATCGTTCGGGTCGCCGGTGCAACGGGTTGTATTTTAATTCGAGGTGAAAGCGGATCGGGGAAAGAGCTCGTTGCACGCGCCATCCATCGAGCCAGTTTGCGCGCGTCGCGGCCTATGCTGAGCGTCAATTGCGCTGCGATACCAGCCGAACTGATGGAGAGCCAATTGTTCGGTCACGCCAAGGGGGCTTTCACGGGTGCGGACAAGGATCACATCGGATGGTTTGAACAAGCCCACGGAGGAACGCTATTCCTCGATGAAATCGGTGAGTTGACATTGGAGGGGCAGGCAAAGTTGCTCCGTATTCTCGAAGGACACCCTTTTCTCCCGGTCGGCGGCAGAAAAGAAGTGCGAGTCGACGTGCGTGTCCTCGCAGCAACCAACCGAGACCTGAGCGAGTTCGTCGCGGACAAACGCTTCCGTGAAGACCTTTACTATCGATTGAGTGTGTTCGAGTTAAAAGTCCCGCCCCTTCGAGGTCGCGGCGATGACGTAGGGCTGCTGATCGATCATTTCCTAGACCATTTCTCCACCCTCCATGGCCGGCCGCAGATCAAGCTCAGCGAAGGAGCGAGAACGCGGATGTTGGAATACAGCTGGCCAGGAAACGTCCGACAGCTCCGAAATGTCATCGACAGCGCAGTCGTACTCGCGGCGAGCGAAGAGATTGAAGCCAGTGAGCTGAGCCTTCATGAGCCCAAGCCCGATTTATTCGACACGCTCAATGTCGAGCAATGGGAACAACGCTTGATCCGCGAGGCGTTGAAGAGGACGCGGGGGAACATCCCGGAATCGGCGGAACTCCTAGGCATCTCCAGAGCAACGCTCTATCGAAAGCTGGAATCCTACGGCATCAACAAAGAGGAATACTGATAGTCCATTATTCCCAGTCCACGGCTGATTCGAATCGACAATGGAGAGCAGCAACCAGCCTCGGGCCGCTGGAATGGCTACGGGCCGCTGGAATGGCTACGGGCCGCTGGAATGGCTACGGGCCGCTGGAATGGCTACGGGCCGCTGGAATGGCTACGGGCCGACGGAGTAGCGCACACCGATGATGTGTGTTTCGCTCGGCGCCAACGTCATGCGATGATCGCGAACCGAGGCCGTTTCGATGCAACACATGCGGTGGTATTCCTCGTCACCGAAGTCGGGCATGCGTTTCGACTTTTCTACCCACGGATTCCAGACGATGGTGGAGTTCGCGTTTGCTGAGTCGATCGAGATAGTGCGATTGCGCTCGGCATCTCGAAGCAGGATGCTTCCTACGGGGCCTTGATAGATTCGGTCTGTCTCCCTATCAAACCGAACCGGCTTGTGCTCAGCGGAGCAAACCTTTCGGCTGAGCTGATCGAAATAGGGAACCTTTTCCAAGCCTTCGACGGAGACCTTTTCGATAGCGGCAACGTCGAAATACGTATGCAATGCGACTTCACAATCGCGTGTCTGTGAAGATCGATTGGTCATTTTCAGTTCGAGCGCGAGCTCGGTGCCGAACTCCACTTTGCACCGAAGCAGGAACTCGTCTGCGATGCGTTCCATGACAACACGAACCGATTCGTTCTCGAACCGGCTTTCGACAAACTTCCATCGAGCTTGTCGAACCAATCCATGGGCCGGCTGCGAGGGATCTGTGGGATGGGCGGAGAACCACGGAAAGCAAAGGGGGATCCCTCCTCGGATTGGCTTCCCTTCTGCGAAACTGCTTTGCTCACTCATAAACAAAACGGGCCAAGCGGTATGGGAAGGATGCCAATGCGACACATGAGCACCGTGCAGAAAGAATCGCCCCTCGCAAAACTT
NZ_CP011272.1_gap62	2522914	2526276	3362	CGCGGAATGATCGAGGCCGATCGCACGCGAGATACCTGGACCCCTTACAACCCCTCCTTAGCGAGAAAGATTTTAAAGCCCCTGTCCTAGGTCTTGGTAACAATAGAATCGGCCCGGAGGGATTGGACGACGAGGTCTCGTAATCGAGGAGCGGATGGATATGCCGAAATCAATTTCCAATGCATTGACCGAGTTGACCTCGCAGTTTTGCCATGATGTTTCGTCTCTGTCTTTTCGGGCCCCGGTAGAGTGGGTCTACAATCCCTTGCAATACGCATGGGAACCCCACCGGGAATATCTGCGTCGCTACGGGGGCCGTCAAGGCCGCGCTGTCTTTCTCGGTATGAATCCAGGGCCATTTGGAATGGCGCAGATTGGTATACCGTTTGGAGAAATTGCACTAGTCCGTGATTACCTAGGGATCGTGGCTCCGGTCGGTCGTCCTGAAAAGGAGCATCCGAAACGCCCTATCGAGGGATTCGCATGCAAGAAATCCGAGGTATCGGGCCGTCGGTTTTGGGGGCTTTTCGCCAAACGCTTTCCTTCGCCGGATATGTTCTTCCAGAACCATTTCGTGTCGAACTATTGCCCTCTGGTGTTCATGAACGAAAGCGGACGCAATATCACGCCGGACAAACTTCATCGGGAGGACAGCAAAATGCTCGAAGCATGCTGCGATCGGTTCCTCGCTGACTCGCTCGCGATCATGAAACCATCCATCGCAATCGGAGTTGGAGCCTACGCCGAGAGCTGCTTGAAGCGTGTTCTAGGCGAAGCCAACGGAATTCCTGTGAGCAGAATACTGCACCCGAGTCCCGCATCTCCTGTCGCCAATCGGGACTGGGAGGGGCAAGCGGTTCGTCAGCTTACCGAAATGGGAATCTGGTAGGAGCCGGATATAGCCGTTGACTTGTCGTGGGTACGGATGGCTGGGACATCTTCGGTGCAGGCAATGGTTCGGCGCCCCCAGGCGATCGTAACCTCGGATTCGCATCGCTCGGAGACGCGAGAGGAGCAGGTCGAGTCGGCATGGGAGAGATGGGGGCCGGCTTCGGCGTCAAAAAAGTTGATGTCGGCGGTGCGGTCGCGGAGCTGCCCTGATCCGGCGAAGCGTACAGCGAGTATCCGAGGGACGAAGACTGCTCCATCGACTGATACTGGCTCCAATTGCTGCCGCCCAAATCGGGCCATGGATCGCGGGTCGCTGGAGTTGGGGTGGGAGCAAGGGGACGTGCGAAAGAGACGGGTACCGAAGCAGCGCGATGCAATTGCGACACAGGGGAACAGCTTCCCGAATTGCATGCGTGGTAACCCTGGCCGTATCCGATTCCGTGGTATCGCCCCAAGTAGGTTAGCACGGGATAATTCGTGCCGTTGCCGAACTGAGCTCGGCATTCGGATGCCCCCAACTCGACACCGAGCAGAGCGAACCCCAATCCGAAAATGCGGTAGCAACGACGCATGCGCTGACTCCTTTCATCGCGAGCGATTTCAACGACCATGCATCGAATTTCGGACCGTGACGAATGCGTCGTGCAGCCAACTGCCTCGGTCCGTGCAACCCCGCAATCGAATCCGTTGCGACGCGAGGGTTGGGCAAGATTTGCCGGCAGCCGAGACTCTTCGTCTATTCTTCGAGCAGTTTGATGGAATCGTTATTACCACCTGCGAGCAGTCCGACGCTGCGATAGACGGTCAGCTTTTCACGAGAGTCCGTGATATCCAAGTTTCGCATGGTGAGTTGACCAATCCGATCGGTTGGCGTGAACTCCCCTTGCCCGCTCTCCATCGTTAATCGTTCGGGTTTGTAGGTCAGGTTGGGGCTCTTGGTATCGAGCAGGGAGTAGTCGTTACCCCGGCGGAGCTCGAGAGTGACTTCTCCGGTGATCGCGCGAGCGACCCAATGCTGGATGGCTTCGCGGAGCATCAGAGCTTGGGAGTCAAACCATCGCCCTTCGTACAACAGGCGTCCCAAGCGGCGCCCCATATCCCGGTACTGTTCCATGGTCCCTTCGTTGTGAATACCGCTGATCAGCCGTTCGTAAGCGATGAAGAGCAAAGCCATTCCAGGGGCTTCGTAGATGCCTCGACTCTTGGCCTCGATGATTCGGTTTTCGATCTGGTCGGACATTCCCAAACCGTGCCGGCCGCCGATGGCATTGGCTTCGAGGACCAAATCGACTTGGGATTTGAAGGATTGGCCGTTCAGTGCGACGGGCAATCCCGCTTCGAAGGTGACGGTGACGACTTCCGGGGTAACGATGCAATCGGACTTCCAGAAAGGAACTCCCATGATGGGATCCACGATTTTGATGCCCGTATCAAGATTTTCGAGATCCTTCGCTTCGTGCGTCGCACCCCAGATGTTCGAGTCGGTCGAGTACGCTTTTTCCTTGCTCATGCGATAACCGAGGCCCGCTTTCTCGAGCAATTCGGACATTTCTTTTCGGCCCCCGAGCTCCTTATTAAAAGTTTCGTCCAACCAAGGTTTGTAGATCTGGAGTTCTGGATTGGCTAGCAAGCCATAGCGGTAGAATCGCTCGATATCGTTCCCTTTATACGTGCTCCCGTCCCCCCAAATGTTGACCCCATCCTCCTTCATCGCTTGGACTAGCATGGTGCCCGTCACGGCACGCCCAATCGGTGTGGTGTTGAAATAGGGCAGTCCTGCGGTGGTGATATGAAAAGCACCGCACTGCAACGCCGCGAGCCCTTCATGCACCAGCTGTTCACGGCAGTCGATGAGCCGGGCTTTCTCCGCGCCGCATTCGAGGGCTCTTTTGGGGATATCGTCGTAATTCGATTCGTCGGGTTGGCCGAGGTTGGCTGTGTAGCAATAGGGGACCGCTCCCTTCTGTCGCATCCAGAAGATCGCAGCGCTCGTGTCGAGACCTCCAGAGAAGGCGATACCAACGTTTTTGCCAACGGGGAGGGACTGGAGGATTTTCGACATGGAGCTACCGCTGATGGAACCGGGAAATTGAGACGACAGGGTCCCCGATCTTACACAAAAACCCTCGTTTTCCTACCCATATCCAGTGCGGGCCAAATCCCGAGGCACATCGAAACAGAACTGGGGAATAGTAGGATTGGGCGAGTTGGAGAAAATAGGTGCTAGGATCCAGCCCTGACGACCGTTACAATTTCGGCTTCGTACGACGCCACTCAGAGGAGCATCAAGGAGGTTTTAAATGCCAATACATTCGATTCAACAACGTCGCGCAGGATTTCGCCTTTGGCTATCCCTAACGGCAGTTTTCAGTGCCCCAGTTGCGGCGGGCCCGTTTGCGGCCCTAGCGGCCTTCGGACAGGAGTCCGAAGAGGCTTCGCCGGCAGCCGTCCCTGCTCCGGCAGCCGCGGTG
NZ_CP011272.1_gap63	2532769	2533902	1133	AATATCGACCCCGTCCAAGATGACCTCGCCGCTAGAGGGAGGTTCGATTCCACCGAGAATGCTGAGGAGAGTGCTCTTCCCTGATCCGGAAGGCCCCATCAGCGCGACAAATTCCCCGCTTTCGATCGAGAGGTCCACGCCACGCAGTACTTCGACAGCGACATCCCCTGTCCCAAACTGCTTGCGAAGATTCCTGGTTGAAATGATTGGCATAGGGCTGCAAGAAAAGGAGGTATCGTTCGGTGCAAAACGACGGGCCGATTCGCGCCTGCTTGGAGAAAAGGGAACTCCCGATGCGACGTTTCGTCCCACCGGAAGCCACCCAGTGTACTCCAAGACAGAGGCTCCTGCGAGCCATGTGGCGCTCCGACCGTTCCTAGGCGTCACACCGGGACATTCCGGCTCGGGCCATCAGGCAGAATAGACCCATCGTTCATATTCCGTCGGCCAATCGTTTTGGGAATCTGCTGGAACATACATCCGTTCGGCGCAGGTGTATTGTTCTAGCCCCAGATGGGACATTCGGGTGTCCCCGGGCACATCCGCCAACACACGCGTCAAATGGACAACCCCACATTCTGGCAACAGCAACCTGTAGATCTCCGCTCCGCCCACCAGAAACAATCGCCCCTGGGGTGGCAAACTCGCAATCGCGTCGTTCCAATCCCGTACGACGTGGCACCCCGGGACTTGAAGTCCCCCTTGGCGACTTAAAATCCAAGTCTGCCGACCTGGGAGCGGACGACCTATCGATTCATAGGTCTTCCGCCCCATGAGCAAAGCATGCCCCATCGTGATCTTGCGGAACCGCATCAAGTCCGATCGAAGCCTCCATGGCAACCCCTGTTTGTCACCAATCACGCCGTTGCGAGCGATCGCCAGGACCGCTTCAAACCTTGAATTTGGCATATACGCGCCGCGGCAATCGTGAGAGATTGAGGGAATAGGAAGGCGGACGTTGGACGCAAAGGATGCTACCCAAGTCCGCTTGTCGACTCGCTATAAATGATCGACCAGAATCATACCCATAAGCGAAATTGGCGACTAGCGAACATGACGACGCGCAAAGTGGTGGTAATAGGAGCCGGACCCGGCGGACTGGCGACTGCTCTCCAACTGGCACACTCGGGTGC
NZ_CP011272.1_gap64	2535210	2540182	4972	TTTGGTCGGAGGTGGCACTCACCCTGGGAGCGGCTTGCCTGTGATCTACGAATCCTCGAGGATCACCTGCAAGCAACTCTTGCCCGATCTAGGTCTGCCCTCGCAGTTTATTCGTGATATGCGTCCCTTAGATCGCCCTGAACCCGAGTTGGTTAGTTAGGTTGGAACATGACGGATATTTATCAGTTCCAAGCCAAAGGGATCGACGGATCCCCGATCTCTCTCGATCGTTATCGAGGACGCGTCCTCCTCATTGTCAACGTCGCTAGCCACTGCGTCTTTACCAAGCAATACAACGCATTGCAGGAGCTTCATCAGAATTATTCGGATCGCGGTCTCTCGGTTCTCGGATTCCCATGCAATCAGTTCGGGAATCAAGAACCCGGTAGCGATGAAGAAGTGAAATCATTCTGTGAACTCCATTACCATGTCGCTTTCGATCTGTTCTCCAAGGTCGATGTGAACGGTCCGCATGCTGATCCCATCTTCCAATACCTCAAATCCCAAGCGCCCGGGTTGCTAGGATCGGAGTCGATCAAGTGGAATTTCACGAAATTCCTGGTGGGACGCTCGGGCAATGTCCTGCGCCGATACAGTTCAATGACCACGCCCAAGCAATTAGAATCGGATATCGAGTCCGCGCTGAACGAGACCGTTTGATCCCAAAACCCCACCGATTCGAATGACCCATCCCCCCGCTCCTCGCTCCCTGACAGCATTAGCGGTCGAAGAGTCCGTTCGCCAATGCATCGCCAGTGGAACATGGCGATGCTACTCGGGTCCCAACCTGGAACGACTGGCCAAGTGGTTTTGTAGCACGCTCGGCCATCGTCATGTCCGCTTCTGTTCGTCGGGAACCCTCGGTATTGAACTGGCTCTCCGCAGTTTGCATTTGCGTCCCGACGAGGAAGTCCTTCTATGCGGCTATGACTATCCTGGTAACTTTCGTGCCGTGGAGGATAGCGGCGCCCGAGTGGTACTCTCCAATCCGTCCCCCGCGCTGCAATGGTCGCTCGATATCGATGTATTAGAACAATCCGTTGCATCTGAGACAAAAGCGATAATCGTCAGTCACTTGCATGGTGAATTGGCCCCAGTGCAAAGAATCGTCCCCTGGGCGCACCAGCGAGGCATCACCGTGATCGAGGACGCGTGTCAAGCCACGGGAGCGATGCTTCAAGGTCGTCCGATTGGAAGCTGGGGAGATCTAGCGGTCTTCAGCTTCGGTGGCAGCAAACTGGTTTCTGCAGGCCGAGGAGGGGTAGTGTTGACTTCAAACGATTTGTTAGCACAACGCATGACCTGCTTCTGCGAAAAAGGTAATGACGCGTTCGCCATGTCGGAATTGCAAGCCGCTGCGATTGTTCCGCAATGCGAGAGACTCGCGACAGACCACCGTACCCGCCAGCAGAGTGCTCAACAACTTTGGCAGACCCTCTCGAAATTCCACTGGCTTCGTTTGCCTCGCATGGACGAGATGGATGCTGAAGCAGCTTATTACAAACTAGGAATGCTGTGCGATTTCGACGCTATCGATCGGGATCGAGAACGAATTTTGACAAAGTGGCAGGAGGGAGCTCTCCAAGTGGGGAAAGGCTTTCCTGGATTTGCCAGCCGTTCACGAAAAAGGTATCGTTCGGTCGATTCGATGGAGAGGTCAGGTAGCGTTGCGGCGTCCACGATTGTGATACACCACGCCCACTTGCTCGATCCGTTGACGGGGGAGGTGTCGGTGAGGCGGATCATCGATGCGTTTGAAGAACTCGAAAAGGAATTCCAAGCGTGAAGCTGCTGCTGACAAACGATGATGGAATGGATGCCGAAGGACTGCAGGAATTGGCTCGATTGCTACGCGTAGAACACGAATGCTGGGTCGTCGCGCCCGATCAAGGACGCAGTTGCTGCAGCCACTCGGTAACCAACGCAGAACCGCTCAAACTGAGGCAACATGGAGAACGAGAGTGGGACCTTTCCGGTACCCCTGCCGATTGTGTACGCGTGGCGATCCATTGCCTGAACTTCAAACCCGATTATGTACTCTCGGGAGTCAACCACGGTGGAAATTTAGGAGTCGATACTCTCTACAGCGGAACGGTGTCGGCGGCCCGCGAAGCCTCCATGCTCGGAATTCCGGCTGTAGCCCTCTCCCAGTACATGCGGCGCGATATTGCGAAGGATTGGGCCCAGTCCGCATTCCGAGCCCGTCGCGTCCTAGAACACTTGTGGCTCGACCCACCGGTGGAAGGTACGTTTTGGAATGTGAATTTGCCGGCGATCGTCCCGGAAGAAGTGGTGGGGACGGTACACTTTCCTATCTCGTTTTGCGATACAGAACATTCTCCGCTTCAATTTCACTTCACGCCCTACGAAACAGCGAATCCAGAGCTGTTGGGTGGGAACTCGGTTAGGACATTTCTGTACCAAAGCAATTACCAGACTCGTCCCAGACAAGACGGCAGCGATGTTTCCTTATGTTTCGCTGGACATGCCACGGTGACGAAACTCAAATCATTCGGTTGAATCCAACCTCTGCTCTTTTTTGAAAGACCTCTCTCATGAAGTTGTCACACTGTCTCCCATTCTTGCTCGCTCTAGGGTTGATCGCTTCAAGCCCACTATTGGGGCTTCAAACGATACACGCGCAACAAAAAGGTGCACCACGCGCTCTGTTTGCGGCCGACTATCAAAAGAAAATCGCTGCCGTCATCAATGCCGACGGTTCGGTTCGGTGGAGCCTGCCTATTCGAGATATCCACGATGCTCAGCCACTCCCCGGCGGAGATTGGTTGCTTCAAACCCACTTTGGCGAAGTTCGACGCATCGACTCAGCGGGCAAAGAGAAATGGGTCTACACCCCGAAGCCAGAATCAGGAGTCGAACGGGTCGAAATCCACGCATTCCAATATCTGCCTAAAAGCAAAGAGTGGATGATCGCCGAAAGCGGAAACACACGAATCCTCTTGCTTGATGAAAATCGTTCTCTCAAGAGCAAAATTCCACTCCAAGTTTCCAAACCGGATCCCCATCGCGATACACGATTGGTTCGACATACCCCCCAAGACACTTTCCTCGTTTGCCATGAAGCCGACATGCTGATCCGGGAATACAACCGGGATGGCAAGATCGTATGGGAATACCCGGTCGGCAAGAAAGCCTATTCGGCTGTCCGACTGGCCAACGGCAATACGCTGATTGGAACGGGAGATGGTCACAGCGCGATCGAAGTTTCGCCAAGCAAGGAAATTGTTTGGCAAGTCGGTGAGAACGACCTCCCCGGGGTAAAGCTCGCTTGGATCACCATGGTCCAACGACTTCCTTCGGGTAACACTTGGATCGTTAACTGCCATGCAGGACCTGAGAATCCACAAATCGTCGAAGTCAGTCCGGACAAAAAAGTAGTTTGGTCGTTCCTGGACTTTGAACGTTTTGGAAACTCCCTCCCCGTCGCATTACCGGTAATCGAGTAACGCTGGCGAAGGACTACTTCGGCGCAACGAGCTGATAGGTAAGATAGCCACCCGACAGATTGCAAACCTCGAATCCATGTTGCAGAAGGATGCGAGTCGCAATGTAGCCGCGCTGCCCGACGCGGCAGTACACGTAAATGGGCTGGTCCTTTGGCAGCCGATCCAACGAACTTCGCAGCTGGTCGACAGGAAGTAGCATCGCACTAGGGTAATGCCCTTGCTCGAATTCCGAGGGATCGCGAACGTCCACAACGAAGGCGTTCGTATCCTGCATAATATCGGACCAATGAGCGATCGGATGATCTCCTCGAAGAACACCGGCTGCGATGAAGCCCGCCATGTTGATCGGATCTTTGGCAGATCCGAATTGGGGGGCGTACGCCAACTCGACTTCTTCGAGGTCGACCACCGTCATTCCAGCTTGAATGGCCATCGCGAGGACATCGATTCGCTTATCGACTCCCTCTCCTCCCACGATTTGGGCTCCGAGTATTTTTCCGGTCTCGGGTGCAAAAAGTAGCTTCATGCACATGCCCTGCGCACCCGGGTAGTAGCCCGCGTGATGGGCAGGATGCAGATAGATTTTTTGGTAGGGGAGTTGGCATCGCAGCAAGGTGCGTTCGGTAGCCCCTGTCGCAGCGGCGACGCACTGAAAAGCGCGGACGATGGCCGTTCCTTGCGTTCCTCGGTATCGGAGAGAGCGACCGAGGGCATGGTCCGCAGCAATTCGTCCTTGCCGGTTGGCAGGCCCTGCTAACGCGATCTGCGCTCGCGATTTCAGAACAAAGTCTTCGACTTCGACGGCGTCACCCACGGCGTAAATATTCGGGTCGGAGGTTTGCATGACGTCATTCGTGACAATTCCGCCGCGCGTTCCGATCTCAAGTTCCGCTTGAACTGCCAAGTGATTCTCGGGGCGCACACCGATGCCAATCAGCACCATGTCCGTGGCGATCTCGCCACCATTCTGCAGGGTAACATGCAGCTTTCCTGCATCGCTCCGCTTGATCTGACTCGCAGTGGTCCCCAAGTGAAGCTGCACTCCGCGTTCTTGGAGCTGGCGTTCGATCGGCGTGGTCATCTCCTTGTCCATCGTCCCGAGAACTTGATCGGTCAATTGAACAAGGTGGGTGCGAACACCTCGATGCACCAAATTCTCGACGACTTCCAAGCCAATGAATCCGGCCCCGATCACCACGGCGTCCCGGATACCGGAATCGACGAGCCCGCGAATACCATCAACGTCGTCGAGCGTTCGCAGGGTGTAGACGTTGGGTAACTCAGAACCTGGGAACGGGGGGCGAATCGGTGACGCTCCCGGTGAAAGGATTAACTTGTCGTACGACTCGAGAACGATCTCCCCGGTCTTTTGATTCTGCAATTTGATTTTCTTTTCATCTCGCAGGATCTCGATCGCGTTTGTCTCCGTTCGAACATCAATTCGAAACCGATCTTGCAATCTCTGGGGAGTCGTAACGATTAGCTTTTCACGTTGCCGGATCGCG
NZ_CP011272.1_gap65	2546458	2550446	3988	TGCGAAGACTCGATTTGCTGCCGTCGCATTGAATTCCATGCCAACTTTCTCTGTATTGAGACATTTCATGCGGAGGTGGGTTGTGCCGGCAGGGTCTTCAATGATCCGTACGGGGTGCCCGTTATCGGTCTAGACGTAGAGATCGCTGCCGAGATGGCGGATTTGTTCGCATCCATCGCCCGTGAACAATCGGAGCGTAGATTGGCGTACATGGAGGCATCGCTCGCTTATCTCAAGTTGCTACTGATCTTGGCGACACGGACCAAGGATCGTATCGATGACTCTTGCGCGGGACTTGCTGCCTCGCACCGTCATCCAACTTTGGCGAGTCTGAGTGTGTTGATCGAGGAGCGTTATCGAACTTGGCATTCCCCAGCAGAGTACGCCGATGCACTTTGCGTCACACCGAAGACGCTTGGTCGATTGGTGAGAGAGCATTTGGGAACAACTCCCACCGACTTGATTCGCCGTCGAATCATGACGCACGCCAAGTGGCAGTTGCTCCATACGTTGAAGCCTGTCAAAGAGATTGCGTTGGAAATTGGATTCGGTGATGAGCTTTATTTCAGTAGGGTCTTTAAGAAGGCGACAGGGGTCGCGCCGAGTTTTTTCCGCGAGTTCGAAACGACGATTCGCGGTGGTAGCAATCTGTCCATGCCTTTGGACTGATCGTCCATTTCCTTTCCGAACGCCACCTTCGATACTGAAATTGTCCGAGCGGAGGTGAGAACGGTTCAATGAGAACGGTCGCTGGAGTCGACCATTTTGAAGGGAGCGAAAGCGATGATACGTCGTGCGATGGAATTGGCAGCGAGAGCGGACAAAATCGGAGTGGTCTTGGCACGCTTAGGACTGATTATCGTCTTCTTATGGATCGGCGGCTTGAAGGCAGTGCGATATGAAGCCGACGGGATTATTCCATTCGTGGCAAACAGTCCGTTTATGAACTTTTTGATTTCGGACCCAGGCGGTTATAAGAGCCACAAGAATCCGGAGGGGGCTCTGGTCCCTGAGAACCGGGCTTGGCACGAATCGAATGGTACATATCGATTTGCGTATGGTCTCGGTGCAGCGATTGTCTTATTTGGATTGATGCTTTGTTGCCATCCATGGTTTCCGGCCATTGCAGCTTTAGGCAGTTTCCTTATCTTCCTCATGTCGTTTGTCACACTTTCGTTTTTGATGACAACGCCGGAGTGTTGGGTCCCAGATTTAGGGGACGCCCAGCATGGCTTCCCCTATCTCAGCGGAGCGGGGCGTCTCGTGCTCAAGGACGCTATCATGATGGGAGCTGCGTTGGTCACCATGTCCGACTCGGCAAAGAAATACCTACAAAGGCCATAGTCCAAAGATGCGAATCATCGCCAATCGTCCCTATGCCGACGACTCCCGATGAATCGTATTTCTACAAGGAGGGTGGACGGATCTAGCGGCGTGCAATGAGTATCGCTTCAAGCCCTATGCGTGTTGCGATCGCAAGTGGAGAGCAATCAATTCGGTCGAATTCCCCCTCGGCTTTACCATTGCTTGAAATAGCAAGCAGCCGGATGGGGACTGGGACTGAATGCTTGCCTACGATCTTGCCAGTCAAAACCCCTAGGATGAACTTCGAGGTGCACTCCATTGCTTGAGGACGTCAATAATCCGATTCGAAGGAATACACGGAAGCGTTTCGGTAGTTGGCCATCAATGCCCACTGTGATTTGGCAAGGATTCTTCTTCTTCGAGAGGGAAAAAGATTTGCTCAATCGGTAACTTGAAGAGCTCAGAGATCTTAAATGCGAGAGTCAGACTGGGGTCATACTTACCAGTTTCGATCGCGTCTAAGGTTTGTCGGGACGCCATCAATTGCTCGGAGAGTACTGCTTGTGACCAAGCTCGTTCGGCTCTCGTAAACCTCAGGCGGTTCTTCATGCGTACCTCTTTGTTGCGAGCATCAGCCCGATCCCCCAGAAACTCGCAAGGACCGGGATGAGCCATATCCAGGAAAGAGCTGGAAATCCCGCCAGAAGCTCAAGAAAGCCGTACGTGACACTAGCGTTTACTACGGCGCCGGCGGCGAATCCGATTGCCTGAAAGTGAATGCGTTTTTGCAATTCATCCATATTCTGAAGAATGTCATGCAACGCGGACCTACCGAATAGCACCGGGACAGCGGGGAGCAAGCCCAAGGCGGGTCCGCCATAGCCCCCCCAACCGGGGACACTCACCCCAACCGGGGACACTCACCCCAACCGGGGACACTCACCCCAACCGGGGACACTCACCACTTTTTGAGGGACACTCACCAACACTGGGGACACTCACCAGGGGTGGGGAGGTGGGGAGTGGCCCCCCGAAGGTGGGGGGAGAGAGGGGGTGGTTCGAGGGGAATGGGGGCCGAGGGGCGGCCAGAGACGGGTTTTTGGACCGTTTGACTCTCGAGGCGCGCAGCCGCGAACCCAGTGCCGCTCCAAGGGTCACTCTCAAAGAAGAAGATGCTCGCTGGCTGGAAGGCTACAAGCTCTTAAGAAGGTCGCTGGAATCGCGGACAGTAGATCTGCCGCTGGGTGACCAGCGTTCGAGCCTCCTTCATACTGCGCACGCTTCCCGCCGCCAATGAGAACATTCGACTGAAATGGGTCGTGTAGTCGATCCAACGCTCGGGATCCAATCCCAACCGCTCCAACACCGGAGGCACCTCCTCGGGTGTAAACCCTTTCTTGCCTTCCCGGATAATCCTCGCCGTCGCATCCAATAGCTGGATATAGTTCATCGATGACAACGGTACCACGCCCTTGTCACTGCAACGCTTCTTCGTCTTGCTCGGTTTGCTCCCCTGGCTTCCTCTCTCATCGATCAGCTCTATCGGGGCTAAATACGCGTCTGGTAACAGACGCTGTGGCAAGGCAGGATCTTCGCTGGGCGCTGGGGACTGCGGCGATTCCGTTTGAGTTCCCTCCGGGGGCGGTTCCGGCTTGGCAAGCTCCTGCTTCAGGGCTGCGATTCGCTGGGCTACCGACGTGTACTGGGATGCCTCGAGCGTCTGGGCTACCTGGGCGCGGATGGGATTCAAATCCACATAGCTCACGCAGGCCAAGATGGCTTCGTCATCGAGCAACCGCACCGCCTTGAACCGGCCATTGAAGAGACGGCCCGTCTCTTGGAGCTCCAGGTTGGCGCGCTTGGCGACTCGCTGGCAAAGGATGCGCATCCACCACGAGATATCGCTCAGCCGCAAACGGATCTCTTTCAACTTCTCGGGCTTGGTGCGGATCGCATCGAGCTCCTTTTCGTTGGGCTCCGCTGGAGTCTTGTCTTTGTTCTTCCTCTTGGGGCACATCAACATCCAGCGCCTGGCCACTTCGGTATCGTCCCACTCTTGGACAATGTCGGGGCGAGACCGCAAGACCGAGTGGAAGTGGTTGCTCATGATGGCATGACCTAGGACGTCGATGCCAAAGTACTGGGCTTGCTCCTCGATCTGCTTGGTGATCCAGAGACCGCGATGGCTGTGATCTTTGCGGGTGAGAGCATCATCGCCGAGCAAGAAGTACTTGCGAACAATGGTGGCGATGGTGTGGACCGTAGCGACTTCGTCGGGACGGTAGATATCGGCGCGGGCGCTGCGCATGATCTGCATTCCTTGGGCGAAAGGGAAAACATCGGCAAAACAAGGGACGATTCGTTCGGGTTGCCGGGCACGATCCTGTGCATAGAAGTGATTGGAGCGTCTCGAGACCCCAGATACAAGAGTGGGGAAGGGGGCGCCAAAAAGATTTTTCAGGACACCGGAACTGGGGACACTCACGCGTACTGGGGACACTCACGCGTACTGGGGACACTCACGCGTACTGGGGACACTCACGAGGACTGGGGACACTCACGAGGACTGGGGACACTCACGAGGACTGGGGACACTCACGAGGACTGGGGACACTCACGAGGACTGGGGACACTCACGAGGACTGGGGACACTCACGAGGACTGGGGACACTCACGAGGACTG
NZ_CP011272.1_gap66	2556532	2559280	2748	GCGGCTGGCCGATGCCCTGGTGATCGTGGCCCCTGTGCGAGTTGCGACCCCTCCCGAGGGGGTGAAGGATGCTCGGGCGTGGGTGGTCGGTGGAGCGGATCGAGCGGCGATCGAGTCGATGGCTGATTCTGCTCCGGTGCGATCGATCGTTATGGGGGAGGTGAACCATGGGTGAGCAAAACAAAACGTTGAGCCTGAGAGCATCCAAGGCCCCCGATGGTCGAGCCCGTATCGTTGCGTCGGTCGATGATCGCGAGCTGTGGGCGGGAGTGTGCGATCTGTGGAGCGATACCGATCGAGATCGGTTGGCTGAGGCTATTCATCAAGATTGCCCAGCGATCCCGGTGGCCGACATTCGACGTCGGCTGCTGGTGATCGATCGCGAGAATCTACCGGCCGGGGATGGATCCAGCGAGTCGGCGTGGGATGATCCTGATCCCCTGCCGGATCCATTGCCAAGCGTAATGGCGTACAGTGCCGACCTACTCCCGCGAGAGGTCGGTGATGTGGTGGATGACATCGCGGATCGGATGCAATGCCCACCCGATTTTCCGGCCGCATCGATGCTGGTGGCGTTGGCTGCGGTGATCGGTTGCCGGGTCGGTATAAGGCCCAGACGGTTCGATGATTGGCTTGTAGTTCCGAATCTATGGGGATGCGTCGTTGGCCGTCCCTCCCTCAAGAAGTCTCCCGCTATTGGCCACGCAGAAAAGCGGATCCGAGCATTGGAGGCCCGGGAGCGAGAAAAAATCGCCGACGATGTGGCGGCGTTTGGAGTTGATGCGATCCTCTGCGAGGCTGACATCAAAGCGGCTAAGAAGGCGATCGAGAAGGCTGTGAATGCTGATAACCGCGAGGAGGCCCGTCGATTGGCTCTCGAAATCCAAGCGATGGAGGAAGCATCGCCACCCACCCCAAGGCGGATCATCACGACGGATTCAACCATTGAGAAGCTGGGGGAGATGTTGAACAAATATCCCCATGGGATGCTTCTGTGGGTGGATGAACTGGTGGGATGGATGCGAGGGCTGGATCGTCATGATATGGCTGGGGTTCGGCAACAATTCCTGACGCTATGGAATGGCCAAGGGAGGTTGAACATCGATCGAGTCGGCCGAGGTGAAACGGTCGTTGAGCATCCATGCTTGTCGGTGTTTGGCTGCGCCACCCCTGGCGGGATCGGTGATTATGTGGCGGCGGCGCTGCGTGGTGGCCGAGGTGACGACGGATTGATTCAACGGTTGCAAGTTTTGGTTTGGCCTGATTCCCCCCGCGAGTATCGACAAGTGGACCGATGGCCTAATTCGGTGGCCCGAGATCGATTAGTATCGGTATTCGAGAGCTTGGCCGACTTGGACGTTGAGTCATTTGCTGAGCGTGAAGAGTTCGACGATGGGAGCGGCATTCCGTGGGTTCGGTTTGATGCCGATGCTCAATCCGTGTTCGATCGATGGGACGTTGAGACGCAAAACCGGATCCGAGCGGGTGATCTGCCCGAGTCGTTTGAGAGTCATTTGAGCAAGTATGCTTCACTGATCCCATCGATTGCTCTGATCGTCCATCTTGTGAAGTGGCGGCGTGGCCCAGTGGATGCCATGTCGGTAGAGATGGCGTTGAAATGGGCTGAATATTTGGAGAGCCATGCGGCCCGGTTGTATTCGATCGCGATGGCTCCCGAGCGTCGTTTGGCGAAACAACTATTGAGGAAGCTGATCGCATGGCCCGAGACTAAGCCGATCCGAGTTCGCGACATCGTTCGACATTGCTGGAGCGGTTTGGATGATGAGGAAGTAGTGGCTCAAGGACTGGAGATGTTGGCCGATGCTGGATGGGTTCGAGCTGTTGCCGTTCGGCCCGAATCCGGTCGGCCGACGACGAACTATTTGCTCCACCCGCGAGCGGCTCAGTTTTTCGAAACTCTCAAAACACGAACTGACAAAACCGACGAAACCCGACCTGAGGAGAGTTCTGTCAGTTTTGACAGTGCCGACTTAGGGGGAATAGAAAAAAACGGGATCCCTGAGCCCTCGGGTGGTCGAGTTCGGGGAGTGATCTGATGATGCTGATCGAGCGATTGCGAGCCCTCGGGGTCGAATTGACCATCGAGGGAGATGGCTTGGCGTTCGATGCTCCCGAGGGTGTTTTATCGGCGGAACTGATCGAGGAGATGAAGGCCTATCGATCGGAGTTGATCGCAGCGATTGAACATCGAGATGCCCCTGGGATGGATCCCATCGGGGGCGTTTTTTGTCCGTTCTGTCGTGGCGATCGGTTCGAGGATGTTTACATGGGCTGGCGTTGCGTGAGGTGCGATCGGCTCGCGTGGTGGTGGCTCGGGGAATCGTTGGTTCGGTTCGACGTTGGGGATCTGAAATTGTAGGGCTGGGGAATTATCTGGCCCTCGGATCGTGGGGGCGGTATTCTGTGGGTGCATCACGGCTAGGAAATTCGAAGCCGAAAGCCGCCACCCATAGCGGTTGCCGTGGTGTTTTCTTTATGGGTTCTGTGATTCAACAAATGGGAGTTGATCTGATGGCGAGCGTAACGCGCAAGGCCCAAGGTGGCCGACTAGGTTTTCGGATCCGGTTTTATGTCGATGGGAAACGTCGAGAGCTTTACATTCCCGAGACAACAAAGAAAGCGGAACGACAAGCGAACATTGTGGCGCAGCATTGCGAGGAGTTGAGCAAGGCGAGGGCAAACAACGTGTCACCCTCACCCGATGCCGTGAAGTGGGCGAACGGAACT
NZ_CP011272.1_gap67	2600935	2602089	1154	CCGCAACTGGAAGTGGTGCGAAAGCAATCGGTCGTCGGGCCGGTGCAAGGGTCCGAATCGGTCCTGCACCGAGCTCGCGGCGAATTCATCTTCCTCCACCAATCGTACGAGCCGATCGACCTCGAAGAGGTTTTGCACCTTTGGAAGCTGCGCAAAGACGAACAACTTGTCATCGCGAGAGCCGCGACGCGCGTGCGACGCGTCGACCAACAACTCCTTCAACGACTGCACGATTGGGGCAAACGGCTGGAAGACAATTGGCCCCAAACACGAACCGTGTCCGGCGGCCTCCAAATGATGAGGCGGGATGGTGTCAAAGGTCTCTCCGAAATACGGGATTCACTCGAGGATCTCGAGGTTACCCACCAGTCCCACCGGCGTATCTCGGGCCCGAAATTTATCCAACCCTCTGGCGATTCAGTGGCGAAGACGATCAAGGCCCCGTAACATCGCCTTACACCGCCGCAACGGGACGTTCTGCCGTTTTGCGGCAATGACAATGCGGAACGCCACCGATTTCCTCGGAGGCAACATTCGAAAAACCTTGGGATTTCGCTCCGGAATGCCTGAGGTTTTCGGGCTTGTTCCGTTGATCAAACGACATCGCTAGACCTATAATCAGGCGGTCGAGCGGTTCGCTCTACTCTCTCTTCTTACCTCCCCTCCCATCGTCCATCTGCTGGCGTTCAGTCGCTTTGCTCCATTCGCTCCCCGAGTGCGGCCTGTTGTTGAACCAAGCGGACCTCGTTTAACTTTTCATGAACGGTCACGATCAAAACGGAACCCCTTCTCCCAGGTCGGTTCCCCTGCGCTCTACTTCCTCCCCACGGGATGCGGAGCCTTTGTCCCTTTCCGAGGAACTGTACAAAGACCGAAGACACGCGCAGCCCAGCAGCGGATCCCAGTCCGCTATCGATTTTGCAACCTTGCAACAGATGCCGACCGAGGCCATCCTCGATTTGGCTCGAAGCGAGAAACTCGGCAACCCCGAATCGCTCGATCGACAGGAATTGATTTATCAAGTCCTCAAGGCAAAACTCCTCTCCTCCGGCATCCTCTATGGTGAAGGTACCCTGGAGATCCTCAACGATGGGTTCGGATTCTTGCGATCTTCGAGCCACCATTACGTCTCTTGCACCGACGATATCTACATA
NZ_CP011272.1_gap68	2631231	2633413	2182	TCCCAAGTCTCCATGCGATCGCGATACCCTTCCAATCGCATCCCCGGCGTACCGCACCGCAAGCACTTGGGCCGATTATCGATCTTCGGAAGCTCAAGCTCTTGAAGTCTCGCGGATGGGGGAAGCGACGCATGTCGCTTCCCTAGGGAATCAGCATTGTGCTTGGCCAAGAGCAAGCGGACTCTTTGAAGCGTCTCCTTGCGCCCTTTCCCTTGAAAGAGACCTGCATAGCGCACGCGATGCACGTTGCTCGGAACGATGTGGAGCAAGAACCGGCGAACGAACTCTTCTCCCTCCATGGTCTCCTCGACCGATTTGTTGGTTCGGTAATCCCATTGCCGAATGGTAACGTGCGTCCCGTTGTCTTCGGCGATCCGGCCATTGGAGATCGCTGCCCCTTGGATATAGTCCGAAAGATAACGGGCGCAGCCCAACTGCGTTTGCAGTTCATCCGGAGTGATTTGCGCATCGGCTTTCCAGTTCTTTTGCGCTAGAGGCTCAAGCCACCGATGGAACGAGTCTCGGTCTTGAACCCCTTCGAATTCCATCTCTTGGGGAATGTCGAGTTTTCCTTGATCGAAGAGGATTTTCAATCCCCGTAAGAACTTCTTTTGAAAGAGGGCTGCTAAGACTTCTTCTTGGATGCCTGGTGCATCCGGAGGGATCGGGATCCAGCAGGGTTTGGTACTCGCATCCCCAGTGGAGAGCGAGACGCCACCGGAGGTCATCATGGCGTGGATATGCACATGGGTCAGCATGCGCTGCCCCCAAGTGTGCAACGTGAGAATAATCCCCGGCTTGCAGCCGAATTCTCGTTGAGCGATCTCGAGCAACGTCTTTTGCGATCTTCGAAAGAAGAGCTGATACACAGCGCTCGGATTGGCTCGGATCAGAGGATTGAGCTCATGCGGGACGGTAAAGACCGTGTGGTAGTAGGTGGTGGGGAGATTCCACGCGATAATCTGCTGTAGCCACGCTTTGCGCTTGAGCCAACCGCAGTTGGGACAGTGCCGATCATGGCACTGGCTGTAGAGAATGCGCCCTTGCTGGCATGTCTCGCATCCATAGTAGGTGGAACCGAAACTCCCACGACGGCAGTCGAGGAGTTTATCCAGCACACGGCGTTCATGGAACGGAACATGATGACTGAAGCGAAAGGATTTGGAGTAGCGTAGCAGGACCGATTGCACGGTATGCGAACTAGCCGTATGGATTCGCACCGTAGGCAACAGATCCTGCATAGGTTGGATCGAACAGTGCATGGATAGCTGTAGGGTAGTTCGACCGCTTTCTTAGCTTGCGATGTTTCTTGGAGAATTTCCGAGTTCGCCCCCTTGTGGACCAAGCAGAGCCGCCGCATTCCTTAAAAGGAATCGCGCGGCGATGCGGGGTTGGAAGTGCTCGGGCACTCTCCCCTCTTTTGAAACGAGCTCTCAGAATCGGTGTGGATGAATCATGTTGCTCTCAACGAAAACGAATGCGAATCCGTTTCCACTGCTGGCTGCATTCGAAGCGGATCCGTGGAAAGCGACCGCCGAACATTACGCACGCTGTGTGACGGACAAGATTCTGGCCATGGCCTCCTATGGCTTGGAACTCGAGGAAGAAGCTTTGCGCACCCTGGGGATCGGGTTTTCCGATCGGAGTCTGGGGAACCAGTTGCCCTCGAATCAGACGGCAGCGGGTCGAAGGATCCGAGAGCGACTCATCCAGATGGGTCTTTACAAGGAGAATGGCCGCGAGGCGCTACGTGGTTACATTACCATCCCCCTGGTGGACGAAGAGCATCGCATCACAGGCTTCGAAGGCTATCGGCTGAGCAACAGCGGAGCCGTCATTGACAAGCTCCGCGTGGGAACCGGCACAAGACTTCAGGATTCAGGCGTCAGGCTTCAGGAAGACTCCATCCCAACCCGAAACGTCAGCGAGGGACAGGCTGCTGACACGCTGGCAACGGAGACACTGGCACCCAAGATTCCTTCACAGCCGGGCAGCCCTTCACAAGAAGAGGATCCCTCGCTCACGCAACGGGTTGCGATGCAGCCTGCTACTCCAGCCTCCGAAATCTCCGTCGACGCTAGCAGCGTGACTATCACTCGCGAGGATCGCAGCTACAAGATCCGTGGCCTCGAGAAGAACATGTCTTCCCTGAGCCTGCGCGTCTCGATCGCCGTCTCCCGAC
NZ_CP011272.1_gap69	2783068	2786427	3359	GAGTACTCCTCACATCGCGTGCCACGGGCGAGGCCGGCCGCATGGTTGCCGATGGAGATGCAATCGGCCTGAACATCAACGCCTCCGGAGCCGCCCGCGATGCCTTGATCTCGGTCGGCGGCGCGTCGGACACAGGTGGGACACTGATCCGCTCTTCCACCAACACCATCAACAACGCAGTGGAGGGCGTCTCGTTGACGCTCAAAGGAACCTCCACGAGCCCTGTCGATATTTCTGTTACCCAGAACAACTCCACCCTCGAACGCAACTTGCAGTTGTTCGTCGATCAGTTCAACAAAGTCCGCGACAAAATCGACAAGGAAACCGAATTCAACACCGACACCGGAACCACAGGGATGCTGATCGGCAGCTCCGAGGTCCTCCGCGCAGAACAAACCCTTACTCGACTTATCACCCAGCGAACCTTTGGTTCAGGACGAGTTCAATCGCTCGAGCAACTCGGCCTTAGCTTGAACGATAAAGGCAAACTCGAATTCGATAAAGAGAAGCTCACCAAAGCCATCGCCGCGAACCCCGAAGATGTCACCAGCTTTCTCACAAAAGAGACGACCGGCTTCGGAGCCCGCGCCAAAAAGGCTCTCGACGCAATCGTGGGCATCAACAACAGCACCTTGGTCCTTCGGAATCAATCTCTCCAGCGCCAGATAGAATCGACGAACAAACGGATCGAAACACAGAACGCACGATTGGGCCGAGAACGTGAAAGACTTCTCAATCAGTTCTACAAACTGGAAGAGACCCTAAGCAAGATCCGTAACAACAGCAATGCCATGACAGACATCAACTCTGTTCTCGCTCGATTCCAAGATTTGTAATTCGTCCTCCTCTGAAAACAGCAGAGGCCGCTCATCGAAACGAGCGGCCTCTGCAATCTAGGAGTGGGAGGTAAGCATGGTTGCAAGATGCTTACCGAAACCGCAGATACCACAGCAGCATTGCTCAAAGCCCCAAAGAACAATGCACTGGCTGGTACACCGCAGCGGAATCCCACCCACAGGTTTGTCGTGCTCATGCTGAGCGGACAATTACAAACCTAGGTCACGTTTGGAACGAAGGCAAATCTCTGCAAATTTATTTTCCGAAAACAACAAAAGGCTTAGCCTCTTGAATTGCAGCTCCCGCAGACAATAAGACTCCCTCGGAAAACATACGCCCAGTCAAGGCGACGGTACGAGGCTTTCGCTCGCTCTCTTCTTCACCAAAGCTGACCACTAACGTGGGATGCCCCGTCAAATTCATCCTGGAAAGATCCCCATCGCCGATTAGCAAATCGACCTTGCGCAACTCGCTCTCCGTTTCGCGGATCATTGCGACTCGCCAGCGCATTCCATGCAGATAGTCGACGGCCCGCACCCACTGCGCTTCGCGAAAGGAGGGCCCCCACTTCCCTAACTCACTGTCCTCTTTGGCGTCCCGAAAGAGCATCTCGTGCACCGAAGCTGCCTCGGTACCCAACGCATCGGACATGATTCGAATCGGTGCGTCGGGGAACTGGAGCTCCACGATTTCGGCCCCCTGCCCCTCGAACCAACTTCGACTCTCGCGTTCCGAGGCATTCATTCGGCTCGTCACTCCCACACGAAGGCCCTGGAGCGTAAGCTCGGAGCGGCCCGTCCAAGGAAGCTCAACCACCGTCGGATCCAACCCGTCCGGTCCCAAAATGGCCGCGAAAATCGCTTCGCAATCCTCGACACGATTGGCGATTGGTCCAACCTTATCCATCGTCCATGACAAAGTCATGCACCCTGCTCGACTTACCCGTCCAAAGGTCGGACGCAATCCTGACGTTCCGCATACGCGTGTCGGCGAAACAATGCTTCCCAAAGTCTCGGTCCCGATCGCAAACGGACAAAGTCGCGCCGCAACGGCCGAGGCGCTTCCTGCCGATGACCCCGAACTTCCTTGCTCGGGATTCCAAGGATTCTTGGTTTGGCCACCATGCCACACATCTCCCCACGCGAGCGTTCCCACCGAGAGCTTAGCCAACAAAACCGCACCCGCCTCTTGAAGCCTACGAGCAACGGTCGCGGTCTCCTGCCACTCGCGATCTTCATAACGCCCCACTCCCCAACTGCAAGGCAACCCGCGCACCGCGATTATATCCTTGGCACCCCACGGAATCCCATGGAGCAACCCTCGATCCGTTCCACTCGCTAACTCCTTGTCTCGTTCCTTCGCCGTTTCGATCGCTGCCTCATTCATGCGTACAACGCACAACAATTTCTCGTTCGCATCTTTCAATCTCTGGAAATAAAACTCGGTCAAATCCTCACTGGTAAACCACTTCTGTCGCAGTCCATACGCTAGATGCTTAATCGACCACTCGAGCACATCCTCGATTCGATTGTCCCAAACCAATCCCGTCGATTTCGGAACAACTGGAAGCACAGAAGCATCCAGCCCGCGATCTTGCTGAAACGGAAACAGATTGCCCTTCTCATCGGCAGGCAAAAAGAAAGAGGGGCGGTACGCGAGGGGCATCGGTACATTCTCGCTGGGCAATCGTTGTCGATATGCTTTCCAGCCCGCCAATTTCCGATTCAAACTCTTTGCCACCTCTTCGCACTGTTCGTCGGTCCAACGGACATCGGCGATCCAGCACGCTTCGGATATCTGCCTACCCGTGATCTCGGTCGCTTCCGGTGTTTGCGCTGCGATAGCTCGTCCGAGAACGGGCGAGATCGACATGCTGCCACAAATCCCACTCCCCAACGCGGCCAATACGGCTTGCCGTCGCGTTACCAATCCCATGATCCTCTCCTTTTCGGCTAAGTAAAAGCTTCAGTGCGACAAATGGCTTGGACGCGCTTTGCCGGCAAAGAGAGGATCGATTCTGCAAACAAAGCAATCAACATGAACCACGCAAACCAACGCCAAATCTCTTGGACTAATCCGGTGTCGGCCAGCGTGGCATCGACGCGATACCAAACCAACCCCTCGAATATCTTCTCCAGATCTTGGTCAGAAATTCTAACCTGCAGGTCTTCCTCCGGTCGACGGTTTTGTGCAAACGGAATCGAATCCATTCGATAGACTCCTGCGTGCTCAAAGAAGCGATTCGATAGAACGTTCTCGTTCCCCAACACCATTTCCGTGCCGTCACTCCAAGGTGACTCTGTCGTATCGACCCATCGGTTGGGCTGCCTGCCCAACTTCTCTGCTCCCTCTTGAATCATTCGTTGCACCATGATGTACAACGCAATACCGTTCGATGCCAAATTGGTGTCGCCGACTTGTGTGGTACTCCCCATCGCATAGGCCGCGCCGGAACTCTTCTCCGATACCGAATCCAATCGCACCAGCCAACTCGCTCCATCCTCTAGCCGCGCTAGCTCGGT
NZ_CP011272.1_gap70	2857392	2860085	2693	GCGGTCCTCTGTCAAACTATCCGTTTTCAACGAATAAGGACTTCGCAATGACTAACGCTGGCAGTGAAAACAACCGCTTGGAAGGCTTGATCCAGGCGATCAATAACGACGATCAAGTCGCGGTCGATCAGTGGATCCGCAGCGAGCGATTCACTCTCGTCGCGCTCGCCTCCGAAGAGGACGATGAAGATGCTCTCTCGGCATTGGTCGTAGAGACCGAAGAGTTCCCAGCCGTCGTCGCCTTCATGGATAGCGAAGCGGCTCAATTGTTTGTTGATTCGATCGCCGATCAAATTGAAGGGGAGTCGGTCGACTTGTTCGAGGTCGACGGCGAGTCCTTGCTCCGCCCGATGTCCGAAGAATTCGGTTTATTGATCAATCCTGAATCCGATGAAGCGGTTATGGTCGAACCGGGCTTGCTTCATTCCGAATCCGGATGCGATGAGGAGTGCGACGGCACAGAGGAAGAAGAAGATGGTTCTGCCTCTTGATGAGATTGAGTTTCCGCAGGATGGTTCCGAACAGGATCCCTCCCTGCCGCTAGCTCCCTCGAATACCGACCCGCTCCCCCCTCGGCGCGATGTCCTTCTCGAAGTTTGCGAAGAGCATTCGGGAAAGCGCATCGACTTGTTCATGACCCTCAAACTGGATGGGTACAGCCGCGTCTTTCTCCGCCGTTTGATTACGGAAGAACAAGTCTCGGTGGACGGTCGGCCCGTGAAGCCTGCGTTCAAGGTATTCGCGGGACAGAAGGTTGCCATCGATCTGCTTCCTCCCCCCCCGACCGATGGACCGATCGCAGAAGACATCCCCCTCGACATTCTCTACGAAGACGAAGGGATGGTGATCATCAATAAACCGGCGGGTATGGTGGTACATCCAGCGAAGGGGCATTGGTCAGGCACTCTCACGGCCGCGCTCGCACACCACTTTCAACAGCTTAGCGATGCGGGAGGTGCGACGCGTCCCGGGATCGTTCACCGCCTGGACCGCGATACGAGCGGCGTTATTGCGATTGCGAAGACCAACGAAGTTCACTTCAAGCTCAGTGCCCAGTTCGAAGCTCGTGATGTGACAAAGACATACATGGCGATCGTGTCGGGTTCGCTGGATCGGGATCGCGATTGGATTCATCAGCCGATTGGTCATCATCCCTATCATCGAGAAAAGATGGCGATTCGTTCCGGGCATCCATCGAGCCGTGACGCTTCGACGTTTTTTGAGGTCAAGGAGCGATTCCGCGGTTACGCATTGCTGGAGGTTCAACCGAAAACGGGGCGAACGCATCAGATCCGACTGCACTTGGCCCATATTGGCTGTCCTGTCTTGTGCGATCGCCTCTACGGAGGCCATGCACAGGTAACCCGAGGTCAGCTGCTTCGCCGCGTCGCCCAAGGACTTCCAGCCCGTCCTGGGGATGACACCATCGAGATGGAACGGCAAGCGCTTCATGCGTACCAACTGGAATTTGCGCATCCTAAGACAGGGGAGCCGATGCGATTTAACGCCCCCCTTCCGCCTGATTTTGAAAGCGTATTAAAGGTCCTCCGCGAAGGCCAATAAACCCACTTCGCGCACCGGGTACGTGCGGTTGAAGGAAAACGAACGGACTCAGTGGTTCGCCTTGCTGCACCCTCGGGAAAATAGTTGGTTGCTGAGGGTGATCAAGAACTTTCGATCAGGTCGGATCGTGCAGGACTTGCTCAATCTCCATCACCATGCGTGGCGTGAGTTGAAGAGCGCCTGCCAATTCATCGAGGAATGCTTGCTCGGCTTCGTTTTGGTGATCGACAATCAAATGCGAGACGATGTAGGCGGCGACCGCGTCGGCGGGCTGCTCCGTGATGGAGGCAATGCTGTAGACATTGCGAGGTGTTTTCAGCTCACATCGAAGCCAAGTGCGGGCGGATTCGGGGAGTTGCAACCGCGCTGAATTATCTTCAATCTGCACTAGCTCGGTGGAATCGATCTCTCCATCCGCATTCGCCGCAGCGATCATCGCCCGAAGCAAGACCAGAGCCCGAACGTCGTTTGGAATCGTTGAAATCGATTCGTCCGCATGCACCGCGTCGTCAGGCATTTCTCGTTCCACGGAGCGAAACCTAAGAGCGAGAGATGGCCGCTGAAGAGCGGCGCGAACTATCGAATCAAGGTGCTGAAATGAGCCAATGCAGGCAGGGGCTTTCGCAATCCGCTCCCCCAAAGAGGTTCCCGAGACAATACTGCTCAATGCTGCGACAGGGGAGGTTGCGTCCGCTTGAAGGCACTCGAGCAGTTGCCGATTCAACAAGGTGAAATGGTCGAGGGTCATGACGGAGTTCGAGAAGGATTCATTAAGAAACCACTGAGTAAATGGTCGCAACATGCGTCCATCGAGGGTGTGGGATAACAAAAAAGGCCGCCTGGTGAGGCAGCCTTTCTTTGGTTCTGTTTGCTGTCGATCCGACTAATCGTTCAAATTGACCACTTCGCCGCCAGCTCGGCTTCCAAAGGCTTGCCACGCACCAAAATCCACGGAATCGGACTGAAACGCAACCGATCCGTCCGCACGGCAAACATTCACTCCACCCGTGTGGTAGCTCGATGAAGCCATGTGTTGCTGGGAGCCTGCAAACCCGCCAACAACCGCGTCATTCGCGCAGTTGTATCGTTGCTGAGCAACATTCTGAACTCGCTTGTTCCAGTTGGGAGGG
NZ_CP011272.1_gap71	2866173	2869650	3477	GGTGCGAACTCATGGCAAAACTGCCTGCAAACGCCGCAGAGTGAAACACGTTGGGGGGATAGAACGACCATGCTCTCCCAATCGAATTCACCTTGCAAAATCGCTTGAGAACCGGCGACCCGCTCGGCGCAGAGAGTGACTGAGTAGGAGGCGTTCTCGATATTGCATCCGGCAAAGATTCGTCCGCTCGATGTACGAATGGCAGCGCCGACCGAAAATTGACTATACGGGTTGTAAGCCCTGGTCGCCGCATCACGGGCAGCAGCCATCAATTCGATCAGTTCTAGCGGAGCATCCGCATGGGACATGGAGTTGGGTTCCTTGTTTGGTTCTCGAGGGCTTGTATTGTAAAGTTCAACTGGCCGTTGTCATCCTTGCGCAGGAAGCGAGCGGCGTATTTCGCGGTAGATATAATGAAGCATCCTACCCGGTACCTAAGTCGCTCCGTCCTCTCCTGTTCTCCAATCGAGTCTCGCCATGGTTTTCTCGCCTAGGTCACACCTGCGTATTGTGTTGCAGTTCGCACTCCCAGCCCTTTTCTTTTTGTTTTCCGATCGGGGCTATTCGGATGAACCGACCAAAAGCCCGTTCCTTTCCGACTCCATGGAGCGATGGCAAGCGTTCGATGGCAAGCCAGCGCCTGCTGCTTGGGAATGCCAATCAGGTGAGATTCACCTCCAACGAGGAGCGGAGATACCTCGCGGTGGCAATTTGCTCACGAAGGAAGAGTTTGACGACTTCGAACTGAGCTTTGACTTCAAAGTAGCCAAGTCTGGCAATAGCGGCATCAAGTATCGAGTGCGGAATTACGGAGGCAGGTGGCTTGGTTTCGAATACCAGATTTACGACGATCACCATGCCAAAAAGGTAGAACCCAAGAACAGTACGGGAGCTATTTACGATCTCTACGAACCCAACAGTGAAAAGCTGCTTCATCCCGCTGGCGAATGGAATGCAGCAAAGATCGTCGCGCAAGGCCCAAAGCTGGAACACTGGCTCAATGGGAAGAAGATCGTTTCTGCTACGATCGGAGATTCCGATTGGGATCGTCGTTACCAGGCGAGCAAGTTCAATGATGCCGATGGATTCGGAAAGACCTTTCGTGGCAAGCTGATGCTAACGGATCACGGGAGCGAGGTTTGGATGCGCAACATCCAGTTCCAGATTCTCGAGCCCCCTCCAGCAAAGCCGTAACGTCGAAATTCTCGTCTATGCTTGACGAATAAAGTGGGCCGCATAACTGCGAACTTCTTGACCGTTGAGAACATGGACGGTTCGCAACTGGGCGACCATTGCGTCGCTGAATTGCGACAGCGGGACATGCACGAGCGATTTACCGAATTGCTTGGCGATTCGCCGCCACGAAGCAGTCGGTGCAATGGGTGACAGGAGAGCGATTTGCTTTGCCTCCGAATGTTTGCATGCCGCTGCGATCAGCCTTTCTTCCAGCGTATCAGCGAATTGCAGATCCCGATCCTTCCAAATGTCCGGTATCGGTTTCGGAGGAAACAGAAACATCGCCCCCCCGTACGTCGCGACCGCGATGCCTGGACCAAGGATCTCGCGAGAGAAGTCGGTCGCATAGAATGCGAGAGTTGATTCCCAAGCAAACTCGGCAAACCAAGTCGTCTGCCACGAATAGACCTTCGGGTCGGGGTTAGGATCGAAGATGAAGACGCACGCGTCCAGTGTTCCCACACTGGGTGGCTGAACCTTCACATAGAGCTGACCATCGTACCAGTGACGCAATGTTTCGCGGATGTCGATACCATCCATCAAGCTCGTTGTGAATTTTTCACTCCGTGCCAAGTCCGCTCCAATCAGTGCGCGAGCCCGTTCGATCACTCGCGTTCGGAAGCTCTCGATTTTCGCATCGTCGGGTAGCCAAGAGCATTGTTTGTATGGATTCCACTGGAGTCGCCACTGCCGGGACTCGTCTTTGAGCGGACGGCGATTGAGCTGAAGGGTTCGCCACTCGCCAAGGTGCTGCCCTAATCGGCTGATGGCGGGGACAACCTCTCCATCGGGCAATCGCAATTGATGAATCCCCATCTGGACCGAGGACCACGGCAAAGGTTCTTGGAACGCATAGTTGCGGAGGGTTTCCGCAACGTGAATTGCGAACTGGTCACCGCAGGTTTGTTTCGCAGCCAAAACCAACGTGTACATGTCTGGGGTGAGCCGCCGATCGAGCAATGTCAAATTGCGGATGTACTTCAAGCACTGCGAAAGCAGGAGGGGCGAAATGCGCCGAGCCCGTTGGCCAAAATCTGCCAAATAGGAAGCTCGCGCCGAAAGGAGCAAACGTTTCACTCCGTCGATGGCAGCAGCATGCGGGTCGTCGGAAAGTTCGTAACGCGACTGCTCGTAGACTGCTGTGATGTAAGGGAGTTCTCCGAGAAGAAACACTAAGGTCGATTCCTCTACGGAATGATTGACCGCTGGCTCGTCATGAAAATCCCCATCGGCCACCCATGGGGTAGCTAGCTGTCGTTGGTAGGCTTCACGTAGCCAAGGCCAATGCCCCACCGAGCAGAGCATCACGATCTTCTTGTAGTGCTGGCGGAGAGAAAGCAGCTTGGAGGCCATCGATTCGATCCTCGCCAAGACTTGCTCGGACTGAGGACGCGGAACGGTAGTTAAGATCGCCGCGTTGTAGGTATCCAGAGGCACTTCCTTCAGCGCAAATCCATCGGGGACTAGGAATTCCTCGTCGCCTGTAAAAACGTCCGTTTCGAGATCCACGAATCGAATGGGGATGCGTTCCCCCATCGCATATCGAATCGCAGCAATGACGCTTTGACTCGGGTCGATCGGCACGTAGCTATACGGCAGGGACTCGCCCGAGAAGGGAGCGAGTTCCGAGTCTTCTTCGTCCTGGTCGCCATCGGGGTCTTCCGACTCTCCGGAATCGAGCCAAGCTTGCTCCGCCTCCCAACGCGAACTGGCCGCTGGGGCTTGTGCGACCAAGGAAATCGTTGGGAGCTGCTCCACTCCGGCGAGCACCGACTCGCGAAACGAGGGTGGAAGCGGGACGGCCAAGCAATCGACTTGATGCTGAAGCAGCCATTCCTCCACGGCTCGAGCGTTGGCGCCGCTGCGATGCACGACGGGCAGCAGGGTCACTTTATCATCCAAACGAAAGCTATCGCTCAATTGGGGATACTCCGTGGTCGAATCTGGTACAATCCTTTTGCATGCGAATCCCGTCCCGTTCTTCTCTACTTTCCGTGGCCAGTCCGAAATCCAATCGACCGTTATGCAGGATAAAATTCAAATCGATGGCGTCAGCCTTACGCTCAGCAATCCGATTACAAACGAATTGCAATGGATCGGTCAAGGAGAGGTATTGCGGCAATTACTGGCCTGTTGGCTCGTTGTCGATGACAAAGATCTCCCTCTCGCACCTCGTTTAGTCGGCCCGCCTGGCATCGGCAAAACCGCCTTGGCGATGGCTGCTGCGAAAGCGAGAAATCA
NZ_CP011272.1_gap72	3037178	3041279	4101	GATCAACTTGTTCGGCGGTTTGTACATGGGTTACATGTACGCCGACATGACCCTCGTCGAAGCGGCGAACGTCTATTCGAAGCTCACGATCGGCGACGGATTGGTTAGCCAAGTCCCCGCGTTTTTGATTTCGTTGGCCGCCGCATTGCTCACGACTCGCAGCACCCAGAAGTCGAACTTTTCCAACGAGTTCTTGAAGCAGATCTTTTCACGCCCCGAGGCGCTGATCATCTCCGGTGCGTTCTTGATGATGTTAATCTTCACCGGCCTTCCGACGTTGCCGATGTTTTCGATGGGAGCCGGATGCATCGGGCTTGCGGTCCTGATGAAGAGCCAAGTGAAAAAGGGAGCCCTGCAGGAGGCGGCCAAGAAGCAGGCCGAAAGCGAGGCCAAGAAGGAGCCACCACCTGAGAAGAAGGCAGAGGATTATCTCGAAGTCGATCCGATGCGACTGGAACTGGGGGCCAAACTCATTCCTTTAGCAGATCCCAATCGAGGTGGCGATCTGATGAAACGAATCTCGACCGTTCGGGCCACACTGGCGACCGAAATGGGAATCCTCTTGCCAATGGTGCGGATCAAGGATCGGATGAGTCTTCCCGAGTACTCGTATGAACTATCGATGAACGGAAATCGCATCGCTTCCGGCATGCTCCGCCCTGATCGGCTGCTGGCCATCGATAGCGGATTGACCTTGGGGCCGATTCAAGGGGATGAGACGACCGACCCCGCCTTTGGCAAACGCGCCTTCTGGATCGAACCCAAACAACGACAGCAGGCCGAGATTTACGGCTATCAAGTCGCCGAGTGCGCCGCGGTCCTCGCCACCCATGTCCAAGAAACCGCACGGCGTCACGCGGAGGAACTGCTGACACGCGAAGTGACAAAACAATTAATCGATCAGTTGAAGAAGGGTGCTCCCACGGTGGTGGAGGAGCTGATTCCTCAACTGATGAAACTCTCCGACGTTCAACAAGTCCTACAGAATCTGCTCCGGGAGGATGTGCCCATTCGACAGCTTGGGCTGATCCTCGAGACGCTAGGTGACTTTGCCCATCGCGTGAAGGACCCAATCTGGCTAACCGAGTACGTCCGACACCGATTGGCCCGAACCATCTCGCATCGGTATCGCGACAATGCGGGAGTTCTGAAAGTCGTCACGCTGGATCCGGCCATGGAGGATCGAATCGCAGCGGGGGCTGAACAAACCGATCGCGGTATCTTTATTCGCATGGCGCCGGAGACCATTCAGAAAACTTGCCAAAAGATAGCCGAAGGGCTCAAGAAGCTAGAGCAGCAGGGAAGAACCCTCTGCGTCTTGGTAAGCCCGAAGATTCGTGTCCCCTTGCGTCAGATCACGCAAGACAATCTCCCCAACATTCGGATACTGAGTTACAACGAAGTCTCGCGCGATACGACAGTCGAATCGGTAGCAATGGTCAGCGATTGATCGCCCAATTAACTTCGTAAAATTAGAACTTCAGCGCAGCATTGTGTCTCATGTGAGCTATGTTGTCACATATAGAATGAGAGTTGCGCCCGCACCGATACCCTGCTTCGATAACGGATGAAAATCGTTAGTTCATTTCTATCTATTGACATAGTTTAGGACATCTGACATCAGCAAGTCGTTTAAAACGTACCTTGCTGTCTTGTATTGAATGCGCCTTGCCGCATAAAGCGCGCAAAGCCTCTTTCTGTTTTTGACAGGTTCGAAAAGCGGTGAATAGTTCCGCTAGTACGGTGGCCTGAACCTAGATCGCAATTCGCGCCTGCGAAATCGTCTGACTGATGACACCGAGTGCTTGAATCAATATTTGTTTGAAATGAGTCCATCATGGGGTTTTTGAGAAGATTCAATGACCTGGGTATACGTCCAAAGCTCGTAACAATCGTGGCGTTGATGTTACTAGGAGTAGGGATTGGCTTTATGTCGCTGTTCCGAAGTGAAGTGCGGACAGCGGCCCAGGAAGATACGATCGCCCAAGCGCGACGAGTGGTCGATATGGCCGAGTCGGTACGCCACGGCATGGAAGAAAAATGGAAGCTCGGCGTCTTCAATCAGAAGGTCGTGAGCGAATGGGCTAAAGAGAAACAGGTGGAGCGAATCTTGGGAGCCGTCCCCATAGTCACCGCTTGGGAAGCCGTCATGCTTCGTGCGAAGGAAGGGGGGTATCGCTTCAAAACACCGAGACGCGGTGCTAGAAATCCCGAGAACGAGCCGGACGAAGTGGAGATGCGGGCGTTGGATCAACTCGCGCTGGGCAAAACGGAATACTTTGAACTCGATAGCCAAAAGAACGAGATACGTTACTTCCGACCGATTCGCCTCTCGCAGGAATGCATCATGTGCCATGGCAGCCCCAAGCTGTCGGAGGAACTGTGGGGCAATAGCGAAGGAATGGATCCAACCGGTCACCGCATGGAGAATCTAGCTTCCGGCGATTTGCACGGCGCTTTCGAGATCATTCAATCCCTCGACCATGCCGACCAACGGGCATTCCAAGCCACGCTCAAAGGATTCGCCTTGGTCGGGCTTGCTAGCCTCGCGGCTTGCGTCGTGCTCGTCTTCATCCTCAATCGATCGGTCATCAATCCTATCCAGGAAGTGACTCGCGCCTTTTCGAAACTGTTGCAAGGGGATCTCCGGCAAGACATCGCTGTAACCAGCAAGGACGAAATCGGAAAGCTGCAGATCGGTATCAATACGATCGCAAAGCAGACCAAAGCCTTGATCGGTAATATGCGACGCAGTTCCAAGGAACTGGAATCGGTTTCGAGCGAGTTGGGGACCACCGCCGACAGAATGCAGAACGCAGCGACCGAAACCACCTCGCGCAGCCGCACGGTCTCAGCCGCGTCCGAACAGATGAGCCAAGCTCTCGAGTCCATGCGATCATCGTTGCGAGACGTGAGCTCTACCGTACAAGCGGTCGCGAATGCAGCTGGCGAGATTATCGAAAGCACCGACCGAGTTACGTCCAGCACGCAAGAGTCGGCGAATGTGGCGCAGCACGCTCGGCAACTCGCCGGCAACGGTACCAAACAAATCCGTGAACTGGAGCAAGCAGCCAACGGAATTGGTGAAATCATCGGTGTCATTCGCGACATCGCGGACCAAACCAACTTACTAGCGCTCAACGCCACGATCGAAGCAAGTCGGGCCGGAGAAGCAGGCAAAGGCTTTGCGGTGGTGGCCACCGAGGTCAAGCAGCTTGCTAATCAAACAGCAAGTGCCACAAACGAAATCCGACGCCGCATTGAATCGATCCAAAACATCTCTTCTGTCGTCGTGGAAGCGATGACCGAGATTGAAACGGTTATCGATAGTATCAATTCGGGTATGAACATGACGTCGGACGCCGTTGAGCACCAACGCAGCACGATTCATCTCGTGACCCATCAGTTGGCAGAAGCAGCCGAAAGAACGTCGTCTGTTGCGAACAGCGTGGAAGAAACTGTTGTGGCCGCTCGCGAAGTAAGCAAGAGTATCCACGATGTGAATGTGATTGCAGAGGAAACCAGTCGCGAAGTGGAGTCGACGAAAGTGGCAGGAGCAGGTTTGCGACGCGTCACCGATATGTTCGATTCGCAACTTTCCGAAATGGCTTCCGCGTTTCAAACCTAAATAGAAATCGACCGTTCCTGCCTGTTCCGACTCAATCGAGACAGGCAGTTACTGGTAGGGAATCTTGATGACCTCGAGGTGGAGTTCGCTCTGCCTCGAGGTCATTTCGTTTCGAACGCAAAGGAAAAAAGTTCGACTATACTAGCCCTGTTCCGTCGATGTCCCTCCACGGCAGACATGGCCCCGGTATTCCAATCCCACCTGAGTACTCTCGCCAATCTGCTGGATGCCCCTCCTTTTCCTATACCTCCCTATGACACCGTTCCAGATTGCGCCCGTAGGCTCCCACGATTGCATGCCCGCCCACGCGTCGAATTCGCGAGGGGCACATGCCCATGTTTCTCAACATCGGACGTTATGGCTTGTTCGGCTCCTAATGCTTTGTGTCGGCCTGACGGCGAACCATGCGACGATCGCGACCGCGACTCCCCAAGACGAGGACTTCTCGATCCAAGGGGAATACGCAGGAAAAA
NZ_CP011272.1_gap73	3065158	3066202	1044	GATTTCGCACAACATCGATTCGAGGGATGCGATCATTTCGCGATAGCCCACTGTTTGATCCGCCGGCGCAAAGGGATGGATCGCATTGAACTCCGGCCATGTCACCGGAGTCATCTCCGACGCGGCATTGAGCTTCATTGTGCACGAACCGAGCGGAATCATCGCCCGATCCAAGGCGATATCCATTTCGGACAATCGCCGCAGATACCGCATCATCTCTGTTTCGCTTCTGTAGCGATGGAAAACGCTTTGCGTCATGTAAGCATCATCGCGGAACCCGTCGACCGGCAACGTCGATCGCTCCGAATCTCCATGGCTCTCCACGAGCTGCGCCTGAAAAATTCCAGCGATCTCGACCAAGTCCTCTGAAGAAATCGTTTCATCCAGCGAAAGCCCAACGTGCCTCGCATCGACGTAACGAAGATTGAATCCCGCAGCAACAGCCCGCTCCATCAGCTTGCAAGCATCTTCATCTCTTGTCTTGATGACGAACGTATCGAAGACTTGATCGCTGAGAACTTCCCATCCAGCCGCTCGCAACGAACGGATCAATCGCATCGTCTGTCCATGAACACGTCTGGCGATCCCTTGCAAACCCTGCGGGCCGTGATAACACGCATACAACGTCGACATGATCGCCAACAAAGCTTGCGCTGTGCAAATATTCGAGGTGGCTTTCTCGCGGCGAATATGCTGCTCCCGCGTCTGGAGCGCCAATCGATAGGCAGGTTTGCCGTGAGAGTCCACCGATTGCCCTACCAATCGACCAGGCAAAGTCCGCTTGTAGGCATCGCGTGTCGCTAAGAACGCAGCGTGAGGACCTCCGTAACCAAAGGGTACACCGAAGCGCTGCGCATTGCCGATCACCGCATCCGCTCCAAAGGAACTCGGCGGCTTGAGCAATGTCAATGCCAGCAGATCTGTCGCTGCGACGACCATGCAATCCGACGCGTGGGCAGCGTCACAAAACTCTTTCAAACCAGGAACCGAACCGTCCGTCGCTGGGTACTGGACCAAAACGCCGAATGCGTTGGCCCAATCGAG
NZ_CP011272.1_gap74	3067350	3070516	3166	ATTCGCACGAACCCTCCCTTCCTCTCCCATCGCATCCACCCGCCATGAAACATCGATCTTTGTTCGCCGCCCTCCTCGCAACGGGCGTCTCCTGCCTCGGAGCCAACACGAGTACGGCCGCCGAGCCCACCCTGGCCCCCAGTTCATCGAAATGGAAGGTCGAGATGCTGACCCTCGATGCCAACGAAGGGTGTGCCATCGGCGATTTGAATGGCGACGGTAAAAACGATGTCGTCGCGGGCCGCAATTGGTATGCCGCTCCCGACTTCAAGCCCCGACCGCTGCGAACCATCGAGGACTGGAACGGATACGTAGAATCCAACGGGGACTTCCTGATGGACGTTGACCTAGACGGATTGCTCGATGTCGTCGCCGGCTCCTTTATCCCCACCCAAGTCCACTGGTACCAAAACCCGGGGGCTGAAGGTTGGCGTCTCGGTCAAACCTGGAAAAAGCATTTACTGGTCGATACGAAAGCGAGCCAAAACGAGGCCCAGCTCATGGCCGACCTCGATGGAGACGGACGACCGGAATGGGTGGTCAACAGCTGGAACAAGCAGAACCCCACGGTCGTGTGGCGATTCGTCCCCCGCGAAGCGACAAAGGAAAACCCAGCCAAATTCGAATTGGTAGGGAGCACCGTCGGCAAAGAAGGAAACCAACACGGACTCGGAGTCGGGGATATCAACAACGACGGTCGCGTCGATGTGCTGATCGGCTCCGGCTGGTACGAACAACCCACCGAGAAGATGTGGGACCAACCGTGGCAATACCATGCCGATTGGAATATCCAAGGGAGCATTCCTATGCTCGTAAAGGATGTCGACGGCGACGGCCTCAACGACTTGCTCGTCGGAGCCGGGCACGATTACGGACTTTACTGGTGGAAGCGAAAGAAGACGCCAGCCGGCGAACCGCTAGCATTCGACTCGGTCGTGATCGACAAGTCCTTTTCTCAGCCCCATGCGTTGGCATTGTGCGATCTCGATGGGGACGGCGTCGAGGATTTGATCTCCGGAAAACGCTACTTCGCCCATAATGGTGGTGACCCAGGTGGAAAAGACATGCCCGAAATCCATTCCTACCACTGGAACGGTAAGGAGTTTGTCAAGCGCGCGATCGAGCAAGGCCATATTGGGGTAGGACTCCAAATCGCGACCGGCGATCTCAACGGGGACGGCAGAGCCGATATCGCTGTCGCGGGCAAGAGCGGGACCTACATCCTCCTCAATCTCCCCCAATAAGCTCGCGTAACTTTTTCGAAAGCTTGCCCGTTTTGCCAGGTCCACCCCGGCGATCAACCTTTACGCGAGTCCTCCAGTTCCTCTATGATTGCCAAGCCACGCAGGCTGCAGCGATCCAGGAAGGACCTTCGTTGCCGACTGTTCCCTGTGTTCCAATCCATTCCAGCGAGATCCGCGGCTCTGTCGATTAACGGACGTTCAAGGCCTCAGCATGATCCAAGCTTTTCTAATCCTGACGACCTTGTTCTTGCAGGAACAAGCGATCCTGCCTAACACCTTGAGTGGCGCCCAGAACAACACGGCCGAAATCGAGCGGCTGGCGAGCTTGGTTCAGTCAGGCTGGGGAATGGACCCCTTGACCAAGAAATTTGTCTTCACCATTCAGATTCCCCCGGAATCGCTGGCCGCCTTCACGGCCGGGCGTTTCGGCAACGATCTCGGTGCCCCTATTCCGCCCGACATCCGTCCCTTCGTGGAAGAAGTCATCATTCGGATTGGAACCGGCACTCTGCCTCGAACCGCCCCGACACCGGAGATGCGGGCCGCTATCACCCGCAACGCACCGCCGATGATGACCATGCTCGACGACCGCAACTCCTTGTCCGATATCGACCCCGTCCTGCCTGCTGCAGGCCAAGGTGGTCTTGGAAATAGCGGTATGGGCAACCCAGGGTCCGGCAGTGGAAGTATTTTGCCACCTGGCATGTCCCCGAACGGCAACGACGCTCCCAGCTTGCTCGGCAACTCCGGAACGAGGCAGCCCAGCCCACTTCCTCCCGTGACCAATAGTGGCATCGTCCCTCCGAGCGGCCTGGCCCTCTCCGGTGCGCCGACCGGCAATGGTTCCACCTTCCAGAACCCGACCTCACCCAATCCAGCAATGCCGAATCCATCGTCTACGAACATGGGTCGAACGGATGGCTTTCGCGCCGATTCCAATGCGGGTTCTATGCTGGGTCGCCTCACAGGCGGCACACAACCTCTTCCCTCCACAAATCCGACAACCGGTGCAGGAAGCCTGAGCCCCCCCTACGCCAGCTCCAGTCCCGCCGTCCCGCATGTTGCGTCCAATCCGCTTCCAAACCAAAACGGGACGAACTACGGTGCACCCGTTGGTTACAACCAGCCCAACACCCCCAGCAGCAATCCGGGCGCATCGCAAGGTTATGGATTGCCGCTCCTCCAGCCTGCTCCTTACGATCCCCGGTTGGCGTCCGCAGTTCCCGCTCCTTTATCGAATCCGGCGGGCACTGGACTTCCACCTAACCCTGCCGCCCAAAACTTAGGAAATCCAAACGCGGGAAACCTCCCCAATGCGAATGGGATCCCCTCGAGTGTTTTGTCTCCTGCAGATACTCAACCAGGCGTGACCTTTGATAAATTGCTTCCCCTGATCACTTTGATGTTGCTCGTGATCAACATCTATCAATTCTTTTGGATGGCGCATGTACGCACCCGGTACAAAGAGATGGTGATTAGCAAACGGACGGCGCAACTGAATCTGTCGAACACGTGATGGATCGACCTAGCAGCGAAAGATCAGCATGAAGCTGAAATCTCTCCTATGGACCTTGGGACTCAAACCCTCCATACGGAAGTATGGTTCGGAGCGACTCGAATTCCAGCTGGAACGGGAAGGACCTATCTCGTTCGAACGGTGGTTGCACCCTAAGGATCGCTTCGTCCCCTTTCGGCAATCCTATATCGACCGCCTTCGGGATTACATCAAGCCTGGGGACGCAATTCTCGATATCGGCGCCCATTGCGGTGATTTCACCGTTCCCCTTGCTCTCGCCGCTGGCCCTGAGGGAATTGTCTTCGCTTGGGAGCCCAACCCATACGTCTACGAAATTCTCGAGAAGAACGCTTCCCTCAATCGGCATGCGACGCGCATCGTGCCTGTTCAAGCCGCCGCGGCGCCG
NZ_CP011272.1_gap75	3167783	3172516	4733	CAGGATGGTGTCCGCATCGACGACGATTTGGTGGCTCGGTTGGCCCTTGATGTGCGCGACAAAGCCGACACCACATGAATCCTTCTCGAGTTCAGGATCGTAGAGACCATTCTTTTCTGGGAAGCCAAAAGGTGCGTTCATGTGTCGTGTGCCTATCTAGTGGAAAGAGTGGTTCGAGGTGAGTCACCGCCATCCAAGGAGAGCAGTGATAAGGGGTGGCGGTTCATTGCGAGTTCGCCCGACGCATGAATCAAGAAGCTTGCGCCCGAGCATCCGCCGTTACATCGGTTGAATCATCCTGATCCCACACCCGATTCTTCATGACCAAGTCCATGAAATTGCGGGCCGCTCGACTCATCGACACATCCCGTCGCTGGATAATTCCAAGCGGTCGAGTCAGTTCGAGCCCCTCGCATTCGATCATCGTCAGCGACCCTGCAGCAAGCTCGCTGGCAACCGTAAGTTTCGGTAGAAATGCAACACCGCTGTTCACAATAGCGGCATGCTTTACCGAATCGATATTATCCAATTCAACCACCACGCGCATCGTCACGCCGAGAGCCCGAAGCTCTTTGTCGATCTCTTGACGGATACGCAGGTTGCTCGCAAAGGCGACCAAGCCAACCTGAGAGAGCGCCTGCGGGGAAATCTTCCCCATCGACGCCAATCGGTGACGAGGTGACGCGACCAATACCATCGGCTCATGGCGCCACAACGTCGTTTGCAACGTCGCATGATTGACATCGGGATAACTCACCATCCCAAAGTCAACCGTTCCCTGCTCGACCATCCGATAAACCTCGTGCGGGTGAGCCAATTGGTAGGCGAACGTCGCGGAGGGAAACGCCTTCTCGAATCGCTCCTCCAAAACCGGGAGATAGCTCAATCCCATCGAATAAATCGACGCGACCACGACGTGCCCCGTCACTTCGCCCGAATCGCTTCCTCCCAAACGGACTTCGTCCACCAAGGCATCGAACTGGCGAAGCACGCCGGCAAGTCCGTCGTAGAACTTCTGCCCCTCGGCCGTTAATACAAAAGGTCGCTTGGAGCGGTCGATCAACCGCACGGATAAAAAGTCCTCCAAATGCTGAACGCTTTGACTCGCAGCGCTCTGCGTCATCCCATGTTCGACCGCGGCGTGTGAGAAGCTACGCTTACGCACCACGTCGTAAAACACTTTCAAGGAGCGAATGTGGACTGCCCCATGCGTGCTAGCGGCTCTTCTATTATTTTTGTTAATGGCAAAACTCCTCTATTAACAACCACGATCGGAGTTTATCGCCATCACGCATGACCGTCAAGAATTAAAATTAAGAACTTTTACTCTCGACAAATGGTATTAGATTTACAAATAACAATGAGCCAACTATCAGCTTCAGCGCGAAATGGAACTGTTTCCTTTCGTTACAGCCAGGCCAGGGGAATTTCGGCCCCTTTAACTTTTGCGTTCGAACGGACAAGTGGGTGCAAATCCCGGTTTACGCTTCGGTCCGTACTCACGAAAATTCCCATTTTCTTCATCGCCCTGCTATTCTATTTTGGCCGTGTGGGAACTTTTTCCGGCTGTGCACACTCGGAGGAGTTGAACTACTCAATCTCCTTGGTGAAATCATGAATCCTCAACCTCCAGACAACCACGAACTGCTCAGCGGCATGCTGGATGGGGAGTTGTCTGGCGCCGATGCGCGTCGGATCGAGCAAGCGATGCGCGAGGATCCGTCGCTGCATGACCGTCTCGAAGAACTCACCGCGATGCGGTCGTCTCTGTTGCGGGGGCGTCCGACCGGTAGATTATCCAAGTCTTTTGCTTCGCAGGTCGTAGCTGCTGCCCAACAGCGGGCCGCCTCCATGGACTTGGACGCGCCGCATTGGATTCCTTTATCCCACGATTCCGTCGATGCGCACGGGATCGGCGCAGGGGCGAGGGTCAAATCAGAGCTTTCGTATCGTCAACGCATGTGGATCCCGCTCGGGGCCCTCGTTTCGGCTTGCGCTATCGCCTTGTTTGCCTTCCTCACGCTCCCTAGGCCGGAGCCGCATCCGATTGCCGATCTTCCACCGTTCAGCGATCGCGTTGATCCAAACCAACCGTCCGCGCCCCTCGACACTCCCGTAGGGCCAGCAGTCCTTGACGTTCCAGCGAACGCAGTCGCCACCAATTCTGGGTCTCCGACCGTCCCCGTTCCGGCCGTTCCCATAGATAGCGAGATTTCCGCTCCTCGCGACAGCTCCTCGCTGCCCAACCGCACCGATCTGCAGATGGCGGAATCATCGGCGACACCTGCATCAGAGAAGGTGAAGGTGGAGGACGCCGAGAGGGTGAAGATCGATAGTCAGCTCGCCACCCAAAACCAATCGCCGCGGATCGACACCTCTTCGATGGCCAGCGCAGGAGCGAACAAAGAGTCGCAGACCTCGTCTTCGTCGAGCGATGCGAGCAAGGCTCCTTTTATGTTGATGGTGGTATCGGTTTCGATAGACCGCGTGGCTCGCGAGAACAACGCGTTGAACCGGATCTTGAACGAACATGGAATCGCCTCGGTGGAGGATCTTGCACTCTCTCCCGAGCAGCTCGCCGCGCTTCTATCAACGGGTATGGCAGGTTCGGTAAGCCAAAACGGTGCTGGAGTCTATTTCCTCAAGGGCTACGCCAAGAGCTTGTCGAGCGCTCTGGATGACATATGTTCTCAGTACAAGGATTTCCCGGAGTTCGGACTCAATATCGCCATGGATGATTCCGCGAAAGCATTGATCGATCAACTCGACGGCATCCAAGTCGCTGCCAACAGAGGGGTCGCAAGAAGGCTTGCTGCAGAGACTCCCGATGGCCTCGTTTCCCGTTTCGCTCCTGGCGCTAAGCGTTCTGCACCGCTGTCGGACAAGCGACGCGAAGAGTTCCGCTCACAGGCTGCACTGCCAAAATTGGATTTAAATCCCATCTCCCATTTGCTGTTGATCGTTCGAGACGCGGAATAGGTATCGGATCGCGCTGGTGGATCGCGTTGGGGGGTGGGATCGCGAGGAAACCGAGCCCCAGCAGCGGACCCAGGCTGTACCGAGTACTATAGTTGGGCGACTCTTTCCCTCCCAACAGGCTCTCTATGCTCGCTAGCTCCATTCCCAATGTCCCCCTCCTACAGCCTTGGGATCGTTGGACCAATCGCTACCTCACCCATCTCGACCCCAAGCGATGCGGTCACTTCTTTACCGACGTCCTCATCATTGGAGGAGGATTGGCCGGCCTGCGGGCAGCTCACGAAATCGATCCCGATCTTCGAACTCTCATCCTCACCAAAGACAAGCTGGAGGAATCCAACAGCACTTACGCACAAGGCGGAATCGCCAGCGTATGGGATCCCGAAGATCGCTTCGATAACCACGTACAAGACACATTGATAGCGGGCGGCGATTTATGCGAACCGCAGGTTGTCGAGACCGTCGTTCGAGAAGCGCCGGATCGCGTGGCCGAATTGATTCGATGGGGAACTCGGTTTGACCAGCACGACGGGCAAATCGTTTTAGGACGCGAGGGAGGGCACTCCCACCAGCGAATCCTCCACGCGCTCGGGGATGCGACGGGCAAAGAAATCATGCGAGCCATGATCGCTCACACCCAGGAACGGCCAAACACGGAGATTTGCGAAGAGACCTTCACCATCGATTTGCTCACCTACGAAGGTCGCTGTCATGGGGCGGTCGCGTCCACGCGAGGTGGCAAGCCCTTTCTCATCTGGGCAAAAGAAACCGTTCTCTGCACCGGAGGGTGCGGCCAAGTGTTCCGAGAGTCGACCAATCCTCGCGTTGCGACTGGGGATGGTCACGCCCTCGCCTTTCGGGCCGGGGCGGTCATGCGAGACATGGAGTTCATGCAGTTTCACCCCACCGTTCTTTATATCGCAGGAAGCTCGCGCACTTTGATCACCGAAGCGATCCGAGGCGACGGCGCGTACTTGATCGATTCGCAGGGATACCGTTTCATGGGGGATTACGATCCACGCTTGGAATTAGCCCCCCGCGATGTCGTAAGCCAAGCGATTGTGAGTCAGATGGAAAAAACACAATCTTCGTGCGTCTACCTCACCATGAAACACCTTGATCCCCGGCATGTTCGGGCGCGATTCCCGGGGATCGCCAAGGTCTGCGAAGGGTTTGGATTGGACATCGCCGTCGACGCGATCCCGGTGAGACCGGGTGCCCATTACATGATTGGGGGATGCGAAGTCGATACGCAGGCGCGAACATCCCTCCCGGGACTGTGGGCAGCCGGGGAAGTCACCAGCAGTGGATTGCATGGCGCCAATCGCCTTGCTTCCAACAGCCTCCTCGAGGGGCTGGTATACGGCGCGATCGCGGGGCGGAATGCGTCGCAGGGCGCAAAAGAGAATCATTCAAGCGAGCTTCGAGTGCTCCCCGTGGAGTCTCTCGGACAAAGCCGGTTCGACGGGACCTTTGATCTGGGCGATATTCGAAACGCGGTCCGTTCGGTCATGTGGCGCAATGTGGGCGTCCGCCGGCGCGAATCCCAACTCACCGAAACGATCAGCGCATTGCAGCAATATTGCAGCTATGTGCTCTCGAACGATTTGGCTAGTGTCGAAGGTTGGGAGCTCCAAAACATCTTGACCGTCAGTTTGCAGATGGCGATTGCTGCGCAAGCTCGACAGGAGTCGCGAGGGGTTCATTTTCGAAGCGATTACCCGCATATGGACAACACCCATTGGCGGAAACAT
NZ_CP011272.1_gap76	3178420	3180835	2415	CAAAGGACTTCGCCCCGTTCCAGCCCTCGATTGGTGCGCGCGATCACCATTCTGCCGCGAGGATGCTCACTCTTCGAGCTCATCACGAACAGCGTTCTCATACGACCGCATCGAACAACAAAGCGTGACATGGACACCTGGAAAAGGAGAATGAGAGGAGACGAACAAGGTTCGGACGGGGCCGATTGTACCCAATCGATCCCGGCTGGGTGTAGACGAAACGGCCAGGGAAACACTTCGTCGTTGATCATTCCTCCCTCGCGAGTTACCCTAGAGGGTTCGTTGCAGCGAGTCTTTCCCCAAAGTAAAAGCAAATCCATGAATAAACTGACGGCAACTCTGTTTGCATCCTTCGCCTTGGCATGTTCGGTCACTCAAGCCCAAACGCCATCTGCCGATGCCTCGCTAGGTATCAGCAAGACGAAACCGGCATCGGGGCCCTTTGTCGAATTCGAGGGCGTTTACATGGTTCCCTACGTCCATACCATCGAGCGATCCAATATCTCGTTTGAGATGATCCCGATCCCAGGCGGAGAAGTGATCGTAGGATCTCCCGCTGCGGAGGAAGGTCGCACGGAAGACGAAGGCCCGCAATTCACCGTTCAAGTTCCCCCGTTTTGGATGGCCAAAACCGAGCTGACGTGGGGTGAATACAAGACCTTCATGCGGAACTACGATTTGTTCAAGCGGCTTCGAGCCGAAAATATCCGGCTCGTCGACGAATCGAACAAAGCGGATGCCGTCACGGTCCCCACCCCTCTCTACGACCCGAGCCACACGTACGAACATGGAGAGGATAATCTCCAACCGGCGGTCACCATGACCCAATTCGCGGCGAAGCAATACACCAAATGGCTCAGCGGCATCACCAAAGTCCAATACCGGCTCCCCACCGAAGCGGAATGGGAGTATGCCGCCCGCGCCGGTTCGAAGACCGCGTACTCTTTCGGAAACGACGCAACGGAGCTGGAGAAATACGCTACCTTCACCGATAACGCATCGAACGGTGCATCCAAAGTCGGCACCAAATTACCAAACGCATTCGGCCTTCACGATATGCACGGCAACGTATGGGAGTGGACCATCGATCAATTCACACCCGATGGATACGGCGATCGCGGTGGCAAGAAGCTGTCTTGGCAAGATTCCATCGGTTGGCCAACCCAGCCCGACTCGCGAGCCGCGCGGGGGGGTGGATGGGAAGATTCTGCCGAGCGTCTCCGTTCTGCCGCACGCTTGGGTTCGGTCGATGAAGACTGGAAATCCGAAGATCCGAACGTTCCGCTGAGTCCTTGGTGGTACACCAGCGACCCGGCTCGCATGGTAGGCATGCGTTTGGTCCGCTCGGCCAAGGATCTGCCGAAGGAAGTGATCGGTCGGTTCTGGGACGCGGACAATGAGGGTATCGACGAAGACGTTCAATTCCGGCTTCGAGAGGGGCGAGGTGCCATTGGTCTGCCCGTACCCGAACTCATTCCTGAGTTCCAGAAGAGGCAGTAACGCATGGTTCGGTTTCGCGACTGGGCCCAGCTAGTTCGCATTCCCAATACCCTGACCGCATGCGCCGACGCGCTGGCGGGATTCTCGATTGTCGCAGGCGTATGGCATATTGCCGATGCGCCGCGATTGCTCCTGATCTCCCTCGCCTCGATCGCTCTCTATTGGTCGGGAATGGTCCTCAACGATGTCAACGACATCGCGAAGGACAAACAGGAGGGGCGGAAAGGCCCCTTGGTCGACGATCGGATCTCCTGGGGTACGGCGCGGCATGCAGGATGGGGACTACTAATTGGTGGCGTCCTCCTCGCGACCGCATCAGGATTCGCAACAACCGGATGGACCGAAGAGAAGAGCCTTCATTCGGAACCTTGGCGCGGGTTCTACCCTGCGGTCGGCTCGATTCTCCTGGCGATTTGCATCGTGCTGTACGATAGCCCTCTCAAGAGCACATTCATCGGTCCTTGGATCATGGGCCTCTGTCGGGCTTGCAATCTGATGACAGGAATGGCTTTGGGATGCACGGTCGTACCGGCGACATCCGCCGCCCTTTCTTCGCTCGGCCACGCCGCCTGGATGCTCCCCCTCGGACACGGTTTGTTTGTCGTAGGCTTGACGTTGGCGGCTCGAAAGGAAGCGAAGCTCTTTCAATCCAAACCACTTTTGGCAGCCAGTTGGTCGCTGAGCGTGCTCGGCCTCGCGATCCTCGCCCTCGCACCCTTGCAGGTCGATGCAAGAACTTTTTTGAGGTTGGAACCAGCGACCGGATTTCCGATTTTGATCGCGCTCCTCGCAGCACCTTGGTTTCTAAGAGCCGTGCGTTCGGTGCGCGCGGGAACGGTGCCTTCGCTGGTCGCTGCGATCAAACAAGCGATCCTCACGATCTTGTTTTTGGATGCAGCGATCACACTCCAATTC
NZ_CP011272.1_gap77	3304542	3306218	1676	GGTTCAGTGGAAGACTCCCTTCATCAGCGGTAAGGATAGTCTCAACAACGAGTTCTCCTTTACCGACGAATCGGGTATCAAAAAGACGATTGCCATCCCGTGCTCGCTCCTCATCAGCGCTATGGGACAGATCGAGAATTGCCAACAAGCCATCACGATGGACTTGAAAAAAGTCGGAAACGCCATCTACCTCGTCGGCGTCACGCGCGAGGAACTCGCCGGTTCTCAGGTGGCGCGATCCCTCGGGCTAGAGGGCGGTAAAGTTCCCGAGGTGGATGCGGTGCTCGCGATGCGACTCTACCAAGGAATCCACCAAGCGATTCGAAACAAACAAATCGTCTCTTGCCACGACTTGAGCGAAGGTGGATTGGCGGTCTCGCTCGCGGAAATGGCATTCGCAGGGGAACTCGGTGTCTCCACCGATCTCACCGCGATGCGACAAGCCTGTTTTGTGAGTGTGGAAACGGCATTGTTCTCCGAATCCAACAGCCGATTGCTGTGCGAAGTTCCCGAGGATTGCACCGCTGCTTTCGAATCCGCCTTCGAAGGCCTGCCCGTTTATCGACTGGGAACCGTCGAACCGCATGATCGGGTCACCGTATCGTCCGACGGAAAAACACTCCTCGATCTCCCTTGGAAACAGCTTCGGGACCGATGGCTCGCGCCACTCGATTGGCAATAGCACGCGAGGGGAACGAACATGTCGATGCACCCGACTCGGTCAACTACGATCTGGACCAATGCAAGCTTCCCTGCACCCGTGGAAAAATTCTTGCGGGATGCGCTGGGTTCCCATCGCCTGATCGTCGCGAACCAGACCAGCAGCTCGAATTTAGTTGGCAGCCCTGCAGATCCTGCACTAGCCGAGGCTCAGATCGCATTCGGTCAACCCGATGCGCAACAGCTGCTGCAATTGCCCCAAATCCGATGGGTTCATTTAACATCCGCAGGATACACGGCCTACGATCGAGAGGATTTGAGAGAAGCATTCCGAGCCCGCAATGCTTCACTAACCACCAGTTCCGGCGTTTACGACGAACCGTGCGCGGAACATGTTTTTTCCATGATGATGAGCCTCGCTCGCCAATTGCCCGCATGCCTCGACGAACAGCGCACCAACCGAGCTTGGTCGGCCGCCCCAATCCGGCGAAATAGCTTCCTGCTCCGAGGCCAGAAAGCCATCCTGTTCGGTTACGGAGAAATTGCCAAACGGCTCGTCGAGCTCCTCGCCCCCTTTGAAATGGAAATCGTCGGGGTGCGTCGCAAGCCGAAAGGGAACGAATCCATCCCCATCCTGTCGCATGAACAAGCGGACAAGTGGCTGGGAAACGCCGATCATGTGATCAACATTCTTCCTGCGAACCCGAGCACCCAAGGCTACTTCGATCGAAACCGTCTGGCTCGATTGAGCCCTGGAGCCATCTTCTACAACATCGGACGCGGAAACACGGTCGATCAAGAGGCACTGGTCGACCTGCTCAATGGCTCCCACCTAGCAGCCGCTTATCTGGATGTCACCACGCCGGAACCACTCCCCGCGGAGCATCCCCTCTGGACCGCGCGAAATTGTTTTATCACACCCCACTCCGCCGGGGGCTTTCGGGAGGAAATGGAGGGTTTGGTGAGACACTTCCTCGAAAACCTAGCTCGATTCGAACAGAACGAGCCCTTGAAGA
NZ_CP011272.1_gap78	3313643	3316812	3169	AGTCGCTTTCTCATGCCGCGAGCCCGCACAGTCGGTAGACGACTCACGACGGCTTGGGAAGCCGCGTTCCCTAGTTCCGTCGATCGCGAAACTCTCCAGCGGTATCTCATTTCGCTCGACGGCGATATCCAAATGGAAATCGAACGAGCTCAAACCGCGAATCAGCTAGATCAGGCTTCGCGCTGGAACTGGCTTCGCGCAGGCTTCGCAACCCTTCGCATCCCCCAAGCGGAAGTGAGATGGCCTCCCGCCGAGGCGATCCTCACTCCCCGCCGAGTTCGCGCTTCGTCCAAAGGATCTCATCCCATCACCGGTTGGCCCGCATCGGCTTACCAATTGATTCAAACACCCCACTTCGATATCGCCTTCCAGGGCCGAAGCCAAAATGGAGCCGAAGTCGCCGAGTACTGTGAGCTCGCCTTTGCGTTGTGGCGACAAATGTTTTTCGAATACGCCCGATCGAATGAACAAACGGGCGCACCGAATCTCTCGTCGCGAGAACGCCCCTTTCAAGTCGTCATTTTCCGATCTAGAGATGCTTATTTGAGCGCCCTCGCGAGCAGCGTTCGCAACGTGGCTCTTTCCAACGGCTACTACAATCCATCGCAATCGGTTTCGTTGTTTTACCTTGAGGGACCGAGAAATTTCTCGACCCTCGTTCATGAACTTACCCACCAATTTTTCTCAGAAGCTTCGGGGCAACCTGTTGTTTTTGATTCGGACCAAACACCCGGTTTTTGGGCGGTCGAAGGAGTGGCTTTGTTCATGGAGTCTCTTTCAGCGCTGGATCTCGGGACAGCGTTTCTCATCGATATCGGCGGTTGGGATTCCAATCGATTGCAGGCGGGTCGATATCGATTGTTGCACGATCAAATCTGGTTTCCCTGGCAAGAATTTGGAAATGCGAATGGATTAGCGTTTCGCGATGCTCGGGACTTGCCTAAGCGATATAGCCAAGCCTGCGGACTGGCTCACTTTTGGATGGAGCAGGGCGAATCGTCCATCGGATTCCGGGAACATTTGGCGAGGCTTTACCATCGCGGGGACGCCCAGAGTTGGTCGCCCGGAAGCGACGAGGAACTGACGAAGAACTACGCCACCTATTTGCAGAAGAGCCCATTTCTCGAGGAAGATTATCTCCCTCACACCGATCGCAACGAATTGGTCTTGAGCCGCTCACCCGTGACGGCCGATTGGTTGCTGAAATGTCTCGGTGGGAGAACCCAATGGAACTCGATCGATCTCTCGTTCACCCAGATCGACGATGCCGCATGGCTCGCCCCTGACACGACATGGGATCTCGTCCGATTGAATGTCGAATCAACCGCCATCAGCAATGGTGCGCTGTCCGGGATCGCCAAAATGCCTCGGCTTCAAGAATTGGATCTGTCCCATTGCAAAATCGATAGCGACGGAATGGAGTCGCTCCGGAATCACCCGCAGCTCCAGACCCTTTGGATCGCGGGGACTGCGGTCGATGATCGAGCGCTCAGCGCGCTGCGTGAGATCCCAAAGTTGGCGGCGTTGCATGCTGCCGGGAGTCGCATATCTGCCTCAGCGTGGAATCAGCTGATGCAAGCGATACCGAGACTTAAGAAGAACTCGACGGCACCTTGAACTCGTCCAGAGATGCTTTCTGAATCTGTGCAGACTGCGTAAAGAGCTCTACTTGGTACTTCATCAAATCGATTTCCGCCGCGAGTTGACCCAATCGGTTCTTTCGCGCGGACGTTTCAATTTGAACAGCCGATTGATGGATCAATTCGATCCCCAACCGCTTCGCCGACGACTTCAATCGGTAGGCGACGCTGGCGACGGTGAGCGAATCCTCGCGGTGGACTTGACGCTCGAGTACCTCCATGTCGTGCTGCAAGGTCTCGACAAAACCTTCTATTTCGTGCAGCGCAGATTCGATGTCTCCCTGATGTCGCTCGATGAGCGAATCGAACTCAGAGAATGTGGTTCGTTGTTTGGACACGATGCTTGTTACCGACAACTGATTACCCGATGAAGTGAGTGGTGTTGCCTACCTCCGCATCGGGCCTGCAGGGAGACCCGCAAACGTAGGTTTGCAATCGCGATCGAAGGAAGTTTTCTGGCGACAGATCGGAAAGTCGCCGAGGGAGAGGCCGCACAATCCACAAAGTCAAACCAAACCGAAAAGGAGATCACACCATTACCTAGCCTCGGCCCCCGTTCGTTTCTTGGTCAAATCGTTTAGAAACGGCTGGGCAGATAACGGAACTCCGTTGGCCCTCTGCATCAGTTCATGCGGCAGGTACGAGCGTCCGTGGACATGTACTTTTTCACGCAACCACGCGAGAAGGGGCTGGAACTCGCCTCGCGCGAACATCGATTCCAGATCTCCCAAATCTCGGGCAGCAGATTCCATCAATTGCGCCGCGTACAGGTTCCCCAATGCGTAGGTTGGAAAGTAACCGATGAGCCCGGCCGACCAATGAACATCCTGCAATACCCCTTCGCCGTCGTGGGAAGGCTCGATGCCCAAGTACTCGCGGTACCGGTCTCGCCACAAACTCGGCAGCTCCTCCACCGGCAAACTCTCGTCTATCAACCGCTTCTCGATTTCAAAGCGAATAAAGATGTGAAGGTTGTAGGTCGCCTCGTCCGCTTCGATGCGAATCAAACTCCGTTCGACACGCCGAAGGTCCGCGAGGATCTGATCGATCGATACTTGCGACAACCCGGGTAAATAGCGGATCGCTTCGGGATAAAGCCACGTCCAAAAGCCTCGCGAACGTCCGACCAAATTCTCCCAAAGACGGGACTGCGACTCGTGGACTCCGAGCGATGCAGCAGCTCCAGCGGGGAGCCCATGCATTGCGACGGGCAAGCCCTGTTCGTACATCCCATGTCCCGCTTCGTGCAGGACGCCATAGAGCCCACTGCTGTACGAATCCACATGGTATCGGGTCAAGATGCGGTGATCATGCGGGCCCAGCGTTGTGCAGAACGGATGCTCCGTCTCATCGAGCCGACCTCGATCAAAGTCAAAGCCGATCTTCTCGGCCACCCAACGGGATAATGCTCTCTGACCGTCGATTGGAAAATCGGCCGCGATCGCCAAGTGACTCGGATGCCTGGCTTCTCTTTCCAAAGCCTCGCGGACAAGTGGGATCAAGGACGCGCTCAGCTCCGTGAACACCTT
NZ_CP011272.1_gap79	3325544	3329956	4412	AGAACTGCAAAACCTGGTGACCCTTCCCGATCAAAAGGATCAGCGGTTCAAAATCCTCTCGTTGCTTACCCGACTTCGCCAGTTCGCCTGCCATCCTGGTATCGTGAACAAGAAATGGGATCGTTCTTCGGCCAAACTGGACCAACTCTGCGAGACGCTCACCAATTTGCGAGAAGAAGGTCACCGTGCACTCGTCTTTAGCCAATTCACCGAACACCTTGGCCTCATCCGCAAAGCGCTCGACGAGCAAGGCATTTCGTACGAATACCTTGACGGTTCGACTCCCGCCGCCGAACGGCAACGTCTCGTGGATGCCTTCCAAAACGGTAATAGCACGGCCTTTTTGATCTCCCTCAAAGCTGGGGGGACAGGTCTCAATCTGACGGCTGCCGACTACGTCATTCACATGGATCCATGGTGGAACCCAGCGGTCGAGGATCAAGCGACGGATCGGGCGCATCGATTCGGACAAGACAAACCGGTCATGGTCTATCGCATCGTCGCAAAGGATACGATCGAAGAAGAAATCCTCGCGATGCACGACACCAAAAGAGACTTGGTCGAAAGCGTTCTTGACGGTACTGGGGCTGCAGGCAAACTCTCCACCCAAGACCTCGTATCCCTGATCCAAGGGAATGGATGACCGAACCTCGATGGAGCCAATCGATCACCAAAACGTCCTCGTTCTGAATGTGGGGAGCACCTCGCTCAAATATGCGGTCGTCGAGCCGCTATCGGGTAATAAAACGCAACGAGGACTGGTCGACCGGATCGGTCAGCAGGATGGAGAAGCTCCGAATTACGAGGCAGCCATCGAACAGATGTTAGCTCAAGTCGATTTCCGATCCATTGGCTCGATCGGGCATCGCGTAGTGCACGGGGGCTCTTTCTTCCCTGCTACAACGCGCGTCACCTCCGACGCCATCGCGGCATTACGACTCCTGGATCCTCTTGCTCCGCTCCACAACCCTCCGGCTAGGCAAGTCATCGAGTGGATGTGGAATCGATTTCCATCTCTACCTGCGGCAATGGTCTTCGATACCGCTTACTTTGCAAAGCTTCCAGAGATGGCGACTCGCTACGCCGTCCCAGACAATTGGTACCGCGAATACGGAATTCGACGCTACGGAGCGCATGGCACATCGCATGAGTTCGCGATCCAACGCGCGCTAGAAACGATGCAGAGGGAGCTCCCTACGGCGATAGGCCCTCGCCGTATCCTTTCGTTGCACCTAGGTGGCGGCTCGAGCATTACCGCGTCGCTGGATGGCGTTCCTATCGATACCTCGATGGGTTTTACTCCGCTGGAAGGGATCGCGATGGGGACCCGAAGCGGGGACATCGATCCCGGCGCGATCTTCTACATGCAGAGGCAACCAGGCTGGAATCCTGACAAGGTCGAGTCGGCACTTCTTCGCGACAGCGGCATGCGAGGACTCTGCGGAGACTCGGACATGCGAACGATCGAAGCGCGCGCAGATGCGGGCGATCCCAACGCGACCCTGGCTATCGACCACTATGTCCGCCGCATTCAAAAGTGCATGGGGGGATATGCCGTGCTGATGGGAGGGATCGATGCGATCGTCTTCACGGCGGGCATCGGTGAGAACTCTCCCCGCATTCGCCGCTCGGTCATGGATCGGTTTCGGTGGCTTGGGTTCGAGCTGGACGAGAAACAGAATGTTGCACCGAACTGGCGAGAAGGAATTGCTAGATTGACCCCTCGAAATCGGTCGCAATCGGTGTTTGCCATTCGCACCGACGAAGAATGGGCGATCGGCCGCAGTGCGATGTCTGTTGGTCGCGTTACCTAAATCTCCCAGACATTCCTGCGATGAAGTAGTGGAACCATGGTGCTGTGGCGATCCGACTATCGATCGATGGGTGAGGGCTAAGTCCTCGGAGATCTCATTCGATTCGCCAATAAAAAAACCTCAGCCGTTTGCAAAGCAAACGGCTGAGGTTGGAATTTGCTAATTCGACCTTCGATGGAGTTAGTCGAGGAAGCCGACGAGTTCTTGCGAACGGCTGGGCTGTTGCAACTTGCGAACCGCTTTGGCTTCAATTTGACGGATACGTTCTCGCGTCACTTTGAAGATGTGTCCGACTTCTTCGAGCGTGTAGCTGTAGCCATCGCCTAGACCGTATCGAAGCTTGATGATCTCGCGTTCACGGTAACTCAGGGTCTTGAGGACCGAGTTGATTCGCAATCGCAACATCTCTTGCCCCGCGCCGATCGCTGGGCTTTCGGCTGTGCCGTCTGGGAGCAAGTCCCCGAATTGGCTGTCTTCGCTATTGCCAACCGGTCGATCGAGCGAAATGGGGTATCGGCTCATCGCCAACACACGTCGCGCTTCTTCGATCGTTGTTTCGGCCCGTCGTGCTGTTTCTTCGAGGGTCGGTTCGCGGCCAAGCTCCTGCAGCAATTGGCGGGAAACATTGCGAACGCGGGACATGGTTTCCACCATGTGAACCGGAATTCGAATGGTTCGGCTTTGATCCGCTACGGCGCGCGTGATCGCCTGCCGGATCCACCAAGTCGCATACGTACAGAACTTAAAGCCCCGTCGATACTCGAACTTGTCCACCGCTCGCATCAAACCTGCGTTTCCTTCTTGGATCAGATCCAAGAAGCTGAGACCGCGGTTTCGATACTTCTTCGCGATAGAGACGACGAGCCGCAGATTGCCTTCGCTAAGCTGCTTCTTCGCTCGCTGGTACTCGGTGAAGACCTTTTTCACCATCGCGACGCGGTTGCGAAGCGAGGATGGAGTCTCCTGGGTTGCAACCAAAATCTGGCGGTACTCTCGCTTCAGCTGCGCCACCTGAGAAGGTGCCACTTGGTGCGATTTGAGGGTCGCCAAATCATGGAGGATTTCATCGACGCGTTGGCTCAAACGTTCGAGAACGCTGATCATCGCTTCGATGCGCTGCGTGCGCAGCCCTAGTTCTTCAATAAGACGGACCGCTTTCCGCCGGCGTCTCGCCAGGGATTGCCAAGCCTCCAAACGCTTCCTTTCCGGAACACTCTTGCTCAGAGCATTGCGGTAATCGCGACGGTTCCTCTTGAGAAGGACATCGAGCGTTTTAAGGTTGTGCGGCAACCGTCCCAAAATCTGGTCTTTTTCAAGCCGGTCGGTGACCGAGACTTGGACCGTGCGATCGAATGGCAGTTCGCCAGTATGAACACGCTTGAGAATCTTGAAGGCATACTGGACCACATAATCGCACTCGAGCAGCTTGGTGCGGAATCGTCGTCGGGTGACTTCGATTTTCTTCGCCAGCCGGATCTCTTCTTGACGGGTCAACAACGGGATCTCTCCCATCTGCGTCAAATACATCCGAACCGGGTCGTCCGACCAAGTTTCGATTTCGTCCATTCCGGAGAGCAAATCATCATCGCTCTCCAATTGGACTTGGTCCTCTGGTACTACGACATCGACAACCGTATCGCCCAGATCATCACCTTCCTCCTCAAGCGACAGCTTGCGAAGACCATCCAAGTCGTCAGCGCTGCGAGGCAAATCATCATCGAAATCCAACAGGCCGTCGAACAAGGTTAAAGCTCCTGAAACCACGAATTGAATGGAGGATCGGAGTGCCCGTAGTCAGCATGGTCCGAGAACCTAAAACGCGTCTTGTTTTGGCAATCCCCGCAGTCCGGAAACGAGACAATCGGCATTTTTTGCCCAAATCCCACTCCCCAACCCACGCGGATCAACCCACCTGCGCGCCCAGATTCTCATCCCCTGCCTGAGCGAGGCAAGGGAAGTGTAGCACCTAACTGAATGCGAACCCCTCTCCGAATATAATTGGTAAATATTTACGAATAGGAAAAAAATCCGGCGATCCTCGCCCTGCGTCGATACCTCGCCTCAAATACGCGAGACCGTACACACCCCCTCATCCTCCCCAGAATCAAACGCTCTCGCAAAACCCTGCGAAGCGGTATCTCCAAATCATCTCTTTATTGGATTGGATCAATTCAAGGATCGAGCGGCTGGACCGCACGAGGAACTGGAACACGACCGATTGCATCCATGGCTATCACTGCCGCCAGCGAATACTGCCTACCTTAGGTCAGAAAAGAGAACAAGGCATCATTTGCCAGCATTCCTTTTGCAACCTAGAGTGGACTGCTAAAGAGGCGCTACGCCCCTCGCAAGTTCACTCTTACCCATGCGCTGATCGACGGTCGTGTTCTTTGTTTTGCCAACCTAAGATAGGAAAACGGTTGGAGCTTTAGTTGACTCGAACAATTCAGCGGTGGGATCGTTTAGCAGGTCGCTCGAAAAAAGACTTCAGCTAGACGCCTCCACCTCTTGTCGCAACAGCACTCTTATTTTAACTGCACCCTCTGCTCGGTCCAGTGATTGGGTGAAGACTTTATCGGAATGGAGCAAGTCGCGGAA
NZ_CP011272.1_gap80	3344108	3348602	4494	TCCAGATAAAACACCCCCGCCTTGGCCGTCGCGTTTGGAGTCAATCGCAACCGCCCGAGCGCCTTACCCATTACGCGGATACTATCGGAGCTGACCGATTCGAAGTCGGAAAAGACCCCCACGCGAACCCCGAGTTCCACCCCGAGCGTTTGGAGGGGATTCGTATCCCAACCGGCGTCGAGAAACCCGCTGAAGGCCTTGCTCGGCAAATCGCTACCCGGAACGCTCGGACCGTCCCAAAGGTGGTGCGAGTAGGAAGGGATGATATAGAGGGACCGGGTACTATTTAAGAAATTGGGGATCCCGAATACCAAAGAAACATCGGTGTCGTTGCTTTCGATCGAATTCGCGTCGCTGTTGCTGAACCCGTTGGTTCCGCTGAGCCACGTGTGACGGAAGCGAGCCCCTTGAAAGAGCCGCACGACTTGGTTCGAGCCATAGTTCACGTTGGAAGAGGTGTTATTCCAGAAATTGTTCCACCATCCTGAACCTTGCGGTGCACCGAACGGGCTATTGAAATTCCAGTTGGTATTGAGGGGAGGGTTATTCGTTCCGGGAAACAACACGTTGGGGGTCGTGTTGGGATAGACATTCGAAGGGTAGCCGTTGGGGTAGACGCCAGGGGTGGTTCCCCACGGGTTCGTCGTCGGCAATCCCGTTCCGGCAGTTGGGTTCGGATAGTTGGGATAGACCCCCGGGTTAGCGGGCCCGAGTGGAATGACGGGAGCGGAGGTGTTCCAGTTGAACAGATTCCCGAGGTTCCAATTCGGCGTGTTGGAAAACATCGGTTGCGAACTGGGCCGGAAATAGGGATCGAAGCCGGTTGACGGGGTGGTAGGGAGAACGCTGGGCGGGTAGGCGCCAGCGGTGGGGGCCCCCCAGGCGGGAGCGGTTGGCGCGGGGTACCCGCCGGTTGTAGGGACTGGGTAGGTATTGTTCGGGAGCTGCACACGGGTTTGCGCAGCGGCGTTCGGAATCCCCGGGGAAAGACCGAGAATCGCAGCAATCGCGAGGATAGGAAGGTACCGAAAAACCACGCTGAAGCCAATGCTGGCAAAGGAACTAGAACGGTTGGACCCGCGGGAGCCGCACCAACGCATGCAGACGCCGAATGGACGGAATAGCCTTTTCTGTGATTTCCGGTCAAGAAAGCTTGAGGAATTCCGGCGATAATCCCGGAAAAAGCTATAAAGAATTGTCGAGAGCCGTTTGCAGCAAATTCTTGCGGACCCGCTGTTTGGCAACTATTCTTGAGGAGTGAGGGCTTCCAGTCGCCGGAGGTCCGTGTCCTCCTTTTCGACGAATCGCACATCCACAGGGCTGCTCGGCATGCGTTACCACTTCTTCTTACGTACAGCTTGCACACTGGCAATGGTTGCCATTCTCGGCAGCGCGAGCGGAACGTTGTTAGCCCAGAACAATAACAATAACAACAACAACAATAATAATAACAACAATAACAACAACAATAATAACAACGGCGCCAACGGCCTCGCAGGGATCGACATCGACGCGACCGGCGTTCTGCGCGTGATGCAGGTCGACCCTCGGGTCGCGGCCGCCCAGCGGATGGCGACGCTGCAAAGCACCCCTCCCGGGGAGCTGAAAAAGTCTCCGATGCGAAAGGTCTCGCTGAATCGTCTGGAAAAATTTGTCTCCAAGCAGCTGGATGCGGGGCAACCTCTGAACGACGAAGTTTGGAGTATCGCAGGACTGCAACGTTTGGAGTATGTCCTCTATCTTCCTGAAACCCAAGACATCGTGATCGCAGGCCCGGCGGATCAGTGGTACGCCGATGGTTCTGGACGATTTGTCGGTCTTTCCAACGGCCGCGCAACACTCCGACTCGATGATCTGATCGTCGCTTTGCGTGCCTTCGGACCCAATGGCGGGGCGACCAAGTCCATCGGTTGTTCCATCGACCCAACCCAGGAGGGGCTCAAGCGAATGAAGCAATTCCATTCGCAGTTCGGCGGCCAAGCTCCCTCGGACATCCGACCGCTTGTGGCCGGAATGAAAAATGCCTTGGGAATGCAAACCGTTACGATCAAGGGTGTTCCCAAATCGACTCACTTCGCGCGCGTTCTCGTCGAGGCAGACTATCGCATGAAGCTGATCGGGATCGGACTTCAAGACCCCATCGTCCCAATGACCACATGGATCCAGCGTTCCCGCCCCAACCCCGGTGGCAATGCCCTCCAACGCTGGTACTTTGAAGCAGATTATTCGACGGTCGCGACTAATGAAGCAGGTACCGCGATGCACTTGGCCGGTCGAGGTGTGAAGCTTTCTGGAGCGCTCGAAGGTGTTCAATCCGACGGCAAGCGAAAGGATACGGGGAAATCCGGCGATCCAGCGAGCGTCGGGTTCACCCGCGAGTTCACCGAAAAGTTTGATCTGATCGCCGACGTTACCCCCGTTTTCCACGAAATGCGCAACTTGTTCGACATGAGCATCGCCGCAGCCTTCATCCAAGATCGCAATCTGTACGAAAAGGCGAGTTGGAACCTAGGGATCTTTGGCAATGAGAATCAATTCGCAGTCAGCACCGGGACGGAAGTCACCCAAGTCGAGACAGCCATCAATGCGATTTGGAAGGAATCCCAGTTGATGACTCCAATCGGGGGCGGTGTCCACATCGCCGCACGAAAGCTTGTAAACCCCTCCACTGTCTCGGTCGACAAGGCCGTCGAGGAAAAAGCAGAGTCGATGGGCGCCCCTGCTGACCTGCGAGAGAATCAGTGGTGGTGGGATTGATCTCGATCCTTCCAATAGACTATCACGCAAAACGGGCGTCGAGCTGACGCCCGTTTTTTCTTTCTCGAATCCAACTGAGCCCTTCGCATGAAAGCAACCGTCTATGGCCTTCGATGGGCAGTCGTGTTGCTGTCGGCCTACTGGATTCTGTTGTTCATTGGCACCCACATCCCGCCGAATGCGGTGATGAGCCAGATTCGTGCCAATGACAAATTCTTGCACGCAGGGGCCTTCACCGGCCTCTCGTTTCTCGTCGCTTGGGCCATCCCGACCAAACGCAACCGTTGGATCAATGTTGCCGTCGCCATCGCGGTTTGCGTCGCTTATGCAGCCATCGATGAGTTGCTGCAGATACCGGTCGGTCGAACGGCTGACTGGTATGACTTTGCCGCCGATTTAATCGGGGTTGTCATGGGGATCTCGATCTATGTGCTGGGACGGGCCATGATCCTCGCCGCCGGTTGGAAAATCTTCGAGCCCGATACACCGGCTCCGTTGGATCCCGAGCTGGACGCGTAGTGAGACAGCCGGCCGAATGATCTGGCCTCCGGCAAACCGATCTGTTACAAGCCGACGGTATGCAGGAATATGCGATTCAACGATCATCCCGGAAATGCTATCGAAACAATCGTCCTCTCGAACCTGGGGAGCGATACATTTCGGCTATTGTTCAGAAGGGTAGCGAACTGGTGCGTCGAGACTTCGGCCTGGACGCTTGGTCAGGTCCGGACGCGGATACGGTCGGTTGGTGGAAGACATCCATTCCTAGCAAGAAAACGACCGGCAAGACCCTTGCTCCCCCTCGCGTACTCGTCGATACGCTGGAGGCACTGCTCGATACGGCGGGTCAAGAGTCGCTCGCTTATTTGCTCGCACTGTTGTTGGTTCGTCGCCGCGTCCTCATCGAAGTGGAATCATTCGAAGCAGCGATGCAGGAATCCGACCTCGACGAGCCGACGCACATGTCGCTTCGATTCGCTGCCGACGATCGCGTGCTGGACGTTCCGATCGTCCCGGCCGACCGCGAGCAGTCCTCAGTATTGCAAGCAAAGTTGGCGGAGTTGCTCTATGCCGAGGAATAATCTTCCAAGAAGTAGAACCGTTCTCGGCCTGCTACCGATCTGGTGGTCCATCGCCATTTTGTTCGTGTCGACGGGTGCTACTTGTCTTCCCAAACGCTCTATTCCCGAATTTCAGCCGACGCAACTCTTTCAATCTCCCCCTTCCGTGGAGCAATTGGCAGAGGTTCTCAATCGATCCAATACGATCCAATCGCTGCAATCCAATTCGGTCGCAGTCCGCGTGAACAATGAGCTCAATCTCAATGCCAACCTGACTTGGCTTCGCCCCAAGTACTTTCGAATGACGGGAACTGTCGCAGGCTTCAAAGGCTTTGACCTTGGCAGCAACAACGAGGCCTTTTGGATGAGCGTCCGAAGTGGGATGACGCCGGAACTATACTTTGCGCGACACGACCTGTTCGATGCGCAGATCAACCGACGTATTTTGCCCGTGTCCCCGATCTGGATTATCGAAGCGTTGGGAATCAACTCGCTCGACACTTATCAGATGGTGCAGGCACCTGTTACGCAAGCCGATGGGTTGTGGCAGATCACAACCTCCGTTCCTTCTCCTTCTGGGAATTATCTTCGAACCCTCGTGATCGATCCTCTATATGGTTTGACCCGTCAGGTCTTCTTGAGGGATCCATCCGGTCGATTGATTGCGAATGCGTTC
NZ_CP011272.1_gap81	3351264	3353856	2592	CACCGGCGCGGATTCGCAGAGGGATGGCCTCTTTCATGAGGCCGATGGGGGCACGATTTTTTTGGATGAGATCGGCGAACTCCCGTTACCCATGCAAGCCAAATTGCTGCGAGTCTTGGAGAGCGGTGATATCCGTCGAGTAGGCGACAACGAGGTCCATCATGTCGATGTCCGCGTCGTGTGCGCGACGCACCGAAATCTGGAGCAAATGGTCGAGGACCAAACCTTTCGAGAAGACTTGATGTTTCGTATCAATACCTTCGAAATCCATGTCCCTTCGCTACGAGAACGCTCCGAAGACGTCATGCTCCTCGCGCGACACCTCTATTTGCGTCACCATCCAGAACACGATTCCATCGATGAACTCTTTGACGACGAGACCATCGCCGCATTCAAACAGCATCCTTGGCCTGGCAATGTCCGGGAACTTGCCAATGTCGTGGAATACGCGACGATCCTTTGCGACAAACCTCCGATAGGCCTCAAACATCTCCCCAAGCATTTCTGCGATAAGCGGATGAAGCGAGAAGTCCGAGCCAGCATGCCCGCTCTCACCCTGCGAGACATGGAAGTCCTCGCGGTACAAGAGGCCATCGATCGACACAACGGGAACAAGCCCGCTGCCGCCGAAGAGCTGGGGATCAGCTTGAAAACCCTCTACAACAAACTCAACCAAGCAGAACCGGGCAGGCGGGCAGCCGTCTAGGGACATGCCTTGCCAGCAGGGGCGATTCAGAATCGCTCCGTATCCCCTGCGCACAGAGCGAGCTATGATATGGGTGTGTTTTGCCATGTTCAACAAGCCAGTGCTCATCCTCCCCATGGCTCGCTATGTTCCACTTCACTCGATGGCGGTTCCCCATTTGCTTTGTGCTTGCCACACTCTGCCTAACACTTGGTAGCAGTGTCGCAGAGGAAGAACCCGCACCCGCTTTCTATCGCGGTGTGAACCTGAATGGCCCGCCGATCACGATCGATGGAAACCTATGGGATGGAAACGACGCACCATGGTTCGATTGCGCGGATCGCGGATTTGAGAGCCAGTCCGTTCCATTAAAACCCGAGACAGATAAAGCCCGGGCGACGATGATTCGAAGCAGTCGATGGGGGGGCAATCGCGTCACATTGAACGAGCTTCCCACCGGCCGATACACGTTATTCTTGTACGTCTGGGAAGACAACAACTCGGAAACCTACAACATCTCGATCGACGGACGCGAAGTCGTCTCCCAGTACAAAAGCGGTGGCGCCGGCCATTGGGAAAAGTTAGGCCCATGGTTTATTACCCCCAAGAATGGAAGCGTCACCGTCACGAGCCGGGGAGGTGCTGCCAACTTTTCCGGCATCGAAATTTGGAAAGGAGAATTCGATGGCGTGGAAGAATCGATTTCGAATGATGATCTCGCGTTCTTTGAAAAGAGGATCCGTCCTCTCCTGGTCGAGAAGTGTTACGAATGCCACAGCAGCGATTCGGACGAGCTAGGAGGGAATCTTCTCGTCGACTCGCGGGGGACGATTCGTCGCGGCGGTTCGTTAGGACCCGCCGTCGTGCCACGCGATGAGTCAGGGAGCTTGCTCCTCCGAGCGGTCCGCTACCAAGACGACTTGCAAATGCCTCCGGACGAAAAACTTTCCGACGAACAAATCGCAGATCTTGCTCATTGGATCCGCATCGGTGCCCCTGATCCTCGCACCGTCGTGACGAAGCATACGGGCAAAAAAATCGACTTGGAGTTGGCCCGCCAATTCTGGTCGTTCCGTTCCTTAACAAAACCATCGGTACTTTCGGTGCAACATTCGGATTGGCCTATCACCGATATCGACCGTTTCGTTCTTCATTCGCTGGAGTCGCGAGAGCTAACCCCAGCGCCCCTCGCCGACAAACGAACGCTTCTGCGACGCGCCACTTACGATCTCACCGGTCTTCCACCCACGCAGTCCGAGCTCGAAACGTTTCTGGCTGACGATTCCGCCGAGGCGTTTGCGACCGTGGTCGATCGATTGCTCCAATCCCCACAATACGGAGTGCGATGGGGTAGGCATTGGCTGGACGTCGTTCGTTATTCGGATACCGCCGGAGATAATTCCGATTTCCCAATTCCGCAAATGGCGCGCTACCGCGACTGGGTGATCGATGCGTTCAACCGGGATTTGCCGTACGATGAATTCGTGCGGGATCAAATCGCGGGCGACCTTCGTGGTGGCGAGAACGAAACAGAGCGTCAGTCTCGTATCGTCGCCACCGGCTACTTGTCGAACTCGCGGCGATTCGGCTCGCGGGTCGACGACTATCCATGGCACCTGACGATCGAAGACACCATCGACAATCTCGGTCGAGCCTTTCTCGGAGTCACCATCAACTGCGCTCGCTGCCACGATCACAAATTCGACCCCATTACGACGCAAGACTATTACGGTCTCTATGGGATCTTTGCGAGTACTCGTTATCCGTGGCCTGGCATTGAACTCGATCAGAAGCAACGGGACTTCATCCCATTGGTCCCAGCCTCTGAGCTTGCAGAGACCCTGCGGAAACAGTCGGAACGAGACAAGGAGTTGGCCAAGCTCAACGAACGAGCCCGGCAACGGAAA
NZ_CP011272.1_gap82	3400827	3401382	555	CACCGCCACTACCTGCGGCTCAAACAACAACGAGATCGCATCCTCCGCATCCCGGATGGCAAGCGGAGGGAAGCCGATCTCCAGCGGTGGGAACATCTGCTCGCCCAGTCGCTGGAAACCTACGAGCGACGGCAAAAGGTACCTAGGAATCTTTCGTACGATCCCGAGCTACCCATCACCGCCGCGCGGGAAAAGATTATCGATCTGCTCCGGCATCGCCAGGTCGTGGTCATCTGCGGCGAAACCGGTTCCGGAAAAAGCACCCAGCTCCCCAAACTCTGCCTCGAAGCTGGGTTTGGCCAAACGGGCTGGATCGGGCATACCCAACCGCGAAGGATCGCGGCCCGTTCCGTCGCAGCCCGAGTTGCCGAAGAGATGGATTCCAAGCTCGGGGACGCGGTTGGTTTTAAAGTTCGGTTCAACGACCAGACCAAGCCGGAATCCTGGATCAAACTGATGACCGATGGGGTTCTCCTCGCCGAGATCCAACGGGACCGGTTCCTCGACGCATACGATTGCATCATTGTTGACGAAGCGCACGAGCGTTCGCTCAAC
NZ_CP011272.1_gap83	3408459	3410050	1591	CCCAAATGATTTTCATGATCTCCAGTTGCGATGCCGACAGTTCGGCCCGTCTCTTACTCATGCAAATCTTCCCCCAGCTGTCATCCGCGAAACCCATTCTATTACACAAAGCGTCACGGTAACTACATTTGTAGTTAGTGTCAACATTTTTTTTGCAGAGGCTTGGCTGGATGTCGTGAAGCGCAAAGAGGCTTCTACGCTAGATAGGGGGGACGAAATGTCCGCGAACGAGGTCTATCTTCCTCTGGTCTCGGGACCCGCGATGACTTGCTCCCACATCGGTGCAACGTTTTGCCATTGGTAAGGCCTCGCGATCTGGTGCGCTTCCCATCCCATGTCACGGCGCTCTTCGGCGGATGAGAGCATTCGTTTCAAGCCGGACACGAACTCTGTTTCGCTATCCACCAATAGTCCTGCGCGAGAATCTCGATACAGCGACTCGATCGCTGGTGAGCAGTTCATCACGACGCTTGGCAATCCTGCGGTCATTCCTTCGAGAACGCTCTGCGGGAACCCTTCGTAGTCGCTGGTCAGGACGAACAGATCCGCTTGTTGCCACTCCTTCCAAGCGTCGGTGGTCCAAGATTCCCATTGAATCGATTGAGGTGGGATGCTCGCGTCCGCCAGCGACTGCAGTCGCGATTTCTCAGGACCTTCGCCGACCAACTTGAGTCTCCAATCCGGATGGTGCGCCGCGAGTTGGGACCAAGCATGCAGAATTCGATCGATTCTCTTTTCGCGAGAGAATCGGCCCATGTAGAGGCAGGTGAAACGATTTCGCCTGGAGTGATTCTCGATCCAGTCCTTCTCGTCAAACAACGGCGCTTCGATCGCGGAGGGGATGGTGACGACCTTCTCGGGCGATTTGCGAAAGAGTGTGCGTTGGTAGTATTCCTTCAAATCGTCCGACTGCACGACGCACTGCGACGCCCGCGGATATTGGATCCTGCGGAATACCTCCCATAGGAACGAAAGCTTCTGCTTCCGCGGATCGCTCCGTTCAGAAATGATAACAGGGACGCTGCTGGCCCAGGCCGCCAGCGCGAGGATGTTGGTGGAGTCACAGAACGAGACGATTGCCTTCGGCCCCCAATCGCGTCCATCTTCATACAAGGCTCGGATGCGCTGCCAGTTTCCCAGTGGACCTCGCCACCAACCTCCGGTCGTCGAGACCAATCCCAGTCCTCGGCGTTCGATCCGATCATCCAACTGGTATCGGTCCTCCGATGCCGAAGACAGGGTAACCAGTCGGACATCCGACTTCTTCACCAGATGGTTTGCCAAGCAGGCCATCTGCCGCTCCGAGCCACCTCCCGCAAGTCCATGAATGACCAATTCGATACGGTCGGGTAGCGGTTTTTCCGAAAATGCGCTTTGGCTGGACAAGATCGACTCCGCGACTCCCGCGACACGTAGCTAAACTGGGAAGATGTCTTCATCCTACTCCAAAGTTCATCCAGCGTGCTTCGTATGCGAGTCCAATCGATGGAACCCCGATGCCGCGACCACTGGCGTCATTCGGTCTCGTTTTCCCGATGCGTTCGTGCATCGCTGCGCTCGGTGCGGTCAAGGAATGTTGCTCCCGCTTCCG
NZ_CP011272.1_gap84	3411093	3414725	3632	AATTTCCCTCCCGGTGCTCCGGGCCAGGAGTTCTGCACAATCCAGACCTCACTGGGGTTCTCGATCGGGATCGTCAGTCTATTAGGTCGCGTCTTCATGCGTCCGGTCGATTGTCCTTTCTTGGCGGCCGATCGCGTTTTGGAAAGGATGCCCGAGGATTGCCGCATTCGCCTCGTCGACTTTCATGGCGAGGCAACCAGTGACAAGCAAATCATCGCTCGGTATCTCGACGGTCGAGTGACCGCCGTCCTAGGGACCCATACGCACGTCCCTACGGCCGACGAGTCCATCCTGCCGGGTGGAACGGCGTTCCAGTGCGATGTCGGCATGACGGGCCCGTATGAGAGCATCCTGGGGCGATCCATCACCCCGGTTCTGAATACGACCCTGACCTTTGATCCCAACTCGTTCCATGTCGCGACCGAGGATGTGCGACTCTCAGGAACATGGGTCGATTGCGATCCTTCGACAGGGAAAGCGATCGCGATCGGTCGACTCGTTTTGCGTTCCTCGGATTTAGAAGGCTCTTAGGTCTATCTATATAGATTTAAACATATGTTGTATTAGTAGTAAGGGACGAGGATTTGTTCACAACCCAGGACTTGGATAACCTTCTCTAGCAAAAGGCTGGGTGGGATCCCGAATCGCTTGTGTGGACAACCTGTCGATGGAGCGAAAGAAAAAGAAGGTAGAGACGTTGATGAAATCGCGAGCTTTGAACATCGAAATTCGCGGTGTTGGTACTTGGAAATACGAGAGACATGGGGAAACAGGCAATCGACAACTTATCCACGAAAATAGAGGCGATCGCATTCGACATGGATGGGTTGTTGCTCAACACGGAGGACTTGTACGGCGAAGTGGGGGAGATCCTCATGGCGCGACGGGGAAGAATGTATCGGGAGGAAGTGCGGCAGCGGATGATTGGTCTTCCCGCTCCCCAAGCCTTTGGTGTGTTGATTGCGGCGGAGGGATTGCAGGAGACATGGCAAGCACTGCAGCGGGAAACGGATGAGATCTTCGAAGAACTTTTGCCGACGCGGTTGGCTTTGATGCCGGGTTTGGAGGAATTGCTCGACCATGTCGAATGCCAGAGGCTTCCAAGGTGTGTAGCCACCAGTTCGACGCGAAGTTTCGCGACGAGGGCGTTGACGCAAGTCGGCATTTTCGATCGATTTGACTTTGTGTTGACGGCAGCCGATGTCCCGAGAGGCAAACCCCATCCGGACATCTATGAGGAGGCGGCCAGGCGAATGGGAGTCGACGCGGGATCGATGTTGGTTTTGGAGGATAGTCCCACCGGGACGCGAGCGGGGGTTTCCGCGGGAGCTTACGTGGTATCGGTACCCAACGCGCATACCCAACACGGCCCGTTCGACGGAGCGCGATGGATCGCCGATACGTTGCGAGATGAACGAATACGAAGGTTGTTTGAAAAAAGGATAGTGGAAGCGTGATGAATGCCAAGCGAGTAGTGTTGGCCATGAGCGGAGGGGTCGACTCGAGTGTCGCTGCGAGTTTGCTATTGGAGCAAGGCTTTGAAGTGATTGGCGTGTTCATGCGACACGGCGAAAAGTCGAGCGAGGCGTGCGAATTGGAAGCGGGAAAGCCAAACCCGCTGTTACCGATCCTGCAGGGACGGTTGGACCACAAGCAAGGGTGTTGTTCCGCCAGCGACGCGGCCGATGCGAGGCGCGTGGCCGACCGCTTGGGAATCCCTTTCTACGCCTTGGATTTGGAAGAGGATTTCAAACGGATCGTCGATTACTTCATCGATGAATATCAGCATGGGAGGACTCCCAACCCGTGCGTGCAATGCAACAACTGGATCAAGTTCGGGCGGCTGTTCGATTACGCCGATGCCGCGGAAGCGCAGTACGTAGCGACTGGGCATTACGCCAGAATGGTGCAAGGGGAAACGGGTGAGTGGGAATTGCACCGCGGATTGGACAACGATAAAGACCAGGCTTATGTGCTAACCGGGATTCCTAAGGAGAACTTGTCGCGGATGCTCCTGCCCGTCGGTATCTATCACAAACCGGAAATACGAGAGATGGCGGCCAAGGTAGGTTTACGGGTCGCCGACAAGAAAGACAGCCAAGAGATTTGTTTCGTGACGAGCGGCCAGCACGCTCAGTTCATTAGGGACAAGACAGGAATTTCCGAGCCGGGAGAAATCGTCACCGAAAATGGACGCGTCGTCGGGACGCATGCGGGCATTGAGGGCTTTACCATCGGGCAGCGAAAGGGGATCGGCGTCGCGATGGGATCCCCATATTTTGTGACTTCGATCGATGCGGAGAAGCGACAAGTGGTGATCGGACCGCACGAGTCGTTGGGAAGGACGTCGTTAGTGGCGATCGATAGCAACTGGTTGACGGAAGATCTCCCCAGGGCGATTCCGTTCGAGGCTGAGGTGCAGATTCGATACAACTCCGAACCGCAACCAGCCATGGTCCAGCGACATAGCGATGGGAGTTTCGAAGTACGGTTTCACGATCCAACCTTTGGAGTCTCACCGGGGCAACTCGCAGCGGTTTTTCGAGGTAGCCGAGCGCTAGGCTGCGGTTGGATTCAATCGACACAACGGTGAACCGCGAAGGGTTACTCGAGAATGGGTGGATAGGCGACTCGTTGGCCTAACGCACTCGGAGAGCAATTTCCCGAAGGTGGTTGGCAGGTGTAGCCTGGGGGAGGATTACCGCTGATAAGCACCCACACGGATCCATTGCATTCAAAAACGCATTCGTAGGACGAAGAGGCGTTGTCGTCGTTATCGTCGTTTGCCTCTTGGCTCATGAAAGGTTCTTAGTCCGTTTGGAGAGGGGGAGTATCCAGCGTTCGCACAACGCGAAACGCAGTTTCAAGTAGAATTCTGTTTGTGGTGAAAGAGTTGATATGATCAGGCACAGGGCCCTTTCGGATGGAGTGGTATCCACCCTTGGTGTACAGTAGGACCTCGAACCTCTTGGCTTCCTCTTCGTTGGGATAGGCCCTGTGTTCGATACTGGTCGTACCGACAAGTTCACAAGGACTCAGCCTAGCGTTCATCACCCTCCCCGTTGGCGTAAAGTGTTTCAAAATGTCTGCTGAGTCCGCGAACCATTCCTCGTAGCCGCCATACCAGGATTCACAGATTGTGCTGCTTCGGGCCAAGCATTCCCATTCCGACAATGTCGGCAAGCGGTACTCGGAAGCCGGGTCGTCGATCCCTTCTAACGCGCTCAATCGCCGGCAGAATTGTTTCATATCATCGAATTTGGCTGACAGATAGGGCTCGTGTGCGCTACCCTCGTCGAAGCGGATTCCGAGTTCGGGGCGAACATTCGAATAGAGGTGAGTGGAGATCGCCTCCGAGCTAAAAGCCATCGTGTGGTCTAAGACTTTGAGGGTCAAAGGATCGTCGTGGGAATAGCGATCCTCCGACGAACATCCGTACCAAAAGACACGAGGGGCGCGAATGATCGCCATGCGTAAACCATGTTCGGTGTGGTACCAGTTCCTGGAGTCGACGATTTCTTCGAGCCACGGTGATTGATTGAGCCAATCAACTTTCGAACGATATCCCCACCGAATCAAGATCTCACGGCTCAATTCGTGCGCACCGGCTGAGGGGTGATGACCGTAGATGT
NZ_CP011272.1_gap85	3419308	3420553	1245	CATCGTATTTTGAACGAGGCTGCAATTCGACAGTATCACGAAGAGGGGTACCTGACCTTAAAACAATTCTTTGCACCGGAGAAGATCGAAGAATTAGGAAAAGACGTCGATCGTGTCCTGGTCGAAAATCGGGCAATTCTCGATCCTCGCAATATGCGTGTTCGGTTCAAGCCTCATCATGCGACTGGCGCGAATCTTCTCGAGGTTCTCGATCCTATCGCTGATTTGTCGCCGGTGGCCAAGAGTTTGACCATGGACGATCGACTGCTCTCGGTTCTTTTCGATCTCTATGGTGAGCCTGCCGAACTTTTCAAAGACAAGTTGATCTACAAACCGCCCGGTGCACTAGGTGCATCTCTTCACCAAGACTGGATTGCATGGCCCGGATTTCCCACCACCTTCCTCACCGTGTTGGTGGCGATCGATCCTTTCACCGAGAAAAGCGGTGCAACCGAGGTATATCCACGAGGGCACTTGAACGGGACCTTATCACCGATGGACGGAAAACATCATGTGCTTTCCGAAGAGCAGATGGAGTGCGAACCGGTCTCATTGGTTTTGGATCCAGGAGATATCGCAATATTTGGTTGCATGGTGCCCCATCGTTCTTCCGCCAACACGAGCGACACATCACGACGCGGTTATTTCATCAGCTACAACGCTCGTTCCGATGGCGGCCAGCAGTACCCCAAACACTACCAAGAATTCCACTCCTGGATCCGCTCCAGAATCCCCACCGGACATGAAGACCGACTCTATTTCCAGTAGCAAGCTACCACTGCAGTTCGAATGGTTGACGTGGGGATGGCTGCCAATTGTCATCGGTGCGATGGCGATGACGGCAACGTACCCAGGTCGAACCCACGGGTTGGGAATGGTAACCGAACCACTTCTTCAGGATTTCCAACTCGACGATCCGGCAGGGCGAGTCTTCTTTGCATCGCTGAATTTCTGGGGGACAATACTGGGTGCATCTTTTTGCTTACCCATCGGATGGCTTCTCGATCGCGTCGATCGTCGTACGGTTTTGACACTTAACATGATCCTCCTCGGACTCGCCGTGATGTGGATGGCCACCGTCGAATCCTGGCAAGCACTTTTTATTGGCATCCTACTCTCGAGAGGCTTGGGTCAGAGCGCTTTGTCCGTCGTGAGTTTGAGTATCGTCGCGCGATCTTTTTCCAAGAAGCATTTGGGGATGGCGATGGCCCTCTACGCGGTGCTCGCGATGCCATTCCACTTGCT
NZ_CP011272.1_gap86	3465993	3470536	4543	AATCCGGACCATTGGTCTTCCATCGCTTGAAAGAATCGTTTTGACGACGTCATGCCGTAGTCGAGGTTTCCTCGATAGATCGTTTGGAAATCTTTTGAGAGCTCAGGATGTCCCATGAGGAACGTGCAGGCCGCCCAACTCCAGGAATAACGTTCCATTCGTTGTTGACGCATGTCCGGGAATGAGACGATTGCAGAGAGCTTGGGTGCAGTTTTTTGTTCAAGTGTTTCGCGGATGAGTCGGAGACGTCCCCAGCTGGGAACGTCCTCTGGTTTGGTGGGGAAATAGCCCAATTCCAGTCGTTCCTGTTGGAATCGATGCGTCCCGAGGAGATCGGCCATTCCCTCCATGAGCCATGGGGATCCTGCGCCTCCCTGCCATCGATACATGACCCAGTGGGTTGCTTCGTGCAGGAACAGGAGTCTGCGGTAATAGGTACTAGATTGCTCAACGACGTAGAGTTGATCTCCGAGCTGGAACCCATCCTCCAACCGTGGTACCTGAGCAAGAAGGCCACTTCGCTCCCATCGCGCGCGATCGCCGACGAGATAGACGACCGGCCCGGAGCCTTGAAGCTTGGCGGGAGGGGGAGCAAAGATTCGCTTCCACTGCTCGGTAGCTTGCTCCAGGTAGGCAGGCCATCGCTTCAGTTCGTCGTCGATCTCGAGATCGGTAATCAGCCGCATGTTCGGCGCGACCAACTCGTGGAAGCCTTCGTTCGTCGTGCGAACCTCTTGCGTGAAACCGCTGGGAACGAGAGATTGCACCGATGTCAACCAGGCGACCAGTAGGATGGTAAGACTCAACCCACCGCTAGTGAACCGACGCATAGGCTTTGGATCCTTGGCTGAGGTAGCTCGCGTGAGTCGAGCCTTTTACTACTTACCGGCCAGTTGCGATTGAATTTGCAATGCCAACTCGACAGCTTCGCTGGCCAATTGGCCGCTCAGTCGCGGCGCCACTTGTCGGGTTCGAACGCTTTCAGCCATGTCGCGAATTTCGGCGACGAAGGCATCGATCTCGTCTCCGCCGGGGAGATCGGGGCGCAGGATCTGGCCATCGCGCGTGAGGATTTTGAGCGGCATGGTTTCCGGGGTATCGGAAAAGGCCGCGAACTCGTGTTGCAGGGCCGCGTGTTCCAGATGGAGTTCGAACGCGTGGGTAAAGGGGCGAGCAGGGGCGTTGACGATCCCCGAGCTGCTCGCGACGCAAATGTTGGGATCTTCGAAGCGGTACAGCACGTGCACATACTCTGCGACATCCCCCCGCATGCGTCCGATCGCATCGACGCTGACCGGTTTACCGAAAAGGAGTTGGATCCAATGCAAGTCATGGACATGGAGATCGACGAGCGGACCCCCGACACGGTTCGGGTCGTAGAAGTCCGGGATCCAGGTCGGATCGGAGATAACGCGTTTGAAGTAGCCGCCGATGGGTTTGCCGTACGTTCCCTTTCGCACCAATTCGGTAGCAAAAGCAAAGGCTCCCATGTAGGGGAGAACATGGGCGACCATGACGAGACGGCCATTCGCGTTGGCGGCGTCCATGATGCGTCGGCTATCTGCTGCGGTGAGGGCGATCGGCTTTTCGCAGAAGACATCCTTGCCGTGCTCGATGGCTTGTACGGCTGCATTAGCGTGCAAATGGGGCGGCAGGCAGATATCGACCACATCGATGTTGGCATCACGCAACATCGCGTCGTACGATTCGAACGCGGCGATGCCCTGAAGATGGATCTGGTCACCGGGAGGGCCAAAATTCCCTTGGATACCTCGCCAGTCCCCCGCCCGTTTCTTCGCATCTCGGGAGCAGAATGCAGCGAGGTTTGCATTGTCGCTGCGGCGATAAGCTAGTTGATGGATCCAGCCCATGAATCCGATACCAACCAATCCGACGTTTACCATGTTGCCAATTCGATTGCCCGAGTGAGAAACAAATGCTATCGGGGAGTTAGTCTACCGTTTCGGGTGGCGGGGCAGAATCGTCGTTCGGAGGGGCTGGGTCCTTTTTTTCTCTCCAAGTCGGCTTTCTTTGTCGGGCGCGCGGATGATGCGAGGCGAGCATTTCGCGCATCGGCAATTCGGTCAATGATTTCGAAAGAGGTCTCGAAGCGGCTTGGACCAACGTCGCTTCCAGCTTCTGCTCATCCATACGAAGGATCTCATTGATCTCGAACTCGACTTCGAGGCCAACTTCCAGACGGCGAAAGACCAAGCCTTTGAGAGTGGATTGGTGGAAGAAAACGTCGTCGCGAAAATGTTCGGTTCGAATGAACCCAAACTTTCGATCTTCCACGAGTTTGACAATGGTTCCGACTCGCATGAGCAACCTAACCTTCGGCCTTGATTCGGCCCACACTGCTTTGAAAGTATTTGCGGCGGCGAGCACGGACCGCTTCTTGATGATGGCTCTCGGAAAGATCTTCCCAATTCGATTTGCAGAATCGGCAACCGATCTCTTCGATATGGAATCGGATGTAATCCTTGCGATCTTCGTTCATCGCACCGAGGATGTAGCTTCCGATCTCTTCACGGGTGGGGCAGCTCAAACGGTGACGACGCCATATATCTCCGATGGAATGTACCCCATGGTCGCGTTGGGCGACCAGTTGCAGCAATCGATCTCGAATCGAGGCATCGTGACGCAACCTCTTTTCCAGCTCGGACATTTGTTCGGCTGGCAACGCCTCCTCGATATAGGCCAAGAGAGTTGCATCGTTTAAAGGGACCATGTTCGTTCTTGGCGCAACCAAGCGGGTTTTAGGTTCGATCTAACTTCGAAGTTTGCCGACGGCCAAGGTCACGTTTTGTCCACCGAAGCCGAAGCTGTTGTTCAAGGCAACTTGGATCTTCGCTGGGCGTGCGACATTGGGGACGTAATCGAGATCGCAGTCTGGATCTGGCGTTTCTTGGTTGATGGTCGGCGGCAATATGCCATCGCGAATCGCCATCAAGCAGACAATCATTTCGGTGACGCCTGCCGCGGCGATCAGGTGTCCCATCATGCTCTTGGTGCTGGAGACAGGGATCTTTTTAGCGTAATCACCAAACACTCCTTTGCAAGCAAGCGTTTCGGTTCGGTCATTCACCGAAGTGCTCGTTCCGTGCGCGTTGACGTAACCGATCTCCTCAATGTTGAGCTTGGCATCCGCGATGGCTTGCCGCATGCATCCGATCGCTCCGCGACCTTCGGGGTGGATATCGGTGATACGGTACGCATCGGCGGTGCTTCCGTAACCAAGGATCTCACCAAATATTTCCGCTCCCCGTTTGCGAGCGTGTTCGTATTCTTCCAGGATGACGATGGCCGCTCCCTCACCCAGCACGAAGCCGTCGCGCTCTTTGTCGAAGGGACGAGATGCTTTCTCCGGTGCATCATTTCGTTGCGACAAAGTCGTGAGCAGGCTAAAGCCGGTCAGCCCAAAGGGGTGAATCATGCTGTGCGCTCCCCCGGCGATCATGGCATCCGCGTCTCCACTGCGGATCAACTCTGTGGCTTCCCCGACGGCTTGGCTGCTCGCGGCGCACGCGGTCAGACAGTTGGAGTTGGGACCTTGAGCATTGAAGAGGGCGGCCAAATGGGCGGCCGGCATGTTGGGTTCTTGCTCCAATTCCGCTTTGGTGTCGAGAACTTCTCGTCCCTTGCGCAGGAATGCGGCGAGATCAAAGGGACCGTTTTGAACGGCCGCTGCCATCATGGTGGTGAAATTGTGGAAGTCCTGATTCCCTTCCCCAGCGCCCATATAAACCCCGAGGCGAGTGGGATCCAAACCGGAGTCGAGGATGCCGGATTGGCGGATCGCCTGATGGGCGGCGCCGATGGCGAATCGCGTATGGCGGCCGCGGTGACTCCACACCTGGGGATCTTCGCCGCATCGACTGACGTCCCACGCCTTCACCTCCGCTGCAATGGTGGTGGGGTAGCCTGTCGGGTCGAACAAGGAAATTTTGCCGACCCCGCTTTGGCTCTCTTTCAAGGCGGACCACACAGTGGTCACGTCATGACCGAGAGGATTGATCATCCCAATCCCTGTAACGACAACGCGTCGACGCATTAAACTATCACTCCAAAAATGCAGAAGGAACTGGGCTGGGCTGGAAAGGATCTAATCAGCCGATCGGGCGAATGCTTTTGCCGCCTCTTTCTCCGCCTCGATCATATGGGCTGGAGGTCCTATTCTATTGCCGTTCTGGTCGACAGCAACGTCGAACATTTTCAGAATGCGAAGTGTTCGGAGCAGATCTTCCGGGGGGAATAGCGCGGACTCCCCAAATCGCTCATCCAGAAATGCAAACCAAAGTTCCAGTTCCGCGATGATTTCACCTCCGACTCGAATCGTCCCTTCGATAATCGCACCCGTCGGTTGCTTATCTTGGATGACGGCCTCGAAGTGGATTTGGTCGCCGGGCACGACCAAGCGGTGGAACACGGCTTTCGAAACCTTAGCGAGAACCGTTTTCGTTCTGAATCCACCAGGCTCCGATACCAATAGCCCACCCGTCTGCGCCATCCCCTCTATCATGAGCGAATGGGGGTAGTGCGG
NZ_CP011272.1_gap87	3472105	3476765	4660	TGCAGAAGTACCGCATCTATGTCGAGATGCAATTGGACGAGGTACCTCCCGTCTTCGCGTCTCCAAGCCAAATCCAGCGTCTGCTGCTGAATCTGCTCACCAATGCCAGGCAAGCGATCGGCGAGAACGGAACGATCCGTATCAAGCTAGCTTTGGACAAGAAAACGAACTCGGTCGCGTTGACAATCCGCGACTCCGGCTGCGGGATTCCACCTGAACAACTGCCGAGAATTTTCGAAGCCTTTTACACCACCAAAAAAGGCCCCGATGAAACGGGCAAAGGGGGAACAGGGCTGGGGCTGAGTGTCTGCCGCGAGATCGTGGAGAACCACAAAGGTCGCATCCGGGTAGAAAGCACCGTCGGGAAGGGGACCGCTTTCTCCATCCGCATTCCGGTCGCGGAAACGACGCCGGAAATGGACGCTCCGCAAGGTTTCAGCGAAGCCTATGGCGCCGAGGCTTAGGCGAGAATCTCTTTCACGATTCTCGCTGGCTCGACTCCCGTCAATTTCAAATCCAACCCTTGGTTCTTAAAGGTGAATCGCTCGTGGTCGACGCCGAGCAGATGGAGAACCGTGGCGTGGAAATCGCGGATGTGAACGGGATCCTTCACAATGTTGTACGAAAAGTCGTCGGTCTCACCGTAAATCATCCCCGGCTTGATCCCTCCACCCGCCATCCACATGGTGAAGCAGCGAGGATGGTGATCCCGTCCATAGTTGTCTTTGGTGAGTCCACCTTGCGAATAAATGGTTCGACCAAATTCTCCGCCCCAAATGAGGAGGGTCGAATCGAGCAATCCCCGGGCCTTGAGATCGGTGATCAATCCGTAGGTGGCGCGATCGACATCTTTGCACTGCGACGGTAAACGTTTCGCTACATTCCCGTGGTGATCCCAGTTGTTCAAGTAGACTTGAACGAATCGTACGTCGCGTTCGACCATGCGCCGAGCGAGAAGAACGGTGTTGGCATAGGTGCCCGGCTTCTTGGCGTCTTCACCATACAGCTCAAACGTGCTCTCGGGCTCGTTCGCGATGCTGGTTAGTTCCGGGACGCTCGACTGCATGCGGAACGCAAGTTCGTACTGTTGGATACGGGTATGGATTTCCGGATCGCCCACAGCTCGAAAATTCATTTCGTTGAGCTGCTTCAATCCGTCCAAGGTTTTGCGGCGGACATCCATCGGCACACCGGCCGGATTGTTGATGTAGAGGATCGGGTCGCCGGACGAACGGAAGCTCACTCCCGCATGCTCTCCAGGCAGTACCCCCGATGACCATAGCCGCGCCGAGATGGCTTGGATCTGCTCGGTATTGCTAGGTTGTGCCACCAACACGACGAACGTGGGTAGGTTGTTGTTCATCGAACCCAAGCCGTAGGAAACCCAAGCTCCCATGCAGGGGCGGCCAGTGACCATGTTGCCGGTTTGCATGTAGGTGATGGCGGGCTCATGGTTGATGGCCTCGGTGTGCATGGATCGCACGAAGCACATATCGTCGACCACTTTCGCCGTCTCGGGGAGTAGCTCCGAAACCCACATGCCAGACTGTCCGTACTGCGCGAACTTGTATTTGGAAGGAGCGATGGGAAAGCGGGACTGTCCGCTCGTCATCGTCGTCAACCGTTGTCCATTGCGAATGGACTCGGGCAAGTCTTTGTCGTACCAATCATTCATCTGAGGTTTGTAGTCGAAGAGATCCATCTGCGACGGACCACCGACCATGTGCATATAGATGACCCGTTTCGCTTTGGGGGCGAAGTGGGGGAGCATCGGCAATCCACCCGTCACGGGAGCATCCTCCCCGAACGATTGGCCGACCGGGAGCCCTAGCGATGCGAGCGCTGCGAGTCCCACCGCATTGCCGCCTCGTCGAAAAAATTGGCGTCGCGTTTCGCTGCGAACGTATTCCTCAAACAGCGGATGAATCATGGTTCAGGTTCGATCGTAAAAGTAGGGTTCGTGTCGACGTCTCAGCATGTGTTGGATTCGATGGATCCAATCACTTGGTGATCACTTCGTCCAAGTTCATCAGTTCATTGCAAAGCATGGTCCAAGCCGCTAACTCCGCGGGGGGCACCGACTCCTCGTTCTTCGATTCGCCCACCTGCAGCAACTGGGTGGCTAGCTCCGAATTGGTCTGGTAGAAGCTCAAGAGTTCTTGATAGCTGCCCTGGACCACTTGCACCTCTTCGGCTCGAAGCGGTCGGCCAACCAGCCGCTCGGCAATCCATTGAACGCGTGACGAGACCTCCGCGCCGGCCCCTGGCTCTTTCAAGACCTTGTTGGCCAGGACGCGGGCTGCTTCCACAAACTGCGTGTCATTCAACGTAACGAGCGCTTGAAGGGGAGTGTTGGTTCGTTCTCGTCGGATCGTACATACCTCGCGAGCGGTCGCATTGAACACTTCCATATTGGCGGGTGGCGCGGCTCGTTTGAGGAATGTGTAGATGCTTCTTCGATACAAACCCTCCCCTTTGTCTGCCACATAGTTTCGCGTGTTGCTCTCCGGCATGGCGACCGCTTCCCATACTCCCGGGGGTTGATAGGGCTTCACGCTCGGACCACCGATCTTCGACACGAGCAGTCCGCTCGTCGCCAAGGCGGTGTCGCGGATCATCTCGGCATCCATTCGGAATCGAGGCCCGCGAGCGAGCAGTTTGTTGGAAGGATCCCGAGCCAGTTTTTCAGGAGAAACGCTGGCGGTTTGGCGATAGGTCGAACTCGTGACGATCAACCGGAAGTAGTTCCTGATGTTCCAGCCGTCTTCTTGGAAGTGGACGGCCAAGTAATCGAGGAGTTCCGGATGGGTGGGGAGCTGCCCGGTGATGCCAAAGTCCCCAGCGGAGGGGACCAAGCCGTTTCCGAAGACTTCTTGCCAAAAACGATTCACGGTGACCCTCGCGGTCAGCGGATGATCGGGCTGCAGCAGCCATTTCGCAAAACCCAAACGGTTCTTAGGCAGTCCCTCCGCCATCGGTGGCAACACGGCCGGGACTGCCGGTTGGACTTCGGTTCCCCGTTTGTCGTAATCTCCCCGGGTCAGCACATGAGCCATGGGAGCCGAGTCCGCTTCGTGCATGACGTGAGCGATGGTTCCTCGCTGCCGAATGGCATTTTGCTCGGCGACCAATTGGTTGCGCTCGTTGTTGAGTCGAATCGATTCTTCGTCGCGCGTGGCCAAGTAATGGCTGAAGAGTTCTTCCCTCTCGGCATCCGATCGCTCGGACTTGGCCAGTAAGAAATCTCGCCGCGACTTCGATTTCAACTCGGCGATCGCGTCCGCCGGAACGACCGAACGATAGATTCGAATGTCCTGGATGACAGCCTTATCCGCAGGCGCGCTGGTATGGCGGCGTCCGATCGTGAGGGGGACTTCGGTGCGCGTGGTCGCAGTGAGTGTCTTGGATTGAATGGTGCGATCGACTTCATTTCCGTTGATGAAGATCTTTAGTCCTTCGATTTTCGAGGAGCCATCGTAGCTCACTGCGACGTGGCTCCATCGGTTGGCCGGGAGCTTCGGTTTGGAGACCGCTTTAAGGGCGTCCTCGGGCCACTTGTGGATCAAATGCATCCCCACGGTGCCGTTTTCCATCCAGATATCCCAGCCTCGATGGCCGTTGGCCTCATCCATCCGGGCGATCAACGAACCATTTTGGTTATTGGTTGGCTTGACCCATAACGCGACCGTAAACGGTTGATCTCGTTCCAAGTCCCCCACTGGCAGGGATGGAAAGACATCCCGCACTTCCCACGCTTTGGGGCCGATGTAACCTGCGGCGAGAGCGGCCTCTTGGCTCAGGGGCGTCCGTCGGTAGACACCTTGGTGAACGCTCTCGATCCATCGCGCCTCGGAAGCCACAAAGGGGATATGGGTCTCAGGGGCACCGGGTGCGCCGGGGGATGGCCAAGCCAATTCGGCGCTTGTAGCAGGATCGGTCAAATACTTTTCAAAAGGCTCTTTGGCGGCTTCTTTTCTCGCTTGGATGCTTTCATTGGATTTGGCGATCAAGCCTTCGAGTTCGGCAGCGCGAGGGCGGTCCTCGGCCAGTGGGACGGGACGATCGGAGGTGTGTCCTTGATATTGCCATCGCGGACCGCCTGCGTGGTGTTGTTGAAAAACGCCGCCATTTGGTAGAACTCCGCCTGGCTGATCGGATCGAATTTGTGATCGTGGCAAACGGCGCATCCGACGGTGAGTCCCAACCAAACTTGACCAGTCGTCTCCACCCGGTCTCGCGTGTAGAGCACTCGGTATTCCTCATCGATGATTCCACCTTCGTTGGTGGTGATGTTGCAGCGGTTGAATCCGGTCGCGATGCGTTGGTCCAAATCTGCATTGGGGAGAAGATCCCCGGCCAGCTGCTCGATGGTGAATTGGTCGAAAGGCAGGTTTCGATTGAAGGCGTTGATCACCCACTCGCGGTAGGACCACATCTCGCGGAAGTTGTCGAAGTGAATACCGTGCGTGTCGGCGTACCGCGCGTAGTCAAGCCAATAGCGACCGCGGTGCTCGCCCCATTCGGGACGTTTGAGCAGTTGATCGACGTAGTTCTCGTACCGATCGGGGCTGGGGTCCTCCAGCACCGCTTTGATCTCTTCGGGGGTCGGAGGAAGGCCGGTTAAGTCATAGCAGACGCGACGAATGAGCGATCGCATGTC
NZ_CP011272.1_gap88	3482276	3484454	2178	TTGGCTGTCGGGCTGGAATCGGAAATGGGTTGCCCAGATTGGGGGGATTCGACAGCGGAAGTGGAGGGATCTACCGGTTCGGAGGAGCGGGCTGGAAAGAAATCCAAGCTCAGGAGCTCTTCTTGGAACCGTTTGGCCGAGACGTCGGAGCCGAAACGTTTACGCGATGGGAGCGAAATCGGAGGGGTGATGGATGAGGAATGAACGCGTTCGGATTCGGCCATGGATTTATCCCTCCCAGCCTTCGCGGCTCGTCGATCGGATCGACGATTCGGTCCGTTAGGGGGCTTTTGGAGGGGTGGTGTCGGTCCCCGTTCCCCGCAAACGGATCTCTTCGAGGATCTCGGAAATCTTTTGCTGATCGGCAAGATCGGCAAACTCTGCCAGGATCTTTTTCAGCTTATCGGCATCCAAGGCCTTCATAATCGAGATTACCTCGGCTTTCTGTTCCTTTTCTAGCATCGCCACGAGCTGCTGTTTCGCGGCGGCAGGATCGAGCGCTTCGAGGATTTCGCGGATCTGTTGCTGGCTCTGCGTCTGCCTTGCCTCCTCGGCTTGCGCGACCGTCTTTTTGAATTCCGCGACGAGGGCGTTGTGGCGCTCCGATTCTTCCTGCAGCCGCTTGGCTCGATCGTCGAGTTCCTTTTTGTACCGGTCGAGCGCGGCGGACCGGGAGTCGGACTGCAGAAGCGCTTTGACCTTGGCATCGAGCACTTCGTCGTACGTAGGCACCGGCGCTGCCTTGCCACTCTGGATGGCTGCCGCGAGACGGTCTCCTTGGATGTCGATCCCGCTCAGTAGCGCAACGATTTTGACGAGAGTATCCCGATCGAAGTTTCCTTTTGCTGCGGCCATTGTGACGATCGCCACCAAGCCGAGGAGCATGGCGGTGCACGTCCAAAGGAAGAACTGAATGAGTTTCGACATCTCAACCTCGCTGCATCAGTTTACGAATCATCGGACTGCGATTGAATATCCATCGCGAATCGAACACTTGCCCACTCGTCGGTTCGCTCCTGTTGTTTTTGAAGGGCGAGCACTTCCTCGGACTCCTCGCGTTGGTCGCGAAGTTTCTCCAGCGACTTCACCCCTTGTTGGCATTTCAAGAGCAGGGCCTCGCGGCGCTGCAATTCCTGATGGAGGGTTCCCAGGTGATTATCAATCTGTTGCACCTGGGATCCGAGCACCATTTGGAATCGCTGGGTATCCAAAATGCTTTGCAAGTTCATCGCTCCTTGGCTAGCGGATTTTCGAATCGAGTTCATCGTCTCGTTCTCCGCTAGAAGCTCTTGCTTTTGGGTTGTCAGTTTGTCGATGGCCATTCGAGCGTCTTGCACTGCTTTGGCCGCTTGGTCTCGCTCTCGTTCGCGAAGTTTGAGAAGGGTCGCAAGTCGAAATTTCGCCATGGTTACTTCTCGTAAGAACTATAGGTTGGGAATTGGGTTGCGAACGCGTTCCACGGGAGAATCATTAGGCCGCTCGAGCGGTCGGTGGGTTCGACATCGCGGGAGGTGGGGCCGTAGCGGCTGCAGCGATCGCCAGTTTCAATACGTCCTCGCGAGACTTCTCCCAGGGAACCAGTTCGCGTTGGCCCTGCGATAGCAGTGCTTCGATCATCGGTCGCATTTGAATGGCCTTATCGATCTGCGGGTTGCTCCCTCGCGTGTAGGCTCCGATGTTGATCAAGTCTTCGTTTTCGCGATAGATTGCCATGAGGGCTCGAAGCGCATCGGTTCCCTTTTTGAGTTCTGGGTCGATCAAATGCGATTGCAGCCGGCTGAGGCTTGGAAGTACGTCGATCGCGGGGTAGCGACCGCGCGACGCGATGCTTCGGGAGAGGTGAATGTGACCATCGAGGAGCCCTCGCAACGTATCGCTGATCGGTTCGTTGGTGTCATCGCCTTCGACCAGGACTGTGTAAAGCGCGGTGATGCTGCCGCGATGATTGATGCCCGATCGTTCGACCAGCTGGGGCAACATAGCGAACACGCTGGGTGGATAGCCCCGCGTCGTGGGGACTTCGCCGGCGGCGAGCCCGACCTCGCGCTGCGCCATGGCGAACCGGGTGACGGAGTCCATCAGGAGCAATACATTCTTCCCTTCGTCTCGGAGCGCTTCGGCGATGGCCGTGGCCGTTTTGGCGGCCAGAATACGCTTGGGGGCAGGTTGGTCGCTGGT
NZ_CP011272.1_gap89	3488604	3492863	4259	CGTGTAGGGGTTGTGTGGGCGGGGCTGTTAGGCTGCCGACGCCTTTTCGATCGATGGTGTGACTTTGGTCGGCTTTCGTCTTCGAGGGCGGACGACCTCCAGAGCGACGCAGTAATCGAGGTTGGGACGGAAGATCGTGAGCAACGCAAGTGGGACGAACCAAGCCAAATAGAGACCGCCACCAAATCCGTGCCAGCATTGTGTTGCGGCCATCAATGCGGCGGAGCAACTCATCAGGGTAGCAAGACTTTTCTGAGCCGGCCAAGCGACGAAGGAAACGCTAAGAAGCACAAAGATCACAATCAACGGGATACGCATCACGGGATACCAGCCCAAACCCCAGATGCCATCCATCCCGGTCATGGCAATCTGTTTAATGCCGAACATGTAGCCGAGGTGCTGCAAAACATTATTCGGATGGAGAATGATCATCGCGACCATCAGCCCCACAATCGACGTTACAAAGCCGCCCGTGAAGCGACGAATGCCCCTTTGCCAATAGAAACTGCACCAAAGGGGCAAAAGGGAGAACGGGTAGTAGACCACGCCGGCCGCGCACCCCAAGCACAATCCGGCTGCGAAGGGCTGGCGATACAAAAGAACCGCGAGCAGGAGCAAAGCGCTCGGGACAACGTGATCGACCCGCCCGGTCATATACGCCGTGTAGGGGAGCAAAAGATAAAGAGTCGCCGCACCTACGCCGGTTTTGAAATTGCCAAAGTGCCAGTAGCCAATCGCCACAATGCTGAGCACCATGACCAAATTCGCGCCGATCGACATGCATCGGGATAGCAACAGCTTCAACCGCGATGGGGGTTTCGGCTCCTCTCGCATCTCGTCACTCGACTCGTCCCCTGGCCCCGACATAGGAACCGTTGAGATATCCGGCAACGCCGCCATCAAAATGTATCCGGGCCCCCCACTAGTCAGATCACGCCCCGAGTAGGACGGCTGGCTAACGGCGACATTCACCAAGAGATAAACCAGCATCGATGTTCCCAGAAAGAGCATGCCGCCACTGCTCAAATTCGGGTCCAGCATGGGCCGCCGCACAATGGCCGTGTCCAGTAGCAGTCGTATCACTAATAGACTGGCGACAATAATCAGCCACAAGTATCCGAAGTAGAGCAATGTCGGGCTCTGCAGCGACGCTTGGAACGCACGCTCGGCCGCAGTCGATCCGTCCCCTGCCGTCTCCACACCCCCTCCGCTCTCGGGGGTTCCCTGGCTCGGAATGTCGCCCTCGGCCCGTTTGTCCAGGGTGGCGACATCGGCCGGGGAAGGGACCAATTGACGACTCCCTTCGAAGACCATCATGAGTCCGGGGGTGAACAAAAGGATCAAGACGATGTCGAGATTCCGCAACGACCAAAACCGATGGAACATCAGAAACAACCCGATGGCCAGGAATGTCGACAAAAACACCCAGGTCGGCGGCTCGAGTCGCAAGTAGTTCGATAGGAAATCGGTCATAGCGATAGCATGCGCGATGCACCGAAAAAGTACAACATCAGCATCAGAAGCGAATTTAATCTTCTCCAACGCTCGGTCCAACGATTGTGTGCACCCAAGCACCTCGACCTATCCCTCCCCACTTCCGCCCCCACCCAAATCCAAAATTTGATTCTTCGGATAAGGGACCTTCGACTCCCTTAAAACCGGTCGCGAGAGAAAGAAGTGTGCCAAAACGAGCCGTGCGTGCCTGTTTGGACACGAAATTAAACAGAAATTAAGAGAAAGTTTTGCGGTTAGCGCCTCCGTTTGTCGCGGGCTACCACAACACCCCGACGTTCATAGCACGGTTCAGGGTGACAGTTGTATCCATTTCCGAGGAGGCTGTTCTGTGTCTTTTCACTCGCTCCACGCGATGCCAATTCATCCACCGCATAACCATATACCAGTAACCGAACTTGTTTCCATGAATCCATCCGGCTTTCCAACGACGGCCGCTCACGAAGTCCTCTCCAGACCTGAACTTGTTCTCCCCATTCTGGCTCGCAGCCTCCGGGAAGAAGTCGTCTTTTTTAGTCAGGACAACAACGGGCGAATCACCTTTTTGAACGATGCTTGCGAAAGCGTCCTCGGGGTTTCGCGAGGGGAATTGTTGGAGCGATCGTTTTACGACTTTCTTACCGATTCGCCGATCAATGACGCGTTCCGGGCGAACAATTGGATTTCGTCCACGGAGTACATTCCGACCAAAAAGCAATGCGAACTGGAGTTCTCGTCTGGCAAACGCCTGCGGGTTGAATGCTGGATGGTTCCGGTAGTGCATCACGGGATTATGGTCGGCGCGACCGGTATCCTAAGGAACTTGTCGACAAACGATTCGACCGAACTCTCTCCCGAAGCGCAGAAGCAATTGCTTGAAAAAGCAGCGTTGCTTACTCCGGTGGAGCGGCAAGTCGTCGAGCTGGTAGTGGATGGTCAGATGAACAAGCGAATTGCGTCCCAATTGGGAGTCGCGTTGCGAACGATTGAATCTCGCCGTTCCCGTGCGATGTCGAAGCTCGGAGTGAGCTCCCTGTCCCAGCTTGTGCAGTACTGGATTCAGATTCGTCGTTTGGAGGGGGCACGCTGATCTAGCACGCCCCTAAGCCTTGCACTATCTTTTCTCACCTCGAGAGTCCGCTCTTTTCCAAACGAGGTGAGTCATGAAGGCGCTTGTCAAATCGAAGCGCGATGTTGGGTTGGAACTTCTAGATGTTCCCAAACCGACGATCGGTATCAACGACTGTCTGATCCGCGTTCACAAAACGGGAATCTGCGGAACCGATTTGCATATCTACAACTGGGACGCTTGGGCCCAGAAGACGATCCCGGTACCGATGGTCGTCGGCCATGAATTTGTTGGTGAAATCGTCGAAGTGGGAGCGAATGTCACCGATTTCTTCCCCGGTGAAATCGTCTCGGGCGAAGGGCACGTCGTGTGTGGTCGATGCCGCAATTGCTTGGCCGGTCGCAGGCATTTGTGCAAGGACACGTCGGGGGTTGGGGTCAATCGGACCGGTGCATTTGCCGAATACATCGCACTCCCGATGACAAACGTTTGGCATCACAAGAGTACGATCGACCGCGATATCGCGTCCATCTTCGACCCGCTCGGGAATGCGGTCCACACCGCCCTAAGCTTCGATCTCCTCGGGGAGGACGTGTTGATTACGGGGGCGGGACCGATCGGTCTCATGGCCGTCGCCGTTGTCCGCCACGCGGGGGCTCGCCATGTTGTCGTCTCCGATTTGAATCCTTATCGGCTCGATTTGGCCCGCAAGATGGGAGCGACCGTTGCCGTCGACCCCCGAGAGAAAACGCTCGCGCAAGTCCAAAAGGAGCTGGACATGCGCGAGGGATTCGACGTCGGACTCGAAATGTCGGGGTCCCCGGCAGCCCTCCGATCCATGCTCGAGAGCATGTGCCATGGCGGAAAGATCGCCATGTTGGGAATTCCCTCCGAACCCATCGCCATCGATTGGAATCTGGTGGTCTTTAACATGTTGACCATCAAAGGTATCTACGGACGGGAGATGTATGAGACCTGGTACAAGATGTCGGTCATGCTCGATAGCGGCCTGGATATCAGCCCGGTTATTACCCATCGCTTCTCTTTCCGTGATTTCGAAAAAGGATTCCAAGCCATGCAGAGCGGGATGTGCGGCAAGGTCGTGTTGGATTGGAGCGACGCCTGAACCTGGTCACCCCATCGCATTCGCGCCCGTCGGCCGGGTTCGGTTTTGGATTCTGGCCTGAATGGCTACAATCCGGTCCCTGACGGATCGCCCTCCACCTTCGCTCCTTGAAAGCTGACCTATGACTCCACCGAAACTCCTGGTTACCGCGGCGTTGCCCTACGCAAACGGGCAAATCCATTTGGGCCATTTGGTCGAGTACATCCAAACCGATATTTGGGTCCGCTATCAACGTCTGATCGGCCGTCGATGCATCTACATTTGCGCCGACGATACGCACGGCACGGCCATCATGATTCGCGCCCGCCAAGAGGGACGAGCGGAGGTCGAGCTGATCGCCGATATGCAGCGATCGCACGAACGAGATTTCGCGGGTTTCGATATCTCCTTTGATCATTACGGTAGCACGAACAGCGACGAGAACCGCCAGCTTTGCCACACCATTTGGCAGTCCCTTCGCGATGCTAACTTGATCGTGGAGGATGATGTCGAGCAGCTCTTCGACCCCGAAGCAGGGACCTTCCTCGCAGATCGGTTCGTCAAGGGAACTTGCCCCTCCTGCAAATCACCCGA
NZ_CP011272.1_gap90	3562973	3565070	2097	TCTTGTATACTGATCGTCCAAGCTTTCCCCGCCCGCGGAAAGATTCTCCGGCCTTCTAGATGTTGATTCGAAGCATGCCGAGGTATTTGGCGGGCGTCCCCACACGCACCCTCTTTGGATCCTCCTCGTATGACGGCTGCATCTCCCCAGCGTTCCCGTTCCCGCCAGACATGGATTCTCGCGATCGGTTTGATCGTAGTTTCCGGCGGGCTCCTGACGTACCAAATCCGCAAGTACAAGTTGCTTTCGTTTCCGACTCCTGAGGTATCCAGCGGTCCGCCGGGCAAGGTAGTGCCGTTTCAAGAGTCGATGAGTTTCTTGAAAGATGTGAAGCACCGCTTTTCGTACACCATGCCCGCCTACGAAAACCTGTATGACGAGGAGATAGAGCGACTCGCCCAGCCATGGATTCAGGACATGCAGGAATTGCTCGAGGAAGTGGACAAGGTAGAGGCCAGGCGACTGGAGGAGGATCCCCACCTCAAGGCCGCTTTGTCGGATCTTTGGAAGACTCCGTTTGGTCATCCAGAAGCTCGGACGACCAAAGGCCGACGGCGTCACATCGAAGGCGTCGTCGAGGGCTTGGTTCAGGACTATCGGGAAGTGGGGCTCGATAGTGAAGAGTTCCGTGCGCAAGCCGCTCCTATCTTTTTGGCTTTCATCAAACGCATATGGTTGGATAGGCAGAATACCGCGACCGATGAAGAGTTTGCCCTCTTCGAGCAATCCAAAGATCCTCTTGGGCTCTACCTAAGGGCGCATGTTCACAGCCTTCGAAAGGAGAAAGAAAAGTTGCCGGAGGTAAGGATGCTGGCGCACCAATCCTTAACGCAACGAAAGAGCCCGCCATACTTGAGAATCCTCATCGAGCAATCGTTCATCGATCCGAAAGCGGAATGGAAAGATGAAAATGAGTTGGCTGGTAAGACGCTTGCAGCGAGTTATGCCGACATCTTTTCCGACCCACAATCTTCGGACGGATTGTTGTTCTCGACTTTGGGATTGTTGGCACAATGTTCCGAAATCGTTACAGCGGCCGGCTACTCGGATGTTTGCAGGGAAATCCTAGCTCGCAAAGAACCTGCTTGCCGTCCGTGGTCTCAAACCTTCTCGTTGAGCCTTCTGTTTGAGATGATTTCTGAGAAGTATCGAGCGAGCCGCCCCTACTCTGAAATCCCGCCCCTTGAGTTGGAAGTCTTCGAGCGATTCTCGGACTTGAATACGCGCATCATCGTGAAAACATGGACGTTGAATCCAAACCATCCTGATGTTCTGCGACAATTGATGAGTTCTCAGCTTATCTCCGGGGCCACGGGGCGTCCGATGGATGTATGGTTTCGCCACGCGTTGTCCATCGAATTCGATAATGTGAGTTTCTATAACAGCTATCTCACTTCCTGTATGTCGCGATGGGGAGGGTCGAATCGAAAGTTGGTTTGGCTCGCATCCATGATGATCAACACGTTGGAAACCAATCCGGATTCTAAAGTGCCTCTTTACGCGTGGAATCCGTTGAGCATCGCAACGGATGAAGAAGCCTTGGAAGACGAGTCGCTGAAAACCGCCATGGTTAAATCGGTTCAAAAGTTGGTGCAGTTCATGCAGTCCCAAAACCCTGCTCCTAAATTCGACGGGGTCAATCCGAAGGGGATTGCATTGTTCTGTTCCCTGCTATGGGGGGAGGGGCACTTTGAAAATCTAAGTTGGTTGATGAAGCAATATGCGGACTTGTGCACGGAAGAAAGTTTCTGCGACTACGAGATGAGCCCTGTGCATCTGCGTGCCTACTCCAACGCTTACGACGCCAAGCCCTTACCGGAATGGAAGACTCTCGCAGAACGATTGATACGTTCAAAAGACGCTCTTGCACCGGATGAGTTTGTCGAAACGGAAGCCATGGTTGCGAAATTGGAGAAGGATGCTCTCGAGGATTCGACACGCGAAGCCATTGCGATCTCCCGATCGATTTTGTCGGTTAATCAATCGTTCCTCTCGGGAAAGCCGACTCGGATCCCCTTTGACGCAGAGGGCGCACTTTGGATTGCAAGCGAACGTTTGAAGCCGAGCAACGAATCCACCCTGGAATACGAGTGCGAC
NZ_CP011272.1_gap91	3756855	3757564	709	CCGCCAGGGCCGCGACGGGGCCCGCCCACTTCAGTTTCTTCGCTAGTTCCAAGGCCGCGACCCGATCGGCGTCGTTTGGTTGCTCCATCCAATTGCGGCAGTGAGTCCAAGCATCCCGTTCGGCCGGCTTTTGGGGTGATTCAAGATGAGTCCCGATCAATGCACCGGCCCATGCGATCAGTTCGTGTCGATCGCAGTGGAAGCCTTTCCATCGCAGGGAATCGCTGTACCGATTGGCACTGACTAGCTTGCGTTCAATGGCATCGCCTTGGGAGCCATCCGACACGAGTTCGGAGGGGTCCTCTTCGATTTCGAGGTAAGTCACCCTCTCCGCCCAATGCGCTACATCGAATTCAGCGCGCGCCGTCTGGGTATCGACCATTCCCATTCCCGGCATGGGTACCGAAGCACCTTCGATCGCGAAGAGGAACTCGGATCGACCGATGCTGAGCCTGTCGCGATCATGCAAAAGGTGCTCGCAGGGATTGGCTAATGGACTGCCGTTGAGCAGCGGGCTGCTCGACGCGGATCGGACGACCAAGACTCCTGCGTGGGGTTCGCAGCGAATGACGAATGGTGAGTCGTCCATACGATCATCTTCCGGGATGGCAAAGTCATTCCAATCCGAGCGTCCAACGCTCGCCAGCTGACCGCTGCGCAGAACAAATCGCTGCCCCGTAGAAGGACCTGAAGTGACGGTGATGGCAAT
NZ_CP011272.1_gap92	3759183	3760782	1599	ACCCATTCTTGGTTCGAAAAACATATTCAATGATTTTCGATGGATCCAATTGCTGGTGGATCCGGCAATCGCTCGTGTGAGTTAAGAGCCAGAACCAAGGCTTCAATTCGAATTTGTACAAGAAATAACTACCGATCTCGCCGACCAGTTCAAAGTGCGAGATGATTCCGTGAAAGAATCGTGATTCTCCCCAGTTCGCTACTTCGATCGCAACCGATTTGCCGATCGTCAGATAGGGGCTGATGTCGGATTTGGTCGAAAGGACTTCGACCTGGATGGAGAACAGCCGCCCCAAGTGTTCTTCTGCAACCAGTTTTCGGAAGATCGTCGACTCGTCAAAAACACCGTGAATCTTGTTGATGCGTTGGGCGTTGACTCCGCTCGACATTTCGAACTACCTTTCAAGCAATCACTGCAATATCGAACAGGAAAAGATCTCGGTGGTGTGGGCATCGCTCCGGATCGCTCGAGAACATTCAGTGCCCAACTCCGTACTGTACCCAAACCAGTCACTCGCACTGTACCCAAACCAATCAACTATCGCGACTCTTCGAACCTTTTCCGCCCCGCATGGTACTGATGTTCGAAGCCACTTCTTTCATCTCGCGTCTCCGGTTCTTGGCGACTTGATAATGTCGCTGGAGACGGGCGTGTTTCGCTCGCAAGTTGAGATGGAGGTTTTTCAAGAAGGAAAGCCCGGGAACTTCTTTTAGTTCATTGAGGATGCTATCGAGTAATTCGAACATGCGATTCTTCCGCTTCCCTAAGAGACGACTCCTGGTCAAAGCGATGGTTGTATGCGAACCTGAGCTACCCAGTGCGGCTCGGCTCCCACTATACTATCGTCGATTTCGAGCTGCAACTTCGTTGCAGTCAAAGGAAATAACGAAACCCATCAGGAAAATGCAATCATCGGAAGACGAAGCCCGGGAACCGGATCTCTCGCTGATTGGGATCAACCCCAGGGAAGTATTCGAGCTAGGGGCGCGGGCGGCCCAGTCGGGTGACTGGAACACAGCGGTGCAATGCTATCGTCGTGTTACCCAGCTCGCTCCGCAGGTGGAGGCGGGGCATTTCAATCTGGGAAACGCTCTTTTTGAACTGGCTCGATTCCGTGAGGCGGCGGACGCGTACCGTGCAGCGCTGGCATTATCCGATGACCCTGCCAGCTGGAACAATCTTGGCAACGCGTTGAGCGAACTGCAGGAGTCCGAAGATGCCGCAGCCGCCTACGTTCGAGCTCTTCGGAGCAGCAGCATTCCTCCTGAGCTGGCGTCGCAATGTTTCTTCCATTTAGGACGTGTCCAGCTGGCACTCGCTCGCTATTCGGACGCCGCAGATTCGTTTTGCCGGTCTTGGGAGAAAGCCCCCGGCAATCCTCGTCCCGTGGAGCGTGGTCTCCGAACATTGGGACTCCTTCGCGAATGGGATCGCGGGGTGCGTTTGGGAGAGGAGGCTCTCGCGCATGATCGTTGTAAAATCGATGCTTGTTTTGGGCTCAGCGCTCTCTGGGAGGAGCGGGATCGCTGGGATTTAGCATTGTCGTACTTGGTGCAAGCGGTCGACTGGTTTCCGGAAGACCCGCGCACCTTTTCGAGG
NZ_CP011272.1_gap93	3761886	3765075	3189	CTTTCCACGGGATGCTCGGTAGCGGGTTTGCTCGGGGATTCTGCTCCCCGAAGTGGGCTCGCACCGTTGCAGTCGCTCTTACCCGAGTCCGTGGTTCTGGGCTCCACCGTTCCAGAGTGTATCGACGCGCTTCGGGGGAAGCTCGAGCAACTCCGAGTCTACCGACAGCAGCGAGTCGAGCGACGACACGCGTTTCTGCGTTCGCCACTTGCGAAGGGGGACGTTTATGCTCGCTCGATCGACGATGCTTGGTTGGAAGTCATCGATCGATTCTCGCGAGTGAATGCCTGACGAAGGGCCACAACCATCAGGAAATAAATTGAGCACGAAGAACATTCAAAAGCTTTTCGCTTCCATCACGCACCAGAGCATTTGCCTTTACATGGAGAAGACTGGCTGGTCTTCCATGCAACGTGGGGATCGGCTCGATTTTCAGAAACAACTGGAGAATTCGGAGACGCCTCAAACCCTCTACATTACCGCTCGAGAGGATCATCCCAAGTTTCGGAGCTTGGTACCGAATTTGATATTCAGCCTTTCGGTCTTGGAGGAACGCGAGGCTTACAGCGTCGCGGAGAGTATCCATCGCGTTGTGCAGGAAATGCGTCGTCCAGACGGAACTCCCTCTTCGGGATCGGTTGCGAGCGTTTCGGCCGAACCTACCTCACCCACCCGTAGCGATCGCGAGCGATCGAGGTGGATTCGGATTCGAAACGGTACCTCTTCGTCGATCGAGGTTGCTTGGGGAGAGCAACGCAATTCAGCACGGTTACCTGGGGGGGAAACGTTGTTGGTGGACCCGTCCGACTTCGAGCTGGGGTTCGAGGTTCAAGGCGATGTGAGGATTTTCGGCGCACCCAAGAGAGAGGGGCTTCGAATACGTCCACTTCTCGATTTGCCAGGCCGCAGGATTTCGAGCCCGAAGCTCGTCGAGCAGCAGATCCTTCGTATCCTGCACAGTCAGCGTGATACGACCGATTCGGCGTTGCCTGAGTCATTTGATGCTCCGCAGAACGAATGGCTCGGTTTGGTGCATCGATTCTTTTTCGCCAACGGCGTGCATGATTCGGGGAAAGTCGCGTTGCCGACACGGGAAGCGACGGGGCAGCTCTTGCGGTCTTTGTCCATGTTGCTGGCAGATCTTTCCGAACGCTTGGATTCTACCGAGGGTCATTGGAAGGGAGAGCATTCTAGTTCACTTTTCGAAATCAGCCGCTGGCTTTTGGCGATGTGGGGAATTACATTCACCGCTGATCCTGATGCACCGTTTCAGCTTTGCACTGCATTGCTCTCGGACCGCGGTACCACTCCCATCCAAACGCTTGAATGGCTGGAGGCGAACTGTGAATCGATCGCCGGTGTAGACATAGACACGTCCCTACCCTAGTTGCTTTCCTATTTCCGTTTACGGAGTTACCAAGTGGTCGAGTTTTGTAAACGAGTCACCGAATCGTCGCTGTTCAACAGATCGATCCTTGGGCTGATCGTTTTGTCTGGTATTCTCGTCGGCGTGGAAACCTATCCAGCTTTTGGAGAGGGGACTCGATGGGGGGAGCTACTGCAGTGGATCCAGTCCGTAATTCTTCTGGTGTTTGTGATCGAAATCGCGATGAAAATCATCGCTTGTGGTAGCAAGCCTCAGAAGTTTTTCGCGGAACCTTGGAACTTATTCGATCTCGCCATCATTCTGATCTGTCTGCTACCCTTTAATTTGCAGTCGGCAGCAGTGGTTCGCATGGCTCGTATATTGCGGGCTCTTCGCATGATTACCATCCTGCCGAGGTTGCGATTGCTGGTTAGCGCTCTGCTCCGTTCGATCCCTTCGCTGGGGTATATTGGCGTTCTTCTCGGTCTTCACTTCTATATTTATTCGGTCATTGGGACCATCGCGTTTGGAAAGAACGATCCCATTCGATTTGGGTCGCTTCATGCAACCGCATCCACGTTGTTTCAAGTCCTCACGTTGGAAGGTTGGAATGACGTGCGCGACACGCAAGTCATGGGGAGCGATGTGACGTACGATGAAAGTTGGAAAGAGATCACTTCGTCGAATCGTATATCGCAGCCGATGCCATTGTCCGCTACGTTCTATTTCATGTCTTTTATTCTTCTCGGAACGATGATCATGCTCAATCTCTTTACGGGAGTGATCATTAGTAGTATGGAGGAGGCCCAATCGGAAGTCGCCGACCATGGGGACCGAGAAACGCAGCTGGCAGAGAAAGGTTTTTTAACCTTGCATGATGAGCTGGCTATTATCAACGATCAGCTTCACAAAATCGCTGCTCAGGTCGCGAAGCTTCAAAATCCGCCGTCGGAAACAGACCGTTTGTCTTGAGTGGCTTCGCGGTCCCACCGACGGGCGCGATCGAGCTATTCGTTCGTTGGAAACGAGTCGATTCGCGGAGCGATAGGATCAAAGGAGGGCTCGGTCGTCGGTACAACGATCGAGTCCGATATCCCCAAGTCGGATGTTCCCAAGTTCGATAAAGCTGGGTTCGATAATGCTGAGGCTTGGGTCGTCGGCTCGAGAGGGATTTGCGGTAGGGCTGGAGGGGGGAGTGCCTCTGGGGGAACATCGATGGTGGTCGATGGGAGCGGCGAAATCGGTAAATCGCCCTCTGGGGCTTGCACTCGCCACTTCGGAGTGGAGGATCTCGATGTTTTGATTCCATCGGCAAAGACAATGTTGTTGTATTCCAGCAGCGTTCCTTTTTCGAAGTGGATATTCTTTAACGCGATCATGTATCGAACCAACGCATCGTAGAAAGCGGTGTCGGACTGCGAAACACGGCTTTGTGCATCCAGGATTTCGTTCACGTTGACTTGGTTGTTATTCTCTTCCAAGTTTTTTAGGATGGCGAGTTGCTCGTAGGCTGCCAATCGCTGGTTGAAGGTGGTTTGAGCAACAGAAAAACTTCGAATAGCGGCCGCGTAGGCATTGCTCAAATCATGAACGACTCGCCGCTCTTTCGCTTGGAGCAATTCTTGATCTTTCGCGAGCTTCAGCTGTGCATTTTTGACGTTGTTGTACGCGCGTCGGAATCCCACGGGTAGGTTCATCTCCAGGCCGAATTGCCACTCTTGGAATTGACCGGAGGTCATACTCGCTACCGCGTTGTCGAATTCCGCTTGGCTCTGGCTCCACAAGCTATCGCCGAAGCCGCGGATGCGGTATTGCGAGATCAG
NZ_CP011272.1_gap94	3836815	3839995	3180	GCTGGCGCTGCTGCTCGCGAGCGCGAACTCATTTGGAATGCTATCGACTCGATGGCGAAACCGTCGCAGTCGTCCCCAGACCCAAACGAGTCCGCAGATCATGAATAGCATACCCGCCCCCACAAACGCACCCGCTTGGGCTTGCCCCTGCAAACCGACTCCGACCCCGAGCAGGCCCACGCCCGCGAGAAGGGATAGGCCGACGGCGAAGGTGGACCATTTCGACGATCGAATCGCAATGCCGGGCTCTTCGAACTTCCCCCGCAGCAAGAGCGTGATTGGGGATTTAGCAATGCGACGCGATGCGATATAGATGGCCACCAGGGCAGTCCCCCAACTGGCTAGCCATCCCGCGATCAAGCTGGTCGGCATGACGTAGTAATCCAAGAACGATACTGTGATGGCACCGACCCACCAAGTCTTTAAAAGAGCGATCATCGCATACGCGTATAGCATTCCTAGGCCAATACCCAAGGTCGCTCCAATCGCTGCCAAAATAGCTCCCTCGGCCATCAACAATTTACGAATGGAAGATCTCGTCCAACCGGTCGCCGCTAACAACCCCCAGTGATTGGCGCGTCGTTCGATGGAAAGACGAAACAGAAGAGCGACGAGCAGCAAAGCCGCTGCGATCAGGAAGAAACTAAGCGATAGGAAGAGGGCATCGAAGGGAGTCGTTCCGCTGGAACGCGCCAACTGTTGCTCGCGCAGGGGTAGCTCTCTCCATCCCAAAACACCCAAATGGCTCTGAACAATCGACTGCACCTTTTTCTGTACTGCATCTCGGGATGCTTCGTCGAGCCCGTCGAAACGAATGCTCGTAACGTTTCCAAATCGAGAACCGAACAGCTTCTTTCCTCGCTCCAATGGCATGAACAGTTTGGGAGTCAGTCGATGCGAATTCCAGTAATCATCGTCCCGCGAATCGATGGTCCGTTTGAGTGGAAAGGGAGTATCCCATTTGCTGATCGAGTCTTGGTCGGTGATCCCTGGAACGGTAGGAGTCCATTGCGGATCATTGAAGGGTGTCGGCGATTGCTCGAACACCGCCGGGCGATTCCGCAGGTAGGGTGTTTTGGGTTCCGTCAACGGGGCGATTGCGACGATGGTCGCTTCAAATTGCTTTTCGATTTCTTCTCCTTCGACCGTTTCGGGCAAGAAATAGTCGATGGTGATTCGGTCGCCAACGGCTAGCTTCAATTCGTCCGCCAACCATTGATTGATGACTACCCATTCGTCGCCATCGGGCTTTTGGATGGGGGCCGCGGATGGACTGGCCTGCTTCAACAACTGCGCTAAAAGCTCCCAGTCGACGGCGCTGATGGTGGAGTAGGGAACGCTTTGGCGATGGTTGTCTGCAGGCTTTGTGACGTTCCTGTTTTCGACATTGTTGGCGAGATAGGTCAGGATGGGCTTGGGAGAATAGTCCTGCGTCCCTCGAAGGATCTCATGGGCGATGGTGTCGGGTAGTAGCATTTGATCGGTCGTGATGTGATAGTAATCGAGCACAAGCGACCGATCTTGGGGGCTCGAGGCTTGAACGCGGTCGAACTGCAGTCCGAGATCGGCAAGGCTAGGGCGTATGTTCTGTAGAAGCGAAACCGATTTTGGGCCGGCGGCCTGCTCGGTAGAGGCGATAGTCGTGACCATCGCATTGATTTGATCGCCGATCTCTATGGCGTCTTGGATCGCCTTCTTGTCCACGAATGCATTGACGGGGGGACGTTGATCGCTGCGAAGGGAAAATCGAGCCAGTCCTTCATCGGGCAAGATATCGACGACCTCCCACCGAGGCATCACATACGTGTCTTGCTCTCGTTTTCCAAGAGCGCTTTCGGCCGGGACTAACGCGCTGGCGGCAACTCGAAGCGTGATCAAATCGCCGATGCGGACTCGCAAGGTATCAGCGGCAGATTGGTTGAGGACGACTTGCTCACCGCTCGGAAGTTTCGGGGGACGGTGATCACCCAATTCCCAAAACGAGGCATCGACTCCCAGTAACGTCAATTCGTTCGCCCGGTAGATCTTTTTGCCATCCTCGCCACGAACTTCGTGTTGAGCCGTGGACTGTTGTAGGTAGATGAGTTCATGAACACTACCTTGCACCTGAGTCTTGTCGAGCAGGGCGGCGGAGAACCAGCGAGGAGCGAGGAGGATGCGATCGATGTCGCCGATGCGGTCTAGCGCGATGGTACGAAGCGACCCTCGAACGCTATCGCCTACGATCAATGCGCCGACAATGACGGCGCCCGCCACGGCTACTCCTGCAATTACGGGAATCAAGAGATTTCGAAAGTGTGCAATCGTTCTGAGAATCAGCGATAGCATGGGCGTTACCCCGGGTTGGAGGGTTGGAAGTACGGTGTGATTTCCTCGTTCGCGACGTTGAGCCAGATTAGATTCTTCCAGAAGAGGATGTTGCGATCCTGGCTAGGCGAGCGAATGCTAGGAGCCATCGCTTGATGTTTGGGGCGGGTGCTAACGACGAGCAAATTCTCCACTCGTCGGTATTCACCTTCTAGCATCTCGAGAGCCAACGGAAGACCGTCGGTCTCGCCTGCGCGAGCCGTTCCTAGCCTGTCGAGCAAGGCGGTGTTCTGGGCTCGCGTCTGAATGCGAATCGCGATGGTCGGATCGCTGTCCGCGATGGCCAGGGTCAAGACGGCATTGTTGGAGGAGGCGATTTGGTTGGCGACGCTCGCCGCAAACTCGACCGCGAGGTCTTCAGTGCTCTCAAACTCTTCCCTTGTCATGCGGGAAGAGCTAGGGGGCAGACAGAGATCGAGGACCAAGATGAATTCGCGGCTATCAGACCTTTGAAACTGCTTCACCATCAATTCCCCCAAGCGAGCAGAGGAGCGCCAGTGAATCCACCGTGGACTGTCGCCAGGCTGGTAGGCCCGCAATCCAAAGAACTCCCCTTCGTCCGAAATCGATCGCGACTTGCGCTGTTGGACGCCAGTGATTTTTCCTTCAAAGAGCTCGAGCCATCCGGGAAGCAGGCGACCGATCGCAGGCTGCGCGATGAACGAAGCTGTGCTCGAGCTTTGGAGAAATGATCGCATCAGTCCGAGGGGGAATCGGGTGGAGATTTCTGTGTCCAGAAATCGATAGTTGCCACGGCGTTGGACAGTGCAGCGATATTTCTGTGATCGTTGTGCGTGAGGTGGAAGAATGGGG
NZ_CP011272.1_gap95	3844546	3849425	4879	CTTTGAAGCCACTGTTTTTCGCTTTCTCGATTTCCATCCCTGTCACCTTGATACGGCTAAGAATTTGGCCAAAGCCGTCTCCGACCATGCGACCCCAGTCGGTAGCGGCACCGTCGCAAGAACCGAACGAATCCCCATCGAAGAACGAGCCGAAGCTGCCGTAATCGCTTGGATGCGCCACCAAACGACTGCTTACGACAACATGAAAATTCCCCGAGTTCGTGGCGAGCGGCGCGAAGTCCGACGCATGCTCGCCCAACGCTCTCGACAGTTGCTAGAATCGTATCGCAAGGGGGAATCTGTCCCAGCCAAGAGCTGTCCTTTACAATCAGCCCTCCAACAGCCCCCCGCATACAACCACAACAGGTCCAATGTACCACCAAACGATTGTTAAAACGAACGCGGAGGATGTCGCGCTTGCTGCCAAGGATTGGTTGATCGAAACGATTCAAGAGTCTATCGCGACCCGAGGCTTTTGCAGTATTGCACTGTCCGGGGGTTCGACCCCCAAGCGTCTTTATCAACTGCTAGCGGAATCGTCGCTCGAAGAGCTGGATTGGTCGAAAGTGACGTTGATTTGGGGGGATGAACGCAACGTGCCACACGACCACGTTGATAGCAATTACAAAATGGTTCGCGAGGCATGGCTCGATCGCATCGATCCTCGCCACAGCCGACAACTTCCCCACGCATTCCCGGTTCAAATCTCCGTCAATTCCCCCGACCGAGCCGCAGCGGAATACGAACTCCAAATCCGTCGAGCGATCGACCCAAAAGGGGAATACACGAACGACTTCCCACCGATCGATATCATCTTGCTTGGCCTCGGAGACGATGCGCACACCGCATCCCTTTTTCCAGAAACCGATGCGCTCGAAGAGACGAGTCGACTGTTTGTTGCGAACTACGTCCCGAAATTCGCCGCCTATCGACTCACCCTAACCGCTCCGATGATCAACTCAGCGAGGAACGTCGCGTTCCTCGTATGCGGCATTTCTAAACGACCGGCCCTCGAGGTGGTTCTTCATGGTCCTCGCTACCCAAGCGAATACCCTGCACAACTCGTTGAACCGAAGCACGGTCGCTTACTCTGGTTCCTCGACTCTGCCGCGAACCCTGACCAATCCTAGACCTAGCGCCTAACGAAACGTTAGATAACCCGCTAAACCGACCTGGAACAAACTAACGCCGAACCCGACGGCATGCCCCATGTCCCCTTTCCAACGGACCAGCGCGTGGATCGTCGCAACAACGACACACGTTCCAACCCCCTTCAATATCAAAAACGGAAGAACGTCAGGGGGCTGGTCTAAATAATACATCGGTGCATCTTTTAGATTCATCAGCCAGCGTCCGACCGGATTGACCTCCATTTGTGGAAGTGAACTCGCGTACTTGATGGTGAGGAAGATGTCGTAAACGGCCACCGACGCAATCACACTCGCATAGAGCCAGCATGCTGTTGCCGATCGAAACCAAAAGGCCCGAAGCCTCCCGATCCACTCTCCAAGTATCATCGCTCCCTGCTCGTACCAGCCGTTCACCTCGGCCTGTAAGCCGGGATATTCCAACTCGACGGTACGGATACTAATGGTCTCCACAGTGTTCTCCTCGATGGAACGGGTCGCATTCGCAAACGAAGCGAACAGAATGCGATTCCTGTGCCACGGACCCCCTACCACACACCGCGCGAACTCCCTAGAAGCGTCAATACAGTCGAGAATAGGACTTAAGGGAGTTTTCAGTCCCTTTGAATGTGAATCTTTTTTGTTTTCTTCGTTTTCGTCGGGCCGAACAAGACTGCCGCCGATGCGCGGAAAAACAGCATGAGGAACCCTCCCTAAACTCACCACTCACGAAACCGCTGTCGAGTAGTGCGGTAGAAGGGCCCTTTTAAAGGAGTTTAGAACGGCGTTAGAAGGTTTGGTCGAGGCGAGGCAGGGATGCTCGGATTTTGCGCAGGGTCGAAATGGCCTCATTAGGCGGCACGGCTGCTCGTTATGCCCAAGCCTTCCGGGCAGCGGCCGCGACGGCGGTCATCTTCGACTGGTCTTTGCGACCGGGTGAAGACTCGATTCCCGATGCTAAATCGAGCCCATCGGGATTCACTGTTCGAATGGCTTCCTCCGCGTTCTCAGGAGTGATTCCTCCTGCCAACAAGAAAGGAAGCCCCAGGAAAGCCTCGGGCCGTGGGGTGAGCAAATCCCAACGTGCTCGTTTTCCGGTTCCCCCACGTTGGACCGGGTCGTGGGCATCCACCAAAAAACCGAGGATTCCGATCTGAGAGGCCCATTCGCGGCACCTCTGTGCATCCTGCGGAAATTCAGCCCCTCGCCATGAAACGGCGCGAAGGATAGGAATGGAAGCCAGCTCTGCACGCGACCGGAACCGATGAAGGTATTCCAACTCTTCGTCCCCATGGAGTTGCACCACATCGATCACGTCGTCCGCTACAAGCCGCGCAATGACCTCGGGCGACTCGTCCACAAATACCCCTACCCGGAGCACTTTCCCTTTAGCACGGCGAGCGAGATCGGTCGCTGGAGCAGGCGACAAGAAGCGAGGGCTTTTGGAATAGAAGTTCAGCCCGATGGCATCGATACCGCAGCGCAGGGCATTCTCCAAGTCCTCGGGGTGTGTGAACCCACAGAACTTGAGTCTGGGAAAGTCGATGTTCGTCCGGGTCATGAAACTTGAATGATTTTGGGGAGGCTCGTTAGAACCGGAATTGGGCACTAAAAATGATCCACCGAAAGGATATGGCCGACAAGTAACCATACTCCGAAGAAGAGAGATGCCATCACGGTATTCAGGATTTCGACAGACATAGGGTCGGACCTTTCCACGCAGCGTCGAGGCTGCTCAAAAAGTGAGGAACCGCCCATCCTTAGACTTGGAAGTCCGCAACGGTAGCGGACCTTTCGCGTGCATGCGAGCGATTCTCATCGGCTCATTCTCCCCCATGCATGAAAAATTTTCTTCTCGCCCGACTCGCTTCGCTAGTCCCTAAACTCGATGGGGATCTGTAGGGGATCTAAGGTTTTTGCCACCAAAGCGTCAGCCGCGGAGCGACTTCATTCGGGGCGAACAGAAGCGATCCAATCGCGAGATCGAGTCGCCCGTCGGAGTTGAAATCCGCAAGCTCTATCGTTGCGTGACGAGGAGGATCCAAACTCAGACCTCGCGGTGTGAACTGCTCCTTTCCATCGTTTTCGAAAATCACGATGGCGGGATGCGATTCCCTTCTCAGTCGTTCCGGTTTGACGGAAGCAGGTAAATTGGCAACGGCGACAATATCGACATCGCCGTCCCGATCCATGTCCCCTCCCTTCGCAGCGTACGCACCCAACAGAGACGCGATCCGATGGTACTTGAACCGGAGCGATCCCAAATTCTCGAGCCAACCAACCCCATGCGAGGCATTGGCAAAGTTGTTGTCAAAGGAATCGCCGTTGCAAAGCAAAATATCCATGTCGTTGTCCCGGTCCAAGTCGACGAGTTCCATCCCTACCGAACCAAACGCTAAATCGTTCGCAGTCCATGCGGTGGTGCGCAAGAACTGGTCTCCCTGCCGGCGATAGATTTCCACCGCTTCGCTCTCTTGAGTGATCAAAGCGGTAATATCGAGTTGGCCATCCCCGTCCCAATCGTGGAGCTCGACGCGAACCGCGCCGGGGCGAGGGTCTAAAACGATCTTCTCGTATTGCATGCCCCCTGATTGGGTAGAGATGTTCTTGAGCCAGAACAACGAGCCAGTGTCGCGATGACCAAACTCGGCGACGACGAGATCGGGCATGCTACTCCCACCGAGATCGCCGGCTGCAACATCGGCGACGCGGCCGACATTCCCCGCAATCAATGCAGGCTTGAATCGATCCGCCGAGGAATCCCGAAGCAACGTCGCAACTTTGCCTAGTCCATGGTCATACGGATAGAGGCTGCCGAGATCGGTGACGAGAATGTCTTGCCTTCCATCCTGATTCAAATCTCCCATTGCGACTCGCGCGGGGTTTTGTGCCCGAAACAGGAGCTTCCTTTCCGATCGACCCGGCGATGGGGTGATCAGATTGATGCTGCCGTCCCGACAATCGGTTACCAGCAGCCGACCCCCACCCGTTAGCTCCCCGTTTCCTTCCCACGATTCGACCCAACGTATGGATGCGATCCCGGGGGGGATATAGGTTTCGTCCTTCCAATCCAACTTGTCGATTTGGAATCGATCGAACCATCTCGCTTCGAGCTTAAGCGACGGTTCCAGCGGAAGAGATTCCGGCGCGCGCTCTCGGTAGTAGCGAACAACCTCTTCTATTACGGGCAGCTGCAAATCGGTTCGGCCCGATCGAGCGTAAAACTCAAAACCCTTTCGAACTTCCTCGTGCCACACGTCCCGCTCGAAACTTTTCGGATTGGGAAGAGCATGGCAATCGCTGCAAAACCGCTCGATCCGCTCGATGGACGCCTCTGCCTCTGACTCCTTTTCGTCCGGAGCAAAGTGGACCGCACTCAACCACGCGGAAGTCGGATGGCCCAAGGAACCGATGCAGAAGAAAAAGAAGATACGCGAGGCGTTTTTCCATGACCGACGGGACCAATAGTGGGTGACGTTCATGAAGCCGTTCTCGGGAGAGGGTTTTCGTCCAGTGTGCGTTGCATGTTGGTTGTTTGCATTTCGCCCGGTGACAGAAAGCGAAGGGTTAGGTCTTCATCACCGGGGGTTTCCCCATCCCGTTCGCACGATGCCTTCTTATTGCGTAACGATGGGAACGGTTCCATTCTATCCCGCTCGGCGACACAATGTTTAACCGCCAGCGGATTGGCTATACTGATGCTCGATCTGATGAACGATTCCTTTGGGAACGGACAAAGAGAAGGGGCATTC
NZ_CP011272.1_gap96	3859461	3861511	2050	GCCGCTTTGGTAGCAAAGACATTCCCCTCACCTCGATCCGGACATTGTTGCGGGTTGTAGATGGGCCCGCGAAAGAGGCTGGGATGATCCCGCCCGAATCTTGGACACAAACCATTCCACGAGCCGAGTCCGAATCGGATCAACGATGGAACGTTCGTGTCGGATCCATCCAAACCGAAACTCCAGGCACTTCAATCGAGCAGCGTGTCTTTCTGCCCGATGTGAATGCGATGGAGATCGATGTCGCTTGGACACACTCCAGCCCGAATTGGATCCTAACACTTGGGGCTCCAAAGAAATTGGAGTTGCATGTGCGCAAGATCGAGCATCGCAACGCTCTGAGTGTCACATTGCTTTTCGAAGAGAATGAAAACGCCGATTTGGCAACCGCTATCATTCCGTTCGAAGGTTTGGAGTCCATGCGTCTTCGAATTCTCTCAGACTATATCCGTGGACAATTCGCACTGGTTTGGAAGGGAAAGACAATTGCGGAGATTCGAGGTAAGGAAAAGCAGCGAAGCGCTGGGGTGCAGTCCCTGGTTTTGACCAATGTCGCGCCAGGTGGAATGCAGTTGCGAGAACTGCGGATCTCGCGCTCGACGTTTTCCATCGATTCGAGTTCGTTGGATCCAGTCGCTTTGGAGAATTCTTCGGTTCCAAAAATCATCCTCTTCAATAGCGAAGACTTCGCGGGATTTCCAACCGACTTTCAATCTGCCGATAGCAGTTTTGGCTTGGCCGGATCGGCCAGCGCACTCGGGCGCATTTCCCTTGCAAATGTAGAACGCATCGAGTTCCCTCGCAAAGCAGAGCAGCCGGTGTCCAATCGATCGGTTTTCTTCGTAGAGCTGGAGAATGGGAATAGGTATTCGTCGCATCGGATCGAAGCGGCAGGAAATACGTTTCTTCTCAAGGATACGCCGATCGCCCTCGATATCGTCTGCCCAACGTCTGAGATCATTGCCATTCATGCTCAGCGATGGAACGAAGAGCCAGCAGGTTGGCTCACTCAGCCGGGACGATCCATGCGGATTTCAACCGAACATGTCACCGCCTTGGGAGAACTCGTCGGGCATTCGCACCCAAATAAGTCCGAGCGAGGGATCTCTGTATTCGGGTGGCGCATCGCACCGGATCTTCTTTCGCTCCCTTTGAATGAAAAGGTGAGTGGAACGATCGATATCTTTACGAGGCCGGCTTCCGGTGGAGAGAACCCGGCGGCCGCCAAGCTTTCCCCCCAGTCTCGCATGGAGCGATTTGGCCGTCTTCTCCAGCCGGGTGAGCCAGCCCTTTACCTAACTTCAGGGGACAGTATTCCGGCTCGATTGGATCAGCTTCGCGATGGTCTTCTCGAAGTCGCGAGCGAGTTCTTTGGAAACACGACCATCGGATCGAGTCATGTGCGTGGGTTCCGTTACCTCGTCTATACGGGAACCGATGCACTGCAGGAAGATGTCCTGCAACGATTGCTCACGGTTCCTCGAGCCCAACGCAGCGATCCTCCAACGCATCTAGTTGTGTCCCGGGAAGGGGATGTGGTGCGAGGCAAGCTTATGGAATTGGACCCGGATTCCCTGGTGCTCGATGTGCGAGGTACCCCTCAACGCTTTTGGAGCAAGAACATCGCGGAAGTCATTTGGCTCGCGCCGCCCCCGGAGCTTGCGCCAACAGACCCGATCGGGCTAGAAGCCAACTCTCAACCCGAGCCGCCAGTCGATGCACCCATGACCTGCCAAGTCGTGATGGAACTGGGGACTGTCCTTTCCATCGTTCCCGAATCGATTGCCGAGGGGGTAATTTGCGGTCGCCACCCACAATTGGGGGAATGCAGATTGCCTCTTACAAGCTGCTCTCGGATTCTTTTTGGAGACGAGATCGCCTCCAACGCCCGATCGAGCCAATACTCGAAATGGGCGCTCCGCCACGCCATCGACCCCAAATTCATTTTAGAAGAAAAAGAAGCCGCCGATGCAGCCGCTGGACGATCGAAATGGATTGGGCAACAAGCACCAGATATCCAAGTCGAACGGCTGGATGGCACCCCCTGGAA
NZ_CP011272.1_gap97	3921909	3925451	3542	TGGCTTCGCAATGGAAGAGTCAGTAGTCCCGAATGCGAATTCGTGCTAGGACAGCAGGAAAACGTTGATATAGTCTAAGGGGCCGCGACGCCGTTTGCATCGAGTGTCGTAGCCATCGAATTCGCATCTACCTTGCCTCCCCCGCCTTCCAGCACGCAGCATGACCTACAATTCGCACGTTGAGTCCCCGGACGTCATCCTCATCGGTAGCGGCATCATGTCGTCCAACCTCGGAGCGATGCTTAAGAAAATCGCGCCCGAGCTCAAAATCCAGCTTTACGAGGTCTCGAATGAGTTGGCCCAGGAAAGTTCGAACGGGTGGCATAATGCAGGGACTGGTCACGCCGGAATCTGCGAGCTGAGCTATACTCCATTCATGCGACCCGACGGGACCGTCGACGTCTCCAAAGCGATTGAAATCTTTGGGCAGTTCGAGCTGTCGAAACTGTTTTGGGGCTATGCACTCAAGTCGGGGATGATCCAAAACGGCAGGGACTTCATCAACCCCGTCCCTCATATCAGCTTTGTTTATGGCGAAAAATCGGTGCAGTATCTTGAGGCCCGTTACAAGGGGCTGACAGCGCATCATTTCTTTCAAGGGATGGAGTTCACCACGGACCCGGAACGCGTACACGAGTGGGCACCCTTGCTCATGGAAGGGCGCGAAAAGATCCCGGTCGCCGCGACCAAGATGGACAACGGCACCGACGTGAACTTTGGCGAGATCTCTCGCAAACTGATTCATTGGCTCTCGGAGCAACCAGGCTGTGGCGTCGCGACCAACCATCGCGTGGTCGGTCTAAAGCGGACGAGTCGCGGCTGGGATGTGACCATCCAAGCCAAGGGTGGCAACAGGATTCAAAGCAGTGCCAAATTCGTATTTGTCGGTGCGGGGGGAGGCAGCCTCCCACTCTTGCAAATGTCGGGGATCGCGGAGGGGAAGGGATTTGGCGGATTCCCCATCGGCGGTCAATGGCTGGTCTGCGATAGCCCGGATATAGTCTCTCGGCATCAGGCAAAGGTATACGGACAGAGCCCTGGCGCCGCTCCGACCATGGCAGTTCCCCACTTGGACACGCGCGTCATCGACGGAAAGAAATCCCTTCTGTTTGGTCCCTATGCGGCTTGGACTACCAAATTTCTGCACAAACACGGCAGCTTCTTTGATCTTCCCGGTTCGATGCGATTGGACAATGTTAGCTCGTTGATCAAGGTAGGTCTCTACAACTTGCCGCTCGTTCGCTACTTGATCCAGCAAGGGACGCAGAGCATGGCATCACGCATGAAGTCCTTGCGAGAGTTCTATCCCGATGCGAAGGACTACGACTGGCGGTTGATCGATGCTGGGATTCGGGTGCAAGCCATCAAGAAGGAAGACGGAAAGGCGGGGATCGTTCACTACGGGACGGAAATCGTCACCGACGCCGATCATACGATCTCTGCGCTTCTCGGAGCATCGCCGGGGGCTTCCGTCTCGGTTTATTTGATGTTGGAAGTAATCAAGAAATGCTTCCCGGACTTGGTGAATGATCCGCAGCGCAAGCCTGCGTTGTTGGAAATGTTCCCTTGCTATGGAGAAAACATCGCTTCACCCGAATATTCGGAACGCTTCCCTTCCCTCGATCAACAAGCTGAATCAAATCTCTTCTCATGAGATAAACCAGAAATGGAGTTCGAATATGGTTGCCACTAAGACCAAAGCAAATACCAAGCGAGCTTCGGAAAGAAAAAAGAACTCAACGGAGCGCAAGGTCAACGCGTTGCATCAACGTTTGGCGAGACTGACGGTTCATCAGGCGAATCAATTGCTCGGCGAGAATAGCAAGACGCTACTCATGGCAGGTGGTGATCTTGAGATCGATCCCTATTGCGATGTTTTGCTTGATGATGACATGTATCGCGTCCGCTTGCCATCCGGTCAGACTGTTACAGTCACTTTGCAGAGCGCTCGCGACAAACATTTGCAGATAGATTGCTCTCATTGCACTCATCATTGTGAGCATATGGGCGCGGCACTGTCGTATCTTCTCGAATCAAAATCTGACTTAGGGCTAGCAGCTCCTCCTGACGAGTCGGTCGCTCTCGAGCATTTGACGGAGGATGAGCTATTCGAACGAGCTTTGGCCGAGCGTCGCAAGCGAGCCGAAGAAGAGAGTATGACGGTTCGGGCTTCGAAAGCCGATACGCCATGGACCGACTACGTAGTGACGAGCGCTGGTTCTGGTAAGACGTATCGTGTTGCGCTGCGAGGTACCGAGCCCGGGATTTCGTATTGCAGTTGCCCAGACTTTCGAACCAATCAACTCGGGATCTGCAAACACATATTCCATGTGATTCAAAAGATTCGCCGAAAGTTCTCGGCAGCTCAATTGAAAAAGCCATATGTGCGCAAGAGCTTGTCGGTGCGAGTTCATTATCAACAACCCTTCGGTTTGCTCTTCAATGTTCCGGAGATGCTACCACCTAAGATCTCGAGTTTGATTGGAAACGCGGATCGCATCCCCTTGGAGGGGACTGCCATGATGGAGCGTATCCAAGCTATTGAGGAAGCCGGAGTGAGCGTCCATGTTTATCCCGATGCCGAGGAACTGATTCATACCCGGTTGCTCCAAAAGCATTTGCGAGGAGTATCAGCCAAGATCCGGAAATCGCCAGCGACGCATCCGTTGCGCAAGAAATTGCTTTCCGTCGAATTGTTGCCCTATCAGTTGGATGGGATCGCATTTGCTGTTGGGGCTGGTCGCGCGATCCTCGCGGACGATATGGGATTGGGAAAGACAATTCAAGGTATTGGCGTAGCTGAGTTGTTGGCGAAAGAAGCTGACATCAAAAAGGTGTTAGTCATTTGCCCCGCCTCGCTGAAGAGTCAGTGGCAAGCGGAGATAAATCGCTTTTGCGGTCGCAGTTCGCAGTTGGTGATGGGATCAGGAAGCGAACGAGCTAAGCAGTATAGGGAAGATGTTTTCTTTACTATATGCAATTACGAGCAAGTGGTTCGTGACTTGAGCCATGTTGAAAGCGCCTCCTGGGACTTGATCATCCTCGATGAAGGCCAACGGATCAAGAATTGGGAATCCAAGGTGAGCAAGATGGTGCGATGCCTTCGCAGTCCATTCGCGCTGGTGCTCTCTGGCACTCCCCTTGAGAATCGACTGGACGACCTTTACACGATCGTCCGGTTTGTCGACGATACCCGGTTGGGGCCCGCGTACCGATTCTTTCATAAGCACCGAGAAGTGGATGATCGCGGGAAGCCCATCGGCTATAAGAAACTGGATGAGTTAAGAGAAGCTCTCAAGCCTATCTTGCTTCGTCGAACGCGAGACGAAGTGTCGAAGCAATTGCCGGATCGTATCGACGAAGTCGTTCGCATTCGCCCCACTGCCGAGCAGTACGACGTAAGCCAATCGCAGCTATCGATTGCAGCGCGAATCGCCGCGAAGAAGTTTCTTACGGAGATGGATCTGCTACGACTACAAAAGTCGCTGTTGCTGGCGAGGATGGTTGCCGATAGCACCTATCTCATCGATGAACAAGAACCA
NZ_CP011272.1_gap98	3929278	3933673	4395	GCTACCTGCACATCGAGATGGATCTGCTGGCGATAATTACTCGTGCCGCAAGGCTTCGATCGGATTCATCTTTGCCGCTCTCATCGCGGGATAGATTCCGAAGACAACCCCTACAATGAGCGAGATAAGAAAGGCGCCTGGAATGCTTTCTGGGACAATGGAAGGCTCGACCGTTCTCACCACATCGGGGAGCCCGGCCATTTGCTCTGGAAACCACTCCATCGCTAGCCAGCGCGCGCCGCGCACTGCGGGACCGCAGAGCAATCCAAACAAGATCCCCGTGATTCCGCCTGCCAAGCTCAGCACACTGGTTTCGATCAAGAACTGGCGAATGATATCTTTACGTTTTGCTCCGAGAGCACGGCGAATTCCAATTTCACGCGTTCGTTCGGTAACGGTAGCCAGCATGATGTTCATGATCCCGATCCCCCCGACCAGCAGCGAGATGGCTGCGATCATTCCCATAAAGACCATAAACATGGCGCGGGTAGTTCGCGCCTGTTCCAGGAGTTCCAGCGGCACGACGACTGCGATATCCTCCATCTTGGCATGGCCCGAAAGGGCGGATTCTACGAGCTCTGCAGTCCGTTTTACATCGGCCACTTGGTTCACTCGCAGGGTGATTTGATTGAGCTCAATCACTTCGCCTTCGCGCGATCCCGATCGAACGCTCATCACCATATCTCCGATTCGCTGGTGCAGCGTTTGGATTGGGATATAGACATCGTTCGTGAAGTCTTGTGCAGCCATCGAACCGCCGACCGCAGCCGTCGCGCCTTTGGGTTTGAGGACACCCACAACGAGATAGAAGTCCTGATTTTCGGGCATGTAAATGCGTTGACCGATTGGGTCTTCGTGCAAAAAGAGGCGTTCTGCAACTTTAGCGGAAAGGACGCAATGGGTTTCGCGGCGGAAGCAATCGGCGTCGGTGATGAAGTGTCCGTCTTGCATTTCAAGTCGATTGACTTCGAAATACTCCGGGGTACATCCGACGAGTCGGCCATCCAGTTTTCGGTCTTTGAATTGAAACTGACGGCGCAATTCACGGATGGGCAAAGCGCTTTTCACGGTCGGAACACTCGTGGAAAGCAAATCGAATTCATCGCGAGTGAGGCCGTAAGGTGTCAGCCCCTGCGCCGACATCTTTTCGCTGGGCGGTTTGATCGTGCGGATCATGATCGTATCGGCCCCCAGGCTTTCGATCTGTCGCTGTGCCTCGTCTCCAATTCCCTTGCTGATCGCCAGCAGCCAAATGACGCTCGCTACGCCGATAAAGATCCCGAGGACGGTCAGGATCGATCGCATGGGGTGCAACCAAAGGCTCTTTACGCCCAACTGTATTGTGCCAAGCCAAATGTTCATTCTTCCACCGGCATATTATCGATTGCGTATTTCGCGGCCGCATCCCGAACTTCTTTCGTGTTGGTGCGATCCCATTGCAAACGACCGTCTTTCAGTCGCACGACACGCTTGGCCCGTTTGGATACTTCGTCTTCGTGAGTCACGAGAATGATCGTTCGACCTTCGTCGTTCAGTCGTTCGAAGAGTTGCAGGATCTCTTCTGTTGTTCGAGAGTCCAAGTTTCCCGTCGGTTCGTCTGCGAGAATGAAGTACGGGTTGTTCACGAGGGAACGAGCGATAGCCACCCGCTGTTGTTGTCCACCGCTGAGCTGCGTGGGACGGTGGTCCAAACGCTCTCCAAGTCCCACTAATTTTGCCAGCTCGATTGTCCTGGCGTGCTGCTCCTTGCTGAGCGAACGACCTTGGTAGAAGAGAGGCACCTGTATGTTTTCAACCACCGTCAGCTGCTGGATCAGGTTGTAGGCTTGGAAAACGAAACCAATCCGCTTGGAACGGATATCCGCCAATTGATCGTCGTTCATTTGGGCGACATCGTCTTCACCCAATAACAAACTACCGGAGGTGGGTTTATCCAAGCACCCGAGCATATTGAGCAAAGTACTTTTGCCGGAACCTGAGGGTCCCATGATGGCAACATAGTCACCTTCCGGGACATCGAAAGTAACTCCTCGGAGCGCGCGGACTGTCTCGCTTTTTAGCACGTACTCTTTTTTCATGTCGACAACGCGACATGCGTACCGCTTGGTAGCGATCGGAGGGTTCATGGTGGACTGGGTCATGACCGTTTCTACTGCAATCCTCTCGCGCCAATCGGGCGGTCCGCGCTGCTTCCGCCTGGAGCACGTCCTGCGGGGCCTCCATCAGGGCCGGGAGCACCCTCTGCTCCAGGCGTTCGCTCACGGGCGGCTCGCAATTTCTGCATTGCCTTGGTGAGTTCCCCCATGTCCAAGAAACCATCTTGGTTGCCGTCGGCCTGGGGGAAACCGGCTGCGAGCGGGCCCATGCTGCTCGCCTCGGTCTTGCTGATCTTTCCATCGGAGTCGGTATCGATCCGCTGCATCATCCCTGACAGATCCATGCCACCGCCTGCGGATTGGCTATCTGTTTTTGCGGCGGCAGGCAATGGCTCAGCCGCGATACGAGCCAGTTGCTCGCGGTCATCGGTTTCCTCAATGACTGGGATATCCATCTTGGCAAGGTGGTTTCGGGGATTTAAGACCACCTCTTCTCCGACCTCAATCCCAGTGTCCACCGTGATGAACTTTTCGTTTGCCGCACCGATCTTAATCGGCTTTGTTTCCCAACCATCGCCGCTCTTAACCAAAACAAAATGATGCCCCTTGGTTTCGTAGACGGCCAAAATGGGGATTTGGATGGCTTCAGGAATCTGCTCGACGAAGATGCGAACTTCGGCCGTCATCCCGGTGCGAATCGTTTCCGGCGGATCGACAATCTGAACAAAGACAGCGTACTCTTTAACGTTCGAGCCCCACCAGTTGCCTGGTTCTGCGTACTTATTGACCTTTACAACGCGTCCAAGAAGCTCGTTCTCGACCGCTCCGACGCGGATCTTCACAGGCATGCCTTCTCGGATCAACGTAATTCGTGACTCGTTCACCTTCGCTTTGACTTGCATCTTGCTCGGGTCGGGAAGCAAGAAAACTGTCTGCTGCTCGCGCACGACTGCTCCTGGTTCCACGACGAAGTCCGAACCGCCCCGGCTACCTACTTTGTTCGCATAAACAACTTGCCCATCCGCAGGCGCCTTGATTTGGCAAGCAGCCATTTGGGTGAGGATTTCATCGAGTTTTTCTTTTTCCTCAATCAGGGTGTTGCGATCGGAGTCCAGCTTTGCCTTGGCCGTGGCGATATCGCTATCGAGCTGTACGAGCATTTTCGCTTTGGTCAGTTCATCAAGAACTCGAAGTCTCGCTTCCGCGGACTCGAGCGTGCTTTGTGCGTTCTGTACCGCGTATTGCTCCGCTTCGATTTGAAGCGGTTTGAGGGTCCCCTTCGCCGCAAGCCGCTCCGCACTTTGAAGTGACAATTCGGCCTTTCGGAGATTCTGTTTAGCGATCGAAATCTCGCTCAAGATCGTCTTGCGCTCGGTCAAGTAGGTGCCTTCCAAGTACTCTTGGCGCGCGATCTCGGCCTTGCTCACGGCAGCCTCGCTCGAAATCACCGTCGACTCGGCAGCGCTAACGATAATGCGTTGATTCTTGGCTTCTTGGTCCAGCGCGGAGGAGTCCAATTCGCAAAGGATGTCCCCTTTCTTCACAAAGGTGCCTTCCGGAATGACCGTTAGGATTGGAGTGCCGCTCCCCCCACGTCCTTTGACCTCGCATTTCACTTCGTTGTTGCTACTGCTCTCGACCTCTCCTTGTTCGAGGACGATGTGATCGAACGGCCCTTTCGAAATCTGCTCCAGAATCGGTTTTCCTTCGGTGGACGCGGTCGATTCGGCACGCATTTTCCACCAATAATACCCACCGCCACCGACCAGGGTTGCCGCGATCAAAGCAATCAAAATGGGACGTGCCGCCCCGCGACGACGTCTCGAATTCGAATTTCGGACCGTTTGGGCGGTTGGGTTGCTACGGGAGGAGAACCTGAGAGATTTCATAATGATTGGGGGATGGAGGTCGCGAAGGGATGATCGGTGGGCCGATGGAAGCCAGAACTTCCGGAGGGACGCTACATCGGTGAAATGCAAACGGATCTGACATGATACCTGCCAAGGCCTCTGGATCGAAGCGAGATACTGGACGCTTCGTCAAAAATCCAGGAGTTGGGCAGCATGTTTGGGAGTTGGAGGGCTTACGTGGACAACGGACTGCAGTTCATTATCGCACGAAGGCAATTGGCACCGCGACGAGGAACCCAAAGTCCGGCCACCTTAAACCCACCAATTGGCAGCGGGTTCCGGTCCATCGAGGCAAAACTAGGCTCTGGCTCCCACTTCGTCTTTCGAACGGGAGGGACCGCAGCCGCTTGGAGGAGCAATTCGGTAGGCCGCCAAGGCAGCTAACAGGG
NZ_CP011272.1_gap99	4004877	4007785	2908	TGAGAGCAATGGTGGCAAGCAAATCGGATTCCCATAGTTCCTCTCGCAGACTGGTTATTCGAAGGGCTCGACCTTCGACGCGTTATCGATACGATTCGTGACACTTGTTGCAGGATTGATCGATCTTGCTCACGGCGGACCTCGCCGACTCAGCGTCCCCTTGCTTGGTGGCTCTCGCGGCCTCGGACGCGGCGTTCACCATCTGACCAGCGAGTTCGACGTACGTGTCGTCATCGGCATCGGTCATCCCCTCCTGTTGGAGAATTTGACCGTAGGCTGCGACGAGCTCAGCGTACTTGAGGACCTCCTCTTGGCCATTTTGAAACTCTTTATCGTTGCTGGTGAGGGGAGCCAGATGTTCACGAAGCGCCCACTCGAGCAACTGCATGCTCGGGCCGCGATCCGCGATATCCTCCCAAGTCACCTCGTCGGTGGTTCCGGAAAGCTTGGAGCCTTTCAACAACTCCGCTAAATCCTGGTGCCGCAATTTGGCTTCATTGAAGACCGGCTGCGTCCCCACTTTGCAGTTGGAGGCCATTTTGGCAAATGACCGTTGACCGTATGGTGCGGAACTCTTCCAGCGAATTTCGTCGGGATATCGGTCGATGATCGCCATCAAGCTTGCCAGCAGGGTAAATTCTCGACGCACGTCTTTGAATCCTCCCGCTGCGAACTTGGCAGGTGTCGTAATGACCGAATCCAGCCTCGTCTTAGACTCCTTGACCAAATCTTCGATGGAGCTGCCGCTGATGAGACTTTTCCAAACACCATCTTTCGACGATGCCTCCTCGCCGGTGGGTTCACTCGCCACTTCGACATTCTTGCCAACCTTGGGCGAGTCGCTCGCCATCTTGGTTTCGGTTGTGCTCGCATCCGGTCTGGTCCCTTGTAGTTGCGACAAGGGGGCGTCGAAGAAGACGCCGGAGAATTCGCCCGGTCGAAAGGTAGGTGGAGCGGCACGAACAGGTCGCTTCACCGTCCGCTGCGCGTGGGCGGGCAGCGAAATGCCCAGCAGCACGCATCCGACCAGCAGCCATCGAACAAAGGGCATGCGTGTCGAGACGGGCGACGGATTCTGCGGTTGGGAGTGCATCGGTTCTCAGGGTTCCAAAACCAGATAGGACGAGCGGGCTCAGTGCAAGACCCCCGGAGAGGGAGACTCGCTCCATTATAGACGACATCCACCGGATTACGAAAACATCTGAAACTGTCCGGCGGCCTGAAAAGCCGATTCGAAGTGCCTAAATGTCGGGCCTTTCCCGATTTCCGGCTCGAGAACCACCTCGATCACATCCGCCCGTCCCGAGGTGCCGAACAACCGATGCTGCTTCATGTACCGAAGCGCCGTATCGGTAATCTTCTTCTGTTTGCGATCATCAACCCGATCTGACGGCCCCTCCCCTGCAGGCGTTGCACGCTCCCCGGTTTTGACTTCGACGAATACCAGCAGACGCCTTTTCCAGACCGCAATGAGATCGATTTCTCCAGTCTTGGTTCGGAACGAGCGTTCGAGGATGAAATACCCTTTCCGTTCCAAATAGACGGCTGCCAACCGCTCGCCAAAGGCTCCAACACTTTCGTTGGGGTAAGGGGGCGGATAGGGGCGGCTTAATTGGAATCGAACCCAACCGGACCATAATGGGTCCAGCCATGCGGTTGGGGTGCAGGACCGGCGGAGCGATGTTTGGATCGACTGCCACCTGCCTTTATGCTTCGTCGTCTCCATCCTCCGTGTCGTCGTCCTCATCGAGGTCTTTGTAGTTCACAGGGGAAATAGCCTTTTTGATCGTCTTGACCATCACATCGATCGGTGGCTCTTTTCCTGTGAACAGCCGGTACTGGTAAGCCGCTTGACGCACAAACATCTGCAGTCCCGTGATGACTGGACACATTGCCGTGCGCGCTCCTTTGATAAACAAAGTCTGCTCGGGATTATAGATGGTATCGAAGACCAACGTCTTCCCCTTAAGCTTGCTCGTTTGAAAAGGGGTTTCGTCCATGTCGGGAAACATCCCAACCGGAGTTCCATTGACGAGGATATCCGGTGCGATGGAATGACGCTCGTTCCAAGGGATAGTCTTGCCGTTGACAACTCCCGCCAACTCTTTCGCAGTCTCCGGATTTCTCGCGGTCACGGTGACAAGGGCTCGACGTTGGGCCAGACCGTAGCCGATGGCCCGCGAAACACCTCCGCTTCCGAGGAGCAGGACCGAAGCTCTTTCAAACGGATCCTCCTTCCCCGTCATCTTCGAGTAGGCTTCGGTGAGGCAATCCATCGCCGCGCGGTAATCGGTGTTGTAACCGACCATTTCTTCCCCCGCGAAGACGACCGTGTTGCACGCTCCGATCCCTTGCGAAGCCGACTCCGCTTGGGTGAGCAACGGCAGAATCGCTTGCTTGTGCGGAATCGTCACGCTCAAACCGCCGATGTTCTCTCGACAGCACCATTTCAAAAACTCCGGCAACTCACCGGATGCCACGCGAAATGGGAGATAGCGGCAATCCAGATCGTGCGCGAGGAACGACGCGTTGTGAATGAGCGGGCTATACGAATGGGCTACCGGATCGGCTACCACTCCAAACAATCGCGTGGTGGCCTGGATCGATTCCGCACGGTAAACGTTCGTCATCTGATCAAAACTCAATTGCCCAGGTGCAACTTTGCGTTCTGAATTGAAGACGCAGTAGGTAAAGGGTGCGCCATACCGCGTTGCGAGGATGCGCGACGGCGTTCCGTAGTCGCCCATCGCAATCCCGATCGTCGGAACTTTTGCATTTCGCATAAGCTCCAGGACTTTCACCATGTCGCCGAACGAGTTCGCTTGCACCGCGATCTTGACGATGTCGGCATCCGCCTTAGCCAATCGTTCGTGGATCGACTCCAAGTCGTCCGGAGTTCCTTCGAAGT
NZ_CP011272.1_gap100	4047360	4050427	3067	CTTCACGCTCAGGGAATCAGGATAGGCGAAGAGATAAGGCGTTCGCGGCTCGGCTTGATCGGCAACAAGATACGGAGCGAATGAAGCCTGCAGCGCGAAAGCGCCTGCGAATAGAGAGAGCATTCTACGGCGATAGAGCATGGCGAGGACCTTCATTCGGAGAGGGAGTTTATGGGGAGGGTAGGAGCGGCGGGCATTCGGGCTTCGACAGATTGTACCTGTCGAATGTCGGATCCGTGCAGTAGGGCCTCGCTGCCGACGGTTTCGGACCCGAAAAGATTGCCTCGAACCCCCACGTCTATTAGGATAACGATGCCTTCCTCGCCTCCCCCCGCAGAATGAATCCAGGCCATGTTTGGTTCGAATACCCGTTCCCTCCGATTTGTTTTCGTCTTGTTCTTGTGCTGCTGGGACCGAACCGTGGGCCAAGATGTAGGGGCCGCGGAGGTTGACTACCAAAAGGACATTGCACCTCTCCTAGCTGAACATTGCACCCATTGCCATGGAGTGGATGAAGGATCTCGGCAAGGTGGATTGCGTCTCGATCGCCGCGAAGATGCCTTGCGGGGAGGAGATTCCGGGAAACATGCGATCGCGCTGGCAGATGTTGACCAGAGCGAAATTTTGCGACGCATCTTGTCCACGGATCCGGACGAAGTCATGCCACCCCCGAGCGAGAAGAAACCGGTTGGGCCGGAAGGGGTAGCCAAGTTGAAGGAGTGGATTCGCCAGGGGGCAGCCTACGATACCCATTGGTCCTTTACCCCGCCCACCAAAAAGCCTTTACCCGGTAAACCAGACGAGGGTCCCGTCGATTCCTTTGTGAATCACCAGCTCCGATCGAAGAACTGGATCTCCACTCCGAAAGCTTCGAAAGAGGAATTGGTACGCCGCGTCTATCTGGATCTCATCGGGCTTCCTCCTAGCCCCGAAGAGTTGGCAACGGCTGTCGGCGAGCCTCTGGAATCGACCGTGGACGCTCTTTTGCAGAGCGATCGCTTTGGGGAGAAGTGGGGGCGATTGTGGTTGGATTTGGCGAGATACTCCGACACCAATGGATACGAAAAGGATTTGCAACGCGATCAGTGGATGTATCGCGATTGGGTCATCGATGCCTTTAATCACGACATGCCCTACGACCGCTTTGTGATCGAACAGATCGCTGGTGATCTGCTTCCAAATGCAACGCAATCCCAGATGATCGCCACCGGGTTCTTGCGCAATAGCATGATCAACGAAGAGGGGGCGATCGTCCCCGAACAATTCCGCATGGTGGAAATGTTCGATCGTATCGACTGCGTTGGAAAAGCGGTGCTGGGATTAACCACTCAGTGCGCCCAATGCCATACGCACAAGTTCGATCCGATTACGCACCACGAGTACTTTGGAATGTTCGCTTACTTGAACAATTCCTACGAGGCTCAGTCGTGGGTCTACACTGACGATCAGCAAAAAGAAATTGCGAATATCGAACAGAAGCTAAACGAGATCGACGCAAAAGTTCGGGAAAAGCACCCTGATTGGCAAACAGAACTGGGGCGGTGGCGCGAGGAATGGGTCTCGAAGCAGGCGAAATGGAGTTTCCCCAGCTTTCATCAATTGGAGAGCATAAGCGGATTGAACCATCCCACCCAAGAACCCGATCACTCGATCTTGATGAAGGGGCATACGAGCGGCGATATTTTCTTCGTGTCCAAGCCTGAGGCTCAAAAGATAACGGGATTGCGAATCGAGCTTCTCACCCATTTCGATTTCCCCCATACGGGACCAGGGCGGAGCAAGCTTGGGACATGGGGCATCCACGAAATCGAACTCTTCACCAAGGGGGCGGATGGAAAGGAGTGGGTCAAGCACAAACTCGTTCAGCCTGTTGCCGATTTTTCCAATGAGGAACAGAAGAGTGCGGATGGAAAGAAGGCGACGGGCCCCGTGACTTATTTGGTCGATGGCACCGATGACACCACTTGGACGGCGGACCGAGGAGTCGGCAGACGTAATCAACCCTCGGTGGCGGTGATGCGATTGGAGACCCCGATCGAGTTGACTGCCGGGACGGAGATCAAGATTGCGATGCGCATGTCCGACATGGTGGGCTGCTGCCGTTGGAGTTTTACCGATGCATTGGAACCAACGGTTGCACCGATTGATTATGCTGCACAATTGGCGATGGGAGTGCAGGATCGAGATTGGAGCGATGCGGAAAAGTCGGTTGTCTTTCGCGCTTGGGCCAAATCGGTTCCGGAGTGGGGCGAACTACTCGGGGAAGTGGAAGCTCTTTGGAAGAAGTTCCCGGTCGCGGCCACGTCGATTCTCCATCTGCACGAGCGCCCGTCTCGCGATCCAAGGATCACCAAGATATTGGATCGTGGCAATTGGGATCAGCCGACTGTACCGATCGAGCCCCATGTACCTGCCGCATTCCATCCATTGCCGAAGGGAGAGCCGAACAATCGATTGGGCTTTGCCAAGTGGCTTGTTGCGCCCGAGTCGCCGTTTGCAGCCCGCGTCGCGGTCAACCGAGTATGGCAGGCCTTGTTTGGGGAAGGGTTGTTGGAGACCCCCGATGACTTTGGAGTGCGTGCTCCTTTACCGGAATATCGCGATCTCCTTGATTGGCTGGCTGTCGATTTCATGGAACAAGGCTGGAGCCATAAGAAATTGATTCGCCAGATGGTCTTGAGCGAAACGTACCAGCGATCCTCCAAGGGGGCGGGATCTTTGCGAGAAGATGATCCACGCAATCGATGGCTTGCTCGAGGGCCCCGATTTCGGGCGGAGGCGGAAGTGGTACGAGATATTGCACTCAGTGTATCGGGATTGATCCATCACAAGATGGGAGGTCCGAGCGTGATACCACCCGTGCCCCAAAGCGTCCTGGATTACAACTACACGTACCCGAGCTATTGGAAGGCGGCGGAGGGACCGGAGCGATATCGACGCACGGTGTATGGATTCCGCAAGCGGTCCATGCCGGATCCGGTCGCATCGACGTTCGACGCGCCCAATGGGGACTTGTCCTGCGCTCGGCGTGTTCGATCCAATACACCTTTGGCGGCACTCACAGGGC
NZ_CP011272.1_gap101	4062508	4066281	3773	AGCGAGATTCGGATCGGACTTTAAGCGTTGTCTAAAGGCGAAGATGGAAGAGAGGGATTTTGACGCCTATGCAACTCGCCTTATGCTCACCGAAATCTATGATCCGGGACGTCATGCTGACTTGGGGATTCACTGGGGCCATTGTGAGGAATCGTGGTGGGATCCTCCTGAATCCTTGGCGGGTGTTCGATTTGAATCATCGAAAGGAGAGGAGTACTTCGCCATAGCGGATTGGCAGGAAGGGTACGTTTACTTCTATGTTCTCTCGTGGTAGTTTCACGACCTTCCTTGAGGCTGGTCAAGATTTGCAGCATGGCTTCATTGTCGATGGCTACGCCGGTTCTGGTCGTGTGGCTGTTGCCGATGCGAAAGTCGATGAGTTGAGGTAAGTTGTCCTCCTTTTCGAATGGAGTGAAAACCTAGGCAATCCTCTTCGCACGGTCGATGAAGTGTAGTTCCCCATACATTTATTTCTTCATGCGTCTTCGGAGGCCTATCCCGATGCCACCTGCGAGGCCGAGGAGGATCATGGAGCTGGGCTCGGGAACAGCGCTGTAGTTCAGAACAATGTCATTGCCAACGGTTCCCCAGGAGAAGCCTGCGGCCGAGCGAATGCTCGCGAGCGAGTTGTTTCCGCTATCTGCGGATACATTGATGCTACCAAACACGGAGTTTGTGGCTAGGGATGGTGCAGCGCTATTGGCGTAGACCAACCATTGGCGATCCGTGTCCCAGAAGGCATCGGCCCATTGGACTGTGGAACCGGTCCCGTTGAAGACCAGATTCGAAGTGACTCCGGTGTTGATGACAAGCGTTCCACCGGTCACGTTGATGACGTCGAAGTTGGTGCCGCTTCCGGTGTTGGAGTTCGCCACCAATTCCCAAGAAAGATCTGCACCGGTGTTGTAGGTTAAGCCTGCCAAGAACGTTTGCGTTCCTGGGCTATTTCCAGGCGTGTGAGAACCTGAGATCGTGGTTGATCCACCGATCGTGCCAGACCCACCCAGCGATGCACCGGAGGCTACGGTGAGGTTTCCAGTCGCGGTCGATTGGTTACCGTTGATGATCAGGGAACCAGATTGAACACTTGTCGCGCCGGTGTATGTGTTGTTTCCAGAGAGTGTGAGAGCCCCAGATCCTTGCTTGGCCAAACCGCCATTTCCACTGACGACACCCGAGAGCGTCAGGTTGGACGATGCGTTCGAGACACGCACCACGCCGCCCCCATCGTTGAGGGTCATTGCAGCGGAGCGGGACGCAGTACCACCGCCGTATTCTAGGGTACCTGTCGTACTGGTACCGCCAAGGTTGATAGCGCTATTACCCAGGTTTTGTGTGCCCGCCAAGACAACGGTGCCATCAAGGATGTTGGTCACGGATGTCAAAGCGATGTTGCCTTGTACGGTAACGGTCCCAGAGGTCGTTTTTTCGATAACACGAACACCTCCGAACGTCGATTGGTTCGCACCGACACCATTGAGCAATCCCGAAGTGAAGGATTGCGTCCCAGCGGCGTTGGTATTGATGTTTCCTGGATTGGTGCCTAGGCCATCAAAGAGAATCGTTCCACCATTCAAGTTAACACCGCCGATTTGTTCGCCGATGCGCATATCGAGAGTCCCGCCGTCGTTGACGGTGAAGAAGGTCGAGTCTGGATGGTCCGGATTGTCCGTAGCGCTCACACCGAATTGGAAGGTTCCACCGTTGTTGATCACGATGCCCGATGCTCCGAGATCTCCTCCTGCTACGTCTTGAAGGATGAAGCGACCGGCATTGACATTGAGAGTGCCCGTGAAGGAGTTGCTGTTGCCTTGGAAGCTGACCGTTCCCGTCCCGTTTTTATTGATGGTATTGGTGCCGCTTACTGTTGCGCCAAAAACCAGATTTCCGGAACCGTCCAAATTCAGCGTATTCGCGCCGAGGCCAACGGTACCCGAGAGGGACGCGACTCCGCTGTTGTTGTTTCTGATGGTTGCATCGCCATCCAAGGCAATAGGGGCAGCAAAACTGACCTCGTTCGTCCGATCAAAGGCTAAGGTCGTGCCAGCTGACATGTTCAACGATGAATTGGTAAGGCTGCCAGTTGTTCCACCTGCTCCGATTTGCAGTGTACCTCCTGCAAGCGTGACGCTACCGCTTTGACTGTTGTCTGTGGCAACAACCAGGGTGCCGGTACCGGACTTCGTCAAAGTCCCTGATCCAGCAATGGATCCAGTACCTTGGAAAGTGTAGTTATTGGAGGAGTTATTCACGACCACCGAGCTGGGAGCCACCGCTCCTTGAAGGTTGACCGCGAAATTTCCGGATGCGGAATCATCGAAAACAACAGAATCGGTTTGAATGAAATTGGTGGCAGCCAGCGATGTTTCCAATCGCCAGTTGTTCGTGCCTCCGATGTTGGCGGCGGTGCCCACGTCCCAGTTTGCGTTGGTTGCCCCGCTCCATTTTACATTCTCGCTCAAGGCAGTGACGTTGAGATCTATTCTTGTGTTGGTCGTGTCATAGATGAGCGATCCTGCAGTGCGGCCTTGCAATTGAAGATTGAATCCTGAATTGATGGCCCCCCCGTTGTAATCGATCAGAGTAAAGCTACCCAACGACATGGGCTGAGTATTCGATACCCTTAGTGTTCCACCCGCGGCGAGTCCATCCGATGCGGCGACTACTAGCAGAGGTGTGGTGGGCAAGATCGCTGCGTCGAGTCCAAATTGGAGAGTGGACGCAGGAGCAGATAGGTTCAGCGACTGAACTGTTAGGGAACCTGTGCCAGCACCGCTTGCTATCGACAAGGTGGCGTCGTTTCCGACGGTGAATCCCCCTGCCGCGGCGGTTGCAATCGTTCCTCCGTTGGAAGCCGTTGGTGCCAACACCAAAGTTCCTTGCTCAATGTTGATCAGGCCTGTGTTGGACAATCCACCGGTCAGAGCCAAGGTTCCCACGCCATTTTTTGCTAAGCCGCCTGCGCCATCGAAGGCACCGCTTAAAGTCAATTCAGTTCCTGACTTTGCAACATGAATAGCGCCTCCTCCTGCCTGAAGAGTGAAAGCTCCTGCACGGGTAGCTGTCGTACCTTGATAGTCGAATGTGCCTGCTGTCGTTCCATCGCTTGCGCCCAATCTCACTGCTGCGGTTCCAAGATTCGATGCGCCGAGCATGGACAAGGTGCCATCGAGAATATTCAAGCGACCCGTTCCCGTTGTGATGGAGACATTTCCTCCGAGGGTAACGGTACCGGCCGTCGTCTTATTGATAGCCGTGTTTCCGCCGACCGTAAAATTACCTCCGATGAGGCTTCCGTTCGTCCAGTTCTGAGCCGTAGCTCCCGACATCGTCATACTTCCCTGTTGAAGGTTGACGACACCACCGTTCAGGTTGACACCTCCAAAGGTTTCCCCTTCCTGCCAATTGACGGTCCCGCCGGAATTGACGGTGATGTAGGTCGAGTTGGGCAGATTCGGATCTCCAACTGTGCTAGCACCGAATTGGTAGGTACCACCATTGTTAACGACGATCGAGACGGGGTTGAAGTTGGTGGTAGCAATCCCTGTCGAGCTGTTGACGAAGGTGCCTTGGTCGATGACGAGGGTACCAGTAAATCCGCTGTTATTGCTGTTGTGAATGAACGTTCCTGTACCCGTTTTCCGCATGGTGCCAGCACCGGCGAAGAGACCGGAAAAGAGTGCATTTCCTGTGATATCCAACTGAGGATCGGCACCCGCGAGAGTAAAGGTGTTCGTAGCCGAACCCGCGATGGTGACGGTGCCAGTGCCTGT
NZ_CP011272.1_gap102	4080950	4084207	3257	CCGTGCATTGGTGGATGGAAGCGAGCAAGCAGGGACGAAACCAATCCCAACGAGGATCCCCTTCGTCGATATCGAGCGAACAGGTGCGAAATTTGAAGATCCGTTGCATCACCTGCAATGCACCACGCAGCTGCCCCGCACTCGTGAAGGGTCCGTAGAGCTTCGCCCCTCGGTCCTTGGGGGTACGGGTTACTTCGACGCGAGGGAAATCTTCATGGGTCGTGATCATGAGATAAGGAAATGTCTTGTCGTCCTTCAGATCTTTGTTGTGTCGAGGTTGGATATCCTTGACCAATCGATTTTCAGTCAGCAATGCATCGACTTCGCTAGCGCAGAGCATGAAGTCGATATCAGCAATCTCGTGAATCCATTCGGCGGTACGGATTTCCTCGGCTGCCGCAGCGTGGAAATAGCTGCTAGCTCGGGAACGAAGATTCTTGGCCTTTCCAATGTAGATAACGACCCCGGAGGTGTCCTTCATCAGATAGACGCCTGGGGACTGTGGAAACTCGCGAGCTTTCTCGGCCGATCTGCGAAATCCAAGGTTGTTGCGGAGCAAGTCATCGACGCGCCGTCTTAATTCAGGCGTGTCCTCGGCTAGGTGCTCGTCTCGTTCAGGAGTGTTCGCATCCCATTCGATTTCGAGTTCTTCCAACTCGTTAGTCGGTTCTCGTTCATCCATGGAGGATTTGGTGCAAGTAAAAATGGTGTTTGCCGAGTTTTCCGCCGTAATTCCCACCGGTGATTTTCTGAACACCGCACTGCACCCCGGCTTGGCATGCAGCGAGGATGCCCACTCGCATCGCTTCGGCGACACCCGCGGGAGAAAGGCCGTCGATCACCAATTCCAATGCGGCGCTGGCTTCGTTCGGGATGAGGGAATCGGTCAATTCTCGAAGGGTCGGACAGAACGCATCGTTGGTGGAGGCACCGAGCATTTTGTATTTCGAGCCCACTTTTGATCCGCTTCGCGCGACCCCTCCCGGAAACGGGGTGATGCAATCCGGTATTTGCTTGATGGCTTGAACGGCTGCATCGCAGGCGCGGAGGGCTCCGTGAATGGTTTCGGCCAGCACCAGAAAGTTTCCGCCTCCGACGGCGCTTTGTCGGGCAATGGTGTCTTGGCAAACGAATTCACCATCCATCACTGGGATTCGCCAATAGCGTTCGTTTCCGATCCGTTTCGAAATCTGGAATCCATCTCCAAAGTATCGTAGTTTGGATCCCATGGCGATCCGCTTCTCGCCTTGCATGGTTCCGAACACAGATGTGCTCGGGCAAGTCAGTACACATTGGCCCACACGTCGGACAACTTGTTTTTCCAGTTCGCTTCCGGAGATGCTGAACAGGAGGACCGAGACACCTGGCCTACCGTCTGGGGTCTCCGATTCCGAGACTTCTCCTTCGATCCCGGCCTCCACTCCGCAGCCGATGACGCTGGTAGCGAACCCCGTCATAGCTTCCGCGGCTCGCAGGGCCCACGCCAATTCGGCAGCGGTGATGACGATCCGTGTCGCTGTCATGTCAAAAGCCTCGGCGAACGTATTTTCGATCTCGATTCCGTGAATCTTCATTCCTGACGATAAAACCTGCGGGGGATGAATCTTGTGTGGAGAAGGGCAGGAAGTGCAGACCACTATTCTACGTACCATGGTCGATCGAACAGAAGCCTAAAGAGCGAGACTCTCTATTTATTGCTTCGGTTACTGGCGAACCCAGGTCGTTTTGAGGCATAATAGCGTCGCCCGATGGGCATGGATTTGGGTAGGCTCTGTCAGCTTCCCCGTTCTCGCACGCTGAAAACGCCATCACTGGACTCGCCACTATCATGGGACGAATGGAAATCGGATTCGAAACCCCGTGGGCGCTCCTGCTGCTTGTCGTGATCCCAATCACGTGGTGGATCGGTCGACGCTCCCTAGCCGGCTTGGGACCATGGAGGCGATCGCTGGCCCTTGTTTTCCGTTCGGTGGTATTGCTGCTGATTGTGCTTGCGATCGCTGGGGTTCAATGGATCTGGTCGAGCGATCGGTTGACGGTCATTTATTTGCTGGACCAGAGCGACTCGATCCCGATTGCCAAACGGCAGTTGATGCTCGACTATGCGATCGAAAGTGTGAAGAAGCATCGGCGGACCAATCGCAACGATCGCGCCGGTCTTATTATCTTTGGTCGAGAAGCGTCGATCGAGCTTCCACCCCTCGACGAGGATTTGCCGAATATTTCACGGCCTGAGGCGAACATAGGTAGGACCGATGCTACGAATTTGGAGAGCGCTCTCAAATTAGCACAGGCTAGCTTTCTCGAAGATTCGTCCAAGCGGATCGTGATCCTCACCGATGGCAATCAAACGCTTGGGGCCGCCGAATCGACTGCCCAGCGCTTGGCCGAAAACGGGATCGGCATCGATGTCGTCCCGATCCGTTTGGATTCGAATACCGAGATCTTGGTCGAGAAGATCGATATACCCGGTTTCGTGCGCGAGGGGCAAACCGTCGACGCCCGCGTTGTCATCAATCGCTATAACGAGTCGGGGAACGACGAGCCGGTGGACGGTCGATTGAAGGTGGTGCGCCGAATCGGTAATCAAACCGAAGTCCTCGCGGATGCCCCTTACCAGCTCGATCGCGACACCAATGTTATTCCGATTCCTCACAAGATCGAGACGAATGCAGGTTTCGTTTACGAAGCGGAATTTATCCCGGACGACAAATCAAGCGATACGATCCCACAGAACAACAAAGCCACGGCGTTCACCTACGCACGGGGCAAGGGACGCGTGATGTTGATCGAGGATGCAAACCGTCCAGGGGAATACCAGAACTTGATCGAATCCCTTCGGCGAAACGATTTAGAAGTGGACGCGCGGACGACGTCGACCATGTTCACGAGTCTAATCGAGCTGCAGAGCTACGACGCGGTTATCTTGGCCGGAACCCCACGCACGACGGGGGACGAGTCGACACAAGTCGTCGCGTTCAGTGACGAGCAAATCAACATGCTGGTGCAGAGCGTCCAGCAGTTCGGGATGGGGATCGTGATGATTGGAGGGCCAGAGGCATTCGGTGCCGGAGGTTGGACCAACTCCAAATTGGAGGAGGCCATGCCTGTGAACTTCGCGATCAAGAACAACAAGATCGAGGCCGTGGGCGCCCTGGCCATGGTCATGCACGCGTCCGAGATGGAACGTGGAAATTACTGGCAGAAGATGATCGGCAAAGCGGCACTCGATGCGCTCGGTCCCCAGGATTATTGCG
NZ_CP011272.1_gap103	4103065	4104458	1393	GGCGAAGCCTTTTTTGCATGCATCGAACGAATCTCCGCGGAGAGATCGTTGAATCGCGATGTTCGGGTGCTCAGCGATATCCGCGCGAGTGATTCGCGGGGCGTTGGGGCGGGATCGGTGGGTGCTCCTCCCGAAGTCATTCCAGGGAGACAGCAAGATGCGAGGAAATACTTTCGGCGCAAGGAGTCGATCGACGCGGTCGCGACTGCCCTGAAGCTCTCGAAGAGCACCATTGCGAAATATCTGGTTGAGTGGCTGGAATCCGAACCCTGCGAGAGCATCGAGCCTTGGGTGAGTCGCGACGTGGAGGCGAAGGTGTTGGAGGCGGCCAGGGTGACGCAGGCCGATCGTCTGAAGCCCATCTTCGAATACTTGAAGGGGACGGTGGATTACGAAACGATCCGCATCGTGTTATCGTTTCAAGGGTCGCAGGTCGGTCGCTAAATCCGTCACGGGGTGAGCAGTAGGATTTCGAATGGTTCAACCATTTGGCGATCTTCCTTTTTCTAAAAACCAAAACGGCAAGACAGTGAATAGATGGTTTCAGTGAAAAGCGGGTTGGATGTTTTGATCGACGAGGAGTTTCAGCCGTTGCGGGGCAAGCGAGTTGGGTTGGTTACCCATCCAGCGGCTGTCGATCGCACGTTGCGAAGTTCGCTCGAGCGATTCGCGGAAGCCCCGTTGACATTGTCAGCCATCTTCGGGCCCGAGCACGGCTTGCATGGCCAAGCACAGGACTTGATCGGTGTCACGGAAGAGGAATCCAGGACCGTTACACGCGTGGTGAGTTTGTACGGCAAGGATGTCGCGAGTTTGCATCCCAGCAAAGAGTCCCTCGAAGGCTTGGATGTTCTGGTGATCGATTTGCAAGACATCGGGACTCGATTCTATACGTTCCAAGCGACGATGTTGTATTGCATGCAAGTCGCGTTGCCGATGGGACTCCCCGTGATGATCCTTGATCGCCCCAATCCTTTGGGCGGTTTGGAGGTCGAAGGTCCTGTATTGCGGCCGGGCTATGAAAGTTTTGTCGGTGCGCATAACATCCCGGTGCGCCATGGTATGACCATGGGCGAATTGGCGCACTTTTATGCGGATAAACTTGGGTTGCCCGGTGAGCTTTTGCAGGTTGTGCGATGCCAGGGGTGGGAGAGGGATCGTTACGCAGACGAAACGTGCATGCCGTGGGTGATGCCTTCGCCGAATATGCCGACTCTCGACACGGCATTGGTTTATCCGGGGCAGTGCTTGTTCGAAGGAACCCTTTTGAGCGAAGGGAGAGGGACTACCCGACCATTTGAAATCTGTGGCGCACCGTGGATCGATGCTTCCCGTTTGGCGGAAGAAATGAACGCTCAGGGGATACCCGGTGTTTATTTTCGACCGGTTTGTT
NZ_CP011272.1_gap104	4151116	4154299	3183	ACCGAAGCAATTCGATGGTGAAGTCACGTCGAAATCGCTTCGAGAGATCGAACCAACTGAGGTAGATGTCTCCGAAGGACTCTTCTTCCAAGTCCTCCGGATCCAGCAAACACGTTAGTTCCTTCGGCGACGTCCATTGGATGGCTGTGATGGTTGTGTTTCCGATTCGAGTTTCGAATTGACTTCATCGTCCGAGTTCGAGTCTCCACCGTCTTCGGACGATTCGGTTTCTAGGTCGGACTCGTCGGTCCGTTCCGAGCCAGGTTCTTCAATCGCCACCGTTACTGGCAGTCGAAAGACCGTTTCCAACTGCAATTCAGTCGGTTCGGATTTGAGTAGTCGACGGGCCTGACCCGAGTCAACAAGCCTTTCAGCTTCCTCGTCGGTACATTCCAAAAGTTGGTTGGGGATGATGGTAAAATCGGTCCCACCCAACGATGCGAGCACAATCACATGAGCCATAAAGATTGATCCTAGAAAATGCTCGATCGGGGCGAGTCGATCGAGCACGAAGGGAGACTTGAAACGCAAACGATGATTAAGCTTGGGTGAGCTTCTTCACTGGGCATGGGGCGTCAGCGGTCCAGCGCTGCAATCGTCCATCCATGGCCTGGTACCCCATGAACCCAACTTGCATTGTCTCCGCGAAGCGTTCAATGAGCTTCTTGATAACGATGTTCCCGACTTCTCGAACCTTGTAGTATCGGAAGTCTCCGTAGAGCATCGTTATTTGTGTGGTAGCGATCGTACTAGCCATGTACTGGTTGTAAATGATCGCTTGGCCGTTCAGAGTGTCTGGGACTCCATCCTTCAATCCGGATGCCCAAAGATATCGGCCTTGGGTATCCTTCAGCAGCCGCAAAGCTTGAATCACAATATCGTGGGCCATGTACATGCCATTCCCTCGATACGTTGGATCCACAGCATGCTGCAGTTTGACCGTGTCGTCTGCGCCAATGGCGGCGGCGAGTGCGGCCGTTACTCCAGCTGCAGCCTGTGTCACGACCCCTCCTGGCTGGGTGGTTCCGTTGCCCAACGTTGCGCGACGCAACTTGATGCGTCCTAGTCTCTCTCCAATCATGCTCCCCACAATCAGATCAATTCGGGGCAGGGAATCACGACTGAGTTGTTCGGAAACCTTGATGAAGTTCGAGGTGAAGTCGTAGGCTTTTAGAGAGAGTTGCTGTAGGACGGCATCTGGTTGAGCCAGCGCGTTGATGTCCTGGGCCTCGTTGATCTGAGTCCCTTCGTTCGCTGTGTCATCACCAATCGGCCACTTGATCTCCTCGCCCGTTTCGGTTCGCATCAAATCCACATATGCGAAGAATGGACTCGTTGCCAACATCGCCAATTCAATCGAATTGATGAAGGTGATTGGGACCAATTCAGAACCGGTCCCGACCCCACCCTTGCTCATGCTCCGGTGTTCTTCTTCGAGCCGATCTTCAAGAAGGGCGTGGTTTGTGAGCCTTGCAGCCCGTTGAAGCCGTTTGTGCTTTTCGGTGTCGAGCAATTGGCAACGGATGGATGGACGGCTAGGTTCTACTTCGAGTCGCTGGCACGCCGAACGCATATCGCGATCAATCAGATCGGGATTGATGTGCGAGACGATGAAGGCCCGCATGAACTGCCGCTGGTCCGCTTGACGTTGAGCAAAAGCACGAGCCTCCTCGCGATCCTCGAAATCCTCACCGTAAGCTCGACCGGTGGCCGGGTTGGTGTCATCGAGTCCAGGCTTTTGTTTTCCGTGTTGAGTCGAACGTCCTTCCCACTCGTTGATCTCGGTGATGCGGTTATTGATCGACTCGTCATCCTCGAGCGACTTCAGTTCATTCTTCAAGGAATCGTATTCGGCGTTGACCTTATCCCACGCGGATCGCGTTTCATCAGGCCAGAGACTGACTGCTGGATCTTTCTCGGAAGCCTTTTTTCGCTCGTTATACGCCGAGCCTTGTTTCTTGATCTCTGCCGCAAGCTCAGCAGCCTTCTTACGCTTCTCTGCAATTACACTCATTGTCTTACCTCGGAATGTCGGACCCACTATGAATTGACGGTGCAAGCCTTACCGGCTGCGATTGCTGCCCACCGTCGCGTATGAACGCTGGCAAAAGTGAGATAGTCCAACGTGCCAGCGTCTAGACGTCTGGCCCGTGAGAGTCACTGGGCAAATTCCGGGGACAATATACAGGCACAAAATTTACGGTTGCAAAGTACCTAAACCGGCGCGGTCGCCGCGTAGACAAACTGGATTGTGCCTCGATCCAAATCAAGGTTCGAGCTGTCGCGAATCCTCAGTGCAAAGAAGATCGTTCGTTCCAACTTGGTCAGCGATCGTGGCACCTGAACCGTGTAGCTAGCGCCCGAGATCGTGGGCGGGATCGTTGCGAGGTGCTTCTGGTTCTTGTCGCATAATACGAAGTCGCAAGTTGGTAAGAGAACTGGTTCGTTAGCGGCATCGCGGACTGTTCTGGCTATCGAAAGATCCGCGTCTACGCTCGCCTGGATTGTTGCAACAGAGTAATCCCTGTCGTCCATACCTTGGGTCGGTAGCACCGCAATCGATTGGATACGAAATACCTCAAGCCAATCGTTCCAGGATGAAGGTTGAGTTGATCCACGAAACAACCTCCACACCGTAGCAATGCTGGGATCGACTTCCACGCTGTAATGCCCGCTCTCACCTTCTATCGGATACTCCGCGTTGGTGTCCCACGCGGCAAGCGAGGAGCCTTCAGGGAGAACGTAGAAGTCCAGGACACCAGATTGTGCGGTAAAAGTGAGTGTTTCCATCGCTGCCAACTATTTGTTGTGAAGAGAAGTTTTTTACGCGGCTGCCAACTCTCCGAGCGTTTCGGCCAGTCGCTCTTGCACCATCTGCATGTCGAGGTCGGGCCAATAGACGGCTTTCAATGCACCGAGGATCGCCACCAGCAACGTCGGGAGCGATTGCTGCACGGACGCGTTGGATAGTAGATCGCTCATGAGTCCGTTCTCGACTGCGTCGCGTTGGGCCTTTTCGGCTTGGTATCCAGCGAGCTCCTGTTCCATTTGCGTTCGCGTCTCGCTTGGACCTTCAGGAAGTCCCGCGATCGCGGCCGTCAGCTGCGTGATGCGTTGAACGAGCTGCGCGTTGTAGGCCTCGCGTTGGGCCCGCGTCGCGGCGTCCTCGAAACTGAGCGTGTA
NZ_CP011272.1_gap105	4157520	4159367	1847	TTGGCCCGCCATTCCAATCCCAAGGAGACCTCGATTGATTTCCACGTTGCCCGTGTTGCCGCGAATCGCGAGGTCATCGGTTAAGCCGGAGTAGTCATTTTGGCCCGTACCGATAGATGGGCTGGCAGATATTACGATGTCACCGTAGATCGCACTGCCAGAGTAAGTACGACCACTGATCGCACCCGCGATGTAGCCACCGACCTGACTTAAGAACCCAAGCCTGGCATTTGATGGCGTACCAAAGTTGCCGCCAGTATCAGAAATGATTTGCAACTCGCCTAACCGCGTCTTGCGGTAGAACGCGTTGGCCGAATCGCGAACCTCCAGCGCGGCAGCACCCACGTTCCAGCGCAGAAGATGCCCGGCCGCTCCACCGATTTGGAGGGTTCCCGTGATAGACCCGTTACCACTAGCGTTGAGGTCCCCAAGCTCCAGGCCTGCGCGGGCTAAGTCGTCGTTGGTGTTGAGGCGAAATACTTGCCCCGTCGATTGGCGAATTCGAGGACCGAGCAATCCGCCGATCACCACGGACGCGTTGAAAACCTGGCTCGCAATGAATGCGTTGACGGTATCTAAGCGAGGGATGTTGGCCGATAGTCTTGCATCGGAGATCGTTCCGCTAAGCTTGCTCGCCGCGATCGCGTTAATCCACGCTGGATCCGAGTAAGAGAAGTCGCTGCGGACAACCTGGGGCGAGAGCCGTGCGTTTGCGAGCGTGCCGGTGATGAGATCGGATGCGGAGCCAGACGTCGCGATGGGTGCGAGGTTTGCTGTTGGAGTGTATGCAGCGAGAGCGGCCGTAATCGCTGACTGTACATCTTCAGTACTGAGTCCACCTTGACGAGGTACGCCTGGGGTTACTCCCATTTCTCAAGCTCCCTTAATCTTACCGACACGTCGTCACGGGATCGCCAGAACTCGTTTCGTTCTCCGAGTAGGGAGGTTCGCTCTTGTGGACAAATCGATCGACTCGACGTCGCAGCGTTGTATGCGGGAAAGGTTACGGGACCAACGTCATAGCAGACTCCAATTTCCTTGATCCATCGAACATCGAAGGTCTTTCCTTCGGCCTTGATCGTTTCCCAGATGGTGGCCGATGGATAGAACGAGAAGCTAGATCCGGTCACATCGCCATGTGTTAGCTTTTCGGCCACGCTTTGCCACTGCGGATCGTTCGTCGATTCGTCGCACTCGTAGTACAGTCCGACCCCGTCGGTGTTGATACGGCACGTGCCCGAAAGCGTTCGGCCTAAGACGTAGTTCATATCGTGATTGAACAAGCACCGCACATCCTGGCCTTCCTTGATGACACGGTCAAAGGCTCCTGGCATGATCCTCTCCACCAAATCATCCCAAAGCCAATACTCAGTTTGAGGATCCGACTCGTTATAAAACACGGCGCCGTAACCCCGAATAACATTCGAGTCACTAGTGGCGTTACGCTTCTGAATCACCAACCGACGTTCGGTTGATTTCATATTTGGCACAGAGAATCGTCTATGGTGCATCATGGCTTTTCACCCTTCAGGAGTTTGTCGATCCATTCTCGGCTGCTCGCCTCGGCGTGGACGCGAAGGCTAGACGCGTCCAGACCGAGAAGCGAGTCAAACCACTCGTTCGCCTCGTTCGCATAGGTCGATCCGACCAGGGCGGAAACGTTTCTCATGACGTTCTCTACGATCGCGACGACGTTCTGTCGATCTTCCTCGAGAGGCTTGTTGCGATCGCTGCGTATGCAGATTCGATTGATCGCTCGACCAAAAGCCTCCTCGAGGAGAGCTCGATATGCGGTACCGTGAGATGAGTGGACGCGAGAAGTGCGTTTGCGGCGTCGAGACCTGAAA
NZ_CP011272.1_gap106	4162925	4163673	748	GAACAGAACTTCGTCGCCACGATGCGGAGTTATGTGGTCGACAACTGTTGAAGCGATGTAGCGATCGTCTTTAGCGCACTCCACACAGATCGGGTTCTCGCGGAGGAAACCGATGCGAGCGTTCCTCCACTGTCGATCGTAACCACGCTTCGCGCTGTTCTTTCGCAATGAAGTACGCTTCTGCAATCGACGGGCGCGATCAGCCAACGCTTTTCGGCGCCTCTATGCTAAGCACCTTGGATGCTGCCGCAGCCGCTTGTGCTTTCAGTTTCGTAACCTTCTCGGGCCCAAAGGCCTTCAAGTACTCCTCTGCCCAAGCGACCGAAGCCCTACCTTTGGTCCAGCAAAGCGTAAATCCACATCGAACAATCGATGATCGCTTGGAGCGTTTTAGCTCTGCCTCAAAATCTAGCTCGAGCTGCTCGCAGCGACTCTGTAGAGACTTCGCTTCACGCGTGTGTTCAAGTCGCTTCGTATTGCAGCGATGCCATTCCTTGAGTTTCTCTTCGAGAGTCATGCTGTCCTATCGTCTTTCACACGTATGAAAGGGCTGAGCAAGTATTCACACCATCGCCAAAACTCAATCGCATCAAGGAATGGATTCAACCAATCCGACATGACACAATATCGGACTTCGAACGGGCTCCGATGATGTTCACCATGATGGCGAGGACTCTGAAGCAAACCGACCTCTTGAAGCATGCGAATGAATGAGCTGCATATTTGGTGAGCCCAAGCATGAATCTCG
NZ_CP011272.1_gap107	4180226	4183330	3104	CTGGCATCGTTTTTCGCACTCGGCACCGAAGCGAATGGCGGGGCGGAAATAGCTGTCGTCGCGTTTCCCGGCGCAGAGGGATGGGGAGCCGTTAGTCGAGGTGGGAGAGAAGGCAAAGTGATCGCCGTTACGAATCTCGACGCTTCGGGGCCCGGAAGCCTGGCCGAAGCTTGTCGCACGGAGGGACCTCGCATCGTTGTCTTCCAAGTGAGCGGAGTTATTCGAGGCGACATTCGGATCACCCACCCCAATATCACGATCGCAGGACAGACTGCCCCGGGAGCCGGGATCACGATTGAAGGAGTTGTCTCCAGCTATGACCACGGGGTGCACGACGTGATTTTGAGACACCTGCGGGTGCGTCCTCGCCGCGCAACAGGAGCCGGCGGCGATTGCATCCAACTAGGGGGCCAGGGCCCACGAAAAACTGGCACTTACAACATCATGCTCGACCATCTATCGCTCAGTTGGGGAAACGACGAGATGATCGACCTCTATCATGCGCACCATATCTCCGTCCAATGGTGCACCATAGAACAGTCGGATAACCAAGGGCATGATAAAGGAGAACACAACTACGGAGTTATTTCCGCAGCGGAGGATAGCGGCGCCGTTTCCATTCACCACAATTTGTGGGCGCATCATGCTCGAAGGGTCCCCTGTATGGCACCTTACCGCAAAGATGCTGCAGGCGATTTTTGCAACAACGTGATCTACAACTGCAGGGGTGGCTACACCGACGATGGTCACGGCGATCGCGCGAAAAGTGCTGTCAACCTTCACAAAAACTACTATTGTCGGGGGCCTCAAACGAAGGATAGGATCTATCCCTTTGCTTTATCACCCAAGATGAACTATTTCGTCCACGAGAACTACTTCGAAGATTGGGGCGTCCAAGGGCATCCCAAGTATTGGAAATGGGGAACTCAGCCGGGTAGCGCGCCGAAATGGTTGCAGTTCAACAACAACGGAGGTGAGTTGGATGTTCCGGCTGCTACGCCCCCGATCCAGCTTGTGAGACCGAAGGATGCCTACGAGTTGGTACTCCGCAAAGCAGGCTGCTGGCCTCGAGATCACGTGACCCAACAAACTATTGAAGAGGTCCGATCTCAGACTGGCAGCTGGGGACGCAGCGCTCCCCCGGCACCGAGCGACGATTGGTTCCTACAAGGTCTCGAGAAGGCTGCTCCTCCCCAGGATTCCGATCAAGATGGAATGCCCGACGCTTGGGAACTTCAGCATCGGCTGAATCCTATGGACCCGCTCGATGGCCAACGAGTCGTCTCTCACGGGGAATCGGATGACGACCGCCACGCTGGCTACACCTTTGTAGAGTTCTACCTCAACGAGTTAGCAGATCGATGAACGACGATACCAGCAACACTCCTTTGCAAGAGAGCATTGCCTTCACGATTTGGGTAGATGCAGACGCGGCACCTCGCGAAGTCAAAGAAATTGTTTTCCGCGCTTCCAAAAGGCTGGGTCTTCCAGTCCGTCTCGTCGCTAATCAAAGTATCTTTGCACCACCCTCCGGCGGACGAGTTCAAAGTATCGCCGTTGCGAGTGGTGCGAACATGGCGGATCGTTATATCGTCGACCATGCGTGCCCGGGTGATTTGGTGATCACCGCAGACATCCCCTTAGCCTCCCAACTGGTTGATCGAGAAATATTGGTTTTAGACCCTCGCGGATTGATCCTCGATGCCAATAATGTCCGCAGTCGTCTGGCTGCCAGAGACTTGCTCGATGCGGCGCGTGGGGCGGGGATGGAAGTGTCTGGGCCCTCTCCTTATAGCGCTCAAGACAAAACGGCATTTGCATCCGCCCTCGATCGAATCCTTACCAAAGCAATGCGAAAGAAATCCTAGGAATTGATAACGATGAATTCGAACTCATACCGCTTCCTTAGGTGGCTATATTTGCTTCTGTCGTTCGCAGTACTTCAGAACATGGCCATGCCCCAAAGTGCTGGCGAAGGTGCAAAGCTTCCAAACCTTCCCAAAGTCGAACGCGAATACCGCGGAGTGTGGGTCGCGACCGTTGCAAACATTGATTGGCCGAGCAAACCAGGGTTATCTACTCAAGAGCAACAGCGAGAAGCGATCGAGATATTGAACAAGGTCGCGGAGTTGCGAATGAATGTGGTAGTGCTTCAAGTGCGAACCAGCTGCGATGCGTTGTACGAAAGCAAACTGGAGCCCTGGAGCTACTTTTTGACCGGAAAACAAGGCGCCGCGCCAGATCCCTATTACGACCCATTGGAGTTTTGGATTCACGAAGCGCATCGCCGCGGGTTAGAACTTCATGCATGGTTCAACCCCTTCCGGGCAAAAAACTCGGGACAGACTTATGCCGACAGCTCGAGCCATATCAGCCAAACCAAGCCTCAGCTCGTGAAGCGATATGGGAACGATAAGACGAATTACCTTTGGCTGGACCCAGGTGAGGCAGAGTCACGCGAGCATTCGTTGGCTGTTTTTCTAGACGTACTTCGTCGTTACGATGTCGATGGCATACACATCGATGACTACTTTTACCCCTACCCCGTCGACGATATTCCCTTTCCAGATGATCCTGCTTGGAACGCATACCAATCGGCTGGAGGAAAACTCGCGAGAGACGATTGGCGACGCGATTCCATGAATGCTTTTATCAAGCAACTTTATGGGGAGATCAAAAAGACGAAGCCGCACGTGAAATTTGGAATCAGCCCGTTCGGTATTTGGAAACCCGGGTATCCGGAGAGCGTCGCGGGATTTTCCCAACATGACAAACTGTACGCGGATGCGAAGCTCTGGCTCAATGAAGGATGGTGCGACTACTACACTCCTCAATTGTACTGGTCTATCACGGCCAAACAGCAAAGCTTTCCAGCACTACTCGCTTGGTGGAGCCAAGAAAACCTACAAAATCGTCATCTCGCGCCGGGTCTCTACACGGGCCGCATCGGTGACAAGGGACGTCCTTACTCGCCCGAGCAGATTGAGAACCAAGTCTTTCTCTCCCGATACATGCCGGGCAGCCATGGAGCCATTCACTTCAGCATGAAGGCCTTGATGGGAAATCGAGAAGGGATTAGCGATCGATTACGAGAGAACGCTTAC
NZ_CP011272.1_gap108	4232446	4235848	3402	GCAGTTCTTATCGATACAACCGTGTTGCAATCTTTGCCAGAAAGAGAATTTCGCAGCGGAATCGCGGAGATCGTCAAATACGGAGTCATCCTCGATCCGGAGCTGTTCCAGTGGATAGAACAAAACGTTGCACCTATCCTGAGCCGGGAATCACAGGCGATGGAGAAACTGATTCAACGTTCGTGCGAGTTGAAGGCCCAAGTGGTATCGAGCGATGAGCGTGAAACGACGGGACTAAGAGCCGTCCTCAATTACGGTCATACGTTTGGCCACGCCATCGAGGCCATCACCACCTATGGTAAGTATTTGCATGGAGAGGCGATTTCCATCGGGATGACGATGGCCGGGTGGCTGGCTGCCGAACACAACCTCTGGCCGCGCGAATCGTGGGAGCGACAGACTCAGCTTTTAAAACGTCTGGAGTTGCCCACCCGATGCGAGCCAGGAATGGACTGCGAAGCAATTTTATCGGCGATGCAATCGGACAAGAAAAATGAGCATGGAGTACTGACCCTTATTCTCCCCGTGAAAATCGGGGAAGTTCGCTCGGTCAAGCATATGGGTGCGGACGAGGTGCGACGGGCTATTGAAGCATTTCTCTAGTGGTACCGCGGTTTAATTGCTTTCGGCTCGATAGTTCAAGACACCTTTCGACACATACAAAGGTATGATCTGACTATCCACTTTTCCGCCACCCAACAGCGGGTCCTTCTGAACTAACTCTTGCACCGAAGCTTCTCCTGTATTTTTCAGGATCGCAACGGAGAGCCGTGGGGAACGATCGTCGAATTGAAATGCGGCGGAGGCTTTGCCTTCTCGCGCGACCTGTTGCCAATATTCCCATTGTTGGTTTCTTTCTGATTGCGAAGGGGCTTCCACGGACTCTTTCTTCGTGAAGAGAGCGAGTCGATGCTCCTCCATGCCGACCGGATCCAAGATCATTTCGAATTTCCCAAGCTCGCGATCGATACCGTTGATTTCAAGTTTCATGAATCCTTGGTCGACGTATGGGTCATCGCGGAATAGCTCGGGAACTCGCTCTCGATCTTGCGCCCGAACTCCGACAATGCCTCGCAAGGTTTTTTGAGGGTCGGCGACGGGACCCGCGGCAAAGAGCAGACCTTTTTTGCCTTGTGCGACGAAGTTATCGATGTGGAGTTTTTGCATTTTTTGCACTTCCTCTTTTTCGACTCCTGCCGTGGTGCGTCCTGTCGTGAGGAAGATGAAAAAGCTTCGCAGCTGGTTCGGTTCCTTCTCTTGCGCTCGAGCGTTGGTGGTCAAGCAAACGGATAGAATCAGCAAGGGAACAGTGGCGTATTGGATGGATGCGAACATAGGGGAAAGGAGCCACGAAGAAGGAAAAAGTGAGTCAGGAACTGGGGAGGCGGGCGCGAAACACGGTGGAGAACGAACTCTGTTTGCCGCATGGTGGGACTAGTACTACACTACTAGAAAGTTGTTCAGCACCATCCCTTCTCAATCTACTATGACTCATCGAAAAATACTGGTTTGTGCATGGATCTTAGTTCCATTTGTGGGAATTTCCTGCTCCCCGGGTACGCCTCCGAGTGAAAAGCCGGCAGCTTCTCCAACCGCGACCTCCGAGGAGCTCCTTCCCAATGGCGAGCCTAAGGAGGTAACGGTTCAACATTGCTTGATCGCCTTCCAAGGCTCTTTGGGAGATCAGCCCGTGCGTCGAACCAAGGAGGAAGCGGAAGCGTTAGCCAAGGACCTTATGAAGATGCTGGAAGCGGGAGACAAGTTTGATGAAATCGTCCGTCAATTCACGGACGATTCCGCACCAGGGATCTACTCGATGGCAAATCATGGAGTCCCTGCGGATCCGACCCGTTCGGTTTCTCCTCGCGGAGGCATGGTGGCCGCGTTCGGCGATGTCGGGTTCAAATTGCAGGTAGGTGAGTATGGATTAGCCGAGTACGATCCCGAAAAATCGAAGTTCGGTTGGCACATCATCAAGCGTATTAAGTAAGGGGCACACCTTTGGTTTCGCGGACCATGGCGAAAACCCAAAGCAGGTGCAGGCACATCATGAAGCAGAAAAACCCAAAGATCACTTCCGGAGCAAATTGGGTGACTGCGATCGGGAAAACGAGCGTTAGCAGGGCAGCAAAGATCCAATGGGTAAAGCTCCCGAGGGCTTGACCGTTGGCTCGGTGCTGGTCGGGGAAGATCTCGGAAATGAGCACCCAAATCACGGCCCCTTGCCCCATCGCGTGGGCGGCGATGAACGCAAAGATGCACCCAGGAACCAACCAATAGGTCTTGGTCGAAAACGCCCACGCGCACAGGCCGAGCGATGCGATGTAGCCAAACGAGCCTAGAATCAACAGCGTTTTGCGTCCCAATCGATCGATAAGCCATAGGCCGACGAAGGTGAAAATGAGATTGGTGACACCGATGCCAACCGACTGCAGCAATGCAGCTTGCTCCGCCAGTCCCGTCAATTCAAATATACGAGGCGCGAAGTAAAGGATCGCATTGACGCCCGACATCTGATTAAAAAAGGCGACGAGGAAGGCGATCGCGATAGGGAGTGCGAGGGATCGGGACCAGAAGGGAGCGTGGGACGACCGATTCGAAGGGTGGGAGGTATCCCTTCCAGCGGTAAGTGCAGCCAAGTCTTGGTCGAGTTGTTCCGGTGTAGTGTCGGGATCGAGAGTTCGGAGCACTTCGCGGGCTCCCTGCGTGTCGTTTCGAAATGCGACCAGCCAGCGAGGACTCTCGGGTAACCCAACGCACATGGCGGTATACAAAAGTGCCGGGAAAGCTTCGACGCCGAGCATCCATCGCCATGCGTGTTCGCTCCCGGATTGGGCGATCAATGCATTGGAAATGAGTGCGATAAGAATTCCAAGGACGATATTAAATTGAAAAAGACCGGCCAATCGTCCGCGTCGATGCGGAGGGGATAGCTCTGCGATGTAGAGGGGGCTGGTGACCGTGGAGATTCCGACACCGACGCCTCCGATAAAACGAGCGATCGAGAAAGTCCAGAGGCCGGTAGCCAGTCCGGACCAAACCGCGGACACCAGATACAGGATTCCTATCCAAAGCAGTGTCTTGCGACGGCCGTAACGATCCGTGGGAAACTGTCCGATCATCGATCCTAGCACGGTTCCCCATAAGGCAGAACTGATCGCGATACCGTGCTCGAAATCCGATAGTTGCCACAGCGACTGGATGGTTTTTTCTGCACCGGAGATGACAACGGTATCGAATCCGAAGAGGAATCCCGCGAGAGCCGATGTCAACGACCAGAAGAAGAGTTTATTCGATGCGTTCACCGAGGTGCCTTCGACGACAGGGGAGAGGAGTGCAAGGAAATTCGGAGCTTCCGGATAACGTTCGAATAGCCAGGTGCGTGCGTTAGCCGCGATCAGG
NZ_CP011272.1_gap109	4277723	4280375	2652	CTTGAAGTGCCAAAGAGCATTCGGAAAACATTCAATGGTTCGAGTCTTGTTGTTCCCGTTAGGCTTTGGAAACCCATACTGAAACAGTCTGGTTTTTTCGGTGAACGGACTCTTGGTCAGTTGTTTTGGTTTTCAGGAGCGTCCATGCTCGCTCCCTGCATGGTGGATCGCAGCGTTGGTGTTTGAATCGCCCGCAACGATAACATTCTGGCTCGGAGAGATGCTATGATCCGAACTCTTTAATTGCCCGTTCTCCCGTATACCGTTCTCCCGTATGTCGTAGCTTGGGTGCATCGAGTGATTTCGTTAACCGTCCAAGATCCAATGACTACCCCCGGAATGGGAAACAATAGACCCCCCAGTTCGAAAGATGAGATCAAAGTGAAACGACGTTCTTACTTGTTGCTCGCTATGTTTTGTGTCGCGGGTTGCAAAGAAAATACCGATTCCTTGCCCGCAGGTACCGAAAATTCGTTTGCCACGAATTCCACCGAAACATACAAGCCGGACGCAGCGCAATCCTTTGGTGATTTTTCTTTCTCGATACCGAAGGGATGGACCGCTGTTCCTCCGGATCGTGAGAAGACAAAGGCGATGCTGTTGCTCGATGGAACGGATGGTCAAAACGCGAAAGCGATGATCAAAATTGACGTTGGAATGCCTGCGGCCCCAACTGCAAGACAGCTTGCCGAGAGTTTCGCAAAAAGTGTTGGCGGCAACGTTTCGTCCGATGCTCTGGATTTCGATGGCGAGGAAGCTGTTGTTGCAACAACGTCAAGCAATGACCTTGGAACACCTAGAAATATGATTATCGTCTATCGTGATGGAAAGGCTTATTTGCTGATGGCTGGTGCGACGGAAGGAGTCGATATCGGTGATGCCGTTTCACATATCCGCTCATCGTGGAAGTGGAAGCAAGCGACCAACTAAATCTGGTTGCGAGCTTGGCGCCTTGGCGAGAAACCTTCTTCTCTTATCCCCATTTGCGACTCCCAGATCGGGGCCGACAAATCCGTTTCTCGCCAAGGCGCTAAGGCGCGGAGGGGAGAGAGTGGGGACCGGATGGAAAGAGAAGGGAACAGTCGTGGGCTCTCGCTTGTCGTACGGAAAAGTAGCGGTTGGGAACATGGAGAAGAAAGCTCTCAAGACATTTCTGATCGCGAGCTTTGCGCCTTGGCGCGCAACCCTCCTCTCTCATCCCAATTTACGATTCCCAGATCGGGGACTTTAAATCCGTTTCTCGCCAAGGCGCTAAGGCGCGGAGGGGGAGAGTGGGGACCGAATGGAAAAAGAAGGGAACAGTCGGGGGCTCTCGCTTGTCGCAAGGAAACTAAGTGGTGATCGGCGAACACGGAAGAGAGAGCTCTCAAGACATTTCCGATTGCGAGCTTTGCGCCTTGGCACGCACCCCTCTTCTCTTATCCCCATTTGCGATTCCCAGATCGGGGCCGACAAATCCGTTTCTCGCCAAGGCGCTAAGGCGAGGAGGGACAATGAGGTAGAGAGCGAAGGTTCGCTCTATCGCCGTTCATCGCTTGGCTTTCTCATTTCCTTTGTCGATATACTCTACCGACGAGCTAAACTCCAATTCATCGCGCCAATAAATCGAAGAAATGAACCGCATTGCCATGACGCGTCGTTTCGTGGGAGCAATGGAACTTTCCACCAAGATGTAGTCGTCACCAGTTGCCACGATTTTGTAAAACGATTCTCTTTGATTGAAATGAAAACGGAATTTGGGTTCTCCGAACTCTTTCCCTGGAAGGAGCTCTTTGGTTCTCGACGGAAGTGATCTAAGGAGATCTTTACGAGTTTGCTCTAATTCCGTTTCGACCCGTTCGTACTTCGCCCAAGCTGCATTTTGCTCGCTGATCGTCGTCGCTGTCGGTGCTGCCAAGATGGGATTCTTGGAATCAGATCCTTTGGGGCGAACCGCAGCGACACTTTTTGCATTCCGTGGGTGACTCCATTCGTGTTCGTGGTGTTCCCTTCGGTAACTGGTCTCTTCGACTCCTTGCTGAACCTGAGATCATTCAGGCGCTTGTCATGTCAAAGACAGGAGAGCCGTCGTTGGCACGCATGGTCAGGCAGATTCAGAAATGGGATTAGAAGGGGCGAACTTTGGCAAATAGTCGGGTGAGCCATCCGCGTGCATAACCGTCTCGCACGTGACCGTCCTCCCGCTTCTTGATGTGTTTGTTGACCAAGTTTCGGCTCAAGACGGTGTTGTCGGCTTGGATGTCTTCACTGCGACAAGTGCCGATGAGGGAGACCTCCATGCTGTTATCGTTCAGCGAAATGGTGGTATTCCCCTCCAAAACAATGAGACCGTTGGGAAGGATATCCACAACTTGCGCGGCGATATTGAAGGTGATGTTTTCACTCGTTCTCAACGTAGAGTCTCCGCGATAGACCTCATTCTCATTGATTTGAACTCGCGGGTCGCCATCGGATTGGGGTGCTGGTTTGATCGTATCCAGTCCGACCATCCGGATCCAGTCGCGGACAACAGCATCATAGGATGTCGTCTTGCGAGAGGTCGCATTCCCTAAGAGCAAGGAAGTCGCTGATTCGTCCACCCGGATTGAGACGATGTCATGCATGCGGACGGTCCGAGCTTGGGCGGGTGGAATGTAAGTCCACGAGGTCGCT
NZ_CP011272.1_gap110	4286846	4291787	4941	TTCGAAATCCTCGTCGTAGGCCCTAGCATAGGATTGAAACTCGATCGGGGCATTCGGATTGACGATCTGTTGGACTCGTTGGGCCAGTTCCAAGATCGAGATGGGGGAGTCTGCGCCGATGTTGTAAATACGGCCGAAGGCGGACTCGGTATTCATCAATGTGGTAAAGCCCAAGACGACATCTCGCACATGCGCGAAGCAACGCTCCTGGTGACCATCGTCATGGACCACGATGGGTTGGTTCTTCATCGCGGCCGCGACGAATCGTGGGAGTACCATTCCGTACGCTCCTGTCTGGCGTGGCCCGACGACATTGAAAAACCGACCGACGATAATCTTCATGCCGCACTCTCGCACGCAGGCCAAAGCAAGAAATTCGTCGATCGCTTTGCTGGCCCCATAGCTCCATCGGGGTTTGGTGGTTGAACCAAAGACGAGATCGTCGTTTTCATTCCAGATCGACTTTGGGTTCTTTCCGTAGACTTCGCTCGTGCTCGCCAAATAGAGCGGAACCGGTTTTCCTGCTAAGTGTATTCGGCGCAATTCATCCAGGAGAAGCTGGGTGGGGTAGATGTTGCGATGGATTGTTTGAATCGGTTGCTTCGCGATCAATGCCACTCCGACGGCGGCTGCCAAGTGGTAGACTTGATCCGCCCCTTCGCACACATCACGGACCAACTGGGGATTTCCCAAATCCGCATCGATCACCTCCAAACGGGAGTGGCCGCGCAAGTGCTTCAAGTTGTTGCGGCTACCCGTGCTGAAATCGTCCACAACGATGACCGAGTGATTTTGAGCCAGCAAATAGTCTGTGAGATGGGATCCGATGAAGCCGCTGCCGCCAGTGATAAGAATGCGCATGGAGAATAGATAGCAAAAACGGGAGGCCGAAAGTTTGAAGTGGTAGGCGGGTGCGAAATGGGAAGAGTCGAAGCGGGTGTGAAGTTGGAGCGATAAGGGAAAAGATTTGCGTCGGAGAGTTAAGACGGACAGGGGCGAGTCTGACGTTTACGGGATTGCTGCTGCACCCTCACAAACTTTCCGGCTGCATCCTACTACGGTAAACTACGGGATGGGTTTGGCCAACGCCGATTTCCCTAGTTGTAACCCTAGTCTCGATCCATAAGACCGTCGGAACCGTTATGGCCCAGAAGTCTTCCTTATTGCGAACCCTTCGTCAACTTCCCTGCTTCCAAGCTCGAGTCGCTGACTTTTCGCGCAGGAGTTGGCGAAGGCGGCTCCGCCTCCTATTGGTTTCATCCCTAGCATTCCAGTGTACGGCATTGACGGGTGTAGCCCAGCAAAAGCCACCTGCCTCCCAAGCTCCAGCATCGAGTTTGAAGAAGCTTTCGGACAAGGAAAAGAACGCGGAGAGGGCCCGCGAGTTGTTTGCGGATGCCGCGAATGCCCAGAACAACGGGGCTTACCCTCTCGCCATTGAGAACTGGAAAAAGCTGCTTCAGGAATACCCCAACGACCCCTCGGTAGCGAGTGCGCACCATTTCCTGGGGGTGTGCTACCTTCAGCAGGACATGCCTGAATTCCCTAGCGCGGTGCGAGAGTTCAAACTAGCGTTGCAGGATCCGAATCTGAAGCAACGGGAAGAGGCCCTCGTCAATCTGGGATGGAGTCTTTACCAAAGTCATTTCCTGTCGAGCGCGCCGGTCGGCAAAGAAGCATCGGCTGATTCGCCTCTGCGCGAGGCGGCCAAGGTCCTCGCAATGGTCGTCTCCAAATATCCGGATGGGAGCTTCCTCGATAAAGCGCTCTACTACGCTGCAGAAGCGGAAGCGAGATTGGGACGTTCCGAGGAGGCGGTGAGTCTTTATCGCCAACTCATTCAAAACAAAAAGCTCGAAAACTCTACAGTCAGGCCAGATGCTATCTTTGGACTCGGACTCACCTATGAGGAGTTGAAGCAGCCGCAGCTGGCGATTGAAACATACGAGTCCTTCCTGCAAAAGTATTCGGATCATTCCTTGAAGAACGAAGTCCTCATGCGGACCGCCGACTTGGCGTTGATTCAAGGGGATGCGAAGAAGTCCATTCTGCTTTTCGATGCACTGCTCCAGTCCGATTCGTTTGCGACCTTGAAAAACGCGGATTACGTTCTCTATCGATACGGGTTTGCCATGGCGAAGGACGGTCGCTATCGCGAGTCGGCTAAGGCGTATCAGCGTCTCGCAGACGAATACCCCAGTTCTCAGTACGCGAAGAACTCGTCCCTAGCGGCGGGCCAGTCGTTGATGCGAGAGAAGAAATACGACGAGGCGGTTCTCGCATTTGAGCAATTGCTTCCATTGCGAGACGAAAGGGCAGCGGAAGCGGCCCACTGGATCTGCCAGATCAAGATGCTGCAAGGAAAAGAAGAGGCCATCGCTGCGGTCGCGAAGGACGCGTTGACTTGGGGATCGAAGACTCCGTCGGCTTCTTTGCTTTACATGGACTTGGCGGATAGTTTGAACACCCAGCCCGCCAAGCGCGGCGAGGCGAAGAAGATCTATGAACAGATCGCGAACGAGTTTCCCGAGGATGCCTTAGCCCCGCGAGCTGTTTACAATGCCGCATTCTGCGGTCTGCAACTCGGCGAGCTTGCCGACGCGCAGCGTTGGAGCGAAGCCTTTGCAAAACGATACGCAGGTGATCCGTTAGCCCCCGATGTGGCTTACATCCGAGCCGAATCCACTTTGCAATTGGGCCAACATGAATCGGCAATCAATGCGTTTGAGCAACTGATTGCCGCTCAGCCTAACGATCCGCTTCGGCCGACGTGGGAAGGACGTCTCGCGGTTGCTCATTATCTAGCCGGACAGTGGGAGAAAACCATCGCGACCAGCCAGCGGCTCCTGAAGCAGAATTTGGAACCGGCAGCCAAAGCGGAAGCCTTGTTCCTGCAAGGTGCCAGCCAACTGAAGACTGGCAAGCTGGTCGAATCGATCCGTTCGTTGGAGGAGTCCCTCGCAGCTTCCTCGGATTGGCCACAGGCGGATGAAACAGCCATAACGCTGGCCGAAGCGATGGTTCAGAAAAAGGAGGATGGGAAGGCGATTGCGGCTCTCGAAGGGCTCGTCAAGCGAACTCCCCAATCCCGTCTCCGCGGACAGGCAGAGTTCCGCATCGGACAGATTGCGGCCGGCATGGGAGATCTCCCGCGAGCCCTCCGTGCATACGACGGCGTTCTCGATTCTTCGAAGGAATCGGGGCTCCGCGACTATGCAACCTACGGAAAAGCGTTCGTCTTGATCCAGCAGGAGGCGTACCAGCCTGCTCTCGAACTGGTCTCTCCCTTAGCTCAATCGGATCGAACCGATAGTCTGGGAGTGGAATCAAAGATTGCAAAAGCCATTTGCCTTCGTCAGCTTGGCAAAGCGGACGAAGCACTGGCGACATTAGAGCAACTCGCGACAGCATCGCTTACCGACGATATCGCGGTCAAGATTCTGTACGAGCAGTCGTTGAGTTGGGTGGCCGGTGAAAAGCACGATGAAGCGATCGCAGCGATTTCGAAGCTTCAGCGATTGGTGCAAGAAAAGAAACTCGACTTCCCGCTGGCAGACAAAGCGCAATATGAACTTGCGTGGACCTACAAGGCCAAGGGAGACACGGCGAGCGCCATTCAGCAGTTCGAGAAGTTGGTCGAGCAATATCCCGACAGTCCTCTGGCGGCGGAAGCTTACTTTCACGTAGGGCAAGCCGAGTACGATAGCTCGAAATACGATCGAGCGATCCAGGCCTATCAAGTGGCCGCGAGCAAGACGCTGGATTTGGAGCTGCAAGAAAAGTCTCTTTACAAAATGGGCTGGGCATTCTTCCAACAAGCAGATTTCCAGACCGCGACGACCAAGTTCCGTCAGCAACTCAAAGAGTTTCCAAAAGGGGAGCTCTCGACCGATGCTCGCTTTATGATCGCCGAAAGTCTGTTGAAACAAAGCAACTTCGCCGACGCTTGGAAGGAATATGAAAGCCTTCGATCATCGATTCAAAAGGCCTCTTCGAACGGTGTTCCTGTAGGAGACCAAATCGAAGCGTTGACATTGCTCCACGGTGGGCAATCAGCTCGAGAGCTCAAACGCTGGAAGGAAGCGGAGGCTTGGACAAGCGACTTGGTGTCGAAGTATCCGGAGTCTCCCTACCGCCCCATCGCCCTCTACGAGCTCGCCTATGCTCGACAAAATCTGAAACAGCCAGCGGAAGCAATCACTGCGTATAGCGAGGTCGCGGAAAACCATCGCAACGAGCTTGGTGCGAGATCTCGCTTCATGATCGGTGAAGTCTTGTTCGCAGAACGCGACTTTGCCAAGGCCATCGCGGAATTTCAGAAGGTCATGTACGGATATGGCGCCACGCAAGCGCCCGAGGAAATCAAGAATTGGCAGGCTCGCTCAGCGTTTGAAGCGGGGCGGTGCACCGAGTTGTTAATATCCGACTTGACAGGCGAGCGAAAGCAAAAGGCGATTGACAACGCGGTGAAGTTCTACGAGTTTGTCGTCCAAAACCATGCTTCTCACGAATTGGCCAGCAAAGCGTCAGAACGAGTCGCAGAGTTGCGACGATAGCCTGTGGCCTGCGACGCGAGTAATCGGGACGGTACTCGCGTTGCATTGGAAAGCAACTCGCGGTCATTGCGGGGAAACTAACTGCGAGTTCTCAGAAATTAGCTGGGATCCGCCCGTAATTAGCTGTGCATTCGCGGCAACGGATTTCCGATAGAAATAATCTTTGTCTCTTCGGCCGAAAGTTCGGAAAGGCGTGCGCGGACGTTGGCATCCGTATCAAAGAGCTTGGCCAATCGAACGTAGGTGGTGTGATGTCGGGCTTCGGATTCGAATAGAGAGCCGTAGAACGAGGCTAGCTCAGAGTCCGAAACATGTTGACGGAGCAGATCGAATCGTTCGCACGATCGGGCTTCGATCAACCCTGCGATCAAGAGCCGATCCACCG
NZ_CP011272.1_gap111	4306579	4308700	2121	CGGCGACGACTGCCGCGACCGTTCCCCCGATCGCCATCTGCTCCATCATCACCGTTGTCATGCCGCGCGCCGCGTCACCGATTCCGGACAAGGCAAAACCGTGATCGGCGGCAAAGACCAACAACTCTGCAGGTCGGATCTCAGGTGCAGTGGATTGTTCTATTCGACAAAGGTGGGCAGCTAACTCTTCCCATCGTCCCAACGCTCCGTGTGATTTCGCAAGGGAATCGAGATGAGATTGGATTTGTGCCGACTTCAATGACATAACCGTTACTTTGCTTTGGCTGCGGATCGACCGGGCCAAAAATTCTTCCAGCCGCTCGCGATACCCTTGTCGATGGTTCCTTTGGTGGCTTCCTCGGTGGAGGTAATGACTCCGCTGTCCAGGAGTTCAGTTAATTGCATGACCGCTTGCGTGATCAAAGCCTTGGGAGCTTGTTCGATCAGCGGTTGCCCGTTGTTCCGCATTTCGACCATTGTTCGATAGTCGTTGGGGATTTGAAAGAAGACCTCGCGACCGATGGTCTCTTTCGCTTTCTTCAAACTGATCTGCCCACTTTCGAGCCCAGCCCGATTCACCACGACTTTGATTTTATCCCGAATCGATTCCATTTGTTGGAGGCTCATCAGAAGACGAACCATATTTCGGAGGCATGGTAGATCGAGCTGAACCATCAAGACGATTTCGTTGGACATCTCGAGCGCGGTCAAGTCGACGTGCGAAAAAGCCTTTGACATGTCGATGACGACGTGCGAGAAGGATGCTCGCAGGAGCCCGAACACCCGTCGTAGACTGTCCGGGTTGATCAAATCCAAGTCCTGCAATTGCACGGGTCGCGGGAGCAAATACAAACCGGAAGAGTGTTTGGTCAACGATTTTCGAAGCAGCTGGAAGTCGAGTCGTGAAACGTTTTCGGTTACGTCTACCAGGCTGTAGTCGGGAATCGAGTCCAGGAAAACGTCGGCGTCTCCGAGGGCCAAGTCGAGATCGACGAGAGCCACAGAGTTTTCGGGTTTGCGAGCCAAATTGCAACCGATATTGACGGCGATCGATGTGCAGCCGACGCCACCGGTTGCCCCGGAAACCGCGATTACTTTGCAGCCACGCGCTTTGCTATCCCCGCTCCCGTACTTCGATTGCAACGCGCGTTCAAGAGCCGAGTACAGCTCCTCCACATCGATGGGCAGCGGTAGGAATTCGCGAGCCCCCGACCGAATGGATTTCAGAATCATCTGACCGTCGGTGCTGGATGACACGGCGAAGATCAAACAGTCCGGGGCCGACATCCGAAGCTTGTCCATCAAAGCGAGTGCCCGATCTGGCCCCCCATCGAGGCAGATCATTGCTGCATCGGGGTGCGACTGTTCGACGACATCCGCAAAGAACTCATAGCGAGAGCATTCTGCATCCAGCCAGACAATGTCCATCCCGAGGAGCATCGATTTCAGCTTCTCGCGAGAATGGTCGTTGGGATCGACAATCGCTAACCGTAAAACATTGCTCATGATGGAAAGTTGATCGAGTTTGACGGGTTATTGGCGAGGAACGGGTGGCAGAGGCCGAGCGTAGCTTGCATTGGTCGCTTGAACAGGCGACGCCTGGCGAACTCCCGAGGAGGTATCGGTCGGCGAAGAGGCCTGTCCGTAAAGAACTGTTCCGGATTGGGATTGTGTTGGCGGGCAAATTTCGGGTCCGCAAGCGGGTGGAACCTCGATGTAGCCTTTCAGGTACAACTCCTTGTCGACGGGGCTGTCGCTGTTGAATCCGGGGCCACCCATGGGGACTTCGTGGCAATCCATCGGTGCCGCAAAGTTAGGTGTCACCAAGATCAAAAGCTCGACCTCGTTCTGTACTTCGCGATTGGTTCGGAAGAGAGCGCCGAGATAGGGAAGATCAGATAGCCCGAGAAGTCCACTGCTCTCCGCCTCCGTTCGCACCTGCAGCAGACCAGCCAAAGCGAGCGTCTGCCCCGCTCGCATTTCGACTGCGGTGTCCACGAATCGGCTTCGTATGCCAGGTACGCTGGTCCCTGCGATCGTTACGCTTCGCCCGGGATCGATTTCGCTGATCGTGGGACGAACTTCCAACCAAATCCGACCATCGCCACGCACTTTCGCGAC
NZ_CP011272.1_gap112	4310142	4314163	4021	ACCAAGCTGACAGCGTTCGGCTCGCTGGAGCGAGGTGCCTCGGATTCCTTCAACCAAGCCATGAAGCTTTCGCCGTCATCCATCCTGCTCTTCGCTTCTTCCGATAGTTCGGGCGGACGAAGTGCAACGCGTAGCTTCCCAAGGTTTGCTGCGGTATCCAGCACCGCATACTGCTTGTCTTTCACCAGCAATTGAAACGTGCTCGAAGAACGACGCGCGGTCGTCGGGGCATCGGGATCGATCGACGCAATGCCGTCGACCATCAATACCTCTAAATTCTCCAGTACCCGAACGGTGCCGGAGGTTTTGATCTTCATCCCCTTTTCAAAGAAGCCGAAAACATCGACTCGATCTCCGGGGCTGATGTAACCGCTACCACCATTTTGCTCGTTGACGACCAAATCGAAGACGCGGTAACCTTCGGGAATCACCAGCTCCTTCCCTTTGTTGGCAAGCTTGATTTCGATCAAAGGTTCGTTGACATAGAGTGGTTGCTTGGCAAATTTGCCTTCGATTTGCTTCAGGTCGACCAAGGCTCCTTGGGGAACTTTGTCGGCTGGCCACTTCTCGATTCGCACGGAATCGGGTGTGATCTTGGAAGCAGCCGAAACATTTTTGGCGATCACGAGGATTTCGGCAGTCTGGACTGCCACACCACCCTTCTGATCCAAAACGACTTGGCTGACCGCTACCGAGGCGACGATGCCACACCCTAGCGCTATAAGCAACAACAACAACGACTTGGCACGCATGAGACGCCTCTCATCGGATCGACCGAAGAAACAGGGATAGGCGTCCATGCCAACAATGCAAACCTAGCTCATTTTTGAACCAGAGGATGCGATTTCACTCGACTCTGCTCATCGAGTCTTCGTCCGATGCGCGATGACAAAATCCCAGCCGGCCGCTGTTGTCGGGAGAATCCTTGCCCCATGAAAAAACGGCAGAACCCAAACTCTGTCTTGGGCCCTGCCGTTTCGATGAAGCAACGCTCGCTATGCAAGCGATCGAGATTGCGTCTTAGTTGTTTCGAGGGGGTCCGCCAGCACCAGGTCCGCCAGCACCAGGTCCGCCTGCACCAGGTCCGCCTGCACCAGGACCACCGGCACCAGGACCACCGGCACCAGGACCACCGGCACCAGGACCACCGGCACCAGGACCACCGGCACCAGGACCACCGGCACCAGGTCCGCCTGCACCAGGTCCGCCTGCACCAGGACCGCCTGCACCAGGACCACCGGCACCAGGACCACCGGCACCAGGACCACCGGCACCAGGTCCACCGGCACCAGGTCCACCGGCACCAGGTCCACCGGCACCAGGTCCACCGGCACCAGGTCCGCCTGCACCAGGACCGCCTGCACCAGGACCGCCTGCACCAGGACCGACCACCCCCGCGCCGCCAAACGGTCCAAAAGGCGAGAATGTGGGATCTTCGGTCGTAGTTTGCTCGCCCGAGAAATCCTTGAACGCGACTCGCAACTCGTACATCGGTGAAGCGACCAGCGTTCGAAGTGCGTTCAAGTCATTGAACTTAGCGGTGTCGTTGAGAACCTTCTGGAGTTCTTGCAATTTCTCAATCGCGTACTTGATCTTGTACTTTTCGTCTTCCGGAATGATTTTTATCAGCCCGCTTTCGGGGCGGCTTGCCGTCTGCGCAGACGCTGCACCCGTGGCGCCGTTGAGCGCAACGTGGATGCGTTCCAGTCTTTGATTGAGTAGGCGGCGAGCATTTTTGAGATCGGCAGGTTGAGGAGCTCGCGATTGAGTGGGAGCTCCGCCGTACCCACCGAATATTCCGCTACCTTCCCCTTCACCGCCATAACCACCGCTTCCAGGGCCTCCGGGTCCGCCGCTCCCTCCTGGATATCCACCTGATTCGCTCCCATATCCACCTGAGCCGTATCCCGAACCACCGGAGCCCATTCCCATGGGGCCCGAGCTCGCGACCTTGGCTCTCCACAACTTGTCGGATTTGAGGCCGAACTTTGCGATCTCGTTGGAGATGGTCGTGATTTGTTCGGGGGTGTAAGTATCTGGAGCGAGATTGATATGGCCGAAGCACATACAGCTAATTTCTTTGAGCCACTCCGATGAGCGAGCGTCTTGGAGGACTTCCAAAACGAAGCTCGCCACTTTTGCGGTCGCAATTTTCGTCGATTCCGCCTTGGGATCACCCGTCGTTGCCAGCGCCGTCATCGCCAGCAGGGATTGCTCCATCATTTTTTGATGGGCTTCTGGAAGCCGGTGATAGGGAGCGACCACTGTTAGCAGAGGTGCCAGTTTATTGGTAATTTTGAGTCGAATTTCCTCGGTCGCAGCATCCTTTGGATCGGTGGGTTTGATCTTCAAGGACTTTTCGAGGGTATCGACGGCCATGTACTGGATTGCGTCTAGTTCCGTCGGGTCGAGTGCGATTTCGATCAAGTTGTATACGCGGGGCTCGGTAACGGCGGGGGTGTTTCCGGCGGGTTCGCTGTAGAGCTGCATGGCGATATGGAACGTCAACACCCGAGACGTCGTGCTGAATCCCGCGTCTTTTCGTATGACTTTATAGAGTTCCCCCAGCAATCGACGATTGTATTCCGCTCGAAACGGCTTGCTGGCTCTCGCGAGGGCTTGGCCAATGTCATCATCGACGATGTCCTTCCTCGCCAAATTGACGTCCGCGATCTTCCCGACGGCGTCATCACTCCCATCTGGTTTTGCGGGATTGGTATCCACTTGAGTGAGCAGGGGAATCAGGTACTCGCTGTAGTACTGCATCGTCGCATCGAGCGATGTCCCGGCCTTCAGTTCTTTGCTCTTATCCGATCGTTTGGCGTCGCGCGCTTTGCCTGTCAGTTTCACCTCGAGCCGAGTGGGAGCATTGCCCTGCGCGTGGAGGGGCTCCGACCAGGAGACAGGGGTCACAAGACCGATCCCGATCACCAAGGCGACAAACCGACGACGCAGTTCGGCACGTTTCGGGGACTTTCGATGTATCTTGCTCATAGGACCGCTCCGCCGAAGATTGGCAGCTGGAGAAGAGGAAATAGGAAGGCGCACCATACTTAGATTAAGGCGCCGCGCGGGCGAGTGTCAACTTTCTTCCTGAGGTTTCGCGCGGAAGCATGAATTTATCCCCACGCTCCAGGAACTCTCTATCCCGTAAAGCGGATTTGACTGCTACAATGCGGGTATTCGGAGCGCAGGGATGCAGACCGTTCATTGGCCAGCGCGTTGCCCGATCCGAGCGCACCCTCCAACACTTCTTTTTCGATGAAAATTGGTTATGTCGGACCATTGGAATAGCTTGGCAAATATGCTCGGAACCCCTTCCCTTTCGCCCCAATCGAAAAAATCGGAGAGGGCCAGAGGAACGACCGAATCCCCTTCGAAAGGGGTGACTCCCCCGATCGAGCAGGTTGCCCCTGCTCCGGTTCCGGTTCCGGTCGAAGAATTGCCTGTTTCCGGCAAGGCGAAAGAGCCCTCCAGGCTCCGATCTTCATGGGACGCAGTGACTTCCTTTTTTGGCATCCAGTCGGGCGAATCCGCACCCGCAACTGAATCGACACCTGAGGAAAAGCCGCTCGCGACCGAACGCCCCTCTCGTTCCCGCCAGGAAGCCGCGAACAAACGCTCGAAACCGAGCTTGTGGGCTGACACACCGGACTTGGCGTCGGCTGAACCCGCCCCCCGAGAGCGGGACCGAGATCGAGATCGTGCTGCTCCCGCTCCCGCATTGGACCGAACTCTTGAACCCGATGCCGTCGAGGAACCCGTCGTTTCGTTTGGCGAACCCAAACGACTTAGAAAGGGGGCGAATCGCCGGGACGCAGGTCGACGAGACGACGATGTCCGCGCCGAGAGCGAATCCGACAATCGAGACTCGGCACCGGCTGCGTCGGAGCGAGCGCCGCGTGGATCGGGAGATCGAACCCGTCCCGAACGCAGTCGATCGGATCGGAGCGGCTCAGATCGAGAACGAGCACCGCGCCGCCACGACATCGCCTCCGACGCGTCCCCAGCAATGGATGCA
NZ_CP011272.1_gap113	4363438	4365631	2193	AGGGTGTGCGAGCTTGAACAACGTGCATTTGGCGGTGCAGTTTTTTGCGCAGATTGCTGTCATCCTTCTGTTTTGTCGGCTAGTGGGAGTTGCAGCGAAGTGGGTTGGGCAACCGCAAGTTGTCGCCGAGATGATTGCCGGGGTATTGCTTGGTCCGTCTTTGTTCGGACTGTTTTGGCCCGAGTGGCAGTCCTGGCTCTTTCCTTGGGATGTAGCGCAACAGACTCGCGACACCCAAAGCTATTTGTTTCCTGCATCGCAGCTGGGACTCGCTTTGTACATGTTCATTGTGGGGCTTGAGTTTCGCGTCGATATTCTGCGAAGCCATTTCAAGAGTTCGGTGGCAGTTTCCTTGGCTGGAATGATAGCGCCGTTCGTACTCGGCGCGGGACTAGCTTATTACTTCATCTACAACAGTTCCCTGTTTCCTGAGAAAACAACTCCCTTTGAAGCGATGCTATTTTTGGGTGCATCGATGTGCATTACCGCTTTCCCCATGTTGGCCCGAATTATTCACTTCAAAAAGTTGGCGGGAACAACGATGGGGACAGTCGCGATCGGCGCCGGTGCGATCGATGATGCGATGGCTTGGTGTCTGCTCGCATTGGTGCTCGCTAGTTTTGACCAGGATCCCTCGAAAGTCGTAATGAGTTTTGGTGGGGGGATCGGCTATGTCGTGTTTGTATTTGCCCTGGTTCGACCCATTATGAAGAGGATCGAGGGTTGGTTTTTGCGAGACGGGGTGTTGACCGAGGGTGGGCTCGTCATTGGTTTGGCGTTGATGTCATTGGGCGCATGGTGCACCGACTTGATCGGGCTTCATGCCGTCTTTGGTGCCTTCCTCATGGGGGCTGCGATGCCTCGCAAATTCATGTCCGAGCAACTCATTGACCGCATCCAACCCTTGGCGGTCGCTTTGCTGCTTCCTCTCTTCTTCACTTACTCTGGATTGAACACCAAAATCGGATTGTTGAACAATCCGTCTCTTTGGGGATATTGCCTGCTGGTTTTGTTTGCTGCGATCGCAGGAAAGGGAATCGCTTGCTGGTTGGCTGCCCTAGCAACAGGTCTGCCCAACCGAGAGGCGATGGGGATCGGTACGCTCATGAACTCGCGTGGGTTGATGGAGCTAATCATCATCAACATCGGATTGCAGCGAGGAGTCATCTCAGAAGAGCTCTTCGCGATTCTTGTGATCATGGCGATCATCACGACCCTTATGGCCTCGCCATTGTTTGAATGGTTGGTGGGCAAACGGCCTGCAGTCCCGCAATAACCGTTTGCTAACTGCGAAGTCCACGAAGCTTTTCGATTGCTTCCTCCGCAGCGACACGTTGCTGCATGAGGTCTTGAAGGGCTTGCCGTTCCTTTTCGATGATGTCAGCAGGTGCTCGGCTCACGAAGGACTCATTGGACAGTCGGCTCTCTTTTCCTTGTATTTGTTTTACCAAATTGAGAAGAAGCTTTTCATTTCGAGCGATCTCCGCTCCCACGTCGATGAACTGAGAAAGATCGACATACACATCCATCTCGGGGATCGAGACATGAGCGTGCACCGAAGGAATTTCTGGGGACTCGCTCCACTGGACAGCATAAGCGCTCGCCATCGACTCTAAGAATCGGGACATCGGCGCAAGTAACTGTTCTGTATCTCGATTGCAACGAACGGAAAACCCGACGCGATCCTTGGGCGCAATGTTCTGACGCGAACGAATCTCTCTGACCGCACCGATCAAATGAACAAAGTGCGAGAATTGCTTTTCGACTTCCGGCCGAATGAACGCTTCGTCCACAGCTGGCCAAGCCGCTTGGACAATCCACTCGGTCGCAGGCTCGCCCGTGATTCCATCTCGTTTAGGTGTGATCTGGGCGAGTTGCTGCCAGATCGCTTCAGTGACGAAGGGGGTGATGGGGTGAAGCAATCGGAGCATTCGATCGAGGACGTGCGCCAAGACACGTTGAACTTGGGCTCGCGTGACGGGGTCTTGCAATCGAGGTTTCGCCATCTCCACGTACAGGGAGCAGAAATGGTCCCAAGCAAAGTCATAAACACATCGAGCCGCATCGGCGTAGCGATAGTGTTTGATATCCACCTCGACCTGTTGGGTGACGGTCGCCAGACGGGAAAGGATCCATTGGTCCTCGAGCGGGAGATCTGATTCCGATAGGGGTGCGAATTCGTACCCGCTGAGA
NZ_CP011272.1_gap114	4381263	4385824	4561	GCTTCGGTGCAGATCATTGCAAAAGATTTGAGAAACAAGGCAGTCCAGCCGATTTTCACCGGACTTCCTTTTCTCGCGTGTTCCACCGATGCAAGCTGAAACGTTCGGTGGATCGGGAATGCAGGCACCGTTCGCGAAGCAGCCAATATATCCAGCACCGTCAAACGGTGCCGGGGAAACCGAAGTCGCATGCTTCAACCTTATTTGGGTTGCTGCTCCAAGACTTGTTGGGCTTCGCGCAGATCCTGCGAACTAACCCGACTCTTCTTCAAATCGCTGAAATCGACAATCTGAGCATCTTCTCGAAGCTTGCTAAGGCATTGATCCATTGCAATACGATGTTTCTTCTCTTCGATTTCACGTTGTAACTCCGTTCGGATCGCTGTGTTCAAGGTGCTGACCACCGGCTTGGTAAAGCCCTGCGACTTGAGGATCACATAGCGCCCGTTCACTTCGATGATTCCAGAAAGTGCGCCCGGTTGAAGCTCGAAAGCTGCTTTCTCGAGCGTGGGTTGCCCACCGTTGCGACGCAAAGGCGGAACCTTTCCAAAGTTGCTGCGCGAGCTGTCTTCCACCGAGTATTGGCTAGCCAGTTCACCGAAGAATTGTTCGCTCGGATTGTTGCGAGCCATTTCCCAAACTTGCTGTGCCGTTCGTTGATTGCTAAGCACGATAGCCAGGACTTCGGCGCGGGGTCCGTAGTTGGCATCGAATCCCTTTTGAATATCCTCGTCGGTCACCGCTACTTTTCCAGCTGTCAATTTTTTGAGAGCAACCGTCGGCCAAATCACATCGCGAACATAAAGTTCGGGAGTCATATTGTCCTCTTGCTCGATGCTTTCCAGCAATTGCGGGATGTCAGCGGACCCGTCCGCTTTAGCGAATCCGAAGTACTGAGCAGCCCGATGAATCTCCTGATCGATATCGGCTTGGGAAATCTGCAATTGGGCTTTGGTCAGCGCCCCCTCAATCAGCTTTCGATTGATTTCCCCGTCCAGGATTTTCTTACCGAATCGCTTCACGCAGGCATTGTCGTAGGTTTCCATTTGAATGGCTTGCTGATTGACGATGGCTGCAACCCCCGGGTATTGCCGTTCCATCTCCAGCTTGCCATGCACGACCGTGATGGAGCTCTTTTCACGGAGAGTCAAATAGACTTGCTCTGCCGATTCGCGAAGTTTGCGATCCTCCAACTCGGTCTTGATCCTAGTCTGGATTTCTTGCATCTGAGCTTGCGGTGGATTGGCGGGCGGGATGTGCTGCACGCATTGCAGAATGACGTACATTTCCCCGGCGCTGAGGATCTTAGAGACTTCATTGGTTTGCAGGGCGAAGGCAACGTTCTCGAGTTCTTCGTCTCCCGTGAATCGCCGAATGGGGGGGAGCAATCCCTCGACGCTTGCGCTCGCAGGATCCTCGCTGTGGTCCTTCGCGAGCACCTTAAACAGCTCGGGCTTCTCGGTCGCTTGCTTTTGAAGCTGAGCCAATTTGGCTTGATCTTTACAAGCGATCATGCGGACTTTGACCTTGGGCCCGAACTCGCCTTGAAATTCTCGATCGATTTCTTGCGGAGTGACGGCAATCGCGTCCTTGGCGAGCGATCGCAAAGCCAGCATCGGCCAAATGATGTCCGCTGCGTACTGCTCGGGTGAGATGTCCCGTTCATCTTCGATGAGCTTGAGGTACATCTTGGTCGTAAGATTGAACTTGCTCGCCGTCCTCGCAATTTCTGCTTCGATGTCTTTTTCGCTGATAACGATGTTTTGAGCCTGGCATGCCTGCATGATCACCGTCTTATTGATCAAGTCCTCCAGGATCTCTTCACCGAATCGAAGTCGGCATTGGGTCGCAAGCTCGGAGATCGAGATCGGCTGGCCATTTACGACCGCAGCGACACGCGGTGCACCCGCAGCGGCAGGCGTGGAGGGGGCGTTTTTGGCGGAGGTAGGGGTTGCGCTGACGGCGCGACCCCGATTTCCCGAGGATTGGTCCTGAGCGAAACCAGGTGTCCCGATCAAAAGAGTCGAGAGCAACGCGGCTCGGAATCCAAGGCGGCGAAGTTGGTAAATTGTTGGCATGGTTAGCTTCCTCCGTGAAACCAAGGGGGCCTGGGTGCCCTGCAATGGGTGCGTTTTCGCAATCAAATCCGTTGTTTGCTCGCGCAGTGAAATATGCGTAGTCCAGGGAATGTACGAGGAACGCGTTGCGAGGGTCAATATCAAGTCGCCGCGGAACTCCTAAGGATTCCGGTCGAATGGCACGGCACCTGCACTACTGCGAACTCCTTTTGTCTTGTATAAATCTGGCAGCCGGCGGGTGTTCCCCGATGTCACTTACTGAATGGAAAGGTTCTCCTCATGGGCAACGCAGCAGAATTCACAGAACAAGGATTCGACTCCGACGTTCTTCAATCCTCACAACCCGTCCTCGTCGACTTTTGGGCAACTTGGTGCGGGCCATGCCGACAGATCGCTCCGCTTATCGACGAGTTAGCAGTGAAATTCGACGGCAGCGTTCGCATTGGCAAAGTCAATGTTGAAGACCACCCCGAATTGGCACAGCGCTACGGCATCAACGCGATCCCAACCCTCCTGTTGTTCAAAGAAGGGGAGATCATCGAGCGATTTCAAGGAATTCCGCCCCGAACGAAGCTCGAGGCTGCCCTGGAAAGCGCCAAGGCCTAGCGCCTACGCGTCTGGATCAGGCGCATCTAACTCCAAAATTTGATTCGGAGCAGCGAAAGCTGCCCCGATAGGAGAGGCGAGACGCTCGTTGCCGGTTGAAACACCGTTCCTGCAACTCGCGTCTCGCCACTCTTGCTTTCACTCTCGGATCGTCCGCAATGCGAACTATCGATATCCAAGTCAACGGCGCCTTTGGGATCGACTTCAACGACGACAACCTGGACCTGGATTCTTTTTCCCACGCATGCCAAAAACTCGCCGCATCCGGCGTCCAACAGTTCTTTCCGACCCTGATCACCGCGCCCCACGATGCACTCCTCCGGCGCGTCTCGAAAATTGCAGGATGGGTGACTGCGGATAGTCAATTGCAGGCATGCGTAGGTGGGCTGCATATCGAAGGGCCGTTTATTTCTCCCAAACCAGGTTACCGCGGAACGCACCCGCTCGACGCGATAAGACCAGTCTGCCTCGAGTTCCTAAAGGAAATGGTGGAGGCGGGCCGCGGCTTGGTTCGGCAAGTCACCTTAGCGCCGGAAGAAGATCCCCAGTTCCTTGGCACGCGATGGCTCGCCGATCAAGGCATTGTTCCTTTCGCAGGGCATACCGACGCATCGCTCGAACAATTGCGAGGGGCCATTGATCAAGGACTTCAAGGCTTCACACATCTAGGTAACGGATGCGCTCTCGAGGTATCACGCCATGACAACATACTGCACCGCGTATTGGCTTGCAGGTCCGAACTTGTCGTGTCATTCATCGCCGATGGTATCCACGCTCCCTTCTGGCTACTGAAAACTTGGTTGGAACTCTTTGGTCCGGATCGAGTCATTGTCACCAGCGACGCGATGAGCGCAGCCGGCATGCCTCCAGGGGAGTACCTGATCGGTGGCCAACCTATTCTGGTTGATGAATCGCGAAGAACCCGTCACCGCGATCACCAATACTTGGCCGGCTCCGCATCCCTATTGCAAGACATGGAAAACTTGGGCCCACAATGGATCCGCGACTGGTCTGAGGTGAAGGAGCGACTCTTCTGCGAGAATGCGAGAAAACTCTTCCGACTCCCAGGGACACCACAGTAAGCCATGACAAAGCGGACTCCTGCTCAAGAGGAGGGCGATCAAGTCGACGTATTCGCAAGAACGAATACTACTTCATGGGCGTGTTCTCCCCTATGGTTGATGGTTTACGCGATGATCCTAGCGGGGCTTCTCCATCTCCCCGTGTTTGCTTTCGGCGAACGGGATTGGGAGGATCCCATATCGTTCCGAAAACCTATTCTGTTCGGAATCTCCACGGGTCTCACACTGGGTTCTGCACTTTGGGTGTTCAGTAAATTGCCCCCGAGACGTTGGGACCCCATCCTTCGATACGTGTTGAGCGTTTCGTTGGCGATCGAAGTTTTTTTGATCACCATGCAATCGTGGCGAGGTGCACGCAGCCACTTCAATACCGAGGGTTGGTTCAACAATGGAGTCGAGAGCTTGATGCTCCTGATGATTTCCACTGCCTCGGTCATCATCGTGTTTCTTACCCTGCGAACTTGGCTGGAGTTCTCCGAACCAACAGTATCACCGATGCAATCGGCGATTTGGCATGGCATGAATCTCTTGTTGGCTTCGGTCGTGTTGGGGTATGCGATCACGATTATCGGAAAATACCTGATAGGAAAAGGCATGGCTCCCGAGTTGGTTCCTCCCGCGGGAGTGTTGAAGTTTCCGCATGGGGCCGGCTTGCACGCGATCCAAGCTTTGCCATTCCTCGCTTGGGTGACTCGTCACGCGAGCCACAGGTTTTCTCTTGAGGCCGTTCGATGGGGCGCTTGGTCCTGCTACAGCTTCTTGATCTTTTCGCTTGTTCAAACTGCGAGAGGACGA
NZ_CP011272.1_gap115	4427039	4429998	2959	CAGCAGATGGCAGGCTCATCGTCTACGATCCAGACGACCGGGGTCGGTGCATTGATTTGTTCAGGAAGGGACATGAAGGTTTTCTAGCGGAACCATGACTTCGAATACAGTTTGATCACCCTCGCGCGACCATCCAATCGTTCCCCCGAGGGACTGAACAATCTGCTGACACATCGCTAGTCCGAGCCCAACTCCTTCCGGTTTCGTGGAGGCGAAAGGTTCGAACATGGAAGCCGCGATCTCGGGGCTTGGTCCGGGTCCATCGTCACGGACCCTCCAGCGTGCGCTGGTGGGGGGTTGGTCGACGGTGTCGAACTCCAATTGGACGTTTCCACCCGTCCCGACCGCTTCGATGGCATTGACCAGCAGATTCAAGAGGACATTGACCATGTTTTGCCCCGCAGGGATGAGCCAGCGATTCATCGTAGCTCCTTCCGATCCGTTGTCATCGAACGGCGGAAAAACGTCCAGCGAGACGTACCGGTGCATCGCCATGGGTCCAACCAATTCCGCTACCGTGCGATTGATTTCTTCGACCGCCATCGGCCCGGAGGACAAACCGCCCGCGGGAGAGCGAACGGCCAGCAAACGTTTGATCTGCGACTCCGCCAAGTCCAATTGCTTAAGGGCGATCCCCAGCGTTTCATGGTTGGGGTCTTCGGTGGAAATCGTTTGCAGGGCCAATCGAGCGCCGGTCAGATGATTCCGCAACTCATGAGCCAGTCCGCTCCCTAGCATGTGGATCAATCGCGAGCGTTCATTGCGCGCGATCTGGTTTTGAGATTCTTCCAATTGCTCTCCCATGCGATGGATCGACGTCTGCAACATCCATATGTCGTCTTCCGGCCCCGTTGCGGGAGGATGTTCAAATTCTCCTTCCGCGATGCCTGCAACCTCCGACCGGAGATCTTCAATGCGATCGGAAAGGCGGCTGGCGGTCCACGCTGCGACGATCGCGATACCGATCGATGACAGGAGACCTGTGATAAGGGGCAGGGCAAATATCATCCATCCATCCCCCCTTTGTCGAGCCGGTTCGATGACGAGCAGGCGCTCCGAATAGGTGGCGACCGTAAGGAGCCTCACCGATTCCCCCGTTAATGTTCCTTCGCAGAGAAAGCGGTTGCTGTGAGACGGCATTCCGACTCGGATCGGCGAGCGCAGTGATTTGCGAACCCAAGCCTCATCGTCGGATTCCAATACAAGGGTGGATTCCAAGAGAATCCACGCATCCCCCTTGTCGCCCTCCTTGGGGGAAGAAGGGTCGGATCGAAACCAAGCAAACTCCAATCCGGTAAGGTCATGGAGTTGCTCGAGCACGTTTCCCGTTTTGGGAAACGGAGCTTGGACGATCAACTCACCCATGTTCCGCATTCTGGTTGCCGAGCTTTGTCTAGAAGCTCGATCCGCGGCCCATTTGGAGACGCTCGCCACCCCGACTCCGGTGAGGAGGACGGCGAGCAAGATCGGAATGAGGAATTGCCGGAGGATCGATTGTGGTCGAGCCAGCTTCGACCAATGGATCGCGTTGGGCACCCTCGTCTTCCTCGCTACTTCACCGAGAGTTCGTCGGGCATCATCGCCCAAATCGTTGGCATCGAGCGGCCGCGAGGTTGGGAATAACGAAGCAGCGTTCGGAGGGTATCGAGTCGGAAGCCCAGACCGCTTAGCGTTTGATCCAGCTTCGATTCCATGTCGCGGACGATCGGCGCGGCGATCTCTGCGTCATCCTCTCCATCGCTCAAGAGATCGAGGAGACTCATGCCGGACGGGGCATCGGGACGGTGCACGACTTTGTATTTCGCGACTTGCGCCTTCTTCGAGACGACGGCAACGCAGTCATCGAGCCCTCCGATTTCATCGATCAGTCCCGCTTGTTTCGCTTGCTCTCCCGACCAGACGCGTCCCCCAGCCAGTTCCTTCAGTTTGTCGACGGGGAGTTTGCGAGACTCACTCGCGTAGACGAGAAACTTATCGTAAACCGCATCGATGAATCGTTGCATGTTGGCGATTTCTTCGTCCGACCAGACTCGATCGACCGCATCGGAGGATGCGGTGGGGTCGAGCGCTACGGATTCGACATGGATGCCCACCCGTCGCATGAGCGAACCAAAGCTCAGTTTCAGCGAGAAGACGCCGATCGATCCGGTGATGGTACCGCGCTCGGCATAGATCGGTTCACCGATGCAAGTTACCCAATATCCACCCGACGCGGCCACGCTACCCATCGAGAAGATCACGGGTTTCTTTTTGGCCAATTCAGCGAGCGATTGGCGAATGGCTTCGCTCGCGGTCGCGCTTCCACCAGGCGAGTTGATCCGTACCACGACACCTTTGACTTTGTCGTCTTGCATCAGCTCTTCGATCGCTCTCACCATGGGTCCCGACACGATCGAGCCCGGGGATGCGGACTTGCCATCCACAATCGCTCCTTGCAGATGGAGGACGACGATCGAATCTTCGCGAAGTTTGGTCGCCGATTCCTTGGGTCCTGCCATCGACTTGCCAATCAACTCGAAAAGGGACATTTCCCGTTTCGGCTTGGCTTTGGGACGGGTCCATTCGAATTCGGAGCCGACTAATTCCGTAACGGTTTTCTTCATCGAACCGTAGGGGGCGAGTTTGTCGACCAATCCTGCGGCGAGCGCGTCGGCAGGTAGCAGCATGCGTTTTTTCTGAAGTTCTCGGACGGCGGCGGTCGTGATTCCCCGCCCCTTCGCGATACGGGAAACTTGGGAAGCGTTGATCGATTCCAACATCTTCAAGTAATGATCTTTCAAGTGCTCGCTCATCATAGGGTTCATGTAGGGTTCGACAGCCCCCTTGAAATCTCCGGCTCGCACCACGGAGGCTTTGACACCCACCAGATCCATCGCTTCGCGGTAGAACAAGGTATTCATGGAGGAGGAGGGCATATCGACAGAACCGAAATCGGCGAGGAAGACTTCATCGCATTGGG
NZ_CP011272.1_gap116	4432022	4432790	768	TCACAATCCCCTTTTCGCCTTTTTGATTCGTACGTTGGATGCGATCGAGTTGGATCGGGATCGCGGCGGCTTGAGCGGTCTCAAGGAGATGCTCAAGCGATTGAAGAATGGGGAGTTCGTTTTGATGTTTCCCGAAGGAACCCGAACGTTGGACGGTTTCATCGGTCCGTTGAAACCTGGGTTCATTCCCATTGCGAGGCGTTCGGAAGTCCCGCTCGTCCCGGTCGCCATTGTCGGTGCCTATGATTGTCTTCCCCGCGGTACGAAGCTGCCGACGCGGCGTCCGATTGCAGTGGTCTTCGGAGAACCGATTCCATCCGCTCTTTACATGGAGTGGGACGACACTCAACTACTGGCTGAGCTCACCACCAAACTCTTAGCACTTCATGCACGTGCACGCGAGTTGACCCATGCCCAAGAATCTTGAGTTCCGACCTTGCCCTTACTGCGGCAAATCGGTTCGAAGCGATGCGGTGCGTTGCCATCGCTGTCAGCGTTCGTTTAGCGAAGTTGGCGAAGGGGAATCGAACAGCTCCGAACATGGAGCTGCACCTTATGGTGGCTACGATTCCAACGAGGATGATTTTGATTACCAAGAGTTCTTAGAAAGCGAATTTGGTACGCCACCGAAAAAGCGAGATTGGAAACGCCCTGTAGCTTGGTTGGTCATCGTTTCGCTAATGCTGCCGGTGATTTTGGCGTTGGTTTCGTTGATTCGTTCCTTCTAATCGATCCGGACCAAGCTTTGCCGGTAGTATTTGAGGCCGG
NZ_CP011272.1_gap117	4433989	4437335	3346	CGCTGGCGCTCGATCGGAGAGGCCAGCCGATCTTTGAGAATCATCTTGATGGCGACTTCTCGTTCCAAACTGATCTGTCGCGCGCGATAGACGATGCCCATCCCTCCGCGACCGATCTCCTCGAGCAGTTCAAAGTCTCCCATGCGAAAGGGGAGCGGCATCTGCCAAGCGCCCGAATCCCCGTCCACGGGTGAGGAGCTTAGCTGGCTTGATCCCCCGACGGCTTCCGTCACCACCATGGTCCCCCAAAGGGACTTCAGCTCATCGGCGAATTCCGGATAAAGCCCGCACTCGGCGAGAATATCGATCGACTCACCGCGTTGCATCCGATCGGCCAAGTCCGACACCAACTGAGCCAATCGCGGATCGATCGCGTCATCGCCTGGATCCTCCGGCGCATCGACATGTTCAGAAAGGAATTGTTTGGAGAAGACCATTATTCCCTTAGGTAGTCATGGAATCGAGGGAGGGAGTCGATGACTTCTCGCAAACGTTTCAAGGCGCGCAAATATCGCATGCTAGCTGCCGGTTCCGTCAGTCCCAACGACTGTGCGATTTCCTGGTTATTGAGTTGTTCGTAGTGTCGCATCAAGATGATCTCACGATCTTGATCGCGAAGCAGGTGGACAGCCGCTTCGATTTGCGCCGCTAGTTCTTTTTGGGTTGCGGCAGCAGCCGGTGTGAGCGCACCGTCTCGGAATTGGTTCGCCAGTTCGATGGTGGACTGGTCCGGAGGGCCTTTCCCCGGTTGCGGTTGCTCCCGGTCGATACTTCGCTTCGCGGATAGGCGATGCCGTCGGTGAGCATCGATGATACGGTCCTTGGCGATCTGTCGGATCCAAAGGTGGAAAGGAATGACGGGATTGGACATGTAGTCCTTCAACCTTCGGTTCGCTTCCACGAGGACATCTTGGATCACATCGCTGACGTCCATTCTTTGGTTGAGCCGCTGGTCAAGCCGGAGTTGGATCATCCGTCGGAGCGAATCGCGGTGGCGGTCCATGAGCGCATCGACCGCTTCCGGCTCGCCTTGCCTCGCGTTTTGAAGAAGTTCAGCGGTTACATCGCCATCCGGCCAAATCGACTTCGTCATCCGATTAGCCACGCTCACAATCATTGAAAGAGGATTTTGATCGAGTTCGTCTCTATTCTAGAGACATGTCGAGATGTGAAGTGGATCGCGCCGGGATTCCCCCAAAACTTGTGTCCCGTGACGTTCACGAAGAATCGACCGGGCAGGCTCCTCTGGTGCTGAGCCCGACAGGTGCCCTCATGGTCAGGAGCCAACACGGTCGAGGGCGAGCATTGTGGAGAGTATCCGGAATGCTACCATAAGCGAGTTCGATCCGACCTTTCTTTCCACGATCCAGAGATCCTTGGCGACCGATATGGAATCTTCTCCCTCATCTGAACTGTACGAGCGCAAGAACGCCATTCGCAAGGCGGCGCATGAGAATCGTCGAAACCAGCCCGATAAAGACAGCGTATCCGATACAATCGTCAAGCGATTCATGAGTTTGCCGGAATACGAAGCCGCCCGGACCGTGATGTTTTACGTCGATGTCCGGGATGAAGTCCGGACGAGGCAAGCACTGCCTGACGCGTTGGCGAGCGGAAAGCGAATCGTGGTCCCTTACTGCGTCGACGGGGAACTGGAACTCTTCTGGTTGGAGAACATGGAAGAGTTGGAATTGGGGATGTACCGGATTTTGGAGCCCAAGGAATCGCTGCGACAGGTAGCGTCCAAGAAGCTTGGCCCCGAGGACTTGGACCTCATCATGGTCCCTGGCGTTGCGTTTGACCAAAGTGGAGGAAGGACCGGGCATGGGAAGGGGTACTACGATAAGCTGTTGCAGCACGCCAAACCGGAAACACCGCTCGTCGCACTCGCTTTCGAGTGCCAAATGTTCGAAGAAATCCCGGCGGAAAGCCACGATATCTATATGGACAAAGTCGTGACCGAAGACGCCGTTTATCAAGGAAAAGGAAGGAAATAATCATGGTACGCACAGCGAGCACCATGCTCCCACTCGGAACCCAAGCCCCTTCGTTTTCGCTTGTCGGAACCGACGGGAGGAAGATTTCGCTCGATCACTTTTCGAGCGACAAGGCGTTGGTGGTTGTCTTCCTATGCAATCACTGCCCGTACGTGAAGCACATTGCTCCAGAATTGGCAAAGCTCTCGGCAGAGTATATGGCCAATGGGGTCGGATTCGTCGGAATCAACTCCAACGACACCGAAAAGTACCCCGAGGATTCGCTGGAAAAGATGGTCGAGGAAGCTCGTTCGCGCGGCTACGCATTTCCTTACTTGCTGGATGCCGATCAGTCGGTCGCCCAGGCCTATCAAGCGGCTTGCACGCCCGACATTTTTGTCTTCGACGCTGACCGGCGCCTGGTGTATCGCGGCCAGATCGACGACTCCCGTCCAAAGAACGACAAACCCTTGAATGGAGCGGATCTGCGAGCGGCGCTCGATGCGATCTTGAACGGCCATCCGATCCCAGAGCCTCAAAAACCCAGTATCGGATGCAATATCAAGTGGAAGGAAGGGAACGAGCCCGACTACTTCAATCCGGTTGGGGTTTCCTGATCCATGAATCCGTACGAGGACATTCGGATCGGTTTGGGGACCGACTCCCACCGCATTGAAGCGGGGGGGCCGATGATTTTGGGGGGAATTTCCATCGATTATCCGGCCCACTTTGTGGGGCATTCCGATGCCGACGTTCTCTTGCATGCCATCACCGACGCGATTCTCAGCGCAGCGGGCCTTCCGGACATCGGCGAGTTGTTTCCGAACGACCGGGAGGAAAATCGGGGGCGAGATTCTGGGGAAATGCTGTCGTTAGCCGTGGAGTCCTTTCGGCGAACGGGATGGCGATTATCCCAGATCGACTGCGTCGTGGAGCTGGAAAAGCCCAAGATTTCGCCTTGGAAGGATTCGATACAACGACGAATTTCCGAGATTTTGCAGATTCCGTCCGAGAGGGTTCGTGTGAAGGGGAAAACCGGGGAAGGGGTCGGCGAGGTCGGGACGGGAAAGTTAGGGAAAGCGATCTGCATCGCGTTGGCCTGCCGTAACTTAGCCCTTGACGATAATTAGGCTGGAAAATTATCTTATGCGATCTTGCACGGACGCCGCGGAACATGCGGACGTTCAGGCGCAGAGAGTCTGATGCCGGCATAGCTTCAATTGGCAGAGCACCGCATTCGTAATGCGGGGGTTGTGGGTTCGACTCCCACTGCCGGCTTTTGATAGTGGGAACCCGTTGCGGTTCCTTCTTTAGATGGTGGGAACCCATTGCGGTTCCCTTTGGTTTTTCGGCGTTTTGACACGTCTTGG
NZ_CP011272.1_gap118	4483189	4487034	3845	ATTTGCATCGGTGCGACTGGTTCCGGCAGGGCCTCCACCGACCGGTTCAAAAACCACCAAGCCCTTCTCATAGGGCTTGCCATACATCATCACCTTTCCTTTGACCGGAGCGAGCGATGGCCCAGAATCTCCGCATCCCACAATCGATGCACCCAATGATAGAACCAAACCCAATACCAAAGTGAAACGCATGGTAATCCCCTAGAATGATGGAATAAAAAGAAAGACGAACGGTGCACGGGGCACCGCTCGTCTCGTTGTTTTACCGTTAAGCGACAGTCGCTGCACTAGTCTTGAAGCGAAGCGGTTTCACCACCAGCTCGACTTCCGAGGGCACCCCAAACTCCGTATGGAGATGGACGGCTGCCTGGATTATCGATGTCATCGACAGATTGATTGCCGGTATCCACCGATTGGCTGATGAATCGAACCGAACCATCCACCATCCCGATCTGACCACCACCAGTATGGTAGCTGGACAGTGCGCCCATGTGCTCATTGCCGTCAACACCCCCCCAATGGCAGCTGGGACCATTAGGAGCCACGATCGTCGTGAATCCAACGAAGTAGGGGCGACCATCCCATGCACGACCACCTTGTGGGCGGAAATCCGCGCGAACGTTGCCGGTAATGCGGCGACGGTTGGTTGGGTCGAGCCGGGCCAAGCAAGCAGCTGGATTCCAGGCTTGCATGTCGAGAGCTACCCCGCCGAGAACGTCGTTAGGAGCACCACCCGCGACGGCTTCACCAAACATAATGGTGTTCGATGTTCCGTCTGGAACTTGTCCGATTGCCAAATAGCGATCGATTTGGAACATACCGCGGTTGTCACGGCCGTCTTGTGGACGGAAGTGGTTTTGGTGGTAATCGTCACCCAAGCAAGCGCGGTAGTTCAACAGAGAAGGACTCTCACCGCGATTGGTGGGAGGAGAGTCCGACGGGCAAATATACGATGGAATCTGAGCCTTCCAGTTCGCATTCTCCCATGCATCGTTGGCGGTGCTCCACGGAGTCGGGAGACCAGGTCCACCCGGTCGAGCTTGAGCCATCATGTTTTGATAGAGGCTGTTTTGCTCGATGAACGGAAGAAGGGAAATGGTCCAAGCATAAGGCCAACCTGCACCAGCACCCATACCAGGTGCTGCATTCCCTACACCGGAATGCCCGAGCGCTGGGAACTTCTTAAACGCCGACTCGTAGTTCAGTGCCGCCAAGCTCATCTGCTTGAGATTATTGGAGCACTGCATACGGCGTGCCGCTTCGCGGGCCGCTTGGACTGCTGGAAGCAGCAATCCGACCAAAATGCCGATGATGGCAATCACCACCAACAGCTCGACGAGGGTGAAACCTCGCTGCCGAAGAGACCTTTTCATAAAAAAATCCTCGAATATGGAAAGGATAGATAGAAACAATGAATGGATTCTATCACGACGCGAAAAATGGCGTAAAGGGATTTACGACCCCGTACTCAAGAATCCAGCGAATTTCTGGCCCGGATTCGTTCCTTAAGCATGCCGCATTTCTTCGCGTCTAGAGCCTTATCGGCTCCCCCCTCCTTGCTCCAACATCAGATGCTGATCGGCTTTCTTCTCCCCAAAGGTCTCCCTAGCGCCGCCGGGCCACTGAACGGAAACTTCATCGACTTCTTCCCATTTTCCCAGACCGAACTGAAGCTTTGATCCGTAGTGACTTTGGTACCCACGCCCCGAATGGACCTCGGACACTTGGGTTTTCCCACCCACTTTTACGGACACCCTCGCTCCGACGGCGTCCCGATTGCAGTCTTTGCCTCGCAAGCTGATTTGGAGCCAATGGTTCTTCATCGGGGTGTCGTTTCGAAGGACCGAAGGTGGGGCGTTGGAGTTCAGAATAACGACATCGACATCGCCATCGTTGTCCAAATCATCAAATCCCGCCGCGCGGCTGCTCTCGACGATTTCCATTCCATTTCCGGACTCTCGAGATACATCGACAAATCGACCTTGGCCGTTGTTTCTCAACAGGGTGTTGGGGAGTTTCAGAGAAGTTCGATCGTCCATCAACTCGACTCGATCGAAGTGACCGTTGGCAATGAAGATGTCGAGAAAGCTATCGTTGTCGAAGTCGATAAACCCGGTCCCCCAATTGACGTGCGGGTAAAGGGACGTCGGTATCTGGGCCTTGCGCGTGGCATCTTCAAAAATCCCGCCCCCCAAGTTCCGATACAGAACCGGCATCTCGGATTGATAGTTGGTCAAAAACAAATCCAGCTTTCCATCGCCATCAAAGTCAGCGCAGTCCACTCCCATGCTGCCGTTGATCTTTCCTTCGTAATTGCTCGCCACCCCCGACAAGAGTCCACTCTCTTCAAACCGGCCGGTTCCATCGTTGACGTACAGCAGATTCGGCGAACCATCCTGAGCGACAAATATGTCGGTGTCTCCGTCGTCATCCAAGTCTGCCGCTACCACCCCCATACCGGGCCCGAGCACACTCCCCACCCCGGATCGCTGGCTCTGATCTTCAAAAGTTCCGTCTCCTCGGTTCCGATAGTAATGATCCGGATTCTTCTCGTAATACTGCGGACCCGCCATCAAGTACTGGCCCTTGGAAAAAACAGGGACGTGGTTTTCGCTCGTGAACTCCACATAACTCGCAACAAACAAATCCAAAAATCCATCGTTGTCGCCATCTAAGAAACAAGCCCCTGCACCAACCTCGTAGCGACCATCGACTCCGGCGGAAAGAGTTACATCGGTGAACGTCTTATCTCCATTGTTTCGAAACAACAGGTTCTTTCCAAACTGCGAGACAAAGAGATCGGGATCACCATCGTTGTCGTAATCTGCCACGACAGCCCCAAGTCCGTAACCGGTTCGTTTCAGCCCCGACTCTTCCGTCACGTCTTGAAATTTCCAATTCCCCAGATTTCGGTAAAGACGATGATGAAGCTGATCGGGCGACTCTTTGGATCCTTTGAGCGGAGCACCATCGCAAAAAAAGATATCGATCAAGCCATCAGCGTCGTAGTCGAACAACGCAATGCCACCCGTCATAGCTTCCACGATGTATCCGACGCCACTCGCTCCGCTACTATGAACGAAATCAATTCCAGACTCTCGCGTCACATCGGTCAATTGAATCGTGTTCTTCGTTGGCCTCATAGGCTGCGCCAAACAAAACCTTGCACCGAACATCGCATACAGAAACGCGAGGACCCCTAAAGAGTGGACGCAGCGTAACACCCTGCTTCTCTCCGTTCTGCGCGTCGCTTCATTACATGGCATGGTATTATTTTGCATCGTACTACCGTTGGTCTGGTTGCTGGCTGGACAATTGCTTCGCATACTTTCTAGCTTCCGCTGCTCCGCGTTCGTCTTGAAGCTTGTCGCAGATTGAGGCTAGAAAAAGAAATCCCTCGGCGCTGGGAACCCTTTCGATCGCCTTCTGCGCATACCATCTTGCCTCAACGAGCTTGTTTCCCTCCACCAAAAACTCTGCCAGGCCTGCATAAGGCTCAATTTTTTGTGGAAAGACGGATACAGCCATTTTCAGAGTCGCCTCCGCACGCCGCCGATCTCGAAGCGCAGCATAAACTTTGGCCATTTCGAGGTAGTCCTGAAACGCTTCGCTCCCCAACGAGACAATGCGTTCCCGCACAACGCGTTCCTCTTCAAGCTGCTTGGATTGGTAATAGAGGTCGGCCAACGCTCTCAACGCCGAAAGACTCTCGGGTTCCATTGCCACGCATCGCAAGAGAAGTCGTTCGGATTCCAGCGTATCTTTTTGCCTAAAGTAAACAGCCGCGGCCTCGGTAAAAATCGATTTGGCAGTTCTCTTGATCTCCTGGTCGCTCAGAACTTGAT
NZ_CP011272.1_gap119	4502608	4507223	4615	CATTGGCACCATTGCGCCCTGCAATTCGTAACAAATAGAGTGCACCGATGCGGTGCAAGTCGGTCCGCTCGATGGCGAGCCCCAATCCGAATCCCCCCAGAAAGAAGAAGACATTTTTGTCTGCGTAGGGAGCGCACGTCTCCCCTAACGCATTGCGTTCGTAAATGCCTGAGAAAGGAATGACAATGATCGGCAACAATGCGGTTACTTCGATCGGAACCGCTTCGGTTACCCACCAGAAGGCCATCCACGCGACCAGCCCCGCAATATAGGCAGGCCCGAACGGCACCCCATTCGCCAACAATAGCGCTCCGACAATACATCCGACCGAAGGGCCCGAAGCGACACGTAGTAAAGCTGTCATCAATTCTGGTTTCGACGGCAAACCGAGTGAGTCAACTTGTCACGCGATCGCCTGAGAGGAGCGGTAGCAGATCTAGATTACGAGAGGTAGAGTATATTCCAGACCGAAGACCGCATGCCAACCGACACGAAATTCTCTCCGTCCCACAGCAGGCTTCCCTATGAAACGCTACGCGAAATTTCTCAAACAGACGTGGTACCTATGGTTGGCTTATACGGTTGTTACCGCATTGCTTATCGCATTTGTTAGCCCGATTTTTTGGGCGGTCATTCCCATGATGATCGTGAACTTCTTTTACTTCGCGCTCGTCCGGTACAACGACGATGGCGATTTCATTGGCGCGTAACCTTCGACAGCGCCGGTCTAAAGTGGTCCGCTATTTCCACTTGGATTGGACAGATACTTCGTTCACCACATCGATCCCTCGGGTCGCAGAGCGAACCGTTTCTTGCGCTAGCTGCTTCAAGTAAAAAGAATCGACCGAGCCTCGAAGACGCATTTGCTCTCCGGCTTGAGAGAGCTCCAAGTTACGAAGCGACGAAAATGGACTTTCCATCAACATCCGTTTCGCCTGCCCCAACACATCTTGAAATCCCGAGTCAATCATGGACTCACTCCTTGCTCGTTGAGTTGGTCGTCGCGAGCTGCCATCCTCGATAGCTCATTTAGTTTGAAGGTAGGGGACGAGGGGCAAAAGTCAAGCATCGAATCGTCAAATTCGGCCGACTCGCTACCATCGCTACCAGCGTTTCAATCGCTAGCACATACCGGATGCAATCCGCTTTTCACGATCATCGATCGATTGTGAAACTCGCTCGCACGATCAGAACCTAGGGTTCGCAAGCGCGATCTTAATTCTTCTGAATCGACAGCCCTGCAATTCCCTGCAAGATGAATTTCCTCCGTTTCATTACTATCGAGAATCTCTGCTTGGCAGCGGAAATCACCACCGCGTTGCTTCTGCTCGCATTGGCGTTTCCGGACAAGAAGAAATCGGCTCCTACCCCCCCTTCAGCCGATGATGCCGAATCGCTCCGTCGACTGGAGACGGCTCGCCGTGCTCACTGCCAAGCGACCGTCTTTCGAGGGATTGCGACCCTATCACGCGTTGGGACCCTCGAACCTGCAGCCGACCGATTCCAACTTTACGAGCCCCTCTCGGTCTTGGGTTGGGAAGATCGTTTAACCAAGCTTGGAAATCGATCGTTCCTCGACACGTTCCTCGACGAATGGCTCTCGCTCCCCGAACGAGCTCGCCACGGTTCGTTGCTGACCATGATCATCGTCGATCGATACTCGGATCTGCTGCGTGAAAAAGGAGCGATGGGGGTCGAACAATCGCTGCGCGATCTTGGCGAACAATTGGCCAAACACTACGAATCAACCGCCCTGATTGGCCGCTACCAACCCGATCGATTCCTCGTTATCCAATTCGAACGGTCCCTACCCGAAGCTCACGAAGACTTTGAGGCATTGCTGAAATCCCTCCAAAGTCCAGCCGAACCAAGTTCGATTCCCCACGCGCCGATCCCGTGCGTGGCAAGCATCGTCGAGCTAGGGGACGAAGGGCTGTCGCTATCCTCGTCGCTCGACAGACTCGATGAAGGGGTGTCTCAAGCGCTGGAATCCGGAGCCAGTTGCGTATCCGAATACGAAGGGGCCTGGACGAACAAACGTCCGATGTCCGACCACGCCACTGCCGTTCCTGCTCTGTCCAGAACCGATCCGAACAGAGAATCCGATTCCCAATTACGCGATCGCCGTCGCTCCCCGTCGATCGCCTCCCAGGAAAACGACGCTTCCTCGAATGATGAATCTCCGGAAAACGCCCCAGACGATGAGAACGCCCAATCGAGCGACGAGCATCTGGAAGCTCGAACTGGGCAATCGACCTCCGAGGAGGAGAATGCAAGCGACGCGAACACAATCGCCCCGGAAACGACCGACGTGTCAGCGGTAGCAAGCAGCGAAGACATTGCCGCGCTCTTCGCGCAAATCAACAAAAAGAAACAAGAAACGACTTCTGCACCAACCGTAGAATCCAATAACGATGTCGTCGACTCCCACGACATCGCGGCTTTGTTCGCCGCAAACACTCCGAAGAAAAATCCTTCACCTAAACCAGAGCAGCCATCTGCACCTCCCGCCCCGGCGGCGTCCAACAGCGACGATGTGGTGGGAGCCGACGACATCGCAGCCCTATTCGCCGCGAACGCTCCCCAAAAGAATCCATCACCTAAACCTGAGGAGCCACCTGCACCTCCCACCCCGACGACCTCCAACAGTGACGATGTGGTGGGAGCCGACGACATCGCAGCTTTGTTCGCTGCGAACGCTCCAAAGAAAAATCCGTCACCTAAACCTGAGGAGCCATCTGCACCTCCCATCCCGGCGGCATCCAACAGCGACGATGTGGTGGGAGCCGACGACATCGCGGCTTTGTTCGCCGCGAACACTCCGAAGAAGAAATCGGATGCCAAGCAAGCTGCACCGAAGCTGGACAGCAAGCTGAACGAGCTACTGAGCAATCTTCATCAAGATATTTCGAATGACGATCTCGACTCGCTTTTCGCCAACGTCACCTGATGTTGGCTACTTAGGCTCACCTTCCATCGACTGGACAATTTCCGCTTGGGCTTTTGCCAACTCGGGCAAGCCTGCTGACTCGTAGGCTGCAATCAGTTTCTTGCGAGTCCCAATGCGACCGCTGTCAAGCTTGATCGCTTGCTCGAATTTATTGATCGCCTCTTTGGCCCGTCCGGCCATCATGAGGAGCTCACCAAAGGTATCGAGAATTTCAGCATTGTTCGGCGAGATGCTTTGTGCGTGGGCCACCAACTCGAGCGACTTGGGCACATTCTCAGGACTCGCTTTGGCTAGGCATAATGCCAGATTGTTGCAGGCCGAGGCGTCGTTCGGATTCTTGGAGAGTGCAAGTTCCCAGTTCTTGATCGCCTCTTTTTCGTTCCCCAGCATGTAGTAGCCATCGGCCAACATGCTGTGCGCTTCGGAGGTCGTGATCCCGTCATCGATTTGTTTTCGAAGAATGTCTACGATCCGTTTCGACGGCTTGATATTGCGGCGTAGAAGCTTGGCAATCTGTTCAGAAATCTTTGGATCGTTTGGATCGGCATCCGCAGCCGATTCCAGCAGGGATAGATCGGCGGTGAATGTCCCATCAGGATTCTCCACGATCGATTTTTCAAAGATCGAGATCTTGATCGATGAGAGCGCTCTGGCCAATTGAGGTCGAACGTCGCTGCCAGCCAAGCCTTCTTGCAGGATCGCGACGGCTTGTGGGTATTTCCCGGTCAAGAACCGCACCTCAGCGATTGCCAAGCGATCGATGTCGCGTTCATTGCTCGTATTGAGTCGGGCACCGAACACTTCTTCGACTTCGTAACTCGCTTCTCGAAGGCCTTCTTCGTTTTTGATACGGCCGTAGAGACGAGCCAATTCCAGATTCATTTCTGGCAACCTCTTCGCCGCTTCTTTTGCCATCGCGATGGCGCTCGGGGTGTAGCCATTCTGTTCCAGGATTTGAGCGTAGATGGCGATAAGTTGGACTGGGACTTCGGTCCAGTCGCAAGCCATCTGGAGATTTCGCCCCAACTCCTTTGTGTCGATTTCCTGCTGATCTTCCTTCGCTTGAATGATCCAGCACGCCATCCATGCGTTGGCCTGGCGAAACGGACCGTACTTGCCGGACGCCAAATCCTCCATCACCGATTTGGCCGCGGCGGGGTCTCCATCGATGCTTTCGAGCAGTGCGAGGCGATAGCTAGCTTGGGCGTTCTTGGGTTGAAAGGACAAGATACGCGTCGCGAGCAACCGGCTGTAGTTCTTGGCAAAGTCCGGAATGCTGTTGGGATCGTTGATCGGCGTTCCCTGTTTGGGGTCTTTCGGATTCATGAACCGGAACTGCGAGTAAGCAGCCCGTTCCAAGACACGGGTCGGTAGATTCTTTTCTCCTTCGACCCCGTATCGTTGCACTTTGGCGTCTACCCGTTCGAACAAGGAGAATCCAAAGATCAAATAGACGATGAGAACAATCAGAAACGCTGGCAGATGGAACCAGAATCGAATCCAACTGCGGGAATATTTCCAGCCCCGAGCAGCGTCGAGGAAACTGCCAGCCATGCCGACCGGTGACGTGAAAATTTTGAGGAACTCGCTGCCGAGCCACTGGGTGTTTTCCACGATGAGACGAATGCGACTTCCCATTAGTAGTCCTCCTCGATCTCATCCGCT
NZ_CP011272.1_gap120	4512969	4514001	1032	CCTTCAGCTCTCCCGTCTTTACCGGCATCCGCCGCGACGGGGATCGGGTCATCTGCGGCAGCGGCGTCAAGCTTTCTCATTTGATCACCTACGCCGTGGGGCAGGGCCTCGGGGGCCTGGAACACTTGGTCGCCATTCCTGGCACGGTCGGAGGAGCGATTCGCGGTAACGCGGGGACCGAGGACGGTGCGATCGGCCAAGTCGTTCACTCGGCCCGGATTTTGACCAAGGATGGCTCGATTATCGACGCCAAAGCCGAGGAACTAGCGTTGACCCACCGGGCCAGTGGGATGGACGGAATCGCGCTCGTCGAAGTCACGTTCGCACTGACCCCGGGCGACCCTGCTGCCCTCACCAAACGGGAGCAAACCTTCTGGATTCTCAAGCGTCGCAAGCAGCCGAGTTTTCCTGAGCGAACGGCCCTCGCCTTCATCGATCCCGTTGGAAACCAGGCTGCGGATCTCGTCCAGCAAGCCGGTTTGTCGGGCGTCTCCGAGGGAGCGGTCCGGATGAGTTCCACCTACCCCAATTTCATCATTGCTAGCACTGGTGCTACGAGTTCCCAAGTCCTCACTTTGCTAGAGAGAGTTCGAACAGGAGTGCAGGATCGGAGCGGAGTGCAGTTGCAATTCCATCTGCAGATTTGGTAAAGATACGCCGTTTGGGAAATTCCACTTCAAGGATGGACTCTGCCGATGGCTTCTGCTGAAGTCAACCCACCAAGCTCCACGCAACCCGTTTTCTGGGCTCATCTGCTGCAATGGATTCGGTCGATTCCACGATCGGCTATCTTGAGCATGATCGGCCCGTCGTTGCTTTTGGTTCTCGGTTACTTCGGATGGCGGTTCTATGGTGCCAAGCACTACGACGCTGCCTTCTACGGAATCGACAAGGCAAACATTGTCATCAATAACCAACCGGCTTGGTTGAAGTCCTCGATCGTCGATCAAGTCTACGCGGACAGCGGCATTGGAAAGCTGTCGATGCTCGATAGCCAGACACCCGCCATGATTGCCCGAGCGTTTGACGCCC
NZ_CP011272.1_gap121	4609658	4612267	2609	TGGCGCAGAACAAACATCCGACCCCACACCCAATCTGCGATGAAATACACGCAGTCGCGCGCCTTCCCTGCTTGGGAAAGAGAACGACCGTCTCGCAATCCTGTTGGGTGCGATTGGATCGAAGCCGGAATTTCACGGCCCCGGACGCGGGCTCACCTACGGTCTGAGCGATGGACCAACTTCGCATCCAATCCGTGTTGGCGAGATGCTGCTCGATAGGCTGCCCCTCGCGCAGTACCTTCCATGCTCTCCGTTTGAGCGAGGCACAACCATCGGGTGCACCTAAGACATGCAACCAATGGGGAGGAATCGTGGCAGGAGCCCCAACCATCATGATTGCTTGCGCTGCGTCCGAACGAAATCCCGGAACTCTTGGGGCCACGCGGTCTCGAAAAAGAGGGGCTCTCCCGTTCTCGGATGCTTCAACCCTAAGCATTCCGCATGCAACGCGATGCGTTGAAATTGCCAAGCCCAGTGGGCCGCCTGCCGCGGTCGATAGCGTGGATCTCCCAAGATGGGATGCCCCAACTCCGCCAACTGCACCCGGATCTGATTGCGCCGACCCGTTTCCAATTTCACTTCGAGTACCGCCGCATCGGACAAAGCGGATTGCACTTTATAATTGGTGATAGCGATCTCCCCCTGTGTCTCGTCGGCGACCAAGATCCGGTTTAGATCGGCGTCGGTCGACAAGTAATTCACCAGACGCCCCTCTGGCGCTTTGGGAACCCCCGCGACGATGGCGACATACTTTCGATGCGGCTTGCGATCTGCGAACTGATCGCGGAGCCGTTCGGCCATCTCCAGCGACTTGGCAATCACCAACACCCCCGACACGCCGCGGTCGAGTCGATGCACACAAAAGGCTTGGGCATTCCGATCTTTCGATTGGTAACGCCGCTGGACAAGCGACAACAGAGTATGGGCTTCGCGGTGTTTTGTGGGAACCGTCAGCAAATTCGCCGGCTTGTTCACAAGCGAAATGTCGTCGTCGTCGTATAGAAATTCAATCGTCCTCGACGACTGCTTTCTCTTCGTCTGCTTGATCGGAGCCACAATCGCCTGCGGGACCAAATCGACGGAAATCTCATCGCCTGCGTCGCATCGAAACCAACCTTGTCGCTTCACTCTCCCATTTACCGCTACGTAGCCTTGCTCCAACAACCCGTCCACCTGGGCGGGCTGCAATTTGAACAAGATCTTCACGACATTCGCCAAACTCCTCGCAGGAACAGGGATCGATTCGGGAAGCGCCTCCGTTTGAATAGCCATAAGAGCTGTTTATTTCCGTCCAAGTACTTGTTGTAAGAACCCTTCGAGCGGTCCGATGTTCTTCAACATCGCTTGATCGAAAGGTGTGCCCGCGGCCAAGGCCCGCACGAGGGCATCGTACTGTCTCTTCCGATTGCCGTCGTTCATAAACCGCACAATTCCAAATCCGATGGTCGCGGAATCCTCATCGTTGAGCCCACCATCCAGAAAACGCTTGAGATTCTCCATCTGCTTCATCGATTCTGGCAATCGGTTCATCCAAGCCTTCACGCGTGCATCTTGCACACCCGAAATTTGCGCTAGGGCTTGCCGCCCCGCTCCATCCGCAAACCATTTGGGCGTCCCCTCTTGAGACCCAATCCAAAGGCTCGCCAACTGCTGCGCCAGAGACGATTCCAATATCTTCGGCTCGCTCGAGTCATAAACAATAGTGATGTAGGCATCCAAAACGTCGGAACGCCAATGCCCAGACCATTCCGCAGGTAGGGAACGGTTCTCCAGCATGGTCCCAAACTCGCTGTAGTCATATCGCTGCTTGAGCGCAAAGACCGTCACGCCCCCTTTGACCAGCGATTCTTTGTTGCGAACTCCGAAGAGTCGCTTCACTTCCTTCTCCGCATTCTTCATCGCTCCCAAGAGACGTTTGGCTCCATCCGCTCCGATATTGCCGATGACGTGAAATCGGTCATCCTTCTCTTCGTCGGGCTCCGACTTCGGTGCAACAATTTGCCATTTCTCTCGGGCTCGAGACACCCGGCGTTCCATAAGCTCCTCATGCTTAGCCTTGGAGGCCCAAGCCTGCGAGATGACGGAATCAAGCCTCGCTTCCTTATTCTCGCCATCGAACGAGGCACCTTCATCGATCCAAGTCGTAACGAGGCGAATATTGTCTTCGGACAAAGCGGGGCGCCCTCCTGCCGGCATCCGCTGCCCAGCCATCCCTCGCAGTTTCTTGACCAATAAACTATCGGCCCCTTTGCCTGGCGTTACGATCGCACCGCTGTCACCGCCGCGCAGGAGCTGATTGAAATTATTAAAAGCGAGCCCTCCCATCGGACGCATTCCTGCGTAGTGACAACCATTGCAATTCGAAGTTAAAATCGGCGCGACGTCGCGGGCAAAGCTAACCGTCTCCTTGCCTGTCGGTGCAGCTGTTTGCAATGGTTTGTCGGGGCCTGCGGCCATATCCGGACCATTGGGACGATTGGCTGACGAAGATCGGACAATCGAAGCCAAGGGAGCTTGCGGAGAGATCCCCTCGGTCTTGGCTCCCTGCTCGATCCATTTTTTGAGCTTGGCCAAGTTCTCTGGCGCGACTTTGCCTCCCCCCCGAGGCA
NZ_CP011272.1_gap122	4623773	4624948	1175	ACCCGCTTTTGGAACCCCGGCCACGACGACTTCGTCGAAGACCAACACCCTCCAATGCTTGCACCTGAGCTTCACCGGCCGCCTAGAAGGGGACCTGCGAACGAAGAAAGCAAGTTTCTTTGACCGTATCGATGCGCTGATGGGCCCGATCGCATCTTGGGAGGACCAAGTCAACGTGCATCGCGCTGAACGCCTTGGAAAAAACCAAACACGACTCAGCGCGGATCAACTCAATTTGTTCGATGGAGGCGAGTTAAGCTACAACCAGATCTCCCCGAGCAATCGTGGCGAGGCCCCCCCTCCCGCCTGGGAGCTTGAAGCGGTCAGCCGTGTGCAAGTGGAATCGATCACCGATAAAGGGCGTGTGACCATGGAGGGACACAGCCTCAAGTACGCAGCCAAAGAAGATACCGTGATCGTCTCCGGTTCGCCTCGGCAAGCTGCCTTGTTCACCCTTTATCCCAATGACGGTTCCCCCAGCGACTTCATCGACACTCGACTACCCAACATCTCGATCCAACTCAAGACCGGAGCGATCAAAGGAAATATCAGCCGAATCGAAGGACCGCTGCCACCGAATATGCAGCGAGCCAGCTCCCCCGGTTCCAGCAATCCCGGACAGCCTACCACAGGGTTACCTTCCAATCCGCTCCTGCCTGATCCCAGAGGAAGCGGCGGCTCCCTGCGTCCTCGGTAGTTCGATGGCATCGTGGCCCATTCCAGGGCGATTAGAGGGTCTCAATCCTGCCATTGGAATCGCCGAACGAGTCGACTTCGACTCCGAACTCGTTCAACATCGTGACGAACAAGTTCGACATCGGTTGCTTTTCGAGAGCGCGGTATTGCCCCGGATGGAATCTTCCTCCCGCATGCCCTGCGAGGATCACCGGTAAGTTCTCATGCGTGTGACGATTGCCATCGGCGATCGCACCGCCATACACGATCATGGAATTGTGCAAAATCGATTGCCCATCGATGTCTTCCATACGCGAAAGTCGATCCAAAAACTTCGCGAACGACTCCAAATAGTACTGGTCGATTCTCGCTACTTTTTTCGCCAACTCCGGCACGCGTTGATTGTGCGTGAGGTAGTGATGCCCCTCTGGAATACCAATTTGCGGGAAGATCTTGTTACTACCGTCGTACGCAAGGAGCAATGTCGCGATCCGTGTCGA
NZ_CP011272.1_gap123	4702166	4703154	988	TTTGATGCGAATAGGAGGACAACCCCTCCGCAGTCGTTCAAGCCATCAATCGGTACATGCCATACCCAAGCCAAACGGCGATAACGAATCCACTCGCCAAGGCAAATCCCCCCCATCGACGCGTCGCTTTCATCTGCCACCACATCGCGATACCACTAATCCCCCAAAACACCATGACAGCCGCCATGACATCCACCACGATCGCCCAGATCCACCGCGTTCCTCCGTCAGGGTGATAACCATGCGAGGTGTGCAATCGCAGCCAGAACTGACGCCACGAAAAAGACGTTGCAACGTTGTTGTCAACTGGCTTGGTGGAGACTGACCCCACCAACGCATCGTGCTTGCACTCCCAACTCTGGCCGTCGGCATCCACTTGAAATACCAATGCCGGGAGATAGGAAACGCGAAGGGAGGACGCCTGGACATCTAGTTCTGGATCTCGCTGGTTGGCGATCTTTGCAACCTGCGATTGGAGTCGTTCCAACAACCCTTCTTCCAATCGAAGAGGGAGCTGCTGAAGGGTCGGCTCCCCGTCGGACACCGGGCCTCCGTTTGAAGGCGTTCTCTTCGCTTGCACTTCAAAGAATGCTTTCCCCGTCGGAGATGCAGGATTCCCTTTGGGAGCGATCCGGAGAACCCCCGCCTGGCTTCCGGACATTGGCAAGGAATAGCTATAAGTCCTCTCACCCCGATCAAACGACGCTATCAATCCGCTGCCATCAAATCGCGGGGTCTTGCTCGTATCCAACCGAATGCGATCGTCTCCGTTCGAAAACCGTTCATTGAGTTGCTGCACGATCGCTTTGGCTCGTTCTTCCGGTTTCCAAGCCCGAGTCGCCCAATCGTCGGGTAAGAGGGATTGGGAAACAGACTCCACATCCACCGGCGAAAAATGAGCTGGATGATTGAACAGATAAGCGGTTACTCCATAGAGAAACACCCACGGAATCAATGCGAGCCCCAGATACAGGTGACAGCGTCTCAA
NZ_CP011272.1_gap124	4710827	4713071	2244	CAGTGGTCTAGCGCGCAGAACGGTCGAGGACGACCGTTCGACATTGTCGATCTGTTGTCCTCAACAGATCAGCATCGCATGACGCATCGCGCCAGCTAAGAATCCTTCCCCCCCGGACGATTGACCAGAGAGCTTGGGGGAGAGGTGGTTTGATCGATAGAGCAGTGGTCTAGCGCGCAGAACGGTCGAGGACGACCGTTCGACATTGTCGATCTGTTGTCCTCAACAGATCAGCATCGCATGACGCATCGCGCCAGTTAAGAATCTTTCCCCCCGGACGATTGAACAGAGAGCTTGGGGGAGAGGTGGTTTGATCGATAGAGCAGTGGTCTAGCGCGCAGAACGGTCGAGGACGACCGTTCGACATTGTCGATCTGTTGTCCTCAACAGATCAGCATCGCATGACGCATCGCGCCTGTTAAGAATCTTGCCCCCGGACGATTGACCAGACAGCTTGGGGGAGAGGTGGTTTGATCGATAGAGCAGTGGTCAAGCGCGCAGAACGGTCGAGGACGACCGTTCGACATTGTCGATCTGTTGTCCTCAACAGATCAGCACCGCATGACGCATCGCGCAAACTCAGATACCTATCCCACATTCCTACCTACAGACGGCGTTTGAGGGACGAGATACCCACGAGAGCAATGCCCATCGAGCGATCGTTCGTTTGCGACATAGATCCTGAAAGGATCCAAGCTTGTAGCCGGGGGTTGAGCGCAAGCGACACCCCCGGTAATGCCCCGCGCCTTCTCCTATCCCGAAGGGATTAAAGATTAATCTTGCATCCCGTCGGGATGCGTCCAACGAAATCCACCGGGGGTATCGCTTACGCTCAACCCCCGGCTAATGGCTCAAGTCCTTTCAGGACAAAAGAGCTTAACGGTCGACATTGTCGATCTGTTGTCCTCAACAGATCAGCATCGCCTGACGCATTACGCAAACTCAGATACCTATCCCACATTCCTACCTACAGACGGCGTTTGAGGGACGAGATACCCACGAGAGCAATGCCCATCGAGCGGTCGTTCGTTTGCGACATAGATCCTGAAAGGATCCAAGCTTGTAGCCGGGGGTTGAGCGTAAGCGACACCCCCGGTACCCCCGCGCCTTCTCCTATCCCGAAGGGATTAAAGATTAATCTTGCATCCCGTCGGGATGCGTCCAACGAAATCCACCGGGGGTATCGCTTACGCTCAACCCCCGGCTAATGGCTCAAGTCCTTTCAGGACAAAAGAGCTTAACGGTCGACATCGTCGATCTGTTGTCCTCAACAGATCAGCATCGCATGACGCATCGCGCCTGTTAAGAATCTTTCCCCCGGACGATTGACCAGACAGCTTGGGGGAGAGGTGGTTTGATCGATAGAGCAGTGGTCTAGCGCGCAGAACGGTCGAGGACGACCGTTCGACTTTTGAGACCAACGAAAAAAGCCTGCAGAGGATCTACAGGCTTTTTTGCATTTTTGGGGTAAGCAGGCTCCAATTTGGAGCCAGACCTTACTTGAGTTCGACGGTGGCGCCAGCTTCGGTGAGTTCTGCCTTGACCTTCTCGGCATCTTCCTTCGAAACTTGCTCTTTGATCTTGGCAGGAACGCCTTCGACCAACTTCTTGGCGTCCATGAGCGAGAGGCCGGTGAGGTTCTTAACAACCTTCACGACGTCCAGCTTCTTGTCGCCGAACGAAGTCATCACGACGTCGAATTCGGTTTGTTCAACAGCAGCGGCAGGTGCTCCGCCGCCATCTGCAGGTGCTGCCATGACAACGGCGCCGCCAGCAGCAGCTTCGATGCCGTGAACTTCCTTCAAATAGTCACTCAATTCCTTGGCTTGCTTGAGCGTCAGGCCGACGATCTTCTCGCCCAGGGTCTTGATCTCTTCCGCGAAAGCGGTTGCCGACTCGGACATAATTCACTAATCCTCAAATTGGAAAGAACTAACTAACGAAACTCACCGGCGAGAAATTGGAACCGGCTGTTCACCCACGTACGATGGTTCAAGCAGGCGATTATTCGCCGGCTTCCTCCTGGTTCTCGATCATCTTCTTGACCTGACCAGCGATCTTTCGAGCCGGACCGACCAATTGACCGGAGAGCGTCGCTCCCGGTGACAAGATCTGTCCAACCAGAATAGAAATCTGTTCTTGTCGGCTTGGCCACTTGCTAACCTTCTTCACTTGGTCAGCGGTGAGAGCCTCACCATCCATTACCCCGCCTTTGATTTCCAGCTTGGGGAATTGCCCAGAGTT
NZ_CP011272.1_gap125	4721021	4725162	4141	CAAAGTACAACCCTCTTACCCCCTCTCTTCCCAGCGCCTTCACCCTTCCACCCGCTGCACAACCATCGGAGTGGATCAAATCAGGTGCATCGATTTGTTCGGCTATCGCCGCGTTGGAACCCTCCACTGCGAACGAAATCGGCACGCAATTGAAACAGCAATTGAGCCTCGGGTCGGGCAAGGACCACCCGCTCACCGCCATCGCCCTGCTTGTCTTGGCCGATTTCGCTGTCGAATCCAACAGCTTTCCCGCAGCGAGCGAATTCGCTTTGGAGTCGAGTCTCAGTGGCGCGCGAGCTGGTCAACCAGAACATGTCGAGGAAGCGATCGAACTCTGGTCCCAATGCGCCTTTCAGAACCAGCTCGACTACCAAGCGACCGGAAAAACATTGCTAGGTGTTTCGAAATGGGCTTCCGGACAAAGCCGGCTTGTCCTGCTTCGGGCCCAGCTGGAAGGGGTACGGCAAGCCGCGTTGCGAGGAGACTGGGAGACCGTTCGCAAACAATCACCGGCGATCACGGCCGCGATCCTACCGAAACAGATCCTCCTGCCTCGCATGGACGCCGGCATCGCCTACGCACAGGCGAAACTGGCATTTGCCGAGAACAACTTGGCGACGGGAATTCAAAAGCTCGAAGAAGCCTTAGCCATCCTTCGCGGAAACTCCGCGATGAGTTCGGCCTCCACACGCCTTTACCAGCTTCAACTCACGCAATACTTGATCGCAGAAAATGCAATCTCTTCGGAAGTCGGTCTTGCAATCCTAAGCGGCTTGCTCGACGCCGACCGCATCGGGGCTTGGAAAACCAAAGTCCTCGAGGAATTGGTCTTCCAAATGGCGGACAAGCTGGATGCCCGCCGCTTGGCCGTTCGATTGGCGCTCGATTCCAACGACCTAGAACTGCAAGTGGACGCATGGGAACGCTGGAAATCCGCCCGATTTTTGAACGGGAGCGTATTGCAAGGCAGGTTGGCAGAGCTTCGTCGAGCCCTCCATGCCCCTTACGATTCGGTCAGCGCCGAGGAAAGTAAAAAGTGGGAGTCGATCCGCGTCGCGTTCCCTGCGTTAGCCAAAAACGCCAAGACTCTCGAGGAATGGACCCGCCCCTTTGCGACCACTCCCAAACCAGATCTTCGAAAATGGAGCGACGAAGAAACGAAACGCTGGGAGAGCGTGGTCAAACTCAGCAGCGTCCAAGAATCGTTGCTTTGGTCGGCGACCCTATCCCCTGTCGCCGTCCCCGAGACTCTGACTCCGCGCTGGAATCGCAAGACTCTGTTCGCCACGCTCTCAGATCAGGACGGCGTCTTGGCCTACTACTCCCTGCAAGGAGAATTGCACGGGTACTACGTGACCAAGAAAGAAATTCGAAGCTGGAAGATCGATGAATCTCAAAATGTTGGCCCGGATGTTCGCAATCTCATGGCGGTTTGCTCCAAGGCATCGTCCGAATTACCCGCCGACTTCTCGAAACAAACCAATGCACTGAGGCGACGGTGGATTCCCGATGAAATCTGGGAAAGGATGAAGAGTGCGGATCGTTGGATCATCGCCCCCGATGGCTTGGTCTGGGGATTTCCATTGGAACTGTTCCCCCTCGCGAGCGCCGGCGAATACGAGCCCGCTCTTTCCCGCTATCGCATCTGCTACACCCCGACCTTGGCCGCTCTCGAACCCTTGATTCGACCTCGACCGTTGGCTAGGCGAGAACGAATTACCCTTCAATCCGCCGACTTTTGGGATCCGAATGGCGGGAATGGCAAAGGCCTTCTCGAACGTTCGGCAACCCTCTGTGGAAAAGACCGCACGCTGGATATTCCGAGCAACGGGGCCATGGTTCCATCGCCGTACCTCAAGATCGCGAGCGGTCACTACACGTCGCTGTCTCCTCTACGTTGGGACGATCCCAACCGATTCCCATTGGTTCCCGGTTCCGATGCCGTGGCCAATCAGATAGCGGGCTGGAACCCATTACCATGGGGTGCACCGGAGTCCATCTGGCTGCTTGGACATGCCCATGCGAATGGCGAAATACCAGGAGCGATCGAACCAGGGGACGAATGGCTCAGGTGGACGCTCGGACTGCTCTCGCAAGGCACGCGACATATCTGGATCTCCCGCTGGCCGGTCGGGGGTGAGTCCACGCTGTCACTGCTGACGCAATTGCAAGACAATTTGGAGGGGGCGCCCTTCACCGAAGCTTGGCAGCGTTCCGTCGCGACGGTTTGGCTTGAAGAATTCCAACCGACGAAGGAACCGATTGCTTGGTCGCAGGGTAAAGAACCTACCGCTTCGTCCCGTCCTATTCCGGGTACCCATCCCGGCCTTTGGGGGGGCTACCTATCGATCGGGGATCCAAACTCCCCGGAAGGCTCGCGTTAACCCTCAACTCACTTTAACGGACGGTCGGCGTCGAACCTACGCGGGCCTTAAACCGTCGCGGGACTTGAGCCTTTGCAGGCCGTCACCCAGCCACCTCATCTCGCATACGTTCCGCATCCCAAGGAATCGCTTTAGCGAAACATGCTCGCATCGGGCTGCTGGGCGCTCTGGGGAGGGGGTGGGAGCGCAAAGGATGGCGTCGCGGCTGCAGCGGCACTTGGCAATCCGGCGGTCGATTGGCCAGCTGCTGCTTGGGGAGCAGCGGCTCCCACCGGTGTTTGCATCAAGGTTTGGACATTGGTGGAGATCGCCGAGGCTTGCTGCATAACGCCTTGCGCCTGCCCCATCCACTGATTCCCCTGTTGGGCCAGATTTTGGAGCGATTGACCACCTCCCATGCTGGCGAGCAAATCGCGAGCTGGTTTCAGATTCGGGTCGATCTGAAGAGCGGCTCCCAAATACTGCTGGGTAGCAGGGACGTTTTTGCGACTGAAATGGAGGTAGGCCATTTGATAATTGGCCATTGCAGGTTGATGCACCTGAGCGAGCTCGGCCATTGCACCATCCGCGTTCCCCATGTCGAGCAGGACGCCTGCGAGGGCCGATCGATGGTTCGCGTTTTTGGGATCCAAGTTGACTGCTTTTTGAAACTGTTCCTTGGCCGCGTTCAAGTTTCCGGATTTGACATAGATCGCCCCGAGTTCTGAGTAGCTCGCCGCGTTGTTCGGAGCGACTTCGATGGCTTTGTTGAAGAAGCTAATCGATTTGTCTTTTTCGTTTTGTCGATCGTAAAGGCGGGCCATGCTCAGGAGTGCCGAGATGTTCTTGGGCTCGGCTTCCAACGCTTTGCTGTAGCTGTCCAGCGCCTTGGCGTAGTCCCCTTTCGATTCATGCAACTGCCCTGTCATGACGTAAACTTCCGGACCGATCGAACCGGTCTTGGCCAAAGGTGCCGTCGCGCTGTTAGGGGCTGCTGCCTCGGTGGTGGTGGGAGCGCTGAAGGGAGCGGTGATCGCTGTCTTCGCCTTGCCATAAGCGGAAGTGACGGCGGTTCCCATCGAAGAAAACTGTCCCTTCACCGCTTTGGTCGTCGAGGCGAGTGTTCCCCCCACTCCCGGGGACGTCACCGCGTCGGCGCCTACCTTTTGGGTCGGCCAAATCGACGACTTCACACCGGGTGACGTTTTGCATCCGCTCGCAATCGAAACAGAGAGTGCTCCCAAAGCGAGAAGCCGCCAAGGGTTCGTTCTGTGGTTTGGCATGTTCATGAAAGTTCAACTGCGGAATGGAAACGGAAAGGTCGCCGTATCCCTCACGATCGGCAACTTCCGCGGCACTCCTTGAAGGATATTTCACCTATTCGGAAAACTCGCGCAGACCGGAACGAATCGCGTCGCGGTGCCATAGTGTTTCGGCCTTTTACGAAAAATTCGATGAAAGGAAAAAACTGCAATTGACGCCCGGGCAAAGGTTGTCGTATTTCCTCTTTCTGTCAGGAAAAACCAATCAAGCTCTGTCGTCGGTCGAGGATTTGCGGGAATACTCGACTGGCCTTCCTCCTGGGTTGGAGCAGCATAGAGCCATCGCAAACAATTACTGGGTCGATTGTTTTTGATGGTGCTTCACGATAGAGCTTTCGACTGCGTGCGGGGGCAGGCTACTGCTTGCCCCCGCACCAGGGAACACCAAGCCGACTGAGGTTTCTCAGTCGGCTTGTTTTTTGCGCTCGCGTTGAGAATCGCCGCGATGGCCAACGC
NZ_CP011272.1_gap126	4819038	4820409	1371	GCCCACAGCTTGCTCAGCTCTCGTTTGGGGACAACCCTTGATGGGCCGCAAACCCGAAGACGCTCCCAATGAGAAACTAGAACCTCTTCCCGTCGCATGGGTTAAACCCTGGAAGACGAGCACGGGAAACAATGCGAGGGTTTTCCATTGCACCATGGGGAGCGGCATGGACTTGAAAAATGACGGACTTCGCCGCTTGATCGTCAATGCAATCTACTGGGGACTCCAAATGGAAAATTCCATTTCCGCGACTCGCAGCGTCGACATCGTAGGTTCCTACCAGCCCCTGGAGAGCGGATTCAATTACAAAGAGTTGGGCGTGCAACCTCGCCCCGTTTCCTATTACAAGTAAAGATTCCAATTCCATGATCTCTAACAAATACGTCAAGCAACCATCATGAGACTTTGGATGTGGATCGCGTGCACCTACGCATGCATGAGCGCCTTGGTACGGGCAGGGGACCCTTCGCTGCCGGGGCACCATCCCTTAACCCAATCCCAAGCGGGAAGTGTTCTGATTTCCGAACTCCGCTGTGCCGCTTGCCACTCGGGTGCACCGGATAGTTCACTACCGGAGAAGACCGCCCCGGACTTATCGCAAGTCGGAGGCCGGATCCGACCCGAGTATCTGCGTCGCTTTTTGGAGTCACCTCGATCGGCACATCCTGGGACGACGATGCCGGATCTGCTGGCGTCGAAACCAGAATCGGATCGACGAAAAATTGCGGAAGCGCTCACCCATTTTCTGGTCGCTCAATCCAAACCCATAGCCGCTAAGGCCTCGACCGCAAATCCGGACAAGGAATCCGGCAAATCGCTCTTCCATTCCGTTGGGTGTGTCGCATGCCATGGCCCTCAAGATGCCGAACTTGCGGAGAACCCAAATCGCAATCTCCCGGAGGAAGAGGAAGACGAGGAAGAAGATCCAGTGCTCGCAGCAAGGAAAAAGATCAAACCCAATGCGTTCCCGCTCGGGCATGTCGCCCAGAAATACAGTTTGAAATCGCTGCAAGCATTTCTGTTTCAGCCCTTGCTCGTCCGAAGCTCGGGCCGCATGCCTGACATGAAGCTGACCGAAGACGAGGCGATGGCGATCGCGAGTTATCTCACCGCTGAAAAGGAGGAATCGGATGCGTTGTTGGTACCCTCTGCATCCCTCGTCACCGCAGGGAAGGAATACTTCCAGTCCCTCCGTTGCACGGCATGCCATGCTTTGCCAAACATGGAACCCAGTGATTTAGTGGGATCGCTCCAGTCGGCCGATCTATCGGAAGGATGTTTATCGACAAGCCGTGATGGAAGTACAATGAAACAGATTCCTCTATTCGGCCTGACATCCGAACAACGGACTGCGATGGTGGCGGCACTTCG
NZ_CP011272.1_gap127	4964825	4969162	4337	TCGGTCCCATATCGAATCGGTATCCGTCCTGCTGATGAACGGCTGCCTTGCCACCGACCCATTCGTTCTTTTCCAGCAGCGTAACGCGGTGCCCACGGGCCGCGAGCGTGCAGGCTGCGGCGAGGCCGGCGAGTCCTCCGCCGACGACGCCTATGTTCAAGGAACGACCGTTTTGTTGGATCATGACAAACCTCAAAGTCCGATTTTTTGTGGGTTATTGCTTGTTTCGCATCGCCAAAATAGCTTGAACAATCTGCCGAACGCCATTCCAACGAGCCAGCCAAGTGCTCGAGTGGACGCATTGTAGCAATCCGTCTAGGACGGATTCGTCGGCCGGTGTCGGGGGCTGAGCGTGGGGTAGCCAAGCCCCTTTGCGAACCGAAACGACCTTGGGAACGGTCATCGAGAGAAGCCCTTCATCCCCTCGCGTCACACCAAATCCGCTTTCGCCACGGCCGCCGAATGGGAGTTGCGGATCCGCCGTTGGGACGATCAAGTCGTTGATCGTGATGCAACCGGCGGTGATGTATTTGGTGATCCGCAATGCGTCTTCCAAGGGACCGAAGATGCTTGCCGAAAGTGCATACGGGCATTGCGAGTCTGCTTGCAAAGCATCCGCCCAATCGTCCACCGGAATGATCATCAACACCGGCGCGAAAATGTCCCACGAGCACATGTCCATGGCGGGAGTCATATCGGTGAGAACCAGGTGCCCCATCGCCACTGTCTTGGTATTACCCGACTCGCTCGAATCGTTCCGCTCCAAGGTCCGCAGATCGGGAAGTGGATGTCGTCCATGGCTTTCGAATACCTTGGCACCCTGGGCTACCGCGTTTTCGACGCCATCCCAGACTCGGCGATAAACGGATGTTGGAATAGGGGAGCTCCAATCCCTTTGATTCTCTTGCGCAAGTCGCTGGGCTAGCAATCGATGGAACACCTCAGACGCTTTTCGGGTGATAAAGACCCTTCGCGGGGCCATGCAAGTCGCGCCACCGTTGAGCCGCAATCCGAACAAGAGCAAATCGCAAACGCGATGCATATCGGCCCCCGGCAGTACGTAGACCGCATCGCAGCCACTCAATTCCATGGTGGCAGGAGTCAACGAGTTCGCCAGCCGTCCGAGGACCGTGCGGCCTGATGCGCTGCTACCTGTCATCACGACTTTATCGACACCAATTTCCATCGCATGCTCGGCGGCCGCGATGCTGCTATCCAACACCAAGATCAAGCCCTCGGGGACCCCTGATTCTTCCAGGATCTTCACCCACAACTCGGTGACCCTTTCCGCGCCGGGAGCCGGCTTGATCACGACACCGTTTCCGGCCGCCAACGCCTGCAAAGTTTGTACGCCAGTCAACAGCAACGGATAATTGCCCGCCCCGATGATCAAGACCAAGCCATGGGGAACTCGCTCCACCGTGGAATGGAGACCTCCCAGCCAAAACGGGGTTACCCAGCGGCTCGCATAGCGCGTCTTCAAAATCTTGCGTGCTCGTCTGCAGACCCATCTCGCAGCATCGGCCAAGGGAAGCAACTCCGCGGCAACGGTCTCTCGATACCCTTGCCGCGTTGGGGTTTGAATCGCGTCGGCCAACTCCCGCCGGTAATGCACCAGCAGGCTTCGCACTTTCTTGAGCCTGCTCAATCGCTCCTTGAGCGGCAGCTGACTCCATGCCAGCTGAGCTCCGTAGGCGCGCGAGAACTCGCTCTCTTTCGGGGAGCTTCCGGCTTTGTGGGGAATGCTTGAAAGCTTGGACAAAAAGGACGCATCGACATTCATGCCATGAGCATATCAGTATCCCTGCACTCCAGGTAGGGCTTGAAATCGCAGCGTATTCCTCCCTCCTTTCCTAAGACCATGGCCGTCTCGGAACACGGTCCGTGTTCCTTCAAGGGAAACCTACCAGCAGATTTACTAGCCACTCCCATTGGAAGCCTTATTCCAACCGGGGCAAATCGATCTCGTCTCTCGATTCCTTTTCTATCTTTTTCGAGGTATCGCAGCGCCCTTGCAGCCCACAGTCATCCACGGCGACACCCGATTTTCCTATTTCCCCCCCAATTGGCACGACCCATGCGTTCTACGCAATAGTGCTGATGCCAACCCGAGAACTTCCACGCCCGGGTTCTCCCTTTCTTTTATTCACTTAGGATTCCATTCCACAGGACGTTTCCCATGCGACGATATCGATTCCCTCAGCACCGCGGCTTCACGCTCGTCGAGCTGCTCGTAGTCATTGCTATCATTGGTATTTTAGTAGGCCTACTCTTGCCTGCCGTGCAAGCGGCCCGCGAAGCAGCTCGTCGGATGCAGTGCTCGAACAATCTCAAGCAGCTGGGTCTCGCGGTTCATAACTTTGAGAGCGCTCGCAAAGAAGTTCCGACCAGTCTTCGCCCACCTTCCAATGTTGCAAGCTCCGGAGAGCAAAGCCGGGTTTCGGTTCTCACGGATCTGCTACCCTTCTTGGAGCAGAACGCGATCTACGATCGCTACAACAAAGCCATCAACTGGAATCAAGGGACGAATATCGCATTGTCTCAAACGCGTATTCCTGCCTTCGTATGCCCATCCAATCCCGATGGTGGCGCGCTGGACACGGCCCCACCGGGGAGCACGGCGGCCTTCATCCCGGGCATTGCGTCGTCGACCGACTATTCCCCCATCTTTGGCATCGCCCCCGGCGTATTCACGCAAACACTCGGCTTGAGCGCCCCACCCGAACTCTATCGCGATCCGGCAGAAGTGTTCGCGGGCGTGAATCCTCCCTACACCTATGTACGTGGCTTCTTCCCAAAGAATGCGACCATCAACCCATCGACGGGACTTCAGACGAGCAAAGGTTACAAGTTCAGCAACGTCTCGGATGGTCTTTCGAATACGTTGGCCATCGCGGAGTCGGCGGGGCGCCCTTTTGTGTATGCGAAACGCAAGAAGTTATCGGGAGGTAATGCACTCAACGATACGGATGCGTCTTCATCCAACACCGATCGATTGAACTCGGGAGGATGGTCTCGGCCCGCAAGCGATCTCATGCTATTCGGTTCGACCAACGATCCGAGAGGTGTGTTGGGGGGGACGGTTTCCTTCAACTCGACGAACGGACATAACATCCGCGGTTTGACGTATACCCCGCAAGGCATCGCGCAGACCATTCTCGGGTTACCTATCGCCACCCACGGAACCGGTGCCCCTTATTCGTTCCACACCGGCGGAGCTCACTTTGCCCTTGGGGATGGATCGGTTCAGTTCATCAGCGAAGGGGTCAACCTCGCTGTCTTCATCTCCCTGGCAACACCCGCAGGTGGTGAAATCCCAGGTGAGTTTTGATCACGTAACGAGGTGGCGTCTTTCGCGCCGCAGTCCCATGCATCCCAAAGCCCATGGTACCCATCCCAAAACCCATGGTACCGCGGTGCAGACATCGGTTTGCACTCCGAGGATTTCTTGAAAGGAGTATTGATTTTGATTCCATCGCTATCGCCACGCTTTAAGTTCCTTTCCCCGCTTGCGGTAACATTCTTGGTGACGGCAGTGGCCTGCATAGGTGCAACAGGATGTTCAAAACCCTCCATGCCATGGGAGAAAACCTATCCTGTGAGCGGGGTGGTTCAGTACAAAGGGAAACCTGTGGCGGGGGCTGAGCTGGCGTTCTTTCCCGTCGACGTTTCGTTTCCAGATGACGTCCGGCCGAAGGCCAAATCGGATCCATCTGGAACTTTTGATATCTGGACGTACGTTCAGTCAGATGGCATACCGGCGGGCAAGTATCGAGTGACCGTGGTGCAGCACGAAGTTTCGGTTTCCAAAGGCACTATCGTCGCGAAGCCGAATGCGCTGCCGAACAAGTACGCCACACTCGATAAAACAGATCTGCAGATCGAGATCCAGCCGAACGACCGCGGGCCGATTGCTATCGACTTGAAGTAGCGCACCGCAGAACGGCATTGCAAGAATGACATGAATCGCACTTCGCTCCTCGCGCGGTGAGTGAAGTGAATTCGCAGAGCGGTGTCTAATTCATCAGCGGCAAGGGAGCCAGGGAGACATGAATCTTGAACTGCTGGCTATCGCGGATGTAGATGATATCGACTTCGCGATTGACCCCGGTCAGGCCGACCAACTGGACGAGATGCTCATCGTTGTCGACTGGGGTTCCATCGAATTCGAGGATGATATCTCCATACCGCAATCCGGCTTGCTCGGCAGGGCTGTTCGGCTTGATCACCTTCACAAAGGCGCCGCGAGGGGGCGGAGTTCCCGGTGCGGTGTTGGAGGCGTTAAAGGCTCTCTCGACACTCACTCCGAGGTAGGCGCGTTGCAATTCACCTCGCTC
NZ_CP011272.1_gap128	4972571	4973293	722	GCGACCGAATCAACCCCAACCTCCCCACTGGCGAAATCGAGGTTCGGGCTACTTCGATTGAGATCATGTCCGAAGCTGCCGAGCTTCCTCTCCCGATCGCGGGCAACGCGGAATATCCTGAAGAAATCCGCTTGCGCAATCGCTTCCTGGACCTTCGACGGGAAAAACTGCACGCCAATATCGTGCTCCGCTCCCAAGTCATCGCGAGCCTGCGACGCCGGATGATCGACCAAGGATTCACCGAATTCCAAACGCCGATCCTGACCGCATCGAGCCCCGAGGGAGCCCGGGACTTTCTCGTACCTTCCCGTTTGCATCACGGGAAGTTCTATGCGTTGCCGCAGGCCCCACAGATGTTCAAACAGCTATTGATGGTGGCTGGGTTCGATCGCTATTTCCAAATCGCTCCCTGTTTTCGAGACGAGGACGCGAGAGCAGACCGCTCTCCCGGTGAGTTTTACCAACTCGACTTCGAGATGAGTTTCGTCACCCAAGAGGACGTGTTCCAAGCCATCGAGCCCGTTCTCCATGGTGTGTTCGAGGAATTCAGCAACGGAAAGAGCGTCACTCCGCCCCCGTTCCCTCGCATTTCCTACAAGGAAGCGATGCTTAAATACGGCAGCGACAAACCGGACCTGCGCAACCCGATTGAAATCGCCGATGTCACGGAGATCTTTCGGGGCGGTGGCTTTGGCGTCTTCGCCAATGCGATCGAGCAAGGC
NZ_CP011272.1_gap129	4977889	4981242	3353	CTTGCTTCGCGGTCATCGAGTCGTATGCATCGATGACATTGACCAGTCGGCTGGCGAGCGGCGCGATATCGGGCGAAAGCAGATTGCTGGACGATTCATAGCTGGTCCCTAGACCCGCGATCGCGAGCAATAGCTCTTTGCTTGCTCCCGCCGCTCGAAGAATCTCTAAACCGACTTGGCTATGCATATCCATCATCGACTGCTCGTGTTCCAACAACCTCTCGGGCTTTTGCAGGACACGATCAGGAATGCCAATCTTTCCTATTTCATGCAGCAGGGCGAGCGTTTCGAAAAGCTGTTGCTGATCTTCCTTCAGCTCGTGCTTCGTCGCCCAAGCCGAAGTCCAGAACGCAACGCGGAGCGAATGCGCAGCCGCAGGCGGATGCTTGGCTCGGAGGGAAACGTAGAGACTCGAAACGGTCCCAAAACGAGCATGCACCATCGACTGCCATGCGCCGGCATTTTCCGTGTTGATCTGAGTTGGACAGATTGGTAGCGGGATCGATGCACCGGGGAAGGGGCCGCCCACCGTTTGGCTTAATACGTCGCTAAAATCTGACATGGTTCCAACGTCGAAAAGTGTGGTTTCTCGCAGTGAAAAACTGTACGATGCGTTCGCGACGGAGAATTCCTTAGCCCAACGTTCGTATTCAAATTCGCGTTAGCCGAATGAGAAAAGGTGCGGGTTGAAACGATTTTTCGGATCAAGCAGTTCGTATGGTCCGCACGTTCCTCTGCGTTCTTGGAATACTTCCGTCGCTAACTCATGCCTCCTTCCTTTCCACCGACTCTTTGCCCCAAGCCATGTTTATGAGCCCTTCACTACCAAAGCTTCCTTCCCTCGTCCGAATTCGGGCGTTGTCTTTGCCTCTCCGGACCGCCATGCTCCTTGCCATGGCATCCGTCTCCACGCCGTTGTTCGGTCAGCTCCCCACGGGATGGAAACAACACGACTGGGACCGAGAGCGCCCTGCGATCGTCACGCCAGGTGAACTCGCCGGCCCGGTGGCTCCCCCGTCGGATGCGATCGTCCTCTTCGACGGAATGAGCCTCGACAAATGGCGGTCCGCCGACGGGGGGCCAGCAAAATGGGTGATCAAGGAGGGCGTCATGGAGTCGGTTCCTGGCAGCGGTTACGTCTACACGGCAGATTCCTTTGGCGATGTCCAACTGCATGTCGAATGGGCAGCCCCGATGAAGGTGGTCGGAAAAAGCCAGGGCCGAGGAAATAGCGGAGTATTCCTGCAGGGACTTTTTGAAGTGCAGGTCCTCGATTCGTTCGACAACATCACGTATGCGGACGGGCAGGCAGGGGCTATCTACGGCCAGTATCCACCCCTCGTGAACGCCAGTCGCAAACCGGGCGAATGGCAAACGTATGACATTGTCTTCCGGCGTCCCCACTACGAAGAGAACGGAACGCTCCAACAACCCGCTCGCATGACGGTTTTCCATAACGGTGTCCTCGTTCAAGACAACGTGCGCCCCCTCGGCCCAACCTCGTGGCTTCAGCACCATCGCTACTCGAAAAGCGAAGAGAAACGCCCCCTGTCGTTTCAAGACCACGGAAACCCTGTCCGCTACCGAAACGTTTGGCTCCGAGAACTCCCACCCGAATCCATTCCGCAACCCAAATCTCCTTACGACCCTGTCATCGTGGACCTTACCGAGGAGCAAAAGAAAAAGCTGGTCGGCAGCTACCAACGCTCCGGAGGAGGGACTTGGGAAATCACCTCGAAAAACGGAAAGCTCTATCTCAACATCATTGTGAATCCTTTGGAACTGATTCCGCACAGCGCCTCGGAATTTGGCCTAAAGTACACAGCAGGTTTGGTCACGATTCAGTATGATGATGCGGGAAACCCCAAGGAACTGGAGTTTCAAATGGGTGGAGACACCAGCCGCGCGGTGCGGGCTCCATAACGCCTCGACTCCCGGTACATCCCCGATAATCGTGGCATTCCTCGCGATCCTCGCGTTTGCTTCGTTCACTCTCATCTCTTGCCAACTCGAATCGGACTGACTTTATGAACCCGGCTTTGTTCGCCATCCTTTTGGTCCTCGGACTGCTTGCGTTCATCATCGCCGCCATCATTCTCGCGATCTTCTCACGCTATTTTTGGCTGTGGGTTCAATCGGTGATGACCGGTGCCAAAGTATCCGTATTGGATTTAATCGGAATGCTCTTTCGACGTGTCGATGCGCGAACGATTGTCCGCGGGAAGATCATGTCGACCCAAGCCGGAATCGACGACCCGGATTTGACCACCCGGTCCCTGGAAGCCCATTACCTGGCCCGCGGCAATGTCCCGCAAGTCATCCGCGCCTTGGTCGCCGCGCATAAGAGCCGCCAAATCACCCTGACCTTCCGGGGTGCAGCCGCCATCGATTTAGCAGGCCGGGATGTGCTCGATGCCGTTCAAACGAGCGTCTATCCCAAAGTCATCGACTGCCCACCCAAAGGCAGTGCGGTTCCTTTCCTCGACGCGATTGCGAAGGACGGGATTCAGCTCAAGGTCAAGGCACGCGTTACCGTCCGAGCGAACTTGCAACGCTTGATCGGAGGAGCGACCGAAGAAACCATCATCGCTCGAGTTGGACAAGGCATTGTGAGCGCGATCGGTTCGGCCGATAGCCATAAGGTCGTTCTCGAAAACCCGGATATGATTTCCAAGGCCGTGCTCGCCAGCAGACTCGATGACCAAACCGCGTTCGAAATCGTTTCCATCGACATCGCAGATATCGACGTCGGTGAAAACATCGGCGCCCGATTGCAAGCGGATAAAGCGGAGGCAGACACTCGTGTAGCCCGCGCCAAAGCAGAAAGTCGTCGCGCCGAGGCGGTTGCAACCGAACAAGAGATGATCGCCAAGATCGAGGAAAGTCGCGCTGCGGTCGTCGCCGCAGAAGCCGACGTCCCCCGAGCCGTCGCGGAGGCCCTCTCGACCGGTCGTCTCAATGTGATGGATTACTACAAACTCAGGAACATCACTGCCGACACCGAAATGCGTCAAAGCATCGCCGGCACCAGCACCACTGGCCCAACCAATCCGACGCGCACCCCTGCGTCGTAAGCCCCCACCTCCAGCAGGATAACGGAACATGGCAGATGACTTGGACGAGTTCCTACGGCAGGCAGCGGAGCGCCGTAAAAACCGGCAGCAGCAAAAAAACGCGCGCCCTCCCATCGCCCCACCTCCCCCCGTCGTCGGGCAGCCTGTTCGGGATCCGATCCCGACCCTGAGGCCTCTTTCGGAGCGAGATGCCTATAGCAATACCCCAGCAACTCGCAGCGACACGCCTGCCCCCAAGGCATCGGCCCAAATGGCCCCCGCCCGCGAAGAGGTTTCACG
NZ_CP011272.1_gap130	4994276	4995501	1225	AGGGTACCTACTGGCTTGCCTATTTCCGACTCGATACATTGAAGCTCAAAGAACTGAATCGGACTTGCCAGCTCAACGAGAGCTTGCTCCGTTTCATGTTCACCAAAATCGATCCGCGATTGATCGATGCGTTGGTGGCGCACGCCCAAGAAAAAGTTGTTGTGCCCATTGATGCTCTCGAACGACAGCCCGTAGGCGTTGGCGTGGGTGCCGACGATGAAGAAGAATCCGAGGTTGAGGACGAATAAGAGATTCGGGCTCGGCCAAACGTTGCCGTTAACGGCTTAGAGACCGGGAGTGCACAACATGGCTAGCTACAATCGAGTTATTCTCCTTGGAAATTTGGTTCGAGACATCGAACTGAAATACACCACCTCGCGATTGGCGGTATGTCAAAACGCGATTGCCGTGAACGAGCGGCGAAAGAATGCAGCAGGCGAATGGGTCGATGAGACCTCCTTCGTCGATGTAACCTTTTTCGGTAGGACCGCAGAGGTCGTCGCCGAGTATTTAGGCAAGGGTTCCCCGATCTTCGTCGAGGGCAAACTCAAGCAGGATACTTGGGAAAAGGATGGCCAGAAGCGAAGCAAATTGTATGTGATCGTCGATCGCATGCAGCTGATCGGGAGCCGCAATGAGTCGAAAGGCTCGGGGGCTCCTAGGCCGCAAAGCAACGGCAACCGATTTGCAGATCAGGAACAACATGTTTCTCCCGATATGCACGTGTCGGAGGTTGGGGATGGTGGCTTCATCGACGAAGACATGCCCTTTTAATACAGAACATTATTTTAAAACCGCTTTGGTTAGTGATTTGAAATGACAACACGAAAGATGCGTACTCCGACATTTCCTCGTCTTCCCAAGGGACCGAATGGCGGTATTCAGCTGATGCTCATCCAAAACGTCGAGCATCTCGGCAAAGCAGGGGATGTCGTTGAAGTCAAACCTGGGCACGCGAACAATTATCTCCTCCCAGAAGGCTTGGCGATCGTCGCCACCGACCACCACAAGCGAATGGTCGATAAGCACCGCGCCAAACTAGCGGAAATCGAGAAGCAACGACTCGCTTCCCTCCGCCAACTCGCCGATCAGTTGTCGAAGCAATCGATCAACGTCGAAGCCAATGCAAACGACGAAGGACATCTCTACGGTAGCGTCGGCGCAACCGAGATCGTCTCCGCTCTCAAGGCCAACGGCTTTACGATCACCAGCGAGCAAGTACGAC
NZ_CP011272.1_gap131	4998297	5000108	1811	CGATGGGTCTTCGATCTCCGGCGTGGAGGCGGGAAAGTCTAACGTTTTGCCTGACATTCGCCCCCCTGGGACGGCAATCACGGATTGACGAAACTCCCTTACATAGGCTAATCTTTTGATGGAGAATCCCCCGATAGTTCCGGGGGATTTGTTTTTTTACCCGTTGTTCGATACCGCAGAAGGTGACGGCGAATGCCGTTGCCTGTGCACAGCCTCTTGGCCGGGGCTTGCATTGCAGGAACAACCAGACCACGGAGAGTGAAATATGGCCAACGAGTTAGTCGAAAAATTGATCGAGGCTGGCGCTCACTTCGGACACCGAGTGAGCCGCTGGAACCCCAAGATGGAGCCGTACATCTACGGCCGAAAAAACCTCATCCACATCATCGACATCCGCGAAACGCTTCGCGGAATGCTTCGAGCGAAGAAATACCTGAACCAAGTCGCCGCACAAGGCTCCTTGGTGCTGTTCGTCGGAACCAAGCGTCAAGCATCCGAAGTCGTTCAACGGGAAGCTCTCCGCTGCGGAATGCCATTCGTCAGCGAACGATGGTTGGGTGGCGCTCTGACCAACTTCCGAACCGTTCGTGATCGAATGAAGCGATTGGACGAATTGGAAACGATCATGAACAGCGAACGCATCAACGAGTACTCGAAGAAGATGCAATCCTCGCTCAACCGCGAGTATCGAAAGATCTACCGAAACTTGAACGGTCTTCGCATCCTCAATCGCTTGCCCGAGTGCTTGGTCATCGTCGACCCTAAAAAGGAAAAGAACGCTGTTCGTGAAGCCAAAGCGCTCGGAATCACCACCGTCGCATTGATCGACACCGATTGCGATCCAACCCAAATCGACTTGCCAATCCCAGGCAACGACGACGGGATCCGCTCCATCGACTTGATCATCAAACAACTGGCGGATGCGGTTCTGGCAGGCCGGGCCGAAAACCCAGAAATGCAAAAGAAGGCCGGCGGCGAAGCGAAAAATGACGTAACCGCCGAAATGGTCGCTAAGGCCGAATCGATGGCTTAATCGCCAGGCGCTCCGTCCACCAAAGATTCAACCATGCGTCGGCGCCGATCCTGCTCTTGGGATTGGCGTCGCTTCGTTATCCGAAACGACTTCCATACAGGGATACAAACCATGTCGACTATTTCCGCAAGTGACGTCGCTGAACTTCGTAAGCAAACCGGTGCCGGTTTGATGGACTGCAAAAAAGCATTGCAGGAATCCAACGGCGACTACGAAGGCGCTCTCGATTACCTTCGAAAGAAGGGACAAAAAGTTGCAGAGAAACGCGCTGACAAATCGGCCAGCGAAGGCTGCGTCGTAACCGCTGTCGATCCTTCGAAGACCAAAGGTGTCGTCTTGGCCCTTTGCTGCGAAACAGACTTCGTCGCCAAAAACGAAGGTTTCACCGATTTGGCCAAACGATTGGGCCAACTGGCGCTTGATAGCAATGCCGAATCTGTCGAACAACTCAATGCACTGAAGATCGACGGAATGACTGTCGCCGAGAAACTCGTCGAACAAACGGGCAAGACCGGCGAAAAGATGGTTGTTTCCGAACTCTACCAACTCAGCGGCGACAAGATCGCGACCTACATTCACGCAGGAAGCAAGATTGGAGTCCTCCTCGCGTTCAAAGATGGGGGCAAACCAGGTGCGGATGAATTCTTCCGCGGAGTTGCCATGCACATCGCCGCAATGAAGCCTACGATCTTGAACTATACCGAGTTCGATGCAGAGTTCGTTGCTAAAGAAACGGAATCGATGCGAGCTCGCATCATCACCGAAAACGAAGACCGCG
NZ_CP011272.1_gap132	5006664	5009023	2359	TGTGGACGCGGAAGTAACGATGGCAATATTCATGCCCTGTGCCTTCGCGAACTTGTCCCCGGTCAACTCCGGAAACACCAACCACTCGGAAAGTCCCATGGAGTAATTGCCGTTGCCGTCGAAGGCGGTTCGGCTCACTCCTCGGAAGTCACGCACCCGAGGCAAAACAATGCTGATCAGTCGATCCAAGAACTCGTACATGCGGTCCCGTCGCAACGTTACTTTGCAACCGATCGCAACGCCTTCTCGCAATCGAAATCCTGCGATCGATTGCCGGGCTATCGTCAGGACCGGCTTTTGACCTGCGATCTCCGTCATCGCGTCGGCAGCCAGTTCCAAGAACTTCTTGTCTTGCATCGCCTCTCCAACCCCCATGTTGATGGAGATCTTCTCAATGCGAGGGATCGACAAAACGTTCTTGATGCCCAACTCCTTGCCGAGTTCGGACTGAATCGTTTGGAAGTACAGTTCTTGAAGTCGCGGTGCCATGTTTCTAACGAGCCAAAGGGCTCTTATCTTCTAAGGACCTACCGAATGAATTAAGACTTTTGTGCGTGCGATGCACGCGCCGGAGCGATAACACTAATCGTCGCCCCACTCTTCTTGCTGTATCGCTCTTTGGTGCCATCGGGAAGGAACCGAACACCGATCCGTGTCGGCTTTCCGGTTTGCGGACAAACCAAAGCGACTTTCGAAACATCGACAGGCGCTTCCTTCGACAACCGACCACCCTGTGGATTCCGTTGCGATCGTTTTACGTGCTTGAAAATCTTGTTGAGATTCTCGACGACGACCTTGTTCTCCGTTCGGTCGACTTTGATAACGCGACCCTTTTGACCTTTGTCACTACCGGAGAGCATGACGACGATGTCGTTTACCTTGATCAACATTTAAACTACCTCGCTCGCCAACGAAACAATCTTTGTGAAACTCTTCTCGCGAAGCTCCCGTGCGACTGCACCGAAGATCCGCGTCCCGCGGGGGTTATTGTCCTTGTCGACCAACACGACCGCGTTGGTGTCGAATCGGACATAGCTGCCGTCAGCGCGACGCGAAGGTTGCGACACTCGCACGATCACGCCCCGAACCACAGCCTTCTTCTTGATTTCGCTGCCCGGAATAACACTCTTCACGGAGCAGATGATGACATCGCCCAAGCTCGCGTAGCGGCGACGGGTACCGCCCAACACTTTGATGCACATCACCTCGCGTGCACCGGTGTTGTCGGCAACCACCAATCGTGTTTCTTGTTGAATCATTTTCGACTATCCCGAACTTCTGTCCGTTTGATTTCTGATGAATGCTAAGCCCCGAACCCAGGTCGCCTTACGCGTCGTTCGCAACGCTCTCAACCGACTTGCTCTTCTCGACGACGCGAATCAAATTCCATCGCTTGAGCTTCGACAAAGGTCTCGATTCTTCGATTTCAACCTTGTCCCCTACTCGCGACTCGTTGTTCTCGTCGTGAGCATGGCAAACAGTCTTTTTACGGATGATCTTCGAATAGCGTGGGTGTCGCACCAATCGCTCAATCTCAACCCGACGGGTCTTCGCTGTCTTATCGCTGGTTACTACACCGATCAAAATTCGACGTGGCATAATCTGTTAACGTTTGTTAATAACTGTTTCGGAAGGGACTATGGTCAAGGCTCGTGCTCACTAAGCCTTTTTATTTGCCCGCTCGGTTTGAATCGTTCGGACCCGAGCGATCAACCGACGGTTGTGTCGCATCTGGGTCGGGACATCGACTCGTTCCGTCTGCGATTGCAAACGAAGCTTGAACATCGTTTCCGCAGCATCAACTGCTGTCAGCTCCAACTGTTCGTCGCTCATTTCTCGTAGTTCTGACGCTTTCATGATCTCAATCTTCTTCGCAAATCTTATGTGGAACCAAGTCCCCGCCGACTTTTCTCCGGCTCGACTGGATTCCGGATTGAATGTCGCCAGGACGAACCGAACGACTTGCCACCACCCTATGCAGGGCGGCGTCGAACCATCCGGACAGGTACCGGCATCTTAGCCGCCAATCTCGCGAAACAAACCTTCGCTTGCTGCTCGGAAACACCGCTCAGCTCATAAAGGATCGTCCCAGGCTTGACCACAGCCACCCAGTACTCCGGCTCCCCTTTACCCTTACCCATCCGGGTTTCCAAAGGCTTGGAGGAAACTGGCTTATCTGGAAATACTCGAATGTAGAGTCGACCTTCGCCACGAACGTATTGATTACCGGCGATACGGCCCGCTTCGATTGTCTGTGCTCGGATCCAACCGCCTTGTAGGCACTGGAGACCGAAGTCACCGAAGACAACCTTGTTACCGCGGGTCGCGTTACCTTTTATACGTCCTCTTTGGCTTTTTC
NZ_CP011272.1_gap133	5021408	5024973	3565	GCGAAGGATCTGCTGCACTTCGGAGACTCGATCGGTGCGAACGGTGACGACCACTCGTCCGCTGTCCAATTCCTGCTCATAATGCTCCGCATCTTCGACGGAGAGCCCGAAGCCCGTTAGCGCCCCGACAACCCCTCCCGCGGTCGCGCCCGTCGCCGCGCTCGCGAGGAGAGCCGCAAACGTCCCCCCGGCAATCACCGGACCGATCGCGGGGAGCATTCCCGCGACAACGGCCAATCCCCACAAAGCTCCAGCTCCTAAACCAAGGGCTGCACCGGTGGCCGCCCCCATCGCAGCTCCCTCGGTGGAATCGTCAGGCGAGACTCCATTGATGGGACGCGAAGCATCCCCACTCGGCCGTTTGGCTATGACACCAATCTGATTGTGATCAAGCCCGATCGCGAGGAGTTCATTGACCGCCGTTTGAGCTTCTGCTTGCGTGCGAAATGCACCGATTACTGTATTCATCGCAGTCTCCCGTTTCGTGAAGAGAATTCTGCTAGCACCGCGATGCAGGAAAGTCCCAATCGCCCGGTGTAGCCCTGATGACGATGGATGCAAGCAGCATGCCAAACGCTAAACAACACCCGTTTTGCTCATTCTGCGTTGCGACCGAACCGTCGTTCGGTTCCTCATCACTCAGAGTGGTGTATCGCCCTTCACGGAAGGCTGCGGATCCCCTCAGGAAGTCCAACTAGCATTTGAATCTCCTCAGCCGTCAAAGCTCGGTGGAACACGGCAAGGTCATCCATGAGACCCACATAACTGAGGCCGATCATGATGGCCGATTGCTCTTCCTGCCAAGTAAAGGTCTGCACGCGGGACGACAACTGACCCGCGAGTTTCCCATTGAGATATAGCTTCGACACGCCGGTCGGTTCACCCGTGTTGAATCCATCGAGGGTGAACGCGACATGGGTCCAATCCCCCGAATGAAAAGGGGAATCGTCGACAGTCACCAAAGGACGCTCTTCCGCGGGAATGCTTTCAAAAGGACGCCCATTCGGGTTCCAAACCTTCTTGTCCGCATAAACTCCCAATCGAAAGGGAATTCGATCCCCGCGTTTCTCAAATTCCACAAAGGCCGCAGCATCATCCCACTGCTTGGAAGTGATCTGAATGGGATCGCAGAACCCCTCGCGGAGATCGGCCTGTGGCTTGGTACGAAGCCAAAAAGAAACCGTGCACTCCCAATGGGGCTTGGGCATCGGGAGGTTCTTCGCCCCTTCGTAAAAAACAATCGGTTGGATCGCATTCTGAAAGCGAATGGCACCTCCGAACTTGCCACGCTCCGGTTCGTGAATCACGTTCCCCTCGCGCGGTAGCCCCACGGACGCAGACTCCCGTTTGCCAGAAGAGACGGCTGTTCGCAATCGCCCATCCCCTTTTGCAAAGTCTGCGTTGACATGTTTGTCAAACGATGCATGAAAGGTCAAAGCCGAACGAAGACCTGCACCCGAGCCTTCTTGCCCGATGGCGAGTGAAGAGGGCCCCGCCCCAATCGCGGCCATCCCAAGCAACGCGAACGCAACACGAAAACCGGCTCGGCACTTCATGTCGGAATTCCCTTACATCAATTCGGCGATGGGTGTTGAGTCGCTGACAAGGTGCGTTGGTCGCCCCGCAGGTGTGTAATAGATCTTATTGGGATCGATTCCCAGTTTGTGATAGACGGTCGAGACATAGTTCTCCGGTGAAAGAACTCGCTCGATTGGCGCATAGCCCTGACGATCCGTTGCACCGATGACTTGCCCACCTCGCGCCCCACCTCCTGCGAACAAGATCGACATGGCGTTGGCCCAGTGATCGCGCCCCGGCTTTGTTTGCCCTGCCAAGGTACTGATCTTCGGCGTCCGTCCGAATTCGCCCAACGCGATGACCATGGTGTTTTCCAAAAGACCGCGTTGATCCAAATCGTTGATCAGCGTGGCGACGGTTTGATCCCACGAAGGCAAACGTTTTTCCAAAGCTCCGAACAAATCGGAGTGATGATCCCATCCGCCATCGTAGATGGTCACGAAGGGAACCCCTGCTTCCACAAGTCGTCTTGCGAGCAGTGCCCGTTGTCCGAAAGCATTGCGGCCGTAGGCTTCTCGAAGGACATCTGGCTCGGAATCAACATCGAAAGCCTTTTGAGCTTCCGGAGTCTGGACCAATTCGTAGCCCTGCTCGTAATTGTCGTCGTAGGAAGATACCGGATCGATCGCAGCTCCGACTTCGAAGCGCGGCATGCGATCCACGAGCTTGCGCAGGTCCCTGCGAGCCGCAAAGCGGTCTTCCGCGAGACCACCCGGAAGCTCGACATCTCGCACTCGGAAGTTCTTGCTGTTGGGATCGTTCCCTACGATGAACGGTGCGTATTTTGCTCCAAGAAAATTCGGTCCTCCCGATCGAGACATCGAGGGCATCGTGAAGTACGCGGGTAATCCGTGAGGGGCGCTTCGCTCGTATGCTGCCACCGAACCGAGACTGGGGTGAAAACTGACGAAAGCCCCGCAACCAACCGGAATGCGGGGGGGAGCACCTGTCATCATATAGTGATTGCCGGCGCCATGGTTTCCTTGGTTATGGCACACGGACCGAATGATCGCGTATTTGTCCGCCATCGAAGCGAGCTTGGGCATGTGCTCGCAGATTTGGATTCCAGGCACATTGGTTGAGATCGGTCGGAAATCCCCCCGGATCTCCGACGGAGCGTCGGGCTTTGGATCAAACGTTTCAAAGTGTGTGGGGCCGCCATCCATCCAAATCAAGATGCAATTGCATTGCTTGGTTGGAGCCCCAGCTTTGGACGTGTCGGATGCCGTCGCGTTACGCAGCGCGAGGAGATCCAAAAAGCTACCGCCCGCTAACCCCGCCAGCCCCAATTGCAAATAGGTTCGTCGCTTCATGGTCATCATCCTCTTAATCGATAAATAGAAATTCGGGCGAGTTGATCATCGACCAAACAACATCCTCTACCCAGCGTTTTGCGTCGGGTAGATCCTTCCGAATGCTGAGCAGCGTCTCCGTTTCCTGCGGATTCGGCAATCGTGCGTACAACTGCAAATAGATCTTTCGAAGGGCGATCTCGGGCGAAGACTCCTTAGCCCACGCGGCGCAGTTCCCGTCGGCCGAAGTCAATCTTTCCTGAATTTGACTCGAGTTCATCAGGTGAAGCGATTGGGACATCGTCGTGTCACCAATGCGTTCACAGGGAGGATCTTGGTTCGGGTCGGGACGGCTAAACGCATCCAGGAAATCCGAATTGATCCGGAATGTCCATAGCTGCACGGCCCGCGTTCCATGCGGCATTCCCGAAAAGGAAGTGGGCACCCCCGTGGCATCCGAAACGGCATCCGCTAACACTTCGGCTCGCATCCGCCTGCGAACGTGCTTCGAAAAATTGCGTTGATCGAACGCGTTGCTTTCATTAGGAATCGAGGAAAGTCCATAGATGTGGCTCGTGAAGATCGCCTTCAAAAGCTTTTTGGTATCGAATCCAACCGCTTTGTAGTGTTCCGCGAGCGCCTCCAAAAGGGGAGCATTGCTGGGAGGGTTCGTGGCCCGGAAATCATCGACCGGA
NZ_CP011272.1_gap134	5210614	5213061	2447	ACATCATTCGGAGGAATCGTTCGATCATCGCCATTTTAATCATCCCAGCGTAGTTAATGGCGGTCTTCTCGAATCGCGAAAAGACGCGTCGACACTCTTTGAGCCAACCTATGGAGCGTTCGACAATATTCCGGCGTCGATAACAATCCCCGTCGAATTGTGCCGTTCGTGCGTCGCGATCTTCATTCGACTTCGACGGGATGATCGGATTGATTCCAAGATCGATGAGCGTCTCGTCGATCCATTCGGCTCGATAACCTTTATCTCCTGCAAGATTCACTGGCCAAGCAACCGGGCGACCTTCGCTGTCATGAAGATCGTTGTCGGCCTTCTCGAGGACCTCGAGCAGTGCTGTGGTCTCATGAGCTTGCCCTCCCGTAATGGTGAATGCCAGAGGATTGCCCATGCCATCCACGAGAAGATGGATTTTGGTTGAATATCCGCCTCGCGAACGGCCTAGTGCATGATCAGCTGGCTCGTCTGGCGCCCCCTTTTTCCACCGCCAGAAGCACATCGATGGGCACGGATGACGCTCCCATCGACACACCATAGATCACTATCGATTGCACCATCATCAATGCGAGCTGAACGAAGCTTATTCAGAACAGCGTCAAGGGTTCCATCACCGTTCCATTTATCGTAGAGGCCGTAGATAGTTCTCCACTTCCCAAATTCTTCAGGGAGATCGCGCCAAGGCGATCCGGTGCGCAGAATCCAAAGAATGGCATCAAACGCTAAGCGGTAGTTCGTAGGAGGCCGCCCCGTTGTCTTCGGAGACGGAAACAGTTCCTCGATGCATTCCCATTGCAAATCGGTTAATCTGTGACGTGCCATCGTGTCTTGGTTCACCGGTAAATGGAATCGACCACTTCTCAGCTAACGCAGTATGAAGGCATCCTGCTTGGGGATTTCGCCGCATCGTGCGGCGAAGGTTTATCGCATACTTTCAAAGTCGGAATGGAATGGAGCGGTCCTTGGTGAAGGTCCGCTCTGCATTCCGACTTCGGGCTTCACGACGCTCAGGTTGCACCTCTGCAGAGCCCTATCCTTCGTGAAGCCGCTTTGGTTGTAATCGCTCAGCTTGGGCTATGCAACTTGTTTTGCCGCAGCTCGCTTTTCTTGTCGCAACTGGCGTGCTGCTTCAAGCTTGCGATCGCGTTCCTTGCATATCTCTTCGCTTAGTCCTGCTAGGCAGTCGGCGGGGGTGATGTAACCGATTGCGCTGTGCAAACGTACTGTGTTGTAGTAATGCACGTAGTTGGCTATTCGCTTCTCGGCTTCATCCTTTGTTGCAGGGCAACCTGGACGAATGCACTCGCTCTTGAGTGAACCGTGCCAGCGTTCCAGCTTTCCATTGCTTTGCGGGTAGTAGGGACTGGTCCGTACATGTGTAAGGCCGTACTCGCGAACGAATTCTTTGAAGTCCTTAGCGATGAATTGCGGGCCGTTGTCGCTGATGATTCTCGGCTTCACGCCCGGGTGCTTTTCCGTTCCCCTTGCAATTACCAACTCGACGTCTTGTTCTTTCATCGTCTCGCGAAGTTCTTGATGAACGATGTAGCGACTGAATCCATCGAGTACGGATATCAAGAAGTAAAACGTGCCGCCAACGTTGATGTAGCTGACATCCACGTGCCATTCCTGGTGGATTTTCGTTGGTTGAATGAAGCCTGTTCCTTTCTTGCTGGGAGTAACGATCTTGCGATCCAAACGACCAGCGGTCTTAAGAACTCGATACGTTGTACTTGGGCTGACAGCGACGATGTCGTCGTCGAGCATCATGAATGTCAATCGTCGATAGCCTTCCAGCGGGTGTTTTTCGTGGAAGTCTAGAATAGCCTTCTTCTCCCAGTCTTCGAGCCACCAATCACGCGGAATCTTACCGTTGTGTTCGTTGGCCTTTCCGTAGCGTTTGAGCCACTTGTGGTAATTGCTGGTGGAGAGTTTGGCCCATTTGAGCAAGGCCTTGCAAGGCAGTTCAGATCGCTCGGTCCAGTACTTCATGTAGTCGACAATCTTGTCTCGAATGTCGTGAGGGACCCAAACGCCTTCTAGAGGTCCCCATTGGCTTTTTTTGCTTTGACGTTCTCCTCCATGAGTTCTGCGATCACCTCGTTCTTGTACATGAGCTTCTCTTCAAGCTTTTTGATTCGTTGCTCTTTGAGTTGGTTGATCTTGGCCTCTGCTAACTTGGATGCTTTCTCGGATTTGGCGTTTTTTTCGAAAGCTCGCTCCACTTGATCGAGCGCCATGGCGACCCATTGATGGATCTGCGTCGGTTGGATTGAGAGCTCCTCAGCTATCGTGGAAATGGGTTCTTTGCCCTTGAGGTGCCGTCGAACGATGACAGCCTTTTGCTCAGCGGTGAATTTTCTACGTGATTTGGTCATCGGAATCCTCCTAAGATCAGGTTATCTTAGCCTAATCAGCGGGAATTCCACTTTCTA
NZ_CP011272.1_gap135	5217014	5221465	4451	AAGAGATCGGATCGGCATCCATGCTGAGTCGCGCAAGCGGCGGGCGGATCGGTACCAAGATCGTATTGACGATGCCTGGATCAACGGCCGGCGTCCGGCTGGCCATGGAGAAACTCATCCTCCCTGAACTCCCTCACTTGGTCATGCACGCCGGTAAATAAAAACATCTATTTGCACCGACGAGATCGCAATAGAAGAAGAAGAGGAAGAAGAAGTGGCGCGCCAAGGCGCAAAGATCGCAAAGGGAAAGACGGGGTGGGATTTGAAAACATAAGGAAGAATGACGGATTGGGATAAGAAATGAGATGGCAGTCCAAAATGAATTTTCTAGCAGCTTCACCTGACTCTCCTTCCCTCGTTTCGTCTTCACTTAGCGTCTTGGCGCCTTTGCGAGAAACTTGGAGCGTGAAGAAGTGGCGCGCCAAGGCGCCAAGATCGCAAAGGGAAAGACAGGGAGGGAATTGAAAACATAAGGAAGAATGACGGATTGGGATAAGAAATGAGCTGGCAGTCCAAAATGAATTTTCTAGCAGCTTCACCTGACTCTCCTTCCCTCGTTTCGTCTTCACTTAGCGTCTTGGCGCCTTTGCGAGAAACTTGGAGCGTGAAGAAGTGGCGCGCCAAGGCGCCAAGATCGCAAAGGGAAAGACAGGGAGGGAATTGAAAACATAAGGAAGAATGACGGATTGGGATAAGAAATGAGTTGGCAGTCCAAAATGAATTTTCTAGCAGCTTCACCTGACTCTCCTTCTCTCGTTTCGTCTTCACTTAGCGTCTTGGCGTCTTGGCGAGAAACTTGGAGCGTGAAGAAGTGGCGCGCCAAGGCGCCAAGATCGCAAAGGGAAAGACAGGGAGGGAATTGAAAACATAAGGAAGAATGACGGATTGGGATAAGAAATGAGATGGCAGTCCAAAATGAATTTTCTAGCAGCTTCACCTGACTCTCCTTCCCTCGTTTCGTCTTCACTTAGCGTCTTGGCGCCTTTGCGAGAAACTTGGATGCGTGAAGAAGTGGCGCGCCAAGGCGCAAAGATCGCAAAGCGAAAACCAGGGACGGACGTGAAAGGATAAGGGTGAATGACGGATTGCGATACGAGATACGATGGCGGTTCGAATCGAACTTTCTAGCAACTTTCCCCGGTTCTCCTTCCCCCCATCTCCTCTTCACTTAGCGCCTTGGCGCCGTTGCGAGAAACTCGGAAGCCTGAAGAAGTGGCGCGACGCTCGCAAAGATGGGTAGCGAGTGGACGCGAGGATGATGCATCCAATGACTGCAGGATGAGAGTTCTAAACGGCTTTGGTGATGGTGCCGAGATAGAATGGTTCTTGTGCCACCAATTCGGTGCCGTCGCTCAAGTAAAAGCGAACGCGAACGCACCAGGAGATTGTCAGGATCTTTCCTTCGTAGGAGAGAGGTGATTCCGGCAAGGGAACTTGAAGCCGTCGCGGATTGGACCACTCGATCGCTGCCAGCGAATTGCCACTAACACGTTGAAAGAAATGGACTCCCATGTCTTCGGAGCCTTTGCCTTCGGTAAGCCATATCACCGAGACTTCTACGGCAGCAATGGTCGATCGATCGATGTTGGAAACGGTGTACTCGAACTCGAGTACATCGTTAGGCATGTAAGTGGGTTGGAGTCCAAGCAATCGGATCATGACGGAAGATTCAACGTTTTGTCTAGCGCGTGCGGGTACACTACTACGGGGAAACTTCGGGAGTACGATGGCCATCGATTTGCCTCTCCTTCGACGATGATCTTCCAATGAACAGCGTTATGCAAGCTCTGAAACGAGTGCATCGCATCGTTAGGGATACTCAGCACGCCCTCCAGTTCTAGCGGACGCCCCCAATCAATTCTCGTACGACCTTGATCCAATACCACCTGCTCGCGCACGATGGATCGCTCGGTGCGAATGTCGGTTCCGAAATGATACGTGCTTTCCTCCTCGCAAACTAGTCGAACGGTTAGTTTCTTGATCACCAGCCTGCCGTACTGGACCAATAGAATCTTGTAAGTGCGACCGGGAACCAGCGGTAAGTCTTCGATCTCAACCGTAGTGGATCCAATCCCGAGCACTTGCACATAAGTCTTGAAGAACAGCTGGGTCGAACGAAGACCGATGTAGGCGCCAGGCAACAGGAGCAGTAGCAACATTATCGGAGTTCGTCCGCCAAGGAACCCTTGTACAGCGACGACAAAGAAGATAGCTAGCATGGCGTTCCAAGCCATAGCGAAGACCCCAACAGCGATGAACGCCATCAAGTCGTGCGACGGGCTTGGGAGTCGATAAGCCAGCTTCGCGCCCGGACTGTCTGTGAAAGGCTCGAGCGATGGGATCATCGGCGGAGGAGCCTTCTTGGTCTGTCGTGGGCGAGGCAGCAAACCGCTCTTCGCGATCGCTTCTCGGTGTTCGTCGCTCATGGCGACTTTCAAAACACGGACCCAGAAACCAACGGCACCCAAGACGACCAAAGCCGCCGAGACTCCGACGGATAGCCAGAATCCGTACCCGACCTTGAGCCAGCTGACAAAGGTACTAAGACTGAGAACGCCGACGAGGAAGCATGTGGCGAAGAATGTGGCCTCTCCCAGGGAGCCCATGATCCACCAGCCGGTCATCCGGCCCCCTTTTTTCTTTCCCCACAGTCTAAATCTCGGCTTCATACGTCGCAGTGTATTCGCTGGGCTGCCGTTGCCAAGCCGCACAACCGTTACCAACGACAAAGTTCCCCAATCAACCGCTTTCAGCCTGGAATTTCATCGTTAGAATCCCCGTCGGGTCGCGGACTGGCAGCCAGAATCGTCAAACCCCGAACACGGTAAGCAACCCTCCCCAAGAGTCTTTTCATTGAACGATTACATCGCTGCGTTACTCCAAGGCATCGTGGAGGGACTAACGGAATTTCTTCCGGTGAGCTCGACCGCGCATATCATCCTGACGCAGGAGCTGCTCGGAATCGATCGTACACTGCCGTTTTGGAAGATGTTTGCCGTAGTGATTCAACTGGGGGCGATCCTCTCCGTCATCGCCTTTTTTCGGGCTAGGTTAGCTGCATTTCTGGTTTCGTTCCGAGCTTCTCTGAAATCGGACTGGAAAGCATCGTACCGTCATCCATTGGCGCTTGTGCTGGTGAGCTTTGTCGTCACCGCCATCCCTTGCTTCTTGATCGATGAAATCATCGGTGAAAACCTGGAGAGCCTGTGGGTCATTGCCATTGCGCTGGTAATCGGAGGTATTGCCATGGTCGTTATCGATCGCGTCTATTCCGATCACGCCAAAACCGAGAGATTGGAAGAAATGAGTCTCCGGCAAGCGATTGCGATCGGCTTTTTTCAGATTCTGGCTGCCGCGTTTCCTGGAACGAGTCGCTCCATGGCGACGATTGCCGGGGGGCAAATCTTCGGGTTGAGTAGATCAGCGGCCCTGGAGTTCAGTTTCTTTCTTGCCATCCCTGTGATGTTCGCCGCTTCCGGGTTCAAGCTCGTGAAACATTTGGCAACCGAACCGATGCCTTCTGGAGGAGAGTGGACGAGCTTGGCGATTGGATTCGTTACCAGTTTTGTCGTCGCCTATGGCGTGATCGCATGGTTCATCCAATGGGTCCGCTCTCGCGGGTTCGTTCCGTTTGCCGTGTATCGGGTGATCGCCGGGACAGGGCTTTTGCTCTGGCTTTGGTTGCGATAGCCACGACTTTGATTTCATTGACAACCCATAGGGGCACCGATAGCATCACCCCGGATGTCATTGAACGTTGTTATTCCATCCGGTTGGACCCCTGAGGCCGATTCCATGCTGTCAACTCGGCGACTCTCGACAGACTGGATGTACCCCTGTCTCAACGCTTTGTCCACCCTTTTCTCGCTCTGCATTGCGATGGTGATGGGATGGGGCCTGCCAGGCTGCGATTCGAAAGAACCTCAGTCTTTTTCCACGAACGCTAGTCCGGAGTCGTCCTCGTCTCAGATCGCTTCTAACGAGTTTCCCTACACGTTTACCGACCGTCTGAATCGAAAGGTCACGATCCGAAATCGTCCTGAACGAATAATCTCCCTTAATCCGTCCACGACCGAACTCCTCTTCGCCATCGGCGCTGAGAGCAAGCTTGTGGGACGAACCGAATATTGCAATTTCCCCGAGGGGGCATCAAAGATTCCCATCGTCGGGAAAGGGACCATTGAAGGGATCAGTCGAGAAGCCATACTAGCGGCGCGCCCGGACGTTATTCTCTTCAAATGGGATAGTCATCAGGCGTTGATCGAGACCTTTGAACCCCTTGGCATTCCCCTTATCGGCATCGGTCCCGAATCGGTGGATGAGTTGCTATCCGAAGCCGAACTGCTAGGACGGTTAACGGGTACCAAAGCCAATGCGAATCATTTCACCGATCGATTTGCCTCCCAATTGAAACGCTTGCAGCAGTTGGTCGCGGACATCGCACCATCCCA
NZ_CP011272.1_gap136	5231540	5234060	2520	TTAGTTTGGTCGGTTCCTTTTCCAGGCCAGGCTTCGATGCTGAATTGGTCTGGTCTGCCCCGACGGTTAATTGGATTCCATTCATTTGCCTCCGCTTTCCTTGCCAAGTCACATCGTCCTCAAAGGGATCGACGAGTACGTCTGGAAGCTCTCTCCCCGTTGAGGAAGGCAGGCTCGCGGGAGGCAAATTCGCAGGAGGAAGGCCAGACGATGGCAGTTGGGAAGCAGGTTGCTTTGCTGCAGGTCGAGTTTCCAAAACCGATTCGGCCGATTCCTTGGGTGCATTGAGTTCCGAAGGGATGTCGCGAAGGCTCGGGGCGTCGGTCGTGCCCTTTGGAAAACGAGGCTGAAAGGGCTCTGGCGACTTTTCCGATCGCGACGGAGAGGACATCGGAGCAATCGGTGCTTCCTTCTCGATGATGGGCTTCGGTGCATTCAGGGGTTCGTTCAACGCCTGAGGCATTGGCATGGCTTGGACAGGTGCCTCTGGCAGTGGTTCTTCCGGTGTCGCGATGGGGTCGGTTTTGCGAACCGGGAGTTGTGCGGGAGGTTGCGAAGGTGCGGTGGAGCGACTTGAGGACTTATCGCTGATCTTTCCAATCGCCTGCTTTTCTATCGGCACATTGGGGTGCATCGGCGTACTAGGGGCACGCTGGAGGACGGGCGGAGGGAAAGCATAGGCACTGGTGAACGGCTGGGCAGGTATTGCAGGGGCAAAAGCCATTGGCTGTTGTACAGCACAAGCTGGGCAATCGCAGCCAGTTGGCATGGGCTCGCACCCACAAGAAGGAGCTGTCTCGACACCGCAGTTGGCCTCGACACCGCAGTTGGCCTCGACACCGCAGTGCGCTGTGCTGCGATGCAATGTCCATCTTCGCGTCGCTTGATGCCGGGATTCGGCTTCGATCTTGTCGCCGACATGATCAAAGTGCTTGAGAATCTTTTCCGCGAAGGAGAGCGACTTCGGCTTTTTGCGATGGGTATGTCCGCATGCGCCATCGCAGGCAGGACTTGTCTCGCAACCGCAGGTGGGTTCCTGTGCTATCGCGTTCGAATCGAGGGCACTAGAAAACCACACCGTGCATGCGACGGTCAAAGACCGAACCATTCGTGTTAATTCACGTCGGCGTTCTTGTTGCAACTTGGCTGATTTCATAAAGGTCTCGTACCGCTCGAGGCTGGTGTTCCGGCATGCAGCACACTGGGGAGCTGCACATTGACGACGTAGTAGTTGATGATGCTACCCGGAACAAGTTATCGAGACGTTACGGCCGGAATCCTCAGTGCTTTCGGTAAATCAAGCAAACTCGACGCAGTTTGCCTAGGTTCGCAGGAAGGAAGAGGTTTCGCGCCAAGGCGCCAAGTCCGCCAAGAAGACACGCAGTCCCTTTCGCATCGACTGTGGGCCGAGCCAAGCGAGCCAGGCCGAACCCGGATCTCGCTCTGCTGTGTGGCCAGAGCTTTCCTAATGAGAGCTTTTATACACGCCAGTAGGCGGAGTCGGGATACGCGCGGTAGGGAACGGCAAGTTCCGGAGTTTCAATCGTTTTCCCTTTTTGAAAAAGGGATTCGACGCCGGCAATTACCATCCCGGAGGTGAGCAAGGTTCGTTCGACAGGATACGGTGTCTTTCCATCGACCACCAAGGTTTCGATATGGTGGGCCAACGGATTGAAAAAGTCTGCCGTGGTCGATCCATGGGTCGGCATCGGCAGGTACATCTGGCAGGAAATGATTTCGCCGTTATCGGACCGCATGCCCGCGTAATTGAAATCCCGGATCGGAGCCAATAGAAGGGTGGTGCGGAACCCGTCTCGATGCTCCACCACGTAGCCGATCGATTTGGATAGCGTCTTGACCGCCCAGTCCCAATCGACCGGAGCACTTGGGTAACCCGTCTCCACGGGGAGATTGTGGCTTCGCGTTAACGCGGAGACGATCAATTTGCGGGTGTCGCCGTAATCCGCCCCTGACAAGACCTGCCACAACGACTCGTCGCGCAATGCTTGCACCGAGCGCACACCCACCTCGCCACCTTTTCTTCGCTCGGACATGCATTGAGCCGTCTCCAAGCCATGGATGTCGTAGCTGTCGACGCCACCGTAGCAGACACACACGCTTTCTTTGAGTGGTGTATCGAGCGGCATGTCGATTGACGGCATTCGCCAAGTCACGGGGAGGGAGGAGCCTGCAAGAAAGGGAAAGCCCAGTCGCTTGGAGTCCTCGACCATCTCGCGGCATTCGCTCCACACCGTTGATAGGTGTTTGTCGTTGAATACCGGCACACTCTTTCCGGAATCCTCAAAAACCTTCACGACCCGTTTGAACCACTCGTATCGCGGATATCGCCTCTGGCCCCTGTCGTTGTCGGGATACTTGCCATGCTCGGCGATGATTACCACACCATCGACCGCAAGTTTCGACGTCCCCAAGGTGAGTGCCTCCTCGATCGTGGGGAAGTCTTTCAAGCCATACTTGGCGATTCGCCCCGGCGCTAAGTCGCCTTCTGGATGTTGGTCG
NZ_CP011272.1_gap137	5252542	5255092	2550	CCAGCTTTGTTTGACATCGGAGGATATTGAAAAGGCTCGCCAAGCAGGGAAGATCGCGTCACTCATCGGAATGGAAGGTGGTCACTCGATCGAGGACTCCATCCAGAATCTGCGTCGACTCTATGAAATGGGGGCAAGGTATATGACCCTGACCCACTCCGATACGTTGGCTTGGGCCGACGCTGCGACCGATCAATCGAAACACGATGGCCTGAGTCCATTCGGGGAAGAGGTCGTACGTGAAATGAATCGGCTAGGAATGTTGGTCGATATCTCCCACGTCTCGCCTGCGACCATGCACGATGCGTTGGATATCTCCACGGCTCCCGTCATTTTTTCCCATTCGTCCGCACGATCGATCGCGGACCATCCACGAAATGTCCCCGATGATGTTCTGAAGAGGCTGCCTCAGAACGGCGGGGTCGTCATGATCAATTTCTACTCGGGATTTGTCGTTCCCAAGAGTGCGGCGATCATGAAGGAGATGTTCCAAGTTCGGCGGGAATTGCAAGCCAAGTATCCGGACGACAAAGAAAAGATGGAGCGTGAGTACAAGCAATGGCAGGTGAAGAACCCCTACCCAGCGGGCGAAGCGACGATTCTCGCAGATCATATTGAACACGTGATCAAGATGGCTGGCATCGACCATGTCGGATTGGGCTCCGATTACGATGGAATCTCGACAGCACCACGTGGTATGGAGGACGTGTCTACTTATCCATTGATCACGGAGATGTTGGTACAGCGGGGGTATAGCGAGGAAGACATTCACAAGGTCCTCTACAAAAACGCCCTGCGCGTACTGCGCGAGGCCGAAGTGGCCGCGAAGAAGCTGCGAGCGACCCCATAACTGCAGTAAGCGAGCCTCCAACTTTGATCATTTTCTCGCCAAGGCGCTAAGACGCAAAAGGGAAGGAGTGGGGTGGGGAGGGAATTGATGGTAGGCCGCTTGGCTAACTTCCAACATCGTATCGACAGAACCTCTGGACGGACTATCGACAGAACCGTTTGACGGGAGTGCGGAGGTTCATGCTCTGCCGTTCCCTGCCTTGGCGAGCTTTGCGCCGTGGCGCGCCACTTCTTCAGGCATCCAAGTTTCTCGCCAAGGCGCCAAGGCGCAAAGGGAAGGAGAGGGTTTGGGGAGGGAGTTGATGGTAGGCCCCTGGCTAGCTTCCAACATCCTATCGACAGAACCCTCCGGACGGGCAATCGACTGAACCGTTTGACGGGAGTGCGGAGGTGCATGCTCTGCCGTTCCCTGCCTTGGCGAGCTTTGCGCCGTGGCGCGCCACTTCTTCAGGCATCCAAGTTTCTCGCCAAGGCGCCAAGGCGCAAAAGGAAGGAGTGGGGTGGGGAGGGAGTTGATGGTAGGCCCCTTGGCTAACTTCCAACATCGTATCGACAGAACCTCTGGACGGACTATCGACAGAACCGTTTGACGGGAGTGCGGAGGTTCATGCTCTGCCGTTCCCTGCCTTGGCGAGCTTTGCGCCGTGGCGCGCCACTTCTTCAGGCATCCAAGTTTCTCGCCAGGGCGCCAAGACGCAAAAGGAAGGAGTGGGGTGGGGAGGGAATTGATGGTAGGCCGCTTGGCTAACTTCCAACATCGTATCGACAGAACCTCTGGACGGACTATCGACAGAACCGTTTGACGGGAGTGCGGAGGTTCATGCTCTGCCGTTCCCTGCCTTGGCGAGCTTTGCGCCGTGGCGCGCCACTTCTTCAGGCATCCAAGTTTCTCGCCAAGGCGCCAAGGCGCAAAGGGAAGGAGTGGGGTGGGGAGGGAGTTGATGGTAGGCCCCTTGGCTAACTTCCAACATCGTATCGACAGAACCTCTGGACGGACTATCGACAGAACCGTTTGACGGGAGTGCGGAGGTTCATGCTCTGCCGTTCCCTGCCTTGGCGAGCTTTGCGCCGTGGCGCGCCACTTCTTCAGGCATCCAAGTTTCTCGCCAAGGCGCCAAGGCGCAAAAGGAAGGAGTGGGGTGGGGAGGGAGTTGATGGTAGGCCCCTTGGCGAGCGTTGCGCCTTGGCGCGCAACCTCCCTTTCCTGCAGCATGAGCCAACGAAAAAAGCCAAGCAATTTACGCTTGGCTTTTTCCGATTATTCGATCGTGTCAGTCAGACGGACTACTTAGCGCGAGTACGAGCTTTGGTCGCACCCTTAGCCGACTTGCTGTCTTTCACAACCTTGGTCGACGCTGGCGCCGGAGGATTGCGAAGGGCTGCTTGAGCCGCTGCCAAGCGAGCGATGGGCACTCGGAATGGGCTGCAGCTAACGTAGTTGAGGCCAATCATGTGGCAGAACTCGACCGAGGATGGATCCCCGCCGTGCTCGCCGCAGATACCGATCTTGAGGTCGTTGCGAGTCTTGCGACCCTTCTCGACCCCGATCTGCATGAGCTGGCCAACACCGGTTCGATCGATCGAAGCGAATGGGTTCGACTTGATGATTTCCAAGCCTTGGTAAGCGGGCAAGAAGGATCCCGAGTCATCGCGGCTCATTCCCAAGCAAGTTTGGGTCAAGTCGTTGGTGCCGAACGAGAA
NZ_CP011272.1_gap138	5277803	5281563	3760	CGATCGTCCCCTTCTTCGCGTGGTGCACCCTGCGCTGGGTGCTGGTCGGGCATTTTGGACTAGTCTCCTTTGGCGGTTACAACATCGTAGGAATATCAGGACAATTTGTTGCACCGGAGCATTTGCCGGGTCTGTCCGAGAAGTCGCGAGAGTTAGGTGACAGAATCATTGCAGAAAGATCCAAGCGATCGGATTGGGATACGTCCGGTGCTTTCGATTCGGTATCCCGGCAGTTCAATCCGATGGTTTGGGAGATCGCGGTCCCGATCGCGTCCGAATTGGAGGAGGGGGAACCCAAAAAGATCAATGCTCGTTTGAGCCAGTTCTCGCGAGAAGTCCTAATGGCCTCCCCTAAGGAGTACGGAGTTTGGCTCCTGCGGGCGATGAAACATGCTGCGATCGAACTGGCGCGTTCCTTAGGTGGCAACCCCCTGGTATGGGTTGCGATCGCTATCGTGGGATGGTTTTGGTGCAACGATTGGTTGCGCATGCAGGAGCGGTCGGAATCGTCTCGAATCGCTCAGCAGAACGAGGTAGGGGAGAGATCTGTCAGCGCGACAGCGATCGAAAGGATGCGAGCTGCTCAAACGATCGTGTGGTTGGCGATTGGATGGAGCCTTGGAAAGATGCTGCTGGTCATCCTTGTCGAGCCGCCGAATGAGCGCTATGCGGGTCCCGCGTCCCTCTTTCTCGCGTCCGCTTTCGTGATTGTGGTCTTGCAAGTACGAAAACGTGACAATTCGTGACAATCGTTCAATAGGAGGGCAAGTAGATGATGGGTTCAGTCGATCGCAAAACAACTCGACGTTTTTGGATGTTGAGTGCAATGGGGCTTCCAGTGGGATTGTCGCTTCTAGGGGCTTGCGCCCAATGGGTGTGGGGTACGCCCCCTCAACGCTATGAGCGTTGGGAGAATGGGCCTCCTACCGACCCAGCATTCTTTCCCATCGCGGTTTGGGTTCAAGCTCCTCGCAATGCCGCGAAGTACCGAGCGGCCGGGATCAATACCTATGTTGGACTATGGAGCGGACCCACCGAGGATCAACTCGAGCAACTGGATCGAGCTGGCATGAAAGTGGTTTGCGATCAAAATGATGTCGCGCTCCGTTCCGAGCACCGAGACATTATTATTGCGTGGATGCACGGTGATGAGCCGGACAACGCGCAGGCGAAGCGAGATGGAAAAGGGTACGATCCGCCTATTCTGCCCGAAAAAATTGTCCGCGATTATCAGGCCATCCAAAAGAAGGATCCGAGTCGTCCGGTACTGCTCAACTTGGGGCAAGGAGTTGCGTATGACCAGTACATCGGGCGAGGGACGCGACGCAACCATCCCGACGATTACCCCGAGTACATTCGAGGATGCGACATCGTCTCCTTCGATATCTATCCCGCGGTTCATGACAAACCGGAGGTGGCGGGCAAACTGGAGTTTGTCGCGCAGGGGGTGAAGCGGTTGAGAGAATGGGCGACGGACGAGCAAGTCGTCTGGAATTGCATTGAATGCAGTCGTATCAGCAATGCGAAACGCAAGCCGACCGTGGAAGAGATCCGCGCCGAAGTATGGATGTCTATTGTCCATGGGTCGCGAGGATTGATTTACTTCGTTCATCAGTTCGAGCCCAACTTTGTCGAGGCATCGGTGTTGCAAGATGCGGAGTTGCTGGCTGGTATCACCGAAATCAACGAACAAATCCAATCCTTGGCAGCCGTCATCAACTCGCCCGAACAAAAGGCATTGATGTCCCTTTCAAGCAGTCAGGGGGATGGCTCCATCGCGGCGACTTGGCGATCTCATGGCGGCAACGATTACTGCTTCGTCGTTGGAATGGCCGGTCAACCGACCGAATTGGAATGGGAGTCACCTCGCTCGAGCGTTCGCATTGAGGTCTTGGGTGAATCTCGTTTTCTCGAGAGCCGGGACGGAAAGCTCACCGATTCCTTGCCTGGCTATGGCGTCCGTCTGTATCGATGGGAATAGTCTCTCCGCAATTACTAACGAATCGTGGAGGCATCGAGTTGTCTCGAAGAGGCAGACGCGATCCAGCGTCCGGGATCTGCGAATGCAAATAGCAGGCCTGGAGCCAAACCTATAGCGGCCGTACTCCATAATGGCCTCATCCATGGAGCGGTTTGGTGGCCAGGAACAGTTTCAGGGCTTGCTTGTGCTCTGCCACGTCATGGATACGCAGAATCTGAATCCGTTGCAAAGCGAGCGAGAGGGAGACGCCGAGAGTCCCAATCGCTCTAGGTGTGTCTTTGCTCCCAAGGAGCTTGGCAATGAATCCTTTGCGGGAGTGGCCTACGAGAATCGGTGCCCCGGTTTCGTGGAATCGAGCTGCATTCTGGATAAGTTCGATGTTGTGTTCATGTGTTTTACCGAAACCGATTCCGGGATCGAGGCAGATCCTTTCGTAAGCGATCCCCGATTTCAAAAGCGATTCCTTGCGAGCCAGCAAGTAACCCAGGATGTCTTCGACGACATCGTCGTAATGGGGATCGTCTTGCATGGTTTGAGGGGTTCCCTGCATGTGCATCGCGCAGACACCCACTTCGGTTTGAAGAGCGACCTCCATCATTTCCGGATCGGCTTCCAAGCCAGATACATCGTTGATGATCTCGGCACCCAAATCGATTGCGGCTCTCGCCACCCTCGCCTTCATCGTATCGATCGAGATAGGGATTTGGATGCGGGACTGCAAGCGTTCCAAGACAGGGACAATGCGATTGAGTTCTTCGTCGGCGTCGACCGGGAGGCTGTAGGGGCGAGTGCTTTCTCCCCCGATGTCGAGGATATCCGCCCCTTCGTCTTCCATGCGCATCGCGTGATCGACGGCCGATTGGACGGTGAAATGTCTCCCTCCGTCGGAAAAACTGTCAGGAGTGACATTGAGGATCCCCATCAGCAAAGGGCCTTGCGAGAGATCCAAGCGTTTGCTGCGAAGCGTCCAGGAAGTTGAATAGGATTGCATAGGAGCCGTTCTTACCGGTGGAAGATAACCCGCAACGAAGAATTCTCTATCCTACCCTGCGGGATCGCTGTTTGTCGATTTGAGCTTTTGGGGAGTTGTCGGTGGGGCCTGCGCTGTTTCCCTACCTTGCGGAGAAGCCGCGACGCTACAACCGGAACCGCAAAGCCGACGCAATCGGAAAAGTCACCTTATTTTACCAAGTTCCTCAAAGCATCCGGCGCGCTGCGGTCGATAACCGATGTTGGGTACGTCTCGGAAGGTCTCGGAGGACCTCTGAATTGCTAGCCAAGCAAAGCTCGATTTATTCAGGGAGGAAGCAACGGTGAGAAGTCTTCGACGCGAAATGCAGGTTGCTCGCAGTGGGATGTTGAGAACCATTGCGTTCACCGCCTTGGCATGCGGCGGTTGGAGCTTCGTCTCCGCGCAGGATGCACTGCAGTCCGTTGTGGTTCGGTCCAAGACGGCGGAATCGGCTCCGATCAACGCTGGTCTGGACAACGGCATGGGGGTGATCCATTTAGAACCCTTGCCCGGCTCGATCGAACGACCCGTGATCACGGCGATGATCGTTTCGAAGGATGGGAGATTTATCGCGGCAGCGGGGGATGATCATGCAATCCGTCTTGTGTCGCTGCAAGATCGCCGAGTAATGTCCGTTTGGACAGGGCATGTGGACTGGGTGCGTTCCATCGCTTTCTCGGACGACGGACAGCGGATCGCTTCCTGTGCGAACGACGGATCGATACGCATCTGGGATACGCAATCGATGAAGCAACTCCATGATGCCC
NZ_CP011272.1_gap139	5292307	5295026	2719	GCCCCATTCCAAGCTGCTTGTTGCAGGCCCCTCCGCATACTCCGATCTCGCCGTGCTCGCCGACGGAACCATCCTTTGCCTCTACGAAGGTGACGGAGACGTAGAGCTCAAACGGCTGAACTGGGAGTGGTTGATGACCGAGCGCTAGTTTCAAACCGCCGATCGAGAAACGAAAATACCCCTGTGGACTTCCTACGAATTTACTTGGCTGCCCCCAGCGTTTGTAAGTTCGATTTGCCCCGAAGTGATCCACAGGGGTATGCTTTTATTATCGGACAGATTTGTCTTCAAACCCAATTCCCTGTGTTCATTTGGGCGTGCGGTTTTCCTCACCGAACAGTCAGCGGAAACCCATGTTTTCGCATGGGATGTGGTGCTCCACACGCTTCGCAAAATTGGCGCCGCGTCAATTGCGCGCGAGTGTGACTCTCTTGCACGTTTTAGCCGATTTGTAGATCGCGTGGATCAGTTCGACGCTCTTCCGCCCTTCGACCCCATCGATCAAATTGGGGGTCCCTTTTTTGAGAGATTTGAGGAAGTCTTCGAACAGGGCTTGGTGAGCTTTGTGTCCGATAGCAGCGGGATCCGAAGCGCCGCCACCGGTGGTATTCGATTTCATCTCTTCCTGGACCTTCGCGTCGACCTTCAAGCTCTTCGCGAAATCCCATTTGATAAGCGCCTCTTCCTCGAGGGTGGCGTAGCCGGCGGAGCCGGCGATCTCCACCCGCTTGAGCGAACCGGGGTAAGCTGCCGTCGTCGCTTCCACCGACCCGAGAGCGCCGGATGCAAATTCGAGGCAGGCGACGGCGGCGTCTTCGACTTCAATGCGTTCGTGAGCGCGGAGGGCGGTCATGGCGTGAAGCGACTTGACGGGGCCCATGAGCCAGAGGAGCAAATCGACGCTATGGATGGCTTGGTTCATCAACGCTCCGCCGCCATCGAGTTTCCATGTTCCTCGCCATTGGCCGCTATCGTAATACTGCTGGGTTCGATACCACTTCACATACGCGGCAGCGAGGGCAATGGATCCGAAACGCCCGGCATCGACGGCTTGTTTGAGCAGTTGGGCGGAGCGGTGGAAACGGGATGGGAAAATGGTTCCGAGCCGAACGCCTTCCTTTTCGCAGGCCGCGATGAGCTTGTCGCATCGAGCGGGTGTGATCTCGAGCGGCTTTTCCACCAAGACATGTTTTCCGGCCCGGGCAGCCGCGATACCCGGTTCGAGGTGAGCGCCGCTCGGAGTGCAAATTGTCACCACATCGACTTCAGGGTCGGCGAGCATGGCTGCTAGATCGGTGTAGGATTTGCCTCCAAAAGCTTTGGAGAATTCAGCCCCCTTTTCGGGAGAACGGCTGTGGCATGCGACGAGGCGCGAGCCTTTCATATCCGCAATCGCTTTGGCATGAAACTTAGCGATCATGCCACAGCCAACAATGGCCCATCCTGTCATCGTGTGTCCTATATCCGTTGGGAGGGAATTGGGGGTCGTTCAAGTTCTTTAGGGATTCGCGGCACGGAATGCCTCGAGCGTATTTCGCAGCAACATGGCAATCGTCAGGGGCCCGACACCTCCAGGAACAGGAGTGATGGCCGAAGCGATTTCCCGGACACCAGCATAGTCGACATCCCCCACGATTCCTTCACCCAATCGATTGATTCCGACGTCGATGACGACCGCTCCCGGCTTTACCATGTCGGCGGTCACAAAATGGGCTTTCCCAATAGCGACGATAAGGATGTCCGCTCGCCTCGCGATCTCGGGGAGGTTCGGGGTGCGGCTGTGGACGCACGTCACCGTGGCGTTGGCATTGCTTTCCCCGCACGGTCCTGACTTTTGGAGGAGCATCGAGACAAGTGGTTTGCCGACGATATCACTACGTCCGATCACGACGACTTCCTTACCCTCGGTCGCGATCCCCTCTCGGTGAAGCAACTGCATGACCCCGTGCGGGGTGCAGGGGAGAAAGCGGGGGCGCCCCTGCGACATGAGCCCTACGTTTTCGGGTGCAAAAGCATCGACGTCCTTGGCGGGTGAGACGGCGTCGAGAACTTTCCGTTCGTCGATCTGCTTCGGCAAGGGGAGTTGGACCAAGATGCCATGAATCGATGGATCCTCGTTCAAACGATTGACGAGGACTAATAACTCCTCGGTAGTCGTCTCAGCAGCAAGCCGGAATAGCTGGCTACTGATGCCCGCCTTCTGGCACGCCAGTTCCTTGTTGCGGACGTAAACTTGGCTGGCTGGATCCTCACCGACCAGGACCGCGGCCAAGCATGGAGATTTTCCAGTCCTCTCGATAACCTTCGCTACTTCTGCTTGGACTTCGTGCCGTATTTGGAGCGCGATGGCTTTGCCATCGAGAACGCGTGCTGTCATGCCGCAGACCTGGGATTTCGTTAACGGTGGTGGGGTATTACGGGTCATTCGGGATATCGCCCAAACGACCATCTGTTATATTCTTTGAGATAGTATCCCGTCGAGCACCCTCACCCGCCAGACAATTGTGTTTTGGCCCGAGCTCGGCAATCCCTGTTTGATTTTGCAAAGTCTGATGTCCCAAGCCGAAACGACCACCGAGAAGCTTAGCCCTGTTGAAGGGATCAAATCCGCTAGCCGATACCTTCGGGGCACGATCGGCGAAGAGCTTGGAAAGGACTCCGATCACTTCGGTAAAGACGATTTGCAGCTACTCAAATTTCACGGTACCTACCAACAGGA
NZ_CP011272.1_gap140	5430661	5434362	3701	CCTCGGTTGCTATGGCGACGGCCTTGCCAAAACCCCCAACCTCGATGGGCTTGCTCAACGAGGTGTCTTGTTCGAAAAAGCCTACTGCAACCAGGCGGTTTGTTCCCCCTCCCGCAATGCGCTCATGTGTAGCTTGCGACCGCAGTCCCTAGGGATATACGACTTGGAAACCCATTTTCGAAAGACGGCGCCCGACGCGGTTACGCTCGGCGAGTATTTTCAAAAGTTCGGGTACAAGACTGAAGGAATGGGAAAGATCTTTCATGTCGGACACGGGAATCATGACGACGCTCGCACGTGGAGCGTCCCCTCGTTTCGTCCCAAAGGGAGCAACTATGCACTCCCCGAAAGCACCGAAGGGGCTCGCTCGAGCAAAAATGGACCCAGAGGCGCCGCTTTCGAATCGGCCGATGTGCCGGACGAATTTTATGGCGATGGCAAGATTGCCACAGAAGCAGTAACGCGATTGCAAAAGGCTTCGGAGGCTCCCGATCAGCCTTTCTTTATGGCCGTCGGTTTTCTGAAACCGCATTTGCCATTCGTTGCACCGAAGAAGTATTGGGACTTGATCGATCCCACCCAAATTCAGCTTGCGAAACGGACGACGGCTCCGGAGGGGGCGCCTGCGTACGCTCCGCAATTTGGGGGTGAATTGCGGGGATACAAAGATATGCCAGGACAAGGCGCGATTGATGAATCTACCCAACGGACGTTGATCCATGGTTATTATGCTGCTGCGAGCTACATGGATGCTCAAGTCGGAAAGGTGTTGGCGGAACTGGAACGTTCGGGGTTAAGCCAGAGCACCATTGTCGTTCTTTGGGGGGATCACGGATGGCATCTTGGCGATCATGGAATGTGGTGCAAACACACGAACTATGAGCAGGCAGCTCGTATCCCGCTACTCATCTCGGCTCCTGGGAAAAAGCAAGGCGTGCGCACGAACTCGTTGGTCGAGACGGTCGATATCTATCCCACGCTGGCTGAGCTGGCTGGACTTCCCGCACCGGAGGGTATCGATGGGAAGAGTTTCGCAGCCATTCTCGATAATCCTCGGCAGATGGCTCGCGATCACGTCATCCACGTCTATCCTCGCAACGCTCCGGGGGTCGGACAAGTGGTCGGGCGAGCCGTTCGAAACGATCGTTACCGGTTGGTGGAATGGAAGAAGCCGGGGGCATCGGACGAAACGGCCGAATACGAACTGTACGACTACGCGACCGATCCTTTGGAGTCAAAAAACCTTGCTGCCGAACAAACCAATGTTCTCGCGGAGATGAAGAAATTTTTAGCGAAGCATCCCGAGGCGAAGCCGCAGTGGAAAGATCCCAAGGCGGCAGACAGTCAGAACGCAAATACATCAGGAAAACCAAAACAGGACCGCAATGCCATGTTCGAACGTCGTGATGCCAATCGCGACGGCTCCTTGACCAAGGATGAATTTATGCAGGGGCAACCCGATCCCGAGGAAGCTCCGAGTCGGTTCATCCGCTTCGACAAGGATAAGAACGGAGTCCTTTCCCGCGACGAGTTCGTCCAATCTGGCAAGTAATACGGGCTCTTTGTCAGGCCTGTAGTCCACGTACCCATTGAATCTTCCTTTGGAGGCCCATGTTCCAATTCCTGCATGCCGCAGACATCCATCTCGATAGCCCCCTCAAAGGACTGGAGAAATACGAAGGGGCTCCCGTTGACGAGATACGTGATGCGGCTCGTAAAGCCCTGACGCGACTCGTCGACTTCGCTATCGAAAAGCGGGTCGCATTCGTACTGATTGCAGGAGACCTCTATGACGGCGACTGGAAGCATATCAACACAGGGCTATTTTTTGTTTCGCAAGTCAGTCGGCTTCATCGAGAAGGCATTCCGCTTTTCCTCATCGCGGGAAATCACGATGCTGCCAACCGGATGACCAAATCACTGAATCTGCCTTCCAATGTCGTGGTGTTCCGAAGTGATGCTGCACACACCGAGACCATCGAGTCCCTTCATGTGGCAATCCATGGTCAGAGTTTCGCGACTCCGTCGGTCACAGAAGACCTTTCGGCCGCATACCCACCTCCCCGCCCTGGATACTTGAACATAGGGTTGCTCCACACCTGCGCAGCAGGCCGCGAAGGCCACGAACGATACGCACCTTGCTCGGTCGATGCGTTAAAGCGAAGTGGGTATGACTACTGGGCCTTGGGGCACATCCATCAACGCGAAATCCTATGTGAATCGCCCACAATCGCCTTTTCGGGCAACATCCAAGGCCGTCATATACGAGAGACGGGTCCCAAAGGTGCATTCCTCGTTACCGTCGAACACGAACGTATTGCCAAGGTGGAATTTCAGGCGGTGGATGTTCTACGCTGGGAGTTGGTGGTGGTGGATGCAACGGGAGTGGAGTCGGAGTCTGATCTACTGCATCGGGTTCGCGTCGCACTGGAGCAAATCCTCCGTCTCCATCCTGGTATGACGCTCGCGATTCGGGTGGAGATGATTGGGAGGACTCCTCTGCACGAACATCTTCTCGCCCATCGCACCAAGTGGGTCAGCGAGATCCGATCTTTAGGTCTACAAGCTGGTATCGATTCTGTTTGGATTGAGAAAGTGAAGTTGAATACAACTTCGTGGCAAGATCCCGCGGAACGAGCCAAACTGAGCGACGATGCGCGGCAGGAACTGGAGGACCTATTCGACTCGTTGGCGACCCAAGAGTCGCTCGCAAAAGCACTAGGAGAAGATTGTCTCAAGAGACTTCCGGCTGAATTGCGGGACACCTTGCCAGTGGAACAACGCGAGTGGGTAGCGGATGTCGTCTCAGAAGCCCGTTCGCGATTGATGGAACGTTTGCAAGGAAAAGAGGGGACAGCATGAAGCTCCTTCAACTCGATTTGCTGGCGGTCGGTCCCTTTACTCAAGTCTCGCTCGATTTTTCAAAAGGAAATCACGGGCTCCATTTGGTATTCGGTCCGAATGAAGCGGGGAAAAGTTCGGCGCTCCGCGCCATCACCGACTTCTTCTACGGGTTTCCATCGAGGACATCCGACGACTTTCTGCATCCTTACAAAAACCTGAGAGTGGGTGGTACCGTCTGTCATTCCGATGGCACGGTGCAGCGTTTGGTTCGGAGAAAGGGAAACCAGAATACGCTCCGAGATGAATCGGATACATCGCCTGTATCCGACGAAATACTCCGAAAGTATCTTGGAGATGTCGAGCGTGGGGCTTTTGAAACCATGTTTGGTATCAACCATGAATCCTTGCGGCAGGGAGGCCAAGACCTTGTCGCTGGCGGGGGAGAGATCGGCGAGGCCCTCTTCGCGAGTGCAGCTGGACTCTCAGAGCTAAGATCGGTTCAAGCTGGACTCTCGGAAGAGTTGCAATCGTTGTTCAAGCCGCATGGGCCAGGTGGAACGTTAGGTGGAGCGATCAAGGCCTATGATGTCGCACGAGAGAAGCGAAAGCGATCCTTGGTGTCCTCCGAAGTTTGGGAAAATCATCGCGCCATCATGTCGAGTGCCGAGCGTCGACGCGAAGAAACCAGTCTGGAGATTCAACGCAAACAGGGGGAGATTCTTCGATGGAAGAGAATTCTTCGATCGATTCCCTTGGTGGCCTCATGGAAGAATGCGACGGACAAACTCGCGGCGGAATCGGATGTGCCTCTCCTGGATGAGGATTTTGGGAAACGCGCCCAGGCGCTTCTTATCGAG
NZ_CP011272.1_gap141	5490093	5493971	3878	CCCCTGTGATCAAAGGGACGTTCGATTGAGATTCATTGCTTCGCGCGAACAGTTCGCCGTGGACGCGGTTTGCTAGCGTTGCAAGATCGATGGCGGTCATCTTGAAGTCCTTTTCTGTCCGAGGATTGACCCTGCTTCCGCAGAGGGGATTCATGAGCGGGACTATACGTGATCTGAATTACCAAAATCAACGCAGTTTTCCTCCCCTACCCATTAAATCGATGTTGGCTTAGTCTTCGCAATTCCACTAAACTAACGCGCGGCGCAAGATAGGTAGGACGCCGCGGTTCGCAGCACCAGGGAGGGGGCGATGGCAAAAGAGTCGATTCGGTTTATCCACGCAGGTGATTTTCATTTAGAACGCCCGATGCAGGATTTGCTCGATCTGCCCGAGCATCTCAAATCCCAATTGGTCGATGCCCCATGGAAGGCGGCCGAGACAATCTTCGAGACTGCGATTGTCGAGAATGTCGACTTCGTGCTGCTCGCAGGGGATATTCTGAATCCCGTTTCGTGCGGCGCAGCGGGGCCCGCTTTTCTGTTGGAACAATTTGAAAAGCTAAATCAAAACAAAATTCAGGTCTTCTGGGCGTCGGGTACGGTGGACGATCCCGAACGATGGCCCGAAGCCGTCAGCCTCCCACCCAACGTTCATTTGTTTTCCAAGAAGCAAGTCGAACCGGTTATCTATCGTCGAAACGGAACGCCTCTCGCCACCATCCTCGGCCGATCCAATGATGGTCGCGAATCGATTCGCGCCGCCGAATTCCAAATGGATGAAGACGATACCTACACCATTGGCTTGGCTCACGGTGTGGCGGAACGGGATACACTCATCAGTCAACGAATCGACTACTGGGCTTTGGGAGGTAATCATCAGCGACAAACGCTTCATGGTGAAGCTCCCCACATGCGGGTCTGCGGAACGCCTCAAGGGAGATCGTTCCAAGAAAGCGGTGCACATGGTTGTTACACTGTGGAAGTGGATGGGAACCACGATGCGCAAATCGTTTCGACGGATGTCGATCTATTTCGCTATATCACCCAGACGTTGGACGCTGAGGATCTCGCCATGGGACGCGACATCAGGCAGTTGATGTCCAAGCGGATCTCCAAGCTGCAATCCGAAAACGGCACGCGACATTTGATCATCGAGTGGAAGATCGAAATGGATCTCGAAAATGCCGCCATGGTGGGGCCTGCTGCTCTCGAAGAAATGTTGGGTTGGGTCCGTCGCGAATACGGACATGGTGCCTGCAGCGTATGGTCAACCGACATCGAAGTCCTTTCGCCGAAGACATTCCCGAGCAAATGGCAAGAAGAAGATACCATCCTCGGTGATTTTCTTCGTACAGCTACCGATACCCGCAAGGCTCTCGGCAAGAACATCAACCTCAAGCCTTTGGTAGAATGCGAAACGCCCGGAACGCCGGTATGGCAATCGCTTTTGGATAACGACGAACCGACCACAGTCACGTCGATGCTTGATAAATCAACCCTATTGGGTGTGGATATGCTCCGCGGGCACAAAATGGATCTGCTCGCACCCACACGACGCTTCGGAGGAATGAAGTCATGAAGGTCCGCGACATCCAAATCGATGGCTTCGGTGTTTGGTCGGGATTGTCTGTGGATTCCCTGCCCGAGGGAATGACTGTTTTCTACGGGCCCAATGAAGCGGGCAAAACGACGTTGATGCAGTTCCTCCGGACCATGCTGTACGGTTTCACGGCCGATCGACGTCAGCGATATCTGCCTCCAGTTTTCGGGGGCAAGCCTGGCGGAGCGATGCGAGTAACCGGTCCAGGGGGAGGTTACGAGATAGCTCGCCGCGCGACGTTGAACGATCCTTCCATCGTGGGACAGCTGACCGTCACGAGCAGCGACGGAGTTACCCAGGGGCAGCATCGTCTCACCTCCTTGCTCGGCAGTGTCGATGAATCCATTTTCACCAACGTTTTTGCAATCGGATTGCGCGAGCTGCAAGAGCTGAGTACCCTCGACGATACCGCTGCGGCGGACGAGCTTTACAAACTTTCGAGCGGTTTGGACCGAGTCTCGCTCGTGGATGTCATGCGGCAATTGAAGGGTGCACGCGGCCAAATCGTTTCAACCGAAGCCGACCAAGGCCAGATGGCGCTCATGCTCCAACGGCGAGAGAAGCTTCGCGATGAAATCGAGGCGCTTACCGTACGCGGTCGCCGATGGGGTGAGCTGGCCGCTCACCGCCGCAACCAACAAAACGAAATAGAAGAGCTAAAACTCCGAGTCGGCCAGTGGGAGCTCGAGTCGAAGACCGTCGAAACGGCGATCCAAATTCGTGAGCCCTGGCAGTCGCGCGAATCGACGAAGACCAAGCTCAAATCGTTGAATGCTCGTGTCGATCTTCCCGATAACAGCTACGTCCGCTTGGAAGAGATCCAACGCGAAATCGAAGAGAAACGAGAGCTGGTCCAATCGATCCGAGAAGAACGAAAGGCTCTTCGCCAGCGGGCCACCAATTTACCTGTAAGCAAAGGGATTCTCACGCTCGCAGGAAAGATTGACGCAGCCAATGAACAAGGACCTTGGATTACCAGCCTGCAACTGCAAATCCAACGGCTTGAATCGGAGTGCCAACAATCCGAAGAGCAGTTGCTCGAAGATGCCAAGCGATTGGGGCTCACGGAGCAAGACCAAGAGGCTTTGCTCAATGATAAGCGATTGGCCAATCTGCCAGACCTTTCCAGGCAAGCGATCAGCCAATTGGCAGGCCCCGCGCGGGACGTGCGAAGCTACCAAACACGGTTGAAGCAAGCCAAAGAGCAAGGACTCAACGATAAAAAAGAAGCGTCCCGGTTGGCCGCTGAGATCGAGGGATTTCTGTCGGTACAAGGTGTGAGCGATCTCCAAACAGCCCATAAGAGCGCTCATGATTTGCTGAGCAACCTTCGCAAGGTGCAGCAACTCGATGAACGGATTGAAAAATATCGCCGCCATCGCAAAGAGATTGAGGACCAAGCGGTCGACTTGGAATCGGAAGAGGTCTTTCCGATCGACGATGCAAGACGCCTGCTGCTCCCTTTTGTCGGCGGCTCGATGATGCTCGTACTGGGGCTTGGAAAGTTCCTTGGCTGGAACTTGATGCGGGCGTCACGCATTGCCGCGAGCGGCACGGCGCAAGTCCCTGCCCAAAGCGAGCAAACGATCGGATTTCTCTTGGTTCTCGTCGGGATCGGATTGCTGTGTTACACATTCTTTAAATGGAAGAGCTTGGAACAGGATTCGAAAGACGAACTGGACAGCTGTGACTCGCAGCTCGACGCCGTCGATTCCCAGCTTCGTAAAACCGTTCAGGAACGGGACGAGTTGCTCGAATCACTACCCGAACACACCGGAACCCTGGAGCAGCGCATCCGCGACGCCGAAAGCGATCTGGTACAGTGCGAGAATTATCTCCCGACGTTGCACAATCTCCAAGCCGCAGAGCAGCGCTATGAAACAGCAAAGCAACATGCGAAGGAGGCGATGCATGGTCTGAAATCGGCCAGATCATCTTGGAAGAGGATGCTGAGCCAGCTTGGAATGGCCGAATCCTTGTCCCCTAAGAGCATTCGCATTTTGGCTGAGGGCTACGAATCGCTTACGCAAACGCGACGTCGGTTGAAGGCGCAGCAAGACGAGTTAGCCCAGCGAAAAATCGAGCTCTCTACGGCCATGCAACGTATCGAGGCTCTGTCGCTCCAATTGAAAGTTGCGATCGAAGAGTCCAATCAGGCGATCAAGGATGCGACGCGTCCGACTTGGGGCGATCCTAATGAATCGCGCCGAGATGGCGTGCGCGTTCCCCAAGAAGCAAAACGCGAAGAGCGCCGAGATCGAGAACGGGATCGAGATCG
NZ_CP011272.1_gap142	5503919	5507959	4040	ATGCTCACTTTTGTCATTTTTGCCATGACCGCTTATTGGCTGAGAACCAAATAAGAATCTAAACCCAATATCGCCCTTGGGTTGCCAGCGGTCTGTTCCCCCTCTATAAAGCCTTCGAGTTGAATTCTTTCCTCGGATAGGCATGTCGATCGATGAACCAGCCCGATCACAGAGACTTACTAGAGTCTTCACCCTCCCTTTGCTTTATTTTGACATCGGCCTTCGACGGCGATGTGGATCCCAAAGAACAGAGTCGGTTCGAAGAGTTGGTGTCGCAGCTGCGTGAACATCGCAATCCTTTGGTGAGCGAGGTGTTTCAGGCAGCGAGCCGGCGACTGTATCGAGACTGCGAAGCCTTGGTGCGGGAGCTTGGGAATCAAGACATGATGGTATTGCCAGCTCGTCTACTCCTTTGCCGAAACTTCGTTCTCGAACGCTATCCCGAGCACGCTTCGGAATTCTTAAACGTGCTTTATGAAATGTCCCAGGCGATCGCGAATGCCGCAGGCGGGACGTTTGGATTCGGCAACAAAGTGAATCGATCCGAGCGAGCAGCATTGGCGTTGATCGCCGGAGCTCTCGGAATTCACGAAGCAGGAGGGGAGTCTTCCGAAGCGGAAGTGAGGATCTGATGTTGCCAGCGATTCGGCTGTTGCTGGCGAGTGTCTTCGGCCTTGGCGCGGGAATAGGCTCACTATCCGTGGTCGCTCAAGATCAGACATCCGACTTGGAGGAGGTAACGGAAGATATGGAAGACGGAAAGAAGGCTTGGAACATTCCACTTCCCACGCTGGGGGGAAAGCAGTTTTGGACCGACTTCCGCTGGTGGAATGGATGGAAAGTTCAATACAACAGCACCCTCCATCATTGGCGATTGCTGGATCCGAAGGGGATCCGTCGCGCATGGGGTGGAAAGCAAGCCATGCTCGATGAACTCCAAGCGACGAAGCAAACGGCTTCGAATGCTAATACACCGGAGGTTGTCGTTCTTCTGGCGCACGGTTTGTTCCGAACCCATGGCAGTATGGTGCCGATTGCCGAAGAGCTTCGTCGTTACGAAGCTGCACATCCCGAGCTTCCGACACAAAAGCGTGAATGCGTGTCGATGACTTATGCGAGCACCCGAAATTCGATTGCGCACCACGCAACGGCGATGCGTGAGTTGCTAGAAAACTTGGAGGGGGAGCCAAAAATTTGGTTCGTCGGACATAGCCTTGGCAATATCGTCTTTCGATACATGATTGGTGACTTGCAGAGATCAGGCGATCCAAAAGGATTGCTGCCACGCATCGAACGGGCAGTCATGTTAGGGCCTCCCAACAACGGCTCTGCCTTGGCGAAGTCGCTTACGGGATTTGGTGTATTTGAAACCTTGGCCGGTTCGTCGGGAGTTCATCTCGGGGCGGCTTGGGAAAAGCTTCAAAGTGAACTGGGAACTCCTCCTTGCCCCTTTGCGATTGTGATCGGTGATATTTCTCAATCTCGATTGCAAAACCCCTTCCTGGAAGGTGCTAGCGACGGGATCGTCACGGTTTCGGAAGCGACCTTGGAGACCGCGTCGGAAATCCGCACATTTCCGGTCATTCATTCATTTCTCATGAGCGACGAGAACATTACCAGAGCGACGGTATCTTTCCTTTTCGGCGGGAGCCTATCGCCAGCACCCTGATCGAACCGACGAGCGGCACGGATCGGTACGTGCCAATCCCGATGGTTGCTTTCGATCTGCGGCTTGGCAAAATCCCACAAAAAAGCAGTCCGCCTTGTGCAGCGCAACCGTCGCGAGCTACGCTTGCATCACGAAGTGTCGCTCGATCGGATTATTCCGATTGTCCGACCTAGGAGGCGCCGTATTGTGGCAATGCGAAGTGATGTCGTTTCATCCGCAGTGCTAGGTCCCAAGTACTGCTTCAAGGAACAGTTCATGATCTCGTCCATCCTCGCTGGATTGTTCCTGACGATCTGTATGGCCCCCGTTGAGGCGGATTCACTCCTTGACCTGCAGCCGTCCAAGTCGGAGTCCTTACAGACGACTTGCTGCATCCCTGCCACTCTCGCATCGGGAGGCGTTCGCCGTCCATTTGAAACCGAGGGCGTAAAGACATTCGTCGCCAAGCTTTTCGACACTGGTGACTTTCCCGCCCGGTGGTATTGCGGTGTATGGTCGACTGACGTGGGGTGGTTACACATCCTTTCTGATTTAGGCATCTTCACCGCATACTTCGCGATTCCATGTGTTCTTCTTTTCTTCATATTGCGTAAAAAAGACCTGCCGTTTCCGAAAGTTATCTGGCTCTTTGCTGCATTCATCCTCGCATGCGGTCTGGGGCATCTGATCGAAGCATCCATTTTTTGGTGGCCCGTCTATCGGTTCTCGGGATTGGTGAAATGCCTGACAGCCATCGTTTCTTGGGTAACGGTAATCGTGCTAGTTCGAATCATGCCGATCGCCCTTCGATTGCCGTCGAGTGCTTTGCTGGCGACCAAATTACTCAAGAGCCAAGAGCGATTGGACATTGCGTTGGGGGCGGCCAAGATCGGTGTTCTCGAAATGGATTTTCGAGCACAGCAAGCCGTCGCGGATGCGAAGACGCGAGCGATTTTCGGATGGGAGGAGGGTCCATCTTGCGAAAGTTTCCTTGCCATTCAAGAAACGGTGCACCCCGATGACAGAAAACGCTTCTCCGCCGCGCTCCAAGCTGCCGTCGACGGTCGCACTACTTTTGAGACAGAGTTTCGCATTGTTCAATCGAACGGTGCAATTCGGTTCGTTCAATACCAAGGAAGATTTGTAGAAGAGCCAGGGAGCTCATTGCTTCCAGAGCCAGGATTGTTGATCGGTGTGTGCGTCGACATCACCGAAAAGCATACCAAGGATGCGGCACTATCTGAGAGCGAACAAAACTTTCGAGGCACTTTCGAAAATGCCGCGATCGGGATCGCTCAGGTATCCGTACAGGGAAGGTGGATGAAGGTGAATCCGATCCTATGCTCCATTCTGGGGTATTCTGACTCCGAACTATTGCAGATGTCCTCGCAAACGATCACGTACTTCGAGGACTTGGAAAAAAGCAATGCGTCGATGCACGCGGCGATTGACGGCGCGATGGAATCGTATTGCTTGGAAAAGCGGTTCGTTCGCAAAGATGGGCACGCGGTGTGGGTGCGCCTCTCGGCCTCTCTCGTTCGCGACTCGAGCGGCGAACCGAAGCATTTTGTGAAAGTAATTGAGGATATCGATTGTCGAAAGCAAACCGAACTGGAACTCCAGCAATATCACGATCGAGTAGAAAAGCTTTCCCTAGTCGCGAGCAAAACTCAGCACTCCGTGGTGATCACCGATGCGGAGGGAAAGATCGAATGGTGCAACGAAGCCTTTGTTCGATTGACGGGATTTGAAACGAACAGCGTGATTGGGCGCAAGCCCGGCGAATTCCTTCAGGGAGAATTGACGGATCCAGAAGCCGTAACGAGTATTCGCGAGGCGCTAAGAGCAAGGGTTAGTATCGCAACGGAAATTGTCAATTATCATGCGAGCGGCAGGCCTTATTGGATCGAATTGAAGATTGATCCTGTGCTCGACGAGGCAGGAAATCTCTCCAACTTTATTGCGACCCAAGTCGATATCTCGGATCGAAAGAGATCGGAGGAGAATCTCCAACAGGCAAAGCAGGCCGCCGAGCAAGCGAGTAAAGCGAAAAGTGAATTCTTGGCAGCGATGAGCCATGAGTTGCGTACTCCTCTCAATGGTGTCATCGGCATGACAGAACTGCTGTCGGACACGGGGCTTGAACCACGTCAACAACGATTTGTCGATGCGTGTCGTAAGAGCGGTCAAAATCTGTTGGTACTGATCAATGATATTCTCGACTTCTCGAAGATCGAATCTGGCAAATTGGAGCTCGATTCACACCCGTTTGACTTGTTGCAGCTGATCCGAGAGTCGATGGAGTTGATCGGCCACCGGGCGGAAGAAAAAGATCTGCAATTGCGTCTTCGATTCGAACATCCGTCCCCCTTGTGCTTGCTCGGAGATAGTC
NZ_CP011272.1_gap143	5537777	5541121	3344	GCGGGCAAATGGCCACGGCGATTGCCAAGGGTGTCATCGCTGCAGGGCTCGCAAAGCCCTCGGACTTGGTGATTTATGAACCGAATGCCACGCAACAAACCCGATTGCGCGAACTATTTCCAGAGTGCACACTCCCCGAGTCAACGCAAGAATTGTTCGACAAGGCCGCGCGCGTGGTGCTGGCTGTTAAGCCGCAAGTCCTTGCGGAGATCGCGATCTCGCTGAGACACCACACCCGCAACGAGCATTTGCTCGTATCCATCGCAGCGGGCATTCCCCTAAAGAAGTTGTCGGATTGGTTTGAGAGCGAACGCGTAATCCGTGTGATGCCCAACACCCCCTGCCAAAGCCGCCAAGGTGCAAGTGGAATCGCCGTTGGGAAAGGGGTTAGCCCGCAAGACGCCGCGTGGTGCGAGTCGATCTTCGGTGCTGTAGGGCGCTTTGTCCGGTGCACCGACGACCAATTGCACGCCGTAACCGGGCTCTCGGGATCGGGACCTGCCTATGTGCTCATGATGATTGAAGCCCTGAGCGACGGTGGTGTCATGAGCGGACTCAGCCGACAAACAGCCTTGGAACTGGCCGTACAAACAGTCCTAGGGGCAGCTACCATGGTGCAAGAGACTGGAACCCATCCCGCGGTGCTTCGCGAGCAAGTTACCAGCCCTGCCGGAACAACCGCTTCTGCTCTCGCTGTCCTCGAGCGAGCAGGATTCCGCAGCGCTCTCATCGACGCTGTCGTGGCTGCTTCCCAACGGTCGCGCGAACTGAGCTGATTGCGTCTCATTACTCGGGATAACTTCGAGAGGATTCTTCCTCCCCTCGTGGTGTGAATCCAGAGGGCTTGTCTTCGTCATACCACTTTGCGAGAAAATGCCAGACGGGGAACAAGCAGAGGACGACAAAAATCCCTAGCCACCAGTACATGTTGCAAAACTCCTTTCGCAGCGGCCACCCCTGCGGATTGTGCTTTCTCCTGTCTCCGGTTTATGAACCAACCTTTTGGTACATCTTGCCATTAACCTACCAAGGTTGATGTGGAGAGTCGAATGGGCGCGGAATTTTCGAAATCGGTCCGCTTCCGCGAAGAAGTCACCCAAAATGCAACAAGGCCGCATGAAATGCGGCCTTGGAGGGGTCACGAAGAACGCTGAGGGCAGCAATCCAACATGGACTTAGCTAAGGTTGCTGGGGCGACGTGGCATCTTTCGAGGGTAGGGAGGATCGGACTTTTCCGGTGCCGCCATCCCGTTTTCTTCTTCCCATTGCTGTCGCTCGCAATCCGTCGCATAGTACCTCAACCAACACTCCATATCGTTCTCCTCCAAGCAATGCCAGTGAAGATAGTTACGATGGTCCGCAATACGCTTCTCGTACGAGGGAAGTATGTCTCTCGCAATGAGACAATACAGTTGGCGGTCACTGAGGTGATCGGTCAAGTCAAGTACGACCCGTTGTTCATACAACGCTGTGATCGTCTGCCACAGTAATTGGTGCAATTCCAAATCGCACAATGATTCAGGATTGGGAAGCTTCAGCTCGGGCTCAAACCACTGACTGATCGGAAGTGTCGGGGCTCGCTCCCAAGCCAAAATGGAGGCGAGAAACTCGTTCTCCTCCACGAGCGACATCTGCCGTAGAGAGACTAAGTCAACCGATTCATCGAGGTAAGGCTCCAGCTCGTCGCGCAATTGAGCATTTCGGAGCAACAAATCAACTTCGCTTTCGATTGGCACGGGTACTTGCGACATTGCTTAGCACGCATTCTTGGAGAGCTGTGAGTCAGGTTGGTGCGAGGTCTCGATCGAGCAACTCGTCCCCTCCAATGTATCCATGGCAATCTTGGGATTAAAGCTTTGACTTGAGCAAAAGACACGTTGCGATGAAGTTTTCGCGAACGTGAAAATCAGAAGCCGCATAATCGATACGTCTTACCACGCGAAGACCCTACGATCGATACAACCGTTAAAGTCCAATCGGTATTCGAGGTGGAATTTTCGGGCTTATTGTCGAATCGCTTTGCGTACCGGGTTTTGTGTCCTATGCAGTCGGACCGTCTCGGAACTGAAACCTCAGCGCTGCGTCGACCCACCGCCATAGCGATTGCCAACTATTTTCGCTCTCGTTTTCCAGACGCAATGAGCAATGAATGCCGGCAGGAGGAAGGCTTCGAGCCATAGCTGTGTTCCACGCAGATGAAGTGACTGACTTGGGCTTCAATGCAACGCGAACTTCCAGCCTCGGTTTATCTGTTTTGTACTCTTCCTTCCCCTGCTCATCCTTCTCCGATCGCACTGCGATGGGACCTCCGAAGATGCCCCCCAAACTTGGAAAGTTCAAGACCTCGGTCGATCTCGGGAGGACTTGAAGCACGGATCCTTCCCAGCGCTCGCCATTCGATAGTCTAACGACCATCGGCTCCCCGTTCGTGCACGAAACTCGTTCCCAAGCGTCCTGGGGGATACTGGCTCGAACCTCGAGCTTCGCGGGATCGACGACCAAACCGATCGAACTGCCTGATTCCAGGTAGTTGCCTTTCAAATTCTGAGACGCTCGGATCATTAAGACGCCATCTCGAGGAGCCTTCACGATGAGCGAATCCAATTTGTCTTTCAAAGAAGTGCACTGGAATCGCAGAGCCTCCAGAACTGCTTCTTCGGCTTGTAATTCCGATTCTTTCTTTTGCGCGCGGAGCATGTGGCATCGACGCTCACTGGACTCTTTCATCTGCACCGCGATCTCGTACTCGATTTGCAGCGCAGGATTATCCATTCGAATGATTTCGTCCCCCTCGCGTACCCCTTGTCCATCGTGCACCAGAACTTCCTTCACAAACCCTGACGCATCCACGCGGAGCTCCGAGGGTTCGATAAAGTCGACACAGCCAGGCCAGTAGATTTGCAGCGGAGAGGGAAGGAATCCGAGAACGATGATGCCCGCAAGCAGCAACGCGGCTCGTTTGCATTTGGTTGGATCAAGCTCCCGAAACGATTTCATGATCGCTCGCCATCCCAACCCCGGCGATGTTGATTTGCGTGCGAGTACACGCGGTACGATGAACCACAAAAGCGAAAACGCTACGACGACCAGCATGCCGATTCCATCCCAGGCGACCCAAAGACCCCAGCCCATCGTCAACATGGTCAGCATTCGCGATGCCCAACTTGCAAGTCCATAAAGCAACAACATCGGTGCAATGGGTGTGTTTCGCTCGGACCGAAAGAACATTCGACGCCCTATCTGTTTCACCGTGGCTTGCGCGTCCTGCCACAGATTTGGACGTCCAATCAAATCGATCAAAATGTAGTAACCATCAAATCGCATCAATGGATTACCGTTGAAGA
NZ_CP011272.1_gap144	5549297	5552276	2979	TTTCAGGTCGGGGTCTCGGGCTGCTATCTCGATGTCGCGGTCCGGCACCCCAATTCTCCAACCGACTTTCTGATCGCAATCGAATCGGATGGTGCCGGTTACCGGGAAGCCAAATCCGCTCGCGATCGCGACCGAATTCGCAACGAGGTTCTCGAAGCACGTGGCTGGCCGGTCCATCGCATTTGGTGCGTCGATTGGTTTCTCCATCGGTCGGCCGAAGAAGACCGCCTGCGAAAAGCGATCCACCGACTGGTGAACGCCGCTTCCTAGCAACTCTGGGCGCAATAAGGGTCCCGAACTATCGGTCCGAAGGGTGTGCTCACGTGGGGTAAAACCCAATCCGAAACGAACTTTCCGATCCAGAAACGACAAAGACCCAGTGCCAGCTGAAACGCTAGCACTGGGTCTTTGGAAAGAGGCTCCGGTGGGAGTTGAACCCACGATGGCGGATTTGCAATCCGCTGCCTTAGCCACTTGGCTACGGAGCCGAGCAATGATTTTGCAGGGTTTTCGATACTGTCGAGCGTGGCCTTTTCGAGGTCACACTCCACATCACACTCGCGACGTCTCAAAACGAGATGTTGTTGAGCCCGTGTGTTCCGTATCGACGAGGAGTGTAACCGATCAACAAACCACTAATCAACCCCAGTCCGGATTTTCCTTGGAAGCCCCAAAAAATCGGGACCTGACTTCCAGGCATCAACGGGATTCTGAATCGCTTTCGCACGAGTCTAGAAACCGGTCTGACGCCCTCAAGGAATTGGTCGCGGCGGAGTGCTGTACTGGCATCGTATCGACACGCATATGGTTTCGCCTCCAATGAAATTGGAACACCGAATTTGCTTCCCCGCGAAGGACTGCTTTTACCATCGCGGTGCCTTCAAAAGATAAGTGCGCCAGGTCCTACTCCGCCGGACACGCTTGGTCCGGCCTTGCTGAGATTTACAACGAGGACTTCGACGACCAACGCTTCGTGGTCATCGGTGACTTGATCGACAAGTGGTTGGGGGATGCAGTCACTCAAAAGCTTCCTTCTCTATCCCAAATTGAAACGTGCGGTAGCTTACTATTTTCCAGAAGATTTGGAGGATTCTTTAGCGGCTTTCTCCTGAAGCCGTTTGTCTTTTGTGTCGACAAGCGCCTCAAGACGGTCATTCAGATACTGTTCGGAGAAGTAGGATTGAGGAATCGGTTTGTTATACGATTCCCATTTGAAGGTGTACTCTTGTTTGGATCGCCCGCGAGGCTCAAAGTTCTCAATCTTTACCTTGCTTGGTACCCACCTCTCCCCTAGATTTTCAAGCTCGATATCCGTTCGGGCAGACACCCGCTCTTTGCCACCACTCCGCGGAATGATCGCCGGGAGAACTGCTTTCGTTAACCAATAATCCCTCTTCGTGTCTACGAAGTAGTCTCGACTAATGCAACGAAATATTGCGATTCCATCCTCATTCATCCGATAGTTTGTGTACTCTTCCTTCGGGTTCGAAGACGTGAACTCAACCCGGTGCTGTAAGATCTTCTGCACAGAATCTCGCGCTTGGTGCTCTGAATCCATTGCCCATCCAAGTGTTCGAAAGTCGAAGTCAACAACACCTCGCACCCGCCCGTCATTCGAACCTATAGTGCGGATTTCACCTGTTCTTGGGTCAACCACAAGGTGTAAGTCTGGGAGGACCATTCGGATTGCAGGGTAGGCTGTGTAGCTTTTGGAATTCCGAAGGACATCTTCTTCCTCCAGCTTTGAGCCAGCCAGTACATCAACAATCTCGGTATCCATTTCCATGTAATAGGATCCCGCCAGCTCATCACATTTTACCTTGCCCTTGGAGATTTTCAAAACTCCATACTGAGTCGGGTTTGCTGCTGCAGTTTCTGTAAAGGAATTGTCACGGAGTTCAAAATCAAATTCGTACCGAATCGGCTCCGTTCGTTCTTCGAGAACGCATAGCATGAGATCGCGAGCATTGTCTTGGGCCAGAAGCGGCACTGAGCCAAGCAGAAAAGCCACCATCGCCGCAAGGTAGATAAGGATCGGTCTCATAGATACACACTCGCTCGATTTAAGGGCTCGTTGCAGGGATAGGAGGGCATGGCGAACTGAGCCATCGCATGAAGGGCTACTAGGGGTGTCGAATTCAGGCAGTCGACGCTCACAGACATGGTTGGGCCGGCGTTGATGAAATTTACAACGAAGACTTTGATTATCAACGATTAGTGGTCATCAGTGAGTTAATCGACAAGTGGTTGGTAGAGTGCTTTGAATCAACCGAATGACTTGCAAAACAATTACGTTGCCATCAATCACTTTGCCTTAAATGTTTCAACAAGCTCTTCACTTAGAATCTTATTGTGGACGAAGACATCGGGATTAACACCCTTGGCAGTAACCAGGCTTGTCTTCCAAACGTAACCAATACTAAAGTTCTCTGTAGTACGGAGATCGTTATCGCCCCAATAGTTCTCAATCCTGCACTCGACGCGGGCCGGGACAAACCCGTCATTGTAATTAGTCCACTTCGTGTTAATATCACAGCAATACCTCCGACCAATACGAACGAATCTCTTCTCATAGTCTTTTGGGAGTATGTACCGCGTCAGAACCGGCATTCCACCCTGTGTCTTGTCAAAGTAAACTTGAATATGCGCGCGGTGCTCTCCGGTGCCATATGTCCATTCCCCCCGAGTTAATCTCCCATCGGTTTCACACCAAAGCATCTTCTTCATGTCTAGAAGTTCGGACCAAGAGTCACGTTTACCGGCGCCACCGGATGTTGTTAGTTGAGGCTCGGCGATCGCGACCATGCAAGGGTCTTCTGGAACAGGGGACCGCCCAACGGGGGAGAATTCTCCTTTTTCATTGACAATTGGGAGGTCGCCAATGGATGCCAAGGTTTTTCCCTTTAGCACAGTAAAGACGCTCCAGCCCCCTAAGGGGACAGGTTGGGAGCCGATGTAACGCATCCAATCCACTCGTTT
NZ_CP011272.1_gap145	5720712	5723677	2965	GGTTTGAATCAGGGACGTTTCGCTTCGTAGAAATCCCTCTTTGTCGGCATCGAGGATGGCTACCAAGCTGACTTCGGGCAAGTCGAGGCCTTCTCGGAGCAAGTTCACCCCCACCAACACATCGCAGCGACCGTCTCGAAGTTCTCGCAGCAACTCCACGCGTTCGAATGCGTCCAACTCACTGTGGAGCCACCGGCACTTCAAATCGTTCTCCACAAAGAAGGTCGCAAGGTCCTCTGCTAGTCGCTTCGTCAAAGCCGTGACGAGCGTGCGATCTCCCATCTGGATCCGCTCTCGTATTTGCTCGAGCAGATGCATGACTTGCCCACGAGCTGGGACCACTTCGATAACGGGATCAAGCAATCCCGTGGGCCGAATCACCTGCTCGACCACTTCGCCTCCGGTTTGGTCCAGTTCGTACTCGGCCGGCGTGGCGGAAACAAAGATGACTTGATTGATCTTCGCCTCCCATTCTTCGAACTTGAGGGGGCGATTATCCAGCGCGCAGGGGAGCCGAAAGCCGTGCTCGACGAGGGTTGTTTTTCGACTTTTGTCACCCGCGTACATGGCTCTCACTTGCGGAATCGTCACGTGCGACTCGTCGACGAGGAGCAAAAAGTCCTTGTCAAAGAACTCATATAGTGTGTCGGGAGTCGCTCCAGGCTGTTTCCCCGAGAGAGGACGTGAATAATTTTCGATGCCGGGACAATGTCCTGTGTGACCCAGCATTTCAATATCGAACTTGGTTCGCGCCGACAGTCGTTGCGCTTCGAGAATTTTGCCTGCGGCATTGAACTTCGCTAGTTGCTCCTCCAGTTCTTTGCGGATGACGTGAATCGCCTTTTGAATTCGATCCTCAGATGTCACGAAGTGTTTCGCAGGGAAGATATAGACCTCGGTCAATCGCGAAACGACTTCGCCGGTCAATGGATTGATGATCGAAATCTGCTCGACTTCGTCTCCCCAGAATTCAAAGCGATAGGCGAACTCTTCGTACGCGGGCCAAAGCTCCATCGTGTCGCCGCGCACGCGAAACTTGCCTCGTTCGAATGCGATGTCGTTGCGCTCGTATTGGATGTCGATCAGCCGGAGCAGGAGCGTCTCGCGGTGGATGGATTCGTTGCAACGGATCGCGACCACCATGCGACGGTAGTCTTCAGGAGAACCGAGGCCGTAGATGCAAGAAACGCTCGCGACGATGATGCAGTCGCGCCGACTGACCAGGGCGCTGGTCGCAGCCAATCGCAGTCGATCGATCTCTTCATTGATCGACGCATCCTTTTCGATGTAGATATCGCGTTGAGGTATGTAGGCTTCGGGCTGATAATAGTCGTAATAGCTGACGAAGTAGTGGACGGCATTGCGCGGAAAGAATTCTTTGAACTCCGCATAGAGTTGTGCCGCGAGGGTCTTGTTGTGGCTGAGCACCAACGTCGGCCGCTGGACCCGTTGGATCACATTGGCCATCGTGAACGTTTTGCCCGATCCGGTCACCCCCATCAAGACTTGATGCTTTCGTCCTTCGTTCAGCCCTTGCACCAAGGCTTCGATGGCTTGGGGTTGGTCTCCTGCAGGTTGATAAGAGCAATCCAAATCGAAAAGTGGGGCGGTTTTTGGAGCAGTCATTTCGAAGCATCGAACAGAGGTAAGAAAGAGCACGCCGACAGACTGCTATTGTCGGTGGATTCGACGGGGTGGCAACCGCCGCACCCAAGAGTACGGCGGCAATATTCTTGACTGGCCCGCTCGGACTGGCTCGCTCGGGCTGGCGGCCTTGCTAGTCGACCATACGGCCCGCGACGGTGGTTTCCAAAGTGATTTGTTCCCCAAGGGATGTCTTCACCACAATCTCTTGCTTGATCGATCGCTCGTCTCCTACCAATTCCCCTGTGAAGGTCATTGGGATCAAGTGAAGTGGCTTTTCTCCAGGTGGAATCGAGAAGCTAAATCGGGGGTCCGGGCATTCGACCGAGACGATCGTGAAAGGTTTCTTGGCTCGAACCATCAGCTTCTGCTGGACTTGCTGTCCGCTTTTGACGTCCCCTACCGAGACGAGTTTCGGCGTGATGGTAACCGGTGGGACCACGCGAGCATTGACCGGGAGAGTGAACATTCCCTCGTTCGAATCGTTGGTGACGACGGTGATCCCTTCCATGAAATCGCCGGCCGGAGCAGTGTCCTTCAAGGTGATCCGCATTCGATAGTCGGTCATGTTTCCTTGGCGGGTTGCTGGGTCCAATCGAACTTCCAGATGGCTGGTATCACCCCGTACATCTTGAATGGCCCAGTCCCTGCGTCCTGCGTAGGAGATCTTGAGGTCGACGGTTTTGGTTGCGCCGACATCCACGTCCCCGAAGGAGATCTCGCCCGGTTCCACGACGATGTCGGACCGGATTTTTCCGGATACCAACAGAGTCACTTCCGCGTAGTAAGGGCGATCGATGACCACGGTGATGGCCGCCGATTTGGCGCCTAAGAAGGACTTCGTGTTGAATTGGGCGAGGATTTCTCCCTTTTCCCAGGCCTTCAGCGTGTTCTTGGTAATGATCGGTTTGGTGCAACCGCAGCTGCTCCTAACCGAAGCGATATGAACGTCTTCCTCGAAGCAGTTTTCGAGGACGAACGCATACTCGGTCTTGGCGTTACGGCTGACAGTGCCAAAGTCGTGCTTCGTCTCCTTAAATAGCTTTTGAGCCCAATCGGCACCCGATGCGAAGGGGACGAAAGCAATCGCGACGATCCACGCGGCGAGAAAGCGATGGACAACTTGCTGAAAAACCATGCGGCGGAACTCCCTTTGAGTAGACGTACAACCTGAGGAGTCATCGGCAATCGACCCCCGCAAACTCGATTTCTTTGGAAAGATTTACCGGCAAAGACTACCCAAACCCTCCGGTCCATTCGAAAGGAAACGAGGTAGCCACCCTCCAGGGGATTGCTATAATTTCGCGTTTTCTCCGGCGAA
NZ_CP011272.1_gap146	5777951	5779767	1816	CTTCTCGAGGCTTATGGCTCCCATTTAAATCGAGTAATTGAGCGCCTAGATGATCTCTCGGATGATGAACTAAAGGCACACCTTCTCGATTCTCGACGTGAGTTTTACAGTGCGGAATCATTGAGGGCGTTTTCTCGCGATACATTGCCTCCCGGTGAATTTGAAGTGCTTCAAGATGAGCTGCATAGTGGAATCTGCGATGAAGTAAGGGGAGAACACAGTAACGGCTACCATCGAGTTCTCGCTGTAGTCAGGGTAGCTCGCTCACTCCAGCTTACGGCACATGCTCTCGTGAGCCGCTTGACAGTTCGAGATCGCGGAGGAATTTGTCATCAACTCGCAAACGATAACAAGTTGAGGTGGGTAAAGTGAGCAATACTGATACTCGACTTAACCTCTTCAATAGTCCTGTTGAAGTTGGTCTTAGAGCTCTGGTAATTTTGACGGACATTTTTCCTGACGCCTGTACTTTAGACAGGCTCGTAATTCTGGACTATTTTGTTATCCACTCCGACGATCTTCCTGAAGGCCCGCTAGGTCTCCATCCCAAAACGCCTCATCGAAGCGGCGAAATACTGGTCCGTAGAAATACGCTTCAAGCAGGTCTTATGCTTTTCCAAAGTCGAGGTTTAATTGAGATTCAATACCGCAAGAACGGAGTTTGCTATGCCGCAATGGAAACATCATCAAGCTTCCTAGACGCAATCGATGCGGAATATGTGACTGATTTGCGTAACCGGTCGGCATGGTTGAACTCCACGCTAGGTAACATGCCGGATGTTGAGCTTCACTCCGTTGTTCAATCCAATCTAGGGGTGTGGGGAGCCGAGTTCGAAATGGAATCGGTCTTGCATCTGGAGGACAAAGAATGAGCAACTTTGGATTCTATTTGAAACAATTAACGCTGCGTGGAGCGGGGCTTCAGGACGCATCAATCGACTTTGACGATGGCCTAAATGTTGTCACCGGTCCATCCGACACCGGGAAAACCTTCATCTCCCAATGTATCGACTTCATGTTCGGTGGAAGCAATCCCCCGGAGGAAATACCGGAAGCGGAAGGTTACGATGAAATTTTCCTTTCACTGGTTAGTCGAAATGACAATAGAACTCACGTTCTATCGAGAGGACGGCGTGGAGGCGCATTTGCCCTTAATTCCGCAGGTCGGGAAGAGGTCATCCTGAGTGCGACGCACGATCCGAACAGCGAGAATACCATATCGCACTTTTTGCTAAGGTTAACGGGAACAGCTGGAAAACTAATTCGAACAAACGCCCGCGGCAAAACTCGACAAGTAAGCTTTCGGGATATCGCTCGACTGGTCGTAATTGATGAAGAGACGGTTATAACTAGACGGTCTCCAATTTTGACCGGTCAATTTACGACATCCACAGTTGAGAAAGGGGTTTTTCGGTTGCTGCTGACAGGTGTTGACGATTCCGCAATCCGTGAAGAACCTAATCGACAGATTGCAAAGCAAAGAGAATCAGCCAAGTACGAGGTGATCGATAAGGTCCGCGAAAACCTGCTATCACGAATAAAGTCAATGGGAGTCGAAGGCACGAGCGATGCGTTGCGTGATCAGCTCGCAAAGTCTGATACTTACTTAGCGGAGCTAAACACCGAACTAAGTCGGAGCCAACAATCAGCGACGAATTTAGAGAATTCTAGACGTGCGAGATGGTTTGAACTGCATCGTGTAGAATCGCGGATCGCGGTTATCGAGCAGTTACAAGCTAGATTTGTATTATTGGATGAGCAATATACCTCGGACCTACGTCTCTTGGAGACAATAACAGAGGTTGGATTTCGCTTA
NZ_CP011272.1_gap147	5811933	5815060	3127	AGCGCGTGGGCGCGCGTTCAGAGATTGTCTCCCGAGATGCGGTTGAGCTTTCCCAGCCGATCCCAATTGCTTCAAGTCAACGATCCGCTCGATATCAATGAAAGTTTCCAGGGAACCGCGGAGGATCTCCAAGACTTGGACCATGTCGACTGGATTCGATTCGCGAGGCTGGAGGGCTCCAAGATTACGCCGGAAATCCTCAAGGCGGTGTTGAGGCTACCTAATTTGAACCATCTTCAAATTGTCGACGCAAAGTTGACTGCGGAGGATTTACTCGCCATTAAGGATGGGCCCGAGCTCAACATTCTGGAGCTTTCTTACGTGCCAGTTGGCGACGAATTGATCCCGCATCTGCGCGAGTTTCCTGTAACGCAAACGCTGTGGATCTTCGGAACGAATATGTCCCTCGATGGGGGCCGTCAAGCGTTGGATCAGCTCAGTGATATCGAATTGTTCGTCTCGCGCGGGGCCTACTTGGGGGTCCTGAGCCAGGCGAATTCGCTCGTTATCGATCGAGTCATTGAAAATTCAGCGGCGGCCCGCGCAGGCCTTCGATATCGCGATCAGATCATGAAGGTCAACGACGTGGAGCTCAAGAGCTTTGACGATCTCAGGCGGGAGCTGCGCAAATTCGCACCGGGAGAGTCAGCTGAGATCGAGTTCAAGCGGCTCGTGCCTTCGGAGCCCAGGCTTCGAGATCCGCTCGACCCTGGCCCCTTTCGCTTGCCTACCGATCTGGACTACAAGCCCGAGATCATGAAGGCTACCGTGACGTTTGGGAAGCAATCGATTTAGGTTGTAGCCAGTATTTTCTTCATGACCGTCGCACCTTCGACACCCGTTAGTTTGGCATCGAGTCCTTGGAACTTGACCGAAAAAGAAGAGTGCTCAATTCCCATGAGGTAGAGCATCGTAGCGTGCAGATCGTGAACATTGGCAATATCCTCGACAGCGGCGTACCCAAGTTCGTCCGTTGCCCCATGCACGATGCCGCCTCGGACGCCCGCTCCAGCGAGCCAAACCGACATGGCCTTGTTGTGATGATCTCGTCCATTTCCTCCTTGTGACATAGGAGTCCGCCCAAATTCCCCGGCCCAAACGATCAAGGTGTCCTCGAACATACCTCGTTGCTTGAGATCCGTGATAAGGGCCATGCAGGCTCGATCGATTTCCTTTGCCTTGAACTCGATTCCCTCTTTGACCCCGCCGTGGTGATCCCAGTCCTTGTGATAGAGCTGGATAAACCGAACGCCCCTTTCTGCCAAGCGACGAGCGAGCAAGCAATTGGATGCGAAAGAGCCATCTCCCGGTTGGCACCCGTAGAGTTCAAGAGTGGCCGCAGACTCGCGATCGGTCTGCATCAACTCGGGAATACTCGTTTGCATCTTGAAAGCCATCTCGTATTGGGCGATGCGCGTCGCAATTTCCGGATCATCAACCGTCAGGGCATATTGTTTGTTCAATTGATTGATGGACTCGATATCGCGTGCTTGGTCCTCCAACCGCATGCCGTGTGGGCTATTGAGGTATAGCACCGCATCCCCTTGGGAACGCAACTGCACCCCTTGAAACTTGGTTGGCAAAAAGCCGCTGCTCCATTGGCGGGCGGCGATGGGTTGGTTTTGGCCCCCTTTTCCAAGAGATGTCAACACGACGAACCCAGGCAAGTTTTCCGATTCGCACCCCAATCCGTACGTGACCCATGCCCCCATGCTCGGCCGTCCCGCGATTTGGGAACCGGTATTCATAAACATGTGCGCGGGGTCATGGTTGATCGCTTCTGTTGTCATCGAGCGGATCAAGCAGATGTCATCGAGAACCGAACCGATATGCGGGAAGAGCGAGCAGATTTCAGTTCCATTCGATCCGAATGTGCTGAAAGGGTGCTGAGGAGCGAAACACTTCAGCGGTTGACCTTGAAGCTGAGCAAGCTGCTGCCCTTTGGTCATCGATTCCGGCATGGGTTTCCCATCCATCTCCCCCAACTTGGGTTTGGGATCGAATGTCTCCAATTGAGAGGGGCCACCGGCCATAGTGAGCCAAATAACTCGCTTCGCTTTTTGGGGATAGGCGAGCTTGGGAATCACCCCTTTCGACTCGGTATAGGAGCCGGTCCCTTCGGCAAAAAGATCTGGGGACAAACAAGTCGCCAGCGCGAGTCCCCCTAAACCCTGCGAGGTGCGGCCGAGGAAAAGCCGCCGTCGCATTTCTGTATTTTCCAAGTGCATTGTCAAATCTCGTTCCGACATGATCTGAGGTTCGTGCGGGAGGCCATTAAGGACGAGTGATTGTCTCGTGCAAATTCAAAAGTATGCGACACACGTGTGTCCAAGCCGCCAATTGAATTCGATCGAGATCTTCTGGAACATCGCGATGCCCCGAAGTTATGAGCGTCTTGGCATCGTTGTCGCGTTCGGAGTACGACTTCACCCGATCGTTAATAACCGCTCGGAGAGCATCGTACTCAGAGTGAGTGGGGTCGCGTTGAAGGGTCAGTTGCCAAGCTAGGCGGATACGATCCTCCAATCCTGAAGAATCCGCTCGCAGGATCTTTTCCGCAAACGCGCATGCAGCTTCGACGTAGCTCGGGTCGTTGAGGAGCACTAATGCCTGCTGCGGTATATTCGAGCGGTTCCGATCGGCCGCGCATTCCTCTCGGGTCGGGGCGTCGAACGCGAGCATACTCGGATGGACGAAACTGCGTTGCCACCACGTGTAGAGCCCCCGGCGATATTGATTGTTCCCTGAGTCCGGTTGGTATTTACGGACCGGGAAATTGAGGTTCTCCCAATATCCTTCAGGTTGATAAGGTTTTACGCTGGGCCCCCCCACCTTTTGTACGAGCAGACCGGATATCCGAAGGGCCGTATCGCGGACCAATTCGGCATCGATTCGAAACGGTGTCTGCCTTCCCCAAAAGCGATTGTCAGGGTCCCTTTCGAGTTGGACTGGAGTGGCATTGGACGATCGTCGGTAGGTTTCGCTGGTGACGATGAATCGCACCATATGTTTCATATCCCAGCCGCGTTCCACGAATTCGCAAGCCAGCTGATCCAAGAGCGGAAGATTGGGAGGAGTTTCACCTTGGGCTCCCAAATCATCCAGAACCTTGCTGAGACCTGCTCCG
NZ_CP011272.1_gap148	5831342	5833344	2002	CCCTAAACGGACTCCACCATTTGGTCTACGAAGTAGTGGACAACTCGATCGACGAGGCGATGGCCGGTCATGCGAAGAGCGTTTCGGTCACCATCAATTCAGACGGATCGGTAACGGTCGAGGACGATGGCCGTGGGATTCCGACCGACCGGCACGCGCAGCTATCGGAAATGATGCAGCGCGAAATGTCGACGTTGGAAGGGGTTATGACCGTCTTAAAGTTCGGCGGTAAGTTCGAGAAAAAGGCCTATCAAACGTCAGGGGGGCTGCACGGCGTCGGGGTAACCGTCGTGAACTTCCTCTCGCAGTGGTGCGAAGTGGAAGTCTGTCGCAATGGAAAGATCTACACCCAATCCTACGAGCGAGGTGTCGCGACCGGACCGGTTCGTGAAGCGGGAACGACGACCAAGCGAGGAACGAAGACCACGTTCAAGCCGGATGGCCAGATTTTTCCCAACACGAAGTATTCCTACGATACGTTGGTCAAACGACTCCAGGAGCTCGCGTTCCTGAACAGCGGGGTCCGCATCAAGGTCAAGGATGACAGATCGACCCAAGCCGACGAGTATTATTACGAACGAGGGATCATCGAGTTCGTCGAGCACCTCAATCGCGCGAGCGACGTGGTCCACAAAGACGTGATCCTCATCCAAGGGAGCAAGGACGACTTTTCTTACTCCATCGCTTTTCAATACTCCGAGGAGTACACCGAAAATCTTCATTCCTACTGCAACAATATCAGCACGCGGGAAGGTGGAACCCACGTCTCTGGTTTCCGAGCAGCTCTAACCCGATCCTTGAACGCCTACGGGAAGAAAGAGAATCTCTTCAAAGATCTCGTTCCCACCGGAGATGACCTTCGCGAGGGACTCACCTGCGTGATCAGCGTTCGAGTCAGCCATCCGCAATTTGAGGGGCAAACCAAGACGAAACTGGGAAACAGTGAAGTCGAAGGGATCGTCAATTCGGTGGTGGGTGAAGCGCTCACCAAGTATCTTGAAGAGAACCCCAAAAACGCGAAGCTTTTGGTTCGAAAAGGGCAGCTTGCTGCCGAAGCGAGAGAAGCCGCCCGCAAAGCAAAAGATGCTCTTCGGAAACGAAAAGATGTGTTAGGCGGAGGCGGGCTGCCCGGCAAACTTCGGGACTGCATCAGCAACAAGATGGAAGAATGTGAGTTGTACCTCGTGGAAGGAGACTCGGCAGGTGGAAGCGCGGAAGGTGGACGATTCCGCGATACCCAAGCGATCCTTCCGTTGCGAGGAAAAATCATCAATGCCTACAAGAGCCGCGAAGACAAGGTCTTGGCGAACGAAGAAGTCATGAGCATGATCCAGGCGATCGGGAGCGGGATCGGGGCGGATCAGGATATCGGCAAACGCCGGTACAATCGCATCATCATCATGACTGACGCCGACATCGATGGTTCCCACATCCGGACTCTGCTCCTTTGCTTCTTTTACCGACAGATGTACCAATTGGTGGCCGGAGGTCACGTCTATTTGGCACAACCCCCGCTTTATCGGGTCGTTCGCGGCAAAAAAGAAAAGTACTACGTGCAGTCCGAAGATGAAATGAAGCAGCAGTTGCAGGAGCGTGGGCTCACCGACAGCCAGTTCATCGACGATCGCGGCAATGTGTTTGAAGGGGACCGCATGCGAAAACTTTGCGCGACCCTCTCGGCGATGGAAGACGCATTACTGAACTTGGAAAAACGCGGAATTTCGCTACGAATGCACGCGGAACGGATGGAGGTCGAGACCGGGCGGCTTCCCGTTTTTCATCTCGACATGGGAGTGGAAGATCACTGGTTCGTCACACGCGACAAACTGGACGAGTTTTTGGCCTCCAGGAAGATCTTGGTCGACGAATCGGTTGCGCCAGAAGCCCCGGCGATTCTCCCAGAGACTCCGACCGATGCCCCAACCGGCCCTGTGGCCCACATCGCGGAACTATTCGAGGTTCGAACGATCAACACAGGCTTGAAAGAACTGTCGGACTACGG
NZ_CP011272.1_gap149	5998269	6001832	3563	CGACGTGAAACCACCGAAGCCACCAGGCGGAAGTGGCGACGCAGGCAGCGAAGGCTCGGGAGATGAAGCTGGCTCTGGTAATTCGGAAGGATGTTGATGATCGAGCTACCCAACCTCGAGTTCCATGCAGCACATGCGTGCAATCTCTATTGCGCGCAGTGCTCGCATTATTCAAACTTCCACGCCGGCGGAATCGTCAGTCTCGATGAGGCACGCGCAAACTTCGACTCGTGGAAAGGCCGACTCGCGCCCAAGCGGATAGCCATTCTCGGTGGCGAACCAACGCTCAATCCGGAGTTGATTTCAATCATCGAGCTTGCAAGACAGTCGTTCCCAAACGCCGAAGGACTGTTCGTAACGAACGGATTCTTCCTGGATCGTCATCCCGACTTGCCTCGAGTTCTGATCGACAACCGCTTCCGCATGGATGTGTCGCAGCATGGACGTGCGCCGGAGTACATGAAGCGGTTTCGAATCATCCGCCAGCACCTTCGCCAATGGCAGACCGAGTATTCAGATCTGCAAATCAACATCCGCAAATCCCACCGCGGTTGGCGACAACAATACCGCATGATCGAAGGCAAGCCGATGCCCTTCGACAGCGATCCACGAGCCGCCTGGAACATCTGTCTCCAAAAGTCCTGCACCCAGCTCTATAAAACCTGCTTATGGAAATGTCCCGCACTCGCTTACCACGCCATCATGTCCCGCAAGCTGAACCTTGCTAACGAACCCGCTTGGCAACGCTTCCGCGACTACCAAGCCTGTCCGCCAACCGCCACGGACTTCCAGGTCCTCGACTTCCTCTCGACCAGTGAAATCCCACAGTGCAGCTACTGCCCTGTGAGAAGAATCCAATTCCACCATCGCGATCCAACGATCGCATAAGGGCCCTATGCATTATGACCGTCAGTCGCGATTACTTCTTATTGCCGCGTTCCAGCATCTTTTGGAAATTTTCGCAGTACTGGCGTACTCGAGACTCCTCGGACACTAAGACGAGATTTTCATCGTTCTTAATCGCGCTGTTCGTCCAGTTGTAGCTACCGCTCAGAACGTACCCACGCAACTCCCGATCAACGATCAGGTACTTGTGATGCATTAGGCGTTGGCTGCGTTCAACGATGATTGTGTTGGCGCCACGGTTTCGAAGGCTGGCAATCTCCGAGCCACGTTGGAACATGCTGGCTCGTTCGGTGAGGATCGTTACTTGTACCCCACGATCGATTGCCGACAGCAATGCATTGGCTAGCCGATCATCGGTTAAGTTGTAGACGCAAACATCCAATGTTTTCTCGGCGGTCTTAATCGCCTCCAAGAGCACGTTTCGAATGCCAGATCCAGGCGAGAACCAAACACCTTTGGCCAAGAACGGTTTCGGGAGATCTGCCTGATTGGCCAGCATCACGAAGTCTCGCAGCCAGTTCGTGACAAGGCGCTGCTCTTCCTTGAAGACCTGCTCTGCAAGATAAAACGAATACTCAATTAATTCTTTGGGTGAAATCTCGACTTCTTGCAACGCTCGCAAGATCTGCTTGCGTTCTCTCTGCGACAGAATGTCGTCTGCCGCTGACTGATTAATGCAAAGCTCTAAAGCAAGTTCTGGACAATTAGGTGCAACCATATGCTGACTCCGTAGTAAGTTACCGTGTACCAAACAATCATTAGAAATTCGGAGTCCATTCCGCTGTCGTTTTCGGATTATCGATCCAACAACTCATCAAACGCTTCAATCAGCATCTGAATCAATTCGAGCTCATCTTTATCCAACCAGATCCCTTCGCAGGAAACACAGCGATTGACGACGACCGGGCTGTCATCGGCATACTTACGTGGATCAAGATCCAACTTGCATTCAGGACAGCTCAACATTCTGCTGAACTCGTTAACGGGAACGTCTCGACTAGGAGCCGTCCTCGCAAGTGCTACCGCCACCGTCATATCGAAACGAACGATGCGTGTTTCAATAACGTGCTTTAACTGCGGTTTACGCAACCAATGGCCATGGCAATTAGTGCAGTGACAGATAAGCCTGCCCTCGTACTGCCGCGACTGCATAGAAAGGCTGCAATTTGGACAACTGACGTGAAACACTGAAGACCTCGCAATGTTAGGCCAGGACTACCCGGCAAGTTCGATCAACCGGACCACGGTTCAACCATTGAAGCCGTCGGTCGTTGGGGCTTCGGCATCCCAACGAGAGCAACACATTTGCGAGCGGCGTGCCAGTTGTATGGTTTAAAACAAATATTCAGATTCGGGCGGTGAAACTATAGAAAAAACGAGGTCAATCCACCTCGATGCCCGCAGAAAAGTTCGCCCTGCGAAACCAACGGTATCCAATCTGATACCCGTCAACACCGACGAAAACACTGCCGCTACTCAGCTAAACGCTTACCAGTAGAGTTCTGGCGGATGCGGATGCGCGTGAAAGGTCCCTAGACCATCGCGTACACTTCGTCGAGCGATCGACCACTCGAAGTCGAAGTTAAGAAAGCGCGAAGAGAAAGGAAAGCTGACATTCCGCAAGTACTCAAGTGTTGGCGAATCGTCATGTATTCTTCGATTCGGTTCCATTGGCGATGTCGCCAACAATCCAACGCGATGAAGTCTCCCCTACTATCGCCATCACCGCTGGCACCCCGTCGTTGTGCCGGAATTCCTTGAGCCATTCGAACAGGGCGTGATCTTTGGTGCTTGGGCGGGTAGATTTTCCTGGGTGTGAGTGCCATTCGCCAACATAGCTGATTTGCCCCTTCGAAATTTCACCAATTTCGGCGACCTTTTCCGCGAGCCCATTTTGGCCACGCATAAAGGTCGTTGGTTGGCGTTGGCTATCGTCGGGGGCAGGCAGGTCATGCACGACGTACAGAATTCGTCGCGAAACATCAAAAGTACCCAGTAATACTCCACCCGTCTCTTTCGGCAGTTGTCTTAATCGTTCCGCAGAGAGCGTTCTCAGCACTGGGTCGGAAATGAATATGGTCCAATCAGTAACGGTCAATCTGTGAAACCCACCCAACTTGACATTGATGCAGCTGCCAATCAGCTCATCATCGGCCCTAAAGATCTTTGCAACGGCCATAGGACCGAGCAACTTGATCTGTTTCGAGGCGAGAACGGAATGCAAGGCAACCGAATCATGAGGAAGCTGAACTGAGACGTCTCGACAAGAATTGGCGTATCGATACTTCTCACCGCTCGACTGGAGGTGATCAGCTAGGTCCGGGTCTAGGATTAGAGCTCGGTAGTAATCCATTTCGAGAAGGTCAAGCCGATAGGATCTGTCCAGGGGTTCAGCCAGAAAGACGGAGTCATTCCCAGATGGCGATAAGAATGACGCAACGCGCCGGGCATTTGAGACGACGTCGACTGCAAGACGTCGCGAGACTGCGACAGACGCTGACAAATCAACAATTACATCAGTTTCGCTGAACGCCTCGGTTAGTTCCTCGGTCTGGTCCAGTATCACATTAGCGACGATCGCTCGTGTTGGCTCGTCTTCGTAGATTGAGTTGAGATGATACGATAGCGCTTCGGATTTTGGTTGCCCGAGCGACCAG
NZ_CP011272.1_gap150	6014218	6016928	2710	TCTTAAAGTCACATGCTCCTTATCATGAATCCGACCACGTCCTCGCGATGGTTATGAATGTTCTATGCAACGGAACGAGGCTGGAGCATTTGGAGCGTCTTCGAAACGATTCGACATTCCTCGATGCGATCGGTGCCGATTCGATTCCTGATCCAACCACGGCAGGCGATTTCTGCCGTCGATTCCATCAATCCGACATCGACTCCCTGATGCAAGCTATTAACGAAGCCAGGATCAACGTATGGAGACAACAGGATGATGCGTTCTTTGACCAAGCCCTTATCGATGTCGATGGCGTTATCGTGGCAACTACAGCCGAGTGCAAAGAAGGAATGGATATCTCGTACAAGGGGAGTTGGGGATACCACCCTTTGCTGGTCAGCTTAGCCAACACCAAAGAAGTACTTGCGATTGTGAATCGCAGCGGTTCGGTTCACAGCGCTCACAACGCGGCAGCCTACTTAGATAAGGCGATCTGCACTTGTATCGCTGGAGGCTTCCGGCGCATTCGAATGCGAGGGGACTGCAAGTTCTCGCAGACGGAGTATCTCGACGGATGGGACGCCCTGGGAGTACGCTTCCAGTTCGGTTATGAGGCGCGAGCGAATCTGAAGGAAATCGCAGACAACTTGGATGCGTCGGCATGGAAGAAACTCACCCGCGCCTTGCCAAAAAACAAGACCAATGAAACTCGTACCAAACCCACCAATGTCAAACGCCAAATCATTCGGGAACGCAATTACGTCCATCTGGAGTTACTACATGAGGAAGTGGCCGAGTTCGAATACCAACCCAACGCCTGCGAGAAAACGTATCGAATGGTGGTTGTTCGGAAGAACGTCTCCAAAGAGCAGGGCGATGTTCGGCTCATCGACGAGATCCGCTACTTCTTTTACATCAGCAACGACATGCCCTCGGTATCGAGCGAGGACATTGTTTTTGGCTGCAATGACCGATGCGACCAAGAAAATTTGATAGCACAACTCTCCGGTGGAGTTCGATCGCTGTGCGCTCCGGTGGACAATTTGGAAAGCAACTGGGCGTATATGGTGATAACGAGTATTGCGTGGAACCTAAAATCCTGGTCTGCACTACTGACCCCCGTGGTGACTGGTCAAGAGCAAGAACATCAAGCAGAAAAGAAACGGCTCCTAACAATGGAATTTAAAACGTTTCTGTCCGTGTTCATTCATGTGCCATGCCAAATTCTACGACATGCCAGGAAAACGATTCATCGGCTCCTGAACTGGACGGACTACACATCAGCATTCTTCCGATTGTGTGCTGTGCTCAATCTGTAGCATCGAATCGCTAGCACGGAAACGAGCTAGCAAGAAGAGCTTGGGGCATCGTAAGTCCAAAGCGAACCGTAACCGCAACGCCTAACCCAGATAAAATAAAACAATGGAGAGCAAGCAATTGAAAAAAAGCGACCAGCACTGCTGGCTCGGTGACCGCTGCGCAGCGAAAATCAAGCTAAGACGAACAAGCGTTCGCTTGTTTGAGGCCTAATTCAATTCAGCATAAAGGGACCTGGCCAACGCACATTATCGCAGCGCTCAAGGGTATCAGTGCTTTAGACGAACAGACTGCCAAGAAAGGCTCCGTTGCTGAAGAGCGTTACCAGAAGAGCTACCCGTTTCATCCTGAGTTAACCGAGGTGTTTTACTCCAAATGGTCATCTGGGATCGAACGATTCCAGAAAACGCGTGGCGTGTTGCGGACTTTCGCGCTGGCTCTGCGTGAGGCAGTGAAATGGGATGAAAGCCCGCTTGTTGGGCCCGCAGTCTTTTTGAGCGCACCCAAAACGCAGGGCCTGTCGGAAGCTGCTCGTGAGCTGGTTTCTATTGCGGATACGATCGTGTCAGATGGAGCAGCCACGCGATGGACTGGCATTCTGGAAACCGAGCTAGAGTGCGCGAGACAAGTCGAGCAAGAATCTGTTGGGCTAAAGTTGCGCGAGATTGAGCAAGCAGCGATGGCAACATTTCTGCATTCCCAGCCGACTGGGCGCAGTGCAAAGACCCGAGATTTGATGTTGCTAGTTGGTCCCTGTCGACCTGACAAAATCGAATACGAGAAGGGGCTAATGCGTTGGGCACGGAAGAGCTATTGGCTCGACGACCAGAACTTGCCCACTAAAGAAGGCGAGCTTCCATCCGATTGGAAATTAGGTAACAGACCTAACCTGAATCAAATGCAATCGGCGGCAGCGGCAACGATTGACGATGCGATTGTGAAGGCTCGACTGGAGGAGGACATACGAAATCTAAAGGCTCTAACTGCGGGCGCTAGTGCCGCCGGTGTGAAAGTTCATACCTTGCCGACCAAGCCCAAAGATATCGAGGACGACGGACTATTCCACTATGCCGTGATGCCCCCAAGTGCCGCGTCGGAATCGGGTAAGCCCAGTAGTGAAGCGAAGCGTTTTCTCGATGAGACGACTGGCTCCAACAAACCGCGTGTTCATCGAAACGCAGTGATTCTACTCACACCATCTCGCGATGGACTGACCGCGGCAGAAGCCCGCGTCCGAGATGCGATGGCGTGGCAATTGGTCCGCGATGAACTAACGCCGACTACTGATGAAGAGAAGCAACAGAAAGGCGCCATCGACGTCGCCCGCATGCAGACGCTCAAGATCAATATCGATAAGGCTCGTGAAAAAGTTCCTGATGCGATTCGCCAAGCTTACTGCATCGTGGTCACC
NZ_CP011272.1_gap151	6018091	6018701	610	CGGCGATGCTCAGCACAAGCCAGCGCCTGAGATCGTGACGGAGATGAACGAGTGCCTTGGAAATATCAAGGATGGGTTAGAGTTGACTTGATGCCAAAATTGGCGGGGCGTCTTGAACATGAGAAAAAGGGGCAATCGATCGATATGCCCCTGCGTGGCCGTTACAGGCTACTCACCGAGACTTTTTACGTCCCCGACTGCGCAGCTTGGTTTCAATTTCTTTGCAAATTGAATAGGCTCGAGCTACCGGGATCACACCACCAGGCAGTAGCAATGCTCCGTATCGAATGCTGAATTCAACGTCTTGGACAGATACCTTGCAGGCTTTGTCGCCGTGGGCAACCACAATCGCTTCCCTTGCTTGTTGGCCAATCTTCGCTTGAGCGCGTTTGGGAATATCCAGGACATGGAAGATGTAAACAGCATCGCCAGGTTTAAGTGATCGCAACGACGACTCCTGCTCTTGCTCAAAAGCCGCCTCCAGTTGCTGCTTCGCCTCTTCAAACTCGCGTTGGAGAGATAATTGACGTGCGACAATGTCCTCGATCCTCTGCTCCAGACTGATCACGCTTGATTCACCGTTCTTCATTTTTAGTTTCCCCTTTTTAAG
NZ_CP011272.1_gap152	6021684	6026460	4776	CTCTTCGTACCGCCTCGCCGCCAGCGCCGCCCAAACCGATTAACACTGTTGGTTGAAGGTCAATGATCTTCAATGCTTCACGAAGCTCGCGGCGGGCGGTAGTACGAGCAGACGACGTCGTTGAATTTACACTGCGCATAATCATGGCTAAGTTTCCTTTGGAAAATGTGAATCCGAACCGGTGAAGTAATTCTTCACGTTGGCGACCGATTTGCCGCAATTGTGCGGTCGCATCGTTCGCGAGTCGCAAACCACCGTATTGGCAGTCTGGGTCTCTCAATCACTTAACTCACAATTCCAACATTGATACTTGCGGTAGCCAAACGGCTACCGCAAGCCAAAACGTAGGTGAATGCTATTGGACGTAGTTCACCACATAGCTCCCAACCGTCTCGTCTACTCCCGCCTTTAGGATTCCAGTGAACTCATTGCCTTTTTCATCAATGGTCAGGACAAAGCGAATGCCTTCATCATCGACCATCGATCGAAGTACGGCTTTGCTTCCATCCGACAAGGAGATTTCAGCTTGATCCTTCGATCCATCCAAAGGAACAGATTCAAATTGCGTGCCAATCTCCGATTTTGGCTTGTAGGAAAAGATCCCACTGAGCTTTGCTGCTTCATCCATTAGCATACTGTCCTGTCGCTTGCGGAAGGCCAAGACCACACCAGCTAACAAACCGATTCCCAGCGGCGTCGCCCAGATGCTATGCCAAACCCACATGGGAATGGGCTTCGCTACTTCGATGTCCAAAGTACTTGTGCTAACACCGAACTCTTCCGGTCCAACGCTGGTAAATTTGGCGGTGAACTTTCCGGGACGATATGTGTGAGCTGCGCCATCACAACCATTGAGTTCAAGTGATGGGCTACCGTCCCCGAAGTCTACAATCGTTCTGTAGATCGTTCCCTCGGAGTGATTCGTAAAGCGAACCGTCAATTCGCCGCGTCCACTAGCCGAATCGGCGGAAACAATGGTCTTTGGAGGCTGCGTTCGGGAGGCTATGTTGATCTCCTGCTCGCATTCGCTGCTGCCGCTTGGGCCGTAAGCCATTGCCCGAATAACCAACTTGCCTGCCGCCTTGCAAGTAAAATTGATTGTTCGTGACGATCCTGATTTCGTGTAATCACAAGATTGCTCCGATTGTGATCCGTTGAACCACCATTCAACTCGGTCAATCTTTCCAGTTGAGGTATCCGTGAATGTGACGGTATCGCCAACGAACGGCTGGGCAGTTCCGATGGTGAATGACGCTTTGGGTAACGCGTACGGAAGGACAACCAACTTCTTGGCAACCCTTGATACACCACCAGGCCCTTCCGCCACCAATTCCACAGCGTGTTCTCCAACCGATAATCCCTTCAGTTGCAGATCACGATCCGTCGACGCTACCAGCCCATCGACAATCCACTTTTGAGAGTCGATCAAACCGATTGCTCGGTTGATAATTTGGATCTCGCTGTCGGCGATCACAGATTCAGGGGCAAAGAAGTCAACTTGAGGTGCAGCAGGTTTGGCCACAGTCAACTTGGCAGCGACCTTGGATTTCTGTCCGAATCTGTCAGCGACCTCAAGGAAACAGTCAAAGCTGCCTGGATTGTTGAACAAGAAGGCCGGATTCCGTTCGTTGGAAGTGTGACCTGCTGACGTGCTCCATGACCAGGACTCCGCACGCATCGATTCATCGATCGCTTGAACCGTCTCACCGGCCGTAATTTGCGAATTTGATAGTCTAAACTTGGCTTGGGGGGCTATTGGCAACTTGACTGCAAACTTTCGCGACGAACGCGAAACCTGTCCATGCTCATCCCGAAGCTCTAACTCCAGCGTGTGGCTGCCAATACTATTTGGCGTAACTCGTGGATTCCTTTCATTCGAAACCACTGCGCCGTTTAGAGTCAGACTTCGAGTAACCGTTCCCGAAAAAACGGATTCGTCGATGACCTGGAGATACTCCCCAAGGAATACGGTCTCATTCAAGAGCTCAAATGAGGCTTGCAATTTTGGCAATTCGATAACCGCTGGTTTAGCGATTACGAGCCGTTGCGTGGAAACAGCGACCTGCTTGTTTTGCGTAGTAACGGTATGGCGGACTACGAACTCGCCCTCCGCTGCGTACACGTGGGATTGATCTGTGTTGATCGTACCATCACCCCAATCGGTCTCTCGCTTTACGATATCCAAGCCTTGGCTTTCGTCATGAAGCCGCACTACTTCACCGGCTAACGGCGTTGCTGGTGCCAACCGGAATGCCGATTCCAGCGGAATTAGATTCTGTTGCGTAGAAATCGCCTTGGTGACCGTCACGTTTCCCGCCTCAAGCTTTTCGAGCACTTCAGACTTCAGTTCAAAGCCAATAGTCACGAGATTGAATCGAACTTGGTTCTTCAATAAATTTGAGTACTTAGCAAGTATGGCCTGCGGATCGCGCTTGATACCGTCTTTCGACAGGTGTTCTGTATCGGTTCCGTCCGTATAGAACAAAATTCTGATAGTGCCGCCAGGATGCGAGGAAAGCCAATCGCTCGCTTGCTCCAGAGCCAATTCCATGGACGCCCAAAGGTGCGTCATGCCTCCAACGGGGCGGAGTGATTGAAAGTACTGCTTCGCCGTATCGCGTTCGGCTTGAGTGCGTACGTGCAAGCTAGGTCCATTGCGGTACGCTGTATCGAAACTTGCAAGATCCATTTCGGTACCTTCAGGCAGCTTCGTGACGAATTCACCCAACTGTCGCTGCACTTCCACCATGGCCGGTTCCTTCCAGTTAATCGCCAGCGGACTAACAGGCTTCTCGAACATTGAGGGCGAGGTATCAATGACCACCAAGTAACTCGTTGAGTACTTTCCCTCTTGGGCGAGCGTTGTTGCAACTGCAAACGCAGGGAAAAGGACAAGAATCAACAACGATTGCGAATACCGAATCATTCCAAACATTTTATTCATCGTGACACCTGTGATGGGGTTATTTTGAAAATACAATCGAGCGTCCACGCGATGTGAACGCTTCGCTGAATACCAATCTTCTTGGATCATTGCTGAGCAATTGATCCAGCCGATTCGCTACTTACTTGTTCGCTCTGAGTTGGGATTGCGCGGAGTAGTTCTTGGATCTGCTCAACACGCAGCGTTCCGGTCCAAAACAGATAGACAAAAATCGCCGTGGCTAACACCAACAGCGTTATCCCAACCCACTGGCTGCGCGCAATCTTGAGCATCACACCCGCCGCAGACGCAATGGCCCCCAGTAGCACCGCGATTGCTAAGTAACTGTTGGTGGGTACGTGGATTGGTAGCAATGAATCGTCAACAGCGATTTCTACCGCTCGGTTGCTCGTTGACTTTTGTACCGTGTCTGCTGGGACCACCTTTACTCCGACATTGCCGGGTAGTAGCCAGTTCAATGAACCGACTTCAAAGCGACTATTGGGAGGAATCTCGCCAATGTGTTCCTTGCTCATCTTCAATGACGCAACAGGAATGCCCTGCCGAATCGAAACAGACTCCACTTCACCAACTTGAATCTGCTCGAGCATTACGGGCGAGCCGGGATTTAACGAACCAACATCGGACCCGCTAACTGTGATACTGGTGGTACCAAATTTGTGACTACCGGATGGCCAGAAAACCACACCGGCAGTTGCCATCAAAAGGATTCCGACCGTCACCGCTACAGGAACAAACCACTGACCAAAGTCACTAGACTCTTGGCCAGCCTCGCCATCGTCAGGCGTTGCACCAAGTACATCGTCCGAGAACAAATCATTGCCGTTTGTCATGGCAAAACCTCCAAACTCTTTGAGAGACGCGATTTGAAGGACCCGAGAGATCAACGATCTTCGGTGCTTACGAAAGCGAGTTGCGCGGAGGTGAACAGATACCTCCTGACTTCCTTCAATTTGGTGCCACAATCGCGGGTTTCCATTTAGCGGTTCCCATTGCGAATAACTGCGGCAGCATCACTGCGTCGTGAGTTTGGACAACCGAGCTCCAAGATGATCCGGCGTCATGAATGGCCTAGAGCAAGCATCGTGCCAAACAAAAGGGGCCGAGGTTATTTTCCAGGCTGAGAAATTTGTCGGACGTGGCGCAATGCAGCGGACAAGAGAGCAAGTTGCCGACACCGATACTTTAAGTAACACGCCTGATACCGGACGTATCACGTAGAGATTTCTCAGGAGACCTTTTCAAGACATAGCTCGTAGAGGTATCAAACCTCCCGCCAGGGCACGAAGTTTGCTAAGATAGTCTTTCCTGTAATTTCCAAGCGGATTCGTCGCATTTACACTGTTGTCATAGTTGAACTGAACGTATGCAGATTCTTGTTAATGGGATTATTTCGGGAACTGCGATAGCCATTTTGGCGTTGGCTTTTCAGTGCATCTACCTCCCAACCCGCGTGTTCTTCATCGGCATGGCAGGCGTTTACGCGATGACGCCGTTTGTCGCTTGGTCCGTGCTGAAAGCAGGTGGTGGATGGTGGCTTGCAATCCCGGCGGCAACGCTCACTGCGGTCATGCTGTGCCTGCTTTGTGAGTGGTTGATCCATTTGCCGATGGAAAAGAAGAAAGCCTCTAGTGCCGCACATTTGATCGCCTCGCTTGGTGCCTCCATTGTACTGGTGCAAATCACGGCGATGATTTGGGGAAATGATACCAAGTCATTGCGAATCGGGGTGGACTCCGTCGTCCACTTTGGCAACGTGATCGTCACTGGTGCCCAATGGGGCACCCTCGGTGCCGGTGCCGCACTGATCGCTGCCTTCTGGGCTTTGCTGA
NZ_CP011272.1_gap153	6045449	6048174	2725	TGTGGTGTGGAGGCCAACCCGTGTTGGGATACGACGTCGATCGATCCTCGACGAGCCCCAAGCTGGTGATCAATGCAAAGGAAGCCGAAATGGTTCGGACCATCTTCGATTTGTATTTGAAGCTGGGTTCTCTTCTTCCCGTGGTCCAAAAGCTGAGCGAGGTTGGTTGGAGCAACAAAACCTGGCTCACTCGCCAAGGGAGAATGAAGGGGGGACGTCCATTCGATAAATGCTCGTTGCACGCCCTGCTCACCAACCAAATCTACATTGGAATGATTCGACACAAAGACCAAGTATACGATGGTCAGCACGAGCCTTTGATCGATAAGGCACAGTTCCAAAGGGTGCAAGCGCAGCTGAAGGAACATGGGAAAGGGTTAGGGAACCGACTGACCAATCGTCACAATGCGCTACTCAAGGGACTTTTGTACTGTCCCAACTGTGGCTACTCGATGGTGCATTGTCCAACCAAGAAGAAGAGCAAGATTTATCGCTACTACGTTTGCCAGACATCGATCAAACGAGGGCGGGAGCTTTGCCAAACGGGTTCCATCTCCGCCCCAGCCATCGAGAACGCGGTTATCGAAGAAATCAAATGCCTTGTGACGGACGAGGGTTTGAGACGTGAAATCTTTGAACAATCGGAACGCCTGCGGCAGGCCAAGATCCAAAGGCAAGAGATCCAGCTGCGTCAATCGAAGATGCAACGCTCGCGCGACCAGGCTGAACTACAACGCATGTCCACAGAGGTGGAGTTTGGCGATCTCAATGAGGTGCGCCGGCAAGAACTGATCAACAGGATTTCCCAAACGAATGCTCGGTTGTTGGAATTGGAATCGGAGCTGGAACGCCTGATGGACAGCAGGTTCGAGAGAACCGATGTGGAAGAAGCGATCACGGACTTTGATCGTCTCTGGGGGCTGATGAAGGCCAGAGAGCGGCACGAGCTTCTCGGGTTACTGATCTCCAAAGTGGAGTACGATCGCACGGATGGAACACTCTCGATCGACTATCACCCGACAGCCATTTCCGCATTGTTAGAAAACGTGGAGGAGGTAGCCTGATGGTTCGTAAAAAGAAGAAGATCGAGATCCCCTGCACGCGCAGGGAAGAGCGCCCCGAGTGTGACGATCCAAAATTGCCTGGCCGACTGCCTCGTATCACCCGGTTGATGGCCTTAGCGATTCGCGGTGAGGAGTTGCTTCGAACGGGCAAGGTGCGGGACATGACTCAACTTGCCCGGATAGGCAAAGTCACCCAGCCTCGTATCTCGCAAATCCTCAGCTTGACGATGCTGGCCCCGGACATCCAAGAGCAGCTGCTGTTCCTTCCTCGCATCACCGAAGGCAAGCCCGAGATCTCCGAAAAGACTCTCCGCCCGATTACCCTGCTCGATGATTGGGAGGAACAACGATACCTGTTCGAGACTGTGTTCGGGACACCTAGCCGCAACGATTCTGATGCCATCTGAAATGGCTAATTCGAGCGGGTTAGCCAATTTCCATTAGCGCCGGATAATTCGAGATACTGTACGGCGAACCTTTGTGAAAAGGCAATGCGATTCCCAGCGATTGATCCCAAGCTCCCTGACGGTCAGCTCGCCAAGCAACTGAAAGCTTGGATCGTAACCCGCAAAGCAGAAGCCATTCGCGATCGAACTGTGGCTGGTGGCAAGTATCCGCACCTTTGCCGATTCGCAAATCACCTCTACGAAGCCCTCGGTAACTCGCTGCGAATCGTCGCCGTCGATCGACCAATCGAAGCCTCGATTCGTTCGCTCCAAGATCGAAGTAGCAGACATCCAGGCCAATGGTTCGCGGCCGGCGATGATGCCTGCGACAAACTCCAGCGTTCGCTGCTGGAACATCGCGAAAGGTTTATCCAAGAACATCCCGAAGTCCCCGTACATCGGATCAACTTCGCCAAGCTTACTGAAGATCCTGAGACCGTGATCAATGAACTGATCGCATTCCTGGGAATCTCACCAACTGCCGAAGAGATCGATTCAGCGATCGCACACGTGAACCCGGAATTGAGGAAGTTCGGCTAGAAGGTGTGAGGCCCGAGGCTTGAGGCCTGAGGTTATTTATCCGATCGCAATGAGCGAATTAGGCCAGCCATAACTTTGGCGGTCTCTTCGACCTTCTGTTGTAATTCGGAATACACAGTAGCTTCGAAGTAATCGAGCCGATGGGCGATTGAGATTTGATATTCAACTTCGCGAGTCGAGGCGAATGCCATATCCAGAAAACGAATGTAGTCAGCAAGTGAATTTCTTGCGCTGCCTTCGACTATGTTCGATGCGATTGAAACCGAAGCTCTGCGCAGCTGCGACGTCAGTCCAAACACTTCTTCCTTTGGAAATAACTTGGTAGCTCGATAGATCGCAATCACTAAATCATCCGCCAATTCAAATGCCCGCAGCTTTCTGTGGTCCCGCATATCTGCCTCACGAGAGAGAATAAAAATGGAAATAAAACATCATAACAATCTCACGCCTCAAGCCTCACGCCTCGGGCCTGCCCTGCAAGACATTACTTTTTGCATAAAGACCATTCATCGGCCTTGGGCCTGCCATCGACTCGTACAGTCGCTTCGAAAGGAGTTCGGCGATCCCAAGATCGTCGTCGTGGACGATGGTCTGCCCGAACATTGGTTCTCGCTTAAGTATCCCGAGACCGCCAAGCACTGCAAAGTGATTGATCTCGAGCAACACGATGTGGGC
NZ_CP011272.1_gap154	6056985	6060224	3239	GCACGCGTTCTTGGTAAGAACGAAGATCGAGTTCGATTCTCGAACGAACCTCTGCATGAAATGGGGTCATGGTCCAGCGGGAAGACATTGCCATGGCATGGCAAGGACCCGAGTTCGAATCTCGGTGACTCCACTTTAAACTTATGGAAGGTAGCCGGATATGGTTTGCCGGGCCTGTTTGCTAAACAGTGCAACGTAAAAGTTGTGAGGGTTCAACTCCCTTGCCTTCCGCTCCGTTGGCTCAACCGATTGTCGAAGACTACATGGCTCGATGGTGAAGCGGATATCATCTCTCGCTTCTAACGAGAAGTTCCAGGTTCGATTCCTGGTCGAGCTACTGAAACACACTATGGAAGGGCAAACCGATAGGCGACGGGACCCGGTTGGAAGCCGGCCGAGCTTGCATGACAGGCCTTGAGGGTTCGACTCCCTCTCCTTCCGCTGCGATAGAAAACACATGGAGACAACGATCGACTGCCGAGTTGGAGTACAGCATTATAAGCCGGAAGTCGTGGGTTCGAGTCCCACCGGCGCGACTTTGATTTAGATCATTGCGCCGTAGTTCAGTGGTAGAGCGCCGTAAATCCTCTGACACATAACTTCGTTGATCGTTTTGAAACAACGCTTGACTGCCGATTTGGAGTACATGGCTTAGCAGGTTCGATTCCCGCCCGGTCCACTCGTTGATTCAACAATGGGCCGGAACCTTGATGGTCGCGTAGCGTCCGTCGGGGGAATATCTCTGGTCACAATTTCGTCAAGTGTTTTTTCAATTTTACTGAACCAAAGAACGCTGGAGCTGTTCTTGTAACTGACGTTTCGCAAACCCTTTTTTATCGGACACCGTCCATGGACTAAGCATGAACACTATCGCAGCAACCCTCGACAACTACATAACGCCTATCGGACTGAGCCCAACGCTTCAGCGTCCAACGTTGGTGCTGAACCGTAACTGGCAGCCGATCAACGTAGCGACGGTTGCGCGTGCTCTGGTCATGCTTTGGAACGATTCGGCCAAGATCGTCGACACGATCGATTACCAGCTGTATGACTGGAGCGATTGGAGCCGATTGGTACCGGATCGGGATGAGCCGTTCATCCAGTCGGTACGCCAGCGTATCCGTATCCCAGAGGTCATTGCATTGACCAAGTTCGATGCAATGCCAACGCAGACGGTTACCTTCAGCCGCCGAAACGTATTCAAGCGTGACAAGATGACCTGCCAATACTGTGGAAAGCAGCCTGGCAGCGAAGAGCTCACGATTGACCACGTTGTCCCGCGTGCCCAAGGTGGACAGTCGACTTGGACGAACTGCGTATTAGCCTGCATCGACTGCAATTCGCGAAAAGCAGATCGTACTCCGGCTCAGGCGCACATGAAACTCCGCAAGGAACCAGTGCGTCCAGCTTGGAAGCCGATCTACGCCGATCGAATGAATCGCGTGAAGAGCTGGTCCAAGTTCATTAGCGAAGCCTATTGGATAGTAGAGCTCGAAGATTAATCAACGCAGAAGCTCAGCACGCTGGGCTTCTGTCATACAGGAATGTTCGCCTGGGAGCGGACTCGGTCTCCAAAGCCGATGGACAGTGTTCGAATCACTGCGTTCCTGCTTATAAGCAAGCGTTTGGTCGATGTGGTTCCGACGGCGCGGTGGCCTCTGCTGATAGGCAGTTAGATCATCGTGTTCCGGGAACGGGCTCTAGAAACGACATCGATTGAAGTAGCTCAGTGGGTAGAGCATCAGTCTAGAAAACTGACGGTCACGGGTTCGACTCCCGTCTGACGCAACAAGTTGGCTGCAAACCAACCCGAGCGCGAAAGCGTTCACCAAGTAGCTGGCGGGCAACAGTTGTTTTAATTGATCCGCCTGGTTGAACAGAGAAACCCGATAGGAACACCGACACTCTAACGAGTGAACTAACTCCGAATCGGACGACTCTGTTCCAAACAGGCAACAGACTAGCAAGCTTTGCAGATGAACTGCAAGCTGTTGATAAGTGCGATTCAATCGAGAGTATGTGAAATGGATGCGAAAGCAACCGTTGCCTCAAAGCCTCGAAAGCAATCCCATAGCTCAGCAGACAGAGTTCTTCTCCGCGTTGTCAAACTGCGATCAGTGAACAATCTGTTGCCTTAAGGCGTCTCTAGAATCCATCTGAAATCAAAGTAAGTCACTCGCATCGTGAAAGGTGGCGATCCCAATGTTAGTTAAGAAGATTATGGTCCGCAGCTACGAGGTCGGCCTTAAGTTCAGCGATGGCGAGTTCAAGGGAATACTCCATACTGGAAAGCACTGGATCGTCGACCCATGGAACAAGATCCGAGTTCGCGTAGTCTCCGCTCGCGAACCTTGGTTGGTCGATGATCAACTAGATATGATCGTGAAGTCGGGAGCGATTCAGGGGCGGGCAGAAGTTATCGATTTGAAAGATTACCAGCGGGCACTCGTATGGATCGACGGTCGGTTCGCTCGTGTACTTGGTCCAGGGCTACATGCCTACTGGCTTGGAACTCGCGATGTTCGAGTTGAAGTGATCGACGCGCGAAAAGCCAAGTTCGAGCATGACGATCTCAAGTCCATCGTACGAGCTAACGAAGCAACTCGTTGGCTGGACGTCTGCAAAGTCGAACGCGATTGCGTTGGCGTCCTGTTCGTTGATGGTCGATATGTCGATCATCTCGATCCGGGTTTGCACGCTTTCTGGAAGGAAGCTGCAGATGCCCGCGTGGTCGAGTTAGATATGCGAGAAGCACAAATCGACGTTAGCGGTCAGGAGATCATGACGCTCGACAAGGTAACTTTACGTATGAACGCGCTGGTGACCTATGTGATCAAGGATGCGCGTCGAGCTGTTTCGGCAGCCAGTGATGTGCGTCAGTCGCTTTACCGTGAAGTACAGTTGGCTTTGCGAGCAGTGATCGGTGGTCGAGAGCTCGATAGTTTTCTGACCGGTAAGGACGATGTCGCTCAGGAACTTGAACAGCAAGTCCGTGAGCAGGCAACAGCATTAGGTTTAGAAGTTCGTTCGGTTGGTATCAAGGACGTGATCCTGCCTGGCGATATGAAGGATCTGATGAACCGAGTCACCGAAGCTAAGAAAGCGGCCGAAGCCAACTTGATCGCCCGCCGCGAGGAAACAGCTGCGATGCGAAGCCAAGCCAACACGGCAAAGCTCTTGGCCGACAACCCAACCTTGATGCGACTTCGTGAACTCGAAGTCCTCGAGAAGATCGCTTC
NZ_CP011272.1_gap155	6130121	6131730	1609	ATGGATTATGTCTCGTACCGAACAATAACAACCCTCCCTGTAAACTCTTCCATGCCGAGCTGATCCATCATCAGCTTCTCCACTCTCTCCATGGCCCCGCCCCCTGTACCAGCCCCAATGAGAGGAAACGCTATCGATTGGTAGCCTTGCTCGCGAGCAATGCCCATTGCGTTCCGACAAGACTCTCGAATCGAAAACTCGGACGAGCGCCACCACATGCTGATGCCAGCCACATGGATGATTCCCTTGAATGGCAACCGGCCAGCGCCGGTCAGAACCGCACCGCCCAATGGAATGGGGCCATGCTTAGCAACCTCGCGAAAGGGCTGGTATCCTGCTCGCTTCTTGATCGCACCCGAAACGCCTTGCGGCAGCAAGAGCCACCATGGAATGATATTGCGATTCCAGGCGTTGACAATCACCTCGACCTCCTGATCGAGCAAGTCACCGGTAACCGATTCGACTGCTGCCATGCGAGAGTCGCCTCTCAAGTTTGTTCTGGGAAATCAATAAACGAAACAGGAACAGTGTCTGTTAGCCAAACGCCATTGGCCGACAGGTAGAAGACATGTCCCGATTCGTGCATAGCGTCAGAGTGAATGGTCAAGATGACGGGCTTCCCTCGCCGAGCTCCGACCTTCATGGCCGTTTCGATATCCGCTGACAAATGGACATGATTGCGAGAGCGTTTGAGCAACCCTTGTTCGCGGATACTATCCAAAAATGCGAAAACCGTTCCGTGGTAAAGAACCTCGGGTGGCGCGATCGGTTCAAGATTGAGCTCCACGTTTGGGACCGAATGTCCTTGGTTGGCGCGAATCTTCAGTCCGTCTTCGCTGAGAGTAAAACGCTTCTTCTCACAGGACGCAACTACTTCATGCAATAGCGACAGCGTCCATTGCTTCCCTTGGCGATTGGCGTTCTCAATCAGCTCGTCGATCGGTAGCCACCCCTCGGGATCAAGCTTCATGCCTACAACATCGGGCTGATGCCGAAGTACGAGGCTGAGGAACTTGCTTGTGGATGTGATGCTTTTTGATGAAGAATTCATGATCGGTTTGATGCAAAGTAGCGGTTCCATATTTCATGGAGTGCCACGCCGGCTGGCATGGCTAGTCGATAATCGACGATGTGGGAAATAGTCGTCTCGCTCGGGTTGATCTCCACAGTGACATTCCCCACCGATTTAGCCATGAAGACTGGTGCCTGAATGTAGGGGAAAACGCTTGTTGTCCCGATACTAAAAACCATATCGAATCCCTTCTCAAGCTCGCTTTGAAGCTGTTCTATTCCGGGACCATCAATCAGCTCACCAAACAGGACGACGTCGGGCCGCACCAAAGCGGCACAATGGGGGCAACTGGGTGGGATATCGATCCCATCGAACTTTTCCACCGACTCCGTGTAGCTACACTTCGTACAAAATAGAGAATGCATGTTACCGTGGGCTTCGATGAAATTCTTGGAGCCAGCAGCACGGTGGAATCCATCCACGTTTTGGGTGAGTGTCCAAACCCTCGGAAAGCTTCTATCGATCTCCGCGATCAGTTCATGGGCTCGGTTATGCTTTGCACCTTGAACCGCCAGCCCGATTTGCGCCAAATACTTC
NZ_CP011272.1_gap156	6175652	6177911	2259	TATCGGTCGCTGCGATGGTAGCAACGTTGGTAAAGGTTCCCGTCGTACCAGGGAGTACGACCCCAATGATCGTGATCGTGGTTTGGTTCGCCGAGCCGACGTCCAGGTTCCCTACTTCGATGATCAAGTCATCTGGATTGGTGGCCGTCGTGTCTTGCGCGGAGGCGGGAATGGTGATCGTATCGGTTCCATCTGAGGATGTCGCGCTGATGATGCGTATACCATCCGGGAGATTGTCCGTTACGCGGACGGTGGTCGCAGCCGATGGGCCATCGTTTCTCGCGACAATCGTGTAGGTGAATGTCGAGTTAGGAGCGGCGGTTGCGGGGGTTGCCGTGGAGGCTGGGTTAGTCGTAATGGACTTGGTGATTGCCAAGTCGACGTTTCGAGCGAGCGGAGTATTCGCGTTGGCGGTAACGCCGGCGGAGTCATCGGAGTCCGCCGAACCGGTGTTAGCAATCGTCGAGCCCGAGATCGAGTTGAGAACGGTAGCGACGATGGTTACGACCACGTCGGTGTCGGTGCTTGGAGAATCAACGTTTACATTGGCAACGGTGACTTCAATGCTGTCCGGATTCCCACTTGTTCCCTGGGTCCCCGTCGCGGTTCCAACATTGCTTGTGACGCTAACCAAATCGAGACCGTCGGGCAAGGTGTCATTGATGACGACATTGCGAGCAGTCGCTGGCCCCGTATTCCGCATCGTCAGCGTATAGGTGATGTTGCTCCCCACCACGGCGGTCGTTGGAGTGGCCGTCTTGGTCAGTTCGAGAATTGCGTTGCGTGTTACCGGTAAGGAAAGCGCATCGGTGTTGGGAAGCGTGGTTAGTTCCGTACCGAAGCCTGCGATCGTGACCGTATTCTCGATGGATTCCGGCGTACCGGTTCCGACGGTCTCTGGAAGAACAAAAGCAACCACAGTGATAGTGCGTTGTGTTGTTGCGCTCGCGGCCAAGTTGCCGACTTCGATTACGATATCGTCCGGATTCGCGGCAATCGTGTCTTGTGCGCTGGCGGGAATGGTGATGACGTCCGTGTTGACGTTGGAAGTGACCGAAACGATTTGTACACCGTCAGGGATGTTGTCGGTGAGGCTCACATCGGTTGCGGGCGAAGGACCATCGTTTCGAGCGTTGATCGTATAGGTGATCGTGGTGCCTGCGGGAGCGGAAGTGGATGTCGACGTTTTCTCCACAGTTAGGTCGTACTGGGGTACCAAACCGATATCGTTGCTGAGATCCGTATTGTTGTCCGTATCTCCGTCGTCGGTTGGCGCAGCCGTTGCGGCCAGGGTGACCAATGCGGTTACGACGCCGACACCCGTGATATTCGCTGCGGTGTTCGCGTTGTTCGGTTGACCAGCTGGAGTGGTGGAGCTAGCGATATATCCCGCTGCGGCTTGTCCAGTAGCAAATTGGCTCGAGGGTATCACCACGAAGTAGCTGCCGGGAAGAACGTTGGTGAACAGATAGTTTCCGCTGCTATCGGAAGTCGTGCTCACCGGATTGCCGGCGCTATTGGTCGTCTGCTGATCCACACCGTCGTCGAACGTGCCGTTGCTGTTGGTGTCGGTAAAGAGCTGGAGCGTGACGTTGGCCAAGCCAACATCGGGGTTGGTTCCGGAGGAGTCAAACAGCCCGTCATTATCGAGATCCGCGAAAACCAGATCACCGATGGTCATGGGTGATAGGTTGGCGATGTTCTGTGTGAGGACGGTGGGGCCAAAGGTCTCAATCAGGTCGATCGTAACGTCGGCCGCGTCAGGGCCAGTTACTTCGAAGGTGAGAGCTCCTACATCTTCGAAGTCAGCACCGGTGCCAGCGCTGGTCGTGAAGTCTGCGAAGAGGATCTCCAGGGTATCGGTCGGTGCGCCACCTCCCGTGGTGGGGATTGCAACGGTACGGCTCGAAGCATTGGCTCCGCTGTTGACCGTGATCGTGATCGAGGTGCCTGCCTCACCACCGATGGTCAATCGGAAGCCATTGGCTGTTCCACCCGAGGTGAGATCAACACCGCCAAGCCCATCGTTGTCGAGAAGCTGTGCATCACCATCGGCCCCGTCATAGACGATTTGACGAACACCGTTTGCACCGGCACCCACATTGAAAACTACTTGATTCGTGGTCGATGGGTTATCGACTTCGATGCTCAAGCTGCCTGATGTTGCGTTTGCGAACAGATCTCGTTCACCCCCCAGCGCCTCCGTAGCTGCGATGGAATTGAAGTCAGGGTTCGTTCCCGAAGTAGATGCTGTAACGG
NZ_CP011272.1_gap157	6228585	6230980	2395	GGGATGTTCGACAAGAGCGAGACATAAGAGTCCTCATGAAGGTGGGAGAGATCGGTTGGAATGAGCCAGCATTATGATCGACCGACAGCCCCGGTCCAATGCCCTTTTGGGGTGAACCGCAGGTTCATATTGGGCTTTCGATGAATCGATGTCGCGGGCTATTTTAGGCCGGCCGCCGCAGCTTGTGGTGGACCACGCTATCCTTCGACGAGTTCTGAAGAGGTTGGCGAGCGAACCGATCGACGGGGGGAGAGCAAGGTCTTCCCGATAAACAAGAGATTTCCAAGAAGGAACAGAACATGTCGCGCGTAGGTGGAACTTCAGGAGCAACGGGGTCGTCGGCTTCCAATTCTCCAAGTGGAAACGGCCTCAACGATGTCGACATGGACACGTTTCTCAATTTGATGATCACGGAGTTGCAAAATCAGGATCCGCTGAATCCGACCGATAACAAAGCGCTCCTCGAGCAGATTGGGCAGTTGCGGAGCATCAGCTCGAACGATCGATTGGTATCCACTCTGACATCCTTCGGAAATACCCAGGAGCTCACGACCGCCAGCAGCTTGATTGGGAAAAAGGTGACGGGTTTGGATATTAAGGGGGGTGAGGTAAGCGGGGAGGTTTCGAGCGTTTCGGTGAAGATTGACGAAAAAGATCGAAACAAGAGGACGGTACAGGTGCACGTCGGCGACCAAATTGTCGATATGAAGAACGTTCGAGAGATCGACTTAGGGGAGTAGTGTCGGCATCGCGTCTTGGAAGCCAGCTGCTCGCGAACAGATTCGCCATTCAACGAGGAGTTGGCTAGCAAATGGGCTTAGCATCTTCATTAAGCACCGCATTGACCGGCATGAATGCGGCTGAGACACAGATCGATGTGCTCGGCAATAACTTGGCTAACTCCCAGACCGTTGGTTTCAAGTCATCGGATGTAGTATTCGCTAACCAGTTCCTGCAGACTCTGTCGCTCGGTGCTGCACCGACTGGTGGAAACGGTGGAACCAATCCTCGCCAGACCGGGCTCGGTGTTCAAGTCGCCGCGATCAATCAGAATTTCAAACAAGGAACAGTCGAGATCAGTTCCTCTCCCTCGGATTTGGCCATTCAAGGGGACGGCTTCTTTCAAGTGCAAGGCGGGCAGGGAGAGAAGCTCTACACGCGAAATGGAATCTTTCGCCTGAATAGTTCCAATGAATTGGTAACCTCCACCGGCAATCGATTGTTGGGGTATGGCGTCGACGATCAATTCAACCTGCGTTCCACCGAGTTGGTCCCTCTTTCTATCCCCATCGGAACCGAAGCGGTTGCGAAGGCGACTGGGACTGTGAACTTGCAAGGTACACTGACGGCGAAGGGGGACGTCGCGACGACCTCGAAGATTGTCCAAAGCACGGTTCTTGGCAATAACAGTATCCCGCGTCCATCGGGCTCGGCTGTGAATGTGCAGAGCGCTGCGGCACCCTTTAATACGAGCGTCACCCTTGCTCATACCGAAGGTGGTGGGGGAACGCATGCGGAAGGGTCCGTGTATCAATATCGATTCACCTATCTCGATGCGAATGGCACCGAGAGCATGGCGAGCGAGCCGCTCACCGTGACCGTACCGGGCGGAAACGCGTCTGCGGACAATACGATCACCCTGAACAATCTTCCGGCCGCGAATAGTCAATACTCACAAGTTCGAGTCTATCGTACTGAACCCGGCGGCAGCGACTTTTTCCTCGCTGGTACAGCTGCCGCGGGTGGATCGTTTGTCGATACCGATTCGTCGTCTTCAACGACGCCCCTGGACAACAACGGATTGACGGGGAACTACACCTACATGGTGACTTATTACAAGTCAGGTGAGCCTGAGTCTCGCCCATCGCCACTGCTCGGTCCGCAGAGCGTGGTGAATGGTCGTATCTATCTGTCGAATCTACCGACGCCTCCCGCGCCACCGGCCGAAGGTGGATATCCCGCGTACGACGAAATCAGGATCTATCGCAATCTGACCAACGACCCCAACAGCTTTTACTTGGTCGATACCGTACCTCCTGGCGCATCCTATACCGATAGCAAGACGGACGCCGAGATTAGCAATCTGGCGTTACCAGGAAATCAAAAAGTAAACTTGGATGGGCCTGCCATCGACAGCAATACCTTGCTGGTGAACGTGATCACTCGAGATGGTTTGGATTACAGCAACCCGTTCATTCCAGGCGACCTGTCGTTTACAGCTCGCAAGGGAGATCGATTGCTGGAAACGAAGTCGTTCACCGTTACTGCCACATCGACCGTCCAAGACTTGCTTGGCTTCATGAAGGATTCGCTGGGGATCGTCAGCGACAGTGGTGACTCGACCAATCCGATCTTGTCGTCGCTCAATCAGATTCCGGGCGAGGGTGGGACGATA
NZ_CP011272.1_gap158	6309945	6313247	3302	GGGGCTTACCGATAACGAAGAGCATCTGATCATGAGCGATGGCACAGCCGTGCTACGCTTCGTCGATCCCAAAACATTTCGAGAGGTGCGAAAGCTCCAAGTCAAAGACCGTAACGCACGGATCAAGAATCTGAACGAATTGGAATGGGTGAACGGGGAGATCTGGGCCAATATCTGGTACGAAGATCGCATCGCTCGCATTTCTCCGAAAGACGGTTCCGTTCTAGGATGGATCGACGCTTCACACATTTACCCCCAATCGGGGCGAGACCGAGAAGCCGTCATGAATGGAATCGCATACGATGCGGAATCGAAGCGAATCTTCATCACGGGAAAGAATTGGCCGAATCTTTACGAGATCCGCCTGCCTGAATAACCACCCTTTTTAGATCGCTCTGGAATCGACGTGGCGTTTTGGCTATCGTCCGATCCATGATATGGGAACTCAACTTCACCAGGCGAGCAACAGGCGAGGCCCGGGGTGTTTACAGCCTGGCCGTGGTCTTCTTCCTTTTTCAATTGGTAGGGTGCGGGGTTCTTCGCCCCGATCCTATCGTTCGGCATCGCAACAATCTGCCATCGGATCTCATCGCCGATGAGGAACCCATGCTCGAACGAGGAAAGAAGCGGCCAATTATCGACGCATTTGGTTGGGTCTGGGGAATCCCATCCAAGATTCTATTCTGGAATCGACGCATCGAGTCCCATTCGATCTCGCCAGAGACCGAATTGCTCCTACAGGACTACTTGATCGAAAACGATTTGGTCGATGTCAAAGTTCGGCTTAATCAATACCGACCGCTCGATGACTGGAGGCGACTTACCCGTAACAAGTCTGTCGCTTGGCCTTGGCGATACACGTTTGGTGCCGTGGCCACGTTGGGTGAGACCGTAATTCCTGGTCGGTTGTTTGGTGGAGACCACTACAATCCTTACACCGCGACGATTCACCTTTACAGCGATGTCCCTGCGATTGCCTACCACGAGGGAGCGCATGCAAAGGACTTCTCGAATCGCGAGTATCCGGGAACCTACGCTGCGTTGTACGTATTGCCGATCGTCCCATTGTGGCACGAGAGGACCGCGACCAACGATGTATTGGCGTATGTTCGAGACCGAGGAGACCCACAGTCGCAGCGGGAAGCCATGCATGTCTTGTATCCGGCGTATGGGACGTATGTCGGAAACGCGGCGGGTACGCTTCTGCCGACCGCTTCGACCCCGCTGTATCTCGCTTCCGTTATCGCCGGCCACGTCGCCGCCCGACGCGAGGCCCCCTAGCGCCGTCCCTTTAGACGCTCCTCGGCTCTGGACCATTCTCCGAGCGGCGCATTGGTTCTAGCGGCTCTCCGAGCGGTGCGTCCGCCCCGTCCTCACCACTCGAAAGCCCCAAAGAGAAAGATTATTTCTCGGACGCCAGCTCATCCCGGGAGACGAAGTCGGGACGGGCTCGCGTGTTGAGGGCCTCCCAAGGTTTCGGATAGTAGTAGAGGGGAACATAGCGACCGCAGTGATTGGCGTAGTTGCCGTTCTCTTTGTTGATCTTCCAAGCCATCGCTTCCTGACTGGTTGGCTCGACGATGTGTGCGATGTGCCCGCCAACGTAGCGCGGTCGATTGTAAGTCGCTCGGTATTCCGGCCAAGCGTTCCAAACGCGATGAGAGAAGATGTCCTTCCGCTGCATTGCTGGATCCAGATAAGTTCCAGATAGAAAGTCCCCAGCAACGGCTGGCGAGACGATTCCGCTCATCAAAAGAGCTCCCAATACGAATCCTACCGGTCCTCGCCATTGCATCGCTCAGCTCCTTGCTTGCAAATTTCTCAACGCGCCATCCTTGGTCTTCCCTGCGCGAGTCATTCTCTTTATCGCCTCGCCGCTTCCTTGCGCTTGGAGCAGCCCTCGCTAATTGTTCAGATCCGAAATGCAGTCATTGCGATTGTACGGTTCATTCCGAAAGAAACGGATGTGACGTCGCGGAGCATTGGGCTCCCATCTAGGCGATCCGTTTGAAGTCAGTCGTTCGTGCCAGGCGGCCGTTTCGAGCGTTTCAAGCGATGGTGAGACTCGTTTCGGCCCAGCATTCCCCACCTCAGCGGTTCGTCTTGCTCGTACCGTTTGCCCAGCGTTAGGGCGGTCGCTGCCTTGGAGAGTTCGAAGCCAAGATAGAACGAGTGAGAAACATCCACGTTCCGAGACTCCGGTAACTGCATCAACTCCTCCATGATCTGGTAGGGATCCGTTCCTTTCAGATGGACACCTGCACTGAGCAAGTGGATCTCGCTTTCGCTTAAGAGTATTCGGTAGTTATTGTCCTTTAGCGATTTGCCGAGCTGCGTGATCGATTCTGTGCTGTACGGGACCGCGCGAGGATCGCGGAGGATAACGAGTCGATCGTCCAGATGTTTTGGAGGGACTCGATGACGGATCGCGTAGTGAGCAAGTCTCCTCGCAATATCGCATTCTCGCACGCTCGTTTTGGCCCAAGAGATCACCTGCGTTGTGAGGACGCTGCGAATCTGCAATTCCTCACAGATCCCCATGAGGACCAAGTTGATCGGGGCGCTATCTGCATCCGTCAACTCCGTGACATTTCCAATTCCCATCATCATCGGGGCATCGGGAAACTCTTTTCGCGTTTCGATGTAACGTCCAATGGCTTGTGTAAAACCACAACCGATCGGTTCGAGAATCGGGTCCAACCGAAACGGAATGTTTTTGGCGGTTAAGGCTTCTACTACGCGCGACAAGCTGCCCAGGTAGTCGCTGCCTAGTTCGGGGACCACGACCACTTCGGTACCCCAGTCGCCAGCAAACTGAACATTCGATTCATTGACCGATAGAACCAAGCTGGCTCCGGCCCGCGTCGCAGTTTCTGCTTCCCAGGGATCGAAAGTATCGACGGACAGTTCGATACCCGACTCGCGCAGCGTGCGAACGGCTGACCCGATCTCTTGCCATCGCTTCCCCGGTTCACATCCCAGATCGATCCGATTCGCTCCCTCGGATACCAACTGTTTCGCCTGGTGGAGCAAGTCCTCGATGGGGAACCGAGATGCGTAGTTGATTTCGGCGATGATTTCTACGGAGTAGGAGCCGTAGTCGTCTCCTCGGAATCGTTGGCTACCGAAAAGGATGGGCAGATCTCGAACGTCTTTCGGTCCGCAATCGATGGTTACGTCGCGTTGAATCGCGCGACGAATCTCTTCGATGCCTTCATGCAGATATCCTGGCAGGATCACTCGATCACATCGCTCAGGGATGCGCATGTGACGCAACAACCACTTGGGGGTCATCAACGCTG
NZ_CP011272.1_gap159	6391757	6394876	3119	TTAGAAAACTGCAGAAGCACCAAAAGAGGATCGTCGTATTTGAGACACTCCCGAGCAACGTCGAGGCACCGCTGAACCAAGTACCTCTCTTCATAGAGCCTCCGAATATCTGCCACGGCTCGACTAAAGAAGAGCACTGCAAACAACTCACCCATAACCAGTCTCCTATTAAAGCAAAGAAGCTCCCGTCGTTTGACGAGAGCTTCTTACTATCCGCGGCAGAATTCAAATGTTCGCTACGAGAGAGGCGACCAATCTGAACCATGATAGGCAACGTGCTCGGGGACCCACAGACCGCACACAAGCTGACTAGCCGCTGGAGAGTTGAACGAAGCACCCACATATGCGTAATCGGCACCAACATCCAAATCAGCAGGAGAGACGCGGATTAGCGCTATGAACTGATTCGTCGCGGCTCCGCGATCCGTAGCAGACGCATAAGAGTTCGCTGGAGCCTCACGATTGACCAACGCGGACTTCGTCCAGAAGTCTTTCGCGGCCGCGATCGCCCCAGCAGAACCTGCCTTGAAGAAGACTTCCTTGATCTGCAGAACCTTCGAGCTACCACCGGCATTGGTCTTTGCTTGGTTCAGCGTGATCGTAATGTCTTGACCCGCCGTACCCACGCCAATGAATAGAAGTAAGTTGAGGAAACTGTTGACGTTGGTAACACCAGCCCAGTTAGTGGACTTCGCGCCACCAGTCAGATCTGCGAGAAGAGCTGGCGAACCACTGTCGCCAAATGGAAACTGCTTGAACATGTTTTGAATGACTCCGTTTTCGATTTAATCGCTGGCTTTGTAATAAGCCTCGGGAGCAGCCCCCCGAGGCAAAAATCAACATAGGCAACCGCCGAAGCGGCTAATTGCTACCGAGCTTCCAGGGCAATGAAGTCGCCCTGCGAAACCGTTCCGTACTTCGGAGTCGTCGGCTTGTCGAACAGTGGTCGCCCGTCAATTCGGAATGTGAACTTGATCGCCGTTTGACCACGGAGGAACTCGACGTGCGGAGAAACGAGCTCCTGAACGCCACCCTTCGAGATCGTCAGGTACTGACCAAGATTCGCCAAAACGATGTCACCTTTGTCGCCGAGCTTTTGGTTGAACTCGGTCGGAATCACGGGACGCCCCATCAAGGTCGCATACGGGCTCGCGGAAAGGCCTCCGGGAGGAAGGTATACAACCCCGTTTTGCCCGCCGCTTCCCATTGTCATGGAATAAAGCTGAGGTTCAATTTCCTGGTTGATGTACCAAGCGTAGGCATCCACAGGCTGGCCGGTTCGCCGACGAGCCCACATGTTGAGGATGTTTTGCGAGTTGATCGTGTCCGCGGCTTGAGCGTTCTCCTTCGCAACATCGACGCATGCTGTGCTCTTCAAGAAGCCAAGCATTCGCTTTCCGCCAGGACCATTGAACACCGCATCACCGGTCATGAACGCGATTTCGCGTTGAACGGCTTGGCGAACCCATTGCTCCAAGGCGTAGCTGTTATCCTCGAGCAACTCATCGGTCAGGTAGACCACGACACACAACTTCTTGAGCTTGAGCTCGGTCGCATCGATCGAAGGACGACCAGCCGAAGCCAAGTCACCTTCCTCAAGCCAATAGCCGAGCAATCCACCCGATCGCTGACCATCCGCGCGGCTGCTTTCTTGCAGCTTGGGGAACGCCATCGTATTGCCCGAGACGGTGAACTGATTGGTTCGGCTCAGAACATCGTTGTCATAGTAGATCGCCGCAATGTCAGGAGCGAACTCAGGCAACACTAGCGCACCAGCCGACTCGCTGTCGAGCGTGTTCATGGCGTTCGCCTTGACGAGCATGTCGACCGCTTTGTGGTGCCGCGATTCGAACTCGTTCTGATTCTTGTACCCTAACCGCAAGAACTCGGAGAACGACTTGAACTGCCGCTTATATCCAGCAGGGGCGCGAAAACGGCGACCCTTCCGCATTGCGTTGAGCTTACCCTTCACAATTTGGGTTGGCTCATAGTTGTCTTCCTCGAAGAAACTGAGCGCGTTGGTTTCATGATTCAAGTGAGAGCCTTCAACACTCCCCTTTACCATGTTGCCAATCTCTTCCATTCGCTTTTCGAGATTGGTCATTCCCGTCAAAATATCTGAACTCATCTTTCAAACTTCCCCCGCCGCCGCGCGGCCGCTGTATTTACCTAAAAACCCCCAGAACCGCACTCCCTACTCGGATCGCATCTGCATCGGCGTAACGTCGAGATTTGCAACCAAGTCTTCGAATCGTTTTTGCAGGCTTTCGAATGCCTGCTTGTATTTGGACTCGTCCACGCTTGCCGCTTGAGGCTGCTTGAACGACTTCGCTTGCTGATTGAGACGATCGATGTCCGAAACCGTCTGATTCAAGATGCGAATATTGGCAACACTGAGCTTGCCGCCATTCTTCGCCGCCGACTTGGCAATCATGTTGACGCGTGCTGCAAGCCCTTGAAGCTGATCGAGACTTCGGTTGCTCGAGCAGAGGAAGCTCTTCACAACTTCATCGGTTGGCTCTTCCGTTGGTGGAACCAACGGTTCGAGAGCCGAGTACTTCGAGCTATAAAGACCCTCGAGGCTCGTCGCCAAGTCTCGAGCTTGCTGAAGGACCTCGGTCGCTTGCGACTTGACGTCATCTGCTTCGACAGGCCCCAGAGCCTTGGTTGCGGTTTCGATCAATCCCAACAAGTTGCCATGGATCGAGCGAAGCACTTGCGCACCGAGCGGGAGCTCTTCTCCAACAATCTCCGGCTCGTCGACAACCACTTCTTGGCTAGCCACGGCATCGGATGCAGGCCCGGGTGCTGGTGCTTCATCGTCGGAAAGTAATTCGGCAGCAGCCCGTAACATCCCTTGGGACATCTCGTCATACTCGCCCATTTCCGCCATCGACTTGGCCAACTGCTTTGGCCCCATCTTTTTGATCTGCTCGCTAGTGAGCTTTTTCATCTCGACTACCCTCTCGCTTTGCTTCGAATCGATTCCCGGCGTTGAAGCCCGAGTCTCCAACGTTGACAGAAGACTCTTTCGAATCACCGGATGAATCGACTGACCATCCAAGGTGTTAAGTGAGAGAATCCGATTTGCTGCCTCACACTGCAAATCGGCGATTTCC
NZ_CP011272.1_gap160	6533636	6534136	500	CGGTTTTGCGGCTTGGACCGCAGTGATTCCTGCATGAACCAGCATGAGGCCAAATGCTAGGCAACGAAACGAAAGGCGGAGGAAGGTGCTCATAGGTGGGATCCGCGAAGCGGAAAAGAGGATGAAAATGCCGATGCGTACAGTATGAACAGCTTTTCCACCGCGATGTTTGCGGGGACTTCGGTGCAGCGAAAAAATTCTCCGACCGTTTCGAGCGGTCTTTACCGCATCTTCATCATCGGTCGGGCCCTTTTTTAGAATCCTTTCGACGTCCCAATTTGACTTGAATGCTAGCGTTCTTAAAATCGCGTCCTGTACCTGACGGGCATGGAATGACGGTGAGCCAACACGCTTAGGCGTGCGAAGTCACTGTGGAGTCTCTTAAAGGAGCTTTCTCTTCCTTAGTCGGGTTCGCCAGCAGGATGGTTCCTGTCTGGATGGAAACTGATCGGCCTGCAAGATAGCAACCCGATCAGACTCGCACGGTCTAGGAGTTAGCG
