gap_id	start	end	length	sequence
NZ_CP110931.1_gap1	66490	67430	940	TTATCTGATCTTCGGTCAGGCAAGCATAGTGTTTTGCTAACTCACGGAAACCCGCAAGTTCGCGATAGCTAATGTTGGCCATATCCTGTTTGGCATACAGGAAGGTGTAAAACCAATGTTCGCCTCCCTTTGCCAACACGATTGCGCGATCGCGGTTTTGATTGAGGCGTTTTTTATAAACTCCGCCGCCAAGATTATCTGCTTTTCCTTGCAGTACGGTGTTGATGGCCTCGCTTAACTCGTCATCTTTTATCGTGTGGGACTTCGCTTCTCTGTTAAACCACCTGGTTTTGAAGATTCGCATCAGGTTGACATCCTGTAATCTAAAGTATAGCACCAGGTGATACACTATGTCTTACCTTTTGGTTTTGCACGCAGCGAGAGAAGATAATTCTCAACGCTCGACCAGCCTCGCAAAATGCAGCGCAACAATGTCAGTTGCTAAAACGTTAATCAGATCACATTTTGTAATGTTACACTGCATGAATTTTCCGCACTAAAACGACGCAGGTAACCACAATGAATGAAAATATCGCAGAAAAATTCCGCGCTGATGGGGTTGCCAGGCCTAACTGGTCAGCCGTTTTTGCCGTGGCGTTTTGTGTCGCCTGCCTGATTACCGTTGAGTTTTTGCCCGTTAGTCTGTTGACGCCGATGGCGCAGGATCTGGGGATCTCCGAGGGCGTCGCCGGTCAGTCGGTCACCGTTACGGCGTTTGTCGCGATGTTTTCCAGTCTGTTCATTACCCAGATTATTCAGGCGACCGACAGGCGTTATATCGTTATTCTGTTCGCCGTTTTGCTGACGGCTTCTTGTCTGATGGTCTCCTTTGCCAACAGCTTTACGCTGCTGTTGCTGGGCCGCGCCTGTCTTGGGTTGGCGCTGGGCGGATTCTGGGCGATGTCGGCGTCGCTGACCATGCGACTGGTTCCCGCGCGTA
NZ_CP110931.1_gap2	143765	146616	2851	CATCCATCACTGGGGTTTTGGCGTTTAAGATAGCGTTATCCTGCTGTTCTTCACGGTAGCCGTAGCCATCCAGAATCACCAGTACCATAGGTTTTTTAGAAACCGACATTGCGACAACCTCATACTCAATAGACAAAATAATTGCGTAATTTTACTACAGCTGAATCGATAAAATAGCCTCAGAAGATCAAAGAAAGGGATCGCGCTGGCGTGAGAAGGCAAGTAATAGCGTGATTTTTTTTCGTAGCGCCCCGCAAAAATGCATTCCAGTGCACGCTCTGGCTGTATTTGCGCCACTGCGCAGGTATACTCCTTTCCTGGTTTTTTAATCACTACGTCGGGAGTTGTTACCCCCCATGCAAGAAATTATGCAATTTGTTGGCCGTCATCCCATACTGAGTATCGCCTGGATTGCGTTACTGGTGGCGGTTTTATTTACCACGTTCAAAGGTCTGACTTCAAAAGTTAAGGTGATTACACGCGGCGAAGCCACGCGCCTTATCAACAAAGAGGACGCCGTTGTTGTGGATTTACGTCAACGTGACGATTTCCGTAAAGGCCATATCGCTGGCGCGACCAATTTGCTGCCGAGCGAAATCAAAGCCAACAATGTTGGCGAACTGGAAAAGCACAAAGACAAGCCGATTATCGTGGTCGACGGTTCTGGTATGCAGTGCCAGGAATCCGCTAACGCGCTGACAAAAGCCGGCTTTGAAAAGGTCTTTGTGTTGAAAGAAGGCGTAGCAGGCTGGAGCGGCGAGAATCTGCCTCTGGTGCGCGGTAAGTGATTACCCGTCGTTTTCATGGCGCAAGGGGAATGACTTGCCCTTGCGTCGACATGAAATCCATCGGGTAAAAAACAGGAGCGAAGTCATGGCCAATATTGAAATCTACACCAAAGCAACCTGCCCGTTTTGCCATCGTGCAAAGGCGCTGTTAAACAGCAAGGGCGTGAGTTTCCAGGAAATTGCGATTGACGGCGACGCCGTGAAGCGTGAAGAGATGATCAAACGTAGTGGCCGAACGACGGTTCCGCAAATTTTTATTGATGCACAGCACATTGGCGGTTGTGACGACTTGTATGCGCTGGATGCGCGTGGTGGACTGGATCCGCTGTTGCGTTAAGGCGTACTCAAGTATTTAAGGACAACACTAAAGGGTTTTACACATGTCAGAACAAAATAACACTGAAATGGCTTTCCAGATCCAACGTATCTATACCAAGGATGTTTCTTTCGAAGCGCCAAACGCACCGCATGTTTTCCAGAAAGATTGGCAGCCAGAGGTTAAACTGGATCTTGATACGGCATCTTCCCAACTGGCGGATGACGTTTATGAAGTTGTGCTGCGTGTTACCGTAACGGCTTCCCTGGGGGAAGAAACCGCGTTCCTGTGCGAAGTTCAGCAGGCCGGTATTTTCTCCATCAGCGGTATTGAAGGTACTCAGATGGCGCATTGCCTGGGCGCATACTGCCCGAACATTCTGTTCCCGTATGCTCGCGAGTGCATCACCAGCCTGGTTTCACGCGGTACGTTCCCGCAACTGAACCTTGCGCCGGTCAATTTTGATGCGCTGTTCATGAACTATTTGCAGCAGCAGGCTGGCGAAGGTACTGAAGAACATCAGGATGCCTGATGAACCAAAGTAATGCGTCAATGACAGTCATCGGTGCCGGCTCGTACGGCACCGCTCTTGCCATCACTCTGGCGAGAAACGGCCACCAGGTTGTCCTGTGGGGCCACGACCCAAAACATATCGCGACCCTGGAGCACGATCGCTGCAACGTCGCGTTCCTTCCCGATGTGCCTTTTCCCGATACGTTACACCTGGAAAGTGACTTAGCAACCGCGCTGGCGGCCAGTCGTAACATTCTGGTGGTGGTGCCAAGCCATGTTTTCAGCGACGTGCTGCGGCAGATTAAACCGCTGATGCGTCCGGATGCGCGTCTGGTATGGGCGACCAAAGGCCTGGAAGCGGAAACGGGGCGCCTGTTGCAGGATGTCGCTCGCGAGGCGTTAGGCGATCAAATCCCGCTGGCGGTGATTTCCGGTCCGACGTTCGCTAAAGAGCTGGCGGCGGGTTTGCCGACGGCAATCTCGCTAGCCTCAACCGATGAGACCTTTGCCGACGATCTCCAGCAACTGTTGCACTGCGGAAAAAGTTTTCGCGTCTATATCAATGCGGATTTTATCGGCGTGCAGCTTGGCGGCGCGGTGAAAAACGTGATTGCGATTGGCGCGGGGATGTCTGACGGCATCGGCTTCGGCGCGAACGCCCGCACGGCGCTAATCACGCGTGGACTGACCGAAATGTCGCGGCTTGGCGCAGCGCTTGGCGCCGATCCCGCCACCTTTATGGGGATGGCGGGCTTAGGCGATCTGGTGCTGACCTGTACCGACAACCAGTCGCGCAACCGTCGTTTTGGCATGATGCTTGGCCAGGGCATGGACGTTAAAGGCGCGCAGGATAAGATTGGCCAGGTGGTCGAAGGCTATCGCAATACGAAAGAAGTTCGTGAATTGGCGCACCGTTTTGGTGTTGAAATGCCAATAACCGAGGAAATTTATCAAGTATTGTATTGCGGAAAAAACGCGCGCGAGGCAGCATTAACGTTATTAGGTCGCGCCCGCAAGGAAGAGCTGAGTCGCCACTAGCCGTAAGGAACTGTTTGCATAAACGACCCAACCCGCACAGAACGGGTTGGTCGTTTTCTGCCCGTCTGGAGTAAGCCATGCCGTGTGAAGAACTGGAAATCGTCTGGAAGAATATTAAAGCTGAAGCCCGCGCTTTAGCTGACTGTGAGCCTATGTTGGCCAGTTTTTATCACGCCACGCTACTCAAGCATGAAAA
NZ_CP110931.1_gap3	148456	152005	3549	TCAATGCGCAACCGTAAACCAGTCGTGAACCGTAGCGGTCTAATAGCCAACCACCGGGTAGTTGCATAATGACATAGGCGATACCAAATGAGGAGAAGGCCAGGCCTATCGCTTCCGGATCAAAACCTAATTCTTTACTCATTATTGGGGCAACTACGGATAGAGTTGCGCGATCCGCATAATTAAATACGGTAGCAAGAAATAAAAATATAAGAATGGTATGACGCACTTTTGTGCGCTTTATTATTGTGTTCATTATCTACTCCTCAGATAAGGGCAGAATGCATCCTGTAAGGTAAGAGAGGCGGGACGGATTCCCGCCAGTCGGGTTAAGGGCGTTTGCCAAATTCACATGTTAATTGTGTCCAGCGGCGCGCTTGTTCACTGAGCGTGAAACCCAGACCATGACGATCGGAAATCCACATGCGGCCATCGCGCAGCTCAAGTTGCTCGTTGAATAATGGGTTCAGCCACTCGAAATGTTCCAGCCACGGCTCCAGGGGATACGCTGCGGAAAGGTGCAGGTGTACTTCCATCGCAAAGTGCGGTGCCAGCTTACGCCCGTGTTTCGCCGCCAGATCCATAATCTTCAGGAACGGAGAGATACCGCCGACACGCGGCGCATCTGGCTGAACGAAATCGCTGGCATTGCCCAGAATCAACTGCTCGTGTTCCCGGAAACTGGTCAGCATTTCCCCGGTGGCGATAGGCGTATCCAGCGCGGCAGCAAGCTGGGCGTGGCCTTCGATGTCGTAAGCATCTAATGGTTCTTCAATCCAGATAAGATTGAACTGTTCCATTTTACGCCCCATGCGGATAGCCGTTTCGCGATCCCACTGCTGGTTAGCGTCAACCATTAACGGGAACTCATCCCCAAGCGCTTCACGTACTGCGGTTAAGCGGCGAATATCCTCAGCGCAGTTGGGTTGTCCGACTTTCAACTTAATACCGCCAATGCCATTTTCGCGGGAAATCACCACATTTTTCAGCACTTGATCGAGCGGTGTATGCAAGAACCCCCCTGAGGTGTTGTAACACTGAACGGAGTCGCGGTGCGCGCCCAACAGTTTTGCCAGTGGCAGACCGGCACGTTTAGCCTTCATATCCCATAAGGCGATATCGATAGGGGAGATAGCCTGTACCGCCATCCCGCTACGCCCCACCGAGGCTCCGGCCCACAGCAGCTTGGTGTATATTTTGTCGATATCATTGGGATCTTCGCCCAGTAGATTGTCGGCTATCTCTTTGGCGTGAGCATAAATACCCTGGCCGCCAGCACGTTTAGAGTAGCTAAAACCAACGCCCTCAAAGCCATCGCGACTGCGGATTTCGGCAATGATGATTGCCACTTCGGTCAAAGGTTTCTGGCGACCGGTCAGTACCTTCGCGTCACTCACTGGCGTCGCCAGCGGTAGAAAAGCCAGTGATAGCTTCACCCATTCGATACGATCGCCGGTTTCTGCCGCGGTTCTGGTATTCGCCGCTTTTGCATACGTTACGGCGTCGGAATTCGCGCTTAAAGCCATTTTTTTTCTCCTGATAATCACAAAATGATTGCGCTAACATTTTTATTATTAAGCGAGCGCAGGATCCAGAAAGTTGATGTTGATTTGAACATTTGATCACATATGTCGTATAAAAAGCAGAATTTATTGCAAAATAGATCACGATCCAAAAATATCTGGGGAAATGCATAATACAAAATGATAGCGCTATCATTTTGTAATGACTGAGCTTGATAAGCTACTGTATTTACGGCCTTTCCTGATGCGAAGCTGGCAATAGCCGCAGGCATGATGAATAATGCGCGGATAAATCAGCCAATCTTTGCAGGGGCATCAGACGTGAAGAGAACCAAATCACCTCGTGCGCCGACGCTGGAAGATGTAGCACGTAGCGCCGGGCTGTCTCCGATGACAGTCAGCCGGGCATTGAATTCGCCACAACTGGTTCGCCCCAAAACGGTTGAGAAAGTCATGCAGGCGGTTCGCGTCACAGGCTACATACCCAACGCGTTAGCCGGTGGTCTGGCGTCGCGACGGAGTAAATTAATCGCTGTCGTCGTGCCGCAAATTAACAACAACATGTTTGTCGATACCATCCAGTCGCTGAGCGATGAACTGGCCCGACGCGGATATCACATATTGCTGTGCGTGGCGGGATATACCGAACAAACGGAAGCGGAGTTGGTGGCGACACTGCTTTCCCGCCGCCCCGATGGCGTGGTGCTTACCGGGATCCATCACACGATAGAACTGAAAAAGGTCATCCTGAACGCGGCTATTCCGGTGGTGGAAATTTGGGACTTAACGCCCACGCCGCTTGATATGCTGGTCGGTTTTTCCCATGAAAAAGTCGGGCAGGCGACGGGGGAGTATCTTCTGAGTAAGGGCTATCGTCGTCCCGGCTTGTTGTGGACCGCCGATCGCCGAGCCGCGCAACGTAAGCAGGGGTTATGTAGTGTTCTTCAACGCCACGCTATTCATGCCGTACCGCAGGTAGGTGCCCCCCTTCCGGCATCGCTTTCGCTGGGGCGCAGCGGTTTAAGCCAGCTTTTTGACGAAGGGACGTTTGATGTCATTGTTTGCAGTTCTGATACCCTGGCACAGGGGGCGATGATGGAGGCGGAAAGCCGTGGTTTGCGCATCCCGCATGATTTAGCGGTTATTGGTTTTGGCGACCTTGATTTTGCCGCCAGCAATCGACCGTCAATTACTACCGTAAGCGTTGACAGACGCGCCATTGGTCAGCGCGCCGCTACGCTGTTGGCCGATCGTATTGAACAGAAACCGTGCGCAGAAGCTATTGTGGATATTGGCTTTCATTTGATTGAGCGAGAGTCCGCATAAACGGGAACATGCCATCGGGATCGGCCAGGCCGGATCAGGCGTCAGCTGCCATCCGGCATTGAATATATTACGACCGTAATACCGCGCCGGAGTATCCTAACTGGCGCCACGCTTCATACACCACCACCGACACCGCATTCGACAGGTTCATGCTACGGCTATCCGGCATCATCGGAATGCGAATCTTCTGCTCTTTAGGCAACGCATCGAGAATGCTGGCGGGCAGGCCGCGCGTTTCCGGGCCAAACATCAAATAATCGCCATCCTGATAGCTTACGGCGCTATGGGCGGGCGTGCCCTTTGTCGTCAACGCAAACAGGCGCTGCGGGTTTTCGGCGGCGACAAAGGCGGCATAATCGTGATGGCGCTGAACCGCGGCGAATTCGTGATAGTCCAGCCCTGCGCGGCGTAAGCGCTTATCATCCCAGGTAAACCCCATCGGTTCGATGATGTGCAGACGAAAGCCGGTATTGGCGCAAAGACGAATGATGTTGCCGGTATTCGGCGGGATTTCTGGTTCGAAGAGTACGATGTTAAGCATGATGCCCCCTTAAATGCGGGGGGCAGAATAGCAGAAATTTACCGGGCTCTCACGCGCCAGGCGTTCAGGCGGCATCGCCTTTGCTCATTGGCGCCAGCGCGGCGGGCAAACTTTTCCCCAGTTCCTGCACCAGTGAATCGCCACTGATTTCGCTAATGG
NZ_CP110931.1_gap4	161073	164849	3776	GCTCATAGCAATGCTTTATAAAAATATAATTATAATGTTTATGTATGGGGATTTTTTTCAGGGATGATAATGTTATTTAATTTTGCGGGTCAATCATATTCTGCGGGGTATGAGAAAAGAGGATGAAAAAATTCATTGTATAAATACAAACAGGCACGATAGTGGGATTTTTCATCCTGAAAAAGCAGGGATTACCGTTAAAAATGAACTTGTATATAATCGGTGTAAATACTTCCATGAAAAATTCGGAATATAGCCCGATGCTCTCAAGACATCCTCCGTACAACGGGTGTCCTGAGAGCCTGGGATGCGGAAGGTTTAGAACTCGCTCTTCGCGAAACCTGTCATCTCTTTGAGCCCCATTTCCCGGCCCAGCGCCGTCATCGGGTGGACAACAATCAGGCCACGCACGCTTTTCTTCAACTTGCCCATGTCGGCCTGCTCTTTTTTAGTGATCGCGCGGCGAAACGGCAGGTTCATCAGCTTCTGCGCTTCTTTACTCAGTTTCTGGCTGTGTACTTCGCGCAGACGGATAATTTCTGCTTCTAGCGTCTCTTTTTCTTTTTCCAGCTCCGCGTATTTATCGGCGGATTCAACCAGAGAGAGACCTGCCTGCTGGTGGCGAATAGCGTCAAGACGATCGCTCAGGCGTTTAATTTCGTTTTTTTCGACTTCTTTCATGGGATAGCTTCTGATAGAAATGGGATAGATATCCTATAGTATGCGCGCAGTGAGTGATTCTTCACAACTCATGACGTAAAGATAATCAATTACGGCAAGTATTACATCGCTAATTATTTATTTATCTCATTGATAATAAACTATTTTTTTTCGAAAGAAAAGATGAAGCGCCTTTTTGCCGACAAGAAAAGCGATTAAGCACATTTTCCTCAATGACAACGCTAAATTGATCCTAAACTCAAATAAGCGACCGCGGGAGTCAGACGCGGGTCCCACATGGAGGATCTATCATGGCAAAAATAGGTGAGAACGTACCACTTCTTATTGATAAAGCCGTCGATTTTATGGCGTCCAGCCAGGCGTTCCGTGAATACCTGAATAAAACGCCGCCGCGTGATTATGTTCCTTCCGAGGTGCCGTCGGAGAGCGCGCCCATTTATTTGCAGCGTCTGGAATATTACCGGCGGCTGTACCGACCAAAAGAAGAAGAAAGAGGTTAACGGCGGGATTTACTTTTGAAAGGCCTTTTTTAAGCTGATTTTAGAAATCAGCTCGGTCAGAGAGAGAATCATCGTCGAACGCACCGCCTGCTGGTAGCGCTGAATTTGCATGGCGTATAGCGCCGCGTCGGATGTATCAAAATGCGGCGGCGGCGGTAGCGCCATGACGCAGTGCAGTTCGCCAAACGGCCCGAGGATTTCATCGTCGGTAAAGGCGTACTCATTGCCATCGTGATTCAGCTCTTCGCGCAGCGCCATTAACAGCTCCGCATCTTCATATTCGGTGCGGCTGAGTACGCCCAGGCCATAGATAAGTTTCAGACGTACCGAAAGATCGCCCAGCGGCCCGTCGCCGTCCAGCAACGGTTCCACAGCGTATTTCACGGCATAGTCGTCTTTGCGAAACACCTGGAGCACCAGAATGTTCACCGCCTCGGTCAATAACTCGACGGCGGTAATCAGGAAGCTCCGTACGGTTTTGCCAGCATTCAGACGCTCAAGCACACGATTTTCAAAGGCCTGGGTTTGTTCCATTATTGCCTGCATATCTGACAATCTGTTATTTGGGCGCAGGCTAACCTGCGCCGGGTTCTGCGTCATTTGGTCGCGTTATATGCGTTAACCGCCTCCGCCACCACATCGCTATTGGCATCCAGCCCGGAAATTTGCGCCAGCGCGGCCTGCGGGCCTTTTTCGGTAATCAGTGCCGCCAACTCTTGCGCCTGCGGATCTTCATCGCTACGGAAATGCATCGCCGCCGCGATCCCTTTGACCAGATTCACATGCGGCAGACCATATTCCAGGGTGCCAAGCAGCGGTTTGATCAGACGGTCGCTCGCGTTGAGTTTGCGTAGCGGCTGACGGCCTACGCGTTCGACGTCATCTTTCAGATACGGGTTTTCAAAACGACCGAGGATTTTCTGAATGTATGCCGCATGTTTGTCGGCATCAAAACCGTAGCGTTTGATCAGCACCGCGCCGCTTTCTTCCATCGCGCCTTTCACCACCGCGCGAATACTCTCATCGAGAATAGCGTCGCGAATGGTCTGATGACCGGCTAATTTGCCGAGGTACGCGGTTATAGCATGACCCGTGTTCAGCGTGAAGAGTTTACGTTCGACAAATGCCATCAGGTTATCCGTTAACTCCATCCCCGGAATGGTCGGCAATGCGCCTTTAAACTGGGTTTTATCGACGATCCACTCGCTGAAGGTTTCTACCGTCACTTCCAGCGGGTCATGGGTGGCGGAAGCGGAAGGCGGCACAATACGGTCAACGGCGGAATCGACAAAGCCAACGTGCTGTTCAACCCAGGCTTTATCGCCATCCGCCAGCGCGTTCATTACGTGGCCTTTCAGCTGCGTGGTGCCGCGCACCATATTTTCACAGGCGATGATATTCAGCGGGGCATCCACGCCCTGCGCCTTACGTTTTGCCAGCCCTTTAGCGATGGCCGGAGCGATACGCTCAAGCACAACCGGGCCCACGGCAGTGGTGATTAAATCAACGTGGGCAATCAGGTCGACAACATCATCGCCGATGCTGCTGACAGCGTTGACGCCGGAAACGGTATCCACCTGCTCATTTTCACCCACAACATGAACCTGATAGCTATGACGGGCATTCAGGGCATCGAGTACGACCTGATTTACATCCGCAAACGTCAGTTGTATCCCCGCGTCAGCCAGCAGTTTGCCGATAAAGCCACGACCGATATTACCTGCGCCAAAATGTAATGCTTTCATAGTATTAACCTTCATTAATGTTTTTACCCGAGAGGGCTGGGGTGAGGCTTTTCCCTCAACCTAACCCTCTCCACAAGGGAGAGGATATCGCCTTCATAGTTCGAACTGCAGATGCGTTGGCTCTCCTCGCTCACCCCAGTCACGTACTTATGTACGCTCCTGGGGATTCACTGCGTTGCCGCCTTCCTGCAGCTCGAACTATTTTGGGGATACTTAACTGTTAAGCTTTTTTACCTGCCAGCAGTTCCAGCACTTCATCCACGCTGGTGGTGTGCGCCAGACGTTCGATCACGGATTCATCATCCAGCGCGTTGGTCAGGCTGGTGATGACCTGGATGTGCTCATTGTTACGCGCAGCGATACCGATGACCAGACGGGCAATATCGTCTTCTTCTTCACCGAAGCGTACGCCTTCCGGATACTGGCAGAACACCACGCCGGTTTTCAGCACGCGATCTTTCGCTTCCACCGTACCGTGCGGTACTGCGATGGATTCACCGAGGTAAGTCGGCGTCAGCTTTTCGCGGTCCAGCATCGCCTCGACGTATTCCGGCTCAACATAGCCGCCTTTCACCAGTTGTTCACCGGCAAAGCGAATCGCCTCTTCTTTGTTAGCGGCTTTACGGCCCAGGAAGATATTCTCCGCACCCAGTTTGAACAGGTTGTTATCACCCTCCTCAAAGCTGTCTTTCAGATGGTCGCGTACTTTCTCTTCATTAGTATTGTGGCGCTGTGCGGCAACCAGACGTTCGGTCAGGCTGGTGTACAGGCCGCTATCCAGGAAGTTGGTCAGCGAAATATGCTGCGCCTGCGGTACCTGACGCATCGCGCGCTCGGTAAGGTCACGGTG
NZ_CP110931.1_gap5	188545	191721	3176	AAGCGGCAGAAGGCTGGGCGCGCGGCTGCGGGATCACCGTTGATCAGGCCGAGCGTCTGAAGACCGACAAAGGCGAATGGCTGCTGTATCGTGCCCACGTGAAGGGCGAAAGTACCGAAGCGCTGGTGCCGAACATGGTAGCCACCTCGCTGGCGAAACTACCGATCCCGAAACTGATGCGCTGGGGCGCGTCTGACGTACACTTCGTGCGTCCGGTGCACACCGTGACCCTGCTGTTGGGCGATAAGGTCATTCCGGCGACTATTCTGGGTATTCAGTCTGACCGCGTCATTCGCGGCCACCGCTTTATGGGTGAGCCGGAGTTCACTATCGACAATGCTGACCAGTACCCGCAAATTCTGCTGGAGCGCGGTAAAGTCATTGCCGACTACGAAGCGCGTAAAGCCAAAATCAAAGCGGACGCCGAAGAAGCGGCACGCAAGATTGGCGGTAATGCCGACCTGAGCGAAAGCCTGCTGGAAGAAGTGGCCTCGCTGGTGGAATGGCCGGTGGTATTGACGGCGAAATTCGAAGAGAAATTCCTCGCCGTGCCTGCCGAAGCGCTGGTGTACACCATGAAGGGCGACCAGAAGTATTTCCCGGTTTATGACAACGCGGGCAAGCTGCTGCCGAACTTTATCTTCGTCGCCAACATCGAGTCGAAAGATCCGACCCAGATTATCTCCGGTAACGAGAAAGTGGTGCGTCCGCGTCTGGCAGATGCTGAATTCTTCTTCAATACCGACCGTAAAAAACGTCTGGAAGACCATCTGCCGCGTCTACAAACCGTGCTGTTCCAGCAACAGCTGGGCACGCTGCGCGACAAGACCGACCGTATTCAGGCGCTGGCGGGCTGGATTGCCGGTCAGATTGGCGCTGACGTCAACCACGCCACTCGTGCGGGCCTGCTCTCCAAGTGCGACCTGATGACCAACATGGTCTTCGAGTTCACCGACACCCAGGGCGTGATGGGGATGCACTACGCGCGCCATGATGGTGAAGCGGAAGATGTGGCCGTGGCGCTGAACGAACAGTATCAGCCACGCTTTGCCGGTGATGACCTGCCGTCTAACCCGGTGGCCTGCGCGCTGGCGATCGCCGATAAGATGGATACTCTGGCGGGTATCTTCGGTATTGGTCAGCATCCGAAAGGCGACAAAGACCCGTTTGCGCTGCGTCGTGCCGCGCTGGGCGTGCTGCGCATCATCGTTGAGAAGAACCTCGCTCTTGATCTGCAAACGCTGACCGAAGAAGCGGTGCGTCTGTATGGCGACAAGCTGACCAATGCCAATGTAGTCGATGATGTGATCGATTTTATGCTGGGTCGCTTCCGCGCCTGGTATCAGGATGAAGGTTACACCGTCGACACTATCCAGGCGGTACTGGCGCGTCGTCCGACCCGTCCGGCAGATTTTGATGCCCGCATGAAGGCGGTGTCTCATTTCCGCACCCTGGAAGAAGCCTCTGCGCTGGCGGCGGCGAACAAGCGCGTCTCCAACATCCTGGCGAAAGCCACTGAGCCGCTGAACGATATCGTCCACGCCTCCGTACTGAAAGAAGCGGCGGAAATTGAGTTGGCCAGACATCTGGTTGTGCTGCGTGATAAGCTTCAGCCGTACTTTGCCGATGGTCGTTATCAGGAAGCGTTGATTGAGCTGGCTGCTCTGCGCGCTCCGGTGGATGAATTCTTCGAAAATGTCATGGTTAACGCGAAAGAGAAAGATATCCGTATCAACCGCCTGACGCTGTTGTCGAAACTTCGCGAACTGTTCCTGCAGGTTGCGGATATTTCGTTACTGCAATAAGCGTTCAGTTAAATAAACAAAAACCTGCTCTCGGGCAGGTTTTTTTATAACATAAATAGTATTAGTTGATTCGCTAATAATTCTGTAACTCATAGACGCGGTTATCTCTATTGATTGGCAAGAATTATTTCAGGAATACATTAACGCTGGCGGTACGGATATTGGCGTTAGAATAGCTGCGGGTGCTTGAGACTGTTTGTCTCAGGTATTCACCAAAAGGCAGAGAGAGAAAAGCCCCACCTGACTATAAATCAAAAGTGCATTGCACCCATTATTGATCTCTTCAATAACGAAGCTATCCCCTACAGTATTTCAGAACGTCCAACCATGCCGATGATCGATGACATACTCATGAAGGCATTTGCCAGACTTGATGCGGGTACCAATCCGGTTCTTCATTCAGATCAGGGCTGGCAATACCGTCATTGATGGTACCAGTATCAGTTACGAGAGTTTGGCATCATCCAAAGTATGTCCCGCAAAGGCAACTGCCTTGATAATGCCTGTGCAGAATGTTTTTTCGGGACTTTAAAATCAGAAAGTTTTTACACCAGTAAATTTAAGGATATTGATGAACTTAAGATAGCTATTGAGGATTACATACGATACTACAATACCCGACGAATTAGCCTTAAATTTAACGGACTCAGCCCGGTTGAATAGCGCCTAAAGAGCTATCCAGGCAGAAATTAACAAGGTCTGTACAGGGATGCTATCAGGAAACCTGAACGTTGGTGGATACGCTCACGTAAATGTCTGCTATGAGCGAGGAACGGACGCCCTATTTCACAAAAATTAGTATTGTTCTACAAGTAACTCTCACAATGAGGTTTTATGAAAATCAGAAGGTTCAGTAATGGGGATGAAATATCGTTATTCAGAGTTTTTTTCTCATCTGTACATACGATCGCATCACACTACTACACACGTGAACAAATTGATGCTTGGGCCCCAGCAGATATCGACCTGGAGCGATGGGCCAATCACATTAAGGAATTACAACCTTTTGTTGTAGAGCTGGATGGTGAAATAGCTGGATATGCAGATTTTCAACCAAATGGATACATTGATCATTTCTTTGTATCAGGAACCTATTCAAGACAGGGGGTAGGGATACTACTGATGAATTGCATTCATGAGGAAGCCAGACAGCGTGGAATTAGTGAACTTACTTCAAATGTAAGTAAGGCTGCGGAAGTGTTCTTTCTACGACACGGCTTTCATATAGTGGAGCGAGGCTTTCCTATTTGCCGTGGAGTGACATTACAAAATGCTCTGATGAGGAAATGTTTGGCGAAATAATAGTCAGCCTGCAGAAAGGCAGCATTGTTCTTTTGCCTTGTTGAACTCAGTAAACCGCTACAATGAGCA
NZ_CP110931.1_gap6	201041	205892	4851	TACGCGTCTGGAATCATCGCGGGCAGGTTCTGGCGGGCGCGGTCGTTACCGACGGAATTCGGCCTGGCGTGATCTGTATTCACGAAGGCGCATGGCCGGACCCTGAACCTACCGCAGGCGGCATATGCAAAAACGGTGCGGTAAACGTCCTGACAAAAGATCTTCCCAGTTCCCGGCTGGGGAACGGTTGTGCGGGCAACACCGCGCTGGTCTGGTTTGAGAAATATACCGGCCCGGCGCTACCGCTTACGGCGTTTGATCCGCCTGCCAACTCATAATCCAGGTGGGGTGGGCGGTATCCTCCTGCCAGGCGCTATCTTCAATACGAAAACCAAGCGCATGGTAGAAGTTTACGGCGGATTGATTTTTCTGGTAAACCTCAAGGCTCAGCAGAGGAAAACGTTGCTGGACATATTCCAGAAGCGCTTTGCCAATGCCGTGTCTTAACGCGTCGGGGGCGACAAACAGCGCCCCGACAAAACGGGCTTCCAGTACGCTGACGAAGCCTTTCAGTTGTCCATTTTCCTCCCATACCCAGGTTTGCGCGGCGGGTAAATAGACGTCGCGTACAATTGCTTCGCTCTCGTGCCAGTAACGTTCTTCGATAAAGGGATGGGCATAAATGGTACTTTTCATCCACAGCGCCAGAATAGACGCCATGTCTTCACTCTGGGATTTGCGAATCATGTTTTTCTCCCGGATGGCAAAAACAGCCGGTAATATGGTCATTGACCAGTCCGCACGCCTGCATAAAGGAGTAACAGATAGTCGTACCGACAAACTTGAAACCGCGTTTTTTCAATGCCTTAGCAAGCGCATCGGACGCAGGTGTTGAGGTAGGGATCTCATCCAGGCTGGCCGCCTGGGTGATCTGCGGCTGGCCATCAACGAATGACCAGACAAAATCGGCGAAAGACTCGCCGTTTTGCTCCATCGCAAGCCAGGCGCGGGCGTTACTGATAATGGCCTGAATTTTACCGCGATGTCGTATGATGCCTGTGTTCTGCAGCAGGCGTTCAACATCCTCCTCCTGCATAGCTGCGATGCGTACCGGGTCAAACTGATGAAAACAGGCGCGGTAGTTCTCCCTCTTTTTAAGCACGGTGATCCAGTATAAACCGGCCTGTTGACCTTCAAGACAGATCATTTCAAACAGCTTTCTGCTATCGGTTTCCGGTACGCCCCACTCGTTATCATGATAGGCAATGTAAAGGGGGGCCTGGCTGACCCAGTCGCAACGCTGCATAGACTTCCTCGTTATTGTGGTTACCGCGAAAATTTCCTTCAACCCGCCTTGACGGGCCCGCTAAAAGGACAATAGTTAATACAGGGCTGATGCCCGACATCCTTCATTCAATGACAATAATATCGCCGAATTCGGCTCTACTCTGGAGTCGCGTTGATGATTGTAAGAAAACGCCGTGGTCGCCGGACATTGCGTTGTCTGGCGGGCCTTATGGCCTGCTCGTTTTTTATCAATACCACATATGCCTGGCAACAAGAATATATCGCTGAAGCGGCTCCGGGGCATACGACGGAACGCTATACCTGGGACAGCGATCACCAACCGAATTACAACGACATACTGGCCGAACGTATTCAGTCTACGCAAAATACGGTGGGGCCGGTGCTTAGCCTGGCGGATGAAACCCCGCTTGATGCGACCAGCGGTATCAGTATGGGCTGGAATTTTCCTCTTTCCCGACGCGTAACCACTGGGCCGGTCGCGGCGCTGCATTACGACGGTTCGACGTCATCAATGTATAACGAATATGGCGATAGCGCGACGACATTAGCGTTTACCGATCCGTTATGGCACGCCAGCGTCAGTACGTTAGGCTGGCGGGTAAACTCGCAGTTCGGCGATGTCCGTCCCTGGGCGCAAATCAGCTATAACCAACAGTTTGGGGAGAATATCTGGAAAGCGCAGTCCGGGTTGAGTCGTATGACCGCAGGAAATCAGGCGGGAAACTGGCTGGATGTCACCGTAGGCGCGGACGTGTTACTTAACCCGCACCTGGCGGCGTATGCGGCGTTTTCCCAGGCGGAAAATAGCGCTACGGATAGCGATTATTTGTATACCCTGGGGGTGAGCGCTAGGTTTTAACTTAAAAATTATAATCGAAACGCAGTGATAACAGCTCTTGTGGCGGAAGTAGGGTGCTAACCTTCTGCGTTATCTTTGCGCTGTTAATCATCTCGCTGGCACTTTCCACCACTATTCGCCAGCCGCAGCGGGAGGGGGTTAGCGAAGCGTCTGCGTAACACATGCAACACCAGGCGTACAGCGCACCCATTTGGTGCCCTTTTTTTTATTTAGCACAAATACCTAATCAATTGTAGTTAAAAAAACGTCTAATAAATAAGGAAGACATTTAACTTATTTATGAATAGGAAGAAATAATATATTAATTATATTAATTTATTCTTAATAAAAAATTACATTTATGTACGTTGCATTTGTAACATATTGATTTCTATTCTTTTTAAGATTAACTAACAATTATTTTTATATATACTAATTATAGTATCCAATACCCACCTCTATACACTCCATTTCCTCACAGAATGCAGATAATCCTAAGGATGCGTTCTGTTATCTACCGTCATAAATGGAGTTTTTAATGAAAAAGGTTGTTTTTGCTCTGTCTGCTCTCGCTGTAGTTTCCACTTCTGCTTTCGCTGCTGAATCTGGTGACGGCACCATTAAATTCACCGGTGAAATCGTTGACGCGCCATGCGTCGTTTCTACTGACTCCCAGAACCAGGAAGTTGTGCTGGGTCAGGTTAAGAAAAATATCTTCAAAGCCATTGGCGACAAGTCTTCTTCTAAGCCTTTCCAGATCAAACTGGAAGACTGTGACATCACCTCTAATACCAAAGTTAACGTAAGCTTCAATGGCGTTGGTGATACAGACGATGCGACACTGGTTTCTGTTAACACTGAAGCAGGTGCGGCAACTGGCGTGGGCATCGGTATCTACGACAACGCTAACAAGCTTGTTGAAATGAACACCGGTAAATCCACCACTACGTTGGCTGCTGGTCAGACCGTGCTGTACTACACCGCTAACTACGTTGCAACAAAAGATACTGTAACCACTGGTTACGGTAACGCAGAAGTGGACTTCAACCTGTCCTACGAATAATCGAATTTTCGTTAATACAGACAATCATAATGGCAACGGAAATCCCGTTGCCATTTTTTCCAGCGGAGGCTCAGGAAGAGAATCATGAACCGCTCACGTTTGATATCTTGCACAGCACTGGTGCTGGCGTTGATTGCTCAAAACAGTTTTGCCGGAGGCGTGGCATTAAGCAGCACGCGTGTTATTTATGACGGTAGTAGAAAGGAAGCTTCTCTTACGGTAAATAATAAAAGCACCACGGATGAATTTCTCATTCAGTCATGGATTGATGATGCTAACGGTAATAAAAAGACGCCCTTTATCATCACTCCACCGTTATTTAAATTAAGCCCGACTAAAAATAACGTTTTACGTATTGTTAATACGACGAACACGTTACCGCAGGATCGCGAGTCCGTTTATTGGATTAACGTAAAAGCTATTCCTGCCAAAAGTGAAGACGCGGAAGCTAAAAACGTACTGCAGATCGCCGTACGTACCCGCTTAAAACTGTTCTATCGCCCGGCGGGCCTGAAAGGCAATAGCATGGACGGCTGGAACAAACTGCAGTTCACCAGCGCAGGGGCTAACCAGATCAAAGTGGAAAACCCATCTGCCTTTAACCTGACGTTTAATAAATTTTATGCCAACGGCCGTGATATTGAAAAAACGGGAATGGTTCCGGCAAAAGGCTCATTGAATATTGAACTGCCAGCCGGCACCGGCAAGGTAAGCGAAGTTAAATACAACATTATTAATGACTTTGGCACGGCTGGCGACATGTTGACACAGCGCGTTAACTAACACGTTTTAAAGGATTATTACTATGACATGGACGCATCTTCCTCTGGGCAATAAGACCTCGCGTTTCACGCAGTCTGCGCTTGCGCTGATGATAGCGGGTACGCTCCCCGCGTATGCGGGAACATTTAACCCGCGCTTTCTGGAGGATGTGCCGGGTATTGATCAGCACGTTGACCTTTCAATGTATGAATCCAATAAAGCTGAACACCTGCCAGGTAAATACCGCGTCTCGGTGGTGGTCAACGAAAAAAAAATGGAGTCTCGCACCCTGGAGTTTAAGGCAGCGACAGAGGCGCAGCGCGCAAAAATGGGTGAATCCCTAGTGCCGTGCTTAAGCCGCGTGCAGCTTGAAGATATGGGCGTGCGTATTGATAGCTTCCCGGCGCTGAAAATGGCCCCGCCTGAAGCCTGTGTTGCTTTTGACGACATTATTCCCCAGGCCGCCAGCCATTTCGACTTTGCAGACCAGACCCTGATCATGAGCTTCCCGCAGGCTGCGATGAAGCAGACAGCGCGCGGTACGGTGCCAGAATCGCAGTGGGACGAAGGGGTGAATGCCCTGCTGGTGGATTATAACTTTTCCGGCAGCAACGCCAGCTATGACGCACACGACAGTGAAACCAGCTACAACAGCGACAGCTACTATCTGAATCTGCGCAGCGGTATGAACCTGGGGGCATGGCGGTTACGTAACTATAGCACCTGGACGCGAAACGACGGTAACAACACATGGGATAACATTGGCACATCCTTAAGCCGTGCCATTGTACCGTTGAAATCACGGCTGACGTTGGGGGATACCTCCACTGCCGGTGATATTTTTGACAGCGTTCAGATGCGCGGTGTGCAGTTAACCTCCGACGAAGAGATGCTGCCTGACAGCCAGCGCGGGTTTGCGCCCGTCATCCGGGGTATTGCC
NZ_CP110931.1_gap7	207597	210898	3301	GGGGCAGGCGCTGGCAGCGGCAGATTTTGGACCATGTACTCCTGAAGGTGGAACACATATCTTCAGTGCCACCATAAATAAAACAGTTTCAGATACGTCAAAGAACACAACGGGTGCGACCTTCGTAGATTTCGATAGCTGGAATTTAGGTGGAACCTATGCGATGTCCTGTGAATGCCCTGATGATACCTCTCTTATAAATGACACCTTATTTAAGGCTGTGGTTCCTCTGGCCTTTGTTACGAATATAGAGAGTCGCTCCTATTACCAGATCAATAATAATATTGCCATTGCGAGCGATGTACTGATTTCGGGGGGACGAGGAGAATACGTTAACACACTGTTTGAGAATGTAGGTAACCTGACAAACAACCGCTCTCAGTGTTCGCAAAATGCAAGTAGTAAAGATGCAATATGGACATCCGGTGGCAAAGGTCACTTATCGCTCTATATTCTCCATCCGTTTGTGGGTGAAAGTATTATACCTAGCACCAAAATAATGGACCTTTTTGTGACAAAGAAACCCAGTGTATATGGCAGTATACCTGCGTCGTCTGTATATATCAGTGGTTCAATTACGGTACCTCAGGGCTGTGAACTCTCCAGCGGCAGCACGCTGGAAATTCCGTTTGGGGAATTTAAGGCCACTGATTTTAAAGATCGCAAAGGACAAGTTGCAAAGAACGCCACGAAATTCACCAAAGAGCTGCAGTTTAAATGCACCAATATTTCCGATGGCGTAAAGATCTTCCTGCGTATTGAGGGAATGCCAAACGCTAATGATTCGAATGCCATCGACATGGGCAACCCGGATATCGGTGCCGTCATTGAGGGCGCTAACGGTAAAATTTTGGTGCCAAATGACGCCAGTGTTAATCAGGAGCTGAGCGTATCGGGTCTTGTTGACGACACGCACCGTACCGCCTCAACGACCATTTCGGCTTACCCCATCAGCACCACTGGCAAATTGCCGGCCGCCGGGGATTTCGAGGGAATTGCCACCATGCGTATTGATGTGGAGTAAGCAGGATGAAAAACCTTCATGCTTTGATGCCAGCGTGTTTACTGCTTACCGCTTCCGCGATGGCGGCACCGTCGAATATCGGTTCTGCTGGTGATATCCACTTTACCATTACTATTAAGGCGGCTACCTGTGAACTGGAAAACGACAGTATCGACGTCAATATGGAGACCGTGGTGCTTCAGCGCCCGGTAAAAGTGGGTAAAGAGCTGAACCAGAAAAACTTTAGCATCGGCTTAAAAGATTGCGCGTATGCCACAAAGGCCAGCGTTACGATGGACGGTTCTCCAGACCCGACTGACCCCTCGCTTTTTGCCCTGGATAGCGGCGGCGCGACGGGCGTGGCGTTAAAAATTAAAACGTCTGGTGGGGAGCAACAATACCCCTCCAGTACCGACTCTACACCCGTAGAACACACCGTCTGGTTTGATGGTACTAACAAGCTGAACTATATCGCCAGCTATGTGCCTGTTAAGCCGGATGCCACCGTTGGCCCAGCGAATGCGACGGTGAATTTTAGCGTCACATACGAATAATCACTGAGGGCCAGTTCGCTGGCCCTTTTCCATTTTTAGTGATTTTTTGTAAAAATCTTCTCCGATCACACTCTCCGTTGCCACTTTCCCCTCTGCTTGTGGTCTACTTAACCGTGCTTGTAGACTTTCTTACATCTGCGTTAGCCGCATATTTACCTGTTTGATTACAGAATCGTTGTACAGGTCGTTTTTATCCCGATTCCCAGGGTTTGTTTGCATGAGATACATTAAATCGATGACGCAACAGAAACTTAGTTTCTTGCTTGCGCTCTATATCGGTCTGTTTATGAATTGCGCCGTGTTTTACCGCCGTTTCGGCAGTTATGCACAAGAATTTACCATTTGGAAAGGCCTCTCCGCAGTTGTCGAACTGGGCGCCACGGTGCTGGTCACTTTCTTCTTACTTCGTCTTCTTTCACTGTTTGGCCGACGCGTCTGGCGTGTGCTGGCCACGCTGGTGGTGCTGTTTTCCGCTGGCGCCAGTTATTACATGACCTTCCTGAACGTGGTGATTGGCTACGGCATTATTGCGTCTGTTATGACCACCGATATCGATCTCTCGAAAGAGGTGGTGGGGCTGCACTTTGTATTGTGGCTGATTGCCGTGAGCGTGCTTCCGCTCATCTTTATCTGGAGTAACCACTGTCGCTACACGTTGTTGCGCCAGCTACGTACGCCGGGGCAGCGTTTTCGCAGCGCCGCTGTAGTGGTACTCGCAGGCGTAATGGTGTGGGCGCCTATCCGCCTGCTGGATATACAGCAAAAAAAGGTTGAACGGGCGACAGGCATCGACTTACCCAGCTATGGCGGCGTGGTGGCGAACTCCTATCTGCCTTCAAACTGGTTATCTGCGTTAGGGCTGTATGCCTGGGCGCAGGTAGATGAATCGTCGGACAATAATTCGTTAATAAACCCGGCCAGGAAATTTACCTATGTTGCGCCGAAAGATGGGGATGACACCTACGTCGTTTTCATTATCGGTGAGACGACCCGTTGGGATCACATGGGGATTTTCGGCTACGAGCGTAATACCACGCCGAAGCTGGCGCAGGAAAAAAATCTGGCGGCATTCCGCGGCTATTCCTGCGATACCGCGACGAAGCTTTCTTTACGCTGTATGTTTGTACGGGAAGGTGGGGCGGATAATAACCCGCAGCGTACCTTAAAAGAGCAGAATGTTTTTGCCGTACTCAAACAGCTCGGATTCAGTTCCGATCTGTACGCCATGCAGAGCGAGATGTGGTTCTATAGCAATACCATGGCGGATAATATCTCCTACCGCGAGCAGATCGGCGCCGAGCCGCGTAACCGTGGTAAAACGGTTGATGACATGCTGTTAATTGATGAGATGCAGAACTCGCTTGCCCAGAACCCGGAGGGTAAGCATCTGATTATCCTGCATACTAAGGGGTCGCATTTTAACTATACGCAACGTTATCCGCGCAGCTACGCTCAGTGGAAGCCCGAATGTATTGGGGTCGATAGCGGCTGCACGAAAGCGCAGATGATCAACTCTTACGATAACTCCGTGACCTATGTTGATCACTTTATTACCAGTGTGTTCGATCAGCTACGTGATAAAAAAGCGATTGTGTTCTACGCCGCTGACCACGGCGAGTCGATTAACGAACGTGAACATTTGCACGGTACGCCGCGCAATATGGCGCCGCCGGAACAATTCCGTGTTCCGATGCTGGTATGGATGTCGGATAAATATCTTGCCAGTCCGCAACATGCGCAGATG
NZ_CP110931.1_gap8	388099	390269	2170	GACCTCTTCCACATTGGTGTTTTCCAGCACGTCGGATTTCTGCGTATTGCCGTAAATGACCGGGATATCGCACTCCGGGCAGGCGATTTTCGGTTTCGCTTCGAAGATCACGCCGCCCTGATCGTTCTCAATCTTGCTGATGAAATACGGGTCGATCAGGAAACCGCCGTTCGCCATCACCGCATAACCGCGCGCAACCTGCATCGGCGTGAAGGAGGCGGAGCCCAGCGCCAGCGATTCGGTATGCACGATATTCTGCGCCGGGAAGCCGAAGCGTTGCAGATACTCCGCCGCATAGTCGACGCCCATGGCGCGCATGGCGCGTACCATCACCACGTTTTTCGACTGCCCCAGCCCCTGGCGTAAACGAATCGGTCCGGCGTACTGCGGCGGAGAGTTTTTCGGACGCCAGTCTGAACCTGCCCCGGCGTCCCAGCGGGAAATCGGCACATCGTTGAGCATACTGGCGAGCGTCAGGCCTTTATCCATTGCGGCGGTGTAGAGGAACGGTTTGATGTTCGACCCCACCTGACGCAAAGCTTGCGTCGCGCGGTTAAATTTACTCTGATTAAAATCGAAACCGCCGACCAGCGCCAGTACCGCGCCAGTTTGCGGGTTAAGCGAAACCAGCGCGGAGTTCACTTCCGGTACCTGCGCCAGCCACCAGTCGTTATCCACCTGACGAACCCAGATTTGCTGACCTGTCTGGACGACATCGGTAACTTTACGCGGCGTCGGCCCCTGCTGTGTATCCGAGCGGTAAGGTCGCGCCCAACGCATTCCTTCCATATGTAGCGAAACGGACGTACCGTCGGCAAGCGCAGCGGTCGCCTCTTGCGGATTAGCGCTGGTGACCACGGCGGGAAGCAGCGGTCCGTAGGTCGGCAACGCTTTCAACGTATCGGTAATTTTTTTACTGTCCCACGCTGTTTCGCCCACTTTCCATAGCACATTCGCCGGGCCGCGATAACCGTGGCGCATGTCATAGTCCAGCACGTTATTACGCACCGCCTGTTGCGCGGCCTGCTGCACTTTGCGGGTGATGGTCGTGTAAATACGATAACCATCTTCGTAAGCGCTTTCGCCATAACGGTTATACATTTCCTGGCGCACCATTTCCGACAGATAAGGTGCGGAGAAGGCGATTTCCGGCGCGTGATAATTTGCGTCGATAGGTTCGCTACGGGCCTGATCGTACTGCGCCTGAGTGATATATCCCTCGCTTAACATTCGCGAGAGCACTACGTTACGGCGCGCTATCGCCCGATCCATCGAGTAGAGCGGGTTAAAGGTAGAAGGCGCTTTAGGTAGCCCGGCGATAACCGCCATTTCGCTTAAACTAAGCTGGTCGACCGTCTTACCAAAGTAGACCTGTGCCGCCGCGCCAACGCCATAGGCGCGGTAGCCGAGATAGATCTTGTTCAGATAGAGTTCGAGGATCTCATTTTTATTCAGCAACTGCTCAATACGAATCGCCAGAAACGCTTCCTTGATCTTGCGCATTAGCGTGCGTTCGGGGCTAAGGAAGAAGTTTCGCGCCAGTTGCTGGGTAATGGTACTTGCTCCCTGCGATGCGTGACCGGAGAAGAGCGCGACGCTGGCCGCACGGAAAATACCTACCGGGTCAATGCCGTGATGCTCATAAAAGCGGCTATCTTCGGTGGCGATAAAGGCGTTGATCATTTCCGGCGGAATTTGATCGAGCGTAACGGGAATACGGCGTTTTTCGCCATATTGCGCGATAAGTTCGCCATCCGCGCTGTAAACCTGCATCGGAATTTGCAAACGCACATCTTTCAATGTCGCGACGTCAGGTAGCTGCGGCTCAATATAGCGATAAAGGCCATAAATCGAGCCTGCTCCCAGCAGGATGCAACATACTGCAAGGATCAATAAATACTTTACGAACTTCACTGGAGATTTCCCATTTAGTGTCATTTGGGCAGTTTATAAACAAACGCGCGGTAGTATAAAGGCAAGCCAGACGCATTGATATACCCGTTAACGCGACGGGTGATAAGGAGATCGACCGTTATGGCTTTTAAAACCTGGCAAATAGGATTGCATATTCAGCAGCATGAAGCGCTGGCCATCGCCGTTATTCGCGGCGCATCGGGCTGGTCCCTGCAACGTTGGTGGCGACTGCCGCTAATGAACGCCTCCACGGCAG
NZ_CP110931.1_gap9	443459	445588	2129	CAAGGTAAGATCTGGATCCGTGTATTCCCGGACAAACCGATCACTGAAAAGCCGCTGGCAGTGCGTATGGGTAAAGGTAAAGGTAACGTGGAGTATTGGGTTGCCTTGATTCAGCCGGGTAAAGTCCTGTATGAAATGGACGGCGTACCGGAAGAGCTGGCCCGTGAAGCATTCAAGCTGGCAGCAGCGAAACTGCCGATTAAAACCACCTTTGTAACTAAGACGGTGATGTAATGAAAGCAAAAGAGCTGCGTGAGAAGAGCGTTGAAGAGCTGAACACCGAGCTACTGAACCTGCTGCGTGAGCAGTTCAACCTGCGTATGCAGGCTGCAAGTGGCCAGCTGCAACAGTCTCACCTGTTGAAGCAAGTGCGTCGTGATGTCGCACGCGTTAAGACTTTACTGACTGAGAAGGCGGGTGCGTAATGACCGATAAAATCCGTACTCTGCAAGGTCGCGTGGTTAGCGACAAAATGGAGAAATCCATTGTTGTTGCTATCGAACGTTTTGTGAAACACCCGATCTACGGTAAATTCATCAAGCGTACGACCAAAATGCACGTACATGACGAGAACAACGAATGCGGTATCGGCGACGTGGTTGAAATCCGCGAATGCCGTCCGCTGTCCAAGACTAAATCCTGGACTCTGGTTCGCGTTGTAGAGAAAGCGGTTCTGTAATACAGTACGCATTCTCAACGAATAAACGGCTCAGCGATGGGCCGTTTATTTTTTCTACCCATATCTGATTTGCGGTGTTATAATGCCGCGCCCTCGATATGGGGTTTTTTTAACGACCTGATTTTCGGGTCTCAGTAGTAGTTGACATTAGCGGAGCACTAAAATGATCCAAGAACAGACTATGCTGAACGTCGCCGACAACTCCGGTGCACGTCGCGTAATGTGTATCAAGGTTCTGGGTGGCTCGCACCGTCGCTACGCAGGCGTAGGCGACATCATTAAGATCACCATCAAAGAAGCGATTCCGCGTGGTAAGGTCAAAAAAGGTGATGTGCTGAAGGCGGTAGTGGTGCGCACCAAGAAGGGTGTTCGTCGCCCGGACGGTTCTGTCATTCGCTTCGATGGTAATGCATGCGTTATTTTAAACAATAACAGCGAGCAGCCTATCGGTACGCGTATTTTTGGGCCGGTAACTCGTGAACTTCGTAACGAGAAGTTCATGAAAATTATCTCTCTGGCACCAGAAGTACTCTAAGGAGCGAATCATGGCAGCGAAAATCCGTCGTGATGACGAAGTTATCGTGTTAACCGGTAAAGATAAAGGTAAACGCGGTAAAGTTAAGAATGTCCTGTCTTCCAGCAAGGTCATTGTTGAAGGTATCAACCTGGTTAAGAAACACCAGAAGCCGGTTCCGGCTCTGAACCAACCGGGCGGCATCGTTGAAAAAGAAGCTGCAATTCAGGTTTCTAACGTTGCAATCTTCAATGCGGCAACCGGCAAGGCTGACCGTGTAGGCTTTAGATTCGAAGACGGCAAAAAAGTCCGTTTCTTCAAGTCTAACAGCGAAACTATCAAGTAATTTGGAGTAGTACGATGGCGAAACTGCATGATTACTACAAAGACGAAGTAGTTAACAAACTCATGACTGAGTTTAACTACAATTCTGTCATGCAAGTCCCTCGGGTCGAGAAGATCACCCTGAACATGGGTGTTGGTGAAGCGATCGCTGACAAGAAACTGCTGGATAACGCAGCAGCAGACCTGACAGCAATCTCCGGTCAAAAACCGTTGATCACCAAAGCACGCAAATCTGTTGCAGGCTTCAAAATCCGTCAGGGCTATCCGATCGGCTGTAAAGTAACTCTGCGTGGCGAACGCATGTGGGAGTTCTTTGAGCGCCTGATCACTATTGCTGTTCCCCGTATCCGTGACTTCCGTGGCTTGTCCGCTAAGTCATTCGACGGTCGTGGTAACTACAGCATGGGTGTCCGTGAGCAGATCATCTTCCCAGAAATCGACTACGATAAAGTCGACCGCGTTCGTGGTTTGGATATTACCATTACCACTACTGCGAAATCTGACGAAGAAGGCCGTGCTCTGCTGGCTGCCTTTGACTTCCCGTTCCGCAAGTAAGGTAGGGTTACTAAATGGCTAAGCAATCAATGAAAG
NZ_CP110931.1_gap10	590070	590918	848	TGGGGCGTAAAGGACTACTCGCTATTGTATTATTGAGCCTGTTTATCGCTTTTATTTTAAAATTTTTCTGGCTCACTCCGTACGATGAAGACGTTTACCTGCCAGTGGAAAAACCTGTCGCATCGTCTTTAAAAATCATTCACCCCGGCGACCAGTTATTTATCCGCATTCTGAAAGCGGAAGATAAGCTGGAACTGTGGGCAAGCGCCAATAACAAGCCTTACAAACTCTACAAAACCTGGACTATATGCGCATGGTCTGGTGGCTTAGGGCCAAAACATAAACAGGGAGACGGTAAAAGCCCGGAAGGCTTTTATGCCACCAACAAAGGGTTGCTTAACCCAAACAGCCGCTATCATCTGGCATTTAATATTGGCTACCCGAATGCTTACGATCGGGCAAATGGCTACACCGGTGATTTCATTATGGTTCACGGGAACTGCGTTTCGGCCGGTTGCTATGCCATGACCGATGCCGGTATTGAAGAGATTTATCAACTGGTGGCGCAGGCGCTAAACAGCGGGCAGAAGAGCGTGCCTGTCCATATCTTCCCATTTACGATGAATGACGAAAATATGCGCCAGGCGCAAGCATGGCCGGAATATAATTTCTGGCGTATGTTGAAGCCCGGCTATGATTACTTCGAAAAAAATCGCCGATTGCCAACCATCACCGTTGAAAATCGGCGTTATAAAATCAGCCCAACAACTCTTCCTTAACATCCATCGCTAAATCAAACGAATGCAGGCGTGCCTGGTGGTCGAAAATCTGCCCGTTTACCATAATTTCATCCGCCTGGGTCTCCCGCAGGATGGATTCCAGCCCGTGGCGGACTTTCGCTTTATCAC
NZ_CP110931.1_gap11	600523	602067	1544	AACAACTCGACGGCCTGCTGGCTTTTTCCTTCTTTCAGCAGTGCATGAATGGCGAGTAATTGCCAGTTGGTCTTGCTATCATCTGCGCTTTGCTGCATCTGATGCAGGTAAAAGGCGGAGTCAGCTTGCGCTGAACCCTGCATATAGGCTGCGCTTTGATCTGGCGCCTGGGTGCCGCACCCGGCGAAAAGTAGCGCAGCCAGGACGACAGGCAGCGCGCGTGCGGCGTTCAAACGAGAAAATGTTGAGGGTACCATACTGTATCCAGTGATATTTTTTTACGCAATGCTCAATATTAAATCGGCAATACGGACGACACAATGAAACAAAACGAATCGGCGGATAATTCTCAGGGCCAACTCTTTATTGTACCTACTCCTATCGGTAATCTGGCGGATATTACCCAGCGTGCGTTGGAGGTGTTACAGGCTGTAGATCTGATTGCCGCCGAGGATACTCGTCACACCGGTTTATTGCTGCAACATTTTGGGATTAATGCCCGGTTGTTCGCGCTGCACGACCATAACGAACAACAAAAAGCGGAAACGCTGGTCGCGAAGCTAAAAGAAGGGCAGAACATTGCGCTGGTTTCCGACGCCGGTACGCCGCTGATTAACGATCCGGGCTACCACCTGGTGCGTACCTGCCGTGAAGCGGGGATTCGCGTGGTGCCGCTACCGGGGCCATGTGCGGCGATTACCGCCCTGAGCGCCGCTGGCCTGCCATCTGACCGTTTCTGCTATGAAGGCTTTTTACCGGCGAAATCCAAAGGCCGCCGTGATGCGCTAAAAGCCATTGAAACGGAACCGCGAACGCTGATTTTTTATGAGTCAACCCACCGCCTGTTAGATAGCCTGGAAGATATCGTCGCGGTATTGGGAGAATCCCGTTATGTGGTGCTGGCGCGTGAGCTGACCAAAACCTGGGAAACCATTCACGGCGCGCCGGTCGGCGAGCTGCTGGCGTGGGTGAAAGAGGATGAAAACCGTCGCAAAGGCGAAATGGTGCTGATTGTCGAAGGCCATAAAGCGCAAGAAGACGACCTGCCCGCCGACGCGCTGCGCACGCTGGCGCTGCTACAGGCAGAACTGCCGCTGAAAAAAGCGGCGGCGCTGGCAGCAGAAATTCACGGCGTGAAGAAAAATGCGCTGTATAAGTATGCGCTGGAGCAGCAGGAAGAATAAAAGCGAGCGCCCGGGAACCGCCTTTTATCGCCATCGCGTTAATACTCAATCAGGTGATTGATGTGGGTAAAGTGATGGGGGCATTGGGCGGTGATAGCGGGCCGGACCTTTCCTTCGGGCTTACTCTCGCGATCAGCAACGCATAACCGACTCCTTTTTAGACGATCATTAATTCCACGCCTGTTTTCGCTAATGCCGCTTTATCCTGTTTGCTGATGGTGTCATCGGTTATCACACAGTCGATCTTGTCCATCGGCAATACCTGGTTAAAGCCGCGACGGTTAAATTTGGTCGCGTCCAGTACCGCGATAACTTTGTGTGCCGCCGCCGCCATGACGCCGCTAATGGAATAACCTTCGT
NZ_CP110931.1_gap12	637110	641811	4701	TCCGCCCTTGCCAGTGCGCTGCGACGCACTCTGGCATTTTACTGGCGAGAAGGGCACCCGTGTGCGCTATCAGCCCCAATAGTGACGCCAGCGCCCAGATATTTAGGCTGACGGTGCAAAATTTTGGCATCCAGCACCGCGCTAACCCGCGCCAGCTTTTCCCGAAGTCGTGTGTAGGTTCCGTGTCTTTTATTCAGATCCGGCGCGTTAACGCCGATAGCGTCTATGCCATATTGTTGCGCCAGCCAGATCGCCCGTTGATTATGGAATGCTTGCGAGATAATCGTAATGCGGTTTTCGCCAAACACTTTCCTGGCGCGAACCACAGAGTCCAGCGTGGAGAATCCGGCATAATCACAAAAAATGGCCGCTTCCGGCACACCTTTCGCTATCAGCGCCTGCTGTATCGCCGAAGGTTCATCGTACTCTTTTTTGCCGTTATCGCCGCTGACTAACAGCCACTTCACTTTACCGGCGTGATACAACGCGGCGGCAGTATTAATCCGCCGGGTAAAATACCGATTGCCGGGTTTAGCGCCTAATACCAGCCCGACGTTGCGGGCGGGAACGGTCTGAATGTCATTCCATGTCAGATGCTGTGAGGCGTTGACGATAAGCCAGTTGGAATAGAAAAGCGCGACGGCTGCTGCGACAAGCAGAAAGCACGCCACTGTTAACGCCCGACGTGTAAAACAGAGGCGGCGGATAAAACGGGCACATTGTGGGAGCATGATCGTTGCGCGGTTCCGTTGGCGGTGGATAAAAAATACCCTCTACAGATCGTCATCCTTGACGTGGCGGCAGGCAATGAGCGAAATGTGAACGCGTCGATTTTATGCCCACGCCGTTAAAAAGATACGGGGGAAGGGGCATTTTCAGAATTTATTGTGCCGACAGCGCCTGATGCGTCAGCCACAGGCGCGTATCAAACTCCAGTTGATGGTACTGCGGCTCCATATGGCAGCAGAGCTGATAAAACGCTTTGTTATGATCTTTCTCTTTCAGGTGCGCCAGTTCGTGAACCACAATCATTCGTAAGAATGGCTCCGGGGCGTTGCGAAACACGGTGGCGACGCGGATCTCCGCCTTTGCCTTGAGCTTGCCGCCCTGAACGCGCGAGACAGCGGTATGCAGTCCCAGCGCATTTTTCAGCACATGGATCTTGCTGTCATACATCACTTTATTGATGGGCGGCGCATTGCGCAGAAACTGACTTTTCAGTTCCTGAGTATAGTGATATAGCGCTTTGTCAGTAGCGTAATCATGCGCGCGGGGATAACGTTTTTCCAGCACCGCCCCCAGGCGCTGCTCGGCGATTAAGGCACGCACCTGGGCAAGGAGATGTTCCGGATACCCCTGAAGGTAAGTTAGTGAGGTCATCAAAGCTCCATGTTGCCGATAAAAAGTGTATACTCACGCACCCTTTTCAGGGATAACGCCGCAATTTTACCATTCAGGAGGCCTAATGAGCCACGTAGACGACGGTTTCCGTTCACTGACGCTGAAACGTTTTCCGCAAACGGATGATGTTAACCCGCTTCTGGCGTGGGAGGCGGCCGATGAGTATCTGCTGCAACAGTTGGATGAGACGGAAATTCGCGGCCCGGTGCTGATCCTGAATGATACGTTTGGCGCGCTAAGCTGTGCGCTGGCGGAGCATTCGCCATACAGTATTGGCGATTCATATTTAAGCGAACTGGGTACGCGAGAGAATTTACGCCATAACGGCATCGCGGAGTCCAGCGTAACGTTTCTCGACAGTACCGCTGACTACCCGCAGGCGCCGGGCGTGGTATTGATTAAGGTACCGAAAACACTGGCGTTGCTGGAACAGCAGTTACGCGCTTTGCGTAAGGTCGTTACGGCGCAAACGCGTATTATCGCCGGCGCGAAAGCGCGTGATATTCATACCTCTACGCTGGAACTGTTTGAAAAAGTGCTGGGCCCAACCACGACGACGCTGGCGTGGAAGAAAGCGCGCCTGATTAACTGTACCTTCAGTCATCCGCAACTGGCCGACGCGCCGCAAACGCTAAGCTGGAAACTGGAAGATACAGGCTGGACGATTCACAACCACGCGAATGTGTTTTCTCGTACCGGATTGGATATCGGCGCGCGCTTCTTTATGCAGCATTTGCCGGAAAACCTCGACGGGGAGATTGTCGATCTCGGCTGCGGCAATGGGGTGATTGGCCTGAGCTTACTGGCGAAAAATCCGCAGGCGAAAGTGGTATTTGTCGATGAGTCGCCGATGGCGGTAGATTCCAGCCGTTTGAATGTAGAAACGAACCTGCCGGAAGCGTTCGAACGCTGCGAATTTATGATCAACAACGCGCTCTCCGGCGTGGAGCCGTTCCGTTTTAACGCTGTGTTCTGCAACCCGCCGTTCCACCAGAAACATGCGCTGACGGATAATATCGCCTGGGAGATGTTCCATCATGCCCGCCGCTGCCTGAAAATCAACGGCGAACTGTATATTGTGGCGAACCGCCATCTGGACTATTTCCACAAGCTGAAGAAGATTTTCGGTAATTGCGCGACGATAGCAACCAACAATAAATTTGTTATTTTGAAAGCGGTGAAGCAGGGACGCCGTCGATAAGGCGCTCAAGCGTCATACCGGCCTATAAAACCGGTATGACGACGTAAGCCCGATAAGCGCAGCGCCATCAGGTAAAGTCGTTAAATCTCCAGCGCCAGTCGGGTGCCCTGGGCAATCGCCCGTCGGGCATCCAGCTCCATCGCGACATCGCATCCGCCGATAAGATGTACCGTTTTACCTGCGGCGCGTAACGGGTCCGCCAGCTCGCGGCGAGGTTCCTGTCCGGCGCAGATCACCACATGATCCACTTCCAGCAACTGCGGTTCGCCGCCGATCAAGAGATGTAATCCGTCGTCGTCGATCTTCTGGTAACTGACCGCCGGGATCATCTTCACGCCGCGCGCCAGTAACGTCGCGCGATGGATCCAGCCGGTGGTTTTACCTAACCCTTCGCCCGGCTTGCTGGCTTTGCGTTGCAGCATGACGATTTGCCGTGGACTACGTGCCAGGCGCGGGCCTTCCGGACGCAGACCGCCTGCCTGCTGCAGGCTGGTATCAATTCTCCATTCCGTACAAAACTCAGCAATATTTTGGCTGGTGGATTCGCCGTGCTGGCTCAGATACATGGCCGTGTCAAAACCGATCCCGCCGCAGCCGATGATCGCCACTCGCTTACCAACCGGCGCTTTATCGCGCAATACCTCCAGGTAGGTCAATACTTTTGGATGATCGATACCGTCTATCGGCGGGCGGCGCGGTACTATTCCGCAGGCGAGGATCGCTTCGTCAAACGGCTGAAGATCCTCTGCGTTCACCCGTTGGTTCAGTTTCAGCGTAACGCCAGTAACATCGATCATTCGACGGTAGTAGCGCAGCGTTTCGTAAAACTCCTCTTTACCCGGGATCTGCCTGGCGATAGTAAACTGACCGCCAATTTCACTCTGGGCGTCAAACAGCGTGACATGATGGCCGCGCGACGCGGCGTTAATCGCGAAAGCCAGCCCCGCCGGGCCTGCGCCGACAACGGCCAGATTCTTTTTGCGTATGGCCGGCGTTATCGGCATGTGGGTTTCGTGACAGGCGCGCGGGTTCACCAGACAGGAGGTCACTTTGCCGATGAAGATCCGATCCAGACAGGCCTGATTACAGCCGATACAGGTGTTGATCTCATCTGCGCGTCCGGATTGCGCTTTAGTCAGGAATTCGGCATCGGCAAGGAAGGGACGCGCCATCGACGCCATATCGGCATCGCCGCGCGTCAGGATCGTCTCGGCGACCTGCGGATCGTTAATGCGATTGGTCGCGATCAGCGGAACCGACACATGACCTTTGAGTTTCCGCGTCACCCAGCTAAAGGCGCCACGCGGTACTGGCGTGGCGATGGTCGGGATTCGCGCCTCATGCCAGCCAATGCCGGTATTAATTAGGCTTGCGCCTGCGGCTTCAATGGCTTGCGCCAGTTGTACCGTTTCGTCGAACGTGCCGCCATTTTCCACCAGATCGAGCATCGACAGGCGATAGATAATAATAAAGTCGTTCCCTACCCGCTGGCGTACCGCGCGTACTACCTCAACCGCGAAGCGCATACGGCTGGCATAGTCGCCGCCCCATTCGTCATCGCGATGGTTAGTTCGCCGCGTGAGAAATTCATTAATCAGATAGCCCTCTGATCCCATCACCTCTACGCCGTCGTAGCCTGCTTCCCGTGCCAGTTGCGCGCAATGCGCGAAGTCGTCGATTAACTGCAAGATTTCATCATGCGTCAGTTCATGCGGCATAAAGCGGTTGATTGGCGCCTGAATTGCCGACGGCGCGACCAGGTGCGGCTGATAGCTGTAACGTCCGGTGTGCAGAATTTGCAGCGCGATTTTACCGCCTTCCGCATGTACGGCATCGGTCACCACGCGGTGAGGCGTTAACTGGCTGGCATCGTTCAGCATCGCGCCGCCGGTCATCACGGCCCCGGAGGGAACGGGCGCAATACCGCCGGTGACGATTAACGCTACGCCGTGTCGCGCGCGCTCGGCATAAAATGCCGCCAGGCGCTCGGCGCCATCAGGATGTTCTTCCAGACCCGTGTGCATCGATCCCATCAGCACGCGGTTTCTGAGAGTAGTAAAGCCCAGATCGAGCGGGGCGAACAGCGACGGGTAGCTCAT
NZ_CP110931.1_gap13	731462	734523	3061	GTTTTTTTAATAGATTAATGGTCCAAATTTATCCATGTAAGAAGCGGATTATTGCATTTGAGATCGGGATCACTGATAGATTCATCACTTAAATGTATCTTTCCGCCCGAAAATTATTACGGCGAAAAATTATATAAAAAGCGTCCCTAAGCAGATTTCATTTTACGATCAGGTCTTTTTTCATTGGATTAGACCAGCAACCTGATTTTTAGCATCCTCCAGGAGAAATAGATGGAAACCACTCAGACCAGCACTATTGCTTCGATTGACTCTCGAAGCGCATGGCGCAAAACGGATACCATGTGGATGCTGGGCCTTTACGGCACGGCTATCGGCGCGGGCGTTCTGTTCCTGCCGATCAACGCAGGCGTCGGCGGCATGATTCCGCTCATCATCATGGCGATTCTCGCTTTCCCGATGACCTTTTTCGCACACCGTGGTTTAACCCGCTTCGTGCTGTCCGGTAAAAACCCGGGTGAAGACATCACTGAAGTCGTTGAGGAACACTTCGGTATCGGCGCAGGTAAACTGATTACCCTGCTTTACTTCTTCGCGATTTACCCCATCCTGCTGGTTTACAGCGTGGCGATTACTAATACCGTGGAAAGCTTCCTGACCCACCAGTTAGCGATTAATCCGCCGCCGCGGGCGATTCTTTCCCTGATCCTGATTGTTGGCATGATGACCATCGTGCGCTTCGGCGAGCAAATGATCGTTAAGGCGATGAGTATCCTGGTATTCCCGTTCGTCGCTGCGCTGATGCTGCTGGCCTTGTACCTGATCCCGCAGTGGAACGGCGCGGCGCTGGAAACTCTGTCCTTTGATTCCGCCACGTCTACCGGTAACGGTCTGTGGATGACGCTGTGGCTGGCGATTCCGGTGATGGTTTTCTCTTTCAACCACTCCCCGATCATCTCCTCCTTCGCGGTTGCGAAGCGTGAAGAGTACGGTGAAGGCGCTGAGAAGAAATGTTCTAAAATTCTGGCCTTCGCCCACATCATGATGGTGCTGACCGTGATGTTCTTCGTCTTCAGCTGCGTGCTGAGCCTGACGCCGGCAGATCTGGCAGCGGCAAAAGAGCAGAACATCTCTATTCTGTCTTACCTGGCGAACCACTTTAACGCGCCGATCATCGCCTGGATGGCGCCGATCATTGCGATGATTGCTATCACCAAATCCTTCCTCGGCCACTACTTGGGCGCGCGTGAAGGCTTTAACGGGATGGTGATTAAATCGCTGCGTGGTAAAGGTAAATCCATCGAAATCAACAAACTGAATAAAATTACCGCGCTGTTCATGCTGGTCACCACCTGGATTGTGGCGACGCTGAACCCCAGCATCCTGGGTATGATTGAAACCCTGGGCGGCCCGATCATCGCGATGATTCTGTTCCTGATGCCGATGTATGCCATCCAGAAAGTACCGGCAATGCGTAAGTACAGCGGTCATATCAGCAACGTATTCGTTGTGATTATGGGCCTGATTGCCATCTCCGCTATTTTCTACTCACTGTTCAGCTAAGTCCTTTAGCGCCGCTTACCGCGGCGCTTCTCTATGATACAACCGCAATGGATGCCCTATGATTAGCGTATTCGATATTTTTAAAATCGGCATTGGCCCTTCCAGTTCTCACACCGTCGGACCAATGAAAGCAGGCAAGCAGTTCACGGACGATCTGATTGCCCGCCATATTCTTACAGATGTCACCCGCGTCGTGGTGGATGTCTACGGCTCTCTGTCATTGACGGGTAAAGGCCACCACACTGATATCGCCATTATTATGGGCCTGGCGGGGAATCTGCCGGACACCGTCGATATCGACGCCATTCCGTCCTTTATCCAGGATGTGAACACCCATGGGCGTTTACTACTGGCCAATGGGCAGCATGAAGTCGAATTTCCGGTCGATAAGTGCATGAATTTCCACGCCGACAACCTGTCTCTGCATGAGAACGGGATGCGTATTACCGCGCTGGCGGGCGATAAAGTGCTCTACAGCCAAACCTACTACTCCATCGGCGGCGGCTTTATCGTCGATGAAGAGCACTTTGGTTTGACGAATAGCGAACCCGTTAACGTACCGTACCCTTACAAAACCGCCGCGGATTTACAGCGCCACTGCCAGGAGACGGGTTTGTCGCTCTCCGGTCTGATGATGCAAAACGAACTGGCTCTGCACAGTAAAGAAGCGCTGGAGCAGCACTTCGCCAGGGTCTGGGAGGTAATGCGCAGCGGTATTGAGCGCGGTATCACCACCGAGGGCGTATTGCCGGGCAAACTGCGCGTTCCGCGTCGCGCGGCGGCGCTGCGTCGGGTGCTGGTCAGTCAGGATAAGACCACCACCGATCCGATGGCGGTCGTCGACTGGATCAATATGTTCGCGCTGGCAGTGAACGAAGAGAATGCCGCAGGCGGACGAGTAGTCACTGCCCCGACTAACGGCGCATGTGGTATTGTGCCGGCGGTGCTGGCGTACTATGACAAGTTTATCCGCGAAGTAAATGCTAACTCACTTGCTCGCTATATGCTGGTCGCCAGCGCGATTGGCTCGCTGTATAAGATGAACGCCTCTATTTCCGGCGCCGAAGTGGGTTGTCAGGGAGAGGTCGGCGTGGCCTGTTCCATGGCGGCAGCGGGTCTGGCCGAGCTGCTGGGCGGTAGTCCGGCGCAGGTGTGTATCGCCGCAGAAATCGCCATGGAGCATAATCTGGGGTTAACTTGCGATCCGGTTGCCGGTCAGGTACAGGTTCCCTGCATTGAGCGTAACGCAATTGCTTCAGTCAAAGCGGTCAACGCCGCGCGTATGGCGCTGCGCCGTACCAGCGAACCGCGCGTATGCCTCGATAAAGTGATTGAGACCATGTACGAAACCGGTAAAGACATGAACGCTAAGTACCGCGAAACTTCGCGCGGCGGCCTGGCGATGAAGATCGTTACCTGCGATTAATTCTCAGCACATTTTAGGATCTGTAAGCCGGATAAGGCGCTCGCCGCCATCCGGCTTTTGTTGCCTGATGGCGCTTCGCTTATCAGGCCTACGGATAGCGCTATTTCGCAATGC
NZ_CP110931.1_gap14	756352	758390	2038	AGCTGACGCAACGCCGCGCCGAGCGACTCCGTCAGGCGTGCGGCCGCTTTCCCGGTCGGCGCTGCCAGCCGGATACGGCAACGTTCGCCATCCGCCATTTGAATTAATGCCGCCAGCAGCTTCGCGACGGTGGTGGTTTTACCGGTACCGGGACCGCCTGAAATCACGGAGATACGGCGAGTTAGCGCTACGGCGGCGGCCACCTTTTGCCAGTTCACCTCCTCTGTCGGAGGGAATAGCGCGTCCAGAATACGGGATAACTGATCTTCATCTACGGCGATGGCCTGGTTAACCTCGTTAAAAAAGCGCGCAACCGTACGCTCGTTGCACCACATGCGATTCAGGTAGAGGCGATCGCCGCACAGAATTAACGGCGCGGGCCTATCGCCGCAGCTAACCGCCGCAGACTCCAGTAACCGCTTTTTCCAGTCGATTGGCGTAGCCGTTTCGCTTATCCAGGCGACCAGTAAGGGATGCGCCTCCTCCGTTAACGTTAAACGCGACAACGGCAGACACACGTGACCTTCACCTGCGTCATGACTAAGCAGCGCTGCCGCCAGCGTCACGGCGGGATCGTCGTTACCGGCGACGGTTAAAGCAAACTGGGCATCAATGGGCCGTAAGAGTTTTTGTTCAACGGCCTCCAGCAACCGCTCCTGGATTGTCATTGCGCCTCCTCACTCATTTCACCTGCAAACATATCATCCAGTTGGTTAATTAACGCCGCCGCAGGACGAGTGGTAAAAATACCCTGCTGCGGACGTTCGCTATCCACCCCGCGTAAAAAGAGATAGATGACGCCGCCGAAATGGCGTTCATAGTCGTAATTCGCCATTCGATGACGAAGGTAACGGTGCAATGCCAGCGTATAAAGCTGGTACTGCAAATCATAGCGATGCGCCTGCATCACCGCAGCCATCGCCGTCTGGGTATAGGCGGCGCTATCCTCGCCCAGCCAGTTAGATTTATAGTCGAGCAGGTAATAGCGCCCCTCATAACGGAACACCAGGTCGATAAAGCCCTTTAACATGCCGCGAACCTGCATGAAATCCAGCGCAGGGCAACCTGCTGAAAGCGGGTCGTATCGACGAATCAACGCATCCAGCTCTCCGGCGGTAAGCGGCTGGGCAATCGGCAGATAAAACTCCATTTCGACCTGTTTTTCACGCTCGGTCAGCACGCTCAGACTAACGCCCGTCTCGTTAAGGGGAACGTGTAACACGGTGTCCAGCCAGCGGGTAAGTACGGGCTCCCATCGCGTTTCAAAACCACTCAGCTCCAGTTTTTCCTGTACCCATTGGGGGTCTATCGGTTGAGTAAAATCAAGCTCTTCAAACAGGCTGTGCAAAAATGTTCCCGGCGATGCCCCGCGAGGAAAGTGATGCGGCGTCATTGCCGGCGCTTCCGCCGCTTCGCCAACGCCTGCGGCGTCAATGTCGAGACGAGGAATAAGATCTTGCGCCACGCTATGTCCCCGCTGCTGCAAACCAGAATAACTGATGACGCGCCAGCTATCATAAAGCAGGCGTTGCAGCGTTCTGGCGCTGAGTTCCGCGTGCGATGCAGCGGCAATTTGCCAGCGGTCGTTATCCGTATTGCCTGGCGTTCGACACACGATATCCTCGTCGCATAGCGCCTCAATACAGGCGCGAAGGCCTGCGGCATCCATCGGCTCGCCTTTTTGCAGGAGCCGCCCAAGCGCGCTTTGGTGCACATCCGTCTCGCCTTTCTTATCGCTGCGACGCCGTACCAGCGGCGCGACGCCGAGGCTGCAATGCCACACTGCACGGGTCAGCGCGACATAAAGTAGGCGCAGGTCTTCCGCCAGGCGTTCGGCTTCCGCCAGTGCTATGCTCTCTTCGGCATGACTAAGGTCCAGAACCGCCTCGTAGGAGTGCCTGTCGTGATAAAAAGCCTGGTCCTGCACGCGGAAATGGGTGATAAAAGGTAACCAGACCAGCGGGTATTCCAGACCTTTCGATTTATGAATGGTGACGATTTGCACCAGATGCTTATCGCTTTCCAGACGTAGTTGCTG
NZ_CP110931.1_gap15	808685	810824	2139	CGGAGACACTTCAGCCGGATATTCGGTGATGAAGGTCGGCTGAATCAGATGCGCTTCAGCGACTTCGTCAAAGATCTCGGTGACGATACGGCCCAGACCCCAGCTTTTCTCGACGTGAATGCCGATGCTTTCAGCAATCGCCTTCGCGGAATCGAAGTTGTCCAGATCAGCCATATCCGTTTCCGGGCGATATTTCTTGATCGCTTCACGCATGGTCAGTTTTTCGAACGGCTTACCGAAGTCAAACACTTCATCACCGTACGGAACCTGGGTGGTGCCCAGAACATCCTGCGCCAGCGTACGGAACAGAGACTCCGTCAGCTCGATCAGGTCTTTGTAGTCCGCATACGCCATATAGAGTTCCATCATGGTGAACTCAGGATTATGGCGCACGGAGATGCCTTCGTTACGGAAGTTACGGTTAATTTCGAATACGCGTTCGAAGCCGCCAACCACCAGACGCTTGAGGTACAGTTCCGGCGCGATACGCAGGTACATGTCCAGATCCAGCGCGTTGTGATGGGTGATAAACGGACGGGCAGACGCGCCGCCTGGGATCACCTGCATCATCGGGGTTTCGACTTCCATAAAGCCGCGAGCAACCATAAACTGGCGAATACCGGCCAGGATCTTCGAACGGGTTTTGAAGGTGTTACGGGATTCATCGTTAGAGATGAGATCCAGATAACGCTGGCGATAGCGCGCTTCCTGGTCCTGCAAGCCGTGGAATTTATCCGGCAACGGACGCAGCGCTTTCGTCAGCAGGCGCAGTTCGGTGCAGTGGATAGACAGCTCGCCGGTTTTGGTTTTGAACAGCTTACCTTTCGCGCCGAGGATATCACCAAGATCCCACTTCTTGAACTGCTCGTTGTAAACGCCTTCCGGCAGATCATCGCGCGCCACATACAGCTGAATGCGGCCGCCTACGTCTTGCAGGGTAACAAAAGAGGCCTTACCCATAATACGGCGAGTCATCATACGGCCCGCGACGGACACTTCAATATTCAGCGCTTCCAGTTCTTCAGCTTCTTTCGCGTCAAACTCTGCGTGCAGTTGGTCTGAGGTACGGTCACGACGGAAATCGTTCGGGAACGGGATACCCTGCTCACGCAGTGCAGCCAGCTTCTCGCGACGTGCCTTCATTTCATTGTTAAGATCGACTACCTCGTCAGCGCCCTGTGCGTTTTGTTCAGACATGTTGATTCCTCATAGCCCTGCTTTCAAACTTGCTTCGATAAATTGATCCAGACTACCGTCCAGTACCGCCTGTGTATTGCGGGTTTCCACCCCAGTACGCAGGTCTTTAATGCGGGAATCGTCCAGGACATAGGAACGAATCTGGCTTCCCCAGCCGATATCAGACTTAGTGTCTTCCATCGCCTGTTTTTCAGCGTTCTTTTTCTGCATCTCCAGTTCATAAAGCTTCGCTTTCATCTGCTTCATGGCCTGGTCTTTGTTTTTGTGCTGCGAACGGTCGTTCTGGCACTGCGTCACGATTCCGGTTGGAATATGGGTGATACGCACGGCGGATTCCGTACGGTTAACGTGCTGACCGCCTGCGCCAGACGCGCGATAGACGTCGATACGCAGATCCGCCGGGTTAATGTCGATATCGATATCGTCGTCCACTTCCGGGTACACAAACGCGGAGCTAAACGAGGTATGACGGCGACCGCCGGAGTCAAACGGACTTTTACGCACCAGACGATGTACGCCGGTTTCAGTGCGCAGCCAGCCATAGGCATATTCGCCGGAGATTTTGATAGTCGCGGACTTAATACCGGCGACTTCCCCTTCCGACTCTTCAATGATTTCCGTCTTGAAGCCGCGCGCTTCCGCCCAACGCAGATACATACGCAGCAACATGCTGGCCCAGTCCTGCGCTTCAGTACCACCGGAACCGGCCTGAATATCGAGATAGCAATCGGCGCTATCGTACTCGCCGGAGAACATCCGACGGAATTCCAACTGCGCCAGTTTCTCTTCCAGCGTATTCAGCTCCGCGACGGCTTCGTTAAACGTCTCTTCGTCGTCAGCTTCTACCGCCAGTTCCAGCAGCCCGGAAACGTCGTCCAGCCCCTGAGTCATTTGATCAAGCGTATCGACGATCGCTTCGAGCGATGAACGCTCTTTTCCCAG
NZ_CP110931.1_gap16	830210	831571	1361	ACATATTCGATGATCTCTTCGAGCGACATCTCCAGCTCTTCCTGATCTTCGCTCTCATCATAACCAAGCTGCGCAATATTACGCAGGTCGTCAATCGCTTCACCCGTTTCGCCGGTGACTTTATCAAGTTTAGGCTGCGTTACGCCGAGGCCAAGCAAAAAGTGGTTAACCCACCCGGCTAAGGCATCTGCGCGATCGAATACGCTGACATCGTCGCCTTCAGGCAGATAAAGCTGAAAAAGAAAGCCGTCGTCTTCCAGCGCGTCGCTGGTCGCCGCGTGCATTTTGCGCAGCGCCTGAGCAAGCTCATGCCCGAAGGCCAGACCTTCGTTCGTCAGGTCGTGCAACAGCGGCTGCCATGAGCTGTCGTTGTTGCCGCCGCAAATCATCCCGCTGATTAAACCATGCATTTCAGCCGGGGTCAGACCGGCCCCTTGTTGATTCAAAAACCGGTTCATTTCGTTGTAACCAGGCATTTCGTTCTGTATAGACATAAGCATTCGTCATCAAAGGGAGGATATTCATGATATGCTACCACTTTGGACCCTGGTGAACCAGAAAAGGGCTTGTATCTTCACACCAGGGTAGCTATAGTGTCGCCCCTTCGCGGACCCTGGGTCTGGAGACGAAGGCAGCGCAGTCAATCAGCAGGAAGGTGGCATGTCTGCACAACCCGTCGATATCCAAATATTTGGCCGTTCACTGCGAGTGAATTGCCCGCCTGACCAAAGGGATGCGTTGAATCAGGCTGCGGACGATCTGAATCAGCGGTTGCAAGATCTGAAAGTTCGCACTAGAGTCACAAATACTGAGCAGTTGGTTTTCATTGCCGCATTGAATATCAGCTATGAGTTAACTCAGGAAAAAGCGAAGACCCGCGATTACGCGGCGAGCATGGAACAACGTATTCGGATGCTACAACAGACCATCGAACAGGCGTTGCTTGATCAAGGTCGCATAACCGAAAAAACGGGCCAAAACTTTGAATAACACTTTTCGCTTTACTATGGTAAAGTGATTGTGAAAACAGAATTTCTCTGAGATGTTTGCAAGCGGGCTCAGTCCCCTGAGCCGATATTTCATACCACAAGAATGTGGCGCTCCGCGGTTGGTGAGCATGCTCGGTTCGTCCGAGAAGCCTTAAAACTGTGACGACACATTCACCTTGAACCAAGGGTTCAAGGGTTACAGCCTGCGGCGGCATCTCGGAGATTCCCCTTCTGACTGGCGACAGCCATGACGCAACTTCCCGAAATCTCTTTATCACGACAAGAAATCCGCCGAATGATTCGGCAACGTCGCCGTGCGCTGACGCCAGAGCAGCAACGCCGCTTTGGTCAACAGGCCGCCGCCCGAATGCT
NZ_CP110931.1_gap17	862849	863413	564	TACCTGTCAGAGATCGCGCCGGAAAAAATTCGCGGCAGTATGATCTCAATGTACCAGCTCATGATCACCATCGGGATTCTGGGCGCTTATCTGTCCGACACCGCGTTCAGCTACAGCGGCGCATGGCGCTGGATGCTCGGCGTGATCATCATCCCAGCCATTTTGCTGCTGATCGGCGTCTTCTTCCTGCCGGACAGCCCGCGCTGGTTTGCGGCGAAACGCCGTTTCCATGATGCTGAACGCGTCCTGTTGCGCCTGCGTGACACCAGTGCGGAAGCAAAACGTGAGCTCGATGAAATTCGCGAAAGTTTGCAGGTTAAACAGAGCGGTTGGGCGCTGTTCAAAGAGAACAGCAACTTCCGCCGCGCCGTGTTTCTTGGCATTTTGTTGCAGGTCATGCAGCAATTTACCGGGATGAACGTCATCATGTATTACGCGCCGAAAATCTTCGAACTGGCGGGGTACACGAATACCACGGAGCAGATGTGGGGCACCGTTATTGTTGGTCTGACTAACGTGCTGGCAACCTTCATCGCTATCGGCCTGGTTGACCGCTGGGGCCGC
NZ_CP110931.1_gap18	932068	937039	4971	AAGAATGACTTCAGATCCCCACGGCACATCAAAACCGGTCAACGGCGCGGTAGCGATAGGATAGGGGCTTTCACGCAGCGCGCCTGCCATTTCATACTCTGACTGATCGTATTTCAGCGGCGTTGCGCCCATCAGGGTAATGATCGGATCGTTACCCAACGTGATCGCAATTGGCAGATCTTCTCCGCGCTCTTCGGCTTTGTGCAGGTGCAATGCGATATCATGCATCGGCACTGGTTGCAGACCCAGCTTACGCTTGCCTTTAACTTCCATGCGGTAGATGCCGACATTCTGCTTGCCGAAGTTATCGGGATCGAGCGGATCGCGTGATACCACACAGGCTTTATCCAGATAGAATCCGCCGTCGCCGTCGTTCAGACGAAACAGCGGCAGGATATCAAACAGGTTGATTGCGTCGCCGTCGACGGTATTTTCCGCCCAGCCCGGATTCGCCCGTCGTTCCGGCGCTACCGGAAAATTGTCCCAGTGGCGAATAAATTCATCGATCTGTTTTTTAACCGGCGTGTTAGGCGGCAAACCCAGTGAGATGGCATGGTTCTGCCAGGAACCGATGGTATTCATCGCCACGCGGGCGTCGGTAAAACCACGAATATTGTCAAACCACAGCGCGGGCGCGCCATCGCCGATGCGTCCCGTTGCGTTGGCAGCGGCGGCGAGATCCGGCTCCGCATTCACTTCCTCGCTGATTTTCAGCAGTTGTCCCTGCTGATCCAGCGCATGTAAAAAACTGCGCAAATCATCAAATGCCATTATCCATTCTCCTGTGAAAAATTTGCTGCCTGTCGCAGTCCTTGCCAGCGGCGCGCGCGCGTATGCTCCAGACCAAACTGGTCGAGAACGCGCGCTACGATGTGCTGGATAATATCGTCAACGGTTTGCGGCAGGTTGTAGAACGCGGGCATGGGCGGCACTATCGCCACCCCCATACGAGAAAGCGCAAGCATGTTTTCCAGATGAATCGTGCTGAGCGGCATTTCCCGCGGCACAAGCACCAGCTTGCGACCCTCTTTCAACACGACATCGGCAGCGCGTCCTACCAGCCCCTCGGCATAGCCGGCGCGAACCCCCGCCAGTGTTTTCATACTGCAGGGGATAATAATCATGCCGTCGGTACGAAATGAGCCGGAGGAAATGGTCGCCGCCTGATCGGCCGGGCTATGACAATAATCTGCCAGGGCGGCTACCTCAGCGGGCGTGTAGGGCGTCTCCAGTTCAATAGTGGTTTTCGCCCACTTTGACATTACCAGATGCGTTTCAACATCAGGTATCGCCCGCAATGCCTGGAGTAACTCGACGCCAAGCGGCGCGCCGGTCGCACCGGTCATCCCCACAATCAATCTCATTTCTTACCTCAAATATCGTTCGTATACGAACATTTTGATCAAAATACGCCCACACGGCCTTTGCGACAAGATCGCTCCCGACGCCTGCGCACGTTTAGCTAAAGCATTCGTCATTAAAAAACCGTGCATAAGTCGTTATGATAGAAAAAGTTAATTTATCCGGAGCGCTCATGGAGTTACGAAACACCGCGTTTCATCTGTTACGCCAACTTTTTCAGCAACATACCGCACGCTGGCAGCATGAACTACCGGAGCTCACCAAACCTCAATATGCGGTGATGCGCGTTATTGCTGAACATCCGGGTATTGAACAGGTCGATCTGACCGAAGCGGCGGTCAGCACTAAAGCGACGCTGGCGGAGATGTTAAGCCGGATGGAAAATCGTGGGCTGGTAAAGCGAGAAAACGATCCGCTGGATAAACGTCGGCGTTTTGTCTATCTCACCGTTCAGGGCCAAACGTTGCTCGCCGCCGCGATACCACTGGGGGATCGCGTTGACGATGAGTTTTTGGGGCGACTGAGCGCTGAAGAACGCGAACAGTTTACGCAACTGGTACGCAAGATGATGACGTAAGCGGCTTGCGCCGCTTTGCTATTTTTTGGCCATCAGCAGTGAGATATCCACTTTGGCCAGCGCCCGAATTGCGCTTTCCGGCAGGCCGTCATCGGTGACGATTTGGTTGAATTCCGCCAGCGGTAACGCCAGCCACGTCGCGACCTGGCCGTATTTGGTCGCGTCGCACACCAGAATTTTTTGGCGGCTGGCGCTGGCGACGGCCCGTTTCACCGTGACTTTATCTTCTGCCGGCGTTGAAATACCGCGCACGCTCCAGGACGAGGCGGAAATAAAGGCCTGGTCAATCATCAGCCCGCGCAAAAGCGTCGCCGCGGCTTCACCGACGCACGACCGGTTTTCCCGGCATACCGTCCCGCCAGTGTGAATAATTGTGCAATCGCTATTGTCCATCAGGTAATCGGCGATAACGAAATCATTGGTCACCACCGTAAGTTTATTCATCGTAACCAGCTGCCTGGCGATCGCCAGCGTGGTCGTACCTGCATCAAGGTAGATACAGCTTTCTGGCTGTACTAGGCTGGCGGCCAGTTTGCCAATCGCCGCTTTCTGCGGCGTCGCCAGTTCGGTTTTGATCTGATGCGAGGGTTCGTGCGCCACGCGAGTCGATGATTGCACGCCGCCAGAGACCTGGATTACCGCGCCTTGCTGCTCCAGTTTTTGTAAATCACGGCGGATAGTCATGTGGGATACATGCATGCGCTCGGTCAGTTCAGCGATACTGACGATGCCTTTCTCCGCTACCATATCAAGAATGATTTGTCGACGCTCAGTAGGTATCAACGTCTGCTCCTTTCTTTAGTCCTGTCGCGATTTTACGCGATTTCTCGTCACAGCGTGTGAAGTTCTATGAGGATTGCCTTCACAAAAAATAACACATTTTGTTATTTTTTGTGAAACAACTCACCGCAATTGTTTACAAAAACGCCTATATTCACATAACAAAACATAATATCACGTAAATTAACATGGAGTGATAATGACAACAGGAACTGATTTTCATGTCGGCATTGTGGGGCTTGGCTCAATGGGAATGGGCGCTGCGCGTTCATGCCTGCGCGCCGGGCTTTCCACATGGGGGGCCGATCTTAACCCGCAAGCGTGCGCGAATCTGCTCGCTGAAGGGGCTTGTGGGGCTGCCGCCAGCGCCAGGGAGTTCGCCGGCGTCGTGGATGCGTTAGTCATTCTGGTCGTCAATGCCGCCCAGGTCAGACAGGTGTTATTCGGTGAGGATGGCGTCGCCCATCTGATGAAACCCGGAGGCGCGGTGATGGTCTCGTCTACGATCTCAAGCGCCGACGCGCAAGAGATCGCCGCGGCGTTGACGGCATTGAATCTTAACATGCTGGATGCGCCGGTTTCCGGCGGCGCGGTAAAAGCGGCGCAGGGCGAAATGACGGTGATGGCCTCCGGGAGCGAGGCGGCGTTTACCCGCCTGAAGCCTGTGCTGGACGCCGTTGCCAGCAACGTTTATCGCATCAGCGATACGCCGGGCGCAGGCTCAACCGTCAAAATCATTCATCAGCTGCTGGCTGGCGTGCATATTGCGGCGGCGGCTGAAGCGATGGCGCTGGCCGCGCGGGCCGGTATTCCTCTGGACGTGATGTATGACGTCGTGACCCATGCCGCCGGAAACTCCTGGATGTTCGAAAACCGTATGCAGCATGTCGTTGACGGCGACTATACCCCGCGTTCGGCCGTCGACATTTTTGTCAAAGATTTGGGGCTGGTTGCCGATACGGCGAAAGCGCTGCGCTTCCCCTTACCGCTGGCCTCTACGGCGTTAAATATGTTCACCAGCGCCAGTAACGCCGGTTATGGCAAAGAGGATGACAGCGCTGTGATCAAAATTTTCTCAGGGATTACTCTGCCTGGCGTCATGCCTGAGGAGCCGTCATGTTAAAAATTGGCGTCATTGCCGATGATTTTACCGGCGCGACCGACATCGCCAGTTTTCTGGTCGAAAACGGGATGCCGACAGTGCAGATCAATGATGTCCCAACCGGGACGCAACCGGAAGGGTGCGACGCGGTGGTTATCAGCCTGAAAACCCGCTCATGCCCGGAGCAAGAAGCGATAAAACAATCGCTGGCGGCGCTGGTATGGCTGAAAAAACAGGGCTGCCAGCAAGTCTATTTCAAATATTGCTCGACTTTCGATAGTACCGCCGAAGGCAATATCGGCCCGGTCACCGATGCGCTGATGGTGGCGCTGGATACCTCATTTACCGTGATTTCTCCCGCGCTGCCGGTTAACGGACGCACGGTTTATCAGGGCTATCTGTTTGTCATGAACCACTTGCTGGCGGAGTCCGGTATGCGCCACCACCCTATCAATCCGATGACCGACAGCTACCTGCCGCGTCTGATGGAAGCGCAGGCGCAAGGGCGCTGCGGCGTCATTCCGGCTCAGACGCTTGATGAAGGCGTTGCCGCGACCCGTGCGGCGCTGTCGCGTTTACAGCAGGAAGGATATCGCTACGCGGTACTTGACGCGCTCAATGAGCGGCACCTGGAAATTCAGGGCGAGGTTTTGCGTGATGCCCCGCTGGTGACCGGCGGTTCCGGGCTGGCAATGGGGCTGGCGCGTCAGTGGGCGAAGCACGGCGTTTCTCAGGCCCGTTCCGCAGGCTATCCGCTGAGCGGTCGCGCGGTGGTGCTTTCCGGTTCCTGTTCGCAAATGACTAATCAGCAGGTGGCTTTCTATCGACAACATGCTCCCACACGCGACGTTGACGTGGCGCGTTGCCTGTCATCCGAGACGCGCGAGGCCTACGCTGAAGCGCTGGCGCAGTGGGTGCTCAGTCAGGACAGCGAACTGGCGCCAATGATTAGCGCCACCGCCTCCACGCAGGCGCTGGCCGCCATCCAGCAGCAATATGGCGCTACCGAAGCCAGCCATGCGGTAGAGGCGCTCTTTTCCCTGCTGGCCGCTCGCTTAGCGGAAGGCGGTATCACCCGGTTTATCGTGGCGGGCGGCGAAACCTCGGGCGTGGTGACGCAAAGCCTCGGTATTACCGGTTTTCACATCGG
NZ_CP110931.1_gap19	972453	974541	2088	AAGGAGTTGCTGATATGTGTTCCGATGCGTAGTGAATGGCTATTCTACTGGATTAAAGGAGAGAAATATTGCGCCCGGCGATGGGCGCGAAAAAATATCAAGACATTGTGTAACCAGATTAAATTTGAAGAAGCAATCTTATAAAAGATATAATTTAAGAGGAAAGTAAATTGCAAGCACACTAGGATATTATCGCTAATATTGGTGAGAAATTGGGTTTACCGCTCACTTTTGACGACAACAATCAGTGCTTATTACTACTCGATAGCGATATTTTTACGTCTATTGAAGCTAAAGATGATATCTGGTTATTGAACGGTATGATTATACCGTTATCGCCTGTTTGTGGCGATTCTATCTGGCGGCAGATTATGGTGATTAATGGTGAACTGGCTGCGAATAATGAAGGTACGTTAGCGTATATTGATGCTGCAGAGACGTTGTTGTTTATACATGCAATTACCGATCTGACAAATACTTACCATATTATATCGCAGCTTGAGTCATTTGTGAATCAGCAGGAAGCGCTCAAAAACATACTGCAGGAATATGCTAAAGTATGAGGAGAGAAAATTGAATAATTTAACGTTGTCTTCGTTTTCAAAAGTTGGTGTGTCGAATGATGCCCGACTTTATATTGCTAAGGAAAATACTGACAAGGCATATGTTGCGCCTGAAAAACTTTCGTCAAAAGTATTAACCTGGCTTGGAAAAATGCCGTTATTTAAAAACACTGAAGTGGTGCAAAAACATACGGAAAATATCAGAGTACAGGACCAAAAGATTTTACAGACATTTCTCCAGGCACTAACGGAAAAATATGGGGAAACAGCGGTTAATGACGCACTGTTAATGTCCCGTATAAATATGAACAAACCCCTTACCCAACGTTTAGCAGTGCAGATCACGGAGTGTGTAAAAGCTGCTGACGAAGGGTTTATAAACCTTATTAAGAGCAAGGATAATGTTGGTGTCAGGAATGCCGCTTTAGTCATAAAAGGCGGCGATACAAAAGTGGCAGAAAAAAATAACGATGTTGGAGCAGAAAGTAAGCAACCTTTACTCGATATCGCGCTAAAGGGACTTAAAAGAACATTACCGCAACTGGAACAAATGGATGGAAATAGCTTGCGAGAAAACTTCCAGGAGATGGCTTCAGGTAACGGCCCGCTGCGTTCATTAATGACGAATTTACAGAATTTAAATAAAATTCCAGAGGCTAAACAACTTAATGATTATGTTACAACGTTAACAAATATTCAGGTCGGTGTAGCCCGGTTCTCACAATGGGGAACCTGTGGAGGAGAGGTTGAGAGGTGGGTTGATAAAGCCTCTACTCATGAATTAACCCAGGCTGTAAAAAAAATTCACGTTATTGCTAAAGAACTGAAAAATGTTACAGCTGAACTTGAGAAAATAGAAGCCGGCGCGCCAATGCCACAGACGATGAGCGGACCGACACTGGGCCTGGCACGGTTTGCGGTCAGCAGCATTCCAATTAATCAGCAAACCCAGGTGAAACTGAGCGATGGAATGCCTGTGCCAGTGAATACGTTAACTTTTGACGGTAAGCCTGTGGCATTAGCCGGTTCGTACCCAAAAAATACGCCGGACGCGCTGGAAGCGCATATGAAAATGCTTCTTGAAAAAGAATGCTCGTGCCTGGTGGTGTTAACGTCGGAAGATCAGATGCAGGCAAAACAATTACCACCCTATTTCAGAGGGAGCTACACCTTTGGCGAGGTGCATACCAACAGCCAAAAAGTGAGCTCAGCCAGTCAGGGAGAAGCGATAGACCAATACAATATGCAACTGTCCTGCGGGGAAAAGCGGTATACAATCCCGGTATTGCATGTGAAAAATTGGCCAGATCACCAGCCGTTACCGTCTACGGATCAGTTAGAATACCTGGCGGATAGGGTGAAAAATAGTAACCAAAATGGTGCGCCGGGGCGTAGTTCATCAGATAAGCATTTACCGATGATTCATTGTTTGGGCGGAGTGGGGAGAACCGGAACGATGGCGGCGGCCCTTGTACTTAAGGATAATCCTCATAGTAATCTGGAGCAGGTACGTGCAGATTTCCGG
NZ_CP110931.1_gap20	975861	976479	618	CCTTAATCGCATGTTCTTTAGCTTTGATCATAGCGTTTTGTTTATCAAAAATCCCCATTTGCGCCATGCTGAGGTAGCATTCTGCCAGCGCACAGTAAGGCGCAATGCTGTTTGGCGACATGTTAACGCATTGAGTCAGCAATTTAAGCGCTTGCTGTAAGCTATAGGGGGTGTATTGATTTAACTCATGCTTACCGCGTAAGTAAACCATAGTACTGTCAATCGAATTTAGCTCGCTAATCTGCTTTGTGTCCCAGCGAAGTCCGGGAATACATCTGAGCAAAAGATTCGCAATTTTGTTTTGCAAGAGAGAAGCGGGTTGGTGTTCTATCAACTTAATGCTTTCCTGGTGCAGCAGGTGATAACCTTTAACCCGAACTATCTCAATCTGTACAATATTATCATTACCATCGGGTATCATCTGCCCGGAGATATAATAATCGGGGCGTAATTGATCCATGAGCTCAAGAATATCCTTAACACTGCGGCAGTTCTTCGTAATGGTCACCGGCAGCACGCTCAGGCCAAAGGGCGCATACTGCGATAATCCCTTCACGATAGAGTAATGCAGACTCTCGGATTGAACCTGATCCTGCATCTGAAAAGGAAGTATCGCCA
NZ_CP110931.1_gap21	978717	981452	2735	GTGAAACTGCTTACATAAAGATTTTTGATGGTAACCTGCTGAGTCTGACTTTTAATTTGCTGCTGGGTATTTGTCAAAAGTGATTTTAATTTCTGTAAGTTATCTGCGGCAGGACGCTGATGACTATTACTTACAAAGGTTACATTTTCCATATTATCCCTTTGTTGATGTTATTTTAATGTTCCTTACTGGTATCCTACTGAAAAAATCTGAGTTGTAAATGCTCTTTATTAGCGTGTGTTGGCAATGGTCTGATTGTTACACCAAAAGAACCCAAATTTGGGTAATTTATCTACAGTAGTTTAAGCCCCAATGGGGATGATGGTTCTTTTAATATGTGTTGAGACGCATTATACAGAATAAATTGATTTTATTTCTCACTTTTCATTCTATTTTCATCAGGAATCCCTGTGTCCTGTGCGGTAATCTGCTGCTATCGAGAACGACAGACATCGCTAACAGTATATATGGAAACATCAAAAGAGAAGACGATAACAAGCCCTGGGCCATACATAGTTCGATTACTTAACAGCTCACTGAACGGCTGTGAGTTTCCATTGCTGACAGGCCGAACACTCTTTGTGGTAGGTCAGAGTGATGCGCTCACTGCTTCAGGCCAACTCCCTGATATACCTGCCGATAGCTTTTTTATCCCGCTGGACCATGGCGGAGTAAATTTTGAAATCCAGGTGGATACGGATACGACCGAAATTATACTCCATGAGCTGAAAGAAGGAAATTCTGAATCTCGTTCGGTGCAATTAAATACGCCAATACAGGTCGGTGAATTGCTTATCCTGATTCGCCCGGAAAGCGAGCCGTGGGTGCCCGAGCAGCCTGAGAAGTTAGAAACGTCTGCAAAAAAGAACGAGCCGCGTTTTAAAAACGGAATTGTAGCAGCACTGGCCGGGTTTTTTATATTGGGAATTGGGACTGTGGGGACGTTATGGATACTTAACTCACCGCAGCGGCAGGCCGCAGAGCTCGATTCGTTATTGGGGCAGGAGAAGGAGCGTTTTCAGGTGTTGCCAGGCCGGGACAAAATGCTCTATGTCGCTGCGCAAAATGAAAGAGATACGCTGTGGGCTCGTCAGGTTTTAGCGAGGGGCGATTATGATAAAAATGCGCGAGTGATTAACGAAAACGAAGAAAATAAGCGTATCTCTATCTGGCTGGATACCTATTATCCGCAGCTGGCTTATTATCGGATTCATTTCGATGAGCCGCGTAAACCCGTTTTCTGGCTAAGCCGCCAGCGAAACACGATGAGCAAGAAAGAGCTCGAGGTGTTAAGTCAAAAGCTGAGAGCGCTAATGCCTTACGCGGATTCGGTTAACATCACGTTGATGGACGATGTTACCGCAGCAGGCCAGGCGGAAGCGGGGCTAAAACAGCAGGCGTTACCTTATTCCCGCAGGAATCATAAGGGGGGCGTAACGTTTGTTATTCAGGGGGCGCTCGATGATGTAGAAATACTCAGAGCCCGTCAATTTGTCGATAGCTATTACCGCACATGGGGAGGACGCTATGTGCAGTTTGCGATCGAATTAAAAGATGACTGGCTCAAGGGGCGCTCATTTCAGTACGGGGCGGAAGGTTATATCAAAATGAGCCCAGGCCATTGGTATTTCCCAAGCCCACTTTAATTTAACGTAAATAAGGAAGTCATTATGGCAACACCTTGGTCAGGCTATCTGGATGACGTCTCAGCAAAATTTGATACGGGCGTTGATAATCTACAAACGCAGGTAACAGAGGCGCTGGATAAATTAGCAGCAAAACCCTCCGATCCGGCGCTACTGGCGGCGTATCAGAGTAAGCTCTCGGAATATAACTTGTACCGTAACGCGCAATCGAACACGGTAAAAGTCTTTAAGGATATTGATGCTGCCATTATTCAGAACTTCCGTTAATCAGTTATAAGGTGGATTATGTCGATTGCAACTATTGTCCCTGAGAATGCCGTTATAGGGCAGGCGGTCAATATCAGGTCTATGGAAACGGACATTGTCTCGCTGGATGACCGGCTACTCCAGGCTTTTTCTGGTTCGGCGATTGCCACGGCTGTGGATAAACAGACGATTACCAACAGGATTGAGGACCCTAATCTGGTGACGGATCCTAAAGAGCTGGCTATTTCGCAAGAGATGATTTCAGATTATAACCTGTATGTTTCTATGGTCAGTACCCTTACTCGTAAAGGAGTCGGGGCTGTTGAAACGCTATTACGCTCATGATTCGTCGATATCTATATACTTTTCTGCTGGTAATGACCCTTGCCGGCTGTAAGGATAAGGATCTTTTAAAAGGACTGGACCAGGAACAGGCTAATGAGGTCATTGCCGTTCTGCAAATGCACAATATAGAGGCGAATAAAATTGATAGCGGAAAATTGGGCTATAGCATTACCGTTGCTGAGCCTGATTTTACCGCTGCGGTGTACTGGATTAAAACTTATCAGCTTCCTCCCCGGCCACGGGTGGAAATAGCGCAGATGTTCCCGGCGGATTCGCTGGTATCGTCTCCGCGAGCTGAAAAGGCTAGGTTATATTCGGCTATTGAACAGCGACTGGAACAGTCATTACAGACGATGGAGGGCGTGCTCTCCGCCAGGGTCCATATTAGTTATGATATTGATGCTGGTGAAAATGGCCGCCCGCCAAAACCTGTTCATCTGTCGGCATTAGCCGTATATGAACGAGGTTCGCCGCTTGCGCATCAGATCAGCGATATCA
NZ_CP110931.1_gap22	1022016	1026405	4389	GCGTTGCGTACGCGCGGGGGGTAAACACAACGATCTGGAAAACGTCGGATACACTGCACGTCACCATACTTTCTTCGAAATGCTGGGCAACTTCAGCTTCGGCGATTACTTCAAACACGACGCCATTCAGTTCGCATGGGAATTACTGACCGGTGAAAACTGGTTTGCTCTGCCAAAAGAGCGTTTATGGGTCACCGTTTATGAAACCGACGACGAAGCCTATGAGATCTGGGAAAAAGAAGTCGGCATCCCGCGCGAGCGTATCATCCGTATCGGCGACAATAAAGGCGCGCCATACGCATCGGATAACTTCTGGCAGATGGGCGATACCGGTCCCTGCGGTCCGTGCACCGAAATCTTCTACGATCATGGCGACCACATCTGGGGCGGCCCTCCGGGAAGCCCGGAAGAAGACGGCGATCGCTATATTGAGATCTGGAACATCGTCTTTATGCAGTTCAACCGTCAGGCTGACGGGGCTATGGAACCATTGCCGAAACCGTCTGTAGATACCGGTATGGGGCTGGAGCGTATTGCCGCGGTACTGCAACACGTTAACTCTAACTATGACATCGACCTGTTCCGCACGTTGATTGAAGCGGTAGCGAAAGTCACCGGCGCCACCGATCTGGGTAATAAATCGCTGCGCGTTATCGCCGACCACATCCGTTCTTGCGCATTCCTGGTTGCCGATGGCGTGCTGCCGTCGAATGAAAACCGTGGCTATGTGCTGCGTCGCATTATTCGTCGCGCGGTTCGTCACGGCAACATGCTGGGCGCGAAAGAGACCTTCTTCTACAAGCTGGTTGGGCCGCTGATTGAGGTAATGGGCTCCGCAGGCGAAGAGTTGAAACGTCAGCAGGCGCAGGTCGAGCAGGTTCTGAAAACGGAAGAAGAGCAGTTCGCCCGTACGCTGGAGCGCGGTCTGGCGCTGCTGGATGAAGAACTGGCGAAATTGCAGGGCGACACCCTGGACGGCGAAACCGCTTTCCGTCTGTATGATACTTATGGTTTCCCGGTCGATCTAACGGCGGACGTCTGCCGTGAGCGCAACATCAAAGTCGACGAAGCCGGTTTTGAAGCCGCTATGGAAGAGCAACGCCGTCGCGCGCGCGAAGCTAGCGGTTTTGGCGCGGACTACAACGCGATGATCCGCGTTGACAGCGCTTCTGAATTTAAAGGTTATGACCATCTGGAACTGAACGGCAAAGTGACCGCGCTGTTTGTCGATGGTAAAGCGGTTGAAGTGATTAACGCGGGACAGGAAGCGGTTGTCGTGCTGGATCAGACCCCATTCTATGCGGAATCAGGCGGTCAGGTTGGCGATAAAGGCGAGCTGAAAGGCGCTGGATTTACTTTCGCTGTGGACGACACGCAAAAATATGGTCAGGCGATTGGTCACCTCGGCAAATTGTCTGCGGGCGCTCTGAAAGTGGGCGATGCGGTACAGGCTGACGTAGATGAAGCGCGCCGCGCACGTATCCGTCTGAACCACTCCGCCACGCACCTGATGCACGCGGCGTTGCGCCAGGTGCTTGGGACACACGTTGCGCAGAAAGGCTCGCTGGTTAGCGATAAAGTGCTGCGCTTCGACTTCTCGCACAATGAAGCGATGAAGCCGTCGGAGATTCGTGAGGTTGAAGATTTGGTGAATGCGCAAATTCGCCGCAACCTGCCGATTGAAACGAACATCATGGATCTCGACGCGGCGAAGGCGAAAGGCGCCATGGCGCTGTTTGGCGAGAAATATGACGAACGTGTACGCGTTCTGAGCATGGGCGATTTCTCTACCGAACTGTGCGGCGGTACTCACGCCAGTCGTACCGGTGATATTGGTCTGTTCCGTATTATCTCTGAGTCCGGCACCGCAGCGGGCATTCGTCGTATTGAGGCGGTAACCGGTGAAGGCGCTATGGCCACCGTTCATGCGCAAAGCGATCGTTTAAACGATATTGCGCATCTGCTGAAGGGCGACAGCCAGAATCTGGGCGACAAAGTGCGTGCCGTGCTGGAACGTACACGTCAGCTGGAAAAAGAGTTGCAGCAGTTGAAGGACCAGGCCGCAGCGCAGGAGAGTGCAAATCTTTCCAGTAAAGCGGTCGATCTCAACGGCGTGAAGCTCCTGGTTAGCGAGCTTGCTGGTATTGAGCCGAAAATGCTGCGAACCATGGTTGATGATCTGAAAAATCAACTGGGGTCTACCGTTATCGTACTGGCAACGGTTGTTGAAGGTAAGGTTTCTCTGATTGCGGGCGTGTCGAAGGATGTGACCGACCGGGTTAAAGCAGGGGAATTGATTGGTATGGTCGCTCAGCAGGTGGGCGGTAAGGGTGGCGGTCGTCCGGACATGGCGCAAGCCGGTGGTACGGATGCGGCAGCTCTGCCTGCAGCGTTAGCCAGTGTACAAGGCTGGGTCAGCGCAAAATTGCAATAATTATAAGCGTTCGTTGGCGCCGCAGCCCGTGCTGCGGCGTTTACGTCAACGCTATCGACAACGATAAAGTCAGGTTGAAGTTTTGTATATCGGCTAAACTTAGGTTTAACAGAATGTAATGCCATGACTGCTTACACCTAAGGTGTTTGTCATCGCTTACTTTTTGGCGTTATATGATGGATAATGCCGGGATACAGAGAGACCCGACTCTTTTAAATCTTTCAAGGAGCAAAGAATGCTGATTCTGACTCGTCGAGTTGGTGAGACCCTCATGATTGGCGATGAGGTCACCGTGACAGTTTTAGGGGTGAAGGGCAACCAGGTGCGTATTGGCGTGAACGCCCCGAAAGAAGTTTCTGTCCATCGTGAAGAGATCTACCAGCGTATCCAGGCTGAAAAATCCCAGCAGTCCAGTTACTAAGGTTTTCGCGTCTCACTTTTCGGGTGAGACGCAGCCTCTCTTCTCGCTCGCCCGCGTTGTCCCTTCATGACTTTTTTCAACCTCACTGTTGATATGGTGCGCTTTTGGCGGCCAGCGTGTCATCAAATTATCTGTTGATAAAACACTCTTTTTGGCTTTTTTACAGACTAATTGAGCGTGAAGTGTGCAAACGATAAAAGCTCTGGAAAAATTGTTTGACTTATAAGTCCCAGAAAGTAATATGTGCGCCACGCAGCGACGATGAGCAGAACAAGTTCTTCGAAGCACTCGTAAGAGGCGTGTGGTGAGGTGGCCGAGAGGCTGAAGGCGCTCCCCTGCTAAGGGAGTATGCGGTCAAAAGCTGCATCCGGGGTTCGAATCCCCGCCTCACCGCCATTTGCATCCGTAGCTCAGCTGGATAGAGTACTCGGCTACGAACCGAGCGGTCGGAGGTTCGAATCCTCCCGGATGCACCATCTCTTACTTGATACGGCTTTCCCGCGGTATCAAAATCTGCAGTAAAGTAAGTTTCCCGATGCATCCGTAGCTCAGCTGGATAGAGTACTCGGCTACGAACCGAGCGGTCGGAGGTTCGAATCCTCCCGGATGCACCATCTCTTACTTGATACGGCTTTCACCGCGGTATCAATATCGGCAGTAAAGCAAGTTTTCCGATGCATCCGTAGCTCAGCTGGATAGAGTACTCGGCTACGAACCGAGCGGTCGGAGGTTCGAATCCTCCCGGATGCACCATCTCTTACTTGATACGGCTTTCACCGCGGTATCAATATCAGCAGTAAAGCAAGTTTCCCAATGCATCCGTAGCTCAGCTGGATAGAGTACTCGGCTACGAACCGAGCGGTCGGAGGTTCGAATCCTCCCGGATGCACCATATTCTCCGTACTTTCAGCAATGCAGATAAGATAGCGGTAATCACCGCTGGCATCAGAAGGATAACGTTGCGTCAGCAACGGCCCATAAGGTGAATAATCCTCCCGGCTACGTCACTGCCCTGCAATCGCTTTTCCCCTTATCCTGAATATACCTCTTCATCTCTATTAGCGACAAAATCAACCAATTGCGATAAAGTACTGTCTGGTTATTCGGTTTGCGAGAACACGATGTACGCACGTTATGCTGGTTTGATTTTTGATATGGACGGTACTCTCCTGGATACCGAACCCACGCATCGCAAAGCGTGGCGTGAGGTTTTGGGGCGCTATGGTCTTCGTTTTGATGAACAGGCAATGGTCGCGCTTAACGGTTCGCCAACCTGGCTTATCGCCCAGTCAATCATTGAGCTTAACCATGCCGATCTTGATCCCCTGTCACTGGCGCGTGAGAAAACCGACGCGGTAAAAAGCATCCTGCTGGACTGCGTAGAACCGCTGCCGCTGGTTGAGGTGGTTAAAGCGTGGCATGGGCGGCGTCCCATGTCGGTCGGTACCGGTAGCGAAAGCGCTATCGCGGAAGCCCTGTTAGCGCATCTGGGGCTGCGTCGTTATTTTGATGCGGTTGTGGCGGCAGATCACGT
NZ_CP110931.1_gap23	1194802	1196957	2155	CTGGCTGAATGACTTCCTTAATAACAATTACAACCGCAAAAATACTGCCAGTCTGGGTGATTATGGATGGGTTCGTGACGAAAGCACCGGTTTTATAATGCAATGGGGAACGCTTGGTAGCTCAAACGGAACCTACAACTTTCCGCGAGAGTTTCCGGTATCCTGCTTTGCTGTATTTGTCACCAACACTAATCAGCAGGGAGGTTCAGTGGATAATGCGTTTGGATACCCGGTGAGTAAAAGCCAGTTTTTTGCCGCAACTAAAGCATCAACAGACGGAAATGTCGTAAATGGCTATCCTGTAGCCTGGTTTGCGATCGGGAGATAAGTATCAATGAGCGATTATTATTACAGCTTTAAAGAGAAAGGTTTTTTCTACAAGCCGGATACCGAATCGGGAGATTGCCCGACTGATCTAATTCCTCTGACTGATGAACATTACCATGAACTTATGCAGGGTCAGGTGGACGGAAAATATATTGAGCACAGGAAAGGAGGCCCGGTACTGGTTGAACATCGCGAATATACACATGAAGAGTTGATTGCACAGGCTGAAGCCAGAAAAGCGGAACTTCTTGCTGAAGCTGAGTCAGTTATTGCGCCACTGGCGCGGGCGGTAAAATTGAACATTGCTACAGATGAGGAAATAAAGCGGATGGAGGCATGGGAACTCTACAGCGTACTGGTAAACCGGGTGGATACCTCAAATCCTGACTGGCCGGATAAGCCAGCCAGTAATATAATGTTGTAAAAAAAAACAGGCTGACGTTAATAAAACACGCCAGCCTGAAGTAATATTCAGCTCATCAGGAACTGATAAACATAATAACCAGATATACCATCAGTACTGATATGGTTGTTACAGCCTTCTGTAACAAATTAACAACCACAAATCTGACACCACTCCGGTGGCTTAAGAATATCTGGTGGCCAGTTGTCACACCAGGGGGGACGAATAAATGGGGCGGGTATTGGCGGCAGTCCACTGGAGGCGGATTTTGTATTATCTGGTGGGAGTTTTGTATCACTGGCGGCTATCGCCGATGCCGAAAAGGCTGTAGCCGACAACACCAGAAGCAATGGGCAAAATATACGATGTCTCATAATATCACCCGTGAATATTCAGACTATCCTTACTGTTGACTTCCTTCATTTCCAGCATAGTTCACGCTTCATCGTCATTGAATAAACAATTAAGTTTGTTGAGCGAAAATTTACTTAAAGAAAAAATAATAAGCATCGATATTTTTCTTTTTTGCAGGTTTTCAACGCATGCCCGAATAAACGTGCGCAGATGGTGAAAAATCTGGTTGGCCATAAAAAGGTTTAAAGATAAATGCAAGTGCTTATCTGTTGCGATATCAATTAAATTAATCTTGTTTTTTTATTCATACCCTTGCCAAACAGATATGTAGCAAGAAAATATGATACTAAGTAAAGTTGGCATGTAGTCTAGAGTTAGGGGTAGTATATATTCTTAACTCCAATAGGACTGCTCTATATATAAATATATTAATTGCATATTTTATTTTTAAAGTCAACGATTTCTATGAATCACACGTTAAATATCACACTCCATTTTTAGGCTTATATTTATCCCAACCAACTAATGAAAAAACATCTTCGTGTGAAATAGCCTCACCATTAAGAAAAAATTTAACATTTTGTTTTACCAGATCATCATGTCGATTCCGATATACCCATCTTAGCTCATGTGCTGTAATAGAATTACCATGCTTTCCTGTTTTATTTGCGATATCACTTATAGCATCAACTAAATTGTCAATGACAAAAATAACTGACCGTTCCCTTAATCGTGTTTGGAATTCAAGACCGGCTTTACTTGTTTTTATCCAGCACTCCTCATTGGATAAGTCTGAATATTTATCTTCGGTAATATTGTATTTTTTATGTTGAGATAAAAATTCTCTAAAAAAAGTCCCTCTCTGAACATCATTCAATCTTTCTGCTATCTTCTCATCTTTATTAAACACGGCTCTATTCTTCCTGTCCCAGACCGCATCTGTTAATGTATTTTGAATAATAATATCTTTTTTTGAAAAATAATATAACGAATTAACTAAAGTATTTACTCGATCTCTTGCCTTACATAAACCATAAACCACATCTCCAGGCTGAAAACTTAACGCATCTC
NZ_CP110931.1_gap24	1290012	1293818	3806	GCCACGATGGACGGCAGCAACCTGACAGACAGCAAAGACGCAATCTTTACCGTAGTGACCAGCCCGGACAGCGATAAGGCCAAATACTGGGGCCATATGCCGGAAACCTTTACCAACAGTAAGGTGGTTGAATTTAAGCGACTGCTGCTGCGCGCTGAACTTTCTTCAACGGCGGACACGTCGGGTTATACGGAAAATAACGAGACCTGGTATACCTGGAGCCGTTATCCGAATATGTATCAGGACACCGCCAGCCCGTGCGATCGGCTGGGGTTGCCGACGGTAAATGATTTACAGACGCTATATACCGATTATCCCAATGGCGCACTCACGACAACGCCTGGCCTACCGGTGGCATCAGGAAAATATTGGGGGGCGGGTAACTCAGTACCGGATGCCACGCACTCAGACAGTCAGTTTCAGTATGTCAGACTCAGCGATAATAATACGCTGACAACCAAAGCCAATACCGCCACGGCGCAGCTTTGTCTGGCAAAGCGCCGGGACTTGTCGATAGAACTCACCTCCAGCGACATGGATGCGGATAAAGGCGCTCCAGTGGCGAAGAAGGGCGAGAGCCTGCCGTTGACCGTCACTGTGAGGGATGGTTCCGGCACGCCGCAGCCCAATACCGCTATCCGTTTGGGACGAACGCTTTCGATAGACCGGGCGGGTGTCGTTGATGGCAGTTCCGGCGGAGGCATGGTACTCACATCGGTTGCGCCGTCTACGGGCTCAATGACGTTTAACTGCACGGTATCTTCGTGCACAAGTTATTGGTATGGCATTACGGATGAGGATGGTAAAGCGCAACTCGAAGTGACGCAGGATGATTCCCGTGGCCTGAGAACACCGCTACAGGCGATGCTTGTCGACGATCCGCTGACAGTTAGCGATATGGACGTCATTTTCACCGTCATTACCAGCCCGGACAGCGATAAAGCCAAATACTGGGGACACATGCCGGAAACCGTGACCAACAGCGCGGGCGTGAAGTTCCGGCGTCCGCTGCTGGCGGCGGAGATGACGTCGAATAGCGGTACTTACCTGGTTAACAATGAAACATGGCCCTTAGTCACCGCAGCGAACACTGAAAAAGCGGGCGCAACCGGCTGTGATGCGGAATACCAGCCGTTGTCGGGCGATCTGCAAACGTTGTATAGCGACAATCCTAACGGCGCAATCGGTACAAATTACGGCTGGCCGGTGGCGGGGAACAAATCCTGGTGGGCGGCGGATCGTGCGCCGAATACCGGATATTACCAATTTATAAACCTGAATAGCGGCGGTAAGGGCACCGCCAGTTCATCGACTGCCACCGGCGCTCAGGTGTGTCTGGTCGAGCCGCGTACTTCTACTCCTGCCAGTATTACGCTGACCTCGACGGCGATGGACAGCGCGAAAAATGCGGCGGTAGTGGCGAAGGGAAGTGCGATGCCGTTAACGGTGACGGTAAAAGATAGCAGCGGTAACCCGGTCGCCAACGTCGGTTTTACGTTGTCACGTGGCGATTCGAAAAATCGGGCAGGTATGGTGATAACGGATGGCGACGTGGCAGCGGATGCCGGAGCAGACGATCTCATGCTTAAAGAGCTGACTCCCGCAAGCGCCAGCCAAAGTATGACCACCACCGGGATTGTCTTTACCGGCACTACCGGCAGCGACGGTACGGCAACGTTTACGCTCAATCAGGATAAAAGCCTGGGGTTGAAAACGCCACTCACGGTGAAAGTGACGGACAATACGACTCTTCACGCATCGCTGGATGTGATTTTTATGGTACTTACCAGCCCGGATACGGATAAAGCGTTGTTCTGGGGAAATATGTCGGATACGACATCCGTCAACGGAAAAACGCTGCATCGTCCGTGGCTTCAGGCTGAGATGCTGTCAGGCGTGACGCCAGTATTTACCAACGGAGTGCATGCAAATAACGAGTACTGGGCGATGGCGCATACGGTGGACAACACGAAATGGGATATTGCCAAACAGTGCGGTAGCCTTAGCAAAGCACCGGATAATAACGACCTGTTGACGCTGTATCATTCAATTAGCTCGTTAGGCTGGCCGACGCTGGGCTATCCCTATTTATCTAAATCAACCTCGAGCGGCGGCATGTATTGCGGCGTAGATGAGAATACCAAGAGTCAAAACTGCGCCATTAAGCCGGCAGGCACAGCGGGTTATGCGACGTGCGTGGAGTAACGTATTATGCGTCTGGCACGAAAATAATCTGCTTTTCACATTCAATTGAGCTTCATGAAAAAGTGAAAGTAGCATTCATTGAAAAGTATATGTTCTGCTAATTGGCGTCACCACCGTTTGCCACGCGTGTGTAAAAGCGCCGTCTCCCTTCTGCAACCCGGCATCTGGCGCTACGTATATACTCTAAATAATTCGAGTTGCAGGAAGGCGGCAAGCGAGCGAATCCCCGGGAGCTTACTAAAGTAAGTGACTGGAGTGAGGGAACGCAGCCGCAGCACATGCAACTTGAAGTATGACGAGTATATTTAAAATAACGCAGGTGTCGCATGATAATCACACCTTTTTGTTTCACGCATTTATTTATTTTAATATATGAAGTTATTAAATGTTATTCACGGCATAAATATTTATTAAATGGATGAATGTATTTATATCAATTATAAATCAACCAGAAATTGACCTGGCATTGAAATAAGCCTTGAAATTAGTTAATAATTTGGCTTGGATAATATATTGTTTCAGGTGATTGCAACCATTCATAGAGCTGTATTTTTGTTATTTATTATTTAACTCATTGATAATGTAGCATTTAAAGGCTATTTGCAGCCCAATCAAAATCCAGTTTGCTTCGTGAACGTTATTAAAGGGAAATTTAAAAATTGAACAGGACTTACAGTATTGTCTGGAGCGCCGTGCGAAATATGTATGTCGTGGCTTCAGAACTGGCGCGAGGCCACAGCAAAGTTAAAGCGCAAGTATGCGCGAGTGAAATCCATTCCCTAAACAAAAAGTCCGAATATGGACAAATAATAAAAGCAACGCGCGCGGCGCTGGCTTGCGCCGTGGCTGCAGCGCTCGGATTTTTCAGCCCGCTGGCCATGGCCGACAATCAGGTATCATATGCTGATGCGCAGACCCACGTTCTGGATGCGTCAACGCCGCCGATGAGCTATTCGGGCACCGATGAAGGCGCGGCGCTATATGTCTCGGGTGTCGCCACCGTCGGCTGGCAGCCCACCACGGTCACAGGGACGGGGCTCGTCATTGAAACAAGCGGAGGCGGAGCTGATGATCCGGATGGCGGTAAGTATGTTTCCAACGCCATTTCGCTGGATCATTACGCTATCCTTGAGCTTACCGACGCGAAGATAACCACTACGGGCATTTATACCCAGGGTATTTCCGCAGCGGATGGCAGCACACTGACGTTAACAGACAGTACGCTAACGATTGACGGCAATTTCGGCGTAATGACGTTGTATACGGGTTCAGAAGCAACGCTGGACGGTACCATCGTTGAGGCAGCTAACAGCAGCAGCGCGCAGGTGCAACAAGGCAGTACGCTGAACGTGCTGGACGGTAGCACAATCACCCTGGCGCAAGGCCAGATAAACGTTGTTGCCGGAAACACCGCGACAGACGAGGGTTCCACCCTGAACCTGTCTGATAGCTCGGTCAGCTCTGCAGGTACGATGAGCACCATCCAGGGTACCAATAAGGCCGCTCTTAATCTCACCAACGCGACCATAACACATACCAATGCCAGCGGCGCGGCGGTACAGGCCAATAACGCCACTACCCTGGATATTACAGGCGGCAAC
NZ_CP110931.1_gap25	1295315	1297929	2614	GAAGGCGATCTGGAAAATACGCTTTCCGGCAGCGGTTCGCTGGTCAAAACCGGTACCGGCGAGCTGACGTTAAGCGGCAATAACACTTACTCCGGCGGCACCACCATTACCGGCGGCACGCTGACGGCTGACCATGCGGATTCGCTGGGGACCGGGACTATTGCCAACAACGGCGTGCTTCAGGTCGGCGAGGGTGAGCTGGAAAATACGCTTTCCGGCACCGGTTCGCTGGTGAAAACCGGTACGGGCGAGCTGACGTTAAGCGGCGACAACACTTACTCCGGCGGCACCACCATTACCGGCGGTACGCTGACGGCTGACCATGCGGATTCGCTGGGCACTGGCGCTATCGCTAACAGCGGCGTGCTTCAGGTCGGCGAGGGCGAGCTGGAAAATACGCTTTCCGGCAGCGGTTCGCTGGTGAAAACCGGCACAGGCGAGCTGACGTTAAACGGCGATAACGATTACTCCGGCGGCACCACCATTGACGACGGTGTGCTGATTGCTGACCATGCGGATTCACTGGGGACCGGAGCTGTTGCCAACAACGGCGTGCTTCAGGTCGGCGAGGGCGAGCTGAAAAATACGCTTTCCGGCACCGGTTCGCTGGTGAAAATCGGCACGGGCGAGCTGACGTTAAGCGGCGACAACACTTACTCCGGCGGCACCACTATTGACGACGGTGTGCTGATTGCCGCCAACGTTAACGCGCTGAGCGGCGGTGATGTCGACAACAGCGGTACGCTGATGCTGGATGCCAACGGCGCATTCGAGCTTGCGAACATCACCACCCATACCGGCGCCACGACCGCGCTGGCGGCGGGCAGCACCCTTGACGCGGGCCAGCTCACCCAGGAAGACGGCAGTACGCTAAGTATTGACCTCGGCGCGGCCACCGACGACGCCGTGATTACCGCCGACAGCGTCACGCTGGGCGGCACTCTGAATGTTACCGGCATCGGCAGCGTTACAGACAGCTGGACGCCTGAGGCATACACCTATACGCTGATTGACAGCGACAGCGCCATTACGAGCGATTTCGACGATCTGACCATTGCAGGGATGAACCGCGAAGATGTTGACTTCCTGACTATCGACGGAAAAGTCGATGAAGCAGACAACACCCACTATGATCTGACGGCCTCCCTCTCCTGGTATGCGGACAGAGACAACGCCACTACCGACGCCCACGGCACCTTTACCCTGAGCGACCCTGACGGCAGCTTTAACGTTGCGGCTACACTGACAGACGTTGACGATACGCTGGATCCGGGTAGCAGATGGGACGGTAAATCGCTGACCAAAGAAGGCGCAGGCACGCTGATCCTCTCTGGCGACAACGACTACAGCGGCGGCACCACCATCAATGAAGGTACGCTGGTCGCCGCCAGTACGACGGCGCTGGGCACCGGTCTGGTAGACAATAATGCCACGCTGGTGCTGGACGCAGACGGTGAAGTCAGCGCGGTGGGCGGCATCACCACTCATAGCGGCGCGACGACCCAACTGGCGCTCGGCACCTCGTTGGATCTCGGCGACAGCGCGTTAATTCAGCAAGATGGCAGTACGCTGAACGTTGAGCTGAATAGTGACTCAGTGCAACCGCTGATTACCGGCAGCAGCGCCACGCTTGGCGGCGATTTGGTCGTCAGCGACGCCAACCTGCAAGCGCGCGCCTCCGACGCGGAGTTCCAGTCCTTTAAACTGATGGATATGACCAGCGATATCAGCGGCGACTTTACCAGCCTGACGATGAACCTCACTGACAAGCCGGACTATCTGACCGTAACCGGGACAATCAATCCTGAAGATGCGTCAGAATATCTGCTTACCGAAGGGCTGAGCTGGAATGCGACCGCCACGTCAGCGACGCCAGCACACGGCACCTTCACTCTGGGCGCAGGCGATAGCTTTGAAGTCACCAGCGTACTGGGCGATAAAACCGGCAACGGCGACTGGGATGGTAAAACGTTGACCAAACTGGGCGCGGGTAAACTGACGCTGAGCGGCGTGAACACCTACACCGGCGATACTAACGTACAGGAAGGCACGCTGTGGCTGGCCGGAGACGGTACGATTGGCGAAGTGGGCAGCCAGCAGGCGGTGAACGTCGCTTCTGGGGCGACCTTCGGCGGCAGCAATGGTACGACCGTTAACGGTAAGGTGACCAATGAAGGGACGCTGGTCTTCGGCGACAGCGAGGAGACAGGCGCTATCTTCACCCTCAATGGCGATCTGGTCAACATGGGGACGATCGCCAGCGGCAGCACCTCCAGCACGCCGGGCAATACGCTTTATGTTGATGGCAATTACACCGGCAACGGCGGCTCGCTTTATCTGAATACCGTCCTGGGCGACGATGATTCGGCGACCGATAAGCTGGTGATTACCGGCGATGCCTCCTGCACCACCGATCTGTACATCAACGGCATCGGCGATGGAGCACAGACCACTAACGGTATTGAAGTGGTGGATGTTGGCGGCGTATCGACCAGCGATGCGTTTGTGTTAAAAAATGAAGTTAACGCCAGTCTGTATACCTACCGTCTGTACTGGAATGAAAGTGACAACGACTGGTATCTGGCGTCAAAAGCACAGTCTGATGATGACGACA
NZ_CP110931.1_gap26	1308663	1312323	3660	GTGCTGCCAGGCGCTGATAGAAGAGTAGACGAAACGTCCAAAGAAGAAGAGAAAACTGATAAGCAGTACGATACGGGTCATGCGAGTGTTAAATCGATGTCGTTTTCGCATACTGTTGGCCTGACTCACAAAGGGTTCCTTAACGTTGGCCCAGCGGTATGGGCGGGATCAGGCTGGGTTCTTCAAGGGTATTATCAAGGCGAAGAACGTAACAAGCCTGCGTTCACTCTACATTAAGGCATACTGCGAACCGATGGTCAATTCCTCTTAATGTAAAATTGCGTCAGTTGATTTATCTTATATTGTTATGGAAGATAATTTTAGTATTTACATTAATAATAAATTAATGATAACAAAGAATAAAAAGGCGAATAAAGGCTGCAGGAGAAAGGTAATAATTGACTTAAATCAAATGTTACTTTTGTTTAATAATTACAATCGATGACTATCGTGTGATGTATATCGCATCATCAATTTAAAGTCAGGTGGGATGCCTGTCTGTTAACGCCCCTTTGGGATTGGGGGGTTCTGCTGAGCATCTATGAAACTAAATAAAACTTATATAAATATCAGAGATAAATGGTGGGGACTACCGCTCATTCTCCCTTCGATTTTACTGCCTGTTTTAAGTAGCGCAAATACTTATGCGCTTACCAGCACTGGAAATGTGGTTCTTTTTTACCTGCCGTTAGCTTTTATGCTTAGCCTGATGCTCTTTTTCGGCTGGGCAGCACTGCCGGGCATTGTGCTTGCTATCTTCTGGCGCAGATACCCGCAGACAGGGCTGTATGAAACCCTTTCCGTGACGATGCACTTTATCATTACTATCGTGCTAAGCTGGGGCGGCTATCGTGTCTTTTCCCCCCGGCGAAACAATGTTTCCCACGGCGACGCCCACCTGCTGTTTCAACGAATATTCTGGCAGGTATTTTGTTCTGCAACATTATTTCTGGTCATCTACCAGTTTGCCGCTTTTGTTGGCATGTACGAAAGCAAAGCCAGCCTGATGGGGGTAATGCCCTTTAATATCAACACGCTGATTAATTACCAGGCGTTACTGGTCGGTAACCTTGTCGGCGTGCCATTGTGCTATTTTATTATTCGTACTCTCCGCAATCCGCTGCACCTACGGGGGTATTATCAGCAATTAAAGCTACAGATTGATAGCAAGGCCACTAAAAAAGAGATCGTTATTTGGCTGGCCGTATTGACTACACTAATGTTTATACTGTGTATGCCATTGACTGATAATAGTTCAATATTTAGTACAAACTATACGCTTTCGTTATTATTGCCGGTCATGCTGTGGGGTGCGATGCGCTATGGCTATAAGTTTATTTCAATTATCTGGGCCGTCGTGCTAATTACGTCGATTCATTATTATCAGCGTTATATGCCCTGGTATTCAGGTTATGATACGCAATTAGCGATTACCTCTTCGAGCTATCTGGTTTTTTCTTTTATTGTTAATTATATGTCTGTACTGGCCACGCGTCAGCGCGTAGTGAGTGGTCGCGCACGGCGGCTGGCCTATCTTGACCCGGTTGTACATCTTCCCAATTTACGTGCGTTAAACCGCGCGCTCCAAAATGCGCCTTGGTCTACGATCTGTTTTTTACACGTGCCGGGCCTGGAGCTATTGGGTAAAAATTATGGCGTCATGCTACGCATCCAGTATAAGCAAAAGCTCTCTCACTGGATTACGCCGATGCTGGCCTCAAATGAGTGCGTCTACCAGATGTCAGGGCACGACCTGGTGCTGCGTCTTAATACAGAGGCGCATCAGCAGCGTATTGAAGCGCTGGATAAACATATTAAGCAGTTTCGGTTTATCTGGGATGGACTGCCGCTACAGCCGCCTGTCGGCGTGAGCTACTGCTGCGTGCGTTCTCCGGTTAGCCACCTTTATCTGCTGCTGGGCGAATTAAGCACCAGTTCCGATCTTTCGTTGACGACTAACGCGCCGGAGGATTTACAGCGGCGCGGCGCAATGCACCTGCAGCGCGATTTGAAGGGCAGAATTGCGATGATGAATCGCCTGCAACAGGCGTTGGAGCACGATCATTTTTTCCTGATGGCGCAGCCTATTTTCGGTGTTCGTGGGGACGTTTACCATGAAATTTTACTGCGACTCAGGGATGACAACGGCGACGTTATCAACCCGGACAATTTTTTACCCGTGGCGCATGAGTTTGGTTTGTCTTCCGCTATCGATCTCTGGGTGATTGAAAACACGCTGCGGTTTATGGCGGCCAGCCGGGAATATATGCCCGCGCATCGTTTTGCCATTAATCTGTCGCCAACATCGGTATGCCGCGCTCGTTTCCCTGCAGAAGTTAAGCAGTTGCTTACGCAATATCAGGTTGAACCCTGGCAACTGGTTTTTGAGGTAACGGAAAGCAACTCTCTCACCAATGCTGAGCAGGCGCAGTTGACGCTGGGACAGCTACAGCAGTTTGGCTGTCAGATAGCGATTGATGATTTCGGTACTGGCTACGCCAGCTATGCGCGGCTGAAAAACGTTGACGCCGATATTCTTAAAATTGATGGCAGTTTTATTCGCAATATAGTGTCAAACAGTCTCGATTATCAGATTGTGGCTTCTATTTGTCATTTAGCGCGAATGAAAAATATGCAGGTCGTCGCGGAGTATGTCGAGAGCGAAGAAATACGAAGCGTCGTGCTCTCGTTGGGGATCGACTATCTTCAGGGATATTTAATTGGCGAGCCGCAGCTATTATCTGAGATTCAGTAAAGACAGACGCCGCGGCGCGGCGTCTGGCTCACAATTTACGCGGCGATCTCCGGCGAGCTTTCTTCCTCAATATTGAGACGCCAGCCAGTTACAGCTTCCCAGTACTGCTGTTCTTTTTCCAGATCAAGCAGTACCAGCGCATTCTGGCTGAACCAGTCATGCGGAAAACATAACGTCCAGTGGCTGTCATCGGTCGTTAGTCGCAGCGTCGGCGGCGTAGTGGTCGCCTGCCGCTGGTTGTTCAGTAATACGCCCAGCCGAAGTAGCTGAATTAACGGCAGATACTGTTTTTTCTTAAACAGCGTAAAGCGGGGCATATCATCCAGTTTTATGGCTTTACGATGGTAACGCACCAGCGTCGCCATCATCATTTGCTGCTCCTGATTAAAGCCGGGCAAATCGCTGTGTTGCAGAATATAAGCCGAATGGCGATGTAAACCGCTGTGATTAATATTCAGTCCAACCTCATGCAGCATTGCCGCCCAGCGGAGCAACGCTTCAAGCTGCGGATGCGCCAGTTTTGGCTGCTGGGCCTGCCACTGCTCGTACATCTGCATGGTGGTTTCCAGCACGCGTCTGGCCTGTTCTCTGTCAATGTTGTATTGATTGGCCAGACTTTTTGCGGTACGGCTGCGAACATCCTGATGGCGGAAGCGGCCTTCCATTTCATACAGCACGCCTTCGCGCAACGCGCCGTCGGAAAGGCGAAGCTCGCGGATAGCCAGAGCATCAAAAACGCCGCACAGAATCGCCAGGCCCGGCACAAAGACCGCTTTTCGTTCTTCAGACAGACCCGGCAGGCTGAGCGCATTAAAGGAGCGGTGCTTCAACACTTCTGACTTCAGTTTATCGAGGCGCTCCGGCGTAATGAAGCCATCTTTCTCACCCAGCGCCAGGAGAACTTC
NZ_CP110931.1_gap27	1315984	1320374	4390	CTTTGTCCGCTTCCGGAGCGGAGAGCGCAATCACCATGCCGACGCCGCAGTTAAAGGTACGGTACATTTCATGTCGGCTGACATTACCGGCGGTTTGCAGCCAGGTAAAGATGGCGGGCCACTGCCAGGACGACTCATTAATTACCGCCTGGGTATTCTCCGGCAGAACGCGCGGAATATTTTCCCAAAAGCCGCCGCCGGTGAGGTGGGCGATAGCGTGTACATCGATGTTTTCAATCAGTTCCAGAACCGATTTTACGTAGATACGGGTCGGTTCAAGCAGATGATCGGCCAGCGGCTTCCCTTCCAGCAGAGTGGTTTGTGGGTCGCAGCCGCTAACGTCAATAATTTTCCGCACCAGCGAATATCCATTCGAATGTGGGCCGCTGGAGCCGAGCGCAATCAGCACGTCGCCTTCGGCAACCCGGGAGCCGTCGATGATTTCTGATTTTTCGACTACGCCGACGCAGAAACCCGCCACATCGTAATCTTCGCCGTGATACATGCCCGGCATTTCCGCCGTCTCGCCGCCGACCAGCGCGCAGCCGGATTGCAGGCAGCCTTCGGCAATACCGTTGATCACGCTGGCGGCGGTATCGACATCCAGTTTACCCGTGGCATAGTAATCGAGGAAAAACAGCGGTTCCGCGCCCTGAACGACCAGATCGTTTACGCACATTGCCACCAGATCAATACCGATAGCGTCGTGGCGCTTTAAGTCCATCGCCAGGCGAAGTTTGGTGCCTACGCCGTCAGTGCCGGAAACCAGTACCGGTTCACGATATTTTTGCGGCAACGCGCACAGCGCACCGAAACCGCCCAGACCGCCCATAACCTCCGGGCGGCGAGTTTTCTTCACTACGCCTTTGATTCGATCAACCAGAGCGTTACCCGCATCAATATCGACGCCGGCATCTTTATAGCTAAGAGAGGTCTTATCGGTCACTGCCTGGTTCCCCACGTTTTTTTTGCGGTAAAAGTTAAATTCGGCGCAATTCTAACAGGGAAAGCAAACGTTTGCGAGCGTGGTCTGCGCCCTGGTTATCCGGGCGATTTTTTTTGCATGGTTTCGGTCGCTGCTTGAAAATTTCCCTGTTGGTAAAAAAGAAAAGGATATCCAGCACTTGGTTTACGACAGGCGGTCGGGACAGGTCATTCACCCTTAAAATTGCTAATATTCAAACGGTTGTTAGCCTTTATCGCCTGTTTCAACGTGAGTGATTTATACTCACTTTTCCGCTATCAGCGCTTTTGGTTGATCCAAGTCAAGCATACATTGTGTTGCGTCAGAGAGGAAAAGCGGTATAATCCGGCGATTTTTTTTGTGGTTGCCAGTCATCTGAGGATAGGAGAAGAGTATGAAGATCGTGGAAGTCAAACACCCACTCGTCAAACACAAGCTGGGTCTGATGCGTGAAAACGACATTAGCACTAAACGCTTTCGTGAACTCGCCTCAGAAGTAGGCAGCCTGCTGACGTATGAAGCGACAGCCGACCTGGAAACGGAAAAAGTCACCATCGAAGGCTGGAATGGCCCGGTGGAAATCGACCAGATCAAAGGTAAAAAAATTACCGTTGTGCCGATTCTGCGCGCGGGTCTGGGCATGATGGAAGGCGTTCTGGAAAATGTACCGAGCGCGCGTATCAGCGTAGTCGGGATGTACCGTAACGAAGAGACGCTTGAGCCAGTACCTTATTTCCAGAAACTGGTATCGAACATTGATGAGCGCATGGCGCTGATCGTCGACCCGATGCTGGCGACCGGCGGTTCTGTCATCGCGACCATCGACCTGCTGAAAAAAGCCGGCTGTAGCAGCATTAAGGTGCTGGTGCTGGTCGCCGCGCCGGAAGGCATTGCGGCGCTGGAAAAAGCGCACCCGGACGTTGAACTGTACACCGCCTCTATCGATCAGGGGCTTAACGAGCACGGATACATTATTCCGGGGCTTGGCGATGCCGGCGATAAGATTTTTGGTACCAAATAAGTGAATAAATAATTAAAAGCCGACTTTAAGAGTCGGCTTTTTTTTGAATAAAACCACTCATAACAAACACACTTAGAGGAAAACACTATGACGCGCCGTGCTATCGGGGTGAGTGAAAGACCGCCGCTTTTACAGACAATCCCGCTTAGTTTACAGCACCTTTTCGCCATGTTTGGCGCGACCGTGCTGGTGCCAGTTCTGTTTCATATCAATCCCGCGACGGTGCTGCTGTTTAACGGTATCGGAACGTTGCTGTATCTCTTTATCTGCAAAGGTAAAATTCCTGCCTACCTCGGATCGAGCTTTGCCTTTATTTCCCCGGTATTACTGTTGTTGCCGCTGGGTTATGAAGTGGCGCTGGGCGGTTTTATTATGTGCGGCGTGTTGTTCTGTCTGGTCTCTTTCATCGTTAAAAAAGCGGGCACCGGCTGGCTGGATGTGATGTTCCCGCCTGCGGCAATGGGCGCAATCGTTGCCGTCATCGGTCTGGAGCTGGCTGGCGTCGCGGCGGGGATGGCCGGATTACTGCCTGCGCAAGGGCAGTCGCCGGACACGAAAACAATTATTATCTCCATGGTCACGCTGGCGGTGACGGTGTTCGGCTCCGTACTGTTTCGCGGTTTCCTGGCGATCATTCCGATTTTGATCGGCGTGCTGGCGGGCTATGCGCTGTCATTCGCGCTGGGGGTGGTCGATACCACGCCGATTGCTCAGGCGCACTGGTTTGCGCTGCCGACCTTCTATACGCCGCGTTTTGAATGGTTCGCGATCCTGACGATTCTGCCCGCGGCGTTGGTCGTGATCGCCGAGCATGTCGGTCATCTGGTGGTGACGGCGAATATCGTCAAAAAAGATTTAGTGCGCGATCCCGGTTTGCACCGCTCGATGTTCGCTAACGGACTGTCGACGATCATTTCCGGTTTCTTCGGCTCCACGCCGAATACCACCTATGGGGAAAATATTGGCGTCATGGCGATCACCCGCGTTTACAGTACCTGGGTTATCGGCGGCGCGGCGATTTTCGCCATTCTGCTTTCCTGCGTCGGCAAACTGGCGGCGGCGATTCAGATTATCCCGTTACCCGTGATGGGCGGCGTCTCGCTGCTGTTGTACGGCGTCATCGGCGCGTCGGGGATTCGCGTCTTGATCGAATCGAAAGTCGACTACAATAAAGCGCAAAACCTGATCCTCACCTCGGTGATTTTGATCATCGGCGTGAGCGGCGCGAAAGTGCATATCGGCGCGGCAGAATTGAAAGGGATGGCGCTGGCGACCATCGTCGGGATTTGCCTGAGCCTGATTTTTAAACTGATTAGCCTGTTGCGTCCGGAAGAAGTGGTACTGGAGGCAAATGATGCGGAGCCCCCGCATCAGTAACGGGTTGCCGGGCAGCGATGCTGCCCGGTTCTATCTCACGGGAATTATGTGGTAAACTCAGCGCGATTTTATGTCATCCTGGGTTGAGGTATCTCTGAACACACCGGCACAGCTCTCTTTGCCACTTTATCTTCCTGACGACGAAACTTTCGCAAGTTTCTGGCCGGGGGATAACGCCTCTCTACTGGCCGCGTTACAAAACGTGTTGCGCCAGGAACATAGTGGATATATCTACCTTTGGGCGCGTGAAGGCGCGGGCCGCAGCCATTTACTGCACGCCGCCTGCGCTGAATTGTCGCAGCGTGGAGATGCGGTAGGCTATGTCCCGCTCGATAAACGCACCTGGTTTGTGCCGGAAGTGCTCGACGGTATGGAACACCTCTCGCTGGTGTGTATTGATAACATTGAGTGTGTCGCTGGCGATGAACTGTGGGAGATGGCGATCTTTGATCTCTATAACCGCATTCTGGAGTCCGGTAAGACGCGGTTATTGATCACCGGCGATCGTCCGCCAAGACAGTTAAATCTGGGCTTGCCCGATCTCGCTTCCCGTCTGGACTGGGGGCAAATCTATAAACTCCAGCCTCTTTCCGATGAAGACAAACTTCAGGCGCTACAGTTGCGCGCCCGGTTACGGGGGTTTGAACTGCCGGAAGATGTCGGGCGGTTTTTGCTCAAACGTCTTGATCGCGAAATGCGTACGCTGTTTATGACGCTGGATCAGCTCGATCATGCGTCGATCACTGCCCAGCGAAAACTGACGATCCCGTTTGTCAAAGAGATCCTGAAACTGTAATACGCCGCGACGGCGGCGTTTAACGGTTAACCGAGGATGTCCAGCACCTGCTCAGGCGGTCGGCCAATACGCGCCTGACCATTTGCCACTACAATGGGGCGCTCCATCAGTTTAGGGTGTTCAACCAGCGCCTGGATTAACGCCTCTTCACTCAGCTGGCTATCCGCCAGGTGAAGCGTCTTATAGAGATCTTCTTTCTGGCGCATCAGTTCGCGCGCGCTGGACATGCCCA
NZ_CP110931.1_gap28	1322915	1325863	2948	GACCTGGCTGGGCTTTTTGCTGTTTGGACTCAACTATTCGCTGCTGCTGGCGGTACTGGTGGGCTTTTCGGTCCTGATCCCCTATATCGGCGCCTTTGTGGTGACAATTCCGGTGGTGGGCGTCGCGCTGTTTCAGTTTGGCCTGGGGACGGAATTCTGGAGCTGTTTTGCCGTTTATCTGATTATTCAGGCGCTGGATGGCAATCTGCTGGTACCGGTACTTTTCTCCGAAGCGGTGAATTTGCATCCGCTGGTGATTATTCTGTCAGTGGTGATTTTCGGCGGTCTGTGGGGATTCTGGGGGGTGTTTTTCGCCATTCCATTGGCGACGCTGATTAAAGCCGTTGTCCATGCCTGGCCGGATGGTCAGGTGACGGATGCCTCATCCTGAGCGGTCAGTACAAAAGTTGTAAAGCGTGAACGACATCATAGTGCCCTGCCGCCATTTTGCGCACGCCTGATGAGGGACAAGCGCTTAGAAAGCCGCTCTTTTTTTTAATGCCGCACCGTGTTGCGGCATTTTTATTGTCGGAACCTACAAAATTCTCGCTGTAAAGCCGCCAAAATTTGGTGACTTAGCCTAAGCATTCTTCTGAGAAATTCGTTAATAAGTGACATCATTGATGCGAGATTGTTTTTTTAATGTGAAGCGATAACGAAACAGGGAATGAGTGTGTTGAGAAAACATTACTTGAAAGGGTATACCGCGCGGCAAATTGTACAGCGAGCCATGAAAATTATTCCTTACTCGGTAAACGTCATGGATGAGCATGGCGTCATTATCGCGTCTGGCGAACCTTCGCGGCTTCGCCAGCGTCACGAAGGGGCCATTCTGGCGCTGAAGGAAAACCGTATTGTAGAAATTGATTCCGCTACCGCCAATCAGCTTAAAGGCGTGCGATCCGGCATTAATCTTCCCATCTCTTTTCATGAACAGCTTATCGGCGTGGTCGGCATTACCGGCGAGCCGGAGGAGGTTCGCGCGTATGCCGAGCTGGTTAAAATGGCGGCGGAGCTGGTGATCGAGCATATGGTGCTGATCGAACAGCGACAATGGGATAAACGCTATCGCGAAGAGCTGATCAACCAATTGATTTTACGAGAAAATTCAACAGAGTCGTTGCGCTCCATGGCGGCCTATCTGGGTATTGATCTGGCGGTTCCCAGAGTGGTGCTGATTATTGAACTTTCCCAGCCGGATCGCGAAGCGCTGCGCAATGTAATGGATTATTTCGAGAATCACGCGCGTAACCATTTGGTGACGTTTACCGAATTTAATGAATTAATCATTATTAAGCCTATCACGTTAAAAGAGGGAAAGTGGAATACCCGCCAGGAAATGGGCGAATTGCAGATTTTTAAATCATGGGCTGCATCATCGGGCTTTAGCCGTATTTTGGTTGGGGGCTATTTTGCCGGCGAGACGGGATTGCACCGATCTTTGCTCACAGCGAGAGCCACGCAGGCGATGGCGAAAAGACAAAAGCTGCGCAGCCAGTACATTTTTTATCATGACCACGCGCTTCCCGCGCTGCTAAGCGGGCTGTCTGAAAGTTGGCAAGTGCAGGAGTTATCGCGTCTGTGGCTGCAACTGGCGCAACATGACGCGAAAGGCGTATTGCAACAGACGCTGCGGACTTGGTTTGAACATAATTGTGACCTGACGCAAACGGCCAAAGCATTGCATATTCATGTGAATACATTGCGCTATCGCTTACAGCGCTGTGAGGATATTACGCACATAAAAATCAACGAGTTAAAAAGTACGCTTTGGCTTTATATCGGTATGGAGCTCCAGGCCGAATCTGTACCGTCCGACAAGTTACCGCTGCCAGGTCGAATCGAAATTTGTTGAAAGCTCCAGCGGATTTTTAGGCGGGTTTTCCATACTGCGCGCTCCATGTTAAAGGAGGCGCAGTATATGACGTCGATATCCACCCTGGGAGCCATTGCCGCATTGGTTGTGGCCATCGTATTAATTTTAAGAAAAGTGTCGCCAGCCTACGGCATGATGGCGGGCGCGCTGGTCGGCGGTTTGATTGGCGGCGCCGATCTTCTGCAAACCGTGTCGCTGATGGTGTCAGGCGCGCAGGGCATCGTTAATGCCGTATTGCGTATTCTGGCCGCAGGCGTACTGGCGGGCGTATTAATTGAGTCCGGGGCGGCGAATACGATTGCTGAGACGATTGTCCGCAAAGTGGGGGAAACCCGGGCATTATTGGCATTAGCCATTGCCACACTATGTTTGACCGCCGTCGGCGTATTTATTGATGTGGCGGTGATTACCGTCGCGCCGATTGCGCTGTCGATTGCGCGTAATGCAGGGCTGTCAAAAAGCGCTATTCTGCTGGCGATGGTTGGCGGCGGCAAAGCGGGTAATGTGATGTCACCCAACCCGAACGCTATTGCCGCCTCTGATGCGTTTCATGTTCCTCTTACCTCTATTATGCTGGCGGGCGTGGTTCCGGGCATCGTTGGGCTTATTATCGCCTATCTGTTAGCGAAACGGCTGAATAATAAAGGCGCGGGCGTCGCCGATCATGAAGTGACTCACCATGATGACTCCGTCGCCAGACCAGGCTTTCTGGTGGCGATTAGCGCGCCGCTGGTCGCTATTTTCCTGCTTTCTCTCCGTCCGTTTGCCGGCATTTCCATTGACCCGTTAATTGCCCTGCCCGTAGGGGGATTGGTCGGTCTGCTGTTGATGGGACGCGCGCGCCACTGTAACCAGTACATGGTCGCCGGTCTGATGCGTATGGCGCCTGTCGCTATTATGTTGCTGGGAACCGGTACGCTGGCCGGCATTATCGCTAATTCCGAACTTAAAGATGTCCTGATTCATGGCCTCACCGCTTCGGGATTGCCGTCCTGGCTGTTGGCGCCCGTGTCTGGCGCCATGATGTCAATGGCGACGGCCTCAACCACGGCGGGAACGGCGGTGGCGTCCG
NZ_CP110931.1_gap29	1328478	1332684	4206	TGGCCCATGTTCACGGGAAGTATTGTCGCGCTTGTTACGCCGATGGATGAGAAAGGTAACGTCAGTAGGTCTTGCCTGAAAAAACTCATTGATTATCATGTCGCCAACGGTACCTCGGCGATTGTTTCGGTTGGCACTACCGGCGAGTCTGCCACGCTAAGCCATGATGAACATGGCGATGTCGTGATGATGACGCTGGAACTGGCTGACGGACGTATTCCGGTTATCGCCGGCACGGGCGCAAACGCGACCGCGGAAGCGATTAGCCTGACGCAGCGTTTTAACGATAGCGGCATTGTTGGCTGCCTGACGGTAACGCCGTACTACAATCGCCCCACGCAGGAAGGTTTGTTCCAGCATTTCAAAGCCATCGCGGAACACACTGACTTGCCGCAAATTCTGTATAATGTGCCGCCCCGTACCGGTTGCGACATGTTGCCGGAAACCGTGGGTCGTCTGGCGGAAATAAAAAATATTATCGCTATCAAAGAGGCGACAGGGAACTTAACCCGCGTTCACCAGATCAAAGAGCTGGTTTCAGACGATTTTATTCTGCTTAGCGGTGATGACGCGTCTGCGCTGGACTTTATGCAACTGGGTGGTCATGGCGTGATTTCCGTTACGGCTAACGTAGCGGCGCGCGATATGGCTGACATGTGCAAACTGGCGGCGGAAGGGCAATTTGCCGAGGCGCGCGCTATCAACCAGCGTCTGATGCCGTTACACAACAAACTATTTGTCGAACCCAATCCTATCCCGGTGAAATGGGCATGTAAGGCATTGGGTCTTGTGGCGACCGACACGCTGCGCCTGCCAATGACGCCTATCACAGACCATGGTCGTGACATCGTCAAAGCAGCGCTTCAGCATGCTGGCCTGCTGTAAAGTTTAGGGAGATTTGATGGCTTACTCAGTACAAAAGTCGCGCCTGGCGAAGGTTGCGGGTGTTTCGCTTGTTTTGCTGCTCGCTGCCTGTAGTTCCGATTCGCGCTACAAGCGCCAGGTAAGCGGCGATGAATCCTATCTGGATGCCGCGCCGCTTGCTGAACTTCACGCCCCGGCAGGAATGATCCTGCCGATAACGACCGGCGACTACGTTATTCCGGTCACGAAGGGGAGCGGCGCGGTTGGTAAGGCGTTGGATATCCGTCCGCCAGCGCAGCCGTTAGCGTTAGTGAGCGGCGCGCGTACCCAGTTCTCTGGCGATACCGCTACGCTATTGGTGGAGAATGGCCGGAGCAGCACGCTGTGGCCGCAAGTCGTCAGCGTGATTCAGGCGAAAAATTATCCGATTGAAAAACGTGACGATGCCAGCCAGATCCTGACGACCGATTGGGTGAGCTGGAACCGCCTGGATGAAGACGAACAGTATCGTGGACGTTATCAAATCTCGGTGAAGCCGCAGGGCTATCAGCAGGCGGTAACGGTAAAACTGGTTAATCTGGAACAGGCTGGCAAGCCGGTTGCTGATGCGGCGTCGCTGCAGCGCTATAGCACGGAAATGATGAACGTCATTTCCGCCGGTCTGGATAAGACCGCTACGGATGCGGCAAATGCCGCGCAGAACCGTTCCGCCGCAACGATGGATGTGCAGAGCGCCGCTGATGATACCGGTTTACCTATGCTGGTCGTTCGCGGTCCGTTCAACCTCGTGTGGCAACGCCTCCCGGCCGCGCTGGAAAAAGTGGGCATGAAAGTCACCGACAGCACTCGCTCTCAGGGCAGCATGGCGGTAACGTACAAACCGTTGTCTGACAGCGACTGGCGGGATCTGGGCGCTAGCGACCCGGGCCTGGCATCCGGAGACTATAAATTGCAGGTCGGCGATTTAGATAACCGCAGCAGCTTGCAGTTTATCGATCCTAAGGGGCATACTCTGACGCAAAGCCAGAACGACGCGCTGGTTGCCGTCTTCCAGGCAGCGTTCAACAAGTAATTTAACAGGGCTGGAGTAATCCGGCCCTTTTTTCTGATAAGATACGCAAACGTGTGCGTCGGTACAAAAACGCGATTTAACCGCTATTTCGCACCACAATTACAGGCCGACGTCTCCGGCAGGCGTAGCAGGAAATGAATACTTATCGTTAATTCACACCCAGGAGTGTTAAAGATGCAAAAGCAAGCTGAGTTGTATCGTGGTAAAGCGAAAACCGTATACAGCACGGAAAACCCGGACCTGTTGGTGCTCGAATTCCGCAATGATACGTCAGCAGGGGATGGCGCGCGCATTGAACAGTTTGATCGCAAAGGCATGGTAAATAACAAATTCAACCATTTCATTATGACCAAACTGGCCGAGGCGGGCATCCCGACCCAGATGGAACGTTTGCTGTCTGATACCGAGTGTCTGGTGAAGAAGTTGGAGATGGTGCCGGTTGAATGTGTGGTGCGCAACCGTGCGGCTGGGTCGCTGGTCAAGCGTCTGGGCGTGGAAGAAGGCATGGAGCTTAACCCGCCGATATTCGATCTGTTCCTGAAAAACGACGCGCTGCACGACCCGATGGTGAATAGTTCCTACTGTGAAACGTTCGGTTGGGTAAGTCAGGAAAATCTGGCGCGTATGAAAGGGCTAACCTACAAAGCCAACGACGTACTGAAAAAACTGTTTGATGACGCGGGTCTTATCCTGGTGGATTTCAAACTGGAGTTTGGCCTGTATAAAGGCGAAGTGGTGCTGGGCGATGAGTTTTCGCCGGACGGCAGCCGCCTGTGGGATAAAGAGACGCTGGACAAAATGGACAAAGACCGCTTCCGCCAGAGCCTGGGCGGTCTGATTGAAGCCTATGAAGCCGTCGCGCATCGACTGGGCGTGAAATTAGATTAATTCCGCTTCTGACCGGGGGGCAACCGCTCTCCGGTATCATCCTTTCCTCATTCTGATAGCGTTTACCTGTGGTAATCCTGCGCCTGACCGCCTACGATCATCTGTATAACAAAGAGAGAATGAGGTGATTATGCGCTGGCAAGGGCGTCGTGAAAGTAACAATGTAGAGGACAGACGTAATCGGCCAGGCGGCCCCTCGCTGGGTGGCCCAGGCTTTCGTCTTCCGCGCGGAAAAGGCGGCATCATTCTGTTGGTGGTGGTGTTGGTCGCAGGGTACTATGGGGTGGATTTAACCGGTCTGTTGACCGGTCAGCCGGTTTCGCAGCAGCAGTCGACGCGTTCGATAAGCCCCAATGATGATGAAGCGGCAAAATTTACCTCGGTGATTCTGGCGACGACCGAAGATACCTGGGGGCAACTCTTTCAAAAAATGGGGCGCGGCTATCAGCAGCCAAAACTGGTGATGTACCGTGGTATGACGCGCACCGGCTGTGGTGCGGGTCAGTCCGTGATGGGGCCGTTTTACTGCCCGGCGGACGGCACCGTCTATATCGATCTCTCATTTTACGATGATATGAAAAATAAGCTGGGCGCGGACGGTGATTTTGCTCAGGGTTATGTCATCGCCCACGAAGTCGGCCACCACGTACAAAAACTGTTAGGTATTGAGCCGAAAGTACGCCAGTTGCAGCAAAACGCGTCGCAAACGGAGGTGAATCGCCTTTCGGTGCGCATGGAACTACAGGCGGATTGCTTTGCCGGCGTGTGGGGACACAGTATGCAGCAGCAAGGCGTACTGGAGGCGGGCGATCTGGAAGAGGCGCTCAATGCCGCACAGGCTATCGGCGACGATCGCTTACAGCAACAGGGGCAGGGGCGCGTCGTGCCGGATAGTTTTACCCACGGCACCTCAGAACAGCGCTACAGCTGGTTTAAGCGTGGATTTGACAGCGGTGACCCGGCGCAATGTAATACGTTTGGCAAAAACTTTTGATAAACTGGGGCAGGGATGTCTGATATCGATGCGCTACGGGCGTTAACGTCGCAAATGACACAGGAAGGTATTCGCCGTTTACTGGTCATCAGCGGCGATGCGGCGTGGTGCCGGGAACGGGCCGAGGCGATACGCGCTGTATTGCCCGGTGACTGGCTGTGGGTCTCGCCTGACGCGCCCGCCCAGCTGCGCTGTACGCCACAGGCGTTACAAACGCTGCTGGGCCGTGAATTCCGTCATGCGATATTTGATGCCTGGCAGGGCTTTGACGCCGCAGCGTTTGCCGCTCTGAGCGGGACCTTGCAGGCCGGAAGCTGGCTGCTTCTGCTGATGCCGCCGTACGAGACGTGGGAAAGCAGGCCTGATACCGATTCACTGCGCTGGAGCG
NZ_CP110931.1_gap30	1333769	1334935	1166	TGTGATTATCTTTCCGTCAGCTTCGGCTATACGCCGGAGCTGTGGCGTTTCTGGCAACGCTGCGGCTTTGTACTGGTACGGATGGGCAACCATCGGGAGGCGAGCAGCGGTTGCTATACGGCGATGGCGTTATTGCCGCTGAGCGACGCGGGAAAACGGCTGGCGCAGCAGGAACACCGACGTTTGCGCCGCGATGCGGATATCCTGACGCAGTGGAACGGCGAGGCGATACCGCTGGCGGCGTTAGATGAACAGGCGCTTAATGATGAAGACTGGCGTGAGCTGGTAGGTTTTGCTTTCGCGCACCGCCCGCTACTGACATCGTTAGGTTGCCTGCATCGTTTACTGCAATACAGCGCATTGCCATTACCGGCGCTGAGAGGGCGGCTGGAGGAAAAAGCCAGCGATGCCGAACTGTGCGCCCGGCTACGCATTTCAGGCCGTAAAGCTCTGCTGGCGTTGCAGCGTGCGCAGGCGGCGCAGGCGCTGATTGCGCTGGATGCCGGACGAACGCAGCGTTTGCGCGACGTAATGCCCGGCGGTGAGGACCATGCCGGCTAGCGATACCTGTCCGACATGATATCCGGTTACTTTTTCGGCTGATCTTTCTTCGGCCAGTCGTCTTCATCGTCCCACTTATCGTTAAAATCGCGATGCGGGGGCAGCTCAGGTTTATTGGCAAGGAATTTCTTATGGTCGATGCGTTTGAGATCTTTGATCACATTCAGCAGTACGCCTACCAGAAACACCAATACCAGAATCCACCAATATTTTGTCAGCCAGTCCATGCTTATTTCCTCTTACCGGAACGCTCATCAGGCGACGAGCTGTTCCATAATGCGTTGATACATACGGGCCAGTAGCTGGAGATCGGCGGCATTCACACATTCATTAATTTTATGAATGGTGGCGTTCACCGGCCCCAGTTCTACCACCTGTGCTCCCATACGGGCGATAAAACGTCCGTCGGACGTACCGCCCGTCGTCAGTAATTGCGGTTTAATTTCATTATAGTGCTCAATGGCGTTTACCACCGCGTCCACCAGCTTTCCGCGCGCGGTCAGGAACGGCTGACCGGAAAGCCACCAGTCTACGGTATAACGTAGCTGATGCTTCTCAAGCAGCGCATGTACCCGTTCTTTGATTATCTCATCGGTCAGTTCCGT
NZ_CP110931.1_gap31	1529294	1530827	1533	TAACGGAATTATGCTTTGCTTTCGCCGAAAGTTTAAGGCATTTTATGCATGCCCAAAAGCTGTTTTTATGTTTCTGGTCTGGTCTTCCGTCGCGGAATTTCATTTTAATTGTATTGCTATTAAGTTAGCTGCACTGTCTGCCTGAGAGGTTAATGTGCTGGCATTTACCCTACGCTTTATTAAAAACAAACGCTATCTCGCGACTCTGGCGGGGGCGTTGGTTATTATCGCCGGGTTGACCTCACAACATGCCTGGAGTGGTAACGGTCTACCGCAGATTAACGGTAAAGCGCTGGCGGCGCTGGCGAAGCAGCATCCGGTAGTCGTGTTATTCCGCCATGTCGAGCGGTGCGATCGTTCCGATAATACCTGCCTGTCAGACAGCACGGGGATTACGGTCAACGGTGCGCAAGATGCCAGAGCGCTGGGTAAAGCCTTCAGTGCCGATATACAAAATTACAATCTCTATTCCAGTAATACGGTGCGCACCATCCAGTCGGCAACCTGGTTTTCCGCGGGCAGGTCGCTTACGGTGGATAAAAAAATGATGGATTGCGGCAGCGGTATTTATGCTTCAATCAATACGTTACTGAAAAAGTCGCAGAATAAAAATATAGTCATTTTTACCCATAATCATTGTTTGACGTATATTGCAAAAAATAAGCGCGGCGTAAAGTTTGATCCGGACTATCTTAATGCGCTCGTTATGCATGCGGAAAACGGAAAACTCTTTTTAGATGGTGAATTTGTTCCCGGCTAGCCGCATGTTAAAAGCGTAAAGACAGCCTGAAGCGGCTGTCGTCATTATAATAACCCTTTCAATGCTAATGTGTGGCGTGTCGCTACATTCAAATCATACAGCGCCAGTTCTTCTGGCTTGACCCAGGCGTAGTCCTGAAATTCGTCGTTAATACATATATCGCGATTAGCGGAAACACAGTCGAAGATGAGATAAATCATATAAATCTCTTCTTGTCTGCCATCAGCGTAGGTTTTAACGCGGATATCGTCGCGGAAGGTCCACGGCGTAATATCGCTCAGAATCAGTTGTTCGCCGAGTTCTTCCCGAATCTCCCGACGCAGCGCCTCTTCAATGCGTTCGCCCGGCTCGACCCCGCCGCCCGACAGCGCCCACTGACCGGGAAAGACGCCGCGGTTGTCGGCCATTTTGCACAGCAGATAACAGCCATCATTTTGAATTAATGGGCAAACTATAGTTCGTTGACGCATAAGTCGCTTCCTTAAACCACCAGGTCGTCAGCTTAACAAATCATTCTGCGAAATTCTTTGTGAAAAATGGAAGCGATAACGCAGACTGCGTTTTTTGTTAATCCAGTTGATGCAGGCGTCGCCATGTGATGGCGCAATGATGCGGCATGGCGAAAGTAGTATTTCGTTACAATATGTTTTTGGAATGGTTTTTTAGTGCATTGATTCCTCAGCGTCTGGCAGTACAATTCTGCCGTTTTGGGGAGTTTTTCTTTATGTGCTTGCTGGAAAGGGTAAAAATGAAAAAAAGCATATTATTAGGTT
NZ_CP110931.1_gap32	1539564	1543539	3975	ATACCAGCGGCGGAAGGTGCCGAAAGAGTATTTTGGTAAGGTGCGGCGATGATCGATTTTGAGCGCGTAATCAAGCAACTGGCGCACTGGCTTTAATGCGGTGGCGGTATTGACCACCGGCGCGAACGGCGTTGAAACGCTGCCCATCAGATCGGTATGGCTGAGAATAAAATTACGCAATGACGGGCGCGTCGTATCGTATTTCGCGCGGGCGCGCTGGATGATATCGCCAATCTTCACGTCCGACGGACAGGCGACCTCACACCGTTTGCAGTTAATGCAATATTTCAGCGCCTCATCATACAGTGCGCCGTCTTTCAGACGCAGGCGCTCGCCATCCGGTCCGGCCTGTTTAGGGCCAGGGTAGCCAGGATTAACGCGGCTGACCGGGCACGCGGTGGTGCACACCGTACATTTAATACAACTTTCAAAACGTGTGTCGCTCATTGCTGTTCTCCTGCACGCTCAGCGATATGGTGCGCGGCCTGGAGGGCGCTGACTGCGCAGACACCGCCGCCGCATCCCTCAGCTATAGGATCGAATCCCGCCAGCACAGAACCTATTGCATACAGATTTTCTACCGTGTTGCCCGCAAGGGAGGGGCGGAAGGCGTCATCCGTCACGACGCCAAACTGCTGCCAGGGCTGTGGGTCGAAGAAATGTTGTTGATACCATTCGGCGCGGGTGGCCGTTTGCTGTACGTCGAGCCCTAAAATAGGTTCGCGGATCCCTTCGCGCTCGGCAACCAGACCGCTACTAAAGAAGCTACCGCTGGCAAGTACGGCAAAACGCGGGCGCAGTGGGATATCAGCATGGTTGCGGGTCCATATTTCGCTCACGATACCGTGACGGCAGGTGACTTTCTTCACTTCATCGCCCGGCATCCAGATGCCGCCCTGACGGACAAACTGGCGCTGGAGCTGATTGTGCAGACGAATACCGAGCACCGATGGCGGCAGCGTCGGCAGCAGCGTGAGCGCGCAGGGCAGACGTTCGTTAAGCCAGCGCCACAGCGTATCGTTCGCTAGCCCGAAACAGGCGGGCATGATGATCATGTCGCAGTTTGTCGCTATTGGCGACAGCGCGTCGTACAGCAGTGGCCATTTTTCTTCGTTATCAAGCAGACGCGCAATATTGACCGCGCGAAATTCCGTCGGGTTATCACGCAGTACGTCCAGTTCCGGAAGGTCGATTTCTGCGGTTTCCACGTTGAGGTCGCGTTGGCGCAGCGACGCTGCCGCAAGGTGCGCCTGGAAATCCAGTAATCCGCTAACGCCGACGACGCAAATTCGCTGTGCGGATAACGGCCAGACCGGTACTTCCGGCGAGCTAAGCCAGGTTGAACGCAATGTGCCAAGCGGCGTGACACGCTGGTGCGCCTGCTGTACGTCGCCGTATAACTGCGCGCCGCTGGCGTTAAGTAGCGTTTGCGCCTGTTGCGCCAGCGTAAGGACTTTTTGCGCGCCCAAACGCGAATAAGGATGTTCAGGCGCCTGGCGGCACAGCGCATCAAGCCCGGCGGTAATGTCGGTCACCGGTTGGCCGTCGGGCAGGGCGCTGAGTAGATCCAGCGAGCCGGAGGAAAAATGCAGCGCGCTTTGTCCGCGGGTGACGATGGCGCAGCGTAATCCATGCTGCTGGAGTTGCAGTCCGCATAGCAAACCGGCGAGACCGCCGCCCATAATAACCGTATCAAATTTCATCCTGGTGCTCCTTCTCCAGACCGCATAATCCCTGATAAACCCAGCGCGTGAATTCGCTTTCGCGCAGCGCGTCTCCCCAGGCGACAGGTTGTACGCCTTTCCAGCGCTCATTCAGAAATTCAGAGAGTTGCGTAATAGATTGCGCCGCGGTCGTCACATTAAAACGCTGCAATAGCCCGGCTGCGCGGCAGGCGCATAGCTCGCCCTGGCAAGTGCCCATCCCTACGCGGGTGCGACGGCGCAGATCCAGCAGGCTATTCACGGTTAAGTTTTCGACGGCATACTGCACTTCCCCCGCCGTGACGGCCTCGCATTCACAGACCAGGCTACGGTGTTGGCGGCCTTCACTCAGCCACCCCGGCGTGCGATCGCCATGCCGATAAACCGCCGATCCGCGTAGCGGCGCGGGAAGCGAGATAATGCGTTTCAGCGTATGTTCTGTAGACTCTTTTGAGCCAGGCAACGGCGTATCCGCCGTGATGCAGGGGCGAGTATTGCCCAACTTGCGGCACACGGCATCGGTCGCCCATTCCGCCATCAGGCGGTAAGTCATTAGCTTCCCGCCGGTAATGGTAATGAAGCCTTCAAGCCCGTCGCGCTCGGCGTGGTCGAACAACACAATACCGCGGCTGACGTTACGACCACTGGGATCGTCATCGCTGGCCACCAGCGGGCGGACGCCGGAATACGCGCGCAGAATACGCGTCTTCGCCATGACAGGGGCCAGTTTTTCCCCTTCACGCAGCAGGATATCGACTTCATCTGCGGTGACGCGGTTGTTGTCTATCTCATTGTAATCAATATGGGTAGAGGTGGTGCCGATCAGTGAAATCGTATCGCCAGGTACCAGAATGTCGGCATCCGATGGTTTCCGGCAGCGGTTAATGACATGCTGGTTGATCCGATGGTCCATGATCAACAGCGAGCCTTTCGCCGGGAACATGCGAATACTCAGGTCGGCGTATTCGGCGATCCGTTGCCCCCAGATACCTGCCGCATTGACCACCACCGGCGCGTGAAGCGTCTGGGTTTCGCCAGTGAGATGGTTGCGCACATGGACGCCGCAGACCGTTGCGCCTTCACGAATGAGCCCGGTCACTTCATGCGCCGTTAACACGATTGCGCCATGTTCTCTGGCATCCAGCATATTGGCGGCGGTAAGGCGGAAAGGGTCCACGGTGCCATCCGGCACTTTTACCGCACCGATGAGCGCAGGGTTAACGGAAGATTCGATGATGCGAGCCTGCTGCGGATCGATGGCTTCAGCGCGAATGCCCGCCGCTTCACAGGCGCGAATAAAGGTGGCCTGAAACGCAAGATCATCTTCCGGCAACGTAATAAACAGACCATCCGTCGGTTCGACGCAATGGCGGGCGATCCGTTTTAAAATCTGGTTTTCACTAATGCACTCGCGCGCGGATTCCGCGTCGGTAACCGCATAACGAGCGCCGCTGTGCAGCAGTCCGTGGTTACGCCCGGTCGCGCCGGTCGCTATATCATGCCGTTCCACCAGAATGACACGTAAACCGCGCAGCGCGCAGTCGCGGGCGATCCCTGCGCCTGTTGCTCCACCGCCAATGATAATCACGTCACTTGCTTGCGAGTCGCGAGTTTTCATTGTTTTTCCTCACAGTTCGTTTTTTATCATTTAGCCATACAAATCATATGGAATGTTTGATTTCGCGCATAATCGCTCACTATTCGAAAATGAAACGTGATTTCGTGCGCCTTTCTGAACATTGGTCATAAAACTGTAACAATATGTGCTGTAATTCACATTAACGTGACGTATCTTTACTTAACATCGCGGCCACACTGGGAGCAGCGGGGTTGTTTGAACAAACTGCGGTGTTTACCTCTAAATAAAATACGGGCCACGGAGGCTACAATATGTTGAGTATTTTTAAACCAGCGCCGCATAAAGCGCGCTTGCCAGCGGCGGAGATTGATCCGACCTATCGCCGATTACGCTGGCAGATTTTCCTGGGGATATTCTTTGGCTATGCCGCGTATTATCTGGTGCGCAAGAACTTTGCCCTCGCGATGCCCTACCTGGTAGAACAGGGTTTTTCACGCGGCGATCTGGGCTTTGCGCTGTCCGGGATTTCCATCGCTTATGGTTTTTCGAAATTTATAATGGGTTCGGTGTCCGATCGCTCGAATCCGCGCGTTTTTCTGCCGGCAGGGTTGATTCTGGCCGCAGCAGTCATGTTGTTTATGGGCTTTGTGCCTTGGGCGACATCCAGCATCGCCGTGATGTTTGTGCTGTTGT
NZ_CP110931.1_gap33	1667998	1672128	4130	CGAAAAATATACTTCGGCATTTTCTGCTACCGCGCTGAAGGTCGCCGCGTCAACGGAGGGGATTCTGCGTCAGGGATTTAACGAAGTGAACAGTATGAAGGTGGCGCAGGTGTTATATCAGGAGCTGGATATTGGCGCCGTCGCCATCACCGATCGTGAAAAACTGCTGGCTTTTACTGGTATTGGCGACGATCACCATCTACCGGGCAAACCCATTTCATCAGGTTATACGCTGAAAGCAATTGAGACCGGAGAGGTGGTTTATGCCGATGGCAACGAAGTGCCGTACCGCTGTTCGCTACACCCGCAGTGTAAACTCGGTTCGACGCTGGTGATCCCGCTGCGTGGCGAAAATCAGCGAGTCATGGGCACCATTAAATTGTACGAAGCGAAAAACCGACTGTTCAGCTCAATTAACCGCACCCTGGGAGAGGGTATTGCGCAGCTTTTATCCGCGCAGATCCTGGCCGGGCAGTATGAACGGCAGAAGGCGTTGCTGACGCAGTCAGAGATCAAGCTGTTGCACGCGCAGGTGAACCCGCATTTTCTGTTTAACGCGCTCAATACCATTAAAGCGGTGATTCGCCGCGACAGCGAACAGGCCAGCCAACTGGTGCAGTACTTGTCGACCTTTTTTCGCAAAAATTTAAAACGCCCGTCGGAAATCGTCACGCTGGCGGATGAAATTGAACACGTAAACACTTATCTGCAAATTGAAAAAGCGCGTTTTCAGTCGCGTCTGCAGGTACAGCTTGATGTTCCATCGACGCTTTCACGTCAGAAATTGCCTGCGTTTACATTACAGCCGATTGTTGAGAACGCCATTAAACATGGCACGTCGCAACTGCTTGATACCGGCAACGTCGCTATTCGCGCCCGGCGCGAAGGGCAGCATTTGATGTTAGATATTGAGGATAATGCGGGACTGTATCAGCCTTCCGCCGGCAGTAGCGGGCTGGGGATGAGTCTGGTTGATAAACGTCTGCGCGAACACTTTGGCGATGATTATGGTATTAGCGTGGCTTGCGAGCCGGACTGTTTTACCCGAATTACATTACGACTTCCACTGGAGGAGGACGCATGATTAAAGTGCTGATTGTGGATGATGAGCCGTTAGCGCGGGAAAATCTGCGGATTTTGCTCCAGGGGCAGGATGACATTGAGATTGTGGGAGAGTGCGCGAACGCGGTAGAAGCGATTGGCGCGGTACATAAGTTGCGACCTGATGTGCTGTTTCTGGATATTCAGATGCCGCGTATCAGTGGACTGGAGATGGTAGGAATGCTTGATCCGGAACACCGCCCGTATATCGTTTTTTTAACCGCGTTTGACGAATACGCCATCAAAGCCTTTGAAGAACACGCTTTTGATTATCTGCTCAAGCCGATAGAGGAGAAACGGCTGGAAAAAACGTTACATCGTCTGCGTCAGGAGCGCAGTAAACAGGATGTTTCGTTGTTGCCGGAAAACCAGCAGGCGCTTAAATTCATCCCCTGTACCGGACACAGCCGGATCTATTTGTTGCAAATGGATGATGTCGCCTTTGTCAGTAGCCGTATGAGCGGCGTTTATGTGACCAGCAGTGAAGGGAAAGAGGGGTTTACCGAGCTGACGCTGCGCACGCTGGAAAGCCGGACGCCGCTACTGCGTTGTCATCGTCAGTTTCTGTTGAATATGGCCCATTTGCAGGAAATTCGGCTGGAGGATAATGGGCAGGCAGAGCTGATTTTACGCAACGGCCTGACGGTGCCGGTAAGCCGTCGCTATCTGAAAAGTTTAAAAGAGGCGATTGGCCTGTAAAAGACTGTTAGAATATCGTTTTGCCATAGAAACGACCGAAGGCCTCATGCTGAGTAACGATATTCTGCGTAGCGTGCGCTACATTTTAAAAGCTAATAATACCGATCTGGCGCGTATCCTGGCGCTGGGTAACGTTGATGCTACGCCGGAGCAGATAGCAATCTGGTTGCGCAAAGAAGAGGAAGAGGGGTTTCAGCGTTGCCCGGATATCGTGTTGTCCTCATTTCTCAATGGCCTCATTTATGAAAAACGCGGCAAAGATGAGGCGGCGCCTGCATTGACGGCGGAACGTCGTATCAACAACAATATTGTGCTGAAAAAGCTGCGTATTGCCTTTTCGCTAAAAACAGATGATATCCTGGCGATACTTACCGGTCAGTTGTTTCGTGTCTCAATGCCAGAGATCACCGCGATGATGCGCGCGCCGGACCATAAGAACTTCCGCGAATGCGGCGATCAGTTTATGCGTTATTTTCTGCGCGGTCTGGCGGCCCGTGAACACGCGGCGAAGTAATTCTGCGGTATTGTTCCCGGCAGCGTCCTGTCTGACCGGGAAAACGCATTATTATACTAATTGATTCTATGATACCCGCTCTCTTCCAACAGTTTCTGCGAGCGAATCATTGACAGATAGTACGCGGAACAGTTGTCAATTGATGATCCTGGCAATTTACAGAGGTCGCTTATTTTTGCCTGGGTAAAATCAATATCCACATATTCCGTAGCATAGCTATCATAATAGTCGATTCGTTCAGTCAAACCCGGCATACCCTGATAAGCTTCGCCGACTTGACTCAGCATTTTTTGTGCTTCTTCTTTATTATTGGCTTTCAGGGTCTTATAGTAGTTTATGTTCAGATATTTGACGTAAAACGATATCCCCTTTGTAGTAATAGGTTAACTTGATTTCAATACCGTTGAGATTACCTACATAGCGTTGTGTTTCCTCTGACTCTTTGCTAGCGGCTATCTTCTTGATAAACGCTGTCATGTTATTTTGCTTTCCCTGGAGAGTATCGTTTTTCTGATCGCAGCCAGTTATGCTAACCGATAGAGAGAGCGCGAATAGTGGCAGTGCCATAAGACGTAGAACCTGCATAACAATTCCTTGTCGTTAAGTATTGGTGTGGCCAGGAATTCAGGGATTATAGGCTTTGGCGAGGGGACTTACAGCGAGGCTGTCTTTTTTCGGAATTCATAAAGAAAAGACGCTGCCGAAGCAGCGCCCTGAGCGACTTTACCAGTCGATGCAATACATTATGCCTGCCAGTTATTTCGCTTCTTTAAAACCAGCAGCTTCCAGCAGCGTCTGGGTTTGTTTCATGCTGATACCTTTGCTGGTATCGCCGGACACCATTGTCCCTGAGATTTGCTGTAACGCTTTAAAGTCCACTTTTTCCATATCCACAGAGACGTTTTCCTGGGCATAGGTATCTTCATAGGTTAATTTTTCTTCCACTCCGGCGATATTTTTATATTTCGCGCTCAGCGGATCGAGAATTTTGGCGGCATCTTCTTTCGTTTTAGCGCCTACAGTGGCATAGCTGATTTTACTTTCAGACGTCTGCTTAATGATTTTGTCACCTTTATAGGTGTAGGTAATTGAAATTTCTGTCCCCGCCAGGTTTGCGTTAAAGGTCTTTGATTCTTCTTTATCGCCACAGCCAGCAAGAGAGAACACCAGTACGGAAGCCAAAGCCGCGGACAATAACTTGCCAGAAATTTTCATCTAAAACTCCATTTTATATAATGATTGGGTTTTTAAAATAATTTCAATGAATTAATTTAACCCAGTAATAGCAATGTATCAGGGAGAGATAGAATATGACTTTTAGTCGTTATTTAGCAGTCCGGATATGGAGTCTTAGCGCTATTGCTTATTAAGGAAAAAGTTAAAACGCGCGGAGGAGGCGATATGCCAGTCAGGATTAAGCGGTTAAAAAAGCCGGAGCATGCTCCGGCTTGTTGCTTATTTCACCTGCTGGCCAGGCTTCGCGCCGTCATCAGGGCTTAACAGGAAGATATCTTTCCCGCCAGGGCCTGCGGCCATCACCATTCCCTCGGAGACGCCAAAGCGCATTTTGCGCGGCGCGAGGTTGGCGACCATTACCGTCTGGCGGCCGATCAGCGCCTGCGGGTCCGGGTAGGCGGAACGAATGCCGGAGAAGACGTTACGCTTCTCGCCGCCCAGATCCAGCGTCAGACGCAGCAATTTGTCGGAGCCTTCCACGAACTCAGCGTTTTCAATCAATGCTACGCGCAGGTCAATTTTGGCGAAATCGTCAAAGGTGATGGTTTCCTGAATCGGGAAGTCGGCTAACGGGCCGGTA
NZ_CP110931.1_gap34	1728300	1729707	1407	CGTTAACCGGCAGCGGAACGCTGGACCTGGTTAAGCAGAGCTGTGATACGCAATTTAATCTGCGTGTGCTGGGCGGCTGGAACGGCGATAGCAACCTGATCACCTTCCTGAAAGAGACGCCGGTGCCGCTGCGCGTCTATGGCAAGTGGCAGGAGCTGAACTATACCCTGCAAGTGGATCAGTTATTGCGTAAGCATTTACAGGATGAGGCAAAGCGTCGGCTCAATGACTGGGCGGATCGCAATAAAGATACCCGCAACGGTAAAGATGTGAAGAAACTGCTGAATAAGCTGTAGTTTTTGGCCAAAGGGCAGAGCCGGATGGCGAGGCTAACGCGCCTCCGGCCTGCCTGGTAAGCAGGCCAGGGCAGGCGAACAGACGTTACATCTCCTGGTCTGGCTCGCCGTTATGCAGCGGAATTAACTGCACTTTCTGCACTCGATGGCTTTCTACCTGCAATGTTTTCAGCAAATAATCGCCCACCTGAACCTCTTCACCGGTTTGCGGTATGCGCTGCAAATATTCCATCAATAATCCGGCAATCGTATGGTATTCCCGTTTTTCATCCAGCGGTAGCGGCACGTACTGCACCAAATCCTCCAGCGGCATATGACCGTTTGCTGTCCAGGAACCGTCCGGGTTCTTCTGAATATCGTGGCGGGCGTCAATTTCCTCGACTTCATTCGGCAGATTACCGGCAATAGTCTCCATGACATCGCTTAATGTCACAATACCTTCAACCGAGCCAAACTCATCTACGACAAAGGCAAAATGGGTTCTGGCGTTACGGAACTGCTCCAGCGCAGGCAGCAGCGGCAATGTTTCAGGGAAAACCAGCGGTTGGCGAATCAGCGCCCGCAGGTTGAGCGGTTCGCCGCGCAGCGATTGTTGCAACAGATCGATGACGTGGACGACGCCGAGTAAATCTTCCTGTTCATTTTCACCCGTCACGACCAGACGCGTATGCTGGTTCTTTTCCAGCAGAGCGCGGATTTCCGCTTCCGGCGCGTTGAGATCGATATGCTCGATATCATGACGCGACGTCATGATGCTACTTACGGTGCGCTGGTTGAGATTCAGCACCCGCTCAATCATCCTGCGCTCCTGCGGATTAAAAATCTGGCTGTCGTCATGGTCTGCCAGCATCGCGGCGGTTTCGGCATCCAGTTCGGCATCCTCTTTTTTACCGCTAATCAGCCGCATCACGGCCTCCGTTGTGCGCTGGCGCAGCGTATGGTTAGCGGAAAGAAAACGGCGGCGGTTAAAAATAGCCAGTTGGTTGAGCGCCTCGATCATCACCGAGAAGCCGATAGCCGCGTACAGATACCCTTTCGGAATATGGAAACCAAACCCTTCCGCCACCAGGCTAAAGCCGATCATTAGCAAGAAGCTAAGACACAAAATGAC
NZ_CP110931.1_gap35	1837527	1838959	1432	GGGCGTGCCGCCAGCATCGCACTGATCGACCGTCAGGTAAAAATAACGGTCATCGAGAATAGCCGGTCTTAAACTGCGTATTTTATTAATATATTCTTCTGTCGTCAGTCCCATTGATTCTGCGCGCGCAGAAAGGGTATTAGTATTACAGGGTGTTTTATCTTTAAAATAATAACGGTCGGCGAGTAAAAGTTTCAGGTCACTGCTAATGGCGGTTTTATTAAAATCGATATTTTCAATTTGGGCGATGAAATTAACGGGTTTGGATTCTGTACTGGGGGATTGTTTTGCACATATATTCGCGCAATATAATGAAACTATAATTGTTATGAATATTTTCTTCAAGATGTTCTCCTTGTATGAATAATAACTCCCTGAAACTTATTTCATGCTATAGAAACAAAGAGTTAATGTAAAGGATGCGAGGAGCATATTCTGGCAGGAGAGAGTTTTCTTCAGTTACCAGTAAGAATAATTTAAGTATTACGAGCGCGTTGTTTTTAATTTGATAATAACGCGCTGATGATTATTAACGATTATATACCCAATAAACCTCAAGATGCGGGAGTGAGCACCTGAAAGTGATCTTTAATTCGGGATGTAAGTGAGTCCGCTATATCCGGCAGCGTCTGGTTAAAAAAGACAGATATTGCGTCCCTGAACTCTCGCGTACTGCTGAAGTAGCGATTATTCCGGGCATGTTCGTTCATTAATTTCCACATTCGTTCTATCGGATTCAGGTTTGGACTGTAAGGGGGAAGGTAATGCAGCCTGATATTTACCACCTCCGCCCAGTCTTTCACTAACTGTGAACGGTGGTAACCTGCTCCATCCGCTGCTCGCTCTTAGCCAGCTGTCAAATTTGCCCATACACCTGCGCCACATACCGCCCACGCCCGTCCCCATGCCCCAGATCCATTGCACTCTCTGCACCGCTTCCTGTGAACGTAAGCCCATCAGCCTCGCCAGTTCCAGCGCCGCTGCCAGTCCCGGATCTTTCATGCGGGCCGTCTCCAGCACATGATGATAATGTTCCGGCGTGATCGCCTGTCGCGTCCCGCTGCGCGATGCACCAGCCAGACCCAGCGATTTATTAGTCAGCCATTCATGCGCTGCCACCTGTTTACGCCCGGCCTGTTGCAGAACAGCGCGCAGCGAGGCCATTTCATTTTGCAGCGTGCGTTTGCCGATCCCCTGCGCCAACCTTTCATGAATATAGCTTTCAATGTGGCGCACCTTAATCTGCGCAACCCGCTGGATATGGACGTTCAAAGCCCGTAAGTGGTGATCGAAACGCTGCACGATATGAATGCAATCGTTCACCGTTTTATGGCTACCGCCACAGTGCTTTGCCAGTGCCTTCATTTCACCACCTAACTTGCCCATACACTTCTCCTGTGATTTTGAGAACACAAACAGTCTCCGGCGTATG
NZ_CP110931.1_gap36	1849302	1851875	2573	CGTGGCGGATGCCGCTGACAATGGCCCGGACGATCCGAAAATTATCGACGGGCAGCACTTTCTTCCTCAGCATCGGGAACGTATTGTGTTGGTGGGATTCCGTCGCGATTTAAACCTGAAAACCGATTTTACGTTACGCAATATCGCCCGTTGTTATCCACCGCGCCGTCCGACGCTGGCAGAACTGCTGGAGCCCGTCGTCGAAGCCAAATATATCCTGACGCCGGTGCTGTGGAAATATTTATATCGCTACGCGAAAAAGCACCAGGCGCGGGGAAACGGTTTTGGCTATGGCATGGTTTATCCTGACAATCCGGAAAGTGTGGCGCGCACGTTATCTGCTCGCTACTACAAAGATGGCGCCGAAATTCTGATCGATCGTGGTTGGGATATGGCGAAAGGCGAAGTGAATTTCGACGATGCTGGCAACCAACAACATCGTCCCCGCCGACTCACGCCGAGAGAGTGCGCGCGTTTAATGGGATTTGAGGCGCCGCAAACGTACCAGTTCAGGATACCTGTCTCGGATACGCAGGCCTATCGCCAGTTTGGCAACTCCGTGGTGGTGCCGGTATTTGCTGCGGTAGCAAAGCTGCTGGAACCCAAAATTCACCAGGCGGTGACGCTGCGTCAGAAAGAGACGGTAGATGGCGGACGTTCACGATAAAGCCACGCGCAGTAAAAATATGCGCGCGATAGCGACCCGCGATACGGCTATTGAAAAACGTCTTGCCGGCCTGCTAAGCGCGCAGGGGATTACGTTTCATACTCAGGACGCGACATTACCGGGCAAGCCGGACTTTGTGGTGAATGACTATGATTGTGTGATTTTTACTCACGGCTGCTTTTGGCATCATCACCACTGTTATCTGTTCAAAGTGCCGGCCACGCGAACGGCTTTCTGGCTGGAAAAAATCGGTAAGAACGTTGAGCGCGATGAGCGCGATATTCAGCGTTTACAAGCGCTTGGCTGGCGGGTACTGATCGTCTGGGAGTGCGCCTTGCGCGGGCGAGCGAAATTGAGCGACGCGGCGTTGGCGGAGCGCTTGGAAGAGTGGATCTGCGGCGGCGGCGCCAGCGCGCAGATCGACACCCAGGGGATTCATCTACTGGCGTGAATCTTCCGTTTTACACGGCGTGACCACCGCCTTGACAGGAAACAGGTACTTACCCAGAGTCACCAGCACTACGGCAAACACAATCACACCCAGCGCGGCCCATTCAACGGGCGATAACCTCTCGCCGCCCAGGCCAGTGCCAAGCAACACGGCGACAACCGGATTCACATAGGCGTAGCTGGTCGCCAGCGCCGGACTGACGTTGCGAATCAGGTACATATAGGCATTAATGGCGATAATAGAACCGAACAACGCCAGGTAGCCGACGGCCATAAACCCCGATAAACCAGGCAGCGTGGCGAGCTTTTCGCCGGAAAGAAACGCCGCGCAAAGCAATACCACGCCCGCCGCCAGCATTTCAATCGCGCCCGCCATCATGCCCACAGGAAGGGCGATGCGCGAGCCGTAAACGGAACCAAATGCCCAGCTCATCGAACCTATCAGGATCAAAATCGCGCCCCACGGATTGCCGCTTAAATTGCCGCCGCTGTTCAGCAGAATAATCCCGGCAAGTCCAATGGCAATCCCCACCCATTCTAATTTGCGCGTTTTAATGCCAAAAAAGTAGCTAAAGCACAGCGTAAATAGCGGGACAGTGGCGACCACGACGGCAGCAATGCCCGATGGCACGTTTTGATGCTCCGCCACCGTCACCAGACCGTTACCCACCGCCAGCAGCAGTAGACCAATCAGCGCGGCGTTGATGGTCTGGCGCAGCGGCGGAAGTTTTTCGCCGCGCAGCAGCAAAAACGCCATGAGCAACATCCCCGCCGAGAGAAAACGTACGCCTGCCATCATCAGCGGCGGCCAGCTTTCAACGCCTATGCGGATAACAAAATAGGTAGACCCCCAAATGATGTACAAGGCAAAAAGCGCGCCAAAAAGAGGTAATAACTGCCGGAAACGCATAATCACTCACGGTGAAATAAAAAGTGTGGATATAGTAAACGTCAAAATTATTATGCTGGCGAGCATTATAATTGTCCTTTTGGAATAAAAAGGCGTTGACCCGCGCCACCGGTTTCGGCATTGCGCGTTTTGCTACATACTTAACGTCTTAGAAGAAAAGACCGAGGAAATCATTTTGGCAGGAAGTAGCTTACTGACATTACTCGACGATATCGCCACGCTGCTGGATGATATTTCGGTAATGGGCAAATTGGCCGCGAAAAAAACCGCGGGCGTACTGGGGGACGACCTGTCGCTCAATGCATAGCAGGTGACCGGCGTTCGCGCTAATCGCGAGCTGCCAGTGGTATGGAGCGTGGCGAAAGGATCATTAATCAACAAGGTTATTCTGGTGCCGTTGGCGCTGCTGATAAGCGCATTTATCCCGTGGGCCATCACGCCTTTATTAATGTTAGGCGGCGCGTTTCTCTGCTTTGAAGGGGTAGAAAAAGTCCTGCATACCTTTGAGGCGCGAAAACACAAAGAAGACCCGGCGGAGCGGCAAAA
NZ_CP110931.1_gap37	1876587	1878518	1931	ACCTCCGTTCTGGCGCAGGCGAACCAGGTTCCGCAAAACGTCCTCTCTTTACTGCGTTAATCCGGCGATTGATTCACCGACACGTGGTACACAATCAAGGCAGCGAAAGCTGCCTTTTTTAATTCCGGAGCCTGTGTAATGAAAGAAATCACCGTCACTGAACCTGCCTTTGTCACCCACTTTTCCTGTTCTGGCTCGGCCTGCCGCGATCACTGTTGTAAGGGCTGGAAAATCACGCTGGATAAGACGACGGTCAAAAAGTATCTCGCCAGTAAAGACACGGCGATTCGTACCATCGCGCAAGACCATATTATCCTGCTGAAAAAGAACAACAGCCACTGGGGGGAAATTAAGCTGCCTTCGGCGCTGGGGAATTGCCCTTATCTGGATGAGGACCGTCTGTGCCGGGTGCAAAAAACGTTAGGCGCAAAGGCATTAAGTCATACCTGTTCCTCTTTCCCGCGGGCGCATCATACCTATAAAAATGAGGTGCGTAACTCTCTGAGTCTTGCCTGCCCGGAGGTGACGTCCCGCATTTTAAACGATCCTGACGCAATGGCACTCAGCGAAAAAACAATCATTCAGCAGACATTCAATACTGCGCCGTTATTCCCAGCGCAGCAAAAGTTACTCAATCTGTTTTGCCTGAGTCTGATCAACCATGCCAACAGCAGTACGGAAGCCGCGCTCTATGCGTTGATTAAATTCGTCATGTATGCACAGAAATTTGCCAAAATTGATGATGCCGCGCTGGGCGAACTGGAACAGGTGTATGCCGCGTTACTTGAACAGTTGCAGACCGGCGTGCTGGCGCAGGAGTTAATGAATATCGCGCCGGATAGCAAGGTAAAAACCTCGCTGGTATTGCAGATGCAGGACTATTTCCGCTCGCTCCCGCTTAATCGTGGCAGTGTTATCCTCGATCACTACATCCAGTGTCTTCTGCGGGTGCTGACGGCGGAAGAGGGCGTTTCAATGGAGCAGAAGGTTAGCGATATTGAGTCCTCATTAGCGCGCTGTTTACAGGCGGATGAGCAGCAGAAGAACTGGGCCTTCAGAAATTTGATTCTCTATAAAATTTGGGAAAATAATTTCCCCAACCAGCCGAATGTCGACCCGTTACGCGCGCTGTATATTATCGTGGCGGAATATGCCTTTATTAAGCTATTAACGGCAGCCAGCGTGCATGAGCGCGGGCGGCTTGAGTGGGATGACGTTACCAATATTGTGTATAGCTTTCACTCCCGCAGCCAGCATAACAGCGAGGTGGCGAAGAATTTTCATCGCCATATAGAAACGGTGCGTACTGGCGACGATCTGTCGATGATTCATCTTCTGACATAGTTTTGTTCGGGGGGGGCTTTTGCGCATCCCGTTTATCCTATCTGGCTGATTTTATTCTGCTCTTTGAGCCGCTAAAAAGGCGCTACAGGTTACATAAGTGAAATAACCCTTCTTTTATAGCCTTATTCCTTCGATAGAACCCTCTGTAGAAACGGATAATCATGCCGATAACTCATTTAACGCAGGGCTGTTTATCGTGAATTCACTGTATACCGCTGAAGGTGTAATGGATAAACACTCGCTGTGGCAGCGTTATGTACCGCTGGTGCGTCACGAAGCATTGCGCCTGCAGGTGCGATTGCCGGCGAGCGTGGAACTGGACGATCTGCTACAAGCGGGCGGCATCGGGTTATTAAATGCGGTCGACCGATATGACGCTTTGCAAGGAACGGCATTTACCACTTACGCAGTGCAGCGTATTCGTGGGGCGATGCTGGATGAATTACGCAGCCGCGATTGGGTGCCGCGTAGCGTCCGGCGTAATGCCCGCGAAGTGGCGCAGGCGATGGGACAACTGGAGCAGGAACTGGGGCGTAATGCGACGGAAACCGAAGTGGCGGAACGTCTTGGCATCCCTGTTGCGGAGT
NZ_CP110931.1_gap38	1915552	1919875	4323	TTCCCGCAGTCGAGCCGCTCCGCTTTGTCTGGGAAGTCCCCGGCGGCGGCCGACTTATCCCGGCGTTAAAAGTGCGGAGCAATCAGGTGATTGTGAACTACCGCTAACAGCCCCTTTCTTTGCCAGGTAGCAGACCTGACTCTCTTTTTGAATAAATGGAAACGCTGTTTTATAAAATGGTGAGGTAGGTTGCCGGACTCTTTGCGTTTTTGCCATTTACGCTCTGGCAATGGCAGAAACAAAAAGGTTTCCGCCCAGCTTAGCTTTTACTGTAGCGAATCGACTGCGTCGGCGGTAAAACTGCACGCAGCACTGAATTCGACATTACACAGAGGTTAAGCAAATGATGGTTTATCCAGTCAAACACAGTCCGCTATTGCGTCAGCCTGAGCATTTTATCGCCAGAGATGAACTAAAAGCCCTGGTGCAAAAGGTGACGCATAACCTGGTCAATATTAAAGATGAGACAGGCGAATTTTTATTGCGACTGGACGACGGACGCGTGATCGATACTAAAGGCTGGGCTGGATGGGAGTGGACGCACGGCGTGGGCCTGTACGGAATGTATCACTATTACCAACAGACCGGCGACCAGACGATGCGTAAGATCATTGATGACTGGTTTGCCGATCGTTTTGCGGAAGGCGCGACGACGAAAAACGTTAATACGATGGCGCCGTTTTTAACGCTGGCGCATCGCTATGAAGAGACGCGTAATCCAGCGTATTTACCGTGGCTGGAAACGTGGGCCGAATGGGCGATGAATGAAATGCCCCGTACCGATCACGGCGGAATGCAGCACATCACGCTGGCGGAGGAAAATCATCAGCAGATGTGGGACGACACGCTAATGATGACGGTGCTGCCGCTGGCGAAAATCGGTAAATTGTTGAACCGGCCGGAATATGTGGAAGAGGCAACCTATCAGTTCCTGCTGCACGTGCAGAATTTGATGGATAAAGAGACGGGGCTGTGGTTCCACGGCTGGAGCTATGACGGTCATCATAACTTCGCTAACGCTCGCTGGGCGCGCGGCAACAGCTGGCTGACCATTGTGATCCCGGATTTTCTTGAACTGCTGGACTTGCCAGAAAATAATGCCGTGCGCCGTTATCTGGTCCAGGTACTGAATGCGCAGATCGCCGCGCTGGCGAAATGTCAGGATGAAAGCGGTTTGTGGCATACGCTGCTTGACGATCCGCACTCTTATCTTGAGGCGTCGGCGACGGCGGGTTTTGCCTACGGTATTCTTAAAGCGGTGCGCAAACGCTATGTCGAACGGCACTATGCGCAGGTGGCGGAAAAAGCTATTCGGGGGATAGTGAAACATATCTCGCCGGAAGGCGAACTGCTGCAAACGTCATTTGGCACTGGCATGGGCCACGATCTCGATTTTTACCGTCATATTCCGTTGACCTCTATGCCTTACGGGTAGGCGATGGCTATGCTGTGTTTGACGGAATATCTGCGTAACTATTTCTGATGTATGCGGATATTCCGGTCGTATCCTTGTCTGATGGCGCTTTGCTTATTTGACTATGGCGCCTGACCCGACTGTGTGGTATCAGCCTGTGGATCAAACAGGTGGTCAAGGATTTTTCGCATGATGGGCGCGGCGGTAACGCCGTCGCTTCCGCCGTTTTCCAGAATCAAGGCAATGGCGACCTTAGGGTTTTTATACGGTGCAAAAGCGGTATAAAACACATGATCGCGCAGGCGAATGGGGATCATTTTCGCATTGTAGGTCTGATTTTCTTTCAGGCTAAACACCTGCGACGTGCCGCTTTTGGCCGCAATGCCGTAGGGCGCGGTGTGAAAGAACTTATAGCCCGTTCCGTTGGGTGCATTCGCCATGCCGTACATCGCCTGACGCACCAGTCCCCAGTATGGCGACGCCGGATCGGCTATCTGTGCCGGTGTTCCTGAAGGACGATACGGAACCACCGTTTTGCCGCTCTCTTCATTGAGTAACAGGTGAGGGGCAATCACCTTACCGTTGTTGATGAGCGCCACCATCGCTTTTACCATCTGGATGGGGGTGGCAATCCAGTAGCCCTGGCCGATGCCGACAGAGATGGTATCGCCCTGATACCAGGCTTTTTTATGGACCCGCTGTTTCCATGCGCGGCTGGGAAGCAGCCCGTCATACTCTTCATTAAGGTCGATACCCGTCGGTTTGCCATAGCCGAACTGAGACAACATCGTGTCGATACGGTCAATACCCATCATATAAGCGACCTGATAGAAAAAGGTATCCGCAGATTCCTCAATCGCTTTAGTGACATCCAGCATACCGTGTCCGGTTTTTTTCCAGTCCCGGTAATGCCGCTGCGTGCCGGGAAGCGTCCAGGTTGGCGCGCCAAAGAAGGTGGTTTGCGGCGTAATAATCCCGCATAACAGCGCGGACATCGCCATATAGGGTTTAACCGTTGACGCCGGGGGATAAAGCCCTTGCGTCACGCGGTTGATCAGCGGCAGATTTTTATCGTGCAGCAGTTTGCCGTAATCCTGATAGCTAATGCCTTTTACAAAGGGGTTCGGATCGTAGCTGGGCATAGATACCATCGCCAGCACTGAACCATCGTGCGGATCTTCAACCAGTACGGCAGCACGCTGCCCGGCCAGCAAACTTTCAATGTACTCTTGTAAATGGAGATCCAGCGTCAGGTGAATGTTCTTACCCGCGATGGGAGGAACGTCTTTCAGCAGGCGGACAATACGCCCGTGATTATCCACCTCGACCTCCTGATAACCGGTTTTGCCATGAAGATCGTTTTCGTAGTAACGCTCAATCCCCTGTTTACCGATGTTATGGTCCGCCGCGTAATTCTCTGCCAGCCCTTTTTTATCCAGCGCTTTAAGGTCGTTATCGTTTATCTTTGACACGTAACCGAGAACATGCGCCAGCTCCGCGCCGTAAGGATACTGCCGATCCTGATAGCTATTGATCGTGACGCCGTTGAAATGAAACTGATTGACCGCAAAGCGTGCGATTTCAACATCCGTTAGCGCGTTTTTGAGCACCACCGGACGATAGCGGCTACTGGATTTTAGCGCATGGCGAAAGTCGGCGATATCATCGGGGGAGAGATCAACAATAGGGGGGAGCTGTTTTAGCAGCGCATCCATATCGGCAATTTTATAGGGCGTAACCGCGATATCATACCAGGTTACGTTACGCACCAGCGGAATGCCGTTGCGATCGTAAATGATGCCGCGCGTGGGCGCGACGGGTAGCATCTTGATATCGTTCTCATTCGAACGGGTGGTGTAGTAGTGGTGCTGACGGATTTGCAAGTTATAGAGGTTGAAGATCAGGATACCAAAGCAGACAACCACTACACCAAACGCCACAATCACACGTCTCAGGAAGAGTTTCTCTTCCGCATCAAAGTCTTTAAAAGTCATTACCTGTACCTGAACAATCCGCTGCCTAATGATACGGGGCGGTCAGCGCCAGCACAGGTAAAAGATGTTCCATCTCTCTATAGAAATGTGTCATTCCTTGTGATTTGTTACAGATATACCGCTGTGGCAATAAAAAGGCCTGAGTCCGTTACCCGGAGTCAGGCCTGATGATATTAACGACGGCGCGTTTACATGCGTTCTACGGTTTCGATACCCAACGTATCCAGACCCAGTTTCAGCGTCTTCGCCGTCAGTTGCGCCAGTTTTAAGCGGCTATTGCGAACCGCGTCATTCTCGGCACTGAGAATAGGGCAGTGCTCGTAGAAGCCGGAGAACAGCCCGGCGACGTCATACAGATACGCGCACATGACGTGCGGCGTACCTTCACGCGCGACCACCGTCAGGGTTTCTTCAAACTGCAGCAGACGGGCGGCGAGCTGCGCTTCGCGATCTTCGCTAATGATAACCGGCGCGCTCGCCAGCGCCTGCTCGTCGATATCCGCTTTACGGAAAACAGACAGCACACGCGTATAGGCATACTGCATATAAGGAGCGGTATTGCCTTCGAAAGCCAACATATTATCCCAGTCGAAGATATAGTCAGTGGTGCGGTTTTTTGACAGATCGGCGTATTTCACCGCGCCAATACCGACGGCGTTAGCCAGTTTTTCCAGCTCGTCAGCCGGCATATCCGGGTTCTTCTCCGCCACCAGACGACGCGCGCGCTCCAGCGCCTCATCCAGCAGGTCCGCCAGTTTCACCGTACCGCCCGCGCGAGTTTTAAACGGTTTACCGTCTTTACCCAACATCATGCCGAACATGTGGTGTTCCAGCGGAACGGAATCCGGTACATAACCGGCTTTGCGCACAATGGTCCAGGCTTGCATCAGGTGCTGGTGCTGACGGGAGTCAATG
NZ_CP110931.1_gap39	1930407	1935137	4730	ATCAGGATTGCTGTGAAGTAATTCTTCGAATGTCTCAATATCGCCTACCGGAATACATAATGCTTCTTTATAGATATCAAACACAAATTTCGAGCAGAACTGGCGCGATGACTCGTATTTAAACCCCGTGTGATAAAACTTATTCAGCCGGGCGGGAACCTGTTCCATGATGGCGAGTTTCTGTTCGACCGCAGACCGCCGCACAGGCGACGAACCGCGTAACGTTGTCCAGCTGAACGTTGTATAAACAGTGACAGCGTGGTGACGGTTGAGAGGGGGACGCGACTTTCCGCCACCAGATAGTCATCACCATTATGACCAATAATAATCCCAACATGGTTGCTCCAGCACTGTGAAGCGGTGGATATCTGGCCGAAAAGCGCGGCACCTATACAGGTAAAGACGATATCCCCGGTTTCATATTGGACAGAATAATGTTTTTTCATGTTCATGTTCCATTATTACCTAAAATAATATCCTTTATTTTACGCTATTGGATAATTAGCATTATACTCACATAATGACAAGGTATTATTATCAATAAATATCCATCATGAATATTATAATTTACGGTGATAATGTTTTTACCTCTTTCCAGAGGTGAAAGTGAAAGGGAAGATAGACGAACGCAGGGAATAAGTGGACTGTCCTTTCCATATTATATAATTGTTTGTATCGCCATATATTTTTTTGAGTCTATGTTATTGTCTGGTTGTGTTTCTCTTCATGCTTATTGCTTATTGCTTATTGCTTATTGCTTATTGCTTATTGCTTTTGTTTTTAATAGGCATGTGAGGTGTGATCTGGCAAGAGTGGTTGGCGCAAATATTTGGCTGACTCTGCGTTATATTAAGCGCCAGGGGGAACAGGAGGCGAAAGTGCAAAAGGTTAGGTTGCAATGCAAAAAATATCGAGTTTGTACTGTTCATCAATCGCTGATTATTATTCTTGTAAAGGGTAAGGAAGTGATTAACAACGGTACCGTTTATCTCGTTCATGGTCCAGAGGTTGAAGGACATTTTCCATTAAACCACCTCTGCATATAACGGCTGAGGCGGCTTAATTCAATTAATGCTGTGCATTAAACTGTGATGGTAATCTGGCAATTATTGGAAGGACTGCTGGCACTCCCGATAATTTAACCCTTGTGGCCAGGTATCCCGCTCCGTTTCCCCTTGAATCATTTTATCTGCTTTCACAAAGGAGTCTTTATCGCGGGCAATGCAGGAAGTTATCAGAATATTATTAAGCGTGCGGGTTGATGGGAACTGTTTGTAGCGATCTCTCCAACCTTGCAGCATATCGTCCCAGGAGACAATCTGACGTTTATTCAGTAAAGCCATTAATTCAGGTTGGTAATGGATTGCATTACTCCAGATATAAGCGTAGTAAGAAAGTCCCGATTGATCTTTGTTTTTTTCTGCGGCCACTCTGGCGATTTTTTCGACTTCTTCCGGAGAACCACCCCATTTAGGCAAACGAGCGACCATGGCCTCGATATAAATATTTTGATAGGCGGGATATTTTTTGCTGGCTTCTTCCAAAGTGCTATAGAGCAGCTCTTTATCCTCAAGATTGCGTGCGACCATTTCCATTTCCTGATACCAGGTCACATCTTTGTCGGCAATATCTTTGTTCTTTAACAGATACTCTTTTTCCTGAATCATCAGCTTCTTATATTTCGGCCATATATCAGAGTCCACCGTGCTGGCCGCACCTTCACCGCGTAAATTCACGGCTTTAGCATCAAAAACCATTGCTTGCAGCAGCCTTGCACCCGTGGATTTGGGGTTTGCTTTAAGCCACTCTTTTGCCACGCCAGAAATACCATTGTCGGAAACATCTACTGAAAAAAGATTATAGATCCCTCCCCATGCGATAACCAGTTTATGAGTTCCGCCGCTGGTTGTCGGGAATCCGGTATTGTATTCCTGAAACATAGCGTCCAGCTTGTCCCACTTTTGGCTGACAGTATAGGCGATAGCTTGTTGCTCAATGGCCATTCTTTCCCGTGTTTCCGTGAGGCTATTAGCTGACGCCAGCGCAGGAATAGCCATTAATGCACCTATGACAATATTTTTCAATAACATTGAATTTCTGTCCTGAATGATTAAATAACAAGATGATTAAAAATGTTTATAAAGGATGTGCTTTCACCGGAGGAAATTCAAGCTATAGTGATAATGCGTATCTGGACTTTTTATTTATTATTCTTACAGAAAATGTTATTGAATTATATTTATTATAGACACTTATTATATCTCCACATCATGGGGCGCGGCGGCACCCGGTGGTGTTGCGCGACCGATTCGAAGGGAAGGCCATTGAGATAGGCGAATAACGTGTTTTTCATCTGGATAAACATCCAGTCTTTTTTTATGATAGTGCATTATCTTTTCAGCCCTTTACGCAGGAGCGTCATGTGATAGGCAGACTCAGAGGCATTATTCTCGAAAAACAACCCCCGATCGTGCTGCTGGAGACAGGGGGCGTAGGCTATGAAGTACATATGCCTATGACCTGCTTTTACGAGCTGCCGGAGGCCGGGCAGGAGGCAATCGTCTTCACCCACTTTGTGGTGCGTGAAGATGCGCAGTTGCTGTACGGATTCAACAATAAGCAAGAGCGCACGCTGTTTAAAGAGCTAATTAAAACGAATGGCGTCGGGCCTAAGCTGGCGCTGGCGATTCTCTCCGGCATGTCGGCGCAGCAGTTTGTGAATGCGGTTGAGCGCGAAGAGCTTGGCGCACTGGTGAAGCTGCCGGGTATCGGCAAGAAAACCGCCGAAAGGCTGATTGTCGAAATGAAAGACCGCTTTAAAGGGCTACATGGCGATCTCTTTACGCCAGCGGTCGATCTGGTATTGACATCGCCGGCCAGCCCAACCTCGGAAGATGCAGAACAAGAAGCAGTTGCTGCGCTGGTGGCGCTGGGTTATAAACCGCAAGAAGCCAGTCGGATGGTAAACAAGATCGCCCGTCCGGATGCAAGCAGTGAAACACTGATTCGCGACGCGTTACGCGCCGCGTTATGAGGTAAAGGATGATAGAAGCAGATCGCCTGATTTCAGCAGGCGCCACGATCGCAGAAGACGTCGCCGATCGCGCCATTCGCCCGAAGTTATTGGCGGAATATGTCGGCCAACCGCAGGTGCGCTCCCAGATGGAGATCTTTATTCAGGCGGCAAAACTGCGTGGCGACGCACTAGATCACTTGCTGATTTTCGGCCCGCCAGGGTTAGGTAAAACGACTCTGGCGAATATCGTTGCCAATGAAATGGGCGTCAATCTCCGAACCACGTCCGGCCCGGTGCTGGAAAAAGCAGGCGATCTGGCGGCTATGCTCACCAATCTTGAACCGCATGATGTGCTGTTTATTGATGAGATTCATCGGCTTTCACCGGTGGTGGAAGAGGTACTCTATCCGGCGATGGAAGATTACCAGTTGGATATTATGATTGGCGAAGGGCCTGCCGCACGTTCAATTAAGATCGATCTGCCGCCGTTTACGCTCATTGGCGCGACGACGCGAGCAGGTTCGCTGACCTCGCCGCTACGCGACCGTTTTGGTATTGTGCAGCGCCTGGAGTTCTACCAGGTGCCCGATCTGCAGCACATCGTCGGGCGCAGCGCAAGGCACATGGGGCTTGAGATGAGCGATGACGGCGCGCTGGAAGTGGCGCGTCGGGCGCGCGGTACGCCGCGTATAGCCAACCGTCTGCTCAGACGTGTGCGTGATTTCGCCGAGGTGAAGCATGACGGGGCTATTTCAGCGGAAATTGCCGCGCAGGCGCTGGATATGCTGAACGTCGATGCGGAAGGGTTTGACTATATGGATCGCAAGCTGCTGCTGGCGGTTATTGATAAATTCTTCGGTGGTCCGGTGGGACTGGATAACCTGGCGGCAGCGATTGGCGAAGAGCGTGAAACCATTGAGGATGTGCTGGAGCCGTATCTGATTCAGCAAGGTTTTTTGCAGCGCACGCCGCGTGGGCGTATGGCAACGGTGCGCGCCTGGAACCATTTCGGGATCACGCCGCCAGAGATGCCTTAGCGCCTGAAGTCGCTGCGCTCATCAGACCTGGGCGATTTTGTAGGCCCGGTAAGCGCAGCGTCACCGGGTAACACACGCTTAGCTTGCCTGCTTTTTCATCATACTGAAGATAAACAGCAGCGCGGCACACAGCACTACGGATGGCCCTGCTGGGGTATCATATAAGGCTGAGAAGGTCAGTCCACCTGTAACCGCTATCATACCTACACCAACGGCGACGCCCGCCATCTGTTCCGGCGTACGGGCAAAGCGACGCGCGGTTGCGGCGGGGATAATCAGCAGCGACGTAATGATCAGCGCTCCGACAAACTTCATCGCTACGCCGATAGTTAACGCCGTTACCAGCATCAATAACAGCTTCACGCGCTGTAACTTCACGCCATCGACAAAGGCAAGATCCGGACTGATAGTCATTGACAGCAAGTTGCGCCACTGCCAGAAGAGAATGGCCAGCACAATAACGACCCCAATAGCGATCGAGATAAGATCTTCCGGCGTGACGGCCAGCAAATCGCCAAACAGATAAGCCATTAAATCAACGCGGACGTTGGACATCAGGCTGACCACGACCAGTCCTAAAGATAAGGCGCTGTGCGCCATAATGCCCAGTAAGGTATCAATCGCGAGGTGAGGGCGTTTCTCCAGCCATACCAGACCGGCGGCCAGCAGCAGCGTAA
NZ_CP110931.1_gap40	2046557	2050270	3713	GCTGTAGAGAGTTTACAATCATGGACCCAGCTCTCGGAACCGGGTGCGTTACTGTCCTGTATTAATGACAATATTTTCGAATTTGAATCTTTTTTTGATTTATCTGCATCTAAAGTAAAAAATTATGCTGACTCTATCAATGATTATGTAAGTGAATTATTTTCAAAAAAAGATTTTTTAAATGATAGCTATGCAATGGAATTTGGAAATGCCTGGGTCTGGATTCATGATAACCAATCCCAGGTGGTACGGGCGTTACTGCAGGCTGGAATGATCAAGGTTAATAAAGAAGGGCGGTACTTATTAGATGTTAATTTGGCTTCTGTCGATTGGCCATTAAGAAGAAAAGAGGCTTTCGCAAGTCATGTTGCGGGATGGCTCAAACATCGTTTTGATATCGAAGCGGGAAGGTATTCCGTTCGGGGAAAAGATGATTATGATGCGATCCCAAGTTATGAGACGCCGCTAAAGGATCAGCATCCTTTTTATAACCATACAGTGAATGTCGACTGGTAATTAAGAAAAGAACTTACTGTAAATAGACTCGTTTTAGCTCCATGCATTTTTGAGATCCCGGCCAGATTGACTCTGGCCCGATCTCTGACGAAAACTCTGAATCTTCGATGTTTCCAATTATGAATTTCTACACCAGTCTTTAAGTATCAATGCATTGTACCTGGTGCGCTGCTATAACTGTGTAAGAGGGATTGACGCTTAGAGCCTATCCCATTAGGGCTATTTTACTTGCCATTTTGGACCTGGGCAGTGCTCGCCAAAACGCGTTAGCGTTTTGAACGCCGCTAGCGGCGGCCCGAAGGGCGAGCGTAGCGAGTCAAACCTCACGTACTACGTGTACGCTCCGGTTTTTGCGCGCTGTCCGTGTCCAAACTGGCTGCGCCAATAACGCCTGGTGGGATAGGCTCTTAGTGTTAATGTACACCAAAGGTCGATGTGTTTACCGCACTTGTGGCTTGGTATGCAGTATGTATAATTATTGTGTGAATGTTTTCATAAATTGATTTGTCTCTTCTTTGGCCTTTTCTATTGATTTATGTTTATATATTTTTGATTGGTATGTGTATTTTTCTAACGCAGGTAAGTACTTAGAGACGTCGTTACCTTTTTTGAAATCTATAGGCATATGAATACTCGCATATAATATATTTATCCTCTGCGATGGCGTTAGCTCAGAATAATTTATACCTTGTTCATAATAAGAAAGCATCACATCATTGCAGATCCTGTCTTTATACGACTGCCCTATGTATGCGATGATAAGTCCATATATAAGTAGCAATCCAAAAGCGACACCTGCTTTGTGGCTATGAAGAAAATTATATTGTAGCCCAACAAAAAAAAGCACTTTTCTAATTAAAACAAGAATAAATGGTAAGGAAAATAAAAAACAACCGAAGTACATAATCACTTCGCCTGAATTCTGAAACATTTTATACCTTCCTGATAAATAATGGGTTAATTATCTGGTTAATATTCGTTGTCTATTATTTCTTTTATAAAAATAGACGATTCATTGAAATTTTTTTTGAAACTGGAGTAATTGCTAAGTGTTTTCGGTATGCAAAAGATGACTCGCCCATTTTTTACTATGGCATAATATCTTGGATACATTAGCGCTTCTTCTTTTGTGTTTGGAACACCGTCATAGTCTATTTTTTCATCAATAGAGTCAAGTTGGCTAAATAAAAAGACTCTTTTCCTTAGCAAAGTATTATGAACAATAGCATTTTCATATATATCAAGTGACATTGTAAGACTCAATGCAGCAAATGAAAGTAATGCAATGATGGAAATTGTTAATATTGCTAATGACAAGCCTTCCTGGCAATATAAAACAAGACAAAAGAGTGGGATTGCAGGGAGGTAAGTGACCAACGGGTAAAAACGATCGATTTTTAAATGTGATATGATATTCTGAGGAGATGTGACATGGTCCTGAACGCCCTTGTTAAAGATAATGCTGTAAAGCGTCAAACTATTGTCAATTTTATCTATTGCTTTAGCTTTTATTCTTTGTGTGAATATAAAAAACGTTATCAAAAAGGCAATAAATAAGAAAATGATTAAATTAGAAATAAAACTATCCACGGCATCATCCTGTATATCTACCGAAATTTCTATGGTCACTATTCTACTATTATTAATGAATGTCAATCTAAAATTGATGATGGTGCGTCCAGCCGGTTGGATTTGATCTAAAATAAAACTTTCGGTATTTCTCTATAGTCACAGAGCAAACAGGGTTGATTCTTTGTTAAAAAAACATCTCAATATTTTAATATGAATTCCTTCACGCGATTCTGGAGTATTACAGTCTACGATTTTAATGATTTTTTATTCATTCATTATGTGTATTAAATTAATGGCAGTGCAATCGCAAATTATAATTAGTTTCAGAATTGCAAAATGATTATAATTTTGTAGTTCATGCAGTTGCCCTAAGAGCCCCGGTGGTGAGTGTAGGGGGGAACACCTGAACAAGATCTGAAGCTATGTACGATACTGTGATATGAGTTAACCCAAACAGGCTATACGGTATCTATACCTTTCTAAAAAGCTTTTAGTTGGTATAGAGTCAAAACCTTAGACGAAACAACATTCACACTATGGCCCTGGCAGTGCGGCATTGCGTATCAGTGAGCATAACGGGGCCTTGTTTATTTATTATACCGTTATTGTACTCACTTAAAATGAGGATGGAAGAATGTTGTACTCATTTTTGACAGCATTGTTACGAGATGAGTTGAGGCATTATGAAATGAAAAATCCACGCCATTGCGTGGATTTTATAGAGTTTTACCGCTGTCATGAGATTCAGCGAAACCTCATGAGGCAACAGAAACTAATTAGACGTTGAACAGGAAGTTCATTATATCGCCATCTTTAACGATGTAATCTTTGCCTTCCGCTCGCATCTTACCGGCTTCTTTCGCGCCTTGTTCACCTTTATAGGTAATAAAGTCGTCAAAGGCGATTGTTTGGGCGCGGATAAAGCCTTTTTCGAAGTCGGTATGGATTTTACCTGCTGCCTGCGGCGCGGTTGCGCCAACCGGAATGGTCCATGCGCGAACTTCTTTCACCCCGGCGGTGAAATAGGTCTGGAGGTTCAGAAGGCGATAACCTGCGCGAATAACGCGGTTCAGCCCCGGCTCTTCCAGACCCAGTTCAGCCATAAATTCGTCGCGCTCGTCATCATCCAGCTCAGCAATATCAGCTTCGACGGCGGCACACACCGGAACCACGACCGAACCTTCTTTCGCGGCGATTTCGCGAACCTGGTCCAGATAGGGGTTATTTTCAAAACCGTCTTCATTGACGTTAGCGATATACATTGTCGGCTTCAGCGTCAGGAAGCTTAAATAACGGATAGCCGCTTTATCTTCGTCCGTCAGGTCCAGCGAACGCAGCATCCCCGCTTCGGCCAGGTGCGGCAGGCATTTTTCCAGCGCGGCCAGTTCCGCTTTGGCGTCTTTATCGCCGCCTTTGGCTTTCTTCTGTACGCGATGGATAGCGCGCTCGCAGGTATCGAGGTCAGCCAGAGCCAGTTCGGTATTGATAACATCAATATCTTCTGCCGGGTTTACTTTACCCGCCACATGGATGATATTGTCGTTCTCAAAGCAGCGAACCACGTGACCGATAGCTTCAGTTTCACGGATATTGGTCAGGAACTGGTTACCCAACCCTTCGCCTTT
NZ_CP110931.1_gap41	2051579	2054316	2737	AACCAACTGCCGCAGTTTAATTTGCCGCAATTTTTTGCGCATGGCGCAATACTGAGCATTTTTGTCGGGGCAGTTCTTTGGCTGGCGGGGGCTCGTGTAGGGGGGCATGAGCAGGTGAGCGACAAATATTGGTGGGTACGTCACTATGACAAACGTTGCCGCCGTAACGACAATCGTCGTCATAGCTAACCGGTTCAGGCCCGGTAAGCGTTATCGCCACCGGGCATTGTCCATTAACTGAGTAAATCCGCTAACGCCTCCGTCCTGTTCGGGAAGAAGGTCAGACGCCCAGGAATAGGTTTGATACCGGCACGCGCCATTGTGCGCAGCGGTTGGAACTCCAGATTACTGATACGCAATTCGCAACCCTCCGGCAGACGCTTCACAAAACGCTGAAAAGCATCAAGCCCGCCTGCATCCAGCACTGGTACTGCGTCCCATTTCAGAACGACGATACGTTTGCCCTTAATACGTGACTCAAGGTCAGTAAACAACCCTTCCGCCGCGGCGAAAAAGAGCGGACCGATAACACGCAGCACCAGCACATCTTCAGGCACATCGACATTGACCGGCGCAAGTCGAGTCATTCGCGCAATACGGCGCATAAACAGCAGGGAAGCAAGGACAATCCCCACGCTGATGGCGATGACCATATCAAACAGAACCGTTAATGACATGCACAGCAGCATAACGATAATGTCGTCTTTCGGCGCATGGCGTAACAGATCCACCACTTTATGGGCTTCACTCATATTCCATGCCACCATCAGCAGTAGCGCCGCCATCGCGGAAAGCGGCAGCCAGGAGAGTAGCGGGGCTAAGACCAGTAGCGCCAGAATAACCAGGATAGCGTGAATTACCGCTGAGACGGGAGAGGTCGCGCCAGCGCGGACGTTGGCGGCAGAGCGGGCAATCGCGGCGGTGGCGGTGATGCCGCCAAAGAACGGCGCGACCATATTCCCCAGCCCCTGGCCGATAAGTTCGCTGTTAGCTTTATGTTTGGTGCCGGTCATGCCGTCCAGCACGACGGCGCAGAGCAATGATTCGATTGCCCCCAGCATTGCCATTGAGAAAGCCGCTGGCAGCAGCGCGCGCAGTGAATCCCAGCTTAGCGTGAAATCGGAGCCAGGAAGACTCCACGGCAGCATCAGTTGCGGCAGGAGCTGCGGGATGCCGTTGCCCTGAGTGCCGTCAGCCAGAACGTAATGGAACTGTGAGCCGATAGTCGCCACATTGCCGCCCAGCAGATTAACGATCCCCATCACGGCGCAACCGGCCAGCAGCGCGGGAAGATGTCCTGGCAGACGAATACCGAGACGCGGCCAGAAAATCAACGTTCCCAGCGTTACCACGCCAATGGCGGCATCGCCAATATTGACGGTGGGCAACGCCATAAACAGCGCGCCGACTTTCTGCAAATAGTGCTCTGGCACATGGGCCATCTGCAGACCAAGAAAATCTTTAATCTGCATGGTACCGATGGTAATACCAATCCCTGAGGTAAAACCCAACGTGACCGACACCGGGATATATTCAATCAATCGCCCCAGTCTCGCCAGGCCGAAAAGGATCAGGAAGAAGCCCGACATCAGCGTGGCGACCAGTAGGCCCGCCAGACCAAACTGTTGCGATACCGGATACAAAATCACCACAAACGCGGCGGTAGGGCCGGAAACGCTAAAGCGCGAGCCGCCGGTTAGCGCGATCACGATCCCGGCGACAGCGGAGGTATAGAGGCCATACTGCGGCGCAACGCCACTGCCAATTGCCAGCGCCATCGCCAGCGGGATAGCAATAATCCCGACGGTGATCCCGGCTATCACATCACGGGTGAACCGGGAGGCGGTATATTTTTCTTTCCAGCAAGCATCGATGAGAGCGCGGAAAGGCATCACATGTGAGGAAAATAATTTGTTCACAATAATGTTTCATCCATGAGCGCATCATCTGTCAACTAAATGGCAGGTGAAGGAGGCATAAGTCATACAAAAGGGTGTTACAGACAAAAAAACCCGCCGCAGCGGGTTTCAGATCCGGGTTCGATCAATGCTCGAACATGGCGGAAATCGATTCTTCGTTGCTGATACGGCGAATCGCTTCGGCCAGCATACCTGACAGGGTCAAAGTACGCACGTTCGGCAGCGCTTTGATTTCGTCGGTCAGCGGAATGGTGTCGCAGACAACGACTTCATCAATGACGGAGTTGCGCAGGTTGTTTGCCGCATTGCCTGAGAAGATCGGGTGCGTCGCGTAGGCAAACACGCGTTTAGCGCCACGTTCTTTCAATGCTTCTGCTGCTTTGCACAGAGTACCGCCGGTATCGATCATATCATCAACCAGCACGCAGTCACGGCCAGCGACGTCACCGATGATGTGCATCACCTGAGAAACGTTCGCGCGCGGACGACGTTTATCAATGATAGCCATATCGGTATCGTTCAGCAGCTTAGCGATAGCGCGGGCACGAACCACGCCGCCAATATCCGGAGAAACCACGATCGGGTTATCCAGATTCAGTTGCAGCATATCTTCGAGCAGGATTGGGCTACCGAACACGTTATCAACCGGAACGTCAAAGAAGCCCTGGATCTGTTCAGCATGCAGATCTACGGTGAGAACGCGGTCAACGCCGACGCTGGACAGGAAGTCAGCGACAACTTTTGCGGTAATCGGCACACGGGCGGAACGTACGCGACGGTCCTGACGTGCATAGCCAAAGTAGGGGATAACGGCGGTG
NZ_CP110931.1_gap42	2060887	2063048	2161	GTTAATCTACGCGCAGCTTGAGTGTGAACACGTTGCGCTGACTGATTTAAGCTACTTCGTTGAACAGTGTCCGGAAGACCCGATCAGCGAAATGATTCGTGCGCAGATCAACACCATTGCGCACAAGCAAATTGTTCTACATTAATTAACCGACATTTTACCTATAAGTGTAAGGCGATCCTATGAAACAAAAAGTGGTTAACATTGGCGACATTAAGGTGGCAAATGACCTGCCGTTTGTGCTGTTTGGCGGTATGAACGTGCTGGAGTCACGCGATCTGGCAATGCGCATTTGTGAGCACTACGTAACCGTTACCCAGAAGCTGGGTATTCCTTACGTGTTCAAGGCCTCTTTTGATAAAGCCAACCGTTCCTCTATTCACTCTTACCGTGGGCCGGGTCTGGAAGAAGGGATGAAAATCTTCCAGGAACTCAAGCAGACATTTGGCGTAAAAGTGATCACTGACGTCCATGAAGCCAGCCAGGCGCAGCCTGTTGCTGATGTGGTTGACGTGATTCAGCTCCCGGCGTTTCTGGCGCGCCAGACCGACCTGGTGGAAGCGATGGCGAAAACCGGCGCTGTGATTAACGTGAAAAAGCCGCAGTTCGTAAGCCCGGGTCAGATGGGCAATATCGTGGATAAGTTCCATGAGGGTGGTAACGATAAGGTGATTCTGTGCGATCGCGGCGCGAACTTCGGTTATGACAACCTGGTGGTGGATATGCTGGGCTTTAGCGTGATGAAAAAGGTCTCCGGCAACTCGCCAGTGATTTTCGACGTCACCCACGCGCTGCAATGCCGCGACCCATTTGGCGCCGCCTCTGGTGGTCGTCGAGGTCAGGTGACCGAGCTGGCGCGCGCCGGTATGGCTGTCGGTCTGGCGGGCCTGTTCCTGGAGTCGCATCCGGACCCGGCTAACGCGAAGTGCGACGGTCCTTCCGCGCTGCCGCTGGCGAAACTGGAGCAGTTCCTGACCCAGATAAAAGCGATTGATGATTTGGTGAAAAGCTTCGACGAGCTGGATACCGAGAACTGATTGCGGTTTTTAGCTTGTGTAGGCCGGATAAGATACTATCCGGCTTTTTTATATCAGGCAAAAATCGTCATCAGATAGGCGGCAAATAAAGCCAGATGCGCCGCGCCGTTTAGCACGTTGGTGCGTCCGGTAGAGAACGAAATATGGCACAGCACTAACGAGGCCACCATCACTACCATTTCCGGCGCGCCTAAACCAAATACCAGATCATTACCTGTCGCCCAGGCGATGAGCGTGACGACCGGCACGGTTAATGAAATCGTCGCCAACACCGATCCGAAGAACAGATTCATTGCCCGCTGAACCTGATTATTCAGTACCGCCTTCAGCGCACCCAGTCCTTCCGGCGAGAGAATTAACAGCGCGACCAGGAAACCGGTAAAGGCGACCGGGGCGTTCATGCTGGTCAGCAACGCCTCCAGCGGGCTGGCATTCATTTTGGTAACGGCAATGACCGCAATTAAATGAATGAGTAACCAGACCGTATGCCAACCGCTACTGTGCGCGGAGGGTTTACCGTGGTGTGGATTGTCATCATCGCCTTCATCTTCATGTTCATAGATAAATAAGCTCTGGTGCGTTTTGGTTTGAATCAACAAAAATACGCCGTACATCGCGGCGGAAATTAACGCGACCAATAATGCCTGAGCGGTAGAGAAATTGGCTTGCGGCAATGCCATTGGAAAAACCAGCACAATAATCGCCAGCGGAAACAGCGCGATAAGATACTGCTTAATCCCAAATAAATTCATATATTGCGTTGCGAATTTACGCCCGCCCAACAACAACGAGAAACCGACCAGTCCCCCGGTGACAATCATAATAATAGAGTAGAGCGTATCGCGCATAAGCGTTGGCGCAGCATCGCCGGTAGCCATCAGCGCTGAAATTAAACTCACTTCAAGAATAACGACGGACAGGCTTAAAATAAGCGATCCGTAGGGTTCGCCGAGTCGGTGCGCTAATACATCGGCATGACGGACCACGCTAAATGCGCTGCTTAAAATACCAATAAGTGCAAGGATATTGATGCCAATAACCACTGGTAGTGACTGGCTGCTTCCCCAAAGGAACAGCACTACCAGCGCAAGAACCGGGAAAATAAGCGAAGTCTCCTTATGGCG
NZ_CP110931.1_gap43	2078943	2082671	3728	CCTTTGGCCGCTCGGGAACCCCACCAGGGGTAATTCAAATTGTAGGTAAAGCTTGAAGATGGTGGTGGGGGAAGGATTATTCGTCGCTTCGCTCCTCACCCTACGGGCCGTTGCCGTTGGCAACGTTCTCTTGCTTTCGCTCGAGTCGAACCTTAATCGAAGGTTCTCACCCTTCACCGACAAGTGCAGACTTCTGCATTGCTCATCGAGTTAAGAGTTAACTACATCGCTGTAGTGAATAATGGTGGTGGGGGAAGGATTCGAACCTTCGAAGTCGATGACGGCAGATTTACAGTCTGCTCCCTTTGGCCGCTCGGGAACCCCACCACGGGGTAATGCTTAATACTGGCCCGCTTCCTTTCGGGAAGCGGGGCGCATCATATCAAATGACACGCCGCTGTAAAGCATTCCTTTGCCTGAAATGAACTGTTTGCGTACTTTTCATCCGTAACGGATTAAAGCTAATCAATTCATATTACTGACGATTAAAGAATAATCGTCCGATTGCCGTAAACAAAGACCCGCTGCGCCAGAACCTGATACAGCGCGCGGCTTAATACGTTTTTCTCAACGTCGCGCCCGGCACGCATCATATCTTCTGCGGTGTAAGTGTGATCGACATGAATCACGTCCTGCATAATGATTGGGCCTTCATCCAGATTATCATTCACATAGTGCGCGGTAGCGCCGATGATTTTCACGCCGCGCTCATAGGCCTGATGATAAGGGCGCGCGCCGATAAACGCCGGCAGGAATGAGTGGTGGATATTGATAATTTTGTTCGGGAAGCGCGCCACAAAACCTGGCGTCAAAACACGCATATACTTGGCCAGCACCACATAGTCCGGTTGATTGGCATCAATGGCGTCCGCCATCTTCGTGTCATGCTCTTCACGCGTTAATCCCTCATGGCTGACCAGTTCGAAAGGGATCTCAAAACGTTCAACCAGCGAGCGTAACGTTTCATGGTTGCCAATGACCGCGGCGATTTCAACATCCAGCCCGCCATAGTTGGCTTTCATCAGCAGGTCGCCCAGACAATGCGCCTCTTTGGTAACCAGAATCACTACCCGACGGCGTCCGGCGGGATTGAGTTCACGAACAGAGCCTTCCGGTAAGGCGCTGTCCAGATCGGCCAGAAGAGTGGAATCATTGAAGATGCCTTCCAGCTCGGTCCGCATAAAAAAGCGTCCGGTTCGATGGTCCACAAATTCATTGTTTTGCACAATATTAAGCTCGTGCTTATAGCAAATGTTGGTAATCCGCGCGATAAGGCCTTTTTGATCGGGACAAATAGTACGCAGAACTTTACGTTGTAGTGATTGCATTGCCGGAAAAATCCTGTTGAGAGTGTTTGCTGTATCGATACTGTCAGGCGTCACTGGCCGCAGCACTTTTTAAATTTTTTGCCTGAACCGCACGGGCAGGGATCATTTCGACCCAACTGAGGGCGGGTACCGTCAATATAATACCACTGACCGTTTTCTTTGATAAAACGAGAACGTTCGATAATCGCCCCGGTTTTCCCTTGTTCGGAAAAACGCGCGATAAAACTAACATACCCTGTATTTTCTGCTTCTGACCAGGTATGTTCAAAAATAGTCAGGCCGAGCCACCTGGTATTGGCAAATCCGGCGATGATATCATCACGAAACGCGGCCGCATTGCAGGTTGGATGCCAGCTCTTAATTAAGTAATCTGCGTCTTTCATCACAAAAGCGCAGTAACGAGAGCGCATGAGATGTGACGGATCGGGTGCTACTCGTTCTCCGGACACAATACGACCACAACATAGGCTATACTCGTCAGCGCTACCACAGGGACAAGGCTGAGACACAATAATCTCCCTGAATATAAAAAACGGCGTTGAACGCCAGGGTGGCATTATGTTAACTGAGCAGTGGCGATGTTGCTACGTCTTGAAGCCAGGGGAAGTCGTTAAGTACGATGAGAAAAATGAAAATAGGGCTGGCGCTGGGATCTGGCGCAGCGAGAGGATGGTCTCATATTGGGGTCATCAAAGCCCTCAAGCAAACAGGCATTGATATTGATATCGTTGCAGGATGCTCAATAGGTTCACTGGTCGGCGCCGCGTATGCCTGTAATAAATTATCGGCGCTTGAACAGTGGGTATGTTCATTCCGCTACTGGGATGTTTTACGCCTGATGGATGTATCCTGGGGCAGAGGAGGGTTGCTTCGCGGCGAACGCGTATTTAATCACTATCGGGATATTATGCCCGTCACGGATTTTGACCACTGTTCAAGACGTTTTGGCGCGGTCGCGACGAATCTTAGCACGGGACGAGAGCTATGGTTTACTGAAGGCGATCTACACCTTGCCGTACGCGCGTCGTGCAGTATGCCAGGGCTGATGTCTCCGGTTGAACATAACGGTTACTGGCTGGTAGATGGCGCAGTCGTTAATCCGGTACCTGTTTCGTTAACCAGGGCGCTGGGGGCTGATATCGTTATTGCGGTAGACCTGCAACATGATGCCCACCTCATGCAGCAAGATTTGCTCTCTGTAAATGTCGGGAATATCAATGAAGAGAGCGATGATGCGCTGCCCTGGCATAAGCGTTTAAAAGAACGTTTCAGTAGCCTGACTTCACGCCGTGGCGTGAGTTCGCCTGGGGCAATGGAAATCATGACAACCTCCATCCAGGTGTTGGAAAATCGTCTTAAACGTAACCGTATGGCTGGCGATCCGCCTGATATTCTTATTCAACCATTCTGTCCGCAAATCTCAACGCTGGATTTTCATCGCGCCCATGCCGCTATTGCGGCGGGTCAGTTAGCCGTAGAGAAAAAGATGGACGAACTTATACCCTTGGTGCGTACCGACGTTTAATGTACCTTTTACGATCACTTAAGCAAATTCTGACAGGCGCAAGCGGCAATACCATGCCACTATTGATTAAAGCCAGTCAGGGGAGAGAACATGACGCAGCCATTGGTCGGAAAACAGATTCTTATTGTTGAAGACGAGCCTGTATTTCGCTCGCTTCTGGATTCGTGGTTTTCCTCTTTGGGAGCGACAACGGCATTGGCAGGCGACGGGGTAGATGCCCTGGAGTTGATGGGGCGTTTTACCCCTGATCTCATGATATGTGATATCGCTATGCCGAGAATGAACGGTCTCAAACTGGTAGAAAACTTACGTAATCGCGGAGACCAGACGCCTATTCTGGTTATTTCCGCAACAGAAAATATGGCGGATATCGCCAAAGCGTTACGCCTTGGGGTTGAAGATGTCTTGCTGAAGCCGGTAAAAGATCTCAACCGCTTGCGGGAAACCGTATTCGCTTGCTTATACCCTAATATGTTTAACTCGCGGGTTGAAGAAGAAGAACGCCTGTTTCGTGACTGGGATGCAATGGTGAGTAATCCAACCGCCGCAGCGCAATTGTTGCAGGAATTGCAGCCCCCGGTACAGCAGGTGATTTCTCATTGCCGCATTAATTACCGGCAGCTCGTCTCCGCCGATCAGCTTGGACTGGTGCTGGATATTGCGCCGCTATCTGATAACGAACTGGCATTTTATTGCCTGGATGTCACCCGGGCGGGCGATAACGGCGTGTTAGCCGCATTGTTGCTGCGGGCGCTATTTAACGGCTTATTGCAGGATCAGCTCGGCCAACAAAAGCACCGTTTACCGGAGTTAGGCGCGCTATTAAAACAGGTAAATCATCTGCTCAGACAAGCCAATTTACCTGGGCAATTCCC
NZ_CP110931.1_gap44	2230649	2235285	4636	TAACGGTCAGTCAATGTAGCATTGTGCGTTATAGCGTACAAGTGATACGCTATGGCCTTACAGGGGGGGAAAATGGATAACCTGACACACTATCTGGCGACCACGTTAAGAACGTTACGCCATCAGCGAGGCTGGAGTTTATCGCGTCTGGCGGAGATCTCCGGCGTCTCAAAAGCCATGTTGGGGCAGATAGAGCGTAATGAATCCAGTCCGACAGTCGCAACGCTGTGGAAAATTGCGACGGGCCTGAACGTTCCATTCTCAGTGTTTATTTCGCCGCCGCAGGCCGAATTTCCTCCGACCTTCGATCCCCAGCAGCAAGCGATGGTAATCACACCGTTGTTTCCATGGGATCCTGAACTCTGTTTTGACTATTTTTCCCTATTGCTGGCGCCTGGCGCGGTCAGCGAATCAACGCCGCATAAAGCCGGCGTTGTCGAACATGTGGTGGTGATTCAGGGTCGGCTGGACATGTGTACTGGTGGGGTATGGCAAACCATAGACGCCGGTAAAGGATTGCGTTTTGCCGGTGATATGGCGCATACCTATCGCAATAGCAGTGACCAGACGGTTCATTTTCACTCGCTGATCCATTACCCGCGTGGTTAAGCGGGAAAACTATTTCGTTAGTTTGCGCTTCTGACTACAATAGCCGCCATTTCGCTGCTATTGGATAAGAAAGACTGTATGCGTCAGCAACCTCACTATCTCGAATTGTTAAGTCCGGCCCGTGACGCCGCAATTGCTCGCGAAGCGATTTTGCATGGCGCAGATGCCGTCTACATCGGCGGACCCGGTTTTGGCGCACGTCATAACGCCAGTAACAGTCTGCGCGATATCGCCGATCTGGTTCCGTTTGCTCACCGTTATGGCGCCAGGATTTTTGTCACGCTGAATACTATCCTGCATGATGATGAGCTGGAGCCCGCGCAGCGGTTAATCACCGATTTGTACGACACCGGGGTGGATGCGCTGATTGTGCAGGATATGGGCATTCTGGAACTGGATATCCCGCCGATTGAGCTTCACGCCAGTACACAGTGTGATATTCGCAGCGTGGAAAAAGCGAAGTTTCTTGCCGATGTCGGTTTTTCACAGATTGTACTGGCGCGCGAGCTTAATTTGAGTCAGATAGCGGCTATTCATCAGGCTACTGACGCCACGATTGAGTTCTTCATTCATGGCGCGCTGTGTGTCGCTTATTCTGGGCAGTGTTATATCTCTCATGCGCAAACCGGGCGCAGCGCCAATCGGGGCGACTGTTCGCAAGCCTGTCGCTTACCGTATACGTTAAAAGACGATCAGGGGCGGGTGGTCTCTTACGAAAAACATTTGCTATCGATGAAAGATAACGACCAAACGGCTAACCTCGGCGCGTTGATCGATGCAGGCGTACGTTCCTTCAAGATTGAAGGGCGCTATAAAGACATGAGCTATGTCAAAAACATCACCGCGCATTATCGTCAGATGCTGGACGCGATTATCGAGCAACGTGGCGATCTGGCGCGTGCATCGGTTGGTCGGACCGAGCATTTTTTTGTTCCCTCCACGGAAAAAACCTTCCATCGCGGCAGCACCGACTATTTTGTTAACGCGCGTAAAGGTGATATTGGCGCATTTGATTCACCAAAATTTATTGGCTTGCCGGTAGGCGAGGTGCTGAATGTGGCGAAGGATTATCTCGACGTAGAAGCGACGGAGCCGTTGGCGAATGGCGATGGTCTGAACGTGTTGATTAAGCGTGAAGTGGTGGGTTTTCGCGCCAATACGGTGGAGAAAACCGGTCATAACCGCTACCGCGTTTGGCCAAATGATATGCCTGCCGACCTGCATAAAGTCCGTCCGCATCATCCGTTGAATCGTAATCTGGACCATAACTGGCAGCAAGCGCTGACAAAAACCTCCAGTGAGCGCCGTGTGGCGGTTGATATCATGCTGGGCGGCTGGCAGGAACAGCTTATTCTGACGCTGACCAGTGAAGACGGTGTCTGCATCACGCATACGCTTGACGGGGTATTTGAGGAAGCCAACAACTCTGAAAAAGCGTTGAATAACCTAAAAGCCGGACTGGCGAAGCTGGGACAGACGCCTTACTACGCGCGTGATATGCAGGTGACATTACCGGCGGCGTTGTTCGTGCCAAATAGCCTGCTCAATCAGTTCCGTCGGGAGGCGATTGATATGCTTGACGCGGCGCGGCTGGCCCATTATCAACGAGGTCGTCGGAAACCCGTGGCGCAGCCTGCGCCGGTCTATCCGCAAACGCATCTCAGCTTTCTCGCTAATGTCTACAACCACAAAGCACGGGAATTTTATCACCGTTACGGCGTACAATTGATTGATGCGGCCTATGAGGCGCATCAGGAGAAGGGCGAGGTACCGGTCATGATCACCAAACACTGCCTGCGTTTTGCGTTCAACCTTTGTCCAAAGCAGGCGAAAGGAAATATTAAGAGCTGGAAAGCCACGCCGATGCAGTTGGTGCATGGCGATGAGGTACTGACGCTAAAATTCGACTGCCGCCCTTGCGAAATGCATGTCATTGGCAAAATTAAAAACCACATCTTAAAAATGCCCCAGCCCGGCAGCGTTGTCGCTTCAGTGAGCCCTGAAGCGCTGATGAAAACGCTGCCGAAGCGCAGGGGCGTTTAATTAACGAAAATAGCTCTCTGGTTTGCGCGATTTCTGCCAGTTGTGGTGCTCGCGCAAGCCTTCCGCGGATTCTTCCGCTGCCGCCCGTAATTCATCGCTGTCGGCTTCGTGTCTAAGCTGGTGCCCTCCCGTCGCAAACCATACGAATGCGTGGTCTTGCTGTTTCGCCAGTAACTGGCCTGAAAACAGCGCACAGGTCAGTAAAACTACTGATAACGTTTTTGTAAGCATCATGCCACCTTCCAGTTACGTCGTGAGGCTATGATGCCAATAATTTCTTTGAGTTATTATTCAACACTTCAAATTAGCGAAAACGGTTTGTCAATAAGTGCGATAAGTTGTATGAGAAAATATATTTATACTCAGTATGTCAATTATAAAAATAACGAGCCAATTCGTTTCATAGTAAATCCATCATTCCCTGGAGGCATATTTTTAAAGTTATTGTATTAGAGGGTTTTGGTATTGCTAGGGGATTGTAAATCCATACTATTTATGGTGTGGTCAACTCTGGTAATGAGCCTCATTTTTTGTTGTTTCAACGAGTGAAGATAAATCTTCAGAAAAAAGGCTGTTATGAACTTGTAGCGCTACATATTCAGTAAGCTCGTTTAAACATAGCAGGCCATGAGAGGAACTTTCTTCCAGCATATTCATTAGTATCTCATTCTTAAACAAACATGAATAAACAATTTGAGTAACTGAGCTTTGTGCATAATTTGGTTCAAACGCTGCATTCTTTAAATTAGTATTCTCAATAACCTTTGCGGCTATTTTGTTTTTGATAGCATCGTCAATAGCTGTTACACCTGCTTGTGCGATGCCCAGATTAATCCTGGAGGAGATGGCGGCTTTTCTTTCCTGTTCCTTCCAGTCACATAAATTACCCTTTTCTGCCATGGCGATAAGCGTCTCTTCTATATTTTTTAGGTCAACGGGAAATGTTATACCGCCGGATAGCGAGAGTTGTAACCGCTCAGGGAACAAGCAACATAGCGGTTCACAAACATAAGTGCTAGCTTTTATATTAATATCAGAATATCTTTTCAGGTGGGCAGACTGAGTATCAACACAGAGCACTGTTCTATTCATTATCTCATAATAGTAGTGATCCTGACGTATCATAATGCATAACGGAATATCTTCGCCATCTTTAATACAGAGATTTGTATATTGACACTCAGCATCTTTATAGTGCTGAAAATGGAAATTTCCTCTGCATGATGGTGATGATAATTCATATAACACGCAAAATAAATCAAATAAACGTTGCGCGTCAGGCGGAGAGGCAACATCACATAATTCCTTTATATATTGATCGGCAGTGGATCTTTGCGTGTCACAAAAAAAATCTTTAATCTTTTCCCATAGTAACGTAAAGAAGGAGCGTTGAGAGATAGCACTTTGAGAAAACATCTCACTCTTTAAAAATCCTCTCCCGATAGTAATTGGCATAATGTAGACCACAAGTGGTTATATGATACTTCATTACTGGAATAGGTGGTATTCGAAATATTATCCCATGTTGCCCATCGGTTTGCCTATCGGTGAAACACCTGATTTTTGCTTTGTCCTGAACCGTCAACATTATTGTTCAATTGTTTAAATCGACCTGTAGCTTTAGTCATGCCCACGCCTCCTGGCCATGAAATATGTCAGATAAAACGAATGAAAGTAAAACGGTTTTCTTAATTCTCACATCATCATGTACTATGAGTAATGATTAATTACGCACTATATTATTTTTAGAGAAAGTAAATAGTTGCTCAACCGTGTAGAAATTGTCTTATAAGAAGTTAAACTAAAAGTATTATTAGGCTAACAACAATGAGATGTTTAGCGGTAGGGCAGAAGGCCAATACTGATAGTGCTTATGATATAAATACCTTACTCTTTAGTTTTTGTCTTAATTATATTTGTTGTAACGATTAGCTGACGGCTTTATTTCCAGTTGGGCGATAAAATTATAAAAACCTGCGAGGAG
NZ_CP110931.1_gap45	2238577	2241773	3196	TTTCCCGAGTGTGCCGGGTGAGCATCTGGCGCGCCGTCTATTTTTAGGAAAGCGGCGGCCCGTTCGCCGGAAATCGATTAATGACGATATGGGAAAATGCTATGCAATATCAATTACTGATTAATGGCGTGCTGGTGGACGGTGAGGGAGAAAGGCAGTCTGTTTATAACCCGGCGACAGGCGAGGTCATACTTGAGATTGCGGAAGCGTCGCCCGCGCAGGTTGACGCCGCAGTGCTGGCCGCCGATAGCGCGTTTGCCGAATGGGGGCAGACCACACCCAAAGCACGGGCGGAATGTCTGTTAAAACTGGCGGACAGCATCGAGCAAAACGCCCTTGAGTTCGCCCGGCTTGAATCGCAAAACTGCGGTAAGCCTTTGCACTGCGTAATTAATGATGAAATTCCGGCAATCGTGGATGTCTTTCGCTTTTTTGCCGGCGCGGCCCGTTGTTTGAGTGGGCTGGCGGCGGGCGAATATCTGGAAGGACATACGTCGATGATCCGCCGGGATCCGATTGGCGTGGTTGCCTCTATCGCGCCGTGGAATTATCCGCTCATGATGGCGGCCTGGAAGCTGGCGCCAGCGCTGGCGGCAGGTAACTGCGTGGTGATTAAGCCTTCTGAAATCACGCCGCTGACGGCGCTTAAACTTGCCGCGCTGGCGAAGGATATCTTTCCGCCGGGGGTGCTCAATGTCCTGTTCGGACGAGGGCAGACTGTTGGCGATGTATTGACCGGTCATGAAAAAGTACGCATGGTCTCTTTAACCGGTTCTATCGCGACCGGGGAGCATATTCTGCGCCATACTGCGCCAGCGATAAAACGTACGCATATGGAACTCGGTGGTAAAGCCCCGGTGATTGTTTTTGATGACGCCGATCTGGATGCGGCGGCGCAGGGCGTCCGGACTTTTGGTTTCTATAATGCCGGACAGGATTGTACTGCGGCGTGCCGTATATACGCGCAGCGCGGTATCTATGATGCGCTGGTCGAAAAGCTAGGGAACGCGGTGAGCAGCCTGAAAATGGGCGCGCCGGAGGATGAGTCGACAGAGCTGGGGCCGTTAAGTTCGCTGGCGCACCTGAAGCGCGTCACAGCGGCTGTAGAGGAGGCGAAGGCCCTCAGCCATATCCGTGTGATTACTGGCGGAAGTCAAACGGAAGGTAAAGGTTACTATTTTGCTCCGACGTTGCTGGCAGACGCAAAACAGGAAGATGCCATCGTGCAACGCGAGGTCTTCGGCCCGGTGGTCAGTATAACCGTCTTTGATGATGAAGATCAGGTTCTGAGGTGGGCCAACGATTCTCGCTATGGTCTGGCATCCTCCGTCTGGACTCAGGACGTTGGGCGGGCGCACCGGCTTAGCGCCAGATTGCAGTATGGCTGTACCTGGATTAATACCCATTTCATGTTGGTTAGCGAGATGCCGCATGGAGGGCAAAAACAGTCGGGATACGGCAAAGATATGTCATTGTATGGTCTGGAAGACTACACCCTTGTCCGTCACATCATGGTTAAGCATTAAGGATCATTTACTGTTCAGAAAAATCGTGAAAAAATAGGCGGGTGTCGGCGGAGAGGGGGACCTCCCCGCCAACATGCGCAGCAAGTACTCAAAGGTTGAACACCTCAAGCAAACCAGCCGAATCTCAACGAGATCAGACCCAAAAGTCCTGCAGCAGCAAAGACATTAATCAGCACGACGGTTTTACTGGAAACATTCATTTTCGCCACCTTTCATCATAACCCCTATGGGTATAGTACGGGTTGGCGAGATCCGCAATAATACGTAAACAGGATATTCTGTGAGCGGAGCCGTGCATTGAGAACGTTTTGCTGTTAAGGCTGATAAACCTTGATGTGTGTCAAATAAAAAGAGCATATTGCGCGCGTTTTTTCCTCTGGTTGGCGCGGATGCCTGATATGACCCTCTTTCAAAAGATATTAATTTTTTACGCCGTCATGGCGGTGATATCATCCCTGATCACCTGGTTTTTGACTCATGACAAAAAACGAATTCGTTTCCTGAGCGCTTTTTTGGTCGGCGCGACATGGCCGATAAGTTTCCCCGTCGCATTGCTGTTTTCGCTTTTCTGACCTCAAGCCCGATACAGGTTACCGGGCATGGTTTTTCCGCCAGGTCAGGCTATCAGGGCAATTAATTGCGCTCTGTCTACGTCGGTAACGTCCTGCGGATGCCGATATCCTGCGTTCTCATTGGCCAGGGTATACAGCGCAACAAGCCAGTCATAGACATAGCGGCTGGCGGCGTGAACGGGCTGTTCGTCAAGCTTTGTTAGACGCAACATTGTCGAACGTGGTGTTGCGGCGAAAATGGCTGCGCCTTTCTGAACGCGGCTGGCCGGGCGTTGGGCCTCCTCGATATTTGCGTAGCCGAGCCAGGCGATGAAGTTACCAATGATGGCATGAAGCTGCGCGCCGCTCACCTCCTCGCGCTGCATGGTTTTCTGTAACTGCTGAGGTAAACCGAGGCGATAGCTGGCGGTAATTAAAATCTCCGCCACGGCGTTGAGCATCTGCGGTTCCAGTCCCAGACGCTGCGCATTATCCCGGCAGTGGGCCCACTGGCGCAGATGATTGATCCACATTTTGTGCGTCTGGTAGCCTGTTTCGTGACCTTCTGACGCTGAAGCGCGCGTTGGTTCGTCGGCAAAGAGATCGATCGCGTCATTAAATAAACCGCTGACCTGTTCTTCTCGCGACTGTCGGGTGCGCAGCAACGCTTCGAAGTTCTGTACCGGCGGTAACAGCCCGGCCAGCAGATCGCCATGTCTGGCGGCCTGGGCCTGAAGACGCCGGATCACGGTTTCAACCGGTAGCCGCGCGTCATCAAACATCGGTAACAGATCGCGCACGCGGCCTCGCAGTTGTTCGCGTAACGCCTGTAAGCGTGCCTGTCGCTGTGGTGCCGATGTCGCCTGCGATAACCACTCCACCAAACGCTGCATACTGTGTTTATCCAGCGCCTGCAACGTTCCCCAGTGCACGCCAGGTTTACCCATCAACTGCTGGACGGCTTCATCCAGATTTTGCTGGGTGGCAAAACGGGCATCCTGTGGAGTAATAGCCCAGACGACGCCGGGTAACGCTGATTCATGCTGCGGCTGCGTGGCGTTAACCCACTCCAGTAAGTGACGGGCGGCGGTGGACGTTTGTGAGCGAGATGCCAGAGCA
NZ_CP110931.1_gap46	2330924	2331763	839	AGCAGACCGCACGCGCAATCGCCATGCTGTCTGTACTCACCGGTAACGTCGGCATAAATGGCGGTAATTCCGGCGTGCGCGAAGGCACCTGGGATCTGGGCGTCGAATGGTTTTCTATGCTGGAGAACCCGGTAAAAACCCAGATTTCGGTCTTTACCTGGACCGACGCTATCGATCATGGCGCGGAAATGACCGCCACACGCGACGGCGTGCGGGGAAAAGACAAGCTCGACGTGCCGATCAAATTTTTGTGGTGCTACGCCAGTAATACGCTGATCAATCAGCATGGCGACATCGCCCACACCCACGAGGTGCTTCAGGACGACAGTAAATGTGAAATGATCGTCGGCATCGAGCACTTTATGACCGCGTCGGCAAAATATTGCGACATTCTGCTGCCTGATTTAATGCCGACCGAGCAGGAAGATCTGATTTCCCACGAATCCGCAGGCAATATGGGCTATGTCATTCTTGGTCAGCCCGCCACCTCGCCGAAATTTGAAAGAAAGCCCATTTACTGGACGCTCAGTGAAGTGGCTAAACGGCTTGGTCCGGAAGTATACCAGACCTTCACAGAAGGCCGCACGCAGCATGAGTGGGTCAAATACCTGCACGCAAAAACCAAAGCGCGTAACCCGGAAATGCCGGATTACGAAGAGATGAAACAGACAGGGATTTTCAAAAAAAAATGCCCGGAGGAGCACTACGTCGCTTTCCGCTCATTCCGCGAAGACCCTGCCGCCAACCCACTGAAAACGCCGTCCGGTAAAATCGAAATCTATTCCGAGCGTCTGGCAACCCTCGCCAACACGTGGGAGCTGAAGAAAGATGAGATTATC
NZ_CP110931.1_gap47	2334691	2339205	4514	ATTTTGCTGTTACTGGCGCTGTTTATCTGGGGAATCGGTCTGGAGACGCTGAAAGCGCGTCAGGTCGATCTGCTGTATCTCGGGCAACGGCATTTGATGCTGGTCTTTACGTCCATGTTTTTTGCTTTACTGGTCGGTATCCCGAGCGGGATTTTACTCAGCCGACCTGCGGCAAAAGGATTTGCTGAATATGTCATGCAAATCTTTAATGTTGGTAATACCTTGCCGCCGCTGGCCGTTCTGGCCTTAGCGATGGTGATTATCGGGATCGGCGATACGCCCGCCATTGTCGCGCTATTTCTGGCTTCTCTTCTGCCTATCGTCCGCAATACCTATGCGGGCCTCTGTTCCGTTCCCGCCTCACTGATTGAAGCGGCGAACGGGATTGGGATGACAAAATGGCAGCGGCTTCGCCAGGTAGAGCTACCTAATGCGTGGCCAGTGATGCTGTCCGGTATTCGCATCGCGACCGCCATCAATGTCGGCACCGCGCCGCTGGCCTTTCTGATTGGCGCCAGCAGCTACGGCGAGCTGATTTTCCCGGGAATTTATCTCAACGATTTTCCGACGTTGATCCTCGGCGCAACGGCCACGGCGTTATTCGCGCTGATTCTTGACACTCTGCTTGCCTGGTTTGGGCGACGCCTTAGCCCTCATACCGTCTGAACGCATAAATAACAATAAGGAGCGTTAAATGAGATTCAAAAAACACCTGTTGGGATGGCTTGCCGCAACGCTGTTGTTCAGTAGCCAGACGCAGGCCGCGCCGCTGGTTCTCGCCACCAAAAGCTTTACCGAGCAGCATATTCTTTCCGCTATGACCGTTCAGTATTTGCAGAAGAAAGGCTTTCAGGTTCAGCCGCAAACCAATATCGCCGCGGTGATTTCACGTAATGCGATGGTGAATAAACAAATTGATATTACCTGGGAATACACCGGTACATCGCTGATTATTTTCAACCGTATCGATAAGCGCATGAGTCCACAGGAAACCTACGACACGGTAAAACGCCTGGATGCGAAGCTGGGCCTGGTATGGCTCAAACCGGCTGACATGAACAATACTTACGCGTTCGCGATGCAGCGCAAACGCGCCGAGTCGGAAAATATCACCACCATCTCGCAAATGGTGGCAAAAATCGAACAGGTCCGGCAGAACGATCCTGACCACAACTGGATGCTCGGTCTCGATCTGGAATTTGCCGGGCGCAGCGATGGGATGAAGCCCCTTCAGCAAGCCTACCAAATGCAGCTTGATCGCCCGCAAATACGACAGATGGACCCAGGGCTGGTCTATAACGCCGTTCGGGATGGACTGGTTGACGCCGGGCTGGTCTATACCACCGACGGACGGGTGAAAGGGTTTGATCTGAAAGTGCTGGAAGATGATAAAGGCTTCTTTCCAAGTTACGCTGTCACGCCCGTGGTGCGTAAAGAGGTGCTGGAGGCCAATCCTGGCCTTGATGACGCCTTAAACACCCTTTCCGGCCTGCTCAATAACGATGTGATATCGACCCTAAACGCCCAGGTCGATATCGAGCATCGCACGCCGCAACAGGTAGCCCATCAATTTTTGCAGGACAAAGGTCTGCTGTAAGGAGCGCCTATGGATACGATACATTATATGCTGGATAACGCAGGCTATCTCGCCAGCCTTACCTTTCAGCATCTCTGGCTGGTCGCGCTGGCCGTCGGTCTGGCGATTATCATCGGCGTACCGTTAGGCGTTTTGATTGTACGCCACAAATGGCTGGCAACGCCGGTACTGGGCGCCGCCACGCTACTTCTTACCATTCCGTCTATCGCGCTGTTTGGATTAATGATCCCGCTCTTTTCGCTGATCGGGCATGGTATTGGCGTTCTGCCCGCCGTGACGGCCGTTTTTCTCTACTCTTTACTGCCGATTGTGCGTAATACCCATACTGCGCTTGATAGTTTGCCGCCCGGTCTGCGTGAAGCGGGACGCGGCATCGGTATGACTTTCTGGCAACGGCTGCGCTGGGTCGAAATCCCAATGGCCCTACCGGTTATTTTCGGGGGTATCCGCACCGCGGTAGTGATGAATATCGGCGTGATGGCGATTGCCGCGGTTATCGGCGCTGGCGGTCTGGGGCTGCTACTGTTAAACGGCATTAGCGGCAGCGATATTCGCATGTTAATTGCCGGCGCGCTGATGATCTGTCTACTGGCGATTGTGCTTGACTGGCTGTTGCATCGTCTGCAAGTCGTACTGACACCTAAGGGGATACGATAATGATAAAACTGGAAAATCTCACCAAACAATTTGTACAGAAAAAGGGTCAGCCGCTAAAAGCCGTCGACAACGTCAACCTGAACGTGCCGGAAGGCGAAATGTGCGTCTTACTCGGTCCCTCCGGCTGCGGCAAAACCACCACGTTAAAGATGATCAACCGGCTGATCGCGCCCAGCAGCGGTAATATTCTTATCAACGGCGAGAATACCAACGATATGGATACGGTAACGCTACGCCGCAATATTGGGTATGTTATCCAACAAATCGGCCTGTTTCCTAATATGACGATTGAAGAAAATATTACCGTTGTGCCGCGCATGTTGGGTTGGGACAAAGCGCGCTGCAAGCAACGCGCCGAAGAGTTGATGGACATAGTGGCGCTGGATGCCAGAAAATTTCTGCATCGCTATCCAAAGGAGATGTCCGGGGGACAGCAACAGCGTATTGGCGTGATCCGCGCTCTGGCCGCCGATCCGCCGGTACTGCTGATGGATGAGCCCTTCGGCGCGGTGGACCCCATTAACCGCGAAGTGATCCAGAACCAGTTTCTGGATATGCAGCGTAAGCTAAAAAAGACCGTGATGCTGGTCAGCCATGATATCGACGAAGCGCTAAAACTCGGCGACCGTATCGCCGTGTTCCGTCAGGGGCGAATTGTACAGTGCGCCAGTCCTGATGAACTGCTGGCCAAACCGGCTAACGAGTTTGTCGGGTCGTTTGTCGGTCAGGACAGAACGTTAAAGCGTTTGCTACTGGTCTCCGCAGGCGATGTGACCGACCAACAGCCAACCATTACCGCGCGGCCTTCCATGCCGTTAAGCGAGGCGTTCGGCATTATGGATGATCACGATATTCGCGCCATTACCGTCATTGACAACGACGGTAAGCCACTGGGATTTGTGAAGCGCCGGGAAGCGCGGAACGCCAGCGGAATCTGCGCCGATATCACCCATCCTTTCCGTATTACGGGCAAAGCGGAAGATAACCTGCGTATTGTGCTGTCCAGATTGTACGAAAGTAATACTAGCTGGATGCCGATCGTTGATGAAGACGGACGCTATAACGGTGAAATCTCTCAGGATTACATCGCCGATTATCTCAGCTCAGGCCGCACGCGTCGGGCGCTAAATATTCACGAAAACAGCTAACGCTGCCGCCGGATGGCCTCTCGCTATCCGGCAATATCATTATTGTACGCAATATTATATCGCACATAGTGCTTTTGCGTCTGACGCCATTTCCCCGCAGAATAGGCTATCCTGAAACTCCCTGTTTACCCGCTCATGCATCGTTTACACGCTTACCCGGATCTGCGCGCGATGTTTCGTCGCCTGCTGATCGCTACGCTCATCGGTATTCTCGCGGCGCTGGCTGTCGCCGCCTTCCGTCATGCGATGCAATTGCTGGAGTGGATTTTCCTGAGTAATGACACCGGCAGTCTGGTGAATGCGGCTGAGGGGCTTTCGCCCTGGCGACGGCTGATTACGCCAGCGCTTGGCGGCCTGGCCGCTGGTCTGTTACTATGGGGGTGGCAAAAAATGAACCAACAGCGCCCCCATGCGCCCACTGACTATATGGAAGCATTGCAAACCGACGGGCAATTTGACGTTGGCGCCAGTCTGGTGAAATCGCTGGCCTCGCTGCTGGTCGTGGTCAGCGGCAGCGCAATTGGTCGCGAAGGCGCAATGATCCTCCTCGCCGCGCTGGCGGCATCCAGCTTTGCCCGACGCTTCACGCCGCGTGAGGAATGGAAATTATGGATCGCCAGCGGCGCCGCTGCGGGCATGGCGGGCGCTTACCATGCGCCGCTGGCGGGCAGCCTGTTTATCGCGGAAATCCTGTTCGGTACCTTAATGCTGGCTTCCCTCGGCCCGGTTGTCGTTTCCGCCGTCGTCGCCCTGCTAACCACCCATGTATTAAACGGTAGCGATTCACTACTCTATACCGTGCATCTGACCGTTGATCTCCACGCGCGGGAGTACGTCATGATAGTCAGTACCGGCCTGGTCGCCGGTCTGTGCGGCCCATTGCTGATGTGGCTGATGACGGCCAGCCATAATAGTTTCTTACGTTTAAAACTGTCCCCGCCCTAGCAACTGGCGTTGGGCGGGCTTATTGTCGGATTACTGTCGTTACTCACGCCCACGGTATGGGGAAACGGCTATAGCGTCGTACAATCATTTTTGCTCTCCCCGCCGCTATTCTCGCTGATTGGCGGAATTTTTGTGTGCAAAATCCTGGCGGTGCTCGCCAGCAGCGG
NZ_CP110931.1_gap48	2359065	2362617	3552	GAACTGCGGGAAATTCCGCCGCGTGAATGGGGAAAAACGTTAAAAGAGATGGACCTGAACCTCTCTTTCGATTTACGCGTTGAACCGTTAAATCACTATAAGCTTGATGCCGCCACCACGCAGCGACTGCGTGAAGGCGATATCGTCGCGCTTGACGATCAATACACCTTTATTCAGCGTATCCCGCGCAGCCATTACGTCCTGGCGGTTGGCCCGGTTCCCTATCTCTATTTCCTGCATCAAATGCGACTGCTGGATATCGCCTTAATGGCGCTCATTGCCTTTTCTCTCGCCTTTCCTGTGTTTATCTGGATGCGCCCGCACTGGCAAGAAATGCTCAGGCTCGAATCCGCCGCGCAGCGCTTTGGCGAGGGTCATTTGACTGAACGCCTGCATTTCGATAATGGTTCCAGTTTCGAACGTCTGGGCGTCGCGTTCAACCAGATGGCGGATAACATTAATGCCCTGATCGCCAGTAAAAAACAGCTGATTGACGGTATCGCCCATGAGCTTCGCACGCCGCTGGTACGTTTACGCTATCGGCTTGAAATGAGTGAAAATCTGACACCGCCGGAATCACAGGCGCTCAATCGCGATATTGGTCAACTGGAAGCGCTGATTGAAGAACTGCTCACCTATGCGCGCCTTGACCGACCGCAAAATGAACTGATGTTGACCGAACCCGACCTCCCCGCCTGGTTGCTCGCGCATTTGCAGGATGTGCAAAGCGTGACCCCGGAACGCGCCGTAAACCTTGTCACATGTGTAGTCGGCGATTATGGCGCGCTTGATATGCGGTTAATGTCGCGAGTGCTGGATAACCTGCTGAATAATGCGTTGCGCTACAGTCGTACCACCGTTCAAGTCAGCCTGTTACTCGACGGCAGTCAGGCAACGCTGATAGTTGAAGATGACGGCCCCGGCATTGAAGCGGATGCGCGTGAGCGCGTATTTGAACCTTTTGTCAGACTCGACCCCAGTAGAGACCGGGCGACAGGCGGCTGCGGGCTTGGACTCGCCATCGTACACTCTATCGCCCTGGCGATGGGCGGTAGCGTCGTCTGTGACGAGAGCGAACTGGGCGGCGCAAAATTTAGCTTTCACTGGCCGGTCTGGCACGCGATGTCCAACGTGACCGCTGCCTGACGTATTTTGCACGCTGGTTGAGCGGCGGGAACTGTGCTATACAGATAGTATGTTGTAACTAAAGTGAGTGATACCATGTCCCGCTACGATCTCGTTGAACGCCTGAATGGCACTTTTCGCCAGATAGAACAACACCTGGCGGCGCTGACGGATAATCTACAGCAGCATTCGCTACTTATCGCCCGTGTCTTTTCACTGCCGCAGGTGACCAAAGAGGCGGAACATGCGCCGCTGGATACTATCGAGGTAACGCAACATCTGGGGAAAGAGGCCGAAACGCTGGCGCTACGTCACTATCGCCATTTGTTTATTCAACAGCAGTCCGAAAACCGCAGCAGTAAAGCCGCCGTCCGCCTGCCTGGCGTCTTATGCTATCAAGTGGATAATGCGATACAGTTAGATCTGGAAAATCAGATACAGCGCATTAACCAGTTGAAAACCACCTTCGAGCAGATGGTTACGGTAGAGTCCGGTCTTCCCTCAGCGGCACGTTTTGAGTGGGTGCATCGGCATCTACCCGGCTTAATTACGCTGAACGCTTACCGCACGCTGACGCTTATCAATAACCCCGCCACCATACGTTTCGGCTGGGCAAATAAACATATTATTAAAAATTTAAGCCGGGATGAGGTTCTGAGCCAGTTGAAAAAAAGCCTCGCGTCGCCGCGCAGCGTCCCGCCGTGGACGCGCGAACAATGGCAATTCAAGCTGGAACGGGAATATCAGGATATCGCTGCCTTACCGCAGCAGGCCCGACTCAAGATTAAGCGTCCGGTTAAAGTACAGCCGATCGCCCGCATCTGGTATAAAGGCCAGCAGAAACAGGTGCAACACGCCTGCCCCACGCCGATTATCGCATTAATCAACACGGACAACGGCGCTGGCGTGCCGGATATTGGTGGGCTGGAAAACTATGACGCCGATAATATTCAGCACCGTTTTAAACCACAGGCGCAGCCGCTGCGACTGATTATTCCGCGACTGCACCTGTATGTGGCGGATTAACGTCCCGGCGTCATACTGCCAACCATCAACTCCGGACGTACCCAGGCGTCGAACTCCTCGTCGCTAAGGTATCCTAATGCCACGGCTGAGGCTTTTAGCGTCAGCCCTTCTTTATGCGCCTTCTTCGCAATCTCCGCCGCTTTATCGTAACCGATGTGCGTATTGAGCGCAGTGACCAGCATCAGCGACTCATTCAGCAACTGCGTAATACGCTCGCGGTTTGGCTCGATTCCTGACGCACAGTGTTTATTAAAACTCTCCATGCCATCGGCCAGCAGGCGCACCGTTTGCAGAAAATTATGAATAACCATCGGACGATAGACGTTGAGCTCAAAGTTGCCCGATGCGCCCCCCATATTAATGGCCACATCGTTACCCATCACCTGGCAACATAGCATCGTTACCGCTTCACACTGGGTCGGATTCACTTTACCAGGCATAATGGAACTGCCTGGCTCATTCTCCGGGATAGCAATCTCGCCAATGCCGCAGCGCGGGCCGGACGCCAGCCAGCGAACATCGTTGGCGATTTTCATCAGCGAGGCCGCCAGTCCTTTTAATGCGCCATGCGCCTGTACCAACGCGTCACAGGTCGCCAGCGCTTCGAATTTATTGGGGGCGGTAACAAACGGCGCCGCGGTAATCGTCGCCAGTTCCTCGGCCACGCGCCGGGCATATTCCGGATGGGTATTAAGCCCTGTCCCTACTGCGGTTCCGCCGAGCGCCAGTTCCGCGACGTGCGGTAAACTGTGCTCAATGTGTCTGAGGTTATGTTCCAGCATGGCTACCCAACCGGAAATCTCCTGGCCTAAGGTGAGCGGCGTCGCGTCCTGCAGGTGAGTACGGCCAATTTTGACAATATCGGCGAAAGCGTGGGATTTATCGCGAAGCGTATCCGTTAATGCGGATAATTGCGGGATAAGGTGTTCGCGTAACGCCAGTAACGCCGCCACGTGCATGGCGGTTGGGAAAACATCGTTTGAGCTTTGACTCTTATTGACGTCATCATTGGGATGCACCTTGCGTTCCATACCGCGAACGCCGCCCAAAATTTCACTGGCGCGGTTCGCTAACACTTCATTCATATTCATGTTGCTTTGCGTACCGGACCCGGTCTGCCAAATCGCCAGCGGAAACTCATCAGCATGTTTTCCCGCCAGCACTTCATCAGCCGCCTGGATAATCGCGCTGGCTTTTTCCGCCGCCAACAACCCTAAGTCCTGGTTGACCTTCGCAGCGGCGCGCTTGGTCAACGCCAGAGCGTGAATGAGCGAGACGGGCATTTTCTCCGTGGAAATCCGAAAATGCTCCAGCGAACGTTGAGTCTGCGCCCCCCACAGTTTATCTGCCGGGACTTCAATCGCGCCCATTGAATCTTTCTCGCGGCGTACCGTTACCATT
NZ_CP110931.1_gap49	2533913	2537734	3821	CCTCTAACGCAGCAAAATAATAAATTATTGTCTCGCGGCAAAGGGGTATTTGCCGCACTTGCTATCATCTGCCGTTTTTTTTTGGCATAGTCCAGGCGAAAACAATCCAGTCAAGGATAATCTATCGATTAATAGACAAGCTGGATATTATTTTTATCGCAAAATGCGATCCATTCATCACCTGGCATTTTATTCGTTATCAGGTAATGGATATGACTAAAATCGACCAACCGCACGAACGCTTTGCGATTAAATTTTGAGTGGTCCACCAATAACGCCACCTCTGTGGCCTGGCGAATCATCGTTTTTTTGATTTCAGCTTCCGCCTCGTTAGAATCAAGCGCCCCGCTCGCCATATCCAGCCCTTTACAACTCATTACCATAATATCAACATGATAACGGCTGATTATTTCTTTAGTGATACGCCCCTGCAGCGATAGCGTATTTTTATTTAACTCACCGCCCGTAGAAACAAGATTAATGTCCGATTGCGCCAGTTCATGGAAAGCTTCCGCTGAGTTAGTTAACAAAGTAAGATCGTTTCGGTCTTTCAGGAGTTTTAGCAATTCCATTACCGTACTGCTGGAGTCGGCGGCCATCGTTGTTTTGTTTTTAATAAACGGAAGCGTATTACGGGCTATAATTTGCTTCTCTTCATAGAACGATTTTGCACGCTTATAAAAATGGATATTGTCAGCCAGCACCGCCGAATTTAATACCGCACCGCCATAAGTTCGAGTCAAAAAGCCTTCATCTTCGAGTTTTTCCAGATCGCGTCGAATTGTCTCTTCGGTTACCTGAAAAATTGAACTCAAGTTAGAGACTGTTACTTTTTTATCATTAGCGACCATTTGTTTGATCGCCTGAATCCTGTCTTTCGCCGCCACGATTACACCTCTGTTTTCGACGTCATGATAAACGTTGAGTATCTCACAGACTATGTTTACTTTCAAAATAAGCCGTTTGAATAACAGATTTTATCTGCATTTCGCCAAAAAAGAGGTGTAATGTATTGCTTATGGATTGTCCAGCGCTTCCGCCATTTGTCTCATCAATAACGCATCGTCATCCGTTAAGGTGATGGACAGCGCAGCGATATTCTCTCGTACCTGCTCCGGCGACGTGGCACCGCTCAGTATCGAAATCAATTCGCTTTGTCGCAATATCCACGCCAGCGCCAGCGTCGGGACGGCGCAATGGTATTTGTCGCACAATGGCTGCCACTGCTCCAGCATATCAATAACCCGCAACATATTCTCACGCTGGAACCAGAGTTTATTCGCTCGCGCCCCGCCGGGAACATAGTCACGGGTAATGGTGCCGGTTAACAATCCCTGCTCCAGTGGCGAATAAACCTGTACCACGATGCCGTGCTCGCGGCATAGAGGCAGCAGCTCCGTTTCCAGCGCCCGGTCAAGAATGCTGTATTTCGCCTGTATGATGTCCAGCTCGCCATGTTTAAGGTATTCGCGGATATGGCTGACATCTACATTCGCCGCCCCGATAGAACGGATTTTCCCCTCTGCTTTCAGCTCATTGAGCACGCCAACGGTTTCCGCAATCGGCGTAAAAAACGGCGGTACTGACTGCCAGTGGGTCATATAGATATCGATATAATCAATCCCTAGTCGCTGGAGACTGGCATCAACTTCTTTACGAATAGAGTCCGGAGAAAGATTTTTATAAAGCTGGCGATCGCCGACTTTATTGAACAGACTCCCTTCCCGCTCCCAGACGATCCCGCATTTGGTCTCTACCACCATCTCGTTACGCGGTAATTTTTTCAGCGCCTGACCGACAATCACTTCGCTATTGCCAAAGTTGTAGCCCGGCGCCGTATCAATCAGGTTAATACCGCAACGGTGCGCCTCAACGATAGTATCGATGCAGACCTGCATATCGAGGTTGCCATTCCATGCCGGACCGCCGCCGATAGCCCAGGTGCCGAGTCCCATACGGGAAAGCGCTATATCTGTATTACCTAAAGGTATCATTTTCATCTGCCGCTATTACCCTTCGTATTCATTCAGGAGTTGTTCCACTAGCATTCTGTTTTTCACGCCCGTTGTGGCGCCCACGTTGAGTACCGATATCGCGGCCGTCGCATTGGCGAACCGTGCGCATTCACGCAGCGTTTTTCCCTCCAGCAGCGCGGCGATAAATCCCGATGCAAAATTATCGCCGGCGCCAATAGTGTCGATGGCGGTAATGCCTGACACCGCAGGCACTTCCATTTTTATATCGGCGCTTTTGATAAAGCAGCCTTTCTTGCCAGTTTTAATCACCACCGTTTTTACGCCACATTGCAAAAAACAATCGGCAATATCATCCAGCGTCTCTTTCCCGGTCAGCTTTTTGGCTTCATCAATATTAGGAAACAGATAATCGACAAAACTTAGCGCTTCGCGAATATCGTCCAGAGTTTCATTCAGCCGCGGTTTGATCATGTCAGCGCAGATAACCAGTTGATGCGCTTTCGCCTGCGTAAAAATAGCCGTTAATGCTTTGCCATCCAGCAGCGGGCTGTTAAAGATACTTGCTAGTGATAACAGCCTGACCTGAGAAAAACGGTCAAAATCGACATCGTTAATATTTAGCTTCCACAGACTGCCGTTACGGTTAGTGACAAAGGTGCGCTCACCATCATCAGTCACCAGCCCAACATTAATTGAGGTATCAATATCAGCATCCTGCTTCAGGCTCTGAATATCGATATTCTCCTTCCGACAGTGGTCGAGAATAAAATATCCTGCCGCATCGTCGCCAACGCGACTCATTAGCGCAGTGCGATGCCCGAGACGCGAAATAATCGTGGCTTCATTAATCGCATCTCCCCCTGTGGTCATGGCAATTCGTTCTAATGGATACGAATCGACATCAAAGATATTTTTACTAACCGGTTGCAAAGGAATGTCGACAATGGCCGCCCCTATGCAAAGAACTTCGATTTCGTCCATATCATCATTCCGCTTTACCATCTGAACCAAACAGTTTGATTTTTTCCAGCGCACGGGCTTTTACCGCTTTGCGTACTTCGCGTTCCAGATGCAGGAACGGCTGATCCTGATTCTCTTTTACCGCTACCATCGCGGCCTGACACAGTTCGGTGTGGATATTGATTTTCGAGATGCCCAGCGAAATGGCTTTTTTGATATCCGCGTCGCTAATACCGGAAGCGCCGTGTAACACTAGCGGTACGGAAACGGCCTGGCGCACGCGCTCCACGACCTCAAAATTCAGTTTTGGTTCAGAGGTGTACACGCCATGCTGGTTGCCGATGGCGACCGCCAGCGAGTCACAACCGGTGCGCGCTACAAATTCCGCCGCCTGATCCGGGTCGGTATAGTGATACCCCGCCAACGCCTCTTCATACACCGTTTCGTTCCCTACGTGCCCTAACTCCGCCTCTACCGGAATACCCAGCGGATGAAAGAAATCAACGGCTTCTTTGGTCAGGCGAATATTTTCTTCAAAATCAAAGGATGAAGCGTCACGCATCAGCGAGTTCATGCCGTGCGCCCAGGCATTATGGATAATGTCCATGCTACGTCCATGATCCCAGTGGGTAATTACCGGCACAGAGGCTTTTTTAGCCATGGAAACCATCATATGAGAGAAGTCTTCAAATGAAGTATTGCCCACAAATCCGGTACCAAAGGAGATAATAACCGGCGAATTTGCCTCTTCCGCCGCATCAATCACTCCCATCAACATTTCCGCATTCCACACGTTAAAGTGCGCAATCGCGTAATGTTTATTTTGTGCATCATTTTCCCAATATTTTATATCTGCCAACATCGCTGTTTCTCCCGTTTTTTATT
NZ_CP110931.1_gap50	2541802	2544560	2758	ACATGGCCTACGGCACGCAGTATTTCAACGCCAATCCGTATGACTCAAACGCCTGGCCTGCTGCTGTCAGTGAAGTCTGACGGGGGAAAGCGCTGTTTGCCCTCCCTTATGAAAATCCGCGCTCGGTGGCGATCAACGCGAACCAGATTAAAAAGCGCGGGCTGGCTGGCGCAAGTTCTGGGAATAGGCCGCCGATGACAATAATCAGTTAGCGAAACAGTTGGCGGACTCGATGTACATTAAGCGTTAATGGGTAAAAATATGGCGGGCCTGTGCCTGGCAGCAATGAGCAGGCCCGGTAAGCACAACGCATTGGCAATGAAACCGCCGGATGGCGGCTACCTCTTATCCGGCTGTCGTTACTGCATTTTCAATGTCGCAATCGGCTTTGACGTAATACCGAAATCCGCTTTGAGCTGCTGCTTGCTTTTCATCACCATCTGACCGTGAGTATCGATCGTCATATGTTGCGCTTCGGTATTGTGCCGCGCCTGCCATAGCATCACCAGTTGCAGGCTGTTTTCTTTCTGTTCCGGCGTCAACGCCACGCCATCCGGCCACTTACCCAGCTCAACGGCGGTGGATAAACGTTGATACGCTTCCGGCGTCATGCTGTTAATGATCTCATCAAGATTCATGATGTGTCCGCTCCTGTGGAATAATTTGCTGAATCGTTTTTTCAGCCTTTCAGTTGATCGCCGTTTTTCTCGTCAGAAAAGGCCAGCGAGGCCGAGTTAACGCAATAGCGCTCACCGGTTGGCTGCGGCCCGTCCGGGAAAACGTGTCCGAGATGCGCATCGCAGTTACCGCAACGAATTTCGACACGCTGCATTCCATGAGAAAAATCGTCTATGTAACGAATCGCCTCTTCGCTGACAGGCTGGTAAAAGCTAGGCCAGCCGCAGCCTGAATCGTATTTGGTGTGGGAGTGAAAAAGCGGCGTATCACAGACCAGGCAGTGATAAACCCCATCGCGTTTATTATGTAGCAGGCGTCCGGTAAATGGCGGTTCTGTGCCACGATCCTGCGTCACGTAGAATTGCATTTCGGACAATTTTTTCTTGAGTTCTTCTGCTGAAGGTTGGTTAGCCATTTGCTCACATCTCACTTTAAACGTGCTCACATTGCCTGACCGATTCTAACAAAACATTAACACCTCAGTACCAACTTTTGTTCTAAACTTGATCATTGCGAAATGGCGGCTCACGAATCGTGACTGATGTCACATTATTATCTCGGTTGCCCTTTAAAATTCGGGGCGGCGCCCCCATGTGGTTACAAGCCGAAAGGAAGAGTGAGGCGAATCAGCCGCGCAAAGGTTGTGCAGAGGATTGATTTGTCGCAATGATTGACACGATTCCGCTTGACGCTGCGTAAGGTTTTTGTAATTTTACAGGCAACCTTTTATTCACTAACAAATAGCTGGTGGAATATATGACTATCAAAGTAGGTATCAACGGTTTTGGCCGTATCGGTCGCATTGTTTTCCGTGCTGCTCAGAAACGTTCTGACATCGAGATCGTTGCAATCAACGACCTGTTAGACGCAGAGTACATGGCATACATGCTGAAATATGACTCCACTCACGGCCGTTTCGGCGGTACTGTTGAAGTGAAAGACGGTCATCTGATCGTTAACGGTAAAAAAATCCGTGTTACCGCTGAACGCGATCCGGCTAACCTGAAATGGGACGAAGTTGGTGTTGACGTAGTGGCTGAAGCTACCGGTATCTTCCTGACTGACGAAACCGCGCGTAAACACATCACCGCTGGCGCGAAAAAAGTGGTTCTGACGGGTCCGTCTAAAGACAACACCCCAATGTTTGTTAAAGGCGCTAACTTTGACAAATACGAAGGCCAGGACATCGTTTCCAACGCTTCCTGCACCACCAACTGCCTGGCGCCGCTGGCTAAAGTTATCAACGACAACTTCGGCATCATCGAAGGTCTGATGACTACTGTTCACGCGACTACCGCAACCCAGAAAACCGTTGACGGCCCGTCTCACAAAGACTGGCGCGGCGGCCGCGGCGCATCTCAGAACATCATCCCGTCCTCTACTGGCGCTGCTAAAGCGGTAGGTAAAGTACTGCCGGAACTGAATGGCAAACTGACTGGTATGGCGTTCCGCGTTCCTACTCCGAACGTATCCGTTGTTGACCTGACCGTTCGTCTGGAAAAAGCGGCTACCTACGAGCAGATCAAAGCTGCTGTTAAAGCTGCTGCCGAAGGCGAAATGAAAGGCGTGCTGGGTTACACCGAAGACGACGTTGTATCTACCGATTTCAACGGCGAAGTATGCACTTCCGTGTTCGATGCTAAAGCAGGCATCGCGCTGAACGACAACTTCGTGAAACTGGTCTCCTGGTACGATAACGAAACCGGTTACTCCAACAAAGTACTGGACCTGATTGCTCACATCTCCAAATAAGTTGAGATGACACAGTCATTGGTAAGAGCGACTCAGGTCGCTTTTTTTTGCTTAAAGATATACCCGTCATACTTCAAGTTGCAGGTGCGTTGGCTATGCTTTCTCACCCGAATCACTGACGGAAGTCGAACTTATCGGGATGAATCAGGGATGTCCATGTCCCTGGCCGGAGATTACCTACGGTTGTTCAAATTCGTTCCCGATGAATTTGTCGTTCACTTGCCGCGTTACTCGGCCTGCGGCCTCGCCTCTACGGGCCAGCGCAAGCACTGGTCAAGGCACAAGCGCCTTGTCATGCAACTCGAATTATTTAGGGTTAAGAGGATTG
NZ_CP110931.1_gap51	2545999	2547955	1956	TCCCCTGCGCGATTAGCCGCTCCATACCTTCAACGGTCTCTTCGAATGAAAAGCTTCCGGCCCAGTGCAATAGATAGAGATCGAGATAATCTGTTTTCAGACGACGCAGGCTTTTCTCACAGGCGGCAACTATCTTCTGGCCGCCAGCGTTCCACGGGTACACTTTTGACACCAGAAATGCCTCATCGCGTCGCCCTGCCAGCGCCTCGCCCACGACCTTTTCCGCCCCGCCGTCGGCATACATTTCCGCCGTATCAATAAGGCGTAACCCCAAATCCAGCCCCGCGCGCAGCGCCGAAACCTCGCGCTGACGTTGATCCGCGCGCTCGCCCATATACCATGTTCCCTGTCCGATGGCAGGAAGCTTCACCTGCCCGCAAAACGTTACGTTTTTCACTGATTTCATTTCCTTTTCAATGTCACTCGACGGTAAAACAATACAGGACTCTTAGACCCTACGGTAATGTCCGGCATCATACCGCGCAAGGGGGCGATTTTCTTGTCACTGACGAACGTCATCCGCAATCATGTCGACGATGCGAGTAATATGCGCGGCGGGTCGCTGATTCAGTAATAATTGACGCATCACATTCATATAGGGCGTCACATGGTGAAAGAACTCCAGATATCCTTTACAGAGATAATTTTGCCGTTCGCCGCCGTCCATACAAATTCGATGTTTCGGACAACCGCCGTGACAGGCAAAGCACCACGTACAGTTCTGGCAGCGTGAGGAAAGGTTTGCTTTAGCCGCGCCAAACTGCTGCTGAAAAGGAGAGGCCGCCATTTCTTCTAAAGAGTGTTGCTGCAGATTGCCCAGTTTATAGGCGGGAAAAACAAAATGGTCGCAGCTAAACACGTCGCCATTCTGCTCCACCAGCAAACTTTGCCCGCAGGTCGACTGCATCGTACAAAGCGTGGCGGGCTCCCCCATCCAGACGCCAAGTAAGTTATCAAAAAGCTGTACGAATATGCGTCCGACATCGTGACGTATCCATTGATCAAAAACATCGCACATAAAGGCCCCCCACCCTTCAGGCGTGACGGAAAAGGGCATCAGCGAAGGCGAATCCTCATTGTCAGATAACGTCAAAGAACGCTGCGCTTTTTGTGCGAGCGGCTCAACAATGGGAATAAATTGCAGGTGTTTACTTTCCAGTTCCTGCGTCAAAAAATGATAAATAGCGTTGCCATGACGGCATGACGCATCATTCACGACAGTGAGCGTGTTGAACTCGACATCATTTGCCTGCAGAAGGCGGATAGCATTAACGACTCGGGAAAAAGACGCCCGACCTGACGGCGTTTTCCGGTAATTATCATGAACGACTTGCGGCCCATCAATCGATATACCAATCAGGAACTGATGCTGCGCAAAGAATGCCGCCCACTCTTCATTGATTAATACGCCATTGGTTTGCAGACTGTTGTAGATAGTTTTGCCGCTGGCATAGCGTTGCTGCAAGCGCACCACTTTGTGGTAAAAAGAAAGACCGCATAGCGTCGGCTCTCCCCCCTGCCAGCAAAACGAGACCTCTGAGGATGGCGTATCATCAATTACCCGGCGGATATACGTCTCCAGCACATCGTCAGACATGACGCGCTGGCCCCGGGGTTTATCAAGATAGAAACAGTACTTGCAGGATAAGTTACACAGACTGCCGCTGGGCTTGGCTACGGTATTGAATACTATGCTCATTCGTCTTACTCGCTGTGAAGAATGGGTATAGCATAAGCGGGACGTGACAGGGCGATATCAGCCAGCATTGCAACAATTATTACGCTAATTGTTAGCGCGGTTGTAATCACCTGGATTTTTCATATAAAAGGCTAGTTTTTTAAATTGATGTAACAAAGTATAAATCACGTAAGGCTGCGCCATCCCCGGTCAACAGCGCATTTATGCAAGCCGCCATGTTCGCGTTTCAGTTAGCACAAAGCCTGCATAACGCAGGC
NZ_CP110931.1_gap52	2619481	2623766	4285	AGCAAATCTTTCTCAAATATCCCGGTACTTTTACACTCAACCGGCTTCACCTTATCGTTACCGTCGGCAGTATCCAGTCCGGCAGTGCCTGTCACCATTACCGAAACATTACTGCCTTCACCGGCACTCCAGACCTGCGCGACGATACGGTAATGCTCCTGGATATTTTGTGTCTGCGGTAACAGTGAACAGTCCAGATACAACGAACTCAGTTCCGGGTCATCCCCTGTAACGGCGATAATACCTGTGGTCTGGTCGTTAACACTGGCTGTGATGGCCTTCTCCCTGAAATACAGCGCCACGGCATTCAGCAACTCATCCGGTTTACGGTTACCGATGAATGAGGTTGATATCTGTTCGCTCATCCCTGGCTGCTGCCCGGCCTGGCTGTCCTGCTGTTGCTGCCCTCCTGTTTTAACCGGACCATACACAGTAATGCAGCCGCCAAGACAAATTGCGGCAGCGGTGGCTAATATACGGCGCATAGTCATTACCGATAATAAAGCGTTGTACAACCGGCGAGGGACACACATACCAGGGCCAGTACGAATAATTTTGCCTTCATTAATTTTCCTTGTTATCAGGTTTCAGTTCTGCCCGGTCACTTTGTCCCAGGTACGTTCGCATGTGCTTCCGGCGACATAACGCTCATCAGCCTCTTTTGCGAACTTTCCCGCCAGATCATCAGCTTCGCCAAGCAACTGGGCGAGCAGTATTCCGGTCTCGGCTTTTGCCTGGCTTGCTGCGGCAAGAGCGGAAAGCCTGCCGGTTTCACTTCCTGCGAGCTGCCGTTGTACTGCTGCGAGCTGCTGTTGCAGCCCACCGCGAGCACGCTCAGCAGCATCAGCATCGGCCTGTATTTTTGCCAGTTCTTCATCGGCTCTTTTCCGTTCTTCATCTGCGGCGTGCTGGCGACGCTTCTCTTTCGCTCTTTCGGTTACTTCTTGCTGCAATGCGGCGGTCGCATCGGTAAGATCTCGTTGCGCCCATTGGAATTTCCAGGATGAATCTGCCTTCTGATAACCTCGTGAATAACACCAGTACGCACCAGCACATAACAAAAAAGCCACCAGCAGTATTTCTGCTAATGGCTTCCAGAATTTTTTAAGCAATTTCAGCAGTACTATCATACGAGCACCGATTTTGCTTTCTCAAAGCGCTCCCTCCGATCACCAATACTGTTCTGTCCTCCGTTGATTATCTGCGTAACGCGTACCATGTCGCCGGAGTATTTCAGACACCCTTTAGCCACAAAAAACCACGCTGCGGATCGGGCGGCATGACGTTCCAGCTCAAGCTGTCCCGGATTCGCCACCAGATCCAGTTTCAGGGCAACGCCACATCTGGTGTAATTCTCCAGCCCGGTAATCTGGATAAGCCCACGCCCGCGATACTTCCAGCCATCTCCGGCGTCTTTGTTACCCATGCGGCCACCGTAAACCAGATTGGCTATTTGTGGCTGGTGGGCAACCTGGCGATCATCAATACGCCCCAGCATTTCGCACTGATACGGCGTCAGGCGTTTACCAAACATCTTCTTCAGCGCCTCCACCGAATAATTGAAGCTTTCCTTCAGAACAGTAAATCCTGCTGATTCATGTCCCGTTTGTGCAATAAACATGGCCTGATCCAGTGGCGCGGTAATACCGAATTCGCTCATTGCCGCCGTAATATGCGGATACCAGCGCGCAGAAAGCCCGGCGCTAATACCAGCCGCCTGCTGAAATTGTTGTTGATTCATCAGTGCCTCAGTGCATCAACCAGACGCGCCACATTACCGCGAGCCCACAGCACAGCGGCGCAGATAAGGATATTCACCATCACCACCAGCCAGTGGGATGATTCATATAAACCAAAAACAAACCGGAAAGGGACGCTGGCATATACCAGCACCATGACATAGGCCAGTAACGAAATCAGGGGGCGGTGTGTCGCATCACCGCGTCGGTAAAACATCAGAACGATTACTATTACCCCACAAATTACGGCATTCAGAACTGCAGAAGGGTCATTTGCTACCATTTGATCCCCCTCCCCTGATACGAGAAAGAATACTGAACAGGCTGTTCAGATCCTGACTGTTAAGAAAAGTGAGAAACTTTATACACATTGCAGAAATAATCACTGCGCCAAGAGCATCCAGTGGTTTTTCATAATGCGTTATTGCCGCAAGCTTAGTACCTATCAGCCCGGCGCCAAGCACTCCCACAATAAATGATGTAATAAAATAAGCGACCAGCCTGATGCGTCCGATGTTGGTTGCCGTGGCGACATAAAACACCGCGCCGGCAAAAGCACCGAATACCACACCATAATCGGTTCCGGTCGCCAGACCGAATACACTGGCCCCCATTAATCCACCAGCCAACACTGTCGCACTGGATACAGGTTCGGACATTAAGCCCCCTCTTGTTATGTGAGTCCTCTCAGAAATGAGGGGAAGGAGATCACCTGTAGGCGATCGGAATGTGAGCCTTTAGCCCGATCAGGCTCACATTGTGAGACCTTTAACGTTTTGCCAAAGCCTCTACCTCACTGACCGTCTGACTAAACCTTTCTGTTTCCAGTTCAACGCTAATCGCACGCCGCCCTGATAACAGCGCTGCCTTTACGGTTGAACCGGAGCCCATGAAAAAATCAGCAACAAGATCGCCGGGTTTACTGCTGGCATTAATAATTTGCAGCAGCATATCAGCTGGTTTTTCACATGGATGTTTTCCTGGGTAAAACTGAACAGGTTTATATGTCCAGACATAGGTGTAAGGTATAGATGCTGAAACAGTGAAATAACGCCAGAACGATTTGTACTCTTCCAGCAGTTATGACTATCTGCGACTTAAGAAATGCCAGGTAGTTTCGGATACAAAAACCCGCGCAATGCGGGTTTTCCAGGTTGCGTTAAAATTCTGCTTTCATCTGACCGGGGAATTTCTTAGTTGCAGCGTAATAGCTTCCAAGTGTGTAGGCTTTCATTTGTTGTTCGGTATCAACTTTACACGCTGCATTATAGCAAGCACCACTCACCATTCCAAAAGACACGCCCTTGCTTGAGAGATCTGATTTAACTTCCTCTATGTTATTTTTCCCCATAGCTACTACACATCCCGTCACGATATATCTTGCCTTAGCATCATCCATGCTCAGAATAACCGTATTGCCCAACTTACTATAGCCATCGTTTTTATAAACACCCATTGCAAACTCACGACACTCAGCATAATACGGGCTTGATTTTACTTGTGTATAGTCGGGTAATTTCATCCCTGCGCAACCAACTATACTAAAACCGATCGCTGTGATTAGTATTTTTTTCATCATACTGATATCCCAAAACATCCTATGAACTCATTCATTTAATAACGATTCCCTCGTTGGATCGTAGATATACGTTTTTGTCCAACCACCAAAAATGATAAAAAGATTTTTTTAGGGATACCAACGCATTTTTCTGTTTTGTGATGTTTCAGGTACAAAAAAAACCCGCTCAGTGGCGGGCTTGTGTGTGTTGCTCAGTTCGCTTTACCGTCCCGAGCCTATCACAATTCAATCATTTACTGGCTCACTTTTCAAGTAAAATCTGTCGCTATTTGTGCCAAATTTGTCACACATTGGCGCGTATAGCATGGATTCGGCAAGACTTAGCCAGGAGTCAATACGTCGGCGGCAAGTCATATAACACCATTCCGGGTGTTTTACCTGTAGTTCTTCAGCCATAAGGCGTTTGCTCTTACGCAGGCGATATCGATTCACTATGATGCTGTAAAGCCCTGAATGACCTTCTCTAACCAGAGTGGTGCCAATAACACCGTCTATTTTCAATCCCTCCTCGTCAGAACAAAATGCTAATCCTGACTTATTTTTGCTGTCGAGTATTTCACGAAGAAAGGCCTCCAGCTCTGGCTTAGTGATACCAGATTTTTTTATCCGACGAAGAGCGTCGTTAATAGCGGTTTTAGTTATCTTCCCGGATGACAGAAGCTGGTTAAACATATTCCCACCACTACCACCACCAATATATGACCAGCGCCCCCACATTCGAAGCTTGCCTTGTATCCAGATACTTTCAAGAGTCCGGAGGCGAACCATTTCACCAGACTTACCAACTTCAGAAGGATTAATCATTAAGCGTTCTCCATTTACGCCAGCACGCCAATTGCCAGCGCGCGATCGATAAAACGAAATATCAACTCCAGTTGAGAGCCGTATTTCTCTTCGAATGCCACGGTATCCGCATGTAACTCATTGTGATGCGTTCTGCACAACGGCAGCACAAAGAGGTCATGCG
NZ_CP110931.1_gap53	2664612	2668935	4323	TATAATAGAGAGACCGCTCTTTAAACAGGTACAACGGCATCATGACAACGGATACCACAAGTTGCGCGAAGAAAAGCCGTGGCCGACCAAAAGTGTTCGACAGGGAAGCCGCGCTTGATAAGGCCATGACTCTCTTCTGGCAGCACGGCTATGAAGCAACTTCGCTTGCCGATCTCGTAGAGGCTACCGGGGCGAAAGCGCCTACTCTCTATGCGGAATTCACTAACAAAGAAGGATTATTTCGCGCTGTCCTGGATCGCTACATCACTCGCTTTGCCTCAAAGCACGAAGCCCAGCTCTTTTGTGAAGAGAAAAGCGTGGAATCGGCGCTGGAAGATTACTTCACAGAAATTGCCGCCTGCTTTACCAGTACAGACACGCCGGCTGGCTGCTTTATGATTAATACGTCCGCCACCCTCGCCGCCTCCTCGCGCGATATCGCCCGCACGGTAAAATCACGCCACGCCATGCAGGAACAGACGCTCATCCAGTTTCTGCGCCAACGTCAGGAGCGCGGTGAAATTCCGGCGCACTGTAACCCGCAGGCGCTCGCGGAATATATAAACTGTATTTTACAGGGAATGTCGATCAGCGCCCGTGAAGGAGCCACCTTCGAACAACTGATGCAAATTACGCGTACGACTCTGCGCATCTGGCCTGAACTGCTCAAGCCCTGAACGACGTAGCTTCGGATAAAAAAAGCCCCTCAGCCTGAGCGAATGAGGGGCTAACTTGCAGAGTACAGCTTTTTTATGCTTTGTTATTCAGAACCAGTTGGCCATTGCCGTCGAGGGGAATTTGCGTTCCGGGGTCTTTATCCATGCGGATTTTGCCCTGCTGATCGCCAATTTTGTAGGTCACGTCGTAGCCAAGCATCTTTTCAGATTTGTCATACACCGTCTTACAGCGTTGCTGCGTGGTAGTGTAGGTATCACTTTCCTGCATTGATCCCTGGATTTGATTGCCAGCATAACCGCCGCCCAGCGCCCCGACGACCGTCGCCACATCTTTACCACGACCGCCGCCAAATTGATGTCCAATCACGCCGCCTGCTACTGCGCCAAGCACCGAGCCGGCAATACGGTTTTCGTCCTGAACCGGTCTACGATGCGTGACCGTGACATTACGGCACTCCTGACGCGGCGTTTTTACCGTCTCTTTAATCGGTTTAGCCGATATCACCTGCGCATACTGCGGACTACGATCAAATACGTTGAGACTGGCCACTGCCGCCACACCCAGCGCAGCCGCTACGCCAATCCCTATACCCGCCAACATTGATTTATTCACGGGAGTTCCTCCTTCGTTGCTATTGGTAACAATTTTGCAACCAGTATGCGAACAAAGCCAATCGGAATGAGGATGAAAAATGCGGGATGAGGCGGTAAAGCTGAAGGATTCGGACAACTCCGAAGCAAGAGATGGAGAAGCGCTCACCGGCGCGAGCAGCCGGTGAGGCGCAGAGAAATTAATGCAGTTTCAGGCGCGGACGAATGACGCGGTTAATACTGCCCACCAGCATCATCAGGCCGGTTTTAAAGTATCCATGCAGCGCTATCTGGTGCATACGGTATAGCGAGATATACACGAAGCGGGCGATACGTCCTTCAATCATCATTGAACCGCGGGTCAGGTTCCCCATCAGACTACCCACGGTAGAGAAGTTGGACAGAGAGACCAGCGATCCATGATCTTTATACTGGTAAGCTTTCAGCGGTTTGCCATTCATCTGCGCCAGAATGTTATTCATCGCGCAGGTAGCCATCTGATGCGCCGCCTGAGCGCGAGGCGGCACAAAACCTCCTTCCGGACGTGCGCAGGAAGCGCAGTCGCCAATCGCATAAATATCAGGATCGCGCGTGGTTTGCAGCGTCGGTTCCACCACCAGTTGGTTGATGCGGTTCGTTTCCAGACCACCAATTTCTTTCATAAAATCTGGCGCTTTGATACCCGCCGCCCACACCATCAGATCGGCCTGAATATATTCACCTTCTTTCGTATGCAGACCGCCTTCGTCGGCGCTGGTGACCATAGTTTGCGTCAACACGCGAACGCCCAGTTTGGTCAGTTCATTATGCGCGGCGCTGGAGATACGCGGCGGCAACGCAGGCAGAATACGCTCGCCAGCCTCAACCAACGTCACGTTCAGCGCGTCGTTGGTCAGCCCCTTATAACCATAGCTATGCAGCTGTTTTACCGCATTATGCAGTTCAGCCGACAGCTCAACCCCCGTCGCACCGCCGCCAACGATGGCGATATTGACCTTACCGTTCGCGCCCAGATTAGCCGAATACTTGAGGAACAGGTTCAGCATCTCCTGGTGAAAACGGCGCGCCTGATGCGGGTTATCGAGGAAGATACAGTGCTCTTTCACGCCCGGCGTGTTGAAATCATTAGAGGTGCTGCCCAGCGCCATCACCAGCGTGTCATACGCGATTTTGCGCTCCGGCACCAGCAGTTCGCCCTTTTCATCACGCAACTCGGCAATAGTGATGGTTTTCGCTTCGCGATCGATATCCATCACCGACCCCAGCTGGAACTGGAAACCATGATTGCGCGCATGGGCCAGATAGCTCAGCGCATCCACGCCTTCGTCCAGAGAGCCAGTCGCCACTTCGTGCAGCAATGGTTTCCACAGATGGCTGTGATTTCTGTCTACCAGCGTGATTTTCGCTTTTTTCTTGCGCCCCAGTTTATGGCCTAACTGCGTCGCCATTTCCAGCCCGCCAGCGCCGCCGCCAACAATCACGATCTTTTTTAATGGTGTAGTCAACGTGACCCCCTTAAATTTATCAACCAATTGTTAATTAAAAGTTATTGGTATAGCCTTTAATTAACAACAAGTTACGTTAATGAGAATAAGCTTCTGATATGAGAATAGCATGAACGGTGCATTGGTCATACCAAAATTGATGTGCATCAAGTTTTCATGCTGAAAAGATAGACAGTTTGCGAGAATTGAGCATAAAAAAACCAGCCGCAAGGCTGGTTATCCGGTCACTGATAACGCCATATTGCCGGGGGCGTTACCCCAGCGTTTTAAACGCTTTGATACGTTGCAAGTGCGGCGAAATATTTTTGAATTTGTGAGTCTGTTCCTCATCCCACACAATTTCATAATACGGGTGAAGCGCTTGCGCTGAGCGTTGGCTGTCCAGCGCTTCGTCATGACGCGAGAGGATCACCAGACAACGATCGCGATTTTTTTCGCGAAAGTTGGTCACGCACTTTGTAGCGATGTCCGCATATTCTTCCGGGCGATCGATTTTCCCCTCCATGTTTTCATAGGGGAACAGGTTCGGGTTAAAAACCACCTGACGGATATCGCACAAAAAGCCAATCCGCTCCGCCCAGTAACCGCCCAGCCCCACGCCACAGATTAAAGGGCGCTCGTCCACATTCAACTGCAACATTTTGTCCACTTCTTTCAGCAGATGCTGCATATCGTGCTTAGGATGCCGCGTACTGTAGCTTACCAGCCGAACATCCGGGTCGATAAACTGTAATTGCAACACTTTTTCATGGTTGCCCGGACTATTTGAATCAAAACCGTGTAAATAAATAATCATCTGGCACCCTCACGAAAACTCGAGTTAATGACCTGCTTTTTCTTCCTGCCAGCGTTCATGTAACTGGTTGAGCTGGGCGCTGGCTGTTTTCCAGCGTGCTGAGTCCATGAGCTCCCGGCGTGAAAATGAACCTTTATGATACAAACGTGTAACACGCTCTGCTTTGATCGGCGACAGATTATCCAGCACGCTGACTGCGCCTTTACGATTATTGCAGACCAGAATCATATCGCAACCCGCATCCAGCGACGCCTGAGCGCGCTCAGCATAGCTGCCCATAATCGCCGCGCCCTCCATAGACAGATCGTCGGAGAAAATGACGCCGTCAAAGCCTAGCTCCTGACGCAGCACAGTTTTCAGCCAGTACGGCGAACCGCTTGCCGGACGCGGATCGATAGCGCGGTAGATCACGTGGGCAGGCATAATCGCATCCAGTTTATTCTCGCTAATCAGCGTGCGGAACACCGACATATCTTTGCCACGGATGTCCGTTTCAGGACGTGGATCGCACGGCGTCTCTTTGTGGGAGTCCGCCGTGACCGCGCCGTGGCCGGGGAAATGCTTACCGGTCGTTTTCATCCCGGCGTCATGCATACCGTCAATAAAGCGTGTTGCCATTGCCAACGCTTTTGCGGGATCGGCATGATAAGAACGCTCGCCAATTGCCGCGCTGATATGCCCGACGTCCAGCACTGGCGCAAAACTGATATCAATATCCATCGCGATCATTTCGCTGGCCATCAGCCACCCTGCC
NZ_CP110931.1_gap54	2670309	2674344	4035	TACGTAACGTTTCCGTTGCCTCGTTCGCATTTAACGACCCATTCGTCCGGTTATTCACGCTGTCGACAAGCAATACGTTTCCGGCCGTCACGCCATCAGCCTGCAACATTTTGCTGACCAGCGGTTGCATCGCGCCGTTCCAGTCATAGTGGCGCACCTTAGGCGCTGGCTGGCCCGTTTGATCTTCATGTTCGATCGGCCCCGGTTGCTGTGGAATGGTTGGCACAGACGGCACAACAGGCGGCTGCGCGGGTTGTTCTGGCGCTGGTTTTACCTCTTCAACTGGCGCAGGTTGACGTTGCGCCATACACCCGGAGAGAAATATCGCCAGCGCAGCAATGGCAGCGTAGCGATGCATTTTTGTCATCAAAATTCACTCCTCACAAATAAAGATAAAGCCTGACCTTATGCGCCCCCAGATAATTGGCGCTGCCAAATAGCGTTACCGACGAACGCGCGGGTATGGTTACGCTACGCGGCGCCTCCAGCGGATGCATCTCCAACCCCCGCGCGTCATACCAGTAAAACCGATAATGAACGGTTATGGGCTCTTGCCTTTCGTTATAGACGCGGGAAGAGGCTGATGGCTGGATATCAGACGCCGTCAGTTCAGGCGGCTCTGCGGTGACGCCCGCCGCCAGAACCGTGGACTCCATCACCAGCGACTGCGCGTCGCTTACCGGAATTTCAGGGTGTGACCGGCAGCCGGTAAGCAGCAGCAAGCCCAGAGAAACCGCGATGCATCCTTTGATCATACTTACAAGCCTTTATGCGCCAGCATCGGGCCTAGCGGGCGGCCGCCCAGTAGGTGCATATGGATATGATAAACCTCCTGGCCCCCATGACGGTTGGTATTCATGATTAAACGATACCCATCTTCGGCAATGCTTTCTTGTTCGGCGATTTTCGCCGCCACGGTGATCATCCGACCTAACGCCTGTTCATGTTCCGCCGTCACGTCATTGACGGTTGGGATCAGGATATTGGGAATAATCAAGATATGCGTCGGCGCCTGCGGTGAAATATCACGAAAGGCGGTGACCAGCTCATCCTGATAAACGATATCCGAAGGGATTTCACGACGAATAATTTTGCTGAATATAGTTTCTTCTGCCACGACGTTTTCCTTTTTCATAATAGCCCTTGCAGCGCACATGCTACGCCGAGCCATACTGCGAGTATAGAGTATGAGCGAGTTACCGACGCTCTTTCAACTTTAACCCACGATTTATTAAGCGAAAAATGACTACATGCTGGACTTACCGCCATATCCCCCTGCCATGACGCCTTTGTACGCTTAAAAAATATTTCTAGTTTCCCTGGTTATACCGTTTTACACATTTAATACAAATGCGTATATTTCTCATTTGCATTTTTATGCGCATTAACTAGCAAAGAATGAAACGGTTCAACGTCATACGTCCTGAACTTACCCCAATAACAAGCAAGGATTTTCAGATGTCTTTCATTCAATACCGCCGGGACAAACACCTTCCGTCCACCGCCGCACCGTCGCTGTTAGCTATGGGTATGGCGATGGCATTTATGCCTGCCGCCTTCGCGGCTGAGGATACCGTTATTGTCGAAGGCGCGACGACCGCTGACGCCGTAAACCGTGAAGAACAGGATTACAGCGTGAAAATGACCGCAGCGGGCACCCAAATGCCGATGACTCAGCGCGATATCCCGCAGTCGGTCAGTATTGTCAGCCAGCAGCGTATGGAAGACCAGCAGTTGCAAACCCTGGGCGAGGTGATGACCAATACGCTGGGGATCAGCGGAAGCCAGGCTGACTCCGATCGCATCAGCTATTACTCGCGCGGGTTTGAAATTGACAACTATATGGTTGACGGTATTCCAACGTATTTTGAGTCCCGCTGGAATCTGGGCGATGCGCTAACGGATACCGCGCTGTATGAGCGCGTGGAGGTGGTTCGCGGCGCGAATGGGCTGATGACCGGAACCGGCAATCCTTCTGCCTCAATTAATATGATCCGTAAACACGCCACCAGTCGGGAGTTCAAAGGTAACGTCTCCACAGAATACAGTAGCTGGAATAAGCAGCGTTACGTCATGGATCTGCAAAGTCCGCTCACCGCGGACGGCAATGTCCGTGGGCGCATCGTGGCGGGTTATCAGAATAATGATTCCTGGCTGGACCGCTATAACAGTGAGAAAGCGTTCTTTTCCGGAATTATCGATGCCGATCTGGGTGCAACTACCAGCCTTTCAGCCGGTTATGAATATCAAAAAATTGATGTCAACAGCCCGACCTGGGGCGGTCTGCCGCGCTGGAACACCGATGGCAGCAAAAATAGCTATGACCGCGCGCGTAGTACCGCCCCGGACTGGGCTTATAACAACAAAGAGATAAATAAATTCTTCGTCACGCTTAAGCAGCGTTTTGCCGAAAGCTGGCAGGCGACCCTGAATGCGACCCATACTGAGGTCAAATTCGACAGTAAAATGATGTATATCGATGCGTTAGTCGATAAAGAGACAGGTACGCTGGTGAGTCCTTATGGCGCAAGCTACCCCGTGGTCGGCGGTACGGGCTGGAACAGCGGCAAGCGCAAAGTAGATGCCATAGATCTCTTTGCCGATGGCGCTTATGAGCTGTTTGGCCGCCAGCACAATATGATGTTTGGCGGCAGTTATAGTAAGCAGAATAACCGCTATTTTAGCGCCTGGGCGAACGTCTTTCCGGACGACATTGGCAACTTCAGCGCCTTTAACGGTAATTTCCCCCAAACCCACTGGGCGCCACAAAATCTGGCGCAGGACGATACCACGCATATGAAATCGCTGTATGCCGCTACGCGCATTTCGCTGGCCGACCCGCTGCATCTGATTCTTGGCGCTCGTTATACCAACTGGCGTGTTGATACACTGACCTACAGCATGGAGAAAAACCATACCACGCCGTATGCCGGGCTGATTTATGATATCAACGACAACTGGTCCGCTTATGCCAGTTATACCTCTATCTTTCAGCCGCAGAATAAACGCGACAAAGCGGGTCAATATCTGGCTCCGATTACCGGTAATAACTATGAAGCGGGCCTGAAGTACGACTGGATGAACAGCCGCCTCACCACCACATTGTCCGTGTTCCGCATTGAGCAGGATAACGTCGCTCAGGCAACCACTATTCCCATCCCTGGCAGTAATGGGGAGTTTGCCTGGAAGTCTACTGACGGAACGGTGAGCAAAGGCGTCGAATTTGAAGTGAACGGCGCAATTACCGATAACTGGCAGATGACTTTCGGGGCTACCCGGTATGTTGCCGAGGACAATGAAGGTAACGCCGTGAACCCTAATCTCCCGCGCACCAGCGTGAAGTTATTCACCCGCTATCGTCTGCCGGCGATACCGGAGCTGACGGTCGGCGGCGGTGTGAACTGGCAGAATCGGGTTTACAAAGATACCACGACGACGTACGGCACTTTCCGCGCCGAACAGGGCAGCTATGCGCTGGTCGATCTGTTTACCCGCTATCAGGTGACGAAAAATTTTTCCGTACAGGGAAACATCAACAACCTGTTTGATAAAACCTACGACACCAATATTGATGGTTCCATTGTTTACGGCGCGCCGCGTAACGTCAGCCTCACCGCCAATTATCAGTTCTGATAAACTGTCGGAGAGCGGCATGTAAAGCGCCATTAAAAAAAGGCAGCCGAATGGCTGCCTTAATTCTCCCCAACATCATTACTGCTTAGCTGTTACGGATGTACTCATCCATTTCCGTTTTCAGGTTATCGGATTTCGTACCGAAAATAGCCTGAACGCCGGAACCCGCGACGACAACGCCTGCTGCGCCCAGTTTCTTCAGGCCAGCCTGATCCACTTTCGCTACATCGGCTACGCTCACGCGCAGACGCGTGATACAGGCATCCAGGTTAGTGATGTTCTCTTTACCGCCAAACGCCGCAACCAAAGCCGGCGCCATTTCGCTGGTCGCGCCCGCTTTTGCGTCATCAGTAGTGTCTTCACGACCCGGCGTTTTCAGATCCAGCGCTTTGATCAACACGC
NZ_CP110931.1_gap55	2810785	2811597	812	TACTCAGTTGCGCCACATCTTTCACTTCAAAGGTGATAAGCTCCCCGATACCGGCGCGACGGGCGTTGCTGCGCGCCCGCTCAATGACACGCGCATCGCTGTCGGAACCGTAGAAATGAGAGGAATACTCTGCCAGTCCCTTACGCGCCCGGGTCTGCGCTTCGGCTTTCACTTCCTGCCAGATAGTCTCGTCATGCTGCGCCCAGCCGCTAAATCCCCAGTGACCACGGTGCAGTCCCGGCGCGCGATCGGTCGCCCACATCGCGGCCTCAATCAACAGTGTCCCCGAACCACACATAGGGTCGAGCAGCGGTGTACCTGGCTGCCAGCCGGAACGCATAACAATCGCTGCCGCCAGCGTCTCTTTAATTGGCGCCAGCCCGGTGCGATCGCGATAACCGCGCAGGTGCAGGCCATCACCACTGAGATCCAGCGCAATGCTGGCAGTTTCTTTATTCAGCCAGACGTTAATACGGAGGTCCGGCGATTCGCGGTCCACATTTGGACGCGGAAGATTTTTCCGCGTAAACGCATCGACAATCGCGTCTTTAACTTTCATCGCGCCATACTGACTATTACGGATGGTGTCGTTCAGGCCGCTGAAATGCACCGCAAACGTCGCGCCAAGATTAAAAATCTCTGTCCAGTTTATCGCCTGAACGCCGAGGTAAAGATCGAGATCGCTGTAGACCTTGCACTCACCCATCGGCAGGATAATACGCGAGGCCAGGCGGCTCCACATCAGGCTCTGGTAAATAAGCCGCGTGTCGCCCTGAAAATGGACCCCACCCTGAACAACCTGACACCCTACG
NZ_CP110931.1_gap56	2829827	2832425	2598	GCCATGCTCAAACTGCCGCCCGGTCAGGTGTGGCACGCAGCGGAATTTATGTATCCTGTTATCACAGACCAGCCACCAGTCCAGCCCGCTTTGTATCTGGAGGGTACGATCCGCACTGCTGAGACAGGGCTTACCGTCAGGATGGCTGTGTACCAGCGCCACGATGTCGCCGCGGTTCCGGGCATTCAGGTAATCCTCCGGGGATATACGAAAATACATCGTGGGTTCAGCAGACAGATTTTCACACGGAAAATACCGCTCTCCCTGTGCCGTTCTGACCACATAACCGCACGATTCCGCAGGCGCACACTGTCGGGCATGTGCCAGAATGTCATCGTTAATCATGGGAACCTGTTAAGACAGTTTGTTGATGGAAGCGAAAAATCCGGCATTCACCAGATTGTTACGCATTTCACAGCCTTTCATGCAGTGGCTGCATTTATCCTTTTTCGGGTCTGAGGTGGGCTTATCGAACTCATCGGCCACGGGCGGGCCGTCGTATCCGCAGTTTTCATCCCGGTAATCCCACGGACAGGAGTCCGCCAGCATGGTACGCCCCGGCACCACAGAACCGTCGGTTTCTGCCGGTGATGCCAGAATAATGGTAGCAGTTGATGAATCCAGTTCTGACAACTGCTCCACGTTATAGCGCGCTACCGCCTCCTGCTCCGGGTCAGCGTCCGGATTGCCGTTACTGAAATTCACCGCATCAAGAAACTTGCTGTAAACCTGATGCCTTACCACTGACGCGCCGACGAGACTTTGCAAATCCTCCGCCATCCCCGTGACCAGACCAAAGAGATTGGCAACAACGAGGTTCGGGCGGGGAGATGCGCCTTTCCCGTTCATCTCAAAATCCTGTACCTGTATCGGGTACGGTTCGTACTGCCTCCCCTGCCAGGTTAACGGCTCGCCTTTTTCGTTCGGTTCGTTACAGAAGAAAAAGCGCTCACCGCCAATCGCGGTTAAATCAAATTCCCACAAATCCACCTTCGCGGACTGCTCCGCTTTGGTGGTCTCGCTCAGGGTTTCCTGTGGTATATCCTGCATATATGAGAGATCCTTTATTATTTATCTTGCAAACATATACCTGCTTTTATTAATGGTATTTACGATACAACCAAAAAACGAGGTAACTAATGAAATACACAATATTGTCGCTGGTAGCTGGTGCGCTCATCAGTTGTTCAGCAATGGCAGAGAATACCCTGACTGTAAAGATGAACGATGCCCTGTCCAGCGGAACAGGAGAAAACATAGGTGAAATCACAGTTTCAGAGACACCTTACGGTCTGCTTTTCACTCCTCACCTAAATGGTCTTACGCCAGGAATTCACGGCTTCCATGTCCACACAAACCCAAGTTGTATGCCGGGAATGAAAGACGGTAAAGAGGTTCCGGCGCTCATGGCCGGAGGACATCTTGACCCCGAAAAAACCGGGAAACATCTTGGCCCATATAATGACAAAGGGCATTTGGGGGATCTGCCTGGACTGGTTGTCAATGCAGATGGTACAGCCACGTATCCGTTACTGGCACCACGCCTTAAATCACTGTCAGAACTGAAAGGTCACTCATTGATGATCCATAAAGGCGGTGACAATTACTCCGATAAACCTGCTCCACTGGGTGGTGGCGGTGCACGTTTTGCCTGTGGTGTCATTGAGAAATAACAGCAACATAGCCATATCGTCATAATTTCGTTTTACCCATAAAAAAGCCCTCTCACTGGAGGGCATTAAATCTGTATCGATGTTAAAGGTCAGAAGCTGTAACCTACGCCAAGCACCTAGGTTCCAGCTTTGACGTCACTGTCAGCATCAGTGGAAAAACTTGTATGCTCATAAGACGCATTAACGGCAATATTTTCAACCGGGTTAAGCTGAATACCTGCCCCATAAGCAAAGGCGGTTTTATTGTCAGAATTTCCCCAGTTATCCTTAATATGTCCGTTTGCTGCACCAATCATCACGTAAGCATTCAGATAGTCGTTAAAACGGTATGAAGGACCAACAAGAAGGGAGGTATAATCAGCATCACCTACCTTATACCCATAGTTATTAACATCAGCCGAGGTGTATGTAACTGAACCCATCGCCCCGAATCCACTGTCCAGATCTTCCCAGTTATATTTGATGTTGGCACCGTTCGCATTACCGGAAAGCCAGCCGCTTAAATCTGTGTAGGCATATCCAATTGAAACGGTATTTTTATACCCTGCTGCGTTAGCCACGCCGATGCTACCTAACGCCAGACCAACTAAAACCGCCACGACAATCTTTTTCATAACATTTCCTTTTTTTGATTATTGACTGTGCGGGCTCAGTGAAACAGCAGCAGGTTAGAAAGTTCAATCATATTTATCGATCGTTTCGATCAAAAATACTAAGAAATAACCTGCTCAAATGTCGCGGTGAATGTTGTTTTCAGCAATCCCGCTTTTACACTCCATTTCCGGCAGACAACCTTAATCTGCCGGTATCCGTAAGGCGGAGTCCACAAAAACGCCTTCACACCGTTATGCTGTGACAAAAAGCCCTCCAGTGCCGGACCATCCTCCCGGTCAACGCGGATAGTCACACTGTATTTTTTCAGGTC
NZ_CP110931.1_gap57	2897288	2899179	1891	GGCTGAAGCCGGGTGGGAGTCCATCAATGATTTTGCATGACCTGCGTCCATTGTGGCGAATTTATCGAATGCCGTGACTAAGCCCTGGGTGTTAATCCCGCGTTTTTTCAGCAGATCGTAAGAGAAGTCATCCGCATCCGACTCCTGACTGCGAGAAAACGCCGAATTGATGACGCCTTCCGCCAGATCGCCCAATTGAGACTGGGAAAGCTGCGCTGCGACGCCGCTGGTGGCGGAAATCGCATCGCGAGCCGCCAGCGTGGCATAAGCGGTCTGCATTGCCTTGCGAGAGTGCCCTAAAGAGACATGGCCCAGTTCATGGCCCAGTACGCCTTCACTTTCATTATCGGTCATCAGATCCATCAGGCCGGAGTATACGCGAACGCAACCGTTCGCCATCGCCCATGCGTTGATATCGCTGGTCATATAGACTTTATAGCTAACCGGCGTACCGTCAATGTTGTTACCCAGCGCTTTGGCGATTTTGCTCAGACGTTTGGTGTATTTGCTTTTCGAACCTGCCAGTTGATTCTCGCTGTCCATTTGTTTACAGGCATTATTAGATAATGCCTTAACATCCGCATCGGACAGTGTGGCGGCTTTGTAGGCTGACATGCCTGAACTGGCGATTAAATTGCCATTCACGCCATTTTTACATCCTGCCAGTAGCGTGGCGGAAATCGCCACCGCCAGTAGTAATGATTTATTTTTCATACTAATCTTCCGTTGATAACTATTATAAAAAACACATAAATCAATGTGTTAAATCATCAACAAATTAGCATTAGTCATAATTATAAAAATAGTGCGAATACGGACTCGGCGCGCCAGCCCGTCGACTGGCGCAACAGAAGACTTAGGCAGGCGTACTCATTCGCGCCAGTTGTTCGAAATAATCAGGGAACGTTTTTGCGGTACATTTAGGGTCCAGGATCGTAACTGGCGTATCGGACAGTGCGACCAGTGAGAAGCACATCGCCATACGGTGGTCGTTGTACGTGCCAATATCCGCGTGTTGGAGCTTCGCCGGCGGCGTGATACGAATATAGTCGTGCCCTTCTTCGACTTCAGCGCCCACTTTACGTAGCTCGGTCGCCATCGCGAACAGGCGATCGGTTTCTTTCACTCGCCAGTTATAAATATTGCGCAACGTCGTGGTTCCTTTCGCAAACAGCGCCGTGGTGGCAATCGTCATCGCCGCATCCGGAATATGGTTCATATCCATATCTATGGCGTGCAATTCACCGCGCGTGCAGGCAATAAAATCATCGCCCCAGGTAATGGTCGCGCCCATTTTCTCCAGCACATCGGCAAAACGAATATCGCCCTGCATACTTTTGCGGCCAATTCCGGTCACTTTTACCGTGCCGCCTTTTATCGCCCCGGCGGCGAGAAAATAGGACGCTGACGAGGCATCGCCCTCGACCAGATAGCGACCTGGAGAGTGATACTGTTGACCTCCCTTCACGACAAATTGTTGGTAGTGGTGGTTCGCTATCTCCACGCCAAAGGTTTTCATTAAATTTAGCGTGATATCGATGTAAGGTTTTGATACCAGTTCGCCTTTAACGCGAATAATTGTGTCTTTAGGGGCCAGCGGCGCCGTCATCAGCAGAGCGGTCAGGAACTGGCTGGAAACGCTACCATCAACCTCAATGTCGCCGCCGGTAAAACCGCCGCGCAGACGCAGGGGCGGATAGTTTTCCTGCTCCAGGTAATCAATATTCGCCCCGCCCTGACGCAGCGAATCGACCAGATGGCCTATAGGACGCTCTTTCATACGCGGTTCGCCGGTTAACACTATCTCATTTTGCCCCAGACATAGCGCTGCCGCTAACGGACGCATCGCGGTTCCGGCATTACCGAGAAACAGTTCCAGAGCGCCTGGCGC
NZ_CP110931.1_gap58	2937264	2938922	1658	TCATTGATATATTTTACCGCCAACTCGACCGCCGCACGCACCGCTTTCGCGGTATAACGCACGTCGTGGTGCGCTTCGTACTTAGGTTTCAAGCCATTGATAATTTGCACCGTCTCTTCCACCGAAGGCTCGGTAATATCAATTTTCTGGAAACGGCGCGCTAATGCACGGTCTTTCTCAAAAATATTGCTGAATTCCTGATAGGTTGTTGAGCCGATCACCCGGATCTTACCGCTGGAAAGCAGCGGTTTAATCAGATTTGCCGCATCCACCTGTCCACCCGACGCCGCGCCAGCGCCGATAATGGTATGGATTTCATCGATAAACAGGATGCTGTTGGTATCCTGCTCAAGCTGTTTCAGCAACGCCTTAAACCGTTTTTCAAAATCGCCGCGGTATTTGGTGCCCGCCAGCAGCGAACCGATATCCAGAGAGTAAATGGTGCAATCGGCCATCACTTCCGGCACATCGCCCTGCACGATACGCCAGGCCAGCCCTTCGGCAATCGCCGTTTTGCCGACGCCGGATTCCCCTACCAGCAACGGGTTATTTTTACGGCGACGACACAAGACCTGGATCGCGCGTTCCAGTTCTTTTTCACGACCAATCAGCGGATCGATGCCGCCCACGCGAGCAAGTTGGTTAAGATTCGTCGTGAAGTTTTCCATACGTTCCTCCCCGCCAGCTTGTTCGTCGCCAGTTGGCTGATTGCCGAGATCGGAAGATTGGCTCGGTTCGTCTTTTCGCGTCCCGTGAGAAATAAAGTTCACGATATCCAGACGGCTCACTTCATGCTTGCGCAGCAGATAAGCCGCCTGTGATTCCTGTTCGCTAAAGATAGCCACCAGCACATTCGCGCCAGTCACTTCACTACGCCCGGAAGACTGAACATGGAAGACGGCACGTTGCAGGACACGCTGGAAACTTAACGTCGGCTGCGTATCACGCTCTTCTTCACTGGCAGGCAGTACGGGTGTGGTTTGTTCAATGAAGGCTTCGAGTTCCTGACGGAGCGCCACCAGATCCACGGAGCATGCTTCCAGCGCTTCGCGAGCCGATGGGTTGCTGAGCAGCGCCAGCAACAGATGCTCGACGGTCATAAACTCATGACGGTGCTCGCACGCTCTGGCGAAAGCCATGTTTAAACTGAGTTCCAGTTCTTGATTGAGCATAGGCACCTCCCCCAATTTTTATACCTGCATTCAGGCTTTTTCCAGCGTACACAGCAACGGATGCTCGTTCTCCCTTGCATACTTGTTCACCATCGCCACTTTGGTTTCCGCCACCTCGGCGGTGAACACGCCGCAGATGGCTTTGCCTTGATAGTGAACTGCAAGCATCAATTGCGTTGCACGTTCTACATCATAAGAAAAGAATTTTTGTAACACGTCAATAACAAACTCCATCGGAGTGTAGTCATCATTGACTAATATCACTTTATACATAGATGGCGGTTTTAGCGCGTCGCGCACGCTATCTTCCACCAACTGATCAAAATCCAGCCAATCGTTCGTCTTACCCATTGTCAGTCGTCATTATCGGTTACGGTTGTCGGCAGGAAAATCTGCCGCTGACCAGAGTCTATGCACACAATCAATCTACCTCAATTGATAGATAACTAACATCTATCAGTACCATCCGCGACATCTGTCACATTC
NZ_CP110931.1_gap59	2942853	2946388	3535	CACCCAATGGCCGGAGTTAAATACGTTACTTGCTCGTCAGCCGCGTTTGCCTATTCGGCTACATCGTCCTTATATGGCTGTAAATATTAAACGCGATTTCGCCTTAGACGCTCTGTGTTTTCATTATCAACAGATGCGCCAACTTTTATCGCGGGAACAACAAGTTAGCTATTTAAGTCAGTATGGCCTGAATCTTGCTAAATTTGAAACTAAAACCGGCGAGTTGTTTCAACTTGATTTAGTCAGTCTGGTCTCACTGGATAAAGAAGGTGAAAGCACTATTGTTGTTCGCGACGCACAGTTACGTATTCTGGCAGAGATCACATTTACCCTGTGTCGCTTTAACCAACAACACACACTATTTATCGGCGGATTACAGGGCGCGGCAAACGACGTCCCTCACGAAATTATCCAGCAGGCGACCAAAGCCTGCCATGGTCTTTTTCCCAAACGCATCGTGATGGAGGCTCTCTGTCAGTTTGCGCAAGTCTTTCAGGCAGAAAAGATTATAGCCGTGAGTAACGATGCGCACGTTTATCGTAGCTGGCGATACATGGATAAAAAGACGCAAATGCATGCCGACTATGACGCGTTTTGGGAATCGTTAGGCGGTGAAAGAATTAAAGGAAATTACTATGCGCTACCGCTGGCGATCGCCCGAAAAAGCGAAGCGGAGATCGCCAGTAAGAAACGGGCCGAGTATCGCCGCCGCTATGCGTTACTCGATAGCGTCGTCGAACAGGTTCCGGCCACATTCAAACGTTAATCCGCCCGGCCCCGCGCCAGCCAAACCACGCGCGAGAACATCTTTCTGAACAGCGGCGGCACGGCGTCAATTCCCCGCCGCCCAGCTTCCATCGCGACTTCAATCGCCAAATCCGGCTTTGACGAGCGGTGGATAGCTTTAGTGATAATTTTCCGGGTATTCATCGGCACATTAGGCGGAAGCTGCGCAACCCGGTGAAAAACATCGGCAAAGCCCTGACGATACATAAAATGTTCCATATCCAGCGCAGGCAGCGCCGTGAGATGTTCGCGTTCTTCTTCCCGATCGTTATTAAGCAGACTGCGGACCGTCGCGGCATATTTTTTCCCCGCTTCGTCGCCATCCACCAGGACATGCCACTCGATTCCCATACGGCGGGCGAACTTCACCAGCGGTTTCAGGCCAGACTGAGCAAACTCAATGACTTTAATGCCCTCCGCATCAAAATGATGTCCACACTGACGCGCCAGCTCATTAATAACCCAGGTTTCCGTCTCGCCTTCCACCAGTAGCCAACAACGCGCAAACAGCGACGATGCGCGATTAAAGCGGATATGAAAGGCGATGCGCCGTCCATCTTCCGCGCTTAACCCGCCCGGGCCCAGACGCCAGGCGGCGACGCGGGAAGATTCGCGCACCAACCGTACGACATGCTCCACCGGCGTTAGCGAGAGCAATTCGCCTGAGTTGGTTGTCGCTATCCGCTGTAGCGGTAACAGATTGAGCAATTGCCAGGCGACTGAAAGCATAATGGGATGTAAACGGGTTTCCGGATCTTCCACCAGCAGTAATGGTCGCGCGTCTTTATGTAACCGCAGCGTCCCTTTCGCCTGTAACAGCGTGGAGAAAAGTCCCAGCAGGATCACCCGATGCGACCGGCTGCCCGGTTTGTCGATCATCCGATTAATAATATCCAGATAGCGCCAGCTACGCTGCTCATTTTGCGAACGTCGGCGCATGAGTCGGTGACGCGCCTGTCCTGCGCCCTGCTCTGAGAAATAGTGTTCAAGCAGTTGCACCATCGCGGACAATCCCTGGCGAATCTGCCCGTCGGTTAAATTTTGCGGCCGGGTTGCCAGCTCACGCGCCAGAAAATCCAGCTGTCGGGCCGTGACTTCAACATCCGGCACATTGGGCACCGTACCGTTGCGAATACGTCGCATAAAGCGCGCATCGCGCAAACGTAGCACTGGCATCAGACGAACCAAGTGGCGCACCTGATCGTTAATATTTTCCACCGGTAATGGCTGCCCATCGCTATTGAGAAAACTGCGCAGCGTCATCACGCTGCCATCGGCGCCGCATTCGCCCTCTAGCCGATAAAAAATACGGTGAAAATCATCCTCGCAAGGCGACCAGCATGCTTCCAGCGCTCGATAACGACGTACCCGATGCCGCCCTGGCTGCGTTTCGCGAAAAGTCAGAATAATATGCAGGTGATGCTCGCGTCCTTTTATGTCGCCAGGCGGAAACCAGAAATCCTCACGGACAAAATGGTAGAGATCGAGTTCCGGCGACAATAACAGAGTCAGCGCATCCAGCAGGCTGGATTTTCCCCAGGCGTTTTCCCCAATCAGCACGTTGTTTTGCTCCAGCATCAACGACAGTCGGTTGATACCGCGAAATCCTACTATTTCAACGCGTTCGAGAATCATGCTTCCTCCAGAAAAACGTCATCACTCCATAAAATTCACCGCAGTATAACGGCAAATGCGTCCGCCAGGCGTGATATTCCCCCCCTTTGCCTGGGGCAAATGTCTGATAAATGTACGGCTGACGGTGTCGCTTTACTGATAGTCTGGAATTCGGTAGTGTCATGTACGCTATTCAAACAATAAAAAAGGGCCCGGCTGTTCATGTTTTCAGGACTTTTAATCATTCTGGTTCCACTGATTGTGGGCTATCTCATTCCACTGCGACATAAAGCCGCATTACAACTCATTAACCGGCTACTGAGCTGGATCGTGTATCTTATTCTCTTTTTTATGGGAATAAGCCTGGCGTTTTTGGATAACCTCGCCAGTAATCTGGTGGCGATTTTTCATTATTCCGCCGTCAGTATTACGATTATTTTATTGTGTAATATCGCCGCCTTATTGTGGCTGGAACGTATCCTCCCGTGGCGTCACCATCATCAGCAGGAAAAACTGCCTTCGCGTATTGCCATGGCGCTGGAGTCGCTACAACTGTGCGGCGTAGTGGTATTGGGGTTTGTTATCGGCCTGAGCGGACTCTCTGTTTTACAGCACGCCACCGAAGCCAGTGAATATACGCTGATCTTTTTATTGTTCCTGGTGGGGATTCAGCTACGAAATAGCGGCATGACCTTAAAGCAAATTGTGCTTAACCGCCGGGGAATGATGGTCGCGGTCGTTGTCGTGGCAAGCTCATTACTGGGCGGCGTGATTAATGCGTTTATCCTGGACTTACCGCTAAAAACCGCCCTGGCGATGGCGTCAGGTTTCGGCTGGTACTCTCTTTCCGGTATTTTGCTGACGGAGTCGTTTGGACCGGTTATCGGCAGCGCGGCATTTTTTAACGATCTGGCCCGCGAGCTCTTAGCCATTATGCTTATTCCCGGTCTGGTTCGCCGCAGCCGTTCAACGGCGTTGGGCCTGTGCGGAGCGACCTCAATGGACTTTACGTTGCCGGTATTACAGCGCTCCGGCGGCGTAGAGATTGTTCCGGCGGCTATCGTACATGGCTTTATCCTCAGCCTGCTGGTCCCCCTCTTAATGGCGTTCTTCTCGGCCTGATACCTCTTTGGCG
NZ_CP110931.1_gap60	3045417	3048639	3222	GCGTAACGCGACGAATTTCATCGACGGTAAGGAAACCGTTGTTAGTGACGCCGCCAGGTTTGTAGCCATCCGGCAGGCAGTAGGTGCAACGAAAGTTACACACATCGGTAATCGACAAACGCAAGTAGTAAAACTTACGCGCGAAAGCATCGGTAAGTTGTGAAGCCATGTACACCTTTCCAAATACGGGAGGCGGAGTCATTTCTTCCTGCGCCCTGGTGGCAAACGTTAAACGTTGTCACGGCCAAAGCACCATATCAAAAATGACCCAGGTGCAGAGGCTAGAGTGTTTACTGTGGTTACGCCGATACTAGCGTGTAAATGACAATTTCGCCATCACGCTTTCGCTATATAAACATATACATAGCGATATGATCGTGCTATTTAGCGACAGAATACGTGAAAATCACACTTTTACATTGATATATATCATTTAGCCGTGGTAACGCCCTCGCTATAAAGGGGTAGTCGGGAATAATTAATTGTCTTTTAGCCGGTTGGCTAATTGCTGAAAACCCGCGACTTGCGCTACTGTAGCGCTGCTTATTTGACTTCAGGAATTTTTATGCGCAATCGTACGCTGGCTGACCTTGATCGTGTCGTTGCCCTCGGCGGAGGGCATGGATTAGGACGCGTCCTCTCCTCGCTTTCTTCATTAGGTTCGCGCCTGACCGGCATTGTGACTACCACAGATAATGGGGGGTCAACTGGCCGTATTCGCCGCTCGGAAGGCGGGATCGCCTGGGGCGATATGCGCAACTGTCTGAATCAGTTAATTACCGAACCCAGCGTCGCGTCCGCTATGTTTGAGTATCGTTTTGGCGGTAATGGCGAACTTTCTGGTCATAACCTCGGAAATTTGATGTTAAAGGCGTTAGATCACCTGAGCGTGCGGCCTCTGGAAGCGATTAATTTAATTCGTAATCTGCTTAAAGTGGACGCGCAGCTGATCCCGATGTCGGAGCTACCGGTAGATCTGATGGCGATTGATGAACAGGGGCATGAGATTTACGGCGAGGTGAATATCGATCAGTTAGCGACGCCGCCGCAGGAGATCATGTTAACGCCAAACGTTCCGGCGACGCGGGAAGCGGTACAGGCCATTAATGACGCGGATCTGATTCTGATTGGCCCTGGCAGTTTTTATACTAGCCTGATGCCTTGCCTGCTGCTGGATGAACTGGCGCAGGCGCTGCGGCGCACCCCAGCGCCAATGGTGTATATCGGCAATCTGGGTCGCGAACTGAGTCTGCCCGCCGCCAGTTTAACGCTGGTCGATAAGCTGGCGATGATGGAGCAATATATTGGCAAAAAAGTCATTGACGCGGTGGTGGTTGGACCGCAAGTTGACGTCAGTGCGGTGAACGATCGGCTGGTGATTCAGGAAGTGCTGGAGGCCAGCGATATCCCCTATCGCCACGATCGTCAGTTACTACACAATGCGCTGGAAAAAGCGCTACAGGCGTTGGGTTAAGCCCATTTACCGACGACGCTGCGCTTATCAGAAGCCTGTTTACACCGAAGGGTAAACAGGCTCTCTCCCTCTTCTGATAAACTGCGTTCAGCTATCACCAGTAGGCGCTCATGAGCGAGCTCACCTCTTTTTTCAGCAATATATTCTCCATGATCTCAGTAAAGAGGGTCTGATTGATCTCTTCCATTATCCGCATTCCAGCCATGCGCTCTGCGTCAGGATCACCTGCTATTCCTAACGCTTCCAGTTCAGCATTGACCCGGCTCTGATACTCATCCGTTTCAATACACTCAGCCCTTTTGGCCATCATTTCACGCCACTCTTCTGGCGCTATACGCTCCAGCACTTTATGCCACGGCCCCCACAGCGCAAACCATTTGTGAAAATCCCTATTTTCAGCAATTTTTATCCTTATTTCCGCCTCGTCCAGGTCAGACTCAGTGATACCCGAAACGTTATAAAATCGCATATCCTGGGTCATTGTTGTCAGCGACAGCGACTCTCGTAACTGATTCTGAAAACCCAGATATACTTCGATTTCGTCAATAAAAAACAGCCGTTTTACCTTTTCTCTGGCGAGCGATTCTATTTGCTCCAGCCGAAAGATTTCACGCCCCGCCATAATCAGTTCCGCTAAGTGGCTATCAAAGGCGCCTCTTTCAGCATCATGAACCAACGTCGCTTCCTGCATTTGGTGGTATGTCAGTGTGACCCGATCTTCACAGCTTATCGTTGCATCCATCGCTATAATAAATGCGGTTTCTCTTAGTGCGCTATCATCAGCCAGGCGCATTAGCCAGGCGGAGACTTGTTCCTTAAAATCCGGGTGTCGGGTATTCTGCGTATCACCAAGATAGTCCAGGAATCCGCTGAAAGCCGCCGCGTTTGCCTCTGCCTCAAACGCCCGCCATTGGTTGACGTCTTCCTCCTCGAGATTGGTTAGCCACCCCTGGACAGCTTGATGCAGTGGTCGAGTTACCCGAACAATTGAAAAGTCGCCCATGGCAAAAAATACCTGGGGTCCCTGATAACCCGCAGAGGACATTAGCCGCTGCATATTCTGTATTGTTCGTTCTGAAAAAGGATTATGTTCTACGATTATTCTTGTAGGTTGAGGTCCTTCACCACGAAAATGGGGTAACGACTCCGGGAGACGGACCAGGTGATTGCGAGAGGCCTGCATTATTTGTAATGCCGCCGGGAGGTTTTCCGGTAGATTACTCAATGCGTTACGGGAAACGTCCAGCGTTGTTATCGTGGGAGGTAGTGTTTCAGGCAGAACAGTAATCTGATTTTTACTTACATCCAGGAACTGTAATTCTGGTGGTAACGATGCGGGCAGACTGGTTAAGGCATTTTCGCCGGCCTCCAGATTCTTCAGGCCCGGCGGCAATGTTTCAGGCAGAGCGGTTAACGAATTACTCTGCACATTCAAATGGGTAATCCCTGACGGAAGATGTTCTGGCAGTGTCCTTATGCGGTTATCATAAACGCTCAGGTACCGAAGTTCCTCAGGTAGATTTTCAGGTAAGCAACTAATTTTATTATGGAAAAGATCCAGCGATTGAAGCGCTGAAGGCAAACGTTCCGGCAATTCAGTAATACGGTTAATGCTCAGCTCCATTTTCTGTATGGTATCCGGTAACGTGGCAGGGATACTGGTTAGCTGATTACTGCTGGCATACAGGGTCTTTATATTTCCCTGTAAATTTTCCGGCAAACTTTTCAGTTCATTGTTATCGAGTATC
NZ_CP110931.1_gap61	3052781	3055228	2447	AGCGTTCGCAATCCGCGTGATAACACCGCCGCGTCTATCGCCCGGCCTTCGTCGGCGCTAACGATGTGGGGAGAGGTAGGCTCGGCAAAAGTATAAGGATTGATAGCGGAATAAGGTTGCGGCAGGCTGCTGTTACGCTGCAAGGCCAGGGCATCGCTATTGCGTAGCCCATCGGTTGTCATTTCGCTGCCGGAAGCGACGGGCTTATAGCCTACGGTTTGATAACCTAACTGCGTTGCGGCCTGCAATAAGGCGCAACTGGCGACCGTTTTACCGACTTCAGTATCAGTACCGGTCACAAAATAGCGTTTAGTCACGTTCAATCACTCCCATAAAAAGATGGTACGTCAGCGGATATTTCCCCTGCCGCTGCGGCCATGCCAGTTGAATCTGTCTAAGCCGGGCGCGGGTTAATACATCCGACTCCCGCCCTTCATGAAGATGGGTGGCGCCAATGCCTTTAAGCGAGCGCATTGCGCTCAGGGCATCCTCAAACCACAATGTCATCGCCTGAGTATGACGAAACGCCCGCCAGCCGCGCAGCGCGTGGTCAATGGCCTCTTCCGGCAAAAAGCTATTCGCGTGAGCGCGATTATCGACGGCCTGCCATGCCTGACGCAGCTCCGGCAACGACCCCTGGCACAAGGTGGTAAACGCCACCACGCCGCCGGGCCGTACAACCCGATACAACTCGCTCAACGCATCGCGTAAATCGCCGCACCACTGGACCGCCAGGTTGCTCCAGGCCAGGTCAAAAACTTCGGCGTCATGGGGAATCGCTTCGATATCCGCCAGCAAATAGTGATGCGCCGCCTGACGATCGCGAGCCTGTTGCAGCATCGGCAGCGAAAGATCCAGGGCGGTCACTTCGCTCCCCCGCTCTCGCCAGTAACGACTCATACGTCCGGGGCCGCAGCCTGCGTCCAACACACTGGCAAACTGGCGGCCTGTCAACAGCGTCAGCAGCGCATCCGCGCTGTGTTGCTGTAAAGAGGCGTGCTGTTCATATTGCGATGCGGCCCGGCCAAACGCCGCCGCAATAGCCTGCTTATTCACCTGCGCCATGCAGCACCTCCAGCAGACGGTCTATATCGCACGCTTCATGCGCCTGCGTTAACGTTAAGCGCAGGCGCGCCGTACCGACAGGCACCGTCGGCGGACGAATCGCCGTCGCCCAGCATCCTTGTTGACGCAGCGCCTCCGCCAGGCGCAATGCACGGCTGTTATCGCCCACGATTAACGGCTGGATGGCGCTATGTGCATTCAGTAGCGTAAATCGGGACGCGTTAACGCCGGCCCGAAAGCGCTGAACCAGAGCGGCGAGTTTTTCGCGCCGTTCACGACCTTCATCGCTACGGATCACCGCCAGCGAGGCGCTTAACGCCTGCGCCTGGGCGGGCGGCATACTGGTGCTGTAAACCAGATGACGGGCGAATTGCAGCAGATAATCTGCGACGCTTTCCGAGCATAGCACCGCTGCGCCGCTGACGCCAAACCCCTTACCGAAAGTCACCACCAGCAACTCAGGCTTCACCCCCCGCTGCCAGCAGGTGCCCCGCCCCTCATCGCCAGTCACGCCGATGCCGTGCGCATCATCAACCAACAGCCAGGCATGATGCCTGCGGGCAATGTGCTGGATTTCCGCCAGCGGCGCGCTGTCGCCGTCCATGCTGTATACACCTTCTGTCACCACCAGTTGCTGACCCACGCAGGGCGATTGCAGTAAACGCGACAGATGCTGCGTATCGTTATGGATAAAGCGGCGAAGCTGCGCCGGACTCAGATTGGCGGCCTCCAGCAGGGAAGCATGACTCAACCTGTCGGCCACAATCCGGTCATTTTTTTTCATTAAGGCGGTAATGACCGCCTGATTCGCCGCAAAGCCAGAGATAAACAGTAGCGCGCGCGGATATCCTAACCATTGCGCCAGTTCCTCCTCTAACGCCCGGTGCGCCACGGAATAACCGCTGATATGACCCGACCCGCCGCTGCCGACGCCAAAACGCGTCGCTGCCTGTTGCCAGGCGCGAATAATCTGCGGGTGTTGACTTAAGCCGAGGTAATCATTGCTGGAGAAGTTAAGATACTGTCGCCCGTTCGCTACCAGCCAGCGTCCGGCACCCTGCGATACCACATAGCGGCGGCGCAACGTATCCGTCGCCCGACGCGCCGTCAGCGCATCGTCGACGCGTTGTTGCCAACTCATAAGGCTGCCGCGTTGTAATAATCATCGGTGTCAGGCGTCATCAGCGTCTGCTCCAGACGTTGCTGCTGCTCGTTATCGCCCGCCAGCACCCTGGTCTGCTGCGGATTCAGCCCCAGCTTACGGAATAACTGCAGATCCTTGTCCTCTGCCGGATTTGGCGTAGTTAACAATTTGCAGCCATAGAAAATCGAGTTCGCCCCGGCCATAAAGCACATCGCCTGAGTCTGCTCGTTCATCTGTT
NZ_CP110931.1_gap62	3065811	3070045	4234	TCAGGCTTATAAACGGGCCGCCGCAGCAGATGTGGCGGCCCGTGGTTTTACTGCAAGCAATGTTTATTGAAATTAATCAGGCATCCCGCCTTGATGAGTTCCAGCCCGCCTCCATCCGGCACACAGCGCTTTAGTACGCGTTCACCACAACCCACATTGGCCCCTGGCCGACGGCATAACGGCCTTTTTCCGTCAGCAACCCCTGAGTGCCCGTAATTTCATAGACCGCGATATGATGTGATTTTTGACCCGCAGCAATCAGGTATTTTCCGCTATTGTCGATATTAAAGCCGCGCGGCTGGACTTCCGTCGGCTGGAAGCCTTCAACGCTCAGTACGCTGCCGTCTTCGGAGACACTAAAGACGGTAATCAGACTGGCGGTGCGGTCACAGGCATACAGATGCCGTCCATCCGGCGTAATATGAATATCCGCCGCCCAGCGGGTATCGGAAAAATCGGCGGGCATCATATCCAGCGTTTGTACGCACTCTATCTCGCCATGCGGATTTTTAAGCTGCCAGACATCCACCGAACTGTTCAGTTCATTGACGCAATAGGCATATTGTCGATTCGGGTGGAAGACCATATGACGCGGGCCTGCCCCTTCGACTGTATTTACTTCCGCCGGCTCCTGGGCCACCAGATGGCCGTCATCGCTTAGCGTAAACAGACAAATGCGCTCCTGTTTTAGCGCAGGCACCCACAGGGTACGGTTATCAGGCGTAATATTTGCCGAGTGGCAGCCGTCCAGCCCTTCCACCACATCCACCAGCTCAACCGGCAGGCCATCCTGTAAGCGCGTCACGCTGACATTACCGGCGTTATACGATCCGACAAAGACAAAACGACCATGATGATCGGTAGAAATATGGGTCGGGCTACCCGGCAGGGCGGATTCGGCGGCAAACGTCAGCACGCCATCATCCGGCGCAATACGATACGCCAGGACACGAAACTCCGGGCGCACGCCGACATAGAGGTAGCGTTTATCCGGACTGACCACCATCGGCTGAACCTGACCGGGCACATCCACGACCTGCACCAGCGTCAGCGTCCCTTCGTGGTTCAGGCTCCAGACGTGAATTTGCTGACTCTCAGGGCTGGCGGTATAGACTGTTTGTTTCATGAATACTCCTTTGCATATGGCATGTAGCTGCAATAACAGGACACAGCTTAACGTAGTCGCTTTTGACGGCGAATGCTGAATTCAGACGCAGAATTTTGTCTGCTTACCGTCCCGGTGTACCATGCCGACAGACGGAATTATTACTCTTAATCTGGAAAAAATTATGACTGCACGCGTGATTGCCCTCGATTTAGACGGAACGTTATTAACCCCGCATAAAACCTTACTCCCCTCCTCGCTTGACGCGCTATCACGCGCCAAAGAGGCGGGCTTTCAACTTATCATTGTCACTGGTCGCCATCACGTTGCTATTCATCCTTTTTATCAGGCGCTGGCGCTGGAAACACCTGCTATTTGCTGCAACGGCACCTATTTGTATGATTATCAAGCTAAAACTGTCCTGGATGCCGATCCTATGCCCGTGGATAAGGCGTTGCAGTTGATTGATTTACTGGATGAGCATCAGATTCACGGCCTGATGTATGTTGATGACGCTATGCTTTACGAACACCCAACCGGTCACGTCGTGCGTACCTCCCGGTGGGCGCAGACCTTGCCGCCGGAGCAACGTCCGACCTTTGCACAGGTCTCTTCGTTGGCGCAGGCGGCGCGCGACGTGAATGCCGTGTGGAAGTTTGCGCTTACCGATGAAGATATTCCCAGGCTACAGCGGTTCGGTCAGCATGTTGAACAGGCGCTTGGCCTGGAGTGCGAATGGTCATGGCACGATCAGGTGGATATCGCGCGCAAAGGCAACAGTAAAGGCAAGCGCCTTACCCAGTGGATAGAAGCGCAGGGAGGGTCAATGAAAAATGTGATCGCTTTCGGCGATAACTACAACGACATCAGTATGCTGGAGGCGGCAGGCACCGGCGTTGCGATGGGCAACGCCGATGAGGCGGTGAAAGCGCGCGCTGACGTTGTGATCGGCGATAACACTACCGATAGCATCGCCAAATTTATTTACACCCACCTGCTATAGTCAGGCGGTGATAGAAACGCTTTTCACCTGCGCGTAAAGCCACAGGCCAGGCTTGATATTCAGCTCATCCCTAGCCCACGGGCTTATTCGCGCCCACAGCGTTCTGCCGCCTATCTCAAGCTGGACTTCCACCTGCCCGTTATCGTCATAGCAATTCGCCACTTTTGCCCGCAATACGTTGCGGATACTGGTCTGCTGCGGCGGCTGTAGTACCAGCGAGACATCCGACGCCTGTATACGAATACGCAGTGTGGATTGCAGCGGCTGATTGAGTTTATTTACCCACAGGTGCTGGTCGCCAAGCGCCAAAGCGGTCATGGCATAATGCGGGTGATGCTCCAGCACGCTGACTTTCAGAATACTGCTCTGTTGCTCTTTCGGCAGCCACGGGTGCATAACGCTGCTTCCCCAGACCTCCTCCAGCGGGCCAAACGCTTTAACCTGTCCATCCTCCAGCACCATGACTTTATCCGCCAGGTGGAGAATTTCATCGAGAGAATGGCTGACATACAGCATGGGAATATTGATTTCCCGCGCCAGCCGTTGCAGGTACGGCAGTAATTCGCGTTTACGCGGGATATCCAGCGAGGCCAACGGTTCGTCCAACAGCAGCAACTCCGGGGCGGTGAGCAATGCCCGGCCTATCGCTACGCGCTGTTTTTCTCCGCCGGACAAGCTCCCCGGCAGGCGATCAAGCAACGCTTCAATTCCCAGCAGCGACACCAGCTTATCAAACTGACCGGTCATGCTTTTCGCCATGCCGTAGCGCAAATTGCCGCGTACTTTGTAATGGGGGAACAGGCGCGCATCCTGGAAAACATAACCGATGCGGCGCTTTTCCGGCGTTAAACAGATACCGTTTTCCGCGTCATGCAACACCCGGCCATTCAGCGCGATGCGTCCTTTTTGCGGGCGAGTCAAACCGCTGATGGCATTAATCAGCGAGGTTTTTCCCGCGCCGGAGACGCCAAAGATAGCCGTGATCCCACTGGCTGGCAGCGTTTCGTTGAGGGTTAAACAGTGCGTTCCCAGCGTCTGGGAAAAATTAAGCTCCAGCATGGTTAGCGCCCCGTCCGTTCACGGCTAATCCGCGCCAGCCATTCAGAAATCAACAGCGAAATCAGCGCTAATACAATCGAAATCACGCACAGCCTCGCCGCCGCGCTCTCCCCGCCCGGCGTCTGGATCAAGGTATACATGGCGGAAGGTATGGTGCGGGTTTCGCCCGGAATATTAGAAACAAAGGTAATGGTCGCGCCAAATTCGCCAAGCGAACGGGCAAACGCCAGCACCGTACCGACAATAATGCCCGGCAGGGTAAGCGGTAAGGTGATAGTCAGAAAAACGCGCCAGCGCCCGGCGCCCAGCGTTCTGGCGGCCTGTTCAAGCTTGATATCCACCCCCTCCAGCGCCAGCCGAATGGCCCGCACCATCAGCGGGAAGGACATCACCGCCGCCGCCAGCACGGCGCCGCGCCAGCTAAAGGCAAACGTGAGACCGAACCAGTCATACAGCCACTGGCCAATAAACCCGCGTCGCCCCATCGACACCAGCAGCAGATAGCCGACCACCACCGGCGGCAGCACCAGCGGCAGATGCAGGACGCTATCAAGTAAGGCTTTGCCCGGAAACCGGCATCGTACCAGTAACCAGGCAAAAAAGATCCCAAACGGCAGGCTAAACAGCACGGCCAGGGAAGACACTTTCAGGCTAAGAAGGACAGCCTGCCATTCTGGATCGGTCAGTATCATTACTTCGTCGTAAATCCATAACGTTTAAAGATTGCCGAGGCCTGCGGTCCTTTCAGGTAATCATAGAACGCGCTGACGGTCGCATTTTTATGCCCCTCCACGATAGCGATGGGGTATTCCACTTTTTTATGTGAATCTTCCGGGAACGTCGCCACCACGTTGACCCCCTTGCTGGCAACCGCATCAGAACCGTATACAATGCCCAAAGGCGCTTCGTTACGTTCGACCAGCGCCAACGCGCCGCGCACATCCTCGCCCGGCGCCAGTTTCGGTTCAAGCGTTTGCCATGCGCCCAGCTTTTGCAGCGCTTCTTTGGCATAAATTCCCGCCGGTACGTGTTGCGGATCGCCCACTGCCAGACGCCCGCCGTTCAAC
NZ_CP110931.1_gap63	3072062	3077052	4990	CACCATCCTGCCCGCTGTGCGATGCTGGCGCAGCAGTTCGGCATTTCCGCTTTACTCAACAGGCGTTTTAAATACCTTTCTACCGGCGAGACGCGAAAAGCGCTGCTGTGTCAGGCGCTGATGTCTGAGCCGGAGTTATTGATCCTTGATGAACCGTTCGACGGGCTTGACGTGACCGCCCGTCAACAACTGGCGCAACGCCTGACGGCGTTGAACCAGGCGGGTATGACCCTGGCGCTGGTACTCAACCGTTTTGATGAAATCCCGGACTTCGTGCAGTTTGCCGGCGTGCTTGCCGACTGTACGCTGGCAGAGACCGGAACGACGACAGAGTTACTGCAACGGGCGTTGGTTGCTCAACTCGCGCACAGCGAGCGTCTGACCGACGTACAATTACCCGAACCGGACGAACCTTCCGTCCGCCATGCGTTACCCGATGGCGAACCACGGATCGTACTTAACGATGGCGTAGTCTCGTATAACGATCGCCCTATCCTCCACCACCTAAGCTGGCGAGTAAATCCAGGCGAACACTGGCAGATCGTCGGTCCTAACGGAGCGGGTAAGTCTACGCTGCTTAGCCTTATTACTGGCGATCATCCGCAAGGCTACAGCAACGATCTTACGCTGTTCGGGCGGCGGCGAGGAAGCGGCGAAACAATCTGGGATATCAAAAAACATATCGGCTACGTCAGCAGCAGTTTACATCTGGATTACCGCGTCAGTACCACGGTACGCAATGTCATTCTCTCCGGCTATTTCGATTCTATCGGCATTTACCAGGCCGTTTCAGACAGGCAACGAAAACTGGCGCAACAGTGGCTGGATATTCTGGGAATCGATAAGCGTACGGCGGATGCCCCCTTCCACAGTCTCTCCTGGGGACAGCAGCGGCTGGCGCTGATCGTGCGCGCGCTGGTTAAACATCCGACAGTGTTGATTCTGGATGAGCCGCTGCAAGGGTTGGACCCGCTGAACCGCCAACTGGTACGCCGTTTTGTAGATGTATTAATTCGCCAGGGAGAGACCCAACTGCTGTTCGTTTCCCATCATGCAGAGGATGCGCCTGCCTGTATTACCCACCGGCTGGAATTTGTACCAGATGGCGAACGTTATAAGTACGTTTCCGGACGATGCAATAATTAAATGTATTATCAGAATGGCGCCGCGCGCCATTCTGGAACCACTCTCCTTTTGTTAAGAATAATAATAACGGTCGATAAGCTTACTATCTCTTGAATCTCTGACCGCCTCATTGTCATAATAATCCTGAAATTTTCGACAATGATGTCGTATGTGAATATAAGGGATTCATTATGGCTTTTCGTTTTCCACAAATAATACTATTTTTACTGGCAGCCATGTTATTTTGCCCCAGCAGTTATGCTGAGCAAAAGCCGACCGCTGCGCAGGAAGCGCGTAAAACCGCCGTTGAGGTCGCTGTTGAAGGCATGAGTCGCGCCGCCGTTGCGGGTCCGACAAAAATTAGTTTAGGTGATAAAGCCACGCTTAATCTACCGGAAGGATTTACCTGGATATCCGCAAAAGAAGCGGCGGTATTTATGCGTGAAATTGGTAACTATGTTGACGATGAATATTTTTACGGTCTCGTATTTAAAAAGGAAATGAATGGATTTATTTCTATCGAATATGATGATTCTGGTTATGTAAAAGATGATGATGCAAAAAATTGGGATGCCGATGAATTAATGGATAACCTGCGCAAAGGCACAAAAGAAGCGAATAAAGATCGTATTGCAAAAGGCATTGAGCCGATAGAAATTATTGGCTGGATCGAGAAGCCTACCTACGATGCAACCAATCATCGTCTGATCTGGTCCGCCACCATCCAGGATATCGGCACCAACGAACCACTGAATGAACAAGGCGTGAACTACAACACCTATCTGCTGGGACGTGAAGGTTATTTTTCTTTAAATCTGGTGACCGACAGAGGTTCTGTTGACCATGAAATCCCTCTGGCGAAAAGAATTCTCAGTTCCGTCAAGTTCAACCCGGGACAACGCTACGCTGACTTCAACGAATCAACGGACAAAATAGCGGAGTATGGGCTCGCCGCGCTGATTGGCGGTATCGCGGCCAAGAAAGTAGGACTGCTTGCTATGCTCGGTATTGCGTTGCTTAAATTCTGGAAAGTGACCGCCATCGGCGTCGTCGCTGTCGGGGCGCTCGCCAGGAAGCTACTCTCGCGTAAAAAAGACTGACAGCTCCTGCCCCGTCCGTTTCATTCCCAGGCGCGTAACGCGCCTTTTTTTCGGATAAAAAGCAGAAGCATTCTCAAGCCAGATGATTTGTAATCATTTAATTGATATAAATGCGTAAAATCACCAGCGTGTAAACGATTCCACTAATTTATTACATGTCACACTTTTCGCATCTTTGTTATGCTATGGTTATTCCATACCATAGGCTTAACGGAGCGAATTATGAGAGTATTGGTTACAGGTGGTAGCGGTTACATTGGAAGTCATACCTGCGTACAATTGCTGCAAAATGGTCATGACGTCGTCATCCTCGATAACCTCTGCAACAGCAAGCGCAGCGTGCTGCCCGTTATTGAACGTCTGAGCGGTAAGCACCCGACCTTTGTCGAAGGCGATATTCGCAACGAAGCGCTTATAACCGAAATTCTGCACGATCACGCGATTGATACCGTGATTCACTTTGCCGGCCTGAAAGCCGTCGGCGAATCGGTCGCCAGGCCGCTGGAGTACTATGACAACAACGTCAACGGTACGCTGCGGTTGGTCAGCGCCATGCGTGCGGCCAACGTTAAAAACCTTATTTTTAGCTCCTCCGCCACCGTTTATGGCGATCAGCCCAAAATTCCTTACGTCGAAAGTTTTCCTACCGGCACGCCGCAAAGCCCCTACGGCAAAAGTAAATTGATGGTAGAACAGATCCTCACCGATCTGCAAAAAGCCCAGCCGGAGTGGAGTATTGCGCTGCTGCGTTATTTCAATCCGGTCGGCGCGCACCCGTCGGGCGACATGGGAGAAGATCCGCAAGGTATTCCGAATAACCTGATGCCCTATATCGCCCAAGTCGCCGTGGGTCGTCGCGAATCGCTCGCCGTTTTCGGCAACGATTACCCGACCGAGGATGGCACCGGCGTACGCGATTACATTCACGTTATGGACTTAGCCGACGGGCACGTCGTGGCGATGGAAAAACTGGCGGACAAATCCGGCGTACATATTTATAACCTCGGCGCGGGTGTCGGCAGTAGCGTCCTGGATGTGGTCAACGCCTTTAGTAAAGCCTGCGGTAAACCCATTAATTACCACTTCGCGCCGCGTCGCGACGGCGATCTCCCGGCGTATTGGGCGGATGCCAGCAAAGCCGATCGCGAGCTGAACTGGCACGTCACCCGCACGCTTGACGAAATGGCGCAGGACACCTGGCACTGGCAGTCACGCCATCCGCAGGGATACCCAGATTAAGGACGTTGTTATGACCCCATTTAATCCCATCGATCATCCGCATCGCCGTTATAACCCGCTTACCGGCCAGTGGGTTCTGGTTTCGCCGCATCGCGCAAAACGCCCCTGGCAGGGGGCGCAGGAAACGCCGTCTCAGCAAATGCTGCCGGCCCACGATCCGGACTGCTTCTTGTGTGCGGGCAATACGCGTGTCACCGGCGATAAAAATCCCGATTACAAAGGGACTTACGTCTTTACTAACGATTTCGCGGCGCTGATGGCCGATACGCCGGATGCGCCGGACAGCCACGATCCGCTGATGCGCTGTCAGAGCGCGCGCGGCACCAGCCGCGTGATCTGCTTTTCTCCCGATCACAGTAAAACGCTGCCGGAGTTGAGCCTGCCCGCGCTGACGGAAATCGTCAGAACCTGGCAAACGCAGACCGCCGAGTTAGGCAAAACCTATCCGTGGGTGCAGGTCTTTGAAAATAAAGGCGCGGCGATGGGCTGTTCGAACCCGCATCCGCATGGCCAGGTCTGGGCCAACAGCTTCCTGCCGAATGAGGCCGAACGCGAAGATCGTTTACAAAAAGCCTACTTCGCCGAGCAGCGCTCGCCAATGCTGGTGGATTATGTCCAGCGAGAACTGGCGGACGGCAGCCGCACCGTGGTCGAAACCGAACACTGGCTGGCGGTGGTGCCTTACTGGGCGGCGTGGCCGTTCGAAACGCTACTGTTACCCAAAACGCATGTCCTGCGCATTACCGATTTAAGCGACGAGCAGCGCGACTCTCTGGCGCTGGCGTTGAAAAAGCTGACCAGTCGTTATGACAACCTGTTTCAGTGTTCCTTCCCCTACTCAATGGGCTGGCACGGCGCGCCGTTTAACGGTGAAGAAAACGCACACTGGCAGTTGCACGCACACTTTTACCCGCCGCTGCTGCGCTCTGCGACCGTCCGTAAATTTATGGTCGGCTATGAAATGCTGGCGGAAACCCAGCGTGATTTAACCGCAGAACAAGCGGCTGAACGCCTGCGCGCGGTCAGCGACATCCATTTTCGCGAATCCGGAGTATAAAAATGAATCTGAAAGAGAAAACGCGCGCGCTGTTTGCTGAAATTTTCAGCTACCCTGCCACCCACACGATTCAGGCGCCAGGCCGCGTCAACCTGATCGGCGAGCATACTGATTACAATGATGGTTTCGTTCTGCCCTGCGCTATCGATTACCAGACCGTAATTAGCTGTGCGCCGCGCGACGATCGTACCGTACGGGTGATTGCCGCCGATTACGACAATCAGGTGGAAGAATTTTCACTGGATGCGCCGATCGTGACCCACGATAGCCAGCAGTGGTCTAACTATGTGCGCGGCGTAGTGAAACACCTGCAGCAGCGTAACAACGCGTTTGGCGGCGTGGATATGGTCATCAGCGGCAATGTGCCGCAGGGCGCCGGGTTAAGCTCCTCCGCCTCGCTGGAAGTGGCGGTGGGCACCGTCTTCCAGCAGCTTTATCACCTGCCGCTGGACGGCGCGCAAATTGCGCT
NZ_CP110931.1_gap64	3096818	3098187	1369	CGGGCCGTTGCTGACGCAACGTTATCCTTCACGTTTTATTCTCGTTTCCACCGAACGATTGGTGGGTCGTGCAGGATTCGAACCTGCGACCAATTGATTAAAAGTCAACTGCTCTACCAACTGAGCTAACGACCCACTTTTACGTTGCTTTCGAGTTGTTTAATATCCCGTGGCAACGGCGGCATATATTACTGATTTCAGATTTGAGCGCAACAAAAATTTCGACGCAGAGGGCTCAACTGCTTAGGAATCGCACGACGCGACCAGAAAAAAGGCGTTTTCTGGTCGCATGGTACGCATTACATCGCGTTAAGACGCTTTTGCGCCTGTTTCGCGCCATCAGTGCCAGGATATTTGTTAATCACCTGCTGATAAACCGCTTTCGCTTTTGCCGTATCACCTTTGTCCTGCATGATAACGCCAACTTTGTACATCGCGTCCGCAGCCTTCGGCGACTTAGGATAGTTTTTTACTACCGAGGCGAAATAATAGGCGGCGTCATCTTTTTTACCCTTGTTGTAATTCAACTGGCCCAGCCAATAATTGGCGTTCGGCTGATAAGTAGAATCAGGGTATTTCTTGATGAAGTTCTGAAACGCCACAATCGCATCATCCTGGCGAGACTTATCCTGCACCAGCGCAATTGCCGCATTGTAATCGGTATTCGCATCGCCACTTTGTACCGGCGCCCCTGAGGTTGCCGTACCGGCATCCGGGGCGGGGGTCGCAGTGGTTGCCGCCCCGCTCTGGTCACCAGCTGCTGGCTGCGCTGCGCCGCCATTATTTAAGCTCCCCAGCTGCAGCATAATTTGCTTCTGGCGCTCCATCACCTGATTCAGTTGATACTGATTTTCCTGGATTTGGCCGCGCAAAGAATCGATATCGGACTGATTATCGGAGAGCTGCTGCTGAAGTTGGGTTAAAAGCTGGCTGTGAGCGTTAGAGATACGCTCAAGTTGAGTGACGCGGTCTTCGACCGAGCCTGAGCCGACACTACTGATTGGCGCCTGAGCAAAAGCGGCCCAAGGGGCCGCTATGCCAACCAGTAACGACAGACTCAACAGGTGACGTCTGAAGTTACTGCTCATGCAATTCTCTTAGTAAACCAGTACAGCGCGACGGTTCTTAGCGTAAGCCGCTTCGTCGTGGCCCAGTACGGCAGGTTTTTCTTTACCGTAAGAAACGATGGAGATCTGGTCAGCGGAAACGCCTTTACCCTGCAGGTACATTTTAACGGCGTTAGCACGACGCTCACCCAGGGAGATGTTGTACTCCGGAGTACCGCGTTCGTCCGCGTGACCTTCTACGGTGACTTTGTAAGACGGGTTGCTACGCAGGAAGTTAGCGTGCGCATCCAGCATTGCCGCGA
NZ_CP110931.1_gap65	3146122	3151101	4979	CCGTATACCGTGTGCTGAACCAGTTTGACGATGCCGGTATCGTGACCCGCCATAATTTTGAAGGCGGTAAATCCGTTTTTGAACTGACGCAACAGCATCATCACGACCATCTTATCTGCCTTGACTGCGGAAAAGTGATTGAATTTAGTGATGACTCTATTGAAGCGCGCCAGCGTGAAATTGCGGCGAAACACGGTATTCGTTTAACTAATCACAGCCTCTATCTTTACGGCCACTGCGCTGAAGGCGACTGCCGCGAAGACGAGCACGCGCACGATGACGCGACTAAATAAGTGTAAATCTTTCGAAGAGCCAACCGCCCGGTTGGCTTTTTTATATCCTCCTCTTTCCTGTCGCTTGATGTTGATTTAATGTAAAAAACACTATCGCATCTCAGGAGAGCAGGAATGGAGCTTCGCCAGTTACGCTATTTCGTGCGTATTATTGAAACCGGCAGTATGGGCAGCGCCGCACAGGATCTTGATATTGGCGTTTCAGCCTTAAGTCAACAGATGTCCCGTCTGGAAAACGAGCTCGCCATCCGTCTACTGCAGAGCACCTCGCGCGGCGTAACGCCAACCAACGCCGGGCTGGCCTTTTATTCACAGGCGCAACTCGCCCTGCGTCATGCCGACGACGCGATTCTCGCCGCTAGAGAAGCGCGCCTTTCCGGTCATGTGAGCGTAGGAATGGCCCCCAGTACCGCCTCCATACTGGGTATACCGTTTATCCATGCCATGCAGGAAAACTATGCCGATGTCCGACTGCATGTGGTGGAAAGCTTGTCCGGTAATCTGGAAAGAATGATCAATACCCGCCAGATTGATTTAGCCGTTGTCTTTCAAAAAGATAAAATCCTGCGCTGGAGCGCCAGACCGATCCTTGAAGAACAGCTTTTTCTGATTGGCTCCCATGCCCTGCTGACGGCGCTTCCTGATAACCCGATCACACCTAAACAACTGGCAGGCATTCCGCTCATTATGCCAAGCCAGGGACACGGGCTGCGCGGCAGGCTGGACGCTGTCTGCCAGGAACATGCGCTTAACGTTGAAATCGTCGCGGAAATTGACGGCCTGGCGTTGTTGATGCGCGCCGTGCGCGACGGTCTTGGCGCCACGTTGCAGCCCGGCGCGGCGATTTCTCATCTGGATAACGACGCGCTACGCGTGATCGGCGTCCATAATCCGGTACTCAGCCGCCCCAATTTTTTAGTCAGCCTGTCGGATGATGAACTGACGCCCGCCGGCCTTGCCGCCAGAGTAGTCCTTACCAAAGTTATGCGTCAGTTAGTCGACGCCGGCGAATGGCCAGGCGCAACTCTTTACGCTTACTAAACCCCTGTTTAGCGCTACCTGATAGCGCGCCGCTTATTTATCCGTATACATTTCAATTACAAATTTAACAAATAGTTAAATGGTACGGGAGTATAAGATGGTTGATGTACTGGTGATAGGCGGAGGCAATGCCGCATTATGCGCCGCCCTGACCGCACGGGAAGCGGGCGCATCGGTTCTGCTGCTGGAGGCTGCCCCGCGAGAATGGCGCGGCGGAAATTCTCAGCACACACGAAACCTGCGCTGTATGCATGATGCGCCGCAGGATGTGCTGGTGGAAAGCTATCCTGAAGAGGAATTCTGGCAGGATCTGTGGCGAGTCACCGACGGCAACACCAACGAGGCGCTGGCGCGGCTGGTCATTCGCACCTCTTCGCAATGCCGCGACTGGATGCGCAAACATGGCGTTAACTTTCAACCGCCGCTATCTGGGGCGCTCCACGTTGCGCGCACCAATGCGTTTTTTATGGGCGGCGGGAAAGCGCTCGTCAATGCCTATTACCGTAGCGCCGAACGGCTGGGCGTACAGGTTCGCTATAACACGCCGGTTCACGCGCTTGAACTTCATGACGGCGAATTCGTGGCGGCGCTGGCGGGTAGCGAACGGATTACCGCCAAAGCCTGCGTATTAGCGGCTGGCGGTTTCGAATCAAACCGTGAATGGCTGCGGGAGGCCTGGGGAGAAAACGCCCGCGGCGAATGGCCCGCGGATAATTTCCTGATTCGCGGCACGCGTTTTAACCAGGGCGTATTACTCAAATTTATGATGGATGCCGGCGCGGATATCATTGGCGATCCGTCCCAGTCGCACTGCGTAGCGATTGATGCCAGGGCGCCGCTGTACGACGGCGGTATTTGTACTCGCGTGGATTGCGTATCGCTGGGTATTGTCGTGAATCGCGACGCCGAACGTTTTTATGATGAAGGCGAAGATTTCTGGCCGAAACGTTACGCCATTTGGGGGCGGCTGGTGGCTCAACAGCCAGGACAAATTGGCTATTCGATTATTGACAGCAAAGCTATCGGCCACTTTATGCCGCCGGTTTTTCCTGGCGCGCAGGCCAATACGCTGGCTGAGCTGGCCTGCCAGTTGGGGCTGGACGCGGAAAAATTTACCCATACCGTCACGCAGTATAACCAGGCCTGCCAACCCGGTCATTTTGATCATACCTTGCTTGATGACTGTGCTACTAAAAACCTGACGCCGGCGAAAACCCACTGGGCGCGCCCGCTTGATGCGCCGCCCTACTACGGTTATGCGCTGCGACCCGGCATCACGTTTACCTACCTGGGTCTGAAAGTCAATGAACGTGCCGCGGTGCATTTTGCCGGTCATCCAAGCCGCAACCTGTTTGTTGCCGGCGAGATGATGGCAGGAAATGTTCTGGGCAAGGGGTATACCGCAGGCGTAGGCATGTCTATCGGCACAACCTTTGGCCGCATTGCGGGAATAGAAGCCGCCCGCGCGGCGCACAAGGAGGCGCAGCATGAAACAGCTTGAAAAATTAATCATTGAGGCCACCGTGCTTACCGAACCGGAAGCCGAGGTCGAACGCGTTATGCAAGTGTGTAACGCGTGTCGCTACTGCGAAGGTTTTTGCGCGGTATTTCCGGCGATGACCCAGCGGCTCGAATTCGGTAAAGCCGATATTCATTATCTGGCGAATTTATGTCATAACTGCGGCGCCTGCCTGCACGCGTGCCAGTACGCGCCGCCCCATGAATTTGCCATTAACGTGCCGAAAGCGATGGCGCAAGCCCGCCTGGAGACGTATCAACAGTATGCCCAGCCCGCCGCTTTTGGCGCGTTATACCGTCGGGCGGGGATCACCGTCGCGCTGGCGCTGATAGTCGGTCTGACGCTCTTTTTATTACTGGCGATGGCGCTGAAAGGGTAGCTGATTCATCCGCCGCTGGCCGGTGACTTCTATCAAATTTTTCCGCATAGCCTGCTGGCATGGATGTTCGGCTCAGTTTTTGTGCTGGCAATCGGTTTGCTTATGGCGGGCGTAATCCGCTTCTGGCGTGAGATCTCGCCGGGCGTACCGCGTTCGGCAGAGATTGCGGAAGCGTCGCACAATGCGTTAACGCTGAAATATCTCGACGGCGGTCACGGCAAAGGCTGTAACGAAGCGGACGATGCGTTCACGCTGCTGCGCCGTCGCTTTCATCACTTTACCTTTTACGGTTTTATGCTCTGTTTTGCCGCCACGGTCGTGGCGACGGGCTATCACTACGTCGCCGGTTGGGAAGCGCCCTACCCGTTTTTTAGCCTGCCGGTCATGCTCGGCACGCTGGGCGGTATCGGTCTGCTTATCGGCCCGGCCGGGCTACTGTGGCTCAATCTGCGGCGGTCGCCGTTACATGGCGATGCGCGCCAGAAACCCATGGATCGCGGCTTTATTCTGCTGCTGTTCTTAACCAGTCTGACCGGGCTGGCGCTGCTGGCAGGCAGAGACACCAGCGGAATGGGCATACTGCTGGCGCTCCATTTAGGCGTGGTGATGGCGCTCTTTCTCACCCTTCCCTACGGAAAATTCGCCCACGGATTTTTCCGCTGCGCGGCCTTACTCAAATGGGCAGTTGAGAAGCGACGCGGAAAACATGCGGGGGATACAGGCAACTGACCCGCAACATCTTACCCATAAAACAATAAAGACAGTGGAGAGCAAACCCTATGGCACAACACACACCTGCAACATCGCGCGCCGGCACGTTCGGCGCAATACTGCGCGTGACAAGCGGCAATTTTCTTGAACAGTTTGATTTTTTCTTGTTCGGATTTTACGCCACCTATATCGCCAGAACGTTTTTTCCGGCGGAAAGCGAATTTGCCTCATTAATGTTGACCTTTGCCGTCTTTGGCTCCGGTTTTTTAATGCGCCCCGTCGGCGCGATTGTGCTTGGCGCCTATATTGACAGAATCGGACGCCGTAAAGGGCTGATGGTGACACTGGCGATTATGGGCTGCGGTACGTTGCTCATCGCCCTCGTCCCCGGCTACCAAACGATCGGCCTGGCAGCGCCTGCGTTGGTGCTGTTGGGCCGGTTATTACAAGGATTTTCTGCGGGCGTTGAGTTAGGCGGCGTCTCGGTCTATCTGTCCGAAATCGCAACGCCAGGCAATAAAGGGTTTTATACCAGCTGGCAATCCGCCAGTCAGCAGGTCGCGATCGTTGTTGCCGCGTTGATTGGTTATAGCCTGAATATCACGCTGGGACACGACGCGATATCGGAGTGGGGCTGGCGAATTCCGTTCTTTATCGGCTGTATGATCATTCCGCTGATTTTTGTTTTACGTCGTTCATTACAAGAAACAGAGGCGTTTTTACAACGCAAGCATCGCCCCGACACCAGGGAAATTTTTGCAACTATCGCCAAAAACTGGCGCATTATTACGGCCGGAACGCTGCTGGTGGCGATGACCACCACAACGTTTTATTTTATCACCGTTTATACGCCGACCTATGGCAGAACCGTGCTTAATCTCAGCGCGCGGGACAGTTTGATCGTCACCATGTTGGTGGGGGTGTCCAATTTTATCTGGTTACCCATTGGCGGCGCGATTTCCGACCGGATTGGCCGTCGCGCCGTATTAATGGGCATTACGTTGCTGGCGCTGATCACCACCTGGCCCGTCATGCA
NZ_CP110931.1_gap66	3167125	3171287	4162	ATACGCCGGAGCTGGTCAGTTTCCTGCATCTGCCGGTACAGAGCGGTTCCGATCGCGTGTTGAATCTGATGGGGCGCACCCACACTGCGCTGGAATATAAAGCAATCATCCGTAAACTGCGCGCGGCGCGGCCGGACATTCAGATAAGCTCTGACTTTATCGTCGGATTCCCTGGCGAAACTACCGATGATTTCGAAAAAACCATGAAGCTTATCGCTGACGTCAACTTTGATATGAGCTACAGCTTTATCTTCTCTGCGCGTCCGGGAACGCCGGCTGCCGATATGGTTGATGACGTACCGGAAGAAGAGAAGAAGCAGCGTCTGTATATTCTGCAAGAGCGTATCAATCAGCAGGCGATGGCATGGAGCCGCCGTATGCTCGGCACGACACAGCGCATTCTGGTGGAAGGCACGTCACGTAAAAACATTATGGAACTGTCTGGCCGTACCGAAAACAATCGGGTGGTGAACTTTGAAGGCACGCCGGAGATGATTGGTAAGTTTGTCGATGTGGAAATTACTGACGTCTATCCGAACTCCCTGCGCGGAAAAGTGGTGCGTACCGAAGATGAAATGGGGCTGCGCGTCGCCGAAACGCCGGAGTCCGTCATTGCCCGTACCCGTAAAGAAAATGAGCTGGGCGTAGGATTCTACCAGCCTTAACCCTGCTGAAAAGGCAATAATGCCCGATGGCGCTACGCCTGTCGGGCTTCCTGGTCATGGCCTGTCGCCCGACGGGCCTTGCAATTTTCTCTCTTCATCCCCATCTTCATTGCAATGCTTGCGCCTTTTCCCTATGGCGTGAATAATTTCCTTAGATGCCGGTAAATGTTCAGCGTCCGGCGATACAGACACAAGAGGAACAGTTTGAATATAGACACTCGCGAAATTACCCTTGAGCCCGCAGACAACGCCCGTCTGTTGAGCCTTTGCGGGCCGTTTGATGACAATATTAAACAGCTCGAACGTCGTCTCGGTATTGAAATCAACCGCCGTGACAATCACTTTAAACTGACCGGTCGTCCGATTTGCGTGACCGCGGCGACAGATATTTTGCGAAGTCTGTATGTCGATACCGCACCGATGCGCGGCCAGACTCAGGATATCGAACCGGAACAAATTCATCTGGCGATCAAAGAAGCGCGGGTGCTGGAACAGAGCGCGGAAAGCGTGCCTGACTATGGCAAAGCTATTAATATCAAAACCAAGCGCGGCGTGATTAAACCGCGTACCCCGAACCAGGCGCAGTACATCGCCAATATTCTCGATCATGATATTACCTTTGGCGTCGGCCCGGCGGGTACCGGTAAAACGTATCTTGCGGTCGCCGCTGCGGTAGACGCCCTGGAGCGCCAGGAGATTCGCCGTATTCTACTGACCCGTCCGGCGGTGGAAGCGGGCGAAAAACTCGGCTTTCTGCCAGGCGATTTAAGTCAGAAGGTGGACCCGTACCTGCGTCCGCTGTATGACGCGCTGTTCGAAATGCTCGGCTTTGAAAAAGTCGAGAAGCTGATTGAACGCAATGTGATTGAAGTCGCGCCGCTGGCCTATATGCGCGGACGCACATTAAACGACGCCTTTATCATTCTGGATGAAAGCCAGAACACCACTATCGAACAGATGAAGATGTTCCTGACGCGTATCGGCTTTAACTCGAAAGCGGTGATCACCGGCGACGTGACGCAGATTGACCTGCCACGCAACACCAAATCCGGCTTGCGTCATGCCATTGAAGTGCTGGCGGAAGTCGATGAAATCAGTTTCAACTTCTTCCACAGCGAAGACGTGGTGCGCCATCCGGTCGTTGCCCGCATTGTTAACGCCTATGAAGCCTGGGAAGAGGCCGAACAAAAACGCAAAGCGGCGTTGGCGGCAGAGCGTAAACGTGAAGCCCAGGAGCAGGAACAGAAATGAGCCAGGTGATCCTCGATTTACAGTTGGCCTGTGAAAACCACGCGGGCCTGCCGGATGAAGCTCAGTTTCAACGCTGGCTGGACGGCGTTATTCCGCAGTTTCAGGAAGAGGCGGAAGTCACAATCCGTCTGGTGGATGAGGCCGAAAGCCACGACCTTAATTTGACGTACCGCGGGAAAGATAAACCCACTAATGTTCTCTCCTTCCCGTTTGAAGCGCCCCCCGGCATTGAAATGCCGCTACTGGGCGATCTGATTATTTGCCGTCAGGTCGTGGAGCAGGAAGCGCAAGAACAGAGCAAGCCACTGGAGGCGCACTGGGCGCACATGGTCGTACACGGTAGCCTGCATTTGCTGGGTTACGATCATATCGACGATGACGAAGCGGAAGAGATGGAGTCTCTCGAAACGGAGATTATGCTTGCTATGGGCTATGAGGATCCGTACATTGCCGAGAAGATTGCAGAATAGTAGCTTGCCGGATGGCGGCGCTTGCGCCTTATCCGGCCTACATTCATGCCTTTTGTAGGCCTGATAAGCGTAGCGTCATCAGGCAAAACATGCCGTCACAGCTGAGTATACGCATGACGAGCTTTGTATTAACTAACATGAGAACCCATACGACGCCATGAGCGACGACAATTCACACAGTAGTGACACAGTAAACAGTAAAAAGGGATTTTTTTCCCTGCTACTCAGCCAGCTTTTCCACGGTGAACCTAAAAACCGTGATGAGTTGCTGGCGCTGATCCGTGATTCCGGGCAGAACGAGCTTATCGATGAAGATACGCGCGATATGCTCGAAGGCGTAATGGACATCGCCGACCAGCGCGTTCGCGATATTATGATCCCGCGCTCCCAGATGATTACCCTGAAACGCAACCAGACGCTGGACGAATGTCTCGATGTTATCATCGAGTCCGCCCACTCGCGTTTTCCGGTGATCAGCGAAGATAAAGATCACATTGAAGGGATTCTGATGGCCAAAGATTTGCTGCCGTTTATGCGCAGCGATGCCGAAGCCTTCAGCATGGACAAAGTGTTACGCACCGCGGTTGTCGTACCGGAAAGCAAACGGGTTGACCGTATGCTCAAGGAATTCCGCTCCCAGCGCTACCATATGGCCATCGTTATCGATGAGTTTGGCGGCGTTTCCGGCCTTGTGACTATCGAAGACATCCTCGAACTGATTGTCGGTGAAATTGAAGATGAGTATGACGAAGAAGACGATATCGACTTCCGTCAGCTTAGCCGCCATACCTGGACGATTCGCGCGCTGGCGTCGATTGAAGACTTCAATGACGCTTTCGGCACCCACTTCAGCGATGAAGAAGTCGATACCATCGGCGGGCTGGTGATGCAGGCGTTCGGCCATTTACCGGCCCGCGGCGAAACCATTGACATTGATGGTTACCAGTTCAAAGTGGCGATGGCCGATAGTCGTCGTATTATTCAGGTGCATGTCAGGATCCCGGATGACTCGCCCCAGCCAAAACTGGACGAATAACAGCAATAGTGGACTAAAAATGGCATTTGCCTCGTTAATTGAACGCCAGCGTATTCGCCTGCTGCTGGCGTTATTATTCGGCGCCTGCGGAACACTGGCTTTCTCTCCGTATGACGTCTGGCCCGCAGCGATAATGTCGCTTATCGGGCTGCAGGCCTTAACGTTTAATCGCCGCCCGCTCCAGTCTGCCGCCATCGGCTATTGCTGGGGACTCGGACTTTTCGGTAGCGGGATTAACTGGGTTTATGTCAGTATCGCGCAGTTTGGCGGCATGCCGGGCCCGGTTAACGTTTTTCTGGTGGTGCTGCTTGCAGCTTATCTCTCGCTGTATACCGGACTGTTTGCCGGGATTTTGTCGCGCCTGTGGCCAAAAACCAACTGGCTGCGCGTCGCTATCGCCGCGCCTGCAATATGGCAAATCACCGAATTTTTACGCGGCTGGGTGCTGACCGGCTTCCCCTGGCTGCAATTTGGCTATAGTCAGGTCGACGGCCCGCTAAAAGGCCTGGCGCCGGTAATGGGCGTCGAAGCGATCAACTTCCTGCTGATGATGGTCAGCGGCCTGTTAGCGCTGGCACTGGCGACGCGGAACTGGCGTCCGCTGGCTGTCGCCGTGATTCTGTTTGCTTTGCCCTTTCCGCTACGTTATATCCAGTGGTTTACGCTGGAACCGGCCAAAGCGACCCAGGTATCGCTGGTGCAGGGCGATATTCCGCAGTCGCTGAAGTGGGACGAAAACC
NZ_CP110931.1_gap67	3234724	3235382	658	TGGCAGCCGGGTACCGACTGGGTACGACAACCGCCAGAAGATGCGATTACCGATCCGGCCTTTTTTTCCTTTTATCAACACGGCATGACCTTTGAACAGTTCGTTCGCGATTTTGCCGACTGGTTTTCAGAAAAACGTCCTGCCGCTATGCTGGTCGGTATTCGTTCCGACGAATCCTATAACCGATTTGCCGCTATCGCTAACTCGCATAAGCTGCGCTTTGCCGACGATAAGCCCTGGACCACGTTAGCCCCTAAGGGGCACACCTGGTATATCTATCCCATCTATGACTGGAAAACCGCAGATATCTGGACCTGGTTCGCCAAAACAGGTAAACCATGTAACCCTTTGTATAATTTGATGTATCAGGCTGGAGTACCGCCCCGTTACATGCGTATTTGCGAACCGTTCGGCCCGGAACAACGACAGGGGTTATGGCTGTATCATGTTATCGAACCTGAGCGCTGGGCGGCCATGTGCGCCAGAGTCAGCGGCGCACTCAGCGGAGGAATATACGCCGGACAAGACAGCCATTTTTACGGCCACCGGAAAATTTTAAAACCCGATCACCTTAACTGGGAAGAGTACGCGCTGCTCCTGCTACACAGTATGCCTGAAGTCACTACCGAACATTACCGTAATAAAATCGCCGTTTATT
NZ_CP110931.1_gap68	3271112	3274299	3187	TTCAACGACCTCTATCATCTGCGTCTCGGGCCGTTGATGAGCCGTATTCTGGAGTTGCGTAAACAGCTCGCGGTGAGTATGCAGCGTAAGCAAGAAGCCGAAATAAAACGCCGGGAAAAGGATTATCAATCCTGCCTGCAATTTATTTCCCAGGCCGTGGATCAACTGGCAACGCTAAAACAGCAGTGGACAGGATTGAATGCCGCCTCGCGCGAAGCGGTGGGCATCCGTCAGCGAATCCAGCAGCAGACGGAGTTAATCACCGCGTTGCTGGCGGAAATTCGCGAGCTGGAAGCAGATTTTTCCCATCAGGACGACAGCGCATTCCGCCAGGCGCAGGAAAATGCGGAACAGGACTATCACCAGTACCGGGAGCAGCAGCAGGAAGCGCAATTCCGCTACGCCCGCGATCAACGTTTGTCGGCTGACGAACGCAATGAATTAAAACGTTTGTGGCGTCAGGCCAGCCGCCTGTGTCACCCGGATGTGGTCGCCGATGAATTGAAAGAAAAAGCGCACCAGATGATGGTACAGCTTAATCAGGCGCGGCAGAATGCCGATCTGGCGGCAATTCGCGCGTTATTGACGCAGCTGCAAAGCGGCCTGGAACCGATGATGGCAAGCGACAGGCTAAATAATCTGGAACATCTGCGCCATAAAATACGCCAGCTCCGCACGCAAATCGACGCGCTGTTGAAAGAGATAACGCAACTGGAAACGGAAAACGCCTAGCGGCTCGCCTCTTCCGTTGCGGATAAGGAAGCCTATTTCTCCGAGCAGGAACGGGCGCTAACCGAAATTCGCAATACGCTGGAGGCGCAGGTTCAACAGGTGGAACAGGAACTTCTGTCAGGGTAGTCCATCATTCATCAACACATTGTCGGATGGCGCAAGCGCCACCCGACGAATCGCGGCATAAAGAGGGTAAGAGGGTCGCTACTGTCGCTGTAAAAGTAACGAACGGGCGGAGTCCGCCATGATCATCACCGCACCTGCCAGCATTAACGTATCTTTTAATACCAGCCGCCCGGCGCCCGATAAATACGGAAAACCATAATGCGCATCGCCCAGCGGCATAACCCAGGCCTCCGGCGTGGTGATTAAAAACGACAGCGTGACAAATGGCGTCAGGAATGCCAGCACGCCGCCTGCCAGCCCTAACCAGCGGCTGACAGGGTTAGCCAGTACCAGCGCCGCGATAATCAATTCCACCACGCCCAGACCATCCGAAAACGCATACGTATTATTGGCGGTTTGCCAGGCGCGTTCCTCCGGTTTTAGTTCGCCCTCATGAGTCAGATGCTGACGATATTCTTCCGGATGTTCATAGAAAAAAGACATAAACGGACTGTTCGCTACAAACGGGGTAATACTGTCTGCCTCATAGGGCACAAATTTTAGTAGTCCAATCCAGATAAAAACGATGGCGATACTCAAGCGAATTAATGTTAATCCCAGCCGATCGCCCTGACTTAACAGACGAAGATATTTATCCATCTCAGACTCTCCTTATTTATATAATATCGCAGTGGCGTAACCCGTATTATCAATACGCATGGACGTAATTTTCCATGACGACGCCTGTTTACTTTGCGCCAGTCTGGCAATAGCGTCTTCAAGCATTGACGGCGTTGCTGACACCGCAGAAACGCTGATATATTCAACGTCGGTTAGCGGCTGGGCGGAGACGGAAAACGCCAGCGGCGCAGCCAATAATGAAGCAATAAGTGTGGTAACTTTTAACATCGAGATTTCCAGTCGTGGGTTATTTCAATGGTGTTATAATACGTTACGCCTGACTAAAGCCTTTTCTTTCAGACGCCAGCATATTTGTCCTGGCGTATTTTTATAGCCTGACAGGCAAAAAAAAGCCCTGCTTAACAGGGCTACGTTATTTATGTTTTACTTAATGAGAGAGAAGAGATCGTTTAAAGACTCACTCATTGTAGGATGGGTAAATATCTGGTCGCGTAACACCGTATAAGGTAAATCTGCATCCATAACGGTTTTAACGATATTAATCATTTCATGAGAATCGACGCATAACAATGACACCCCTACAATACGCTGCGTATTCACGTCCACTACCGCTTTTAGTACGCCACGGGTATCGTTCATAACACGGGCGCGAGGGATCGCCGCCACCGGTAATGTCACCACCTGCACCGTTGCGCCGCTTGCCCGCGCTTGTTCTTCTGTCAGCCCGACACGAGAGAGCGGCGGCGTCATAAAGACGGAATACGGGACGTTCTGGCGATCGCGGGTACTGCGTTTGCCATCTCCCAATAACCCGTCGCGTACAATACGAAAATCATCCAGTGAAATATAGGTAAACTGCAACCCACCGGTAACGTCGCCCATCGCCCAGATATTGTCCGCCGTGGTACGCAGGTAATCATCCACGATGATCCCGCCGCGTTCGTTCACCGCCACACCGGCGTTCTGCAACTGTAAGCCAGCCGTCGCCGGTTTTCGCCCCGACGCCACCAGCAGGGCATCCACAAGATGCGCGCCTTCCGGCGTTTCTACTTGTACCGCGCCCTCCTTTGAGGATACGGCCTGTACGTTGGCGTTTAAAATCAGCTCGACGCCCTTTTCCTGTAAAATACGGGTAATTGCCTGCGCGATATCCCGATCTTCACGAGGCAGGAATTGCGGCGCTGCTTCAAAGATAGTGACCTTCGTACCAAAGTTGGCGAACATTGAGGCAAATTCAAGGCCAATATAACCACCGCCTAAAATCCCCAGCCGCGCCGGACGCTGGCTCAGGCTGAGTAGCCCGGTGCTATCGAACCCCCCTGCCGTCGTTGTTAAGCCCGTAATAGCCGGGATCACCGACTCTGCGCCAGTATTAATAAAGATCTTTTCTCCCCGTAACACCCGCTCGCCGTCCGCCTGAAATACCCGTAAGGTATGGTTATCAATAAACTCCGCCCTTCCCTCAATCACATCGACATTGTCCAGGTCGGCAAGATTATGAAAATTTTTGTCGCGTAAAAAATTTACGACCGCCGCTTTACGTTGCATGGCGACAGAAAAATCGCCCTCACGTTCCGCATCATGCACCAGCGTTTTCGTTGGAATACAGCCAATGTTGATGCAGGTTCCGCCGAACATACTGGCGGACTGTTCGATAATCGCCACGCGCCATCCCGTCTTCGCCAGAGTTGCCGCCAACGTTTTTCCT
NZ_CP110931.1_gap69	3329684	3333930	4246	CAGGACGGGTTTGCAATTCGCCGTACATCGGATAAACGCTATCTACCGCCTTCACGCTGGCCAGTTGCGGCGTATCGCCGGCAAACGTCATGGTCGCAAAGGTTAACTGCTCGCCCACGTTAAGGCCGCGTTTACGCGCCTCTTCAAGCCAGGCTTTCGGTACCTCCCGCGAACTTTGCAGCGTCCGATCGCCTGCCATAAACTCGCGGCTTTGCTGACTTAACCCTTTTTCCATCCGGTCGCTGATACTGCCGAGCGCTAGTACGCAGGCCACCGCCAGACTCAACGCCAGCCAGACAATAATCAGCGACGGCGAGCGCCATTCGCGCCAGAACCAGCGAGCTATCATGCCTCCTCCTGTAACTGACCGTTGACCAACCGCAGCCGCCGGTCGCAGCGCGCCGCCAGCGCCGGGTCGTGCGTCACCAGAATCAGCGTGGTGCCGTGCTCGCGGTTAAGCGAAAATAGCAGGTCGGCGATTTTATCTCCGGTCTGACGGTCAAGGTTGCCCGTCGGCTCATCGGCAAACAGCACATCAGGACGCCCGTTAAACGCGCGCGCCAGCGCTACGCGCTGCTGTTCGCCGCCGGAAAGCTGTGCCGGAAGGTGGTCAAGCCGTTTTCCCAGTCCCAGTTGTTCGAGCAGCGCTTTCGCCCCCGCCTTACTCTGACCGCTGTTTTCACCGCGTAGCAGGGCCGGTAGCTCAACGTTTTCCAGCGCGTTAAGCGTAGGAATAAGCATGAAGGATTGAAAAACAAAACCGACATGCTGAGCGCGAAGCTGCGCCCGCGCCTCTTCGTCCATCTGGTGAAGCGGTTTCCCGACCAGACTGACCTCTCCGCTACTGCCGTCATCCAGTCCGGCGAGAATCGCCAGCAGCGTAGATTTTCCCGATCCTGATTCGCCAATCAGCGCAATGGTTTCGCCGCGTTTGACAACCAGTTCAACTCCGGTAAGGATGGAAAGCTCATGCTCACCCTGACCGACGGACTTCCTGAGACGATGAACTTCAACACTGTTTTCCGCTGGCATTTGCCCTTCCTGTTTTTGATCCTGTTAACTTTCCGTGCCGCCGCCGCAGACACCTTATTAATTCTGGGCGATAGCCTCAGCGCCGGTTACCGTATGGCCGCCAGCGCGGCATGGCCGTCGCTCCTTAATGATAAATGGCAAAACAAAACGTCGGTCGTTAATGCCAGTATAAGCGGAGATACCTCGCAGCAGGGACTGGCGCGTTTGCCGGCGCTGTTGCAACAGCATCACCCGCGCTGGGTAGTGGTGGAACTTGGCGGCAACGATGGCCTACGCGGTTTTGCGCCTGCGCAAACCGAACAGACGCTACGTAAAATCATTCAGACGGTGAAAGCCGCCGATGCCCAACCGTTACTGATGCAAATTCATCTGCCCGCTAACTACGGTCGCCGTTATAATGAATCCTTTAGCGCCATTTATCCTAAGCTCGCCAAAGAGTTCGATATTCCTCTGTTACCGTTTTTTATGGAGGAGGTATATCTGAAACCGCAGTGGATGCAGGATGACGGCATTCATCCCAACCGCGACGCCCAGCCGTTTATTGCCGACTGGATGGCGAAGCAGTTGACCCCTTTTCTCTCCTGAATAATTCGAGTTGCATGAAGGCGGCACGTAAGAGAATTTCCAGGAGCATAGATACCTATGTGACTGGAGTAAACGAACGCACAGGCAACTTGAAGTATGACGGATATAGTTAACCACGACTCTTAAATCAACGGAGATCCTGACAGGTAAAGTTATGCAAAAATCGGTCTTAATAACAGGATGTTCCAGCGGAATCGGTCTGGACAGCGCGCTTGAGCTTAAACGCCAGGGCTTTCAAATCCTGGCGGGCTGCCGCAAACCTGATGATGTCGCCCGGATGAACAGTATGGGATTTACCGGCGTGTTGATCGATCTCGACTCCCCTGAAAGCGTGGATCGTGCCGCCGATGAAGTGATCGCCCTGACCGATAATCGTCTGTATGGGATCTTTAACAATGCCGGCTACGGCGTATATGGCCCCCTTTCCACCATCAGCCGTGAGCAGATGGAGCAACAGTTTTCCAGTAATTTCTTCGGTGCGCATCAGCTTACTATGCGCTTACTTCCCGCCATGTTGCCGCATGGCGAAGGACGCATTGTGATGACCTCATCGGTAATGGGGCTGATTTCCACCCCAGGGCGCGGCGCTTACGCCGCCAGCAAATATGCGCTCGAAGCCTGGTCTGACGCGCTACGTATGGAGCTACGGCACACAGGCATTAAAGTGAGCCTGATAGAACCGGGGCCGATTCGTACCCGTTTTACCGATAACGTTAACCAGACGCAGCGTGATAAACCGGTAGAAAATCCCGGCATCGCCGCACGTTTCACCCGCGATCCTGACGCGGTAGTAGCGAAAGTACGTCATGCTTTTGCAAGCGATAAACCCAGGCTGCGCTATCCCGTTACGCTGGTCACCTGGGCGGTGATGGCGCTGAAACGCATATTGCCGGGCCGGATGCTGGATAAAATTTTACAAAGCTGAGTTGAAGCGCGCCCGTCAGCCCCCATGTAAACGTGACACAGACAAAAGAGAGCGACGCCATGTCCGTACAGAACATTGTCAATATTAATGAATCCAACCTGCAGCAGACCTTAGAGCAGTCCATGACCACGCCGGTACTGTTCTATTTCTGGTCTGAACGCAGCCAACACTGTCTGCAATTAACGCCAGTGCTGGAAAGTCTGGCTGCCCAGTACCACGGTCAGTTTATTCTGGCAAAGCTGGACTGCGACGCCGAACAGATGATCGCCGCTCAGTTTGGGCTGCGTGCCATCCCGACAGTCTATCTGTTCCAGAATGGCCAACCGGTCGATGGTTTCCAGGGACCGCAGCCGGAAGAGGCGATCCGCGCTCTGCTGGATAAAGTACTGCCGCGCGAAGAAGAGCTAAAGGCGCAACAAGCGATGCAGTTAATGCAGGAGGGCAACTACATTGACGCGCTGCCGTTGCTCAAAGACGCCTGGCAGCTCTCTTCGCAGAACAGTGAGATTGGCCTGTTACTGGCGGAAGCGCAAATTGCGCTGAACCGCTCTGAAGAGGCCGAAGCGGTGTTAAAAACTATACCGCTACAGGATCAGGATACCCGTTATCAGGGGCTGGTTGCGCAGATCGAACTGCTTAAACAGGCGGCGGATACGCCGGAAATTCAGCAACTTCAGCAGCAAGTCGCGGACAATCCGCAGGATGCGGCTTTGGCAACGCAACTGGCATTGCAGTTGCACCAGGTCGGACGTAATGAAGAAGCACTGGAATTGCTGTTCAGCCATCTGAGAAAAGATCTTACCGCCGCCGAGGGACAGACGCGCAAAACCTTCCAGGAGATCCTTGCCGCGCTCGGCACCGGCGATGCGCTGGCGTCGAAATACCGCCGCCAGTTGTACGCGCTACTGTATTAATCCTCTCTTGCCTGATGGCGAGCTTATCTGGCCTACCTGTCGTCCTCAGGCCGGATAAGGCGCTTGCGCCATCATCCGGCAACTATCATGATTTCTTGAGCGGCATTACTACCAACTGATGACGCGAATTATAGAACTTCCGGTAGGTTAAATAGCAGGCAATGATGGTAGACAGGCTGGCTGTCGACAACAGCATAAACGTTACCATAATTTGATATTTAATCGCTTTTACCGGATCGATCCCGGCAAAAATCAGCCCGGACATCATCCCCGGCAGGCTCACCAGCCCAACGGTCTTTGCCGAGTCGATCGTCGGGATAAGCGATGCGCGGATACTATCGCGGATAAGCCCGGCGGAGGCCATTTTCGGCGTTGCGCCCAAACTTAATTTTTCCTGGATTTGCTGCTGCTCGCTATGAAAACGCAGCCCCAGTTGGTTGTAGCACAGCCCTACCGCTACCATCGCATTACCGGCGACCATGCCAGCGATGGGAATCACCTGCATCGGCGCAAATTCAATCGAACCGGTAAGCACCAGTACCGTCAGCGTTAGCCCGGCGCCGGCGGTGATGGCGATAAACGAGGAGAGAAATGCCTTATCGATATATTTACTGCGCTTTTGCGCATTCCATGCGGCGTTAAAACAGATGAACAGCACCATCAGCAGCGTCAGGGCGGCATGATTAACGCCAAAGATGTATTTCAGTACATAGCCGACAATAATGAGCTGTATCACCGCCCGGCATACGCTCCACAGAATATCTTTTTCCAGCGCCAGCTTTTCCTTGTG
NZ_CP110931.1_gap70	3336910	3340007	3097	CAAAGGCTAAACCGCTGACGGAGTCATCAATCCCGTCGGAAGCACTGGCAGCGGTTCCTCATGAGCTTCCGGTAGCGACGGCCGATGAAGAAAGCCAACAGTTGCTGTTAAGCGGCATGAGCTGCGCCAGTTGTGTCACCCGCGTACAACATGCGCTACAAAGCGTACCGGGCGTCACGCAGGCACGGGTAAACCTGGCGGAACGCACTGCGCTGGTGATGGGCAGCGCGTCCGCCGCTGATTTAGTGCAGGCGGTGGAAAAAGCCGGCTACGGCGCAGAGGCGATTGAAGATGACATCAAACGCCGCGAGCGCCAGCAGGAAACCGCCATCGCCACCATGAAACGTTTTCGCTGGCAGGCCATCGTTGCCCTAGCGGTCGGTATACCGGTCATGGTCTGGGGGATGATCGGCGATAACATGATGGTGACCGGCGACAACCGCAGCCTGTGGCTGGCTATTGGCCTGATCACGCTTGCGGTGATGGTCTTTGCGGGCGGTCACTTTTACCGTAACGCGTGGAAAAGCCTGCTGAACGGCACGGCGACGATGGATACGCTGGTGGCGCTCGGCACCGGGGTCGCCTGGCTCTACTCCATGAGCGTCAACCTGTGGCCGCAGTGGTTCCCGATGGAAGCACGGCACCTCTATTACGAAGCCAGCGCGATGATTATCGGTCTGATTAATCTCGGACACATGCTGGAAGCGCGCGCCCGTCAGCGTTCCTCAAAAGCGCTGGAAAAATTACTCGATCTCACCCCGCCCACCGCACGCGTCGTGACAGAAGACGGCGAAAAAAGCGTCCCGCTGGCGGACGTTCAGCCAGGGATGCTGCTGCGGCTCACTACCGGCGATCGCGTGCCGGTGGATGGCGAAATTACCCAGGGCGAAGCGTGGCTTGATGAAGCCATGCTGACCGGCGAACCCATTCCGCAGCAAAAAGGCGAAGGCGACAGCGTTCATGCCGGCACCGTCGTCCAGGACGGCAGCGTCCTGTTCCGCGCCAGCGCGGTGGGCAGTCATACCACGCTGTCACGCATTATTCGCATGGTACGCCAGGCGCAGAGCAGTAAACCGGAAATTGGCCAACTGGCCGATAAAATCTCCGCGGTATTCGTTCCCGTCGTCGTGGCCATTGCGCTGTTCAGCGCCGCTATCTGGTATTTCTTCGGGCCGGCGCCGCAAATTGTTTATACGCTGGTCATCGCCACCACCGTACTGATTATCGCCTGCCCTTGCGCATTAGGCCTGGCGACGCCAATGTCGATTATTTCCGGCGTAGGCCGCGCGGCCGAATTCAGCGTGCTGGTACGCGACGCCGATGCCCTGCAACGCGCCAGTACGTTGGATACCCTCGTTTTTGATAAAACCGGGACGCTGACGGAAGGCAAGCCGCAAGTGGTGGCGATAAAAACCTTTAACGGCGTTGAGGAAGCTCAGGCATTACGTCTGGCTGCCGCGCTCGAACAAGGCTCCAGCCACCCGCTGGCCCATGCGATTCTGGAAAAAGCCGGCGATGATAAACTGCCGCAGGTGAACGGTTTCAGAACGCTGCGCGGACTGGGCGTCAGCGGTGAAGCGGAAGGTCATCAACTGCTTCTGGGGAACCAGGCGTTGCTGAACGAACAGCACGTCGCCACGGATGACATGACGGCGGAAATCACCGCGCAGGCCTCGCAAGGCTCGACTCCGGTCCTGCTGGCGATTGACGGTAAAGCGGCGGCGTTACTGGCGGTACGCGATCCATTGCGCAGCGATAGTATTGCCGCGCTTGAACGCCTGCACAACGCCGGATACCGTCTGGTAATGCTCACCGGGGATAACCCAACGACGGCTAACGCGATTGCCAAAGAAGCGGGTATTGATGAAGTGATTGCGGGCGTTCTGCCGGATGGCAAAGCCGATGCGATTAAACGTCTGCAAAGCCAGGGTCGTCAGGTTGCGATGGTCGGCGATGGTATCAACGATGCGCCCGCGCTGGCGCAGGCGGACGTCGGTATCGCGATGGGCGGCGGCAGCGATGTGGCGATTGAAACCGCGGCGATTACGCTGATGCGCCATAGTCTGATGGGCGTGGCGGATGCGCTGGCCATTTCGCGCGCGACGTTGCGCAATATGAAGCAAAACCTGCTTGGCGCATTTATCTACAACAGCATTGGTATCCCGGTGGCCGCCGGTATTCTGTGGCCGTTTACCGGTACCTTGTTAAACCCGGTAGTAGCGGGCGCGGCAATGGCGCTGTCTTCCATTACCGTCGTAAGCAATGCCAACCGGCTATTACGCTTTAAACCGAAAGCGTAAAAAGTCTCTATCAGGCAGCATCAGCTGCCTGATATATTATTAAGCCATCAGTAATTTACCGTATCAATATATAAAAATTTAACCGCACATCCTGTAGAAAAATAAAAAACAACATTTTATAATGTTTTTTTGAATCATAAGGATGTGTTATTTATGTTTAGAAAAGCAGTTCCGCTTCTTTTCCTGCTTTCTCCCGCCGTCAGTTATGCAGGGTTATTTGATTCCACTCCAGAGTTAAAATGTGGCAACGATAATGCAGTCACGGCGGCAAAAGAATGGATTTACAATGAAGCATTAGGTCGTTTACAGCAAGACTATATTAAAGAGCCCTCCACGCTTTTCTTCGATATCCCCCAGACTCAATACGAGCAGCAACTCCGGGCTATTCCTGTTCAATTCAGTGATGTAATCACGCAGAACCCTCAACCAGAAAATGCCAACCTACGAACTTGCTCGGCTACCGTCGCCATGAGTATTCCTCAGCCATTGTTTAAATTAATGAAAGACTTACCAAATACTCTATTCTATATTTCACAAGGGGATGGACAGGTAATAAACAATACGGTGACCTGGAAACAGGTTAACTACAATATTCAGCTAGCAGACAACAACAAAGATATTGTTGTCACCCCTGTGCAGAAAATCGATAAATTGGCGCGGTCTATTTATGTAATGGCAAGAATGACGGTATCTGGTGATAGCATTATAAAGAAAAAAATAACTCACTGATTGAAATCGCAGCAAAGAAATTTGAGAGTAGAGATCGCGAGCTTAATCAGGTCTGGAAATCGCTACCC
NZ_CP110931.1_gap71	3352616	3354225	1609	CGATGTGATCGGAATATTTACTGATAATTGAGCGTACGCGCCAGTCATCGAGGAATTCATCTTCGCCTTCACGCAGGTGTAAGGTGATTTCCGTACCACGGTCATTTTTGGTGATATCGGCAACGGTGTATTCGCCTTCGCCTGCCGATTCCCAGAACACGCCATTTTCCGGCTTGTCGCCTGCCGCACGAGTACGTACGGTCACTTTATCGGCCACAATAAACGCGGAGTAGAAGCCTACGCCAAACTGACCAATGAGCTGGCTATCTTTCGCCTGATCGGACCCCATTGATTCGAGGAAAGATTTGGTGCCGGACTTGGCAATGGTGCCTAAGTGGTCAATCACCTCATCACGATTCATCCCCACGCCGTTATCGGCAATGGTCAACGTACGCTTATCTTTATCGAAAGAGACGCGCACACGCAGCTCGCCATCTCCTTCATACAGGTCCGGGTTTGACAGAGCGCGGAAACGCAGCTTGTCCGCCGCATCTGAGGCGTTAGAGATGAGTTCACGCAGGAAGATTTCTTTATTGGAATAAAGAGAATGGATCATCAGGTGCAGAAGTTGTTTAACTTCTGACTGAAAACCACGCGTTTCTTGTCCTTTCATGTGGATAGACCTCAACAATGCCATTTTTAATGGTAAAAATACGTTGAGGGTGAGATGGGGACAAGCAGGTGTGATTTCAAGCGGAGGCCGCGAATGCCGCCTCCGTTTGTTCAGAAAATAATCTTATGGCGTCCCGCCAGCGAGTGGGACAGCGTCGTACCGTCGACCATCTCCAGTTCGCCGCCAACCGGCACGCCGTGGGCGATACGACTGGCTTCGACGCCGGCCTCCGCGCACAGCTCGGCAATATAGTTCGCGGTAGCCTCCCCTTCAACCGTCGGGTTGGTTGCAAGGATCAGCTCACTGATTTTTTCTGACGCCAGCCGCTGTTCCAGACGATCGAGACCGATATCATCCGGCCCGATGCCGTCCAGCGGCGACAGGTGGCCCATCAGCACGAAGTAGCGGCCGGGAAATTGCCCGGTCTGCTCAATGGCGTAGATATCCGCAGGACTCTCCACCACGCAAATCTGGCCGTTTTCCTGACGCCGCGGGTTCGAACAGATATTACAAACATCCTGCTCGGTAAAGGTGCGGCAGTCGGCGCAGTGGCCGATTTCCGACATCGCCCGGGTCAGCGCCTGCGCCAGGCGCATTCCGCCGCTACGATCGCGCTGCAACAGGGTAAACGCCATCCGCTGCGCCGACTTAGGGCCGACGCCCGGGAGGCAGCGCAACGCTTCCATAAGCTGAGTTAACAGCGGACTGGTTTGCATCAGAATGGCATCTTAAAGCCTGGCGGCAGTTGCATACCGGAAGAGACGGAAGCCATCTTCTCTTTTTGCGTCTCTTCAATGCGGCGCGCCGCATCGTTGAAGGCCGCAGCGACCAGATCTTCCAGCATCTCTTTGTCATCTTCCAGCAGGCTTGGGTCAATTTCCACGCGGCGGCAGTTATGCGCGCCGTTGATGGTAACCTTCACCAGACCCGCGCCGGATTCGCCGGTCACTTCCAGCTGCGCAATCTCTTCCTGCATTTTCTGCATTTTTTCCTGCA
NZ_CP110931.1_gap72	3356650	3359255	2605	GGTTTACGTACCGGAACAAAACCAACGCCCAGCCCAAGCGCAACCGGCGCGCCAAACAGGAAGCCACGCGCTTCGGTGCCGACCACTTTGGTGATACCCGCATTTTTATAACGCTCAACCAACAGTTCAATACTGAGCGCGTAGGCTTTCGGGTCTTCCAGTAAGCTGGTGACATCACGGAAAAGAATGCCCGGTTTCGGGTAATCCTGAATGCTTTTGATGCTGTTTTTGAGAAACTCAAGCTGCTGTGCAGTCGCGGTCATGGATATATGCCTGCTAAGTACGGTGTTACTCACGGCGCAATACTTTTCAGTCAGGGGTAACGCTCGGTTACTCTTTGACCGCCTGCGCCTGTGCTCGAAAACGGTCGAATTTACTGGCTGTGAACGACAATTGCAACAGCGATTCGTGTGCTTCAGCGCTTTTGTTGCTTTTCATCAATCACCGGTATCCGCCACATAAAAATCAGCAGGCAGGCCAAAATAACCAACAGCAGCACCCGCACCCACATCATATTCACCAGCCACAGCGAAATACCAAAGGTCAGCAATATCAACGCGATCGCTCGCGGTTTCGCTCCCGGCGGCATGGCCCGATAATGCTGCCAGTGGCGCAGATAACCGCCAAACCATGAGCGGTATAACAACCAGGCATGGAAACGCGGCGACGAGCGGGCGAAACACCAGGCCGCCAGTAAAATGAACGGCGTTGTCGGCAACAGGGGCAAAACCACGCCCAATGTCCCTAATACTACCGCCAGCCAGCCAATGATGATTAAAATAGTACGTTGCATAATGCGAATCGTTATCAAACAGAAGGCTACTGTAGCACAGCCTGTCTTATTTTCATCGGGGTGTTGAATTGAAAACCGCTATGCTGTTACAGACGCTGGAAGAGAGGCTGGCGACGCTACGCCAACGCTGCGCGCCGCTGGCGCAACATGCGACGTTAAGCGCGCGCTTTGACCGACACCTTTTCCGTACCCGCAGTACTCTGTTGCAGGGATATCTGGAAGAGGCTGACGCCAATCTCGCCGCGTTGCGTCAGGCGGTAAAACATGAGCAACTGCCGCAAGTCGCCTGGCTGGCGGAACATCTGGCTTCGCAACTGGAGGCTATATCGCGTGAAACCGCCGCCTGGTCGCTGCGCCAGTGGGACACCGCCGCGCCAGGGCTTGGCCGTTGGCAGCGCAGACGAATACAGCATCAGGAGTTTGAACGTCGACTACTGGCGATGACACAGGAGCGCAAAATTCGTCTGGCGCAGGCGACCGGCCTTGTCGAACAACAAACGCTGCAAAAGGAAGTCGAGATCTATGAAGGACGGCTGGCGCGCTGTCGACATGCGCTGGAGAAAATAGAAAACGTACTGGCGCGTTTAACCCGCTAACCCTGGAGAAAGTATGTCGCTTGAAAATGCCCCTGATGAAATCAAACTGGCCGTGGATTTAATTATGCTGCTTGAAGAGAATCGCTTACCGGCACGAACGGTGCTACGCGCGCTGGAAATAGTTATGCGTGATTATGAAAACAAGTTAAAAAGTACGGAAGACGACTCGCAAACAGAGTAATTGCCCTCTGGTTTGTCCTCGTTGTCGCTGACAAAGTGGTCGATACAGTCAGGCAACAAGGGATGGGTCATGGAACGTCTACCCACCACGCCGCACGATGCGATATTTCGACAAATGCTGATGCAAAAAGAGGTCGCCCGCGACTTTCTGGCTATCCACTTGCCAGAAGCCTTTCTTGCAATCTGCGATCTGGATTCACTGAAGCTGGAGTCAGGGAGTTTTGTTGAAGACAATTTACGCAGCCGCTATTCAGATATTCTCTACTCTCTGCATACCCAACACGGCCCCGGGTATGTTTACGCGCTCATTGAACATCAGAGCAAATCAGACCGGCTGATGGCTTTTCGCCTGATGCGTTACGCCATTGCCGCCATGCAGCGTCATCTGGATGCCGGCCATGATACCTTGCCGCTGGTGGTACCAATCCTCTTTTATCACGGTCCGGAAAGCCCGTGGCCCTATAGCCTTAACTGGCATAATATGTTTGTGAAACCGGATATGGCGAAGGCCTTATACAGCCGCGATTTTGCGCTGGTCGACCTGACGATAATGCCGGATAATCAGCTTTTGCAGCATCGGCGGATAGCGATGTTAGAGCTCCTGCAAAAACATATTCGTCAACGCGATTTAAGCGAACTGCTCGACCCCCTTATCACGCTTTTAACGCAGGATCATTTGACGGACACGCAGCTCAGTGTACTAATCAACTATATGTTGAAAGCAGGAAACGCCGCAGAACCCGGGGCGCTAATTCGTCAACTGGCGCAGGGCGCGCCGCAGTATAAGGAACAACTGATGACAATAGCGGAATGGCTGGAAGAAAAAGGCCGAACGGAAGGGTTGCAAAAAGGCCTTGAGCAAGGGTTAGCACAAGGCCGTGAGGCCGAAGCGCGCGCTATTGCCCGCAAAATGCTTGCCAACGGGCTGGAACCCGGGCTCATCGCCAGCGTCACCGGCATTACGCCGGAAGAGCTTTCTACGCTTTCGCATTAGCGGCGCCGCGCGCACTCATAAAGCGCGCGGCCCACCGCCTTT
NZ_CP110931.1_gap73	3364197	3366172	1975	TCCTGCGCCTGAAGCAGGAGCTGGCAAATGGTTCGCTGAAACAGGAAAACGGCAAAGCGAAGGTCGACCTGGTGACCAGCGACGGTATCAAATTCCCGCAGTCCGGTACGCTTGAGTTCTCCGACGTGACCGTTGACCAAACCACCGGGTCTATTACTTTGCGCGCCATCTTCCCTAACCCGGATCACACCTTATTGCCAGGAATGTTCGTTCGCGCACGTCTGCAGGAAGGGACAAAACCGACGGCATTACTGGTTCCACAACAGGGCGTTACCCGTACTCCACGCGGCGATGCCACGGTGCTGGTGGTTGGCGCTGATAACAAAGTGGAAACCCGCCAAATCGTCGCAAGCCAGGCGATCGGCGATAAGTGGCTGGTGACTGACGGGTTGAAAGCGGGCGACCGCGTAGTCGTCAGCGGGCTGCAAAAAGTACGTCCTGGCGCACAGGTTAAAGTGCAGGAAATTACCGCGGATAACAAACAGCAAGCCGCAAGCGGTGATCAACCTGCTCAGCCCAGGTCTTAACTTAAACAGGAGCCGTTAAGACATGCCTAATTTCTTTATCGATCGCCCTATATTTGCGTGGGTGATCGCCATCATCATCATGTTGGCAGGGGGGCTCGCGATCCTCAAATTGCCGGTAGCGCAATATCCGACGATTGCGCCACCAGCAGTGACGATCTCCGCAACCTACCCTGGCGCTGATGCGAAAACGGTACAGGATACCGTCACGCAGGTTATCGAACAGAATATGAACGGTATCGATAACCTGATGTATATGTCCTCCAACAGTGACTCCACGGGGACCGTGCAGATCACGCTGACCTTTGAATCCGGCACCGATGCGGACATCGCGCAGGTTCAGGTTCAGAACAAGTTGCAACTGGCAATGCCGTTACTTCCCCAGGAAGTACAGCAACAGGGCGTGAGCGTTGAGAAGTCCTCAAGTAGCTTCCTGATGGTAGTGGGCGTCATTAACACCGACGGCACCATGACCCAGGAGGATATTTCGGATTACGTTGCCGCCAATATGAAAGATCCGATCAGCCGTACCTCTGGGGTGGGCGACGTCCAGCTGTTTGGTTCGCAGTATGCGATGCGTATCTGGATGAATCCGACAGAGCTGACCAAATACCAACTGACGCCGGTCGACGTGATTAACGCGATCAAAGCGCAGAACGCCCAAGTCGCGGCAGGTCAGCTCGGTGGTACGCCGCCGGTAAAAGGCCAGCAGCTTAACGCATCGATTATTGCCCAAACGCGTCTGACCTCAACGGATGAGTTTGGCAAAATCCTGCTGAAGGTGAATCAGGATGGCTCTCAGGTTCGTCTGCGGGATGTAGCGAAAATTGAGCTTGGCGGCGAGAACTACGACGTCATCGCGAAATTTAACGGTCAGCCAGCGTCAGGTCTTGGCATCAAACTGGCTACCGGCGCCAACGCGCTGGATACCGCTACCGCTATTCGCGCCGAACTGAAAAAAATGGAACCGTTCTTCCCGCCAGGGATGAAAATCGTCTACCCGTATGACACCACGCCGTTCGTGAAGATCTCTATTCATGAAGTGGTAAAAACGCTGGTCGAAGCGATTATCCTCGTGTTCCTGGTGATGTACCTGTTCCTGCAGAACTTCCGCGCGACGTTGATTCCGACTATTGCGGTTCCGGTGGTGTTGTTGGGAACCTTTGCCGTGCTTGCGGCATTCGGTTTCTCGATAAACACGCTGACGATGTTCGGGATGGTGCTCGCCATCGGCTTGCTGGTGGATGACGCCATCGTGGTGGTCGAGAACGTCGAACGTGTTATGACGGAAGAAGGCCTTCCGCCGAAGGAAGCGACGCGCAAATCCATGGGCCAGATTCAGGGCGCATTGGTGGGTATCGCGATGGTACTGTCGGCGGTATTTATTCCGATGGCCTTCTTTGGCGGCTCAACCGGGGCAATTTATCGTCAGTTCTCTATCACCATCGTAT
NZ_CP110931.1_gap74	3367831	3368758	927	TACGCCGCCGCTTTAGCCGTAAAAGCGAAGATATTGAGCATAGTCATTCGACAGAACATCGCTGATTTGCTCACTGTTGATAAGGCCGCGCAAGCGGCCTTTTTTACGCAAAAATCATAAAATACGCTTATTGTTAGATTGATTATTTTTTGCCATATTAATAAAAGGTATAATCCTTACTGCGTTAAAGGCTTTTCTTAGGAAAGTTGGCCATTTCTTAATTCAGCCATTAATTAAGAAATATTAAGAATATTCCTGGCTATTTTCTCCTGTCAGAGTCTATTGTTTTAGCCTGAAAAGCTAAAAAACGTTAACCCAATGATTACACAAACAATAAAACTGGTTCCTTTTTAGGCGACCGACGATCACTGTTAAAATTCGAAAAAGTATGGCAACACGCGGCTTTCACGCAATTGTAATTTTTCGTAATATGACGATGAAAAGTTTTTTAGAGTAGATTATAGTTAAATCATAAGGTGACGTGGGAAGTACCAGGTTAGTTAGTTGTATCCATCCCGAAGGTGTTCGGTTAGTTTAAGCCACTAAAAAGGGGATGCATTATGGACGAATACTCACCCAAAAGACATGATATAGCACAGCTTAAATTTCTTTGCGAAACCCTGTATCATGACTGTCTTGCAAACCTTGAAGAAAGCAACCATGGCTGGGTTAATGACCCGACCTCAGCAGTCAACCTGCAGCTCAATGAGCTGATAGAGCATATTGCAACTTTCGCGCTTAATTATAAAATTAAGTACAATGAAGACAATAAATTGATTGCGCAGATAGATGAATACCTGGACGACACCTTTATGTTGTTCAGCAGCTATGGTATTAATACGCAGGATTTGCAAAAATGGCGTAAATCGGGCAACCGCCTGTTCCGTTGTTTCGTCAACGCCACCAGGGCCAATCCTGTTAGTTTGT
NZ_CP110931.1_gap75	3480226	3482255	2029	GCGCTACGCATTGCGATCTGGATCGGGAGATAATGCAAGGACGTTTTCGCCCCGATCTCTTTTATCGCCTGAGTATTCTGCGTCTGACGCTTCCTCCTTTGCGCGAGCGGCAGGCTGATATTTTGCCGCTCGCGGAAAGCTTTTTAAAACAGTCGCTGGCAGCGATGGAAATTCCGTTTACCGAATCGATACGTCATGGATTGACACAGTGTCAGCCGCTTTTGCTGGCCTGGCGCTGGCCCGGTAATATTCGCGAACTGCGTAATATGATGGAGCGCCTGGCGCTTTTTTTAAGCGTCGATCCCGCGCCAACGCTGGACAGGCAATTTATGCGGCAGTTATTACCTGAGCTTATGGTGAACACAGCAGAGCTGACGCCTTCAACCGTGGATGCGAACGCGTTACAGGATGTACTGGCGCGCTTTAAGGGCGATAAGAGCGCCGCGGCGCGTTATCTGGGGATTAGCCGCACCACTCTGTGGCGTCGTTTAAAAGCTGGTGCCAAAGACCAGTCGGATAATTAAGACAAATGACCGCGTCCTGAATGCCTGATGGCGCTACGTTTACTGCAGGCCGTCATCCGGCAAAACGGATGCCGGTTGCCAAGAATAAATATACCCGCCGGAAACCCAGGCGGGTATTTTTATGATGCAACGCTTTTATTTCTTTTTATAAATATCAGCCGTACCATGAATTTTATTTTCTGTCTGCCCGGACGTCAGCACCACCACATCCGCCCCTTTTTCATCCGCCTTTTTGATTAAATCTTCTCTGGCGTCCAGCGGCGACATTTCCCCGGTGGTGGAAATCGTGCCAATTTTCGTGTATTCGGAGGCGACTTTATCAAAGTCCGTTTTTTTCATGATTTCTGCGGCATAAACGTTTGTCACGACAAACGCTAATGCGCCAAGCATAACCTTGTAGCCAGTTTTCATAGCAAAACCCTCGTTTTATTATTACGCCATCATCGCTTTATCAGAACAAAAAGGCCGTTCGGACTGATTAAATAAGTAGTGTAGATTGCTGGAAAAATCCAGTCAGCCCCCGCTCAGTCGGCGTAACAACGCGGATTAAAACGCCCCTGCTTTGTGATCTCACTCGCAATCATCTGGTTTGACTATTAATAAGATGAACGTTATTTCTTGAGGCTATGGGAAGAGTTGTCTATGGAGCCGTTTCATGCCGTTGTGCTTACCGTCAGTCTGTTTGTGTTAACCTTTTTTAATCCCGGCGCGAATCTGTTTGTGGTGGTGCAAACCAGCCTCGCATCAGGACGCCGGGCGGGAGTCATCACCGGCCTGGGCGTCGCCACGGGAGACGCCTTTTATTCCGGGCTGGGGCTTTTCGGTCTGGCGACGCTCATTACGCAATGCGAAGCGGTATTTTCTCTTATCAAAATTGTCGGCGGCGCCTATTTATTATGGTTCGCCTGGAACAGTATTCGTCACCAGGCGACGCCGCAAATGAGCACGCTCCAGACGCCAATTGCCGCCCCGTGGACAATTTTCTTTCGCCGGGGATTAATGACCGATTTATCCAATCCGCAAACCGTACTGTTTTTTATCAGTATTTTTTCCGTAACGCTTAGCGCAGAAACACCCACATGGGCAAGATTAATGGCCTGGGCCGGAATTGTGCTGTCATCCGTTATCTGGCGTATTTTTCTCAGCCAGGCCTTTTCGCTTCCCGCAGTCCGCCGCGCTTATGGGCGTATACAGCGCATTGCCAGCCGTGTTATCGGCGCCATTATCGGGATGTTTGCGCTCAGACTTCTCTATGAAGGCGTGACGCACCGCTAATGTTTGCCCGGTAGCCTTTGCTACCGGACGATAAGCGTTATCAAAACGCCCATGACACGCTGCCTACAATGCTACGCTCGGCGCCAAAATAACAATAAGAGAGCGAATTACAGGCAGCGACATAGCGTTTGTCCGTCAGGTATTTACGTTGAGCTGGGCGCTCAAGCCATTTAACCCAATGCTGGATAAATCATACCCAACTACCATGTCGACCAGTGTATAGGACGGCA
NZ_CP110931.1_gap76	3483505	3484249	744	TTCAAGGGGGTAAACTGCGAATCGGCGTAACGTGTCATACCGCTAAGACGCGCCGCCACACGTTCATTGTCATCCAGTGGGCCGGTCACATCAAAAGCCGCCCCGCGCTGGTTGTGATTGCCGGCAAACAGCTTCACTTCTCCCCCGGCATCAAACGCCGGTTTTCGCGACGTCAGCGCGACAATGCCGCCTGGCGATGAACGTCCATACAGAACGGACGCCGGGCCGCGTACCACCTCGATATCTTCCAGAAACCAGGGGTCAACCACCAACGAACTGTGCGAATTGGTGTCGCCCATCATTTTTAACCCGTCGAGATAGACGTTATCCAGACTACCGTCCGAAAAACCACGCAATACGATGTAATCAAAGCGGTTAGAGGCGCCTATCTGGTTACTGTATACGCCAGGGGTGTAGCTTACCGCCTGACGCACGCTGGTTGCGCCCTGCTCTTCAAACTGCTGGCGGGTAATAATGGATACCGACTGCGGCGTTTCAATATCTGGCGTCGCCAGCTTGGTCGCGCCACTCTGAACGGGCGAGGTGACAATGACGGTATCATTTTTTGTGGTTTCCTGGGCAGAAAGAGGAAAAGTCGCGCCGCCGATAGCTCCGCCTATCAATAGCGCCATACGCGTTGTCGCAAACATGAACATCTCCAAAGGCATCTTTATTGTAAATAAGAATTATTACCTTTTAGAGATAACGGACTACTATGCGTAACGCCAGATTGCCTATGCGCAA
NZ_CP110931.1_gap77	3491247	3493080	1833	AAAGTTCCGCGCGCCTTCTTTAATGGCTGGCGTCGGCACCACCAGCACAAATTTGAAGAGGCCATACTTCTGATGCAATTCATACATCAACCGGGTATAGACATAGGTTTTACCCGTCCCGGTCTCCATTTTAACGTCAATATTGGCCTTATCGTCGTAACGTTCCTTAATCAGCGGATTAGCATAGTGACTATGATCGGCTTGCGCGTGATCGATACCGGTGAAACTCGCCAGAATCGCCGCTAACGCCTGTTCCTGATGGGGAAGTTCTTCCAGTAAAATATTCATCATCATCCCCTCTTAATAACGCTTCACCAGGTTCACTTTTTGATCAAGCTGTTTTAAGCCGATTTCCAGTTCACGAATGGATTCAAGGTCGAAAGAGTAGCCGTAAATGACAATGGTCTGAACCGGAAGCTGGTGCGTACCAATGTGGTTGAGAAGATCGCGGGTCTGCTCTGTTCCCCATCGTTCATCAATCAGATACAGGCGCGTATTATCAACATACCTGGCGCAATAGCCGGAGAAATCAATGGTCTGTACGTCAATATCCATTTTATAACCATCGGCGACCAGCCATGTCGTTAATAAGGTCTCTTCGCCGCTTGCGCCGCCCGGCACGCCCAATCCTCTGGCGGAAAAAGGATTGATCATGTCGGTAAATCCTGACTCGGTGAAAGCGGCCAGTTGACCGCTGGTATTGATAAAATGGCCGGTAGCAATATCGAAGCTATCCAGATCGTCCAGCGTCTGCTGTGTCGGAGTGGCAAAACGATAATGTTTAAAACCGAGATCGCTATTGGTCGCGGGATTGTTGGCGCGGATCTTCGCCGCAACGCGTGTAATTCGCTCGCGGCTGATTTCATCAATAGTGTTATAACCTGCTTTTTTCGCGATAGTGTTATTGCTTAATGCCTGATCGATAGTACACAGAATAAACGTGCGCTGCCCCCCATCTTCTTCATTCAGCGCCATTACCGCATGGGCCGTAGTGCCGGAACCGGCAAAAAAGTCCAGGACGACGCCGTCTTTATCGATAGCGAGCTTGATGATTTTCTTCAATAATGCGGTCGGTTTCGGCGTATCAAAAACGTTGTCGCCGAAGAGATCCAGAATCTCCTTTTTCCCCTCTTTATTCGACGCTACGTTATCCCAGTAATTGGTCGTTGGCTGCCCCTTACTGTGATGCGCGTACATGACTCGCTGGGGAATACCGCCGTTATCTTTGCCAAAATAGACCAGATTATCGGCCACCAGTTTTTGGTAACTGGCTTCAGGATAAGCCCATAGTCTTTCGTGTACCGTACCGTTCGGCGTGGTAATTTTATAGGTATAGCCGCCGCCGCTCAGCCCTTTTGACACCGTTAACGGCACCGGTCGCCATTTCCCTTCTGGAAACTGTTCGGTCGGTTCTTTATAGGATTTCTGAATATACTCTTTAGAAAGCGGTTCTAAACGTAAAGCGCCCTGACCGGTTTTGGCGTAAACAAGAATGTATTCCCCCTGGATGGAAACGTTATCAGAGTCGTTAGAAATCTCTTTTTTGCGCTTCCACATCACATTGGTGACAAATCCGCCTTCGCCAAAAATCTCATCCATCATTAATTTAAGATTGGCGTACTCATTATCGTCGATAGAGATAAAAATAAATCCGGTATCTTTCAGGAGCTTCCTGGCCAGGAAAAGACGCGGATACATGAAAGATAACCACGCGGAGTGCGTCGATTTACCCTGAATGGATTTTAAACGTGCTAGTTCGGTATCATTAAGACCAAACATATCCTGCAACGCCCGATCGCTATATTCAAAATGATCGGGATAGACAAACCCGTC
NZ_CP110931.1_gap78	3498253	3501580	3327	TGACGATTTTCTGATTGACTCATGACGACTTCCCCATCCTGACTATTCGGTATCAGAAAGCCTAAAGCTTGCCATTGTGGGAAGGTCAAGCGTATTCAGGCTGCACGGTTCGGCGAGAATGTGAGATGGCTCATAAAAGAGGATGATGCGAGACATTTACGCCACGATGCCGACCCACGCCCCGAAAAAACCCGTCAGGAGCGCTTGACCTTTCCTTCGTTGTAACGCCTAGCCTTTGCCAAAAATTCTGCGGCAGCGTTGCGGAATGGCCGACACGCTGCGGTAAAGAGGGAAACGACATGCGTAGAACATTCAAAATTATGTTGATAGCCGGCGTCATCGCCGCCAGCGGGGGCGTGATTTACATGGCCGGCGAAGCACTATGGGATAAAGACAACGCCGTCGGACCACCGGCCAGCGCGCCGCCTCCACCGTCGGTACCGGTTGCTAAAGCCCTTAGCCGTACACTCGCGCCTACGGCGGAATTCACCGGTTTTCTGGCCGCGCCGGAGACCGTGGAGCTGCGTTCGCGCGTGGGAGGAACCCTTGACGCCGTCAGCGTTCCGGAAGGACGTCTGGTAAGCCGCGGACAACTGCTGTTCCAGATCGATCCGCGCCCGTTCGAGGTCGCCCTCGACACCGCCGTCGCGCAATTACGTCAGGCTGAAGTACTGGCCCGCCAGGCGCAGGCGGATTTCGATCGCATTCAACGACTGGTCGCCAGCGGCGCCGTATCACGTAAAAACGCTGACGATGTCACCGCCACGCGTAATGCGCGACAGGCGCAGATGCAATCGGCCAAAGCCGCCGTCGCCGCAGCGCGCCTTGAACTCTCCTGGACCCGTATTACCGCGCCCATTGCCGGACGCGTTGACCGCATACTGGTGACCCGGGGCAATCTGGTCAGCGGCGGCGTAGCGGGTAACGCCACGCTTCTGACGACTATCGTGTCTCACAATCCCATGTATGTGTATTTCGATATTGACGAAGCCACCTGGCTGAAGGCGTTACGGCATACCCGCTCCGACAAAAATCCACCGGTAGTCAACATGGGGTTAACCACCGATAACGGGCTGCCTTATCAGGGCGTACTCGACTTTATGGGCAATCAGATGAACCGCAGCACCGGCACTATCCGGGCGCGCGCCGTGATTCCTGACCCCAACGGAATGCTTTCTCCCGGCCTGTTTGCCCGAATCAGTTTGCCCATCGGCGAGCCGCGGGAAACCGTGCTGATTGACGATCTGGCGGTGAGCGCCGATCAGGGCAAAAACTATGTGCTGATCGTCGGCAAGGAGAATCAGGTGGAGTATCGTCCGGTTGAGTTGGGACAAATGGTCGATGGACTCCGCGTCGTTACACAGGGAGTACAGCCGGGAGAAAAAATCATCCTCAAGGGGCTGGTGCGTCCTGGCATGACCGTTGCGCCGCGTCTGGTGCCGATGCGGCAGAATGTGACCGACAAACAGACCGCGACATTGACTAAAGCGGACGGCGACAGTGCGCCGAAGGCGGTGCGCCAATGAAATTCACCCACTTTTTCATTGCACGCCCCATCTTCGCCATCGTCCTGTCGCTGTTAATGCTGCTGGCTGGCGCTATCGCCTTTTTAAAACTGCCGCTGAGTGAATATCCGGCCGTTACGCCGCCCACGGTACAGGTTAGCGCCAGCTATCCCGGCGCTAACCCGCAAGTGATTGCCGATACGGTAGCCGCGCCGCTGGAACAGGTGATCAACGGCGTTGACGGCATGTTGTATATGAATACCCAGATGGCCATTGATGGTCGCATGGTTATCTCTATCGCCTTCGAACAGGGAACCGATCCTGATATGGCGCAAATTCAGGTGCAAAACCGGGTATCCCGCGCGCTGCCTCGCCTGCCCGAAGAAGTCCAGCGAATTGGCGTTGTAACGGAGAAAACGTCACCCGATATGTTGATGGTGGTCCATCTTGTCTCGCCGCAAAAACGCTATGACTCGCTTTACCTGTCTAACTTCGCCATCCGGCAGGTTCGCGACGAGCTGGCCCGTTTACCCGGCGTCGGCGATGTTCTCGTCTGGGGCGCGGGCGAGTACGCCATGCGCGTCTGGCTGGACCCGGCGAAAATCGCCAACCGCGGTCTTACCGCCAGTGATATCGTTACGGCGTTGCGGGAACAAAACGTACAGGTCGCCGCCGGTTCCGTCGGGCAACAGCCGGAGGCCTCCGCCGCTTTTCAGATGACGGTAAACACGCTGGGCCGCCTGACCAGCGAAGAATAGTTCGGCGAGATTGTGGTAAAAATCGGCGCTGACGGCGAGGTGACGCGTCTGCGTGATGTCGCCCGCGTCACGCTGGGCGCAGATGCCTATACGCTGCGCAGTTTACTGAATGGCGAAGCGGCGCCAGCGTTACAGATTATTCAAAGTCCGGGCGCCAATGCGATTGACGTTTCTAACGCGATTCGCGGCAAAATGGATGAGTTGCAGCAAAACTTCCCGCAGGATATCGAATACCGGATTGCCTATGATCCTACGGTCTTCGTGCGCGCATCGCTACAATCGGTGGCGATTACGTTGCTGGAAGCCCTCGTGCTGGTCGTCCTTGTCGTGGTGCTGTTCCTGCAAACCTGGCGGGCGTCCATTATTCCTCTGGTGGCGGTTCCCGTTTCGCTGGTCGGCACCTTTGCCTTGATGCACCTGTTTGGCTTTTCGCTGAATACGCTTTCGCTGTTTGGTTTGGTCCTGTCGATAGGTATCGTTGTCGATGACGCCATCGTTGTGGTCGAAAACGTGGAACGGCATATCTCGCAGGGCAAAAGCCCCGGAGAGGCGGCAAAGAAGGCGATGGATGAAGTCACTGGTCCCATTCTTTCTATTACCTCGGTGCTGACGGCGGTCTTTATCCCTTCCGCATTCCTGGAGGGCCTGCAGGGTGAGTTTTATCGTCAGTTCGCGTTGACCATCGCTATTTCGACCATCCTTTCGGCCATTAACTCGCTGACGCTCTCCCCTGCGCTGGCTGCCATTTTGCTAAGACCGCACCACGATACTGCGAAGGCTGACTGGCTAACGCGGTTGATGGGCACGGTCACTGGCGGTTTTTTCCATCGCTTTAACCGTTTCTTCGACAGCGCGTCGAACCGCTATGTTAGCGCCGTCCGTCGGGCCGTGCGCGGCAGCGTCATTGTGATGGTGCTCTATGCTGGCTTTGTGGGGCTAACCTGGCTTGGCTTCCATCAGGTGCCGAACGGGTTTGTGCCTGCGCAGGATAAATACTATCTCGTCGGCATCGCCCAGCTCCCAAGCGGCGCATCGTTGGATCGCACAGAGGCGGTCGTGAAACA
NZ_CP110931.1_gap79	3544062	3548706	4644	GTTGATTGACGGTATCGAAAGCGACCTGAGAGTTTGCTGCCTGCGTATCCACACCAAGACTAGCCACTTCTTTCACTGCGTTGGTGGCAGCTTCAAGCATGTAAGCGTTGGCTTGCGGCACTTCAGGGTTTTCCATGTAGGAGATTGGACCAATCGGCAGGTCGTTACCGTTTTCATCAGTCCTGTTCTGGAGATAGTACGGATAGTCATCATTTCCACCGTACATGTATTCGTAGCCTTCGATTTGCTCAGGGAAGAAGGTCGGTTTCTTCTTCGGTGAACGAGCAACAATATCGGCGTTGAACGACATGATCATGTTACGAAGGCGTTGACCGTCTTTCGTCAGCCTTACCACTCCTTCGTAGCACTCCTTGTCACCAGCGAATGACCATTCGCCATACACTGGAACGATTGGAATATGCTCTCCGGCTATCTTCTCGCGGTCTTTCAGTATCTGCGTGCAGGTGATGATCGACTTATACACACGCCGACGCTTCACCTTACGCTCTGCTACCTTAATGAATCCACGATTAGCCAGGTCGTCGATGACGTCTTTGATATCCTGCTGGTAATAGCTGACCGGCTCACCTGTCAGCGGGTCGCGGTAGATGAAGACCCTCTCCTTCTTCTCTTCTACCTCGTAATACTCAGCGACGTAGACGACATCATTCGACACCCACGGGAATAGCCATGTATCGTTAGGATTCTGGAAAGATGGCAAGGTGTCCGGATCAATACCGTAATCCTCTGCGAACTCTTTCCAGCCATTGCGTGACAAAGCGTTAATCACCGTGCAGTGCTTAGCGTCGCTCTTATCCATCTGCTTGCTGTTGGCGTCCCATATGACGTGTGAGCAGGCTTCATGGATTGGCAGGCGTCTGATTACCTGATTGTTGCTTGTTGGATCGTTGTCTTCGTACTGTGTGACCAGACGCCATGCACCAACGCCGGACTCTATCTGCTCACGAACGCCAACGTTAACGGCAATTTTTGCCGTGTTATGGCGCATATCGGTACGATACATTCCCATCAACACATCGGCAGCATCAGGATTAGCGCCGTCTTTTGGTCGGAAGAGAACGTCGATAGGGTTCCGGCGCATCTCTGCGACCAGTTTCCTGACCACCGGGCGAACAACATCGAATTGTCCGCGATATTGCAGGGTGGTGTAGTTTGATAGCCAGTCATCCCATTGCGACACTCGGCTAAAATACAGGTCATTTGTCGCCTCGGTTCTGGCTTCATCGCTCGCCATCCAGTCCGCGTCAAACTTGCACAGAATGGAATTGAGTCTGTTTTCGTCGGCCATTTAAGTTCTCCGTGCGATGGGCCTGATTGGGGCTGGTATCTTTTTCTCTTTTGGTTTTTTGATGTCGCGCATCATTTTGGCGAAGCGGCGCATCATGTATGCATAGCGAACGGCGGAGAGCACGTCGTCGTTAAGCTTGACGATTTTCCCGTTTTCATCACGGTGATAGAGGCGAAACTCCTCAAAGAATGGCTCACAGGTGTTGAATACTTTGAAGCGACCATCAAGCATCATGTCGCGCAATTCAGTGATGCCAGGCTCAACAGCATTACCGCCATCAGGCCATGTCGCATGCTCCTGCAACATCATAAAACCAGCTTCCGCGTACTGCCCTTTAAGCTGCTCACCGCCACCCTTCTCGTGCTGGTTTCCGTCATGAGGCCATGCAGTTGGCACTTTATGCGCCCATGATTTAACGGCTCCCCACGCCTGAACGGCTGTTTTTTCTTTCGCCTTCCACACGCGTGAAACGTAGATTGTGTCTGCGTCCTTATCCCACCAAAGCTGAACCTGCGCCTGCGGGTGATCCCATCCGAAATCCATCCCGCCAATTACGTAGAAGTGATCAGGACACTCGAACGGCTGACACTTAATCGTCTCTTCCGGTATCTGGAATATTCGACCGCTACCCATCGTAGGAATACCGCGAGCACGCGCCTCTCTCTCATGCTCAGGATAGGATGCGATGATTTGCTCTTTCTGCTCGTCGGTGTAGTGCTCAGCGTCATAGATGGTCATGTTGACCACTTTCTGCGACTTACTGGGATTCTTCAGGAACTTGGTAACAACGTCAGACATCCCCATCAGCGGGGTAAACGTCAGAATTGAGAATTGCCCGTATTTGTTTGTACGGGTAAGACCTTCGCCATAGATGCTATATGGCGGCTCTTCGTCAAACCAGACGCCGTGAATTGTGTCGCCCTGCCAGCGGGCGCGGCCCTGTGAGTAAGGCTTAAAGTAGCATATTGAGATGCCATCTTCGACGCCTTCTGGCGTGTGGTGCTTAACAAGAAGGTGATCAACAAGATTAGGGAAGAACGGAGACTTCTTCCAGCTAATGATGTCCTCTTTCGGGATTGACCCATAGCCAGGTTCATCATTCTCTTCGATACGCCCGCACAGGATGCGTTGAGTCGTTTTGGTTACAGTCTCGTTTGTTTCACCGCCAATCCAGAAGACAACTGGCTCATAGAAACGCTTACCTTTCCACTCTCCGCCATATTTACCATCAGCCGGATAACCTTTCGTTCCCGGGTATCGCCCGGTAAGGTGAAACGCGACTTCAGCAGCGCCAGTAAATGACTTACCAAGCTGGTTACCAGCCATAAAACATCGCTCTGGATAGTCATGACCTGCGTCGATGAACTCACGCTGTTTGCTGTATGGCGTAAACTCATATAGCAAGTGTGTATTTCGGTAGTTCTCTTCTTCTTCGAGTAGCTCGAGCAATTCGATTTGCTCTTCGTCGCTCAGGTTATCAAGAATCGCGTCCAGTTCCACGGTTGAATAGCTCCTTGATACGAGAGCGGCGCTTATCGCGATCTCCCTTATCAGGTGTCACGTCCTCAACTTGCGACTGCTCTTTGAGGCCCAAATCACGGGCGATGATGTTAGCGTTGAGAAGGTCAGCGGCTGCGCCGGAGAATTTTTGGTCGTAGATGATTTGCTCTGCTCGCGTAACGACTTCAGATAAATCTTCTCTCAGGCGATATGTGCGCCATGTTTCAAGCGTCACATCAATGAACAGAGTGAGGCCAGTAATGGTCATCGCTCGCATCTTGGCGATAGGCTCTTGTATCACTTCACCCTGATACGAGAACGCCTTCATCTCCCATAGCGGGTTAGCTTCCACCCACTCGAAGTATTCACAACAAGCAGCCCACAGCGCCTCAGGCGATTCGAATTTAGGGTTTCGCCCATGACTACTGCGGGCCTCCCAAAATCGGTTGCCCTTTGGTGCTGCCATATTCATCTCACTTATTTGTTATTTCAGGTTGAGCATCATGCTCCGGTAGTGAACAGGTCTAACGCTTCCTTCGATTTACGCACCGCTTCGATTGTGCGGGTCGTGATATCTGAATTAGCGCCACCTGACTGGAAGTGAATTTTGAATAGCTCAAGCTTCAGCTCGTCAGTGCCAATGAATTGAAATGCTTCTTCTGCGGCTGCGTTCTGGTTCATGACCAGTTTGTAAATCTCTAACTGGAATTTCTGTTCTTCAGTCATGGGAATAATCTCTGCCATTGTTGGCTCCGTTTATCCGTTAAAAGGGATATCAGTTAAGTTATCCCGTGTGGGGTATAAGCCATTATCAAAGCCACTCAGTAAGGAATGGCTTTTGTGATGGCATCACTTACTCTTTACGCTGCTATCCCACTCATCCCGGAATTTTGATGGGTTATTGAAACCTTCTGCTGACATAACAACTCCTTCAATGTTTGGCTGGAATTAGGATGTCTTTCCATCAGTCCGCCACCACAAAGAATCTTTTTTGCCATCAGGCAGGAGGTTCATCTTTCAGTGGCTGCCAGTGTTATTTCCCCACTTTCTGGCTTGGGTTGTTTCGCTGTACTGCCGTAACTGGTGGTGCACAGATTTAGTTAAATCTGTTCTCGCCTGAACTATCTTTTACATACCCGGATTGTGGGGATGTAAATCACGGTTTCATTATCAAGCCCACCCGTAGATGGGCTTTGTAATGAAGAGTTGTTATGAAAATTGCTCTAAACAAGCATTAATAGCCATCAGAAGTAAGCTCTACAGATTTCAATCCCTCAATGTCATCCTTGGACAGGGCGAACCATTCACCGTGCTTTCTCTTTGCGGCAAATTTGCGATGAAGCATGTTTTCAGTTTCTCTTCCACCAGGGATCAGGCACTCAAGCTTCAAACAGTCTGGTCCAGAGTTGCCAAGCGATTTGATGCGTTGTGGAATGTTGGATGAATACCCAATTTTGGTTAGCCCAGTTTTCTTCGATGACAAAACGTATACCTGAGGAGGTTCTTTTCTCTGGTCTTCCATTACACGTCTCATTGTTGCCATAAGTCCGCCGTGCATCAGCATTTCAACAAAGAACGCTGACCGAACACCTGACGACTTAAGCATGCCAGAAAATTCACTTGCCAATTCCATTAACTCTGCGATGTTTTCAGGAACTTTTTGGCAGTTATCTTCCTTGTATAAGGAAATCATTCTTTGAAGCTTTTCTTCTAATTGGTTCATAGCGTCTTTACCTTTTAGAAAGTGAGCCTGTCTCACAGAAAAGCCGCCCCGAGATGGTCGCCACCATATACGGCAGTTCTCAGGCTCAACTTTCTGAAAGGCTCGGGTGATG
NZ_CP110931.1_gap80	3549891	3554757	4866	TGTAAACGCACCGCCATTATATCTGCCGCGAAGGTACGCCATTGCAAACGCAAGGATTGCCCCGATGCCTTGTTCCTTTGCCGCGAGAATGGCGGCTAACAGGTCATGTTTTTCTGGCATCTTCATGTCTTACCCCCAATAAGGGGATTTGCTCTATTTAATTAGGAATAAGGTCGATTACTGATAGAACAAATCCAGGCTACTGTGTTTAGTAATCAGATTTGTTCGTGACCGATATGCACGGGCAAAACGGCAGGAGGTTGTTAGCGCAGCCTCTTGCCACCCGCTTTCACGAAGGTCATGTGTAGAAGGCCGCAGCATAACTATCACTGATGAATTCAGGATAGCCAGTGGCTACGGCTCAGTTATGGTGCTGGTTAACGGACTTGAACCGCTACCCGTTAGCTTACAAGGCGACCGCTCTACCATTGGAGCTAAACCAGCATGTCTGGCGGGACAGCGTGGACTCGAACCACGATAAGAAGGTTAACGGCCCTCCGTAATAACCTTTATACGACTGACCCAAATAAAAAAGCCACCGTTGCAACTTAAGAGTCACTAACGGCAGCTTACCCTCTAATTATGGCTAAATGGATAATTGCATGTCAAGACTTTTAACAACAACATGCTTAACTTTCTCAACACGTTTACGCATTTTGAAAGCATTTTGCATTGGCTGGTATAAAACAAATAATGATGCTTTCAGGATGTCGTCAATTTCATTTCTACAGGTTGCCAGTGAAGGTTTTCTCCATCCCTCGCCACCACGTCCACACATCTTGCGTGGCTTTGCAGTCGCGTGATAGTAGGATGCAATTGCTCGCTTAGAGGAACCATGTGCGTAGTAGCTGAGGAGGATGCCAAAGGCTTTCTTGTCAATGTACATAACGGAATCTACGACCTGAGAAATCAACATTCCGTCATCATCATTGCACATTGGCCTTGTCATCACTCTTGATGGTTCTACCCTCTCCATAAACTGCGCTATAACGCTGCTCATGCGTTTTTCGAGTCTTCCTGAATAAACCCATGCCCCCCATAGCTCAAGCCACCCATTAAGCCAGTCATGCTGCTCTTTAGTGAGGTTCAATTCTCGTATACTCATGCAGCATCGCCTCCCGCCGGCTTGTTCAATCCAAGCCGGTTCACCAGTTCGCGCTCTCGCTCATGCAGATAATCCATCGCCTTCTGGTGTTGCTCCGTCATCTCTCTGACGCTGCGTAATTCAGCTTCGTCACGTTCACGCTGCTTTTTCGCTTGGTTAATGCTGGTTACGGTCATAAATACCTCTCCCGCCCTGATGAATCATTAAAACGCCGTTAACGATGGCGTGATACCTGGCTTCTTTGTCGTACAGATAGCGCCTGACTGTGTTGCGGTGGCACGATAAGCGCCTGGCTACTTCTGTCTGGTTTCCGTATGTCTCAATGAGCATGTCTGGAATGGTTTTGACAGTGTGTGTCATGCGGCCTCCAGTAGTTCCGTAATCATTGGCAAATTCCCACACGTCTCAGTCACTACCAGCACAAGCATTCCGCCTTTAACCGCCTGACAGCGCTTGATGCGCATATCGTCTATCTGGCCGTCATCCAGCCAGAAGCCCGCACTAGTGAGTGCGTCAAAAACGGCCTTTGGTAGATTGTCCAGGTCGCGTTTGCGGTTATCGGGAGGTGCTGCGAGAATGGTGATTCTGATGCGGGGTGTGATTTTAAGGTCTAGCTGTTGTTGCTGAATTATTTCGATTACTTCTCGCCGGTATCGCTTTCCCCAATCGCTGATGTAGTGGATTCCTCGTGAGTGACGCCAGTAGCGATTATTGGATGGAGGCCACGGCAACGCTATACGGTATTCGTTCATCGCACTGTTACCCTCCCTTCGCGTGTTAACTTTTGCAACGTTAAGACAATGGCGCGGTCCATTTCTGAGCGTCGCTCTTCCCGGCTTAAATCTTTTCCGTTGTCTATGCGCTCATGGCATGGCGGGCAAAGCGCCGCTGTTAGGCTGTCGTCAACCTTTAGCCCTATTCCCTTTCCTTCGTTGCGATGCGCAGCCTGAACTCCATATCGACCACACAGAACGCAGCAATCTATCTCCCTTACTGCCTGAAGCCATTTATTGCTCCTGAATATCCTCATTAGACATATCTCCATTAGGGTCGCGGTATACCAGCCATTCGTTCACGCATTCAGCACAGGTGTAAATTTCATCTTGTGCCAGTTGCTTGTTACATCCTGCGCACATTGCCCTTGCTATGCTCTCTTGTTCATAACTTCGATTGGGGTCAATCATCGCGTTTTCCTCGCGCGTTCTCTAAGCCACCGGATATCCCACAGGTGAGCCGTGTAGTTGAAGGTTTTTACGTCAGATTCTTTGGGGATTGGCTTGGGTTTATTTCTGGAGCGTTTCGTTGGAAGGTATTTGCAGTTTTCGCAGATGATGTCGGTGATACTTCGTCGCTGTCTCGCCACACGTCCTCCTTTTCCTGCGGTAGTGGTAACACCCATGTTGGTGTTCTTTCACACCGGAGACACCATCGATTCCAGTAAGGTTGGTTTGGTCGGAAGCGGTTATCTTCTTTGCATTCACCGCACCGATAACATCGCATCATGCAGCTTCCCTCCCGAAGTCGAAATCAAGCTGCCCTCCAAATATTTCGCATGACTCAGAACAAGAGCCGGTATCGAATCTTTTAGCTCGTACCATGTCCTGATGCAGGGCTTGATAATCATTTTCTGAATACATTTTCGCGATACCGTCCAGCGACATTCTTCCTCGGTACATAATCTCCTTTGGCGTTTCCCGATGTCCGTCACGCACATGGGATCCCGTGATGACCTCATTAAAAACACGCTGCAATCCCTCCTCATCTTTGCAGGCAAGTCCGATTTTTTGCGTTGATTTTTTAATGCAGAATATGCAGTTACCGAGATGTTCCGGTATTTGCAAATCGAATGGTTGTTGCTTCCACCATGCGAGGATATCTTCCTTCTCAAAGTCTGACAGTTCAGCAAGATATCTGATTCCAGGCTTTGGCTTTAGCCGCTTCGGTTCATCAGCTCTGATGCCAATCCACGTGGTGTAATTCCCTCGCCCGAAATGGTCATCACAGTATTTGGTGAAGGGAACGAGTTTTAATCTGTCAGTACAGAACGCGCCGCCGACGTATGGAGTGCCATATTTCTTTACCATATCGATAAATGGCTTCAGAACAGGCATTCGCGTCTGAATATCCTTTGGTTCCCATACCGTATAACCATTTGGCTGTCCAAGCTCCGGGTTGATATCAACCTGCAATACGGTGAGCGGTATATCCCAGAACTTCACAACTTCCCTGACAAACCGATATGTCATTGGATGTTCACAACCTGTATCCATGAAAACGTAATGCACGTCTTTACCTGCCCGTCGCTTTTGCTCCATTAGCCAGAGCAAATATGCTGACGTCCTGCCACCGGAGAAACTAACGACATTTATCATGCAGCCCTGTCTCCCCATCTCGCTTTCCACTCCAGAGCCAGTCGCGCTTCGTCTGACCACTTAACGCCACGCTCTGTACCGAATGCCTGTATAAGCTCTAATAACTCCGCAAATTCGCTTACACGCATCCTGCTGGTTGACTGGCCTATTACCACAAAGCCATTCCCGGCAAGGTTAGGAACAACGTCATGCTGCTTTAATGCTGCGGTAAACACACACTTCCAGCTTTCTGCATCCAGCCAGCGCCCATGCCATTCAACCTGACGAGAGAGGTCACCTAAGCAGGCCCATAGTTTCCTGTTTTGGTCTAAGCTGCGGTTGCGTTCCTGAATGATTACTACGATTGGTTTGGTTGGGTCTGGAAGGATTTGCTGTACTGCGTGAATAGCGTTTTGCTGATGTGCTGGAGATCGAATTTCAAAGGTTAGTTTTTTCATGACTTCCCTCTCCCCCAAATAAAAAGGCCTGCGATTACCAGCAGGCCTGTTATTAACTCAGTGATGTAGATGGTCATTGCCAGTATTCCTCATTGTCACGGTCTCTCCATGTGAGCCATATATACTCATAGACGAACGGGATAAATGATTCAAAAAACAGTTTCCACTGCTCATCATAAAATCCTGTCGCTTTATCAACCATCAGCTCTAATGAATGCTTCCTCTTTGGTGGTCGAGTGACACCTGACAACCTTTCAAATTGCATAATGAGCTCTTCTTCGTCGATACATCTGTTCAAAACAGCAATGAAGCGGGGATTCAAAAGCATTTCAGGTATTATTTGGTTGTTCATTCAGTACTCCGTAACATTCTCCTGCCTCCACACTTCGTCATACTCCGACTTCGGCATGTTAGCTATGTAGTTGTATGGTGACGCACCTTCCATTTGCAGGAACTGGTGAGACTGCTCGTCAAGAAATAACGGCACGCCACCTTCCCACCCTTCCCCGTTTCGCTGCTTCTCAAGCATTAAAACAGATGCGGGCGCAGCAAGAAGTTGCTGGTCTTTCTCGTTAATTTGCTCGCCAGCATGAACGCGCTGTAACGCTCTCTCGCGAGCTTTATTGCGCCAGATGATAAACAGGTTATCTGTCAGGTCTGTAATCGCCCCTGAGCCTTTTACGTCCATCTTTCCGGTAGGTTTCTCCTCGCTGTCTCCCTTTCTGGAGTGAGTGACGAGGATAATGTGAGAGTTGGTTTTATTCTTGAAGTCGCACAGCGCGTCAACAAACGCCTTTTGTCCGTTGTAATCGTCATCGCCAATACCACACTTCATGAGACTGTCGATGATGAATAACTGGATGCCGTATCGCCGTCTTGCGTATGTGAAAATTTCAATCAGGCGTTCAGCCTTGGCTGTACCTGTCAGGCCAAATAACCATAGCCGGTCATC
NZ_CP110931.1_gap81	3562300	3565176	2876	AGCACGCCAACCCTAAATTCGTTCAGGTTTGGGGAAATGGCGCATCATTTGACTGTGTGATTCTACGAAATAGTTATGCGCTGACCGGGCAACAAGCACCGTGGCAGTGGTGGAATGACCGCGACGTCCGAACCATCGTTGAGCTTGGAAAGGAGATCTTATTCGACCCTAAGCGAGATATGCCATTCGAAGGAACTCGCCACAACGCGCTTGATGATGCCATTCATCAGGCCAAATACGTTTCAGCCATCTGGCAAAAGCTAACTAAATAACCAGTCGGAGCAAAATCATGTCATCACCTCTCAATGGGGCGATCTCGCCATATCGCCTTTCAGGCTGCACCAAAGATGAGGTGCTGGCTAATTTCGCAAGGTATTACGAAAAGAAAGACGAAATTCCAATGGAATCAAAGGATGAAAGATTCTCACGGTATGCAGACGAATATAAAGACAGATTAATGAAAGAGCGCATTTACCAGACATCCATCCGACCATTCCGCAAAGCAACTTACACCAAATTCATTGAAATCGACACGCGCCTTCGTGATTACCGTTCGCGTTACGGCGCTATCAGCAATAACTGAGGAATTCATCATGAGAGGTTTGTCCTACGCCCCCGGAATCCTTCCATCGGAAATGATTATTCGCCAACGCGTAAAGCCAATGCCATCGAGAGAGGAATTTCTTAAGAGAAATAGTTTCGGTTCTGTTAACGACAACAGATATCTTGAAATGATTTTGAGGAGTAAGAAGGATTATGTCAAAAAATGACATTTCATATGAATACCTCATTAACAACATTCACTACGATAAAGAAACTGGGATTTTCAAGAAGATAATTAAATCCAATAATGGGGATATAATTGGTTTCAAACCAACTGGCTGTACGCACTCGATGGGATACATAAGGATATATATTAATAAAAAATGGTATTTAGCGCACAGACTAGCTTGGTTATATGTTACCGGGAAATGGCCAGTAAATGTAATTGATCACATCAACAGAAATAAAGCTGACAACAGGTTTATAAACCTACGAGATGTCTCCAGTAGGGAAAACAATAGCAACACAAGTAGAAATAAAGGAACTGAAATAGGCACAGAAAGGTATGCTTATGGATGGAGAGCATACATAGGTGTTAATGGAAAACTACATCACCTTGGCTCATATGCAACATGTGATGGTGCAAAATATGCGTATGCTCTAGCAGAATATCAAGTAGAAATATATGGTTACCTGCGCCCCACACCAATCGATTGCAGAAAATTAAATTACGGAAACAGGGGGAATCGTAATGGAAATCCTAAATCAAACCGTCGTAAGCATCCATCAGTGAATGAAAACAAATATATGAATGCAATGTTGCGGAGTGGGAAGAAATGAAAGAAGTGAAAATATACACGATTGTCAGTGACCAGTTATCACCACCAATAACAGGAGAATCATTCTGTACTGATATGGTGCGTCATAGTGATTATGCGGAACTTGAGGCTAAATACGCGGAGCTGGCAGAAGTGCGGGAAAGTGCTCGTAACGAGGGCATCAACTATGCCGCCAGTCGCCTCGCTGCCGCATTCAATCACGGATTCCTCGATAAACCTGTATCAGAAGTTCTCGACGTAACACGCATGATTTTGTCAGCGAAAGAGGATTTAGCCAATGACCCACTACCAACGGCTGATGGTTTGTCAGGTGAATACGCAGAGAAATCGATTGAGGAATGGAAAACCCAACTGCGCAAAGGCGGTGCAGCATGAGCAATCCATTTTTTATCAAATGCCTCAAAGATACAGAAGGATGGTGGACTGAAGGCGAGATTTACGAAGCTCGCAGGGTTGCCGGTGGTTTTGTACAGTTTGGTGATGATAACCAACCAAATGGCGAAGGCTGGAGTGCGGAGCCGATGGAATATCGGGAGGATGGTTCGATCCTGTATCAGGTCGGTGGTCTTGATGGTGAAGTCATTTTTGAGGAGGCAGCTCAATGAGCAACCGAATTCGCAATGCTCAGGTATTCGACGCGCGCACCGGTGAGTACCCGGTTTATATGTACATTCACTGGATCATTGGTGGTGAACTTGATTTTGATGCCAATTATCAGCGCGGGTATGTCTGGGGGCATGAAGAGCAGCAGGCATTCTTAAACGCAGTTATTTCTGGTTTTCCTATCGGCTCAGTGGCGCTGGCAAAGGCACCTGACTGGTGTTCGCGTGAACTTCCTTACATAGAAGTTGTTGACGGTAAGCAGCGTCTCACCACTTTGAAAAAATTCATCACCAATGAGATTCCAATCATCCTAGCTGATGGTCCGCTTTACTGGCGAGACATGACTCGTGCGGAGCAATTGGTATTTGGGCGTCGTCCACTCCCAGCAGTTGTGCTGGATGAGGTGACGTACAAGGATCGCTTGGCTTATTTCATGGTGGTGAACTTTACTGGCGTTCCGCAAAGCGAAGAGCACAAGCGACACGTAATGCAACTAATGGAGATGGAGACAGCCCAATGAGCTACATCGACAAACAGGCGCTGCGTATTAGTGAACTTGAAGAACTCAACGAGCTGCTGCGTGAGAAGGTCAAAAAACTTGAGTCTGACCTGTGGGACAAAGAGCAGTTACGCCAAGTTTACAGCGAAAAATCCCTTAATCTCGATAGCAAAGTTAGAGAACTGGAGGCGCGAAACCAGAAAGACTTCGTTTGGCGTGGTAACGAAATTAGCAGACTCAATGATGAGGTTGACGAACTAAAAGAGAAGCTGGAAGCCGCCAACAGACGTAGTGCCGAACTGGGTCGTGACTGTTGGACATATGAAAACACCGTCAAAACCTTACTGGAGAGAGCGGAATCTGCGGAGTCCGCTTGTACAGAAGCAGCGCGA
NZ_CP110931.1_gap82	3633462	3637175	3713	AGCGCCAGCAGCCGTACTTCCCGCAGCGCGGGCGGCACTTCCCCCTGCGCAATCGCGAGGGCAAAACCTTCGACGACCGCCGTCTTTCCGACGCCCGCCTCACCAGTCAGTAGTGGATTATTCTGGCGACGGCGCAGCAGAATATCCGTCATGGTGCGGATTTCATGCTCACGCCCCGTCACCGGGTCGATTTTGCCGTCGCGCGCCTGTGCCGTCATGTCCTGACAGTATTTCGCCAGCGCGGATTTACCGTCCTGCCCGCCGTTGGGAATCGCCTGGCTGCTTTCACCGGGAATGGCTGATGCCAGGCCGGAGCCGTCGTAAGGGCGCTCCTGCGCTTCCGGCGATGTTTCGATCAACGAGGGCAGTATTTCCGTCAGTTCATCAACCGGAAGCGTGGCCAGCGGCGCGCAGATACTGCTCAGTACCCGACGCAGTTCTGGCGTGGTCAACAAGGCCAGCAGCAACCAGCCGCTGCGAATTTTGTTATCGCCGTAACGGACGCTCGCCAGCATCCAGGCCTTTTCAACGCTGAGATCGATATGGTGAGAAAAATCACTAATGGCGCTGGCCCCGGCGGGCAGCATATCCAGTTGCCGGAGTAACGCTTTCTCCAGAAAAATAAATACATTTAAGGGACATAATGAAACAAGACATGTGGGAATTACGGAAAATACAGTCGCAGGGTATAACGGATAACGCACAGTATCCCGCAGGGACATACATCGTATTTACTGCCGCCGCCCCCTACATTCCGCTTTTTGAGCAACATGGGAAAGACGATATCGCGCTCAGTCTTGTTCGCCACGAAGAGGCGTGGTGGATTGTTAATCACTCTGATGAACTGTGCTGTGCCGTCAATGAGCAGGTGATGGAACCTCATCACCGTATGCGGCTGAATGATGGAGATACGATTGAATGGGGTCTGTCATCCTGGTGCCTTGCCCGCACCAATGATGAGTCCCGTCCCGATGTTTCGTTTCCTCAGTTGGTTCAGTCATCTGAATCCGTTGCTGAGTACCTGGATCTGGACTGGTTTAAACAACAACAGCTCAATCCGCAGAACCCGTTCGATATTATTCCCGTCCGGGAAACCGCATCCTCTTACACCGGCCATGAAGCGGATAGCACGCTACACCAGCTTTACCAGGAATATCAGCAGGCATTGCGGCCCTCCGGGCAGGAAAAGCCCCTCCGTGATAAACCATTTCCCCGAAATGAAGACGCTGTCACCCAGGATTTGACGTCGTTATACGATAAAAAGGGCGACACCGACACGTTACAGGATATGGTGGCAGGCGCGCCCGGTATTGATGCCATTCTGGATACGCTGGACACGACCGGTGAGGGTGAAATGCACTGGCTGGCGATGGAATCAATGCCCGATATCCTGCAACTGCTCTCGCCGGAACAGGCGGGGAAAACCGCACATAGCGAGATACTGCCCGATCTGACCCGCCGCGAGCATCGTATTATTGGCATCGACAGCCACTACCGAATCACTCCGACACAGAAAAATGGAAATACCGCCCATGAAAAAAACTGACACGCTTCCTGCTACCCTGTCCGCGCTGATACAGGAATACTCTATTGCGGAGGGGATTCAGATGGCGGAGCAGCAGGTTCGGGAAAATCCGGCGAAAGCGCTCTGCCGCCACAGCCTGTTTCAGTTGCTGTGTGTGGCCGGAGACTGGTCGCGGGCGCTACACCAGCTTCAGCTATGCGCCAGGATGGAGGCCAATTATACCCAGGAGGCCCGGCTGTACCGGGAGCTGGTTCGCTGCGAAATGTTCCGCCACACCGTTTTTCAGGGTGAACAACGACCCGGTTTTCTTCTGCCGCAGCCCGTTTGGGTGGAGTCACTGCTGGCGGCACTCGCCTGTCATGACGATATCGGTGAGGTTGATAAACACCGTAATACCGCACTGGAAGCCATAACAGACACGGGCGGGCAGTGGAACGGCGGCGCATTTGACTGGGCGAGCGACAGCGATTCCCGCCTTGGCCCGGTACTTGAGCTAGTCACCGGCGGCGTGTATATCTGGCTGCCGTTTTCGCAAATACGCTCGCTGGAATCGCCGCAACCGACGCGCCTGACCGATCTGCTGTGGAAACCCGTTAATATCACCCTTGTGAATGGCGATACGCACGGCGCCTGGCTCTTTACCCGCTACAGCGGTTCGGAAAGTGCATCTGACGCCCTGCGTCTGTGCCGGGAAACCGCCTGGCAGGACGGCCCCGGCGAAACCACCGTGCGGGCGCTGGGGCAGAAAGTGTGGATGACCAGCCACGGCGATATCAGCCTGCTGGACATGGCCTATTGTACCTTTCATGCTCAGGAAAACGATGGCGCATGAGCACGTCCCGTTTTACACCCGCTAACCATCTGCTGCCCACCCTATTTGATCGGCTGTGTGACAATGCCCCGTATCAGAAAATTGACCGGGATATCAGCGTCACGCCGGTACAACTGAAGGAGATCATTCGTCGGGATCTCTCCTTTTTGCTCAATACCATTAGCCACGAGGGTGACATCGACGCCCGGCGCTATCCGCAGGCGGCGGCGTCAGTGCTCAACTATGGCCTGCCGCCGCTGGCGGGCAGCTTTATGTATGAGCATAAGTGGGACGATATCAGCGAGGCGATCCGGCGCGCCATTATCCGTTTCGAACCCCGGCTGAACGCCGCCACACTCAGGGTCACGCCCTTGCTCGATAAAACCCGGCAGGGTAGCTATAACACGCTACAGTTTGAAATTCGCGGACAAATTCTGACGCAGCCGTATCCCACGGAGTTTCTGGTACGCAGCGCGCTGGATATGGAGCTGAGCCGCATTACGTTCTTTTAATACAGGGCATTATTCATGGATCCACGGCTACTGGAGTATTACAACCGCGAACTGAGCTACCTGCGGGAGACCGGTGCTGAGTTCGCCACCCTCCATCCCAAAATTGCCGCCCGGCTGGGGATGCAGGGAACCGATATTGCCGACCCGTATGTGGAACGCATGATCGAGGCGTTCAGCTTTCTGAGCGCCCGCACTCAGCTAAAAATTGACGCCGAGTTTCCCCGCTTCACACAGCGGTTACTGGAAGTCGTCAGCCCCAATTACGTCACCCCCACGCCATCGATGGCAGTGGTAAAGCTGTATCCTGATACGCAGGAAGGCGACCTGGCGAAAGGGGTCACCGTGCCGCGCGATACCGCGTTCGTTTCCCCCATCCCGGAAGGCGAAAATACCGCCTGCCAGTTTCGCAGCAGCCAGGACGTCACGCTGTGGCCGCTGTCCATCGAGGAGGTACGCCTGACCGCCGCGCCGCCGGATATGCCCGCCCTGCACCGCTATCTGCCGCCTAATATTCATGTCGCCGGGGCATTGCGCATCACCCTGCGAACCTTCGGGGAACTGACTTTCAGCGAGCTGGCCGGTCCGGCACGGCTGCCCTTTTACCTCTGCGGCGAAGAACGCATTGCGTCACACCTGTTTGAGCTGCTGCATACCAGCGCCGTCGCCACACTGGCCGGTGAACCCGGTCACTTTGACGGCGAACTGAATGTGAATCTTCAACACCCGGTGGCGCACGAAGGGCTGGAGCCAGGGCAGGGGCTGCTGCCGCTCGCCTGGAACGTGTTTCACGGCCATAATCTGCTGCATGAATTTTTCGCCTGCCCGGAACGGTTTTACTTCTTCACCCCGACCGGATTGTCTGCCG
NZ_CP110931.1_gap83	3644890	3645876	986	CAGACGTCACGGGGTGAATATCAAAGATGTGATGCGCTGGAACCATGATACGGATAATCTACAACCGGGCGATCAGCTTACGTTGTTTGTGAAGGACAATAGCACGCCAGACTCCTGATATTGTCCGACGAAAAAACCAAAAGGCGCCGCTTCCCCCGGCGCCTTTTAAATTGCTATACCGCTTTATGCGCTTCCAGCATGATAGTATCGCTGCTAAACGAGCCGTCATCCTGCAACTCAAAATAACGCTTCACCTCTACCGGGGCGCTCGCCTGATATAATCGAATCGCCTCAACCAACGGCGCTGGCGTACGCATCCGCGTTACCCATGAGCGAAACTCCAGCGATAAACGATCGGTTATCACGGTATTCGTTACCAGCATCGCATTATTGACCATCGCCAGCCATTCACCACTGGAATAATTACGGACATGCGACGTGTCGCGTAACGCCTCCACCGTTTGCAGCCAGATATCGCGTACAGGATGTCCAGGCGACATGACATCCATGATAATCAGCACGCCGCCGGGTTTTAATACACGATAAACCTCACGCAATGCCTGACCAACGTCGTGCCAGTGATGCGCGGAATAGCGGCTAATCACCACCTCAAACGATGCATCTTCAAAGGGCAGTTTTTCGGCATAGCCTTGCCGGAGAGTAATATTACTTAAATGTCTTTCTTCCGCCGCTCCAGCGACAACCTCAAGCATGCTGGCTGATAAATCGTATGCCACGACCGAATTGACATGTTGCGCAGCGACAAAACTCGCGTGTCCAGCCCCACATCCCATATCCAGTACGCTCGCGTGGGAAAAATCAGACAACCTTTGCGCCAGCCGCGCTAAGTCACGACCCGCTGCGTGAACGGCGCTATGTAAATAGGCGTTCGCCTGTGAACCAAACTGCTTTTCAACATTGTCATGGTGGGAATGCGTTGTCATGGTAGTGCCCTTCTGTTATGAGAAAAATAGAGGGCAGCACCC
NZ_CP110931.1_gap84	3674156	3674749	593	CAAGGTCCGTAATTTTCAGCGCGTAGGCCACCAGCGAACCAGCCCCGGAACCACGTCCCGGCCCTACCGGCACGCCGTTATCTTTTGACCACTGGATAAACTCCATCACGATGAGGAAGTAGCCAGGGAACCCCATCTGGTTGATAACCTGTAGTTCAATATCCAGACGCTCGTCATATTCCGGGCGACGCTTTTTGCGCTCTTCTTCGTCCGGAAACAGGAAAGCCAGACGCTCTTCCAGCCCCTCTTTCGATTTTTTGACCAGATAATCTTCGGTGGTCATATCGCCGGTCGGGAACTGCGGCAGGAAATATTCACCCAGACGCACCGTTACGTTGCAGCGTTTGGCAATCTCCACCGTATTTTCCAGCGCCTCCGGAATATCGGAGAACAGCTCGCACATTTCTTCTTCACTGCGCATATACTGCTGCGGTGAATAATTGCGTGGACGTTTAGGATCGTCGAGCGTGAAACCGTCGTGAATCGCGACACGAATCTCATGGGCGTCAAAATCATCGCTTTCAAGGAAACGGACATCGTTTGTCGCGACAACCGGCAAACCACGTGCCTCAGCCAGTTCAACCGCAGCATGG
NZ_CP110931.1_gap85	3676726	3680430	3704	TTTCAGATTACCTTCGAGGGTAATATTGAAATCAGGGGCATCAATCCCGACAAAGACATCGGGCTTGAGTTCGGTAAAACGGCGGGTCAGATCGGCGCGGATATGCAACAAACGGCGTAAACGTCCGAGCACTTCAACAATGCCCATGACCGCCAGCTCTTCCATTTCGTACCAGGCTTCACACCCTTCGGCCTGCATACGCGGCCCCGCAACGCCCACAAAGCGGGCGTTGGGTACGCGCGCTTTCAGCGCACGAATTAAGCCTGCGCCAAGAATATCGCCGGACGTTTCACCGGCGACCAGGGCAATCGTTAAAGGACGCTGTGCCGCCATTAACGAATCGGACCGCGCGTTGAACGCTCAAAGAACTCGGTAAACGCCTTCACTTCCGGATGCTTTTCAGCAAGTTCAGCGATTTCCAGCTTCGCTTCGTCGAGCGTTTTACCACTGCGGTACAACAGTTTGTAGGCATTACGAATCGCCACCAGCCCTTCACGGCTAAAGCCGCGACGCTTCAGCCCTTCGATATTTACCCCGAACGGCGTCGCATGGTTACCCTGCGCAATCACATACGGAGGGACATCCTGCGCCACGCCGGAGCAGCCGCCGACCATCACATGCGCACCGATAATGCAGAATTGATGAACTGCCGTCATACCGCCGATAATCGCAAAATCATCGACTGATACGTGCCCCGCCAGCGTGGCGTTGTTGGCGAGGATACAGCGATTCCCTACCGTACAATCATGTGCGACATGCGCATTGATCATCAGCAGGTTATCGCTACCCACCTTCGTCAACCCACCGCCCTGCACTGTACCACGATGAATGGTGACGCTTTCGCGGATGCGGTTACGATCGCCAATTTCCACACGGGTCGGCTCACCCGCATATTTCAGATCCTGGTTCACTTCACCGATGGAGGCAAACTGATAAATCTCGTTGTCGCGGCCGATTTTGGTTTGACCATTCACGACCACATGAGACTTCAGTACGGTTCCCTCACCAATTTCGACCTGCGGCCCAACAATACAAAAGGGACCAATGTGGGCATTAGCGCCAATTACAGCGCCGTCTTCCACAATGGCGGTAGGATGAATAAAGGCGGATTTATCAATCACGAATCAGGCCTCCCGGCTACGAGCACACATCATGGTTGCTTCGCACACGACTTTACCGTCGACCAGCGCAACCCCTTTAAAGCGGGTCAGGCCACGGCGCGTTTTCTCGAAAGTGACTTCCATGATCATCTGATCGCCTGGCACCACCGGACGCTTAAAGCGCGCTTCATCAATACCCGCGAAATAATACAGTTCTCCAGGTTCCAGTTTACCAACGCTTTTAAACGCCAGAATACCGGTTGCCTGCGCCATCGCTTCCAGAATCAGCACGCCTGGCAAAATCGGTTTGCCCGGGAAGTGTCCCTGGAAAAACGGCTCGTTGACGGAGACATTTTTCACCGCACGCAGAAAACGACCTTCTTCAAAGTCCAGCACGCGATCGACCAGTAAAAACGGAAAACGGTGCGGCAGAAGCTCTAAAATCTCTTCAATCTGCAGAGTATGAGTGTTAGTAGTCAAAATACTCTTCCTGTCCAAATATACAAAAAGGCAATAATAACACGGCCTGCCGCAATCGTATGAATGTGACAGGCCGGAAAAGAATGGCAACTACAAGGCGGAACGTTAGTCTTGTTGATTAACCGTGCGCTCAATCGCTTTGAGACGCTTGCTCATATCATCAATGTTCATCACCAGTGCAGCAGTTTTACGCCATACTTTGTTGGGTTGCAGCGGAATGCCTGAGGAGTAGACGCCCGGTTCCGTGATGGGACGCATCACCATACCCATGCCAGTTACCGTGACTTTGTCGCATATTTCCATATGCCCATTGATCACGCTAGCGCCGCCAATCATGCAGTAACGGCCAATCTTCAGGCTACCCGCCATAATGACGCCACCGGCAACTGCCGTATTGTCGCCAATCACGACGTTATGTGCAATCTGGCACTGATTATCAATAATCACGCCATTGCCAATAACAGTATCATCCAACGCGCCACGGTCAATGGTGGTACAAGCGCCGATCTCGACACGATCGCCAATAATGACCCGGCCCAGTTGTGGGATCTTCACCCAGTTGCCACGATCGTTAGCGTAGCCAAAACCGTCCGCGCCGATCACCGTACTGGACTGGATCAGGCAATTCTCACCGATCTGAATGTCGTGGTAAATCGTTACGTTCGCCCACAAGCGTGAGCCCGCCCCGATTTTGCTATTTTTTCCGACGAAACAGCCTGCGCCGATAACCACGTTATCGCCCAGTTGTACGCCAGATTCAATCACCGCATTCGCGCCGACTGAAACATTGCTACCCAGCGTTGCCGTCGCATCAATCACGGCGCTTGGCGCGATATTCTGCGCGGGCTGCGGCGTAGTATCTAAAATTTGCGCCATGCGCGCGTAGGTCAGGTAGGGATTTTTAACTACCAGCGCCGCGCTCTTAGCAAAAGGAAGATCGTCCTGCGTCATGACAACCGCAGAAGCCTGGCATAAACCTAAGTGTTCACGGTACTTAGGATTCACCATAAACGTAATGTGGCCTGTTGTTGCAGATTGCATGGACGCAACGCCGGTGATGACGATATCGCCATCACCGTGTAATTCTGCATCCAACTGTTCTGCTAAGTCAGCCAGTCGAATTGAAGGCATTACTTATTTAACCTGTTTCAGTACGTCAGCGGTGATGTCTTTCACATCGCTGCTGTTGTAAGCAACGGTGTTTGCGTCTACCACCAGATCGATACTCTGGTCGTTAGCCACTTTTTTCACCGCAGTCTGGATACGAGTCACCAGTTTGTTGCGTTCTTCGTTGGAACGACGAGCGCGATCTTTCTCAAAAGCCTGCGCTTTTTGCGCGAAAGTCTGGCGCTGAGACATCACGTCTTTTTCCAGCTTAGTACGATCGCTACCTGCTTTCATGGATTGCAGACGCTGCATTTTAGATTGCAGATCGGTTTCCATTTTTTGCAGTTCAGCCGCACGGCCTTTAAATTCGTTTTCCAGTGTATTGGATACACCCGTCTTCTGCGCAACCTGTTGGAACAGATTACCCATGTTGACGATTGCAATTTTGTCAGCAGCCTGTGCGGACGTTACCATCGCCAAACCAAGACCTGCAGCTAATAACCACTTTTTCACAATAAACTCCTTACCATCCCATTTGCACCCGAAGGTACAGCTCTTTGCGTGGCCTGGCGATCCCTGGGGGCATCGCCAAAAGTCATCGCTACACTACCAATGCATTCCTTTGCAGTGAACAATTACCAGGTTTTACCAATGTTAAACTGGAACTGCTCGGCTTTGTCTCCATCGTACTTTTTAAACGGCTGGGCGTAGGAGAAGACCAACGGCCCCAATGGGGACATCCATTGTAATGCGATACCCGCGGACATACGGATGTTGCCTGGATCGCTGTAATCCGGTACATCTGACGGCGCAGATGACGGATCCCAGTTCGTATCCCAAACGGTACCCATATCCCAGAAGAAGGAGGTACGAACCGAGTTGGCATACTTTTCGCTGATGAACGGCGTCGGGGTAATAAATTCCAGGCTGGCGACAGCCATGGCATTACCACCTACCGCATCATCTGATTTACAGCCTGAAGACTGAGTACAGGCTTCGTAATCATCATTGTTATCA
NZ_CP110931.1_gap86	3681537	3686184	4647	TTTTTGATGTCATCTTCCATTTTGGTCACTTTGGTGCCGTTATAGAGCTCGCCCGGTTCAATTTTCGTCAGTTTCTCAATTTCAGCGGAATGTCCGGCCAAGTTACCGCTCACCTGAACCCCGGAAAGCTTGTACTGATCGCCTTCGGTGATATTGACGGTGATGTAGATCCCTTTCTTATCCGGCGTCAGACTCACTTGCGTGGAGTCAATATTGAAACGCGCGTAGCCGCGATCCAGATAGTAGCTGCGCAAGGTTTCAAGGTCGCCCGCCAGCTTCTGTTTCTGGTATTTACGATCGCCGACGACGTTCCACCACGGCACTTCGTCACGCAACTGGAAATGAGAAATGAGTTCTTCGGTGCTAAAGGCATGGTTACCGACGATGTTGATCTGTTGGATCTTCGCCGATACGCCCTCCTGGAACACCAGTTTAAGATCAACACGGTTGCGCGGTAGCGGCGTGACGACCGCCTTAACGCTGGCGCTGTATTTACCTACGCTATAGTAAAAGTCTTCCAGACCTTTTTCTATATCAGACAACGTGGTGCGATCCAGAGACTCGCCAACACGTACGCCAGACGCTTCGAGGTTTTGCTTGAGCATGTCATCTTTCACCGACTTGTTCCCGGAGAAAGTGATGCTGGCAATGGTCGGACGTTCTTTTACCTGAACCAGAAGGGTATTACCATCGCGCAGGACGCGGACGTCCTCAAAGTTGCCGGTGGCGAACAGAGCGCGAATGGTGTTACTGATATCTTCATCATTAACCGTGTCGCCTGTGCGCACCGGCATACTGAGGAGAGCCGCACCAACGGCGACTCGCTGCAGGCCTTCGAAATGAATGTCCTTCACTACGAACCCTTCAGCACCGTATACGGTGGCGCTGCTGAACAGCAGCGACGCTATGAGCAACTTTTTCATCGCCATCGTTATTATGCGTTCTTCCTAACTAACTCTCTTACAACCGAGAGAAATCATTGAAAAGTGCAAGCCCCATTAACAACACCAGCAAAATCGAGCCAATGCGATAACTAAAGTCTTGAACCCGCTCGGATACCGGCCCGCCCTTAAGCTTTTCAATCGCCAGGAACAGCAGATGACCCCCGTCAAGAACGGGCAGCGGAAACAGGTTAATTATCCCTAAGTTCACGCTGATTAGCGCAAGGAACATCAGGTAATAAATCACCCCGAACTCCGCTGACATCCCAGCCCCCTGAGCGATAGAAATCGGCCCACTGAGGTTGTTCAGTTTCACATCACCGGTTATCAATTTACCCAGCATACTGACCGTCAGCTTCATCAACTGCCACGTCTTATCCGTGGCTTCGAGGATGGCGCTAAAAGGCCCATACTGGCGTATAGTCTTGTACTCTTCCGGCAGAGGAATAATTTTAGGCACCACGCCTGCAAACCCTTCCGCCTTTCCGTTAACCGATTTCGTATCCGGGGTTAACGTCAACGACAAGGCGCTCCCCTGCCTTTCAACCTCTAACGCTAACGGCTTACCGGGATTATCGCGTACAAACGTCACGAATTTCATCCACTGCGTTAACGGCTGACCATCGACTTTAACGATCCTGTCGCCCTCTTGCAAACCCGCTTTACTGGCTGCGGAATTCGCCTGCACTTCTGACAGTACCGGTTCAATCTGTGGCCCGCGGGGCCGAATCCCTAAAGAAGATACAGGATCTTGCTTATCAGGCTCAAATGCCCAGTGACGTAAATCAAGCGTTTTATCCTGCCGCTGGTCGCTACCAAACGGCGCGACGCTCACCGTCGTCTGCTGATCGCCAATTTTGGACACCAGTTGTAAACGCACGGCATCCCAATCAGGGGTTTCGATACCATCAACGGCTTTAAGTTCCGTACCAGGCGCAATTTGCGCCTGCGCAGCAATCGAGTTGGGCGTTATTTCGCCAATGACCGGACGAACGCCAGGGACGCCGATGATAAAGACCAGCCAGTAAGCAAAGATAGCAAAAATGAAGTTCGCAACCGGACCTGCGGCAATAATTGCGGCGCGCTGGCCCACCGTTTTGTTATTGAAGGCGTGACGACGCAATTCCGGCGCTACCGGTTCGGCGCGCTCATCCAGCATTTTGACGTAGCCGCCCAGCGGGATCAGGGCGATGACATACTCGGTGCCGTACCGATCGGTACGACGCCAGAGCGCTTTGCCAAAACCGATGGAAAAGCGCTCAACTCGCACACCGCAGCGCCGGGCAACCCAGAAATGACCAAATTCATGCACAGTGATCAGCACGCCCAGTGCGATGATGAATGCAGCCAGATTCCAGAGAATACTCAGCATAAAACCTTCCGTTAGAGCGTCCTGAACACCAGTAACAACAGGCAAGCAAAGACCGGTACGGCAGCCGTCAGGCTGTCAATTCGGTCCAGAATGCCGCCATGGCCTGGAATCAAGTGGCCGCTATCCTTAATTCCTGCTTCGCGCTTAAACATACTCTCGGTGAGGTCGCCCAGTACAGAAGCCAGAGCCGCCACTACAGAGCAAATCAGCAAGATAACAGGCGCAACATTCAGATTCGCCCACATACCGTAACCCCATGAGATCACGGCAGCCGTAGCAAGCCCGCCGATAAACCCTTGCCAGGTTTTACCCGGGGAAACCTTCGGCGCCAGCTTATGTTTGCCAAATAATTTACCAAACATATACGCGCCAGAGTCCGCTCCCCAGACCAGGATCATGACATAGAGTAGCCATATTGCGCCACTGTAATGATTCTCGTCATAGTGCCAGGCGCGCAGCGCCAGCATGCCCCAGAAAAATGGCACAATAGTTAACAAACCGAAAATGAGACGCAATGTTTTTGAGTTGCGCCAGATTGCCGCCGAACCGGGATAAAATAGCACCAGCAGTAGCGCGACAACCCACCATCCTAACGATGCCCAAAGCGACATCTCAACCAGCGGTTGACGAATGTTGTGATGATACTCAGGCAACAAAAATAGCATCAGCGCCAATAACAGACCACACAGCACCGCCAGCCAAACCCGCTGTGAACGCGCGGCGAAACCGCTTAACTGTCCCCATTCCCACGCGGCCAGCATACAGACAACCAGCGTAATAATGGCGAACCCCACCGGCGGCAATAAAAAAAGCGCAGCGATGACCGCGGGTATTAACACAAAAGCAGAAATCAGGCGATACTTCAGCAAAAGCAACCCCCATCAGGCTTTGTCATCACCAGGCTCGGTACCGCCGAAACGACGCTCTCGATTAGCAAAGGCATGCAGCGCACCTTCAAAGTCTTGTTCATCGAAATCGGGCCAAAGAACATCCGTAAAGTAAAGTTCGGCATAGGCAATTTGCCAAAGCAAAAAGTTACTAATGCGATGCTCTCCCCCAGTCCTAATTACTAAATCCACAGGCGCCAGCTCATGCATACAGATTTGCTGGCCTAGTCTCTCTTCATCAATCTGATCGGGGCGCAGCACTCCAGCCTGCACCTGTTCCGCCAGTTGTCGGACTCCCTGGACAATATCCCAACGTCCGCCGTAATTCGCAGCGATATTCAGCGTTAGACCCGTATTATGGGCGGTAAGCGCTTCTGATTTGCGAATACGTTCTTGTAAACGTGAGTTGAATCGACTGATATCGCCGATAATACGCAGGCGAACGTTATGGCGGTGCAGGCTTTTGACTTCGCTATCCAGCGCCCACACAAACAGCTCCATTAACGCGCTCACTTCCTGCGCCGGTCGGTTCCAGTTTTCACTACTAAAGGCATACAGCGTTAACGCATCAATACCGTTATTGGCAGCAAAAGAGACCGCTCGCCGGACGGACTTCGCTCCGGCTTTATGCCCAAAGGCCCGGATCTTCCCTTGCTTTTTCGCCCAGCGACCATTGCCATCCATAATTATTGCAACATGACGGCAGCCATGCGCTGGCAAATTTTCGCTTACTGGTTGAGTTGCAGACAACATAACGCGTTTTTTGTCCCTGAAAGGATTTAGCGGTACTCAGGAATACTGAAGCCTTTATACACATTCTCTTCGGTTCGCTTCGCGGATGACTGCGCGTCATCGCCCCTGTCGTGCGCTGTCTGCGCACGCCGGGAACGTATTCGCCTGCCGTCCCGATGCGTCCTGAATGATTTTGTGTATCCACAAAAAAGCCGTGTAAAACCACGGCTAACCTGACCGAAAAAAGCCAAAAACCTGCGATCAGGTGGCGCAGACTATATCACCGAAGCCCAACGCTAACAAATAGCACGATCTTCTGTCGCGGGATAATCGTCAGCGTGAGAGCCGTATCACTTGTTTTCTGGCTACTTCACGCGCGATGGCGTCAACCTGCAATACGTCCTCAACGCTTGCCGGTTCCTGTAAATCCATCCTCTCCAGCACCGCTAAATTGAGCCCGGCGATATCGGTAAAACGAATCTGTTGCGCCAGAAACGCGGCAACGGTGATTTCGTTTGCCGCATTGAGCGCCGTCGTTGCCGCCTGACCTTGCTCAAACGCCTCCATCGCCAGCTTCAGGCACGGATAACGCTGATAATCTGGCGCGCTAAACGTCAGCGCGCTGAGTTTGCAAAAATCAAGCGGCTGCGCGCCGGACGTGACGCGATTCGGCCATGCCATCGTATGCGCAATAGGCGTACGCATGTCAGGTTCT
NZ_CP110931.1_gap87	3710720	3712120	1400	GGCCAGGTTATAACGTTTTAATGGCATCATGAATGCGGTTTCCTGAATCAATGTGTTGGATAACGAGAAGAGAGCGCTTCGGGTTGCGTCGAAGACGTCCGCCGCTGCGTATGAAGCTGGAGTAATGGTTTCTCTTCGGGCTGCGTTGCCTCAGGTGATGAAGCGTCGCCGATGCACGGCAGCAACAGGCCGCTAAACAGATCGCCCGGCAGCGGATCGGGCAACGCCGCTTCACACTGCGTTTTACCTTCCCATGTCACCTGCAACCGCTCGCCGGGGTTAATGCCGATCAGATAAACGCTGCCGTCTTCACCTACGATCCCTAACTGTTGCTGGCGACTGTTGTAAACCTCTGCGCCGAAGGGCGGCGTGCCGCCATCGCGCAGGCGGATACTGGCCATGGCTTTTTTACCGCTGAGCACCTCCATGCGGCGATAACCGATCGCCCCTTCCGTCAGGGTCGCCTGAGCGATGGAGAGAGTTGCTTCCGCGTCTTCCGGCAACTGGGTAATGTCGATTTTCACCAGGTTGCGGTAGTAGTCGTTGACGTCGACAATGACGGCTTTACCAAACGCGTTGGTATATACCGGCGTGCTGTAGCCGGAGATGGGTACGTTCGCTTCATCGCCGACATCCACCATCAGCCGCGAGCCGCCGTTGACGCTGGTGCGGTGCAGCGCCCCGCCTTTAGCAGTCAGCGTCGCGCCCCCCTGGATGTTCAGCCCGCCGGAGGTATAGTCGCCTTCCTGATAGTTCGCACTGACGTCAATGTCGGCATAGCTCGCTTGATGACGGTAGTAGCCGTCGAGAGTCGCACCGTTATCCGCGCGACCAGCGTTGATCTGGTAGTTATTGCGATCGTCAATGCGCTCGTAATAGCCGACCTGATTGCTGTTGTTGTCATCGCTAAAGGAGCCGTTGTAGCTCAGCGTGCGGTTGTTGCCCCACGGAATACTGAGCGAGACGTACACGCCGTCATCACGCTCATTGTCATATTCGTTGCGAAAACCGTTCACCGACAGACTGATCCCGCGCACCTCACCGACATCGAAATAGTGCGACAGCGTCAGGTTATAGCTGTCCTGGTTAGGTTGATTCCAGTAGGTGCGATGGGTGTAGTTGATATAGGCGTTGACGTTTATTGCCGAAAAGTTCTGGCTGTACGTCAGGGTATACATCTCTTTATCGTGGCCGGTGCGCTGACGATCGTTATCGTCATTATGCGTATCGATAAACTCGTCCATCGTCATGTAGTTTTCTTCGGAAAAGCGATAACCAGCAAACGTCAGACGGCTGTCTATATCATCAAAATCTTTAGCGTAGCTGGCACGGAACGAGTTACCCTGAATGGTGCCGTCGCCGTAGGCGCTACCCTCTGGCAACGTCGCACGGGAATGGGT
