gap_id	start	end	length	sequence
NZ_CP130454.1_gap1	14425	19329	4904	CATGATAACTTTACACGCTTTCGGTTTGCTCCCAAAGCCAATCACCCTGCCGCTCCCGTTTCAGTTGCCAGTTGTCTTGCTCCATGTCCTTGTGGCGTTCATCCAAGCCTTTGTCTTCAGTTCGCTGACGGCTGTTTACATTGCCTTGTTTGTTTCGCACCATGAAGGTGAGCATGGAAAGGAACATGCTGCCCATGAGGCAGCACATTGAGGCAAAAACAAATCTCAGCAAGGAGGGATGTCTGAGATGGGTGCAATTGGCGCTTACCTTGCCGCTTTGGCGATTGCTGTCGGTTTAGGGTTGCCGCTTGCGGTTATGTTCGCATCGCACGCTCAAGCGAGGGCTGCTGCCGCTGCCGTTGAGAGCATCGCCCGCCAGCCTGAAGCCGCTGGTGACATTCGCTTCTCGCTAATCTTGGGTCTGGCGCTGATTGAGTCGTTGGTCATTTATGTTCTGGTAGCGTTTTTCGTGGTGCAAGGTAAACTGCCTGGCGTTGAGCAAGTCCTTGAACTTGTCAAAGCCGCCATCAAATAAGGGCGGTGATGAAAAATGGTCAGTCCGCTTGAAGTCCTGTCGCAAATGAAATTGCAATGGCATTGGATATTGTCCCAAACGGTAGCGTTTCTCATCCTTTACTGGCTCTTGCGCAAATTCGCTTTTGCACCAATCCAACAAATCTTGCGTGAGCGGGAGGAAAGGGTGCGCAAAGTCATTGAGGATGCCGAACGGCAAAGGGCTGAAATGGAGAGGTTGAGGGCGGAATACGAGCAGCATCTGGCTCACATTGAAGAAGAAGCGAGGGCAAAACTTCAAGAGGCAATGCAACAAGCGTATCAAGCCAGAGATGCTTTGCTCGCTGATGCCCGCGAACAAGCGGAGCGGATACTCCAGCGAGCACAGGAGCAAATTGCTCTGGAGCGGGAGAAACTGATGGTTGAGTTGCGAGACTTCGTTGTAGATATGGCGGTGCGCATCGCAGAAAAGGTCATTGAACGCAGTCTTGACCGAACCGCTCACCACGAACTCATCAACGACATCATTGAGAAAGAACTGCGGGAGAAATCGGCTCACTAAAGGACAAGGAGGGCAAAATCGCAGTGGCAAAAGTGCTGAGCGGCTGGAAGGCGCGCCGTTACGCTATCGCTTTGCTCCAAGCCGCTGTAAAAGCCAACGAGTTAGACCGAGTGGAAGCGGAAGTGAAGGCTTTGTCGGAAATGCTTAACCGTTCGCCGCAATTGATGAAGTTTCTGGCTCAGCCGTTAGTGCCCTTTGAAGAGAAAGCCAAAAGGTTGAGGCAGCGGTTGGAAGGGCGCGTTTCGCCTGTAACCCTCAACTTCTTGCTCGCCGTCGTCAAACACAAACGCATTGAAGCCTTTGACCATATCGTCCGGGTTTTCGCCGATTTAATGAGGGAGTATCGGGGCGAAGTCGTCGCTGAAGTCACCACAGCCGTGCCGCTAACCGATGAGGAACGAGCCATGACTCTACAACGGTTGCAAGAAATCACGGGCAAAAAGGTGCTGCTCAGCGAAAAAGTTGACCCGTCAATTGTTGGTGGGATGCGGATAATCGTCGGCGACAAACTTTTAGACTTGAGTTTGCGGGGGCACTTGGAACGCATCCGTGAGCACTTAAGGCAGGTCTTCATCGCCGCCCCCCGCTGAACTCGCCTTCGCCGACCCAAACGAGGGAAAGGGAGGCGAGAAAAATGGAGCGCCGTAGAGCCAAATGGGAAAATGGTGTGCTGAAACTGGACAAGCCTTTGGATTTGCCAGAAGGCGCAGAAGTGACTGTCATCGTCGTGCCCACCCTTGCATCCTTGTGTGGTATCTTGAAACATGTGCGACAAGGCAGCGTGAGTTTGAAGCACAATCTTGGTGAAATCTGGGCTGAGGCGAATGAAGTTTCAGGGCGGAGGTGACCGACGATGATTCGTCCCGAAGAAATCACCAGTGTGCTGCTGCAAGAACTTGAAGGCATTGAGAAGGTCGTGGAGATGACCGATATCGGCTATGTCATTGAGGTGGGCGACGGAGTTGCCCGCGCTTATGGGTTACAAGGTGCGATGGCAAGCGAGTTGCTTTACTTTCCACAAGCAAGTGAGCGCTTGGGGCGAGAATTTTACGGCATCGCTTTGAACTTGGAGATGGACAGCGTCGGCATCGTCTTGCTTGGTCCTGACCAGTTTGTCCGAGAAGGTGACGAGGTTCGTTGCACTGGGCGAGTTGTGGAAGTCCCTGTTGGCAAAGAATTGTTGGGGCGCGTCGTAAACCCTGTCGGTCAACCTTTGGACGGCAAAGGTCCCGTCACTGCCAAAGAGTTCCGCCGCATTGAAGTGAAAGCGCCGGGCGTCGTTAAGCGCCAACCCGTCAAAGAACCTTTGATGACAGGTTTGAAAGCCATTGACTCCATGATCCCGATCGGGCGTGGGCAGCGAGAGTTGATTTTGGGCGACAGGCAAACAGGAAAGACTGCCATCATCGTGGACACCATTATCAACCAAAAACGCTTCCACGAGGCTGGAGACCCAGTCTACTGCATCTATGTCGCCATCGGTCAGAAGCAAAGCACTGTCAAGAGCGTCGTTGAAACCCTTGAGCGCTATGGTGCGATGGAATACACCATCGTCGTTTCTGCGCCGGCAAGTGAGCCTGCATCGTTGCAATACATCGCACCTTACGCAGGCTGCGCTATGGGCGAATGGTTTCGCGATAACGGAATGCACGCCGTTATCTTCTACGATGACTTGAGCAAGCACGCTCAGGCTTATCGTCAAGTTTCACTCCTTCTGCGCCGACCGCCTGGGCGTGAGGCTTATCCCGGAGATATCTTCAACCTTCATTCTCGGCTTTTGGAGAGGGCAGCGAAACTGAGTGATGAGTTGGGGGCAGGTTCGCTCACAGCCATCCCGGTCATTGAAACGCAATTGGGTGACTACAGCGCTTACATCCCGACCAATGTCATCAGCATCACCGACGGGCAAATTTACCTTGAGCCCGACCTGTTCTATGCAGGCATTCGCCCAGCCATCAATGTCGGAATCAGCGTCTCTCGCGTCGGCAGCGCTGCCCAATACCCAGCGATGAAGAAAGTTGCCCGTCGGTTGAAACTGGACATGGCAAGATACTTTGAGTTGGCTGCCTTCGCCCAATTCGCAGCCGAGTTGGATGAAGTGACAAGGCGCGAGTTGATCAGGGGCGAACGGCTCGTTGAAGTCCTAAAACAAGACCAGTATCAACCGATGGCACTGTGGGAGCAGGTCATGATTATCTTTGCAGGTGTCAACGGCTACTTGGACGACATGCCTGCCGAGTGGGTTCGCCCGTTTGAGAAAGAGTTCCTGCCGTGGGTGAAAGAGCGTTACCCAGAAATCGTCCACGAAATTGAGACGACAAAGGACTTCAGCGCTGAAACGGAGCAGAAGATGCACAAAGCGGTGCAAGAGTTCAAAGAGCGCTTCGTTGCTGCCCGTAAGGAAGCCGAGGTTCAAGCCGAGTTGGCAGTTGCTTCTTAGCCGAAGGAGTGAAAGGGATGGGCGTCATCATCAAGGACATTGAAGTGGAGGGCGACAAAGGCAAGGCGGTGCTGAGGACGCTTTTTGATACGGGCGCTTCACATTCGCTGGTGAGAAGAGACAAAGCCGAAGCAATCGCAACTCTTGTGCCATTGGCATCGCCTTTGCGATTCCGTTTGGGCAACGGTCAGATTGGTTTGGAAGTCCGAGAAGCATGCCACTTGTTCTTTGAGGTCAAGGGTTGCCGCTACTACTTCGTCTTCTATGTCGCCGATAACCTTGCTCACGAACTTATCGTCGGTGCCGACGCAATGCAAGTTTGGAAGATTAAGCCTGTCCCTGAGGCAGACGATTTGGAAGTTGACCCGTCAGTGCTGGAACTTTGGTTGGTTTGAAGGTGAAGGCTATGAAGCGAATGACGCCCGCAAAGCGCTATTCACGGCGCCGTTTGGAACGATTTGTCTCCGAGGTAGTGTCGCTGGCGAAGGATTTGTGTCCTGAGGCGGAAATTCGGATAAAAATCCCCGGCTATGGGGAATTGGACGCGTTTGTTGAAGTTGTCGTGCCTGACGAGATGGTTGAAGAGGTCAGCGACCGACTTCACGAACGGACTTCGCAAATCTTTGACGAGGAGAATTACTGGATCGGCGTCCATGTCGTTGAGAGGTCGCTGAGACAGAAAAGTAAAGAGGCGACGGAGTGACCTGAAATGGCAGTGCAAAGTTTGCGAGCCATTCGCAGGAAAATTCGGGCGGTGCGCAACCTGCAAAAAATCATGACGGCGATGAAGATGGTCGCTGCGGCGAGGTTGCGGCGGGTTCAAGACCGGGTTTTGGCTGGCAAGCCCTACACCGAAAAGATGCGTTGGCTTATTGAAACCCTTGCGCCGCACTTGCCAGCCATTGAGCACCCGCTTTTACAAGTTCGTCCTGTCCAAAAACGGGGCTTAGTCGTCATCACTGGCGATAAAGGGCTTTGCGGTGCTTACAACAGCAACATTATCCGAACAGCCCAAGCCTTCATGAGCCAGAACGGTGCAGCGCCTTTTGTGCTCTATTGCATCGGTCGCAAAGGGCACGACTTTTTCGCCCGGCGCGGTTTCGCTGTCGTTCGCTTCCGACCGCAATTGCCCGTTACTGCTCCCTTCTCCGATTTCCGTGCTGTTGCCCAAGACATCGCTCAATGGTTCACCAACGGCGAGGTTGACGAGGTTCATATCGTTTACGGCGAGTTCGTCAATGCCCTCGTTCAACGCCCAAAGATTGTCCAATTGCTGCCAATCAAAACTGACAGTGCGAAGGATGAGGGGCGAGGGACGAGAGAAGTTGTGCGGGAATACATCTTTGAGCCCAAAGCGCCAGAGTTGTTGGCTCTCTTGTTGCCACGATA
NZ_CP130454.1_gap2	20885	21834	949	ACAATCTCTTCGTTCGCTCGTTTGTTGACTCGGTGATTGAGAACAACTTGCTCCTTGACGGTGACCGAAACTTCGTTTCGCAGGTGAGTTTCAGCAGCGCATATCACTCGGCAATCATCGGCAACATTTGGCGAAACACCATCCCGCGCCGACACAATTCGGGCGAAAACATGTATGAGTCATCACACGCTGTTTGGCATGGACGAGTTTTGAAAGCCGACCGAAAGACCGTTTGGGTTGAAGGCAAACCATTTGTGCCCGATGAGTTGCGCAAGCGTCACCCGCAGTTAGGCGATTTGAAGCCAACTTTTGTGCTCATCCTTGACGGTCGCGGGCTCGGTCAGTATCGGCGTATCGTGAGCAATACCGAAAATTCCTTCACCGTTGAGCCTGAGTGGGATGTCGTCCCAGACAGTTCCACCTACATCATGGTTGGCATGGCATATGTTGAGACCCTTTGGATTGACAATACCGAGGAACACACCGCCAACTGGACAGGCTTTTGGGGCAACTGTTTCGGCAATGTGATTGATGGGCACATTTTGCGCAACGGCGAAGGGCTTTACTTGTGGGCATGGCATGATAGGTTGCCATCGCCGCTCGCTTTTAACGACATCATCGGCTCACGGGTCATCGGGCGAGGCAACATCGTCCTTCGCGGTCCTTTGGTTTTCGGCAACACAATTCGCTTCTGTGAAGTCGTTGATTTCCGCTACCGACCGAGCATGCACATTCAACCTGTCTGGCTGCAAGGCATGAACCCAAACCAACGGGCAGGAATTGCCCTTGAACCTGTTCGGCAACGCATTGAAGGTTTGCCCGAAACGGCTCCACTCAAAGACTGGAACATCATTGAAGGCACACACATTTACGACGGACCAATCGGCATCTTCATCGCCCCCGAAGCAAAATTCACCATCCTCCGCCGCAATGCCATCACCGTTGATGG
NZ_CP130454.1_gap3	48069	51344	3275	GACTCCATGAAATTGACGCCCGTTCAGCCAATAAAGGGATGACAGAGGCTCTTCCCTTTCCCATTCCAAGCCACCGAAATAAATAATGAGCAGGCAGTATTACCTTGGGCAAGTGGTGCAGCGAGTTGTCCAAGTAAATGGCTCAAAAGGTGCCCAAGGGCGACGCCGAGTGCCTGGAATAATTTGCTCCCTTCGCATCCATTTAGCATGTCCATCGGCGTAAATCATGTTAGCGCCACCATTGTGGTAAAAGGAAGGCCAGTCAATAGGCGGTGGAACAAATAAACCGTCGTTCAAAGTTTCAGCCTCGTCAATGACAATAATGGCATCGGCTGGAATTTGGATTTTTGCATCGGGGATGTAGCCAAACCAGATGTTGAACGAGTAACTAAGGTTCTTCTCCTTACCCCGATGGTCGGAAGGGCAGATGTAAAGTGGGGCATTACGAACATAGGGGAACAAAGCACCTTGCGTAACAATTAGACTCTGTCTCGCCTCATCAGTGACAGGTGCTGTTCTCGGGTCTGTGTATGGGGCTTGTAAAACCCAAAGTCCTAATACCCATTGCCCCCACCGGTTCCATTGGTTGGGCGTGCACTGGTAAGGTGGACCCCAAGGGCGCGGCCAGCAACCCGTTTCCGTCGTGCCAGGAGCGGGACCTGAAAGCATTCCATCGTAGTCCTGTATGTATTGCAGAAACCCCAAGCCCAACTGCTTGCAATTGGAAAGGCACGCCGCTTGACGGGCTTTTTCCCGGGCGCTGCTGAAGACAGGAAACAGAATCGCCGCCAAGATGGCGATGATGGCTATCACCACGAGCAATTCAATCAAAGTGAAGGCACGACGCATCACCATCCCCTCCTTCGCTTAAAATTGACCACATCGGGCATACCATGAGTTCAAGGTGGGCGGTGGCGTCGCCCAGTAATAGCGCAGGACGACTTGTTGAGGGTCAATCATCATCTGCTTGCTGTGCCATTTAGCATGCCCATCAACATAGAGGAAATTAGCCCCACCAACATGAATGAACGATGGATGGTCAATCAAAAAGCAGTCGCGGGGCCATTGGGTCTGGTCACCAGGGCACCAGAAGGGGACAAAGAAACCGTCGTTGAGGGTCTCGGCTTCGTCCACCAAATTGATGACTTCGGCAGGTTTGTCAATAGTGGCGATAGGGCGGTGTTGAGAGAGAAAGCCATTCTGGGAATAGGAAAAGTAAACACGCCGACCAGGCACTAAAACTGGGTCTGGAGTGGGTGGTCCTCCAATACGGCGAGGGTCACTGAACCAGTGATCAGAAGGACAATAGTAGATGGGTTCGTTGCGGACATATGGATAAATAGCGCCATAGGTCACTGTCCATGCAGGAAACCTTCGGATTAAACCCGCCGGCACCCAATGTCCTGCCAGTCCCCGATCATCCCACCAGCCGGGCGGAGCGCAATTGGGAGCGATAATCGCAGTGCCTGGAAGTCGTTCATCATAGTCCTGAACATATTGCCCGAACCCCAAGCCCAACTGCTTCATGTTAGACAAGCAAGAAGTTTGCCGCGCCTTTTCCCTTGCATGGCTAAACACAGGAAACAGAATTGCTGCCAGGATCGCGATTATCGCGATCACTACCAGCAACTCAATGAGGGTGAAAGCCTTCCTTGTCCATCGCAACATCTCCCATCACCCCTTGATGTTACTTTCTGAGGTCACAGACAGCATAGCAAAGGACCTGTTAGGGGGCAATGGAAGACATTGTAATGGGATGGAAAATTTTGACGGACTTCATCGGCGGGCTCGGGCAAATTGTTGGCGATAAAGGGTGGGTGGCATCCCCACCATGCGGGTAAAGACCTTGCTGAAATATAACGGGTCATTGAAACCGACCATTTCGGCTACCGTCGCCACTGAAAGGTTCAAAGCGAGTAACCGCTTGGCGACTTCAAGGCGAATCCTACGCAGAATTTGAAAAGGTGTCTCGCCTGTCTTCTGACGAAAGTGGCGGCATAAGTAAGCGGGGCTGTAACCGACGGCATTGGCTAAGTCGATGAGCCTGATAGGGTGATTGTAATTGCTCCAGAGAAACCGATACACGGCTTCTAAGAGCGGGTCCTGAACAGATAACGGGCTGGCTAAGCGTTCGTATTTGGGCACAGCGGGGCGAGCAGGTGCTTTTAGCATCCGTCCAAACAGCGCCAGCAGGTAGCCTTTGATAATAAAGGGAGACCATTCATCTCGTTGCTGCCATTCCCGCCACAAACCCCGCCCCAAATGGATCAGTTCTTCGTCATCCAAAGCGCAATAAGTGCCGACATAGTGCACCCCATCCCGCCATGCACATTGATGGGCGATACATTGGTGAGGTGGAAAGACGAGCCACAAAACGCGATGAGCAGGGTGCTGTGGCAAAGACACATGGGGCAAATGAGGGCAGCGAGGTGGAATGAGCACTATGGAACCTGCCTGACATATGGTCAAATGCCCCCGCCACCAGAGCCCCATCGTCCCCTCTAAGACGATACCGATTTCCAGAAAGGAATGGCGCTGCAGAAGGCTTTGTGGCTGAGGGGTTCTGCCTTGCTGTAAAGGTGCTCCTAACAAAGGAATTTGCCGACGAGATTCCAGAAGCGGAATAACCTCTTGGGCAACTAATTGCCGCAAGCGCTCTACCCCTTTTTCCAAAGGTTCTAAGCGCTCTTCTCGTTCAATAAAAGTGTGAACCATCATTGCTCTCACCTCCAAAAGAACGCGCCCTTGCCAATACCCCTGTCAAATGGCTCAAGCCTAACCAGATGTTGTGCCTTTGCACTTGCCTCCTTAGTTTGTCGCAAATCAACTGCGCTTATGACTTGAGTTGCAACGGCAACCTTAAGGCAAAAAACAACTGCACTAATGACCATGAAGCATCAAATCGGCTTGGGTGAGGGCAAAGCGTTTGAGCCAACGGGCAAAGGGGAAATTGAGCAGCGCAAGCAAAAAGACGAAAACGACAGGCAGAACGCCCAACGACATAATGCCATCTTGCCCCCGCCTCGCCATCCAATAGACACAAATGGGGATGAGCGCTAAGGCGAGCAGGGAAACTCGCCACGAAATTTGACCTCGTTCTTCCTCAATGGTGGGCAAAATGACTTCAACTTTTGCTCCCGCCATCTCAAATCTGTCCCTTGAAGCCCGCAAATTGATGGAAAGCAATTGCTTACCTTTCGCCACAGCCTAAATTTTGCCATGACGGGTTTTGTCGGTAACTTTTCGCTCGCTGCTTTATCCTTTCTTTGGGGTGC
NZ_CP130454.1_gap4	52953	57519	4566	AGGGAAGCAAGCAAGCGGGGCTTGGAAATTTTGGAAATCGCTGATGTCCGTTCAGAAGTCGGCTTAGGGGTGACTGCGAAAATCGTTGGCAGCAGGAAAGTCGGCATTGGCAGGGAAATTGCAACTGCTGAAACGAACCGATTTAGTGAACTTGAAGGCACTGAGATTTTCGTCGGCAAATTGGACGAGAGTCAACTGGAAGGCACGCCAGCAAAAGAGTGGCTTGAGAACGGATGGAGCATTGTGGGCGTTTGGCTTGACGGCGAATTTTCAGGCTGCATTGCTTTGTCCGACCAATTGCGACCCGACGCTTATGAGGCTGTGCGGCGGTTGAAGGAAATGGGCATTAAGGTCTTTTTGGCTACAGGAGATAAACCGCAAGTGGCGATGCTCGTCGCAGACCAACTCAATTGCGATGGCGTCTTGGCTCTCGCAAACCCACAGCGAAAATTGCAACTGGTGCGGGATTTGCAAAAAGACGGTGAACGAGTGCTCATGGTCGGGGATGGAATCAACGATGCCGTTGCATTATCGCAAGCGGACATCGGTGTAGCGTTAGCAACGGGAGCGGAATTGACTGCCCAAGCAGCGGACGCATTGATGGTGACCAGCAAGTTGACCGTCTTGGCTGATTTTTTGTCCCTTGCTAAAAAGACCAAGCAAATCATGGCTCAAAACCTGTTTTGGGCTTTCGCTTACAACATGGCAGCGTTGCCCCTCGCAGCCGCAGGCAAACTCAATCCCATGATTGCAGCCGTCGCTATGGCACTCAGTTCCATCACCGTCGTCGGCAATGCCTTAAGACTGAAAAGGTCTGTTTCCTGAGGCGAAAATTTTGCTCACCTCAAAATCAATGCCTCGGCGAGGCAGTGGAAGGTGAGCCAGATGGATGGCAACGAAAAGGCGAAAACGCCTAAGACCAAACCTGAAAGGATTGCTCCGACGCCAACCCAAATTGCATACTTGCTTTTTGTGCGTTTTGCTTTGAGGCGCTCAATGCGGTGTTGTAATTGCTCATTGTTGAGTCCCGTGAGACCTTGAACAGCCCTCAAAGCGTTGGTCAGCAAGCGAGCCAATTGGGAATCGGATGCAGCGAAGTCATCGGCTGCCATCTCACAAGCATATCGCCACTCTCTTTGAAGCCAAACGGCAAAAGGAATGGGGGCGAAGATTAAGGCAATGACAAAAAGCAACCAACGAAGCCAATGGTCCTTGCGAGCGAGATGGGCATATTCGTGGCGCAAAATGATTGTCAAGGCTGACAAAGGCAAATGACGGACAGTTTTTCGGGAGACGAAGATAGACGGAGAAAGGACACCGACGAGACCTGCTGGCGCTTCATCATCCGATTCCCAAACGGGCAGGTTTTTTGGAAGTTGGGCGAGAGCAATAGCCTGCTTCAATTTTGGCGAGGGGCGGAAACGCTTCACCAACTTTGCTCGCTTTGACAAAATCACTGTTGTCGCCCCCGTCACCCCGAGCCACACTAATGCCGCCAAGAGTAGGGAATGACTTTTCCAAATTGTCGTTGCCGATGCGTGCCCGCACAAATGCTTTGCCAAGTGAAAGCAAAGGTGGTAGTTGCGAACAGATGTGGCGGGACACAAAATCGCTGAAGTCAAGCCAGCAATTGCGAAAGCGATCCCGAAACTTGGCGGTGCAAGTAAACCAAATGCTGTCAACCGAGCCCATTCTGAACCTTCGGCATCTCGCAACGGTGAAAATTTCCTTGACAGCCACAATATGCTGCCGACGATTGAAACCAAAAGAGCGCTTGAGATGAGCCAAAGGACAAATCCGACAAGCACCAACCTCATCAACTCATCACCGCCTGCGGCGACGGCTAACTTCCGCCAAGTATGAGATGGCAGGTTCGCCGAAGATGGCTATGAGCCTGTCAACGAATGAATCCACGAACCGCTTCAAAAGTGTTTCTCGCGGCTGATTGGGGAAGTAGCGGTATCCCTTCCCTTCCTTCGTCCGGCTCAAAACTCCTTTCTCGTAAAGCCGAACCATGACGGTCATAACGGTCGTGTAGGCGAGCCGTTTACCTTCGCTTCTCAGTTCCAGCCAAACTTCCCGAACAGTCGCCGATTTCTTTGCCCAGACTATTCGCATGATTTCTGCTTCAAGCGGACTGAACATATCCCATCACCGCCTTTTTCTTTGCCACACCTTTGCTACGATGGCAATAGTAGGTTGTAGCAAAGTCGGTGGCTGGCGTTGATTGAGGTTTCTGCCACATTTTCAACTCGGAGCGTTTTGTGCCTTGCACCCAAACAATTTTCGCAGTCGTGCCTTATCCTTCTTTTCGGGGCGTTTGCGATGATGACGGAAGGGAAGATGAAAACTTACCGATTGCTTCAACCGGCGGCAAAAGTTTTGGCTTGGTTGCTTTTCAGACCGAAAGTTGTCGGGACGGAAAACATCCCGATTGAAGGCGGAACTTTGATTGTCTCAAACCACCCGACCTACCTTGACCCAATTTTGCTGGCAATTTTTGCCCCACGCCCCTTCAGTTTCGTCGCCAAGCGACCCCTCTTTTACTTGCCAATTGTCCGCACTTTCCTTTGGCTCACCGATTGCGTTCCTGTTGAGCAAGATGCGCCCGATAGAAGGGCGTTGAGGTTGTCAATACAGAAGTTGCGCAAAGGCGATGCTTTGGTCATTTTCCCGGAAGGGACTCGCAGCGATCACGGCAAGTTGAGACCGTTTCAACTTGGACCGGCGATGATTGCAGTTGAAGCGCAAGTGCCCATCGTCCCTTGCGGGCTTGTCGGCTTTTACGAGGCGTGGAAGATGGAAGCGCCAATCCCCAAACCTGCTCCCGTTGCAATCGTCTTTGGCAAACCCTTCATGCCTCAATTACCTAACGAAGTTCCTCGGCGTGAAGCCTTGTCCCTCATTACCGAACGGATGCGGAACGAGATTGTGAGGCTAATGGAATTGGGTGGGCAACTTCTCGGACGATGAAGTTTCAGAGCCTCACCTTGACCGCCTGTCCCAACTTCGCTGACTTGTATGCCGCTTCCGTGACCGCAATGACCTTTAAGGCATCTTCTGGTGGGCTTTCATTTTCAGCCCTTCCGAGAACGACATCAATGAAGTGGCGGTTGGGATTAGAAGCCGGTGGCATCTCCGATTGCTCAACCTCTTTCCACTCAGCGCCCCAAGGTTTGTCTGGGAGACGCCTCCCCACGATGACTTTCCCATACTCATACCTCAAGACGCCCTCTTCACACACGAAGGTGTGGTGCTCAAAGAAACTGATTGCACTTCCAACGGTGACAACAGAGGCGATTTTCCCGTCAGCGAATTGGATGCCGACTATGTCGTTGATTTCAACGGGAGCGCCGTTGTTGGTGATGGTTGCGGTCACTTGGACGGGTTTTGACCGAGCAATCCAAAGGGTTATGTCAACGATGTGGCTTCCAGTGTCCATCAAAAATCCTCCGCCGCTCAATTTCAGGTCTTGCCTCCAAGTGCTGGCAGTTCCCCGCTGCCAACCTTGACCGACGAATGCCTCAATGAAGTTGAGTTCGCCCAAATTGCCCTTTACAATTTGCTCCCGAATGAAACGGAACTGGGGCATGAACCTCCTTTGGTAACTCACCACCACGACTTTGCCAGTCTTTCGCATCGTCTCAATGACCTTTTTTGCCTCGCTGACCTTCACGACCATAGGCTTTTCCGTCAAAACATGCAACCCTCGCTCAAGGGCGGTCACAATTTGCTCGCAGTGGAAGGAATGGGGCGAGAGGATGATGACTGCATCCAAATCAACACGGTCAAGCATCTCCTGCCAATCTGCGAAAACCGTTTTGCCTTCCTTGACAGCCAACCCACTTTCCTGAGCCCACCTTTTCGCCGAATCAACATTCGGGTCGGAAAAGGCGACGATTTTCGCCTCCTTGACTTCCCGCAAGTTCCTCAAATGCATCCCCGTGATGCTGCCAGCCCCGATGAAGCCCAACCTAACTTTGCGACTCATCAGCATCCACCTCCGTTCTCGTTTTGACCAACTTTCACGCTCTTCCCCTAATTTTCATGACCCTGCTGCCCCGAAGGTGTTTCAGTGAATTTCCCTGACACCGCACATTTTTCGCATGATAGCGGCTGCGAGCAAATAGCAAACTGCTCCCGCAATTACGGCTTTGCTGTAGCCAAACAACTTGCCTATCAGGACGGCACCGACTGACCCGACTACGCTTGTGACACCGTTAACGCCCCAAAGATATGAGACGCTGACTGCCCACAAAGTTGGTGCTAACCTCATCGCAGAGGGGAACGGCATGCCCATCGGGATACCTAAAGTGACTGTCAAGGCAAAGAGCGAGATTGCACGGAGCGCAAGAGGCAATTCGTGAAGCGCATTGACGAGTGGCGAGACGACGAGCCCCAAAATCGCCGACACTGCAGCGACGAGAGCGCAAGCCGTTGCAGCCCAATCTCCCAGTTTCTCTTGCGCTCGTCTTTGAGTCAACACGCTCCCCACTGCCCCGCCTAAAAGCAAAGCACCGACGAACATTGCAAGGGTGTGAGTCGGGCTTCCGAGCAAAAGCATCG
NZ_CP130454.1_gap5	59328	60338	1010	GCCCGCAAAAGGACAACAAAAACACAACTAACAACATCACCTTCGTTCGTTGCAAAGCCGCCATCCCATCACTCACCACCTTGTGAAAATCGTTGCTGCGACGACTCCCAAAACTGCAGCAAAGATACCGGTGAGCCAAAAGACGGCGACGATGACAGGTTCATGCCAGCCCAAAAGTTCAAAGGAGTGGTGAATGGGCGTCATTGGGAAAATCCTTCGCCCCTCGCCATATTTTCGCTTTGTCCATTTGAAGTAGGCAACCTGCAGCATGACCGTCAGTTGTTCAATCCAGAAAACTAAGCCGATGACGAGGAAAGGCAAAATCGCTTGACTCGCAAAGACGCTTATTGCCAAACCAGCGCCCAAAGCCATTGAACCCACATCGCCCATAAAAACCTTTGCTGGGTATCGGTTGAAAACGAGGAAACCAAGGCAACCGCCACAAAGAGCGAAAGCCATTGTCGTCCCATTCTCTAATCCGTTGCGCCAAGCAATCAACCCGACAGCAAAAGCAGCGATAGATGTCAGTCCCGCAGCGAGCCCGTCCAAACCGTCCGCAATGTTAACGCCGTTGACTGTAGCCAAAAACAAAAGCAGCAGAAAGGCGAACCAAAGCCAAGTGAGGGTAGGGTAGGGGAGAGGTGCAAGTAGCAATTTCCCCCAACGAATCTTCGCCAATGCGACCCACAAAACTGCCAAAGCGATTTGCATTGCTAACTTCGGTTGAGTTCTCCAACCTTTCCGTCGCTTCAACTTCGCCCAATCGTCGGCGAAGCCGAGGAGCGCATAACTGAACATTGCACCACAAAAAAGCCCGATATCGGCGAGGGAGTGAGGAGCGTAAACAGCGGTCACTAAAAGCGCCGCTAACGGTGCGGCGACGATAAAACTGATTCCGCCCATAGTGGGAGTTCCTGCTTTCAAGCGGTGTCTTTCAGGCACATCTTCACGGATTGTTTCCCCTTTGAGTTTTTTGAGCATCGGCAACAACAGCCATGTCAAAAAGGCTG
NZ_CP130454.1_gap6	123456	124659	1203	AATGCGGGTTGGGCGAGAGGAAGAGTTGATAGACTTGGTGGGAGCCGAAAAAGCCCGCCGGCGATTCCCCATCCGAAGCGTCCAGTTGCGGGACTATGTGGATGAGTCTGAACGAGTTCGTCGCATCGCTCTTCTATTGGATGCCATCAAAGACTTCAGCGACTACTCAAAGCAAGCCCGTCTGCTAACTGACTTCACCCCCGACTTACTGCTTATTGCTCTGCAGAACAATTACTCCCATCGCCTGCAAAAAGCGATAGAACTGCAAGGTGACGGAACAGCAAGGGTGAATGTAGAACGGCTTCGGCAAATCATCGCTGAGGCGAAAGAAGACCTGTTGATTGTTGACAATAAGCCTGCCCTTTGGGCTGGGATAATAGACGGAATCGTGGAGAACGCCGAGGAAGTTCGACAAGCACTGGAGAAAGCAGGTGTGCCCATTTTGACTCCGCGCGAGGCAATCAATGCTGTCAAGCGAATTCTTGAAAGTGCTTGAGTAGACCTTTGAGGTGATAGCGATGGCAGGCAGTCTCTACGGCTTCATTGTAGATGCCGAGATGACTTACTTTGCCTGCTTCCGAAAACCGACAAGCACCAGTTTGATGCTCACCTATCCTGTTCCACCCTTCACAACCATTATCGGTATGATTGCCAATGCCTTGGGCGTTTCCCGTCCCGTCTATTTTGAAGGCATCGCTAAGTTGCAGGAACTCCTGTGCCTTAACCTTCGCCCGATATACATCCCTCAACGCCCATCTCGCGAGACAGCAAGGATACTGAAACTCTTAGCCGATGATTTGGAACAAGCTTTAACGAATTTGGTGGAAGCATTCCGTGCTGGGGCAAGTGAAACACTTTTGAAGGAGCTCATAGAGCGAGCAATTCAAGCTTCCAAGCGTCCAAGGCGTCCATACTTCACGCATGCTTTAACACAAGTTTCTGAAAGCCTTGGCAAATCCCTAAGTCTTCAACACGCTGCCGAGATCTGTGAGCGCCTTTGGCAGGAGTTCAGGAAAACTTCCCGTAGCAAACCGGTTGAGTTTCCTTCATCCCCCATGCACAAATACTTTCTTGTCCGTCCTGCCTTCCGCTTTTTCGTCGCAAGTGAGGACAATGAAGCCATCAGCGAAATCGTCAATGCTCTGCGCCAACCCGAGCGCCCGCTGTATCTTGGGCAATCGGACGACATGGTAGTCGTGGAAA
NZ_CP130454.1_gap7	130268	132646	2378	GGATGCGAGGTCATTGACACTCAAACCGAAATAACCGAGCGAGATGTCAAGATGGAATTTTGCGAGAATGAATTGACGGGAAAAGCCGTTGAAGAAGCAATGGAGCAAGGTCATCAAAAAATCCTTGCCGTCGTGAACACAGTTGAGCGTGCTATTGAGTTGTTTCAACAGGTGCAAAGTTTAGCGGAACAATACGGCTATTGCAGCAATTTGCTGCATGCGCGATTTCTGCCAGACGATAGGCAACTAAAAGAGCAATGGGTTGATGGGCACTTCGGCAAAAACGCTCCAGAAGGGAAATGCCTTCTCATCGCGACTCAAGTTGTAGAGGTGGGATTGGACATTTCTGCCGATTGTCTGTTAACAGAACTTGCACCCATTGATGCCCTTATCCAGCGAGCAGGACGGTGCGCCAGATGGGGCGGAAGTGGCATCGTTAAGGTTTTCAAGGTCAAAGAAGCAGCACCTTATGACAAAGAGTTGGTTGACAGCACTGAGTATGCCCTGTCGCGAGAGCCATCTCTGACTCTCTGTTGGCAAAAAGCAAAAAACTGGGTCAATGAGGTTTTGAGCGAACGCTACAAGCAGGTTTTAGAGCAAAACAGAACTTACGAGCAAGTCGTCGCAGGTCTTAGTTATGCTGCTTTCAGGGGCGACCGAAGTAAGGTTGAAAGGGCAATTCGCGACACTCAAAGTGTTGAGGTGACGCTCCACAGCGACCCGCAATCCTTGGACAAAAATGTCTTGCGACTACCGACAATAAGTGTCCACATTGGCATAGCAAAGTCGTGGCTCAAGAACGGAGCAAAAGCATGGCGATTGGAAGTGGACAAGGAAGGACTGGATGCTGAAATCCGAGTCCGTTGCGAACCGATTACTGAAAGGAGCCGAATTTGTCTTGGCGACCGTTTAATTTTTGAGCCATCAAAATTGGCTTACGATTGTCAACTGGGTTTGCGCTTTGGCGTGAAAGGAAAAGACTTTGAGCCGCTGCCTAAAAGGGAAAGGACGCAACTGGAAGTTGCTTACCAAACTGAACCATGGATTTGCCATGCTGTTAAGACAGTGCACTGGATGGAGAAAATGCTTGAGCGGAATTACCGTGCTGCTGAAGGACTGGCGAAATTATTGGGCATTTCAACCGATGAGGTTAAAAAGGCAGCAAAATTGGCAGCGTTACTTCACGACTTTGGGAAACTCACCGTTGAATGGCAACAAAAGGCTGGAGTAAACAAAAATGCTTCAGGTTGCGAACTTCTGGCTCACACTGCAAGCCGAAACTACACTCATTTTCCGTCTCACGCAACTGTCTCGGCTTATGCGCTATGGGATGCGCTTCGGGAAGTAATTCCTTGCCAATTGGGCAAAGCCGTCCTTTTTGCTATCGCTCATCATCATTCTGTCCGAGCAAAACAAGTGCCAAATTATCGGTTACATCCAAGTTGGCAACAAGCCGTCAAAGAAACATTGAACAAGATTGGTCTGGACAGCATTTGCTTGCAAAAAGTTCGGGATGAGCAATTAAGCGGGACTGATTTGCGCGATCACTTCCCGCCATTAGAGTATGATTGCCTTTACACTGCTTACATCTTGATGTCAAGATGGTTACGGCTTGCGGACAGGATGGCAACGGAGGGGAGTGAGGATGCCGTTTTTCGTTACGAAGACTGGTTTGGACGCCTTTGATACGGCAAGGGCTTGGGGTTTGGCAGTTCTGCTCAATGTGCTGACGGAAGACGAGGTTAGACTGCGAGACGCAGGTTGGGCTTTCATTTTAGAACCCTCAGGACACATTCACAACAACGCTCAACTAACTGGCTTAAGTTGGGGAACCCTTTTCGCTGCTGAAGATGTGCAGTGGGAACAAGTTTTCGTAACACATAGGGGTCGGCAGGAAGCGCAAAAGCAACAAGTGCGCCAAATACTGGAAACTCAATGGCAAAGTTTGCTTTCTGATTTGCAACGACCAGACAACTTGGTGGTAGTTGGGACAGGGGAAAGTGTGCCCGGTGGATTGGAACCAGCGGCTTTTAAAGGTTTGCGCCACGATTCTAAGGCTCGTTATGTTGAAGAGCAACTTAAAGCGCCTAAGAAACATTGGGCACTTGCTTGTCTTGGGATGGCAACCTGTGGGACTTATCGCTTCAGTCGCGAGGCAGGTCAAACTAATTGGCTTGTCCTTTTGCCTGTTCCGCAGGATGCTCGCTTTAATTACTTCCGCGATGTTCAGGAATTGATGCGCAACCGAGGTCTTCAATATACAGGCGTCCAAAATGCTGCTGCCCATTATGCCGTTCAGTTAACGGAGCAACTACGCAGGCGCGCTGCCGCTCAAGGGAGTTTGCAAGACCGCTTTTCGGCAGTCCTTTACTTCACCC
NZ_CP130454.1_gap8	135607	138594	2987	TGGTGGGTCGCATCGCCGCTTCCCGCCCCGGTGGAGGCGTTGGCATTCACTTTGCTGACCGAAGGCGAAGCCAAAATAGGAAAGGTCAAGTTGACCGTTGAACGAGTGGAAGTTGAAGAACCACCGAAAATTGAGGGGCGCTGCTTGTTCCAAACTTTGTCGCCCATCGTCGCTTCAACGGGAGTGCGCAAAGGAGGCAAAATAGAGCATCGCTTCCTGTCACCAGAGGAACAAGATTTTTGGCGTGTTCTGGAGACCAACTTGCGTCGGAAAGCGATAGTTCTGGGAGTTGAAGCATCACCAGATGCGTTACGGTTTTCTTCCGAATGGGAATGGCGCTCAAAACTTTTTGAGGTGCAAGGGACAAAGGTGCGTGGATGGGAGGGAAAGTTTTGGGTTGAGGGTGACCCCGCTCTCATACGCATCGGTTACGAGGCAGGCTTCGGCGAAAGAAATGCACAAGGATTTGGCATGGTGAAATTGGTCGCTACAAAGTGAGCAGCCTGCCTTGCTGACCCATCATGTGGCAAATTTGGGCTTGGGAAAATCTTTGCGAGGTGAGGCAGGCGATCTCGCATGGAACAGCAGCGACTGTTGGATGCAGAAAGCGCAGAAATTGCTCACGAACCTTTAGCGTCCCGAATGAGACCGAGGTCGCTGGAAGAGTTCGTCGGTCAGGAACATCTCGTCGGTCCAAACAAACCGCTTCGCATCGCCATAGAGCAGGACAAACCTCACTCGGCAATCCTTTGGGGACCGCCGGGGACGGGCAAAAGCACTCTCGCTTTTCTGTTAGCGAAATACACGAAAGCCCACTTTGAAGCCCTTAGTGCCGTGACCGTTGGTGTGGCTGAAGTGAGACAAGTGATTGAAACTGCCCGCCGCCGATTGCAACGGGGGCAAAAAACTGTGCTCTTTCTGGACGAAGTCCATCGGTTCAACAAGGCTCAACAAGATGCATTGTTGCATGCCGTTGAAAAAGGCATCGTCATTTTCATCGGCGCAACCACTGAAAACCCCTTCTTCTACTTGACCCCGCCGCTCCTTTCCCGCTGCAGGCTTTATCGGCTTGAGCCTTTGACGACGGAACAAATCTTGCTTTTGCTCAAAAGGGCTTTGAGTGACGAACGGGGTTTGGGGAAGTTCAAAGTTGAAGTGGACGACGAGACTCTCAGGTTCATTGCCGAGCGAAGTGGCGGCGATGCGCGCCGAGCACTAAACGCCCTTGAAGCCGCTTTCTTGATAGCAAGGGAGACAGAGGAGGGTAGGGGAGAGGAAGGGAGCGTTCGGATAACTTTGTCTATCGCCCAAAGTGTTCTCTCCGATGCGCCACTTGCTTATCAAAGAACGGGCGACGACCATTACGATGTGGCATCCGCTTTCATCAAAAGCATTCGCGGTTCTGACCCAGATGCTGCAGTTTATTGGCTCGCCCGCTTCCTCGCTTCAGGAGAAGACCCACGCTTCATTGCTCGCAGGATGGTCATCGCTGCGGCGGAAGATATTGGGCTCGCAGATCCGATGGCTTTAGTCATTGCGGTCGCCGCCGCTCAAGCCGTTGAAATTGTCGGTATGCCGGAGGCTCAAATCCCGTTGGCAGAAGCAGCAATTTACCTCGCTGCAGCGCCAAAGTCAAATAGCGCATACAAAGCCATCAGCAAAGCGATGGACGAACTTGAAAAGCACGGACCGCAACCTGTGCCAATGCATCTCAGGGATGCATCTTACAAAGGCGCTCAAAGGCTGGGGCACGGTGTCGGCTACCTTTACCCTCACGATTTCCCCGACCATTATGTGCCTCAACAGTATTTGCCGCCAACGGTGAAAGGTTTGCCGTTCTATGAGCCGACGGAACAGGGCAAGGAAAGGGAAATTGCCAAGCGACTTCAAGACCTTCGTTCAAGATCAGCCAGCGAGGCGAAAGCAACTGACGCTCCCAACAGTTTAGCGAGGGAGAACGAAGGCTAAGTGCGAAGGGTAAGCCAACGCCTTTCCTTCAGTCAAAGTTTCCCCTACAGCCGAAACATTCTACCACCGCAAATTTTGGTGGCACGAATTCAAAAAATGTGCTACAATTGCGGCGAAACTTTGCGGAGGTGATTGAAGTGCGAAAAGGTTTCACGCTGATTGAGTTGTTGGTGGTCATAGCCATCGTCGCCATACTGGCGGCGATTCTGTTCCCTGTATTCAGTGCTGCGAGGGAAAAGGCGAGGGCAACGGCTTGTTTGTCCAACTGCAGGCAGATGGGAATTGCGATGGCGATGTATGTTCAGGATTGGGATGAAGGCTTCCCGCTAACCGAGCCACACGAATATTCAGGTGGTCACGCTCCTGTCGGACCTGGATGGCTCAAAAGTTGTCAACCCTATGTCCGAACGACTCTGTTGCATCGTTGCCCATCGGACTCAAGCCCTCTTTGGGACGATGGTGACCCAACGACAAGGGTGGCATCATACGGGCTTAACGGTTACTTCCCACCAGACCATCCACCTTACTGGGGAATTCGGTTGAGTCAAGTGGTCAAGCCATCGCAATGTATTATCATAGCAGAACTTGCCGACCAAGTTGTAGACGACCACTTCGTTCCTGTTGCTTGGGGCAATCCGACGAAGGTGCCTGAGTTTGGTCCTGGGTCTGAGGAACATGAGGCGGAATGGGACGACGAGAAAGGTGAGCCTAAGAGTCTCGCTATTCGCCGTCACCAAGGTGGAGCGAACTATGTTTTCGTGGACGGTCATGCTAAATGGCTTCAGTTCCACCAAACATGGAAGCAGGTTCCCGGTTTTCTGCCAGAAGTTGATTGGTATGACCCGCTGCATCCGTGAAGGCTAAAATTTCGGCAGGTTGTGAGATCGGCAAATCGGCAGCGGGAGTGAAAGGGTTGACTGTTTTACTCGCTCCCACTTGCCGCTACTTTTCTCATGTGCCGCAACTTCCGAACTGAAAACCATCCGATGACGGACAGAGGCACCCAAATGATGCCGAAG
NZ_CP130454.1_gap9	165430	169296	3866	CCGCTCCACTTCTCGCATGGTCGTCCCGCAAACAGGGCATTGGAGCATTTCCTTTCACCTCCGATGCGTTGTTAAAACTTGCCACCCAATGAAAAGTATCTGTGCCACGCTGCTGTCCCGTGCGTCTTAATTTTTCAGCATGTAACCCGCTTCGGAAATGCAGCGGAAGGAGGAGAAACGGAGATGGCTGATTTGAATAGGCGCGAGTTTTTGAAGCAGGTCGCGTCAATCGGGGTCGGAACGACACTGCTTGGGAAAGCCCAAGCGGTTGATGAGCAAACTTCTCCCCCAATCCCGCAAGTTGTGTTGGGTAAGACGGGGATCAAAGTCTCGCTTGTGGGATTAGGCACGGGGATGAGAGGTTGGATGAGGCAATCCAACCACACTCGGATGGGATACCCTGCCTTTGAAAGGCTCGTCAAACACGCTTACGAACGCGGCATCAATTTCTTTAACACCGCCGACCTTTACGGCACTCACACTTTCCTGCGTGACGCCCTCAAAGGCATCCCAAGGGAAAAGTTCGTCATCCAGACGAAAATCTGGTTCATGCCTCAAGGTCTGCCCGAAGTCGTCACTGACGCAAAGGCTGCCGTTGACCGATTTCCGCAAGGAACTTGACGCCGACTACATTGACATCGTCTTGCTCCACTGCACGATGAGGTTTCAATCCCACAATGGCGCGATTGCTGTCGTAGACTACCATTGCTGGCTCAGGCTTAAGGTTGCAAGCCAGCGGTCGTTGCGGAAGTTAGGGCGAACAATTGGGTTCTCAAGCCAACGGACGCTGAAGGTGATGTATCTCGCGTCGCTGAGCCTGTAGTTGTAACTGACGCCAAACAATTCAGCCCTGACAGGCTTTGGAGTGTCGTTCTTCAACTTCGCCCACTCAAACCGCCACTTGATGGTCTTGGTGGGCGTCCATTCAAGAGCCAAGCGCCAATCGTGAGTGATAGGCATTTTCGGGATGCCGATCTGCTCCTCCCAAGCACCGATGAGTTTCCACTCTTTGCTCAGCCGAAGGGTCAGATTCGCCTGATGGAGTTTGTAGGGGGCGATTTGTTGCCTGACAAGGGGCAACTGAGGTGCAAGCGCCAAACCTCCGGTGAACTTCAACCAATCTTGCTGATGCCACTGTTGTGCCCAACCTTGAGGCATGTTGGTCAAGTTCGTCACCACGAGTTGTGAGCCGTGCTTGTCAAGGGGCAGCACCATAGCGAACTCTCTCATCGGCAATTCGCCGTGTTGGTCGCGGAAGGTGGCAGCGCCCCACACCAACTTGCCCTTGCCAATCGGGATGGACAAGCGCCAGATAGGAATCTCACGCTCTTTCCCGTCCCACTGCTCAACTTTCCAGTAAGAGAAGCGAATCGCAAACGGTCGGGATTTCGTTGCAGGCAACTCAAGGTAGACGCGTTGGTCTTTGGCTTCCTTTTCGCCGTTTTCCGCTTGCCCCAATTGAGCGCCAAAGTGAAGGTCAGGTTTGCTGGCAACAACCCAGACGGTTCGGTAACTATCTGCTTGAGGCGAGATTATTGTCAAGGGCGGTGTGCCCGCTTGCGGGACAGGCTGAGATGCTGCTTGAGCGGATTGGAGAAGTTGCTTTGCGGTTTGTTGCTGTTGTGCGGCATCAAGCAGACTCATCCTCCAATAGCCGAAGTGCCAAGTGAGACCTTCCTTCTCCTTGCTCGGCAACTGAACCGTCAATTTCTCTTCGCTGCCGTCCTTTCCATCCTCCCGATTGAGGCGACCGAGTTGGGCTGTCAAGTTCAACCTGTTAGGCACCGACAAAGTCCAACTCAGCCTCAAGCCCCTGACATCGGTTTTTGCTGTGGTGTCTACCGAGAAGCGAGACAATTGCCACTGCTGCGTTCCCTTCTTGTCATCGCCGAGTTTGATGGTCAAGTCAGTTTGCTGCCGGTCACCGTTGGGCATTTCCGTCTTTGTCAGTTGCATCGTGACCGCTGTGTCAGGGCGAGGTTGGTAGGAGAGAACATGCTGCCTCGTCTCAACGCTGCCGTTGCCTTGGGGTTGTTTGTTCAACTGAGTTGTCAACCGCCATTCAGAAGAGAGCCTCATCGTCAAGCGTGCGTTCACTGTCTCACGCTGTTCTTTGCCGGTTTCTTCGTAAACCGACCTGTCAATGAAGAGAACGATGGGTTTCTTTTCTGGCGTTTTGACGACGGTTCGGGCAAATCGGGTATCGTGCTCTTTATCGCCCTGTTTCGTTTCGGTGAAGTGGCGTTGCATGACGAGTTGCATGCCACCGAAGAGTGGCAGTTGTTGGGCTGTATCCCAACGCAAGTGTTTCTCAGTCACTGCAGGTTGGTTGAGGTCTTTGGGCTGCAATGTCCAACCACCGAAGACGATGGTCATGGGAGGCGTCTTGCGCTTCGGGTCAGGGTTAAGGGTCAAAACGGTTTCGTGGCTTTGCTTCTCTCGGAAAGGTTGAGGTGCGTCGGGTAAGGCTTCAGCGCTGCTTCTGGTGTGAACAAGTTTCATGGTCGGCGAAATTTGCCAAGTGAACCTATCTTGCCTCTCGCGCCAACCGATTCGGCTTGCAAGTTCGTTCAAGCCCAACGCTTTCAACTGCTCAGCGTTCAAAGTCGGCGTTGCTTCGTCTTCGGTTCGTTCCCAAGCAAACTGCCCACCTGCAAGGCTTAGTGCGTAAGTTTTTCGCTCAACAGCAGTTCCGCCGCTTTCGTGTCGTGAACGGCTGAAAAGCAGGCGCTCTTTCGGGGTCAGTTGCAAAGTGAGTTTTTGCCATAGTGAAGACCAACCAAGTCGTGGGGCAACCTTTTCCCAGCCGATAGCCTTGAGGAAGTTGGGGTCAACGCCGCTTGACAATTGCTCCCTCTGTTCTTCCCACTGCAACCGCCCGCTAAGCAAAGTGATTTGTGTTCCTTCGCGCTCAAGGACCGTCTTGCCGCTCTCATATCGGTAGCGGGTCAGTGCGAGGCTGTCCTTTGCGCTCAATTGCCACTTCAGTTCTCGGTCTCGGTAAGACCAACCGATTTTTGGCAAATCCTTTTCAAGCCCGACCGCTTTCAGGAAGTTGGGGTCAACGCGGGCTGTGTCTTCGCTTCGCTCGCTAAAAGTCAACCTGCCGCTGAGCAATGAAAGTTGAGTTGCGTTGCGGGTGATTTCGGTTGTGCCGTTGCTGAGCCGGAACTCTTCACGGCTGAACCCGTCTTTAGCGCTGAACTTCAAAGCCAATTTTTCTCGGCTCGTTTGCCAACCGATGCGTGGAATGAGGTTTGCAAGCCCCAAAGCCTTTAGCGCTTCAGGGTTAGTGCCTTTCGCTACATCCTCCCGTTGCTTTTGCCAGACGAACTGCTCCTTGCCGAGCACGATGCTGATGTTGTTCCTCCCGACAGCCCCGCCAGAACCGGAAATGTCTCTCCGTTCAAAAGCCAGTTGGACACCTTTGTTCTGATAAGCAGCCTGCACTCCCTCTTGCTTGAGGTTGCGCCAGAGTTGCCAGTTGCCTACCTGCAAAGGTGCTTGGCGGTTTTGACCTTGTTGGGGAGTCAATGCCCGTTGGATAACTTGTTGCTGTGCTGCCCCTGCAGGTGCGGGGATTTTGTGCATGTCCTCTGCTCGGACTTTGTCCCATTGAAGTGTCAAGTGGGAATTGCCGATCTGGATTGAGCGGGTCTCAGCCACACCTCCCCTTTGACCTGTGGTCGTGTTGGCGAAGGCTCGGAATGTGGTCTTATCGTCAGGCTTCCATTCAGCCTCACCTTGCCTGATGCGGACTCCTGCGACAGCGTTTATTGGCATTTGCAGACCCGTTTCGGCAGCAAGTTTCCGAGCAAAATCGGGTGTTGCCGGTTGGAACTTGGAATCGGCTTCGGCGTAGTGAA
NZ_CP130454.1_gap10	177763	180967	3204	GAGCGACAAAGCGAAATTGCTGCCAAACTAAGTGGCAAGCGGATAATGAGTAACGATTGGGATCGGCTTTTCCAAAGGGCAGCGATCCCGCACCGCCACTCGTAATTTCGGTTGCGCAGGAACGCTTCCCTTATCAACAGCCTCAAATGTCGGGCGAATCGTTCGCTCTTGACATGCTGCGTGAGACGGCTAAAATTTAAAAACGCCGATTAGCACTCACAGTATTTGAGTGCTAAACTTTCCAAACGCCGAATCCCTGAACAACGGAGGTGATCGCGATGAAGGTGCGTCCGTTGGGGAGTCGGGTGTTGGTGAAGCCTCGGGAAGAAGAGCAGAAAACGCCTGGCGGCATCATCCTCCCTGACACCGCTAAGGAGAAGCCTCAGGAGGGCGTAGTCATCGCTGTCGGTCCGGGCAAACTTTTGGAAAACGGTGAACGCCGACCCGTCGCCGTCAAGGAAGGCGACATCGTTATCTTCAGCAAGTATGCGGGCACTGAAATCAAGATTGACGGCGAAGAATACCTCATCGTTGACGAAGACAGCATCCTTGCCGTGAAAGTTGAAGAGAAAGAGCCTGCCTCTGTCCAAGCATAACTTTCAGACAAATCGTTACGGAGGTGACGGGCAATGCCTAAAGAACTGCTTTACAGCGAGGAAGCAAGGCGCGCTTTGGAGCGAGGCGTTAACGCTGTCGCAAATGCTGTCAGGGTTACACTTGGTCCCAAGGGGCGCAATGTCGTTTTGGATAAAAAGTTCGGCGCACCATCCATCACGAAGGATGGAGTGACCGTCGCTAAGGAAATTGACCTCGCCCAGCACTTTGAGAACCTTGGTGCCCAACTCGTCCGCGAAGTTGCCAGCAAGACCAACGATGTTGCAGGCGATGGGACGACAACTGCGACCGTCTTGGCTCAAGCGATGGTTCGGGAAGGTTTGAAGATGGTCGCTGCCGGCTCCAACCCGATGGCGCTTAGGCGAGGCATTGAAAAGGCTGTCCAGCGAGCCGTGGAGAAACTCAAGGAGTTAGCCATTGAGGTCAAAACCCGCGAGGACATTGAGCATGTCGCTGCCATCGCCGGAAACGACCCAGAAATCGGAAAGATTATCGCTGAGGCAATGGACAAGGTCGGCAAAGACGGGGTCATCACCATTGAGGAGAGCAAAGGCACGGAGACGACCGTTGAGTTCGTTGAAGGTTTGCAGTTTGACCGAGGTTACCTCAGTCCTTACTTCGTGACCGATCCCGAGCGGATGGAGTGCGTTTTGGAAGAACCCTTCATCCTCATCCACGAGAAGAAGATCAGCAGCGCGATGGACTTGGTCCCCTTGCTTGAGCGAGTTTATCGGGCAGGTAAGCCCTTGTTGGTCATCGCTGAAGATGTTGAAGGCGAAGCACTTGCAACTCTCGTCATCAACAAACTGCGTGGCGTCCTTCAATGCTGCGCTGTCAAGGCACCAGGCTTCGGTGAGCGCCGCAAAGCGATGCTTGAAGACATCGCCATCCTAACGGGCGGCACATTCCTATCTGAAGAGTTGGGTGTCAAGTTGGAGAATGTCACACTGGACATGCTCGGTCGCGCCCGCAAAGTCGTCGTCACTAAGGATGACACGACCATCGTTGAAGGTGCTGGCAGCAAGGAAGCCATCCAAGGTCGCATCGCTCAAATCAAAAAGCAAATTGAGGAGACCGAGAGCGATTACGACCGCGAGAAGTTGCAAGAGCGGTTGGCTAAGTTGTCTGGCGGGGTCGCTGTCATCAAAGTCGGTGCTCCCACAGAGACCGAGATGAAGGAGAAGAAGCACCGCTTTGAGGATGCCCTCAACGCTACACGAGCGGCAGTTGAGGAAGGAATCGTGTCCGGCGGCGGCGTGACTTACATCCACCTGACTTCCGTGCTGGATGAGTTGGAGAAGGAACTGACCGACCCAGACGAAAGGATTGGTGTCCGAATTGTCAAGCGTGCCCTTGAGGAACCTCTCCGACAAATTGCGGAAAATGCTGGTTGGGAAGGTTCCGTTGTCGTTGAGAAGGTGAAGCAGTTTGAGCCCAAGAAAGTCAACGGCGATGTCCACTTCATCGGGTTTGATGCGCTCCGTGAAGAGTTCGTGGACATGGTTGAGCGTGGAATCGTTGACCCTGTGAAGGTCGTCCGCAGCGCCCTTGAAAACGCAGCCTCCATCGCAGCAATGCTCCTGACAACCGAAGCCGTCGTTGCCGAAAAGCCCGAAGAAGAAAAGGCTAAGACCAGCGGTCACCGCCACGAGTTCTAAACCGTCTTAAAAGCGAAACGAAAGCGACGGGGCAGGATTTGACCTGCCCCGTTTTCGTTTTTGGCTGAACTTATCGCGGCGATGTGTAAATTCGTTTGTCCTTCAACTCCCAATCCTTCAGTCCAGCCTTCTTAGCGAGCCAATAAAAAGGCACCCAAATTTTCCCGTGCTCTTCAAAAGGAGCGTAAGCAATTGCTTCCGCTTTTTGCCTTCCTTCTTCCAGCCGATATGCAAACGGATGAGCGAGGAGCAAGAACCATGCGCCAGACGGCTCTTCTGTGCGGGAGACGGAAATCAACTTGCCACCAGCATACTTCGGATTAGCCGACACCTTAACGCTGAAGCCCAAAACTTTCGCCGCCTCGTCCAAAGGCACAACGACGAAAAAGTCTTCAAGGCGAAACCGAAGGGGAAGTGGACGCCAGTTGGTGCGAACGGGCTTCGGGATTATGCGGTAAACCCAACCTTGCCTCAGTTGGACTTCTGCATACTCAATGCGCCTGAGCACATCCTTTGACCGTTCTCCCGCTTCCATCAACATCTTGCCCCAACGAACTGTCTCGTCAAAGCGAACTAACTCCCAATTAGCCTCAAACAAAATCCTGACGGTGGTGGTTGCGTGCCTTAAACTGGCAAGAGGCACCTGAGAGTTCCAGAGTTTCACTTTCCCCAAATCTCGCGCAGGCAAATATGGGTCAGGCAATTTGCCTTTAACCCGCCGAACAAGCCATGAAGGAAACCAAGCGACTAAAACATCGCCATACTTTTGGAACACTTCTTCCGCCAAGTCACGAGCCTTTTCGGGTTTACCTTGCTTCAAGGCTGCATACGCCTCTTTGAGTTTGATTGCGGCATCGGGCGGAACTAAAGGGCGGATTCTCGGCTGGCTAACTTGAGCGTTTGAAAAACTGACCTGCAACAAAATTGCCAG
NZ_CP130454.1_gap11	186837	187704	867	CGGTGGCAATTTCTCAGATGCAACTGAGCCAAAAGGGATGTTTCTTCGTCGGCATAACCTTCAAGCCATTCGTGAATTTTCGGGAGGAACTTGATGCACTCATCGTTCACAGCAGACCGACCTCCTTTAACTTTCGCCGGAGAACCTCGCGACCGCGAAAGAGCCACGCTTTGACAGTCCCGATGGGAACTTGTAGAACTTGGGCAATTTCTTGGATGCTCATTTCCTCGCCATAGCGGAGCAATAGGATGGCTCGTTGCATTGGGTGCATGGTTGACAAGAGTTTGCGGATGACCAATCTCCTTTCCGCTGCCCACCATTCCTCTTCGGGTGACAGAGCGTCTTCGCCCAACTCAGCGAGTTCAAAAGTCTCGCCTTCCTGCTCCGCAATCCATTGTTGCTCCAAGCCTCGTCTCTTCAAAGCGTTCAAACACAACCTTGTTGTCAAAGTCATGAGCCAAGTTGAGAACGAACCTTTGTTTGGGTCAAACAAGGTCAACCGTTGGAAAGCCCGCAAAAATGCTTCCTGCGCCATATCCTCAGCCAAGTCTTTGTCTCCCAGCAAATGCAGAGCCATCCCGTAGACGCGGTCACGGTATCTTTGCACCAGTTCGTCAAAAGCCCTTTTGTCACCTTCAAGACATCGCCTCACGAGCGCAGCATCGTCCATCCCTTTTCGCCCTCCGAGTAAAGATACAGCCGACCTACTTAACAGGTTGCATCTTTAGACCAGCAGCGATTTTCAGTGCGAGGACAAGTCAAGCGAACCTCTTGACGAATTCTCGTCCCTCGGCTAAAATTAATAACGCCCGCCATCATTTCCCGTCTTACCGTCTTCGTGCACTACCTGTCTGCCGAAGACGAACT
NZ_CP130454.1_gap12	329640	333713	4073	GGCGGGTGGAGGCGCCAGTGGAATACCACCCTTCCCGCTCTTGGGTCCTAACTTGGTCCCGTGAATCCGGGCCAAGGACAGGGTCAGGTGGGCAGTTTGGCTGGGGCGGCGGCCTCCTAAAAGGTAACGGAGGCGTCCAAAGGTCCCCTCAGGCGGGATGGAAATCCGCCGTGGAGTGCAAAGGCATAAGGGGGCCTGACTGTGAGGCTCACAAGCCGAGCAGCCGCGAAAGCGGGGCTTAGTGACCCGGCGGTTTGGGAGTGGGACCGCCGCCGATCAACGGATAAAAGCTACCCCGGGGATAACAGGCTAATGGCGCCCGAGCGTCCCCAGCGACGGCGCCGTTTGGCACCTCGATGTCGGCTCATCGCATCCTGGGGCTGAAGCCGGTCCCAAGGGTTGGGCTGTTCGCCCATTAAAGCGGTACGTGAGCTGGGTTCAGACCGTCGTGAGACAGGTCGGTCCCTATCCGCCGCGGGCGCAGGAGGCTTGAGGGGGGCTCGCCCTAGTACGAGAGGACCGGGCGGGACCAGCCTCTGGTGTCCCGGCTGTCGCGCCAGCGGCACGCGCCGGGTAGCCATGCTGGGTCGGGATAACCGCTGAAAGCATCTAAGCGGGAAGCCCACCCCAAGATAAGGCCTCCCACGGGGGCAACCCGGTAAGGGCCCGGGAAGACTACCCGGTTGATGGGCCGGAGGTGGAAGCCCAGCAATGGGTGGAGCTGACCGGTCCCAATAGCCCGAGGGCTTGACTGTGCGTCTGCTATCATCCTCTTCGGTCACGCGGATGTCCCTCGGCTCCTTATGGCTCCCTATGCGCTCATACTGCCATCATCTTGGCTAAGAGATTGAAAGGGTCTGGTGCCCATAGCGGCGGGGAAACACCCGTTCCCATTCCGAACACGGAAGTTAAGCCCGCCAGCGCCGATGATACTGGCTGCGCGAGCGGCCGGGAAAGTAGGTCGGTGCCAGGCCCTTTCATACTTTTAACCCTTCTTCTCACTGCCCCCCAGTAATATGCGGCTAAAGCAATAAACGAACAACGCTATCGTTATGCCCCAACCGAAGACGAGAAATGCCCATCCTTCTGGTTTCATCGCTTTTACTCACCCCTCTGTGCCCCCACATTTTTCCACTTTTGGCTGGCTAAGTAGATGAGATAGCACTGCACAGCCAAAAGTGCGATCATCAAAAGCCGCGCCATCCATGCCACAGGCAAGGCACTTAGTGACACCCCTTCAATCGTCTTGTCCCTTGTCGCTCCGATGAAAGGCTGCAAAGCAAAACCTATAAAAACTCCAAGAAGCAACAATGGCGTCAGATACTTGGCAGCGTAGTAGAAAAAGCGTGGCGCTTGCAGTTGTGCCCCTCGGTGCATCTCTTCCCACATCTTATCAGCGCCGAAAATCCACATCATCACGATGACCTCAATTAGCGCAAACAAAGGAGCACCAAACGAACCTGACCAGAAGTCAAGCACATCAATTGCGGCATTGGCAAAAATGCAAAGGTGCATAGACACAAACCAGAAAATTCCCAACATCGCAACCGCTTTCTGGCGCGTCCAACCTAACTCGTCTTGCAGAAACGCTAACATCGGTTGAGCCATCGCAACCGATGAAGTAAAGCCAGCAAAGAAAAGCAACAAGAACCAAACAAAACTGAGTAAAGCGCCTGCAGGCAGGAAACTGAAGATGGCAGGGAGCGAGGTGAAGCCCAAGAAAAATATGCCCTTGTCAACAATTTGTTGGGTTTGCTTCAAGCCAAAGAAAGTCACTGCTGCTGGGATAGCAATGGAACCGCCCAGCACCACTTCAGCGAATTCGTTAGCAGCCGCTGTTGACAAGCCAGTCAGCATAACATCGTCATTTGGTCCAAGGTAACTGGCGTAGCATTGAATTGCTCCCATCCCAAGGCTGAGGCTGAAGAAGATTTGTCCAAAGGCTTCAAGCCAAACCCTCGGTCCAGTTTGAAGGCTGAAAGCCTGTTGGAAGTTTGGGTTCCACAGAAAGCCCAAGCCTTCAAGGGGCGAGCCACCTTCATGTTGCCCTAAAGTCAGCGTCCGAACCATCAACGCAATTGCGAAAAGAAACAGAAGCGGCATCACCAGTTTCGCCAGAGCCTCAATCCCACGAGCAATCCCTCTCCACAGAACCCAAATGTTGAGTCCGAAGGTGACGAGGAAAAAGAAGTAAGCCCACAGGCTCGGAATTGTCCAAAAGCCGACTTCTTTCGCGACGATGTAACTTCCTCGGAAGGTCTCAAAGGGGCGCAAAACTTCCTCAACCGAGATACCACGCTGCACAACCAGTTCGCCTGTCAAGATCTTGTAGGGCACAAGGAACGCAAAACCGAGCGACCAACTTTCCACATAGGTGTAGTAGATGGCAATCACTGTCGGGATGAAAATGCCCAAAACGCCCAAATATTTGCTGATAGGGTGAGACCACATGCGGTGGAACATGCCGGGAGTTGTCCCATGTCCGTAGCGACCGCCGAACCGACCCTGAGCCCACTCCAACCACATCACGGGTATCCCCATGAAAAGGTAGGCAATGAAGTAGGGTATCATGAAGGCGCCGCCACCGTTTCTGACGGCGCGTCCCGGAAAGCGAAGGAAGTTTCCAAGTCCAATTGCGTTGCCTGCCATCGCCAAAACCAAGCCTATTCTCGTTGCCCATCTTTCCCTTTGACGCTGTTCAGCCACTCATCTTCCCCCCTTGCCTTATGAACTTGTAGCCGTGGTTGACAGTTCGTTCCAATTATGACGCGCACTGCTTGTGGGTGAAAAACTGCGTTACCCTTCCATGTGGTGATGGACATGAAACTGCAAGGGAAAGTTGCGCTTGTAACTGGGGCAGCAAAAAGGTTGGGACGCTTTATCGCTTTGGAACTGGGCAAGCAAGGTTGTCATGTCGCTGTCCACTACCGAAAATCCGAAAAGGAAGCCAGTGAAACAGCAGAAACGCTGAGAGCGTTAGGTGTGAAAGCAGAAATCTTCAAAGCCGATTTGACCGATGAGGAGCAAGTTAAAGCGATGATGGACGCTGTCGCCCAAACTTTTGGTCAGTTGGACATATTGGTCAACAATGCTGCTGTATTCTTGCGCACCCCCTTTTACCAAACAGATGCAGCAACTTGGCGCAGCATCATGGATGCGAACTTGACAAGCGTTTTCCTTTGTTCTCGCTACGCCGCCAGTTTGTTGGGAGAGGGTGAAGGCGGTGTCATTGTCAATATCAGCGACACTGCTGCTTTTAGCCCGTGGAGCGCGTTTTTGCCTTACTGCGTCTCAAAGGCAGGTGTGATCGCATTGACGCTCGGTTTAGCAAAAGTTCTCGCCCCAAAGGTGAGGGTCAACTGTGTCGCTTTGGGAACGATACTGCCACCTGAAGATTACGACGAAAATTGGCGTCGGGAAATGAGCGCAAAAACTTTGCTGAAAAGACTGGGAACACCAGAAGAGGTTACGCAGGCAGTCCTCTTTTGCATAACCTGCGACTACTTGACCGGCGCTGTCATTCCCCTTGATGGCGGGAGGTTCCTCCGTTCATAGGGGTTTGCCTGACAAATTGCCTCCCCGACCTTGCATATGCTTGAGCGTCAAGTTATCATAGCAGAGGCTAAAGACGAGTGAAACGCTGAGGTGGAGAAGTAATGCAGGAAAAGGAACGCCGTAAGGAAACACAAGTTTCGGAAGGTTGCACCCGTCGTGATTTCATCAAATTCGCTTTGGCGACAACTGTAGCCGGGATGACCGTCCCCTTTGTCCACGCACAAGGCAAAGAAAGGTTAAGGGTCGGATTGATCGGTTGCGGAGGGCGTGGGACAGGCGCTGCCCTTGACGCTGCCGCTGCAGACCCAGCCGTTGAAATTTACGCCCTTGGTGACTTGTTCAAAGACCGCCTGAACGGCTGCCTGAACCATTTAAAGGAACGGCTCAAAGACCGCTGCAATGTTACCTCCGACAGGTGCTTCACAGGCTTTGACAACTACAAGGGCGTCATTGGAACCGATGTTGACATCGTGATTTTGGCAACCCCGCCTGGTTTTAGACCTGTCCACTTCCGCGCT
NZ_CP130454.1_gap13	381021	382442	1421	TCAGCGAGGGCGTTTATGTAGTCCCTCACTTGTTCGTCGGTCGTGCCCGGCGGATATAACGGCTCGTTTATCAGTTCAAAGCCGACAATTGCTGGGTCGTCTTTGTAAGCGAGACCAGTGTAGCGGTTGACATGTTGGACAAATTGGGCAAGGTAGTTTCGTTGAGCCTTTCGCGCTACAGGGTCGGTTGTCATCTGCTGCATCGTGAAGAAGTTGGAAAAGCCTGTGCTCGGGTTTGGTGTCCCCCACCAAGCAATCGGGGTCAAAAGCGTGTAAATGCCCCTCTCTTTCGCCTTCGCAATGAGATAGTCAAGCAAGCGCAAATGCTCGTTGTCAATCAAGTTGCCTTCTCGGTCGCTGATTTCTCTGTCCCAAACATGCAGGCGAATTAGGTTCAAGCCCATCCGAGCAAGGTGAAGCAAGTCAATGTCAATCACCCTTTCAATTTGGAAGCCGAGTGCCTTCAATCGGTGGTAGTCAATGGAAAAGGGAGCGTAGTAGTTGACGCCGAAGAGAGATACTTCTTCGCCAGTGTCTTGCCATCGCAAAATCCCGTGTTCGTCAACGACAACTGTGCGGTTTGCTGGTCGCCAACCGGCTTGCGCTGCTGTAAATGTCTGAGCGAAAACGATGGGCAACAAAAGCCAGTGAGACTTCACTCAACCCTCACCGCCTTTCGCATCCGTCACGATGCCACAAGAAAATTATGGGAGGGCGAGGTTCCTGCCGAGCCAAAATGATAGCACATGGCAAATATCGGAGGGCATCACTTGTGCACTCCCGAAAAAATTTAGTGCATAGCAACCATATCATGAACTCAGCACTTCTCACCAAACATCTTGCCTTGCACTCAGCACATCGCACTTACCTCATGCACATATTTCTTACGGGCTTGACTTATTACCCGAGAAGTGGGCGGGCACAGATGCATCTCGGTGATTTAGGGGTTTCTACCTCAAGCAGGATGTCATGGGGCGACATCTTCAAAGGTCGTGGGCATCCATCATCTGCCTTTGGCTTCAACGAAAGACCAAAGGATGATACAACGACACAAAAACACACAAGGTTATCATATCTTCTTAGTCTCCTCATCAGTGTCCTCTGCTAATTCTGATCAAATCTTGACTTCTGACAGCCAGCAAAAAGTTAATGGGAAACTACCTGTCTCTGAAACAACCTTTCCACTACGAATGCTAACACAGTAAAAACATGACAATGAGACTTCACGCTATATCCTCTCCTTTGCGCTCATGTCTAGTCCTTCGGATACTTACCAATCCATCCATTCAATCCAAACCCCTTCTGGCATAGTTATCGTCCTCCATCTCCACTTTTCGTCGGTGCGAGCCTCCGTAATCCATATCTCTGGCGTGATATCTGGTACAATGGCGAGAAACGAGCCTGGCCCCCATGCAACAAAT
NZ_CP130454.1_gap14	384690	387383	2693	AAATATTCAACAGGTCCTGGAACTACACTCAAAGCCTGACTTCTAACAGCGTCCCTGTCATAAGGGTTCGCAATTACTTCCACATCAAAAGTGTATAAACCCGCAGGGGCAATATTGCTCCCTTCTCCTGGCGGATACCCATAATAGCCCGTGTTTATCGTCCCATCCCATGTGAAAGAGTAACTTCCAGGACAAATCTTTTGCTCTGTAACCTCGTAAACCAAATTCCTGTTCATGTCGTAAATCCTCACCGTCACTTGAACTTGTTTTCTCTGGGCACACTCAATATTGTAACTGAAACTTGTGTCCACTATCCCTTTTTCAGGATCCCACCTTAGAACCCTTCCAACATCAGGCGATGTCACAACCAAGTTTTGGACATTGATTGTGATGGAAGTTTGGAAAGGTCCTCTTGTTCCTTTCATTTAAATTCCATATCGCCACTAAACTATCTGTATACTGTGTTGTGCATAGCAAAACCTAACATTGGTGCAAAACTCTAACTCGTTCAGTTCCAATTCTCTAAGTCATTAACTGATACCATCGTGCAACATTGTTGTTCTGCCTTAGTAGGTCACCTTTTCTCTTGGGTGGACAGGGCTAAACAAGAACGCAAAGCCTCCAAACAAACCTGCCACCTTCTCTTCTTCACTATCCGAACAATCCGATACTCCTTCGGCTCATTCACCTTCTCCACCTACCAATAAATGCCTTTATCATCTACCTTCACCAATTCGCCATATTCCAACTTCTCACCTCTTTTAGGACGAATGACATGAGACAAAGGGATAGCTTCCAAAATCTCCCCTTTGGGTGAAAAAATCAGGACAGTTTTTTGGGGTTTTTTAATGAGACGATCAGAGAGTCCTAAAGCCAACAAAATTCGCCTAAAGAAACCTTCTTTTAACCAAGATGGTAAAAGGTCCTCTAAAGTAATAGAACCATCATTATAGCCATAAAAGTTACCTTTTTCATCAATCCAATAAATGCTTTGTGTAAGGAGACGATTTCCTCGGAAGCGACTGAATATCTGTTTTCCTTCTTTTGGTGTCCATGTGATGATAGCTATCCATTTCTCCCCAAACTTTCCTTCAAGGAGATCAATGTACTAAAATTTACCCTCCTTAAAAAATGGGAACCATAACGGAAAAGGAGCACGAAATTCTTTTGGTTGTTCTTGCCCTATCTTGAAACAGAATATCTCCCACTCCACATTTGTCCCATATACTGTATCCTCTCCTGAGACCCAAAGAAAATCTAATTCCCTTTTAAGACGCCATTCACTAATGCATCTCATTCGTTTTCCATAGACTACAATTCTCTGGTCCATATAGTCTGGATGTCTGCAGAGCACCCAAATTCTATCGCCTGAAGGAGAAACAGCAATAGCGTCACAATACCTTGGGATACGCCTATCTTTCAAATAGACAAACGATTCTTTTTCAATTTTGCCATTAGGGTCAATGATAATTAATCTTGCCTTCTTGTCTTTGACTCCAAGAACATATATTCGCCCTTTCTTATCAGCAGCAGTGAATGTGCGAACTAATAAAGCTCTTGATTGTATATGTAAACGATACAAATCATCAAAAAGCGCGTTATGATGAGATAAAGGGACAAAGAAAAAGGTCTTTGCATAATGCACAGGCATAAATCCATACCAGACAGCACCGATGCCAATTGCTGCCATACAAAGTAAGAAGATCAAGCGTTTTTTCCTCATCTAATTTCACTCCTTATCTAATTCAATCAAAATCTTTAAAGTTTTTGGGACGCTGACAGCAGCGTAAAGAGGAATAAGAATTGATTGTGGGTGTTTAGCAACAAGAAGAAGTCGCTCAAAAGGATAACTGCCGTCGAGGACAAGCCCCGACGCTACCTTCGTCATTCAAAATCTACCACCACAGTATGACACCTTTTGTTTCCTCTTCATCCTTTTTTAGCTCAACCTCTACTTTTCTCCAATCTGTGTTAAAAGTTGAAGGATCTAATTTTTTCAACTCTGAAGGATCACCTCTCTCTATCGCCCTTGCTAAAACTTGGAAATACTCCATTTGGCTCGGCTTCTCTTCTAATGCCAAGTCGGGATGCTGCCACTCCCTCGTCTGAAAGAAAAGGGACATCTCTTGTCCCAAGGAGCACCAATCACGCTTCTTAATGGCTTCAACAGCAAGTTTGTCCAATAAATACCTAAGGTAATCTTCAGAAACAAAGAAAGGGTGATTAAGGTGATGGCAAAGAAACCGTATAAGGTCTATTGGACGCAAGGAATTAGGACCTGTTCGGTCATCAGGGAAAGTGATACCTGCGGCAAGATAATCTTCTTTCGTAGGTTTGAAGTCATATCGCTTTCCTTTGATGATAACTGAGAAGTGACTTCGGTCTCCGATCCATATCCCCTCCTCATCAAATAAAGGGGCATCTTCAGGGACAGAGAAGAGGCTTCTCGTTTCTATGAATCCCTGCTGCCCTATACAGTTCCCGTAAGCGTAAATCTCCACTCCTTCAAAGATTTCCTTGATAGTGCCTACTAACTCAAAAAAGATGACCCAATTCTTATCTGACCGAAAGACGGTCATTCGAGTATCTGCTAATTGACGATTGGGGTTAACTAAAGTTAACTCATCACCCATATGTTCATCTAGATGCTTAAGGATTTCTTTGGCTTTCATCCGACTTTCACCTCCTAATTC
NZ_CP130454.1_gap15	389023	389871	848	TTGATTTGATGGTTTCTGTAGGTGTCGGCATAGTTATCGTAAAAGTGCAAGACAAATCGGTATATCCCTTCCTTCTCCATCAAACTTACTGGAACAGGAATGATGATTCCGTGTGTCTCTCCACTTGGGTTTACTGTCAACCCATCACAATCTTCATGAACAACACATTGAAGCACTGGAACTATCCAAGTTTTAACCCTCACCAAATCAGGGTCATACAACCATATCTCTCCATAACTTGCATCACGACCGCTATACAACGCATACCATCTCAAGTAATAAAGGTAATTGTCGTCACTCTCATCCTCTGGCGTCCCTCCATCGTCGTAACCAAAATACTCAACAGGTCCTGGAACAACCGTCAAAGCCTGACTTCTAACAGCATCTCTGTCATAAGGGTTCGCAATTACTTCCACATCAAAGGTGTATAAACCTGAAGGTGCTATGTTGCTTCCTTCATCTGGAGGATACTCGTAATAACCCGTGTTCACCGTCCCATCCCATGTGAAAGAGTAACTTCCAGGGCAAATCTTCTGCTCTGTCAACTCATAAACCAAATTCCTGTTCATGTCGTAAATCTTCACTGTCACCTGAACTTGCTTTCTTTGGGCACACTCAATGTTGTAACTGAAACTTGTGTCCGCTATCCCTTTTTCAGGATCCCACCTTAGAACCCTTCCAACATCAGGCGATGTCACAACCAAGTTTTGGACATTGATTGTGATGGAAGTTTGGAAAGGTCCTCTTTCCCCTTTCATGTAAACTCCATAGCGCCACTGAACTGTTACCCTGTATGCTGTGTTGTGCATAGCAAATCCTATCATCGGAGCAAAACTCCATGTTGTCCA
NZ_CP130454.1_gap16	471570	475759	4189	AGCGCATTCAACTGCCCAGCAAGCGCAAGGGAAGGCTGCAGCGAGGAAAGAGTTTTCCGACTTGATGACTTGACCTTTGTGTCTGTTCACTAATTCGCAGAGTGCCTGCAGGAAATTGCCGTTGCTTTTGCCCCGTTGCTTCCAAGTGAAAGTCAAGAGCGTTACCGTTCCTATCAAAGGCTGAAATTCGCTCCTACCACTCAAAGCATCCAAAGTCGGGAGTTGCTGCTGGGACGAAGAGACCTTTCTCTCCGCTTCCCTCAACAATGCAATCAAGCGTGGGGAGAGCGAAATTGCGTTGTTACCGAAGTTCGCTTCTAACCTTTGGCTGAAATTGCGAAATTCCCTCAGCGCTTCGGTGGGTTGATTTGTGGCTAAAAGCAATCGCATGACTTGTTCGCAGAAGTCTTCGGAAAAAGGCTCAAACTTCAAGCCGAGCCGTGCGAAATGCAAAGCCTGCTTCAGGTCACTCGTGCGTTCGTAAAGGTTGACAATTTCCCGAACGGCTTCGGAGAACTGTTCCGCCCTCCTGACCCTCTCAATCTCAACCCAATCGTCAGAGAAATCAGGCAGCAACTCGCCTCGGTAAAGTTGAATTGCGTTGGTCAGGTGGGAGATTTTCTCTTGAACGGAGTAAGCAGTTCTCGCCGCTCTCAAGTGGTTTTCAAATTCCAAAACATCAGTGCTCATATGTTCCGAGCGAAACCCGACATAGAAACGGTCGGAGTAGATAGGACTTCCTGAAACGCTATCAGGGAAAGCCAACTGTTGCCTCAGCGAAGACAGCGCCTTGCTCAAACTGTTTCTTGCTTGCTCTGGCTCACTTTCGCCCCAAAACATATCCGCCAAAAATTCTCGCAGGTGAAGTCGGTCAAGGTGGTAGGCAAGGTATGCAAGAAGCGAAGCGGTCTTTTGGGTTCGGAAGCGGACAATAAGTTGCCCTCCAGCCCAAACCCTCAATCCAGCAAAAAGTTCAACGCGAACCCAAGCCATCACAAATTGCCTCCCAGTTATCAGAATTTTCACTCCAGATTAACGGCATCGCAACTTGATAACACAAAATCGCTTGTCTGTCAATGACGGCACAAGTGTGTTCTGAAACCAAGCATGCCACTGGCTTCTGCCAGTAGTTGATGAAAAATTGGTAGCGTCGCCCTTTATTGACGACAATCGTTAAAGACTGCCGTCGGGGACAAACTCCGACGCTACCTTCGCCATTTCGTTGCCGTTTTAACTATTCGCCAATCGCTACTCGCCATTCGCTGCCGTTTTTGGCTCGGCAGGAGCCTCGCCCTCTCAATCTTTTCCCGTCCCTCGTCCCGCGTCCCACGCCCCGTTCCGTTTCCGTCCCTCGTCTCGTGCCCCGTGTCCCGTTTTGACTTGTCAGAGTTCTGTCAGAGTTGCGATGCAAAATTTCAGCGTCGCTGGTAAAGTCGGGTTTTTCGTGACCGGCTGAAAAAGGAGGTGATGGCTCATGCGCCAACTTGAGCATGGGAGTTTAATGGTGCTGCTCATCTTTGTGTCGGTTTTGTTTTTGGCGAGCGGTTTATCTCGGTCTCAAGAGCCGTCACTCAAACAGTTGGTCTCCGGCGGCGAGGTCACCGACTTGCTTCACGGCTTTTCCGTCAACATCCCTTCAGGTTGGGAAGTCAAAGTTCACAACAACGCTATTCGCATCAACGACGAAAAAGCCTTTTGCTTTGTCGTCTTTCGGGTCGCCCGCTATAACGGCAACTTGCACCAAGTCGCTCAATCTTGGTGGCTGGAACGGCAAGCGATGGCAGGTGGCTTTAATCAACCTCGTTTCGCTTTCCGAAAACTTTCGCAAGGCATCCTCATCGTCGGTGAAGGCTTGGGCTATCCTTTCGTTCTCCATCCGATGATGTCGGTCAACTTTGGGCTTTTAGGTCAAACTCCGCCAAGCAACTACCGAGAAGTCACCGCCATTCTGCCCGGCAAAGTGACGGCATTGGTCATTACCTTGCTCTTTCCTGCCGACACGGAAAAGGCAAAGTTAGATGCGATGATGGGCATTGTCAAAAGTTTCCGCTTTCTCCCGCAAGAGAAAATGGTTCGCTGGCGACAGGAAACCATTTACGACCCCGAAGTTGGCATGGAAGCGGGTTGGATTCATGTGCCTGAAGGCTTTGAGTATCGTGGCGCCATCATCCGACAAGGCACAAAACGAGTGCCTGCTTTGTTCCTTCGCAAGGGCGAACTGATGATGCGCGTTGACAGCATTGACCTTCAAAGCATGGCTTTGCAAACTGGTTTCGGTGGCAACGCTCAAACTTTGCTGACCATCAACGGGCAAACCTCTCAACAACCTCGTCCCATTTTCCTTCAGTCAGCCGAAGATGTGGCTCGCCTCGTCTTGGGAATATGGCAGGCAGAGACGGGCGAACGATGGGAACTCAAAGAACAACTTGAACTGCCCAAAACAGAGATGGAACGGACGATGGAACAGCAAATGCAGCAGCAATTAGGTCAGGCAGCGGTGGTCTTTCGCCGTGCTGTGCAAGGTGGGCTTGTCAAATTAGCCATCAGCGCCCAAAGCGGACAGTTGGTGCGGCAAGCCATGATTAATGGCTTCCTCATCATCAGTCAACAGCCCGACCCTATTGCAGCCTCTCAAGATTGCAGCCTATCCGTCACGGTTCGCATGTTCCAGTTCCCTAAAGACCAAGCGGAACAAGCAAAGGGCATCTTCACCGGCATTAGCAACAGCATCCGCTTCAGTCCCCAACACGCCCTTTCCGCTTTGGAGCGGTTCACCAAAGAAAACCAAGAACTGAACCGCATGGTGATGCAGATGCTGAGGGAAGAACAGGAATTCAACAGCCGAATGGCGAGGGCATGGACGAATGCCTTGAGCGACCAGACTTATGTGAAAGACCCAGAGACAAGCGAAATTTTCCGAGTGCATAAGAGAGTTTGGGAGACGGGCGAATTTTGGCGCGACCCTGTTTGGGGCGACATTCTCGGCGGCGTGGAAAGGGGCAGCGAACTTGAAAGGTTGCTCAGGGAAGAAGGTTGGCGACCATTGCAACAGTCGCTGGAAGGATTCCCCGAACAGTGGTGAGAGAAAAGGGACACGGGACAGGTCGCGGAAACTTGTCAGAGTTCTGTCAGAGTTGCGATGCAAAATTGAGGCGTCGTTGGGAGGGTTTGTCGGAAATTTCGGCTCAGCAGGAGCCTCGCCCTCCCATCCAAAAACTTGTCAGAGTTCTGTTAGAGTCGCAGGGTAAAATTGAAGCGCAAAAAGCGATGATGCGAGGTGAATAGGTCGTGCAGCGAAACGGAAAATCAAGGAAAACTGTGTCGATGCTCGGTGTGGCTGTTGGAATATTGCTCGCTGCTGCCTTGATAAGTTGGGGGCAACTGGGGCGAACATCTCGGGCGCCTTCAAGCCGATTGCAACCACAAGGTCGCGGTCCTTCAAGGCAGCAACTTCAAAACTTGGAAATCGTCGCCCATGTCAAACCCGATGCTTTCAGACCCACTGCCGTGCGCGGTCGCTATGTTTACGCTATTGGTAGCGGAAACCCATACGGCAGCAGCCCACTCCTTGCCATTTACGATATCGCTGACCCTCAGAACATCCGAAAAGTCGGAGAACTGACCGTTAGCGGTCAAGTTTACTCTGAGCAACTGGCTTTGGTCGGCAACTACGCTTATTTGGTGGCGCTTGAAGAATTTCAAGGTGGCGGCTACACGATCAATCTTCGCATCGTTGATGTTTCCGACCCAACAAGACCGAGAGAAGTGGGACAATACGCCCCGACAGGCAAAAAAGTTTACGCCGTTGTCGTCGGCAACAATTACGCTTATGTCGGCGTCAGTGGCTCAGGAAGCAGCGCCCTTCATGTCCTGAACATTTCCAACCCGGCGAGCCCTCAGTTTGTCCGAGAAATTGCCAATGTGGATGACTTGGAAGGCGATGGCGGAACAGTTGCGGGCAACCGACTTTACCTTGTGCATGGCACAAAAGGCATCAGCATCTGGGACATCAGCCAACCTGACAACCCGCAGCGATTGGGAAGCCTTGACACTCCCGGCGTTGCTCGCTCCGTCGCAGTTTCTGGAAATTACGCTTTCGTTTCCGAAGGTCGTTGGTTTGACCCCGGCGCCGAAAAAGGTTACTTGCGCATTGTGGATGTCTCCAACCCAGCCAACCCACAAATTGTCG
NZ_CP130454.1_gap17	479954	482599	2645	GCCTGTCACTTTGTCCGTCTCAGGGTTGCCCGAAGGTTGGGCTCAGATTGAGCCTGTATCGGGAATTTTGCCAGCCAATGGAGTTTTGAACGGGCAAGTGATTGTCAATATCCCCAACAACTGGGCTGAATCTCGCGAGTTCACCATGACCTTGCAGGCTCAAGCGAACTCAACGACGCTCAGGCAAGAACGGCGATTTAGGGTTGACACTGTCCCGCAAATTAGCGGTTTGTCACCTTACGACGGGACAAAGACAGGTTCAACGACCGTTGAGTTCACTTGGTGGACGCAAATCCCTTCAAGCAGCGAAGTTTACATTAAGCGACCCGTTGACCCCGAATGGCAAAGATACACTGGCGAACAAGGGACTTTCCACAGGGTCGTCGTTTCAGGTCTAAGGCGAAACAGCACCTACCTGTTCTATGTCCGCAGCGCTGCTTCTGGCGGTGAAAGCAGGAGCGAAGAAAGGCGAATTTTTGTCACCCAAGCGGTCTCCTTCATGCAAGCCGAATACTCAATGGAAGCACGCCGAGATTACGACCAACGGTTGACCGTCTATGTCATCAACAACGACAGGAAAGCACACCTAATAAAGGCGGAACTTGTGGACAACCCTTACGAAGATGTCCCTGCAGGTCTCTTGGGCGAAGGGACATTTGACGAGCCAGCACGGCTTACGCCAGGTCAAAAACTGCCCATCACCTTCGCTGCCCACTTTCAAGACGCCCGTCAAAACGATTACACCTTCCGCATCCGAGTTAGGACTTTGGACGAACAACCAGAACAATCCGACGAAGCACTGGTGAAAATCAGGGTTCGCCCTCCCGATGTCCGAATAAGGATTGTCCAAATCGGCGAAGACCCTCTGTCAATGACTAAGACTTTCCGAGTGACCAACGAAGGGACTGACCCTGCGACTGACCTGACCATTGACCCAACGGGCTTGACGGCGGAACAAGTTGGCATGCAGCCACTTATCCAACACGCCTACCTTGCACCCAACCAGTCCATTGAGTTCAAAATCTTCCCGCTCTTGTTGCCGCCTGGCTTCAGACCTTTTGGGCTTTCAGACATCATTGACGCAAAAGTGACTTTTGAAAACTCCATCGCCTATACAATCCGGAACTTTCTCCCCTTTGACCTTTACATTTCGCTCAACGGTGTGGAAATCGGTTCGTTCCAGAACGACATCCCCATCGGCTTTTTCTCCTTCCCAGTGCCACCGAAGGTGCTTTTGCCCGTTGAAGTAACCAGATCAGCCGACTTAAGGATGCAACCTGAAGAAGTTCGCCCAATCCCTGCCTCAGTGGTTCAACCTATCGTCCAAAAGTTGCAATCGGGAGTAAACTTGAAGGTTTCCTATGCCAATAGAAGCGAGCAACTTACCGTCCAATTCTTTGAAAACCCTTCCCGACAAAGCGCGAGCCAGTTCTATATCGTGAACAAGGGCAGGCGAACAATTTCCCAGCAAGTGGAAGCGACCCACTGCACTAACCAACCTATCATTACCGTCCCATTCAGGAATGGCATTTTGAATGCTGAATTGACCCTCACTAAGAGAAACTTCAACGATGCTCACTTCTTCAACGCTTCAAAGTTCAAACTTGACATCTGCGTCAACTCTTTCAAGGTAGTCGTGGGAGCGAACAGCGAAGAAGAAGCCCGAGCCGTTGCCGAACGATTGTGCAATAACTTGACGAAGGAACCCCCAAAGCCCAACACTGTGGTCGTGACTTTAATTGGCGACGGACCGCCTTACAAGCGCGGGAAACCGATAACCGTTCGCGCCCGCGTTATGGGCGAAGGTGACATGAGCACCGCAACAGTTCAAGCGACCTTCAGCAACGGTGACCGCGCTATTATCCTCAGACCTGCTGGCGGAAACATCTTTGAAGGAAAGTGGATTCCGACCACAATCCCAGCCAACGCAAGGGTTGAAAGTGACGGCAGCGTTTGGTTCAATGTGACTGTCACCGTCACCGCAGTTGGCTGCGATATCTTACAATCGGTGAGCGAGACCACTAATGCCCAAATCAGAATTGGCGCCATCAAGTTCAAGTTCACACGCATAACGGAAATTGACGACATTGACCAAAGGGTGAACGCCTCCGACGAACCATGGCTCCGTTGGAATTGGTCGCCCGGTCAGGAAAAGGTCATTCACTTCAGTGGCGTCGTTGTGGACGAAGAAGGACACCCTGTTCCCGCTGCAGTCAGTGTCCAATTCCAGTTCTACCCTATGGGCTTAGGTTCGCTTGATGTTGACAACCAACAGGTTAGTGCTTCCGACGGGAGATTCACCTTCACCCACAAGTTCCCAATAAAGATGCCAGGCGAACTGAAAGCCTTCTTTGAAGCCAATCACCAAGACATAGTGCAACTGAAAACCAAGAAGCGCATAACAGGCATCATCTTGGGCGAATACCAAATTCAAGCGAACAAGGAAGGCTACAAATTCTGGAGAGCAAAGGTTCGCAGCAGAACCGAAGAATCCCAACCTGTGAAAATTTCAGCTACAACAGACACGGACATCAAGGAACTGGAAATCTCCGTTTTGGCTTTGCAGCCAGACGAGAACGGCAGGCTGGAATGGAAACCTTTGGAAGGCGCCGAAGTTGAACTGATTGGAATCAGCAGCAAGCGGA
NZ_CP130454.1_gap18	485110	486414	1304	TTCAACATGCTCAGTCTTTAGGTGTTACACTCCCGCACCTTTTGCGCTTCACTCACCAAGTCCAACAAGTCAGCCAAACAGAGTGGCGAATTACCTTCACTGTTCAAAACATCGGCGGTCAGAACTCACCTGCCACCAATGTTCGTTTCGTCACCACTTCAGGCATCAACCTTTCACCAAACTCGTGGAGTTTGCCACCTCTTGCACCCAATGCTTCTCAAACCATCACCGTTACCGCTCGCACACCTCAGCGCTTCAGAAGCGGTTTTGGTGTCATCAGGACTACTTTGGGAACGAAGCCGGAAGACTTCAACGCCAACTTCGCCCCGACCATCGTTTTCCTGACGAGCAAAGACGAAGTTCCACCTTTTATTTCTGACCCGACGCCGAAGGAAGACGAAGTGATTCGGACAGCGAACCCGACCATTGCTGTCACTGTTGCGGACATACTTTCTGGCTTGGACCTTTCGTCGCTGCGGATGACTTTGGATGGGCAACAGGTTAATGCTACTTACGACATTGCTACTCGCAGGTTCTCCTATCGGTCAACTCAAAATCTTTCCGAAGGGACGCACACTGTCATCGTTGAAGCGACTGACCTTGACGGCAACACTGCCCGCAAGGAGTGGCAGTTCACCATTCGGCTGGGTGCTCCCGTTGAAATCACCGACCTGAAAGTCTCGCCCAACCCCTTCAGCCCCAACGGCGACGGCATTGATGATGTCCTCAACATCCACTTCAGGCTCAGTGGCGACGCCGTTCTGACCATAACCGTCGTTGATAGCCAAAACAACATCGTCAAGACCCTTGCCAACGAGCAACCGTTCGCTCAAGGCGAACACGACTTGACTTGGGACGGCAAGAAGGACGATGGCGAAATGGCGCCAACAGGAACTTACGGTGTCCGCATCGCCATCATCCGTGAAGGTCGCCAAACCAATGTCGTGGAAGCGACGGTTACAGCAGACCAAGAACCGTTGAGCATCTCTGGCGTATCCGTCACTCCCGAAAGGATGAAGTTGACCAAAGAGACTTTGAGCGTCGCTTTTAACCTGTCCCAAGACGCCCAAGTCACTGTGAAAGTTTACTTGGGTGAAAACACGGAAGACGACGGTTACGCCGTTCGGACGATAACAGTTGACGGCAAGGAAGGCGCAAATGCGGTATCGTGGGACGGAAAGGACGACAACGGCAGGTTCGTCAAGCCCGGAACTTACGCCGTCGCCATTGAAGCCGACAACATCACTTTGGCTTCAAGGGTTCCGTTGGCTGGGAAAGTAACGGTCTTGAGTTTGCCCGACTTG
NZ_CP130454.1_gap19	567921	570305	2384	TTTTACACTTTGCTTTTCTCCCATCCCGCAGTTCAAGCCATCACTTGGTGGGACTTCTCCGATGATGGGGCGTGGATGGGGGCGCCAGCAGGTTGGCTGCGAAGGGATATGTCGCCCAAACCGGTCTATGAGCGAATGCTTGAACTCATCAAAGGCGAATGGTGGACAAAGGCAAGCGGCAAGACCGACAGCAAAGGCGTATGGCGAACCCGCGCTTACTATGGCGATTACGAGTTGACCATTCGCACGCCCGATGGGAGAGTTTCAAAGCAAAAGTTGTCAGTCCACAAAGGCGCCGATAACTCCTTCAAAATCAGGCTGACTTGAGGAGGCTGAAGTCCGTGAAAGGCAAGGTCTGGAAGCCTGAGTGGCGCGAGTTCAGTGACCCTGTGACGGGCGTGAAAGTCAAGCAACTGACGAACTACAAGGGACACAGCCATCACATCTACTTCACCAACAGCGGCTGGTATCACGGCGGTCGAAAGTTGCTGATAGCCTCTGACCGCGAAAACGAAACGAACTTGTTCAGCATTGACCTTGAGACAGGCGAGTTAGTTCAACTTACGGAACAAAAGCCTGACGAGCCTGAAATTGAGCCTTTGTCAACCAGTCTCAACCCGCTGCGCCCTGAAGCATACTTCTGGCGTGGCAGGAAACTCGTTGCCCTTGATCTGGAAACTTTGGGCGAGCGAACAATTTACGAAGCACCCGAAGGCTTTTGGGGCAGCATAACCAATTGCACTGCTGATGGCAGGTTTGTTTGCACTTGCATCAACGAAGACAAGCATAAGCGGCTCGTTCTTGACTACTTTTACGGCGCAGGCGGGTTTGATGCTTACTGGCAGGAGAGACCACTCTCACGAATCTTGAAAATCGCGACCGACGGTTCAGGTGCGGAAGTGGTTTGGGAGGAGCGATACTGGCTCAGCCATGTCAACACCTCTCCAACCCAACCCGATTTGCTCACTTTCTGCCACGAAGGTCCTTGGCACAAAGTTGACCAACGAATTTGGGGACTTGAATTGTCAACGGGGAAAGTCTGGGCTATCCGTCCACGCCGCAACCCCGACGAAAGGGTAGGACACGAGTATTGGCTGTCGGATGGGTTGACAATCGGTTATCACGGACACGACGAGCGAGGACGCCCGTTTATCGGTTTCATCCGCCACGATAACAGCAATTGCTGGGAGGCAAACATCTCGGGAGACTCAGTTCACTTTCACAGCAATGACGGGAACTTGATTGTTGGCGACGGAACAAGCCGATACCCTTACTTGTTGCTTTGGCGTAGGGTAGGGGAGGTCGTTGAAGGACCTCGGATTTTAGCGAGACGGCGATGTAGTTTTCATGTCCAGCGCCTTCACGCCCACGCGAGGTTTAGCCCTGATGGTCGCTATGTCCTGTTCACAGCCGACCCGATGGGCTATGGCAATGTCTTCTTGGTGGAATTGCCCGATTTTGAATCCCTACCGCCTTTGGAGGCTGTCTAAACGGATGAGCGCTGCAAACCCTGCTTTCCTGAGGAGTGAAATGGCTTGAATCTCGCAAGTTCCCTCGGCTTGCTTTTCTGGGAACGGATTTTACCGATTTTGCTGTTGGTGGCTTTGGGATACTCGTTTCAGCGAAGAATGAGAATTGACGCCAGCACCCTTAACCGTGTGAACCTTTACTTGTTCGTCCCGTCACTTACACTTTCGCGCCTTGCCGAAACGCCCCTTTCCGTCAGCACAATCGGGACAGTTGCGGTTGCAGTTTTGCTCAACACCTTTTTCATTTGGCTTGTTAGTTTGTTCGTTGGTCGTGTGATGAAATGGAACTCAACCACTCAAGCCACCGTCACTTTAGGTTCAATGCTGGGCAATTCAGGCAACTATGGGTTGCCTTTGATTGAACTCGTTCTGGGGCGGCAGTTTGTGGGCTTCCAAGCACTTGTGCTCGCCCTTAACAATGTGCTGACTTTCACCGTTGGGATTTGGCTTCTCGCAAGATCACAACTGTCAATATCGGAAGCGACAAAGCGAGTGCTATCAATGCCGCTGATTTACGCTGTCCTTTTCGGCATCCTTCTCTCTGCCACCCAAACTTCCTTGCCTAAACCGTTTCTCGTTTCGTTGAGGTATCTGGGCGATGGTCTCATTCCCGTTGCCTTAGTGACTTTGGGCGTTCAATTGGCGGAGCAGTTTGAATTTCGCAACGGAACTGCTTTGAGTGTTGCTGCATTTTTGAGGCTTGTCGCTTCACCGCTTTCAATGTTTGCCATCGTCCATTTGCTCGGCATCCAGCCCGAACTCGGTCGGGTGCTGATTTTGGGCGCTTCAGTTCCTACAGCCGTGAACACTGCTTTGTTGGCAATTGAGTTTGGCGTCAACCCCAGCCTCGCATCC
NZ_CP130454.1_gap20	585629	589929	4300	CATACCCGAGCCGCGAAGAGGAGTTGGAGATTTTGCGTCGCATGACCGGCGAAGAAGTCCCTTGGGTGCGACAAGTGGCGACAACTCAGGAAGTGTTGAACGCCCGAAAGTTGGTCCGACAAGTTTACTTGGACGAAAAACTCGCAAAATACATCGTGGACTTGGTCAGCGCCACCCGCGACCCAAAGGGCTACGGCATCACCGATTTGAACGGGATGATTGAGTATGGGGCGTCGCCGCGAGCGACAATCTACTTGGCGCTCGCTTCAAAGGCTATGGCTTTCCTTCGCCGGCGCGGCTTCGTGCTTCCCGAAGACATTCACGCCATCGCCCATGATGTCCTTCGCCACCGAATCATCTTGAGTTACGAAGCGGAAGCGGAAGAAATCACGACCGAATGGGTGATTGACCGAATTTTGAGGAGAATACCTGTGCCGTGATTCGTAATGCGTAAAGCGTAATGCGTAAGGGGTGAGCAAATGCTTCTGCCCGAAGATGTCCGCTAGCTTAAGCCAGTGGTTGGTGGCGAATTTTGCTGGGCGCCAAATTTATTCGGCGGCAATTTGGAGGGCACGGCTTCAGAGGTGAGCGAAAAATGGCACTTGAGACGAAGCCAAAAAGTGCCGAGCAGTTGAAGCCCATAAAGTTGCGGATGAGTTTGCAGGAGTTTTTGGAGTGGACGGATGAGGATGTTTGGGCTGAGTGGGAAGATGGTGAGGTGATTGTCATATCGCCAGCAAGTTACAGGCATCAGGAAATCGTTGGCTTTCTGGCAACACTGTTCCGTCTCTTCCTTGAGGAGCAGGACATGGAGGTGGTTTTGATGGCTCCGTTTTCAATGTGGCTGCCAGTTTCAAACCGAGTTAGAGAACCCGACATTTTGGTCGTCCTGAAAGAAAACCTTGACCGCATCAAAAAGAACTTCCTTGACGGTCCTGCCGATTTGGTGGTTGAAATCGTTTCCGAAGATAGCGTGCTCAGGGACAGGGGAACGAAGTTTGCCGAGTATGAACTTGACGGGGTGAAGGAGTATTGGCTGATAGACCCTAACAAGGAACAAGCGGACTTTTTCGTTTTGGATGAAGGCAACAGGTTTGAGAGGAAGTTGCCGGACAAGAGGGGTTTCTACCACAGCACCGTTTTGAAGGGTTTCAGGCTTAATGTCAACTGGCTTTGGCAGCAACCATTGCTGAAAGTTTCGGAAGTTTTCCGAAAAGCAGTGAAAAGGCAAAGGGCAAGGTGATTTCAATGTTGGCGCTTCGGGACACTCTGATGAGGTTAACGCAAAGTCTCAAAGCGTGGATTCAAAGATGGCGGAACAACGGGACAAGACCAACATCACAGCCAGCATCGCCAGCCGAAATTTTGAGGCGCGTGAAGCGGCTGGAAGTGAAGTTGAGAAGGCTCGTCAGTGAAATGTTCCTCGGCGCTTACGAGAGCATCTTCAAAGGGCAAGGTTTGGAGTTTGAAGAGGTTCGGGAGTATCAAGTGGGCGACGATGTGAGGATGATTGACTGGAATGTGACGGCTCGCATGGGCAAACCTTATGTCAAAAAGTTTCGGCACGAGCGCGAATTGAGGGTCTTTGTGGTCGTTGACATTAGTCCGTCTTTAATGTTCGGGACGCAGGGGAAACTGAAAAGCGAACTTGCAGTGGAGGTTGCAGCGGCTCTCATTTTGGCTGCCATTAGAAGCAATGACCGGGTTGGATTACTCCTGTTCACCGACCGAATTGAGAAATTCGTCCCGCCCCGCAAAGGAATCCGACATGCCCACAGGCTCATCCGCGAACTTCTCTTCACTCGCCCTCAAGGGAGCGGCACCGACTTGACGGTCGCCCTTGACTTCCTCAGGCGGATAACCCGCAGGCGGAGAAGCGTCATCTTCCTCTTCAGCGATTTTCACGCCAACGGTTATGAGACATCTTTGAAGCGACTTGCAACCCGTCACGAAGTTTTAGCACTGGTCCTCCACGACCGAAGGGAACACTCATTAGCGCCTCTCGGTGTAGCGAGATTCTGGGACTTGGAAACAGGCGAAGAAATTTGGGTTGACTTGCGTTCGGTGAAGGAAGCGGAAAGAAGACAACGAGGCTTAGAAGTTGAATGGCAACGCCGACGCCAACTGCTCACAAAGTTGCGAGTTGACTACGCTGAAGTCACTCCCGGCGAATCACCCTTGCTCCCACTGATGGAACTGTTCCGCAAAAGGGAAAGACGGTTGAGAAGCGGGAAGTAGGTTCAAATGCCGTGGGAGACCAACCATCAACGCTACCCTCATCATTTCGTTGCCGTCTCACCAATCGCTAATCGCTATTCACCATTCGCTGTTGTTTTTGGCTCGGCAGAACCTCGTTCTCCCAAACCAAATTTGTTCCCGTCCCTCGTCCCACGACCCTCGTCCCGCTTTGGGTCGGTGCTCAAGTTTCGCGTCACAAACTACGGACTGAGATTCGTAGCGTGGTTTGCTTTTGGTTGCATTGTCAACCTTAGAAATTCACTGCTTGATTGCTGGAACAGCGAAGGCGGGGATAGGGGTTGACCAACTGAATGTGTTGCCCAACCTTAACCATTTGCCACCAAGTTGACGCTCCAGTAAGGTCAAGGCTTCGTAGATGGACATTGTTCGCTTCGGGATGCTGATGACCTGATTTGCGACCGTTTCGGGGACAAGGAAGGCAGATTTGCTTTCCCAAGCCAAGTTAGACAAAAGGTCAAGAGTTGCCCATTGATCAACTCGGAAGGAAATGGGCTTGCGAATTCTAATCGGTTCATTTCGCTCCATCGCCGCGAAGACGCACCACCACGAGAAAGTTCTCCCATCAGCCATTTCAACCGTTACCTTCAACCTACGAGCGCCTGGTTCGGTGACGCGAAGGAGTAGCGGGATGGTGGCTTCCTTAAATGCGGGCAATTTGTCTCTCCAAAGGATCAAGCCCTTCCCTTCACCCAAAAGCGTTTGTGCGTTCAAGACCTCAACTCGCTCACCCGGTTGGACTGCTATCGTAACGACTTGAGGGGTTTCGGAAATCAGCGATAATTGCCACAACCTTACTTTGCCGACAACTACTGGCTCATAGCCTTTCCACCTGAGGTTAAGGGGAATGGCAACGAACATTTGAGCCTGACCGCCACCCATTTGCGTTGGTGGGACAGCGTGTCGCCCCATCGCGGGATATTGGCTCTCAATCCCTTCGCTCCTGCGAGCCATTGGAGCGCCAGCAACCCTTGGAACTTCTGCGGGGCTCTCGGGGATCGGGTAAGGTGAAAGTTCACCCATTTTGAGTTCAGGCTTTTGAACCCTTAGTCGCTCGCTGAGTTCAAGTTCTGCTATGAACGGGACTTTTCTCGGTTCAGAAGGCAACTGGGCTATTTGCGGCACGGTTTTCTCCTTCGGGACGGAAATTTCGGGAGCAATATTTTCGCCTGCTTCCTCTCGGTATTCTCCGCTCGGTATGCTCAAGAGGGGTAAGTCTTTGCTTTGGCTTGGCTCGCTCGCTCCTATCGCCTCAAGCCCCGCCTCAGGGATTTTGGGTGTTCGTTCGCTCTTAGGTCGTTCAGCCAGAACTTTCCGACGAGGCTTTTCTAACCTCTCCTTTGGTGTCGGCAAAGTTGCGATAGAAGGGATTTGAGGCTTTGACGGAGCAACGGTTGAGGGCAGTTCTAAAGCAGGGGCTGGGAGGGTTGGAACTGCCCTTTCGGCAACCATAGGTGAAGTCGGCATTAGTGCTTCCTTCCTCACCCGTTGAAAGAGGGGCAGGGACAAACACAAAAGCACAAAAGTTGCGACGGCTGCTGCCATTGCCCATTGCCACCGCCAAACGAAAACGGGTTTACGCTGTTGCTTCGCTTTCACCTCGGCTTGGATGCGAACTAAAAGTTCGGGAGGAGGCTCAGGTGTTTTTGCGCTGCGCAAGGCAGTCATCGCAGTTTGCAGCAAAGCCCATTCCCGTTGGCAAGTAAGGCAATCCTTCAAATGGGCAGTCAACTCGTTCTTCGTCGTCTCGTCTAACTCATCGCTCCAGTATTCGGGCAGCTGCTCAATGACTTCTTTGCAGGTCATTTTACATCGCCACCTTTTGGACGCTTTAGGGGCGCAATTTGTTCCCTCATCAGGCTTTTCCAAGCCTCTTTGAAAGCGTTCCTTGCCCTGTGAAGTCGCGACTTGACCGTCCCTTCGGGCAAATTCAAAATTGCCGCTACCTCAGCGTATGAAAAGCCTTGCATGTCGCACAAAACCAAAATTTGCCTTGCTTCGTCGGAGAGTTTTCCCAGCGCCAGCCAAACCAACTCTGCTCTTT
NZ_CP130454.1_gap21	602900	606066	3166	AGGGCGAACCTCCCAGTGAGCCGAAATTAAGTGCTGGGTGCGAAGTTCTGGTTCTCAAGCACCGAAAAAAAATTTGTTGGCGGTGCAGGAACAATGCCTCCAGAATAAACCTTTCGCCAATTGCTGTTCGCCGTTCGTCGTCGCTTCGGCTCAGCAGGAACTTCGCCCTTCCCGATTTTTGCTCCTGTCTTGCTTTACAGGGACGGGTTGCGAAATTCAGCGGCGATTGTGACAATCTTTTGGCTGGGTGATGTTTGGGATGGTTGACCGACCTTTGAAAGGTAAGCGAGTTTTGGTTACGAGGGCGGAAGAGCAAGCGGAAGCACTTGCGAGTAAGTTGGAAAGTTTGGGCGCTGAAACTGTCAAGTTGCCTCTAATCCGCATTGAACCTTCAGGGGATGAAACCGTTTTGGATGCAGCGATTGAGAAGGCTTTGGTTGGCGGCTACGATTGGGTTGTTTTCACCAGCGTTCACGGCGTCAGGACATTTTTTGAGCGGGTTCGCTGCAAAGGCACTGACCCCCAGAACCTCCGTTCCGTCAAGTTCGCCGTCATTGGTCCTGCAACCGGAAAAGCACTTGAGGATTTCGGGTTCACGCCCGATGCGATGCCAGACCAATACACGAACGAAGGTTTGGCTGAGATGTTTGAGCGTCTGCTGAAAAGAGCGGAGGGGAAAAGACCGCATCGCTTTCTGCTTTGGCGCGCTCAAGGTGCGAGGGAAGTTTTGGCGCAAAAGTTAAGGGAACTTGGGGCAATCGTTGAAGAAGTTCACGCCTACCGAACCGTTCCGAATCAACTGCCCGATGAGCGACTGAACGAATTGCTCGGACAAAGAATTGACATCGTCACCTTCACCAGCCCGTCAACGGTTCGGGCATTCTTTGAAGTTTTGGGCAATGAGAGGGCAAAGAAAATCCTTGACAGCGCTGTGGTCGCCACTATCGGTCCAGTTACGGAGCAAGCCTGCAAGGAATTCGGTATTGAGCCACAAATTGTCGCAAGTGTTCATACTGTTGACGGTCTCGTTAATGCTATTGTCGCTTGGGTGAAGCGACGAAGCGAGTCCACAGGGTGAAAGGGGTGAGGTGCGATGGCAAAGCCGACAATCGGCATCGGGGTCATCGGTTACGGTTTGATGGGGCGCGTCCACACTTACGCTTGGCGGACAATCCCGCTCCTTTACAACGGCGAGCCTTGCAACATCAAATTGGTCGGAGTTTGCGATGTCAACGAGCAAGCAGCGGAAGCAGGTCGTGAACAGGCAGGCTTCTTCTTCCGAACCACCGACTATCGCGAGGTCGTCCATCATCCTGAAGTCCAAGTCGTTGACATTTGCGTGCCTAACCGATGGCACGGGGAAATAATCCGAGAAGCGCTGCAAGCGGGCAAGCATGTCTATTGCGAAAAGCCCCTCGCTTACAATTACGAGGAAGCAAAGGAACTCGCCGCTTTGGCGCGGGAGGCAGCAAAGCGAGGTGTCAAGGTTCAAGTCGTTTCCGAATACCGCTTCTTTCCTGCAACGATGAAGGCAAGGGAACTCGCTCAAAATGGCTTCATCGGTCGCCTCTTTCACTTTCGCGGCTGCTACTTGCATTCGGGCTACATTGACCCGAACCGACCTTTAGAGTGGCGGCTTCGGAAGGAAATCATCGGTGGCGGTGTCCTCGTTGATTTGGGACCACACCTCTTGGACCTGATGTTGTGGCTGCTTGAGGGTGTGGATGAGCCTGTTGCCGTTTGTGGGATGACGGAGACCTTCATTAAAGAGCGACCTTTGCCCGAAGACCCAAGTAAAAAAGCACCCGTTGAAGTTGACGATGCAGCGTCGGCGTTGATTCGGTTCAAGAGCGGGGCTTTGGGCTATGTTGAGTTCTCAAGGGTGGCAACAGGGACTGAGGACGAACTCAGGTTTGAAATTCATGGCGACAAAGGTGCGATGGCATTCAACTTGATGGAGCCGAACTGGCTTTGGGTTTTTGACCGAACCCAACCGCCAAGCGATTGGGGTTTCAAGAAACTGTCAACAGTCCAAAAGTATCCGCCACCTGCAGCCTACCCATCGCCCAAGTTCACTTTGGGCTGGATGCGCTCCCATGTCCACGCCCAATTCTGCTTCCTTGACGCCATCGTCAACGACAAGCCAGCAAAGCCAGATTTCGACGATGCATTGAAAGTTCACGAACTGATGGAAGCGATTTATCGCTCTGCCCAAAGCGGCAATTGGGTCTCGCTTCCGTTGGAGCAATGAGTTTCCCCTTTCGCAAACCGTTCGGCGAAACTAAGGTTCAGCAGGTTGAAATAGCGCGCCTTTAGCCATCCGACCGATGAGAGCAGCAAGGTAGCCGGCACCAAAGCCGTTGTCTATGTTGACGACGGCAATCCCCGGAGAACAGGCATTCAGCATTGTCAAGAGGGCTGACAGCCCGTGAAAACTTGCCCCATAGCCAACGCTCGTTGGGACGGCGATGACCGGTTGCCACATCAACCCTGCCACGACACTTGGCAGCGCCCCTTCCATCCCGGCAACGACGACCAAGACATCTGCTATCTCCAAAACGGGCAGATACTCTAACAAGCGATGAATCCCAGCAACCCCGACATCGGTGATGCGAGTCACCTTGCAGCCGGCATGCTCAGCGGTTAGCGCTGCTTCCTCAGCGATGGGCAAATCGGCAGTCCCAGCACACATGACGACGATATGGGGCTGTTTTTCGGGTGGAAGTTTGCTGGGTTCTTTGCCCTCAACAACTATTAGCCTCGCAAGTTCGTGATAGATGGCTTGAGGGACAACCTTCTTGACTGCTTCGTAATGGGCTTCGTTCGCTTTTGTCGCCAAGACGGTCACGCCCGTTTGGGACATCGCCTCAACGATTTTAGCCACCTGCTCCGGCGTTTTGTTGGGGCAAAAGACTGCTTCGGGGAAGCCGCGCCTGATAAGGCGGTGATGGTCAATCTTCGCAAAGCCCAAGTCCTGAAAAGGCAAATGTCTCAGTTCACGCAGAGCATCGTCAACGCTTATTCGCCCTTGCCGAACATCTTCCAAAATTTGCCGAAGCCTCTGAACGAGCATAGGAATCACCCGCCAAAGTTTGCCGCAACTTTTGACCTTGCGTCTAAACCTGTGGCACGCAAAAATGATGAAGCGGTAAAGCAAATTTCGGCG
NZ_CP130454.1_gap22	609852	611366	1514	CAGATGCCTAACTTGCACAAAAGCCTAAGGACCGTCTCTGTCGGCTGAGCGCCTACTGAAAGCCAATAGAGTGCTCGTTCGCGATTGATGTTTAGTTCCTCAGGTTCTCTCGTTGGGTTGTAGTGTCCCAGAATCTCAATGAACTTGCCGTTTCGCGGTGCTTTCGCGTCCGCGACCACGATTCGGTAGCGCGGGTTATTTCTGGCGCCAACGCGCATAAGTCGCATCCGAACCAATACCGTCTCACCTCCTTTCAAAGCAACCATAATTCTGTCGCTGTCGGGTCAACAATGACTTCCTCGTTCGCCATGTCCAACCGTATCCGCCACTTTTGCATCGTAGCCGCACCTATCAAAATGGGTCTGCTCAACTCCTCCAGCACCAAAAACTCGTCGGAGAGACGATAACCGTTGAGCCAGAAGGTCAAAACGACTCTATAGGTCACTGTCAACTGCCGACCTTGTTCCGCTGTCCTGAGAGTGATGGGTTCGTCCAACGGGATTACCGTCGCAATCTGCTCAGCGATGTCTTTACGAATGACCGAGTAAGTTGCGCCCGTGTCAAACATCCCGTCAAGTTCAACTTGCCCTTTGTCACCCCTTAAAACCACTTGCTTGACCAAAATGCCCATGAAGGTCACCTCAATGTGGCTCAAAAGCCACCAAAGAGCCTCATCAAATCTCTGTCGCTTAACTTCGCTTTTGCGAGCCGTTTCATTGTATCACGCATTGCCTTGAATTGACGCAAGAGTTGGTTGACCTCTTGGACAGTGGTTCCGCTGCCTCTCGCTATTCGCCTCTTTCGTGAACCGTCAATGATGTCTGGGTTGCGCCGCTCTTCTGGCGTCATTGACAGAATTATGGCTTCCATTCGCTTGAGTTTCCGCTCGTCAATTTGAAGCCTCGGTCCACCCAAACCGCTGAAGCCCGGCAGGAAAGACAGCAACTGCTCCAGAGGTCCTGACTGCCTCATTTGGCGAAGTTGAACCAGCAAGTCCTCCAAGTTGAAAGTCCCTTTGGCGATTCGCTCTTCCATCTTTTTAACGGTAGCCTCATCAACCACGCTTTCAACCCGTTCCATCAAACTTGCGACATCGCCCAAGCCCAAAATCCTCGCAGCCATCCTGTCGGGGTGAAAAACATCCAAATCTGTCAGGTGCTCGCCAAGCCCGACCAATTTAACGGGTTTGCCCGTAACTGCCCTGACCGACAAAACGGCACCGCCTCTCGCATCGCTGTCAAGTTTGGTCAAGATAACGCCAGTGATGCCTATCTCGTTCTCAAAAGTCTCTGCAACCCTGATGGCATCTTGACCGGTCGTTGCGTCCAAGACGAGCAAAGACTCGTGAGGTCGGAGTGCTGCTTTCAAACGCTTCAACTCTCCCATCAATTCATCGTCGGTGTGAAGCCGTCCTGCCGAGTCAACAATCACAAGGTCGTGAGCGTTCGTTTTGGCGTGGCTCAACGCTGCTTGAGCCAGAGCCTCGGGCGATTCGGTCCTCATCGCAAAAACGG
NZ_CP130454.1_gap23	622784	627461	4677	ATCGCTCCCTTCCCTTGCAACCAACAAAATTGCCCATCAGTTTGAGGGTTGACGGGAAGTGGTGGCACGAAACGGATTTGCGAACCGAACCGCTCAAGGTGCAACGCCGAGGTAACCGAATTGACATCGTTGCTCAGATTGGGGATTTTGTGGTTACGACTCGCTACCAATTGGGTAAAGGCGGGGTCTTGCGGAAGGATGTAGCGCTGAATTATGGAGGCGATGGAAACCCCAAAATTGACGGCGTTTTGTTTCTTCTCCCAGCGATTGGGTTAGGCGAAGACGCCGTTGTGCTGAGCCCTTTTTTTGAATTCCTGCGAGTTCCAGTCAGCCAGCGACCCCGTTTCAGCGTTGACATGGGCACAGGTGCTTGGTGCGCCTTTCATTCTCCCTCCCAAAAACTTGGAATTGCCGCTGCCTTCTACAGCGAAACCGAACACTTCTCCGTCAACACCGAAACCATTGACACTCCCAAGCCCGTGTCCCCTGTCCCTTGTCCCTTGTTCCGCCCTTGGCATCGGCTTGGAGTCCGAGACCGAGCGAGCAAAGGTTGGAGCGCCGAGTTGGGAACTCAGTTTTTCATCGTGGCTGAAGGTGATGAGCGAAAGTTGCTGGAAAGCCTTTGGCACGCTTGGGATTTGCTGGGTTTGAGACCGCTTCAGGACACGCCAAAGGACGCTTTTGACGGCGCTTTTTACGAACCTGCAGTTCAACACACTTACCGAAACATCACTCGCCTGCTCCCGCATTTGAAGCAATTGGGTGTCAAGACAATTTGGTTACCGCCTTACACGCCGGGCGTCTACGCTCCCCTTGACTACTTTGCCATTCGCCCTGAGGTCGGAACTGCCGAAGAGTTGAAAGTTTTGGTCGCAGAAGCGCACAAGTTGGGCATGCGGGTCTTGCTTGACCTAATCCCGCATGGACCAAGACCTGAAAGTGAACTCGGGAAGGAGCAAAGGCGAAAGTTTGATGCGGGCTTGGACAATTGGATTTGCGCTGACGAGCGGGGGCGACCAATTCACTGGTGGGGCTGTTACGCTTTTGACTACGCCCATCCAGGTTGGATTGCTTACATGGCAAAGGTGGCAGAACATTTTGCCCGTGAGTTTGGCATTGACGGTTGGCGCATTGATGTCGCTCCCGGCGGTCCGCCCAACTGGGCTGTTGTCAACCAACCTTACCCGAGACGCCGACCAAGCCAATCTGGGCTTTGGGGAGGCTTGCAAGTTCTCAGGGAAGCCAGAAACGCTGTCAAAAGGGTTCGTGGCGAAGCCTTGTTCTACCCCGAAGCGTCAGGTCCGCCTTTCGTCGTTCACGGCGATTTTGACTACGGCTTTCCGTTCTACTTTGTAGCGATGCGGTTGATGACGATGCTGCCAGAAGAGTTCGTCCCAAGTTTGCGCCGTTGGCTTCAGCATCAACGATACACATTCCCGAAGGGCGGTTCAAAACGCATCGTCCGTTGGCTCGCAAACCACGACAATCCATATGTTCAAGGACGGTTGGGTTTCGGTTACTCCAAAGCCATGTTCGCAGTTTGCGCACTTAGCGAAGGCGTGCCCTTCATCTACGAAGGTCAAGATGTCGGCATGACCGATTTTATCGCTCGGCTGATGAAACTCCGTTCTGCATTGAGGGAACTAAGGGACGGTGAAGCCGATTACTTGTCCGTTTCGGTAAGCGACGATGCGGTTTTCGCTGTCCACCGATTTTGGGGCAACTTTCACACCGTTGCGCTGGTGAATTTGAAAAGCAGCCCAGTGACCGTCAAAATCAGGTTGCCATCACCGATGCAAAATTGGTCTCAAGTCGGTGACGCATGGACAGGAGAGGTTCACAAGGTTCAAAAGGGCACAGTGGAACTGACTTTGCCCGCATTTGAACTTGCGCTCCTTTCCGATCCAGTCCGAACACGGAAACTTGCGCCGAAACCTGAGAGGCTTAAGCCAATCGCCGTTCAGCCCGTGACCATCTCCGACGAAGGGTTTTTCAAAGTCGGCAACTTTGTGGTAGGTCAGTGGCGTGAAGGCGAGTTCAAAATTGCTCCGGGCGAAAGGTTGCCTTTTGAGGTCGCAGAAATCAAGCGCAGCGAAAATGAGGTCATCGGCAAATTGGCGGTCAAAAGGCGAATGGGTGCTGTCGTCAGAACCGTTGCTGAAATCCATTGGCGTTGGACACAACAGGGCAACTCTTGGGATTACGACGCAACGCTGCAATTGAAACTCCCCGTTAAACTTGCCCGACACGACTTTGCTTGGGAGTTCAAATTCGTCAAGCCTAAGCGCTGGCGCATCGCAACGGTTGAGGGCGAAATTGAAGAGGAAACGGTCATTCGCTTTGAGCGACCGCAACTGCTTTGGGACTCTTCACGCATTCCGCCAGCCTTTTCCGATGCTCCCATCAGTGTCCAACTCCCCGACGGAAGTTGGTGGACGCTAACGGATTGGCGAGGTGGCGCCGTTCAAGTTTGGCTTCACCCTGATGAAACCCTTGTCGTCCGAATTCCGCCCAATGAACAAGCCAGCATCACTTTCAACTCCGTTTACGCCCCAAAACCTGCTATCCATTTCTCTCGTCTTTCGCCCTTCATCTCCTTCTCCAGCGCCCACATTTCGCTGAACGCAGGAAGGCTTCGTTTGACCCTTGCCCGTTCGCTTGGAGGTTTGCCCATCAGGATGGAACTGATTGATGGCAACAAGCGACAAACGGTTTTGCTTGGGAGCGAACTTTACAGCGATTATGGCATTTTCCCTGAACACGACGAGGGAGGGGCTTGGAGGGCTGAAGGTGAGAGGCGACTGGTGAGGACTGTCGGGCGAGTGAGCGCTTGCCGTTTGCCAGACAAAATTGAATTGTTGCCCGACGGTGTCGCTTTTGAGGGGGCGCTCTCAACAACTTGGGCTGGGCATTGGTGGAACTTGAACCCACGGGTGAATTACCGATTGAGTTACGAAATTGACGGCGATGGCTTCATTATCCGAGCAAGCGTTGAGCCTTCAAAGCCGATGCGGAAAGTGAGGGCGTTTTTGGCGCTGACCTTGACTTTCGTCGGCGTTGAGAAAGTTGCCGTCAATACTGTCAAGGGTTGGCATGAAGTCCCTGAAATCGGCGAACGGGATTGGCAGTCAAGGCATTTGCCCCTTAACAAAACTGACCCGCAAATCCGTTTGCACACGAAAGCAGGCATAGTTGCCTTGAAAGGCATTGAAGGCGAGTTGCAAAACTGCTTCGTGGTCAAAGATGGTGACCGATGCACCGTCTTCTTCGCTTGGCTTGACGGCGAGGAAACTGATTTCAAGACCCGCACGGTAAGGTTCAAGGTTGAATGAGCGTGCAAAAATTATTGGCGGTTTTGAGGGAGGGCGAACCTCCCGGTGAGCCAAAATCAAGTCTTGCCAGTCGCTAATCGCCATTCGCTGCTGTTTTTGGCTCGGCAGGAACTTCGCCCTCCCACAAAATTTCGCCGATTAAAATCGGCGCTCAAAGAGCGCGTCATCAACTACGAACTGAAGCCTGTGGCATGAAAATTCTGCAGTTGCGTCGCTTGCTAAAATCAAAGGAGCGGATGGTAGATGGATGAGGAACGGGAAAGGAATGGGCAGGGTCAGCAAGAGCCTTATGAGCGAGAGGGCGCTGAAGAGATTGCTCATGAGACTGTTGCTCCACAACCTGCAGTGCCTTCACGACTGTTCACCTTGTTGCTCGGTTGGGTTTTGTTCGCTATCTCGGTCGTGATTGCCCTTGTCTTAGCAGTGCAACTGGTTCGCGAGCGTCAAACCAACGCTGAACTCAGCGAGAGAATTTCGTTACTTGAGAGCGCCGTTTTCTCGGCTCGGAAAGTTTTCCTTGAGCGGGCAGCGGCTGAACTCGGCTACGCAAGTGTTGACCTTCAGGCAGACCCGCCAAAGCGTTATCAAGTCGCTTTCAGGCTGGACGAAGCGATCAGGTGGCTCAGGGACGCTGAACCTTTGCTTTCCGATAGCGGTCGCACTCAAGCGCAAAGCCTTCAACAAGCCCTTAGGCAACTACCCGCTTTGGTTGAGCAAGACCCGGTGAGCGCAAGGCAAGAGTTGGCGAAAATACAAGATGCGCTGGAAAGGTTGATGAGTTCCGAGACGAAGGCAAAATGAGGGAACGAGACAAATTCATCGTTGAGGTGTGACCATGAGGCTCAAAAGCCTAAGCCTTTTCGGGTTCAAAAGTTTCGCCAATCGGACGGAGTTGATTTTCTCGCCAGGGATAACTGCTGTCGTCGGTCCGAACGGATCAGGCAAGTCAAACATCTTTGACGCCATCATTTGGGTTTTGGGCGAACGGAGCACGAAGGCGCTTAGGTCGCCGAAGGCTGCCGACTTGCTCTTTGCAGGCAACGGCAGGGTCAAGCCAGCAAGCATCGCAGAAGTTTCACTGACCCTTGAGTTGGACGAGCCCACTGAAGAAGGCAACTCCCAAATCGTTCGCCCCTACGAACTCATCTCCGAAATCGTCATCACCCGAAGGTTGAAGCGGACGGGCGAAAGTCAATTCGCTATCAACCGAGTCCCTTGCAGGCTCCGCGATGTCCAAGATTTGCTCCTTGAGTTGGGGCTCTCTGCTGACAGTTACGCTTTTGTCGGTCAGGCAGAAATTGACCGCTTGGTCTTCCTTTCGCCTCAGGAAAGGCGCGAGTTCATT
NZ_CP130454.1_gap24	712818	713856	1038	CATGCTGTTCGGACGCGATAAAGAGTGTCAGGGGATGGATGGCGATGAAAAGCCTTGATAGGACGCCACCCGCTTCGTTTGGTCACAGGGTCAAAGGCGAAGGCAAAATAGCGCTTTGACAACTTATCACTGAAAACGATTTCGTCTCCCCAATTCGTTAGCAATGGTCTTGCCTCTGCCAAAATTTCATCTACTAATTCGCCGATGGGCACCAGTTGAGGGTAAATGTAACCATCCTTTTCAACACCAATAAGCACTCGCTCTTCGGGAGGCAGGCTCTTCCCGCTCCCCGTAATTCCGATGAGCGTTTGAAACCGATAACCTTTCCTTAACCCTTCCAACAGTTGCCTAATGGCTTTCGGTTGGTCACCTTTGGGCTTGAGATCAGTGACGAGTTGGAAGCACTGCATACACTTCACCATCCTACGGCGTGACGATTATTCGCCGGTTATCAATGGCTGCTATCAGTTGCTTGACAGCGTTGACAAAGCGACGAAAGGAACGGCAACAGTGAAAGGCTTTACAGACAACCATTTGAGCCGTCAGACTGGGTTGATTTATCGTCTCCTTGTACGGCTGCCCTATCTTGTAACTGACCATTTTCTTCACCGTTCCAGGCGCTATCGTTTCTGGTTGGCTACTCCAACAGTGTCCTGCCAAAAGCCACGCTTCATAACACTGGTGAGCAACGACAATGGCTACAGGGACATGAGGCTTGCGTTGCCGAACCCATTGAGATAATTGTTGTGCCAAGTTTTTAGGGCAATCGCCCTCAGAGTCCACGACAATGAAGATGGCTTCAAGGTTAGGCACTCGCAGTGCCCGTTCAAGGATACGCGTGAAATTTGCTTGATTGAAGATATTTCCACGCCCATGAGCGTTATAGGGTCTGAATTGAGTCTCCCATCTTTGAAACTTTCCGTGAACGATTCGCCGCAACAGTAAAGGGACGGCTTCTTTTTCTCCATCACCTTCCACGATACAGACCCAAACCCCCATCCCTTTACCGCTCCTTCAAAGGCAGGGATGGCTGCACGG
NZ_CP130454.1_gap25	744540	749191	4651	TCGGTGGCTTGGGGCGACGAAGTCGTCGTGGTTTTGGGAGTTTGCAAATCACGGAGGGCGAATTAGCATTGACGGCAGGAACTGTGAGAGAATTGGCTGACGCCTTAAAGCGGCAAATCAACTCTATCTTGCCGTCATCGTTTGCTGCGTTGCCGAATGCCCCACGCTTCCCAGTCTTGCATCCTGATTGGGCACAAATCAAAGTCTGCTGCCGAGAATTTGAGAGTTGGGAAGAAGCCATCAGACTTATCATGCAAAATGCCCACAATTACAAAAACCCTGCTTTGGGCAACGCTACTCCCCGTCAAGCCTCGCCCGTGCATGTCCATGTAACGAGACTGTCAGCAGGCAAATTTGCCCTTGTCCTGACGACGATGCTTTCGCAATTAAACCCCATCCTTTCTGGTGCCGACAGACAGAAACTTGTTGACTTCTTGGACGCCTTTAAGGGCGAAGTCATTTTCGGCTTTGAGGAGGTGCCAGAAAATTGGCTTGGTGGCAGCGAAAGATAGTCGCCTTGCTTCACGACCCACCTGATAAGGTGTTGGACATCCCGAGCCACGAAAAGCGGGCGAGTGTGCTCATGCAAACGGCGTTGCGTGGGTTGCCTGATGTCCCGCCGACAGGTGTTCCTGAAGCAGCATGGACAGATGTTGCCAAAAAAGCCGACACGGTTGCTTCTGCTGCTGATCGCTTGAACTTCCCAAAAGACCTTCAAGCGCCCAGAGATTGCGTCCTTCACCCACTTTCAGGTCAAAAGATGCTGTTGCCCTCTGCCGACCCGCAAAGGGCATCGGAAGTGCAAGCGGAAGTGATCCGTGATTTGAGCCAGAAAGCGAACGAGCCACAAAAACGCTTCCTGCTCCTTTGGCGTTGCCTTGAAGACGAACTTGCCAAACGCGAACCGAATGTTCCTTGGAGTTTGCTCCCTGCCGACACCCGCATCCCTGACCATCCTTTGCTGCAGCACGCGCGCGTCGCCAGCGCCTTTGTCAACTGCTTACCCAATCCTGCTACGCTGTTGTTCGCCATCGGACCCGTTCAAGGTTTCATCGCTGCTGCCCGAAAGACCCGTGACTTGTGGATGGGCAGTTTCCTGCTTTCATACCTGACTTGGCATGCCATCAAGGTCATCGCCGAGCAACTTGGTCCTGACCATGTGCTCTTTCCATCACTGCTCGGTCAGCCGCTTGTTGACTTTTGGTTGTGCAAGGAAGGCGTGGTGACTCAAAAGCCATCATCCGACCGATTGCGATTGGCGACATTGCCCAACCGCTTCTTCGCCGTCGTTCCCGCTGAGCAGGCAGAAGAGTTAGCAAGGCAAGCGGAAAAAGCGGTGCGAGAAGAGTGGAAACGGTTGGCGGAAAAGGTTTGGCAGGAAATTTGCCAAAAAGTCCCCGAATTTGCAAAGGCAAAACCTATCTGGGAACGCCAGTTAGCGCAGTTCCCCGAAGTCTACTGGGCGATTTACAAGTGGAGTGACACGCCAGAAAAGATTGCCAAACTCTTTCAGCAAGTGACAGGAAGCGAACGATTTGTCAAGTGGCTTGAAGGCACAAAAGGCGCTTATGAGCACAATCAAGGTTCGGTCTATGCTGCCTGCTACGAGTTGACAGAGCGGGCACTTGGCGCTCGGAAAGCCTTGCGGGACTTCAGCGATCGCAGCGAACCTGCAGGCAAATGTTCCCTTTGCGGTGAACGGCAAGCGTTAAGCGATTTGGATGGGCAGGTGACGACCGATTGGCGAGAGTATGAGAAAGGGTTTTGGAAGAAAGTCGCACAGGAGCGGGAGTTTCAAGGCGATGTGGATTCTGACGGAAGCGAACGCCTTTGCGCCATCTGCACTGTCAAGCGCTTCGCTGCCAAACTCGTTTTTGCCAACAAGGATGAGTTGGGCATCTCACACGAATTCCCATCCACCGACAGCATCGCTGCTGCAACTTTCGTTAAGGCACTTTTTGAACGGTGGGCAAAAGCCCAGAAACCCGTCAAGGATTTGCTGGACACCATCAGCAGACAACCCGAATGGCATCGCATCGCTTTTGTCGGAATGGGCATCCCAAAGTTGGGACGGAAAGCAGAAGAATTGGACGCTATCGGGCAAGAGTTTATCGCTCAAAAGTTGACGAAGTTGGACGGCGAGTGGTTGTTCGCCGAGAGTTACGACCCTGAGCGCATCAAACGAGCACACGGCGTTGAAGTGAGCGAAGAAGTCGCACGGCGGTTGCGAGAGGGAGTGTTGCGCAAACTCTACGACGAGATCGCCAGACCCAACGACTATTATGCCGTCTTGTTCATGGACGGAGACCAGATGGGTAGGTGGCTAAGCGGGACGCATGAAGGTTTGCCGAAGTTCGTTGAAATTTTGCACCCGCAGGTGCGAGGGCAACTTGAAGGGCAATCAAATTGGCAGAAAGTGCTGCAAACACAAAGATTGATGTCGCCTTCTTTGCATGCCGCTATCAGTAGTGCGCTTGCCAATTTTGCCCTGAACGCCGTTCCCTATGTCGTGGAGGAACTTCATGCTGGAAGGCTCGTTTACGCAGGTGGTGACGATGTTTTGGCGCTTTTGCCCCTTTCGGATGCTCTTTCTGCAGCGCACAAGTTGCGGGCTCTCTTTTCGGGCGAGGCGAAACGACTTGACAAGGACATCTTGGTGGAGTTCGGGAGCATTCAATGGACAGGTTGGTTGGACTGGAATGGGCGAAAATTGCTAACGATGGGCAAGAACGCTACTGCCAGCGTAGGCATCGTCATTGCCCATCGCCTTCACCCACTCAGAGATGTTCTCCGTCAGGGGAGAGAGGCGGAAGAGGACGCTAAAGAACTCTACGGGCGAAACGCCATTTGCATCCGCTGGCTCAAGCGTTCGGGCGAGCAAGTGCAAATGGGTGCGAAGTTTTTCTATCCCGACCACTGCATCAACGACACCTTGCAACTTCTGCTGGAGTTCGCCGACTTGATGCGGTCAAAAATTTCGCGTGGGTTTGCGACCGACCTGATGCAAGAGTCTTTTGCATTGGCAGACTTGGACGAGAAAGCGCAGGAGGCGGAGTTGCGAAGGTTACTTAAGCGACGCAGAAAGTCTGACGCGAGCCTTTCTGAAGACCAAATCAAAGATTGGGCGCAGAAACTTGTCCGTCTTGCCGTTGCCCTTGACACTCACGCTGACAGCGACGCCGACCCATTTGACCTGACACGCCCGCAACGGGGCATTGTGGAACTGGCGAAGTGGCTAACTTTTTTGCGATTTTTGACTGGGGGTGGCGAGTGATGCAAATTGTCATCCGATCGGTGGATGTCTGGCTCTTTCGTGATGGCAAACCCTTCACGGCAGGCGAAGACCATATCGCCGAGTCAACCTTTCCACCGTCACCTTTCACCCTGCAAGGTGCAATCAGAACGAGGGTTTTGGCGGACAAGGGCGTTAACCTTTCTGAATTTGCTTGTCAGAGGCAACCTGACCCAGAAGTTGGCTACGGCGACAACTTTGGGAAGTTGCGTTTGTGCGGACCGTTGCTGATGCGATGTAAAGACGGCAAGTGGGAACGGCTCATCCTAATGCCTGCCGATGTCGTGAAGGTGGGCAAGCGTTACGAGTTGCTCCGACCTAATCCTGACTTGCCCTTTGCCACGAATTTGCCCAACAGTTTGCAACTTTTGTGGGCACGAACGGGCGAACGAGTTTCAGAAGCAAAAAATTGGCTGCCCGAAAGCCAATGGGAAAATTACCTGAAAGGTCAGCCACCCAGTCAAGTCGTTTCGGAGGACGATTTGTTCACCTTTGAACCTCGCTTTGGCATCGCCATTGACTCCACCAAAGGAACAACTCAAGAGGCGATGCTTTATCAGGCTCGTTTCGTTCGGCTCAAAGATGAGACAGCGCTCTGGGCAGAAGTGAGTGGCGTTTCGCTGAGCGGGAATGGCTTTTTGCGTTTCGGAGGCGAAGGGCGGGCAGCAACTTATAAGGCTCTCACAAAATCGCTTAAGCCACTTTCGCAATTCAACGCTGCTCGTGGTGCCACTCGTTTCAAAATCGTGCTCGTAACGCCCGCTTGGTTTTCAGGCGGTTGGCGACCGAGGGACGGTGATTGGTCAAAGATTTTCGGCTCATCGGTTCGGCTCGTGGGCGCTGCCATTCCGCGACCACTGCTTTTAGGTGGCTTTGATGTAGCCAAAGGCGTTCCCAAGCCGATGCGTGCTTTTGTGCCTGCTGGTGCCGTTTACTTCTTTGAAGCCGACGAACCCTTATCATTTGCCGACGATTTCGCTTTCACGGAAACCCCTGATGAGGTAAGAGAGCAAAACGGTAACGCCAATGCTTGGGCGCGAATTGGCTTAGGCGCTGTGCTGATTGGCGTTTGGTGATGACTTCTCACGGAGGTGAGGAACAATGTTTGAGAAAGCAGCGATGCTATTCCTTTACTGCGAGACACCTGTCCACGCAGGGACGGGCACAAGTTTGAGCATCGTGGACTTGCCCATTCAAAGGGAACGAATCACGGGATTGCCCATCGTTCAAGCGTCAAGCCTGAAAGGCGTGCTGCGGGCGGAAACTTTGTCCATCCTGAAAAGAAGGCAAGACCCAAAAGCCGAAGAGAAAGTCAAGGTGCTTTTTGGACCTGAAACGGAACAAGCCAGCGAGCATGCA
NZ_CP130454.1_gap26	769364	774325	4961	CGCTATACGACTTATTCCCAAAGCCTTGCCCAACTGCGTTGCTGTTCCCTTGCCCCACTCTTTCAGCAACCGAATGATTGCAAGTCTTGTCGGCGACAAGTTTTGAATTCTTCCCGTGCCTATCATTAAAGTTCGCCTTCCTTTACCCTTCGTTTGAGCCGCCAACATTATAACTCGCGTTCGGGAATTTGTAAATAGTTGGCTTAACAAATTCACCGATGGCTTAACCAGCGGTTGATGACGAATTTTTTGAGCGCCGAAATCATTCGGCGAAAGATCAGGGTCTGGAAGGCTGAACTTCTCGGTGAGCCCAATTTGAGTGCGAGGTGCTGAGTGCAAGGTGTAGTTGTTAAGCACGGGAACTTTTCGGCAGTGTAGGAGCATTGCCCTCCAGAAAAAAACCATTTGCCAATCGCTATTCGCTTTCGTTTGAAGGTTTAGCGGAGGGAACGGTCTTTGCCGATGAAAGCACTGTTGCCACCTGTGCCCGCATAGAGCGTGGTTGGGTCGTGAGGGTCAACGGAAAGGCAACCGATGTTCAGGTGAGACAAGTCTTTGTTGACTTTGCGCCAAGTTTTACCTCCATCACTGCTTTTGAGCACGCCTTCAGCAACGCAGTCGTCATGGTATGGGTGGTCAGTCGTCGCTGCATAGAGAATGTCGGAGTTTCGCGGGTGGACGATGATGGCGCTGACGAAGTGGTAGTCCAAAACGCGCTGCCAAGTCTTGCCCCCGTCAACGCTTTTGAAGACACCACCAGCGTAAAGTCTTTTGGTTGAGTGATCGTAAAACTCTCGTGCCGCCACATAAAGCGTAGTGAAGTTCTTAGGGTCAGCGGTCAAATGTTGGATGTTGGCGAAAATCAGTTCAGAGTTGAGGCGGTGCCAAGTTTTTCCTCCATCCCGCGTTTCGTAAATGCCCGCTCCCGTTTCGGGTGTCCCAGCACATGCAACGATGATGTGGTCGTGGTTTCGTGGATTAAGCAGAATCCCTCTCGGTTGTTTTGCTGCTTCCTGCGGCAAGTTGCCATTTATGCATCGCCAACTTATTCCGCCATCCCTTGACTCAAAGAAACCATGCCCGTTAACAGTCACTAAGAGCCGACGCCTCGTGACAGGGCTTGACAAATCCAGAACGATTTTCCTAACTTGACCGTTGGGTAAACCTGTAGCAGGTTCTCCGACGACGCGCCAAGTTTTCCCACCGTCGTCGCTTCGGCAAATATAGCCTTCGTTCCAAGCCCATTGCCCCGTTGCTGCCCAGATAGTGTTTGGTCGCTTGGGATCAACGACAACGGTGAAGCAATTGCCTCCCGCTTTCATGCCCTCATGGCTGCGCCAAAAAGTTTGTCCGCCGTCATCACTGATGAGCAAGCCTATGTCGGCATAACAAAAGTAAACGCGTCCTTTACGAACAGGGTCGGGAACGATGTCGTTGACGCAAGTTACCTCCAGACCATTCCCGCGAAAACGACCGTCAGGGAATTGAACGCAATAGCGTTGCTGCCAACTTTGTCCACCGTCACTGGTGACAAACAAATGTCCGCTCGTTCCAAAAGCCAACCTATCAGGGTCGGCAGGTGAGATTGCCAAGCACTCAACGGCGCAGCCCCAGAAAGTTATCCAGCCGTAATCCATGTTCACCCAGCGTTTGCCGTCGTGGACGGTTACCCACTGCCAAGTCCGACCGCCGTCAACCGATTTGTAAACGCCGGGATTCCACCAACTTCGCCCACCAACATAGACGACATCAGCGTTGCGTGGGTCAACGACGATTTCGCCGTAATTACTTTGCCGATAAAGGTCTGGACCTAAGCGTTGTGGTAGATTGCCTGTGCAAGAACGCCAAGTCTTGCCTGCATCATCACTGCGATAGACGCCCCCATTCCAAGCCTGTCCTTCACGGGATGTTGTCAAGATGGTAGTGTAAACTCGGTTGGGTTGAGAGGGAGCGAAAGCGATTTCTTGGATGAAAAGGTGGGGCAAACCCTCATTTGATGGTTGCCAAGTTTTGCCGCCGTCATCGCTTCGGAAAATGCCTTTGTCTGTTGCCACTAAAATGACCTTGCTGTCGTCGGGCTTGACTTCAATATCGCTAATGACGGCATCCTTTGGCAACTGTCCGCCGTCAATGCGTTGCCAAGTCAGCCCGCCATCGGTGCTTCGGTAGATTGCGCCTTGCCCTTCTCCTTTGTGACCTTCCCGTGCGAGTCTGGGGCGACCGATGCCAGCATAAACGGTATTCGGGTTTTGAGAGTCAAAGCAAATTGCTCCGATGGGCGATGAGTAGGAGTATCGTTGGGTGGGAGGGAAACCGTTGCGAATCCATTGCCAAGTTTTGCCCTTGTCGGTTGTTCGGAAAATTCCGCCTTGCGTGCCGAGCAAAATGATGTCGGGATTTTTCGGGTGAACGGCGATGGCTTCAACGAAGTAATCCCGAAGCCCGTTGTTGCGAATTTCAAAAGTCTTACCGCCGTCAAAGGAAACATAGAAGCCGCCGACATCGCAACCGACATAAATCGTGTTTGGGTCTTTGGGGTCAAAAGCGACCGACTGAATCCAACCGCCTCCACCAGGACCAACCAACCGCCACTCAACTTCATCGCTTGACGGTGCATCTTTCGCGTTCATTGGCAATTGCGCTCCGAAGGCAAAAAGTAAGGCGAGCAAGGCAAGAGAAATCATCAGCCACCACAACGCTCGCATCTAAGTTCACCCTCGCGAATGTGTTTCAAAACCTCCCGCTGCCACTGACTTTGACAATTTTTGCCGATTGAAGTTGGCGTTTAGTTTTTCTGCGTCTCGGGAGATGCTTTCCCCATCCTTTCCGTTGTCATTCCCTCGGCAAGCAGAGTTAACTTCATCTCTGTTGTTCCCAGGACATTTGGGTCATCAGGGTCAAAAAGACGAAGGCAAAAAACTGTCTTTGTCACATTAGGTTCATCCCAAACTTGGACAATGACTTTTGCTTTCCTGTAAGCATCACGGTCATCATTAGGTGGCAATTGGTCTGGAGGGATTGGCAAATCGGGAAGGATTCGTTTCACAATTGCCGTCTTGGGTTTACCATTTCCATGGTTATCTCCAAACTCTTGTCCTTGTCTCATAGGCGCCCAAGAAAGAAGCAACTTGGATGTCTTCCACTCTGCATTCACTTCCAAAGCAGGTTTAACTTGGTGGTCTTTGTGAAGGTGGGCATGGTTGTCCTACGCCCGAATCACGAAGTGAAAACCTCCCGACTTCTGCATAAAAAGATGTTGGCACACGAACTAACAACCCCCGATAACCTCTAAACTTGCCTTCAACCTATCTGTCTCTCATGTTCTCCAGGGATAAATGTCTCATCTATCTAACAAATTTCTCTTCGTCACCTTTCAAAATTGGGTAGGATTCACCTATCTGATCATGTATTCTCGCTACCTGTCTTATCTTTGTGCCTTTCTTATTGTTGCCTCCATTGTTCTATGTCTATAACAAAAACACCCTCCCAAGAGGCAACAAATAACTTATTCCCTATCACCGCTACAGAGTTGCATTCTCGTTCCCGTGTCAATCCTAATATCCGCACGATTTTCTTTTGTGTCAAGTCTATCGCCACTACTCCCCCATGAGCCTTTTCCCTAGGTTCATTAAACAAATTCACTGGGGTATCCGGGATGTCTATATGACCTATCGCTAATGCTGCATACATTTCAGATTTATCCTCAGAAAAAGCTAATTGTGTTCCAATACCTGCATCGTATTTTGTGTCTAATTCCTCGCTAATTTTTTTACCCCATTCTTCTACTTTATCATCTTCAGTATTAATGACAACAAGACCTTCCCCTGTGCATGCAGCAAATAAATACTTCCCATCGTTGCTAAACCCAGAGAAAAACAGAGGCCAAAAGTCATTTATGACCTTAAACTCTTTAAACCAATCCAATTTCACTGTATCTAAAACTTTCACTGAAGTTGGAGGGCTTTCCACATATAACTTGTATCCAGAAGGATGCAAAGCAAAGAAATTAAAAGGACGATGTTCAATGAATCTTTTAATCTCCTTAGTCTCGGTATCTACGACATAAATGCCAAGATACCCCACTTCTTCTATTCTGGTCGGTTGAGAAGGAGGTTTAACGGCGTAAGCGATTTTCTTCTGTGGGTCTATTTCCCAAGCCCAAAAGCCCATTTCCGCCAGCCATGCGTCAGGGAGACGATAATGACGCGCTATCACCGCCTGTGGATATATCAGTTCCTTGATTTCTATCGTCTCTATCACCTGCTCAGTGATAGGGTCTATTCGGTAATAAACAAAGGAAATATCGTCAGGTGAATAAAAAGCGAATAACTTCCCCGCATACTCATAAATCTCCCAATAAGTGAATAAAGATGGTAATCCACTCACTTTGCGAACAAAGGAAGTCTGAGATGAACGACCGACACTCCACACTATCCAAGTAACCACCATTAAACCCACAACTAACATGAGAACAAGGATTCGCCGATATGCCATACATCATCCCTCCTACCAAGACTGATCTATTACGGGCGGATTACCAAGGTGAATTCTTCCTCTCCAATCACTTTTCACATTGACTTGCCAGTAACGGTTTTGAGTGTAGACGATAGCGGGTCTTGGTTTTTTGTGATGGATATTGGCTGCCAGCCAAGCATCTAAGACCCGATCTCCTGTGCGATTCACCGGTTGTTGATGGAGCAAGAAGAAAACAAAACTTTGAACCTTTTGCGTTGACTCACCTGTGTTGTCTGCTGGAGCAGAAAAAGGAGCAACACCCCAGCGATAAATTATGGCATACCCTGCTAACCCCTTCAACAAATTTGTCTTCAAGGTAACATTCCCCCAAGCGAAGCCATTAGCGTTATCAGGATATAAGACACCACACCCGCCAATAATGAAATAATCCAAATCCTCATTCCAATTAGCGGCAGGGTTTACATCGCTGACAGTGAAAGTGCTGG
NZ_CP130454.1_gap27	793611	795165	1554	TGTCGGCATAGTTAACGGCACTACCAACTACATCCTGACACGAATGAGCAGGGACGGCATGAGTTTTGAGCAAGCGTTGAGAGAGGCTCAGGAGAAAGGGTTCGCAGAGGCTGACCCCACCGACGATGTTGACGGGCACGATGCCACTTACAAAATCGCTATCTTGGCTGCCATCGCCTTCGGCTTCCGAATCAAGGTTGATGCCATCTACCGTGAGGGCATACGCAACATTGACATCTCCGACATCCGTTACGCCGACGAGTTAGGTTACGCCATCAAGTTGCTGGCTATAGCCAAGCAAGAGGATGGGGTCATTGAACTTCGCGTCCACCCGACCTTAGTCCCGAAAACTCACCCACTGGCAGCAGTTAGCGACCAGTTCAACGCTATTTTGATTGAAGGCGAAAATGTCGGTCGGCTCATGTTCTACGGGCAAGGTGCAGGCGGTCCGCCTACAGGAAATAGTGTCGTCAGCGACATCATTGACGCTGCCAGAAACATCGTCTTTGGCTCAAAAGCGAGGATTGTCTGCACTTGTAGGCTCAACCCGAAAATTAAGCCGATCCCCGAAATTGAGAGCCGATTTTGCTTGCGGATGGATGTCGTTGACAAACCGGGGGTTCTGGCGAAAATTGCTTCCGTATTTGGGAGCAATCAAGTCAGCATCGCTTCCGTCATCCAGAAGGAAAGTCAAGGCGAAACTGCCCATATTGTTTGGCTCACTCACAAGACGCCGTACGCAGCGCTCCAAAAATCGCTCAATGAACTCAAGCAACTGGATGTCGTTTTGTCTGTCCGCCCACCTTTGTGGGTGGAAAGCGATTGAGCGAAAGACGATGGGCAAAAAACGAAAAAACGAGCGAAAGTGAGGTTTGATGGTGATGGAGAGTGACATGCGTCTTTCCGTCTCCCGTTGGCAGGGCGTCATCGCCCACTACCGAGATTTTTTGCCCGTCACCGAAAAAACCCCCATCGTCACATTGCACGAAGGCAACACACCGCTTCTGCGTGCCAGATGGTTGGAACAACTACTTGACCAAAAGGCAGAAGTTTACTTGAAGTTTGAGGGCACAAACCCGACGGGAAGTTTCAAAGACAGGGGCATGACGGTGGCGGTCAGCAAGGCACTTGAAAGGGGGTTGACCATCGGCATTTGTGCTTCTACGGGGAACACTTCGGCGAGCGCTGCAGCCTACTGCGGGGTTGCAGGAATGAAATGTGCTATCGTTGTCCCTGCAGGAAAAATCGCCGCAGGCAAACTCTCTCAGGCTCTCGCTCACGGGGCAATCATCTGCGCAGTTCATGGCAGTTTTGACGAGGCGCTGCGGATAGTCCGTGAGTTGACGAAAGAGTTACCTGTAGCCCTGCTCAACTCCATCAACCCAGACAGGATTGAGGGACAGAAAACCTGCGTCTTTGAGATTTGCGATGCCTTAGGCGATGCCCCCGATTTCCACATCCTTCCCGTCGGCAACGCAGGAAACATAACTTCCCACTGGAAGGGCTACCGTGAATACTTTGAAGCGGGGCGAATCAGCCAACTCCCGGTCATGG
NZ_CP130454.1_gap28	811151	814210	3059	TTTGTGGGCAGGTGCTCAAGACGAAAGGTTCGCAATCGTCATTTCCAACAACTCAGGTTGCGGTGGTGCTGCGCTCAGCAGGAGACGCTATGGCGAAACTGTCGCTATCATCAACAAAGCCTTCCCGCACTGGTTCTGCGAAAACTTTAAACGCTACAACAACCGCGAAGACGAAATGCCTTTTGACCAACACATGCTCATCGCCTTGATAGCGCCTCGTCCAGTTTACATTGCCAGCGCCGACGAAGACCTTTGGGCTGACCCTCGTGGCGAATTTCTTGCAGCGAAAGCAGCCGACCCAGTTTACAAGTTGCTCGGCACGGAGGGTTTACCTGCACGAGACATGCCGCCTCTTGATCGTCCTATTATGGGCACAATTGGCTACCACATCCGTTCAGGCAAGCATGCCCTGACCGAATACGATTGGGAGCGATACATGGACTTTGCGGACAAGCACTTTAAGCGAGCGACGGGGAAACCGTAAAATAGGAAAGGATGGGCGAAACCCTCGCAGTTAATGGTGAGTGTTTTGTGAGAGTCTCGCCCTTTCTCGGTTCACGCTTTCAAGACAGCGACTCCGGGCAATTCGCGACCTTCAAGCAATTCAAGGGCAGCGCCGCCGCCTGTTGAGACATGGGTCACTTTATCGGCAACGCCAAATTCAAATGCTGCTGCTGCAGTTTCGCCGCCTCCGACAACCGTTGTCCCGGTGCACTCTGCGAGTGCTTCCGCAATTGCTTTCGTGCCTGCCTTGAAGGGTGCTCGTTCAAACCTTCCCATCGGTCCGTTCCAGAAAACGGTCTTTGCTGACTTAATCCGCTCAGCGTAAATTCTCGCCGTTTCAGGACCAATGTCGTAGCCCGCTTTGTCGGCAGGGATAGCGTTGGCGGGGACAACTTCCGTCACTGCATCTTCTGCGTCGCTTTCAGCGACCACGAAGTCAACTGGCAACACGAGTTCAACGCCTTTTTCTTTCGCCTCATCAAGGAGCGACTTCGCCAAGTCAAGTTTGTCCTCTTCAACAAGCGACTTGCCGGTCTCATAGCCTTGAGCCTTCAAGAAGGTGAAAGCCATTGCACCGCCGATGAGCAAAGCGTCAACTTTCGTCAGCAGGTTTTTGATGACGCCGATTTTGTCGGAAACCTTTGCACCACCGAGAACCGCCACGAAAGGCTTTTCAGGTGCTTCCAACAATTTACCCAAGTGGGTGACTTCCTTCTCCATCAAAAGTCCAGCATACGCTGGCAGGAATTTGGTAATGGCGTGGACGGAAGCGTGGGCTCGGTGAGCAGCGCCGAAGGCATCGTTGACATAGATTTCGCCCAACTTTGCCAATTGTTGAGCAAAAGTTTCGTCGTTCTTTTCTTCGCCCTCGTGGAAGCGCAAGTTTTCAAGGAGCAAAACTTCACCAGACTGCAATTCAGCGGCAGCCTTTTCGGCGACTTCGCCGATGCAATCGTCAGCGAACTTGACAGTCTGACCGAGCAATTCGCTCAGCCGTTGCGCTATCGGTCGGAGCGAATATTTCTCGTCGCGCTTGCCCTTTGGGCGACCGAGGTGGGACATGAGGATGAGTTTTGCCCCTCGTTCGGTCAAGTAGCGGATTGTTGGGACGGTGGCGCGAAGCCTCCAATCGTCCAGAACCTTTCCGTCCTCAATGGGCACATTGAAGTCAACCCTCATCAAAACCCGCTTGCCCTGAACATCAACATCGCGAATCGTCCTCAAAGCCATCTCAGTCACCTCCTCGCCACACAAAACTTGCCATCGCGTCAACCAAACTGCAAGTCGGAGAAAGCCCGATATTTCGCCTTGCGCTTTACACATTACGCATTACGCTTTACGCATTACGCTTCACGACAAATGTCACTTTAAACACACCCAACTCAAGGACATCGCCGTCGTTAAGCGGACGAGGTTGGTTCGGCGGGATAAACTGTCCATTCACTTTCGTTCCGTTGGTGCTTTGCAAGTCTTCAACGAAAAACTGATCTCCTTGCTTGAAGATGCGGCAGTGCTTTCGGGAAACTCCTGCCTCGTAGCCACCATGCGGTGTCAAGTCAACATCGGGGAAAACTCGGCTAACTGGGTCTGCCCGTCCGATAAGAACCTCGCCTTTTGAAAAGTCAAGGGGCAATTCGGTTCCCGTTTCAGCGATGACGAGGGCTGCAACGGGAGCGACGGGTGGTGCAACAGGTGGCGCTTCAATGCTTGGCGGGGCAGGCACAGGTGCACCGGCAGGTGCTGTCAAACCAGCGCCACAGTTTTCGCAAAAGCGAGCGTCAGGCGGGTTTTCGTGACCGCAAGACGGGCATTTGAGCGCACCTACGACAGGCGGAGCAGCCTCAACAGGTGCAGCCTCAGGAACGGCTTCAGTCGGTGCAACTTCCGCAGGTGCAGCCTCAGCAGAAGGTTGTGCTGAAACTTCCGTCAACGATGCGCCACATTCATCGCAAAACAGCGCCCCATCCAAATTTTCCGTCCCGCATTGAGGGCATTTGATCGGCATGCTTTCTCTCACCTCCGTGTTGTTATTCCGATTGCTTCCAAATCTTGTCCACAGCATTGAGTCCCCTACAAGGGTCAAACCCGAGGCTGCCGGACATAAGAATTCGCACCATGTCTTATAACATGCACACGACCGTGCAAAGTCCTACGCTATTTCAGCGCAATTTAGCCCTTCCCGTCACTTGACAAGGTTTTGGACGATGATTCCCGCTAACATAAGCAGGATTGAGATAGCAAAGCCTGCAGACCATCGTTCCAACCTTTGGATTTCTCTGCGCATTGCTTCAATTTCCTGTCTCACTTCCCTTCGCAGCGCTTCAAACCCCCCCTCCCATCTCCCGGTGCAGCGCGCCAAACCGTTCATCCATTTCACGGTGTAACGATTCAAACCTTTCGTCCATCTCCCGCCTCAGAGTTTCGTCCCTTTCCGTCATTTCTCGCCTTAATGCCTCATCCCTTTCAGCCATTTGTTGGAATCCTTGTTCCATCTCCCGCCTTAGCGCTTCATTCCTTTCAACTATTTCTCGTCTCAATGCTTCGTCCCTTTCCGC
NZ_CP130454.1_gap29	823164	825059	1895	CCGATTCCACATGTGCGTTTACCGTCCCAAACTGGTCTTTGAGAGGTTGCAGCAAGCCCTTGAGAATTGGAAGCAAAAACAGCAAGCGATGCTTGTTGGCGAACAAGTGAGCGAAGCGTCGGAATCGCAACAGGCTTAAGTTGACAGCCCGACAAACTGTCGGGCTCACCAAGAGACCCTTCACCCTGTTGGACCGCATGATGAACTGCGGTTGCTGACACTGGTTGACCGAGTTGAGAAAAGGGACAGTTTCCGTCTCACTTCCTTGCTGCCACAATTAGGGCAGCGAACCCTTCCTTCTTCAACATCGCGCCAACTGACCAATTCCTCAAATTCGTGTCCGCATCGGTCGCAGCGAAACTCGTAAATCGGCATTAGGCTTCACCTCTCAGGTCTGATTTCGGCATCTTCTTCGGTTTCCGCTCTTTTGCGCGAGCCCGTCGCGCAAGCACTGCTCATTCAGGTCGGGACACCGAGTTTGGGCAGCAAATACGCTTGCAAGAAAACCCAAACGGCAAGGAAAGCCAAAAGCGCAACCAGTTCCTTCATTTCTTTCGTGCCTCCTTTCGTGCGCCACACTTTTTGAGTGACAGGAGGGTGAAAAGGTAACATGCCAGTCATCGCTCTCCTAACAGATTTTGGCACTCAGGACATTTATGTGGGCGTAATGAAAGGCGTCATTTGGGGCATTTGCCCCGAGGCGAAAATCGCTGACCTTACCCACGAAATTCCACCACAAGATGTCACTGCAGGGGCTTTGGCGCTTTGGGGAGCATTTCGGTTTTTCCCGAAAGGGACAGTGTTTTGCGCTGTCGTTGACCCCGGCGTTGGGACGAATCGCAGGGCAATTGCCGTTCAAACTGAAAGCCACTTTTTCGTCGGTCCCGACAACGGTTTGCTCTGGTGGGCGATAAGTGAGAGCGATGTCATCAAGGTCGTTGAGTTGCAAAATCGCAACTACTTTTTGCCTACCGTCAGCAGAACCTTTCACGGGCGCGATATTTTTGCGCCTGTCGCCGCTTACATTGCGAGAGGAGTTGTCCTTGACGAGTTTGGACGGCGATTGAGCGCTGACGAACTTACTAAGTTGCCAGCGTTGAGGGCGGAAATTGATGAGCAAATTGTCCGAGCCCAAGTCGTCCACATTGACCGCTTCGGCAATGCCATAACAAACTTGCGGCGTGAAGATTTTGTCAAATGGCTCTCCCTTCGCGGTCACCGTGAATGGACGGCAAAAATCGGTGGTCTCCGTTTTAGCACGATCCGCCAAACTTACGCAGAAGTCCCGACAGGGGAGCCCTTGCTGCTTTTCAACAGTTACGAATTGCTTGAAGTGGCTGTCAATAGAGGAAATGCCGCTGAACAACTCGGCATCCGCAAAGGAGATGTGCTGGAAATTTGGGCGGAAGGGGCAGATGCTAAATGAAGGGGCAATGGGCGGAAAGGAAGGCAATAATCGTTTTCGCCGTGTTTTTTCTGGCGCTGTCGCTATCTTCCCAAACCGATCAATTTGTGACTTTGACCGTCGCAGTCCCTTCAGCGGGCATATCTTTGCCGTTGCAATTGGTGATTGCTTTCGGCTGGCAAATTGAGGTCAAAGAAGGTTTTGGCTATCCCTGGTGGACGCTGGGTTGTTTTGGGGTCACCTTCGTGACTGAGAGGGAGAAAGTTGAGGAACTCAGAGACCGAGTGTTGAAGGTTTGCAGACAAACGGATTGGAACCCGCTGACTGCCCGACATGCTCGTTCCTTAGCCTCTCAGCAAATCCGCAACTGGATGCGTGAGCCTATGGAATGGCTCAGGTGGCAGGCACGGATTACGGCGACCGACAGTTACCCTGCATCTCTTGACCCAGACCAACCTGCCCGTGTCAGGTTGGATGACCTATCGGCGAC
NZ_CP130454.1_gap30	830527	831341	814	TCCTGTTCGTCCAGTTGGCAAACTACTTGGAGCGTAAGCCTGAACCGACCGAGAGTGCGTGGGCTGAACTCCGTGAGGCTCAACTTTTAACACTCAAAACCGTGCCCAAAACCGGAATGGCTGTCGCCATTGACATCGGCGAAGCAAACGATATTCACCCCCGCAACAAGCAAGATGTGGGCAAGAGGTTGGCTCTCGCTGCATTGGCAATCGCTTACGGGCAAAAGATTGTCTACTCAGGTCCAATCTACCGCTCAATGCGGATAGAGGGCAACAAAATCCGCATCTTCTTTGACCATGTCGGGAGCGGGTTGGTGGCTAAAGGCGAAAAGTTGACCGGGTTTGCAATTGCGGGCGAGGACAGGAAATTTGTCTGGGCTAATGCAAAGATTGAGGGCAACACGGTCGTCGTTTGGAGCGAACAAGTTCCAAAGCCTGTGGCTGTCCGATACGGTTGGGCTGATAACCCCGATTGCAACCTTTACAACAAGGAAGGGTTGCCTGCATCGCCCTTCCGCACCGACGATTGGCTTGGAGTTACCGTCAAAAATCGTTGAGGGAATGAAAAACCCAAACTTCAGAGGTGATTGCGATGAAGCGGCGCAACTTTTTGACAACAACGGCTGGAGGGCTGAGTTGGCTTGTAACTCAGGCGTTGGCAGAAGCCCAAAGCAAAACTTCGCTTCGCGAGAGGGAAAAAAGTATTGAGCCTTTGCTGAAAGAGTTGGAAGCGATGAGGGCTCGCTTCTTTAATGTTCCCCGCACCGACGGTCAGTTTCTCAACATGCTGGTTAAACTTTCACGCTCAAGGCGT
NZ_CP130454.1_gap31	874838	876130	1292	GCATCTTCAAGTGTTAAATCGGGTCAACAATAGGTGACGCAGGAGCCGTCGTCAAAAGTCAAGGGAGTGAAAATTTGGACACTTAGAGCATCATTTCCCCATTGTCCCTAAACTCCAACCTTACAGTGCTGCCGGCAGGAATTTTCACCTTCTCGTTAAGGCGATACTTGCCCAAAATCCCTTGTGGCGTTTCTATGCGTGTCTCAACATCCGTTTCCATCGGGTTGTTCGCCTCAATCGTGATTCCTTACACCTGTCAATACTGCAAACAGCCGCTTCCCAATTGCAGTTTACGCCCTTGATGAACAGGGGTAACTCGTAAGGCATCTTCGGATACGGTTCAACTGTCCCAGCAATTCCAAAGTTTTCCGCTTCCAAGTAAGCCACATAGGCGATGCTTGTCAACTTCCCTTGGGATAGTTTCAACTCATCAGACTTTCTGCAGTCCTTCTGATGGCTCGGGCTTGGGTGCGTATCTTTTCTGGATCGGTGGCGTGATGGGTGAGGATAACCAGAGTTCGCTTTGCAGCCTCTTCAGCGTTCGGACACATGCCAAGCCGATACTCAACATGCTCAGGCAACGGGTAGCCGAAGGGAGTCCTTCGCTCAGCCTGAGCCTTTTGAAAGACGAACTCAAGATAGTTGACTTCGTGGTAGTAGCCGACGCTAATCCCTTCACGCTCATAACAAATTCGGCTGAATTCCTTCGCTGTCAAGTTTATGGCTTCCGTGTTGATTTGGATCGGATATGCCCAGTAGTTGGGCACAGTGTCAGGGTAACGGTGAGCCAATAGAATGCCCTCACAACCGCTCAATTCCTCTTCAATGATTTGCACTAGTTTCCGTCTCGCCTCGTTGAACTTCTCTATCTTGCTAAGTTGAACCAAAGCGACAGCGCCTTGAAGTTCGCTCATGCGGTGATTGTGCCCAAAGGAGAAATGACCCCTTGTTGGGATACCGCCAACCTCTTCGGGCTTTAAAGGCTCTAAGCCATAACGGAACCAAGGCATCCCAGCGTTTGAGTAAAGCACCGCCCGCTTGTAAATTTCTGGGTCATCTGTGGCTATAAAGCCACCTTCCCCGCTCGTTATGTGCTTGCTTTGTTGCAAACTGAAGCAGGCTACATCGCCGAATGTCCCAACTTTGCGACCTTTGTAGTAACCGTCGTAACATTGAGCGCAATCTTCAATCACCTTCAAGCCGTATTTATTCGCCACAGCCATAATCTCGTCCATCGGTGCAGGTTGTCCGAAAAGATAGACGACAACGACAGCCTTAGTCCTCTCGCTGAT
NZ_CP130454.1_gap32	899821	903149	3328	AGCCCAGTGGCAGCGGCATGTCAATGAACAGTTGAACCAACTCCTTCAATGGCAACGGAAGGTTAATGAACGCTTGGCAGAAATTGCCGAATGGCAGCGGCAGGTCAACGAGCAGTTAAATCAACTCCTTCAATGGCAGCAACGAGTCAACGAACGCTTGGCAGAAATTGCCGAATGGCAGCGGCAAGTTAACGAGCAGTTAAATCAACTCCTTCAATGGCAGCAACGAGTCAATGAACGCTTGGCAGAAATTGCCGAATGGCAGCACCAAACGAACGAACAGATGCGGCAAATTTTGGAACGGTTGAGCGAGATGATTCGTTGGCAGCAGGAGATGGTGAAGTGGCAAGAAAGGACGGTTGAATGGCAGCAGCGGGCAGATAGGGACTTCGCTAAATTGAAGGGCTCGGACAGGGAGTGGTATTATCGCCTAAGGGCAGCAGCAGTCTTCGGGATTTTTGTCCTCAACGGGCGCGACCCTACGAACGAAGTTATGCGGAAGTTGCACGAAGCCGTTAAGGCGGGAGTTATTACACGAAGCGAATTGAAGGCTGTCCGCGACGCCGATTGCCTTTGGCTCGGTGAATATGAAGGCAAGCCAGTTTTGTTGGTCGTGGAAGCCTCTTATACAGTCACCCACGAAGATTTGGTGAGAGCCGTCCACAGGGCTGAAATAGCCAGAAAAATCGGATACTGCGCCGTTCCCGTTGTTGGAGGTGCGGAGGTTTCGGATGAAATTTGGGAACAAGGGCGCTTGTTTAACGCTATCGTCATGAGAGACGGCGAAACCGATTTTGATTTCGCCGAACAAATCCTCTCGCAAGCAGTTCAGCAAACTTCATCGTAGCGTCACTTTCTCCTCCTTGACCTCGCAAGCGAACGGACCGAATTCAAAGACGACAGTCGCTTTCAGTTCCTTGGGTGCATCTTTCGGTGCTCGCCACACGAGCGAGCAAGTGAAACCTCAGCCGAAATGAAACTGCGGTTCTGCGATGACTTTTCCGTCAAAAGCCGTTAGCCTGAGTTTGGGTTCTGGTGGCATCATGTAGTCAACTGTCAAGCCCCTCAGGCTCATTCCGTTGGCTGTTTTGATGTCCAACGAAAACTCAAACTCGTCACCCCTGCGGTCGTAAACGATGCTAACTTGCAGCGGCTCAAAGTTCAAGTTCGCACCAGTTTCTGGGACGGCAAATTTCGGTGCGGCAGGTCCGAAGGCGCTTGCCATCAAATTCCAAATTCGTCCCTGTTCGTCCCTGCGCGAAATCTCCATCCCGACCAAAAGGAAATCGCCGACGGGAGCAATCAACTCGCCATTTTGCCCCTCCAACCGCCATTGTCCGCTTTTGTCTTCAACATTCAAAATCAGCCGTTCGCCCTGAAACTTCACTTTCGCTGTTCTGACTTGAATGGGCTCAATGACCAGTTCCTCGCCAGTGGGCGCGACTTGATAGCGGAAGAAACGACCATTGATGCCTACTTGACCTTTCGTCGGTAAATACCTCTCCTCGCCTTTTTCGTCCCAAATGAGCGTGTCATCTTTGCCGATTATCCCATCGCAGTCCTCGTCAATCACTGTCACCGAAATTGGCTTTCCATCCCAAACGATTGTTCCGTGCCAACGGCTGGCAGCGAGCAAAGCAAAGTGAACTTTGCCATCTCCCAGAACCGTCACTTCAGCGCCAATATGCCTGATTAATGTCTTGCCATTAATGCGGTAGCGCATTGGGATTGGACCGAAGACGCGTCTCCAACCTCGTTGCCGAAGCCTGAAAGGTCGCTCGTCGGTCAGGTCATTGTTGCCGTTGGTGTCGGCATAAAGGACAAACTCTCCGTTTTCCTTTGCCAGTGCGAACAGGCGTTTGTCATCGGCGGCTGGATTGACGAAAAAGATTGGCTCGGTCAGTTTGGGCAATTTGACATCTCCCGGGGCAGTTTCTTTCGTCCCAACACCCCAAAAACTTCGTTCATCCCACCAGAGTTCGTAGCGCAGTGGTGCAACTTGCCGCTCCTGCGCCCACGCTGCGCAACTTGCCAGCAACAACATCAGCATCGCCCAACGCATCGTCAATCACCTCCCAAGTTTTAATGACCATTGCCCGAAACGGGTTGATAGTTGCCAATCCATCTTGCTTTCGGATTGCTGCTTCGCCTTAGAAACCCGTAAAGTTTTCGGTCGGCAGTCCAAAACACTGCGCCGACTTTTTCGGCGACGAAAAGATAAATGGCGTCGTAAAAACTTAGGTTGGTTGCCATTGCCAACTCTGCTACTTCTTCGTGCCTCCAGTGCAAATCGCTGTAATGAATTTGCCAGTTGGGCAATTTAAGCAAGTCACGGACGACCCGCATGGCGTCATGGGCTTGTGTCAAGGTAATGCGCTTAGCATGAACGCCTTTCACTAACCCACCGCACACTTCATCCAACCAACGGTCGGGCACATGGATGGTAACAAAGCCGTTCAAAATGTCCGTTAAAAGCCATTGGGCTCGCACTCGCAACTCCAAAGGTTCATCAATCAAAAATCAAAGCAGCGAGACAGAAGCGTTCACGACGAACTGGTTTTCTTGCGTCGGCTCTTTCTCCTATCGCTCCATCCTCTCATCGCCTCCCTAATTTCCAGCAGCGCTTCGTAAGCGCCACCTGCTTTTATTGCGACATTTTCGTCCCACCATTTAACGAACTCGTCGCGGGGCAAAGTCCGTGCCTTTTCAATGGCTTCAGCAAAAAGTTGGTCAATGCGGCGGTTTCTTTCTGCTCGTTCCTCTGGTGTCAAAGGTCGCCAATCTTCCGATGGTCGTTTCGGTTTCGGCATTGAATTTCCCTCCTTTGTGCTGTTGCGACCGATTGCTTCTCCCACAGCCCCGATGCCATCCCTAAGTATGCTGCCGACTTTACTCAGGGTTGATTGCCTTGATGATACCTTTTTCGTCTATGACCACAAGCATTGGCACGGATTTGACGCCGTAGCGTTGGAAGGTCTCGCTGTCCCAGCCAATTCGTCGCCCTTCAGGGACAGTCCCAAATCGGAAAGGCAAGTTAAGTTCACGAATGTAGCCTTTCAACTCCTCAGCAGGAAGGGATGCGTCAAAGACGACAAGCACTTGAATTTTTTCGGGCGACTTCCCTTGCAACTCCTTAAGCCGCTGAAAGGCTTTCTCGCAATTTGGGTCAAAGGGCATGGCGAACAAAAGGTAAATCTCTTTGCCCGTCAGCGGTGGTGCATCACCATCAAGCCACTGAACATCGCTCAAAGGCGGTGCAAGTTTGCCGACAGCAAGTTGCACGCCCAGTTTCGGGCGAATCCGTTCCAAACGAATTTCCCAGTGCTGC
NZ_CP130454.1_gap33	904964	905948	984	CTCGCACCGCTGATGGGTTTACCGTCAGGGGACAGGACTTTCCCGACCACAGCGGAAGGCTCTCCTTGCGGAGCGCCTAAAGCGGTCGTCACCAACACTGCCAGAAGAAGCGACGCCACCCAACCCATCTTGAGTTCACCTCCCGCCGCCAATTGTGTTGCGTCAAATTGCTGCCGTAAATACAGATGCACGGTTCGGTCAAAAAGTTCCCTTCAAAGCGGGACGGGAAGTGCAAAGGAGGATATGGTTCGGCGAATTGCGGGTCAGTAAACCGTTGGGTCGGGAAACGGCAACAAATGGGGAATGGCGAAGGGCGAGTGGTAGGATAGCAGCCTTTTGAGGAGTGACGCCTCTGCTCTTGACAACCTCTCTCCACAATCAGCACCACTCACACGGGAAATTGCGCTTAGCACCTTGCAATCGCATTAGGCTCATCGTTGAGTCTGTCTCCGTAAACTATCGCCAACCGTTCAACTGCATCAAATTTGATTTCGGGTGAGAGCCATGCGACTTCTGAAGGGCGCGCTAAAGTCAACTTTGGCACTGGTGATTCTCGGTTCACTTCAACCCTTAACCTGCACCCAGCATTCAGAGCCTATCCCCTACTTGCGGGTTGCCATCTTACCTTTTGAAGGCAAAAGTGCGGGTTCTGAACGGGCGTGGCTGTCCAAAACGATTTCTGGTTCTTTGGCTGCTCAATTCCACCTCGCACCTTCCCTTCTTCCTGTCCATCGCACTTATGTATACCGCGTCGCAACTCAACTGGCAAATTTGCCTGCGGAGCGAAAGGCTCTTGCAATAGCGTCTCGTTTCAAATGCGACTTTGTAGTTTACGGCTTCTTTGTAGTTGAAGGGGACAAGTTGACGATCACCGCCCACTTGCTCCGACCACCGAAGGATGTGGCATCAGAGACGGTGACTGACAGCGAAAAGGAATTGCTTTCGCTCATTGATGACCTGACGGAACGGCTCTTGGTTAGGATG
NZ_CP130454.1_gap34	907008	907616	608	TCTCCGACCGACCACAACCTCCTGACGGTTTTGTGCCTCTCAAAGGAGCAAAGGTTACCGTTGAGGAAACTGGCGCATCTTTGGAGTTAGGAGAACGGGGTGCATTTGTTTTCCATCCGCTGCCAGCAGGAACTTACACCCTTGTCATCAAGTTTGGTGACTTCCCACCTGTCAGGAGACAAAAGAGCGTTTGCGTTGAGTCAACTCCGTCAACTTACTACTACCGTCCGCCCTTCTATTACGACCCACCACCTACAACCAGCCGTCCGCCAGCAACTGAAAGACCTTCAGAGCAAATTGATACTTCAGGCAGTTGGGACGAGGGTGGCTTGAGTTCTTGGGGTGAAGGCGGTGGAGCGTCGGCAAGGAAGCGTTAAAACTCTGCGGGCATATCGCAAATTGCTGCAAAAATTTCTCGGTCGCAAAATTTTTTGTTCGGCGCATCCTAACTTCCGCCATTGAGGGGGAACGATGGGCAATGAATTTTCGGCTATACAACACGAGGACACGACGGAAAGAAACTTTGCAAACTCGTGAACCGAATGTCTTGCACATGTATGTTTGCGGCTTGACGCCTTACGATAGCATGCACATCGGACACGCCCGCG
NZ_CP130454.1_gap35	1049469	1053985	4516	GTTGCGGTAAACCTCGGCGAGCATCAAAAACCTTTGAGATTCGCCCAAAGCGTGCAGGGAACGGCGGATGCGGTATGCCTTTGCAGTTTCAACCTGTTCCACCGCTTTCCCTCTCGCCAAAGGGATTTGCTCGTTTCGGTAGGCTTCCGCTTGGTTAACCATAGCCAACTTTTGCTCAAAGGCAGCAGCTACCATCCTGAAGGCATCAACGACTTCAATGGGCGGATGGACATCTTGAAACTTCACGGCGACTATCTCCACTCCTGCCCGATATGCCGACAGAATTCTCTGCATCCTCTCACGGACGACCTTTTCCAACTCCTGCCTCTCAGAGACAAGCAGCGAATCAAGTTGCACTTGAGCGGCGACTTCTCGGATGACCCTTTCACCCACCAACCGAATTAGTTCGTCAGCGTTGGCGACGCGGAAGAGGAAATCGGTCGTGTCAGCGATTCGGTAATGAACTACGGCGTTCACCGATGCGAGGTTTTCGTCGCCCGTGACCATCAGCGCCTCTTCGGGCAACTTTCGGTAGCGACCATATTTGTGCGGAAAGTCCCACTCATAAACGAGTGGCTCTTGCCCGCGCTGTGAAGGTGGGACTGTCCTAAAACCGATCTCCACTCGCCTCAACTCATGCTTGCGAATTTTCCACAACTTCGTCAGCGGGAACGGCAAGCGATAGTGAATGCCCGGCGGGACATCTTTTGCCACCACACGCCCCAGAAGTTGAACAACCGCAACTTCGTCGTGGTTGACAATGTAAATGCCTGAAAGCACCCAAAGGGCAAAAGCAGCAATGCAAGCACCGACAGCAAATTGCCTTTTATGGCTTGCAAGCCACTCTTGAACTCTCGGCAGAGTTTGGGCAAGTTCCGATGAAAACTCTTGCCATCGCTCGCTTGTTCGCTTCAACCACAGATGCAACTTCGTTTCGGTGCGGTAAGTCAGTAACCGCAGGGAGTTGAGGACGACGAGCAATGAAGCGACTTGGTGCATGACTGCAGCGCCGATGGGCTTCAAGATTCCTGCACCTGCAGCAAGAACGCCAACGGCATTTACGCCGATAGCGAAGAGCAACAAGTTTTGCCTGATGGTGCTCAAAGTCCGTCGGCAAACATCAACCGCTTCAGGCAACTTGCTCAAATCGTCAGTCATCAAAACGATATCGGCAGCCTCTATGGTCACATCCATCCCGATGCCGCCGAGGGCAATCCCAACATCGGCTGCTGTCAAGACAGGAGCATCGTTAATTCCATCGCCAACCATTGCCACTTTCCTACCCTGTTGCTGCAATTGCCTGACAATCGCGACCTTGTCCTGAGGCAAAAGTTCAAAATGCACTTCGTCAACTCCAACCTGCTGAGCAATCTTCTTTGCAACCAAAGCGTTATCGCCAGTCAGGAGAACGATGCGTTTGATGCCCATCGCCCGCAAATTTTCAACGGTCTCTTTTGCCTCAGTTCGCAACTGGTCAGCGAGAGCAATGATACCGACGATTTGGAATTTCGGTGCGGGGTGCAAAGTGCTGGGTGTAAGGGTTGAATTGGGATGTTGGCGTAATTCGGAGGTGGTTTCGGAACAGGCGACGATGACGGCGGTGAAACCTTGTTGAGCCAGCGCTTCAAGTTTCTCCAAAACGGTCTCGTCAATGTCTCCAAGTTGCTCAGCGATGAAACTTCTGCTCCCAACGAGGACGGTCATCCTGTCAATTGTGGCTTTAAGCCCCATGCCTGGGTAGGCTTGGAAATCTTCGGCGGGCGGAATTTTTAGGTTTCGCCTTTTTGCCTCGTCCAAGATGGCTTTTGCAAAGACATGCTCGGACATCTGTTCGGCTGCTGCGGCGAGGCTCAAAACTTCTTCTTCAGTTCGTCCACCCAATGGAACGATGGCTTGGACTTTTGGCTTGCCTTCTGTCAGCGTTCCTGTTTTGTCAAAAGCGATGCAGTCAACTTCCGCCAGTTGCTCAAGGTAGATGCCACCTTTAGCGAGGATACCGCTTTTAGCCAACCTTCCCAAAGCAGCGACAACTGCGGTCGGCGTCGCCAAAATCATGGCGCAAGGGCAAGCAACGATGAGAACCGAAACGACCCGAAGCCAAGTTTGTTTCGCTTCCAAGCCGAGCCCAAACCGGGACAGCAAAAATGTCAACCCACCGACCAAAAGCAAGACGGGCACGAACCATTGGGCATATTTATCGGCGAGCCTTTGAACTTTGCCCTTTCGCTCTTGCGCCTCTTTGACCAGTTGGACGATTTGACCTAACTTCGTTTCGCTGCCCACATGAGTTGTTCGGATTACCAAGATGCCAAACTCATTCAGTGTCCCTGCAAAGACTTCATCGCCCTCAGACTTCTCAATGGGCACGGACTCACCCGTCAGCGGGGCTTGGTTAACTGACGAACGACCGGAAATCACGACGCCATCAACGGGAATTCGTTCGCCGGGGCGAACAACCACAATATCGCCGACCTGAACCTGCTCAATCGGAACTTCCAGTTCCTCACCATTTTTGCGAACGCGGGCGGTTTTGGGAGCAAGTTCCAGCAACTGTTCCAAAGCGCTGTGGGTTTTCGTGACGGCATAATGTTCCAGAGCGCCACCGATGAGCATGATGAAGATGACTTCGGCAGCAGCAAGGTATTCGCCGATGAGTAAAGCGGCAATGGCAGCGATGGAGACAGCAAGGTCAGCACCGATGCGCCTGTGGACAAGCAACTCGGAGAAGGACTCGTAGAAAATCCGCCAACCTCCGATGACCGTCAGCAAAACAGCAGTGTCCAGATTGGTGCCAGGCAAAGTTTTGAAAACCCCTAACGCGTTCAACAAAATGCCAACCCCAATCGCTGCTATGAAGCCCCATTCACGCCGGTTCAAATCCCTGCCTTCGTCCATTTTCCCGCACCTGCCAAATTTCGTTTTGGGCGACCGTAGAAAATGATAGCCCAGCCGACAAAAGACTCAAGGAGGTTAGATGATGGCTGTTGAAGGGAGTCGGCTTAGAATGGCTAAAGGTAAAGCCATCAAAAAACCCGTAGCACTTTCAACATCAGTTTGAACTGAGTGTGGCGGGCATTTGGGTCACCAAGCAAAAGGTAAATGTCCAAGCCCTTACGAGAGAACTGACGAAAGCCCAGATAAAAGTTGTCAATCGGCAAGAGGGTTTTGGGTTCGCCGGGTTTCGGAACAGAACCTTTTACCCAGCGAAAGAGTAGAGAGCGCTCATCGGAGATGTCATAAACGCCCGAAAGGATGAGTTGGTAAGCGTTAGCGAAGTGTTCAATTTGTTCCCAATTCAGGTTGATAGAGAAAGTATGGCTGAAGCGAAAGGATTGACTGAGTCGCAAAAAGCGGTAACGCTGATTGGCTCGCCGTCCCCACTGGTAACTGACCCAGCCGGAACGATATTGGTCAAACATTTTCCAGATCGCCCCCACCCAAAAGGTCTGGTCTCGGAAGGGTGGACGATGATAGCGCAGGACACCTATGTCCAACCTAAATCCCTTTCGGCTCGTTATGCCCAAAAACAGATTGGCTGTCCTGTCCAACAACTGTCCCCCTTGCTGACCGGAAAGGAAATGTCGTTGGCTATAGAAGAAAGTCCCGTAAGCGTCCAATAATTTGCCTTGGCGATAAAACTGGTAGTAATTCAAGCCGAAACTCAACCGCCGATAATTTGTCTCAGGAACGAAACCTAATGAGGGTTGAAATTGTTCGCTTACTTGCTCTACCAATCCCCAACATGCCCAATGACCAGGCGTTTGCGCGGGATAACCGACGCTAAATAGCCATTTGTTACCGTTACTCCGCTTCCATTGAGCGTTAAGGTTTAAAAGGTGGTCACGACCACTGGGGTAGTTGGCAGACCAACCTAAATGCAAAGCAGGAGAACCGTCAGTCTTTGTGCGATGGGCGCAACTCAATTCCGTTAAGGAATGCTTGCTCAGTTCATGATTAACCCGTGCGAGTATGGAGAAGCGTTGATGGGGTTCAAGGGCAAATAAAGTGCCTACCTCTGTCCGTCCTGTTTTCCCAAACAACTTAAGTCCGCCAACCACTTCTTCAATGAAACGGCTGTAAAAAATGTCAGAGGGCGGAAAGAAATCTTTGCCCTCTGCAAAGAAGGGGCGACGGTCAGGCAACAGACGAGGAACATAGGTGAAGTCAATGGTTTCAATGACATCCTCAATGTTGCGGAAGTCAGGATTGATCGTCAGTTGCCATTGCAAACCACCGAGGATATGCTGCTTAACATCCCATCCATTCCGAATCCCCCGGTCACCGCCTTTGCCGAGCACGAGACTGGTGCTTGCCATTGTGATAATCGGTGGACGAATTGATGGGATGTCCAAAGGTCCATACTCCGCCATGTTACCTATTGCCTGACCGCGCCGATAAGGGTAGGAACTTGTGATAGCGCGGGGTGAAGGGATGGAGCGGGCGAAAAAGAGACCCAAATGGGTCAATTTGGTTGGAAGTCGCAAAATTCGGAACGGAATAGCCATCTCTGCCTGCC
NZ_CP130454.1_gap36	1083024	1084088	1064	CTGCGATTGGCATCCTCTGGCGTTTCGGCAAAAGGTGGGGCTCGAACCACTTGAGGACAGATGTCTCGTAGAGTCGCAAGTTGAAGATGAAGTGTTTGCTTCGTTTCCCCTCACCTTGAGTCGTTCCACTTGACAAAAATACAGCCTCAGCCCGTTCTGGCAATTCGCATGTCAAATCCAAAACCTTGAAGGCTTGGGTCGGCACTGGCGGGATTTCCGTCCAGTGGGAAACCGTATCAGGCGTTCGCTTCCTTTTCAAACAAAAGTTTCTGTATGCTCCGTTGCGCTCAAATTGGTAAGCGAAAACTTTCAACGCCAACCTGTTGAAGGCTTCGTCGTCTTGATCCCCATGCTCAATGAACTGGAGAATTTCCTCGTCCAGTTCCGATGCCGTCATTCCCCATCACCTCAATCAAGGTTGACATTCCCTGCACGGCGAGAAACCTCGTTCCAGTGCAATTTCGGCGTTGGGCAATCTCAAACGGTTTTGAGGACTGATCTGACGGACTGCAGGGCAAGTTGGGCGGTGAAAAACCTTCGTCCTGAGGTTGGCAATTACAGGCGAGCGGCTCAGTTTGTAGACTGACCATAAACCCTTTCGCTTTTCCCTCGCCTCCTCTTGAAGGCGAAAGAGCAAGTCAGCGTATCGGACATTCGGCGGTTTTGTGTAAACTTTGGCGAAACCGTTGCTAACCAATTCAGCGTTGACAAAGATGCGCTTGCCCTTTGCGTCTCGGATGAAGACATAAGCGAGCAATCTTCCATAGCGGTCGTAGCGCTCAATGTCAAACTCCAACTCCACTACCCTACCCTGCACCAATCTGCGGTTGAAGTTCTTCGCCGCCTCGTAAAAGGGTTGTCCCCTTTCGGGAGCGTCAATGCCGATATATCTGAGAGTGCGACCGTCTGAAAGCACCACTGTGTCGCCGTCTATCACCTTGATGACCTTCAAAGCGCCTTTTGTGCCTTTTGGGGGCGGAAAAATTTGGCGTTGAGAAACGATGGCAAAAAGTAGCAGCAAAAGCAGAATGGACGAAAAACGGAACAGATTGAAACGCCGTTGC
NZ_CP130454.1_gap37	1143732	1147004	3272	GATCCAACTTGTGTAAACGAAAAGCGTTGCCTTTGCATTGTAGCGCTTCAGGAGGGGGAGCAAGACCGTGTATGCGGACTGAAACCCGTCATCCACAGTAATGACAACAGCCCTTTCAGGAAGGCGACCGTTCCACCGACCAGTCAACAAATCAACCGCCTCACCCATCGTCAGGAAAGAGAAGCCAAGAGCCTTCAAAGTTTGGATGTGGGCTTCCAAGCGTTTTGGAGAAATTGACCATTTGCTGGGTCGCTCGCGGAAATCGTGATAACAAAGCGCAAAGATGGAATAGTCAGGTGGCAAGGTCGGAGGCTTGGGTTTAGGCAAGGTAGGAACGACCTTCGCACCGAAATTGGGCAAACTGACCTGTTTGGTCTTTTTCTCGTGCCAGTCTTTCACGCGCTCGTATGTTACTTGCCCCGTTTTGAGCAGGACGAGCATCAACCCCACAATGGCTATGGCGCTTCCTATGGCGTGAAGGATTTTGATCGCTTTCATGGCTTCCCCTTCCCTGAAGGCGCTTTTGGCTGCTCAAAGGAATCCTCTTCGCCCTGCTCCTTAAAAGAACTCGCTGACTCAACATGGATGGTTACATCGGAGTTGGGCAACGCCTTTCGGATATCACGCTCAATCTCGTCGCAGAGTTGGTGAGCCTCTTCAACAGTCATGTCGTCCCTGACGACAAGGTGGAGGTCAATGTATCGGTGCTTGCCTGCTTGGCGCGTCCTGAGACGGTGGGCGTTGATGAACTTGTGGGAGTGAGAGTTGAGGACTTGGTCTATCAGCGCTTCCTCTTCCTCAGGCAAAGCGGTGTCAAGCAAGTGGGTGACCGCTTCACGAAGGATGTCAAATCCAGCCTTGACAATCAAAATAGCCACGAAGATTGCCAGCAGCGGGTCAATGAAATGCCAGCCGGTCAAACTCAGGACACCCAAACCGGCAAAAATGGAGAGCGCAGCCAAAGCATCCGCTTGCAAGTGCCAAGCATCGGCTTCCAAAGCCAGCGATTCAAATTTCCGTGCGACGGAGAAGAGGTAACGAGCGACACCGATGTCCACGATAACGGAAACACCCATCATTGCCATAGCAGCGAGGGGATAGTCAACTGTTGTGCCCTTGAGGAGTTTCTGAATTGCATCGGCTGCGATGAAGCCCGCTGTCACCCAAATCAGTAACGCTTGGACTGCTCCCAGCAGACTTTCAAATTTGCCGTGCCCGTAGCGGTGGCTTCGGTCGGGCGGTTTAGACGCCTGAGAGACAGCAAACCACGCTGTCAACGCAGCCAACAAATTCAATGCCGATTGGACACCGTTAGCGACCACACTGACGGCTCCGCTGAAAATTCCGACAGCAATTTCCGCCGTCGTCAAAAGCGCTGTCGCCAAAACCGAAATAGCAGCAGCCCGTTGCTCAACGGTTTGAAGCAACTCAGTGTCACTCCTTCACTTCCGCTGAAAAGTTTGTCTCAAGACGCACCAATCATTTTGACTTCGGTTTTTCGGCTAACGAAGCGATAACGGGTCATTTCATTTGCGTCAACGGATGAACTGGCTTGATTGATGGTCTGAAAGCCATGTCGTTCAGGACAACAATCAAGTCTGTGCCAGAATGGAGCCATCCCAAAACAACCTGACAGAACCGCTCCACCAGCCGACCAGAAGTTTTATTGCGGTCAAGGCGCTGGTGGCGATAACCGAAAGCGATGCTGCTTTTCGCTTTTGCGATTGTTCCATGCCGACTTACCTCTTATCCCCCGTTCTTCCGCAAACAAAATAGCGCAGGCAGGCAAAAAGGTGAGCGAGGGAAATTCCAAACCAAAGTGGAGCCCCCGCCGGGACTTGAACCCGGGACCTCACCCTTACCAAGGGTGCGCTCTGCCGCCTGAGCTACGAGGGCTTTTTCGCAGCACATTATAGCGCACACTTTCACCCTTCGCAACCCTTTACGAGAGTGTTCCAAAACCATCCATGCCACTGGCTTCAGCCAATACGAGTGCAAGTGTGCAGGCGTGCAAAGTGCACAAAAATAGTGCGGAATGCTGGTCTCAAGCGCCCAAAATTTTTTCTCGGCGATGCAAGAACACTGCCCTTCAGGAAAAACCGTTCATCATTGGCTACCCGCCATTCGCTGTCGTTTTGTCCATGTCCCTTGTCTCGTTTCAGTTGACGGACAAGGATGCTCGTGGCTATAATGAAGCAGGCTTTTCAGACAACAACCCTCACGATAGCGGAGGTTCATTTGAAAGGTGATGGAAAGGTTCATTCGTGTTGCTGTGGACATCATGGGCGCTGACCTTGAACCAACGGTCTTGGCAGAGGGGGCAGTGACAGCGGCAAGGGAAAACCCAGACATCGCTGTCACCCTCGTCGCCGACCATGAAACGGCGAAAACTTTTGCCATCCCTGAAGACTTGAGGGAACGAGTTTCGTTTGTGACGGCATCTCAAGTTATCGGCATGGACGAACCACCACTGATGGCAGTTCGCCGAAAGCCTGACGCCAGTTTGGTCGTCGGGATGAAACTTTTGGGCAGTGGTGAGGTTGATGCTTTTGTCACTCCAGGAAACACAGGTGCAGCGTTAGCGGCAGCAACCCTTTATGTTGGCTGTTTGCCCCCGATAACCAGACCTGCCATCGCTATTATCCTGCCGCACCATCAAGGTCGTTTTTTGCTTTTGGATGTCGGCGCTAATGTTGACTGTAAGCCCGAACACTTCCTGCAGTTCGCTTTGATGGGCACTGCCTACGCTGAAGCAGTCATGGGAATAGCGAACCCGAGGGTAGCGTTGTTGAACATTGGCGAGGAAGCCATCAAAGGAACGAGCACGGCAAAAGAAGCCTTCGCATTGCTCCAATCGGCTCCCATCAACTTCATCGGCAATGTTGAGGGAAGGGATTTACTTGAAGGCGCAGCCGATGTCGTCGTCACTGACGGGTTTGTCGGCAACATTTTGCTCAAAGCCGCTGAAGGCATCGGGCTTTTCATCTGGCGCGAAATCAAGGACTTGATGATGACCAACTGGAGGACGAAACTTGCTGGGTTGCTTTTGCGACCATACTTGAGAGCGTTAGGCAAGCGGTTGGACTGGCGCGAATATGGCGGGGCACCACTTTTGGGCATCAAAGGCGTTTGCATCATCGCTCACGGCTCTTCTGACGATAAAGCCATCGCCAAAGCCATCGCCGTCGCTCGCGAAAATGTTCTTGTCAACGCCGTTGACCGCGTCTGTGAAAAACTCCAATCAATCGTGCCAATCGTGACAAAATGAACTT
NZ_CP130454.1_gap38	1218328	1220499	2171	CAAAGTGAAGAGCGGGTCTTCACGGTCACGGAAGCGGTCGTCTTCACTCAACGGGAATATCGGTTCACTTTTGACAAAGATTTTGACCAACGGGCGAACTTGGTCATTGAGAACCGAAACAGCCAGCCGAGACAGGTGCAAGTGGAACTGATTAACCCACACGAGGATGTTCCTGCCAACTTTATTGGTGCAGGGATTGACCAACCTTTGACGCTCAACCCCGGTCAGCGGGCAAATGTGACCATTGCTTTCCACTTCCAAGTAGCGACCAAGAACCGTTACACCTTCACGGCGAAAGTGACCAGTAGGGCAGGAGACGATGTTTCGGTGGACACTGTGCCCGTTTATGTGACGGTGGACGACCGAGTGGACATAGAAATTCAAGATTTGGGCACTGACCCGTTGACGCTGCAAAAGACCATTCGGATTGTTAACAAGCGAAATAAGCCCGTTGCAGGTTTGAATTTGGTTTTGAGTGACGAGTTGAAGGGGTTGGTGGCTTTAGAGCACGAGTTGCAAAACTTCCGACTGGGACCTTACGAATCTGTGACGGTTCGGATGCAGCCTATTTTTGCTATCCCAATTAGCCGCTACCCAGAAATTCAGTCTCGTTTGAAGCCCGGTCGTGCAGTGCGTCTGGATATTCCCGAAGCGAGACAGCAAATGAGACAACAGAGGACAGGAAGTATAAGTGTCACAAATAGTGCAGGCTATGTTTATGCGAAAGTGGGCAATGTTGACTTCACGCCGCCTTCAGGAAAGAACTTGTTTGCCGTCACAATAAAGAATGCTGTGTTGGAGTTGCCTAACAAAATAGCGAGTTGCACTAACCAAGGAAACCTCAATGCGAAGGTCACTGTGCCACCCAACAAACCTTCCGACCCATTCTTGATGGTGAAACTCAGCCCTGGTAAGGGATGGAGTTTTGACCAGATTGCGCCACAGACAGCCTACTTCTATGTGAACGGGCACTTGGTCGGGAAGATTGAAAACGAAGTGCCGAAGGGTTTGTATACCTTCGGTGTCCCTGCCGAGTTCATCAAGCGGGGCGATTTTCCGACGGAAAACACGATAACGATGCAATGGTATCTCCCTAACGGTGGACACTTCCTGCAAGTTGCCGATGTCACCTTGGTCATATTCGCTGAGGAAGTCATCCAATATGTCGTCGCCGAAAACGAAGACGAAGCCCTCAGAATCGCCCAAAACCAACCATTCTTTGAAAGACATGATGACGAGAAACTGAAAAAGATTCTGAAGCTAATCATGGAATCCGAGGTTGATGCCAGAGGTCTGGATTGGACGAGTCCTGACATCCCTGTGCAACTTTTAGGTCCTTTGGCTGGAATCATAACCAACCTCAAAGCGCATTACTACCATGAGTATGGAGACTATGCTTGTGGCGGTTACCAATTCAGGGTGCTTGAGTGGTTGACGACTATGGCTGATGCGCATCCACAACTTTTTGAAGGTATTGCTTATGCTCCTGTGCACGCTTGGGCAGGTGGACACCAAGCTGTCGCCATCTGGGCACCAGCGGCGGGGCAGGGCATGTGGGACGGTTATGTCATTGACCCATGGTTTGGACAAGAGATGGGATATCTCCCCGGCTGGGTTTGGGGATTATTAGGAGGCATTGGTGAAAGCGGTGTGTGGAAAGAGCAAGATTTATGGGATTGGGAAAATGGGCGACCTAAGGACAAAACTCTCTTCACGGTAAAAGAACCAACAATACCAAAAATACAAGACGATCCTCCACCACCATACGCCTCCAGACCCCGAAAACAAGAAATATTGACAAAAAGATCCCGTCAGGGGAATGCGTCCACAAATCCCTACCTTGCTCCTCCACCTCTTTACCACTTCCAGATTCTGGTCGGACCTGAAGTGGGCATGATGGTGACGGACGAACAGGGGCGACGAGTTGGCGTGGAACAAGAAAATGGAACTATCGCCCCCGTCAACGATTTTGGTGTCTTCGCTAACATTGTTCCTGTTGCGACCCCCAACGGCACTTATTACTACTTGGGCATGCTTGGTTCCACACCCCGTAAATACACTGTGCGTTTGGTTTCACTTGGCGCTCAGAAGACCAATGTAACCTTAGCCTGGTTGGATGATAAAGGAGAACCTCACCTTGTTGAATACAAAGATGTTGAGGTTGCCTCTTT
NZ_CP130454.1_gap39	1224185	1225344	1159	ATTCGTCAACGCTTTGGTCGGTTCGTTGCCCCATCTGTCTTAGAAACGATTGTCGTCGCTTCCGAAGAGGAACTGACCCGTCCAAGACGCATGGAAGCGACGGTGCTTTTCACCGACTTGAAAGGCTTCACGACCATCTCGGAAGAGCGACCACCTGAAGAAGTGGCTGAATTGCTCAACGAGCACTTTGAAATCATGACGGAAATCATTGACCGCCACGCTGGCACTGTCAGCAAGTTCATCGGCGATGCCATCATGGCGCTTTTCGGTGTGCCCGTCCCTCAACCCGACCATGCTGCCCGTGCTGTCCGCTGCGCTGTAGAGATGCAAAAGGCGATGGATGAATTTCGGCAGCGCCTTTCCCAGCGCCAATTGCCCGAACTGTTCATGCGCATCGGCATCCACACAGGCGAAATGGTTTTCGGTGCTATAGGTTCAAAGCGCCAATCGGACTTAACCGTCATCGGCGACACGGTCAATGTCGCTTCCCGATTGGAGGGCATGAACAAAGAGTTTGGCAGCAGAATCCTTATCAGCGAAGTGACTTACGAATCTGCTCAAGCCGCTGGCGCTCGTTTGATCGCTGAATCCGTCGGTGAAGTGATGGTGCGTGGACGGGCGCGCCCAATGCGGGTTTACAAGGTTCTGGGTGTGGACGGTGTTTTGCTCCCTGAAGCGAATGCTGTCATCGGTCACACGGTAGAGCGAAAAGTGGCGTTATAGTTTTCCGTCCCCAAAAGATACTTCTGCAAGTCAAGGAGGTGGCGAATATGCGTCGGTTGTGGTTGATAGCCTTGTTGGGCGTTTGGACTGGAATGGGCTGGGCGCAACAGGCGACGATTACCGCTGTTGTGCGGGTCGTGGAGCACCAACGGAAGGGAACGGCTCAATGGCTGACCAGCAAAGTCGGGACGACTTTGGAAAACGGTGACCGAGTTCGGACGGGCAAAAGGTCTTACGCCGAAGTCACTTTCACCGACAAAAGTGTCGTCAAACTTAACGAGCGCAGCGAACTTACCGTCGCCTCCACCGCTGCTGGCAAGCAGGACATGGAACTGCACCGAGGCAGCCTTTGGGCTCGTTTTGTCAAGGGCTCACAAGCGACTATCAAAGCCAAGACAACTGTCGCAGCCGTTCGTGGCACGGAAATTCTCATTGC
NZ_CP130454.1_gap40	1310425	1312066	1641	CTATTCGCCATTCGCCGCCGTTTTTTCGGCTCGGCATTAGCCTTGCCCTCCCATATCCTGTCCCGTGTTCCTTGTCCCGTGTCCCGTTTTAAATTGGTGGCTACGAAAACGAAGCCTGCTAAAGCAGGCTAACTTTAAAAAGTTGCGAGTTGCGTGTTGAGCGTTCAAGGGAAAAAACCAACTCGCAACTCTCAACCCGCAACCCTCAACCCGATTAGCAGGCTTTAGCCTGCTTTGATTTTGTAGCCGCCCACCTCGGGTGGGTGGGCAAATTTTTAGAATGCATTCATTCACCCCTTTCAGTCCCTTCGCAACAGACATTCCAGCCTCACGCTACACTTTTGTTGCGGTGATGTTAGATGGCAAGGTTAAACTTGAACGAAGCAGTCTTGGTGGTCGTGGATGTTCAGGAAAGGTTCATGCCGGTTTTGTTTGAGCCTCAAAGGCTCGTTTCTGCCTGCCAGTTGCTGATTGGTGGGGCAAAAATTTTGGGGCTTCCAATTTTGGTAACCGAGCAACTTCCCGAAAAACTTGGACCGACGGTGACCGAACTCAGAGAAGTTCTCGGAAGCGATTACCGCCCCATCGTCAAGGCTGAATTTAGCGCATTCGCCAACGAATCCTTTCGGAGGGCTTTTGCTGCTACTGGAAGGACGCAACTAATTCTTTGCGGTATTGAAGCCCATGTTTGCATCCGCCAAACAACTCTGGACGCTTTGGACCTCGGTTACGATGTTTTCTTGGTTGAAGACGCTATCTCGTCGCGTTACGAGTTCCTTTATCGCTCAGGTGTCCAAAGTTGCGTGGAGGCAGGGGCAAGGCGAACTAATGCGGAAGCAGTTTTGTTTGAACTGATGACGACCGCTGAACACCCGCAGTTTCGTGAGGTTCAAAATTTAGTCAAGTCACTTGCACCCAAAATTTACGGAAACGGGTGAGAAAGATGAGCGAAGCACTCAGCCCAGAAACGCTCGCGGTTGATGGCAAAGTGCCGAAGGAAGTTTGGAAGGTTGAAACAGAGGAACAGGTGTCTGAAGCGCTCCAAACGGCTCACTCTAACTCGCTCGCTGTCATTCCTCTCGGAAGCGGAACTAAGCGTCACATTGGATTTCCGCCCACCCGTTACGATGCTGCACTTGCTCTTCGCTCCCTTCAGGGCATCGTTGAGTATTCGCCCGATGACCTTGTGGTCATCGTTCGTGCAGGGACAACCCTCGCTGAATTGCAAAAAGTGCTTTCCGAACGCAATCAATTTTTGCCCATTGACCCACCATTTCCCGAACAAGCAACTATCGGTGGCATAGTGGCATCGGCTATGGCTGGACCGATTAGATGCCTCTACGGCGCTGTCCGCGAACATCTACTCGGCGTCAAAGTCGCTCAACCTGATGGGACCATCACGCGCTTTGGTGGGAAGGTTGTCAAAAATGTCGCTGGCTACGATGTGACCAAACTTTATGTCGGCTCTTTTGGGACTCTTGGTGTCATCGTTGAGGCTGCATTCAAAGTCCTACCGCTTCCGGAAAAGCAAGTGACTTTGCCTTTGTGGAGTGAGAAGTTGGAAGCCATTGAGGACTTCCTGAGCCGTTTGGTCTTGAGCGATATTTCGCCCGCTTTTGCTGAATTGCTCAACTCAACGAT
NZ_CP130454.1_gap41	1314678	1318361	3683	GCTCAAAAATGTGGCGAAAGTTCACACCAATGAGATGCTGAGGAATGTGCCTTTGCATTTGGGAGCCGTTTGGGACAAGCCAGTTAAGTGACGGAGGAGGGAAAAGCGATGGCGGAAACGAAGAGTGAGTTAAGACCTGCAGTTTCTTTGGACGACGAAACCTTTGAGTTGCTGATGGACTGCATTCATTGTGGTTTTTGCCTGCCAACTTGCCCGACCTTTGCTTTAACGGGCGATGAGACTGATTCGCCTCGTGGTCGGCTTTACTATATGAGGCTTTTGGCTGAAGGAAGGATTGACCCAAACGAATCCGTCCTGACGCATTTAGACCGTTGCTTGGAGTGCAGAGCCTGCGAAACTGCTTGTCCGTCTGGTGTCAGATATGGCTTTCTGTCGGAATTAGTTCGGGCACAACTCGCTAAACAAGGTAAGGGACCAACCCGTCATTCCAAGTTGCAGGATTTCCTAATTCGTCATATCCTTCCCTACCCCAACAGACTTGAGTTGCTCTTTCTTCCATTGCGCATCGCTCAATCTTTCAGAGCCACCGAATGGCTGAACAACATTCCCGCGCTTTCAAGGACTATCAGCATGGTTCCAATGCTCCCTTCACGACAATGGCAAAGGCTACCTCAGACCTTCGTTGCGAAGAACGAACGAAAGATGCGGGTGGGTTTGCTCACCGGTTGCGTCAACAGCGTGGTTTTGAGCCGAACGAATTGGGCTGCGGCAGAAGTTTTGGCGGCGGCAGGTTGCGAAGTGCTCGTTCCGTCAGGACAAGGTTGTTGCGGTTCATTGCTGGCGCATATTGGCTACCTTGAGGATGCCCAAAAACTCGCTAAGAAACTCATCTTGACTTTCGCCCGCTACGAACCTTTGGACGCCATTGTTGTCACTGCTGCTGGGTGTGGCTCTTTCATGAAGGATTACAGTCACTTGTTCGCCGATGACATCCATTTTGCGGATTTGGCGAGGAAGTTTGCCGCAAAAGTCAAGGACTTTTGCGAACTGTTGGATGAGATTGGTTTACCGAAACCGCTTAAGCCCCTAAGCGGGCATGTGACTTACCATGACCCTTGCCATCTCGCTCACGGTCAAAACATTCGCGAGCAACCGAGAAATTTGATACGACAAGTGCCCGGCATTGAGTTCGTTGAGTTGTCTGAAGCCGATTGGTGTTGCGGTGGTGGAGGCGCTTACAGTTTATTGCAGCCGGAAATGTCCGATGCGGTCTTGGACAGAAAAATTGCGAACATCAAAGCGACCCAAGCAAACATCGTCGTGACAGCGAACATAGTTTGCATGATGCAACTTTGGTATGGCATCCGAAAACATCGGCTTGACATTCAGTTGATGCACATCGCTGACTTCTTGAGAGCGGCTTTGCCAGATTGAATTCCAGAAAGTGAGGCGCAGTAGTATGGCTGGGAAAGTTCCAGTCCTTCTCGTTCGCCCAGATATTGCTTCTCCGTTAGACGGCTGGTCTTGGTATGGCGCTCACCAGTTGATGGAAATCGCTGGCATCCCTTTTGAAGAGGGTAGTGGCGATAAACTGGATGAACTGGATGAATTTGAGGTCGTCGTTATCCCGAACTCCTATCGCCCAACTCAAGTGCTAAACCTCGTTCAAACAGCGCTTCAATCTGGGAAAGTTGTAGTCGTGGGATGCGATGTTGCGCTTGCTTTGCTTCAGTCAAACATTGATATTGGTGCAAAGCCAATTTTGCCTATCCCGCTGCCGCCGACGGAGCCAAGTGAACTTTTGCCGTTACGAGCCTACGGACTTCTCCCTGCTGCGTTCACGGAGACGACTCTGCCTCTTTTAGGTGAACCGTTGCTTTTCGCTTCAACGGGTCTTCATCTCGGCGAGGTGCGAACTTTTGATGGTCGGAGAGGCAGTTTGGTTTGGGTTCAAAAATTGGGCGAGGGCGTTTTGATTGGTTTAGGCGGTCGGATTTTTGAAACTTGCGGTTTGCTCCTTTCCCGTTTCTCTTGGTTCGCTCACCCGCACAGGCGAGACAGTTTCTTGCGCCGAATTGACCCGCTTTGGGATGAACAATTGAAGCCTTGGCACCGATTCCCTGTAGTGAGTTTCTACGCTCACTTTCTCGCTTGGTTGCTTAGTGCCGTTTTGTGGGAACGGGGACACATTCTGCCCCTTCGTTGGTGGCTGCCCCATCAGGACGGAGTGCCCTTCAAAATGGCTTTAACCGCTCTCCACGATGTGGAGGTTGTCTACGATGACCCCATCTGGAAGCGAACTGACAATCCCAACTATTGCTTCCTGCAATGGCTTGACTTAGAAGAAAGGTTGGGCTTGCGACCAGCCTTCTTTTTCCTGTCGCCGGTGACAGGGTTGCCGCCGCATTGGCGAATTAACTACGACATCACCGACGAACCTATCTTGGCAGCCCTTGACTTGATTGAAGAGAGAGGCGGAGAGGTCGGGTTGCTCAGCATCGCCCATGCAAGCGAGAACGCGTTGGCGATGGAACGGGAACGGTTGGAAGATTTGGGCGGTGTTTTCGTTTGGGGCGTTAGAAGTTACAAGTTTGGCAATACACCCGCTTCCGTTAGGCACAAGTCGGCTGTCGGTTTTGCGTATGACTCAAGTTGGTTTGCTGGTCAAAATGAACCGTCTTTCCTGACAGGTTGCGCTCACCCTTTCAGACCTTTGGATGCCGAACGGTGGCAAGTGTTGCCGTTAGTGGAGTTGAGTTCCGTTTTAGATGACCGTGTCCTGTTCGGGGAACTGATGGGTGGGCAGAGGAACGGTGACGCCACCCACCTTGGCATCCAAATGTGCGAAACGGTGTTGGCGTTAAACGGAGTTGTCTGCCTAAGTTGGCAGCAACACTCTTTCAATCAAAGGGCAACCGCTTTTGAGCAAATTGTCCGTCACTGCCAGCAATTGACCGCAAACGAAATTTGGTGTCCTGCCCCGAGGGAAATTGCTGAATGGTGGACGATGCGAAACGAAGTCAAAACTTCCTCCCGACAGGTTGGGAAACGATGGTGGGTCGTGGAAATTCTCCCTCCAGATGATCTTAGCGATGCCCTTGCGTTTGTGCTGGCAATTCCATTGCCCAGAAAGGTTCGGGTTCTGAGGGAGGGAAACCTTTTGCCTGTCAAGCAACTTGGTTCATTGGGGAAAATGAGCCTTTGGGGTGTCTCCTTGATTTTGGAACCCAACGAACCCTTTACTTTGAGCGTTGGGGCTACAATTTGAGTGGTAGACAAGGTCTTTAGGGTTGGGGTAAAATCCAAGTGACAGCCCCGAAAAATTGAGGTGATGCCTAATGCCGTTGCAGATAACTTCTCGGGAGTTGGAGAACGGGATCGTGCTGTTGGAACTCAAGGGGAGCATGGATGCCGCATCCCAAAACGAACTCCTTGACGCTTTTAACGACGCAATTCGCAAAGCGGAGAAAGGACTCATCGTCTCTCTTGAGGGCGTGGATTTCATGGACAGTTCGGGCATAGGTGCACTCATGAGGGCTTGGGGCGATGCGGAGAACAATGGGCTAAAGTTCGCCGTTGTCTTGAGGCAGCCGAGGCTGAGGAAACTTTTGGACACCCTTGGCTTACTTGAAACTTTGCCCAATTTCCTGACCGTCAGCGATGCCCTGACCGAGTGGCGAATTCAAGAGGAGAGGGAAAAATGGGAGGTTCAACCTTTGACG
NZ_CP130454.1_gap42	1327828	1330832	3004	CCTTTGCGTTAAACTTTTGAACGCCGATTGAGCCAAGGGGGGATTCGCCGAAAAATGATGCGCATCCTTTGCAAGTCAAAAATTCATAGGGCTACAGTGACCGAAGCCAATCTCAACTACGAAGGTTCGCTGACCCTTGACCCACTCCTCATGGAAGCAGCAGGGTTGGTTCCTTTTGAGCAAGTCCATGTTCTCAACCTGAACAATGGCGCAAGGTTTGAGACCTACTTGATTGAAGGCGAGAGGGGGAGCGGAACCGTCTGCGTTAACGGGGCAGCGGCAAGACTCGTCCAAGTCGGTGACCCTGTCATCGTTTTGGCTTACGCTTTGGTGCCAGAAGACGAGTTGGCAGATTTCACTGCCCGCATCGTTTTCGTTGACGAACATAATAGGGTGGTTCGGGTAGAGGTGGCAAAGGTCTTGCAGGAAGCGCAGGTGAGTTAGAATGGAAGAAGCCCGTGAGGTTCAATGTCGTTGCGGTGAACGCATCTTTTTAGTCCCTTCGGCATCCGTCCGTTGTCCCCGTTGCGGGCGACGGTTGTTCTGGAAATGTGCGTGTGGGGCGTTGGTGGAACGACTTAATATCCGTTGCCCTCACTGTGGCAGGATGAGGGAAAGCAGACGCTCTTCTGCTTATCCCCCTTTGAGGCTCAGAACAATTTTGTTGGCTGGTCTTGTAGGTGCAATTGTTTTCACGGTGTTGGGGCACGGATTGGTCAAACTCTTTGCCCGATTGCCTCTATTAGAAGCAGGAGCGTCCATCGCAAATGTATCGGTGCGAGGCGGAAACATGTTAGTGCAGGTATTTAAGGGCATCTGGTTAATTGTGACCGATGCCATCGGTTGGATAGTGGGAAAAATTTTTGCTCATCCGCTCATTCCGATTTTCGCCGTCGCAGGCTTTTTTCTTGCGGCTTTCATCGTCGCCCGCCAACAACATTTTTCACTTCACCGCTTGAAGAGGCATTTGCGACAGCGCTGGCAAGAGTTATGGAAGAAATGGTCATGAAGAAGCGAGCCGATGAATTCGGTGCAGCCACTCTTTGATGGTCGGATACAAGTCACGGTAGATTGCGAACCGTTCGTTGTAAAGTTCAACCTCTTTCGGCTCAGGTTCAAAAACTTCCTTCACCCGAACCAAATTTTCCGCCGCCTCTCTCATGCTTTTCCACTTACCGACAGCCTTTCCTGCAGCGATTGCTGCCCCGAAACATGCTGCTTCGCTGACATGGAGTGAGGATACAGGAACGCCGAACATGTTGGCTTTAAGTTGCAGCCAGAACTTACTTTTAGCCCCGCCTCCTATGGCTCGGACTTCATGGACGGTCACACCTGCTTCTTTCAGCAGTTCCAAGTTGAGCCTCATTTCGTAGTTCACACCTTCAAGCAGCGCTCTGATTATTTCGCCCCTCGTCGTGCTTATGGTCAGCCCAGCGATGACGCCTTTTGATTGAGTGTCCATCCAAGGCGTTCCTGTTGTCGGGGTGAAGTGAGGTAGGACGAAAATGTTGGTTGGTCTTTTGCTGGCTTGGGCGACAATGAGGTCGTAGACATCAATCCCCATCCGCTCGGCAACTGACTTCTCTTCGGTTGCGAAGTTGTCGCGATACCAACGAAGCAAAATCCCGCCAGTCCAACTCCATGTCACCGTCACATACAAATCTTCAACCACATGCGGGTAGCAACAGAAGTTGTTGCGAAGCATAGTTTCGTTCAAAACCGGTTGAGCCATCGCGACGGTTATACAATCCACTGTGCCGATTGCGTCCATCGCCACACCTCCCTTGACCACACCTGAACCGAGGCAACCACAGGGTTGGTCATGCCCTCCAGTTGCAATGACCGTTTTGGGTGACAGACCTGTTTCCTCCGCCACTTTGGGGTCAACAGTGCCAATTGGCTCTCCCGAAGGCATCGGTCGTGGCAACATGCTCTCGTCAATCCCAGCCGCTTCAAGGACTTCGCGACACCATCGCTTCTGGACAACATCAAATCCCATCGTCCTTGAAGCCATTGACCAGTCAATGGCTGGGTCTTTCGCTCCGAGCTGGAAAGAAACGAAGTCTTGTATGCAGAGGAACTTCCAAGCCTTGGCGAAAATTTCTGGTCGCTCCTCCTTCAGCCACATCAACTTCGGCACGGTATACATCGGGTGGATTGGGTGACCTGTCAGTGAGAAAACACGCCATTGCCCTAAGGTTTCTTCCAGCCGCTTGGATTGAGTTACGGGACGAGAGTCCAAGTTAGCAATTGCGTTCATGAGTGTGAGACCGTTGGCATCAATAGGAACGACGGTTTCGCCCATGCTTGAAACTGCTATCGCTTCCACTGGGTCTTTCTCACCTACTTGAGCAACGGCTTCAGAGATGGCTGCTTTTGTTGCCTCCCAAATTTGTTCGGCATCTAACTCAACCCAGCCAGCAGGTCCTGGGTAAATCAACGGATACTCGTGGTAACTTTGCCCCAGAATTTCCCCTTCGTCATTGAAGACAACAGCCTTGACCCCTGTCGTCCCTGTGTCCACTCCCATCAAACTCATCGCCTTCACCTCCGCGAACTAATTTTGTCGCCCGCATCGCTAAGAAACTTTACAACGCCCAGAAGGGAACGCAACTTTGTCGTGATAGGAAAGGTAAAGCAGCGTAGTTTTATGCCCAGCCATAACCTTAGCAAAGGCGAAAGGAAATTGTGTCACTGAGGACACAGAGGTAACCGGAAAGACCGCCTATAATTGATTTTGCGCGGTCGCTTGATTCTTGTTTGGACGAAAACGGGTGGGAACGAAAAATGTGTCCTGTTTGTGGACACCAAAACGCACCTAACTCGCCTGTTTGCACCCGTTGTGGGACGCAGTTGTCCAACGCAAGCCAGAGCACCCAAATGTGCCCTGAATGCGGTGCTGATTGTCACATTTCTGCCCAGCACTGCCCTCAGTGCAGGCAGCCCTTGCCCCTTCCTGAAAGGCGCCTACTTGGGCGTGGGACAGTTTTGGCTCAAAGATACA
NZ_CP130454.1_gap43	1332135	1333442	1307	CGGTCCGGTTCACTCCCTCGCTTTTCACCCCGACGACCAAACTTTAGCAATAGGTGATGCTCGCGGGCGAATTTGGCTTTGGGACATCGTTGAAGGTTGGGGTGAAGAATTTGACGCCCCGTTTTGGGACGCCCACAAAGGGGCTGTGACCTCTTTGGCTTTCAAGCCTGATGGGACTCTTCTCCTCTCTGGCGGCGAAGATGCTACCTTGCTCGTTTGGGAATTGGTTGACAGGTCCCTGTTTTTGATCCGAAGGCTTGATGGCTGGCATCTCAAGGAAATTCGCGCAGTTGCTTTCCGACACGATGGCAAAATCGCTGCATCCTGTAGCATGGACGATACTCTCCGAATCTGGCGAACCGATGACTGGACGGTTGTCTTCACACGCAAAGGCGGTCAGAATTGGTCTTTGGCTTTGGCTTTCTCGCTTTTCGGTGACTTATTGGCTTCAGCCAGCAAAGACGAAACAGTCAAAGTTTGGCGGTTGAGGTTGCCTTAGAGTTTCGCACCTTCGCCCTCGCTGCACGAACCCGCTTCAGTTTCACCAATTGCGTTTGCCCGAACGAAAAACCTTTGAACGACAGAGCAACCAACGATGTCGCCCATGACATTGACAGTCGTGCGGAACATGTCAAGGAAGCGGTCAATGGGCAAGATGATAGCCATGCCTTTTAGCGGCAACCCAACCGATTGAAAGACGAAAGGCATCGTAACCAAACCACCTGCCGGAATTCCAGCAGCACCTATGGCAGCGAGGTTTGCTGTGATGAAGACGAGAAGTTGCTGCGGGATTGAAAGTTGAATGCCGTAAGCCTGAGCGACAAAACAAGCAGCGACAGCCTCGTAAAGGGCTGTCCCGTCCATGTTGATGGTCGCACCCAAAGGCAAAACGAAGTTTCTGACCTCGCTTCGTATGCCTGCCCGCTCGGCGCATTCAATGGTGACGGGCAAAGTCGCCGAACTTGAACTGGTTGAAAAAGCGGTCAAAAGCGCTGGCGCGAAATGGCGAAGGTAAGGGAAAGGCGAAACTTGACCGAAGAGCAAAGCCAAAAGCGGAAGCACCATTAAGCCGTGAATTGCCAAACCTGTTATGACCGTCAAGGCATATTTCGCCAGAGGCAAGAAAACAGATAAGCCAAATTCTGCTGAGAGCCGAACTGCCAAACCGAAAACACCAAACGGCGCTACAGCGAGCAGCCAGTGAACGACGATCATCGTCAACCCCAAAACTGAACGCAAAAGTTGCTGGACAGGTTCTCCTGTCTCCTTCGCCGTCAGCAAAACCGCGCCTGTTAAAAGTGCAAGGA
NZ_CP130454.1_gap44	1334490	1335490	1000	CCTTTGACATCCACGACCGAATCAACTATGCAGCCCAACACGCCAACCTTTTCGTTGACCCCAACGAGCACGCCATCACTTTGGACTTAACCATTGACACCAGCATCGGCAGCGTGTTTGAATACTTTGAGATCTTCATGAGCCGAATGCTGTTCAGCCGAAAAGCAGCGGAGTTCCTCGGTTGCCGATACAAACTCGTCATTAACGGCGTCCGAATGTTGTGAAAAATCCGACCTCAGCCGTAGGTTTACGCATTACGAATTACGCATTACGCTTCACGCCTCAAACAACTCAGCCAACTCAACCCATTGCTTCCGCTTCGCACTCTCAATCGCCCCGAAAACCATTGCGAGGGTTTTCAGGTTGTCTTGGGCGCTGCATTCTGGTTCTCGTTTTTCTTTGACTGCGGAGACGAACTCAACGAGAACCGCCTTTGTGTCAACGAACGGCAGTGGGTCTAAGGGCAATTCTTGGACAGTCGCTTGTTCTGGTGGCAAGGAGCGACCATAAACCAGTTTCCCATCCTCCCAAGTCAAACTACCCCTCTCGCCTTCAATTCGCCACTCACCCAGCCAGTGGTCTGCTTTTCCTACGATGCAACCGAGAGCGTGGTGAGTGACCATGATGCCATCTTGGAACTCAAAGACGACTGTGTGACCGACATCGCCTTTGTGCCAACCCCAAGGTGCATTCCAAGTGTGCGCCCAAACGCGAACGGCGTCTCGGTTGAGGACATAGCGAAGGGCGTCAAAATGGTGAACTGCCATCTCAATGAGCAGGGCATATGGGATTTCAACATAGTGAGCGCCCATACCCCAAGGTCGGTGGAAGCCAACAACGACTGTATTAATGACGCCCAAAAAACCTTCGTCAAGGAGCCGACGCGTTGTCCTCGGCAAAGGGTTGAATCGGTAATTCTGAGCGACCATGTAAGTCAAGCCCGAAGACTTAACCATTGCAGCAATCCGTTTCGCCATCTCCCAACTTTCGCCCATTGCTT
NZ_CP130454.1_gap45	1389875	1390802	927	GGTGCTGATGCGGTTGTCGGAGCGTTTGACAGCGAGTTGAAGTTGCTAACAGTGACGGCTGAAGGGGAGCAACATCCGAGAGTCTTCGTGCCCGCTAATGTCCGCTATGTTTACGACTTCAACGAAGCCTTGGAAGAGTTGCTCGTGACACCCGAAGACACGGTTTTGCTGTCGGCGAAAACCCAAAAGTATCATCGGAAGAAGGTTGACAGCGCATTTGTGGTTTTTGACAGAGGTTCGGTCGTCAAAGTGAGGGTGCAACCGAGGATTGTGGACCTCATCCGACCAATTTGGCTCGTCCTTTCCGACACAGCCTATCCTGGCTGGCTTGCTCTCACAAATTTGGGACATGGGCGATGGGAAAAACTGCAAACAGCGGTCGCAAATGGTGCTTTCAAGGCATGTCACTTGCCTGATGCCGGTGGAGAAGTCGTTTGGGTTTATTTTCCGTCAAGTTTTGCCGTCGGCGCTTTTCTGAGTTGCGTCGGAGTTTTCTGCCTTGCAGGGTTGCTCGCTTGGTTTCCCCTTGTATCCTTCAAGTGGGCAAAAATTTTCGGGCAAGTCAAGGTTGCTCTAAAACGGTCTGGCTAACTCCGCCATTTGAGGGGGTGATGGAAGTGAAGTTGGGCTTGGTGACTTACAACTTGGCTCGGGATTGGGACTTGGAAACGCTCATCCGTGTTTGCGAGACGGTCGGGCTTGATGGCGTGGAGTTGCGGACAACGCACAAGCATGGTGTTGAACCCACGCTCTCGTCTCAGGAACGGGAGCAAGTTCGCAAGAGGTTTGAGCAGACGAAAGTGAAACTTGTCGGGCTGGGGACGGTTTGCGAATTCCACTCGCCTGACCTGAACGAAGTCAAGCGCAACATTGAAGAGGCGAAAAGGTTCATCGTCCTCGCAAAAGACATCGGCGCAATCGGTGTGA
NZ_CP130454.1_gap46	1395386	1396914	1528	CAATTGCCGCTCTTAAACTGCACAAGGAAGTAGCCACTGGGAACGATTATGGTCGGTCGGGAGGAAATGGTTGGTCGGGAAGCGATGATGGCTCCGGGCAAAACAATCCCACTCAAGCCAGGGACGATGACGATGTTGCCTGAAGATGGGCTGCCGAACGACAATGGAGGCACAACGATGATGCAACGGCTTGGGTCAGGATCGGCGAAGGCGACCGTTGTTACTGAAAGCAAGGCAACCGTCAGAAATCGCCAAAGTTTCATGGCTGGTCACCGCCTTTTTCTCAGCGATTTCCACATTGCCGCCGCTCGCTCCACCATCAAGTTTGACGCAAAAATTCGTGCCTGTTTCACTCAACCAACCCAATCGCAATTTCTCCGTCAGCAGCGAAAGGCGGCTCCTTCGCCTTGATGGTCACTTGAGAGTTACCTTGGAGTTTAACCCGCCAAGCGATGACCATGCTGTCTTGAAGGTCAGCGTTGCCTTGAAAATGGATCTCCCCTCTGGGCGCATAAATCGTCCCACTTATCCGCAAATTTGCATTGCCCGAAAACCAAAGTGGCTGGGTGTTGCTGCGTGATTGGAAAATGGTGATGCCTTGATAAGTTCCGCTTGTTGGCGCCGAAAGCCTGAGTTCACCATTGCCTTGAACTTCAATCCGACCGTTTTCGTTGTAGAGCAAAACACCATCGCCTTTAACGCGCCCGTTCCCACTGACCAACAAACCGCCACGAAGGATGTAAATTCCGGGCTGCAAAGTCACAATCGCATTTCCCCAAACGCGAATCCGACCCGTGTAAATTCCCGGCTGCAGCACAACATTTCTGTTTCCACCAATAGTTTGCCCAGGGAAAACTGGCAACCCTGAAGTTGACGGTGGGGGAAGGCTTGCTAACGGGTCAGGGGTTGGAGGTTGACCGGTCAAAGGTGTAGGCGTAACAGAAGCGTTGCCCTGCAGTTGGTAATTACCGACAATGGCAATTTGCTGGGCAGTTAGGGAAGCGTTGCCTTGAACGAAAAGGGCGTTATTGGCGCTTGAATTGACGATAACTGACCCGTCAAGGACTCGCAACCTTGCGTTCCCTTGCAACCACAAAGCATTTCCTCCCGATGGGTCAAGAACGACGAGCCCACGAGCAATTGCGGGTCTGCTGCCAATAGCCGTTGCTTTAGCGCAAACACGAATTTGACGGACACCGAGAACGCGAGCGAAGAACAGCGAGACAACTCTACAAGCCTTGACATTTATCAGGTTCGGGTTCGGTGACGGGTCACCTGTCCGCCGATAAGGTGTGGTTATGTGCACCAAGTCGTCTCCAATTTCGTAGCAAGTCGTCGTGAGTTGCAAGTCTGGGTCGCTAGGAGGGCAACTAATTGTTTGGGGTGTTGGAGGTGGGACGCGAAAGTTTTCGCCGTAGTTTCGCGCATAGTTTTCTGCGGCTGCTTGTTTTGCTTGAGCAGCGTCCGGTAACTCTTGAGCACCTGCCAAAGCCGCTGCGTCAACGAAGTTTTGCAACTGATGCCGAGC
NZ_CP130454.1_gap47	1467575	1468960	1385	TTTCGCAAAGCGAACATCGCCAAACGATTTCGTCGCCCCTCATTTTCGGCTCAACGGGACGGCGAAGACCACGCCTCACTAAACCTGCCGGTTCATCAGGCTCGCTATGACACACATCGCAAGTTTCGGTTTCACCACCCTGCCCAAACGGACCGAAAACCGAAGTTGGGTCGCTGCAAATTCGCTCTCGCCAAAGCGTCCCTTTCCGTCGGCGCAACCTTTGAGCCAGTTCAGCCCACCGTTCGCCCAATGGGCTTCTGTTGGCATTTGGGTCAATCTTGAAATCGCAAGCCCTCAACGGAACGGCTTCAATGACGATAGCCAGTTCGCCACCAAAGAAGTCAAAGAGCAAGTCAAGGAGTTTAAGCCGCAACTTGTCAATTTCGTTCCGCTTGCTCAGTGGAGCCAAAAGGTAAAAGTGACCGCCGCTGCTGTAGATGATGTTGCAAGGTGGAACTTGCAACTTTCGCCTGAGCCATTCAGCGATGGCATCGCAGAGAAGGTTCAAGTAAGCCGACCGACCACGCAAACTTTTCGCCGCACCTTTGCTGCTGATGGTGTAGATGAACCGTTGGATGCCTGTGATGTCGCCGCCAACAAGCAAAACGACTTCAGTTTTGCTCTCAAGGGGATTGGGCTCTAAAAGTTCAACGGTCGTATCGTCCAACTCCCAAAGGCAAAACGCCAACGCACCCGTAACTTGCAAATGGTCGGCAAGGGAAATGTCGGGTTCGTCCCGATACGCTGCAGCAGGAACACACCAAGCATATGCGCGAAGCAAAGAAAGCCATGTCAAGACGAAAGCGTCAAAGTCTCGGAAAGTCGGAGCGTTGTTGGGAAGGGAAAGCCAAGTTCTTTCAAATGCGTCCCAAAGGGAAAGGTAATCTGCCCTCAACTGGTCATGGGGCTTGGGGAAAATTGAATCGCCCAAACGCAGGGGCGTCGTTTCGTAGCGCCATCGCCCTTGTTCGGAAAAAGGCAAAAACCGGTTGCCTATTTTGAGCCGAACGAAGACGGGAATCAAAAGTTCCTGCGACGGATCGCCAACTTCCTCGCCTTCGCGCTGAACCCGCTCACCTGAAGCCAGTTGGTCGGCAATTTTGACGATGCGGATATCGCGCTCGTAAGGGGCAGGTTCGTGATGTCGTTCCACAACTTGAGCAATCTCCGTTTGCTCTTGTTCCGTCAGGAAGGTGAGGCGTGGAAGGACAGTTTGAGTGAGCCATTCAGAGCCGTGAGTTTCGTGTCGCTTCCGCTCGCCCCAAAACGCCCGCTGCCTGAACTTACCCAAATCGTGAAACAAACCAGCAAGAGCAACGACTTGGCTCCCCGAAAGCAAACTCTTTCACCGCCTCCGATTTGACAAATTTTTCGCTGACAATTTT
NZ_CP130454.1_gap48	1486132	1487705	1573	GAGGAGTTCCTTCGCCAGCCTGAATTGCCTGAGATTGTCAGTGAGCAAGCGAAGCGGGTGATAGAATATTTGCAGCGCTATGGTCGCCCGTGAACTCAAAGTTTGGTTTGGGCTTTGATTTATTGGGGCAAAAGGCTGATGGGCAAAAGCCCAAAATTCGGGTAAGAGTGAGGGGCAAACCTATGCGCCGACGAGTCTCAATTGGCTCGGTTTTGACCGCTGTTTTGTGGCTGAATTTGTTTGGGTGGTCGCAAACGCCGCCAACCCAACGCCATACTTTCCTGCTCCTCGCATCGCCCCCCCAAATTCCTGCCGACGGCAAAAGCACTTGCGAAATCACCGTCCGCATTGATGACCCATCCGTTCCTGATGGCACTATCGTTCACTTCACCAGTTCCCTTGAAGGGACAGTCATTGAGCCGCAGGCTGTTTTGAGGGGCGGGATTGCGAGGGTGAAGTTGAGGGCGGGAACTGTCCCCGGCGTCACACTTGTCACCGCCTTCTTCGGTGCTTCACGCCAAACCATTGAAGTCCAACTCCTACCTCCCGGAGTTGAAGCCAGCAGGGAAGGACAAGTCATCCACATTGAGGGCGATTATGTGGCTTATGCACCAGCGATGAACTTCGTCGCAGGCAGCGGGAAAGTCAGGCTGATTTACAAGGGCTGGGAAATCCAAAGCGATGTCCGACTTGACTTTTGGCTGGACTCAAAAATAGTCGTCGCTGAAGGTCAACCGGGCATGAACAAAGTGGTCGTCACGAACGGAAAAGAAAGGTTGGAAGGTGATAGGCTCATAGCCGATGTCGGTCGGCAAGTAGGTATCTTGACAAAAGTTGTGCCAGAAGCAAAACGGATTGTTTTCAAGGGATGGTCGTTGAGCGAGGGGTCAGAAAACGATGTCGTAGGCTTAAGCGAGCCGCCAGCACCTATGGACATTGACATCAATTGGGTTCGCGGTCGTTCCTTGACCATCTACCCACCGCCTAACGAGAGGGTTGTCATCAGGCGAGCCCAGATTTACGCCAAAGGTCAGAAAATGATTGCGCTCCCGCTTTATGTTGAAGCGAGAGGCGGTCTCTCGCTCAGCGGCTACTACGGCGCAGGCATCGGCACTCCTTTCGGGCTACAAGGTGTCAGCATCACTGCTTACAGTGGTTTCCAAATTGACACGCCCATCTATTACCGAGCGGACTTGCGGGGGACAGGTGCTTTGAGGTTGCAGTATTTTGGCGGGCAAGGGTTCAGCGCTTACCGAAAAGGTTTTGCCCTTTCCCTTGAGGAGCAGTATGTGTTCGGCAAAAGGGGCGAAATTGAAGGGGGGCTTTTGCTGGAGCAATTTACCCGTTCCGATTGGGGTTTCAGGTGGCAGCACTTTCAAAGGCTCGGCAACGGTGGTCGGCTCAACCTATACCTTGACTATCCCCGCCACAAAGACTTGTTCGTTAGGCTCGGCTATCACGGCTCAATCAAAAACAGTGGCATCGGCTTGGAGTTGAACCTTCAAAAGCCTGAAGGTCAAGGTCTCAGCCACAGCCTTCACGCTTACGGTTATTTGCCAGGCAAACCCTTGGG
NZ_CP130454.1_gap49	1499433	1504153	4720	GGGAAACGAGGTGAGAAGCGGAGTTGAAATTCGCGCTCCACACTCCGCACCTGACACTTCTATCCGCCCCCTTTGCGAATCACTGACCTCAGTTTCGCTGCTTCTTCCTTTGTGAGTCGCCGCATGATGCCCGATTTCAAAACTCTAATGTCAACGCCGTCAGCGATGCGCAAAGTGACCATGTTTTCATCAACGCTCAAAATGCGACCGCAAATCCCATCAGCGGTCGCTACTTCATCGCCTGGCTTGAGTGAACTTAGAAACTTTTCCCGCTCACGCCGTTGCCTTTGCTGTGGCACAATGAGAATCCACCAGAAGAGCACTAAAAGCAAAACCCACCAAGCAACGATAGGCAGCCATTGTTCCATGCCCGCATCACTCCTGCTTTTCCTCAACCACGCACGGGTAACCTTTTTCGGTGATTTCTTGTTTCAGCCTTTCGGCGCTCTCTCGGTTGTCAAAAGCGCCGACATAAACTCGGTATCGCTTCTGACCGCCAACGAATTCCTCCTCAACATAGGGATGGTAGCCTTGAGATGTCAACGATTCAAGCAGGTTCTTGACATTTTGCTCCTGCGAGAAAACGCCTATGCGCACCCTGTAACTTCTCTTTGTCTCCGCAGCAGGTGGGGGTGGGGGCGTAGGTTTTGAAACTGGTGGCTGAGGTGGCTGAATCACGGTTGGCGGCGATACGGGTTCTGAAACTTCAGGCTCTCGCTGGGTTGGTGGAGGCTGAGTTCGCCTTGGCTGTTGAGGGGTCGGGATAATTGGTTGAGGGGTTGGGGTAGGTTGTTCGGGCATCGGTGGTGAGAAAGAAGGTTCAAACTCGCTCCCGTAAGGTCGTGGGACACGCTCAATGATGACAGCGGTATGGTCGGGCACAGAATCAACATCGCGACGGTAAACACCGTTTGGGATGCTTTCAGCAAGGGAAGGAGCAGAAGTTGTTTCCTCAACTTCGGAAACCTTTGCAGGTTCCTGTGGCTTTTGAGGCACAAAAAGCGGACCTAAAACATACATACCTGCCAAAAAACTCAACACCGCTCCAATGACAAAAGCCAAAGCCAACTTCCATTCGTTGCCCCTCATCGCTTTTCCCTCCGCTGGCTGAAAAAATTTCCCTGTCGCCAACATTGTAGCACATTCGCCCACGCCTGTTGTCATACTTGACTTGGCAAAGGAGGGAAGAAACCGTGAGGGTCTCAACGAGAGCATGGTATGGACTGATGGCAATGGTTGAACTTGGCTTGAGGGAGAGGCAAGGGAGAGTTCAAGTCAGAGAAATTTCCGAAAGCCAAGGCATCCCTGAAGAATACTTGGAGCAACTGATGCTGGCACTGAAAAGGGCTGGTTTGGTCAGAAGCCGAAGGGGCGTTCGCGGAGGCTATGTCCTTGCTAAACCCTCAAGCCAAATTACTGTTCGGGAAATTTTGGAGGCGCTGGAAGGTCCGATTCTGGACGCAGAGCCGATGGACCCGAACCTTAGGGAACGAGCCCGCAATTCAAGCATCTCTTTGGTCTGGGAGAAACTCGCTGAGGCGATGGAAAGTGTCCTGCAAAACATCACCCTCGCACAAGTTTGCGCCTGGGAACGAGAGAGGAGGGCAAAGCAACCGATGATGTTCTACATCTGAACGAACGCCAACGAAGTTGAAAAGAGCCTTCAGCCTAATTCTATCGCCACAACTTCGTGGTCCAAAACTTGAGGGACAGTGACGGTAAGTTCATTGCCTTGCAAAGTCACATGGACATCGGATTTTGCTCGCAGCAACTTTACGCCGATTGGCTTTGTCCCCTCTGGCAACGCCACTTTCAAATCTTGCCTGCCCACTGGCACGATTTCAGTTATCGGTCCGCCGAACAAGTTTGGCGTGTTCAGGTTGACGAGGTGAACGGTGATGCTTTTCTCTTGCCTCCAAATTGTCACATCAAGCAAACCGTTCCCGATCACCGTCACCGGCAACGGCTCACCTTTGCGAACCCAGTTAATTGCATTCAGAAGCAGTCGCTTGTGGTCTGGCAACCTACTCCGCCAAAACGCAGCGTCAAAATCCATCGCCAAGTAGACCGAACGACCGTTTCGCTCACGGCAGAAGGTCAACGGCAAACCTGTTTGCTTTGGGTCGGGATAAACCTTTTCGGGAGGGTGAACGGGGTAAGTGGGGACGAAATCGCAAAGTGCCTCTGTGTCTTCCGCTTTCTCAACGCGCGACAAGTAAGTTGCCCCAGGCAAGATGTCAGTGTCGTCAAAGCCGTTGAGCAAGGGATGGGAACTCTGCTGATCTGAAATTCGCAGGTAGCAATGTCGCAGAGGTGGTGGAGGTTCATCAACTCTCAAAACGCCCATCAATTCGCTCCACTTCCCGATGTCGTGTTTTTCTCCCCACAAGTTTTTCGTCCCAGCCTCAAAGCAAGCCACTAACCCGCCTCCGCTTGCGACGAATTCTTTCAAGGCGTCAAGGCTTTCCTGACGAAGGCAAGTTTGGCTGGGCAAAATCAAGACTTTGTAGCGGCGGATGGTTTCAGTGGCAAGTTTCCATTCTGGAAGCAAGTCAAAAGGTATGCGCCCTTCAAGCAAAACCTGATACCAGCCGTTGAAAGCATCAGTAGGTGAAGGTCGCATGTTCGTCCACGAACTCAACCAGAAAGTTTGAGGCGACCAGACAACGGCTACATCGGCGAGCGATTCAATGTTTCGCAGGTAAGGCTCAATTTCGGCGAGCCAAGAGAAATAGTCGGCGACAGGTTCAAGCCACCTTCGGTCGTAAAGTTCCGCCCCAAGCACATGCCACCAAAGTCTCTGTCCGTTCGCCACCGCTTCGGCAGAGAATAAAGTCGTTTCGGCTGCGGGTTTGGCAATGTGTCTCACTAATGGTTGACCGAGTTGCCATACACCAGTGATCCGAAGCACAGGTTTACCTTCAGCGACTGCCATCATCACTTTCCCGCATCGCCCCGAAACCCAAAGCGGCTCACCTACCCTTCTCCCCTGCGAGTCATCGTTGAGCAAATCGGCAAGTTGGACAAACTTTTCCCACCTCAGACCAGTTGACAAACTTCCGTGCGAGTTCCAAATGAAGACAGCACTGGGCTTGAGCCTTTTCGTATGCTCGGTCCACAGAGTTTGGACTTCTTCAATGCTCTCCTGCACGAACAAAACGAAGTCACGCCACAGCGGGTCAGATGGGTCGGGCTTTTCGGGGTAGCGTTCATGTCCTCGCTTCCGCCATTTTTCCAAGCAATGTGGGCAGTAGCAAACAAGGCTCATGTCCACAGGATGCCAATTTGTTGGTGGCCAACCGTTGGTGAAAAAGCCGTCAACATCGTAACGCTCCATTATCTCGGTCATGACTGCAGGGACAAATTCACGGTGAAAAGGCGAATTCCAGCAGGTGGAGTAAAGGACATCGTGTTGGGCGAAGGGAGTTGCGGAAAGAAATTGTGGTTCGCTGGCGGTCGGAGTCGCTTGACCTCTTTGGCGAGGTTTCCCTTCGGCGTCGGTCAGAAACCAATCAGGGTGGGCTTTGTAAAGTTCCTCGTGACCCCAGTTGGGGTCAAGCCTCGCTAAAACCCTCAAGCCCAACTGACGGGCAGCAGCCACCAACTCGCCGAAAACATCCCGCTCGCCGAGAAATTTCGCTTTTCGGTGAAGAGGGATTTTTGTTGGGTAGTAGGCTACTCCGACACCTGCGTTGATCGTCACGCCGTGAATTTTCGTCCGTTGCCAATAACGCTTCCAAAAATCCACATCAAGCGTCAATGGGTCGTCTTCCTTCAAGTTCACTTGCCCCCATCGCATCACCTTGTCAAACCACGACTCATTGCTCCGCATCGCAAAAACACCTCTCACTCATTTGTGGCTTTTCCCCAACCAATTTCAGTCCCGCCACGCTGCCCGAAAGACATTCAACTGTCTCGGTTGCTCAGCGTTGCGACCGCTGCACCAGACAAGCCACTTGCCGTCAGGCGAGAAGTGCGGGAAAAGGTCAGGGGCAGGGTGGTAGGTGATTCGCTTCAGTCCAGTTCCATCAGCGTTGATGACGAACAGGTCAAAGTTTTTGGGGTCGTGGTGGTTGCTTGAAAAGATGATTCGCTTCCCGTCGGGAAACCAAGCAGGGCAGAAATTGATGCCACCCAACTTCGTGATTTGCTTTGTATTGCGACCATCGGCATCCATGACGAATAACTCCATCGTCGGCGGGCTTATGACGCCTAATTGAAGCAAACTCTTGTATTCGTCAACTTCCTCGCTCGTCTTGGGCAAATAGGCTCGGAAGACAATCCGCTTCCCATCGGGCGAATAAAACGCTCCTCCCTCGTAACCGAGCGTCTTCGTCAGCCGCTTCAGGTCGCTGCCGTCCAACTTCATGCTGTAAAGGTCAAGGTCACCGTCACGGTAACTGGTGAAGACGATGCGTCCTGTTTTCCAGCAAATGGTCGCTTCTGCGTCATAGCCTTCGTTATCGGTCAAGCGGATAAGTTCCATCGTGTCCAAACGGCGCAGATAGATTTCGTAACTTGGGAACACGCCCCAAACATAGCGGGGAATGTCCAGTTTTGGAACTTGTGGCGGTTCTGGTCCGGCAAGGTGGGTCGTTGCGAAGATTACCCCTTCGCCGTCTGGCGTGAAATAGGCACAGGTGCAACGACCTTTGCCAGTGCTGACAACACGAACCCATGAACCGTCAGCCCTCATGACGAAGATTTGGTCAGCCTTGTA
NZ_CP130454.1_gap50	1505697	1509403	3706	TTTTCGTCCAAAACAATCATGCTGCTTCCCCAACCTCATGTGCCCACCGTTCCAGCGCCTTCACCGCTAACTTCATGGCTTCCTCAATGGCTTCTCGGTTGATTTCGGGGCGATTGAAGTCTTGGATAATTTGGTCAACCGTCCAGCCATGAGCCAACAAGTTAAGGATGTGGCGAACCTCAACCCTCGTGTATTTGAAGGTAGGGCGACCGCCACAAACCCCCTTTGCGCTGACAATATGCTTGCCCAACGGGACATATTCGTAGACTTCACCGCCAACAATCTCCCGGACAACTTTCGGTCGTCGCTTTGAGGCTTTTGCCATTTTCCTTCACCTGCTGTGCCTAATTTGGAGCGCCATTGCATAAGCCAAAGTCTCATAGCCTTGTGCGGACTTGTCCCACGAGAAATCTTCCTTCATTGCGTTTCGTTGCAATGTCTGCCAAAGTCTTCGGTCTTGGTAAACGCTCAGCGCCCTTTCAATTGTCGCCACCAAGTTCGCTGCAGTCAAGCCTGTGAAAGCGAAACCGTTTCCCGTTTTCGTTTGAGGGTCAAAATCTTGGACGGTGTCAGCCAAACCGCCAACAGCATGGACAATGGGAGCCGTCCCGTAGCGCATGGAAATCATCTGTCCCAACCCGCACGGCTCAAAACGGGATGGCATCAAAAAAGCGTCAGCACCCGCATAGATTAGGTGAGCCAACTCCTCATCCACAACGCCCAACCTCGTCGCTACTTTTTCTGGGTAGCGTTTCTGAAGTTCAGCGAACATCGGTTCCTGTTCGCCTGCTCCCAAGACGACGAGTTTAATTGGCAATTTCATCAAAGCGTCTGCTGCTTCAATGACAACATCAAAGCCTTTTTGGTGCGCCAAGCGTGACACGATGCCGATAACCATCTCGCCGCTATCACTCAACCCAACCCGTTCCAGCAACGCTTCCTTGTTCGCAGCCTTACCCTTGACAAATGTTCGGCTATCGTAGCGAACTGGCAGAAACTCGTCTGTCTTCGGGTTCCAGACCTCGTAGTCAATGCCGTTCAAAATTCCGACCAATCGTCCCTGCTTGGCTCGGTCGCGCAACAAGCCATGCATCCCTTCGCCGAACTCTTCGGTCTGAATTTCCTGCGCGTATCTTGGGCTGACCGTCGTTAACATGTCGGCATAGTAGAGCCCACCTTTAATGAAACTGAGCCGACCGTGAAACTCCAAACCGTGCATTTGGAAAGTTTCTGGCGGCAAACCCAACGCTTCCCTTACCGATGGGTCAAAGTTGCCTTGATAGGCGAGGTTGTGGATGGTGAATACTGTGGCTGTGTCAGAGAAAAACGGGTCGCCACTGTAAAGAGTTTTCAGGTAGGCAGCGACGAGCCCACTTTGCCAATCGTGACAGTGGATGATGTCGGGTCTCCAGTTGATGGCTTTGGGCAACTCCAAAGCCACTTTGCTCAACAGCCCAAACCGAACCCAATCGTCTTCGTAGCCGTAAAGTCGGTCGCGGTCGTAAAGCCCAAAGTGCTCAATCAAGTAGACGGTAACGCCATCGCCTTTGAGCACATCGCTTTCGTCAATGCCGCAACCGAGCGCGAAGTTGCCAAATTGAATTTGAGGCAAGTCAACCACTCGTTCGGTGCGATGGTCAACGCTGAAGGTTGCGCGATATTTGGGCATGAGCACCCTCACATCGTGACCTCGCTTCGCCAACGCTTTTGGCAGTGCGCCGATGACATCGGCGAGCCCTCCTGTTTTCGCCAGTGGGAACATTTCCGAAGCCACGAACAAGATGCGCCACCTTTTCCTCGCTCTCGTTGCCTTTCGCTCTTGGCTTGCCCCGCCTCTTTGACGGCTTCTCACCACTCTTTCCTTCGTTCCTTTTCGCCCCATCTTCTAACCCTCCTTCGCCCCCCTACAGGGCAGTGATTTGCGCTTTCGTTTCGTCAGCGGTTGCGCGCTCAGGGTTCAAAACTGTAAGCCCTTCACTTTGAGCCGCCCGCAACAATCGTTCGTCGGCAGCGACGAACAACAATCTTTCGCCTTCGCTTAGCAACTCGTTGGCAACAAGGGCAGCACATAGAATAAGAGCGTCAACGCTATTAATAGCGTATCGCTCAATCATGTCCAGCGAACGCACCAACAAATCTTCGTCCGTGGGTAATTTCGCAAAATTGGGATTGTCAAGGACTTCCCCGCGCAGGGCTAAGGTTGCTCGTTGGAAGATGGATTCGTTGATAAGCCCTTCGTTCCTTTTGCGAACTAAAGCCCAATAAACCTCACCAACCGTCAGGAGCAGGCACATCATTCTGTGGGTTGGCACGAGTTGAAAGATAAGATTGACGATGTCAGACCCTCTCTCAAAAGCGTAACGCTTCGTCAAACCACTCGCATCCCAAAACACATAAACCACCATGCTCACCGTTCCCTTTCCTCAATGATTGCGCGAGTGAACTCACAGGCTTCTGGGTCAATACCTGCCTTACGCATCATTTCCTGCACTTCCTCAGGGCTAACTGCTTCGCCGTCGTAGCCCATCTCGCGGAATTTTTTGCTCAGTTTTTCGCTAACCCTTCTGCTGAACTCACGGATTTGAGCCCACCTTGCTTGTCGCTCCTCCTCTGTCAGTTTTGGTTTGACTTGTGCCATTTTTCGTTCACCTCTCAGCGATAACGGTCACCTTACAGTTTGCGACCTAAAACTGCATCTGTCATCCTCACCACTTGAACCATCTCTCGGACATCATGAACGCGAACGATGTCAGCACCGTTAGCAATGGCAATTGCAACTGTCGCTGCAGTCCCCCAAATCCTTTCCGCTGGAACTTCTATGCCTAAAACTTTGCCGATGAAACTTTTGCGTGAGGTGCCGATGAGCACGGGGTAACCTAACGCTTTGATTTCGCCCAACCTTCGCAGTATCTCCAAGTTGTGCTCAACGGTTTTCCCGAAGCCTATCCCAGGGTCAACGATGATTTTCTCCTTCGGCAACCCCACAGCGATTGCACTTTCCGCTTGCTCACGAAGGAAGTCACAAATCTCCCTGACGCAATCAGTGTAAGTTGGGTTCAGTTGCATCGTTTGCGGTGTCCCTTGCATGTGCATGATGACGACAGTAGGTTTGAATTCTGCTACGAGTTCCAACATTCCAGGTTGCCGCAAACCATAAATGTCGTTGACAATGCATGCCCCCGCTTCCAAAGCACGCTTTGCAACTTCGGGCTTATAAGTGTCCACCGAAATGGGCAAAGGGAAATTTTGAGCCATCAACCGTTCAATAACAGGCAGAACCCGCCTCATTTCCTCATCGGCAGGAACAGGCTGTGAACCTGGGCGAGTTGATTCGCCACCGATGTCTAAAATGTCAGCACCTTCCTCAACGAACCTCCAAGCCCGTGCAACGGCTGCGTCAGTATCAACGACGCCATCGCCAGAAAACGAGTCGGGCGTGACATTAAGGATGCCCATTACAAGCGTTCTTTGCCCTAAAGGGAGTTCATGTCGCTCACAACATTTCCAAGCCATAAAACCGTCACCTTCCTTAGTTGGAGGGGCATGTTCCCTTGGAGCGGCTCAAACCCCTTCAACCCTCACCAAGTTTTCCTGAGCCGAAAGGGTCAACCTGAACCAGTTCAAGACATCGCGACCTAAGATGTTTTCGTCAATATCGTCGCGAATGTCAACTCGGGTTGGCACTTGCCTATTGCCAATGCGAATT
NZ_CP130454.1_gap51	1512180	1515121	2941	TGTTGAAGGCATTCAAGGGCGACTCTCCTTGCTTCCGCTTCAAGGCAACCTCCGCCCAAAGTTCCCGAAAGACCGCCATCAGCCCGAAAAATTGCTTTTGCTCCCGGCTTCTGCGGGGTTGAGCCGCTTGTGTCTATAACCTCGCCAAAGGCACAAGGTATGCCTTTGCTGACGATTTCCGCTAAGTCATACAGCACATGCCGCATCTCGTTTTCACCTCTTCGTTGCTTATTCTAACTCAGCCCGCTGCTTACTGCCGAAGGCTTTGCAAATCATTCCGCCACTGACTTAACTGCGCATTAGCGATCATTAGCGTGGCTTGATGCTTTCACTAATTTCACGGACACACCTTTCAAGGTTGCTGTAGATTTCGGCTGTGAGGAAGCGAAAAACTTTCCAATCGTGTTTTTGCAGCCATCGGGAGATGCGGGCGTCGTGCAAGCGCTTTGGAATTGCCGAGTGGAAGGCGAGCCCGTCAACATAGATGAGAAGCCTTTGTTCTGGGTAAGCGAAATCGGCTACGGTCACAATTTCTCCCTGCTCGTCTTTGACCTCAAATTGCTTTTTAGGCTCAGGCAAACCAGCCTCTCGGAGTGCTTTCAACAGCCTCAACTCAGCAGGCGAACCACAACCTTCTTGCCTCGCTTCTTCCCACTCAGCACCTTCAAAGGGTGGCTGAATAACTCCTCCCCGTTCAACTTTTGCCTTCGCTGCTACCTCAAGCCAAGGCACGACCAATCGCCAATCCAGAAGTTCGTGGACTCGTTGGTTTCGGTAAGTTCTCAAACAGCGGTAGCATGAACTTGCACAATCGTGTCCATCAAGGTGCCTTAGGGCAAATTGTGCGACCTTCGGGAAGTTTTCAGCCAAGTCTTTCAGAACACCGGAGCCGCCTACAACGGTGTCCACCCAGAAAATCTCCATCACTTGTGCGCTGTCATTTCCGTCCCTCTTCTCCAGCACGAACCCATCAATGTCGCCCTCATCTAACTGGAAAGCCATCGTGGCACCTTGAACGATTGCGTGAACCAAACTCCAAGCCCAACGGACCCCTTCCTTGCCCATCGTTTCAATACCCGGCACAATGAGCCTCAAAGTATCTGCTCTCGTCTGATGTCCCAAAGCGACTTCCTGTGGTTCTCCGGTGCAAGTTTGGCTGTGTCGCCATTGCTGCTTTTGGGTCTTTTTCCTTTTCGCTTTTTGTGCATTGACTGGCTGTTCCACAGATTCACCGCACACGGGACACAGCCAAAACGGTCTTATGCCCTTGACGCTTCCGTCGGGAGCGACTTCCACCCTTCCCAAGTTCAGCCACCAAATGCTTTCCTGTCGGCGCAACTCTAAGGTGCAATCATCGCCAAGCCTGTAAACGATTGCTTCCACATCCCTTTGCGGGTGAGCCATTTGGGCGAAGGCTCTCGGTGTCCTGTCTTCTTCCTCTTCGGGGACAGCGCTTGTCTCTTCTGCCCTGAACGCTCCAACATCCCACGCAACTTTCGTGCCACCGCTCAGTTCAGCGTTGCAGCGTTGGCAGTAGTTGAAATCGGGTCTGTTCGCTAAGCCGCAGGAAGGGCATAGGGTGAACTCAAACTGGGGGATACCCTTTTCGGCAACGATGCCACCGGGACTGTTCAGCGCAACTCCTTTGACTTCCCACTTTTTGCCGCGAGCGTAAACAATCTGACCGGGAGCATATTCCCACTGGGCTTGGAGGCGGTTTGCGTAGATGGGTTCTGTTTGAAAACCCAAATGGAGTGAACCTGGAATCGGTGGGAAAGCGTAGCCTGGCAAAAGACCTGACTCCGCCAAAACTTTGGGCAGGTATGCGTAATCTCGGTCGGTTCTAAGCCTCTTTGCTAGTTCTCGGTAACCCTCCGCCAGTTGCTTCTCCTTCAGTGTTAGGTTGACCTTGACAGCGTAATGGCGCATCTTCTCCACTGCTTGCTCAACGGCTCTCGCCCTCAACTCAATGGCTTCCTGAACTTTCTCTGGGAACTCCTTTATCGCTTCCCAAACCCAATCTTCCGTCACCCAATCAAATTCGCCGAACACTTCCAATGCCCTTCGCTTCCCTTCGTTTAGGGCTTGCCGTATCTGGCTCACCAACTTCTCCACTTCTACTGCGTTGATGTTCCCGTTTTCGTCCATGTAGGGTTCAAGGTTTACGGGAATTTGAACTTGAGCCTCTTCAAGCACCAAAGCGCGGATGTGACAAGCCATTGCCGTTCGGTTCTCAGCGTAAAAGCGTGGCGGGAAGATAGCGCCTGCGATGATTTCGTCGGGATGGTCAAAGAAGTAACCGTCATGGGGTCGGGCTCGTGAAAAGCCAGCAATGATGCCCATCCGTGTCTTCCGACCGGTCCGACCTGCCCGTTGAGCGTAGTTTGCCGGGTTCGGTGGAATGTTCCTCAAGGCAACGGCTTCCAAGTCGCCGATGTCAATGCCTAACTCCAAAGTCGGTGTGCAAGCGATAGCGTTGACTTCAGGTGGGTGTTTCTGAAAGGCTTGTTCTATTCGCTGCCTATCTTCATTGGTGACGGCAGCAGTGTGTTCGCCTGCCTGAAGAGGTGGTAGTTCTGGGTTAGCAATTTGCAAAACCCAAATGTTTCGCTCTTCAAAAGGTCCAACCCACTCCGTCAAAGTCCCAGAACACGCCCTGTTCCACTTAACTCTGGGGCAAGGCGTGTCAGGAATTTCGTTGGCTATCACTCGCCCGCAAGCATTGCAGCGAACCCAACTTCTCCCCACCTCAAACTCCAGCAAATCAAGCGCCACTTGATAGCCTTCACCGCCGTTCCCGACACGAGCCCAAACGATGTAACCGCATTGCTCCAGCCACTCCAAAATCTCGCGCAAAAACTCGTTGGTCACACGACCGCAGAACCGTTCCAGTAAAGCCCTCAACATATCGCAGCGAAGCAGCCTGTAACCTTTTTGCCTT
NZ_CP130454.1_gap52	1542800	1546939	4139	GCGAACTTTGAAAAGTTCCCGGTGCTTTTTCAGCCAATTCTCTGAGCAGCGGGAAATTAGGGTTCGCCAATTCGGTGAGGGTGAAAACTGTTGTGATGTTAAAAAGTCGCTCCAGAGCGCTGACTCCTGCCAAGGTCAAAGCGGGGGGAATCGTCCCCGTCAATAGAGCCCACAGGAGCAGTTTTTGAAATTCGTCCCAAGAAATCAAAAGCGTCTCACCTGTCACTAACCCCAGAACCAGCGGGAAGAAGAAAGCCAAAATACCCAGCAAAGCGCCTGCTTGAATCAGATGCATGCGGGTTCGCACATCCGTTGAAAGGAAGGATGCAGCCACTCCGAGGGCTGCTGATGAAAGGAAGGGACGCAAAGCACCTGCAGGCAATGCCTGCCAATCCATAGTCATACCCAAAGTGGCAGCAATAGCAGAAAGCACTGATGCGAAAATGCTTACAGGAGGACTAAAGAGCACCGTTGTCATTGTGGCAGCAGTGGTAATAGTGACGAATGAGATTTCAGGACCGAGAGAGTGGTGGAAGAACCTAACCAGCAACAGTGCAATAACCCACAAGAGAACCAAGAGCGTAAGACGGGGGTTGTCAGAAAAGAGCGAAGGTGCAACCAACCGAATGAACAAGGATGCAGCGATGGTAAAAAGAAAAGCCAGAACGGTCACACCAAGCAATGCCGAAAAGTTGTATCCTAAAGCCTGCAATTTCTCCAAGTGCTCTTCCGTGACCAATTCGCCCCTTCTGGCAATTAATTCTCCGACAGTAATCGTTCTCCACACAGGTTCAACACTTGCTTGTGCTTGTTCTCTCGCTTTTTGAGTGGCTATTGGATCAAAGACCATGTTTGGTTGAAGCGCTACCTCTGCCAACTGGCGCAACGCCAATTTCAGATCGTTGTTGAGGGGCAGTTTCTCAAGGTTGCTTTTAACCCTTTGCAGTGCTGCCTCCCGTTCCCCCGGAATTGGTTTAATCCCACGCCGCCACTCATCGTCAAGCGCTCTCAAAAGCATTTCGTGTCCAAATCGCAAGGTTGCAGGAGATGCTCTAAGCAATACTTCCAAAACATGGTCGGGAATGTTCAACCCGATTCGCTTTTTGACTGCCGCTATTTTCGTGTTGAAGGGGATGTTTTCTCTCTGCACTGCCATCACGATGTCAATGAGGTCATTAAGGACCGCTTTCCACATAGATGCCACTGAGGGATCAAGCCTGTATTGACGCGGAATAGCCTGCGCAACTGCTTGCTTCCTTTTCTTGGTGGCTATCTCTGACAGGTATCTGACCGTTCTGTGAGCGCGTATGTCGTAGGGGAAAGTTTGACCGACTACGAAGGGGACAGGGACGAGGAGGGACGGTGGAGTCATTGCGAAGAAAAGGGCAATCAAGACCACACAGAAAAGCACTAACCTCGGAGCGGAAATTTTGAGAGAAGCAAAATGTTCGCCTTTCCAATACCTCGCGACAGTAGCGATTACCTCACTGACGAATCCCCCAATCTTTTGACCTTTAACCCTTTGCCACCTACTAAACCTTTTACTGCTGGGTTCAGTCGCCATGTTTTTCACCTCGCTCCAATTCGGGAGCGCGTCGTTTTTTCTCCCAAGCGTCATAAGCAGCAACGATCTTCTGCACTAACGGGTGACGGACGACATCGCTCTCGGTCAAGTAAACGAAGGCAACACCTTCCACGCCTTTCAAAATCTCCTGCACTTCTACCAAGCCCGACTTGACGCCCTTGGGCAAATCAATTTGAGTTATGTCCCCTGTGACGACCATCTTTGCGTTGAAACCCAGCCTCGTCAGCACCATTTTCATCTGAAGGCTGGTAGCATTTTGTGCCTCGTCCAACACGATGAAGGCATCGTTGAAAGTTCGCCCTCGCATGTAAGCCAGAGGGATAACCTCAATAACGCGCCTCTCTATCAGGCGTTGGACTTTATCGTAGTCAAGCAGGTCGTAAAGCGCGTCGTAAAGTGGGCGCATGTATGGGTCAACTTTCTCGTAAATGTCTCCGGGAAGGAAACCAAGTTTCTCACCAGCCTCAACGGCAGGTCGGGCAAGAATTATTCGGGAGACTTGGCGCTGCTTCAAGGCAGCGAGAGCCATTGCAACTGCCAAAAAGGTTTTCCCCGTTCCAGCGACTCCTATCGCAAAGACCAAGTCGTGTTTTTTGACCGCCTCAACATATCTCAACTGTCCCAAAGTTTTAGGGACGATGCGTTTGCCCCTATCAGTGACGAACACTGCTTCTGCGAACAGGTCTTCAGCCTCTTGGATTTCGCCCTTACGGGCGAGGTTTAGTAAGTAGCGGACATCGGCAGGGGAAAGGGTGCCGCCACGCTCCACAACTGAGACCATTTGCTGCAAGACCTCCGCTGCCCATCTAACTTGAGGTTCAGGACCGAAAACCACAAGGCTTCCCTCTTTCGCGATAATGCGAGTGCCAAGTTCACGCTGCAGCAAACGCAGGTGTTCATCCCTCACACCCAATATGTGACGAAGATGGGTTGCGTTTGCCACAGGAACAGTTATGGACACATCTGATTGCCCGAATACACTCACAGGGCTTTTTTGTCACCTCCGTCGCTTCTTGGGCGACTTCGTCTCTTCTTCCAAGCCCATTAGCGCCCTCAGGTTTATCTCCAACTCAGGAAACAACTTCGGGCGAAAAGTTTCGTCAGGCAAAACCACTTGCGTCAACAAGTATCCCTCTGGCGTCCAACGATATTCTTCAATGACCTGCCTCTCCATGTCAACAACCCAATACCACTGAACTCCGTAAGCGTGATAGATGCGTTTCTTCTTGCCCACATCCCTTTGCATCGTTGTCGGTGAAAGGACTTCAACGACCAAATCGGGTGGACCGTAAACCTTGCCTTCTCTGATTCGTTCTAAGTTTTCGGTTGCGACGAAAACGATGTCGGGCGCATAAGCCAAATCTTTGGCTTCGTCAAGGATGACCAAAACATCGCCACTAACACGACCTAAACGACGGGAACGAACATACTGCTGCAGCAAAGCGCCGAGTGCGAAAATCAATTCATTGTGCTCCCAAGTTGGTCTTGTCACTTCCACCAACTCCCCAAACTCCAGTTCATACTTGACGGGCGATGAATCGTCCTCGGGAAGGGAAAGGAACTCAGCGAGGGATATTTTTCGCTTTGCCGAAATCTCGGTGATAGCCATCTTGGTCACTCCTTCATTTCCCCGCCTTCCAAAATTTGCCTGACCAAGTTGCTGACCTCTCGCCCATCTGCTCTCCCTCTCACCTTAGGCATCAAAGCGCTCATTACTTTGCCCATATCACGGACGGAGAGAGCACCCACTTCCCTAATCGTTTCGCGCACTAAAGCCTCCAACTCTTCGCGGGTGAGGGCTTTAGGAAGGTAACTTTCCAAAATCGCCAATTCCGCCTGCTTCCTCTCAACCAAATCCTGCCGACCGCCTTGTTGGAAGGCTTCTATAGCCTCGCGGCGTTTTCGCACCTCAGATTGGATGACGCCGAGAATTTCGTCGTCGGTCAGGCTGCGTTGTTTATCAATTTCTGCATTGTGGATAGCAGAACGAAGCAATCGCAACACTGAGACTTTCAAATCGTCCCTTGCTTTCATCGCTGCTTTATAATCGGCGTCTATTTGCTCCTTTAGGCTCATGGTGCAGCCCCCTTGCTAACTTGGGAAATCAGACCTCACTGTATTTTGACCCGTTACGATTATAGCACACCTTTCTCGCCAAACACCGTCAAACCTTCTCCACAACGACTTGCTACCCCCTATCAAAAGTGACCTTGTATCGGTCAAGGACACGGCGATCAAGCAGGAATTCGTTGCCAAAAGCGAGGACGCGAGCGGGTATAGTTTCATGAATGCCGATTATGGTCACTTGCCCAACGAAAGCAGCAACTTGATGCCCCTGACCGTCAGCAGTTTGCGCAAGGGACAACACATCCTCTCGCCCAAATAGGCTTTCGTAAATGTCAGGCACAATAAGCGCTCCTTCAAAACCTGTGTCAGCATAAGCCCAATCGTTTCGCTCAATGTGGCGGACACGCCAAGCGACCTCAAGATAAGGATAACGCTGGCTCACGACACGGGTCGGCAAGTGGCGAACAATGTCAGAGTAAAGCAAACC
NZ_CP130454.1_gap53	1610908	1615820	4912	CGGGGAATGGATTCGTGCAGCCGACCCAGATATAGGATACCTGCACCGCTCCTTTGAGAAACTTGCCGAACTGCGAACTTACCCGCAAGGGATTTTTCTGACTGACCGATGGGATTACCTTTCGGCGATGAACAACAACTGGGTCTATTGCATGGCTGTTGAGAAACTGTTGGGCATTCAAGTCCCTGAGAAAGCCGAGTGGATAAGGGTGATGATTTCGGAGTTTCAAAGAATTGCCAGCCATTTGGTCTTTCTCGGCACTTACGGTTTGGACATGGGAGCGTTGACGCCCTTCTTTTACTGTTTCCGTGAGCGGGAAAAAATCCTTGACTTGTTTGAAGAACTTTGCGGTGCTCGTCTGACTTACAACTACATCCGAATAGGTGGTGTCTCACGCGACATCCCGAAAGGTTGGCTTGACAAAGCAGAGGAGTTGCTTGATTACCTTGCCAAGCGTTTTGACGAACTGGATGACCTGCTCACTTACAACAAGATTTTCGTCGCCCGCACTGTCGGCATCGGGGTCATTCCGCCGGAGATGGCGATGGACTACGGCTTGACAGGACCAATGATTCGTGGCAGCGGAATCCCCTACGATGTCCGCAAAGTTCAACCTTACAGCATCTACGACCAAGTTGAATTTGATGTCGTCACCCATCCCGGTTGTGATTGCTGGGCTCGGGTTTGGGTTCGGTCGCAAGAGATGAGACAAAGTTTACGCATCATCAAGCAGTGCATTGACAAACTTCGGACTTTTCCTGAACCCGATTTTGATGCGCCTTACGACCCATCGCCGCAAGTCATGGCAAAAGTTCCGCCTAAGCCCAAGCCGAAGCCCAACGATGTCTATGTCTGCATTGAGTCGCCGCGTGGCGAGTTAGGAGTTTACATGGTCAGCGATGGGAGCGAAAAGCCTTACCGAATGAAAATTCGCGGTCCCGCTTTCGTCAACTTATCGGTTCTCCCAGCAGTTGCGCCGGGGCATAAGGTCGCAGATTTGGTCGCCATCGTCGGCAACATTGACATCGTTATGGGCGAAGTTGACCGTTAAATTGATGGCTCAAAGGAAGGGTGACCGAAAATGGTGACATCGGCGACGCAAACTTTGGAATATCGGATTGTCCGAAAAGTTTTGACGACGGAGCCGCCATTGGTTTTCACCGTTGAAATTCGCTACCATCCCGAAGACAACGGCTACTCGGCAGAATGCTTTGAGATGGAAGCATTCGCTTGGGGCGAAAGTTACGATGAGGCTGTGGAAAACCTTTTGGATGTGATGATTGGGTTTGCGGAAGTAATTGTGAAAGATGCTGAACTTTACCCACACCTACCCGAACCATTGCTGCATTATGGGCAATTCATTCTCGCTTTAGGCAGTGAAGAGAAACTTCGCAAGGTTTTGGGGTTGTGAGGGATGGCTTACACTTACGACCAATTTCGGCGGGTTTTAAGGAAGGTTGGGTTTCAACTGCTTCGTTCGGGAAAACACGAAATTTGGAGACGCATAGAACCTGATGGCACAAAACGACGAGTGCCTATCAGTCACCAACATGGCAAAGACATTCCTGATTGGCTTTTCGCTAAAATGCTGCGTCAGGCTGGACTGAGCCGAAAAGAGTTTGAACAGTTGCTGAAAGACCCATGAGTGGGGGTTGAAGGCGATGACGCTGACGGAAATTTGCCGAACAATCGTGCAATGGTTAGGAGTGCCGGCAGAGTATCAGGAATCAGCAACGCAAATCCTGCTGGCTATCGTTGACGCCATCATCATCTTCACATTCTTGATGGTCGCTGTTTTGGTCATCGTTTACGCCTTCCGCAAAGTCATTGGGTTCATTCAAGCGAGGCTCGGTCCCCGTTACACTGGACCTCGCGGGATTTTCCAAACGATTGCCGACGCCATCAAGTTACTGGGCAAGGAAGACATAATCCCTGCCGCTGCCGACAAGTTGGCTTTCAACCTTGCTCCGTTCATCGTCTTCTTGCCTGCGTTTCTCGTTTACCTTACCATCCCTTTCGGCGACCCGAAAAGCGGATGGCAAGTTCGTGATTTGAACATCGGCGTTCTTTACTTGGTCGCCATAACTTCCATCACCGTCATCGGAATAGTCACTGCAGGTTGGGCTTCAGGCAACAAATGGGCAGTTCTGGGAGCGATGAGGTCGGGTGCGCAATTGGTCTCTTACGAAGTCCCGATGACCTTAGTCGTGCTTGTCCCAGTTTTGATGGCGGGCTCGTTGAAATTGTCGGAAATCGTTGAAAACCAAGGCGAATGGTTTTGGCAGTGGCATGTTTTTCAAATGTTCCCTCTCGGGCTTGTCGCTTTTGTCCTTTACTTCATCTGTGCCCTCGCAGAGACTAACCAAACTCCTTTTGACCTGCCTGAAGCCGAAAGCGAATTGGTTGCAGGTTACCATGTGGAATACAGTGGCATGAAGTTTGCCCTCTTCTTTCTGGCTGAGTTTGGAAACACCGTTGCCATTTCGGCAATTGCAACTCATCTGTTTTTGGGCGGTTGGAAAGCACCACTCCCATTCTTGCCTGACACAGGCGTTTGGTCAGCCTTTTGGTTTTTCCTGAAAGTCTCAGTCATCGTGTTTTTGACCTTTTGGGTGCGAGGGACTTTGCCTCGGGTTCGCATTGACCAACTGATGGAGTTGGGTTGGAAAGTTTTGCTGCCTGCAGGGCTCTTGTGTGTGACACTTGTCGGGCTCATAATCTCGGTGCGACCTTAAGGAGGGGAAACTTATGCGCTTTGTAGTGCTACTTACGCCTGACGAAGACGGCGGATATGTTGCGGAATGCCCTGCCATTCCGGGTTGTATAAGCGAGGGAGATACTTTGGAACAAGCCCTTGAAAACATCAGGGATGCCATCACGGCATGTCTTGAAACGATGGTGGAACATGGATGGGAAATGCCGAAGGAAACGGATGTAATCGTGGCAACAGTTGAGGTTCCGTTGCCTGAAAAAGTGGCGGTGAAGTGAAGGTGCAGCGATTGCCCATTGTTGATTGGAAAGATGCCGTGAGGGTTTTTGAAAAGGTTGGCTGGAGACATGACAGGACGAAAGGAAGTCACTACATCATGATCAAGCCAGATAAGCCGGGGCTTTTATCTGTGCCGATGCACTCACCGCTAAAGCGAGGCACTTTGCGCAAACTTATCAACCAAGCAGGGTTGAGCGTAGATGAATTTCTGTGTTCGCTTCGTCATGACCCGTAGATGAAAGGTGGTGTGGCTTGTGGGAGAAGCAATTGCCTTTTGGGTTTTGGCAATCATCATCGTGCTGGGCGCGTTAGGCGTTGTGGCGCTGCGAAACCTATTTCACTGTGCCCTTTGTCTTGGTTTGGTCTTGTTAAGCGTCGCTGGTATCTTCATTCTGAACGGCGCCGAGTTTTTGGCTGGTGTGCAAATCCTCATCTATGTCGGCGCCACTTTAGTCATAATCCTGTTCGCCATCATGCTCAGCGAGAACATAACGGGCGAGCGGATTCAATTGGCAAGTTACAACCGCACCCTCGGACTCGTTTCCGCCTTGCTCTTTCTGGTGCTTGTTGTTTTCCTTGCCTTAACTGCTCAGTTCCCTGCACACACCAGCACAATCAAAGACCCTGTCATTGCCGTGCTTGAGAATGTCAAGACAAACACTGCTGCTTTCGGGACTTTACTGTTGACCAAGTTCATCGTGCCTTTTGAGTTTGCATCGGTGTTTTTGCTTGTCGCCCTCATCGGTGCAATTGTCATAGCGAGGACGGCTGAGTAGGAGGGATTGGAAGTGGAAGTGACCTTGAACCATTACTTGGTTTTGTCGGCGGTCCTATTTGCCATCGGCGTTTATGGCGTTTTAACCCGCCGAAACGCCATTGCTTTGCTGATGTGCATTGAGTTGATGCTCAACGCCGTCAACATCAACTTGGTGGCGATGAACCGATTTCTGCAACCTGATTGGCGAATCGTGACAGGACAAATTTTTGCAGGCTTCATCATCGTTTTGGCAGCAGCAGAAGCAGCCGTCGGTTTCGCTTTGGTCATAGCCATCTACCGAAACCTTGACCGCATCAATGTTGACGAGGTGAATATCTTGAAGGGGTAGCGGTGATTGAAAGTGGTTGCGATTGCGATGGAGCGAGCGAGAGAATTTCTGAGGGTTGCCGAGATTTCGCTGGAACAAGGTTTTTACAACGCATGTGCCAGCAACGCTTACTATGCCATGTTTTGGGCTGCCATTGCTTCCTTAGCCCATCAAGGCTTCAGGCAAACCGAATGGTCTCACGGTGGGCTAAGGGAAATTTTCAGCAGGGAACTCGTTGTCAAGCGACGAATTTACCCTGCAAAATTTGGTGAGTGGTTGAAGGATGCCTACACACTTAGGGTCAAGGCTGATTACAAGTTGGAGGGAGTTGGTTCAAAAGCCTCGGCACGATTGCTAAATCATGCGAAGGAGTTCATCTCAGCGATACAGGAGGTTGTCTCGCAATGATGAAGCGAAACCCAAAGGCTCGGTTTTCAAAGCAGCGGTTGAGGAAGTTAGTTGACGAACTGATTGGGTTGGCGAAAAGTTTGTGCCCTGAAGCAGAAGTTACCGAGATTAAAGTGCCCGGCTACGAGGAATTGGATGCGATGGTTGAAATCGTTGTGCCCGATAGCGACGAAGAAGCAGTCCATGAAACCCTTTCCCATCGGGCATACGAAATCTTCATGGATGAAGGCTACGATATTGGGGTCAGTGTCCTCAGCCGCTCCGATTACGAATCCCTGAAGGCAAAGGTTGAAAGGTTGGGTTTGAAGTGAACGAAAACGGAAAGGGCAAAGCAGTAACAAGCCGTTGCTATCGGCAAAAGGTTTTACCAAGTTGGAAGCAGCGTGAAACAACCACTTAAGCCGTCAGTGAGCGAAGGAGGGCAGTGAGG
NZ_CP130454.1_gap54	1632880	1634779	1899	GAGCCTGTCGGTGGGATGCCTGTTTATGCAGTCCCAGAGGAATTAGCGTGTGCTGGCTGAGGGTTGCCCGGAGGCGCTGGAAGCGCCTTCACCGACGAAAAAGGACGCTTCACCCTCAAAGACCTTCTCCCCGGCAAATACCGAGTTTTTGCTGTCGTCAACAACCTGATACGAACCAACATCGCAACCGTTGAAGTGAACGCAGATAAGCCCGCTTTCGTGGAACTGAAAGTTTTGCCCTTGACATCGCTCGTTCGTGGGCAAGTCGTCACGACTGAAGGGAATCCGATTGCGAACGCTGAAGTCACCTTTGTGATGGCAAAAGGCTGGAACACTGTGTTCAAAGTCCAAACAGACACAAACGGGAACTTTGAAATTCGCAACCTGCCTGCAGGGCTTTACTACATCATCGCTGAAGCGAAAGGGAGGGCAAAAATTTTCGCAGGCAAGTTTGAGTTTGAACCCGAAAAGGTGCACGATGGAATCCGCATAACGCTCCCGAAAGCAGCCACAATCGTTGGGAAAGTGGTGACCCCGAAAGGGAAACAAGTGCCAGCATACGCAATTGTGAGGACAACCGAACCGAACGCAGATTTGTATTTGCCCGCAGAAGGCGGAGTAACGAACGCCTTTGCAAGGGTCGGTGCCGATGGCACTTACCGATTGATCAACCTTGCTCCTGGCACTTACACTTTGCGGCTTGTAGTTGAAGGTGAAGTGGTTGACAAAGTTACTGTCACGGTCAAAGAAGGCGAAACCGTTACCACTCCACCTTTGCGTCTCAAGTAACTGGGTTCTTTGGATGGCACACCTTTTCGTATCAAATTGCTGTTCACCATTCGCTACTCACTATTCGCCACCTCGCTGCTGTTTTTGGCTCGGCAGGAACCTCGCCCTCCCAACCTCACACATTACACATTACGCATTACGCATTACGAATTACGAATTACGCATTACGCTCCTCACTGCCCAAACCTTTGCCTGTAAAGCCAAACGGTTTCTTCAATCAATCGCTCAGCAGGCAAGTTTTCTGGCGGGTTGCCATCCCAAAGCAAGTTAGCGACTTTGGATGCCAACTCTCTCGCTATTTGCTCCCGCAAATCTTGAGGGAGTTGTGGCGCTCTAAGCAGGAAGTAACGAAGCGCCAAGACTTGCTCCTTGCTCAGCCGACTGATGTTTGTGACAGCCAAAGGTGTCAAGACTTGCAAATCCATCGGTGGTAATTCCTCTTCAGGCAAAGGTGGAGGCGCTGTTCGCCCTTCACGGATGACCAAAGTTCCAGCAGCGTAATCGCCCAGCCGACGAAATTGAGCGCTCAAAAGCATGACCGTAAAACCGATCCCGCAAGTGCAAGGCATGTAGTCAACGAACCGAAGGGCATTGCGAATGAGTGCTGCTGCCAAATCGGGAACCGTTCCGTCGTTCCTAATCACGCGCAAGTTCATCAGTTTCTTGCCCAGTGTCTGACCACCATAAAGCCCTTCAAGCAAACTGTGGTAAGCGACGATAACCAAAGGCAGGGCGAAACCGTAAAGGAGGAGAAACCGCAAGGGGGCGTTAAGAGAACTCAGACCAGCAATCCTGCCAACTGGACCTGCTCCTGACAACGCTGTCAAGGCTATGGCAATTGGCACCGTTATCGCCGCTGTGATCAAAGTGTCAATAATCAGAGCCACCCCACGCTCCAACGGGTTGGCTAACTCCAATTCCAAAGGCACATTTTCGGGCGTGATGATTGTCCAAACTCGTGGCATCGCCTTTCACCTTTCCAAATTTTGCCAACTGAAGCCAGCGTTCCGCCTCACCCTCCCGATTCATCCACCGATTGAAGTCAGTGGCTACAAAAATGAAGCCTGCTGAAGCAGGCTAACACGAAAAGGTTGCGAGTTGCGTGTTGAG
NZ_CP130454.1_gap55	1658370	1662818	4448	AAATGCATCAACCGAGAAAAAGAACAATCTCAGAAACACGATCGTGGCAAGTATCGCAAGGGGCACATAATCGGTCGGTGTTTTCAGTGCGAGAAAAATCAGGGCGGAAATTGACACAGAAACGGCGATTGCGGCGCAGAAAACAAAAACCTTCCACAATTTCTTTAGCGACCACTGTTCTGCTTTCCACTTCACCCTTTCTGCGATTTGCCTCAATTTGGTGGTCAACTTAGTCCATTCAATCTTGCCCATTCCCGTCAAACACCTGTCCGTTGCATGTTGAGTTGCGTCCAGTTACATTTTGCGATTGTCGGGTAAATAAAGCCAGACAAAAGCCCGTTGGAAAGGGCTGGCACGAAATTGCTCCAGTCCAAACTGTGCCAAACTTTGGAGAGTGTGCTCAAAGGCTTCCCAGCACAGGGAAGTAGGTTGTTGGGCTTTTCAACACGCGCTTAATGGTGGTGAGGGAAGATGGTTTGGTTGAGTTGGGTTTTCGCTGCTTTCGCCCTTGAACCGCAAGGGGTCATCATGACTGTGCGAGGTCCAATCGCGCCATCAGAGTTCGGGATGGCTTTGGTTCACGAACATGTCATGTGTGACTTTATCGGTGCGGATAAAACTGGTCGGCACAGATATGACCCAAAGGAAGTCATTGCAACGATGTTGCCCTATCTGCGTTCCGTGAAAGAGCGCGGGTTTTCTGGTTTCGTTGACGCAACTCCTGCATATATCGGTCGCGACCCGTTAGTGCTGAAGCGACTTTCCGAATTGACTGGCTTGCACATTTTGACCAACACAGGCTACTACGGTGCTGCTGGCGACAAATTTCTGCCACCTCACGCCTTCACCGAAACTGCCGACCAACTCGCCGAGAGATGGGTCGCTGAATGGCGCAATGGGATTGAGGGAACTGGAGTTAAGCCGGGCTTCATAAAAATCGGCGTTGACCCAGGACCGCTCAGCGAAATTGACCGAAAGTTAATCGCGGCAGCAGCGAAAACTCACTTGCAAACAGGGTTGACAATCGCTTGCCACACAGGTGAAGCAAAAGCAGCCCTTGAGGTCTTGGAAGTGGTCAAAAGCGAAGGAGTTGACCCATCGGCGCTCATCATCGTCCACGCAGATAGCATCCCAGACCAGAGCGTCCACGAGAAGTTAGCCAAAGAAGGTGCTTGGGTTGAATACGATGCCGTTGGCGCAAAACCTGTCAGCGAACATGTGAGGCTCGTTTTGGAGATGGTGCGAAAGGGATTTGCCGACAAGTTGCTGCTTTCCCACGATGCAGGTTGGTATTGGGTCGGTGAGCCTAACGGCGGGAAAGAGAAAATCCGACCCTACACGGCTTTGTCTGACGAGTTAATCCCTGCACTCAAAAATGCGGGGCTGAGTGAAGCGACTTTGAAAAAGTTGCTCGTTGAAAACCCAAAAGAAGCGTTTACTGTCCGCATCAGGAAAAGGTGAAGCGACATGGGAGCAGCGATGCGAAAAGTTGAGGGCTGGGGCTGGGTAGGTGTCGGCACAACTGAAAAAGGTGTCGCTCGCATCGTGTTGCCAAAAAGTTCCAAAAAGGATGTGGAAAAAGCGCTGCAAGATTTTCGCAACGAGGTCAACCAAAGCCTCGCCGAAATTTGTCTGCAAGCGATTTCTCGTTACTTGAACGGTGAACCTGCCGCTCTTGAGCAAATTCCCATTGATTGGGACTTCGTTCCACCAATTCACCGAAGCATACTTTTGACCCTTCGCCAAACCGTTCCTTTGGGGCAAACAATCACTTACGGCGAACTCGCCAGACGCTGCGGGATGCCGAAAGCAGCGAGATTGGTCGGGCAAGCAATGGCTAAAAACCCTGTCCCAATCCTCGTGCCTTGCCACAGGGTCATCCGTTCCGATGGCTCTTTAGGTGGCTTCAGCGGCGGGACAACCTTGAAGAAGAAACTGTTGGAGTTGGAACAACGAATTTCGTCCACTGAAGTTGGCGTCAGCAAGACAAAGCCTTCTAAAGCACGATGACAACGCTTAACCTTGAACCGCAACCTAAGAACCGCAACCTAATCAGCAAGATTTAGCCTGCTTTGGTTTCGCAGCCTCTCACCTCAGGTGGGCGGTTGAAGCCGTTTACCGCCTGCTACTATCTACTCGCCATTCGCTGTCCCCCAATTTACCGATGGGTTTTTTGCCGGGGCGTTAAGGCGGAGGTTAACTCTTACCAGCGGCTATGGTTCACCCAAAAGTCGTAACCCGTAAGTTTTAAGCCGTTCCTAAACAAAGTTTAAGTCGGCTGCTATCCCTGATTTTAGCCTGATGACCTATAGCCCTTCCCTCTCTTTCCTCGCCAAACTTTTTGACACGATGCTTTGGGGGATTGGGCGAAAATCATGGACAAAATGGGACGAGGGGCTGCAAAATTTCTCAACCCGAAAACCCCAAGGGCAGCGCATTTGCTTTAAATTCCACACATTGTTGACACAAAATTTTAGTTGTTTAGATTTCAGTGCGATTGGGTTGGGTTAAACCAAAGGGTGAAAGCCGGGTTAATACCCCAGACGAGGTGATTCCAATGGAGTGGCGTGACGAAACGGTGGGAATTATCGGGCTCGGATATGTCGGGTTGCCTTTGGCTATCGCTTTTGCTGAAAGCGGTGCAACAGTGGTTGGCGTTGATGTTTCGCAAGAAAGGGTTCAAAGCCTCAAGCAAGGTTGTTCCTACTTGACCGATGTCTCCGACGAAGAAATTGCGTCCGTTCTCGGGAGATTTCACCCGACGACCGATTACTCAGCCTTAAGGGAGTGCGATGCGGTCATTATCTGTGTCCCGACCCCTCTTGCCAAAACTGGCGAACCTGACATTTCCTATATCCTCTCAGCCGCCGAAGATTTCCGCCCCTACCTCCGTCGCGGGATGTTGGTTGTTCTGGAAAGCACAACCTATCCTGGAACGACGGAAGAACTCCTCAAACCCATGCTTGAGGAAACGGGTCTGAAAGCGGGCGTTGATTTCAACTTAGCCTTCTCCCCCGAACGAATTGACCCATCAAACAAGCAATGGACGCTGAAGAACACCCCAAAAATCGTCGGTGGTTTGACTCCAGAATGCACAATGAGGGCGAAGGCGTTGTATGAGCGGGTAGTTGATGATGTCTATCCGGTCTCATCGCCCAAAGTAGCCGAGATGACCAAGTTGCTGGAAAACACTTTCAGGGCTGTCAACATCGCCCTCGTGAACGAGTTTGCAATTCTCTGTCGCAGGATGGGCATCAGCGTTTGGGAAGTCATTGACGCTGCTTCCACCAAACCTTTCGGCTTCATGAGGTTTGAGCCTGGTCCTGGCATTGGCGGTCACTGTATCCCCATTGACCCTCTCTATCTCGCTTGGAAGGCTCGCGAGTTCAACCACGAAGCGAGGTTCATCAGAATCGCCGATGCCATCAACAGACAAATGCCCGAATATGTCGTCAGCCTAATCTCCGATGCCCTCAACGATCACGGCAAACCGCTTCGCGGCTCAAGGATTTTGCTTTTAGGCATCGCTTACAAGCCAGAAGTCAACGATTACAGAGAGTCACCCGGGCTCGCCCTGATTGAATTGCTGCAAAGGAAAGGAAGTCATGTTTGCTACCACGACCCATATGTGCTGGAAGTGCACCATAATGGTTGGGTGATGAAGTCAGTTGAGTTAACCGAGGACGAACTTGCCAAAAGCGATTGCGTTGTGATTGTCACGGCGCACAAGTGTTATGACTGGGGATGGGTTGTAGCCCATTCACCTTTGGTCGTTGACACGAGGGGCGTCACGCGGAAGATGAACGCCCACAATGTCGTGCGGCTTTAAGGAGGCGAAAGGAACATGAGGTCAAAATGGTTTGCAGTGTTGACTTTAGTCGCATTGGTTGCATCCGCAATTTCCGCTCAAACCTCTGTCTCCCAAACTGAACCTTACAGGCTCAACCCGGGTGACCAAATCCAAATCCTCGTTGAAGACGAACCTGACCTTTCAGGCGAGGTGACCGTCGGACCCGATGGTTTCATCCGACTTAGGTTGATCGGTTCAATTCAAGCGGCAGGTCTTACTGTTGACGAGTTGGCTGCTCAAATTGAAAAGGCTCTCCGCCAATACCTTCGGGAGCCGAAAGTCATTGTCAACCTGAAGCAATTTACCCCACTGGCGCGAAGGGTTTATGTCATGGGCGCGGTCAAAGCACCCGGCGCTTATCCATTGCCTTTGGCTGGACCGACAACAGTCTTTGATGCCATCATGCTTGCGGGAGGTTTTTCCGACAACGCCGACTGGGAACGGGTGCGTGTTTTCAGAAGGGACGGGCAAATGCTCACCGTCAACCTCAAGAACCTTCAAGTAGGCGAGTTGACCGGCGGCGGGATTGTCCAGCCCGGCGATGTCATCTGGGTTCCACCGGCATATATCACCGTCAACATTGTCGGAGCCGTCCAAA
NZ_CP130454.1_gap56	1677226	1680161	2935	CATGTTGTCACTTGTCCAAAATGTCTCCATGAATCAGAACCAAGAGGTAGTATTTACCATGTTAAGTCGGAACTGATGATTGAATGGAACTTGTCATTTCCTGCTATATCTAAACGGTTGGAAAAGCAAGGATTTTATGCAATTATAAGGCAACCAAAAGTATTTTTATTAAGTGTGTCGGATGCGATAGTAAACTATTTTAAACCAAAATCTTTATCAAAGAAATTTAAATTTTTTGAACCATTATGGTTTATTATAGACATAACGCTCAAATTATTTGGTTTACTGGTAATTTTATTTATTCCCCGTAAGTTTCCATCATTTCTAAAGATTATAGCATGGTTTATATTGGGAACTTTATTACTTTCTGTTACTATATCAGGAGGTATAGCTCCAGATCCTTGGCGATATTGTTTTCCTATGAGCTCATTAACAGCTTTTCTTTCCATCTCAGTAATATGGCAAATTTGGCAAGAATTAAGTTTAAAACATAAAAGTAGATAAGTTAATAAGAAGTAGTAAAATAAAAGACGACAGCAAGGTTCGGCTATAGCGTTGATGAACTGCTTGCCTTCTTGGAGCAACAAGGCTACCAAATCCGAAGCGTGCCTAACGAGGAAAATGTTATCGCTGAACCAACAAGACGGCGGTGACTGGCGAATGGCGATTGGCGAATGGTCTGTAGGAGTGGCGTCAGCCACGAATAAAAGGTCGCCTCTAACGGGGCTCCTACAAAACGGCAGGGATTGGCGAATAGTGAATGGCAAAACGGCGGCGATTGGTAAATAGCGAATGGCAATTGGTGAGATGGTAGCATAATGATGGCAACAAAATTCCCTATTCACCACTCGCTATTGGCTATTCGCTGCCGTTTCCCAATCGCCATCCACCAGTCGCTGCCGTAATGTAGGAAGGGCATCAGCCCCGAACTGTAGGAAGAAGGCAAAAACCATTACGCTTCACACATCATGAACCTAAACTTTGCTTTGGTGATTTGAGATGAAGACCTACCTTTTTCGGGTCGTGATAGAGCCAGACGACGGAAAGTGGAGGGCTTACTGCCCCGCATTAGAGGAGAAAGGTGCTGCAACTTGGGGCAACACTTTTGAAGAAGCCCTCAAAAACATTCAGGAAGTTGTCCAAATGGTCGTTGAGGAGATGCTCAGAGAAGGTGAACCTATTCCCGAAGAACCTTCAGGAGATGTCAAGGTGTTTCCAGAAGTTCATGTAGCAGTAGCAGGGTTAGGATAACTATGCGGTTGCGGGGTTTATCTCGGTTGCGGAAATTGTGGCGGCTGTTGAGGCGTTCCATTGTCCCTCAACGAGGGGCGATTATCCTTTGCTACCATCGGATCGCAGATTTACCTCAATCGCCACGACGACTTTGGGTCAGCCCGCAAAGGTTTGCCGAGCAATTGGAAGTGCTGACGAGAAATTTCGTGCCCTTAAGCCTTGCCGAACTCGCTGAGCGATTGCAAGAAGGGAAAGTGCCTGATAAGGCAGTTGTCATCACCTTTGACGACGGTTATGCTGATAACTTTTGGAACGCCCGACCGCTTCTGGAACGCTTTGGTGTGCCTGCGACAGTTTTCGTGACGACTGGATTGGTCAGCACTAATCGCGAGTTTTACTGGGACGAATTGGAGCGACTGATTTTGGGAGAAACGGTGAAAGGGAGAAACGGTGAAACGGAGAAAGGGCGATCGGGCAATCTCATTGGGCAAGAGTTGAGGCTTGAGATAAAGGGGCGAACGAGGCAGTGGAAGTTAAGAAGCAATGAGGAACGGTTGAGAGCGTATCATGAAATCTGTGACCTGTTGCAGCCCTTGTCGCCCGAGCAGCGGAAGGCAATTCTGACACAAATACGGCTTTGGTTTGGCGTGTCAGAAAACGGTCGCCCTGACCGTCGCCTTATGACTGTTGAGGAACTTGTGGCAATCAGCCGTGATGGCTTGGTAGACATCGGAGCACATACAGTCAATCATCCCGACTTGACAGCAATTCCGCCAGAGCAGCAAAGGTGGGAAATTGAGACAAGTAAGCGTCAATTGGAAGAATGGTTAGGACGACCAGTCCGTTGGTTCGCCTATCCTTACGGGAGTGGCAACTTCGTTACGAGGCAATTAGTGAAAGAGGCAGGATTTGAAGTTGCTTGTTCCATGTCCTTGGGCTTCGTGACCAACCGTTCCGACCCCCTCTGGCTTCCCCGCATCTTCGTTGAGAATTGGGAAGGGGATGAGTTAGTGAGACGGCTTGGACAGGTTTAGTGAAACGGGGAAACGGTGACGCGGAGAAACGGTGAAGTGGCGAATCGGAGAGCAAATGGAGAAGAAAGCGACAATTCGTTCATATAGGGAATTGGATGTCTACCAAATGGCAATGAGTGGAGCGATGCGAATATTTGAACTGACGAAAAGATTTCCTGTGGAGGAACGCTTCTCCTTGGTGGATCAGATAAGACGCTCATCGCGTTCTGTTTGCGCAAATATTGCGGAGGCTTGGCGGAAACGACGCTATAAAGCAGCATTTGTGAGCAAACTGAGCGATGCGGAAACAGAGGCGGCTGAGACACAGGTATGGTTGGAATTTGCTTTTCGTTGCGGTTATTTGGACGAACAAACATTTTCGGAAATTAACCAGCATTACGACCAAATTATCGGCAAGTTGGTGCGCATGATTGATAACCCTCTCCCATGGCTAATCGCACCAACCAGTGAGAAGAAGTTGAAACGATGATCGGGTAAGTCAATGCCCTGTAGAGCAGAAAAATCACCGTGTCTCCGTTTCTCCGCGTCTCCGTTTCACAAGCAAGGGGGAGAGGCAATGAACCTACTTGTTTGCGCCTCACATTTGTTCCCGAACTACAAAAACCCAAACGCTGGTTCGTTTGTGGTGGAGCAGTTGAGGCATTTACAGCGATACTGTGAAATCACAG
NZ_CP130454.1_gap57	1796434	1798724	2290	CAAGACAATTTGGGTGGGTGACTTTTGCTCAACCCTGTAGCCCATTCCCCTAACCTCAAGCACTTTCTCAAACCCCTTCGTTACTCCTTCAACCATGTTGGCGATCAAGGAACGATAGAGACCGTGAAGGGCACGAAATTGGCGATGGTCGTTAGGGCGTTCAACAATGACCTGCCCGTTTTCAATTTTCACGATCATTTGCGGGTGGATGGGCTGACGCAATTCGCCCTTCGGTCCTTTGACGACCACCGTGTGGTCTTCAAGGCTGACAGTGACACCTTCTGGAATTGGAATTGGTTTCCTTCCTATCCGCGACATACTGGCTCGCCCTCCGTTACTTGAACTGAAAAGGTTGCCTACCAGACATATGCCAGAATTTCCCCGCCTATGCCTCTTCGGCGGGCTTCACTATCACTCATTACGCCCTGGCTGGTTGAAAGGATGGCAATTCCCAAACCCGCCATAACTCGCGGGATTTGGTGCTTGCGAGCATAAAGGTGGCGTCCGGGTTTGCTTATCCTTTTAATGCCAGTTATCGCTGGTCTTGGCGGACGACCTTCAAGGTAACGCAACTTGATGACCAAAATCCCTTGCTTCAGGACACCACGCTTCTTGGGGTGCTCTATGAGCCTATCGTCAAATAAACGCTTGATCGTGCGCAAAGCCCTTTCAACATCCCGAGTTAGATTGAAACCCCGCTTCCTCAAAGCGTCAACCAAGTCAAAATCCCGGCTTTTGAGGAAGGCGGGGAAGATCGCTTTCTTCTCTAACGCTTGATCTAAAACTTGCAATCCCTTCGCAAGTTCTTGTTCGGTGATGACCCGATAATCGTTGATGTATCCTTCCCGCTTCAGGACATCGGCGACAGCGACTTTGAATTTGGACGAAGGCATCCAGACCTCTTCGTGTCCAGCCTGATAGGCGTTTCGGATTCGGGTTAACATGTCACCAATTGGGTCGTTAACCACTGGCATTTTCCTTATCCCCCCTAAGGTGTCGCTTCTTTCTGTCTTTCACCAACTTGCTTTGCGGACGCCGGCAATTAACCCTCTGCTTGCCAATTCCCTGAAGCAAATTCTGCACAAGCCAAACCTGCGAATATATGCTCGCCCGCGTCCGCATCGGTGGCATCTGTTCTTTTTGCGGACCTTGAATTTTGGTTCTTTCATAAAGGCTTTGACAATGTGGCATTTCCTCGGCATCCTTCCGACCTCCTTAACCTACTGACTTTCGTCTCGGAGAGGGAAACCAAGTTCCTTCAGCAAAGCCGCAGCCTCTTCATCTGTTTCCGCCGTTGTGACGATCGTGATGTTCATTCCCCTAACCTTGTAGATGTCATCGTAGGTGAGTTCAGGGAAGATCAGTTGTTCGGGTATGCCTAAGTTGTAGTTTCCATGACCGTCAAAAGCGTCAGGCGACAGACCTTTGAAGTCACGGATGCGAGGAAGGGCTGCATTGATCAACCTGTCCAGAAAGTCCCACATCCTGTCGCGGCGCAAGGTCACCGTGACAGCGATGGGTTGACCTTTCCTCAACCTAAACCCGGCAATTGCTCGCTTTGCCCGTTTCACGACGGGTCTTTGACCGGTGATGAGAGAAAGTTCCTTAATTGCCGAGTCAATTGCACGGGCATCTTCCTTCCCTTCACCGACACCCACATTGATGACCACTTTCGTGATCCTCGGGACTTGCATGACATTCTTGTAACCGAACCTCTCCATCAATTTGGGCACTACTTCTTTCAGGTAGCGTTCTTTCAAACGCGGCACATACTTTTGACCTTCCCCCGCTGGTGCAGCCTGGGTAACTGTTTTGGTTTCTGCCTGCTTGCGTGCCATAACTGTTCACCCCATCACAGTTTGGTCAGATGGTGTCAACAATTTCGCCACAACGCTTGCAAGCCCTCACTTTCCGTCCATCCTCAAGGAACTTCATCTTAATTCTCGTCGGCTTGTCACAGTGAGGGCAAACAAGCATGACTTTGGAACGAGGAATGGGTGCTGGTTTCTGAATTCGCCCACCTTGCATCAACCGTCCCATCGGACGCTGGTGCTTCCAAACGAGATAGATGCCCTCAACGATGACCTTGTTCTCTTTCGGCAAAACTTTGATCACCTTGCCCCTCTTTCCTCGCCACAAGGCGCTCCCTGAGATGACTTGAACGATGTCGCCCCTTTTGATGTTCATCTTCCACCGAGTTTGCTCTTTCGCTTTCCTTGCCATCTCAGACTACCTCCGGAGCCAACGACAGGATTTTGAGGAATTGGGCTCGCAGTTCGCGAGCCACCGG
NZ_CP130454.1_gap58	1841343	1844065	2722	GTGCTTCCAAGCCTTCAGTAGTTATAGTTCGCCCATCACGACCGAAACCGAGAAACATTTTTGGGCGGCACATGGCTGTTTGGTTGATGATAGAACGACCATTGATGGATGGTGCCGTTGTGGTTTTGGAAGACGCAACTGTCAGAATTCGCCACTTGCCCGTCAAGCAAACCAAACAATCGGAGAGACAGAAAAAGGTCGGGCAGCAAAATTCTAAAGTCGGCGCTCAGTGAAATCGTCATCAACTACGGGTTAAAACCCGTAGCATGGGATTTGGTGATTACGGAGGTGAGCGAGATGGTGGCGTGGTTGATTTTGGCGGCTATTGAGGTCGCTTCAGTTCAGCCAGTAACTTTGTCAAGCAAGTGGCTGAGCGTCACCGTTGACCCCAATGGCTCCTTCACCGTTGTTGACAAACGGGCGAAAGTCACTTGGCGAAGCACTCAACACATCACTCCCTTCCGAAATTTGCAGAGACTCGCCGACGGCAAAGTCTCCTTCCAAACTGAAGCGCGGCAGCGTGACGGAAAAACTTTCCCCGTGACAGTCACGATGTGGCTTGAGAACGATGAACTCGTTGTGGAGGCGTCTGTCAACGACCCGAAAATTCAGGTCGGGACATTTTCCTTCCTGCCACCACTTCCGCCAATTAGCCCGAAGAGCGAGTTGCTCATCCCCTTTTACGGCAACGGCATAGCGGTGCCTGTTGACGGGAAAGAGTTTCGCGGTCGGTCTTTCACTGCGTATGGCTTGCTTGACATGCCTTGGGTCGGCGTCACTGATGGCGAGGTCGGCTACCTGCTGTTGTGGGACGGTAGAAGTGCCGATGACGGGAACTTGTTCGTTGACCCTGTGAAAACGGAGCAAGGCGAGTTGCTGACGCCTGTCGCCTATCATGACCCGACCATGCGCACTTTTGGTTACCCGCGCCGAGTTCGTTACATCTTTGTCTCCGAAGGCGGTCATGTCGCAATTTGCAAGCGCTACCGCGACTACGCTAAGCGCAACGGTTTCCTTGTCACGCTGCTTGAGAAAGCGAAGCAAAAGCCTGCGGTCAAGTTGTTGGCTGGCGCTCCCAATGTTTGGGGCGGTAACCCACAATTTGCCCGTGAGGCGAAATCTTTGGGCATTGACCGAATGCTCATAAACGGGGTTTGGTCGGCGAAGGAGATGGAAGCCATAAAAGCACTCGGTTACCTCAACAGCCGTTACGACAACTACGAAGACCTTTACACTTGCTGTCCCAATCACTTCCCACCTTTCAACATCGGCACCATTGAAGATTGCGTTTTGAGGGCGGATGGCAACCGACAAGTCGGCTGGGTGACTTGGGACAAAAAGCACACCGCACACAAGCGTTGCTCGCTGTTGCAACTTGAAGTCGCCAGAAAATTCATCACCGAGCGACTCAAAAACCACCCACACAACGCTTGGTTTTTGGATGTGACGACGGCGACGGGTTTGCTTGAATGTTACGACACAAAGCACATGCACAACCGAACCGAAGACAGGGAAGCAAAGCGTAGGTTGGCGAAATTTGTCGGCGATGAACTTGGCTTGGTGCTTGGTGGCGAACACGGTCGGTGGTGGGGCGTTGACATTTACGACTACTGGGAAGGCATGATGAGCCACAGCCAATTCGTCACATGGCCAGCAGGTCATTTGCGACCACCGGAGAAGCGCGAAAAGATTGGCGAGCGTTACCTTGAATGGGGTTTAGGACACCGCCGTCGTGTTCCCCTTTGGGAATTGGTCTTCCACGATTGCGTCGTCAGTTACTGGTATTGGGGCGACAGCACCGATTTCCTTCATCGCGTTGCGCCCGATTTGACCGACAAAAAAGATGCCTTCAACATCCTTTACGGCACGCCGCCAATGTTTTGGGTCAACCACTTGGGCTTCACATGGAGCGATTTGAATTTGCGGAAACGGTTGCTTCAAAGTTACCGAGTTGTCTGCAAACTGCACGAGCAAATTGCCTTTGACGAGATGCTTTCTCATGAGTGGCTAACTCCAGACCGAGATGTCCAACGGACAGTTTTCGGTCGCTCAGGCTCTAAAGCCGAGACAACTGAAGTGATTGTCAACTTCGGCGAAAAGCCCTTCACGATAACCCGCAACGGTCAAAAGTTCGTTTTGCCCCAATATGGCTTTTACGCTCACGGACCGAAAATCACCCAATATCGCGCCCTTGTAGGAGACCGAACCGTCACTTTCGTCCGGACGCCTGATTACGCTTTCTGCGATGCCGGTGGCAAGCGTCACGATTTCGGCGTTGTCGTCACCGACGGCGAAGTGACGATGAGGCTTGAATCGCCAGAGCAAATTCGCATCCTGATAGGTGAAGAGACCAAAGAGGTCTTGCTGCACCCGCTTCAATTCGCACCCAAGTTCAACGCAAAAACCACACGGCTCGTTTGGCTCGCTGACGACGAAACTCCACAAGCAATTGAGGTTGTGAAGGAAAGCGTCGTGAGGCTGACCATTGGGAAATGGCGAAAAGCCTTGCTTGTTTGGGGCAAAACTGCCAGTAAACCGAACTTCGCCATCACAAAAGTTTCGCTGACGCCGAAGGAACCGAAGCAAGGTCAGCAGTTGAAGGCTGTCGTCACTTTGCTCAACAATGGCTTAGTGAGCGGGAGCGCAAACTTGGCACTTTACCTTGACACCGTTTCGCCGCAAACCCTGCTGGCTAAGCAAACTGTCACCGTTGCAGCAGGTC
NZ_CP130454.1_gap59	1947009	1949285	2276	CCTTGCAGACTGAGGAAATCCCGCGCCTAAGGGTCGGCATCGGTTCGCCACCTGAGGGCGTTGATATGGTCACCTTCGTCCTTTCACCTTTTGAGGACGACGAAGAGCCAATCATTGGTGAGGCAGTGGAGAGGGCTGCTGACGCCGCAATTGTTTGGGCAACGGAAGGGATAAACGCAGCGATGCAGAAGTTCAACAAGTGAGCGCTTCTTCCTTTCCCTTGCCAACTACCCTTTGGGCAAACTCGTAGTCTTCGGGTTCGTCAATGTCAAAGGCGAGTTCGGGCAGTTCGGCGATTATCGCTTTGCACTTGCATCCAAGCAACTCCTCGCCACGCTTCACGATTTCGTCAACCGAGACAAGGAAGAGTTGACCGACCAAAGGCAGATGGCTCAAAACCCACTTGAGCAGGATTTTCCAACCCGCCATCTTACCCAACTGCCAACGGGATTTGCGGTATTGGATTGCTCGGTCAGCGAAAGTCACGATATTGGACAATGCTCTCGCACGGAGCAAAAGCAGGTTTCCGCCTGTCAAAACCCCTTCCTTCAATCTGGCGCAAGTCCTACGAACTTTCTCCGACCCGAAGATTCGTTGAAACGAAGCCATAGGAACTGCCAAGTAAACGAGGTCTGCTTCACTTGCAATCGCAGCGTCCAGAAACTCTCGCAAACTTTGTTCCGTGACGAAGGGCATATCAGCGGCGCAAAGTAAAAGGTAGTCGTCGGGTTGAGGTTGAAGGGCGTTTATGCCGAGTTTGGTGTTAGCCCACAAATCGGAAGACGCTTCAACTTTTATGAGCGATTCAGGCAAGACTTCCAAAACGGCATTAGGTCCGACGACCGCAATCTGCTTCACTTGTTGAAGGCTTAACAGGGCATTGACGATGCGCAAGACAATGGGCTTCCCGTTGAGGGTTAAAAGGGCTTTGGGCATGTTAGCCCAAGTTGCCACTCCACCAGCCAACACGACAGCCTTCACACTTTGCGATACCATCCCTCTCGCCACTCCTTTTCCCCAACCTCGCTTCCTTCTTCAGGTTGACCAGAAGTTTGCTCATCCAGCGTCTCAAAACTCTTCGCCATTCTGTTCCACTGAGTTCGCTTTCTTTGCCGACCTTGCAGGAACTCAAATGCCGACCATTGTCGCCAAAGGGCGTAGCAAAGCATCACCGCAAAGCCAGTTTCAGCGATCCGTTCCATGAAAATTGCTCCCGGCAATGGAGCGATTTGGTTGCCGAGCCTAAGGATTTCCCTGAGCGCCAACAGAACGACCCCGAAGACAATGAACTGCCACGCCCGACCCAATTCGCCAGCACGCAATAAGGCATGCAGGCGCACACCATACCAAAGCGCCAGCAAAATCAGAACCAGCAAAAGCAGGTCAACGATTGTCACAAGGTTCATTCAGCAATTCACCGCCGTGTTGACAGCGATGTCTCTCTTCCAGACCCAAAGCCCGTAGCGCAGCCCGATCGTATCTGCCTGTTCTGGCAATTGCGACCTAACCCCGTCCAGCCACTCGGCAATGAAAGGTGCGCCGACAAGATGACCCAAAGTTGCGTGAGCGACACCGACAAGCGTCCTCGCAAACAAAGCAAGGTCACCGAGAGTTTGCCACCAACGATGTCGGCTGACCAAGTTCAAATCCTGAAATTGCAACGGGATGTTCTGGCGCTTAAGCCAATCGTTGAGCCAGTTGACGAAAACTTGACAGAACTGCCGCCCCATAAGCCTTTCCATCTCAGCCAGAAGTTGGTGGACGAAAGAGCGAACTGCCCGCCAAAGCATCGCTTCCTCTTCACGAACCAGTCGCTCCAACGGTATGGGTTTGTTGCATTGCGATAGCGATGAGAGGGAAGAGAAGCCGAAAAGTTTGGGCAACTGGAATTGGGCAGCCTTGACTAACTCTGGGTCAAGGGCTTTCCCAGCAAAACTTTGCAGCCGTTCAATGGCTTGGGATGGGCTTAAAGGTGGGCGATACCACCTCGGCGTTAGCGAAGCGCTGATTACCTCTGCAACGGCGACAATTCTGCCCCAAAGTGGTGTCTCTTCGCCTCTCTTCCCGAAGGGGTAACCTTTCCCGTCAAACCGTTCGTGGTGATGGCGTATGGCTTCCACTATCTCTGGAGAAAGGTGCATTGCAAGTGTGATTCTCGCGCCCGCCGAAGGATGGCGCTGGACTTGCGAATACTCTTCTTCGGTCAAAGGTTTCGGCTTTTGAAGTAACGATGCAGGCAGGGTGAGTTTGCCCACATCGTGAAGGAAACCGGCGAC
NZ_CP130454.1_gap60	1977761	1978427	666	AAGGTTGATGTTCGTGAACCTGTCAATGGGCTTTCGGCATGACACAACAGCGACAGCAGCGGAAGCGGTCATCCGGTTGGGTTGGCGCTCAAAACCCCGCTTCCTGACGACAGTGACTGAAGACACCGATTTGCTTGTCCCCGAAATCCTTCAACGCTATGACGCCATCATGTTCTACACAACTGGCGAGTTACCGATGAGCGACGCACAAAAGCAAGCCTTTTTGGACTTCATCCGCAACGGCAAAGGCTTCATCGGTGTCCACAGCACGACGGATACTTTCTACAACTGGCCTGAGTTTGGCGAATTGATTGGCGGCTATTTTGCAGGTCATCCATGGCACCAGACAATCAGGGCAATTGTTGAAGACAAAGAACACCCCGCAACGAAGCACCTCGGCGATGTCTGGGAACTGAAGGACGAAATTTACACCTTCCGCAACTGGTCTCGCGAGAAAGTTCGCGTCCTGCTCAGCCTTGACCCAACTTCCGTTGACATCTCAAAAGGCAACCGACCCGACCACGATTACGCCTTAGCGTGGTGCCGCTACTACGGGAAGGGGCGAGTCTTCTACACTGCCCTCGGGCATGAGGAATACTTGTGGCGTGACGAGAAATTCTTGCAGCATTTGCTTGGCGGCATCCTCTGGGCTATGGGCGTTTTGCC
NZ_CP130454.1_gap61	1979538	1980067	529	CCTCAGTGACATGGTAGTTGGTGACGATCAGACCCCTCTTACCGTCAAAGATGACCCCTGAACCTGCATTTTGTCCGCCGGGCAATCTCTCCTCGCTCTCAATGGACACAACCGCCTTCCCCACTTTTTCAACAATCGGCACCCAAAAGTCAACGGGGGAAGGGGGCGAGAGAATTTCCGAAACGCGCTCAACCTTAGGTGCAGATACTGGTTGAAAAGGGACGGGCTGGTTTTGTGTGTTTTGCAAGACAACTTCCTGCCGTCCCATCCATCGCCCAAAATTGACCAGTCCCGCTCCGACCAAAACTCCGAAGAGCCAAAACAGTATTTCACGCCATGCGGTTCTCTCACGCATAGTTTTTTCGCTCCCTCAAAGGTCAAGTTTCCTTTTGGCTTGGTGGTGTGACAGAAATTTTGACACGCTTCGCTATGGGTGCACGCCGCCAAACTTGAACTGGGAAAGACCGCTGCCGTATAAACTCCTCCCACCTTTCAGCGACCAATTTCGCTGCCAATTGCTCTGCCTGCT
NZ_CP130454.1_gap62	2097851	2101520	3669	CCCGTGACAGGTTGAGCCTTCAGGGAAGCGGCGGGGTTTTGGATGGTGTGCAACTTCGGTTCTGTCAAGGCATCTTCAACGATGTAGAGCCAATAGGTGTCTTGCAAGCGTTCAGCCATTTGCCATTCGTGGGGCGTAAGTTCCACTGTGCCTGTCGTCGCAAAGGATTTGACCTCAATGTAGCGAACTTCGGTTTCGGAGCAGGACACTATGTCGTAGCCGAGGAATTGGTTGCTGACATCTTCGGGCTGACGACCATGCTCTCGCTCATACTCCATCGCCACTTTCATGCCCGCTTCTTCCACGCGGCGCTTAGCCTCTTCGTCTTCATCCGCCGGCTTGGCAACGAGTGTCTTTGGGACGATAAGGGCGACGGCTTCCAGTTGCGGTTCTGTCGGCATCAGTTTCCTTTCCTTCGCCAGTTCGTCCATCCGTTCCTTTTGCTCTCGGACGAGGGCTTTCAGGTTTTCCTCTTCCTGTTGGATTGCGAGCCTCATATCTTCGCCCTCTTCAGCCCGTCGGCGATAGGCGAACAGTTTGTCGTTGGCTTCCTTAATGAGGGCATCAAAGGACATTTGCAGCCATCGTTCTTTGATGGTGGTTTCACGCTCGCGGCGCTCCCTCGCTTCCGCCAAGATGGACTGAAGGCAATTCAATGCAAAGGTGCGGGTCGTCTCGTCGGCAATGCGCAAGGCATCAAACAACTCATCGGGCAGCAGTGTGTTGTCGGGCAAAGGTTGCAACTCCCAAAGCATTCGTGGGTCAACTTCCCTCACTTCGCCAGTTTGGCGGTCACAGAAGATGGCGACAAGTCGCTCCAAAGCAGGACGACCTTTTCCGTCTTGAACTTGCAGCCGATACAACCAAAGAGTCCCGTCCCGACCTTTTTCGTCCACCAATACGGCTTTGACGGGACGGTTTTTGTTCAAGTGGTGGTCTATCAGTGCTTCCAGCAGTGGGTGACCTGGCGCAAAGAACTCAGCGTCCGCTTGGCGGGCGATGGCGCGTTCAAAGGCGATGCGCAAGCCTTTGGCGAAGTTTTCGTCCTGCAAGCCATGTTGCTTGAGAAACTCGCGAGGGACGCTGATTCGGAAGACTTTTTGGTGCCGACGGTCTTCAATCAACTGACCGCCGATAGGTTGGACGGCGAGGCGAGTGAAGCGCTCCACATCCCAAGGCACTAACCGCCAACGAAGGGAATCGGCATCGTTTTTCTGGACGGCAGAAAGGTCAATATGGTGGCTGGCGAGGGCATTTTCCTGCAAGACCCGTTGGAACTCTTCAACACGCCGTTCTATGTCAACTTCCAAAACTCGCTCCAGTTCAGGTGCATCGCCCTTCAAAATGGCGTCCATGATCAGGTCTTCCAACCGAACGCCTTCAAGCAAAGTGCCGATGACATCGTAGACGGTGTCGCCAAGCCTTTCCCTCATGCGTTCCAGTTTCTCCATCAACCGCTGCAACACTTTCCCCTCGCGGGTTTCAGGGTAGAGCAAGTTGAAGATGAAGCAGTCACGCTTTTGCCCGTAACGATGGATTCGTCCCATGCGTTGCTCCAAGCGGTTGGGGTTCCAAGGCAAGTCGTAGTTAACCATTAGTCGGCAAAACTGCAAATTGACGCCTTCGCCTGCAGCATCGGTGGCGACCATGACCTGAACTTCGTCGCGGAAGCGGCGCTCCTGAGCAATGCGCTCTTGCAGGCTCATTTGACCGTGGATGACAGCGCATGCAAAGCCCCATTGGTTGAACCTTCGTTCCAAAGCGGTGAGGGTGTCTTTGAATTCGGTGAAGACGAGCAACTTTTCGTCGGGATGGTGGCGCAAGTGTTCTTCAACGACTTGACGCAATTGCTGCATCTTGGCTTCCTCGCCCGCTTTCTCCGCTTCCAAAGCCAACCGAATCAGTTCGTCCAACTCATCAATTTCCTCACGCAACTCATCAGGTGTTCTGGCAGCCGTTGTGCCCTCCAAACGCTCTTGGAAACTTTCCCACTCTTGAGCCGTCATTTCAACCAAGTCCTGAATTGCGTCTTCGTCCCATTCGGGCAATTCTTCTTCCTGTTGGCGACGCTCCCACTCGTTAAGCAACGCCTGCAACTTGTTTTTTCGGCGGCGCAAAGATTCTCGGACGGCGAAGAGGCTGGAAGAGAGGCGACGCTGCAGGACAGTCAATGCCAAAGCCACATTGCGGCTCCTTCGGTCTCTTTTGTCGGCGACAGTTGCATACCATCGTCGGACATAGTTGGTGACGGCATCGTAAAGTCGCCGCTCCGCTTCGGTGAGTGAAACGCCCAGCGTTTTCACTTCCCGCTTTCGGAACAGTTTGCGCCCCTGCAAATCCACGACTTGTTCTTTGGTTCGGCGGAGGACAAAGGGCAAACCTTGAGAATGAGCCGCTTCTTTCAACTGTTCTGAATTGGCAAACAAGTGAGGCTCCAAAAGGTTCAGCAGCAGAAAGTAAGCCTCGTCATCGCCCTTGTGGGGCGTGGCGGTCAGGAAAAGCAAGTGGGTGGTTTTCGGCGCGATGGCTTCGCCCAGTTGGTAACGCTTGGTCTTGTGAACTTTTTGACCGTAACGAGTCGCCGACAATTTGTGGGCTTCGTCCACGATGACCAAGTCCCATCGTTGGCGGGCGAGGAGTTCACGAACATCTTCCTTTCTGGCGAAATCAAGCGAGACCAAAACTTGAGAATTGCGTTCAAAGAAATCGGCGGCGTAAAGGTTGCTTAAAAGTTCACGGCGAAGGACAACGAAATCTTCGCGAAACCAGTCCATCATCTCACGCTGCCATTGGTCTTGCAAGTGGGCAGGGACAATCAGCAAGGTGCGCTTCACCAAACCTCGCACCTTCAGTTCCTTCATGACCAACCCTGCCATGATGGTTTTGCCTAAGCCGGGGTCATCCGCGAGAAGGAAGCGGATGCGAGGCATCGGCAAGATGTGGCGATAAACAGCGTCAACTTGATGTGGCAGAAGGTCAACTTGCGTGACGCTGACAGCATAGTGGGGGTCAAAGGTGTAAGCGAGTCGCATCCGCAAGGCTTCAACGAAAAGCAGGAAGGCATCCCGCATTAAGGCGCTTTCCCGAAAACTTTCCCACAAAGTCGGCAACTTTTGAACCCGCTGAGGTAGTTCGTCAAGGCTCAAGACCAACCGTTGTGCTTTTTGTGACGGGTAGAAGATGACGCCCAAGATGACTTGGTTGCCCACTTGCCGAACTTCAAAGACTTCCGCTTCCTCGTCTAACGGGGCGATGCGAATTCGGTCACCGGGGTTGAGCGAAACCATCGCCCTCACACTCCTTCGTCACACTTGCAATTTCTCCCAAACCTAACTGTGCCGAATGTTTTCAACTTTGCACGGAAGTGACTTGCTGTGCGAAGTCCAAAAGGATTTTCGCCTGCGTGGCAAGGCAAAGGGAGCGTCCGACGAGGGCAGTTCGGTTGGGGTTGACGGCGACAAAGGGGCTTTGTTGCCAGTTGCGGACGCAAAGGATAGTTTGAGATGCTGTCTTTTGCGTTCCATCGGCAGCGGTCAGAATGGCGATAAGCGATTTCGGCGCATAATGGAAAGGGCGATTTAAGTGCCAGCCGACTGCCCAAAGGGTGGTTGGCGGGAAGGTAATGACACCTTGACGCTGCAAAAGTTCAGCATCTGCGAAAGTGTAACG
NZ_CP130454.1_gap63	2103176	2104444	1268	TTGCCTTTGATGGTCTTAGCCAAAATGACCGTCGGCTTTCCCTTGACAGTTTTTGCTTGCTCAAAGGCTGCCATGAGTTGCTCAACATCGTGCCCGTCAACGATGATGGGATGCCAACCGAAGGCTTCAAAGCGACGGGCATAAGTTTCAAGGTCATGTTGAAGCATCGTTGGTGCGCTTTGACCGAGCCTGTTGACATCCACGATGGCGGTCAAGTTGTCCAGTTTGTAGTAACTGGCGAAAGCAATTGCTTCCCAAACTCCACCTTCAGCGACTTCACCGTCACCCAGCAGCGCGTAAACTCTGTATGGCAGTTTGTCCATCTTCGCAGCCAGTGCCATGCCGTTAGCAATGGACAAGCCTTGTCCCAACGAACCTGTTGCCACTTCTGCCCACTTGAATCGTGGCGTCGGGTGACCTTCAAGTTCGCTGTCAATGCGGCGCAAAGTTTTCAAGTGCTCAACGGGAAACGCTCCCGCTTCAGCCCAGACGGCGTAAAGCAATGGCGCTGCGTGACCTTTGGAGAGGACGAAGCGGTCATTGAGGGGGTTGTCTGGGTTGGGGACATCGTAGCGAAGTGTTGTGAAGAAAAGGGTGGCAACGATATCGGCTGCAGACAAACAAGTCGTTGGGTGTCCCGACCCAGCAAGGGTCGTCGTTTCAACCGCATGTCGCCTCAAAAGTTGCCCCATCGCTTTCAAAGCCTCAACAAGTTTTTGCCGCTCCATCACTTCAGCCATCTGTTCTCTCCCCTTCCTTGGTCTTGTTTGTAAACCTCATCGTGCTGGCACGGTTTAAACGCATATGCCCTTTGCCCTTAAAGTTTGAGACACTCGTCGGTTTGTTGACATCTCCGCCCCATGCAGGTTCGTGAATATGAGAACTCCCTTCGCTGCGGTCAGCCGTGCAGGCGTGGGTTGAGAATTTTTCGGGTTTGGCTTTGCGGTTCAAACAAAAATTTGCACGCTTAAGGGTGTTCGGTGTGTCGGGGAAAAGCCCTTTCAGTGCGGGCTCTTTTTGCTCTGGAGGATGGACTGTGTTAAAATCTTTGCACGCTAAATCCCGTCCAACAACTCACACTTTGCTGGCAAAGGGGAGTGCTCGGATGGAAGGGATGGCATTAGTTGAGCGTGCCGCTCACCTTCTCGCACAGTTGGGTTTTATGCTGTTGGTCGCAAAGTTGTTCGGTGAAGTTTTTGAGCGATACTTGAAGCAATCGCCTGTTTTGGGTGAACTTGTTGGCGGGATGATTATCGGACCGTATGCGC
NZ_CP130454.1_gap64	2212075	2214465	2390	GACCGTGCTCGCGGTGGTTCCGATACTCGCCTTAAGCCGGGCGAAACCAGAGAAATTGTCGTTCCGTTGCAAGGCAAGAAGGGTGAAGCCATCGTCCGAATCCTCCACAAATCCGCAAGGGATTTGCCCGACGAAAAAGCGACTTTGCTTTTTGAGACCAAGGTCGCTGTTCAGTAAGGGTGTGGCGGTTACGGTTTAGCAGCGGTTAAAAAACGCAATGCGCAAGGAGGCGTTTGAAATGAGGTGGCATCAAGGCACAACGGTGGCTTTGGCGTTGTTGATGTTGTGGGCTGTGGGCGGAAGCAAGGAAAAGGACGCAAAAAAGCAGCAGCCCTTCCCTTTGAACCTTTTCGCTCAAGCGACTGCCGAGTCCTTCATCGGCGAGAAGGAGTGTGCTCAGTGCCATAAAGTCCACGCCCAAACCTTCAACGCTTCACCTCACGCCCTTTATGTCCGCGACCCCAAGTTGCCTATCAGCAAACAAGGTTGTGAAGCCTGTCACGGACCGGGAGAAATCCACCTTGAAGATGTCAAGGACCTAACGAAAGTCATCAGTTTCTCGCGCCTCAAGCCTAAAGAAGTTGCCCTCGTCTGCCTCCGTTGCCATGCCGATACGATGCGCCTTTCTCAGTGGCACAGGACTGTTCACGCTCAAGCCGATGTCTCTTGCACTGCTTGTCACCAAATTCATCGGGACACGGGACAGGAGACACGGGACAAGGGCAAAAACGACGGTTTGAAGTTGATGAGGCAAATTTTCGTGACGGCGCCAGAAACGAAAGGGTTGCTGAAATCTGATGAGTTGACTTTGTGCGGTTCGTGCCATCAACGGGAGGTCAACGAGTTTCGGCTCAACTTCCACCATCCTGTCCCTGAAGGGCGAATGGTCTGCAGTGATTGCCACGATGTCCATCCCACCAAGGCTGCCAACAAGAAGGTGCGAGTTGTCAAGGAGATGTGCATCACTTGCCACGCTGATAAATCTGGTCCGTTCGCTTTTGAGCACGACCCAGTTGCTGGTTGGACAGGTGAAGGTTGCACTGAATGCCATCGCCCTCACGGCTCACACAACCCGCGATTGCTTAAAGCCTTTTCGCGAGGTCTGTGCAATCAATGCCACACCGACAAAGGCAACAACCACTATCCTGGACAAAGTTGCTGGAATGTCGGCTGCCATGTGGCTGTTCACGGTTCAAACACTGATGTCTGGTTGCGGCAGCAGTGAAAACTCATGGGGTGATGCCAAGTTGGCTAAGGATGGTAGGCAAGTCGTGGTCAATAAGTTGGAGCAACAAAGTGGGGTGAGGGTGAATGCCTTCATAGCGGGCGAGCCGACTGGCAGTTTCCAAGCGACGGTAAGGGCGCCACAAATGAGGCAAAAATGCCCGCACATGGACGGCTCGCTCCTGATGAGAATGGCTGTGAACGCCTTGACGAGCCAAAAAGGCTTCTATGGCGTGAATGGCAATGTAGAAGCCAACTGTTACTGCCCAATCGGCATAAAGGGTGCTGGGAGTGTAAAAACTTTGCAGGAAGCGCCAGTTGTGCCGGAGTTGTTGCAGGTGAACGGTTTCTGCGGGCATTTTTCACTCCCTCCGAAACAGAACTTGGGTCAAAGGGGAAAGGAACTCTTCCAAGGGACGACCCTTTCGGACGACGATGTGGAAGCCAAAATTCACTTTGCCTTGCTGAATGCTCAACTCGTCCAAAAGCATTCCTTCCTGCTCAATCACAGCGTCCACGACTTCATCGTCCCATTCGTCAATGACCGTCCAAACTTCCCACCCACCATCACCCCAAGCCAACAAAACGGCTTCAACTTGTGGCAGTTGGGAAACTCTCTCAACGAAGCGTTGGATTGCTTCTTTGACACCTTTCTGACGCAAAACTGTCGTCGCTCTCATAGCAGTCACCTCGGTGGATATTTTGACACCTGTGGAGGTGAGAAGCGATGAAGCGATGGGTCGTTGCGGTGGGCTTGGTGGCAGTTTTATCATCGGTTTCTGTCGCACAACAAGTCCAAGTTGATGTGGGGTTCGGCCATTGGGGGTTGGACGGCAACGAAAGCAAGTTCCGCCAATACGCAACGCCTGCCCAAAGCGTTTTCCTGAAATCCATCCGCATAACGCCAACTTTCAAGTTACCAAGCAGCGATGCAGGGCACTTGGTGCTGAAAGGGGTTGGCGAGAAGGACTACCGAGCCGAAGGTGTTCTTGACATTTTGTTCGGTCGGGTGAGGTTTAGCGCCGATTTAATTAGGCATCGCTTTCTTGACGCAGGCTTAGCACCAGTCTCCGAAAGCAAAAGAGAACTGCAAGAAGGTTCGGCAAAGTATTTGCTGACGAGAGACTTTGCAATTTCGCTCAGGTATCGGATGGACAGGCAAGACC
NZ_CP130454.1_gap65	2285558	2287668	2110	CGTCGCTGCGACCGAAAGTGCCATCGCTCCTGCAACGCTTTTGATGAATTGGCGGCGCTTCGTTTCCTTCATAGCCCATCAACTCCCTTCACTTCAATTTGTCAACCCAGCAGCACTTGTGGGAGGGCAAGGTTCCTGCCGAGCCAAAAATCTCTTTATCGCCTTGCCCTCCCATACTTATCACCGCTGAAGCGCCATCACTGTGGCTTCGGGCAGATGCCGCCTGTATTGTAAACTGTCAAGGACTTCAAGCCTTCACCCTCACCAGGCTTCAAATTCGCTTGAGCCAATTGCCGCTCCGTCAGGATAACGGGCAAGCGTGGATGGAGCAAGTTAGCGATGACTTTGCCCAGCAAAACTTCGTTCTCTCGGTCGGCGGTTAGTTCTTTCAGTCGTTTCTCAAGGGCTTCTTTTCGGTAAAGCATGCGCAGTTCGTCCGCAAGTTTTTCTGCCTGAATGGCGAAGTCGGCGTCGCTTAACGCTCGTGCTCGGTCAATCAAGTCCCTCAATCGCCGAATAAACTCATCTCGTTCCTCAGGCGGATATGCCCCTCCATTCGCTTCAATTTGCTTTGCCAGCCCTTCAACAATTTGAGCCTTTCGGCGGGCATAGATGGCGGGCGGAATTTGCCGTATCCGCTCAAGGGCTCTGATGTAGCCGGTGTTGCTGGGTGCTTGACCGACCCTTACTGGGTCTTTCAAATCCTTCGGCGGGATGAGGCAGGGTTTGTAATCGGCGAGAACCTGTTTTTGCTCTTCTGTCAAGATTGACAAAACTTGCTGGGCAAGTTCGCGAAGCCCGACAGGTTGAGAGTTGGGTTTAGCCAACAAACCTGATTCCCGAGCCAATCGCCCTGCGCGAACAAACATGGTGACAGGGATTTCGCGCCCGTTCAGGAGAAGTTGCTTCATCCTTTGAAGGGTGCTGACGAGTTCGTTGAAAGCCTCAGGGTCAACGGTTGAAGTTTTCTCAGCCATATAGCCGTTCGCAACCGTCGCAATTTCATGCAGTCGCTTCAATTGCTCTGGCGTCAAATGCAAGCCGTTGATGAGGTTGAGGGTGTTGATGTCAGTGCGAAGGGTTTTAACGGTTCGCTCAAGTTCAACGAACTCACTGTCAACGAGCGGTTGAATTGGCGATGGTGGAAGCCCAAGTTTTCGCTCCAAAACGCTGACGAGGGCTGGGTTGAGCAGGAAACGCCCTAATGGCGTAATCTCGCCATATTCAGCCCGATGGATTGCCGCCAGTTCCTCGCGAATTTTGACCACAGGGTCAAAAACCCTGTCGGACTGTTTGCGGGAGAGTGGAGAGGGTGAAAGGCGAGTCCTCAAAACCACACCCAAATTGGCTGAATGCATCTGCGCAGCGATGGAACATTGCTCTTCGGTCAGAACCTTCGCTGCCTCCTCAGCGAGCGGTGCAATTGAATCTGCCAACCACTTGTTCAAGTCTTTGCCTTTCTTGCTGGCGATTGCGGTCCTGCGTTCCGTTTCGGGCGTGAAACCGACATTGAGCAAGTTCTCGGATTTGAAGGCAGAAAGGGCTTCCACTTGCTCCCGCAAAACTTCCTTCATCCGCTCGCGATACTCAGACCAAATCGCTTGCACACGCTTAGCAATGGACAGCAACTCTTTTGCCTGCTCTTGGGAAAGTTGCATGGCGTTTACTGCCCGAAGTGCAGCGATTTCGGCGATGAGGGGTTGAATGCGCTCAATGGCTTCATCGCGGGACAAAGTTTGGGCGACCGAGACCCCAACCAAAACTCCAAGCGTCATCACCGCAAAAAGCCAACGCTTTAGCATCGTCATCGCCCCCTCTAATTTTGCTTTCCGTCAAGATTTGACGGTAAAGGCGTTCACAGGTTTGTGACCCCAATGTTGGCTCGGAAGTGGTTTTTCACCTCACATCCTCAAGGACTTCGGTTCTGGGCAAAACAACTTTGTCAACCCAGATTTTGACGCCTGGGTAAAGGACGCTTCGGTCACCGATGCGAGCGCCGTCGCCGATGATGCATCCGAGCCGTTCCATGCCAGTGTCAACGAGTTGTCCTTTCACCACCGAACGGACAGTTATACCTGTCGGGACTTTGGAGAAGGCTTTGACTTCGTTG
NZ_CP130454.1_gap66	2337707	2342438	4731	GTAGCCATTTCAACTCCTCAAGAACTGGCGGGAAGACAATCTCCATAGCCTCAGAAAGGCTGAAGCCGTAGTCAATGATGAGGGTGTGCAAAACCCTGTCAAGGTCTTGAGAGTCCGAACCGTCTTTGGGCAGTTGGACACCCAGCATTTGCCCTTCACGACGCAACTTCTCAATGGTGTTGATTTCGCCGTTGTGACCTAAAAGTGCAAAGGGTTGGGCTCGCTCAAAAGTTGACCAAGTGTTAGTGGAATAGCGGCAGTGACCAATGGTGACGCGGCTTAGGCAGTCTGGGTCAGAAAGTTCGGGGAAATAATGGGCTATGCTTGAAGGGCTACCGTAAACCTTGTAAACGACAGTGTAGCGGCTCATGGAAACTGGGTGAAGTGGCGTCTCCCTTTCAATGCGCAATTGTAGATGGAAAAGCCGCCTGTCCATCACTTCGTCGGGAGCAGGTTGCTCAAAGACGGCAGCAATCTGCCAAAATTCAGGCTCAACTTTTCGGGCATTCCTTCCCAACGCCTCCCTGCGAATATTGCCCAACCGCTCAAGTAAAATTCGGATGCCAGCGTCAGCGAAAATCAAGCGAAGTTGATGGAGGAGTTCCCGCGACCTGTGTTGCTCCGTTTTGGGCAAAAAGAAGTGGGCAACAAAGAACCTTTGGCTTTCAGCCCAAGACGGGTTGAGGTTTGACTGCTCAAGATACTTCGCCCAAAGTTTTCTCGGTATGTCAATCATCACGCCGCAACCATCGCCCTCGCCACTGATGATGCCAGAACGATGCCCCATCTTCTCAAGGGCTTGAAGAGCCCGCTTTACATTGCCGTGCGAAGGTTTGCCTTTGCGAATATTGCAAATCAGCGCACAACTTTCGTGCTCCTTGACAAGCCAACCCTCAACGCGAAAGTCATCATCCATGCCTTACTCGCCTCCGTCAAGGTGAGCCTGAAAGTTTACAACAATCCAAGCACCAAAAAGCCAACGAGGCAGAAAGATTGTTCTTCAAGTTTAGCACATCCCAGTCTGATTTGTGACGCTCAGGGAGTGCATCCAGCCTGTCAGGGCACGAATTAAAGGAAACGGTGGCGAATGGCAAATAGCGATTGGAAAACAGCAAAATGGCGAGGAGCACTGTTGGCGGCAGTTTTTGGGAGTGTAATGTCCCACTTTGGGCGCTGAGCACTACATTCACTTCGCACCCCGCACTTGATAAATTCGGCATCAACCACAATCACCAACCCCAACGCTCGTTTGTGACATAATTTTGCTTAGGTGAAAAGCGATGGAAATTCGGCTGGGCGACTTATACGAACTGATTGTCCGCATCGTTGATGACCGACTGAAGCAGCGAGGCGAGGCAGAGCATATCGCTTCGCTGAAAGGCTCTGAGTCACCCCTTCCAGAGCCACAAGCAAAGTCGCCCAGCGAACAGCAATTTCAAGCCTTGCAGGAGCAGATAGCCGCCTTGATTGACCTTAACCGCCAGATTCTGATAGCCGTCCGGGAGAACCAACAGCGAAATGAAGAGTTGCTGGGTGAACTGCTCAATCTGCTTCGTCAGTTTTTGGAGGCTTCAAAAGTCAGCGATGGTCGCCGCACGACACTGCCTTCAGCCGAACCGAGCAAACCCACAAGAGAGCGTGAAGAAGCACTGAAGCACAGTTCCGACAAGCAACGCTCCAGCGAGAAGACACGCAAACCATCTGAACTTTCAGAGTTGGCGGTGATGTCGCCTCCAGACTTGAGCGACGAGGAAATTGCTTTTGTCCCACCAGATGGTTGGCTCAACGAAACTTCCCCACAGCCAGTAGCAACCGATTTAGCGCCTGACGGGATCGCTACCCCTGCAGTTAGCGCTCAACCGTCGTTGATTGAGATAACGGTTGAGCGGTTGCCCGAATACCTTAGGCGAATCTTTGGGATTGATGTTGACTACCTTAGCGCTCGCCAAACTCCATCGCCTTCACTGCAAGGTGCTCAAATTTTGGTGGGCGAAGGCACTTACAACGGTCAGCCCGTCACCCTTACCGTTTTTGGGAAACCACACATCACTCCAACTGACATCACCATCTTCTACAACGCTGTTGTCCGCCCTTTGAGGGGCTCAGTGAACGAACCCGTCATGAGCGTCATTTTCGGCGAAACTTTTGAGCAGAAAGCCGTCAAAGTAGCCCACGCCCTTGACCTCTTGGTTGTCAACTTGAAGGACTTGCAGGAAATCGGCGACGAGGTTTGAGGGGAATTGACTTCAACGGAGCAGAACTGGGGTCTCACGGGAGAACAAATGGTCAGCCCAGCGAACGGAGCGCTCGTAGTAAATAGCCAGTTCGTTTTCGGGCACTCCTAAAAGGTTCGCTAACTTGCTCACCGTTTGCCAATCCATCCGCTCATATGCCAGAACCAGCGAGTAGACCCAGCCAAGAGGCGTTGGATATTGCATCAGCGCATCTTTGAGTTCTTGGTTCAGTGGCAATTCCTCAAGGATTTCTGGCATAGGTTGGTCAAGCAGGGCGTCCAAAACGGAAAGCAAGCCGACGAGGAATGGTTCAGGGTCAGTAGGCAATTTGGCAACGGCTGCAATCTGTTCGCACATATGTCCACGCACCAAAGCAGTCACCAAAAGTTCGTGGGGTTTGTTTTCAAGGAGCAAGGTCATAACTGCAATGAGCAACCAACGGCGCAACAGCCTTTCACCCAACAAAACAAGCGCCTGCCGCAACGAAGAAACCCGATGCCTTACCCCGATGGCTGCTGAGTTGACATAACGAAGCAGTTTGAACGAGAGGGACGGGTCGGTTTTGATGACCTGCTCAACTCGGTCAAAGTCCATGTTCGGTTCACTGAGGAGTTGCATGACCCGCAGGTATGTGAACTGGTGGCTTGTCAGAACTTTCGCCGATAAGGTCTCTGGTTGGTATAGGAAGCCGCCCTGAAAGTAATCGTAGCCGAACCGCTCCGCTTCAGCAAACTCTTCTGCAGTTTCCACCTTCTCAGCCAACATCTTGCGGGTCGGCGTGGCGTAAACCGCAACTGCACGGGCTCGTTCCGAACCAGTCACTTTGCTGAAGTCAACTTTGAGGATGTTGGCTATTGCCACCAATGGGTGAACGGGTGACCAAGGCAAAAACCCTTTCACGGCGATAGGGTAACCTGTCACCTTCAGCCTAAAGCACGCACTTACAAGGTCGTCAGTGCTCTCTTCTGCGTCAACTTCCAAGACCGTCTGGCTTGGAGGTAAGGTTGAAACCAAGTCCTGCAAAATCATCGGACGAGGCAGTGGGACAAAAGCCAGTTTCCCGCCAGTGAGCCGTATCGTTTTGAACAAGTGAAGTTGTGCGTCAATGAGCCACCTACCCGCTTGCTCTCGGTCAACGAGCGGTTTGTTGTCAGCCTCAACTGCGTGAAAAATCAACTCGTAGCCAACCACCCGCTTCCACCGGTTGAAAATCGGCTGTCGGACAATGAACAGTTTCATTGCCATCACCTTTGCCATCAGGTAGCAAGTTGCTGGGCGAGAGCCAAGACGGCTTCAGCCCGTTCACTGTCTCCCGCTGCAATGTAGCAACCTGCTAACGCCATATAGTCGGCAAGGGCTTCGTCTTTTCGCTCGTCGCTCTCAATTAGCCGAAGCAAAATTGCTGCCGCTTCGTCATAAAAGCCTTTGTGCTGGCACGCTTTTGCCAGCAACCGCCAACTCTCTCTGCTCATGCCGCCGTCTTGGGCAAGAGGCAAAAGCGTTTCCAACACCATGTCCCAGAAGCCAAACTGCCCGTAAAGACTGCCCAAAAATTCCGCTCGCTCTTTCTCATCGGGAACAAGCCACTTGAGCAAATCCAACGCTTGTTCGTAGCGCTCAAATTCCTGAAGTTGCAAGAGCAATGCCAGCAACTCACGGAAGTTCTCCATCAGTGCGGGGAGAAGTTCCTGAGGCAAATCGGCGATTTCGCCATTTGTCGGAACTGTCAAGCCTTGCCATCGGCGCAAAAGCCATTGCCAAAGTGAATCGCTGCCACAAGCGTTGAAGGCTTCGTCCCACTCACCTGCAAGTGCGTGGGCGAGGATTCGCAAATTCCACGCCGCTACCCCTTCAGGCTCTGTCAAGGGAACTTGAGCGAAAATTTTTGCGGCTTCGCTGTAACGGTGCTGAAGCAGTGATAGTTTCGCTTGAACAAACTGCCGCTCTATTGGGTCGACTTTCAGGGCATTGCCATTCTCCCCACGCTCTTCTGCTATCCCAATCAATTGCTCCGCAATTGAGATGGCGGAACTTGGTAGCGGAAATTGGCTAAGTGCAGCCTTTGCAACCAGAACGGCTAACGGTGGATGGGACGAGAAGCCGTTTGGCACAAACGGCTCAAGCAACTGCTCCAAGTCCATCGGGGAGCGACATTGCGGGAGCGCCAATGACACGAAGGAATTGACGGCTGGCTCGTAATACCGCCGCCGAACCAATGCTTGCTGAATGGCAATTCCAAAGCATCTCAACGCTTCACCCAACTGCCCCATCTTTTGGAAGCATAAGCCCATCCAGTGCCAAGCACCGTAGGAAGTTGAACCTTCTGTCCAGTCAAAGTCGGTTGGCAACTGCTGCGGGAACTGCAACGCTCTTTGGAACGCCTTCAATGCGCTACTCCAGTCGCCGATAGCAAACCGAACTTTCCCTTCAAGCATCCACAAATCGGGGGTCGTGATGGGCAACTGTTGCGCTTCTTTCAAAAAAGCCAACGCTTGTT
NZ_CP130454.1_gap67	2344464	2346731	2267	GTGCAACCGCTTCAGCACTCGGTCAGGTGAAATAAGGTGCTCTAAAACTTCGCCGCAAATCACGCAGTCAAAGTAGCCTTTGGGCAGTTGCTGCCAAACCGAATCGTCTTCAATGTCGCCGACGATGACTCGTTCGTAGTGCTGGGCAGCGATGCGGGCAAGTTCGGGCGAAATTTCCACGCCCCAAACTTCACAAGGTTGGCGCTGCTTCAAAATTCGCCCAGCACCGCCCATGCAGCAGCCGATATCCAAAATTCGCTGGGCACTTTTAGGCACAAGTTCAAGCATGAAAAGGTTGCAAACGGGTTGGTGGGCATACTCGCGCTGATACTGAACCGTTTTGGTAGCGTAAAGTTCCGACTTGACACCCGACCCGAAGCCGCCCATCATGGTTCATTCACCTCCAGATTTCGCTTCAACTTGCTCCCAAAGCGACTGCAACTCCTTCCAGACGGTTTTTGCTTCTTGCAGCGGTTCAAGGGCTTTGCGCAAGTTGGCGTGCAAAAGTCGTTCCCAAACGAAGGTGTAAAGGCGATGCAGGTTGACGGCGATTTCGCCGCCTTTTTCCATGTCCAAACTGCTGATGAGTTCGGCGACGATGCGTTGAGCCTTCACGAGGGCATCGTTGGCTCGTTCAAAATCACGGGCATTCAATGCCGCTTCGGCATCGTCCATTAGTTCGCTGCCCCGCCGAAAGAGCAAACCGATAAGTTGCACGGGCGTCGCCGTCTCAACCATTTGCTGCAAGTAAGGATTGGTCATCGCAGGTCAGCCCTCCTTTCTCCCTTGCCAGTTCATTTATCGGCAGCGTTGGATATGGGCTTTAGCAAGGCAACCAAAGTGTTCGCATAATCTTGATGAGCAACTGACTGGCAAAGGAGTGGTCAGGATGAGAATGGATTGGCTGAAGTGGCTTTTGGGATTGGGTGTGATGTCGTTGGTGGTCATTGTCGGGCTAAAGCAACTGAGTTGCCAAGCAGCGAAACCGACGATGCAACTTCTTTGGGTTTGGTGGGAAGCAGAGAAACCCGCTGCCACCAATTTCCCACAACCTGAACGCAACCCCTTTGCTCCACTGAACGAAAGGGAAGCGGCAGTTTTATCGGAAGGGCGATGGATCGGCATCACTGGCAAATACGACGAAACGCCTTTTCTGGAATACGAAGTAACCGTCCCGCAAACTGCTGACTACCACTTCTTCGTCCGCAAGTTCTGGAAACACGGACCTTTCCGTTGGCGCTTTGACAATCAACAGTGGCAGGAAGTTCCGCATGAAGTTTCGCTTTTGGACGAAGAGGAACTGCGCACTTTCATCGTCGCTAACTGGATTTACGCAGGGCAAGTTCGCTTGACTGCTGGCGAGCATCGGCTTCGCATTGAGCAGATAGGCAAAGAGGGCGCTGCTGCCTACGACTGCTTTTTGCTCATCAACCGCTTGTGGATTCCGAAAGGCAAACTCAAGCCGAACGAAAGGGCTCAGGTAAATGTTGCAGGTTGGTCAACCTTTGACCCTGACTCTGATAACTTTGCACCGTCGCCCATTGACCTTCGCTCGCTTAACGAAAAATTTGCAGGCGAGAAAGGCTTCATCGCTGTCAAGGGCGACCAATTCGTCCACAGCAAAACGGGCGAACCCGTCAGGTTCTGGGGCGTTAACGCAGGTCCAGACATTGTCAGGTTGCCTAAGCCTTTCGTTGACTACCTTGCCCGCCACTTGGCGAAACTGGGCGTCAATATCGTCCGCATTCACGGAAGGGTTTGGCGAGGCGACAACATCCGCCAAGTTGACACTGACTACCTTGACCGCTTGTTCTACTTCATCACCGCTATGAAACGGCAGGGCATCTACACCGGCTTGTCCATCTACTTCCCGCTTTGGCTGCGCATGTCGGAGCAGCGTGACGGCTTTGCTGGCTACAAAGACCAGCACCCGTTTGCGCTTCTGTTCTTCAACCGCCAGTTTCAGGATATTTACAAGTCTTGGTGGCGTGTGCTCTTGACGACGCCGAACCCATACACGGGCGTGCCACTGCGAAACGAACCCGCTGTCGCTTATGTTGAACTGGTCAACGAAGACAGTTACCTGTTCTGGACATTCAACTACGATGCCGTCCCTGCACCGCAGATGGAGTTGCTTGAGCGAGAGTTCGGTGAGTGGCTTGAACGCAAATACGGTTCGCTTGAGAAGGTTCTGCAAGTATGGAATGGTCGCAAACATCAACGAGACGACTTCGCCCAAAAGCGGGTTGGCTTCTTGCACCTTTGGG
NZ_CP130454.1_gap68	2425129	2427126	1997	TTTAGTCAGATCGCAAGAAAAGCGCCGCAAAGAATGATAAAGCATCCAGCGAATAACTGGCAATAGCAGAAGACAGTTGCTGCGTGGATGTCACTGCTGCCGAAAAAACAAAAAGGGCGCATCAAGAAATGCGCCCCCACCAATGTTGCAGGAAAAGAAGGCTGCAAGCGAGAACTATTCAATCATCGCTTTCTGACAACTACGGCGTCCACTTGCTGAACACATAGTCGTTTTCTCGCATCGGTTTGTGGCAGGTGAAACATTGCTCTACAGGGTCAGTGACTATTGCTTTGCCCTTTGCGTCCCAAGCCTGCCAGCCCCAGCCACCCGTTTTCTCGTAGCGTTTGCTGTCTTTGACCATAATCGCCACAACTTTCCTCTCACCTGCTACGAACATTCCACCTTCGTCTTTCAACTCGTAGAGGGCGAAAACGATAACGCTTCCGTCAGGAAACTTCTTTCCGCCCTTCTTGTAAGCCTCGGCAGCGATTTTGTTAGCGTAAATGTGATGCACGCCACCGAAGGCTTCAAAGAGCGGGTGCTTTTCGCTGTAGATAACTCCCGTCTTGATATGCACCCAATCGCGCCAGTCTTTTGGCAATTCTGTGGGCACAGGCAAATTCTCTTTTTGTTGTGCCATTAGCACCAGCGCCCACAAACCCAAAAGCAATACAGCGACAGCGACATATTTGCGCAACATCGTCCATCCCTCCTTTTTAGCGTTTTTGCGTCACCAATCGCCTTCTTTGGCGTAAGGATACGACCAAAGGGCAACTTGAAGGACAACGGCTTTAAACCACGCTTGATGCATCTTCTCAACTTCTTCAGGGCTGTGACCCTTTCGGGCGAGGAAAGGTTTGATAGTGCTGCTGATAGGGTAGATGAAAGCAATCAAGTAACGCAGCGGGATGTGGGGCACTGATTGAACGCCATCCGTTTGGTTTTTCTTGGTTCGGTGGTGGCGCAAACCGATTTCGTGGGCATAGTCAAGATAGGCTTGGTCGTGAGGGCGATTGCATGTGTCCAAAATCCACTGCCCAAACCTTGCCCGCACCGCTTGAAGGTAACGAGGGTCAGGCTGACTGTCAGGTCCGCTGAAGTAATACACCAAATGCGGGTGCGAACCAACCCAACCATACCACAAGTCCAAAATCTCGTCTATTTGGTCGGCGAGAACTTCGCCCGCCATTCTCAAGTAACGCTCGTCTTCATCGGTGAACATCGTCGCCGCTTTCAGCAAAGCCAAATCTTCCAAACTGACCGGCGATTTTGCAACTTGTTCCGTGCCGTAAGTATAGCCGTGAATGGTTTCAGCCATCGTCTTTCACCCCCATCGGTTTCTTATTGCCAACGATTCGCTTGCGACCGTGCTAAACTATGTCTTGCTTCCGTCACTTGACAATAACGAACCGAAAGGGAAGCCACTAACCGAATGGTAGCAAAGCCTAGTGTTTGGCACTATCGTGGAAAGTGATAGCGATGGAGTTCAAGGGAGAATGGCAACAGATTTTGCGCTGCAAGTGGAGTGTGGTGGTGCTGGCGGAGTTGGGCAACGGCACATCTCGCCCATCGCAAATCCTGCATCGCCATCCAGACCTTAAGCCCAAAGTTTTGTGGCAGCGGCTGAAAAAACTGGAACGGTTCAACTTGGTGCAACGCTTCCCTTTTGACGGTTACCCCCGCCGAACCGATTACCGACTCACTGAAGAAGGCGCGAAACTGGCACGATGGGCAAAAAGCCTTCTTCAAAGCGGGTTGACTTTGGACGAACTGACGACAGTGCTGCGGTGCCGATACATGGTGGCAATTTTGAAACTCCTCGCCCAACAACCTCGCCGACCGAAGGCTTTGAAAGCCCGGCTGAAAATCGCCGACAAGTTACTCTTTGAGCGATTGGCGAAGTTGGAAAAGTTGGGCTTGATATGGCGAGAAATCGTCCCAACGCGACCAATCCAAGTTCGTTACCATCTAACCGAACGAGCCCTTGCTTTGATGCC
NZ_CP130454.1_gap69	2428324	2432892	4568	AGCGACGCTTTCAACCCGTCTATGTTGCCGAACCGACTGTTGAACAAACCATCGCCATCCTGCGTGGGTTGAAGGAACGCTATGAAGTCCATCACGGCGTCCGCATCAAAGACAGCGCTTTGGTCGCCGCTGCCGTCCTTTCGCATCGCTACATCGCCGACCGCCACCTGCCTGACAAAGCCATTGACTTGGTGGACGAAGCGGCAGCGAAACTGCGAATGGAGATTGACTCCATGCCGACGGAAATTGACGAAGTTGAACGGCGCATCCGCCAGTTGGAAATTGAGCGAGTCGCTCTCAGCAAAGATAGCGATGACCCCGTTGCCCGTGAAAGGCTTGAAAAGTTGGAGCGGGAGATGGCTGAGTTGCGAGAGAAACTGGAAGCCCTGAAAGCGCAATGGCAAATGGAACGAGAAATCATCCAACGCATCAGGCAACTCAAAGAGCAAATTGAGCAAACCCGCTTTGAAATTGAGAAAGCCGAGCGCGAGTATGACCTGAACCGTGCTGCCGAGTTGCGTTACGGTCGCTTGCCCGAACTTCAAAAGCAACTTCAAGCCGAGGAGCAACGGCTTGCCGAGGTTCAGAAGAACGGAAGGTTGCTGAAGGAAGAAGTTGACGAAGAAGACATCGCTGAAGTCGTCAGCAAATGGACAGGCATCCCCGTCCATCGCTTGATGGAGAGCGAGGCGGAGAAGTTGCTGCACATGGAAGAGCGACTTAAGCGCCGCGTCGTCGGGCAAGACCACGCCATTGAAATTGTCGCCAATGCCGTCCGAAGAGCCCGTGCCGGCTTGCAAGACCCGAACCGCCCTATCGCCAGTTTCATCTTCGTCGGTCCAACGGGCGTGGGTAAGACCGAACTGGCAAAGGCGTTGGCTGAGTTCCTCTTTGACGATGAGCGGGCGATGATTCGCATTGACATGAGCGAGTATCAAGAGCGCCACAGCGTCGCCCGATTGATCGGTGCTCCGCCTGGCTATGTCGGCTACGAGGAAGGAGGGCAATTGACCGAAGCGGTTCGGCGCCGCCCTTACAGCGTCGTCCTGTTTGACGAGATTGAAAAGGCGCATCTAGAGGTCTTCAATGTCCTGTTGCAGGTGCTTGATGACGGACGCTTGACAGATGGCAAAGGTCGCACCGTTGACTTCCGCAACACCCTCATCATCATGACCAGCAACATCGGCACAGAGTTCATCACCGAGTTTGACACTCCTGAACGCATTCGTGAGAAGGTTTGGGACGCTTTGAGGCGAACCTTCCGACCCGAATTTTTGAACCGCATTGACGAGGTCATCGTGTTCAACCGACTGACGAAGGAGCACATCCAGCAAATCGTTGACCTGCAATTTGAGCGGCTCAAACAACGGCTCGCCGATAAGCGTATCACGCTGGAGTTGACCGAAGTGGCAAGGGCAAAATTGGCAGAATTGGGTTACGACCCGACCTTCGGCGCCCGCCCTTTGCGTCGGACGATGGAGCGGCATATCGCCAACCCGCTGGCAAAACTGGTCATAGCAGGTCAAATCAAAGAGGGCGACCATGTGCGAATAGACTACGACGATCAAAAGGGCGAATTCACATTCACAGTCACCCAACGAGCAGAAGCAGTAGCAGCGTGATAGGGAAACGCACAAGTTAAAACGCAACGCTCCATGCGAAGTTTATGGATGCCCGTTGAACTTTGTTTGCGCTGAACTTGTCCCAAAACAGGTGAACTTGACACTGTGGCATGCTAATCCCTATTAGCCACTTGTCCTTGCCTATCGTTCGCATCAGCCAAACCTTTTGCCTTTCGCCAAGTGTCAACGCATAGCCGATGCTTACTTGTGTGCCGATGACACCATGTTCCTTTAACAAAAGCCAACAGTCTTTCCTTTGCTGCCAAGCCATTCCGATTGTCCACAGGCGCATTGCTTTAGTGTTCAACGAACGGCGGTCAATTCGCCCTTGCAAGAAAGGGACTGCGTGCAAGAAGCCATCAGCATCAGGCTCTACCGTGTTCGTAGCCACTTTTGCTGTGATGTCTTGCAATGTCCTTTGCCAAATGCGGCTGAAAAGGTTCTCCACCCAAATGCCCATCCTAAGTTGCTCGCTGAGTGGTAACACTATTGCAACATCCAAAGCGACACCGTTGCTTCGTGTCTCATTTTCTGGCAACCCCCTTGTTGTCAACAACTTCAAATCACCTTGAAACTGCCCCAACCACATTAGCCCCTTCAAATTGCCATATTGCAACCGATGCATTCTGAGCCAACGCAAAGCGATGATGCATTGCCCTTTTCTCCCATTCAAGCGGACAGGTGTTGTGTAACTTAAAGCCCAATGGTGCGAATGAGTTCTTCGCAAGTAAGCATCAACATCGTAAACTTTCAGCCAATCAACATCATTTGATTTCGCATCCAGAAAAAGTTGGGCTGCGTCTCTGTTGCCTTCGTAAAAATCCCCTTTCCCATGCCCGTAGTAAAGTGACCATTGGCGATAACTTAACCCCAACTCTTTGAAGCGAGCGTGAAAGTAATAGGCTTTGCTGCCTTCAAACATCATCGGCGGTAAAGTTTCCTTATCTCCTAACCTCAAGGGCAAGACATTGTTGTCGGCGTGGATGAGGAAACGGCTTACTAACGCCTGACGACACGAAGTCAAGGTGCTTTCAGTAAGGGACGCTAACTTATCTGCTGTCGTCCAACGAGGTTGAATAGGCACTACCTGCCCTTTAACAACACTTGCTACCAGCAACGCTGATAGCAAAACGAAAACCTTCCTCACCCAGTTTCCTCCTGTTAGCGAAATTTTCATGTTAGACAGAGTTCATTGACTGATGCCTCAAAAATAAGACAAGTCTGCAAGAATAACGCCTGTGTAAGACAGGTCAAGAGGGGCGACACTTTTGGCAAGCCCTACTCCTCAGCCTGCCAAAGTCTCGCTCCCTTCATCTCCTTACTTTCTGCTTAACCTTGAATGAGGCAACACAGACTCTAAGGTCTCAAAGGTGCCGTCAGTGTATTTCACAATCAACGCACTACCCAAATCAGGCAAACCAAGATTCTCCGCCTCACCGATGTCAGCAACCTTCTGTCCCTGTGGTGTCTTAATTGTGCCTGTAATGGGTTGACCCTCTTGGAAAGTAACTTCAACTTTGAAGTTGGATGGCGAATGGGTCAAGTTCAGTGTAGCGCGTTTAATCTCCGCTTCATCTCCAACATACTCCCAATTTCCAACGAGAGCGCCTTCCAACTTCTGTTCACCGTATTTTAGGCTTACATTCATGCTTAAGGTCTGCGGGGTTGATTCTAACTTGACAGAAACATTGAGTGGACTCCCAACACTTGGCTTCCAATCGCCATTCAATGTAAAGTTGAGTTTAACTTGCTCTGATGGGGCAGTTGCGCCTAAGCCCTCGTAGAAAAGGTTGGCAGTGCCCTGGAAAGTCAGCGATGGAGAGGTGTAAACCAACTGACCTTCCAATTTGCGAGGGAGAGCATCTCCTTCGTCAAGCACGAAATCGGAAATATGCGCGTTGCTCAATTTCACAGTTATTCCTGAGCCTTGCAGGGTTGTGGAAATAGAACCTGACTTAGGCTTCACATCTTCTTCCCAACCTTGTTGGAACCAACTTTGTGGTGTTTGTTCAAATTCAATCCTACCATTTATGGTTAAACTTGCGGGTTTGCTGGTTTGTGTAGTAATTTGCAAGTTTGTGAGGGTTATGACTTGAGGTTCTTGTTCTTCACCGATTTTGGTCATGGTGACCTCCAGTTTTTCCACCTTTGCTGTCCCGAATTGAGAAGAGAGAGTGCCAGAGAAACTTAACTTGGAGTATTGTGGCAATTCTTGAGTGCTTCCGGGTACAACTGTGCCAGAGACAGAACCTTTGAAGGAAATGGGCTTACTTAGGTCGCTATCTCGGATGGTGATGTTCAAGTTAATGGCAGTCGGAATGCCCTGAGCATTTGTTGAGAACCGAATTTCACCGTCATACTGAACCGATGGGTCATTTTCCTTGCGAACTTTCAAAGTGTAAGTGCCATCTTCTGGGCTGATATCAAAAGCATCCATTGGTTTTGGTGCAGTGATGGTGAGCACCATACCTTGAGTGTCTCCAAATTTGGAAGTTACTTTCCAAGTTTTGTTGTCAATGTCGCCTACACGCACCAAATTCTGGTAAGAGACCTCTTCGTAAGCACCTGGAGGGTTACCTTCCAGTGCGTCTATGACCCTCAGAGGGAAATCCATGCGCTTACTGAAAGCCTCAGTTACCCTGATTTCGTCGCTAATGACCTTTTGCTGTTCCTCAATCGCTTTCTGGATTACCAACACTTCGTTATCCCCGATACCTTTGAGGGTTAAACCAAAATCACGAAGCATCTGGACGATGGACTTGGCGTTGGCAACATTACCTGTGGCTGGTTTGAGGTTACCTTCTTGATTTTGCACGATGTTTTGAACAGTCTCCTGCAAGAGTCCTTGCAGTCCTTCGCCAAAGTTCTGTGGCAATGGGGAACCTAACGCCCCTACAATGAGATTTAGCATTGGGACATTCTCCAACAACTTGTGAACCTCGTTGA
NZ_CP130454.1_gap70	2441916	2446640	4724	TGACCATGTTTCCCCACCAATAGTGCGCCGACACCAATCCTCATTCAATACGCTGTCGGTGGCATGAGGGTCAGAAGGGCAACGGTGGATTTGCCAATTTTTGATGTAGGGATGTGTCAGTTCTGGCCACACATAATCGCCTTGATTGGGATCATAGGTCACGAAGAATGGTGCAGGCGAAGTCATCAAGGGGACAAGGCGTTCATCATAGTCGTTGGTGTATTGGGCGATACCCATAGCAATGTTGCGGAAGTTGCTCAAGCAGTTTGACTGCCTTGCCTTCTCGCGAGCCTGGCTGAAAACGGGGAACAGAATCGCTGCCAGGATTGCGATTATCGCGATCACCACCAGCAACTCAATCAGTGTGAACGCTAAGCCACTTCGCTTCATCCTCATGCTTCACGCACCTCCTTGAAAGTTTTGTTCAGCGTTTGAGCAAAATATATGAGCCTTGCGATGTGATGCCAACATTATATCGCACATCAAGCCGTTTGTTAAGAGGAGCGGAATGTGTTCTAAAACTAACCATGCCACTGGCTTCAGCCAGTGGTTGATGACGAATTTAGTAGCGTCGCCCTTTATGGGCGACGGTCGTTTAGTCATCGGGGACAAGTTCTGCAACGCTACCTTCGCCATTTCGTTTCCGTCCTAACTATTTACCATTCGCCATTCGCCGCCGTTTCGGCTCGGCAGGAGCCTCACCCTCCCAATCTCACCCTCCCAATTTTTCCTGTCCCTCGTCCCACGACCCTCGTCCCGTTAAAAGTCGGCGCTCAGTTTTTGCGTCATTTGCTTTTGATTGCGTCATCAATTGCGGGTTGAAGCCTGTAGTATGCTCTGTTTCCCATTAATGCGCGCTCGTCTCGGTATCGTTTCTGGGCAATTCAAAGTTTGAGCAAGGCGAGAATCAATTTCTGCCAACTTGACCATTCGGGCGCATCGTCACTTACTGGGACACGAACGCCGCATTGAATGACCGTCCCTTTGCTAACATTGCCCTTGACAACGACGGTGTTACCGTTTGCCGTCCCGACGATTTTACCGTCTTGCGGTTTCATAGTGAGTGCCCTCGCTTCAACGGCAATCTTTTCGTTTCCGAGCGTCAAGGCTTTGATGTTCTGCTCTCTGGAAACGATTGCGACTTCAGGGAACAAATTTGCATGAGCCCTGTAGCCGCAGGCTTCAGAAAGCAATATGATTTTCCCGCCTTTCGTCACCCAATCTCTCAGCGCCAGTGCCCTTTGATATGTCAACTCCCTGACATCTCGCAACGGTGGGACAATCAGCACATCCGCTGCCTCCCAATAGGCTGGTTCCAAAAACCGGACGGGAAAAGCGTGGACGCCTGCAGCCTTCAAAATCCCGACAAACCGCTCGCTGCTCCAACCTTCCGAAACGACGCCAACGATTGGGCGCTGAGTTCGCTTTGGCGGTTTGTAAGGCAGTAGTGACTGAGCCAATTCATGGAACTCCGAACTTTCCATGCCTTTAACGAACGGACCTCGCTTGACGAAGGGTTGAGTTGAGCCGTTTGCGAAAACGACATGACCGCGAGCCACTAAGCGAACCGTCCCAGAAGGGATGGCAGTTTCGCCTTTGATGAATGCACCACTTTTAACCGCATCTCCGTCAAAAGTCGCTTCAGCGATAACTTCCTCGGCAAATCCCTCATTTCGTTCCCACTGAAGGGTTAGGTGCAACTCCTTCAAATCGCCTCGCAACAATCCGGGCGAAACCGTGACTGTGAACCGAACTTTTTCGCCTGCTCGGTAAATGATGGGCGAATCTTTCAAGCGGATGCCGTTGCTTAGGTTGAAGGCAATTTGAGGCACTCTGTGGGCGGGATAAGTTGGTTGGGAAGTTGCGCCCAAAGTTAGGGCTGCGAGGAAATCCTTTATCGGTGCGATGTTGTAGGCGAAGATGACGAAACCGTCGGCACCCAAATCGCGGGCGATTTTGACTTGCTCAACGAACTGCCACTCGTCGGCGTGAAGGTATGCGCCGATGCCTATTGCGATGGGAATTTGCCCGTTGACTTCCAAGACCTGCTCACGAACCCGTTCAAAGAAAGCGTCGTTGTCGTTAGTGTAGTCCATCGGGCAGACAAAATCCAAAATCCTTTCCCGAACCCATCGCATCCAGTCCTGCTTGATGAGGGCGTAGTAATAGCGATGCCTTTGCCACACGGCTGCAGAGACAGCCACATCGGGGCGGGCGTCCTTGACAGCGTAATAGACGCGCCTGACGAGGTTCGTGATGTTGTCCCGTTGCCAATCATCGTAAAGGATTTTGAGCGGACCGAAGAGGACTTGCTGCGGAAAGTTAGTCAACTTGATGCCAGTGGCTTTCTCAAACTCACGCCTTGAAACTTCGCTGTAGTCAAAATCGTAATGCGGGACTTCGGGGTAGCGGATGTAGTCAAAGTGAACGCCAGCGACCGGATAGTTGAGCATTTCCGTCATTGCTTGAAACTCGTGCTCTTGGTTTCGCGGGTCGCCGGGATTGAGCCAGAGAGCCTGTTTGCCTTGAGGGTCTCTGACGAGCCTGTCTTCCTTTGCCATTTGCTCCTTCAACCAGTCAGGAGCAGTCCCAAAGTGATGGTTGACGCGCCAAGCGTGAAGTTCTATGCCGTAACGGGCTGCCGCTTCAGTGGCGTTTTTCAGTTCGTCCAAATCCCCTTGCTCAGCCCAAGGGTCTCGTGGCAGGAATTTGCTTCTGTAAACCACATTGCCGCCACGACCTGCCCTGAAAAAGAGGCAGTTTAAGTTGGCGCTTTTGATGGTTTGCATCACCGTCTCCCAATCGGTGGGGGCGTAAGTGTGAAGCCAGACCCCGCGAATTTCACCTTCACGGGGCTCAAGGGAAATTGCCAAAGCCTTGTGAATTCGTTCGTGGTCGCTCAAAAGTTGCTCCAACCTTTTCAGCCAAACTGACCCGTCCGAAGTAAGCGTGAACGAAATTTCCGCAACAGGGCGCTGAAGCAAGTTGATGGCTTCCTTTTGCCGCTCAAGGTCTCGGAAAGGTCGCGAACTAATTTCCTGAAGCCACTGCTTTTGCTTTCGTTTCAGGCTTTGATGCCAACCTTGCCATCGCAATTGTAAAGTTCTTTGAAACCCTGCTGGGATTACCGTCCCTTTCAGAAGCCAACCCGCCAAAAACCTTGCCCTCTCGCTGTTTGGCAAGTCTGGAGGGAAGGGTTGGAAGACGACAACCCAACTGTTTTTGCGGGCAACTCCGTTGGCGGAATTGATGCCGAGGGTCTGTCGCCACGCAGCAGTTTGGTCACCGACGAAGGCGAAAACGACAACTCGGCGAGCGTTTTTCAACTTGGCAAAAACATCGGCATCGGGGCGATTGGCAGGCAACACAAAAATACCTCCAGCGTTGTCGGTTAACGCTGATGCGTTAACCCGTTGGAACGGCATCCTCAATCTCTTCAACCACCACTCAACGAACTCAACTTGCTCGTTGACCAAAGCCCTGCTCTCTGCACTCGTGGCAGCCCATCGGTCATCTCGGACGATGATAATTTGCGCTGCCAGAGGGACTGAAGTCAAGATGATTGCCGTGACAGCGAGGGCGAGTATCTTCACTTTCCTCACTCCTTCCCCTTTCCTCCACTGAGCGCCAAGATAAGTTTGCGAGTTTCGTCCTAAAGTTGCCACACTGTCTTGCCGATAGACAAAACGACGCTGAAAGAGGTGATGCCCGATGCGTATCTCGCCGGAGACTGTAGCGAAATTGCAGGCGCTGCTAACGGAGCGGTTGGGTAAGGCTGAAGCGTCGGGCAAGGCAGTTGCCCCGACGGGTGAACTGCCTCGTTACGAAGAACCCGTCGTTTTATCGGCTGAACTTAGGCTCATCTTGCTGCTTCACGAAATGGTTCAGAAGATGAGCGAAGTTGACATGGAGCGGGTAGCGGAAGTTGCAAAGCAATTGCAGAGCGGCGATTACAGCCCTGATGCAAAAGCCGTAGCGGAAGCCATCCTGAACGAACTGGGAGTGTGAAAAGCCATGCGTGACGGGACGGCAGAGCGGTTGTGTCGGGCGTTAGCCAACCTTGTCTCGGCGCTCTGCCGAGATGATGTCCAAGCCATAGAGAATGCCTCCCTCCAACTTCAGCGGTTGCTGGAGTTGGAAGGGGGGCAACTTCGCCAATCTTTGGACAGCGAAACTTTGCGGGAAGTCAAGAACTTGATGGAAGCGGCTCAATGCCTCGTTTGGGTTAGGTTGCTTTCTGTCGCTGAATCTGGAACTGTCGCCACTAACGCTTTGGTTCGGGAGAAGGTTTAAGGGGGGAAAGATATGTCTCTGTCCGTCACATTGCAAGCGGCGCTTCAGTCCCTTCTGGCTCACCAGACTGCTTTGGCTGTCGCAGCCCAAAACATTGCCAACGCCCAAAATCCAGACTACTCTCGCCAAGTCGCCAGACTCAAAGCATCAATTCCCGTCCCAGACCCAAGTCTGAGCGAAGGGATGGCATGGGGACAATTGGGAACTGGCGTGACGGTTACTGAAATCTCACGCCAGTATGACGCTTTGTTGCTGACTGCGTTGAGGATGAGTTTCAGCAGAGTTGCACATCAAAGGACTTTGCTGAACGGGTTGGAGCGATTGAACGCTATGCTCAGCGAACCTTCGGAAAGCAGCCTCAATACTCTTCTCGCCCAGTTCTTTGAAGCGTGGCGCGATTTGGCTTCCAATCCCGAAAACATCGGCAACCG
NZ_CP130454.1_gap71	2479725	2484387	4662	TGCCGTTGTGACCTAAAGCGAAAGGTATTCCACGATGGTGCTCCATAAAAGGTTGAGCGTTGGCAATGTTTGAAGAGCCAGTCGTGGAGTATCGGGTGTGTCCGATGGCGATGTGACCTTTAAGTGCCAATAAAGTCTCTTCGTCAAAAACCTGAGCGACCAAACCCATTCGCTTGTGGACTTTAACGGTGCGACCATCAGCGACAGCAATTCCAGCGCTTTCCTGTCCGCGATGCTGCAAGGCGAACAAACCAAAGTATGTGATTCGGGCTACATCGTCTCCCGGGGCGAAAACCCCAAAAACTCCACACTCTTCAGGCAACCCTTCGCCCAAAAACTCATATTCGCTCATGGCTTCAACGCCTCCAGATGAGTGCTAAGTGCCGGGTGCAAAGTGCAGTTCTCCGAACTCAAATAGTAGCATAGCATTGCCTCTTTCGGCAAGCATCTTTTTACCTGACTGGCAAAATTTCGTCCACCAACGGGTTCTGCTCCAACAGTTCCCTAAGTTCGGGAGGCGGAGCGAACTGAACCCTTTCTTCAGTCAGTCGGAACTCAACGACTTCTGTTGCCCCCAATTCCTGCAAGCGTTGGATGACTTGTTTGACAAGAATTTCGGGCGCAGAAGCACCCGAAGTCACGCCGACGGATTCAGCGTCAATGAGCCATTCTGTTCGTATGTGGTCGGCTCCGTCAATCAAGTAAGCGGGACAACCGTTAGAGATGGCGACCTCCTTGAGCCTTTGGCTGTTTGAACTGTTTTGAGAGCCGATGACCAAGATGACATCAACTTGCTTAGCCAAAGCCTTGACGGCGTTTTGGCGGTTTTGGGTTGCGTAGCAAATGTCGTCGGTTCTTGGACCGACGATTTTGGGAAATTTGCGCTTTAAGGCTGCGACGATCTCGGCTGTGTCATCAACGCTCAAAGTCGTTTGGGTCAAGTAGGCGACTTTTTCGGGGTTAGGAACCTGCAACCTCTCCACATCTTCAACGCTTTGCACGAGATAAGTGCAATGTGGCGCTTCGCCCATCGTCCCTTCAACTTCTTCGTGACCTTCATGTCCGATCAGGATGATGCTATATCCCTGTTGTGCGAACCTGATCGCCTCAAGGTGGACTTTGGTAACCAAAGGGCAAGTTGCATCAATGACGCGCAAATTTTTCCTTCTTGCCATCTCTCTGACCGTTGGAGAAACACCGTGAGCGCTGAAGATGACGGTTGCACCGTCAGGAACTTCATCAAGTTCGTTGACGAAGATGACGCCTCGCTGTTTGAGCCGCTCCACAACGAATCGGTTGTGGACTATTTCTTTGCGGACATAAATTGGTGGCGGAAGAAGTTGAAGCACAGTGTTCACTATCTCAATTGCCCTGACAACCCCTGCACAGAAACCGCGTGGGGCAGCCAAGACAACCTTTTTCAATTTCGGCAACTTCATTTTAAGGTTGCCCTCCTTTAGGTCACATGTTTCACTCCATCGCTAAAGTATGAGGCACCGCCAAGAAAGTAACCAACAAGCAGATGAAACCGACAACAACGAGCCAATGAAGTGTTGCTGCTTCCCAACGCCGCACGAAGCGAGCGTGAAGGTAAGCAGCGAAAACGCCACCTGTCAAAATGGAAAACAAAACTTTAGGGTCATTCCACTCGCTTTTCCCTTCCATACGAGCCCAAACTATTCCAACGACCATGCCCAGCACCAGCAAAGGGAAGCCCAAAAGAATTAACTGGCTCGTCAACCGTTCTGTTTTTTCCAAAGGCGGAAGTTTTTCAAGGAGAGCGAGCGGTCGTTTGCGCTTTAGTGACCACAATTTGAGCAAATGAGTAACTGCTGAGCCAAAGGCGAGCATCAACATCAAATAACCGCCCATCAAGAGAGCCACATGGACGAGCCAAATGTCTCGCCTCAATTCAGAAGGTAGCAAAGTCGGTCTCTCAAAACTACCGAAAGCCAGCAATATTGCCGATAAGGGCAGAAGGAAACCCAAAGGTGCTTCCATCTTGCTTTGTTTGAATTGCCAAAACGCCACCGCAGCGACCAAAACGCTGAGAACGACCGCAACCGCTTCAGGCGTGTCTAACTTCAACCAACCAGTCACCGCGCCTTCGGTGAGGTAGAGGAGATGACAAACTATGGTGGCAATAAGCAAAGGTTTGAGGAAGAGCAGTGGGTGCTTTTGAGGACGCCATAACCTCCACAGCGTCACGCTTGCTATGACCAGATAGCCCAGAAGGGATAGCCAACCTAAAAGTGTCCAAATGAAAGCCAATAGCATCACCTCGTTACCCTTTTTTCCGCTTCGCCCAGAATTTGCCTTAGAACATCCAGTGCCTTTGGGCGCTTTTCTGCAAACAGCCATTCAACACGAAGCCAAAAACCCTTGATGACCTCTGACTTCAAAACACCTTCACTCAAAACCTCCTCAACATAACCCTTCCGCTTCTTCCTCAAAACCTTCACCTTCTTCCTCGGCAGGTCAACCAACCAAATCTCACGAACCCCAATGTTTCGGTAATCGGTTTCAAGGGCGATGATGTCTGAAGGTCTGTCCGTGGGCGAAATTATCTCAACAACAAGGTCAGGTGCTCCATAAACGCCTTTTTGCTTGACAATGAACTTCCTCGCCCAACGAACAAACAAAAGGTCTGGCAAACGACCACGATAAGTGTGAATCTGAACCGCCGTCCGTGAACCTAAAACTATGCCTTGATCTGTTGCCTCAACGAACCCTCCCATCAACCTCATCAACCAACTGAACAAATCCTCATGCTCCAGTTGGGCAGCCATTCTTTTCACCACCGTTCCGTCAATCAACTCCACATCGTCGTCTTCGTTGAACATCTCAACGAACTCGTCAAAGGTCAAAGGTCTTGGCGGAACGAGGGCAACCCGTTGCTCCCTGAACTCACGCAACTCAGAAATCACCAACGCCATCTCTCTCACCTGCCTTGCAGCGTTCACTTTTTGAGAATTTCGTTAAGTGCCTCCCTGAGCCTTTTCTCCAGCAAAGCCTGCCTGACGATTTTGCCTCTTAATTCCGACAGTTTGATTTTGTCCTTCCCATCTGTCGTCGGCAACTCAAAAATCTGGCGCAGGTTTGTCAACATTTTCGCTATGCTTCTGCACCACCGTGCTTGCTTTTTCTGGGGCGGATTTGGACAACGGTGACAGTCTCACGGAAATCGTCAACTATGACCGCTTCACCTGTTCGCTCCAGTTGACGGATATAGTGGCGGAGTTCGTGCGCCATGTAGTCGTGGCTGAGTTTGTTTATGGCTTCAACATCCTCAAGGGCTGTGACTTTGTGGCACAAAATCAAATCGCATTGGCTCAAAACTTCTTTGTCAATAGCGCCCGGCTGTTGTGATGCGATGATGAGCGACAAGCCAGGTTGTCGTCCCTCCTTCACCCACTGAATGAGAGGTTCTTTAGCCAGAGCAGTCTTGCCTGCTGGGACGAATTCCTGAGCCTCATCAATTGCCAACCAAACCTTCGGCACTTGGGTAGGGATGCCCAGTTCTTCCTGCAATCTCGCTTCCTTCCGTTTCCTGAACAAATCTCGCACCAAAACTGCTGCCACCAAATTTCTCAAACTCACCCGCCCAACTTCCAAAACACCCAAATCCACGACATTGACTGCACCGATTTGAAAAACCTCCAGCAACTCATAGTATCGGGTGCTGAACAAATCCCAATCGTTGGCTGCAGTTTCTAAACGCAAAACGAGGGCTTGGATGCTTGTTTCACGGATAAGTGGGTCGCTGTAGATTTCAGCGATAATGTCAGCGACGGTGAAGAAACGCTCGCGAGACCTTTGCAACTTGCTGACTGCCCGATAGAGAGCCAATCCCATCGGTGTTGCGATGTCAATGCCGAAAAGTTCAAGCCAACCATCAGGCGGCAAGTCACCCGGGTTGAGCCTAAGTGGCACAACTTCAACGCCACGCTTTTCAAATGCCTCCACCACCTCTTGCCCGTAGCGTCGGTAAGGGTCACCGGGGACGAGCAACCTGACAGGCACGCCTTCAGCGAACATGTTCCAATCCCACAACAGCCGTTCCTGTTCCACATTGGGCAAAACCATCGTGTGGAAGTTGCGCATGGGATCAAGGACAATGACCAACACATCGTCCCGCCTGACCAACTCCTCCAGAAAAACGCCCATCGTGTAAGATTTGCCGCTTCCTCGCTTCCCGCAAATTAACACTGCCCTCGCTCGGCTATCGTCAACGAAAACGATTTCGCCCGAATTCCTGTCGCGCCCAAGAGAAATCATGTTCTCACCGCCCTTTCGTTTCGCTTCATGACCCGCCAATTTGCCAACTTAACAGAATTCCCGACCTGCCGACTTGCCGACCTCACGACCTGCCGATAAGTTTGGTTTGGCAATAGCATCGCCCTCCCCATTTCTCCTTGCCTCGTGTCGCTTGTCCCATCCCTTTCAATCGCTTTGTTCAGGTTTCGTCCAATCTTCAACTTGCAGCCCGTCAATATGTTGAAAGTGCTCGTCGCTTGTGACAAGGATGAGACCGTAAGCCAAAGCGATTGCTGCTATCCAAATGTCGTTGGTCGGAATGGGTTTGCCCTTTCTAATCAGTCGTGCAGAAATTTCGGCGAATTGTTCTGCGACATCAGGAGTGATGGGCAAAGGGTCAGAAAT
NZ_CP130454.1_gap72	2493251	2497164	3913	CATCCCGAAGGGAAAACCGTCCGCTCTTTTGGTCTCTCGTGATGACTGATGGGTTCAACGCCTTCAGCCAATTGATTGCGCCGTGAACGCTGTTTTGGCTGAAAGCGATTTGATTTGCGTCCACGCCATACTTTTCGGCAGCAGCATTGACAACTATACCAACCAATTCCGCTTTGCCCCGACCATCCAAAACCCAAGTCCCACGCTCCCAAAGCCAATCGCAAATGGTCGCGTAGGCGAAAGAGAAATAAGCGTCAGGTTGACGCCAGTGAAGGGTGTAAAGGTGGACATGAAGCGCTTCCGCCAAAAGGTCAGGATGACTTTGCCCCAAAACCTTCAACCTCTCCCCAAACTCACTCAACCGCCAACCATCTAAAACGCCAAGTTGGCGCAAAAAGGGGGCAATTCGCTTCTGCAAACTGCTGGTTTTAACGCCAATCACACTGCTCACTTTTTCAGGAGCGATTTCGTCTTCATCACTATTCATTACCATAAGACCAACAACGGTCGGCGTTGTGTTGTGCTGGATGTGGAAAGGCAATCGCTTTGCGCCCTTGCGTTTCGCCATCGCAAGTTCGCCTCCTGAGACCCTGAATCCTGACCGCTACCACTTTGAACATTAATTTTCGCCCCAACTGAGCAAGCGATTGAGACGGACATGGGCGAGGATTTCGCCACGCTTTTGTGCTTCTAAAACACTTTCACGCCATCCAGTCCAACTCGCTGCGACTTCAACGGCAATTTTGGCGCAACCGTCATCAAGCAACAAACATCGGCTCAAAAACTCTTCCAATTCGCTTTGCCAAATGAGCCGCTCACCAACTTCAATTTCGTTCAACCGATACCAAACCGAAAGCGCCCAAGCGACAGTGAGTGGATGACAATGTTTCCTGCAGCGGAAAATCAAGCGATTGCTCAACTCGCTCCTTTCAATCACTGGTGGGTTCAGTCCCTTGAGCCAATTCAAAGCGCCTCGGACGCTGTTTGTGCTGAAGGCAATTTCAGTTTCAGGGATGCCGTAAAACTCAGCACCACGCCGAACGACAAGCCCAACAAGTTCTGAAAGAACCTCACCCGTCAGCGCCACTTCCCTTCGCTCCCAAAGCCAATCGCAAATGGTCGCATAGGCAAAAGAGAAGCGAACAGTCGGTTGGAAGCGATGGAGCGTGTATAAATGTCCATGCATTGCGTCAGCCAAGACACGAGGCTCTTCCTCTATCAACCGCTTCAAACTTCCTCCGAAGGGTGTCAATGCGGCATCTGAAGCGAAGACACCTGCTTGGCGCAAAAAGCGGTAAATCAAGTCCTTCGTGCCACGCTTGAGAGAAATAGGCTTACCTGACAGGATTCTTTGCAAGGCGTCAAGGGTTGTGTTGTGCTGTATATGGAATGGCAAAGCATTACGAGACCTTTGACATCGGCGCAACCTCTCATAATCCTGCGCCCGTTCCATAACCCGAAGCAACTTTTGCAACAAAGGAGGCAATTCATCTTGCCAATCTGTCATGATTTCCAACCTCCTAACGAGAGCACTCACTTTTCGCCCCCAACTAGTTTGAGAGCCCTATGGCTATCTCCACAAAAGTGGCAAGGTTGTGCAACAAACGATGCCACCGAAAACGACGGAGAGATTTTTCGTCGGCACAAAAAGGGCAAACGTGTCCACTTTTGCGCAGGAACCTCTGTGCCCTTTCAAGTGAAGTTGTGATGCGTCTCGTCAAGCAAATCCTCAGGGAGGTCGTTCCTTTACCATCCACTGCGAATACATATCCAAACCCTCCAGCCTTCCACCAACCTGTGCTGTCAAAACTTGTTGGCTCAATTCCTTCATTTTTGAGCCGAACAAGATAGGTTGGGTTGCCTATGCCGAAAATGTGGAACTTCATCCCAAGCGAAAGGGCTTCGTCTTGAAGTGCCTTTAGCAACTTCAGGCTGTTTTGGGAAAGCAAGTTTACGCTTCCGTCCCGACCCGATGTCCCGAAACTTCCGAAAGCGATGTAACGAACGCCCAATTCGTGCCACTTTCTGACACCTTCCCGAATTTGCTTGACCGTCCGACCATGAACCACTCCAATCACCTGCCCCGTGTCCCGTGTCCCCTGGAACACCCACTTTAGGAACAACTCGCCCATCGTTAGTGTCTCCTTGATTTTGCGTTCCACTTCAGCGTCGCTGTCTCGTGAAGTCGGGACATGGTCTGGCAAGACATAAAAGTCTGCCCTAGCCTCCTGCTCGTAAACTCTCCGCAACTCCCGACAAAGTTCCTCATAAGTCAGTTTGCCCGTTTGGACTTGATAGCCCCCGCTGTCAAAGATGAGGGACACGGGACATGGGGCATGGGATACGGGTGAAGATTCGCCAGTGCGCCACGAACGAAGGAGGCGCAAAGTGGCAGGAGGAACGAAAAGGGGTGAAACGATGATGCGCTCAAAAGGGTGAAAAGGTGGCTGACCGCTATAGCCTTCGTAAAAGCGACGGACAAGCGCTCTTATGGACGACGCATCGGCAGTCAAGCCGACATAGAACTGCCAGCGGGTTGTGGGTTGCGAGTTGAGCGTTGAGTGAACAAAATCCTGAAGGTCAAGTTCCCAAATGGCGAGGGGACGACGGTTGCCATCAGGGTTTTCAATGCCAATGCGAATGAAGCCGAGGCGTTGGTAGAAGCCGTTGGCTGGCAAGTCTATTGGACATTTCAGCCTCAAGCAGGTGCAAGAACGAGAGCGTGCATGAGTGCAAACTGCTTCAACGAGTTTGCGACCAACTCCTTTGCCACGCCATTCAGGCGCAACCACGATTTCGTAAATGGTCGCATGACCGTCTTTGCAGCAACGGAAGTGGACAAAGCCGATGATTCGGGACGAGGGACGCGGGACGAGGGACGAGGAAACGACGGCAACCAGCAGGCGGCGCTCTTGAATGGCTTTTTCCAAAGAAGCCAGTTTGACGAACCCCAACTCACGCCGATGCTCATCTGCCAGTTTTTTGACTACTTTCAAATCACGCCTCTTCGCCAACCGAACCTCAACATCCATCTCAACCACCCACTCAAAGAGCAAATTCTTTGCCGGCGAAATTTTGCCACAATAAGGGCATGGGAGGGCGAGGTTCCTACCAAGCCATGCCAAAATTTGTTCGTGGTCAGAATTGAGGTCTCTGAAAGGAGCGTGGGCGATTATGCGAAAGTTGGCATGGGTTGTGGGTGCTATCGCAGCTTTCGCCCTTTGGCTCGCTTCAGCCAACGCCCATCAACCTTTCCGCTTCTCCGACGATTTCAGCAAATACCCCGCAGGTAGCATTGGCGAACCTAACTGGGAAGTGACTGACATTGGGTTTGAAATTCGCAACGGGACGATGCACGCAGAAGTTGTTGCTGGACGAGGTTATGCCATCTTAAAAGTTGCGCCGATGGGACGAAGCGTCACCGTTGAAGCGACGCTAACCGTCCACCGAGCCATCAGCACTGGTTGGAAAATCGCTGGTGTCGGCATATTCGTTGACGAACGCAATTACTGGCACATCGCACTGGTTGAATCGCCAGACAATCAAGGCAAAAGACATTTCGCCGAACTTCACCAGATGCTTGATGGCGTTTGGCTCTCCGATGTCCAAGACCCGACACGATTGACGACCGAAGAAGAAACGGGCGGATTTGATTGGGAGTATGGGCGACCCTATCGGCTGCGCATCGCTTTGAGCAAGGAACGAGTTATCGGCGAAGTTTTTGACGCTGACGGCAAATTGCGTTACCGTTGCGTCCGAAGGCTTGACAAACGGGCAGTGACTTTCGGGCGACCAATTTTGACTTGCGGCGGCTTCGTTGCAACTTTTGACGATGTTAAAGCGGAGGTGAACGAAATCGTGTCAGAACCAAAACGAGAGCGCAAAACCTACCCGCCTTTCGTTTCCCGTCCCT
NZ_CP130454.1_gap73	2641519	2644599	3080	GGGAGGATTTGATTGCCAAGTATCGCCAGAAAGCCGAGCAGATGCCGGACAACCCGCAGAGGAATCCCATCATGGGCGCAATGATTGAAGCGATGGACAGTTGCATCGGGATGTTTTTGCGCGGTCTGGAAGAGATGGGTCTGATGGAAAACACCATCATCGTTTTCACTTCCGACAACGGTGGCAACATGTATGACCGAATTGGCTTGGGTCTTCCGCCGACAAACAACGCGCCACTGCGCAACGGTAAAGCGTCGCTTTACGAAGGTGGCACGAGGGTGCCGCTCATCGTCGTTTGGAAAGGACGCATCAAACCAAACAGCATCAGCGACGCCATCGTTTCCAGCATTGACTTTTTCCCGACGCTTGTTGAAGCGGCTGGCGCAAAAGTTCCAAAGGAGCATGTCGTTGATGGTGTGAACCTTCTTCCCGTTTTGCTTGGGCACGGTTCTTTGCAACGGGAAGCCATCTTCTGCCACTTCCCACACTATATTCCAGCGACGGGGACTGTCCCCGGCGTTTGGGTTCGCAAAGGCGATTGGAAACTCATCCGCTTCTTTTGTGACAACGACGACCAAACCGACAGGTTTGAACTTTACAACTTGCAAGAGGACATCGGCGAAACAACCAATTTGGCTGAGAAGTATCCGGAACTTGTGCACGAACTGAATGCTTTGATTGACCGTCACCTTCAGGAAACGCAAGCCCTTGTGCCCACAAAGAACCCGAACTATCGCCCGCCGGTGGCAGGTTGGCAGCCATCTCAAGATGCTCGGCTATCGTTGAAAGGTGGAATGTTAGTCGTTGAGAGCATTGGCGGCGACCCATTCATCTTCACCAACGATGTGCCGAAAGTTCAAGGGACGCTAATTGTCAAGGTGAGGATGGCATCTAAGTCAAAGGGCATCGCCCAAGTCAACTGGGCGACGGAAAAGGAAAGGCAATTTTCACCGCAGCGGAAGGTTGTGTTCAACCCAATCCACGACGGTCATTGGCACGAGTATGAAGTTCGTTTCACATGCGATGCACCGCTGTTGAGTTTACGCCTTGACCCCTGCAGTGCGCCCGGCGTCGTGCAAATTGACTGGATTAGGCTGGTCTCCGAAGATGGCAGACTGCTTAGGACTTGGGAATTTGAGAGGTGACGGAGATGCCAGAGCAAGCGAAAATCGTTCCGCCTGAGCCTGACGGCTTTTTGCCGTTGCTTCTCAAAGACTTTCAAGCGCCTGATGCGCCGTTTCAACCTGATGGCGAATGGGAGAGCGTTTATCGTCTCTTCCTGATTGGCATTTTGGATGCGCCACAATATCGCGAATGGCGATGTCATCCTGCCGGTGCGTTGCGGTTATCCCGCAAGCCAAGACCTGATGGCAATTTCGTCTTGCAAGTTGAATTCATGGCTCACCAATCCCTTGAAGCCCACGCCCGTTCGTTTGACTACATGCAAGCAGAAATCCTTTGTGCCGATGACGATGCTTCTTCCCTGCTTCGTTGGAGACGACTTTCAATGCAACTGACGCCGAAAGGCGAACCCATTGAGGGGACGAAGTTGGAGATAAATGGCGAAGTGACCCCGAATGGGCTTGTCCTTCGCTACGCTGGTCGGGAACGAAGAATCAAAGCGCCGTTGCCCATCACTTGCGATTGGGCAATTTTTGACCTTGTCCAAAGGCTCTCCCAAAAGTTGGGCGAGCAACCCCTTCGCCCATCGGAGCCCAAACCTTTGCTGGAGTTCGCATTGCTTGAAGACTTGGAGTTTCTGCGAACCAACCATCGCATCTTTGCAAGCGAACCTTTAGAAGGGACAGGGGACACGGGACGAGGGACATGGAATGTGGAAGTTGACGGGAAGCGGTTTCGTTGGCGTCGCTTTGTCCAGTTTGGCGATGGCGTTTTGCCTTGGACTTATTGCCTTGATGAGCACCATCGTTTAGTTCTCGCCTACAGTGGCATGCGTGCCTACCTTTACGACCCAACCGCTGAGTCGGCATTCCCGTTCGGAAGGGACAAGGGACACGGGGCAAGGGACATGGGAGGCGAAAGGGTTGGTTGAATTCGCAACCGCGACTGCATTTGGTCGGCAGGAAGTTAAGGGAAGCAATGAGGTGACAAATGAGAGGTGAGGGAGATGAGCCGAAAAATGGGCAGGCGGGAATTTTTGCGGGTAGGCGCTTTTGGGGTAGTGACGGCGATGCAGAGCCATTATGGCTCAGTGAGGGTTCAGCGCCGACGACAACCCAATCTGCTTTTCATCCATGTTGACCAAATGTTTTGCGATGCCATGTCGGCTCACGGATGCAAATACATCCGAACCCCGAACATTGACAGGCTCGTCGCTCAAGGCATTTCTTTCAGGCTTTCCTATTCCGCCAACCCTGTTTGCTGTCCTGCAAGGTCGGCTTGGTATACAGGTCGCATGCCTTCAGAAACGGGCGTGGTTGTTAACGATGTCCCAATCATTGAGGGAATTCCCGACTTGGGTCAATGGTTTAGGGCGCGAGGCTACGAGGCGGTTTATGTCGGCAAGTGGCATGTGCCGAAGCGACCCCTTGCCAAAAGTTTTACTGTCCTTCCCGTCGGTCACTTTTCAGGTCAACAAGGTGATGGTGCGATTGCGCGCGCTGCCGTCAACTTTTTGCTCAACTATCACAGCGACAAACCTTTCTTTCTCTCGGTCGGCTTCTTGCAGCCCCACGACATTTGCTATTGGTGCTTCGCTCACCAAAAGCCCATTGACAAAATTCCCTTCCCCGAAATCGCCGACCAGTTGCCACCAATTGAGAACTTGGACTTTGACCCCAGAGAACCCGAGACTTTTCAAAAGAAGTGGCGTCGTGGTTGGCGGTGGGAACAGTTTTCCCAGTGGAGCGAATGGCAATGGCGCTACTACCGTTGGAGTTACTACCGCCATGTTGAGATGGTTGATGCGCAGGTTGGAAGAATTCTGGACGCTTTGGAAGATTCAGGGCTCGCCGAAAACACGGTGGTCATTTTCTCATCAGATCACGGTGACGGGATGGGCGCGCATAAGTTGTGGCAGAAGATGTATTTCTACGAGGAAGCAGCGAGAGTGCCTTTCA
NZ_CP130454.1_gap74	2647967	2651536	3569	TTTTGCCCCTCGCTTTCCCCAACACGAAATTGCTCCCAATGGACGGGAGATTTCAGCGTGAAGGGTCCCAGAACAGTTTCTCAGGGGTTTGTAGTGGGCGGTGCAGGGATCGAACCTGCGACCTTCGGCTTGTAAAGCCGACGCTCTCCCACTGAGCTAACCGCCCATCCGCCAACTTCATTGTAACGCAACTTTGGGCGATGAAATCGCCTCCAAAGTTTGAAGCGCCAGCAACTCAAGGGCAAGTTGAGGGTTGGCGTTAAGGGGTGGGCGAATTCGCCTGAAGGTTTGACGGAGTTCCAAAAGCACCTTCAAGGCTTGTTCGGGAGAAAGCGATGTCCTTTGCAGCAAGGGTTGCCAGTCAATGTTGACAATCAGGTCGTGAGCGCCGAAAGCATTCGCTAAGATGTCACGCCAACCCAACATCAACCCCTCAAGCAATTCCTCAAGTTGGCGCCGTTGCGAAGCCGTTGAGGTTTCGCTTTCACTATCGCCTTCCTCCACGCCTTTCGTGGAGATCTCGGCAAAGCGAAAGACATCAAACCAACTCATCGTCACCATCATGTTGAGCAGGTTGGAAAGGCTTTCGCGGGTTTGTTGCCAATTTTGCTCCTTTGCAGCCTCAATTGCCCATCCAATCCTTCCCCTTGCCAGACGGGAAAGAAGAGAAGCCTTTTCGTCCGACAAGCCCTTTGCTTTCAGCGCCGAGAGAATGACACTTGACGGGACAAGCCGAAACCTTAAAGGTTGACAGCGAGAGCGAATGGTTGGGTGAATTGCCCAAGGGTTAGCGCTAACTAAGACGAACAAAGTTCGGTCAGGCGGTTCTTCCAAAGTTTTGAGGAGCGCTGCCGATGCCTCTTCCGTCAACCTTTCTGCCTCATCCACGATAACGACCCTGTAGCGCCAAAAGGTCTGGTGGGACAAGGACTCACGGAGAACCCGAATTGCATTGATGCCCAAGGAAAGTTTGGGCTTAAGTTTCGTCGGGTCGACAGTCTCGCCCTCCTTCGCCTTCTCCTCAGCCTCCCAATATGCAGCCATCAATGTGTCAACGATGTAGACAGCAGGATGGGTTTGGGCGTATGAAGGTCGGTCGGGGGATAAGTGACGGCAGGAAGCGCATTGGTCACAAGCGTCCGTGCCGTCCTCAGTTTTCACGGGCGATTGACAGTTTAACAACTTTGCCCATTCAATCGCTAAGGTTCGCTTGCCCACTCGTTGCGGACCTGAAAAAAGCCAAGCGTGGGGCAAAGTCCCTTTTTCGGTTATGCGCCTGATGAAACGGACAGTGTGCTCGTTCCCGACGAAATCCCTTAACGCCATCTCGCCAACGCCTCCTCAACAAGTCGCAACGATTGGGTCAGAACAGCCTCAAGGGGTTGAGAAGCGTCTATGACTTTGACCCTGTGCGGTTCTTGTTTCGCCAGCCACAAATATCCCCAACGGACTCGCTGGTGGAAATCCAGCGACCTTCGCTCAAAAACGGTCTCCCGTGGTGACCTTTTAAGCCCCGCTTCCGGGTCAATGTCCAGCAACAAAGTCAAGTCGGGAACGAGACCGTTAGTTGCAATGTTGTTGAGTTGCATTAGCCACTCTAAGGGCAAACCCAAACCGAAACCTTGATAGGCGATGGTGCTGTCGGTGAAGCGGTCACACAGGACTATCTCGCCCCTTTCCAGAGCGGGCTTGATCACTTTCGCCACATGTTCGGTCCTGTCAGCGAGAAAGAGGAAAGTTTCAGTCCACGCCGTTCTTTCATCAACTGTCGCCAGCAGTTGTCGGATGTGGCTTCCAACCGATGTAGCCCCCGGTTCGGCTGTCACCGTTACGGTTAAGCCTTTTTGGCGCAAAATTTCGGCGACCAAATTGGCGACCGTCGTTTTTCCGCTCCCCTCAACTCCCTCAAAGGTGACGAAAAGACCGCGCATCTTTGACCCTCCTCAGCCTTTACCTTTCAGTCGGTGTTAGGGTAGATGACGACGCGGCGTCGTGGTTCACGACCGATGGATTCGCTGGGCAAGTGGTAACGCTCGGCAACTTGGTGTTGGAGTTTGCGCAGATGAGGTCCAACAGGTGTCAACTCAACGGGTCGGTGCTCTTCCAAAACAATGCGGGCAGCAGCCTCAGCCTCACGGATGGCTAACTCCTCTTCAGGGGTGCGACTTATGCCAAAGATGAGTCTCAAAACTCGCTCTACCTGCGTGTATGTGTTGCTTCGGATAGCAAAGACAGGCTTTTTCCCCCGTTCGGCGATGGCGCGCAGATTGCCGTGCCCTTTACGCAGGTGCGATTCCAGTGTGAGGATGAAATCGGAATCGTTGGGCGAATTGACCAACTTCAACGGGATGCCCAGCAAAATGCTCGCACGCTCCAAATGTTTGCGGGAGACGCCATAGGCGTAGACACGCCCACCTTTTTCCCTTGACAGCAATGCAGTCGGCTTTTCGGCGCTTTCGTCCTGTGGCTCTCTTGCAGCCTGCAATACCCTGAAACTGCCGTCGGGCAATTCCTCACGAATTTCCGGTTGAACAGGTTGACCCCTCAACAAAGCGTCAACTGCTTTCGCGGCGTCGTGGTGGATGGCAACTTTGTGGCGGTCAATCAACTCAACGATGATGTCAAAAGTTGGCGGCGCTTTCCGTTCCAAAACCGTCTTTTGTGTCCCGCGCCTGCGTGCTTCTTCGTCCGAGAGGGTGACGGCTTGGATACCTCCAACCAAGTCACACAAAAGTGGGTTGGCAACCAAGTTTTCCAAAGTGTTTCCGTGAGCGGTCGCAATCAATTGGACACCGCGCTCGGCGATAGTTCTGGCTGCATCGGCTTCCTCTTTGCGACCGATTTCGTCAACGATGATGACCTCTGGCATATGGTTCTCAACGGCTTCAATCATCACATCGGCTTGCTTTTCTGGCGATGGCACTTGCATCCGTCGCGCTAAGCCGATGCCAGGGTGAGGCACATCCCCGTCGCCAGCGATCTCATTGGAAGTGTCAACGACGATGACCCGCTTGCCAAATTCGTCGGCAAGGATGCGAGCAATCTCCCGCAACTTCGTCGTCTTCCCGACGCCAGGTTTGCCCAACAGCAAGATGTTTTTCCCCGATTCAACGATGTCGCGGATGATGTTGACTGTGCCGAAAACGGCGCGCCCCACTCGGCATGTCAAGCCGACGATTCGCCCGCTTCGGTTGCGGATACAAGAGATGCGATGCAATGTCCCTTCAATGCCTGCTCGGTTATCTCGGTTGAACTCGCCGATTCGCTCAACCACATAGTCAATGTCCTCGCGGGTGACAGGGTCGTCACTCAAGTAAACGAACTTGTCAGGGAACCTCGCTTCAGGTTTGCGCCCCAAATCCAGAACGACTTCAAGCAACTCCGATAGGTCTCCCTGTCGTTCAAGAGCGGTTCGGATTCGCGGGGGCAGAACCGCCAAAAGTTTGTCAAGGTCGTCAACGATTTCACGGACACTCATGGCATCAAACGCCTCCAAGTTCAACTTCGGTGAGATCGGGTTTAAGTTTAGCGGGGCGGGCATGACCCGCCCCGTCCCATCTGCTTTGTCG
NZ_CP130454.1_gap75	2711314	2714950	3636	TCAACTTCAATGGGAGTTTCCCAAAAAGCGACATGGGCAGGTTCGGGCGCTAAGACGACTTCCCGTTCCTTCAAAGTCGCGCTGGCTTTGGCAATTTCAACGGCTTGTGCAACGCATTTGTCCAGTGCTTCCGGCGTGACTTCACGGGTTGCGGCGAACCCCCATGCTCCATCGGCGATAACTCTAACACCCACGCCGATGTCCTCAGTTTGCTCCAACGAAGCGACTCGTTCGTTTTTGACCAAGATGTCTTCTCGTCGGGTCAGCAAAATTCGGACATCGGCATAAGTTGCGCCCAACTTCTTCGCCGTGTCCAAAGCCCGAAGCGCCAAATCCTTCATCCCAACTCCCCTCCTTTGCGTGTCTTTGAGTCACAAACTTGCACCCTCATCGCCCACGAGGGGCGAAGTTCCGCAGGTTGATGGCTCAACCGAAACTCCGTCCACGCCACAGGCTTCATCTCGTATTTTGTGACGCAACCAAAACCATTCATGCTACGGGTTTCAACCCGTAGTTGATGACGCAGAAACTTAGCGCCGACTTTAGTCGGCGAAGTCATGGGAGGGCGAGGCTCCTGCCGAGCCAAAAAACGGCTGCACTCCGCACTTCGCACTCAAATTTGGCTCACTGGGAAGTTCGCCCTCCCAAAAGTTAAAACGACCGTCGCCCTCAATAGGCGACGCTACCAAATTTGTCATCAACTTTCACAATGCCAGTTCGCTCGCATCAAAGACTGGACCGTCGGTGCAGCAAAGTCTGTATCCGCCGCTCTTAACGGGGATGGGGCAGCCAAAGCAAATTCCTATCCCGCAACCCATCCGCTCTTCCAAAGAGACTTGACAGTGCAAGCCATAGGACTGTGCAAGTTGAGTTAGCACTTTGAGCATCTGAGTTGGACCGCAACCGTAAACGGCTGTGCCGTCCAGTTCCTTTTGGGTTGAAAGCCATGCCTCAAAGAGTTGCGTGACCGTTCCAGCGAAAAAGCCATCTTCTGGCTCTTCAAGGGCAATTGCGGAACGAACGCCGATGCTTTCAAACTCGTCAACACCCCAGTATGAGAGTGGCTTGCCGTTTCGCAAAAGCGGGAATTCGGCGCGAACTGGGTCAAAGGGCAATTTGTCTTTTGTTTTCGCTCCAAGCAAAAGGACGGTCTCAACCCCTTGCGCCTTTAGCCTTTCAGCCAAGAAGGGGAAAGGTGCAATGCCGAGTCCACCGGCAACCAAGACTGCTGTTTTCGTGCCTTCAGGCAACCAGAAACCTTTCCCCAACGGTCCTGAAACCCTGACGGGAACATCGGTTGTCAACTGAGCCAGCCAATTTGTCCCGGTGCCGCGAATGTCAAAGAGCACAGAAAACGCCTGCGGGTCATCGCTTTGGATCACGCCTTTCTTGAGCGGGACAATTTTCGCCACGCTGAAAGGTCTCGGCAGTATGACAGCCATTGGCAAACTTGACCGCTCAAAACTTGTTTCGGTGCCAAGCCCGTCAAGGTAAAGGTTGACGAACTGACCGGGTTGAGCCTTCGCCGCAATTTCTGGACAACGAAATGTCAAGCGGCAAAAGTTTCGGTATCTCTCCTTGGCGACGATTTTCGCCACGCCGGAAAAAACTGGCGGCAAAAATCTTTGGTCAGGCGAGTTCGGCAAAGTCTTTGTCGTTGCTTGACTCATCAACTCGTCCCTCCTTGCCGCCAAAATTGTAGCCGAAAACAAGCCAGTTTGGACAGGTCGCACAGCAGAGAAACGGGAAACGACCGACGGTTTTCTAACTTTTTCGGCTCAGGCATCACTTCAAACCAACCGCAGCGAAGGAGGGTCAGAGATGAAAGTTGTCGTGACTGGTGGTGCAGGTCGGATTGGCAGGGCAGTGGTGAAAAGCCTGATGGAGCAAGGTCATGATGTGCTCGTGTTTGATATGCAAGTGCCTGAAGACAAAAGCGCCGATTTCGTTTGCGCCGATGTCACCGATTTCGCTCAAGTCATCAACAACCTGAAGGGCGCAGATGCTGTTGTTCACCTCGCTGCCATCCCAGGACCTTGGCATGAGATGCCACAAGAGGTCATGAGGGTCAATGTGATGGGCACTTACAATGTCCTTGAAGCGTGCAGGCAATTAGGCATCCACAAAGTTGTCGTCGCTTCAAGCATCAACGCTATCGGGCTGAGTTACAACAAGGAACGACCGCGACTTGACTACTTGCCCGTTGACGAATCTCACCCTGCCCGTCCCGAAGATTGCTACAGCCTGTCAAAGTGGCTTGGCGAGCAAATTGCCGATGCGATGGTCAGGCTTGAGCCCAACATGACCATAGTCAGCCTTCGCTTTCACGGCGTCACTTCACCTGAGTGGTATGAGCGTTGGCGTCAACATCCGAGCCGTGACATCCCCGGCAACTTCAAAGGCTTGTGGGGCTATGTTGACATCAGGGATGTGGTTGACGCTGTGTTGAAGTCCCTCGCTGTGACATGGAAAGGGCATGAAGCGTTTTTCATTTGCGCCGCCGATACGAGTTCAGCCGTCCCGACAATGGAGTTGGTCAATGCTGTTTACCCCGATGTGCCGCTTAAGCGTGAACTTCAAGGGCACGAAGGCTTGTTTGACTTGAGCAAAGCGAAGAGACTTTTGGGTTGGGAACCGAAGCACTCGTGGAGGCAACCTGAGTGACAAACGAAGTTGAGCGGAAAGTGCCAAAATCATGGACTGCAAATCGCGGAAAGGAGGAAGCAAACATGGGTGAAGTTCTGCGAGGCAAAGCCCACAAATTTGGCGACAACATTGACACCGACATCATCATCCCAGCCCGATATTTGGTCACGACTGACCCGCAGGAATTGGCGAAACACTGCATGGAACCGATTGCTCCTGATTTTTCGCAAAGGGCAAAGCCCGGCGACATTATCGTTGCCGGCGAAAATTTTGGTTGCGGTTCATCCCGTGAACATGCACCGTTGGCGATCAAGGGTTTGGGCATAAGTTGCGTCATCGCCAAAAGTTTCGCCCGCATCTTCTACCGAAACGCTTTCAACATCGGTTTGCCCGTCCTTGAGTGCCCTGAAGCGGTTGACGAAATTCACGATGGCGACGAACTTGAAGTTGACATAGAGACGGGCACCATCAAAAACCTCACGACAGGCAAAACCTACCAAGCCATGCCGATACCACCTTTCATGCGAGAAATCCTCAATGCTGGCGGCTTGATCAACTATGTGCGTAGGAAGTTGGGAGTAGAAGTTGGGGCGTAAGCGTGATGCGTAAAGCGTAATGCGTAAAAACTTGGACACGAGGGCGATGTCTATGGAACTGTCAAGCCCTTTGGAAGGCAAAAGGTTGGCGGTCATCGGAGTTGGTGCGATGGGAAGCGCTTTGGTGCGTGGGCTCATCCAAAGCGGGAAGGTTAAGCCTGAGCAAATTGTCGCCGCCGACATTGACCCGTCAAGGTTAGCAGCAGTTCAAGCATTGGGTGTTCTGACCACCAACGACAACAAATCCGCAGTCCAGCAAAGCGAAATTGTGCTGCTTTGTGTCAAGCCCCAAGTCATGGATGAAGTGCTCGCCGACATCGCACCTGTCACTGACCCGAAAAAGCATTGCGTCATTTCAATCGCTGCGGGCGTTCCGATTGCCCGCATAGAGGCA
NZ_CP130454.1_gap76	2716604	2718968	2364	CGGAAATTTCTGGGTCTTTCAGTGGCGGGAGGGCAGGTTGAAGATGTGGCAGAGCAAAACGGGTTTTCAGAGTTGGGTTTTCAAGCAGGTAGTAAAGTTTGACGACCAATTGGCGCTTACTTACACCCACGAATATCACCCTGTCTGGCTTTTCCCGCCTCGCATTTGGATGGAAGATTGGAAGTTGCGATGGCAGTTTAAGGAACGGGTGCAGTTCACCGTCTTTTGTTTGCTTCCGAAAGGCAAACAAGCCCTTTCTCCCTCCCACTGGCGTTTTCAGGAAGCGCCTTTTCAACTTAAGTTTGCAGGCGACATAGACGGTGACGGGAGCGATGAAGTGGTTGGTTACGATGGCAGATGGCGTTGTTGGAGGCTTTATCGTGCAGAAGTGACAAAGGCAGGGGAATTGCGATGGCGAGATGTTTTGCTGGGTAGGGAAAAGCCAGAGCCGACAGCGTTTGCGTTGTTAGTTGACGGAAAGCGTCGTGGTTTGGTGATAGCGTGGGAAGATGGCAGGTTAGAGTTGCTGACAATTGAAGGCAAGAAATAGCAGGAGTAGGGGCGAACAAGTGAAGTCACTTCATTTGCCAAACTGCTTTGCAAAAGCCTCATAAAGGGCTTGAACGCTTTTGCGCACGCTTTCTTTGGCTTCAGGTGTCCGCTCAGGTTCGTTCAGCCGCTCAATGATGAAGCGATAAGAAACTGTCAATGTTTCGCCCTTCCTAAGGGTGCGTCGGAAGAAAAAGCCGAACCGACCGTAGTCCCGCCAAGAGAGTTCTTCTGTCGGGTTCGTGGGAGCGTTCAGAATTGTGCAGGCATACCAGTTCTTGCCGATGGGAAACACAAGCCTTGCCCACTTCAGTTCCTTGCTGACCACTCGCCCACCGTCGCCGGGCAATTGTGGTTCCCAAAGGTAACTTGTTTCCCCTCGTCGCTCTGCCACTTCATTTGATGCCCGAAAGTGAATACCTGCATGATGACAATCGCCGTCAAGGGTTAGGTCTCGCTCAGCGACCAAAGTGAAGGTTGCGTCAATTTGAGTTCTCTTCCCGTCAGGGCGAGAGATGACCAACCTACGCTTTTCTGTCAGAAGCAAATCGCTCCCGTTCTCATCCTTTCGCGCCGAATGCCAAGTTATCGTTGCCACAATAATTGCACTTTCGCCAGTGGTGCGAAGTTCGTCCAATCGCTGCAACCTGATTTGAGTTCCTCTCATGTGCCACAGGTCATCAACTCCTAATTCCGAGCGAATTTGGTTCCAGCCGATGAAGATACCGCGATGGTGTGGGTAGAGCCCAGAGGGTTTTCCATCGGCTGTCATGCCTGAGTTGGTCAAGAGTTCTCTTTCGTCACCGTAGACATGCAGGTAAACCTTCGTCTGTCCCTCGCCGTAAATCAAAGCGGCAATCGGTTGGTTGTTGTAGCGAACTTCAACTTTGCGCCCAGGCAAGTCGGAGTTGGCAACATCAGCAACTTCCCACTTTTGCATTTGGGCACCGAAAGCAAAACACATTAAGCACGCCGAAAGCAACTGCCACCAAAAACTCACCATAACCATCACCCCTTGACATTTTCACTGCAGAAAATTTATGCCCGCACAGTCAGCGGTCAGAAAGAAGTTTGCAAGTTCAAAGCCGCGATGGGAATTTCCGCACAGTTTCAGTCAGGGACAACAGGACACTCAAGCGTCAGTCTTTGCCACAAGACAGCACAAAGTTTAGGGATTTTCACCGACAGCATTCTCCTGATCCGCCAAAAGATTTAGAATGGCGAACGGCGCATCCTGAAACAGGGGGCGCAAAGTGATGGACCTAAAGCGGAAGCCAATAGTCCAACCGGCTCACAAGGTTCGTGGGAAAGTGATCATCCACGAAGAGCGGTGCAAGGGATGCGGTTTTTGCATTGAGTTTTGCCCCAAGGGAGTGTTGGCGGCGTCGCCAAAGTTCAACTCCAAGGGCTACCATCCCCCATACGCGGCAAAACCTGAAGATTGCGTGAACTGCAACTTGTGCTTCCTCGTTTGCCCAGAGTTTGCTATTTACTCCATCCCAGCCGATGAACGAGAGATTCGCGTCGTCTTTGCGCCTTCTGTTCCCACAACTTTGGCTGCGGGCGATTGAATGAGAGGAGGGTTCAGCCTTGACAGCAAGGGTTCAAACGAGGCGCAGACGACCTGCGGTTCTGACAGGAGAGCATTTCATGCTCGGTGACTTCGCTTGCGCTGAAGGGGCACTTGCTGCCGGTTGCCGCTTCTTCGCCGGTTACCCTATCACTCCGTCAACGGAAGTCGCAGAACGAATGGCTGAAAGGCTTCCTGAAGTTGGTGGCGTTTACATCCAGATGGAAGACGAAATCGCTTCCATC
NZ_CP130454.1_gap77	2726318	2727399	1081	TTCATCCGCTGAACTGAGAAGGAGGCAAGGAAAGATGTTGCGGAAACGATTGACGAGAGAAAACCTGAACAAGTGGATTGACGGTCTGATTGCGAGCGGTTTGAGGGTTGTCGCACCTGTCCGCGAAGGTGGCTTGACGCTCTTCAGACCGATTACCAGCAGCACTGAAATCGCTGCCAATTACACCAAAACCGATTTGCCCTTTAAAGAGTGGCTCTTCCCGCCTACCGAGGTCATCTTGCACTATCGCATTGTTGACGGCGAACCCGTCCTTGAAGACCCGGAAGTTGACGCCACGAAAACCGTTGCCCTTTTCCTTCGCCCTTGCGATGCAGCGGCGATCCCAATCCTTGACAGCGTCTTCGGTGGCGATTACGAGGACGAGTTCTACATGACGAGAAGACGGAACTTGACAGTTGTCGGGCTATCGTGCACTGAACCGCAACCCGAATGCTTCTGCACAGCCGTCGGGCTCTCGCCAACTTCCGAAGCAGGAAGCGACATCTTGCTCACGCCTATAGGCGACGAGTTTCTCGTTGAAGTGTTGACGGAAAAGGGCGAGCAGTTGGTGAACCAGCAACCAGACTTGTTTGCCGATGCCAGCGATTTGACGAAGGAGCAAGTGACCGAGCAAGCAATTGCCAAGATGGTGCGGAAGGAAAGTTTGCCCACTTTCGCTGAGACTTACGCCGATTTGTTTGAGCACCCAGTTTGGGAGGAAATCGCCCGCAAGTGTTTGGGTTGCGGGGTTTGTGCCTATTCGTGCCCAACTTGCCACTGCTACGACATCGTTGACGAGGCGACTCTTTTTGAGGGCGTTCGGTGTCGCAACTGGGATTGTTGTGGCTTTGCCCTGTTCACCTTGCACGCTTCAGGTCACAACCCACGACCAACACAAGCCCACCGCTACAGGCAACGAGTCCTGCACAAGTTCGCCTACTTCCTTCAAACCTACGGGCAAAACATGTGCGTTGGCTGCGGGCGGTGCGTCATCAAGTGCCCTGTCGGCATGGACATTTACGAGGTCGTCCAGAAAGTCGCGCAAGCGAGTGAGCGTGTGAGCGTGTAAGGGTGCAAGTGC
NZ_CP130454.1_gap78	2735315	2737194	1879	GACTGCTCCCAATGCATCTTGACGCCCAAAATGGTTGAAGTCCGCCAGCACCCGAACATAAAGTTGCTCACCTACTCCGAAGTTGAGGATGTCAAGGGTTATGTTGGCAACTTTGAGGTAACCATCCGCAAAAAGGCTCGTTATGTCAACGAGGAAGTTTGCACTGGATGCGGCGCTTGCATCCAAAGATGCCCGCAAAAACGAATTCCATCCGAGTTTGACAGGGGCTTAGGGCGACGAACGGCAATCTACATCCCGTTCCCACAAGCAGTCCCGAACATCCCTGTCATTGACCGCGAGCATTGCGCTTATTTTAGGCGTGGCGGTTGCAGGCTTTGCGAGAAAGAATGCCCGCGAGGCGCAATTGACTTCAACCAACAAGACCAACTGCTGACCGAGAAGGTCGGAGCAATTATCTTGGCGACAGGTTACGACCTCATCCCATCCGACATCTACAGCGAGTATGGCGGTGGGCGATACAAGGATGTCATTGATGGGCTTCAATTTGAGCGGTTGCTTTCGGCTTCAGGTCCGACCAACGGCGAAGTCCTGCGACCGTCTGACGGGAAGGAAGTCAAATCCGTTGTCTTCATCTCGTGCGTCGGCTCACGAGACCGAGCGAAAGGAATTCCATACTGCTCCAAAATCTGCTGCATGTATGTGGCGAAGCACGCCATCCTGTTCAAGCACAAAGTCCACGACGGTCAAGCCTTCGTCTTTTACATGGATGTCCGCGCTGCGGGCAAAGGCTACGAAGAGTCCATCAGGCGAGCCGTTGAGGAAGAGGGCGTCGTTTACCTGAGGGGGCGAGTCTCTAAGATTTACCAGCAAGACGGCAAGTTGGTTGTCAGGGGAGTTGACACTTTGAGTGGGATGCCTGTTGAAATTCCCGCCGACCTCGTTGTCTTGGCGACGGCTATTAGGGCATCGGATGGGATCGTTGAGTTGGCTCAAAATTTGGGTGTCCCCGTTGACGAACATGGCTTCCTTTCGGAAGCGCACCCAAAACTTCGTCCCGTTGAAACCCAAGTTGCAGGAGTGTTCCTTGCTGGCGCTTGCCAAGCGCCCAAAGACATTCCCGACACTGTAGCCCAAGCGAGCGGCGCCGCAAGCAAAGTTCTTTCAATGTTCGCTCAAGACGCAATTGAGCGTGAACCGACTATTGCAAAGGTCAACGAGCAAACATGTGTTGGTTGCTTTGAGTGCCGGCGTGCTTGCCCGTATCGGGCGATTGAGAGGAAGGAGATTCGCGACCGACAGGGCAATCTCGTCAAAGTGGTCGCTTATGTCAATCCCGGCTTATGCGCTGGTTGCGGCGCTTGCACTGTCGCATGCCGCAACCACAGCATTGACCTTGAAGGTTTTGCAGAGGAGCAAATGTTTGCTGAACTGAACGCAATAACCGCAGCATAATTTTTGCTGAGGGAGGCGAACGGAGATGCCTTACCCTGAGATGATGCAAGAGAGCGTTGCAAAGGTTGAAGAGACGCGAAGCCGAAGGATGCGGGAGGATTTCCCGCGACTTTCGTTGGAAGAGAGGCAGCGCTTATTGGAAGCCTATCACCCCGATTACCGCCGCGAGACCTTCCGTCCCCTTGCTGTCGGTCCAAACAAAGGTGACTTAGTTCCCAATGAACTTGCCGATTTGCTTGAAGCGAGAAGCCGAATTGACCCTGACACCTTTGACCTCTCAAGGGTTGACTACGAGACCGATGTCCTCATCATCGGTGGCGGTGGTGCGGGGACGGCAGCGGCTCTTTGGGCGCAGGAGCAGGGCGTTGATGTTCTCATCGCAACGAAACTGCGTTGGGGCGACGCTAACACGATGATGGCTCAAGGCGGCATCCAAGCAGCCGACAAACCCAACGACTCACCCGTT
NZ_CP130454.1_gap79	2738246	2740483	2237	ACCGACTTTAGAACATGTCCGCGAGTATCACAGGCAACTGCAAGAGGCAGGCATCAACACCGACAGAGTTTCCCCTATGCTCCTGCCAGATTACACATCACCCATCGCCCGCATCAGGAGACTTGGCGGAGTGCCAATCGGTTAGAACCAGAGACTGCCGTGCTTTGCAACAGAAGTTCAAGTTTCTGCAAGCAAAGGTTGGGGACTTAGCCCCCGATGATTTTCTATCGGCGCCGAAAATCTTTTTGCGGCAGGGGATTGATGATGCAAGCGATGGAAAAACGAACCACCGAACCGAAAGACGAGGGAAGGGCGAAGGGGTTGACAATAGAAGGGTTAGCCGAAAGTTTCGCCACCGTTGAGTTGAAAGGCGGGCTGTGCCGTTGGTTCGCCCAATTGAGGTGGGCAGCGGTCTTTGGTGCTTTGGTGACCATCATCGTGGCTTCGTCGTTGGGTGTTCAACTCCCTTTGTTGTGGCTTTTCTTGACCCTCGCTGGCATTGCCCTCTACAACCTCGTTTTCCTTCACCTAACTGACCCCCGACGCCCCTTACGCATTGACCCTCACCGTTGCGCGCTTTTTCAGGCAATAGCCGATATAGTCGCTTTGACCTTGTTGCTTCACTTTTCGGGAGGCGTGGAAAATCCCTTTGCCTTCTTTTTCGTCTTCCACATGATCATCGCCAGCGTTTTGCTCCCAATTCACTGGGCGTGGGGGTTGGCAGCGTTATCTACAGTTCTGTTTGGTGGGACAGTGTTGGCGGAATACAATGGCTTGATTGCCCACCACCATCTCCATCCTTTCCCACCAGTTTGTCGGTCGCCTTTGTTCGTCGTTGGGACATTGGTTGCCTTCACTGCGACCTTGCATGTAACAGTTTTCATGGCTTCGGTCATTGCCACTCGCCTCAGGAAGCGCGAGCGGGAAGTTAAGGAGTTGGCTCAAACATTGCGGCAGTATGCGGGAGAGTTGGAAGAAGCCAACGAACGGTTGGAACAACTGGAGCGGATGAAATCAACTCACCTGCGAAAGATGAGCCATGAGTTAAGGGCACCATTGAACGCAGCGAAAAGCCTCATCAACATCTTGAAGGCTGGCTACAAAGGCGAATTACCACCGCAAGCGCTGGAAACCTTAGACAGAATTTCAACCCGTCTGGACGAAATGCTCGCCATTGTCAATAGCCTCCTCACCCTTTCGCGGGTGCGGGATGCCCGCTTGATTCAGGAACGAGAGTGGGTAGATTTCGGTCGTATTGTCAGTGAAGTCGTGGAAAGTTTGAGAGCCAACGCTTTGGCAAAGAACATTGACCTGCAGGTTGACCTGCTAAGGGGAGTGCCTCACATCTGGGGAGTCCCCGAAGCCCTTAGGGAAATAGCCTCAAACCTCATTGACAACGCCATCAGATACACGCCGAAAGGTGGAAGGGTTGAAGTCTTGCTTTACCCGCACGAAGGCGACATCGTCTTCCAAGTCAGTGACACGGGCATAGGAATTCCACCCGAAGATTTGCCCCACATCTTTGAGGAGTTTTACCGCAGCAGGAACGCAAAAGAGTTCGCCCACGAAGGGACAGGCTTGGGATTGGCAATTGTCAAGTCAGCCGTTGAAGCCCACAACGGAGAAATTGAAGTCTTCAGCGAAGTTGGGAAGGGAACGACCTTCACGGTCACGCTCCCCACCCGCCCGCCAAGCCTCGGAAAAATTGAAGACCAAGAAAGCGTCGGCACAGCGACACCTAAAGTGGCAAGTTCATAACAGCCTTCAACGCTCAACCCACAACCCGCAGCACGCAACTCAAATTGCCCCTTTCCATCGCAAAACAACGGCGCTAAACTGACAAAGCGCAAGGATGCAAAGCGAGTGGAAACGCATGCATGCCTACACCCTTGCACGCATGCACGCAAATCGCAAAGCCGTAAGGAGGGAAATTGTCAATGGCGAAAATAACTGTCACGCTGCCTGACGGGAGCGTGAGGGAATACAACTCAATCGTAACGCCGCTACAAGTTTTGCGTGATTGGAAGCCTGAACTTGAGGACGAAATTTTGTTGGCTGAAGTGAACGGTCAAGTTTGGGATTTGTTCCGACCCTTGCCTGAAGGCGAAATTCAGTTGCGATTTTTGGACTTCAACGACCCGCATGCCCGCGATGCTTATCGGCACACTACTGCCCACATCCTCGCTCAAGCCGTCAAGGAACTTTTCCCTGAAGCAAAATTGGCAATCGGTCCGCCC
NZ_CP130454.1_gap80	2766074	2769984	3910	AATGAAGCAAAGGCAAAGAGAGGGGATGGTCTTCAGGGTAAGTCACGAACGCCCAATAGTCCAAACCCGCCTGACGGGCATAGGCAATCTCCTGCTCCAGAACTTCCAGACTTTCCCCTCGGATAGTGACTTTTCCGTCGGGATGGATTTTGGCGAACCAAGGCAAACGGAAGTGATACTTCGGCGGCGAAAGCGTCTTTTCAACAGCCTTCCCGACTTCGCTCAATTCCCCATGCCATGCGTCCCACCGAATTGCCCCAACCAAAGGGCGGGAAGGTTGAGCCGCCTCCTGAGCGCTGAACGGGGCAAGGCAAATCGCCAATAAACTTGCAGCGAAGACGCAGCGCATTAAGGACACCGCAGCGAAACTTGAATTCAAGCATCGCATGAAACCTCACCGTCCCCAGCCTTCAACTAAGCCGATGAATTTCGCTTGGCTGAAAAGTTGAGCCGCCTGAGATGCGCTGGAAGGCAAATGTGAAGTGCGAGGGTAAGGCATGCCCCAAACCTCGTAGTAGCCGGGAATTGTGTTGCTGACGAAGGGCAACCCGACTTTTAGCCTGAACAGAAACTGTCCTCGTTCGCTGATCGGCAACAAAGGTTGGTAGAACCACCACCAAGCCCAACTTTGAGAGTTAGGTCCGTTCCAATCGGCAATTGGAGCGCCTTGACGGCGGATGAGCCACAAATAGCCCCAATTGGCAGCATCGTCCCCGTCAACGCACATTTTCACTTCGGCGACGAGCAAAGTCCCAATGTGCACGCCATCAGGAGGCATGATCAACCTGCTTTCGTGAACAATCGGTTCATCCGAATCGTGAGCGTTGCATTTATCCACAACTTCAACGGGTGGCAACTGGCTAAACTCGGCAACCCAAGGTGTCAAGGGTTTGATGTGCCAAGGGTAGGGGTTGAAGAAACGGTAGACATCAGCGGTAGCAGTGGCGACCCGTCGCATCAGCAGCAAAACAGGTTGCCATTGGTAAACCGAAACAACCAAGACATCGGTTCGCTTATTCTCAATCGCTTGAATTGCCCAAAGGTGAAAGAGCACATCGTCAATGCTGACGACCAATGCAGCATCTTTCGGCGTGTCGCGCAAAACGGCTTCCAAGTAACGACGACCGCGAAACTTGTCAGTATGCCAGACCATTGGCGCAGCGTTGGCGATGGAAATTTCTGCGCTGACGAAAACAAATGCTGTGATGACCACTGCCAAAAGCCCGTGAAATTGCCTTGCCCAACCCCAAAGGCGGAAAGCCACGAGACCTCCCCAAAGGACTGTGATCGCCCAAGCGGGGATGTAAAAGTAGATGATGTCCGGGACGCCGTAGCCGAGATAAAACACCAAGTGAGCCAACCACATCCCCAAAGTGACGAGCCAAAAGGCAGGATAGCAACGAGCCAAAAGCCAGCCGAAGAACAAACCGAGCGAAAAGAGCAACGCATACTCGTATGAGCCTTGCCGCAACCATTCAACAAACCTTTGAGGATACTGGGACATAGGCGTCACGCCCATCATGTATCGGAAACGAAGCCCAAGCACATACTTGACAAAGTCGCGAAGGGATTTTGACGGGTCATCGCCCGTCAACTGCCACAATCTGTAGCCGTAAGGCTTCGGGGCACGAATTGGCAAGTAAGCGTAGTAGGTCAAAGGCAAGCAGGCTAAAAGGAAAGCGACGAGCCAATCCTGCAACGAAGGTTTTCGCGGCAGCCAACGCCATGCAACCGCTAAACCGACCAAGCCACCAATGACCATTAAAGGCAGAGTCAAATGATGCGCAGCACCAAAACCGACGGTTAAGCCAGCGGTGTAAAACCAACGCTTGTCGCCAGTGCGCCAAAACTTGACGAGGGCATACAAAGTCAGCATCGTCAAAAACAAGTTGCTGCTGTAAACTTCTGCTGCAACGGAACTATACCAAAGGGTTGACCCGAATGCGATTGCCCATGAAGTAGCAACGCTGATAGGTGCGTTGTCGGTCAATTCCATCATGAGCAGGAAAGTGACCGCCGATGTCAGCGGGACGAAAATCATGGTGAGCAACCCGTAGCGCCAAACTACTTCGCCGACAGGAAGCAGCGTTGAGAAAAGTTTCCCCAGCATGCAAAACCAAGGGTAGCCTGTCGGGTGAACCAGCATCAAAAGTTCGCCAGCAGTGACGAAGTCGCCGCTATCGGAGAAGAAGCAGTAAGTCGGATAGACGGTTGGAAGGTAGAGAGCGAAAGGGACAGCGAAGGAAGCAATCAACCCACCCCACAACCTCCACCTGTCTTTTCTCCGCTGCGTCATCGCCGAGCCGCCACCTGCCTTGCCCGTTCGCGGACTTGACGAATTTGTTCCTCTGAAAGTTGCCGCTCAAAACTGCGAAGTCCAGCCAACTTAAATCCGTGCTTTGAAGCGATTGATGTAATCTCCAAAATCCGTTCAGGGCGAATATCGCGACCGAGGGTGAAAGGTTCAAGCCTTCCTTCAAGCGCCAAAAGCATTGTCTCTGCCACGCAAGCCAAAGTCAACTTGTCAGGTAAGCCGATAGAAAACTCCCAATGCGGGTTGCCGGGAATTTCAACGATGCCGCCGTCAATGACCAGAACATCGCTTCGCTCCTTGTGAACTCGTTCCGAGACATCCCTCGGGCGGGCGACATCGCAAACAACGCACCCCGATTTCAAGTGCTCAGGTTCAATCACCGCATCCATTGAACTCGTCACCGTTATCACGATGTCAGCGTTTTTCAAACCATCGGCAATTTCGGTGGAGATTCGGATTGACGCTTGAGGGTTGTTGGAAAGCAACTCGCCACAAACAGCCTTCAACCTTTCCTCGTTCCGTCCCACGAGGACGACCTCTGAAACGGGCGGGAAAATTGTGCCATCCGACAACTGAACGCCAACAGAAAGGAAATGAGCGCAAGCCTTTCCGATTGAACCCGTTGCGCCGACTATTGCAGCCGTCGCCCTTTGCCACTCAATGTCCATAAGTTCCGCAGCGAGTTTCGTCGCTTCAAGAGCAGTCCAAGTCGTGTAACTGTTTCCTGTCGTGACAGGCAAAGGGGAGCGCTTTTGCAAGTCAACGCCCCCGTTACCGACAATTGCTGTGAAGGCACCGAGCCCAACAATTTCAGCCCCCAAATCTTTCGCCATCCGACACGCTTCAACCAACAAGTCCAACGCTTTGGCTTCGTTTTCAAGCATCATTTTTGCCGTCATGGGGACGGCAATAAGCCAACCTTCCGTTTCCGAACCTGCAGCGGATTTCACGCCCGTGACTTTTCCCAAAACCTTCGGGCTCATCCTCCACAACATCGCCTCAACCCACGACTCAGGCAAAAACTTGACGAACGGATACTTGCGAGCGACATCCCGTTTAAGGCTGAGTGGGTGAACGAGAAACGCAAACCGATGCATGACCTCTTCTCCTTCCCCTCTGCAGATTTTGAGCCAGTAAAAGCATAGCAAACGAAACCCTTCGCCGTAACTTGAGTTGAACGGCAGCGAACGGTAACTAACGATTGGTGACCGGGAGAACGGAAGCGAATGGCGAATAGTTTTGAAGGGCAGTGCCTCTGCACTGCCGAAAGGTTCAGCGTATCGGGAAATGAGCCCTCCAGTTTTGCCAATCTGGAAGGTCAGTCTCCTACCTGCCCATCTTAAACTGCCAAAAATGAAAACGGCGAGGCAACAGCCCCGCCGTTGAGTTTCACAAATTGAATTTGGTGGGCGGAGAGATTACGGCGGATAGATTCCGCGAAGGCGAGTTGCGTGAGCGACCCTTTGGATAGCCAACGCTTGCGCTGCGAGGCGAGGGTTGACTTTCTTCTCCTCAGCGAAGGAGAAGACATCGTCAAAGGCTTTGTTCATGATGCGCTCAAGTTGCTTTTTGACCTCGTCTTCGTCCCAGTAGAAG
NZ_CP130454.1_gap81	2786466	2789174	2708	TTTTTGTCCTGACGAGTTGAACGAACAGGAGCAGGAAAGCCAACAAAGAGAGCCTGACGACGAGACGGTAGTGAAAGTCCAATCCGCCTCGTGCGATAATTCCTGAAGGATGCGCGCTCGCTGCCTGAACCGTGGGCAAGTATGGCACGACCCAGTAAAGAAAGACGGAAGCAACTGCGCCCAAGACAGCGTAAGCGGCACTTACAGCAGCCTTCCGCTCTGGGTCCTCAATCGCCCCGCGAACCAGCAAGTATGCCGAATAAGTGAGCAAGACCAAAAGCATCGTCGTTTGCCTCGGGTCCCAACTCCACCATTCGCCCCAAGCCAGTTTGGAAAAGTAAGCGCCTGTGGCAGTTGCCAAGACAGCGAAAAGCCAACCGACTTCAATGGAAGCATAACTCAAATCGTCCCATTGAGCCTTTTTCGTCACCAAGTAAGCGACACCAAAACCTGCAGCGGCTATGAAGCCGATGAACGAGACGATAGCAAGCGGGACATGGACGAAGATGATTTTTGCGATGTGCCCGTTGCCATACCACTCAGCAAACTCCTTCGCAGGCGGCACCCAAAAGAAGGCAAGGGCAAAGACAACGACCATGAGAACACCAATCGCTACGGTCAAAATATGTCCGATCGTCCATCGCATTTTCTTTCCGCCTCCTTTGAAGCGTTTTCAAATTTTGCCATCGGGTTTTGCAATTTGTGTCAGGGTTAGCCTTACTCGGTTTCTGAAGGGCTCATCTCCCGATGTGCCGAAAAATTTCGCAGTGCGGAAGCGCCGTCATTCAGAAAGTGCGGAAGATTTCTTCGGGCTAAATTTGCTCCGTCCACTGCAGCGCTTCCTTGTAAAAGCCAGCGAAAAAGATGAGCGCACCGCCAATCAAAAGGGCAAGCACAAGGACGATGAGTGCGTAGTAAACGATTGTCAAGACGAACGGCTTTGCCGTTTGGGCAGTCATTGCTTCATGCTCAAGGGCTTCGGCGACCCGCTGCAATCCCTCGTCCAAATTGCCAGTTCGTTCGCCCACGACTATCGTTTGGATGACAGCAGGTGGGATGAAAGGGATGGAAGCGACAGCAGTGCTGAACTTTGCACCTTGCTTTAACAGGGCAGCCTGCTGGCGTGCGGCGCGGGCAATTGTCAAACTACCTGAAGCCTGTCCTGCCAAAATCAAACTTTCCGTTGGCGGAATTCCTGCCGAGTAAAGCATTGCCAAAGTCCTCGTAAACCTTGCGACAGCATACCTTTGCTGCGGCAACCCGATTAAGGGCAGCCTCATTTTGATTCCGTCCCACCAAAGGGCTAATTTGGGGTTGCGGGTGAAGACCCAACTGAGCAAGTAAAGTCCCAGAAAAGCGATGATGCCCCAGAACAAGTAGCGAAAAGGTCCGAACATCCGTTCGTAAAGCCATTGAGCCCACTTTGGGTCTGGCGAAAGGGCGACCATGATCTTTTGCAAACCGAAAATGACAAACAGCAGTATCGGCGCCAAGCAACCGAGATAGCAACCAACGCACCCTATCATTGCTCCCCAGGTGAAAAGCCATGTCCTGTGCTCTCGTTGAAATTGGTCGGCAAGGAAACCTAAAACTTTGTCAAGTTGACCGCTTCGTTCGCCCGCTTGAATCATCGGGATGACATGGATTGGGAAAGCGACGCCTGTTTCGGCAAGGGCTTGAGATAGTGGCACTCCCGCAGCGACCCGTTTTGAAGTGTAATTGGCTACTGGGGCAAGTGGCGTCGGCATTTTCGAGATTGTCTCCAAAGCGTCAACCAAAGAAACTCCTGCACGGACAGACTGGTAAAGGTTGTGGAAGAACTGAGCGAAAACGGAAGGGCGAACGCCGAAAGTTTTGAGCCACCATGAAATTTTCGCCCGTTGCTGAACGGGTCTGAGCAATGTCGGTTGGATGCCTTGTTCTTTGAGCCTATCTTGGGCTTCGGAAACCGTTTCGGCGTAGATTGTCCCCCGTCTCGGTTGTCCCGATAAATCTCGCCCCTGCCATTCGTAAACAGGCATCGCCCTCACCATCACAAAATCTACCACAATCGCCTTGCAATCGCTTGCCGTTCAAGGGTATCGCCCCACATCTTTCGCGACCTCGTAAGCGAAGATGACTTCGTCAATGGGTGTTCCCGGCTGAACCATGTGCGAGGTGCAGAAAATGAAGCCACCACCCTGTTTCAATGCACTCACGACCCTTCGGACTTCTTCGGCGAGTTTTTCCCTTGGAAGCCCTCGCCCGAGAACGGTCCTGACATCCAAGCCACCGTAAAGGGCTAACTTGCCGAAATACCTTTGCTTGACAGTCACTGGGTTCATGCCCGCCGACTCCTGACACGGGTGGAAGACGCGAATGCCCAATTCAACCACTCCGTCCAGAACTGGTTCAATGTAGCCGTCACTGTGAAGCGAAAGCCAGCCGTTGCGTTTCAAGACGGCGTCGCAAATGATTTTCTCGGCAGGGTAAATGAGTTCCCACCAAGTTCGCGGACTGAAGAGCATGGCGTTATTCATACCCCAGTCGTCGGAAATGTGGATGACATCAACACCAAGGTCAAGGCAGTTTTCGGCATACCGTGCTGACCAACGGGCAATTCGTTCGTAAAGTTGGCGGCAAAGTTGCGGTTGCTCAGCCATAGCGACCAAATTTTGTTCCAAGCCGATGAAATTGTTCGCTGCTTCAAAGACGCCGAAAGTTTGAAC
NZ_CP130454.1_gap82	2792269	2793866	1597	ACGGCGCTGAAGCGCTGCCGACACGAGAGGTCTGCGAGGTCGCTCAGCAATTTGGCTTGCCGATTCTGGTTGACATCATGGGGCGCGTTGAAGTTTTGCCTTTGCTTGCTACCGAGTTCCCAAAAGTGAACTTTGTCGTCGCTCATCTTGGGTCGTTCGCTGATGATTGGCGCGTCTTTCAAGTGATGTCCTACCTGCTTGCCCAACACCCGAACCTTTACGCTGACACTTCCGGCGTTCGGTTCTTTGATTACCTTCAAGTTGCCGTCAAGGTCGCTGGCGCTCACAAAATTTTGTTCGGTTCAGACGGACCTTTACTGCATCCGGGTCTTGAGTTGCACAAAATCCGCTTGCTCAAGTTGAGCCATGAAGACGAAGCGTTGGTTTTGGGCAGAAACGCCCAAAGGCTCTTGAGGCTCTAAGGATTTGAAGTGCGACAAACTTTTGCCAGCGAAACCAAGAGGTGATGTCAAATGTTCGGATTGGGGCTTGACGATTTGCTCAGGCTTGCGATATGGGTGCCCGTGTTCATTTTAGCCATCAGCATTCACGAAGCCGCTCACGCTTGGGCGGCATGGCGGCTGGGTGACCCGACAGCAGTCGCTCAAGGTCGCCTTACTCTTAACCCGAAGGCTCACCTTGACCCATTGGGCACCATCGCTTTCATCATTGCTGCATTGAGTGGATTTGGCTTCGGTTGGGCAAAGGCTGTCCCTGTCAACCCCTATAACCTTCGCAACCCCAACCGCGATATGGCACTTATCGCGGCAGCAGGTCCTGCATCCAATGTCTTGCAAGCCTTCTTCTGGACAGCGACGCTGGCATTTTTCGCTTCGCTGTTCAGTTTGTTCCCAGCAACGCTGCGATACGCTTTGGACCCAGTTCTGGAGTTCATTGCGCAAGTCTGCATTGCTGGAGTTTTCGTCAACTTGGGTTTAGCAGCCTTCAACTTAATTCCGCTCCCACCCCTTGACGGGAGCAGGATTTTGAGGCTCTTTTTGCCCCACGAATGGCGTTGGCGCTTTGACTCCCTTGAAATGACAGGCATCGGGTTCATCCTGCTCATCGTGCTCTTGTGGCTGGGTGTCCTCTCAGTTATTTGGAAGCCCGTCTTCATCTTGGGAAGGTGGCTTATTGAGTTGGCGCTTTGAAACCCGAAAGCATAACGGCAAAGGTGGAGTGCGATGTGGGACGAGAGGTTAGTGGGAGCGATTGTGAGGGCAGCGAGAGAAGATTTGCAGCAGCAAAAATGGGCAAGGGATTTCGCCGATAAGTTGAAAGAGCGAGGCATCACTATCTCGTTGCTGAATCGGGCAATTATTGATGCAGATGCCATTGTTTTGTATCGGCACAAGGGTCGTTATGTCATTGGTTTTTGCCACGAACGGTTACAAATCATAGCGGCTTGGTCTCCAAGGCATCCGTCGCGATGGGTGACGAGTTTCCGACGCCCAGAAGTTTTGCGTTACCTTTTGAGAGCGGAAGACGCCGAACTCCTTTGGGCAAAAGGGTGATAAAGGGCATGGCAAAAACAAAAGCAAAGTCCAAAGGAAATGAGAAGGTGAAGCCTTCCGAATGGTTGCAATGGTATGAGCAT
NZ_CP130454.1_gap83	2815787	2816581	794	CAAGTTTCGCTCTCAAAGGAGGAACGGAACATGCCTGTGGTCGTCGTTGTCGGCGCTCAATGGGGGGACGAAGGCAAAGGGGCAATGGTTGACACGCTAGCTGAGGAAGCAGACATCGTCGTTCGCTTCCAAGGTGGTGCAAATGCTGGACACACAGTTATCTACAAAGGCAAACCTGTTGCCTTGCACCTCATTCCATCAGGCATAACTCACGAGCACACGGTCTGCGTCATCGGCAACGGTGTTGTAGTTGACCCGAAAGCGTTGTTGGACGAGATTGAAAGCCTTTCCTCTCTCGGCATTTCAATCACCCCTGAAAGGCTGAAAATTAGCGACCGAGCCCACTTGACTTTGCCTTACCATCGGATGTTGGACGCTGCGAGGGAGATGGCAGGTTCTCGCTTGAGATTGGGCACAACCAGAAGGGGCGTCGGTCCAACTTATGTTGACAAGGTTGATAGGGTCGGCATAAGGGTCGGCGACTTGAAGTTTCCCGAAAGGTTGGAGGCGAAACTGAGAATCAACTGGGAGCACAAACAGGCTTTCTTCAATGCCTTGCCCCCTGACGAAAGACCCGATTTCAACGCTGTGTTGGACGAATTGCTCAGATACGCCGATTTGCTTCAACCTTACATCACCGACACGGTCACATGGCTCAATGAACAAGCAGATGCTGGTAAAAGGATTTTGCTTGAGGGTGCTCAAGGGACTGGGCTTGATGTTGACTTTGGGACTTACCCTTTCGTCACTTCCTCCAACACGACTGCCGGCGGTGCTTGCACTGGCAGTGGTCT
NZ_CP130454.1_gap84	2867768	2871825	4057	ACGGATGTGCTTGATGTTTGGTTTGACAGTGGTTGCACCCATCGGGCAGTTTTGGAAAACCACCCTGACTTGCGATGGCCCGCCGACATGTATCTTGAGGGCAGCGACCAACATAGAGGTTGGTTCAATTCATCGCTGATGGTTGCCGTTGCCACGAAAGGCGATGCTCCCTATCGCATTGTCCTAACTCACGGTTTCGTCGTTGACGAACAAGGGCGGGCAATGCACAAAAGCCTCGGCAATGTGGTCGCTCCAGAGGAAGTCATCAGCCAATACGGCGCCGATGTCTTGAGGTTGTGGGTTTGCGCTTCCGATTACTCCCAAGATGTTAGGCTCGGTCCAGAAATTTTGAAGCGGCTCGCTGACGCTTACTTCCGCTTCCGAAACACCATCAGGTTTGCTTTGGGCAACTTGTTTGACTTTGAACCTGGAAAACACGCTGTCCCTTACGAGCAGTTGACCGAACTTGACAAATTCATGCTCCATCGGCTCGCGGAAATCGTGGATGATGTCACGGAAGCCTATGAGGAATTTGACTACCCTCGCGTCTTTCAGACACTCCAACGGTTCTGTGCCGTTGACTTGTCAGCGTTTTACTTTGATGTGCTTAAAGACCGACTTTACTGTGAGGCTGCTGATGACCCGAAGCGGCGCAGTTCCCAAACTGTCATTTTTGAGATCGCAAAAGCCCTTTGCATCATGCTCTTCCCAATGATCAGCCACACTGCCGAGGAGGCATGGCAACATTTGCCCAACTGGCAAGGCAAACCAGAAAGCGTTGCGCTGAGCGATTGGGTTCGCGTCCCAGATGAGTGGCGAAATGAAAGACTGGCAGAACGATGGGAGCAATTGTTGCGAATTAGGGATGAGGTCAAGAGAGCCCTTGAGTTAGCCAAGAACGAGCGCCGAGTCCTTAACCCGTTAGAGGCAAAGGTTACTCTTTTGACCAACGAGGCTTTAGCCGATTTCCTGAGCGGGTTCAATGTTTCTCTTAGCGAAGTCTTCATCGTCTCTCAAGTCGCAGTTCAAACCGATGGGATGCACCCGAACGCTGTCCCCGCTGAAGAATTCCCAAACCTGTCCATTGCCGTAGAACTGGCGCCCGGGGAGAAATGTGCCAGATGTTGGCAGCGACAGGAAAGTGTGGGGCAGGACGGAGAATACCCGGATTTGTGTGCAAGGTGCGTTGAGGTCGTCCGCAAGGTGAAAGGTTCGTGAGGAAGGAGGCTTGATGGGTGAAGGCAGAAAAATGGTTGCGGTATCATCGGCAGATGCTCTTGGAGGGGTGGGGAGAAAAGGGGCAGCAAAAGTTGGCGAACGCACATGTGGCAGTTGTAGGGGTTGGAGGGCTGGGATGTCCGATTGACCTTTACTTGGCAGCAGCAGGGGTCGGCAAAATCACCATCATTGACGCCGATATCGTTGAGGAAACGAACTTGAACCGACAAGTCCTTCATTGGTCAAGCGATATTGGCAAACCAAAAGTTCAATCAGCAACAGAGAAACTGCAACAGTTCAACCCTCAAGTCACTGTTGTCCCAATTCATGGGCGCTTGACGGAAGAGACGGTGGAAGAGTGGTTAAAGGACGCAGACATCATCGTTGACGCCTTGGATAACTTTCCGACACGATTGGTGTTGAACCGTTACGCCGTCAAAACCCGAAAGCCTTTGGTTCACGGCGCGATTTACGGTTGGGAGGGTAGGGCGACAACGATTTTGCCTTACGAGACGGCATGCCTTGCGTGCGTTTTTGAGGAAGGACCGCCACCGGGAACTTTTCCCGTCGTAGGGACGACCCCCGGTCTGATAGCAATGGTCCAAGCCACCGAGGTTTTGAAGTTGATTCTCGGCATCGGTCAGCCACTGCTCAACCGCTACCTGATTTACGATGGCTTGACGATGACTTTCCATATTGTCAAGTTGCGCCGCAGACCCAATTGCCCGGTGTGCGGGACTGAGAGAGGGTGATGAGGCATGGTTTTGCCACTGGCGATGCTTTTAGTTTCAGGTTTGCCACAGGGCGCGGTCATCGTTGAAGATTTTGAACAACCTGCAGAGTTCCGATTAGGCGGGATGCAAATCCAACTCAAATCTCAACTCCGCCTGAGCGAAAAAGACGCCTTTGAGGGTAAAAGGTGTGCTGAGTTGCATTACAAGTTTGAGCAAGTCAGCGGTCTTCAATATCTTGAGGTCATCGCACCTCACAAGTTGACGGAAAAGCCTCGCAAAGTCAGCGTGGCTGTTCGTGGTGATGGCTCTGGCAATATCGTCCGCATAAGGTTCGTTGATGCCAATGGCGAATGGCACCAATACGATTTAGGCGTGCTTCACTTTCGCGGTTGGAAGGTTCTTTGGACACACCTTGACACGCCCCATGGATACTGGGGCGGGGACGGAAACGGTCGGTTGGATTTCCCCATCACCTTCTTCAGCATCGTCCTTGACAGCCTTGTCCGACCTTCTGAAGGTGTCGTCGCTTTTGATGCCGTGACCGTTTACTACGGCGAAGAACCCAAGCATCCCGTTGAGGCAAAGTTTGAGCCAGCAAATCAATGGGGCTATTTCTGGGGCAAAAAGGATGTCCCGTCAGGCAAGTTGAAATTGACCTGCACGGGAAACCAAGCGTCAGCAGTTGAAGTTTCTATCCGATTGCTCAATCACCGCGAAGAGCCAATTCGGCAAATTTGGAAGGGCAAAGTTACCGTTTCGCCCGCAAAGCCTTTTGAGCGCTCAATTTCGTTGCCTTTGACTCGCTTCGGGGTTTACTTCATTGAAGTTGAAGTCAAGGCAGCAAACTTTTTGCCTTTCGTGAGCCAAACCTCAATTTGTTGGTTACCCGAACCTGCACCGATTTGGGACGAAAGTCCTTTCGGCGTCTGCACACACTTTGGGCAATTCAAACACAAAGTCCCTGAGACTTTGGAACTGATCAATCGGATGGGCGCAACTTGGATTCGCGACGAACTTTACTGGAGCAATGTTGAGCGGGAGAAAGGCAAGTTCCAATTTCCCGAATACTACGACGCCTACATGAAAGCAGCAGGCAATTTAGGCATCCGACCGCTCATCATCTTCAACTACGCAAATCGGCACTACGATAACGGTCTCGCGCCAAACACTGAAGAAGGGCGACAGGCTTTTGCGAGATATTGCGTGGAACTGATGAACCGATACGGTCAAATTTGTCGGCATTGGGAAGTATGGAACGAACCCAACATCGGCTTCTGGCAACCTAAGCCCAACCCCGAAGATTACACGAACCTGCTCAAAACCGTTTATGAAACCGTCAAAAAGGTTGACCCGAAGGTGACGGTTGTTGGAGTTTGCACTGCGGGGACGGATTTAAGGTTCATTGAGGAAGTGTTGAAGCGCGGCGGAGGCAAGTTCATGGATGCAATCTCCGTTCACCCCTACCGTTACCCTCGTTCGCCTGAAGCGACAGGTTTTGTTGACGAGATGAAACGGCTTAAGGATTTACTTGACAAGTATGGCGTTGGGCACTTAAAGGTTTGGCTCACAGAGTTCGGCTATCCGACTCACATCACCGGCGGGACGCCACAATGGCTTTCTGCTGCCTACATCGTAAGGACATTCCTTTGGGCTTTGACTTTGCCTTTCATTGAACGCCTGTTCGTCTACGACTTCCAAGACGATGGCGAAGACCCAACATACAACGAACACAACTTTGGGCTGATCCGATTTGACAGTTCGCCTAAAGTCGGTTACGCTGCTTTCAACACGATGGTTAGGATGCTTTACCGTAAAAAGTTCGTCCGTCAGGTTGAAATCGCTGACGGAGTTGTCTGCCTCGTTTTCGGTAGCGATGATGATGAGGTTTGGGCTTTATGGTCAGCCGATGACAAGGAACGGAAAGTTAGCCTAAATGTTCCATCAAAATCCGTCACCATTATTGACCTGATGGGCGATAGCCGAACAGTTCGTCCTGCGAAAGGGCAAGTAACCCTCACCTTAACTGCCGAACCAATTTTCGTCCGACCTTGAAATTAGCATTACAAGTAAACGAACGAGTGCATTCAAAAAACTATTCATGCCAC
NZ_CP130454.1_gap85	2880137	2882531	2394	TTGTGCTTTTTCGGCGATAGTTGCACTGTTTGGCGTCCCACTTTACTGGGCGACGCCACTGGGACACTATCCGACCAGTGGCTGGCGATACTTCGGCATCACCAATTCAGGTGTGGGCATAGTCCTTGCAGGGACGATTTTCGCTTGGAGTTTGTTGGCGCTTCCTAAGCGTTTCGTCTCGTTTTGGTTACTCACTTCGCCTTTGCTGATGGGCTTTTCTCTCTGGGGTGCGAATTTCGGTGGTGCTTTGACTTTGGCAGTTGGTTTTGCCGCTGCTTGGGAACTCATCGGCAACCCAAAGCCTTCGTGGGGCAAAGTCACCGCTCTAAGTTCGTTAGCGTTAGTCTTGACACTTTTTGCTCTCGTTGTCGCTGAAAGTTTCATCCCTGTTGACCAACAAGCACACTTTGGAGCACTGCTTCAGAGAATGCGGGGTGCTGGGTGTGAAGCGCTAACAGAGATGGTTCTTCGGAAAGGGACCTTGTTGTGGGAATTTTTTGTCCGAACGCCGCTAAACTTTTTTGCGCTTTCGCTTTTCGTAGCGTTCCAAATCGCTGTAGCGAGGTTGGCAAAGTGGAGCAATTTGTTCGCCCAACTGAAGCCAGCCTTTGACGCTGTTTTCGTTGGTTCATCGGCGGGTTTAGTCCTGAACGATAGCGGGATAGAAGTCGTTGGGATGGCACTGGTTAGCGTCAGCGGATTGTTTTTCCTTTCCTTGCTTGAAACTTTACACTCGTCAGTCAGGGGTGACAGGAGTGCCGTCAGGGCGGGTCCATGAAACCGTGAACTTGTTGGCGTTGCCACCAACTTTGTATTTCTTGCCGGATTCTTTGCCCAAACTCCCTTTCGCCGTCGGGTATCTGGTTGGCACATTTTGGCTGACGCCCGATCTGGACTTAGCGACGAGCCGACCTTCAAAGCGTTGGGGCATTTTGCGGTTAATTTGGCTGCCATATGCTTGGCTCTTCCCTCACCGTGGTCTATCGCATCGCCCGTTCTTAGGTGCGCTCACAAGGGTTCTTTACTTGGCTGCAATAGCGGGTTTGGGTTTGTGGCTTCTTGATACCCTCGGTTACCACTTGAGGTTTAACTTCCCCGTTGGGCAAAATTGGCTTAGTTTCTTTGCAGGCATCTTTGTTGCCGACTTGCTGCATTTGTTCCTTGACACAATTTTTGGGCGAAGGTGAGTGTGACTTATCCCTGCCAAAGGGTTGTGGGAAGGTAAGGTGTCACCAAAAGTGAATTTTGCGGAGCAGGTGAATTGGAAAAGTTAGGCGCAAAGCGCAAGGCACGGGGACTTGCCATGATGCGCGCATCGTAAAATGGACACAAGTTGCCTTTGCGCATCGTAAATGCTCTCCGTTTGCCTTTACAAGAGTTCGCTCGCAAAAATGTCTTTTAGGCTCGTTGCGTGGTAAACTTTGAAAGGTGCCTTGAGGGAAAAGATGGAGTTGCACCGATGGAGGTGGGAAGAAAGATGGCGGAAGAAAGGCAAGTTAGTGGATGGCAAGAGTTGGCAACGGCTTTGAAGGTGATGTTTTCACAGCCGTTGCTGGCTGTAATGATGTTCCTGCAGTATGCGATTTGGGGTGCGTGGGAGCCTCCCCTTTCGGGCATCCTCGTTGAGAAACTTGGCTTCACGGGATTTGGGCTTGCCTTGATTTATAATGCGCTCCCCATCATGAACTTGCTTGCACCATTTACTGCGGGTCAGGTCGCTGACCGATGGCTACCTGCGCAGACCGCTTTGGGCATATTCCACCTCGTTGGTGGCGTTTTGATGCTAATCTTGTCAACCCAGAAGCAACTTGCGACGATGTGGCCACTGATGCTTCTGTATGCCCTCTTTTACGCTCCAACTTTGGCATTGACGAACTCAATTGCCTTCCAACACTTGAAGGACCCACAGCGGGAGTTTGGTCCAATACGAGTTTGGGGAACGATCGGATGGATTGTGGCAGGTTGGATTTTGAGTGTCATGAGGTCAGCGTTCGGCTCGGCTGATTGGGCTGTCATTGATGTCTTTGTCTTGGCTGGCATATTCTCCATCTTACTGGGCTTGGCTTCGTTTGCGCTCCCTCACACCCCGCCTGCGAAGGAAGCGCCTGACCCACTGGCGTTCCGAGAGGCTTTGGTTTTGCTGAAGGACCGCAATTACTTGACCTTCTTCATCATCGCTTTCATCGTTGCCACTGAGTTGCGCCTTTACTACATGCTGACATTCCCCTTCCTTCAGGAGGCAGGACGGGTCGTAGGTATAACTGAACGGACGCTCCCTGCTTGGATGACGATTGCCCAGATAGCCGAAATCTTCACCATCACCTTCCTGTTGCCTTATGCCTTGCCGAGATGGGGAGTTCGTAACTCACTTCTCGTGGGCATAGTTGCTTGGCC
NZ_CP130454.1_gap86	2968255	2973001	4746	CTTTGCTGGTCGGTTTTTGTCTGGGGATGGCGCACTTGGGCTATGTGACGATTTTTTACTGGCTTGGTCGGAAAGTCGGTGTCTGGACGCCGTTGGACATCCCTTACACCGATGCCGTCGTCACGCCCTTGCCTTTCCTCGTTCCACTCTTTGTCGGCATGCAACCTGCCTTGACAGAAGAGTTGTTTTTCCGCCTCGCTGCCCCTTACTTGCTCTGGCGCTGGACGAAACGATGGTGGCTTTCGGCGATTTTGCCAAGCATCGTTTGGGCGTTTCTGCATGTTGGCTATCCGCCCGAACCTGCCTTCACGCGTGGTCTGGAATTGAGCCTTGTGGCGATGGTGTATGTTTGGGTGATGCAGCGTTACGGTTTCCTCGCGCCCGTCATCGCCCATTACACCTACAACGCTACTCTCACTGCCCAATTGCTGCTTCGTGCCGACGAACTTTTCCTTCGCCTTTCAGGTTTCATTGCTGTCGGCGGTCTCTTACTGCTTTTTCTCCCAGCGACCGTCACCTTTTTGCGGCATCGTCAATTGCCTTCCGCCGCCGAAGTTCCGCCCCTTGTGCCAGCGCCTGCACTCCAGCCCACTTTTGAACCTGTCCCTTACGCTTCCTATCAACCCATCGGTCGCAAAACTTGGTTGGCACTCATCGCCCTTTCCGCTTTGGGTTTTGCGTCAGGCTTCTTTCCTGACCAACGCTTCAATTCGGTGGCGCTGATGGAAGTCAACCGCAAGGAAGCCGTCGCCATTGCTACCGATTTTTTGAGGCGGAAAGGCGTGCCCACTGAGCGTTATCATATCGCTGCCAGTCTGGTTGCCGATGTGGACGAAGACGATGATGAGGTAGCCTACTTGCTGGAAAACGCTGACAGGGAAACCCTTTATCGCTTTTGGCGGGAGGAGCGATCGCCTGTCTATTGGCAGGTGCGCTTCTTCCGACCTTTGGAGCGAGAGGAGTGGTGGGTGACTGTCAACCCGCAAGGGCGCGTCATGCACTTTTCCCATCGCTTGCCTGAGGAAGCGAAAGGGGCGAAATTGGCACAAAAGGAAGCCCTTCAAATTGCCGAAACTTTCCTGCGCCATGAGTTGGGCGGAAAGTTGAACGAGTGGCGGTTGGTGGAAGCCGACCACTTTGACCGACCAAACCGGCGGGACTGGCGCTTCATCTACGAACACAAAACCCGCCGCATCGGAGACGCTCCTTTGCGCATGCGAGTGACAGTCAAAGGAAAGGAAGCCGAGGATGGTTGGCGTTGGTGGGAGGTGCCCGAAGCGTGGAAGTTTGAGCGGGAGCAGTTTGAGGCGTGGACAAGTTTGGTCGGCATCTATTTTCTGGTTCTGCTCATCGTCACAGGGATTTTCGTCATCTTTTGCGAATGGCGGGAGGGGACGACGGGTTTCTATTTGCCTTTGGGACTCAAAGTCGGTTTGCCCTTCACCTTCCTCACCGCCCTTCAGATCCTCAATGGGACAGCCAACTTCTGGTTATCCTACCCGACCAGTTTGCCGCCCATAGCGTGGCTGTTCATCAGGGTCTTGCAGGGTGGGCTTTTGCTGGTCTTGATTGCCTTTGTCGTCACAACTTTGGTCGGCAGTTTTGAACCCAATTGGATGGCGAAACGATTGCCTGAGATGGTGCCTTTGTCGGTTTGGCTGAGCCGACGCCGTGACAACCCCGAACTGGCGGCGACAGCCCTTTGCCATCCTGCCGCTTTGCGTGATGCCATCGCCTTCGGTTATCTTGCGAGTTTTGCCTTGTGGCACTTGTTTAACGAGACGCCATCAAATGCCTTGCTCCTGCGGAGTAGTTGGCTTCCTTTCGTGGACTATTTGGCATGGACAGCGTGGGCAACGCTGCTGCTCCTTTTGTTTGGCATCGCTTTTGCGGGCACATATCGCCGCTACATCCGAACGCCTCAACGCCTCTTCATCTTCCTGCTCCTTCTTCTGCCTGTCAGTTTGATCGGCACTTACTCAGCGACGGAAGCGCTCAGGGATTTCGCTGAATGGACAGTAGGATTGTTCGTCACAACGGTGCTCCTTTACTGGCTGGGTCGGTTTGTCCTTCGCCACAACCTTTATGCTTGGGCTTTGGGTCTCGCTTTACCGATGCTTTTGTCAATTAGCGTTCAGTTGCTTCAAGCCCCTGACGCATTCTGGAAGGCACAAGCGATTCCGTTGGTCACCCTCTATGTCCTGCCCGCCATTTGGTGGCTGTGGTTTCGCCACAAGACAAATCTTCACCGTCACACTTTGCAACCTTGAGTTGCTTACTCTATCGCAGTTGAGGCTGCTTCGTTAATCTTTTTAGCGAAAACTGCTTGTCTCGGGAGGCTCAACGACATGAACGAAAAGGCTGGCGATGTTTTGGGACGGATTGAAAGGCTGAAACGGAAACCGATAAGGTTGCGGGAGACGAACATAACGATGGCTCACGGCGCTGGCGGGAAGGCTACCCACGACCTAATCGTTGCAGTTTTTCTGGAAGCCTTCAGAAATCCGCTGCTTGAAAAACTTGACGACCAAGCGACTTTTGAACTCAACGGGATGAGACTTGCCTTAACAACCGACGCCTTTACTGTTCACCCGCTCTTCTTTCCCGGAGGCGACATAGGTTGCCTTTCCGTTCACGGAACAATTAACGACTTGGCAACTGCGGGCGCAAGACCTTTGTTCCTCGCCGCTGCTTTCGTGCTTGAGGAAGGGTTTCCCATTGACGACCTGAAACGCATCGTTGACTCAATGGCAAAGGCTGCCGCAAGGTGCAATGTCCAGATTGTGACAGGCGACACGAAGACCGTCCAGCGTGGCAAAGGGGATGGCGTCTACATCGTGACGACGGGAATCGGCGTCGTTGAGCGTCCAGTCAATTTGTCAATAGCCAACGCTCGTCCCGGAGACAAAGTGATTTTGTCGGGGACAATCGGCGAACACGGAATCGCAGTCATGGTTGCTCGCGGCAACTTGGATTTTGAGGCGGACATTCAAAGCGACACCGCACCCTTGTGGGACATGGTTGACAGCGTTTTGAAGGTTTGCCCAAAAGTTCGTTGCATGCGTGACCCGACACGAGGCGGCGTCGCTACGGTCTTGAACGAAATCGCACAGGCATCGCAAGTTTGTATCCGCATTTTTGATGAAGCCATCCCCGTTAGACCAGAAGTTCGTGGCGCTTGCGAGATTCTGGGCATTGACCCGCTTTATGTCGCCAACGAAGGCAAGATGGTTTTCGTCGTTCCGCCTGAAGACGCTGAGTTGGTTCTTGAAACGCTCAAGCGACATCCCCTCGGCGAGAACGCAGCGGTCATCGGGCAAGTTGAAGAAGAACCCGCAGGCATAGTTTTGCTTGAAACGGGGATTGGAGGTGCTCGCGTGCTTGACATGCTCACAGGTGACCCGTTGCCGAGAATTTGCTAACCTTTCGGGACGAGGGACGGAAAGGGGGAAAGTGACGCTGTGTTGGAACGAATTCGCACTTACCTGTCCTTTGTCAAGTTTGAGCACGCTGTTTTCGCTCTGCCTTTTGCCTTGACATCGGCTTGGGTTTGCGCGAGAGGGGTTCCGCCTTTGAGGGAACTGGCTTGGATCATCGTTGCTGTCATCGCTGCCCGTTCTGCCGCAATGGGCTTCAACCGCATCGTTGACTTGGAGTTTGACAAACTCAATCCACGCACGAAAAACAGGGAGTTACCGACGGGGAAGTTGACGCTGACTCAGGCTTGGCTTTTCGTCGCTGTTTCTGCAGCAATTTTCGTCTTTGCAGCCTACCAACTCAACTGGCTCGCTTTTTGGCTTTCGTTCCCCACATTGGCTTGGCTTTTCGGTTACTCTTACACGAAGCGCTTCACTGATTGGTCACACTTGTGGCTTGGTTCAGCCTTAGGCATCGCTCCTGTCGGTGCGTGGATTGCCCTTAAAGGCACGATAGAGTTGCCCCCAATTTTGCTGATGCTGGCGGTGACTTTTTGGGTTGCTGGGTTTGACATCATTTACGCAACCCTTGACGAGGAGTTTGACCGCAAAATCGGGCTTCATTCCCTTGTGGTCCGATACGGTGCAACCAAAGCCCTTTGGGTGTCACGACTTCTCCACTCCGTTTTCCTGTTCATGCTTGCAGCCTTTGGGTGGGTGGCTAAGTTGGGAGTTGTTTTTTGGGTGGCTTGGCTTTTCATCCTCGGGTTCATAGCATATGAGCATTCAATCGCTGAACCCGGTGACCCGAGGAAAGTCAACACGGCATTCTTTACCGTCAACGGCATCGTCAGCATCTTGCTTTTCATAGCGACCGCATTGGACATCGCCTTGCATTGAATTTCAGGATCGGTTTTTGCGAACGAACGATTTGCGATTGGTGCTAAAATCGTTGAGGCATGAATCTGCGGAGAAGGGAGTGACGGGCGATGAAGAAGGCAATTTGTTTGGGAAGTGTGGTGCCAAGGTGGGACTTGGAAAAGCGAATTGCTCTCATCAAGGAGGCTGGATACGACGGCTTTGAATCGCACCATCCGAGCAGTGAGGACGAGGCGAAGCGAATTAAGGCTTTGGCGGAGAAGTATGGTCTCGTTGTCCACAGCCTGATGGGTGGAACTCATTGGCAATTACCACTATCAGCACCCGACCCAGAAACGCGAAAGAAGGGCATTGAAGGAATTGAGCAAGCGCTCAACTTCGCTGCAGTCATGGGTGCGGAAGGCGTCCTCGTCGTCCCAGCAGTCGTCAACGAGTCAACGGACTATAAAAC
NZ_CP130454.1_gap87	2979411	2984054	4643	TTGCGGATGGCATCCAACATTTGCCAATAACCTTCGTTCCACCACGAACCGCCACCAAGCGGGTGACCGTGCGTTTTGTCAAAGCACAACGCTGGTGGCGCTGCAGCAACTTGGTCAATGTAAACGGCGTTGACGCCGAATTCGTTGAACAACCTGAGCACAATTTCGCGCACTTTGTCTTGCCAAAGTTTCGTTGTCGGGCACATGGGTGCTAACTTGACATCACTTCCATCCGCTTCCTTGCTGCCGTAACTTTCGGTGTAGGGCGTTCCATCTTCTCGTTTCGTGGCTGCGGGCAGTGCCACCTTGCTGAACTGCCAATCATCCATGCCTTTGTCTCTTGTGTCCCAAAGTCGCCCGTTGATGTAAGGCATAACGAAGACACCACTTTGCTGCAACTCCCGAACCCCTTCGGCAAAGCCCTCTTTCGTCGGGAAATAGTGCGGGTAGTCGTTGTCAAAAGGGATTTGATGCCAGTTATACCAGTGGAAGCCGACGGGCACTCCCATGAACTTGGCGAACTCTTTGACGATTGGCACGCACTCTTTTGGTGCGCCCCCACCGACAGCCCAAACGCAAAGTTCCCGCATCCACAAAGGCGTGTCATTTCGTGTCCCCTGTCCCTTGCCCCTTGCCCCGTCAGGAAACCACTTTGCTTCCCTTCGCACCCAGTTTCGGTAAATCATCGCTGCATCAAACCAATCGCCCCGCAAAAGTTGCCAGACGACTTTGCCCGCCAACGCAAACCCGTTGCCACCAACGCCCATGTTCGGTGCAGGGTGCTCAAACGCCAAAATCACGCGCTTCATTTGTGGCTCACTTCTCACCACGATGTCTTTTGCGCTCCCATTTGGGTCGTGAACGCCAACATAAATGCCCGTCCCTCGCCCCTCGTCCCGCGTCCCACTGTATACCGCTATGAACTGCATCGTTGCCCAACCGTTGGGATAAAGGCTGCGGTAAGTGAAAGAGCGCCGCCACAAGTTTCGCTGAACTTCGCCAGGACCACGCGGGAAGAAGACTTCAGCGTCTTCACCCAAATCGGCAATGGCAAGTTGCGGGAAAGTGACCCGAAGGATGCTCCAATCGGCAGGCAAGTTCGCAATACTCATCTGCCAACTGACTGTGCCAGCACCTAAACTCGCTCGCAAACTCACAGTGAGACCTTCGCCGACTTCCTTCGGTTGCTGCCAACGAAGCGAGATAGCATCACCTATGGGTCGCCATTCAACCTGCTTCCAACCTGCGTCAGCGTTCAACAAAACTTCCCGCTTTGTCGGAAGATGGCGAAGTGAAACTCGGAACAAAGGCAACGGTGGAGTTGCCAAAAGTTCTCGGTTCGTTTTGCGGTCAAACAAACTTTTCAGTCGTATGCCGTCATCGGTTTGTTCAAGCGCCAGCCCCAAGTCACCCGCCGTAACGAGCAACCAATTCTTCGGCACTTTGCCCGAAGCGATTTGAACCGCTTCGTCAAATCGCCCAATCGCTTCAAGTCTTTCGGCAAGAGAGCGATGCCATCCCTTCGCTTTTGCAATGGCGTTCCGAACTTCAGGGAGCGTCACAATGACTTGCGCATCAGTCGGAAGTTGGTTGAGAAAAGAGCGAATCGTTGCGACAGGTTCGTTGAAAGCGCCGATAAGCAACCACGCTGAAAATTGCGTCTCGGTTGTTTGCCATCCCTGCCATGCTGAATCACCGTGAGCGTGCAAATAAGTGCCGTAGCCTCCACGACCGTCGTGGAAGAGAGCCTGTCCGCTCCGCAAGATGGCAATCACATTTCGCCCATCAATCAACGCTCCCCACTCAGGGAAGCCGAAGGATTTTTGCGATGCTTCAAATTTGCCTCGTCGCAACGGTTCTCCGCCTGCCCATTGGCGAAAACTTTCGTCGGGAAAGTTCAGTTCCAGAAAATGCAACTCGTGCCATGCAAATGTTTCACGCTGCTTTACTGCAGCCGTCACGAAAACAAGTGGCAAATCGTGGAAGTGAAACCAGTGGTAAACAGCCTCGGGCAGGGAAGGCGGTTGCTTGCCGTCGGGTTGACAGTAACGCGCTCTCACTCTCACGACCGTTGCAATTTCGCCATCGGATACAACTTGCACTTTCGGGTTTGGGTCGTTACGCAGATGAAAACTCCCCAAATCACGGTGATGCACTCGGTCGTTCCAAACGAAAGTGTCAAAAGTTTTACCCGCCTCAGCAAACACGATGCGAGACGGCAGCCCTCCCATTCGCTTCGCTTCGTGGGCGATAGTGAAATGCTTCGTGCGAATTGTGCCGTTTTGTTCACCTTGTCCCATGTCCCTTGTCCCCTGTCCCACCCGTAACTGCACCGTCCAATTTCCGCCTTTGGGCAATTTCAAAAGCAACCAACCTTTAGCGGGTTCGTTTTCGCTTTCCGAGGCGAATTGTGTTGGGATTTTGCGACCGTCGGACAGTTGTGCTTGCAAACTTGTGGGTTGAAGCGATTTCGCTCCTAAGCACTTCAAAATCTGGCTCAAATCAACTTTCGCCATCACAACCCCGTGAGCAGGAGCATTGCGGACGATAACGACAGTTCTTGCATCCTGCGCCTTTACTGTTGTCGCCAGAAGTGCTAAAACCCCAACGACCAACAAAATCGCAACCCCTTCCTTCATGCTGTTTTTTCACCTCTTGCCATATTGGCTGAACACCCCCACAAGTTTTGCCACGCTGGTGTAAGCGTGCAAGAGCGCAAGCATACAAGTTGAAGGTTTTGAGCGACTAAGACCAGCAAACAAAAACGAATCACTCAATGGTGAGGACGAAAAGAGCGAACGAAACCTTGCCTATCTGTCCGCTTTAAGCCAAACTAATTAATGAGGTTGGGAAAGGAGGCTATAAAGATGCGGCGGCAAAAGATACTAAGCCCTGCGGAAAAGATACTGAGTTTTGCGTCAATCCTTTTCCTCATCGCCATCGTTGTCTTCTTTGCCTTTCAGCTTTTCTACCCTACCCCTTCATTTCCAACTTTTTCCCTAAAATGGATGAGAACAGGCTGTGTTTATAAAGTTGCTTTTTCACCAAAAGTTGACCTATTAGCAGCCTATGGGTATATCCAGAAGAGTTTTGAGCGAGAAGTGAGTGGGCTTCTTTTGTTTAGCACTTCGTCAGGACAATTAGCACGCTCTATTGGTGCTCATGCCAATGACCTTTCTTTTTCACCCGATGGTCGTCTCTTGGCAGCCAGTTATCAAGAGCAGGGCATGAACAAGGTGGATGTTTTCAATGTCGCAGATGGTCGCAAGATGCGAACAATTGTGATGGGGAAAAGTCTTGACTCTCCATCCGTCACTTTCGCGTCTGATGGACGATTGGCAATCGTTCACAATGGGAAACTTTGGTTTGTTGAAGTTGACAATGGCGAACGAATTCAAACCAAGATTCAAGCGACAGAAGTTGCTTTCTCTCCCGATGGTCGTTTTATCGCTGCTTGCTGGAAGAATTGGGTGAGCATCTTTGACGGGAAGGGGAAAATGGTTCGGAAACTTGAGGTCAAAGCAGAAAAGGTTTCAAACACGAATGCAAGCATAAGAAAGTTATCCTTTTCGCGAGACGGCAAAAAATTTGTCGCCCTTTGGTTGGAGCGAAAGCAAGTCTGGCTAAGTTCTCAAATGCGATGGTGGGTCTCCGTTTGGGGAACGAGTGACTGGGAATTAGAGCATTCCTTACCTATGACCCACTTCCAAGAGAGGACTATCGGAGTGGGTGACATAGATTCTAATGCCTCGTTGGTTGCTGTTTCAGACCCTTTCCCAAGAAGGGTATGGTTGTTTGGCATATTCAGCAAATCACTGATTGCAGTGTATCGGCTTGAAGATGGTCAGGTGATTGCCAGATTACCTCGGTATGGTTTCCATGAAAATGATGTTGCTTTCTCGCCTACCGGTCGTTATCTTGCAGTTGCTCATGTGGACGGAATAGAACTTTGGGAGTTTAAAGCCCAATCTTTCGGCAAGTCGGAAAGGTAGCAAATGGCGAATAGCGATTGGCGAATGGTTTTCTGGAGGGCAGTGCTCCTGCACTGCCGAAAAAATTTCGGCTCTTAACAATTGCACCTCGCACCTGATTTTTGGCTTGCCATAGGTTTGCCCTCCCAAACGCCGAATGGATTCGGCGCTTAGAAAAAAAATTCGTCATCAACCACTGTCTGAAGCCAGTAGCATGGGCAATTTTAGAACACTCTCTTGGCGCTATTGATAGTGCCAGACTAACAGCGAAAGGGCGATGAAGAAAAGGATGAAAAAGGTTGAAAAGCCAAAACCATCGCCGTTTCATCCGTCTCACCTCCCGATGACATCTTGAGCGGGCAAATTTTCGTCAACCCTCTCAAACTCGAATGGATGGTCAAAAATTGAGCGTCCTGCAGATTCATCCCATCCCTTGTCCCCTTCAATCGGCTCGGCAGACACCTTGCCCTATTTTCGTTTCCATCCTCGTCCTGTGTCCTCGTCCCATTCTAAGGGAGCGTTCAAATTTTGCGTTGATGGGCTGAAGTCAATAGCACGGAAAGCATCCCTTTAAATCTCCTCTGCCCAAGCCACTTCAATGGCTTTCAGCGGGTCAAACATCTCCTCAATCTCGCCAAGTTGCTTCTCCAACTCACATGGCGGCTCGTATGT
NZ_CP130454.1_gap88	2987049	2988603	1554	GGTGGCAATGGCGTCTCCCGATAAGTTACTGGCTCTTCCTTCGGCAACCCTTCATAAAGTCGGCGGCTATAGAAGGGTGTAGAGTCGTGGGAGATACGGGCAGGACTCCCAAAAGCACTTGTGCGTGAACCGCGCCGAGCCATTTGCTTGCACCTCCTTTCCTTAGTCCGACTGCCAATATTGAAGCCATCGCATATACGGGGCTAACCGCAGTTCCCTCACCCCTAAGTCAGTAGGTCGTTGCCATTCTATTGTCAAGACTTTGGTGAGTGGATGCTCAAGGAGTTCTTTCACGCTTTCAGGAGAAATTTCCACGCCGCGCGGATTGGTGCCTGGTTTGGGCAGCCTCAAATATCTCTCCCTACCAAGGCGTTCAAAGATTTCCTCTTGCGCCTGCAAGGGTATGCCGTAAAAACCCCCTGTTCCACCCCAGCGGACAATGACCAACAGCATATCGCACTTAGGCTCGTAAGTTTCCGCAAATTTTTTGACCTGTTCCCAATCAACAGTCCAAACGATTTTCACTGCAGGTGCTCTTTGCGAACGAGTGGTAACAGTTTTGATGGACAAGGGATGACCCAAAACACGCACATCTACTTCGTGCTCGGTGATCGGGATGTCTAAGTCCACGCTCACTTCCCCGAACTTGTAAATGAGTAGGGCGACGAGAATCTGTTCCCTTAGTGTCCCCACTTCCATCCCAACTCGCCCTGCCCTTGATGCTTGTTGCTCAGCCAAGGCAAAAAGGAAAGGCAACTTTCGGCGAATCTTTTCGCATAGCGCTTCGTCCCAGAACAGTTCATCCAAAGGTGTCACTGGATTGTTCACTCCCTTCTCTCCCTCTGCACCTGATACACAGTTCGGATTAACTCTTCAACGCTTGACGGTTTCGGCAAGCGTTCAAGGGCAGCGTCAATCATCCTTTGGGCTTCGGTTCGGGTGTAGCCCAACGATTGCAAAATTTCTATCGCTTCGCTGACGACATCGGTGACTGTTGAAACGGGTGCTTCCTCTTCCGCAAGCAAAGCGAACTTTGCGACTTTGCCTTGCAAGGCTGCCACCAATTCGCGAGCCCTCTGACGCCCAACTCCAGGCAACTTCATCAATGCCTTTTGATCGTTATCCTCAATTGCCCGCGCTAAAGCCGCCATCGGGACGGCAAAAAGTTGAAGTGCCCCGCGCACACCCAATTTAGGCACTGAAAGCAACTTCTCAAAAAACTCCCGTTCCAATTCGTTGCGAAATCCCAAAAGCATCGGTGTGGCGCGACCCGGCTCCATCTGCAACAAATAAAGCGTGACCAGTTCAACTTCATCGCCGATTTTCAAACTTTCTGCCCACCGAGCGACAACACCGGGGACAAAAACCTCATATCCAACCCCGTTGACATCAATGACAAGCCTTTGATTGTGCCGCTCAACGAGTCGCCCTTTCAATCGCCCAATCATTTGCTCATCCGCACCTCCTCAGGTTGAGGGGTGAGCAAACAGTAGCACAGCGCAAACGCCATTGCGTCTATAGCATCCTGCCAAGGGGGCAATTCAGGCAGTTTCA
NZ_CP130454.1_gap89	3052393	3053158	765	AAAGCCTGCGAGGGCAAAAACATGGCTCAACTTCTGGGCGAGTGCATAACGAGGCAGGTCAAAGCGCTTCGTCGTTACAACCCGAAAGCCGAGATTTACATTTGGTCGGACATGCTTGACCCCAACCACAACGCTCGCCCCGACTACTACCTTGTTGAGGGCGATTTCACAGGTTTGTGGAATTTCGTTCCCAAAGACCTGATTATCGCCGTTTGGGGCGGAGCGCCACGGGAGAAAAGTTTGCGCTTCTTTGCTGAACAAGGCTTCAGAACGCTCATAGCCTGCTACTACGACGCGCCCAACCTTGACGAAGTTAAGGGTTGGCTTGAACTCGCCCGAAAGACCCCAAATGTGACCGGCTTCATGTATACGACTTGGGAGCGGAAGTATGAACTGCTTGGAGATTTCGGTCAGTTGCTTTGGGGCAAATAAAGAGCGTGGTTGCGGTAAACATTCAAAGCGTCTGAGAAGCAGAATTTGTTAGGTGCAGCAAAAAGGTCAAAAGTCCGACTGAATTTTGCCTCGACAGCGGTCAAGGGGTGATACTCAAAAATGCGGAAAGTGTTTGTCATTGCCATTCTTGTTGGCATCATCATCTTGATCGCTCACTACCTTTCCCAACCTAAACCGCTCCGACCCATCGTCGTCACTTGGCAGGAAATCGGGGAAGTATGGGGCTTCGTTGATCTGGATGCGAACGACAATGATGAGCTGGTTGTCCGAGACAAAGATAGACAATTGTGGTGGGTTCAATTTAGCCCTACC
NZ_CP130454.1_gap90	3061667	3062610	943	GGTTGTTCGCGAAGGAGACGGGTTGCTGTCAACCCATCCATGTTGGGCATGGTTATGTCCATGATGATCAAGTCGGGCTGCTCTTTTCGTGCAATTTCAACGCCTTGAGCGCCGTCATATGCTGTCAAGACTTCAAAACCCTCCATCTCCAACCTGTCCCTCAAAACCCTGACGATCGCCACTTCATCGTCCACGACCAGAATCTTTCGCTTCATCTCCCCTCCGCCTCCGAACGAGACAACAACTCCCTTACTTTTTGCCTCAACTCGCGCGGACTGAAGGGCTTGGTCAGGTAAATGTCGGCACCCGCTTCTTTCCCAAGTCGCTCACCTAATCTCGTGTCAATGGCGGTCAGCATTATGATGGGCGTTTTGCTCAAAGGTTCGGGAAGATTGCGGATTGATTGGCAAACTTCAAGACCGCTCATTCCCGGCATTAGGACATCCAAAATCACCAACGCAGGTGGATCCGCCAAAAACATGCTCATCGCTTCTTCCCCGTTTCGGGCTTCTCGGACCTCAAGCCCTTCCAATCTCATGGCTTCGGCAATAACGGAACGGACGGCGTCTTCGTCTTCTACGACCAGAATGTATTTCGCCATCACTCTCGCCCCCTGTCAGGGCGTCTGGTGATGTGTAAAGGCAAACCAACCAAAGCCCACAGCGCTTCCTTTATACCCTCGCTAAGGCTTGGATGTTGGCGGATAATGTCAACTGCTTGCTCAACGGTCATTTTGTTCCCGACGATCAAAGATGCTTCACCGTTCAAGTTTACCGCATCAGCACCCAGAATGTGCAGTCCAAGCACCTGTTTCGTTTTGGCGTCTGCAATTGCCTTGACAAAACCTTCTGTCGCTCCAGAAGCCATCGCTGCCCCACTCGCCCTCCAAGGGAAGCGAGCGATTTTAACATCCAAACCCTTTTCCTTCGCCTCCTGTTCTGTC
NZ_CP130454.1_gap91	3064176	3065519	1343	ACCACCTCGGCATCCGAGTGGGTTTTGTGCTTCTCAAAGAAAGAAGGCGTCAAGCCCCAAACGAAGTGAGGGTGCGACTGATACGGCGACCGAACAAACTGTGAATTTAACGGCACAGCGGCGCTCAAAAGTAAGATAACTGCCAGCCACTTTCTCATGGCAAATCCCTCCAAACGCTAATTATGGCGATAGTGGGCGTCTATTGCACAGGTAGTGACTGCCTCAAGGTCGGCAAATCACTGGCACAATTTTTGGACAAGACCGACCCCGAGAAAGTTTTGAGGTTAGGCAAATCGGTGAATGTCTGGAGGTGAGTAGGATGGTGAAGCGAGAAATCTTTGAACCGATGCCTTCACATCCAATGGCACACGCTTCAACTTTGACAGAGTTGCCGGATGGAAAGTTGCTGTGCGCCTTTTATGCAGGTGCTTACGAGACTGCCCCCGACCAAGCAATTTTCATCGCACAAGCGAGCAAGAGGTCGGACAGATTTTGGGAGTGGACAAAACCCCGCAAGTTGATTGACACGCCTCAAAAGGCTGATGGCAACCCAGTGCTTTTCACTTCACCTGATGGGACTATCTGGCTCTTTTTCGTAACTTTGCAGGGGACTGGTTGGTCATCATCGCTGCTCTTCGTCGTAAAATCGTTTGACGGTGGAGAGACATGGAGTGAACCTCAGTTGCTCTCCGCTGTGAAAGGAACTATGCCTCGGACGAAACCCTTAGTGTTGCGTGATGGAGCGTGGTTGTTGCCCCTTTACGACGAAATCCGCTGGCGACCGATATTTTGGCGGTCAGAAGATAACGGACAAACATGGAAGGAGTTCGTCGTTCAGACGAGGCACCGATTAATCCAACCTGCCGTTGTGGAACTTTCAGATGGAAAGTTGTTGGCATACTGCCGCAGCACTTCTGGGCGAATTTTCCGCCTAATTTCGGAAGACGGCGGTCTCCACTGGAGTGAACCTGAACCGACACATTTGCCAAACCCTAACAGTGCCGTTGACCTTGCGAGGCTTCCTAACGGCAGTTTGGTTTTAGCATTTAACGACAGCGTTGACAAACGAACACCCCTGAGCATCGCTTATTCTCCCAACGAAAACGAGCAATGGATAGTTATTTGGGACTTGGAGGTCGGAGACGGCGAGTTCAGTTACCCTTGCTTGCTCGTTGCTTCTGACGGCACAATCCACTGTGTCTACACATATCGCCGCCGAACGATTCGGCACGCTGTCTTCGGTGAGGATTGGTTGCGTGGGAGATAACTGTGAGCGATGTAACGAGTTAGACTAACTTGGTCGCTCAATTTCTATGACCATCCTTCCGCTCCGGAAAACTCGC
NZ_CP130454.1_gap92	3066570	3068190	1620	GGGGAAGGCGGTTGAAAGGAGTCGTTGAGGTGAGCGGCAGTAAGAACGCCGCACTGGCTCTACTGCCAGCGGCTCTGCTTTGCAGGGGACAGGTTAATTTCTACAGGGTGCCCAACATCATTGATGTCCACATCCTGCTTGAAATCATCAGGACGCTGGGCGTTGAAGTGTTTTTTGAAAACGAAACAGTCCAACTTGACACAACCCAGTTGACACCTCGACCGCTCCCTAACGGCTCTGTTGCTCAAATTCGTGCTTCAATTTACTTGGCTGGGGTCTTGCTCACCCAATTTGGCGAAGTGACGATAGGTTTACCAGGAGGATGCCCTCTTAACAGGCAAGTTGACTTTCACCTTGACGCCTTCCAAAGGATGGGAGCAAAAGTTTGGCTTGAGGGCGAAATCATCAGGGCTGTCTGCCCGAGCGGGAAACTTCACGGCGCTGTCATTGAACTTGACCCAAGATGGAGGAGTGTGGGGACAACCGTTAATGTCATGCTCGCTGCATCGCTGGCTGATGGCGTGACAGTCATCAAAAACGCAGCCATGGAACCAGAGGTCGTCGCATGCGCTCGCTACCTGAAAGCGATGGGAGCGAAGATTTCAGGTGAGGGGACTCCCATCGTTAAAATTGAAGGTGTCAAGAGTCTTTCGCCGACCGATTGGACGGTCATACCAGACCGCATGGAGGCTGGCACTTACTTGCTTGCGGGAGCAATAACTAACGGCGAAGTGACCGTCACTGGCGTCCCACCTGAATGGTTGCGTCCCTTTTTGCAAAAACTCGTGGAAGCGGGAGCGAATGTTGAGGCGGATGATGACAGGATAACCGTTTCAATGGACGGTCGCCCGCGACCCATCGCGGTTATGACCGAGCCTTTCCCAGGCTTCCCTACGGACCTTCAACCACCGATGGGGGCGTTCCTTGCCAAATGTGACGGCGTGAGTTTAATAGTTGAGACCATCCATCGGGACCGGTTGCTTTACTGGGGAGAGTTGCAAAAGTTAGGGGCAAAGGCTCAGGTGGAAGTAGCCGAAAACCCGAAACGCTTGCCTTGTTTGGCGTGGATTTATGGCGTTTTAGAATTGCACAGCGGTGAGGTAACCGCCCCGGACCTAAGGGCTGGGGCTGCCCTTCTCCTTGCAGGACTAAGTGCCGAAGGCGAAACCTTGATTCACCAAGCCGAAAAGATTCAAAGAGGCTATGCACACATCGTTGAGAAGTTGTCAAGTTTAGGTGCCGAAGTGGACATGTTAACGGATGAGCCAGAACGGGTGAGTGGACATGCTGGGGCGAAGTTTGGGTATTGATTTGGGCACAACTTGTGTCCGAGTTTTCGTCAAGGGTAAGGGAATTGTTTTGAGGGAACCCTCAGTCGTCGCCGTTGACCGAAAAGGCAAAATCCTCGCCGTGGGCGAGGACGCCAAACGAATGATCGGCAAGACACCAAGCACTATTACTGCCCGCCAACCCCTTAGGGAAGGGGTCATCGCCGATTACACCACAACCGCCGCCATGCTGAGACAATTCATCAGAAAAGCGTGCGGACCGTGGATTCTGTTTAAGCCCGATGTAATCATCTGCGTTCCAGCAAAAGCCACAAGCGTGGAGCGACGGGCT
NZ_CP130454.1_gap93	3075346	3079582	4236	TTCGGATTTTCGCCACTTCTTCAGCCATCGCTTTGGCGACTTTCGGGTCACGCAAAGCCCAAATTTCCTTCAAGCCCGGCACATATCGGTTCTCCTCGCCAGGCACATGCTTGAACAAGTAACCGCCGTTGACAATTTCGTCAATGGCTTGCTCAAAGGGTATTGTCATCCACTTGTTCTCGCCCCGCTTGCCCGCACGCTTCAAGACTTTTCTGATGCGGTAGGGGTCATAGACAGTTTGGAGACCTGCCTGACCTTTCGGGCACAAAGCACCGTCAATCTTAGCCAAAACATCAACGGGTGTGTTGTAAGGCAGATGAGGGAACATGGTTTGAGGGGCAAGGGGGTTGCCGTCTATCTTGACCGCAACGCTATCCAGCAACTTCACTTTGATGCCGCAACCCGTGTTGCATTGAAGGCAAACGGAGTAGATGATATGCTCAGGTTCGGCGAGGGGGTAATCGGAAGCGGTGATGAAACTTGTTTCGCCCGCTTCCGCCAACTTCTTCGTCACTACTGCTGCCAGAGCCGTCCCACCGAACAATGCGGAAGTTTTGATGAACTCCCGTCGGGTTTGACCGTTCCTCTCCTTTTCAAACTTCGCCATCACCACTCACCTCCTGAGAACCTCTCGTCAAAAATGCCGAGGTAAAAGTCAACGCTTGCATCTTTCGTTCCCTCCCGACTCAGATGAGGTAGTAAACCTTCGGCTCTGTGCCTAAATCTTCCTTCAGCCTAAAGGCGTTGGGCTTGTTAATGAGTTCGCTGACGAGGCTTTCAGGGTCGTTGGCATCACCAAAATAAGTTGCCCGACCGATGCAAGTGGTCACGCATTGGGGCAGCAACCCACGCTCAATTCGGTGCAAGCAGAAATGGCATTTTCGGGCATTACCGATGGGAGACTCGTTCCCTTTCCGCTCCCAAGTTCGGTGATACTCAAAGGAAGGCGCTTTCTCAACGGGTGCAATTTCGGGAGTCCCTTCAGTGTAGTAGTCGCCGAAATCAAAGGAACGGGCGCCGTAAGGGCAAGCAGTGATGCAATATCGGCAACCGATACAGGCTTCGTAGTCAATGACGACAATCCCGTCAGGTCGCTTCCATGTCGCCTTGACAGGACAAACGGGAGTGCATGGCGGGTTGTCACATTGCATGCAAGGTCGTGGGATAAAACGACGGGTGACTCTGGGATATTTGCCGATTTCCTCCTCCAGAACGGGTCGGTAAACGACACTGGGTGGCAGTTTGTTCTCAACAATGCAAGCAACGGTGCAGGCTTTGCAGCCGACACACTTTCGCAAGTCAATGACCATAACCCATCGGCGCTTTTCCAACGGCTTTTTCAACGCTCTTTGCAAATCCCTCATCATTCGGATGAGTGGGTCTTCATTGGGCTTAGGTGGGGGAAGTTCTGGGAGTGACGGAGTTTGCGTTGTTTGCTTTTCTGTGGTTGCTTGTGCGGTATCGCTTAAAACAGCCGGCGCAACCAAAGAGGCGAAGACAGCGCTTGCGATTTTCGTCAATATGTCCCTCCGCCCGACCCGATTTTCCGACTTTTCGTCCTTCCCTTTGACCATGTCCCATTTACCCCCTTTGCCGGCTCAAAGTCAACCAACTTGGAAACTAAAACCAAAATTTCCAGATTGCTGTCGGGGAAATCACTAAATTGCTGTCAGGGAAAAACTGCTTACCGCAACATTGCGAGGTGCTGAGTTCAGAGTGCGATGTTTAGTGCGAAGTGTTGGGTTCTGGATGTGGTTGTTAAGCAGTGCAAGTGCGCTGCTCCCCAGAAAAAACGATTCGCTAATCGCTATTCGCCATCGGGCAGTTGACAAAAAGGAAGCGATGAAGTTAGCGTCGGGGATTGTCCGAGATGGCAGTTATTCTTTTGAACGACCATCGCCCACAAGGGACGACGCTACAAGTTGCCGCCTTTTTCACCAACAAATTGACCACTACCGCCATCGTTTTAACTGCCGTCTGAGATAAGCCTCGTCACTACCTTCGCCTTCTCGCCATTGTCTCACCATTCACCATTCGCTAATCGCTACCGTTTAACCATTCGCTAATCGCCAGTCGCCATTCGCTGTCGTTTCGGCTCGGCAGGAACCTTGTTCTCACAATTCGTCCACCGACTGAAGTCGGTGTCTACGAAGATGAAGCCTGCTAAAGCAGGTTGACACAAAAAAGTTGCAAGTTGCGGGTTGAGCGTTCAAAGAAAAGACCTAACTCGCAACTCTCAATCTGCAACCCTCAACCCGATTAGCATGCTTTAGCCTGCTTTGAGTTTTTAGCCACCCACCTTAAGTGGGTGGTCAAAGCCCGTTTGCCATTCACTATTCACCATTCGCCAATCGCTACTCGCTATTCGCTGCCGTTTTTGGCTCGGCAAAAGCCTTGCTCCCACAATTCTTCTATCCTGTGCTCTTTGTCCCGTTAGGCTGTGACCTAACTTGGCATTACCAGCGACATCTCCAGAATTTGCAAGTCAGGTTCGGCGACGATTTCAATTTCCTTTGAGCCGCATTGTGGGCAAGTGGGGTGATGGTCATGGGGAGTGAAAGTTGTGCCGCATTGAGAACACTTTGCTTTCGGCGGCGCTTCCTCAACGATTAACTCTGCAGCCTCGCAACTTGTGCCTTGAGAAAAAAGCCCAAACAGTTCACGGAAAGCATCGGGGTCAATCCAGTGAATGCCGCCTAACCTCACCTTGACTGATTTAACTCCCTTTGCCCCTTGACTTCTCACTGCTTCTTCCAAAGTCGCAACCAACCTGCGAGCCAGTTGACTTTCATGCACCTTTCTCACCTCTTAGCCACCATCTCAGTTGCAGGTTCCGACTTTCAACGGTTGAGACTTGAAACCTTCAACGGAACCGCATGGCTATGCAGGTAATTTCTCTTGCTGTGCTTCAGCGATTTGTGTCGTTTGGACTAATTGGCGAGCATCAGCGAATAGTTTCATCGCCTCTTGCTCCTTGGGTGAATAACGGGCGAACTTGATCAAGTCGCTTAAGGTCAATGTTCGCTGCAAGGAGATTTGCTGCTCCTTTGTCAGTTGATTTCTCAGCAAGAGAACCAAGTTCCAAGTTGGCAACTCAAGAGCAGGGACTTGAAATCGGTCACGCAAATAGCGACGAAGCCCGAAAGAGAGCAAAACGAAAGAGCGCTCAATTTCACCTTGTCGGTAAAGTTGTTCGGCTCGGTCAATAGTTTGTAGCGCCAGCAAATGAGGCGGCAATGGTGGCTTTTCTGTTGCCTTTTGCCACGAACTCCACGCCGCTTGAATCGCCCACAAGAGCGCTTTCCCGAAAAGCCAAACGGCTGCCAAAGTAAATAACACGCCAAACAGAAGCAACATGAGCGAAAGCGGGCTTAGAGGGTAAGGCATCGGCGCTTTTGCTGGTCTCGGTTCTTTTGCATCAGGTGGGGCTAAGGGGATGATCTCAATGTCAACGGAGTTTGTCCGAACAAGGGTTTTTCGTCCCTCTATTTCGCAAGTGACGGACATGGGCGGAATTGTCAGTTTGCCAAGTTGATAGGCAGCAATGTCCCATTCGGCACTGAAAGCCATTATGCCGGGCAACTCGCTAATTTGCTTTTGCAAGGGGTAGCGCTGCAAGACTTCAAAGGCTCCGAACCTTGAACTGGTCGGGAATTTGACATTGGCGGTTTCGGGTGCGAACACTGTAACGCGGTAGCGAATCAAATCGCCGATGAGACAGGAACGGGGGTAGGCTTCAGCCCTTGCCCTTATCTCCTGCGCCAGCAACGGGCAACTTGTCAAGAACAGAAAAATCAACAGTATGCCTTGGCGATTAACGCCTTTCATTCTCAACACCTTCCGTCAAAACCAGCGGGGCTACATCCAAAATATGCCTCCCGTAGCCCGTAAAAGCAACGATGACAGCAGGCGGGTTTATTGGGACAGGCAAATCCACTACTAAGGTCTTACCACGCCTCAAAGGCGTCAACAGAACGGAGGTGGGCGAAGTGCTGTGTGCAATTCGTATCCCATATCGGAGATGGGAGTTTGAGTTGCCTCTGAGTTGGACGAAAACCCGCTTTTGATGGGTTTGTGAGGTTGGGACGAGAGGTAGCATTTTCATTGGCTCAACCCTAACTTGGGCTATGTCAAGCCCAGATAGCAAAGAGCGCGGTTCACCTGTTCGGTCGGGCTGTGTTGTCAACGGTAAAGGTTCAGCGAAAATCTCGTTGCTGCGGACAAAACTTTTGAGGA
NZ_CP130454.1_gap94	3094339	3097918	3579	GGCTGTGATGGAGCGCTGAGTTAAAAGCATGTCAGCGGTTATGACGCCAATTGGTTTGTCACCAGCCCATAAGGAAACGCTGATATGCTCCTTGACGCCCTCCATGATTGGCGGTGCAGGAGCAAATGTCGTTGAATAGTCGTGAGTATGGAAGTAACCGTTGGGTTGACCAAAAGCCTTGCGGACGGAACGGTCTCCTTTAATCCGCCAATCCCACTCGTCCGTCAACTCGCCGTTTCTTCCCGTCCCGAAAGTCCCGCAGAAAGTGTCAGTTTCGGGGTCATAAAGCCAGATGGCTGCTCGGTCAAGCCCAAATTCGTTGATGACAGCATTGCGGATTTGAAGGACGCAGGAACGAAGGTCCGTTACCCTGCCGATTTCCCTGCTCACCCTGCAAACCCTTTCCAGCAACTCCGTTCGCTTTTGCCTTTCTTCAAGCAGTTTAGCGTTCTCAATGGCGACCCCAATGTAGCCAGACAGAAGCCTCAACATTTCAATCTGCTCATCGGTGAATGGGCGCTGGAAAAGTAGGTTATCAGCGCAAAGGAAGCCGACAAGTTTCTCGCCATCCCAAAGGGAAGCAACGAAGTGCTCCTTGACACCGAACATTGAGTGGTCTGGTGGCAAGTTGTATTCTGCGGTGTAGTCGGCAACATAGACAAATTTCGTCGGCGATTTCAAGGCAGCCTCAAAGATTCCCCCTTCAACCCCCAACTCAACATTTGTTGGCTCAGCCAAACTGCCATCAACGGCTGTCCCTATGATTTCACAGGCTACATTGCGGTCGGGATCGTAAAGGAAGACACTGACCCTGTCAATGCCGATTTCCTCTCGCACTATGCGGTAGACTTTCCGAAGGCAAGATTTTAAGTCGGCAGAGGTCGCAATTTCACGCTCCCACTCAAGGACTCTCTCAAGCAACCTTTGCCTCCTGCGCAAATTCTCTTCCGCTTGTTTTTGCTCCGTGATGTCGGTGTTACAGCAAACGCAGAAGTCAACTTGTCCCGTTTCGTCATGGACAGGGAAAAGACGGCTCTGTGTCAGTCTGGTTTGCCCGTCTTTAGTGCGGAAAGCGAGCGGGATGCCCGAGATAAGTCGCTTTTCCCCAAAGACCTGCCTCATCACCCCAGCAAACTGCCTTTTCGCTTCCTCATCAGCCAACAAATCCCAAACGGGCTTCCCGACGACATCGCTGTGCGAGTAGCCCCAAAGCCGTTCGCCAGCCCGACTCCACAAGCGGATTGTCCCGTTTCTGTCTATGGCGAAAATTGGGTTGACCAAATCCTGAGTCCAGTGAGCGTTAAGGGTAGCAAGGATGCAATGCAAACTCTGGGTTGACTGTTGAAGCATTTGCTCCAACTGACGAGTTGACTTTCGTTGGCGAGCATTCCTCAAAGCGATACGAACCGCTAAAGGCAACCTGACAATGTGGCGCGGGCTTTTGATGATGTAGTCGTCAATGCCTGCCTTCAGCGAGGCGACAGCGACCTCTTCATCGCCAGAAGCCGTTAGCATCAAAACAGGACAATCGGGGCATTGTTCCTTGACCCTTTTCGCCACACGAAAGCCGTTACCCCACCGAAGCAAATAGTCGGTGATGACGATGTCAAACTCTCCCCGATCAAGTGCTTGCTGGAACTCGCCTTCAGTTGTCACATGGCGGATTTCAACTTGATGGAACTCACGGTAAAGTAGGCGTTGGAGCAAAGGGAGCGTCTCAGGGTCGTCGTCAACCAGTAAGACCCGCAACGGGTGCGCAGAAACCCAGAGGAGTTCGTCAATGACTGCCTTCAGGTTCTCCGCCGATGGCGGCTTGACGATGTAGTAGTCAGCGCCCAAAGCGAAGGCTTTTTGAATTGCGCCCTCGTCTTCGGTCGCTGTTAGAACCACCACAGGCAACCTGTGCAGGTAAGGTTGTTCCCTAATCCAAGCCAAAACCTCAAGCCCAGATTTTCGCGGCAAATTCAAGTCCAGAAAGACCAACGAGGGCAACGGGAACTTGTCCCTGTCGGCGTATTCCCCCTCACCAGCGAGATACCGAATTGCATTTTCGCCGTCACAGACAACCTGCAGGTGGACATCCACCCTCGCCTTTTGAAGTTGCCGCTTCAGCAAAAGGGCATCATCTTCGCTATCTTCAACCAGCAAAACCACAGGGACGGACGCTTTCATGGGTCGTCCCTCCGCTCAAAGGCAATTTCGAACGGCACGACCATTTTAGTGCCGATTTAAGCAAACGCAACTTGCCCAAATCCCTTATCGGCAGAAATGCTCAAATTTTTCAGCATGTCAAGGGACTGGGGAGACGAAACAGGAGGGGGCTTTTCGCCGCCCCTTCCGTCTTGGGAGAGTAGCCTCGAACAGCACCCACTCACCGCTTCAGCGGGCATATTCAACAGCCCTGACTTCTCTTATGACGGTCACCTTAATTTGCCCTGGGAATTGGGTTTCGGTTTGAATGCGGGTGGCTATGTCCTTCGCCAGTTTCGCCGCCATGACATCATCAACTTGGTCGGGCTTGACGATGACCCGGACTTCCCGCCCCGCTTGGATGACATAGGCTTTGTCAACGCCAGGGAAGGACTTGGCGATGCTCTCAAGTTGCTCAAGCCTTCGGATGTAGGCTTCAAAACTTTCACGGCGAGCACCAGGTCTTGATGCGGATAGGGCGTCGGCAATCAGGACAAGCACAGCCTCAACAGTTTGAGGCTGGATATCGCCGTGATGGGCAGCAACGGCGTGGATGACTTCCTCGGGCTCGCCGTATCGGCGAAGGACATCTATGCCGATTTCAATGTGGCTGCCTTCCATGTGGTGGTCCAACGCTTTGCCAATGTCGTGAAGCAACCCTGCCCGTCTCGCAATTTTGCTGTTGACTTTCAGTTCGTCAGCCATCATGCCGGCGAGGTGTGCGACCTCAACGGAATGGTCAAGGACATTTTGACCGTAACTGGTTCGGAACTTGAGCCGACCGAGCAACTTCAGCAGACCTTCTGGCAAGTTATCAACCCCTGCAGCCCTCGCAGCCTCCTGACCAGCCTGCAGAATTCGCTGCTCCATCTCTTGCCTCGCCTTCTCCACGACTTCTTCAATTCGGGCAGGGTGGATTCTCCCGTCAGCGATGAGCATTTCAAGCGCTAACCGAGCCGTCTCCCGCCTGATTGGGTCAAAGCAGGAAATCACAACGGCTTCGGGCGTATCGTCAACGATTAAGTCAACACCCGTCAGCAACTCAAAAGTTCGGATGTTGCGACCTTCGCGCCCGATGATTCGCCCCTTCATCTCTTCGGACGGGAGCGAAACGGTGGTCACAGTCATCTCCGAAGCCACCTCAACGGCGCACCTTTGCATCGCCGTAGCGATGATTTTCTTCGCCCTCTCTTCTGCTTCCCGTTTGATTTGCTCTTCGGCTTCATAGATTCGGCGTGCGATTTCCGACTGGAGTTCCTCTTCAACCCTTGCCAAGATGATTTGCCTTGCTTGCTCGGGTGTCAGTTCGGCGATTCGCTCAAGTTCCTGTTGAGCCTTCCGGTGCAGTTCCTCAACTTCCGCTCGCATCGCTTGAATTCGCTGCTCCTC
NZ_CP130454.1_gap95	3192580	3196299	3719	AATCTTGACTCGCTTCAAATCTGCGACGCCGACGCCCAATTCCGCAGCCTTAATGATGTGTGGCACATTGTTGGGAGTCAAGCCAAATAAGGTCGTTGCGTAGGCATCGGCAGCGACAATATCGGTGCTGGCAATTATCGTGTCCTTTTGCTCAACTCGCCCAGGACCTTTCGGTCCTCCCGAAGCCAAAATCCTGATGGCGTCAATAACTGTCAAGTGCGGCTTAACTGCGGTGACGAAATCGGCGATGCATTGATGCAAGTCACCGCTTCTGTGCCACGAACCTCGGTCTTGGATTATGCCCATCAAGTTCTTCATGCCCAAAGTCAACCGAGCGCTCCCGTGAGTTTTGGCGATTGGCACATTGATGAAGACATCGGCGTCCAAAACTTGCCTCAAGACCCTCACATCGTAAGCGCTCAAGATTTTCCCTTTCGGGACTTCAACGGGGACGAAATCCTGCCGACCGACATAAACCACCCTTGCCCCTTGGGCTTGGGCAGCCTTTGCGATGCCACTCATCTCGTAGGTGATGCGAGCAGGGTCAAGGGTGTAGTCAAGGACGATGACTTCTTTTGCGCCCGCTTCAAAACAAAGTCGCACCAACTCAGCAATGACTTCGGGGTTTGTAGTGGCTGCCCCTTCTGGTGGTCGGGCGAAAGCGATATTTGGCTTGATTAGCACCCTGTTGCCCTTCTTGACAAATTTGCCCATCCCACCTAAAGCCTTAATCGCTTTCCGAACCAACTCCGCTGGCTTATCCTTTTCGGCGACGACAACGACAGGTTGTTGCTGCTTTCCTGCTCTCTGACCCAAAGCGACTTGACCGAGCCCTACCGCAGCCACTCCTAACCCAAGTCGCCTGAGCAATTCGCGACGCTTCATGAGCATCTCTCCCTTCGGCGGGTTTGTTTTCGCCCGTCCATTTCGCTTTGACGCAAGTTTTCGGATTTACGAACCCAATTGTTTTGGGGCTATCGCATTGGCAACTTGCTTGAACCGTTCCAGAACTTGTTCGGGCGTTGCCGTTCCAGTCACTCCGATTTGCTGGATTGTGATTGAGGCGACGATGTTGCCGATGGTTGCTGCTTCTACGGGGTGAGCGCCCAAGCAAAGGGCTGGCACGATTCCGCCAGTTACGCTGTCGCCAGCCCCAACGATGTCAATCTCACCTTCAACGGGGACGGCAGGGATGTGGAACGCCCCATCGTCGCAAAAGACCAAAATCCCGTGCTCGCCCACAGTGACGAAAACGGGTTTTCGGCTCCGCTCAAAAAGTTCCTTTCCGAACTCAATCGCTTGCTCAAAACTCACACTTCCGTGCCATTCTCCCCGCACTGCTTTGGCGGCTTCATATCGGTTGGGCTTGACGGTGAAGTTGCGAAATTCGCCGATCCGCTCCCTTGAATCGGCGTAGAAAACTTTGTCGGGGTTCGCTGACGCCAATTCGCATAATGCATCTCGGACTTTGTCGGTGATGACGCCGAAGTTCCGCTCTTGAACTTGATCGGAAACGACAACGGCATGAACTTGCGGCAAAAGTTCGCGGACGCTCGCGATAATTCGTTCCTGCAAGTCTTCAGGCAACGGTCGTCGGTTTTTTATGTCCAGTCGGTTCAACTCGTGCCATCGCCCGTCGGGTTCTTTCATCATCGGCTTGGTGTAAGTTGGGGTCATCAAGTCCGGGCGGATTTCAAGGTGCGACAAATCCACGCCTATGCGTTGCAAGCCTCGCCTCAACTCGTAGCCCTCACCATCGTCTCCAGTAAATCCGACGGCGTAAACTGTCCCGACTTTGAGCGCTTTGAGATTATTGGCGACAGTTCCCGCAGCACCAGGGTAGCAACGAACCCTCACGACTTGGAAAGCCTCAAGCCCTGTCTCCAGCGAGACCTCACTTAAAGTTCGGTCGCAGTCAAGATACTTGTCCAGAAAGAAATCGCCGACGAGTGCAACCCGAACCTTTGGGAAGCCACTCAACAACTCTTCCAGCCGTTGCTCCGTCAGCATGCCCTCCACCTCCTCGCTCAAAAGTATTGCACAGGGCTAAACTTATCCCTCATTCGTTCAGCGCCGATTCCTGCAATGTGTTATGCTTTCTTTTGCCAACTCAAAATCCACCTGCAGGTTGAAGAAGGTGATGGTTTGGCGATGAAGCGGGTTATGGTTTTGTGGGACGGAGCAGCCGATGAACCACAGGAAGCGTTGGGTAACAAAACACCCCTTGAGGCTGCCGACATCGTCCAACTGCACAAATTGGCGAAAGAGGGGACTTTGGGTTGGACGAGGACAATTTTGGAAGGACTGCCAGTTCAACCCGAAGTGGCGGCTATGGAAACTTTCGGATACGACAGCCAGTTGTTTTACACCGGTCGCGGTGCCTTCAGAGCGTTAGGCGCCGATGTCCCACTCGGTTTGCGCGATGTCGCTTTCACCCTCGCCTTCCTCGCTACCGACGGAGAGAAAATCACCGAGACAGAAGTTGAATTGAGCCACGATGAGTTGCGTGCATTGATGGAACTTTTGCAGGAGAAGTTGGGCGACAACCGTTTTAGGTTTGTGCCCTTGAAGGCTCAAAGGCATGTTTTGCTCTGGCACGAAGGCTTTTCGCAACTCCATTGCGAGCCACCTGACGAGTTAAAGGGAGAACCCATCAACCAACATTTGCCCAAAGGCGACAACGAAGGGGTCATCCAGCAACTCATTTACGATGCCCTTGAACTCCTTGAAAAGCACGAAATCAACCGCAAACGGGTTGACGAGGGTAAGCCCCCTGCAAACTTGATTTGGCTTTACGAACCGGGAGTGATGCCAAAGTTGCCGTCGTTGAGGTTAGTTGCCGGCATGATTCGCGCCGATGCTGTCACCGACCATATACCGATGCGAGGTCTTTGCATCGCCGCTGGCATCCGACCCCATCGCCCACCAACCGTTGACCTTGACAATCTCAGCGAAGGGTATGAGCGACTTGCCAATTTTGTGAACGACCTAATTCCCGACACTGACCTTTTGATCGTCCACATCCGAGAAGCGGATAAAGCCTCTCACCGCCGCGACCCAGAACTGAAAGTTTTCGCACTGCAACGCTTTGCAGAAATCTTCCTCCCTCGCCTGCTTGATGCGGTTCAGGCGTATGACGATGCCCGACTTCTGCTCATTTGCACCCACAAAAGTAACTCCGCGACGGGAAAGCATGTTCCGGGCGAAGTGCCGTTTTTGTTCCTGCCGCGAAAGGGCATGAGCAAGGCGGATGAGTTTCACGAAGAGGCGGCGAAAACTGTTGGCGTTAAAGTTGACCGAGCCTGCGAGTTGGCTCGTTGGCTCCTTGACATTCAAACTCCGATTTCCGTGTGCTGAGTGCGATGTGCTGGGTGCCGATGTTGGCTTGGTTTTAAACTTCTCTGACCAATCTGACAGCCGCCACCAAGGCGCTGAGGAAACTCAGACCGATACCCATCAGAAAGACTTGACTGACGAACTCGCCGTCCAACTTGATTTCCTGCAGCAAAACCCTCCAATCAATCCAGTCGCTACCGAGACCCGTTAAGTAAGGCGCTGAGTGCGAAGTGCTGGGTGCTATGACCAAAAACAACTTCGTCAAAGCCAGAACCGAAATCGCCCCCAGAATGCCGTAGAGCAAACCTTCAACGACCAAAGGACCTCTGACCGTCCAAACGGTTGCGCCCACAAGTTGCATGATTCGGATTTCGTTCCTTCGC
NZ_CP130454.1_gap96	3203968	3204561	593	GGACAAACTTGCAGGGAGGTGCGAAGCCATGCGTTGGGTTTTAACAGCGATGTTGAGTTTGCTGGCTGCTGCACCGGTGTGGGCGTGTGGCATCGTGTTGCCTCCTCCTGACGACCGACCACCTATTCCGCGACCAACTCCTGTCCCGGGCTTTTCAATTCGCTTTCGCCACATGGAAGCGACCATCGTTGATGGCGTGGTTCAAGTGAACGCAAGGCAAGCCTTCGTCAACGAAGCACCTTATCAGCGTGAAGGAATTTACCTGTTCCCAGCCCCTGAAAACGCTGCTGTCAACCGGTTGGCTTTGGTCATTGACGGCAAAACTTACGAGGCGGAATTGCTCAGCCGAGACGAAGCCGTCCGAACTTACGAACGAATTGTCGGAGCAAGGCGCGACCCAGCCTTACTTGAGTTTGTGAACCGCCAAACTTTCCGCTTGAGAATTTTCCCATTCCCACCTCAAGGTCAGCGTGAAGTTATCGTCCGATACGACCAACTTTTGCGCCGTCAAGGCAACACCTATCGGTTCGTTTACCCGCTACGGGTTGAAAGGCTTTCCGATAAGCCTGTCCGCGAGGCAAGCATTACTGTCC
NZ_CP130454.1_gap97	3220845	3224024	3179	CTGCTTCTGCTGCGGAACGACGGGAAGCCATCAAGTCAAGGACATATTCGTGAGTTAGTTCGGAACGGGTTTTGGGGATGCTTGCGAGAACGGGGATGCCAAGCCGTTCTTGAATCTCATCGGCTGTCGTCACAGTTTCGTTCAAACCTTCCGCAAGGAAAGCCGCCATAACGCCGAGCATCAAGCCTAAAACCAAAGCAATTGCCAAACTGAGCAAGGGGCGAGGCGAAACGGGTTCATGGGGAGGGGCAGCGAAGTCAGCAATCACCAAGTCACCCGTTTTGGTCACTTCCCGAATTCTCGCTTCTTCCAATCGCATCAGAAGGTTCGTGTAAACTTGCTCCGCTGCTTGAGCCTTCCTCAGGAGCGCGCCCAATCGGCGCTGATTTTCCGGCAACGCTTCCAGTCGCTTTCGCAACTCTGGCAAAAACCTGCTCAGGGCTTGAAGCCTCGCTTCCGCTGCAAAGCGATTTGCCTCGGCTGTCACAAGTTGCTGGTAAAGCAATTGGTAGGCTGGATTAGGAGCGACTTCTCGCTCCTTGACTAATTGCCTTGCCTGTTTAGCGAGGGCTTCGCGAAGGGTCTTGATACGCTCTTCAACTTGCTGGACTTCGGGGTGTTCAGGAGTGAAGAGGGCGAGCAACTTCGCCCGCTCAAGTTCTAAAGCAGCAAGTTGGTCCCTCATCTGCTTGAAGACGGGGTCTTCTTTTAGGACATCAACGGAGACAATGGGTTGCTCTCGCTCAATTTGCTGCCGCAGCCTCTCAACTTCCGCTGTTGCTGCATCCCTTTGCGCCCGAGCATCATGCCATTCCAGTTCGTAAGTTCGCAGAGAAGTCAATAGGGCTTTCGTCTCCTCTGGGATGTCAACTATCCCGAGGCGTTTTTTCTCTCGGGCTATTTGCGCTTCCAAATTTCTCAACTGCTCCTCCAAAGTCTTAAGGCTGCGTTCAATGTAGCGGCGCTCTTGAGTAGCTTCCCTTTGCGCCTCTCGCGTGAAGCGCTGAACCATTGCCTCCGCGATGCTGTTGGCACCTAAAGCAGCCAACTCAGGATCGGGGTGACGGACGCGAATTTCAACCAAATCGGGTTCAACGGTTTTCGTCTTCACAGCCTTCACCAAAACTTCCGCTGCCAGTTCTTCAAGCCTCTCCCTCTCATCCACTCTTCCGCGTGCGGTTTTTAATGCGTCATGAATGGTTGAGTTTGCGTAAACCAGCCTTTCTATCGCTTTAAGCCCCCTGCCTTTCAAAATTCGGACCGCTTCCTGGGCGGTCAGGCGTGTTGTGATCAGGCGTTCAATCGTTTTCAGGTCAATTTGTTGCGGTTGGCGGGACATAGGGATTGGCAAACCAGTCAACGCAAGGTTTTGGGTTGATGGTTGAACTCTCAGGATGCTAATGGCTTCGTAAATGCGCGGTGCCGTGCGAAGGTAGCCCAAAGTTGCAATAACTGTCAAGATGGGCACAGCGACGACAATTTTCCACCTTCGCTGCAGGATTCTGACGATTTGCCGAAGGTCTATGACATCTTCCTCTGGCACTTCCGCTCGCTGGACTACTTCTGCCATTTCGCCCTCACCTTTTCCGCGTTTTCCAGAAAGTCAAGAATTGCCACCACCGTTTTTTCTGCGAAGTTCTCTCAACGCCTGCGATGAAGGCTTGGATGTCCAACCTGAGCGGACTCCTTTGCCATGCAGGTTGGACATTCTGCCCTGCAATGATTTTGGACGGCACATTCCAAACCAACCTTTCCAACTCCAAATCGCTCAAGTTGCCTTTCAATTTTTGCACCGCAAGTGTCAAAGGGTAAGGGGTTTCAGGATCGTGCCAGTCGGAAGCCAAAAAGTCAACCAACCCGTTCTGGATGAGCCACCAAGCAGTTTTGCTGGCTGGGTTGTCGGAGCGAAGCAGAAATTCAGCGTTCACTTGCAATAAAGCCCCGTTCGCCAGAAGCCGATACAAGTTCCGCTCATCTTCCTGAACCCAGAAGTATCGCTCAGGGTGGGCGATTATCGGCGTAACGCCGCGTGCCTTCAGTTGAAACAGAAGCCATTCGGCGTAAAGGGGCATCTCGTTAGCGTCAAACTCAACGAGCACATACTTGCCTGCACCAGCGTATGTCAGCGACAAAACTTTTTCCCACCTCTCAGGGATGTCTGGGAGAGCCCTGACTTCAGCGGCACTGAAGACACGAATTCCAAACTTTGCTGCCCTTGATGCCAAATCGGTCAAGCCTTTGAACCTTCCTTCAATGTCCAGCCAATCGGAGTCGTAAACATGAGGGGTCGGAGCGACCAACTTGACATCGTTTTCAGCCAAAATCTTCAGCATCCGTTCAGTCGTGTCCCAATCGGGTGAACCGTCATCCACTCCAGGCAAAAGGTGTATGTGCAAATCTGCCAACGGCACTCCCCATCTCCCCCTGTTTGCGGCTGACGCCGCTCCTACAGTTCGTGGCTGACGCCGCTCCTACACAACTACATTTTGCGACACTTTGAGTTTAGCCATCTTGCCCTTTGCCACTATTTTGCGCCAAAAATTTTACGGTGCGAAATCCTAAGAGAGGGGACGAAAGATGGAGTGGCAGCAAAGTTGGCTAATTGCGCTCACTTCAGGTAGTGCTGCCTTGACGCTCTTCTTGACCGTTTGGGTTCTCGTCCTTTCACTGAGATTGAAGCGATTGACACGCTTGATGAACCAACTTTTGCCTGAGGGTTCGGAGCGGTCTTTGGAACAGTTGCTTGAGCAGTTGCTCATCAAGCAGGAGGAGAACCGAACCCTTCTGGCTTCTTTGGAGAACCGTGTTGAGCAACTGAACTTGCTCCTGCAAGGTTGTTTGCAGCGGGTGGGTTTGGTCCGCTTTGATGCCTTTGAGGATATTGCGGGGCAGCAAAGTTTCTCAGTCGCACTGTTGGACAACCGAGGCAACGGCGTGGTCATAACTTCGCTGTTCGGGCGAACTGAATCCCGTTGCTACGCAAAGCCGGTCATTAAGGGCAATTCGCCCCACAGGCTCTCCGACGAGGAAATGGCTGCCATTAAACAGGCTATGGAGCAACCCATTGGGCAGCGGGAGGGAAGATGAAATGCGTGAAGGTGAAGAGGTGGAGCGACTGTTGACGCAAGCCAATGTTGAGCGGATGAGGGGAAATTTTTTGGCGGCTCGCAGGTTGATTG
NZ_CP130454.1_gap98	3232129	3236775	4646	GCGAGCAGGTAGCATTAAAGTTACCGTCCGAAGCGCAAAGACGGATAAGCCAGTTCCCGCCAGTGTCTATGTTGTTAACGCTGATGGATTGGAAATTGCCTACAGTTTCAGCGATTGTGAGGGAGAGGCATGGCTTGAGAACATACCGCCGGGCGAATATTTCCTGCGAGTTTGGAAACCTTTGCATCGCATTGCCAAAGTGCCTGTTACTGTCAAGGCTGGAGAAGTAACTGAAGCGAAGGTCACGCTTGAACCCAAAGAGTGAGGCTCCCCAAATTACAAACTGTAAGGCTAACGGCAGAGGTGCCTAAGGTGCGCAAAGCAATTGTGGGGCTTTTCGCTTCGCTCATCCTTTTCATGGATTTCAAGCCCAAAGCAGTGAGCCAACCAAATTCAAACTTAGTTCGCAACGGGAGTTTTGAGCGGGTGCGGGTTGGTTGGGTGTTTAGCGGTGATGCCGAAATCGCCCAACAGTCAGATGCACCACATAGGCAGAAAGTTTTGCGATGCAGCCGAAATGGTGACATGGCAAGGCAAGTCATCATCGCTGAGCCGTCAACTCAATACGCCGTCAGCCTTTGGGTGCGAACAAAAGATGTCAAGCCCATTTCGGGCTCTGGCTACGCCTACGCTGCCATCTACGAGTTTGACTTTCACGGTAACTTGGTGGCTTTTCGGGATTGCGTCCAGTTGAGCGGAACGCAGGGGTGGCGACGCTTTGACGCAACTTGGGAAACGCACCAACGGACTTTCTACTTTGAGGTTCGGCTCGGACTTTACAATGCCGAAGGAATTGCCCAGTTTGATGCCGTGCAAGTTGTTCAGGGCAACAAAACTCCACAGCGATATGAGGAAGCGCCGACGGCAAAAGGTGGAGTGGCGCTGATTTTGCACGAACCTAACTTCCCGCAAAACCCTGCATCGCCGTCGCCAGAAAAACTTGCGCATTGGCTCTCCCTCGCAGATTACAAACCGCAAATCGTTTCGGCTGAGCAACTTGCCGACTCAACATGGATTGAAGCAAACAGAAGCCGCATTGGGCTTTTAGTTCTGCCCAATTCGCCCTACTTCCCGCTGGAAGCCCATCGCAACTTGCTTCGTTTGCTTGTCGGCGGTGTTGATTTGCTGACCTTCGGTGGTTACGCCTTTGATGTCCCGATGGCGAAAATGCCAGCAGGTTACAAACCCATTCGCTACGGTCAACCAATTTCTGCAACGCTGCTCAATGTCAACCCTGACTTTGAAACCGTTGCAACTGACGGCAGCGTTGAGGGTTGGGAAGTTTCTAACCCGCAGCAATGTTTCATCTCGGATTGGGTGGCGAAAAGCAGGAAACGAAGCGCAGGGGTTAGCGTCACAGGCGAAGCAGGTTCGGCGATTTGGAAAACGAGCGTGAGCGTGCAAGCAGGCGAGCGGCTGAGAGTTTCGGGTTGGGTGAAAACCGAGGGAGTGAAGGGGACAGGCTACGCCTTTCTCGCATACTATCCATTCGCTGGTGACAAATGGGTCAAACCGAGAGACATCGCTCAAGTTCGCGGCACTTCCGATTGGCAGCACTTCGTTGCTGATTTCGTCGTTCCCTATGGCGTTGACCGAGTGGAAGTCAGGTTCGGCATCTACAATGCTTCAGGGACGGCGTTTTTTGACGATGTGAGAGTTGAGCGGATAGAACTTCCGCCTTGCCTGAACACCCGCTACGGCAACCCGCAGGATGGTTTGGAGACTTCGCCACTTCAACTGGGAATTTTTGACGCTCATTACCCGCTGCGAAATGCCGTCAGGCTGGAGGCGAAGGGTTGGGTTTGGGAGACCAAAGGAACGCAAATCAGCGGTTACTCAGCCGTCGGCGTTTTGCACGCAAGCGCTCTTTGGAAACCCATCATCTTTGCCCTTGACCGATTTGGGCGGATTTGCGGGACTGCTGGAGCAGTCATGCACCACTACGCAGGCGTTTTCGCTGGCGGCAATTGGGTTTTCTTCGGCGTTGACAACTTTGACCTGACGGCACTGCCCAAGTTCAACGAAAGCGTTTTGCTGCCATTGCTGAAGCACTTGCGACGAAGCGTCTTCATGCACGGGCAGAAAAGCAAATTCGCATGCTACCGTCCGCATGAACCGATAGAGGCAACTGTCAATGTCAGCAACTTTGGTGGCAGCGAATTTATCGGTCAAGTCGTTTTTGCCCTTTCAGAACTTGAAGACGGGAGCATGACCAAAGGGCAAAAGTTTGCCGAAAAGTTAACCACTTCCTTCAAAGCGCCAGTCAAAGTTGGTTCGGGCGAAATTGTGGCTGTTAACGCTCGTTGGACTGACTTGAACTTGAGGGAAGGTCTCTACCGCATCACTGCGAGGCTGCTTGACGCAAATGGCAGTTTGGTTGATGAGATGGAATCGGGATTCGTGGTTTGGGACGGGCAAACTTTCACCAAGCGGCTGAATTTCCGCTACAGCGACAACTACTTCTGGCTCAACGGCAGCCCTACTTTCCTGCTCGGCACAGACACTTGGGCTAATTGGTTTCACTCGCCGTCTCAATCCGACCCACTCTTTTGGAGGCAGCAAATTTGCATGATGAGAGACGCTGGCTTGACAGTTTTTGAAAACCTGCAATGGACGCCACCGAATTATCGGTTCAGCGAGGTTGATTGGCGGAAGTTGGATGCCATGATTTGGCTCAGCCACCGAATAGGCATCGTTTACATGGCTGGGTTGCTTATCGGGCACGATGTAGCCGTTGACGACGAAACTTTAGAGCGACAAGCAAAATTCATCACCGAGTTTGCGGAACGATATCGCAATGCTGACGGGCTGATTTACTACCTGAACGGCGACTATCAGTTGCGACCGAAGACGCCCGAGCAAACCGACCTTCGTTGGCAAATCCAGCAGACGCTCCGTTGGAACGAGCGCTTGGTTGCAGCCATCAAATCCGCAGACCCGAACCATCCTGTGACCAGCGAATACTACCAAGTGCCTGTCGGTGGCATTAATTTGCGCTTGACAATTGATGGACTGAACATCTCCAACATCGGCTACTTTGACGAGCCAACGAAAGACCTTCGCAGGTTCGCAGCCGTTTTCAAACTCACGGACATGAGGCTTTACGGCAAGTCATTGAACATTGGCGAGTTTGGCGTCAAAACTCATCCTGCTTGGGAGCGGGAACTCGGCGCTTCTGGTTACCACATCCGACGAACCGAGGAAGAGCAATGGCAACTTATGCTCTTGCTGCCGCAGTTGGCTTTCGGGCTTGGAGCAAGCAAAGTTCAAAATTGGTGTTGGCGTGACGATGACGACCGAGTTTTCCCTTGGGGCTTGATTTACCCTTGCGACAATGTGCCGAAGCCCGCATTGAAAGCCTATCGGGCATCTGCTTTGATTTTGCGCTCGTTGAAACCTGTTTGGCGCAAACCTGAGGTTCTGCTCGTCGTGCCTGACAGCAACCGAATGCTTCCTGATGGTGCAAAAGTTTGGCACGCAGCACTCGTCGCAGCCCAAACTCTTGCCAGTTTGCGGGTTGACTTCGCCGTCGCCAGCGATTTGAAACTCAGCGATGACTCGCTCAAAAGTGTCAAGGCAGTTTTTCTGCCCGGCGTTATCGGTGACATCCCAACGGAAACGGAAGTCGCTTTGAGGCAATTTGTGGAACGAGGTGGCGTTATCTACCGAAGCGGAGTGAGCGGAGAAGTTGCGATGGAGTGGGACATCCCTGATGTGAGTGAAGTGGACGAAGCGTTGCGAGAGCGCTACCGACAAATCCTTGAAAAGGCGAAAGTTGCGACCATCCGAACCGAGCCAGATTTGCCGACCATTCACGCCTTTCGCATCCCGCTTCAAAACGGCACAGCCTTCGTTTTCGTCAACGCTTCCGATGAACCCGTCACTTTCACTGCTTTCCTTCCCAATGCATCTTACGCCCATCGGGCATCACAAGTTACGCATTACGAATTACGCATCACGCCCCACGCCTTCCGCATCACAATGACTTTGGGCACATGGCAACCTGGCATGGTGGCATTTGACGAGCAAGGGCGAATTTTCCTCGTTGAAGGGAGTGGGCAAATTCTCCTTGACGGTGAACTGGTCGCCGAGGGTAACGGACACTTTGCTGCTTTCGCTGACAGTGATTTGAGGGAAGCCAAGCAAATTTGGCTTCTTCCGACCGAAGCGATAACAGTGATTTTGCGGCGAGCGAAAAACGCACCAAAATTGAAAATCGCAGAAGTTGGCGAGTGGCGTGGCGGCGAATGGTTCGTCTTGGAACGAGCATCTTTGTCCTGTCACGATGACGCAATCGCCGTCAAAATTTCTGATGACCTGAAGGGTGAGGTCATACAGGTAAAGTAACGAAGTGACTGAAAAGCAGCGTTTGAAAGTGTGCAAAGGTTGTGAAAGTTTGACGGAAGTTGAAAGGGCAATTTGATTTTGCCCTGATGCCTTCATGCACGGGTTGATTCGCTGGCTTCGTGAAACTGAAATCGTCCAAAACCTGCAGCGCGCTGTAAAAGGCAGGGCGAAACTGCAGGTTCAGGGGGGATTTTTGTCTTCGTGGGCAGCAATTTTGGCAGCAACCCTTTACGATTGGCAGCACCCAGCCCTGATCCTTGTTCCCGGCTCAGAAAGGTTGGCATCCTTCGCTGCAGATT
NZ_CP130454.1_gap99	3322926	3323506	580	GAAAAGGGGGCGAACTTCAATCTGAACGGGCAACCTTTGAGCGGCTGCCAAAGTCGCAAACGATGCCAAAACGGTCACAAACAACCCTAACCGCACAAGAATGCACCTGCCTTCCCTTGCTCGGAAATTCGCCACTGGTTTGACGAAATTTTGCCATCCTTCGTTCCGTAATGGCAAACTTGTGCTCGGAGGTGACGGAGATGGCGGAAGTCATCCAGAAAGTCATCACTTGGGAAGACTACCTGCAAGGTGAGCCAAAAGACTTGGAGTTTTACGAGATTGAGGACGGTGAGGTGATAGTTGTGGGAGCACCAAGCGGAGAGCACCAGTGGGTCGTCGGAAGCCTATATCGGCTGATGCACGAGTTCGCAACAAAGAAAGAATTGGGTGTGATTTTGCTTGCACCTTTTGATGTTGTTGTTCAGAGAGACCCAGTTCGCACTCGTCAACCTGACTTGCTTTTTCTTCGCAAGGAACGAGGCGGGACGCCAGAGCAAATTCGGCAAATAAAGCGACTGGAAATACCGCCCGACATCACCATTGAAGTCGTTTCGGCTTCTGAAGAAAGGGAGGCGGAGAG
NZ_CP130454.1_gap100	3330895	3333417	2522	TTCTTTTTGCACTTGGGCATGATACTCGGTTTCGTTTGGCTTGCCTTCACCGCTGCCGGGTTGCTGATGGAATTCCTCAATGTCTCCTTCCAAACCCGAGCCATCGCACTTTACGAAATTACCGTTTGGGCACATCTCTTTGCTGCTGAAACTTATGGAGTCACTGTTGTTTACCGCCGTTATCGCCAGTTTTGGCGCAAAGACACACTCCCTCAACTTTTGCTGACGGGCACACCGCCAATTTTGATTGTGCTGGCAATTCCCGTTTACCCACTTTTCATTCAAGCCTACATCGCTGTCCTTTGCCTGCCTTTCTACGCTGCCGCCAGCAATTTAAGCGGCATCCCTTGGTCAACGGTTTTTCTGGATGTCGTGGTTGTTGCTCTGATTGCAGCATTGCCCGAAGTGGTAGGATGGTTCTTCCCGTGGCTACTTTTGCAAGTCAGCCTTCATGTCAACCCTCTAAGGGGAATCTTTAGAGTTGCCATGTGGTCACACTTACCCCTGCTACTTACCCTACCCGTTCGCTTTTTTGCTTGGTCTGTGCCGACTTGGTCGCTTGTCATTGTTGGTGGCTTGTTGCTGTCATTCATTTCGTTTACAACTTGGGCTTGGTCTTTAGAGCCTCGCTTTTACCCCTCGCAAGTTAAAGTGCTTTGGTGGTCACATCGTGCTTGGTTACTTGCCACAGTGTTAATCTGCGGCTTGATGTGGGCTTATTGGTTTCCGCCAGATTTCGCTGCCAAAGTCGCTTTCTCGCTGGTCTTGATTCGGTTGCTTTTCAGCATGGAGTTTTTGTCTCTGACTTCAACAAAAGGCGACGAAGCACCGAGAATGCCAATCCGTTGGGCAAACGAGGAAGTCTTGGTTGCGAATGGGTTAATGCTCTCAGTTTGTGGACTTGCTGGTTGGGCGGAAGGCGTGGCGATTTCAAAAATTGCGTCTGTGCTGGCAATTGGCGCTTTGTTGGGCACCCTTCACTACATCACTCACAGTTTGAGCGCTAACTGGTGGCGGAAGGTCATAATGACGCAAAGGATGCCCTTAACTTGGTGGTTGGTGTTTTTGGTTTGGCTCGTCGCACCGCTCGCTTTGCTCGTCCCACCAATATCGCTTCTGGCTGGATTTCACGGTTGGTTACTGCCATTGACTTTAATGTCGACATCCCTTCAGCAGCAAATTTTTTCCAGTTGGTTTCAAGGCATCCGCATCTCACTGCCCCATTGGGGTTTGGTAGCAATCGTTCAACTTGCTTGGGCTGGGCTTTTGTGGGCACTGGAACGAACCTCTAAGTTGCCGCAAGTCCAGCCACAAGAAAAGCGAAGGGAATGGTTGACAGTCAACCATCCTGTCTGGGGTTGGCTGGCAAGATTGGAAAAGCGATTGTGCCAGCGGTTCGCCAATCCGTTAGTGACCTTGCAGTTGCGACAGCAGTCACGGGACAAAGTTTTGCACACCATGATGACAATCGGCGCGGTAGCAAACTTTTTGGTGCTGAGTGTTTGGCTTTGCTCCCACATTTTCCCAGAACAAGATTTCGTCGCTTTTGCCGAAGGGTTGCTAATTCGCTTGCCCAGTTTGGCTGGGCTTGCGGGTGCAATTTCGGCTTTCGTTGTCATCGTATTGCACGATGGAAAAGCATCCCTGTGGCTTTTGGGACGGAAGCGGGTGGTGGAGAGTTTCGTGTTAGCGCCGCTTTCGGCTGAACAATGGAAGTTTGGTTGGTGGTTCCCGAGATTTTGGTTTTGCCTGAAAGCAACGATACCTTACGCCTTCTGCGCTTGGCTCGGAATTTTTCTGCAACCCAGTTTGAGTTTTGCGTTAGTGGCAATTCTGGTCACCGCCAGTTTACCTGTCACTGCATTGGCTTTGGCTTTGACAAGTCTGTCTGGGAGCATGATGCGCCAGTGGGAAATAACTTTAGCGCTGCTTTTGATGTTGCCAATTGTGACTGGCATCGGAACCGTTTGCTTTCTGCTATCCCTCATCTCAGGTAAATGGCATGTCCACGCCCTTGTTTGGCTTTTGTGGCTCATTTTTAGCGCCATCCTTGCCGTTTCCAGTAAGTTCATCTTTTCCAAACGCATAGGACCCCTTCGGACACCGAGCGGCTACGAACAGTGGCTGAAACTTACCGAAGAGAAGTTCCGGAGGGCACGAATTTAACGGCTGTTCTCGGCTACGATTGCTGCGGTGAACGGAGATGAAACAAGAAGAGTTGCCGGCATTGATGTTGAGAGAGTTGCCGAGATTGTTTCGGGAACGCCATGAAAGTCGCTGAAACAGACTGACACAAAAGTTGCGAATCACAAGTTGTCCTCAAGTTTAGTGTTGCCGCATAATCAAAAGTCGGTGATGCGGATGGAGCAACCCCTTCGGCAAAGCACTGGGGTGAACTTGAGCGAAAAATTTCGCCAACTGGCTCAAAGGGCACAGGGTTTGACAGAAGCAACCTTGAGGCACGAATTTGTCCAGTCGCTTCGCGAGTTCGTCCTTCAGGCAACTGGCTATGACCCGTTACC
NZ_CP130454.1_gap101	3342381	3344445	2064	GGTCATAGAACGCCAACTGATCAGCAGAGAGGTAGAAGGTCACTCGTTTCGCTTCGCCGGGCTTTAGCGTAATTCGCTTGAAGCCTTTCAGTTCCTTGACTGGTCTAACTCTGCTGGCAACCACATCACGAACATACAACTGAACGACCTCATCGCCTTCTCTCTCGCCCACATTTTTGACCGTGACCGAAATTGCGACCGTGCCGGCGGGCGAAATCTTCTCAGGTGAGATTGTCAAGTCGCTGTATTCAAACTGCGTGTAACTTAGACCGTGACCGAAGGGGAATTGTGGCTTCGCAGGCATGAACATGTAGTCGCGGTGAGAGATTTGAGCGCGGTTGTAGTGCAAAGGAATTTGCCCAACCGCTCGTGGGAAGGTGACGGGCAACTTGCCTCCGGGATTGACATCTCCGAAGAGGACATCTGCAACGGCGTTCCCTCCTTCCTCGCCCGGGAACCACGCTTCAACAATTGCTGGGATTTTGTCAACGAGGTCACCGAGGGTCACGGGGCGACCGTTAATCAGCACTAAGACGACTGGCTTGCCTGTCTCAACGATTGCCCTAACGAGTTCCTCTTGATGTCCCGGCAAACTCAAATCCGTTCGGTCGCACCCTTCACCGACTGTCCCTGTGCCGAACAGACCTGACCTGTCGCCCACAACGAGGACAACAACCTCCGCCTGCTTCGCAACTTCAACGGCTTCAGGAATGCCTTCGGTCGTCCCTCCAAAAACTTCGCAACCCTTCGCATAGAGCACCTTCGTGTTGGGAGAGACTTTCGCCTTGATGCCCTCAAGGACCGTGACAATCGGGATAGGTGGCTCGGACAAGTTTAAGTGAGCCATGTAGGCATAGTCGCCGAGCATGTTGCGGGGATCATTGGCGTTTGGTCCGATAACGGCGATGCTTGACAAATCTTTCCGCAACGGGAGCAAATTGCCTTCGTTTTTGAGAAGCACGATTGACTTCTGAGCGACCAACCGGGCGAGTTGACGGTGCTCAGGGCAGTCAAATAGCGACGGAGCGACATCAGGGTCAACAAATGGGTTGTCAAACAATCCCAACCTGTCCTTGACGATGAGAACTCTCCGAACAGCCTCATCAATGAGCGCTTCCGAAATTAGCCCTTCTCTGACAGCGTCAACCAACCTGTTGTAACACTGGATGTCGGGTAGTTCAATGTCAATACCAGCGTAGAGGGCTTGGCAGGCAGCGTCCTTTTCGTCTTTGGCGACATGGTGGACATTGAATAGCATGTGAACGGCGCCGTAGTCGGAAACAACTATGCCATCAAACCCCCACTCGCCACGAAGGATGTCCGTTAGAAGTTCTCGGTAGGCTGCGCAAGGAATTCCGTCAAGGTCGTGGTATGCGTTCATTATGGATTGAACTTTTGCCACTCGCACTGCCGCTTCAAAGGGGAACAGGAAAATCTCTCGGAACTCTCGCGGACCGAGATGAACGGGGGCACAGTTGCGACCGCCCTCAGGCCAGCCGTGTGCAGCGAAGTGCTTTGCGGTGGCAATTACGCCTTGCTTCAAATCGTCGCCTTGCAAGCCCGAAATGTAAGCGACTGCCATGCAAGCGACCAAGTAATGGTCTTCGCCTAAAGTCTCTTCCGTTCGCCCCCATCTTGGGTCACGAAGGACATCAAGGACCGGCGACAAGCCCTGATGTGCCCCGACAGCCCTCATTTCTTTCCGAATTGCCGTCGTCATTTCCTTGACGAGGTCAGGATCAAAAGTGCTTGCAAGGTTGATGGCTTGTGGGAAGGTGGTAGCACCCCTTGCCATCAGACCGCTCAAACATTCTTCGTGCACGATGGCAGGGATGCCCAAGCGAGTTTCCTCAACGAGGAAACGCTGAATTTCGTTTGCCAATTGAGCGGCTTCTTTAGGTGGAAGATTGCTCCAACCTGCAACGCGGGTGATTTGACCAATGCCATGCTTGAGCAACTCACGCGCCTTTTCAATGTCAAATTTGCCTTCAGTCAAAAGTTTCCCGACGGGAATTGATTCTAATTGTGCGACCTTCTCTTCAAGCGTCATCTTCTCCAAAAGTT
